%Vec Object:dSdr_b_aug_1570 1 MPI processes
%  type: seq
dSdr_b_aug_1570 = [
2.4301158802953105e+03
0.0000000000000000e+00
-1.8334306087823016e-06
-7.5011200861864159e-07
-4.5919234537235844e-07
-3.2308303673982611e-07
-2.4216277966397088e-07
-1.9219170654666866e-07
-1.5832442464947322e-07
-1.3270664496963213e-07
-1.1369056506637663e-07
-9.9118941810063930e-08
-8.7242292269563519e-08
-7.7621190902424156e-08
-6.9735084612090872e-08
-6.3085475185476090e-08
-5.7403695458802385e-08
-5.2556647472882158e-08
-4.8366384401692816e-08
-4.4669430456567421e-08
-4.1430873579942831e-08
-3.8574807654588558e-08
-3.6007629319808100e-08
-3.4535704973405085e-08
-2.7142160063571167e-06
-3.7592008599062366e-04
-5.4453924726883293e-04
-5.0853153830474681e-04
-4.6555284348859439e-04
-4.1937449399429119e-04
-3.7873366855748950e-04
-3.3970672751320409e-04
-3.0289017979439063e-04
-2.6408239942873944e-04
-2.3252662321638382e-04
-2.0507054722506733e-04
-1.8105801580884132e-04
-1.5837855862777564e-04
-1.4120010727301259e-04
-1.2816772809099764e-04
-1.1786633588420424e-04
-1.0955109484088666e-04
-1.0435460392320074e-04
-1.0116613827177156e-04
-9.9400963902957564e-05
-9.8942631821059504e-05
-9.9397514618968435e-05
-1.0039052604251629e-04
-1.0184742465148837e-04
-1.0382006762102857e-04
-1.0555432474556259e-04
-1.0737582190507500e-04
-1.0922485284477341e-04
-1.1099701031203736e-04
-1.1247569387809102e-04
-1.1378925224771466e-04
-1.1503756628596123e-04
-1.1603431763958650e-04
-1.1684059605989246e-04
-1.1747312655164062e-04
-1.1802862493839093e-04
-1.1837229255309770e-04
-1.1854827371938118e-04
-1.1866251467381329e-04
-1.1868048091096103e-04
-1.1856019144414095e-04
-1.1837091135793677e-04
-1.1811981948725628e-04
-1.1778198026182831e-04
-1.1738298374587952e-04
-1.1695932651864881e-04
-1.1649021702458918e-04
-1.1598690616674274e-04
-1.1540713509355573e-04
-1.1484813457664748e-04
-1.1426230824064836e-04
-1.1361672207174294e-04
-1.1300632948944424e-04
-1.1238571627815338e-04
-1.1167587519130090e-04
-1.1102674728273307e-04
-1.1037377640849102e-04
-1.0965229108948836e-04
-1.0899201754966775e-04
-1.0833507756219056e-04
-1.0757008249193998e-04
-1.0691086380348094e-04
-1.0623098254196972e-04
-1.0549007392791401e-04
-1.0483350223796940e-04
-1.0413716182814360e-04
-1.0340219389016919e-04
-1.0274307514847090e-04
-1.0202432030025996e-04
-1.0133095180378315e-04
-1.0068345254823264e-04
-9.9935383656163165e-05
-9.9274197219256563e-05
-9.8615021249285972e-05
-9.7854860229951388e-05
-9.7240296680192861e-05
-9.6549301076779420e-05
-9.5843057446053906e-05
-9.5229092353592566e-05
-9.4480366672282953e-05
-9.3846749010645928e-05
-9.3207159443272594e-05
-9.2484016851124355e-05
-9.1881263278189177e-05
-9.1182747664864382e-05
-9.0521068372613570e-05
-8.9912409686296690e-05
-8.9196266888799273e-05
-8.8600326792261883e-05
-8.7923791233881642e-05
-8.7286146732330189e-05
-8.6654528067674766e-05
-8.5983513491177238e-05
-8.5392878013320332e-05
-8.4698423232628829e-05
-8.4114972662971069e-05
-8.3464638081056822e-05
-8.2820834017288428e-05
-8.2246634170806104e-05
-8.1542771324726366e-05
-8.0995445730094022e-05
-8.0319346767413532e-05
-7.9735549496727683e-05
-7.9111518023585963e-05
-7.8489642920709062e-05
-7.7892145756988150e-05
-7.7259786055852746e-05
-7.6694917983786176e-05
-7.6027632811422548e-05
-7.5491742559803210e-05
-7.4826171511561319e-05
-7.4267966140680072e-05
-7.3645741095098162e-05
-7.3054592022913896e-05
-7.2463897335712016e-05
-7.1864075559536887e-05
-7.1283545764495136e-05
-7.0677898140123472e-05
-7.0109762949644274e-05
-6.9483635996319139e-05
-6.8950002732176744e-05
-6.8301166073336298e-05
-6.7783249858831932e-05
-6.7140260664742203e-05
-6.6618057699360499e-05
-6.5979847681779492e-05
-6.5459059763562789e-05
-6.4813503650100823e-05
-6.4310257035543307e-05
-6.3657697957933220e-05
-6.3155986996349302e-05
-6.2516376171007669e-05
-6.2004666122994923e-05
-6.1373719647134293e-05
-6.0855619548563561e-05
-6.0226193357568850e-05
-5.9715641922872977e-05
-5.9086114901966153e-05
-5.8566115131572341e-05
-5.7962676385291402e-05
-5.7415714503460966e-05
-5.6840772016989011e-05
-5.6272232501684429e-05
-5.5707229533703080e-05
-5.5132225431346841e-05
-5.4577753111706803e-05
-5.3988557744341372e-05
-5.3458918331784682e-05
-5.2839326158249802e-05
-5.2327032789476601e-05
-5.1707131952943714e-05
-5.1178828424595345e-05
-5.0588697066644936e-05
-5.0022170692163606e-05
-4.9471673362197064e-05
-4.8866451611924448e-05
-4.8346368658608321e-05
-4.7716878778476571e-05
-4.7185919370258156e-05
-4.6594282446030094e-05
-4.6027161165640083e-05
-4.5465933841673050e-05
-4.4865964390495248e-05
-4.4332882781654209e-05
-4.3702030508474052e-05
-4.3158285536129947e-05
-4.2566534213905851e-05
-4.1980472030591793e-05
-4.1428141561805671e-05
-4.0794960864757459e-05
-4.0241626248825065e-05
-3.9647152251676796e-05
-3.9048288944833307e-05
-3.8489391687450585e-05
-3.7851001606829511e-05
0.0000000000000000e+00
];
