%Vec Object:dSdr_b_aug_8790 1 MPI processes
%  type: seq
dSdr_b_aug_8790 = [
2.2811764969746437e+03
0.0000000000000000e+00
-6.6201674703684355e-07
-2.7391613956243885e-07
-1.7066079186664420e-07
-1.2133770657009694e-07
-9.0940163115315332e-08
-7.2141068864061267e-08
-5.9399261622390044e-08
-4.9829702216070476e-08
-4.2722907949019584e-08
-3.7274142560999542e-08
-3.2840158832908176e-08
-2.9248434000500108e-08
-2.6303582067488082e-08
-2.3820706823868189e-08
-2.1700570844911797e-08
-4.9641162559219022e-07
-6.9250571356303098e-04
-7.8152246321525954e-04
-7.3990120136499331e-04
-7.0117964405475540e-04
-6.6324744960940759e-04
-6.2545288203972422e-04
-5.8349534034400391e-04
-5.4297809275488619e-04
-5.0412028844074204e-04
-4.6486787399487424e-04
-4.2458193240536623e-04
-3.8150826479777390e-04
-3.4360045391545015e-04
-3.0715730758500490e-04
-2.7274694280556206e-04
-2.3644968713639120e-04
-2.0692302100157084e-04
-1.8122105938396459e-04
-1.5873816902740680e-04
-1.3750586498925319e-04
-1.2142449458007368e-04
-1.0922894615052278e-04
-9.9606090525189512e-05
-9.1853920926731009e-05
-8.7030412628129607e-05
-8.4098667701769560e-05
-8.2508697240442157e-05
-8.2156500238083125e-05
-8.2663813384690444e-05
-8.3679719079159752e-05
-8.5134688946462435e-05
-8.7093668417944151e-05
-8.8818093501396447e-05
-9.0624238008448567e-05
-9.2465201200210508e-05
-9.4239841067241613e-05
-9.5728925103256629e-05
-9.7065552641978505e-05
-9.8353205607467262e-05
-9.9395126373890295e-05
-1.0025405094261118e-04
-1.0095325649208002e-04
-1.0158693149847231e-04
-1.0201013462600664e-04
-1.0227457686286812e-04
-1.0249508208168784e-04
-1.0261038425532712e-04
-1.0259344356484439e-04
-1.0251877630041758e-04
-1.0238587299199489e-04
-1.0216266984321521e-04
-1.0188481389532454e-04
-1.0159024753337343e-04
-1.0124039707579655e-04
-1.0085687095669005e-04
-1.0041907669874733e-04
-9.9982463368725245e-05
-9.9518284620065273e-05
-9.9016897245278389e-05
-9.8528266025205204e-05
-9.8028954951098697e-05
-9.7466858861660819e-05
-9.6939844626475465e-05
-9.6410329797943478e-05
-9.5832413370204996e-05
-9.5293580019491987e-05
-9.4758957063172043e-05
-9.4138856188072791e-05
-9.3600589283113474e-05
-9.3044587695954699e-05
-9.2442576906535463e-05
-9.1904950559249416e-05
-9.1334439326352319e-05
-9.0735082793988968e-05
-9.0193886552484727e-05
-8.9604481447798842e-05
-8.9038364637200178e-05
-8.8506764170626716e-05
-8.7892248973894159e-05
-8.7353227469272139e-05
-8.6810254165733264e-05
-8.6186150130070001e-05
-8.5686131246020365e-05
-8.5115648711582364e-05
-8.4537504672384334e-05
-8.4036528498014306e-05
-8.3418411680999640e-05
-8.2901741370704706e-05
-8.2377734369809132e-05
-8.1782807946877801e-05
-8.1290936972908470e-05
-8.0718371731005334e-05
-8.0175251123902689e-05
-7.9678038402085445e-05
-7.9091836896743928e-05
-7.8603228585464067e-05
-7.8051096473108624e-05
-7.7528627801189988e-05
-7.7011278191512901e-05
-7.6463853322753037e-05
-7.5980760715384457e-05
-7.5412237220628045e-05
-7.4938581098359393e-05
-7.4405129548681261e-05
-7.3879778387243416e-05
-7.3415041647073730e-05
-7.2836301917906710e-05
-7.2393978516879120e-05
-7.1842548550236316e-05
-7.1365257772522232e-05
-7.0861498164530255e-05
-7.0353121551431798e-05
-6.9867865836436131e-05
-6.9355426415662115e-05
-6.8896075128385594e-05
-6.8354891531168012e-05
-6.7921645395018436e-05
-6.7381120617288209e-05
-6.6929783195824122e-05
-6.6426164390111350e-05
-6.5947170909744010e-05
-6.5470537340353902e-05
-6.4986260289896615e-05
-6.4516332670606249e-05
-6.4030165506192906e-05
-6.3570500032771566e-05
-6.3065900514241592e-05
-6.2639384473460252e-05
-6.2113305132315241e-05
-6.1701480573095083e-05
-6.1182561587922634e-05
-6.0763744328452173e-05
-6.0253962123507384e-05
-5.9835651471756856e-05
-5.9319129373443828e-05
-5.8917939596438521e-05
-5.8395239226747718e-05
-5.7996329560768925e-05
-5.7485295756092512e-05
-5.7077603073707952e-05
-5.6575188550445947e-05
-5.6163571423872911e-05
-5.5661468934966603e-05
-5.5259753333468632e-05
-5.4755959506878546e-05
-5.4346742931966676e-05
-5.3868628436287980e-05
-5.3434584216348194e-05
-5.2983173654799956e-05
-5.2531636138513809e-05
-5.2087687028919836e-05
-5.1634173665127181e-05
-5.1197690451476041e-05
-5.0734788142294401e-05
-5.0319241413008572e-05
-4.9832369041184344e-05
-4.9431809794642226e-05
-4.8944919507249189e-05
-4.8532334794472468e-05
-4.8071286126207431e-05
-4.7627488237459674e-05
-4.7201078081564480e-05
-4.6725970534588105e-05
-4.6324012188899113e-05
-4.5833194671184554e-05
-4.5420082657349229e-05
-4.4963703318977171e-05
-4.4522057038214340e-05
-4.4088987393546722e-05
-4.3624383133555888e-05
-4.3213428351190572e-05
-4.2726285147110409e-05
-4.2307371178463630e-05
-4.1851091039352560e-05
-4.1400480360962694e-05
-4.0975693651751123e-05
-4.0489869785579692e-05
-4.0064952659159100e-05
-3.9609377113945350e-05
-3.9151752213611886e-05
-3.8721684406176396e-05
-3.8231235133592142e-05
0.0000000000000000e+00
];
