%Vec Object:dSdr_b_aug_420 1 MPI processes
%  type: seq
dSdr_b_aug_420 = [
2.5366467123426637e+03
0.0000000000000000e+00
-4.1495833669179762e-06
-1.6807163192473553e-06
-1.0127853507125869e-06
-7.0664690209011798e-07
-5.3031554634144628e-07
-4.2157405101090884e-07
-3.4788307066024724e-07
-2.9173688129536521e-07
-2.5007271239111313e-07
-2.1816031989330787e-07
-1.9210611742035605e-07
-1.7099615542027820e-07
-1.5369616806065344e-07
-1.3910492877776956e-07
-1.2663327970621255e-07
-1.1599505728157848e-07
-1.0679878215531840e-07
-9.8683182363074356e-08
-9.1574440007107895e-08
-8.5305901960076913e-08
-7.9670383380255786e-08
-7.4632697353199732e-08
-7.0113413929173944e-08
-6.6012232389406778e-08
-6.2282731074212401e-08
-5.8893124986987860e-08
-5.5792092634683287e-08
-5.2978343001642264e-08
-5.4162528719225531e-08
-3.0548963341544177e-07
-8.2750930042042910e-06
-8.8051603196629704e-05
-1.9239773293393210e-04
-2.0541401809124401e-04
-1.9099604270584358e-04
-1.7058619055666086e-04
-1.5375639534297112e-04
-1.4056644406229335e-04
-1.2997570832887166e-04
-1.2135900884416612e-04
-1.1594910099845999e-04
-1.1260733435375408e-04
-1.1073487211369714e-04
-1.1021115669764448e-04
-1.1063427959871305e-04
-1.1161398055223366e-04
-1.1307342655859490e-04
-1.1505600448007430e-04
-1.1679732781823107e-04
-1.1862941818456240e-04
-1.2048403664076179e-04
-1.2225462581110988e-04
-1.2372638086653587e-04
-1.2502447529395971e-04
-1.2624638036901861e-04
-1.2721279715636116e-04
-1.2798371301999046e-04
-1.2857145321691803e-04
-1.2907443270255547e-04
-1.2936466755858768e-04
-1.2948121912769968e-04
-1.2952406974250631e-04
-1.2947664367733033e-04
-1.2928692233218401e-04
-1.2902064298748599e-04
-1.2869014961713809e-04
-1.2827529552137049e-04
-1.2779491433902377e-04
-1.2728453133352855e-04
-1.2673530125496403e-04
-1.2615151665958596e-04
-1.2547636290045729e-04
-1.2483514032118033e-04
-1.2416758881651966e-04
-1.2342512725901513e-04
-1.2273293310571847e-04
-1.2203082685323544e-04
-1.2122172803273070e-04
-1.2049056190918580e-04
-1.1975465100711728e-04
-1.1893671356409143e-04
-1.1819485430317794e-04
-1.1745573952941112e-04
-1.1659340201087373e-04
-1.1585292575019157e-04
-1.1508981992640885e-04
-1.1425559734295732e-04
-1.1351911606536726e-04
-1.1273824137164217e-04
-1.1191216728935322e-04
-1.1117382608239334e-04
-1.1036817178802059e-04
-1.0958931335898448e-04
-1.0886395122518756e-04
-1.0802615863633742e-04
-1.0728289964780080e-04
-1.0654565667485927e-04
-1.0569409023584036e-04
-1.0500257356487636e-04
-1.0423061544829168e-04
-1.0343831282927582e-04
-1.0274844032752802e-04
-1.0191196990574436e-04
-1.0119978551337889e-04
-1.0048254610562489e-04
-9.9673266240837109e-05
-9.8996020347751369e-05
-9.8212889671143275e-05
-9.7471561167999333e-05
-9.6788031707343493e-05
-9.5984592711879802e-05
-9.5316545825726665e-05
-9.4556434492862107e-05
-9.3841413475331080e-05
-9.3133027489214305e-05
-9.2378983849133485e-05
-9.1716099819594458e-05
-9.0937042892726101e-05
-9.0279831149969481e-05
-8.9550973195104752e-05
-8.8827591107815549e-05
-8.8179852724648526e-05
-8.7391930738837121e-05
-8.6774063541534359e-05
-8.6014210551652035e-05
-8.5358861103633011e-05
-8.4654029688092120e-05
-8.3955905116938083e-05
-8.3283003000007356e-05
-8.2570079614450087e-05
-8.1934324355824946e-05
-8.1182322859994514e-05
-8.0577475364218608e-05
-7.9827897009191324e-05
-7.9197896810699115e-05
-7.8495991014541642e-05
-7.7829494862740334e-05
-7.7162173033347502e-05
-7.6484727444463006e-05
-7.5829894352787190e-05
-7.5143978912361811e-05
-7.4502973126594726e-05
-7.3795203266655373e-05
-7.3189608123756531e-05
-7.2458302417590620e-05
-7.1869113424910400e-05
-7.1142773284557512e-05
-7.0551115569416866e-05
-6.9826627240277193e-05
-6.9236995022926533e-05
-6.8504753508873319e-05
-6.7932945212845317e-05
-6.7193146888155670e-05
-6.6622374308803313e-05
-6.5896385513672940e-05
-6.5314797117589388e-05
-6.4597503209622482e-05
-6.4007868616615442e-05
-6.3292907030464276e-05
-6.2709240750526461e-05
-6.1995247243009545e-05
-6.1400824777332912e-05
-6.0713194726241648e-05
-6.0090376704992614e-05
-5.9432447572872098e-05
-5.8785308639293641e-05
-5.8138984521356453e-05
-5.7482366191554987e-05
-5.6848632546816597e-05
-5.6174597699280363e-05
-5.5568315746866614e-05
-5.4859567848177969e-05
-5.4272217917683103e-05
-5.3562967754571690e-05
-5.2956932685347736e-05
-5.2280093073034435e-05
-5.1631128725424594e-05
-5.0997282346780464e-05
-5.0304664694284136e-05
-4.9705242952652089e-05
-4.8982613334835732e-05
-4.8372508222286043e-05
-4.7690034071112738e-05
-4.7038653530141956e-05
-4.6391372321741143e-05
-4.5700517098266305e-05
-4.5085456472851061e-05
-4.4358144892486448e-05
-4.3730648366358442e-05
-4.3048035270278003e-05
-4.2371181572374416e-05
-4.1733462630357764e-05
-4.1001739749416592e-05
-4.0362873497920619e-05
-3.9676433994992651e-05
-3.8985559689597979e-05
-3.8348203954253428e-05
-3.7653510650952567e-05
0.0000000000000000e+00
];
