%Vec Object:dSdr_b_aug_6960 1 MPI processes
%  type: seq
dSdr_b_aug_6960 = [
2.3025179912579051e+03
0.0000000000000000e+00
-7.6004252683668572e-07
-3.1435853042701830e-07
-1.9565118628244459e-07
-1.3907847774994426e-07
-1.0434841240746059e-07
-8.2872600023548993e-08
-6.8315743114662025e-08
-5.7368967805139785e-08
-4.9239255552748966e-08
-4.3006490379192515e-08
-3.7931706063906866e-08
-3.3820329543721609e-08
-3.0449372725267391e-08
-2.7606635844491527e-08
-2.5177351219308964e-08
-2.3116696263634929e-08
-2.2104617673413777e-06
-7.2708510213341808e-04
-7.4918741308643692e-04
-7.1036142781422107e-04
-6.7196972416627449e-04
-6.3372294776873521e-04
-5.9126808518800025e-04
-5.5028431255906907e-04
-5.1098908542670943e-04
-4.7130068175198073e-04
-4.3057549190494770e-04
-3.8704489059534206e-04
-3.4873724305516346e-04
-3.1191629931722343e-04
-2.7715412762700651e-04
-2.4048981224337562e-04
-2.1066647359818357e-04
-1.8470804616608485e-04
-1.6200150958104652e-04
-1.4055761968600913e-04
-1.2431584686383519e-04
-1.1199794675973282e-04
-1.0227588339378420e-04
-9.4441388024891338e-05
-8.9563346661621863e-05
-8.6594067198195743e-05
-8.4978480633105715e-05
-8.4610765960858696e-05
-8.5110413509008695e-05
-8.6122972017009037e-05
-8.7578224020085245e-05
-8.9539201341181287e-05
-9.1265064072319012e-05
-9.3073453378161573e-05
-9.4915596249525551e-05
-9.6689873271312314e-05
-9.8177436767448914e-05
-9.9510691493146408e-05
-1.0079259286948406e-04
-1.0182790957624929e-04
-1.0267913692074515e-04
-1.0336859410083942e-04
-1.0399083911234227e-04
-1.0440241355972709e-04
-1.0465392212371695e-04
-1.0485889069547926e-04
-1.0495996161322544e-04
-1.0492791053806184e-04
-1.0483648599177846e-04
-1.0468630259708042e-04
-1.0444633876218543e-04
-1.0415077111681820e-04
-1.0383733065774426e-04
-1.0347004359478927e-04
-1.0306900400665944e-04
-1.0261045161657136e-04
-1.0215594431598850e-04
-1.0167397973082528e-04
-1.0115150934892235e-04
-1.0064507565549486e-04
-1.0012802924940079e-04
-9.9544331666074305e-05
-9.8999463443811531e-05
-9.8451898361632964e-05
-9.7852991018021292e-05
-9.7296402146844469e-05
-9.6743895467583268e-05
-9.6102609904473330e-05
-9.5546658885710311e-05
-9.4972545102591860e-05
-9.4350226341235322e-05
-9.3795209236324304e-05
-9.3206300768889031e-05
-9.2587116758431929e-05
-9.2028679300048362e-05
-9.1420362222421994e-05
-9.0835640191743442e-05
-9.0287094390554439e-05
-8.9653052568042764e-05
-8.9096169567452841e-05
-8.8536206499191506e-05
-8.7892209836165050e-05
-8.7375443600176485e-05
-8.6787341077663828e-05
-8.6190467832148129e-05
-8.5672971754466475e-05
-8.5035758854653515e-05
-8.4501989885586677e-05
-8.3961083768332607e-05
-8.3347411093444130e-05
-8.2839328176187286e-05
-8.2248347960020825e-05
-8.1687893102919614e-05
-8.1174386068523537e-05
-8.0569186083163818e-05
-8.0064884985000685e-05
-7.9494564070284644e-05
-7.8955255748129765e-05
-7.8421199065681514e-05
-7.7855704368664488e-05
-7.7356888110820558e-05
-7.6769952429486959e-05
-7.6280243457214195e-05
-7.5729702648413499e-05
-7.5187032699758263e-05
-7.4706291553236929e-05
-7.4109257796342370e-05
-7.3651582209883755e-05
-7.3081924610723475e-05
-7.2589061705841614e-05
-7.2067717360795725e-05
-7.1542746332743423e-05
-7.1041079991684906e-05
-7.0511107236916182e-05
-7.0036328523021563e-05
-6.9476707834815511e-05
-6.9028454278433735e-05
-6.8469646702483188e-05
-6.8002684300421439e-05
-6.7481724279769758e-05
-6.6986332720807257e-05
-6.6493022468597622e-05
-6.5991851818764124e-05
-6.5505753240111496e-05
-6.5002117037943219e-05
-6.4526592385751453e-05
-6.4004224542692876e-05
-6.3562047066388831e-05
-6.3018019578986028e-05
-6.2590683527948443e-05
-6.2053624438057723e-05
-6.1619691315171972e-05
-6.1091131885061291e-05
-6.0657838187396977e-05
-6.0122450227987323e-05
-5.9706338870993516e-05
-5.9164652058492614e-05
-5.8750711961724945e-05
-5.8220879101855000e-05
-5.7797978183274705e-05
-5.7276771187648068e-05
-5.6849585326144626e-05
-5.6328867013103490e-05
-5.5911238660929907e-05
-5.5389061545903175e-05
-5.4963647489843740e-05
-5.4467209485681113e-05
-5.4016655695431144e-05
-5.3547183664544084e-05
-5.3078539399068579e-05
-5.2616891116667096e-05
-5.2145614694252262e-05
-5.1691880378086713e-05
-5.1210512847555126e-05
-5.0778284677538216e-05
-5.0272007410030023e-05
-4.9855111528352813e-05
-4.9348773794164800e-05
-4.8919269803936026e-05
-4.8439347919486551e-05
-4.7977605816621110e-05
-4.7533052754817306e-05
-4.7038921049355856e-05
-4.6619691466555741e-05
-4.6108598384813853e-05
-4.5678255503702484e-05
-4.5202099672500185e-05
-4.4742107055051171e-05
-4.4290298666798254e-05
-4.3805901629832716e-05
-4.3377089325745268e-05
-4.2868932665474945e-05
-4.2431764788481352e-05
-4.1955674193061005e-05
-4.1485254637749742e-05
-4.1041813174913923e-05
-4.0534434182917154e-05
-4.0090724559064640e-05
-3.9614810512678400e-05
-3.9136470943260943e-05
-3.8687386858906093e-05
-3.8174352921813976e-05
0.0000000000000000e+00
];
