%Vec Object:dSdr_b_aug_2860 1 MPI processes
%  type: seq
dSdr_b_aug_2860 = [
2.3816544215835456e+03
0.0000000000000000e+00
-1.2961722388875144e-06
-5.3291330337647818e-07
-3.2862759580326364e-07
-2.3229359677027942e-07
-1.7424621155910277e-07
-1.3837971011152555e-07
-1.1406996724893875e-07
-9.5723543784027196e-08
-8.2102102805573823e-08
-7.1662180775480449e-08
-6.3155558926317320e-08
-5.6263945856881637e-08
-5.0614407490510692e-08
-4.5850155407195469e-08
-4.1778796671385612e-08
-3.8305225253489314e-08
-3.5301988467800326e-08
-3.2651669184739431e-08
-3.0330661935158609e-08
-4.4874503010797520e-08
-9.9248828892405244e-05
-6.5222952244226311e-04
-6.1872944654233440e-04
-5.7631910298819203e-04
-5.3547178776654409e-04
-4.9422963090381682e-04
-4.5193880919513140e-04
-4.0677952435664400e-04
-3.6704670776777472e-04
-3.2887915114375617e-04
-2.9286300653710932e-04
-2.5489035153167196e-04
-2.2400955986606738e-04
-1.9713699128386155e-04
-1.7363329603715922e-04
-1.5143523534365041e-04
-1.3462172873411550e-04
-1.2186772190965931e-04
-1.1179204541174692e-04
-1.0366411053236145e-04
-9.8591692631179901e-05
-9.5488625417790369e-05
-9.3781732875449633e-05
-9.3358706839412897e-05
-9.3831030771350478e-05
-9.4831658130779286e-05
-9.6287915281565635e-05
-9.8256013216590273e-05
-9.9986999831561620e-05
-1.0180339004005414e-04
-1.0364973735113246e-04
-1.0542272069719673e-04
-1.0690486408528967e-04
-1.0822609652267310e-04
-1.0948749677147410e-04
-1.1049927384467006e-04
-1.1132306512087862e-04
-1.1197777519133955e-04
-1.1255927915728445e-04
-1.1292940438352253e-04
-1.1313481225121097e-04
-1.1328440215143992e-04
-1.1333474731615133e-04
-1.1324883694980288e-04
-1.1309768295585318e-04
-1.1288590664863373e-04
-1.1258620124726098e-04
-1.1222750227802086e-04
-1.1184678726912252e-04
-1.1141734946562523e-04
-1.1095388519769171e-04
-1.1042134292244384e-04
-1.0990305469401780e-04
-1.0935769461432620e-04
-1.0876007637551704e-04
-1.0819018789026562e-04
-1.0760992601133623e-04
-1.0694923249268681e-04
-1.0634072586900995e-04
-1.0572882281821664e-04
-1.0505509587450430e-04
-1.0443521957695244e-04
-1.0381896851172106e-04
-1.0310217267334020e-04
-1.0248318875225410e-04
-1.0184451622124599e-04
-1.0114981213573550e-04
-1.0053280776326988e-04
-9.9878324564921849e-05
-9.9188467894571869e-05
-9.8568576191055232e-05
-9.7892849662138123e-05
-9.7241811563845857e-05
-9.6632866155504205e-05
-9.5929224028977114e-05
-9.5308675875961009e-05
-9.4688154836667656e-05
-9.3973253302275750e-05
-9.3396793147099537e-05
-9.2745886316411750e-05
-9.2082255105615957e-05
-9.1505875854961188e-05
-9.0800597304211881e-05
-9.0205882259577401e-05
-8.9604741311897167e-05
-8.8924249917023997e-05
-8.8358381514902024e-05
-8.7701763378524543e-05
-8.7079522712224901e-05
-8.6507936599192087e-05
-8.5835018859958443e-05
-8.5274782750407226e-05
-8.4639630080179696e-05
-8.4040298892087541e-05
-8.3446691900893052e-05
-8.2816789519852803e-05
-8.2261928243400022e-05
-8.1609364584425323e-05
-8.1062437203634940e-05
-8.0450983832967951e-05
-7.9846583198259197e-05
-7.9308796317267166e-05
-7.8646555750347399e-05
-7.8134159193142725e-05
-7.7499531444069210e-05
-7.6951163614807496e-05
-7.6367140644235322e-05
-7.5783020873742109e-05
-7.5222860885566263e-05
-7.4630392728105484e-05
-7.4100624864102042e-05
-7.3475287444966752e-05
-7.2973541802832668e-05
-7.2349567456645876e-05
-7.1826911753574739e-05
-7.1244141125313446e-05
-7.0690300655372590e-05
-7.0137548443185638e-05
-6.9576162663078427e-05
-6.9032424718639570e-05
-6.8466522310763736e-05
-6.7934469601828469e-05
-6.7348768787107427e-05
-6.6850768091069777e-05
-6.6242766685754631e-05
-6.5760141876953430e-05
-6.5158424663643973e-05
-6.4670612960008125e-05
-6.4075124475624753e-05
-6.3588425617435693e-05
-6.2985792681209471e-05
-6.2516495260955398e-05
-6.1907133683998891e-05
-6.1439619549582500e-05
-6.0842779857798454e-05
-6.0365671149497057e-05
-5.9777480800233727e-05
-5.9294802210911623e-05
-5.8707730202728936e-05
-5.8233382939105918e-05
-5.7645680995315417e-05
-5.7162533163667816e-05
-5.6600783433404942e-05
-5.6091383492316694e-05
-5.5557533771925189e-05
-5.5027914818846646e-05
-5.4503180246495609e-05
-5.3968589844050707e-05
-5.3453366377602320e-05
-5.2906182147899782e-05
-5.2414495377309435e-05
-5.1839052127120453e-05
-5.1363926740345626e-05
-5.0788271446958053e-05
-5.0298461299436697e-05
-4.9751268750830630e-05
-4.9225567374053349e-05
-4.8716346914788792e-05
-4.8154406808458915e-05
-4.7673617020580140e-05
-4.7090255347340431e-05
-4.6598496507857726e-05
-4.6051851395100868e-05
-4.5526467414721420e-05
-4.5007869364258782e-05
-4.4452926207470814e-05
-4.3960466422672647e-05
-4.3377414283544483e-05
-4.2875188259847631e-05
-4.2328493274363845e-05
-4.1787477772406685e-05
-4.1277558542916648e-05
-4.0693371410493999e-05
-4.0182714645640234e-05
-3.9634372233230872e-05
-3.9082336764283116e-05
-3.8565859531124865e-05
-3.7974373461029984e-05
0.0000000000000000e+00
];
