%Vec Object:dSdr_b_aug_7510 1 MPI processes
%  type: seq
dSdr_b_aug_7510 = [
2.2980248807276898e+03
0.0000000000000000e+00
-7.3853833856350397e-07
-3.0568172219647662e-07
-1.9042003842039866e-07
-1.3545867691065606e-07
-1.0168036454128018e-07
-8.0791657406763657e-08
-6.6632305502817768e-08
-5.5984650415858875e-08
-4.8076672104908335e-08
-4.2013700885592883e-08
-3.7076620320334076e-08
-3.3076555201918341e-08
-2.9796743575280915e-08
-2.7030620245539019e-08
-2.4666554137438380e-08
-2.2753971617038429e-08
-1.6601956595637693e-05
-7.7692058565664726e-04
-7.4624417900613432e-04
-7.0727693608887423e-04
-6.6903799483366351e-04
-6.3094319253205358e-04
-5.8865549027204073e-04
-5.4782852723711550e-04
-5.0868032779730727e-04
-4.6913846995655492e-04
-4.2856092138019206e-04
-3.8518390582379649e-04
-3.4701065242863740e-04
-3.1031669494716263e-04
-2.7567277352119775e-04
-2.3913183522010495e-04
-2.0940821492425001e-04
-1.8353599146153629e-04
-1.6090462734031887e-04
-1.3953185613804501e-04
-1.2334399810076747e-04
-1.1106722312400945e-04
-1.0137850587692433e-04
-9.3571682202102564e-05
-8.8711970677158279e-05
-8.5755307410097901e-05
-8.4148330983828976e-05
-8.3785832136052595e-05
-8.4288056248771811e-05
-8.5301739805370477e-05
-8.6756896959930735e-05
-8.8717202742044830e-05
-9.0442582232543075e-05
-9.2250216996806557e-05
-9.4091963338032315e-05
-9.5866362308180887e-05
-9.7354436881137905e-05
-9.8688825275368051e-05
-9.9972659881346422e-05
-1.0101019635317943e-04
-1.0186401090070301e-04
-1.0255674472074392e-04
-1.0318283160500985e-04
-1.0359831470824359e-04
-1.0385417056618665e-04
-1.0406436135062455e-04
-1.0417021570992615e-04
-1.0414324357172305e-04
-1.0405745152203401e-04
-1.0391307635057841e-04
-1.0367874615701719e-04
-1.0338913180964130e-04
-1.0308203535756140e-04
-1.0272060912817290e-04
-1.0232545620952286e-04
-1.0187388109368710e-04
-1.0142538835793602e-04
-1.0094940199153122e-04
-1.0043401808208148e-04
-9.9933568199570653e-05
-9.9422483036794710e-05
-9.8846046201373519e-05
-9.8307179105320926e-05
-9.7765681119047729e-05
-9.7173829294562843e-05
-9.6623208452861661e-05
-9.6076712895118500e-05
-9.5442547982386639e-05
-9.4892540992011116e-05
-9.4324515125486836e-05
-9.3709022330672108e-05
-9.3159850650644197e-05
-9.2577125907868514e-05
-9.1964606359275659e-05
-9.1411964061961388e-05
-9.0810003724360575e-05
-9.0231535327146676e-05
-8.9688685234396568e-05
-8.9061206750876070e-05
-8.8510327401274377e-05
-8.7956074975559963e-05
-8.7318764672939477e-05
-8.6807627599148294e-05
-8.6225447553153645e-05
-8.5634869619108562e-05
-8.5122926256213740e-05
-8.4492131983456191e-05
-8.3964110262072663e-05
-8.3428884321830812e-05
-8.2821512688095291e-05
-8.2318878973504733e-05
-8.1734088448633522e-05
-8.1179460027044645e-05
-8.0671429881661898e-05
-8.0072615717257658e-05
-7.9573589321963847e-05
-7.9009382077296669e-05
-7.8475733944745281e-05
-7.7947292889725186e-05
-7.7387871873197008e-05
-7.6894340692385110e-05
-7.6313593765998594e-05
-7.5829280522372741e-05
-7.5284483802866671e-05
-7.4747635093179511e-05
-7.4272273392575231e-05
-7.3681388675292202e-05
-7.3228873308704308e-05
-7.2665342432511257e-05
-7.2177713675088871e-05
-7.1662279961478024e-05
-7.1142886695206060e-05
-7.0646736340599254e-05
-7.0122656939812815e-05
-6.9653063737012391e-05
-6.9099640176380396e-05
-6.8656430957735929e-05
-6.8103768648375819e-05
-6.7642058160460118e-05
-6.7126926919352397e-05
-6.6637047130675630e-05
-6.6149342294140128e-05
-6.5653849970810006e-05
-6.5173186823225246e-05
-6.4675422365937892e-05
-6.4205228348874246e-05
-6.3688832848337080e-05
-6.3251919541768719e-05
-6.2713924839752125e-05
-6.2291802559623675e-05
-6.1760840777497257e-05
-6.1331988446732910e-05
-6.0809740475812882e-05
-6.0381482928254776e-05
-5.9852436221637157e-05
-5.9441340355730879e-05
-5.8906035327533828e-05
-5.8497147310312351e-05
-5.7973633250899277e-05
-5.7555844177834875e-05
-5.7040953771691680e-05
-5.6619000929288325e-05
-5.6104539832239576e-05
-5.5692260132777489e-05
-5.5176262075661352e-05
-5.4756292379310035e-05
-5.4266013342455909e-05
-5.3821008815437331e-05
-5.3357607678045671e-05
-5.2894713405152490e-05
-5.2439014244577459e-05
-5.1973708420157306e-05
-5.1525772624837283e-05
-5.1050611711442893e-05
-5.0623990593091481e-05
-5.0124235796886136e-05
-4.9712831079140464e-05
-4.9213030129505991e-05
-4.8789213155001147e-05
-4.8315635057558394e-05
-4.7859924492187526e-05
-4.7421469763425051e-05
-4.6933732613628318e-05
-4.6520308404802322e-05
-4.6016030539814656e-05
-4.5591479506573063e-05
-4.5121971195887502e-05
-4.4668145428360835e-05
-4.4222635834769599e-05
-4.3744891940843585e-05
-4.3322082379172734e-05
-4.2820989360212638e-05
-4.2389957737417988e-05
-4.1920526824981092e-05
-4.1456766779688576e-05
-4.1019597469201319e-05
-4.0519466491878813e-05
-4.0082078105088911e-05
-3.9613008751674978e-05
-3.9141649891603183e-05
-3.8699008411310599e-05
-3.8193836325125511e-05
0.0000000000000000e+00
];
