%Vec Object:dSdr_b_aug_2080 1 MPI processes
%  type: seq
dSdr_b_aug_2080 = [
2.4069669748676370e+03
0.0000000000000000e+00
-1.5514145119481652e-06
-6.3677935118494693e-07
-3.9155227006575693e-07
-2.7636205837887209e-07
-2.0740712451611573e-07
-1.6481171505417893e-07
-1.3594115563164713e-07
-1.1412006249547166e-07
-9.7919639173432200e-08
-8.5504198008705698e-08
-7.5383408002114451e-08
-6.7183513222508628e-08
-6.0461681581040974e-08
-5.4792565360921291e-08
-4.9947305425372573e-08
-4.5813507162810090e-08
-4.2239397271572940e-08
-3.9084872019838188e-08
-3.6321258286275836e-08
-3.3884225371185908e-08
-3.4417350808350920e-08
-1.4670798918957061e-05
-5.6147016661491403e-04
-5.8358356037000077e-04
-5.4387909414054046e-04
-5.0216197075888700e-04
-4.5933255943316533e-04
-4.1360980017131821e-04
-3.7338374171391519e-04
-3.3475011502236097e-04
-2.9829996194368760e-04
-2.5987448158043861e-04
-2.2862769810323523e-04
-2.0143873893553756e-04
-1.7765914155496950e-04
-1.5520005714215795e-04
-1.3818866950392693e-04
-1.2528372309692878e-04
-1.1508565860504000e-04
-1.0685616222801955e-04
-1.0171646922554352e-04
-9.8567097113298502e-05
-9.6828602891889260e-05
-9.6386433147404617e-05
-9.6849300116740643e-05
-9.7845797950818210e-05
-9.9302402915905845e-05
-1.0127296526950951e-04
-1.0300572522783337e-04
-1.0482488453838424e-04
-1.0667268697298972e-04
-1.0844522251075374e-04
-1.0992548990890986e-04
-1.1124256130003499e-04
-1.1249686592018221e-04
-1.1350049572049522e-04
-1.1431479114398260e-04
-1.1495747496241817e-04
-1.1552487813505484e-04
-1.1588065746616533e-04
-1.1607010953314384e-04
-1.1620053246200845e-04
-1.1623332106428975e-04
-1.1612876959791243e-04
-1.1595694280290652e-04
-1.1572384873727907e-04
-1.1540346634248102e-04
-1.1502291716196997e-04
-1.1461891794290003e-04
-1.1416796926282760e-04
-1.1368289927246724e-04
-1.1312474848129562e-04
-1.1258438513228272e-04
-1.1201708333730075e-04
-1.1139345581253315e-04
-1.1080160509610273e-04
-1.1019946381944213e-04
-1.0951212139227259e-04
-1.0888158899856906e-04
-1.0824741808613996e-04
-1.0754779553628791e-04
-1.0690601499906645e-04
-1.0626770153778081e-04
-1.0552477104793239e-04
-1.0488397098149964e-04
-1.0422295420000738e-04
-1.0350319703200928e-04
-1.0286473841737267e-04
-1.0218755933127581e-04
-1.0147324234493375e-04
-1.0083208088340205e-04
-1.0013302345861896e-04
-9.9459032892510436e-05
-9.8829182744962079e-05
-9.8101451454295850e-05
-9.7458868334802040e-05
-9.6817387746535256e-05
-9.6077945529248439e-05
-9.5480824879981609e-05
-9.4808181039318794e-05
-9.4121444441390241e-05
-9.3524685324285068e-05
-9.2795848787981965e-05
-9.2180039892553956e-05
-9.1558051261340977e-05
-9.0854433453347225e-05
-9.0268565103879053e-05
-8.9589229238041160e-05
-8.8945604085105407e-05
-8.8353916410986198e-05
-8.7657561098592981e-05
-8.7077965505382465e-05
-8.6420374126930719e-05
-8.5800268621227812e-05
-8.5186050868211926e-05
-8.4533856554425436e-05
-8.3959597722451097e-05
-8.3284319779827764e-05
-8.2717588726105871e-05
-8.2085053111112416e-05
-8.1459287074143097e-05
-8.0901756285692468e-05
-8.0216947207368793e-05
-7.9685611360952403e-05
-7.9028497011480274e-05
-7.8460918562969615e-05
-7.7855202105913784e-05
-7.7250610567109886e-05
-7.6670205544406131e-05
-7.6056107318071440e-05
-7.5507307352241335e-05
-7.4859224942319663e-05
-7.4338965344783039e-05
-7.3692436355383750e-05
-7.3150504843459466e-05
-7.2546341165608412e-05
-7.1972271153978795e-05
-7.1398945700357146e-05
-7.0816719080854493e-05
-7.0253031788656878e-05
-6.9665578653311809e-05
-6.9113961231959006e-05
-6.8506340478795126e-05
-6.7989019023155232e-05
-6.7358875848212276e-05
-6.6857115265421408e-05
-6.6233019479260952e-05
-6.5726560079262279e-05
-6.5107907042812684e-05
-6.4602724348497526e-05
-6.3976817524214841e-05
-6.3489112105921227e-05
-6.2856327896538042e-05
-6.2370271491900780e-05
-6.1750240353022190e-05
-6.1254370038686860e-05
-6.0642996379156692e-05
-6.0141111469624173e-05
-5.9531074093564234e-05
-5.9037096132989702e-05
-5.8426715713625111e-05
-5.7923585950775179e-05
-5.7339231519770770e-05
-5.6809464668323660e-05
-5.6253333546388871e-05
-5.5702611007970601e-05
-5.5156042025097952e-05
-5.4599538424530794e-05
-5.4063033364925786e-05
-5.3493069770328184e-05
-5.2980804239600871e-05
-5.2381422468916836e-05
-5.1886143780400181e-05
-5.1286497575419869e-05
-5.0775815463903788e-05
-5.0205340541198571e-05
-4.9657502943960631e-05
-4.9125901247142983e-05
-4.8540492869133933e-05
-4.8038397447951378e-05
-4.7430024028759192e-05
-4.6917009757574379e-05
-4.6345969069567001e-05
-4.5797954176184322e-05
-4.5256241558168733e-05
-4.4676884107155308e-05
-4.4162398217386402e-05
-4.3553427718681831e-05
-4.3028689110744293e-05
-4.2457563458358053e-05
-4.1892122476257812e-05
-4.1359206685999826e-05
-4.0748453778763368e-05
-4.0214655525982954e-05
-3.9641298443620391e-05
-3.9063869566245563e-05
-3.8524384874149314e-05
-3.7907433135965552e-05
0.0000000000000000e+00
];
