%Vec Object:dSdr_b_aug_3340 1 MPI processes
%  type: seq
dSdr_b_aug_3340 = [
2.3670251343305931e+03
0.0000000000000000e+00
-1.1715700349107231e-06
-4.8249897541842276e-07
-2.9824588175357223e-07
-2.1116835553572165e-07
-1.5849372738128564e-07
-1.2594114411677913e-07
-1.0387662036805378e-07
-8.7232863511047340e-08
-7.4874454197664937e-08
-6.5401885191970249e-08
-5.7683181246096631e-08
-5.1429445731239020e-08
-4.6302520105884360e-08
-4.1978534692287961e-08
-3.8282953910128730e-08
-3.5129809579226619e-08
-3.2403417199692636e-08
-2.9996985984125705e-08
-2.8434890205078691e-08
-1.1104005016521262e-05
-6.4925884670182833e-04
-6.5761374451475175e-04
-6.1443284700112412e-04
-5.7207504192055374e-04
-5.3147570519687768e-04
-4.9048695632910482e-04
-4.4845168079350907e-04
-4.0355824471535116e-04
-3.6405805801786200e-04
-3.2611030864425155e-04
-2.9029884969508646e-04
-2.5253975460106087e-04
-2.2183157069847738e-04
-1.9510821712207297e-04
-1.7173464186129647e-04
-1.4965968425237526e-04
-1.3293950159063063e-04
-1.2025668035099255e-04
-1.1023872403594131e-04
-1.0215868721868363e-04
-9.7117997344896772e-05
-9.4036768262868964e-05
-9.2344779569362157e-05
-9.1930781996343367e-05
-9.2407565962032405e-05
-9.3410140848638879e-05
-9.4866233940002118e-05
-9.6833169590794857e-05
-9.8563319846063383e-05
-1.0037840407974394e-04
-1.0222406511117191e-04
-1.0399725963287237e-04
-1.0548028775199580e-04
-1.0680348259167765e-04
-1.0806822924103179e-04
-1.0908384868854679e-04
-1.0991211835240988e-04
-1.1057250018927582e-04
-1.1116065431002273e-04
-1.1153754528581547e-04
-1.1175047816171086e-04
-1.1190910751143457e-04
-1.1196773263077832e-04
-1.1189061370537572e-04
-1.1174920934648821e-04
-1.1154748691323943e-04
-1.1125753318720855e-04
-1.1090913919884820e-04
-1.1053940546512054e-04
-1.1012011254238539e-04
-1.0966683784609268e-04
-1.0914637292748303e-04
-1.0863849565002158e-04
-1.0810348360680229e-04
-1.0751813173918842e-04
-1.0695860096896048e-04
-1.0638865774084951e-04
-1.0574053225397280e-04
-1.0514241331522616e-04
-1.0454101213929109e-04
-1.0387949798416786e-04
-1.0326995208135712e-04
-1.0266410600014198e-04
-1.0195963568852893e-04
-1.0135094061584057e-04
-1.0072280599645870e-04
-1.0003991735234409e-04
-9.9433031149180086e-05
-9.8789251700697820e-05
-9.8110930913657474e-05
-9.7501070374007769e-05
-9.6836347075527585e-05
-9.6196133734840298e-05
-9.5597047341766032e-05
-9.4904766057701985e-05
-9.4294609953835502e-05
-9.3683973779217449e-05
-9.2980646031186453e-05
-9.2413929701592890e-05
-9.1773274401632252e-05
-9.1120540073221017e-05
-9.0553772304641719e-05
-8.9859604089268240e-05
-8.9274837253620396e-05
-8.8683528418455969e-05
-8.8013943822517495e-05
-8.7457507726768478e-05
-8.6811603647533726e-05
-8.6199448259271681e-05
-8.5637342375537135e-05
-8.4975478183867752e-05
-8.4424372327920451e-05
-8.3799802124292946e-05
-8.3210268448961476e-05
-8.2626381835036034e-05
-8.2006992699204049e-05
-8.1461279632204394e-05
-8.0819428406325063e-05
-8.0281840766873182e-05
-7.9680330132994180e-05
-7.9086005777130871e-05
-7.8557530451500948e-05
-7.7905933569826663e-05
-7.7402469097095426e-05
-7.6778446402987969e-05
-7.6239138622311072e-05
-7.5665346661466136e-05
-7.5090881718546375e-05
-7.4540269626774928e-05
-7.3958002570901959e-05
-7.3437210564729994e-05
-7.2822600063200912e-05
-7.2329585912977524e-05
-7.1716248713879111e-05
-7.1202683805908869e-05
-7.0630002498644202e-05
-7.0085702620541857e-05
-6.9542653094968831e-05
-6.8991096205451853e-05
-6.8456766709872616e-05
-6.7901027988251405e-05
-6.7378202328630566e-05
-6.6802839327073638e-05
-6.6313950629075621e-05
-6.5716391657247845e-05
-6.5242791605276361e-05
-6.4651628506913128e-05
-6.4172611375942109e-05
-6.3588047688534601e-05
-6.3110066125266894e-05
-6.2518409552268523e-05
-6.2057793662050514e-05
-6.1459478600477062e-05
-6.1000709322994871e-05
-6.0414807117909895e-05
-5.9946546711254716e-05
-5.9369290013719732e-05
-5.8895669463279061e-05
-5.8319428324637167e-05
-5.7854339246162512e-05
-5.7277332872433374e-05
-5.6803608877752503e-05
-5.6252519928403041e-05
-5.5752725391751499e-05
-5.5229383984273376e-05
-5.4709717869753456e-05
-5.4195280808598310e-05
-5.3671025078919818e-05
-5.3165838414274825e-05
-5.2629397365463993e-05
-5.2147415939612214e-05
-5.1583262559790997e-05
-5.1117641878419339e-05
-5.0553301180220881e-05
-5.0073334689892452e-05
-4.9537122600053824e-05
-4.9021861150674631e-05
-4.8523196188990769e-05
-4.7972324264032923e-05
-4.7501582743608812e-05
-4.6930017232680750e-05
-4.6448283049010465e-05
-4.5913143581144470e-05
-4.5398433057031697e-05
-4.4890736633619810e-05
-4.4347308171692857e-05
-4.3865236894045817e-05
-4.3294409089643972e-05
-4.2802801415619503e-05
-4.2267629731854309e-05
-4.1738135614401496e-05
-4.1239064706203838e-05
-4.0667410645945757e-05
-4.0167674654064910e-05
-3.9631142039474435e-05
-3.9091109047018657e-05
-3.8585557025385741e-05
-3.8006477114456296e-05
0.0000000000000000e+00
];
