%Vec Object:dSdr_b_aug_9080 1 MPI processes
%  type: seq
dSdr_b_aug_9080 = [
2.2786632805407903e+03
0.0000000000000000e+00
-6.5226500681152437e-07
-2.7018456917067127e-07
-1.6854501645179216e-07
-1.1997708524196238e-07
-9.0018844477669841e-08
-7.1489855870586873e-08
-5.8930269992002883e-08
-4.9494794059302982e-08
-4.2486936648551424e-08
-3.7113793169697923e-08
-3.2739914385465781e-08
-2.9196384026314970e-08
-2.6290869091564068e-08
-2.3840659418450279e-08
-2.1750579949722509e-08
-1.6306653896842908e-06
-7.6389199289283104e-04
-7.8033299710309942e-04
-7.3854798676220427e-04
-6.9989254368870487e-04
-6.6202523423989365e-04
-6.2429403935805811e-04
-5.8240618487389369e-04
-5.4195430909645761e-04
-5.0315779864339063e-04
-4.6396647717945064e-04
-4.2374208524592030e-04
-3.8073244547084375e-04
-3.4288066169775279e-04
-3.0649045422853914e-04
-2.7212938639341495e-04
-2.3588356497248049e-04
-2.0639847007772200e-04
-1.8073244591320907e-04
-1.5828089400800186e-04
-1.3707823840600851e-04
-1.2101934435155166e-04
-1.0884094041651309e-04
-9.9231986243049480e-05
-9.1491352510904278e-05
-8.6675485640678394e-05
-8.3749000231298325e-05
-8.2162619214522990e-05
-8.1812596611875377e-05
-8.2320983885957567e-05
-8.3337358590458520e-05
-8.4792288909108006e-05
-8.6750988417818372e-05
-8.8475212038109370e-05
-9.0281041980619852e-05
-9.2121839858443351e-05
-9.3896530558646899e-05
-9.5385827650731393e-05
-9.6722927796020160e-05
-9.8011386694643002e-05
-9.9054232847294225e-05
-9.9914235982504824e-05
-1.0061480751566832e-04
-1.0125008414387924e-04
-1.0167491673446688e-04
-1.0194117129686652e-04
-1.0216385358323890e-04
-1.0228114990678938e-04
-1.0226632655444737e-04
-1.0219400739983226e-04
-1.0206352545937549e-04
-1.0184267089785363e-04
-1.0156729679785868e-04
-1.0127537516517101e-04
-1.0092796800854304e-04
-1.0054689596101608e-04
-1.0011201043317169e-04
-9.9677904492764569e-05
-9.9216217981540662e-05
-9.8717784860294076e-05
-9.8231648209106998e-05
-9.7734822295793167e-05
-9.7175753113127081e-05
-9.6651240665432793e-05
-9.6124255126324258e-05
-9.5549280048335409e-05
-9.5012934687722095e-05
-9.4480817685883172e-05
-9.3863685313093782e-05
-9.3327896392531284e-05
-9.2774432774826761e-05
-9.2175267638026844e-05
-9.1640078168768262e-05
-9.1072144846514203e-05
-9.0475566637711758e-05
-8.9936786319965562e-05
-8.9350031253772211e-05
-8.8786521497954032e-05
-8.8257295494771303e-05
-8.7645516464844218e-05
-8.7108997800794727e-05
-8.6568405186516313e-05
-8.5947088603758210e-05
-8.5449416440926341e-05
-8.4881402907149433e-05
-8.4305883299081867e-05
-8.3807221977290233e-05
-8.3191781000059882e-05
-8.2677506640525426e-05
-8.2155867629555687e-05
-8.1563568026465170e-05
-8.1073968752375385e-05
-8.0503983910108876e-05
-7.9963292266195315e-05
-7.9468362786385140e-05
-7.8884823444563782e-05
-7.8398414086583413e-05
-7.7848830681771325e-05
-7.7328721667505203e-05
-7.6813713138116686e-05
-7.6268820305796484e-05
-7.5787930976792983e-05
-7.5221987491592203e-05
-7.4750580776878359e-05
-7.4219523861681033e-05
-7.3696599497406192e-05
-7.3234105376832610e-05
-7.2657929100586566e-05
-7.2217756926868585e-05
-7.1668881109650877e-05
-7.1193772378799747e-05
-7.0692476834674644e-05
-7.0186425516717072e-05
-6.9703469343500174e-05
-6.9193486784103003e-05
-6.8736297268028309e-05
-6.8197697171376129e-05
-6.7766553953272049e-05
-6.7228591056121582e-05
-6.6779443088631817e-05
-6.6278254224419326e-05
-6.5801558528728925e-05
-6.5327261783599348e-05
-6.4845351953022194e-05
-6.4377690293889253e-05
-6.3893970983059235e-05
-6.3436527781945826e-05
-6.2934418055048781e-05
-6.2510096578251482e-05
-6.1986532226821167e-05
-6.1576881221271675e-05
-6.1060504124576883e-05
-6.0643804982006266e-05
-6.0136653942711378e-05
-5.9720442797539443e-05
-5.9206564285805096e-05
-5.8807465403286887e-05
-5.8287425517634115e-05
-5.7890621999861816e-05
-5.7382222422616709e-05
-5.6976660804615120e-05
-5.6476879587632987e-05
-5.6067444041717279e-05
-5.5567950107816680e-05
-5.5168464293809560e-05
-5.4667246440029465e-05
-5.4260299552494408e-05
-5.3784752655133421e-05
-5.3353021856612578e-05
-5.2904142177802938e-05
-5.2455001765724718e-05
-5.2013532775450783e-05
-5.1562508485040774e-05
-5.1128442609136925e-05
-5.0668127768775584e-05
-5.0254918558777445e-05
-4.9770765334046070e-05
-4.9372495297983590e-05
-4.8888330128460949e-05
-4.8478116278515590e-05
-4.8019712275036026e-05
-4.7578428881612947e-05
-4.7154561070903316e-05
-4.6682119365095707e-05
-4.6282581243746630e-05
-4.5794604947317590e-05
-4.5383907533781742e-05
-4.4930299524497197e-05
-4.4491224200472035e-05
-4.4060780534849748e-05
-4.3598949998718673e-05
-4.3190497824963258e-05
-4.2706299543885573e-05
-4.2289943936915903e-05
-4.1836440450055460e-05
-4.1388606472189110e-05
-4.0966435170342253e-05
-4.0483633863748861e-05
-4.0061353538150661e-05
-3.9608634283133833e-05
-3.9153925555122259e-05
-3.8726560433986655e-05
-3.8239478016328280e-05
0.0000000000000000e+00
];
