%Vec Object:dSdr_b_aug_6260 1 MPI processes
%  type: seq
dSdr_b_aug_6260 = [
2.3154709519828375e+03
0.0000000000000000e+00
-8.2592103184502046e-07
-3.4096880193531274e-07
-2.1171057174494890e-07
-1.5020779356962845e-07
-1.1256758604434116e-07
-8.9296384428320922e-08
-7.3523703947956458e-08
-6.1661143081613346e-08
-5.2852414377313125e-08
-4.6099598749159720e-08
-4.0602735863384516e-08
-3.6150044823561324e-08
-3.2499533625494365e-08
-2.9421688235882979e-08
-2.6792142168001261e-08
-2.4548602951144307e-08
-2.6417431788248648e-08
-1.4294718359504483e-04
-7.5084204865816207e-04
-7.1421351686073249e-04
-6.7564885200159389e-04
-6.3721159970028297e-04
-5.9454695199169657e-04
-5.5336637984931640e-04
-5.1388662959410240e-04
-4.7401430753934786e-04
-4.3310382451951734e-04
-3.8938046958313539e-04
-3.5090415432239571e-04
-3.1392383993600060e-04
-2.7901326146920159e-04
-2.4219410504394128e-04
-2.1224561760466946e-04
-1.8617900223366670e-04
-1.6337812250146998e-04
-1.4184497703922147e-04
-1.2553553994059784e-04
-1.1316602692777358e-04
-1.0340211371127143e-04
-9.5532889997713283e-05
-9.0631844214606269e-05
-8.7646730923373673e-05
-8.6020338234656327e-05
-8.5646077391164413e-05
-8.6142491253596317e-05
-8.7153637773592887e-05
-8.8609008787993978e-05
-9.0570828879206274e-05
-9.2297298064940935e-05
-9.4106634315750760e-05
-9.5949274820547015e-05
-9.7723398775124222e-05
-9.9210320840772224e-05
-1.0054215277036332e-04
-1.0182162788412666e-04
-1.0285415872084521e-04
-1.0370213905363596e-04
-1.0438748396391568e-04
-1.0500490732616969e-04
-1.0541157631069891e-04
-1.0565762891190680e-04
-1.0585604347818684e-04
-1.0595111105885203e-04
-1.0591268579364552e-04
-1.0581419232774493e-04
-1.0565671947276268e-04
-1.0540968528247114e-04
-1.0510664610561513e-04
-1.0478524376666962e-04
-1.0441060121738768e-04
-1.0400217371904493e-04
-1.0353486468493187e-04
-1.0307280896271857e-04
-1.0258334157139266e-04
-1.0205197749977421e-04
-1.0153803398206784e-04
-1.0101350607484637e-04
-1.0042069608269606e-04
-9.9868296305823519e-05
-9.9313116875561993e-05
-9.8705354690514817e-05
-9.8141275801764952e-05
-9.7581225024404166e-05
-9.6931002878365471e-05
-9.6367591964545437e-05
-9.5785837703974309e-05
-9.5154952195211639e-05
-9.4592598945211331e-05
-9.3995929759021249e-05
-9.3368381693487151e-05
-9.2802671172702197e-05
-9.2186376238320936e-05
-9.1593805751950501e-05
-9.1038111703713694e-05
-9.0395832738456050e-05
-8.9831415015894590e-05
-8.9264284958147469e-05
-8.8611896757649457e-05
-8.8088065792056659e-05
-8.7492530425992187e-05
-8.6887756423074212e-05
-8.6363291563813145e-05
-8.5718023142841615e-05
-8.5177041249120061e-05
-8.4629006382397370e-05
-8.4007425759625035e-05
-8.3492503971121257e-05
-8.2893755553679253e-05
-8.2325988389801518e-05
-8.1805607737369388e-05
-8.1192393403799613e-05
-8.0681472436434465e-05
-8.0103478729128959e-05
-7.9557066742881293e-05
-7.9015962323186458e-05
-7.8442845022032279e-05
-7.7937395875228251e-05
-7.7342693168666365e-05
-7.6846212437482403e-05
-7.6288462669376795e-05
-7.5738486936889341e-05
-7.5250994467110209e-05
-7.4646243529457494e-05
-7.4182091753612834e-05
-7.3604744982183522e-05
-7.3105313107240153e-05
-7.2576550789973476e-05
-7.2044579548384262e-05
-7.1535990523968415e-05
-7.0998621480696807e-05
-7.0517334837761754e-05
-6.9949936619036402e-05
-6.9495352309762348e-05
-6.8928832290305537e-05
-6.8455278622909447e-05
-6.7927003357847870e-05
-6.7424694408706166e-05
-6.6924349239409295e-05
-6.6416052168220816e-05
-6.5923132007790670e-05
-6.5412126640505296e-05
-6.4929911928711379e-05
-6.4400048668992590e-05
-6.3951264549515633e-05
-6.3399665789277179e-05
-6.2965786347580235e-05
-6.2421075008964241e-05
-6.1980765388138271e-05
-6.1444284945552278e-05
-6.1004670778037906e-05
-6.0461324415999404e-05
-6.0038918518217964e-05
-5.9489222437023694e-05
-5.9068941881843547e-05
-5.8531178801370241e-05
-5.8101862418914946e-05
-5.7572727979831605e-05
-5.7138974581463715e-05
-5.6610403342862780e-05
-5.6186062334043276e-05
-5.5656130387056868e-05
-5.5223883563702966e-05
-5.4719715945662634e-05
-5.4262197736397809e-05
-5.3785106631256750e-05
-5.3309246032531209e-05
-5.2840131508291042e-05
-5.2361361894799917e-05
-5.1900350352375279e-05
-5.1411193430362263e-05
-5.0971928342185775e-05
-5.0457465290808556e-05
-5.0033677945698562e-05
-4.9519136479536058e-05
-4.9082495245054854e-05
-4.8594611865033130e-05
-4.8125300159660647e-05
-4.7673093680512779e-05
-4.7170936810709258e-05
-4.6744421520832682e-05
-4.6224775385068039e-05
-4.5787163832770227e-05
-4.5302665484066861e-05
-4.4834933653661312e-05
-4.4375220525582578e-05
-4.3882474122613943e-05
-4.3446128834830808e-05
-4.2929107902657826e-05
-4.2484239867038133e-05
-4.1999792528068456e-05
-4.1521016942489252e-05
-4.1069706380455820e-05
-4.0553234917907443e-05
-4.0101598443598050e-05
-3.9617105855188598e-05
-3.9130030243372876e-05
-3.8672930558726496e-05
-3.8150402073003742e-05
0.0000000000000000e+00
];
