%Vec Object:dSdr_b_aug_7980 1 MPI processes
%  type: seq
dSdr_b_aug_7980 = [
2.2943326548747036e+03
0.0000000000000000e+00
-7.2071052523368940e-07
-2.9820330751253835e-07
-1.8571914954049996e-07
-1.3206206649344784e-07
-9.9067996951883287e-08
-7.8664363602520001e-08
-6.4834338686353079e-08
-5.4438389929891288e-08
-4.6717656303724003e-08
-4.0798296896235709e-08
-3.5979336989246141e-08
-3.2075306503561920e-08
-2.8874331117827336e-08
-2.6175035251488545e-08
-2.3868431108305336e-08
-2.2515418452147283e-08
-7.1387456165980748e-05
-7.8278155365084162e-04
-7.4373100880834161e-04
-7.0483603123648391e-04
-6.6671964733151909e-04
-6.2874504592880828e-04
-5.8658952945149522e-04
-5.4588656669068666e-04
-5.0685463228167303e-04
-4.6742865843070344e-04
-4.2696786007972250e-04
-3.8371229546163945e-04
-3.4564531686519820e-04
-3.0905177624848494e-04
-2.7450136352947212e-04
-2.3805798806341287e-04
-2.0841322199771178e-04
-1.8260916600481634e-04
-1.6003724597436192e-04
-1.3872071326199358e-04
-1.2257548963332166e-04
-1.1033123532821290e-04
-1.0066888699513045e-04
-9.2883945085876933e-05
-8.8038728185620810e-05
-8.5092041429345134e-05
-8.3491873647078554e-05
-8.3133499324272269e-05
-8.3637760916310903e-05
-8.4652334137564611e-05
-8.6107416299059617e-05
-8.8067191059220008e-05
-8.9792188427108115e-05
-9.1599226531709273e-05
-9.3440659317350945e-05
-9.5215154728269763e-05
-9.6703633452213520e-05
-9.8038918323538468e-05
-9.9324281674754918e-05
-1.0036357347481405e-04
-1.0121943390894111e-04
-1.0191475880089626e-04
-1.0254388372569601e-04
-1.0296245767918893e-04
-1.0322175124868432e-04
-1.0343607160367770e-04
-1.0354570856641504e-04
-1.0352275270023149e-04
-1.0344141466053220e-04
-1.0330163245814646e-04
-1.0307175717945186e-04
-1.0278685052157175e-04
-1.0248477071961747e-04
-1.0212797906155532e-04
-1.0173748114418933e-04
-1.0129142344667116e-04
-1.0084768684791142e-04
-1.0037642787693915e-04
-9.9866647736177272e-05
-9.9370929671189267e-05
-9.8864558480020687e-05
-9.8293863224809181e-05
-9.7759741638392297e-05
-9.7223041328575274e-05
-9.6636768795396242e-05
-9.6090867291424289e-05
-9.5549125147000106e-05
-9.4920591029458440e-05
-9.4375284397250423e-05
-9.3812072671199017e-05
-9.3201977644359298e-05
-9.2657428349754759e-05
-9.2079593509467671e-05
-9.1472344015764749e-05
-9.0924284356625674e-05
-9.0327350736696459e-05
-8.9753827523645765e-05
-8.9215481424937410e-05
-8.8593193031067391e-05
-8.8047061187117431e-05
-8.7497324564773596e-05
-8.6865301633465888e-05
-8.6358615930801725e-05
-8.5781119198975476e-05
-8.5195519404601496e-05
-8.4687966958491112e-05
-8.4062248339530630e-05
-8.3538771365571310e-05
-8.3008037135272195e-05
-8.2405648171882982e-05
-8.1907323519718922e-05
-8.1327427613078453e-05
-8.0777406558040261e-05
-8.0273707368491305e-05
-7.9679942915569498e-05
-7.9185087593261144e-05
-7.8625714851399470e-05
-7.8096542623050245e-05
-7.7572542233733454e-05
-7.7017924097221363e-05
-7.6528572192892998e-05
-7.5952719143891132e-05
-7.5472672676512350e-05
-7.4932418206209484e-05
-7.4400172753272129e-05
-7.3929064952838182e-05
-7.3343042706901443e-05
-7.2894607883135278e-05
-7.2335921830737752e-05
-7.1852432075722222e-05
-7.1341672307191127e-05
-7.0826689762896054e-05
-7.0334901279954132e-05
-6.9815482161671627e-05
-6.9349989500579933e-05
-6.8801466437050165e-05
-6.8362246124341252e-05
-6.7814443301810108e-05
-6.7356885864660663e-05
-6.6846363841797839e-05
-6.6360842589960215e-05
-6.5877570342053106e-05
-6.5386568262836744e-05
-6.4910203284924430e-05
-6.4417082020766172e-05
-6.3951103303558184e-05
-6.3439430545352287e-05
-6.3006679979428354e-05
-6.2473455815661999e-05
-6.2055456421944132e-05
-6.1529316199864631e-05
-6.1104481599358893e-05
-6.0587224532389583e-05
-6.0162949412923236e-05
-5.9638917169451234e-05
-5.9231787394418089e-05
-5.8701528879606653e-05
-5.8296635885515845e-05
-5.7778118532911989e-05
-5.7364371743083841e-05
-5.6854476294289777e-05
-5.6436661554336072e-05
-5.5927148462630741e-05
-5.5519098303765452e-05
-5.5007986445393316e-05
-5.4592321970097964e-05
-5.4106913243159501e-05
-5.3666296889587490e-05
-5.3207696413765069e-05
-5.2749349042381857e-05
-5.2298354247212401e-05
-5.1837769769144482e-05
-5.1394419244941656e-05
-5.0924166310539019e-05
-5.0501979050761290e-05
-5.0007381995990691e-05
-4.9600319490366562e-05
-4.9105687593625590e-05
-4.8686367696782101e-05
-4.8217806026373449e-05
-4.7766864964744513e-05
-4.7333232552653128e-05
-4.6850551954514206e-05
-4.6441718380795624e-05
-4.5942829690553262e-05
-4.5522858568490739e-05
-4.5058606789242755e-05
-4.4609657429391416e-05
-4.4169128550354135e-05
-4.3696645537508203e-05
-4.3278582486555756e-05
-4.2783074828482867e-05
-4.2356895113940332e-05
-4.1892729867286141e-05
-4.1434235119222381e-05
-4.1002024426632393e-05
-4.0507623113488850e-05
-4.0075230354622291e-05
-3.9611568094169462e-05
-3.9145717678508289e-05
-3.8708137894145764e-05
-3.8209007319639164e-05
0.0000000000000000e+00
];
