%Vec Object:dSdr_b_aug_70 1 MPI processes
%  type: seq
dSdr_b_aug_70 = [
2.6747842099250925e+03
0.0000000000000000e+00
-1.3333543281947933e-05
-5.3074872724307569e-06
-3.1205818044950385e-06
-2.1510340486593157e-06
-1.6165059549282925e-06
-1.2876955021023148e-06
-1.0649569323960633e-06
-8.9311701471424556e-07
-7.6566553011653483e-07
-6.6810978811841641e-07
-5.8827691987464439e-07
-5.2357979738603287e-07
-4.7057385698827053e-07
-4.2585611622397067e-07
-3.8762170685534845e-07
-3.5501354864759523e-07
-3.2682836381131676e-07
-3.0195179767236102e-07
-2.8016428449341566e-07
-2.6095448659391874e-07
-2.4368519447716216e-07
-2.2824934685364288e-07
-2.1440343777442114e-07
-2.0183991871097209e-07
-1.9041609693543866e-07
-1.8003438210012029e-07
-1.7053677099610881e-07
-1.6179166777884360e-07
-1.5376251520412781e-07
-1.4636460421228027e-07
-1.3948735081481286e-07
-1.3312078439322420e-07
-1.2721326212811417e-07
-1.2168963517035812e-07
-1.1653667374782310e-07
-1.1172444651074079e-07
-1.0720674271564959e-07
-1.0296369602518519e-07
-9.8979710652263886e-08
-9.5225625432056178e-08
-9.1680339932352839e-08
-8.8336073633756369e-08
-8.5174031995471500e-08
-8.2174195057327783e-08
-7.9333093945264357e-08
-7.6638386246133241e-08
-7.4072059094382571e-08
-7.1633008545373829e-08
-6.9312525805312277e-08
-6.7096425037775420e-08
-6.4983735652548862e-08
-6.2969540025227050e-08
-6.1048176416347248e-08
-5.9233642950081041e-08
-5.7580694215939251e-08
-5.6290671659281525e-08
-5.6107451725320760e-08
-5.9759074779442262e-08
-7.7959372566938358e-08
-1.5496382344181477e-07
-4.4984014322454759e-07
-1.4656767652294016e-06
-4.7238019409305845e-06
-1.4034716418283221e-05
-3.4784086542802951e-05
-6.5317707367294051e-05
-9.3841882888227057e-05
-1.1297864097093039e-04
-1.2414055227142091e-04
-1.3021703202404798e-04
-1.3332963179939151e-04
-1.3468699464517608e-04
-1.3516438105446948e-04
-1.3509168285247405e-04
-1.3463106270472986e-04
-1.3407003853672827e-04
-1.3340285744892270e-04
-1.3255223214186801e-04
-1.3176805825182165e-04
-1.3095937612910737e-04
-1.3004164494375447e-04
-1.2921140412231049e-04
-1.2837941380563247e-04
-1.2740379189506867e-04
-1.2656796676356979e-04
-1.2570634899648132e-04
-1.2476103935591811e-04
-1.2392924294867992e-04
-1.2304733072696298e-04
-1.2211223268407802e-04
-1.2127904378413878e-04
-1.2036929826200673e-04
-1.1948801215889061e-04
-1.1866934806360846e-04
-1.1772402672923455e-04
-1.1688240341442262e-04
-1.1605159321784593e-04
-1.1509046924445160e-04
-1.1430671627205153e-04
-1.1343771638496885e-04
-1.1254226387945252e-04
-1.1176140901172941e-04
-1.1081976747117820e-04
-1.1001341278686856e-04
-1.0920310201782460e-04
-1.0829057751898013e-04
-1.0752404489674115e-04
-1.0663949414185853e-04
-1.0580269778437282e-04
-1.0502942804776402e-04
-1.0412135541510447e-04
-1.0336688133670822e-04
-1.0250659585972287e-04
-1.0169883134267477e-04
-1.0089843211729748e-04
-1.0004486982841137e-04
-9.9295389002445277e-05
-9.8414928051127480e-05
-9.7669306592957920e-05
-9.6846330938096589e-05
-9.6027567099852396e-05
-9.5291686112941845e-05
-9.4403011417352494e-05
-9.3700594003732256e-05
-9.2840354214973337e-05
-9.2099243492727026e-05
-9.1297566317879571e-05
-9.0508050434253299e-05
-8.9744769379053807e-05
-8.8935283823323881e-05
-8.8214565002683534e-05
-8.7361024205731013e-05
-8.6673526718992385e-05
-8.5823259244850123e-05
-8.5107208219444030e-05
-8.4309799572086921e-05
-8.3552995193395685e-05
-8.2793830881677105e-05
-8.2023348408179894e-05
-8.1279458705157671e-05
-8.0497337693811471e-05
-7.9768993064258158e-05
-7.8963369991618312e-05
-7.8271525756604075e-05
-7.7441377270265205e-05
-7.6766765803503866e-05
-7.5940526536346257e-05
-7.5265626256592285e-05
-7.4437730810686183e-05
-7.3765588603633670e-05
-7.2929453017257122e-05
-7.2275474480664281e-05
-7.1431119386797243e-05
-7.0777578532691185e-05
-6.9948066634443340e-05
-6.9282732462501152e-05
-6.8461953612235598e-05
-6.7786589846837529e-05
-6.6969118537406509e-05
-6.6297830855938756e-05
-6.5482611129879986e-05
-6.4799002141248442e-05
-6.4010478404130417e-05
-6.3296758829508017e-05
-6.2539383246879211e-05
-6.1798058449415318e-05
-6.1054288361555624e-05
-6.0299875334900883e-05
-5.9571169972591580e-05
-5.8795480717517132e-05
-5.8097372697910812e-05
-5.7281804943366399e-05
-5.6604538790839881e-05
-5.5788247201401102e-05
-5.5089101748790485e-05
-5.4308400214294860e-05
-5.3560701105130463e-05
-5.2827038381879652e-05
-5.2029767132992952e-05
-5.1335363410026222e-05
-5.0501230204583338e-05
-4.9796416442032723e-05
-4.9005250140164051e-05
-4.8253097947951535e-05
-4.7502941031753721e-05
-4.6703481553606259e-05
-4.5990572586028110e-05
-4.5148173904187304e-05
-4.4420977321004851e-05
-4.3630377298414287e-05
-4.2845974509801509e-05
-4.2107743846856250e-05
-4.1260720482964130e-05
-4.0523931468485973e-05
-3.9735643342594406e-05
-3.8952387039942043e-05
-3.8271405503046316e-05
-3.7776568779687044e-05
0.0000000000000000e+00
];
