%Vec Object:dSdr_b_aug_5830 1 MPI processes
%  type: seq
dSdr_b_aug_5830 = [
2.3205354632737826e+03
0.0000000000000000e+00
-8.5521942882318171e-07
-3.5344942749001827e-07
-2.1967100294026874e-07
-1.5604933232832734e-07
-1.1713333115432106e-07
-9.3072399464282547e-08
-7.6763017581001530e-08
-6.4486819176777462e-08
-5.5369990896638230e-08
-4.8380793037015835e-08
-4.2688262065459688e-08
-3.8076127995000908e-08
-3.4294635693940288e-08
-3.1105388971856458e-08
-2.8379673094345297e-08
-2.6053860057134379e-08
-2.4394472796235542e-08
-2.5244474067371843e-05
-7.4462944689340554e-04
-7.1693494760111597e-04
-6.7831024920863398e-04
-6.3973603438792687e-04
-5.9691959885293903e-04
-5.5559661945528969e-04
-5.1598334495962849e-04
-4.7597793625750266e-04
-4.3493337176815248e-04
-3.9107053684750681e-04
-3.5247217059644143e-04
-3.1537653274995193e-04
-2.8035856447945127e-04
-2.4342736230601201e-04
-2.1338831495998145e-04
-1.8724341286119697e-04
-1.6437426474160671e-04
-1.4277653235860571e-04
-1.2641813218068206e-04
-1.1401127114274021e-04
-1.0421707462271146e-04
-9.6322720853086360e-05
-9.1405028741121716e-05
-8.8408457927220717e-05
-8.6774245837607046e-05
-8.6395248156950137e-05
-8.6889321898805884e-05
-8.7899446503272933e-05
-8.9354903499482409e-05
-9.1317333418080071e-05
-9.3044241430353735e-05
-9.4854262893344013e-05
-9.6697263481545405e-05
-9.8471276661677359e-05
-9.9957734565482814e-05
-1.0128853692391090e-04
-1.0256625634083542e-04
-1.0359677126361688e-04
-1.0444240199195879e-04
-1.0512477118217523e-04
-1.0573870550530723e-04
-1.0614182480224460e-04
-1.0638392936462665e-04
-1.0657760132905872e-04
-1.0666832478173471e-04
-1.0662528703298439e-04
-1.0652167836502417e-04
-1.0635893072129574e-04
-1.0610678029022672e-04
-1.0579833457475399e-04
-1.0547117087248698e-04
-1.0509120575748513e-04
-1.0467743223086652e-04
-1.0420378672835777e-04
-1.0373626882922192e-04
-1.0324137226962112e-04
-1.0270357256134950e-04
-1.0218419479701897e-04
-1.0165425313835057e-04
-1.0105484924066343e-04
-1.0049699949287737e-04
-9.9936310181060172e-05
-9.9322140471142905e-05
-9.8752641668992089e-05
-9.8187131844215857e-05
-9.7530443024143896e-05
-9.6961633994355870e-05
-9.6374350944538278e-05
-9.5737266381524757e-05
-9.5169604563190711e-05
-9.4567319579530229e-05
-9.3933719131687748e-05
-9.3362745690442261e-05
-9.2740677833803175e-05
-9.2142428062117450e-05
-9.1581561412295168e-05
-9.0933321901026361e-05
-9.0363451916527680e-05
-8.9791135694992279e-05
-8.9132675225629912e-05
-8.8603732093326952e-05
-8.8002818188280570e-05
-8.7392327056785943e-05
-8.6862819463522710e-05
-8.6211721924307408e-05
-8.5665520630283663e-05
-8.5112327274208772e-05
-8.4485024319898825e-05
-8.3965153803095897e-05
-8.3360784177481740e-05
-8.2787725698923390e-05
-8.2262371174955700e-05
-8.1643357517084233e-05
-8.1127646295359757e-05
-8.0544100419641996e-05
-7.9992548096638241e-05
-7.9446343809824494e-05
-7.8867710657694938e-05
-7.8357461835614614e-05
-7.7757138772595121e-05
-7.7255757877526691e-05
-7.6692791579505235e-05
-7.6137529253282631e-05
-7.5645151407402822e-05
-7.5034816182068261e-05
-7.4565978122140427e-05
-7.3983067330514576e-05
-7.3478882034039723e-05
-7.2944751942004849e-05
-7.2407715223705334e-05
-7.1894116824697404e-05
-7.1351395697876309e-05
-7.0865399804343000e-05
-7.0292373628714539e-05
-6.9833208277031005e-05
-6.9261107399262186e-05
-6.8782784178149465e-05
-6.8249215475516800e-05
-6.7741900983308374e-05
-6.7236465226699657e-05
-6.6723011354173289e-05
-6.6225154980054666e-05
-6.5708817158237386e-05
-6.5221761405007028e-05
-6.4686474333443153e-05
-6.4232909534707943e-05
-6.3675832072385320e-05
-6.3237217722750993e-05
-6.2686969087188618e-05
-6.2242045325696624e-05
-6.1699833104611712e-05
-6.1255645340296022e-05
-6.0706540144559652e-05
-6.0279579413690079e-05
-5.9724087692260543e-05
-5.9299219078311362e-05
-5.8755717559476480e-05
-5.8321758844406494e-05
-5.7786887978173134e-05
-5.7348382205983639e-05
-5.6814128464484224e-05
-5.6384930072517579e-05
-5.5849386607169835e-05
-5.5412195488756067e-05
-5.4902434603191207e-05
-5.4439876836429384e-05
-5.3957272455273632e-05
-5.3476190013042397e-05
-5.3001672809063870e-05
-5.2517481017315062e-05
-5.2051203575230973e-05
-5.1556410144755512e-05
-5.1112053054541237e-05
-5.0591666665625614e-05
-5.0162892580494371e-05
-4.9642414798942864e-05
-4.9200608984266128e-05
-4.8706964588529172e-05
-4.8232175456427655e-05
-4.7774430910250143e-05
-4.7266466983039468e-05
-4.6834679733517518e-05
-4.6308844581639635e-05
-4.5865973435859299e-05
-4.5375438466432817e-05
-4.4902106610564281e-05
-4.4436673721712133e-05
-4.3937885875611172e-05
-4.3496089967113232e-05
-4.2972655175502943e-05
-4.2522215795566736e-05
-4.2031722207386198e-05
-4.1546901207034961e-05
-4.1089898087911492e-05
-4.0566849686300104e-05
-4.0109481335562762e-05
-3.9618788667947639e-05
-3.9125407478272901e-05
-3.8662552480878507e-05
-3.8133392431630766e-05
0.0000000000000000e+00
];
