%Vec Object:dSdr_b_aug_690 1 MPI processes
%  type: seq
dSdr_b_aug_690 = [
2.4971980552557779e+03
0.0000000000000000e+00
-3.0414613596872153e-06
-1.2372340650097074e-06
-7.5040978722955490e-07
-5.2544436326533971e-07
-3.9427823861666378e-07
-3.1334405625876456e-07
-2.5849401254060420e-07
-2.1681798753844255e-07
-1.8588721412364165e-07
-1.6219191618217621e-07
-1.4285670470471715e-07
-1.2719115099998992e-07
-1.1435191766649659e-07
-1.0352337597999494e-07
-9.4268286113726918e-08
-8.6373333107792135e-08
-7.9548198100021219e-08
-7.3525045451337982e-08
-6.8248925781435020e-08
-6.3596220702106920e-08
-5.9413132921572607e-08
-5.5673660462237635e-08
-5.2318890164112195e-08
-4.9274318363279293e-08
-4.6512250781351895e-08
-4.6974493349394483e-08
-1.0183766965013059e-06
-8.3002691501610546e-05
-3.4026765622115950e-04
-3.4686970351060554e-04
-3.1462850119098640e-04
-2.7563954464218280e-04
-2.4338457899030381e-04
-2.1521762300516194e-04
-1.9056286653407016e-04
-1.6726982557631822e-04
-1.4962497939618902e-04
-1.3623645204166785e-04
-1.2564612753676688e-04
-1.1709106215399207e-04
-1.1173569631873055e-04
-1.0843787185281987e-04
-1.0659806054061961e-04
-1.0609451408738347e-04
-1.0652706122331562e-04
-1.0751031958971500e-04
-1.0896804030568878e-04
-1.1094650453953338e-04
-1.1268495026769161e-04
-1.1451298796951344e-04
-1.1636545558611519e-04
-1.1813655473544895e-04
-1.1961080644351983e-04
-1.2091453537873013e-04
-1.2214608814855419e-04
-1.2312359414643707e-04
-1.2390744172393375e-04
-1.2451156428040761e-04
-1.2503375442615914e-04
-1.2534353486408695e-04
-1.2548182607868149e-04
-1.2555079191073497e-04
-1.2552728703068796e-04
-1.2536296465192847e-04
-1.2512485253554355e-04
-1.2482340517665740e-04
-1.2443672404462887e-04
-1.2398611434618191e-04
-1.2350745666034956e-04
-1.2298753564864758e-04
-1.2243318930433309e-04
-1.2179292764563145e-04
-1.2118178286722755e-04
-1.2054412739104590e-04
-1.1983710397084272e-04
-1.1917483378882993e-04
-1.1850253864127920e-04
-1.1772974943668564e-04
-1.1702859384329053e-04
-1.1632302336174218e-04
-1.1554036920547271e-04
-1.1482835494073381e-04
-1.1411930064745327e-04
-1.1329257209944314e-04
-1.1258182078880740e-04
-1.1184915945901775e-04
-1.1104907218035127e-04
-1.1034182274055757e-04
-1.0959187163658694e-04
-1.0879912519438889e-04
-1.0808976445033363e-04
-1.0731589893913474e-04
-1.0656831367767216e-04
-1.0587143465287811e-04
-1.0506646398561715e-04
-1.0435322804820098e-04
-1.0364454285304845e-04
-1.0282641352557090e-04
-1.0216304716166752e-04
-1.0142070598351389e-04
-1.0065988460094275e-04
-9.9997779778483739e-05
-9.9193407254823910e-05
-9.8509963345702541e-05
-9.7821129010600635e-05
-9.7043359008568193e-05
-9.6393363129394972e-05
-9.5641185470810505e-05
-9.4928993421416197e-05
-9.4272852409656038e-05
-9.3501347211476284e-05
-9.2859677673276788e-05
-9.2130139161569096e-05
-9.1443423207513493e-05
-9.0763119431742692e-05
-9.0039448610159569e-05
-8.9402993770938975e-05
-8.8654885149323624e-05
-8.8024655968539804e-05
-8.7324522636547897e-05
-8.6630250973077433e-05
-8.6009413704644770e-05
-8.5252241378089123e-05
-8.4660178982051991e-05
-8.3930964034776545e-05
-8.3301789062247664e-05
-8.2626515050898840e-05
-8.1956283269604482e-05
-8.1310965008115632e-05
-8.0627512593907830e-05
-8.0017688539432274e-05
-7.9296677088659169e-05
-7.8717054799131526e-05
-7.7998207117807843e-05
-7.7394470137753013e-05
-7.6721712309799577e-05
-7.6082778818023928e-05
-7.5443487862047367e-05
-7.4794437731931542e-05
-7.4166785411968340e-05
-7.3510232619599709e-05
-7.2895883492550087e-05
-7.2217979285269592e-05
-7.1638708365806233e-05
-7.0937570502274086e-05
-7.0374453632412627e-05
-6.9678603920076822e-05
-6.9112353249140034e-05
-6.8419426183545930e-05
-6.7854977673448429e-05
-6.7154446309215037e-05
-6.6607718304560209e-05
-6.5899832696201895e-05
-6.5354323252441644e-05
-6.4659932067773920e-05
-6.4103905530274766e-05
-6.3418198012881477e-05
-6.2854731060918716e-05
-6.2171058754206983e-05
-6.1614138161150635e-05
-6.0931042843211194e-05
-6.0363844411443855e-05
-5.9707011801196409e-05
-5.9111942084720500e-05
-5.8484369612941935e-05
-5.7865982384113668e-05
-5.7249405539731279e-05
-5.6622641614151085e-05
-5.6017901571357212e-05
-5.5374900767470476e-05
-5.4796654227777037e-05
-5.4120519047895109e-05
-5.3560624086033674e-05
-5.2884057136105624e-05
-5.2306455192852389e-05
-5.1661332229718128e-05
-5.1042522145673931e-05
-5.0439162986505771e-05
-4.9778512518482105e-05
-4.9208110142267825e-05
-4.8519547786807580e-05
-4.7938390105035454e-05
-4.7289139331160590e-05
-4.6668574758903124e-05
-4.6052764553760971e-05
-4.5395145935955122e-05
-4.4810061246452266e-05
-4.4118019010141633e-05
-4.3521138386541334e-05
-4.2871734905407142e-05
-4.2228054192562225e-05
-4.1621514403549582e-05
-4.0925752289089799e-05
-4.0318032361473848e-05
-3.9664976006673822e-05
-3.9007207867465104e-05
-3.8396996941232797e-05
-3.7714608701354686e-05
0.0000000000000000e+00
];
