%Vec Object:dSdr_b_aug_10 1 MPI processes
%  type: seq
dSdr_b_aug_10 = [
2.8142462151689965e+03
0.0000000000000000e+00
-4.9306163582256666e-05
-1.9190353122019626e-05
-1.0977738394502228e-05
-7.4794391501534543e-06
-5.6328807176224169e-06
-4.5014733713559479e-06
-3.7358586338214257e-06
-3.1339107613251011e-06
-2.6877227465881372e-06
-2.3464688464092285e-06
-2.0664216971858192e-06
-1.8394020624088238e-06
-1.6534607912418915e-06
-1.4965503673670626e-06
-1.3623387204069262e-06
-1.2478958815511838e-06
-1.1489876892009684e-06
-1.0616778982881803e-06
-9.8521920591858013e-07
-9.1781560051278440e-07
-8.5722424016881332e-07
-8.0307081131614349e-07
-7.5450072114431843e-07
-7.1043489607458555e-07
-6.7037064187198991e-07
-6.3396470349686472e-07
-6.0066333797626160e-07
-5.7000459870048185e-07
-5.4185841839851427e-07
-5.1592780633631133e-07
-4.9182604055107700e-07
-4.6951597277947147e-07
-4.4881648581596862e-07
-4.2946518085866163e-07
-4.1141421958741074e-07
-3.9455844756183985e-07
-3.7873648923767409e-07
-3.6387811351019424e-07
-3.4992824958337288e-07
-3.3678500064031451e-07
-3.2437430212497471e-07
-3.1266843737149785e-07
-3.0160167513706601e-07
-2.9110397531143398e-07
-2.8116276727975576e-07
-2.7173484250778042e-07
-2.6275726803011408e-07
-2.5422580610799908e-07
-2.4610986243633462e-07
-2.3835952082843854e-07
-2.3096990037559510e-07
-2.2391925429704781e-07
-2.1717168881481045e-07
-2.1071821867812840e-07
-2.0454442515134921e-07
-1.9862401682934711e-07
-1.9294637774083082e-07
-1.8750182767329761e-07
-1.8227076006220867e-07
-1.7724230687668110e-07
-1.7240987703406798e-07
-1.6775859274028352e-07
-1.6327806682596283e-07
-1.5896373749723110e-07
-1.5480412143028610e-07
-1.5078967399303702e-07
-1.4691717301406687e-07
-1.4317759768972194e-07
-1.3956241011365244e-07
-1.3606926672317784e-07
-1.3269095512867624e-07
-1.2941998238816454e-07
-1.2625457853790779e-07
-1.2318887511286807e-07
-1.2021639213551978e-07
-1.1733573093674888e-07
-1.1454203371290763e-07
-1.1182976499368534e-07
-1.0919776455899356e-07
-1.0664194777190077e-07
-1.0415765049583049e-07
-1.0174390024858409e-07
-9.9397319786377334e-08
-9.7114345525908674e-08
-9.4895051779107645e-08
-9.2739195706473124e-08
-9.0651305107952698e-08
-8.8651845837745945e-08
-8.6795497648484593e-08
-8.5232975861845431e-08
-8.4370837390048414e-08
-8.5279429077737931e-08
-9.0863602032861144e-08
-1.0930628343056852e-07
-1.6432552203848513e-07
-3.2055146185037285e-07
-7.3014192187713028e-07
-1.7341875893555057e-06
-4.0779726290002197e-06
-9.1550116294003960e-06
-1.8897883582915000e-05
-3.4289834490740713e-05
-5.3057383362194986e-05
-7.0971487345810580e-05
-8.4981090219499032e-05
-9.4617791372492594e-05
-1.0099315096898569e-04
-1.0484829014737368e-04
-1.0712774444188056e-04
-1.0838927165563079e-04
-1.0879838411315186e-04
-1.0890290003432601e-04
-1.0857994488029974e-04
-1.0810974525750586e-04
-1.0750918629277128e-04
-1.0675711133109780e-04
-1.0605869971840905e-04
-1.0517415709203423e-04
-1.0440802817001720e-04
-1.0354004171442213e-04
-1.0266198858446402e-04
-1.0186446108497967e-04
-1.0089630014611986e-04
-1.0012512341921693e-04
-9.9178459562284567e-05
-9.8362454423048498e-05
-9.7474126432754845e-05
-9.6602030011839769e-05
-9.5756394013949190e-05
-9.4858301565395626e-05
-9.4059413370937701e-05
-9.3112025529178027e-05
-9.2348081530538252e-05
-9.1404449841513263e-05
-9.0608567734801985e-05
-8.9722464335499500e-05
-8.8881753579515661e-05
-8.8037220779245456e-05
-8.7180234164782036e-05
-8.6353528118463123e-05
-8.5481924084617370e-05
-8.4672341745224057e-05
-8.3775688172496002e-05
-8.3003611351887020e-05
-8.2081505976306740e-05
-8.1327428561726067e-05
-8.0408248459753348e-05
-7.9655912608079976e-05
-7.8731813174767555e-05
-7.7982920811484082e-05
-7.7050132712335549e-05
-7.6319725519725988e-05
-7.5378107591557350e-05
-7.4647588476532090e-05
-7.3721784011264907e-05
-7.2978570666656947e-05
-7.2061544600282663e-05
-7.1306466174245566e-05
-7.0393667608042472e-05
-6.9640916836079175e-05
-6.8731579439077384e-05
-6.7965066624377433e-05
-6.7082752301843318e-05
-6.6284552771266929e-05
-6.5434755361321585e-05
-6.4605918406598109e-05
-6.3771615968727437e-05
-6.2926362705201933e-05
-6.2109462842349067e-05
-6.1239380703151703e-05
-6.0456050301961766e-05
-5.9541334371719174e-05
-5.8780681636444415e-05
-5.7865104357044499e-05
-5.7079678466576852e-05
-5.6202741795566556e-05
-5.5363637287631817e-05
-5.4537631018199705e-05
-5.3643601383452437e-05
-5.2861535196435158e-05
-5.1924495422118443e-05
-5.1132548830164066e-05
-5.0241432309005565e-05
-4.9396939146385923e-05
-4.8552792217057192e-05
-4.7654425780730973e-05
-4.6853148283152813e-05
-4.5907111091876156e-05
-4.5091619764814345e-05
-4.4206564894718598e-05
-4.3330445089776037e-05
-4.2510742787172500e-05
-4.1574928081176030e-05
-4.0777247173030429e-05
-3.9949287810695889e-05
-3.9197470584587639e-05
-3.8803760830202592e-05
-4.0167607708169767e-05
0.0000000000000000e+00
];
