%Vec Object:dSdr_b_aug_500 1 MPI processes
%  type: seq
dSdr_b_aug_500 = [
2.5227502670259164e+03
0.0000000000000000e+00
-3.7145459178014954e-06
-1.5068272876787439e-06
-9.1009779103369646e-07
-6.3578263593606651e-07
-4.7709491514572274e-07
-3.7921400504022521e-07
-3.1288148542293056e-07
-2.6239335946687531e-07
-2.2492600879527901e-07
-1.9622638259051887e-07
-1.7279992831704540e-07
-1.5381933658682446e-07
-1.3826397915679197e-07
-1.2514444990391805e-07
-1.1393099977099559e-07
-1.0436584035975159e-07
-9.6097074583794398e-08
-8.8800034384845918e-08
-8.2408209605076262e-08
-7.6771777643828783e-08
-7.1704479597384910e-08
-6.7174685478317983e-08
-6.3110984882198655e-08
-5.9423182165533122e-08
-5.6069554360306099e-08
-5.3021719209690222e-08
-5.0281464788776186e-08
-5.4976278417479390e-08
-8.8907764061102202e-07
-3.4577959600294013e-05
-2.0796358152602032e-04
-2.5857518757711084e-04
-2.4258204130498615e-04
-2.1769013385085278e-04
-1.9369707819450412e-04
-1.7045273238006347e-04
-1.5272701900567241e-04
-1.3924009380794820e-04
-1.2855586767565025e-04
-1.1991748956624156e-04
-1.1450573220178243e-04
-1.1116852927147886e-04
-1.0930160845008642e-04
-1.0878160719639475e-04
-1.0920607667995821e-04
-1.1018586006054699e-04
-1.1164400563221926e-04
-1.1362472803979122e-04
-1.1536479115039037e-04
-1.1719531326609623e-04
-1.1904908833414561e-04
-1.2081979917447465e-04
-1.2229239083887841e-04
-1.2359242883532400e-04
-1.2481768406312366e-04
-1.2578795809786429e-04
-1.2656337602798902e-04
-1.2715682228741881e-04
-1.2766649429252626e-04
-1.2796353891902259e-04
-1.2808766507796791e-04
-1.2813961509571177e-04
-1.2810052404603361e-04
-1.2791965269547177e-04
-1.2766318795544851e-04
-1.2734281541313839e-04
-1.2693777794985252e-04
-1.2646777039563680e-04
-1.2596844181824216e-04
-1.2542942424683385e-04
-1.2485589717197148e-04
-1.2419290127920501e-04
-1.2356215906565200e-04
-1.2290502458913515e-04
-1.2217491115834171e-04
-1.2149314376860501e-04
-1.2080142495162707e-04
-1.2000497791511293e-04
-1.1928426871407576e-04
-1.1855892968128864e-04
-1.1775328640545363e-04
-1.1702182638661925e-04
-1.1629318593802900e-04
-1.1544325606689398e-04
-1.1471313721795191e-04
-1.1396063952430034e-04
-1.1313831110118138e-04
-1.1241201541373635e-04
-1.1164191578575989e-04
-1.1082745443910201e-04
-1.1009921123176589e-04
-1.0930463347114004e-04
-1.0853667191414403e-04
-1.0782123448047050e-04
-1.0699487841265068e-04
-1.0626208070312861e-04
-1.0553478844742516e-04
-1.0469487288603148e-04
-1.0401316495238229e-04
-1.0325152659803974e-04
-1.0247019332977915e-04
-1.0178999622240920e-04
-1.0096471002126096e-04
-1.0026253998767228e-04
-9.9555198067442769e-05
-9.8756897526447153e-05
-9.8089146650386146e-05
-9.7316801269541455e-05
-9.6585625095819993e-05
-9.5911638887532380e-05
-9.5119326930548180e-05
-9.4460470986613127e-05
-9.3711012471333290e-05
-9.3005854090732215e-05
-9.2307253089778988e-05
-9.1563792576822360e-05
-9.0910117551103029e-05
-9.0141844257880311e-05
-8.9494034319315653e-05
-8.8775185172818786e-05
-8.8061946321186095e-05
-8.7423581358030150e-05
-8.6646373781374379e-05
-8.6037497999761684e-05
-8.5288320523458985e-05
-8.4642091296581698e-05
-8.3947558851893813e-05
-8.3259153228821135e-05
-8.2595862412223928e-05
-8.1893207896160421e-05
-8.1266488142191806e-05
-8.0525284860349724e-05
-7.9929226873021712e-05
-7.9190356358798948e-05
-7.8569507357630015e-05
-7.7877757925470039e-05
-7.7220865750175132e-05
-7.6563310998811304e-05
-7.5895759522865734e-05
-7.5250397295644096e-05
-7.4574712973383750e-05
-7.3942995426062044e-05
-7.3245631947838738e-05
-7.2649209205411988e-05
-7.1928415171713950e-05
-7.1348310732782653e-05
-7.0632594661970244e-05
-7.0049789754391190e-05
-6.9336298612310810e-05
-6.8755441376571375e-05
-6.8034248920791632e-05
-6.7471179565112892e-05
-6.6742500873156934e-05
-6.6180530936251676e-05
-6.5465551968785088e-05
-6.4892870292501383e-05
-6.4186582291942079e-05
-6.3606065486397054e-05
-6.2902006268825101e-05
-6.2327659177369794e-05
-6.1624431750680135e-05
-6.1039495131997830e-05
-6.0362596038035506e-05
-5.9749446519583949e-05
-5.9102094735706460e-05
-5.8464973904116845e-05
-5.7829014770000250e-05
-5.7182798735020564e-05
-5.6559167427094214e-05
-5.5895945866785435e-05
-5.5299432332213690e-05
-5.4602047740140688e-05
-5.4024263915668219e-05
-5.3326401549895986e-05
-5.2730273333146039e-05
-5.2064484631891951e-05
-5.1426026735649358e-05
-5.0802802751921189e-05
-5.0121323082690087e-05
-4.9532012084974365e-05
-4.8821251965141587e-05
-4.8221232242877644e-05
-4.7550333190238248e-05
-4.6909688659503447e-05
-4.6273371379084056e-05
-4.5594094858970035e-05
-4.4989476234404104e-05
-4.4274450289729775e-05
-4.3657616881455334e-05
-4.2986569043755121e-05
-4.2321265415678622e-05
-4.1694397961301917e-05
-4.0975185985177684e-05
-4.0347140867895845e-05
-3.9672275976080620e-05
-3.8992814565371150e-05
-3.8364571655135759e-05
-3.7672325530652145e-05
0.0000000000000000e+00
];
