%Vec Object:dSdr_b_aug_5280 1 MPI processes
%  type: seq
dSdr_b_aug_5280 = [
2.3266078630474744e+03
0.0000000000000000e+00
-8.8998189096149347e-07
-3.6738654322431086e-07
-2.2800274098102947e-07
-1.6177185886667619e-07
-1.2132892378410097e-07
-9.6326503002144433e-08
-7.9379807676530246e-08
-6.6624244859241233e-08
-5.7152204385057002e-08
-4.9891044584424001e-08
-4.3978230630136058e-08
-3.9188131614926854e-08
-3.5260948078452295e-08
-3.1949341499761109e-08
-2.9119572747632094e-08
-2.6705118834566294e-08
-2.4638481413525075e-08
-1.8232148112318422e-06
-6.6016313384127765e-04
-7.2013736965695363e-04
-6.8196317874958019e-04
-6.4320756543389320e-04
-6.0018251683102665e-04
-5.5866369871309361e-04
-5.1886679852430450e-04
-4.7867836580842984e-04
-4.3744940918797698e-04
-3.9339475795399675e-04
-3.5462854417233209e-04
-3.1737431065495195e-04
-2.8220865726869747e-04
-2.4512336699461892e-04
-2.1495977941172559e-04
-1.8870721545479889e-04
-1.6574418294428304e-04
-1.4405762900613858e-04
-1.2763189357625600e-04
-1.1517367060547433e-04
-1.0533782773904010e-04
-9.7408914501720444e-05
-9.2468329968445223e-05
-8.9456002517109858e-05
-8.7811037031209320e-05
-8.7425525178023368e-05
-8.7916380969798070e-05
-8.8925100451305389e-05
-9.0380675852834200e-05
-9.2343944307405809e-05
-9.4071455699023168e-05
-9.5882419385219763e-05
-9.7725915148782103e-05
-9.9499776021577988e-05
-1.0098559562799283e-04
-1.0231498212204157e-04
-1.0359028708698548e-04
-1.0461802969815432e-04
-1.0546042921443191e-04
-1.0613870614135401e-04
-1.0674784227078880e-04
-1.0714607996731401e-04
-1.0738275510573500e-04
-1.0756990494261992e-04
-1.0765465425801800e-04
-1.0760527332195425e-04
-1.0749463011500074e-04
-1.0732462846393434e-04
-1.0706544206443353e-04
-1.0674956115501792e-04
-1.0641447429465795e-04
-1.0602718946629639e-04
-1.0560606395965936e-04
-1.0512370439902536e-04
-1.0464867478872221e-04
-1.0414631191145324e-04
-1.0359966176537218e-04
-1.0307281069919067e-04
-1.0253542392387207e-04
-1.0192695193244346e-04
-1.0136160725761605e-04
-1.0079334062788250e-04
-1.0017035913862319e-04
-9.9593406744441073e-05
-9.9020389509582639e-05
-9.8354807566248086e-05
-9.7778574920117072e-05
-9.7183688549251369e-05
-9.6538078899669001e-05
-9.5963116612880989e-05
-9.5353108651571078e-05
-9.4711184823706952e-05
-9.4132973689611645e-05
-9.3502966772965408e-05
-9.2896906713165080e-05
-9.2328926578821727e-05
-9.1672489982239108e-05
-9.1095121917536892e-05
-9.0515673560076986e-05
-8.9848862361336377e-05
-8.9312888855572737e-05
-8.8704578251103260e-05
-8.8086224779432369e-05
-8.7549782289783175e-05
-8.6890668399057364e-05
-8.6337289252684898e-05
-8.5777001810101401e-05
-8.5141829359743903e-05
-8.4615153224863260e-05
-8.4003053170227907e-05
-8.3422717940092103e-05
-8.2890523220056109e-05
-8.2263534182839870e-05
-8.1741235279600085e-05
-8.1150053919199001e-05
-8.0591432472406764e-05
-8.0038214716419268e-05
-7.9451996023587144e-05
-7.8935146563278443e-05
-7.8327094240574814e-05
-7.7818974512359364e-05
-7.7248834306552856e-05
-7.6686301718828501e-05
-7.6187205375653408e-05
-7.5569190492035036e-05
-7.5093907730517889e-05
-7.4503345152533238e-05
-7.3992622824735029e-05
-7.3451110827281744e-05
-7.2907107930877220e-05
-7.2386620506511632e-05
-7.1836539052216541e-05
-7.1344066870477973e-05
-7.0763300978634133e-05
-7.0297835652961835e-05
-6.9718059829132492e-05
-6.9233177387793479e-05
-6.8692329006141205e-05
-6.8178130754134120e-05
-6.7665694282146799e-05
-6.7145148634477361e-05
-6.6640503842147215e-05
-6.6116832681131351e-05
-6.5623119391517321e-05
-6.5080373342296389e-05
-6.4620234017165646e-05
-6.4055622088923651e-05
-6.3610496156934882e-05
-6.3052632472234571e-05
-6.2601363208322257e-05
-6.2051268480084484e-05
-6.1600790967661248e-05
-6.1043766054995769e-05
-6.0610541377532482e-05
-6.0047079318655955e-05
-5.9615901062033124e-05
-5.9064507867528552e-05
-5.8624164866904139e-05
-5.8081405086396591e-05
-5.7636363692587827e-05
-5.7094295189521629e-05
-5.6658416758892952e-05
-5.6115156145225534e-05
-5.5671165457821580e-05
-5.5153712515485854e-05
-5.4684224163659362e-05
-5.4194037722951217e-05
-5.3705774000784846e-05
-5.3223826820350645e-05
-5.2732178230173597e-05
-5.2258658900278604e-05
-5.1756113902370714e-05
-5.1304754054035814e-05
-5.0776221621148628e-05
-5.0340589512373347e-05
-4.9811947810748778e-05
-4.9363039369143499e-05
-4.8861472091711161e-05
-4.8379150052476336e-05
-4.7913789176790703e-05
-4.7397838961540695e-05
-4.6958801264580436e-05
-4.6424454452119872e-05
-4.5974349751244382e-05
-4.5475512559469702e-05
-4.4994478799576304e-05
-4.4521179217170722e-05
-4.4014082123166458e-05
-4.3564789262826893e-05
-4.3032532538079827e-05
-4.2574429452286405e-05
-4.2075618429551289e-05
-4.1582480197700149e-05
-4.1117643603966867e-05
-4.0585542913351142e-05
-4.0120279666646973e-05
-3.9621038173261907e-05
-3.9118937818347184e-05
-3.8648034026851581e-05
-3.8109040694858620e-05
0.0000000000000000e+00
];
