%Vec Object:dSdr_b_aug_1000 1 MPI processes
%  type: seq
dSdr_b_aug_1000 = [
2.4675719432000224e+03
0.0000000000000000e+00
-2.4233629645423635e-06
-9.8841919025387661e-07
-6.0204710505785023e-07
-4.2248076055323609e-07
-3.1685823745530774e-07
-2.5166084509721282e-07
-2.0747480371597752e-07
-1.7397094005881845e-07
-1.4910336057795466e-07
-1.3005062251556578e-07
-1.1451181654301985e-07
-1.0192301182406911e-07
-9.1604958926277576e-08
-8.2903641972519549e-08
-7.5467619606103894e-08
-6.9124248228739928e-08
-6.3640434216603668e-08
-5.8801537727205665e-08
-5.4562724805927962e-08
-5.0824664494294546e-08
-4.7464160481269905e-08
-4.4460027160051720e-08
-4.1765456151793132e-08
-4.0154098958933135e-08
-9.2165927988337933e-07
-1.5321668725994597e-04
-4.4976984300835603e-04
-4.2633864024472893e-04
-3.8684913782552089e-04
-3.4738798050983527e-04
-3.1002432392792105e-04
-2.7062571078269857e-04
-2.3859009515693103e-04
-2.1071875460506307e-04
-1.8634400226692232e-04
-1.6332183073201984e-04
-1.4588356333228772e-04
-1.3265299994058878e-04
-1.2219091109000256e-04
-1.1374231846468505e-04
-1.0845749425362080e-04
-1.0520822936635708e-04
-1.0340156123731152e-04
-1.0291809285251942e-04
-1.0336055817098040e-04
-1.0434814712109285e-04
-1.0580550207297436e-04
-1.0778138052546208e-04
-1.0951796576965574e-04
-1.1134309850795699e-04
-1.1319403977189890e-04
-1.1496560900079692e-04
-1.1644182912656959e-04
-1.1774992375590261e-04
-1.1898892091704325e-04
-1.1997497458259793e-04
-1.2076878462120885e-04
-1.2138552428998597e-04
-1.2192250795667245e-04
-1.2224733904097281e-04
-1.2240236985383161e-04
-1.2249144414400685e-04
-1.2248635821712070e-04
-1.2234159257771185e-04
-1.2212516867045898e-04
-1.2184608614337050e-04
-1.2148109760066480e-04
-1.2105341131971972e-04
-1.2059918146824523e-04
-1.2010182782029439e-04
-1.1957014831274918e-04
-1.1895675285727404e-04
-1.1836876736030657e-04
-1.1775413120747556e-04
-1.1707439443797169e-04
-1.1643516509982147e-04
-1.1578582389423604e-04
-1.1504099236930355e-04
-1.1436294427566694e-04
-1.1368073530487490e-04
-1.1292524858060316e-04
-1.1223621436256957e-04
-1.1155030603795931e-04
-1.1075099569765922e-04
-1.1006313200608165e-04
-1.0935391233283780e-04
-1.0858010856998766e-04
-1.0789536706566229e-04
-1.0716922651783974e-04
-1.0640214170865307e-04
-1.0571509534984377e-04
-1.0496570658240975e-04
-1.0424220105021290e-04
-1.0356725346018778e-04
-1.0278755503764237e-04
-1.0209743626519879e-04
-1.0141074000241712e-04
-1.0061835660799597e-04
-9.9976665432733892e-05
-9.9257128761033399e-05
-9.8520547398501146e-05
-9.7879823224819980e-05
-9.7100165541825218e-05
-9.6438851341703298e-05
-9.5771888475447715e-05
-9.5018380578078563e-05
-9.4389366798820423e-05
-9.3661022490829399e-05
-9.2971265073638794e-05
-9.2336212764316397e-05
-9.1589296109707223e-05
-9.0967936752674980e-05
-9.0261938864992229e-05
-8.9597017406596648e-05
-8.8938336537685273e-05
-8.8238052355280069e-05
-8.7621947635794779e-05
-8.6897668700045686e-05
-8.6288215653243511e-05
-8.5610199813233669e-05
-8.4938342702156453e-05
-8.4338218857813455e-05
-8.3604723268084063e-05
-8.3032530156772880e-05
-8.2326906005910280e-05
-8.1717884963506220e-05
-8.1065369677599144e-05
-8.0416614900044088e-05
-7.9792535769906262e-05
-7.9131775534165667e-05
-7.8541918101423830e-05
-7.7844768491902176e-05
-7.7284569220426762e-05
-7.6589383672377216e-05
-7.6005868965344913e-05
-7.5355554618417543e-05
-7.4737843953353951e-05
-7.4120136395328424e-05
-7.3492950393101248e-05
-7.2886226920576289e-05
-7.2252282987896515e-05
-7.1658459163935671e-05
-7.1003551137115652e-05
-7.0444549566402916e-05
-6.9766640582220117e-05
-6.9223598965796596e-05
-6.8551226537080288e-05
-6.8004539042448408e-05
-6.7335913807088340e-05
-6.6790856532095375e-05
-6.6114741664813424e-05
-6.5587325294203474e-05
-6.4904012187221285e-05
-6.4377955196815237e-05
-6.3707893923526420e-05
-6.3171549890579030e-05
-6.2510163687998183e-05
-6.1966845728282866e-05
-6.1307266018406550e-05
-6.0770939557290248e-05
-6.0111635766134109e-05
-5.9565399853385343e-05
-5.8932281268616834e-05
-5.8358577835964393e-05
-5.7754380086147102e-05
-5.7158131845932796e-05
-5.6564460620659551e-05
-5.5960684872655325e-05
-5.5378270279640429e-05
-5.4759166121840807e-05
-5.4202507425803504e-05
-5.3551484663940779e-05
-5.3012730855021502e-05
-5.2361330887216033e-05
-5.1805623589737068e-05
-5.1184923747726691e-05
-5.0589334012146717e-05
-5.0009451854922431e-05
-4.9373418298282164e-05
-4.8825363450065773e-05
-4.8163035967970111e-05
-4.7604171560474222e-05
-4.6980507279571608e-05
-4.6383676513390575e-05
-4.5792105749916275e-05
-4.5160087759079837e-05
-4.4598095204009317e-05
-4.3933224102930482e-05
-4.3359935741031436e-05
-4.2736127984726467e-05
-4.2118024323778118e-05
-4.1535541497038840e-05
-4.0867544412097577e-05
-4.0283930499706245e-05
-3.9656804355913921e-05
-3.9025009397190389e-05
-3.8437057430471909e-05
-3.7771378603738131e-05
0.0000000000000000e+00
];
