%Vec Object:dSdr_b_aug_1240 1 MPI processes
%  type: seq
dSdr_b_aug_1240 = [
2.4499239599350503e+03
0.0000000000000000e+00
-2.1226138076671562e-06
-8.6683861802068858e-07
-5.2913358910527817e-07
-3.7168564929354351e-07
-2.7860912256023831e-07
-2.2114448746828201e-07
-1.8219910268915758e-07
-1.5270600269101149e-07
-1.3081468152984534e-07
-1.1404112882480133e-07
-1.0036640130333310e-07
-8.9288544418050438e-08
-8.0208719901488166e-08
-7.2552401246507895e-08
-6.6010257478701278e-08
-6.0429383254872893e-08
-5.5604817036307801e-08
-5.1348221759372176e-08
-4.7619485847873121e-08
-4.4331192501559677e-08
-4.1375364424558710e-08
-3.8733267123637372e-08
-3.7027446978981015e-08
-1.2664114966837818e-06
-2.3982481799977938e-04
-5.0023163666533814e-04
-4.6979108193775769e-04
-4.2403638725987237e-04
-3.8311898613877123e-04
-3.4377555717934682e-04
-3.0665900686529775e-04
-2.6753746272918839e-04
-2.3572800170572014e-04
-2.0805260397193439e-04
-1.8384881354066178e-04
-1.6098841021397044e-04
-1.4367278407041064e-04
-1.3053577068021887e-04
-1.2014953672309739e-04
-1.1176389123262070e-04
-1.0652076382518514e-04
-1.0330019861410615e-04
-1.0151311723041239e-04
-1.0104151423031464e-04
-1.0148984114727240e-04
-1.0247998977502094e-04
-1.0393712936926493e-04
-1.0591148059829990e-04
-1.0764696692619747e-04
-1.0947038357410643e-04
-1.1132042313320432e-04
-1.1309227007722371e-04
-1.1456965308417457e-04
-1.1588032685499261e-04
-1.1712372198959167e-04
-1.1811482542477089e-04
-1.1891452106941440e-04
-1.1953871466768435e-04
-1.2008443805160574e-04
-1.2041816075791250e-04
-1.2058308100113492e-04
-1.2068403498857798e-04
-1.2068983062828920e-04
-1.2055661874399574e-04
-1.2035300782740268e-04
-1.2008713803098249e-04
-1.1973496507270848e-04
-1.1932082152796590e-04
-1.1888102319708905e-04
-1.1839700193802175e-04
-1.1787871358498622e-04
-1.1728119020083530e-04
-1.1670688679097873e-04
-1.1610585004039308e-04
-1.1544223373646932e-04
-1.1481661651604227e-04
-1.1418083608760076e-04
-1.1345252146468355e-04
-1.1278812486949864e-04
-1.1211971746412247e-04
-1.1138028077719035e-04
-1.1070482276343307e-04
-1.1003258866559710e-04
-1.0924947651874965e-04
-1.0857513442706588e-04
-1.0787976367016248e-04
-1.0712148774606143e-04
-1.0645004353299925e-04
-1.0573796984182686e-04
-1.0498604547400569e-04
-1.0431218206140980e-04
-1.0357725372322096e-04
-1.0286797407205522e-04
-1.0220598318910138e-04
-1.0144121516562464e-04
-1.0076475360867260e-04
-1.0009104804884335e-04
-9.9313874932844263e-05
-9.8684989109392744e-05
-9.7978924983746163e-05
-9.7256664257960098e-05
-9.6628571454984756e-05
-9.5863514929323926e-05
-9.5215274610003942e-05
-9.4561233033338196e-05
-9.3822058772459729e-05
-9.3205440858255175e-05
-9.2491176884515721e-05
-9.1814673462276694e-05
-9.1192079995453990e-05
-9.0459689829217453e-05
-8.9850329375784217e-05
-8.9158238882363627e-05
-8.8506193234456955e-05
-8.7860286804080189e-05
-8.7173819041907146e-05
-8.6569736817825521e-05
-8.5859536070963179e-05
-8.5262357227825104e-05
-8.4597408042661729e-05
-8.3938793085708971e-05
-8.3350906398511741e-05
-8.2631398642352122e-05
-8.2070943985698995e-05
-8.1379256896890663e-05
-8.0782142475006307e-05
-8.0143072679483859e-05
-7.9507006174319746e-05
-7.8895474785609912e-05
-7.8248120727873594e-05
-7.7670059261793979e-05
-7.6987006849873303e-05
-7.6438282395946975e-05
-7.5757076063656269e-05
-7.5185508361806785e-05
-7.4548453274538175e-05
-7.3943280728719303e-05
-7.3338324310222918e-05
-7.2724055300662829e-05
-7.2129696273646608e-05
-7.1509109311810440e-05
-7.0927411530463658e-05
-7.0286089300478427e-05
-6.9739062563062686e-05
-6.9074876855720150e-05
-6.8543695409243113e-05
-6.7885193016269042e-05
-6.7350063170710305e-05
-6.6695795105215010e-05
-6.6162193905586867e-05
-6.5500503959019745e-05
-6.4984496644187920e-05
-6.4315700631043616e-05
-6.3801135899535922e-05
-6.3145448412292181e-05
-6.2620732559110263e-05
-6.1973715075441606e-05
-6.1442300901870639e-05
-6.0796954801385462e-05
-6.0272795122822288e-05
-5.9627547091563726e-05
-5.9093695616431920e-05
-5.8474587025085404e-05
-5.7913506590457991e-05
-5.7323118404587106e-05
-5.6739949692035238e-05
-5.6159810923464414e-05
-5.5569616425377406e-05
-5.5000391574373324e-05
-5.4395405420040845e-05
-5.3851500751093284e-05
-5.3215314310201819e-05
-5.2689050696602186e-05
-5.2052519363281076e-05
-5.1509747502345420e-05
-5.0903476937135026e-05
-5.0321605965417467e-05
-4.9755594275723555e-05
-4.9134104725378164e-05
-4.8599253275097509e-05
-4.7952425919704519e-05
-4.7406733167754358e-05
-4.6798186342644279e-05
-4.6215378762377450e-05
-4.5638130252355098e-05
-4.5021239144343429e-05
-4.4472892087765682e-05
-4.3824077153242101e-05
-4.3264731763464288e-05
-4.2656052320677352e-05
-4.2053068537279522e-05
-4.1484811663585895e-05
-4.0833238353463913e-05
-4.0263899601335276e-05
-3.9652154034099290e-05
-3.9035834723620162e-05
-3.8461402310877432e-05
-3.7807563462179454e-05
0.0000000000000000e+00
];
