%Vec Object:dSdr_b_aug_6850 1 MPI processes
%  type: seq
dSdr_b_aug_6850 = [
2.3036210922566397e+03
0.0000000000000000e+00
-7.6524591764679066e-07
-3.1637943794955946e-07
-1.9681661460087314e-07
-1.3984527649737548e-07
-1.0488349047549755e-07
-8.3265075851359875e-08
-6.8611902871735811e-08
-5.7593725473938321e-08
-4.9411255731675639e-08
-4.3138144875654791e-08
-3.8031091625142573e-08
-3.3893777222065209e-08
-3.0501630306515229e-08
-2.7641231344808399e-08
-2.5197065256723389e-08
-2.3118760131079649e-08
-1.3323105199554202e-06
-6.9932108094727257e-04
-7.4967748262759709e-04
-7.1095663299026340e-04
-6.7253614906564107e-04
-6.3426002007072328e-04
-5.9177286087879583e-04
-5.5075879129780608e-04
-5.1143515715535782e-04
-4.7171843956858302e-04
-4.3096472416150159e-04
-3.8740444876626340e-04
-3.4907083512418014e-04
-3.1222535655132542e-04
-2.7744033789465610e-04
-2.4075218499837559e-04
-2.1090957991122777e-04
-1.8493449713128581e-04
-1.6221343657996099e-04
-1.4075580594156802e-04
-1.2450361631917875e-04
-1.1217777049652907e-04
-1.0244926441887378e-04
-9.4609422682533453e-05
-8.9727839744711623e-05
-8.6756122725400190e-05
-8.5138872609523129e-05
-8.4770150197531268e-05
-8.5269299933656416e-05
-8.6281641075064950e-05
-8.7736911406367425e-05
-8.9698018476534600e-05
-9.1423974576037366e-05
-9.3232509667886797e-05
-9.5074729154111918e-05
-9.6848982616207929e-05
-9.8336447369559558e-05
-9.9669483062223845e-05
-1.0095101092334750e-04
-1.0198589875372332e-04
-1.0283662622949284e-04
-1.0352545033573783e-04
-1.0414695306552308e-04
-1.0455777232796144e-04
-1.0480844095842226e-04
-1.0501240055467274e-04
-1.0511254727128334e-04
-1.0507951490264472e-04
-1.0498700211034063e-04
-1.0483569651778329e-04
-1.0459464421564920e-04
-1.0429792634264476e-04
-1.0398326016765166e-04
-1.0361484074173742e-04
-1.0321266379916421e-04
-1.0275276334036764e-04
-1.0229709397464297e-04
-1.0181397434686183e-04
-1.0129013479815719e-04
-1.0078254498145520e-04
-1.0026434681238918e-04
-9.9679246390696547e-05
-9.9133218699792191e-05
-9.8584481403020342e-05
-9.7984210873029679e-05
-9.7426468927534226e-05
-9.6872800848581166e-05
-9.6230139514830548e-05
-9.5673040059111644e-05
-9.5097750038670902e-05
-9.4474112442237898e-05
-9.3917965951322593e-05
-9.3327862735558716e-05
-9.2707391094113670e-05
-9.2147833961204236e-05
-9.1538288707150434e-05
-9.0952358421088090e-05
-9.0402712160377266e-05
-8.9767402244907707e-05
-8.9209359287497383e-05
-8.8648292874320521e-05
-8.8003004349339171e-05
-8.7485150511157852e-05
-8.6895903715298112e-05
-8.6297814161359997e-05
-8.5779245251308431e-05
-8.5140792217403171e-05
-8.4605912830539558e-05
-8.4063909254079321e-05
-8.3449019163726778e-05
-8.2939883413446237e-05
-8.2347707295506062e-05
-8.1786126720813753e-05
-8.1271561504130195e-05
-8.0665127723027847e-05
-8.0159807506870672e-05
-7.9588305378212502e-05
-7.9047903458472725e-05
-7.8512761788300040e-05
-7.7946093603829591e-05
-7.7446256223317049e-05
-7.6858124820971865e-05
-7.6367373347253797e-05
-7.5815722730680185e-05
-7.5271928068276558e-05
-7.4790147566256341e-05
-7.4191925761694431e-05
-7.3733253175995163e-05
-7.3162411841066406e-05
-7.2668537653339469e-05
-7.2146051323195487e-05
-7.1620002623033323e-05
-7.1117270545650665e-05
-7.0586159143603953e-05
-7.0110378543911743e-05
-6.9549560516862425e-05
-6.9100332350518728e-05
-6.8540337455588109e-05
-6.8072360338009466e-05
-6.7550274146393035e-05
-6.7053817665361807e-05
-6.6559424397957245e-05
-6.6057156645906514e-05
-6.5570007894452870e-05
-6.5065237219927893e-05
-6.4588682642382426e-05
-6.4065160890480440e-05
-6.3621966330447904e-05
-6.3076773256003896e-05
-6.2648429858539525e-05
-6.2110192715280027e-05
-6.1675277938522032e-05
-6.1145499078977972e-05
-6.0711232352534689e-05
-6.0174619207155504e-05
-5.9757538812749454e-05
-5.9214618983138846e-05
-5.8799702779499286e-05
-5.8268649071293388e-05
-5.7844760498325695e-05
-5.7322333081340589e-05
-5.6894136153419554e-05
-5.6372208890144306e-05
-5.5953547129876952e-05
-5.5430176165080559e-05
-5.5003710209148722e-05
-5.4506082236451220e-05
-5.4054456277575301e-05
-5.3583811294296553e-05
-5.3114056076959862e-05
-5.2651258368854910e-05
-5.2178828370989879e-05
-5.1723973725741381e-05
-5.1241407017898599e-05
-5.0808095511257586e-05
-5.0300558039498274e-05
-4.9882601210348298e-05
-4.9375000504904719e-05
-4.8944397725100912e-05
-4.8463250156066089e-05
-4.8000342696574021e-05
-4.7554611371133534e-05
-4.7059244167239654e-05
-4.6638892918846010e-05
-4.6126483058194606e-05
-4.5695021118587993e-05
-4.5217580901157686e-05
-4.4756396761730881e-05
-4.4303371351685824e-05
-4.3817688820487856e-05
-4.3387716673135194e-05
-4.2878195177657604e-05
-4.2439841621441387e-05
-4.1962464181268932e-05
-4.1490757762534616e-05
-4.1046104194285862e-05
-4.0537324409032374e-05
-4.0092392790811170e-05
-3.9615155059712933e-05
-3.9135464132433655e-05
-3.8685127890326814e-05
-3.8170535600218516e-05
0.0000000000000000e+00
];
