%Vec Object:dSdr_b_aug_9050 1 MPI processes
%  type: seq
dSdr_b_aug_9050 = [
2.2789066624226698e+03
0.0000000000000000e+00
-6.5322334523855267e-07
-2.7056108809410752e-07
-1.6876547235998898e-07
-1.2012444465184127e-07
-9.0123225362157660e-08
-7.1567770399451019e-08
-5.8990301464904073e-08
-4.9541534852867474e-08
-4.2523850121479661e-08
-3.7143189646132013e-08
-3.2763279694036589e-08
-2.9214895414509754e-08
-2.6305413417664494e-08
-2.3851890771501595e-08
-2.1758589415951018e-08
-1.4531463212954516e-06
-7.5879890840758167e-04
-7.8047610459959775e-04
-7.3870244679099520e-04
-7.0003940850087002e-04
-6.6216469484933922e-04
-6.2442626883421745e-04
-5.8253046270700948e-04
-5.4207112769439183e-04
-5.0326762331976728e-04
-4.6406933085560854e-04
-4.2383791581323681e-04
-3.8082097015768610e-04
-3.4296279342472332e-04
-3.0656654537947377e-04
-2.7219985252841569e-04
-2.3594816221511535e-04
-2.0645832384413724e-04
-1.8078819903893286e-04
-1.5833307127370092e-04
-1.3712703264424488e-04
-1.2106557393088629e-04
-1.0888521372748369e-04
-9.9274673332202574e-05
-9.1532723302765342e-05
-8.6715984509031156e-05
-8.3788898963503021e-05
-8.2202108373721696e-05
-8.1851837661379387e-05
-8.2360102372043504e-05
-8.3376423559907264e-05
-8.4831358390889829e-05
-8.6790089844332590e-05
-8.8514336452207064e-05
-9.0320202287725974e-05
-9.2161019028373997e-05
-9.3935703928007167e-05
-9.5424976709142166e-05
-9.6762022927550178e-05
-9.8050389865157124e-05
-9.9093130426646962e-05
-9.9953010492110432e-05
-1.0065342615987012e-04
-1.0128852003525241e-04
-1.0171316669620875e-04
-1.0197921446350449e-04
-1.0220164833597813e-04
-1.0231871711741332e-04
-1.0230365216659829e-04
-1.0223106508137172e-04
-1.0210030685120050e-04
-1.0187918430459901e-04
-1.0160352701385314e-04
-1.0131130360487752e-04
-1.0096361765589967e-04
-1.0058226558704474e-04
-1.0014704815917140e-04
-9.9712656113603711e-05
-9.9250685226153190e-05
-9.8751915010444140e-05
-9.8265493717008786e-05
-9.7768384234953021e-05
-9.7208969667754086e-05
-9.6684171754138348e-05
-9.6156897611008219e-05
-9.5581586910957800e-05
-9.5044957658775326e-05
-9.4512554715549257e-05
-9.3895083622465514e-05
-9.3359011952035944e-05
-9.2805258739888676e-05
-9.2205768900532642e-05
-9.1670301371847069e-05
-9.1102073897670409e-05
-9.0505178668882439e-05
-8.9966122682693376e-05
-8.9379065234450531e-05
-8.8815258001233166e-05
-8.8285761060433057e-05
-8.7673669820814576e-05
-8.7136865570702272e-05
-8.6596001308410610e-05
-8.5974366663970738e-05
-8.5476426729040578e-05
-8.4908131470535705e-05
-8.4332312402415465e-05
-8.3833386944962151e-05
-8.3217640641705334e-05
-8.2703092892818516e-05
-8.2181183682961424e-05
-8.1588584347261760e-05
-8.1098725861438245e-05
-8.0528446583328422e-05
-7.9987477783195296e-05
-7.9492287774644477e-05
-7.8908444667334608e-05
-7.8421784398359973e-05
-7.7871910173930121e-05
-7.7351531911541734e-05
-7.6836256253793786e-05
-7.6291074504114390e-05
-7.5809933770612677e-05
-7.5243695894094774e-05
-7.4772032511326525e-05
-7.4240702356991557e-05
-7.3717501083668007e-05
-7.3254751069584497e-05
-7.2678282291220873e-05
-7.2237864652288414e-05
-7.1688697394533285e-05
-7.1213339681818003e-05
-7.0711762976348111e-05
-7.0205446331220162e-05
-6.9722227769419341e-05
-6.9211964870525761e-05
-6.8754528686147499e-05
-6.8215633799873122e-05
-6.7784250628898928e-05
-6.7245995409074297e-05
-6.6796597614562006e-05
-6.6295131482559894e-05
-6.5818173598808477e-05
-6.5343610211018516e-05
-6.4861430269504665e-05
-6.4393510053648777e-05
-6.3909511431197577e-05
-6.3451814658372580e-05
-6.2949420834537584e-05
-6.2524848947688948e-05
-6.2000997624115509e-05
-6.1591098605905640e-05
-6.1074431467807654e-05
-6.0657490638192874e-05
-6.0150039370561693e-05
-5.9733588661892511e-05
-5.9219408504558024e-05
-5.8820071041244721e-05
-5.8299727581935407e-05
-5.7902683742870911e-05
-5.7393983588004620e-05
-5.6988178805690527e-05
-5.6488097116229018e-05
-5.6078412641890364e-05
-5.5578621059789136e-05
-5.5178880816773915e-05
-5.4677369032628415e-05
-5.4270163163373350e-05
-5.3794323291273472e-05
-5.3362328520839515e-05
-5.2913160056786231e-05
-5.2463746124273499e-05
-5.2021994141195623e-05
-5.1570685836333860e-05
-5.1136344131416797e-05
-5.0675734049350775e-05
-5.0262258118151806e-05
-4.9777794626769707e-05
-4.9379263381963282e-05
-4.8894787264722579e-05
-4.8484302889372158e-05
-4.8025597118552501e-05
-4.7584026810933665e-05
-4.7159868908449031e-05
-4.6687123019671620e-05
-4.6287308741711449e-05
-4.5799008251339695e-05
-4.5388035323815250e-05
-4.4934111096718177e-05
-4.4494742419091439e-05
-4.4063999122553532e-05
-4.3601852098444326e-05
-4.3193114373958029e-05
-4.2708580074413713e-05
-4.2291932560763697e-05
-4.1838112264150519e-05
-4.1389961478425949e-05
-4.0967491784810035e-05
-4.0484345648734035e-05
-4.0061764547848704e-05
-3.9608719551444325e-05
-3.9153678446982848e-05
-3.8726005985436324e-05
-3.8238544978169928e-05
0.0000000000000000e+00
];
