%Vec Object:dSdr_b_aug_680 1 MPI processes
%  type: seq
dSdr_b_aug_680 = [
2.4983129273171680e+03
0.0000000000000000e+00
-3.0681749088787587e-06
-1.2480255387543943e-06
-7.5686481924199856e-07
-5.2994531036059128e-07
-3.9768329403867101e-07
-3.1607402950778259e-07
-2.6076645534046852e-07
-2.1873847017853548e-07
-1.8754648433883074e-07
-1.6365118039338776e-07
-1.4415204656573864e-07
-1.2835354571409436e-07
-1.1540535214036679e-07
-1.0448477444120905e-07
-9.5150874336191449e-08
-8.7188684153273688e-08
-8.0305398321322297e-08
-7.4230815447146220e-08
-6.8909636959308702e-08
-6.4217198526018064e-08
-5.9998316928537449e-08
-5.6226835415464395e-08
-5.2843350182723203e-08
-4.9772687460240674e-08
-4.6984527689527434e-08
-4.6387641543368432e-08
-6.7772563426104572e-07
-6.1860448318195631e-05
-3.2736510190816131e-04
-3.4550167485705149e-04
-3.1458859084917257e-04
-2.7579209418329090e-04
-2.4356120028559740e-04
-2.1538989393379260e-04
-1.9072609442852436e-04
-1.6742309456042919e-04
-1.4977040915476703e-04
-1.3637581103446376e-04
-1.2578052868435181e-04
-1.1722133548895656e-04
-1.1186323230908036e-04
-1.0856352230793244e-04
-1.0672242356833607e-04
-1.0621809712806268e-04
-1.0665025907861403e-04
-1.0763334937542793e-04
-1.0909108457546600e-04
-1.1106964956463299e-04
-1.1280816776823418e-04
-1.1463631854483601e-04
-1.1648884557513319e-04
-1.1825992644886753e-04
-1.1973410157740177e-04
-1.2103766065758501e-04
-1.2226892378710167e-04
-1.2324609721805880e-04
-1.2402955718292339e-04
-1.2463318884229762e-04
-1.2515480341341914e-04
-1.2546399827331856e-04
-1.2560163819804991e-04
-1.2566982166858483e-04
-1.2564560016078063e-04
-1.2548051688667159e-04
-1.2524156094642907e-04
-1.2493924343843406e-04
-1.2455171831238167e-04
-1.2410021673260179e-04
-1.2362060863328303e-04
-1.2309980959326888e-04
-1.2254458135065149e-04
-1.2190327440971069e-04
-1.2129122857377270e-04
-1.2065267748536921e-04
-1.1994459242492817e-04
-1.1928142579368285e-04
-1.1860823757816213e-04
-1.1783436062591131e-04
-1.1713230599018469e-04
-1.1642582658356445e-04
-1.1564211542583273e-04
-1.1492920707771505e-04
-1.1421925224576343e-04
-1.1339145693967678e-04
-1.1267981514180804e-04
-1.1194624176924303e-04
-1.1114513187982686e-04
-1.1043700672543693e-04
-1.0968612922594413e-04
-1.0889238436876693e-04
-1.0818215544051948e-04
-1.0740733761478332e-04
-1.0665881548535696e-04
-1.0596108317593249e-04
-1.0515512924365968e-04
-1.0444099388876297e-04
-1.0373145317204918e-04
-1.0291232215005032e-04
-1.0224811247142853e-04
-1.0150488404169801e-04
-1.0074311955735658e-04
-1.0008018288250199e-04
-9.9274848783418196e-05
-9.8590543879015883e-05
-9.7900858596675238e-05
-9.7122144635318177e-05
-9.6471332411702390e-05
-9.5718227475551966e-05
-9.5005162568469621e-05
-9.4348201064983522e-05
-9.3575739207401207e-05
-9.2933279467597067e-05
-9.2202825068059591e-05
-9.1515261162749135e-05
-9.0834116111771529e-05
-9.0109535393969299e-05
-8.9472288799276147e-05
-8.8723253018636083e-05
-8.8092215505993242e-05
-8.7391221654223259e-05
-8.6696077913311163e-05
-8.6074434753149811e-05
-8.5316341241748570e-05
-8.4723505796828800e-05
-8.3993373008635366e-05
-8.3363413912821330e-05
-8.2687254433949729e-05
-8.2016187052979573e-05
-8.1370042446791919e-05
-8.0685707154520681e-05
-8.0075106264922149e-05
-7.9353166428491997e-05
-7.8772788453943801e-05
-7.8053020157290218e-05
-7.7448496396038960e-05
-7.6774865366983740e-05
-7.6135106166001461e-05
-7.5494975472344291e-05
-7.4845074682477371e-05
-7.4216608091746915e-05
-7.3559175664845292e-05
-7.2944027968145864e-05
-7.2265229057473713e-05
-7.1685169527178444e-05
-7.0983127907270924e-05
-7.0419229978823343e-05
-6.9722466846113844e-05
-6.9155455040565610e-05
-6.8461582474834486e-05
-6.7896379520698819e-05
-6.7194898195889512e-05
-6.6647418845102577e-05
-6.5938577207578871e-05
-6.5392310939908749e-05
-6.4696973165664432e-05
-6.4140180855003979e-05
-6.3453527083958257e-05
-6.2889276210809366e-05
-6.2204666550812920e-05
-6.1646944719376552e-05
-6.0962923763896062e-05
-6.0394909763239777e-05
-5.9737154533202004e-05
-5.9141253541472941e-05
-5.8512771654055403e-05
-5.7893523089905812e-05
-5.7276055084991471e-05
-5.6648396789114644e-05
-5.6042788163104568e-05
-5.5398857648744904e-05
-5.4819771229769668e-05
-5.4142659044810503e-05
-5.3581941590934048e-05
-5.2904395522339802e-05
-5.2325941781853313e-05
-5.1679868653704045e-05
-5.1060155208502703e-05
-5.0455882711917616e-05
-4.9794274568065676e-05
-4.9223002823224306e-05
-4.8533419872899880e-05
-4.7951394970558330e-05
-4.7301148873983054e-05
-4.6679661093211801e-05
-4.6062908048444265e-05
-4.5404293687219903e-05
-4.4818310922806229e-05
-4.4125212013882282e-05
-4.3527414097705689e-05
-4.2877015582827288e-05
-4.2232340873939364e-05
-4.1624866724876406e-05
-4.0928026838605149e-05
-4.0319373067326033e-05
-3.9665315216165155e-05
-3.9006552259831404e-05
-3.8395519574969970e-05
-3.7712717099914748e-05
0.0000000000000000e+00
];
