%Vec Object:dSdr_b_aug_9130 1 MPI processes
%  type: seq
dSdr_b_aug_9130 = [
2.2783218627257675e+03
0.0000000000000000e+00
-6.5091722685111269e-07
-2.6965230293230822e-07
-1.6823147083011183e-07
-1.1976603037171039e-07
-8.9868181714452852e-08
-7.1376394997731057e-08
-5.8841954497097561e-08
-4.9425203765459495e-08
-4.2431198131115593e-08
-3.7068651916905930e-08
-3.2703291620723679e-08
-2.9166622199637851e-08
-2.6266716376684993e-08
-2.3821196342584611e-08
-2.1735770489747161e-08
-1.9166303658984901e-06
-7.7042450893668709e-04
-7.8012254617458511e-04
-7.3832361353596339e-04
-6.9967922063563111e-04
-6.6182266606025475e-04
-6.2410197448729300e-04
-5.8222566985824474e-04
-5.4178462870764781e-04
-5.0299827700791243e-04
-4.6381708100378598e-04
-4.2360289021841339e-04
-3.8060386232062222e-04
-3.4276136439689956e-04
-3.0637993093535595e-04
-2.7202703350199132e-04
-2.3578973671615046e-04
-2.0631153177631763e-04
-1.8065146384060938e-04
-1.5820510591406983e-04
-1.3700736419915575e-04
-1.2095219534188681e-04
-1.0877663290962170e-04
-9.9169982741988317e-05
-9.1431260947137988e-05
-8.6616660556092665e-05
-8.3691046851606601e-05
-8.2105260744483690e-05
-8.1755598524163383e-05
-8.2264163823130378e-05
-8.3280616261257332e-05
-8.4735540025776397e-05
-8.6694193134473021e-05
-8.8418383365095819e-05
-9.0224161172659686e-05
-9.2064931652078175e-05
-9.3839630777738982e-05
-9.5328963181823734e-05
-9.6666141656591214e-05
-9.7954734129713689e-05
-9.8997733654819053e-05
-9.9857915550323316e-05
-1.0055871347985901e-04
-1.0119425555873465e-04
-1.0161935821433686e-04
-1.0188591314908567e-04
-1.0210895625959166e-04
-1.0222658309076985e-04
-1.0221211066307307e-04
-1.0214018068084932e-04
-1.0201010005446805e-04
-1.0178963474445105e-04
-1.0151467198236884e-04
-1.0122318868330213e-04
-1.0087618647586473e-04
-1.0049552116262889e-04
-1.0006111772349132e-04
-9.9627427354220669e-05
-9.9166153902822566e-05
-9.8668210415255421e-05
-9.8182487210300983e-05
-9.7686073183927098e-05
-9.7127505676369749e-05
-9.6603407871294949e-05
-9.6076841532931060e-05
-9.5502353949951090e-05
-9.4966420945187885e-05
-9.4434719276588754e-05
-9.3818078899022666e-05
-9.3282700675971744e-05
-9.2729657697614604e-05
-9.2130964195106624e-05
-9.1596178610449600e-05
-9.1028672547324266e-05
-9.0432554813791674e-05
-8.9894174907710376e-05
-8.9307859055003244e-05
-8.8744781388618146e-05
-8.8215948925512232e-05
-8.7604623383851629e-05
-8.7068519536919318e-05
-8.6528321494583135e-05
-8.5907466900162497e-05
-8.5410183679456069e-05
-8.4842579354162624e-05
-8.4267494715333706e-05
-8.3769217053698234e-05
-8.3154219566091041e-05
-8.2640342307795710e-05
-8.2119095763875688e-05
-8.1527231525918399e-05
-8.1038008759905540e-05
-8.0468451589150680e-05
-7.9928162517900163e-05
-7.9433611459137578e-05
-7.8850513340244450e-05
-7.8364468433423788e-05
-7.7815307447513384e-05
-7.7295589519302499e-05
-7.6780968996976374e-05
-7.6236495820508884e-05
-7.5755971659481630e-05
-7.5190455781119027e-05
-7.4719421879760022e-05
-7.4188761847603817e-05
-7.3666239696965275e-05
-7.3204117264711476e-05
-7.2628365851212562e-05
-7.2188550218581682e-05
-7.1640097722160427e-05
-7.1165350640377059e-05
-7.0664463486392088e-05
-7.0158797559246634e-05
-6.9676222508517621e-05
-6.9166647145516897e-05
-6.8709815918025074e-05
-6.8171644006749114e-05
-6.7740849322985502e-05
-6.7203311027931166e-05
-6.6754525937105626e-05
-6.6253739807590816e-05
-6.5777424943119149e-05
-6.5303515499561110e-05
-6.4821998008275558e-05
-6.4354711905780204e-05
-6.3871398298325432e-05
-6.3414323413082935e-05
-6.2912626340290420e-05
-6.2488668587002997e-05
-6.1965521065945254e-05
-6.1556230301662931e-05
-6.1040274493475636e-05
-6.0623926404133445e-05
-6.0117211449979935e-05
-5.9701348273557458e-05
-5.9187907905554727e-05
-5.8789155564392554e-05
-5.8269556622985592e-05
-5.7873102174650413e-05
-5.7365139189874433e-05
-5.6959930770827513e-05
-5.6460585993585875e-05
-5.6051512019052349e-05
-5.5552450422580581e-05
-5.5153334169609382e-05
-5.4652543253049755e-05
-5.4245972539405338e-05
-5.3770851191187808e-05
-5.3339503814856396e-05
-5.2891043599884437e-05
-5.2442300479313086e-05
-5.2001242539269476e-05
-5.1550630783024818e-05
-5.1116965551829215e-05
-5.0657079553324553e-05
-5.0244257758794630e-05
-4.9760555199782691e-05
-4.9362664572233540e-05
-4.8878951057637668e-05
-4.8469130148702958e-05
-4.8011164465470192e-05
-4.7570297817882077e-05
-4.7146851368424130e-05
-4.6674851491425045e-05
-4.6275714490199854e-05
-4.5788209088573152e-05
-4.5377911861524185e-05
-4.4924763161357790e-05
-4.4486113935728156e-05
-4.4056105486135485e-05
-4.3594734650795326e-05
-4.3186697240698767e-05
-4.2702987027669597e-05
-4.2287055415063289e-05
-4.1834012093382115e-05
-4.1386638276147830e-05
-4.0964900382494117e-05
-4.0482599930506867e-05
-4.0060756461238660e-05
-3.9608510307032258e-05
-3.9154284269379057e-05
-3.8727365309424912e-05
-3.8240831442744711e-05
0.0000000000000000e+00
];
