%Vec Object:dSdr_b_aug_3800 1 MPI processes
%  type: seq
dSdr_b_aug_3800 = [
2.3575989011859251e+03
0.0000000000000000e+00
-1.0956629413124138e-06
-4.5060605417474286e-07
-2.7822923377096917e-07
-1.9667039427372738e-07
-1.4725781849853126e-07
-1.1672162670027432e-07
-9.6026072170983499e-08
-8.0435938828521313e-08
-6.8861380732860647e-08
-5.9989717417171643e-08
-5.2766936059307617e-08
-4.6916680017621091e-08
-4.2120890194527610e-08
-3.8077926187413697e-08
-3.4624336980917841e-08
-3.1677935713758497e-08
-2.9130740576097787e-08
-2.6885023642863394e-08
-6.6158439245654940e-08
-2.2614437113198190e-04
-6.8927606556092751e-04
-6.5399804663744600e-04
-6.1039065899294543e-04
-5.6826070988698525e-04
-5.2788928645834947e-04
-4.8712816343154437e-04
-4.4532223359254684e-04
-4.0066737837045189e-04
-3.6137596025498484e-04
-3.2362547200286173e-04
-2.8799770362914720e-04
-2.5043026310107115e-04
-2.1987698217473581e-04
-1.9328753826601417e-04
-1.7003073627229505e-04
-1.4806625476340146e-04
-1.3142982358603942e-04
-1.1881088625695808e-04
-1.0884472963214209e-04
-1.0080767786556339e-04
-9.5795461614954933e-05
-9.2733830695607402e-05
-9.1055217151755902e-05
-9.0649321998188305e-05
-9.1130108550049147e-05
-9.2134431229770028e-05
-9.3590377117826391e-05
-9.5556269730431016e-05
-9.7285669438453918e-05
-9.9099581678031352e-05
-1.0094462684543946e-04
-1.0271801090270551e-04
-1.0420183302275576e-04
-1.0552678899403176e-04
-1.0679453881224053e-04
-1.0781360652787009e-04
-1.0864589523470768e-04
-1.0931136708473376e-04
-1.0990548925074883e-04
-1.1028845200885489e-04
-1.1050813806048856e-04
-1.1067487975894719e-04
-1.1074093563007683e-04
-1.1067170647361049e-04
-1.1053905176987985e-04
-1.1034635189460053e-04
-1.1006514952831127e-04
-1.0972600345451281e-04
-1.0936612456358614e-04
-1.0895593591835307e-04
-1.0851180563166266e-04
-1.0800217927310293e-04
-1.0750364507678766e-04
-1.0697791965335381e-04
-1.0640357597205589e-04
-1.0585334050704543e-04
-1.0529265752668240e-04
-1.0465581094426888e-04
-1.0406701420607583e-04
-1.0347503770782335e-04
-1.0282448365164441e-04
-1.0222420853525976e-04
-1.0162770017887073e-04
-1.0093429114017527e-04
-1.0033482956877226e-04
-9.9716151966804624e-05
-9.9043866830647104e-05
-9.8446060956325327e-05
-9.7811887352805278e-05
-9.7143919190291280e-05
-9.6543060898127497e-05
-9.5888212206538502e-05
-9.5257713306260168e-05
-9.4667474669539575e-05
-9.3985388923103252e-05
-9.3384558934882900e-05
-9.2782793714426832e-05
-9.2089852605596806e-05
-9.1531880657712351e-05
-9.0900425365457240e-05
-9.0257470198598766e-05
-8.9699328037716236e-05
-8.9015130542371970e-05
-8.8439291502276688e-05
-8.7856806274436952e-05
-8.7197009739068044e-05
-8.6649038453333267e-05
-8.6012749462692647e-05
-8.5409644879100635e-05
-8.4856046812520076e-05
-8.4204102377203376e-05
-8.3661190260291433e-05
-8.3046117051749157e-05
-8.2465375932058978e-05
-8.1890212650130039e-05
-8.1280258387828584e-05
-8.0742755173343503e-05
-8.0110517577438011e-05
-7.9581311676257187e-05
-7.8988723925280097e-05
-7.8403442296527367e-05
-7.7883323413851119e-05
-7.7241278465106349e-05
-7.6745829887316769e-05
-7.6131324457939540e-05
-7.5600147410281391e-05
-7.5035537035261559e-05
-7.4469736596101857e-05
-7.3927693044869403e-05
-7.3354580733718116e-05
-7.2841843904338069e-05
-7.2236860028815800e-05
-7.1751681754167861e-05
-7.1147890617941553e-05
-7.0642484033523026e-05
-7.0078857154212492e-05
-6.9543119258998206e-05
-6.9008777184295395e-05
-6.8466041004177313e-05
-6.7940154901511543e-05
-6.7393537343326366e-05
-6.6878992282762203e-05
-6.6312906709904706e-05
-6.5832195359785602e-05
-6.5244007704620132e-05
-6.4778506706696996e-05
-6.4196815149747649e-05
-6.3725690497762474e-05
-6.3150931010653842e-05
-6.2680772573575619e-05
-6.2098966476086825e-05
-6.1646141613884152e-05
-6.1057739982246602e-05
-6.0606818561947515e-05
-6.0030731939089273e-05
-5.9570412221173402e-05
-5.9002967661492569e-05
-5.8537476020769547e-05
-5.7970954777039273e-05
-5.7514174221510040e-05
-5.6946766317128880e-05
-5.6481499501501118e-05
-5.5939977795997789e-05
-5.5448803376537985e-05
-5.4934892378085455e-05
-5.4424158170965216e-05
-5.3918962332148791e-05
-5.3403981170108353e-05
-5.2907801750584766e-05
-5.2381001865175453e-05
-5.1907730213836022e-05
-5.1353708597605147e-05
-5.0896617615892418e-05
-5.0342430851731042e-05
-4.9871298224623183e-05
-4.9344940181297386e-05
-4.8839047675256400e-05
-4.8349855354674595e-05
-4.7808916144281654e-05
-4.7347192014394008e-05
-4.6786212468501928e-05
-4.6313474412802156e-05
-4.5788660102213663e-05
-4.5283527843308721e-05
-4.4785614370843701e-05
-4.4252518935726966e-05
-4.3779769873342704e-05
-4.3219911606897459e-05
-4.2737831945617832e-05
-4.2213000000612138e-05
-4.1693843294712457e-05
-4.1204504807438046e-05
-4.0644093444691633e-05
-4.0154150167482218e-05
-3.9628201637039220e-05
-3.9098909379194760e-05
-3.8603075670091324e-05
-3.8034669465828845e-05
0.0000000000000000e+00
];
