%Vec Object:dSdr_b_aug_960 1 MPI processes
%  type: seq
dSdr_b_aug_960 = [
2.4706562959051644e+03
0.0000000000000000e+00
-2.4820606316044731e-06
-1.0125055950241418e-06
-6.1671704112400080e-07
-4.3287458022042505e-07
-3.2482302886553828e-07
-2.5812790114857509e-07
-2.1292620865904669e-07
-1.7863848846467059e-07
-1.5318858468446494e-07
-1.3368983587620689e-07
-1.1778395733787209e-07
-1.0489696191361534e-07
-9.4334385788143984e-08
-8.5426022871267275e-08
-7.7812183354030150e-08
-7.1317014561376936e-08
-6.5701780330066622e-08
-6.0746203486092305e-08
-5.6405106874957548e-08
-5.2576832838148003e-08
-4.9134751997747385e-08
-4.6057605963358110e-08
-4.3297124134291152e-08
-4.1039427989852967e-08
-2.9322985663838702e-07
-7.2630478969797229e-05
-4.2905564812763020e-04
-4.2548254585371333e-04
-3.8738991301495880e-04
-3.4801872087840874e-04
-3.1062483836049074e-04
-2.7117883960783054e-04
-2.3910311062121521e-04
-2.1119673652278796e-04
-1.8679135782910425e-04
-1.6374019078729194e-04
-1.4627993766232563e-04
-1.3303260260605983e-04
-1.2255691404277860e-04
-1.1409703571206502e-04
-1.0880473567983772e-04
-1.0555032519069014e-04
-1.0374014530484335e-04
-1.0325454951943883e-04
-1.0369596385952754e-04
-1.0468309383439746e-04
-1.0614048735158885e-04
-1.0811663957493395e-04
-1.0985342180011229e-04
-1.1167886217807340e-04
-1.1352996506863111e-04
-1.1530148446902455e-04
-1.1677749606351711e-04
-1.1808512824228539e-04
-1.1932333685074373e-04
-1.2030848510517622e-04
-1.2110123987638997e-04
-1.2171664309148921e-04
-1.2225205977544492e-04
-1.2257529664126853e-04
-1.2272855433962125e-04
-1.2281549867760675e-04
-1.2280846175503294e-04
-1.2266162460436203e-04
-1.2244290341437142e-04
-1.2216145193620309e-04
-1.2179416564952331e-04
-1.2136405125144472e-04
-1.2090723393109028e-04
-1.2040748988138048e-04
-1.1987340943462330e-04
-1.1925716823331304e-04
-1.1866672963830055e-04
-1.1804965521191484e-04
-1.1736702816165960e-04
-1.1672535827092946e-04
-1.1607358571724505e-04
-1.1532579283611109e-04
-1.1464529712993429e-04
-1.1396061364184056e-04
-1.1320224926613497e-04
-1.1251078093692826e-04
-1.1182242092537031e-04
-1.1102020637162337e-04
-1.1032991835887586e-04
-1.0961821567955509e-04
-1.0884162789354743e-04
-1.0815450228593054e-04
-1.0742583965731275e-04
-1.0665603669636335e-04
-1.0596662673597401e-04
-1.0521464532330590e-04
-1.0448858919930959e-04
-1.0381131857139413e-04
-1.0302894324265442e-04
-1.0233637583611572e-04
-1.0164735044449086e-04
-1.0085223996958715e-04
-1.0020825289820800e-04
-9.9486300713629131e-05
-9.8747151787948945e-05
-9.8104162923256830e-05
-9.7321887383345243e-05
-9.6658229135256147e-05
-9.5988949562272104e-05
-9.5232871765258640e-05
-9.4601635513398563e-05
-9.3870766720682069e-05
-9.3178632975156713e-05
-9.2541346902453507e-05
-9.1791825772343980e-05
-9.1168315115275242e-05
-9.0459823751249120e-05
-8.9792593771292602e-05
-8.9131622556583878e-05
-8.8428861209318880e-05
-8.7810600961137165e-05
-8.7083797927746059e-05
-8.6472144224102978e-05
-8.5791785646740162e-05
-8.5117554333328973e-05
-8.4515236474840631e-05
-8.3779232989816864e-05
-8.3204935277836581e-05
-8.2496812334675063e-05
-8.1885656541997004e-05
-8.1230730599488087e-05
-8.0579700929175923e-05
-7.9953372102099240e-05
-7.9290208259185743e-05
-7.8698235917808561e-05
-7.7998558808284931e-05
-7.7436302209040665e-05
-7.6738610315199159e-05
-7.6152953621317910e-05
-7.5500262012379707e-05
-7.4880303380625690e-05
-7.4260309663377186e-05
-7.3630807767315708e-05
-7.3021867468203868e-05
-7.2385528758630649e-05
-7.1789530853938769e-05
-7.1132187024989905e-05
-7.0571038486132412e-05
-6.9890669053478875e-05
-6.9345501029421491e-05
-6.8670641842456833e-05
-6.8121882182327006e-05
-6.7450682852288602e-05
-6.6903571626003144e-05
-6.6224870520568860e-05
-6.5695408632346765e-05
-6.5009492765177634e-05
-6.4481375344098624e-05
-6.3808737009480459e-05
-6.3270308181220800e-05
-6.2606345831229285e-05
-6.2060893668696538e-05
-6.1398762041390138e-05
-6.0860254231686650e-05
-6.0198430418483924e-05
-5.9649974141815530e-05
-5.9014343749905447e-05
-5.8438377192125941e-05
-5.7831703582584381e-05
-5.7233110378704175e-05
-5.6637012991142626e-05
-5.6030802341575338e-05
-5.5446023050806602e-05
-5.4824387777310278e-05
-5.4265442527354289e-05
-5.3611759889345572e-05
-5.3070766860050259e-05
-5.2416701259061251e-05
-5.1858674955500775e-05
-5.1235388301694062e-05
-5.0637339173965338e-05
-5.0054970461305675e-05
-4.9416329635783427e-05
-4.8865907928083702e-05
-4.8200801871579614e-05
-4.7639576440517934e-05
-4.7013202372986274e-05
-4.6413858138508235e-05
-4.5819720447867071e-05
-4.5184991482249559e-05
-4.4620553828763323e-05
-4.3952805816372005e-05
-4.3377019956043825e-05
-4.2750502982838582e-05
-4.2129692824991235e-05
-4.1544665692323192e-05
-4.0873733571784053e-05
-4.0287575933464503e-05
-3.9657720740881246e-05
-3.9023212045385932e-05
-3.8433007683918995e-05
-3.7766120194268300e-05
0.0000000000000000e+00
];
