%Vec Object:dSdr_b_aug_7630 1 MPI processes
%  type: seq
dSdr_b_aug_7630 = [
2.2971693246829545e+03
0.0000000000000000e+00
-7.3442564910033167e-07
-3.0398148024702622e-07
-1.8936747740443914e-07
-1.3470977945056431e-07
-1.0111280914013351e-07
-8.0336152330372384e-08
-6.6252794790738593e-08
-5.5662882946892642e-08
-4.7797803792393845e-08
-4.1767716098697599e-08
-3.6857541107970728e-08
-3.2879304555639079e-08
-2.9617396017592865e-08
-2.6866402097883474e-08
-2.4515297671154775e-08
-2.2666781896881263e-08
-2.3874529741123918e-05
-7.7953938321720134e-04
-7.4561569510630155e-04
-7.0665959190057163e-04
-6.6845158186562158e-04
-6.3038718278905868e-04
-5.8813291621775282e-04
-5.4733731840838381e-04
-5.0821852760508045e-04
-4.6870598201873877e-04
-4.2815796480683580e-04
-3.8481166963624705e-04
-3.4666529790099366e-04
-3.0999674034552294e-04
-2.7537647146296814e-04
-2.3886021117642945e-04
-2.0915653665029704e-04
-1.8330155579663693e-04
-1.6068522775094577e-04
-1.3932668178432461e-04
-1.2314960783909183e-04
-1.1088105885863713e-04
-1.0119901149185618e-04
-9.3397722696201901e-05
-8.8541677510942536e-05
-8.5587537749754914e-05
-8.3982283533668965e-05
-8.3620827961897558e-05
-8.4123567443141270e-05
-8.5137476034486157e-05
-8.6592614218623066e-05
-8.8552785680191386e-05
-9.0278068513577588e-05
-9.2085552354751208e-05
-9.3927219382666259e-05
-9.5701642746046217e-05
-9.7189819546024788e-05
-9.8524434698668819e-05
-9.9808655992080484e-05
-1.0084663646439786e-04
-1.0170096850770233e-04
-1.0239435772536400e-04
-1.0302121306567111e-04
-1.0343747798294849e-04
-1.0369420339174275e-04
-1.0390543872919393e-04
-1.0401224987800747e-04
-1.0398629363460143e-04
-1.0390162820327750e-04
-1.0375841479918725e-04
-1.0352521145292746e-04
-1.0323678789088528e-04
-1.0293096037415416e-04
-1.0257070643527410e-04
-1.0217673097480120e-04
-1.0172655146106883e-04
-1.0127926176526169e-04
-1.0080447116879173e-04
-1.0029050470335228e-04
-9.9791251709329290e-05
-9.9281358921029413e-05
-9.8706374388359439e-05
-9.8168707644176247e-05
-9.7628423205092275e-05
-9.7037982633244670e-05
-9.6488555523382858e-05
-9.5943262316726486e-05
-9.5310521684284334e-05
-9.4761703624981152e-05
-9.4194895470175468e-05
-9.3580768012640079e-05
-9.3032765540904295e-05
-9.2451277673470805e-05
-9.1840091157808354e-05
-9.1288608014926002e-05
-9.0687919159377728e-05
-9.0110701620737667e-05
-8.9568990789810405e-05
-8.8942825112445494e-05
-8.8393146619676136e-05
-8.7840036442895426e-05
-8.7204063553330730e-05
-8.6694052430685031e-05
-8.6113057004756066e-05
-8.5523738265472180e-05
-8.5012905562360916e-05
-8.4383395150076975e-05
-8.3856522999149378e-05
-8.3322433213809755e-05
-8.2716321920872824e-05
-8.2214778161448265e-05
-8.1631225705057148e-05
-8.1077762693128945e-05
-8.0570828040749638e-05
-7.9973291174875879e-05
-7.9475319831053860e-05
-7.8912335449010440e-05
-7.8379819473418664e-05
-7.7852501661971132e-05
-7.7294295509257061e-05
-7.6801821454983908e-05
-7.6222312409740306e-05
-7.5739078425274265e-05
-7.5195430644392299e-05
-7.4659746304878564e-05
-7.4185460606519026e-05
-7.3595805826420758e-05
-7.3144322612250041e-05
-7.2582017209397147e-05
-7.2095435391463463e-05
-7.1581183928328898e-05
-7.1062906331622008e-05
-7.0567859290152559e-05
-7.0044958683994463e-05
-6.9576402692299346e-05
-6.9024218687361143e-05
-6.8582018442152172e-05
-6.8030585315177576e-05
-6.7569925320315423e-05
-6.7055959957477496e-05
-6.6567182638524545e-05
-6.6080599002745047e-05
-6.5586242463849039e-05
-6.5106666516481204e-05
-6.4610076531331057e-05
-6.4140948753032266e-05
-6.3625747846239431e-05
-6.3189887483904746e-05
-6.2653099465420300e-05
-6.2232020048654844e-05
-6.1702277855819814e-05
-6.1274441789782244e-05
-6.0753456242885397e-05
-6.0326206030627947e-05
-5.9798427707291377e-05
-5.9388335044354973e-05
-5.8854306506478350e-05
-5.8446429010594420e-05
-5.7924178843292623e-05
-5.7507412245885462e-05
-5.6993785289469771e-05
-5.6572879159837907e-05
-5.6059669636405076e-05
-5.5648459778688531e-05
-5.5133697661720640e-05
-5.4714816950301914e-05
-5.4225769834820216e-05
-5.3781875275372375e-05
-5.3319688442434735e-05
-5.2857944286872185e-05
-5.2403435073481493e-05
-5.1939323491699504e-05
-5.1492547519718766e-05
-5.1018628057222777e-05
-5.0593128463745536e-05
-5.0094678295213411e-05
-4.9684371921570358e-05
-4.9185878461636222e-05
-4.8763199004658449e-05
-4.8290889792122463e-05
-4.7836385654408392e-05
-4.7399150712900599e-05
-4.6912692599963459e-05
-4.6500429577984199e-05
-4.5997514887921490e-05
-4.5574122332348483e-05
-4.5105943649303665e-05
-4.4653351362005843e-05
-4.4209101636287219e-05
-4.3732688481922224e-05
-4.3311079558966117e-05
-4.2811399370782444e-05
-4.2381595068221742e-05
-4.1913496152503180e-05
-4.1451068038785015e-05
-4.1015153131580014e-05
-4.0516471666698743e-05
-4.0080347263181829e-05
-3.9612646269675551e-05
-3.9142682156774053e-05
-3.8701324989266802e-05
-3.8197702285315737e-05
0.0000000000000000e+00
];
