%Vec Object:dSdr_b_aug_360 1 MPI processes
%  type: seq
dSdr_b_aug_360 = [
2.5488931724701720e+03
0.0000000000000000e+00
-4.5779432323774675e-06
-1.8516469044661937e-06
-1.1134927802462747e-06
-7.7606542221234756e-07
-5.8245239596546174e-07
-4.6307554026711063e-07
-3.8217903607500709e-07
-3.2048655524707541e-07
-2.7470867843356332e-07
-2.3964732948185317e-07
-2.1101711470903167e-07
-1.8781968609058363e-07
-1.6880944632368384e-07
-1.5277548507523972e-07
-1.3907040510947517e-07
-1.2738026185385192e-07
-1.1727476550246312e-07
-1.0835675364808201e-07
-1.0054524587670664e-07
-9.3657087367759234e-08
-8.7464585445816084e-08
-8.1929057904271450e-08
-7.6963211288596470e-08
-7.2456843929698226e-08
-6.8358925585750258e-08
-6.4634507329794311e-08
-6.1226911801681312e-08
-5.8089439256461627e-08
-5.5251915163603481e-08
-5.4937544921524822e-08
-1.4204630976479810e-07
-2.2341762511155036e-06
-2.5740832015551057e-05
-1.0508076645842099e-04
-1.5556988859669575e-04
-1.5881989243583903e-04
-1.4992494307215282e-04
-1.3963966157966561e-04
-1.3021020607630949e-04
-1.2210645133455767e-04
-1.1693540860170323e-04
-1.1371119065047282e-04
-1.1189947941076522e-04
-1.1140954060505993e-04
-1.1185300031749797e-04
-1.1284540003246873e-04
-1.1431365346877706e-04
-1.1630245654305064e-04
-1.1804767178282060e-04
-1.1988281507848244e-04
-1.2173917641945850e-04
-1.2351025438714163e-04
-1.2498162888798062e-04
-1.2627822859132787e-04
-1.2749732024022064e-04
-1.2846042896746631e-04
-1.2922744269620309e-04
-1.2981020929354775e-04
-1.3030734142652922e-04
-1.3059162058846592e-04
-1.3070154346062600e-04
-1.3073642823679878e-04
-1.3068170463792695e-04
-1.3048423418662912e-04
-1.3020936068241197e-04
-1.2987000479529462e-04
-1.2944655445176967e-04
-1.2895708919777915e-04
-1.2843702590983316e-04
-1.2787885279415479e-04
-1.2728608573132444e-04
-1.2660028537417290e-04
-1.2594988517287449e-04
-1.2527321150872882e-04
-1.2451993673655073e-04
-1.2381861189740393e-04
-1.2310740939821890e-04
-1.2228723145167180e-04
-1.2154690823275611e-04
-1.2080173957742781e-04
-1.1997303617293555e-04
-1.1922207032833135e-04
-1.1847378322111602e-04
-1.1760058036826618e-04
-1.1685103415543318e-04
-1.1607863882706172e-04
-1.1523400056849833e-04
-1.1448859980347550e-04
-1.1369828942137479e-04
-1.1286204610716582e-04
-1.1211486211600923e-04
-1.1129950813984428e-04
-1.1051110735856418e-04
-1.0977705419898642e-04
-1.0892924668989380e-04
-1.0817682679640221e-04
-1.0743087001563529e-04
-1.0656910094565464e-04
-1.0586899479847200e-04
-1.0508799971204637e-04
-1.0428609128995011e-04
-1.0358774609731308e-04
-1.0274148171259661e-04
-1.0202052780029768e-04
-1.0129462121638051e-04
-1.0047572681647200e-04
-9.9790166189569991e-05
-9.8997590888268329e-05
-9.8247372046155829e-05
-9.7555485613211180e-05
-9.6742302731417696e-05
-9.6066207389870751e-05
-9.5296767444437308e-05
-9.4573109772310942e-05
-9.3856155131235796e-05
-9.3092843907588270e-05
-9.2421895608312164e-05
-9.1633395515969553e-05
-9.0967950669867872e-05
-9.0230328061784751e-05
-8.9498063604039193e-05
-8.8842116975183948e-05
-8.8044812446292560e-05
-8.7419071523852255e-05
-8.6649870052709366e-05
-8.5986534086535062e-05
-8.5272683928141842e-05
-8.4566048537977460e-05
-8.3884729869371198e-05
-8.3162814122856655e-05
-8.2519146589539973e-05
-8.1757689227598954e-05
-8.1145144884006576e-05
-8.0386189812139421e-05
-7.9748176047159377e-05
-7.9037376470571130e-05
-7.8362470259789042e-05
-7.7686595420986632e-05
-7.7000485575832420e-05
-7.6337358861535280e-05
-7.5642484044273012e-05
-7.4993344553529010e-05
-7.4276461831803382e-05
-7.3662834434496204e-05
-7.2922323746847545e-05
-7.2325179495407181e-05
-7.1589535952664256e-05
-7.0990125922859267e-05
-7.0256007459354531e-05
-6.9658691084563127e-05
-6.8916774019107206e-05
-6.8337313133245956e-05
-6.7587777462811945e-05
-6.7009296517711597e-05
-6.6273666540913549e-05
-6.5684278648427089e-05
-6.4957347001785048e-05
-6.4359728092108914e-05
-6.3635219447953932e-05
-6.3043392498368631e-05
-6.2319971293903079e-05
-6.1717242232478371e-05
-6.1020215259340262e-05
-6.0388930711416910e-05
-5.9721739192967320e-05
-5.9065827614857557e-05
-5.8410427103825246e-05
-5.7744699724261641e-05
-5.7102119718859897e-05
-5.6418615956662182e-05
-5.5803780097868234e-05
-5.5085081686603694e-05
-5.4489355069856953e-05
-5.3770133014636572e-05
-5.3155422946242551e-05
-5.2468906540061592e-05
-5.1810742234728615e-05
-5.1167594433840706e-05
-5.0465223946029532e-05
-4.9856949008178416e-05
-4.9123926191872407e-05
-4.8504990351972252e-05
-4.7812381134982796e-05
-4.7151600543106729e-05
-4.6494719996363161e-05
-4.5793727479514109e-05
-4.5169525475264627e-05
-4.4431458800946632e-05
-4.3794628999257913e-05
-4.3101894123986770e-05
-4.2414934193619222e-05
-4.1767724328728271e-05
-4.1025063586415133e-05
-4.0376750519032529e-05
-3.9680228415969773e-05
-3.8979473572804507e-05
-3.8334458053348245e-05
-3.7639326495285719e-05
0.0000000000000000e+00
];
