%Vec Object:dSdr_b_aug_8460 1 MPI processes
%  type: seq
dSdr_b_aug_8460 = [
2.2868462071332242e+03
0.0000000000000000e+00
-6.8358493935524255e-07
-2.8163143958852219e-07
-1.7465060749541501e-07
-1.2359475691551302e-07
-9.2213997291833579e-08
-7.2811760982750846e-08
-5.9663845603902864e-08
-4.9802171177585013e-08
-4.2480380338745948e-08
-3.6867043842624160e-08
-3.2304943394863740e-08
-2.8611026930828334e-08
-2.5582612765844618e-08
-2.3030980694951927e-08
-2.0852862842453769e-08
-4.5153460764016031e-08
-4.0954497924495625e-04
-7.8254382847174338e-04
-7.4135822286757564e-04
-7.0256718760569527e-04
-6.6456506167397018e-04
-6.2670217527514675e-04
-5.8466950709766270e-04
-5.4408178524867085e-04
-5.0515790291902384e-04
-4.6583962701207194e-04
-4.2548733163874202e-04
-3.8234463863608088e-04
-3.4437642756258405e-04
-3.0787621033321434e-04
-2.7341270083216656e-04
-2.3705999630736779e-04
-2.0748851416450061e-04
-1.8174781024933616e-04
-1.5923113518496451e-04
-1.3796686854832666e-04
-1.2186126742937875e-04
-1.0964723632264482e-04
-1.0000939419516220e-04
-9.2244788323845526e-05
-8.7413042169787110e-05
-8.4475627219285997e-05
-8.2881787163340662e-05
-8.2527246062541698e-05
-8.3033401263617253e-05
-8.4048801361190966e-05
-8.5503813884730753e-05
-8.7463095191376780e-05
-8.9187737481285687e-05
-9.0994221123117582e-05
-9.2835362548489861e-05
-9.4609947629878364e-05
-9.6098801994090699e-05
-9.7434920050634938e-05
-9.8721704189497979e-05
-9.9762627351513469e-05
-1.0062038917865692e-04
-1.0131812213473121e-04
-1.0195007051691858e-04
-1.0237151700521289e-04
-1.0263400546675101e-04
-1.0285216369872540e-04
-1.0296531608000238e-04
-1.0294609279326968e-04
-1.0286889414819493e-04
-1.0273338048269261e-04
-1.0250764543793505e-04
-1.0222711393179772e-04
-1.0192969641670702e-04
-1.0157721195604703e-04
-1.0119104022238006e-04
-1.0075011020372593e-04
-1.0031079377918193e-04
-9.9843928270571669e-05
-9.9339356057937209e-05
-9.8848035564240680e-05
-9.8346045358863268e-05
-9.7780686107102030e-05
-9.7250974815893960e-05
-9.6718733282744886e-05
-9.6137645927327214e-05
-9.5596130394620487e-05
-9.5058805889686117e-05
-9.4435504814748881e-05
-9.3894566514206361e-05
-9.3335828864302104e-05
-9.2730750313350298e-05
-9.2190496885056548e-05
-9.1617206530484948e-05
-9.1014854820644018e-05
-9.0471054087777980e-05
-8.9878792103613179e-05
-8.9309864752150592e-05
-8.8775704490546455e-05
-8.8158239563212765e-05
-8.7616519866039414e-05
-8.7070980055475880e-05
-8.6443870999960008e-05
-8.5941322228190700e-05
-8.5368177980310367e-05
-8.4787204663462000e-05
-8.4283732953506285e-05
-8.3662731437477426e-05
-8.3143478163358978e-05
-8.2616918341823481e-05
-8.2019160065846755e-05
-8.1524840076898223e-05
-8.0949493025247662e-05
-8.0403753864835651e-05
-7.9904079684819736e-05
-7.9315008223711746e-05
-7.8824029321772267e-05
-7.8269149565039612e-05
-7.7744137054477135e-05
-7.7224263633470636e-05
-7.6674109092435489e-05
-7.6188641231334737e-05
-7.5617336346526698e-05
-7.5141255240630705e-05
-7.4605222144887698e-05
-7.4077254764153230e-05
-7.3610100357841498e-05
-7.3028597086951895e-05
-7.2583954545255710e-05
-7.2029771066335548e-05
-7.1550127922514125e-05
-7.1043711919008368e-05
-7.0532828510258238e-05
-7.0045093762962439e-05
-6.9530005710830958e-05
-6.9068323914891366e-05
-6.8524355162160556e-05
-6.8088841963809859e-05
-6.7545555337639052e-05
-6.7091857563206114e-05
-6.6585619145938105e-05
-6.6104148525837289e-05
-6.5624995729715146e-05
-6.5138166684138618e-05
-6.4665796232806554e-05
-6.4176990145256615e-05
-6.3714928936933757e-05
-6.3207645283100560e-05
-6.2778763377778620e-05
-6.2249972735605098e-05
-6.1835804961262583e-05
-6.1314145675823092e-05
-6.0893044963988460e-05
-6.0380426212266274e-05
-5.9959852169922816e-05
-5.9440480133136076e-05
-5.9037036248596454e-05
-5.8511467722597756e-05
-5.8110287503219214e-05
-5.7596413846614037e-05
-5.7186423748018578e-05
-5.6681170363919344e-05
-5.6267201359788620e-05
-5.5762286690812223e-05
-5.5358167239734540e-05
-5.4851596355534569e-05
-5.4439932913691053e-05
-5.3959050385206630e-05
-5.3522512146805678e-05
-5.3068373129688409e-05
-5.2614251375680045e-05
-5.2167628530955103e-05
-5.1711431775871974e-05
-5.1272342502342676e-05
-5.0806650718828194e-05
-5.0388583969850354e-05
-4.9898780157617662e-05
-4.9495752959870418e-05
-4.9005924782384652e-05
-4.8590784077991167e-05
-4.8126884235312764e-05
-4.7680375490944054e-05
-4.7251224443110946e-05
-4.6773242852736945e-05
-4.6368675234079324e-05
-4.5874794562071460e-05
-4.5459079287321866e-05
-4.4999712079668553e-05
-4.4555293897637993e-05
-4.4119392978194706e-05
-4.3651798091274721e-05
-4.3238144861311140e-05
-4.2747826232243941e-05
-4.2326153384389175e-05
-4.1866878757140062e-05
-4.1413273117146037e-05
-4.0985664658869197e-05
-4.0496578957324980e-05
-4.0068813742401550e-05
-3.9610149011376428e-05
-3.9149359119767778e-05
-3.8716318010169582e-05
-3.8221921526823680e-05
0.0000000000000000e+00
];
