%Vec Object:dSdr_b_aug_1700 1 MPI processes
%  type: seq
dSdr_b_aug_1700 = [
2.4239986192481160e+03
0.0000000000000000e+00
-1.7556860360522430e-06
-7.1957921682929867e-07
-4.4144539511853432e-07
-3.1116883422912739e-07
-2.3355319170943475e-07
-1.8561702977569386e-07
-1.5312695550068529e-07
-1.2854608486909779e-07
-1.1029770739191828e-07
-9.6313727196631010e-08
-8.4911711569761288e-08
-7.5673605316163084e-08
-6.8100942442190119e-08
-6.1714076108090791e-08
-5.6255184273909791e-08
-5.1597954356426781e-08
-4.7571335652121581e-08
-4.4017361749578189e-08
-4.0903849446439020e-08
-3.8157976733963772e-08
-3.5690888270650157e-08
-4.4099433102712558e-08
-2.7947545340470446e-05
-5.3919652344132276e-04
-5.4729018930376578e-04
-5.0688252754596389e-04
-4.6380778215919071e-04
-4.1774891163061145e-04
-3.7722436300178966e-04
-3.3830831278467219e-04
-3.0159512728766493e-04
-2.6289520503107509e-04
-2.3142660583498430e-04
-2.0404589250391241e-04
-1.8009907968164965e-04
-1.5748179715922872e-04
-1.4035048016138049e-04
-1.2735405409125487e-04
-1.1708181413284599e-04
-1.0879076455635663e-04
-1.0361029822666756e-04
-1.0043286214677743e-04
-9.8675215103076111e-05
-9.8221442908641153e-05
-9.8678578253224593e-05
-9.9672573252822629e-05
-1.0112938895678755e-04
-1.0310144485679970e-04
-1.0483527952808953e-04
-1.0665611705187869e-04
-1.0850480134246514e-04
-1.1027706543336837e-04
-1.1175619581302774e-04
-1.1307074528891554e-04
-1.1432074943957918e-04
-1.1531944140509013e-04
-1.1612798166491299e-04
-1.1676337672760380e-04
-1.1732223383282773e-04
-1.1766931854995653e-04
-1.1784910029224085e-04
-1.1796790670958392e-04
-1.1799005481896287e-04
-1.1787420555736395e-04
-1.1768984961898228e-04
-1.1744383552273838e-04
-1.1711092144547879e-04
-1.1671712953342317e-04
-1.1629901848246741e-04
-1.1583503275615218e-04
-1.1533686825244600e-04
-1.1476319698133596e-04
-1.1420945462932781e-04
-1.1362885468287553e-04
-1.1298946378087500e-04
-1.1238430247686906e-04
-1.1176890081429647e-04
-1.1106540735217758e-04
-1.1042152585919234e-04
-1.0977385907365772e-04
-1.0905854196027683e-04
-1.0840348590145008e-04
-1.0775180106731812e-04
-1.0699303114289936e-04
-1.0633900895242227e-04
-1.0566444999118660e-04
-1.0492950894078998e-04
-1.0427804758618297e-04
-1.0358711323865539e-04
-1.0285797162748118e-04
-1.0220391923664618e-04
-1.0149072169297287e-04
-1.0080282036129673e-04
-1.0016030051131148e-04
-9.9417969540169557e-05
-9.8762031723908128e-05
-9.8107848215308823e-05
-9.7353532666959180e-05
-9.6743890345244178e-05
-9.6058072396437662e-05
-9.5357332366741011e-05
-9.4748221669036406e-05
-9.4005107395911587e-05
-9.3376514197123758e-05
-9.2741890456869629e-05
-9.2024256474860364e-05
-9.1426266802519139e-05
-9.0733162453138358e-05
-9.0076576852761734e-05
-8.9472706271565605e-05
-8.8762146202031454e-05
-8.8170817451658790e-05
-8.7499626696657727e-05
-8.6866930548638150e-05
-8.6240221279517605e-05
-8.5574516545915800e-05
-8.4988501483969117e-05
-8.4299457148798566e-05
-8.3720723730897347e-05
-8.3075410850887857e-05
-8.2436695936237642e-05
-8.1867199006569274e-05
-8.1168711885432255e-05
-8.0625897551965580e-05
-7.9955154804089499e-05
-7.9375933425041909e-05
-7.8757069251370743e-05
-7.8140070440871161e-05
-7.7547395563026285e-05
-7.6920188057070827e-05
-7.6359853356941607e-05
-7.5697985950124485e-05
-7.5166505651433625e-05
-7.4506307030056538e-05
-7.3952693083361874e-05
-7.3335563779693613e-05
-7.2749233307965413e-05
-7.2163439089624110e-05
-7.1568581523777405e-05
-7.0992803590761425e-05
-7.0392289270555154e-05
-6.9828814325618231e-05
-6.9207908622980299e-05
-6.8678877497970142e-05
-6.8035314931497664e-05
-6.7521956795840046e-05
-6.6884298102202054e-05
-6.6366536960795443e-05
-6.5733844663288941e-05
-6.5217459541592533e-05
-6.4577447195237074e-05
-6.4078585316648806e-05
-6.3431605440678464e-05
-6.2934311202545983e-05
-6.2300224516456394e-05
-6.1792983442083025e-05
-6.1167559173094715e-05
-6.0654033983333988e-05
-6.0030078093375902e-05
-5.9524202659488096e-05
-5.8900077611702460e-05
-5.8384837513729587e-05
-5.7786783177641817e-05
-5.7244672680089463e-05
-5.6675037607585423e-05
-5.6111524963273452e-05
-5.5551722953525005e-05
-5.4981938585665373e-05
-5.4432535565282847e-05
-5.3848766271793654e-05
-5.3324028771651592e-05
-5.2710138806958442e-05
-5.2202646040895841e-05
-5.1588459930776639e-05
-5.1065128231374568e-05
-5.0480542880122398e-05
-4.9919289535859421e-05
-4.9374123635950394e-05
-4.8774492290692814e-05
-4.8259484664114059e-05
-4.7635952962562418e-05
-4.7110057075454166e-05
-4.6524231747616076e-05
-4.5962501860592253e-05
-4.5406781303741992e-05
-4.4812628434926057e-05
-4.4284794843929639e-05
-4.3660118124373400e-05
-4.3121738028682062e-05
-4.2535809304749849e-05
-4.1955569752689412e-05
-4.1408723569828085e-05
-4.0781880814309383e-05
-4.0234074886723831e-05
-3.9645589282841088e-05
-3.9052838591492367e-05
-3.8499601969504617e-05
-3.7868239193681969e-05
0.0000000000000000e+00
];
