%Vec Object:dSdr_b_aug_9040 1 MPI processes
%  type: seq
dSdr_b_aug_9040 = [
2.2789776226892254e+03
0.0000000000000000e+00
-6.5350228837719649e-07
-2.7067033506849656e-07
-1.6882919791538703e-07
-1.2016685484342797e-07
-9.0153119235024877e-08
-7.1589958206057733e-08
-5.9007283420577165e-08
-4.9554652519854994e-08
-4.2534111244825769e-08
-3.7151266017702067e-08
-3.2769605165758304e-08
-2.9219812407426377e-08
-2.6309179491451175e-08
-2.3854696364850019e-08
-2.1760470228775260e-08
-1.4051139363194782e-06
-7.5724372104432548e-04
-7.8051672054086187e-04
-7.3874659120693029e-04
-7.0008138410884756e-04
-6.6220455427230015e-04
-6.2446406151759476e-04
-5.8256598272066358e-04
-5.4210451577406860e-04
-5.0329901245736990e-04
-4.6409872760231626e-04
-4.2386530527581797e-04
-3.8084627151679858e-04
-3.4298626760342633e-04
-3.0658829309306577e-04
-2.7221999254868173e-04
-2.3596662483940772e-04
-2.0647543072915036e-04
-1.8080413391435035e-04
-1.5834798412778494e-04
-1.3714097859072810e-04
-1.2107878686877727e-04
-1.0889786754169791e-04
-9.9286873786238363e-05
-9.1544547544111888e-05
-8.6727559544753886e-05
-8.3800302473505448e-05
-8.2213394823119206e-05
-8.1863053198212761e-05
-8.2371282878862534e-05
-8.3387588771064366e-05
-8.4842524891722072e-05
-8.6801265475330722e-05
-8.8525518653316594e-05
-9.0331394747465265e-05
-9.2172216879321696e-05
-9.3946900121085603e-05
-9.5436165953875044e-05
-9.6773196759367564e-05
-9.8061537413475275e-05
-9.9104247795813144e-05
-9.9964092686547816e-05
-1.0066446380620729e-04
-1.0129950544875958e-04
-1.0172409896891836e-04
-1.0199008763182834e-04
-1.0221245050479462e-04
-1.0232945425211307e-04
-1.0231432024971466e-04
-1.0224165658688108e-04
-1.0211081938997775e-04
-1.0188962025020211e-04
-1.0161388202033035e-04
-1.0132157236027081e-04
-1.0097380672927763e-04
-1.0059237462715250e-04
-1.0015706233848828e-04
-9.9722588520820190e-05
-9.9260536355421294e-05
-9.8761669794293784e-05
-9.8275167146876354e-05
-9.7777976617659623e-05
-9.7218463335645502e-05
-9.6693583832632417e-05
-9.6166227203201959e-05
-9.5590820578560855e-05
-9.5054110186949627e-05
-9.4521625518433395e-05
-9.3904057615249066e-05
-9.3367905131702501e-05
-9.2814069150179909e-05
-9.2214486507151793e-05
-9.1678939505928430e-05
-9.1110627959798947e-05
-9.0513642123104884e-05
-8.9974507347749048e-05
-8.9387363475288336e-05
-8.8823471219657993e-05
-8.8293896841815767e-05
-8.7681716369126348e-05
-8.7144830495279743e-05
-8.6603888592906773e-05
-8.5982163042832495e-05
-8.5484146575601290e-05
-8.4915770796974651e-05
-8.4339866139776336e-05
-8.3840865189355757e-05
-8.3225031620459659e-05
-8.2710405733796806e-05
-8.2188419298034003e-05
-8.1595734295356908e-05
-8.1105801723881609e-05
-8.0535438292670102e-05
-7.9994390278146003e-05
-7.9499125807528084e-05
-7.8915195880598362e-05
-7.8428463898416793e-05
-7.7878506554443237e-05
-7.7358051337888693e-05
-7.6842699331828009e-05
-7.6297435006291410e-05
-7.5816222418533848e-05
-7.5249900401640139e-05
-7.4778163660231778e-05
-7.4246755411054124e-05
-7.3723474993984600e-05
-7.3260651842634773e-05
-7.2684099463850199e-05
-7.2243611668177228e-05
-7.1694361113411765e-05
-7.1218932238857055e-05
-7.0717275174286834e-05
-7.0210882695646414e-05
-6.9727589140213195e-05
-6.9217246117112921e-05
-6.8759739432138115e-05
-6.8220760291646989e-05
-6.7789308539422551e-05
-6.7250969770463594e-05
-6.6801500572555804e-05
-6.6299955194276252e-05
-6.5822922374204272e-05
-6.5348282776919148e-05
-6.4866025634636109e-05
-6.4398031520339021e-05
-6.3913953067460912e-05
-6.3456183820964293e-05
-6.2953708799004358e-05
-6.2529065342123731e-05
-6.2005131998658789e-05
-6.1595162095618851e-05
-6.1078412060399515e-05
-6.0661402153887855e-05
-6.0153865077594274e-05
-5.9737345898961547e-05
-5.9223079527894780e-05
-5.8823673875485560e-05
-5.8303243651383805e-05
-5.7906131125770213e-05
-5.7397345062411613e-05
-5.6991470780980203e-05
-5.6491303213077224e-05
-5.6081547592173605e-05
-5.5581670938841833e-05
-5.5181857977132217e-05
-5.4680262184355618e-05
-5.4272982295189245e-05
-5.3797058687587532e-05
-5.3364988470988315e-05
-5.2915737468838313e-05
-5.2466245361084900e-05
-5.2024412495454923e-05
-5.1573023016043284e-05
-5.1138602476067344e-05
-5.0677908010574427e-05
-5.0264355847432574e-05
-4.9779803678324749e-05
-4.9381197777097908e-05
-4.8896632787474181e-05
-4.8486071092896079e-05
-4.8027279073549561e-05
-4.7585626762600803e-05
-4.7161385948598219e-05
-4.6688553120879561e-05
-4.6288659914228780e-05
-4.5800266765552982e-05
-4.5389215093007060e-05
-4.4935200487274009e-05
-4.4495747965862058e-05
-4.4064919031410947e-05
-4.3602681551448999e-05
-4.3193862213325908e-05
-4.2709231875893399e-05
-4.2292500932003290e-05
-4.1838590087568382e-05
-4.1390348754562659e-05
-4.0967793777190742e-05
-4.0484549084929096e-05
-4.0061882019039364e-05
-3.9608743922018792e-05
-3.9153607820518915e-05
-3.8725847517353138e-05
-3.8238278303453371e-05
0.0000000000000000e+00
];
