%Vec Object:dSdr_b_aug_5410 1 MPI processes
%  type: seq
dSdr_b_aug_5410 = [
2.3248667832464212e+03
0.0000000000000000e+00
-8.8010001616584937e-07
-3.6352965462334355e-07
-2.2576809676876453e-07
-1.6029037041149309e-07
-1.2028334791622496e-07
-9.5549274172256040e-08
-7.8783930258872774e-08
-6.6163327833300416e-08
-5.6791067344243375e-08
-4.9606233782545708e-08
-4.3754637059632136e-08
-3.9013799366261864e-08
-3.5126879328661613e-08
-3.1848888088273638e-08
-2.9047499109052930e-08
-2.6657174337578696e-08
-2.4637372512508445e-08
-3.9522995484469919e-06
-7.0204230279045053e-04
-7.1948301015560480e-04
-6.8107129234627024e-04
-6.4235840496747513e-04
-5.9938435604478014e-04
-5.5791344244060796e-04
-5.1816145999157342e-04
-4.7801779785934003e-04
-4.3683394648752916e-04
-3.9282621657643060e-04
-3.5410106097196457e-04
-3.1688562248009447e-04
-2.8175609522430129e-04
-2.4470849735406798e-04
-2.1457537429686604e-04
-1.8834914614560428e-04
-1.6540907925302180e-04
-1.4374425248335525e-04
-1.2733498832930490e-04
-1.1488932930533368e-04
-1.0506367379803682e-04
-9.7143214356006566e-05
-9.2208229671497582e-05
-8.9199756541774212e-05
-8.7557421504489707e-05
-8.7173503117834178e-05
-8.7665146067447236e-05
-8.8674209260423265e-05
-9.0129755687764471e-05
-9.2092818986126866e-05
-9.3820182747448840e-05
-9.5630915974633169e-05
-9.7474290648949660e-05
-9.9248188775737334e-05
-1.0073416451727274e-04
-1.0206389735190432e-04
-1.0333979292801839e-04
-1.0436821368867500e-04
-1.0521140360895598e-04
-1.0589068156686273e-04
-1.0650099140918141e-04
-1.0690042322129710e-04
-1.0713842648182405e-04
-1.0732717173353210e-04
-1.0741338241671017e-04
-1.0736555312402275e-04
-1.0725663067610465e-04
-1.0708840346957824e-04
-1.0683093817891630e-04
-1.0651687603528790e-04
-1.0618372730454788e-04
-1.0579823299366766e-04
-1.0537890589748901e-04
-1.0489867793331628e-04
-1.0442548580632372e-04
-1.0392494930839902e-04
-1.0338046411952602e-04
-1.0285544114118463e-04
-1.0231987555921186e-04
-1.0171362176717555e-04
-1.0115011047014602e-04
-1.0058369737233914e-04
-9.9962871383932529e-05
-9.9387742256379043e-05
-9.8816561452955007e-05
-9.8153154908543533e-05
-9.7578738196579378e-05
-9.6985711718534714e-05
-9.6342187440286986e-05
-9.5769010963774035e-05
-9.5160892165233052e-05
-9.4521004368126139e-05
-9.3944563688417091e-05
-9.3316498791736022e-05
-9.2712349252296899e-05
-9.2146109189046349e-05
-9.1491677729572138e-05
-9.0916143814212609e-05
-9.0338440090307338e-05
-8.9673671612494737e-05
-8.9139417847578940e-05
-8.8532916593497092e-05
-8.7916486375721507e-05
-8.7381740272458156e-05
-8.6724587309291740e-05
-8.6172963980224259e-05
-8.5614411864504603e-05
-8.4981164418551031e-05
-8.4456153046578780e-05
-8.3845943978358461e-05
-8.3267388757924020e-05
-8.2736867259167694e-05
-8.2111829127133826e-05
-8.1591141676139311e-05
-8.1001828077310965e-05
-8.0444935851242113e-05
-7.9893433701972395e-05
-7.9309070553677032e-05
-7.8793835715109531e-05
-7.8187674092932327e-05
-7.7681202791164114e-05
-7.7112817438011624e-05
-7.6552063272623098e-05
-7.6054610381482012e-05
-7.5438474065213509e-05
-7.4964767780991300e-05
-7.4376076952491235e-05
-7.3866953687369162e-05
-7.3327247422276580e-05
-7.2784948564746119e-05
-7.2266146306489590e-05
-7.1717865306347115e-05
-7.1226977328707559e-05
-7.0648104695618892e-05
-7.0184180444849740e-05
-6.9606282036047739e-05
-6.9123004085463476e-05
-6.8583936430308042e-05
-6.8071422056695371e-05
-6.7560698072356969e-05
-6.7041887187064113e-05
-6.6538902951228835e-05
-6.6017025643118246e-05
-6.5524940894356112e-05
-6.4984019431352360e-05
-6.4525488341640763e-05
-6.3962719465417549e-05
-6.3519186371895685e-05
-6.2963185451326821e-05
-6.2513468400283311e-05
-6.1965301860877840e-05
-6.1516362923145812e-05
-6.0961275301660816e-05
-6.0529582887677337e-05
-5.9968070502858684e-05
-5.9538435688008788e-05
-5.8988972925963432e-05
-5.8550191626308673e-05
-5.8009361603164119e-05
-5.7565918929964432e-05
-5.7025762045793361e-05
-5.6591517662979662e-05
-5.6050144791023091e-05
-5.5607817391070287e-05
-5.5092246053316475e-05
-5.4624453038335488e-05
-5.4136121295949953e-05
-5.3649614235530359e-05
-5.3169484552505547e-05
-5.2679660021448101e-05
-5.2207912180796165e-05
-5.1707263348694263e-05
-5.1257616496325738e-05
-5.0731076726455938e-05
-5.0297122211455497e-05
-4.9770477548177691e-05
-4.9323306537151899e-05
-4.8823677339614948e-05
-4.8343197988423922e-05
-4.7879700209749225e-05
-4.7365703592478331e-05
-4.6928439498653049e-05
-4.6396174806975543e-05
-4.5947839587222281e-05
-4.5451033296728963e-05
-4.4971883599442597e-05
-4.4500508401042982e-05
-4.3995443961904330e-05
-4.3547985075237454e-05
-4.3017886463427110e-05
-4.2561658207134888e-05
-4.2064881982244931e-05
-4.1573778582656493e-05
-4.1110858620247565e-05
-4.0580972933091020e-05
-4.0117641996802015e-05
-3.9620493670363239e-05
-3.9120530400134341e-05
-3.8651607405133135e-05
-3.8115083024040527e-05
0.0000000000000000e+00
];
