%Vec Object:dSdr_b_aug_5670 1 MPI processes
%  type: seq
dSdr_b_aug_5670 = [
2.3221071283939282e+03
0.0000000000000000e+00
-8.6426989683219207e-07
-3.5716419311008386e-07
-2.2195008438985145e-07
-1.5765847457150194e-07
-1.1834640270843186e-07
-9.4040894105293806e-08
-7.7565700167335228e-08
-6.5163596329444747e-08
-5.5953279785817854e-08
-4.8892442729525093e-08
-4.3141386015416390e-08
-3.8481805108906183e-08
-3.4661413695039805e-08
-3.1439329798599163e-08
-2.8685517705522165e-08
-2.6335727883556942e-08
-2.4473261312200602e-08
-1.3138460452499090e-05
-7.3645725852320375e-04
-7.1794809518521316e-04
-6.7934737003515970e-04
-6.4072037409600234e-04
-5.9784476369809645e-04
-5.5646625578797417e-04
-5.1680091624581542e-04
-4.7674361311686068e-04
-4.3564676628755764e-04
-3.9172954398366904e-04
-3.5308358643122625e-04
-3.1594298054568961e-04
-2.8088313780300615e-04
-2.4390824566344516e-04
-2.1383388631920520e-04
-1.8765845789892589e-04
-1.6476268990546771e-04
-1.4313977316006950e-04
-1.2676228082139068e-04
-1.1434085667893423e-04
-1.0453485180039258e-04
-9.6630699077456799e-05
-9.1706516072428355e-05
-8.8705477636913811e-05
-8.7068216538560263e-05
-8.6687371833574976e-05
-8.7180533158117023e-05
-8.8190259352237556e-05
-8.9645749898817535e-05
-9.1608417493810039e-05
-9.3335496625891371e-05
-9.5145785281220460e-05
-9.6988926283954175e-05
-9.8762896276706811e-05
-1.0024917319620204e-04
-1.0157957410003688e-04
-1.0285660892411772e-04
-1.0388633778702272e-04
-1.0473105233951770e-04
-1.0541226121253973e-04
-1.0602483505980341e-04
-1.0642657023189647e-04
-1.0666713534030365e-04
-1.0685895802680113e-04
-1.0694798757820548e-04
-1.0690315128822990e-04
-1.0679754805396022e-04
-1.0663274361617202e-04
-1.0637859821364431e-04
-1.0606804433077039e-04
-1.0573863410431838e-04
-1.0535659356521224e-04
-1.0494073546567310e-04
-1.0446461918815261e-04
-1.0399497142615803e-04
-1.0349795787450499e-04
-1.0295764872236478e-04
-1.0243615198578251e-04
-1.0190409934647243e-04
-1.0130212429109738e-04
-1.0074214943952738e-04
-1.0017931166293406e-04
-9.9562643470414993e-05
-9.8991031284602080e-05
-9.8423392816680797e-05
-9.7764182449934238e-05
-9.7193268535787021e-05
-9.6603829648391691e-05
-9.5964327891412946e-05
-9.5394596105984386e-05
-9.4790121357476930e-05
-9.4154160907393265e-05
-9.3581135298387725e-05
-9.2956816409154333e-05
-9.2356352116771770e-05
-9.1793468517106696e-05
-9.1142904813085393e-05
-9.0570908830960123e-05
-8.9996570371232866e-05
-8.9335742145089440e-05
-8.8804805628206113e-05
-8.8201794471266204e-05
-8.7589074060949652e-05
-8.7057600155204129e-05
-8.6404229668961984e-05
-8.5855993175047680e-05
-8.5300788369927188e-05
-8.4671254107879937e-05
-8.4149453934058375e-05
-8.3542892431636925e-05
-8.2967770711455546e-05
-8.2440476726323202e-05
-8.1819201738684864e-05
-8.1301622653519185e-05
-8.0715911821435931e-05
-8.0162355127436717e-05
-7.9614162249849990e-05
-7.9033378302453423e-05
-7.8521257943288598e-05
-7.7918743335098480e-05
-7.7415451719333329e-05
-7.6850451340045549e-05
-7.6293127612572835e-05
-7.5798844812049603e-05
-7.5186332105579875e-05
-7.4715666722759079e-05
-7.4130586352843039e-05
-7.3624547554474172e-05
-7.3088324405890120e-05
-7.2549312505942320e-05
-7.2033760801115134e-05
-7.1488952736047977e-05
-7.1001120563770901e-05
-7.0425899878499398e-05
-6.9964948240067124e-05
-6.9390671217587382e-05
-6.8910488203430064e-05
-6.8374855429705782e-05
-6.7865589124943207e-05
-6.7358168394383522e-05
-6.6842703728961194e-05
-6.6342922575483981e-05
-6.5824505468061164e-05
-6.5335562045673102e-05
-6.4798160065233961e-05
-6.4342731134007762e-05
-6.3783517359115573e-05
-6.3343056724214593e-05
-6.2790648927745131e-05
-6.2343925971276404e-05
-6.1799478754716612e-05
-6.1353507604104793e-05
-6.0802156862694253e-05
-6.0373420061479232e-05
-5.9815668441726662e-05
-5.9389010801083000e-05
-5.8843271687878235e-05
-5.8407502782253458e-05
-5.7870395104937543e-05
-5.7430036232895032e-05
-5.6893566705877109e-05
-5.6462474266638544e-05
-5.5924742693407779e-05
-5.5485623636745328e-05
-5.4973681758284752e-05
-5.4509158905780416e-05
-5.4024404720910536e-05
-5.3541286111993168e-05
-5.3064662226646165e-05
-5.2578356148984792e-05
-5.2110025357089638e-05
-5.1613034063497630e-05
-5.1166691427432207e-05
-5.0643995327635838e-05
-5.0213276736333815e-05
-4.9690484177492655e-05
-4.9246664504604976e-05
-4.8750773678186755e-05
-4.8273848690155747e-05
-4.7813944636703398e-05
-4.7303716307319643e-05
-4.6869873298003121e-05
-4.6341624787453899e-05
-4.5896702680086903e-05
-4.5403813746403369e-05
-4.4928298147276196e-05
-4.4460634800464017e-05
-4.3959491027767028e-05
-4.3515569526605529e-05
-4.2989633482135778e-05
-4.2537021283512458e-05
-4.2044169566536626e-05
-4.1556990566267486e-05
-4.1097766724497826e-05
-4.0572152214657413e-05
-4.0112546281030487e-05
-3.9619431375136473e-05
-3.9123581558182753e-05
-3.8658454539080774e-05
-3.8126560316638452e-05
0.0000000000000000e+00
];
