%Vec Object:dSdr_b_aug_90 1 MPI processes
%  type: seq
dSdr_b_aug_90 = [
2.6559762704637383e+03
0.0000000000000000e+00
-1.1291876492483005e-05
-4.5066093827848841e-06
-2.6590505540858282e-06
-1.8359058057241249e-06
-1.3793729790161010e-06
-1.0984271850114675e-06
-9.0809756881182052e-07
-7.6155186407326880e-07
-6.5285276535196093e-07
-5.6964265722802303e-07
-5.0157264534525579e-07
-4.4641010068405982e-07
-4.0121405859768829e-07
-3.6308642857504481e-07
-3.3048825235407698e-07
-3.0268631170063133e-07
-2.7865506635253647e-07
-2.5744525128971645e-07
-2.3886885542563707e-07
-2.2248996213521147e-07
-2.0776553857069705e-07
-1.9460420956084344e-07
-1.8279836016334949e-07
-1.7208578515064453e-07
-1.6234487328731739e-07
-1.5349243370026913e-07
-1.4539373577307869e-07
-1.3793658643548778e-07
-1.3108986304865511e-07
-1.2478133555770082e-07
-1.1891668255046258e-07
-1.1348746304535920e-07
-1.0844964353659153e-07
-1.0373911369527924e-07
-9.9344634185359545e-08
-9.5240689179681942e-08
-9.1387855839323837e-08
-8.7769210679732443e-08
-8.4371467189014775e-08
-8.1169749554744424e-08
-7.8146067913185911e-08
-7.5293803556511300e-08
-7.2596932591179144e-08
-7.0038402191236915e-08
-6.7615345474321160e-08
-6.5317496536126673e-08
-6.3130368666001157e-08
-6.1056038921208410e-08
-5.9097260027495186e-08
-5.7277203898623414e-08
-5.5717538054980599e-08
-5.4841190241553821e-08
-5.6160552384503895e-08
-6.5441654501943281e-08
-1.0639016057045681e-07
-2.7174334043372170e-07
-8.7009447807884979e-07
-2.8756072680319083e-06
-9.0646722550302802e-06
-2.4933395306414298e-05
-5.3239600218972265e-05
-8.4605783004804326e-05
-1.0795102450452177e-04
-1.2199543000365742e-04
-1.2979711935108215e-04
-1.3393461373076109e-04
-1.3597285285283839e-04
-1.3682023905020417e-04
-1.3701111978717018e-04
-1.3682379568501224e-04
-1.3640768879922925e-04
-1.3577627073048590e-04
-1.3513103216877603e-04
-1.3442510049077597e-04
-1.3360872999677921e-04
-1.3284696490070008e-04
-1.3206905709098218e-04
-1.3116188026628358e-04
-1.3034837581936702e-04
-1.2952789658294777e-04
-1.2861055762304393e-04
-1.2778434178182938e-04
-1.2695999042625227e-04
-1.2599645243627463e-04
-1.2517144254962334e-04
-1.2432169576863085e-04
-1.2339028332173285e-04
-1.2257055985389180e-04
-1.2170161055073403e-04
-1.2078060528057327e-04
-1.1995971212549367e-04
-1.1906350252428364e-04
-1.1819555576630130e-04
-1.1738905240253657e-04
-1.1645775749045682e-04
-1.1562896909758480e-04
-1.1481037069263890e-04
-1.1386354845687331e-04
-1.1309183686132358e-04
-1.1223550645129805e-04
-1.1135352131623515e-04
-1.1058454542093358e-04
-1.0965663574205653e-04
-1.0886257665575092e-04
-1.0806441808645601e-04
-1.0716537419874413e-04
-1.0641049970125888e-04
-1.0553919137908864e-04
-1.0471486026566602e-04
-1.0395330791307280e-04
-1.0305889733347403e-04
-1.0231570803641330e-04
-1.0146850231604873e-04
-1.0067284730763706e-04
-9.9884462230891483e-05
-9.9043894085146624e-05
-9.8305720148651705e-05
-9.7438499497195732e-05
-9.6704421626286362e-05
-9.5893734851756145e-05
-9.5087424933730272e-05
-9.4363052619786218e-05
-9.3487533114521327e-05
-9.2796155277955110e-05
-9.1949022873030981e-05
-9.1219109823844987e-05
-9.0430077639795485e-05
-8.9652494523587893e-05
-8.8901014030026335e-05
-8.8104136376986237e-05
-8.7394510976850429e-05
-8.6554227914143787e-05
-8.5877521715224060e-05
-8.5040400915420707e-05
-8.4335585182779266e-05
-8.3550645972379874e-05
-8.2805632725074799e-05
-8.2058459837593763e-05
-8.1300124708740646e-05
-8.0567862599820203e-05
-7.9798302602872349e-05
-7.9081361195958001e-05
-7.8288514185461156e-05
-7.7607930796017672e-05
-7.6790687478889397e-05
-7.6127228822777632e-05
-7.5314032542813270e-05
-7.4650000315208239e-05
-7.3835605776420576e-05
-7.3174235830516168e-05
-7.2351664579179854e-05
-7.1708413785474796e-05
-7.0877709375762564e-05
-7.0234974163372967e-05
-6.9418977773655084e-05
-6.8764576651113478e-05
-6.7957308082194548e-05
-6.7293136077180198e-05
-6.6489047414959891e-05
-6.5829198250708502e-05
-6.5027193222005439e-05
-6.4355226720256396e-05
-6.3579873836830324e-05
-6.2878020193682721e-05
-6.2133625974937314e-05
-6.1404595344977740e-05
-6.0673544754590138e-05
-5.9931896356131286e-05
-5.9215586586125018e-05
-5.8453164961785460e-05
-5.7767040738999099e-05
-5.6965413802598328e-05
-5.6299880674623055e-05
-5.5497557177102864e-05
-5.4810559901815062e-05
-5.4043409111067130e-05
-5.3308589901560947e-05
-5.2587946646587429e-05
-5.1804324356443276e-05
-5.1122304496639894e-05
-5.0302709165978017e-05
-4.9610236930729703e-05
-4.8833233214024831e-05
-4.8094203691062224e-05
-4.7357436698934231e-05
-4.6572105102343320e-05
-4.5871906851845348e-05
-4.5044451045409333e-05
-4.4330163490851653e-05
-4.3553516958624354e-05
-4.2782954078008015e-05
-4.2057554885295251e-05
-4.1225137806891670e-05
-4.0500401223659570e-05
-3.9724072953726496e-05
-3.8950018492969801e-05
-3.8266680995784411e-05
-3.7703266198588361e-05
0.0000000000000000e+00
];
