%Vec Object:dSdr_b_aug_1180 1 MPI processes
%  type: seq
dSdr_b_aug_1180 = [
2.4541941041261944e+03
0.0000000000000000e+00
-2.1928430746199182e-06
-8.9584633134696206e-07
-5.4693956862662520e-07
-3.8438229890197090e-07
-2.8838141120859687e-07
-2.2911269708681821e-07
-1.8894362750039728e-07
-1.5850573259402895e-07
-1.3591226871183595e-07
-1.1860086816698234e-07
-1.0448289524171276e-07
-9.3044781867857871e-08
-8.3669493535028687e-08
-7.5762795889757037e-08
-6.9005411258848395e-08
-6.3240767159349137e-08
-5.8257055783468185e-08
-5.3858984435883811e-08
-5.0006218252014902e-08
-4.6608537418671814e-08
-4.3553672993633885e-08
-4.0822717053748621e-08
-3.8492565715624404e-08
-2.5081024332193053e-07
-9.9198756221899345e-05
-4.8487721586220689e-04
-4.6981183918517344e-04
-4.2491192459837083e-04
-3.8399943670152053e-04
-3.4459804451105158e-04
-3.0742156701201926e-04
-2.6823665466573383e-04
-2.3637587893125516e-04
-2.0865610140957571e-04
-1.8441360624966052e-04
-1.6151658425752913e-04
-1.4417319739078592e-04
-1.3101500859256864e-04
-1.2061160469918881e-04
-1.1221171101419861e-04
-1.0695914544891675e-04
-1.0373208399006416e-04
-1.0194056907550157e-04
-1.0146628027522253e-04
-1.0191328035191445e-04
-1.0290284953240219e-04
-1.0436003781164907e-04
-1.0633473466856669e-04
-1.0807046968223211e-04
-1.0989427471703757e-04
-1.1174451832921860e-04
-1.1351630236805072e-04
-1.1499342211531093e-04
-1.1630351205866774e-04
-1.1754591167422316e-04
-1.1853587205892606e-04
-1.1933423546355061e-04
-1.1995674183304648e-04
-1.2050048695119668e-04
-1.2083219700947946e-04
-1.2099487875222435e-04
-1.2109314374237579e-04
-1.2109647631315460e-04
-1.2096064921124324e-04
-1.2075413804906177e-04
-1.2048527752672413e-04
-1.2013020373798376e-04
-1.1971299477209613e-04
-1.1926992984376995e-04
-1.1878289077722014e-04
-1.1826157131535776e-04
-1.1766045526631555e-04
-1.1708305489632375e-04
-1.1647893990174097e-04
-1.1581167470999963e-04
-1.1518297636827553e-04
-1.1454412643975280e-04
-1.1381207319688033e-04
-1.1314458656760648e-04
-1.1247305516089384e-04
-1.1172998552983627e-04
-1.1105145452597891e-04
-1.1037612525059585e-04
-1.0958934662537310e-04
-1.0891194390392737e-04
-1.0821343842930168e-04
-1.0745164776274784e-04
-1.0677719369312055e-04
-1.0606193595390901e-04
-1.0530658000473375e-04
-1.0462973261823881e-04
-1.0389153114712904e-04
-1.0317903145343218e-04
-1.0251410780651330e-04
-1.0174596027280036e-04
-1.0106640739154724e-04
-1.0038976135129866e-04
-9.9609145356962863e-05
-9.8977361036882165e-05
-9.8268247400081909e-05
-9.7542745202857777e-05
-9.6911793295113093e-05
-9.6143431803170305e-05
-9.5492232214039176e-05
-9.4835265903015775e-05
-9.4092847222637470e-05
-9.3473423504603583e-05
-9.2755972446712242e-05
-9.2076468982916308e-05
-9.1451055457900712e-05
-9.0715377221069459e-05
-9.0103300817266145e-05
-8.9408062385982660e-05
-8.8753102299963147e-05
-8.8104304377403485e-05
-8.7414709270162297e-05
-8.6807905756995906e-05
-8.6094518414174659e-05
-8.5494561308358319e-05
-8.4826654489063467e-05
-8.4165042174012009e-05
-8.3574385610566017e-05
-8.2851711712376272e-05
-8.2288600061679066e-05
-8.1593758323626932e-05
-8.0993948844297324e-05
-8.0351835667830985e-05
-7.9712897179017722e-05
-7.9098525616225072e-05
-7.8448137077436782e-05
-7.7867405602972316e-05
-7.7181162298685212e-05
-7.6629840529850122e-05
-7.5945470011731933e-05
-7.5371198116290768e-05
-7.4731141807015457e-05
-7.4123131270426937e-05
-7.3515288644634944e-05
-7.2898095887902672e-05
-7.2300938183804837e-05
-7.1677327887400267e-05
-7.1092885393666752e-05
-7.0448488036446935e-05
-6.9898750815126855e-05
-6.9231458864637302e-05
-6.8697592890960038e-05
-6.8035951038841600e-05
-6.7498205144957726e-05
-6.6840687360492123e-05
-6.6304493107282404e-05
-6.5639538110319310e-05
-6.5120948388782573e-05
-6.4448866466395639e-05
-6.3931700499986598e-05
-6.3272759546593223e-05
-6.2745411698511298e-05
-6.2095141901828335e-05
-6.1561033356589845e-05
-6.0912465532596469e-05
-6.0385551961042992e-05
-5.9737122471767957e-05
-5.9200467847166826e-05
-5.8578188167687128e-05
-5.8014250597713103e-05
-5.7420736704148188e-05
-5.6834607535745200e-05
-5.6251405799332309e-05
-5.5658137299149597e-05
-5.5085927074898761e-05
-5.4477745448161688e-05
-5.3930954056780254e-05
-5.3291409583636073e-05
-5.2762319000830655e-05
-5.2122422362127525e-05
-5.1576722798926616e-05
-5.0967186431395022e-05
-5.0382210516560238e-05
-4.9813059586156788e-05
-4.9188278391371124e-05
-4.8650438799656268e-05
-4.8000103515706472e-05
-4.7451429970188242e-05
-4.6839462034386895e-05
-4.6253481172336498e-05
-4.5672991867991121e-05
-4.5052678080021720e-05
-4.4501243966536121e-05
-4.3848796768420268e-05
-4.3286298038931485e-05
-4.2674197856528502e-05
-4.2067796599690599e-05
-4.1496326748104007e-05
-4.0841046711068801e-05
-4.0268494404517809e-05
-3.9653299521699430e-05
-3.9033545707297747e-05
-3.8456245781645937e-05
-3.7800753462284959e-05
0.0000000000000000e+00
];
