%Vec Object:dSdr_b_aug_4580 1 MPI processes
%  type: seq
dSdr_b_aug_4580 = [
2.3417932723169124e+03
0.0000000000000000e+00
-9.8579501329652121e-07
-4.0675420064777935e-07
-2.5217421732094201e-07
-1.7886281088623893e-07
-1.3424089183057747e-07
-1.0665791219163857e-07
-8.7961549374643065e-08
-7.3875683451291830e-08
-6.3415737316788723e-08
-5.5397547359624364e-08
-4.8865769287550379e-08
-4.3573740721622586e-08
-3.9235022614464673e-08
-3.5575873764399890e-08
-3.2448595243705482e-08
-2.9780241545401196e-08
-2.7472980800509389e-08
-2.6761618147386994e-08
-4.2889414884968708e-05
-7.1525718682383403e-04
-6.8680719362558323e-04
-6.4791857874006600e-04
-6.0461235828511732e-04
-5.6282771006092500e-04
-5.2278151254293252e-04
-4.8234459784537298e-04
-4.4086530177360971e-04
-3.9655023168540439e-04
-3.5755614019505205e-04
-3.2008658973863848e-04
-2.8472043210357511e-04
-2.4742594461217246e-04
-2.1709327537372474e-04
-1.9069454464191166e-04
-1.6760405029598316e-04
-1.4579690807894533e-04
-1.2927975516841282e-04
-1.1675180082976797e-04
-1.0685941692128987e-04
-9.8883584112729602e-05
-9.3911919715345185e-05
-9.0878200260622436e-05
-8.9218635397250262e-05
-8.8824279527026636e-05
-8.9310766404682187e-05
-9.0317578151748423e-05
-9.1773314268665741e-05
-9.3737721270983641e-05
-9.5466051943411009e-05
-9.7278294931747589e-05
-9.9122462890916492e-05
-1.0089611679095724e-04
-1.0238106963681532e-04
-1.0370853372021873e-04
-1.0498056055546320e-04
-1.0600453930080391e-04
-1.0684255193450556e-04
-1.0751527297778640e-04
-1.0811789482116140e-04
-1.0850950499731179e-04
-1.0873880886611748e-04
-1.0891710392916383e-04
-1.0899374244954937e-04
-1.0893574968037992e-04
-1.0881555603008831e-04
-1.0863570597588615e-04
-1.0836696719434831e-04
-1.0804099189660165e-04
-1.0769514816557706e-04
-1.0729792573231314e-04
-1.0686681881485719e-04
-1.0637262862268992e-04
-1.0588740074433637e-04
-1.0537490122816338e-04
-1.0481623529683655e-04
-1.0427923811046043e-04
-1.0373174348110673e-04
-1.0311096020590317e-04
-1.0253544005305238e-04
-1.0195688608782145e-04
-1.0132194130068588e-04
-1.0073486954781941e-04
-1.0015165988886433e-04
-9.9474004212099341e-05
-9.8887692904770457e-05
-9.8282483897366057e-05
-9.7625300179362163e-05
-9.7040426423508557e-05
-9.6419933375091680e-05
-9.5766709325716346e-05
-9.5178671950531921e-05
-9.4537886583913102e-05
-9.3921222900925118e-05
-9.3343585157139598e-05
-9.2676019803932167e-05
-9.2088471984879379e-05
-9.1499340696424129e-05
-9.0821192147089801e-05
-9.0275673868242239e-05
-8.9657321156232182e-05
-8.9028293408005847e-05
-8.8482435783245018e-05
-8.7812438523474971e-05
-8.7249314393962691e-05
-8.6679395692957161e-05
-8.6033539251937708e-05
-8.5497623497337986e-05
-8.4875028256398418e-05
-8.4284813773999475e-05
-8.3743332490226392e-05
-8.3105515711440753e-05
-8.2574273070723422e-05
-8.1972725426146298e-05
-8.1404506613713703e-05
-8.0841767051717411e-05
-8.0245249882018115e-05
-7.9719439094924632e-05
-7.9100893176493471e-05
-7.8583624502298645e-05
-7.8003744673255505e-05
-7.7431341648204828e-05
-7.6923123969114158e-05
-7.6294682832947234e-05
-7.5810650454323007e-05
-7.5209699464811759e-05
-7.4690102169793789e-05
-7.4138568164856716e-05
-7.3585107672455026e-05
-7.3055267398878821e-05
-7.2495193233993371e-05
-7.1993928555614547e-05
-7.1402654878707718e-05
-7.0928636430135910e-05
-7.0338440757698436e-05
-6.9844653230103951e-05
-6.9293921634531674e-05
-6.8770377688010269e-05
-6.8248436737993997e-05
-6.7718262986336881e-05
-6.7204401942718572e-05
-6.6670774721238872e-05
-6.6168022873911093e-05
-6.5615150194115623e-05
-6.5146085012046342e-05
-6.4571243969882303e-05
-6.4117277639583751e-05
-6.3549075440701779e-05
-6.3089191260034454e-05
-6.2528394907617331e-05
-6.2069378177140501e-05
-6.1501601127058795e-05
-6.1059872265373076e-05
-6.0485589349472301e-05
-6.0045844874867189e-05
-5.9483737624216067e-05
-5.9034727073488429e-05
-5.8481256992778232e-05
-5.8027342595528951e-05
-5.7474664473952714e-05
-5.7029716981444795e-05
-5.6475979283797720e-05
-5.6022757265686687e-05
-5.5494861316741299e-05
-5.5015963774575006e-05
-5.4515483679222192e-05
-5.4017470428550343e-05
-5.3525436087186876e-05
-5.3023663932642876e-05
-5.2540312823238316e-05
-5.2027244095566752e-05
-5.1566377151040664e-05
-5.1026785463734394e-05
-5.0581842795943368e-05
-5.0042117616140317e-05
-4.9583566583380713e-05
-4.9071243133131742e-05
-4.8578694407083831e-05
-4.8102993631480319e-05
-4.7576201300894248e-05
-4.7127320562354328e-05
-4.6581418512581829e-05
-4.6121493884592600e-05
-4.5611386020116772e-05
-4.5119896763600375e-05
-4.4635918158926908e-05
-4.4117541477490041e-05
-4.3658072185021057e-05
-4.3113840664468179e-05
-4.2645335910676881e-05
-4.2135236679230389e-05
-4.1630812005745737e-05
-4.1155348111097817e-05
-4.0610969486658277e-05
-4.0135007136667723e-05
-3.9624194561311112e-05
-3.9110331626908893e-05
-3.8628711273315802e-05
-3.8077489760095274e-05
0.0000000000000000e+00
];
