%Vec Object:dSdr_b_aug_9940 1 MPI processes
%  type: seq
dSdr_b_aug_9940 = [
2.2735127582885502e+03
0.0000000000000000e+00
-6.3176167586947596e-07
-2.6186422582416138e-07
-1.6348988942040861e-07
-1.1645600809934265e-07
-8.7412542018562525e-08
-6.9448101362711046e-08
-5.7270827711615062e-08
-4.8123084093606955e-08
-4.1328596327418782e-08
-3.6118873769487872e-08
-3.1877665141118063e-08
-2.8441430753553913e-08
-2.5623794752788355e-08
-2.3247507949102319e-08
-2.1264325844610481e-08
-1.7727325549544145e-05
-8.0956696127947427e-04
-7.7639487871799617e-04
-7.3461194267691106e-04
-6.9615200146912149e-04
-6.5847329159094737e-04
-6.2092626778799127e-04
-5.7924093484576630e-04
-5.3897903939709635e-04
-5.0036065813298359e-04
-4.6134688206974912e-04
-4.2130136269702737e-04
-3.7847779743187688e-04
-3.4078883686395397e-04
-3.0455247768450798e-04
-2.7033467417930603e-04
-2.3423832840879517e-04
-2.0487404621810412e-04
-1.7931246142278626e-04
-1.5695198360097447e-04
-1.3583549080090236e-04
-1.1984191640542674e-04
-1.0771333694576728e-04
-9.8144782480840052e-05
-9.0437673712139301e-05
-8.5644013988984161e-05
-8.2732813537823865e-05
-8.1156864000154306e-05
-8.0813160545888189e-05
-8.1324669412803871e-05
-8.2342407147901580e-05
-8.3797222549088855e-05
-8.5755108460582266e-05
-8.7478746613694594e-05
-8.9283662398653593e-05
-9.1123979862729992e-05
-9.2898818304205407e-05
-9.4388734580578174e-05
-9.5727208202078991e-05
-9.7018009273358677e-05
-9.8063544746541196e-05
-9.8926682366468635e-05
-9.9631223661367159e-05
-1.0027115485070832e-04
-1.0070072291271413e-04
-1.0097224437192677e-04
-1.0120125354995789e-04
-1.0132434517865430e-04
-1.0131567513460503e-04
-1.0125017994522287e-04
-1.0112673486897168e-04
-1.0091270565971603e-04
-1.0064454418721896e-04
-1.0036030853962234e-04
-1.0002000198691692e-04
-9.9646061844213318e-05
-9.9219629527082535e-05
-9.8792810441459519e-05
-9.8338366750346814e-05
-9.7848519137385236e-05
-9.7369632081640306e-05
-9.6880028422302198e-05
-9.6329755888826797e-05
-9.5812514014612283e-05
-9.5292878973645572e-05
-9.4726451903007366e-05
-9.4197337018328371e-05
-9.3672502699552145e-05
-9.3063997243296676e-05
-9.2535409720372167e-05
-9.1989321825858338e-05
-9.1398426585726847e-05
-9.0870319052648547e-05
-9.0309877528485727e-05
-8.9721373547819240e-05
-8.9189614269824923e-05
-8.8610560615949802e-05
-8.8054627355292967e-05
-8.7532301901649338e-05
-8.6928474585751711e-05
-8.6399229554564739e-05
-8.5865555583023115e-05
-8.5252339759267043e-05
-8.4761487522871096e-05
-8.4200649276339765e-05
-8.3632756658228967e-05
-8.3140822644549791e-05
-8.2533158058426594e-05
-8.2025846690407200e-05
-8.1511089412505001e-05
-8.0926423741074961e-05
-8.0443426366603484e-05
-7.9880940551797823e-05
-7.9347307838214674e-05
-7.8859013801014908e-05
-7.8283211104611516e-05
-7.7803192233454659e-05
-7.7261015753816320e-05
-7.6747764257253852e-05
-7.6239559256863692e-05
-7.5702024900774627e-05
-7.5227538627526671e-05
-7.4669093035464464e-05
-7.4204223434715699e-05
-7.3680125684634764e-05
-7.3164253954994437e-05
-7.2708277221287913e-05
-7.2139550721610562e-05
-7.1705630334814894e-05
-7.1164177256619984e-05
-7.0695409878691046e-05
-7.0201275271193427e-05
-6.9701981606919245e-05
-6.9225708244134932e-05
-6.8722865689416362e-05
-6.8271958601457094e-05
-6.7740866541672997e-05
-6.7315834715261322e-05
-6.6785317023680546e-05
-6.6342531933928474e-05
-6.5848404840115868e-05
-6.5378386847028325e-05
-6.4910881259183480e-05
-6.4435850919890473e-05
-6.3974774475777775e-05
-6.3498168989351667e-05
-6.3047184039284065e-05
-6.2552310014443865e-05
-6.2134366263539990e-05
-6.1618110842848238e-05
-6.1214776503357626e-05
-6.0705786508479942e-05
-6.0295242923508625e-05
-5.9795738438041176e-05
-5.9385628765120463e-05
-5.8879432903228967e-05
-5.8486410463847958e-05
-5.7974102333338652e-05
-5.7583419586995784e-05
-5.7082675457839455e-05
-5.6683307019858375e-05
-5.6191178572287475e-05
-5.5788083012448507e-05
-5.5296169914987801e-05
-5.4903164181212529e-05
-5.4409432472656401e-05
-5.4009081617742720e-05
-5.3540996525203989e-05
-5.3115988853647683e-05
-5.2674464275157603e-05
-5.2232290180713989e-05
-5.1798028760162337e-05
-5.1354238058586390e-05
-5.0927197294045856e-05
-5.0474401987987248e-05
-5.0067985917752908e-05
-4.9591734895672325e-05
-4.9200117597321810e-05
-4.8723871971398001e-05
-4.8320548140417765e-05
-4.7869829857164674e-05
-4.7435853882685576e-05
-4.7019374415891999e-05
-4.6554679937943651e-05
-4.6162175229950548e-05
-4.5682455806392691e-05
-4.5278775418064166e-05
-4.4833221110656229e-05
-4.4401617138446036e-05
-4.3978804679035655e-05
-4.3525034652778789e-05
-4.3123855003356113e-05
-4.2648214558838987e-05
-4.2239293221065565e-05
-4.1793858146842579e-05
-4.1354092357976353e-05
-4.0939519924119439e-05
-4.0465499733018855e-05
-4.0050877615441031e-05
-3.9606450564852436e-05
-3.9160198329941572e-05
-3.8740635970262460e-05
-3.8263062994315266e-05
0.0000000000000000e+00
];
