%Vec Object:dSdr_b_aug_3320 1 MPI processes
%  type: seq
dSdr_b_aug_3320 = [
2.3673531410822497e+03
0.0000000000000000e+00
-1.1741760394396810e-06
-4.8353952618832298e-07
-2.9886396546737510e-07
-2.1159122147009366e-07
-1.5880365127283763e-07
-1.2618145600462731e-07
-1.0406980903902544e-07
-8.7390539657055236e-08
-7.5005818581322912e-08
-6.5513106768745755e-08
-5.7778083088044859e-08
-5.1511163426338324e-08
-4.6373445436010442e-08
-4.2040396485147906e-08
-3.8337108819836039e-08
-3.5177399786774980e-08
-3.2445344730782930e-08
-3.0033947743206543e-08
-2.8394029847444541e-08
-9.7116567885370266e-06
-6.4405531713891001e-04
-6.5771035514722743e-04
-6.1459493560526708e-04
-5.7222902043179964e-04
-5.3162051404424435e-04
-4.9062257554077923e-04
-4.4857803969155998e-04
-4.0367497033992118e-04
-3.6416635410695423e-04
-3.2621063983855704e-04
-2.9039176393775179e-04
-2.5262493032536390e-04
-2.2191049183917805e-04
-1.9518173133475019e-04
-1.7180344106949611e-04
-1.4972402271875798e-04
-1.3300045838707646e-04
-1.2031505767967460e-04
-1.1029500982705159e-04
-1.0221323738508543e-04
-9.7171397821757058e-05
-9.4089377419102400e-05
-9.2396848674685691e-05
-9.1982523950435326e-05
-9.2459146305789698e-05
-9.3461650624729269e-05
-9.4917749663481329e-05
-9.6884727433128602e-05
-9.8614907996846278e-05
-1.0043003955577154e-04
-1.0227572545714037e-04
-1.0404891232861500e-04
-1.0553190839049300e-04
-1.0685503212253128e-04
-1.0811965751383706e-04
-1.0913513773117037e-04
-1.0996324511828227e-04
-1.1062342143529964e-04
-1.1121133458339325e-04
-1.1158798039778959e-04
-1.1180064059985287e-04
-1.1195894239868787e-04
-1.1201726748803916e-04
-1.1193982999842469e-04
-1.1179807234457224e-04
-1.1159598560209746e-04
-1.1130567851975548e-04
-1.1095691112543546e-04
-1.1058677947951947e-04
-1.1016711895045747e-04
-1.0971347502732453e-04
-1.0919257247646508e-04
-1.0868431795027760e-04
-1.0814893093808538e-04
-1.0756313458903549e-04
-1.0700322849908018e-04
-1.0643291136673376e-04
-1.0578433046749560e-04
-1.0518583512296268e-04
-1.0458405340348447e-04
-1.0392209670846143e-04
-1.0331217647580016e-04
-1.0270595336193379e-04
-1.0200103642520368e-04
-1.0139196852809279e-04
-1.0076345205928340e-04
-1.0008013527340835e-04
-9.9472882430490467e-05
-9.8828715123250570e-05
-9.8149976324434193e-05
-9.7539752297707679e-05
-9.6874630288533125e-05
-9.6234024704261884e-05
-9.5634581062034601e-05
-9.4941888108889542e-05
-9.4331355440955872e-05
-9.3720361080502538e-05
-9.3016613947182771e-05
-9.2449544542421187e-05
-9.1808517769918587e-05
-9.1155388583872237e-05
-9.0588272535200198e-05
-8.9893701727544522e-05
-8.9308574410191266e-05
-8.8716909300187185e-05
-8.8046929487262050e-05
-8.7490151603936400e-05
-8.6843859291859505e-05
-8.6231338455047796e-05
-8.5668889047211806e-05
-8.5006624320932414e-05
-8.4455187622512880e-05
-8.3830233954272746e-05
-8.3240345257760650e-05
-8.2656106417708212e-05
-8.2036336325529735e-05
-8.1490291765349315e-05
-8.0848052365359467e-05
-8.0310126292386957e-05
-7.9708255374947050e-05
-7.9113565896501371e-05
-7.8584753158656689e-05
-7.7932770593926287e-05
-7.7428982459387422e-05
-7.6804575482002633e-05
-7.6264939402587091e-05
-7.5690776712260063e-05
-7.5115961918275205e-05
-7.4565003850146305e-05
-7.3982367148479029e-05
-7.3461249894177081e-05
-7.2846250693425112e-05
-7.2352920149848014e-05
-7.1739197504381243e-05
-7.1225303183334676e-05
-7.0652256280568531e-05
-7.0107610690582628e-05
-6.9564209579459866e-05
-6.9012296531251156e-05
-6.8477626111979878e-05
-6.7921519099991428e-05
-6.7398359089770459e-05
-6.6822621488115804e-05
-6.6333402608402078e-05
-6.5735465245358657e-05
-6.5261538172821897e-05
-6.4669992636260759e-05
-6.4190656825503458e-05
-6.3605697267802455e-05
-6.3127399824817210e-05
-6.2535345512819253e-05
-6.2074415038693330e-05
-6.1475699695911335e-05
-6.1016613539620930e-05
-6.0430315003852242e-05
-5.9961733969751070e-05
-5.9384081080242522e-05
-5.8910132302078340e-05
-5.8333498695555776e-05
-5.7868074136561550e-05
-5.7290680197267775e-05
-5.6816614719136114e-05
-5.6265139464389389e-05
-5.5764996864542427e-05
-5.5241274675940293e-05
-5.4721247908037428e-05
-5.4206437703659500e-05
-5.3681807483762767e-05
-5.3176257122050506e-05
-5.2639426779412119e-05
-5.2157093666024097e-05
-5.1592531181349513e-05
-5.1126566081358836e-05
-5.0561815380712838e-05
-5.0081492187638956e-05
-4.9544882200848715e-05
-4.9029242439717317e-05
-4.8530194976850554e-05
-4.7978921971081437e-05
-4.7507816324987294e-05
-4.6935823348818957e-05
-4.6453725888449938e-05
-4.5918169474358331e-05
-4.5403072153352201e-05
-4.4894980657735790e-05
-4.4351134898769241e-05
-4.3868687119796595e-05
-4.3297416273216380e-05
-4.2805423726820762e-05
-4.2269834342521604e-05
-4.1739922539167530e-05
-4.1240458246932267e-05
-4.0668349603844949e-05
-4.0168217176166034e-05
-3.9631255328342020e-05
-3.9090784655889851e-05
-3.8584828982345532e-05
-3.8005258163479892e-05
0.0000000000000000e+00
];
