%Vec Object:dSdr_b_aug_8660 1 MPI processes
%  type: seq
dSdr_b_aug_8660 = [
2.2828039507475182e+03
0.0000000000000000e+00
-6.6809792333287896e-07
-2.7609366377511866e-07
-1.7178904318613118e-07
-1.2197786848379508e-07
-9.1303211293592914e-08
-7.2334281691515148e-08
-5.9478261307923626e-08
-4.9826632388955745e-08
-4.2659543214283410e-08
-3.7164728995501843e-08
-3.2694973781467181e-08
-2.9074801267484293e-08
-2.6106772436997625e-08
-2.3604903696723960e-08
-2.1468508012059970e-08
-2.3220352508975773e-07
-6.2464701563576177e-04
-7.8198245711408603e-04
-7.4049527302420457e-04
-7.0174510197413436e-04
-6.6378440590500714e-04
-6.2596199684900652e-04
-5.8397383944061197e-04
-5.4342787202373379e-04
-5.0454313944934626e-04
-4.6526388499455490e-04
-4.2495090276422731e-04
-3.8184910577575986e-04
-3.4391668047456243e-04
-3.0745027648613744e-04
-2.7301825405343425e-04
-2.3669840174625205e-04
-2.0715347209451077e-04
-1.8143572213189985e-04
-1.5893906375807884e-04
-1.3769373425343386e-04
-1.2160248929334128e-04
-1.0939940876306483e-04
-9.9770445805479041e-05
-9.2013208149411988e-05
-8.7186342740520347e-05
-8.4252287151436627e-05
-8.2660739741994573e-05
-8.2307587464635175e-05
-8.2814428719736277e-05
-8.3830128369265550e-05
-8.5285115616950971e-05
-8.7244218090013476e-05
-8.8968731687252866e-05
-9.0775014396725861e-05
-9.2616050220272570e-05
-9.4390667758749373e-05
-9.5879658196378458e-05
-9.7216078107983865e-05
-9.8503377005605881e-05
-9.9544891224511339e-05
-1.0040334194873434e-04
-1.0110194738235892e-04
-1.0173491874975153e-04
-1.0215740600660619e-04
-1.0242105203556680e-04
-1.0264060080409092e-04
-1.0275502688862285e-04
-1.0273715598856793e-04
-1.0266145712944824e-04
-1.0252749004171862e-04
-1.0230325508832806e-04
-1.0202430879029478e-04
-1.0172858051939594e-04
-1.0137765664640697e-04
-1.0099305237996782e-04
-1.0055398022928976e-04
-1.0011626532760177e-04
-9.9650991664047844e-05
-9.9148306396561030e-05
-9.8658579237240573e-05
-9.8158176357117147e-05
-9.7594750456090595e-05
-9.7066637110208837e-05
-9.6536011088513664e-05
-9.5956802436909021e-05
-9.5416876037033479e-05
-9.4881152139227040e-05
-9.4259747111237384e-05
-9.3720391552859733e-05
-9.3163274958991572e-05
-9.2560013988239056e-05
-9.2021317046754727e-05
-9.1449673259709821e-05
-9.0849096125669203e-05
-9.0306838495764967e-05
-8.9716269148913829e-05
-8.9149006980193722e-05
-8.8616363339980722e-05
-8.8000646062239105e-05
-8.7460524983940061e-05
-8.6916505771503718e-05
-8.6291177123247131e-05
-8.5790127253480394e-05
-8.5218560011716886e-05
-8.4639262979340318e-05
-8.4137269819086979e-05
-8.3517977423472177e-05
-8.3000254498359952e-05
-8.2475207166678640e-05
-8.1879126701056961e-05
-8.1386257699429839e-05
-8.0812558808621051e-05
-8.0268371083246458e-05
-7.9770155262908897e-05
-7.9182784187235508e-05
-7.8693209807995413e-05
-7.8139957969944180e-05
-7.7616452627694369e-05
-7.7098074509269048e-05
-7.6549537238869401e-05
-7.6065476663297264e-05
-7.5495819690792003e-05
-7.5021175334310099e-05
-7.4486671747760408e-05
-7.3960254419376276e-05
-7.3494532427066314e-05
-7.2914666493832997e-05
-7.2471397992025490e-05
-7.1918845908562731e-05
-7.1440596490013531e-05
-7.0935754342474537e-05
-7.0426356155118059e-05
-6.9940090180063759e-05
-6.9426571383882018e-05
-6.8966270363278982e-05
-6.8423951754085718e-05
-6.7989781740501775e-05
-6.7448131449005877e-05
-6.6995832132113857e-05
-6.6491145777386931e-05
-6.6011142808468286e-05
-6.5533482599180302e-05
-6.5048165555020910e-05
-6.4577242428442218e-05
-6.4089999845321787e-05
-6.3629358057843612e-05
-6.3123664695745221e-05
-6.2696184513840524e-05
-6.2169000258613139e-05
-6.1756220788524544e-05
-6.1236185071581833e-05
-6.0816437256042363e-05
-6.0305499096871205e-05
-5.9886266064836682e-05
-5.9368582555071753e-05
-5.8966474181004403e-05
-5.8442604975906536e-05
-5.8042770011040563e-05
-5.7530578905847264e-05
-5.7121949977652597e-05
-5.6618378558048318e-05
-5.6205802991760204e-05
-5.5702554479873708e-05
-5.5299859259264564e-05
-5.4794933723287935e-05
-5.4384719999202077e-05
-5.3905477472427318e-05
-5.3470416888578971e-05
-5.3017894425127560e-05
-5.2565303779269910e-05
-5.2120265068316589e-05
-5.1665658168533414e-05
-5.1228112933644612e-05
-5.0764073858361210e-05
-5.0347500172325599e-05
-4.9859433181505143e-05
-4.9457868198863839e-05
-4.8969780665941923e-05
-4.8556154340780378e-05
-4.8093943768002186e-05
-4.7649041159320110e-05
-4.7221514044854101e-05
-4.6745235279475780e-05
-4.6342213617738588e-05
-4.5850147820768873e-05
-4.5435974948280122e-05
-4.4978378019979030e-05
-4.4535602167389994e-05
-4.4101378763029455e-05
-4.3635555814681957e-05
-4.3223501427551962e-05
-4.2735064259888578e-05
-4.2315026106395099e-05
-4.1857525806970002e-05
-4.1405694836096586e-05
-4.0979758518989401e-05
-4.0492605866515538e-05
-4.0066528870783077e-05
-3.9609695849309353e-05
-3.9150784202701849e-05
-3.8719513313271791e-05
-3.8227501264502920e-05
0.0000000000000000e+00
];
