%Vec Object:dSdr_b_aug_7070 1 MPI processes
%  type: seq
dSdr_b_aug_7070 = [
2.3014836525345236e+03
0.0000000000000000e+00
-7.5512096611516896e-07
-3.1241138779078253e-07
-1.9450333058100540e-07
-1.3830368428934154e-07
-1.0379211715736961e-07
-8.2450917329658968e-08
-6.7985081759105950e-08
-5.7106269750551903e-08
-4.9026850219126892e-08
-4.2832567689027555e-08
-3.7788769281348536e-08
-3.3702365807210117e-08
-3.0351831608118340e-08
-2.7526185992639639e-08
-2.5111373445786160e-08
-2.3070843024855333e-08
-3.5470715384212229e-06
-7.4643916581152000e-04
-7.4862469827622615e-04
-7.0972588143703753e-04
-6.7136526054633759e-04
-6.3314981274539730e-04
-5.9072941548111318e-04
-5.4977797414600767e-04
-5.1051306145948549e-04
-4.7085487287997510e-04
-4.3016012398780333e-04
-3.8666118927805249e-04
-3.4838125137599108e-04
-3.1158648990366948e-04
-2.7684869927584242e-04
-2.4020982201208597e-04
-2.1040704348452649e-04
-1.8446638974969909e-04
-1.6177535236541667e-04
-1.4034612585723443e-04
-1.2411546928743292e-04
-1.1180604842967629e-04
-1.0209086038166657e-04
-9.4262070413155815e-05
-8.9387808388028544e-05
-8.6421130154965884e-05
-8.4807318843625238e-05
-8.4440679578877301e-05
-8.4940858366806314e-05
-8.5953648838344335e-05
-8.7408881284441609e-05
-8.9369720144983771e-05
-9.1095483239640490e-05
-9.2903716971779338e-05
-9.4745778084865813e-05
-9.6520080249364355e-05
-9.8007749119546423e-05
-9.9341237586450347e-05
-1.0062353755903013e-04
-1.0165931194051993e-04
-1.0251107271880112e-04
-1.0320120548217437e-04
-1.0382424261778543e-04
-1.0423662295871365e-04
-1.0448902785559262e-04
-1.0469507315256726e-04
-1.0479713032893611e-04
-1.0476612643820281e-04
-1.0467586321030939e-04
-1.0452687736572396e-04
-1.0428807508529692e-04
-1.0399373490183976e-04
-1.0368160246185666e-04
-1.0331552379622475e-04
-1.0291569793250137e-04
-1.0245858412974256e-04
-1.0200531692317779e-04
-1.0152458493823526e-04
-1.0100357565837621e-04
-1.0049837571809174e-04
-9.9982558412146743e-05
-9.9400357863318532e-05
-9.8856726964404801e-05
-9.8310412807317218e-05
-9.7712960183811599e-05
-9.7157601811901479e-05
-9.6606334516989510e-05
-9.5966517102671808e-05
-9.5411791634730897e-05
-9.4838933069626923e-05
-9.4218021698707702e-05
-9.3664209814324202e-05
-9.3076576318778915e-05
-9.2458766399452122e-05
-9.1901523798179784e-05
-9.1294517365080353e-05
-9.0711084720190708e-05
-9.0163713270749712e-05
-8.9531024689851814e-05
-8.8975379533094874e-05
-8.8416593895740964e-05
-8.7773975838993109e-05
-8.7258370234173299e-05
-8.6671488818993012e-05
-8.6075913552760029e-05
-8.5559562344397365e-05
-8.4923672849307195e-05
-8.4391088858727816e-05
-8.3851353891193836e-05
-8.3238980376980909e-05
-8.2732020986695461e-05
-8.2142316972861370e-05
-8.1583063421377872e-05
-8.1070685622385968e-05
-8.0466802277752924e-05
-7.9963588728029441e-05
-7.9394528341398144e-05
-7.8856387047928448e-05
-7.8323488206309745e-05
-7.7759245792409455e-05
-7.7261519221828880e-05
-7.6675859549783977e-05
-7.6187263079201606e-05
-7.5637906597735707e-05
-7.5096436883284419e-05
-7.4616804881289946e-05
-7.4021038945183953e-05
-7.3564427302776905e-05
-7.2996032923240920e-05
-7.2504249204876416e-05
-7.1984123525281157e-05
-7.1460302530821992e-05
-7.0959773486598240e-05
-7.0431015834834248e-05
-6.9957306279688062e-05
-6.9398963327222098e-05
-6.8951749822201085e-05
-6.8394209289168986e-05
-6.7928329737026248e-05
-6.7408571505461095e-05
-6.6914316374042012e-05
-6.6422161857365722e-05
-6.5922161975995100e-05
-6.5437184085155543e-05
-6.4934758530865166e-05
-6.4460332959532168e-05
-6.3939196505760556e-05
-6.3498104406417859e-05
-6.2955320770564010e-05
-6.2529059705154067e-05
-6.1993257770256692e-05
-6.1560372215262722e-05
-6.1033114094318564e-05
-6.0600858760246903e-05
-6.0066778252979778e-05
-5.9651701000153672e-05
-5.9111329996794217e-05
-5.8698431548115195e-05
-5.8169901511328043e-05
-5.7748054563610388e-05
-5.7228149935346428e-05
-5.6802043028635392e-05
-5.6282614841322739e-05
-5.5866089285676708e-05
-5.5345186181779913e-05
-5.4920894655493524e-05
-5.4425726520314668e-05
-5.3976316889268738e-05
-5.3508096568409407e-05
-5.3040637849171553e-05
-5.2580216169992966e-05
-5.2110170779006396e-05
-5.1657632015279769e-05
-5.1177544179494985e-05
-5.0746472084940609e-05
-5.0241539636187002e-05
-4.9825775936669753e-05
-4.9320785973152090e-05
-4.8892454547046777e-05
-4.8413840641675532e-05
-4.7953342138341489e-05
-4.7510046448879618e-05
-4.7017233192447313e-05
-4.6599200581160065e-05
-4.6089512683665214e-05
-4.5660363988304659e-05
-4.5185578769204385e-05
-4.4726857660925514e-05
-4.4276347989881297e-05
-4.3793322734899940e-05
-4.3365748117829068e-05
-4.2859047891121872e-05
-4.2423145248625407e-05
-4.1948427826204773e-05
-4.1479381433749102e-05
-4.1037233308232109e-05
-4.0531348928743994e-05
-4.0088942961350543e-05
-3.9614440770468156e-05
-3.9137541784377603e-05
-3.8689789675057869e-05
-3.8178396037162875e-05
0.0000000000000000e+00
];
