%Vec Object:dSdr_b_aug_1320 1 MPI processes
%  type: seq
dSdr_b_aug_1320 = [
2.4443135156094077e+03
0.0000000000000000e+00
-2.0372419932939652e-06
-8.3305846428345397e-07
-5.0934698787893879e-07
-3.5825991903629214e-07
-2.6877626870866510e-07
-2.1352452723155208e-07
-1.7607758595926280e-07
-1.4771907899874768e-07
-1.2666840257639825e-07
-1.1053845718175512e-07
-9.7385623330984111e-08
-8.6729515045135577e-08
-7.7995029887427264e-08
-7.0628824242652665e-08
-6.4333443459934222e-08
-5.8962857826151601e-08
-5.4319774461133551e-08
-5.0222301926120809e-08
-4.6632826452450122e-08
-4.3467305149595305e-08
-4.0621144235437767e-08
-3.8079179871020577e-08
-4.2295803730374200e-08
-1.0907195057296003e-05
-4.3560216204309644e-04
-5.0759379530104331e-04
-4.6903039834461175e-04
-4.2286285852982306e-04
-3.8199246404383542e-04
-3.4272810627305567e-04
-3.0568849910333573e-04
-2.6664770520705070e-04
-2.3490356476476310e-04
-2.0728464600957780e-04
-1.8313010933753714e-04
-1.6031630435440485e-04
-1.4303600436639345e-04
-1.2992593708576746e-04
-1.1956155215459569e-04
-1.1119403769478237e-04
-1.0596292041561415e-04
-1.0275062167315184e-04
-1.0096918189734917e-04
-1.0050099647221886e-04
-1.0095101165899877e-04
-1.0194189748768003e-04
-1.0339897497562927e-04
-1.0537288623682741e-04
-1.0710805597086633e-04
-1.0893097825987266e-04
-1.1078075803583544e-04
-1.1255268491417987e-04
-1.1403040281950043e-04
-1.1534181942377287e-04
-1.1658648128219981e-04
-1.1757903918408997e-04
-1.1838043004854067e-04
-1.1900677060073789e-04
-1.1955501129172491e-04
-1.1989129506194560e-04
-1.2005906377399273e-04
-1.2016343949778542e-04
-1.2017236937946462e-04
-1.2004248535189446e-04
-1.1984256499709453e-04
-1.1958050090229763e-04
-1.1923201925480246e-04
-1.1882177646696476e-04
-1.1838613489459123e-04
-1.1790595380674089e-04
-1.1739152255257538e-04
-1.1679857085767149e-04
-1.1622820834627071e-04
-1.1563108867875481e-04
-1.1497211561245288e-04
-1.1435041913875203e-04
-1.1371854466977980e-04
-1.1299498747319701e-04
-1.1233452296924206e-04
-1.1167009087985017e-04
-1.1093527714753879e-04
-1.1026372953869349e-04
-1.0959543408016896e-04
-1.0881698756313170e-04
-1.0814654014949736e-04
-1.0745515834949474e-04
-1.0670135497065445e-04
-1.0603374082781556e-04
-1.0532571886879960e-04
-1.0457816122392013e-04
-1.0390809494695657e-04
-1.0317733170439453e-04
-1.0247214959098362e-04
-1.0181389067963284e-04
-1.0105342315110806e-04
-1.0038089537052602e-04
-9.9710931571303068e-05
-9.8938139524867998e-05
-9.8312942069041215e-05
-9.7610758494664899e-05
-9.6892622607592889e-05
-9.6268168075859458e-05
-9.5507317188128768e-05
-9.4862842602492269e-05
-9.4212522813274293e-05
-9.3477477144831160e-05
-9.2864429677854437e-05
-9.2154221337434003e-05
-9.1481535534312575e-05
-9.0862530655110523e-05
-9.0134324630785606e-05
-8.9528420287463714e-05
-8.8840335615857056e-05
-8.8191998658155950e-05
-8.7549771719689886e-05
-8.6867283576746253e-05
-8.6266664259663852e-05
-8.5560518531418582e-05
-8.4966875096678931e-05
-8.4305689574003733e-05
-8.3650888829766339e-05
-8.3066526881646040e-05
-8.2351048120766606e-05
-8.1793974560675684e-05
-8.1106301844291809e-05
-8.0512616957710307e-05
-7.9877419945916740e-05
-7.9245008120054330e-05
-7.8637090933639321e-05
-7.7993598338440369e-05
-7.7418934538684756e-05
-7.6739942628465475e-05
-7.6194523340132700e-05
-7.5517343528512794e-05
-7.4949217000706904e-05
-7.4315981063430482e-05
-7.3714419955077948e-05
-7.3113136332393145e-05
-7.2502587891184781e-05
-7.1911790281191111e-05
-7.1295050619283776e-05
-7.0716845589131991e-05
-7.0079436572017230e-05
-6.9535859035150106e-05
-6.8875626143152023e-05
-6.8347860873581081e-05
-6.7693353571288150e-05
-6.7161552770195546e-05
-6.6511420111242046e-05
-6.5981118704082917e-05
-6.5323583683719533e-05
-6.4810862623260689e-05
-6.4146248091482178e-05
-6.3634993585964542e-05
-6.2983446309322361e-05
-6.2462079839714361e-05
-6.1819201115179048e-05
-6.1291215718094490e-05
-6.0649969470558378e-05
-6.0129314330902547e-05
-5.9488114937622181e-05
-5.8957830706678729e-05
-5.8342757584855910e-05
-5.7785313124394126e-05
-5.7198902694309191e-05
-5.6619501472158897e-05
-5.6043260664594522e-05
-5.5456978194841113e-05
-5.4891552618490180e-05
-5.4290633127696548e-05
-5.3750402266908225e-05
-5.3118489431362323e-05
-5.2595823678810203e-05
-5.1963575311893079e-05
-5.1424529618858759e-05
-5.0822415540703737e-05
-5.0244496448304499e-05
-4.9682480387053978e-05
-4.9065180535695726e-05
-4.8534132715382974e-05
-4.7891770630581117e-05
-4.7349872578720064e-05
-4.6745681063292209e-05
-4.6166913788414021e-05
-4.5593791963025177e-05
-4.4981259618359547e-05
-4.4436845041332718e-05
-4.3792657530707654e-05
-4.3237331677223365e-05
-4.2633014371473124e-05
-4.2034392069940774e-05
-4.1470242015492778e-05
-4.0823413454106196e-05
-4.0258209511031916e-05
-3.9650936057960901e-05
-3.9039163780003987e-05
-3.8468877496810923e-05
-3.7819791937838561e-05
0.0000000000000000e+00
];
