%Vec Object:dSdr_b_aug_7640 1 MPI processes
%  type: seq
dSdr_b_aug_7640 = [
2.2970250773432203e+03
0.0000000000000000e+00
-7.3373174905875151e-07
-3.0369337409534340e-07
-1.8918830512360898e-07
-1.3458170461060598e-07
-1.0101531029909451e-07
-8.0257552003143186e-08
-6.6187015746112807e-08
-5.5606862863306361e-08
-4.7749036803532622e-08
-4.1724509851886212e-08
-3.6818891804448381e-08
-3.2844354691240533e-08
-2.9585481190950857e-08
-2.6837054490539122e-08
-2.4488151889223495e-08
-2.2652796282050211e-08
-2.5353040906277246e-05
-7.7987485136812493e-04
-7.4551096818039210e-04
-7.0655731753749805e-04
-6.6835443738027492e-04
-6.3029507494388238e-04
-5.8804634728641377e-04
-5.4725594539910109e-04
-5.0814202639184059e-04
-4.6863433663500205e-04
-4.2809121155006676e-04
-3.8475000547814376e-04
-3.4660808692328122e-04
-3.0994373708610355e-04
-2.7532738645273647e-04
-2.3881521429356192e-04
-2.0911484395735652e-04
-1.8326271949158372e-04
-1.6064888230233953e-04
-1.3929269286948841e-04
-1.2311740540271989e-04
-1.1085021913001058e-04
-1.0116927668681511e-04
-9.3368904791960096e-05
-8.8513466967729104e-05
-8.5559745247236723e-05
-8.3954776330266758e-05
-8.3593493586278211e-05
-8.4096318442849336e-05
-8.5110264313209804e-05
-8.6565399354786201e-05
-8.8525548565046100e-05
-9.0250815386392125e-05
-9.2058274225892840e-05
-9.3899928114912781e-05
-9.5674355519285715e-05
-9.7162549254095645e-05
-9.8497201971273787e-05
-9.9781487322848943e-05
-1.0081954134773163e-04
-1.0167395911873447e-04
-1.0236745690872877e-04
-1.0299443955047509e-04
-1.0341083398205993e-04
-1.0366770343952494e-04
-1.0387911181627206e-04
-1.0398608146559499e-04
-1.0396029351400114e-04
-1.0387581471680897e-04
-1.0373279376958662e-04
-1.0349977709538303e-04
-1.0321155079728509e-04
-1.0290593349072777e-04
-1.0254587375196323e-04
-1.0215209334767404e-04
-1.0170214502756087e-04
-1.0125505462577765e-04
-1.0078046211899260e-04
-1.0026673046547182e-04
-9.9767675746430311e-05
-9.9257980485326287e-05
-9.8683236539228014e-05
-9.8145768643765163e-05
-9.7605685239319061e-05
-9.7015478453734116e-05
-9.6466249095925725e-05
-9.5921155069176404e-05
-9.5288650381139108e-05
-9.4740029278600612e-05
-9.4173422848322093e-05
-9.3559521570770070e-05
-9.3011712788548624e-05
-9.2430429820262303e-05
-9.1819464133087564e-05
-9.1268173014208287e-05
-9.0667694790709128e-05
-9.0090684467660054e-05
-8.9549162365353414e-05
-8.8923214165733801e-05
-8.8373734605332391e-05
-8.7820813652011038e-05
-8.7185062316538241e-05
-8.6675237717482803e-05
-8.6094438534154797e-05
-8.5505328391411126e-05
-8.4994679678731896e-05
-8.4365381949078007e-05
-8.3838700234473506e-05
-8.3304798663053173e-05
-8.2698896156507414e-05
-8.2197532957614170e-05
-8.1614185598010751e-05
-8.1060915646306281e-05
-8.0554162471848382e-05
-7.9956837201560388e-05
-7.9459040636168868e-05
-7.8896258831930618e-05
-7.8363930407961892e-05
-7.7836798671557917e-05
-7.7278793771575583e-05
-7.6786494839485150e-05
-7.6207190859993023e-05
-7.5724135664169482e-05
-7.5180678214937900e-05
-7.4645186763444134e-05
-7.4171079314189810e-05
-7.3581628283855591e-05
-7.3130316054685434e-05
-7.2568213662120969e-05
-7.2081805278793493e-05
-7.1567749665704542e-05
-7.1049656889336603e-05
-7.0554792621255674e-05
-7.0032087292650182e-05
-6.9563703123967806e-05
-6.9011724462179517e-05
-6.8569691362166572e-05
-6.8018461859911574e-05
-6.7557975888329921e-05
-6.7044203663334099e-05
-6.6555608978046527e-05
-6.6069211078889482e-05
-6.5575042692528408e-05
-6.5095646849297161e-05
-6.4599251425634025e-05
-6.4130300279023066e-05
-6.3615297267034291e-05
-6.3179611334030923e-05
-6.2643023213126438e-05
-6.2222116555706155e-05
-6.1692576398399474e-05
-6.1264908685409146e-05
-6.0744132269982937e-05
-6.0317048931532409e-05
-5.9789480726865704e-05
-5.9379554253176146e-05
-5.8845737176966534e-05
-5.8438027082676568e-05
-5.7915986290033887e-05
-5.7499389074552069e-05
-5.6985971419505556e-05
-5.6565238686881096e-05
-5.6052236497429209e-05
-5.5641203868228476e-05
-5.5126646495413810e-05
-5.4707946183736690e-05
-5.4219103146653467e-05
-5.3775392462892276e-05
-5.3313406789945291e-05
-5.2851853161212074e-05
-5.2397541072803749e-05
-5.1933627327574191e-05
-5.1487043490280161e-05
-5.1013329684772837e-05
-5.0588015881484872e-05
-5.0089781835693972e-05
-4.9679657412112043e-05
-4.9181380549001452e-05
-4.8758889531459793e-05
-4.8286790520478327e-05
-4.7832486237701895e-05
-4.7395453364227910e-05
-4.6909207134488965e-05
-4.6497136472779006e-05
-4.5994447603993448e-05
-4.5571246959741944e-05
-4.5103288540393271e-05
-4.4650900589009361e-05
-4.4206859570381829e-05
-4.3730666863397785e-05
-4.3309256835203389e-05
-4.2809810692831946e-05
-4.2380209704101554e-05
-4.1912331441961009e-05
-4.1450123969793908e-05
-4.1014416858940017e-05
-4.0515975508546846e-05
-4.0080060478770737e-05
-3.9612586136747075e-05
-3.9142853013528240e-05
-3.8701708428124710e-05
-3.8198341457901256e-05
0.0000000000000000e+00
];
