%Vec Object:dSdr_b_aug_5070 1 MPI processes
%  type: seq
dSdr_b_aug_5070 = [
2.3308954279972759e+03
0.0000000000000000e+00
-9.1382778578199938e-07
-3.7623469251847935e-07
-2.3281019952088181e-07
-1.6471107457753931e-07
-1.2320680260284420e-07
-9.7552450116806072e-08
-8.0166093832424565e-08
-6.7089463132296909e-08
-5.7380765434383361e-08
-4.9938610819195583e-08
-4.3883127651741839e-08
-3.8978889133349220e-08
-3.4958494280646182e-08
-3.1569789005272098e-08
-2.8675696966062756e-08
-2.6206589638691505e-08
-2.4074942498384171e-08
-2.7213047973657348e-07
-4.8558621143085989e-04
-7.2077026382780587e-04
-6.8336343989783559e-04
-6.4454552096211855e-04
-6.0144020230376571e-04
-5.5984590172565617e-04
-5.1997822325592171e-04
-4.7971924406399550e-04
-4.3841921361785632e-04
-3.9429062690415521e-04
-3.5545971639576939e-04
-3.1814435227187950e-04
-2.8292177374339748e-04
-2.4577709029109792e-04
-2.1556549873894327e-04
-1.8927143657352407e-04
-1.6627221637033424e-04
-1.4455142620158943e-04
-1.2809973643000919e-04
-1.1562171602981873e-04
-1.0576982060500747e-04
-9.7827586445821142e-05
-9.2878178055452043e-05
-8.9859777236206366e-05
-8.8210666882431571e-05
-8.7822644170928811e-05
-8.8312259632768983e-05
-8.9320437537412421e-05
-9.0776058615063080e-05
-9.2739650361307934e-05
-9.4467394397200461e-05
-9.6278721330059393e-05
-9.8122407923686319e-05
-9.9896210014006410e-05
-1.0138178360681982e-04
-1.0271062437320307e-04
-1.0398499870443238e-04
-1.0501167274390804e-04
-1.0585282680453500e-04
-1.0652952638316862e-04
-1.0713681306322951e-04
-1.0753316916049601e-04
-1.0776775154063986e-04
-1.0795238743688143e-04
-1.0803483403358054e-04
-1.0798300812813479e-04
-1.0786965347034640e-04
-1.0769685577414562e-04
-1.0743495737202165e-04
-1.0711621057843960e-04
-1.0677806974818890e-04
-1.0638796354700847e-04
-1.0596400423012527e-04
-1.0547828584687392e-04
-1.0500036085760446e-04
-1.0449512009806749e-04
-1.0394505856127507e-04
-1.0341532692038932e-04
-1.0287507043417131e-04
-1.0226310315614975e-04
-1.0169486957072892e-04
-1.0112368227274634e-04
-1.0049730429273054e-04
-9.9917478920114503e-05
-9.9341567962570295e-05
-9.8672558174115266e-05
-9.8093464103338724e-05
-9.7495647040624694e-05
-9.6846751405160885e-05
-9.6268975160700840e-05
-9.5655990385699020e-05
-9.5010858319331300e-05
-9.4429857424136655e-05
-9.3796790404751071e-05
-9.3187719877174148e-05
-9.2616997857530772e-05
-9.1957401702281072e-05
-9.1377143509974604e-05
-9.0794946077825875e-05
-9.0124916098210386e-05
-8.9586232741954038e-05
-8.8975071084304154e-05
-8.8353687075997021e-05
-8.7814571532328608e-05
-8.7152367741238579e-05
-8.6596221893454547e-05
-8.6033200036886748e-05
-8.5394994291275781e-05
-8.4865694932252688e-05
-8.4250615185515866e-05
-8.3667475132895603e-05
-8.3132643860373359e-05
-8.2502580714847212e-05
-8.1977742590493171e-05
-8.1383618133773296e-05
-8.0822271894006570e-05
-8.0266350796990719e-05
-7.9677208258380596e-05
-7.9157814582236856e-05
-7.8546783017094323e-05
-7.8036065805659176e-05
-7.7463160417195749e-05
-7.6897825507190389e-05
-7.6396139518815356e-05
-7.5775164510813852e-05
-7.5297397638182263e-05
-7.4703885678699630e-05
-7.4190643650922674e-05
-7.3646286297117516e-05
-7.3099598285953900e-05
-7.2576455485120708e-05
-7.2023536990988430e-05
-7.1528568521626081e-05
-7.0944819354253083e-05
-7.0476925700686482e-05
-6.9894191566385576e-05
-6.9406780870244746e-05
-6.8863126533007346e-05
-6.8346274931923215e-05
-6.7831140030056826e-05
-6.7307860853186286e-05
-6.6800599460011331e-05
-6.6274101658268415e-05
-6.5777822215273775e-05
-6.5232201097075476e-05
-6.4769527613806489e-05
-6.4202011518530236e-05
-6.3754375689048975e-05
-6.3193576775359789e-05
-6.2739861628023511e-05
-6.2186728577899418e-05
-6.1733826671037762e-05
-6.1173749092321069e-05
-6.0738109963914324e-05
-6.0171575725395299e-05
-5.9737965402271058e-05
-5.9183530346048835e-05
-5.8740726505428194e-05
-5.8194925924979571e-05
-5.7747365355930576e-05
-5.7202284631872730e-05
-5.6763831357187863e-05
-5.6217596143664632e-05
-5.5770984535147401e-05
-5.5250566660026215e-05
-5.4778406881793953e-05
-5.4285297901191887e-05
-5.3794266116063458e-05
-5.3309455009125234e-05
-5.2814932149689962e-05
-5.2338621383146787e-05
-5.1833088487361918e-05
-5.1379029363664065e-05
-5.0847356968920545e-05
-5.0409081358014311e-05
-4.9877292787044084e-05
-4.9425646541283946e-05
-4.8921025279915336e-05
-4.8435799557851595e-05
-4.7967502827276320e-05
-4.7448474135151439e-05
-4.7006641567275309e-05
-4.6469013717491768e-05
-4.6016120588806859e-05
-4.5514083004091168e-05
-4.5030080184877910e-05
-4.4553747949527453e-05
-4.4043447519363755e-05
-4.3591264291982833e-05
-4.3055606300648712e-05
-4.2594548135323744e-05
-4.2092529678617302e-05
-4.1596183526887921e-05
-4.1128324580260303e-05
-4.0592730197946203e-05
-4.0124416534881589e-05
-3.9621866568891161e-05
-3.9116377003279482e-05
-3.8642290828081399e-05
-3.8099081312898616e-05
0.0000000000000000e+00
];
