%Vec Object:dSdr_b_aug_280 1 MPI processes
%  type: seq
dSdr_b_aug_280 = [
2.5687091681705897e+03
0.0000000000000000e+00
-5.3793654711049994e-06
-2.1708335376091599e-06
-1.3010461960210157e-06
-9.0520344105900995e-07
-6.7948260776437304e-07
-5.4035235681138251e-07
-4.4607343184834651e-07
-3.7406278185623213e-07
-3.2063221528471072e-07
-2.7971333635400343e-07
-2.4628965242220291e-07
-2.1920762992935472e-07
-1.9701483065295939e-07
-1.7829595833136059e-07
-1.6229525187308990e-07
-1.4864732082651076e-07
-1.3684961461153393e-07
-1.2643805890929213e-07
-1.1731848752091433e-07
-1.0927703793005069e-07
-1.0204776762192293e-07
-9.5585555132424860e-08
-8.9788482334231880e-08
-8.4527889168604299e-08
-7.9744175068000747e-08
-7.5396524568053187e-08
-7.1418774195408463e-08
-6.7755868619582895e-08
-6.4392651630431804e-08
-6.1295476799888457e-08
-5.8478260855440748e-08
-5.7176461887903213e-08
-7.5846940436256205e-08
-3.3679584343305026e-07
-2.2923606226060495e-06
-1.1774513674370639e-05
-3.9124058275513924e-05
-7.5383481072345757e-05
-9.7818469889507462e-05
-1.0634240330316585e-04
-1.0939279132274310e-04
-1.1038505805968745e-04
-1.1083325262977908e-04
-1.1160845363582687e-04
-1.1278223285289372e-04
-1.1420551392372738e-04
-1.1593222208120620e-04
-1.1807630316366728e-04
-1.1991503605816075e-04
-1.2180717985430978e-04
-1.2369722214987462e-04
-1.2548723969332741e-04
-1.2696865414235092e-04
-1.2826908475634767e-04
-1.2948726734527739e-04
-1.3044715746155541e-04
-1.3120912837903957e-04
-1.3178463719326768e-04
-1.3227282753259400e-04
-1.3254782737180416e-04
-1.3264730385114103e-04
-1.3266955649520942e-04
-1.3260323616606079e-04
-1.3239343173698906e-04
-1.3210486696725433e-04
-1.3175138634197633e-04
-1.3131423268721455e-04
-1.3081028443208040e-04
-1.3027478639541850e-04
-1.2970235354351517e-04
-1.2909526352675204e-04
-1.2839248640709528e-04
-1.2772745174818230e-04
-1.2703623200065918e-04
-1.2626571456197052e-04
-1.2554982998331832e-04
-1.2482412264892283e-04
-1.2398627797433602e-04
-1.2323135288066353e-04
-1.2247142184031745e-04
-1.2162555107202146e-04
-1.2086006389599251e-04
-1.2009715061371596e-04
-1.1920662193885600e-04
-1.1844261280888114e-04
-1.1765540446723221e-04
-1.1679415741257284e-04
-1.1603453366256333e-04
-1.1522917716605867e-04
-1.1437671803468761e-04
-1.1361543337142376e-04
-1.1278461232097983e-04
-1.1198099534235087e-04
-1.1123308350571575e-04
-1.1036930624734367e-04
-1.0960227841161592e-04
-1.0884242662731960e-04
-1.0796438848778667e-04
-1.0725058559620815e-04
-1.0645518021861631e-04
-1.0563795447084555e-04
-1.0492609880575334e-04
-1.0406421705852648e-04
-1.0332927935358063e-04
-1.0258955217458058e-04
-1.0175532652867758e-04
-1.0105650731016235e-04
-1.0024887170202632e-04
-9.9484476414388352e-05
-9.8779264039002275e-05
-9.7950543652693673e-05
-9.7261614329771775e-05
-9.6477299074372613e-05
-9.5739869484617835e-05
-9.5009251358685925e-05
-9.4231162144594436e-05
-9.3547354651792123e-05
-9.2743796590108332e-05
-9.2065223332036167e-05
-9.1313624707843775e-05
-9.0567196524428555e-05
-8.9898161125418494e-05
-8.9085895302539359e-05
-8.8447599037124933e-05
-8.7663490589886007e-05
-8.6987419425831264e-05
-8.6259188092804788e-05
-8.5538981462282912e-05
-8.4844241873210536e-05
-8.4107987027270557e-05
-8.3451702694410578e-05
-8.2675167135967627e-05
-8.2050349515677280e-05
-8.1276442463598379e-05
-8.0625650390272531e-05
-7.9900668926296100e-05
-7.9212352176803399e-05
-7.8522838965040998e-05
-7.7822913366126494e-05
-7.7146561920534839e-05
-7.6437400779484659e-05
-7.5775291589644559e-05
-7.5043877829961722e-05
-7.4417442485270202e-05
-7.3662253664809359e-05
-7.3052424076965904e-05
-7.2301945462121880e-05
-7.1690173711375918e-05
-7.0940699173066457e-05
-7.0331129762319150e-05
-6.9573784202826678e-05
-6.8982120619593481e-05
-6.8217057920469081e-05
-6.7626285339488046e-05
-6.6875281677802677e-05
-6.6273456886235802e-05
-6.5531157191275506e-05
-6.4920806778890881e-05
-6.4181074716960430e-05
-6.3576235087278734e-05
-6.2837780835798196e-05
-6.2221806443554391e-05
-6.1509795541955347e-05
-6.0865010691137063e-05
-6.0183049829424586e-05
-5.9513149879644378e-05
-5.8843276678963220e-05
-5.8163024578601976e-05
-5.7506338780680390e-05
-5.6807736562876602e-05
-5.6179261369576893e-05
-5.5444696686153889e-05
-5.4835613477249868e-05
-5.4100491233992483e-05
-5.3471949089252898e-05
-5.2770003288605510e-05
-5.2097170094311973e-05
-5.1439191784850696e-05
-5.0721271192887772e-05
-5.0098880946343909e-05
-4.9349287488241551e-05
-4.8716272869760308e-05
-4.8007505490950919e-05
-4.7331739389323013e-05
-4.6659556337014246e-05
-4.5942404549882243e-05
-4.5303632692980265e-05
-4.4548424913034155e-05
-4.3896723823056723e-05
-4.3187864253553738e-05
-4.2484810327342223e-05
-4.1822497009876174e-05
-4.1062441858810060e-05
-4.0399141770949917e-05
-3.9686682040539537e-05
-3.8970470764623357e-05
-3.8314083301253115e-05
-3.7622733242882610e-05
0.0000000000000000e+00
];
