%Vec Object:dSdr_b_aug_6040 1 MPI processes
%  type: seq
dSdr_b_aug_6040 = [
2.3183971514605105e+03
0.0000000000000000e+00
-8.4285773385119019e-07
-3.4828569377413586e-07
-2.1644342279499547e-07
-1.5372698579702860e-07
-1.1535047861479753e-07
-9.1623081949203824e-08
-7.5540094163913260e-08
-6.3437036422762508e-08
-5.4448971690601361e-08
-4.7558511519875447e-08
-4.1947159744637086e-08
-3.7401007622151137e-08
-3.3673670485697515e-08
-3.0530311393350275e-08
-2.7844033293931538e-08
-2.5551921560505786e-08
-2.4523857182111467e-08
-5.7166458549757865e-05
-7.4929631347312733e-04
-7.1561215946033265e-04
-6.7700308608143855e-04
-6.3849596709249343e-04
-5.9575409039963785e-04
-5.5450106523020350e-04
-5.1495338146874891e-04
-4.7501334854758959e-04
-4.3403464852434482e-04
-3.9024032996913072e-04
-3.5170191848719337e-04
-3.1466293066464306e-04
-2.7969771519078569e-04
-2.4282155294318470e-04
-2.1282699109197612e-04
-1.8672054556840228e-04
-1.6388493274261751e-04
-1.4231892721809110e-04
-1.2598457904062504e-04
-1.1359606437062141e-04
-1.0381674383382025e-04
-9.5934734631000773e-05
-9.1025219645657270e-05
-8.8034277073949021e-05
-8.6403906080973305e-05
-8.6027235256855116e-05
-8.6522458452283660e-05
-8.7533085049831927e-05
-8.8988499863421687e-05
-9.0950630211128375e-05
-9.2677322653498084e-05
-9.4487007515484727e-05
-9.6329831215250986e-05
-9.8103898805570260e-05
-9.9590584713455903e-05
-1.0092189282081383e-04
-1.0220047467968907e-04
-1.0323197987057372e-04
-1.0407876478495729e-04
-1.0476259572659324e-04
-1.0537824395764345e-04
-1.0578310695487684e-04
-1.0602715089878092e-04
-1.0622315255579112e-04
-1.0631600996004230e-04
-1.0627523798655735e-04
-1.0617414204295324e-04
-1.0601398551710601e-04
-1.0576434832083566e-04
-1.0545855844248395e-04
-1.0513422487696938e-04
-1.0475687434948123e-04
-1.0434572693586903e-04
-1.0387519407758880e-04
-1.0341035934693689e-04
-1.0291812974121565e-04
-1.0238349139151018e-04
-1.0186678307575778e-04
-1.0133950079790331e-04
-1.0074333600491303e-04
-1.0018816343001167e-04
-9.9630180720878332e-05
-9.9019158560468068e-05
-9.8452322166271239e-05
-9.7889493973140750e-05
-9.7235981758406450e-05
-9.6669824429203825e-05
-9.6085257270141293e-05
-9.5451217850397245e-05
-9.4886163744422819e-05
-9.4286637392488248e-05
-9.3656010038781397e-05
-9.3087621886467370e-05
-9.2468389845563257e-05
-9.1872929892658254e-05
-9.1314604164752122e-05
-9.0669292635259539e-05
-9.0102100949432840e-05
-8.9532332312034155e-05
-8.8876854705735367e-05
-8.8350422808185930e-05
-8.7752150987922641e-05
-8.7144468266278364e-05
-8.6617437801886691e-05
-8.5969203684931988e-05
-8.5425566303139788e-05
-8.4874906938219079e-05
-8.4250414949700687e-05
-8.3732975383702548e-05
-8.3131367049398431e-05
-8.2560907809496191e-05
-8.2037996587479208e-05
-8.1421831716434783e-05
-8.0908473598954601e-05
-8.0327655100434001e-05
-7.9778627851766150e-05
-7.9234928759471302e-05
-7.8659005144536293e-05
-7.8151114054661011e-05
-7.7553551864811669e-05
-7.7054578064775814e-05
-7.6494174269390995e-05
-7.5941508863146780e-05
-7.5451530848226928e-05
-7.4843938778321574e-05
-7.4377402749996937e-05
-7.3797225157972113e-05
-7.3295374872969820e-05
-7.2763881579474915e-05
-7.2229333162778008e-05
-7.1718195506528969e-05
-7.1178103470492267e-05
-7.0694420890744889e-05
-7.0124159322540575e-05
-6.9667244305432650e-05
-6.9097884899157726e-05
-6.8621904614641651e-05
-6.8090936194749497e-05
-6.7586080563710840e-05
-6.7083145444466063e-05
-6.6572224735497870e-05
-6.6076793166390296e-05
-6.5563074793995496e-05
-6.5078397094805771e-05
-6.4545774350109085e-05
-6.4094557954115500e-05
-6.3540171782561949e-05
-6.3103883351840929e-05
-6.2556354790773260e-05
-6.2113697624371228e-05
-6.1574301012756635e-05
-6.1132359927678153e-05
-6.0586083632125130e-05
-6.0161360363708318e-05
-5.9608715623340394e-05
-5.9186100793736142e-05
-5.8645418157425331e-05
-5.8213739888147765e-05
-5.7681686917208938e-05
-5.7245515646782805e-05
-5.6714053312324139e-05
-5.6287241006477021e-05
-5.5754454079673962e-05
-5.5319691741961316e-05
-5.4812678430817008e-05
-5.4352596241680829e-05
-5.3872700142382007e-05
-5.3394182823319449e-05
-5.2922319575154343e-05
-5.2440791318550467e-05
-5.1977100644528797e-05
-5.1485076036700596e-05
-5.1043220294262025e-05
-5.0525743629777481e-05
-5.0099419188736480e-05
-4.9581857511237689e-05
-4.9142588705840652e-05
-4.8651774308254002e-05
-4.8179675871468568e-05
-4.7724651813286321e-05
-4.7219540515243366e-05
-4.6790343046519255e-05
-4.6267548167173087e-05
-4.5827260745690691e-05
-4.5339691210232240e-05
-4.4869110336460143e-05
-4.4406487267055712e-05
-4.3910667286331135e-05
-4.3471549049705993e-05
-4.2951265148502549e-05
-4.2503562859333390e-05
-4.2016039747742748e-05
-4.1534188963928217e-05
-4.1079982966276006e-05
-4.0560166529438952e-05
-4.0105615780228115e-05
-3.9617972300687253e-05
-3.9127696125967085e-05
-3.8667689525417782e-05
-3.8141900115291452e-05
0.0000000000000000e+00
];
