%Vec Object:dSdr_b_aug_5270 1 MPI processes
%  type: seq
dSdr_b_aug_5270 = [
2.3267312044633163e+03
0.0000000000000000e+00
-8.9067678069532601e-07
-3.6765333231524719e-07
-2.2815424131620634e-07
-1.6186991195366458e-07
-1.2139623897888323e-07
-9.6374912520486195e-08
-7.9415451809658593e-08
-6.6650449539387780e-08
-5.7171438919713367e-08
-4.9904949371107623e-08
-4.3987886002626887e-08
-3.9194375263392244e-08
-3.5264405282341801e-08
-3.1950480468910676e-08
-2.9118763025740774e-08
-2.6702653785898168e-08
-2.4633427631201504e-08
-1.7256493833325167e-06
-6.5650470406276623e-04
-7.2017326348623387e-04
-6.8201883037259691e-04
-6.4326061111797848e-04
-6.0023237773452239e-04
-5.5871056706022204e-04
-5.1891086087064498e-04
-4.7871963134586698e-04
-4.3748785700998345e-04
-3.9343027461073563e-04
-3.5466149593330157e-04
-3.1740483889873832e-04
-2.8223692872060167e-04
-2.4514928380979913e-04
-2.1498379311424780e-04
-1.8872958396494457e-04
-1.6576511679697244e-04
-1.4407720556701669e-04
-1.2765044117989016e-04
-1.1519143334193874e-04
-1.0535495407330283e-04
-9.7425512729178854e-05
-9.2484578374609671e-05
-8.9472010144739066e-05
-8.7826880335421730e-05
-8.7441268938898446e-05
-8.7932075557282827e-05
-8.8940773567401608e-05
-9.0396350779136457e-05
-9.2359632049965223e-05
-9.4087152664189960e-05
-9.5898130750742165e-05
-9.7741634075442717e-05
-9.9515492621130708e-05
-1.0100130247394561e-04
-1.0233066733228918e-04
-1.0360593540198773e-04
-1.0463363564940156e-04
-1.0547598578940052e-04
-1.0615420018221329e-04
-1.0676326299013169e-04
-1.0716142609058090e-04
-1.0739801826156322e-04
-1.0758506843328467e-04
-1.0766972645740625e-04
-1.0762024859056411e-04
-1.0750949788820910e-04
-1.0733938538801605e-04
-1.0708009147125628e-04
-1.0676409694396976e-04
-1.0642888900910368e-04
-1.0604149232753290e-04
-1.0562025447461221e-04
-1.0513776175363258e-04
-1.0466261735616998e-04
-1.0416014038540185e-04
-1.0361335499493231e-04
-1.0308638972851864e-04
-1.0254888918366638e-04
-1.0194027862181700e-04
-1.0137481941629302e-04
-1.0080643699683692e-04
-1.0018332085391841e-04
-9.9606254560678114e-05
-9.9033122604359999e-05
-9.8367404764334153e-05
-9.7791058677201511e-05
-9.7196056119244948e-05
-9.6550316196974856e-05
-9.5975242351015709e-05
-9.5365116374125254e-05
-9.4723065355867170e-05
-9.4144743621877777e-05
-9.3514615387670102e-05
-9.2908435978083292e-05
-9.2340347141882812e-05
-9.1683785284822869e-05
-9.1106302641213676e-05
-9.0526745296878785e-05
-8.9859806489806329e-05
-8.9323725552209240e-05
-8.8715301917998191e-05
-8.8096828301038847e-05
-8.7560279838467294e-05
-8.6901043448987355e-05
-8.6347554617053853e-05
-8.5787158768943221e-05
-8.5151866063941156e-05
-8.4625085931647740e-05
-8.4012867747463153e-05
-8.3432421320469910e-05
-8.2900122074626323e-05
-8.2273011164745401e-05
-8.1750611594396121e-05
-8.1159313555293058e-05
-8.0600584084417043e-05
-8.0047259154808888e-05
-7.9460924546468424e-05
-7.8943974221047848e-05
-7.8335803786646821e-05
-7.7827581081544358e-05
-7.7257331250426878e-05
-7.6694687564997350e-05
-7.6195488555682737e-05
-7.5577356318318328e-05
-7.5101975074557810e-05
-7.4511295568735060e-05
-7.4000473347786013e-05
-7.3458848546569097e-05
-7.2914739199169865e-05
-7.2394146502785501e-05
-7.1843952574450007e-05
-7.1351381427765541e-05
-7.0770497264393265e-05
-7.0304935668043123e-05
-6.9725042562435578e-05
-6.9240059888839609e-05
-6.8699100265517596e-05
-6.8184796821918678e-05
-6.7672253371123302e-05
-6.7151599353145545e-05
-6.6646850826129913e-05
-6.6123067603426699e-05
-6.5629252579131877e-05
-6.5086392548312886e-05
-6.4626152756970797e-05
-6.4061425693567387e-05
-6.3616200257203651e-05
-6.3058220205921618e-05
-6.2606853975497132e-05
-6.2056638793600688e-05
-6.1606065166628705e-05
-6.1048919231670155e-05
-6.0615598833905797e-05
-6.0052014979166792e-05
-5.9620740303922455e-05
-5.9069226515557823e-05
-5.8628785955645864e-05
-5.8085905623432423e-05
-5.7640764357706683e-05
-5.7098576436017694e-05
-5.6662595926564389e-05
-5.6119217385849118e-05
-5.5675122792996154e-05
-5.5157552306965517e-05
-5.4687958047533226e-05
-5.4197655743918634e-05
-5.3709282283146379e-05
-5.3227221563688712e-05
-5.2735459024548639e-05
-5.2261829029686893e-05
-5.1759165578252922e-05
-5.1307698718933469e-05
-5.0779041804263437e-05
-5.0343304895965079e-05
-4.9814538439107246e-05
-4.9365521459841933e-05
-4.8863833110133543e-05
-4.8381395957627563e-05
-4.7915918693603807e-05
-4.7399846436281266e-05
-4.6960697941319293e-05
-4.6426221057587036e-05
-4.5976005815716772e-05
-4.5477041751735727e-05
-4.4995890292190791e-05
-4.4522470490715098e-05
-4.4015246413249327e-05
-4.3565838980077137e-05
-4.3033447432231428e-05
-4.2575227218173203e-05
-4.2076289071258848e-05
-4.1583023708979100e-05
-4.1118067362288993e-05
-4.0585828268226654e-05
-4.0120444257207799e-05
-3.9621071907241513e-05
-3.9118837842633143e-05
-3.8647809730035706e-05
-3.8108659068147640e-05
0.0000000000000000e+00
];
