%Vec Object:dSdr_b_aug_1450 1 MPI processes
%  type: seq
dSdr_b_aug_1450 = [
2.4376109138476286e+03
0.0000000000000000e+00
-1.9381524522805172e-06
-7.9306054549080160e-07
-4.8538364798154942e-07
-3.4160747486888687e-07
-2.5628580839448544e-07
-2.0359954075203036e-07
-1.6789110273113672e-07
-1.4085972689533880e-07
-1.2079368950062056e-07
-1.0541778540579894e-07
-9.2880756477632176e-08
-8.2723564237970466e-08
-7.4397902298511594e-08
-6.7376481658575785e-08
-6.1375774915740680e-08
-5.6256519736907482e-08
-5.1830678292886853e-08
-4.7924884882560279e-08
-4.4503293467292932e-08
-4.1485803122672935e-08
-3.8772701586260533e-08
-3.6385516431001489e-08
-1.5290090976703234e-07
-9.9707633639133499e-05
-5.2964167320256484e-04
-5.0953985790440923e-04
-4.6720459802276497e-04
-4.2094612514565524e-04
-3.8019554354206330e-04
-3.4106146671024384e-04
-3.0414482065897080e-04
-2.6523255413203421e-04
-2.3359232229831336e-04
-2.0606323543275850e-04
-1.8198703608586256e-04
-1.5924734430714936e-04
-1.4202322931750465e-04
-1.2895601882912487e-04
-1.1862638395466903e-04
-1.1028770621977139e-04
-1.0507569061803331e-04
-1.0187653941487344e-04
-1.0010407244442577e-04
-9.9641322591546280e-05
-1.0009402295919149e-04
-1.0108608133022787e-04
-1.0254306009343347e-04
-1.0451627165374273e-04
-1.0625093790390346e-04
-1.0807307397848152e-04
-1.0992244062097793e-04
-1.1169449467034397e-04
-1.1317274525337695e-04
-1.1448534333823347e-04
-1.1573201990222450e-04
-1.1672689110564872e-04
-1.1753097817718334e-04
-1.1816073340082338e-04
-1.1871297779430718e-04
-1.1905333485859891e-04
-1.1922563397034107e-04
-1.1933545185198769e-04
-1.1934936664182355e-04
-1.1922477545851673e-04
-1.1903072481554088e-04
-1.1877471355708649e-04
-1.1843210281069586e-04
-1.1802806403956391e-04
-1.1759903364390663e-04
-1.1712496021219448e-04
-1.1661666353670198e-04
-1.1603098294835081e-04
-1.1546688829446413e-04
-1.1487599860684050e-04
-1.1422441044055808e-04
-1.1360894977274919e-04
-1.1298328759106190e-04
-1.1226729690600473e-04
-1.1161308625003442e-04
-1.1095497675560348e-04
-1.1022751566210349e-04
-1.0956218740911815e-04
-1.0890015621231723e-04
-1.0812913020641048e-04
-1.0746487713524816e-04
-1.0677983962426801e-04
-1.0603314966230099e-04
-1.0537162710496067e-04
-1.0467004927613347e-04
-1.0392943674145835e-04
-1.0326540967216904e-04
-1.0254127089651069e-04
-1.0184260580010488e-04
-1.0119028248557219e-04
-1.0043665468655857e-04
-9.9770383376231818e-05
-9.9106370700086075e-05
-9.8340546580727941e-05
-9.7721215336085899e-05
-9.7025203628414003e-05
-9.6313628132937995e-05
-9.5694960125980100e-05
-9.4940798137485311e-05
-9.4302312800636148e-05
-9.3657912364757340e-05
-9.2929433057460149e-05
-9.2322064242983927e-05
-9.1618306224353318e-05
-9.0951692190623386e-05
-9.0338394815205839e-05
-8.9616843500108984e-05
-8.9016435959546596e-05
-8.8334722385701128e-05
-8.7692283949367816e-05
-8.7055909093066436e-05
-8.6379750372948911e-05
-8.5784638667842642e-05
-8.5084942281636467e-05
-8.4496921768830832e-05
-8.3841722197232517e-05
-8.3192987801914469e-05
-8.2614231805764436e-05
-8.1905160996338029e-05
-8.1353464929700132e-05
-8.0672176907078900e-05
-8.0083946553154554e-05
-7.9454909043020629e-05
-7.8828309831805053e-05
-7.8226140882400993e-05
-7.7588789781620640e-05
-7.7019529826106439e-05
-7.6346995973352908e-05
-7.5806833409509264e-05
-7.5136057608492948e-05
-7.4573404120150476e-05
-7.3946242377376009e-05
-7.3350425104240255e-05
-7.2754982904251522e-05
-7.2150351865221522e-05
-7.1565218532503396e-05
-7.0954597832708738e-05
-7.0381947867908257e-05
-6.9750762643082612e-05
-6.9212670903912965e-05
-6.8558724787998299e-05
-6.8036392791081518e-05
-6.7388239499650417e-05
-6.6861733387977825e-05
-6.6218177903865747e-05
-6.5693124658689752e-05
-6.5042197855204624e-05
-6.4534703421598871e-05
-6.3876739337655317e-05
-6.3370749580674574e-05
-6.2725787107630802e-05
-6.2209747660139163e-05
-6.1573451425532075e-05
-6.1050919316117799e-05
-6.0416193673182234e-05
-5.9901112311609687e-05
-5.9266352059521406e-05
-5.8741741328332379e-05
-5.8133086394720297e-05
-5.7581424735668399e-05
-5.7001340691135207e-05
-5.6427931428721647e-05
-5.5857890081847871e-05
-5.5277829437692323e-05
-5.4718446347144134e-05
-5.4123994602389817e-05
-5.3589606655041657e-05
-5.2964490671193634e-05
-5.2447547011030325e-05
-5.1822110348793172e-05
-5.1288990774381911e-05
-5.0693487193586517e-05
-5.0121853148460037e-05
-4.9566191680696475e-05
-4.8955555039587291e-05
-4.8430556353750845e-05
-4.7795295649426191e-05
-4.7259432388934068e-05
-4.6662167192936079e-05
-4.6089825114285231e-05
-4.5523265711526950e-05
-4.4917664692432331e-05
-4.4379503185045371e-05
-4.3742673638863782e-05
-4.3193738409606041e-05
-4.2596355843029925e-05
-4.2004666068960186e-05
-4.1447041652449960e-05
-4.0807750116090564e-05
-4.0249107220986044e-05
-3.9648918826587844e-05
-3.9044319434117681e-05
-3.8480461290065124e-05
-3.7838050443683436e-05
0.0000000000000000e+00
];
