%Vec Object:dSdr_b_aug_4650 1 MPI processes
%  type: seq
dSdr_b_aug_4650 = [
2.3407965240870603e+03
0.0000000000000000e+00
-9.7905857742952157e-07
-4.0392948067579127e-07
-2.5040284337522570e-07
-1.7758281406752149e-07
-1.3325308634542599e-07
-1.0585076176266425e-07
-8.7277050440348584e-08
-7.3285287517257153e-08
-6.2895349898474916e-08
-5.4930845869673666e-08
-4.8443302927255599e-08
-4.3187255035073398e-08
-3.8878074714391482e-08
-3.5243981789500741e-08
-3.2138265838271061e-08
-2.9488341081731048e-08
-2.7197069027111292e-08
-2.7265681965730892e-08
-6.1102623146101165e-05
-7.1751488822477101e-04
-6.8627958053727389e-04
-6.4738569736725096e-04
-6.0411093917034386e-04
-5.6235637234749981e-04
-5.2233839332786150e-04
-4.8192960510413382e-04
-4.4047864577078370e-04
-3.9619305334219078e-04
-3.5722475607407456e-04
-3.1977957804539927e-04
-2.8443611614090283e-04
-2.4716530836509982e-04
-2.1685177803195565e-04
-1.9046959239584280e-04
-1.6739352587101535e-04
-1.4560003343655234e-04
-1.2909322836977927e-04
-1.1657316715265345e-04
-1.0668718330886542e-04
-9.8716661479591582e-05
-9.3748515112630147e-05
-9.0717217088210112e-05
-8.9059304775043502e-05
-8.8665949986878041e-05
-8.9152931394510592e-05
-9.0159959083458297e-05
-9.1615677007414603e-05
-9.3579955132005557e-05
-9.5308193066581863e-05
-9.7120291245174332e-05
-9.8964383107653521e-05
-1.0073806042123885e-04
-1.0222311136538859e-04
-1.0355079304070419e-04
-1.0482319097679846e-04
-1.0584759577035143e-04
-1.0668610496868088e-04
-1.0735945490018606e-04
-1.0796281411620455e-04
-1.0835517448291474e-04
-1.0858531272902911e-04
-1.0876461009263982e-04
-1.0884216669987805e-04
-1.0878514873213503e-04
-1.0866603612683723e-04
-1.0848730084554918e-04
-1.0821964332933319e-04
-1.0789481064787620e-04
-1.0755018452181394e-04
-1.0715408695829982e-04
-1.0672410986896542e-04
-1.0623125882425246e-04
-1.0574718532129228e-04
-1.0523583320386744e-04
-1.0467852737823423e-04
-1.0414267866417718e-04
-1.0359632817571344e-04
-1.0297693845466153e-04
-1.0240257009710853e-04
-1.0182518058861639e-04
-1.0119158996636962e-04
-1.0060566365638503e-04
-1.0002360771083849e-04
-9.9347318699501749e-05
-9.8762148228265925e-05
-9.8158107673760984e-05
-9.7502234062454886e-05
-9.6918482218061214e-05
-9.6299176010202148e-05
-9.5647231069834058e-05
-9.5060305958990647e-05
-9.4420740640153490e-05
-9.3805277215704385e-05
-9.3228732648000599e-05
-9.2562426994960778e-05
-9.1976031455361226e-05
-9.1387996209670933e-05
-9.0711130971699760e-05
-9.0166693096495307e-05
-8.9549477083595522e-05
-8.8921657591715115e-05
-8.8376865697177581e-05
-8.7708100361495110e-05
-8.7146079298497343e-05
-8.6577250791075266e-05
-8.5932603706053088e-05
-8.5397733814159457e-05
-8.4776326558027150e-05
-8.4187230340440324e-05
-8.3646800233126364e-05
-8.3010209082171193e-05
-8.2479978812238842e-05
-8.1879604561410543e-05
-8.1312472106363399e-05
-8.0750810349060191e-05
-8.0155458897490924e-05
-7.9630662472496600e-05
-7.9013304358596049e-05
-7.8497071283771397e-05
-7.7918293914704215e-05
-7.7347008156721517e-05
-7.6839822951772402e-05
-7.6212561997263581e-05
-7.5729520016662278e-05
-7.5129744925633173e-05
-7.4611152217408553e-05
-7.4060752636368802e-05
-7.3508362680454030e-05
-7.2979581086750448e-05
-7.2420638029755129e-05
-7.1920368603036456e-05
-7.1330284336799450e-05
-7.0857234044506597e-05
-7.0268217829193782e-05
-6.9775438297705491e-05
-6.9225825415778318e-05
-6.8703339339228167e-05
-6.8182474232555100e-05
-6.7653390317929329e-05
-6.7140572492158698e-05
-6.6608072230087833e-05
-6.6106343487248159e-05
-6.5554617074458998e-05
-6.5086562239602104e-05
-6.4512879064922683e-05
-6.4059913408601933e-05
-6.3492881460556585e-05
-6.3033972431011465e-05
-6.2474387431114370e-05
-6.2016337283242348e-05
-6.1449777303440595e-05
-6.1009011059072174e-05
-6.0435952992150661e-05
-5.9997178156648432e-05
-5.9436283665810979e-05
-5.8988254224482867e-05
-5.8435996478739400e-05
-5.7983086446834700e-05
-5.7431609263875014e-05
-5.6987688329304045e-05
-5.6435136568444824e-05
-5.5982959476384554e-05
-5.5456245606941278e-05
-5.4978413123459061e-05
-5.4479098202495091e-05
-5.3982188534788454e-05
-5.3491295994441746e-05
-5.2990669761613194e-05
-5.2508431546105402e-05
-5.1996554036694216e-05
-5.1536763234554316e-05
-5.0998423383958679e-05
-5.0554534612605952e-05
-5.0016064012265178e-05
-4.9558604460794571e-05
-4.9047498542397977e-05
-4.8556107414530742e-05
-4.8081577052942101e-05
-4.7556011984901221e-05
-4.7108245421494288e-05
-4.6563651357583160e-05
-4.6104838291703907e-05
-4.5596006206260700e-05
-4.5105700459151947e-05
-4.4622930669260218e-05
-4.4105830787396348e-05
-4.3647513431043914e-05
-4.3104637418370405e-05
-4.2637310117164314e-05
-4.2128488707088741e-05
-4.1625341682471144e-05
-4.1151080870221760e-05
-4.0608092244201638e-05
-4.0133341318677989e-05
-3.9623839163500817e-05
-3.9111309064130996e-05
-3.8630905671465681e-05
-3.8081089198604622e-05
0.0000000000000000e+00
];
