%Vec Object:dSdr_b_aug_6000 1 MPI processes
%  type: seq
dSdr_b_aug_6000 = [
2.3188419138617178e+03
0.0000000000000000e+00
-8.4543682900266727e-07
-3.4937291335569554e-07
-2.1712941923297196e-07
-1.5422520285104337e-07
-1.1573630636104430e-07
-9.1939383934383035e-08
-7.5809174690812368e-08
-6.3669867852276962e-08
-5.4654823455710153e-08
-4.7743668115511174e-08
-4.2115245589551633e-08
-3.7555200498997769e-08
-3.3816454556706762e-08
-3.0663410178749270e-08
-2.7968789606759892e-08
-2.5669544226576987e-08
-2.4456127263154146e-08
-4.8652157660625956e-05
-7.4870769907564572e-04
-7.1587242727232710e-04
-6.7725760316328192e-04
-6.3873738602686987e-04
-5.9598099342900114e-04
-5.5471434944443952e-04
-5.1515389637597569e-04
-4.7520113599593388e-04
-4.3420961337594716e-04
-3.9040195594830361e-04
-3.5185187237879960e-04
-3.1480185584165647e-04
-2.7982637037152940e-04
-2.4293949286602204e-04
-2.1293627050985198e-04
-1.8682233820076501e-04
-1.6398019667216712e-04
-1.4240801451395263e-04
-1.2606898385593949e-04
-1.1367689748664291e-04
-1.0389468087032998e-04
-9.6010268407982429e-05
-9.1099161486663441e-05
-8.8107123199607134e-05
-8.6476004415459836e-05
-8.6098880594722766e-05
-8.6593880012130064e-05
-8.7604408856672134e-05
-8.9059831905220237e-05
-9.1022020573259930e-05
-9.2748754982583599e-05
-9.4558505374058491e-05
-9.6401363510264574e-05
-9.8175420507485875e-05
-9.9662062026771749e-05
-1.0099327167376859e-04
-1.0227168563076799e-04
-1.0330299803439099e-04
-1.0414955824974334e-04
-1.0483310461507775e-04
-1.0544841917961692e-04
-1.0585294271031610e-04
-1.0609660909219989e-04
-1.0629215720081457e-04
-1.0638459916385851e-04
-1.0634338608555126e-04
-1.0624180096067563e-04
-1.0608113999180248e-04
-1.0583101351492935e-04
-1.0552470659392583e-04
-1.0519982205284930e-04
-1.0482196251326004e-04
-1.0441030384375789e-04
-1.0393916501093281e-04
-1.0347380791674889e-04
-1.0298105910417081e-04
-1.0244580529616146e-04
-1.0192857728789989e-04
-1.0140077727754560e-04
-1.0080398189053336e-04
-1.0024828811935280e-04
-9.9689778484512084e-05
-9.9078143554171848e-05
-9.8510788838168726e-05
-9.7947438580732810e-05
-9.7293307939460367e-05
-9.6726634372979530e-05
-9.6141538480006258e-05
-9.5506906226958143e-05
-9.4941344447414829e-05
-9.4341281040697980e-05
-9.3710074880339934e-05
-9.3141183419882237e-05
-9.2521399297893500e-05
-9.1925396218677129e-05
-9.1366575820070220e-05
-9.0720694266477477e-05
-9.0152981165240851e-05
-8.9582716560141989e-05
-8.8926658245379653e-05
-8.8399737456680959e-05
-8.7800951271246500e-05
-8.7192721804073151e-05
-8.6665209088438483e-05
-8.6016417516049089e-05
-8.5472280987905358e-05
-8.4921128301707714e-05
-8.4296089070073861e-05
-8.3778176242853776e-05
-8.3176030336146035e-05
-8.2605065072496653e-05
-8.2081678184729338e-05
-8.1464958707510926e-05
-8.0951142484118069e-05
-8.0369793015644609e-05
-7.9820274181671350e-05
-7.9276087374296550e-05
-7.8699636262535348e-05
-7.8191286165788627e-05
-7.7593186484949459e-05
-7.7093744068008245e-05
-7.6532841400728555e-05
-7.5979670422173708e-05
-7.5489225204540517e-05
-7.4881099092985882e-05
-7.4414114901680384e-05
-7.3833405206232930e-05
-7.3331100337692575e-05
-7.2799093708282730e-05
-7.2264060865295712e-05
-7.1752444147955556e-05
-7.1211840276586531e-05
-7.0727707337458478e-05
-7.0156907551342166e-05
-6.9699554435755659e-05
-6.9129661315719967e-05
-6.8653224904840812e-05
-6.8121750258038672e-05
-6.7616415932271722e-05
-6.7112993985255314e-05
-6.6601580116273454e-05
-6.6105676482570256e-05
-6.5591448151911579e-05
-6.5106307489698156e-05
-6.4573166049947846e-05
-6.4121492463511273e-05
-6.3566582347560278e-05
-6.3129841103611237e-05
-6.2581782994507694e-05
-6.2138684564161563e-05
-6.1598739805648615e-05
-6.1156361333902180e-05
-6.0609534304034951e-05
-6.0184375443329012e-05
-5.9631176448674877e-05
-5.9208122849258557e-05
-5.8666891428980522e-05
-5.8234769199453540e-05
-5.7702167636800448e-05
-5.7265541882489755e-05
-5.6733536113161277e-05
-5.6306259280984398e-05
-5.5772935707651343e-05
-5.5337700531854377e-05
-5.4830152319431585e-05
-5.4369588181831928e-05
-5.3889164830918661e-05
-5.3410148130673423e-05
-5.2937768207326858e-05
-5.2455721410719606e-05
-5.1991527141935650e-05
-5.1498963496798967e-05
-5.1056620789604001e-05
-5.0538577657134836e-05
-5.0111776317420038e-05
-4.9593646930332713e-05
-4.9153884218323366e-05
-4.8662518874893426e-05
-4.8189896612281967e-05
-4.7734342928573166e-05
-4.7228676280047793e-05
-4.6798974633104286e-05
-4.6275587873841695e-05
-4.5834797454772378e-05
-4.5346650610983121e-05
-4.4875534180038839e-05
-4.4412364100632119e-05
-4.3915966343566672e-05
-4.3476326828878355e-05
-4.2955429526918954e-05
-4.2507194401853378e-05
-4.2019093026968628e-05
-4.1536664043300663e-05
-4.1081913564582655e-05
-4.0561468025845002e-05
-4.0106368908152004e-05
-3.9618132110747254e-05
-3.9127252092195839e-05
-3.8666692777834596e-05
-3.8140256839920660e-05
0.0000000000000000e+00
];
