%Vec Object:dSdr_b_aug_9320 1 MPI processes
%  type: seq
dSdr_b_aug_9320 = [
2.2770599029012074e+03
0.0000000000000000e+00
-6.4591017349383809e-07
-2.6765145534523726e-07
-1.6703665592655911e-07
-1.1894932563289040e-07
-8.9275405155464120e-08
-7.0921666419316789e-08
-5.8480609096525159e-08
-4.9133717580504615e-08
-4.2191443156082678e-08
-3.6868491687980936e-08
-3.2535095838639811e-08
-2.9024216583657954e-08
-2.6145411171443967e-08
-2.3717579155749678e-08
-2.1650992651102551e-08
-3.4762047701147573e-06
-7.8895384565115295e-04
-7.7925561190090968e-04
-7.3742579827660161e-04
-6.9882578806761261e-04
-6.6101226173900937e-04
-6.2333359024953122e-04
-5.8150349254310887e-04
-5.4110579693693176e-04
-5.0236008684853160e-04
-4.6321939925989740e-04
-4.2304601969246137e-04
-3.8008944619562842e-04
-3.4228409770004330e-04
-3.0593776596737725e-04
-2.7161755544712198e-04
-2.3541436273757260e-04
-2.0596372209178790e-04
-1.8032748293964773e-04
-1.5790190430064257e-04
-1.3672382132489910e-04
-1.2068355567534165e-04
-1.0851936109942188e-04
-9.8921928451392303e-05
-9.1190855647468432e-05
-8.6381321995935976e-05
-8.3459195677534331e-05
-8.1875789595951365e-05
-8.1527569139617454e-05
-8.2036846654418786e-05
-8.3053610078210409e-05
-8.4508507622617251e-05
-8.6466975101784184e-05
-8.8191031752661667e-05
-8.9996600987150775e-05
-9.1837261855684754e-05
-9.3611994689142748e-05
-9.5101468364605112e-05
-9.6438960208575941e-05
-9.7728087066845362e-05
-9.8771700181721352e-05
-9.9632597234829216e-05
-1.0033430089718807e-04
-1.0097090495141384e-04
-1.0139708804272550e-04
-1.0166484466219829e-04
-1.0188933130381935e-04
-1.0200828038037514e-04
-1.0199521187938023e-04
-1.0192483883966167e-04
-1.0179636373041537e-04
-1.0157745567938867e-04
-1.0130413853627649e-04
-1.0101440885654169e-04
-1.0066902670900715e-04
-1.0028998859723542e-04
-9.9857513826169035e-05
-9.9425486011458066e-05
-9.8965865067761550e-05
-9.8469880433042507e-05
-9.7985811281645058e-05
-9.7491045070659626e-05
-9.6934484589464669e-05
-9.6412045624270242e-05
-9.5887156361247259e-05
-9.5314619075000968e-05
-9.4780335761550071e-05
-9.4250295695744651e-05
-9.3635623618689451e-05
-9.3101888452514563e-05
-9.2550528304814893e-05
-9.1953721645863162e-05
-9.1420551861993293e-05
-9.0854755112960883e-05
-9.0260479579637538e-05
-8.9723701580340191e-05
-8.9139142866909521e-05
-8.8577793838945346e-05
-8.8050535791815387e-05
-8.7441024497792309e-05
-8.6906580188810133e-05
-8.6367960690563947e-05
-8.5748954349601779e-05
-8.5253227150066923e-05
-8.4687259924460980e-05
-8.4113915445013264e-05
-8.3617172673087806e-05
-8.3003949431946925e-05
-8.2491660836436984e-05
-8.1971984415534703e-05
-8.1381861920776978e-05
-8.0894145431526849e-05
-8.0326299224495201e-05
-7.9787620705257714e-05
-7.9294583576370337e-05
-7.8713250635663513e-05
-7.8228663770084521e-05
-7.7681192734031619e-05
-7.7163039403932990e-05
-7.6649971161765065e-05
-7.6107176881147812e-05
-7.5628113629082938e-05
-7.5064308455671878e-05
-7.4594766049745066e-05
-7.4065693807403527e-05
-7.3544780772408084e-05
-7.3084145334702640e-05
-7.2510093647995929e-05
-7.2071704411153629e-05
-7.1524945472699184e-05
-7.1051645221922313e-05
-7.0552391893585805e-05
-7.0048267779838265e-05
-6.9567217466420949e-05
-6.9059271153296719e-05
-6.8603873312674381e-05
-6.8067414420804935e-05
-6.7638014100585546e-05
-6.7102174489487931e-05
-6.6654841140795676e-05
-6.6155666211427123e-05
-6.5680874918944363e-05
-6.5208514932986499e-05
-6.4728567053427835e-05
-6.4262783421169072e-05
-6.3781092890460411e-05
-6.3325491507624444e-05
-6.2825445318978086e-05
-6.2402942695662691e-05
-6.1881462766501998e-05
-6.1473613200932156e-05
-6.0959342820041910e-05
-6.0544399171259518e-05
-6.0039428840515899e-05
-5.9624957764691243e-05
-5.9113270255748025e-05
-5.8715904304642212e-05
-5.8198069426126917e-05
-5.7803011481769998e-05
-5.7296795149884204e-05
-5.6892999755496444e-05
-5.6395401020065019e-05
-5.5987773565267003e-05
-5.5490441598618301e-05
-5.5092803829100152e-05
-5.4593720937918668e-05
-5.4188655163332356e-05
-5.3715236287174949e-05
-5.3285422847666809e-05
-5.2838640759433947e-05
-5.2391487061801237e-05
-5.1952073588420534e-05
-5.1503112235443959e-05
-5.1071049841843563e-05
-5.0612879487691708e-05
-5.0201607604917127e-05
-4.9719707999549602e-05
-4.9323335250357987e-05
-4.8841428646427999e-05
-4.8433179754113533e-05
-4.7976967633579331e-05
-4.7537768236656868e-05
-4.7116007502090109e-05
-4.6645775222940181e-05
-4.6248242957771314e-05
-4.5762621435398400e-05
-4.5353925207490080e-05
-4.4902614034141585e-05
-4.4465669469343774e-05
-4.4037402155072588e-05
-4.3577870407378029e-05
-4.3171492303836461e-05
-4.2689734657686144e-05
-4.2275499269063495e-05
-4.1824296868355980e-05
-4.1378763939214103e-05
-4.0958759883152410e-05
-4.0478463057896871e-05
-4.0058367106604184e-05
-3.9608013315396702e-05
-3.9155717611761579e-05
-3.8730581499567116e-05
-3.8246231074824300e-05
0.0000000000000000e+00
];
