%Vec Object:dSdr_b_aug_9100 1 MPI processes
%  type: seq
dSdr_b_aug_9100 = [
2.2785048794159025e+03
0.0000000000000000e+00
-6.5164016933692182e-07
-2.6993819122023613e-07
-1.6840014501584954e-07
-1.1987977234648751e-07
-8.9949536826246870e-08
-7.1437797890423771e-08
-5.8889870158610603e-08
-4.9463070581425550e-08
-4.2461630555285665e-08
-3.7093396400499796e-08
-3.2723461694144135e-08
-2.9183107231474337e-08
-2.6280188480340296e-08
-2.3832148660826580e-08
-2.1744208094955582e-08
-1.7576382112981710e-06
-7.6701004634062420e-04
-7.8023674419017207e-04
-7.3844498040528343e-04
-6.9979460788326022e-04
-6.6193223593175206e-04
-6.2420586308014172e-04
-5.8232331109211131e-04
-5.4187640945213263e-04
-5.0308456284548105e-04
-4.6389788994302613e-04
-4.2367818131921954e-04
-3.8067341341811343e-04
-3.4282589274443534e-04
-3.0643971338998097e-04
-2.7208239655636152e-04
-2.3584048876415940e-04
-2.0635855702245764e-04
-1.8069526734075677e-04
-1.5824609997212231e-04
-1.3704570031768018e-04
-1.2098851648760885e-04
-1.0881141707608054e-04
-9.9203520663248320e-05
-9.1463764694507194e-05
-8.6648479260226870e-05
-8.3722394047368597e-05
-8.2136286151421759e-05
-8.1786428998970102e-05
-8.2294898003612519e-05
-8.3311308395325813e-05
-8.4766235704988996e-05
-8.6724913911613628e-05
-8.8449122202819661e-05
-9.0254928210357514e-05
-9.2095713509666394e-05
-9.3870408077958599e-05
-9.5359721381647403e-05
-9.6696857487706096e-05
-9.7985377709884804e-05
-9.9028294275264395e-05
-9.9888379478664573e-05
-1.0058905494956850e-04
-1.0122445344520159e-04
-1.0164941002164500e-04
-1.0191580248388500e-04
-1.0213865042329102e-04
-1.0225609848167870e-04
-1.0224143623755106e-04
-1.0216929575055296e-04
-1.0203899805191251e-04
-1.0181832219432780e-04
-1.0154313693805778e-04
-1.0125141654272511e-04
-1.0090419529678585e-04
-1.0052330997947855e-04
-1.0008864577679008e-04
-9.9654730623568094e-05
-9.9193233746593598e-05
-9.8695025414372012e-05
-9.8209078574833890e-05
-9.7712441757301802e-05
-9.7153602891837185e-05
-9.6629280805047738e-05
-9.6102487719462360e-05
-9.5527736448645849e-05
-9.4991580399088557e-05
-9.4459654075217258e-05
-9.3842747575630117e-05
-9.3307147204787063e-05
-9.2753876701064648e-05
-9.2154928089838975e-05
-9.1619924042519671e-05
-9.1052186873363024e-05
-9.0455820067068696e-05
-8.9917223576849376e-05
-8.9330670151955373e-05
-8.8767358766812197e-05
-8.8238313436433876e-05
-8.7626742601309469e-05
-8.7090414378275814e-05
-8.6550002910528958e-05
-8.5928898424921692e-05
-8.5431404823992012e-05
-8.4863579156330807e-05
-8.4288259241047510e-05
-8.3789774056230524e-05
-8.3174536683459148e-05
-8.2660444631649531e-05
-8.2138985800864529e-05
-8.1546886072312441e-05
-8.1057459651701148e-05
-8.0487671151858688e-05
-7.9947164327581773e-05
-7.9452408579488315e-05
-7.8869071801497033e-05
-7.8382829761709791e-05
-7.7833440287868513e-05
-7.7313510819779146e-05
-7.6798680423010516e-05
-7.6253980253156007e-05
-7.5773258571433438e-05
-7.5207511398967336e-05
-7.4736275841500151e-05
-7.4205401133853088e-05
-7.3682661424386023e-05
-7.3220337944560811e-05
-7.2644356721246079e-05
-7.2204348234234351e-05
-7.1655666762046079e-05
-7.1180724062958441e-05
-7.0679616009252307e-05
-7.0173741622804990e-05
-6.9690960421528892e-05
-6.9181164804507593e-05
-6.8724139777408643e-05
-6.8185736259097131e-05
-6.7754753051833621e-05
-6.7216985087951777e-05
-6.6768003715811562e-05
-6.6266999745624995e-05
-6.5790478888155617e-05
-6.5316359951760790e-05
-6.4834630242720204e-05
-6.4367141000263808e-05
-6.3883607946368186e-05
-6.3426333837727548e-05
-6.2924413558820675e-05
-6.2500259066158284e-05
-6.1976886080028419e-05
-6.1567400459929257e-05
-6.1051216775249561e-05
-6.0634678799933928e-05
-6.0127727965734550e-05
-5.9711676571746291e-05
-5.9197999210199915e-05
-5.8799059423554081e-05
-5.8279221973795148e-05
-5.7882578712527707e-05
-5.7374379573293861e-05
-5.6968980107645963e-05
-5.6469399258558727e-05
-5.6060129708748010e-05
-5.5560834259386403e-05
-5.5161518109506242e-05
-5.4660496261051785e-05
-5.4253722073582605e-05
-5.3778370544286910e-05
-5.3346815773501865e-05
-5.2898128669018447e-05
-5.2449170652030740e-05
-5.2007890373429823e-05
-5.1557055475962014e-05
-5.1123173534596725e-05
-5.0663055573984074e-05
-5.0250024225033019e-05
-4.9766077899309640e-05
-4.9367982048336236e-05
-4.8884024231970592e-05
-4.8473990779841879e-05
-4.8015788007625000e-05
-4.7574695940736709e-05
-4.7151021575489255e-05
-4.6678782711732514e-05
-4.6279428743236303e-05
-4.5791668632970459e-05
-4.5381154943683560e-05
-4.4927757801649948e-05
-4.4488878097977107e-05
-4.4058634238609213e-05
-4.3597014749635523e-05
-4.3188752992614239e-05
-4.2704778782119369e-05
-4.2288617829835814e-05
-4.1835325603695598e-05
-4.1387702884679024e-05
-4.0965730560081599e-05
-4.0483159195736805e-05
-4.0061079432110359e-05
-3.9608577381090961e-05
-3.9154090265429928e-05
-3.8726930006163559e-05
-3.8240099590878878e-05
0.0000000000000000e+00
];
