%Vec Object:dSdr_b_aug_4000 1 MPI processes
%  type: seq
dSdr_b_aug_4000 = [
2.3508501816785706e+03
0.0000000000000000e+00
-1.0464863678829159e-06
-4.3083954440794181e-07
-2.6639501149638541e-07
-1.8851067950433984e-07
-1.4123485239624117e-07
-1.1201642662535986e-07
-9.2213401497450809e-08
-7.7297177880540671e-08
-6.6222304273048257e-08
-5.7733369565575433e-08
-5.0821361551752347e-08
-4.5222462753931540e-08
-4.0632590008911050e-08
-3.6762842278701969e-08
-3.3456827167630918e-08
-3.0636253923542735e-08
-2.8197734009448381e-08
-2.6068599238057926e-08
-9.8057115629616418e-07
-5.4719963438510787e-04
-6.9003856064351753e-04
-6.5246124906574048e-04
-6.0890765701134930e-04
-5.6686581433780449e-04
-5.2657787506840475e-04
-4.8589999125682557e-04
-4.4417792400999528e-04
-3.9961030800085746e-04
-3.6039522795640078e-04
-3.2271686997098416e-04
-2.8715626967552014e-04
-2.4965890933389024e-04
-2.1916227005000258e-04
-1.9262179139545354e-04
-1.6940768858034961e-04
-1.4748360363793717e-04
-1.3087779693252163e-04
-1.1828221931878253e-04
-1.0833500370554757e-04
-1.0031366979819515e-04
-9.5311865171089700e-05
-9.2257400482185928e-05
-9.0583677667452356e-05
-9.0180745221133996e-05
-9.0662995339439484e-05
-9.1667957100752725e-05
-9.3123849148405002e-05
-9.5089360350922506e-05
-9.6818485602046916e-05
-9.8631969279609861e-05
-1.0047678923962127e-04
-1.0225024259175245e-04
-1.0373435503565628e-04
-1.0505995497134259e-04
-1.0632880291636332e-04
-1.0734913151392791e-04
-1.0818288981211939e-04
-1.0885022286367015e-04
-1.0944652729175156e-04
-1.0983171030347427e-04
-1.1005386577631827e-04
-1.1022357378670480e-04
-1.1029234673996638e-04
-1.1022600251129667e-04
-1.1009654716586696e-04
-1.0990714646406904e-04
-1.0962914410547156e-04
-1.0929337960920199e-04
-1.0893710422459828e-04
-1.0853024463505904e-04
-1.0808945807888061e-04
-1.0758379493197063e-04
-1.0708867711242318e-04
-1.0656634742027839e-04
-1.0599602897633329e-04
-1.0544919241873065e-04
-1.0489189552680554e-04
-1.0425917317250144e-04
-1.0367378517651572e-04
-1.0308525489221624e-04
-1.0243870849034469e-04
-1.0184182331636162e-04
-1.0124872937905504e-04
-1.0055936499004377e-04
-9.9963279727603241e-05
-9.9348060165276757e-05
-9.8679652293181825e-05
-9.8085166719133121e-05
-9.7454505575533999e-05
-9.6790322939504348e-05
-9.6192756396623291e-05
-9.5541518440263930e-05
-9.4914571708957187e-05
-9.4327568330607517e-05
-9.3649210670670888e-05
-9.3051790857176419e-05
-9.2453269377686231e-05
-9.1764126233427382e-05
-9.1209351744226750e-05
-9.0581260515704460e-05
-8.9941881186640310e-05
-8.9386893056453510e-05
-8.8706341444035047e-05
-8.8133766932365628e-05
-8.7554508135647744e-05
-8.6898290692288892e-05
-8.6353414640368269e-05
-8.5720641493074778e-05
-8.5120846417512073e-05
-8.4570359310813767e-05
-8.3922042123464046e-05
-8.3382126121129730e-05
-8.2770525574269214e-05
-8.2192999531826612e-05
-8.1621026014977888e-05
-8.1014521699252016e-05
-8.0480020491667000e-05
-7.9851298206353537e-05
-7.9325157163748911e-05
-7.8735832145751988e-05
-7.8153857072131835e-05
-7.7636793798807434e-05
-7.6998241600993359e-05
-7.6505724108341932e-05
-7.5894698753330522e-05
-7.5366494782592186e-05
-7.4805241738167623e-05
-7.4242609554119295e-05
-7.3703699168301240e-05
-7.3133934373419544e-05
-7.2624142993732077e-05
-7.2022679182312587e-05
-7.1540366168180666e-05
-7.0940065637741155e-05
-7.0437642220109913e-05
-6.9877326176254174e-05
-6.9344719049782477e-05
-6.8813560935660517e-05
-6.8274050130313587e-05
-6.7751251433527680e-05
-6.7207969114217757e-05
-6.6696451932984159e-05
-6.6133758739299117e-05
-6.5656037514302140e-05
-6.5071276569886758e-05
-6.4608737068847365e-05
-6.4030508871359650e-05
-6.3562270180986347e-05
-6.2991095693724938e-05
-6.2523797859599336e-05
-6.1945593683799730e-05
-6.1495617688472087e-05
-6.0910840999410911e-05
-6.0462789227160159e-05
-5.9890291769192022e-05
-5.9432875645317001e-05
-5.8869018992463684e-05
-5.8406499771968306e-05
-5.7843532707322056e-05
-5.7389790250988171e-05
-5.6825892127419104e-05
-5.6363717770641929e-05
-5.5825694430471807e-05
-5.5337672052429687e-05
-5.4827209387390912e-05
-5.4319741233954789e-05
-5.3817924554500121e-05
-5.3306334747104501e-05
-5.2813448935834143e-05
-5.2290174459458980e-05
-5.1820087649587060e-05
-5.1269770841784439e-05
-5.0815798863404803e-05
-5.0265325023704071e-05
-4.9797422630659471e-05
-4.9274667867445886e-05
-4.8772201266949572e-05
-4.8286472779010153e-05
-4.7749165642816778e-05
-4.7290738903315442e-05
-4.6733630328417379e-05
-4.6264181924698718e-05
-4.5743143263146198e-05
-4.5241513576994581e-05
-4.4747177562907510e-05
-4.4217860780308665e-05
-4.3748520827674332e-05
-4.3192674128878238e-05
-4.2714079062830208e-05
-4.2193028728443568e-05
-4.1677653083662617e-05
-4.1191874916181163e-05
-4.0635576946059998e-05
-4.0149218378313958e-05
-3.9627147130126616e-05
-3.9101797479326137e-05
-3.8609560010591491e-05
-3.8045283777842085e-05
0.0000000000000000e+00
];
