%Vec Object:dSdr_b_aug_6910 1 MPI processes
%  type: seq
dSdr_b_aug_6910 = [
2.3030051696501432e+03
0.0000000000000000e+00
-7.6234751345784044e-07
-3.1525913450785281e-07
-1.9617431976307683e-07
-1.3942562874381255e-07
-1.0459301990505579e-07
-8.3054079989452821e-08
-6.8454570775224129e-08
-5.7476102794019833e-08
-4.9322962375762184e-08
-4.3072277823081227e-08
-3.7983130358637183e-08
-3.3860198918056518e-08
-3.0479799372023426e-08
-2.7629181741519972e-08
-2.5193246469016915e-08
-2.3124400869477518e-08
-1.7678315004249892e-06
-7.1576924489057483e-04
-7.4941821062847079e-04
-7.1063547751804609e-04
-6.7223047669706095e-04
-6.3397018726734462e-04
-5.9150045703362949e-04
-5.5050273730132180e-04
-5.1119443309463565e-04
-4.7149299520273858e-04
-4.3075467370735389e-04
-3.8721041202929477e-04
-3.4889081107913758e-04
-3.1205857281015026e-04
-2.7728588359360047e-04
-2.4061059468892103e-04
-2.1077838680024210e-04
-1.8481229213332149e-04
-1.6209906948793593e-04
-1.4064885408680350e-04
-1.2440228592475462e-04
-1.1208072803511994e-04
-1.0235569878789016e-04
-9.4518742236136924e-05
-8.9639070520498892e-05
-8.6668668935986591e-05
-8.5052316560572065e-05
-8.4684137978489871e-05
-8.5183556360280695e-05
-8.6196014804087345e-05
-8.7651275244434956e-05
-8.9612312294704902e-05
-9.1338218007436361e-05
-9.3146674425308141e-05
-9.4988852565848207e-05
-9.6763118741908445e-05
-9.8250636781984147e-05
-9.9583790676384946e-05
-1.0086552010607350e-04
-1.0190063938090680e-04
-1.0275163661233836e-04
-1.0344080235885424e-04
-1.0406270566329630e-04
-1.0447393246367138e-04
-1.0472505436698392e-04
-1.0492955846004675e-04
-1.0503020392478861e-04
-1.0499770111429996e-04
-1.0490577559745539e-04
-1.0475507560259239e-04
-1.0451461069530160e-04
-1.0421851354635031e-04
-1.0390450883293535e-04
-1.0353670049024848e-04
-1.0313513732474367e-04
-1.0267596435559412e-04
-1.0222092210203461e-04
-1.0173842579677682e-04
-1.0121532512335089e-04
-1.0070835921228061e-04
-1.0019078259581908e-04
-9.9606439220441655e-05
-9.9061037240544069e-05
-9.8512932533194390e-05
-9.7913397651167090e-05
-9.7356277965919238e-05
-9.6803236640182291e-05
-9.6161317745422031e-05
-9.5604838047441543e-05
-9.5030182787299731e-05
-9.4407256904495838e-05
-9.3851719890373394e-05
-9.3262261424419116e-05
-9.2642484657219195e-05
-9.2083531760315867e-05
-9.1474649295678189e-05
-9.0889371048555803e-05
-9.0340318654370339e-05
-8.9705693069501010e-05
-8.9148276086445041e-05
-8.8587805096932424e-05
-8.7943213729488285e-05
-8.7425946819343927e-05
-8.6837317534343582e-05
-8.6239884365229850e-05
-8.5721894412684203e-05
-8.5084110621230655e-05
-8.4549830474985228e-05
-8.4008419146002871e-05
-8.3394186037911362e-05
-8.2885618452419841e-05
-8.2294087706797630e-05
-8.1733114629325927e-05
-8.1219120464172176e-05
-8.0613352504992639e-05
-8.0108582259293392e-05
-7.9537717576575641e-05
-7.8997905820341223e-05
-7.8463349667395513e-05
-7.7897314759342373e-05
-7.7398028431003245e-05
-7.6810542303393467e-05
-7.6320353419045685e-05
-7.5769301713886282e-05
-7.5226114006969610e-05
-7.4744894396574111e-05
-7.4147313725875350e-05
-7.3689179174105110e-05
-7.3118976646162977e-05
-7.2625648200489788e-05
-7.2103778146441052e-05
-7.1578311015539181e-05
-7.1076154066361172e-05
-7.0545657139016050e-05
-7.0070417210326886e-05
-6.9510245331158604e-05
-6.9061543116309625e-05
-6.8502188961966885e-05
-6.8034759439024978e-05
-6.7513280989315341e-05
-6.7017399197006450e-05
-6.6523590382358154e-05
-6.6021914685192968e-05
-6.5535332662962893e-05
-6.5031174210264983e-05
-6.4555175435387606e-05
-6.4032276394233482e-05
-6.3589630706872258e-05
-6.3045066645343382e-05
-6.2617266865743981e-05
-6.2079665462945572e-05
-6.1645280439018386e-05
-6.1116159648649568e-05
-6.0682418020495422e-05
-6.0146466050831909e-05
-5.9729908600782940e-05
-5.9187654173050637e-05
-5.8773264728807914e-05
-5.8242869855547437e-05
-5.7819514273643036e-05
-5.7297745461234548e-05
-5.6870094158782031e-05
-5.6348819309653972e-05
-5.5930715231662180e-05
-5.5407988532026059e-05
-5.4982090237554269e-05
-5.4485104435509297e-05
-5.4034057076231150e-05
-5.3564045080856858e-05
-5.3094889392667448e-05
-5.2632711976255872e-05
-5.2160904509549659e-05
-5.1706654453987872e-05
-5.1224734886567530e-05
-5.0792008006602696e-05
-5.0285150608763847e-05
-4.9867766324016500e-05
-4.9360847185864072e-05
-4.8930837372218055e-05
-4.8450351248761073e-05
-4.7988072678789204e-05
-4.7542977208313692e-05
-4.7048276746483390e-05
-4.6628530810079940e-05
-4.6116831555203029e-05
-4.5685973521198023e-05
-4.5209226429386126e-05
-4.4748685301538918e-05
-4.4296316664719305e-05
-4.3811327858910754e-05
-4.3381981630005895e-05
-4.2873196678996116e-05
-4.2435482987099550e-05
-4.1958800008484359e-05
-4.1487788065780694e-05
-4.1043788637150260e-05
-4.0535764829603002e-05
-4.0091492721830492e-05
-3.9614969425529588e-05
-3.9136007984538228e-05
-3.8686348097269896e-05
-3.8172600099242820e-05
0.0000000000000000e+00
];
