%Vec Object:dSdr_b_aug_6700 1 MPI processes
%  type: seq
dSdr_b_aug_6700 = [
2.3055958485048632e+03
0.0000000000000000e+00
-7.7438836474704588e-07
-3.1980607597373976e-07
-1.9870585017392328e-07
-1.4102016985922935e-07
-1.0564874645314669e-07
-8.3778700729125599e-08
-6.8955882514856147e-08
-5.7813611575406530e-08
-4.9539684246438906e-08
-4.3196677927955027e-08
-3.8034420747668389e-08
-3.3852940744526343e-08
-3.0424761097433071e-08
-2.7534548022591414e-08
-2.5065491804597064e-08
-2.2961666179631250e-08
-5.3842590881960270e-07
-6.3046411044485960e-04
-7.5027902446632010e-04
-7.1179205506848866e-04
-6.7333194127024815e-04
-6.3501458408037872e-04
-5.9248204970443889e-04
-5.5142541416824693e-04
-5.1206186935529843e-04
-4.7230537189646719e-04
-4.3151157925914617e-04
-3.8790961300152349e-04
-3.4953951806053816e-04
-3.1265956905930035e-04
-2.7784245135918298e-04
-2.4112080774150703e-04
-2.1125113409829844e-04
-1.8525265124182339e-04
-1.6251118511651755e-04
-1.4103424929906984e-04
-1.2476742450151436e-04
-1.1243041527224081e-04
-1.0269285745118294e-04
-9.4845504290285275e-05
-8.9958945720053046e-05
-8.6983803908998781e-05
-8.5364216577007702e-05
-8.4994078336978512e-05
-8.5492528672641798e-05
-8.6504564427854102e-05
-8.7959860514096058e-05
-8.9921149881542800e-05
-9.1647237164082696e-05
-9.3455977083298594e-05
-9.5298304214147926e-05
-9.7072524579411575e-05
-9.8559850606363478e-05
-9.9892578569782956e-05
-1.0117358166035461e-04
-1.0220786693968532e-04
-1.0305789212310206e-04
-1.0374582678896031e-04
-1.0436628664572572e-04
-1.0477604490654849e-04
-1.0502553346687596e-04
-1.0522807549601053e-04
-1.0532692374987403e-04
-1.0529251270602966e-04
-1.0519847097455722e-04
-1.0504558874177569e-04
-1.0480300718960093e-04
-1.0450467329555818e-04
-1.0418828504148582e-04
-1.0381827469383344e-04
-1.0341449981629899e-04
-1.0295270537772803e-04
-1.0249540335968886e-04
-1.0201066094562529e-04
-1.0148489777515547e-04
-1.0097568365409230e-04
-1.0045586730661552e-04
-9.9868795955828388e-05
-9.9321139260194935e-05
-9.8770755051209318e-05
-9.8168569301420187e-05
-9.7609207335149883e-05
-9.7053907538107470e-05
-9.6409313304514593e-05
-9.5850600343065772e-05
-9.5273657758409907e-05
-9.4648167253951214e-05
-9.4090434023096762e-05
-9.3498652235962158e-05
-9.2876371526868931e-05
-9.2315241298130226e-05
-9.1703970507554718e-05
-9.1116342673220664e-05
-9.0565150312948541e-05
-8.9928058779623947e-05
-8.9368386131605072e-05
-8.8805769564975575e-05
-8.8158666027857356e-05
-8.7639284154049254e-05
-8.7048429701576578e-05
-8.6448631284163503e-05
-8.5928555088562078e-05
-8.5288359717091238e-05
-8.4751920238699833e-05
-8.4208374776977238e-05
-8.3591774267729554e-05
-8.3081159330142571e-05
-8.2487303019136582e-05
-8.1924140857251803e-05
-8.1408088937676523e-05
-8.0799921724089438e-05
-8.0293169688504023e-05
-7.9720008002613453e-05
-7.9178069622935936e-05
-7.8641403589176667e-05
-7.8073086702628309e-05
-7.7571814686386271e-05
-7.6982003344837485e-05
-7.6489787198925259e-05
-7.5936577347632335e-05
-7.5391202508166239e-05
-7.4907961753798989e-05
-7.4308070790543262e-05
-7.3847997461314133e-05
-7.3275493025501181e-05
-7.2780198026434122e-05
-7.2256107253333650e-05
-7.1728544467575641e-05
-7.1224315073519976e-05
-7.0691603918201801e-05
-7.0214415709257777e-05
-6.9651915469467297e-05
-6.9201318015205048e-05
-6.8639654984982272e-05
-6.8170252232707979e-05
-6.7646583816074703e-05
-6.7148631162172319e-05
-6.6652716301682016e-05
-6.6148907164798295e-05
-6.5660282962384743e-05
-6.5153918399336484e-05
-6.4675916817453824e-05
-6.4150773869475514e-05
-6.3706150346820473e-05
-6.3159319668753798e-05
-6.2729560989091093e-05
-6.2189668727226125e-05
-6.1753374764969969e-05
-6.1221882654953713e-05
-6.0786248860611213e-05
-6.0247914376786751e-05
-5.9829472521868333e-05
-5.9284820350959679e-05
-5.8868532754232297e-05
-5.8335763800981464e-05
-5.7910487610693203e-05
-5.7386345548031055e-05
-5.6956728109330181e-05
-5.6433102316321167e-05
-5.6012988655496044e-05
-5.5487940375814916e-05
-5.5059996538364235e-05
-5.4560696702968035e-05
-5.4107564384884228e-05
-5.3635271444892507e-05
-5.3163955378378947e-05
-5.2699542766313568e-05
-5.2225492033500012e-05
-5.1769063362223094e-05
-5.1284811848876658e-05
-5.0849978287091195e-05
-5.0340670267120881e-05
-4.9921222836042294e-05
-4.9411847691744149e-05
-4.8979701139886127e-05
-4.8496831514169109e-05
-4.8032286753689902e-05
-4.7584899990367276e-05
-4.7087796932218816e-05
-4.6665869755749425e-05
-4.6151609835072312e-05
-4.5718575617995921e-05
-4.5239330835879246e-05
-4.4776472591637210e-05
-4.4321737236976035e-05
-4.3834248542062921e-05
-4.3402646742057568e-05
-4.2891207555244232e-05
-4.2451187969280559e-05
-4.1972002298539869e-05
-4.1498487521589642e-05
-4.1052130465810091e-05
-4.0541381816370930e-05
-4.0094732028375700e-05
-3.9615632178816409e-05
-3.9134037544291571e-05
-3.8681927703660072e-05
-3.8165069490879798e-05
0.0000000000000000e+00
];
