%Vec Object:dSdr_b_aug_6400 1 MPI processes
%  type: seq
dSdr_b_aug_6400 = [
2.3127738532150192e+03
0.0000000000000000e+00
-8.1012528894906137e-07
-3.3388294652226391e-07
-2.0696052522114661e-07
-1.4655989426206479e-07
-1.0960181064363635e-07
-8.6754059165488744e-08
-7.1269910681667069e-08
-5.9634324548112903e-08
-5.0995187289843932e-08
-4.4372503081740572e-08
-3.8985188848954648e-08
-3.4622223341790843e-08
-3.1045455359072487e-08
-2.8030824799474735e-08
-2.5456368744149442e-08
-2.3260010256427308e-08
-3.5728528234039780e-08
-2.6443369476503419e-04
-7.5094522897321207e-04
-7.1341362596340869e-04
-6.7488099108758937e-04
-6.3648344048301408e-04
-5.9386257858653872e-04
-5.5272308288939183e-04
-5.1328184674505925e-04
-4.7344791257317506e-04
-4.3257610438036926e-04
-3.8889298142589786e-04
-3.5045187088191020e-04
-3.1350482070182674e-04
-2.7862521803402514e-04
-2.4183838037175929e-04
-2.1191601426449164e-04
-1.8587198011670757e-04
-1.6309079189035671e-04
-1.4157627603695447e-04
-1.2528096197044467e-04
-1.1292222171824844e-04
-1.0316704349909019e-04
-9.5305068369591641e-05
-9.0408824110025209e-05
-8.7427015674611079e-05
-8.5802878455777592e-05
-8.5429984059306357e-05
-8.5927072903709320e-05
-8.6938514167363051e-05
-8.8393860371663757e-05
-9.0355504587615924e-05
-9.2081847219662279e-05
-9.3890985847400646e-05
-9.5733522508929339e-05
-9.7507678434216304e-05
-9.8994734400851690e-05
-1.0032686331836061e-04
-1.0160684486468717e-04
-1.0263995719087571e-04
-1.0348861526211660e-04
-1.0417481850852751e-04
-1.0479324826956679e-04
-1.0520094114565227e-04
-1.0544813253924745e-04
-1.0564791508332212e-04
-1.0574423570442975e-04
-1.0570714088427248e-04
-1.0561012286849904e-04
-1.0545417149516502e-04
-1.0520861305371482e-04
-1.0490713335979603e-04
-1.0458739285020901e-04
-1.0421428556198354e-04
-1.0380740009200830e-04
-1.0334191877132702e-04
-1.0288143857920920e-04
-1.0239353719696502e-04
-1.0186402944259509e-04
-1.0135165339828508e-04
-1.0082868705257623e-04
-1.0023777902860554e-04
-9.9686951260183424e-05
-9.9133361119095972e-05
-9.8527447141683543e-05
-9.7964931591260947e-05
-9.7406455439901405e-05
-9.6758098562325928e-05
-9.6196244699313396e-05
-9.5616085180737613e-05
-9.4986987747201293e-05
-9.4426165718153874e-05
-9.3831116370824831e-05
-9.3205314073830758e-05
-9.2641121606949577e-05
-9.2026491832671191e-05
-9.1435559497462433e-05
-9.0881357451133850e-05
-9.0240797764653183e-05
-8.9677952709656624e-05
-8.9112318565598918e-05
-8.8461681869122288e-05
-8.7939325473170414e-05
-8.7345341507502288e-05
-8.6742216566189410e-05
-8.6219206244366470e-05
-8.5575619187474236e-05
-8.5036142789125024e-05
-8.4489595848515964e-05
-8.3869665787732433e-05
-8.3356171421057951e-05
-8.2759044397248232e-05
-8.2192803471565866e-05
-8.1673857493120566e-05
-8.1062315929206926e-05
-8.0552776672585956e-05
-7.9976384444436295e-05
-7.9431455147460959e-05
-7.8891821743695998e-05
-7.8320295445953911e-05
-7.7816230726740124e-05
-7.7223149167122599e-05
-7.6728081848573208e-05
-7.6171836746290962e-05
-7.5623385888976539e-05
-7.5137302565961539e-05
-7.4534162370785330e-05
-7.4071362314758968e-05
-7.3495620439494323e-05
-7.2997559649292667e-05
-7.2470345622306358e-05
-7.1939835475172217e-05
-7.1432691362758075e-05
-7.0896866083095236e-05
-7.0416937783164326e-05
-6.9851162901190563e-05
-6.9397899953802439e-05
-6.8832989685403624e-05
-6.8360811753952620e-05
-6.7834063335031245e-05
-6.7333198190580945e-05
-6.6834321356160396e-05
-6.6327511718342115e-05
-6.5836015364037135e-05
-6.5326548095304634e-05
-6.4845729737092171e-05
-6.4317430926320792e-05
-6.3870025748573585e-05
-6.3320007268905865e-05
-6.2887493565508962e-05
-6.2344379407648458e-05
-6.1905400689403638e-05
-6.1370573523019092e-05
-6.0932278562157836e-05
-6.0390593278659520e-05
-5.9969501173730732e-05
-5.9421476785819531e-05
-5.9002519605266727e-05
-5.8466411716531587e-05
-5.8038434361349835e-05
-5.7510954531567459e-05
-5.7078571898334345e-05
-5.6551639711950866e-05
-5.6128699754362577e-05
-5.5600386381101928e-05
-5.5169565674150431e-05
-5.4667011361376633e-05
-5.4210946741481013e-05
-5.3735445863517486e-05
-5.3261091427298773e-05
-5.2793535223098908e-05
-5.2316329549918907e-05
-5.1856836866146286e-05
-5.1369305697021308e-05
-5.0931509297682272e-05
-5.0418754720670885e-05
-4.9996405688800750e-05
-4.9483576424392803e-05
-4.9048424781365954e-05
-4.8562203018213806e-05
-4.8094471117162396e-05
-4.7643861917852416e-05
-4.7143379896100044e-05
-4.6718385087538357e-05
-4.6200523921140994e-05
-4.5764429220134157e-05
-4.5281671806104930e-05
-4.4815554923155215e-05
-4.4357491209297971e-05
-4.3866486913980344e-05
-4.3431713195005736e-05
-4.2916541498375450e-05
-4.2473279448426515e-05
-4.1990574730728459e-05
-4.1513541003464928e-05
-4.1063869690321485e-05
-4.0549291138690793e-05
-4.0099301194101008e-05
-3.9616584636344471e-05
-3.9131301540350749e-05
-3.8675787974750511e-05
-3.8154778608360973e-05
0.0000000000000000e+00
];
