%Vec Object:dSdr_b_aug_5480 1 MPI processes
%  type: seq
dSdr_b_aug_5480 = [
2.3241219216505228e+03
0.0000000000000000e+00
-8.7584053529009176e-07
-3.6183606872336751e-07
-2.2476523380202451e-07
-1.5960874766113660e-07
-1.1978904877159861e-07
-9.5170413652787660e-08
-7.8483168596059311e-08
-6.5921113996369195e-08
-5.6592204665730694e-08
-4.9440550376901287e-08
-4.3615745219959706e-08
-3.8896524051534353e-08
-3.5027289858115456e-08
-3.1764123729645922e-08
-2.8975312670836284e-08
-2.6595694847248839e-08
-2.4604550838484743e-08
-5.4888459899008108e-06
-7.1470668231098805e-04
-7.1912044874906510e-04
-6.8063497892108639e-04
-6.4194351153663734e-04
-5.9899439008170765e-04
-5.5754688192941699e-04
-5.1781684541400501e-04
-4.7769505730991581e-04
-4.3653324347636929e-04
-3.9254843840138561e-04
-3.5384334301520918e-04
-3.1664685901008346e-04
-2.8153498227120204e-04
-2.4450580016782285e-04
-2.1438756147841876e-04
-1.8817420048349338e-04
-1.6524535413978855e-04
-1.4359114283666360e-04
-1.2718992622365156e-04
-1.1475040569691704e-04
-1.0492972753304632e-04
-9.7013398449409088e-05
-9.2081149741582715e-05
-8.9074559758588678e-05
-8.7433509907949429e-05
-8.7050370059063025e-05
-8.7542397599932643e-05
-8.8551628724991462e-05
-9.0007160997511798e-05
-9.1970124061973533e-05
-9.3697415695284328e-05
-9.5508036353101526e-05
-9.7351351839803640e-05
-9.9125268169172331e-05
-1.0061132019618386e-04
-1.0194122224687294e-04
-1.0321740638479082e-04
-1.0424615847669247e-04
-1.0508973457351307e-04
-1.0576950161611729e-04
-1.0638038491207448e-04
-1.0678040014616660e-04
-1.0701905230153641e-04
-1.0720857704205565e-04
-1.0729550172125988e-04
-1.0724843053145799e-04
-1.0714034881299659e-04
-1.0697298856559473e-04
-1.0671636417524825e-04
-1.0640319064518465e-04
-1.0607098884681882e-04
-1.0568636934790568e-04
-1.0526792092003648e-04
-1.0478873441229985e-04
-1.0431644004380796e-04
-1.0381679587921229e-04
-1.0327336844612920e-04
-1.0274923863585473e-04
-1.0221456285337694e-04
-1.0160939283020108e-04
-1.0104677728574646e-04
-1.0048126978743521e-04
-9.9861496934592839e-05
-9.9287258619506859e-05
-9.8716975060560676e-05
-9.8054631373523742e-05
-9.7481101891476753e-05
-9.6888984120687677e-05
-9.6246478714065702e-05
-9.5674174749522625e-05
-9.5066978958943506e-05
-9.4428085926612801e-05
-9.3852510256283415e-05
-9.3225394192562275e-05
-9.2622178095952816e-05
-9.2056788197380032e-05
-9.1403336408637714e-05
-9.0828698622734795e-05
-9.0251847292634248e-05
-8.9588076848253222e-05
-8.9054663315044484e-05
-8.8449046074004847e-05
-8.7833555520162407e-05
-8.7299638237812744e-05
-8.6643443345145959e-05
-8.6092677873777213e-05
-8.5534973604497829e-05
-8.4902666677709438e-05
-8.4378468676015854e-05
-8.3769183506435949e-05
-8.3191497963589875e-05
-8.2661793967696087e-05
-8.2037709009425783e-05
-8.1517808882131468e-05
-8.0929407834725054e-05
-8.0373360471712915e-05
-7.9822696533966188e-05
-7.9239239968061038e-05
-7.8724794001732310e-05
-7.8119556138448866e-05
-7.7613890225226479e-05
-7.7046362258358748e-05
-7.6486476994927225e-05
-7.5989827061911789e-05
-7.5374608576469032e-05
-7.4901672527804273e-05
-7.4313896199046457e-05
-7.3805554204245486e-05
-7.3266730184186321e-05
-7.2725263886252767e-05
-7.2207284966726751e-05
-7.1659883632769900e-05
-7.1169769665777098e-05
-7.0591822041349395e-05
-7.0128650729128937e-05
-6.9551669588026246e-05
-6.9069175559695727e-05
-6.8530977932089443e-05
-6.8019286267942525e-05
-6.7509398970966487e-05
-6.6991435656001166e-05
-6.6489262734948171e-05
-6.5968261867595577e-05
-6.5476972791347687e-05
-6.4936942784739928e-05
-6.4479197446660913e-05
-6.3917329048809255e-05
-6.3474574184217244e-05
-6.2919483372906492e-05
-6.2470524701857487e-05
-6.1923300236848116e-05
-6.1475113015684637e-05
-6.0920971915746295e-05
-6.0490028134711912e-05
-5.9929468321357519e-05
-5.9500587600844524e-05
-5.8952068009087545e-05
-5.8514049724725608e-05
-5.7974162541894052e-05
-5.7531500970897289e-05
-5.6992278064776824e-05
-5.6558832044169603e-05
-5.6018381484139415e-05
-5.5576866732087324e-05
-5.5062214707541143e-05
-5.4595249998887641e-05
-5.4107824423556531e-05
-5.3622175631269845e-05
-5.3142933939297948e-05
-5.2654000604991285e-05
-5.2183118276242328e-05
-5.1683395870272753e-05
-5.1234585950554398e-05
-5.0709019752757229e-05
-5.0275884872824843e-05
-4.9750215918415251e-05
-4.9303893776501816e-05
-4.8805211480699520e-05
-4.8325632423902041e-05
-4.7863044910143095e-05
-4.7350002773642141e-05
-4.6913605217414782e-05
-4.6382357797276925e-05
-4.5934887097599511e-05
-4.5439073049403830e-05
-4.4960843848830388e-05
-4.4490408843397650e-05
-4.3986337490922763e-05
-4.3539774612346398e-05
-4.3010730366873083e-05
-4.2555418056967159e-05
-4.2059635916065430e-05
-4.1569526587524461e-05
-4.1107542898201063e-05
-4.0578739181258381e-05
-4.0116351947028934e-05
-3.9620225597453387e-05
-3.9121304965677793e-05
-3.8653345528566904e-05
-3.8118004949359597e-05
0.0000000000000000e+00
];
