%Vec Object:dSdr_b_aug_300 1 MPI processes
%  type: seq
dSdr_b_aug_300 = [
2.5632245179668616e+03
0.0000000000000000e+00
-5.1443559885967384e-06
-2.0773215925125798e-06
-1.2461656768302952e-06
-8.6743827863891821e-07
-6.5110686363425331e-07
-5.1775253888248036e-07
-4.2738652802546242e-07
-3.5839426948621380e-07
-3.0720229916810584e-07
-2.6799683597035774e-07
-2.3597543560101004e-07
-2.1002981836800708e-07
-1.8876803702675972e-07
-1.7083460500122230e-07
-1.5550546211851989e-07
-1.4243025776450803e-07
-1.3112758278799131e-07
-1.2115293963232033e-07
-1.1241601868947402e-07
-1.0471194140590805e-07
-9.7785953459966023e-08
-9.1594819228428466e-08
-8.6040899389126354e-08
-8.1000932375098644e-08
-7.6417825504423357e-08
-7.2252480598441825e-08
-6.8441507798282280e-08
-6.4932163267389638e-08
-6.1710139886359657e-08
-5.8754493650742901e-08
-5.6443398015812946e-08
-6.3622333009441455e-08
-2.3429288718847251e-07
-2.0850747764288046e-06
-1.3574343846383192e-05
-4.9781141854551932e-05
-9.3011183889969164e-05
-1.1385254757703639e-04
-1.1847190657949593e-04
-1.1686887800083292e-04
-1.1480595531927900e-04
-1.1316099579926036e-04
-1.1219377723068037e-04
-1.1217708237864744e-04
-1.1289469696186326e-04
-1.1404955893574206e-04
-1.1561613892136817e-04
-1.1766466523588752e-04
-1.1944599881157097e-04
-1.2130358918087428e-04
-1.2317320196521180e-04
-1.2495146226104811e-04
-1.2642628475472315e-04
-1.2772343147701123e-04
-1.2894058451088495e-04
-1.2990062720061982e-04
-1.3066356739540799e-04
-1.3124083685709677e-04
-1.3173135560557331e-04
-1.3200883551988665e-04
-1.3211114705710924e-04
-1.3213685609093922e-04
-1.3207371752935334e-04
-1.3186730410628630e-04
-1.3158250783091918e-04
-1.3123291711152762e-04
-1.3079953833768866e-04
-1.3029958046624086e-04
-1.2976833545928757e-04
-1.2919983203434158e-04
-1.2859668898607349e-04
-1.2789859024255041e-04
-1.2723758850609148e-04
-1.2655037734988418e-04
-1.2578461164259092e-04
-1.2507273944043363e-04
-1.2435102935649732e-04
-1.2351805329168279e-04
-1.2276715219501866e-04
-1.2201128938604653e-04
-1.2117014961538854e-04
-1.2040866424174610e-04
-1.1964978165480629e-04
-1.1876402764601248e-04
-1.1800400422058049e-04
-1.1722087806328788e-04
-1.1636420807606530e-04
-1.1560850390991188e-04
-1.1480729383568037e-04
-1.1395930347399710e-04
-1.1320190468727358e-04
-1.1237534606732471e-04
-1.1157592238224331e-04
-1.1083182973275452e-04
-1.0997245343223818e-04
-1.0920945126656354e-04
-1.0845342868006501e-04
-1.0757987398500312e-04
-1.0686984565472711e-04
-1.0607841147571355e-04
-1.0526540688514709e-04
-1.0455727444336801e-04
-1.0369969653758905e-04
-1.0296861249362732e-04
-1.0223269400162161e-04
-1.0140269334868941e-04
-1.0070752793954939e-04
-9.9904042658653205e-05
-9.9143554123137304e-05
-9.8442014117521283e-05
-9.7617575564548534e-05
-9.6932183036134981e-05
-9.6151967126025431e-05
-9.5418332807729319e-05
-9.4691480071130112e-05
-9.3917463382498566e-05
-9.3237199631641854e-05
-9.2437791251823119e-05
-9.1762835926945848e-05
-9.1015088818928810e-05
-9.0272563880750353e-05
-8.9607135489879242e-05
-8.8798992706276257e-05
-8.8164156446441188e-05
-8.7384156069207243e-05
-8.6711594474829610e-05
-8.5987326310680369e-05
-8.5270859646552254e-05
-8.4579818598454272e-05
-8.3847515325597338e-05
-8.3194707932978193e-05
-8.2422327627928644e-05
-8.1800892279195513e-05
-8.1031105697123380e-05
-8.0383835071637795e-05
-7.9662761854418376e-05
-7.8978140782467567e-05
-7.8292386034618499e-05
-7.7596267781936091e-05
-7.6923560807773181e-05
-7.6218336692134969e-05
-7.5559801690857579e-05
-7.4832392394026727e-05
-7.4209486655562522e-05
-7.3458342807787555e-05
-7.2852009014158655e-05
-7.2105618615861148e-05
-7.1497253470981600e-05
-7.0752010720922593e-05
-7.0145817957563715e-05
-6.9392724135690405e-05
-6.8804423319128788e-05
-6.8043639597305402e-05
-6.7456254413890385e-05
-6.6709487508987783e-05
-6.6111090123169660e-05
-6.5373025541646840e-05
-6.4766183660390806e-05
-6.4030646851018152e-05
-6.3429393235908088e-05
-6.2695081770239988e-05
-6.2082757501976462e-05
-6.1374875845166790e-05
-6.0733811377933322e-05
-6.0055920619372219e-05
-5.9389875548496467e-05
-5.8723990691245924e-05
-5.8047741268424791e-05
-5.7394942694475053e-05
-5.6700501253135769e-05
-5.6075784724628418e-05
-5.5345592398160216e-05
-5.4740189919471142e-05
-5.4009449360465332e-05
-5.3384718957867364e-05
-5.2687025074421901e-05
-5.2018234200663239e-05
-5.1364342731780339e-05
-5.0650707262419215e-05
-5.0032206710517984e-05
-4.9287179551652149e-05
-4.8658044483815883e-05
-4.7953729637899388e-05
-4.7282092842758145e-05
-4.6614126368440700e-05
-4.5901427151128839e-05
-4.5266669704191371e-05
-4.4516184705512629e-05
-4.3868580593755467e-05
-4.3164162983849401e-05
-4.2465541907451191e-05
-4.1807387433985347e-05
-4.1052120673047211e-05
-4.0392942269055888e-05
-3.9684859231982840e-05
-3.8972874536163842e-05
-3.8319528240361287e-05
-3.7626643252700070e-05
0.0000000000000000e+00
];
