%Vec Object:dSdr_b_aug_8910 1 MPI processes
%  type: seq
dSdr_b_aug_8910 = [
2.2800099504154286e+03
0.0000000000000000e+00
-6.5753514562794328e-07
-2.7223149351091530e-07
-1.6972713748624235e-07
-1.2075454824177195e-07
-9.0559501451631907e-08
-7.1884788977683342e-08
-5.9226809313593481e-08
-4.9718526862457078e-08
-4.2656886085407026e-08
-3.7242618279911152e-08
-3.2835880073656303e-08
-2.9265947921729539e-08
-2.6338868748924025e-08
-2.3870695507931623e-08
-2.1763673355124036e-08
-8.6159402606963423e-07
-7.3088907651871235e-04
-7.8104959129028922e-04
-7.3934102070105070e-04
-7.0064670278103939e-04
-6.6274137354717301e-04
-6.2497304634266692e-04
-5.8304435965267191e-04
-5.4255418021551265e-04
-5.0372175551848886e-04
-4.6449463751300368e-04
-4.2423418145664968e-04
-3.8118702550767790e-04
-3.4330241346770173e-04
-3.0688118724557967e-04
-2.7249123458571682e-04
-2.3621527601839717e-04
-2.0670582306280900e-04
-1.8101874184014191e-04
-1.5854882765957776e-04
-1.3732879998992287e-04
-1.2125673624397481e-04
-1.0906828674284535e-04
-9.9451187216614695e-05
-9.1703794211883907e-05
-8.6883449957756209e-05
-8.3953882810449987e-05
-8.2365398610136179e-05
-8.2014101948674022e-05
-8.2521859852332312e-05
-8.3537959746141159e-05
-8.4992913236643576e-05
-8.6951776784361865e-05
-8.8676118448063453e-05
-9.0482132704139661e-05
-9.2323027444376040e-05
-9.4097688358812446e-05
-9.5586860613064417e-05
-9.6923683840750214e-05
-9.8211670513976345e-05
-9.9253974449489625e-05
-1.0011334561386584e-04
-1.0081311676831966e-04
-1.0144745494912821e-04
-1.0187133277918535e-04
-1.0213652543547949e-04
-1.0235793210050704e-04
-1.0247405998065800e-04
-1.0245799600459535e-04
-1.0238430100898384e-04
-1.0225240030299812e-04
-1.0203016962076054e-04
-1.0175334131793718e-04
-1.0145987004447050e-04
-1.0111103127105930e-04
-1.0072852129586641e-04
-1.0029193143983992e-04
-9.9856356330862143e-05
-9.9393209529272989e-05
-9.8893045406073368e-05
-9.8405447098458615e-05
-9.7907165041256170e-05
-9.7346322286559242e-05
-9.6820343952819417e-05
-9.6291876413314117e-05
-9.5715177894201446e-05
-9.5177374731938134e-05
-9.4643789402488372e-05
-9.4024917678943895e-05
-9.3487676819440223e-05
-9.2932726115431844e-05
-9.2331893609871627e-05
-9.1795276287363049e-05
-9.1225832475858411e-05
-9.0627626348787111e-05
-9.0087430455649146e-05
-8.9499122637955392e-05
-8.8934085316318842e-05
-8.8403468030849849e-05
-8.7790085783806204e-05
-8.7252100616738801e-05
-8.6710113072225873e-05
-8.6087163222015362e-05
-8.5588116032030712e-05
-8.5018655823352511e-05
-8.4441598468270899e-05
-8.3941580792503190e-05
-8.3324571946113453e-05
-8.2808893714309979e-05
-8.2285867214318574e-05
-8.1692028464600539e-05
-8.1201098121240649e-05
-8.0629601331592732e-05
-8.0087486472278958e-05
-7.9591219160269282e-05
-7.9006119962723263e-05
-7.8518422160290052e-05
-7.7967345377635380e-05
-7.7445853756556081e-05
-7.6929473505491850e-05
-7.6383097063533565e-05
-7.5900916755889980e-05
-7.5333461551915047e-05
-7.4860736829846240e-05
-7.4328276813703778e-05
-7.3803930503235320e-05
-7.3340122352629465e-05
-7.2762444058758262e-05
-7.2321011404995466e-05
-7.1770639021414491e-05
-7.1294251752269204e-05
-7.0791512426110218e-05
-7.0284098635637045e-05
-6.9799795079720446e-05
-6.9288372958511342e-05
-6.8829916784411476e-05
-6.8289802923585756e-05
-6.7857427531624629e-05
-6.7317963538237037e-05
-6.6867532692450800e-05
-6.6364920039801685e-05
-6.5886877991049695e-05
-6.5411212018197203e-05
-6.4927915150045557e-05
-6.4458925785006380e-05
-6.3973772190490592e-05
-6.3515026881767446e-05
-6.3011458298237383e-05
-6.2585850949153262e-05
-6.2060812976688653e-05
-6.1649888409582979e-05
-6.1132021930965572e-05
-6.0714081709259870e-05
-6.0205388977440742e-05
-5.9787947657641082e-05
-5.9272520175589036e-05
-5.8872196164640089e-05
-5.8350597407928128e-05
-5.7952559824112106e-05
-5.7442616760573782e-05
-5.7035806477358431e-05
-5.6534482313923790e-05
-5.6123768503635537e-05
-5.5622746126057928e-05
-5.5221953801723514e-05
-5.4719226595484159e-05
-5.4310949819034391e-05
-5.3833898476305045e-05
-5.3400812163757610e-05
-5.2950449552758727e-05
-5.2499904594202469e-05
-5.2056982416104783e-05
-5.1604499691539058e-05
-5.1169017414112447e-05
-5.0707186486633326e-05
-5.0292607644023076e-05
-4.9806861177744991e-05
-4.9407249815501262e-05
-4.8921487906635200e-05
-4.8509884888305757e-05
-4.8049931286709764e-05
-4.7607174566646627e-05
-4.7181817111761196e-05
-4.6707813401983896e-05
-4.6306857193205753e-05
-4.5817216133641073e-05
-4.5405103930745767e-05
-4.4949872114005618e-05
-4.4509290390149464e-05
-4.4077308088225672e-05
-4.3613852350940361e-05
-4.3203933837296363e-05
-4.2718010056162656e-05
-4.2300155459227886e-05
-4.1845025093329795e-05
-4.1395564230863108e-05
-4.0971860587917238e-05
-4.0487288437596060e-05
-4.0063463412400771e-05
-3.9609071092624077e-05
-3.9152654819620911e-05
-3.8723709317381627e-05
-3.8234671273471725e-05
0.0000000000000000e+00
];
