%Vec Object:dSdr_b_aug_6420 1 MPI processes
%  type: seq
dSdr_b_aug_6420 = [
2.3122472583547355e+03
0.0000000000000000e+00
-8.0707485148688715e-07
-3.3251431648910392e-07
-2.0604275425936604e-07
-1.4585483009580911e-07
-1.0902841711218416e-07
-8.6262363609735848e-08
-7.0833845691158812e-08
-5.9241994307987155e-08
-5.0635504455505571e-08
-4.4037841758582378e-08
-3.8671572789577412e-08
-3.4325821085489558e-08
-3.0763176402430633e-08
-2.7760633520767398e-08
-2.5196694176422265e-08
-2.3009334524787404e-08
-3.9889721974992318e-08
-2.9146708565223390e-04
-7.5093003065290894e-04
-7.1329713816010315e-04
-6.7476942845399286e-04
-6.3637764957206273e-04
-5.9376314917931525e-04
-5.5262962128676228e-04
-5.1319398067579210e-04
-4.7336562369776586e-04
-4.3249943438724599e-04
-3.8882215654622844e-04
-3.5038616072825081e-04
-3.1344394334641612e-04
-2.7856884100485970e-04
-2.4178669878109789e-04
-2.1186812771723274e-04
-1.8582737428726880e-04
-1.6304904694538399e-04
-1.4153723769816585e-04
-1.2524397549916230e-04
-1.1288680036986370e-04
-1.0313289121692528e-04
-9.5271969199960051e-05
-9.0376422531739730e-05
-8.7395094244311708e-05
-8.5771284713426151e-05
-8.5398588844990168e-05
-8.5895775754388993e-05
-8.6907259841730367e-05
-8.8362602443248586e-05
-9.0324221108864736e-05
-9.2050545356102076e-05
-9.3859655273631021e-05
-9.5702176849658398e-05
-9.7476337421110732e-05
-9.8963412842783242e-05
-1.0029558490934382e-04
-1.0157564003387523e-04
-1.0260883684280729e-04
-1.0345759338034364e-04
-1.0414392133115095e-04
-1.0476249730784349e-04
-1.0517033894097462e-04
-1.0541769578494894e-04
-1.0561767707664085e-04
-1.0571417974662294e-04
-1.0567727822105212e-04
-1.0558047456694339e-04
-1.0542474424292964e-04
-1.0517940020649542e-04
-1.0487814708290444e-04
-1.0455864801303223e-04
-1.0418576377600020e-04
-1.0377910234039828e-04
-1.0331388655989592e-04
-1.0285363526943352e-04
-1.0236596140553834e-04
-1.0183672334701195e-04
-1.0132457503378392e-04
-1.0080183556024395e-04
-1.0021120386449421e-04
-9.9660604486004890e-05
-9.9107245245465549e-05
-9.8501599785637400e-05
-9.7939311365466232e-05
-9.7381063984298039e-05
-9.6732978102959203e-05
-9.6171350456681007e-05
-9.5591422630859237e-05
-9.4962584978499061e-05
-9.4401985413491955e-05
-9.3807171405074248e-05
-9.3181622742697566e-05
-9.2617650826867535e-05
-9.2003262975993541e-05
-9.1412568640177424e-05
-9.0858583359904087e-05
-9.0218273459434956e-05
-8.9655656890043358e-05
-8.9090240080344062e-05
-8.8439857851741924e-05
-8.7917715689174799e-05
-8.7323957119096778e-05
-8.6721071761954003e-05
-8.6198272762801986e-05
-8.5554929983141346e-05
-8.5015672310893221e-05
-8.4469341543808013e-05
-8.3849651285154906e-05
-8.3336364301631155e-05
-8.2739472842203443e-05
-8.2173453656209699e-05
-8.1654716114526064e-05
-8.1043417579155353e-05
-8.0534079064504982e-05
-7.9957919507428444e-05
-7.9413205623096465e-05
-7.8873785936012196e-05
-7.8302490787345291e-05
-7.7798627204784111e-05
-7.7205781173640209e-05
-7.6710919202820687e-05
-7.6154892706012861e-05
-7.5606663390272329e-05
-7.5120784795198973e-05
-7.4517878616827763e-05
-7.4055274945435487e-05
-7.3479766237572109e-05
-7.2981904645413957e-05
-7.2454915561810565e-05
-7.1924617689771346e-05
-7.1417683501370950e-05
-7.0882082507391358e-05
-7.0402351554248204e-05
-6.9836812518728406e-05
-6.9383741545282884e-05
-6.8819065149492144e-05
-6.8347087091701175e-05
-6.7820560500492236e-05
-6.7319905119039652e-05
-6.6821241611461310e-05
-6.6314648075197012e-05
-6.5823358578318808e-05
-6.5314114771985879e-05
-6.4833499282698553e-05
-6.4305427762590095e-05
-6.3858222924022013e-05
-6.3308434035042768e-05
-6.2876118752489490e-05
-6.2333236640585004e-05
-6.1894451281981891e-05
-6.1359864311311127e-05
-6.0921761010747896e-05
-6.0380317056416076e-05
-5.9959415825129802e-05
-5.9411634308427049e-05
-5.8992869393479958e-05
-5.8457001978382620e-05
-5.8029219162744176e-05
-5.7501979721801845e-05
-5.7069796238977366e-05
-5.6543102181022219e-05
-5.6120365773746311e-05
-5.5592287553438864e-05
-5.5161674038134846e-05
-5.4659354112598422e-05
-5.4203500675423215e-05
-5.3728230831441219e-05
-5.3254095215633184e-05
-5.2786765409329849e-05
-5.2309786950315009e-05
-5.1850514930713364e-05
-5.1363219955563003e-05
-5.0925636930744317e-05
-5.0413130565063684e-05
-4.9990990493646691e-05
-4.9478409981004620e-05
-4.9043474747127730e-05
-4.8557494385033288e-05
-4.8089991997963238e-05
-4.7639614850479323e-05
-4.7139376148670653e-05
-4.6714602231341531e-05
-4.6197000380300417e-05
-4.5761126038759668e-05
-4.5278621537126063e-05
-4.4812739258714883e-05
-4.4354915152047183e-05
-4.3864163924428561e-05
-4.3429618488024515e-05
-4.2914715402895435e-05
-4.2471686607703134e-05
-4.1989234971833651e-05
-4.1512454179351495e-05
-4.1063020835802664e-05
-4.0548717007906978e-05
-4.0098965809277248e-05
-3.9616506427519544e-05
-3.9131481936148604e-05
-3.8676193684804693e-05
-3.8155377741224608e-05
0.0000000000000000e+00
];
