%Vec Object:dSdr_b_aug_9070 1 MPI processes
%  type: seq
dSdr_b_aug_9070 = [
2.2787320607545626e+03
0.0000000000000000e+00
-6.5253613329215817e-07
-2.7029129828142031e-07
-1.6860765082267294e-07
-1.2001906311126702e-07
-9.0048667111255433e-08
-7.1512192340219022e-08
-5.8947547497837140e-08
-4.9508308935371034e-08
-4.2497668921820353e-08
-3.7122396862253521e-08
-3.2746809036083912e-08
-2.9201902836337215e-08
-2.6295263309574921e-08
-2.3844114062407784e-08
-2.1753115651041216e-08
-1.5784154910179933e-06
-7.6249014278496864e-04
-7.8037403181544028e-04
-7.3859211082858344e-04
-6.9993449703106630e-04
-6.6206507249041058e-04
-6.2433181196637608e-04
-5.8244168601968567e-04
-5.4198767944071979e-04
-5.0318917110738501e-04
-4.6399585831088025e-04
-4.2376946015945167e-04
-3.8075773339007254e-04
-3.4290412340713634e-04
-3.0651219038986674e-04
-2.7214951571539369e-04
-2.3590201778947412e-04
-2.0641556787557170e-04
-1.8074837232399967e-04
-1.5829579894032734e-04
-1.3709217694431937e-04
-1.2103255027063426e-04
-1.0885358750891119e-04
-9.9244180216084745e-05
-9.1503170471088181e-05
-8.6687054527617629e-05
-8.3760397683648718e-05
-8.2173899668452381e-05
-8.1823806190920939e-05
-8.2332158453607762e-05
-8.3348517870584051e-05
-8.4803449478238017e-05
-8.6762158112279190e-05
-8.8486388299199549e-05
-9.0292228494902424e-05
-9.2133031761082717e-05
-9.3907720804306617e-05
-9.5397010951747045e-05
-9.6734095692314437e-05
-9.8022528321405698e-05
-9.9065344310945384e-05
-9.9925312290117204e-05
-1.0062583929885018e-04
-1.0126106372198131e-04
-1.0168584320000649e-04
-1.0195203868941908e-04
-1.0217465001400133e-04
-1.0229188133798542e-04
-1.0227698897074111e-04
-1.0220459327920087e-04
-1.0207403241395868e-04
-1.0185310129995291e-04
-1.0157764630382793e-04
-1.0128563846587254e-04
-1.0093815166956020e-04
-1.0055699963127906e-04
-1.0012201929303278e-04
-9.9687831623967155e-05
-9.9226063877970135e-05
-9.8727534462482238e-05
-9.8241316500531184e-05
-9.7744409583106585e-05
-9.7185241738063390e-05
-9.6660647744311543e-05
-9.6133579762719098e-05
-9.5558508811097404e-05
-9.5022082354155694e-05
-9.4489883670439905e-05
-9.3872654538975901e-05
-9.3336784848222710e-05
-9.2783238505111381e-05
-9.2183980613937512e-05
-9.1648711714357900e-05
-9.1080694364808004e-05
-9.0484025596231579e-05
-8.9945166531171984e-05
-8.9358325086666347e-05
-8.8794730353601508e-05
-8.8265426954508460e-05
-8.7653558738915103e-05
-8.7116958494486753e-05
-8.6576288281370149e-05
-8.5954880841265281e-05
-8.5457132186785300e-05
-8.4889038175659065e-05
-8.4313433023974890e-05
-8.3814696249319667e-05
-8.3199168052798254e-05
-8.2684815596991755e-05
-8.2163099401134085e-05
-8.1570714176571661e-05
-8.1081040856180193e-05
-8.0510971905509997e-05
-7.9970201089282848e-05
-7.9475197186957186e-05
-7.8891571071629710e-05
-7.8405090038534333e-05
-7.7855423558327916e-05
-7.7335237630772255e-05
-7.6820152793620773e-05
-7.6275177429305634e-05
-7.5794216284212423e-05
-7.5228188703328088e-05
-7.4756708668939937e-05
-7.4225573700378153e-05
-7.3702570234396140e-05
-7.3240003015404411e-05
-7.2663743183141633e-05
-7.2223500889943579e-05
-7.1674541819961027e-05
-7.1199361965068277e-05
-7.0697986104524416e-05
-7.0191858993332064e-05
-6.9708827866316953e-05
-6.9198765225271207e-05
-6.8741505246042267e-05
-6.8202820939927374e-05
-6.7771609176997500e-05
-6.7233562775088681e-05
-6.6784343442128011e-05
-6.6283075373727918e-05
-6.5806304781519751e-05
-6.5331931867372114e-05
-6.4849944877032629e-05
-6.4382209358702718e-05
-6.3898410259842988e-05
-6.3440894623553382e-05
-6.2938703741656203e-05
-6.2514310732838743e-05
-6.1990664405078597e-05
-6.1580942552346831e-05
-6.1064482602558133e-05
-6.0647714419776068e-05
-6.0140477617391346e-05
-5.9724198038619337e-05
-5.9210233358941787e-05
-5.8811066323540467e-05
-5.8290939719174003e-05
-5.7894067551326395e-05
-5.7385582111214476e-05
-5.6979951031002510e-05
-5.6480083981187105e-05
-5.6070577326485829e-05
-5.5570998366531229e-05
-5.5171439872442843e-05
-5.4670138054643479e-05
-5.4263117186499442e-05
-5.3787486598099954e-05
-5.3355680393471978e-05
-5.2906718220391260e-05
-5.2457499674576803e-05
-5.2015949844693800e-05
-5.1564844422827726e-05
-5.1130699753715516e-05
-5.0670300574723688e-05
-5.0257015173244758e-05
-4.9772773317856823e-05
-4.9374428664992695e-05
-4.8890174670253536e-05
-4.8479883542104959e-05
-4.8021393335860424e-05
-4.7580027982607491e-05
-4.7156077304355023e-05
-4.6683548705710364e-05
-4.6283931697511863e-05
-4.5795862791895042e-05
-4.5385086675048696e-05
-4.4931388334998002e-05
-4.4492229211559313e-05
-4.4061699953315290e-05
-4.3599779009137410e-05
-4.3191245264794768e-05
-4.2706950996457846e-05
-4.2290512003068635e-05
-4.1836918015821629e-05
-4.1388993537857181e-05
-4.0966736996242599e-05
-4.0483837183817759e-05
-4.0061470935620038e-05
-3.9608658623527208e-05
-3.9153854936356440e-05
-3.8726401984899321e-05
-3.8239211230128824e-05
0.0000000000000000e+00
];
