%Vec Object:dSdr_b_aug_3040 1 MPI processes
%  type: seq
dSdr_b_aug_3040 = [
2.3753941649898857e+03
0.0000000000000000e+00
-1.2381971686647313e-06
-5.0829859108361808e-07
-3.1302739165750271e-07
-2.2087464661095836e-07
-1.6529793386846489e-07
-1.3095904318187872e-07
-1.0768685773500833e-07
-9.0143954338503147e-08
-7.7120677347764066e-08
-6.7139259749327065e-08
-5.9012704289489390e-08
-5.2430709049447273e-08
-4.7035293948897965e-08
-4.2487136370403027e-08
-3.8602315338651854e-08
-3.5288111460330296e-08
-3.2423061046716125e-08
-2.9896251044849232e-08
-2.7696537919661666e-08
-3.3266024891025566e-07
-3.5687762694341241e-04
-6.5739380122886400e-04
-6.1715630893472394e-04
-5.7470058855799535e-04
-5.3394602726759203e-04
-4.9280055479089654e-04
-4.5060730511052024e-04
-4.0554952994788788e-04
-3.6590553922224750e-04
-3.2782191235976603e-04
-2.9188392357892032e-04
-2.5399281285924549e-04
-2.2317792858689029e-04
-1.9636233526034016e-04
-1.7290832415001951e-04
-1.5075726829117973e-04
-1.3397939586425671e-04
-1.2125257007243286e-04
-1.1119893307809812e-04
-1.0308928729764664e-04
-9.8028984260242053e-05
-9.4934255633094048e-05
-9.3233053946228161e-05
-9.2813475356037363e-05
-9.3287502358445644e-05
-9.4288873428852995e-05
-9.5745068015471414e-05
-9.7712722229515168e-05
-9.9443389565102822e-05
-1.0125928117581305e-04
-1.0310536650525016e-04
-1.0487843054366854e-04
-1.0636091180500663e-04
-1.0768289360267470e-04
-1.0894557166545602e-04
-1.0995881592841073e-04
-1.1078431724240449e-04
-1.1144119301985969e-04
-1.1202523627220693e-04
-1.1239794492030083e-04
-1.1260622611805299e-04
-1.1275926761126135e-04
-1.1281277436681105e-04
-1.1273022089218958e-04
-1.1258278965546129e-04
-1.1237485224781219e-04
-1.1207887035656466e-04
-1.1172410619209624e-04
-1.1134758426591534e-04
-1.1092202015420486e-04
-1.1046244662408328e-04
-1.0993451590557215e-04
-1.0942020294365174e-04
-1.0887879410693724e-04
-1.0828585959503184e-04
-1.0771992604723647e-04
-1.0714360418922170e-04
-1.0648770958003094e-04
-1.0588316933585757e-04
-1.0527527626569668e-04
-1.0460621258639359e-04
-1.0399028079181643e-04
-1.0337800270991884e-04
-1.0266591318198577e-04
-1.0205085789908920e-04
-1.0141620910661753e-04
-1.0072601656299618e-04
-1.0011287565681356e-04
-9.9462479518708260e-05
-9.8777027644803472e-05
-9.8160966185185659e-05
-9.7489441067474009e-05
-9.6842536233318890e-05
-9.6237355336086693e-05
-9.5538051168335918e-05
-9.4921471056272312e-05
-9.4304724397658500e-05
-9.3594242130568917e-05
-9.3021502502338977e-05
-9.2374510049722462e-05
-9.1715039626344779e-05
-9.1142330354096416e-05
-9.0441294093765708e-05
-8.9850377600691534e-05
-8.9252990874798410e-05
-8.8576664052650853e-05
-8.8014397212503098e-05
-8.7361870053139133e-05
-8.6743480274659390e-05
-8.6175514021394995e-05
-8.5506816887110640e-05
-8.4950067004269732e-05
-8.4318955063944991e-05
-8.3723364883794767e-05
-8.3133469447275722e-05
-8.2507581364093207e-05
-8.1956213168817179e-05
-8.1307739863466336e-05
-8.0764378696408678e-05
-8.0156721782754953e-05
-7.9556168595484763e-05
-7.9021937164598232e-05
-7.8363760698753793e-05
-7.7854774696021285e-05
-7.7224196296732278e-05
-7.6679287881672428e-05
-7.6099171436936862e-05
-7.5518738185923010e-05
-7.4962223886758503e-05
-7.4373650833151492e-05
-7.3847310233326563e-05
-7.3226068690610390e-05
-7.2727657004124943e-05
-7.2107744255289104e-05
-7.1588559700057304e-05
-7.1009641489082703e-05
-7.0459443912319160e-05
-6.9910396485513163e-05
-6.9352763678481641e-05
-6.8812618167235747e-05
-6.8250596566174070e-05
-6.7722067023443436e-05
-6.7140313500039104e-05
-6.6645792037012632e-05
-6.6041777867113102e-05
-6.5562598976400970e-05
-6.4964911638562867e-05
-6.4480457956965284e-05
-6.3889140882733117e-05
-6.3405770534844230e-05
-6.2807328693423564e-05
-6.2341346122170969e-05
-6.1736202420575967e-05
-6.1272027309354504e-05
-6.0679363855454473e-05
-6.0205633661619138e-05
-5.9621618078041903e-05
-5.9142398079267945e-05
-5.8559461581508773e-05
-5.8088649320831976e-05
-5.7505031214011958e-05
-5.7025481624114061e-05
-5.6467802433689563e-05
-5.5962070047092689e-05
-5.5432232632604905e-05
-5.4906413876707441e-05
-5.4385611098110850e-05
-5.3854966666106803e-05
-5.3343575419249996e-05
-5.2800493111522422e-05
-5.2312511965523025e-05
-5.1741379341555561e-05
-5.1269882924435441e-05
-5.0698547646096631e-05
-5.0212495831321896e-05
-4.9669495644653475e-05
-4.9147780193456819e-05
-4.8642589736996846e-05
-4.8084875327567701e-05
-4.7607921728801608e-05
-4.7029063550494423e-05
-4.6541131678482585e-05
-4.5998878878737571e-05
-4.5477569276409017e-05
-4.4963132498276724e-05
-4.4412584397864764e-05
-4.3924089260515932e-05
-4.3345702184188195e-05
-4.2847527245588604e-05
-4.2305227749804458e-05
-4.1768605297193679e-05
-4.1262819404551168e-05
-4.0683404214596280e-05
-4.0176895163175752e-05
-3.9633021755789131e-05
-3.9085483197332070e-05
-3.8572935413591220e-05
-3.7984896690947223e-05
0.0000000000000000e+00
];
