%Vec Object:dSdr_b_aug_6580 1 MPI processes
%  type: seq
dSdr_b_aug_6580 = [
2.3079513418630918e+03
0.0000000000000000e+00
-7.8502650602312560e-07
-3.2359037619086335e-07
-2.0064489489830287e-07
-1.4210482748172116e-07
-1.0625217133467758e-07
-8.4087063892232459e-08
-6.9065652595173867e-08
-5.7780725561580556e-08
-4.9401910174444423e-08
-4.2978693300082441e-08
-3.7754147377437662e-08
-3.3523078501337136e-08
-3.0054421627238635e-08
-2.7130995778190111e-08
-2.4634516669525434e-08
-2.2505497269151460e-08
-1.8644712949425486e-07
-5.2127003787828764e-04
-7.5065473555002205e-04
-7.1245833606577364e-04
-6.7396753309570834e-04
-6.3561725972601706e-04
-5.9304848409681265e-04
-5.5195785081358934e-04
-5.1256242904287809e-04
-4.7277415909384050e-04
-4.3194835646251904e-04
-3.8831309138719674e-04
-3.4991385854767272e-04
-3.1300637774503003e-04
-2.7816362228590477e-04
-2.4141522936151866e-04
-2.1152393584677394e-04
-1.8550676316168852e-04
-1.6274899894045081e-04
-1.4125664391913232e-04
-1.2497812988879119e-04
-1.1263220435777345e-04
-1.0288741683841038e-04
-9.5034064245356741e-05
-9.0143531617725800e-05
-8.7165654450687406e-05
-8.5544200315074376e-05
-8.5172931251427660e-05
-8.5670822980667973e-05
-8.6682614831318190e-05
-8.8137931498125297e-05
-9.0099366477670929e-05
-9.1825558546045768e-05
-9.3634462070797062e-05
-9.5476875186144955e-05
-9.7251069123995706e-05
-9.8738284355874393e-05
-1.0007076653954684e-04
-1.0135135049754013e-04
-1.0238515452000431e-04
-1.0323461878185486e-04
-1.0392184304924807e-04
-1.0454146995941892e-04
-1.0495038079403141e-04
-1.0519892682670705e-04
-1.0540033663758378e-04
-1.0549814780229076e-04
-1.0546263560287854e-04
-1.0536737269881048e-04
-1.0521323119390659e-04
-1.0496942822029178e-04
-1.0466980360017662e-04
-1.0435203991059518e-04
-1.0398075888357080e-04
-1.0357570772506762e-04
-1.0311240055220242e-04
-1.0265379452406403e-04
-1.0216775597993231e-04
-1.0164045639953708e-04
-1.0112994493570463e-04
-1.0060883613824250e-04
-1.0002019059273870e-04
-9.9471232799991656e-05
-9.8919533190864337e-05
-9.8315817741580298e-05
-9.7755161853573839e-05
-9.7198558792048942e-05
-9.6552420737570753e-05
-9.5992419057860297e-05
-9.5414156558617339e-05
-9.4787186123338759e-05
-9.4228185552186280e-05
-9.3635063078127405e-05
-9.3011337453819114e-05
-9.2448950782262186e-05
-9.1836301793273795e-05
-9.1247318114969807e-05
-9.0694890874086330e-05
-9.0056376349637957e-05
-8.9495402056055776e-05
-8.8931547370729559e-05
-8.8282994170195447e-05
-8.7762391843385407e-05
-8.7170253343036905e-05
-8.6569090042115817e-05
-8.6047809964844311e-05
-8.5406222973835090e-05
-8.4868537437114141e-05
-8.4323760458588203e-05
-8.3705793823354678e-05
-8.3193997446250989e-05
-8.2598799150887661e-05
-8.2034373761760482e-05
-8.1517134399909373e-05
-8.0907582678933399e-05
-8.0399687036765465e-05
-7.9825199848285736e-05
-7.9282034284741174e-05
-7.8744150728586273e-05
-7.8174517009357446e-05
-7.7672099136922139e-05
-7.7080946013301766e-05
-7.6587560020805490e-05
-7.6033104794948146e-05
-7.5486467854023103e-05
-7.5002060783015622e-05
-7.4400836647919556e-05
-7.3939644532086731e-05
-7.3365811762699147e-05
-7.2869381948571739e-05
-7.2344009692345082e-05
-7.1815237592482963e-05
-7.1309812277758718e-05
-7.0775823384784561e-05
-7.0297510904960964e-05
-6.9733667066283712e-05
-6.9281975948539407e-05
-6.8718980563009020e-05
-6.8248439142433695e-05
-6.7723506987486920e-05
-6.7224359325558395e-05
-6.6727229153731526e-05
-6.6222188897515052e-05
-6.5732386237451392e-05
-6.5224748619654763e-05
-6.4745591300367344e-05
-6.4219153486538721e-05
-6.3773388636256858e-05
-6.3225249987027029e-05
-6.2794360905988670e-05
-6.2253146683190986e-05
-6.1815751149761115e-05
-6.1282890647965156e-05
-6.0846164960375044e-05
-6.0306455624196956e-05
-5.9886926354056155e-05
-5.9340890541992624e-05
-5.8923507596075616e-05
-5.8389368655799667e-05
-5.7962984156995216e-05
-5.7437472585089259e-05
-5.7006720564574780e-05
-5.6481738133100984e-05
-5.6060464817967443e-05
-5.5534076842880468e-05
-5.5104952598406833e-05
-5.4604317420702401e-05
-5.4149981948345003e-05
-5.3676372757908198e-05
-5.3203810013220952e-05
-5.2738107547691912e-05
-5.2262762302582998e-05
-5.1805076424156157e-05
-5.1319479221213989e-05
-5.0883429957782397e-05
-5.0372707759999152e-05
-4.9952069743871105e-05
-4.9441277308022502e-05
-4.9007897696501810e-05
-4.8523652609013260e-05
-4.8057800076575640e-05
-4.7609091049044136e-05
-4.7110601489599157e-05
-4.6687415537618477e-05
-4.6171677878243700e-05
-4.5737387776649542e-05
-4.5256701562934511e-05
-4.4792506065037763e-05
-4.4336404803697341e-05
-4.3847473314447466e-05
-4.3414569653587669e-05
-4.2901598479484166e-05
-4.2460247819000974e-05
-4.1979617360504981e-05
-4.1504657488811979e-05
-4.1056938773361268e-05
-4.0544615943793742e-05
-4.0096591175062012e-05
-3.9615999193256332e-05
-3.9132873733873871e-05
-3.8679318267832560e-05
-3.8160495658706347e-05
0.0000000000000000e+00
];
