%Vec Object:dSdr_b_aug_6030 1 MPI processes
%  type: seq
dSdr_b_aug_6030 = [
2.3184962244649114e+03
0.0000000000000000e+00
-8.4343272806336958e-07
-3.4852858433455171e-07
-2.1659700156370969e-07
-1.5383875555423646e-07
-1.1543720061198849e-07
-9.1694306894922720e-08
-7.5600792155472517e-08
-6.3489646651437523e-08
-5.4495561262379893e-08
-4.7600482539182109e-08
-4.1985318273378167e-08
-3.7436062486261655e-08
-3.3706176360464950e-08
-3.0560652455739082e-08
-2.7872508769598081e-08
-2.5578801555539780e-08
-2.4506126060218707e-08
-5.5174138086688938e-05
-7.4917774195377117e-04
-7.1566923241173585e-04
-6.7705881125628841e-04
-6.3854882338192402e-04
-5.9580376855434484e-04
-5.5454776168071033e-04
-5.1499728220691593e-04
-4.7505446273566384e-04
-4.3407295533286514e-04
-3.9027571636468587e-04
-3.5173474939570476e-04
-3.1469334694618235e-04
-2.7972588295917971e-04
-2.4284737471284672e-04
-2.1285091673054735e-04
-1.8674283205003271e-04
-1.6390578982995756e-04
-1.4233843199316795e-04
-1.2600305863334416e-04
-1.1361376197544605e-04
-1.0383380737094581e-04
-9.5951271998435890e-05
-9.1041408474589857e-05
-8.8050226006915181e-05
-8.6419691292497421e-05
-8.6042921289257218e-05
-8.6538095490685174e-05
-8.7548700686149384e-05
-8.9004117302662040e-05
-9.0966260418988372e-05
-9.2692962049570433e-05
-9.4502661258554543e-05
-9.6345492497809692e-05
-9.8119557768845041e-05
-9.9606233958267522e-05
-1.0093752050868920e-04
-1.0221606560710360e-04
-1.0324752858912322e-04
-1.0409426430788008e-04
-1.0477803294435833e-04
-1.0539360812244528e-04
-1.0579839679685138e-04
-1.0604235807731014e-04
-1.0623826043441063e-04
-1.0633102688194311e-04
-1.0629015833295478e-04
-1.0618895528798045e-04
-1.0602868831935709e-04
-1.0577894399997522e-04
-1.0547304092028601e-04
-1.0514858672416652e-04
-1.0477112475354716e-04
-1.0435986540555880e-04
-1.0388919987519306e-04
-1.0342425077825231e-04
-1.0293190749736180e-04
-1.0239713439920290e-04
-1.0188031230195590e-04
-1.0135291667172955e-04
-1.0075661381646940e-04
-1.0020132713083572e-04
-9.9643229056577302e-05
-9.9032072736299497e-05
-9.8465122860716690e-05
-9.7902180366809215e-05
-9.7248532753754050e-05
-9.6682262399548860e-05
-9.6097579479465130e-05
-9.5463410264783738e-05
-9.4898245008746552e-05
-9.4298601074023898e-05
-9.3667846996371799e-05
-9.3099348649759898e-05
-9.2479995736209788e-05
-9.1884416871215705e-05
-9.1325982840093745e-05
-9.0680546509512428e-05
-9.0113240664982310e-05
-8.9543363440402603e-05
-8.8887758693781443e-05
-8.8361219758389806e-05
-8.7762835323007194e-05
-8.7155032896890712e-05
-8.6627896848409390e-05
-8.5979540682154848e-05
-8.5435794017253082e-05
-8.4885026644567369e-05
-8.4260414842635229e-05
-8.3742871660821402e-05
-8.3141145630410504e-05
-8.2570575601664006e-05
-8.2047560237382292e-05
-8.1431273940859783e-05
-8.0917815525667882e-05
-8.0336880776578731e-05
-7.9787745900220035e-05
-7.9243940027582278e-05
-7.8667900922487977e-05
-7.8159909337647873e-05
-7.7562229469517756e-05
-7.7063153070492443e-05
-7.6502640052091901e-05
-7.5949863955842822e-05
-7.5459783651559033e-05
-7.4852074658575025e-05
-7.4385440509444988e-05
-7.3805146418692291e-05
-7.3303196607169753e-05
-7.2771590923908816e-05
-7.2236936446921327e-05
-7.1725693905034271e-05
-7.1185489807770478e-05
-7.0701708626339912e-05
-7.0131329220705571e-05
-6.9674318286317981e-05
-6.9104842028752531e-05
-6.8628761879934217e-05
-6.8097682626722274e-05
-6.7592722190262927e-05
-6.7089680484948644e-05
-6.6578651803531340e-05
-6.6083116880605127e-05
-6.5569286857951965e-05
-6.5084507797643373e-05
-6.4551771489857010e-05
-6.4100454996595047e-05
-6.3545954112662035e-05
-6.3109566543022302e-05
-6.2561922042714125e-05
-6.2119168265995205e-05
-6.1579651643108276e-05
-6.1137614796605302e-05
-6.0591217923293882e-05
-6.0166399286315498e-05
-5.9613633197528915e-05
-5.9190922303679400e-05
-5.8650119516625122e-05
-5.8218344046710809e-05
-5.7686170967123532e-05
-5.7249900192020372e-05
-5.6718318877957935e-05
-5.6291404868743979e-05
-5.5758500448580407e-05
-5.5323634587731049e-05
-5.4816504165338070e-05
-5.4356316458446090e-05
-5.3876304922724335e-05
-5.3397678269195052e-05
-5.2925701900218610e-05
-5.2444060114526063e-05
-5.1980259183533062e-05
-5.1488116558949638e-05
-5.1046154200528200e-05
-5.0528553513633543e-05
-5.0102124660497524e-05
-4.9584438688774981e-05
-4.9145061747591440e-05
-4.8654126726066109e-05
-4.8181913603019292e-05
-4.7726773588809964e-05
-4.7221540702548138e-05
-4.6792232849292448e-05
-4.6269308384046469e-05
-4.5828910836612130e-05
-4.5341214905669939e-05
-4.4870516777493034e-05
-4.4407773946303072e-05
-4.3911827467945102e-05
-4.3472595103595878e-05
-4.2952176905574518e-05
-4.2504357958796717e-05
-4.2016708244226720e-05
-4.1534730872081679e-05
-4.1080405669696619e-05
-4.0560451503320311e-05
-4.0105780704166228e-05
-3.9618007341529829e-05
-3.9127598999431402e-05
-3.8667471495230338e-05
-3.8141541106792348e-05
0.0000000000000000e+00
];
