%Vec Object:dSdr_b_aug_2120 1 MPI processes
%  type: seq
dSdr_b_aug_2120 = [
2.4056879885475123e+03
0.0000000000000000e+00
-1.5375639039623583e-06
-6.3123418360822376e-07
-3.8825400583854236e-07
-2.7409515848284918e-07
-2.0573190627504884e-07
-1.6350117698131343e-07
-1.3487758785863228e-07
-1.1324351384019601e-07
-9.7181722425388390e-08
-8.4872424711402217e-08
-7.4837877444804571e-08
-6.6707726943933228e-08
-6.0043009282093930e-08
-5.4421930332009089e-08
-4.9617591393133078e-08
-4.5518667142122906e-08
-4.1974662623757711e-08
-3.8846588239022591e-08
-3.6106121838406461e-08
-3.3689705345557481e-08
-3.6227560848528249e-08
-2.3746385268488274e-05
-5.8147341000113655e-04
-5.8353199151455382e-04
-5.4337640575788469e-04
-5.0167444866242787e-04
-4.5887746214107216e-04
-4.1318934033388922e-04
-3.7299364116010256e-04
-3.3438870481963757e-04
-2.9796526879564961e-04
-2.5956766388749542e-04
-2.2834341048937477e-04
-2.0117392800206820e-04
-1.7741131487512973e-04
-1.5496829881762121e-04
-1.3796909253394900e-04
-1.2507343781273183e-04
-1.1488290739907846e-04
-1.0665966304167480e-04
-1.0152411142105027e-04
-9.8377589785009402e-05
-9.6641040923688089e-05
-9.6200049638503981e-05
-9.6663498760661074e-05
-9.7660250796044709e-05
-9.9116834342093045e-05
-1.0108724498079437e-04
-1.0281989576683196e-04
-1.0463888460758477e-04
-1.0648659745997530e-04
-1.0825916055849928e-04
-1.0973954343531627e-04
-1.1105687097120762e-04
-1.1231161238629886e-04
-1.1331574372005971e-04
-1.1413062369448918e-04
-1.1477404783292092e-04
-1.1534231903237297e-04
-1.1569898147876278e-04
-1.1588941576536807e-04
-1.1602101859035090e-04
-1.1605488795380370e-04
-1.1595148401178138e-04
-1.1578092981066856e-04
-1.1554914804194940e-04
-1.1523003849935674e-04
-1.1485083439323124e-04
-1.1444826852411001e-04
-1.1399864402706386e-04
-1.1351490405686196e-04
-1.1295832969392938e-04
-1.1241932526123152e-04
-1.1185337417050761e-04
-1.1123134774564930e-04
-1.1064084899682498e-04
-1.1004005458882890e-04
-1.0935435263664867e-04
-1.0872517613468563e-04
-1.0809237602677858e-04
-1.0739434758248399e-04
-1.0675391544646318e-04
-1.0611696012235182e-04
-1.0537563845355078e-04
-1.0473618136541431e-04
-1.0407654007185723e-04
-1.0335832514472269e-04
-1.0272118723008060e-04
-1.0204540527842500e-04
-1.0133259404292649e-04
-1.0069274192480808e-04
-9.9995120724981180e-05
-9.9322543088205194e-05
-9.8693979813953725e-05
-9.7967731426516690e-05
-9.7326504755975728e-05
-9.6686314415095700e-05
-9.5948382896121883e-05
-9.5352534084757788e-05
-9.4681228351963732e-05
-9.3995914098535306e-05
-9.3400409545705434e-05
-9.2673023215444363e-05
-9.2058512836474111e-05
-9.1437807567943140e-05
-9.0735613398905242e-05
-9.0150976226397527e-05
-8.9473038841416874e-05
-8.8830730096312469e-05
-8.8240279854471013e-05
-8.7545367335855272e-05
-8.6966963493464978e-05
-8.6310753419752292e-05
-8.5691926760653384e-05
-8.5078977785950325e-05
-8.4428155741659314e-05
-8.3855091004338182e-05
-8.3181211330779985e-05
-8.2615699371953803e-05
-8.1984461559449210e-05
-8.1360010755917743e-05
-8.0803695383391269e-05
-8.0120275600776357e-05
-7.9590105638910612e-05
-7.8934375542885960e-05
-7.8367979681848873e-05
-7.7763598655065537e-05
-7.7160267338895961e-05
-7.6581108581386752e-05
-7.5968341881606441e-05
-7.5420713514221359e-05
-7.4774031264458930e-05
-7.4254911368955127e-05
-7.3609770822283938e-05
-7.3069025911485280e-05
-7.2466179170031385e-05
-7.1893354470549577e-05
-7.1321295486979493e-05
-7.0740351810703837e-05
-7.0177892582546099e-05
-6.9591766090654027e-05
-6.9041353055847190e-05
-6.8435081674682403e-05
-6.7918949588383317e-05
-6.7290169441487548e-05
-6.6789586840848336e-05
-6.6166868660466491e-05
-6.5661557197473227e-05
-6.5044330151290403e-05
-6.4540285307369569e-05
-6.3915811204475894e-05
-6.3429238968575985e-05
-6.2797896637727690e-05
-6.2312981681761267e-05
-6.1694378190563172e-05
-6.1199662827733490e-05
-6.0589716315786694e-05
-6.0089013734778221e-05
-5.9480390090965260e-05
-5.8987620584136986e-05
-5.8378636237398096e-05
-5.7876736551190142e-05
-5.7293773652676443e-05
-5.6765260578393515e-05
-5.6210501088662905e-05
-5.5661077678316309e-05
-5.5115852813474404e-05
-5.4560698182324122e-05
-5.4025503212583587e-05
-5.3456941910836963e-05
-5.2945943207712762e-05
-5.2348035090374739e-05
-5.1853997043167103e-05
-5.1255827721954674e-05
-5.0746430497960263e-05
-5.0177388849171135e-05
-4.9630913974230125e-05
-4.9100690087936794e-05
-4.8516726443840765e-05
-4.8015942633974376e-05
-4.7409108980639352e-05
-4.6897403251397946e-05
-4.6327864424173977e-05
-4.5781242778895804e-05
-4.5240953205621484e-05
-4.4663098840384874e-05
-4.4149969062043704e-05
-4.3542594335645664e-05
-4.3019241921561305e-05
-4.2449620654375367e-05
-4.1885683912890753e-05
-4.1354184678176822e-05
-4.0745068523502834e-05
-4.0212697108317835e-05
-3.9640884035936340e-05
-3.9065027163780387e-05
-3.8526983609863430e-05
-3.7911731807117126e-05
0.0000000000000000e+00
];
