%Vec Object:dSdr_b_aug_1470 1 MPI processes
%  type: seq
dSdr_b_aug_1470 = [
2.4365131316323086e+03
0.0000000000000000e+00
-1.9219180935376500e-06
-7.8629695772507838e-07
-4.8119214411103239e-07
-3.3859336911506552e-07
-2.5395009266798118e-07
-2.0168258011272445e-07
-1.6625831168745209e-07
-1.3944685182116777e-07
-1.1954435790233337e-07
-1.0429376684564784e-07
-9.1860267448945970e-08
-8.1787308766948598e-08
-7.3530762986876441e-08
-6.6568001008417477e-08
-6.0617811579780285e-08
-5.5541710777255077e-08
-5.1153270826992871e-08
-4.7280803270524157e-08
-4.3888444988026060e-08
-4.0896747104069930e-08
-3.8207055509547407e-08
-3.5862535998863195e-08
-2.2509712364821218e-07
-1.3128192012945659e-04
-5.3404953739801192e-04
-5.0944436400966839e-04
-4.6691803303082008e-04
-4.2066874727186783e-04
-3.7993716555432942e-04
-3.4082198691707518e-04
-3.0392303054239391e-04
-2.6502923381750763e-04
-2.3340393158048964e-04
-2.0588775128357024e-04
-1.8182280692122279e-04
-1.5909376320061782e-04
-1.4187772046827092e-04
-1.2881666733758644e-04
-1.1849202510518287e-04
-1.1015749042927019e-04
-1.0494821923096971e-04
-1.0175095698725007e-04
-9.9979779182945934e-05
-9.9517810294215341e-05
-9.9970896470428226e-05
-1.0096312332482555e-04
-1.0242008792460335e-04
-1.0439319897724328e-04
-1.0612779290891315e-04
-1.0794981604334045e-04
-1.0979912334619204e-04
-1.1157119568181051e-04
-1.1304952281011864e-04
-1.1436229065454442e-04
-1.1560925668909058e-04
-1.1660446026222433e-04
-1.1740893471583490e-04
-1.1803918054459287e-04
-1.1859200017042890e-04
-1.1893294246487474e-04
-1.1910589247981801e-04
-1.1921649225920308e-04
-1.1923112325199704e-04
-1.1910729251323437e-04
-1.1891408519468165e-04
-1.1865894357040433e-04
-1.1831717631871511e-04
-1.1791402890166750e-04
-1.1748594835773745e-04
-1.1701275243527138e-04
-1.1650533713683723e-04
-1.1592070121355932e-04
-1.1535750708493932e-04
-1.1476751248040687e-04
-1.1411698532774229e-04
-1.1350242057978092e-04
-1.1287765093880288e-04
-1.1216274735960384e-04
-1.1150943521525505e-04
-1.1085223410940679e-04
-1.1012582939371386e-04
-1.0946139469645145e-04
-1.0880026350701750e-04
-1.0803030363003569e-04
-1.0736694052057589e-04
-1.0668281451445685e-04
-1.0593714656008021e-04
-1.0527649920082248e-04
-1.0457584722108741e-04
-1.0383623251268594e-04
-1.0317307313267458e-04
-1.0244988610989230e-04
-1.0175215732888315e-04
-1.0110068679557454e-04
-1.0034804168165522e-04
-9.9682669258397858e-05
-9.9019511599150869e-05
-9.8254688583738258e-05
-9.7636200156389955e-05
-9.6941075178380671e-05
-9.6230442231041383e-05
-9.5612605588544174e-05
-9.4859404611113773e-05
-9.4221779764527190e-05
-9.3578229776794072e-05
-9.2850693874973762e-05
-9.2244140926344941e-05
-9.1541309641392709e-05
-9.0875567953564617e-05
-9.0263090588916373e-05
-8.9542495372184995e-05
-8.8942877570226370e-05
-8.8262079347328488e-05
-8.7620488365463064e-05
-8.6984954291499005e-05
-8.6309704934503216e-05
-8.5715384520537510e-05
-8.5016614726365569e-05
-8.4429402071422354e-05
-8.3775062514946578e-05
-8.3127199685634353e-05
-8.2549249108880183e-05
-8.1841098944163753e-05
-8.1290175473389849e-05
-8.0609804753722686e-05
-8.0022358063764742e-05
-7.9394205502344246e-05
-7.8768441401406747e-05
-7.8167098312820205e-05
-7.7530629573056704e-05
-7.6962145998105166e-05
-7.6290539987440372e-05
-7.5751132666658353e-05
-7.5081276942227744e-05
-7.4519409775050693e-05
-7.3893120722785208e-05
-7.3298128676250484e-05
-7.2703525723251687e-05
-7.2099744847082262e-05
-7.1515425309748285e-05
-7.0905683730842492e-05
-7.0333831869942389e-05
-6.9703540826443315e-05
-6.9166237238562503e-05
-6.8513194352115388e-05
-6.7991642959176467e-05
-6.7344402556039959e-05
-6.6818657136604202e-05
-6.6176046602281263e-05
-6.5651747363417327e-05
-6.5001769968246669e-05
-6.4495026445568254e-05
-6.3838017835796202e-05
-6.3332784465152270e-05
-6.2688768033198610e-05
-6.2173493917078301e-05
-6.1538143389019577e-05
-6.1016394749583485e-05
-6.0382605919378208e-05
-5.9868325336241796e-05
-5.9234490189697456e-05
-5.8710694560849100e-05
-5.8102961718764406e-05
-5.7552130861473608e-05
-5.6972955714456938e-05
-5.6400407298974186e-05
-5.5831256608307670e-05
-5.5252089830121402e-05
-5.4693574835586500e-05
-5.4100052280637773e-05
-5.3566503747112934e-05
-5.2942364225768722e-05
-5.2426242608820500e-05
-5.1801784529023418e-05
-5.1269516294619253e-05
-5.0674962369694511e-05
-5.0104231210391388e-05
-4.9549482606456991e-05
-4.8939803151227450e-05
-4.8415673406227919e-05
-4.7781432795025142e-05
-4.7246436358929351e-05
-4.6650166036124840e-05
-4.6078746784881324e-05
-4.5513129863168670e-05
-4.4908524243509990e-05
-4.4371260582283161e-05
-4.3735487472080619e-05
-4.3187469492744464e-05
-4.2591082042069365e-05
-4.2000386602418777e-05
-4.1443697324670713e-05
-4.0805484961518819e-05
-4.0247778683032777e-05
-3.9648597253070782e-05
-3.9045005027923115e-05
-3.8482004599621745e-05
-3.7840201949760825e-05
0.0000000000000000e+00
];
