%Vec Object:dSdr_b_aug_6520 1 MPI processes
%  type: seq
dSdr_b_aug_6520 = [
2.3094563326574685e+03
0.0000000000000000e+00
-7.9211189443590418e-07
-3.2620799060456089e-07
-2.0206016087487269e-07
-1.4296190205274500e-07
-1.0679059582810027e-07
-8.4429630698219016e-08
-6.9276045544193015e-08
-5.7894793008646407e-08
-4.9444885670745423e-08
-4.2967189790813512e-08
-3.7699705991461205e-08
-3.3434216910501301e-08
-2.9937362619443607e-08
-2.6990556212641915e-08
-2.4474518157350049e-08
-2.2328333719749373e-08
-9.8737486185930570e-08
-4.4176465651232262e-04
-7.5078529073462487e-04
-7.1276461835866999e-04
-6.7426007738922555e-04
-6.3589465863730617e-04
-5.9330920201730543e-04
-5.5220292028436587e-04
-5.1279282621634120e-04
-4.7298993205438749e-04
-4.3214939589217196e-04
-3.8849880406766584e-04
-3.5008615966307583e-04
-3.1316600654809424e-04
-2.7831145056512611e-04
-2.4155074549498594e-04
-2.1164950080601201e-04
-1.8562372558423239e-04
-1.6285845969074092e-04
-1.4135900753305485e-04
-1.2507511319374652e-04
-1.1272508367572382e-04
-1.0297696847746886e-04
-9.5120854471207641e-05
-9.0228492667717716e-05
-8.7249356498739184e-05
-8.5627043086210664e-05
-8.5255253527297920e-05
-8.5752888140678150e-05
-8.6764567726425670e-05
-8.8219893865162555e-05
-9.0181395866056809e-05
-9.1907636164301928e-05
-9.3716614992594822e-05
-9.5559067684127235e-05
-9.7333249457344455e-05
-9.8820413691962542e-05
-1.0015278274789409e-04
-1.0143317378740144e-04
-1.0246675629692991e-04
-1.0331596237788716e-04
-1.0400285966335967e-04
-1.0462210318527746e-04
-1.0503062396686094e-04
-1.0527873617356970e-04
-1.0547962484763094e-04
-1.0557695866171492e-04
-1.0554093962315913e-04
-1.0544511463855512e-04
-1.0529039351686703e-04
-1.0504602834833104e-04
-1.0474580963376657e-04
-1.0442741285969522e-04
-1.0405554696536137e-04
-1.0364990836131109e-04
-1.0318590490829369e-04
-1.0272669867134898e-04
-1.0224006354553778e-04
-1.0171205678763677e-04
-1.0120094818393240e-04
-1.0067924449862813e-04
-1.0008987438406629e-04
-9.9540317723357768e-05
-9.8988012662962877e-05
-9.8383593124880411e-05
-9.7822341671602089e-05
-9.7265138744575302e-05
-9.6618290101547130e-05
-9.6057695251645770e-05
-9.5478825223156989e-05
-9.4851173606626921e-05
-9.4291589705157707e-05
-9.3697850140838905e-05
-9.3073459452160665e-05
-9.2510494466165787e-05
-9.1897211121215038e-05
-9.1307603376190576e-05
-9.0754607745411605e-05
-9.0115438247924956e-05
-8.9553864833966202e-05
-8.8989440268469751e-05
-8.8340219818123866e-05
-8.7819055742225567e-05
-8.7226326221481680e-05
-8.6624534693326917e-05
-8.6102700494587774e-05
-8.5460472970288516e-05
-8.4922213899069597e-05
-8.4376870079216229e-05
-8.3758274644857143e-05
-8.3245934475948845e-05
-8.2650118493327350e-05
-8.2085111667229579e-05
-8.1567325750582840e-05
-8.0957136769998448e-05
-8.0448714749737491e-05
-7.9873617460253906e-05
-7.9329887049755805e-05
-7.8791443093606238e-05
-7.8221203263970551e-05
-7.7718257978027358e-05
-7.7126487260320206e-05
-7.6632562812024776e-05
-7.6077534366396560e-05
-7.5530316506764554e-05
-7.5045372604768949e-05
-7.4443534838669560e-05
-7.3981827768943080e-05
-7.3407383595537533e-05
-7.2910431449952349e-05
-7.2384469354023275e-05
-7.1855140632373391e-05
-7.1349164860546354e-05
-7.0814587851840329e-05
-7.0335757893853128e-05
-6.9771295624882179e-05
-6.9319101116970447e-05
-6.8755492476378161e-05
-6.8284426950803080e-05
-6.7758913123784753e-05
-6.7259215424956046e-05
-6.6761525870972900e-05
-6.6255918956539589e-05
-6.5765573877394869e-05
-6.5257350299441285e-05
-6.4777661018711983e-05
-6.4250627205531371e-05
-6.3804337026369745e-05
-6.3255596345742959e-05
-6.2824186964962128e-05
-6.2282364271609605e-05
-6.1844461708439452e-05
-6.1310971364963177e-05
-6.0873743102203135e-05
-6.0333400950748216e-05
-5.9913371166632559e-05
-5.9366698494050862e-05
-5.8948811382370998e-05
-5.8414041866369082e-05
-5.7987147236982337e-05
-5.7461005309337664e-05
-5.7029731065276843e-05
-5.6504124202294709e-05
-5.6082317123382888e-05
-5.5555312515425402e-05
-5.5125644955264290e-05
-5.4624395148487144e-05
-5.4169505890496807e-05
-5.3695290858734592e-05
-5.3222154295492330e-05
-5.2755858138835889e-05
-5.2279917058350332e-05
-5.1821652515478300e-05
-5.1335435921633198e-05
-5.0898827098201932e-05
-5.0387453986214626e-05
-4.9966267971189559e-05
-4.9454823188482309e-05
-4.9020876028474013e-05
-4.8535997848189292e-05
-4.8069543379598549e-05
-4.7620225745943716e-05
-4.7121098014054933e-05
-4.6697332679845393e-05
-4.6180914855044946e-05
-4.5746046703949016e-05
-4.5264697038741687e-05
-4.4799886042065756e-05
-4.4343156095845301e-05
-4.3853560534995436e-05
-4.3420057675209627e-05
-4.2906381385417244e-05
-4.2464418092793437e-05
-4.1983122673660632e-05
-4.1507497717078381e-05
-4.1059152347251555e-05
-4.0546105091253660e-05
-4.0097447669145500e-05
-3.9616169292411390e-05
-3.9132340083031469e-05
-3.8678121635322120e-05
-3.8158407672638645e-05
0.0000000000000000e+00
];
