%Vec Object:dSdr_b_aug_2780 1 MPI processes
%  type: seq
dSdr_b_aug_2780 = [
2.3837693619723168e+03
0.0000000000000000e+00
-1.3162936418978508e-06
-5.4134331780243393e-07
-3.3389645963226024e-07
-2.3609958570814343e-07
-1.7719412379654196e-07
-1.4079738221806468e-07
-1.1612766026996699e-07
-9.7503797231116052e-08
-8.3675951174637596e-08
-7.3077789280879450e-08
-6.4440539458364279e-08
-5.7442630617480151e-08
-5.1705837681782607e-08
-4.6867523048526891e-08
-4.2732375961197847e-08
-3.9204289826853024e-08
-3.6153785637789447e-08
-3.3461341778418637e-08
-3.1102826522286929e-08
-3.5367776063431258e-08
-5.1204230328385934e-05
-6.4517677947459665e-04
-6.1948057876803604e-04
-5.7718085774773249e-04
-5.3628653434122759e-04
-4.9499283979625747e-04
-4.5264991384620672e-04
-4.0743641691470893e-04
-3.6765616183927744e-04
-3.2944378151828619e-04
-2.9338589684877706e-04
-2.5536969212234709e-04
-2.2445370180941167e-04
-1.9755070489549834e-04
-1.7402047522653921e-04
-1.5179731101907693e-04
-1.3496477353608770e-04
-1.2219625035119668e-04
-1.1210880339272747e-04
-1.0397110100509453e-04
-9.8892213029496496e-05
-9.5784692513934804e-05
-9.4074760725731317e-05
-9.3649893567168606e-05
-9.4121307982675715e-05
-9.5121538183035381e-05
-9.6577828775463222e-05
-9.8546163713116741e-05
-1.0027732086854619e-04
-1.0209397738332754e-04
-1.0394046463147704e-04
-1.0571340490384062e-04
-1.0719536786582751e-04
-1.0851620011608489e-04
-1.0977691794955259e-04
-1.1078791146770794e-04
-1.1161078949181060e-04
-1.1226434295357813e-04
-1.1284449079550410e-04
-1.1321323632573474e-04
-1.1341710966770646e-04
-1.1356485621340145e-04
-1.1361351290214487e-04
-1.1352580975642877e-04
-1.1337266758779467e-04
-1.1315884107831327e-04
-1.1285714709932675e-04
-1.1249634672031443e-04
-1.1211339238927923e-04
-1.1168188577531132e-04
-1.1121634359512350e-04
-1.1068133846875364e-04
-1.1016092720740398e-04
-1.0961345692460592e-04
-1.0901333729065415e-04
-1.0844133662881907e-04
-1.0785897053947772e-04
-1.0719571411050465e-04
-1.0658508919897084e-04
-1.0597104457445722e-04
-1.0529482716283704e-04
-1.0467284426041223e-04
-1.0405447137991262e-04
-1.0333516208395532e-04
-1.0271408003040408e-04
-1.0207325857736297e-04
-1.0137614505244923e-04
-1.0075707735305592e-04
-1.0010041141461438e-04
-9.9408202313272954e-05
-9.8786265025362007e-05
-9.8108294685595021e-05
-9.7455049171152320e-05
-9.6844093283557321e-05
-9.6138134421058940e-05
-9.5515467091110781e-05
-9.4892930301385296e-05
-9.4175668607029265e-05
-9.3597221462548677e-05
-9.2944224111279214e-05
-9.2278370779338940e-05
-9.1700031529944447e-05
-9.0992487330206339e-05
-9.0395743620629026e-05
-8.9792597682758873e-05
-8.9109882144727969e-05
-8.8542090282077137e-05
-8.7883287307054828e-05
-8.7258990024544560e-05
-8.6685470678533015e-05
-8.6010298870989763e-05
-8.5448200896588901e-05
-8.4810890222267385e-05
-8.4209561100112234e-05
-8.3613971904594823e-05
-8.2981925635467306e-05
-8.2425198832847320e-05
-8.1770450666986488e-05
-8.1221618702449801e-05
-8.0608137783634787e-05
-8.0001682368579564e-05
-7.9461996651826014e-05
-7.8797585597675167e-05
-7.8283367587627474e-05
-7.7646577229079607e-05
-7.7096361852403003e-05
-7.6510252548868575e-05
-7.5924163942190701e-05
-7.5362056923643453e-05
-7.4767508532530753e-05
-7.4235910290066561e-05
-7.3608385411711325e-05
-7.3104859223147638e-05
-7.2478715724282202e-05
-7.1954206204997301e-05
-7.1369378138568798e-05
-7.0813592128989003e-05
-7.0258861322527072e-05
-6.9695471212493141e-05
-6.9149814675971240e-05
-6.8581839666139650e-05
-6.8047905357068578e-05
-6.7460096432473600e-05
-6.6960237598356553e-05
-6.6350106749304234e-05
-6.5865641593471067e-05
-6.5261772162676041e-05
-6.4772167052501033e-05
-6.4174450760853461e-05
-6.3685974255611093e-05
-6.3081102997472965e-05
-6.2610035224327306e-05
-6.1998421020869818e-05
-6.1529123620834069e-05
-6.0930053537148193e-05
-6.0451140469791887e-05
-5.9860720512042857e-05
-5.9376194794975948e-05
-5.8786914139614323e-05
-5.8310678935647105e-05
-5.7720795937344513e-05
-5.7235726387379225e-05
-5.6671802699268152e-05
-5.6160444016886739e-05
-5.5624451433236897e-05
-5.5092802892516598e-05
-5.4565968447848042e-05
-5.4029270597241521e-05
-5.3512000427711169e-05
-5.2962625451089343e-05
-5.2468959574932195e-05
-5.1891214102413263e-05
-5.1414150532717252e-05
-5.0836187984129727e-05
-5.0344370544209815e-05
-4.9794938890436776e-05
-4.9267108642723210e-05
-4.8755735754115507e-05
-4.8191538682046025e-05
-4.7708699924410339e-05
-4.7122932863187211e-05
-4.6629129904898697e-05
-4.6080138691441936e-05
-4.5552578343572780e-05
-4.5031757436430183e-05
-4.4474466457933621e-05
-4.3979888575332611e-05
-4.3394344070176808e-05
-4.2889953309870079e-05
-4.2340909246018196e-05
-4.1797545355055412e-05
-4.1285415463477547e-05
-4.0698674928901940e-05
-4.0185795047662039e-05
-3.9635051398461844e-05
-3.9080583372775561e-05
-3.8561920510169573e-05
-3.7968129619263334e-05
0.0000000000000000e+00
];
