%Vec Object:dSdr_b_aug_7570 1 MPI processes
%  type: seq
dSdr_b_aug_7570 = [
2.2975987108147801e+03
0.0000000000000000e+00
-7.3649026748209813e-07
-3.0483655638592830e-07
-1.8989783631742669e-07
-1.3508786556714029e-07
-1.0139988450886742e-07
-8.0566985475349392e-08
-6.6445478570944514e-08
-5.5826558533204003e-08
-4.7939924764289515e-08
-4.1893313519299668e-08
-3.6969610019472706e-08
-3.2980394795824798e-08
-2.9709480810517796e-08
-2.6950873663800924e-08
-2.4593243804175703e-08
-2.2709849042682097e-08
-1.9922974865765692e-05
-7.7837051375933717e-04
-7.4592999742937813e-04
-7.0696749645626582e-04
-6.6874405157184313e-04
-6.3066448897448500e-04
-5.8839354657232298e-04
-5.4758230556407785e-04
-5.0844884739780893e-04
-4.6892168251843513e-04
-4.2835893673385020e-04
-3.8499731997405586e-04
-3.4683754118873528e-04
-3.1015631558820034e-04
-2.7552425015609552e-04
-2.3899568187309218e-04
-2.0928205952627519e-04
-1.8341847903544136e-04
-1.6079465184657836e-04
-1.3942901113782089e-04
-1.2324655869804695e-04
-1.1097390705631359e-04
-1.0128853313085755e-04
-9.3484483850827353e-05
-8.8626610102876153e-05
-8.5671211759789527e-05
-8.4065098602715107e-05
-8.3703122703871865e-05
-8.4205605148406657e-05
-8.5219401505095486e-05
-8.6674549150543686e-05
-8.8634787603527270e-05
-9.0360118643950291e-05
-9.2167677756961109e-05
-9.4009384341816295e-05
-9.5783795539180946e-05
-9.7271921354064627e-05
-9.8606423412412374e-05
-9.9890451847986741e-05
-1.0092821087796470e-04
-1.0178228482363558e-04
-1.0247534716603908e-04
-1.0310181924395380e-04
-1.0351769423662281e-04
-1.0377398596265460e-04
-1.0398470033617973e-04
-1.0409103429253182e-04
-1.0406457137829491e-04
-1.0397934405349410e-04
-1.0383555122559772e-04
-1.0360178587167961e-04
-1.0331276841331459e-04
-1.0300630802345323e-04
-1.0264546941242060e-04
-1.0225090670245646e-04
-1.0180003114139229e-04
-1.0135214143736119e-04
-1.0087675445853043e-04
-1.0036208105225720e-04
-9.9862231118006013e-05
-9.9351743640811653e-05
-9.8776034781739098e-05
-9.8237769369988171e-05
-9.7696879682263727e-05
-9.7105735257488194e-05
-9.6555712781757540e-05
-9.6009819910437865e-05
-9.5376368927616283e-05
-9.4826957896793789e-05
-9.4259542416316920e-05
-9.3644734005836648e-05
-9.3096148399188030e-05
-9.2514043648353543e-05
-9.1902192291324413e-05
-9.1350131027831744e-05
-9.0748808029013754e-05
-9.0170966632926289e-05
-8.9628687602690772e-05
-8.9001867171932823e-05
-8.8451589759754769e-05
-8.7897909893870551e-05
-8.7261269978383904e-05
-8.6750697295044548e-05
-8.6169111047692344e-05
-8.5579164293360209e-05
-8.5067777656035369e-05
-8.4437626926839426e-05
-8.3910181435255601e-05
-8.3375525000181302e-05
-8.2768785120615837e-05
-8.2266697753270379e-05
-8.1682527818422983e-05
-8.1128483566142207e-05
-8.0621002543883682e-05
-8.0022828633825741e-05
-7.9524331090069904e-05
-7.8960736813389167e-05
-7.8427656182014296e-05
-7.7899778160273991e-05
-7.7340966102278880e-05
-7.6847964813145072e-05
-7.6267838382880650e-05
-7.5784066125058504e-05
-7.5239845318649228e-05
-7.4703580257226321e-05
-7.4228757909876984e-05
-7.3638489706757040e-05
-7.3186491713405846e-05
-7.2623575113846058e-05
-7.2136471141780078e-05
-7.1621630039054508e-05
-7.1102796009546429e-05
-7.0607198697964939e-05
-7.0083710175799976e-05
-6.9614636881942151e-05
-6.9061834656817845e-05
-6.8619131192800250e-05
-6.8067085019261702e-05
-6.7605901097955530e-05
-6.7091354261063395e-05
-6.6602027092649383e-05
-6.6114884265432400e-05
-6.5619961261585043e-05
-6.5139843080324196e-05
-6.4642667334989360e-05
-6.4173007777186701e-05
-6.3657211074692220e-05
-6.3220825563415747e-05
-6.2683435719530724e-05
-6.2261836181593333e-05
-6.1731485726699295e-05
-6.1303142805387110e-05
-6.0781527632895559e-05
-6.0353775018860181e-05
-5.9825364097792718e-05
-5.9414771094054796e-05
-5.8880105915120267e-05
-5.8471724428451142e-05
-5.7948843903372199e-05
-5.7531567353049024e-05
-5.7017310259496852e-05
-5.6595882088856672e-05
-5.6082048351428956e-05
-5.5670304917288705e-05
-5.5154926383423173e-05
-5.4735502548054735e-05
-5.4245841020024503e-05
-5.3801392871687828e-05
-5.3338600412538945e-05
-5.2876282643675751e-05
-5.2421179952118682e-05
-5.1956472749851685e-05
-5.1509118323795455e-05
-5.1034579696033268e-05
-5.0608520749615142e-05
-5.0109419906851936e-05
-4.9698565741563078e-05
-4.9199420180024896e-05
-4.8776173393964953e-05
-4.8303231333770114e-05
-4.7848125498573251e-05
-4.7410282196616445e-05
-4.6923186172937240e-05
-4.6510344017190183e-05
-4.6006749453226942e-05
-4.5582779115247854e-05
-4.5113937290003532e-05
-4.4660729813544609e-05
-4.4215851738197363e-05
-4.3738774887680186e-05
-4.3316567155844915e-05
-4.2816182329877241e-05
-4.2385765912339439e-05
-4.1917002675912699e-05
-4.1453910275439807e-05
-4.1017369750532001e-05
-4.0517965362562422e-05
-4.0081210574785708e-05
-3.9612827155454949e-05
-3.9142167495466687e-05
-3.8700169993440174e-05
-3.8195775653671889e-05
0.0000000000000000e+00
];
