%Vec Object:dSdr_b_aug_5030 1 MPI processes
%  type: seq
dSdr_b_aug_5030 = [
2.3320621542997314e+03
0.0000000000000000e+00
-9.2056359339124832e-07
-3.7879197281400901e-07
-2.3424180251450021e-07
-1.6562135839240781e-07
-1.2381843212309581e-07
-9.7980320212429647e-08
-8.0469806493886333e-08
-6.7301654607611202e-08
-5.7525319771562947e-08
-5.0031351879466318e-08
-4.3934641016920420e-08
-3.8997266204268434e-08
-3.4949736369554506e-08
-3.1538433033858081e-08
-2.8625329799426382e-08
-2.6140009211943430e-08
-2.3993181548442127e-08
-1.6530215278157850e-07
-4.2627293775358301e-04
-7.2080333155112391e-04
-6.8361014731825142e-04
-6.4478219258507418e-04
-6.0166269177119251e-04
-5.6005503846280483e-04
-5.2017483902802890e-04
-4.7990337986485225e-04
-4.3859077615658940e-04
-3.9444910994207915e-04
-3.5560675430757442e-04
-3.1828057591944982e-04
-2.8304792709129114e-04
-2.4589273673341190e-04
-2.1567265307512537e-04
-1.8937124970032273e-04
-1.6636562774059781e-04
-1.4463878103733530e-04
-1.2818249983249932e-04
-1.1570097718291962e-04
-1.0584624199226083e-04
-9.7901651305291177e-05
-9.2950681936871144e-05
-8.9931206712712828e-05
-8.8281363113822800e-05
-8.7892896220386374e-05
-8.8382292262146350e-05
-8.9390374359097754e-05
-9.0846003516608368e-05
-9.2809652454090022e-05
-9.4537437645353639e-05
-9.6348828837719710e-05
-9.8192549202127296e-05
-9.9966340881165049e-05
-1.0145187095260711e-04
-1.0278061517716170e-04
-1.0405482487506268e-04
-1.0508130987941742e-04
-1.0592224361341839e-04
-1.0659866415222196e-04
-1.0720562365662558e-04
-1.0760164689079825e-04
-1.0783585905293282e-04
-1.0802005022222108e-04
-1.0810208945803724e-04
-1.0804983102696746e-04
-1.0793599670185683e-04
-1.0776270437325417e-04
-1.0750032620620964e-04
-1.0718107242541459e-04
-1.0684239133478835e-04
-1.0645178602065331e-04
-1.0602732539058308e-04
-1.0554101281722910e-04
-1.0506257562301254e-04
-1.0455682575377473e-04
-1.0400616072736961e-04
-1.0347591950048530e-04
-1.0293515535012225e-04
-1.0232256974096061e-04
-1.0175382509489498e-04
-1.0118212111820528e-04
-1.0055514228445726e-04
-9.9974808669669709e-05
-9.9398385800210896e-05
-9.8728769611310628e-05
-9.8149169342283589e-05
-9.7550833827657202e-05
-9.6901356887257295e-05
-9.6323082841659902e-05
-9.5709571455600831e-05
-9.5063871838142622e-05
-9.4482377422292456e-05
-9.3848769057666224e-05
-9.3239165965486071e-05
-9.2667958894623303e-05
-9.2007803799960011e-05
-9.1427034331741894e-05
-9.0844350576543828e-05
-9.0173751180856604e-05
-8.9634588440480780e-05
-8.9022922419394572e-05
-8.8401002296304636e-05
-8.7861413878052277e-05
-8.7198663470485638e-05
-8.6642028181496567e-05
-8.6078522595508451e-05
-8.5439780247110241e-05
-8.4910016828624647e-05
-8.4294409961729606e-05
-8.3710773724129874e-05
-8.3175476034308369e-05
-8.2544869066000033e-05
-8.2019581742682674e-05
-8.1424936639761436e-05
-8.0863108372583803e-05
-8.0306709043101345e-05
-7.9717049263797329e-05
-7.9197205505111444e-05
-7.8585646899374855e-05
-7.8074470182174958e-05
-7.7501075621206836e-05
-7.6935244968542014e-05
-7.6433100860988647e-05
-7.5811602194469783e-05
-7.5333395872093615e-05
-7.4739362154559614e-05
-7.4225674381222972e-05
-7.3680813671863203e-05
-7.3133650652569020e-05
-7.2610038104437531e-05
-7.2056617725987389e-05
-7.1561207652826888e-05
-7.0976930731429881e-05
-7.0508607496436859e-05
-6.9925350024545053e-05
-6.9437492069493394e-05
-6.8893341346901068e-05
-6.8376020357207575e-05
-6.7860408091750365e-05
-6.7336645342077012e-05
-6.6828921061228255e-05
-6.6301923214869571e-05
-6.5805189808585608e-05
-6.5259060078624536e-05
-6.4795938292174364e-05
-6.4227908437582314e-05
-6.3779828596748100e-05
-6.3218510428770258e-05
-6.2764362594463512e-05
-6.2210692052498901e-05
-6.1757361260183564e-05
-6.1196743652108264e-05
-6.0760677397320123e-05
-6.0193599677436016e-05
-5.9759559111694505e-05
-5.9204585937511521e-05
-5.8761346764157436e-05
-5.8215008253620813e-05
-5.7767002032129000e-05
-5.7221388433770635e-05
-5.6782479658644475e-05
-5.6235718226218089e-05
-5.5788642966096714e-05
-5.5267700582286809e-05
-5.4795068217930185e-05
-5.4301442228206420e-05
-5.3809920761634478e-05
-5.3324603014638683e-05
-5.2829571685534522e-05
-5.2352767102833514e-05
-5.1846705636148638e-05
-5.1392169000186904e-05
-5.0859941133980971e-05
-5.0421197877556243e-05
-4.9888852613422207e-05
-4.9436722040018011e-05
-4.8931560517656530e-05
-4.8445821123724917e-05
-4.7977005030165803e-05
-4.7457431744952550e-05
-4.7015104755444841e-05
-4.6476896479619211e-05
-4.6023510070151816e-05
-4.5520906326998055e-05
-4.5036378274142011e-05
-4.4559509556313849e-05
-4.4048642450615929e-05
-4.3595947915241098e-05
-4.3059688238427561e-05
-4.2598107323815492e-05
-4.2095521480917113e-05
-4.1598607865560869e-05
-4.1130214296439813e-05
-4.0594001933110964e-05
-4.0125148749152989e-05
-3.9622013701301176e-05
-3.9115924997633394e-05
-3.8641277047471713e-05
-3.8097328061296612e-05
0.0000000000000000e+00
];
