%Vec Object:dSdr_b_aug_550 1 MPI processes
%  type: seq
dSdr_b_aug_550 = [
2.5151988605325464e+03
0.0000000000000000e+00
-3.4994497277722302e-06
-1.4206069233466821e-06
-8.5900072768060944e-07
-6.0042772255218637e-07
-4.5050061340290341e-07
-3.5801359197850592e-07
-2.9533588110756623e-07
-2.4765713257318604e-07
-2.1227389419408561e-07
-1.8516980024869607e-07
-1.6304884278219319e-07
-1.4512633646841941e-07
-1.3043794841698994e-07
-1.1804996840389816e-07
-1.0746215014802426e-07
-9.8430604652763184e-08
-9.0623129327083660e-08
-8.3733383566220574e-08
-7.7698302857100088e-08
-7.2376419019585477e-08
-6.7592010299663856e-08
-6.3315096060141191e-08
-5.9478233124626634e-08
-5.5996311432875655e-08
-5.2829930788974293e-08
-4.9955263018142057e-08
-4.8139049158439476e-08
-1.9221936925806320e-07
-1.2820212436689294e-05
-1.8166207831648280e-04
-2.8936259635182728e-04
-2.7333183095875333e-04
-2.4503729079072947e-04
-2.1757948906356558e-04
-1.9298411169287397e-04
-1.6959916482672159e-04
-1.5185430852170619e-04
-1.3838000290978576e-04
-1.2771646241613343e-04
-1.1909923731740355e-04
-1.1370238313380386e-04
-1.1037585538242582e-04
-1.0851639367113532e-04
-1.0800093514895767e-04
-1.0842761142305805e-04
-1.0940832013713720e-04
-1.1086629076327727e-04
-1.1284632559297680e-04
-1.1458589945250388e-04
-1.1641568779366370e-04
-1.1826907579925556e-04
-1.2003989529594184e-04
-1.2151296696104009e-04
-1.2281407628172912e-04
-1.2404116108993962e-04
-1.2501353666872898e-04
-1.2579140447510374e-04
-1.2638795374536710e-04
-1.2690126418308178e-04
-1.2720201055161761e-04
-1.2733025389888866e-04
-1.2738714971680055e-04
-1.2735258893573100e-04
-1.2717652770440603e-04
-1.2692539733308994e-04
-1.2661052557993643e-04
-1.2621082356378691e-04
-1.2574645418506560e-04
-1.2525313380203773e-04
-1.2471966683087331e-04
-1.2415171482076803e-04
-1.2349532685004984e-04
-1.2287028081926741e-04
-1.2221880810091285e-04
-1.2149540600037320e-04
-1.2081930566003538e-04
-1.2013323251759210e-04
-1.1934366185255177e-04
-1.1862863609299405e-04
-1.1790904297678138e-04
-1.1711008170407918e-04
-1.1638427377726686e-04
-1.1566132622934889e-04
-1.1481814003941806e-04
-1.1409365054761710e-04
-1.1334691847918326e-04
-1.1253105465203820e-04
-1.1181029493495248e-04
-1.1104605166367402e-04
-1.1023790195601784e-04
-1.0951514711313694e-04
-1.0872658956050015e-04
-1.0796455056325602e-04
-1.0725450730423242e-04
-1.0643436710119131e-04
-1.0570725520253656e-04
-1.0498537126195558e-04
-1.0415178807080464e-04
-1.0347541128475504e-04
-1.0271938182772125e-04
-1.0194401051722222e-04
-1.0126907208879828e-04
-1.0044986462928665e-04
-9.9753137505441487e-05
-9.9051174974338767e-05
-9.8258841811900779e-05
-9.7596251578067154e-05
-9.6829768119429990e-05
-9.6104109844392425e-05
-9.5435310495102364e-05
-9.4649046201330991e-05
-9.3995185632480630e-05
-9.3251517036603803e-05
-9.2551719104190611e-05
-9.1858436347168617e-05
-9.1120727876373075e-05
-9.0472058042846039e-05
-8.9709645769640037e-05
-8.9066945812430671e-05
-8.8353536560502381e-05
-8.7645810666266841e-05
-8.7012540257785028e-05
-8.6241156077570196e-05
-8.5637167227674288e-05
-8.4893792008017900e-05
-8.4252519730851041e-05
-8.3563584943063197e-05
-8.2880461732454225e-05
-8.2222394824371832e-05
-8.1525321581206518e-05
-8.0903512698702213e-05
-8.0168178337554924e-05
-7.9576897516899571e-05
-7.8843846801232641e-05
-7.8227971544710467e-05
-7.7541742173924173e-05
-7.6890069831555568e-05
-7.6237823595789572e-05
-7.5575649680676696e-05
-7.4935434974592559e-05
-7.4265311379771652e-05
-7.3638642095302928e-05
-7.2946934602978670e-05
-7.2355497165209210e-05
-7.1640416345141006e-05
-7.1065249466332802e-05
-7.0355307699271525e-05
-6.9777314396619056e-05
-6.9069800352884579e-05
-6.8493712424350073e-05
-6.7778525261082419e-05
-6.7220205625442248e-05
-6.6497570585868224e-05
-6.5940384993746676e-05
-6.5231390000685297e-05
-6.4663549238636790e-05
-6.3963243084332161e-05
-6.3387681913396892e-05
-6.2689548270688557e-05
-6.2120266280685539e-05
-6.1422890358908680e-05
-6.0843109426359663e-05
-6.0172042751756771e-05
-5.9564148199978508e-05
-5.8922545352782155e-05
-5.8290869505045167e-05
-5.7660543892292891e-05
-5.7019981661827880e-05
-5.6401841132756868e-05
-5.5744496765808976e-05
-5.5153292532694688e-05
-5.4462084088710314e-05
-5.3889499621769750e-05
-5.3197826732432851e-05
-5.2607083092628155e-05
-5.1947300789506051e-05
-5.1314553386393957e-05
-5.0697102929618577e-05
-5.0021677037262192e-05
-4.9437861524590276e-05
-4.8733552825152290e-05
-4.8139014877452969e-05
-4.7474407321692644e-05
-4.6839598294267485e-05
-4.6209240470949459e-05
-4.5536257649653632e-05
-4.4937315046984147e-05
-4.4228967354932523e-05
-4.3617930601451550e-05
-4.2953170133265996e-05
-4.2294146207521417e-05
-4.1673179701377706e-05
-4.0960772211485098e-05
-4.0338616136870215e-05
-3.9670056112026766e-05
-3.8996827528139753e-05
-3.8373621515124556e-05
-3.7683152514182081e-05
0.0000000000000000e+00
];
