%Vec Object:dSdr_b_aug_8290 1 MPI processes
%  type: seq
dSdr_b_aug_8290 = [
2.2905961455930351e+03
0.0000000000000000e+00
-7.0207090253549998e-07
-2.8993516112165753e-07
-1.8022959858817141e-07
-1.2788515741425125e-07
-9.5702460504218841e-08
-7.5802501111050252e-08
-6.2315650442306988e-08
-5.2187988571440964e-08
-4.4667680804733588e-08
-3.8902228854654351e-08
-3.4212299506705692e-08
-3.0413886019178699e-08
-2.7299784191422326e-08
-2.4674869143351114e-08
-2.2432990970226607e-08
-2.4317928536183810e-08
-2.0871052520531343e-04
-7.8289350564945048e-04
-7.4214105382091244e-04
-7.0331398635175137e-04
-6.6527423496795003e-04
-6.2737457778136419e-04
-5.8530147459482696e-04
-5.4467582168267383e-04
-5.0571637446504135e-04
-4.6636265023495567e-04
-4.2597464156777978e-04
-3.8279479735681268e-04
-3.4479407737630251e-04
-3.0826314315564936e-04
-2.7377102983599844e-04
-2.3738848136757804e-04
-2.0779287814204098e-04
-1.8203132216859869e-04
-1.5949646343554723e-04
-1.3821499366909419e-04
-1.2209635099263343e-04
-1.0987237205248307e-04
-1.0022646381298894e-04
-9.2455164420524933e-05
-8.7618984421818801e-05
-8.4678517686621196e-05
-8.3082594875107698e-05
-8.2726792072114109e-05
-8.3232323985473614e-05
-8.4247451905819956e-05
-8.5702487336038007e-05
-8.7661931046585355e-05
-8.9386690196067008e-05
-9.1193356324772035e-05
-9.3034593638746251e-05
-9.4809149194927090e-05
-9.6297879909095161e-05
-9.7633723717461439e-05
-9.8920040201861949e-05
-9.9960426400481044e-05
-1.0081756238516400e-04
-1.0151450273075598e-04
-1.0214552177782794e-04
-1.0256602277791808e-04
-1.0282745964915112e-04
-1.0304435465532233e-04
-1.0315634994688571e-04
-1.0313589809317552e-04
-1.0305733697986126e-04
-1.0292041833967149e-04
-1.0269332055086393e-04
-1.0241134897867039e-04
-1.0211239688831389e-04
-1.0175849472879464e-04
-1.0137089904712500e-04
-1.0092828127190469e-04
-1.0048750996298817e-04
-1.0001919836228643e-04
-9.9512911979704460e-05
-9.9020144041640741e-05
-9.8516711851018252e-05
-9.7949596274162390e-05
-9.7418433350837197e-05
-9.6884724228124306e-05
-9.6301930191492705e-05
-9.5758971033004086e-05
-9.5220192478837949e-05
-9.4595168968358834e-05
-9.4052792848160944e-05
-9.3492582573370003e-05
-9.2885852869020960e-05
-9.2344185472962965e-05
-9.1769399318633994e-05
-9.1165435522495481e-05
-9.0620232980620158e-05
-9.0026433345922373e-05
-8.9455993284743969e-05
-8.8920455271209874e-05
-8.8301402719060770e-05
-8.7758230781196788e-05
-8.7211309606537933e-05
-8.6582583168486759e-05
-8.6078672742218688e-05
-8.5504095892868936e-05
-8.4921599792062583e-05
-8.4416784926586089e-05
-8.3794230797738564e-05
-8.3273587312272343e-05
-8.2745653503419762e-05
-8.2146371057983014e-05
-8.1650732952806622e-05
-8.1073888666587571e-05
-8.0526740140505465e-05
-8.0025741147491273e-05
-7.9435125009957682e-05
-7.8942870202592158e-05
-7.8386511600898003e-05
-7.7860129938917011e-05
-7.7338898145879647e-05
-7.6787274433499223e-05
-7.6300528158256697e-05
-7.5727726266823430e-05
-7.5250339981347165e-05
-7.4712917440494897e-05
-7.4183541952986927e-05
-7.3715086306286995e-05
-7.3132095636675815e-05
-7.2686204884120359e-05
-7.2130539405132487e-05
-7.1649630168479916e-05
-7.1141784436201124e-05
-7.0629551817537889e-05
-7.0140482803589428e-05
-6.9623969202796206e-05
-6.9161033080227736e-05
-6.8615565299102348e-05
-6.8178831923494256e-05
-6.7634058814426335e-05
-6.7179090652410019e-05
-6.6671442308785246e-05
-6.6188638444827032e-05
-6.5708129753223535e-05
-6.5219927176114043e-05
-6.4746241948276999e-05
-6.4256015543873822e-05
-6.3792664909542981e-05
-6.3283936606355865e-05
-6.2853781353705223e-05
-6.2323531443029807e-05
-6.1908102513872964e-05
-6.1384968354117507e-05
-6.0962638655811257e-05
-6.0448493229963533e-05
-6.0026701001714640e-05
-5.9505795086197144e-05
-5.9101138015218180e-05
-5.8574025808858189e-05
-5.8171623555273228e-05
-5.7656221456513716e-05
-5.7244994870047092e-05
-5.6738213582069333e-05
-5.6322978782891549e-05
-5.5816550576258686e-05
-5.5411137363698434e-05
-5.4903071852763220e-05
-5.4490091504216376e-05
-5.4007719214653212e-05
-5.3569838701124428e-05
-5.3114231234564204e-05
-5.2658718658996194e-05
-5.2210656829672469e-05
-5.1753015900723233e-05
-5.1312524083487497e-05
-5.0845331048246282e-05
-5.0425908085220733e-05
-4.9934526636099868e-05
-4.9530171276016273e-05
-4.9038762022117052e-05
-4.8622245806591081e-05
-4.8156811602160428e-05
-4.7708844045837947e-05
-4.7278218051145360e-05
-4.6798689888643589e-05
-4.6392718247331388e-05
-4.5897189322435710e-05
-4.5480073386930225e-05
-4.5019098601209714e-05
-4.4573189189351043e-05
-4.4135765223573102e-05
-4.3666561709436178e-05
-4.3251457351021255e-05
-4.2759431215897579e-05
-4.2336275521648386e-05
-4.1875391929590834e-05
-4.1420178111299147e-05
-4.0991056357569010e-05
-4.0500223347288840e-05
-4.0070938753074219e-05
-3.9610635932834009e-05
-3.9148194930502734e-05
-3.8713700842315999e-05
-3.8217963848713580e-05
0.0000000000000000e+00
];
