%Vec Object:dSdr_b_aug_8320 1 MPI processes
%  type: seq
dSdr_b_aug_8320 = [
2.2900516846909222e+03
0.0000000000000000e+00
-6.9928567282738626e-07
-2.8865563285356286e-07
-1.7935282884692941e-07
-1.2719936895181371e-07
-9.5136936902467448e-08
-7.5311763887977243e-08
-6.1875944589409954e-08
-5.1788740533747447e-08
-4.4298703263564790e-08
-3.8556479853245360e-08
-3.3886237133849770e-08
-3.0103978565340523e-08
-2.7003153374559848e-08
-2.4389653128520095e-08
-2.2157760825245690e-08
-2.5237398017551241e-08
-2.3526565364317021e-04
-7.8284232543943350e-04
-7.4199338330453810e-04
-7.0317301715197035e-04
-6.6514036718226814e-04
-6.2724765105585359e-04
-5.8518218062393449e-04
-5.4456368780687891e-04
-5.0561095403091252e-04
-4.6626392123907121e-04
-4.2588265402775203e-04
-3.8270982270211017e-04
-3.4471523929824436e-04
-3.0819010340153529e-04
-2.7370338951067098e-04
-2.3732647456464309e-04
-2.0773542457982390e-04
-1.8197780476641545e-04
-1.5944637848322701e-04
-1.3816815609210984e-04
-1.2205197521864384e-04
-1.0982987409139850e-04
-1.0018548845969061e-04
-9.2415452576471960e-05
-8.7580109536737507e-05
-8.4640218874479904e-05
-8.3044689216048002e-05
-8.2689124579100109e-05
-8.3194774147536064e-05
-8.4209953445261768e-05
-8.5664984551024785e-05
-8.7624397604789750e-05
-8.9349134694740483e-05
-9.1155766375737763e-05
-9.2996985588830969e-05
-9.4771546718041286e-05
-9.6260300772823805e-05
-9.7596196349654572e-05
-9.8882601111058383e-05
-9.9923088669879204e-05
-1.0078034279212230e-04
-1.0147743275542719e-04
-1.0210862722918469e-04
-1.0252930670511167e-04
-1.0279094208070686e-04
-1.0300807554080540e-04
-1.0312028925143606e-04
-1.0310006930927383e-04
-1.0302176538352365e-04
-1.0288511195468799e-04
-1.0265827140551672e-04
-1.0237657166871169e-04
-1.0207790925388797e-04
-1.0172427470762456e-04
-1.0133694781884246e-04
-1.0089464863459601e-04
-1.0045415195829309e-04
-9.9986113330550146e-05
-9.9480150524895015e-05
-9.8987655815053514e-05
-9.8484495822142866e-05
-9.7917711779694949e-05
-9.7386822875092588e-05
-9.6853390783330326e-05
-9.6270918910040790e-05
-9.5728232258946710e-05
-9.5189728179788046e-05
-9.4565029806533042e-05
-9.4022925097779890e-05
-9.3462992804443847e-05
-9.2856574781647848e-05
-9.2315174294586508e-05
-9.1740670496355756e-05
-9.1137011007264211e-05
-9.0592073079235510e-05
-8.9998563700636504e-05
-8.9428409187581291e-05
-8.8893131246736519e-05
-8.8274378384137474e-05
-8.7731480579910235e-05
-8.7184820159816659e-05
-8.6556399028547715e-05
-8.6052745636321006e-05
-8.5478439213431586e-05
-8.4896230562518955e-05
-8.4391669239193670e-05
-8.3769408190903269e-05
-8.3249027130140896e-05
-8.2721352683428153e-05
-8.2122357949419180e-05
-8.1626968659828924e-05
-8.1050407000654429e-05
-8.0503524514962630e-05
-8.0002775601662713e-05
-7.9412451046583375e-05
-7.8920437086855909e-05
-7.8364357640874026e-05
-7.7838234428200819e-05
-7.7317259049698351e-05
-7.6765912666993319e-05
-7.6279407712943531e-05
-7.5706888405547245e-05
-7.5229748493681282e-05
-7.4692588232907244e-05
-7.4163478548165614e-05
-7.3695268531505956e-05
-7.3112558632296482e-05
-7.2666903499604788e-05
-7.2111517771934107e-05
-7.1630847530662937e-05
-7.1123271682661357e-05
-7.0611293749057175e-05
-7.0122476599401048e-05
-6.9606232093845713e-05
-6.9143532745617341e-05
-6.8598347930203077e-05
-6.8161844882703120e-05
-6.7617352371192378e-05
-6.7162624015295875e-05
-6.6655241817970505e-05
-6.6172689625273136e-05
-6.5692436880778604e-05
-6.5204493579883326e-05
-6.4731056537307917e-05
-6.4241098240612758e-05
-6.3777991006251761e-05
-6.3269535403926821e-05
-6.2839620516151983e-05
-6.2309646065955579e-05
-6.1894455200158194e-05
-6.1371599446759475e-05
-6.0949501739547528e-05
-6.0435644498113488e-05
-6.0014082222205110e-05
-5.9493465851120681e-05
-5.9089037788770949e-05
-5.8562216977084628e-05
-5.8160045402329525e-05
-5.7644931821813313e-05
-5.7233938642580686e-05
-5.6727445771287390e-05
-5.6312449911580002e-05
-5.5806307409838884e-05
-5.5401138415910292e-05
-5.4893355040186057e-05
-5.4480623279377546e-05
-5.3998532206630519e-05
-5.3560905069615339e-05
-5.3105574797041751e-05
-5.2650324762005854e-05
-5.2202534564818869e-05
-5.1745166247641867e-05
-5.1304939183887537e-05
-5.0838029534931612e-05
-5.0418862580100138e-05
-4.9927778936406490e-05
-4.9523674289544549e-05
-4.9032563490611330e-05
-4.8616306926470266e-05
-4.8151162359235350e-05
-4.7703470179103199e-05
-4.7273122606602659e-05
-4.6793886387054647e-05
-4.6388179780578462e-05
-4.5892961993413315e-05
-4.5476110459233350e-05
-4.5015439134561358e-05
-4.4569811222112311e-05
-4.4132674762836423e-05
-4.3663774911582525e-05
-4.3248944487741980e-05
-4.2757240685560055e-05
-4.2334364920198258e-05
-4.1873785069930394e-05
-4.1418874854041935e-05
-4.0990038806501502e-05
-4.0499535701033195e-05
-4.0070538032011035e-05
-3.9610544641776715e-05
-3.9148415769781212e-05
-3.8714197239732145e-05
-3.8218720128485163e-05
0.0000000000000000e+00
];
