%Vec Object:dSdr_b_aug_2830 1 MPI processes
%  type: seq
dSdr_b_aug_2830 = [
2.3826194909280116e+03
0.0000000000000000e+00
-1.3053695072194364e-06
-5.3678955518722997e-07
-3.3106511524273066e-07
-2.3406485217636440e-07
-1.7562565258077751e-07
-1.3951695426582695e-07
-1.1504273086717493e-07
-9.6569220751565293e-08
-8.2853188541734084e-08
-7.2340738813382765e-08
-6.3774117312219574e-08
-5.6833642642646163e-08
-5.1143985127993577e-08
-4.6345640232846136e-08
-4.2244877712539795e-08
-3.8746170129926989e-08
-3.5721128312369208e-08
-3.3051342529000550e-08
-3.0712939136080530e-08
-3.9302331782584182e-08
-7.4421449954924595e-05
-6.4972212276126094e-04
-6.1906530212175017e-04
-5.7669215470154851e-04
-5.3582419680020239e-04
-4.9455973674876735e-04
-4.5224637813416786e-04
-4.0706364529518810e-04
-3.6731031048469956e-04
-3.2912336659842074e-04
-2.9308916847154581e-04
-2.5509767722868478e-04
-2.2420166135350347e-04
-1.9731593183102357e-04
-1.7380075984792310e-04
-1.5159184131860389e-04
-1.3477010342694909e-04
-1.2200981794876441e-04
-1.1192905046052354e-04
-1.0379689091266688e-04
-9.8721674556931572e-05
-9.5616681188100502e-05
-9.3908474101331323e-05
-9.3484651736012151e-05
-9.3956582279251108e-05
-9.4957037856120805e-05
-9.6413309468909198e-05
-9.8381509910696585e-05
-1.0011257028625067e-04
-1.0192907567631144e-04
-1.0377548351153676e-04
-1.0554844822558362e-04
-1.0703051357378528e-04
-1.0835157291978271e-04
-1.0961267800720853e-04
-1.1062411617392553e-04
-1.1144751244682734e-04
-1.1210172225684997e-04
-1.1268263966752110e-04
-1.1305216814312947e-04
-1.1325691229291705e-04
-1.1340570489983741e-04
-1.1345531975976766e-04
-1.1336863397510779e-04
-1.1321662004998986e-04
-1.1300395698330133e-04
-1.1270339147655301e-04
-1.1234378359950477e-04
-1.1196210003260523e-04
-1.1153176741110514e-04
-1.1106740440876358e-04
-1.1053379689424489e-04
-1.1001459040562598e-04
-1.0946831761494700e-04
-1.0886961746576377e-04
-1.0829881541597908e-04
-1.0771764341808122e-04
-1.0705584138239562e-04
-1.0644641855096800e-04
-1.0583358922076726e-04
-1.0515878509303970e-04
-1.0453799764092266e-04
-1.0392082884229504e-04
-1.0320294587638112e-04
-1.0258305446525539e-04
-1.0194345247659942e-04
-1.0124770625378910e-04
-1.0062980944550134e-04
-9.9974382162440516e-05
-9.9283508012244404e-05
-9.8662731546974607e-05
-9.7986034518891509e-05
-9.7334041662966046e-05
-9.6724226676657117e-05
-9.6019582509215522e-05
-9.5398117764041395e-05
-9.4776724866891678e-05
-9.4060802509748789e-05
-9.3483482936560140e-05
-9.2831671908465599e-05
-9.2167079580261015e-05
-9.1589852586065895e-05
-9.0883594091143702e-05
-9.0288001603295798e-05
-8.9685993452273075e-05
-8.9004540065457840e-05
-8.8437839723431056e-05
-8.7780276595211216e-05
-8.7157146396182590e-05
-8.6584724116457127e-05
-8.5910831442015140e-05
-8.5349790034121780e-05
-8.4713703978639434e-05
-8.4113508639214893e-05
-8.3519044300166072e-05
-8.2888214639396910e-05
-8.2332546481044631e-05
-8.1679037973816950e-05
-8.1131286817864306e-05
-8.0518956487167943e-05
-7.9913667113899473e-05
-7.9375058943914031e-05
-7.8711879592623685e-05
-7.8198695216315193e-05
-7.7563132090204622e-05
-7.7013965155384246e-05
-7.6429039799119075e-05
-7.5844068462963069e-05
-7.5283066340653502e-05
-7.4689698435650151e-05
-7.4159138892132868e-05
-7.3532855348021754e-05
-7.3030339579898134e-05
-7.2405427026773990e-05
-7.1881969506926101e-05
-7.1298308990827520e-05
-7.0743627031716395e-05
-7.0190019033512522e-05
-6.9627766336171484e-05
-6.9083198558087306e-05
-6.8516399703851241e-05
-6.7983533161198787e-05
-6.7396920542225620e-05
-6.6898116160417977e-05
-6.6289193723571800e-05
-6.5805772924124739e-05
-6.5203124829228855e-05
-6.4714537437885161e-05
-6.4118085377746890e-05
-6.3630617648314288e-05
-6.3027016588654609e-05
-6.2556953452191699e-05
-6.1946617564912545e-05
-6.1478332129414964e-05
-6.0880527744464909e-05
-6.0402638611907410e-05
-5.9813483908548708e-05
-5.9330006396790754e-05
-5.8741979101026524e-05
-5.8266815262887927e-05
-5.7678169966298013e-05
-5.7194190950757263e-05
-5.6631500937549315e-05
-5.6121253799747088e-05
-5.5586477245995753e-05
-5.5055980454108730e-05
-5.4530337643552408e-05
-5.3994835726544912e-05
-5.3478727019549358e-05
-5.2930595247563753e-05
-5.2438052474840034e-05
-5.1861613467881336e-05
-5.1385649780205197e-05
-5.0808996554703015e-05
-5.0318318216590124e-05
-4.9770157214266121e-05
-4.9243535063808408e-05
-4.8733383642791311e-05
-4.8170467362236369e-05
-4.7688791365115583e-05
-4.7104389326527649e-05
-4.6611746381846382e-05
-4.6064086554068124e-05
-4.5537761277200588e-05
-4.5018201829184220e-05
-4.4462243233400993e-05
-4.3968867381642460e-05
-4.3384737312276978e-05
-4.2881575087214352e-05
-4.2333864200951018e-05
-4.1791833145335620e-05
-4.1280958009988326e-05
-4.0695666863269218e-05
-4.0184049186677314e-05
-3.9634669342251784e-05
-3.9081584203933060e-05
-3.8564168579573748e-05
-3.7971722604576727e-05
0.0000000000000000e+00
];
