%Vec Object:dSdr_b_aug_4410 1 MPI processes
%  type: seq
dSdr_b_aug_4410 = [
2.3440108453780217e+03
0.0000000000000000e+00
-1.0007118873443348e-06
-4.1290732739184110e-07
-2.5596704829383596e-07
-1.8155660030259746e-07
-1.3628591019585577e-07
-1.0830222904833413e-07
-8.9334108849200484e-08
-7.5041151870582126e-08
-6.4427357624287101e-08
-5.6291257069759936e-08
-4.9662901687776715e-08
-4.4292502512316633e-08
-3.9889509404463031e-08
-3.6176025265335741e-08
-3.3002177552213522e-08
-3.0294066876621344e-08
-2.7952383508789336e-08
-2.6369534165222790e-08
-1.8142283920188755e-05
-7.0459900693191824e-04
-6.8803126672809195e-04
-6.4921327243214926e-04
-6.0583157522608338e-04
-5.6397380606218548e-04
-5.2385899369159611e-04
-4.8335368715941802e-04
-4.4180548794626339e-04
-3.9741874046694592e-04
-3.5836192817369938e-04
-3.2083311412507199e-04
-2.8541176992469291e-04
-2.4805970322191079e-04
-2.1768049613521992e-04
-1.9124153462094602e-04
-1.6811595781839078e-04
-1.4627562501322522e-04
-1.2973331045442702e-04
-1.1718616333103649e-04
-1.0727821712986483e-04
-9.9289470232662383e-05
-9.4309251453092378e-05
-9.1269644094537061e-05
-8.9606060923249893e-05
-8.9209270845490749e-05
-8.9694555238558661e-05
-9.0700841913270120e-05
-9.2156622275607511e-05
-9.4121342660491306e-05
-9.5849898840089134e-05
-9.7662493950802503e-05
-9.9506846951743431e-05
-1.0128044392453012e-04
-1.0276515824092515e-04
-1.0409209323667566e-04
-1.0536321783556719e-04
-1.0638616052153764e-04
-1.0722296568955093e-04
-1.0789415754218665e-04
-1.0849498640514899e-04
-1.0888477243390503e-04
-1.0911204744658192e-04
-1.0928790533516573e-04
-1.0936231145278491e-04
-1.0930194837545549e-04
-1.0917912607470140e-04
-1.0899656536007360e-04
-1.0872519739436260e-04
-1.0839644373105374e-04
-1.0804763929342586e-04
-1.0764768164742233e-04
-1.0721382745993798e-04
-1.0671638102023983e-04
-1.0622834618414079e-04
-1.0571305667276813e-04
-1.0515108353217426e-04
-1.0461129374109170e-04
-1.0406101703917777e-04
-1.0343684522182703e-04
-1.0285852438346151e-04
-1.0227713894530478e-04
-1.0163890139502254e-04
-1.0104904440294061e-04
-1.0046302939400996e-04
-9.9782050558055383e-05
-9.9192965212759431e-05
-9.8584915015880302e-05
-9.7924545665627218e-05
-9.7336943889544329e-05
-9.6713564938766429e-05
-9.6057230630436304e-05
-9.5466488692861457e-05
-9.4822736678987378e-05
-9.4203154467926384e-05
-9.3622858575735470e-05
-9.2952230157097076e-05
-9.2361880474997469e-05
-9.1770084068661738e-05
-9.1088815040738967e-05
-9.0540669670261055e-05
-8.9919552979906254e-05
-8.9287587254900132e-05
-8.8739138218134724e-05
-8.8066145431075298e-05
-8.7500339102384111e-05
-8.6927769503670422e-05
-8.6278972412023628e-05
-8.5740513553869205e-05
-8.5115029628509879e-05
-8.4522095990756943e-05
-8.3978058682477024e-05
-8.3337261687090812e-05
-8.2803557380810818e-05
-8.2199156530628225e-05
-8.1628296148699082e-05
-8.1062935814197717e-05
-8.0463584101853316e-05
-7.9935306807872849e-05
-7.9313872642383095e-05
-7.8794085821039204e-05
-7.8211525267441359e-05
-7.7636405512727076e-05
-7.7125677285681062e-05
-7.6494366437687936e-05
-7.6007925822446328e-05
-7.5404115536309861e-05
-7.4882075503303322e-05
-7.4327783050191158e-05
-7.3771719457623532e-05
-7.3239304914084644e-05
-7.2676480364520127e-05
-7.2172795646851748e-05
-7.1578629816433759e-05
-7.1102257213372805e-05
-7.0509193590790302e-05
-7.0012955034513434e-05
-6.9459503191329072e-05
-6.8933386943290342e-05
-6.8408829988220608e-05
-6.7876006204718907e-05
-6.7359608486945363e-05
-6.6823240966868753e-05
-6.6318001353271835e-05
-6.5762341427081172e-05
-6.5290819497953621e-05
-6.4713163001496227e-05
-6.4256763445366878e-05
-6.3685715680467957e-05
-6.3223460334693122e-05
-6.2659718473814498e-05
-6.2198351412898946e-05
-6.1627614950456400e-05
-6.1183545400354179e-05
-6.0606284157089035e-05
-6.0164181919195889e-05
-5.9599125736022339e-05
-5.9147729530521003e-05
-5.8591311550094271e-05
-5.8134954948211418e-05
-5.7579356637227039e-05
-5.7131912975900771e-05
-5.6575291566066212e-05
-5.6119528714807120e-05
-5.5588758431363032e-05
-5.5107271100152275e-05
-5.4603957775671929e-05
-5.4103261059235190e-05
-5.3608450321136519e-05
-5.3103891748575464e-05
-5.2617834529946349e-05
-5.2101869239308829e-05
-5.1638385546747505e-05
-5.1095749894161928e-05
-5.0648244567400721e-05
-5.0105468748376610e-05
-4.9644263660831430e-05
-4.9128979649795599e-05
-4.8633616092531091e-05
-4.8155069318531921e-05
-4.7625292751960232e-05
-4.7173702752353099e-05
-4.6624620166133250e-05
-4.6161992612804818e-05
-4.5648782502877098e-05
-4.5154415346350055e-05
-4.4667497289533599e-05
-4.4146015818043673e-05
-4.3683745316497635e-05
-4.3136217535264536e-05
-4.2664849409604289e-05
-4.2151642650683967e-05
-4.1644110717737824e-05
-4.1165720637536315e-05
-4.0617960909990677e-05
-4.0139050911770523e-05
-3.9625048361193984e-05
-3.9107936898910385e-05
-3.8623335928768668e-05
-3.8068583567754757e-05
0.0000000000000000e+00
];
