%Vec Object:dSdr_b_aug_5880 1 MPI processes
%  type: seq
dSdr_b_aug_5880 = [
2.3200420379226925e+03
0.0000000000000000e+00
-8.5237374985212896e-07
-3.5227067468605013e-07
-2.1894070094962992e-07
-1.5552850585872612e-07
-1.1673686409544934e-07
-9.2752772709336191e-08
-7.6495517949168783e-08
-6.4259048716392232e-08
-5.5171744860784776e-08
-4.8205179628863791e-08
-4.2531200190005507e-08
-3.7934126386973091e-08
-3.4164988598428325e-08
-3.0986191814890894e-08
-2.8269438252417754e-08
-2.5951279093460055e-08
-2.4389353885880834e-08
-3.0748648040364871e-05
-7.4619498900434364e-04
-7.1661718141636946e-04
-6.7799266247246511e-04
-6.3943470390405530e-04
-5.9663638497414837e-04
-5.5533040415285033e-04
-5.1573306794345315e-04
-4.7574354529573916e-04
-4.3471498560943841e-04
-3.9086879989303896e-04
-3.5228500241242354e-04
-3.1520313029644606e-04
-2.8019798074574014e-04
-2.4328015305566592e-04
-2.1325191550817022e-04
-1.8711635820449393e-04
-1.6425535902812993e-04
-1.4266533614591695e-04
-1.2631278050871198e-04
-1.1391037756529999e-04
-1.0411979585002812e-04
-9.6228441760920488e-05
-9.1312736657952678e-05
-8.8317533484114335e-05
-8.6684254765174111e-05
-8.6305822500857510e-05
-8.6800175554756586e-05
-8.7810422122127550e-05
-8.9265868886102966e-05
-9.1228226009583866e-05
-9.2955081638735167e-05
-9.4765021308485919e-05
-9.6607978913034649e-05
-9.8382005314210221e-05
-9.9868518621686246e-05
-1.0119944387472541e-04
-1.0247737286130057e-04
-1.0350812841495113e-04
-1.0435403960561544e-04
-1.0503676399537402e-04
-1.0565111479105815e-04
-1.0605465779996639e-04
-1.0629723362414827e-04
-1.0649147169436780e-04
-1.0658271368859890e-04
-1.0654022651406550e-04
-1.0643722842792853e-04
-1.0627511041536344e-04
-1.0602357069022184e-04
-1.0571577033246120e-04
-1.0538929434202421e-04
-1.0500996456124598e-04
-1.0459682916951340e-04
-1.0412394002703549e-04
-1.0365707412704635e-04
-1.0316282562647813e-04
-1.0262579411565027e-04
-1.0210706501660057e-04
-1.0157776957677807e-04
-1.0097915276858073e-04
-1.0042195356305300e-04
-9.9861921944830996e-05
-9.9248517076809873e-05
-9.8679665229103419e-05
-9.8114807030061704e-05
-9.7458890112386997e-05
-9.6890725435189989e-05
-9.6304102335959292e-05
-9.5667757730551512e-05
-9.5100729575866823e-05
-9.4499114928675766e-05
-9.3866236930832374e-05
-9.3295891704416707e-05
-9.2674512939642408e-05
-9.2076941082787426e-05
-9.1516691866790770e-05
-9.0869163843388537e-05
-9.0299944674752524e-05
-8.9728247505961668e-05
-8.9070511860419541e-05
-8.8542178948094482e-05
-8.7941907059141343e-05
-8.7332098360138187e-05
-8.6803192699379893e-05
-8.6152790960438460e-05
-8.5607212686962072e-05
-8.5054635080700718e-05
-8.4428015179980969e-05
-8.3908735374592014e-05
-8.3305036731871941e-05
-8.2732609858042044e-05
-8.2207849046796527e-05
-8.1589527632843566e-05
-8.1074388206163060e-05
-8.0491505072331302e-05
-7.9940566332446702e-05
-7.9394970798002566e-05
-7.8816996052712707e-05
-7.8307320150285616e-05
-7.7707667968534102e-05
-7.7206871988082102e-05
-7.6644528368098209e-05
-7.6089897083214106e-05
-7.5598102386811977e-05
-7.4988433737442292e-05
-7.4520155062134206e-05
-7.3937908427270779e-05
-7.3434290529416919e-05
-7.2900801169046168e-05
-7.2364369098263455e-05
-7.1851368650085651e-05
-7.1309286382018920e-05
-7.0823852614663261e-05
-7.0251498227800463e-05
-6.9792879698611033e-05
-6.9221444987680825e-05
-6.8743691091011501e-05
-6.8210754246906603e-05
-6.7704037248361053e-05
-6.7199209136877634e-05
-6.6686370813218284e-05
-6.6189103657279848e-05
-6.5673402351458567e-05
-6.5186924456134848e-05
-6.4652284805626975e-05
-6.4199290659664468e-05
-6.3642867170560563e-05
-6.3204818010246914e-05
-6.2655230342249468e-05
-6.2210857354656890e-05
-6.1669329315792662e-05
-6.1225687485918926e-05
-6.0677269702038197e-05
-6.0250852666013026e-05
-5.9696052750058532e-05
-5.9271731797161079e-05
-5.8728915256022485e-05
-5.8295510680680364e-05
-5.7761324552306137e-05
-5.7323386055295079e-05
-5.6789810615176350e-05
-5.6361192033261957e-05
-5.5826318396479040e-05
-5.5389717462821753e-05
-5.4880624227673583e-05
-5.4418668017251195e-05
-5.3936721738703206e-05
-5.3456262612164387e-05
-5.2982390309934521e-05
-5.2498845747765778e-05
-5.2033196881278751e-05
-5.1539076265055410e-05
-5.1095326993894369e-05
-5.0575647658103115e-05
-5.0147468828557349e-05
-4.9627699650741969e-05
-4.9186510321491370e-05
-4.8693553606603562e-05
-4.8219418305634733e-05
-4.7762334830476741e-05
-4.7255064084548141e-05
-4.6823906145732317e-05
-4.6298809772976968e-05
-4.5856566467717896e-05
-4.5366752093814540e-05
-4.4894088723839833e-05
-4.4429338619814979e-05
-4.3931271965330692e-05
-4.3490126735505166e-05
-4.2967457616960985e-05
-4.2517683364051645e-05
-4.2027911623137638e-05
-4.1543812419511031e-05
-4.1087489055816624e-05
-4.0565226109521862e-05
-4.0108542589219766e-05
-3.9618591161212626e-05
-3.9125965115137584e-05
-3.8663804061030369e-05
-3.8135472619181482e-05
0.0000000000000000e+00
];
