%Vec Object:dSdr_b_aug_7740 1 MPI processes
%  type: seq
dSdr_b_aug_7740 = [
2.2962910748298691e+03
0.0000000000000000e+00
-7.3019718660019576e-07
-3.0221969911935630e-07
-1.8826781020392332e-07
-1.3392080672346236e-07
-1.0051005663819729e-07
-7.9848527794802441e-08
-6.5843295968066743e-08
-5.5312933334808932e-08
-4.7492126655757224e-08
-4.1495986323336807e-08
-3.6613665661349669e-08
-3.2658053568143902e-08
-2.9414710459127786e-08
-2.6679432010122288e-08
-2.4341818181069838e-08
-2.2587325248906237e-08
-3.4208404686650972e-05
-7.8121228392756753e-04
-7.4498823100176386e-04
-7.0604884882293699e-04
-6.6787149148272952e-04
-6.2983716855905816e-04
-5.8761597714977515e-04
-5.4685140635042531e-04
-5.0776170706578691e-04
-4.6827815765519828e-04
-4.2775935336639734e-04
-3.8444344731861882e-04
-3.4632366737384596e-04
-3.0968023585270315e-04
-2.7508336446413668e-04
-2.3859151608468897e-04
-2.0890757224943939e-04
-1.8306964807466151e-04
-1.6046819396768356e-04
-1.3912371984324529e-04
-1.2295731372025792e-04
-1.1069690201703947e-04
-1.0102145260809454e-04
-9.3225639008129698e-05
-8.8373220628055446e-05
-8.5421577161757536e-05
-8.3818026585454259e-05
-8.3457603040416740e-05
-8.3960852333473415e-05
-8.4974983533576850e-05
-8.6430102952464110e-05
-8.8390141542467118e-05
-9.0115328761534896e-05
-9.1922663307556036e-05
-9.3764251877909608e-05
-9.5538699371913578e-05
-9.7026977296984322e-05
-9.8361816763246801e-05
-9.9646420574724353e-05
-1.0068484026010386e-04
-1.0153968421924581e-04
-1.0223372176752324e-04
-1.0286133727776659e-04
-1.0327837557889610e-04
-1.0353596116224393e-04
-1.0374822978934266e-04
-1.0385598741065163e-04
-1.0383103610766540e-04
-1.0374748514637011e-04
-1.0360542098228546e-04
-1.0337333233249819e-04
-1.0308608671550355e-04
-1.0278151445113012e-04
-1.0242242016189496e-04
-1.0202960946300697e-04
-1.0158081050249926e-04
-1.0113471087419158e-04
-1.0066110315358523e-04
-1.0014853884774005e-04
-9.9650469836075057e-05
-9.9141756564773020e-05
-9.8568208674545141e-05
-9.8031729338718607e-05
-9.7492645361065594e-05
-9.6903600824179421e-05
-9.6355354574036048e-05
-9.5811250753398237e-05
-9.5179919043089235e-05
-9.4632277094492247e-05
-9.4066673520709287e-05
-9.3453896677875737e-05
-9.2907050806734494e-05
-9.2326786477289432e-05
-9.1716918620309297e-05
-9.1166582132588052e-05
-9.0567151048560177e-05
-8.9991170880348038e-05
-8.9450587026451651e-05
-8.8825719999099652e-05
-8.8277229414188623e-05
-8.7725249169355495e-05
-8.7090599271356112e-05
-8.6581701958593076e-05
-8.6001878378773056e-05
-8.5413805256094447e-05
-8.4904071236283364e-05
-8.4275830840329778e-05
-8.3750095863783060e-05
-8.3217129981934409e-05
-8.2612265439266664e-05
-8.2111799881779383e-05
-8.1529472143503342e-05
-8.0977161974355580e-05
-8.0471311002029084e-05
-7.9875037661282164e-05
-7.9378109992066234e-05
-7.8816335286233509e-05
-7.8284939259288589e-05
-7.7758732579205289e-05
-7.7201728190140140e-05
-7.6710299863138405e-05
-7.6132015350664637e-05
-7.5649848987434723e-05
-7.5107337755880499e-05
-7.4572805230844693e-05
-7.4099583931912491e-05
-7.3511145826275637e-05
-7.3060683634530707e-05
-7.2499590490422372e-05
-7.2014044322528021e-05
-7.1500962361332866e-05
-7.0983788403616326e-05
-7.0489832777944039e-05
-6.9968098255135275e-05
-6.9500568289970294e-05
-6.8949610474241206e-05
-6.8508408322384112e-05
-6.7958191123153330e-05
-6.7498570293527771e-05
-6.6985758236923725e-05
-6.6498071499389782e-05
-6.6012596974082531e-05
-6.5519363972064829e-05
-6.5040863501237352e-05
-6.4545435323471958e-05
-6.4077362286278712e-05
-6.3563343091478080e-05
-6.3128524319048474e-05
-6.2592929971955956e-05
-6.2172882172907586e-05
-6.1644346418029890e-05
-6.1217515657858895e-05
-6.0697778921722273e-05
-6.0271525182161722e-05
-5.9745001564545353e-05
-5.9335901286489302e-05
-5.8803135473908078e-05
-5.8396257602312516e-05
-5.7875257697896324e-05
-5.7459502550138290e-05
-5.6947125418931515e-05
-5.6527254714637467e-05
-5.6015283268300097e-05
-5.5605131715415532e-05
-5.5091592210555305e-05
-5.4673788740639929e-05
-5.4185960261722071e-05
-5.3743163700031236e-05
-5.3282178076583707e-05
-5.2821571635445923e-05
-5.2368239536759633e-05
-5.1905309318722368e-05
-5.1459680662227051e-05
-5.0986989262447062e-05
-5.0562599098711830e-05
-5.0065439488114449e-05
-4.9656219613067539e-05
-4.9159019541837056e-05
-4.8737465334001046e-05
-4.8266411321133290e-05
-4.7813100598984036e-05
-4.7377072288192085e-05
-4.6891879416170550e-05
-4.6480765055342315e-05
-4.5979198835689058e-05
-4.5556952259723829e-05
-4.5090088859603869e-05
-4.4638716743227373e-05
-4.4195713289769378e-05
-4.3720616512790277e-05
-4.3300195266239784e-05
-4.2801912654089298e-05
-4.2373322411554969e-05
-4.1906541094867915e-05
-4.1445430502586603e-05
-4.1010756403604515e-05
-4.0513508716135491e-05
-4.0078634495139776e-05
-3.9612286795267310e-05
-3.9143701726636110e-05
-3.8703613155394065e-05
-3.8201513176336334e-05
0.0000000000000000e+00
];
