%Vec Object:dSdr_b_aug_4100 1 MPI processes
%  type: seq
dSdr_b_aug_4100 = [
2.3486494383440445e+03
0.0000000000000000e+00
-1.0317184850792952e-06
-4.2524095669140948e-07
-2.6326957472497062e-07
-1.8652588269262409e-07
-1.3989930289036031e-07
-1.1108002556036648e-07
-9.1546470886984608e-08
-7.6828934465954192e-08
-6.5900700051334484e-08
-5.7523910758851104e-08
-5.0701016003302155e-08
-4.5173591357069449e-08
-4.0642097400294995e-08
-3.6820836174758901e-08
-3.3555487079612532e-08
-3.0769464129977925e-08
-2.8360608453831272e-08
-2.6294530314658381e-08
-2.5479931496737821e-06
-6.2504782989265589e-04
-6.8981503040154151e-04
-6.5167515582437998e-04
-6.0815889711057899e-04
-5.6616176110931980e-04
-5.2591596613100534e-04
-4.8528009596905376e-04
-4.4360035673385968e-04
-3.9907677301061483e-04
-3.5990022311243220e-04
-3.2225827146950764e-04
-2.8673157295125553e-04
-2.4926958422483137e-04
-2.1880153371128233e-04
-1.9228576932025780e-04
-1.6909321809004807e-04
-1.4718952253835589e-04
-1.3059917294424425e-04
-1.1801538569253606e-04
-1.0807773018333543e-04
-1.0006432955390441e-04
-9.5067779978191494e-05
-9.2016932287105732e-05
-9.0345677952136043e-05
-8.9944240851351509e-05
-9.0427229651973443e-05
-9.1432513953091215e-05
-9.2888378801897573e-05
-9.4853697471521369e-05
-9.6582684174500329e-05
-9.8395951523480934e-05
-1.0024065779544361e-04
-1.0201414610515841e-04
-1.0349840506825187e-04
-1.0482433001745301e-04
-1.0609373220656991e-04
-1.0711469719679535e-04
-1.0794919723057885e-04
-1.0861746967615354e-04
-1.0921487558440910e-04
-1.0960117921906419e-04
-1.0982458103605015e-04
-1.0999578622571384e-04
-1.1006593056491770e-04
-1.1000104243950511e-04
-1.0987320190033057e-04
-1.0968546638488879e-04
-1.0940907916104090e-04
-1.0907502144364191e-04
-1.0872056485235146e-04
-1.0831538553284531e-04
-1.0787628665376894e-04
-1.0737262385512881e-04
-1.0687923037986611e-04
-1.0635861461180768e-04
-1.0579032782296544e-04
-1.0524520679287022e-04
-1.0468961895848123e-04
-1.0405897822339848e-04
-1.0347531071927829e-04
-1.0288851984008841e-04
-1.0224399621950019e-04
-1.0164882204891401e-04
-1.0105745146922368e-04
-1.0037012853452897e-04
-9.9775747394559856e-05
-9.9162273206803328e-05
-9.8495822304675332e-05
-9.7903012584092853e-05
-9.7274124282880175e-05
-9.6611852314306210e-05
-9.6015947214582846e-05
-9.5366531703372067e-05
-9.4741377857095974e-05
-9.4156007409424851e-05
-9.3479531425600469e-05
-9.2883832828487284e-05
-9.2286948561283289e-05
-9.1599722362909440e-05
-9.1046561726003381e-05
-9.0420168442720999e-05
-8.9782593949970914e-05
-8.9229197757254077e-05
-8.8550486335205910e-05
-8.7979559532717244e-05
-8.7401929216383728e-05
-8.6747518252177285e-05
-8.6204204461493055e-05
-8.5573205869984731e-05
-8.4975081206553680e-05
-8.4426164298759921e-05
-8.3779677896740897e-05
-8.3241274127559910e-05
-8.2631426341794729e-05
-8.2055523049845351e-05
-8.1485159507759590e-05
-8.0880396488419663e-05
-8.0347410488542187e-05
-7.9720462491068950e-05
-7.9195868379539869e-05
-7.8608190166017567e-05
-7.8027884015373169e-05
-7.7512363005134970e-05
-7.6875573709316069e-05
-7.6384535628871463e-05
-7.5775266777890630e-05
-7.5248563414262370e-05
-7.4689004921634216e-05
-7.4127971857444703e-05
-7.3590642880824413e-05
-7.3022567684758515e-05
-7.2514262968819345e-05
-7.1914575846846108e-05
-7.1433709022982557e-05
-7.0835170313974074e-05
-7.0334252598023926e-05
-6.9775607640556011e-05
-6.9244580715606220e-05
-6.8715029650839193e-05
-6.8177146798207401e-05
-6.7655906417395204e-05
-6.7114307503290675e-05
-6.6604318593930102e-05
-6.6043337646789710e-05
-6.5567125638787478e-05
-6.4984094270132255e-05
-6.4523049537524560e-05
-6.3946569414611275e-05
-6.3479787368922726e-05
-6.2910422353070031e-05
-6.2444568365689406e-05
-6.1868182203770231e-05
-6.1419644133142322e-05
-6.0836697079057866e-05
-6.0390093722221190e-05
-5.9819407843128414e-05
-5.9363457270441727e-05
-5.8801411563820128e-05
-5.8340392635752748e-05
-5.7779219496776342e-05
-5.7327010486055880e-05
-5.6764883882444694e-05
-5.6304270412001203e-05
-5.5768012834054110e-05
-5.5281581420184582e-05
-5.4772859269653284e-05
-5.4267039631579865e-05
-5.3766928558629388e-05
-5.3257050516884948e-05
-5.2765827139776675e-05
-5.2244332099461609e-05
-5.1775852835828974e-05
-5.1227406024327498e-05
-5.0775008374794044e-05
-5.0226408643227570e-05
-4.9760136738400460e-05
-4.9239200762873388e-05
-4.8738463436618677e-05
-4.8254483381121448e-05
-4.7719009613519557e-05
-4.7262247338456461e-05
-4.6707092760910747e-05
-4.6239304976964536e-05
-4.5720172275859861e-05
-4.5220310772962144e-05
-4.4727780807112665e-05
-4.4200371712238867e-05
-4.3732753044457643e-05
-4.3178931876811115e-05
-4.2702096588127794e-05
-4.2182956280724370e-05
-4.1669490892127901e-05
-4.1185512370955992e-05
-4.0631294589330446e-05
-4.0146751917184859e-05
-3.9626649619266349e-05
-3.9103315422573831e-05
-3.8612964849697909e-05
-3.8051155256331329e-05
0.0000000000000000e+00
];
