%Vec Object:dSdr_b_aug_80 1 MPI processes
%  type: seq
dSdr_b_aug_80 = [
2.6647265843233272e+03
0.0000000000000000e+00
-1.2195278152283361e-05
-4.8612817555315262e-06
-2.8636481080508449e-06
-1.9756613853244297e-06
-1.4845313978766908e-06
-1.1823504078374783e-06
-9.7764197045411168e-07
-8.1988252091956289e-07
-7.0286968646818552e-07
-6.1329935539877285e-07
-5.4001473115187871e-07
-4.8062543599138784e-07
-4.3196716915035912e-07
-3.9091808002037483e-07
-3.5582133070144659e-07
-3.2588875352408898e-07
-3.0001602173988124e-07
-2.7718069386611281e-07
-2.5718076596439275e-07
-2.3954688814008150e-07
-2.2369427483683989e-07
-2.0952460304943343e-07
-1.9681434808453420e-07
-1.8528119996953272e-07
-1.7479420425958208e-07
-1.6526378945708083e-07
-1.5654490613733523e-07
-1.4851675846461099e-07
-1.4114581838615108e-07
-1.3435432334313659e-07
-1.2804073917027846e-07
-1.2219595080746798e-07
-1.1677255140395809e-07
-1.1170153429738281e-07
-1.0697078021192113e-07
-1.0255281626633819e-07
-9.8405208821863138e-08
-9.4509730514984191e-08
-9.0852071921612721e-08
-8.7405456497901935e-08
-8.4150514856933857e-08
-8.1080113184092574e-08
-7.8176995350358007e-08
-7.5422780648675337e-08
-7.2814297448678896e-08
-7.0340229727636060e-08
-6.7984089509716450e-08
-6.5745054908291252e-08
-6.3615764115060409e-08
-6.1585415139170652e-08
-5.9660941656711730e-08
-5.7865274056766193e-08
-5.6289502278433649e-08
-5.5288734023842741e-08
-5.6139143374896273e-08
-6.3624244382846332e-08
-9.7361873334087500e-08
-2.3594110351056670e-07
-7.4426482743712026e-07
-2.4571716837385677e-06
-7.7932114877881583e-06
-2.1883045096022769e-05
-4.8536002567769928e-05
-8.0119352484434676e-05
-1.0478804680350251e-04
-1.1996156537635292e-04
-1.2844158045634637e-04
-1.3291531522829290e-04
-1.3513406369592906e-04
-1.3608122116263055e-04
-1.3630047396560014e-04
-1.3602537945023440e-04
-1.3558052737550172e-04
-1.3498637135225705e-04
-1.3423071364134157e-04
-1.3350210616899156e-04
-1.3274093359913052e-04
-1.3183978590272844e-04
-1.3102807718692115e-04
-1.3020612749818153e-04
-1.2928447302864457e-04
-1.2845392538833039e-04
-1.2762454645975465e-04
-1.2665448849217013e-04
-1.2582390072787096e-04
-1.2496829284594461e-04
-1.2403019886566777e-04
-1.2320472144970623e-04
-1.2232964925451846e-04
-1.2140202209860654e-04
-1.2057536302896441e-04
-1.1967281957879550e-04
-1.1879863735457932e-04
-1.1798645264488896e-04
-1.1704860844605356e-04
-1.1621382837065696e-04
-1.1538953007968496e-04
-1.1443603344083720e-04
-1.1365870255619742e-04
-1.1279646004142822e-04
-1.1190819066425241e-04
-1.1113367179008714e-04
-1.1019935464284017e-04
-1.0939955829994020e-04
-1.0859572941496801e-04
-1.0769039539228142e-04
-1.0693008114918249e-04
-1.0605259384872274e-04
-1.0522244640037920e-04
-1.0445542666948864e-04
-1.0355464132729943e-04
-1.0280618650864242e-04
-1.0195287772854543e-04
-1.0115157238020047e-04
-1.0035758145854122e-04
-9.9510950200373639e-05
-9.8767500427005971e-05
-9.7894101804951454e-05
-9.7154637652407884e-05
-9.6338216840328772e-05
-9.5526095875924123e-05
-9.4796353569400352e-05
-9.3914695801979966e-05
-9.3218166852133266e-05
-9.2364918489900672e-05
-9.1629780557356719e-05
-9.0834848167677481e-05
-9.0051697169427639e-05
-8.9294710480180292e-05
-8.8491949923182625e-05
-8.7777148278405311e-05
-8.6930679096061526e-05
-8.6248937625575141e-05
-8.5405682523882084e-05
-8.4695624342703989e-05
-8.3904866827491678e-05
-8.3154351772428159e-05
-8.2401583618153980e-05
-8.1637580467593674e-05
-8.0899892851423166e-05
-8.0124471809005378e-05
-7.9402209582262958e-05
-7.8603401179112438e-05
-7.7917563398089147e-05
-7.7094298440285374e-05
-7.6425635795745385e-05
-7.5606353562000336e-05
-7.4937250207444977e-05
-7.4116556040670762e-05
-7.3450159655624126e-05
-7.2621259171293186e-05
-7.1973002701220917e-05
-7.1135928756698138e-05
-7.0488151508653598e-05
-6.9665848644679627e-05
-6.9006346023838783e-05
-6.8192773404736047e-05
-6.7523379170071558e-05
-6.6713045993840528e-05
-6.6047859443329533e-05
-6.5239688244373063e-05
-6.4562289159744322e-05
-6.3780790537739494e-05
-6.3073400021880743e-05
-6.2322948449122738e-05
-6.1588181093673281e-05
-6.0851195296543732e-05
-6.0103590608612862e-05
-5.9381496715758510e-05
-5.8612884040718011e-05
-5.7921167775141636e-05
-5.7113035599294793e-05
-5.6442027354227993e-05
-5.5633185790341242e-05
-5.4940519569988445e-05
-5.4167045315003606e-05
-5.3426215574849597e-05
-5.2699496565442023e-05
-5.1909504670109875e-05
-5.1221705365051039e-05
-5.0395325324275746e-05
-4.9697092994093236e-05
-4.8913479180727254e-05
-4.8168324441486992e-05
-4.7425307077700921e-05
-4.6633380167977135e-05
-4.5927247084997979e-05
-4.5092813778482468e-05
-4.4372496225160946e-05
-4.3589330070159483e-05
-4.2812297150550784e-05
-4.2080893043326101e-05
-4.1241633471639999e-05
-4.0511228829819418e-05
-3.9729239165773956e-05
-3.8950718453424538e-05
-3.8267995389893006e-05
-3.7734041176127864e-05
0.0000000000000000e+00
];
