%Vec Object:dSdr_b_aug_4320 1 MPI processes
%  type: seq
dSdr_b_aug_4320 = [
2.3452300326174663e+03
0.0000000000000000e+00
-1.0088843570721230e-06
-4.1622342208445933e-07
-2.5797502167882012e-07
-1.8295656207576621e-07
-1.3732950100802796e-07
-1.0912594191428417e-07
-9.0008858217506371e-08
-7.5603149927523302e-08
-6.4905714117154021e-08
-5.6705549231241725e-08
-5.0025036425584635e-08
-4.4612415973986827e-08
-4.0174831670753589e-08
-3.6432210195038997e-08
-3.3233496401940602e-08
-3.0504183479337039e-08
-2.8144180164789745e-08
-2.6340055909420253e-08
-1.0978395118938794e-05
-6.9320872494531033e-04
-6.8865488251496521e-04
-6.4993333358675306e-04
-6.0651060678599113e-04
-5.6461213604701212e-04
-5.2445910863096470e-04
-4.8391571054272271e-04
-4.4232913496541009e-04
-3.9790246597099264e-04
-3.5881072063298638e-04
-3.2124889907100352e-04
-2.8579681810210407e-04
-2.4841268201938183e-04
-2.1800755516206111e-04
-1.9154618666743938e-04
-1.6840107030143982e-04
-1.4654225162930037e-04
-1.2998592301131270e-04
-1.1742808625375762e-04
-1.0751147246146366e-04
-9.9515532920125657e-05
-9.4530549684300496e-05
-9.1487662994441479e-05
-8.9821841784455854e-05
-8.9423695950438962e-05
-8.9908310609253657e-05
-9.0914304841801640e-05
-9.2370109849879069e-05
-9.4335004779562458e-05
-9.6063686560326933e-05
-9.7876477791814152e-05
-9.9720933855962422e-05
-1.0149449912462468e-04
-1.0297908059128506e-04
-1.0430572090751379e-04
-1.0557634299744909e-04
-1.0659870869575749e-04
-1.0743484129873508e-04
-1.0810518145304036e-04
-1.0870501169682015e-04
-1.0909378174767633e-04
-1.0931992676733544e-04
-1.0949442724572998e-04
-1.0956759000281207e-04
-1.0950590675701445e-04
-1.0938162040118460e-04
-1.0919754995484983e-04
-1.0892471763674407e-04
-1.0859441653274049e-04
-1.0824396309752967e-04
-1.0784248204513332e-04
-1.0740709773579700e-04
-1.0690783769363504e-04
-1.0641823949194862e-04
-1.0590139606237956e-04
-1.0533758093562740e-04
-1.0479623577282285e-04
-1.0424440956531452e-04
-1.0361835046249452e-04
-1.0303846975178474e-04
-1.0245550729388049e-04
-1.0181543580319595e-04
-1.0122402754181265e-04
-1.0063645006259591e-04
-9.9953620356743009e-05
-9.9362989980689577e-05
-9.8753357352272144e-05
-9.8091213729265656e-05
-9.7502092552471562e-05
-9.6877106266869857e-05
-9.6219039665708402e-05
-9.5626791392546340e-05
-9.4981387071993195e-05
-9.4360179354667265e-05
-9.3778402977685965e-05
-9.3106068551144740e-05
-9.2514158340738649e-05
-9.1920877567819832e-05
-9.1237870555042260e-05
-9.0688261997183778e-05
-9.0065605878570729e-05
-8.9432003814611313e-05
-8.8882111461963256e-05
-8.8207450282586775e-05
-8.7640150073101537e-05
-8.7066104027363597e-05
-8.6415669107538980e-05
-8.5875793839427001e-05
-8.5248701029025446e-05
-8.4654252927287451e-05
-8.4108792012564516e-05
-8.3466335152237035e-05
-8.2931259793789098e-05
-8.2325269818726602e-05
-8.1752938185177332e-05
-8.1186118182048313e-05
-8.0585187739432075e-05
-8.0055536696737526e-05
-7.9432493889716919e-05
-7.8911304558030329e-05
-7.8327250944810583e-05
-7.7750618076889602e-05
-7.7238491571950078e-05
-7.6605582405768960e-05
-7.6117800496018677e-05
-7.5512397692377895e-05
-7.4988997148938867e-05
-7.4433168347055409e-05
-7.3875654928417901e-05
-7.3341806616174720e-05
-7.2777450208795982e-05
-7.2272417622822353e-05
-7.1676640974857687e-05
-7.1198957198680634e-05
-7.0604296238811710e-05
-7.0106692554199463e-05
-6.9551725638161075e-05
-6.9024176717496968e-05
-6.8498162748636677e-05
-6.7963862999663728e-05
-6.7446052452217175e-05
-6.6908158691484870e-05
-6.6401533487939633e-05
-6.5844321172910060e-05
-6.5371430930209954e-05
-6.4792206334113260e-05
-6.4334451564663806e-05
-6.3761818928932752e-05
-6.3298242935160300e-05
-6.2732860539238522e-05
-6.2270184434207231e-05
-6.1697799692681218e-05
-6.1252426468554443e-05
-6.0673506410991666e-05
-6.0230090988805931e-05
-5.9663392362951741e-05
-5.9210667438435443e-05
-5.8652607590275205e-05
-5.8194890773007458e-05
-5.7637666027539514e-05
-5.7188832094518494e-05
-5.6630604566124408e-05
-5.6173426566497530e-05
-5.5641055387059900e-05
-5.5158125640368236e-05
-5.4653234313409672e-05
-5.4151043006534691e-05
-5.3654685918649534e-05
-5.3148575414440793e-05
-5.2661010992507824e-05
-5.2143432422700388e-05
-5.1678491296413154e-05
-5.1134160265894226e-05
-5.0685227629361324e-05
-5.0140752713487796e-05
-4.9678069410173675e-05
-4.9161136470059732e-05
-4.8664205147945127e-05
-4.8184073248376424e-05
-4.7652634561015818e-05
-4.7199535588466731e-05
-4.6648681543861005e-05
-4.6184548539180187e-05
-4.5669610567095614e-05
-4.5173640493913097e-05
-4.4685085230325757e-05
-4.4161874454654276e-05
-4.3698043718021608e-05
-4.3148679957600418e-05
-4.2675716928486758e-05
-4.2160779241396523e-05
-4.1651516470041828e-05
-4.1171496307953220e-05
-4.0621852963828742e-05
-4.0141300466694312e-05
-3.9625519817120081e-05
-3.9106596051884852e-05
-3.8620326548807966e-05
-3.8063562649162638e-05
0.0000000000000000e+00
];
