%Vec Object:dSdr_b_aug_4560 1 MPI processes
%  type: seq
dSdr_b_aug_4560 = [
2.3420388886351980e+03
0.0000000000000000e+00
-9.8745138590477033e-07
-4.0744415339202541e-07
-2.5260391361332770e-07
-1.7917118978773265e-07
-1.3447734580282810e-07
-1.0684991539294552e-07
-8.8123386687126466e-08
-7.4014439913330330e-08
-6.3537332352734862e-08
-5.5505985086959750e-08
-4.8963391824560517e-08
-4.3662574458718827e-08
-3.9316644004800539e-08
-3.5651385506509225e-08
-3.2518857671179443e-08
-2.9846019428886812e-08
-2.7534871150138056e-08
-2.6679699444341607e-08
-3.9167137191301111e-05
-7.1451877074286756e-04
-6.8694169090671102e-04
-6.4805621913087549e-04
-6.0474190195792881e-04
-5.6294948279297788e-04
-5.2289599489088539e-04
-4.8245181356057921e-04
-4.4096519653210730e-04
-3.9664251072333911e-04
-3.5764175514977324e-04
-3.2016590793865771e-04
-2.8479388673271740e-04
-2.4749328145228959e-04
-2.1715566756930703e-04
-1.9075266231840640e-04
-1.6765844046260259e-04
-1.4584777174705521e-04
-1.2932794541237996e-04
-1.1679795184102244e-04
-1.0690391443947915e-04
-9.8926709509379533e-05
-9.3954136208896201e-05
-9.0919791164444954e-05
-8.9259799355604529e-05
-8.8865184850569744e-05
-8.9351543963975052e-05
-9.0358299921762072e-05
-9.1814040739432402e-05
-9.3778481038167330e-05
-9.5506835670464837e-05
-9.7319116071498178e-05
-9.9163303690963123e-05
-1.0093695154223739e-04
-1.0242187904409609e-04
-1.0374928691173070e-04
-1.0502121788428087e-04
-1.0604508654480990e-04
-1.0688297088832989e-04
-1.0755552945499735e-04
-1.0815796079416926e-04
-1.0854937715451516e-04
-1.0877846545738559e-04
-1.0895650157060263e-04
-1.0903290289816155e-04
-1.0897465828370750e-04
-1.0885418533918341e-04
-1.0867404727739902e-04
-1.0840502914506110e-04
-1.0807875864594727e-04
-1.0773260033979158e-04
-1.0733508729025931e-04
-1.0690368847538124e-04
-1.0640915230693967e-04
-1.0592362618934214e-04
-1.0541083023611951e-04
-1.0485181291384215e-04
-1.0431451901333100e-04
-1.0376672878880586e-04
-1.0314558548103746e-04
-1.0256976775532439e-04
-1.0199091294618030e-04
-1.0135561830294273e-04
-1.0076825061853941e-04
-1.0018474289108714e-04
-9.9506734128825580e-05
-9.8920128079987447e-05
-9.8314617196253003e-05
-9.7657095004854302e-05
-9.7071931396933394e-05
-9.6451131721413130e-05
-9.5797577207096333e-05
-9.5209252472155842e-05
-9.4568151899319206e-05
-9.3951178122829998e-05
-9.3373257950834346e-05
-9.2705367146928664e-05
-9.2117521629973427e-05
-9.1528107172858663e-05
-9.0849627072741088e-05
-9.0303829665421643e-05
-8.9685183280787417e-05
-8.9055843372647754e-05
-8.8509710410552571e-05
-8.7839394876090888e-05
-8.7275985763029114e-05
-8.6705785404287956e-05
-8.6059616519268970e-05
-8.5523430560065249e-05
-8.4900528396505807e-05
-8.4310025004025351e-05
-8.3768272142784411e-05
-8.3130138716138753e-05
-8.2598634523525435e-05
-8.1996783726045344e-05
-8.1428284246952521e-05
-8.0865266228050353e-05
-8.0268447888293725e-05
-7.9742375035025018e-05
-7.9123522240455451e-05
-7.8605986013260322e-05
-7.8025821357388122e-05
-7.7453129680008911e-05
-7.6944645255337565e-05
-7.6315899212453037e-05
-7.5831610958820861e-05
-7.5230356169212623e-05
-7.4710499333431124e-05
-7.4158672243501930e-05
-7.3604935171921030e-05
-7.3074821382290511e-05
-7.2514454989249216e-05
-7.2012933181848324e-05
-7.1421352213779863e-05
-7.0947083636476322e-05
-7.0356583244523223e-05
-6.9862535295356343e-05
-6.9311514673675261e-05
-6.8787697420309577e-05
-6.8265478519951024e-05
-6.7735023202634449e-05
-6.7220892637583231e-05
-6.6686974259565741e-05
-6.6183958087305224e-05
-6.5630789262857321e-05
-6.5161463051606345e-05
-6.4586322867673631e-05
-6.4132098007416231e-05
-6.3563593467366139e-05
-6.3103457350679743e-05
-6.2542348038281624e-05
-6.2083081585498985e-05
-6.1514990098140526e-05
-6.1073012538631459e-05
-6.0498413175803354e-05
-6.0058418189199015e-05
-5.9495997614800785e-05
-5.9046733588639484e-05
-5.8492950293976398e-05
-5.8038776412896434e-05
-5.7485788021637231e-05
-5.7040575311655916e-05
-5.6486531220112421e-05
-5.6033039238976072e-05
-5.5504837892560709e-05
-5.5025665185883442e-05
-5.4524884060590476e-05
-5.4026585692358667e-05
-5.3534256359568779e-05
-5.3032188148889301e-05
-5.2548549516231481e-05
-5.2035173029673406e-05
-5.1574028056668098e-05
-5.1034112949157642e-05
-5.0588898000065500e-05
-5.0048848691181594e-05
-4.9590015666577564e-05
-4.9077377658408572e-05
-4.8584529858389844e-05
-4.8108526697545808e-05
-4.7581417294263784e-05
-4.7132248699429684e-05
-4.6586008720819949e-05
-4.6125796910642452e-05
-4.5615359436883587e-05
-4.5123564408580685e-05
-4.4639273493266355e-05
-4.4120566935403664e-05
-4.3660800023760637e-05
-4.3116218287382783e-05
-4.2647409315630530e-05
-4.2136979929837278e-05
-4.1632225138229556e-05
-4.1156450376864204e-05
-4.0611712571971102e-05
-4.0135437135093037e-05
-3.9624285807998991e-05
-3.9110078107782832e-05
-3.8628142162273432e-05
-3.8076551348164416e-05
0.0000000000000000e+00
];
