%Vec Object:dSdr_b_aug_5860 1 MPI processes
%  type: seq
dSdr_b_aug_5860 = [
2.3202622604032326e+03
0.0000000000000000e+00
-8.5364418792185937e-07
-3.5279760562269551e-07
-2.1926761185755555e-07
-1.5576197210470343e-07
-1.1691482202056735e-07
-9.2896429657176515e-08
-7.6615903631664042e-08
-6.4361688603952051e-08
-5.5261195564695260e-08
-4.8284519345020998e-08
-4.2602248220604979e-08
-3.7998441882106555e-08
-3.4223780680791599e-08
-3.1040310677991983e-08
-2.8319547842687300e-08
-2.5997964390956998e-08
-2.4389936469449464e-08
-2.8172967159523046e-05
-7.4554244018481077e-04
-7.1675850817290118e-04
-6.7813356295032528e-04
-6.3956838780637845e-04
-5.9676203144653508e-04
-5.5544850928689190e-04
-5.1584410213361006e-04
-4.7584753171457975e-04
-4.3481187157467117e-04
-3.9095829951922730e-04
-3.5236803867402951e-04
-3.1528005945818987e-04
-2.8026922294430964e-04
-2.4334546172930809e-04
-2.1331242846690793e-04
-1.8717272539007536e-04
-1.6430811097438197e-04
-1.4271466780939673e-04
-1.2635951926998312e-04
-1.1395513851446744e-04
-1.0416295310852633e-04
-9.6270268225605299e-05
-9.1353681595708074e-05
-8.8357871674946505e-05
-8.6724178870557260e-05
-8.6345495762012281e-05
-8.6839724900446771e-05
-8.7849917359529518e-05
-8.9305368662918850e-05
-9.1267758081573405e-05
-9.2994636950250435e-05
-9.4804612907119394e-05
-9.6647589581135457e-05
-9.8421610116854091e-05
-9.9908098844725271e-05
-1.0123896957614509e-04
-1.0251680558816756e-04
-1.0354745438705503e-04
-1.0439324115194730e-04
-1.0507580795916106e-04
-1.0568997398879599e-04
-1.0609332901989788e-04
-1.0633569577106952e-04
-1.0652968269115175e-04
-1.0662069463692401e-04
-1.0657796320281158e-04
-1.0647469423496754e-04
-1.0631229688956376e-04
-1.0606048622770319e-04
-1.0575239956011152e-04
-1.0542561846963679e-04
-1.0504600682588981e-04
-1.0463258832869331e-04
-1.0415936363072834e-04
-1.0369220847446177e-04
-1.0319767246559874e-04
-1.0266030014767892e-04
-1.0214128327141034e-04
-1.0161170113970656e-04
-1.0101273514308564e-04
-1.0045524732761921e-04
-9.9894923926809547e-05
-9.9281179740352837e-05
-9.8712040874419707e-05
-9.8146893584764009e-05
-9.7490634216334035e-05
-9.6922183675198767e-05
-9.6335267792092136e-05
-9.5698594908045045e-05
-9.5131285631534925e-05
-9.4529373592809265e-05
-9.3896175083531803e-05
-9.3325551152613191e-05
-9.2703866675549940e-05
-9.2105994065080563e-05
-9.1545470927520983e-05
-9.0897627255964475e-05
-9.0328119356013699e-05
-8.9756147547454559e-05
-8.9098090337340926e-05
-8.8569486703849937e-05
-8.7968929987560453e-05
-8.7358818530693189e-05
-8.6829645825478021e-05
-8.6178935398105070e-05
-8.5633080724590164e-05
-8.5080229943885539e-05
-8.4453307009761891e-05
-8.3933765138086811e-05
-8.3329768817070487e-05
-8.2757061734862577e-05
-8.2232037525837548e-05
-8.1613409001197147e-05
-8.1098015900408921e-05
-8.0514838744344305e-05
-7.9963627791295681e-05
-7.9417762186792903e-05
-7.8839495342487997e-05
-7.8329565267046063e-05
-7.7729615452045298e-05
-7.7228559977059365e-05
-7.6665940108970528e-05
-7.6111028865662834e-05
-7.5618975457813624e-05
-7.5009011085242898e-05
-7.4540484241645359e-05
-7.3957942956862939e-05
-7.3454073335360251e-05
-7.2920299717474106e-05
-7.2383599397745171e-05
-7.1870333671573297e-05
-7.1327967976926007e-05
-7.0842284825002800e-05
-7.0269632402315181e-05
-6.9810771277968207e-05
-6.9239041025352446e-05
-6.8761034550655429e-05
-6.8227817385567674e-05
-6.7720835311852804e-05
-6.7215737621556106e-05
-6.6702626212625902e-05
-6.6205097652899405e-05
-6.5689113959832010e-05
-6.5202379700658546e-05
-6.4667452824926735e-05
-6.4214205511631739e-05
-6.3657491890484186e-05
-6.3219191986677457e-05
-6.2669311083619848e-05
-6.2224693747869040e-05
-6.1682862174881141e-05
-6.1238978143837207e-05
-6.0690255393028777e-05
-6.0263597149428249e-05
-5.9708490317335173e-05
-5.9283926397281167e-05
-5.8740805969122269e-05
-5.8307155552389934e-05
-5.7772665643398645e-05
-5.7334475477521380e-05
-5.6800599112292673e-05
-5.6371723300484678e-05
-5.5836552497524611e-05
-5.5399689731288884e-05
-5.4890300296292144e-05
-5.4428077208348040e-05
-5.3945838965801310e-05
-5.3465103308315574e-05
-5.2990944898589764e-05
-5.2507113196195985e-05
-5.2041185465248138e-05
-5.1546766358296678e-05
-5.1102747431224937e-05
-5.0582754414811239e-05
-5.0154311503089024e-05
-4.9634227956754418e-05
-4.9192765126835125e-05
-4.8699503325787003e-05
-4.8225077955934331e-05
-4.7767701199975422e-05
-4.7260122927704032e-05
-4.6828685798451271e-05
-4.6303261670151171e-05
-4.5860739826767738e-05
-4.5370605764480956e-05
-4.4897645824379652e-05
-4.4432592806656334e-05
-4.3934206199596849e-05
-4.3492772300076019e-05
-4.2969763495336948e-05
-4.2519694163275347e-05
-4.2029602179973204e-05
-4.1545182757012522e-05
-4.1088557826409607e-05
-4.0565946421695261e-05
-4.0108959087912214e-05
-3.9618678827506487e-05
-3.9125717797538952e-05
-3.8663248968733880e-05
-3.8134550398109675e-05
0.0000000000000000e+00
];
