%Vec Object:dSdr_b_aug_3280 1 MPI processes
%  type: seq
dSdr_b_aug_3280 = [
2.3681836621333318e+03
0.0000000000000000e+00
-1.1807609085469817e-06
-4.8615062963192380e-07
-3.0040268648673173e-07
-2.1263475999679734e-07
-1.5956148307393895e-07
-1.2676325824182721e-07
-1.0453249543018578e-07
-8.7763713630698888e-08
-7.5312708895959417e-08
-6.5769264191805558e-08
-5.7993241583939328e-08
-5.1693233608535134e-08
-4.6528440395028505e-08
-4.2172687631155311e-08
-3.8450129930028797e-08
-3.5274014383257990e-08
-3.2527817608769041e-08
-3.0104050695561333e-08
-2.8308604792799673e-08
-6.8960041991202967e-06
-6.2852591469113349e-04
-6.5791087379196732e-04
-6.1498775253232378e-04
-5.7260289000162163e-04
-5.3197214005900446e-04
-4.9095188803059946e-04
-4.4888486620024378e-04
-4.0395840519577380e-04
-3.6442932024113465e-04
-3.2645426549791061e-04
-2.9061737964590370e-04
-2.5283175524910346e-04
-2.2210212929062403e-04
-1.9536023960370444e-04
-1.7197050029482534e-04
-1.4988025030470263e-04
-1.3314847455203513e-04
-1.2045681034296897e-04
-1.1043168378807349e-04
-1.0234569687678135e-04
-9.7301065620825989e-05
-9.4217123722451239e-05
-9.2523283619223967e-05
-9.2108164502414315e-05
-9.2584394434039609e-05
-9.3586727400484147e-05
-9.5042840881668308e-05
-9.7009920925772360e-05
-9.8740175085743707e-05
-1.0055542156124490e-04
-1.0240116785286835e-04
-1.0417433614858817e-04
-1.0565725436924891e-04
-1.0698020543721407e-04
-1.0824453638845869e-04
-1.0925967852550100e-04
-1.1008739187029349e-04
-1.1074706914131424e-04
-1.1133439715648164e-04
-1.1171044766673316e-04
-1.1192244575854514e-04
-1.1207995219384327e-04
-1.1213754874618823e-04
-1.1205933771459523e-04
-1.1191672220964070e-04
-1.1171375082187502e-04
-1.1142258571477756e-04
-1.1107291161083250e-04
-1.1070181374890184e-04
-1.1028126059290947e-04
-1.0982672010799785e-04
-1.0930475489223579e-04
-1.0879558432533435e-04
-1.0825928680811816e-04
-1.0767241116292003e-04
-1.0711159371623098e-04
-1.0654036866430493e-04
-1.0589068192615372e-04
-1.0529127258776123e-04
-1.0468856682700092e-04
-1.0402553555020375e-04
-1.0341470636443980e-04
-1.0280756773444803e-04
-1.0210156629619930e-04
-1.0149159310148532e-04
-1.0086214942038082e-04
-1.0017779301446413e-04
-9.9569649891629805e-05
-9.8924540780184281e-05
-9.8244786959105970e-05
-9.7633680307852768e-05
-9.6967590143604810e-05
-9.6326032107778281e-05
-9.5725720988029352e-05
-9.5032028414065731e-05
-9.4420581367815902e-05
-9.3808717255337027e-05
-9.3103951764567216e-05
-9.2536025017546529e-05
-9.1894096229970347e-05
-9.1240008244755411e-05
-9.0672046497129960e-05
-8.9976498108885851e-05
-8.9390495464501264e-05
-8.8797965242577202e-05
-8.8127025757834063e-05
-8.7569417940829244e-05
-8.6922182915920196e-05
-8.6308774691483869e-05
-8.5745491133234423e-05
-8.5082253822856853e-05
-8.4530013767746822e-05
-8.3904128964984540e-05
-8.3313378200703902e-05
-8.2728284079878109e-05
-8.2107588943758960e-05
-8.1560739446834613e-05
-8.0917557476624187e-05
-8.0378809614271385e-05
-7.9776063850830442e-05
-7.9180487776210167e-05
-7.8650855728904648e-05
-7.7997936642755657e-05
-7.7493362587685122e-05
-7.6868022487806332e-05
-7.6327589228396479e-05
-7.5752526327110627e-05
-7.5176862019405604e-05
-7.4625063846204309e-05
-7.4041529564959407e-05
-7.3519622538186066e-05
-7.2903679492037604e-05
-7.2409580677205759e-05
-7.1794922084949395e-05
-7.1280227878004073e-05
-7.0706293230598803e-05
-7.0160808177658780e-05
-6.9616553341036625e-05
-6.9063775462745923e-05
-6.8528277207257425e-05
-6.7971275906852219e-05
-6.7447304021225709e-05
-6.6870656809753031e-05
-6.6380636177554075e-05
-6.5781779999017902e-05
-6.5307058849911465e-05
-6.4714584670859881e-05
-6.4234475036694614e-05
-6.3648554220440250e-05
-6.3169489753182539e-05
-6.2576469644948004e-05
-6.2114775292987113e-05
-6.1515087980871323e-05
-6.1055232374171694e-05
-6.0467971461723750e-05
-5.9998611874622113e-05
-5.9419996945161795e-05
-5.8945251158795739e-05
-5.8367664555096261e-05
-5.7901425376455692e-05
-5.7323090343725807e-05
-5.6848195669391146e-05
-5.6295782381043478e-05
-5.5794794607760444e-05
-5.5270147799480273e-05
-5.4749245286266688e-05
-5.4233529008424286e-05
-5.3707989444129913e-05
-5.3201555945960526e-05
-5.2663780312242041e-05
-5.2180593223748077e-05
-5.1615037342110632e-05
-5.1148235916986087e-05
-5.0582489639236990e-05
-5.0101300291858389e-05
-4.9563724121934343e-05
-4.9047165734245589e-05
-4.8547189471403832e-05
-4.7994942549589486e-05
-4.7522952721675413e-05
-4.6949921760483798e-05
-4.6466942177438680e-05
-4.5930373317889943e-05
-4.5414336758457440e-05
-4.4905285927589159e-05
-4.4360426863235970e-05
-4.3877064835170964e-05
-4.3304718157608560e-05
-4.2811791020401193e-05
-4.2275187318573783e-05
-4.1744261213827002e-05
-4.1243841599523129e-05
-4.0670628977317355e-05
-4.0169533666325643e-05
-3.9631529089591259e-05
-3.9089994658782989e-05
-3.8583056080006266e-05
-3.8002278571100296e-05
0.0000000000000000e+00
];
