%Vec Object:dSdr_b_aug_9280 1 MPI processes
%  type: seq
dSdr_b_aug_9280 = [
2.2773456269991589e+03
0.0000000000000000e+00
-6.4704650919594165e-07
-2.6810838736163723e-07
-1.6731145271293091e-07
-1.1913863196676314e-07
-8.9413942920635886e-08
-7.1028893022310665e-08
-5.8566645953146780e-08
-4.9203863835136318e-08
-4.2249815733342751e-08
-3.6917850496853650e-08
-3.2577161379086932e-08
-2.9060392094648430e-08
-2.6176765733862048e-08
-2.3744886788558648e-08
-2.1673773499580949e-08
-3.0388669594079373e-06
-7.8546831602999470e-04
-7.7946306380985246e-04
-7.3763745734337202e-04
-6.9902696334994772e-04
-6.6120329398495126e-04
-6.2351471732446939e-04
-5.8167372750921455e-04
-5.4126581429153674e-04
-5.0251052397520389e-04
-4.6336028755619707e-04
-4.2317728778040877e-04
-3.8021070673657624e-04
-3.4239660120662145e-04
-3.0604199513270530e-04
-2.7171407950270427e-04
-2.3550284762320034e-04
-2.0604570939505778e-04
-1.8040385321224043e-04
-1.5797337638387722e-04
-1.3679065935961581e-04
-1.2074688065730497e-04
-1.0858000639792919e-04
-9.8980400953715316e-05
-9.1247525094404131e-05
-8.6436797087656862e-05
-8.3513848706492751e-05
-8.1929881594264300e-05
-8.1581321278610788e-05
-8.2090430906540154e-05
-8.3107121023285878e-05
-8.4562024748344373e-05
-8.6520535984884993e-05
-8.8244624123729888e-05
-9.0050242523962345e-05
-9.1890929230420125e-05
-9.3665654118064623e-05
-9.5155094492338615e-05
-9.6492512467430129e-05
-9.7781513357928274e-05
-9.8824981834555716e-05
-9.9685710307382850e-05
-1.0038720046619285e-04
-1.0102355418666447e-04
-1.0144948259266296e-04
-1.0171695594544818e-04
-1.0194110231123677e-04
-1.0205973970199450e-04
-1.0204634026090697e-04
-1.0197560021150525e-04
-1.0184674664234142e-04
-1.0162747150702950e-04
-1.0135376645101340e-04
-1.0106362340003165e-04
-1.0071785936449522e-04
-1.0033843768128057e-04
-9.9905508275672242e-05
-9.9473088555925520e-05
-9.9013078075483736e-05
-9.8516631690933519e-05
-9.8032172638395373e-05
-9.7537017996760628e-05
-9.6979984410052410e-05
-9.6457154415466309e-05
-9.5931869824503101e-05
-9.5358872805313880e-05
-9.4824200619014455e-05
-9.4293768872531344e-05
-9.3678632818600981e-05
-9.3144510343478321e-05
-9.2592753511172102e-05
-9.1995502076753466e-05
-9.1461951408868271e-05
-9.0895751732432612e-05
-9.0301041947178371e-05
-8.9763886339024664e-05
-8.9178913424618473e-05
-8.8617156914032056e-05
-8.8089527738305939e-05
-8.7479588781462530e-05
-8.6944753278540726e-05
-8.6405761678600126e-05
-8.5786319658809725e-05
-8.5290225666787752e-05
-8.4723872536500647e-05
-8.4150117858672907e-05
-8.3653013275480413e-05
-8.3039371800794473e-05
-8.2526708718381103e-05
-8.2006662180854800e-05
-8.1416129114373647e-05
-8.0928057558633175e-05
-8.0359808035357965e-05
-7.9820749869388200e-05
-7.9327355869983812e-05
-7.8745606833351600e-05
-7.8260676271582258e-05
-7.7712806872773488e-05
-7.7194284728409408e-05
-7.6680850575620439e-05
-7.6137660537948848e-05
-7.5658252913704045e-05
-7.5094044485051679e-05
-7.4624150496961257e-05
-7.4094703973501779e-05
-7.3573411630365165e-05
-7.3112425671466758e-05
-7.2537973317343836e-05
-7.2099247843927729e-05
-7.1552089692201578e-05
-7.1078448387769052e-05
-7.0578809926538855e-05
-7.0074322369449596e-05
-6.9592912637945055e-05
-6.9084582317695750e-05
-6.8628846592534907e-05
-6.8091983899857511e-05
-6.7662254893858655e-05
-6.7126014861172874e-05
-6.6678339301157484e-05
-6.6178784572289856e-05
-6.5703634136421831e-05
-6.5230908905203864e-05
-6.4750591029562289e-05
-6.4284453228123349e-05
-6.3802380098314202e-05
-6.3346431374731142e-05
-6.2845996032098120e-05
-6.2423150398873526e-05
-6.1901277377301767e-05
-6.1493088085766317e-05
-6.0978420408225774e-05
-6.0563145698282950e-05
-6.0057764116911913e-05
-5.9642964888764187e-05
-5.9130864187854230e-05
-5.8733171430544485e-05
-5.8214920719048870e-05
-5.7819533584394100e-05
-5.7312905523499787e-05
-5.6908777044490233e-05
-5.6410766724105298e-05
-5.6002798289080127e-05
-5.5505058606195924e-05
-5.5107072321825340e-05
-5.4607586807118956e-05
-5.4202166281455734e-05
-5.3728346090839701e-05
-5.3298171064783090e-05
-5.2850993400899244e-05
-5.2403465037293524e-05
-5.1963663922790657e-05
-5.1514313529300031e-05
-5.1081873307598506e-05
-5.0623298534033323e-05
-5.0211661299113116e-05
-4.9729336693422259e-05
-4.9332606143187842e-05
-4.8850273606217484e-05
-4.8441654151197775e-05
-4.7985028673118610e-05
-4.7545436264563544e-05
-4.7123278165941340e-05
-4.6652629220971706e-05
-4.6254718680583836e-05
-4.5768653082167128e-05
-4.5359579460123199e-05
-4.4907835137385972e-05
-4.4470488743154840e-05
-4.4041811001738273e-05
-4.3581845737422262e-05
-4.3175076496469450e-05
-4.2692858584782017e-05
-4.2278223357691362e-05
-4.1826587010981411e-05
-4.1380620145253997e-05
-4.0960207389694035e-05
-4.0479438273573232e-05
-4.0058930410955889e-05
-3.9608130582637522e-05
-3.9155379935833337e-05
-3.8729823799374638e-05
-3.8244959945880803e-05
0.0000000000000000e+00
];
