%Vec Object:dSdr_b_aug_5450 1 MPI processes
%  type: seq
dSdr_b_aug_5450 = [
2.3244471254364826e+03
0.0000000000000000e+00
-8.7770199425988920e-07
-3.6257820973737958e-07
-2.2520607155379033e-07
-1.5990941828399960e-07
-1.2000789192811994e-07
-9.5338822153215906e-08
-7.8617450294628790e-08
-6.6029784277432963e-08
-5.6681906846091729e-08
-4.9515733784613576e-08
-4.3679193328551761e-08
-3.8950499844675110e-08
-3.5073514492768661e-08
-3.1803847082024426e-08
-2.9009516189667781e-08
-2.6625198685210441e-08
-2.4620689742096702e-08
-4.7568996044339172e-06
-7.0953353196591363e-04
-7.1928442967232002e-04
-6.8082897289979455e-04
-6.4212794769708968e-04
-5.9916774439947181e-04
-5.5770983164147312e-04
-5.1797003934598174e-04
-4.7783852742699879e-04
-4.3666691709229403e-04
-3.9267192107946160e-04
-3.5395790818401330e-04
-3.1675299820823250e-04
-2.8163327516153314e-04
-2.4459590656844749e-04
-2.1447105122686616e-04
-1.8825197030489420e-04
-1.6531813601208708e-04
-1.4365920574135757e-04
-1.2725441169861775e-04
-1.1481216238275545e-04
-1.0498927160557132e-04
-9.7071106424798288e-05
-9.2137641474077662e-05
-8.9130214362639668e-05
-8.7488593198933740e-05
-8.7105107261140738e-05
-8.7596963836903538e-05
-8.8606120309871181e-05
-9.0061658874667435e-05
-9.2024666496743075e-05
-9.3751990193565493e-05
-9.5562660892559528e-05
-9.7406002690299218e-05
-9.9179910927898522e-05
-1.0066592904315043e-04
-1.0199575587100342e-04
-1.0327181173248865e-04
-1.0430041653535752e-04
-1.0514382096238652e-04
-1.0582337058872004e-04
-1.0643399896328829e-04
-1.0683375484470841e-04
-1.0707211854227995e-04
-1.0726129677115798e-04
-1.0734790405268997e-04
-1.0730049585808626e-04
-1.0719204040425912e-04
-1.0702429476143416e-04
-1.0676729655976354e-04
-1.0645372800807912e-04
-1.0612110526322001e-04
-1.0573609687800400e-04
-1.0531725784954568e-04
-1.0483760837587984e-04
-1.0436491492050006e-04
-1.0386487408071430e-04
-1.0332097643603051e-04
-1.0279644957949933e-04
-1.0226137824820658e-04
-1.0165572644966236e-04
-1.0109271271003228e-04
-1.0052680263922965e-04
-9.9906561628652210e-05
-9.9331927314463391e-05
-9.8761244897130392e-05
-9.8098428730663786e-05
-9.7524504842078037e-05
-9.6931983117281401e-05
-9.6289024784519325e-05
-9.5716332956112960e-05
-9.5108726854334924e-05
-9.4469391612248075e-05
-9.3893431413237562e-05
-9.3265893558156865e-05
-9.2662262511659059e-05
-9.2096494683421674e-05
-9.1442607394786211e-05
-9.0867571246177120e-05
-9.0290340995486206e-05
-8.9626126888311895e-05
-8.9092339841014332e-05
-8.8486329623470425e-05
-8.7870421354253298e-05
-8.7336135630345759e-05
-8.6679514839895096e-05
-8.6128368019047798e-05
-8.5570286850660042e-05
-8.4937561828309695e-05
-8.4413002253438978e-05
-8.3803306376738131e-05
-8.3225234230034840e-05
-8.2695166823880278e-05
-8.2070658144615946e-05
-8.1550408022808578e-05
-8.0961601312543472e-05
-8.0405178376649430e-05
-7.9854141822873715e-05
-7.9270282247562580e-05
-7.8755485598345172e-05
-7.8149837090063905e-05
-7.7643813151845095e-05
-7.7075904045060441e-05
-7.6515632522569554e-05
-7.6018625644971882e-05
-7.5402999149778397e-05
-7.4929720702919558e-05
-7.4341537845205586e-05
-7.3832848546855550e-05
-7.3293632336245436e-05
-7.2751795934780075e-05
-7.2233451010740362e-05
-7.1685658632630371e-05
-7.1195200589281769e-05
-7.0616841764296331e-05
-7.0153335743049442e-05
-6.9575946842534414e-05
-6.9093104331774594e-05
-6.8554519944749915e-05
-6.8042462555827147e-05
-6.7532203320382154e-05
-6.7013863229066994e-05
-6.6511329648598987e-05
-6.5989939170924659e-05
-6.5498296388827288e-05
-6.4957870096893035e-05
-6.4499775463166832e-05
-6.3937506769391067e-05
-6.3494405953275063e-05
-6.2938910564757749e-05
-6.2489614765775048e-05
-6.1941971513872844e-05
-6.1493450126918394e-05
-6.0938888263170556e-05
-6.0507611687133760e-05
-5.9946628420559159e-05
-5.9517412477259684e-05
-5.8968473611460375e-05
-5.8530116138622384e-05
-5.7989809828441851e-05
-5.7546801028672904e-05
-5.7007162934815811e-05
-5.6573362012734692e-05
-5.6032501451001207e-05
-5.5590625446966314e-05
-5.5075564753767979e-05
-5.4608231832394159e-05
-5.4120403432376864e-05
-5.3634373108254682e-05
-5.3154736671517739e-05
-5.2665407167406133e-05
-5.2194140086727681e-05
-5.1694005850215308e-05
-5.1244823883129369e-05
-5.0718824896705465e-05
-5.0285325658857008e-05
-4.9759222965977999e-05
-4.9312523470583495e-05
-4.8813420242204427e-05
-4.8333440971552689e-05
-4.7870448811714085e-05
-4.7356982373604296e-05
-4.6920199609819469e-05
-4.6388499975389273e-05
-4.5940644965184711e-05
-4.5444389829326128e-05
-4.4965751434800397e-05
-4.4494898479886985e-05
-4.3990385664974515e-05
-4.3543424479298424e-05
-4.3013911531082179e-05
-4.2558192051840476e-05
-4.2061968007468707e-05
-4.1571416782597664e-05
-4.1109016892481929e-05
-4.0579732210790811e-05
-4.0116925484114095e-05
-3.9620344860811752e-05
-3.9120960807598431e-05
-3.8652573230285947e-05
-3.8116707456610023e-05
0.0000000000000000e+00
];
