%Vec Object:dSdr_b_aug_6510 1 MPI processes
%  type: seq
dSdr_b_aug_6510 = [
2.3097864639111799e+03
0.0000000000000000e+00
-7.9374613819605635e-07
-3.2684530109614077e-07
-2.0242943510653132e-07
-1.4320626551938014e-07
-1.0696221641916716e-07
-8.4556429055842104e-08
-6.9372523168158035e-08
-5.7968729420348091e-08
-4.9502132102317336e-08
-4.3011643660978610e-08
-3.7733891946138284e-08
-3.3460122385609733e-08
-2.9956479865106259e-08
-2.7003990900304045e-08
-2.4483141400977404e-08
-2.2332783763535966e-08
-8.6680875992163047e-08
-4.2387170961094523e-04
-7.5080773066359726e-04
-7.1282624528405387e-04
-6.7431897353985803e-04
-6.3595050610952347e-04
-5.9336169119019529e-04
-5.5225225902599785e-04
-5.1283921105093862e-04
-4.7303337266275280e-04
-4.3218987026604736e-04
-3.8853619277746254e-04
-3.5012084828398092e-04
-3.1319814391066197e-04
-2.7834121218259889e-04
-2.4157802836530272e-04
-2.1167478025260191e-04
-1.8564727312208684e-04
-1.6288049695189046e-04
-1.4137961596104645e-04
-1.2509463842929572e-04
-1.1274378267458553e-04
-1.0299499753002752e-04
-9.5138327580966404e-05
-9.0245597517362995e-05
-8.7266207878487089e-05
-8.5643721470747043e-05
-8.5271827121804550e-05
-8.5769409970054878e-05
-8.6781066952831823e-05
-8.8236394997337695e-05
-9.0197910490174768e-05
-9.1924160497284187e-05
-9.3733154485101894e-05
-9.5575615143383746e-05
-9.7349794466703612e-05
-9.8836948433476639e-05
-1.0016929471318631e-04
-1.0144964691262320e-04
-1.0248318482533921e-04
-1.0333233892735162e-04
-1.0401917038251701e-04
-1.0463833671813133e-04
-1.0504677897167781e-04
-1.0529480383774463e-04
-1.0549558759331810e-04
-1.0559282530419177e-04
-1.0555670422566756e-04
-1.0546076607963089e-04
-1.0530592826601499e-04
-1.0506144991303555e-04
-1.0476111159186882e-04
-1.0444258736153032e-04
-1.0407060371826212e-04
-1.0366484684622166e-04
-1.0320070321407667e-04
-1.0274137613960728e-04
-1.0225462090650847e-04
-1.0172647177558119e-04
-1.0121524295223189e-04
-1.0069341950065793e-04
-1.0010390351174737e-04
-9.9554226283511340e-05
-9.9001799330199967e-05
-9.8397238040969721e-05
-9.7835866685091547e-05
-9.7278542989718129e-05
-9.6631551286994858e-05
-9.6070837016703242e-05
-9.5491844676983941e-05
-9.4864055921203952e-05
-9.4304354580345361e-05
-9.3710490779947304e-05
-9.3085966196775847e-05
-9.2522884781251309e-05
-9.1909473724186998e-05
-9.1319740338547030e-05
-9.0766630276319191e-05
-9.0127328915978397e-05
-8.9565634883752925e-05
-8.9001095586769915e-05
-8.8351740801961693e-05
-8.7830463631580587e-05
-8.7237615123412593e-05
-8.6635697117257610e-05
-8.6113751359887997e-05
-8.5471394880074435e-05
-8.4933020341901959e-05
-8.4387562402601490e-05
-8.3768840375118725e-05
-8.3256390727224627e-05
-8.2660450388592467e-05
-8.2095326504588197e-05
-8.1577430552713702e-05
-8.0967113275708799e-05
-8.0458585282305851e-05
-7.9883365164132975e-05
-7.9339521035743908e-05
-7.8800964256992278e-05
-7.8230602402091807e-05
-7.7727550934575504e-05
-7.7135655879657022e-05
-7.6641623026704731e-05
-7.6086479177566959e-05
-7.5539144364419680e-05
-7.5054092384894104e-05
-7.4452131079496810e-05
-7.3990320336666889e-05
-7.3415753072325217e-05
-7.2918695768368411e-05
-7.2392614922952653e-05
-7.1863174139436879e-05
-7.1357087546861146e-05
-7.0822392135777741e-05
-7.0343457996559041e-05
-6.9778871222146341e-05
-6.9326575369288529e-05
-6.8762843265177768e-05
-6.8291672224274523e-05
-6.7766041292220404e-05
-6.7266232857329179e-05
-6.6768430685868406e-05
-6.6262709689118219e-05
-6.5772255407622657e-05
-6.5263913861410660e-05
-6.4784117483758949e-05
-6.4256963681223555e-05
-6.3810567740478993e-05
-6.3261705856140223e-05
-6.2830191726319655e-05
-6.2288246532938321e-05
-6.1850241892372844e-05
-6.1316624746383201e-05
-6.0879295303104565e-05
-6.0338825750541929e-05
-5.9918695200955659e-05
-5.9371894312941232e-05
-5.8953905700682268e-05
-5.8419009234626814e-05
-5.7992011903899331e-05
-5.7465743070595336e-05
-5.7034363690690577e-05
-5.6508631114890656e-05
-5.6086716576936709e-05
-5.5559587826390504e-05
-5.5129810884323365e-05
-5.4628437338556407e-05
-5.4173436591021830e-05
-5.3699099589705984e-05
-5.3225847504044590e-05
-5.2759431824273063e-05
-5.2283370789170547e-05
-5.1824989748810393e-05
-5.1338648458444699e-05
-5.0901926984210366e-05
-5.0390422829831468e-05
-4.9969126492168704e-05
-4.9457550379367519e-05
-4.9023488961741608e-05
-4.8538483328662969e-05
-4.8071907680513495e-05
-4.7622467525188633e-05
-4.7123211320098751e-05
-4.6699329349648175e-05
-4.6182774599777860e-05
-4.5747790083652129e-05
-4.5266306861863763e-05
-4.4801371965208905e-05
-4.4344515467527557e-05
-4.3854786235261179e-05
-4.3421162770105293e-05
-4.2907344559119180e-05
-4.2465257975265140e-05
-4.1983828745783704e-05
-4.1508069977799241e-05
-4.1059598571705061e-05
-4.0546405661123692e-05
-4.0097621181302047e-05
-3.9616205181865640e-05
-3.9132235495475670e-05
-3.8677886965372455e-05
-3.8158011608738564e-05
0.0000000000000000e+00
];
