%Vec Object:dSdr_b_aug_4010 1 MPI processes
%  type: seq
dSdr_b_aug_4010 = [
2.3505831682171065e+03
0.0000000000000000e+00
-1.0447002549115868e-06
-4.3017083034087590e-07
-2.6602770827277272e-07
-1.8828224612576495e-07
-1.4108511721181938e-07
-1.1191505276771069e-07
-9.2144664002107042e-08
-7.7252392725857236e-08
-6.6195185851422921e-08
-5.7719763552126261e-08
-5.0818447836010692e-08
-4.5228113904209729e-08
-4.0645236725675380e-08
-3.6781286870274402e-08
-3.3480121152835894e-08
-3.0663668498259987e-08
-2.8228685273127441e-08
-2.6105411344985352e-08
-1.1010838433203626e-06
-5.5796042545636201e-04
-6.9002876279091060e-04
-6.5237960436671945e-04
-6.0882967318344288e-04
-5.6679248175278208e-04
-5.2650893198305277e-04
-4.8583542422193270e-04
-4.4411776577536364e-04
-3.9955473608075938e-04
-3.6034366925901491e-04
-3.2266910328526173e-04
-2.8711203413100592e-04
-2.4961835802614666e-04
-2.1912469649148727e-04
-1.9258679202528763e-04
-1.6937493398030843e-04
-1.4745297275627271e-04
-1.3084877603275165e-04
-1.1825442647953399e-04
-1.0830820662755906e-04
-1.0028769903443488e-04
-9.5286441762655112e-05
-9.2232353812576277e-05
-9.0558888109256881e-05
-9.0156111414570328e-05
-9.0638438471955435e-05
-9.1643433827805145e-05
-9.3099323041900478e-05
-9.5064814189998458e-05
-9.6793925009719571e-05
-9.8607386154432879e-05
-1.0045219427246535e-04
-1.0222565126528178e-04
-1.0370977896994407e-04
-1.0503541275800461e-04
-1.0630431843165045e-04
-1.0732471331429872e-04
-1.0815854886989832e-04
-1.0882597976657134e-04
-1.0942239891856407e-04
-1.0980769865567009e-04
-1.1002998394500970e-04
-1.1019984789837612e-04
-1.1026876369224626e-04
-1.1020257112819338e-04
-1.1007328397757163e-04
-1.0988405671808283e-04
-1.0960622258852214e-04
-1.0927063586676057e-04
-1.0891454992388691e-04
-1.0850786534776875e-04
-1.0806725457652293e-04
-1.0756179978174374e-04
-1.0706686156631979e-04
-1.0654471039296117e-04
-1.0597460356202298e-04
-1.0542794569021298e-04
-1.0487082681019204e-04
-1.0423832127307279e-04
-1.0365311247996224e-04
-1.0306476336852159e-04
-1.0241842765540315e-04
-1.0182172069600817e-04
-1.0122880626007861e-04
-1.0053965450477932e-04
-9.9943746740231080e-05
-9.9328708972536909e-05
-9.8660504934444890e-05
-9.8066193913855452e-05
-9.7435717425888653e-05
-9.6771733801080255e-05
-9.6174340310719401e-05
-9.5523292176524741e-05
-9.4896532188451505e-05
-9.4309698892822502e-05
-9.3631537224441878e-05
-9.3034296689320753e-05
-9.2435945738521911e-05
-9.1747002259451104e-05
-9.1192395865805865e-05
-9.0564481491853125e-05
-8.9925290150967763e-05
-8.9370467833851946e-05
-8.8690107892017416e-05
-8.8117705002496455e-05
-8.7538615825088570e-05
-8.6882586541025113e-05
-8.6337873211169723e-05
-8.5705284898122150e-05
-8.5105663809393106e-05
-8.4555340251532616e-05
-8.3907213755182616e-05
-8.3367455264085996e-05
-8.2756037281381573e-05
-8.2178680261454654e-05
-8.1606874436430265e-05
-8.1000551490716298e-05
-8.0466208104218846e-05
-7.9837670625249453e-05
-7.9311690707981777e-05
-7.8722537217926119e-05
-7.8140735976069687e-05
-7.7623833341879767e-05
-7.6985464764504343e-05
-7.6493101364564828e-05
-7.5882258963602315e-05
-7.5354211293214191e-05
-7.4793134750017175e-05
-7.4230669127203270e-05
-7.3691923457927920e-05
-7.3122334648405228e-05
-7.2612698116768931e-05
-7.2011419361904468e-05
-7.1529256980196467e-05
-7.0929139957695821e-05
-7.0426873371090556e-05
-6.9866731384410729e-05
-6.9334288848743749e-05
-6.8803298121842857e-05
-6.8263956880973187e-05
-6.7741320495462337e-05
-6.7198213516467774e-05
-6.6686855517189390e-05
-6.6124340667910960e-05
-6.5646776640160834e-05
-6.5062195845147210e-05
-6.4599812036447859e-05
-6.4021765915187829e-05
-6.3553678946291732e-05
-6.2982692930255887e-05
-6.2515545484639141e-05
-6.1937530669872411e-05
-6.1487704446256078e-05
-6.0903118328694529e-05
-6.0455217420900677e-05
-5.9882908653792576e-05
-5.9425645179251720e-05
-5.8861977151420350e-05
-5.8399614198897153e-05
-5.7836833986519587e-05
-5.7383251251400283e-05
-5.6819537646449435e-05
-5.6357525869147675e-05
-5.5819686447980878e-05
-5.5331829782378689e-05
-5.4821548406705040e-05
-5.4314251960264768e-05
-5.3812612934380401e-05
-5.3301201422178141e-05
-5.2808488767925391e-05
-5.2285399635380877e-05
-5.1815480265757533e-05
-5.1265358234643811e-05
-5.0811550236974885e-05
-5.0261271602618243e-05
-4.9793539040169538e-05
-4.9270973720730437e-05
-4.8768687240784068e-05
-4.8283140869243088e-05
-4.7746024696708369e-05
-4.7287771328653688e-05
-4.6730866283083890e-05
-4.6261590851853443e-05
-4.5740750718035573e-05
-4.5239305210307851e-05
-4.4745157320240778e-05
-4.4216039250440766e-05
-4.3746878598101158e-05
-4.3191242893374285e-05
-4.2712831146509412e-05
-4.2191979789233697e-05
-4.1676803157802918e-05
-4.1191212502426787e-05
-4.0635131299064760e-05
-4.0148962032134689e-05
-3.9627096158176804e-05
-3.9101957056013789e-05
-3.8609917876141564e-05
-3.8045907903242982e-05
0.0000000000000000e+00
];
