%Vec Object:dSdr_b_aug_6810 1 MPI processes
%  type: seq
dSdr_b_aug_6810 = [
2.3040835882715146e+03
0.0000000000000000e+00
-7.6740881643981588e-07
-3.1720554957752794e-07
-1.9728328294680789e-07
-1.4014468816486419e-07
-1.0508631000460968e-07
-8.3408506585777583e-08
-6.8715258547563813e-08
-5.7667560817865556e-08
-4.9463306962481171e-08
-4.3173543744874874e-08
-3.8053251340084569e-08
-3.3905319842263970e-08
-3.0504505988040334e-08
-2.7636908808475728e-08
-2.5186704613704825e-08
-2.3101843873200194e-08
-1.0772765646239354e-06
-6.8537249297240927e-04
-7.4984860340997846e-04
-7.1117866943230259e-04
-6.7274755322895593e-04
-6.3446047051314038e-04
-5.9196125734747840e-04
-5.5093588009299838e-04
-5.1160164365586242e-04
-4.7187435852121565e-04
-4.3110999657311808e-04
-3.8753864597463109e-04
-3.4919534105301667e-04
-3.1234070538977056e-04
-2.7754715960261824e-04
-2.4085010987599025e-04
-2.1100031401063266e-04
-1.8501901498628139e-04
-1.6229253368204072e-04
-1.4082977461144506e-04
-1.2457369714608243e-04
-1.1224488575772825e-04
-1.0251397507886836e-04
-9.4672137927889315e-05
-8.9789233196430865e-05
-8.6816606391901960e-05
-8.5198735392529742e-05
-8.4829636864198622e-05
-8.5328600803408658e-05
-8.6340860817982302e-05
-8.7796137990337619e-05
-8.9757293487119320e-05
-9.1483284434794163e-05
-9.3291873938518272e-05
-9.5134122019995779e-05
-9.6908366689329984e-05
-9.8395794589428430e-05
-9.9728748533142118e-05
-1.0101013698819887e-04
-1.0204486475012080e-04
-1.0289540566110583e-04
-1.0358399348660020e-04
-1.0420521917619965e-04
-1.0461575658260837e-04
-1.0486611172642067e-04
-1.0506969474483759e-04
-1.0516949652374991e-04
-1.0513609790894720e-04
-1.0504317895281251e-04
-1.0489145452458852e-04
-1.0464999597601708e-04
-1.0435284880583800e-04
-1.0403772515929105e-04
-1.0366888310385421e-04
-1.0326628166870600e-04
-1.0280587807285210e-04
-1.0234977499187472e-04
-1.0186622426978311e-04
-1.0134187370960079e-04
-1.0083385239531854e-04
-1.0031522435602431e-04
-9.9729600355677789e-05
-9.9183139918545638e-05
-9.8633965118388530e-05
-9.8033185808964299e-05
-9.7475013503832680e-05
-9.6920911957867729e-05
-9.6277737147961703e-05
-9.5720209063351536e-05
-9.5144480038105019e-05
-9.4520350215425612e-05
-9.3963782205977326e-05
-9.3373233076586869e-05
-9.2752280855120718e-05
-9.2192305828236583e-05
-9.1582302184257900e-05
-9.0995920943358729e-05
-9.0445863960264948e-05
-8.9810080756846477e-05
-8.9251604871035790e-05
-8.8690126658565044e-05
-8.8044355974411406e-05
-8.7526096212551925e-05
-8.6936422341725078e-05
-8.6337878827220954e-05
-8.5818909505904845e-05
-8.5179993619044755e-05
-8.4644699792962725e-05
-8.4102286613823307e-05
-8.3486942149715591e-05
-8.2977413452500794e-05
-8.2384790990332847e-05
-8.1822790266111194e-05
-8.1307830105987433e-05
-8.0700935837562090e-05
-8.0195235257787223e-05
-7.9623292266822567e-05
-7.9082482185662220e-05
-7.8546935567478865e-05
-7.7979829404389685e-05
-7.7479610912122520e-05
-7.6891033233005696e-05
-7.6399892668349285e-05
-7.5847827840229914e-05
-7.5303613402941160e-05
-7.4821444984117568e-05
-7.4222779766660064e-05
-7.3763735072719495e-05
-7.3192451934162131e-05
-7.2698200307179901e-05
-7.2175287755933142e-05
-7.1648836838162272e-05
-7.1145706997856076e-05
-7.0614170620552312e-05
-7.0138016088765165e-05
-6.9576751181060360e-05
-6.9127159262734081e-05
-6.8566721226845126e-05
-6.8098365388738713e-05
-6.7575858878307155e-05
-6.7079004938253852e-05
-6.6584207458948469e-05
-6.6081530237331940e-05
-6.5593989531679612e-05
-6.5088795439966767e-05
-6.4611856465111216e-05
-6.4087904041781226e-05
-6.3644329877266442e-05
-6.3098701772742847e-05
-6.2669982405036124e-05
-6.2131305578871037e-05
-6.1696024421019311e-05
-6.1165790435840995e-05
-6.0731160547402397e-05
-6.0194090127863872e-05
-5.9776648061107360e-05
-5.9233268034471829e-05
-5.8817987519944869e-05
-5.8286478156413529e-05
-5.7862220962650950e-05
-5.7339338049636380e-05
-5.6910763762833755e-05
-5.6388385284828113e-05
-5.5969337827060643e-05
-5.5445521283382327e-05
-5.5018662728212133e-05
-5.4520590625138722e-05
-5.4068564502053823e-05
-5.3597481739187626e-05
-5.3127311882533201e-05
-5.2664085175524236e-05
-5.2191224629869199e-05
-5.1735951845213764e-05
-5.1252937569489869e-05
-5.0819221729859099e-05
-5.0311213912983599e-05
-4.9892861106822765e-05
-4.9384789023200048e-05
-4.8953776142270723e-05
-4.8472171111057804e-05
-4.8008828705198124e-05
-4.7562657615793854e-05
-4.7066829285894607e-05
-4.6646059396644281e-05
-4.6133158072734535e-05
-4.5701278463988754e-05
-4.5223358871532958e-05
-4.4761730015489459e-05
-4.4308250370107157e-05
-4.3822088045765138e-05
-4.3391682999223088e-05
-4.2881652092176113e-05
-4.2442855985555560e-05
-4.1964998229860215e-05
-4.1492811477667724e-05
-4.1047705460307862e-05
-4.0538402772253298e-05
-4.0093014928759953e-05
-3.9615282902041229e-05
-3.9135087057594780e-05
-3.8684281920130670e-05
-3.8169099729705492e-05
0.0000000000000000e+00
];
