%Vec Object:dSdr_b_aug_3720 1 MPI processes
%  type: seq
dSdr_b_aug_3720 = [
2.3598349779394548e+03
0.0000000000000000e+00
-1.1138367589910978e-06
-4.5850787811863684e-07
-2.8336024541092878e-07
-2.0050870280043596e-07
-1.5031997924276739e-07
-1.1930313318595475e-07
-9.8280666333087988e-08
-8.2435308889079427e-08
-7.0670421038929160e-08
-6.1652783655253858e-08
-5.4308095000449185e-08
-4.8358255401028815e-08
-4.3480657961841775e-08
-3.9367846815048741e-08
-3.5853675046928117e-08
-3.2855468231145109e-08
-3.0263280934107796e-08
-2.7976435458681273e-08
-4.0008569452329314e-08
-1.3549337494121332e-04
-6.8806116505236339e-04
-6.5465087688742151e-04
-6.1103465886385030e-04
-5.6886676474262796e-04
-5.2845907879127494e-04
-4.8766178975888320e-04
-4.4581942267647723e-04
-4.0112666309754402e-04
-3.6180207703449639e-04
-3.2402024907734941e-04
-2.8836329701081945e-04
-2.5076540752557483e-04
-2.2018751651951184e-04
-1.9357679782643420e-04
-1.7030144358113860e-04
-1.4831941028243259e-04
-1.3166967316173786e-04
-1.1904058632917434e-04
-1.0906620006816087e-04
-1.0102231908132261e-04
-9.6005579094362537e-05
-9.2940834515521073e-05
-9.1260095985239997e-05
-9.0852913543185493e-05
-9.1333064163131962e-05
-9.2337109139526891e-05
-9.3793078390374895e-05
-9.5759136691349106e-05
-9.7488655620644321e-05
-9.9302754039617061e-05
-1.0114789703296454e-04
-1.0292125096032671e-04
-1.0440494691799932e-04
-1.0572962307601716e-04
-1.0699689575419771e-04
-1.0801541561612215e-04
-1.0884706578879944e-04
-1.0951172895597334e-04
-1.1010490294304846e-04
-1.1048690104185276e-04
-1.1070551416674693e-04
-1.1087096698617916e-04
-1.1093584230857163e-04
-1.1086535967721855e-04
-1.1073131488287149e-04
-1.1053718154887941e-04
-1.1025458881072945e-04
-1.0991397347556843e-04
-1.0955252889826627e-04
-1.0914089381243614e-04
-1.0869531070942228e-04
-1.0818396237786706e-04
-1.0768394380182816e-04
-1.0715674296920946e-04
-1.0658065036624550e-04
-1.0602893811244383e-04
-1.0546678391311222e-04
-1.0482814539943423e-04
-1.0423786759987009e-04
-1.0364439375938874e-04
-1.0299209842226768e-04
-1.0239035041326434e-04
-1.0179235852952831e-04
-1.0109719213634150e-04
-1.0049626359626930e-04
-9.9876083514784759e-05
-9.9202113751410367e-05
-9.8602865243775406e-05
-9.7967165516170423e-05
-9.7297552585584116e-05
-9.6695264065533120e-05
-9.6038846550695149e-05
-9.5406804273568671e-05
-9.4815159953789844e-05
-9.4131454396696753e-05
-9.3529142726560854e-05
-9.2925968137740422e-05
-9.2231376857287338e-05
-9.1672015650197500e-05
-9.1039098713812549e-05
-9.0394589892472070e-05
-8.9835077347085357e-05
-8.9149295763689835e-05
-8.8572038329375025e-05
-8.7988151260211413e-05
-8.7326799656870381e-05
-8.6777483533607793e-05
-8.6139666955863960e-05
-8.5535124435515982e-05
-8.4980174698907714e-05
-8.4326654272932821e-05
-8.3782440385094526e-05
-8.3165858351940761e-05
-8.2583720324986662e-05
-8.2007171133763698e-05
-8.1395717916662346e-05
-8.0856910371734377e-05
-8.0223145421477453e-05
-7.9692607881869741e-05
-7.9098602518678132e-05
-7.8511884237694886e-05
-7.7990437735736375e-05
-7.7346875235401394e-05
-7.6850153142904239e-05
-7.6234135670124876e-05
-7.5701666863316804e-05
-7.5135597775895791e-05
-7.4568420775555683e-05
-7.4025015909413052e-05
-7.3450449150829983e-05
-7.2936432567187576e-05
-7.2329919274944217e-05
-7.1843496087786406e-05
-7.1238188334731814e-05
-7.0731485609650322e-05
-7.0166420222159294e-05
-6.9629322055861777e-05
-6.9093596599263614e-05
-6.8549459043757688e-05
-6.8022231511904503e-05
-6.7474164844646855e-05
-6.6958304219399582e-05
-6.6390744711880236e-05
-6.5908734201858930e-05
-6.5319057696621626e-05
-6.4852269978670627e-05
-6.4269073649647867e-05
-6.3796695098277491e-05
-6.3220377989391517e-05
-6.2748976672653942e-05
-6.2165605602969992e-05
-6.1711542962179414e-05
-6.1121566358279271e-05
-6.0669398132531044e-05
-6.0091752084864273e-05
-5.9630170815160807e-05
-5.9061167380254340e-05
-5.8594384286845308e-05
-5.8026318825775496e-05
-5.7568218284683387e-05
-5.6999285457788051e-05
-5.6532675042748892e-05
-5.5989633379661397e-05
-5.5497089478832642e-05
-5.4981680267275027e-05
-5.4469527049099401e-05
-5.3962863060333130e-05
-5.3446408454449974e-05
-5.2948798065849864e-05
-5.2420466503092066e-05
-5.1945811153081476e-05
-5.1390179927734930e-05
-5.0931733869789357e-05
-5.0375933989658859e-05
-4.9903397980457712e-05
-4.9375474486035207e-05
-4.8868093612219864e-05
-4.8377396464251458e-05
-4.7834879352268352e-05
-4.7371722763199013e-05
-4.6809061581515466e-05
-4.6334894506093227e-05
-4.5808440070630042e-05
-4.5301786401677398e-05
-4.4802319068103924e-05
-4.4267582470077767e-05
-4.3793352953797847e-05
-4.3231752684572811e-05
-4.2748160267993394e-05
-4.2221686943845897e-05
-4.1700889737548629e-05
-4.1210007676269681e-05
-4.0647814192064957e-05
-4.0156321721079153e-05
-3.9628703681536333e-05
-3.9097730632898436e-05
-3.8600425090311316e-05
-3.8030707390226975e-05
0.0000000000000000e+00
];
