%Vec Object:dSdr_b_aug_6950 1 MPI processes
%  type: seq
dSdr_b_aug_6950 = [
2.3025827812838666e+03
0.0000000000000000e+00
-7.6034966183758556e-07
-3.1447900582362226e-07
-1.9572149470394550e-07
-1.3912538944868244e-07
-1.0438166934206537e-07
-8.2897448915046015e-08
-6.8334909754066353e-08
-5.7383905838069862e-08
-4.9251066678744610e-08
-4.3015909563532224e-08
-3.7939205280228134e-08
-3.3826283308223433e-08
-3.0454063272999036e-08
-2.7610271231180667e-08
-2.5180095209695978e-08
-2.3118309871970098e-08
-2.1457829095036043e-06
-7.2566463024096553e-04
-7.4921940880206227e-04
-7.1039886085272753e-04
-6.7200533671897794e-04
-6.3375671470825056e-04
-5.9129982156355112e-04
-5.5031414409771758e-04
-5.1101713095332848e-04
-4.7132694711943176e-04
-4.3059996380666175e-04
-3.8706749682104432e-04
-3.4875821673426770e-04
-3.1193573043644592e-04
-2.7717212230642097e-04
-2.4050630820511511e-04
-2.1068175823574668e-04
-1.8472228364474643e-04
-1.6201483390556289e-04
-1.4057008009938190e-04
-1.2432765234971329e-04
-1.1200925268054992e-04
-1.0228678424694151e-04
-9.4451952739973117e-05
-8.9573688709984595e-05
-8.6604255991913756e-05
-8.4988564835660212e-05
-8.4620786804574889e-05
-8.5120403054116258e-05
-8.6132947895790554e-05
-8.7588201051394976e-05
-8.9549186529769799e-05
-9.1275055131151864e-05
-9.3083453602925027e-05
-9.4925601291160095e-05
-9.6699876831685361e-05
-9.8187434119645776e-05
-9.9520675074211615e-05
-1.0080255296676239e-04
-1.0183784270909063e-04
-1.0268903862565207e-04
-1.0337845600296286e-04
-1.0400065434558236e-04
-1.0441218131276002e-04
-1.0466363706830077e-04
-1.0486854220347214e-04
-1.0496955501463279e-04
-1.0493744224333199e-04
-1.0484594927655954e-04
-1.0469569532679603e-04
-1.0445566305750934e-04
-1.0416002309476710e-04
-1.0384650557225326e-04
-1.0347914731497805e-04
-1.0307803621889138e-04
-1.0261939907273558e-04
-1.0216481871044997e-04
-1.0168278150522900e-04
-1.0116022504076276e-04
-1.0065371865921996e-04
-1.0013659983919117e-04
-9.9552814056297155e-05
-9.9007872935684426e-05
-9.8460234153757814e-05
-9.7861241103644174e-05
-9.7304579735978355e-05
-9.6752000037089768e-05
-9.6110627976039536e-05
-9.5554604752488349e-05
-9.4980417016763733e-05
-9.4358015337245058e-05
-9.3802927225269080e-05
-9.3213943641369908e-05
-9.2594678674634098e-05
-9.2036170819841437e-05
-9.1427776524040196e-05
-9.0842978527640557e-05
-9.0294363538069900e-05
-8.9660241987884380e-05
-8.9103286058081591e-05
-8.8543253620051741e-05
-8.7899175734788693e-05
-8.7382341118832330e-05
-8.6794166653261838e-05
-8.6197216935724987e-05
-8.5679653406689287e-05
-8.5042362536876309e-05
-8.4508523753378231e-05
-8.3967548636420654e-05
-8.3353799419925059e-05
-8.2845650308684232e-05
-8.2254594903493304e-05
-8.1694069270050248e-05
-8.1180495705346784e-05
-8.0575218148480054e-05
-8.0070852976227991e-05
-7.9500457795878254e-05
-7.8961080716776855e-05
-7.8426955818754830e-05
-7.7861387342038671e-05
-7.7362506883884105e-05
-7.6775496024854026e-05
-7.6285721508210998e-05
-7.5735110923307573e-05
-7.5192370261387462e-05
-7.4711563768301394e-05
-7.4114455316207862e-05
-7.3656717046168468e-05
-7.3086985023028379e-05
-7.2594058536433435e-05
-7.2072642392333498e-05
-7.1547603608533596e-05
-7.1045870262367712e-05
-7.0515825918206912e-05
-7.0040984213544106e-05
-6.9481288245988243e-05
-6.9032973413717225e-05
-6.8474091188327921e-05
-6.8007064988884799e-05
-6.7486034163356034e-05
-6.6990575650377891e-05
-6.6497197306588911e-05
-6.5995957679517768e-05
-6.5509793074152166e-05
-6.5006085545213837e-05
-6.4530496139353512e-05
-6.4008055747461105e-05
-6.3565814324887516e-05
-6.3021713554408057e-05
-6.2594314169246896e-05
-6.2057181012540479e-05
-6.1623186170907943e-05
-6.1094550072540070e-05
-6.0661195198420003e-05
-6.0125730208833108e-05
-5.9709557926343201e-05
-5.9167793591359773e-05
-5.8753792124576657e-05
-5.8223882507273735e-05
-5.7800919492669012e-05
-5.7279635766484710e-05
-5.6852386337000006e-05
-5.6331592014581339e-05
-5.5913898689788587e-05
-5.5391646514797805e-05
-5.4966166323519012e-05
-5.4469653503393926e-05
-5.4019032303578858e-05
-5.3549486526602112e-05
-5.3080772413173814e-05
-5.2619051863861959e-05
-5.2147702913661170e-05
-5.1693898159987730e-05
-5.1212455234586264e-05
-5.0780158952874658e-05
-5.0273802453622578e-05
-4.9856839867918713e-05
-4.9350422728056803e-05
-4.8920849654590153e-05
-4.8440850708779751e-05
-4.7979035337523166e-05
-4.7534408195877886e-05
-4.7040198812094992e-05
-4.6620898707953811e-05
-4.6109722837687142e-05
-4.5679309599255230e-05
-4.5203073016266299e-05
-4.4743005485681511e-05
-4.4291120581180640e-05
-4.3806642723102869e-05
-4.3377757498027664e-05
-4.2869515028736421e-05
-4.2432272607020206e-05
-4.1956101106919701e-05
-4.1485600646551824e-05
-4.1042082980139996e-05
-4.0534615923550303e-05
-4.0090829480620824e-05
-3.9614832230262030e-05
-3.9136407738458739e-05
-3.8687245042242693e-05
-3.8174113735590313e-05
0.0000000000000000e+00
];
