%Vec Object:dSdr_b_aug_3940 1 MPI processes
%  type: seq
dSdr_b_aug_3940 = [
2.3526293192935586e+03
0.0000000000000000e+00
-1.0584314247758758e-06
-4.3529122158587460e-07
-2.6882525498299650e-07
-1.9000993406144797e-07
-1.4220730254739140e-07
-1.1266513463592309e-07
-9.2643609988006047e-08
-7.7567258747666935e-08
-6.6374263728421955e-08
-5.7794941134534104e-08
-5.0811488748812444e-08
-4.5155355707958449e-08
-4.0518704281766316e-08
-3.6610188552270433e-08
-3.3271753501489548e-08
-3.0423604276720927e-08
-2.7961392848638495e-08
-2.5799752667107155e-08
-4.5428364019165358e-07
-4.6821711817110798e-04
-6.9001810884197269e-04
-6.5292839062603889e-04
-6.0935508141912232e-04
-5.6728658084899809e-04
-5.2697345644743445e-04
-4.8627046378205510e-04
-4.4452309973392039e-04
-3.9992916837963639e-04
-3.6069106127480137e-04
-3.2299094549309213e-04
-2.8741008422293271e-04
-2.4989158447422382e-04
-2.1937785946638704e-04
-1.9282261063861120e-04
-1.6959562778553583e-04
-1.4765935737494414e-04
-1.3104431291796671e-04
-1.1844168894092814e-04
-1.0848875985115297e-04
-1.0046268472032696e-04
-9.5457739480268026e-05
-9.2401113141865897e-05
-9.0725915075874039e-05
-9.0322088960561919e-05
-9.0803897620506913e-05
-9.1808666625803413e-05
-9.3264574934349525e-05
-9.5230201207486471e-05
-9.6959409265367599e-05
-9.8773022233954842e-05
-1.0061791014283163e-04
-1.0239134260729025e-04
-1.0387536748975102e-04
-1.0520077318876908e-04
-1.0646928990013791e-04
-1.0748923816868687e-04
-1.0832255318076950e-04
-1.0898932481789077e-04
-1.0958497098446049e-04
-1.0996948425062795e-04
-1.1019089486363454e-04
-1.1035970810558395e-04
-1.1042766146911938e-04
-1.1036044702035711e-04
-1.1023002660787615e-04
-1.1003963072992053e-04
-1.0976066310777742e-04
-1.0942387857793703e-04
-1.0906651621567419e-04
-1.0865865243510470e-04
-1.0821685726110106e-04
-1.0770999863229820e-04
-1.0721385028113850e-04
-1.0669049628483515e-04
-1.0611896364870955e-04
-1.0557110182861747e-04
-1.0501278354084800e-04
-1.0437881713383207e-04
-1.0379240090835175e-04
-1.0320283109125028e-04
-1.0255507580034642e-04
-1.0195716806743966e-04
-1.0136304418783258e-04
-1.0067245974999268e-04
-1.0007535604085177e-04
-9.9459093378025633e-05
-9.8789515948039804e-05
-9.8194028821854546e-05
-9.7562308161882512e-05
-9.6896983640022477e-05
-9.6298424157087131e-05
-9.5646097039812694e-05
-9.5018078813836226e-05
-9.4430099535508473e-05
-9.3750617315978461e-05
-9.3152168839619374e-05
-9.2552668901255353e-05
-9.1862380118832402e-05
-9.1306641131543278e-05
-9.0677535147265382e-05
-9.0037077179797687e-05
-8.9481137647526467e-05
-8.8799486267741705e-05
-8.8225927022705036e-05
-8.7645694984425944e-05
-8.6988397920737811e-05
-8.6442588202288956e-05
-8.5808754513264573e-05
-8.5207961136072815e-05
-8.4656535618943211e-05
-8.4007124284900321e-05
-8.3466304514569312e-05
-8.2853656451184319e-05
-8.2275160591414889e-05
-8.1702224892457411e-05
-8.1094679911861763e-05
-8.0559273158476984e-05
-7.9929490491301858e-05
-7.9402424943765936e-05
-7.8812115732698426e-05
-7.8229143247139437e-05
-7.7711158258551773e-05
-7.7071552483325481e-05
-7.6578150837384816e-05
-7.5966075728557361e-05
-7.5436974937567513e-05
-7.4874709164227601e-05
-7.4311121284921709e-05
-7.3771265788358643e-05
-7.3200491224513842e-05
-7.2689811357411956e-05
-7.2087285728281275e-05
-7.1604108415104206e-05
-7.1002754952510902e-05
-7.0499431669448373e-05
-6.9938116919980188e-05
-6.9404565404038667e-05
-6.8872446855086314e-05
-6.8331963122189308e-05
-6.7808233115309254e-05
-6.7263944727782545e-05
-6.6751514191742812e-05
-6.6187797692964317e-05
-6.5709174500866668e-05
-6.5123379894518071e-05
-6.4659947061138082e-05
-6.4080674145862584e-05
-6.3611564907038571e-05
-6.3039309008638167e-05
-6.2571148274263237e-05
-6.1991857581651563e-05
-6.1541022224941260e-05
-6.0955152073434915e-05
-6.0506234669709778e-05
-5.9932654539816093e-05
-5.9474362542945724e-05
-5.8909423595677260e-05
-5.8446007738895051e-05
-5.7881968551263386e-05
-5.7427309644312812e-05
-5.6862352787409974e-05
-5.6399245579490161e-05
-5.5860166946041949e-05
-5.5371193740063396e-05
-5.4859690869524008e-05
-5.4351237491990295e-05
-5.3848401467835257e-05
-5.3335788633862516e-05
-5.2841909277356952e-05
-5.2317571329811329e-05
-5.1846523775336896e-05
-5.1295089371244017e-05
-5.0840176497008727e-05
-5.0288582599836901e-05
-4.9819705743610950e-05
-4.9295863979498067e-05
-4.8792363871532572e-05
-4.8305590422717891e-05
-4.7767187559836191e-05
-4.7307766031950911e-05
-4.6749489625735161e-05
-4.6279048716337728e-05
-4.5756870913704883e-05
-4.5254184414347139e-05
-4.4758768940825802e-05
-4.4228311932934748e-05
-4.3757943127704583e-05
-4.3200885706143383e-05
-4.2721238686397598e-05
-4.2199046520670427e-05
-4.1682528783012004e-05
-4.1195674429306071e-05
-4.0638132268633085e-05
-4.0150686834539188e-05
-3.9627435924057138e-05
-3.9100875488568254e-05
-3.8607492680599576e-05
-3.8041648233810085e-05
0.0000000000000000e+00
];
