%Vec Object:dSdr_b_aug_8350 1 MPI processes
%  type: seq
dSdr_b_aug_8350 = [
2.2894725400138423e+03
0.0000000000000000e+00
-6.9632319501612378e-07
-2.8729024970082366e-07
-1.7841452131665189e-07
-1.2646362105761620e-07
-9.4528969029223397e-08
-7.4783248082245127e-08
-6.1401633054781156e-08
-5.1357446342122442e-08
-4.3899584156212413e-08
-3.8182034546393044e-08
-3.3532715408134096e-08
-2.9767619287640385e-08
-2.6680885547457248e-08
-2.4079495772895541e-08
-2.1858195377717924e-08
-2.6638029917707228e-08
-2.6483567153407948e-04
-7.8278699516450088e-04
-7.4185354814854251e-04
-7.0303957210088861e-04
-6.6501364494710364e-04
-6.2712749938925001e-04
-5.8506925429235336e-04
-5.4445753938010832e-04
-5.0551116069686309e-04
-4.6617046216871873e-04
-4.2579557656857427e-04
-3.8262938379502441e-04
-3.4464060941008360e-04
-3.0812096233468763e-04
-2.7363935966212669e-04
-2.3726777753221265e-04
-2.0768103774512412e-04
-1.8192714398727048e-04
-1.5939896693643565e-04
-1.3812381858189281e-04
-1.2200996810505050e-04
-1.0978964455677124e-04
-1.0014670025919508e-04
-9.2377860441801224e-05
-8.7543309686345983e-05
-8.4603964348071954e-05
-8.3008806857843304e-05
-8.2653467675055078e-05
-8.3159228619376788e-05
-8.4174456553019576e-05
-8.5629483566135677e-05
-8.7588867600479960e-05
-8.9313583809275192e-05
-9.1120182882140823e-05
-9.2961384961330669e-05
-9.4735951366798417e-05
-9.6224727516967858e-05
-9.7560672099582810e-05
-9.8847160426512051e-05
-9.9887743935655823e-05
-1.0074510988998359e-04
-1.0144234148517465e-04
-1.0207370202210977e-04
-1.0249455044761372e-04
-1.0275637373217187e-04
-1.0297373291837008e-04
-1.0308615338962410e-04
-1.0306615298035780e-04
-1.0298809251431691e-04
-1.0285169014065295e-04
-1.0262509310046012e-04
-1.0234365068931006e-04
-1.0204526248797743e-04
-1.0169188127055687e-04
-1.0130480882726090e-04
-1.0086281122847969e-04
-1.0042257452567153e-04
-9.9954794300342661e-05
-9.9449137799944039e-05
-9.8956901734141125e-05
-9.8453999409766629e-05
-9.7887529205279702e-05
-9.7356899693019149e-05
-9.6823729845014128e-05
-9.6241562938808513e-05
-9.5699134249395786e-05
-9.5160889994471353e-05
-9.4536499403430587e-05
-9.3994651618840871e-05
-9.3434982469028889e-05
-9.2828859491023762e-05
-9.2287711666036803e-05
-9.1713475152441773e-05
-9.1110103727229998e-05
-9.0565416288613686e-05
-8.9972181672958929e-05
-8.9402297466180318e-05
-8.8867265715978722e-05
-8.8248796546233391e-05
-8.7706158243059881e-05
-8.7159744659063914e-05
-8.6531612538054569e-05
-8.6028202460012877e-05
-8.5454152028790461e-05
-8.4872215484205982e-05
-8.4367894169385291e-05
-8.3745910557545168e-05
-8.3225777913695107e-05
-8.2698348984820656e-05
-8.2099626604699986e-05
-8.1604472849337810e-05
-8.1028178731056564e-05
-8.0481548084957984e-05
-7.9981035902527240e-05
-7.9390987365722044e-05
-7.8899201397558764e-05
-7.8343386206427304e-05
-7.7817507647453957e-05
-7.7296774996471471e-05
-7.6745691140022218e-05
-7.6259414625811701e-05
-7.5687162818556959e-05
-7.5210256129243174e-05
-7.4673344148423797e-05
-7.4144486078301226e-05
-7.3676508580280405e-05
-7.3094064464368077e-05
-7.2648632374465807e-05
-7.2093511465394006e-05
-7.1613067462234956e-05
-7.1105747092465126e-05
-7.0594010249165254e-05
-7.0105431519593082e-05
-6.9589441745311311e-05
-6.9126966532669806e-05
-6.8582049578617038e-05
-6.8145764564542610e-05
-6.7601537672626818e-05
-6.7147036322231910e-05
-6.6639906064592546e-05
-6.6157592109173199e-05
-6.5677581649577354e-05
-6.5189883784955648e-05
-6.4716681679702034e-05
-6.4226977179335649e-05
-6.3764100352402164e-05
-6.3255902894362496e-05
-6.2826215540897005e-05
-6.2296501847259280e-05
-6.1881536337066108e-05
-6.1358944128812610e-05
-6.0937066029013708e-05
-6.0423481588803017e-05
-6.0002136990329120e-05
-5.9481794707827345e-05
-5.9077583429519103e-05
-5.8551038457836195e-05
-5.8149085248092001e-05
-5.7634244784615094e-05
-5.7223472553073655e-05
-5.6717252702581943e-05
-5.6302483027409998e-05
-5.5796610979312092e-05
-5.5391673167175992e-05
-5.4884156865822779e-05
-5.4471660422549690e-05
-5.3989835554642512e-05
-5.3552448268141809e-05
-5.3097380392122041e-05
-5.2642378882241772e-05
-5.2194845816397107e-05
-5.1737735557752358e-05
-5.1297759113540006e-05
-5.0831117722163352e-05
-5.0412193108007406e-05
-4.9921391370902251e-05
-4.9517524051870394e-05
-4.9026695773801408e-05
-4.8610684997856347e-05
-4.8145814603592189e-05
-4.7698383096153287e-05
-4.7268299079158664e-05
-4.6789339213419718e-05
-4.6383883488116947e-05
-4.5888960223008980e-05
-4.5472358967934290e-05
-4.5011974895504683e-05
-4.4566613443871051e-05
-4.4129749129229959e-05
-4.3661136713096729e-05
-4.3246565578371631e-05
-4.2755166873811305e-05
-4.2332556056721766e-05
-4.1872263683526424e-05
-4.1417640793177797e-05
-4.0989075099084303e-05
-4.0498884132806034e-05
-4.0070157818938379e-05
-3.9610456879466146e-05
-3.9148622491854665e-05
-3.8714662039731754e-05
-3.8219416190136263e-05
0.0000000000000000e+00
];
