%Vec Object:dSdr_b_aug_2720 1 MPI processes
%  type: seq
dSdr_b_aug_2720 = [
2.3852024209902270e+03
0.0000000000000000e+00
-1.3298613670937929e-06
-5.4692421756305644e-07
-3.3731802084924992e-07
-2.3852400909050106e-07
-1.7903817327649777e-07
-1.4228316240922323e-07
-1.1737046342521142e-07
-9.8560783189421156e-08
-8.4594899784025861e-08
-7.3890963752577704e-08
-6.5166976610633803e-08
-5.8098665460367872e-08
-5.2304134973687957e-08
-4.7416994340030595e-08
-4.3239981441110353e-08
-3.9676153854323297e-08
-3.6594712388154389e-08
-3.3874853777218487e-08
-3.1492139480475862e-08
-3.2757992091390513e-08
-3.0860923205058549e-05
-6.3589473195415421e-04
-6.1997524257432688e-04
-5.7783418023540510e-04
-5.3690626143721712e-04
-4.9557344311587767e-04
-4.5319088352440621e-04
-4.0793614525388175e-04
-3.6811980155138178e-04
-3.2987332176959416e-04
-2.9378368349921436e-04
-2.5573434847749260e-04
-2.2479158091895211e-04
-1.9786543575959974e-04
-1.7431502012238507e-04
-1.5207275850325302e-04
-1.3522574334991636e-04
-1.2244617689608362e-04
-1.1234977560340052e-04
-1.0420464262136363e-04
-9.9120832565115102e-05
-9.6009924222903675e-05
-9.4297680347456414e-05
-9.3871412570719907e-05
-9.4342135084436190e-05
-9.5342063156964206e-05
-9.6798379199392078e-05
-9.8766894445178767e-05
-1.0049818134702367e-04
-1.0231504046129704e-04
-1.0416163417352152e-04
-1.0593454168464518e-04
-1.0741636739445407e-04
-1.0873689520967021e-04
-1.0999709390365240e-04
-1.1100749134022427e-04
-1.1182967461581154e-04
-1.1248234819608229e-04
-1.1306146437572983e-04
-1.1342916031109361e-04
-1.1363186627178591e-04
-1.1377821049564704e-04
-1.1382558268566792e-04
-1.1373651569259821e-04
-1.1358186103019852e-04
-1.1336647483957400e-04
-1.1306326806001297e-04
-1.1270086904366167e-04
-1.1231621115887299e-04
-1.1188313073732293e-04
-1.1141600776948904e-04
-1.1087912903600988e-04
-1.1035710268710884e-04
-1.0980802707691430e-04
-1.0920600451760849e-04
-1.0863239702693502e-04
-1.0804843016893412e-04
-1.0738322401697408e-04
-1.0677098762730024e-04
-1.0615531380996823e-04
-1.0547720178550942e-04
-1.0485361629259413e-04
-1.0423362925031409e-04
-1.0351240785207688e-04
-1.0288972965328382e-04
-1.0224727341696100e-04
-1.0154832692110832e-04
-1.0092768955453977e-04
-1.0026936310576789e-04
-9.9575364402328754e-05
-9.8951870944718142e-05
-9.8272193635168592e-05
-9.7617268838059220e-05
-9.7004783486791932e-05
-9.6297062176919405e-05
-9.5672782691894290e-05
-9.5048712428397297e-05
-9.4329655251947751e-05
-9.3749696513587637e-05
-9.3095108806486799e-05
-9.2427565003174930e-05
-9.1847734691052655e-05
-9.1138466906239021e-05
-9.0540179896321198e-05
-8.9935508668561061e-05
-8.9251101120783313e-05
-8.8681845991578955e-05
-8.8021380907524072e-05
-8.7395519060690479e-05
-8.6820529013680584e-05
-8.6143642430785400e-05
-8.5580128048350545e-05
-8.4941175679119132e-05
-8.4338326634694760e-05
-8.3741229483211171e-05
-8.3107552257746074e-05
-8.2549406261563384e-05
-8.1892996238663160e-05
-8.1342715367564442e-05
-8.0727691997401399e-05
-8.0119673414157563e-05
-7.9578543163448886e-05
-7.8912480917386974e-05
-7.8396877242043600e-05
-7.7758441684447761e-05
-7.7206820790975110e-05
-7.6619124315353550e-05
-7.6031537921749344e-05
-7.5467949704893599e-05
-7.4871818781477672e-05
-7.4338828083068579e-05
-7.3709639100757215e-05
-7.3204758365606911e-05
-7.2576964689223352e-05
-7.2051044883420025e-05
-7.1464651625676085e-05
-7.0907385551065999e-05
-7.0351149533259653e-05
-6.9786234633434263e-05
-6.9239118531734902e-05
-6.8669566794126040e-05
-6.8134201061058572e-05
-6.7544788395813263e-05
-6.7043515986047172e-05
-6.6431765166277983e-05
-6.5945899968876718e-05
-6.5340393241883251e-05
-6.4849423799471254e-05
-6.4250012706485498e-05
-6.3760183857439635e-05
-6.3153609798383145e-05
-6.2681195229838052e-05
-6.2067867342597728e-05
-6.1597213323126850e-05
-6.0996446469755674e-05
-6.0516160735330531e-05
-5.9924044602941638e-05
-5.9438113681658687e-05
-5.8847152796754200e-05
-5.8369481339328052e-05
-5.7777939101128505e-05
-5.7291407599738206e-05
-5.6725830068887570e-05
-5.6212981268108838e-05
-5.5675358494849276e-05
-5.5142165937338592e-05
-5.4613734005764881e-05
-5.4075432903431655e-05
-5.3556605692133974e-05
-5.3005564090928243e-05
-5.2510392593572469e-05
-5.1930895687191353e-05
-5.1452357622801078e-05
-5.0872639805438891e-05
-5.0379295288898544e-05
-4.9828160203070087e-05
-4.9298710378428561e-05
-4.8785699984810324e-05
-4.8219785874230017e-05
-4.7735388301873290e-05
-4.7147791270297543e-05
-4.6652433163124171e-05
-4.6101657051828071e-05
-4.5572440908909653e-05
-4.5049928812978178e-05
-4.4490851542606051e-05
-4.3994662082980670e-05
-4.3407221210337475e-05
-4.2901183235048751e-05
-4.2350351583557785e-05
-4.1805200425905111e-05
-4.1291387719525026e-05
-4.0702703073310790e-05
-4.0188129319497502e-05
-3.9635554128313753e-05
-3.9079225291728717e-05
-3.8558870858210983e-05
-3.7963172844810535e-05
0.0000000000000000e+00
];
