%Vec Object:dSdr_b_aug_5850 1 MPI processes
%  type: seq
dSdr_b_aug_5850 = [
2.3203717868279036e+03
0.0000000000000000e+00
-8.5427581074548062e-07
-3.5305917021973979e-07
-2.1942961971842446e-07
-1.5587747746419941e-07
-1.1700272359375970e-07
-9.2967275461358511e-08
-7.6675179310610758e-08
-6.4412146960021526e-08
-5.5305101551428236e-08
-4.8323402513754610e-08
-4.2637014678591589e-08
-3.8029866495115044e-08
-3.4252463896574601e-08
-3.1066675242504820e-08
-2.8343923966560166e-08
-2.6020642407918667e-08
-2.4391288327257686e-08
-2.6964473585812796e-05
-7.4519078967874976e-04
-7.1682911892456398e-04
-6.7820416408452110e-04
-6.3963537547229545e-04
-5.9682499168397434e-04
-5.5550769063345321e-04
-5.1589974029824578e-04
-4.7589963830876712e-04
-4.3486042019984890e-04
-3.9100314692091571e-04
-3.5240964734587074e-04
-3.1531860792100404e-04
-2.8030492172455859e-04
-2.4337818727725383e-04
-2.1334275092821660e-04
-1.8720097044430212e-04
-1.6433454446693543e-04
-1.4273938743112200e-04
-1.2638293961333082e-04
-1.1397756779518184e-04
-1.0418457879526643e-04
-9.6291227064364656e-05
-9.1374198709807082e-05
-8.8378084754008011e-05
-8.6744184455400696e-05
-8.6365375651241576e-05
-8.6859542696847953e-05
-8.7869708042808203e-05
-8.9325161620883468e-05
-9.1287567222357349e-05
-9.3014457736154089e-05
-9.4824451876167343e-05
-9.6667438105724687e-05
-9.8441455702327708e-05
-9.9927932113615385e-05
-1.0125877552478798e-04
-1.0253656494816516e-04
-1.0356716025327883e-04
-1.0441288466962338e-04
-1.0509537251374611e-04
-1.0570944595889843e-04
-1.0611270679613819e-04
-1.0635496878284066e-04
-1.0654882985401313e-04
-1.0663972652471919e-04
-1.0659687269448595e-04
-1.0649346799042950e-04
-1.0633093067403231e-04
-1.0607898424838858e-04
-1.0577075411369938e-04
-1.0544382014053331e-04
-1.0506406725796727e-04
-1.0465050689934906e-04
-1.0417711405776096e-04
-1.0370981395795836e-04
-1.0321513388146065e-04
-1.0267759078838607e-04
-1.0215842970972412e-04
-1.0162870391947872e-04
-1.0102956294789672e-04
-1.0047193051276834e-04
-9.9911460902512363e-05
-9.9297546686854878e-05
-9.8728263998852382e-05
-9.8162971848671796e-05
-9.7506540881462663e-05
-9.6937947096659572e-05
-9.6350884502371652e-05
-9.5714047121056391e-05
-9.5146596977106326e-05
-9.4544535918341817e-05
-9.3911176803867542e-05
-9.3340413216806079e-05
-9.2718575550258795e-05
-9.2120552235044632e-05
-9.1559891838027197e-05
-9.0911889998216357e-05
-9.0342237417782330e-05
-8.9770127989877935e-05
-8.9111909646850108e-05
-8.8583170357588986e-05
-8.7982470917059483e-05
-8.7372207751131880e-05
-8.6842901232508211e-05
-8.6192036124327654e-05
-8.5646042949409233e-05
-8.5093055283617602e-05
-8.4465980502364602e-05
-8.3946307311793104e-05
-8.3342161827039835e-05
-8.2769314335105559e-05
-8.2244158139984310e-05
-8.1625375725130240e-05
-8.1109855510682599e-05
-8.0526531022901427e-05
-7.9975183666450639e-05
-7.9429182732436117e-05
-7.8850769520120062e-05
-7.8340712081021398e-05
-7.7740613124858878e-05
-7.7239427619652806e-05
-7.6676669326292249e-05
-7.6121617798505806e-05
-7.5629434752831341e-05
-7.5019322196208496e-05
-7.4550670997863903e-05
-7.3967982066834137e-05
-7.3463986309027003e-05
-7.2930070252429899e-05
-7.2393235515729406e-05
-7.1879836861300466e-05
-7.1337329144313880e-05
-7.0851521028177745e-05
-7.0278719262597988e-05
-6.9819736576147776e-05
-6.9247858230425864e-05
-6.8769725191302264e-05
-6.8236367560060298e-05
-6.7729252659722491e-05
-6.7224019886065117e-05
-6.6710771636725860e-05
-6.6213112090067003e-05
-6.5696986895458410e-05
-6.5210124174817056e-05
-6.4675053373280378e-05
-6.4221679200260752e-05
-6.3664820196726460e-05
-6.3226394647756688e-05
-6.2676366807420817e-05
-6.2231627031146428e-05
-6.1689643360116468e-05
-6.1245637964384852e-05
-6.0696762397567681e-05
-6.0269983287158973e-05
-5.9714722662326333e-05
-5.9290036993750643e-05
-5.8746764290712956e-05
-5.8312990685208382e-05
-5.7778348554653830e-05
-5.7340032279908913e-05
-5.6806005123982020e-05
-5.6377000416725857e-05
-5.5841680706630382e-05
-5.5404686738583440e-05
-5.4895148880665970e-05
-5.4432792062933298e-05
-5.3950407520004982e-05
-5.3469533295487522e-05
-5.2995231520010964e-05
-5.2511255934373493e-05
-5.2045188467083527e-05
-5.1550619789253143e-05
-5.1106465740146944e-05
-5.0586315541331785e-05
-5.0157740300510260e-05
-4.9637499227064479e-05
-4.9195899348514110e-05
-4.8702484671637177e-05
-4.8227913950959995e-05
-4.7770390234702921e-05
-4.7262657863812941e-05
-4.6831080834771994e-05
-4.6305492471152581e-05
-4.5862831054798521e-05
-4.5372536799505330e-05
-4.4899428250690205e-05
-4.4434223445492952e-05
-4.3935676512867195e-05
-4.3494097963231068e-05
-4.2970918944359935e-05
-4.2520701750135777e-05
-4.2030449295333064e-05
-4.1545869411998201e-05
-4.1089093366895391e-05
-4.0566307349627585e-05
-4.0109167772294462e-05
-3.9618722727067645e-05
-3.9125593818431109e-05
-3.8662970706250701e-05
-3.8134087848985659e-05
0.0000000000000000e+00
];
