%Vec Object:dSdr_b_aug_4430 1 MPI processes
%  type: seq
dSdr_b_aug_4430 = [
2.3437331098932609e+03
0.0000000000000000e+00
-9.9884759420355571e-07
-4.1214548558114849e-07
-2.5550214874002139e-07
-1.8122982545358907e-07
-1.3604033938093060e-07
-1.0810678265847986e-07
-8.9172636360506477e-08
-7.4905469317737162e-08
-6.4310818625026261e-08
-5.6189384758678839e-08
-4.9573001313639135e-08
-4.4212303672010178e-08
-3.9817262495512609e-08
-3.6110486965612292e-08
-3.2942375120363959e-08
-3.0239157841328840e-08
-2.7901706332939207e-08
-2.6387456046745220e-08
-2.0294046808649278e-05
-7.0653382756235856e-04
-6.8788070592199282e-04
-6.4904750710939000e-04
-6.0567537110518192e-04
-5.6382696764797023e-04
-5.2372094617153097e-04
-4.8322440203878332e-04
-4.4168503073719359e-04
-3.9730746660826159e-04
-3.5825869014195381e-04
-3.2073746898041633e-04
-2.8532319531598477e-04
-2.4797850569655585e-04
-2.1760526106711850e-04
-1.9117145394501929e-04
-1.6805037192802613e-04
-1.4621429152119836e-04
-1.2967520068803224e-04
-1.1713051255580152e-04
-1.0722456020491710e-04
-9.9237467868469064e-05
-9.4258345081309832e-05
-9.1219492084308748e-05
-8.9556423740747834e-05
-8.9159945534797002e-05
-8.9645383990567628e-05
-9.0651737937525115e-05
-9.2107512630773243e-05
-9.4072192864538836e-05
-9.5800720151726783e-05
-9.7613270148013174e-05
-9.9457599441009031e-05
-1.0123120370709962e-04
-1.0271594858379797e-04
-1.0404295136636042e-04
-1.0531419156012870e-04
-1.0633726697368103e-04
-1.0717422685543938e-04
-1.0784561462874370e-04
-1.0844667320930440e-04
-1.0883669294877026e-04
-1.0906422789960785e-04
-1.0924039804032686e-04
-1.0931509017461455e-04
-1.0925503078249463e-04
-1.0913254526591506e-04
-1.0895033184262795e-04
-1.0867930072949219e-04
-1.0835090303195312e-04
-1.0800247792175092e-04
-1.0760287071277368e-04
-1.0716936850711124e-04
-1.0667233925971767e-04
-1.0618466405266618e-04
-1.0566973199707788e-04
-1.0510818257805270e-04
-1.0456875057711575e-04
-1.0401883031595645e-04
-1.0339509264059987e-04
-1.0281713062767411e-04
-1.0223610795948731e-04
-1.0159829227993346e-04
-1.0100879213434346e-04
-1.0042313654846996e-04
-9.9742583477642065e-05
-9.9153853543695091e-05
-9.8546167361673743e-05
-9.7886206156493438e-05
-9.7298953895963089e-05
-9.6675944688683296e-05
-9.6020008868564349e-05
-9.5429613441100960e-05
-9.4786241515818355e-05
-9.4167033228296045e-05
-9.3587077899639712e-05
-9.2916841922740078e-05
-9.2326851216978627e-05
-9.1735396267121440e-05
-9.1054527036756237e-05
-9.0506718250798576e-05
-8.9885955683005129e-05
-8.9254366373379602e-05
-8.8706249349921801e-05
-8.8033640351642550e-05
-8.7468177667957722e-05
-8.6895947703889229e-05
-8.6247527370202103e-05
-8.5709394336049534e-05
-8.5084280510703723e-05
-8.4491695252816705e-05
-8.3947985423973596e-05
-8.3307570255772108e-05
-8.2774181339595484e-05
-8.2170146043886858e-05
-8.1599624101464779e-05
-8.1034599541964181e-05
-8.0435610992972767e-05
-7.9907649709392412e-05
-7.9286585587906520e-05
-7.8767121393131929e-05
-7.8184904295636103e-05
-7.7610132610021702e-05
-7.7099726035948974e-05
-7.6468782857223085e-05
-7.5982650786765059e-05
-7.5379206835496129e-05
-7.4857479767613311e-05
-7.4303540728604914e-05
-7.3747810646878424e-05
-7.3215725920423202e-05
-7.2653253751883760e-05
-7.2149879091184711e-05
-7.1556083805292408e-05
-7.1080012818009624e-05
-7.0487316639018002e-05
-6.9991392110108801e-05
-6.9438288786785265e-05
-6.8912502103667082e-05
-6.8388280312844886e-05
-6.7855796053134645e-05
-6.7339723335694320e-05
-6.6803706904440831e-05
-6.6298786025086268e-05
-6.5743483202720536e-05
-6.5272276033641712e-05
-6.4694980255031891e-05
-6.4238892445422010e-05
-6.3668209256312393e-05
-6.3206257705811759e-05
-6.2642893225436447e-05
-6.2181827290464195e-05
-6.1611469989919789e-05
-6.1167700330436728e-05
-6.0590820672497991e-05
-6.0149020512904204e-05
-5.9584342148991211e-05
-5.9133251595288485e-05
-5.8577211301836005e-05
-5.8121167596991543e-05
-5.7565943422764561e-05
-5.7118819572445328e-05
-5.6562567625935348e-05
-5.6107130308154692e-05
-5.5576728286620529e-05
-5.5095572761214813e-05
-5.4592622432271504e-05
-5.4092269523643756e-05
-5.3597814499763671e-05
-5.3093612925421397e-05
-5.2607902415850643e-05
-5.2092308235396519e-05
-5.1629159803031881e-05
-5.1086914146071549e-05
-5.0639737149779789e-05
-5.0097352181672326e-05
-4.9636487134537234e-05
-4.9121582433816237e-05
-4.8626579516093132e-05
-4.8148397375013090e-05
-4.7619003152725930e-05
-4.7167760267756598e-05
-4.6619085176687408e-05
-4.6156803927151347e-05
-4.5643991282772186e-05
-4.5149992849292368e-05
-4.4663451402605767e-05
-4.4142367725756541e-05
-4.3680456125571614e-05
-4.3133350674445735e-05
-4.2662349420202400e-05
-4.2149540818966947e-05
-4.1642407016753457e-05
-4.1164391879721247e-05
-4.0617065399918107e-05
-4.0138533152140723e-05
-3.9624939477666112e-05
-3.9108244590856153e-05
-3.8624026546933774e-05
-3.8069732142648656e-05
0.0000000000000000e+00
];
