%Vec Object:dSdr_b_aug_2100 1 MPI processes
%  type: seq
dSdr_b_aug_2100 = [
2.4063176887504087e+03
0.0000000000000000e+00
-1.5443887981120669e-06
-6.3397617501940855e-07
-3.8989137123850839e-07
-2.7522528539429220e-07
-2.0657065103661174e-07
-1.6416029827094009e-07
-1.3541504197532309e-07
-1.1368869834060636e-07
-9.7558490919738123e-08
-8.5196805706024751e-08
-7.5119637488333903e-08
-6.6955002106649548e-08
-6.0262039245261483e-08
-5.4617185979154385e-08
-4.9792576102138123e-08
-4.5676372436176815e-08
-4.2117445847380554e-08
-3.8976244989864205e-08
-3.6224288751970969e-08
-3.3797623380591760e-08
-3.5210129998189723e-08
-1.8776346040047746e-05
-5.7249658644980173e-04
-5.8357895135008515e-04
-5.4362798988839324e-04
-5.0191771852702634e-04
-4.5910451647464165e-04
-4.1339911118405930e-04
-3.7318826531623176e-04
-3.3456901511997103e-04
-2.9813224975256466e-04
-2.5972073756906351e-04
-2.2848524374441338e-04
-2.0130604419433818e-04
-1.7753495749520519e-04
-1.5508392481420065e-04
-1.3807864116091161e-04
-1.2517835074751820e-04
-1.1498406152526251e-04
-1.0675769798791765e-04
-1.0162008020026436e-04
-9.8472136439654945e-05
-9.6734617022953848e-05
-9.6293037794906264e-05
-9.6756196475978262e-05
-9.7752821687768562e-05
-9.9209415919300985e-05
-1.0117990224908771e-04
-1.0291260750143420e-04
-1.0473168139031473e-04
-1.0657943893544735e-04
-1.0835198828323169e-04
-1.0983231354644270e-04
-1.1114951328937936e-04
-1.1240403678380040e-04
-1.1340791789839342e-04
-1.1422250623562374e-04
-1.1486556102251895e-04
-1.1543339915655548e-04
-1.1578962100980365e-04
-1.1597956525937920e-04
-1.1611057942504586e-04
-1.1614390958837158e-04
-1.1603993313757420e-04
-1.1586874402955855e-04
-1.1563630754581660e-04
-1.1531656296746453e-04
-1.1493668779340548e-04
-1.1453340681500150e-04
-1.1408312167288874e-04
-1.1359871814544011e-04
-1.1304135729040929e-04
-1.1250167488396065e-04
-1.1193504991654628e-04
-1.1131222469072113e-04
-1.1072105143492830e-04
-1.1011958506386124e-04
-1.0943306466620515e-04
-1.0880321169338526e-04
-1.0816972768672719e-04
-1.0747090393102621e-04
-1.0682979906736370e-04
-1.0619216615826052e-04
-1.0545004183639320e-04
-1.0480991472614604e-04
-1.0414958719117965e-04
-1.0343060282834183e-04
-1.0279280600641275e-04
-1.0211632701375216e-04
-1.0140276454770317e-04
-1.0076225918818428e-04
-1.0006392144480217e-04
-9.9390638886838923e-05
-9.8761433581706588e-05
-9.8034445362576479e-05
-9.7392541949337978e-05
-9.6751707894220207e-05
-9.6013022676382680e-05
-9.5416539335417604e-05
-9.4744566010494604e-05
-9.4058542138710362e-05
-9.3462411674345960e-05
-9.2734301825397002e-05
-9.2119143606817657e-05
-9.1497798059015433e-05
-9.0794893625818809e-05
-9.0209642209891714e-05
-8.9531007112319286e-05
-8.8888041601477546e-05
-8.8296973995399399e-05
-8.7601341656144338e-05
-8.7022343240349576e-05
-8.6365444023350224e-05
-8.5745979338104115e-05
-8.5132397360405861e-05
-8.4480890680586744e-05
-8.3907230200518879e-05
-8.3232652920058248e-05
-8.2666532745677242e-05
-8.2034647449811504e-05
-8.1409540466492448e-05
-8.0852618713890469e-05
-8.0168505801267944e-05
-7.9637754170910248e-05
-7.8981333460505839e-05
-7.8414347597772409e-05
-7.7809300314872579e-05
-7.7205340264248042e-05
-7.6625559735761571e-05
-7.6012128727474796e-05
-7.5463915840928789e-05
-7.4816535040848117e-05
-7.4296846539555978e-05
-7.3651013288493532e-05
-7.3109676373611396e-05
-7.2506172602830330e-05
-7.1932726607908297e-05
-7.1360035773068652e-05
-7.0778452026938496e-05
-7.0215380108580832e-05
-6.9628591744484662e-05
-6.9077577832377923e-05
-6.8470633239587963e-05
-6.7953907768210297e-05
-6.7324447596613034e-05
-6.6823277292075458e-05
-6.6199871814081831e-05
-6.5693987636972526e-05
-6.5076049153826515e-05
-6.4571436628113482e-05
-6.3946247730089860e-05
-6.3459110141339493e-05
-6.2827048446839490e-05
-6.2341564013965636e-05
-6.1722248259051313e-05
-6.1226956682707825e-05
-6.0616298156610834e-05
-6.0115005703558810e-05
-5.9505676738686662e-05
-5.9012304325827962e-05
-5.8402623468642891e-05
-5.7900110088680825e-05
-5.7316452944940504e-05
-5.6787314352662150e-05
-5.6231870546243319e-05
-5.5681798992149716e-05
-5.5135903537819657e-05
-5.4580075896894654e-05
-5.4044227314793588e-05
-5.3474966400058268e-05
-5.2963335668718997e-05
-5.2364692336431663e-05
-5.1870035325909837e-05
-5.1271129178492004e-05
-5.0761090916906515e-05
-5.0191334199760105e-05
-4.9644179455553751e-05
-4.9113268172785487e-05
-4.8528583744171402e-05
-4.8027145566234399e-05
-4.7419543717619222e-05
-4.6907185153332882e-05
-4.6336897044033088e-05
-4.5789580305823493e-05
-4.5248580775733682e-05
-4.4669976523120432e-05
-4.4156170187245307e-05
-4.3547999339346038e-05
-4.3023955370274812e-05
-4.2453583590906186e-05
-4.1888896423442172e-05
-4.1356690531848555e-05
-4.0746757900986029e-05
-4.0213674808627782e-05
-3.9641091750665593e-05
-3.9064451302453230e-05
-3.8525690750644042e-05
-3.7909601476419221e-05
0.0000000000000000e+00
];
