%Vec Object:dSdr_b_aug_720 1 MPI processes
%  type: seq
dSdr_b_aug_720 = [
2.4937901230480793e+03
0.0000000000000000e+00
-2.9609739664725338e-06
-1.2045950149153517e-06
-7.3080373787459356e-07
-5.1171627662773365e-07
-3.8385226838653931e-07
-3.0495252801440162e-07
-2.5148147927576798e-07
-2.1086784226581182e-07
-1.8072573111423791e-07
-1.5763432188267267e-07
-1.3879469632562911e-07
-1.2353126758228889e-07
-1.1102164738137067e-07
-1.0047171697180993e-07
-9.1455406129610637e-08
-8.3764197329371059e-08
-7.7115320372391307e-08
-7.1248228510169344e-08
-6.6108853459440540e-08
-6.1576733224808494e-08
-5.7502391251194890e-08
-5.3860185514418226e-08
-5.0592670917729324e-08
-4.7627442358030195e-08
-4.4955881431731556e-08
-5.3788435009832988e-08
-3.5642192105849696e-06
-1.7070376719897234e-04
-3.6458964985655687e-04
-3.4927002990464364e-04
-3.1449522728207438e-04
-2.7515217838410466e-04
-2.4286473131229737e-04
-2.1471836463016721e-04
-1.9009173422675728e-04
-1.6682802612713683e-04
-1.4920597927716101e-04
-1.3583502008082270e-04
-1.2525900952295305e-04
-1.1671584888558930e-04
-1.1136837480613873e-04
-1.0807598500388781e-04
-1.0623988388564956e-04
-1.0573858519127765e-04
-1.0617224249451589e-04
-1.0715598541065268e-04
-1.0861366472696965e-04
-1.1059183898036664e-04
-1.1233007610525718e-04
-1.1415778823239863e-04
-1.1601008479297398e-04
-1.1778123661832526e-04
-1.1925570890968789e-04
-1.2055992705992963e-04
-1.2179231402869097e-04
-1.2277077785321702e-04
-1.2355574179054467e-04
-1.2416127817036987e-04
-1.2468512601409779e-04
-1.2499659296042709e-04
-1.2513675993602611e-04
-1.2520797902233438e-04
-1.2518653807958740e-04
-1.2502440713054030e-04
-1.2478872528253867e-04
-1.2448978400964844e-04
-1.2410553363534444e-04
-1.2365749261295561e-04
-1.2318157217847475e-04
-1.2266417994435020e-04
-1.2211237352322538e-04
-1.2147512234309091e-04
-1.2086657266745164e-04
-1.2023149661058604e-04
-1.1952753078025376e-04
-1.1886784242819101e-04
-1.1819811937240910e-04
-1.1742846294810318e-04
-1.1672989665261424e-04
-1.1602694393165088e-04
-1.1524733400416902e-04
-1.1453789475485581e-04
-1.1383143406883630e-04
-1.1300777784923648e-04
-1.1229959119631384e-04
-1.1156955660608201e-04
-1.1077241450841807e-04
-1.1006768718063413e-04
-1.0932040415219031e-04
-1.0853053320589660e-04
-1.0782367288518041e-04
-1.0705255009786811e-04
-1.0630766307318247e-04
-1.0561324156012395e-04
-1.0481110275534615e-04
-1.0410045719508872e-04
-1.0339423595390997e-04
-1.0257899156710095e-04
-1.0191805400072289e-04
-1.0117826815884135e-04
-1.0042016296175969e-04
-9.9760453920742567e-05
-9.8958850787777858e-05
-9.8277886593072864e-05
-9.7591503033279603e-05
-9.6816451686391512e-05
-9.6168806924476271e-05
-9.5419299876622099e-05
-9.4709621705573406e-05
-9.4055843755021235e-05
-9.3287093788590355e-05
-9.2647700074153483e-05
-9.1920799369687536e-05
-9.1236525561680430e-05
-9.0558644704234832e-05
-8.9837594458949080e-05
-8.9203419959674451e-05
-8.8457981540137359e-05
-8.7830080398659197e-05
-8.7132425409966929e-05
-8.6440665376320982e-05
-8.5822149119269551e-05
-8.5067629854496064e-05
-8.4477793879874299e-05
-8.3751222363609044e-05
-8.3124305707214100e-05
-8.2451581889247575e-05
-8.1783756678813736e-05
-8.1140818333102710e-05
-8.0459908653810922e-05
-7.9852321924313454e-05
-7.9133984272588634e-05
-7.8556538393975627e-05
-7.7840342132285678e-05
-7.7238871121362078e-05
-7.6568628156864770e-05
-7.5932072748647036e-05
-7.5295200278800397e-05
-7.4648600090860678e-05
-7.4023292910171045e-05
-7.3369273508162877e-05
-7.2757224299642046e-05
-7.2081896881133722e-05
-7.1504897197311425e-05
-7.0806362194701653e-05
-7.0245494808699943e-05
-6.9552275789097276e-05
-6.8988217218537629e-05
-6.8298013236081355e-05
-6.7735737556078550e-05
-6.7037942119839975e-05
-6.6493378021628162e-05
-6.5788245817467077e-05
-6.5244916054667710e-05
-6.4553251085725660e-05
-6.3999430001422241e-05
-6.3316447730192604e-05
-6.2755238496403715e-05
-6.2074265799375906e-05
-6.1519652796084107e-05
-6.0839223342527569e-05
-6.0274373769648993e-05
-5.9620198328650169e-05
-5.9027522701875472e-05
-5.8402569365814791e-05
-5.7786662795885496e-05
-5.7172652505554973e-05
-5.6548464374738527e-05
-5.5946225854427516e-05
-5.5305902618240377e-05
-5.4730074922434833e-05
-5.4056753510008152e-05
-5.3499227303110366e-05
-5.2825480192948301e-05
-5.2250331388202723e-05
-5.1607944857010499e-05
-5.0991736394660447e-05
-5.0391007574724111e-05
-4.9733115124198721e-05
-4.9165216415441382e-05
-4.8479593239245787e-05
-4.7900932979317520e-05
-4.7254548526795910e-05
-4.6636642531926271e-05
-4.6023547377031434e-05
-4.5368796087320302e-05
-4.4786297322150916e-05
-4.4097297617454669e-05
-4.3503057884727793e-05
-4.2856518865564234e-05
-4.2215699133179980e-05
-4.1611847786783340e-05
-4.0919185793619400e-05
-4.0314148983650998e-05
-3.9663965338037008e-05
-3.9009037465481596e-05
-3.8401123233200066e-05
-3.7719554914656322e-05
0.0000000000000000e+00
];
