%Vec Object:dSdr_b_aug_8900 1 MPI processes
%  type: seq
dSdr_b_aug_8900 = [
2.2800659051789075e+03
0.0000000000000000e+00
-6.5775213440465695e-07
-2.7231438933017420e-07
-1.6977404199619716e-07
-1.2078463445761262e-07
-9.0579810416605790e-08
-7.1899087122147986e-08
-5.9237052904308342e-08
-4.9725788911952441e-08
-4.2661948517666520e-08
-3.7245999619572914e-08
-3.2837926123701230e-08
-2.9266923610709576e-08
-2.6338970943048091e-08
-2.3870072675741826e-08
-2.1762390341840357e-08
-8.3906308743619187e-07
-7.2925684558280057e-04
-7.8107535430155999e-04
-7.3937061090133596e-04
-7.0067484893302672e-04
-6.6276810081862092e-04
-6.2499838778738075e-04
-5.8306817718508535e-04
-5.4257656820430925e-04
-5.0374280313984754e-04
-4.6451434915972968e-04
-4.2425254714223941e-04
-3.8120399103964026e-04
-3.4331815380497468e-04
-3.0689576992163438e-04
-2.7250473924159125e-04
-2.3622765591576087e-04
-2.0671729388484707e-04
-1.8102942678468344e-04
-1.5855882729949984e-04
-1.3733815128108746e-04
-1.2126559602467304e-04
-1.0907677160961484e-04
-9.9459368087956963e-05
-9.1711722818166124e-05
-8.6891211462121690e-05
-8.3961529300276681e-05
-8.2372966606386380e-05
-8.2021622395393585e-05
-8.2529356810154145e-05
-8.3545446447707566e-05
-8.5000400803059327e-05
-8.6959270472977029e-05
-8.8683616542257289e-05
-9.0489637677200642e-05
-9.2330536032507774e-05
-9.4105195835332388e-05
-9.5594363430500612e-05
-9.6931176323280599e-05
-9.8219145372452414e-05
-9.9261429071722607e-05
-1.0012077665012720e-04
-1.0082051793340116e-04
-1.0145482109012114e-04
-1.0187866328726042e-04
-1.0214381631182054e-04
-1.0236517536897455e-04
-1.0248125964127564e-04
-1.0246514936349517e-04
-1.0239140301967730e-04
-1.0225944936348338e-04
-1.0203716732259802e-04
-1.0176028474699747e-04
-1.0146675563888180e-04
-1.0111786343563475e-04
-1.0073529979507406e-04
-1.0029864633125788e-04
-9.9863016390959312e-05
-9.9399815089395299e-05
-9.8899586362904428e-05
-9.8411933504330480e-05
-9.7913597101905120e-05
-9.7352688155143694e-05
-9.6826655112589282e-05
-9.6298132262860947e-05
-9.5721369422635007e-05
-9.5183511853277482e-05
-9.4649871723889560e-05
-9.4030935085462382e-05
-9.3493640037668041e-05
-9.2938633833622330e-05
-9.2337739099643420e-05
-9.1801068487753565e-05
-9.1231568302781985e-05
-9.0633301419635424e-05
-9.0093052695341925e-05
-8.9504686926897216e-05
-8.8939592594473245e-05
-8.8408923384499001e-05
-8.7795481303259748e-05
-8.7257441404349874e-05
-8.6715401799185380e-05
-8.6092390993260475e-05
-8.5593292485433814e-05
-8.5023778284919614e-05
-8.4446663539065040e-05
-8.3946595242353765e-05
-8.3329527880992351e-05
-8.2813797254800150e-05
-8.2290718971863436e-05
-8.1696822779136420e-05
-8.1205842758492203e-05
-8.0634289540947209e-05
-8.0092121565331604e-05
-7.9595804323635269e-05
-7.9010646910188874e-05
-7.8522901021285148e-05
-7.7971768503772531e-05
-7.7450225281957150e-05
-7.6933793836404994e-05
-7.6387362024150484e-05
-7.5905133535456699e-05
-7.5337621912114608e-05
-7.4864848000247137e-05
-7.4332335618499090e-05
-7.3807936239095589e-05
-7.3344079047129446e-05
-7.2766344695949654e-05
-7.2324864999382879e-05
-7.1774436761940790e-05
-7.1298001776032874e-05
-7.0795208565994081e-05
-7.0287743926220986e-05
-6.9803390084175569e-05
-6.9291914236589643e-05
-6.8833410789113144e-05
-6.8293240432578528e-05
-6.7860819054235043e-05
-6.7321299037922017e-05
-6.6870820313394809e-05
-6.6368154523049791e-05
-6.5890062226592864e-05
-6.5414345152322190e-05
-6.4930996518063736e-05
-6.4461957601254740e-05
-6.3976750477343219e-05
-6.3517956572210868e-05
-6.3014333542188095e-05
-6.2588678202617565e-05
-6.2063585232630943e-05
-6.1652613134489969e-05
-6.1134691070131283e-05
-6.0716704529674888e-05
-6.0207954259811355e-05
-5.9790467028228971e-05
-5.9274981736512595e-05
-5.8874612002108956e-05
-5.8352955066220608e-05
-5.7954871425382911e-05
-5.7444870756844403e-05
-5.7038013871742695e-05
-5.6536632123450828e-05
-5.6125870606591636e-05
-5.5624791185414582e-05
-5.5223950100326724e-05
-5.4721166562990912e-05
-5.4312840153260951e-05
-5.3835732662566862e-05
-5.3402595760367039e-05
-5.2952177804294641e-05
-5.2501580426118882e-05
-5.2058604013035316e-05
-5.1606066857676751e-05
-5.1170531718163619e-05
-5.0708644208189055e-05
-5.0294014248951672e-05
-4.9808208320650072e-05
-4.9408546898188098e-05
-4.8922725396727288e-05
-4.8511070532611541e-05
-4.8051059097756119e-05
-4.7608247390962339e-05
-4.7182834340325673e-05
-4.6708772334196747e-05
-4.6307763200184849e-05
-4.5818060009065724e-05
-4.5405895003910641e-05
-4.4950602583996415e-05
-4.4509964638676572e-05
-4.4077924912054055e-05
-4.3614408519185059e-05
-4.3204435278653380e-05
-4.2718447098116871e-05
-4.2300536555016222e-05
-4.1845345469332405e-05
-4.1395823885925946e-05
-4.0972063049024836e-05
-4.0487424800918245e-05
-4.0063542113171132e-05
-3.9609087330024268e-05
-3.9152607281517486e-05
-3.8723602663238550e-05
-3.8234490918748883e-05
0.0000000000000000e+00
];
