%Vec Object:dSdr_b_aug_3890 1 MPI processes
%  type: seq
dSdr_b_aug_3890 = [
2.3542861838897320e+03
0.0000000000000000e+00
-1.0700644417570541e-06
-4.3980186987602547e-07
-2.7141471698341491e-07
-1.9171196876760519e-07
-1.4340008323315313e-07
-1.1354432522491384e-07
-9.3310712527220380e-08
-7.8076486225030495e-08
-6.6766677413145387e-08
-5.8097883386563603e-08
-5.1042675376556737e-08
-4.5328734825895402e-08
-4.0644746340849747e-08
-3.6696659305342548e-08
-3.3324774079172206e-08
-3.0448108132790206e-08
-2.7961300924552586e-08
-2.5773046516885398e-08
-2.2503828088984013e-07
-3.8713033494940693e-04
-6.8989773624227914e-04
-6.5328336304310496e-04
-6.0969674794866824e-04
-5.6760792885102564e-04
-5.2727557123365186e-04
-4.8655340240232406e-04
-4.4478671860150834e-04
-4.0017268960823501e-04
-3.6091699620342853e-04
-3.2320026348898432e-04
-2.8760392844406175e-04
-2.5006928404382037e-04
-2.1954251027547572e-04
-1.9297598112684233e-04
-1.6973916149313356e-04
-1.4779358476216332e-04
-1.3117148522261509e-04
-1.1856347977546171e-04
-1.0860618717099567e-04
-1.0057649105680193e-04
-9.5569147254510498e-05
-9.2510870009551889e-05
-9.0834545254349163e-05
-9.0430036616809628e-05
-9.0911508117884991e-05
-9.1916129904124613e-05
-9.3372050624679402e-05
-9.5337764773218900e-05
-9.7067036066503731e-05
-9.8880747771865562e-05
-1.0072568756947585e-04
-1.0249910407653875e-04
-1.0398306208172807e-04
-1.0530831943349314e-04
-1.0657658317008394e-04
-1.0759624096894088e-04
-1.0842921742975004e-04
-1.0909556029854874e-04
-1.0969070373259558e-04
-1.1007470550963927e-04
-1.1029554723967666e-04
-1.1046367712380322e-04
-1.1053100454539744e-04
-1.1046312548722732e-04
-1.1033196802861871e-04
-1.1014081210961939e-04
-1.0986110729150668e-04
-1.0952354373661926e-04
-1.0916535122262373e-04
-1.0875672051649183e-04
-1.0831415503613659e-04
-1.0780638338862128e-04
-1.0730944799516450e-04
-1.0678531171267146e-04
-1.0621285176854161e-04
-1.0566420693043456e-04
-1.0510510857776427e-04
-1.0447019205766855e-04
-1.0388299054834652e-04
-1.0329262681484374e-04
-1.0264394826628333e-04
-1.0204525958039189e-04
-1.0145034910897709e-04
-1.0075883289059418e-04
-1.0016095136914001e-04
-9.9543892065349451e-05
-9.8873421416005634e-05
-9.8277169380349503e-05
-9.7644639542310768e-05
-9.6978442934947420e-05
-9.6379125119870729e-05
-9.5725966184388053e-05
-9.5097129632304160e-05
-9.4508405035789126e-05
-9.3828063963299592e-05
-9.3228829872554785e-05
-9.2628582661769251e-05
-9.1937418928237055e-05
-9.1380943330727289e-05
-9.0751062353953556e-05
-9.0109780605944048e-05
-8.9553114466468179e-05
-8.8870623169530391e-05
-8.8296311861441954e-05
-8.7715336536728602e-05
-8.7057214942693923e-05
-8.6510692162184376e-05
-8.5876048513599756e-05
-8.5274492711110922e-05
-8.4722350508960174e-05
-8.4072103550548809e-05
-8.3530593552505101e-05
-8.2917145477340683e-05
-8.2337908946490470e-05
-8.1764238407685817e-05
-8.1155898648173079e-05
-8.0619800309454810e-05
-7.9989207805104554e-05
-7.9461436192768269e-05
-7.8870375331734885e-05
-7.8286641100693192e-05
-7.7767952177945691e-05
-7.7127541762456791e-05
-7.6633464869388016e-05
-7.6020588040543404e-05
-7.5490802328479422e-05
-7.4927763111987158e-05
-7.4363445347505190e-05
-7.3822868049464542e-05
-7.3251322303202106e-05
-7.2739963879282470e-05
-7.2136627317046306e-05
-7.1652789920392034e-05
-7.1050632310937285e-05
-7.0546621781674513e-05
-6.9984544299561219e-05
-6.9450271533545019e-05
-6.8917419480401509e-05
-6.8376192702435535e-05
-6.7851751434793198e-05
-6.7306694692109971e-05
-6.6793566608396401e-05
-6.6229068590504606e-05
-6.5749756548027374e-05
-6.5163172513091187e-05
-6.4699057424173474e-05
-6.4118986637018327e-05
-6.3649212543575567e-05
-6.3076130750079279e-05
-6.2607311002579476e-05
-6.2027190515977405e-05
-6.1575698849284193e-05
-6.0988993599744263e-05
-6.0539415097940488e-05
-5.9965008111540640e-05
-5.9506047195526651e-05
-5.8940281680735453e-05
-5.8476181048127689e-05
-5.7911323061937175e-05
-5.7455964247353179e-05
-5.6890198818856851e-05
-5.6426379178906167e-05
-5.5886494602246888e-05
-5.5396795236274498e-05
-5.4884497946799535e-05
-5.4375292141755252e-05
-5.3871677632312221e-05
-5.3358283502203612e-05
-5.2863645366311314e-05
-5.2338495236720840e-05
-5.1866713956288479e-05
-5.1314426036916971e-05
-5.0858794599384534e-05
-5.0306345311655676e-05
-4.9836724261045657e-05
-4.9312052358220961e-05
-4.8807762969371637e-05
-4.8320191496764333e-05
-4.7780951844585105e-05
-4.7320770622272979e-05
-4.6761602373041816e-05
-4.6290403529900188e-05
-4.5767355816904882e-05
-4.5263862297830101e-05
-4.4767622528402180e-05
-4.4236294842016065e-05
-4.3765140449260280e-05
-4.3207158589173493e-05
-4.2726708450377475e-05
-4.2203644619468023e-05
-4.1686255160487947e-05
-4.1198579648118384e-05
-4.0640088413904538e-05
-4.0151814781253394e-05
-3.9627666328326573e-05
-3.9100188418226281e-05
-3.8605951234868469e-05
-3.8039017448765861e-05
0.0000000000000000e+00
];
