%Vec Object:dSdr_b_aug_1530 1 MPI processes
%  type: seq
dSdr_b_aug_1530 = [
2.4327832346439050e+03
0.0000000000000000e+00
-1.8689639113371516e-06
-7.6429289669794170e-07
-4.6758718928188593e-07
-3.2883621460330075e-07
-2.4641225729967552e-07
-1.9551455100665315e-07
-1.6101962525487328e-07
-1.3492583289395598e-07
-1.1555686309812646e-07
-1.0071500603249704e-07
-8.8618718591956192e-08
-7.8819954865905469e-08
-7.0788318330881166e-08
-6.4016274663453191e-08
-5.8230170913617943e-08
-5.3294178431667198e-08
-4.9027099456003888e-08
-4.5262634491600071e-08
-4.1964964961117930e-08
-3.9056770214390183e-08
-3.6442801475886440e-08
-3.4381856439301843e-08
-9.4596565492603852e-07
-2.6895087809105240e-04
-5.4183227273536837e-04
-5.0896150753009439e-04
-4.6609755224614623e-04
-4.1988698551346073e-04
-3.7920991299862644e-04
-3.4014802344045484e-04
-3.0329886336593730e-04
-2.6445704686059158e-04
-2.3287376009529875e-04
-2.0539390169625282e-04
-1.8136063125106529e-04
-1.5866155340850827e-04
-1.4146822770561433e-04
-1.2842450267452245e-04
-1.1811391078775717e-04
-1.0979103555301282e-04
-1.0458948768800718e-04
-1.0139754138014192e-04
-9.9629991568458721e-05
-9.9170220486183470e-05
-9.9624392418409352e-05
-1.0061709342994660e-04
-1.0207401818031668e-04
-1.0404684639255011e-04
-1.0578123681322263e-04
-1.0760294211832719e-04
-1.0945208243444924e-04
-1.1122420623839341e-04
-1.1270274878756321e-04
-1.1401599437700306e-04
-1.1526377504806954e-04
-1.1625991398452714e-04
-1.1706547861745767e-04
-1.1769710511654117e-04
-1.1825154357129387e-04
-1.1859413283027718e-04
-1.1876891462725936e-04
-1.1888171483468120e-04
-1.1889836137639409e-04
-1.1877667069147315e-04
-1.1858583666802390e-04
-1.1833314237990254e-04
-1.1799374890223471e-04
-1.1759310994545595e-04
-1.1716770248637282e-04
-1.1669697606168153e-04
-1.1619204114576483e-04
-1.1561034513173619e-04
-1.1504968527255603e-04
-1.1446220962195871e-04
-1.1381466838655795e-04
-1.1320262494720766e-04
-1.1258036710517209e-04
-1.1186852287210176e-04
-1.1121773932998757e-04
-1.1056309462216799e-04
-1.0983966277725188e-04
-1.0917774273513818e-04
-1.0851914435709593e-04
-1.0775218479245087e-04
-1.0709132622369065e-04
-1.0640976538520812e-04
-1.0566697357634774e-04
-1.0500878920975108e-04
-1.0431074276523249e-04
-1.0357393618302896e-04
-1.0291321863241418e-04
-1.0219271004343952e-04
-1.0149761625190341e-04
-1.0084854562531643e-04
-1.0009866599489175e-04
-9.9435823229857139e-05
-9.8775071768917756e-05
-9.8013066071452601e-05
-9.7396949510124593e-05
-9.6704319975858582e-05
-9.5996339556287703e-05
-9.5380842547299410e-05
-9.4630346056137935e-05
-9.3995142809137817e-05
-9.3353986160332443e-05
-9.2629105198874836e-05
-9.2024848267264494e-05
-9.1324625004674678e-05
-9.0661338280538677e-05
-9.0051168597493817e-05
-8.9333264041425355e-05
-8.8735868728757140e-05
-8.8057646494653466e-05
-8.7418440426575359e-05
-8.6785272489580179e-05
-8.6112582270255291e-05
-8.5520488714543587e-05
-8.4824326543724162e-05
-8.4239387369185222e-05
-8.3587468074540198e-05
-8.2942058013625608e-05
-8.2366374054763675e-05
-8.1660814776100959e-05
-8.1112065550786294e-05
-8.0434276312654407e-05
-7.9849035015972476e-05
-7.9223372884334789e-05
-7.8599958957259138e-05
-7.8000940012538049e-05
-7.7366954419991055e-05
-7.6800655740903265e-05
-7.6131660870557978e-05
-7.5594378960093864e-05
-7.4927112522022240e-05
-7.4367458225264659e-05
-7.3743625104769232e-05
-7.3150955416474521e-05
-7.2558714277914761e-05
-7.1957325935595004e-05
-7.1375296586246163e-05
-7.0768029034872472e-05
-7.0198423202512457e-05
-6.9570648569424755e-05
-6.9035563001009384e-05
-6.8385061987929130e-05
-6.7865707374336503e-05
-6.7221036026094650e-05
-6.6697431349693406e-05
-6.6057480097551159e-05
-6.5535302785579068e-05
-6.4887997219205775e-05
-6.4383366911743023e-05
-6.3729047200653067e-05
-6.3225942453438592e-05
-6.2584588372685950e-05
-6.2071468052308739e-05
-6.1438778933028122e-05
-6.0919235134147129e-05
-6.0288082682486769e-05
-5.9776055648317888e-05
-5.9144823932435166e-05
-5.8623322161508412e-05
-5.8018184266377770e-05
-5.7469691446566983e-05
-5.6893074113781937e-05
-5.6322948286869311e-05
-5.5756304073012957e-05
-5.5179652803028168e-05
-5.4623580792956042e-05
-5.4032673151210643e-05
-5.3501486880368096e-05
-5.2880095302680835e-05
-5.2366287058525834e-05
-5.1744582882037922e-05
-5.1214710460481584e-05
-5.0622829025097442e-05
-5.0054638729332201e-05
-4.9502459062913437e-05
-4.8895473268795375e-05
-4.8373788836253777e-05
-4.7742418899803257e-05
-4.7209861795072623e-05
-4.6616391142176898e-05
-4.6047568787315785e-05
-4.5484604043651530e-05
-4.4882799488376890e-05
-4.4348062308414772e-05
-4.3715261915883544e-05
-4.3169824863208742e-05
-4.2576237332288601e-05
-4.1988339405454437e-05
-4.1434280721464591e-05
-4.0799103724905496e-05
-4.0244030582794275e-05
-3.9647678051938505e-05
-3.9046909738623516e-05
-3.8486293626916141e-05
-3.7846045502114937e-05
0.0000000000000000e+00
];
