%Vec Object:dSdr_b_aug_4940 1 MPI processes
%  type: seq
dSdr_b_aug_4940 = [
2.3349429718420488e+03
0.0000000000000000e+00
-9.3891920921564827e-07
-3.8645419018053054e-07
-2.3902640313179506e-07
-1.6906320183490886e-07
-1.2646215778813803e-07
-1.0013083721548267e-07
-8.2285695606856945e-08
-6.8861564688052729e-08
-5.8894980971914369e-08
-5.1255245994113555e-08
-4.5038739944090605e-08
-4.0004081735757059e-08
-3.5876797342708348e-08
-3.2397985612030077e-08
-2.9426926664534999e-08
-2.6892164284993764e-08
-2.4701328113610772e-08
-5.7315539566202757e-08
-2.7770379615528750e-04
-7.2074171608816425e-04
-6.8419371294293054e-04
-6.4534368372868548e-04
-6.0219056606119559e-04
-5.6055123306125341e-04
-5.2064132662773036e-04
-4.8034025770915751e-04
-4.3899782291042941e-04
-3.9482512452152874e-04
-3.5595561439827035e-04
-3.1860377829626081e-04
-2.8334723687323704e-04
-2.4616711804843538e-04
-2.1592688619444494e-04
-1.8960806521945033e-04
-1.6658725458797559e-04
-1.4484603828568762e-04
-1.2837886354551318e-04
-1.1588903153025852e-04
-1.0602755876487571e-04
-9.8077377020607838e-05
-9.3122704090724059e-05
-9.0100679732757407e-05
-8.8449096424944668e-05
-8.8059575644483149e-05
-8.8548451063237617e-05
-8.9556305817634042e-05
-9.1011954114423549e-05
-9.2975738712318539e-05
-9.4703621520477761e-05
-9.6515165147602902e-05
-9.8358965611435533e-05
-1.0013273263217316e-04
-1.0161815935927906e-04
-1.0294667451137626e-04
-1.0422049358546172e-04
-1.0524653007221856e-04
-1.0608694104821574e-04
-1.0676269952829932e-04
-1.0736888276861638e-04
-1.0776411624577485e-04
-1.0799745002419590e-04
-1.0818058603182959e-04
-1.0826165876064940e-04
-1.0820837411786216e-04
-1.0809340173401778e-04
-1.0791893584121362e-04
-1.0765541938478426e-04
-1.0733496272789498e-04
-1.0699499981819898e-04
-1.0660321031095499e-04
-1.0617756026786427e-04
-1.0568983792372712e-04
-1.0521018547542951e-04
-1.0470322769608530e-04
-1.0415113083579183e-04
-1.0361968056917418e-04
-1.0307771193903752e-04
-1.0246365928386070e-04
-1.0189370209990321e-04
-1.0132077225617948e-04
-1.0069236784348938e-04
-1.0011082837833571e-04
-9.9533190951872042e-05
-9.8862136024440426e-05
-9.8281334754795542e-05
-9.7681769166882898e-05
-9.7030913029424564e-05
-9.6451457906391775e-05
-9.5836697089143498e-05
-9.5189650907049871e-05
-9.4606985569851203e-05
-9.3972092816288456e-05
-9.3361226168008857e-05
-9.2788868270484787e-05
-9.2127387043542609e-05
-9.1545404528595698e-05
-9.0961566929454458e-05
-9.0289616544993284e-05
-8.9749316423949621e-05
-8.9136453759702008e-05
-8.8513261663699386e-05
-8.7972551315066032e-05
-8.7308504018661468e-05
-8.6750707493815372e-05
-8.6186054223738744e-05
-8.5546038745043236e-05
-8.5015174311199140e-05
-8.4398316812475560e-05
-8.3813503339367628e-05
-8.3277099040334618e-05
-8.2645201812197385e-05
-8.2118848731802939e-05
-8.1522968357579300e-05
-8.0959996445427115e-05
-8.0402462474903758e-05
-7.9811575504528770e-05
-7.9290663893039239e-05
-7.8677854845493199e-05
-7.8165587918409087e-05
-7.7591032761036420e-05
-7.7024025923889595e-05
-7.6520794896724783e-05
-7.5898053813528744e-05
-7.5418804866638942e-05
-7.4823533241800784e-05
-7.4308787907097890e-05
-7.3762732952207638e-05
-7.3214442944210682e-05
-7.2689715889343324e-05
-7.2135104756765436e-05
-7.1638646950110136e-05
-7.1053117897225605e-05
-7.0583775453337893e-05
-6.9999276328942697e-05
-6.9510357224411961e-05
-6.8965028796327506e-05
-6.8446594153459046e-05
-6.7929849313928884e-05
-6.7404939258776110e-05
-6.6896116750033962e-05
-6.6367932518422002e-05
-6.5870122059044978e-05
-6.5322785618708714e-05
-6.4858600209274597e-05
-6.4289351432632744e-05
-6.3840218152778840e-05
-6.3277668026868615e-05
-6.2822493623087896e-05
-6.2267547854691225e-05
-6.1813199514015348e-05
-6.1251300660960769e-05
-6.0814221033277243e-05
-6.0245853880479307e-05
-5.9810792550641087e-05
-5.9254542671181408e-05
-5.8810270659822402e-05
-5.8262655892733862e-05
-5.7813592352156262e-05
-5.7266714496140350e-05
-5.6826725040591714e-05
-5.6278715145362368e-05
-5.5830539870295948e-05
-5.5308353086401554e-05
-5.4834599515209751e-05
-5.4339746924985271e-05
-5.3847063698841471e-05
-5.3360543960738700e-05
-5.2864306304481020e-05
-5.2386330166470210e-05
-5.1879014692371813e-05
-5.1423345196113737e-05
-5.0889799513872479e-05
-5.0449946823485267e-05
-4.9916280864347412e-05
-4.9463001299966384e-05
-4.8956558095189180e-05
-4.8469600120096872e-05
-4.7999551962119408e-05
-4.7478686776819884e-05
-4.7035186949733512e-05
-4.6495601821132996e-05
-4.6041045358572558e-05
-4.5537098709004676e-05
-4.5051324914165356e-05
-4.4573183851903599e-05
-4.4060972881510746e-05
-4.3607065993680550e-05
-4.3069379749151047e-05
-4.2606559835680891e-05
-4.2102629517228145e-05
-4.1604371886171397e-05
-4.1134713242473163e-05
-4.0597039794439924e-05
-4.0126914918128084e-05
-3.9622406919862051e-05
-3.9114929104629948e-05
-3.8639039452578073e-05
-3.8093821324889172e-05
0.0000000000000000e+00
];
