%Vec Object:dSdr_b_aug_170 1 MPI processes
%  type: seq
dSdr_b_aug_170 = [
2.6075776049353967e+03
0.0000000000000000e+00
-7.4397727345485003e-06
-2.9881766797353388e-06
-1.7787528144885614e-06
-1.2333453503526773e-06
-9.2615334718166377e-07
-7.3693228018153132e-07
-6.0872213990858508e-07
-5.1046593211965071e-07
-4.3757186375161871e-07
-3.8175741826459377e-07
-3.3613717318125336e-07
-2.9917049235142612e-07
-2.6887985201885109e-07
-2.4332887614370935e-07
-2.2148609348271155e-07
-2.0285599143733314e-07
-1.8675202254503132e-07
-1.7253954024642002e-07
-1.6009114251015845e-07
-1.4911481641771225e-07
-1.3924714478897524e-07
-1.3042670602553680e-07
-1.2251437651263781e-07
-1.1533448930755550e-07
-1.0880563033107278e-07
-1.0287207273773620e-07
-9.7443512390255249e-08
-9.2444782884315878e-08
-8.7855099913058864e-08
-8.3626052901769686e-08
-7.9694380998119419e-08
-7.6054524339446080e-08
-7.2676995356892466e-08
-6.9519010355525468e-08
-6.6574801990393054e-08
-6.3836480188148898e-08
-6.1318755411527019e-08
-5.9166389808730630e-08
-5.7885145321070990e-08
-5.9122129950658008e-08
-6.8542572677545350e-08
-1.0641995599033968e-07
-2.4127852295666293e-07
-6.7594503037943173e-07
-1.9869230761429786e-06
-5.7312360646438126e-06
-1.5332281260858352e-05
-3.4731517199052672e-05
-6.1351910351757034e-05
-8.6295173987908119e-05
-1.0420654235252265e-04
-1.1586050530673984e-04
-1.2313228977727035e-04
-1.2776663760185198e-04
-1.3086809312036672e-04
-1.3288743451399235e-04
-1.3424080516035350e-04
-1.3513981841656617e-04
-1.3579950501622494e-04
-1.3616238088630121e-04
-1.3630097433342786e-04
-1.3633205856539268e-04
-1.3626202344444788e-04
-1.3603897333585462e-04
-1.3573001255262921e-04
-1.3535275839356937e-04
-1.3489120772695409e-04
-1.3436056136163191e-04
-1.3379608629187275e-04
-1.3319667013316888e-04
-1.3256232846032041e-04
-1.3182712985113060e-04
-1.3113411448019172e-04
-1.3041505551321882e-04
-1.2961151475449295e-04
-1.2886773936124691e-04
-1.2811424094244913e-04
-1.2724254213884509e-04
-1.2645963487371064e-04
-1.2567141291045249e-04
-1.2479264135529508e-04
-1.2399932417371897e-04
-1.2320837971011080e-04
-1.2228464577631432e-04
-1.2149291812368409e-04
-1.2067732024168492e-04
-1.1978424195737794e-04
-1.1899735942261619e-04
-1.1816316658522782e-04
-1.1727962934595064e-04
-1.1649132029758393e-04
-1.1563085612099799e-04
-1.1479807682806081e-04
-1.1402360439779519e-04
-1.1312922062977231e-04
-1.1233419622002689e-04
-1.1154771422818901e-04
-1.1063849593118373e-04
-1.0989844280402569e-04
-1.0907541976483758e-04
-1.0822883810392572e-04
-1.0749108940377323e-04
-1.0659927672243558e-04
-1.0583753885947317e-04
-1.0507132429796973e-04
-1.0420771607659390e-04
-1.0348348657405165e-04
-1.0264698765779639e-04
-1.0185542300645650e-04
-1.0112467127886058e-04
-1.0026617303617781e-04
-9.9552647224432901e-05
-9.8739823231700505e-05
-9.7975999585831733e-05
-9.7219195222557282e-05
-9.6412783800751880e-05
-9.5704331522902897e-05
-9.4871914679104424e-05
-9.4168180683449400e-05
-9.3389796876311204e-05
-9.2616223766167497e-05
-9.1922103621947155e-05
-9.1081164330192551e-05
-9.0418805658374054e-05
-8.9606127857666981e-05
-8.8905649608521234e-05
-8.8149856646568364e-05
-8.7403640654271634e-05
-8.6683179803449578e-05
-8.5919443995502448e-05
-8.5238979535933308e-05
-8.4433546542336029e-05
-8.3785207185602765e-05
-8.2982644618581915e-05
-8.2307362929845759e-05
-8.1555201876285831e-05
-8.0841183857670442e-05
-8.0125532742293920e-05
-7.9399129302623896e-05
-7.8697432740847925e-05
-7.7960891936837030e-05
-7.7273926442775187e-05
-7.6514664062705899e-05
-7.5863682494591131e-05
-7.5080363369090222e-05
-7.4446222743633161e-05
-7.3667313129639281e-05
-7.3031850647605712e-05
-7.2252946693439406e-05
-7.1619894952032438e-05
-7.0832981299667178e-05
-7.0217931980670557e-05
-6.9423112481968092e-05
-6.8808783857016766e-05
-6.8028317442076755e-05
-6.7402658230464318e-05
-6.6630906349579309e-05
-6.5996156793209082e-05
-6.5227249872873658e-05
-6.4597472365118393e-05
-6.3830208273371209e-05
-6.3188850306689092e-05
-6.2448123898470513e-05
-6.1777467043306903e-05
-6.1067202172438882e-05
-6.0370495104919817e-05
-5.9672886741523919e-05
-5.8964799946081198e-05
-5.8281082534600099e-05
-5.7553546491073161e-05
-5.6898934143415219e-05
-5.6133964680360895e-05
-5.5499286832208279e-05
-5.4733695557726127e-05
-5.4078648363110331e-05
-5.3347136799820382e-05
-5.2646195983245133e-05
-5.1959801039748335e-05
-5.1212085641089866e-05
-5.0562651390991746e-05
-4.9781309676884095e-05
-4.9121323991664849e-05
-4.8381602471231686e-05
-4.7677132475287119e-05
-4.6975642049610394e-05
-4.6227545593804737e-05
-4.5560881204401689e-05
-4.4772861821672896e-05
-4.4092710880692796e-05
-4.3353016883963869e-05
-4.2619213782381025e-05
-4.1928091605613424e-05
-4.1134909958469790e-05
-4.0443230361523143e-05
-3.9700852065440248e-05
-3.8956355698669606e-05
-3.8281940551491944e-05
-3.7617839569340789e-05
0.0000000000000000e+00
];
