%Vec Object:dSdr_b_aug_4890 1 MPI processes
%  type: seq
dSdr_b_aug_4890 = [
2.3363082345641997e+03
0.0000000000000000e+00
-9.4827077960125498e-07
-3.9058155017254310e-07
-2.4174864169413259e-07
-1.7112625759643168e-07
-1.2812363214525461e-07
-1.0154339480462444e-07
-8.3528865667077072e-08
-6.9972067657075133e-08
-5.9906502186262970e-08
-5.2190877815949807e-08
-4.5910780319507924e-08
-4.0824142789148861e-08
-3.6654182222213148e-08
-3.3138890808761353e-08
-3.0136143371081682e-08
-2.7574311221153340e-08
-2.5359776761424748e-08
-4.0928766672482406e-08
-2.1258609211873439e-04
-7.2059560870301527e-04
-6.8452823229639913e-04
-6.4566686034648994e-04
-6.0249441704041541e-04
-5.6083684938637330e-04
-5.2090984322828468e-04
-4.8059173054296487e-04
-4.3923212457511656e-04
-3.9504156365987041e-04
-3.5615642305678589e-04
-3.1878981803929314e-04
-2.8351952372729307e-04
-2.4632505575515010e-04
-2.1607322633954853e-04
-1.8974437956944143e-04
-1.6671482614342991e-04
-1.4496533851720008e-04
-1.2849189331869376e-04
-1.1599727832490454e-04
-1.0613192732303038e-04
-9.8178527291580673e-05
-9.3221722538854967e-05
-9.0198230859845773e-05
-8.8545646145302601e-05
-8.8155518725051762e-05
-8.8644094457296409e-05
-8.9651818341283273e-05
-9.1107477645870061e-05
-9.3071340322792480e-05
-9.4799279312484625e-05
-9.6610910675406868e-05
-9.8454757238373191e-05
-1.0022851005883728e-04
-1.0171387729365034e-04
-1.0304226058304591e-04
-1.0431585480370326e-04
-1.0534163311302221e-04
-1.0618174317820216e-04
-1.0685712056447359e-04
-1.0746285697309879e-04
-1.0785763585215956e-04
-1.0809046401802161e-04
-1.0827299265756918e-04
-1.0835350904927232e-04
-1.0829963370275242e-04
-1.0818400623467950e-04
-1.0800886482038344e-04
-1.0774469314723127e-04
-1.0742354409678678e-04
-1.0708284335301664e-04
-1.0669037220657589e-04
-1.0626403751974783e-04
-1.0577550369111212e-04
-1.0529515172477870e-04
-1.0478749865473908e-04
-1.0423457761036762e-04
-1.0370243140296322e-04
-1.0315976945686241e-04
-1.0254487234921786e-04
-1.0197421721105295e-04
-1.0140058174073037e-04
-1.0077135674470026e-04
-1.0018912317490392e-04
-9.9610786632180120e-05
-9.8938903546707540e-05
-9.8357410964110365e-05
-9.7757137328683126e-05
-9.7105487306129123e-05
-9.6525352338288796e-05
-9.5909872330952894e-05
-9.5262051047519819e-05
-9.4678711711570555e-05
-9.4043079645873549e-05
-9.3431485677125586e-05
-9.2858465347703741e-05
-9.2196220780673132e-05
-9.1613540019179552e-05
-9.1029038251420639e-05
-9.0356310219219142e-05
-8.9815355406068257e-05
-8.9201803938307895e-05
-8.8577879678849026e-05
-8.8036523533216503e-05
-8.7371729731476350e-05
-8.6813264784926566e-05
-8.6247950893756384e-05
-8.5607202585524848e-05
-8.5075704393774328e-05
-8.4458127015971779e-05
-8.3872635911701890e-05
-8.3335594634955764e-05
-8.2702954717439920e-05
-8.2175988174417800e-05
-8.1579396763000234e-05
-8.1015766555007590e-05
-8.0457579471453466e-05
-7.9865986115081690e-05
-7.9344459834823733e-05
-7.8730931017948689e-05
-7.8218036553149168e-05
-7.7642813342724781e-05
-7.7075129479868589e-05
-7.6571272809056713e-05
-7.5947816576157125e-05
-7.5467967482560673e-05
-7.4871983303780707e-05
-7.4356629224664808e-05
-7.3809886848225456e-05
-7.3260948132673230e-05
-7.2735579555100268e-05
-7.2180283010892665e-05
-7.1683222117228254e-05
-7.1096972323288695e-05
-7.0627043211685478e-05
-7.0041829378265815e-05
-6.9552299464665767e-05
-6.9006293136479794e-05
-6.8487217462966698e-05
-6.7969820701787304e-05
-6.7444250245529783e-05
-6.6934795585514331e-05
-6.6405928458242782e-05
-6.5907498036362982e-05
-6.5359467001292572e-05
-6.4894669360211402e-05
-6.4324718960015887e-05
-6.3874979310905649e-05
-6.3311720058221345e-05
-6.2855954752096305e-05
-6.2300274951469534e-05
-6.1845340901622227e-05
-6.1282704552543057e-05
-6.0845041619703185e-05
-6.0275932258454693e-05
-5.9840283369662333e-05
-5.9283298608685191e-05
-5.8838432089295490e-05
-5.8290082699850737e-05
-5.7840410560568319e-05
-5.7292804989983132e-05
-5.6852193489756834e-05
-5.6303464972964794e-05
-5.5854656525416935e-05
-5.5331753460003830e-05
-5.4857354519751792e-05
-5.4361795895516169e-05
-5.3868443959757703e-05
-5.3381232355454433e-05
-5.2884300338534638e-05
-5.2405649856513671e-05
-5.1897612579748254e-05
-5.1441291016553850e-05
-5.0906986806995164e-05
-5.0466495539059067e-05
-4.9932069401174446e-05
-4.9478128496347185e-05
-4.8970947576568433e-05
-4.8483288213186169e-05
-4.8012530911448458e-05
-4.7490922147454101e-05
-4.7046747283412020e-05
-4.6506369694937266e-05
-4.6051139820956418e-05
-4.5546420279379875e-05
-4.5059929541270240e-05
-4.4581056248280663e-05
-4.4068071912882982e-05
-4.3613467403605265e-05
-4.3074960294759741e-05
-4.2611427567862581e-05
-4.2106723847476925e-05
-4.1607693267543345e-05
-4.1137307413869069e-05
-4.0598794446376496e-05
-4.0127940015359128e-05
-3.9622646178547703e-05
-3.9114378252792612e-05
-3.8637800539296626e-05
-3.8091993914741503e-05
0.0000000000000000e+00
];
