%Vec Object:dSdr_b_aug_3090 1 MPI processes
%  type: seq
dSdr_b_aug_3090 = [
2.3733387261722141e+03
0.0000000000000000e+00
-1.2212942769066330e-06
-5.0167655483980137e-07
-3.0918025515028508e-07
-2.1830654192629178e-07
-1.6346411544317537e-07
-1.2957755080787483e-07
-1.0661143337801537e-07
-8.9297571263866568e-08
-7.6443867269978544e-08
-6.6592318766268019e-08
-5.8570350351742290e-08
-5.2072714499840972e-08
-4.6746378985543780e-08
-4.2256081304097686e-08
-3.8420290796238594e-08
-3.5147879554720153e-08
-3.2318883713075533e-08
-2.9823533783053150e-08
-2.7671649051930298e-08
-7.8678605175663848e-07
-4.5313873975002161e-04
-6.5784069951497939e-04
-6.1671876487784068e-04
-5.7427028261497124e-04
-5.3354091553187296e-04
-4.9242113481409255e-04
-4.5025379167645379e-04
-4.0522296739855927e-04
-3.6560255993022992e-04
-3.2754121640838865e-04
-2.9162397799140766e-04
-2.5375451728178774e-04
-2.2295713142353652e-04
-1.9615666502985089e-04
-1.7271584506188897e-04
-1.5057726899657528e-04
-1.3380885744931334e-04
-1.2108924822010408e-04
-1.1104146270846502e-04
-1.0293667267505448e-04
-9.7879586116339236e-05
-9.4787071360613964e-05
-9.3087380569036623e-05
-9.2668717245590558e-05
-9.3143196381853879e-05
-9.4144764876457308e-05
-9.5600942821643273e-05
-9.7568479197584105e-05
-9.9299061737139353e-05
-1.0111482094421493e-04
-1.0296083669322095e-04
-1.0473392213278806e-04
-1.0621649307876780e-04
-1.0753867381234995e-04
-1.0880169111666390e-04
-1.0981532490174906e-04
-1.1064128021524784e-04
-1.1129873097334022e-04
-1.1188344839240701e-04
-1.1225684292615394e-04
-1.1246588698095758e-04
-1.1261984486054143e-04
-1.1267419100752150e-04
-1.1259252877734439e-04
-1.1244608592279056e-04
-1.1223916773344762e-04
-1.1194417442516241e-04
-1.1159045496960242e-04
-1.1121504627949808e-04
-1.1079051061742711e-04
-1.1033197007055703e-04
-1.0980526371282138e-04
-1.0929200617701114e-04
-1.0875164638843529e-04
-1.0815995539922281e-04
-1.0759507188087365e-04
-1.0701979609216220e-04
-1.0636517558721986e-04
-1.0576168841092269e-04
-1.0515485998488021e-04
-1.0448703439658395e-04
-1.0387214986213993e-04
-1.0326092660202277e-04
-1.0255008659428696e-04
-1.0193607435979735e-04
-1.0130249386499800e-04
-1.0061349913087349e-04
-1.0000138397032980e-04
-9.9352072942144776e-05
-9.8667790537149288e-05
-9.8052746002944235e-05
-9.7382336355601219e-05
-9.6736528898841177e-05
-9.6132347475242665e-05
-9.5434195031484880e-05
-9.4818668430326103e-05
-9.4202923865933642e-05
-9.3493614910478636e-05
-9.2921863078427005e-05
-9.2275909892421912e-05
-9.1617544160211737e-05
-9.1045809269462281e-05
-9.0345899339530801e-05
-8.9755991364285839e-05
-8.9159601386781700e-05
-8.8484380261252731e-05
-8.7923069638507924e-05
-8.7271628636279965e-05
-8.6654261271403303e-05
-8.6087256093904794e-05
-8.5419679533295983e-05
-8.4863855246903615e-05
-8.4233816123677270e-05
-8.3639219184605934e-05
-8.3050309169476640e-05
-8.2425486886064951e-05
-8.1875046107749710e-05
-8.1227658795294413e-05
-8.0685244462160453e-05
-8.0078595512205413e-05
-7.9479063826751219e-05
-7.8945776372541285e-05
-7.8288678930447242e-05
-7.7780598434994298e-05
-7.7151095143367096e-05
-7.6607105208321418e-05
-7.6028025951868189e-05
-7.5448571477766151e-05
-7.4893025115251082e-05
-7.4305486218212815e-05
-7.3780055563798518e-05
-7.3159901483335079e-05
-7.2662374969428910e-05
-7.2043540582409133e-05
-7.1525277624954456e-05
-7.0947382239191074e-05
-7.0398151859394511e-05
-6.9850088062306013e-05
-6.9293451679297346e-05
-6.8754259969193998e-05
-6.8193268732938167e-05
-6.7665674601975433e-05
-6.7084969096161429e-05
-6.6591371381723375e-05
-6.5988415835898219e-05
-6.5510151849953213e-05
-6.4913534458543997e-05
-6.4429972346881508e-05
-6.3839762798113855e-05
-6.3357276186547763e-05
-6.2759947098834525e-05
-6.2294844638792634e-05
-6.1690820803419929e-05
-6.1227532224046344e-05
-6.0635977584210595e-05
-6.0163144410006190e-05
-5.9580237252684494e-05
-5.9101935537071967e-05
-5.8520097047016604e-05
-5.8050223360919416e-05
-5.7467689547010057e-05
-5.6989095326476963e-05
-5.6432496903789909e-05
-5.5927738295210464e-05
-5.5398966193786640e-05
-5.4874156440005769e-05
-5.4354397606653753e-05
-5.3824800888790540e-05
-5.3314427160568518e-05
-5.2772433983940197e-05
-5.2285436758659700e-05
-5.1715448692301313e-05
-5.1244915861145040e-05
-5.0674727653298621e-05
-5.0189673793674206e-05
-4.9647786812249002e-05
-4.9127129774314530e-05
-4.8623009453532099e-05
-4.8066417162049801e-05
-4.7590482294330629e-05
-4.7012820055076230e-05
-4.6525904545690208e-05
-4.5984818264269695e-05
-4.5464590837460985e-05
-4.4951259394138544e-05
-4.4401878816850703e-05
-4.3914437081559070e-05
-4.3337289586813637e-05
-4.2840191513351506e-05
-4.2299060763204184e-05
-4.1763607071451282e-05
-4.1258922039746417e-05
-4.0680779080640025e-05
-4.0175379865635902e-05
-3.9632708650791723e-05
-3.9086397422872597e-05
-3.8574986923774780e-05
-3.7988364222642412e-05
0.0000000000000000e+00
];
