%Vec Object:dSdr_b_aug_540 1 MPI processes
%  type: seq
dSdr_b_aug_540 = [
2.5167247452938127e+03
0.0000000000000000e+00
-3.5413563479830074e-06
-1.4373733364812679e-06
-8.6891844204348862e-07
-6.0727379675946564e-07
-4.5563613012815636e-07
-3.6209588368549332e-07
-2.9870456842710402e-07
-2.5047817657340843e-07
-2.1468872947723133e-07
-1.8727365239027718e-07
-1.6489848624460833e-07
-1.4677001262415147e-07
-1.3191287199075607e-07
-1.1938256580018108e-07
-1.0867309911118226e-07
-9.9537806628602538e-08
-9.1640661558958558e-08
-8.4671801487090953e-08
-7.8567431381623647e-08
-7.3184454386831008e-08
-6.8345141146476021e-08
-6.4019153518095509e-08
-6.0138270676653070e-08
-5.6616412364919007e-08
-5.3413719256087525e-08
-5.0504652394697927e-08
-4.8302654471467870e-08
-1.2466936703555603e-07
-7.5745757605733706e-06
-1.4427126534911618e-04
-2.8043533697563733e-04
-2.7186227585680592e-04
-2.4487885081640899e-04
-2.1769089678711105e-04
-1.9315446906178224e-04
-1.6977879776086286e-04
-1.5203147769219204e-04
-1.3855233051287289e-04
-1.2788372446161014e-04
-1.1926186035608329e-04
-1.1386183596811953e-04
-1.1053308056904842e-04
-1.0867207957867868e-04
-1.0815568599681011e-04
-1.0858190450901898e-04
-1.0956241758830694e-04
-1.1102041543965215e-04
-1.1300058201190698e-04
-1.1474025006132672e-04
-1.1657018212971599e-04
-1.1842364582400703e-04
-1.2019444318423403e-04
-1.2166741937196010e-04
-1.2296831618475060e-04
-1.2419503831740395e-04
-1.2516699737981829e-04
-1.2594437967461479e-04
-1.2654031402513564e-04
-1.2705290345305684e-04
-1.2735291627243784e-04
-1.2748034374861529e-04
-1.2753625949761692e-04
-1.2750080099151290e-04
-1.2732378658006672e-04
-1.2707159914258681e-04
-1.2675563734500944e-04
-1.2635487804906625e-04
-1.2588939140156024e-04
-1.2539488042591693e-04
-1.2486031353967715e-04
-1.2429125676653263e-04
-1.2363355935997606e-04
-1.2300738456513249e-04
-1.2235478990433489e-04
-1.2163005787631814e-04
-1.2095283454484892e-04
-1.2026564264693502e-04
-1.1947470934931505e-04
-1.1875855735011721e-04
-1.1803782561410303e-04
-1.1723754022505003e-04
-1.1651061227085833e-04
-1.1578653660893787e-04
-1.1494201408024326e-04
-1.1421640906610826e-04
-1.1346853447225616e-04
-1.1265138961034178e-04
-1.1192953287663673e-04
-1.1116412910038294e-04
-1.1035472866796155e-04
-1.0963088624211690e-04
-1.0884113571526216e-04
-1.0807792309385881e-04
-1.0736681091663511e-04
-1.0654543896750669e-04
-1.0581720035946080e-04
-1.0509424469841760e-04
-1.0425940667429438e-04
-1.0358197345925377e-04
-1.0282483253334968e-04
-1.0204827978979421e-04
-1.0137229929164930e-04
-1.0055188725705437e-04
-9.9854081555887799e-05
-9.9151053034577611e-05
-9.8357537365118406e-05
-9.7693924488463974e-05
-9.6926279419879216e-05
-9.6199527707409364e-05
-9.5529700520052081e-05
-9.4742237809666743e-05
-9.4087387347364506e-05
-9.3342571409757240e-05
-9.2641711240520007e-05
-9.1947374609799024e-05
-9.1208526302976798e-05
-9.0558864630559501e-05
-8.9795290925928859e-05
-8.9151578364537402e-05
-8.8437091132270438e-05
-8.7728272779203235e-05
-8.7093992823353492e-05
-8.6321454667147128e-05
-8.5716497412759165e-05
-8.4971972406084511e-05
-8.4329717841011580e-05
-8.3639673790511859e-05
-8.2955503816112142e-05
-8.2296401737899037e-05
-8.1598222504894528e-05
-8.0975440473407629e-05
-8.0238943114604628e-05
-7.9646715640069600e-05
-7.8912511660628423e-05
-7.8295650795830347e-05
-7.7608327557526031e-05
-7.6955620841283898e-05
-7.6302322658179772e-05
-7.5639083113413272e-05
-7.4997848362614805e-05
-7.4326622841193042e-05
-7.3698953180999392e-05
-7.3006124885192925e-05
-7.2413699547287352e-05
-7.1697486583116032e-05
-7.1121341265061443e-05
-7.0410255247663851e-05
-6.9831308464797490e-05
-6.9122609984253395e-05
-6.8545576956862767e-05
-6.7829199769225715e-05
-6.7269938915548970e-05
-6.6546106249619572e-05
-6.5987972577562015e-05
-6.5277791783321625e-05
-6.4708991730726584e-05
-6.4007500196084638e-05
-6.3430957000511397e-05
-6.2731649127317280e-05
-6.2161363419485020e-05
-6.1462827943924807e-05
-6.0882025341735252e-05
-6.0209802894012437e-05
-5.9600866997352592e-05
-5.8958124918359755e-05
-5.8325370069652190e-05
-5.7693928093811714e-05
-5.7052245479579767e-05
-5.6433016870828038e-05
-5.5774507849822672e-05
-5.5182251495383073e-05
-5.4489819151736791e-05
-5.3916204345604833e-05
-5.3223304910054936e-05
-5.2631494221315278e-05
-5.1970521643951429e-05
-5.1336642599132229e-05
-5.0718048004347558e-05
-5.0041422432319577e-05
-4.9456517864697978e-05
-4.8750930669984213e-05
-4.8155306362720988e-05
-4.7489451975934603e-05
-4.6853486459438046e-05
-4.6221947560076434e-05
-4.5547717396535388e-05
-4.4947649810461999e-05
-4.4237978471313295e-05
-4.3625792690149296e-05
-4.2959785833254785e-05
-4.2299516857825069e-05
-4.1677380070228119e-05
-4.0963622755256923e-05
-4.0340297353056318e-05
-3.9670483675417512e-05
-3.8996010874251773e-05
-3.8371781085530770e-05
-3.7680823269978887e-05
0.0000000000000000e+00
];
