%Vec Object:dSdr_b_aug_4900 1 MPI processes
%  type: seq
dSdr_b_aug_4900 = [
2.3360158271513119e+03
0.0000000000000000e+00
-9.4625377788001491e-07
-3.8968869463852400e-07
-2.4115815992520187e-07
-1.7067767548100389e-07
-1.2776161254707677e-07
-1.0123504562203488e-07
-8.3257050961312368e-08
-6.9728909068719521e-08
-5.9684732885051441e-08
-5.1985512874984197e-08
-4.5719178712280439e-08
-4.0643798774049344e-08
-3.6483085423763033e-08
-3.2975705628567684e-08
-2.9979837628329893e-08
-2.7423885934697222e-08
-2.5214492515117880e-08
-4.3511311355711594e-08
-2.2600212285139092e-04
-7.2063783630312982e-04
-6.8445078975499000e-04
-6.4559194466218294e-04
-6.0242397949994539e-04
-5.6077063889009549e-04
-5.2084759672408980e-04
-4.8053343506073657e-04
-4.3917780964859612e-04
-3.9499138955709435e-04
-3.5610987235306420e-04
-3.1874669101013362e-04
-2.8347958484119647e-04
-2.4628844323467677e-04
-2.1603930232231230e-04
-1.8971277969434370e-04
-1.6668525299019690e-04
-1.4493768279134840e-04
-1.2846569118708215e-04
-1.1597218496536175e-04
-1.0610773300172325e-04
-9.8155079021468972e-05
-9.3198768459807409e-05
-9.0175616929522316e-05
-8.8523264357207666e-05
-8.8133277565728409e-05
-8.8621922769943509e-05
-8.9629676991596468e-05
-9.1085333744147430e-05
-9.3049178320877863e-05
-9.4777104286613474e-05
-9.6588715310771164e-05
-9.8432551187036479e-05
-1.0020630729921466e-04
-1.0169168832515149e-04
-1.0302010218234094e-04
-1.0429374852753723e-04
-1.0531958668647411e-04
-1.0615976650755957e-04
-1.0683523223754097e-04
-1.0744107222893998e-04
-1.0783595649111576e-04
-1.0806890186605694e-04
-1.0825157130332412e-04
-1.0833221666294302e-04
-1.0827847825106464e-04
-1.0816300264211491e-04
-1.0798801782459840e-04
-1.0772399804133660e-04
-1.0740300949884580e-04
-1.0706247979700409e-04
-1.0667016666555807e-04
-1.0624399069017002e-04
-1.0575564497677604e-04
-1.0527545517001805e-04
-1.0476796327968816e-04
-1.0421523329448049e-04
-1.0368324841740925e-04
-1.0314074719317499e-04
-1.0252604584329926e-04
-1.0195555250226450e-04
-1.0138208060756363e-04
-1.0075304583605097e-04
-1.0017097317098624e-04
-9.9592798694695821e-05
-9.8921107589718341e-05
-9.8339775264643100e-05
-9.7739665766097221e-05
-9.7088199778966715e-05
-9.6508222410173413e-05
-9.5892909122763490e-05
-9.5245267520385388e-05
-9.4662084428254450e-05
-9.4026623747105951e-05
-9.3415198383035083e-05
-9.2842331616105903e-05
-9.2180264003650729e-05
-9.1597745107065875e-05
-9.1013397304301645e-05
-9.0340849543474203e-05
-8.9800046498564643e-05
-8.9186654706649527e-05
-8.8562900174560865e-05
-8.8021693735244329e-05
-8.7357072985539701e-05
-8.6798762990019586e-05
-8.6233602241591922e-05
-8.5593023815179326e-05
-8.5061672538788512e-05
-8.4444262040687360e-05
-8.3858928022377107e-05
-8.3322034407405811e-05
-8.2689566657362222e-05
-8.2162742324983970e-05
-8.1566315743584217e-05
-8.1002838139255707e-05
-8.0444802457938264e-05
-7.9853372853347449e-05
-7.9331989063304974e-05
-7.8718627100690523e-05
-7.8205878109374169e-05
-7.7630809764529587e-05
-7.7063282847261282e-05
-7.6559571210832184e-05
-7.5936280761285869e-05
-7.5456570791520024e-05
-7.4860751794332366e-05
-7.4345538832101517e-05
-7.3798955811172411e-05
-7.3250167476610574e-05
-7.2724947614487655e-05
-7.2169809959851786e-05
-7.1672888871622276e-05
-7.1086806157216953e-05
-7.0617013044749259e-05
-7.0031964892545807e-05
-6.9542576574464719e-05
-6.8996727394600189e-05
-6.8477800322449360e-05
-6.7960554687369976e-05
-6.7435137322908369e-05
-6.6925829205857746e-05
-6.6397120384973171e-05
-6.5898833680569767e-05
-6.5350963663903764e-05
-6.4886307948165613e-05
-6.4316520195775939e-05
-6.3866921113005628e-05
-6.3303826247518768e-05
-6.2848197922271216e-05
-6.2292688282335090e-05
-6.1837890009503471e-05
-6.1275424624114664e-05
-6.0837896910995127e-05
-6.0268959605872831e-05
-5.9833446922914239e-05
-5.9276632519561230e-05
-5.8831903816970281e-05
-5.8283724725074451e-05
-5.7834193669043058e-05
-5.7286756794705923e-05
-5.6846289494759014e-05
-5.6297727566341606e-05
-5.5849065898690977e-05
-5.5326328879237244e-05
-5.4852079546286376e-05
-5.4356684592508895e-05
-5.3863487674827064e-05
-5.3376436456707234e-05
-5.2879665404253046e-05
-5.2401171246550681e-05
-5.1893301295828564e-05
-5.1437130892860572e-05
-5.0903002522820112e-05
-5.0462659288148135e-05
-4.9928409372724732e-05
-4.9474621778134257e-05
-4.8967611873544359e-05
-4.8480115104341894e-05
-4.8009522194754594e-05
-4.7488085805646940e-05
-4.7044067427584538e-05
-4.6503873545867672e-05
-4.6048799781561274e-05
-4.5544259411239000e-05
-4.5057934875001996e-05
-4.4579231328347226e-05
-4.4066426275629779e-05
-4.3611983491444168e-05
-4.3073666678805971e-05
-4.2610299202058840e-05
-4.2105774780091020e-05
-4.1606923397819370e-05
-4.1136706145609970e-05
-4.0598387826492112e-05
-4.0127702573801888e-05
-3.9622591008386939e-05
-3.9114506458805963e-05
-3.8638088856246422e-05
-3.8092421887401479e-05
0.0000000000000000e+00
];
