%Vec Object:dSdr_b_aug_8010 1 MPI processes
%  type: seq
dSdr_b_aug_8010 = [
2.2940485733304445e+03
0.0000000000000000e+00
-7.1932328815468105e-07
-2.9760682499436993e-07
-1.8533474246707128e-07
-1.3177751518101845e-07
-9.8844210501294337e-08
-7.8478226429719358e-08
-6.4673806848604655e-08
-5.4297625839951167e-08
-4.6591628844209970e-08
-4.0683581820862810e-08
-3.5874007937558720e-08
-3.1977634484179848e-08
-2.8782953357915051e-08
-2.6089019361148603e-08
-2.3787052652614732e-08
-2.2528201634472851e-08
-7.8701213742452954e-05
-7.8286455271860827e-04
-7.4357083363644301e-04
-7.0468224210306306e-04
-6.6657359680961340e-04
-6.2860656802217084e-04
-5.8645937893277936e-04
-5.4576422788781009e-04
-5.0673961789298881e-04
-4.6732094445136170e-04
-4.2686750108032192e-04
-3.8361958757540161e-04
-3.4555930403233105e-04
-3.0897208943331700e-04
-2.7442756753482956e-04
-2.3799033828918769e-04
-2.0835053984745965e-04
-1.8255077823869695e-04
-1.5998260304071863e-04
-1.3866961321563318e-04
-1.2252707546388559e-04
-1.1028486986852094e-04
-1.0062418271272932e-04
-9.2840619301451035e-05
-8.7996315527579761e-05
-8.5050257267703770e-05
-8.3450518414069806e-05
-8.3092403927052040e-05
-8.3596793876129660e-05
-8.4611423144899579e-05
-8.6066500582826668e-05
-8.8026241890699406e-05
-8.9751215186514605e-05
-9.1558215703691271e-05
-9.3399628736737537e-05
-9.5174130223783804e-05
-9.6662634408799749e-05
-9.7997975756492495e-05
-9.9283435415407266e-05
-1.0032283779729751e-04
-1.0117882711769470e-04
-1.0187431524123292e-04
-1.0250363155552609e-04
-1.0292240022537972e-04
-1.0318191036262709e-04
-1.0339649087078662e-04
-1.0350636612859398e-04
-1.0348366327801110e-04
-1.0340260583032212e-04
-1.0326311297402487e-04
-1.0303351834433093e-04
-1.0274890825961862e-04
-1.0244714449459435e-04
-1.0209064480342042e-04
-1.0170044013997817e-04
-1.0125473002654074e-04
-1.0081129305299013e-04
-1.0034033189657005e-04
-9.9830904779736292e-05
-9.9335484807864166e-05
-9.8829410585569801e-05
-9.8259077036058897e-05
-9.7725254405319758e-05
-9.7188856337553363e-05
-9.6602935286260882e-05
-9.6057331089190507e-05
-9.5515888398337259e-05
-9.4887709007288035e-05
-9.4342698486299791e-05
-9.3779790039476505e-05
-9.3170035058971220e-05
-9.2625776963491119e-05
-9.2048250175246388e-05
-9.1441332682253810e-05
-9.0893561718248208e-05
-9.0296944769380842e-05
-8.9723733090972782e-05
-8.9185670732999341e-05
-8.8563709302215811e-05
-8.8017876539643529e-05
-8.7468424401989135e-05
-8.6836734562266692e-05
-8.6330329285217862e-05
-8.5753127590777113e-05
-8.5167841406995191e-05
-8.4660565577867735e-05
-8.4035166712652300e-05
-8.3511976046624892e-05
-8.2981524783024948e-05
-8.2379449715640492e-05
-8.1881396523823864e-05
-8.1301808966116384e-05
-8.0752078163850476e-05
-8.0248651813874503e-05
-7.9655205480374681e-05
-7.9160612925396683e-05
-7.8601544745330579e-05
-7.8072654487931943e-05
-7.7548933849621286e-05
-7.6994618282733620e-05
-7.6505529662522934e-05
-7.5929984915751100e-05
-7.5450207244755270e-05
-7.4910238924951573e-05
-7.4378283465837417e-05
-7.3907443650614261e-05
-7.3321727728379847e-05
-7.2873549968719591e-05
-7.2315169128260565e-05
-7.1831940120153231e-05
-7.1321474798611320e-05
-7.0806770118881873e-05
-7.0315256423048695e-05
-6.9796130891024413e-05
-6.9330896553877717e-05
-6.8782682209522604e-05
-6.8343713187962401e-05
-6.7796216501045132e-05
-6.7338920695751827e-05
-6.6828689042172133e-05
-6.6343442367291139e-05
-6.5860449361414218e-05
-6.5369730156370021e-05
-6.4893635952395634e-05
-6.4400807197802706e-05
-6.3935094033908878e-05
-6.3423718796642384e-05
-6.2991230472907774e-05
-6.2458306841073645e-05
-6.2040567178788794e-05
-6.1514730702854771e-05
-6.1090149209161817e-05
-6.0573206556551192e-05
-6.0149182319902851e-05
-5.9625465974909550e-05
-5.9218586053439245e-05
-5.8688645456136386e-05
-5.8284004138209374e-05
-5.7765801565353812e-05
-5.7352309428888134e-05
-5.6842728649553802e-05
-5.6425174599254470e-05
-5.5915973219051344e-05
-5.5508189510120627e-05
-5.4997385469470215e-05
-5.4581992211671180e-05
-5.4096890301363589e-05
-5.3656550390929362e-05
-5.3198252343899582e-05
-5.2740191414945492e-05
-5.2289492981937485e-05
-5.1829205935662079e-05
-5.1386144270708612e-05
-5.0916200525199281e-05
-5.0494292585717828e-05
-5.0000020453871902e-05
-4.9593231494604943e-05
-4.9098925232870249e-05
-4.8679888637944038e-05
-4.8211642986807355e-05
-4.7761002388456815e-05
-4.7327673766223772e-05
-4.6845311713529273e-05
-4.6436767332950598e-05
-4.5938218140930449e-05
-4.5518535534397142e-05
-4.5054614894678129e-05
-4.4605972725733285e-05
-4.4165757606426665e-05
-4.3693606000115218e-05
-4.3275841947741250e-05
-4.2780686128220666e-05
-4.2354812039013005e-05
-4.1890978472241206e-05
-4.1432815364033485e-05
-4.1000916964523464e-05
-4.0506876472432163e-05
-4.0074798207471849e-05
-3.9611476183584477e-05
-3.9145971940360069e-05
-3.8708708648947136e-05
-3.8209945995489618e-05
0.0000000000000000e+00
];
