%Vec Object:dSdr_b_aug_3500 1 MPI processes
%  type: seq
dSdr_b_aug_3500 = [
2.3641877766066095e+03
0.0000000000000000e+00
-1.1489351312064018e-06
-4.7330798461415160e-07
-2.9268301937486628e-07
-2.0728505764780568e-07
-1.5558877873289811e-07
-1.2363978504547654e-07
-1.0198426083423299e-07
-8.5650876502728074e-08
-7.3522755095212182e-08
-6.4226579385669485e-08
-5.6651680279886738e-08
-5.0514408910606425e-08
-4.5482916023767557e-08
-4.1239371554314896e-08
-3.7612495839319417e-08
-3.4517946024064617e-08
-3.1842191722124664e-08
-2.9480447377333352e-08
-2.9329200901184774e-08
-3.3738006341860984e-05
-6.7696155373006919e-04
-6.5647990531665396e-04
-6.1295492831924773e-04
-5.7067642051250491e-04
-5.3016053307164163e-04
-4.8925525189066291e-04
-4.4730407959007692e-04
-4.0249813364983257e-04
-3.6307450462772775e-04
-3.2519909302523961e-04
-2.8945499538499261e-04
-2.5176618208957427e-04
-2.2111480278057751e-04
-1.9444055532617376e-04
-1.7110980208590856e-04
-1.4907535726336611e-04
-1.3238588717846454e-04
-1.1972649285728416e-04
-1.0972753204345823e-04
-1.0166325830128239e-04
-9.6633009998007245e-05
-9.3558967754610770e-05
-9.1871883850604686e-05
-9.1460857497185205e-05
-9.1939109228315576e-05
-9.2942325023613389e-05
-9.4398364108345958e-05
-9.6364917240618516e-05
-9.8094792239279346e-05
-9.9909446668489395e-05
-1.0175488183565313e-04
-1.0352814584322757e-04
-1.0501146511379859e-04
-1.0633530576340569e-04
-1.0760115369210954e-04
-1.0861803764283352e-04
-1.0944778112017804e-04
-1.1011002950770943e-04
-1.1070037216355184e-04
-1.1107948971674221e-04
-1.1129489903967958e-04
-1.1145650323386685e-04
-1.1151785325103529e-04
-1.1144362760163885e-04
-1.1130543187199947e-04
-1.1110701810025778e-04
-1.1082027358487037e-04
-1.1047527089944430e-04
-1.1010915103597494e-04
-1.0969319674349348e-04
-1.0924327539454079e-04
-1.0872678508664754e-04
-1.0822233401194818e-04
-1.0769072746674631e-04
-1.0710941241419362e-04
-1.0655329032735835e-04
-1.0598674292684847e-04
-1.0534275353080238e-04
-1.0474805313870243e-04
-1.0415010808901820e-04
-1.0349261311571558e-04
-1.0288646690584196e-04
-1.0228404506470846e-04
-1.0158363103684296e-04
-1.0097832198454173e-04
-1.0035365535142388e-04
-9.9674655124051004e-05
-9.9071098771584418e-05
-9.8430841886273482e-05
-9.7756317514589589e-05
-9.7149758192603022e-05
-9.6488656015431337e-05
-9.5852005061351135e-05
-9.5256163232605056e-05
-9.4567620758799389e-05
-9.3960884638868373e-05
-9.3353501535671485e-05
-9.2653982677088487e-05
-9.2090473003529418e-05
-9.1453191444998465e-05
-9.0804043242349039e-05
-9.0240438579016694e-05
-8.9549926736122107e-05
-8.8968433821374351e-05
-8.8380360700268120e-05
-8.7714365493846161e-05
-8.7161033537453794e-05
-8.6518655417197458e-05
-8.5909819059018559e-05
-8.5350833086093885e-05
-8.4692606578594057e-05
-8.4144505457840635e-05
-8.3523417907482579e-05
-8.2937108560015018e-05
-8.2356420889016858e-05
-8.1740491626142980e-05
-8.1197789203846387e-05
-8.0559463403099638e-05
-8.0024949440937699e-05
-7.9426710928077768e-05
-7.8835702641519349e-05
-7.8310291717524446e-05
-7.7662197636747872e-05
-7.7161672683348682e-05
-7.6541140077252882e-05
-7.6004813928649684e-05
-7.5434388959070799e-05
-7.4863101388102657e-05
-7.4315631477715573e-05
-7.3736721570834848e-05
-7.3218883490476296e-05
-7.2607803182385297e-05
-7.2117662538343023e-05
-7.1507825989853112e-05
-7.0997252833759393e-05
-7.0427891889850679e-05
-6.9886731790520394e-05
-6.9346875388713445e-05
-6.8798553156467043e-05
-6.8267319952520887e-05
-6.7714926068673198e-05
-6.7195137003260282e-05
-6.6623176144579787e-05
-6.6137286178356464e-05
-6.5543163780227193e-05
-6.5072533749901810e-05
-6.4484843979899220e-05
-6.4008721118583278e-05
-6.3427752750442831e-05
-6.2952640025849461e-05
-6.2364595743358021e-05
-6.1906836922693569e-05
-6.1312157239576040e-05
-6.0856265873477227e-05
-6.0273963167176275e-05
-5.9808614716602471e-05
-5.9234956257285327e-05
-5.8764316688329825e-05
-5.8191639964506429e-05
-5.7729597736856935e-05
-5.7156111253594024e-05
-5.6685488627565225e-05
-5.6137908122263817e-05
-5.5641274710494700e-05
-5.5121391573559801e-05
-5.4605000926903550e-05
-5.4093952766233996e-05
-5.3573098169229897e-05
-5.3071214611625929e-05
-5.2538309139860240e-05
-5.2059521746137834e-05
-5.1499083864543520e-05
-5.1036591194052382e-05
-5.0475974140846473e-05
-4.9999247220659695e-05
-4.9466648825813345e-05
-4.8954823192785042e-05
-4.8459632090968452e-05
-4.7912402760785380e-05
-4.7444968198590611e-05
-4.6877284890613919e-05
-4.6398849933894835e-05
-4.5867497108859237e-05
-4.5356299391106047e-05
-4.4852190907800341e-05
-4.4312552202555497e-05
-4.3833900131988130e-05
-4.3267095806340723e-05
-4.2778983231438863e-05
-4.2247604679200880e-05
-4.1721903386869972e-05
-4.1226404316623775e-05
-4.0658877429958269e-05
-4.0162739641834317e-05
-3.9630101252806403e-05
-3.9094034556650207e-05
-3.8592123906306621e-05
-3.8017371262381005e-05
0.0000000000000000e+00
];
