%Vec Object:dSdr_b_aug_8040 1 MPI processes
%  type: seq
dSdr_b_aug_8040 = [
2.2937538986938657e+03
0.0000000000000000e+00
-7.1788024697242173e-07
-2.9698346278076979e-07
-1.8493118251270010e-07
-1.3147750115517551e-07
-9.8607351427289443e-08
-7.8280509697788419e-08
-6.4502719133608123e-08
-5.4147135015895885e-08
-4.6456498461310153e-08
-4.0560244150767092e-08
-3.5760470530280458e-08
-3.1872096749009676e-08
-2.8683992836397666e-08
-2.5995666574925594e-08
-2.3698554908291891e-08
-2.2551540673861625e-08
-8.6844481624881399e-05
-7.8292756823414799e-04
-7.4341148899852497e-04
-7.0452937376989976e-04
-6.6642842194628178e-04
-6.2846892038871400e-04
-5.8633000875884438e-04
-5.4564262259271799e-04
-5.0662529309689606e-04
-4.6721387629324507e-04
-4.2676774380362442e-04
-3.8352743553767655e-04
-3.4547380690611685e-04
-3.0889288039556023e-04
-2.7435421399769352e-04
-2.3792309412115501e-04
-2.0828823351864810e-04
-1.8249274054589679e-04
-1.5992828772721178e-04
-1.3861881955567329e-04
-1.2247895156831121e-04
-1.1023878239909219e-04
-1.0057974646058527e-04
-9.2797553282160036e-05
-8.7954157159879218e-05
-8.5008723628232161e-05
-8.3409411131642945e-05
-8.3051554922703452e-05
-8.3556072459410499e-05
-8.4570757439852482e-05
-8.6025830182749142e-05
-8.7985538239110039e-05
-8.9710487607358970e-05
-9.1517450762629450e-05
-9.3358844161679059e-05
-9.5133351688568945e-05
-9.6621881182143104e-05
-9.7957278667692109e-05
-9.9242834056998200e-05
-1.0028234635780703e-04
-1.0113846379181099e-04
-1.0183411416832609e-04
-1.0246362072466474e-04
-1.0288258294349713e-04
-1.0314230835008915e-04
-1.0335714745166785e-04
-1.0346725957585810e-04
-1.0344480822391269e-04
-1.0336402968592827e-04
-1.0322482444093163e-04
-1.0299550877759843e-04
-1.0271119348791705e-04
-1.0240974386498884e-04
-1.0205353439019154e-04
-1.0166362122245356e-04
-1.0121825660910759e-04
-1.0077511746433552e-04
-1.0030445233688462e-04
-9.9795376127372143e-05
-9.9300252461349448e-05
-9.8794473427428123e-05
-9.8224499414955124e-05
-9.7690973947461019e-05
-9.7154876309599143e-05
-9.6569304632835630e-05
-9.6023995960123603e-05
-9.5482850927408280e-05
-9.4855024136031036e-05
-9.4310307950876940e-05
-9.3747700964924989e-05
-9.3138283991946335e-05
-9.2594315349666127e-05
-9.2017094766487745e-05
-9.1410507283624253e-05
-9.0863023283833941e-05
-9.0266721107381360e-05
-8.9693819095752538e-05
-8.9156038777291177e-05
-8.8534402349223522e-05
-8.7988866874842998e-05
-8.7439697516192741e-05
-8.6808338770936867e-05
-8.6302212238165683e-05
-8.5725303812146607e-05
-8.5140329358595980e-05
-8.4633328487911799e-05
-8.4008247459263190e-05
-8.3485341384510400e-05
-8.2955171390992322e-05
-8.2353408337548347e-05
-8.1855624978450998e-05
-8.1276343920871382e-05
-8.0726901631070246e-05
-8.0223746484770381e-05
-7.9630616363309602e-05
-7.9136285000141443e-05
-7.8577519555775603e-05
-7.8048909578671655e-05
-7.7525467014015934e-05
-7.6971452202595009e-05
-7.6482625287888759e-05
-7.5907386994817746e-05
-7.5427876508538962e-05
-7.4888192623510694e-05
-7.4356525419454314e-05
-7.3885951982638311e-05
-7.3300540547431976e-05
-7.2852618310546426e-05
-7.2294540852009130e-05
-7.1811571027401993e-05
-7.1301398387381664e-05
-7.0786969906171555e-05
-7.0295729349848098e-05
-6.9776895643767556e-05
-6.9311918081672698e-05
-6.8764010605434805e-05
-6.8325291368292334e-05
-6.7778098981426883e-05
-6.7321063239257772e-05
-6.6811120213920044e-05
-6.6326146469638313e-05
-6.5843431031465741e-05
-6.5352993004486452e-05
-6.4877167950885196e-05
-6.4384629951979292e-05
-6.3919180749127724e-05
-6.3408101248860573e-05
-6.2975873594899802e-05
-6.2443248692997915e-05
-6.2025767204766408e-05
-6.1500232653696510e-05
-6.1075902749152945e-05
-6.0559272625648796e-05
-6.0135497767475444e-05
-5.9612095426795268e-05
-5.9205463860704350e-05
-5.8675839274625827e-05
-5.8271448123739063e-05
-5.7753558443141442e-05
-5.7340319433042500e-05
-5.6831051436323156e-05
-5.6413756512471946e-05
-5.5904864974635895e-05
-5.5497346117872550e-05
-5.4986848049124108e-05
-5.4571724382441173e-05
-5.4086927448912330e-05
-5.3646862323864510e-05
-5.3188864892048510e-05
-5.2731088687771971e-05
-5.2280684839669444e-05
-5.1820693441484689e-05
-5.1377918903446952e-05
-5.0908282492562113e-05
-5.0486652198156027e-05
-4.9992703040533320e-05
-4.9586185986914322e-05
-4.9092203407089278e-05
-4.8673448414734916e-05
-4.8205516887260360e-05
-4.7755174949747214e-05
-4.7322148294860805e-05
-4.6840102876467936e-05
-4.6431845953707309e-05
-4.5933634222731647e-05
-4.5514238399971495e-05
-4.5050646912112573e-05
-4.4602310089569254e-05
-4.4162406845548104e-05
-4.3690584654787376e-05
-4.3273117803371290e-05
-4.2778311706610274e-05
-4.2352741402196293e-05
-4.1889237515821862e-05
-4.1431404044116229e-05
-4.0999816043799651e-05
-4.0506134176661584e-05
-4.0074368466596389e-05
-3.9611384542290863e-05
-3.9146224189287930e-05
-3.8709274911702565e-05
-3.8210874878194760e-05
0.0000000000000000e+00
];
