%Vec Object:dSdr_b_aug_9270 1 MPI processes
%  type: seq
dSdr_b_aug_9270 = [
2.2774006823924460e+03
0.0000000000000000e+00
-6.4726532594534090e-07
-2.6819620248040661e-07
-1.6736414702710878e-07
-1.1917484445085116e-07
-8.9440376159413241e-08
-7.1049295791572103e-08
-5.8582968183147230e-08
-4.9217128348405368e-08
-4.2260815125154525e-08
-3.6927115884412700e-08
-3.2585024746295191e-08
-2.9067123531289860e-08
-2.6182570816042578e-08
-2.3749914588605296e-08
-2.1677948598127062e-08
-2.9610656974833440e-06
-7.8475217683178261e-04
-7.7950234486517435e-04
-7.3767773116186635e-04
-6.9906524363844949e-04
-6.6123964423650127e-04
-6.2354918278731332e-04
-5.8170612038532452e-04
-5.4129626292650991e-04
-5.0253914965250792e-04
-4.6338709625025717e-04
-4.2320226590919182e-04
-3.8023378059598651e-04
-3.4241800874837598e-04
-3.0606182820524640e-04
-2.7173244642130168e-04
-2.3551968482176750e-04
-2.0606131021200992e-04
-1.8041838520189117e-04
-1.5798697632974466e-04
-1.3680337752329424e-04
-1.2075893034560493e-04
-1.0859154618713552e-04
-9.8991527296027264e-05
-9.1258308345332190e-05
-8.6447353072701888e-05
-8.3524248266700094e-05
-8.1940174399697135e-05
-8.1591549414486507e-05
-8.2100627096348512e-05
-8.3117303263988395e-05
-8.4572208165127892e-05
-8.6530727727972812e-05
-8.8254821858456980e-05
-9.0060449614115512e-05
-9.1901141237104206e-05
-9.3675864612798065e-05
-9.5165298650413144e-05
-9.6502702569492972e-05
-9.7791679490425812e-05
-9.8835120444810523e-05
-9.9695816839621293e-05
-1.0039726637226942e-04
-1.0103357245840230e-04
-1.0145945240203248e-04
-1.0172687185389128e-04
-1.0195095347086412e-04
-1.0206953155301265e-04
-1.0205606913954236e-04
-1.0198525925431812e-04
-1.0185633367054207e-04
-1.0163698868521238e-04
-1.0136320981583784e-04
-1.0107298810719971e-04
-1.0072715140474467e-04
-1.0034765673427839e-04
-9.9914640819298646e-05
-9.9482146526556764e-05
-9.9022061923768808e-05
-9.8525527675921481e-05
-9.8040994431698787e-05
-9.7545765878188535e-05
-9.6988642267386790e-05
-9.6465737866425789e-05
-9.5940378051149366e-05
-9.5367293552443499e-05
-9.4832547370124489e-05
-9.4302041093338645e-05
-9.3686816752343476e-05
-9.3152620578785143e-05
-9.2600788264012604e-05
-9.2003452196237520e-05
-9.1469829052473578e-05
-9.0903552705670884e-05
-9.0308760289513980e-05
-8.9771532828689717e-05
-8.9186481098743983e-05
-8.8624647051008636e-05
-8.8096947255698242e-05
-8.7486926921748973e-05
-8.6952016981142082e-05
-8.6412954576453200e-05
-8.5793429654244430e-05
-8.5297265867726889e-05
-8.4730839306212011e-05
-8.4157006574470488e-05
-8.3659833144623922e-05
-8.3046112087066466e-05
-8.2533377746036942e-05
-8.2013260781486048e-05
-8.1422649590049727e-05
-8.0934510471073772e-05
-8.0366184203440217e-05
-7.9827053797025421e-05
-7.9333591891110703e-05
-7.8751763678359027e-05
-7.8266767716934145e-05
-7.7718822516331727e-05
-7.7200230192759961e-05
-7.6686726413279643e-05
-7.6143461069636849e-05
-7.5663987917105608e-05
-7.5099702755702135e-05
-7.4629741867386079e-05
-7.4100224124467709e-05
-7.3578859605314737e-05
-7.3117806948075267e-05
-7.2543278353620603e-05
-7.2104488899989109e-05
-7.1557254784630493e-05
-7.1083548583371543e-05
-7.0583836837770247e-05
-7.0079280123470851e-05
-6.9597802000694430e-05
-6.9089398610289608e-05
-6.8633598591331713e-05
-6.8096659062090662e-05
-6.7666867512665909e-05
-6.7130551286425502e-05
-6.6682810609298445e-05
-6.6183183610915263e-05
-6.5707964836045937e-05
-6.5235170104741770e-05
-6.4754781825011900e-05
-6.4288576631080346e-05
-6.3806430699037855e-05
-6.3350415882298443e-05
-6.2849906490146978e-05
-6.2426995587851772e-05
-6.1905047767344467e-05
-6.1496793831618274e-05
-6.0982050555145268e-05
-6.0566712849779364e-05
-6.0061253014267069e-05
-5.9646391344199015e-05
-5.9134212019741729e-05
-5.8736457076655816e-05
-5.8218127239072045e-05
-5.7822677464987113e-05
-5.7315971058922131e-05
-5.6911779199456935e-05
-5.6413690561310849e-05
-5.6005657243427722e-05
-5.5507839978934643e-05
-5.5109787377991736e-05
-5.4610225250733742e-05
-5.4204737221847362e-05
-5.3730840667772851e-05
-5.3300596837815635e-05
-5.2853343902470856e-05
-5.2405744246167127e-05
-5.1965869370010295e-05
-5.1516444948584229e-05
-5.1083932832481634e-05
-5.0625281104630503e-05
-5.0213574349272923e-05
-4.9731168873089275e-05
-4.9334370239263556e-05
-4.8851956654316200e-05
-4.8443266687369105e-05
-4.7986562554215224e-05
-4.7546895362069929e-05
-4.7124661651660800e-05
-4.6653933422095194e-05
-4.6255950902198145e-05
-4.5769800803464578e-05
-4.5360655369551941e-05
-4.4908828625640405e-05
-4.4471405769887825e-05
-4.4042649930931959e-05
-4.3582602175512278e-05
-4.3175758507485017e-05
-4.2693453014752507e-05
-4.2278741704826650e-05
-4.1827022785104693e-05
-4.1380973348034239e-05
-4.0960482823133790e-05
-4.0479623836958867e-05
-4.0059037592889587e-05
-3.9608152888245722e-05
-3.9155315667159262e-05
-3.8729679589672312e-05
-3.8244717946449567e-05
0.0000000000000000e+00
];
