%Vec Object:dSdr_b_aug_5530 1 MPI processes
%  type: seq
dSdr_b_aug_5530 = [
2.3235496266519358e+03
0.0000000000000000e+00
-8.7255947799854701e-07
-3.6052103296216292e-07
-2.2397938510802957e-07
-1.5906920890752353e-07
-1.1939362097332981e-07
-9.4863838052120203e-08
-7.8236735219713695e-08
-6.5719911468345272e-08
-5.6424515876351542e-08
-4.9298518866616761e-08
-4.3494492270350256e-08
-3.8792055994192496e-08
-3.4936561306518075e-08
-3.1684932648776879e-08
-2.8905931193851479e-08
-2.6534668757008273e-08
-2.4570958619515228e-08
-7.0524128473298415e-06
-7.2256876429132168e-04
-7.1881225262863187e-04
-6.8028209504696915e-04
-6.4160813540379918e-04
-5.9867916723572155e-04
-5.5725057859430400e-04
-5.1753828172625084e-04
-4.7743417514300383e-04
-4.3629017500092335e-04
-3.9232390085026161e-04
-3.5363502082049961e-04
-3.1645385837131789e-04
-2.8135624914522482e-04
-2.4434195313201247e-04
-2.1423574598292638e-04
-1.8803278594773214e-04
-1.6511300955493469e-04
-1.4346737909404314e-04
-1.2707266758188340e-04
-1.1463810901107890e-04
-1.0482145420309959e-04
-9.6908463828608294e-05
-9.1978426703927786e-05
-8.8973358932712847e-05
-8.7333347942441730e-05
-8.6950837412458861e-05
-8.7443175831904249e-05
-8.8452542702557155e-05
-8.9908063533642140e-05
-9.1870945576007752e-05
-9.3598178933861089e-05
-9.5408708570825636e-05
-9.7251976214459145e-05
-9.9025907257863544e-05
-1.0051202094926454e-04
-1.0184205978327413e-04
-1.0311847717572637e-04
-1.0414749709413458e-04
-1.0499138535075899e-04
-1.0567154773731770e-04
-1.0628289457550598e-04
-1.0668338140955386e-04
-1.0692255808883600e-04
-1.0711271291679147e-04
-1.0720021474338570e-04
-1.0715375635403125e-04
-1.0704635422587902e-04
-1.0687969477110925e-04
-1.0662375010917199e-04
-1.0631129487575860e-04
-1.0597985851511391e-04
-1.0559594615653983e-04
-1.0517820798621540e-04
-1.0469986332319673e-04
-1.0422829464350476e-04
-1.0372937178234148e-04
-1.0318679936930198e-04
-1.0266339153719277e-04
-1.0212943500997202e-04
-1.0152514103407404e-04
-1.0096324955694195e-04
-1.0039847408554657e-04
-9.9779552518038179e-05
-9.9206034276996564e-05
-9.8636475991332987e-05
-9.7974991448083727e-05
-9.7402179144199732e-05
-9.6810795912429160e-05
-9.6169114094428546e-05
-9.5597515411021032e-05
-9.4991065719204410e-05
-9.4352976789103006e-05
-9.3778100335304256e-05
-9.3151751245549496e-05
-9.2549289682566655e-05
-9.1984587001047086e-05
-9.1331927113495577e-05
-9.0758013699540906e-05
-9.0181851388366352e-05
-8.9518887688371884e-05
-8.8986153343054608e-05
-8.8381250679804747e-05
-8.7766519688221384e-05
-8.7233272369952340e-05
-8.6577851918216318e-05
-8.6027779882339733e-05
-8.5470760956128533e-05
-8.4839214282909456e-05
-8.4315673756023488e-05
-8.3707135405076532e-05
-8.3130152852145612e-05
-8.2601109671563231e-05
-8.1977795195994601e-05
-8.1458531489170822e-05
-8.0870868088044715e-05
-8.0315503656517770e-05
-7.9765517273587631e-05
-7.9182793528990484e-05
-7.8668985234855207e-05
-7.8064494077231442e-05
-7.7559479186888392e-05
-7.6992644274437292e-05
-7.6433461373935047e-05
-7.5937460499199403e-05
-7.5322983927544781e-05
-7.4850670486396130e-05
-7.4263633378790866e-05
-7.3755922911268270e-05
-7.3217812039791760e-05
-7.2677018728001499e-05
-7.2159705341072073e-05
-7.1613015071107821e-05
-7.1123526763143172e-05
-7.0546326854565683e-05
-7.0083764168070727e-05
-6.9507524485527150e-05
-6.9025664128096901e-05
-6.8488169773224435e-05
-6.7977143132983659e-05
-6.7467932158721695e-05
-6.6950653963540290e-05
-6.6449136855670283e-05
-6.5928844445038224e-05
-6.5438198537788998e-05
-6.4898889125540162e-05
-6.4441778937060335e-05
-6.3880638426315399e-05
-6.3438512630447597e-05
-6.2884157491199989e-05
-6.2435811844284555e-05
-6.1889348889833639e-05
-6.1441769306510419e-05
-6.0888393311882965e-05
-6.0458054676069143e-05
-5.9898264858357178e-05
-5.9469993697660475e-05
-5.8922236502220141e-05
-5.8484834988750537e-05
-5.7945709935467396e-05
-5.7503679755590108e-05
-5.6965211815303247e-05
-5.6532411137613632e-05
-5.5992706113236311e-05
-5.5551848251652815e-05
-5.5037939338730079e-05
-5.4571644177709855e-05
-5.4084951087438636e-05
-5.3599996061839020e-05
-5.3121472162546673e-05
-5.2633259212134331e-05
-5.2163076505277152e-05
-5.1664102960160863e-05
-5.1215969560593151e-05
-5.0691190333124830e-05
-5.0258717990907220e-05
-4.9733837733823425e-05
-4.9288201760207492e-05
-4.8790284875614748e-05
-4.8311433555520924e-05
-4.7849581837734333e-05
-4.7337311238067441e-05
-4.6901614130878764e-05
-4.6371189002675774e-05
-4.5924417120219064e-05
-4.5429405130760775e-05
-4.4951919993676642e-05
-4.4482244971788818e-05
-4.3978976357163790e-05
-4.3533137742638467e-05
-4.3004945764863056e-05
-4.2550373829454674e-05
-4.2055395218877972e-05
-4.1566089401996082e-05
-4.1104862491229476e-05
-4.0576933302263705e-05
-4.0115308787811880e-05
-3.9620008342854941e-05
-3.9121930097545172e-05
-3.8654748372222665e-05
-3.8120358494260659e-05
0.0000000000000000e+00
];
