%Vec Object:dSdr_b_aug_5290 1 MPI processes
%  type: seq
dSdr_b_aug_5290 = [
2.3264866771853708e+03
0.0000000000000000e+00
-8.8929840430034818e-07
-3.6712352132099932e-07
-2.2785294849148308e-07
-1.6167456934626619e-07
-1.2126185576420882e-07
-9.6278025223298169e-08
-7.9343883764947591e-08
-6.6597612285752806e-08
-5.7132433736165732e-08
-4.9876521157825108e-08
-4.3967894296041509e-08
-3.9181158010559539e-08
-3.5256721155950402e-08
-3.1947400832131239e-08
-2.9119555047580497e-08
-2.6706734784907984e-08
-2.4642714270895472e-08
-1.9244173232574201e-06
-6.6366752914154281e-04
-7.2010078863450383e-04
-6.8190750161111066e-04
-6.4315450357105568e-04
-6.0013264086711715e-04
-5.5861681621305066e-04
-5.1882272287248458e-04
-4.7863708781002777e-04
-4.3741094975582103e-04
-3.9335923057218361e-04
-3.5459558246075663e-04
-3.1734377319232087e-04
-2.8218037727941386e-04
-2.4509744235303040e-04
-2.1493575845742951e-04
-1.8868484018963049e-04
-1.6572324276976189e-04
-1.4403804653323184e-04
-1.2761334037127717e-04
-1.1515590250465772e-04
-1.0532069623258602e-04
-9.7392311261549675e-05
-9.2452076655217142e-05
-8.9439990055139687e-05
-8.7795188942297824e-05
-8.7409776662538335e-05
-8.7900681642580998e-05
-8.8909422601989900e-05
-9.0364996192798504e-05
-9.2328251827270165e-05
-9.4055753993523331e-05
-9.5866703275041765e-05
-9.7710191475200480e-05
-9.9484054675840039e-05
-1.0096988403882163e-04
-1.0229929217512577e-04
-1.0357463404647436e-04
-1.0460241903420522e-04
-1.0544486794168626e-04
-1.0612320742161034e-04
-1.0673241689471888e-04
-1.0713072920985466e-04
-1.0736748734077924e-04
-1.0755473687293189e-04
-1.0763957750717160e-04
-1.0759029353116284e-04
-1.0747975785209115e-04
-1.0730986708363051e-04
-1.0705078823386257e-04
-1.0673502097663120e-04
-1.0640005522734433e-04
-1.0601288228596957e-04
-1.0559186915955059e-04
-1.0510964279947741e-04
-1.0463472801099981e-04
-1.0413247926167906e-04
-1.0358596440084029e-04
-1.0305922756937466e-04
-1.0252195459795133e-04
-1.0191362121878748e-04
-1.0134839110924504e-04
-1.0078024030420372e-04
-1.0015739350926590e-04
-9.9580555048538115e-05
-9.9007652569784799e-05
-9.8342206564182779e-05
-9.7766087393308938e-05
-9.7171317244623050e-05
-9.6525837907057732e-05
-9.5950987213138834e-05
-9.5341097303050580e-05
-9.4699300703989618e-05
-9.4121200203179043e-05
-9.3491314640734463e-05
-9.2885373966765259e-05
-9.2317502567105015e-05
-9.1661191268823237e-05
-9.1083937817628495e-05
-9.0504598479957107e-05
-8.9837914928080483e-05
-8.9302048886592413e-05
-8.8693851345998065e-05
-8.8075618055890971e-05
-8.7539281571161843e-05
-8.6880290216174424e-05
-8.6327020788479826e-05
-8.5766841784153523e-05
-8.5131789624746647e-05
-8.4605217518679833e-05
-8.3993235629258503e-05
-8.3413011629547296e-05
-8.2880921466884315e-05
-8.2254054339126557e-05
-8.1731856133389626e-05
-8.1140791486916750e-05
-8.0582278096824942e-05
-8.0029167546813828e-05
-7.9443064804485662e-05
-7.8926316239740811e-05
-7.8318382064394246e-05
-7.7810365344158032e-05
-7.7240334796759949e-05
-7.6677913340274923e-05
-7.6178919694233383e-05
-7.5561022199797749e-05
-7.5085837950253663e-05
-7.4495392335410224e-05
-7.3984769930916184e-05
-7.3443370771283096e-05
-7.2899474358011931e-05
-7.2379092237437109e-05
-7.1829123291142940e-05
-7.1336750104225799e-05
-7.0756102519616045e-05
-7.0290733493682221e-05
-6.9711074987036963e-05
-6.9226292808212834e-05
-6.8685555701809205e-05
-6.8171462673148649e-05
-6.7659133212263185e-05
-6.7138695967612459e-05
-6.6634154941281565e-05
-6.6110595875779019e-05
-6.5616984351552448e-05
-6.5074352318334481e-05
-6.4614313489738849e-05
-6.4049816731410146e-05
-6.3604790333827676e-05
-6.3047043050832154e-05
-6.2595870782694208e-05
-6.2045896544471170e-05
-6.1595515175601434e-05
-6.1038611321754090e-05
-6.0605482393474023e-05
-6.0042142167218155e-05
-5.9611060358309370e-05
-5.9059787794053636e-05
-5.8619542382150473e-05
-5.8076903189724892e-05
-5.7631961697961999e-05
-5.7090012649547084e-05
-5.6654236328535222e-05
-5.6111093677489701e-05
-5.5667206926871533e-05
-5.5149871563685924e-05
-5.4680489151402338e-05
-5.4190418608540810e-05
-5.3702264658064522e-05
-5.3220431050885268e-05
-5.2728896444020422e-05
-5.2255487812443075e-05
-5.1753061303759057e-05
-5.1301808498644074e-05
-5.0773400585042673e-05
-5.0337873307342128e-05
-4.9809356398516985e-05
-4.9360556527226533e-05
-4.8859110358498965e-05
-4.8376903467146520e-05
-4.7911659014775892e-05
-4.7395830878257238e-05
-4.6956904012536347e-05
-4.6422687310365533e-05
-4.5972693183567302e-05
-4.5473982901956193e-05
-4.4993066876833655e-05
-4.4519887549292957e-05
-4.4012917476470934e-05
-4.3563739222789822e-05
-4.3031617360865542e-05
-4.2573631437431294e-05
-4.2074947575556951e-05
-4.1581936510170351e-05
-4.1117219702171460e-05
-4.0585257451635191e-05
-4.0120114997289593e-05
-3.9621004384689307e-05
-3.9119037747214943e-05
-3.8648258222521517e-05
-3.8109421778845178e-05
0.0000000000000000e+00
];
