%Vec Object:dSdr_b_aug_4150 1 MPI processes
%  type: seq
dSdr_b_aug_4150 = [
2.3477667967453922e+03
0.0000000000000000e+00
-1.0257878830370786e-06
-4.2293971327537339e-07
-2.6194691789428492e-07
-1.8565563609268984e-07
-1.3928896063110973e-07
-1.1062963289960785e-07
-9.1204167617645597e-08
-7.6567029576915344e-08
-6.5698220496074257e-08
-5.7366887075810243e-08
-5.0580406400460638e-08
-4.5082270946386735e-08
-4.0574714306874815e-08
-3.6773423509092285e-08
-3.3524918778431826e-08
-3.0753215959879934e-08
-2.8356674136660887e-08
-2.6330430457299072e-08
-3.7306868649622378e-06
-6.4871102204013388e-04
-6.8961571496672035e-04
-6.5128232862969517e-04
-6.0778614593928857e-04
-5.6581129876816412e-04
-5.2558648331185503e-04
-4.8497152660136533e-04
-4.4331285725719200e-04
-3.9881119176930465e-04
-3.5965382127084672e-04
-3.2202999184763949e-04
-2.8652016883515773e-04
-2.4907578726401930e-04
-2.1862196756571424e-04
-1.9211850535167182e-04
-1.6893668199144304e-04
-1.4704313579621766e-04
-1.3046048038689608e-04
-1.1788256209934149e-04
-1.0794966538492983e-04
-9.9940213755000064e-05
-9.4946280021850416e-05
-9.1897232789557682e-05
-9.0227207208625206e-05
-8.9826514459000157e-05
-9.0309870961831958e-05
-9.1315315819202119e-05
-9.2771167132574270e-05
-9.4736389967319635e-05
-9.6465307707430776e-05
-9.8278467376111442e-05
-1.0012311705962865e-04
-1.0189662277299137e-04
-1.0338095467224507e-04
-1.0470704140771081e-04
-1.0597671948852448e-04
-1.0699800126190877e-04
-1.0783287051594583e-04
-1.0850161057136004e-04
-1.0909956478936655e-04
-1.0948642622798116e-04
-1.0971044844704003e-04
-1.0988239889854319e-04
-1.0995322588254430e-04
-1.0988906257214434e-04
-1.0976202584654861e-04
-1.0957511922266074e-04
-1.0929953597580105e-04
-1.0896632785363324e-04
-1.0861277661569293e-04
-1.0820843369586600e-04
-1.0777017490349798e-04
-1.0726750783188478e-04
-1.0677497269533260e-04
-1.0625521007902609e-04
-1.0568793460093190e-04
-1.0514366752068461e-04
-1.0458893041552252e-04
-1.0395932586208184e-04
-1.0337651477888767e-04
-1.0279058973517780e-04
-1.0214707300802983e-04
-1.0155275053518105e-04
-1.0096223780285571e-04
-1.0027593105654847e-04
-9.9682398189115685e-05
-9.9069792808192464e-05
-9.8404316040095368e-05
-9.7812340520360815e-05
-9.7184334698780745e-05
-9.6523013815905028e-05
-9.5927935743880065e-05
-9.5279427403357572e-05
-9.4655166013430631e-05
-9.4070608400588507e-05
-9.3395069071200199e-05
-9.2800227255448271e-05
-9.2204157954330415e-05
-9.1517885966826485e-05
-9.0965528667940758e-05
-9.0339980581828359e-05
-8.9703304493775915e-05
-8.9150700729721737e-05
-8.8472905310766378e-05
-8.7902798698761167e-05
-8.7325979001259395e-05
-8.6672467259469601e-05
-8.6129931125266383e-05
-8.5499815865446439e-05
-8.4902522693439971e-05
-8.4354387393274888e-05
-8.3708812312654254e-05
-8.3171161297094219e-05
-8.2562185994075718e-05
-8.1987090468640893e-05
-8.1417528333600404e-05
-8.0813632090102658e-05
-8.0281400324428689e-05
-7.9655335525131234e-05
-7.9131511438920238e-05
-7.8544652965319427e-05
-7.7965177564644862e-05
-7.7450424256055497e-05
-7.6814512490700892e-05
-7.6324210826175890e-05
-7.5715816320861550e-05
-7.5189859923421846e-05
-7.4631144938056143e-05
-7.4070907877326703e-05
-7.3534366088188821e-05
-7.2967131933818072e-05
-7.2459567243252809e-05
-7.1860764514566908e-05
-7.1380617569266041e-05
-7.0782955852525604e-05
-7.0282787638440894e-05
-6.9724974507396692e-05
-6.9194734168482073e-05
-6.8665983053927806e-05
-6.8128910556656329e-05
-6.7608445867620013e-05
-6.7067684911711249e-05
-6.6558456738769874e-05
-6.5998328106232356e-05
-6.5522867349458573e-05
-6.4940696921331325e-05
-6.4480396247654012e-05
-6.3904786273380582e-05
-6.3438729309341337e-05
-6.2870265003845175e-05
-6.2405129727401181e-05
-6.1829648527858769e-05
-6.1381826220090012e-05
-6.0799789912831371e-05
-6.0353907540615083e-05
-5.9784123420153142e-05
-5.9328902361547664e-05
-5.8767758098297186e-05
-5.8307485977301847e-05
-5.7747205808839454e-05
-5.7295760107622107e-05
-5.6734515320979610e-05
-5.6274678818830448e-05
-5.5739300191196204e-05
-5.5253660716965773e-05
-5.4745804948302795e-05
-5.4240805896649980e-05
-5.3741543828263190e-05
-5.3232517856397055e-05
-5.2742121992509225e-05
-5.2221512705466095e-05
-5.1753833631663615e-05
-5.1206317650429727e-05
-5.0754703653951142e-05
-5.0207036797146658e-05
-4.9741576497550019e-05
-4.9221545856553936e-05
-4.8721669305237626e-05
-4.8238559558926451e-05
-4.7703998376838626e-05
-4.7248064607681244e-05
-4.6693882654368745e-05
-4.6226921453497991e-05
-4.5708737453890654e-05
-4.5209756062446828e-05
-4.4718125046293762e-05
-4.4191665481436109e-05
-4.3724903539448281e-05
-4.3172090519438766e-05
-4.2696131059066607e-05
-4.2177941320794241e-05
-4.1665426540385384e-05
-4.1182343449155813e-05
-4.0629160538868969e-05
-4.0145520801464044e-05
-3.9626396827239752e-05
-3.9104062096668021e-05
-3.8614640137334816e-05
-3.8054001715197542e-05
0.0000000000000000e+00
];
