%Vec Object:dSdr_b_aug_2850 1 MPI processes
%  type: seq
dSdr_b_aug_2850 = [
2.3820345188313972e+03
0.0000000000000000e+00
-1.2997977156293032e-06
-5.3444585119093426e-07
-3.2959424180949828e-07
-2.3299808664624101e-07
-1.7479633309777316e-07
-1.3883439494432764e-07
-1.1445982902302974e-07
-9.6063256560418273e-08
-8.2404481236321331e-08
-7.1935931618016207e-08
-6.3405602136389382e-08
-5.6494675159851035e-08
-5.0829276838309964e-08
-4.6051539621266496e-08
-4.1968542696650350e-08
-3.8485021079300138e-08
-3.5473150884257733e-08
-3.2815117594265849e-08
-3.0487201136544227e-08
-4.2354718329684752e-08
-8.8873245236273997e-05
-6.5135504514949509e-04
-6.1885933346533925e-04
-5.7646154350558939e-04
-5.3560630113580043e-04
-4.9435562948981372e-04
-4.5205620554480318e-04
-4.0688797080603765e-04
-3.6714732259361346e-04
-3.2897236602405999e-04
-2.9294933054919915e-04
-2.5496948591976511e-04
-2.2408288330884961e-04
-1.9720529131293514e-04
-1.7369721549826450e-04
-1.5149501046557722e-04
-1.3467836204910736e-04
-1.2192195871831229e-04
-1.1184433903462872e-04
-1.0371479163676931e-04
-9.8641305590123783e-05
-9.5537503179951621e-05
-9.3830108887328395e-05
-9.3406778899018600e-05
-9.3878952677428276e-05
-9.4879514468475712e-05
-9.6335777138771892e-05
-9.8303914199234662e-05
-1.0003492896751386e-04
-1.0185136313937392e-04
-1.0369773355158899e-04
-1.0547070978566445e-04
-1.0695282338622536e-04
-1.0827398975590799e-04
-1.0953527734391140e-04
-1.1054692505923315e-04
-1.1137056556598322e-04
-1.1202508469125564e-04
-1.1260636477401145e-04
-1.1297626222567958e-04
-1.1318141675796286e-04
-1.1333070233825834e-04
-1.1338076875189544e-04
-1.1329456241510406e-04
-1.1314308019292592e-04
-1.1293096541741583e-04
-1.1263093172133313e-04
-1.1227188582994302e-04
-1.1189080113092396e-04
-1.1146102178317334e-04
-1.1099721447619586e-04
-1.1046426560853672e-04
-1.0994562688819936e-04
-1.0939991843475282e-04
-1.0880188724026333e-04
-1.0823165005552171e-04
-1.0765104079212669e-04
-1.0698992416234253e-04
-1.0638106783017490e-04
-1.0576881122672618e-04
-1.0509467313138347e-04
-1.0447444905415348e-04
-1.0385784769811542e-04
-1.0314063691277727e-04
-1.0252130661076174e-04
-1.0188227931392333e-04
-1.0118717745384641e-04
-1.0056983244650037e-04
-9.9914988899342587e-05
-9.9224743865922524e-05
-9.8604514456654787e-05
-9.7928417496742190e-05
-9.7277014975917571e-05
-9.6667737657314207e-05
-9.5963713060625807e-05
-9.5342815052472043e-05
-9.4721961232733577e-05
-9.4006670059363959e-05
-9.3429881871928106e-05
-9.2778629917081914e-05
-9.2114631856409269e-05
-9.1537929029589953e-05
-9.0832276442950630e-05
-9.0237226486046630e-05
-8.9635754534652984e-05
-8.8954895956032810e-05
-8.8388710009888293e-05
-8.7731731178609484e-05
-8.7109150985624809e-05
-8.6537245715282473e-05
-8.5863955851965789e-05
-8.5303412367271358e-05
-8.4667903432237922e-05
-8.4068242405369061e-05
-8.3474308172157776e-05
-8.2844051856762992e-05
-8.2288882600737608e-05
-8.1635958301655898e-05
-8.1088716493289619e-05
-8.0476928394858461e-05
-7.9872188536624311e-05
-7.9334088177030344e-05
-7.8671489284551195e-05
-7.8158792023875934e-05
-7.7523807249817647e-05
-7.6975134409143958e-05
-7.6390767006096296e-05
-7.5806322200681119e-05
-7.5245840777514588e-05
-7.4653029194531576e-05
-7.4122959153587480e-05
-7.3497260607084162e-05
-7.2995221014839068e-05
-7.2370888563550985e-05
-7.1847926814295034e-05
-7.1264816523886469e-05
-7.0710654865195808e-05
-7.0157576007217847e-05
-6.9595859332702571e-05
-6.9051804648290611e-05
-6.8485560075009163e-05
-6.7953196733150473e-05
-6.7367147891082648e-05
-6.6868840435540698e-05
-6.6260487480877326e-05
-6.5777558849779689e-05
-6.5175486327482502e-05
-6.4687378550986997e-05
-6.4091522278569520e-05
-6.3604529949360704e-05
-6.3001527489322853e-05
-6.2531937802325652e-05
-6.1922204340129840e-05
-6.1454395807282537e-05
-6.0857187901092584e-05
-6.0379781312169340e-05
-5.9791222877953815e-05
-5.9308239347502235e-05
-5.8720802715040678e-05
-5.8246143772697182e-05
-5.7658081760101208e-05
-5.7174616673544855e-05
-5.6612508046291993e-05
-5.6102784738450903e-05
-5.5568581254778244e-05
-5.5038627239243039e-05
-5.4513546001325842e-05
-5.3978607682851051e-05
-5.3463046329013034e-05
-5.2915500432007015e-05
-5.2423486934272962e-05
-5.1847663613989037e-05
-5.1372218256763901e-05
-5.0796182063292928e-05
-5.0306040537066985e-05
-4.9758478340470586e-05
-4.9232425515006211e-05
-4.8722849718692685e-05
-4.8160537018529702e-05
-4.7679408976085361e-05
-4.7095650208904231e-05
-4.6603553919258864e-05
-4.6056521504646590e-05
-4.5530778246730575e-05
-4.5011813247788108e-05
-4.4456482517307417e-05
-4.3963673090715555e-05
-4.3380209531579961e-05
-4.2877626189325655e-05
-4.2330543471891123e-05
-4.1789140381256786e-05
-4.1278856347264232e-05
-4.0694247908249647e-05
-4.0183224512075609e-05
-3.9634486375929712e-05
-3.9082050800670395e-05
-3.8565216920914127e-05
-3.7973372607783031e-05
0.0000000000000000e+00
];
