%Vec Object:dSdr_b_aug_5250 1 MPI processes
%  type: seq
dSdr_b_aug_5250 = [
2.3269848190872112e+03
0.0000000000000000e+00
-8.9210316279076543e-07
-3.6819896423516883e-07
-2.2846267486620933e-07
-1.6206841556332587e-07
-1.2153160820911207e-07
-9.6471457289697703e-08
-7.9485786467899272e-08
-6.6701430049240018e-08
-5.7208131911695221e-08
-4.9930718038495948e-08
-4.4004956028136219e-08
-3.9204464779321366e-08
-3.5268794411114849e-08
-3.1950130617576109e-08
-2.9114433375947035e-08
-2.6694944004131205e-08
-2.4620615924361575e-08
-1.5410713366951573e-06
-6.4869265860865956e-04
-7.2024290067910113e-04
-6.8213004176950125e-04
-6.4336664030553595e-04
-6.0033204155190230e-04
-5.5880424925644132e-04
-5.1899893432835623e-04
-4.7880211443776120e-04
-4.3756470794727972e-04
-3.9350126662564288e-04
-3.5472736113894627e-04
-3.1746585988789571e-04
-2.8229343875000858e-04
-2.4520108730350439e-04
-2.1503179259539477e-04
-1.8877429497420609e-04
-1.6580696015939229e-04
-1.4411633592391213e-04
-1.2768751481865656e-04
-1.1522693815893717e-04
-1.0538918682586137e-04
-9.7458689882186535e-05
-9.2517056291822747e-05
-8.9504006784909212e-05
-8.7858548519903582e-05
-8.7472738152541687e-05
-8.7963446481420288e-05
-8.8972101573827001e-05
-9.0427682403967826e-05
-9.2390989292506830e-05
-9.4118528341311208e-05
-9.5929535211914578e-05
-9.7773053650185681e-05
-9.9546907544435665e-05
-1.0103269790145741e-04
-1.0236201951360789e-04
-1.0363721383577169e-04
-1.0466482940498562e-04
-1.0550708084988688e-04
-1.0618517024723562e-04
-1.0679408649741685e-04
-1.0719210049248811e-04
-1.0742852682509829e-04
-1.0761537778241087e-04
-1.0769985333015933e-04
-1.0765018171449525e-04
-1.0753921614635402e-04
-1.0736888207682321e-04
-1.0710937325058503e-04
-1.0679315161968869e-04
-1.0645770167661082e-04
-1.0607008141869971e-04
-1.0564861900386191e-04
-1.0516586011704114e-04
-1.0469048627874633e-04
-1.0418778125365862e-04
-1.0364072553168373e-04
-1.0311353199760770e-04
-1.0257580404598853e-04
-1.0196691650443406e-04
-1.0140122837070136e-04
-1.0083261450644767e-04
-1.0020922921279201e-04
-9.9631935253883638e-05
-9.9058573988050584e-05
-9.8392584512667342e-05
-9.7816011675445780e-05
-9.7220776878414498e-05
-9.6574776562253399e-05
-9.5999479727677871e-05
-9.5389117856858473e-05
-9.4746812605711999e-05
-9.4168269800543516e-05
-9.3537899072283876e-05
-9.2931481101906464e-05
-9.2363174988392804e-05
-9.1706362756032738e-05
-9.1128651087844052e-05
-9.0548875896490877e-05
-8.9881682021138366e-05
-8.9345386344798187e-05
-8.8736736782527023e-05
-8.8118023014677660e-05
-8.7581262729470233e-05
-8.6921781484904787e-05
-8.6368073409373900e-05
-8.5807460876245384e-05
-8.5171927801766772e-05
-8.4644939795557983e-05
-8.4032485489616212e-05
-8.3451816798188328e-05
-8.2919308622253130e-05
-8.2291954108735908e-05
-8.1769353321203508e-05
-8.1177822060349275e-05
-8.0618876666895293e-05
-8.0065337514645830e-05
-7.9478771210053027e-05
-7.8961619271672643e-05
-7.8353212751193616e-05
-7.7844784212036274e-05
-7.7274315257744869e-05
-7.6711449506065214e-05
-7.6212045283827437e-05
-7.5593678475403389e-05
-7.5118100381646458e-05
-7.4527187156083708e-05
-7.4016165264961781e-05
-7.3474314987357969e-05
-7.2929992861721420e-05
-7.2409189743680692e-05
-7.1858770998018252e-05
-7.1366002036487780e-05
-7.0784881467551326e-05
-7.0319127441757385e-05
-6.9738999908933378e-05
-6.9253816887338991e-05
-6.8712634909992354e-05
-6.8198121205489398e-05
-6.7685363921433746e-05
-6.7164493288811853e-05
-6.6659537413006200e-05
-6.6135530197189906e-05
-6.5641511821786034e-05
-6.5098423960261259e-05
-6.4637983353270825e-05
-6.4073026153371957e-05
-6.3627601823910184e-05
-6.3069389174719268e-05
-6.2617829123966478e-05
-6.2067373174754729e-05
-6.1616607430384923e-05
-6.1059219591497356e-05
-6.0625707864366098e-05
-6.0061880559451283e-05
-5.9630413159003873e-05
-5.9078658323062282e-05
-5.8638022757932627e-05
-5.8094901462391987e-05
-5.7649560568867898e-05
-5.7107133948688737e-05
-5.6670949400175553e-05
-5.6127335142371557e-05
-5.5683032859318526e-05
-5.5165227422443017e-05
-5.4695421470805472e-05
-5.4204887575948690e-05
-5.3716294765401871e-05
-5.3234007099740038e-05
-5.2742016794977895e-05
-5.2268165598651350e-05
-5.1765265377669448e-05
-5.1313584620560053e-05
-5.0784678886789226e-05
-5.0348732500998896e-05
-4.9819716678393699e-05
-4.9370482749635822e-05
-4.8868552395728884e-05
-4.8385885150052503e-05
-4.7920175244144603e-05
-4.7403859043962856e-05
-4.6964489081123480e-05
-4.6429752205263381e-05
-4.5979316008980175e-05
-4.5480098346974795e-05
-4.4998711623633899e-05
-4.4525051522175982e-05
-4.4017573623438594e-05
-4.3567937175344000e-05
-4.3035276134903257e-05
-4.2576821796419408e-05
-4.2077629543491607e-05
-4.1584110060629678e-05
-4.1118914336421119e-05
-4.0586398579848753e-05
-4.0120773153615120e-05
-3.9621139193551073e-05
-3.9118637760426928e-05
-3.8647360855780788e-05
-3.8107894149335993e-05
0.0000000000000000e+00
];
