%Vec Object:dSdr_b_aug_450 1 MPI processes
%  type: seq
dSdr_b_aug_450 = [
2.5311899998801209e+03
0.0000000000000000e+00
-3.9729929079761323e-06
-1.6101906583394316e-06
-9.7118147179827956e-07
-6.7795701779267212e-07
-5.0877684741115464e-07
-4.0443698034486983e-07
-3.3372819786771673e-07
-2.7987533313700345e-07
-2.3991215592461954e-07
-2.0930188868258642e-07
-1.8431262581167036e-07
-1.6406559168717555e-07
-1.4747260231078946e-07
-1.3347772446800058e-07
-1.2151587898797658e-07
-1.1131243737451164e-07
-1.0249195654262481e-07
-9.4707972715280898e-08
-8.7889663911986210e-08
-8.1877199333307458e-08
-7.6471848283925023e-08
-7.1639887575065860e-08
-6.7305140562488770e-08
-6.3371389437411057e-08
-5.9794119993600651e-08
-5.6542867333808921e-08
-5.3570204474330822e-08
-5.1145431931332671e-08
-7.8942748902709276e-08
-2.0187536421454705e-06
-4.5538807262557050e-05
-1.8717693535216874e-04
-2.2683605111612092e-04
-2.1429650281270393e-04
-1.9335769063433530e-04
-1.7099819045757699e-04
-1.5353781333884731e-04
-1.4012774495325941e-04
-1.2945785020677394e-04
-1.2081312036250484e-04
-1.1539307415917108e-04
-1.1204825932227330e-04
-1.1017535071597168e-04
-1.0965160770671599e-04
-1.1007439206549054e-04
-1.1105360818565197e-04
-1.1251223127484199e-04
-1.1449389217108220e-04
-1.1623460590229380e-04
-1.1806601082120953e-04
-1.1992025630533196e-04
-1.2169086853219233e-04
-1.2316293761964489e-04
-1.2446178705168749e-04
-1.2568500345224866e-04
-1.2665293293744040e-04
-1.2742561610732257e-04
-1.2801559742506600e-04
-1.2852120606512358e-04
-1.2881411638844678e-04
-1.2893364408779706e-04
-1.2898007006447991e-04
-1.2893591905291653e-04
-1.2874967514066912e-04
-1.2848725227227771e-04
-1.2816073571259777e-04
-1.2774973890349492e-04
-1.2727343387341673e-04
-1.2676739453136308e-04
-1.2622217729757002e-04
-1.2564242323464338e-04
-1.2497204671959583e-04
-1.2433494223682804e-04
-1.2367148394122832e-04
-1.2293387438772866e-04
-1.2224577726881972e-04
-1.2154775259736384e-04
-1.2074362509819192e-04
-1.2001656785945298e-04
-1.1928481100886498e-04
-1.1847170436706805e-04
-1.1773393132633127e-04
-1.1699893227540392e-04
-1.1614147014835131e-04
-1.1540506367111716e-04
-1.1464612614665550e-04
-1.1381657718787407e-04
-1.1308409817906964e-04
-1.1230745737932400e-04
-1.1148594634019197e-04
-1.1075157298461947e-04
-1.0995027104127176e-04
-1.0917569436802850e-04
-1.0845423199028168e-04
-1.0762093320366901e-04
-1.0688178481144242e-04
-1.0614845181752019e-04
-1.0530146340875802e-04
-1.0461380092801294e-04
-1.0384589780015603e-04
-1.0305790541481583e-04
-1.0237183470686142e-04
-1.0153975894838902e-04
-1.0083150954053674e-04
-1.0011815919449749e-04
-9.9313193481965451e-05
-9.8639678506109847e-05
-9.7860785741506868e-05
-9.7123446436053840e-05
-9.6443666845950771e-05
-9.5644600044812809e-05
-9.4980164594342972e-05
-9.4224239118066721e-05
-9.3513093468007664e-05
-9.2808552337342811e-05
-9.2058667170003005e-05
-9.1399401673018303e-05
-9.0624582004698618e-05
-8.9971064552213872e-05
-8.9246139400468754e-05
-8.8526742937218567e-05
-8.7882687691182845e-05
-8.7098975763001525e-05
-8.6484641600137542e-05
-8.5728983384376361e-05
-8.5077217582696312e-05
-8.4376432984731788e-05
-8.3682127320171783e-05
-8.3013001811256751e-05
-8.2304113406058446e-05
-8.1671908481353403e-05
-8.0924149946717843e-05
-8.0322756121095133e-05
-7.9577385212869253e-05
-7.8950980867673591e-05
-7.8253065891925499e-05
-7.7590343508730189e-05
-7.6926859496996783e-05
-7.6253301642072367e-05
-7.5602189975335714e-05
-7.4920294689484763e-05
-7.4282938568455355e-05
-7.3579257729895783e-05
-7.2977266734685625e-05
-7.2250091421852220e-05
-7.1664472058573272e-05
-7.0942306475876184e-05
-7.0354127328716687e-05
-6.9633960167527493e-05
-6.9047775937151423e-05
-6.8319875972512497e-05
-6.7751501501123827e-05
-6.7016072456377375e-05
-6.6448758731810288e-05
-6.5727096069711352e-05
-6.5149007423254390e-05
-6.4436038107137296e-05
-6.3849986198591356e-05
-6.3139308519361446e-05
-6.2559304060232743e-05
-6.1849540906310990e-05
-6.1258845745979342e-05
-6.0575432245850205e-05
-5.9956413300053320e-05
-5.9302640358937536e-05
-5.8659437868346496e-05
-5.8017186494020134e-05
-5.7364655567296644e-05
-5.6734891460389735e-05
-5.6065105505779073e-05
-5.5462661879538040e-05
-5.4758378991021325e-05
-5.4174787886925881e-05
-5.3470012351827136e-05
-5.2867869993667074e-05
-5.2195372628079621e-05
-5.1550536585787236e-05
-5.0920864065284723e-05
-5.0232622856336457e-05
-4.9637173913375406e-05
-4.8919208158368360e-05
-4.8313065860550686e-05
-4.7635139865897510e-05
-4.6987977756299424e-05
-4.6345004511650145e-05
-4.5658698785614221e-05
-4.5047740966903547e-05
-4.4325256559622959e-05
-4.3701949583492317e-05
-4.3023880397368125e-05
-4.2351564458314597e-05
-4.1718108487968611e-05
-4.0991300114069685e-05
-4.0356683478065795e-05
-3.9674787696163273e-05
-3.8988388633285716e-05
-3.8354587500547796e-05
-3.7660716650909245e-05
0.0000000000000000e+00
];
