%Vec Object:dSdr_b_aug_260 1 MPI processes
%  type: seq
dSdr_b_aug_260 = [
2.5745301977644194e+03
0.0000000000000000e+00
-5.6435169275644834e-06
-2.2758569987140312e-06
-1.3626139140382833e-06
-9.4754809869377453e-07
-7.1130179630695291e-07
-5.6569780811956053e-07
-4.6703329892840806e-07
-3.9163683908719759e-07
-3.3569524240141460e-07
-2.9285448747196623e-07
-2.5785773502723518e-07
-2.2950088978008207e-07
-2.0626368376710929e-07
-1.8666370594648999e-07
-1.6990963335509255e-07
-1.5561921665179606e-07
-1.4326618694851763e-07
-1.3236450645124319e-07
-1.2281568317483993e-07
-1.1439577583990487e-07
-1.0682629295298763e-07
-1.0005999485969285e-07
-9.3990163018734601e-08
-8.8482082951273762e-08
-8.3473339830907314e-08
-7.8921190564618541e-08
-7.4756361028938984e-08
-7.0921205485680095e-08
-6.7399813092524431e-08
-6.4155272382353917e-08
-6.1146681671542960e-08
-5.8529504809541240e-08
-5.8527810423121285e-08
-8.4845291381116307e-08
-3.3623959842391227e-07
-1.7971735165909490e-06
-7.9325785750142733e-06
-2.5603823177226442e-05
-5.4130584638052080e-05
-7.9115435016877098e-05
-9.4120621597711834e-05
-1.0198216969731235e-04
-1.0624149731807355e-04
-1.0916562115810708e-04
-1.1157726035029948e-04
-1.1372708080953268e-04
-1.1588521975753364e-04
-1.1828537632833328e-04
-1.2027740646817180e-04
-1.2226107071178696e-04
-1.2420512918573043e-04
-1.2602652553497158e-04
-1.2752595898967963e-04
-1.2883627781851744e-04
-1.3005922496240268e-04
-1.3102105759616757e-04
-1.3178320613117201e-04
-1.3235753873552659e-04
-1.3284365751705624e-04
-1.3311625868886231e-04
-1.3321286720211769e-04
-1.3323154253961744e-04
-1.3316190442835620e-04
-1.3294854436496923e-04
-1.3265601598534996e-04
-1.3229843817480464e-04
-1.3185730559878237e-04
-1.3134914926809168e-04
-1.3080916501975712e-04
-1.3023258682802059e-04
-1.2962133263080434e-04
-1.2891361939772251e-04
-1.2824432956338183e-04
-1.2754888024848544e-04
-1.2677334908336776e-04
-1.2605323088465948e-04
-1.2532330587723532e-04
-1.2448032410981361e-04
-1.2372115310966162e-04
-1.2295692948641827e-04
-1.2210606681784184e-04
-1.2133635714887264e-04
-1.2056919088677682e-04
-1.1967362423346462e-04
-1.1890540959507520e-04
-1.1811389394492809e-04
-1.1724781740724391e-04
-1.1648405791625386e-04
-1.1567432633065791e-04
-1.1481715198640328e-04
-1.1405176714856208e-04
-1.1321644860369845e-04
-1.1240840708030599e-04
-1.1165646543629351e-04
-1.1078804451708313e-04
-1.1001676900433136e-04
-1.0925287685017322e-04
-1.0837010801428524e-04
-1.0765232240253490e-04
-1.0685272682640910e-04
-1.0603104713956982e-04
-1.0531526292897966e-04
-1.0444883999884902e-04
-1.0370983611760037e-04
-1.0296609021680923e-04
-1.0212740658501616e-04
-1.0142473206330881e-04
-1.0061271725275773e-04
-9.9844199770572739e-05
-9.9135112508436519e-05
-9.8301874161699007e-05
-9.7609213004065564e-05
-9.6820572340369554e-05
-9.6079138184980290e-05
-9.5344547023560754e-05
-9.4562160700363979e-05
-9.3874614042923661e-05
-9.3066677460952048e-05
-9.2384286756049341e-05
-9.1628624220506486e-05
-9.0878077544281522e-05
-9.0205236226270446e-05
-8.9388619996006309e-05
-8.8746672921297115e-05
-8.7958229861867130e-05
-8.7278455591560382e-05
-8.6546042538627617e-05
-8.5821889699875666e-05
-8.5123247612854542e-05
-8.4382823283068149e-05
-8.3722870273974747e-05
-8.2941950319717305e-05
-8.2313563913295870e-05
-8.1535309167530713e-05
-8.0880801457273768e-05
-8.0151696227132843e-05
-7.9459480003491150e-05
-7.8766001069163771e-05
-7.8062058170144888e-05
-7.7381861281779047e-05
-7.6668546011037848e-05
-7.6002665538179060e-05
-7.5267026493550473e-05
-7.4636866907829032e-05
-7.3877410059818035e-05
-7.3263891909034157e-05
-7.2509099639539586e-05
-7.1893733434059861e-05
-7.1139793753581741e-05
-7.0526661500590343e-05
-6.9764829751264190e-05
-6.9169617974037205e-05
-6.8400040445648996e-05
-6.7805693822404442e-05
-6.7050219935012046e-05
-6.6444778810879451e-05
-6.5698010358250763e-05
-6.5083957827463001e-05
-6.4339799043625450e-05
-6.3731175620412395e-05
-6.2988350156085375e-05
-6.2368524383627175e-05
-6.1652156562504875e-05
-6.1003446203565868e-05
-6.0317190832099145e-05
-5.9643223469794025e-05
-5.8969142036321192e-05
-5.8284666583833771e-05
-5.7623879259803258e-05
-5.6920886884761835e-05
-5.6288445827816559e-05
-5.5549267755060060e-05
-5.4936300932944299e-05
-5.4196555479966678e-05
-5.3563991509768178e-05
-5.2857559450873837e-05
-5.2180461171225453e-05
-5.1518170822439165e-05
-5.0795729001685919e-05
-5.0169234789690735e-05
-4.9414823490501712e-05
-4.8777715694970421e-05
-4.8064250619912897e-05
-4.7384127946392094e-05
-4.6707496333284556e-05
-4.5985647107102381e-05
-4.5342640296549682e-05
-4.4582450365604599e-05
-4.3926427753387919e-05
-4.3212883133086597e-05
-4.2505154484819590e-05
-4.1838456698667492e-05
-4.1073354795781199e-05
-4.0405715041380168e-05
-3.9688654241849732e-05
-3.8968019579195921e-05
-3.8308525417479991e-05
-3.7619337906315789e-05
0.0000000000000000e+00
];
