%Vec Object:dSdr_b_aug_4820 1 MPI processes
%  type: seq
dSdr_b_aug_4820 = [
2.3378685418188347e+03
0.0000000000000000e+00
-9.5905260373335305e-07
-3.9533353283993442e-07
-2.4487834612568528e-07
-1.7349499574632291e-07
-1.3002917963413081e-07
-1.0316177196515132e-07
-8.4951757655529330e-08
-7.1241869301121627e-08
-6.1062028623711192e-08
-5.3258726977578743e-08
-4.6905150530343273e-08
-4.1758409966130475e-08
-3.7539052965620597e-08
-3.3981504861956735e-08
-3.0942022432325425e-08
-2.8348764954258327e-08
-2.6106798056547945e-08
-3.2342198467727586e-08
-1.4737289948980260e-04
-7.2019911362811780e-04
-6.8501007755934176e-04
-6.4613455202912654e-04
-6.0293417954630888e-04
-5.6125022185991489e-04
-5.2129846729634052e-04
-4.8095568716174692e-04
-4.3957122935256129e-04
-3.9535481599233251e-04
-3.5644705338659015e-04
-3.1905907330828225e-04
-2.8376887443054967e-04
-2.4655363892522354e-04
-2.1628502434883808e-04
-1.8994166723660362e-04
-1.6689946035584644e-04
-1.4513800163335773e-04
-1.2865548119416333e-04
-1.1615394379169731e-04
-1.0628297981591739e-04
-9.8324921956426299e-05
-9.3365031818391073e-05
-9.0339416489337664e-05
-8.8685382443768354e-05
-8.8294377039770545e-05
-8.8782519042301087e-05
-8.9790053524173042e-05
-9.1245728767081876e-05
-9.3209704454434735e-05
-9.4937724761644067e-05
-9.6749483110354704e-05
-9.8593396397926429e-05
-1.0036712867125545e-04
-1.0185240984587362e-04
-1.0318060225611799e-04
-1.0445387105014946e-04
-1.0547927570269911e-04
-1.0631895026276555e-04
-1.0699377609479071e-04
-1.0759886580653607e-04
-1.0799298674814128e-04
-1.0822508314316018e-04
-1.0840673274088674e-04
-1.0848644394778295e-04
-1.0843171367746313e-04
-1.0831513810761562e-04
-1.0813901901252966e-04
-1.0787389904563841e-04
-1.0755174789529517e-04
-1.0720997928544972e-04
-1.0681652160378215e-04
-1.0638919603313299e-04
-1.0589948774396220e-04
-1.0541812336611383e-04
-1.0490946400279338e-04
-1.0435535011756870e-04
-1.0382219667588468e-04
-1.0327853129438699e-04
-1.0266241201132008e-04
-1.0209074672472666e-04
-1.0151609000170693e-04
-1.0088567737596899e-04
-1.0030243922911825e-04
-9.9723090855997307e-05
-9.9050009177846100e-05
-9.8467516058529532e-05
-9.7866217666392886e-05
-9.7213418654363691e-05
-9.6632299747586065e-05
-9.6015778856833501e-05
-9.5366835769560623e-05
-9.4782520955630768e-05
-9.4145818883790421e-05
-9.3533172264449301e-05
-9.2959193197675159e-05
-9.2295843848808805e-05
-9.1712152515378682e-05
-9.1126689496666584e-05
-9.0452835975088789e-05
-8.9910933626316948e-05
-8.9296385252839091e-05
-8.8671401332153076e-05
-8.8129110523524817e-05
-8.7463236303510762e-05
-8.6903803949194507e-05
-8.6337533940050387e-05
-8.5695725006488776e-05
-8.5163309575818997e-05
-8.4544690315870759e-05
-8.3958218474857263e-05
-8.3420255299096978e-05
-8.2786540486003612e-05
-8.2258686077331297e-05
-8.1661065580498608e-05
-8.1096482619646217e-05
-8.0537350284316640e-05
-7.9944734574134409e-05
-7.9422318682437630e-05
-7.8807748141968277e-05
-7.8293945440435932e-05
-7.7717755355356214e-05
-7.7149091631679352e-05
-7.6644329465312217e-05
-7.6019838194621192e-05
-7.5539120507134812e-05
-7.4942105047327419e-05
-7.4425869930747955e-05
-7.3878132647337734e-05
-7.3328255055535530e-05
-7.2801958000294812e-05
-7.2245669457914570e-05
-7.1747735714490648e-05
-7.1160442789931555e-05
-7.0689664592103220e-05
-7.0103416358078334e-05
-6.9613002418319382e-05
-6.9066014962974049e-05
-6.8546011523413372e-05
-6.8027671233544880e-05
-6.7501144976177022e-05
-6.6990775400949579e-05
-6.6460919915976670e-05
-6.5961592219508650e-05
-6.5412555894412617e-05
-6.4946872167379372e-05
-6.4375906304065480e-05
-6.3925289053371362e-05
-6.3361003477857371e-05
-6.2904382955086350e-05
-6.2347640785604460e-05
-6.1891859034819807e-05
-6.1328155303321005e-05
-6.0889648148459687e-05
-6.0319464584002917e-05
-5.9882965316172991e-05
-5.9324916955719474e-05
-5.8879189999273784e-05
-5.8329777384797936e-05
-5.7879224414306039e-05
-5.7330565615539602e-05
-5.6889053822918877e-05
-5.6339285237312120e-05
-5.5889560391048229e-05
-5.5365620642467157e-05
-5.4890287650087531e-05
-5.4393707172544203e-05
-5.3899387402285707e-05
-5.3411174448043732e-05
-5.2913237469891807e-05
-5.2433610995622475e-05
-5.1924529038293987e-05
-5.1467263721722425e-05
-5.0931861676717640e-05
-5.0490446174984992e-05
-4.9954919807286384e-05
-4.9500021718990827e-05
-4.8991773075571988e-05
-4.8503098560660250e-05
-4.8031314878700691e-05
-4.7508629891405656e-05
-4.7063477998788540e-05
-4.6521953427408066e-05
-4.6065748860640857e-05
-4.5559910636085570e-05
-4.5072382175105064e-05
-4.4592449014997936e-05
-4.4078345253846949e-05
-4.3622730910366787e-05
-4.3083035551769415e-05
-4.2618470895159174e-05
-4.2112647462522174e-05
-4.1612497686545906e-05
-4.1141058613038222e-05
-4.0601329497638456e-05
-4.0129417368541192e-05
-3.9622982891518109e-05
-3.9113564416685877e-05
-3.8635971110829641e-05
-3.8089207543310629e-05
0.0000000000000000e+00
];
