%Vec Object:dSdr_b_aug_7340 1 MPI processes
%  type: seq
dSdr_b_aug_7340 = [
2.2993196140616865e+03
0.0000000000000000e+00
-7.4475606142171961e-07
-3.0822972657463092e-07
-1.9198261241331214e-07
-1.3655967624948854e-07
-1.0250683850780168e-07
-8.1448608370189977e-08
-6.7174356042545258e-08
-5.6439702529736204e-08
-4.8467143028005062e-08
-4.2354687167195040e-08
-3.7377246951049311e-08
-3.3344481372496842e-08
-3.0037866041859565e-08
-2.7249135265629441e-08
-2.4865745254020003e-08
-2.2888325479767089e-08
-9.4141272792400480e-06
-7.7015742985937264e-04
-7.4719142656596335e-04
-7.0822349720911450e-04
-6.6993727916603090e-04
-6.3179585455747165e-04
-5.8945687744082706e-04
-5.4858181464106676e-04
-5.0938851593897443e-04
-4.6980170664137893e-04
-4.2917887059433279e-04
-3.8575474415756763e-04
-3.4754026671429184e-04
-3.1080735747986073e-04
-2.7612716397854134e-04
-2.3954838100273668e-04
-2.0979417310979588e-04
-1.8389550744969836e-04
-1.6124108493418285e-04
-1.3984649879123404e-04
-1.2364210293813491e-04
-1.1135271320977439e-04
-1.0165376732177170e-04
-9.3838455699211742e-05
-8.8973121703221926e-05
-8.6012588544434843e-05
-8.4402971044009628e-05
-8.4038872293602825e-05
-8.4540306069944658e-05
-8.5553644528059137e-05
-8.7008830775337702e-05
-8.8969342543981117e-05
-9.0694870262607376e-05
-9.2502736473903756e-05
-9.4344604445786436e-05
-9.6118966008633996e-05
-9.7606883813144103e-05
-9.8940924465246540e-05
-1.0022416607183485e-04
-1.0126102165249199e-04
-1.0211404260098236e-04
-1.0280577134423247e-04
-1.0343067977228687e-04
-1.0384496393428554e-04
-1.0409948630324482e-04
-1.0430807522619409e-04
-1.0441246231266508e-04
-1.0438393226141193e-04
-1.0429641249985435e-04
-1.0415025571418755e-04
-1.0391419745765733e-04
-1.0362275699588349e-04
-1.0331371458338861e-04
-1.0295049060210917e-04
-1.0255353200673944e-04
-1.0209981668216994e-04
-1.0164947903906542e-04
-1.0117165891415074e-04
-1.0065410130054448e-04
-1.0015181594416144e-04
-9.9638902229917740e-05
-9.9060238233126115e-05
-9.8519530351965154e-05
-9.7976171345039487e-05
-9.7382155311080373e-05
-9.6829703836319987e-05
-9.6281364427575907e-05
-9.5645015326949911e-05
-9.5093185065669379e-05
-9.4523291792008364e-05
-9.3905705200644532e-05
-9.3354740495337616e-05
-9.2770118957269756e-05
-9.2155555152074472e-05
-9.1601135247435395e-05
-9.0997225043831683e-05
-9.0416838407505540e-05
-8.9872241213509950e-05
-8.9242749491896399e-05
-8.8690028582748208e-05
-8.8134024474919358e-05
-8.7494663198583913e-05
-8.6981799435963770e-05
-8.6397802730033750e-05
-8.5805293772823433e-05
-8.5291647170808785e-05
-8.4658884049080795e-05
-8.4129099417581799e-05
-8.3592131140477148e-05
-8.2982826726078640e-05
-8.2478521523672845e-05
-8.1891832373579533e-05
-8.1335416751835115e-05
-8.0825706626141335e-05
-8.0224933675731981e-05
-7.9724289318751503e-05
-7.9158206767611987e-05
-7.8622822429162242e-05
-7.8092658837264567e-05
-7.7531374780726703e-05
-7.7036222456020875e-05
-7.6453577191665185e-05
-7.5967608862914947e-05
-7.5421050202167722e-05
-7.4882415886365607e-05
-7.4405404095224245e-05
-7.3812633222307018e-05
-7.3358535010557881e-05
-7.2793124824192194e-05
-7.2303890545055073e-05
-7.1786643805173147e-05
-7.1265539616981703e-05
-7.0767697289496253e-05
-7.0241810162087205e-05
-6.9770626356381601e-05
-6.9215301889706329e-05
-6.8770545371677120e-05
-6.8215998064112486e-05
-6.7752676604882430e-05
-6.7235757444822523e-05
-6.6744186976602126e-05
-6.6254762735758348e-05
-6.5757528643485135e-05
-6.5275198232688837e-05
-6.4775632677365049e-05
-6.4303803542241993e-05
-6.3785576086386535e-05
-6.3347048049395993e-05
-6.2807202851872964e-05
-6.2383481300684653e-05
-6.1850649231536600e-05
-6.1420238419686789e-05
-6.0896054473007398e-05
-6.0466252137926416e-05
-5.9935260316743226e-05
-5.9522626000343525e-05
-5.8985363425060403e-05
-5.8574925734284069e-05
-5.8049473447538653e-05
-5.7630116368429787e-05
-5.7113288413281356e-05
-5.6689730396196743e-05
-5.6173349962499578e-05
-5.5759429619082557e-05
-5.5241536199706681e-05
-5.4819896502448075e-05
-5.4327728266127034e-05
-5.3881021560349339e-05
-5.3415758239513233e-05
-5.2951100216459143e-05
-5.2493576225000814e-05
-5.2026438982309744e-05
-5.1576724551865637e-05
-5.1099659824189020e-05
-5.0671318802484415e-05
-5.0169563307553740e-05
-4.9756474234543856e-05
-4.9254668196564987e-05
-4.8829106792177264e-05
-4.8353582807523178e-05
-4.7896022135016405e-05
-4.7455696811077709e-05
-4.6965998203833083e-05
-4.6550793264229715e-05
-4.6044424910934422e-05
-4.5618097299184635e-05
-4.5146549943339726e-05
-4.4690832574330049e-05
-4.4243390910179860e-05
-4.3763606257764193e-05
-4.3338955447689489e-05
-4.2835695769265436e-05
-4.2402781965757478e-05
-4.1931308334204403e-05
-4.1465505650081848e-05
-4.1026412562143326e-05
-4.0524058546210205e-05
-4.0084731537882406e-05
-3.9613563288364562e-05
-3.9140064540561936e-05
-3.8695450728898603e-05
-3.8187887741260499e-05
0.0000000000000000e+00
];
