%Vec Object:dSdr_b_aug_4340 1 MPI processes
%  type: seq
dSdr_b_aug_4340 = [
2.3449633519143713e+03
0.0000000000000000e+00
-1.0070986222625685e-06
-4.1550226329771984e-07
-2.5754062781773367e-07
-1.8265538788025172e-07
-1.3710625404744364e-07
-1.0895076116440499e-07
-8.9866231542003025e-08
-7.5485115751440856e-08
-6.4805915530421125e-08
-5.6619715448943091e-08
-4.9950552044733509e-08
-4.4547112295589893e-08
-4.0117047237286347e-08
-3.6380752795360940e-08
-3.3187431717541568e-08
-3.0462715202467944e-08
-2.8106681102142872e-08
-2.6341767001040838e-08
-1.2268679352746484e-05
-6.9615097564305916e-04
-6.8852502541622018e-04
-6.4977786702544692e-04
-6.0636391977297833e-04
-5.6447423968063301e-04
-5.2432946767922122e-04
-4.8379429838833104e-04
-4.4221601313707286e-04
-3.9779796826286596e-04
-3.5871376940153969e-04
-3.2115907834969772e-04
-2.8571363734911711e-04
-2.4833642911450059e-04
-2.1793690162445753e-04
-1.9148037363991556e-04
-1.6833947834494882e-04
-1.4648465311707098e-04
-1.2993135191256209e-04
-1.1737582440335909e-04
-1.0746108304377199e-04
-9.9466697306897092e-05
-9.4482743321573585e-05
-9.1440565055322999e-05
-8.9775227321743108e-05
-8.9377374367423693e-05
-8.9862133706668622e-05
-9.0868191114481023e-05
-9.2323990798272993e-05
-9.4288848021410081e-05
-9.6017502668815872e-05
-9.7830251532833153e-05
-9.9674685332491245e-05
-1.0144825744995378e-04
-1.0293286761562726e-04
-1.0425957159047498e-04
-1.0553030223576756e-04
-1.0655279257884837e-04
-1.0738907047389160e-04
-1.0805959461783777e-04
-1.0865964059016150e-04
-1.0904863011948411e-04
-1.0927501924799859e-04
-1.0944981296338578e-04
-1.0952324431973006e-04
-1.0946184626575631e-04
-1.0933787618513614e-04
-1.0915413188143640e-04
-1.0888161590273700e-04
-1.0855164908747440e-04
-1.0820155188003576e-04
-1.0780039992433549e-04
-1.0736534616243033e-04
-1.0686647790711170e-04
-1.0637721743438450e-04
-1.0586070969292775e-04
-1.0529729248463748e-04
-1.0475628332394281e-04
-1.0420479185126851e-04
-1.0357914045278777e-04
-1.0299959671643558e-04
-1.0241697493716282e-04
-1.0177729962688950e-04
-1.0118622648130450e-04
-1.0059898653767007e-04
-9.9916556669432240e-05
-9.9326260061542983e-05
-9.8716969280857029e-05
-9.8055208948445632e-05
-9.7466416003030423e-05
-9.6841776944922125e-05
-9.6184084565568143e-05
-9.5592161701369988e-05
-9.4947114323456705e-05
-9.4326257759182736e-05
-9.3744801206671648e-05
-9.3072835323705381e-05
-9.2481262229341944e-05
-9.1888302119470458e-05
-9.1205670558151667e-05
-9.0656378088060772e-05
-9.0034054527318098e-05
-8.9400805956587538e-05
-8.8851225398979992e-05
-8.8176924637214414e-05
-8.7609947146160703e-05
-8.7036220052655769e-05
-8.6386138947757335e-05
-8.5846569662280974e-05
-8.5219824414317830e-05
-8.4625703477522664e-05
-8.4080550100072666e-05
-8.3438451815206352e-05
-8.2903672640896503e-05
-8.2298025959569405e-05
-8.1726012155908438e-05
-8.1159507480457966e-05
-8.0558918086045159e-05
-8.0029563810015685e-05
-7.9406868512824151e-05
-7.8885982161096377e-05
-7.8302251088903463e-05
-7.7725945094161099e-05
-7.7214120654846326e-05
-7.6581556768360139e-05
-7.6094064614299839e-05
-7.5489005837306355e-05
-7.4965899200698491e-05
-7.4410402291477963e-05
-7.3853202074280119e-05
-7.3319663494641858e-05
-7.2755638009753607e-05
-7.2250896599598678e-05
-7.1655467931553874e-05
-7.1178067404057584e-05
-7.0583751512010010e-05
-7.0086442731855523e-05
-6.9531803112334105e-05
-6.9004563687509679e-05
-6.8478864472824478e-05
-6.7944883572111580e-05
-6.7427378233895826e-05
-6.6889814182242923e-05
-6.6383488303404647e-05
-6.5826611346146818e-05
-6.5354016696017044e-05
-6.4775130851655238e-05
-6.4317668844771927e-05
-6.3745378583822732e-05
-6.3282087885571645e-05
-6.2717059889400489e-05
-6.2254666573167828e-05
-6.1682637904305384e-05
-6.1237546308888884e-05
-6.0658984599914079e-05
-6.0215852860927611e-05
-5.9649509046948756e-05
-5.9197071161560601e-05
-5.8639366001085707e-05
-5.8181943027026792e-05
-5.7625069635253853e-05
-5.7176536038431751e-05
-5.6618655474984876e-05
-5.6161783185592977e-05
-5.5629757842903380e-05
-5.5147139696916692e-05
-5.4642589261118642e-05
-5.4140720826171430e-05
-5.3644697791657968e-05
-5.3138922546657629e-05
-5.2651683721448254e-05
-5.2134453663619101e-05
-5.1669827382529571e-05
-5.1125862599607719e-05
-5.0677238300766248e-05
-5.0133130435960091e-05
-4.9670766467506180e-05
-4.9154189740993036e-05
-4.8657597098885464e-05
-4.8177807629802685e-05
-4.7646728006072043e-05
-4.7193955013227205e-05
-4.6643483652395809e-05
-4.6179675867010740e-05
-4.5665111161180904e-05
-4.5169487362966397e-05
-4.4681285782320851e-05
-4.4158448585631538e-05
-4.3694954905179125e-05
-4.3145987770030389e-05
-4.2673369288649014e-05
-4.2158805536214831e-05
-4.1649916683026856e-05
-4.1170248677594691e-05
-4.0621012268399874e-05
-4.0140814632897860e-05
-3.9625418169074218e-05
-3.9106886056078926e-05
-3.8620977412145570e-05
-3.8064650249008298e-05
0.0000000000000000e+00
];
