%Vec Object:dSdr_b_aug_9760 1 MPI processes
%  type: seq
dSdr_b_aug_9760 = [
2.2744970039209929e+03
0.0000000000000000e+00
-6.3569042709063381e-07
-2.6348716320653508e-07
-1.6449514343982864e-07
-1.1717052727423403e-07
-8.7952260065904387e-08
-6.9879804116671011e-08
-5.7629286549613810e-08
-4.8426029984191774e-08
-4.1590308089993031e-08
-3.6348979166289521e-08
-3.2081945534145847e-08
-2.8624768933567648e-08
-2.5789959380704803e-08
-2.3399169432940573e-08
-2.1385217609556867e-08
-1.1404111846838999e-05
-8.0686829277128766e-04
-7.7721100924490214e-04
-7.3540167736706565e-04
-6.9690233456522958e-04
-6.5918579081316263e-04
-6.2160182332711953e-04
-5.7987586573249826e-04
-5.3957586132700791e-04
-5.0092174837631153e-04
-4.6187235773121894e-04
-4.2179095755614095e-04
-3.7893006681947837e-04
-3.4120844485739508e-04
-3.0494122460007604e-04
-2.7069468309827302e-04
-2.3456835337644035e-04
-2.0517983680838679e-04
-1.7959730212569941e-04
-1.5721855536947836e-04
-1.3608477880981614e-04
-1.2007810166859646e-04
-1.0793952770729903e-04
-9.8362869294371964e-05
-9.0649035611706786e-05
-8.5850921262878253e-05
-8.2936654736955238e-05
-8.1358612704260147e-05
-8.1013641664639220e-05
-8.1524524357316438e-05
-8.2541988675593659e-05
-8.3996827127800605e-05
-8.5954876241443347e-05
-8.7678631835212917e-05
-8.9483730994244597e-05
-9.1324144825936639e-05
-9.3098953630805977e-05
-9.4588745701883011e-05
-9.5926943811514026e-05
-9.7217275056050989e-05
-9.8262271066667595e-05
-9.9124779926697750e-05
-9.9828524909983447e-05
-1.0046752242092524e-04
-1.0089614057442290e-04
-1.0116660552428496e-04
-1.0139434556413702e-04
-1.0151627468785201e-04
-1.0150637032547550e-04
-1.0143950628787167e-04
-1.0131464965710396e-04
-1.0109925132141605e-04
-1.0082964303732256e-04
-1.0054386562534007e-04
-1.0020213473233733e-04
-9.9826763970564629e-05
-9.9398635988040497e-05
-9.8970355201293789e-05
-9.8514458642165410e-05
-9.8022888825702076e-05
-9.7542547542857282e-05
-9.7051495140969475e-05
-9.6499458050357164e-05
-9.5980757740984703e-05
-9.5459648232438154e-05
-9.4891506480799002e-05
-9.4360941204305016e-05
-9.3834646021272267e-05
-9.3224410055296739e-05
-9.2694377973512397e-05
-9.2146810551435726e-05
-9.1554256417714547e-05
-9.1024728289060381e-05
-9.0462783953390745e-05
-8.9872660329120494e-05
-8.9339492671031162e-05
-8.8758894158250527e-05
-8.8201441096354569e-05
-8.7677731432259426e-05
-8.7072309048390160e-05
-8.6541604968396569e-05
-8.6006543157018931e-05
-8.5391702367738022e-05
-8.4899482093425173e-05
-8.4337204525736627e-05
-8.3767781977583556e-05
-8.3274498504847823e-05
-8.2665274019682049e-05
-8.2156565915879673e-05
-8.1640428202173248e-05
-8.1054231208251207e-05
-8.0569909530952432e-05
-8.0005919454661853e-05
-7.9470870760537171e-05
-7.8981245691988952e-05
-7.8403891069319772e-05
-7.7922590303534966e-05
-7.7378928037613638e-05
-7.6864300962734350e-05
-7.6354731213852293e-05
-7.5815720790067882e-05
-7.5339950100955096e-05
-7.4780000474979728e-05
-7.4313819567071846e-05
-7.3788325848814056e-05
-7.3271039401556382e-05
-7.2813755317844276e-05
-7.2243534436183845e-05
-7.1808359977206898e-05
-7.1265417940614154e-05
-7.0795378524094937e-05
-7.0299807474257813e-05
-6.9799158263877820e-05
-6.9321544368119872e-05
-6.8817269569911452e-05
-6.8365102263368197e-05
-6.7832504134979554e-05
-6.7406246398918831e-05
-6.6874235242345200e-05
-6.6430173796315880e-05
-6.5934630152407722e-05
-6.5463272651017980e-05
-6.4994404796524040e-05
-6.4517994471306538e-05
-6.4055597071397473e-05
-6.3577564593200972e-05
-6.3125284155607670e-05
-6.2628958691073478e-05
-6.2209735605550079e-05
-6.1692014055951774e-05
-6.1287412630125961e-05
-6.0776940825712417e-05
-6.0365162471873976e-05
-5.9864124132339947e-05
-5.9452790539806522e-05
-5.8945053583249626e-05
-5.8550812245004024e-05
-5.8036953169649835e-05
-5.7645042632506549e-05
-5.7142762865329435e-05
-5.6742152111880227e-05
-5.6248488563697176e-05
-5.5844121240033220e-05
-5.5350687471399601e-05
-5.4956381871825665e-05
-5.4461148486726725e-05
-5.4059474506767224e-05
-5.3589892620369781e-05
-5.3163536329542632e-05
-5.2720536361672412e-05
-5.2276964865515039e-05
-5.1841257649589063e-05
-5.1396015933488219e-05
-5.0967565973944579e-05
-5.0513262294671262e-05
-5.0105483561947770e-05
-4.9627647406011671e-05
-4.9234695609474783e-05
-4.8756861371745041e-05
-4.8352155445959240e-05
-4.7899895455238547e-05
-4.7464453658799699e-05
-4.7046492137504505e-05
-4.6580243615697857e-05
-4.6186328051657970e-05
-4.5704952354176797e-05
-4.5299864399338316e-05
-4.4852694575597901e-05
-4.4419591904990248e-05
-4.3995248683730938e-05
-4.3539861783016602e-05
-4.3137223328647829e-05
-4.2659866258939593e-05
-4.2249453685155668e-05
-4.1802400181448977e-05
-4.1361016026089085e-05
-4.0944919397677896e-05
-4.0469137909806488e-05
-4.0052979835807531e-05
-3.9606889846322549e-05
-3.9158942204213677e-05
-3.8737817239558732e-05
-3.8258350507578743e-05
0.0000000000000000e+00
];
