%Vec Object:dSdr_b_aug_3230 1 MPI processes
%  type: seq
dSdr_b_aug_3230 = [
2.3692472729111423e+03
0.0000000000000000e+00
-1.1891606502464251e-06
-4.8944101828958400e-07
-3.0231427065761816e-07
-2.1391044186309499e-07
-1.6047197377036325e-07
-1.2744888862889892e-07
-1.0506606403279090e-07
-8.8183575461078372e-08
-7.5648451229258121e-08
-6.6040641658856727e-08
-5.8212835663672870e-08
-5.1871107757363637e-08
-4.6672197203942461e-08
-4.2287910104952556e-08
-3.8541211221030149e-08
-3.5344557026444783e-08
-3.2580678410798620e-08
-3.0141513167427894e-08
-2.8210125280087550e-08
-4.4259940406893451e-06
-6.0333546528300265e-04
-6.5807062260958777e-04
-6.1544671000868169e-04
-5.7304127267690616e-04
-5.3238448709984083e-04
-4.9133807011199630e-04
-4.4924467924976956e-04
-4.0429078703970708e-04
-3.6473769857178312e-04
-3.2673996340094121e-04
-2.9088195741592225e-04
-2.5307429720818737e-04
-2.2232686101576014e-04
-1.9556957483566730e-04
-1.7216640931959248e-04
-1.5006345714718402e-04
-1.3332205192295013e-04
-1.2062304255292620e-04
-1.1059196024263414e-04
-1.0250103105560964e-04
-9.7453126004034697e-05
-9.4366930783776806e-05
-9.2671552861811366e-05
-9.2255502168952204e-05
-9.2731271910394662e-05
-9.3733403935187414e-05
-9.5189534355021995e-05
-9.7156734337684698e-05
-9.8887074805346573e-05
-1.0070245604442901e-04
-1.0254827315693488e-04
-1.0432141967057037e-04
-1.0580424660885742e-04
-1.0712699519627110e-04
-1.0839098086113444e-04
-1.0940572653513388e-04
-1.1023297779056433e-04
-1.1089206983513325e-04
-1.1147871167027601e-04
-1.1185406407272577e-04
-1.1206528571372070e-04
-1.1222185943300700e-04
-1.1227860163625571e-04
-1.1219948347856068e-04
-1.1205586197879055e-04
-1.1185185317491797e-04
-1.1155968186930358e-04
-1.1120894447440526e-04
-1.1083671353885763e-04
-1.1041511360653098e-04
-1.0995952173092278e-04
-1.0943631033657763e-04
-1.0892606553615337e-04
-1.0838870027704381e-04
-1.0780055894988031e-04
-1.0723867276250665e-04
-1.0666638300055869e-04
-1.0601539945390720e-04
-1.0541491828222666e-04
-1.0481112890565604e-04
-1.0414683747531002e-04
-1.0353494236748608e-04
-1.0292673011903599e-04
-1.0221945689440376e-04
-1.0160842206440050e-04
-1.0097789104878344e-04
-1.0029231548861462e-04
-9.9683128341591533e-05
-9.9036914783774642e-05
-9.8355970654094118e-05
-9.7743828956021775e-05
-9.7076603443935070e-05
-9.6433928475678004e-05
-9.5832600071864133e-05
-9.5137735250410395e-05
-9.4525215919905891e-05
-9.3912331856052476e-05
-9.3206372145486277e-05
-9.2637439999937094e-05
-9.1994453426139789e-05
-9.1339241064266911e-05
-9.0770287571717171e-05
-9.0073592781950482e-05
-8.9486563648002394e-05
-8.8893018915701868e-05
-8.8220954030896837e-05
-8.7662372956759269e-05
-8.7014032419455959e-05
-8.6399583562060393e-05
-8.5835321801740536e-05
-8.5170943949120759e-05
-8.4617761803484979e-05
-8.3990785066071166e-05
-8.3399023361197598e-05
-8.2812926258844465e-05
-8.2191146330430032e-05
-8.1643352890012314e-05
-8.0999065574535793e-05
-8.0459354005713886e-05
-7.9855582316678059e-05
-7.9258966537121042e-05
-7.8728373691494303e-05
-7.8074356353408287e-05
-7.7568860654925041e-05
-7.6942426288999186e-05
-7.6401058182258750e-05
-7.5824939609990994e-05
-7.5248279083566419e-05
-7.4695495725056208e-05
-7.4110908858596489e-05
-7.3588075671138708e-05
-7.2971025784147078e-05
-7.2476026022922575e-05
-7.1860269852413493e-05
-7.1344637624771233e-05
-7.0769661925367070e-05
-7.0223192439959227e-05
-6.9677936445257198e-05
-6.9124144386603379e-05
-6.8587675333143817e-05
-6.8029625306745303e-05
-6.7504701340209442e-05
-6.6926987435365112e-05
-6.6436026593258153e-05
-6.5836092925824802e-05
-6.5360440568210519e-05
-6.4766877376136271e-05
-6.4285860284057477e-05
-6.3698812206066697e-05
-6.3218848254086089e-05
-6.2624695562657969e-05
-6.2162105415639954e-05
-6.1561278281041632e-05
-6.1100520344193224e-05
-6.0512130858320036e-05
-6.0041858266344933e-05
-5.9462115158107294e-05
-5.8986434724370021e-05
-5.8407730546037325e-05
-5.7940536066937447e-05
-5.7361097418685811e-05
-5.6885230349740233e-05
-5.6331717033755958e-05
-5.5829738129061152e-05
-5.5304007023110593e-05
-5.4782077526555493e-05
-5.4265298699482998e-05
-5.3738692749820866e-05
-5.3231223599758682e-05
-5.2692339425450287e-05
-5.2208150881455352e-05
-5.1641430044754624e-05
-5.1173647860935166e-05
-5.0606734070092597e-05
-5.0124528981964063e-05
-4.9585819767183274e-05
-4.9068184102711569e-05
-4.8567118631418238e-05
-4.8013729592113215e-05
-4.7540702875457051e-05
-4.6966454659024077e-05
-4.6482440596450349e-05
-4.5944684424931646e-05
-4.5427546398087532e-05
-4.4917370526265090e-05
-4.4371323122376728e-05
-4.3886888906783473e-05
-4.3313280540658463e-05
-4.2819257325767131e-05
-4.2281464020801808e-05
-4.1749348285917924e-05
-4.1247808133102612e-05
-4.0673300517331535e-05
-4.0171075443497477e-05
-3.9631846980958663e-05
-3.9089062774867496e-05
-3.8580965036179460e-05
-3.7998737747067739e-05
0.0000000000000000e+00
];
