%Vec Object:dSdr_b_aug_1310 1 MPI processes
%  type: seq
dSdr_b_aug_1310 = [
2.4449130213739559e+03
0.0000000000000000e+00
-2.0461073977462731e-06
-8.3652942432618928e-07
-5.1135543743389380e-07
-3.5960395278590968e-07
-2.6974612805558958e-07
-2.1426403426045915e-07
-1.7666119030718332e-07
-1.4818520647058541e-07
-1.2704756341139291e-07
-1.1085105292010113e-07
-9.7644466221997999e-08
-8.6944989586681358e-08
-7.8175014547039892e-08
-7.0779066533817729e-08
-6.4458462432792598e-08
-5.9066397920751368e-08
-5.4404799947687833e-08
-5.0291157663394507e-08
-4.6687542293897656e-08
-4.3509561404273129e-08
-4.0652315401426639e-08
-3.8099928107372306e-08
-4.0880883908363261e-08
-8.7083232085296273e-06
-4.1877926470216436e-04
-5.0708234443416181e-04
-4.6915112687996938e-04
-4.2301176176661582e-04
-3.8213362201915357e-04
-3.4285918477746096e-04
-3.0580992689326623e-04
-2.6675902611228024e-04
-2.3500671245947776e-04
-2.0738072728772585e-04
-1.8322002829475000e-04
-1.6040039324751834e-04
-1.4311567350050062e-04
-1.3000223491603440e-04
-1.1963511639299363e-04
-1.1126533351093508e-04
-1.0603271361400519e-04
-1.0281938063391926e-04
-1.0103723502451670e-04
-1.0056862202168003e-04
-1.0101842598869445e-04
-1.0200921958831250e-04
-1.0346630485137734e-04
-1.0544027116260923e-04
-1.0717548051045786e-04
-1.0899846465371678e-04
-1.1084827693540387e-04
-1.1262019381640759e-04
-1.1409786982453175e-04
-1.1540919349333218e-04
-1.1665369687077954e-04
-1.1764607280301750e-04
-1.1844725157584971e-04
-1.1907332351886371e-04
-1.1962124926459155e-04
-1.1995721261518563e-04
-1.2012462494923425e-04
-1.2022857257154127e-04
-1.2023711032076512e-04
-1.2010680993764020e-04
-1.1990642784830656e-04
-1.1964388761244740e-04
-1.1929494413647347e-04
-1.1888421331517050e-04
-1.1844805168049409e-04
-1.1796739013973821e-04
-1.1745247631400821e-04
-1.1685895264355132e-04
-1.1628809707655557e-04
-1.1569048733316869e-04
-1.1503093333929080e-04
-1.1440874633100669e-04
-1.1377638317753713e-04
-1.1305223076712859e-04
-1.1239127430905128e-04
-1.1172634485770468e-04
-1.1099095273555240e-04
-1.1031891588628989e-04
-1.0965012765441347e-04
-1.0887109740822642e-04
-1.0820016272128672e-04
-1.0750828185289332e-04
-1.0675391890197080e-04
-1.0608582556897371e-04
-1.0537729668749562e-04
-1.0462919271013660e-04
-1.0395865136400700e-04
-1.0322736701545827e-04
-1.0252167224810312e-04
-1.0186294642011405e-04
-1.0110194084079356e-04
-1.0042892089902995e-04
-9.9758488958903331e-05
-9.8985148785253732e-05
-9.8359489868016917e-05
-9.7656820787280903e-05
-9.6938168829988021e-05
-9.6313259103823464e-05
-9.5551882036708463e-05
-9.4906936309669787e-05
-9.4256150876775917e-05
-9.3520588668247990e-05
-9.2907094492455361e-05
-9.2196378740121143e-05
-9.1523215303673976e-05
-9.0903761445975046e-05
-9.0175031931529764e-05
-8.9568695184375554e-05
-8.8880109332798636e-05
-8.8231308370112746e-05
-8.7588621079715424e-05
-8.6905635034929964e-05
-8.6304582463363693e-05
-8.5597929399992256e-05
-8.5003843639680602e-05
-8.4342187234489618e-05
-8.3686909282604355e-05
-8.3102106344008623e-05
-8.2386123503740567e-05
-8.1828626924504216e-05
-8.1140451958100447e-05
-8.0546337992140295e-05
-7.9910656444605947e-05
-7.9277787370946674e-05
-7.8669418000815915e-05
-7.8025442286216399e-05
-7.7450353394201745e-05
-7.6770853462225925e-05
-7.6225020654400847e-05
-7.5547337072614382e-05
-7.4978780008792934e-05
-7.4345066245785815e-05
-7.3743053299259376e-05
-7.3141310161610286e-05
-7.2530296228372559e-05
-7.1939053038035095e-05
-7.1321832028253603e-05
-7.0743190008713160e-05
-7.0105291397109669e-05
-6.9561282319175667e-05
-6.8900554877736472e-05
-6.8372362198670011e-05
-6.7717355057331913e-05
-6.7185137748214515e-05
-6.6534487694630337e-05
-6.6003773438915193e-05
-6.5345718581483019e-05
-6.4832586365853393e-05
-6.4167448674388764e-05
-6.3655780014195242e-05
-6.3003714740843923e-05
-6.2481929217103003e-05
-6.1838532677156182e-05
-6.1310118292303261e-05
-6.0668359096416715e-05
-6.0147265489540832e-05
-5.9505559554859255e-05
-5.8974829010684917e-05
-5.8359250994225683e-05
-5.7801351620674950e-05
-5.7214443515806903e-05
-5.6634570925102096e-05
-5.6057842424785951e-05
-5.5471070501561692e-05
-5.4905169577907343e-05
-5.4303741284945467e-05
-5.3763050772365695e-05
-5.3130603241408812e-05
-5.2607487336336311e-05
-5.1974703099780058e-05
-5.1435191197997530e-05
-5.0832557070320270e-05
-5.0254143524965815e-05
-4.9691627534150541e-05
-4.9073803468752457e-05
-4.8542279732448201e-05
-4.7899358946204875e-05
-4.7356986083577841e-05
-4.6752249609483767e-05
-4.6172976776691775e-05
-4.5599338572869971e-05
-4.4986260795913083e-05
-4.4441354097326056e-05
-4.3796587485658217e-05
-4.3240758541429978e-05
-4.2635895214820419e-05
-4.2036726874602265e-05
-4.1472062484604966e-05
-4.0824639500290288e-05
-4.0258916943122993e-05
-3.9651081612229111e-05
-3.9038735411869708e-05
-3.8467916230424317e-05
-3.7818160500642280e-05
0.0000000000000000e+00
];
