%Vec Object:dSdr_b_aug_4550 1 MPI processes
%  type: seq
dSdr_b_aug_4550 = [
2.3421926766219322e+03
0.0000000000000000e+00
-9.8848785591569792e-07
-4.0787499813683064e-07
-2.5287166021822930e-07
-1.7936292638062761e-07
-1.3462406007849116e-07
-1.0696880876514376e-07
-8.8223402296005137e-08
-7.4100023906611656e-08
-6.3612187828623934e-08
-5.5572615806837267e-08
-4.9023266922274494e-08
-4.3716961319734461e-08
-3.9366527594215089e-08
-3.5697455972403208e-08
-3.2561653636346878e-08
-2.9886018339180506e-08
-2.7572445982620247e-08
-2.6634990396242929e-08
-3.6978483234272249e-05
-7.1401241856554527e-04
-6.8702650267742744e-04
-6.4814345791731800e-04
-6.0482401617125553e-04
-5.6302667139136590e-04
-5.2296856230784315e-04
-4.8251977484597980e-04
-4.4102851725122503e-04
-3.9670100403296803e-04
-3.5769602426825230e-04
-3.2021618570615121e-04
-2.8484044773343720e-04
-2.4753596454364830e-04
-2.1719521637742558e-04
-1.9078950161864909e-04
-1.6769291699020728e-04
-1.4588001291772993e-04
-1.2935849196815484e-04
-1.1682720577959085e-04
-1.0693212027126818e-04
-9.8954045588586496e-05
-9.3980896157882715e-05
-9.0946154568146171e-05
-8.9285892129650058e-05
-8.8891113682706464e-05
-8.9377391809659161e-05
-9.0384112404113233e-05
-9.1839856201497911e-05
-9.3804317606109759e-05
-9.5532687425965780e-05
-9.7344991541991303e-05
-9.9189191623726098e-05
-1.0096283564087186e-04
-1.0244774707786327e-04
-1.0377511931180523e-04
-1.0504698951942909e-04
-1.0607078840013017e-04
-1.0690859142382892e-04
-1.0758104700077241e-04
-1.0818335758421279e-04
-1.0857465108975766e-04
-1.0880360275088670e-04
-1.0898147472248197e-04
-1.0905772569961201e-04
-1.0899932144692946e-04
-1.0887867146505004e-04
-1.0869835084261015e-04
-1.0842915563697564e-04
-1.0810269801733675e-04
-1.0775634031014339e-04
-1.0735864304638885e-04
-1.0692705920524230e-04
-1.0643230373135128e-04
-1.0594658856757293e-04
-1.0543360471058551e-04
-1.0487436465063075e-04
-1.0433688267061027e-04
-1.0378890507590097e-04
-1.0316753355275956e-04
-1.0259152720330230e-04
-1.0201248169691434e-04
-1.0137696528893586e-04
-1.0078941002108836e-04
-1.0020571335575098e-04
-9.9527480781601513e-05
-9.8940687903712927e-05
-9.8334985668332880e-05
-9.7677248927373553e-05
-9.7091901589655726e-05
-9.6470907551106264e-05
-9.5817143563566641e-05
-9.5228636678699213e-05
-9.4587336304751362e-05
-9.3970165967934881e-05
-9.3392066771954979e-05
-9.2723969673255956e-05
-9.2135935453263379e-05
-9.1546341502776545e-05
-9.0867651241139597e-05
-9.0321676901484034e-05
-8.9702844365331034e-05
-8.9073306587044955e-05
-8.8526999095639986e-05
-8.7856481815053059e-05
-8.7292892058245621e-05
-8.6722513163882685e-05
-8.6076146228635571e-05
-8.5539788993656333e-05
-8.4916692279752930e-05
-8.4326005754560299e-05
-8.3784080747326546e-05
-8.3145746605724812e-05
-8.2614076622114773e-05
-8.2012033663756502e-05
-8.1443356277295697e-05
-8.0880161751675610e-05
-8.0283152507989626e-05
-7.9756913537668648e-05
-7.9137866222214344e-05
-7.8620160400042941e-05
-7.8039815199745872e-05
-7.7466940553032871e-05
-7.6958287045183877e-05
-7.6329347729753690e-05
-7.5844897283526479e-05
-7.5243449922828809e-05
-7.4723428570817963e-05
-7.4171415701856217e-05
-7.3617503313792713e-05
-7.3087216149375417e-05
-7.2526664520372244e-05
-7.2024979725489796e-05
-7.1433203973458585e-05
-7.0958776845953905e-05
-7.0368083300119164e-05
-6.9873870276356147e-05
-6.9322666448438819e-05
-6.8798675952873564e-05
-6.8276280866919425e-05
-6.7745647072333957e-05
-6.7231345664561557e-05
-6.6697242729895078e-05
-6.6194059008819949e-05
-6.5640702465835854e-05
-6.5171210794893127e-05
-6.4595880992656432e-05
-6.4141492256847827e-05
-6.3572796070509623e-05
-6.3112500258010758e-05
-6.2551192568294147e-05
-6.2091767822906966e-05
-6.1523477021821946e-05
-6.1081341819102476e-05
-6.0506541868647839e-05
-6.0066388088872850e-05
-5.9503768906584869e-05
-5.9054344208797147e-05
-5.8500362375815599e-05
-5.8046024014545560e-05
-5.7492838951254941e-05
-5.7047458126665568e-05
-5.6493219819821826e-05
-5.6039556716000756e-05
-5.5511161785895842e-05
-5.5031814659426908e-05
-5.4530842718887187e-05
-5.4032363621864153e-05
-5.3539847301485047e-05
-5.3037591428320855e-05
-5.2553770541930171e-05
-5.2040198974784731e-05
-5.1578877766518128e-05
-5.1038757651088110e-05
-5.0593370109677113e-05
-5.0053115343500129e-05
-4.9594103571277978e-05
-4.9081266172665688e-05
-4.8588228797052122e-05
-4.8112033961638273e-05
-4.7584723573747784e-05
-4.7135372513773946e-05
-4.6588918330249825e-05
-4.6128524482076818e-05
-4.5617878076769072e-05
-4.5125889226761397e-05
-4.4641400344746519e-05
-4.4122484685467267e-05
-4.3662529119155360e-05
-4.3117725388010286e-05
-4.2648723577786354e-05
-4.2138084912263570e-05
-4.1633120862600228e-05
-4.1157149044108245e-05
-4.0612183553733096e-05
-4.0135709642436137e-05
-3.9624343558967522e-05
-3.9109917255842395e-05
-3.8627781082537199e-05
-3.8075955207651736e-05
0.0000000000000000e+00
];
