%Vec Object:dSdr_b_aug_8210 1 MPI processes
%  type: seq
dSdr_b_aug_8210 = [
2.2917915535167508e+03
0.0000000000000000e+00
-7.0813557478126838e-07
-2.9268726280137372e-07
-1.8209504064240840e-07
-1.2933068426650452e-07
-9.6885299840391252e-08
-7.6822060361244733e-08
-6.3223826727991971e-08
-5.3008279497512829e-08
-4.5422230295405535e-08
-3.9606297819395172e-08
-3.4873735436718604e-08
-3.1040351966470133e-08
-2.7897485496109908e-08
-2.5247862376013444e-08
-2.2984398033990063e-08
-2.3160362582413525e-08
-1.5554215749662186e-04
-7.8298859985395056e-04
-7.4253190304253490e-04
-7.0368735882099021e-04
-6.6562880110819891e-04
-6.2771075966190398e-04
-5.8561744013300629e-04
-5.4497282277813383e-04
-5.0599559413659579e-04
-4.6662414676105395e-04
-4.2621828246924522e-04
-3.8301986371626519e-04
-3.4500289021170450e-04
-3.0845659837292757e-04
-2.7395018396035879e-04
-2.3755271437008181e-04
-2.0794505129047956e-04
-1.8217306988131321e-04
-1.5962911985482301e-04
-1.3833904898811366e-04
-1.2221388590331395e-04
-1.0998493332979222e-04
-1.0033499226459387e-04
-9.2560346303559676e-05
-8.7721949511695827e-05
-8.4779956975166939e-05
-8.3182992849850746e-05
-8.2826559237085252e-05
-8.3331779530061329e-05
-8.4346771375165425e-05
-8.5801818263659603e-05
-8.7761343177053495e-05
-8.9486160758025263e-05
-9.1292918129688588e-05
-9.3134203389673775e-05
-9.4908744188189798e-05
-9.6397413084594178e-05
-9.7733119780129846e-05
-9.9019202453898977e-05
-1.0005932018921006e-04
-1.0091614327326406e-04
-1.0161268733878986e-04
-1.0224324174737744e-04
-1.0266327003253729e-04
-1.0292418114075048e-04
-1.0314044457213822e-04
-1.0325186135373548e-04
-1.0323079525345376e-04
-1.0315155294662312e-04
-1.0301393186078954e-04
-1.0278615274042721e-04
-1.0250346117779150e-04
-1.0220374184505153e-04
-1.0184913087790330e-04
-1.0146082326414977e-04
-1.0101736166011517e-04
-1.0057586295177524e-04
-1.0010682834741023e-04
-9.9599684929910240e-05
-9.9106193312065150e-05
-9.8602040171081606e-05
-9.8034046482844528e-05
-9.7502157785802628e-05
-9.6967714911192374e-05
-9.6384067583631377e-05
-9.5840386654284074e-05
-9.5300881117984916e-05
-9.4674996439724876e-05
-9.4131901451634581e-05
-9.3570954907175834e-05
-9.2963399674037543e-05
-9.2421025335254431e-05
-9.1845491324489502e-05
-9.1240721531929609e-05
-9.0694818126280097e-05
-9.0100249710947241e-05
-8.9529053338756808e-05
-8.8992826489242853e-05
-8.8372980170691831e-05
-8.7829082154537434e-05
-8.7281470337944420e-05
-8.6651935255414517e-05
-8.6147344041383599e-05
-8.5572050932221914e-05
-8.4988793482491945e-05
-8.4483307077121730e-05
-8.3859976685721446e-05
-8.3338638133819475e-05
-8.2810017369975766e-05
-8.2209972882828279e-05
-8.1713675756627056e-05
-8.1136082895378459e-05
-8.0588229726085426e-05
-8.0086568363826007e-05
-7.9495179931587584e-05
-7.9002287207294609e-05
-7.8445189224689153e-05
-7.7918123025378887e-05
-7.7396212084469130e-05
-7.6843853827614266e-05
-7.6356468381040806e-05
-7.5782918028318756e-05
-7.5304879189503192e-05
-7.4766761964937484e-05
-7.4236682463366146e-05
-7.3767576232785405e-05
-7.3183841905327457e-05
-7.2737327082082805e-05
-7.2180920644362385e-05
-7.1699378396394980e-05
-7.1190817839504955e-05
-7.0677910653270661e-05
-7.0188174542950175e-05
-6.9670948207340555e-05
-6.9207384956035680e-05
-6.8661167702212820e-05
-6.8223824271472069e-05
-6.7678307962009529e-05
-6.7222704641024038e-05
-6.6714351372915923e-05
-6.6230880923514874e-05
-6.5749694321209817e-05
-6.5260805015804555e-05
-6.4786462435465489e-05
-6.4295525911252949e-05
-6.3831530598734782e-05
-6.3322080010013075e-05
-6.2891288117862648e-05
-6.2360308612274630e-05
-6.1944249139324624e-05
-6.1420377581955494e-05
-6.0997433422817926e-05
-6.0482524700668298e-05
-6.0060123411265627e-05
-5.9538450597005459e-05
-5.9133186964118684e-05
-5.8605302958075909e-05
-5.8202289718555180e-05
-5.7686123438318672e-05
-5.7274278639014715e-05
-5.6766733438169307e-05
-5.6350865772829257e-05
-5.5843680835405035e-05
-5.5437620773597841e-05
-5.4928807986002615e-05
-5.4515169215391898e-05
-5.4032052080983041e-05
-5.3593500460861615e-05
-5.3137158803550418e-05
-5.2680950848309828e-05
-5.2232169558410692e-05
-5.1773806573581783e-05
-5.1332613513413767e-05
-5.0864669882969353e-05
-5.0444568838293350e-05
-4.9952398600911743e-05
-4.9547379181300601e-05
-4.9055179416033839e-05
-4.8637975463989018e-05
-4.8171774099632576e-05
-4.7723077153259845e-05
-4.7291713698133448e-05
-4.6811412260274112e-05
-4.6404738609572916e-05
-4.5908385560681087e-05
-4.5490569283042737e-05
-4.5028790692879616e-05
-4.4582135635636079e-05
-4.4143950102028459e-05
-4.3673942211943293e-05
-4.3258112196491089e-05
-4.2765232185762053e-05
-4.2341334889194419e-05
-4.1879646564475296e-05
-4.1423628294317479e-05
-4.0993749348672000e-05
-4.0502041838555731e-05
-4.0071996136799149e-05
-3.9610871663671630e-05
-3.9147599498153522e-05
-3.8712363051523833e-05
-3.8215871169409810e-05
0.0000000000000000e+00
];
