%Vec Object:dSdr_b_aug_2520 1 MPI processes
%  type: seq
dSdr_b_aug_2520 = [
2.3903539050607960e+03
0.0000000000000000e+00
-1.3782255723537771e-06
-5.6612983043360577e-07
-3.4864237664812110e-07
-2.4622318341390942e-07
-1.8465663813222176e-07
-1.4661961276219447e-07
-1.2083912757453504e-07
-1.0137551195335978e-07
-8.6925232405195866e-08
-7.5850486363798530e-08
-6.6826347844704897e-08
-5.9515640824222813e-08
-5.3522701944435803e-08
-4.8469031585312441e-08
-4.4150518535838728e-08
-4.0466167929278778e-08
-3.7280781272159489e-08
-3.4469899758119589e-08
-3.2007408311659031e-08
-3.0199275822209379e-08
-4.0518072663275813e-06
-5.3829730225985319e-04
-6.2053900191978728e-04
-5.7997343065997080e-04
-5.3896400707346710e-04
-4.9750235458256235e-04
-4.5498817861794354e-04
-4.0959642565521206e-04
-3.6966018259538744e-04
-3.3130041186859021e-04
-2.9510527642707908e-04
-2.5694587032941716e-04
-2.2591413887239285e-04
-1.9891108669131200e-04
-1.7529360580870350e-04
-1.5298789552365915e-04
-1.3609278019813088e-04
-1.2327652392921744e-04
-1.1315037303884282e-04
-1.0498055288962575e-04
-9.9880389886663251e-05
-9.6758225963072293e-05
-9.5038300514509430e-05
-9.4607379405740383e-05
-9.5075803206463790e-05
-9.6074727538575461e-05
-9.7531128174683403e-05
-9.9500242509443427e-05
-1.0123196051182540e-04
-1.0304949276974651e-04
-1.0489644022611720e-04
-1.0666923892133688e-04
-1.0815060865530343e-04
-1.0947012504966028e-04
-1.1072859899377452e-04
-1.1173701604873803e-04
-1.1255689113319032e-04
-1.1320664144088562e-04
-1.1378233007524053e-04
-1.1414653888540546e-04
-1.1434536638985447e-04
-1.1448705159765489e-04
-1.1453015622271683e-04
-1.1443655803831139e-04
-1.1427687832583298e-04
-1.1405631031074263e-04
-1.1374807746060932e-04
-1.1338036719180606e-04
-1.1299004948323077e-04
-1.1255174030191839e-04
-1.1207936552531981e-04
-1.1153626193873958e-04
-1.1100886961834892e-04
-1.1045446049831485e-04
-1.0984611572701814e-04
-1.0926716976576610e-04
-1.0867788457111653e-04
-1.0800620072738062e-04
-1.0738861041974551e-04
-1.0676752382957403e-04
-1.0608311720899368e-04
-1.0545420732554677e-04
-1.0482885744853266e-04
-1.0410128334721468e-04
-1.0347330217094441e-04
-1.0282541458712826e-04
-1.0212037829124336e-04
-1.0149452591666135e-04
-1.0083068264524985e-04
-1.0013073822862666e-04
-9.9502074606195201e-05
-9.8816726118204366e-05
-9.8156222129390646e-05
-9.7538655340304145e-05
-9.6825078534657993e-05
-9.6195442880203075e-05
-9.5566277855520547e-05
-9.4841255429511644e-05
-9.4256274622876035e-05
-9.3596403167442251e-05
-9.2923242991336990e-05
-9.2338458815374768e-05
-9.1623464641576964e-05
-9.1020050214979655e-05
-9.0410311407740804e-05
-8.9720282375547818e-05
-8.9146165731071529e-05
-8.8480178503523764e-05
-8.7849118592571776e-05
-8.7269242329955792e-05
-8.6586658626237601e-05
-8.6018438409116250e-05
-8.5374031718897446e-05
-8.4766132927025040e-05
-8.4164025784374679e-05
-8.3524929914929722e-05
-8.2962068828698664e-05
-8.2300137497867606e-05
-8.1745042818803635e-05
-8.1124894850104448e-05
-8.0511682839093255e-05
-7.9965753307205742e-05
-7.9294205185531980e-05
-7.8773997811947555e-05
-7.8130096288776688e-05
-7.7573805742413326e-05
-7.6980836087736450e-05
-7.6388273485140446e-05
-7.5819764172558362e-05
-7.5218375484177304e-05
-7.4680758524222433e-05
-7.4046040764992743e-05
-7.3536659716441993e-05
-7.2903383531032796e-05
-7.2372778222322566e-05
-7.1781184810256843e-05
-7.1219001401704785e-05
-7.0657764504152853e-05
-7.0087783677180355e-05
-6.9535818347923379e-05
-6.8961028124763253e-05
-6.8420906658263873e-05
-6.7826165759270700e-05
-6.7320196913444547e-05
-6.6703063935921405e-05
-6.6212547266045790e-05
-6.5601600817828632e-05
-6.5106098540470037e-05
-6.4501056670922144e-05
-6.4006734814691350e-05
-6.3394503398964518e-05
-6.2917614254501492e-05
-6.2298592850752952e-05
-6.1823431613251738e-05
-6.1217027434906662e-05
-6.0732181162579405e-05
-6.0134429678211960e-05
-5.9643830114296100e-05
-5.9047286848105882e-05
-5.8564843585930674e-05
-5.7967788695974262e-05
-5.7476400005409753e-05
-5.6905327747384914e-05
-5.6387528168432703e-05
-5.5844489244105782e-05
-5.5306166828408756e-05
-5.4772427385693239e-05
-5.4228799612904240e-05
-5.3704799250770892e-05
-5.3148220415771979e-05
-5.2648046588805711e-05
-5.2062730660794242e-05
-5.1579293658357317e-05
-5.0993744052290305e-05
-5.0495325870990894e-05
-4.9938531182660671e-05
-4.9403700331367870e-05
-4.8885249321600715e-05
-4.8313630322207159e-05
-4.7824053503368844e-05
-4.7230376296541277e-05
-4.6729851018603961e-05
-4.6173144352509831e-05
-4.5638426492598046e-05
-4.5110294973425568e-05
-4.4545282158403597e-05
-4.4043737423665783e-05
-4.3449994812468117e-05
-4.2938482493148172e-05
-4.2381709555653186e-05
-4.1830617317948601e-05
-4.1311209191981267e-05
-4.0716058639281169e-05
-4.0195846032498965e-05
-3.9637165442889389e-05
-3.9074610945095613e-05
-3.8548514409743701e-05
-3.7945829846926910e-05
0.0000000000000000e+00
];
