%Vec Object:dSdr_b_aug_3000 1 MPI processes
%  type: seq
dSdr_b_aug_3000 = [
2.3771572923349618e+03
0.0000000000000000e+00
-1.2536837127999671e-06
-5.1472197793043839e-07
-3.1700381298656151e-07
-2.2371771910601865e-07
-1.6747641399968668e-07
-1.3272710106111612e-07
-1.0917651797013301e-07
-9.1420321681739160e-08
-7.8238556097529300e-08
-6.8135717728880627e-08
-5.9909392045637583e-08
-5.3246381327618009e-08
-4.7784543715011094e-08
-4.3180171647260159e-08
-3.9247100398197196e-08
-3.5891725315703668e-08
-3.2991049387273350e-08
-3.0432627375515502e-08
-2.8197759584218712e-08
-1.6377873600148394e-07
-2.7329174972048095e-04
-6.5680110083447233e-04
-6.1751726895662676e-04
-5.7506013622164460e-04
-5.3428465232029142e-04
-4.9311770960983644e-04
-4.5090280510912351e-04
-4.0582250190412543e-04
-3.6615879809397871e-04
-3.2805654473974866e-04
-2.9210121087397644e-04
-2.5419200306868781e-04
-2.2336249199910756e-04
-1.9653425418032867e-04
-1.7306921669222325e-04
-1.5090772907102915e-04
-1.3412194836605082e-04
-1.2138909030060883e-04
-1.1133056209030652e-04
-1.0321685741995407e-04
-9.8153865738960752e-05
-9.5057286536455609e-05
-9.3354821884393673e-05
-9.2934478208303375e-05
-9.3408127253396416e-05
-9.4409333276616913e-05
-9.5865541752331571e-05
-9.7833294445259905e-05
-9.9564032642131535e-05
-1.0138003491000527e-04
-1.0322617838426167e-04
-1.0499922451774843e-04
-1.0648163079785903e-04
-1.0780344629300399e-04
-1.0906584077365201e-04
-1.1007875942612890e-04
-1.1090388123441399e-04
-1.1156027637951236e-04
-1.1214375609109133e-04
-1.1251589140336021e-04
-1.1272353492596589e-04
-1.1287581041038080e-04
-1.1292861551704875e-04
-1.1284531705041722e-04
-1.1269705962529286e-04
-1.1248827025372826e-04
-1.1219146200686432e-04
-1.1183582457574367e-04
-1.1145837209376277e-04
-1.1103194830285385e-04
-1.1057151130417783e-04
-1.1004255714608246e-04
-1.0952736195609145e-04
-1.0898507622281789e-04
-1.0839110225453341e-04
-1.0782429099021804e-04
-1.0724709472604638e-04
-1.0659013509797608e-04
-1.0598471459789597e-04
-1.0537593159537257e-04
-1.0470583300074767e-04
-1.0408902580524055e-04
-1.0347586600172051e-04
-1.0276273200526011e-04
-1.0214680484217336e-04
-1.0151126306396784e-04
-1.0082006927662667e-04
-1.0020607095381350e-04
-9.9554767776965339e-05
-9.8868338349266766e-05
-9.8251426846034489e-05
-9.7578969311682169e-05
-9.6931147184704675e-05
-9.6325130831839052e-05
-9.5624863943491283e-05
-9.5007403206507713e-05
-9.4389818901865284e-05
-9.3678355869407069e-05
-9.3104790546848492e-05
-9.2456929378243998e-05
-9.1796535552958372e-05
-9.1223011803793515e-05
-9.0521034053630151e-05
-8.9929274549428316e-05
-8.9331054650510140e-05
-8.8653803586312855e-05
-8.8090737452831025e-05
-8.7437302384457842e-05
-8.6818057979845339e-05
-8.6249288372368567e-05
-8.5579654560774169e-05
-8.5022130980828167e-05
-8.4390122282738877e-05
-8.3793701861943634e-05
-8.3202982721336850e-05
-8.2576203746395803e-05
-8.2024060332692238e-05
-8.1374679256508256e-05
-8.0830526640728582e-05
-8.0222027180524248e-05
-7.9620620130427816e-05
-7.9085599639509859e-05
-7.8426521228922515e-05
-7.7916778322722981e-05
-7.7285301252402584e-05
-7.6739625090387816e-05
-7.6158641671397832e-05
-7.5577390271999639e-05
-7.5020066885921223e-05
-7.4430629392850098e-05
-7.3903528180930620e-05
-7.3281377641301658e-05
-7.2782226050570686e-05
-7.2161411912264093e-05
-7.1641457005687932e-05
-7.1061683828389113e-05
-7.0510677784816703e-05
-6.9960808155446875e-05
-6.9402342451512945e-05
-6.8861399671837852e-05
-6.8298516803667314e-05
-6.7769205364758871e-05
-6.7186575819206990e-05
-6.6691282209929676e-05
-6.6086383152918590e-05
-6.5606439509345037e-05
-6.5007857821120475e-05
-6.4522658893175091e-05
-6.3930416057605787e-05
-6.3446307012649192e-05
-6.2846935041014710e-05
-6.2380216804263597e-05
-6.1774137028754183e-05
-6.1309220886738064e-05
-6.0715630599142705e-05
-6.0241150609840058e-05
-5.9656208518868086e-05
-5.9176220952912566e-05
-5.8592366659145947e-05
-5.8120769872581259e-05
-5.7536245437006228e-05
-5.7055897285988283e-05
-5.6497314717091368e-05
-5.5990768385986631e-05
-5.5460040515973654e-05
-5.4933378377206443e-05
-5.4411703009982860e-05
-5.3880182842436971e-05
-5.3367941103967046e-05
-5.2823948448807948e-05
-5.2335144904558594e-05
-5.1763055613379237e-05
-5.1290753807632361e-05
-5.0718459775624939e-05
-5.0231573859516940e-05
-4.9687643245483924e-05
-4.9165043178918023e-05
-4.8658958322291349e-05
-4.8100306078870484e-05
-4.7622501085599723e-05
-4.7042643412610369e-05
-4.6553862181590119e-05
-4.6010634548138882e-05
-4.5488420661720127e-05
-4.4973060302796866e-05
-4.4421536721574269e-05
-4.3932161602770240e-05
-4.3352739071761535e-05
-4.2853664897497206e-05
-4.2310389671424719e-05
-4.1772791938308570e-05
-4.1266088257176525e-05
-4.0685613301261048e-05
-4.0178182556649431e-05
-3.9633315175522777e-05
-3.9084773995888954e-05
-3.8571341136468087e-05
-3.7982468027743626e-05
0.0000000000000000e+00
];
