%Vec Object:dSdr_b_aug_7290 1 MPI processes
%  type: seq
dSdr_b_aug_7290 = [
2.2996805890816563e+03
0.0000000000000000e+00
-7.4648828451283052e-07
-3.0893473884931208e-07
-1.9241174526122487e-07
-1.3685968224147142e-07
-1.0273028414722002e-07
-8.1624799453476310e-08
-6.7318534248754385e-08
-5.6559708030600095e-08
-4.8569215846274769e-08
-4.2443023323354492e-08
-3.7454407469185267e-08
-3.3412596531172601e-08
-3.0098570472470748e-08
-2.7303598655981405e-08
-2.4914883737919706e-08
-2.2923986586789608e-08
-8.0147636683768109e-06
-7.6746116111114969e-04
-7.4744809593664844e-04
-7.0848472468331228e-04
-6.7018550251197551e-04
-6.3203120966190288e-04
-5.8967807947046011e-04
-5.4878973998512704e-04
-5.0958399280762916e-04
-4.6998477583242267e-04
-4.2934943935987621e-04
-3.8591230919286557e-04
-3.4768645292590624e-04
-3.1094279207560447e-04
-2.7625258661353883e-04
-2.3966335760187740e-04
-2.0990070680017013e-04
-1.8399474246081157e-04
-1.6133395527665218e-04
-1.3993334768797925e-04
-1.2372438700192616e-04
-1.1143151531375232e-04
-1.0172974606280718e-04
-9.3912091563579016e-05
-8.9045205631107247e-05
-8.6083604289700102e-05
-8.4473257789732976e-05
-8.4108717428059589e-05
-8.4609933052800905e-05
-8.5623176255628639e-05
-8.7078370533345646e-05
-8.9038939159350925e-05
-9.0764507792624356e-05
-9.2572437888968745e-05
-9.4414339433945192e-05
-9.6188690671595160e-05
-9.7676565204364395e-05
-9.9010509871413538e-05
-1.0029358779606959e-04
-1.0133025543455211e-04
-1.0218305733079542e-04
-1.0287450864887175e-04
-1.0349909179487978e-04
-1.0391304502047002e-04
-1.0416719931461872e-04
-1.0437534608552299e-04
-1.0447932816963426e-04
-1.0445036809714930e-04
-1.0436237144582097e-04
-1.0421572289204508e-04
-1.0397918764882786e-04
-1.0368724313582373e-04
-1.0337766359173011e-04
-1.0301394338794770e-04
-1.0261648638263155e-04
-1.0216218030927408e-04
-1.0171133342762635e-04
-1.0123300714151555e-04
-1.0071484953357937e-04
-1.0021205754251711e-04
-9.9698639104342290e-05
-9.9119360357748427e-05
-9.8578144375876262e-05
-9.8034271682745301e-05
-9.7439658275210356e-05
-9.6886701501945990e-05
-9.6337853146229277e-05
-9.5700901157503012e-05
-9.5148567629847576e-05
-9.4578158907154472e-05
-9.3959994377863931e-05
-9.3408534754695695e-05
-9.2823389655760270e-05
-9.2208261586847366e-05
-9.1653351020070566e-05
-9.1048902606811422e-05
-9.0467986490608222e-05
-8.9922907054881452e-05
-8.9292859631399008e-05
-8.8739630407767700e-05
-8.8183142793776267e-05
-8.7543215399635992e-05
-8.7029875029598580e-05
-8.6445376882056816e-05
-8.5852334916232569e-05
-8.5338218179450596e-05
-8.4704911608279187e-05
-8.4174640371389431e-05
-8.3637191167603664e-05
-8.3027353259476402e-05
-8.2522586686420589e-05
-8.1935373470317369e-05
-8.1378464538547243e-05
-8.0868290698069226e-05
-8.0266977075832833e-05
-7.9765886122691641e-05
-7.9199285942072075e-05
-7.8663422369228163e-05
-7.8132783315912747e-05
-7.7570985015730038e-05
-7.7075385216494516e-05
-7.6492215965411447e-05
-7.6005790793538347e-05
-7.5458745794822242e-05
-7.4919618608978135e-05
-7.4442151353337242e-05
-7.3848859856303091e-05
-7.3394324741385037e-05
-7.2828395820412160e-05
-7.2338718378831882e-05
-7.1820971200283390e-05
-7.1299394756668431e-05
-7.0801085404146769e-05
-7.0274699300896512e-05
-6.9803076450689714e-05
-6.9247227288420503e-05
-6.8802043678695043e-05
-6.8246976066477328e-05
-6.7783209940571287e-05
-6.7265797272051100e-05
-6.6773760135772285e-05
-6.6283861298145139e-05
-6.5786146435912058e-05
-6.5303355820518078e-05
-6.4803293118979971e-05
-6.4331012652084856e-05
-6.3812279532660899e-05
-6.3373305791368794e-05
-6.2832949812734483e-05
-6.2408786824391533e-05
-6.1875438511192892e-05
-6.1444597521189364e-05
-6.0919879198787583e-05
-6.0489650465294091e-05
-5.9958121745849510e-05
-5.9545062780198764e-05
-5.9007259874968359e-05
-5.8596394437095039e-05
-5.8070407153102958e-05
-5.7650617266676031e-05
-5.7133254501499407e-05
-5.6709253417646197e-05
-5.6192343200947438e-05
-5.5777970000372347e-05
-5.5259553415475739e-05
-5.4837452757812168e-05
-5.4344763057020978e-05
-5.3897586508948832e-05
-5.3431809180677166e-05
-5.2966664320108710e-05
-5.2508636631372056e-05
-5.2040993873099884e-05
-5.1590788496457714e-05
-5.1113198270105883e-05
-5.0684382513507690e-05
-5.0182074777394598e-05
-4.9768520781523247e-05
-4.9266161290614876e-05
-4.8840118381209336e-05
-4.8364057284412904e-05
-4.7905985937266382e-05
-4.7465144283392512e-05
-4.6974904265915661e-05
-4.6559207800818801e-05
-4.6052262421336050e-05
-4.5625444429791374e-05
-4.5153334246774592e-05
-4.4697094748206428e-05
-4.4249119783589415e-05
-4.3768771829602636e-05
-4.3343612786695906e-05
-4.2839755053028396e-05
-4.2406321715636255e-05
-4.1934284235393159e-05
-4.1467917721180720e-05
-4.1028293606071870e-05
-4.0525325949949834e-05
-4.0085463789378037e-05
-3.9613716110030895e-05
-3.9139626522206761e-05
-3.8694467793184159e-05
-3.8186242157883416e-05
0.0000000000000000e+00
];
