%Vec Object:dSdr_b_aug_5960 1 MPI processes
%  type: seq
dSdr_b_aug_5960 = [
2.3192645421324032e+03
0.0000000000000000e+00
-8.4788286507353809e-07
-3.5039889099301363e-07
-2.1777345021590377e-07
-1.5469057504109067e-07
-1.1609499828403593e-07
-9.2232103788866260e-08
-7.6057101852727205e-08
-6.3883480795963714e-08
-5.4842907820846226e-08
-4.7912173754664724e-08
-4.2267630263328262e-08
-3.7694474360561318e-08
-3.3944964917431999e-08
-3.0782792372303881e-08
-2.8080318669141234e-08
-2.5774360384875845e-08
-2.4416361535740313e-08
-4.1547177308206339e-05
-7.4799684049699125e-04
-7.1612857605082251e-04
-6.7750917303634217e-04
-6.3897602330611819e-04
-5.9620528231566037e-04
-5.5492517642410422e-04
-5.1535210116299742e-04
-4.7538675995599728e-04
-4.3438256246718614e-04
-3.9056171984284916e-04
-3.5200009865874685e-04
-3.1493918046766384e-04
-2.7995354332074803e-04
-2.4305607400650821e-04
-2.1304429092204412e-04
-1.8692295808179105e-04
-1.6407436306672637e-04
-1.4249607543497103e-04
-1.2615241624265496e-04
-1.1375679932317309e-04
-1.0397171999276923e-04
-9.6084931958665226e-05
-9.1172251442046533e-05
-8.8179130063509574e-05
-8.6547272103697765e-05
-8.6169700505600515e-05
-8.6664478723453710e-05
-8.7674910941599050e-05
-8.9130342130583964e-05
-9.1092588447390737e-05
-9.2819364340481742e-05
-9.4629179506767108e-05
-9.6472071682943795e-05
-9.8246118209362106e-05
-9.9732715851673986e-05
-1.0106382817287144e-04
-1.0234207616255677e-04
-1.0337319800019285e-04
-1.0421953610542747e-04
-1.0490280117318428e-04
-1.0551778591549233e-04
-1.0592197389075536e-04
-1.0616526706059548e-04
-1.0636036684622131e-04
-1.0645239815443571e-04
-1.0641074905332363e-04
-1.0630868038309750e-04
-1.0614752078292648e-04
-1.0589691066247927e-04
-1.0559009265572623e-04
-1.0526466348689783e-04
-1.0488630079955181e-04
-1.0447413676437672e-04
-1.0400239893844582e-04
-1.0353652549890059e-04
-1.0304326346126112e-04
-1.0250740128562867e-04
-1.0198965957226302e-04
-1.0146134779421840e-04
-1.0086392907824396e-04
-1.0030772011548371e-04
-9.9748689625654794e-05
-9.9136448985100408e-05
-9.8568581918873381e-05
-9.8004715611832384e-05
-9.7349973668896681e-05
-9.6782789812704763e-05
-9.6197171277356814e-05
-9.5561953021022777e-05
-9.4995889416800024e-05
-9.4395295142705516e-05
-9.3763516844107405e-05
-9.3194127874108657e-05
-9.2573798031543418e-05
-9.1977258083352531e-05
-9.1417948713143251e-05
-9.0771503702672714e-05
-9.0203275193240419e-05
-8.9632520334468761e-05
-8.8975888001544754e-05
-8.8448483954197237e-05
-8.7849189329551662e-05
-8.7240419415816596e-05
-8.6712430004875707e-05
-8.6063087399404465e-05
-8.5518457475482060e-05
-8.4966817151476434e-05
-8.4341236981427332e-05
-8.3822856345348959e-05
-8.3220179059511528e-05
-8.2648713601921314e-05
-8.2124856528464530e-05
-8.1507588834590466e-05
-8.0993319783032237e-05
-8.0411445461816102e-05
-7.9861440705988833e-05
-7.9316771802397191e-05
-7.8739799271008800e-05
-7.8230995455510043e-05
-7.7632364476005940e-05
-7.7132458840999287e-05
-7.6571063049208631e-05
-7.6017392322942539e-05
-7.5526485285132589e-05
-7.4917831284503677e-05
-7.4450404093392354e-05
-7.3869168424769188e-05
-7.3366414209830960e-05
-7.2833900158528214e-05
-7.2298388470202557e-05
-7.1786298210912636e-05
-7.1245188400934949e-05
-7.0760610290888145e-05
-7.0189278487526349e-05
-6.9731492320656993e-05
-6.9161071635636886e-05
-6.8684184353276942e-05
-6.8152209311657722e-05
-6.7646401806052469e-05
-6.7142498639851268e-05
-6.6630597292385613e-05
-6.6134227032579261e-05
-6.5619494618701814e-05
-6.5133896327094213e-05
-6.4600242167981833e-05
-6.4148116658210025e-05
-6.3592688634020748e-05
-6.3155499793499014e-05
-6.2606918237063212e-05
-6.2163383626358918e-05
-6.1622897035904731e-05
-6.1180086216389815e-05
-6.0632714796955748e-05
-6.0207125362158860e-05
-5.9653378498497782e-05
-5.9229891184056318e-05
-5.8688117302035257e-05
-5.8255556226804088e-05
-5.7722412392417226e-05
-5.7285337389977648e-05
-5.6752794446305041e-05
-5.6325058439208015e-05
-5.5791204401615217e-05
-5.5355501834852449e-05
-5.4847424883253084e-05
-5.4386384349204045e-05
-5.3905439820575399e-05
-5.3425929491912953e-05
-5.2953038845354497e-05
-5.2470479482137409e-05
-5.2005787419745416e-05
-5.1512690946712318e-05
-5.1069866884178240e-05
-5.0551263808996903e-05
-5.0123991063871148e-05
-4.9605300506549458e-05
-4.9165049576880681e-05
-4.8673139633540902e-05
-4.8199999578402801e-05
-4.7743922369070336e-05
-4.7237706766061591e-05
-4.6807506747048092e-05
-4.6283534924006346e-05
-4.5842247299027853e-05
-4.5353529794097865e-05
-4.4881883971412832e-05
-4.4418173178412143e-05
-4.3921204294583239e-05
-4.3481049498835273e-05
-4.2959545852081803e-05
-4.2510784015688869e-05
-4.2022111020656947e-05
-4.1539110472338258e-05
-4.1083821747821061e-05
-4.0562754297590706e-05
-4.0107113035389582e-05
-3.9618289585296856e-05
-3.9126812316672170e-05
-3.8665705634310887e-05
-3.8138625175447733e-05
0.0000000000000000e+00
];
