%Vec Object:dSdr_b_aug_3570 1 MPI processes
%  type: seq
dSdr_b_aug_3570 = [
2.3629575022652480e+03
0.0000000000000000e+00
-1.1390727743230545e-06
-4.6922049432118929e-07
-2.9015396497324734e-07
-2.0547911312287973e-07
-1.5420771191391690e-07
-1.2252116600987392e-07
-1.0104370234568504e-07
-8.4846599897151602e-08
-7.2819773656874511e-08
-6.3601240627598089e-08
-5.6090117683625418e-08
-5.0004651889305173e-08
-4.5015661524754916e-08
-4.0808100221919147e-08
-3.7212119597846770e-08
-3.4143956677377069e-08
-3.1491056568231661e-08
-2.9149640059473972e-08
-3.0426051837834491e-08
-5.2448597973735750e-05
-6.8234092619744527e-04
-6.5591590376641367e-04
-6.1233395218738499e-04
-5.7009062558454075e-04
-5.2960974567998510e-04
-4.8873942254524605e-04
-4.4682347221517511e-04
-4.0205416653364484e-04
-3.6266259932410248e-04
-3.2481748226699091e-04
-2.8910159506402469e-04
-2.5144221528480685e-04
-2.2081462533468543e-04
-1.9416094317386800e-04
-1.7084812349002810e-04
-1.4883064513211681e-04
-1.3215403725479470e-04
-1.1950445396032419e-04
-1.0951344832780932e-04
-1.0145577605046666e-04
-9.6429900605255527e-05
-9.3358868162289436e-05
-9.1673838353430664e-05
-9.1264056330368144e-05
-9.1742922756163042e-05
-9.2746406964390406e-05
-9.4202423436422322e-05
-9.6168816377461446e-05
-9.7898576104981554e-05
-9.9713050539209264e-05
-1.0155839111988486e-04
-1.0333168423128440e-04
-1.0481512543729548e-04
-1.0613923655054282e-04
-1.0740554569005668e-04
-1.0842295920836790e-04
-1.0925331991077091e-04
-1.0991634999872139e-04
-1.1050760919967088e-04
-1.1088765922962453e-04
-1.1110410567284394e-04
-1.1126695571254726e-04
-1.1132944691841839e-04
-1.1125643296468309e-04
-1.1111958095827228e-04
-1.1092255283188897e-04
-1.1063715231242445e-04
-1.1029356988185732e-04
-1.0992896348284390e-04
-1.0951440738616001e-04
-1.0906589039637269e-04
-1.0855106462828855e-04
-1.0804804842399368e-04
-1.0751786807815020e-04
-1.0693824361607489e-04
-1.0638354906257353e-04
-1.0581842381142634e-04
-1.0517616658172978e-04
-1.0458289785352808e-04
-1.0398640020579669e-04
-1.0333058843810845e-04
-1.0272586599627492e-04
-1.0212487820328241e-04
-1.0142616291898755e-04
-1.0082227190869637e-04
-1.0019905764425475e-04
-9.9521685858896272e-05
-9.8919524024877466e-05
-9.8280742364754184e-05
-9.7607807905377407e-05
-9.7002631110524481e-05
-9.6343045433842028e-05
-9.5707886382482370e-05
-9.5113403354868436e-05
-9.4426426668830590e-05
-9.3821122814407307e-05
-9.3215102074937378e-05
-9.2517178352734337e-05
-9.1955011604467288e-05
-9.1319142944924016e-05
-9.0671496585883281e-05
-9.0109216608122132e-05
-8.9420236027595344e-05
-8.8840114207251603e-05
-8.8253396179729265e-05
-8.7588904183656552e-05
-8.7036872218287340e-05
-8.6395970744088075e-05
-8.5788524371620668e-05
-8.5230844994648494e-05
-8.4574141922895142e-05
-8.4027299163291945e-05
-8.3407670122785871e-05
-8.2822711100321450e-05
-8.2243363123236428e-05
-8.1628882829931025e-05
-8.1087441243591081e-05
-8.0450591865131657e-05
-7.9917365136443448e-05
-7.9320496963867905e-05
-7.8730877422784928e-05
-7.8206749847646963e-05
-7.7560122714159305e-05
-7.7060828809700596e-05
-7.6441757826762059e-05
-7.5906680363568802e-05
-7.5337665465030236e-05
-7.4767708553839134e-05
-7.4221554565646409e-05
-7.3644050607838627e-05
-7.3127449609497995e-05
-7.2517847720149987e-05
-7.2028910478854049e-05
-7.1420539976682485e-05
-7.0911219743689159e-05
-7.0343249342977093e-05
-6.9803404159231698e-05
-6.9264885013462695e-05
-6.8717917431087357e-05
-6.8187980930427912e-05
-6.7636987839137978e-05
-6.7118470475979806e-05
-6.6547934408632431e-05
-6.6063300287980402e-05
-6.5470617100386993e-05
-6.5001230891830784e-05
-6.4414995724712437e-05
-6.3940084960505768e-05
-6.3360622283919574e-05
-6.2886711005873800e-05
-6.2300179522056248e-05
-6.1843617218795155e-05
-6.1250460003062535e-05
-6.0795773882413199e-05
-6.0214978616932400e-05
-5.9750849669011807e-05
-5.9178698122125723e-05
-5.8709306962656238e-05
-5.8138122985664104e-05
-5.7677356752487791e-05
-5.7105344368865953e-05
-5.6636020568232126e-05
-5.6089909368062912e-05
-5.5594599806206185e-05
-5.5076164961062801e-05
-5.4561146049172574e-05
-5.4051517127327269e-05
-5.3532086891142056e-05
-5.3031586641056893e-05
-5.2500161832573969e-05
-5.2022712064507067e-05
-5.1463830193449547e-05
-5.1002647496680097e-05
-5.0443589862625485e-05
-4.9968219632698679e-05
-4.9437134606519793e-05
-4.8926747845178076e-05
-4.8433011544239979e-05
-4.7887307675894186e-05
-4.7421258008986726e-05
-4.6855200498642758e-05
-4.6378147186760110e-05
-4.5848380123918411e-05
-4.5338653476692197e-05
-4.4836047515315151e-05
-4.4297995832567300e-05
-4.3820775576792727e-05
-4.3255656095906260e-05
-4.2769007037455671e-05
-4.2239216745646401e-05
-4.1715103480361144e-05
-4.1221099722303763e-05
-4.0655300430070750e-05
-4.0160668178387743e-05
-3.9629658179636446e-05
-3.9095247245855677e-05
-3.8594846670387964e-05
-3.8021826852194970e-05
0.0000000000000000e+00
];
