%Vec Object:dSdr_b_aug_770 1 MPI processes
%  type: seq
dSdr_b_aug_770 = [
2.4882575605672923e+03
0.0000000000000000e+00
-2.8385070179386738e-06
-1.1557872314167467e-06
-7.0203060743102412e-07
-4.9197366230895397e-07
-3.6916525599380757e-07
-2.9337887017780574e-07
-2.4201690867651907e-07
-2.0301375111191459e-07
-1.7406573013645017e-07
-1.5188851758037825e-07
-1.3379398550628471e-07
-1.1913367616410953e-07
-1.0711809424412355e-07
-9.6984238014549981e-08
-8.8322923793240758e-08
-8.0934383786089961e-08
-7.4546962259845058e-08
-6.8910027892504156e-08
-6.3972170870815614e-08
-5.9617718729131421e-08
-5.5702697644205262e-08
-5.2202827222217719e-08
-4.9062985920668565e-08
-4.6213658494639246e-08
-4.3833215151398535e-08
-1.5202671718914806e-07
-2.5256229932691502e-05
-3.2386262588305628e-04
-3.8138470253951730e-04
-3.5043298292913091e-04
-3.1384519751886632e-04
-2.7428643872953620e-04
-2.4201190794041782e-04
-2.1391278262823600e-04
-1.8933491207444449e-04
-1.6611936538201262e-04
-1.4853424960989688e-04
-1.3519159344625305e-04
-1.2463858389873814e-04
-1.1611453021001376e-04
-1.1077971718623739e-04
-1.0749604400518126e-04
-1.0566589260855571e-04
-1.0516819827387355e-04
-1.0560363593849224e-04
-1.0658815608944424e-04
-1.0804576946080745e-04
-1.1002347920942575e-04
-1.1176138212718413e-04
-1.1358857252567765e-04
-1.1544059493700222e-04
-1.1721183112759093e-04
-1.1868665685037313e-04
-1.1999165891756355e-04
-1.2122538264851112e-04
-1.2220538135397795e-04
-1.2299213422903857e-04
-1.2359993624367981e-04
-1.2412644054100402e-04
-1.2444061011393590e-04
-1.2458378300230091e-04
-1.2465861294770850e-04
-1.2464047948052663e-04
-1.2448186032011134e-04
-1.2425007300873178e-04
-1.2395514777413990e-04
-1.2357479272444592e-04
-1.2313086804651566e-04
-1.2265933410464630e-04
-1.2214599427938454e-04
-1.2159825812954420e-04
-1.2096583130068224e-04
-1.2036144032548951e-04
-1.1973049783702507e-04
-1.1903143185834888e-04
-1.1837588093963711e-04
-1.1771027971236144e-04
-1.1694564363720724e-04
-1.1625122674506297e-04
-1.1555246904048241e-04
-1.1477773755793647e-04
-1.1407242482595973e-04
-1.1337012045181547e-04
-1.1255138770947725e-04
-1.1184731097701046e-04
-1.1112148579583713e-04
-1.1032906341950989e-04
-1.0962837783297278e-04
-1.0888537045716798e-04
-1.0810010756110664e-04
-1.0739725422624263e-04
-1.0663052671901621e-04
-1.0588996368278111e-04
-1.0519948038957781e-04
-1.0440187971321125e-04
-1.0369538529421006e-04
-1.0299311259783723e-04
-1.0218249139980173e-04
-1.0152544603945953e-04
-1.0078975519861724e-04
-1.0003600278097307e-04
-9.9380133062656597e-05
-9.8582967972866059e-05
-9.7905977606733323e-05
-9.7223521500142468e-05
-9.6452826892361892e-05
-9.5808949879455706e-05
-9.5063722578885839e-05
-9.4358072987287784e-05
-9.3708081927625591e-05
-9.2943747317661307e-05
-9.2308000694585988e-05
-9.1585327174919371e-05
-9.0904967036838053e-05
-9.0230969039067747e-05
-8.9514118343149662e-05
-8.8883598109175532e-05
-8.8142438787677644e-05
-8.7518268418671700e-05
-8.6824585070013251e-05
-8.6136850019726484e-05
-8.5522053274887023e-05
-8.4771785644332867e-05
-8.4185517600332422e-05
-8.3463182286332307e-05
-8.2839884674907168e-05
-8.2171247644860398e-05
-8.1507279064162475e-05
-8.0868154633672131e-05
-8.0191319793351893e-05
-7.9587318475409085e-05
-7.8873265699595912e-05
-7.8299307618460236e-05
-7.7587360371930011e-05
-7.6989520681258896e-05
-7.6323307899605762e-05
-7.5690563481980872e-05
-7.5057566750871301e-05
-7.4414892712947370e-05
-7.3793343734562030e-05
-7.3143384215053071e-05
-7.2535020745709454e-05
-7.1863822762128379e-05
-7.1290462857111081e-05
-7.0596099076792831e-05
-7.0038836617496454e-05
-6.9349833427872779e-05
-6.8789287832283651e-05
-6.8103447745439488e-05
-6.7544654167030877e-05
-6.6851243219494743e-05
-6.6310146931301104e-05
-6.5609427232271724e-05
-6.5069590569327812e-05
-6.4382294546864094e-05
-6.3832007876114564e-05
-6.3153393011376112e-05
-6.2595801962393011e-05
-6.1919155605421372e-05
-6.1368240725419578e-05
-6.0692083554335869e-05
-6.0130998261852882e-05
-5.9481081192782575e-05
-5.8892242357792429e-05
-5.8271486472878736e-05
-5.7659555458315978e-05
-5.7049658392281133e-05
-5.6429598316839796e-05
-5.5831368852481769e-05
-5.5195336819656011e-05
-5.4623385743903720e-05
-5.3954573869773633e-05
-5.3400844091589509e-05
-5.2731616342396961e-05
-5.2160399299421837e-05
-5.1522398586704799e-05
-5.0910359981679088e-05
-5.0313847130615667e-05
-4.9660375373537323e-05
-4.9096489878787362e-05
-4.8415578013597302e-05
-4.7840921322999679e-05
-4.7199131871852827e-05
-4.6585488275821375e-05
-4.5976746425447074e-05
-4.5326593013439067e-05
-4.4748241862768866e-05
-4.4064122507178999e-05
-4.3474120826202346e-05
-4.2832180161203209e-05
-4.2195956242840023e-05
-4.1596429039786662e-05
-4.0908759281315957e-05
-4.0308061751847194e-05
-3.9662553616106606e-05
-3.9012330739606362e-05
-3.8408528979981978e-05
-3.7730576187756381e-05
0.0000000000000000e+00
];
