%Vec Object:dSdr_b_aug_5610 1 MPI processes
%  type: seq
dSdr_b_aug_5610 = [
2.3227274087612427e+03
0.0000000000000000e+00
-8.6783699775639675e-07
-3.5861430216470740e-07
-2.2283048390137654e-07
-1.5827330780594730e-07
-1.1880490386620342e-07
-9.4402920521182975e-08
-7.7862363909640123e-08
-6.5410821365519613e-08
-5.6163827136418773e-08
-4.9074895248515957e-08
-4.3300967082661619e-08
-3.8622871150641742e-08
-3.4787310005773580e-08
-3.1552447485279116e-08
-2.8787729323145408e-08
-2.6428639756096468e-08
-2.4515738465995151e-08
-1.0074609544671921e-05
-7.3140796719580099e-04
-7.1833224224611761e-04
-6.7975503970757977e-04
-6.4110747150933139e-04
-5.9820859346791644e-04
-5.5680824852809643e-04
-5.1712243391453924e-04
-4.7704472280910048e-04
-4.3592731545262763e-04
-3.9198870479305613e-04
-3.5332403150874518e-04
-3.1616574151416033e-04
-2.8108943123699977e-04
-2.4409735760245752e-04
-2.1400911147886065e-04
-1.8782167829206533e-04
-1.6491544177981752e-04
-1.4328262104402827e-04
-1.2689762053130562e-04
-1.1447046930940475e-04
-1.0465982068157291e-04
-9.6751814427150037e-05
-9.1825078816943975e-05
-8.8822283447129494e-05
-8.7183823297593046e-05
-8.6802252233260279e-05
-8.7295054741601047e-05
-8.8304624257654128e-05
-8.9760128009147317e-05
-9.1722889099929382e-05
-9.3450035490352785e-05
-9.5260429222103870e-05
-9.7103625444628782e-05
-9.8877578453927521e-05
-1.0036378420001310e-04
-1.0169402722835783e-04
-1.0297079283009759e-04
-1.0400021256779393e-04
-1.0484456682570248e-04
-1.0552531939318888e-04
-1.0613735822062057e-04
-1.0653854907269622e-04
-1.0677850877638128e-04
-1.0696960421696255e-04
-1.0705796762576311e-04
-1.0701242404250774e-04
-1.0690603642624872e-04
-1.0674042313480016e-04
-1.0648549319090609e-04
-1.0617411025129273e-04
-1.0584381655797701e-04
-1.0546095983873682e-04
-1.0504428196119660e-04
-1.0456719402803183e-04
-1.0409670867732822e-04
-1.0359886259855189e-04
-1.0305756658385241e-04
-1.0253523654138253e-04
-1.0200235373896396e-04
-1.0139936755145150e-04
-1.0083855698270467e-04
-1.0027487430199520e-04
-9.9657223557533445e-05
-9.9084780263589662e-05
-9.8516304686590875e-05
-9.7856102697702453e-05
-9.7284361017854540e-05
-9.6694074326896898e-05
-9.6053621985487322e-05
-9.5483076165890632e-05
-9.4877740271596186e-05
-9.4240851728241666e-05
-9.3667019084831856e-05
-9.3041814955696926e-05
-9.2440479782033861e-05
-9.1876802997741040e-05
-9.1225325282873155e-05
-9.0652493232022118e-05
-9.0077359507955915e-05
-8.9415600138985352e-05
-8.8883879704726418e-05
-8.8280043783533834e-05
-8.7666446688054083e-05
-8.7134199511181430e-05
-8.6479935166848795e-05
-8.5930898311155983e-05
-8.5374902484521982e-05
-8.4744490739410724e-05
-8.4221931709568972e-05
-8.3614508230667162e-05
-8.3038575121025199e-05
-8.2510518424279127e-05
-8.1888354147147086e-05
-8.1370040506846821e-05
-8.0783478285008308e-05
-8.0229133352963472e-05
-7.9680158443072542e-05
-7.9098528674902176e-05
-7.8585672315884816e-05
-7.7982295861638126e-05
-7.7478252836692398e-05
-7.6912452535511978e-05
-7.6354318142286530e-05
-7.5859286200131133e-05
-7.5245917178396005e-05
-7.4774533183369688e-05
-7.4188599606033229e-05
-7.3681831900299490e-05
-7.3144785637211838e-05
-7.2604996978173843e-05
-7.2088677117129082e-05
-7.1543048343606519e-05
-7.1054494037118562e-05
-7.0478410339907451e-05
-7.0016756227081676e-05
-6.9441623414831464e-05
-6.8960709019207729e-05
-6.8424264529731826e-05
-6.7914230655945475e-05
-6.7406029315311448e-05
-6.6889773886266433e-05
-6.6389235794797551e-05
-6.5870000988329798e-05
-6.5380315221866974e-05
-6.4842081533174459e-05
-6.4385919513875226e-05
-6.3825865613487091e-05
-6.3384678909077463e-05
-6.2831422001766778e-05
-6.2383991494462598e-05
-6.1838665344362368e-05
-6.1391992859808348e-05
-6.0839759035849349e-05
-6.0410323777718116e-05
-5.9851683431062970e-05
-5.9424322238244347e-05
-5.8877703169328021e-05
-5.8441222388589550e-05
-5.7903235063541295e-05
-5.7462147441831171e-05
-5.6924806535519373e-05
-5.6492969243573531e-05
-5.5954377175455866e-05
-5.5514499938047758e-05
-5.5001700362639537e-05
-5.4536404720668513e-05
-5.4050805104169123e-05
-5.3566885752387928e-05
-5.3089433393529987e-05
-5.2602295851707752e-05
-5.2133157559245467e-05
-5.1635301933738519e-05
-5.1188178461414088e-05
-5.0664574044208870e-05
-5.0233090755573810e-05
-4.9709387886529951e-05
-4.9264776242518425e-05
-4.8768001983349579e-05
-4.8290237046827154e-05
-4.7829483743388438e-05
-4.7318364912623153e-05
-4.6883713451999869e-05
-4.6354515860272031e-05
-4.5908787187034437e-05
-4.5414972527736242e-05
-4.4938598142715475e-05
-4.4470057637332664e-05
-4.3967987362093806e-05
-4.3523229936507283e-05
-4.2996310231532175e-05
-4.2542843526686001e-05
-4.2049064420184156e-05
-4.1560958068523640e-05
-4.1100860840998653e-05
-4.0574237084797657e-05
-4.0113751037252395e-05
-3.9619683266311187e-05
-3.9122862005321224e-05
-3.8656839709519363e-05
-3.8123860748399498e-05
0.0000000000000000e+00
];
