%Vec Object:dSdr_b_aug_7300 1 MPI processes
%  type: seq
dSdr_b_aug_7300 = [
2.2995899048440383e+03
0.0000000000000000e+00
-7.4605318531853791e-07
-3.0875786123859938e-07
-1.9230422033025698e-07
-1.3678461419515914e-07
-1.0267444992196590e-07
-8.1580835768492815e-08
-6.7282611668047129e-08
-5.6529854398360360e-08
-4.8543864020274155e-08
-4.2421119766174601e-08
-3.7435308096102826e-08
-3.3395766409587032e-08
-3.0083599365070698e-08
-2.7290192733374096e-08
-2.4902812827627566e-08
-2.2915155984266916e-08
-8.3461852647023840e-06
-7.6817784136597677e-04
-7.4738408784246651e-04
-7.0841934348899816e-04
-6.7012337394625049e-04
-6.3197230189785748e-04
-5.8962271412314185e-04
-5.4873769770092513e-04
-5.0953506629124743e-04
-4.6993895487245507e-04
-4.2930674717048348e-04
-3.8587287174776777e-04
-3.4764986352215992e-04
-3.1090889372740598e-04
-2.7622119419029627e-04
-2.3963457974960877e-04
-2.0987404214993391e-04
-1.8396990461982715e-04
-1.6131071046848297e-04
-1.3991161000628861e-04
-1.2370379186654902e-04
-1.1141179168898334e-04
-1.0171072910636851e-04
-9.3893661013065699e-05
-8.9027163519625032e-05
-8.6065829536980811e-05
-8.4455665500583125e-05
-8.4091235671168322e-05
-8.4592505897749086e-05
-8.5605772942314189e-05
-8.7060965210061206e-05
-8.9021519605053266e-05
-9.0747077997666326e-05
-9.2554992104016732e-05
-9.4396885245873712e-05
-9.6171239067844959e-05
-9.7659124431229014e-05
-9.8993093122673207e-05
-1.0027621201578821e-04
-1.0131292669490180e-04
-1.0216578341841365e-04
-1.0285730417410114e-04
-1.0348196873596683e-04
-1.0389600479266238e-04
-1.0415025121340373e-04
-1.0435850865192357e-04
-1.0446259210533918e-04
-1.0443373966421065e-04
-1.0434586237511199e-04
-1.0419933690751162e-04
-1.0396292105078174e-04
-1.0367110269833409e-04
-1.0336165759458610e-04
-1.0299806159188356e-04
-1.0260072933514966e-04
-1.0214657112215164e-04
-1.0169585169940936e-04
-1.0121765210196537e-04
-1.0069964466848445e-04
-1.0019697948459875e-04
-9.9683687375353279e-05
-9.9104562496408249e-05
-9.8563473688650328e-05
-9.8019729567644387e-05
-9.7425265678608179e-05
-9.6872435378085096e-05
-9.6323714408296307e-05
-9.5686913318316421e-05
-9.5134705754774311e-05
-9.4564426045429985e-05
-9.3946406170029005e-05
-9.3395070421398459e-05
-9.2810056366148566e-05
-9.2195069528564852e-05
-9.1640281771147522e-05
-9.1035968068064796e-05
-9.0455184477034452e-05
-8.9910225743097417e-05
-8.9280317407972409e-05
-8.8727215411961454e-05
-8.8170848816238100e-05
-8.7531063117492379e-05
-8.7017842039014792e-05
-8.6433469398861500e-05
-8.5840560841430160e-05
-8.5326561776149514e-05
-8.4693391226638702e-05
-8.4163241783734270e-05
-8.3625912952591753e-05
-8.3016208574278108e-05
-8.2511557479125386e-05
-8.1924475433142898e-05
-8.1367689973482220e-05
-8.0857632197627759e-05
-8.0256453901834113e-05
-7.9755474728642977e-05
-7.9189004107125031e-05
-7.8653260483356585e-05
-7.8122740434766785e-05
-7.7561070846234517e-05
-7.7065583046798824e-05
-7.6482544945993025e-05
-7.5996234118814310e-05
-7.5449310847149929e-05
-7.4910307023290417e-05
-7.4432953767284208e-05
-7.3839792578889139e-05
-7.3385366817832148e-05
-7.2819567732567171e-05
-7.2330001211501474e-05
-7.1812379289312614e-05
-7.1290921047985646e-05
-7.0792728588621722e-05
-7.0266467375596227e-05
-6.9794954415211674e-05
-6.9239236580644688e-05
-6.8794159869036797e-05
-6.8239222485499203e-05
-6.7775567656607396e-05
-6.7258278509864462e-05
-6.6766358177395069e-05
-6.6276578128082625e-05
-6.5778983599268040e-05
-6.5296308169923831e-05
-6.4796369900668331e-05
-6.4324202399015912e-05
-6.3805595843710150e-05
-6.3366733659143816e-05
-6.2826505525513633e-05
-6.2402453025859275e-05
-6.1869233925001196e-05
-6.1438500605636050e-05
-6.0913916033808009e-05
-6.0483794024910076e-05
-5.9952399687413908e-05
-5.9539447008555971e-05
-5.9001779344201851e-05
-5.8591020968491505e-05
-5.8065167590637976e-05
-5.7645486032913075e-05
-5.7128257127016252e-05
-5.6704366939735769e-05
-5.6187589324087437e-05
-5.5773329470553117e-05
-5.5255043830397840e-05
-5.4833058547963246e-05
-5.4340499366153278e-05
-5.3893440416387293e-05
-5.3427791740653807e-05
-5.2962768732179928e-05
-5.2504867115421733e-05
-5.2037350884237861e-05
-5.1587268388068781e-05
-5.1109809690438993e-05
-5.0681112756738630e-05
-5.0178943242816766e-05
-4.9765505613962891e-05
-4.9263284648542136e-05
-4.8837362256558972e-05
-4.8361435595269409e-05
-4.7903492066508313e-05
-4.7462779646505905e-05
-4.6972675140332133e-05
-4.6557101700737236e-05
-4.6050300747000947e-05
-4.5623605494215598e-05
-4.5151636183051099e-05
-4.4695527370017778e-05
-4.4247685886957051e-05
-4.3767478923623154e-05
-4.3342447088076609e-05
-4.2838739043750363e-05
-4.2405435742409031e-05
-4.1933539390006747e-05
-4.1467313999128146e-05
-4.1027822797244222e-05
-4.0525008732225645e-05
-4.0085280518514064e-05
-3.9613677869986409e-05
-3.9139736172859434e-05
-3.8694713854044696e-05
-3.8186654187603736e-05
0.0000000000000000e+00
];
