%Vec Object:dSdr_b_aug_6570 1 MPI processes
%  type: seq
dSdr_b_aug_6570 = [
2.3081400429547357e+03
0.0000000000000000e+00
-7.8589124580405468e-07
-3.2390045862421675e-07
-2.0080564457582481e-07
-1.4219638640695307e-07
-1.0630463859484590e-07
-8.4115538862704051e-08
-6.9077960500113443e-08
-5.7781377974604054e-08
-4.9393978316527013e-08
-4.2964186696077349e-08
-3.7734512925300860e-08
-3.3499349563234436e-08
-3.0027342048480888e-08
-2.7101155119829227e-08
-2.4602384395083570e-08
-2.2471332303065367e-08
-1.7168911178462917e-07
-5.1157114144013591e-04
-7.5067427511745150e-04
-7.1250004847945073e-04
-6.7400735915408756e-04
-6.3565502373353927e-04
-5.9308397721502082e-04
-5.5199121361275741e-04
-5.1259379441259505e-04
-4.7280353358010810e-04
-4.3197572518316403e-04
-3.8833837358368033e-04
-3.4993731494576948e-04
-3.1302810898357675e-04
-2.7818374704693629e-04
-2.4143367799464268e-04
-2.1154102976553705e-04
-1.8552268596434650e-04
-1.6276390049440603e-04
-1.4127057929631004e-04
-1.2499133281146667e-04
-1.1264484857954086e-04
-1.0289960804286823e-04
-9.5045879521794935e-05
-9.0155097877389455e-05
-8.7177049314908462e-05
-8.5555478200916396e-05
-8.5184138279339533e-05
-8.5681995006060911e-05
-8.6693771573764994e-05
-8.8149089530335239e-05
-9.0110533634209740e-05
-9.1836732268631968e-05
-9.3645646045213408e-05
-9.5488064548546647e-05
-9.7262256830570962e-05
-9.8749465120075023e-05
-1.0008193190318599e-04
-1.0136248959816016e-04
-1.0239626346487783e-04
-1.0324569257911857e-04
-1.0393287233261393e-04
-1.0455244704992774e-04
-1.0496130478428440e-04
-1.0520979175775051e-04
-1.0541113062312215e-04
-1.0550887680332425e-04
-1.0547329560488417e-04
-1.0537795618141122e-04
-1.0522373576985478e-04
-1.0497985626129022e-04
-1.0468015076353296e-04
-1.0436230088831389e-04
-1.0399094023979371e-04
-1.0358580910884555e-04
-1.0312240714716623e-04
-1.0266371940894666e-04
-1.0217759964860788e-04
-1.0165020379585353e-04
-1.0113961103979241e-04
-1.0061842125664333e-04
-1.0002967707118301e-04
-9.9480637750910516e-05
-9.8928855718056214e-05
-9.8325044416910909e-05
-9.7764307450978326e-05
-9.7207622726144907e-05
-9.6561387934950696e-05
-9.6001305503385588e-05
-9.5422960297468317e-05
-9.4795897128906417e-05
-9.4236817145469545e-05
-9.3643610663162464e-05
-9.3019794499607649e-05
-9.2457329098597833e-05
-9.1844593750901686e-05
-9.1255525114603201e-05
-9.0703020495310272e-05
-9.0064416805465993e-05
-8.9503360949951907e-05
-8.8939428683413498e-05
-8.8290784646115764e-05
-8.7770105844981659e-05
-8.7177886885401079e-05
-8.6576638060050737e-05
-8.6055282546803230e-05
-8.5413608356055910e-05
-8.4875844740533481e-05
-8.4330990594410916e-05
-8.3712938356869367e-05
-8.3201067950029425e-05
-8.2605785565084173e-05
-8.2041281021343778e-05
-8.1523967253589546e-05
-8.0914328778563258e-05
-8.0406361477282286e-05
-7.9831791231983187e-05
-7.9288548772328568e-05
-7.8750588925450117e-05
-7.8180872692659281e-05
-7.7678383020160453e-05
-7.7087145819634121e-05
-7.6593686523810487e-05
-7.6039153261957143e-05
-7.5492437236992341e-05
-7.5007957083859900e-05
-7.4406649411343486e-05
-7.3945387191644995e-05
-7.3371471188017897e-05
-7.2874970265662337e-05
-7.2349517710891946e-05
-7.1820669834650989e-05
-7.1315169582758281e-05
-7.0781100625926088e-05
-7.0302717698560201e-05
-6.9738789669086511e-05
-6.9287030021711804e-05
-6.8723951149937172e-05
-6.8253338379639316e-05
-6.7728327038033237e-05
-6.7229104496142184e-05
-6.6731898172090991e-05
-6.6226780773122844e-05
-6.5736904270147947e-05
-6.5229186881916187e-05
-6.4749957143343180e-05
-6.4223438192353616e-05
-6.3777601825728964e-05
-6.3229381218149632e-05
-6.2798421305386131e-05
-6.2257124247630437e-05
-6.1819659688999891e-05
-6.1286713442843793e-05
-6.0849919336452708e-05
-6.0310123851087979e-05
-5.9890526442730863e-05
-5.9344403930751748e-05
-5.8926952349448967e-05
-5.8392727564835472e-05
-5.7966273618602412e-05
-5.7440676232271811e-05
-5.7009853118004736e-05
-5.6484785678566867e-05
-5.6063439698609216e-05
-5.5536967777180468e-05
-5.5107769567481747e-05
-5.4607050716193419e-05
-5.4152639853203366e-05
-5.3678948185445345e-05
-5.3206307322862252e-05
-5.2740524034027143e-05
-5.2265097673644938e-05
-5.1807333017487969e-05
-5.1321651492411497e-05
-5.0885526051929568e-05
-5.0374715240399529e-05
-4.9954002620955058e-05
-4.9443121376144955e-05
-4.9009664499677361e-05
-4.8525333224155104e-05
-4.8059398745074613e-05
-4.7610606862690159e-05
-4.7112030423117624e-05
-4.6688765594227389e-05
-4.6172935337352652e-05
-4.5738566539545808e-05
-4.5257790002798859e-05
-4.4793510709335895e-05
-4.4337323856507474e-05
-4.3848301957272287e-05
-4.3415316716539581e-05
-4.2902249541454635e-05
-4.2460815467633717e-05
-4.1980094467955696e-05
-4.1505044032085158e-05
-4.1057239974568202e-05
-4.0544818475958405e-05
-4.0096707501204463e-05
-3.9616021932617284e-05
-3.9132800361472577e-05
-3.8679153778785922e-05
-3.8160205242168212e-05
0.0000000000000000e+00
];
