%Vec Object:dSdr_b_aug_9250 1 MPI processes
%  type: seq
dSdr_b_aug_9250 = [
2.2775115634297895e+03
0.0000000000000000e+00
-6.4770584984656009e-07
-2.6837280781067742e-07
-1.6746999540385259e-07
-1.1924749063650083e-07
-8.9493331361233018e-08
-7.1090109212261184e-08
-5.8615566422286014e-08
-4.9243573129158145e-08
-4.2282701923738315e-08
-3.6945513588712250e-08
-3.2600602434825794e-08
-2.9080424821016531e-08
-2.6194009265845723e-08
-2.3759790339344935e-08
-2.1686125246617874e-08
-2.8102982969797666e-06
-7.8326463100079609e-04
-7.7958074759165957e-04
-7.3775831515334562e-04
-6.9914184007824885e-04
-6.6131237880749909e-04
-6.2361814601463077e-04
-5.8177093649671840e-04
-5.4135718873344013e-04
-5.0259642783558837e-04
-4.6344073876394576e-04
-4.2325224557668420e-04
-3.8027994994002857e-04
-3.4246084389538705e-04
-3.0610151293822285e-04
-2.7176919747228683e-04
-2.3555337499899851e-04
-2.0609252646726028e-04
-1.8044746280081907e-04
-1.5801418896757124e-04
-1.3682882577031823e-04
-1.2078304101536436e-04
-1.0861463658082152e-04
-9.9013790408435096e-05
-9.1279884953421664e-05
-8.6468474936021418e-05
-8.3545057133745164e-05
-8.1960769657139841e-05
-8.1612015272203184e-05
-8.2121029031989983e-05
-8.3137677288350445e-05
-8.4592584542754403e-05
-8.6551120766014625e-05
-8.8275226885395485e-05
-9.0080873360674923e-05
-9.1921574821330891e-05
-9.3696295171707543e-05
-9.5185716530070036e-05
-9.6523092323948871e-05
-9.7812021283292191e-05
-9.8855407167391777e-05
-9.9716039376111792e-05
-1.0041740761835541e-04
-1.0105361839116878e-04
-1.0147940136464648e-04
-1.0174671296413581e-04
-1.0197066502279198e-04
-1.0208912443213700e-04
-1.0207553601488499e-04
-1.0200458639256117e-04
-1.0187551671206931e-04
-1.0165603196123995e-04
-1.0138210539597018e-04
-1.0109172629830126e-04
-1.0074574419389994e-04
-1.0036610348053033e-04
-9.9932914465726671e-05
-9.9500270957105988e-05
-9.9040038040151270e-05
-9.8543327983368175e-05
-9.8058646286238978e-05
-9.7563269839704605e-05
-9.7005966096346555e-05
-9.6482912812905221e-05
-9.5957402478493529e-05
-9.5384142938773577e-05
-9.4849248695064311e-05
-9.4318593287822178e-05
-9.3703192289954095e-05
-9.3168848650453337e-05
-9.2616865300001636e-05
-9.2019359886195309e-05
-9.1485591722749015e-05
-9.0919161963355137e-05
-9.0324204207949959e-05
-8.9786832974444341e-05
-8.9201623539550317e-05
-8.8639634344845074e-05
-8.8111793244180259e-05
-8.7501610079754633e-05
-8.6966551194012952e-05
-8.6427347113466759e-05
-8.5807656308725222e-05
-8.5311352867804106e-05
-8.4744779375011916e-05
-8.4170790462286950e-05
-8.3673479274609525e-05
-8.3059598976722190e-05
-8.2546722051676146e-05
-8.2026464167071075e-05
-8.1435696652502079e-05
-8.0947422343736328e-05
-8.0378942515459256e-05
-7.9839667560448616e-05
-7.9346069777867412e-05
-7.8764083138673592e-05
-7.8278956316641922e-05
-7.7730859441411094e-05
-7.7212126693651411e-05
-7.6698483595530160e-05
-7.6155067569367153e-05
-7.5675463298849625e-05
-7.5111024600027276e-05
-7.4640929848560051e-05
-7.4111269599976806e-05
-7.3589760661144982e-05
-7.3128574544712731e-05
-7.2553893398140902e-05
-7.2114975924113787e-05
-7.1567589810296809e-05
-7.1093753754561146e-05
-7.0593895371535750e-05
-7.0089200277999018e-05
-6.9607585308581292e-05
-6.9099035709381629e-05
-6.8643107042573061e-05
-6.8106013768191328e-05
-6.7676097073296118e-05
-6.7139628388536662e-05
-6.6691757416157004e-05
-6.6191985811010531e-05
-6.5716630294089808e-05
-6.5243696497476215e-05
-6.4763167343584671e-05
-6.4296827301504818e-05
-6.3814535696764192e-05
-6.3358388631768082e-05
-6.2857731071178175e-05
-6.2434689569570734e-05
-6.1912592081088611e-05
-6.1504208796394616e-05
-6.0989314251203437e-05
-6.0573850495950214e-05
-6.0068234078812406e-05
-5.9653247466380727e-05
-5.9140910821141544e-05
-5.8743031448221180e-05
-5.8224543284300750e-05
-5.7828968172648575e-05
-5.7322105002813340e-05
-5.6917786323034894e-05
-5.6419540975965382e-05
-5.6011377831554688e-05
-5.5513405331132484e-05
-5.5115220034890153e-05
-5.4615504610724779e-05
-5.4209881512124860e-05
-5.3735832159561108e-05
-5.3305450657316544e-05
-5.2858047108503108e-05
-5.2410304799983390e-05
-5.1970282331385869e-05
-5.1520709784705791e-05
-5.1088053812416901e-05
-5.0629248103867223e-05
-5.0217402242475789e-05
-4.9734834949508962e-05
-4.9337900084686721e-05
-4.8855324327820858e-05
-4.8446493270928345e-05
-4.7989631753901021e-05
-4.7549814924480160e-05
-4.7127429919624001e-05
-4.6656543046550790e-05
-4.6258416500163436e-05
-4.5772097321588778e-05
-4.5362808196620437e-05
-4.4910816533096070e-05
-4.4473240682617905e-05
-4.4044328575363607e-05
-4.3584115760393263e-05
-4.3177123168423896e-05
-4.2694642431469142e-05
-4.2279778884501424e-05
-4.1827894741279376e-05
-4.1381680084015852e-05
-4.0961033947373385e-05
-4.0479995136596638e-05
-4.0059252055726948e-05
-3.9608197518088241e-05
-3.9155187065593451e-05
-3.8729391026308705e-05
-3.8244233686191527e-05
0.0000000000000000e+00
];
