%Vec Object:dSdr_b_aug_1860 1 MPI processes
%  type: seq
dSdr_b_aug_1860 = [
2.4172552714121489e+03
0.0000000000000000e+00
-1.6697525667170379e-06
-6.8392841371048591e-07
-4.1942757271235579e-07
-2.9541058176760822e-07
-2.2141523194719562e-07
-1.7571392055739348e-07
-1.4474013214438538e-07
-1.2132774665681245e-07
-1.0394800419867964e-07
-9.0629605651738048e-08
-7.9776065603459197e-08
-7.0983834774217683e-08
-6.3776949420478302e-08
-5.7700131537318771e-08
-5.2507853572701401e-08
-4.8078317817060833e-08
-4.4248943603529232e-08
-4.0870389765000039e-08
-3.7910714342251824e-08
-3.5300563659283802e-08
-3.2990639358228810e-08
-2.4519907929530469e-07
-1.9001184360392187e-04
-5.7740438783809530e-04
-5.4635279858146620e-04
-5.0477652174655717e-04
-4.6178379256556798e-04
-4.1587516820159947e-04
-3.7548559742282497e-04
-3.3669739368628399e-04
-3.0010328993253596e-04
-2.6152761669400094e-04
-2.3015944111859387e-04
-2.0286554155058597e-04
-1.7899443296777700e-04
-1.5644877221737216e-04
-1.3937175140854092e-04
-1.2641674137082461e-04
-1.1617808324020173e-04
-1.0791490095796405e-04
-1.0275289416739454e-04
-9.9588163667194471e-05
-9.7839187824010451e-05
-9.7390668519509052e-05
-9.7850398829212704e-05
-9.8845527007543934e-05
-1.0030224736033335e-04
-1.0227362713647384e-04
-1.0400697529921062e-04
-1.0582705308615547e-04
-1.0767533817560306e-04
-1.0944772520253680e-04
-1.1092737038903581e-04
-1.1224306166002018e-04
-1.1349501281703446e-04
-1.1449594034379924e-04
-1.1530708619591416e-04
-1.1594578115945718e-04
-1.1650850739298059e-04
-1.1685952848883818e-04
-1.1704368834650775e-04
-1.1716775398486129e-04
-1.1719471943641210e-04
-1.1708398509944266e-04
-1.1690530155907237e-04
-1.1666513682839567e-04
-1.1633789629695332e-04
-1.1595009984674624e-04
-1.1553837772910971e-04
-1.1508029434246460e-04
-1.1458805819519002e-04
-1.1402141359978922e-04
-1.1347372840162057e-04
-1.1289914900418877e-04
-1.1226689474456544e-04
-1.1166775961904963e-04
-1.1105836140652417e-04
-1.1036218009182735e-04
-1.0972434221187560e-04
-1.0908278547486328e-04
-1.0837457382529174e-04
-1.0772552804610824e-04
-1.0707989689438646e-04
-1.0632829806900537e-04
-1.0568026202864083e-04
-1.0501183411128123e-04
-1.0428376734220204e-04
-1.0363819278941766e-04
-1.0295348593622267e-04
-1.0223105595733617e-04
-1.0158283974716393e-04
-1.0087604393563563e-04
-1.0019444049976222e-04
-9.9557656672782431e-05
-9.8821935492885069e-05
-9.8172043820210787e-05
-9.7523611373072740e-05
-9.6776029506709816e-05
-9.6172056188984048e-05
-9.5492202618901732e-05
-9.4797802426084936e-05
-9.4194283714502832e-05
-9.3457633465367248e-05
-9.2834828161070265e-05
-9.2205924769653543e-05
-9.1494636392511010e-05
-9.0902134459737498e-05
-9.0215263576801257e-05
-8.9564545616523030e-05
-8.8966190655619915e-05
-8.8262061568164036e-05
-8.7676044820142069e-05
-8.7011010969882172e-05
-8.6384015037189950e-05
-8.5762961105243361e-05
-8.5103373001797013e-05
-8.4522680386839495e-05
-8.3839868569008730e-05
-8.3266569031082831e-05
-8.2627040855268787e-05
-8.1994188339553278e-05
-8.1430108889521882e-05
-8.0737814284999708e-05
-8.0200196652393410e-05
-7.9535623944651388e-05
-7.8961673714853984e-05
-7.8348761959176692e-05
-7.7737380340900299e-05
-7.7150260441572380e-05
-7.6528987950332799e-05
-7.5973875412891834e-05
-7.5318248940362342e-05
-7.4791848629499703e-05
-7.4137838711438000e-05
-7.3589513794157898e-05
-7.2978254464386904e-05
-7.2397474712720161e-05
-7.1817325520449741e-05
-7.1228186405061555e-05
-7.0657882306477646e-05
-7.0063281218889467e-05
-6.9505174566141456e-05
-6.8890283399934989e-05
-6.8366553626315963e-05
-6.7729066460313681e-05
-6.7220958914514074e-05
-6.6589440593277027e-05
-6.6076796114559701e-05
-6.5450459848243351e-05
-6.4939146422951966e-05
-6.4305520102661705e-05
-6.3811709105781082e-05
-6.3171156063045742e-05
-6.2678949542521961e-05
-6.2051226247740980e-05
-6.1549133065930023e-05
-6.0930069946861109e-05
-6.0421814664405315e-05
-5.9804160112923915e-05
-5.9303671019023825e-05
-5.8685768577031131e-05
-5.8176011179570026e-05
-5.7584159191357914e-05
-5.7047637010508027e-05
-5.6484115558034933e-05
-5.5926393343886304e-05
-5.5372582281843115e-05
-5.4808810465797306e-05
-5.4265246677081332e-05
-5.3687727567335592e-05
-5.3168636412539567e-05
-5.2561314645527230e-05
-5.2059351435077997e-05
-5.1451747840388146e-05
-5.0934142822247678e-05
-5.0355945495887714e-05
-4.9800765637451040e-05
-4.9261740396025070e-05
-4.8668547905361783e-05
-4.8159385652914176e-05
-4.7542716128302031e-05
-4.7022651611750856e-05
-4.6443519109998330e-05
-4.5887997649720868e-05
-4.5338617973945994e-05
-4.4751162275309651e-05
-4.4229370127767112e-05
-4.3611802209961938e-05
-4.3079595569246113e-05
-4.2500365334253500e-05
-4.1926820947466418e-05
-4.1386274833441649e-05
-4.0766706275462250e-05
-4.0225225400801968e-05
-3.9643558612036747e-05
-3.9057679846605514e-05
-3.8510486801444311e-05
-3.7884676672519983e-05
0.0000000000000000e+00
];
