%Vec Object:dSdr_b_aug_4780 1 MPI processes
%  type: seq
dSdr_b_aug_4780 = [
2.3386602140995037e+03
0.0000000000000000e+00
-9.6449901583965440e-07
-3.9770589039090904e-07
-2.4642339631052132e-07
-1.7465247710918041e-07
-1.3095209402951705e-07
-1.0393933433529858e-07
-8.5630418932267451e-08
-7.1843443807847452e-08
-6.1606091602935127e-08
-5.3758655038809585e-08
-4.7368228701148288e-08
-4.2191374131461972e-08
-3.7947262218151284e-08
-3.4368569264585888e-08
-3.1310739281745685e-08
-2.8701779374878770e-08
-2.6446128735122265e-08
-3.0096368481794953e-08
-1.1910038558564803e-04
-7.1982103577486912e-04
-6.8530521761311425e-04
-6.4642259915842785e-04
-6.0320505280603146e-04
-5.6150484074600742e-04
-5.2153784229332990e-04
-4.8117986811259535e-04
-4.3978010267827655e-04
-3.9554776536451607e-04
-3.5662606861377858e-04
-3.1922492245050059e-04
-2.8392246324683611e-04
-2.4669443586466743e-04
-2.1641548237577311e-04
-1.9006318753791483e-04
-1.6701318669130213e-04
-1.4524435430461746e-04
-1.2875624392018881e-04
-1.1625044262197798e-04
-1.0637602130454169e-04
-9.8415094431202684e-05
-9.3453303835317299e-05
-9.0426380435334431e-05
-8.8771453669867319e-05
-8.8379907470948282e-05
-8.8867782319457196e-05
-8.9875200142220182e-05
-9.1330885206532554e-05
-9.3294930507331917e-05
-9.5023000906189188e-05
-9.6834837475956695e-05
-9.8678791866180584e-05
-1.0045251148641897e-04
-1.0193773966347687e-04
-1.0326581449440677e-04
-1.0453888284252578e-04
-1.0556405734134514e-04
-1.0640346365170419e-04
-1.0707794975278245e-04
-1.0768264112985289e-04
-1.0807635681297234e-04
-1.0830800247129969e-04
-1.0848911061991022e-04
-1.0856832587023384e-04
-1.0851306900625806e-04
-1.0839590944919867e-04
-1.0821918814750955e-04
-1.0795348407504565e-04
-1.0763071567689009e-04
-1.0728828931016666e-04
-1.0689422396773300e-04
-1.0646628805775265e-04
-1.0597585635413248e-04
-1.0549386837678219e-04
-1.0498458918246988e-04
-1.0442974056125689e-04
-1.0389596670891898e-04
-1.0335168325667805e-04
-1.0273481116875229e-04
-1.0216252367644532e-04
-1.0158723790795077e-04
-1.0095609375590160e-04
-1.0037223683499478e-04
-9.9792265220064588e-05
-9.9118445262844467e-05
-9.8535335858086111e-05
-9.7933406262061196e-05
-9.7279899524272250e-05
-9.6698174555499654e-05
-9.6081012527478096e-05
-9.5431378459554252e-05
-9.4846462795156533e-05
-9.4209101647710274e-05
-9.3595806642994276e-05
-9.3021237037205337e-05
-9.2357207192413952e-05
-9.1772893392155232e-05
-9.1186838286128763e-05
-9.0512291513680115e-05
-8.9969805525614018e-05
-8.9354643102669735e-05
-8.8729006477539964e-05
-8.8186139957794553e-05
-8.7519600247894575e-05
-8.6959572013116078e-05
-8.6392713077509592e-05
-8.5750250845597343e-05
-8.5217270436211884e-05
-8.4598009422851881e-05
-8.4010933491258322e-05
-8.3472402466331708e-05
-8.2838025564980873e-05
-8.2309624270141129e-05
-8.1711369902044898e-05
-8.1146200087368114e-05
-8.0586485518522471e-05
-7.9993240083391676e-05
-7.9470276230115451e-05
-7.8855064033734264e-05
-7.8340701898233856e-05
-7.7763916260810965e-05
-7.7194648985872766e-05
-7.6689329073916253e-05
-7.6064200265350848e-05
-7.5582947562007831e-05
-7.4985296878278554e-05
-7.4468519081092379e-05
-7.3920168978506518e-05
-7.3369713079920424e-05
-7.2842844122932582e-05
-7.2285944552961782e-05
-7.1787473172031012e-05
-7.1199537724495526e-05
-7.0728236526365000e-05
-7.0141351146580513e-05
-6.9650392684984978e-05
-6.9102800897857965e-05
-6.8582225994534259e-05
-6.8063304531766776e-05
-6.7536189542175451e-05
-6.7025256418556679e-05
-6.6494792147828361e-05
-6.5994911768671596e-05
-6.5445256228112981e-05
-6.4979026709955593e-05
-6.4407435364831163e-05
-6.3956277548838454e-05
-6.3391359802230453e-05
-6.2934212502080322e-05
-6.2376815958551635e-05
-6.1920512059503039e-05
-6.1356150865568275e-05
-6.0917123705043055e-05
-6.0346278476554026e-05
-5.9909255410300370e-05
-5.9350551916901612e-05
-5.8904294966369598e-05
-5.8354227449191477e-05
-5.7903131922289910e-05
-5.7353824377952212e-05
-5.6911758041185254e-05
-5.6361348815005117e-05
-5.5911059503185278e-05
-5.5386481198757789e-05
-5.4910572866309106e-05
-5.4413362966620067e-05
-5.3918447046883657e-05
-5.3429617298593562e-05
-5.2931061301352231e-05
-5.2450833650902136e-05
-5.1941108207608262e-05
-5.1483261570868082e-05
-5.0947183296839368e-05
-5.0505198495904485e-05
-4.9968994421741884e-05
-4.9513506735690584e-05
-4.9004600404701976e-05
-4.8515300582109406e-05
-4.8042884673509551e-05
-4.7519536755152915e-05
-4.7073783027443275e-05
-4.6531551931715337e-05
-4.6074746958228221e-05
-4.5568219628102239e-05
-4.5080051920423231e-05
-4.4599465862229921e-05
-4.4084672502158812e-05
-4.3628436043483611e-05
-4.3088008645295727e-05
-4.2622808197057367e-05
-4.2116294845555971e-05
-4.1615455382797037e-05
-4.1143367124408513e-05
-4.0602888232204092e-05
-4.0130323492014125e-05
-3.9623184402523534e-05
-3.9113052917808668e-05
-3.8634821886449153e-05
-3.8087404110011801e-05
0.0000000000000000e+00
];
