%Vec Object:dSdr_b_aug_3050 1 MPI processes
%  type: seq
dSdr_b_aug_3050 = [
2.3749967024676821e+03
0.0000000000000000e+00
-1.2348383106103599e-06
-5.0695063603484381e-07
-3.1222225852877658e-07
-2.2032020890427262e-07
-1.6488868080364961e-07
-1.3063932028626453e-07
-1.0742777956394197e-07
-8.9930705590138537e-08
-7.6941412126934822e-08
-6.6986026240298102e-08
-5.8880614500729475e-08
-5.2315723464270211e-08
-4.6934322917478975e-08
-4.2397956819054363e-08
-3.8523184000751940e-08
-3.5217549874915363e-08
-3.2359903110011526e-08
-2.9839601399553299e-08
-2.7648228454334944e-08
-3.9226066306139148e-07
-3.7587018039069158e-04
-6.5749620614339482e-04
-6.1707564169594239e-04
-5.7462084717974343e-04
-5.3387094316005373e-04
-4.9273023198847924e-04
-4.5054178387522579e-04
-4.0548900386474395e-04
-3.6584938412725655e-04
-3.2776988732258785e-04
-2.9183574447307048e-04
-2.5394864642707933e-04
-2.2313700535995794e-04
-1.9632421570155175e-04
-1.7287264947442161e-04
-1.5072390665501361e-04
-1.3394778773388502e-04
-1.2122229948017320e-04
-1.1116974701644319e-04
-1.0306100121436347e-04
-9.8001294329274087e-05
-9.4906976028739752e-05
-9.3206054377159800e-05
-9.2786645426970728e-05
-9.3260756231125841e-05
-9.4262163894637065e-05
-9.5718355398801840e-05
-9.7685987774327960e-05
-9.9416639395307464e-05
-1.0123250646757790e-04
-1.0307857890229823e-04
-1.0485164690871157e-04
-1.0633414479375426e-04
-1.0765616346398763e-04
-1.0891890440387003e-04
-1.0993222086302721e-04
-1.1075780632352468e-04
-1.1141478867044186e-04
-1.1199895687561670e-04
-1.1237179264849591e-04
-1.1258021523708161e-04
-1.1273342657663700e-04
-1.1278708890806185e-04
-1.1270470061984119e-04
-1.1255745257325834e-04
-1.1234970407100544e-04
-1.1205390540707774e-04
-1.1169933487243630e-04
-1.1132301927709284e-04
-1.1089764578163335e-04
-1.1043826370801688e-04
-1.0991055991645052e-04
-1.0939644257062336e-04
-1.0885522816787229e-04
-1.0826252413439867e-04
-1.0769678520241199e-04
-1.0712065722622432e-04
-1.0646499876349002e-04
-1.0586065369825352e-04
-1.0525295795258199e-04
-1.0458412374491694e-04
-1.0396838605281811e-04
-1.0335630347488933e-04
-1.0264444553686672e-04
-1.0202958357582607e-04
-1.0139513278496551e-04
-1.0070516224702840e-04
-1.0009221145572137e-04
-9.9442016435231730e-05
-9.8756781314275160e-05
-9.8140908334751130e-05
-9.7469589961722729e-05
-9.6822888518853276e-05
-9.6217892867129940e-05
-9.5518802163404443e-05
-9.4902417312266564e-05
-9.4285856384860103e-05
-9.3575591582880513e-05
-9.3003035035813501e-05
-9.2356235203850477e-05
-9.1696969526913177e-05
-9.1124440849126685e-05
-9.0423613345895745e-05
-8.9832883774207736e-05
-8.9235681788307514e-05
-8.8559559898922815e-05
-8.7997470286634198e-05
-8.7345144438515630e-05
-8.6726944156872987e-05
-8.6159156031903340e-05
-8.5490666587711620e-05
-8.4934088257308712e-05
-8.4303175155720408e-05
-8.3707769065443995e-05
-8.3118056269466313e-05
-8.2492365724391657e-05
-8.1941169418936854e-05
-8.1292897394313313e-05
-8.0749711715858986e-05
-8.0142241620756856e-05
-7.9541877761222745e-05
-7.9007821289335203e-05
-7.8349844812481789e-05
-7.7841026638696920e-05
-7.7210647502553312e-05
-7.6665909320814608e-05
-7.6085985111126788e-05
-7.5505733269002080e-05
-7.4949398369552505e-05
-7.4361016989013564e-05
-7.3834845040615267e-05
-7.3213805050769380e-05
-7.2715557424200315e-05
-7.2095844541491150e-05
-7.1576830797277416e-05
-7.0998102159080105e-05
-7.0448083844767365e-05
-6.9899218726083309e-05
-6.9341770598474218e-05
-6.8801801866784595e-05
-6.8239971235764646e-05
-6.7711615064187776e-05
-6.7130055782573713e-05
-6.6635705528940773e-05
-6.6031887566583061e-05
-6.5552878246046917e-05
-6.4955389214179323e-05
-6.4471100777714678e-05
-6.3879988974357827e-05
-6.3396782419589297e-05
-6.2798546817934429e-05
-6.2332727367793856e-05
-6.1727791224079447e-05
-6.1263780423832139e-05
-6.0671322479208731e-05
-6.0197758540010500e-05
-5.9613948393635211e-05
-5.9134898590329329e-05
-5.8552165598543319e-05
-5.8081527293954602e-05
-5.7498110150879416e-05
-5.7018737629554397e-05
-5.6461258749187814e-05
-5.5955706842695163e-05
-5.5426066873442420e-05
-5.4900435125709897e-05
-5.4379825831467754e-05
-5.3849375582044068e-05
-5.3338172920910667e-05
-5.2795292471354872e-05
-5.2307493683125534e-05
-5.1736573189257127e-05
-5.1265255359933013e-05
-5.0694132676172802e-05
-5.0208265817811133e-05
-4.9665471947369097e-05
-4.9143952656033920e-05
-4.8638960530854003e-05
-4.8081454085640274e-05
-4.7604689287353479e-05
-4.7026052751343190e-05
-4.6538309235814331e-05
-4.5996272619285909e-05
-4.5475163563510949e-05
-4.4960931618756433e-05
-4.4410599870424116e-05
-4.3922299924054251e-05
-4.3344142531969162e-05
-4.2846167100776368e-05
-4.2304084114078577e-05
-4.1767678131715876e-05
-4.1262096058360572e-05
-4.0682916335536402e-05
-4.0176612442880653e-05
-3.9632960868730789e-05
-3.9085647688953939e-05
-3.8573304786807505e-05
-3.7985497057568583e-05
0.0000000000000000e+00
];
