%Vec Object:dSdr_b_aug_8260 1 MPI processes
%  type: seq
dSdr_b_aug_8260 = [
2.2910825344222494e+03
0.0000000000000000e+00
-7.0454928117895067e-07
-2.9106645882143179e-07
-1.8100043190962100e-07
-1.2848517196966059e-07
-9.6195278094126799e-08
-7.6228670343058410e-08
-6.2696345359935284e-08
-5.2532718833002191e-08
-4.4985502882599460e-08
-3.9199393051803617e-08
-3.4491986328154597e-08
-3.0679232084788720e-08
-2.7553337151109854e-08
-2.4918286062895886e-08
-2.2667545566499462e-08
-2.3732182414249717e-08
-1.8616307692607051e-04
-7.8293654322462774e-04
-7.4228824785975672e-04
-7.0345455214680208e-04
-6.6540772017505449e-04
-6.2750114177206298e-04
-5.8542042764349355e-04
-5.4478763509785129e-04
-5.0582149362358390e-04
-4.6646109707721404e-04
-4.2606636621925654e-04
-3.8287952916303932e-04
-3.4487269014185840e-04
-3.0833597416646003e-04
-2.7383847684729628e-04
-2.3745031095442882e-04
-2.0785016749930369e-04
-1.8208468661329018e-04
-1.5954640523854573e-04
-1.3826169737586011e-04
-1.2214059993095823e-04
-1.0991474854375448e-04
-1.0026732204745224e-04
-9.2494762756512803e-05
-8.7657748190966909e-05
-8.4716707029739463e-05
-8.3120392189370542e-05
-8.2764351901859970e-05
-8.3269766497321321e-05
-8.4284843188119201e-05
-8.5739882931445906e-05
-8.7699357212135483e-05
-8.9424138358985066e-05
-9.1230838837785873e-05
-9.3072094201665355e-05
-9.4846644201492273e-05
-9.6335351642405344e-05
-9.7671143830838401e-05
-9.8957372291128055e-05
-9.9997657419734724e-05
-1.0085467560488129e-04
-1.0155146676080526e-04
-1.0218231088289738e-04
-1.0260263391750453e-04
-1.0286387285200595e-04
-1.0308053008599494e-04
-1.0319230758306221e-04
-1.0317162448084284e-04
-1.0309280691512719e-04
-1.0295562382184671e-04
-1.0272826952869467e-04
-1.0244602689810217e-04
-1.0214678596027570e-04
-1.0179261695244934e-04
-1.0140475324621942e-04
-1.0096181779069436e-04
-1.0052077263410971e-04
-1.0005218884071352e-04
-9.9545579806008472e-05
-9.9052539420713500e-05
-9.8548835810388123e-05
-9.7981389646689679e-05
-9.7449953487892735e-05
-9.6915968126052676e-05
-9.6332852846795611e-05
-9.5789621959745764e-05
-9.5250569715081871e-05
-9.4625221996676951e-05
-9.4082575240768727e-05
-9.3522087779023542e-05
-9.2915047283857982e-05
-9.2373113741643089e-05
-9.1798046038209504e-05
-9.1193778804763009e-05
-9.0648312405325652e-05
-9.0054223344124393e-05
-8.9483498550871116e-05
-8.8947701207967627e-05
-8.8328349822726774e-05
-8.7784904534718677e-05
-8.7237723350796055e-05
-8.6608692478459389e-05
-8.6104525752796185e-05
-8.5529679249731250e-05
-8.4946896520361431e-05
-8.4441828837162152e-05
-8.3818982465156717e-05
-8.3298077304834112e-05
-8.2769884874889880e-05
-8.2170315540077243e-05
-8.1674429330249768e-05
-8.1097303224545028e-05
-8.0549889418186796e-05
-8.0048641059969082e-05
-7.9457734173084423e-05
-7.8965239206244738e-05
-7.8408602246393609e-05
-7.7881962873529303e-05
-7.7360475398577537e-05
-7.6808575148907559e-05
-7.6321588241915685e-05
-7.5748504573820057e-05
-7.5270872618633564e-05
-7.4733188547061296e-05
-7.4203548016161836e-05
-7.3734847441217212e-05
-7.3151576803347576e-05
-7.2705451104071174e-05
-7.2149506673025547e-05
-7.1668359123742468e-05
-7.1160244278188460e-05
-7.0647757702047673e-05
-7.0158437543339073e-05
-6.9641655616058993e-05
-6.9178483395578984e-05
-6.8632733457098404e-05
-6.8195770411305518e-05
-6.7650717506256142e-05
-6.7195510223151052e-05
-6.6687596493490039e-05
-6.6204541677169961e-05
-6.5723777769538519e-05
-6.5235316656816296e-05
-6.4761383952610169e-05
-6.4270890206329719e-05
-6.3807296867189828e-05
-6.3298296642044373e-05
-6.2867901710996567e-05
-6.2337377126557640e-05
-6.1921710813912700e-05
-6.1398299042909803e-05
-6.0975738015980954e-05
-6.0461305228727712e-05
-6.0039283704720014e-05
-5.9518089071633128e-05
-5.9113203645837113e-05
-5.8585800876866075e-05
-5.8183168602975089e-05
-5.7667478809710680e-05
-5.7256019482262715e-05
-5.6748950600967652e-05
-5.6333477544266403e-05
-5.5826764448260936e-05
-5.5421107713970593e-05
-5.4912760873001843e-05
-5.4499532645970158e-05
-5.4016879941991328e-05
-5.3578746774698822e-05
-5.3122862904855308e-05
-5.2667088537455073e-05
-5.2218755850560425e-05
-5.1760843087053654e-05
-5.1320087270932949e-05
-5.0852611657045102e-05
-5.0432933415040316e-05
-4.9941255008883721e-05
-4.9536649649138692e-05
-4.9044942789900186e-05
-4.8628167661399544e-05
-4.8162444643402654e-05
-4.7714202493260628e-05
-4.7283298866862330e-05
-4.6803479589752838e-05
-4.6397243664243794e-05
-4.5901404482845438e-05
-4.5484024892435573e-05
-4.5022747502012725e-05
-4.4576557382277989e-05
-4.4138846716022826e-05
-4.3669340387632954e-05
-4.3253962853759404e-05
-4.2761615276557811e-05
-4.2338180414280581e-05
-4.1876993896154576e-05
-4.1421477270947395e-05
-4.0992070523846782e-05
-4.0500908393563470e-05
-4.0071337436331450e-05
-3.9610725602008391e-05
-3.9147972363884475e-05
-3.8713200698804960e-05
-3.8217189632061359e-05
0.0000000000000000e+00
];
