%Vec Object:dSdr_b_aug_6650 1 MPI processes
%  type: seq
dSdr_b_aug_6650 = [
2.3064907747382586e+03
0.0000000000000000e+00
-7.7845479875900597e-07
-3.2127469879697072e-07
-1.9947527839153106e-07
-1.4146556660132210e-07
-1.0591073607233267e-07
-8.3928198258565674e-08
-6.9029648707023255e-08
-5.7832707493784019e-08
-4.9518570309765385e-08
-4.3144833363408504e-08
-3.7958605745254970e-08
-3.3758026279446716e-08
-3.0314269629239924e-08
-2.7411253959831671e-08
-2.4931602274881878e-08
-2.2817811800333644e-08
-3.5820292662215458e-07
-5.9188548401593996e-04
-7.5045550477059351e-04
-7.1208082377256289e-04
-6.7360728926890994e-04
-6.3527567067609759e-04
-5.9272743610840636e-04
-5.5165607232690920e-04
-5.1227871802196710e-04
-4.7250845632773597e-04
-4.3170079656620018e-04
-3.8808440485006370e-04
-3.4970168701237728e-04
-3.1280981089570865e-04
-2.7798158660328261e-04
-2.4124835485732040e-04
-2.1136931521930291e-04
-1.8536273569933387e-04
-1.6261420903874112e-04
-1.4113059343313878e-04
-1.2485870471682118e-04
-1.1251783283556948e-04
-1.0277714302014717e-04
-9.4927190831099723e-05
-9.0038910649442634e-05
-8.7062583821527243e-05
-8.5442187791645433e-05
-8.5071559663085148e-05
-8.5569768002095303e-05
-8.6581698093310484e-05
-8.8037003093974307e-05
-8.9998355540387876e-05
-9.1724488215962346e-05
-9.3533299009790344e-05
-9.5375663389010812e-05
-9.7149872304329776e-05
-9.8637150332373731e-05
-9.9969771820110852e-05
-1.0125059333622453e-04
-1.0228467012865139e-04
-1.0313445231269109e-04
-1.0382207922440969e-04
-1.0444217823786076e-04
-1.0485156938258347e-04
-1.0510064962796531e-04
-1.0530270116535804e-04
-1.0540110013886798e-04
-1.0536621206036157e-04
-1.0527164130132415e-04
-1.0511821353605249e-04
-1.0487510284854939e-04
-1.0457620979558850e-04
-1.0425922568580626e-04
-1.0388866486363028e-04
-1.0348433708506395e-04
-1.0302188731089987e-04
-1.0256402037930583e-04
-1.0207871646549999e-04
-1.0155228770284312e-04
-1.0104251155667930e-04
-1.0052213530361255e-04
-9.9934381992218966e-05
-9.9386161644772410e-05
-9.8835207588015081e-05
-9.8232359153325994e-05
-9.7672436643891694e-05
-9.7116572256344860e-05
-9.6471309220437035e-05
-9.5912037970319284e-05
-9.5334523581933728e-05
-9.4708391953033657e-05
-9.4150109694572298e-05
-9.3557747104975188e-05
-9.2934840440662473e-05
-9.2373165905220407e-05
-9.1761298062219347e-05
-9.1173082859115717e-05
-9.0621355533150973e-05
-8.9983647542335828e-05
-8.9423411005263380e-05
-8.8860258070259566e-05
-8.8212526520866201e-05
-8.7692615931683722e-05
-8.7101205213799070e-05
-8.6500815512133248e-05
-8.5980217780355124e-05
-8.5339419542502224e-05
-8.4802440256132025e-05
-8.4258361286455497e-05
-8.3641168954741305e-05
-8.3130042203125298e-05
-8.2535604528139727e-05
-8.1971895120732546e-05
-8.1455328786792915e-05
-8.0846561787887523e-05
-8.0339314327885841e-05
-7.9765578418091791e-05
-7.9223108407418767e-05
-7.8685914928435920e-05
-7.8117027573763081e-05
-7.7615259158698592e-05
-7.7024866540960067e-05
-7.6532143603450981e-05
-7.5978394240609908e-05
-7.5432472643489266e-05
-7.4948726626699200e-05
-7.4348258117373192e-05
-7.3887700116132555e-05
-7.3314620230231618e-05
-7.2818833615532024e-05
-7.2294187688468021e-05
-7.1766101013456243e-05
-7.1261353532017078e-05
-7.0728088845357928e-05
-7.0250413588930329e-05
-6.9687331285753237e-05
-6.9236260043558693e-05
-6.8674019821058139e-05
-6.8204123783903090e-05
-6.7679907900792510e-05
-6.7181437555102074e-05
-6.6684996207236658e-05
-6.6180653734758228e-05
-6.5691519010612420e-05
-6.5184602945271325e-05
-6.4706100684212039e-05
-6.4180396784932573e-05
-6.3735278825782001e-05
-6.3187881519165731e-05
-6.2757633136400494e-05
-6.2217168185606722e-05
-6.1780397009994766e-05
-6.1248312096536163e-05
-6.0812205281478536e-05
-6.0273275195629079e-05
-5.9854362260097821e-05
-5.9309110679740882e-05
-5.8892348565396027e-05
-5.8358986118046160e-05
-5.7933229796098189e-05
-5.7408494446590438e-05
-5.6978385494418873e-05
-5.6454171990423157e-05
-5.6033555954687103e-05
-5.5507927304288914e-05
-5.5079472101771365e-05
-5.4579593781728451e-05
-5.4125940244470065e-05
-5.3653077090917332e-05
-5.3181220950609105e-05
-5.2716249560859067e-05
-5.2241638032398436e-05
-5.1784664726806433e-05
-5.1299830247845400e-05
-5.0864470033018197e-05
-5.0354549378229879e-05
-4.9934586175801583e-05
-4.9424597048766112e-05
-4.8991916326201819e-05
-4.8508450840273626e-05
-4.8043339544472488e-05
-4.7595379968605524e-05
-4.7097676270863304e-05
-4.6675203788640540e-05
-4.6160303706552771e-05
-4.5726725440170529e-05
-4.5246856230195110e-05
-4.4783418692815920e-05
-4.4328091636614149e-05
-4.3839977937465103e-05
-4.3407812195005532e-05
-4.2895709383115206e-05
-4.2455113224773550e-05
-4.1975301741841803e-05
-4.1501161052992802e-05
-4.1054214283347770e-05
-4.0542783944839741e-05
-4.0095538931020696e-05
-3.9615793457890082e-05
-3.9133537326679962e-05
-3.8680805938224288e-05
-3.8163121824180491e-05
0.0000000000000000e+00
];
