%Vec Object:dSdr_b_aug_1990 1 MPI processes
%  type: seq
dSdr_b_aug_1990 = [
2.4102615068033138e+03
0.0000000000000000e+00
-1.5876360911360614e-06
-6.5094535976849054e-07
-3.9975026269214589e-07
-2.8182976673570558e-07
-2.1132454423426997e-07
-1.6777468716425492e-07
-1.3825841634014892e-07
-1.1595279015943014e-07
-9.9393810628360985e-08
-8.6703964417171199e-08
-7.6362081860814923e-08
-6.7983953522041900e-08
-6.1116315260964651e-08
-5.5325151333422852e-08
-5.0376535653767977e-08
-4.6154762740205320e-08
-4.2504868142088692e-08
-3.9284279547281999e-08
-3.6462924105059180e-08
-3.3974804643372731e-08
-3.2416239467687810e-08
-4.0093881689313199e-06
-4.7468897277270681e-04
-5.8287578555451852e-04
-5.4494678241480432e-04
-5.0322523779285739e-04
-4.6032647953283260e-04
-4.1452816382459565e-04
-3.7423580255797515e-04
-3.3553951092381545e-04
-2.9903100224432745e-04
-2.6054463598357307e-04
-2.2924864203023777e-04
-2.0201714165401672e-04
-1.7820044705279167e-04
-1.5570626593194715e-04
-1.3866827162490697e-04
-1.2574303020342108e-04
-1.1552850968791065e-04
-1.0728535757779805e-04
-1.0213661892929850e-04
-9.8981020786803830e-05
-9.7238277503366497e-05
-9.6793533773198174e-05
-9.7255129217656218e-05
-9.8251071842439053e-05
-9.9707723611367114e-05
-1.0167861736228531e-04
-1.0341161579399985e-04
-1.0523114746379409e-04
-1.0707914558093825e-04
-1.0885162093498086e-04
-1.1033163611679456e-04
-1.1164814804596111e-04
-1.1290149862503144e-04
-1.1390403298072052e-04
-1.1471705163097080e-04
-1.1535811844279197e-04
-1.1592362566951977e-04
-1.1627747609769051e-04
-1.1646478279624968e-04
-1.1659262858893155e-04
-1.1662305658638023e-04
-1.1651599868977592e-04
-1.1634139228583346e-04
-1.1610543189119487e-04
-1.1578226932265184e-04
-1.1539878221958442e-04
-1.1499165226520358e-04
-1.1453781129329347e-04
-1.1404983626135170e-04
-1.1348824222091631e-04
-1.1294491071464772e-04
-1.1237465869910610e-04
-1.1174753403643093e-04
-1.1115273033974286e-04
-1.1054764721986716e-04
-1.0985672165086347e-04
-1.0922322773203956e-04
-1.0858606270834619e-04
-1.0788295825758072e-04
-1.0723823252918396e-04
-1.0659695261120533e-04
-1.0585050811780388e-04
-1.0520677470471995e-04
-1.0454275356853447e-04
-1.0381962782200390e-04
-1.0317828452102125e-04
-1.0249805379945771e-04
-1.0178044793631980e-04
-1.0113642659342945e-04
-1.0043423215100877e-04
-9.9757155449804329e-05
-9.9124494500227111e-05
-9.8393524236501992e-05
-9.7747978346893798e-05
-9.7103679586712935e-05
-9.6360937685864901e-05
-9.5761039074831919e-05
-9.5085472522771184e-05
-9.4395629220850926e-05
-9.3796129867321494e-05
-9.3064125771382528e-05
-9.2445480638524206e-05
-9.1820688868879242e-05
-9.1113961529227231e-05
-9.0525404025900726e-05
-8.9843013578917613e-05
-8.9196513109663798e-05
-8.8602122618543238e-05
-8.7902615935959272e-05
-8.7320417303581174e-05
-8.6659808859899969e-05
-8.6036910079191696e-05
-8.5419921042368096e-05
-8.4764729397978042e-05
-8.4187862406979717e-05
-8.3509530344961526e-05
-8.2940136526191111e-05
-8.2304766231919131e-05
-8.1676127442677690e-05
-8.1115941924503169e-05
-8.0428098325902999e-05
-7.9894215936550275e-05
-7.9234078079921876e-05
-7.8663916605424363e-05
-7.8055283281139239e-05
-7.7447939144357732e-05
-7.6864812009539362e-05
-7.6247805441997878e-05
-7.5696446451730553e-05
-7.5045305789827891e-05
-7.4522556836013635e-05
-7.3872995187555207e-05
-7.3328471881320938e-05
-7.2721431728965617e-05
-7.2144641685149968e-05
-7.1568549985724907e-05
-7.0983521139198033e-05
-7.0417151487465909e-05
-6.9826800673896357e-05
-6.9272552609014738e-05
-6.8661984532885771e-05
-6.8142065233764638e-05
-6.7508944907263075e-05
-6.7004611352170667e-05
-6.6377506572642400e-05
-6.5868539824274529e-05
-6.5246772111398111e-05
-6.4739104098846342e-05
-6.4110067894625029e-05
-6.3619887352682735e-05
-6.2983953760684650e-05
-6.2495404175511192e-05
-6.1872254735491483e-05
-6.1373861745646707e-05
-6.0759370875251333e-05
-6.0254903490758116e-05
-5.9641778203288560e-05
-5.9145160702092032e-05
-5.8531730940674482e-05
-5.8025914404939680e-05
-5.7438520545000335e-05
-5.6906015149599782e-05
-5.6346888060882832e-05
-5.5793327917497110e-05
-5.5243823059183802e-05
-5.4684372983383450e-05
-5.4145006366167837e-05
-5.3571979818700729e-05
-5.3056947215595661e-05
-5.2454346615151291e-05
-5.1956358039209834e-05
-5.1353485935033492e-05
-5.0839997277355876e-05
-5.0266391690769909e-05
-4.9715577518080458e-05
-4.9180966276551008e-05
-4.8592402161830440e-05
-4.8087441753597836e-05
-4.7475704983605939e-05
-4.6959832375907237e-05
-4.6385511064002733e-05
-4.5834452733650037e-05
-4.5289631536790040e-05
-4.4706990600567654e-05
-4.4189542146417820e-05
-4.3577085465550611e-05
-4.3049318241441480e-05
-4.2474905521224518e-05
-4.1906177341148861e-05
-4.1370165167149779e-05
-4.0755833694051259e-05
-4.0218913128395603e-05
-3.9642173055880042e-05
-3.9061288104089486e-05
-3.8518592362445573e-05
-3.7897590339845137e-05
0.0000000000000000e+00
];
