%Vec Object:dSdr_b_aug_9610 1 MPI processes
%  type: seq
dSdr_b_aug_9610 = [
2.2753556542138763e+03
0.0000000000000000e+00
-6.3911685137005089e-07
-2.6489298804659245e-07
-1.6535957932184859e-07
-1.1778032475907888e-07
-8.8409449364337255e-08
-7.0242738998344231e-08
-5.7928341382443641e-08
-4.8676799054001115e-08
-4.1805234314621658e-08
-3.6536440123300189e-08
-3.2247020338917752e-08
-2.8771709022022017e-08
-2.5922035392872377e-08
-2.3518711545400274e-08
-2.1483919376106173e-08
-7.6964183579517585e-06
-8.0302193342431398e-04
-7.7792059046065767e-04
-7.3609471328900682e-04
-6.9756083854236961e-04
-6.5981109165857239e-04
-6.2219470180532150e-04
-5.8043309135797716e-04
-5.4009964191475772e-04
-5.0141417025721072e-04
-4.6233352367818561e-04
-4.2222063392969227e-04
-3.7932698575446859e-04
-3.4157669962370349e-04
-3.0528239518438850e-04
-2.7101063275108061e-04
-2.3485798862758384e-04
-2.0544820357756624e-04
-1.7984728293411094e-04
-1.5745250306487056e-04
-1.3630355799751915e-04
-1.2028538167417893e-04
-1.0813803637622102e-04
-9.8554265807190540e-05
-9.0834530231074723e-05
-8.6032506430693380e-05
-8.3115549068061016e-05
-8.1535670628058983e-05
-8.1189587135268394e-05
-8.1699920287581673e-05
-8.2717144651124033e-05
-8.4172003333577168e-05
-8.6130195676363395e-05
-8.7854054338216546e-05
-8.9659314429562712e-05
-9.1499812835273101e-05
-9.3274595630794959e-05
-9.4764278697485624e-05
-9.6102235013627004e-05
-9.7392153930773569e-05
-9.8436676500462532e-05
-9.9298633550764948e-05
-1.0000167967821198e-04
-1.0063985777799484e-04
-1.0106764227651412e-04
-1.0133718001676272e-04
-1.0156380624049067e-04
-1.0168471513109995e-04
-1.0167372751105489e-04
-1.0160566215016098e-04
-1.0147956671636385e-04
-1.0126296681321828e-04
-1.0099208878390397e-04
-1.0070495829458845e-04
-1.0036197737753434e-04
-9.9985351081354227e-05
-9.9555734955475376e-05
-9.9126171356202840e-05
-9.8668999736622302e-05
-9.8175918486520416e-05
-9.7694300950469125e-05
-9.7201977108696126e-05
-9.6648391414207971e-05
-9.6128411158561501e-05
-9.5606007633425934e-05
-9.5036361050003157e-05
-9.4504522886203128e-05
-9.3976945625075730e-05
-9.3365190935775896e-05
-9.2833891085769229e-05
-9.2285025206377311e-05
-9.1691015200805052e-05
-9.1160240334495348e-05
-9.0596977107137888e-05
-9.0005432057436015e-05
-8.9471028382190042e-05
-8.8889074076244198e-05
-8.8330287212191533e-05
-8.7805362742610909e-05
-8.7198540501280114e-05
-8.6666555936446319e-05
-8.6130276134373604e-05
-8.5514009249049655e-05
-8.5020588362528764e-05
-8.4457047623268645e-05
-8.3886282383696507e-05
-8.3391814603798114e-05
-8.2781221125927647e-05
-8.2271287224141388e-05
-8.1753938017573434e-05
-8.1166397110187265e-05
-8.0680913203235545e-05
-8.0115602962657682e-05
-7.9579311581032302e-05
-7.9088518377768091e-05
-7.8509801759423721e-05
-7.8027375982104585e-05
-7.7482409766025271e-05
-7.6966575461285457e-05
-7.6455807986971315e-05
-7.5915502142216690e-05
-7.5438604228882306e-05
-7.4877334638327961e-05
-7.4410002905959843e-05
-7.3883284063360193e-05
-7.3364756036946356e-05
-7.2906324601633112e-05
-7.2334792226073469e-05
-7.1898517172971801e-05
-7.1354268402303090e-05
-7.0883112624043113e-05
-7.0386280929068040e-05
-6.9884442069395383e-05
-6.9405651700107227e-05
-6.8900119941731088e-05
-6.8446846646865166e-05
-6.7912926768186766e-05
-6.7485593153872978e-05
-6.6952271308137108e-05
-6.6507089711068671e-05
-6.6010302879751051e-05
-6.5537769804071283e-05
-6.5067706402193324e-05
-6.4590084978862302e-05
-6.4126528286632121e-05
-6.3647243457220484e-05
-6.3193826078660029e-05
-6.2696226807006523e-05
-6.2275880956558647e-05
-6.1756872708334238e-05
-6.1351159266863169e-05
-6.0839387002235195e-05
-6.0426524995068537e-05
-5.9924140520178580e-05
-5.9511732795781493e-05
-5.9002643349380492e-05
-5.8607332285540449e-05
-5.8092112075642053e-05
-5.7699124009172246e-05
-5.7195496540940726e-05
-5.6793795511051025e-05
-5.6298784733420310e-05
-5.5893301288925105e-05
-5.5398532954312918e-05
-5.5003086571120567e-05
-5.4506535289992653e-05
-5.4103700113669926e-05
-5.3632804616311022e-05
-5.3205264754909886e-05
-5.2760969960928616e-05
-5.2316172081857009e-05
-5.1879196011912108e-05
-5.1432680861329466e-05
-5.1002994168735654e-05
-5.0547366715940230e-05
-5.0138392087717369e-05
-4.9659164791712462e-05
-4.9265041816943351e-05
-4.8785813386626656e-05
-4.8379894510797870e-05
-4.7926281491214400e-05
-4.7489553264085566e-05
-4.7070291065946148e-05
-4.6602678688000133e-05
-4.6207524931471073e-05
-4.5724695658391635e-05
-4.5318372397164763e-05
-4.4869784766304234e-05
-4.4435366809152860e-05
-4.4009680160997577e-05
-4.3552874258302477e-05
-4.3148955524683954e-05
-4.2670091906165163e-05
-4.2258370585606806e-05
-4.1809896703353367e-05
-4.1367092217618570e-05
-4.0949657894335646e-05
-4.0472330607317430e-05
-4.0054824460588321e-05
-3.9607274880589843e-05
-3.9157838962227026e-05
-3.8735341616658980e-05
-3.8254207487267408e-05
0.0000000000000000e+00
];
