%Vec Object:dSdr_b_aug_7900 1 MPI processes
%  type: seq
dSdr_b_aug_7900 = [
2.2950482571530142e+03
0.0000000000000000e+00
-7.2419024690798138e-07
-2.9968838723024736e-07
-1.8666916361256216e-07
-1.3276034832922670e-07
-9.9613651847855534e-08
-7.9115500553525805e-08
-6.5221226587836483e-08
-5.4775826842841389e-08
-4.7018250791074964e-08
-4.1070616164302046e-08
-3.6228256973798562e-08
-3.2305156275648887e-08
-2.9088510297815804e-08
-2.6375884238226319e-08
-2.4057770436369301e-08
-2.2515811836430504e-08
-5.5230411375756442e-05
-7.8244683811221842e-04
-7.4416155896291612e-04
-7.0525011647239752e-04
-6.6711290271632680e-04
-6.2911791139822772e-04
-5.8693997260606630e-04
-5.4621597602639812e-04
-5.0716431990668821e-04
-4.6771868898007188e-04
-4.2723808661673319e-04
-3.8396192061785847e-04
-3.4587691492651037e-04
-3.0926634087990182e-04
-2.7470006654251825e-04
-2.3824014176821560e-04
-2.0858199988207197e-04
-1.8276638083387263e-04
-1.6018437747032570e-04
-1.3885830518221474e-04
-1.2270584956343680e-04
-1.1045607890409498e-04
-1.0078925768643483e-04
-9.3000604034760209e-05
-8.8152928451520952e-05
-8.5204549406889970e-05
-8.3603226692376045e-05
-8.3244152736697142e-05
-8.3748068715442108e-05
-8.4762491023977865e-05
-8.6217585904936484e-05
-8.8177450739474044e-05
-8.9902512924491544e-05
-9.1709652237587195e-05
-9.3551138209666882e-05
-9.5325617260565550e-05
-9.6814027428593683e-05
-9.8149160232146180e-05
-9.9434264265817315e-05
-1.0047325831374268e-04
-1.0132877170919965e-04
-1.0202365708427148e-04
-1.0265226667419390e-04
-1.0307031633491428e-04
-1.0332902677456194e-04
-1.0354264664162921e-04
-1.0365164197152908e-04
-1.0362800483598894e-04
-1.0354591127469092e-04
-1.0340534997949425e-04
-1.0317471902577121e-04
-1.0288901381540834e-04
-1.0258608305287275e-04
-1.0222850524519328e-04
-1.0183721771277215e-04
-1.0139022411080655e-04
-1.0094568074164298e-04
-1.0047361987561469e-04
-9.9962889183073393e-05
-9.9466368472933371e-05
-9.8959197663797127e-05
-9.8387528480255832e-05
-9.7852601926165240e-05
-9.7315087799759568e-05
-9.6727868866895977e-05
-9.6181166834745366e-05
-9.5638618381981710e-05
-9.5009129128315257e-05
-9.4463025187375087e-05
-9.3898996852047036e-05
-9.3287986216837745e-05
-9.2742652839835943e-05
-9.2163988538983261e-05
-9.1555845100528349e-05
-9.1007008101211167e-05
-9.0409221813162409e-05
-8.9834859762285001e-05
-8.9295749663587058e-05
-8.8672580889268335e-05
-8.8125643739171941e-05
-8.7575141113666245e-05
-8.6942221300301186e-05
-8.6434780523949963e-05
-8.5856489374731032e-05
-8.5270045152658781e-05
-8.4761747887829964e-05
-8.4135168300146951e-05
-8.3610920413607954e-05
-8.3079424267344708e-05
-8.2476190107759302e-05
-8.1977134521616927e-05
-8.1396408354827347e-05
-8.0845605765329800e-05
-8.0341171928107556e-05
-7.9746550907019729e-05
-7.9250988057508914e-05
-7.8690795252740918e-05
-7.8160863789545761e-05
-7.7636110142795573e-05
-7.7080677307464116e-05
-7.6590616484437999e-05
-7.6013933301014819e-05
-7.5533163072614179e-05
-7.4992138113586109e-05
-7.4459111823395514e-05
-7.3987282446099585e-05
-7.3400435393094999e-05
-7.2951308398588012e-05
-7.2391800532636510e-05
-7.1907608690576798e-05
-7.1396056094195822e-05
-7.0880325371847736e-05
-7.0387796997203262e-05
-6.9867587368646655e-05
-6.9401399144538515e-05
-6.8852044823827441e-05
-6.8412147884593224e-05
-6.7863520761377201e-05
-6.7405258854310161e-05
-6.6893954983136350e-05
-6.6407694405391020e-05
-6.5923670270401111e-05
-6.5431906524180230e-05
-6.4954812460331802e-05
-6.4460903584904751e-05
-6.3994209838770489e-05
-6.3481735975639222e-05
-6.3048279296320172e-05
-6.2514245920203287e-05
-6.2095547173497424e-05
-6.1568589084446849e-05
-6.1143072968367263e-05
-6.0624969309172770e-05
-6.0200018662421536e-05
-5.9675135830524366e-05
-5.9267333299530032e-05
-5.8736218759803900e-05
-5.8330648102162478e-05
-5.7811283173308593e-05
-5.7396850703458677e-05
-5.6886107975305743e-05
-5.6467591301936749e-05
-5.5957238895375670e-05
-5.5548471292872578e-05
-5.5036530603921816e-05
-5.4620135847749413e-05
-5.4133900985638573e-05
-5.3692540280480938e-05
-5.3233125484028269e-05
-5.2774006836800067e-05
-5.2322214055810232e-05
-5.1860828711714379e-05
-5.1416700403782712e-05
-5.0945614945908229e-05
-5.0522675586667394e-05
-5.0027203642617594e-05
-4.9619404584021267e-05
-4.9123895880163379e-05
-4.8703813161978302e-05
-4.8234400575134070e-05
-4.7782650482725353e-05
-4.7348200082229655e-05
-4.6864661764195292e-05
-4.6455049503915752e-05
-4.5955246674776630e-05
-4.5534498688778309e-05
-4.5069355274900229e-05
-4.4619578762816644e-05
-4.4178205042202709e-05
-4.3704829669187214e-05
-4.3285961516049651e-05
-4.2789506473704156e-05
-4.2362503801501377e-05
-4.1897445432228044e-05
-4.1438057653493347e-05
-4.1005005998188591e-05
-4.0509633012604195e-05
-4.0076393242067619e-05
-3.9611814487196991e-05
-3.9145031171742107e-05
-3.8706596958130861e-05
-3.8206463792974749e-05
0.0000000000000000e+00
];
