%Vec Object:dSdr_b_aug_7460 1 MPI processes
%  type: seq
dSdr_b_aug_7460 = [
2.2984313402978682e+03
0.0000000000000000e+00
-7.4049095246213138e-07
-3.0648476820661041e-07
-1.9091441620457758e-07
-1.3580841854305249e-07
-1.0194394077067365e-07
-8.1002012022585039e-08
-6.6806577931749290e-08
-5.6131563506110953e-08
-4.8203268914413476e-08
-4.2124728142527800e-08
-3.7174932491104712e-08
-3.3164559675744914e-08
-2.9876297011944158e-08
-2.7103040067110874e-08
-2.4732870706976488e-08
-2.2796571460835714e-08
-1.3920577965141171e-05
-7.7521954232314457e-04
-7.4654405038117463e-04
-7.0757411491378409e-04
-6.6932030827877365e-04
-6.3121086946571362e-04
-5.8890707043918872e-04
-5.4806500740340366e-04
-5.0890264991326024e-04
-4.6934668042288881e-04
-4.2875491471181199e-04
-3.8536310959615914e-04
-3.4717691470006074e-04
-3.1047072906123643e-04
-2.7581542071143173e-04
-2.3926260179906554e-04
-2.0952937911255601e-04
-1.8364885462808807e-04
-1.6101025176533683e-04
-1.3963063218001628e-04
-1.2343758241201874e-04
-1.1115684724187071e-04
-1.0146491894209984e-04
-9.3655430638531369e-05
-8.8793954046369658e-05
-8.5836075900803339e-05
-8.4228270359770860e-05
-8.3865269253090361e-05
-8.4367245254729815e-05
-8.5380820474163869e-05
-8.6835986761725842e-05
-8.8796357209269347e-05
-9.0521783233061818e-05
-9.2329490655605978e-05
-9.4171275180369001e-05
-9.5945662407137311e-05
-9.7433687765573090e-05
-9.8767966992754883e-05
-1.0005161543786566e-04
-1.0108893815689206e-04
-1.0194250356913825e-04
-1.0263492186451087e-04
-1.0326063879495997e-04
-1.0367574551349862e-04
-1.0393118274805935e-04
-1.0414087065870498e-04
-1.0424626439574951e-04
-1.0421880318052981e-04
-1.0413246874873609e-04
-1.0398753427356814e-04
-1.0375266158768400e-04
-1.0346247396661672e-04
-1.0315476661748352e-04
-1.0279277601827209e-04
-1.0239705624195166e-04
-1.0194480924852328e-04
-1.0149573733939724e-04
-1.0101917529958410e-04
-1.0050310899729725e-04
-1.0000208290287412e-04
-9.9490423701343052e-05
-9.8913287691217725e-05
-9.8373842715893543e-05
-9.7831760497787864e-05
-9.7239229261143336e-05
-9.6688033727213723e-05
-9.6140959327723296e-05
-9.5506108730990239e-05
-9.4955529359595046e-05
-9.4386917256326396e-05
-9.3770767154144631e-05
-9.3221032588133561e-05
-9.2637712382765883e-05
-9.2024551078925194e-05
-9.1471350735800462e-05
-9.0868778275074430e-05
-9.0289707683392480e-05
-8.9746309121632592e-05
-8.9118198620533089e-05
-8.8566741148546281e-05
-8.8011938815746248e-05
-8.7373984649171137e-05
-8.6862305514458847e-05
-8.6279555162846363e-05
-8.5688371021046104e-05
-8.5175892958837661e-05
-8.4544480603638045e-05
-8.4015905450374428e-05
-8.3480132536832007e-05
-8.2872154143610096e-05
-8.2368995697421684e-05
-8.1783609135511765e-05
-8.1228419656651418e-05
-8.0719862113615601e-05
-8.0120433025847247e-05
-7.9620898702461381e-05
-7.9056102741232578e-05
-7.8521909560082541e-05
-7.7992927747592083e-05
-7.7432921865324637e-05
-7.6938881757429714e-05
-7.6357538884186529e-05
-7.5872706058278976e-05
-7.5327356211059095e-05
-7.4789946944524589e-05
-7.4314067229595365e-05
-7.3722590389869571e-05
-7.3269578119356633e-05
-7.2705457269723784e-05
-7.2217324489508088e-05
-7.1701321611020920e-05
-7.1181391233580575e-05
-7.0684709716494629e-05
-7.0160062814557625e-05
-6.9689970272443068e-05
-6.9135949958766958e-05
-6.8692254995121629e-05
-6.8139000926681250e-05
-6.7676784705183435e-05
-6.7161092181170767e-05
-6.6670681636041919e-05
-6.6182437025465185e-05
-6.5686397907146544e-05
-6.5205211354223440e-05
-6.4706881476717532e-05
-6.4236174145673982e-05
-6.3719203537869262e-05
-6.3281783317633325e-05
-6.2743207688016571e-05
-6.2320583347395833e-05
-6.1789034424506635e-05
-6.1359692838487340e-05
-6.0836837105088093e-05
-6.0408094601112800e-05
-5.9878437263069650e-05
-5.9466858430142165e-05
-5.8930938867575257e-05
-5.8521564360075590e-05
-5.7997441831368557e-05
-5.7579160512901485e-05
-5.7063661850422753e-05
-5.6641205094246215e-05
-5.6126141458295670e-05
-5.5713346710174344e-05
-5.5196753640472353e-05
-5.4776259679425409e-05
-5.4285387564694441e-05
-5.3839848671380720e-05
-5.3375862937297584e-05
-5.2912414968972044e-05
-5.2456142937855400e-05
-5.1990262174926817e-05
-5.1541768011375511e-05
-5.1066009432171551e-05
-5.0638848383349438e-05
-5.0138465506371683e-05
-4.9726532017857094e-05
-4.9226101609483224e-05
-4.8801737005013505e-05
-4.8327548033986552e-05
-4.7871256663411718e-05
-4.7432214697686424e-05
-4.6943861786544186e-05
-4.6529878552147605e-05
-4.6024944419274018e-05
-4.5599835664265645e-05
-4.5129687235627565e-05
-4.4675267637509243e-05
-4.4229151509144341e-05
-4.3750766960362420e-05
-4.3327379376742065e-05
-4.2825606180021859e-05
-4.2393983687157682e-05
-4.1923911508232837e-05
-4.1459510223976103e-05
-4.1021736992469703e-05
-4.0520908153182462e-05
-4.0082911203429367e-05
-3.9613182996645359e-05
-3.9141152476865095e-05
-3.8697892150820334e-05
-3.8191971245779888e-05
0.0000000000000000e+00
];
