%Vec Object:dSdr_b_aug_2670 1 MPI processes
%  type: seq
dSdr_b_aug_2670 = [
2.3863492950232858e+03
0.0000000000000000e+00
-1.3406869451779863e-06
-5.5131882597417081e-07
-3.3997408379829116e-07
-2.4037845968060792e-07
-1.8042856462272516e-07
-1.4338729890666995e-07
-1.1828061003663736e-07
-9.9323398038016595e-08
-8.5248039424345142e-08
-7.4460250107609011e-08
-6.5667835089622597e-08
-5.8544089199703327e-08
-5.2704130884242630e-08
-4.7778682142004840e-08
-4.3568932904222212e-08
-3.9977183194213025e-08
-3.6871606443945645e-08
-3.4130453965619119e-08
-3.1729014724856813e-08
-3.1652652780636186e-08
-2.0067713771365661e-05
-6.2425068284878947e-04
-6.2030486209575396e-04
-5.7836601623505971e-04
-5.3741273474294392e-04
-4.9604801746847569e-04
-4.5363306605050247e-04
-4.0834461784009792e-04
-3.6849877569781428e-04
-3.3022442337582003e-04
-2.9410883004414806e-04
-2.5603241466376145e-04
-2.2506775966334652e-04
-1.9812269336876002e-04
-1.7455577793076482e-04
-1.5229790628481428e-04
-1.3543905723394992e-04
-1.2265046412720005e-04
-1.1254674365560414e-04
-1.0439553698418590e-04
-9.9307703672707020e-05
-9.6194026159273147e-05
-9.4479892411263283e-05
-9.4052479787725500e-05
-9.4522636752170469e-05
-9.5522317872648787e-05
-9.6978654721583188e-05
-9.8947317353336941e-05
-1.0067871031207987e-04
-1.0249573503244965e-04
-1.0434241577049530e-04
-1.0611529650581188e-04
-1.0759701002985372e-04
-1.0891728900548373e-04
-1.1017706336266678e-04
-1.1118697357048995e-04
-1.1200858896791372e-04
-1.1266054334420246e-04
-1.1323881625553658e-04
-1.1360565426463021e-04
-1.1380740602161001e-04
-1.1395260400370059e-04
-1.1399892625934197e-04
-1.1390874447288772e-04
-1.1375285351514970e-04
-1.1353619245858706e-04
-1.1323174913279821e-04
-1.1286804340803966e-04
-1.1248199305724127e-04
-1.1204762622277148e-04
-1.1157921117139866e-04
-1.1104080093735434e-04
-1.1051745443362072e-04
-1.0996706664639808e-04
-1.0936348865659188e-04
-1.0878856776156969e-04
-1.0820329245272317e-04
-1.0753649261827549e-04
-1.0692293902393716e-04
-1.0630593352212028e-04
-1.0562627286166002e-04
-1.0500137742858397e-04
-1.0438007098791504e-04
-1.0365728665785312e-04
-1.0303330378722584e-04
-1.0238951129667083e-04
-1.0168906655010422e-04
-1.0106714615455526e-04
-1.0040746242246175e-04
-9.9712000917487396e-05
-9.9087235463526385e-05
-9.8406162895215606e-05
-9.7749865470501488e-05
-9.7136129952060885e-05
-9.6426968036571097e-05
-9.5801370793287906e-05
-9.5176047084809032e-05
-9.4455522300482733e-05
-9.3874328001454152e-05
-9.3218440354182915e-05
-9.2549514776909601e-05
-9.1968465685322048e-05
-9.1257789059720948e-05
-9.0658240571874757e-05
-9.0052322587701788e-05
-8.9366532008473230e-05
-8.8796080820071794e-05
-8.8134257145004597e-05
-8.7507116439184589e-05
-8.6930924256119985e-05
-8.6252636033293104e-05
-8.5687963893251221e-05
-8.5047669619282766e-05
-8.4443578205736441e-05
-8.3845248466305630e-05
-8.3210238113600084e-05
-8.2650932082874170e-05
-8.1993163674815399e-05
-8.1441698482006793e-05
-8.0825414327632275e-05
-8.0216118026394978e-05
-7.9673807028038466e-05
-7.9006395114286282e-05
-7.8489658809889699e-05
-7.7849878483014936e-05
-7.7297108734090093e-05
-7.6708114919687832e-05
-7.6119304249865449e-05
-7.5554505316140347e-05
-7.4957080846479163e-05
-7.4422951968194025e-05
-7.3792402763692610e-05
-7.3286414835296420e-05
-7.2657272319981119e-05
-7.2130199759631514e-05
-7.1542527129704809e-05
-7.0984051264203857e-05
-7.0426584901105041e-05
-6.9860423652698574e-05
-6.9312114516316897e-05
-6.8741273976437347e-05
-6.8204738210852554e-05
-6.7614014663154337e-05
-6.7111586809788873e-05
-6.6498511841107827e-05
-6.6011502262536089e-05
-6.5404657224796760e-05
-6.4912572589464427e-05
-6.4311776181404551e-05
-6.3820841938412701e-05
-6.3212876025277252e-05
-6.2739360597725870e-05
-6.2124631960555098e-05
-6.1652869051681636e-05
-6.1050715273464976e-05
-6.0569307532139994e-05
-5.9975804960892350e-05
-5.9488725436717516e-05
-5.8896391145796565e-05
-5.8417545705679836e-05
-5.7824647217577337e-05
-5.7336920727599341e-05
-5.6769991357764317e-05
-5.6255924544211679e-05
-5.5716969264938737e-05
-5.5182514637666929e-05
-5.4652776929909030e-05
-5.4113165338593255e-05
-5.3593065409173032e-05
-5.3040661517133450e-05
-5.2544259330550202e-05
-5.1963330809116202e-05
-5.1483587495778651e-05
-5.0902434926060202e-05
-5.0407842177605106e-05
-4.9855314706752299e-05
-4.9324541037189473e-05
-4.8810192141808867e-05
-4.8242874516282018e-05
-4.7757202755890003e-05
-4.7168109891447497e-05
-4.6671480582187633e-05
-4.6119245467005836e-05
-4.5588675838450238e-05
-4.5064781314799325e-05
-4.4504243864891604e-05
-4.4006737015876597e-05
-4.3417745940358637e-05
-4.2910361378295568e-05
-4.2358068343122086e-05
-4.1811455977242214e-05
-4.1296267302508624e-05
-4.0705992868158394e-05
-4.0190033431573258e-05
-3.9635959103720085e-05
-3.9078104882551341e-05
-3.8556355453362004e-05
-3.7959032927870690e-05
0.0000000000000000e+00
];
