%Vec Object:dSdr_b_aug_790 1 MPI processes
%  type: seq
dSdr_b_aug_790 = [
2.4863867226365128e+03
0.0000000000000000e+00
-2.7984966508936573e-06
-1.1398113457823320e-06
-6.9259069210350558e-07
-4.8548307640524573e-07
-3.6432871330109244e-07
-2.8956103285020460e-07
-2.3888919258539662e-07
-2.0041311641362798e-07
-1.7185593494479672e-07
-1.4997795102405555e-07
-1.3212740763768129e-07
-1.1766462707593903e-07
-1.0581085285541661e-07
-9.5813303752481875e-08
-8.7268324210127402e-08
-7.9978973189385846e-08
-7.3677240764718341e-08
-6.8115769893390116e-08
-6.3243986701619727e-08
-5.8947786008590023e-08
-5.5085022232360613e-08
-5.1631839234687677e-08
-4.8533873410751699e-08
-4.5722764186163690e-08
-4.3600323513037269e-08
-2.8068044579514363e-07
-4.5825390180550618e-05
-3.5843815172903964e-04
-3.8418665712848933e-04
-3.5043437137428522e-04
-3.1352931387635107e-04
-2.7394700487473741e-04
-2.4168800377854288e-04
-2.1360898787413141e-04
-1.8905005923070114e-04
-1.6585281152136332e-04
-1.4828164659577022e-04
-1.3494965670043306e-04
-1.2440530550789018e-04
-1.1588844055358474e-04
-1.1055839024394642e-04
-1.0727799560153292e-04
-1.0545008187791089e-04
-1.0495374311139230e-04
-1.0538985039272190e-04
-1.0637466291034255e-04
-1.0783225157328811e-04
-1.0980978672808226e-04
-1.1154756402108821e-04
-1.1337455827740335e-04
-1.1522647762358525e-04
-1.1699774553908728e-04
-1.1847270414751974e-04
-1.1977800095313729e-04
-1.2101222728064072e-04
-1.2199280307111229e-04
-1.2278022855150079e-04
-1.2338888240034839e-04
-1.2391638547237655e-04
-1.2423157117993829e-04
-1.2437587423324000e-04
-1.2445206179160251e-04
-1.2443517187095109e-04
-1.2427787307524459e-04
-1.2404755003436412e-04
-1.2375413475268967e-04
-1.2337524427006547e-04
-1.2293286725826864e-04
-1.2246298255334619e-04
-1.2195116635601453e-04
-1.2140496054988371e-04
-1.2077434758436567e-04
-1.2017152020089812e-04
-1.1954213185481731e-04
-1.1884490812662586e-04
-1.1819091280340376e-04
-1.1752686130452218e-04
-1.1676411278448356e-04
-1.1607125598853730e-04
-1.1537407552982413e-04
-1.1460117824923458e-04
-1.1389741700885998e-04
-1.1319667532837964e-04
-1.1237979371927888e-04
-1.1167726223817927e-04
-1.1095301971445725e-04
-1.1016237186309906e-04
-1.0946320589390946e-04
-1.0872180608174288e-04
-1.0793827572448197e-04
-1.0723692893971060e-04
-1.0647185397376559e-04
-1.0573291667456393e-04
-1.0504391407683986e-04
-1.0424801965011410e-04
-1.0354308598086125e-04
-1.0284229786193727e-04
-1.0203341489458228e-04
-1.0137783292941259e-04
-1.0064368173121019e-04
-9.9891565876220824e-05
-9.9237139670667757e-05
-9.8441643201162133e-05
-9.7766146919466189e-05
-9.7085167461079789e-05
-9.6316110904861281e-05
-9.5673650494348399e-05
-9.4930032298001012e-05
-9.4225897376044784e-05
-9.3577330115929142e-05
-9.2814655596566668e-05
-9.2180280211672051e-05
-9.1459196068741110e-05
-9.0780307382501297e-05
-9.0107769251830024e-05
-8.9392497501067375e-05
-8.8763351202051250e-05
-8.8023800740750149e-05
-8.7401033071945111e-05
-8.6708842985071881e-05
-8.6022621252791246e-05
-8.5409222974387728e-05
-8.4660553878382008e-05
-8.4075627309302713e-05
-8.3354884727516402e-05
-8.2732947809077567e-05
-8.2065847334515644e-05
-8.1403328774130079e-05
-8.0765638304294379e-05
-8.0090335526855757e-05
-7.9487682256511669e-05
-7.8775240513762271e-05
-7.8202593779138577e-05
-7.7492244082698507e-05
-7.6895769700576904e-05
-7.6231072192336279e-05
-7.5599760636008734e-05
-7.4968221110286904e-05
-7.4327023231569482e-05
-7.3706887267262837e-05
-7.3058454187889695e-05
-7.2451476488017501e-05
-7.1781831095177768e-05
-7.1209839679586579e-05
-7.0517044201353002e-05
-6.9961137127851734e-05
-6.9273719012260632e-05
-6.8714494230649143e-05
-6.8030294887888438e-05
-6.7472810515828045e-05
-6.6781048055182808e-05
-6.6241255600368512e-05
-6.5542194922216799e-05
-6.5003671601318667e-05
-6.4318018222983523e-05
-6.3769060427873282e-05
-6.3092087628620992e-05
-6.2535856952070120e-05
-6.1860837220830919e-05
-6.1311312769289671e-05
-6.0636761899945708e-05
-6.0077091910345858e-05
-5.9428775913593814e-05
-5.8841379645293394e-05
-5.8222201928583473e-05
-5.7611765654142248e-05
-5.7003415089654370e-05
-5.6384907092756473e-05
-5.5788184966044212e-05
-5.5153766353923881e-05
-5.4583272824309540e-05
-5.3916156462832426e-05
-5.3363854082670145e-05
-5.2696325542014568e-05
-5.2126586782959958e-05
-5.1490235073009516e-05
-5.0879764275848844e-05
-5.0284836572439748e-05
-4.9633026939075500e-05
-4.9070650367289872e-05
-4.8391509901667342e-05
-4.7818358518849423e-05
-4.7178296750714375e-05
-4.6566255794905962e-05
-4.5959150776012137e-05
-4.5310726166889063e-05
-4.4733934549819306e-05
-4.4051650252938946e-05
-4.3463242179958163e-05
-4.2823030651584515e-05
-4.2188535007480053e-05
-4.1590634082891451e-05
-4.0904842047974276e-05
-4.0305777210812995e-05
-3.9662029172714348e-05
-3.9013579968536467e-05
-3.8411337611902866e-05
-3.7734814494449616e-05
0.0000000000000000e+00
];
