%Vec Object:dSdr_b_aug_3370 1 MPI processes
%  type: seq
dSdr_b_aug_3370 = [
2.3664600449187801e+03
0.0000000000000000e+00
-1.1670742457313379e-06
-4.8069477752418233e-07
-2.9716806516541339e-07
-2.1042637137452113e-07
-1.5794642824680041e-07
-1.2551387330020080e-07
-1.0353062516193122e-07
-8.6948245680673460e-08
-7.4635330939022908e-08
-6.5197595526286729e-08
-5.7507166480862364e-08
-5.1276290221198461e-08
-4.6168082401658848e-08
-4.1859833749304015e-08
-3.8177652129175212e-08
-3.5035925251889886e-08
-3.2319386968638560e-08
-2.9921613183352451e-08
-2.8521630863445180e-08
-1.3958530921997290e-05
-6.5709103886750161e-04
-6.5742624469406895e-04
-6.1414626347350255e-04
-5.7180314952893542e-04
-5.3122001487942961e-04
-4.9024749264669012e-04
-4.4822856812622820e-04
-4.0335214157782650e-04
-3.6386683896127769e-04
-3.2593315324970566e-04
-2.9013479045590478e-04
-2.5238935930924213e-04
-2.2169221916183530e-04
-1.9497841263009746e-04
-1.7161316268050065e-04
-1.4954608142956209e-04
-1.3283186980232153e-04
-1.2015360314413730e-04
-1.1013933986939829e-04
-1.0206236765509604e-04
-9.7023707795161019e-05
-9.3943875952901527e-05
-9.2252840830843371e-05
-9.1839420911068762e-05
-9.2316490233570090e-05
-9.3319189722288937e-05
-9.4775272312730362e-05
-9.6742133594477403e-05
-9.8472230334276854e-05
-1.0028723100589112e-04
-1.0213284812466261e-04
-1.0390605615474282e-04
-1.0538914087774112e-04
-1.0671246127287645e-04
-1.0797742202853178e-04
-1.0899328731582354e-04
-1.0982184351289547e-04
-1.1048258823765671e-04
-1.1107116784541245e-04
-1.1144849170430614e-04
-1.1166190604212135e-04
-1.1182111375051543e-04
-1.1188026863480672e-04
-1.1180371220020457e-04
-1.1166293166125229e-04
-1.1146185248630542e-04
-1.1117252268374324e-04
-1.1082478802059621e-04
-1.1045575688288181e-04
-1.1003711304497273e-04
-1.0958449029472385e-04
-1.0906479810610192e-04
-1.0855758693901765e-04
-1.0802323698086224e-04
-1.0743866993678207e-04
-1.0687980187090398e-04
-1.0631051884776750e-04
-1.0566319748534247e-04
-1.0506574316853210e-04
-1.0446501392065828e-04
-1.0380428116093471e-04
-1.0319539621462127e-04
-1.0259021586229111e-04
-1.0188653415930527e-04
-1.0127849738495301e-04
-1.0065103699944628e-04
-9.9968904327872097e-05
-9.9362665502739466e-05
-9.8719570898793180e-05
-9.8041988197700866e-05
-9.7432769469347219e-05
-9.6768750176748052e-05
-9.6129229422958361e-05
-9.5530773826842328e-05
-9.4839219429355157e-05
-9.4229728226942678e-05
-9.3619724503222104e-05
-9.2917137266336378e-05
-9.2351044363728969e-05
-9.1711044975032084e-05
-9.1059007849014052e-05
-9.0492855040649449e-05
-8.9799397684812272e-05
-8.9215267353769107e-05
-8.8624587595177861e-05
-8.7955700836193340e-05
-8.7399868236707852e-05
-8.6754649662486381e-05
-8.6143139548817954e-05
-8.5581640227617753e-05
-8.4920483262179873e-05
-8.4369961576712344e-05
-8.3746068458762524e-05
-8.3157161646373387e-05
-8.2573896960139962e-05
-8.1955180481131963e-05
-8.1410052733538857e-05
-8.0768886908927373e-05
-8.0231896843469482e-05
-7.9631022364348421e-05
-7.9037342707524898e-05
-7.8509463152568709e-05
-7.7858547273667152e-05
-7.7355654292435899e-05
-7.6732310129519433e-05
-7.6193582027772827e-05
-7.5620444666079265e-05
-7.5046597457195560e-05
-7.4496596257826424e-05
-7.3914981887640501e-05
-7.3394764173878441e-05
-7.2780840000764778e-05
-7.2288384508080171e-05
-7.1675727893804971e-05
-7.1162744632308553e-05
-7.0590708859058000e-05
-7.0047019406353059e-05
-6.9504590677340729e-05
-6.8953662659204936e-05
-6.8419935134442250e-05
-6.7864846705152645e-05
-6.7342611410224363e-05
-6.6767909842103371e-05
-6.6279604147747963e-05
-6.5682713303320163e-05
-6.5209690673319391e-05
-6.4619202848127373e-05
-6.4140748411741589e-05
-6.3556883714620564e-05
-6.3079459901790164e-05
-6.2488505618643107e-05
-6.2028445190824116e-05
-6.1430836907871319e-05
-6.0972627144875614e-05
-6.0387424742896131e-05
-5.9919730469686841e-05
-5.9343173330297249e-05
-5.8870132333109969e-05
-5.8294584176925578e-05
-5.7830087457934917e-05
-5.7253765410559128e-05
-5.6780644374713637e-05
-5.6230237526528138e-05
-5.5731057566548681e-05
-5.5208388505913689e-05
-5.4689359198505810e-05
-5.4175580997809889e-05
-5.3651986506914933e-05
-5.3147442023434387e-05
-5.2611688352055296e-05
-5.2130327901877922e-05
-5.1566896879725280e-05
-5.1101884339039949e-05
-5.0538267583122763e-05
-5.0058930923312809e-05
-4.9523421400635584e-05
-4.9008827936483331e-05
-4.8510838357053885e-05
-4.7960674620157150e-05
-4.7490576035494966e-05
-4.6919765298862492e-05
-4.6438672550826505e-05
-4.5904269282409494e-05
-4.5390241721950972e-05
-4.4883242872727664e-05
-4.4340551225868111e-05
-4.3859144727950295e-05
-4.3289099191829248e-05
-4.2798171071237816e-05
-4.2263736899679682e-05
-4.1734980259432990e-05
-4.1236603903918405e-05
-4.0665752430242933e-05
-4.0166716308186975e-05
-3.9630941376430792e-05
-3.9091680735906970e-05
-3.8586840143339500e-05
-3.8008620097259862e-05
0.0000000000000000e+00
];
