%Vec Object:dSdr_b_aug_8240 1 MPI processes
%  type: seq
dSdr_b_aug_8240 = [
2.2913873958533577e+03
0.0000000000000000e+00
-7.0609543543423744e-07
-2.9176772015137327e-07
-1.8147553701610659e-07
-1.2885317598600347e-07
-9.6496301079564133e-08
-7.6488059769260703e-08
-6.2927333939788066e-08
-5.2741302338628551e-08
-4.5177326339366655e-08
-3.9378346315218700e-08
-3.4660071560954928e-08
-3.0838402624443029e-08
-2.7705174304222400e-08
-2.5063824041222207e-08
-2.2807580398047715e-08
-2.3451472063146509e-08
-1.7265417868956212e-04
-7.8296100038005763e-04
-7.4238858740453850e-04
-7.0355040476190959e-04
-6.6549874480501567e-04
-6.2758744677355281e-04
-5.8550154268216634e-04
-5.4486388156277333e-04
-5.0589317522084011e-04
-4.6652822876794379e-04
-4.2612891399322980e-04
-3.8293730845903563e-04
-3.4492629681434259e-04
-3.0838563821350130e-04
-2.7388446950121515e-04
-2.3749247304063385e-04
-2.0788923356565776e-04
-1.8212107624979588e-04
-1.5958046094762486e-04
-1.3829354500049596e-04
-1.2217077362879243e-04
-1.0994364540466038e-04
-1.0029518359668008e-04
-9.2521765170749316e-05
-8.7684181507508130e-05
-8.4742748640809118e-05
-8.3146166473188919e-05
-8.2789964243488803e-05
-8.3295298839429420e-05
-8.4310340596879718e-05
-8.5765383281799477e-05
-8.7724878409016006e-05
-8.9449674556465824e-05
-9.1256398459289511e-05
-9.3097666131943733e-05
-9.4872212343180835e-05
-9.6360903914209208e-05
-9.7696660902899432e-05
-9.8982829339030795e-05
-1.0002304554740611e-04
-1.0087998340442169e-04
-1.0157667282684221e-04
-1.0220739766642288e-04
-1.0262759934514162e-04
-1.0288870330516482e-04
-1.0310519840053771e-04
-1.0321682738183810e-04
-1.0319598658951041e-04
-1.0311699414706474e-04
-1.0297963072110178e-04
-1.0275210151575947e-04
-1.0246967404839777e-04
-1.0217023614320135e-04
-1.0181588516947359e-04
-1.0142783869523810e-04
-1.0098468661095758e-04
-1.0054345471559022e-04
-1.0007468531186389e-04
-9.9567856258186470e-05
-9.9074630088972812e-05
-9.8570741395431755e-05
-9.8003069801961591e-05
-9.7471447321678168e-05
-9.6937273590201001e-05
-9.6353939253132292e-05
-9.5810523072256616e-05
-9.5271284195880658e-05
-9.4645715397465496e-05
-9.4102884092989262e-05
-9.3542207615244868e-05
-9.2934955189387074e-05
-9.2392840160005618e-05
-9.1817580466005278e-05
-9.1213106316224402e-05
-9.0667459990236159e-05
-9.0073173566751157e-05
-8.9502254612482124e-05
-8.8966280430815818e-05
-8.8346725268947680e-05
-8.7803093581285908e-05
-8.7255735094956006e-05
-8.6626496626466358e-05
-8.6122155128163909e-05
-8.5547124746079622e-05
-8.4964146562321221e-05
-8.4458906480638040e-05
-8.3835860825593952e-05
-8.3314777227004079e-05
-8.2786408441183127e-05
-8.2186643474147774e-05
-8.1690588079662264e-05
-8.1113269798877284e-05
-8.0565675095727501e-05
-8.0064256693308222e-05
-7.9473151542024063e-05
-7.8980492808405716e-05
-7.8423666033832284e-05
-7.7896850925752902e-05
-7.7375189099157526e-05
-7.6823100276374477e-05
-7.6335949280579362e-05
-7.5762673466618611e-05
-7.5284873987182694e-05
-7.4747011575597083e-05
-7.4217190309392415e-05
-7.3748322715789231e-05
-7.3164861165219178e-05
-7.2718575253776963e-05
-7.2162440602922411e-05
-7.1681130546257202e-05
-7.1172832190095211e-05
-7.0660172438182390e-05
-7.0170681021716017e-05
-6.9653716120328122e-05
-6.9190382902601221e-05
-6.8644440558612827e-05
-6.8207320898777026e-05
-6.7662077198441965e-05
-6.7206706856573917e-05
-6.6698612157882982e-05
-6.6215386214968253e-05
-6.5734448273303004e-05
-6.5245810862890494e-05
-6.4771709402368195e-05
-6.4281033353293899e-05
-6.3817274511629156e-05
-6.3308088860483192e-05
-6.2877530490598011e-05
-6.2346818603706497e-05
-6.1930990417112362e-05
-6.1407389340526917e-05
-6.0984670568490368e-05
-6.0470041826907289e-05
-6.0047863944003986e-05
-5.9526472431753554e-05
-5.9121431288677798e-05
-5.8593830382365075e-05
-5.8191041255447577e-05
-5.7675155280611028e-05
-5.7263537244823279e-05
-5.6756272250912864e-05
-5.6340636724052260e-05
-5.5833729359209868e-05
-5.5427906565007217e-05
-5.4919367882279158e-05
-5.4505970624344246e-05
-5.4023126702898242e-05
-5.3584821248307031e-05
-5.3128748896123904e-05
-5.2672796010006072e-05
-5.2224278622313752e-05
-5.1766180491734411e-05
-5.1325244651667747e-05
-5.0857576344047260e-05
-5.0437724024070493e-05
-4.9945843119202896e-05
-4.9541067281247433e-05
-4.9049157480925548e-05
-4.8632205795806331e-05
-4.8166285831522011e-05
-4.7717856431391053e-05
-4.7286763483156661e-05
-4.6806745689739414e-05
-4.6400329543377168e-05
-4.5904278791700296e-05
-4.5486719408399434e-05
-4.5025235664071187e-05
-4.4578854121030954e-05
-4.4140947943776712e-05
-4.3671235114540341e-05
-4.3255671288505196e-05
-4.2763104502544405e-05
-4.2339479254191111e-05
-4.1878086142733518e-05
-4.1422362995740932e-05
-4.0992761858621474e-05
-4.0501375221402462e-05
-4.0071608864703735e-05
-3.9610786081879855e-05
-3.9147819439269975e-05
-3.8712857118220343e-05
-3.8216651846623799e-05
0.0000000000000000e+00
];
