%Vec Object:dSdr_b_aug_7480 1 MPI processes
%  type: seq
dSdr_b_aug_7480 = [
2.2982548390105653e+03
0.0000000000000000e+00
-7.3964312930139438e-07
-3.0613641111999589e-07
-1.9070017270811070e-07
-1.3565701179537621e-07
-1.0182995222767800e-07
-8.0911133994131834e-08
-6.6731366881815860e-08
-5.6068227516975110e-08
-4.8148750252939982e-08
-4.2076966440602434e-08
-3.7132687081692114e-08
-3.3126785510015191e-08
-2.9842188477779095e-08
-2.7072025099220788e-08
-2.4704501832071975e-08
-2.2778057171350631e-08
-1.5030908250280864e-05
-7.7599967050533993e-04
-7.4641392424924465e-04
-7.0744491661338383e-04
-6.6919757047997246e-04
-6.3109449496466660e-04
-5.8879769412429782e-04
-5.4796219592415367e-04
-5.0880599374979229e-04
-4.6925615940216192e-04
-4.2867057469423738e-04
-3.8528519944749598e-04
-3.4710463096345514e-04
-3.1040376160535154e-04
-2.7575340380385884e-04
-2.3920575007402759e-04
-2.0947670209699396e-04
-1.8359978654237079e-04
-1.6096433077537737e-04
-1.3958768857461434e-04
-1.2339689594947361e-04
-1.1111788249886592e-04
-1.0142735023114422e-04
-9.3619020394386550e-05
-8.8758311178085354e-05
-8.5800961209816289e-05
-8.4193516132473740e-05
-8.3830733386510336e-05
-8.4332817256243181e-05
-8.5346439576040124e-05
-8.6801601892952035e-05
-8.8761944226717864e-05
-9.0487350019811112e-05
-9.2295025853627354e-05
-9.4136793777810634e-05
-9.5911186110091379e-05
-9.7399232864892605e-05
-9.8733559553238479e-05
-1.0001728893313989e-04
-1.0105470458275443e-04
-1.0190837830837764e-04
-1.0260093378039962e-04
-1.0322681155096791e-04
-1.0364208190549680e-04
-1.0389770113962729e-04
-1.0410760767832262e-04
-1.0421320167425421e-04
-1.0418595308883705e-04
-1.0409985446162183e-04
-1.0395516314782411e-04
-1.0372052631443697e-04
-1.0343058792829125e-04
-1.0312314617111194e-04
-1.0276140093580078e-04
-1.0236592760498969e-04
-1.0191397271524995e-04
-1.0146515260597758e-04
-1.0098884084438113e-04
-1.0047307121736280e-04
-9.9972295635274302e-05
-9.9460886001282987e-05
-9.8884053962465556e-05
-9.8344860224372981e-05
-9.7803032005322111e-05
-9.7210796148075498e-05
-9.6659850465787486e-05
-9.6113027721973635e-05
-9.5478475231366828e-05
-9.4928144706798420e-05
-9.4359787474234823e-05
-9.3743923141230260e-05
-9.3194433294010401e-05
-9.2611371970353063e-05
-9.1998489674292551e-05
-9.1445531945658586e-05
-9.0843225609931057e-05
-9.0264416826691220e-05
-8.9721256715838153e-05
-8.9093420988996114e-05
-8.8542214859937927e-05
-8.7987651603257946e-05
-8.7349977361238877e-05
-8.6838533891470175e-05
-8.6256031484391261e-05
-8.5665110895841339e-05
-8.5152865298065514e-05
-8.4521721658723989e-05
-8.3993387114012877e-05
-8.3457852001109364e-05
-8.2850137401007789e-05
-8.2347207085714776e-05
-8.1762079655262442e-05
-8.1207134100149981e-05
-8.0698805847097783e-05
-8.0099644101754415e-05
-7.9600330603818122e-05
-7.9035790591416475e-05
-7.8501834374126891e-05
-7.7973087659898377e-05
-7.7413336052284455e-05
-7.6919517204157662e-05
-7.6338433423165413e-05
-7.5853826489451700e-05
-7.5308717118546746e-05
-7.4771551558198439e-05
-7.4295897053782065e-05
-7.3704677643615779e-05
-7.3251881405715321e-05
-7.2688017051347360e-05
-7.2200103398724404e-05
-7.1684347968827160e-05
-7.1164651104392907e-05
-7.0668200514076543e-05
-7.0143800337412523e-05
-6.9673924886715129e-05
-6.9120164015786483e-05
-6.8676680233331134e-05
-6.8123683436476315e-05
-6.7661687086350571e-05
-6.7146238584183521e-05
-6.6656058789302738e-05
-6.6168048849436209e-05
-6.5672247454236373e-05
-6.5191288455611549e-05
-6.4693204398679743e-05
-6.4222720234642267e-05
-6.3705999658927604e-05
-6.3268799823115661e-05
-6.2730476756021723e-05
-6.2308070689872169e-05
-6.1776777030723835e-05
-6.1347648152006073e-05
-6.0825056647790111e-05
-6.0396524982165571e-05
-5.9867133120602149e-05
-5.9455764261121896e-05
-5.8920111871868497e-05
-5.8510948869578898e-05
-5.7987090877350532e-05
-5.7569023566176704e-05
-5.7053789347592468e-05
-5.6631551671619784e-05
-5.6116749993869109e-05
-5.5704179166926325e-05
-5.5187844783305008e-05
-5.4767578750177359e-05
-5.4276964480400398e-05
-5.3831657906752433e-05
-5.3367926330368171e-05
-5.2904719085195001e-05
-5.2448696113750833e-05
-5.1983065309560677e-05
-5.1534813900700395e-05
-5.1059315161099312e-05
-5.0632388851021910e-05
-5.0132279036780038e-05
-4.9720575435255000e-05
-4.9220418688705721e-05
-4.8796292170407495e-05
-4.8322368781182982e-05
-4.7866329919969130e-05
-4.7427543259866480e-05
-4.6939458055540112e-05
-4.6525717861677158e-05
-4.6021069046158323e-05
-4.5596202764875462e-05
-4.5126332632327547e-05
-4.4672171206556983e-05
-4.4226318773809391e-05
-4.3748212754644240e-05
-4.3325076470584750e-05
-4.2823598986492493e-05
-4.2392233379196776e-05
-4.1922439996217645e-05
-4.1458317496190710e-05
-4.1020806825062900e-05
-4.0520281388353792e-05
-4.0082549019048601e-05
-3.9613107259502022e-05
-3.9141368761319979e-05
-3.8698377518588440e-05
-3.8192782357823074e-05
0.0000000000000000e+00
];
