%Vec Object:dSdr_b_aug_980 1 MPI processes
%  type: seq
dSdr_b_aug_980 = [
2.4692530938689456e+03
0.0000000000000000e+00
-2.4552519783478642e-06
-1.0015350464630114e-06
-6.1005515271142354e-07
-4.2816842838466515e-07
-3.2122658541465320e-07
-2.5521562975999624e-07
-2.1047784637631690e-07
-1.7654775009141984e-07
-1.5136347697830782e-07
-1.3206817486404241e-07
-1.1632957375862954e-07
-1.0357842106893756e-07
-9.3127230723821296e-08
-8.4313134636006870e-08
-7.6780204705635093e-08
-7.0354100581526858e-08
-6.4798649584854579e-08
-5.9896109046669273e-08
-5.5601502093583116e-08
-5.1814232756750622e-08
-4.8409203136553115e-08
-4.5365215177669437e-08
-4.2634609518977658e-08
-4.0586490909831130e-08
-4.8973786552333907e-07
-1.0490015581236132e-04
-4.4057370448286591e-04
-4.2600816315530840e-04
-3.8714494534469718e-04
-3.4772068197430048e-04
-3.1033985236597611e-04
-2.7091615069659567e-04
-2.3885943596052545e-04
-2.1096969419368911e-04
-1.8657886096179379e-04
-1.6354146631840767e-04
-1.4609165636732661e-04
-1.3285228791358659e-04
-1.2238305930230498e-04
-1.1392854176963784e-04
-1.0863979281140848e-04
-1.0538782652341064e-04
-1.0357931474896835e-04
-1.0309472949205164e-04
-1.0353664305072188e-04
-1.0452399103713737e-04
-1.0598136623008155e-04
-1.0795738840422238e-04
-1.0969407705611873e-04
-1.1151937129822455e-04
-1.1337039740978183e-04
-1.1514194047581506e-04
-1.1661805112055974e-04
-1.1792590296489126e-04
-1.1916448613986583e-04
-1.2015006447038353e-04
-1.2094332050124075e-04
-1.2155935854222539e-04
-1.2209551955612888e-04
-1.2241951368848711e-04
-1.2257361363147480e-04
-1.2266156971558136e-04
-1.2265545953266065e-04
-1.2250960636833039e-04
-1.2229197640777702e-04
-1.2201165020272254e-04
-1.2164545536564895e-04
-1.2121649434518671e-04
-1.2076090609597510e-04
-1.2026229750909220e-04
-1.1972935752990520e-04
-1.1911446808416032e-04
-1.1852519473361703e-04
-1.1790927850968954e-04
-1.1722802436919278e-04
-1.1658751376357034e-04
-1.1593689612247127e-04
-1.1519050991329137e-04
-1.1451117684574486e-04
-1.1382766877663868e-04
-1.1307067131192726e-04
-1.1238035920852685e-04
-1.1169316377091811e-04
-1.1089232874562871e-04
-1.1020319230808816e-04
-1.0949266907992109e-04
-1.0871740373108533e-04
-1.0803141059507690e-04
-1.0730394597839033e-04
-1.0653543416490750e-04
-1.0584714693769070e-04
-1.0509639705556975e-04
-1.0437155248663650e-04
-1.0369538532394371e-04
-1.0291428155072338e-04
-1.0222287726846356e-04
-1.0153495823487875e-04
-1.0074114314868418e-04
-1.0009824664953160e-04
-9.9377441856945869e-05
-9.8639512549062683e-05
-9.7997599434986976e-05
-9.7216567403064528e-05
-9.6554022593115703e-05
-9.5885843486404483e-05
-9.5130986417079751e-05
-9.4500805861791746e-05
-9.3771136224095203e-05
-9.3080131257992522e-05
-9.2443906245159125e-05
-9.1695622266706772e-05
-9.1073133498503024e-05
-9.0365826560574440e-05
-8.9699693151410546e-05
-8.9039809874000517e-05
-8.8338225204743831e-05
-8.7720988854207875e-05
-8.6995384792267876e-05
-8.6384776422866069e-05
-8.5705530669067046e-05
-8.5032427125561179e-05
-8.4431151445928869e-05
-8.3696339236561578e-05
-8.3123041231038112e-05
-8.2416105239350497e-05
-8.1805963474692789e-05
-8.1152182618503258e-05
-8.0502233545536245e-05
-7.9876973347334121e-05
-7.9214951242185841e-05
-7.8623983504125426e-05
-7.7925506982886198e-05
-7.7364227635764974e-05
-7.6667726281812458e-05
-7.6083087053699139e-05
-7.5431524668845903e-05
-7.4812633844724186e-05
-7.4193726076830237e-05
-7.3565324254708158e-05
-7.2957436971405172e-05
-7.2322235806063034e-05
-7.1727270612812391e-05
-7.1071083815425911e-05
-7.0510955109485575e-05
-6.9831754416014823e-05
-6.9287596458668266e-05
-6.8613918508690915e-05
-6.8066143149933891e-05
-6.7396166542774664e-05
-6.6850030966150338e-05
-6.6172558352294429e-05
-6.5644068107976301e-05
-6.4959388580827521e-05
-6.4432249888062861e-05
-6.3760835686837519e-05
-6.3223397160740968e-05
-6.2560658510553497e-05
-6.2016220120023361e-05
-6.1355300683420136e-05
-6.0817829041241761e-05
-6.0157202269078338e-05
-5.9609800693342661e-05
-5.8975363441227516e-05
-5.8400471897370596e-05
-5.7794974353604916e-05
-5.7197495039119169e-05
-5.6602550111923846e-05
-5.5997496074859189e-05
-5.5413840050078123e-05
-5.4793407093883338e-05
-5.4235547993282152e-05
-5.3583128837829299e-05
-5.3043199477007869e-05
-5.2390400096915957e-05
-5.1833475365171688e-05
-5.1211417496177544e-05
-5.0614536630786093e-05
-5.0033349086851006e-05
-4.9395946774892857e-05
-4.8846649388871120e-05
-4.8182863229579201e-05
-4.7622759362635305e-05
-4.6997672535394153e-05
-4.6399522300647401e-05
-4.5806604019461646e-05
-4.5173162908985925e-05
-4.4609886844582348e-05
-4.3943505576735874e-05
-4.3368906289938545e-05
-4.2743676539257769e-05
-4.2124152433243130e-05
-4.1540334502844239e-05
-4.0870797518436009e-05
-4.0285849751383799e-05
-3.9657293752640610e-05
-3.9024080227222575e-05
-3.8434963005136427e-05
-3.7768741458505306e-05
0.0000000000000000e+00
];
