%Vec Object:dSdr_b_aug_860 1 MPI processes
%  type: seq
dSdr_b_aug_860 = [
2.4795645341379704e+03
0.0000000000000000e+00
-2.6551055539227106e-06
-1.0815307272611601e-06
-6.5747229738378993e-07
-4.6084450374158091e-07
-3.4560533935972210e-07
-2.7448310790634791e-07
-2.2628239492606397e-07
-1.8970809956758080e-07
-1.6256284938481102e-07
-1.4176608636571928e-07
-1.2480288080243936e-07
-1.1106015093667629e-07
-9.9796620762049193e-08
-9.0298046227920116e-08
-8.2180765416219253e-08
-7.5256378148848958e-08
-6.9270397097310727e-08
-6.3988555751199857e-08
-5.9361802979184899e-08
-5.5281682338803461e-08
-5.1613828189945153e-08
-4.8334991175764117e-08
-4.5393435089180047e-08
-4.2731521767368530e-08
-4.6527733566175949e-08
-3.4714184114078043e-06
-2.1793851141832532e-04
-4.1109883645477284e-04
-3.8778785622928762e-04
-3.4969090449330962e-04
-3.1233668077639009e-04
-2.7277409469999143e-04
-2.4058616958518638e-04
-2.1257929593431881e-04
-1.8808553426754706e-04
-1.6495054848920582e-04
-1.4742671061523870e-04
-1.3413086099833309e-04
-1.2361582956388838e-04
-1.1512330119737453e-04
-1.0980937305651968e-04
-1.0654007588082789e-04
-1.0471973617531107e-04
-1.0422798572452675e-04
-1.0466635966179258e-04
-1.0565216198960063e-04
-1.0710966732423433e-04
-1.0908661184963779e-04
-1.1082396418383285e-04
-1.1265029480911587e-04
-1.1450186549206608e-04
-1.1627324087927971e-04
-1.1774864929176521e-04
-1.1905494362877060e-04
-1.2029087090858458e-04
-1.2127339972554637e-04
-1.2206310148352356e-04
-1.2267463814639889e-04
-1.2320552130020562e-04
-1.2352414583567136e-04
-1.2367227360947120e-04
-1.2375305561044880e-04
-1.2374037410958294e-04
-1.2358754369568511e-04
-1.2336217603736284e-04
-1.2307387073346365e-04
-1.2269993663242975e-04
-1.2226279722310948e-04
-1.2179849385149788e-04
-1.2129183390318804e-04
-1.2075080707284759e-04
-1.2012633256175909e-04
-1.1952879666772543e-04
-1.1890466783268534e-04
-1.1821367862127128e-04
-1.1756494772519910e-04
-1.1690614079733124e-04
-1.1614978011113799e-04
-1.1546220297051473e-04
-1.1477036020367322e-04
-1.1400367019818143e-04
-1.1330515949153056e-04
-1.1260970625432994e-04
-1.1179908921712313e-04
-1.1110178715076816e-04
-1.1038290062866246e-04
-1.0959825809202168e-04
-1.0890423478599926e-04
-1.0816827526164847e-04
-1.0739060812936453e-04
-1.0669435978430052e-04
-1.0593487731714235e-04
-1.0520144180608707e-04
-1.0451745015026631e-04
-1.0372732997923318e-04
-1.0302767816924907e-04
-1.0233191412867530e-04
-1.0152891364562591e-04
-1.0087828407378864e-04
-1.0014934329042220e-04
-9.9402765832282676e-05
-9.8753224709093558e-05
-9.7963375123870481e-05
-9.7292935066992209e-05
-9.6616952825768614e-05
-9.5853439702845008e-05
-9.5215773303773327e-05
-9.4477600576652981e-05
-9.3778591545656476e-05
-9.3134842689239481e-05
-9.2377786224887292e-05
-9.1748051367731063e-05
-9.1032345811844768e-05
-9.0358436753427415e-05
-8.9690839044930800e-05
-8.8980910696012490e-05
-8.8356414008832824e-05
-8.7622308185822994e-05
-8.7004287474172582e-05
-8.6317150819793971e-05
-8.5636050392452504e-05
-8.5027384742120281e-05
-8.4284125336226581e-05
-8.3703738523542120e-05
-8.2988385995284955e-05
-8.2371053868477944e-05
-8.1709153333350980e-05
-8.1051541861869414e-05
-8.0418704130583743e-05
-7.9748586085932942e-05
-7.9150494807758582e-05
-7.8443505042877129e-05
-7.7875296095689372e-05
-7.7170352745976995e-05
-7.6578498764544610e-05
-7.5918929161591066e-05
-7.5292466612450511e-05
-7.4665858476840509e-05
-7.4029656128880210e-05
-7.3414301999589587e-05
-7.2771034606355499e-05
-7.2168746536600744e-05
-7.1504355322680118e-05
-7.0936995053712563e-05
-7.0249506918769410e-05
-6.9698186641654289e-05
-6.9016132621704666e-05
-6.8461377632260200e-05
-6.7782730775179108e-05
-6.7229676905655215e-05
-6.6543493125317032e-05
-6.6008112980770026e-05
-6.5314666621480312e-05
-6.4780587779931335e-05
-6.4100493286717422e-05
-6.3556032526438682e-05
-6.2884616640791505e-05
-6.2332989575070608e-05
-6.1663474490450629e-05
-6.1118655346428810e-05
-6.0449540323850681e-05
-5.9894659799613850e-05
-5.9251761929288961e-05
-5.8669247364303964e-05
-5.8055410233754768e-05
-5.7450032193463695e-05
-5.6846915013948851e-05
-5.6233659252889606e-05
-5.5642037927941122e-05
-5.5013079091279800e-05
-5.4447517802114272e-05
-5.3786138959863022e-05
-5.3238666717803654e-05
-5.2576888114152789e-05
-5.2012151595788734e-05
-5.1381379799195859e-05
-5.0776214062777625e-05
-5.0186650012007737e-05
-4.9540464417534679e-05
-4.8983193305229105e-05
-4.8310046392171534e-05
-4.7741987877600377e-05
-4.7107771278995974e-05
-4.6501152019488863e-05
-4.5899584007565183e-05
-4.5257007120246298e-05
-4.4685489707526357e-05
-4.4009411052433517e-05
-4.3426390193209287e-05
-4.2792022549341896e-05
-4.2163364894743947e-05
-4.1570952060230488e-05
-4.0891490860878933e-05
-4.0297912639046425e-05
-3.9660050653697291e-05
-3.9017453675823020e-05
-3.8420065689590846e-05
-3.7746127357964507e-05
0.0000000000000000e+00
];
