%Vec Object:dSdr_b_aug_7200 1 MPI processes
%  type: seq
dSdr_b_aug_7200 = [
2.3004200833613709e+03
0.0000000000000000e+00
-7.5003394772390646e-07
-3.1037065120621268e-07
-1.9328097921836681e-07
-1.3746381740737652e-07
-1.0317758954959176e-07
-8.1975339243029519e-08
-6.7603542435143371e-08
-5.6795331893556050e-08
-4.8768220283853804e-08
-4.2613982691163964e-08
-3.7602591892239481e-08
-3.3542361276174837e-08
-3.0213249381440314e-08
-2.7405586916300993e-08
-2.5006058601792657e-08
-2.2991818653882410e-08
-5.7482540348828595e-06
-7.6051529721623049e-04
-7.4795535970303745e-04
-7.0900944538643371e-04
-6.7068417723207944e-04
-6.3250403343150169e-04
-5.9012247001148904e-04
-5.4920745792546384e-04
-5.0997670200472430e-04
-4.7035255824819046e-04
-4.2969210866557390e-04
-3.8622885425904861e-04
-3.4798013815805565e-04
-3.1121487752191156e-04
-2.7650455822664303e-04
-2.3989434333330159e-04
-2.1011473089304874e-04
-1.8419410364982567e-04
-1.6152052997083822e-04
-1.4010782541542415e-04
-1.2388969406922456e-04
-1.1158982719189843e-04
-1.0188238590006899e-04
-9.4060024567832419e-05
-8.9190020825433261e-05
-8.6226273526188987e-05
-8.4614462480580511e-05
-8.4249034930717389e-05
-8.4749812293378866e-05
-8.5762864130415034e-05
-8.7218074541340810e-05
-8.9178757392885678e-05
-9.0904408223075700e-05
-9.2712466663414606e-05
-9.4554435656249618e-05
-9.6328766150938539e-05
-9.7816553751773494e-05
-9.9150305586863049e-05
-1.0043305467784647e-04
-1.0146934474429274e-04
-1.0232170656896586e-04
-1.0301260054539695e-04
-1.0363653020623433e-04
-1.0404981858714497e-04
-1.0430323342628478e-04
-1.0451049192246063e-04
-1.0461366036483207e-04
-1.0458383638817733e-04
-1.0449488167469845e-04
-1.0434724516847875e-04
-1.0410975166840122e-04
-1.0381679452639782e-04
-1.0350613589548819e-04
-1.0314141879046172e-04
-1.0274296048936788e-04
-1.0228746761330529e-04
-1.0183559768143810e-04
-1.0135625452743491e-04
-1.0083689154267636e-04
-1.0033308173250052e-04
-9.9818649313866575e-05
-9.9238135546989839e-05
-9.8695898800772269e-05
-9.8150994122144766e-05
-9.7555180602823695e-05
-9.7001208694788517e-05
-9.6451337874597849e-05
-9.5813174695511081e-05
-9.5259830115589485e-05
-9.4688385865910308e-05
-9.4069060270665313e-05
-9.3516606367230777e-05
-9.2930409444787882e-05
-9.2314147781136921e-05
-9.1758251483755923e-05
-9.1152721817859685e-05
-9.0570741986972659e-05
-9.0024693737071780e-05
-8.9393529919434413e-05
-8.8839279501979593e-05
-8.8281820533595717e-05
-8.7640755819887886e-05
-8.7126457954900000e-05
-8.6540952420976458e-05
-8.5946839651258116e-05
-8.5431778422908830e-05
-8.4797380072421596e-05
-8.4266131254803070e-05
-8.3727715878704142e-05
-8.3116806192094821e-05
-8.2611112734408952e-05
-8.2022846679923798e-05
-8.1464946697940829e-05
-8.0953841263511621e-05
-8.0351441442128840e-05
-7.9849453286013461e-05
-7.9281813197870575e-05
-7.8744986852478916e-05
-7.8213392606450176e-05
-7.7650561200817781e-05
-7.7154062433977530e-05
-7.6569840503779347e-05
-7.6082497542978979e-05
-7.5534475500765240e-05
-7.4994358148616687e-05
-7.4515975873671667e-05
-7.3921638452935538e-05
-7.3466225608060843e-05
-7.2899254559370593e-05
-7.2408686813071180e-05
-7.1889934262989538e-05
-7.1367409067422510e-05
-7.0868161470693248e-05
-7.0340772934691953e-05
-6.9868268052621592e-05
-6.9311364787116503e-05
-6.8865323158474344e-05
-6.8309210264329873e-05
-6.7844550811711613e-05
-6.7326146694287006e-05
-6.6833172030942553e-05
-6.6342319737594443e-05
-6.5843639017845664e-05
-6.5359923860342891e-05
-6.4858862401707414e-05
-6.4385675218029466e-05
-6.3865926230301644e-05
-6.3426057077696220e-05
-6.2884674949705030e-05
-6.2459625122654222e-05
-6.1925239685150133e-05
-6.1493534475539119e-05
-6.0967742602646124e-05
-6.0536657242959016e-05
-6.0004049905276252e-05
-5.9590137827448162e-05
-5.9051249409773942e-05
-5.8639524636193523e-05
-5.8112462553029491e-05
-5.7691803164989201e-05
-5.7173365976735987e-05
-5.6748474780208684e-05
-5.6230500239603601e-05
-5.5815217257624990e-05
-5.5295749643178518e-05
-5.4872722924810102e-05
-5.4378985611807434e-05
-5.3930865159442399e-05
-5.3464055199947967e-05
-5.2997932291966840e-05
-5.2538892684850760e-05
-5.2070234355226876e-05
-5.1619042676798539e-05
-5.1140396733361395e-05
-5.0710627243073298e-05
-5.0207210064585534e-05
-4.9792722047076501e-05
-4.9289250679266714e-05
-4.8862240434821989e-05
-4.8385100289246544e-05
-4.7926003005620006e-05
-4.7484124053739003e-05
-4.6992796352238588e-05
-4.6576112420376051e-05
-4.6068007804620584e-05
-4.5640204647396905e-05
-4.5166963752916401e-05
-4.4709675303075153e-05
-4.4260628944381195e-05
-4.3779149323795898e-05
-4.3352969245160946e-05
-4.2847910022653369e-05
-4.2413432942073707e-05
-4.1940262687746923e-05
-4.1472763431821922e-05
-4.1032072467475247e-05
-4.0527871980460168e-05
-4.0086934644526957e-05
-3.9614022783750666e-05
-3.9138745957651542e-05
-3.8692491789554638e-05
-3.8182931118721135e-05
0.0000000000000000e+00
];
