%Vec Object:dSdr_b_aug_2000 1 MPI processes
%  type: seq
dSdr_b_aug_2000 = [
2.4098591705721919e+03
0.0000000000000000e+00
-1.5831946984433910e-06
-6.4922876633751851e-07
-3.9877090495571036e-07
-2.8118721320945848e-07
-2.1087238454529700e-07
-1.6743969128840576e-07
-1.3800265137399858e-07
-1.1575620199373644e-07
-9.9240980804405963e-08
-8.6584620436614384e-08
-7.6269605200377175e-08
-6.7913104387729319e-08
-6.1063153188207804e-08
-5.5286760561704930e-08
-5.0350618225394391e-08
-4.6139458683065773e-08
-4.2498699595850074e-08
-3.9286043925243274e-08
-3.6471620355605152e-08
-3.3989621505844347e-08
-3.2561300601481668e-08
-4.7099368027779141e-06
-4.8801966802791068e-04
-5.8302358403999714e-04
-5.4483703167628448e-04
-5.0311340562632682e-04
-4.6022181967326088e-04
-4.1443145204418403e-04
-3.7414607237735531e-04
-3.3545637989554843e-04
-2.9895401661923939e-04
-2.6047406223563544e-04
-2.2918325062507968e-04
-2.0195623025304145e-04
-1.7814344235111910e-04
-1.5565295725637884e-04
-1.3861776489122995e-04
-1.2569466073259790e-04
-1.1548187319657036e-04
-1.0724015916787896e-04
-1.0209237311324258e-04
-9.8937430631305956e-05
-9.7195134814219501e-05
-9.6750662148370863e-05
-9.7212391495267130e-05
-9.8208392587486221e-05
-9.9665039426016002e-05
-1.0163589827609475e-04
-1.0336887159290008e-04
-1.0518836404836914e-04
-1.0703634155704547e-04
-1.0880882324791575e-04
-1.1028886498955784e-04
-1.1160543583458385e-04
-1.1285888688259877e-04
-1.1386153659847248e-04
-1.1467468970463537e-04
-1.1531592680231195e-04
-1.1588163368995844e-04
-1.1623568724979086e-04
-1.1642321987597724e-04
-1.1655133706566580e-04
-1.1658201365729089e-04
-1.1647521971172960e-04
-1.1630090602723278e-04
-1.1606524748452870e-04
-1.1574237769495549e-04
-1.1535919998336376e-04
-1.1495239972553394e-04
-1.1449886333977329e-04
-1.1401119423666793e-04
-1.1344996280359375e-04
-1.1290694387288292e-04
-1.1233700254400283e-04
-1.1171024616372380e-04
-1.1111575344434143e-04
-1.1051098012894221e-04
-1.0982043189941568e-04
-1.0918724985778231e-04
-1.0855040013971919e-04
-1.0784766236997515e-04
-1.0720324679867017e-04
-1.0656227927725585e-04
-1.0581620484244467e-04
-1.0517278033912764e-04
-1.0450907559055390e-04
-1.0378630458795951e-04
-1.0314526507235644e-04
-1.0246535571754701e-04
-1.0174809620499088e-04
-1.0110437603528802e-04
-1.0040251195121022e-04
-9.9725760249924495e-05
-9.9093395305016214e-05
-9.8362766136545512e-05
-9.7717532255332920e-05
-9.7073530275953204e-05
-9.6331135863777988e-05
-9.5731529799031288e-05
-9.5056271036949536e-05
-9.4366754901364385e-05
-9.3767544121567747e-05
-9.3035873600665691e-05
-9.2417527151389780e-05
-9.1793030579685194e-05
-9.1086630704171739e-05
-9.0498356395107612e-05
-8.9816287625447245e-05
-8.9170089955188401e-05
-8.8575984097207679e-05
-8.7876809284792335e-05
-8.7294884777988025e-05
-8.6634594060865290e-05
-8.6011989439430643e-05
-8.5395292245999703e-05
-8.4740416249939375e-05
-8.4163823923717745e-05
-8.3485813490458323e-05
-8.2916700087025126e-05
-8.2281628312344855e-05
-8.1653292052159731e-05
-8.1093386103149077e-05
-8.0405862069374002e-05
-7.9872247856080478e-05
-7.9212428404506653e-05
-7.8642538948113009e-05
-7.8034212798677949e-05
-7.7427158537607429e-05
-7.6844318068052499e-05
-7.6227617777526835e-05
-7.5676528277827514e-05
-7.5025709680037021e-05
-7.4503222880082623e-05
-7.3853980600584564e-05
-7.3309730235967613e-05
-7.2702993004850381e-05
-7.2126489407390665e-05
-7.1550689021085295e-05
-7.0965955276874377e-05
-7.0399868104266058e-05
-6.9809822445001434e-05
-6.9255851413093972e-05
-6.8645593719402165e-05
-6.8125947999143842e-05
-6.7493141196387507e-05
-6.6989078601044203e-05
-6.6362290698584588e-05
-6.5853587999204199e-05
-6.5232148292932379e-05
-6.4724742009467364e-05
-6.4096035360371455e-05
-6.3606115474024603e-05
-6.2970513543742472e-05
-6.2482226515848995e-05
-6.1859405464492349e-05
-6.1361278138178556e-05
-6.0747115541781905e-05
-6.0242920118451114e-05
-5.9630120019647659e-05
-5.9133780489380161e-05
-5.8520671855123438e-05
-5.8015138264579086e-05
-5.7428064488113830e-05
-5.6895847490207484e-05
-5.6337035908296918e-05
-5.5783774594868835e-05
-5.5234578915564819e-05
-5.4675439135283815e-05
-5.4136373871200740e-05
-5.3563669886075364e-05
-5.3048928686538035e-05
-5.2446667064568770e-05
-5.1948963870917635e-05
-5.1346431490704481e-05
-5.0833238395589002e-05
-5.0259962505091248e-05
-4.9709461802317870e-05
-4.9175167503686109e-05
-4.8586935728582142e-05
-4.8082277042561158e-05
-4.7470894479265990e-05
-4.6955322897411947e-05
-4.6381347085164268e-05
-4.5830609279819841e-05
-4.5286115472494495e-05
-4.4703820351100156e-05
-4.4186683923319454e-05
-4.3574594421883189e-05
-4.3047146205799132e-05
-4.2473079733212008e-05
-4.1904697847729721e-05
-4.1369011926566807e-05
-4.0755057576150389e-05
-4.0218466252771777e-05
-3.9642083228476524e-05
-3.9061563911588172e-05
-3.8519211045250274e-05
-3.7898660709449475e-05
0.0000000000000000e+00
];
