%Vec Object:dSdr_b_aug_5460 1 MPI processes
%  type: seq
dSdr_b_aug_5460 = [
2.3243159534126057e+03
0.0000000000000000e+00
-8.7695146468808059e-07
-3.6227934189655275e-07
-2.2502878596603540e-07
-1.5978868636577964e-07
-1.1992015868785054e-07
-9.5271426280431119e-08
-7.8563814747673602e-08
-6.5986470600337292e-08
-5.6646236874629174e-08
-4.9485914298580672e-08
-4.3654100616714545e-08
-3.8929221737096301e-08
-3.5055357632343457e-08
-3.1788307471743401e-08
-2.8996198007427772e-08
-2.6613771696510556e-08
-2.4614481218101047e-08
-5.0398609360475096e-06
-7.1168460613180997e-04
-7.1921931520437334e-04
-6.8075134484018413e-04
-6.4205413808951018e-04
-5.9909836952795484e-04
-5.5764462059877445e-04
-5.1790873248065033e-04
-4.7778111194694557e-04
-4.3661342208593682e-04
-3.9262250439690247e-04
-3.5391206021031211e-04
-3.1671052223396456e-04
-2.8159393921072548e-04
-2.4455984677890127e-04
-2.1443763936339593e-04
-1.8822084750597782e-04
-1.6528900934658543e-04
-1.4363196756524336e-04
-1.2722860517845800e-04
-1.1478744790003437e-04
-1.0496544259125734e-04
-9.7048012200422188e-05
-9.2115033979418720e-05
-8.9107941879419428e-05
-8.7466549350168998e-05
-8.7083201914106250e-05
-8.7575126908585936e-05
-8.8584313256651837e-05
-9.0039849303321759e-05
-9.2002839093817572e-05
-9.3730149959094376e-05
-9.5540800632031196e-05
-9.7384131900313630e-05
-9.9158043376163584e-05
-1.0064407506259013e-04
-1.0197393199395293e-04
-1.0325003919053376e-04
-1.0427870293717080e-04
-1.0512217606493509e-04
-1.0580181269934250e-04
-1.0641254309120620e-04
-1.0681240276328584e-04
-1.0705088189912416e-04
-1.0724019879891262e-04
-1.0732693310020021e-04
-1.0727965977195334e-04
-1.0717135388373504e-04
-1.0700376247276555e-04
-1.0674691386710116e-04
-1.0643350339959344e-04
-1.0610104911381911e-04
-1.0571619635748366e-04
-1.0529751364394505e-04
-1.0481804944517216e-04
-1.0434551570086044e-04
-1.0384563360699488e-04
-1.0330192413685968e-04
-1.0277755617475224e-04
-1.0224264313861898e-04
-1.0163718414233929e-04
-1.0107432975691644e-04
-1.0050858079208605e-04
-9.9888527134118937e-05
-9.9314051295290056e-05
-9.8743528497579426e-05
-9.8080901413224333e-05
-9.7507135362669180e-05
-9.6914775296716164e-05
-9.6271998221012455e-05
-9.5699461612317306e-05
-9.5092019713475390e-05
-9.4452861439844638e-05
-9.3877055125835018e-05
-9.3249686067945999e-05
-9.2646221080748808e-05
-9.2080604496639850e-05
-9.1426891491232779e-05
-9.0852014763881053e-05
-9.0274936153880771e-05
-8.9610899596653386e-05
-8.9077262026411298e-05
-8.8471409074611317e-05
-8.7855667971419528e-05
-8.7321529694588796e-05
-8.6665079344689508e-05
-8.6114085136556031e-05
-8.5556154799880805e-05
-8.4923597095702986e-05
-8.4399182219240676e-05
-8.3789650703922487e-05
-8.3211733272689137e-05
-8.2681811300130013e-05
-8.2057472190285642e-05
-8.1537362133208595e-05
-8.0948717765658634e-05
-8.0392445130733717e-05
-7.9841557694622129e-05
-7.9257859400135898e-05
-7.8743203091131370e-05
-7.8137718919371341e-05
-7.7631838259613404e-05
-7.7064081681678354e-05
-7.6503964736671513e-05
-7.6007100705161325e-05
-7.5391637491889610e-05
-7.4918496069780160e-05
-7.4330475901386226e-05
-7.3821925590867172e-05
-7.3282866331474326e-05
-7.2741178042192846e-05
-7.2222979589946242e-05
-7.1675343704275836e-05
-7.1185023357264545e-05
-7.0606829091134093e-05
-7.0143457017500188e-05
-6.9566231298723953e-05
-6.9083528247574754e-05
-6.8545098638275284e-05
-6.8033187609198187e-05
-6.7523077220265119e-05
-6.7004887911540053e-05
-6.6502498663806192e-05
-6.5981264104764999e-05
-6.5489762872646221e-05
-6.4949495170623056e-05
-6.4491540321952073e-05
-6.3929431823094064e-05
-6.3486469453744889e-05
-6.2931135973477606e-05
-6.2481975090139180e-05
-6.1934499433080226e-05
-6.1486111776345789e-05
-6.0931718298586101e-05
-6.0500574904194868e-05
-5.9939761099888032e-05
-5.9510679309812121e-05
-5.8961908233812031e-05
-5.8523686501232633e-05
-5.7983547922146087e-05
-5.7540678080293989e-05
-5.7001206140934521e-05
-5.6567547247319653e-05
-5.6026850764680759e-05
-5.5585119330531727e-05
-5.5070222182955200e-05
-5.4603036617095897e-05
-5.4115369423999488e-05
-5.3629491785588209e-05
-5.3150013322262236e-05
-5.2660842361852770e-05
-5.2189729255545238e-05
-5.1689759830029265e-05
-5.1240726753065690e-05
-5.0714900964885958e-05
-5.0281547539915678e-05
-4.9755618425410403e-05
-4.9309069943615215e-05
-4.8810135168814091e-05
-4.8330316060297197e-05
-4.7867485836339923e-05
-4.7354189200092924e-05
-4.6917560593087005e-05
-4.6386041930959335e-05
-4.5938340718585079e-05
-4.5442262102292598e-05
-4.4963787463781604e-05
-4.4493101768807197e-05
-4.3988765623564147e-05
-4.3541963837238322e-05
-4.3012638460187552e-05
-4.2557081927112432e-05
-4.2061034729397231e-05
-4.1570660348619011e-05
-4.1108427019934034e-05
-4.0579334818443945e-05
-4.0116695972770883e-05
-3.9620297152755252e-05
-3.9121098571507280e-05
-3.8652882373751473e-05
-3.8117226999961642e-05
0.0000000000000000e+00
];
