%Vec Object:dSdr_b_aug_4380 1 MPI processes
%  type: seq
dSdr_b_aug_4380 = [
2.3444295925254046e+03
0.0000000000000000e+00
-1.0035211022180097e-06
-4.1405163052294566e-07
-2.5666290059171388e-07
-1.8204392620818083e-07
-1.3665081184549013e-07
-1.0859157773809567e-07
-8.9572259035585035e-08
-7.5240487979152336e-08
-6.4597890714076149e-08
-5.6439725625843544e-08
-4.9793380948768946e-08
-4.4408411044591181e-08
-3.9993477412735428e-08
-3.6269926797657560e-08
-3.3087479483818510e-08
-3.0372034113587257e-08
-2.8024010156762052e-08
-2.6352021545986029e-08
-1.5294068553013394e-05
-7.0125411322585133e-04
-6.8825333733417155e-04
-6.4946272162795591e-04
-6.0606671091851844e-04
-5.6419484522141376e-04
-5.2406679977591824e-04
-4.8354830300584875e-04
-4.4198681493543880e-04
-3.9758624354852576e-04
-3.5851733474098649e-04
-3.2097709094556359e-04
-2.8554510330547507e-04
-2.4818193171006678e-04
-2.1779374919985638e-04
-1.9134702866091031e-04
-1.6821468575463661e-04
-1.4636795171673383e-04
-1.2982078440984711e-04
-1.1726993571071711e-04
-1.0735898812105077e-04
-9.9367750575689911e-05
-9.4385881973762671e-05
-9.1345139057654985e-05
-8.9680780904589184e-05
-8.9283521359295490e-05
-8.9768573838471585e-05
-9.0774759246979356e-05
-9.2230548143372004e-05
-9.4195328968887858e-05
-9.5923928641109522e-05
-9.7736591663792274e-05
-9.9580980353034218e-05
-1.0135456634722082e-04
-1.0283923466065507e-04
-1.0416606761550093e-04
-1.0543701820692048e-04
-1.0645976109515590e-04
-1.0729633336917627e-04
-1.0796723029803968e-04
-1.0856771336195721e-04
-1.0895714758071212e-04
-1.0918403130261914e-04
-1.0935941915099165e-04
-1.0943339472124207e-04
-1.0937257449969579e-04
-1.0924924523010458e-04
-1.0906616172990017e-04
-1.0879428669237018e-04
-1.0846499718568866e-04
-1.0811562173787178e-04
-1.0771513657103326e-04
-1.0728075253731870e-04
-1.0678267808851826e-04
-1.0629410189463923e-04
-1.0577827429693158e-04
-1.0521566331860505e-04
-1.0467533493786352e-04
-1.0412452167757041e-04
-1.0349969633637382e-04
-1.0292083534989047e-04
-1.0233890382583554e-04
-1.0170003122392110e-04
-1.0110963706268978e-04
-1.0052308100603168e-04
-9.9841461256124328e-05
-9.9251840902005826e-05
-9.8643242745253474e-05
-9.7982259004915644e-05
-9.7394131095093978e-05
-9.6770195560995359e-05
-9.6113261399272622e-05
-9.5521997852114843e-05
-9.4877673682210948e-05
-9.4257528595514679e-05
-9.3676720045258107e-05
-9.3005500875115290e-05
-9.2414610817729146e-05
-9.1822300409167122e-05
-9.1140429556845536e-05
-9.0591777518007159e-05
-8.9970127758849216e-05
-8.9337595407134907e-05
-8.8788646583111818e-05
-8.8115076069985020e-05
-8.7548752444584012e-05
-8.6975671586037555e-05
-8.6326307351976010e-05
-8.5787358023473590e-05
-8.5161316978059747e-05
-8.4567858916093758e-05
-8.4023328645488256e-05
-8.3381956876871352e-05
-8.2847777806612589e-05
-8.2242826678887633e-05
-8.1671456836176281e-05
-8.1105591051846833e-05
-8.0505692661362297e-05
-7.9976939669656506e-05
-7.9354948468430544e-05
-7.8834675989873667e-05
-7.8251598423910367e-05
-7.7675954712763548e-05
-7.7164742294098105e-05
-7.6532877985096632e-05
-7.6045972910283378e-05
-7.5441611171833030e-05
-7.4919100025208282e-05
-7.4364275569702970e-05
-7.3807709935583147e-05
-7.3274798910781527e-05
-7.2711443913942378e-05
-7.2207292460362441e-05
-7.1612568840723228e-05
-7.1135742208464883e-05
-7.0542125464569781e-05
-7.0045414195640050e-05
-6.9491437717457457e-05
-6.8964825367723995e-05
-6.8439763882163212e-05
-6.7906429005645729e-05
-6.7389542057346262e-05
-6.6852646035139477e-05
-6.6346926623499046e-05
-6.5790729140643850e-05
-6.5318733395912604e-05
-6.4740533902513244e-05
-6.4283665067105955e-05
-6.3712068497805439e-05
-6.3249355841927529e-05
-6.2685045901411036e-05
-6.2223225548584479e-05
-6.1651918324917381e-05
-6.1207397342443574e-05
-6.0629561689886414e-05
-6.0187004726453690e-05
-5.9621379803108882e-05
-5.9169523492767766e-05
-5.8612536971284929e-05
-5.8155709358113801e-05
-5.7599547850267154e-05
-5.7151622769869611e-05
-5.6594445198159670e-05
-5.6138192313621879e-05
-5.5606867676787532e-05
-5.5124880870373370e-05
-5.4621021120043585e-05
-5.4119806861457830e-05
-5.3624460658173886e-05
-5.3119364687572103e-05
-5.2632785559356246e-05
-5.2116261627518743e-05
-5.1652273259507367e-05
-5.1109050536909904e-05
-5.0661050966051185e-05
-5.0117686789368765e-05
-4.9655969830301379e-05
-4.9140114833740119e-05
-4.8644208396365354e-05
-4.8165112730777869e-05
-4.7634760611098524e-05
-4.7182648090166599e-05
-4.6632952090164937e-05
-4.6169803235487873e-05
-4.5655994808813074e-05
-4.5161072601763750e-05
-4.4673587621131161e-05
-4.4151507335391882e-05
-4.3688696565370446e-05
-4.3140533033239906e-05
-4.2668612637663587e-05
-4.2154806509513447e-05
-4.1646675242833633e-05
-4.1167720725590307e-05
-4.0619308779861670e-05
-4.0139830079229416e-05
-3.9625211918039921e-05
-3.9107473119246753e-05
-3.8622295001000784e-05
-3.8066849429140515e-05
0.0000000000000000e+00
];
