%Vec Object:dSdr_b_aug_4660 1 MPI processes
%  type: seq
dSdr_b_aug_4660 = [
2.3406325103284312e+03
0.0000000000000000e+00
-9.7794725055103037e-07
-4.0346035877492219e-07
-2.5010664072515025e-07
-1.7736733688609607e-07
-1.3308575691810192e-07
-1.0571321337847267e-07
-8.7159729716496227e-08
-7.3183529308225338e-08
-6.2805175931043831e-08
-5.4849557058259408e-08
-4.8369352643684690e-08
-4.3119279342376465e-08
-3.8815005464397373e-08
-3.5185080080541477e-08
-3.2082956314773963e-08
-2.9436102889614901e-08
-2.7147497619081242e-08
-2.7382163651458703e-08
-6.4610986636699810e-05
-7.1779306848318548e-04
-6.8619640335523769e-04
-6.4730255796004177e-04
-6.0403272286382317e-04
-5.6228284878226344e-04
-5.2226927154889232e-04
-4.8186487075245531e-04
-4.4041833163871376e-04
-3.9613733740548882e-04
-3.5717306375460486e-04
-3.1973168755910998e-04
-2.8439176594101319e-04
-2.4712465194588886e-04
-2.1681410707172487e-04
-1.9043450228931687e-04
-1.6736068634927524e-04
-1.4556932313017891e-04
-1.2906413221410048e-04
-1.1654530223872176e-04
-1.0666031673482016e-04
-9.8690623361554654e-05
-9.3723025769503553e-05
-9.0692105461014289e-05
-8.9034450927559508e-05
-8.8641252297339861e-05
-8.9128310847198572e-05
-9.0135372221087506e-05
-9.1591087307355042e-05
-9.3555345328412873e-05
-9.5283568797351032e-05
-9.7095644386851595e-05
-9.8939724378869113e-05
-1.0071340534505424e-04
-1.0219847159167959e-04
-1.0352618720903937e-04
-1.0479864303373793e-04
-1.0582311428615065e-04
-1.0666170094254763e-04
-1.0733514897379119e-04
-1.0793862321263567e-04
-1.0833110060109606e-04
-1.0856136900088320e-04
-1.0874082271237437e-04
-1.0881852253140894e-04
-1.0876165662196726e-04
-1.0864271264895850e-04
-1.0846415125955044e-04
-1.0819666240827129e-04
-1.0787200796359127e-04
-1.0752757176980169e-04
-1.0713164967362805e-04
-1.0670184882598160e-04
-1.0620920667354347e-04
-1.0572531324002452e-04
-1.0521414010442162e-04
-1.0465704644057614e-04
-1.0412137687586263e-04
-1.0357520486098623e-04
-1.0295603251902394e-04
-1.0238184382923416e-04
-1.0180463596347196e-04
-1.0117125657576931e-04
-1.0058550894263295e-04
-1.0000363296385376e-04
-9.9327557137675709e-05
-9.8742564624737831e-05
-9.8138706335851558e-05
-9.7483037087316970e-05
-9.6899460248782576e-05
-9.6280339175189623e-05
-9.5628593761577828e-05
-9.5041842151886150e-05
-9.4402467147097923e-05
-9.3787190949894909e-05
-9.3210816906137526e-05
-9.2544707752429851e-05
-9.1958491956393296e-05
-9.1370627681317310e-05
-9.0693962625677080e-05
-9.0149693282016451e-05
-8.9532654581635514e-05
-8.8905023564383141e-05
-8.8360397912226146e-05
-8.7691824743268753e-05
-8.7129975746534175e-05
-8.6561317298177452e-05
-8.5916858858777983e-05
-8.5382152110090152e-05
-8.4760930166428861e-05
-8.4172008386668292e-05
-8.3631742251129334e-05
-8.2995342284789746e-05
-8.2465269933619474e-05
-8.1865078719723031e-05
-8.1298115724075782e-05
-8.0736622092386130e-05
-8.0141452480096811e-05
-7.9616814284782402e-05
-7.8999641455183275e-05
-7.8483569922445433e-05
-7.7904964524990169e-05
-7.7333853048869674e-05
-7.6826828898351852e-05
-7.6199752039367419e-05
-7.5716864550389658e-05
-7.5117272886302374e-05
-7.4598836882507798e-05
-7.4048614259723781e-05
-7.3496391295394865e-05
-7.2967774844055598e-05
-7.2409008227642801e-05
-7.1908894049220944e-05
-7.1318995318258622e-05
-7.0846096047636918e-05
-7.0257263814581903e-05
-6.9764641519659651e-05
-6.9215203145067060e-05
-6.8692882084394661e-05
-6.8172184797336962e-05
-6.7643270885090999e-05
-6.7130615790095269e-05
-6.6598291321363261e-05
-6.6096722171546669e-05
-6.5545174563973082e-05
-6.5077277332109874e-05
-6.4503774771876540e-05
-6.4050965210048997e-05
-6.3484115808151064e-05
-6.3025358891495597e-05
-6.2465962849215389e-05
-6.2008063477616982e-05
-6.1441693347450224e-05
-6.1001077260650020e-05
-6.0428210256587875e-05
-5.9989586674039615e-05
-5.9428881360461997e-05
-5.8981004961291953e-05
-5.8428936326479855e-05
-5.7976182964265492e-05
-5.7424893114451574e-05
-5.6981132311564986e-05
-5.6428765543699209e-05
-5.5976751448290461e-05
-5.5450221970361985e-05
-5.4972555624119876e-05
-5.4473422457263885e-05
-5.3976684936094881e-05
-5.3485970503785694e-05
-5.2985523021976526e-05
-5.2503458405212276e-05
-5.1991766712439784e-05
-5.1532143776177928e-05
-5.0993999197856519e-05
-5.0550274822297334e-05
-5.0011999921779429e-05
-4.9554710628634876e-05
-4.9043794630879460e-05
-4.8552584074778064e-05
-4.8078236283747264e-05
-4.7552862653838453e-05
-4.7105269888106835e-05
-4.6560879853822058e-05
-4.6102240177250443e-05
-4.5593607096948934e-05
-4.5103485961362017e-05
-4.4620904729591988e-05
-4.4104004009965079e-05
-4.3645866337423444e-05
-4.3103201761896772e-05
-4.2636058121130741e-05
-4.2127436024653339e-05
-4.1624488281956433e-05
-4.1150415112526348e-05
-4.0607643273006300e-05
-4.0133081254243748e-05
-3.9623783397191569e-05
-3.9111460964480784e-05
-3.8631246725884647e-05
-3.8081645809947623e-05
0.0000000000000000e+00
];
