%Vec Object:dSdr_b_aug_2150 1 MPI processes
%  type: seq
dSdr_b_aug_2150 = [
2.4048071164961871e+03
0.0000000000000000e+00
-1.5279989148861067e-06
-6.2736043903589469e-07
-3.8592021513115351e-07
-2.7246914502395163e-07
-2.0451372282300728e-07
-1.6253450498231323e-07
-1.3408134772822393e-07
-1.1257696506009843e-07
-9.6611399707901362e-08
-8.4375800650074404e-08
-7.4401391149333730e-08
-6.6319955029404361e-08
-5.9695155184148284e-08
-5.4107733480184713e-08
-4.9332151972191435e-08
-4.5257754438952082e-08
-4.1734948449407134e-08
-3.8625572634162153e-08
-3.5901482764125177e-08
-3.3499741465241590e-08
-3.8239979739364584e-08
-3.2684204011373131e-05
-5.9151407784176267e-04
-5.8340549801923344e-04
-5.4301722166026666e-04
-5.0132917544707734e-04
-4.5855530502286935e-04
-4.1289171271267927e-04
-3.7271750457582074e-04
-3.3413287707136736e-04
-2.9772835298180240e-04
-2.5935047998085030e-04
-2.2814217471308810e-04
-2.0098647897849288e-04
-1.7723588831607958e-04
-1.5480424639527455e-04
-1.3781366279852188e-04
-1.2492458528532015e-04
-1.1473938794097477e-04
-1.0652056913582051e-04
-1.0138794903337167e-04
-9.8243445136267962e-05
-9.6508273319205096e-05
-9.6068116220599648e-05
-9.6531977428267882e-05
-9.7528909405548281e-05
-9.8985477792946878e-05
-1.0095578104183520e-04
-1.0268835455192972e-04
-1.0450722272659194e-04
-1.0635487216981978e-04
-1.0812745477972853e-04
-1.0960791940124906e-04
-1.1092542825358303e-04
-1.1218047885991667e-04
-1.1318496521052038e-04
-1.1400025896644329e-04
-1.1464420714885910e-04
-1.1521309279067056e-04
-1.1557038035988770e-04
-1.1576150992113794e-04
-1.1589394794795403e-04
-1.1592858233953551e-04
-1.1582599068452818e-04
-1.1565633730202979e-04
-1.1542548445609126e-04
-1.1510727591488356e-04
-1.1472902393324818e-04
-1.1432747267534462e-04
-1.1387878551459076e-04
-1.1339598701253009e-04
-1.1284052854001328e-04
-1.1230248602982161e-04
-1.1173749104859658e-04
-1.1111659797813487e-04
-1.1052705623303866e-04
-1.0992721521941439e-04
-1.0924267449364070e-04
-1.0861445778767399e-04
-1.0798262800283086e-04
-1.0728572796182168e-04
-1.0664625030488462e-04
-1.0601025635158816e-04
-1.0527007350252353e-04
-1.0463156705480820e-04
-1.0397289941391406e-04
-1.0325577617706414e-04
-1.0261957313289794e-04
-1.0194478015655505e-04
-1.0123303478149107e-04
-1.0059410949496807e-04
-9.9897504941012392e-05
-9.9225927460082610e-05
-9.8598275111668425e-05
-9.7873076411770198e-05
-9.7232809916863726e-05
-9.6593532890208755e-05
-9.5856670733717169e-05
-9.5261722205255175e-05
-9.4591363664878772e-05
-9.3907056231261110e-05
-9.3312439733429266e-05
-9.2586079945005420e-05
-9.1972488732978803e-05
-9.1352691904660359e-05
-9.0651505471666717e-05
-9.0067739799192992e-05
-8.9390792341862148e-05
-8.8749415428224820e-05
-8.8159841114245508e-05
-8.7465949890569742e-05
-8.6888389639971450e-05
-8.6233157335572751e-05
-8.5615235919825518e-05
-8.5003185061492673e-05
-8.4353334390810855e-05
-8.3781114904312359e-05
-8.3108225008366626e-05
-8.2543575996995880e-05
-8.1913256845842744e-05
-8.1289737042311108e-05
-8.0734282012999314e-05
-8.0051845656013527e-05
-7.9522500976076285e-05
-7.8867750736452675e-05
-7.8302191980603327e-05
-7.7698756250223658e-05
-7.7096316993979861e-05
-7.6518040416484627e-05
-7.5906216249738170e-05
-7.5359417208741846e-05
-7.4713726074906255e-05
-7.4195412927543155e-05
-7.3551255202444126e-05
-7.3011350237689405e-05
-7.2409435701299086e-05
-7.1837492506935473e-05
-7.1266330005267760e-05
-7.0686294471540868e-05
-7.0124704539122675e-05
-6.9539517123311972e-05
-6.8989956623805954e-05
-6.8384640407225257e-05
-6.7869350226062558e-05
-6.7241534910171579e-05
-6.6741786154002943e-05
-6.6120043123470151e-05
-6.5615544237045473e-05
-6.4999326589962531e-05
-6.4496087182537923e-05
-6.3872627243230569e-05
-6.3386857139332309e-05
-6.2756535453832091e-05
-6.2272428480987321e-05
-6.1654835561419550e-05
-6.1160937739535061e-05
-6.0552001444919826e-05
-6.0052135783601953e-05
-5.9444512860561550e-05
-5.8952598766015753e-05
-5.8344602639065694e-05
-5.7843573670609160e-05
-5.7261595777586810e-05
-5.6733970197078696e-05
-5.6180181625582434e-05
-5.5631677810326404e-05
-5.5087404386716993e-05
-5.4533204630392622e-05
-5.3998937013688327e-05
-5.3431368331064885e-05
-5.2921266356051551e-05
-5.2324401369474544e-05
-5.1831241512418448e-05
-5.1234117606611974e-05
-5.0725629890510593e-05
-5.0157602784780669e-05
-4.9612092510555903e-05
-4.9082843903305128e-05
-4.8499902908021534e-05
-4.8000047512096370e-05
-4.7394303770166980e-05
-4.6883524274089696e-05
-4.6315048516854576e-05
-4.5769413052072792e-05
-4.5230130742104750e-05
-4.4653340285938940e-05
-4.4141170364008717e-05
-4.3534925117967394e-05
-4.3012553802245233e-05
-4.2443997251475795e-05
-4.1881125056694148e-05
-4.1350628192921037e-05
-4.0742670092690426e-05
-4.0211307802366059e-05
-3.9640586079233898e-05
-3.9065838569937684e-05
-3.8528805577935686e-05
-3.7914706147791828e-05
0.0000000000000000e+00
];
