%Vec Object:dSdr_b_aug_2050 1 MPI processes
%  type: seq
dSdr_b_aug_2050 = [
2.4079463870071709e+03
0.0000000000000000e+00
-1.5621057868306976e-06
-6.4100731311125877e-07
-3.9403135576851816e-07
-2.7803984664490600e-07
-2.0862781216431503e-07
-1.6575084941290847e-07
-1.3668972660084359e-07
-1.1472501676312364e-07
-9.8418235591874721e-08
-8.5921385818211883e-08
-7.5734743757566565e-08
-6.7481686001606114e-08
-6.0716345914817123e-08
-5.5010730218944003e-08
-5.0134475934078672e-08
-4.5974283273853553e-08
-4.2377415936942529e-08
-3.9202979388473047e-08
-3.6421954810822096e-08
-3.3969482542035950e-08
-3.3562375320401260e-08
-1.0040821388216314e-05
-5.4113410633559774e-04
-5.8349963968919009e-04
-5.4423578331949272e-04
-5.0251201266872814e-04
-4.5965952346912293e-04
-4.1391189246075231e-04
-3.7366402257254247e-04
-3.3500978244613928e-04
-2.9854043360234259e-04
-2.6009492516590753e-04
-2.2883195418178413e-04
-2.0162900132551288e-04
-1.7783720102552232e-04
-1.5536657175119374e-04
-1.3834643200094342e-04
-1.2543480966409671e-04
-1.1523133205613954e-04
-1.0699734370234118e-04
-1.0185467518404526e-04
-9.8703255051965069e-05
-9.6963363122780651e-05
-9.6520346677010535e-05
-9.6982795382013562e-05
-9.7979110579728552e-05
-9.9435730937293614e-05
-1.0140640229884465e-04
-1.0313924069862225e-04
-1.0495852249177140e-04
-1.0680638929235788e-04
-1.0857890503053592e-04
-1.1005908946127430e-04
-1.1137597681844931e-04
-1.1262996761020848e-04
-1.1363323706839603e-04
-1.1444711250286993e-04
-1.1508926441456932e-04
-1.1565604392505685e-04
-1.1601118875308965e-04
-1.1619993511199381e-04
-1.1632951030528500e-04
-1.1636152239882047e-04
-1.1625614645533480e-04
-1.1608340532267856e-04
-1.1584936839337446e-04
-1.1552807147523810e-04
-1.1514655588085155e-04
-1.1474152682327816e-04
-1.1428962673937497e-04
-1.1380360115125681e-04
-1.1324431772199056e-04
-1.1270297801373844e-04
-1.1213470575971702e-04
-1.1150992787056916e-04
-1.1091710578736375e-04
-1.1031399680741703e-04
-1.0962547572542788e-04
-1.0899396915422503e-04
-1.0835881333224190e-04
-1.0765804544321484e-04
-1.0701529610151046e-04
-1.0637600684058310e-04
-1.0563192043867297e-04
-1.0499015546398689e-04
-1.0432815041656457e-04
-1.0360728517327918e-04
-1.0296787765695816e-04
-1.0228969475222516e-04
-1.0157429590806414e-04
-1.0093219370434238e-04
-1.0023210437497532e-04
-9.9557098641810454e-05
-9.8926323896469549e-05
-9.8197527163585959e-05
-9.7553969457275639e-05
-9.6911561846960715e-05
-9.6171034217104069e-05
-9.5572999772702979e-05
-9.4899394522664579e-05
-9.4211635992360511e-05
-9.3613975490317280e-05
-9.2884097003539926e-05
-9.2267355144204751e-05
-9.1644444436825862e-05
-9.0939803766364072e-05
-9.0353050835326868e-05
-8.9672710182699871e-05
-8.9028139211134931e-05
-8.8435562461068568e-05
-8.7738170523713604e-05
-8.7157718675936002e-05
-8.6499134851403806e-05
-8.5878110514160980e-05
-8.5262981163499214e-05
-8.4609800895270096e-05
-8.4034684124652465e-05
-8.3358401547272264e-05
-8.2790794592597637e-05
-8.2157326526463941e-05
-8.1530615514473754e-05
-8.0972211468301403e-05
-8.0286404202338683e-05
-7.9754230685672369e-05
-7.9096121771305770e-05
-7.8527693651703908e-05
-7.7921017708396911e-05
-7.7315520718813121e-05
-7.6734220273503445e-05
-7.6119165365592524e-05
-7.5569523623985582e-05
-7.4920435220257492e-05
-7.4399356763951379e-05
-7.3751830199464519e-05
-7.3209046132439702e-05
-7.2603936255601404e-05
-7.2028971505838838e-05
-7.1454736112421544e-05
-7.0871587717356193e-05
-7.0307018079379576e-05
-6.9718611770448372e-05
-6.9166129015114803e-05
-6.8557538758137239e-05
-6.8039362758025648e-05
-6.7408240267473522e-05
-6.6905633321588258e-05
-6.6280547745794057e-05
-6.5773263569498714e-05
-6.5153585979752722e-05
-6.4647585756024800e-05
-6.4020649542028833e-05
-6.3532129947994342e-05
-6.2898309769388613e-05
-6.2411433249567471e-05
-6.1790376365831434e-05
-6.1293676234429507e-05
-6.0681277189026022e-05
-6.0178542792112640e-05
-5.9567489668487955e-05
-5.9072643449549440e-05
-5.8461259970295008e-05
-5.7957246412846630e-05
-5.7371892183406977e-05
-5.6841224508250823e-05
-5.6284107885231678e-05
-5.5732451938387526e-05
-5.5184917222054878e-05
-5.4627444401846828e-05
-5.4089998056372787e-05
-5.3519026928811632e-05
-5.3005851194065609e-05
-5.2405410617352983e-05
-5.1909240537412695e-05
-5.1308533203226571e-05
-5.0796927907571648e-05
-5.0225423185782079e-05
-4.9676606477872476e-05
-4.9144014827581873e-05
-4.8557568409950438e-05
-4.8054530592684905e-05
-4.7445050847822721e-05
-4.6931096377233995e-05
-4.6358976587178257e-05
-4.5809960620818949e-05
-4.5267225511820784e-05
-4.4686788048789499e-05
-4.4171327729310054e-05
-4.3561210584626734e-05
-4.3035475877736607e-05
-4.2463269160113553e-05
-4.1896747145009130e-05
-4.1362813208241118e-05
-4.0750883749582840e-05
-4.0216059405134114e-05
-3.9641591281770225e-05
-3.9063029331454171e-05
-3.8522499034552195e-05
-3.7904271733906442e-05
0.0000000000000000e+00
];
