%Vec Object:dSdr_b_aug_2600 1 MPI processes
%  type: seq
dSdr_b_aug_2600 = [
2.3880564011714941e+03
0.0000000000000000e+00
-1.3567430504535353e-06
-5.5773798537650499e-07
-3.4378831246483728e-07
-2.4299363272373330e-07
-1.8235377117147857e-07
-1.4488725178847523e-07
-1.1949261987189664e-07
-1.0031781795488454e-07
-8.6081201766686144e-08
-7.5169952675430586e-08
-6.6277357624825503e-08
-5.9072634805692940e-08
-5.3166375466677168e-08
-4.8185201496683059e-08
-4.3928022247123651e-08
-4.0295860418664617e-08
-3.7155409653563262e-08
-3.4383649855741534e-08
-3.1955372805413967e-08
-3.0789546528695851e-08
-1.0279909493179471e-05
-5.9724714954292424e-04
-6.2060036247879732e-04
-5.7911933183982538e-04
-5.3813475703749346e-04
-4.9672473871477342e-04
-4.5426360721449217e-04
-4.0892709009622005e-04
-3.6903918391978320e-04
-3.3072508600652593e-04
-2.9457248135731620e-04
-2.5645745000875202e-04
-2.2546158401984715e-04
-1.9848953662181330e-04
-1.7489909284687955e-04
-1.5261896166033617e-04
-1.3574323774314574e-04
-1.2294177283751607e-04
-1.1282761538640464e-04
-1.0466774777535325e-04
-9.9574177397857775e-05
-9.6456551114287614e-05
-9.4739722456486632e-05
-9.4310677313339783e-05
-9.4780027823394464e-05
-9.5779356801549398e-05
-9.7235723325873739e-05
-9.9204596132065553e-05
-1.0093614033062297e-04
-1.0275340120624570e-04
-1.0460020604553207e-04
-1.0637304860347131e-04
-1.0785460215692248e-04
-1.0917452629672240e-04
-1.1043369556260134e-04
-1.1144291099664376e-04
-1.1226371661570371e-04
-1.1291464542610365e-04
-1.1349171585904359e-04
-1.1385733048746825e-04
-1.1405772157409242e-04
-1.1420128504398284e-04
-1.1424611011918233e-04
-1.1415433866516486e-04
-1.1399668478048134e-04
-1.1377820579629984e-04
-1.1347199918561650e-04
-1.1310643012637550e-04
-1.1271839415264424e-04
-1.1228219292448199e-04
-1.1181193539317670e-04
-1.1127134130722848e-04
-1.1074611226339488e-04
-1.1019385334322300e-04
-1.0958805734657068e-04
-1.0901126356839465e-04
-1.0842412243993245e-04
-1.0775505005212201e-04
-1.0713961815525716e-04
-1.0652071370300433e-04
-1.0583884472412137e-04
-1.0521208134769870e-04
-1.0458889347635945e-04
-1.0386388044247017e-04
-1.0323803714071370e-04
-1.0259233918335269e-04
-1.0188975796660854e-04
-1.0126600800205699e-04
-1.0060438881617442e-04
-9.9906841390710836e-05
-9.9280262100036958e-05
-9.8597199925620240e-05
-9.7938945166274209e-05
-9.7323426939012318e-05
-9.6612210753842888e-05
-9.5984734418341850e-05
-9.5357623326832589e-05
-9.4635005768187771e-05
-9.4052049588887833e-05
-9.3394308256927017e-05
-9.2723412301374804e-05
-9.2140625257971221e-05
-9.1427939657398824e-05
-9.0826592330587995e-05
-9.0218896500035364e-05
-8.9531133749239393e-05
-8.8958977007460717e-05
-8.8295216012463119e-05
-8.7666251682685053e-05
-8.7088345280677209e-05
-8.6408058351041206e-05
-8.5841735274704614e-05
-8.5199527474810651e-05
-8.4593664470927155e-05
-8.3993577088720066e-05
-8.3356665726640514e-05
-8.2795705512617629e-05
-8.2136000077830132e-05
-8.1582846068818432e-05
-8.0964764064299968e-05
-8.0353645765785661e-05
-7.9809651047652863e-05
-7.9140314537870363e-05
-7.8621963129592455e-05
-7.7980265191743736e-05
-7.7425857200204263e-05
-7.6835013409754595e-05
-7.6244456949109407e-05
-7.5677931559803147e-05
-7.5078662521708598e-05
-7.4542910623864338e-05
-7.3910421772571731e-05
-7.3402855010754810e-05
-7.2771789080745838e-05
-7.2243072717418600e-05
-7.1653575730645111e-05
-7.1093374729533948e-05
-7.0534153920690591e-05
-6.9966215406155004e-05
-6.9416205027851468e-05
-6.8843526683680451e-05
-6.8305322476569662e-05
-6.7712729638517985e-05
-6.7208654146879091e-05
-6.6593690969927140e-05
-6.6105049527654281e-05
-6.5496296086887075e-05
-6.5002621209285467e-05
-6.4399849370857777e-05
-6.3907338858424918e-05
-6.3297388190029330e-05
-6.2822302959415167e-05
-6.2205576881313178e-05
-6.1732232717826832e-05
-6.1128101212407448e-05
-6.0645093510579156e-05
-6.0049613904559960e-05
-5.9560896494068548e-05
-5.8966603752279790e-05
-5.8486084234006972e-05
-5.7891251758464274e-05
-5.7401821235515790e-05
-5.6832964167081522e-05
-5.6317160487450535e-05
-5.5776305076778085e-05
-5.5240050757855560e-05
-5.4708451033187936e-05
-5.4166970703795877e-05
-5.3645055895629798e-05
-5.3090709395039932e-05
-5.2592552259601223e-05
-5.2009582271904889e-05
-5.1528120283673211e-05
-5.0944921770332852e-05
-5.0448549049928422e-05
-4.9894036045262709e-05
-4.9361374575346710e-05
-4.8845116975593312e-05
-4.8275797933625574e-05
-4.7788309168818771e-05
-4.7197083232454832e-05
-4.6698641161774876e-05
-4.6144325473602324e-05
-4.5611825725788574e-05
-4.5085959795476379e-05
-4.4523340044460397e-05
-4.4023954481262936e-05
-4.3432752663943385e-05
-4.2923447656811775e-05
-4.2369070396312999e-05
-4.1820373931315446e-05
-4.1303222510346283e-05
-4.0710680087053040e-05
-4.0192743086266575e-05
-3.9636528091174581e-05
-3.9076492454237873e-05
-3.8552736189276342e-05
-3.7953003357679017e-05
0.0000000000000000e+00
];
