%Vec Object:dSdr_b_aug_6600 1 MPI processes
%  type: seq
dSdr_b_aug_6600 = [
2.3074622823655932e+03
0.0000000000000000e+00
-7.8284775889437687e-07
-3.2283704173213130e-07
-2.0027552303883922e-07
-1.4191294847923004e-07
-1.0615937727085600e-07
-8.4054977923703196e-08
-6.9074403102393346e-08
-5.7818540662012300e-08
-4.9461077390531578e-08
-4.3054203489246546e-08
-3.7842241225021446e-08
-3.3621170993916840e-08
-3.0160685225688207e-08
-2.7243940191073077e-08
-2.4752950112454871e-08
-2.2628844248080790e-08
-2.3144515627811970e-07
-5.4583021869449196e-04
-7.5059810854581730e-04
-7.1234315876094975e-04
-6.7385758785749525e-04
-6.3551300737481168e-04
-5.9295050083110767e-04
-5.5186574856547817e-04
-5.1247584095327813e-04
-4.7269306709196664e-04
-4.3187280163272567e-04
-3.8824329667384649e-04
-3.4984910418411354e-04
-3.1294638590449421e-04
-2.7810806533222222e-04
-2.4136429957349908e-04
-2.1147674592122316e-04
-1.8546280625205108e-04
-1.6270786131862463e-04
-1.4121817355233754e-04
-1.2494168155654316e-04
-1.1259729839092129e-04
-1.0285376148364292e-04
-9.5001446687906384e-05
-9.0111601502478812e-05
-8.7134197493874644e-05
-8.5513066291373438e-05
-8.5141992839265151e-05
-8.5639981196321849e-05
-8.6651815236931233e-05
-8.8107128342332667e-05
-9.0068538132215538e-05
-9.1794712073221130e-05
-9.3603587295979431e-05
-9.5445985536452975e-05
-9.7220184044807492e-05
-9.8707418441430487e-05
-1.0003994313991431e-04
-1.0132059959977186e-04
-1.0235448687061109e-04
-1.0320404816146544e-04
-1.0389139531486080e-04
-1.0451116630972752e-04
-1.0492022373374691e-04
-1.0516893280688018e-04
-1.0537053847130685e-04
-1.0546852903401182e-04
-1.0543320731495220e-04
-1.0533815565209057e-04
-1.0518423197902823e-04
-1.0494064028972891e-04
-1.0464123894243804e-04
-1.0432371317891786e-04
-1.0395265195701635e-04
-1.0354782157268596e-04
-1.0308477607625845e-04
-1.0262639561888253e-04
-1.0214058128250395e-04
-1.0161354747403272e-04
-1.0110326042772666e-04
-1.0058237520138769e-04
-9.9994001963978003e-05
-9.9445269238185777e-05
-9.8893797170199348e-05
-9.8290346332127171e-05
-9.7729914269854498e-05
-9.7173536650245888e-05
-9.6527665649755903e-05
-9.5967886895703930e-05
-9.5389852718511664e-05
-9.4763138285413083e-05
-9.4204356941936682e-05
-9.3611466383219393e-05
-9.2987990703962615e-05
-9.2425821375001865e-05
-9.1813410790235253e-05
-9.1224661649207868e-05
-9.0672448021014671e-05
-9.0034179649204406e-05
-8.9473430517491640e-05
-8.8909790005069038e-05
-8.8261487570974345e-05
-8.7741096361173068e-05
-8.7149179978765170e-05
-8.6548252779093175e-05
-8.6027180952538538e-05
-8.5385834687652326e-05
-8.4848364697466099e-05
-8.4303800750081011e-05
-8.3686070431020172e-05
-8.3174478422550356e-05
-8.2579512267298252e-05
-8.2015305394655250e-05
-8.1498271439811557e-05
-8.0888959214726571e-05
-8.0381261396770631e-05
-7.9807003497361827e-05
-7.9264050215462829e-05
-7.8726377269694250e-05
-7.8156971339805981e-05
-7.7654751680761715e-05
-7.7063830662306765e-05
-7.6570647033137647e-05
-7.6016407235604490e-05
-7.5469988616524411e-05
-7.4985783298255618e-05
-7.4384789778917271e-05
-7.3923791193960910e-05
-7.3350188203426104e-05
-7.2853954692838593e-05
-7.2328804111180476e-05
-7.1800241201920670e-05
-7.1295022760957603e-05
-7.0761254894689159e-05
-7.0283136894477407e-05
-6.9719525475351804e-05
-6.9268023542734414e-05
-6.8705258631861452e-05
-6.8234914181443610e-05
-6.7710200631639341e-05
-6.7211259685725212e-05
-6.6714339742029254e-05
-6.6209512448480991e-05
-6.5719913641564272e-05
-6.5212496240589201e-05
-6.4733538844260138e-05
-6.4207325020222247e-05
-6.3761757600329098e-05
-6.3213845207934477e-05
-6.2783151667263260e-05
-6.2242166121360338e-05
-6.1804961141251040e-05
-6.1272337348142888e-05
-6.0835800539825235e-05
-6.0296329029984153e-05
-5.9876987864576545e-05
-5.9331191399246067e-05
-5.8913997930591681e-05
-5.8380095975248413e-05
-5.7953903195572646e-05
-5.7428628526076237e-05
-5.6998072769649023e-05
-5.6473325014308394e-05
-5.6052252300539183e-05
-5.5526096070904104e-05
-5.5097176017860617e-05
-5.4596771832834845e-05
-5.4142644487026698e-05
-5.3669262986962886e-05
-5.3196915898024595e-05
-5.2731436556996777e-05
-5.2256315242479909e-05
-5.1798846841738262e-05
-5.1313482422670254e-05
-5.0877643457729564e-05
-5.0367165891720412e-05
-4.9946733830065201e-05
-4.9436186565456977e-05
-4.9003020256728849e-05
-4.8519013105759731e-05
-4.8053386801377897e-05
-4.7604906509632462e-05
-4.7106656798928598e-05
-4.6683688602484204e-05
-4.6168206577039128e-05
-4.5734133734190666e-05
-4.5253696877957916e-05
-4.4789732719424117e-05
-4.4333867757586623e-05
-4.3845185872958421e-05
-4.3412507443980258e-05
-4.2899801318648335e-05
-4.2458680964685918e-05
-4.1978300501283467e-05
-4.1503590705109703e-05
-4.1056107675783655e-05
-4.0544057369558719e-05
-4.0096270803646147e-05
-3.9615937580043801e-05
-3.9133078301359475e-05
-3.8679776771454016e-05
-3.8161314559466280e-05
0.0000000000000000e+00
];
