%Vec Object:dSdr_b_aug_4590 1 MPI processes
%  type: seq
dSdr_b_aug_4590 = [
2.3416536585821004e+03
0.0000000000000000e+00
-9.8485325556181603e-07
-4.0636127332066212e-07
-2.5192908681551498e-07
-1.7868658817444120e-07
-1.3410555257302463e-07
-1.0654784225903626e-07
-8.7868629975160083e-08
-7.3795895339555905e-08
-6.3345714191486116e-08
-5.5335011305476866e-08
-4.8809391207299236e-08
-4.3522368027583524e-08
-3.9187757913827105e-08
-3.5532090202587099e-08
-3.2407803863656725e-08
-2.9742006733891456e-08
-2.7436962718529725e-08
-2.6814736525439416e-08
-4.5133880676635875e-05
-7.1564103530554672e-04
-6.8673137519382164e-04
-6.4784134441106100e-04
-6.0453967309030535e-04
-5.6275938517410477e-04
-5.2271727818783943e-04
-4.8228444069059733e-04
-4.4080925229934755e-04
-3.9649845527908885e-04
-3.5750810290719934e-04
-3.2004208546670059e-04
-2.8467921779416408e-04
-2.4738816290367137e-04
-2.1705826803232480e-04
-1.9066193566993783e-04
-1.6757353277425615e-04
-1.4576836922351133e-04
-1.2925271633165730e-04
-1.1672590617626002e-04
-1.0683445001834785e-04
-9.8859387086850715e-05
-9.3888232661471557e-05
-9.0854864216125049e-05
-8.9195538905537873e-05
-8.8801328151618311e-05
-8.9287886716179121e-05
-9.0294729765862973e-05
-9.1750463245507066e-05
-9.3714851565673300e-05
-9.5443168794778259e-05
-9.7255390791573597e-05
-9.9099547719585081e-05
-1.0087320501358214e-04
-1.0235817207966669e-04
-1.0368566770503369e-04
-1.0495774833038574e-04
-1.0598178883985359e-04
-1.0681987345537631e-04
-1.0749268566194765e-04
-1.0809541439460190e-04
-1.0848713331786434e-04
-1.0871655813777444e-04
-1.0889499849374113e-04
-1.0897177009961664e-04
-1.0891391863713143e-04
-1.0879388169457594e-04
-1.0861419323733441e-04
-1.0834561119546848e-04
-1.0801980153085789e-04
-1.0767413430317335e-04
-1.0727707493057169e-04
-1.0684613179246694e-04
-1.0635213572251543e-04
-1.0586707518182444e-04
-1.0535474199197664e-04
-1.0479627322092214e-04
-1.0425944251666455e-04
-1.0371211374141525e-04
-1.0309153247512994e-04
-1.0251617928595809e-04
-1.0193779411992070e-04
-1.0130304563172553e-04
-1.0071613992184793e-04
-1.0013309750458179e-04
-9.9455639939068495e-05
-9.8869494006845730e-05
-9.8264454377791868e-05
-9.7607460572166318e-05
-9.7022749448096403e-05
-9.6402428443563440e-05
-9.5749389813234230e-05
-9.5161513671301437e-05
-9.4520905162216254e-05
-9.3904415468219846e-05
-9.3326936190783473e-05
-9.2659553443003471e-05
-9.2072172657881436e-05
-9.1483200251297103e-05
-9.0805237730190726e-05
-9.0259876066169754e-05
-8.9641688129493970e-05
-8.9012835529516540e-05
-8.8467132392587146e-05
-8.7797313711906075e-05
-8.7234349482431857e-05
-8.6664588815438270e-05
-8.6018907682094677e-05
-8.5483143535337907e-05
-8.4860720504072661e-05
-8.4270668124914543e-05
-8.3729339219233294e-05
-8.3091700106844739e-05
-8.2560604218940420e-05
-8.1959226669024756e-05
-8.1391165334433123e-05
-8.0828582010494208e-05
-8.0232233822797428e-05
-7.9706570077224033e-05
-7.9088196342338735e-05
-7.8571077788132859e-05
-7.7991357771208837e-05
-7.7419116704773556e-05
-7.6911048692621789e-05
-7.6282778635116004e-05
-7.5798889824120442e-05
-7.5198109292303906e-05
-7.4678657621738185e-05
-7.4127288062377422e-05
-7.3573982754508884e-05
-7.3044295946622420e-05
-7.2484385746698343e-05
-7.1983265339559222e-05
-7.1392164079075125e-05
-7.0918285973995719e-05
-7.0328261275124537e-05
-6.9834619866247614e-05
-6.9284050438926943e-05
-6.8760659840780389e-05
-6.8238874844541285e-05
-6.7708859075185483e-05
-6.7195149255981594e-05
-6.6661685398028783e-05
-6.6159081859456904e-05
-6.5606375342059417e-05
-6.5137456619471939e-05
-6.4562783421265451e-05
-6.4108962148328813e-05
-6.3540929588439771e-05
-6.3081186765293702e-05
-6.2520566010013128e-05
-6.2061689394989636e-05
-6.1494088770887157e-05
-6.1052499449787827e-05
-6.0478394087491514e-05
-6.0038790171412829e-05
-5.9476858721917201e-05
-5.9027990392417046e-05
-5.8474696051269278e-05
-5.8020927246429693e-05
-5.7468423212446437e-05
-5.7023624529399989e-05
-5.6470058744724634e-05
-5.6016988198673526e-05
-5.5489263603570365e-05
-5.5010520451927632e-05
-5.4510209259819499e-05
-5.4012355984189626e-05
-5.3520487157885560e-05
-5.3018881115784650e-05
-5.2535691331145343e-05
-5.2022795282104525e-05
-5.1562084334906211e-05
-5.1022674113469805e-05
-5.0577884218318119e-05
-5.0038340902030710e-05
-4.9579948090211178e-05
-4.9067801133159191e-05
-4.8575420212408667e-05
-4.8099889099941804e-05
-4.7573274673259628e-05
-4.7124555445633015e-05
-4.6578843001565994e-05
-4.6119079505901676e-05
-4.5609156578699953e-05
-4.5117838884293765e-05
-4.4634035510209499e-05
-4.4115843914715148e-05
-4.3656541608440947e-05
-4.3112506584314790e-05
-4.2644172516940749e-05
-4.2134258522448695e-05
-4.1630019062660175e-05
-4.1154729575351189e-05
-4.0610552458298481e-05
-4.0134765738437372e-05
-3.9624143162087293e-05
-3.9110473522502665e-05
-3.8629029825839978e-05
-3.8078013301519347e-05
0.0000000000000000e+00
];
