%Vec Object:dSdr_b_aug_8560 1 MPI processes
%  type: seq
dSdr_b_aug_8560 = [
2.2845571809650423e+03
0.0000000000000000e+00
-6.7445235341401469e-07
-2.7823593104637409e-07
-1.7279754344574237e-07
-1.2246069322714472e-07
-9.1493227600850908e-08
-7.2345152298713580e-08
-5.9368827238620691e-08
-4.9632393590641898e-08
-4.2403118982641199e-08
-3.6860734069367898e-08
-3.2354687842758141e-08
-2.8705779299513793e-08
-2.5714286706530258e-08
-2.3193340925685178e-08
-2.1041104812700058e-08
-1.0619966772599447e-07
-5.3683878511666015e-04
-7.8229158130852731e-04
-7.4094179739326758e-04
-7.0217035971426869e-04
-6.6418823113101821e-04
-6.2634488354281761e-04
-5.8433370116870462e-04
-5.4376613461115631e-04
-5.0486115026844873e-04
-4.6556171041507824e-04
-4.2522839189685426e-04
-3.8210543981659112e-04
-3.4415450289960293e-04
-3.0767060766546625e-04
-2.7322229729233663e-04
-2.3688545086581755e-04
-2.0732678587949169e-04
-1.8159716206971280e-04
-1.5909014926430057e-04
-1.3783502377220425e-04
-1.2173635251617721e-04
-1.0952760736364500e-04
-9.9894051301775480e-05
-9.2133002143217224e-05
-8.7303611975772101e-05
-8.4367818624957427e-05
-8.2775085255044160e-05
-8.2421214556004246e-05
-8.2927700925051996e-05
-8.3943245622168322e-05
-8.5398245947498165e-05
-8.7357440932057343e-05
-8.9082021103058007e-05
-9.0888407755088254e-05
-9.2729498207563962e-05
-9.4504098958270237e-05
-9.5993019008319848e-05
-9.7329282775083557e-05
-9.8616315394756189e-05
-9.9657523867411674e-05
-1.0051561823355229e-04
-1.0121377234462277e-04
-1.0184621453327347e-04
-1.0226816341225068e-04
-1.0253121064436707e-04
-1.0275004010347965e-04
-1.0286380731517968e-04
-1.0284523684010468e-04
-1.0276876215775375e-04
-1.0263399504186645e-04
-1.0240898410719652e-04
-1.0212921779780438e-04
-1.0183261569873012e-04
-1.0148088455025208e-04
-1.0109546944960634e-04
-1.0065543624330728e-04
-1.0021689289073119e-04
-9.9750795782396954e-05
-9.9247134417963380e-05
-9.8756583043422625e-05
-9.8255359056592930e-05
-9.7690933053427877e-05
-9.7161993107138314e-05
-9.6630531398183094e-05
-9.6050350912691730e-05
-9.5509602470958386e-05
-9.4973050595760803e-05
-9.4350664762385861e-05
-9.3810490467924410e-05
-9.3252535318647762e-05
-9.2648334132503903e-05
-9.2108832036606584e-05
-9.1536336497285330e-05
-9.0934841393566508e-05
-9.0391785532516417e-05
-8.9800340601883937e-05
-8.9232217051423020e-05
-8.8698788878656190e-05
-8.8082167559898073e-05
-8.7541219532585789e-05
-8.6996413730494626e-05
-8.6370164095941033e-05
-8.5868338859683543e-05
-8.5295955848744491e-05
-8.4715791691210952e-05
-8.4213033692036169e-05
-8.3592857185556201e-05
-8.3074342626239200e-05
-8.2548512898684390e-05
-8.1951564518526992e-05
-8.1457944935657854e-05
-8.0883393467739637e-05
-8.0338403200509617e-05
-7.9839432985236199e-05
-7.9251182317196785e-05
-7.8760881392330416e-05
-7.8206787448190424e-05
-7.7682502462767498e-05
-7.7163350839173298e-05
-7.6613976970769414e-05
-7.6129188420353053e-05
-7.5558678999173494e-05
-7.5083291426450869e-05
-7.4547996639939918e-05
-7.4020777484828674e-05
-7.3554314518880701e-05
-7.2973601607109609e-05
-7.2529622327941658e-05
-7.1976226339709524e-05
-7.1497255960757699e-05
-7.0991599673017499e-05
-7.0481433195209757e-05
-6.9994407438651930e-05
-6.9480076881730168e-05
-6.9019061599498273e-05
-6.8475889387182429e-05
-6.8041024557135793e-05
-6.7498527805679137e-05
-6.7045505080167014e-05
-6.6540015858568659e-05
-6.6059253687833082e-05
-6.5580821377746735e-05
-6.5094722189788844e-05
-6.4623050375931719e-05
-6.4134999006927170e-05
-6.3673622966517021e-05
-6.3167106961696187e-05
-6.2738901681457358e-05
-6.2210886457465418e-05
-6.1797388830515926e-05
-6.1276513256888990e-05
-6.0856065600554585e-05
-6.0344258086546644e-05
-5.9924331362100408e-05
-5.9405774392934337e-05
-5.9002975171290210e-05
-5.8478226923018684e-05
-5.8077696069895597e-05
-5.7564634596037306e-05
-5.7155301546210572e-05
-5.6650860061274249e-05
-5.6237563681442252e-05
-5.5733453280952239e-05
-5.5330021317757977e-05
-5.4824244657028668e-05
-5.4413281005649111e-05
-5.3933190119375958e-05
-5.3497365156322381e-05
-5.3044006462279539e-05
-5.2590623785572800e-05
-5.2144765613844350e-05
-5.1689336293188730e-05
-5.1250992337465440e-05
-5.0786098327142169e-05
-5.0368752288395474e-05
-4.9879786850379193e-05
-4.9477465470933892e-05
-4.8988477511493887e-05
-4.8574067803603484e-05
-4.8110983377708838e-05
-4.7665249919014640e-05
-4.7236882746358527e-05
-4.6759723110857628e-05
-4.6355901723009886e-05
-4.5862897088241659e-05
-4.5447926321895078e-05
-4.4989413616674404e-05
-4.4545788168698243e-05
-4.4110696960550616e-05
-4.3643957354442062e-05
-4.3231075837776305e-05
-4.2741665327077587e-05
-4.2320781456580436e-05
-4.1862363173367017e-05
-4.1409613988243104e-05
-4.0982812407855481e-05
-4.0494659379491453e-05
-4.0067708384584574e-05
-3.9609926565682137e-05
-3.9150040611624120e-05
-3.8717846380273195e-05
-3.8224560315783509e-05
0.0000000000000000e+00
];
