%Vec Object:dSdr_b_aug_6680 1 MPI processes
%  type: seq
dSdr_b_aug_6680 = [
2.3059539290239727e+03
0.0000000000000000e+00
-7.7602007420065685e-07
-3.2039908555197553e-07
-1.9901932872115725e-07
-1.4120405151338606e-07
-1.0575911939237418e-07
-8.3843978362090471e-08
-6.8990796098947795e-08
-5.7826558463119675e-08
-4.9536470679908541e-08
-4.3181115142335107e-08
-3.8009206216923456e-08
-3.3820031660625488e-08
-3.0385577353600031e-08
-2.7490202375430782e-08
-2.5016868791969502e-08
-2.2908974220896920e-08
-4.5722318850720623e-07
-6.1552133844062964e-04
-7.5035563677261345e-04
-7.1191363527197196e-04
-6.7344785063137684e-04
-6.3512448974643106e-04
-5.9258534629334206e-04
-5.5152251083154236e-04
-5.1215315284691991e-04
-4.7239086126690973e-04
-4.3159123119737857e-04
-3.8798319247362835e-04
-3.4960778386406452e-04
-3.1272281408643735e-04
-2.7790102101283708e-04
-2.4117449931678280e-04
-2.1130088301360048e-04
-1.8529899182790597e-04
-1.6255455353655443e-04
-1.4107480583037707e-04
-1.2480584935197926e-04
-1.1246721412103355e-04
-1.0272833787206607e-04
-9.4879890637830953e-05
-8.9992607346706661e-05
-8.7016966697144353e-05
-8.5397038939539306e-05
-8.5026694478429851e-05
-8.5525042944230303e-05
-8.6537034219418479e-05
-8.7992334057710971e-05
-8.9953649978502604e-05
-9.1679756369216704e-05
-9.3488526123372526e-05
-9.5330868933807825e-05
-9.7105084478981644e-05
-9.8592390300462218e-05
-9.9925073442174627e-05
-1.0120600009804089e-04
-1.0224019761357761e-04
-1.0309012050524778e-04
-1.0377792562041547e-04
-1.0439823357831165e-04
-1.0480783729972257e-04
-1.0505715397772500e-04
-1.0525948953217427e-04
-1.0535814865910211e-04
-1.0532353680517161e-04
-1.0522927237709197e-04
-1.0507616049967848e-04
-1.0483335620525209e-04
-1.0453478693060205e-04
-1.0421814784807922e-04
-1.0384790577544618e-04
-1.0344389815158234e-04
-1.0298182784641242e-04
-1.0252428802511568e-04
-1.0203930924501935e-04
-1.0151326589029787e-04
-1.0100381518201592e-04
-1.0048376313955854e-04
-9.9896404714084274e-05
-9.9348510746604079e-05
-9.8797886657356527e-05
-9.8195421947163669e-05
-9.7635824017617293e-05
-9.7080286553419921e-05
-9.6435410784244803e-05
-9.5876462808392604e-05
-9.5299279520209344e-05
-9.4673519131433946e-05
-9.4115554784621715e-05
-9.3523528505918871e-05
-9.2900984298010308e-05
-9.2339624940726634e-05
-9.1728102817822791e-05
-9.1140227727868719e-05
-9.0588810171195248e-05
-8.9951459137130245e-05
-8.9391549117278190e-05
-8.8828706763797278e-05
-8.8181338861858063e-05
-8.7661734422817293e-05
-8.7070645807766237e-05
-8.6470598486379749e-05
-8.5950302747648581e-05
-8.5309853596647107e-05
-8.4773186883613669e-05
-8.4229416839122311e-05
-8.3612567199429621e-05
-8.3101736811302566e-05
-8.2507635772443075e-05
-8.1944243244915895e-05
-8.1427974780178970e-05
-8.0819555084012893e-05
-8.0312594497234792e-05
-7.9739191089095654e-05
-7.9197028916847020e-05
-7.8660140852448732e-05
-7.8091583824701401e-05
-7.7590102847031477e-05
-7.7000046814494665e-05
-7.6507617332270146e-05
-7.5954180371116234e-05
-7.5408575371440346e-05
-7.4925121924466581e-05
-7.4324987840367152e-05
-7.3864710486236030e-05
-7.3291963811935549e-05
-7.2796461864983622e-05
-7.2272137397248637e-05
-7.1744354077759621e-05
-7.1239906592462262e-05
-7.0706962425588792e-05
-7.0229569191631824e-05
-6.9666823929587406e-05
-6.9216027032013099e-05
-6.8654121030017927e-05
-6.8184510627251999e-05
-6.7660611752006446e-05
-6.7162441173341801e-05
-6.6666304685560000e-05
-6.6162271038612216e-05
-6.5673431929691645e-05
-6.5166835209119861e-05
-6.4688622864053020e-05
-6.4163243781074959e-05
-6.3718412123084020e-05
-6.3171342920141931e-05
-6.2741378097712035e-05
-6.2201244759787033e-05
-6.1764749912374562e-05
-6.1233008259118380e-05
-6.0797175344551068e-05
-6.0258590139376912e-05
-5.9839949980897563e-05
-5.9295045485943836e-05
-5.8878558138852601e-05
-5.8345539351624023e-05
-5.7920061047820568e-05
-5.7395669238354657e-05
-5.6965844894941364e-05
-5.6441971702452528e-05
-5.6021646564713286e-05
-5.5496353975428313e-05
-5.5068194876711504e-05
-5.4568651525726087e-05
-5.4115299798296790e-05
-5.3642766824510064e-05
-5.3171223411736468e-05
-5.2706575579970174e-05
-5.2232288777997172e-05
-5.1775630840762330e-05
-5.1291133925760036e-05
-5.0856078667476439e-05
-5.0346512756579718e-05
-4.9926848209820953e-05
-4.9417214607349115e-05
-4.8984843194699044e-05
-4.8501722739773806e-05
-4.8036939494669485e-05
-4.7589311604474924e-05
-4.7091955705718991e-05
-4.6669798981860134e-05
-4.6155269584151675e-05
-4.5722006349191620e-05
-4.5242498713918047e-05
-4.4779396616699680e-05
-4.4324412186359166e-05
-4.3836660397733919e-05
-4.3404821209399161e-05
-4.2893102674056680e-05
-4.2452840387047020e-05
-4.1973391290841091e-05
-4.1499613051460721e-05
-4.1053007778944584e-05
-4.0541972209074127e-05
-4.0095071922955542e-05
-3.9615700413258587e-05
-3.9133827570373422e-05
-3.8681456794877976e-05
-3.8164254687535292e-05
0.0000000000000000e+00
];
