%Vec Object:dSdr_b_aug_950 1 MPI processes
%  type: seq
dSdr_b_aug_950 = [
2.4714787569799514e+03
0.0000000000000000e+00
-2.4978042653645352e-06
-1.0189023839030436e-06
-6.2057178238404671e-07
-4.3557657275865416e-07
-3.2687262692558351e-07
-2.5977538833206716e-07
-2.1430111510542461e-07
-1.7980391802235593e-07
-1.5419850037093511e-07
-1.3458065505432591e-07
-1.1857710855274382e-07
-1.0561087332819828e-07
-9.4983341848149235e-08
-8.6020083957343473e-08
-7.8359208468970267e-08
-7.1823902805486124e-08
-6.6173945726997824e-08
-6.1187632540335665e-08
-5.6819602000242662e-08
-5.2967574303025817e-08
-4.9504075970788926e-08
-4.6407771926144525e-08
-4.3630055146580324e-08
-4.1288294847644167e-08
-2.1978615624113963e-07
-5.7362126018821650e-05
-4.2006152020610790e-04
-4.2502552616638644e-04
-3.8752583100823895e-04
-3.4819881991729322e-04
-3.1079845754201045e-04
-2.7133909207426081e-04
-2.3925180461087053e-04
-2.1133529037878758e-04
-1.8692103763505875e-04
-1.6386146650149150e-04
-1.4639484047068314e-04
-1.3314264371613781e-04
-1.2266301286012709e-04
-1.1419986299749747e-04
-1.0890539585148956e-04
-1.0564949374022765e-04
-1.0383829585782884e-04
-1.0335208338097383e-04
-1.0379319306828635e-04
-1.0478019000326208e-04
-1.0623759470982112e-04
-1.0821382630510282e-04
-1.0995066564126211e-04
-1.1177619520743622e-04
-1.1362734495914038e-04
-1.1539884992156341e-04
-1.1687480107241982e-04
-1.1818229919884024e-04
-1.1942027922265034e-04
-1.2040516501612732e-04
-1.2119761388463891e-04
-1.2181262968482223e-04
-1.2234759212622183e-04
-1.2267036685442774e-04
-1.2282311055506072e-04
-1.2290943745284550e-04
-1.2290183496720789e-04
-1.2275439731716835e-04
-1.2253501018002108e-04
-1.2225287197865624e-04
-1.2188491961028606e-04
-1.2145410133736867e-04
-1.2099653394834241e-04
-1.2049609695658892e-04
-1.1996132051348122e-04
-1.1934425437217599e-04
-1.1875310466000228e-04
-1.1813532341395712e-04
-1.1745185851369176e-04
-1.1680948114251287e-04
-1.1615700377675836e-04
-1.1540835244132310e-04
-1.1472714720799756e-04
-1.1404174639321121e-04
-1.1328254782817221e-04
-1.1259037388531025e-04
-1.1190130316542385e-04
-1.1109824672214885e-04
-1.1040725593380196e-04
-1.0969483346689081e-04
-1.0891743863262141e-04
-1.0822962190776651e-04
-1.0750022816432425e-04
-1.0672963725034234e-04
-1.0603954211577166e-04
-1.0528680913268599e-04
-1.0456001362877519e-04
-1.0388206958535288e-04
-1.0309891825993607e-04
-1.0240564102949077e-04
-1.0171594045690246e-04
-1.0092003944049924e-04
-1.0027538682181472e-04
-9.9552734413676952e-05
-9.8812841186325093e-05
-9.8169195818352339e-05
-9.7386161397158610e-05
-9.6721823646034403e-05
-9.6051872495699677e-05
-9.5295049710313721e-05
-9.4663169193540646e-05
-9.3931568586919469e-05
-9.3238745975867115e-05
-9.2600812365111108e-05
-9.1850536232667126e-05
-9.1226401942541964e-05
-9.0517187753167777e-05
-8.9849288563661206e-05
-8.9187653408177281e-05
-8.8484173963943323e-05
-8.7865288856673566e-05
-8.7137754121138802e-05
-8.6525462476145815e-05
-8.5844424770394829e-05
-8.5169505207205508e-05
-8.4566551332918572e-05
-8.3829820842111973e-05
-8.3254913034057565e-05
-8.2546065723972535e-05
-8.1934291095034814e-05
-8.1278666334749357e-05
-8.0626977202541674e-05
-7.9999996217580845e-05
-7.9336135600258114e-05
-7.8743550174023975e-05
-7.8043140375020444e-05
-7.7480287382526573e-05
-7.6781868931339272e-05
-7.6195591302720707e-05
-7.5542210555751833e-05
-7.4921600266752763e-05
-7.4300943820756132e-05
-7.3670770575978668e-05
-7.3061187646423543e-05
-7.2424154720790402e-05
-7.1827526576677202e-05
-7.1169476638816194e-05
-7.0607705719742014e-05
-6.9926623033038769e-05
-6.9380838588561957e-05
-6.8705258520172026e-05
-6.8155898163213617e-05
-6.7483952633648199e-05
-6.6936245990088485e-05
-6.6256795164232836e-05
-6.5726740302934244e-05
-6.5040069925166041e-05
-6.4511355207087193e-05
-6.3837969810715369e-05
-6.3298936621638093e-05
-6.2634227473871198e-05
-6.2088156626783746e-05
-6.1425285224632963e-05
-6.0886145062150192e-05
-6.0223590718613276e-05
-5.9674490777683031e-05
-5.9038132235173332e-05
-5.8461509615366970e-05
-5.7854118273714321e-05
-5.7254845281549621e-05
-5.6658044565946425e-05
-5.6051128053354605e-05
-5.5465663248963399e-05
-5.4843294217503947e-05
-5.4283686102519913e-05
-5.3629232375719969e-05
-5.3087590197313183e-05
-5.2432751832168044e-05
-5.1874053243186347e-05
-5.1250016665920528e-05
-5.0651254546506513e-05
-5.0068164961546344e-05
-4.9428768262297761e-05
-4.8877660363493746e-05
-4.8211748753101387e-05
-4.7649838797031708e-05
-4.7022679084684628e-05
-4.6422606093248971e-05
-4.5827724120054832e-05
-4.5192209076264809e-05
-4.4627062369505249e-05
-4.3958480056472040e-05
-4.3381969787315628e-05
-4.2754666888798434e-05
-4.2133071380324711e-05
-4.1547305574333978e-05
-4.0875520925540650e-05
-4.0288623117465379e-05
-3.9657971754794332e-05
-3.9022665600849075e-05
-3.8431777935288465e-05
-3.7764378260246719e-05
0.0000000000000000e+00
];
