%Vec Object:dSdr_b_aug_970 1 MPI processes
%  type: seq
dSdr_b_aug_970 = [
2.4700323232097185e+03
0.0000000000000000e+00
-2.4701276747417994e-06
-1.0076329435862790e-06
-6.1376495181384839e-07
-4.3079398828276747e-07
-3.2323653966759317e-07
-2.5684601717306141e-07
-2.1185084835218975e-07
-1.7772218698068489e-07
-1.5239040900973030e-07
-1.3298213050275306e-07
-1.1715058008835154e-07
-1.0432392833646428e-07
-9.3810827813363295e-08
-8.4944319100802309e-08
-7.7366384984983376e-08
-7.0901862395118818e-08
-6.5313151531194256e-08
-6.0381089377788098e-08
-5.6060603180606083e-08
-5.2250507543854650e-08
-4.8824842074009515e-08
-4.5762384708513930e-08
-4.3015129364589215e-08
-4.0838320947275671e-08
-3.6742085644853785e-07
-8.6013055671612087e-05
-4.3470930852066597e-04
-4.2575132347523915e-04
-3.8728218121769371e-04
-3.4788429271106764e-04
-3.1049597668992971e-04
-2.7106001045325160e-04
-2.3899287331598435e-04
-2.1109402151564253e-04
-1.8669522270878578e-04
-1.6365028622922025e-04
-1.4619475762211380e-04
-1.3295102670189546e-04
-1.2247826066720874e-04
-1.1402080760362022e-04
-1.0873011410544289e-04
-1.0547680939212786e-04
-1.0366738417263924e-04
-1.0318224555740692e-04
-1.0362388574662047e-04
-1.0461111435014841e-04
-1.0606849957569840e-04
-1.0804459296207844e-04
-1.0978133285248810e-04
-1.1160670711598511e-04
-1.1345777526982470e-04
-1.1522930537564238e-04
-1.1670536178032376e-04
-1.1801309333680173e-04
-1.1925147140158686e-04
-1.2023681422544934e-04
-1.2102979577021705e-04
-1.2164548618546941e-04
-1.2218123961026255e-04
-1.2250481906957104e-04
-1.2265845780630615e-04
-1.2274585986666320e-04
-1.2273924220883826e-04
-1.2259285022183687e-04
-1.2237462271328338e-04
-1.2209368031823527e-04
-1.2172688781263240e-04
-1.2129729521242174e-04
-1.2084103393440953e-04
-1.2034180357778940e-04
-1.1980823908835048e-04
-1.1919260943292670e-04
-1.1860269800454944e-04
-1.1798614755894058e-04
-1.1730414162495525e-04
-1.1666299620481127e-04
-1.1601174614357180e-04
-1.1526458965304740e-04
-1.1458461993465569e-04
-1.1390046821630526e-04
-1.1314272224304207e-04
-1.1245177700042279e-04
-1.1176394385224322e-04
-1.1096235340920012e-04
-1.1027258637908962e-04
-1.0956141729372574e-04
-1.0878542778984188e-04
-1.0809881452225316e-04
-1.0737069388467899e-04
-1.0660147505012382e-04
-1.0591257302400096e-04
-1.0516114876652769e-04
-1.0443564076062971e-04
-1.0375886935000437e-04
-1.0297706928410952e-04
-1.0228502808517043e-04
-1.0159650321959582e-04
-1.0080197878988702e-04
-1.0015848510293266e-04
-9.9437052008675026e-05
-9.8698454849067057e-05
-9.8055952663641830e-05
-9.7274239697951989e-05
-9.6611085179321496e-05
-9.5942303467212375e-05
-9.5186777938409037e-05
-9.4556019293231828e-05
-9.3825693009071438e-05
-9.3134069933563680e-05
-9.2497263893948989e-05
-9.1748302462443319e-05
-9.1125254117167622e-05
-9.0417298598223633e-05
-8.9750564716840266e-05
-8.9090085694853898e-05
-8.8387856687397717e-05
-8.7770059659834847e-05
-8.7043799052011041e-05
-8.6432618267108654e-05
-8.5752763141272602e-05
-8.5079042041244919e-05
-8.4477195673994082e-05
-8.3741731132942095e-05
-8.3167885697339782e-05
-8.2460299741866615e-05
-8.1849602704788064e-05
-8.1195194809820942e-05
-8.0544654011682504e-05
-7.9918808642148132e-05
-7.9256161331905139e-05
-7.8664643482367181e-05
-7.7965509530052675e-05
-7.7403695048749150e-05
-7.6706541766156372e-05
-7.6121345383266270e-05
-7.5469164645798845e-05
-7.4849689100179101e-05
-7.4230186676572704e-05
-7.3601182464253981e-05
-7.2992718559396495e-05
-7.2356894485510221e-05
-7.1761363789243582e-05
-7.1104543412289060e-05
-7.0543856255553771e-05
-6.9864015571588134e-05
-6.9319304511404609e-05
-6.8644979727322059e-05
-6.8096665374673293e-05
-6.7426019216187020e-05
-6.6879349383363516e-05
-6.6201204059390870e-05
-6.5672181752490232e-05
-6.4986825217598523e-05
-6.4459150583014483e-05
-6.3787066058427070e-05
-6.3249085252920829e-05
-6.2585676516957917e-05
-6.2040682995310884e-05
-6.1379099775401289e-05
-6.0841060738724586e-05
-6.0179778479309513e-05
-5.9631799360593856e-05
-5.8996708757780658e-05
-5.8421228548049147e-05
-5.7815087003501959e-05
-5.7216997735661542e-05
-5.6621421734214776e-05
-5.6015734349478055e-05
-5.5431463237554949e-05
-5.4810371906762967e-05
-5.4251918044428481e-05
-5.3598807021629750e-05
-5.3058295210290769e-05
-5.2404802464402072e-05
-5.1847274527810187e-05
-5.1224543794062117e-05
-5.0627023206354334e-05
-5.0045188873710122e-05
-4.9407108372838206e-05
-4.8857195329775741e-05
-4.8192686420015976e-05
-4.7631968410179804e-05
-4.7006176720187526e-05
-4.6407372683949332e-05
-4.5813786691740637e-05
-4.5179640396149869e-05
-4.4615728296689760e-05
-4.3948598663890122e-05
-4.3373349687435258e-05
-4.2747415155522511e-05
-4.2127186943770602e-05
-4.1542707044476789e-05
-4.0872406370135490e-05
-4.0286796535976290e-05
-3.9657529924788123e-05
-3.9023608912807270e-05
-3.8433901274176936e-05
-3.7767341126937481e-05
0.0000000000000000e+00
];
