%Vec Object:dSdr_b_aug_8760 1 MPI processes
%  type: seq
dSdr_b_aug_8760 = [
2.2814864090417750e+03
0.0000000000000000e+00
-6.6319081337895924e-07
-2.7434689861861647e-07
-1.7089186378174298e-07
-1.2147574399428040e-07
-9.1024929643478585e-08
-7.2193153788463890e-08
-5.9429347060841904e-08
-4.9843846141057876e-08
-4.2725324249798213e-08
-3.7267602145930289e-08
-3.2826604062453770e-08
-2.9229286092378404e-08
-2.6279876318503567e-08
-2.3793249362341653e-08
-2.1669848217068349e-08
-4.2903594418734197e-07
-6.8080431788075690e-04
-7.8162652345223219e-04
-7.4003035829521330e-04
-7.0130255339594615e-04
-6.6336416350095317e-04
-6.2556354424651861e-04
-5.8359934785894246e-04
-5.4307585767136282e-04
-5.0421220017744144e-04
-4.6495395173437424e-04
-4.2466213253802181e-04
-3.8158235067304951e-04
-3.4366918955237359e-04
-3.0722098789184372e-04
-2.7280591556253251e-04
-2.3650374824410312e-04
-2.0697311231567130e-04
-1.8126771891266110e-04
-1.5878183591309391e-04
-1.3754670063434132e-04
-1.2146318387363111e-04
-1.0926599825199388e-04
-9.9641815124966823e-05
-9.1888543923529628e-05
-8.7064305916615856e-05
-8.4132058739736965e-05
-8.2541745509461992e-05
-8.2189340866193556e-05
-8.2696551441012193e-05
-8.3712412348639894e-05
-8.5167385993264660e-05
-8.7126392200110868e-05
-8.8850836522642271e-05
-9.0657011069211868e-05
-9.2497990047958457e-05
-9.4272625061231217e-05
-9.5761688752182004e-05
-9.7098271160352145e-05
-9.8385847164665039e-05
-9.9427679562851475e-05
-1.0028650113555185e-04
-1.0098557624244694e-04
-1.0161909830425461e-04
-1.0204214582853303e-04
-1.0230641499989425e-04
-1.0252671232263936e-04
-1.0264182406764756e-04
-1.0262468118483220e-04
-1.0254978969082332e-04
-1.0241665515709039e-04
-1.0219322773309843e-04
-1.0191513478443641e-04
-1.0162031586755541e-04
-1.0127023209019733e-04
-1.0088647162274636e-04
-1.0044839959942318e-04
-1.0001154682951789e-04
-9.9547130087912475e-05
-9.9045460600526603e-05
-9.8556591164856389e-05
-9.8057042773564855e-05
-9.7494657633580756e-05
-9.6967404493459366e-05
-9.6437648133721929e-05
-9.5859450825587017e-05
-9.5320379887491488e-05
-9.4785517628307779e-05
-9.4165133279896130e-05
-9.3626629743028816e-05
-9.3070385795756413e-05
-9.2468103264402396e-05
-9.1930244210612137e-05
-9.1359486803454186e-05
-9.0759864958662342e-05
-9.0218438011627114e-05
-8.9628779844932896e-05
-8.9062414076977969e-05
-8.8530586864083596e-05
-8.7915810380611819e-05
-8.7376549870447852e-05
-8.6833349226047522e-05
-8.6208979006139325e-05
-8.5708736024961207e-05
-8.5138017716411085e-05
-8.4559623060404039e-05
-8.4058425832029876e-05
-8.3440053488996084e-05
-8.2923154380341090e-05
-8.2398921251149943e-05
-8.1803743983285869e-05
-8.1311656076119479e-05
-8.0738844422123681e-05
-8.0195491864156217e-05
-7.9698061106940534e-05
-7.9111605381562949e-05
-7.8622787083910817e-05
-7.8070411585848455e-05
-7.7547717581298670e-05
-7.7030144413011239e-05
-7.6482477750522442e-05
-7.5999174743759151e-05
-7.5430404874131171e-05
-7.4956533947408876e-05
-7.4422853725024810e-05
-7.3897270819521147e-05
-7.3432319923100406e-05
-7.2853335400105220e-05
-7.2410806570204892e-05
-7.1859132698144185e-05
-7.1381633548474885e-05
-7.0877638637667536e-05
-7.0369039973293112e-05
-6.9883564666295081e-05
-6.9370890630479978e-05
-6.8911332907422256e-05
-6.8369902601901053e-05
-6.7936455650065836e-05
-6.7395686228595271e-05
-6.6944139727785442e-05
-6.6440288877672008e-05
-6.5961075973045157e-05
-6.5484219251350201e-05
-6.4999716145984303e-05
-6.4529572141454322e-05
-6.4043171222099334e-05
-6.3583293535321732e-05
-6.3078456257007430e-05
-6.2651730648824111e-05
-6.2125411141605291e-05
-6.1713379021309764e-05
-6.1194217301368005e-05
-6.0775197774654665e-05
-6.0265164309496706e-05
-5.9846653167635656e-05
-5.9329878622947632e-05
-5.8928489178188871e-05
-5.8405534748475312e-05
-5.8006423958058865e-05
-5.7495138600646237e-05
-5.7087242414422456e-05
-5.6584576426323874e-05
-5.6172750971856047e-05
-5.5670399381627590e-05
-5.5268470848700849e-05
-5.4764431032087294e-05
-5.4354997715455129e-05
-5.3876638029357087e-05
-5.3442372891238518e-05
-5.2990720645242542e-05
-5.2538954219440399e-05
-5.2094768272815381e-05
-5.1641017216832278e-05
-5.1204303161184300e-05
-5.0741153763410669e-05
-5.0325383814013602e-05
-4.9838251778825741e-05
-4.9437473925003965e-05
-4.8950323403649730e-05
-4.8537512285817472e-05
-4.8076211065800618e-05
-4.7632173055316029e-05
-4.7205520117780401e-05
-4.6730157995535581e-05
-4.6327968528873047e-05
-4.5836879686813105e-05
-4.5423537087392879e-05
-4.4966893096890126e-05
-4.4525001296858357e-05
-4.4091680876780685e-05
-4.3626811730195917e-05
-4.3215617947851355e-05
-4.2728193500970423e-05
-4.2309035197541134e-05
-4.1852489869062420e-05
-4.1401613982853348e-05
-4.0976577446299194e-05
-4.0490464834369015e-05
-4.0065295730042353e-05
-3.9609447100012971e-05
-3.9151543026913710e-05
-3.8721215169691605e-05
-3.8230433949873477e-05
0.0000000000000000e+00
];
