%Vec Object:dSdr_b_aug_4930 1 MPI processes
%  type: seq
dSdr_b_aug_4930 = [
2.3352526759927155e+03
0.0000000000000000e+00
-9.4102135777266667e-07
-3.8737739988983231e-07
-2.3963253191225708e-07
-1.6952065862802848e-07
-1.2682924653026083e-07
-1.0044193370749166e-07
-8.2558705326165356e-08
-6.9104812539285617e-08
-5.9116035916237643e-08
-5.1459290948563290e-08
-4.5228558895548631e-08
-4.0182282538202524e-08
-3.6045464177291287e-08
-3.2558512642806836e-08
-2.9580392766193827e-08
-2.7039602459351405e-08
-2.4843480537760324e-08
-5.2500658947466059e-08
-2.6242651993621004e-04
-7.2071855495982871e-04
-6.8426406119492106e-04
-6.4541155740046284e-04
-6.0225437938738401e-04
-5.6061121679491571e-04
-5.2069771916034139e-04
-4.8039307079396733e-04
-4.3904702979109350e-04
-3.9487058000265904e-04
-3.5599778724322220e-04
-3.1864284944656203e-04
-2.8338341970975659e-04
-2.4620028734797096e-04
-2.1595761983142701e-04
-1.8963669328851484e-04
-1.6661404653856953e-04
-1.4487109313375806e-04
-1.2840260150293834e-04
-1.1591176499017739e-04
-1.0604947773673141e-04
-9.8098620103680096e-05
-9.3143499458840835e-05
-9.0121166941287007e-05
-8.8469373322895488e-05
-8.8079725138841044e-05
-8.8568537618810550e-05
-8.9576364888342995e-05
-9.1032015496832772e-05
-9.2995816492396629e-05
-9.4723711099428752e-05
-9.6535273152307749e-05
-9.8379083297568266e-05
-1.0015284733595833e-04
-1.0163826156871011e-04
-1.0296674902758794e-04
-1.0424052087900738e-04
-1.0526650314456120e-04
-1.0610685092470272e-04
-1.0678252936929994e-04
-1.0738861876818819e-04
-1.0778375677285522e-04
-1.0801698436498874e-04
-1.0819999281614047e-04
-1.0828094870575473e-04
-1.0822754000625561e-04
-1.0811243004482646e-04
-1.0793782228230469e-04
-1.0767416822046725e-04
-1.0735356615047858e-04
-1.0701344828448770e-04
-1.0662151562272524e-04
-1.0619572179411369e-04
-1.0570782902599063e-04
-1.0522802966834741e-04
-1.0472092586747003e-04
-1.0416865591608347e-04
-1.0363705949140071e-04
-1.0309494525445733e-04
-1.0248071525152150e-04
-1.0191061148665231e-04
-1.0133753345070040e-04
-1.0070895670313953e-04
-1.0012727146553852e-04
-9.9549487214116360e-05
-9.8878258361009233e-05
-9.8297311905217350e-05
-9.7697597616647693e-05
-9.7046574751351363e-05
-9.6466976850658598e-05
-9.5852064992646142e-05
-9.5204856027584150e-05
-9.4622049140488665e-05
-9.3987001120230258e-05
-9.3375981723686861e-05
-9.2803484705476614e-05
-9.2141843165610530e-05
-9.1559714008362006e-05
-9.0975736923797797e-05
-9.0303623221590524e-05
-8.9763185605336413e-05
-8.9150178281978236e-05
-8.8526832420628262e-05
-8.7985986444911221e-05
-8.7321782371150991e-05
-8.6763845467692353e-05
-8.6199053457247627e-05
-8.5558884073323740e-05
-8.5027886540785645e-05
-8.4410877856625852e-05
-8.3825922070780601e-05
-8.3289383996845926e-05
-8.2657330792767681e-05
-8.2130848875996406e-05
-8.1534819173265701e-05
-8.0971709009086381e-05
-8.0414037875004720e-05
-7.9823002552948085e-05
-7.9301961851776143e-05
-7.8689001641845058e-05
-7.8176602922406355e-05
-7.7601907463848631e-05
-7.7034758441123729e-05
-7.6531396019387411e-05
-7.5908504744002730e-05
-7.5429129757285197e-05
-7.4833708485407013e-05
-7.4318835305231385e-05
-7.3772635981483959e-05
-7.3224209735152371e-05
-7.2699347950877776e-05
-7.2144592871561245e-05
-7.1648008407574403e-05
-7.1062327988238787e-05
-7.0592862335322755e-05
-7.0008213111297081e-05
-6.9519165727690858e-05
-6.8973694930405204e-05
-6.8455125661479507e-05
-6.7938243908616421e-05
-6.7413195159320724e-05
-6.6904239889325792e-05
-6.6375912239377422e-05
-6.5877971578578908e-05
-6.5330489262926763e-05
-6.4866175275669411e-05
-6.4296779147561081e-05
-6.3847518521077502e-05
-6.3284819467914640e-05
-6.2829520965795925e-05
-6.2274421039630847e-05
-6.1819949691265040e-05
-6.1257895953000240e-05
-6.0820693822513362e-05
-6.0252170794831469e-05
-5.9816986068836953e-05
-5.9260581853267938e-05
-5.8816184986350803e-05
-5.8268415937591280e-05
-5.7819224582211880e-05
-5.7272193895276798e-05
-5.6832073801082440e-05
-5.6283912984617238e-05
-5.5835604733914342e-05
-5.5313267520245977e-05
-5.4839378411972386e-05
-5.4344377544125059e-05
-5.3851553879057375e-05
-5.3364888838812413e-05
-5.2868505356553495e-05
-5.2390387596357284e-05
-5.1882920533062891e-05
-5.1427114093183598e-05
-5.0893409109066979e-05
-5.0453422308088618e-05
-4.9919596700315678e-05
-4.9466178244868644e-05
-4.8959580109269192e-05
-4.8472474832565072e-05
-4.8002277744276151e-05
-4.7481256396892380e-05
-4.7037614802609800e-05
-4.6497863246355500e-05
-4.6043165358245630e-05
-4.5539056390890268e-05
-4.5053132028565337e-05
-4.4574837188512177e-05
-4.4062463801895902e-05
-4.3608410405626780e-05
-4.3070551770512702e-05
-4.2607582159733113e-05
-4.2103489420906112e-05
-4.1605069466782064e-05
-4.1135258109304354e-05
-4.0597408366725348e-05
-4.0127130300986022e-05
-3.9622457315772309e-05
-3.9114813674053528e-05
-3.8638779824450679e-05
-3.8093439731370541e-05
0.0000000000000000e+00
];
