%Vec Object:dSdr_b_aug_8080 1 MPI processes
%  type: seq
dSdr_b_aug_8080 = [
2.2933204337370553e+03
0.0000000000000000e+00
-7.1574923961161155e-07
-2.9605727781756768e-07
-1.8432801718536420e-07
-1.3102660669251039e-07
-9.8249612968646594e-08
-7.7980530954154733e-08
-6.4242050645593090e-08
-5.3916947645880521e-08
-4.6249053548006706e-08
-4.0370261845001515e-08
-3.5585030799454803e-08
-3.1708536574753089e-08
-2.8530202084410075e-08
-2.5850214390029025e-08
-2.3560331492487558e-08
-2.2608825251368218e-08
-9.9865091896032742e-05
-7.8298567432579251e-04
-7.4318999407469268e-04
-7.0431706782315159e-04
-6.6622680261936226e-04
-6.2827775492876761e-04
-5.8615033906056827e-04
-5.4547373678202459e-04
-5.0646651846542826e-04
-4.6706517970269209e-04
-4.2662920058712692e-04
-3.8339945450001914e-04
-3.4535506822958348e-04
-3.0878287463514134e-04
-2.7425234037403793e-04
-2.3782970520746255e-04
-2.0820170229079998e-04
-1.8241213761233964e-04
-1.5985285444502576e-04
-1.3854827718328634e-04
-1.2241211694564140e-04
-1.1017477597114732e-04
-1.0051803324810361e-04
-9.2737743053251825e-05
-8.7895607480440230e-05
-8.4951041573506973e-05
-8.3352321203225378e-05
-8.2994823692042686e-05
-8.3499518423335803e-05
-8.4514280776741996e-05
-8.5969346999546870e-05
-8.7929008876521403e-05
-8.9653925014491169e-05
-9.1460836281876046e-05
-9.3302202413472887e-05
-9.5076718328829466e-05
-9.6565282971273930e-05
-9.7900758421589211e-05
-9.9186446761773771e-05
-1.0022611171853408e-04
-1.0108240707726688e-04
-1.0177828279140480e-04
-1.0240805355667858e-04
-1.0282728457707002e-04
-1.0308730895052513e-04
-1.0330250718758762e-04
-1.0341294827266359e-04
-1.0339084620295298e-04
-1.0331045501572510e-04
-1.0317164920627765e-04
-1.0294272097237511e-04
-1.0265881509504275e-04
-1.0235780175374644e-04
-1.0200199533239771e-04
-1.0161248699483784e-04
-1.0116760221316475e-04
-1.0072487669396122e-04
-1.0025462269252071e-04
-9.9746033824242157e-05
-9.9251321668781755e-05
-9.8745952593405799e-05
-9.8176477907124305e-05
-9.7643365140923885e-05
-9.7107684741098543e-05
-9.6522598276785598e-05
-9.5977700029243156e-05
-9.5436968385158994e-05
-9.4809631285329234e-05
-9.4265323874715166e-05
-9.3703135558575846e-05
-9.3094188011523017e-05
-9.2550621362760073e-05
-9.1973826038147370e-05
-9.1367696874430931e-05
-9.0820611411444546e-05
-9.0224746391893450e-05
-8.9652274446474446e-05
-8.9114885825391474e-05
-8.8493700762130135e-05
-8.7948578162510047e-05
-8.7399801528273218e-05
-8.6768902608039885e-05
-8.6263163196189144e-05
-8.5686662062223179e-05
-8.5102120540560836e-05
-8.4595501532911175e-05
-8.3970861916600738e-05
-8.3448351083038053e-05
-8.2918571718209295e-05
-8.2317241990624524e-05
-8.1819833375971582e-05
-8.1240977986661274e-05
-8.0691936383777595e-05
-8.0189157885913329e-05
-7.9596466920606523e-05
-7.9102498301373853e-05
-7.8544153297192430e-05
-7.8015932574152942e-05
-7.7492876198996587e-05
-7.6939279077591660e-05
-7.6450815620204813e-05
-7.5876002930888459e-05
-7.5396863511483219e-05
-7.4857574650263902e-05
-7.4326307775634669e-05
-7.3856104285877316e-05
-7.3271115723101021e-05
-7.2823548356926778e-05
-7.2265892236060859e-05
-7.1783282366170105e-05
-7.1273516203045173e-05
-7.0759471307057690e-05
-7.0268610087617346e-05
-6.9750181670189012e-05
-6.9285560717958269e-05
-6.8738079420992615e-05
-6.8299707085098620e-05
-6.7752937310944231e-05
-6.7296262745092042e-05
-6.6786720567403956e-05
-6.6302125869849865e-05
-6.5819795918396106e-05
-6.5329748392211644e-05
-6.4854297135327871e-05
-6.4362162938612152e-05
-6.3897080325503154e-05
-6.3386411545503587e-05
-6.2954545910326269e-05
-6.2422335885261288e-05
-6.2005212949757559e-05
-6.1480097712650662e-05
-6.1056117215644396e-05
-6.0539921133273835e-05
-6.0116492612453994e-05
-5.9593526361643857e-05
-5.9187239711999193e-05
-5.8658054002963410e-05
-5.8254010284514771e-05
-5.7736555149307984e-05
-5.7323667681553126e-05
-5.6814834077899130e-05
-5.6397899029259271e-05
-5.5889437801021333e-05
-5.5482286771307372e-05
-5.4972213636794068e-05
-5.4557464378562608e-05
-5.4073090997176966e-05
-5.3633407494316197e-05
-5.3175827557180076e-05
-5.2718446778713607e-05
-5.2268452050273152e-05
-5.1808871248248388e-05
-5.1366495472056554e-05
-5.0897285887470101e-05
-5.0476041186322984e-05
-4.9982540575112380e-05
-4.9576401143588901e-05
-4.9082868092733712e-05
-4.8664504189281356e-05
-4.8197008915906953e-05
-4.7747081757432112e-05
-4.7314474473420109e-05
-4.6832868795074309e-05
-4.6425011091595866e-05
-4.5927268024034061e-05
-4.5508270483378234e-05
-4.5045136117799222e-05
-4.4597223355517350e-05
-4.4157753237912477e-05
-4.3686388531957761e-05
-4.3269334423578743e-05
-4.2775014009391076e-05
-4.2349865584825459e-05
-4.1886819536318879e-05
-4.1429443832690848e-05
-4.0998286869587847e-05
-4.0505102991543150e-05
-4.0073771243889005e-05
-3.9611256664752546e-05
-3.9146573463292783e-05
-3.8710059039052693e-05
-3.8212155960307527e-05
0.0000000000000000e+00
];
