%Vec Object:dSdr_b_aug_6690 1 MPI processes
%  type: seq
dSdr_b_aug_6690 = [
2.3057719895086593e+03
0.0000000000000000e+00
-7.7519181321065101e-07
-3.2009870298115327e-07
-1.9886101223334473e-07
-1.4111159098127848e-07
-1.0570398646850302e-07
-8.3811743114620410e-08
-6.8973977568793161e-08
-5.7820884998148259e-08
-4.9538995656117511e-08
-4.3189905245923203e-08
-3.8022889625787674e-08
-3.3837615344596893e-08
-3.0406341663065756e-08
-2.7513582380508366e-08
-2.5042415307813047e-08
-2.2936573061990545e-08
-4.9679539946607097e-07
-6.2319965511854921e-04
-7.5031777568657630e-04
-7.1185291152675871e-04
-6.7338995565948822e-04
-6.3506959348128402e-04
-5.9253375116437833e-04
-5.5147401247436002e-04
-5.1210755808345958e-04
-4.7234816058205632e-04
-4.3155144622421753e-04
-3.8794644060834111e-04
-3.4957368609805407e-04
-3.1269122412460172e-04
-2.7787176633148613e-04
-2.4114768116409755e-04
-2.1127603416179296e-04
-1.8527584538650938e-04
-1.6253289164852274e-04
-1.4105454843955605e-04
-1.2478665670444218e-04
-1.1244883363751017e-04
-1.0271061592384758e-04
-9.4862715163213129e-05
-8.9975793859574071e-05
-8.7000402372411229e-05
-8.5380644652453949e-05
-8.5010403195668029e-05
-8.5508802543910636e-05
-8.6520816036109987e-05
-8.7976114000324195e-05
-8.9937416658056950e-05
-9.1663513504488815e-05
-9.3472268356404199e-05
-9.5314603335110498e-05
-9.7088821287820944e-05
-9.8576137201624654e-05
-9.9908842731080631e-05
-1.0118980756491439e-04
-1.0222404891715722e-04
-1.0307402290203060e-04
-1.0376189272585016e-04
-1.0438227655496695e-04
-1.0479195746654075e-04
-1.0504135999721705e-04
-1.0524379868267976e-04
-1.0534255227577494e-04
-1.0530804072350516e-04
-1.0521388752906761e-04
-1.0506089035574959e-04
-1.0481819731783596e-04
-1.0451974561231472e-04
-1.0420323181488615e-04
-1.0383310548550693e-04
-1.0342921411499150e-04
-1.0296728160110027e-04
-1.0250986055908046e-04
-1.0202499984035181e-04
-1.0149909643352725e-04
-1.0098976389708416e-04
-1.0046982958080028e-04
-9.9882614544914106e-05
-9.9334839091230032e-05
-9.8784334818647073e-05
-9.8182009445058264e-05
-9.7622529375661520e-05
-9.7067110622765679e-05
-9.6422375476422069e-05
-9.5863544886806587e-05
-9.5286481826527335e-05
-9.4660856240960179e-05
-9.4103007333239217e-05
-9.3511103174459583e-05
-9.2888690580312562e-05
-9.2327445669347738e-05
-9.1716049083292051e-05
-9.1128297493881470e-05
-9.0576992419516867e-05
-8.9939771002263993e-05
-8.9379979546140950e-05
-8.8817249969861799e-05
-8.8170014114284710e-05
-8.7650520843263690e-05
-8.7059549188982290e-05
-8.6459626191526048e-05
-8.5939440111356232e-05
-8.5299117719525044e-05
-8.4762564506854103e-05
-8.4218906638178269e-05
-8.3602181435475439e-05
-8.3091458661744457e-05
-8.2497479860847638e-05
-8.1934202397601790e-05
-8.1418042094005634e-05
-8.0809748509186414e-05
-8.0302892090676535e-05
-7.9729609419260548e-05
-7.9187559028126253e-05
-7.8650781864784302e-05
-7.8082344784043833e-05
-7.7580968179557778e-05
-7.6991034366576136e-05
-7.6498711442715109e-05
-7.5945387919593615e-05
-7.5399897881568915e-05
-7.4916550671438366e-05
-7.4316538022666144e-05
-7.3856362575993594e-05
-7.3283736896276173e-05
-7.2788338316773774e-05
-7.2264130576076317e-05
-7.1736457409969756e-05
-7.1232118858059732e-05
-7.0699291077037035e-05
-7.0222000250077553e-05
-6.9659377373075136e-05
-6.9208680094530800e-05
-6.8646895453381291e-05
-6.8177388768988188e-05
-6.7653605004476595e-05
-6.7155543276037550e-05
-6.6659517487857063e-05
-6.6155595980413071e-05
-6.5666864214136564e-05
-6.5160383452879725e-05
-6.4682276380939932e-05
-6.4157015243953888e-05
-6.3712287546543951e-05
-6.3165337483280738e-05
-6.2735475626167671e-05
-6.2195462702222155e-05
-6.1759068194023415e-05
-6.1227451183970178e-05
-6.0791717727081788e-05
-6.0253257753554781e-05
-5.9834716644844335e-05
-5.9289938182058152e-05
-5.8873550607398607e-05
-5.8340656608612907e-05
-5.7915279257574615e-05
-5.7391012193037216e-05
-5.6961291195538737e-05
-5.6437541575496792e-05
-5.6017322067439018e-05
-5.5492151507272125e-05
-5.5064099928461874e-05
-5.4564678210008967e-05
-5.4111436074399163e-05
-5.3639022994050578e-05
-5.3167593137479739e-05
-5.2703062794592842e-05
-5.2228893905787853e-05
-5.1772350483654772e-05
-5.1287976143300060e-05
-5.0853031619295082e-05
-5.0343594521272601e-05
-4.9924038420773343e-05
-4.9414533914544932e-05
-4.8982274816757512e-05
-4.8499279647561846e-05
-4.8034615522284686e-05
-4.7587108071699915e-05
-4.7089878463443924e-05
-4.6667836395512581e-05
-4.6153441598058878e-05
-4.5720292754681665e-05
-4.5240916411300977e-05
-4.4777936115774336e-05
-4.4323076095944110e-05
-4.3835455719818730e-05
-4.3403735104789131e-05
-4.2892156101609871e-05
-4.2452015042371624e-05
-4.1972697526208936e-05
-4.1499050886441291e-05
-4.1052569600275230e-05
-4.0541677351695190e-05
-4.0094902199986268e-05
-3.9615666406488809e-05
-3.9133932579861086e-05
-3.8681692293015880e-05
-3.8164662783822382e-05
0.0000000000000000e+00
];
