%Vec Object:dSdr_b_aug_9110 1 MPI processes
%  type: seq
dSdr_b_aug_9110 = [
2.2784434442701195e+03
0.0000000000000000e+00
-6.5139760463521067e-07
-2.6984236425332361e-07
-1.6834367276205658e-07
-1.1984174197012402e-07
-8.9922374809342148e-08
-7.1417330996077225e-08
-5.8873928713082990e-08
-4.9450499587303145e-08
-4.2451552893028661e-08
-3.7085226279595422e-08
-3.2716825120828490e-08
-2.9177705867518717e-08
-2.6275796974784304e-08
-2.3828601537864326e-08
-2.1741499845537904e-08
-1.8094898620988901e-06
-7.6817846781058313e-04
-7.8019876378562086e-04
-7.3840451740492881e-04
-6.9975613783562480e-04
-6.6189570538804584e-04
-6.2417122667195592e-04
-5.8229075755048887e-04
-5.4184580979493966e-04
-5.0305579518766309e-04
-4.6387094828056254e-04
-4.2365307930151351e-04
-3.8065022511484225e-04
-3.4280437902363105e-04
-3.0641978194765197e-04
-2.7206393854003444e-04
-2.3582356805517248e-04
-2.0634287882748603e-04
-1.8068066327437876e-04
-1.5823243257244137e-04
-1.3703291907378318e-04
-1.2097640703470549e-04
-1.0879982005133936e-04
-9.9192339136090191e-05
-9.1452927960426265e-05
-8.6637870919237570e-05
-8.3711942907050953e-05
-8.2125942295341667e-05
-8.1776150133171870e-05
-8.2284651242302178e-05
-8.3301075652256765e-05
-8.4756001779978237e-05
-8.6714671618951978e-05
-8.8438873888763175e-05
-9.0244670494441027e-05
-9.2085450852803370e-05
-9.3860146940516164e-05
-9.5349466612266727e-05
-9.6686616844041411e-05
-9.7975161154639854e-05
-9.9018105378748011e-05
-9.9878222819250987e-05
-1.0057893911780412e-04
-1.0121438548402180e-04
-1.0163939076319526e-04
-1.0190583739368375e-04
-1.0212875040304322e-04
-1.0224625806419489e-04
-1.0223165910478109e-04
-1.0215958879996855e-04
-1.0202936347311780e-04
-1.0180875781199375e-04
-1.0153364673517880e-04
-1.0124200538763044e-04
-1.0089485716902310e-04
-1.0051404520097176e-04
-1.0007946793672905e-04
-9.9645627726369784e-05
-9.9184205339384633e-05
-9.8686085306245558e-05
-9.8200213026365972e-05
-9.7703650487306797e-05
-9.7144902092440708e-05
-9.6620654781063374e-05
-9.6093937292895455e-05
-9.5519273935480261e-05
-9.4983192248952118e-05
-9.4451340825041252e-05
-9.3834523050412494e-05
-9.3298996743537113e-05
-9.2745802096671207e-05
-9.2146938538571996e-05
-9.1612007326597828e-05
-9.1044347208090097e-05
-9.0448063442528261e-05
-8.9909539161368461e-05
-8.9323064942930182e-05
-8.8759831479503110e-05
-8.8230857118978305e-05
-8.7619368064576378e-05
-8.7083114648433142e-05
-8.6542774336613397e-05
-8.5921753164616062e-05
-8.5424329704349259e-05
-8.4856577832134397e-05
-8.4281336357906332e-05
-8.3782920361221105e-05
-8.3167762966055038e-05
-8.2653742526298188e-05
-8.2132354471855967e-05
-8.1540333255757756e-05
-8.1050974733501478e-05
-8.0481263358668631e-05
-7.9940829133144355e-05
-7.9446141628382563e-05
-7.8862884419217852e-05
-7.8376708103475510e-05
-7.7827394807399229e-05
-7.7307535866605643e-05
-7.6792775441884931e-05
-7.6248150951518909e-05
-7.5767495123099239e-05
-7.5201825063978645e-05
-7.4730656738565532e-05
-7.4199853603627627e-05
-7.3677186428177643e-05
-7.3214929977515766e-05
-7.2639025372690257e-05
-7.2199081183235188e-05
-7.1650476051461184e-05
-7.1175598571093158e-05
-7.0674564165249383e-05
-7.0168759279035935e-05
-6.9686046808258126e-05
-6.9176324623825437e-05
-6.8719364209425088e-05
-6.8181037908794881e-05
-6.7750117555178665e-05
-6.7212426162776461e-05
-6.6763510230733638e-05
-6.6262578888526508e-05
-6.5786126709029604e-05
-6.5312077617447694e-05
-6.4830418661706256e-05
-6.4362997146022631e-05
-6.3879537255466043e-05
-6.3422329567817525e-05
-6.2920483705724252e-05
-6.2496394805878575e-05
-6.1973096989699188e-05
-6.1563676334440716e-05
-6.1047568623677414e-05
-6.0631093956260831e-05
-6.0124221764358161e-05
-5.9708233122023101e-05
-5.9194634774012694e-05
-5.8795757481605457e-05
-5.8275999550421247e-05
-5.7879419239303015e-05
-5.7371298833855261e-05
-5.6965963063056462e-05
-5.6466460920215180e-05
-5.6057256575113825e-05
-5.5558039092199325e-05
-5.5158789587859562e-05
-5.4657844731993463e-05
-5.4251138382606073e-05
-5.3775863595578295e-05
-5.3344377970012327e-05
-5.2895766510391239e-05
-5.2446880139774198e-05
-5.2005673988748866e-05
-5.1554913486466911e-05
-5.1121103796178183e-05
-5.0661063171632125e-05
-5.0248101688036237e-05
-4.9764236634030106e-05
-4.9366209204459008e-05
-4.8882332838200832e-05
-4.8472370247886575e-05
-4.8014246521040328e-05
-4.7573229608858694e-05
-4.7149631230646934e-05
-4.6677472044984725e-05
-4.6278190413298376e-05
-4.5790515222802261e-05
-4.5380073701956792e-05
-4.4926759390364857e-05
-4.4487956528011206e-05
-4.4057791154207395e-05
-4.3596254566307271e-05
-4.3188067606531485e-05
-4.2704181412777192e-05
-4.2288096922375147e-05
-4.1834887681053283e-05
-4.1387347946035179e-05
-4.0965453780979079e-05
-4.0482972739258991e-05
-4.0060971756993686e-05
-3.9608555023546631e-05
-3.9154154954785946e-05
-3.8727075154771455e-05
-3.8240343662844032e-05
0.0000000000000000e+00
];
