%Vec Object:dSdr_b_aug_2370 1 MPI processes
%  type: seq
dSdr_b_aug_2370 = [
2.3968847375371347e+03
0.0000000000000000e+00
-1.4417624290245297e-06
-5.9115926791460785e-07
-3.6326250445846777e-07
-2.5606275085615867e-07
-1.9176248985895557e-07
-1.5204148743203532e-07
-1.2512130023162291e-07
-1.0480124085640775e-07
-8.9716755351514961e-08
-7.8156437516102560e-08
-6.8740221728866663e-08
-6.1113088980939765e-08
-5.4861113369107369e-08
-4.9590266326682643e-08
-4.5087482435594760e-08
-4.1246140353417340e-08
-3.7925354785754201e-08
-3.4996134268757202e-08
-3.2430075886108709e-08
-3.0189227004903040e-08
-2.7843161153802665e-07
-2.6544714139845369e-04
-6.1812204207417024e-04
-5.8148762487793227e-04
-5.4049503190358816e-04
-4.9894026424244522e-04
-4.5632811833580728e-04
-4.1083422640899946e-04
-3.7080859476021875e-04
-3.3236436144924578e-04
-2.9609057389204488e-04
-2.5784910564864320e-04
-2.2675104824233580e-04
-1.9969065896898247e-04
-1.7602317841037429e-04
-1.5367016474585827e-04
-1.3673918892347984e-04
-1.2389557901015165e-04
-1.1374724867008810e-04
-1.0555902330455051e-04
-1.0044666856185614e-04
-9.7316113177434372e-05
-9.5590460826319728e-05
-9.5156070483236863e-05
-9.5622780507280186e-05
-9.6620956513864635e-05
-9.8077420218524748e-05
-1.0004698119739155e-04
-1.0177902060229293e-04
-1.0359705471483220e-04
-1.0544426590150294e-04
-1.0721698347096960e-04
-1.0869801325822595e-04
-1.1001677560043872e-04
-1.1127396367888171e-04
-1.1228090428481310e-04
-1.1309905852586304e-04
-1.1374662942372568e-04
-1.1431976269382743e-04
-1.1468137172061732e-04
-1.1487730768974004e-04
-1.1501551942524658e-04
-1.1505544241943797e-04
-1.1495846606092636e-04
-1.1479503998389129e-04
-1.1457060872298056e-04
-1.1425862874745089e-04
-1.1388695873935605e-04
-1.1349242141830638e-04
-1.1305021399920526e-04
-1.1257392380070189e-04
-1.1202617939545017e-04
-1.1149478658610467e-04
-1.1093640112000842e-04
-1.1032334284126194e-04
-1.0974041683293085e-04
-1.0914716661734743e-04
-1.0847065340951850e-04
-1.0784907155375499e-04
-1.0722394953690113e-04
-1.0653485005688965e-04
-1.0590197063914964e-04
-1.0527262256619068e-04
-1.0454031228455074e-04
-1.0390837753818100e-04
-1.0325644067961567e-04
-1.0254686420757707e-04
-1.0191712384743321e-04
-1.0124916757628167e-04
-1.0054479040577161e-04
-9.9912272230099901e-05
-9.9222695664290326e-05
-9.8558032177199423e-05
-9.7936676984106488e-05
-9.7218734685063820e-05
-9.6585105803973531e-05
-9.5952142442253107e-05
-9.5222672697231324e-05
-9.4633947748930415e-05
-9.3970137059358366e-05
-9.3292789664902424e-05
-9.2704312196104809e-05
-9.1985048782741174e-05
-9.1377811673088837e-05
-9.0764294793771059e-05
-9.0070074732303160e-05
-8.9492333644332068e-05
-8.8822229449994497e-05
-8.8187294185663366e-05
-8.7603775064467909e-05
-8.6916943941682054e-05
-8.6345215346780665e-05
-8.5696742254066141e-05
-8.5085078684416326e-05
-8.4479236403808193e-05
-8.3836100730383414e-05
-8.3269724366098061e-05
-8.2603676691405881e-05
-8.2044993136371511e-05
-8.1421024585580823e-05
-8.0803940677766860e-05
-8.0254433100128292e-05
-7.9578795050740131e-05
-7.9055155445840290e-05
-7.8407178838608957e-05
-7.7847406889254388e-05
-7.7250505880074492e-05
-7.6654233325455245e-05
-7.6082055149778808e-05
-7.5476746598597094e-05
-7.4935680585585569e-05
-7.4296840913931731e-05
-7.3784104711404326e-05
-7.3146741108066809e-05
-7.2612642579573443e-05
-7.2017172255573600e-05
-7.1451322788468512e-05
-7.0886357545744665e-05
-7.0312599878242702e-05
-6.9757019266259489e-05
-6.9178323553783220e-05
-6.8634656507893412e-05
-6.8035943208834545e-05
-6.7526472992072921e-05
-6.6905327412104763e-05
-6.6411342893250074e-05
-6.5796340926793569e-05
-6.5297459249191852e-05
-6.4688219422361019e-05
-6.4190547858905534e-05
-6.3574098669380634e-05
-6.3093873558903884e-05
-6.2470607422762591e-05
-6.1992085883195045e-05
-6.1381478865267969e-05
-6.0893232538827164e-05
-6.0291279685757555e-05
-5.9797199471475507e-05
-5.9196494328109263e-05
-5.8710493504189349e-05
-5.8109328722931724e-05
-5.7614318813120836e-05
-5.7039150027105214e-05
-5.6517659454589773e-05
-5.5970582583536298e-05
-5.5428435663135022e-05
-5.4890739268579781e-05
-5.4343140259814571e-05
-5.3815283116225856e-05
-5.3254576061965669e-05
-5.2750672806820315e-05
-5.2161018575583641e-05
-5.1673929226744445e-05
-5.1084031798472059e-05
-5.0581831004670820e-05
-5.0020816864621008e-05
-4.9481974249914232e-05
-4.8959467049849740e-05
-4.8383594834097093e-05
-4.7890156684244745e-05
-4.7291946468731254e-05
-4.6787568860109935e-05
-4.6226440729845950e-05
-4.5687621118333833e-05
-4.5155300090187458e-05
-4.4585862081867502e-05
-4.4080324761681006e-05
-4.3481883933511638e-05
-4.2966290241370375e-05
-4.2405087793461355e-05
-4.1849566176737538e-05
-4.1325986339328939e-05
-4.0726015032863364e-05
-4.0201598158978807e-05
-3.9638365234840705e-05
-3.9071168135634890e-05
-3.8540787427401983e-05
-3.7932876842666769e-05
0.0000000000000000e+00
];
