%Vec Object:dSdr_b_aug_8770 1 MPI processes
%  type: seq
dSdr_b_aug_8770 = [
2.2813755209866854e+03
0.0000000000000000e+00
-6.6277158174704745e-07
-2.7419363003215134e-07
-1.7081005089714403e-07
-1.2142721437475739e-07
-9.0995433557748601e-08
-7.2175332823839342e-08
-5.9419383894231063e-08
-4.9839569843099895e-08
-4.2725230658778241e-08
-3.7270702905440668e-08
-3.2832203402647786e-08
-2.9236876906849576e-08
-2.6289089850385514e-08
-2.3803797676998710e-08
-2.1681554847840681e-08
-4.5200293028967024e-07
-6.8506126280225310e-04
-7.8159026600221546e-04
-7.3998506463472755e-04
-7.0125944913346575e-04
-6.6332323196500456e-04
-6.2552473503486286e-04
-5.8356287244626837e-04
-5.4304157153662214e-04
-5.0417996675158655e-04
-4.6492376429008273e-04
-4.2463400636919316e-04
-3.8155636877297956e-04
-3.4364508397975263e-04
-3.0719865522240889e-04
-2.7278523382983733e-04
-2.3648478902577142e-04
-2.0695554530311870e-04
-1.8125135542653432e-04
-1.5876652194624227e-04
-1.3753237958298161e-04
-1.2144961554730442e-04
-1.0925300408858810e-04
-9.9629286516120648e-05
-9.1876401646603806e-05
-8.7052419548236639e-05
-8.4120348510492357e-05
-8.2530155489194516e-05
-8.2177823665512405e-05
-8.2685070212221046e-05
-8.3700946826558564e-05
-8.5155919146454701e-05
-8.7114915977188175e-05
-8.8839353552553927e-05
-9.0645517564251734e-05
-9.2486491006485777e-05
-9.4261127721956381e-05
-9.5750198547896694e-05
-9.7086796783327358e-05
-9.8374399777891242e-05
-9.9416263166786863e-05
-1.0027512086015782e-04
-1.0097424171321620e-04
-1.0160781741265485e-04
-1.0203091950695168e-04
-1.0229524937233799e-04
-1.0251561960417373e-04
-1.0263079813246417e-04
-1.0261372615844802e-04
-1.0253891330169057e-04
-1.0240585985862421e-04
-1.0218251108789785e-04
-1.0190450125534832e-04
-1.0160977090942012e-04
-1.0125976895724426e-04
-1.0087609067571112e-04
-1.0043811606464249e-04
-1.0000134726625016e-04
-9.9537013988713283e-05
-9.9035443438151138e-05
-9.8546657544635496e-05
-9.8047192380424814e-05
-9.7484908610404855e-05
-9.6957739254186390e-05
-9.6428067599387424e-05
-9.5849968795946105e-05
-9.5310981179690021e-05
-9.4776202843958537e-05
-9.4155917909581496e-05
-9.3617497359467828e-05
-9.3061338407832730e-05
-9.2459151176316654e-05
-9.1921373732634985e-05
-9.1350702658740625e-05
-9.0751173858953492e-05
-9.0209827820301094e-05
-8.9620258402390521e-05
-8.9053979943732770e-05
-8.8522232250720748e-05
-8.7907547400450567e-05
-8.7368370709475603e-05
-8.6825249793465273e-05
-8.6200972924312859e-05
-8.5700808533948827e-05
-8.5130172911329115e-05
-8.4551866146582826e-05
-8.4050746441806758e-05
-8.3432463711693796e-05
-8.2915644842570239e-05
-8.2391491016530784e-05
-8.1796401719936071e-05
-8.1304389891198651e-05
-8.0731664653873290e-05
-8.0188393441029050e-05
-7.9691039148780565e-05
-7.9104672578316168e-05
-7.8615927922848293e-05
-7.8063637780103050e-05
-7.7541022799663194e-05
-7.7023528033336224e-05
-7.6475946167858420e-05
-7.5992716948121761e-05
-7.5424033482113053e-05
-7.4950237887273037e-05
-7.4416637860354664e-05
-7.3891136227456495e-05
-7.3426260435590247e-05
-7.2847361761739233e-05
-7.2404904975707741e-05
-7.1853316641230588e-05
-7.1375890567566862e-05
-7.0871978177410849e-05
-7.0363457386375387e-05
-6.9878059090253873e-05
-6.9365467333888775e-05
-6.8905982007821825e-05
-6.8364638222855192e-05
-6.7931261697044783e-05
-6.7390578072085565e-05
-6.6939104895368789e-05
-6.6435335423182932e-05
-6.5956199470603639e-05
-6.5479421008382115e-05
-6.4994997180433842e-05
-6.4524929062165749e-05
-6.4038610120628728e-05
-6.3578806857042327e-05
-6.3074052961042235e-05
-6.2647400848111904e-05
-6.2121165567095214e-05
-6.1709206238435416e-05
-6.1190129645538529e-05
-6.0771181053916093e-05
-6.0261235705674886e-05
-5.9842794875665838e-05
-5.9326108863882475e-05
-5.8924789442578305e-05
-5.8401924111675988e-05
-5.8002883855574455e-05
-5.7491686717670605e-05
-5.7083861900220630e-05
-5.6581284100806919e-05
-5.6169531706909083e-05
-5.5667267476483834e-05
-5.5265413618588978e-05
-5.4761460070651748e-05
-5.4352102765323043e-05
-5.3873829067483100e-05
-5.3439641405357254e-05
-5.2988073918081855e-05
-5.2536387770836599e-05
-5.2092284882950951e-05
-5.1638617185614135e-05
-5.1201984086253987e-05
-5.0738921342454676e-05
-5.0323229676364386e-05
-4.9836188705129317e-05
-4.9435487516907110e-05
-4.8948428259631675e-05
-4.8535696542094621e-05
-4.8074483892026831e-05
-4.7630530092300787e-05
-4.7203962298366407e-05
-4.6728689455765846e-05
-4.6326581043352352e-05
-4.5835587354884399e-05
-4.5422325622013463e-05
-4.4965774445234877e-05
-4.4523968749089249e-05
-4.4090736276292382e-05
-4.3625960025869744e-05
-4.3214850061375135e-05
-4.2727524247059473e-05
-4.2308451632788759e-05
-4.1851999307505773e-05
-4.1401216431471851e-05
-4.0976267511973269e-05
-4.0490256167172287e-05
-4.0065175438059571e-05
-3.9609422590837120e-05
-3.9151616449174399e-05
-3.8721379863409117e-05
-3.8230715440894765e-05
0.0000000000000000e+00
];
