%Vec Object:dSdr_b_aug_1920 1 MPI processes
%  type: seq
dSdr_b_aug_1920 = [
2.4138287608704973e+03
0.0000000000000000e+00
-1.6278958316139862e-06
-6.6663800142729021e-07
-4.0879441186464394e-07
-2.8783514252459341e-07
-2.1560757481969967e-07
-1.7099730713808959e-07
-1.4076355262998038e-07
-1.1792002083365288e-07
-1.0096295543632828e-07
-8.7968353228087186e-08
-7.7381109576994220e-08
-6.8805175407965742e-08
-6.1775650973549240e-08
-5.5848989061704655e-08
-5.0785646885907222e-08
-4.6466160639766240e-08
-4.2732044237851208e-08
-3.9438054596347706e-08
-3.6552487019101435e-08
-3.4007687308940913e-08
-3.1872812209538120e-08
-9.5164909468178881e-07
-3.3323732325344740e-04
-5.8096322990921633e-04
-5.4572458938455541e-04
-5.0404670456526016e-04
-4.6109661004762356e-04
-4.1523989776772087e-04
-3.7489616402574697e-04
-3.3615130728825715e-04
-2.9959757210822307e-04
-2.6106401816146970e-04
-2.2972988516774154e-04
-2.0246541455431067e-04
-1.7861996890769453e-04
-1.5609858717562233e-04
-1.3903997219832478e-04
-1.2609900175830223e-04
-1.1587172751493892e-04
-1.0761799195533541e-04
-1.0246224276274153e-04
-9.9301819332188348e-05
-9.7555782948658974e-05
-9.7109044334580083e-05
-9.7569654326862834e-05
-9.8565166657601946e-05
-1.0002185470386971e-04
-1.0199300529741222e-04
-1.0372618855365426e-04
-1.0554600881185659e-04
-1.0739415858950452e-04
-1.0916658730259752e-04
-1.1064640701437744e-04
-1.1196248535219024e-04
-1.1321509653356853e-04
-1.1421678190091425e-04
-1.1502881102968536e-04
-1.1566862463256514e-04
-1.1623266246703129e-04
-1.1658501796055912e-04
-1.1677066195954598e-04
-1.1689651042446794e-04
-1.1692510890993848e-04
-1.1681610848385893e-04
-1.1663934783169736e-04
-1.1640116597913312e-04
-1.1607584872456960e-04
-1.1569008467713882e-04
-1.1528052834484703e-04
-1.1482444579315181e-04
-1.1433421930014683e-04
-1.1376995667748544e-04
-1.1322432479422244e-04
-1.1265178630289304e-04
-1.1202195129322355e-04
-1.1142485898188319e-04
-1.1081749587882526e-04
-1.1012379330805137e-04
-1.0948800415209121e-04
-1.0884851866001664e-04
-1.0814271569053919e-04
-1.0749570734151770e-04
-1.0685212836425983e-04
-1.0610296045241383e-04
-1.0545695364093535e-04
-1.0479060407381386e-04
-1.0406486761591566e-04
-1.0342128862916646e-04
-1.0273869283313309e-04
-1.0201853802895651e-04
-1.0137230022461573e-04
-1.0066767453487207e-04
-9.9988206021248867e-05
-9.9353366647587720e-05
-9.8619886119139205e-05
-9.7972044027281512e-05
-9.7325561131147848e-05
-9.6580261913781963e-05
-9.5978210330426803e-05
-9.5300378622044225e-05
-9.4608127565715396e-05
-9.4006504477020211e-05
-9.3272045462384248e-05
-9.2651202191747101e-05
-9.2024237936666340e-05
-9.1315100651055459e-05
-9.0724459002504185e-05
-9.0039701197197131e-05
-8.9390972303262002e-05
-8.8794487077667537e-05
-8.8092538023407926e-05
-8.7508321986227587e-05
-8.6845375259720907e-05
-8.6220311637799250e-05
-8.5601174803349824e-05
-8.4943660170814950e-05
-8.4364771806925696e-05
-8.3684072744344342e-05
-8.3112615231964318e-05
-8.2475048007282840e-05
-8.1844182780335502e-05
-8.1281939796025733e-05
-8.0591744386444088e-05
-8.0055888377683542e-05
-7.9393407245410358e-05
-7.8821243876413811e-05
-7.8210349924354410e-05
-7.7600872471537591e-05
-7.7015635647793130e-05
-7.6396375060213157e-05
-7.5843032776954110e-05
-7.5189521911279170e-05
-7.4664843658547647e-05
-7.4012931641247515e-05
-7.3466399644604943e-05
-7.2857130169276519e-05
-7.2278232048192634e-05
-7.1699996455036857e-05
-7.1112795828613099e-05
-7.0544347296448308e-05
-6.9951750726392098e-05
-6.9395463861849656e-05
-6.8782611553457607e-05
-6.8260678875222083e-05
-6.7625251198595037e-05
-6.7118923539856979e-05
-6.6489486732026055e-05
-6.5978576739606848e-05
-6.5354395091868602e-05
-6.4844800908842439e-05
-6.4213339374033260e-05
-6.3721240562369052e-05
-6.3082866137044021e-05
-6.2592384287444002e-05
-6.1966818102531800e-05
-6.1466469988748668e-05
-6.0849563218069696e-05
-6.0343094363548749e-05
-5.9727575882984013e-05
-5.9228912684310062e-05
-5.8613119621241734e-05
-5.8105220781559586e-05
-5.7515471302201680e-05
-5.6980843478560760e-05
-5.6419394453633307e-05
-5.5863635106962664e-05
-5.5311854883394509e-05
-5.4750121226687965e-05
-5.4208536840691536e-05
-5.3633136438538649e-05
-5.3115959292930806e-05
-5.2510864028398664e-05
-5.2010775227306264e-05
-5.1405402977673129e-05
-5.0889739179698997e-05
-5.0313707253618949e-05
-4.9760586160855623e-05
-4.9223642445039576e-05
-4.8632632551406150e-05
-4.8125451697432581e-05
-4.7511108235765036e-05
-4.6993020326973288e-05
-4.6416156426460988e-05
-4.5862739323522273e-05
-4.5315508857159265e-05
-4.4730323081340483e-05
-4.4210578488860830e-05
-4.3595419829425922e-05
-4.3065305213378112e-05
-4.2488344742833256e-05
-4.1917068631153175e-05
-4.1378656282391939e-05
-4.0761550713178895e-05
-4.0222209250773822e-05
-3.9642845394288893e-05
-3.9059277860445752e-05
-3.8514082059446570e-05
-3.7889880012140181e-05
0.0000000000000000e+00
];
