%Vec Object:dSdr_b_aug_6320 1 MPI processes
%  type: seq
dSdr_b_aug_6320 = [
2.3144656489289641e+03
0.0000000000000000e+00
-8.2004792500151373e-07
-3.3835362231213812e-07
-2.0996940194069541e-07
-1.4887871878134006e-07
-1.1149260037092750e-07
-8.8379099507201134e-08
-7.2713860911784017e-08
-6.0935581924719129e-08
-5.2189822218181833e-08
-4.5485346148707643e-08
-4.0029092318125296e-08
-3.5609655469020538e-08
-3.1986491742368110e-08
-2.8932077853091068e-08
-2.6322937677317290e-08
-2.4096881915339271e-08
-2.8369829204645496e-08
-1.8422564562604844e-04
-7.5093581809178615e-04
-7.1386771045942174e-04
-6.7531646986715519e-04
-6.3689639754370875e-04
-5.9425070352903792e-04
-5.5308791237232934e-04
-5.1362483393359748e-04
-4.7376912905512777e-04
-4.3287538742330258e-04
-3.8916944792994604e-04
-3.5070837193192800e-04
-3.1374245680892049e-04
-2.7884528701024012e-04
-2.4204012059040689e-04
-2.1210294043963289e-04
-1.8604609993040926e-04
-1.6325374417200942e-04
-1.4172866301474701e-04
-1.2542533943325798e-04
-1.1306048968613048e-04
-1.0330035763684609e-04
-9.5434271658057264e-05
-9.0535304335904120e-05
-8.7551621634034181e-05
-8.5926205280673093e-05
-8.5552535929095139e-05
-8.6049241978330875e-05
-8.7060516082544155e-05
-8.8515876354227036e-05
-9.0477620310307522e-05
-9.2204034711318943e-05
-9.4013285413301916e-05
-9.5855880964482241e-05
-9.7630018756159832e-05
-9.9116998782198905e-05
-1.0044895926869745e-04
-1.0172865360298078e-04
-1.0276143615082544e-04
-1.0360970985843288e-04
-1.0429542632003414e-04
-1.0491328532645656e-04
-1.0532039752742268e-04
-1.0556694308294797e-04
-1.0576594981234140e-04
-1.0586155980263712e-04
-1.0582371045367230e-04
-1.0572585567320083e-04
-1.0556904142972345e-04
-1.0532264605419897e-04
-1.0502028193865113e-04
-1.0469959896432860e-04
-1.0432562099137250e-04
-1.0391786099877158e-04
-1.0345134313653577e-04
-1.0298996942216479e-04
-1.0250117991741679e-04
-1.0197061939966597e-04
-1.0145735440238607e-04
-1.0093350245648301e-04
-1.0034151577940675e-04
-9.9789796486108407e-05
-9.9235305019872730e-05
-9.8628342878309287e-05
-9.8064940720149729e-05
-9.7505571559490216e-05
-9.6856156842221579e-05
-9.6293419937358929e-05
-9.5712356001159915e-05
-9.5082244506136009e-05
-9.4520554083922498e-05
-9.3924586086068434e-05
-9.3297793720782348e-05
-9.2732740328112310e-05
-9.2117166200542436e-05
-9.1525304829484519e-05
-9.0970256632132095e-05
-9.0328721900446966e-05
-8.9764984946887427e-05
-8.9198502433391328e-05
-8.8546872415917152e-05
-8.8023679755245169e-05
-8.7428815952570298e-05
-8.6824755788426778e-05
-8.6300920563200413e-05
-8.5656379963984573e-05
-8.5116049762753572e-05
-8.4568658983280969e-05
-8.3947792848803566e-05
-8.3433488956689955e-05
-8.2835442401323585e-05
-8.2268335909066397e-05
-8.1748576292350067e-05
-8.1136086060303270e-05
-8.0625763202175687e-05
-8.0048462736493007e-05
-7.9502692570661748e-05
-7.8962224918254927e-05
-7.8389796324098484e-05
-7.7884946462639654e-05
-7.7290945511480593e-05
-7.6795076612615407e-05
-7.6237978178081227e-05
-7.5688662527352449e-05
-7.5201780043327173e-05
-7.4597726357338254e-05
-7.4134159708546943e-05
-7.3557507658089666e-05
-7.3058669292856655e-05
-7.2530577193271909e-05
-7.1999238424478822e-05
-7.1491274867875921e-05
-7.0954574082872032e-05
-7.0473875434187152e-05
-6.9907179919057171e-05
-6.9453167595882987e-05
-6.8887344399199920e-05
-6.8414386255133319e-05
-6.7886771925400560e-05
-6.7385087964963160e-05
-6.6885378402978284e-05
-6.6377725206378258e-05
-6.5885421377903121e-05
-6.5375081817043459e-05
-6.4893471553762757e-05
-6.4364285507006907e-05
-6.3916098298990464e-05
-6.3365183604969567e-05
-6.2931895359409225e-05
-6.2387875402846387e-05
-6.1948141898760276e-05
-6.1412377120701354e-05
-6.0973334007229271e-05
-6.0430706687359465e-05
-6.0008869500317076e-05
-5.9459897056362949e-05
-5.9040189359847075e-05
-5.8503142773733779e-05
-5.8074406025878033e-05
-5.7545987829369998e-05
-5.7112827804435722e-05
-5.6584966074447950e-05
-5.6161231549570350e-05
-5.5632000247005580e-05
-5.5200370758134155e-05
-5.4696901504427010e-05
-5.4240012522640615e-05
-5.3763609792485536e-05
-5.3288401179576595e-05
-5.2819961219283656e-05
-5.2341868603096586e-05
-5.1881514543732898e-05
-5.1393061377291122e-05
-5.0954432056133106e-05
-5.0440708569921695e-05
-5.0017543844611407e-05
-4.9503743559006918e-05
-4.9067747143598180e-05
-4.8580583049745046e-05
-4.8111955217468790e-05
-4.7660440178031348e-05
-4.7159008327758317e-05
-4.6733151238420734e-05
-4.6214277797236462e-05
-4.5777322881728819e-05
-4.5293578175380153e-05
-4.4826545457072407e-05
-4.4367546369359908e-05
-4.3875554142710555e-05
-4.3439889223631274e-05
-4.2923668876036625e-05
-4.2479496156041908e-05
-4.1995803320651617e-05
-4.1517781971180302e-05
-4.1067181327967579e-05
-4.0551529760431369e-05
-4.0100606844798830e-05
-3.9616884539855778e-05
-3.9130588023901537e-05
-3.8674183821926033e-05
-3.8152360249719639e-05
0.0000000000000000e+00
];
