%Vec Object:dSdr_b_aug_4460 1 MPI processes
%  type: seq
dSdr_b_aug_4460 = [
2.3433809473059569e+03
0.0000000000000000e+00
-9.9648206722981229e-07
-4.1117584045498148e-07
-2.5490847121550721e-07
-1.8081109074344810e-07
-1.3572459082330967e-07
-1.0785461621257579e-07
-8.8963573918149094e-08
-7.4729168982178001e-08
-6.4158843816680764e-08
-5.6056048926263011e-08
-4.9454897050305947e-08
-4.4106548064932322e-08
-3.9721630548297117e-08
-3.6023401523383276e-08
-3.2862602802840095e-08
-3.0165625975731302e-08
-2.7833573331871382e-08
-2.6419057924350421e-08
-2.3357640935334364e-05
-7.0869518189869529e-04
-6.8768710056100666e-04
-6.4883770203690656e-04
-6.0547771791102608e-04
-5.6364116656550947e-04
-5.2354626863041485e-04
-4.8306081194481135e-04
-4.4153261098427979e-04
-3.9716666694845904e-04
-3.5812805856385118e-04
-3.2061644501293066e-04
-2.8521111800549075e-04
-2.4787576293076896e-04
-2.1751006285813390e-04
-1.9108277781287010e-04
-1.6796738324371607e-04
-1.4613668358160161e-04
-1.2960167186884533e-04
-1.1706009520517897e-04
-1.0715666575988457e-04
-9.9171667011204993e-05
-9.4193931030949924e-05
-9.1156032560516057e-05
-8.9493615650981684e-05
-8.9097532070052206e-05
-8.9583165468111516e-05
-9.0589604537619762e-05
-9.2045372057602450e-05
-9.4010001486443675e-05
-9.5738492214859322e-05
-9.7550985125942639e-05
-9.9395284420329187e-05
-1.0116889791498669e-04
-1.0265368146101845e-04
-1.0398077001720194e-04
-1.0525215647827072e-04
-1.0627539984536395e-04
-1.0711255548569034e-04
-1.0778419116597695e-04
-1.0838554041822506e-04
-1.0877585588203583e-04
-1.0900371974395843e-04
-1.0918028499092521e-04
-1.0925533903461863e-04
-1.0919566390858359e-04
-1.0907360453970184e-04
-1.0889183055933885e-04
-1.0862122568042850e-04
-1.0829327840187375e-04
-1.0794533327117973e-04
-1.0754616948545278e-04
-1.0711311265774154e-04
-1.0661661130197474e-04
-1.0612939114920339e-04
-1.0561491139799753e-04
-1.0505389813234154e-04
-1.0451491885886563e-04
-1.0396544961771135e-04
-1.0334226128115127e-04
-1.0276475330569047e-04
-1.0218418966614135e-04
-1.0154690779797163e-04
-1.0095785918579848e-04
-1.0037265839358667e-04
-9.9692644061895661e-05
-9.9104363845450112e-05
-9.8497138267283259e-05
-9.7837693505842886e-05
-9.7250883502553214e-05
-9.6628342147830152e-05
-9.5972910552204473e-05
-9.5382953579050997e-05
-9.4740062596441882e-05
-9.4121327450655352e-05
-9.3541803051878594e-05
-9.2872063648608493e-05
-9.2282527171252068e-05
-9.1691504281144756e-05
-9.1011140932017196e-05
-9.0463758041143329e-05
-8.9843443560030082e-05
-8.9212330545186097e-05
-8.8664633632616879e-05
-8.7992510258987753e-05
-8.7427482404281819e-05
-8.6855682194707308e-05
-8.6207738589272529e-05
-8.5670017834401068e-05
-8.5045372312714062e-05
-8.4453227875024283e-05
-8.3909932420152887e-05
-8.3270000394525837e-05
-8.2737010555180635e-05
-8.2133437811445756e-05
-8.1563344111263442e-05
-8.0998744422466323e-05
-8.0400215399879576e-05
-7.9872653978013802e-05
-7.9252058089298338e-05
-7.8733002127970441e-05
-7.8151219620427588e-05
-7.7576888361791942e-05
-7.7066888789212418e-05
-7.6436410838410409e-05
-7.5950669183095170e-05
-7.5347688771254219e-05
-7.4826357711778836e-05
-7.4272865863015262e-05
-7.3717557787061317e-05
-7.3185890392498824e-05
-7.2623864107009293e-05
-7.2120881774873069e-05
-7.1527555355088408e-05
-7.1051866015371077e-05
-7.0459634778735432e-05
-6.9964107602312961e-05
-6.9411445276326624e-05
-6.8886075606034905e-05
-6.8362277913113428e-05
-6.7830223267610339e-05
-6.7314561787228539e-05
-6.6778989603928158e-05
-6.6274472032864872e-05
-6.5719621069498780e-05
-6.5248812179984734e-05
-6.4671972833348009e-05
-6.4216279490153904e-05
-6.3646057614636146e-05
-6.3184490469499186e-05
-6.2621603505069211e-05
-6.2160918597830832e-05
-6.1591041067297350e-05
-6.1147650872450516e-05
-6.0571254051001685e-05
-6.0129836124179868e-05
-5.9565635831386162e-05
-5.9114932032169830e-05
-5.8559369642436329e-05
-5.8103721859780456e-05
-5.7548971097033406e-05
-5.7102251917441744e-05
-5.6546467468897681e-05
-5.6091442062730662e-05
-5.5561506018948062e-05
-5.5080770341795671e-05
-5.4578279326817181e-05
-5.4078361453075247e-05
-5.3584356529796619e-05
-5.3080606680714854e-05
-5.2595334877092873e-05
-5.2080210278374895e-05
-5.1617486065187669e-05
-5.1075733886504953e-05
-5.0628972340861876e-05
-5.0087081933240334e-05
-4.9626647153807236e-05
-4.9112222410689834e-05
-4.8617675825584140e-05
-4.8139955070090032e-05
-4.7611044644294157e-05
-4.7160240978160335e-05
-4.6612081507938996e-05
-4.6150238451079916e-05
-4.5637928736473852e-05
-4.5144396863481294e-05
-4.4658331956989266e-05
-4.4137751625782414e-05
-4.3676294157587421e-05
-4.3129723097176273e-05
-4.2659186058774391e-05
-4.2146881260400604e-05
-4.1640251225645831e-05
-4.1162710513783127e-05
-4.0615932230901127e-05
-4.0137877950360732e-05
-3.9624801613952604e-05
-3.9108633772808267e-05
-3.8624900077736202e-05
-3.8071184162959400e-05
0.0000000000000000e+00
];
