%Vec Object:dSdr_b_aug_7990 1 MPI processes
%  type: seq
dSdr_b_aug_7990 = [
2.2942202010471829e+03
0.0000000000000000e+00
-7.2016182108312390e-07
-2.9796769177518836e-07
-1.8556750547863745e-07
-1.3194995479484966e-07
-9.8979925922680755e-08
-7.8591186578941228e-08
-6.4771290189186885e-08
-5.4383156573113366e-08
-4.6668248414811117e-08
-4.0753360684667369e-08
-3.5938109261805065e-08
-3.2037103603340834e-08
-2.8838614548781963e-08
-2.6141436172794681e-08
-2.3836662882588437e-08
-2.2519441147610479e-08
-7.4220108699577691e-05
-7.8281727478149118e-04
-7.4366684509891937e-04
-7.0477441009612473e-04
-6.6666112679324358e-04
-6.2868955963659584e-04
-5.8653737983506763e-04
-5.4583754712692479e-04
-5.0680854751528667e-04
-4.6738549884317327e-04
-4.2692764753684810e-04
-3.8367514862009045e-04
-3.4561085264430471e-04
-3.0901984678046292e-04
-2.7447179443651758e-04
-2.3803088168091596e-04
-2.0838810607739578e-04
-1.8258577078830580e-04
-1.6001535126343620e-04
-1.3870023813986090e-04
-1.2255609070708544e-04
-1.1031265729328452e-04
-1.0065097457229738e-04
-9.2866585009206132e-05
-8.8021733986781676e-05
-8.5075299060810141e-05
-8.3475303144637738e-05
-8.3117032934634102e-05
-8.3621345957632866e-05
-8.4635941636370147e-05
-8.6091021905180591e-05
-8.8050783261425824e-05
-8.9775770983922945e-05
-9.1582794027701573e-05
-9.3424218898717585e-05
-9.5198716744241356e-05
-9.6687205670099296e-05
-9.8022513170741880e-05
-9.9307915111199142e-05
-1.0034725121994584e-04
-1.0120316329711171e-04
-1.0189855359382197e-04
-1.0252775520587521e-04
-1.0294640717967766e-04
-1.0320578752504429e-04
-1.0342021212000950e-04
-1.0352994456447371e-04
-1.0350709007833380e-04
-1.0342586446817874e-04
-1.0328619820299456e-04
-1.0305643537670317e-04
-1.0277164755180957e-04
-1.0246969438173050e-04
-1.0211301971098807e-04
-1.0172263929665810e-04
-1.0127672087154175e-04
-1.0083310432869881e-04
-1.0036196468813234e-04
-9.9852325999452970e-05
-9.9356727376475812e-05
-9.8850475176877627e-05
-9.8279924852422075e-05
-9.7745923053646139e-05
-9.7209343848263295e-05
-9.6623212149302994e-05
-9.6077429772333534e-05
-9.5535807615040029e-05
-9.4907415631783227e-05
-9.4362227647469942e-05
-9.3799137441452358e-05
-9.3189178666743257e-05
-9.2644746051839531e-05
-9.2067034643991748e-05
-9.1459918178633595e-05
-9.0911974195870374e-05
-9.0315167461918930e-05
-8.9741769076736208e-05
-8.9203536669232864e-05
-8.8581379285206904e-05
-8.8035367279277920e-05
-8.7485744646238043e-05
-8.6853855180376400e-05
-8.6347281840604367e-05
-8.5769903326421095e-05
-8.5184429191718301e-05
-8.4676987582430697e-05
-8.4051397084639230e-05
-8.3528034830532641e-05
-8.2997413981305296e-05
-8.2395150791956747e-05
-8.1896934910421395e-05
-8.1317162555187566e-05
-8.0767257800651020e-05
-8.0263667934374287e-05
-7.9670030947766554e-05
-7.9175280912896894e-05
-7.8616030204989234e-05
-7.8086970958727195e-05
-7.7563082661992244e-05
-7.7008585761189057e-05
-7.6519339351379019e-05
-7.5943609835073161e-05
-7.5463671070907697e-05
-7.4923531257379153e-05
-7.4391402001190420e-05
-7.3920401578946525e-05
-7.3334502072934822e-05
-7.2886170251404113e-05
-7.2327606493457534e-05
-7.1844221216337171e-05
-7.1333579428889258e-05
-7.0818708221309870e-05
-7.0327029841986581e-05
-6.9807728359899592e-05
-6.9342339205851519e-05
-6.8793939842073866e-05
-6.8354820218458979e-05
-6.7807140060491725e-05
-6.7349687455824737e-05
-6.6839281780154956e-05
-6.6353870547733408e-05
-6.5870710188478221e-05
-6.5379821453264106e-05
-6.4903564970946828e-05
-6.4410560911573646e-05
-6.3944688598120835e-05
-6.3433135052687973e-05
-6.3000489563807055e-05
-6.2467385819281549e-05
-6.2049490496570350e-05
-6.1523471981627840e-05
-6.1098738797733565e-05
-6.0581607712518595e-05
-6.0157433118541073e-05
-5.9633527451486516e-05
-5.9226497789535197e-05
-5.8696366660143791e-05
-5.8291574509429330e-05
-5.7773183284985717e-05
-5.7359538531460295e-05
-5.6849769166640079e-05
-5.6432058881654988e-05
-5.5922670688709327e-05
-5.5514727292884951e-05
-5.5003738773086863e-05
-5.4588182971139989e-05
-5.4102897181654291e-05
-5.3662391595280049e-05
-5.3203912298768138e-05
-5.2745679701174756e-05
-5.2294803654501899e-05
-5.1834338353521103e-05
-5.1391103571505616e-05
-5.0920974525115878e-05
-5.0498899185401454e-05
-5.0004432323078816e-05
-4.9597479423987421e-05
-4.9102978005028517e-05
-4.8683771623662197e-05
-4.8215336578156667e-05
-4.7764515908361718e-05
-4.7331005221036255e-05
-4.6848452260050810e-05
-4.6439734562422154e-05
-4.5940981904887690e-05
-4.5521126387465401e-05
-4.5057007291779301e-05
-4.4608181019643459e-05
-4.4167777860424712e-05
-4.3695427638332204e-05
-4.3277484392801117e-05
-4.2782117712600543e-05
-4.2356060459112542e-05
-4.1892028113560469e-05
-4.1433666251049517e-05
-4.1001580692792241e-05
-4.0507323959854260e-05
-4.0075057220980990e-05
-3.9611531300485998e-05
-3.9145819616318844e-05
-3.8708366716087770e-05
-3.8209383932836694e-05
0.0000000000000000e+00
];
