%Vec Object:dSdr_b_aug_4980 1 MPI processes
%  type: seq
dSdr_b_aug_4980 = [
2.3337094170791047e+03
0.0000000000000000e+00
-9.3075200519295412e-07
-3.8293261015905330e-07
-2.3675446996337992e-07
-1.6737612156830063e-07
-1.2512762772697090e-07
-9.9014518070693279e-08
-8.1317651254969509e-08
-6.8008472650147392e-08
-5.8127491266804780e-08
-5.0553346598952568e-08
-4.4391341685475471e-08
-3.9401093659094564e-08
-3.5310229908257177e-08
-3.1862409216159214e-08
-2.8918127088187415e-08
-2.6406209268047506e-08
-2.4235497139573283e-08
-8.6241785303597466e-08
-3.4052594483636696e-04
-7.2079596642201705e-04
-6.8393521473490986e-04
-6.4509464366666394e-04
-6.0195643053220066e-04
-5.6033114873103276e-04
-5.2043441866116103e-04
-4.8014648297799335e-04
-4.3881727958573118e-04
-3.9465834533560250e-04
-3.5580087942651450e-04
-3.1846042365228666e-04
-2.8321447964839186e-04
-2.4604541769582294e-04
-2.1581412245345294e-04
-1.8950302695050036e-04
-1.6648895316285155e-04
-1.4475411040856660e-04
-1.2829176743004277e-04
-1.1580562098439754e-04
-1.0594713663078451e-04
-9.7999434767906933e-05
-9.3046404533481965e-05
-9.0025510832458439e-05
-8.8374699166686492e-05
-8.7985645836638054e-05
-8.8474752179974305e-05
-8.9482707776115502e-05
-9.0938347589049031e-05
-9.2902072020717351e-05
-9.4629911536195922e-05
-9.6441387556236161e-05
-9.8285152496607815e-05
-1.0005893045825853e-04
-1.0154440302663751e-04
-1.0287301978573229e-04
-1.0414701212177607e-04
-1.0517324754870189e-04
-1.0601389039352592e-04
-1.0668994252827503e-04
-1.0729647007827674e-04
-1.0769205384960876e-04
-1.0792577723193216e-04
-1.0810938125218946e-04
-1.0819088267127427e-04
-1.0813805320031243e-04
-1.0802358559731819e-04
-1.0784964023351187e-04
-1.0758662866006112e-04
-1.0726670553314723e-04
-1.0692731116807402e-04
-1.0653604690396441e-04
-1.0611092441920955e-04
-1.0562382737177056e-04
-1.0514471394336200e-04
-1.0463829192650495e-04
-1.0408683014873450e-04
-1.0355591614556469e-04
-1.0301448175630426e-04
-1.0240107980168286e-04
-1.0183166043266584e-04
-1.0125927431591075e-04
-1.0063150221121625e-04
-1.0005049759470732e-04
-9.9473398878653348e-05
-9.8802982095991981e-05
-9.8222713523851409e-05
-9.7623693528432284e-05
-9.6973449126423614e-05
-9.6394517864024679e-05
-9.5780311225299419e-05
-9.5133862304678751e-05
-9.4551716323387796e-05
-9.3917393253600598e-05
-9.3307087048802932e-05
-9.2735239594257627e-05
-9.2074346566065084e-05
-9.1492902091426404e-05
-9.0909576273523021e-05
-9.0238225112724711e-05
-8.9698429470720333e-05
-8.9086097570530682e-05
-8.8463469650171465e-05
-8.7923256926684536e-05
-8.7259784857195090e-05
-8.6702503391184813e-05
-8.6138359169112943e-05
-8.5498908379326457e-05
-8.4968532293822779e-05
-8.4352229504920759e-05
-8.3767938187118989e-05
-8.3232024717487082e-05
-8.2600699775886653e-05
-8.2074819405134918e-05
-8.1479486927569158e-05
-8.0917022271735655e-05
-8.0359991563869011e-05
-7.9769648906148990e-05
-7.9249210933740892e-05
-7.8636956511526408e-05
-7.8125173139813970e-05
-7.7551132757338044e-05
-7.6984647609034209e-05
-7.6481898677792923e-05
-7.5859708660270541e-05
-7.5380922162409991e-05
-7.4786199603086635e-05
-7.4271923342485066e-05
-7.3726398087115144e-05
-7.3178607947228851e-05
-7.2654375224130737e-05
-7.2100292242353626e-05
-7.1604299150499932e-05
-7.1019325471880681e-05
-7.0550435090778110e-05
-6.9966486692649087e-05
-6.9478038253293194e-05
-6.8933232188039031e-05
-6.8415291497911219e-05
-6.7899049003312579e-05
-6.7374647827038415e-05
-6.6866312429029513e-05
-6.6338654409741051e-05
-6.5841321668970454e-05
-6.5294520455854238e-05
-6.4830806807999832e-05
-6.4262098674774490e-05
-6.3813432639251593e-05
-6.3251428938505342e-05
-6.2796709860964904e-05
-6.2242329708954113e-05
-6.1788432692967406e-05
-6.1227102125465719e-05
-6.0790471970133724e-05
-6.0222676734223110e-05
-5.9788068154671276e-05
-5.9232384546392184e-05
-5.8788570640150252e-05
-5.8241521944706612e-05
-5.7792927367130264e-05
-5.7246610260093504e-05
-5.6807100128673514e-05
-5.6259643975980659e-05
-5.5811956599938244e-05
-5.5290321755702181e-05
-5.4817065482060896e-05
-5.4322756935529690e-05
-5.3830588992613577e-05
-5.3344602381497395e-05
-5.2848899774629315e-05
-5.2371443262269551e-05
-5.1864683983891339e-05
-5.1409516948169040e-05
-5.0876555761002816e-05
-5.0437195137697449e-05
-4.9904114947236166e-05
-4.9451344991354337e-05
-4.8945470247026655e-05
-4.8459052741396772e-05
-4.7989551030002447e-05
-4.7469258826813764e-05
-4.7026279167810295e-05
-4.6487304690691836e-05
-4.6033267147916769e-05
-4.5529916076865987e-05
-4.5044694752397720e-05
-4.4567117945146449e-05
-4.4055502932506802e-05
-4.3602133645665701e-05
-4.3065079979777909e-05
-4.2602809401050703e-05
-4.2099475127928495e-05
-4.1601813228476615e-05
-4.1132715128071850e-05
-4.0595688861514055e-05
-4.0126126610368987e-05
-3.9622224983341074e-05
-3.9115357776182948e-05
-3.8640003327932964e-05
-3.8095265353153289e-05
0.0000000000000000e+00
];
