%Vec Object:dSdr_b_aug_320 1 MPI processes
%  type: seq
dSdr_b_aug_320 = [
2.5582092331946756e+03
0.0000000000000000e+00
-4.9385049885920338e-06
-1.9953469904436083e-06
-1.1980069663239292e-06
-8.3428039408195957e-07
-6.2619046532740414e-07
-4.9790634680675099e-07
-4.1097524973199668e-07
-3.4463181471528369e-07
-2.9540439925569668e-07
-2.5770263650458681e-07
-2.2691184719674324e-07
-2.0196352121268622e-07
-1.8151879740407612e-07
-1.6427467479002547e-07
-1.4953491245122580e-07
-1.3696235231196074e-07
-1.2609413893690303e-07
-1.1650296206451141e-07
-1.0810188596432527e-07
-1.0069391535665496e-07
-9.4034123627816879e-08
-8.8080921928135357e-08
-8.2740424617510379e-08
-7.7894112360357745e-08
-7.3487091891925668e-08
-6.9481769043432139e-08
-6.5817190002158280e-08
-6.2442652240744876e-08
-5.9345629518457014e-08
-5.6572278970356035e-08
-5.6611241938059565e-08
-1.1917908324270564e-07
-1.2084195670454963e-06
-1.0959745423110724e-05
-5.1907428823881491e-05
-1.0527607431647076e-04
-1.2774972691655042e-04
-1.3036080352146824e-04
-1.2625879050562404e-04
-1.2057291062991453e-04
-1.1655280517024934e-04
-1.1391222609203052e-04
-1.1241221851285632e-04
-1.1209710254745269e-04
-1.1264225344678112e-04
-1.1369522830980115e-04
-1.1520058988606519e-04
-1.1721227022610977e-04
-1.1897138393161705e-04
-1.2081539822265559e-04
-1.2267698207473566e-04
-1.2445073510413139e-04
-1.2592318143741149e-04
-1.2721945313154588e-04
-1.2843688970582724e-04
-1.2939777718041075e-04
-1.3016201065616472e-04
-1.3074112649788807e-04
-1.3123391360890494e-04
-1.3151374496105526e-04
-1.3161870198902321e-04
-1.3164760895585198e-04
-1.3158740587346452e-04
-1.3138411428770990e-04
-1.3110278323166054e-04
-1.3075676736565739e-04
-1.3032685674862460e-04
-1.2983056433926081e-04
-1.2930322565463399e-04
-1.2873833116701692e-04
-1.2813881305148706e-04
-1.2744501087712929e-04
-1.2678771290655806e-04
-1.2610418314919238e-04
-1.2534278130483986e-04
-1.2463459395691066e-04
-1.2391655483150055e-04
-1.2308804995288827e-04
-1.2234084437379153e-04
-1.2158871770495890e-04
-1.2075192273868458e-04
-1.1999411249803883e-04
-1.1923893157859813e-04
-1.1835756247736532e-04
-1.1760119940115837e-04
-1.1682182219715335e-04
-1.1596935564881160e-04
-1.1521725110850966e-04
-1.1441984898177788e-04
-1.1357596260172544e-04
-1.1282213248544862e-04
-1.1199948835155622e-04
-1.1120391565947734e-04
-1.1046333043480005e-04
-1.0960799583980292e-04
-1.0884869072677998e-04
-1.0809618475860902e-04
-1.0722674752263278e-04
-1.0652018563430582e-04
-1.0573239848467126e-04
-1.0492327047948560e-04
-1.0421855733541771e-04
-1.0336493195014117e-04
-1.0263738699432782e-04
-1.0190496628751023e-04
-1.0107884574304390e-04
-1.0038703588444715e-04
-9.9587362141032474e-05
-9.8830461451203204e-05
-9.8132294041592536e-05
-9.7311787797798205e-05
-9.6629643357288152e-05
-9.5853192164675738e-05
-9.5123043311951875e-05
-9.4399648598030890e-05
-9.3629371996671755e-05
-9.2952362714384082e-05
-9.2156765280451263e-05
-9.1485132559126188e-05
-9.0740922570679426e-05
-9.0001982258440310e-05
-8.9339866438323763e-05
-8.8535510133119671e-05
-8.7903851441566329e-05
-8.7127623795638687e-05
-8.6458285288034534e-05
-8.5737656782633646e-05
-8.5024624794881567e-05
-8.4336980379403297e-05
-8.3608306116448680e-05
-8.2958691845425649e-05
-8.2190127604623520e-05
-8.1571798436655803e-05
-8.0805795975061887e-05
-8.0161759346359805e-05
-7.9444275350566695e-05
-7.8763048283156354e-05
-7.8080745201118692e-05
-7.7388123506655449e-05
-7.6718763511551664e-05
-7.6017155048052536e-05
-7.5361902480808359e-05
-7.4638170769305204e-05
-7.4018506522411669e-05
-7.3271077463854230e-05
-7.2667954110528594e-05
-7.1925318216055638e-05
-7.1320081604636529e-05
-7.0578725211357926e-05
-6.9975633557292668e-05
-6.9226444531356987e-05
-6.8641232116896486e-05
-6.7884378048616598e-05
-6.7300103661284901e-05
-6.6557227569589522e-05
-6.5961977750346467e-05
-6.5227802585176870e-05
-6.4624182849834622e-05
-6.3892498852135155e-05
-6.3294538543537748e-05
-6.2564031708373360e-05
-6.1955059625887411e-05
-6.1250970166952889e-05
-6.0613322413533267e-05
-5.9939169542880559e-05
-5.9276664706636189e-05
-5.8614442656628859e-05
-5.7941869208011610e-05
-5.7292640582374301e-05
-5.6602020315739723e-05
-5.5980755678565963e-05
-5.5254578845554723e-05
-5.4652556695793804e-05
-5.3925840208514738e-05
-5.3304610466562172e-05
-5.2610821496927767e-05
-5.1945743059989418e-05
-5.1295604926062031e-05
-5.0585904903671883e-05
-4.9970976666253945e-05
-4.9230143219511806e-05
-4.8604571199539495e-05
-4.7904345646895777e-05
-4.7236501345943540e-05
-4.6572407568718250e-05
-4.5863797850769953e-05
-4.5232727604472363e-05
-4.4486580492128725e-05
-4.3842739730914000e-05
-4.3142402569858255e-05
-4.2447853992995334e-05
-4.1793521041744335e-05
-4.1042655112561459e-05
-4.0387267359300340e-05
-3.9683213631972158e-05
-3.8975131620406589e-05
-3.8324637739814741e-05
-3.7630659268333946e-05
0.0000000000000000e+00
];
