%Vec Object:dSdr_b_aug_1010 1 MPI processes
%  type: seq
dSdr_b_aug_1010 = [
2.4666568606889837e+03
0.0000000000000000e+00
-2.4062095897493174e-06
-9.8137640655406225e-07
-5.9775471227075171e-07
-4.1943787965471008e-07
-3.1452563086042991e-07
-2.4976620494625416e-07
-2.0587715963781362e-07
-1.7260250823819299e-07
-1.4790520823428356e-07
-1.2898288495372952e-07
-1.1355141745183232e-07
-1.0104980707009363e-07
-9.0803251127312155e-08
-8.2162472198281436e-08
-7.4778441324325509e-08
-6.8479449455289793e-08
-6.3034053975916158e-08
-5.8229266973866215e-08
-5.4020350945066750e-08
-5.0308655282791032e-08
-4.6971990927786450e-08
-4.3989191012913331e-08
-4.1314007751668936e-08
-4.0083389791064210e-08
-1.3046854544739831e-06
-1.8307538988352487e-04
-4.5335537964604427e-04
-4.2642821034735598e-04
-3.8669135884350649e-04
-3.4721829644694213e-04
-3.0986420440605049e-04
-2.7047844846484549e-04
-2.3845355464578917e-04
-2.1059154780885290e-04
-1.8622494863655757e-04
-1.6321049438049068e-04
-1.4577807821825178e-04
-1.3255197828771373e-04
-1.2209350869970238e-04
-1.1364791949887444e-04
-1.0836508479727690e-04
-1.0511718928728065e-04
-1.0331145572961468e-04
-1.0282855350174921e-04
-1.0327129851610133e-04
-1.0425900961453411e-04
-1.0571635430813875e-04
-1.0769215990743232e-04
-1.0942869273211903e-04
-1.1125374360456956e-04
-1.1310464185722699e-04
-1.1487622435083720e-04
-1.1635249997285721e-04
-1.1766071767477921e-04
-1.1889992468960832e-04
-1.1988621930869001e-04
-1.2068031018156961e-04
-1.2129740551454237e-04
-1.2183480619576980e-04
-1.2216006154042603e-04
-1.2231556422372640e-04
-1.2240520534755048e-04
-1.2240063862821042e-04
-1.2225642426977784e-04
-1.2204061172502463e-04
-1.2176215963430831e-04
-1.2139778257922158e-04
-1.2097074247981147e-04
-1.2051720121677527e-04
-1.2002048371399470e-04
-1.1948944315397904e-04
-1.1887680502117242e-04
-1.1828947235467526e-04
-1.1767548508639809e-04
-1.1699651749012552e-04
-1.1635793764300523e-04
-1.1570924347800309e-04
-1.1496520004260841e-04
-1.1428780331845948e-04
-1.1360625287794732e-04
-1.1285153196602240e-04
-1.1216314552536023e-04
-1.1147788965398944e-04
-1.1067935219525307e-04
-1.0999213367478847e-04
-1.0928357479018843e-04
-1.0851051192383537e-04
-1.0782640488822694e-04
-1.0710093552735346e-04
-1.0633457408410029e-04
-1.0564815673800475e-04
-1.0489945793578783e-04
-1.0417663117812478e-04
-1.0350230180622338e-04
-1.0272331577314923e-04
-1.0203384864199613e-04
-1.0134777221694892e-04
-1.0055611456425860e-04
-9.9915034382758652e-05
-9.9196140537755916e-05
-9.8460242465677706e-05
-9.7820120980833460e-05
-9.7041159973031209e-05
-9.6380469588290828e-05
-9.5714123245410038e-05
-9.4961299260110468e-05
-9.4332876934401076e-05
-9.3605204451985665e-05
-9.2916079432628555e-05
-9.2281621581595202e-05
-9.1535398040495418e-05
-9.0914611195786382e-05
-9.0209276882256370e-05
-8.9544969776968387e-05
-8.8886898424536727e-05
-8.8187273475215836e-05
-8.7571742393344749e-05
-8.6848135180218344e-05
-8.6239267781335136e-05
-8.5561875399404634e-05
-8.4890650120364859e-05
-8.4291110155759849e-05
-8.3558281977546444e-05
-8.2986648950303754e-05
-8.2281689787766044e-05
-8.1673236853250109e-05
-8.1021363100788540e-05
-8.0373213726930506e-05
-7.9749733294553617e-05
-7.9089612715744841e-05
-7.8500318110532528e-05
-7.7803841129072657e-05
-7.7244189361853517e-05
-7.6549670811984385e-05
-7.5966726138006763e-05
-7.5317044437181525e-05
-7.4699932009587980e-05
-7.4082832852492009e-05
-7.3456263164973099e-05
-7.2850129642064291e-05
-7.2216823016417334e-05
-7.1623577766647258e-05
-7.0969317963840334e-05
-7.0410887751938691e-05
-6.9733633550953837e-05
-6.9191157821553632e-05
-6.8519447177928163e-05
-6.7973311134788568e-05
-6.7305370926542201e-05
-6.6760860255321884e-05
-6.6085433646806291e-05
-6.5558561635245823e-05
-6.4875941183426529e-05
-6.4350432520870457e-05
-6.3681057063654233e-05
-6.3145267841959040e-05
-6.2484567211806461e-05
-6.1941817212007993e-05
-6.1282916625150986e-05
-6.0747170670422069e-05
-6.0088537514002876e-05
-5.9542892489638475e-05
-5.8910442352727842e-05
-5.8337341187245253e-05
-5.7733802318567911e-05
-5.7138178123922676e-05
-5.6545152552817839e-05
-5.5942024784112866e-05
-5.5360239486865619e-05
-5.4741808911905093e-05
-5.4185758714365257e-05
-5.3535443799716006e-05
-5.2997285890433486e-05
-5.2346595299658428e-05
-5.1791505132344697e-05
-5.1171493687961614e-05
-5.0576558438691765e-05
-4.9997337994081260e-05
-4.9361998272212232e-05
-4.8814573276650716e-05
-4.8152985209856001e-05
-4.7594749092617999e-05
-4.6971805909656617e-05
-4.6375643988359400e-05
-4.5784756286152241e-05
-4.5153459677250467e-05
-4.4592117730224999e-05
-4.3928012127376215e-05
-4.3355388258545825e-05
-4.2732301287075397e-05
-4.2114917609767471e-05
-4.1533111480775773e-05
-4.0865894863342799e-05
-4.0282956891792079e-05
-3.9656555183279897e-05
-3.9025478512309305e-05
-3.8438114971527579e-05
-3.7772699230712228e-05
0.0000000000000000e+00
];
