%Vec Object:dSdr_b_aug_6140 1 MPI processes
%  type: seq
dSdr_b_aug_6140 = [
2.3172082183931907e+03
0.0000000000000000e+00
-8.3593787848038487e-07
-3.4533753538115223e-07
-2.1456316408444061e-07
-1.5234713269224499e-07
-1.1427165230718672e-07
-9.0730603512693872e-08
-7.4774269331239779e-08
-6.2768857170873143e-08
-5.3853532011656302e-08
-4.7018885593215540e-08
-4.1453744795881640e-08
-3.6945254615923534e-08
-3.3248861346145719e-08
-3.0131825873996648e-08
-2.7468277342611877e-08
-2.5195614249079295e-08
-2.4897907717620100e-08
-8.5623322667966487e-05
-7.5028458414109372e-04
-7.1497352420527645e-04
-6.7638235041817115e-04
-6.3790722496611101e-04
-5.9520074874576216e-04
-5.5398093539613038e-04
-5.1446439176068711e-04
-4.7455539691058425e-04
-4.3360796696784203e-04
-3.8984617751847242e-04
-3.5133623040446932e-04
-3.1432413797524212e-04
-2.7938396763110948e-04
-2.4253393635857243e-04
-2.1256049461861856e-04
-1.8647230689206964e-04
-1.6365261541592126e-04
-1.4210167266027823e-04
-1.2577874350601660e-04
-1.1339893903100520e-04
-1.0362668107592178e-04
-9.5750532629846068e-05
-9.0844899851742205e-05
-8.7856629369407034e-05
-8.6228081993946533e-05
-8.5852515881034076e-05
-8.6348284824744255e-05
-8.7359149786664058e-05
-8.8814544519990520e-05
-9.0776532645737764e-05
-9.2503122746432395e-05
-9.4312647805420933e-05
-9.6155387527757527e-05
-9.7929480952674636e-05
-9.9416275111113603e-05
-1.0074782333208327e-04
-1.0202681464942297e-04
-1.0305878998590547e-04
-1.0390612286806985e-04
-1.0459064779830777e-04
-1.0520710973273947e-04
-1.0561280057759517e-04
-1.0585776527140497e-04
-1.0605487298393651e-04
-1.0614874351281856e-04
-1.0610904724904082e-04
-1.0600914425765051e-04
-1.0585021790239021e-04
-1.0560177390054022e-04
-1.0529724491902887e-04
-1.0497425500152914e-04
-1.0459814578697433e-04
-1.0418824515816421e-04
-1.0371919007217989e-04
-1.0325562921414819e-04
-1.0276466578292827e-04
-1.0223152833325423e-04
-1.0171608737632253e-04
-1.0119006767745777e-04
-1.0059544069546530e-04
-1.0004153914654401e-04
-9.9484841435591815e-05
-9.8875313619042551e-05
-9.8309741240936357e-05
-9.7748186190573579e-05
-9.7096182114291129e-05
-9.6531283717660762e-05
-9.5948005966302265e-05
-9.5315412271533879e-05
-9.4751596214057320e-05
-9.4153379561675335e-05
-9.3524163726536012e-05
-9.2957002976858734e-05
-9.2339117279684795e-05
-9.1744981832766207e-05
-9.1187862443603505e-05
-9.0543941014920612e-05
-8.9978020889341009e-05
-8.9409461753624551e-05
-8.8755400303763363e-05
-8.8230160650511246e-05
-8.7633143197076883e-05
-8.7026793807071999e-05
-8.6500939394053229e-05
-8.5854064726642755e-05
-8.5311644597789490e-05
-8.4762188280374662e-05
-8.4139030836908658e-05
-8.3622745398551050e-05
-8.3022448025623158e-05
-8.2453222810326997e-05
-8.1931471579773955e-05
-8.1316659209832234e-05
-8.0804418261162908e-05
-8.0224894622767261e-05
-7.9677066188079082e-05
-7.9134556471553534e-05
-7.8559919246913552e-05
-7.8053147522955799e-05
-7.7456896095853104e-05
-7.6959065097395308e-05
-7.6399877885518076e-05
-7.5848445402861846e-05
-7.5359606740749502e-05
-7.4753317021737862e-05
-7.4287873914571136e-05
-7.3708993946698120e-05
-7.3208252240445756e-05
-7.2678010803335532e-05
-7.2144643741980734e-05
-7.1634674357091109e-05
-7.1095830517963127e-05
-7.0613246215552568e-05
-7.0044297182612024e-05
-6.9588450542515146e-05
-6.9020392687317843e-05
-6.8545524743833890e-05
-6.8015790843616890e-05
-6.7512102590337945e-05
-6.7010354682630837e-05
-6.6500636627423552e-05
-6.6006356267279625e-05
-6.5493881513965994e-05
-6.5010332827942523e-05
-6.4478975008395420e-05
-6.4028873548081653e-05
-6.3475765103002016e-05
-6.3040580933300630e-05
-6.2494343764028136e-05
-6.2052762693645810e-05
-6.1514702830212372e-05
-6.1073828385637080e-05
-6.0528895147988821e-05
-6.0105234144047305e-05
-5.9553941045479480e-05
-5.9132396229119341e-05
-5.8593051894137533e-05
-5.8162456295678897e-05
-5.7631741157020946e-05
-5.7196678220863022e-05
-5.6666541142599571e-05
-5.6240861660962949e-05
-5.5709383435531134e-05
-5.5275774191327239e-05
-5.4770065325118374e-05
-5.4311158446289240e-05
-5.3832548136497613e-05
-5.3355248639896120e-05
-5.2884645388253572e-05
-5.2404381675533703e-05
-5.1941919098529715e-05
-5.1451209019957876e-05
-5.1010540818575254e-05
-5.0494445576674415e-05
-5.0069284127696053e-05
-4.9553106899305175e-05
-4.9115042561170374e-05
-4.8625571729678170e-05
-4.8154750721102321e-05
-4.7701018233352615e-05
-4.7197261238728067e-05
-4.6769293279343477e-05
-4.6247941782276635e-05
-4.5808880985651075e-05
-4.5322719290676782e-05
-4.4853444435514296e-05
-4.4392155308496421e-05
-4.3897744291226880e-05
-4.3459897227275039e-05
-4.2941109141056999e-05
-4.2494706176199571e-05
-4.2008593142102100e-05
-4.1528152237087722e-05
-4.1075273819317842e-05
-4.0556991204053097e-05
-4.0103777172780373e-05
-3.9617579560382498e-05
-3.9128773747096615e-05
-3.8670108800955185e-05
-3.8145862877645842e-05
0.0000000000000000e+00
];
