%Vec Object:dSdr_b_aug_6450 1 MPI processes
%  type: seq
dSdr_b_aug_6450 = [
2.3114708129600808e+03
0.0000000000000000e+00
-8.0267178662676827e-07
-3.3056850390673765e-07
-2.0475584766390867e-07
-1.4487827934843880e-07
-1.0824256673033573e-07
-8.5594719694528390e-08
-7.0246611102598903e-08
-5.8717558939708862e-08
-5.0157889692835469e-08
-4.3596096005065707e-08
-3.8259833510509956e-08
-3.3938576355552649e-08
-3.0396013831732214e-08
-2.7410608671253845e-08
-2.4861529033948359e-08
-2.2686889413744742e-08
-4.8743072645029696e-08
-3.3251423963099512e-04
-7.5089948157268860e-04
-7.1313973175342457e-04
-6.7461876408526206e-04
-6.3623478102149244e-04
-5.9362887173707317e-04
-5.5250340324722747e-04
-5.1307531929349918e-04
-4.7325449420570765e-04
-4.3239589308487772e-04
-3.8872650895449394e-04
-3.5029742047321350e-04
-3.1336172969032602e-04
-2.7849270495083770e-04
-2.4171690382461048e-04
-2.1180345789234849e-04
-1.8576713500744027e-04
-1.6299267123393696e-04
-1.4148451720541702e-04
-1.2519402601328817e-04
-1.1283896455171008e-04
-1.0308676924772072e-04
-9.5227269438419995e-05
-9.0332664853306403e-05
-8.7351984995896409e-05
-8.5728618000678277e-05
-8.5356190239929903e-05
-8.5853509583605923e-05
-8.6865051502939259e-05
-8.8320389238413997e-05
-9.0281973398253384e-05
-9.2008272816664080e-05
-9.3817343961142554e-05
-9.5659845164049531e-05
-9.7434012009654396e-05
-9.8921113704581297e-05
-1.0025334404276046e-04
-1.0153349853287999e-04
-1.0256680943379506e-04
-1.0341569894784810e-04
-1.0410219530923066e-04
-1.0472096874704255e-04
-1.0512901127340330e-04
-1.0537659155465998e-04
-1.0557684125090182e-04
-1.0567358977411440e-04
-1.0563694928889950e-04
-1.0554043512583510e-04
-1.0538500332440001e-04
-1.0513994883758264e-04
-1.0483900169259877e-04
-1.0451982868218349e-04
-1.0414724567126445e-04
-1.0374088678954356e-04
-1.0327602961570579e-04
-1.0281608745231057e-04
-1.0232872084734971e-04
-1.0179984700764025e-04
-1.0128800624064981e-04
-1.0076557315340037e-04
-1.0017531463338308e-04
-9.9625023690904526e-05
-9.9071976276919388e-05
-9.8466693444713288e-05
-9.7904711759388735e-05
-9.7346773327773941e-05
-9.6699053421442336e-05
-9.6137731276327949e-05
-9.5558116346924969e-05
-9.4929629523862440e-05
-9.4369330392087418e-05
-9.3774834204161329e-05
-9.3149628070279513e-05
-9.2585954004226307e-05
-9.1971892866079727e-05
-9.1381519943696494e-05
-9.0827827401656605e-05
-9.0187854832216889e-05
-8.9625546828069774e-05
-8.9060423524089881e-05
-8.8410384949289366e-05
-8.7888532104635631e-05
-8.7295077926857848e-05
-8.6692516123467291e-05
-8.6170002511474586e-05
-8.5526989623454494e-05
-8.4988027336552584e-05
-8.4441988507611364e-05
-8.3822622097069426e-05
-8.3309615180463548e-05
-8.2713041846152105e-05
-8.2147322115311364e-05
-8.1628866063429887e-05
-8.1017895733385251e-05
-8.0508828316883558e-05
-7.9932982977580551e-05
-7.9388560003854127e-05
-7.8849428937012879e-05
-7.8278445950692984e-05
-7.7774853999306633e-05
-7.7182326044804322e-05
-7.6687741392141004e-05
-7.6132010117804390e-05
-7.5584079989691547e-05
-7.5098477875765304e-05
-7.4495887732576371e-05
-7.4033549274867683e-05
-7.3458355455088500e-05
-7.2960762876078395e-05
-7.2434077574196908e-05
-7.1904066375608238e-05
-7.1397415685574593e-05
-7.0862117585120352e-05
-7.0382653145057168e-05
-6.9817432615666434e-05
-6.9364620899386791e-05
-6.8800260344095910e-05
-6.8328552211900366e-05
-6.7802325194801872e-05
-6.7301953094319611e-05
-6.6803577680609773e-05
-6.6297275985423119e-05
-6.5806265845618793e-05
-6.5297323821052284e-05
-6.4816982302457187e-05
-6.4289217734131364e-05
-6.3842283449904122e-05
-6.3292804618870233e-05
-6.2860757300006631e-05
-6.2318188561857638e-05
-6.1879664331923560e-05
-6.1345401741127252e-05
-6.0907557274328264e-05
-6.0366439230612206e-05
-5.9945795770760630e-05
-5.9398342247211131e-05
-5.8979836983559580e-05
-5.8444294323788443e-05
-5.8016774230402745e-05
-5.7489859430321314e-05
-5.7057944896692295e-05
-5.6531572427022813e-05
-5.6109110910992441e-05
-5.5581350260726742e-05
-5.5151016554308367e-05
-5.4649013164819615e-05
-5.4193444926497779e-05
-5.3718487090173754e-05
-5.3244646987901175e-05
-5.2777622928454946e-05
-5.2300951318735251e-05
-5.1841977302886588e-05
-5.1355001304295253e-05
-5.0917706438924713e-05
-5.0405535279275436e-05
-4.9983677406493210e-05
-4.9471432830079152e-05
-4.9036789854563444e-05
-4.8551135502172718e-05
-4.8083943071837284e-05
-4.7633879308742189e-05
-4.7133969209137952e-05
-4.6709493604954995e-05
-4.6192241958745073e-05
-4.5756665213595451e-05
-4.5274502271421097e-05
-4.4808936829264631e-05
-4.4351436316370609e-05
-4.3861026862733696e-05
-4.3426789731124544e-05
-4.2912249418005907e-05
-4.2469535651340235e-05
-4.1987425827692528e-05
-4.1510986660311288e-05
-4.1061874749895815e-05
-4.0547942022302005e-05
-4.0098513394393670e-05
-3.9616401594537140e-05
-3.9131726920422099e-05
-3.8676744574493072e-05
-3.8156198483081931e-05
0.0000000000000000e+00
];
