%Vec Object:dSdr_b_aug_3960 1 MPI processes
%  type: seq
dSdr_b_aug_3960 = [
2.3519771800101671e+03
0.0000000000000000e+00
-1.0540477783376306e-06
-4.3366341536855688e-07
-2.6794090460726878e-07
-1.8946789208055830e-07
-1.4185872850931262e-07
-1.1243545224234977e-07
-9.2494171784474872e-08
-7.7476557397585507e-08
-6.6326891489254367e-08
-5.7780733789677677e-08
-5.0823470250914931e-08
-4.5188315938199115e-08
-4.0568817231814530e-08
-3.6674514024462430e-08
-3.3347960369461738e-08
-3.0509923282137124e-08
-2.8056404137667037e-08
-2.5905600572034429e-08
-6.0174985206343154e-07
-4.9850414777198094e-04
-6.9004069759364968e-04
-6.5277130286753413e-04
-6.0920437207981782e-04
-5.6714484514075632e-04
-5.2684020420445011e-04
-4.8614566949159134e-04
-4.4440682671385227e-04
-3.9982175972877378e-04
-3.6059140932878056e-04
-3.2289862269822915e-04
-2.8732458637234406e-04
-2.4981320746960724e-04
-2.1930523781752849e-04
-1.9275496434827260e-04
-1.6953232015840797e-04
-1.4760015444411191e-04
-1.3098822173984338e-04
-1.1838797134247944e-04
-1.0843696684707596e-04
-1.0041248880542357e-04
-9.5408601485919440e-05
-9.2352703302415180e-05
-9.0678002176809665e-05
-9.0274477094814417e-05
-9.0756434460101585e-05
-9.1761268394954419e-05
-9.3217171225333973e-05
-9.5182758736094838e-05
-9.6911938899807315e-05
-9.8725508315932289e-05
-1.0057037333560379e-04
-1.0234381283563377e-04
-1.0382786721288093e-04
-1.0515333834044715e-04
-1.0642196662806870e-04
-1.0744204301076419e-04
-1.0827550734420011e-04
-1.0894246809444175e-04
-1.0953833599725206e-04
-1.0992307486808378e-04
-1.1014473638816825e-04
-1.1031385103416669e-04
-1.1038208047770774e-04
-1.1031515916387410e-04
-1.1018506383568574e-04
-1.0999500318434849e-04
-1.0971636071272091e-04
-1.0937991978277025e-04
-1.0902292357063746e-04
-1.0861539805339228e-04
-1.0817394263389176e-04
-1.0766748670507834e-04
-1.0717168549012887e-04
-1.0664867653231261e-04
-1.0607755289879469e-04
-1.0553003644000759e-04
-1.0497206221106842e-04
-1.0433851486523340e-04
-1.0375244500051756e-04
-1.0316322535171685e-04
-1.0251587727706291e-04
-1.0191831399479025e-04
-1.0132453705292161e-04
-1.0063436359054121e-04
-1.0003760294682121e-04
-9.9421691654106800e-05
-9.8752508191628379e-05
-9.8157358439911462e-05
-9.7525994679769864e-05
-9.6861054804036045e-05
-9.6262829794590836e-05
-9.5610869562973033e-05
-9.4983212271737089e-05
-9.4395561726923351e-05
-9.3716458317156371e-05
-9.3118356347581229e-05
-9.2519186004703420e-05
-9.1829283132403635e-05
-9.1273869037889534e-05
-9.0645104875836067e-05
-9.0005010249625750e-05
-8.9449391198836607e-05
-8.8768110277649521e-05
-8.8194882741799704e-05
-8.7614978541687342e-05
-8.6958045150029525e-05
-8.6412549938819200e-05
-8.5779073495174309e-05
-8.5178616397682655e-05
-8.4627506985792176e-05
-8.3978464217022164e-05
-8.3437948882574491e-05
-8.2825653677015234e-05
-8.2247484501966732e-05
-8.1674872915796156e-05
-8.1067678485042483e-05
-8.0532576766415045e-05
-7.9903151290787865e-05
-7.9376397164429200e-05
-7.8786419480593477e-05
-7.8203782975073540e-05
-7.7686108467965907e-05
-7.7046857592221555e-05
-7.6553753774954221e-05
-7.5942032277630166e-05
-7.5413233582212198e-05
-7.4851308948482756e-05
-7.4288042996903758e-05
-7.3748505862669881e-05
-7.3178071441380897e-05
-7.2667690862945167e-05
-7.2065522909099791e-05
-7.1582636736710863e-05
-7.0981637956297330e-05
-7.0478617794632765e-05
-6.9917639461057390e-05
-6.9384406064530225e-05
-6.8852611039907702e-05
-6.8312455039544584e-05
-6.7789038746298065e-05
-6.7245089254816263e-05
-6.6732966384158810e-05
-6.6169594587720703e-05
-6.5691275225062147e-05
-6.5105828809797249e-05
-6.4642696897246259e-05
-6.4063775897273866e-05
-6.3594959904517053e-05
-6.3023068281670841e-05
-6.2555198217093943e-05
-6.1976273519930261e-05
-6.1525727640985027e-05
-6.0940225824623801e-05
-6.0491600010806299e-05
-5.9918384581304077e-05
-5.9460387624273171e-05
-5.8895813250296347e-05
-5.8432699427575501e-05
-5.7869021387050582e-05
-5.7414671188732607e-05
-5.6850070968704925e-05
-5.6387277994065722e-05
-5.5848554838810995e-05
-5.5359901921755464e-05
-5.4848749447198820e-05
-5.4340627945150499e-05
-5.3838135290152110e-05
-5.3325867065688151e-05
-5.2832322387964948e-05
-5.2308342674005363e-05
-5.1837618749632862e-05
-5.1286560811590394e-05
-5.0831964881729889e-05
-5.0280748280084332e-05
-4.9812199675932232e-05
-4.9288724072736786e-05
-4.8785572106688407e-05
-4.8299150658305980e-05
-4.7761116896939644e-05
-4.7302030469900795e-05
-4.6744147455141825e-05
-4.6274040879327278e-05
-4.5752246805842241e-05
-4.5249916304784612e-05
-4.4754864459840908e-05
-4.4224791552087089e-05
-4.3754769334096403e-05
-4.3198119767626584e-05
-4.2718827127491268e-05
-4.2197019626019264e-05
-4.1680886654554194e-05
-4.1194394888268446e-05
-4.0637271945541753e-05
-4.0150192804147065e-05
-3.9627339592029334e-05
-3.9101187708517848e-05
-3.8608192672124349e-05
-3.8042886931151250e-05
0.0000000000000000e+00
];
