%Vec Object:dSdr_b_aug_6930 1 MPI processes
%  type: seq
dSdr_b_aug_6930 = [
2.3027803789038162e+03
0.0000000000000000e+00
-7.6128522066875632e-07
-3.1484508281267432e-07
-1.9593451003456811e-07
-1.3926703589563529e-07
-1.0448170512681711e-07
-8.2971866272035246e-08
-6.8392016437059392e-08
-5.7428142582288030e-08
-4.9285788456319499e-08
-4.3043353364463091e-08
-3.7960812381744241e-08
-3.3843193897638553e-08
-3.0467135554527262e-08
-2.7620139103614526e-08
-2.5187257789705848e-08
-2.3122105389445169e-08
-1.9599031035232749e-06
-7.2117346346596816e-04
-7.4931453110916116e-04
-7.1051117101556471e-04
-6.7211219268610469e-04
-6.3385803299092819e-04
-5.9139504710905915e-04
-5.5040365414643438e-04
-5.1110128204153230e-04
-4.7140575681008757e-04
-4.3067339217252516e-04
-3.8713532719367839e-04
-3.4882114862188864e-04
-3.1199403384651159e-04
-2.7722611565401939e-04
-2.4055580462451585e-04
-2.1072762005585965e-04
-1.8476500344646562e-04
-1.6205481377235779e-04
-1.4060746778566700e-04
-1.2436307491476913e-04
-1.1204317629198532e-04
-1.0231949244581159e-04
-9.4483652350756581e-05
-8.9604720205404162e-05
-8.6634827644235723e-05
-8.5018822660330108e-05
-8.4650854519812844e-05
-8.5150376857397132e-05
-8.6162880692915235e-05
-8.7618137305983763e-05
-8.9579147261355444e-05
-9.1305033476510959e-05
-9.3113459450602172e-05
-9.4955621592091318e-05
-9.6729892688018017e-05
-9.8217431348148699e-05
-9.9550630982240450e-05
-1.0083243841137761e-04
-1.0186764724644834e-04
-1.0271874886311723e-04
-1.0340804681148566e-04
-1.0403010512318444e-04
-1.0444148962526907e-04
-1.0469278692795113e-04
-1.0489750172064320e-04
-1.0499834018193557e-04
-1.0496604229034875e-04
-1.0487434402678387e-04
-1.0472387837522853e-04
-1.0448364076741475e-04
-1.0418778381509232e-04
-1.0387403506218437e-04
-1.0350646318550900e-04
-1.0310513752835513e-04
-1.0264624607005374e-04
-1.0219144648506917e-04
-1.0170919138192395e-04
-1.0118637662517608e-04
-1.0067965214186592e-04
-1.0016231604262974e-04
-9.9578265615343645e-05
-9.9033105761849120e-05
-9.8485245842527830e-05
-9.7885995628334526e-05
-9.7329116734094209e-05
-9.6776317938015335e-05
-9.6134686338909207e-05
-9.5578446463601629e-05
-9.5004036831593480e-05
-9.4381386354854620e-05
-9.3826085185078059e-05
-9.3236876212814693e-05
-9.2617368335483260e-05
-9.2058649254942566e-05
-9.1450023264596277e-05
-9.0864997331743032e-05
-9.0316174741327237e-05
-8.9681813966354819e-05
-8.9124639211606778e-05
-8.8564398628404755e-05
-8.7920077034371556e-05
-8.7403037243093270e-05
-8.6814646911249977e-05
-8.6217467738081331e-05
-8.5699701820060150e-05
-8.5062176999925736e-05
-8.4528128736979127e-05
-8.3986946585206491e-05
-8.3372967704236243e-05
-8.2864619976877424e-05
-8.2273338965758744e-05
-8.1712600966574972e-05
-8.1198827776620596e-05
-8.0593317465159879e-05
-8.0088760037082176e-05
-7.9518142021664076e-05
-7.8978558636246991e-05
-7.8444229056143732e-05
-7.7878439201934941e-05
-7.7379366109805184e-05
-7.6792129678957411e-05
-7.6302158495240670e-05
-7.5751338545981749e-05
-7.5208385707704588e-05
-7.4727383141023944e-05
-7.4130050564679854e-05
-7.3672124211529675e-05
-7.3102168877557506e-05
-7.2609051613276542e-05
-7.2087420034581745e-05
-7.1562177948812631e-05
-7.1060243552324752e-05
-7.0529984403279894e-05
-7.0054953693660154e-05
-6.9495031849086978e-05
-6.9046533157429964e-05
-6.8487426945272278e-05
-6.8020209320558705e-05
-6.7498966043784867e-05
-6.7003306634117642e-05
-6.6509723980386515e-05
-6.6008277385868976e-05
-6.5521914666259140e-05
-6.5017993120025660e-05
-6.4542209419584558e-05
-6.4019551343731125e-05
-6.3577118049140021e-05
-6.3032797391621715e-05
-6.2605207971391073e-05
-6.2067852575882086e-05
-6.1633672546062133e-05
-6.1104806403339249e-05
-6.0671267968153732e-05
-6.0135571848253672e-05
-5.9719216757671011e-05
-5.9177219815035097e-05
-5.8763034206526683e-05
-5.8232894277215120e-05
-5.7809744942464636e-05
-5.7288230984826560e-05
-5.6860790818546046e-05
-5.6339768428710647e-05
-5.5921880152391381e-05
-5.5399402758690239e-05
-5.4973724127440326e-05
-5.4476986820818174e-05
-5.4026163357369658e-05
-5.3556396303997228e-05
-5.3087472610536300e-05
-5.2625535223148359e-05
-5.2153968652040699e-05
-5.1699952549378887e-05
-5.1218283400356422e-05
-5.0785782748301928e-05
-5.0279188512795906e-05
-4.9862025780505360e-05
-4.9355370382464259e-05
-4.8925590023610837e-05
-4.8445359853817501e-05
-4.7983324639459017e-05
-4.7538475219880779e-05
-4.7044032760958089e-05
-4.6624521056244883e-05
-4.6113096777565424e-05
-4.5682472430663797e-05
-4.5205993550452887e-05
-4.4745701241655190e-05
-4.4293586748726677e-05
-4.3808866385356711e-05
-4.3379762359477053e-05
-4.2871262418565553e-05
-4.2433796323884897e-05
-4.1957382067541238e-05
-4.1486638849698100e-05
-4.1042892532491075e-05
-4.0535161235566942e-05
-4.0091144294105703e-05
-3.9614897385739229e-05
-3.9136218076590043e-05
-3.8686819486224460e-05
-3.8173395925123438e-05
0.0000000000000000e+00
];
