%Vec Object:dSdr_b_aug_2950 1 MPI processes
%  type: seq
dSdr_b_aug_2950 = [
2.3790640020032602e+03
0.0000000000000000e+00
-1.2714265742348073e-06
-5.2232490085392734e-07
-3.2186689879417998e-07
-2.2730865924077260e-07
-1.7031259975526180e-07
-1.3509644466741035e-07
-1.1122867174694883e-07
-9.3225895876325312e-08
-7.9860480310300511e-08
-6.9616881947456723e-08
-6.1273517186488496e-08
-5.4515078074211654e-08
-4.8974917105098025e-08
-4.4303850390789413e-08
-4.0313108975745096e-08
-3.6908469468511581e-08
-3.3965070478834954e-08
-3.1368380708223135e-08
-2.9096336094766181e-08
-8.3306292292734235e-08
-1.8959908723300531e-04
-6.5569704718567280e-04
-6.1795985044980602e-04
-5.7550859300514463e-04
-5.3470722426152270e-04
-4.9351349692180796e-04
-4.5127156915813295e-04
-4.0616315252950202e-04
-3.6647484814511522e-04
-3.2834935020533432e-04
-2.9237237086239683e-04
-2.5444057914066428e-04
-2.2359281483541165e-04
-1.9674879756155037e-04
-1.7326999991330351e-04
-1.5109549417472676e-04
-1.3429984448367057e-04
-1.2155945855546578e-04
-1.1149482644142587e-04
-1.0337605655132647e-04
-9.8309709621783057e-05
-9.5210821017852423e-05
-9.3506780261121524e-05
-9.3085481798143923e-05
-9.3558659166119828e-05
-9.4559659207854238e-05
-9.6015885004140808e-05
-9.7983760579337345e-05
-9.9714587195058217e-05
-1.0153072754343038e-04
-1.0337694356805623e-04
-1.0514996734870986e-04
-1.0663228004874635e-04
-1.0795388800188683e-04
-1.0921592858417333e-04
-1.1022844089076394e-04
-1.1105308909531481e-04
-1.1170888443765470e-04
-1.1229166088277533e-04
-1.1266308070686212e-04
-1.1286992844939001e-04
-1.1302124800291057e-04
-1.1307317749503881e-04
-1.1298894932608250e-04
-1.1283966087043647e-04
-1.1262980830211507e-04
-1.1233196881674019e-04
-1.1197524163526422e-04
-1.1159662785018927e-04
-1.1116913123522902e-04
-1.1070761668383844e-04
-1.1017738534114911e-04
-1.0966108918826783e-04
-1.0911770914509510e-04
-1.0852243800394080e-04
-1.0795453140695372e-04
-1.0737624394173908e-04
-1.0671795524048593e-04
-1.0611143623874288e-04
-1.0550154265933093e-04
-1.0483015255946724e-04
-1.0421225292203273e-04
-1.0359799278863866e-04
-1.0288355536409739e-04
-1.0226654015328974e-04
-1.0162988398800865e-04
-1.0093744071519852e-04
-1.0032237239396330e-04
-9.9669937292724579e-05
-9.8982287943430976e-05
-9.8364315642389310e-05
-9.7690694514816881e-05
-9.7041727667284550e-05
-9.6434668721650651e-05
-9.5733200422943080e-05
-9.5114640724714100e-05
-9.4496011093496738e-05
-9.3783324131725237e-05
-9.3208728398127695e-05
-9.2559783131562588e-05
-9.1898236965004171e-05
-9.1323696805580012e-05
-9.0620544142023767e-05
-9.0027732618618708e-05
-8.9428472977906933e-05
-8.8750068525147093e-05
-8.8186004929043351e-05
-8.7531436853928194e-05
-8.6911125935985254e-05
-8.6341353798627729e-05
-8.5670551079947217e-05
-8.5112061980707982e-05
-8.4478934191838537e-05
-8.3881477689148727e-05
-8.3289730624119698e-05
-8.2661839879107600e-05
-8.2108729047550635e-05
-8.1458215137557757e-05
-8.0913074849902090e-05
-8.0303523951643757e-05
-7.9701051341177337e-05
-7.9165046159488156e-05
-7.8504842185984097e-05
-7.7994154718514773e-05
-7.7361556170740545e-05
-7.6814921915767441e-05
-7.6232856575328935e-05
-7.5650584185241152e-05
-7.5092251116735362e-05
-7.4501734865129249e-05
-7.3973684464643605e-05
-7.3350399562412149e-05
-7.2850324625259178e-05
-7.2228385618064932e-05
-7.1707469369086400e-05
-7.1126629256613148e-05
-7.0574614305645420e-05
-7.0023718627624899e-05
-6.9464213529881586e-05
-6.8922275818100891e-05
-6.8358318152596429e-05
-6.7828030965364633e-05
-6.7244308209628753e-05
-6.6748051019792631e-05
-6.6142047690241070e-05
-6.5661149693033855e-05
-6.5061451923280867e-05
-6.4575322985641322e-05
-6.3981924870341400e-05
-6.3496893989418372e-05
-6.2896361286605087e-05
-6.2428724997456539e-05
-6.1821477074659146e-05
-6.1355636186122620e-05
-6.0760889283681708e-05
-6.0285473611171673e-05
-5.9699375313749228e-05
-5.9218429888102622e-05
-5.8633430260336771e-05
-5.8160854452621313e-05
-5.7575198995325558e-05
-5.7093854310009742e-05
-5.6534144403218527e-05
-5.6026582343355770e-05
-5.5494743265170949e-05
-5.4967028663333436e-05
-5.4444264388150529e-05
-5.3911651387581358e-05
-5.3398348321019603e-05
-5.2853219644570981e-05
-5.2363389836139891e-05
-5.1790106726250576e-05
-5.1316799890258740e-05
-5.0743309444267687e-05
-5.0255382676138627e-05
-4.9710291008631916e-05
-4.9186587065560491e-05
-4.8679386130240344e-05
-4.8119563616141833e-05
-4.7640696234347733e-05
-4.7059591369879930e-05
-4.6569750323917175e-05
-4.6025306315251810e-05
-4.5501964123651639e-05
-4.4985451415548967e-05
-4.4432710767080362e-05
-4.3942237821559755e-05
-4.3361523535647614e-05
-4.2861327721696042e-05
-4.2316835580212172e-05
-4.1778021770408710e-05
-4.1270174199309460e-05
-4.0688378936477636e-05
-4.0179801586462743e-05
-3.9633700348498106e-05
-3.9083921935314168e-05
-3.8569423881161118e-05
-3.7979718938966421e-05
0.0000000000000000e+00
];
