%Vec Object:dSdr_b_aug_7330 1 MPI processes
%  type: seq
dSdr_b_aug_7330 = [
2.2994094393644655e+03
0.0000000000000000e+00
-7.4518717033167250e-07
-3.0840538919648581e-07
-1.9208967119020349e-07
-1.3663462070570609e-07
-1.0256273224202367e-07
-8.1492742694103734e-08
-6.7210523237562919e-08
-5.6469851037423799e-08
-4.8492826060398360e-08
-4.2376949420937917e-08
-3.7396725017132329e-08
-3.3361705572846814e-08
-3.0053243537358164e-08
-2.7262957136863624e-08
-2.4878239448039473e-08
-2.2897317296673348e-08
-9.0454284483262361e-06
-7.6952482505735127e-04
-7.4725574683078575e-04
-7.0828872888259507e-04
-6.6999926149618376e-04
-6.3185462360950285e-04
-5.8951211241646724e-04
-5.4863373437856466e-04
-5.0943732724552675e-04
-4.6984741970434817e-04
-4.2922146225422630e-04
-3.8579408873730848e-04
-3.4757676995913437e-04
-3.1084117600594518e-04
-2.7615848248052551e-04
-2.3957709109044144e-04
-2.0982077497155920e-04
-1.8392028680391272e-04
-1.6126427500679985e-04
-1.3986818528630263e-04
-1.2366264957731904e-04
-1.1137239039055155e-04
-1.0167273949823929e-04
-9.3856842850598916e-05
-8.8991121330252786e-05
-8.6030321442258432e-05
-8.4420521907911008e-05
-8.4056312885509327e-05
-8.4557692188570849e-05
-8.5571006861075589e-05
-8.7026195113576747e-05
-8.8986721079708521e-05
-9.0712259014868969e-05
-9.2520141178493973e-05
-9.4362017533697966e-05
-9.6136376518299112e-05
-9.7624283517687760e-05
-9.8958300201957894e-05
-1.0024150093654999e-04
-1.0127830958733830e-04
-1.0213127583765806e-04
-1.0282293530679946e-04
-1.0344776251070485e-04
-1.0386196403663920e-04
-1.0411639449593646e-04
-1.0432487301186142e-04
-1.0442915896772303e-04
-1.0440052153855493e-04
-1.0431288269583284e-04
-1.0416660311382489e-04
-1.0393042575193027e-04
-1.0363885942667368e-04
-1.0332968289040504e-04
-1.0296633500050581e-04
-1.0256925195030368e-04
-1.0211538911354710e-04
-1.0166492431166880e-04
-1.0118697779640586e-04
-1.0066927036196623e-04
-1.0016685849700454e-04
-9.9653818751303100e-05
-9.9075001249182001e-05
-9.8534166493368384e-05
-9.7990679217071803e-05
-9.7396514016691746e-05
-9.6843936367000926e-05
-9.6295469872290272e-05
-9.5658970228245819e-05
-9.5107014299465335e-05
-9.4536992316249032e-05
-9.3919261411619192e-05
-9.3368173123466874e-05
-9.2783420850288317e-05
-9.2168716146328263e-05
-9.1614173721514503e-05
-9.1010129124942697e-05
-9.0429610275506681e-05
-8.9884892663943491e-05
-8.9255262181491156e-05
-8.8702414344311539e-05
-8.8146289503181471e-05
-8.7506786865108931e-05
-8.6993804091830635e-05
-8.6409682174051479e-05
-8.5817040122594559e-05
-8.5303276126168351e-05
-8.4670377303079067e-05
-8.4140471164392242e-05
-8.3603382798094796e-05
-8.2993945168314325e-05
-8.2489524759929862e-05
-8.1902704748591858e-05
-8.1346165945487146e-05
-8.0836340028475384e-05
-8.0235432070286701e-05
-7.9734676196573039e-05
-7.9168464391414427e-05
-7.8632960386342164e-05
-7.8102678069948584e-05
-7.7541265604847518e-05
-7.7046001544076506e-05
-7.6463225438273751e-05
-7.5977143034085642e-05
-7.5430462932927209e-05
-7.4891705545630368e-05
-7.4414580023298823e-05
-7.3821679148590851e-05
-7.3367471840485294e-05
-7.2801932124146826e-05
-7.2312587185689131e-05
-7.1795215484399285e-05
-7.1273993372261544e-05
-7.0776034426877000e-05
-7.0250022703333096e-05
-6.9778729266572730e-05
-6.9223273781444372e-05
-6.8778410617020716e-05
-6.8223733387437585e-05
-6.7760300893275033e-05
-6.7243258502306400e-05
-6.6751571505326446e-05
-6.6262028755890528e-05
-6.5764674613560207e-05
-6.5282229287954823e-05
-6.4782539593362130e-05
-6.4310597759007954e-05
-6.3792244037068658e-05
-6.3353604706047905e-05
-6.2813631964571707e-05
-6.2389800184876098e-05
-6.1856839207658821e-05
-6.1426320978716904e-05
-6.0902003596422436e-05
-6.0472094788065119e-05
-5.9940968901380146e-05
-5.9528228548476907e-05
-5.8990831050787488e-05
-5.8580286549964575e-05
-5.8054700672408904e-05
-5.7635235519698036e-05
-5.7118274020489368e-05
-5.6694605367980546e-05
-5.6178092645491529e-05
-5.5764059221954309e-05
-5.5246035166197393e-05
-5.4824280365408951e-05
-5.4331981917467026e-05
-5.3885157890320064e-05
-5.3419766219914270e-05
-5.2954986631722842e-05
-5.2497336865181863e-05
-5.2030073393372646e-05
-5.1580236371841301e-05
-5.1103040425196334e-05
-5.0674580860431351e-05
-5.0172687468832275e-05
-4.9759482302867914e-05
-4.9257538065648263e-05
-4.8831856427685701e-05
-4.8356198324153774e-05
-4.7898510134317067e-05
-4.7458055880905452e-05
-4.6968222081550654e-05
-4.6552894406250618e-05
-4.6046381967425448e-05
-4.5619931906085873e-05
-4.5148244010284928e-05
-4.4692396263684407e-05
-4.4244821432549881e-05
-4.3764896121793784e-05
-4.3340118404290504e-05
-4.2836709389504544e-05
-4.2403665856792318e-05
-4.1932051430581485e-05
-4.1466107956625653e-05
-4.1026882270152128e-05
-4.0524375027397687e-05
-4.0084914391890416e-05
-3.9613601460831899e-05
-3.9139955187144264e-05
-3.8695205333160117e-05
-3.8187477016286557e-05
0.0000000000000000e+00
];
