%Vec Object:dSdr_b_aug_5190 1 MPI processes
%  type: seq
dSdr_b_aug_5190 = [
2.3281059426201518e+03
0.0000000000000000e+00
-8.9836871469043472e-07
-3.7056319334129953e-07
-2.2977605813135938e-07
-1.6289532419353378e-07
-1.2208053115369464e-07
-9.6849540415868702e-08
-7.9748607828956403e-08
-6.6879576850665830e-08
-5.7323826447053628e-08
-4.9998668071423813e-08
-4.4035070490240150e-08
-3.9204268385801012e-08
-3.5243855142901504e-08
-3.1904676821064012e-08
-2.9051810097649178e-08
-2.6617744177074992e-08
-2.4523767215431730e-08
-9.3445731217702688e-07
-6.0961616725431120e-04
-7.2048817379937911e-04
-6.8257074407394272e-04
-6.4378717828259999e-04
-6.0072733958979054e-04
-5.5917582246659578e-04
-5.1934826151211566e-04
-4.7912926846129168e-04
-4.3786952306248701e-04
-3.9378284339918829e-04
-3.5498860336337346e-04
-3.1770788841543077e-04
-2.8251757538225387e-04
-2.4540655632371479e-04
-2.1522217369637214e-04
-1.8895163295353415e-04
-1.6597292414243694e-04
-1.4427153926681083e-04
-1.2783456056547320e-04
-1.1536776146154259e-04
-1.0552496471806214e-04
-9.7590280932501091e-05
-9.2645873952324319e-05
-8.9630915549384808e-05
-8.7984154526478002e-05
-8.7597554979347954e-05
-8.8087873462599489e-05
-8.9096358331446508e-05
-9.0551953514998561e-05
-9.2515362013133708e-05
-9.4242974180808149e-05
-9.6054095219486185e-05
-9.7897673605903425e-05
-9.9671509050775248e-05
-1.0115722208241778e-04
-1.0248637216749765e-04
-1.0376127398454474e-04
-1.0478855369408409e-04
-1.0563041368378988e-04
-1.0630800731030213e-04
-1.0691634226680036e-04
-1.0731376486338676e-04
-1.0754953342911143e-04
-1.0773559423957737e-04
-1.0781934602879559e-04
-1.0776890594446372e-04
-1.0765708815106205e-04
-1.0748587526783958e-04
-1.0722551404299487e-04
-1.0690839164768362e-04
-1.0657198182380479e-04
-1.0618347479171053e-04
-1.0576112169356369e-04
-1.0527730710908305e-04
-1.0480102323612850e-04
-1.0429741367571667e-04
-1.0374928573369824e-04
-1.0322118681808919e-04
-1.0268255689951091e-04
-1.0207257076901592e-04
-1.0150597463378425e-04
-1.0093644278643489e-04
-1.0031198995597758e-04
-9.9733793003181623e-05
-9.9159522223436428e-05
-9.8492455356437132e-05
-9.7914983156784606e-05
-9.7318827226258947e-05
-9.6671794105679417e-05
-9.6095612827844454e-05
-9.5484315327203404e-05
-9.4841001708109764e-05
-9.4261582064829886e-05
-9.3630249528554432e-05
-9.3022885350718158e-05
-9.2453717446753269e-05
-9.1795912146837497e-05
-9.1217292094811179e-05
-9.0636652853362900e-05
-8.9968447296598432e-05
-8.9431299898560851e-05
-8.8821754234057800e-05
-8.8202087951573291e-05
-8.7664487510554393e-05
-8.7004035093014428e-05
-8.6449457427779952e-05
-8.5887985453078758e-05
-8.5251498996957430e-05
-8.4723686496790534e-05
-8.4110295656997046e-05
-8.3528745394241451e-05
-8.2995408535202155e-05
-8.2367087812312563e-05
-8.1843688933501510e-05
-8.1251232641108077e-05
-8.0691430830108138e-05
-8.0137042002793247e-05
-7.9549556717251746e-05
-7.9031605117782457e-05
-7.8422262204898882e-05
-7.7913017262436758e-05
-7.7341679195974761e-05
-7.6777932658943321e-05
-7.6277714496980070e-05
-7.5658417305146669e-05
-7.5182058441660460e-05
-7.4590218209271699e-05
-7.4078404362682408e-05
-7.3535659773981223e-05
-7.2990493702116262e-05
-7.2468855984781115e-05
-7.1917545542020896e-05
-7.1423991983771354e-05
-7.0841933755084926e-05
-7.0375416492752046e-05
-6.9794359146896850e-05
-6.9308381481231676e-05
-6.8766317576921112e-05
-6.8250969910580269e-05
-6.7737364495570207e-05
-6.7215634700119826e-05
-6.6709856412773842e-05
-6.6184960768733751e-05
-6.5690135837804983e-05
-6.5146144326887101e-05
-6.4684907220755286e-05
-6.4119037225900084e-05
-6.3672824022672264e-05
-6.3113688815704823e-05
-6.2661360011314178e-05
-6.2109949101787543e-05
-6.1658421358048928e-05
-6.1100074050572160e-05
-6.0665803449547733e-05
-6.0101010543018409e-05
-5.9668778732223344e-05
-5.9116067823998257e-05
-5.8674658805108334e-05
-5.8130581771283580e-05
-5.7684449089203561e-05
-5.7141075713604027e-05
-5.6704081879866180e-05
-5.6159532691585960e-05
-5.5714406641470702e-05
-5.5195669313007852e-05
-5.4725023720763542e-05
-5.4233571259227606e-05
-5.3744108435332876e-05
-5.3260920626252310e-05
-5.2768026927736401e-05
-5.2293298372900011e-05
-5.1789459045116164e-05
-5.1336929897494067e-05
-5.0807037263755561e-05
-5.0370260018847417e-05
-4.9840255127035516e-05
-4.9390160701606488e-05
-4.8887270475316712e-05
-4.8403690599275564e-05
-4.7937057952943448e-05
-4.7419774187743177e-05
-4.6979525801330818e-05
-4.6443757700495603e-05
-4.5992445112974903e-05
-4.5492221581849770e-05
-4.5009901705098449e-05
-4.4535288470424461e-05
-4.4026803802487361e-05
-4.3576258966962909e-05
-4.3042528980252436e-05
-4.2583145961276765e-05
-4.2082945751259236e-05
-4.1588418218493185e-05
-4.1122272864359868e-05
-4.0588659497702385e-05
-4.0122076086947838e-05
-3.9621403670653218e-05
-3.9117840005525368e-05
-3.8645571348508205e-05
-3.8104824674207157e-05
0.0000000000000000e+00
];
