%Vec Object:dSdr_b_aug_1810 1 MPI processes
%  type: seq
dSdr_b_aug_1810 = [
2.4196021417821298e+03
0.0000000000000000e+00
-1.6996140486121737e-06
-6.9650627056124965e-07
-4.2731831599922044e-07
-3.0114505644720325e-07
-2.2589478932197888e-07
-1.7941825709677725e-07
-1.4791814309187219e-07
-1.2409752652791162e-07
-1.0641399005409788e-07
-9.2862767470479915e-08
-8.1816331045208814e-08
-7.2866993284837832e-08
-6.5531159786739727e-08
-5.9344732121713883e-08
-5.4057879233447307e-08
-4.9547531628193099e-08
-4.5648080587776853e-08
-4.2206934206272078e-08
-3.9192343829047504e-08
-3.6533743869224041e-08
-3.4157010450926224e-08
-1.0735439184419572e-07
-1.1040498089357536e-04
-5.7199167708080960e-04
-5.4681088439871757e-04
-5.0539950861212173e-04
-4.6237406871879112e-04
-4.1642109207349606e-04
-3.7599215080684749e-04
-3.3716669714828118e-04
-3.0053790117005896e-04
-2.6192603090418904e-04
-2.3052859933844544e-04
-2.0320940869762542e-04
-1.7931624553527400e-04
-1.5674971953780390e-04
-1.3965688086314227e-04
-1.2668980527430791e-04
-1.1644136389377554e-04
-1.0817006314892175e-04
-1.0300267860869059e-04
-9.9834246630213207e-05
-9.8082744623862353e-05
-9.7632694995082510e-05
-9.8091669301075899e-05
-9.9086467331696486e-05
-1.0054321543927706e-04
-1.0251479216455697e-04
-1.0424828203876083e-04
-1.0606858113667891e-04
-1.0791698250501368e-04
-1.0968933370021388e-04
-1.1116882889448005e-04
-1.1248418751661370e-04
-1.1373557144701871e-04
-1.1473584768479931e-04
-1.1554623444931773e-04
-1.1618396805622966e-04
-1.1674556710312102e-04
-1.1709544142130599e-04
-1.1727832581275316e-04
-1.1740085929664223e-04
-1.1742642132483610e-04
-1.1731419687161105e-04
-1.1713386080904738e-04
-1.1689199200128139e-04
-1.1656309861396963e-04
-1.1617355552577005e-04
-1.1575997214205075e-04
-1.1530016924680133e-04
-1.1480620601182405e-04
-1.1423751436031452e-04
-1.1368806455285147e-04
-1.1311173121025857e-04
-1.1247739785899754e-04
-1.1187650714862505e-04
-1.1126535997278853e-04
-1.1056704843778189e-04
-1.0992744989426570e-04
-1.0928411313948412e-04
-1.0857383148221711e-04
-1.0792303475072177e-04
-1.0727563999754044e-04
-1.0652195202520331e-04
-1.0587217207559727e-04
-1.0520195803441021e-04
-1.0447188860766490e-04
-1.0382459907540914e-04
-1.0313807799036003e-04
-1.0241369273787213e-04
-1.0176377629569330e-04
-1.0105511549260043e-04
-1.0037167731537817e-04
-9.9733222435104544e-05
-9.8995575650863494e-05
-9.8343922578909430e-05
-9.7693814697561056e-05
-9.6944271134472498e-05
-9.6338646288078947e-05
-9.5657055141366078e-05
-9.4960807993585652e-05
-9.4355660195183488e-05
-9.3617126812334757e-05
-9.2992635348214327e-05
-9.2362065474826062e-05
-9.1648928462710442e-05
-9.1054827813159410e-05
-9.0366140964163202e-05
-8.9713713612512072e-05
-8.9113751812698575e-05
-8.8407749218074431e-05
-8.7820184950461531e-05
-8.7153357438961415e-05
-8.6524700890466800e-05
-8.5901999416978947e-05
-8.5240629385627739e-05
-8.4658386208779233e-05
-8.3973758702373134e-05
-8.3398876139496229e-05
-8.2757662734810424e-05
-8.2123102355874630e-05
-8.1557444659109574e-05
-8.0863346019941556e-05
-8.0324214459419460e-05
-7.9657844265303420e-05
-7.9082358419229354e-05
-7.8467712576381696e-05
-7.7854694531011997e-05
-7.7265956329218886e-05
-7.6642954821440584e-05
-7.6086320939709734e-05
-7.5428876328915802e-05
-7.4900996093397006e-05
-7.4245183253796948e-05
-7.3695317513220230e-05
-7.3082348116474248e-05
-7.2499951304957048e-05
-7.1918157579381142e-05
-7.1327352540640103e-05
-7.0755453781975886e-05
-7.0159130026728835e-05
-6.9599459461853393e-05
-6.8982816116495358e-05
-6.8457541933133147e-05
-6.7818284857762168e-05
-6.7308647691362118e-05
-6.6675340533875832e-05
-6.6161205452188823e-05
-6.5533017523935114e-05
-6.5020226596862324e-05
-6.4384739877896145e-05
-6.3889457444621012e-05
-6.3247032116806365e-05
-6.2753343430500361e-05
-6.2123766334917237e-05
-6.1620173459050369e-05
-6.0999257194535678e-05
-6.0489466674604813e-05
-5.9869976405182881e-05
-5.9367918157048813e-05
-5.8748202937464197e-05
-5.8236848317292297e-05
-5.7643189457216818e-05
-5.7105039289728083e-05
-5.6539736819097132e-05
-5.5980327743316599e-05
-5.5424771407056230e-05
-5.4859248026864554e-05
-5.4313983170758653e-05
-5.3734643277840559e-05
-5.3213907258555453e-05
-5.2604672074909518e-05
-5.2101098037181747e-05
-5.1491576870474660e-05
-5.0972303615502320e-05
-5.0392245398009159e-05
-4.9835296294874398e-05
-4.9294482255213729e-05
-4.8699414114087161e-05
-4.8188549128623886e-05
-4.7569880680343957e-05
-4.7048117572848363e-05
-4.6467035560362544e-05
-4.5909705761135565e-05
-4.5358479228611833e-05
-4.4769072969994377e-05
-4.4245521411692022e-05
-4.3625883306183639e-05
-4.3091879198696923e-05
-4.2510698886646124e-05
-4.1935205910492695e-05
-4.1392827134104718e-05
-4.0771143551949109e-05
-4.0227826778858043e-05
-3.9644185775448771e-05
-3.9056331223649996e-05
-3.8507451241992932e-05
-3.7880416212939727e-05
0.0000000000000000e+00
];
