%Vec Object:dSdr_b_aug_1360 1 MPI processes
%  type: seq
dSdr_b_aug_1360 = [
2.4421428518014422e+03
0.0000000000000000e+00
-2.0052096511962853e-06
-8.2039631104238624e-07
-5.0193780365247131e-07
-3.5323989644587761e-07
-2.6510621894929043e-07
-2.1068585587336875e-07
-1.7380178772483095e-07
-1.4586912795321001e-07
-1.2513390409565091e-07
-1.0924543347597941e-07
-9.6288278831352975e-08
-8.5790244188759387e-08
-7.7185159866132078e-08
-6.9927607395086984e-08
-6.3724591034509216e-08
-5.8432689385740241e-08
-5.3857482379828432e-08
-4.9819478374232594e-08
-4.6282024980906827e-08
-4.3162345733585193e-08
-4.0357099239425692e-08
-3.7855177631735989e-08
-5.1825650252490832e-08
-2.4067132419786662e-05
-4.8378376935864033e-04
-5.0893384806262028e-04
-4.6850465548874104e-04
-4.2226556959343791e-04
-3.8142930707407718e-04
-3.4220546161326069e-04
-3.0520437298578137e-04
-2.6620388098121854e-04
-2.3449232743001199e-04
-2.0690158187676319e-04
-1.8277161366760428e-04
-1.5998105242136338e-04
-1.4271837344965882e-04
-1.2962174712771558e-04
-1.1926826067894003e-04
-1.1090979013099862e-04
-1.0568466360253922e-04
-1.0247648824013180e-04
-1.0069786254061685e-04
-1.0023138182452852e-04
-1.0068223912769252e-04
-1.0167349267172078e-04
-1.0313053917442754e-04
-1.0510423096931433e-04
-1.0683924277766279e-04
-1.0866191847078125e-04
-1.1051156865960051e-04
-1.1228353540510635e-04
-1.1376142035587348e-04
-1.1507320748772013e-04
-1.1631850119475270e-04
-1.1731178459351745e-04
-1.1811402104432083e-04
-1.1874143251221957e-04
-1.1929092885439644e-04
-1.1962849010201141e-04
-1.1979767965200593e-04
-1.1990376216415043e-04
-1.1991425542975510e-04
-1.1978603136318886e-04
-1.1958795188974787e-04
-1.1932778610909387e-04
-1.1898114571656848e-04
-1.1857284865744547e-04
-1.1813928050950887e-04
-1.1766101492980499e-04
-1.1714850762758544e-04
-1.1655783632836702e-04
-1.1598943956885495e-04
-1.1539427377408135e-04
-1.1473761679249342e-04
-1.1411787601897198e-04
-1.1348794987449263e-04
-1.1276676572084663e-04
-1.1210826257601555e-04
-1.1144581340665548e-04
-1.1071330564189659e-04
-1.1004370857493537e-04
-1.0937737774204445e-04
-1.0860125847940506e-04
-1.0793275376312525e-04
-1.0724336168759128e-04
-1.0649178925089478e-04
-1.0582608557849267e-04
-1.0512008465693536e-04
-1.0437470516928280e-04
-1.0370653293482148e-04
-1.0297784727639992e-04
-1.0227470904843938e-04
-1.0161831170745167e-04
-1.0085998928893012e-04
-1.0018942369131107e-04
-9.9521326310638894e-05
-9.8750719577991378e-05
-9.8127361910244019e-05
-9.7427113987433737e-05
-9.6711035605315127e-05
-9.6088395874571194e-05
-9.5329642795109304e-05
-9.4687046590000802e-05
-9.4038583260260642e-05
-9.3305596969344741e-05
-9.2694330472250887e-05
-9.1986145116564622e-05
-9.1315363574770959e-05
-9.0698148714199976e-05
-8.9972029775891752e-05
-8.9367849370235847e-05
-8.8681762837177161e-05
-8.8035275806384303e-05
-8.7394884230372879e-05
-8.6714381155986246e-05
-8.6115489167114622e-05
-8.5411366117328890e-05
-8.4819486175057612e-05
-8.4160178000128750e-05
-8.3507279818498991e-05
-8.2924676041057113e-05
-8.2211206978217988e-05
-8.1655819938773145e-05
-8.0970149626511599e-05
-8.0378175422373102e-05
-7.9744910189096430e-05
-7.9114321349538168e-05
-7.8508206959150773e-05
-7.7866640495551429e-05
-7.7293671482081344e-05
-7.6616704986038202e-05
-7.6072934344002517e-05
-7.5397762996581331e-05
-7.4831352957357490e-05
-7.4200022046241082e-05
-7.3600262355389312e-05
-7.3000810756417987e-05
-7.2392118168325894e-05
-7.1803097025468297e-05
-7.1188276431648862e-05
-7.0611813617847037e-05
-6.9976356547114379e-05
-6.9434499503294764e-05
-6.8776238311973433e-05
-6.8250177063288123e-05
-6.7597662549281928e-05
-6.7067522307200027e-05
-6.6419452427506174e-05
-6.5890796988471198e-05
-6.5235334484494553e-05
-6.4724252639768818e-05
-6.4061723870814020e-05
-6.3552120538741048e-05
-6.2902638439226292e-05
-6.2382942675788639e-05
-6.1742128405169858e-05
-6.1215853316908374e-05
-6.0576652117347817e-05
-6.0057745078391004e-05
-5.9418565187548482e-05
-5.8890060336268195e-05
-5.8277000149601039e-05
-5.7721369353258582e-05
-5.7136943071674758e-05
-5.6559421116718548e-05
-5.5985124657147689e-05
-5.5400793553443441e-05
-5.4837263101798171e-05
-5.4238372113020950e-05
-5.3699973796159813e-05
-5.3070192690477491e-05
-5.2549321602574373e-05
-5.1919209639400846e-05
-5.1382022616847831e-05
-5.0781981859414608e-05
-5.0206034031508677e-05
-4.9646011061648503e-05
-4.9030801111410746e-05
-4.8501650623898103e-05
-4.7861515912480178e-05
-4.7321510757102671e-05
-4.6719491787711687e-05
-4.6142739947514658e-05
-4.5571676663556250e-05
-4.4961318649850110e-05
-4.4418865804148394e-05
-4.3776986718466444e-05
-4.3223666136706284e-05
-4.2621525094325765e-05
-4.2025078878895398e-05
-4.1462978120139812e-05
-4.0818517470037328e-05
-4.0255377947928366e-05
-3.9650338758447849e-05
-3.9040842116129988e-05
-3.8472645177291522e-05
-3.7826043649967484e-05
0.0000000000000000e+00
];
