%Vec Object:dSdr_b_aug_30 1 MPI processes
%  type: seq
dSdr_b_aug_30 = [
2.7368753115320546e+03
0.0000000000000000e+00
-2.3480180105851171e-05
-9.2597477663719740e-06
-5.3796671162203091e-06
-3.6885879347821813e-06
-2.7743472151531488e-06
-2.2128156085516303e-06
-1.8325614544622047e-06
-1.5370215852698447e-06
-1.3178792677081066e-06
-1.1501969381646826e-06
-1.0128129221971195e-06
-9.0146223082053751e-07
-8.1024498029205410e-07
-7.3328121381577517e-07
-6.6746497616020598e-07
-6.1133791821386035e-07
-5.6282638281769503e-07
-5.2000662793416246e-07
-4.8250609186119736e-07
-4.4944430394764773e-07
-4.1972281956815721e-07
-3.9315790274994769e-07
-3.6933042985461692e-07
-3.4771098657163798e-07
-3.2805360173884986e-07
-3.1019018647379009e-07
-2.9384890271086731e-07
-2.7880319509589035e-07
-2.6498981675898669e-07
-2.5226301409348135e-07
-2.4043269441729181e-07
-2.2948128409954978e-07
-2.1931991484351333e-07
-2.0981949152606531e-07
-2.0095696735601984e-07
-1.9268080093286303e-07
-1.8491160715951069e-07
-1.7761508998246218e-07
-1.7076433867084807e-07
-1.6430924620402404e-07
-1.5821349048318065e-07
-1.5246359813890144e-07
-1.4702726372918159e-07
-1.4187007093104422e-07
-1.3698597053266038e-07
-1.3235373851763695e-07
-1.2794242352923531e-07
-1.2375004565191741e-07
-1.1976157972152680e-07
-1.1595247827372126e-07
-1.1232040833913434e-07
-1.0885469183185921e-07
-1.0553768708828117e-07
-1.0236501365639984e-07
-9.9329593599972147e-08
-9.6418511715017606e-08
-9.3626571172051768e-08
-9.0949018370594069e-08
-8.8376226496171078e-08
-8.5902869148871810e-08
-8.3525706411464593e-08
-8.1237440417556217e-08
-7.9032995629573092e-08
-7.6910180551838904e-08
-7.4863565351564874e-08
-7.2889186792069269e-08
-7.0987894259569964e-08
-6.9163505475314299e-08
-6.7439286503304904e-08
-6.5904059312669991e-08
-6.4845293587704215e-08
-6.5197827628173815e-08
-7.0054516283329443e-08
-9.0158476261222551e-08
-1.6431563429982322e-07
-4.1627448910396439e-07
-1.1896089659035841e-06
-3.4040273267128224e-06
-9.2563972621165920e-06
-2.2415556063891887e-05
-4.4709418676516032e-05
-7.0831298808211613e-05
-9.2635123607856315e-05
-1.0711247240182371e-04
-1.1596538858801828e-04
-1.2098433643871543e-04
-1.2358382956586506e-04
-1.2488291103806805e-04
-1.2527728602011745e-04
-1.2510327011664818e-04
-1.2472459891499957e-04
-1.2407620917237485e-04
-1.2334122230881487e-04
-1.2260112599256332e-04
-1.2168451751510259e-04
-1.2084799753686597e-04
-1.2000715829029011e-04
-1.1901860862418700e-04
-1.1820792017507192e-04
-1.1730568253884147e-04
-1.1637170021177391e-04
-1.1555568896290997e-04
-1.1457179685951995e-04
-1.1372710255998724e-04
-1.1287844563492818e-04
-1.1192298281045305e-04
-1.1111919575724424e-04
-1.1019214433033266e-04
-1.0931527049293283e-04
-1.0850428060520403e-04
-1.0755217051508071e-04
-1.0676130998531022e-04
-1.0585882480773198e-04
-1.0501198226633381e-04
-1.0417280518958995e-04
-1.0327729526542280e-04
-1.0249131171977389e-04
-1.0156810230317556e-04
-1.0078520975421972e-04
-9.9922555221038900e-05
-9.9063578814948753e-05
-9.8290537146269612e-05
-9.7359384551450769e-05
-9.6621320745814086e-05
-9.5718757116404924e-05
-9.4941489335110705e-05
-9.4098981401743894e-05
-9.3270934711872186e-05
-9.2469549810648844e-05
-9.1619353416141545e-05
-9.0862814397833566e-05
-8.9966464523049731e-05
-8.9244122677449309e-05
-8.8351404990999783e-05
-8.7599076078032193e-05
-8.6761404409745592e-05
-8.5966527536508817e-05
-8.5168644098696791e-05
-8.4358939180000989e-05
-8.3577505586726595e-05
-8.2754826681814936e-05
-8.1989663092699243e-05
-8.1142788144317445e-05
-8.0414585141689394e-05
-7.9542768389583032e-05
-7.8832147530427768e-05
-7.7963795522268081e-05
-7.7253806004581586e-05
-7.6382319748718715e-05
-7.5675398321292260e-05
-7.4795467884938846e-05
-7.4106854673138019e-05
-7.3218426804184120e-05
-7.2530000672028105e-05
-7.1656853550584250e-05
-7.0956223821548307e-05
-7.0091827858388128e-05
-6.9380334448104468e-05
-6.8519659677470783e-05
-6.7811447118751954e-05
-6.6953568082241086e-05
-6.6232377532175158e-05
-6.5401338196877939e-05
-6.4649317987871776e-05
-6.3850041322650780e-05
-6.3069036075850100e-05
-6.2284213829409449e-05
-6.1488604935990831e-05
-6.0719897562368694e-05
-5.9901393022920091e-05
-5.9164618075790789e-05
-5.8304067611130361e-05
-5.7588951339131934e-05
-5.6727597284042552e-05
-5.5989270722874147e-05
-5.5164865407872455e-05
-5.4375635697420309e-05
-5.3599999981080952e-05
-5.2758733636875417e-05
-5.2024431284335944e-05
-5.1143460093576452e-05
-5.0398917675632675e-05
-4.9562166266552451e-05
-4.8767815610305879e-05
-4.7974634607907360e-05
-4.7129818233102335e-05
-4.6376192217618834e-05
-4.5485962238540857e-05
-4.4717625298156372e-05
-4.3882699774051040e-05
-4.3054619658767310e-05
-4.2276414329148999e-05
-4.1384463674020392e-05
-4.0612411085928959e-05
-3.9792166859282082e-05
-3.8993409433410282e-05
-3.8359871141006692e-05
-3.8293083330420879e-05
0.0000000000000000e+00
];
