%Vec Object:dSdr_b_aug_2480 1 MPI processes
%  type: seq
dSdr_b_aug_2480 = [
2.3917077956867233e+03
0.0000000000000000e+00
-1.3908586937264208e-06
-5.7097621882973848e-07
-3.5138468299645549e-07
-2.4800105147702375e-07
-1.8588789307607800e-07
-1.4751459033418513e-07
-1.2150682564031316e-07
-1.0187430894507723e-07
-8.7299218919446618e-08
-7.6128977382475758e-08
-6.7028498289759969e-08
-5.9656419926594077e-08
-5.3613311037232943e-08
-4.8517825599519529e-08
-4.4164090466840303e-08
-4.0449783807364199e-08
-3.7238634130145100e-08
-3.4405456252965810e-08
-3.1923481859882462e-08
-2.9938139263388390e-08
-2.3218743413925123e-06
-4.9130439257675986e-04
-6.2027948443889953e-04
-5.8037461598104496e-04
-5.3935965861299118e-04
-4.9787359449585610e-04
-4.5533410643295577e-04
-4.0991598333931309e-04
-3.6995666309035211e-04
-3.3157508700177094e-04
-2.9535964627236280e-04
-2.5717905453180150e-04
-2.2613019998056225e-04
-1.9911234532065593e-04
-1.7548195622894356e-04
-1.5316403382462408e-04
-1.3625966054298851e-04
-1.2343634249826701e-04
-1.1330446563370721e-04
-1.0512989388936131e-04
-1.0002658340130309e-04
-9.6902253096584030e-05
-9.5180849165864476e-05
-9.4749032428706107e-05
-9.5217013800619806e-05
-9.6215744950385124e-05
-9.7672161878200578e-05
-9.9641391530542868e-05
-1.0137319251666344e-04
-1.0319085434432431e-04
-1.0503786989447673e-04
-1.0681064765285636e-04
-1.0829192963066173e-04
-1.0961125136048896e-04
-1.1086939334370351e-04
-1.1187742923515262e-04
-1.1269686006149764e-04
-1.1334604772457646e-04
-1.1392107665550994e-04
-1.1428461429446605e-04
-1.1448269530710607e-04
-1.1462348378667575e-04
-1.1466576702671671e-04
-1.1457129671644166e-04
-1.1441064982373369e-04
-1.1418908445354754e-04
-1.1387988422647263e-04
-1.1351115169098195e-04
-1.1311974462522845e-04
-1.1268042905463809e-04
-1.1220704345225208e-04
-1.1166274176724572e-04
-1.1113431665952684e-04
-1.1057888096542735e-04
-1.0996931934498773e-04
-1.0938934587765249e-04
-1.0879903705203676e-04
-1.0812610643345065e-04
-1.0750748564633779e-04
-1.0688535724867761e-04
-1.0619973909387359e-04
-1.0556980441404189e-04
-1.0494342234109871e-04
-1.0421462552147446e-04
-1.0358562367006598e-04
-1.0293669070343048e-04
-1.0223048229068993e-04
-1.0160362617253801e-04
-1.0093872106658384e-04
-1.0023763226579249e-04
-9.9607973530788709e-05
-9.8921533498938966e-05
-9.8259955671125876e-05
-9.7641410846801142e-05
-9.6926707021212477e-05
-9.6296040453355347e-05
-9.5665894829022538e-05
-9.4939724258416051e-05
-9.4353776843492863e-05
-9.3692888412644690e-05
-9.3018647239163614e-05
-9.2432909580478169e-05
-9.1716813234176588e-05
-9.1112411920689837e-05
-9.0501697743573456e-05
-8.9810586729997997e-05
-8.9235534377217493e-05
-8.8568484288673477e-05
-8.7936423892996435e-05
-8.7355607167808238e-05
-8.6671926924652171e-05
-8.6102800963243562e-05
-8.5457344465845583e-05
-8.4848473735873851e-05
-8.4245402307095248e-05
-8.3605263497156477e-05
-8.3041494884999605e-05
-8.2378500853607723e-05
-8.1822479648064881e-05
-8.1201345334237047e-05
-8.0587133730387203e-05
-8.0040280467848937e-05
-7.9367676465088305e-05
-7.8846583005028758e-05
-7.8201629432768878e-05
-7.7644440105353654e-05
-7.7050455507491266e-05
-7.6456935120197017e-05
-7.5887478630575129e-05
-7.5285077965502904e-05
-7.4746570575770027e-05
-7.4110788677380721e-05
-7.3600541440405884e-05
-7.2966210020953230e-05
-7.2434702879740730e-05
-7.1842108578819351e-05
-7.1278978716473010e-05
-7.0716779284698381e-05
-7.0145823403503909e-05
-6.9592924728617417e-05
-6.9017126238245504e-05
-6.8476089420787492e-05
-6.7880322980142557e-05
-6.7373450196165212e-05
-6.6755281297697572e-05
-6.6263869343464822e-05
-6.5651875894466209e-05
-6.5155501166712536e-05
-6.4549375522979786e-05
-6.4054188881509792e-05
-6.3440868575049357e-05
-6.2963118192261927e-05
-6.2343000937272526e-05
-6.1866972177947852e-05
-6.1259482962831298e-05
-6.0773758905165959e-05
-6.0174922762809987e-05
-5.9683424605319740e-05
-5.9085806875326652e-05
-5.8602445162447451e-05
-5.8004329228260467e-05
-5.7512005651256231e-05
-5.6939875797303458e-05
-5.6421123316646581e-05
-5.5877041918065807e-05
-5.5337732130301312e-05
-5.4802971120862526e-05
-5.4258318092116003e-05
-5.3733322020592004e-05
-5.3175677398193153e-05
-5.2674540735998578e-05
-5.2088104779209696e-05
-5.1603724836044214e-05
-5.1017052737382396e-05
-5.0517657977776699e-05
-4.9959773929348885e-05
-4.9423907330693493e-05
-4.8904409097784923e-05
-4.8331692001846696e-05
-4.7841118249250613e-05
-4.7246270692391030e-05
-4.6744750779147583e-05
-4.6186902529160607e-05
-4.5651125602554555e-05
-4.5121912332779789e-05
-4.4555756884204444e-05
-4.4053181152520752e-05
-4.3458225305442024e-05
-4.2945658905680603e-05
-4.2387741871742456e-05
-4.1835505362911683e-05
-4.1315019155314013e-05
-4.0718622387713130e-05
-4.0197321671595564e-05
-3.9637460894219809e-05
-3.9073697326164521e-05
-3.8546465181209823e-05
-3.7942273862549300e-05
0.0000000000000000e+00
];
