%Vec Object:dSdr_b_aug_2350 1 MPI processes
%  type: seq
dSdr_b_aug_2350 = [
2.3977966412284745e+03
0.0000000000000000e+00
-1.4514819238328360e-06
-5.9525889788650026e-07
-3.6584134948353349e-07
-2.5793898577475495e-07
-1.9322680754463983e-07
-1.5325128354866249e-07
-1.2615830740905136e-07
-1.0570454906286384e-07
-9.0520591678658791e-08
-7.8884055549770011e-08
-6.9404756806293925e-08
-6.1726274015179381e-08
-5.5432172094725235e-08
-5.0125541909570188e-08
-4.5591907943826647e-08
-4.1724223761122609e-08
-3.8380613588761740e-08
-3.5431025613168725e-08
-3.2847114517168294e-08
-3.0583354267634211e-08
-1.9512245164653354e-07
-2.2580436052369808e-04
-6.1742092126782779e-04
-5.8167561275514960e-04
-5.4069552542523837e-04
-4.9912892625463543e-04
-4.5650394500233949e-04
-4.1099665172922675e-04
-3.7095929057215414e-04
-3.3250397404259885e-04
-2.9621986571097363e-04
-2.5796762923186367e-04
-2.2686086850097392e-04
-1.9979295542616439e-04
-1.7611891388663958e-04
-1.5375969305409911e-04
-1.3682401160108659e-04
-1.2397681232720402e-04
-1.1382557158473896e-04
-1.0563493107163048e-04
-1.0052097651153649e-04
-9.7389319980956281e-05
-9.5662916126223256e-05
-9.5228070529945644e-05
-9.5694555652123524e-05
-9.6692633444014746e-05
-9.8149105405787666e-05
-1.0011872497509758e-04
-1.0185080653790067e-04
-1.0366890648816736e-04
-1.0551615226680421e-04
-1.0728885917701916e-04
-1.0876984434361124e-04
-1.1008850772696483e-04
-1.1134552706232012e-04
-1.1235227391759966e-04
-1.1317020233918282e-04
-1.1381748724482012e-04
-1.1439028519023350e-04
-1.1475155306425097e-04
-1.1494710959717858e-04
-1.1508486553473976e-04
-1.1512437102698975e-04
-1.1502695137640445e-04
-1.1486303369340377e-04
-1.1463809548956299e-04
-1.1432562380878203e-04
-1.1395343419636303e-04
-1.1355834317044018e-04
-1.1311562421767594e-04
-1.1263882023084112e-04
-1.1209046685034436e-04
-1.1155854909036861e-04
-1.1099964184614047e-04
-1.1038596506193177e-04
-1.0980251677408924e-04
-1.0920874626256409e-04
-1.0853159933930240e-04
-1.0790949370691424e-04
-1.0728384215574280e-04
-1.0659412687281552e-04
-1.0596072656743097e-04
-1.0533085384586472e-04
-1.0459792207699583e-04
-1.0396546853801791e-04
-1.0331300032850677e-04
-1.0260282808923105e-04
-1.0197257754275096e-04
-1.0130408155884205e-04
-1.0059912271729275e-04
-9.9966098742481014e-05
-9.9275967363469589e-05
-9.8610758062295058e-05
-9.7988905750359369e-05
-9.7270390606542467e-05
-9.6636237729732697e-05
-9.6002775945914774e-05
-9.5272722619043981e-05
-9.4683506360233950e-05
-9.4019178761857377e-05
-9.3341281919764131e-05
-9.2752319816547982e-05
-9.2032496192782746e-05
-9.1424757470182305e-05
-9.0810744831819072e-05
-9.0115974822901979e-05
-8.9537758135247025e-05
-8.8867113712102520e-05
-8.8231669923672244e-05
-8.7647672786537889e-05
-8.6960284317125881e-05
-8.6388095353104576e-05
-8.5739088666975766e-05
-8.5126931083381033e-05
-8.4520598678289706e-05
-8.3876932901965823e-05
-8.3310095263493153e-05
-8.2643507442524064e-05
-8.2084352955895585e-05
-8.1459883069045317e-05
-8.0842291091712674e-05
-8.0292314003948964e-05
-7.9616139275164472e-05
-7.9092049294229215e-05
-7.8443537955622480e-05
-7.7883309178207057e-05
-7.7285892298165318e-05
-7.6689132925413214e-05
-7.6116473323472892e-05
-7.5510650409872879e-05
-7.4969131814500619e-05
-7.4329751267746458e-05
-7.3816574804705298e-05
-7.3178674853054959e-05
-7.2644117947411431e-05
-7.2048138898229072e-05
-7.1481808374465256e-05
-7.0916353902033069e-05
-7.0342100641538030e-05
-6.9786045636550134e-05
-6.9206837450293100e-05
-6.8662705158510225e-05
-6.8063470606328363e-05
-6.7553540945405706e-05
-6.6931868837735630e-05
-6.6437429274286949e-05
-6.5821895149574574e-05
-6.5322570034650934e-05
-6.4712779359614754e-05
-6.4214668256247666e-05
-6.3597665619404993e-05
-6.3117002773353743e-05
-6.2493179653779564e-05
-6.2014217186726617e-05
-6.1403058684172859e-05
-6.0914366215726140e-05
-6.0311862072926769e-05
-5.9817325142821169e-05
-5.9216073894126790e-05
-5.8729606264451036e-05
-5.8127902202266259e-05
-5.7632417136557019e-05
-5.7056710826374220e-05
-5.6534735945922989e-05
-5.5987129241760351e-05
-5.5444480498627872e-05
-5.4906264904199195e-05
-5.4358144824272417e-05
-5.3829781631612247e-05
-5.3268532914072496e-05
-5.2764140329291757e-05
-5.2173916877066461e-05
-5.1686348323915934e-05
-5.1095880438043453e-05
-5.0593183360754025e-05
-5.0031615624449119e-05
-4.9492246676895957e-05
-4.8969207326604660e-05
-4.8392777122548387e-05
-4.7898832424761277e-05
-4.7300027547169445e-05
-4.6795144621139759e-05
-4.6233436526478840e-05
-4.5694078946099264e-05
-4.5161208488577202e-05
-4.4591190197799331e-05
-4.4085129456634332e-05
-4.3486072750118528e-05
-4.2969944304754645e-05
-4.2408161694270520e-05
-4.1852060343280115e-05
-4.1327935236042736e-05
-4.0727334620792905e-05
-4.0202371403428912e-05
-3.9638550836119253e-05
-3.9070765243861209e-05
-3.8539880668356340e-05
-3.7931594911848747e-05
0.0000000000000000e+00
];
