%Vec Object:dSdr_b_aug_1120 1 MPI processes
%  type: seq
dSdr_b_aug_1120 = [
2.4580122733808357e+03
0.0000000000000000e+00
-2.2566912358863319e-06
-9.2182706251116472e-07
-5.6263355982293359e-07
-3.9539491660953691e-07
-2.9673074140302513e-07
-2.3582002382843640e-07
-1.9453785084589149e-07
-1.6324590143018105e-07
-1.4001836966315373e-07
-1.2222134562689951e-07
-1.0770527887789891e-07
-9.5944205701168478e-08
-8.6304170830169869e-08
-7.8173750871681118e-08
-7.1224694793231922e-08
-6.5296491488606203e-08
-6.0171284345220428e-08
-5.5647976513339469e-08
-5.1685466199056626e-08
-4.8190997667033013e-08
-4.5048872329761296e-08
-4.2239826884671760e-08
-3.9745690544475900e-08
-7.8827605393632787e-08
-3.1569279044966667e-05
-4.4335401802242993e-04
-4.6846333676275198e-04
-4.2577038143616907e-04
-3.8496179110301471e-04
-3.4550606685737091e-04
-3.0826457282563430e-04
-2.6900979174371981e-04
-2.3709230983706640e-04
-2.0932346450036111e-04
-1.8503817065348917e-04
-1.6210065519312454e-04
-1.4472656979962344e-04
-1.3154496459756747e-04
-1.2112257364155297e-04
-1.1270692384293678e-04
-1.0744392128037375e-04
-1.0420967609867511e-04
-1.0241325849133253e-04
-1.0193599970585435e-04
-1.0238153258476155e-04
-1.0337046105986094e-04
-1.0482770324333939e-04
-1.0680278237296437e-04
-1.0853879245133523e-04
-1.1036302703411899e-04
-1.1221349634802075e-04
-1.1398521087299016e-04
-1.1546203954326119e-04
-1.1677148391129830e-04
-1.1801278268601928e-04
-1.1900147908146568e-04
-1.1979836928183774e-04
-1.2041900988580920e-04
-1.2096056739790466e-04
-1.2129005182699864e-04
-1.2145025818318078e-04
-1.2154554961049763e-04
-1.2154615845655100e-04
-1.2140743937718802e-04
-1.2119772104266463e-04
-1.2092555329079461e-04
-1.2056727168096809e-04
-1.2014667288304754e-04
-1.1969999565429430e-04
-1.1920961940711494e-04
-1.1868494805484030e-04
-1.1807985912660149e-04
-1.1749903404439783e-04
-1.1689151503400553e-04
-1.1622021478819746e-04
-1.1558810924790615e-04
-1.1494586497151084e-04
-1.1420967744433947e-04
-1.1353877375920068e-04
-1.1286378773407459e-04
-1.1211670067763390e-04
-1.1143477146471336e-04
-1.1075601944433466e-04
-1.0996518630941629e-04
-1.0928439904656399e-04
-1.0858242710117951e-04
-1.0781674971903373e-04
-1.0713896725397138e-04
-1.0642018849210161e-04
-1.0566103778909812e-04
-1.0498089062846498e-04
-1.0423906962088985e-04
-1.0352300909976610e-04
-1.0285484230787453e-04
-1.0208295760137645e-04
-1.0139998623329156e-04
-1.0072008854545607e-04
-9.9935665323644591e-05
-9.9300675719852293e-05
-9.8588189808784913e-05
-9.7859103073400617e-05
-9.7224989461773559e-05
-9.6452973216438445e-05
-9.5798501157041505e-05
-9.5138300566048676e-05
-9.4392294086441302e-05
-9.3769767605586031e-05
-9.3048792151519355e-05
-9.2365971129513286e-05
-9.1737439078036698e-05
-9.0998124769948915e-05
-9.0383044965191447e-05
-8.9684325425841795e-05
-8.9026142443640661e-05
-8.8374146999013810e-05
-8.7681093555052231e-05
-8.7071280735765167e-05
-8.6354369533814905e-05
-8.5751340117846619e-05
-8.5080162632723280e-05
-8.4415235723346330e-05
-8.3821516122660380e-05
-8.3095340982017541e-05
-8.2529291122341534e-05
-8.1830960850145265e-05
-8.1228171068938233e-05
-8.0582692401848973e-05
-7.9940577958894201e-05
-7.9323065617612255e-05
-7.8669321428266167e-05
-7.8085637349312780e-05
-7.7395865427986178e-05
-7.6841671440397346e-05
-7.6153801836809827e-05
-7.5576539530901695e-05
-7.4933164345760005e-05
-7.4322015439287745e-05
-7.3710981123208499e-05
-7.3090555162256721e-05
-7.2490302559799784e-05
-7.1863348929830409e-05
-7.1275871211566889e-05
-7.0628073244069869e-05
-7.0075338646882274e-05
-6.9404611674088172e-05
-6.8867777025511049e-05
-6.8202663416498069e-05
-6.7662024570558252e-05
-6.7000913096457198e-05
-6.6461851315687256e-05
-6.5793285670679940e-05
-6.5271840190878953e-05
-6.4596124548902079e-05
-6.4076081998053775e-05
-6.3413543195989285e-05
-6.2883284741585495e-05
-6.2229418364574853e-05
-6.1692330227133566e-05
-6.1040199641444935e-05
-6.0510240648121434e-05
-5.9858292914104364e-05
-5.9318538387269673e-05
-5.8692751918703353e-05
-5.8125654733313339e-05
-5.7528684219565766e-05
-5.6939281163577065e-05
-5.6352692168658475e-05
-5.5756024196754585e-05
-5.5180512497712742e-05
-5.4568797046557027e-05
-5.4018813242704146e-05
-5.3375555145849012e-05
-5.2843338189394182e-05
-5.2199719838866119e-05
-5.1650782455572247e-05
-5.1037634350391794e-05
-5.0449224543900588e-05
-4.9876601749566966e-05
-4.9248180100119375e-05
-4.8707035616602047e-05
-4.8052820555443607e-05
-4.7500850064017714e-05
-4.6885098136673527e-05
-4.6295607186211063e-05
-4.5711532935613673e-05
-4.5087432798437839e-05
-4.4532583136660399e-05
-4.3876116986415589e-05
-4.3310128252803028e-05
-4.2694241370980618e-05
-4.2084055531048332e-05
-4.1509024858862749e-05
-4.0849633885496557e-05
-4.0273508478349316e-05
-3.9654463852595931e-05
-3.9030836624855749e-05
-3.8450153342371725e-05
-3.7791700974175790e-05
0.0000000000000000e+00
];
