%Vec Object:dSdr_b_aug_3510 1 MPI processes
%  type: seq
dSdr_b_aug_3510 = [
2.3639903659650463e+03
0.0000000000000000e+00
-1.1473548089658486e-06
-4.7265646252221458e-07
-2.9228215137074165e-07
-2.0700042277212454e-07
-1.5537228409099616e-07
-1.2346536742024199e-07
-1.0183838159265886e-07
-8.5526791483144144e-08
-7.3414861960188434e-08
-6.4131095183571939e-08
-5.6566369228593546e-08
-5.0437355282907351e-08
-4.5412634925613445e-08
-4.1174817808768036e-08
-3.7552853088166437e-08
-3.4462496171997267e-08
-3.1790371447196330e-08
-2.9431848654337385e-08
-2.9459952198905566e-08
-3.6288767028363237e-05
-6.7801620390397577e-04
-6.5638961247894187e-04
-6.1285273887551350e-04
-5.7057996672031782e-04
-5.3006984180343705e-04
-4.8917031666230590e-04
-4.4722494392413723e-04
-4.0242503108183820e-04
-3.6300668128184710e-04
-3.2513625790749203e-04
-2.8939680533114366e-04
-2.5171283848896708e-04
-2.2106537627957333e-04
-1.9439451505783598e-04
-1.7106671471463393e-04
-1.4903506355014819e-04
-1.3234771132599572e-04
-1.1968993246526377e-04
-1.0969228153275539e-04
-1.0162909477211860e-04
-9.6599566493174542e-05
-9.3526019836214701e-05
-9.1839274154424341e-05
-9.1428452689250200e-05
-9.1906805634299558e-05
-9.2910065625567849e-05
-9.4366100986684900e-05
-9.6332627741994493e-05
-9.8062483760163042e-05
-9.9877108551601687e-05
-1.0172252814417503e-04
-1.0349579694371913e-04
-1.0497913629171835e-04
-1.0630302147508135e-04
-1.0756894534550794e-04
-1.0858591649343883e-04
-1.0941576160147238e-04
-1.1007813870183424e-04
-1.1066863227371043e-04
-1.1104790336620782e-04
-1.1126348345882158e-04
-1.1142529279089717e-04
-1.1148683071024104e-04
-1.1141280457884354e-04
-1.1127483010341200e-04
-1.1107664448868126e-04
-1.1079012127241632e-04
-1.1044535244272480e-04
-1.1007948178266810e-04
-1.0966375771373133e-04
-1.0921406760318579e-04
-1.0869785137441466e-04
-1.0819363656203620e-04
-1.0766226485139068e-04
-1.0708122816741023e-04
-1.0652534113478572e-04
-1.0595902790198066e-04
-1.0531532372029634e-04
-1.0472085906254299e-04
-1.0412315233860395e-04
-1.0346593451791197e-04
-1.0286002274226860e-04
-1.0225783702806744e-04
-1.0155770271126327e-04
-1.0095262715036375e-04
-1.0032819966080404e-04
-9.9649467568797381e-05
-9.9046140834406908e-05
-9.8406126856144898e-05
-9.7731864275634868e-05
-9.7125532597261787e-05
-9.6464680123440426e-05
-9.5828274822514102e-05
-9.5232656730704837e-05
-9.4544372075781855e-05
-9.3937871789272830e-05
-9.3330713009631415e-05
-9.2631456802401367e-05
-9.2068168251714143e-05
-9.1431119337787061e-05
-9.0782218425171937e-05
-9.0218831881456606e-05
-8.9528572172626093e-05
-8.8947305019058311e-05
-8.8359455024482122e-05
-8.7693707333143706e-05
-8.7140589430225300e-05
-8.6498454451042916e-05
-8.5889846964648755e-05
-8.5331076132748150e-05
-8.4673100470607468e-05
-8.4125206548652922e-05
-8.3504359153108016e-05
-8.2918272146996285e-05
-8.2337805066861315e-05
-8.1722114387920849e-05
-8.1179619571923080e-05
-8.0541536875415124e-05
-8.0007234866111594e-05
-7.9409221990281000e-05
-7.8818442371307747e-05
-7.8293242760539377e-05
-7.7645390223880938e-05
-7.7145067972131715e-05
-7.6524776033492473e-05
-7.5988655490528045e-05
-7.5418462699957046e-05
-7.4847394232336402e-05
-7.4300140998640244e-05
-7.3721462592061778e-05
-7.3203828206761849e-05
-7.2592991331664868e-05
-7.2103048837136996e-05
-7.1493453684433068e-05
-7.0983086831764063e-05
-7.0413954851480834e-05
-6.9873011263116145e-05
-6.9333375050803763e-05
-6.8785275872086879e-05
-6.8254256180321044e-05
-6.7702092947753128e-05
-6.7182513277925325e-05
-6.6610787022114974e-05
-6.6125103840557079e-05
-6.5531218419539664e-05
-6.5060793194081885e-05
-6.4473342935674328e-05
-6.3997419655527279e-05
-6.3416699211136341e-05
-6.2941784314028077e-05
-6.2353989125541880e-05
-6.1896427320762317e-05
-6.1301998323697163e-05
-6.0846305410636586e-05
-6.0264250916173938e-05
-5.9799103266221733e-05
-5.9225692931761066e-05
-5.8755258923189593e-05
-5.8182827991777002e-05
-5.7720995866622405e-05
-5.7147752105409033e-05
-5.6677343341197934e-05
-5.6130004768535779e-05
-5.5633589339111340e-05
-5.5113944674868223e-05
-5.4597779895224030e-05
-5.4086965423517832e-05
-5.3566345358887974e-05
-5.3064689573966070e-05
-5.2532027905305756e-05
-5.2053460762508678e-05
-5.1493279090648781e-05
-5.1031002118121426e-05
-5.0470641836071782e-05
-4.9994138306277214e-05
-4.9461789100246096e-05
-4.8950200389676123e-05
-4.8455248833347539e-05
-4.7908270683728710e-05
-4.7441064156972448e-05
-4.6873648551162912e-05
-4.6395441095334770e-05
-4.5864349381141883e-05
-4.5353393889943527e-05
-4.4849532812647772e-05
-4.4310155428061014e-05
-4.3831739123288243e-05
-4.3265212228575059e-05
-4.2777340643660713e-05
-4.2246223625128779e-05
-4.1720783833592908e-05
-4.1225531006701344e-05
-4.0658288625573958e-05
-4.0162398807226127e-05
-3.9630028675486937e-05
-3.9094234891177901e-05
-3.8592573668610864e-05
-3.8018110515258356e-05
0.0000000000000000e+00
];
