%Vec Object:dSdr_b_aug_9900 1 MPI processes
%  type: seq
dSdr_b_aug_9900 = [
2.2737011612270567e+03
0.0000000000000000e+00
-6.3251388625760681e-07
-2.6217590003352825e-07
-1.6368356323629517e-07
-1.1659412268237953e-07
-8.7517204123324914e-08
-6.9532087470453019e-08
-5.7340790451248037e-08
-4.8182405505616169e-08
-4.1380011275668716e-08
-3.6164227492873366e-08
-3.1918060932584454e-08
-2.8477804176972591e-08
-2.5656868951600826e-08
-2.3277794088923103e-08
-2.1287986474159720e-08
-1.6307719007606497e-05
-8.0916216188281433e-04
-7.7655026370822614e-04
-7.3476182542157951e-04
-6.9629440286501356e-04
-6.5860851267915291e-04
-6.2105447754869038e-04
-5.7936143468973963e-04
-5.3909230676361583e-04
-5.0046714419031701e-04
-4.6144660904255463e-04
-4.2139428006086427e-04
-3.7856363101140361e-04
-3.4086847182727975e-04
-3.0462625570321436e-04
-2.7040299818065558e-04
-2.3430096193029416e-04
-2.0493208043793901e-04
-1.7936651968526374e-04
-1.5700257470857958e-04
-1.3588280172424462e-04
-1.1988674063481826e-04
-1.0775626437678478e-04
-9.8186171910665646e-05
-9.0477786859624273e-05
-8.5683281718938745e-05
-8.2771499375247518e-05
-8.1195152715082372e-05
-8.0851208693128983e-05
-8.1362598722042333e-05
-8.2380284566918350e-05
-8.3835104342791988e-05
-8.5793021227442327e-05
-8.7516681668909071e-05
-8.9321632255335903e-05
-9.1161968008435714e-05
-9.2936800825328651e-05
-9.4426693529483740e-05
-9.5765114863162671e-05
-9.7055826768737753e-05
-9.8101259860437098e-05
-9.8964278151661761e-05
-9.9668668319192951e-05
-1.0030842231112189e-04
-1.0073781009549964e-04
-1.0100913104593140e-04
-1.0123789936159042e-04
-1.0136077036521084e-04
-1.0135186606705021e-04
-1.0128611109190905e-04
-1.0116239812492061e-04
-1.0094810907710626e-04
-1.0067967302263613e-04
-1.0039514477252936e-04
-1.0005456790254875e-04
-9.9680356250959255e-05
-9.9253602123339571e-05
-9.8826505629947707e-05
-9.8371786207451597e-05
-9.7881611747490223e-05
-9.7402448702428200e-05
-9.6912570094659858e-05
-9.6361962676130063e-05
-9.5844444013978063e-05
-9.5324529142372995e-05
-9.4757776652389672e-05
-9.4228386506268729e-05
-9.3703274938550788e-05
-9.3094441058907103e-05
-9.2565579381551747e-05
-9.2019210696090526e-05
-9.1428000624180184e-05
-9.0899623484520331e-05
-9.0338896750490326e-05
-8.9750085387073212e-05
-8.9218058820805335e-05
-8.8638711977128540e-05
-8.8082490282223174e-05
-8.7559902127319115e-05
-8.6955772092736096e-05
-8.6426250157152699e-05
-8.5892312795550092e-05
-8.5278788579029745e-05
-8.4787676710661438e-05
-8.4226565303735995e-05
-8.3658382329093004e-05
-8.3166192209426079e-05
-8.2558231579131540e-05
-8.2050655132748102e-05
-8.1535635869960484e-05
-8.0950679577737565e-05
-8.0467430871532315e-05
-7.9904659571686140e-05
-7.9370758127388023e-05
-7.8882211481488864e-05
-7.8306114254021722e-05
-7.7825852099537544e-05
-7.7283393641159950e-05
-7.6769881081586986e-05
-7.6261417073516681e-05
-7.5723602583122485e-05
-7.5248872548056847e-05
-7.4690141514144144e-05
-7.4225023048036043e-05
-7.3700660365272924e-05
-7.3184520144603803e-05
-7.2728295296542534e-05
-7.2159285186799535e-05
-7.1725126796939032e-05
-7.1183391137989238e-05
-7.0714382347255312e-05
-7.0219975125721150e-05
-6.9720424200236247e-05
-6.9243896425497160e-05
-6.8740782053619518e-05
-6.8289635796105498e-05
-6.7758257908322422e-05
-6.7332993423651296e-05
-6.6802192296037954e-05
-6.6359164974055310e-05
-6.5864769041442119e-05
-6.5394496830870855e-05
-6.4926732706364936e-05
-6.4451440467574601e-05
-6.3990113326949552e-05
-6.3513237020060683e-05
-6.3062006206959453e-05
-6.2566856721826413e-05
-6.2148670173453857e-05
-6.1632136504692907e-05
-6.1228561692265986e-05
-6.0719290473384609e-05
-6.0308512548823668e-05
-5.9808716962125337e-05
-5.9398375008633511e-05
-5.8891886671362582e-05
-5.8498632904270870e-05
-5.7986030428976006e-05
-5.7595114667376709e-05
-5.7094079098431078e-05
-5.6694474888644436e-05
-5.6202055103278712e-05
-5.5798718182805276e-05
-5.5306516486034736e-05
-5.4913264058318648e-05
-5.4419247355336804e-05
-5.4018645392250930e-05
-5.3550276231948828e-05
-5.3125012613827101e-05
-5.2683208029811622e-05
-5.2240768730674278e-05
-5.1806232921081570e-05
-5.1362166839957405e-05
-5.0934858632559839e-05
-5.0481777061193305e-05
-5.0075102379251612e-05
-4.9598550523925595e-05
-4.9206679959026112e-05
-4.8730132839819361e-05
-4.8326546709230747e-05
-4.7875535834426232e-05
-4.7441281670284111e-05
-4.7024520933170626e-05
-4.6559531522489053e-05
-4.6166759056576510e-05
-4.5686725298709387e-05
-4.5282777776853608e-05
-4.4836916870392769e-05
-4.4405028469404872e-05
-4.3981925496181026e-05
-4.3527848613432771e-05
-4.3126392106784975e-05
-4.2650425875083896e-05
-4.2241221525763341e-05
-4.1795479301181828e-05
-4.1355406374662483e-05
-4.0940544676692961e-05
-4.0466190225289685e-05
-4.0051276617237952e-05
-3.9606533984921574e-05
-3.9159960026473840e-05
-3.8740101216031513e-05
-3.8262169405494699e-05
0.0000000000000000e+00
];
