%Vec Object:dSdr_b_aug_3460 1 MPI processes
%  type: seq
dSdr_b_aug_3460 = [
2.3649088128548906e+03
0.0000000000000000e+00
-1.1547008479824878e-06
-4.7567411299072230e-07
-2.9413169889524285e-07
-2.0830852008953490e-07
-1.5636345102085062e-07
-1.2426087041727880e-07
-1.0250120669572359e-07
-8.6088445738515066e-08
-7.3901375294279977e-08
-6.4560030057025944e-08
-5.6948162345999519e-08
-5.0780904161873091e-08
-4.5724823649887776e-08
-4.1460506501020535e-08
-3.7815839883177065e-08
-3.4706105540561568e-08
-3.2017213268495792e-08
-2.9643828705020041e-08
-2.8956252929209035e-08
-2.5701821430285330e-05
-6.7233600679056425e-04
-6.5680340873011461e-04
-6.1333294251373380e-04
-5.7103344156401786e-04
-5.3049623104173239e-04
-4.8956964387652949e-04
-4.4759700422019910e-04
-4.0276872646552648e-04
-3.6332555613744920e-04
-3.2543168035777516e-04
-2.8967038877977222e-04
-2.5196363609366316e-04
-2.2129775744317184e-04
-1.9461097567802306e-04
-1.7126929214058138e-04
-1.4922450645187189e-04
-1.3252719699869591e-04
-1.1986182296930208e-04
-1.0985801356392662e-04
-1.0178971630507858e-04
-9.6756802795847411e-05
-9.3680926114769180e-05
-9.1992590264705775e-05
-9.1580805507742553e-05
-9.2058682591140517e-05
-9.3061734793426810e-05
-9.4517787661931423e-05
-9.6484438430486597e-05
-9.8214383687012682e-05
-1.0002914782240169e-04
-1.0187464064019522e-04
-1.0364788691051341e-04
-1.0513113186389325e-04
-1.0645480767000718e-04
-1.0772037449693274e-04
-1.0873693568314634e-04
-1.0956630296970096e-04
-1.1022807492054988e-04
-1.1081785895337856e-04
-1.1119640817331535e-04
-1.1141118538394690e-04
-1.1157203025018796e-04
-1.1163268473817902e-04
-1.1155772056312481e-04
-1.1141870585009716e-04
-1.1121944754388072e-04
-1.1093188387883156e-04
-1.1058601556479650e-04
-1.1021897326254710e-04
-1.0980216678616382e-04
-1.0935138949679215e-04
-1.0883388467134464e-04
-1.0832855905994327e-04
-1.0779608326292610e-04
-1.0721373781522377e-04
-1.0665674566352523e-04
-1.0608933147959278e-04
-1.0544428634834506e-04
-1.0484871337381058e-04
-1.0424988614953752e-04
-1.0359136528201372e-04
-1.0298435130212934e-04
-1.0238105542534509e-04
-1.0167960603302829e-04
-1.0107343270064396e-04
-1.0044788086570665e-04
-9.9767888121864932e-05
-9.9163481826613695e-05
-9.8522325808773830e-05
-9.7846832403934272e-05
-9.7239430447741018e-05
-9.6577403981137111e-05
-9.5939843729633270e-05
-9.5343173727424467e-05
-9.4653676924161002e-05
-9.4046067855016758e-05
-9.3437854406937690e-05
-9.2737363331227792e-05
-9.2173035160299856e-05
-9.1534892456074274e-05
-9.0884828896871828e-05
-9.0320416852754100e-05
-8.9628971722880698e-05
-8.9046643141711939e-05
-8.8457744106472006e-05
-8.7790832710449570e-05
-8.7236708424297173e-05
-8.6593430305060087e-05
-8.5983746766389834e-05
-8.5423964438069837e-05
-8.4764809413806247e-05
-8.4215941336178188e-05
-8.3593964840619926e-05
-8.3006832485382548e-05
-8.2425328286105681e-05
-8.1808515892711973e-05
-8.1265045005172429e-05
-8.0625819341764704e-05
-8.0090520825336689e-05
-7.9491447105568458e-05
-7.8899592394330413e-05
-7.8373399283700385e-05
-7.7724411115128163e-05
-7.7223135851248764e-05
-7.6601712402328963e-05
-7.6064625194016371e-05
-7.5493340802004690e-05
-7.4921242208852580e-05
-7.4372970258660564e-05
-7.3793203441622777e-05
-7.3274611373613265e-05
-7.2662629985889915e-05
-7.2171755881295568e-05
-7.1561025793995074e-05
-7.1049688995225826e-05
-7.0479480530760257e-05
-6.9937519005008571e-05
-6.9396847560517169e-05
-6.8847699684202585e-05
-6.8315676153960159e-05
-6.7762428502572000e-05
-6.7241864348651303e-05
-6.6669035095383110e-05
-6.6182379705060997e-05
-6.5587380123957248e-05
-6.5115991997838531e-05
-6.4527415663317839e-05
-6.4050554041930144e-05
-6.3468667971232711e-05
-6.2992822977889269e-05
-6.2403856661028036e-05
-6.1945368575767011e-05
-6.1349760965198201e-05
-6.0893135014741752e-05
-6.0309913539374093e-05
-5.9843821814680966e-05
-5.9269244908192303e-05
-5.8797844446575016e-05
-5.8224257909151362e-05
-5.7761437975900831e-05
-5.7187053044061100e-05
-5.6715638797006382e-05
-5.6167162765052066e-05
-5.5669722479790361e-05
-5.5148956623254835e-05
-5.4631729917456337e-05
-5.4119816744225414e-05
-5.3598094012623618e-05
-5.3095367341652240e-05
-5.2561559418970051e-05
-5.2081956753782209e-05
-5.1520570497189150e-05
-5.1057279407895681e-05
-5.0495711901144084e-05
-5.0018158087766518e-05
-4.9484637305258699e-05
-4.8971934688757520e-05
-4.8475856893781476e-05
-4.7927697802096932e-05
-4.7459419150686748e-05
-4.6890744924323981e-05
-4.6411467855410067e-05
-4.5879148508091843e-05
-4.5367054167787519e-05
-4.4862029888103153e-05
-4.4321423878274485e-05
-4.3841899092614164e-05
-4.3274067821775044e-05
-4.2785063183639037e-05
-4.2252716515521911e-05
-4.1726047215550615e-05
-4.1229636592247240e-05
-4.0661056485827249e-05
-4.0164000648467822e-05
-3.9630368970358300e-05
-3.9093291392509141e-05
-3.8590455544809897e-05
-3.8014621066798398e-05
0.0000000000000000e+00
];
