%Vec Object:dSdr_b_aug_5990 1 MPI processes
%  type: seq
dSdr_b_aug_5990 = [
2.3189030523557553e+03
0.0000000000000000e+00
-8.4579094185182681e-07
-3.4952174666956065e-07
-2.1722304164433619e-07
-1.5429299408096877e-07
-1.1578865868769914e-07
-9.1982187402839247e-08
-7.5845493930412704e-08
-6.3701215596199990e-08
-5.4682471929711483e-08
-4.7768479292242816e-08
-4.2137718856411818e-08
-3.7575771852608901e-08
-3.3835464327708180e-08
-3.0681095071709534e-08
-2.7985334120834050e-08
-2.5685113799038377e-08
-2.4449031086126170e-08
-4.7566513829934925e-05
-7.4861471170936851e-04
-7.1590898406344750e-04
-6.7729343714519985e-04
-6.3877137698511879e-04
-5.9601294061793135e-04
-5.5474437915015585e-04
-5.1518212820586551e-04
-4.7522757584204890e-04
-4.3423424784318622e-04
-3.9042471234675965e-04
-3.5187298538623179e-04
-3.1482141604283019e-04
-2.7984448459144961e-04
-2.4295609841332511e-04
-2.1295165668691076e-04
-1.8683667026336522e-04
-1.6399360951515712e-04
-1.4242055770748719e-04
-1.2608086777180839e-04
-1.1368827851914899e-04
-1.0390565414449273e-04
-9.6020903311219125e-05
-9.1109572250632701e-05
-8.8117379690528892e-05
-8.6486155619901038e-05
-8.6108968018778494e-05
-8.6603935929015723e-05
-8.7614451010294830e-05
-8.9069875218328323e-05
-9.1032072097705497e-05
-9.2758812415863121e-05
-9.4568572033695538e-05
-9.6411435018460675e-05
-9.8185490524231106e-05
-9.9672125793769787e-05
-1.0100332157789418e-04
-1.0228171189488479e-04
-1.0331299715472019e-04
-1.0415952573321331e-04
-1.0484303203116603e-04
-1.0545829961658440e-04
-1.0586277535153917e-04
-1.0610638857395928e-04
-1.0630187282448224e-04
-1.0639425629479947e-04
-1.0635298111041126e-04
-1.0625132711045317e-04
-1.0609059511769114e-04
-1.0584039975174663e-04
-1.0553402003287017e-04
-1.0520905791627735e-04
-1.0483112670948718e-04
-1.0441939605686683e-04
-1.0394817190485164e-04
-1.0348274126362962e-04
-1.0298991934846269e-04
-1.0245457888597954e-04
-1.0193727770675167e-04
-1.0140940480139297e-04
-1.0081252062884830e-04
-1.0025675347497363e-04
-9.9698169650754430e-05
-9.9086448444455391e-05
-9.8519020750473547e-05
-9.7955596988128209e-05
-9.7301379274464139e-05
-9.6734633023499381e-05
-9.6149462686558111e-05
-9.5514746964560579e-05
-9.4949113706273809e-05
-9.4348974684038041e-05
-9.3717687029636182e-05
-9.3148724705072831e-05
-9.2528862851910817e-05
-9.1932783302323218e-05
-9.1373893255734240e-05
-9.0727931444650875e-05
-9.0160144929866005e-05
-8.9589810494171003e-05
-8.8933670417594145e-05
-8.8406680794654341e-05
-8.7807822188319022e-05
-8.7199515741194654e-05
-8.6671935126189534e-05
-8.6023065065930142e-05
-8.5478858259640438e-05
-8.4927636115448126e-05
-8.4302519833804861e-05
-8.3784540372979459e-05
-8.3182318777865261e-05
-8.2611282267755379e-05
-8.2087828407832853e-05
-8.1471030843909776e-05
-8.0957150120727512e-05
-8.0375725893451117e-05
-7.9826137845900823e-05
-7.9281882369863863e-05
-7.8705356988304382e-05
-7.8196942264915380e-05
-7.7598766907131683e-05
-7.7099258510488150e-05
-7.6538285603702599e-05
-7.5985043442247384e-05
-7.5494532444024328e-05
-7.4886331141179677e-05
-7.4419283850014762e-05
-7.3838499236173702e-05
-7.3336130363780267e-05
-7.2804051458378645e-05
-7.2268950409778052e-05
-7.1757266242226912e-05
-7.1216590306142160e-05
-7.0732393957907352e-05
-7.0161518392495469e-05
-6.9704103594095523e-05
-6.9134135328933829e-05
-6.8657634696974099e-05
-6.8126088775102156e-05
-6.7620687050704069e-05
-6.7117196559950948e-05
-6.6605713255672816e-05
-6.6109743156838029e-05
-6.5595443025744248e-05
-6.5110237179869744e-05
-6.4577022709572573e-05
-6.4125284752233701e-05
-6.3570300866644874e-05
-6.3133495868088785e-05
-6.2585363200372689e-05
-6.2142202641519235e-05
-6.1602180705733984e-05
-6.1159740651386347e-05
-6.0612836079945567e-05
-6.0187615889278635e-05
-5.9634338857448691e-05
-5.9211223480685061e-05
-5.8669914793431175e-05
-5.8237730055757213e-05
-5.7705051253194333e-05
-5.7268361509041101e-05
-5.6736279225865642e-05
-5.6308936989899722e-05
-5.5775537858491273e-05
-5.5340236108633616e-05
-5.4832612583855704e-05
-5.4371980589478776e-05
-5.3891483003251398e-05
-5.3412395991752467e-05
-5.2939943322211586e-05
-5.2457823516844021e-05
-5.1993558343535077e-05
-5.1500918803674763e-05
-5.1058507533391810e-05
-5.0540384644037000e-05
-5.0113516158489274e-05
-4.9595306839683485e-05
-4.9155474587158112e-05
-4.8664031672264455e-05
-4.8191335656581231e-05
-4.7735707403203841e-05
-4.7229962562997853e-05
-4.6800189929232117e-05
-4.6276719835005102e-05
-4.5835858595267912e-05
-4.5347630468053013e-05
-4.4876438632042745e-05
-4.4413191534966398e-05
-4.3916712428322856e-05
-4.3476999518682747e-05
-4.2956015850999170e-05
-4.2507705703197076e-05
-4.2019522909138324e-05
-4.1537012514608889e-05
-4.1082185371537325e-05
-4.0561651252416409e-05
-4.0106474918216839e-05
-3.9618154568997066e-05
-3.9127189500056489e-05
-3.8666552277641126e-05
-3.8140024843302671e-05
0.0000000000000000e+00
];
