%Vec Object:dSdr_b_aug_8830 1 MPI processes
%  type: seq
dSdr_b_aug_8830 = [
2.2807191030719728e+03
0.0000000000000000e+00
-6.6027070201688155e-07
-2.7326701849584472e-07
-1.7030627024762163e-07
-1.2112056596356639e-07
-9.0802065052834056e-08
-7.2051494126698798e-08
-5.9342370624222017e-08
-4.9796606698033637e-08
-4.2707333022192750e-08
-3.7271950741479349e-08
-3.2848495723321793e-08
-2.9265180129229212e-08
-2.6327183402069682e-08
-2.3849965845470155e-08
-2.1734812403727950e-08
-6.1600794255171334e-07
-7.0863841433688385e-04
-7.8135282540544085e-04
-7.3969569040515705e-04
-7.0098410088067435e-04
-6.6306176338141478e-04
-6.2527682375694777e-04
-5.8332986935777853e-04
-5.4282255344420180e-04
-5.0397406125906837e-04
-4.6473092842358362e-04
-4.2445433782523762e-04
-3.8139039770837790e-04
-3.4349109879911144e-04
-3.0705599525672771e-04
-2.7265311996364550e-04
-2.3636367849305453e-04
-2.0684332810962900e-04
-1.8114682629809823e-04
-1.5866869709312803e-04
-1.3744089742294684e-04
-1.2136294175612340e-04
-1.0916999802071800e-04
-9.9549254387010214e-05
-9.1798837386199367e-05
-8.6976490018734237e-05
-8.4045544149153592e-05
-8.2456119017120010e-05
-8.2104252361898765e-05
-8.2611728695672419e-05
-8.3627705644251179e-05
-8.5082669502393177e-05
-8.7041606439573941e-05
-8.8766000914921442e-05
-9.0572097630863137e-05
-9.2413035706594417e-05
-9.4187683295995250e-05
-9.5676799700297732e-05
-9.7013499039802864e-05
-9.8301274447066113e-05
-9.9343335803325766e-05
-1.0020242423396827e-04
-1.0090183731152494e-04
-1.0153575564557192e-04
-1.0195920633059024e-04
-1.0222392390651599e-04
-1.0244475987819701e-04
-1.0256036501477219e-04
-1.0254374600273011e-04
-1.0246943547696644e-04
-1.0233690003703193e-04
-1.0211405369947299e-04
-1.0183657480856277e-04
-1.0154241024950838e-04
-1.0119293099264497e-04
-1.0080977771059712e-04
-1.0037242536415509e-04
-9.9936192971598580e-05
-9.9472392858398277e-05
-9.8971454311321851e-05
-9.8483202080927633e-05
-9.7984268567169117e-05
-9.7422632343368914e-05
-9.6895998194567625e-05
-9.6366867630680834e-05
-9.5789398070256920e-05
-9.5250942709755118e-05
-9.4716700472907345e-05
-9.4097050590311309e-05
-9.3559160155446173e-05
-9.3003544151673269e-05
-9.2401965690705731e-05
-9.1864709568397867e-05
-9.1294589986996443e-05
-9.0695655554060280e-05
-9.0154826354042029e-05
-8.9565823858952752e-05
-8.9000103127610518e-05
-8.8468863403621514e-05
-8.7854763901620809e-05
-8.7316122643414740e-05
-8.6773511028337123e-05
-8.6149830479100289e-05
-8.5650168122886389e-05
-8.5080060693773919e-05
-8.4502315373890887e-05
-8.4001690885814742e-05
-8.3383980598428423e-05
-8.2867674295350531e-05
-8.2344027053697576e-05
-8.1749499712998472e-05
-8.1257973869315375e-05
-8.0685800657213669e-05
-8.0143049072784676e-05
-7.9646183234810642e-05
-7.9060386181334597e-05
-7.8572111948258544e-05
-7.8020367050864504e-05
-7.7498256872320448e-05
-7.6981262933637035e-05
-7.6434222747073126e-05
-7.5951464875012771e-05
-7.5383333350821644e-05
-7.4910018972089429e-05
-7.4376931229693977e-05
-7.3851948761889929e-05
-7.3387552734000247e-05
-7.2809202460035079e-05
-7.2367205886432828e-05
-7.1816163961557511e-05
-7.1339204693570229e-05
-7.0835819441017695e-05
-7.0327796100790548e-05
-6.9842889746066307e-05
-6.9330823586503576e-05
-6.8871800728580797e-05
-6.8331009632370077e-05
-6.7898082984263984e-05
-6.7357947422916974e-05
-6.6906942636566595e-05
-6.6403693002278292e-05
-6.5925048615289898e-05
-6.5448770070413944e-05
-6.4964852662365027e-05
-6.4495269301509964e-05
-6.4009474029878802e-05
-6.3550146177596841e-05
-6.3045924923353311e-05
-6.2619742294119649e-05
-6.2094045045533308e-05
-6.1682550705876053e-05
-6.1164017899913484e-05
-6.0745522437754626e-05
-6.0236139975575859e-05
-5.9818148293783946e-05
-5.9302027825340545e-05
-5.8901155709935841e-05
-5.8378859537326930e-05
-5.7980269850436169e-05
-5.7469636253837324e-05
-5.7062267336017286e-05
-5.6560252880951972e-05
-5.6148967193749520e-05
-5.5647261012758673e-05
-5.5245884174586083e-05
-5.4742481705926712e-05
-5.4333609956274565e-05
-5.3855885546335898e-05
-5.3422192796125071e-05
-5.2971166742404963e-05
-5.2519993409597689e-05
-5.2076421095726282e-05
-5.1623285888117457e-05
-5.1187169932259355e-05
-5.0724660728339009e-05
-5.0309469130629765e-05
-4.9823009869750024e-05
-4.9422798415790386e-05
-4.8936322146891147e-05
-4.8524097632310383e-05
-4.8063450760198499e-05
-4.7620034891844806e-05
-4.7194010987888167e-05
-4.6719308455644501e-05
-4.6317717809702720e-05
-4.5827331952924120e-05
-4.5414586786113706e-05
-4.4958628492340852e-05
-4.4517372815894510e-05
-4.4084702136765010e-05
-4.3620519291126558e-05
-4.3209944736940878e-05
-4.2723248964767033e-05
-4.2304723705646375e-05
-4.1848865449503982e-05
-4.1398676675611275e-05
-4.0974287388846036e-05
-4.0488922841012716e-05
-4.0064406497626868e-05
-3.9609265232387763e-05
-3.9152084088701301e-05
-3.8722428899760176e-05
-3.8232501840654247e-05
0.0000000000000000e+00
];
