%Vec Object:dSdr_b_aug_880 1 MPI processes
%  type: seq
dSdr_b_aug_880 = [
2.4774975348553144e+03
0.0000000000000000e+00
-2.6138069401472800e-06
-1.0650280070167931e-06
-6.4771001373200975e-07
-4.5412923658779209e-07
-3.4060275333174040e-07
-2.7053547839429590e-07
-2.2304948102835186e-07
-1.8702073835381076e-07
-1.6028004526655847e-07
-1.3979303739945768e-07
-1.2308236685934684e-07
-1.0954408839426597e-07
-9.8448048625193627e-08
-8.9090569927835548e-08
-8.1093711092975864e-08
-7.4272006574067819e-08
-6.8374740163545821e-08
-6.3171027861967973e-08
-5.8612690356241422e-08
-5.4592893189642094e-08
-5.0979157833999152e-08
-4.7748677705834228e-08
-4.4850507345282314e-08
-4.2237298345463352e-08
-5.4171434778414837e-08
-7.4522064893826367e-06
-2.8533783671352608e-04
-4.1667303062895559e-04
-3.8795983824085206e-04
-3.4938148938468930e-04
-3.1199163064107567e-04
-2.7244849359873969e-04
-2.4028271372172780e-04
-2.1229623641613407e-04
-1.8782052614139486e-04
-1.6470269012725121e-04
-1.4719186837533851e-04
-1.3390595194956917e-04
-1.2339897662328459e-04
-1.1491313420192760e-04
-1.0960363505134531e-04
-1.0633738639752834e-04
-1.0451912725469419e-04
-1.0402863718331166e-04
-1.0446763374946736e-04
-1.0545370796152410e-04
-1.0691119039962267e-04
-1.0888797267591123e-04
-1.1062520826453697e-04
-1.1245135658426599e-04
-1.1430283147564302e-04
-1.1607423636176961e-04
-1.1754976830526367e-04
-1.1885633662263365e-04
-1.2009273109759277e-04
-1.2107579635007424e-04
-1.2186612333440537e-04
-1.2247845182662215e-04
-1.2301026339878402e-04
-1.2332983248961811e-04
-1.2347901081574577e-04
-1.2356105479490768e-04
-1.2354952924112174e-04
-1.2339792618057068e-04
-1.2317391964428506e-04
-1.2288701792667636e-04
-1.2251444522296592e-04
-1.2207874445639710e-04
-1.2161597414309404e-04
-1.2111073049224263e-04
-1.2057112620235843e-04
-1.1994833777903193e-04
-1.1935225533093796e-04
-1.1872957115830421e-04
-1.1804029442165747e-04
-1.1739300953877916e-04
-1.1673564317030990e-04
-1.1598103707205957e-04
-1.1529491012808662e-04
-1.1460453349950189e-04
-1.1383954848719042e-04
-1.1314247997854439e-04
-1.1244847935253883e-04
-1.1163958304712299e-04
-1.1094371737830623e-04
-1.1022630202456241e-04
-1.0944330900792698e-04
-1.0875069827118361e-04
-1.0801623306698966e-04
-1.0724017642623076e-04
-1.0654532850352893e-04
-1.0578738216578840e-04
-1.0505545786802280e-04
-1.0437284260119533e-04
-1.0358430848433977e-04
-1.0288610747838389e-04
-1.0219172343526711e-04
-1.0139033873462939e-04
-1.0074106947015150e-04
-1.0001355987009075e-04
-9.9268503687523031e-05
-9.8620304389220888e-05
-9.7832005878808773e-05
-9.7162954655958129e-05
-9.6488345040800187e-05
-9.5726354577257283e-05
-9.5090004988433467e-05
-9.4353328012519743e-05
-9.3655726981559407e-05
-9.3013301626432976e-05
-9.2257788309020093e-05
-9.1629328093883618e-05
-9.0915099918741812e-05
-9.0242558656029648e-05
-8.9576317974426748e-05
-8.8867857342118605e-05
-8.8244637803098128e-05
-8.7512027504318279e-05
-8.6895310679806968e-05
-8.6209562094546595e-05
-8.5529868379595933e-05
-8.4922502680957865e-05
-8.4180729200816900e-05
-8.3601589362767615e-05
-8.2887717366901282e-05
-8.2271650078934936e-05
-8.1611177856579170e-05
-8.0954914258665856e-05
-8.0323409472428901e-05
-7.9654715564507231e-05
-7.9057877370456871e-05
-7.8352385149116469e-05
-7.7785395170441279e-05
-7.7081936831123314e-05
-7.6491351978732927e-05
-7.5833190905338064e-05
-7.5208060279116878e-05
-7.4582806695620797e-05
-7.3947976518254824e-05
-7.3333935862625172e-05
-7.2692087378831548e-05
-7.2091087457246264e-05
-7.1428139461006214e-05
-7.0862051277248493e-05
-7.0176020964501565e-05
-6.9625960591920228e-05
-6.8945379984374869e-05
-6.8391852762810673e-05
-6.7714731066316963e-05
-6.7162894174579600e-05
-6.6478242752008202e-05
-6.5944074590389642e-05
-6.5252170380478516e-05
-6.4719312360575639e-05
-6.4040744793201359e-05
-6.3497519293499456e-05
-6.2827629795476079e-05
-6.2277267267991891e-05
-6.1609264218472607e-05
-6.1065737550793428e-05
-6.0398115670446379e-05
-5.9844550744175652e-05
-5.9203141154430221e-05
-5.8621967529771206e-05
-5.8009597388304378e-05
-5.7405608785584868e-05
-5.6803929158252046e-05
-5.6192116132788912e-05
-5.5601895953720101e-05
-5.4974436872138189e-05
-5.4410230443177841e-05
-5.3750427663042544e-05
-5.3204282254714665e-05
-5.2544083146223966e-05
-5.1980720759907365e-05
-5.1351481786091853e-05
-5.0747773395055518e-05
-5.0159682805531292e-05
-4.9515042222638393e-05
-4.8959173709839749e-05
-4.8287673378048058e-05
-4.7721014092445323e-05
-4.7088403425786999e-05
-4.6483273855388408e-05
-4.5883227304011673e-05
-4.5242257354887826e-05
-4.4672189515956044e-05
-4.3997816523021863e-05
-4.3416276846990840e-05
-4.2783516312258654e-05
-4.2156464881830162e-05
-4.1565563328091334e-05
-4.0887846913112086e-05
-4.0295785285291627e-05
-3.9659557437650863e-05
-3.9018604986763009e-05
-3.8422654727855040e-05
-3.7749982366456025e-05
0.0000000000000000e+00
];
