%Vec Object:dSdr_b_aug_4700 1 MPI processes
%  type: seq
dSdr_b_aug_4700 = [
2.3399945488563799e+03
0.0000000000000000e+00
-9.7361522270618856e-07
-4.0162264558686718e-07
-2.4894050134398174e-07
-1.7651488679472501e-07
-1.3242082544849968e-07
-1.0516430397083200e-07
-8.6689648066874493e-08
-7.2774219645332936e-08
-6.2441121009456936e-08
-5.4520217371560724e-08
-4.8068735578637498e-08
-4.2842061855002638e-08
-3.8557008598314171e-08
-3.4943424934843060e-08
-3.1855402871209563e-08
-2.9220609508908977e-08
-2.6942481927956578e-08
-2.7957827574015050e-08
-7.9721724795507959e-05
-7.1868274471370824e-04
-6.8588502202588037e-04
-6.4699303267482032e-04
-6.0374155492480856e-04
-5.6200915071278636e-04
-5.2201195956210530e-04
-4.8162389134164500e-04
-4.4019380690392851e-04
-3.9592992985584770e-04
-3.5698063447965134e-04
-3.1955341094607408e-04
-2.8422666836067410e-04
-2.4697330477978723e-04
-2.1667387354987706e-04
-1.9030387622795208e-04
-1.6723843828176692e-04
-1.4545500126372432e-04
-1.2895581916745442e-04
-1.1644157259507097e-04
-1.0656030350353828e-04
-9.8593694126732678e-05
-9.3628139397172413e-05
-9.0598625174311925e-05
-8.8941930250698237e-05
-8.8549312933636966e-05
-8.9036658650423880e-05
-9.0043845418785046e-05
-9.1499549941929397e-05
-9.3463733128427984e-05
-9.5191902746614824e-05
-9.7003894249868687e-05
-9.8847930054785910e-05
-1.0062162461820170e-04
-1.0210674782988279e-04
-1.0343458979970089e-04
-1.0470726112067813e-04
-1.0573197976939014e-04
-1.0657085477471037e-04
-1.0724466799140960e-04
-1.0784857041064167e-04
-1.0824148342209941e-04
-1.0847223633231621e-04
-1.0865227206339307e-04
-1.0873050500074037e-04
-1.0867420514240221e-04
-1.0855588891450463e-04
-1.0837797485570270e-04
-1.0811111387778904e-04
-1.0778712293101943e-04
-1.0744339378146080e-04
-1.0704812487883933e-04
-1.0661898010331372e-04
-1.0612711557218642e-04
-1.0564389246547079e-04
-1.0513338560583418e-04
-1.0457708173299236e-04
-1.0404207906713822e-04
-1.0349657143588162e-04
-1.0287820830815087e-04
-1.0230468844683952e-04
-1.0172815676215274e-04
-1.0109556371549984e-04
-1.0051048122239716e-04
-9.9929275186201962e-05
-9.9253992959461989e-05
-9.8669662911500758e-05
-9.8066483124065540e-05
-9.7411574632014220e-05
-9.6828649269010411e-05
-9.6210217374991300e-05
-9.5559214718896862e-05
-9.4973108982406216e-05
-9.4334442439388046e-05
-9.3719863212665235e-05
-9.3144123958082610e-05
-9.2478746291572693e-05
-9.1893199604758512e-05
-9.1305971783257252e-05
-9.0630051925996995e-05
-9.0086409954982848e-05
-8.9470031316685365e-05
-8.8843101913757100e-05
-8.8299095112821972e-05
-8.7631237301634548e-05
-8.7070028837276105e-05
-8.6502003445488977e-05
-8.5858247259370344e-05
-8.5324147825810944e-05
-8.4703615724663101e-05
-8.4115343302044212e-05
-8.3575687567533140e-05
-8.2939999302172993e-05
-8.2410514818007254e-05
-8.1811004973772120e-05
-8.1244672807890276e-05
-8.0683805039017748e-05
-8.0089312340056771e-05
-7.9565263167316919e-05
-7.8948780076013256e-05
-7.8433309898240600e-05
-7.7855344680742192e-05
-7.7284881982662781e-05
-7.6778457372421230e-05
-7.6152065825138809e-05
-7.5669753443020061e-05
-7.5070844603625711e-05
-7.4552991946405997e-05
-7.4003428063982213e-05
-7.3451826742376204e-05
-7.2923825048444026e-05
-7.2365715246980338e-05
-7.1866178994377445e-05
-7.1276970933977925e-05
-7.0804633855206368e-05
-7.0216486512801135e-05
-6.9724449543860929e-05
-6.9175660786900757e-05
-6.8653954013621568e-05
-6.8133881450449461e-05
-6.7605600388006876e-05
-6.7093551071739079e-05
-6.6561881009003803e-05
-6.6060905958127068e-05
-6.5510023967767090e-05
-6.5042713427441532e-05
-6.4469883220832797e-05
-6.4017654732941359e-05
-6.3451484875462128e-05
-6.2993294212113546e-05
-6.2434601581189546e-05
-6.1977263487245470e-05
-6.1411600088526991e-05
-6.0971542976462216e-05
-6.0399387220864818e-05
-5.9961326690493916e-05
-5.9401325605267625e-05
-5.8954018918641662e-05
-5.8402654265074180e-05
-5.7950484119902321e-05
-5.7399891633561652e-05
-5.6956726934286774e-05
-5.6405048818377400e-05
-5.5953641492292294e-05
-5.5427798426234575e-05
-5.4950750539762942e-05
-5.4452293967844025e-05
-5.3956197276540403e-05
-5.3466145866255780e-05
-5.2966363799033806e-05
-5.2484945418080012e-05
-5.1973945442271447e-05
-5.1514947400265947e-05
-5.0977529738276740e-05
-5.0534417338068286e-05
-4.9996870945772208e-05
-4.9540215451682520e-05
-4.9030006447790703e-05
-4.8539468082182610e-05
-4.8065799922712218e-05
-4.7541138933946349e-05
-4.7094193140106075e-05
-4.6550562618392562e-05
-4.6092568392479207e-05
-4.5584676117935160e-05
-4.5095242205391805e-05
-4.4613362886647890e-05
-4.4097203551794603e-05
-4.3639734750409901e-05
-4.3097857245930224e-05
-4.2631397267910590e-05
-4.2123517094855842e-05
-4.1621311142667715e-05
-4.1147936412095716e-05
-4.0605971460822852e-05
-4.0132112470458329e-05
-3.9623574778733516e-05
-3.9112024652081660e-05
-3.8632512440867895e-05
-3.8083702691366169e-05
0.0000000000000000e+00
];
