%Vec Object:dSdr_b_aug_6350 1 MPI processes
%  type: seq
dSdr_b_aug_6350 = [
2.3138893716910320e+03
0.0000000000000000e+00
-8.1666391553363967e-07
-3.3683250098655727e-07
-2.0894785848036391e-07
-1.4809295888387179e-07
-1.1085291839528365e-07
-8.7830115781552132e-08
-7.2226688947068262e-08
-6.0497079247162068e-08
-5.1787692816789286e-08
-4.5111130726463307e-08
-3.9678394015075399e-08
-3.5278225703780163e-08
-3.1670901754151236e-08
-2.8630072873813888e-08
-2.6032778287345039e-08
-2.3816868910614511e-08
-3.0127164933949104e-08
-2.1020732889979061e-04
-7.5095311620439653e-04
-7.1369699112434437e-04
-6.7515262693287502e-04
-6.3674102652271059e-04
-5.9410467531856445e-04
-5.5295064885052699e-04
-5.1349578836207797e-04
-4.7364827449988969e-04
-4.3276278511103814e-04
-3.8906543011865978e-04
-3.5061186592864039e-04
-3.1365304855714989e-04
-2.7876248822091714e-04
-2.4196421781851361e-04
-2.1203261130805769e-04
-1.8598058906828594e-04
-1.6319243498573004e-04
-1.4167132892199102e-04
-1.2537101884305867e-04
-1.1300846773418403e-04
-1.0325019951534445e-04
-9.5385660203525444e-05
-9.0487717406749041e-05
-8.7504739878746683e-05
-8.5879804786508020e-05
-8.5506427003288892e-05
-8.6003277074490138e-05
-8.7014614069822447e-05
-8.8469969047802067e-05
-9.0431675476650757e-05
-9.2158062874402659e-05
-9.3967271408703891e-05
-9.5809844802438525e-05
-9.7583989415984111e-05
-9.9070998013272324e-05
-1.0040302186968706e-04
-1.0168282426413700e-04
-1.0271573088735195e-04
-1.0356414920755274e-04
-1.0425004881675679e-04
-1.0486812256363079e-04
-1.0527545323756900e-04
-1.0552224178302352e-04
-1.0572154040479945e-04
-1.0581741776270199e-04
-1.0577985229755890e-04
-1.0568231234137876e-04
-1.0552582274412571e-04
-1.0527974225664704e-04
-1.0497771089589087e-04
-1.0465738251452099e-04
-1.0428373212800136e-04
-1.0387630116581739e-04
-1.0341017329205375e-04
-1.0294913575654288e-04
-1.0246068039905847e-04
-1.0193051597310687e-04
-1.0141758543555948e-04
-1.0089406668794714e-04
-1.0030248584344706e-04
-9.9751101977553993e-05
-9.9196949625986140e-05
-9.8590381845841326e-05
-9.8027313265075937e-05
-9.7468280090340592e-05
-9.6819263374834321e-05
-9.6256858705747399e-05
-9.5676135047756056e-05
-9.5046405083381102e-05
-9.4485041385530461e-05
-9.3889419020885421e-05
-9.3262999159049947e-05
-9.2698269681223830e-05
-9.2083050857289374e-05
-9.1491539026827075e-05
-9.0936809185466298e-05
-9.0295641304956773e-05
-8.9732239919458623e-05
-8.9166076596616290e-05
-8.8514820306414971e-05
-8.7991942282118196e-05
-8.7397409509561857e-05
-8.6793701214008144e-05
-8.6270176350759027e-05
-8.5625994512668812e-05
-8.5085985546569338e-05
-8.4538912253366010e-05
-8.3918398307619355e-05
-8.3404398991689273e-05
-8.2806698401241197e-05
-8.2239917570105437e-05
-8.1720464076994183e-05
-8.1108330772229183e-05
-8.0598302736673962e-05
-8.0021343986660931e-05
-7.9475890189692610e-05
-7.8935736415361541e-05
-7.8363647301598249e-05
-7.7859092842418907e-05
-7.7265437803538282e-05
-7.6769870491625732e-05
-7.6213093115214416e-05
-7.5664102834764317e-05
-7.5177521027466697e-05
-7.4573811033693850e-05
-7.4110532808154822e-05
-7.3534223202454069e-05
-7.3035677392461007e-05
-7.2507915659354155e-05
-7.1976888651613779e-05
-7.1469233403136733e-05
-7.0932862018729893e-05
-7.0452453206506539e-05
-6.9886104070896067e-05
-6.9432373693325492e-05
-6.8866893977297667e-05
-6.8394229380913267e-05
-6.7866940841990867e-05
-6.7365564953403588e-05
-6.6866168697377227e-05
-6.6358832881890562e-05
-6.5866832858058963e-05
-6.5356821488983991e-05
-6.4875509172654673e-05
-6.4346656940200315e-05
-6.3898763963871335e-05
-6.3348186462216887e-05
-6.2915189631056331e-05
-6.2371510472922765e-05
-6.1932060950159920e-05
-6.1396648939901144e-05
-6.0957887312118189e-05
-6.0415614424858326e-05
-5.9994057568321714e-05
-5.9445441821890919e-05
-5.9026016500386513e-05
-5.8489323090769872e-05
-5.8060872057790749e-05
-5.7532806913469179e-05
-5.7099939375473136e-05
-5.6572427378172646e-05
-5.6148991802503472e-05
-5.5620105862996388e-05
-5.5188780671600140e-05
-5.4685655656766377e-05
-5.4229076834456629e-05
-5.3753013418861093e-05
-5.3278126183187834e-05
-5.2810018729223865e-05
-5.2332259818564863e-05
-5.1872229845401386e-05
-5.1384123573695311e-05
-5.0945807633683795e-05
-5.0432448692825090e-05
-5.0009590867177907e-05
-4.9496155922163617e-05
-4.9060477347803118e-05
-4.8573667800837805e-05
-4.8105377058616292e-05
-4.7654202837972392e-05
-4.7153128357481064e-05
-4.6727595699778779e-05
-4.6209103125190066e-05
-4.5772471866354165e-05
-4.5289098630196559e-05
-4.4822410499208632e-05
-4.4363763352707510e-05
-4.3872142845139210e-05
-4.3436813255635105e-05
-4.2920987483666440e-05
-4.2477157434352068e-05
-4.1993836422049524e-05
-4.1516186729526217e-05
-4.1065935843650079e-05
-4.0550688149432202e-05
-4.0100116518682932e-05
-3.9616773095371840e-05
-3.9130858889268151e-05
-3.8674792651959649e-05
-3.8153290701129285e-05
0.0000000000000000e+00
];
