%Vec Object:dSdr_b_aug_9210 1 MPI processes
%  type: seq
dSdr_b_aug_9210 = [
2.2777936263201709e+03
0.0000000000000000e+00
-6.4882543319292634e-07
-2.6882052943237046e-07
-1.6773757871346508e-07
-1.1943056534706316e-07
-8.9626341707988774e-08
-7.1192254246669469e-08
-5.8696831461142129e-08
-4.9309213530235769e-08
-4.2336771448307117e-08
-3.6990726605424888e-08
-3.2638663780944975e-08
-2.9112715301220168e-08
-2.6221578064770832e-08
-2.3783400420964688e-08
-2.1705516346820963e-08
-2.4601368818172049e-06
-7.7919867867850385e-04
-7.7977574975746718e-04
-7.3795997716484237e-04
-6.9933353126988129e-04
-6.6149440532030314e-04
-6.2379073431334780e-04
-5.8193314616743685e-04
-5.4150966247596940e-04
-5.0273977298567036e-04
-4.6357498523896053e-04
-4.2337732536357604e-04
-3.8039549396021920e-04
-3.4256804370928751e-04
-3.0620082848359695e-04
-2.7186117114566842e-04
-2.3563768848857696e-04
-2.0617064868641330e-04
-1.8052023278991811e-04
-1.5808229167993680e-04
-1.3689251289452959e-04
-1.2084338070071314e-04
-1.0867242290954729e-04
-9.9069506371910761e-05
-9.1333882861965285e-05
-8.6521334794212150e-05
-8.3597133683264673e-05
-8.2012311624423925e-05
-8.1663233402029319e-05
-8.2172087189605035e-05
-8.3188665594853352e-05
-8.4643578738598653e-05
-8.6602156656464095e-05
-8.8326292779447084e-05
-9.0131986102728480e-05
-9.1972712183296623e-05
-9.3747424962490648e-05
-9.5236814589603732e-05
-9.6574119997004860e-05
-9.7862928927039760e-05
-9.8906176991528575e-05
-9.9766648567283097e-05
-1.0046781337108882e-04
-1.0110378561152158e-04
-1.0152932590620033e-04
-1.0179636759291135e-04
-1.0201999541719495e-04
-1.0213815783439572e-04
-1.0212425407839694e-04
-1.0205295474814711e-04
-1.0192352444928313e-04
-1.0170368991943786e-04
-1.0142939372844502e-04
-1.0113862074687818e-04
-1.0079227475762778e-04
-1.0041226855532663e-04
-9.9978646338583129e-05
-9.9545629400302869e-05
-9.9085025310335714e-05
-9.8587875271750352e-05
-9.8102822054389475e-05
-9.7607075488789918e-05
-9.7049320943283409e-05
-9.6525895064542748e-05
-9.6000008038932424e-05
-9.5426310439215544e-05
-9.4891045655087251e-05
-9.4360017031964378e-05
-9.3744173930236684e-05
-9.3209461240490824e-05
-9.2657099906126995e-05
-9.2059170684668135e-05
-9.1525039593020582e-05
-9.0958225901217036e-05
-9.0362854365590089e-05
-8.9825123324642248e-05
-8.9239519215230723e-05
-8.8677141747642153e-05
-8.8148947014299157e-05
-8.7538356348133240e-05
-8.7002924710300158e-05
-8.6463366069853279e-05
-8.5843260125257568e-05
-8.5346607183352634e-05
-8.4779665978372326e-05
-8.4205286205019548e-05
-8.3707630262739517e-05
-8.3093351447855476e-05
-8.2580117690130128e-05
-8.2059507137099426e-05
-8.1468348406158172e-05
-8.0979735769599380e-05
-8.0410871638388255e-05
-7.9871234934116128e-05
-7.9377297104762988e-05
-7.8794913985416517e-05
-7.8309459669868357e-05
-7.7760983211669566e-05
-7.7241899036444277e-05
-7.6727907277618606e-05
-7.6184114151350008e-05
-7.5704181743190896e-05
-7.5139358799559115e-05
-7.4668929040363300e-05
-7.4138912155180409e-05
-7.3617041789712963e-05
-7.3155521676505298e-05
-7.2580458750949175e-05
-7.2141220891353602e-05
-7.1593454384144436e-05
-7.1119293352846566e-05
-7.0619067993022057e-05
-7.0114026589740704e-05
-6.9632069146071220e-05
-6.9123153642769211e-05
-6.8666903020112106e-05
-6.8129424981066436e-05
-6.7699195095429642e-05
-6.7162344865919505e-05
-6.6714147814879408e-05
-6.6214014314894363e-05
-6.5738316585468317e-05
-6.5265034762131033e-05
-6.4784153054658000e-05
-6.4317475539779525e-05
-6.3834819372574075e-05
-6.3378341341300930e-05
-6.2877312972371490e-05
-6.2453944631155856e-05
-6.1931472581573958e-05
-6.1522765586400033e-05
-6.1007492474065109e-05
-6.0591713264653303e-05
-6.0085704984216497e-05
-5.9670405689330501e-05
-5.9157675330967224e-05
-5.8759484558248138e-05
-5.8240600164690601e-05
-5.7844711381531926e-05
-5.7337455892554444e-05
-5.6932819830528134e-05
-5.6434182301573077e-05
-5.6025694251520591e-05
-5.5527333255542227e-05
-5.5128815874225498e-05
-5.4628716807122291e-05
-5.4222755681204173e-05
-5.3748323933045997e-05
-5.3317597890239411e-05
-5.2869817414083034e-05
-5.2421718102157949e-05
-5.1981326266676290e-05
-5.1531383019680885e-05
-5.1098367030897832e-05
-5.0639175968107775e-05
-5.0226981978002903e-05
-4.9744009720087843e-05
-4.9346733921641584e-05
-4.8863752311038277e-05
-4.8454568160426320e-05
-4.7997312772261502e-05
-4.7557121458423409e-05
-4.7134357821869309e-05
-4.6663073925212438e-05
-4.6264586935957698e-05
-4.5777844615622226e-05
-4.5368195887164477e-05
-4.4915791493218432e-05
-4.4477832755628840e-05
-4.4048529568680421e-05
-4.3587903672784234e-05
-4.3180538380916139e-05
-4.2697619074343582e-05
-4.2282374535522841e-05
-4.1830076899893148e-05
-4.1383448757790544e-05
-4.0962413181424220e-05
-4.0480924333554690e-05
-4.0059788741607296e-05
-3.9608309160911265e-05
-3.9154865141507280e-05
-3.8728668679227778e-05
-3.8243021050123829e-05
0.0000000000000000e+00
];
