%Vec Object:dSdr_b_aug_3450 1 MPI processes
%  type: seq
dSdr_b_aug_3450 = [
2.3650115731761534e+03
0.0000000000000000e+00
-1.1555218281625272e-06
-4.7600966055767227e-07
-2.9433624188575442e-07
-2.0845237315714348e-07
-1.5647185591333779e-07
-1.2434739723321377e-07
-1.0257290279858564e-07
-8.6148856780480371e-08
-7.3953408425771525e-08
-6.4605644540162064e-08
-5.6988531387642181e-08
-5.0817020943347658e-08
-4.5757454664215996e-08
-4.1490195167369530e-08
-3.7843011193883225e-08
-3.4731128921896574e-08
-3.2040379042416590e-08
-2.9665351221805306e-08
-2.8914304413353257e-08
-2.4707353067078252e-05
-6.7156673341852910e-04
-6.5684831468016314e-04
-6.1338717705032033e-04
-5.7108469626777274e-04
-5.3054442552351614e-04
-4.8961477960261497e-04
-4.4763905798455352e-04
-4.0280757415990043e-04
-3.6336159838143683e-04
-3.2546507178949925e-04
-2.8970131176133464e-04
-2.5199198360397395e-04
-2.2132402335340117e-04
-1.9463544209809134e-04
-1.7129218935092508e-04
-1.4924591907422384e-04
-1.3254748416098220e-04
-1.1988125165390901e-04
-1.0987674615979318e-04
-1.0180787126420732e-04
-9.6774575124341928e-05
-9.3698435082014805e-05
-9.2009919496208469e-05
-9.1598025859014365e-05
-9.2075849156143054e-05
-9.3078877872264173e-05
-9.4534932719724006e-05
-9.6501597505531357e-05
-9.8231552848713547e-05
-1.0004633273416078e-04
-1.0189183382864417e-04
-1.0366507755257431e-04
-1.0514831183665431e-04
-1.0647196397704076e-04
-1.0773749044760046e-04
-1.0875400529612726e-04
-1.0958331857483966e-04
-1.1024502212602664e-04
-1.1083472596009961e-04
-1.1121319358722667e-04
-1.1142788004859658e-04
-1.1158861590184216e-04
-1.1164917053611708e-04
-1.1157410033455388e-04
-1.1143496804408305e-04
-1.1123558849217768e-04
-1.1094790722581282e-04
-1.1060191463770420e-04
-1.1023473990541855e-04
-1.0981781108515181e-04
-1.0936691091258882e-04
-1.0884926043780209e-04
-1.0834380927343027e-04
-1.0781120868216885e-04
-1.0722871530565531e-04
-1.0667159824298520e-04
-1.0610405961918193e-04
-1.0545886292117276e-04
-1.0486316467423043e-04
-1.0426421080044779e-04
-1.0360554265028607e-04
-1.0299840408888879e-04
-1.0239498273106407e-04
-1.0169338469651282e-04
-1.0108708728364617e-04
-1.0046140836459405e-04
-9.9781273129994532e-05
-9.9176744812596310e-05
-9.8535459710674819e-05
-9.7859827186462907e-05
-9.7252304257378335e-05
-9.6590145095038857e-05
-9.5952454300129707e-05
-9.5355665401088352e-05
-9.4666031589386656e-05
-9.4058297195172497e-05
-9.3449964538520634e-05
-9.2749333886327741e-05
-9.2184888207716019e-05
-9.1546621872984932e-05
-9.0896426900479260e-05
-9.0331898944614818e-05
-8.9640319827253672e-05
-8.9057871273506343e-05
-8.8468853665776327e-05
-8.7801810736852837e-05
-8.7247572699755146e-05
-8.6604165372025237e-05
-8.5994360207756028e-05
-8.5434463550549029e-05
-8.4775175223631395e-05
-8.4226197037718935e-05
-8.3604092920603877e-05
-8.3016842410125428e-05
-8.2435220985837681e-05
-8.1818281805671295e-05
-8.1274700593295869e-05
-8.0635345740962718e-05
-8.0099934589875142e-05
-7.9500740963492705e-05
-7.8908764735159662e-05
-7.8382459329777741e-05
-7.7733342801346238e-05
-7.7231959819019490e-05
-7.6610408476104883e-05
-7.6073212006127797e-05
-7.5501804230994254e-05
-7.4929589203306276e-05
-7.4381202108135056e-05
-7.3801312268647348e-05
-7.3282611954271403e-05
-7.2670501202899503e-05
-7.2179521798913202e-05
-7.1568663430561386e-05
-7.1057216999297052e-05
-7.0486886860395250e-05
-6.9944810277717650e-05
-6.9404021821478667e-05
-6.8854755411425499e-05
-6.8322618417844644e-05
-6.7769248195165139e-05
-6.7248572765517704e-05
-6.6675618841021119e-05
-6.6188853562442498e-05
-6.5593728048400166e-05
-6.5122231086109779e-05
-6.4533527471783984e-05
-6.4056559790156718e-05
-6.3474541969312279e-05
-6.2998591847651856e-05
-6.2409493158741103e-05
-6.1950900376448882e-05
-6.1355159547782874e-05
-6.0898428136556798e-05
-6.0315074757909093e-05
-5.9848876324891667e-05
-5.9274167561327737e-05
-5.8802657861967386e-05
-5.8228940706938221e-05
-5.7766009122181691e-05
-5.7191495204344851e-05
-5.6719967308000345e-05
-5.6171362709521050e-05
-5.5673806585229929e-05
-5.5152914000797211e-05
-5.4635567265906409e-05
-5.4123529906869276e-05
-5.3601682541231667e-05
-5.3098834828386181e-05
-5.2564897345007830e-05
-5.2085177635035709e-05
-5.1523655224605361e-05
-5.1060249509934776e-05
-5.0498545550882447e-05
-5.0020873024132484e-05
-4.9487219818531645e-05
-4.8974391297349187e-05
-4.8478186203663361e-05
-4.7929893630084659e-05
-4.7461493796257558e-05
-4.6892677307819040e-05
-4.6413279340094991e-05
-4.5880821232855931e-05
-4.5368598167602151e-05
-4.4863442410025342e-05
-4.4322697527188238e-05
-4.3843047447844529e-05
-4.3275068740639979e-05
-4.2785936029658057e-05
-4.2253450368946858e-05
-4.1726642090056661e-05
-4.1230100589782546e-05
-4.0661369262876355e-05
-4.0164181601418125e-05
-3.9630407277558228e-05
-3.9093184478414234e-05
-3.8590215540207456e-05
-3.8014224339967663e-05
0.0000000000000000e+00
];
