%Vec Object:dSdr_b_aug_4520 1 MPI processes
%  type: seq
dSdr_b_aug_4520 = [
2.3425806173937658e+03
0.0000000000000000e+00
-9.9110026206890594e-07
-4.0895788917150093e-07
-2.5354263327124314e-07
-1.7984198985942259e-07
-1.3498959314882927e-07
-1.0726419992149644e-07
-8.8471207670914781e-08
-7.4311493343113973e-08
-6.3796651616991614e-08
-5.5736378464568043e-08
-4.9170043520806281e-08
-4.3849944143126149e-08
-3.9488194110567762e-08
-3.5809546146005506e-08
-3.2665525970868000e-08
-2.9982872438853775e-08
-2.7663219828931815e-08
-2.6541690971729042e-08
-3.1917775181103660e-05
-7.1256832943259623e-04
-6.8724184636652840e-04
-6.4836668193541216e-04
-6.0503415544922170e-04
-5.6322420614424574e-04
-5.2315427093189396e-04
-4.8269369583404042e-04
-4.4119056247970051e-04
-3.9685069534783251e-04
-3.5783490537691506e-04
-3.2034485247411541e-04
-2.8495960285416431e-04
-2.4764519563428341e-04
-2.1729642646546045e-04
-1.9088377775457492e-04
-1.6778114651051112e-04
-1.4596252189447184e-04
-1.2943666422429332e-04
-1.1690207007491772e-04
-1.0700430233702294e-04
-9.9024001854331595e-05
-9.4049378038055511e-05
-9.1013621642043740e-05
-8.9352666630223117e-05
-8.8957468636622085e-05
-8.9443539509798928e-05
-9.0450169605426860e-05
-9.1905921028419813e-05
-9.3870436445550349e-05
-9.5598845132322498e-05
-9.7411209937943460e-05
-9.9255441912161186e-05
-1.0102907611743111e-04
-1.0251394644261371e-04
-1.0384122748578991e-04
-1.0511294218888435e-04
-1.0613656249477168e-04
-1.0697415741146597e-04
-1.0764634942554775e-04
-1.0824835098083169e-04
-1.0863933008640039e-04
-1.0886793206519214e-04
-1.0904538397895081e-04
-1.0912125019155277e-04
-1.0906243740574078e-04
-1.0894133436425953e-04
-1.0876054654753616e-04
-1.0849089819038077e-04
-1.0816396170713522e-04
-1.0781709370903588e-04
-1.0741892501930475e-04
-1.0698686767402427e-04
-1.0649155097149084e-04
-1.0600535201613853e-04
-1.0549188729111368e-04
-1.0493207721904010e-04
-1.0439411392130748e-04
-1.0384565682410649e-04
-1.0322370127076932e-04
-1.0264721221077011e-04
-1.0206767868755154e-04
-1.0143159475728418e-04
-1.0084355944121076e-04
-1.0025937926137909e-04
-9.9580573926135775e-05
-9.8993302930555510e-05
-9.8387111003637670e-05
-9.7728825204902427e-05
-9.7143007680879222e-05
-9.6521516244306167e-05
-9.5867216189940511e-05
-9.5278243161794063e-05
-9.4636431473111871e-05
-9.4018758115138937e-05
-9.3440200775564807e-05
-9.2771575744007669e-05
-9.2183058610564340e-05
-9.1593005315290717e-05
-9.0913777225414076e-05
-9.0367350094916758e-05
-8.9748041174934998e-05
-8.9117997023453673e-05
-8.8571242890858227e-05
-8.7900209317972211e-05
-8.7336157272367796e-05
-8.6765321484167507e-05
-8.6118447714879796e-05
-8.5581652164866320e-05
-8.4958057573518309e-05
-8.4366902389997143e-05
-8.3824536840737760e-05
-8.3185689045741455e-05
-8.2653594783258096e-05
-8.2051060062427936e-05
-8.1481927389871143e-05
-8.0918281162635505e-05
-8.0320783373089301e-05
-7.9794119289526691e-05
-7.9174574172016570e-05
-7.8656434336156071e-05
-7.8075627101243614e-05
-7.7502284214299574e-05
-7.6993198002517864e-05
-7.6363764079691540e-05
-7.5878898563341743e-05
-7.5276958390357624e-05
-7.4756516021769965e-05
-7.4204027722178390e-05
-7.3649666678438921e-05
-7.3118935827324433e-05
-7.2557910157513677e-05
-7.2055808258285740e-05
-7.1463534030935755e-05
-7.0988701154632935e-05
-7.0397513305058991e-05
-6.9902877835820211e-05
-6.9351205161360645e-05
-6.8826771318408660e-05
-6.8303925352570542e-05
-6.7772834813448188e-05
-6.7258096198829161e-05
-6.6723520961740792e-05
-6.6219908463328894e-05
-6.5666071526309145e-05
-6.5196156424313231e-05
-6.4620341366279632e-05
-6.4165533253453784e-05
-6.3596346621427855e-05
-6.3135642128347440e-05
-6.2573826767459750e-05
-6.2113996932460825e-05
-6.1545196063808344e-05
-6.1102657433340053e-05
-6.0527344155272387e-05
-6.0086784004846504e-05
-5.9523656561281511e-05
-5.9073820685647250e-05
-5.8519330769434168e-05
-5.8064571483726896e-05
-5.7510883113238912e-05
-5.7065072063288561e-05
-5.6510336736312709e-05
-5.6056235709072025e-05
-5.5527345375167293e-05
-5.5047551887573012e-05
-5.4546091627989114e-05
-5.4047150024327792e-05
-5.3554155180286639e-05
-5.3051419056294898e-05
-5.2567131760704384e-05
-5.2053060958881529e-05
-5.1591288743335944e-05
-5.1050643987936912e-05
-5.0604814761905965e-05
-5.0064034205668382e-05
-4.9604564996575033e-05
-4.9091217333582400e-05
-4.8597694810876256e-05
-4.8121009456764333e-05
-4.7593184724560352e-05
-4.7143366713675227e-05
-4.6596364353225975e-05
-4.6135504646903988e-05
-4.5624323559409119e-05
-4.5131838694797963e-05
-4.4646843190264720e-05
-4.4127392412881757e-05
-4.3666954053452795e-05
-4.3121582206979556e-05
-4.2652086894557519e-05
-4.2140912649783979e-05
-4.1635413073449012e-05
-4.1158936947317686e-05
-4.0613388759777400e-05
-4.0136406891329030e-05
-3.9624491152515182e-05
-3.9109505273030346e-05
-3.8626856283135420e-05
-3.8074426676299661e-05
0.0000000000000000e+00
];
