%Vec Object:dSdr_b_aug_4680 1 MPI processes
%  type: seq
dSdr_b_aug_4680 = [
2.3403191441002596e+03
0.0000000000000000e+00
-9.7582129601599728e-07
-4.0256032389305879e-07
-2.4953668345498839e-07
-1.7695152274455561e-07
-1.3276200165010775e-07
-1.0544640999257570e-07
-8.6931615809662641e-08
-7.2985217810760834e-08
-6.2629053659680752e-08
-5.4690455415170107e-08
-4.8224323400654984e-08
-4.2985711475711725e-08
-3.8690851220457756e-08
-3.5068926346632680e-08
-3.1973703234950270e-08
-2.9332750811231219e-08
-2.7049271062634589e-08
-2.7638496544881983e-08
-7.1738656560149316e-05
-7.1826563138662728e-04
-6.8604093408987257e-04
-6.4714769402556428e-04
-6.0388703817979244e-04
-5.6214590494405026e-04
-5.2214052642545036e-04
-4.8174429757313019e-04
-4.4030599149907809e-04
-3.9603356178740583e-04
-3.5707678246235653e-04
-3.1964248750019399e-04
-2.8430915996392135e-04
-2.4704892593829526e-04
-2.1674394173697343e-04
-1.9036914401303256e-04
-1.6729951997154573e-04
-1.4551212259934483e-04
-1.2900993817472524e-04
-1.1649340148813012e-04
-1.0661027547836737e-04
-9.8642125171128056e-05
-9.3675549717862336e-05
-9.0645332939457535e-05
-8.8988158543311396e-05
-8.8595250770926703e-05
-8.9082453003479751e-05
-9.0089577117548830e-05
-9.1545286918341196e-05
-9.3509507496422465e-05
-9.5237704020888539e-05
-9.7049737538457199e-05
-9.8893795421458995e-05
-1.0066748319090964e-04
-1.0215257793967139e-04
-1.0348035677677677e-04
-1.0475292042423344e-04
-1.0577751546009495e-04
-1.0661624639134709e-04
-1.0728987714171162e-04
-1.0789356561881659e-04
-1.0828626096932296e-04
-1.0851677179244499e-04
-1.0869651671525331e-04
-1.0877448327806120e-04
-1.0871790059012528e-04
-1.0859927070684035e-04
-1.0842103320709163e-04
-1.0815385851014963e-04
-1.0782953604380208e-04
-1.0748545361747092e-04
-1.0708985834437059e-04
-1.0666038575969067e-04
-1.0616813268740309e-04
-1.0568457464953464e-04
-1.0517373488276920e-04
-1.0461703638796868e-04
-1.0408170050361388e-04
-1.0353586091059191e-04
-1.0291709345616718e-04
-1.0234323941219144e-04
-1.0176636987123206e-04
-1.0113338392642750e-04
-1.0054796909374600e-04
-9.9966428318356773e-05
-9.9290749566556346e-05
-9.8706088515603877e-05
-9.8102569712555279e-05
-9.7447281105418366e-05
-9.6864030230348267e-05
-9.6245253985529735e-05
-9.5593880208031561e-05
-9.5007451758527498e-05
-9.4368431230104849e-05
-9.3753503759633205e-05
-9.3177447330237419e-05
-9.2511704173570849e-05
-9.1925823163684851e-05
-9.1338277335767888e-05
-9.0661985137728072e-05
-9.0118029697673255e-05
-8.9501321256955062e-05
-8.8874041289996544e-05
-8.8329725277694877e-05
-8.7661510035472678e-05
-8.7099981526898157e-05
-8.6531639825833241e-05
-8.5887532756666256e-05
-8.5353129876018286e-05
-8.4732253092521659e-05
-8.4143656216031665e-05
-8.3603695492706103e-05
-8.2967651623239058e-05
-8.2437873409342622e-05
-8.1838023116167344e-05
-8.1271375754136534e-05
-8.0710195270641052e-05
-8.0115364349673819e-05
-7.9591020869547007e-05
-7.8974193148157387e-05
-7.8458422501222444e-05
-7.7880137415572756e-05
-7.7309350553154011e-05
-7.6802626380528271e-05
-7.6175892414858206e-05
-7.5693292678328400e-05
-7.5094042663327999e-05
-7.4575898534968269e-05
-7.4026005510360830e-05
-7.3474093582961633e-05
-7.2945784723322727e-05
-7.2387346741861945e-05
-7.1887521726636053e-05
-7.1297968570196979e-05
-7.0825350590313359e-05
-7.0236861039887308e-05
-6.9744531610682655e-05
-6.9195418269842485e-05
-6.8673404565881241e-05
-6.8153019857270948e-05
-6.7624422589281766e-05
-6.7112070593519763e-05
-6.6580073554520848e-05
-6.6078801659971655e-05
-6.5527587091513762e-05
-6.5059983408849540e-05
-6.4486817258414282e-05
-6.4034298434834507e-05
-6.3467789040634406e-05
-6.3009315446879940e-05
-6.2450271354023764e-05
-6.1992652815798745e-05
-6.1426636296227490e-05
-6.0986299890494750e-05
-6.0413788757202123e-05
-5.9975446895896300e-05
-5.9415093940567266e-05
-5.8967502595111823e-05
-5.8415786194847691e-05
-5.7963324643418370e-05
-5.7412383717031150e-05
-5.6968921172625457e-05
-5.6416898969442652e-05
-5.5965188469086898e-05
-5.5439002435014635e-05
-5.4961645533122980e-05
-5.4462850898313487e-05
-5.3966434014353006e-05
-5.3476051322977377e-05
-5.2975936779191430e-05
-5.2494195504554104e-05
-5.1982849910177763e-05
-5.1523539637952563e-05
-5.0985758769994000e-05
-5.0542340594530313e-05
-5.0004430201065205e-05
-4.9547458027545652e-05
-4.9036895772299743e-05
-4.8546021544985684e-05
-4.8072013806020749e-05
-4.7546996744471982e-05
-4.7099727689861098e-05
-4.6555717676199140e-05
-4.6097400950040634e-05
-4.5589138530921374e-05
-4.5099361246983021e-05
-4.4617131217380369e-05
-4.4100601450008356e-05
-4.3642798448542743e-05
-4.3100527686035998e-05
-4.2633726119718792e-05
-4.2125475250329610e-05
-4.1622898671398767e-05
-4.1149174979907566e-05
-4.0606806889386792e-05
-4.0132596669736061e-05
-3.9623679233861772e-05
-3.9111743381932053e-05
-3.8631880851168735e-05
-3.8082678193954682e-05
0.0000000000000000e+00
];
