%Vec Object:dSdr_b_aug_8810 1 MPI processes
%  type: seq
dSdr_b_aug_8810 = [
2.2809766563241315e+03
0.0000000000000000e+00
-6.6125577614667308e-07
-2.7363445029226220e-07
-1.7050783480472104e-07
-1.2124476297801270e-07
-9.0881693780148173e-08
-7.2103758359296676e-08
-5.9376199999239668e-08
-4.9816998487898404e-08
-4.2717828513626900e-08
-3.7274886571298184e-08
-3.2845477389502427e-08
-2.9257404220956804e-08
-2.6315528711610998e-08
-2.3835107791430835e-08
-2.1717124244099492e-08
-5.4546705817218861e-07
-6.9972334110471172e-04
-7.8145076007917955e-04
-7.3981362292657997e-04
-7.0109630950278843e-04
-6.6316831574924381e-04
-6.2537785131835640e-04
-5.8342482160861375e-04
-5.4291180659959927e-04
-5.0405797083357545e-04
-4.6480951192969547e-04
-4.2452755545017642e-04
-3.8145803340534955e-04
-3.4355385006884411e-04
-3.0711413133177238e-04
-2.7270695834521840e-04
-2.3641303285150175e-04
-2.0688905829919563e-04
-1.8118942348606623e-04
-1.5870856218853046e-04
-1.3747817777599676e-04
-1.2139826262690155e-04
-1.0920382423933669e-04
-9.9581868681043677e-05
-9.1830445986768830e-05
-8.7007432441932309e-05
-8.4076028049405557e-05
-8.2486289990912559e-05
-8.2134233772474953e-05
-8.2641616464475154e-05
-8.3657552525247115e-05
-8.5112519831573750e-05
-8.7071481176176588e-05
-8.8795893215334277e-05
-9.0602017355215773e-05
-9.2442969843241436e-05
-9.4217613001279629e-05
-9.5706710831644382e-05
-9.7043368969661274e-05
-9.8331074116108654e-05
-9.9373054797650208e-05
-1.0023204919934536e-04
-1.0093134319099385e-04
-1.0156512189626346e-04
-1.0198843052530052e-04
-1.0225299010333552e-04
-1.0247363627902150e-04
-1.0258906756629315e-04
-1.0257226396543624e-04
-1.0249774873223382e-04
-1.0236500219824060e-04
-1.0214195111161312e-04
-1.0186425585400674e-04
-1.0156986072829924e-04
-1.0122016846524266e-04
-1.0083680123802019e-04
-1.0039919530940180e-04
-9.9962744323412112e-05
-9.9498726937738210e-05
-9.8997530839757975e-05
-9.8509061133632080e-05
-9.8009910964333443e-05
-9.7448010855732931e-05
-9.6921158601874421e-05
-9.6391807535320398e-05
-9.5814081548927212e-05
-9.5275409286221585e-05
-9.4740948581031789e-05
-9.4121039905308769e-05
-9.3582933440528634e-05
-9.3027096177353613e-05
-9.2425269633260798e-05
-9.1887801064672437e-05
-9.1317456741804934e-05
-9.0718280095464950e-05
-9.0177240275948552e-05
-8.9588006751307247e-05
-8.9022058737721802e-05
-8.8490612008734870e-05
-8.7876273968535856e-05
-8.7337414513449167e-05
-8.6794595350603719e-05
-8.6170671792057919e-05
-8.5670804849401073e-05
-8.5100482173521211e-05
-8.4522508056456390e-05
-8.4021681760169532e-05
-8.3403738193808409e-05
-8.2887223012402200e-05
-8.2363369330032402e-05
-8.1768612983902861e-05
-8.1276889094041607e-05
-8.0704490923405773e-05
-8.0161527582626831e-05
-7.9664462692232674e-05
-7.9078433552066133e-05
-7.8589967614831687e-05
-7.8038000521804375e-05
-7.7515684628943143e-05
-7.6998486595505165e-05
-7.6451225666686107e-05
-7.5968275713405111e-05
-7.5399919264672197e-05
-7.4926408783182997e-05
-7.4393112277188066e-05
-7.3867918241849638e-05
-7.3403326702973744e-05
-7.2824752947860100e-05
-7.2382568830816867e-05
-7.1831304235866287e-05
-7.1354154737595236e-05
-7.0850554668592619e-05
-7.0342328609735436e-05
-6.9857221781545147e-05
-6.9344941433435907e-05
-6.8885730112844113e-05
-6.8344713787711454e-05
-6.7911603807729030e-05
-6.7371244902280722e-05
-6.6920049239867192e-05
-6.6416587763881127e-05
-6.5937743056581843e-05
-6.5461260787933826e-05
-6.4977137006225590e-05
-6.4507356099499183e-05
-6.4021347424573149e-05
-6.3561825835102326e-05
-6.3057387521407734e-05
-6.2631013570578679e-05
-6.2105097065762521e-05
-6.1693413236167921e-05
-6.1174658828935059e-05
-6.0755978709784254e-05
-6.0246366863158090e-05
-5.9828192146798639e-05
-5.9311841211034738e-05
-5.8910786811837956e-05
-5.8388258698769415e-05
-5.7989485398247804e-05
-5.7478622150203183e-05
-5.7071067446534377e-05
-5.6568823420295915e-05
-5.6157347543216859e-05
-5.5655413948819905e-05
-5.5253842718068811e-05
-5.4750215676464016e-05
-5.4341146055718810e-05
-5.3863197802863989e-05
-5.3429303368773217e-05
-5.2978056672919294e-05
-5.2526674360710500e-05
-5.2082885830156495e-05
-5.1629533625201044e-05
-5.1193206925828180e-05
-5.0730472146347285e-05
-5.0315076763533093e-05
-4.9828380447249243e-05
-4.9427969419548494e-05
-4.8941255574497198e-05
-4.8528824367494691e-05
-4.8067946932820255e-05
-4.7624311849856969e-05
-4.7198066303133473e-05
-4.6723131361504078e-05
-4.6321329718684056e-05
-4.5830696162223198e-05
-4.5417740487974793e-05
-4.4961540586645013e-05
-4.4520060770299417e-05
-4.4087161153484817e-05
-4.3622736488534624e-05
-4.3211943749139835e-05
-4.2724991228561430e-05
-4.2306242918161488e-05
-4.1850142575486520e-05
-4.1399711703716734e-05
-4.0975094369218840e-05
-4.0489466258684017e-05
-4.0064719947000075e-05
-3.9609329502621565e-05
-3.9151893768721276e-05
-3.8722001949636070e-05
-3.8231775988764314e-05
0.0000000000000000e+00
];
