%Vec Object:dSdr_b_aug_7430 1 MPI processes
%  type: seq
dSdr_b_aug_7430 = [
2.2986080207478940e+03
0.0000000000000000e+00
-7.4133952751248259e-07
-3.0683294140540498e-07
-1.9112822012196760e-07
-1.3595927559120560e-07
-1.0205733845304753e-07
-8.1092276063862477e-08
-6.6881160913356130e-08
-5.6194267484472951e-08
-4.8257153793080554e-08
-4.2171855119425173e-08
-3.7216545246033311e-08
-3.3201703823989492e-08
-2.9909778048583623e-08
-2.7133430628172197e-08
-2.4760618799929183e-08
-2.2815077307005137e-08
-1.2886683476176485e-05
-7.7437004224417639e-04
-7.4667400950798404e-04
-7.0770354719655398e-04
-6.6944327202637498e-04
-6.3132745825227260e-04
-5.8901664815450027e-04
-5.4816800819490550e-04
-5.0899948405485197e-04
-4.6943736812475682e-04
-4.2883941002909155e-04
-3.8544116320483797e-04
-3.4724933153644326e-04
-3.1053781982771879e-04
-2.7587755181386663e-04
-2.3931955820800506e-04
-2.0958215312487502e-04
-1.8369801306522226e-04
-1.6105625731177296e-04
-1.3967365485945075e-04
-1.2347834379238014e-04
-1.1119588375023148e-04
-1.0150255683004378e-04
-9.3691907926512179e-05
-8.8829662545482628e-05
-8.5871255250066612e-05
-8.4263088581615217e-05
-8.3899868712154530e-05
-8.4401736647095232e-05
-8.5415264679456257e-05
-8.6870434944998312e-05
-8.8830833558105882e-05
-9.0556279849866227e-05
-9.2364018919320129e-05
-9.4205820075245569e-05
-9.5980202187114056e-05
-9.7468206109798604e-05
-9.8802437788434418e-05
-1.0008600514973538e-04
-1.0112323476706480e-04
-1.0197669166649993e-04
-1.0266897253264017e-04
-1.0329452832681351e-04
-1.0370947110805633e-04
-1.0396472600792803e-04
-1.0417419488795743e-04
-1.0427938799737262e-04
-1.0425171376082863e-04
-1.0416514309026105e-04
-1.0401996500598023e-04
-1.0378485603331504e-04
-1.0349441871839968e-04
-1.0318644528826733e-04
-1.0282420887335690e-04
-1.0242824219773609e-04
-1.0197570256275542e-04
-1.0152637839012590e-04
-1.0104956561124763e-04
-1.0053320208741034e-04
-1.0003192501937228e-04
-9.9520015790761435e-05
-9.8942575249611213e-05
-9.8402878574439963e-05
-9.7860541889579176e-05
-9.7267714729640370e-05
-9.6716268884005136e-05
-9.6168942365452712e-05
-9.5533793113675587e-05
-9.4982964437239427e-05
-9.4414096993959747e-05
-9.3797660596399410e-05
-9.3247680860984275e-05
-9.2664101297214614e-05
-9.2050660471842502e-05
-9.1497217067488883e-05
-9.0894377991734783e-05
-9.0315045109529317e-05
-8.9771407657790857e-05
-8.9143021876477650e-05
-8.8591312598751740e-05
-8.8036270749608113e-05
-8.7398036143037191e-05
-8.6886120909439288e-05
-8.6303122156738613e-05
-8.5711673976389855e-05
-8.5198963021696113e-05
-8.4567281455834379e-05
-8.4038465250968946e-05
-8.3502454098909314e-05
-8.2894211426827309e-05
-8.2390824429670042e-05
-8.1805178259146221e-05
-8.1249744407384361e-05
-8.0740957152157598e-05
-8.0141260229687968e-05
-7.9641504674231176e-05
-7.9076452292879066e-05
-7.8542021711530124e-05
-7.8012804367874795e-05
-7.7452543742739869e-05
-7.6958281967655039e-05
-7.6376679525076211e-05
-7.5891620391023028e-05
-7.5346029624681377e-05
-7.4808376203207007e-05
-7.4332270863067699e-05
-7.3740536119758731e-05
-7.3287307418835740e-05
-7.2722929601634493e-05
-7.2234577290329255e-05
-7.1718326507606468e-05
-7.1198162187174489e-05
-7.0701249318095208e-05
-7.0176355236570737e-05
-6.9706045203291224e-05
-6.9151764969135266e-05
-6.8707858435434395e-05
-6.8154346621673596e-05
-6.7691910123936081e-05
-6.7175973128739950e-05
-6.6685331408462958e-05
-6.6196851695056374e-05
-6.5700574415878589e-05
-6.5219159889641335e-05
-6.4720583738910145e-05
-6.4249652829922121e-05
-6.3732431729620633e-05
-6.3294790719145428e-05
-6.2755962061938908e-05
-6.2333119044916178e-05
-6.1801314388244211e-05
-6.1371759703242838e-05
-6.0848639254108751e-05
-6.0419685523542268e-05
-5.9889762220170053e-05
-5.9477973027146391e-05
-5.8941785799290353e-05
-5.8532199397109712e-05
-5.8007811844802290e-05
-5.7589316124961868e-05
-5.7073552531635375e-05
-5.6650876291831735e-05
-5.6135550215302800e-05
-5.5722531133663289e-05
-5.5205678901524364e-05
-5.4784956592837395e-05
-5.4293826158341801e-05
-5.3848054517550952e-05
-5.3383814157743624e-05
-5.2920125022975847e-05
-5.2463603473543444e-05
-5.1997472291574729e-05
-5.1548734926292290e-05
-5.1072716028981876e-05
-5.0645319809126779e-05
-5.0144663366551109e-05
-4.9732499567681748e-05
-4.9231794993505200e-05
-4.8807191864386306e-05
-4.8332736822439926e-05
-4.7876192477447487e-05
-4.7436894735881310e-05
-4.6948273624853608e-05
-4.6534046902255685e-05
-4.6028826926488324e-05
-4.5603475251079305e-05
-4.5133048013677936e-05
-4.4678369767549447e-05
-4.4231989457677715e-05
-4.3753325865998620e-05
-4.3329686519579328e-05
-4.2827617065072211e-05
-4.2395737212785545e-05
-4.1925385723432899e-05
-4.1460705140059440e-05
-4.1022668862483054e-05
-4.0521536058550753e-05
-4.0083274035616887e-05
-3.9613258844053472e-05
-3.9140935743437727e-05
-3.8697405777965535e-05
-3.8191158205620487e-05
0.0000000000000000e+00
];
