%Vec Object:dSdr_b_aug_6800 1 MPI processes
%  type: seq
dSdr_b_aug_6800 = [
2.3042306923044052e+03
0.0000000000000000e+00
-7.6809412267538571e-07
-3.1746540965466109e-07
-1.9742873239716503e-07
-1.4023693070240366e-07
-1.0514790966034036e-07
-8.3451272795813690e-08
-6.8745320861984026e-08
-5.7688290533370142e-08
-4.9477153403492012e-08
-4.3182129151413029e-08
-3.8057664797809078e-08
-3.3906390842504131e-08
-3.0502849249941569e-08
-2.7632989994971576e-08
-2.5180891888254822e-08
-2.3094031520548556e-08
-1.0068835618961317e-06
-6.8064928965582176e-04
-7.4989891510986422e-04
-7.1124583709442470e-04
-6.7281151743942978e-04
-6.3452112064927072e-04
-5.9201826032533283e-04
-5.5098946171661372e-04
-5.1165201735106571e-04
-4.7192153480131953e-04
-4.3115395153720058e-04
-3.8757924992265531e-04
-3.4923301271776381e-04
-3.1237560640043832e-04
-2.7757948056570465e-04
-2.4087973893164880e-04
-2.1102776735781078e-04
-1.8504458748894471e-04
-1.6231646603146431e-04
-1.4085215525487323e-04
-1.2459490144769994e-04
-1.1226519277030950e-04
-1.0253355453304141e-04
-9.4691113630946685e-05
-8.9807808970948148e-05
-8.6834906887919757e-05
-8.5216848028352637e-05
-8.4847635698860979e-05
-8.5346543421721961e-05
-8.6358778889901404e-05
-8.7814058132230173e-05
-8.9775228281508117e-05
-9.1501229773244218e-05
-9.3309835740396386e-05
-9.5152092473987397e-05
-9.6926334482965414e-05
-9.8413751232461689e-05
-9.9746680441507166e-05
-1.0102802671662314e-04
-1.0206270604679794e-04
-1.0291319050905586e-04
-1.0360170684330329e-04
-1.0422284870909178e-04
-1.0463330083456242e-04
-1.0488356112698397e-04
-1.0508703020455373e-04
-1.0518672761595319e-04
-1.0515321818634842e-04
-1.0506017633754447e-04
-1.0490832518254839e-04
-1.0466674371631485e-04
-1.0436946665402860e-04
-1.0405420459067364e-04
-1.0368523466055408e-04
-1.0328250478702044e-04
-1.0282194895737863e-04
-1.0236571464751516e-04
-1.0188203348955401e-04
-1.0135752831302702e-04
-1.0084937644085262e-04
-1.0033061833605592e-04
-9.9744835916920575e-05
-9.9198244544094536e-05
-9.8648937368878516e-05
-9.8048004118449485e-05
-9.7489701599734230e-05
-9.6935468899987814e-05
-9.6292138727993806e-05
-9.5734480953466454e-05
-9.5158619098872251e-05
-9.4534340343672204e-05
-9.3977644795683845e-05
-9.3386960746548158e-05
-9.2765863116351825e-05
-9.2205761647606830e-05
-9.1595619308936036e-05
-9.1009101622976902e-05
-9.0458920367927331e-05
-8.9822993962129964e-05
-8.9264387085503114e-05
-8.8702784275232653e-05
-8.8056867704544947e-05
-8.7538485122666554e-05
-8.6948682032080980e-05
-8.6350001163057862e-05
-8.5830910689593896e-05
-8.5191854757646598e-05
-8.4656435534990489e-05
-8.4113898422660078e-05
-8.3498416479012714e-05
-8.2988768888124840e-05
-8.2396011375904669e-05
-8.1833883527339358e-05
-8.1318803869461309e-05
-8.0711770271716629e-05
-8.0205954605592797e-05
-7.9633878223237434e-05
-7.9092944644964391e-05
-7.8557275501948783e-05
-7.7990036819979781e-05
-7.7489703014999326e-05
-7.6900990306238190e-05
-7.6409732014609471e-05
-7.5857541858794341e-05
-7.5313200410514886e-05
-7.4830914619976286e-05
-7.4232115239391397e-05
-7.3772957956919584e-05
-7.3201541142148025e-05
-7.2707175313632569e-05
-7.2184133800965342e-05
-7.1657561184492371e-05
-7.1154310993332896e-05
-7.0622646031559034e-05
-7.0146378359395940e-05
-6.9584978239318871e-05
-6.9135276260802572e-05
-6.8574704144059681e-05
-6.8106233716739336e-05
-6.7583600030727639e-05
-6.7086625831765955e-05
-6.6591706050340074e-05
-6.6088904935788381e-05
-6.5601245636815031e-05
-6.5095923432045862e-05
-6.4618868150347709e-05
-6.4094785419047752e-05
-6.3651096397850264e-05
-6.3105336666559742e-05
-6.2676503541776209e-05
-6.2137693681037963e-05
-6.1702301667486130e-05
-6.1171929975236672e-05
-6.0737190205092783e-05
-6.0199981428397932e-05
-5.9782429930653041e-05
-5.9238910662486464e-05
-5.8823519918623876e-05
-5.8291872687732945e-05
-5.7867503960581410e-05
-5.7344483228397453e-05
-5.6915794764320483e-05
-5.6393279762525402e-05
-5.5974115604463058e-05
-5.5450164242215605e-05
-5.5023186898483253e-05
-5.4524980415100906e-05
-5.4072833214510625e-05
-5.3601617992871277e-05
-5.3131322678966978e-05
-5.2667966169928577e-05
-5.2194975353583559e-05
-5.1739576052620705e-05
-5.1256426356418695e-05
-5.0822588177840853e-05
-5.0314438048754584e-05
-4.9895965431862840e-05
-4.9387750723401494e-05
-4.8956613758155590e-05
-4.8474870312585282e-05
-4.8011396304914908e-05
-4.7565092155989684e-05
-4.7069124303002407e-05
-4.6648227745290574e-05
-4.6135177718995612e-05
-4.5703171735582548e-05
-4.5225107098002140e-05
-4.4763343683216934e-05
-4.4309726598779603e-05
-4.3823419102054741e-05
-4.3392883071385046e-05
-4.2882698029323566e-05
-4.2443768017022802e-05
-4.1965764927889830e-05
-4.1493432835037340e-05
-4.1048189911110401e-05
-4.0538728994446084e-05
-4.0093203087875283e-05
-3.9615321460084022e-05
-3.9134972752860421e-05
-3.8684025487760717e-05
-3.8168663457657544e-05
0.0000000000000000e+00
];
