%Vec Object:dSdr_b_aug_6310 1 MPI processes
%  type: seq
dSdr_b_aug_6310 = [
2.3146689522250063e+03
0.0000000000000000e+00
-8.2123948134861720e-07
-3.3888704985997135e-07
-2.1032630558251887e-07
-1.4915234398128945e-07
-1.1171473829594510e-07
-8.8569273955803202e-08
-7.2882254020292539e-08
-6.1086852042415362e-08
-5.2328296447471696e-08
-4.5613998461770156e-08
-4.0149479641918660e-08
-3.5723272087532725e-08
-3.2094541028358782e-08
-2.9035353938850152e-08
-2.6422053598388285e-08
-2.4192433749364299e-08
-2.7877307162962238e-08
-1.7544332703487079e-04
-7.5092449068696007e-04
-7.1393250655958163e-04
-6.7537869701285187e-04
-6.3695540762034061e-04
-5.9430616520645665e-04
-5.5314004521120775e-04
-5.1367384558551586e-04
-4.7381502974959178e-04
-4.3291815390627630e-04
-3.8920895400935062e-04
-3.5074502501784502e-04
-3.1377641416044003e-04
-2.7887673408009397e-04
-2.4206894854456580e-04
-2.1212965151850663e-04
-1.8607098102475127e-04
-1.6327702946478408e-04
-1.4175043856213049e-04
-1.2544597044869996e-04
-1.1308024767601549e-04
-1.0331940774173581e-04
-9.5452734337052341e-05
-9.0553377899103041e-05
-8.7569427371581430e-05
-8.5943828234938017e-05
-8.5570048145661349e-05
-8.6066699495501966e-05
-8.7077949713905168e-05
-8.8533311996461572e-05
-9.0495070205734435e-05
-9.2221494862900017e-05
-9.4030761580484162e-05
-9.5873365547337485e-05
-9.7647500748291921e-05
-9.9134469923148154e-05
-1.0046640634187148e-04
-1.0174605963495955e-04
-1.0277879505899943e-04
-1.0362701384272403e-04
-1.0431266074479772e-04
-1.0493043819268098e-04
-1.0533746741748033e-04
-1.0558392068526164e-04
-1.0578281655369551e-04
-1.0587832499756608e-04
-1.0584036782928969e-04
-1.0574239347827534e-04
-1.0558545593386845e-04
-1.0533894096358003e-04
-1.0503645046744961e-04
-1.0471563281838487e-04
-1.0434153042778833e-04
-1.0393364546911819e-04
-1.0346697948886969e-04
-1.0300547809343822e-04
-1.0251656167922953e-04
-1.0198585072540715e-04
-1.0147245869998627e-04
-1.0094848020503586e-04
-1.0035633939232452e-04
-9.9804492703355866e-05
-9.9249872441018868e-05
-9.8642760520576347e-05
-9.8079231669378065e-05
-9.7519734900912951e-05
-9.6870169022155890e-05
-9.6307305933798624e-05
-9.5726112759576495e-05
-9.5095856358807566e-05
-9.4534041846336631e-05
-9.3937942576622404e-05
-9.3311008734125146e-05
-9.2745832318253334e-05
-9.2130123245982390e-05
-9.1538129119031700e-05
-9.0982960009731246e-05
-9.0341285947574194e-05
-8.9777421544903779e-05
-8.9210817802453423e-05
-8.8559045842953935e-05
-8.8035733683045463e-05
-8.7440744154744922e-05
-8.6836550350470363e-05
-8.6312597249368962e-05
-8.5667920392228420e-05
-8.5127468185487070e-05
-8.4579956824324542e-05
-8.3958956928120645e-05
-8.3444537357582201e-05
-8.2846359404299520e-05
-8.2279129225530087e-05
-8.1759253342673067e-05
-8.1146627549187120e-05
-8.0636192717061525e-05
-8.0058762467326836e-05
-7.9512872144189476e-05
-7.8972285280477805e-05
-7.8399727751225567e-05
-7.7894765695587755e-05
-7.7300633366493416e-05
-7.6804649924501470e-05
-7.6247429551665888e-05
-7.5697990324871008e-05
-7.5210993643419016e-05
-7.4606809422665080e-05
-7.4143133230329545e-05
-7.3566351118891930e-05
-7.3067401640774211e-05
-7.2539184067549320e-05
-7.2007726891477148e-05
-7.1499646239017988e-05
-7.0962820347209680e-05
-7.0482011618221312e-05
-6.9915184547666127e-05
-6.9461065141142986e-05
-6.8895111490019985e-05
-6.8422041856113495e-05
-6.7894303790558909e-05
-6.7392502823977382e-05
-6.6892674267923514e-05
-6.6384900529500802e-05
-6.5892481315560472e-05
-6.5382017106964152e-05
-6.4900293682964373e-05
-6.4370980853021927e-05
-6.3922681895338482e-05
-6.3371639135124911e-05
-6.2938240209893209e-05
-6.2394090817537450e-05
-6.1954249456855736e-05
-6.1418350697007445e-05
-6.0979200674766504e-05
-6.0436438740791299e-05
-6.0014495083702914e-05
-5.9465387165403233e-05
-5.9045572222311304e-05
-5.8508391499117673e-05
-5.8079546236172977e-05
-5.7550993949766645e-05
-5.7117722837675636e-05
-5.6589728278503384e-05
-5.6165880212051380e-05
-5.5636517739848444e-05
-5.5204772678077244e-05
-5.4701172681647617e-05
-5.4244165900505665e-05
-5.3767634297826030e-05
-5.3292303624970466e-05
-5.2823737377845658e-05
-5.2345518019323110e-05
-5.1885040871002494e-05
-5.1396455952831765e-05
-5.0957707608381659e-05
-5.0443845666564856e-05
-5.0020564379470125e-05
-4.9506625336030960e-05
-4.9070508203060075e-05
-4.8583209450573488e-05
-4.8114453589625170e-05
-4.7662809105141873e-05
-4.7161241523491038e-05
-4.6735261212453650e-05
-4.6216243115133872e-05
-4.5779165271480593e-05
-4.5295279476806727e-05
-4.4828115879649021e-05
-4.4368983119204642e-05
-4.3876849707013028e-05
-4.3441057421682419e-05
-4.2924687203990860e-05
-4.2480384324589561e-05
-4.1996550253392461e-05
-4.1518387724773177e-05
-4.1067654209671684e-05
-4.0551849199282554e-05
-4.0100792781526101e-05
-3.9616926424764351e-05
-3.9130484383005995e-05
-3.8673950909750132e-05
-3.8152000331315545e-05
0.0000000000000000e+00
];
