%Vec Object:dSdr_b_aug_100 1 MPI processes
%  type: seq
dSdr_b_aug_100 = [
2.6479739954432707e+03
0.0000000000000000e+00
-1.0524776822870950e-05
-4.2050585936306268e-06
-2.4848258215778407e-06
-1.7168203089464742e-06
-1.2897765754614934e-06
-1.0269339982105893e-06
-8.4886326889024252e-07
-7.1187034660068423e-07
-6.1025378983097446e-07
-5.3246224348927442e-07
-4.6883413967903574e-07
-4.1727196661038969e-07
-3.7502511614160788e-07
-3.3938599694870158e-07
-3.0891606305436364e-07
-2.8292897930517507e-07
-2.6046630357325118e-07
-2.4064107238655020e-07
-2.2327722464859770e-07
-2.0796732099246225e-07
-1.9420387992448661e-07
-1.8190145242367310e-07
-1.7086597624288755e-07
-1.6085236805363423e-07
-1.5174697460045014e-07
-1.4347204144816910e-07
-1.3590162680410589e-07
-1.2893086398731490e-07
-1.2253068018785984e-07
-1.1663355787905318e-07
-1.1115131830685362e-07
-1.0607609520893893e-07
-1.0136672856213967e-07
-9.6963278044956759e-08
-9.2855254026900617e-08
-8.9018807867908365e-08
-8.5417081010506364e-08
-8.2034260723265203e-08
-7.8857932746119806e-08
-7.5864842470847835e-08
-7.3038182774343181e-08
-7.0371799616260768e-08
-6.7850800573816652e-08
-6.5459531126030732e-08
-6.3196256668818335e-08
-6.1054463392890420e-08
-5.9030884188470473e-08
-5.7162064693438385e-08
-5.5566225746259179e-08
-5.4663422352909739e-08
-5.5970458520754987e-08
-6.5126120331647382e-08
-1.0501223596086316e-07
-2.6530079455216129e-07
-8.4314039061822394e-07
-2.7755474071516732e-06
-8.7583711568839846e-06
-2.4237999840454427e-05
-5.2258027429254736e-05
-8.3737898795918200e-05
-1.0734381132726071e-04
-1.2167420486631787e-04
-1.2973433887053621e-04
-1.3403013482865043e-04
-1.3621374545827862e-04
-1.3720875326895762e-04
-1.3750059060647934e-04
-1.3737792285863461e-04
-1.3702865335025422e-04
-1.3653994097526719e-04
-1.3595621706538621e-04
-1.3523287444429833e-04
-1.3453712342938190e-04
-1.3380461765268384e-04
-1.3297623928942926e-04
-1.3220924934093150e-04
-1.3143058211062612e-04
-1.3052641214002743e-04
-1.2971626484961792e-04
-1.2890008356297088e-04
-1.2798846204713365e-04
-1.2716727040341678e-04
-1.2634816374237974e-04
-1.2539099552677106e-04
-1.2457134047669173e-04
-1.2372711955262473e-04
-1.2280193364444026e-04
-1.2198755131789574e-04
-1.2112426237446923e-04
-1.2020936398530091e-04
-1.1939378334851731e-04
-1.1850340366347710e-04
-1.1764119349517143e-04
-1.1683991555320375e-04
-1.1591464274606353e-04
-1.1509136318488356e-04
-1.1427800493524747e-04
-1.1333731834608642e-04
-1.1257077234576941e-04
-1.1171987658573895e-04
-1.1084366811138013e-04
-1.1007978745478611e-04
-1.0915776762429332e-04
-1.0836898230488945e-04
-1.0757603595606181e-04
-1.0668277402058476e-04
-1.0593289978853403e-04
-1.0506727123381605e-04
-1.0424828654285377e-04
-1.0349175984882465e-04
-1.0260320899844974e-04
-1.0186485981188789e-04
-1.0102326407103668e-04
-1.0023280290045243e-04
-9.9449570761622877e-05
-9.8614575876896084e-05
-9.7881251535484031e-05
-9.7019709725071045e-05
-9.6290582971889324e-05
-9.5485166975415724e-05
-9.4684198622391392e-05
-9.3964762456577214e-05
-9.3094885297569262e-05
-9.2408242416333887e-05
-9.1566731857316690e-05
-9.0841621576240084e-05
-9.0058012920627930e-05
-8.9285547861439818e-05
-8.8539128723850657e-05
-8.7747658700370722e-05
-8.7042791367362561e-05
-8.6208194655049660e-05
-8.5536116944061181e-05
-8.4704634867757670e-05
-8.4004638065001148e-05
-8.3225047116568504e-05
-8.2485091208452907e-05
-8.1743061570361378e-05
-8.0989936570696695e-05
-8.0262661673375106e-05
-7.9498489239728106e-05
-7.8786438821739919e-05
-7.7999071621549047e-05
-7.7323318166921159e-05
-7.6511610048700331e-05
-7.5852935004956399e-05
-7.5045333049696299e-05
-7.4385962317680728e-05
-7.3577358524348017e-05
-7.2920609007679613e-05
-7.2103855727797213e-05
-7.1465206290930445e-05
-7.0640356912873064e-05
-7.0002256494243811e-05
-6.9192057187581979e-05
-6.8542345535494689e-05
-6.7740871841348734e-05
-6.7081500305382535e-05
-6.6283151816239473e-05
-6.5628208999283540e-05
-6.4831872158820807e-05
-6.4164899541563610e-05
-6.3395196100124066e-05
-6.2698432244807996e-05
-6.1959606266912779e-05
-6.1235849179571434e-05
-6.0510254605291536e-05
-5.9774081634967951e-05
-5.9063089071902083e-05
-5.8306358748071181e-05
-5.7625375257328044e-05
-5.6829728528750389e-05
-5.6169228767682292e-05
-5.5372897403158855e-05
-5.4691111817645504e-05
-5.3929774458287097e-05
-5.3200481141763874e-05
-5.2485423867905391e-05
-5.1707657839698301e-05
-5.1030951945748660e-05
-5.0217594888857092e-05
-4.9530419370113331e-05
-4.8759494083999021e-05
-4.8026097749012251e-05
-4.7295079592174174e-05
-4.6515814713045248e-05
-4.5821077090363160e-05
-4.5000041850538717e-05
-4.4291305906796469e-05
-4.3520664079441119e-05
-4.2756064870642449e-05
-4.2036209013584573e-05
-4.1210117751238888e-05
-4.0490650336306651e-05
-3.9719633746845011e-05
-3.8949914572536379e-05
-3.8266658165556448e-05
-3.7679550892068158e-05
0.0000000000000000e+00
];
