%Vec Object:dSdr_b_aug_7420 1 MPI processes
%  type: seq
dSdr_b_aug_7420 = [
2.2986964755423719e+03
0.0000000000000000e+00
-7.4176433136368803e-07
-3.0700705746749269e-07
-1.9123501918059811e-07
-1.3603454279645901e-07
-1.0211385023934279e-07
-8.1137205985541478e-08
-6.6918240698668484e-08
-5.6225402981928660e-08
-4.8283876615460841e-08
-4.2195196750407205e-08
-3.7237128989759434e-08
-3.3220052990805089e-08
-2.9926295568316277e-08
-2.7148403190612690e-08
-2.4774270732215220e-08
-2.2824320117046615e-08
-1.2396710091337309e-05
-7.7391753315096711e-04
-7.4673891517912394e-04
-7.0776834907284843e-04
-6.6950483680603432e-04
-6.3138583127342991e-04
-5.8907151091213046e-04
-5.4821957805511058e-04
-5.0904796643126292e-04
-4.6948277313609552e-04
-4.2888171467193664e-04
-3.8548024264903509e-04
-3.4728558879300276e-04
-3.1057141045737495e-04
-2.7590865926665505e-04
-2.3934807482417982e-04
-2.0960857572208854e-04
-1.8372262543646132e-04
-1.6107929111131984e-04
-1.3969519521381780e-04
-1.2349875197216584e-04
-1.1121542833074531e-04
-1.0152140115711326e-04
-9.3710171170881270e-05
-8.8847540876943478e-05
-8.5888868649744624e-05
-8.4280521174043456e-05
-8.3917191775664728e-05
-8.4419005604383662e-05
-8.5432510011393406e-05
-8.6887682268617182e-05
-8.8848094983510383e-05
-9.0573551422932057e-05
-9.2381306337190473e-05
-9.4223115819920490e-05
-9.5997495370896114e-05
-9.7485488561254691e-05
-9.8819696433555143e-05
-1.0010322319827250e-04
-1.0114040620196969e-04
-1.0199380877182180e-04
-1.0268602083066617e-04
-1.0331149594803413e-04
-1.0372635665007113e-04
-1.0398152025963344e-04
-1.0419087947664126e-04
-1.0429597213693965e-04
-1.0426819124607277e-04
-1.0418150229679952e-04
-1.0403620224367286e-04
-1.0380097496826555e-04
-1.0351041263803210e-04
-1.0320230598795487e-04
-1.0283994649941691e-04
-1.0244385620763635e-04
-1.0199117005452114e-04
-1.0154171958001300e-04
-1.0106478126250324e-04
-1.0054826892744367e-04
-1.0004686620334052e-04
-9.9534831792571005e-05
-9.8957238780531339e-05
-9.8417416085689208e-05
-9.7874951995837568e-05
-9.7281976674679804e-05
-9.6730405504380390e-05
-9.6182952756267051e-05
-9.5547653975553193e-05
-9.4996700478464346e-05
-9.4427705192976627e-05
-9.3811125454647959e-05
-9.3261022969187411e-05
-9.2677313551304218e-05
-9.2063732776655749e-05
-9.1510167677765955e-05
-9.0907195114691685e-05
-9.0327730910333997e-05
-8.9783973852497413e-05
-8.9155450245427417e-05
-8.8603614895012259e-05
-8.8048453126165734e-05
-8.7410078110466546e-05
-8.6898044668199444e-05
-8.6314921547430665e-05
-8.5723341169736795e-05
-8.5210513611734583e-05
-8.4578697258982867e-05
-8.4049760365748102e-05
-8.3513629933758759e-05
-8.2905254944013796e-05
-8.2401753517234136e-05
-8.1815977367319877e-05
-8.1260421164298848e-05
-8.0751518898055627e-05
-8.0151687877603821e-05
-7.9651821556909471e-05
-7.9086640792562548e-05
-7.8552091351008060e-05
-7.8022756082924696e-05
-7.7462367914553801e-05
-7.6967995156378388e-05
-7.6386262754074625e-05
-7.5901090313323013e-05
-7.5355378924940497e-05
-7.4817603261334359e-05
-7.4341384956424917e-05
-7.3749521087390171e-05
-7.3296184025297738e-05
-7.2731677551009512e-05
-7.2243215326103240e-05
-7.1726840424072197e-05
-7.1206558974369106e-05
-7.0709530273265216e-05
-7.0184512435244849e-05
-6.9714093509702467e-05
-6.9159683140011702e-05
-6.8715670678595826e-05
-6.8162029818346498e-05
-6.7699483033930295e-05
-6.7183423638266215e-05
-6.6692666174505673e-05
-6.6204068751125973e-05
-6.5707672230897845e-05
-6.5226143564252963e-05
-6.4727444110816690e-05
-6.4256401262069893e-05
-6.3739054746581991e-05
-6.3301303192080528e-05
-6.2762347850430893e-05
-6.2339395347725505e-05
-6.1807462651688932e-05
-6.1377801273475825e-05
-6.0854548287942585e-05
-6.0425488801622047e-05
-5.9895432336210711e-05
-5.9483537821264249e-05
-5.8947216580241497e-05
-5.8537524087810461e-05
-5.8013003844961542e-05
-5.7594400779832882e-05
-5.7078504542402823e-05
-5.6655718412755723e-05
-5.6140260938936265e-05
-5.5727129539235882e-05
-5.5210147551086700e-05
-5.4789310914569068e-05
-5.4298051145966227e-05
-5.3852162974457211e-05
-5.3387795130052148e-05
-5.2923985249403704e-05
-5.2467338772519780e-05
-5.2001082212128922e-05
-5.1552223081944197e-05
-5.1076073849998698e-05
-5.0648559886002815e-05
-5.0147766476107457e-05
-4.9735487366709345e-05
-4.9234645524700062e-05
-4.8809922972358650e-05
-4.8335334715472628e-05
-4.7878663712618941e-05
-4.7439237910584663e-05
-4.6950482518680240e-05
-4.6536133887705403e-05
-4.6030770797639330e-05
-4.5605297498113155e-05
-4.5134730668193279e-05
-4.4679922923499191e-05
-4.4233410344555537e-05
-4.3754607043051854e-05
-4.3330841645210042e-05
-4.2828623861714178e-05
-4.2396615155767544e-05
-4.1926123822318431e-05
-4.1461303400316340e-05
-4.1023135421285009e-05
-4.0521850428478154e-05
-4.0083455687645287e-05
-3.9613296805525031e-05
-3.9140827207316949e-05
-3.8697162212522839e-05
-3.8190750938281744e-05
0.0000000000000000e+00
];
