%Vec Object:dSdr_b_aug_8820 1 MPI processes
%  type: seq
dSdr_b_aug_8820 = [
2.2808463660114776e+03
0.0000000000000000e+00
-6.6075804837742270e-07
-2.7344918281115390e-07
-1.7040648206416769e-07
-1.2118254577201219e-07
-9.0842003593202132e-08
-7.2077898090883399e-08
-5.9359655670254004e-08
-4.9807239667525137e-08
-4.2713066263501052e-08
-3.7273941011497524e-08
-3.2847535766445715e-08
-2.9261862199693043e-08
-2.6321942912783017e-08
-2.3843136885926322e-08
-2.1726577043549048e-08
-5.8006774619537075e-07
-7.0428814440564962e-04
-7.8140200600339369e-04
-7.3975468086558702e-04
-7.0104022694080696e-04
-6.6311506020531972e-04
-6.2532735710727069e-04
-5.8337736387599818e-04
-5.4286719731077605e-04
-5.0401603230011498e-04
-4.6477023539876275e-04
-4.2449096082044997e-04
-3.8142422865837397e-04
-3.4352248658937147e-04
-3.0708507455567117e-04
-2.7268004958339004e-04
-2.3638836523268540e-04
-2.0686620206281797e-04
-1.8116813314362554e-04
-1.5868863736317142e-04
-1.3745954482115511e-04
-1.2138060903364618e-04
-1.0918691768264706e-04
-9.9565567851898790e-05
-9.1814647809547079e-05
-8.6991967224350655e-05
-8.4060792004469391e-05
-8.2471210348578308e-05
-8.2119248875017414e-05
-8.2626678369750013e-05
-8.3642634866487828e-05
-8.5097600449376555e-05
-8.7056549594978104e-05
-8.8780952855618112e-05
-9.0587063288827797e-05
-9.2428008573487897e-05
-9.4202653946335156e-05
-9.5691761060062318e-05
-9.7028439790832963e-05
-9.8316180054069702e-05
-9.9358201057332844e-05
-1.0021724245528280e-04
-1.0091659596680997e-04
-1.0155044445941440e-04
-1.0197382408892042e-04
-1.0223846263529088e-04
-1.0245920367220312e-04
-1.0257472185044868e-04
-1.0255801050823606e-04
-1.0248359758909862e-04
-1.0235095656123871e-04
-1.0212800780948159e-04
-1.0185042069330897e-04
-1.0155614080626426e-04
-1.0120655500504102e-04
-1.0082329470896053e-04
-1.0038581552230818e-04
-9.9949473790688731e-05
-9.9485564999164642e-05
-9.8984497626743360e-05
-9.8496136616354094e-05
-9.7997094732857074e-05
-9.7435326515537919e-05
-9.6908583271960069e-05
-9.6379342414024564e-05
-9.5801744590944525e-05
-9.5263180737322988e-05
-9.4728829223984228e-05
-9.4109049894694228e-05
-9.3571051403023591e-05
-9.3015324726690907e-05
-9.2413622176102072e-05
-9.1876259789500905e-05
-9.1306027793833136e-05
-9.0706972207274804e-05
-9.0166037656709636e-05
-8.9576919602092173e-05
-8.9011085185600346e-05
-8.8479741919013914e-05
-8.7865523101708176e-05
-8.7326772702793742e-05
-8.6784057273628075e-05
-8.6160255172665023e-05
-8.5660490483598401e-05
-8.5090275389409627e-05
-8.4512415626618632e-05
-8.4011690195347089e-05
-8.3393863223288605e-05
-8.2877452440587815e-05
-8.2353701938591442e-05
-8.1759060050818662e-05
-8.1267435145687380e-05
-8.0695149410744708e-05
-8.0152291907124531e-05
-7.9655326504385861e-05
-7.9069413362610632e-05
-7.8581043240325463e-05
-7.8029187202076358e-05
-7.7506974126527529e-05
-7.6989878100936721e-05
-7.6442727500489196e-05
-7.5959873550613297e-05
-7.5391629520585383e-05
-7.4918217052493237e-05
-7.4385024887863024e-05
-7.3859936595312752e-05
-7.3395442774061147e-05
-7.2816980716235884e-05
-7.2374890334589307e-05
-7.1823737031547399e-05
-7.1346682611573444e-05
-7.0843189909189841e-05
-7.0335065170382257e-05
-6.9850058540097334e-05
-6.9337885244777144e-05
-6.8878768119017082e-05
-6.8337864364722924e-05
-6.7904846015170306e-05
-6.7364598738514389e-05
-6.6913498477164251e-05
-6.6410142880997326e-05
-6.5931398295056377e-05
-6.5455017848836927e-05
-6.4970997213987936e-05
-6.4501315041938227e-05
-6.4015413027329138e-05
-6.3555988268931599e-05
-6.3051658442923059e-05
-6.2625380115838915e-05
-6.2099573196674454e-05
-6.1687984075351542e-05
-6.1169340425836714e-05
-6.0750752599421327e-05
-6.0241255400594961e-05
-5.9823172166073518e-05
-5.9306936419337204e-05
-5.8905973126738464e-05
-5.8383560938982384e-05
-5.7984879409720039e-05
-5.7474130942926355e-05
-5.7066669096207705e-05
-5.6564539811100966e-05
-5.6153158992132999e-05
-5.5651339060404793e-05
-5.5249864988304764e-05
-5.4746350189689096e-05
-5.4337379466180935e-05
-5.3859543091444782e-05
-5.3425749460249019e-05
-5.2974613042746698e-05
-5.2523335179783734e-05
-5.2079654715716640e-05
-5.1626410967430940e-05
-5.1190189599026620e-05
-5.0727567563666283e-05
-5.0312274033969658e-05
-4.9825696199513117e-05
-4.9425384920071710e-05
-4.8938789817130356e-05
-4.8526461916360368e-05
-4.8065699718372410e-05
-4.7622174200326119e-05
-4.7196039432137372e-05
-4.6721220650278927e-05
-4.6319524465137628e-05
-4.5829014710666521e-05
-4.5416164249510328e-05
-4.4960085105335109e-05
-4.4518717315733358e-05
-4.4085932123669567e-05
-4.3621628321845685e-05
-4.3210944633178856e-05
-4.2724120437563188e-05
-4.2305483610234530e-05
-4.1849504264785654e-05
-4.1399194396235425e-05
-4.0974691043120619e-05
-4.0489194665460846e-05
-4.0064563297586196e-05
-3.9609297402153000e-05
-3.9151988930324110e-05
-3.8722215426282600e-05
-3.8232139102206420e-05
0.0000000000000000e+00
];
