%Vec Object:dSdr_b_aug_6120 1 MPI processes
%  type: seq
dSdr_b_aug_6120 = [
2.3174305610091346e+03
0.0000000000000000e+00
-8.3722975673161915e-07
-3.4589180518561194e-07
-2.1491914263389604e-07
-1.5261010004453115e-07
-1.1447846215055801e-07
-9.0902634595171180e-08
-7.4922652548972545e-08
-6.2898958024253206e-08
-5.3970006273768561e-08
-4.7124902148046141e-08
-4.1551082161609154e-08
-3.7035512176834597e-08
-3.3333300218184783e-08
-3.0211308417334705e-08
-2.7543473687186176e-08
-2.5267141698328097e-08
-2.4800428625924345e-08
-7.9644558046392745e-05
-7.5015074243547485e-04
-7.1508602258281212e-04
-6.7649135890752987e-04
-6.3801061064399538e-04
-5.9529791786514798e-04
-5.5407227237856899e-04
-5.1455026040643330e-04
-4.7463581514103431e-04
-4.3368289404122475e-04
-3.8991539234474194e-04
-3.5140044676861096e-04
-3.1438363139579345e-04
-2.7943906302213106e-04
-2.4258444304117268e-04
-2.1260729252142071e-04
-1.8651589864942852e-04
-1.6369341131778291e-04
-1.4213982347706624e-04
-1.2581488909465277e-04
-1.1343355507299883e-04
-1.0366005689901354e-04
-9.5782879279494740e-05
-9.0876564769429833e-05
-8.7887825056833855e-05
-8.6258957446283023e-05
-8.5883197341200568e-05
-8.6378870436048155e-05
-8.7389693552755414e-05
-8.8845091811989090e-05
-9.0807104912240733e-05
-9.2533712984319753e-05
-9.4343266105154636e-05
-9.6186020574065445e-05
-9.7960109462119182e-05
-9.9446884611126927e-05
-1.0077839066697399e-04
-1.0205731008153746e-04
-1.0308920285834152e-04
-1.0393643951493750e-04
-1.0462084257774928e-04
-1.0523716162234617e-04
-1.0564270709358570e-04
-1.0588751009976001e-04
-1.0608442358421720e-04
-1.0617811620408398e-04
-1.0613823104109718e-04
-1.0603811856222439e-04
-1.0587897618378432e-04
-1.0563032265193000e-04
-1.0532557225158783e-04
-1.0500234638380827e-04
-1.0462601918944406e-04
-1.0421589961994628e-04
-1.0374658503090484e-04
-1.0328280047545440e-04
-1.0279161469863916e-04
-1.0225821368458836e-04
-1.0174255017409425e-04
-1.0121630876102662e-04
-1.0062141173294183e-04
-1.0006728698649407e-04
-9.9510363624441702e-05
-9.8900573394814124e-05
-9.8334779050153148e-05
-9.7773000430552418e-05
-9.7120731518808410e-05
-9.6555612048312951e-05
-9.5972107871528735e-05
-9.5339260301369695e-05
-9.4775226837362085e-05
-9.4176780196224508e-05
-9.3547316492484703e-05
-9.2979940205736378e-05
-9.2361818084938760e-05
-9.1767450049195791e-05
-9.1210118821871792e-05
-9.0565953285641300e-05
-8.9999809868733006e-05
-8.9431038339432274e-05
-8.8776728206548384e-05
-8.8251279190181505e-05
-8.7654041464682312e-05
-8.7047457936086629e-05
-8.6521397003550769e-05
-8.5874283611138153e-05
-8.5331649727601134e-05
-8.4781982150037528e-05
-8.4158590354904166e-05
-8.3642102246931770e-05
-8.3041574663730928e-05
-8.2472132748580851e-05
-8.1950177818703853e-05
-8.1335127943942190e-05
-8.0822690815788369e-05
-8.0242939794570610e-05
-7.9694900843166799e-05
-7.9152182267315909e-05
-7.8577319147195274e-05
-7.8070350857937609e-05
-7.7473869255452728e-05
-7.6975837576296894e-05
-7.6416436727308622e-05
-7.5864787738155620e-05
-7.5375749000968428e-05
-7.4769230583739021e-05
-7.4303595555092435e-05
-7.3724487719039608e-05
-7.3223551341773045e-05
-7.2693090073498292e-05
-7.2159515561259711e-05
-7.1649341023089479e-05
-7.1110277995423165e-05
-7.0627500830979716e-05
-7.0058321311421547e-05
-6.9602287059919403e-05
-6.9034000646978934e-05
-6.8558937371829994e-05
-6.8028986684870018e-05
-6.7525093435253012e-05
-6.7023137048316704e-05
-6.6513207802165630e-05
-6.6018725285003053e-05
-6.5506032147071889e-05
-6.5022285201713132e-05
-6.4490705256123589e-05
-6.4040408008549245e-05
-6.3487075189472714e-05
-6.3051697107037056e-05
-6.2505233164091522e-05
-6.2063463126880208e-05
-6.1525168525016646e-05
-6.1084106774055390e-05
-6.0538937689980081e-05
-6.0115090148118045e-05
-5.9563559695774758e-05
-5.9141826980798343e-05
-5.8602247634705783e-05
-5.8171461914932332e-05
-5.7640511847556490e-05
-5.7205254283503330e-05
-5.6674884484967153e-05
-5.6249006074932383e-05
-5.5717298036362342e-05
-5.5283486304428414e-05
-5.4777548372573981e-05
-5.4318435104704576e-05
-5.3839599005293667e-05
-5.3362085654403677e-05
-5.2891261142566839e-05
-5.2410775371159851e-05
-5.1948097135736566e-05
-5.1457156220937925e-05
-5.1016279483043873e-05
-5.0499941658300508e-05
-5.0074575983862550e-05
-4.9558155641330677e-05
-4.9119879794716228e-05
-4.8630173028538214e-05
-4.8159127699509778e-05
-4.7705168408043178e-05
-4.7201173593743998e-05
-4.6772989729281054e-05
-4.6251384770477729e-05
-4.5812108575981574e-05
-4.5325699661393293e-05
-4.4856195467551357e-05
-4.4394672099077783e-05
-4.3900013667346819e-05
-4.3461943386870504e-05
-4.2942892637857812e-05
-4.2496261517298818e-05
-4.2009900882523424e-05
-4.1529212417356980e-05
-4.1076100900426643e-05
-4.0557548984543600e-05
-4.0104100293244014e-05
-3.9617648913640470e-05
-3.9128585182348036e-05
-3.8669685434262570e-05
-3.8145172717665922e-05
0.0000000000000000e+00
];
