%Vec Object:dSdr_b_aug_9540 1 MPI processes
%  type: seq
dSdr_b_aug_9540 = [
2.2757914694101314e+03
0.0000000000000000e+00
-6.4085551913175490e-07
-2.6560286535704441e-07
-1.6579376936943262e-07
-1.1808491418971883e-07
-8.8636543724294788e-08
-7.0421987551269331e-08
-5.8075174701471187e-08
-4.8799177490006706e-08
-4.1909468079679270e-08
-3.6626773302733524e-08
-3.2326043637778201e-08
-2.8841577200515964e-08
-2.5984402218390123e-08
-2.3574759859956950e-08
-2.1530862153504405e-08
-6.2901541438428991e-06
-8.0035964590998733e-04
-7.7827433981388354e-04
-7.3644328244042178e-04
-6.9789206085410786e-04
-6.6012561327500057e-04
-6.2249291521840463e-04
-5.8071337165442822e-04
-5.4036309960883255e-04
-5.0166185475763894e-04
-4.6256548667895290e-04
-4.2243675791187876e-04
-3.7952663299141258e-04
-3.4176192899937173e-04
-3.0545400142018985e-04
-2.7116955304798916e-04
-2.3500367297829677e-04
-2.0558319004190310e-04
-1.7997302139839349e-04
-1.5757017699382286e-04
-1.3641360228110357e-04
-1.2038964195558475e-04
-1.0823788474122313e-04
-9.8650536811147182e-05
-9.0927832627011668e-05
-8.6123842401934493e-05
-8.3205531568731077e-05
-8.1624729429736139e-05
-8.1278086381452681e-05
-8.1788143119188169e-05
-8.2805246787396119e-05
-8.4260115645603550e-05
-8.6218380031663901e-05
-8.7942290536071851e-05
-8.9747631575240613e-05
-9.1588172521120414e-05
-9.3362942234205079e-05
-9.4852570472572033e-05
-9.6190405168464072e-05
-9.7480116688088576e-05
-9.8524401120600962e-05
-9.9386080614806565e-05
-1.0008877522306553e-04
-1.0072654116523752e-04
-1.0115390634160985e-04
-1.0142297770243100e-04
-1.0164904368505860e-04
-1.0176943940611976e-04
-1.0175790691564314e-04
-1.0168923729819739e-04
-1.0156251875581981e-04
-1.0134531447330457e-04
-1.0107379777171720e-04
-1.0078598669470267e-04
-1.0044237702497355e-04
-1.0006511920445005e-04
-9.9634754553675769e-05
-9.9204545709370075e-05
-9.8746732743990558e-05
-9.8252891254153480e-05
-9.7770631772355019e-05
-9.7277668405898769e-05
-9.6723303775324098e-05
-9.6202679716343497e-05
-9.5679625310611183e-05
-9.5109221808133926e-05
-9.4576743391606313e-05
-9.4048521254852939e-05
-9.3436002659156808e-05
-9.2904065131281963e-05
-9.2354546137639104e-05
-9.1759803839487649e-05
-9.1228401873525724e-05
-9.0664475253580249e-05
-9.0072215237588007e-05
-8.9537189855019178e-05
-8.8954553595318691e-05
-8.8395095838823270e-05
-8.7869560331230127e-05
-8.7262033972134438e-05
-8.6729405333066267e-05
-8.6192512890844383e-05
-8.5575528689945304e-05
-8.5081503904523069e-05
-8.4517327799462396e-05
-8.3945887196194843e-05
-8.3450823718690448e-05
-8.2839541647775227e-05
-8.2328991178811216e-05
-8.1811032600434620e-05
-8.1222815714672135e-05
-8.0736747214934615e-05
-8.0170772941636870e-05
-7.9633856497532242e-05
-7.9142475731279005e-05
-7.8563074039340630e-05
-7.8080082389667379e-05
-7.7534460296452002e-05
-7.7018018764157532e-05
-7.6506648842944287e-05
-7.5965691411169090e-05
-7.5488226512513898e-05
-7.4926292989687247e-05
-7.4458382401254756e-05
-7.3931047330307934e-05
-7.3411894798898448e-05
-7.2952886254340845e-05
-7.2380694207194356e-05
-7.1943865563506366e-05
-7.1398959515404925e-05
-7.0927242215564616e-05
-7.0429776425544815e-05
-6.9927339181202381e-05
-6.9447957054553745e-05
-6.8941793054642318e-05
-6.8487963455943210e-05
-6.7953378746783303e-05
-6.7525503973773143e-05
-6.6991522861217467e-05
-6.6545777836571853e-05
-6.6048365691306381e-05
-6.5575241310568432e-05
-6.5104576557314592e-05
-6.4626345960706264e-05
-6.4162206153121145e-05
-6.3682291400429073e-05
-6.3228302149073270e-05
-6.2730062161977203e-05
-6.2309151569173488e-05
-6.1789496121170825e-05
-6.1383223344146202e-05
-6.0870796957759739e-05
-6.0457389881066424e-05
-5.9954328310160188e-05
-5.9541380305455379e-05
-5.9031610566771910e-05
-5.8635761438937893e-05
-5.8119856588530003e-05
-5.7726326532839643e-05
-5.7222021181034264e-05
-5.6819771750211933e-05
-5.6324083326211848e-05
-5.5918038481238780e-05
-5.5422598869874392e-05
-5.5026578680994221e-05
-5.4529364507958206e-05
-5.4125945258474190e-05
-5.3654389024546299e-05
-5.3226253835903538e-05
-5.2781307753970144e-05
-5.2335893013346341e-05
-5.1898278719188710e-05
-5.1451123040438046e-05
-5.1020814280202249e-05
-5.0564520979040194e-05
-5.0154944824111982e-05
-4.9675017794821404e-05
-4.9280305725888354e-05
-4.8800376026823801e-05
-4.8393847045845278e-05
-4.7939553462467164e-05
-4.7502178169866115e-05
-4.7082261740478244e-05
-4.6613963352486747e-05
-4.6218186793689312e-05
-4.5734626382127122e-05
-4.5327681770045544e-05
-4.4878380991642409e-05
-4.4443301453790669e-05
-4.4016939070245014e-05
-4.3559419418053748e-05
-4.3154856710904421e-05
-4.2675235306215641e-05
-4.2262855691407545e-05
-4.1813667363444103e-05
-4.1370148453942043e-05
-4.0952041268287104e-05
-4.0473936437725476e-05
-4.0055752190789590e-05
-3.9607468393538489e-05
-3.9157283767693694e-05
-3.8734095798476037e-05
-3.8252121239136534e-05
0.0000000000000000e+00
];
