%Vec Object:dSdr_b_aug_2280 1 MPI processes
%  type: seq
dSdr_b_aug_2280 = [
2.4006286190618785e+03
0.0000000000000000e+00
-1.4823537847822064e-06
-6.0839378643110089e-07
-3.7417477093368258e-07
-2.6405253482547439e-07
-1.9803495138948432e-07
-1.5725240869654540e-07
-1.2961125449964303e-07
-1.0873157110278868e-07
-9.3230457285163315e-08
-8.1350810591711195e-08
-7.1669605966331399e-08
-6.3826533473991517e-08
-5.7397310598150944e-08
-5.1975670071099650e-08
-4.7342642914904560e-08
-4.3390014312826762e-08
-3.9972712879499393e-08
-3.6957168414319838e-08
-3.4315386126092525e-08
-3.1990012712134084e-08
-7.5321623082131650e-08
-1.2010117384883395e-04
-6.1337511929563055e-04
-5.8235003071352182e-04
-5.4145372359039703e-04
-4.9984365848343524e-04
-4.5717011749271474e-04
-4.1161205361405471e-04
-3.7153025171965967e-04
-3.3303294276694451e-04
-2.9670973074731247e-04
-2.5841669521816849e-04
-2.2727695904028899e-04
-2.0018053953485952e-04
-1.7648163953100810e-04
-1.5409890077154281e-04
-1.3714539046744785e-04
-1.2428459170456987e-04
-1.1412232393273060e-04
-1.0592253282888071e-04
-1.0080251682961333e-04
-9.7666688242719200e-05
-9.5937437069498811e-05
-9.5500866598712905e-05
-9.5966499609378929e-05
-9.6964205286318017e-05
-9.8420708537014931e-05
-1.0039055009978242e-04
-1.0212279139535013e-04
-1.0394114079739428e-04
-1.0578851764234651e-04
-1.0756118416956715e-04
-1.0904200027864548e-04
-1.1036028872581099e-04
-1.1161666872423508e-04
-1.1262268149281987e-04
-1.1343975432403766e-04
-1.1408595565481627e-04
-1.1465748311268736e-04
-1.1501745841726990e-04
-1.1521157733136761e-04
-1.1534760632799704e-04
-1.1538552997640660e-04
-1.1528643076736291e-04
-1.1512065047259187e-04
-1.1489379154767551e-04
-1.1457945687883866e-04
-1.1420529857332535e-04
-1.1380810965302325e-04
-1.1336345258550028e-04
-1.1288470194116467e-04
-1.1233404125593688e-04
-1.1180013454651558e-04
-1.1123925037267639e-04
-1.1062323017523498e-04
-1.1003780308174103e-04
-1.0944206123315083e-04
-1.0876251326840563e-04
-1.0813842313441802e-04
-1.0751076526677770e-04
-1.0681871680992472e-04
-1.0618334294866400e-04
-1.0555148242171208e-04
-1.0481619594189772e-04
-1.0418177678486927e-04
-1.0352729537581937e-04
-1.0281486587436011e-04
-1.0218268231747602e-04
-1.0151214145242685e-04
-1.0080497875681151e-04
-1.0017003839390345e-04
-9.9477804920680276e-05
-9.8810527621359347e-05
-9.8186791809553076e-05
-9.7466106252788921e-05
-9.6829968044077438e-05
-9.6194617822472253e-05
-9.5462353401660490e-05
-9.4871275649760606e-05
-9.4204989570140845e-05
-9.3525010962168561e-05
-9.2934212659622728e-05
-9.2212266491660693e-05
-9.1602627240788478e-05
-9.0986736253715491e-05
-9.0289882585227791e-05
-8.9709863929240759e-05
-8.9037172668757474e-05
-8.8399802166885520e-05
-8.7813993906627039e-05
-8.7124493743273644e-05
-8.6550560516884402e-05
-8.5899532133809766e-05
-8.5285502813250692e-05
-8.4677313407604830e-05
-8.4031639159279806e-05
-8.3463053829243333e-05
-8.2794419483433551e-05
-8.2233480714960768e-05
-8.1607111348728706e-05
-8.0987594380036050e-05
-8.0435838396028110e-05
-7.9757630277759538e-05
-7.9231833896394103e-05
-7.8581296548989912e-05
-7.8019336925378235e-05
-7.7419965495843118e-05
-7.6821361649521516e-05
-7.6246878002831804e-05
-7.5639106254858196e-05
-7.5095872899491904e-05
-7.4454443066116933e-05
-7.3939598528410019e-05
-7.3299666441292306e-05
-7.2763372819930399e-05
-7.2165466294671764e-05
-7.1597313126212851e-05
-7.1030005042747906e-05
-7.0453874061680684e-05
-6.9896021659270904e-05
-6.9314871793830384e-05
-6.8768976761453149e-05
-6.8167767266433547e-05
-6.7656096846517368e-05
-6.7032429811405086e-05
-6.6536266158025417e-05
-6.5918715772438527e-05
-6.5417710545359137e-05
-6.4805832796154941e-05
-6.4306056347064768e-05
-6.3686956788153818e-05
-6.3204635432471425e-05
-6.2578701992793115e-05
-6.2098068922146176e-05
-6.1484820933198003e-05
-6.0994438103846196e-05
-6.0389845212680268e-05
-5.9893577858775706e-05
-5.9290257504064116e-05
-5.8802021221032212e-05
-5.8198273908729215e-05
-5.7700988551699293e-05
-5.7123245646840036e-05
-5.6599435798716163e-05
-5.6049821639100668e-05
-5.5505271566709852e-05
-5.4965088803329612e-05
-5.4414994463782092e-05
-5.3884713926994563e-05
-5.3321412928215621e-05
-5.2815166344750760e-05
-5.2222786197658695e-05
-5.1733402006693431e-05
-5.1140772737994430e-05
-5.0636195309686590e-05
-5.0072530071855656e-05
-4.9531166917032981e-05
-4.9006111315767454e-05
-4.8427566961202103e-05
-4.7931703008262070e-05
-4.7330645020683264e-05
-4.6823847491201256e-05
-4.6259941960665764e-05
-4.5718546049361968e-05
-4.5183593827231627e-05
-4.4611376858996134e-05
-4.4103332858898452e-05
-4.3501942558954364e-05
-4.2983787850801578e-05
-4.2419806870837717e-05
-4.1861508685584796e-05
-4.1335317184848749e-05
-4.0732331526195963e-05
-4.0205297166033499e-05
-3.9639248046513150e-05
-3.9069228339659424e-05
-3.8536422272302945e-05
-3.7926648867264351e-05
0.0000000000000000e+00
];
