%Vec Object:dSdr_b_aug_8230 1 MPI processes
%  type: seq
dSdr_b_aug_8230 = [
2.2914983271311644e+03
0.0000000000000000e+00
-7.0665656198935250e-07
-2.9202131868765788e-07
-1.8164680477393918e-07
-1.2898546890857679e-07
-9.6604265133690603e-08
-7.6580904223611178e-08
-6.3009865836147111e-08
-5.2815710269481092e-08
-4.5245658014833311e-08
-3.9442011565067660e-08
-3.4719800596096278e-08
-3.0894903664050582e-08
-2.7759019639453200e-08
-2.5115389103572233e-08
-2.2857154361129073e-08
-2.3363142676114342e-08
-1.6786481685689692e-04
-7.8296920810648062e-04
-7.4242672998385681e-04
-7.0358684870683969e-04
-6.6553335317923352e-04
-6.2762026070398104e-04
-5.8553238334245450e-04
-5.4489287114786885e-04
-5.0592042920249904e-04
-4.6655375283452137e-04
-4.2615269521374774e-04
-3.8295927666159179e-04
-3.4494667854812887e-04
-3.0840452092580794e-04
-2.7390195631701267e-04
-2.3750850344029161e-04
-2.0790408683086722e-04
-1.8213491191238312e-04
-1.5959340923009225e-04
-1.3830565374945439e-04
-1.2218224593577666e-04
-1.0995463224680717e-04
-1.0030577680406985e-04
-9.2532031727346717e-05
-8.7694231688118212e-05
-8.4752649891561537e-05
-8.3155966083810863e-05
-8.2799702282340440e-05
-8.3305006461845452e-05
-8.4320034937420923e-05
-8.5775078740864792e-05
-8.7734581794212711e-05
-8.9459383645116582e-05
-9.1266116454047133e-05
-9.3107388806685728e-05
-9.4881933577542843e-05
-9.6370619114762929e-05
-9.7706362720256841e-05
-9.8992508334735108e-05
-1.0003269833907862e-04
-1.0088960565465527e-04
-1.0158625639714473e-04
-1.0221693588448333e-04
-1.0263709142264590e-04
-1.0289814406419990e-04
-1.0311457751305755e-04
-1.0322615002738004e-04
-1.0320524927989664e-04
-1.0312619034776907e-04
-1.0298875835774877e-04
-1.0276116264924348e-04
-1.0247866490531241e-04
-1.0217915211139180e-04
-1.0182473195262250e-04
-1.0143661598837658e-04
-1.0099338153993933e-04
-1.0055207864482777e-04
-1.0008323867041546e-04
-9.9576325963571710e-05
-9.9083029157672316e-05
-9.8579070093855639e-05
-9.8011312789987807e-05
-9.7479619468637214e-05
-9.6945374117356073e-05
-9.6361956492554683e-05
-9.5818469861323876e-05
-9.5279160025917058e-05
-9.4653507170927871e-05
-9.4110605699438798e-05
-9.3549857356139461e-05
-9.2942524352348954e-05
-9.2400340319937361e-05
-9.1825007629419485e-05
-9.1220454808213318e-05
-9.0674740072551534e-05
-9.0080378610180389e-05
-8.9509385834162661e-05
-8.8973344416829194e-05
-8.8353711777271819e-05
-8.7810009218807807e-05
-8.7262583320528198e-05
-8.6633265922135666e-05
-8.6128857973728724e-05
-8.5553757679192376e-05
-8.4970705181919255e-05
-8.4465399552779112e-05
-8.3842278128535408e-05
-8.3321126686111279e-05
-8.2792690848201064e-05
-8.2192851500031863e-05
-8.1696731780020923e-05
-8.1119340432545700e-05
-8.0571676950801240e-05
-8.0070193896043370e-05
-7.9479013362850258e-05
-7.8986292363628565e-05
-7.8429393419785767e-05
-7.7902511495594700e-05
-7.7380783378932084e-05
-7.6828622858954575e-05
-7.6341409475114887e-05
-7.5768060605563086e-05
-7.5290197431895383e-05
-7.4752267213828232e-05
-7.4222377230427459e-05
-7.3753446134821289e-05
-7.3169911997516654e-05
-7.2723565171959066e-05
-7.2167358197820785e-05
-7.1685986354372367e-05
-7.1177618225815511e-05
-7.0664892630906473e-05
-7.0175336100687834e-05
-6.9658301630883996e-05
-6.9194907200548396e-05
-6.8648891702241963e-05
-6.8211712496315936e-05
-6.7666396253882719e-05
-6.7210963915590780e-05
-6.6702800410828423e-05
-6.6219509404022298e-05
-6.5738505293032445e-05
-6.5249800852629802e-05
-6.4775635229415200e-05
-6.4284889867157279e-05
-6.3821068099911978e-05
-6.3311811948107779e-05
-6.2881191437275479e-05
-6.2350408336271369e-05
-6.1934518603711956e-05
-6.1410845551403346e-05
-6.0988066803218582e-05
-6.0473363557996102e-05
-6.0051126225987993e-05
-5.9529659858464885e-05
-5.9124559510225611e-05
-5.8596883270263129e-05
-5.8194034506353225e-05
-5.7678073941457407e-05
-5.7266395563264385e-05
-5.6759056005502410e-05
-5.6343358705948793e-05
-5.5836377478265265e-05
-5.5430491546500324e-05
-5.4921879923714030e-05
-5.4508418398605950e-05
-5.4025501774446543e-05
-5.3587130814553627e-05
-5.3130986799558314e-05
-5.2674966038872842e-05
-5.2226378426120150e-05
-5.1768209817139069e-05
-5.1327205530159595e-05
-5.0859463958441052e-05
-5.0439545452225639e-05
-4.9947587555273201e-05
-4.9542746899688237e-05
-4.9050759939025919e-05
-4.8633741125141786e-05
-4.8167746279709811e-05
-4.7719245685001967e-05
-4.7288080754394015e-05
-4.6807987482705998e-05
-4.6401502814087525e-05
-4.5905371620703511e-05
-4.5487743877616826e-05
-4.5026181674598995e-05
-4.4579727349408684e-05
-4.4141746835556813e-05
-4.3671955490926677e-05
-4.3256320832559468e-05
-4.2763670698422355e-05
-4.2339973059644534e-05
-4.1878501394291220e-05
-4.1422699718607001e-05
-4.0993024662225474e-05
-4.0501552649552664e-05
-4.0071711974265395e-05
-3.9610808939760923e-05
-3.9147761058383865e-05
-3.8712725965553024e-05
-3.8216445351248367e-05
0.0000000000000000e+00
];
