%Vec Object:dSdr_b_aug_3620 1 MPI processes
%  type: seq
dSdr_b_aug_3620 = [
2.3620015379418246e+03
0.0000000000000000e+00
-1.1313819136236064e-06
-4.6599562413829398e-07
-2.8813426288654680e-07
-2.0401934956452127e-07
-1.5307862806881451e-07
-1.2159648563128755e-07
-1.0025779941548138e-07
-8.4167432850079454e-08
-7.2220017586051299e-08
-6.3062374300533132e-08
-5.5601477925708794e-08
-4.9556877686329663e-08
-4.4601435202068120e-08
-4.0422343635291416e-08
-3.6850876462086592e-08
-3.3803664867855394e-08
-3.1168931348519879e-08
-2.8843750563658333e-08
-3.1938251524862532e-08
-7.2135508058765482e-05
-6.8496884678360644e-04
-6.5549129257887542e-04
-6.1188719887952524e-04
-5.6966958648738554e-04
-5.2921388038926892e-04
-4.8836868299765267e-04
-4.4647804760815433e-04
-4.0173507619868832e-04
-3.6236655261557681e-04
-3.2454320900497880e-04
-2.8884759734846849e-04
-2.5120937217168351e-04
-2.2059888022729716e-04
-1.9395997885596252e-04
-1.7066004846618869e-04
-1.4865476432886253e-04
-1.3198740084069326e-04
-1.1934486897596587e-04
-1.0935958093126664e-04
-1.0130665329215619e-04
-9.6283920730730631e-05
-9.3215051508576356e-05
-9.1531498031555640e-05
-9.1122610342555467e-05
-9.1601918567654387e-05
-9.2605595693810331e-05
-9.4061595916328279e-05
-9.6027873726700616e-05
-9.7757550608494026e-05
-9.9571895678278628e-05
-1.0141716827953795e-04
-1.0319048231059205e-04
-1.0467401115656346e-04
-1.0599831666057845e-04
-1.0726495728547724e-04
-1.0828275141876253e-04
-1.0911355573763615e-04
-1.0977714765451924e-04
-1.1036906560055771e-04
-1.1074978582603541e-04
-1.1096697767461292e-04
-1.1113072313563765e-04
-1.1119403456687144e-04
-1.1112189146662378e-04
-1.1098600522850324e-04
-1.1078997300087674e-04
-1.1050553844567753e-04
-1.1016297678848601e-04
-1.0979945815486138e-04
-1.0938590697709656e-04
-1.0893839933600573e-04
-1.0842476991490859e-04
-1.0792278498846942e-04
-1.0739362968833456e-04
-1.0681522029640426e-04
-1.0626155174730364e-04
-1.0569744863099325e-04
-1.0505643635301612e-04
-1.0446419659793683e-04
-1.0386873923462782e-04
-1.0321413722931768e-04
-1.0261043808556710e-04
-1.0201048097928214e-04
-1.0131298662486291e-04
-1.0071011479719111e-04
-1.0008794438685406e-04
-9.9411743003801335e-05
-9.8810583445465875e-05
-9.8172862066754673e-05
-9.7501070317609239e-05
-9.6896887179890928e-05
-9.6238391450338760e-05
-9.5604304667199755e-05
-9.5010798244128132e-05
-9.4324946929169557e-05
-9.3720672480103942e-05
-9.3115630905801105e-05
-9.2418853648257600e-05
-9.1857652094232288e-05
-9.1222798920535388e-05
-9.0576231973754843e-05
-9.0014904080389731e-05
-8.9327024056157383e-05
-8.8747887675313798e-05
-8.8162143587159117e-05
-8.7498731985642558e-05
-8.6947634356027403e-05
-8.6307794183958545e-05
-8.5701346828628668e-05
-8.5144606534479932e-05
-8.4488998393730057e-05
-8.3943060049423434e-05
-8.3324479276052131e-05
-8.2740490765532593e-05
-8.2162105659600973e-05
-8.1548666776530256e-05
-8.1008131384066788e-05
-8.0372343146794409e-05
-7.9840041584575011e-05
-7.9244158309356376e-05
-7.8655536893906325e-05
-7.8132331693155489e-05
-7.7486758890842660e-05
-7.6988349771532784e-05
-7.6370329293146084e-05
-7.5836149290801140e-05
-7.5268147845004805e-05
-7.4699147311672108e-05
-7.4153939109032868e-05
-7.3577445641289323e-05
-7.3061733764052066e-05
-7.2453194450505250e-05
-7.1965122124130679e-05
-7.1357805305321927e-05
-7.0849385578705695e-05
-7.0282414595308675e-05
-6.9743514473402952e-05
-6.9205956446065372e-05
-6.8659962483509255e-05
-6.8130957954917987e-05
-6.7580971647224132e-05
-6.7063368287202389e-05
-6.6493856251885613e-05
-6.6010124737668301e-05
-6.5418475945380793e-05
-6.4949983701338002e-05
-6.4364793992295383e-05
-6.3890754391169067e-05
-6.3312373891220278e-05
-6.2839326121231554e-05
-6.2253881921939627e-05
-6.1798179583874742e-05
-6.1206116601600672e-05
-6.0752296718969203e-05
-6.0172584886753734e-05
-5.9709332423630391e-05
-5.9138263929943996e-05
-5.8669770031020227e-05
-5.8099658925727486e-05
-5.7639809778766342e-05
-5.7068856864231780e-05
-5.6600466558490247e-05
-5.6055411381008236e-05
-5.5561053299219244e-05
-5.5043659373399348e-05
-5.4529626356928840e-05
-5.4021017472546125e-05
-5.3502610954624365e-05
-5.3003104916312868e-05
-5.2472744291022215e-05
-5.1996255900850865e-05
-5.1438492365520890e-05
-5.0978251170933850e-05
-5.0420314320630892e-05
-4.9945919167108444e-05
-4.9415921824603806e-05
-4.8906569202559275e-05
-4.8413878487825933e-05
-4.7869270989135962e-05
-4.7404216660711746e-05
-4.6839327627879955e-05
-4.6363267310998054e-05
-4.5834639942277482e-05
-4.5325970551084098e-05
-4.4824444442560964e-05
-4.4287533334506006e-05
-4.3811342087854508e-05
-4.3247433455073681e-05
-4.2761836143625190e-05
-4.2233187215227086e-05
-4.1710215085114878e-05
-4.1217285729601568e-05
-4.0652727620960184e-05
-4.0159176649586661e-05
-3.9629335585807240e-05
-3.9096111642418041e-05
-3.8596787817074226e-05
-3.8024967733441938e-05
0.0000000000000000e+00
];
