%Vec Object:dSdr_b_aug_730 1 MPI processes
%  type: seq
dSdr_b_aug_730 = [
2.4925185816280414e+03
0.0000000000000000e+00
-2.9317045896934611e-06
-1.1928137895935340e-06
-7.2378322847235268e-07
-5.0684221678803424e-07
-3.8018206127328773e-07
-3.0202386761658487e-07
-2.4905534201014081e-07
-2.0882741923415776e-07
-1.7897149490384664e-07
-1.5609921000482141e-07
-1.3743888216108577e-07
-1.2232078838376641e-07
-1.0993026307700385e-07
-9.9480843459052128e-08
-9.0550509843357440e-08
-8.2932638679317581e-08
-7.6347166578187689e-08
-7.0536076320142338e-08
-6.5445755802161285e-08
-6.0956889501770726e-08
-5.6921461734989443e-08
-5.3314045207637601e-08
-5.0077737931912199e-08
-4.7140858109554884e-08
-4.4510880170337957e-08
-6.0900431502030761e-08
-5.6677885367145910e-06
-2.0865562925663855e-04
-3.7000542245386168e-04
-3.4973559661530685e-04
-3.1438545077765287e-04
-2.7496726420127028e-04
-2.4267760021321906e-04
-2.1454057066787831e-04
-1.8992443899049758e-04
-1.6667129546581757e-04
-1.4905738819923515e-04
-1.3569267895509478e-04
-1.2512175217866707e-04
-1.1658281642241599e-04
-1.1123814232732483e-04
-1.0794768039334583e-04
-1.0611289526796777e-04
-1.0561239382358860e-04
-1.0604644491644941e-04
-1.0703035973637175e-04
-1.0848802443918650e-04
-1.1046609591835827e-04
-1.1220425910396566e-04
-1.1403185581026149e-04
-1.1588409172682616e-04
-1.1765526222650849e-04
-1.1912981272018945e-04
-1.2043420431246632e-04
-1.2166688703341568e-04
-1.2264569044101670e-04
-1.2343105016793821e-04
-1.2403708780026680e-04
-1.2456152336003462e-04
-1.2487358823714046e-04
-1.2501442024143047e-04
-1.2508643819316727e-04
-1.2506572899554698e-04
-1.2490437499306260e-04
-1.2466955476969892e-04
-1.2437150200198731e-04
-1.2398811342613031e-04
-1.2354098309992869e-04
-1.2306603312846857e-04
-1.2254953744516724e-04
-1.2199863152650498e-04
-1.2136244767976963e-04
-1.2075481807017653e-04
-1.2012065651903823e-04
-1.1941777472522115e-04
-1.1875900173371306e-04
-1.1809019058597676e-04
-1.1732164485644851e-04
-1.1662399656937983e-04
-1.1592197194808418e-04
-1.1514344132048681e-04
-1.1443491501606457e-04
-1.1372937386655469e-04
-1.1290680690942669e-04
-1.1219952952930296e-04
-1.1147042622245764e-04
-1.1067432830851737e-04
-1.0997049516949753e-04
-1.0922415807983347e-04
-1.0843530661118794e-04
-1.0772933278985539e-04
-1.0695918240726973e-04
-1.0621525201484745e-04
-1.0552170178735527e-04
-1.0472056699060258e-04
-1.0401083982212505e-04
-1.0330549215064855e-04
-1.0249127059031656e-04
-1.0183119412929758e-04
-1.0109231425692966e-04
-1.0033517205796403e-04
-9.9676312418932032e-05
-9.8875691147536315e-05
-9.8195606112520882e-05
-9.7510091452355637e-05
-9.6736003979334701e-05
-9.6089192784338495e-05
-9.5340632576731860e-05
-9.4631845678022289e-05
-9.3978905529101098e-05
-9.3211132404609316e-05
-9.2572545562694434e-05
-9.1846580068534494e-05
-9.1163172101103599e-05
-9.0486150273660744e-05
-8.9766029138169722e-05
-8.9132663098168605e-05
-8.8388171374468430e-05
-8.7761095618383520e-05
-8.7064319303979299e-05
-8.6373449746093647e-05
-8.5755756382930256e-05
-8.5002177737412946e-05
-8.4413131120867195e-05
-8.3687496809492010e-05
-8.3061380819301491e-05
-8.2389561149882664e-05
-8.1722589168103804e-05
-8.1080494600856002e-05
-8.0400486426054725e-05
-7.9793692921031778e-05
-7.9076303241540453e-05
-7.8499628991117622e-05
-7.7784372767516222e-05
-7.7183705137028109e-05
-7.6514353796209105e-05
-7.5878641517805967e-05
-7.5242626502278003e-05
-7.4596894921247271e-05
-7.3972419190802542e-05
-7.3319297981808100e-05
-7.2708064191320942e-05
-7.2033650352752791e-05
-7.1457455918121714e-05
-7.0759843739571284e-05
-7.0199773891368926e-05
-6.9507487563852990e-05
-6.8944206186922146e-05
-6.8254967653285165e-05
-6.7693462335470341e-05
-6.6996636902798751e-05
-6.6452840003712835e-05
-6.5748684000001381e-05
-6.5206127029924108e-05
-6.4515428623000836e-05
-6.3962389469798218e-05
-6.3280373417973725e-05
-6.2719964646584908e-05
-6.2039949081206034e-05
-6.1486154223280035e-05
-6.0806669938996910e-05
-6.0242653144901543e-05
-5.9589419792367583e-05
-5.8997592982828020e-05
-5.8373568253245523e-05
-5.7758541195643501e-05
-5.7145440872543262e-05
-5.6522165987051800e-05
-5.5920814381560716e-05
-5.5281440477790433e-05
-5.4706470388834974e-05
-5.4034146603035678e-05
-5.3477460250926709e-05
-5.2804712927921963e-05
-5.2230433904167492e-05
-5.1589017598796135e-05
-5.0973731572967449e-05
-5.0373935378658284e-05
-4.9717020830562920e-05
-4.9150009857253613e-05
-4.8465428837710823e-05
-4.7887654129298983e-05
-4.7242286039710323e-05
-4.6625322780318080e-05
-4.6013190416718995e-05
-4.5359455952305660e-05
-4.4777874301442274e-05
-4.4089953680893721e-05
-4.3496650746658557e-05
-4.2851127959865970e-05
-4.2211323479247240e-05
-4.1608426615926300e-05
-4.0916865760933843e-05
-4.0312783522453044e-05
-3.9663624371785383e-05
-3.9009716295140652e-05
-3.8402652399674217e-05
-3.7721566938949983e-05
0.0000000000000000e+00
];
