%Vec Object:dSdr_b_aug_3490 1 MPI processes
%  type: seq
dSdr_b_aug_3490 = [
2.3642911991583055e+03
0.0000000000000000e+00
-1.1497626913087499e-06
-4.7364862406767014e-07
-2.9289225386515156e-07
-2.0743336800986223e-07
-1.5570139719743074e-07
-1.2373036564213074e-07
-1.0205989588900387e-07
-8.5715105491570112e-08
-7.3578511168174262e-08
-6.4275842438968600e-08
-5.6695623286280774e-08
-5.0554034693944184e-08
-4.5519001263675330e-08
-4.1272463657811345e-08
-3.7643022471152669e-08
-3.4546282555268790e-08
-3.1868632715043556e-08
-2.9505206957470798e-08
-2.9266114377680304e-08
-3.2464674133203774e-05
-6.7637509963347790e-04
-6.5652700074129316e-04
-6.1300874351058519e-04
-5.7072722488641953e-04
-5.3020830248734312e-04
-4.8929998946420968e-04
-4.4734576238530721e-04
-4.0253663865682187e-04
-3.6311022893232718e-04
-3.2523218990150891e-04
-2.8948564558632574e-04
-2.5179427953902876e-04
-2.2114083699264648e-04
-1.9446480592218629e-04
-1.7113249731491654e-04
-1.4909658100063601e-04
-1.3240599538387205e-04
-1.1974575015800448e-04
-1.0974609939591511e-04
-1.0168125311255621e-04
-9.6650625553909404e-05
-9.3576322272367226e-05
-9.1889060217997242e-05
-9.1477925944667815e-05
-9.1956124363844647e-05
-9.2959316879986486e-05
-9.4415357926054189e-05
-9.6381924951768888e-05
-9.8111809947974137e-05
-9.9926479988156214e-05
-1.0177192335886890e-04
-1.0354518484239829e-04
-1.0502849353767808e-04
-1.0635231073023234e-04
-1.0761811865846843e-04
-1.0863495668018206e-04
-1.0946464662603056e-04
-1.1012682721721502e-04
-1.1071709038169757e-04
-1.1109612706176825e-04
-1.1131144643591995e-04
-1.1147294257870932e-04
-1.1153419362294948e-04
-1.1145986288228622e-04
-1.1132155061235572e-04
-1.1112301666443639e-04
-1.1083615558509940e-04
-1.1049102972182923e-04
-1.1012477859650986e-04
-1.0970870303934840e-04
-1.0925865989117808e-04
-1.0874202521873596e-04
-1.0823744969859270e-04
-1.0770571945997140e-04
-1.0712425778351654e-04
-1.0656801188757092e-04
-1.0600134114489589e-04
-1.0535720151909149e-04
-1.0476237695963512e-04
-1.0416430637765091e-04
-1.0350666542092615e-04
-1.0290039572849664e-04
-1.0229784951321223e-04
-1.0159728815432683e-04
-1.0099185611608397e-04
-1.0036706351989039e-04
-9.9687922058705318e-05
-9.9084244760476510e-05
-9.8443859929777105e-05
-9.7769197665921681e-05
-9.7162518438176357e-05
-9.6501284735814790e-05
-9.5864504389888487e-05
-9.5268544713127614e-05
-9.4579866439481106e-05
-9.3973006100004551e-05
-9.3365504839800387e-05
-9.2665847635979603e-05
-9.2102221491303414e-05
-9.1464817392862289e-05
-9.0815538936175381e-05
-9.0251819383617001e-05
-8.9561174735208513e-05
-8.8979562906225514e-05
-8.8391372258622190e-05
-8.7725246679620813e-05
-8.7171801975744910e-05
-8.6529295786814934e-05
-8.5920338875964837e-05
-8.5361239582713448e-05
-8.4702880948501257e-05
-8.4154670690789481e-05
-8.3533456644697249e-05
-8.2947030184310282e-05
-8.2366226322409128e-05
-8.1750171391222973e-05
-8.1207359617335297e-05
-8.0568905767315906e-05
-8.0034280164114997e-05
-7.9435922802413328e-05
-7.8844794070736959e-05
-7.8319271842617176e-05
-7.7671050534328955e-05
-7.7170418812737496e-05
-7.6549759440881426e-05
-7.6013324994492993e-05
-7.5442777730232050e-05
-7.4871374751881947e-05
-7.4323790712292720e-05
-7.3744758868230385e-05
-7.3226813496429894e-05
-7.2615604965899528e-05
-7.2125359951396033e-05
-7.1515396253518518e-05
-7.1004714432088440e-05
-7.0435232887131494e-05
-6.9893958745888523e-05
-6.9353986364594140e-05
-6.8805546644297539e-05
-6.8274200977974826e-05
-6.7721685604146058e-05
-6.7201786244680902e-05
-6.6629701814610226e-05
-6.6143702929566503e-05
-6.5549455709477158e-05
-6.5078717803144671e-05
-6.4490901876204320e-05
-6.4014673890328022e-05
-6.3433574934352528e-05
-6.2958358008911337e-05
-6.2370182522176275e-05
-6.1912319928158374e-05
-6.1317508202226499e-05
-6.0861512305781916e-05
-6.0279078859900933e-05
-5.9813624642445649e-05
-5.9239835489359459e-05
-5.8769087646439835e-05
-5.8196281457399389e-05
-5.7734128563334776e-05
-5.7160514232097003e-05
-5.6689778959517913e-05
-5.6142071022038740e-05
-5.5645322793327671e-05
-5.5125314046659898e-05
-5.4608804429999571e-05
-5.4097633179305049e-05
-5.3576655048025279e-05
-5.3074651516647077e-05
-5.2541617627467613e-05
-5.2062714221870913e-05
-5.1502141387963507e-05
-5.1039535103751711e-05
-5.0478782802507142e-05
-5.0001938216788397e-05
-4.9469208567710124e-05
-4.8957258141447500e-05
-4.8461940864769519e-05
-4.7914579231218676e-05
-4.7447024556778338e-05
-4.6879200243051703e-05
-4.6400645455611623e-05
-4.5869155096599826e-05
-4.5357829791681181e-05
-4.4853590993019191e-05
-4.4313814643158826e-05
-4.3835038388313405e-05
-4.3268087932185811e-05
-4.2779848421056329e-05
-4.2248332111484539e-05
-4.1722493078856823e-05
-4.1226864304324069e-05
-4.0659187558868994e-05
-4.0162919154773411e-05
-3.9630139460624620e-05
-3.9093928999640974e-05
-3.8591886926670911e-05
-3.8016981573653084e-05
0.0000000000000000e+00
];
