%Vec Object:dSdr_b_aug_7720 1 MPI processes
%  type: seq
dSdr_b_aug_7720 = [
2.2964399330981087e+03
0.0000000000000000e+00
-7.3091461067462777e-07
-3.0251969011662651e-07
-1.8845576274499005e-07
-1.3405616501944648e-07
-1.0061383798179404e-07
-7.9932782171401956e-08
-6.5914295920460396e-08
-5.5373815773858883e-08
-4.7545484666252104e-08
-4.1543573882309485e-08
-3.6656512343910165e-08
-3.2697047481486830e-08
-2.9450542094652269e-08
-2.6712584762459644e-08
-2.4372669225026237e-08
-2.2599669275601209e-08
-3.2220684788900240e-05
-7.8098579644052615e-04
-7.4509261657140422e-04
-7.0615013950047075e-04
-6.6796769550930639e-04
-6.2992838461979606e-04
-5.8770170792258681e-04
-5.4693199150800576e-04
-5.0783746759603169e-04
-4.6834910937008055e-04
-4.2782546031987955e-04
-3.8450451444611605e-04
-3.4638032443667645e-04
-3.0973272593640637e-04
-2.7513197423518148e-04
-2.3863607730970001e-04
-2.0894886127574647e-04
-1.8310810836868818e-04
-1.6050418752179557e-04
-1.3915737967962134e-04
-1.2298920435777826e-04
-1.1072744315759189e-04
-1.0105089952294727e-04
-9.3254177899616789e-05
-8.8401158038951727e-05
-8.5449100579373011e-05
-8.3845267466150730e-05
-8.3484672766569602e-05
-8.3987837510815942e-05
-8.5001931792751025e-05
-8.6457054323682098e-05
-8.8417114949469570e-05
-9.0142318025475209e-05
-9.1949677331023649e-05
-9.3791278912987768e-05
-9.5565722405060194e-05
-9.7053983559203857e-05
-9.8388785824576601e-05
-9.9673326198052015e-05
-1.0071167304295917e-04
-1.0156643210437215e-04
-1.0226036213147665e-04
-1.0288785157277206e-04
-1.0330476161351825e-04
-1.0356220454284404e-04
-1.0377430180598199e-04
-1.0388190246135391e-04
-1.0385678449593112e-04
-1.0377304870747059e-04
-1.0363079394986293e-04
-1.0339852043535628e-04
-1.0311107946430590e-04
-1.0280629902499382e-04
-1.0244701241586894e-04
-1.0205400854931307e-04
-1.0160498063358657e-04
-1.0115868364079943e-04
-1.0068487974839837e-04
-1.0017208290406807e-04
-9.9673817537104345e-05
-9.9164908651051971e-05
-9.8591122503597414e-05
-9.8054446244293084e-05
-9.7515163178402367e-05
-9.6925887118760190e-05
-9.6377445031187902e-05
-9.5833143959092113e-05
-9.5201578588779981e-05
-9.4653741590344637e-05
-9.4087938245119857e-05
-9.3474937412167143e-05
-9.2927899726803450e-05
-9.2347432482035714e-05
-9.1737345934621084e-05
-9.1186819282061319e-05
-9.0587179605315990e-05
-9.0010994227764855e-05
-8.9470223472512450e-05
-8.8845141073025949e-05
-8.8296453481802941e-05
-8.7744285845561690e-05
-8.7109416538551219e-05
-8.6600334508112634e-05
-8.6020316585714722e-05
-8.5432036886136172e-05
-8.4922120657297641e-05
-8.4293669637919172e-05
-8.3767746068864416e-05
-8.3234593795394592e-05
-8.2629522487817075e-05
-8.2128878117995063e-05
-8.1546347268690320e-05
-8.0993845908540157e-05
-8.0487815215373360e-05
-7.9891332327722305e-05
-7.9394231572292801e-05
-7.8832256250026576e-05
-7.8300674487346338e-05
-7.7774283533811953e-05
-7.7217079840558281e-05
-7.6725478086922490e-05
-7.6146990494159930e-05
-7.5664647073333947e-05
-7.5121947352936496e-05
-7.4587223807438629e-05
-7.4113825985226695e-05
-7.3525186102547379e-05
-7.3074554581297659e-05
-7.2513260392465675e-05
-7.2027542469178335e-05
-7.1514266554179357e-05
-7.0996909565574222e-05
-7.0502772936145491e-05
-6.9980845026484053e-05
-6.9513144901920862e-05
-6.8961983731198462e-05
-6.8520616052468602e-05
-6.7970197200039001e-05
-6.7510404032053279e-05
-6.6997400707595153e-05
-6.6509533104684674e-05
-6.6023874641086460e-05
-6.5530455308257654e-05
-6.5051776477095455e-05
-6.4556155621621692e-05
-6.4087907662923945e-05
-6.3573692489374433e-05
-6.3138700976477999e-05
-6.2602908667255095e-05
-6.2182689781559909e-05
-6.1653953947307243e-05
-6.1226956464130309e-05
-6.0707012621384847e-05
-6.0280593623740684e-05
-5.9753861921879615e-05
-5.9344597063678934e-05
-5.8811621836865945e-05
-5.8404578184522949e-05
-5.7883370932683672e-05
-5.7467448043028728e-05
-5.6954863636987755e-05
-5.6534821214599629e-05
-5.6022644441777299e-05
-5.5612317376397490e-05
-5.5098575109820688e-05
-5.4680592986902093e-05
-5.4192562405591518e-05
-5.3749583748624549e-05
-5.3288398912953697e-05
-5.2827603789815781e-05
-5.2374076474871422e-05
-5.1910950335909362e-05
-5.1465131405166150e-05
-5.0992236339777260e-05
-5.0567662184901603e-05
-5.0070288544318023e-05
-4.9660888481128007e-05
-4.9163473910476932e-05
-4.8741733088021365e-05
-4.8270470909159876e-05
-4.7816962267508220e-05
-4.7380733845601830e-05
-4.6895331142406380e-05
-4.6484026284391876e-05
-4.5982236430624212e-05
-4.5559799802305882e-05
-4.5092718272130184e-05
-4.4641143799466944e-05
-4.4197933661125962e-05
-4.3722618572986621e-05
-4.3302000359667780e-05
-4.2803485970667011e-05
-4.2374694386576062e-05
-4.1907694557749439e-05
-4.1446365467168650e-05
-4.1011485593789128e-05
-4.0514000131981034e-05
-4.0078918589488788e-05
-3.9612346478196143e-05
-3.9143532753583675e-05
-3.8703233932351482e-05
-3.8200882154700721e-05
0.0000000000000000e+00
];
