%Vec Object:dSdr_b_aug_3070 1 MPI processes
%  type: seq
dSdr_b_aug_3070 = [
2.3741315014661013e+03
0.0000000000000000e+00
-1.2276869881480090e-06
-5.0413706383012823e-07
-3.1057950970873342e-07
-2.1921730995388531e-07
-1.6409617994738113e-07
-1.3003806604010814e-07
-1.0695595979429706e-07
-8.9555913810365129e-08
-7.6638478035605905e-08
-6.6738129102253212e-08
-5.8677108364964823e-08
-5.2148043099106940e-08
-4.6795984134422169e-08
-4.2284215284173819e-08
-3.8430308434070716e-08
-3.5142463349844278e-08
-3.2300168555636427e-08
-2.9793281591867102e-08
-2.7621271670277275e-08
-5.6335058428409726e-07
-4.1675429096583267e-04
-6.5769129447382018e-04
-6.1689507024915004e-04
-5.7444304457453699e-04
-5.3370354463659858e-04
-4.9257344946226054e-04
-4.5039570634132075e-04
-4.0535406287505393e-04
-3.6572418812412711e-04
-3.2765389915922555e-04
-2.9172833069842101e-04
-2.5385017878934142e-04
-2.2304576835206592e-04
-1.9623922938880671e-04
-1.7279311395657508e-04
-1.5064952799099125e-04
-1.3387731845942310e-04
-1.2115481220703078e-04
-1.1110467767142970e-04
-1.0299793834336373e-04
-9.7939560560094110e-05
-9.4846157067846230e-05
-9.3145859743428959e-05
-9.2726828997083104e-05
-9.3201126631025684e-05
-9.4202615874157015e-05
-9.5658800502547669e-05
-9.7626384186104198e-05
-9.9357000768611280e-05
-1.0117281313014885e-04
-1.0301885681368751e-04
-1.0479193366389328e-04
-1.0627446860857651e-04
-1.0759656948280120e-04
-1.0885945060326426e-04
-1.0987292801966881e-04
-1.1069870108054507e-04
-1.1135592101913788e-04
-1.1194036780130906e-04
-1.1231348699362137e-04
-1.1252222480744487e-04
-1.1267581481307605e-04
-1.1272982399494657e-04
-1.1264780398369168e-04
-1.1250096435297761e-04
-1.1229363700853380e-04
-1.1199824684340242e-04
-1.1164410799970770e-04
-1.1126825241183477e-04
-1.1084330388871040e-04
-1.1038434866079355e-04
-1.0985715079521903e-04
-1.0934346956882564e-04
-1.0880268865002967e-04
-1.0821049846054471e-04
-1.0764519341799934e-04
-1.0706949769483229e-04
-1.0641436571288120e-04
-1.0581045579259218e-04
-1.0520319997535694e-04
-1.0453487736719287e-04
-1.0391957242017865e-04
-1.0330792571192167e-04
-1.0259658409614633e-04
-1.0198215313980731e-04
-1.0134814378706081e-04
-1.0065866820364530e-04
-1.0004614126726130e-04
-9.9396394631977821e-05
-9.8711642754734972e-05
-9.8096189985462872e-05
-9.7425332543074549e-05
-9.6779084554517498e-05
-9.6174501901688604e-05
-9.5475887109181052e-05
-9.4859937586009246e-05
-9.4243790740345583e-05
-9.3534010769963822e-05
-9.2961862396454101e-05
-9.2315492006404381e-05
-9.1656682805809538e-05
-9.1084556758290035e-05
-9.0384194673085805e-05
-8.9793881837340033e-05
-8.9197091724066012e-05
-8.8521426726480718e-05
-8.7959732238747138e-05
-8.7307855208395023e-05
-8.6690077404644541e-05
-8.6122686411779290e-05
-8.5454660006815624e-05
-8.4898464147883931e-05
-8.4267994351726173e-05
-8.3672998684772854e-05
-8.3083693080899872e-05
-8.2458442941561443e-05
-8.1907629859821919e-05
-8.1259806585067551e-05
-8.0717012153723374e-05
-8.0109958565547780e-05
-7.9510016807113565e-05
-7.8976350401665580e-05
-7.8318819794894571e-05
-7.7810375791361098e-05
-7.7180440907107770e-05
-7.6636082256153213e-05
-7.6056586629423266e-05
-7.5476739233731107e-05
-7.4920804301333225e-05
-7.4332850251013306e-05
-7.3807054306722307e-05
-7.3186463673837986e-05
-7.2688581814834340e-05
-7.2069314528622715e-05
-7.1550681603449169e-05
-7.0972375613100381e-05
-7.0422756960140142e-05
-6.9874298293071317e-05
-6.9317261903889188e-05
-6.8777687298134660e-05
-6.8216282430406575e-05
-6.7688312785953557e-05
-6.7107186562018472e-05
-6.6613218016077611e-05
-6.6009837494141201e-05
-6.5531206226855166e-05
-6.4934159313958386e-05
-6.4450239288372518e-05
-6.3859585132219031e-05
-6.3376743751311634e-05
-6.2778967957216158e-05
-6.2313512182928500e-05
-6.1709038785721910e-05
-6.1245394314398327e-05
-6.0653394549293590e-05
-6.0180201272664927e-05
-5.9596849145495750e-05
-5.9118178791122422e-05
-5.8535899513329471e-05
-5.8065649042332297e-05
-5.7482679945980348e-05
-5.7003702198015144e-05
-5.6446669907580785e-05
-5.5941520381056251e-05
-5.5412320615475145e-05
-5.4887105802716148e-05
-5.4366927882421093e-05
-5.3836910564199722e-05
-5.3326128356868453e-05
-5.2783697952404482e-05
-5.2296305734473046e-05
-5.1725858188481911e-05
-5.1254938526403438e-05
-5.0684289828419346e-05
-5.0198835338679856e-05
-4.9656501459722217e-05
-4.9135419518550652e-05
-4.8630869586962374e-05
-4.8073826814681538e-05
-4.7597482967535599e-05
-4.7019340607031164e-05
-4.6532017062141414e-05
-4.5990462461737191e-05
-4.5469800568675779e-05
-4.4956025354389447e-05
-4.4406176031024807e-05
-4.3918311349425973e-05
-4.3340666149486865e-05
-4.2843135666573478e-05
-4.2301535584535482e-05
-4.1765612497866896e-05
-4.1260485238610843e-05
-4.0681831100872034e-05
-4.0175985612481083e-05
-3.9632830443426762e-05
-3.9086023648380202e-05
-3.8574148528280211e-05
-3.7986914404313226e-05
0.0000000000000000e+00
];
