%Vec Object:dSdr_b_aug_1280 1 MPI processes
%  type: seq
dSdr_b_aug_1280 = [
2.4468325999564813e+03
0.0000000000000000e+00
-2.0746993206860656e-06
-8.4769267294692962e-07
-5.1779376306243318e-07
-3.6389675183014553e-07
-2.7283192105132672e-07
-2.1660680026941137e-07
-1.7850109052246760e-07
-1.4964658002756989e-07
-1.2822874665666669e-07
-1.1181776058759874e-07
-9.8438134190230280e-08
-8.7599079982404017e-08
-7.8714877975391239e-08
-7.1223239664473943e-08
-6.4821526319891479e-08
-5.9360387279459758e-08
-5.4639247445138319e-08
-5.0473640219404877e-08
-4.6824575708324775e-08
-4.3606535060469658e-08
-4.0713670647111775e-08
-3.8128462596178347e-08
-3.8123017339176389e-08
-4.1877223581098870e-06
-3.5613288469836882e-04
-5.0505185127161089e-04
-4.6946668686890250e-04
-4.2344065546571537e-04
-3.8254257808037126e-04
-3.4323917064682470e-04
-3.0616196590839374e-04
-2.6708176845890611e-04
-2.3530575991877517e-04
-2.0765928788661023e-04
-1.8348072303008071e-04
-1.6064418536370129e-04
-1.4334665177022271e-04
-1.3022343903591762e-04
-1.1984839523031337e-04
-1.1147203569395261e-04
-1.0623505937848545e-04
-1.0301872791905112e-04
-1.0123453594636205e-04
-1.0076468330288418e-04
-1.0121387490103833e-04
-1.0220440111218329e-04
-1.0366150891760353e-04
-1.0563563483305997e-04
-1.0737095903254759e-04
-1.0919412250789205e-04
-1.1104402903268723e-04
-1.1281591693017035e-04
-1.1429347147168245e-04
-1.1560452570264217e-04
-1.1684856961141200e-04
-1.1784041797411831e-04
-1.1864098184884171e-04
-1.1926627503589085e-04
-1.1981328768669367e-04
-1.2014832207040572e-04
-1.2031470118695914e-04
-1.2041740765093353e-04
-1.2042480852365177e-04
-1.2029330103429690e-04
-1.2009158027398568e-04
-1.1982765960311833e-04
-1.1947737718410735e-04
-1.1906523144890023e-04
-1.1862756203953612e-04
-1.1814550755919593e-04
-1.1762919465427056e-04
-1.1703401270147752e-04
-1.1646172765793270e-04
-1.1586269707636386e-04
-1.1520145884712639e-04
-1.1457784967158846e-04
-1.1394406971551050e-04
-1.1321819164894874e-04
-1.1255580890882845e-04
-1.1188943749622300e-04
-1.1115236849549408e-04
-1.1047891322955514e-04
-1.0980869633963800e-04
-1.0902797373482037e-04
-1.0835562633585662e-04
-1.0766229855835817e-04
-1.0690631328560637e-04
-1.0623683067601229e-04
-1.0552683211382417e-04
-1.0477714420021988e-04
-1.0410522552300369e-04
-1.0337243037383067e-04
-1.0266524931114929e-04
-1.0200516978923608e-04
-1.0124260428460730e-04
-1.0056815745706219e-04
-9.9896368274426505e-05
-9.9121438959932695e-05
-9.8494442165007282e-05
-9.7790365494115412e-05
-9.7070217335295950e-05
-9.6443987900000382e-05
-9.5681085322599796e-05
-9.5034773651207752e-05
-9.4382638215860984e-05
-9.3645578444135041e-05
-9.3030789160216852e-05
-9.2318602309035376e-05
-9.1644054108061895e-05
-9.1023298562190689e-05
-9.0293051334671713e-05
-8.9685460953015686e-05
-8.8995422070084894e-05
-8.8345275854421142e-05
-8.7701253902050202e-05
-8.7016824330265582e-05
-8.6414515658568799e-05
-8.5706391718179062e-05
-8.5111023559257320e-05
-8.4448001960052809e-05
-8.3791340478679645e-05
-8.3205259010832720e-05
-8.2487814732976856e-05
-8.1929091727675620e-05
-8.1239460627595406e-05
-8.0644102664962858e-05
-8.0007016342058276e-05
-7.9372821605176320e-05
-7.8763141254333837e-05
-7.8117764870142277e-05
-7.7541443540884476e-05
-7.6860470741934507e-05
-7.6313439049259405e-05
-7.5634294925781985e-05
-7.5064489642547806e-05
-7.4429390557436410e-05
-7.3826067631198894e-05
-7.3222992257589067e-05
-7.2610628759697517e-05
-7.2018093733030290e-05
-7.1399477188724501e-05
-7.0819568239739240e-05
-7.0180250184306454e-05
-6.9634989973505629e-05
-6.8972828722522033e-05
-6.8443396888472589e-05
-6.7786940602715851e-05
-6.7253515743038826e-05
-6.6601365647369704e-05
-6.6069454450988187e-05
-6.5409892469999294e-05
-6.4895568223506030e-05
-6.4228913775015855e-05
-6.3716044387383171e-05
-6.3062477325780396e-05
-6.2539476869229087e-05
-6.1894579065679929e-05
-6.1364920948523812e-05
-6.0721674599768215e-05
-6.0199309777013730e-05
-5.9556135264254025e-05
-5.9024110756707553e-05
-5.8407068936050788e-05
-5.7847850665367997e-05
-5.7259499687342171e-05
-5.6678260490768694e-05
-5.6100118057012566e-05
-5.5511927095000627e-05
-5.4944648028772612e-05
-5.4341744600139867e-05
-5.3799721448607118e-05
-5.3165723709888482e-05
-5.2641302705091407e-05
-5.2006964854560299e-05
-5.1466101300089897e-05
-5.0861959422395825e-05
-5.0282112335238480e-05
-4.9718146923106487e-05
-4.9098803027791916e-05
-4.8565899485776613e-05
-4.7921358877025960e-05
-4.7377609405798086e-05
-4.6771292943444469e-05
-4.6190554347687183e-05
-4.5615419001541209e-05
-4.5000759837918289e-05
-4.4454426298010196e-05
-4.3807980652107874e-05
-4.3250693017027527e-05
-4.2644246494976110e-05
-4.2043494846505309e-05
-4.1477338965194668e-05
-4.0828192130058814e-05
-4.0260965200203397e-05
-3.9651499412763670e-05
-3.9037486194458526e-05
-3.8465113320625560e-05
-3.7813368232963556e-05
0.0000000000000000e+00
];
