%Vec Object:dSdr_b_aug_7760 1 MPI processes
%  type: seq
dSdr_b_aug_7760 = [
2.2962004099259998e+03
0.0000000000000000e+00
-7.2976014526970751e-07
-3.0203676259630291e-07
-1.8815307319687788e-07
-1.3383808827726815e-07
-1.0044657117461720e-07
-7.9796936738156499e-08
-6.5799779138948369e-08
-5.5275582360213331e-08
-4.7459361671901984e-08
-4.1466738460735054e-08
-3.6587308449950282e-08
-3.2634045852112853e-08
-2.9392631286862083e-08
-2.6658986930618744e-08
-2.4322777479554774e-08
-2.2580154260645955e-08
-3.5470207347484598e-05
-7.8134041828598966e-04
-7.4492512788496446e-04
-7.0598767013676416e-04
-6.6781338559660484e-04
-6.2978207534166841e-04
-5.8756419696917507e-04
-5.4680273404898402e-04
-5.0771594877140720e-04
-4.6823530381760823e-04
-4.2771942569645060e-04
-3.8440656363259216e-04
-3.4628944730479217e-04
-3.0964853258036982e-04
-2.7505400484600169e-04
-2.3856460173137220e-04
-2.0888263425803560e-04
-1.8304641859768979e-04
-1.6044645436689035e-04
-1.3910338977505616e-04
-1.2293805222425910e-04
-1.1067845559720359e-04
-1.0100366708517618e-04
-9.3208401918538753e-05
-8.8356346824290023e-05
-8.5404953404128565e-05
-8.3801573476174445e-05
-8.3441253306105030e-05
-8.3944553665490633e-05
-8.4958707163687182e-05
-8.6413824702977039e-05
-8.8373849983712215e-05
-9.0099027625460681e-05
-9.1906347217102818e-05
-9.3747927928640484e-05
-9.5522377839779088e-05
-9.7010665894277715e-05
-9.8345527829380512e-05
-9.9630169956540398e-05
-1.0066863363657194e-04
-1.0152352887274450e-04
-1.0221763136232993e-04
-1.0284532301644319e-04
-1.0326243878505450e-04
-1.0352011052943552e-04
-1.0373248265796587e-04
-1.0384033508450034e-04
-1.0381548444329059e-04
-1.0373204511501240e-04
-1.0359009606674560e-04
-1.0335811907265192e-04
-1.0307099144677718e-04
-1.0276654491713264e-04
-1.0240756678640920e-04
-1.0201487275808312e-04
-1.0156621208331018e-04
-1.0112023166037650e-04
-1.0064674242477561e-04
-1.0013431856891529e-04
-9.9636368153086256e-05
-9.9127773030359358e-05
-9.8554369044136157e-05
-9.8018008647336938e-05
-9.7479044916166252e-05
-9.6890140215769445e-05
-9.6342012248685376e-05
-9.5798027565153834e-05
-9.5166836982203654e-05
-9.4619312840968974e-05
-9.4053829926326761e-05
-9.3441188370375547e-05
-9.2894458352326127e-05
-9.2314316580889336e-05
-9.1704580809854870e-05
-9.1154359179018696e-05
-9.0555054082062711e-05
-8.9979197857402608e-05
-8.9438726889298434e-05
-8.8813989943687549e-05
-8.8265618347818244e-05
-8.7713751284758829e-05
-8.7079233906718848e-05
-8.6570448160835339e-05
-8.5990741961194017e-05
-8.5402793608054550e-05
-8.4893169639923977e-05
-8.4265056457552602e-05
-8.3739435388218919e-05
-8.3206582084283744e-05
-8.2601842424707796e-05
-8.2101484867345837e-05
-8.1519279805268748e-05
-8.0967085112789062e-05
-8.0461342689317259e-05
-7.9865195911952468e-05
-7.9368372784361366e-05
-7.8806719248021985e-05
-7.8275435402842854e-05
-7.7749340021324482e-05
-7.7192456009177971e-05
-7.6701132429415534e-05
-7.6122970574573809e-05
-7.5640911151630830e-05
-7.5098513764679391e-05
-7.4564096613306371e-05
-7.4090981931947066e-05
-7.3502665696793007e-05
-7.3052305777678315e-05
-7.2491334061746670e-05
-7.2005891631684460e-05
-7.1492926815855385e-05
-7.0975863406201939e-05
-7.0482017104242739e-05
-6.9960399384363811e-05
-6.9492972193076658e-05
-6.8942137200884637e-05
-6.8501035024918052e-05
-6.7950939621372149e-05
-6.7491422881679565e-05
-6.6978726348154686e-05
-6.6491148850754501e-05
-6.6005785421572346e-05
-6.5512664960726340e-05
-6.5034272217019909e-05
-6.4538960413865364e-05
-6.4070993026784406e-05
-6.3557092200374412e-05
-6.3122377760747050e-05
-6.2586902979972723e-05
-6.2166958514834697e-05
-6.1638543605061906e-05
-6.1211813543222745e-05
-6.0692201896543376e-05
-6.0266047970517595e-05
-5.9739650032833257e-05
-5.9330649158850334e-05
-5.8798009829493083e-05
-5.8391232087107511e-05
-5.7870357417591969e-05
-5.7454703583546353e-05
-5.6942451643390714e-05
-5.6522684654382388e-05
-5.6010837222310320e-05
-5.5600791676466038e-05
-5.5087374636789211e-05
-5.4669679070730333e-05
-5.4181972658766973e-05
-5.3739286080011373e-05
-5.3278420777889339e-05
-5.2817928297967466e-05
-5.2364714107093135e-05
-5.1901902222466038e-05
-5.1456388488866900e-05
-5.0983820100165582e-05
-5.0559541064400987e-05
-5.0062510724805996e-05
-4.9653399680754483e-05
-4.9156329164032973e-05
-4.8734887668668921e-05
-4.8263959384979746e-05
-4.7810768203256688e-05
-4.7374860756568795e-05
-4.6889794619403546e-05
-4.6478795315946473e-05
-4.5977364167857515e-05
-4.5555232380501086e-05
-4.5088500727464794e-05
-4.4637250830959328e-05
-4.4194372211687244e-05
-4.3719407290867000e-05
-4.3299105008597385e-05
-4.2800962385283759e-05
-4.2372493748771591e-05
-4.1905844408407705e-05
-4.1444865783356383e-05
-4.1010315965385050e-05
-4.0513211884426572e-05
-4.0078462873162662e-05
-3.9612250697303248e-05
-3.9143803696755964e-05
-3.8703842009685410e-05
-3.8201893560565515e-05
0.0000000000000000e+00
];
