%Vec Object:dSdr_b_aug_1760 1 MPI processes
%  type: seq
dSdr_b_aug_1760 = [
2.4216970947974796e+03
0.0000000000000000e+00
-1.7263792582964139e-06
-7.0763829188987344e-07
-4.3421133874983460e-07
-3.0609118683856984e-07
-2.2971386669110530e-07
-1.8254148554170788e-07
-1.5056917882682082e-07
-1.2638425336621239e-07
-1.0842982552609615e-07
-9.4671008621201976e-08
-8.3453331848322008e-08
-7.4364725927414547e-08
-6.6914616577348282e-08
-6.0631263949088741e-08
-5.5261003690594133e-08
-5.0679403880499470e-08
-4.6718205385715317e-08
-4.3222093224659622e-08
-4.0159283880768129e-08
-3.7458130896694501e-08
-3.5034851093530627e-08
-6.2106022230040954e-08
-6.0450968607696267e-05
-5.6190578142518478e-04
-5.4717365547600635e-04
-5.0607480858621428e-04
-4.6302018348118182e-04
-4.1701906220040918e-04
-3.7654703034087605e-04
-3.3768077644032434e-04
-3.0101397868989837e-04
-2.6236245784824465e-04
-2.3093297893443879e-04
-2.0358608415000745e-04
-1.7966876213375543e-04
-1.5707938008611484e-04
-1.3996921432798658e-04
-1.2698892199095363e-04
-1.1672976392548330e-04
-1.0844957012634908e-04
-1.0327629474884856e-04
-1.0010380814528574e-04
-9.8349538971015242e-05
-9.7897813030766939e-05
-9.8355959226341060e-05
-9.9350395634034217e-05
-1.0080717416907384e-04
-1.0277896665896176e-04
-1.0451261178746722e-04
-1.0633315333281040e-04
-1.0818168209391946e-04
-1.0995399405677032e-04
-1.1143332496428073e-04
-1.1274831921430412e-04
-1.1399908181232250e-04
-1.1499864463376425e-04
-1.1580819989704057e-04
-1.1644488043395102e-04
-1.1700524475817814e-04
-1.1735386289259204e-04
-1.1753535013266476e-04
-1.1765620528538403e-04
-1.1768022999551008e-04
-1.1756637325925841e-04
-1.1738422701193623e-04
-1.1714049154525626e-04
-1.1680978760693689e-04
-1.1641833123737032e-04
-1.1600270900706223e-04
-1.1554102254782111e-04
-1.1504516744628204e-04
-1.1447423343093722e-04
-1.1392285065493718e-04
-1.1334459602519406e-04
-1.1270798521733702e-04
-1.1210517142333990e-04
-1.1149210841703763e-04
-1.1079146341806028e-04
-1.1014993622719681e-04
-1.0950464962407995e-04
-1.0879210046007571e-04
-1.0813938571866548e-04
-1.0749005910703681e-04
-1.0673408268300401e-04
-1.0608239241007552e-04
-1.0541022183124907e-04
-1.0467795867308374e-04
-1.0402879053538427e-04
-1.0334028212256611e-04
-1.0261375504345613e-04
-1.0196197615016546e-04
-1.0125127241627186e-04
-1.0056582444468496e-04
-9.9925539075724329e-05
-9.9185782964579232e-05
-9.8532200437825623e-05
-9.7880257268698672e-05
-9.7128564842525030e-05
-9.6521130894692308e-05
-9.5837636386225832e-05
-9.5139366059982997e-05
-9.4532433738459410e-05
-9.3791837546394649e-05
-9.3165499040533703e-05
-9.2533103680727012e-05
-9.1817941649480347e-05
-9.1222089744137050e-05
-9.0531413661825366e-05
-8.9877113819935932e-05
-8.9275391866985396e-05
-8.8567337007573711e-05
-8.7978077565696288e-05
-8.7309285253389229e-05
-8.6678809643513514e-05
-8.6054303430265465e-05
-8.5390981450594563e-05
-8.4807039766423271e-05
-8.4120423329617577e-05
-8.3543806698744693e-05
-8.2900747270515766e-05
-8.2264316073952110e-05
-8.1696929542934824e-05
-8.1000854738508125e-05
-8.0460064798970848e-05
-7.9791725612336108e-05
-7.9214557629216732e-05
-7.8598012241772519e-05
-7.7983201629594438e-05
-7.7392690714735035e-05
-7.6767795216167755e-05
-7.6209494830079067e-05
-7.5550058602985657e-05
-7.5020557234214944e-05
-7.4362769446353940e-05
-7.3811215862870807e-05
-7.3196373231328515e-05
-7.2612205065802814e-05
-7.2028609891172771e-05
-7.1435979972081601e-05
-7.0862334395304741e-05
-7.0264123600567989e-05
-6.9702739898451011e-05
-6.9084177185391757e-05
-6.8557211227080695e-05
-6.7916015361057592e-05
-6.7404702618849909e-05
-6.6769435936811562e-05
-6.6253668018415328e-05
-6.5623451744311261e-05
-6.5109042330325297e-05
-6.4471517693560871e-05
-6.3974623415856977e-05
-6.3330147147896236e-05
-6.2834834862121480e-05
-6.2203227072180206e-05
-6.1697991393840193e-05
-6.1075045150349463e-05
-6.0563572890534392e-05
-5.9942071729411158e-05
-5.9438294585364846e-05
-5.8816593599559406e-05
-5.8303489332946634e-05
-5.7707851171582484e-05
-5.7167917653484975e-05
-5.6600664196788186e-05
-5.6039407271932125e-05
-5.5481939097301651e-05
-5.4914496984590962e-05
-5.4367368706371373e-05
-5.3786034247925374e-05
-5.3263496361217070e-05
-5.2652165127547449e-05
-5.2146826493184227e-05
-5.1535204708141646e-05
-5.1014103950399757e-05
-5.0432007181736543e-05
-4.9873119904275834e-05
-4.9330346254830116e-05
-4.8733223344107242e-05
-4.8220492982519325e-05
-4.7599634675932513e-05
-4.7076010664277649e-05
-4.6492792840827334e-05
-4.5933481815587579e-05
-4.5380231791504484e-05
-4.4788688346447759e-05
-4.4263208864186186e-05
-4.3641302226301268e-05
-4.3105328087265148e-05
-4.2522010211318685e-05
-4.1944380757930126e-05
-4.1399991629398388e-05
-4.0775986901132690e-05
-4.0230652005396985e-05
-3.9644835586231468e-05
-3.9054789366447799e-05
-3.8503984442664635e-05
-3.7875197123713131e-05
0.0000000000000000e+00
];
