%Vec Object:dSdr_b_aug_1500 1 MPI processes
%  type: seq
dSdr_b_aug_1500 = [
2.4347199843334993e+03
0.0000000000000000e+00
-1.8960771652765952e-06
-7.7549466417861187e-07
-4.7447235803880710e-07
-3.3374463065113025e-07
-2.5018244320107752e-07
-1.9858236821570515e-07
-1.6361104895935659e-07
-1.3715038138236154e-07
-1.1750879285660495e-07
-1.0245810574214131e-07
-9.0189911190232294e-08
-8.0251479562772951e-08
-7.2105311600842754e-08
-6.5236264610268902e-08
-5.9366824295785038e-08
-5.4359696378556343e-08
-5.0031033521547845e-08
-4.6211864432877862e-08
-4.2866250381175912e-08
-3.9915782414362286e-08
-3.7263539658589905e-08
-3.5017447371753902e-08
-4.4307297687560343e-07
-1.9294664099566878e-04
-5.3873988145977181e-04
-5.0922928346402150e-04
-4.6649908093941673e-04
-4.2026769620849216e-04
-3.7956393115787078e-04
-3.4047608624259486e-04
-3.0360268505728850e-04
-2.6473556615978528e-04
-2.3313182775789375e-04
-2.0563428919541317e-04
-1.8158560106224371e-04
-1.5887193694389998e-04
-1.4166755343628150e-04
-1.2861539373172626e-04
-1.1829796266056347e-04
-1.0996941204504445e-04
-1.0476410475087189e-04
-1.0156957084579295e-04
-9.9800255065143269e-05
-9.9339414175568549e-05
-9.9793057605343806e-05
-1.0078552781795039e-04
-1.0224247196859236e-04
-1.0421543786000592e-04
-1.0594992734498581e-04
-1.0777178736015937e-04
-1.0962100896163509e-04
-1.1139310771497845e-04
-1.1287154540737186e-04
-1.1418455845026126e-04
-1.1543194258842336e-04
-1.1642762622652897e-04
-1.1723266020232965e-04
-1.1786361464397701e-04
-1.1841726511448840e-04
-1.1875905269376465e-04
-1.1893294284868169e-04
-1.1904467197084649e-04
-1.1906033741950637e-04
-1.1893760503710974e-04
-1.1874561578298182e-04
-1.1849173022371587e-04
-1.1815118128215988e-04
-1.1774932130120731e-04
-1.1732261268481061e-04
-1.1685068420136808e-04
-1.1634454192838172e-04
-1.1576141487676816e-04
-1.1519952143031975e-04
-1.1461081964744414e-04
-1.1396182497939834e-04
-1.1334855426155814e-04
-1.1272507376996545e-04
-1.1201174036175278e-04
-1.1135972599082794e-04
-1.1070383692422422e-04
-1.0997895799709413e-04
-1.0931581391504339e-04
-1.0865598265926807e-04
-1.0788756265483575e-04
-1.0722548496943644e-04
-1.0654267550336724e-04
-1.0579848369446451e-04
-1.0513910043522947e-04
-1.0443978571365676e-04
-1.0370161223222233e-04
-1.0303970609879934e-04
-1.0231789374842472e-04
-1.0162151734256575e-04
-1.0097127853116896e-04
-1.0022005276677437e-04
-9.9555978658720067e-05
-9.8894055950436767e-05
-9.8130678887898599e-05
-9.7513407790893907e-05
-9.6819563567615815e-05
-9.6110291996083901e-05
-9.5493656140395491e-05
-9.4741843205791370e-05
-9.4105461214041291e-05
-9.3463139576711079e-05
-9.2736966288885076e-05
-9.2131591741411096e-05
-9.1430098990369623e-05
-9.0765617281028405e-05
-9.0154324304203356e-05
-8.9435110034403057e-05
-8.8836632896373033e-05
-8.8157156766507968e-05
-8.7516789810849325e-05
-8.6882470126115513e-05
-8.6208534213486949e-05
-8.5615356705698331e-05
-8.4917925240518709e-05
-8.4331879419947579e-05
-8.3678782031518435e-05
-8.3032178053818299e-05
-8.2455390789288010e-05
-8.1748570363266048e-05
-8.1198762795703803e-05
-8.0519716987943252e-05
-7.9933402187367308e-05
-7.9306527806662338e-05
-7.8681969901847178e-05
-7.8081819649796603e-05
-7.7446625352982509e-05
-7.6879263147249725e-05
-7.6208997270299123e-05
-7.5670680788478894e-05
-7.5002153981428368e-05
-7.4441422540924288e-05
-7.3816393963425521e-05
-7.3222593836707738e-05
-7.2629203053876067e-05
-7.2026650114171458e-05
-7.1443505985544466e-05
-7.0835034168598664e-05
-7.0264335052029609e-05
-6.9635335522843321e-05
-6.9099170303881427e-05
-6.8447432000145878e-05
-6.7927008074771864e-05
-6.7281086204771913e-05
-6.6756439492815332e-05
-6.6115193799466424e-05
-6.5591983610755185e-05
-6.4943377495745171e-05
-6.4437718551857168e-05
-6.3782089982908826e-05
-6.3277949098877368e-05
-6.2635299082320581e-05
-6.2121130371883574e-05
-6.1487145775216459e-05
-6.0966528739214418e-05
-6.0334092993564470e-05
-5.9820969012423206e-05
-5.9188470039884703e-05
-5.8665851700578135e-05
-5.8059450677797437e-05
-5.7509819784004231e-05
-5.6931957397724048e-05
-5.6360652339726591e-05
-5.5792788060668422e-05
-5.5214912328816339e-05
-5.4657651158173973e-05
-5.4065470666668561e-05
-5.3533134526248868e-05
-5.2910405342902255e-05
-5.2395471025155676e-05
-5.1772426339960296e-05
-5.1241387713623887e-05
-5.0648205395932156e-05
-5.0078778286733662e-05
-4.9525348139424059e-05
-4.8917051150937374e-05
-4.8394176408038240e-05
-4.7761409106663028e-05
-4.7227664594565734e-05
-4.6632831128964991e-05
-4.6062744656780141e-05
-4.5498488877396976e-05
-4.4895320801596275e-05
-4.4359353741953854e-05
-4.3725106235357058e-05
-4.3178412746973493e-05
-4.2583462136217290e-05
-4.1994202231367392e-05
-4.1438862708496091e-05
-4.0802207652849343e-05
-4.0245851890960943e-05
-3.9648120707014287e-05
-3.9045974299506894e-05
-3.8484187683132612e-05
-3.7843130082316328e-05
0.0000000000000000e+00
];
