%Vec Object:dSdr_b_aug_4070 1 MPI processes
%  type: seq
dSdr_b_aug_4070 = [
2.3492225199193990e+03
0.0000000000000000e+00
-1.0355794032540466e-06
-4.2672217583510900e-07
-2.6410898444797071e-07
-1.8706898236541354e-07
-1.4027301754709110e-07
-1.1134955442364318e-07
-9.1745630316357556e-08
-7.6975973733417171e-08
-6.6009245663493740e-08
-5.7603016863826515e-08
-5.0756632414161224e-08
-4.5210341832014959e-08
-4.0663435552304049e-08
-3.6829345478751869e-08
-3.3553206576992705e-08
-3.0758015071286006e-08
-2.8341282669459216e-08
-2.6254819686484613e-08
-1.9876891386999366e-06
-6.0728589521292934e-04
-6.8990786439005164e-04
-6.5190589646566964e-04
-6.0837823911044783e-04
-5.6636799657774851e-04
-5.2610985612901878e-04
-4.8546167908683241e-04
-4.4376954089994696e-04
-3.9923305900075473e-04
-3.6004522264321362e-04
-3.2239260665721628e-04
-2.8685597744681942e-04
-2.4938362747576557e-04
-2.1890720258512441e-04
-1.9238419875856574e-04
-1.6918533452178766e-04
-1.4727566639995463e-04
-1.3068078902542577e-04
-1.1809354807710063e-04
-1.0815309217037575e-04
-1.0013736768198358e-04
-9.5139278767563190e-05
-9.2087371565055661e-05
-9.0415394148630720e-05
-9.0013519021998320e-05
-9.0496291442615466e-05
-9.1501481262448747e-05
-9.2957354077317580e-05
-9.4922729143557418e-05
-9.6651756429765796e-05
-9.8465087145902514e-05
-1.0030982671905470e-04
-1.0208330478794162e-04
-1.0356752083105486e-04
-1.0489335057479513e-04
-1.0616259041104975e-04
-1.0718336898506285e-04
-1.0801765174506241e-04
-1.0868564901770298e-04
-1.0928273226375303e-04
-1.0966870764909084e-04
-1.0989174437974984e-04
-1.1006251100713569e-04
-1.1013225363213832e-04
-1.1006693897670031e-04
-1.0993862541937352e-04
-1.0975040212818698e-04
-1.0947354179000072e-04
-1.0913898411338182e-04
-1.0878399475100582e-04
-1.0837832323742635e-04
-1.0793872999455640e-04
-1.0743448124281170e-04
-1.0694058266303237e-04
-1.0641946484279693e-04
-1.0585058293031120e-04
-1.0530495937837909e-04
-1.0474887091738944e-04
-1.0411762042291104e-04
-1.0353344894279588e-04
-1.0294614854743412e-04
-1.0230103240260696e-04
-1.0170535703545134e-04
-1.0111348164033676e-04
-1.0042556071160611e-04
-9.9830680390687270e-05
-9.9216694938189073e-05
-9.8549670789662919e-05
-9.7956370168840061e-05
-9.7326962556886298e-05
-9.6664130905096504e-05
-9.6067739126305110e-05
-9.5417789774440777e-05
-9.4792110746428571e-05
-9.4206261971728651e-05
-9.3529234797014370e-05
-9.2933032011741795e-05
-9.2335668163321251e-05
-9.1647880442651523e-05
-9.1094247067268424e-05
-9.0467356412654652e-05
-8.9829253237574922e-05
-8.9275390726019209e-05
-8.8596140265541319e-05
-8.8024730807266248e-05
-8.7446623467753596e-05
-8.6791683340001625e-05
-8.6247911923414213e-05
-8.5616393519541580e-05
-8.5017779550066388e-05
-8.4468402691234353e-05
-8.3821380005796303e-05
-8.3282533265230754e-05
-8.2672172051331838e-05
-8.2095793414669176e-05
-8.1524958270211514e-05
-8.0919685181059001e-05
-8.0386255338502470e-05
-7.9758787607194732e-05
-7.9233740360409947e-05
-7.8645579756182545e-05
-7.8064784735772894e-05
-7.7548811957671532e-05
-7.6911506263260151e-05
-7.6420034825582824e-05
-7.5810251450146235e-05
-7.5283108520784729e-05
-7.4723053651099184e-05
-7.4161552164300743e-05
-7.3623759952986577e-05
-7.3055189830750915e-05
-7.2546449633485466e-05
-7.1946242074304523e-05
-7.1464951624844686e-05
-7.0865896833871971e-05
-7.0364538059952488e-05
-6.9805403599144827e-05
-6.9273913793359095e-05
-6.8743891983352024e-05
-6.8205532262376171e-05
-6.7683835411611466e-05
-6.7141743385754483e-05
-6.6631306807156415e-05
-6.6069824299948144e-05
-6.5593170204409859e-05
-6.5009632199567802e-05
-6.4548149611818762e-05
-6.3971157434002915e-05
-6.3503948700648928e-05
-6.2934053645258189e-05
-6.2467776719119479e-05
-6.1890858015429355e-05
-6.1441898740837526e-05
-6.0858415740953842e-05
-6.0411388107242431e-05
-5.9840171571538453e-05
-5.9383791702584117e-05
-5.8821215524785571e-05
-5.8359757123983803e-05
-5.7798058499724343e-05
-5.7345400305008299e-05
-5.6782754779488509e-05
-5.6321684087146730e-05
-5.5784909274072899e-05
-5.5298011827978157e-05
-5.4788779838259172e-05
-5.4282477310032332e-05
-5.3781866623645302e-05
-5.3271487164479803e-05
-5.2779776820598940e-05
-5.2257760540927651e-05
-5.1788810389084031e-05
-5.1239815811415433e-05
-5.0786957004535864e-05
-5.0237808303102267e-05
-4.9771058791298417e-05
-4.9249590051674407e-05
-4.8748346182723799e-05
-4.8263853973357471e-05
-4.7727843172890238e-05
-4.7270593342315669e-05
-4.6714866399152956e-05
-4.6246592188911810e-05
-4.5726901197118946e-05
-4.5226521764576142e-05
-4.4733462780818759e-05
-4.4205494899719771e-05
-4.3737372053606658e-05
-4.3182957594420426e-05
-4.2705606871350528e-05
-4.2185907134261442e-05
-4.1671882273848124e-05
-4.1187376721049338e-05
-4.0632549798481136e-05
-4.0147475529418326e-05
-3.9626797066949908e-05
-3.9102873752118786e-05
-3.8611974005041490e-05
-3.8049460754160541e-05
0.0000000000000000e+00
];
