%Vec Object:dSdr_b_aug_9930 1 MPI processes
%  type: seq
dSdr_b_aug_9930 = [
2.2736070416932130e+03
0.0000000000000000e+00
-6.3213812442567659e-07
-2.6202026339013529e-07
-1.6358688918435015e-07
-1.1652520942557784e-07
-8.7465002797211571e-08
-6.9490215013454187e-08
-5.7305923287752976e-08
-4.8152853368725635e-08
-4.1354408043230727e-08
-3.6141651503647324e-08
-3.1897960819656987e-08
-2.8459712628041022e-08
-2.5640424822899416e-08
-2.3262742023650614e-08
-2.1276194187663263e-08
-1.7003180813916719e-05
-8.0937018159646921e-04
-7.7647255546822789e-04
-7.3468684420099407e-04
-6.9622316413261954e-04
-6.5854086601660738e-04
-6.2099033842264123e-04
-5.7930115258142845e-04
-5.3903564282588876e-04
-5.0041387271850392e-04
-4.6139671891840824e-04
-4.2134779656009770e-04
-3.7852069129493007e-04
-3.4082863307459280e-04
-3.0458934698726826e-04
-2.7036881793019617e-04
-2.3426962843972989e-04
-2.0490304782671184e-04
-1.7933947611472158e-04
-1.5697726564157721e-04
-1.3585913362553639e-04
-1.1986431654730073e-04
-1.0773478919510335e-04
-9.8165466140390982e-05
-9.0457719571423976e-05
-8.5663637365320335e-05
-8.2752146123321095e-05
-8.1175998130476580e-05
-8.0832174456622665e-05
-8.1343623936277343e-05
-8.2361335740122586e-05
-8.3816153327482084e-05
-8.5774054717279856e-05
-8.7497704008616871e-05
-8.9302637185009515e-05
-9.1142963788710233e-05
-9.2917799419395933e-05
-9.4407703915958419e-05
-9.5746151407509957e-05
-9.7036907919753834e-05
-9.8082392229540175e-05
-9.8945470216989053e-05
-9.9649935988570742e-05
-1.0028977862653491e-04
-1.0071925659787948e-04
-1.0099067785625892e-04
-1.0121956666743876e-04
-1.0134254804252661e-04
-1.0133376093399243e-04
-1.0126813592112068e-04
-1.0114455697105613e-04
-1.0093039791192464e-04
-1.0066209922178332e-04
-1.0037771735108820e-04
-1.0003727571194826e-04
-9.9663199887323664e-05
-9.9236606750904819e-05
-9.8809649035494276e-05
-9.8355067552339972e-05
-9.7865056603181505e-05
-9.7386031626495753e-05
-9.6896290566386289e-05
-9.6345850679830546e-05
-9.5828470485579713e-05
-9.5308695604038254e-05
-9.4742105910650809e-05
-9.4212853468772528e-05
-9.3687880599580830e-05
-9.3079211019354884e-05
-9.2550486492446561e-05
-9.2004258277456614e-05
-9.1413205705529027e-05
-9.0884963441174244e-05
-9.0324379388258776e-05
-8.9735721798321180e-05
-8.9203828947587079e-05
-8.8624628777121038e-05
-8.8068551376382768e-05
-8.7546094642278489e-05
-8.6942116047895572e-05
-8.6412732638473867e-05
-8.5878927042254695e-05
-8.5265557104492059e-05
-8.4774575121457062e-05
-8.4213600367694593e-05
-8.3645562648871683e-05
-8.3153500650607229e-05
-8.2545688121473488e-05
-8.2038244285076559e-05
-8.1523356084709880e-05
-8.0938545180510508e-05
-8.0455422207304764e-05
-7.9892793726234776e-05
-7.9359026719073809e-05
-7.8870606444998733e-05
-7.8294656561734633e-05
-7.7814516113897114e-05
-7.7272198720208123e-05
-7.6758816761872219e-05
-7.6250482326825124e-05
-7.5712807978409503e-05
-7.5238199889363620e-05
-7.4679611652620108e-05
-7.4214617685666034e-05
-7.3690387540009667e-05
-7.3174381636571548e-05
-7.2718280911960540e-05
-7.2149412683005217e-05
-7.1715373358249902e-05
-7.1173779065157049e-05
-7.0704891045308995e-05
-7.0210620203610928e-05
-6.9711197977447787e-05
-6.9234797476642118e-05
-6.8731819085949799e-05
-6.8280792477096319e-05
-6.7749557579660291e-05
-6.7324409486263943e-05
-6.6793750152375150e-05
-6.6350844011210476e-05
-6.5856582569806849e-05
-6.5386437535882688e-05
-6.4918802748764032e-05
-6.4443641529678277e-05
-6.3982439804272535e-05
-6.3505698979954018e-05
-6.3054591164043658e-05
-6.2559579482633667e-05
-6.2141514397849200e-05
-6.1625119927446046e-05
-6.1221665415720262e-05
-6.0712534883958439e-05
-6.0301874191787519e-05
-5.9802224233460814e-05
-5.9391998482299440e-05
-5.8885656460842028e-05
-5.8492518419396043e-05
-5.7980063195116949e-05
-5.7589264003387362e-05
-5.7088374232183748e-05
-5.6688887971277817e-05
-5.6196613932629495e-05
-5.5793397756944168e-05
-5.5301340436918305e-05
-5.4908211422068095e-05
-5.4414337292425128e-05
-5.4013860950500589e-05
-5.3545633899959314e-05
-5.3120498323488871e-05
-5.2678833817030008e-05
-5.2236527191081235e-05
-5.1802128649303961e-05
-5.1358200331513272e-05
-5.0931025916984993e-05
-5.0478087554739907e-05
-5.0071542247734326e-05
-4.9595140889391457e-05
-4.9203397025422321e-05
-4.8727000733395003e-05
-4.8323545822680800e-05
-4.7872681321814069e-05
-4.7438566326819589e-05
-4.7021946300006870e-05
-4.6557104434483524e-05
-4.6164465919065753e-05
-4.5684589412331589e-05
-4.5280775528613096e-05
-4.4835068003597165e-05
-4.4403321892999616e-05
-4.3980364254315433e-05
-4.3526440881818910e-05
-4.3125122877786679e-05
-4.2649319626764933e-05
-4.2240256858899434e-05
-4.1794668291655860e-05
-4.1354749016162893e-05
-4.0940032027746209e-05
-4.0465844796131541e-05
-4.0051077011754897e-05
-3.9606492255650047e-05
-3.9160079247153820e-05
-3.8740368747614886e-05
-3.8262616484016519e-05
0.0000000000000000e+00
];
