%Vec Object:dSdr_b_aug_4970 1 MPI processes
%  type: seq
dSdr_b_aug_4970 = [
2.3339634045102839e+03
0.0000000000000000e+00
-9.3240089567199224e-07
-3.8363240748518603e-07
-2.3719892429010706e-07
-1.6770125121058836e-07
-1.2538132733107985e-07
-9.9224042616692775e-08
-8.1497182880669926e-08
-6.8164905903324866e-08
-5.8266741591221839e-08
-5.0679432586959990e-08
-4.4506548759343720e-08
-3.9507451855477964e-08
-3.5409333510611538e-08
-3.1955356473883996e-08
-2.9005772542422385e-08
-2.6489332660928526e-08
-2.4314620511838135e-08
-7.8736895247498661e-08
-3.2739755797759728e-04
-7.2078888869317557e-04
-6.8398631245332020e-04
-6.4514382856811694e-04
-6.0200267105596885e-04
-5.6037461419878188e-04
-5.2047528186717278e-04
-4.8018475244041931e-04
-4.3885293591621740e-04
-3.9469128332224291e-04
-3.5583143874523803e-04
-3.1848873541705355e-04
-2.8324069847942039e-04
-2.4606945285343505e-04
-2.1583639267783386e-04
-1.8952377143524829e-04
-1.6650836715674668e-04
-1.4477226566049712e-04
-1.2830896843470062e-04
-1.1582209410868511e-04
-1.0596301955974140e-04
-9.8014827933610437e-05
-9.3061473275827432e-05
-9.0040356276425054e-05
-8.8389392215851062e-05
-8.8000246567291457e-05
-8.8489307304718415e-05
-8.9497242985620801e-05
-9.0952884474530541e-05
-9.2916620789189127e-05
-9.4644468855132070e-05
-9.6455958227597202e-05
-9.8299730184032299e-05
-1.0007350598525154e-04
-1.0155896950052940e-04
-1.0288756619308041e-04
-1.0416152431107911e-04
-1.0518772044862056e-04
-1.0602831750083065e-04
-1.0670431164056706e-04
-1.0731077119142290e-04
-1.0770628578173205e-04
-1.0793993221953998e-04
-1.0812344380997100e-04
-1.0820486056517427e-04
-1.0815194120035781e-04
-1.0803737390597166e-04
-1.0786332574060935e-04
-1.0760021445559846e-04
-1.0728018595948365e-04
-1.0694067930999758e-04
-1.0654931131328156e-04
-1.0612408463868217e-04
-1.0563686409858056e-04
-1.0515764421673086e-04
-1.0465111638973177e-04
-1.0409952918664937e-04
-1.0356850927439950e-04
-1.0302696937549997e-04
-1.0241343891107590e-04
-1.0184391332655944e-04
-1.0127141982671318e-04
-1.0064352284464077e-04
-1.0006241259845522e-04
-9.9485207490037508e-05
-9.8814664677266629e-05
-9.8234290900279920e-05
-9.7635163153321212e-05
-9.6984797936889474e-05
-9.6405763214875016e-05
-9.5791447128908895e-05
-9.5144880252396902e-05
-9.4562631701147209e-05
-9.3928196121911489e-05
-9.3317779232572715e-05
-9.2745830968322832e-05
-9.2084821774066961e-05
-9.1503271039391067e-05
-9.0919844147479227e-05
-9.0248374643254130e-05
-8.9708479369377217e-05
-8.9096042646128832e-05
-8.8473303304050784e-05
-8.7932992302214259e-05
-8.7269406628442554e-05
-8.6712023441016332e-05
-8.6147778684639352e-05
-8.5508216371767259e-05
-8.4977743840026069e-05
-8.4361331498848148e-05
-8.3776937058105541e-05
-8.3240926652241508e-05
-8.2609488687049521e-05
-8.2083514958613139e-05
-8.1488074274327021e-05
-8.0925509438021568e-05
-8.0368379338405956e-05
-7.9777929181779593e-05
-7.9257397668118328e-05
-7.8645033710292143e-05
-7.8133154838918873e-05
-7.7559012791061092e-05
-7.6992424611928135e-05
-7.6489580469238843e-05
-7.5867281619111329e-05
-7.5388403789956364e-05
-7.4793572793036919e-05
-7.4279203892717297e-05
-7.3733574024432839e-05
-7.3185685163165107e-05
-7.2661354812082317e-05
-7.2107167523240606e-05
-7.1611082652588525e-05
-7.1025999290404390e-05
-7.0557019629204683e-05
-6.9972962465455370e-05
-6.9484421072114148e-05
-6.8939511842859992e-05
-6.8421473599567645e-05
-6.7905131894382942e-05
-6.7380630217099381e-05
-6.6872198617162897e-05
-6.6344436673588673e-05
-6.5847009585772126e-05
-6.5300102667957918e-05
-6.4836295849525271e-05
-6.4267480941910307e-05
-6.3818722627920804e-05
-6.3256611010903987e-05
-6.2801802008633046e-05
-6.2247310150164789e-05
-6.1793323999704720e-05
-6.1231881198568416e-05
-6.0795162274566265e-05
-6.0227254087814290e-05
-5.9792556092177629e-05
-5.9236760648021688e-05
-5.8792856268104600e-05
-5.8245695776145258e-05
-5.7797008580470118e-05
-5.7250580728066562e-05
-5.6810975932224370e-05
-5.6263410417818376e-05
-5.5815626683789890e-05
-5.5293882833834067e-05
-5.4820528345951523e-05
-5.4326112353015666e-05
-5.3833842643679000e-05
-5.3347750742029885e-05
-5.2851942464888839e-05
-5.2374383328287207e-05
-5.1867514203176217e-05
-5.1412247933041856e-05
-5.0879171309946702e-05
-5.0439713504627759e-05
-4.9906517626415410e-05
-4.9453647023840459e-05
-4.8947660009654938e-05
-4.8461135761990255e-05
-4.7991526127816696e-05
-4.7471120760853289e-05
-4.7028038368166816e-05
-4.6488943286813493e-05
-4.6034803255720693e-05
-4.5531334555834603e-05
-4.5046004115153729e-05
-4.4568315862990241e-05
-4.4056583142586939e-05
-4.3603107670904049e-05
-4.3065929059404097e-05
-4.2603549970991347e-05
-4.2100097956660551e-05
-4.1602318368298737e-05
-4.1133109513128364e-05
-4.0595955354723499e-05
-4.0126281862512702e-05
-3.9622260252104577e-05
-3.9115271966704637e-05
-3.8639810449755653e-05
-3.8094970359664641e-05
0.0000000000000000e+00
];
