%Vec Object:dSdr_b_aug_5780 1 MPI processes
%  type: seq
dSdr_b_aug_5780 = [
2.3210600603797830e+03
0.0000000000000000e+00
-8.5824237963505203e-07
-3.5469588708920642e-07
-2.2043949673263904e-07
-1.5659467766888082e-07
-1.1754647680903646e-07
-9.3403885628390292e-08
-7.7039124872852410e-08
-6.4720797578549409e-08
-5.5572674463271772e-08
-4.8559491208403814e-08
-4.2847332590142300e-08
-3.8219275473486823e-08
-3.4424724766051334e-08
-3.1224443626007066e-08
-2.8489275248725216e-08
-2.6155392645000539e-08
-2.4412859249489382e-08
-2.0376766829436734e-05
-7.4250910199011658e-04
-7.1727539426475297e-04
-6.7865398068651711e-04
-6.4006221474257534e-04
-5.9722616938088645e-04
-5.5588478955452417e-04
-5.1625426234094753e-04
-4.7623165746004466e-04
-4.3516976824968870e-04
-3.9128891106318409e-04
-3.5267477455375239e-04
-3.1556423571537642e-04
-2.8053239156354066e-04
-2.4358671191147731e-04
-2.1353596328146541e-04
-1.8738094572128894e-04
-1.6450297661392888e-04
-1.4289689892656396e-04
-1.2653217220800347e-04
-1.1412048541592031e-04
-1.0432237597776449e-04
-9.6424775143560894e-05
-9.1504932153980655e-05
-8.8506880910852614e-05
-8.6871658475513335e-05
-8.6492048748982659e-05
-8.6985820144232958e-05
-8.7995812727811035e-05
-8.9451280823757553e-05
-9.1413789517968310e-05
-9.3140754233790921e-05
-9.4950864235684743e-05
-9.6793911352666232e-05
-9.8567910221719998e-05
-1.0005430815284057e-04
-1.0138497748171580e-04
-1.0266247004601702e-04
-1.0369272449317782e-04
-1.0453805162958244e-04
-1.0522003632714367e-04
-1.0583351983133268e-04
-1.0623618047277009e-04
-1.0647777490851113e-04
-1.0667083408036720e-04
-1.0676099622745651e-04
-1.0671736249872769e-04
-1.0661309289421664e-04
-1.0644966369365201e-04
-1.0619685219183141e-04
-1.0588770789603545e-04
-1.0555979976635271e-04
-1.0517914692111115e-04
-1.0476468263261917e-04
-1.0429021839302955e-04
-1.0382199472438558e-04
-1.0332639666020127e-04
-1.0278776540123186e-04
-1.0226768547619511e-04
-1.0173704430496676e-04
-1.0113678840659576e-04
-1.0057823446630492e-04
-1.0001683322090415e-04
-9.9401835592480888e-05
-9.8831636481496092e-05
-9.8265421291392731e-05
-9.7607896910142418e-05
-9.7038390387927268e-05
-9.6450392961417122e-05
-9.5812507416395776e-05
-9.5244159676122122e-05
-9.4641149073351717e-05
-9.4006766595088116e-05
-9.3435113130013308e-05
-9.2812299352037887e-05
-9.2213315757946434e-05
-9.1651780754412802e-05
-9.1002771078851411e-05
-9.0432196605670387e-05
-8.9859210278047085e-05
-8.9199965208661665e-05
-8.8670361531444826e-05
-8.8068752663183770e-05
-8.7457522818928517e-05
-8.6927363651649229e-05
-8.6275512929389321e-05
-8.5728637234263705e-05
-8.5174777347329025e-05
-8.4546735007958590e-05
-8.4026225063582732e-05
-8.3421129119087655e-05
-8.2847386947261737e-05
-8.2321389746970673e-05
-8.1701626755644328e-05
-8.1185296582831552e-05
-8.0601033308782798e-05
-8.0048816800409444e-05
-7.9501953557259029e-05
-7.8922607699346574e-05
-7.8411738708873251e-05
-7.7810689436826655e-05
-7.7308675389140325e-05
-7.6745035060675823e-05
-7.6189089651055810e-05
-7.5696080563247820e-05
-7.5085023789286584e-05
-7.4615580212126652e-05
-7.4031950490656705e-05
-7.3527151002074183e-05
-7.2992327337058170e-05
-7.2454636105809812e-05
-7.1940390442822868e-05
-7.1396977770461336e-05
-7.0910373392028272e-05
-7.0336620025095189e-05
-6.9876862754285433e-05
-6.9304040770780224e-05
-6.8825101272893547e-05
-6.8290848602162361e-05
-6.7782887340818562e-05
-6.7276793826438351e-05
-6.6762673640550631e-05
-6.6264179455262663e-05
-6.5747152623758039e-05
-6.5259471356515851e-05
-6.4723483470843774e-05
-6.4269300957410649e-05
-6.3711515588496837e-05
-6.3272289438184750e-05
-6.2721325324807415e-05
-6.2275805366895185e-05
-6.1732852538826127e-05
-6.1288073816578474e-05
-6.0738224517882605e-05
-6.0310675253375442e-05
-5.9754434672976924e-05
-5.9328973232100404e-05
-5.8784730245151882e-05
-5.8350171690129624e-05
-5.7814559615354225e-05
-5.7375439784452296e-05
-5.6840451801639020e-05
-5.6410625782311180e-05
-5.5874357247189365e-05
-5.5436527271046034e-05
-5.4926043673424099e-05
-5.4462834739465946e-05
-5.3979517981425689e-05
-5.3497760818068844e-05
-5.3022545526654728e-05
-5.2537653127595696e-05
-5.2070695270556468e-05
-5.1575173538008413e-05
-5.1130158501035742e-05
-5.0609006747341004e-05
-5.0179588314837793e-05
-4.9658343489820881e-05
-4.9215870346867644e-05
-4.8721481555781142e-05
-4.8245984669445525e-05
-4.7787524531880016e-05
-4.7278810254608861e-05
-4.6846341792760529e-05
-4.6319706931832173e-05
-4.5876156164310595e-05
-4.5384841168030539e-05
-4.4910785691721937e-05
-4.4444613703330400e-05
-4.3945045182243201e-05
-4.3502544925357277e-05
-4.2978281305082338e-05
-4.2527121931498950e-05
-4.2035846947140208e-05
-4.1550244598428575e-05
-4.1092505628444495e-05
-4.0568606940103870e-05
-4.0110497191387054e-05
-3.9619001991282093e-05
-3.9124803034253501e-05
-3.8661195887019877e-05
-3.8131133690710796e-05
0.0000000000000000e+00
];
