%Vec Object:dSdr_b_aug_1900 1 MPI processes
%  type: seq
dSdr_b_aug_1900 = [
2.4150445098618202e+03
0.0000000000000000e+00
-1.6423698656170631e-06
-6.7250818069003215e-07
-4.1233414235533316e-07
-2.9030621930331700e-07
-2.1746477505577124e-07
-1.7247592344219575e-07
-1.4198558028136817e-07
-1.1894639409681897e-07
-1.0184413206997144e-07
-8.8738319888898215e-08
-7.8060225799027773e-08
-6.9410669275962437e-08
-6.2320808950842907e-08
-5.6343244592330718e-08
-5.1236380146874234e-08
-4.6879768774416924e-08
-4.3113556827153232e-08
-3.9791231777559556e-08
-3.6880843755951154e-08
-3.4314151282867431e-08
-3.2098890841723242e-08
-5.8376634696968567e-07
-2.8080838872167915e-04
-5.8000442032539673e-04
-5.4594639052241959e-04
-5.0429464896110975e-04
-4.6132967415820036e-04
-4.1545532966176177e-04
-3.7509604958056302e-04
-3.3633649299871451e-04
-2.9976906821207696e-04
-2.6122123098866408e-04
-2.2987555365343296e-04
-2.0260110324853812e-04
-1.7874695492262752e-04
-1.5621733981629804e-04
-1.3915248315005067e-04
-1.2620675167649740e-04
-1.1597561699178080e-04
-1.0771867791169092e-04
-1.0256080668060420e-04
-9.9398922665964803e-05
-9.7651889475573576e-05
-9.7204547010845514e-05
-9.7664858698287205e-05
-9.8660240765519630e-05
-1.0011693977513297e-04
-1.0208816809611826e-04
-1.0382140728165597e-04
-1.0564131487804150e-04
-1.0748951054827171e-04
-1.0926192513108583e-04
-1.1074168566433063e-04
-1.1205763274712065e-04
-1.1331002010885127e-04
-1.1431144848581157e-04
-1.1512317808660071e-04
-1.1576261234660679e-04
-1.1632620540142174e-04
-1.1667810838446431e-04
-1.1686324909263792e-04
-1.1698849297793767e-04
-1.1701653768029617e-04
-1.1690694926202526e-04
-1.1672953653296142e-04
-1.1649068225994372e-04
-1.1616471279632982e-04
-1.1577825953353349e-04
-1.1536796875381819e-04
-1.1491120769166486e-04
-1.1442029969704692e-04
-1.1385522931478992e-04
-1.1330890112400836e-04
-1.1273567053331507e-04
-1.1210501512189627e-04
-1.1150723006400471e-04
-1.1089917682725805e-04
-1.1020463367960926e-04
-1.0956814977293393e-04
-1.0892796189274714e-04
-1.0822134210584034e-04
-1.0757364283175236e-04
-1.0692936793706545e-04
-1.0617937566839810e-04
-1.0553268071701114e-04
-1.0486562635177029e-04
-1.0413909965266991e-04
-1.0349484394116218e-04
-1.0281153225598807e-04
-1.0209060590767823e-04
-1.0144369719819186e-04
-1.0073833558921852e-04
-1.0005814309338543e-04
-9.9422644327828977e-05
-9.8688403962826000e-05
-9.8039866829141087e-05
-9.7392722812545378e-05
-9.6646649516238397e-05
-9.6043946245673642e-05
-9.5365428894548558e-05
-9.4672449033786476e-05
-9.4070183110941624e-05
-9.3334981015698564e-05
-9.2713472390073339e-05
-9.2085850544801890e-05
-9.1375983791781152e-05
-9.0784711292610332e-05
-9.0099236911079925e-05
-8.9449833494734349e-05
-8.8852714213372941e-05
-8.8150025877219436e-05
-8.7565199191716282e-05
-8.6901544689986949e-05
-8.6275825791965567e-05
-8.5656038840676411e-05
-8.4997821062818673e-05
-8.4418320849880590e-05
-8.3736905319927747e-05
-8.3164823148268235e-05
-8.2526590935252164e-05
-8.1895051788209410e-05
-8.1332186030101547e-05
-8.0641278751386600e-05
-8.0104825348833119e-05
-7.9441634931181051e-05
-7.8868865609943767e-05
-7.8257287389592897e-05
-7.7647164204532604e-05
-7.7061288800473620e-05
-7.6441345945274199e-05
-7.5887403340935575e-05
-7.5233175039943982e-05
-7.4707912810243490e-05
-7.4055289361839050e-05
-7.3508149357344392e-05
-7.2898205090894834e-05
-7.2318668878915127e-05
-7.1739784353627091e-05
-7.1151926354589361e-05
-7.0582848569803179e-05
-6.9989572235536933e-05
-6.9432668250978121e-05
-6.8819124532980654e-05
-6.8296582430002283e-05
-6.7660456346804759e-05
-6.7153525098615630e-05
-6.6523382415246211e-05
-6.6011884228998671e-05
-6.5386971914135287e-05
-6.4876794706366273e-05
-6.4244599056050862e-05
-6.3751919612329178e-05
-6.3112806380405024e-05
-6.2621739663920996e-05
-6.1995441965178693e-05
-6.1494502066720898e-05
-6.0876864039678359e-05
-6.0369789373985730e-05
-5.9753546512440969e-05
-5.9254264117535716e-05
-5.8637755723937450e-05
-5.8129226610364512e-05
-5.7538764128786949e-05
-5.7003493889575189e-05
-5.6441342061657594e-05
-5.5884917064557149e-05
-5.5332448139442491e-05
-5.4770023297172004e-05
-5.4227767649452720e-05
-5.3651648743481012e-05
-5.3133822508468555e-05
-5.2527972181186757e-05
-5.2027247715090636e-05
-5.1421118754994880e-05
-5.0904796629251910e-05
-5.0328030348474144e-05
-4.9774211057829777e-05
-4.9236561420610238e-05
-4.8644811323965385e-05
-4.8136958489027230e-05
-4.7521826155173353e-05
-4.7003067868560710e-05
-4.6425434555773632e-05
-4.5871303719470413e-05
-4.5323344286002288e-05
-4.4737388575553240e-05
-4.4216949415640423e-05
-4.3600973470929269e-05
-4.3070149069173312e-05
-4.2492418420144445e-05
-4.1920372456839667e-05
-4.1381235587631443e-05
-4.0763293363895950e-05
-4.0223224079270626e-05
-3.9643075051609194e-05
-3.9058714763370064e-05
-3.8512816380849675e-05
-3.7887934286053001e-05
0.0000000000000000e+00
];
