%Vec Object:dSdr_b_aug_6830 1 MPI processes
%  type: seq
dSdr_b_aug_6830 = [
2.3038738734675853e+03
0.0000000000000000e+00
-7.6642956871102718e-07
-3.1683261889166823e-07
-1.9707339049695621e-07
-1.4001064305940845e-07
-1.0499601855872326e-07
-8.3345112569133989e-08
-6.8670011911048924e-08
-5.7635667340026504e-08
-4.9441265164662551e-08
-4.3159032390832059e-08
-3.8044720717177560e-08
-3.3901583567510352e-08
-3.0504682964750978e-08
-2.7640333901469156e-08
-2.5192852247881567e-08
-2.3110911713350296e-08
-1.1862336632762693e-06
-6.9186727791039574e-04
-7.4977347052256689e-04
-7.1108003317380008e-04
-6.7265363234475268e-04
-6.3437141595038308e-04
-5.9187755802838369e-04
-5.5085720445919141e-04
-5.1152767832720258e-04
-4.7180508806065463e-04
-4.3104545607513671e-04
-3.8747902588197363e-04
-3.4914002652678886e-04
-3.1228945910458420e-04
-2.7749970168477453e-04
-2.4080660457289387e-04
-2.1096000337067383e-04
-1.8498146605116069e-04
-1.6225739303696646e-04
-1.4079691238644981e-04
-1.2454256218180605e-04
-1.1221506831196926e-04
-1.0248522593066497e-04
-9.4644275286995833e-05
-8.9761957783591339e-05
-8.6789735179448364e-05
-8.5172140021338861e-05
-8.4803208591005221e-05
-8.5302255074572633e-05
-8.6314551131487860e-05
-8.7769825264506248e-05
-8.9730959246625921e-05
-9.1456934712179307e-05
-9.3265500042181241e-05
-9.5107735419540243e-05
-9.6881983995215248e-05
-9.8369428268152583e-05
-9.9702418530626011e-05
-1.0098386891989734e-04
-1.0201866779575996e-04
-1.0286929159227284e-04
-1.0355798439071370e-04
-1.0417933316155907e-04
-1.0458999578875771e-04
-1.0484049020596472e-04
-1.0504424052743956e-04
-1.0514419555257341e-04
-1.0511095965075326e-04
-1.0501822114192482e-04
-1.0486668279074396e-04
-1.0462540472617177e-04
-1.0432844828079529e-04
-1.0401352787614408e-04
-1.0364487358325978e-04
-1.0324246073836529e-04
-1.0278228067232474e-04
-1.0232637027898370e-04
-1.0184301108011399e-04
-1.0131888754812955e-04
-1.0081105793623793e-04
-1.0029262087634366e-04
-9.9707229487445810e-05
-9.9160961307441289e-05
-9.8611980877878549e-05
-9.8011427605026089e-05
-9.7453446496722818e-05
-9.6899537528112077e-05
-9.6256590841396419e-05
-9.5699253184698690e-05
-9.5123719197092292e-05
-9.4499808056862502e-05
-9.3943427316388550e-05
-9.3353076294036612e-05
-9.2732337580922654e-05
-9.2172548212722720e-05
-9.1562748218657498e-05
-9.0976567324463955e-05
-9.0426692813912445e-05
-8.9791119879190038e-05
-8.9232836331441006e-05
-8.8671541069959160e-05
-8.8025984595732241e-05
-8.7507905174487760e-05
-8.6918421041214965e-05
-8.6320079208789145e-05
-8.5801287779085149e-05
-8.5162577524952593e-05
-8.4627467822709677e-05
-8.4085236618679435e-05
-8.3470094020220454e-05
-8.2960739898426156e-05
-8.2368315734611844e-05
-8.1806501671169405e-05
-8.1291716973456535e-05
-8.0685027286771588e-05
-8.0179495691997817e-05
-7.9607748563919521e-05
-7.9067119817556505e-05
-7.8531753106539490e-05
-7.7964841525199840e-05
-7.7464792350310027e-05
-7.6876412939578799e-05
-7.6385445237234852e-05
-7.5833564431814971e-05
-7.5289536488862033e-05
-7.4807540410712955e-05
-7.4209072189304238e-05
-7.3750192812734451e-05
-7.3179105955274419e-05
-7.2685022014084619e-05
-7.2162298821050062e-05
-7.1636026597406315e-05
-7.1133073472136833e-05
-7.0601725899554642e-05
-7.0125737495425417e-05
-6.9564671124404734e-05
-6.9115240810998520e-05
-6.8554999650346382e-05
-6.8086812067270604e-05
-6.7564492292838106e-05
-6.7067814932809467e-05
-6.6573197033642875e-05
-6.6070701728007851e-05
-6.5583335156741700e-05
-6.5078329177548991e-05
-6.4601560979766993e-05
-6.4077799891816672e-05
-6.3634394375056247e-05
-6.3088959542342070e-05
-6.2660407207799503e-05
-6.2121925720567893e-05
-6.1686807335691483e-05
-6.1156775550222887e-05
-6.0722307004607567e-05
-6.0185439739315247e-05
-5.9768158353574964e-05
-5.9224982779736749e-05
-5.8809864118459742e-05
-5.8278557189978957e-05
-5.7854463764243193e-05
-5.7331783215513031e-05
-5.6903376578831927e-05
-5.6381198563053879e-05
-5.5962322460031703e-05
-5.5438703874740001e-05
-5.5012019740574085e-05
-5.4514144952363447e-05
-5.4062296611198017e-05
-5.3591408341726923e-05
-5.3121422697895419e-05
-5.2658386583279572e-05
-5.2185717318155737e-05
-5.1730630301337559e-05
-5.1247814867718365e-05
-5.0814278662141171e-05
-5.0306479806688076e-05
-4.9888302922279438e-05
-4.9380440259074217e-05
-4.8949609574887822e-05
-4.8468207781644691e-05
-4.8005058610632656e-05
-4.7559082896433570e-05
-4.7063459432345080e-05
-4.6642875533978018e-05
-4.6130192553986320e-05
-4.5698498504551266e-05
-4.5220791885712457e-05
-4.4759360605631072e-05
-4.4306082765263006e-05
-4.3820133600756574e-05
-4.3389920880623012e-05
-4.2880116292675410e-05
-4.2441516801086438e-05
-4.1963872439150855e-05
-4.1491899089791583e-05
-4.1046994088779379e-05
-4.0537923720720616e-05
-4.0092738579810086e-05
-3.9615226181014015e-05
-3.9135254712858705e-05
-3.8684658049095708e-05
-3.8169738768276134e-05
0.0000000000000000e+00
];
