%Vec Object:dSdr_b_aug_4120 1 MPI processes
%  type: seq
dSdr_b_aug_4120 = [
2.3482990878262517e+03
0.0000000000000000e+00
-1.0293513023113026e-06
-4.2432607234298358e-07
-2.6274636309109716e-07
-1.8618361713719433e-07
-1.3966075912319432e-07
-1.1090530134953540e-07
-9.1414866602580422e-08
-7.6729359365776743e-08
-6.5824792350078924e-08
-5.7466105543967011e-08
-5.0657692796563380e-08
-4.5141910646648112e-08
-4.0619930346261219e-08
-3.6806599913587404e-08
-3.3547933590994719e-08
-3.0767590935536048e-08
-2.8363618089661170e-08
-2.6311975465674008e-08
-2.9649440474530584e-06
-6.3497900712896087e-04
-6.8974435481353050e-04
-6.5152463277847947e-04
-6.0801597410668773e-04
-5.6602738210358627e-04
-5.2578963131037456e-04
-4.8516178006825691e-04
-4.4349011973988695e-04
-3.9897494020750920e-04
-3.5980574433822082e-04
-3.2217074136573523e-04
-2.8665051348575305e-04
-2.4919527593677242e-04
-2.1873268199796680e-04
-1.9222163467670923e-04
-1.6903319687385369e-04
-1.4713339292795089e-04
-1.3054599354393170e-04
-1.1796445665110320e-04
-1.0802862582436484e-04
-1.0001673937453868e-04
-9.5021192801022201e-05
-9.1971035466447762e-05
-9.0300252277072577e-05
-8.9899100585453691e-05
-9.0382230375317336e-05
-9.1387576238928790e-05
-9.2843435897604191e-05
-9.4808717820716351e-05
-9.6537678080836585e-05
-9.8350904141397539e-05
-1.0019558871529121e-04
-1.0196908369801279e-04
-1.0345337062716382e-04
-1.0477935761055968e-04
-1.0604886558575105e-04
-1.0706995204122575e-04
-1.0790459364641720e-04
-1.0857304538929324e-04
-1.0917066153791325e-04
-1.0955717905334964e-04
-1.0978081875335065e-04
-1.0995230970147960e-04
-1.1002271578966601e-04
-1.0995810558272329e-04
-1.0983057325273685e-04
-1.0964315556222733e-04
-1.0936707661022963e-04
-1.0903334465625672e-04
-1.0867923520793792e-04
-1.0827437659224197e-04
-1.0783559983070907e-04
-1.0733231882736283e-04
-1.0683925446808020e-04
-1.0631896582714845e-04
-1.0575106680892888e-04
-1.0520627321197976e-04
-1.0465101157584350e-04
-1.0402076814772690e-04
-1.0343742902425108e-04
-1.0285097013556397e-04
-1.0220683259186041e-04
-1.0161198499089140e-04
-1.0102094333879376e-04
-1.0033401004498269e-04
-9.9739954161295549e-05
-9.9126813103363989e-05
-9.8460735717062497e-05
-9.7868245857204026e-05
-9.7239695928430858e-05
-9.6577788638177041e-05
-9.5982200648751917e-05
-9.5333132977366183e-05
-9.4708321328941430e-05
-9.4123262549545303e-05
-9.3447145710611032e-05
-9.2851775632356691e-05
-9.2255203850625023e-05
-9.1568343528871665e-05
-9.1015490918845799e-05
-9.0389421712671922e-05
-8.9752191698609356e-05
-8.9199099349793255e-05
-8.8520739154252141e-05
-8.7950126840483900e-05
-8.7372807342777229e-05
-8.6718741170802038e-05
-8.6175725559868365e-05
-8.5545065667551022e-05
-8.4947259826005598e-05
-8.4398642612967613e-05
-8.3752505642340776e-05
-8.3214390504316959e-05
-8.2604877257895935e-05
-8.2029283690904667e-05
-8.1459227435342783e-05
-8.0854796767129686e-05
-8.0322099966118656e-05
-7.9695490616650972e-05
-7.9171191758836123e-05
-7.8583827861285671e-05
-7.8003840248237909e-05
-7.7488613600743838e-05
-7.6852160779744162e-05
-7.6361405066041848e-05
-7.5752471468723507e-05
-7.5226054517169561e-05
-7.4666819453721669e-05
-7.4106091604153704e-05
-7.3569064461813030e-05
-7.3001311749550492e-05
-7.2493290784350644e-05
-7.1893942768647679e-05
-7.1413351970559661e-05
-7.0815149530024937e-05
-7.0314519198428260e-05
-6.9756193191329688e-05
-6.9225467870060161e-05
-6.8696223533252327e-05
-6.8158651398267310e-05
-6.7637708443916815e-05
-6.7096430831323114e-05
-6.6586733614042075e-05
-6.6026079473150372e-05
-6.5550155520292005e-05
-6.4967454265364355e-05
-6.4506694830138625e-05
-6.3930548351662301e-05
-6.3464044326835524e-05
-6.2895024673822772e-05
-6.2429446264568384e-05
-6.1853407095869092e-05
-6.1405143472987030e-05
-6.0822545630089357e-05
-6.0376218723212427e-05
-5.9805878608944992e-05
-5.9350207756718587e-05
-5.8788507694059753e-05
-5.8327775117189094e-05
-5.7766944373418823e-05
-5.7315028041507880e-05
-5.6753239556484638e-05
-5.6292924002121841e-05
-5.5757003443621976e-05
-5.5270875686389155e-05
-5.4762485736178569e-05
-5.4256980738929897e-05
-5.3757195203304943e-05
-5.3247643874261390e-05
-5.2756737794035448e-05
-5.2235582381842957e-05
-5.1767409938462449e-05
-5.1219320039219158e-05
-5.0767222869284649e-05
-5.0218980834027271e-05
-4.9753020126748198e-05
-4.9232431287838863e-05
-4.8732024012653431e-05
-4.8248377664099087e-05
-4.7713253813765865e-05
-4.7256809217179948e-05
-4.6702027578173877e-05
-4.6234556735913892e-05
-4.5715787801162337e-05
-4.5216263765301141e-05
-4.4724078490247370e-05
-4.4197033481093221e-05
-4.3729743315691368e-05
-4.3176308712003099e-05
-4.2699809253380784e-05
-4.2181033436877922e-05
-4.1667932558199227e-05
-4.1184297396168033e-05
-4.0630476451309838e-05
-4.0146280047341712e-05
-3.9626552967261183e-05
-3.9103602203201213e-05
-3.8613608265239024e-05
-3.8052250791309040e-05
0.0000000000000000e+00
];
