%Vec Object:dSdr_b_aug_5510 1 MPI processes
%  type: seq
dSdr_b_aug_5510 = [
2.3237377988164371e+03
0.0000000000000000e+00
-8.7363893798746338e-07
-3.6095460309955648e-07
-2.2423910825808974e-07
-1.5924799736182777e-07
-1.1952501320327502e-07
-9.4966004043759621e-08
-7.8319115861914755e-08
-6.5787399463358995e-08
-5.6480967125952046e-08
-4.9346519999615041e-08
-4.3535644697075173e-08
-3.8827674277237243e-08
-3.4967648929086782e-08
-3.1712213938996755e-08
-2.8929974341597502e-08
-2.6555953346742629e-08
-2.4582611229399052e-08
-6.4957214150490718e-06
-7.2015046767153282e-04
-7.1891619367605924e-04
-6.8039960354367851e-04
-6.4171979777151043e-04
-5.9878411933874829e-04
-5.5734923151956085e-04
-5.1763102831175784e-04
-4.7752103474198203e-04
-4.3637110360775271e-04
-3.9239865966534971e-04
-3.5370438080224340e-04
-3.1651811710675627e-04
-2.8141575757350748e-04
-2.4439650530046637e-04
-2.1428629230166993e-04
-1.8807986931157855e-04
-1.6515707311755875e-04
-1.4350858570208696e-04
-1.2711170834452481e-04
-1.1467549771179162e-04
-1.0485750334473074e-04
-9.6943401361350388e-05
-9.2012627899534138e-05
-8.9007053314414702e-05
-8.7366696440011174e-05
-8.6983976380963700e-05
-8.7476211294684847e-05
-8.8485532969388082e-05
-8.9941057609813335e-05
-9.1903966628101649e-05
-9.3631219382412097e-05
-9.5441779330394919e-05
-9.7285062903144852e-05
-9.9058989047548409e-05
-1.0054508220803124e-04
-1.0187507550059919e-04
-1.0315141523193522e-04
-1.0418034597863765e-04
-1.0502413030297718e-04
-1.0570416106144671e-04
-1.0631535356522284e-04
-1.0671568338207522e-04
-1.0695468542335804e-04
-1.0714463046639252e-04
-1.0723194013422874e-04
-1.0718527771558294e-04
-1.0707764932074298e-04
-1.0691075654006351e-04
-1.0665458556545849e-04
-1.0634189117824962e-04
-1.0601019996839119e-04
-1.0562605217046725e-04
-1.0520807752293226e-04
-1.0472945257131957e-04
-1.0425764227664848e-04
-1.0375847926059497e-04
-1.0321562217229421e-04
-1.0269197396064652e-04
-1.0215777796046743e-04
-1.0155319230838159e-04
-1.0099105975613484e-04
-1.0042604055951354e-04
-9.9806835560199521e-05
-9.9233077573589618e-05
-9.8663277811293081e-05
-9.8001507219801017e-05
-9.7428456134520023e-05
-9.6836828341129852e-05
-9.6194872312828098e-05
-9.5623038809088026e-05
-9.5016340706885691e-05
-9.4377984054392668e-05
-9.3802874799446404e-05
-9.3176270348995798e-05
-9.2573557567276023e-05
-9.2008626079783236e-05
-9.1355702532124104e-05
-9.0781547941634256e-05
-9.0205156224560992e-05
-8.9541923922480950e-05
-8.9008963444466390e-05
-8.8403822865606803e-05
-8.7788838981032481e-05
-8.7255368601100371e-05
-8.6599690302583624e-05
-8.6049387390338709e-05
-8.5492140282097490e-05
-8.4860340485718081e-05
-8.4336581055420332e-05
-8.3727794054417522e-05
-8.3150577444015552e-05
-8.2621314247815792e-05
-8.1997743243341866e-05
-8.1478267643057302e-05
-8.0890358645772578e-05
-8.0334766835142891e-05
-7.9784554863248887e-05
-7.9201587128946646e-05
-7.8687566524596279e-05
-7.8082826754532716e-05
-7.7577595108921255e-05
-7.7010529446981641e-05
-7.6451112697762205e-05
-7.5954895721863677e-05
-7.5340172133203464e-05
-7.4867651397560186e-05
-7.4280368169451523e-05
-7.3772447437638343e-05
-7.3234099126409159e-05
-7.2693081746777767e-05
-7.2175546773634255e-05
-7.1628619757973063e-05
-7.1138923139528343e-05
-7.0561474282176091e-05
-7.0098708956366885e-05
-6.9522222408387730e-05
-6.9040151072960202e-05
-6.8502422566459379e-05
-6.7991174509373674e-05
-6.7481738356377476e-05
-6.6964232053516246e-05
-6.6462496595473728e-05
-6.5941968307229806e-05
-6.5451108259635964e-05
-6.4911558928602256e-05
-6.4454237269803743e-05
-6.3892854412186189e-05
-6.3450519170602448e-05
-6.2895919092516083e-05
-6.2447369341864283e-05
-6.1900652845760132e-05
-6.1452870952045938e-05
-6.0899240218910269e-05
-6.0468700102614958e-05
-5.9908653918182545e-05
-5.9480179807186399e-05
-5.8932168775191343e-05
-5.8494561910528943e-05
-5.7955183109514168e-05
-5.7512942710705872e-05
-5.6974223407819988e-05
-5.6541207866012671e-05
-5.6001254618779851e-05
-5.5560178048376773e-05
-5.5046021719674861e-05
-5.4579503635693710e-05
-5.4092566667719553e-05
-5.3607380655537808e-05
-5.3128617770317158e-05
-5.2640164971248729e-05
-5.2169749328361067e-05
-5.1670526453321446e-05
-5.1222167809364296e-05
-5.0697126563604370e-05
-5.0264433632409418e-05
-4.9739290782061793e-05
-4.9293426351794937e-05
-4.8795254626981998e-05
-4.8316161010252944e-05
-4.7854064312555782e-05
-4.7341536833241732e-05
-4.6905606514814709e-05
-4.6374907608348964e-05
-4.5927903058055177e-05
-4.5432624027006217e-05
-4.4954891157681838e-05
-4.4484963103144568e-05
-4.3981427221147623e-05
-4.3535347466945403e-05
-4.3006871731486788e-05
-4.2552053293104699e-05
-4.2056807152613490e-05
-4.1567233812815955e-05
-4.1105754939965956e-05
-4.0577534586903920e-05
-4.0115656138367141e-05
-3.9620080730548640e-05
-3.9121722055800446e-05
-3.8654281505967686e-05
-3.8119575689075362e-05
0.0000000000000000e+00
];
