%Vec Object:dSdr_b_aug_9240 1 MPI processes
%  type: seq
dSdr_b_aug_9240 = [
2.2775674043470967e+03
0.0000000000000000e+00
-6.4792762697885681e-07
-2.6846162917381867e-07
-1.6752317023950713e-07
-1.1928394019317560e-07
-8.9519866115001174e-08
-7.1110530750566069e-08
-5.8631852020075989e-08
-4.9256761970309542e-08
-4.2293597145149785e-08
-3.6954653136533864e-08
-3.2608323497409971e-08
-2.9087001013844024e-08
-2.6199648642385423e-08
-2.3764644014912409e-08
-2.1690132088513315e-08
-2.7372688327464771e-06
-7.8249220070820773e-04
-7.7961986612568534e-04
-7.3779862491597076e-04
-6.9918015585762009e-04
-6.6134876277394391e-04
-6.2365264344441573e-04
-5.8180335941743417e-04
-5.4138766560971995e-04
-5.0262508006339139e-04
-4.6346757232324209e-04
-4.2327724687282969e-04
-3.8030304520057112e-04
-3.4248227129274171e-04
-3.0612136440602865e-04
-2.7178758142627643e-04
-2.3557022781412016e-04
-2.0610814175401024e-04
-1.8046200826892094e-04
-1.5802780152740343e-04
-1.3684155573009772e-04
-1.2079510187974443e-04
-1.0862618707316979e-04
-9.9024927070411005e-05
-9.1290678205794925e-05
-8.6479040711721683e-05
-8.3555466339524080e-05
-8.1971072009132345e-05
-8.1622252894661171e-05
-8.2131234678756019e-05
-8.3147868973079239e-05
-8.4602777404658782e-05
-8.6561321961950698e-05
-8.8285434078532029e-05
-9.0091089917919507e-05
-9.1931796299672764e-05
-9.3706515136697446e-05
-9.5195930152526493e-05
-9.6533291877361817e-05
-9.7822196844909851e-05
-9.8865555181242893e-05
-9.9726155282195319e-05
-1.0042748286059685e-04
-1.0106364595489296e-04
-1.0148938042105520e-04
-1.0175663806962653e-04
-1.0198052531941226e-04
-1.0209892536514089e-04
-1.0208527391710076e-04
-1.0201425439418453e-04
-1.0188511263228621e-04
-1.0166555796665237e-04
-1.0139155751956233e-04
-1.0110109969128284e-04
-1.0075504485256628e-04
-1.0037533108424975e-04
-9.9942055479835989e-05
-9.9509337329053984e-05
-9.9049030221005352e-05
-9.8552232219433665e-05
-9.8067476261805623e-05
-9.7572025834840838e-05
-9.7014631983894568e-05
-9.6491504225065003e-05
-9.5965918596568921e-05
-9.5392571496195756e-05
-9.4857603187835200e-05
-9.4326873181162877e-05
-9.3711383814344169e-05
-9.3176966408052504e-05
-9.2624907505124744e-05
-9.2027317379463820e-05
-9.1493476672918232e-05
-9.0926970172044863e-05
-9.0331929709096533e-05
-8.9794486556275956e-05
-8.9209198232741466e-05
-8.8647131428971405e-05
-8.8119219643221540e-05
-8.7508955026211776e-05
-8.6973821633744367e-05
-8.6434546682777788e-05
-8.5814772898726467e-05
-8.5318399598575297e-05
-8.4751752606447258e-05
-8.4177685567412468e-05
-8.3680305469224621e-05
-8.3066345514650467e-05
-8.2553397264894924e-05
-8.2033068887942909e-05
-8.1442223175957014e-05
-8.0953881241289111e-05
-8.0385324597472135e-05
-7.9845977335011537e-05
-7.9352311582935948e-05
-7.8770245694184785e-05
-7.8285053411837670e-05
-7.7736880664506396e-05
-7.7218077672446130e-05
-7.6704364883053815e-05
-7.6160873481071560e-05
-7.5681203621488888e-05
-7.5116688118745026e-05
-7.4646526405000173e-05
-7.4116794870899780e-05
-7.3595213689105977e-05
-7.3133960812468886e-05
-7.2559203354850924e-05
-7.2120221841264360e-05
-7.1572759693357482e-05
-7.1098858680602279e-05
-7.0598926945232503e-05
-7.0094162630340073e-05
-6.9612479206216101e-05
-6.9103856469085762e-05
-6.8647863448846312e-05
-6.8110693266632466e-05
-6.7680713970301204e-05
-6.7144169021314624e-05
-6.6696232871424563e-05
-6.6196388929731141e-05
-6.5720965010422497e-05
-6.5247961649258400e-05
-6.4767362025976077e-05
-6.4300954528894596e-05
-6.3818590054394157e-05
-6.3362376834938072e-05
-6.2861645156145026e-05
-6.2438538324927604e-05
-6.1916365968131011e-05
-6.1507917979285840e-05
-6.0992947765040841e-05
-6.0577420955933332e-05
-6.0071726212068706e-05
-5.9656677099799473e-05
-5.9144261758085810e-05
-5.8746320141707411e-05
-5.8227752778306063e-05
-5.7832114969120634e-05
-5.7325173381444460e-05
-5.6920791262420261e-05
-5.6422467524945478e-05
-5.6014239437492324e-05
-5.5516189283498531e-05
-5.5117937609168854e-05
-5.4618145501387066e-05
-5.4212454836948191e-05
-5.3738329050091299e-05
-5.3307878680122880e-05
-5.2860399790025391e-05
-5.2412586122674605e-05
-5.1972489823999479e-05
-5.1522843180712248e-05
-5.1090115247328506e-05
-5.0631232513105331e-05
-5.0219317066782614e-05
-4.9736668828300367e-05
-4.9339665816722641e-05
-4.8857008936688957e-05
-4.8448107302448801e-05
-4.7991167057371431e-05
-4.7551275374972790e-05
-4.7128814688170366e-05
-4.6657848456931073e-05
-4.6259649864235550e-05
-4.5773246106925770e-05
-4.5363885103431796e-05
-4.4911810942226630e-05
-4.4474158559236678e-05
-4.4045168281920431e-05
-4.3584872899229239e-05
-4.3177805811021679e-05
-4.2695237411621385e-05
-4.2280297711033087e-05
-4.1828330917920277e-05
-4.1382033612326028e-05
-4.0961309633632098e-05
-4.0480180868562347e-05
-4.0059359332097311e-05
-3.9608219836783174e-05
-3.9155122724105970e-05
-3.8729246653865878e-05
-3.8243991349208222e-05
0.0000000000000000e+00
];
