%Vec Object:dSdr_b_aug_3920 1 MPI processes
%  type: seq
dSdr_b_aug_3920 = [
2.3532952641132556e+03
0.0000000000000000e+00
-1.0630253440088848e-06
-4.3704269521464967e-07
-2.6980996515161062e-07
-1.9064091343657838e-07
-1.4263651207631924e-07
-1.1297019307549588e-07
-9.2864766196892388e-08
-7.7726369530399213e-08
-6.6487517249706254e-08
-5.7873077148156187e-08
-5.0861627965384890e-08
-4.5182987178129455e-08
-4.0527913056053457e-08
-3.6604046995376272e-08
-3.3252688963333674e-08
-3.0393527512189314e-08
-2.7921828095574802e-08
-2.5749407734996596e-08
-3.4162567373862808e-07
-4.3614560883429990e-04
-6.8998026123986316e-04
-6.5307665575397981e-04
-6.0949759066727884e-04
-5.6742061073732531e-04
-5.2709946428268690e-04
-4.8638847350054447e-04
-4.4463305145284269e-04
-4.0003073765338857e-04
-3.6078529554797587e-04
-3.2307824907507185e-04
-2.8749093390884913e-04
-2.4996570045007007e-04
-2.1944653298542293e-04
-1.9288657929235705e-04
-1.6965549365450535e-04
-1.4771534170643868e-04
-1.3109735467229939e-04
-1.1849248615886485e-04
-1.0853773710798792e-04
-1.0051015171569510e-04
-9.5504206069490816e-05
-9.2446891162032313e-05
-9.0771223170948710e-05
-9.0367112386587975e-05
-9.0848780423793537e-05
-9.1853488027618185e-05
-9.3309401514598476e-05
-9.5275064440794225e-05
-9.7004298874621566e-05
-9.8817953026219301e-05
-1.0066286257838187e-04
-1.0243628838833542e-04
-1.0392028537824406e-04
-1.0524562920464680e-04
-1.0651404040463864e-04
-1.0753386752316790e-04
-1.0836704133094843e-04
-1.0903363413547477e-04
-1.0962907061998488e-04
-1.1001337054602415e-04
-1.1023454389218396e-04
-1.1040307211563362e-04
-1.1047076440802695e-04
-1.1040327276042536e-04
-1.1027254493671407e-04
-1.1008183205666461e-04
-1.0980255696079646e-04
-1.0946544751082391e-04
-1.0910773890422544e-04
-1.0869955525004719e-04
-1.0825743879233248e-04
-1.0775019935648446e-04
-1.0725372274126374e-04
-1.0673004246460576e-04
-1.0615812306154421e-04
-1.0560993465582357e-04
-1.0505129101412260e-04
-1.0441692832845608e-04
-1.0383018457226428e-04
-1.0324028362394385e-04
-1.0259214325537799e-04
-1.0199390979813886e-04
-1.0139945784222260e-04
-1.0070848477195143e-04
-1.0011105664831412e-04
-9.9494461717871394e-05
-9.8824511738745971e-05
-9.8228705579665111e-05
-9.7596647423035937e-05
-9.6930959166604684e-05
-9.6332083394091707e-05
-9.5679409337195477e-05
-9.5051049798981340e-05
-9.4462759658994839e-05
-9.3782919224029432e-05
-9.3184143079014925e-05
-9.2584331463929526e-05
-9.1893677751686217e-05
-9.1337631534703625e-05
-9.0708202311872211e-05
-9.0067400756864749e-05
-8.9511158166716721e-05
-8.8829156469046595e-05
-8.8255283548835278e-05
-8.7674741496015739e-05
-8.7017100532027741e-05
-8.6470993405158525e-05
-8.5836821893134371e-05
-8.5235710518794373e-05
-8.4683986082147958e-05
-8.4034226220638551e-05
-8.3493118565764569e-05
-8.2880136828451299e-05
-8.2301332044866344e-05
-8.1728089854231139e-05
-8.1120213382216433e-05
-8.0584518177994504e-05
-7.9954397738788411e-05
-7.9427037701241011e-05
-7.8836414987197928e-05
-7.8253124787994687e-05
-7.7734846197986286e-05
-7.7094904818229162e-05
-7.6601221535852103e-05
-7.5988812040486006e-05
-7.5459425578165411e-05
-7.4896837212136920e-05
-7.4332944907593514e-05
-7.3792788357349780e-05
-7.3221692143711901e-05
-7.2710729259653845e-05
-7.2107865401240556e-05
-7.1624412776069175e-05
-7.1022723914599407e-05
-7.0519113990336640e-05
-6.9957481115238938e-05
-6.9423628775479318e-05
-6.8891204291671865e-05
-6.8350410644534200e-05
-6.7826383980168365e-05
-6.7281775121860585e-05
-6.6769053647836022e-05
-6.6205011187716532e-05
-6.5726100685107509e-05
-6.5139976818411125e-05
-6.4676259425067043e-05
-6.4096653727805495e-05
-6.3627267186624800e-05
-6.3054666818074319e-05
-6.2586231217650617e-05
-6.2006594428605055e-05
-6.1555485333214213e-05
-6.0969266872929482e-05
-6.0520073733342521e-05
-5.9946148731969847e-05
-5.9487577737042521e-05
-5.8922294038678730e-05
-5.8458592570076600e-05
-5.7894211871498913e-05
-5.7439261041263485e-05
-5.6873966938720176e-05
-5.6410562583533982e-05
-5.5871147800447385e-05
-5.5381871721155076e-05
-5.4870037507284586e-05
-5.4361270300269238e-05
-5.3858109578072980e-05
-5.3345170873465108e-05
-5.2850975037484234e-05
-5.2326298336654223e-05
-5.1854944751495319e-05
-5.1303154353832192e-05
-5.0847941772222960e-05
-5.0295991098352515e-05
-4.9826803843260808e-05
-4.9302615833336085e-05
-4.8798786519969700e-05
-4.8311680218252776e-05
-4.7772928332666506e-05
-4.7313189935944115e-05
-4.6754541541702310e-05
-4.6283784493945679e-05
-4.5761243846315682e-05
-4.5258220729423474e-05
-4.4762461428387452e-05
-4.4231641241694337e-05
-4.3760944740511497e-05
-4.3203501699529203e-05
-4.2723519646712749e-05
-4.2200963836858052e-05
-4.1684082399459200e-05
-4.1196885383812567e-05
-4.0638947121348003e-05
-4.0151155838631559e-05
-3.9627529814816976e-05
-3.9100585092114293e-05
-3.8606841372946015e-05
-3.8040518278725202e-05
0.0000000000000000e+00
];
