%Vec Object:dSdr_b_aug_9450 1 MPI processes
%  type: seq
dSdr_b_aug_9450 = [
2.2762346617516178e+03
0.0000000000000000e+00
-6.4262292056023863e-07
-2.6632189104524627e-07
-1.6623183162278621e-07
-1.1839094457638555e-07
-8.8863755166237752e-08
-7.0600548325540437e-08
-5.8220783659864986e-08
-4.8919961845791569e-08
-4.2011839622844003e-08
-3.6715041120983137e-08
-3.2402851245171481e-08
-2.8909113093003547e-08
-2.6044343155864649e-08
-2.3628308569589430e-08
-2.1575921750326963e-08
-5.1173019660578844e-06
-7.9705165226353421e-04
-7.7862673308914791e-04
-7.3679312506144147e-04
-6.9822451119363235e-04
-6.6044130118323710e-04
-6.2279223445283372e-04
-5.8099469127347221e-04
-5.4062753424464702e-04
-5.0191045771032206e-04
-4.6279830983415930e-04
-4.2265368331491040e-04
-3.7972702055078634e-04
-3.4194784523372697e-04
-3.0562624399788383e-04
-2.7132906264527916e-04
-2.3514989754833785e-04
-2.0571867705614400e-04
-1.8009922611949105e-04
-1.5768828727494237e-04
-1.3652405462487161e-04
-1.2049428884913603e-04
-1.0833810335825816e-04
-9.8747164801700249e-05
-9.1021481001452882e-05
-8.6215517059886118e-05
-8.3295847737262802e-05
-8.1714118474113451e-05
-8.1366913795472131e-05
-8.1876693093704649e-05
-8.2893675619068972e-05
-8.4348554690824413e-05
-8.6306891387379555e-05
-8.8030853926627281e-05
-8.9836276213854183e-05
-9.1676859857685604e-05
-9.3451616439874484e-05
-9.4941189646642450e-05
-9.6278902271344473e-05
-9.7568405624422232e-05
-9.8612451036736087e-05
-9.9473851945656967e-05
-1.0017619373125845e-04
-1.0081354598751022e-04
-1.0124049028683159e-04
-1.0150909353883898e-04
-1.0173459720293898e-04
-1.0185447785155652e-04
-1.0184239847020153e-04
-1.0177312235554256e-04
-1.0164577839401409e-04
-1.0142796749101084e-04
-1.0115580974886906e-04
-1.0086731556043180e-04
-1.0052307480653419e-04
-1.0014518311989069e-04
-9.9714067168585988e-05
-9.9283210686585953e-05
-9.8824753997200695e-05
-9.8330149448547113e-05
-9.7847245640585929e-05
-9.7353640377997308e-05
-9.6798493922918520e-05
-9.6277223673296654e-05
-9.5753515973409509e-05
-9.5182352745108809e-05
-9.4649231701703432e-05
-9.4120362298033764e-05
-9.3507076963261432e-05
-9.2974499392912610e-05
-9.2424324863170281e-05
-9.1828847557000321e-05
-9.1296816166006593e-05
-9.0732223693516115e-05
-9.0139246060023524e-05
-8.9603596664755570e-05
-8.9020275922516550e-05
-8.8460144785809688e-05
-8.7933995974372745e-05
-8.7325762886546139e-05
-8.6792487784920168e-05
-8.6254980430788264e-05
-8.5637276254398961e-05
-8.5142645330728571e-05
-8.4577831503820496e-05
-8.4005713032500820e-05
-8.3510051648441944e-05
-8.2898078431064504e-05
-8.2386909108584427e-05
-8.1868338898739458e-05
-8.1279443527955796e-05
-8.0792788267668080e-05
-8.0226147499303164e-05
-7.9688603674878166e-05
-7.9196633166849889e-05
-7.8616543860947089e-05
-7.8132984240566534e-05
-7.7586703838106584e-05
-7.7069652826552545e-05
-7.6557678224461136e-05
-7.6016066789458877e-05
-7.5538032803007632e-05
-7.4975432885929095e-05
-7.4506941294930437e-05
-7.3978987710553173e-05
-7.3459208358370138e-05
-7.2999620564545751e-05
-7.2426766399630703e-05
-7.1989382112539626e-05
-7.1443816349697273e-05
-7.0971535446050246e-05
-7.0473433209651502e-05
-6.9970395361717048e-05
-6.9490419283363441e-05
-6.8983620697447934e-05
-6.8529232732034959e-05
-6.7993980727075462e-05
-6.7565562788648754e-05
-6.7030919964588002e-05
-6.6584609423064786e-05
-6.6086569645068275e-05
-6.5612851766597813e-05
-6.5141583432038608e-05
-6.4662741403215756e-05
-6.4198016317967306e-05
-6.3717469306114383e-05
-6.3262906061339487e-05
-6.2764022982897917e-05
-6.2342545553550693e-05
-6.1822240505822118e-05
-6.1415406319104468e-05
-6.0902323385339666e-05
-6.0488369217877620e-05
-5.9984628040138206e-05
-5.9571137751640379e-05
-5.9060685198000356e-05
-5.8664296010900910e-05
-5.8147703981178369e-05
-5.7753629926435538e-05
-5.7248644177302895e-05
-5.6845844311933426e-05
-5.6349475728682310e-05
-5.5942867401406338e-05
-5.5446754024016752e-05
-5.5050157901616651e-05
-5.4552278378483848e-05
-5.4148272889918234e-05
-5.3676053469214759e-05
-5.3247320745664255e-05
-5.2801720960593334e-05
-5.2355687070881217e-05
-5.1917432185752001e-05
-5.1469633603515606e-05
-5.1038700468764746e-05
-5.0581738850002321e-05
-5.0171558937634435e-05
-4.9690929580138051e-05
-4.9295626232371177e-05
-4.8814992663897374e-05
-4.8407851315133418e-05
-4.7952874644014981e-05
-4.7514849886177709e-05
-4.7094276799159169e-05
-4.6625289856840280e-05
-4.6228888185815882e-05
-4.5744593923995408e-05
-4.5337025656297538e-05
-4.4887009085063315e-05
-4.4451265512282169e-05
-4.4024224886426000e-05
-4.3565988836581181e-05
-4.3160779766132510e-05
-4.2680397762963678e-05
-4.2267357409845054e-05
-4.1817451982871848e-05
-4.1373215994847569e-05
-4.0954433443734878e-05
-4.0475548174144059e-05
-4.0056683292495526e-05
-3.9607662518971001e-05
-3.9156726331544567e-05
-3.8732844958382316e-05
-3.8250025682085834e-05
0.0000000000000000e+00
];
