%Vec Object:dSdr_b_aug_1350 1 MPI processes
%  type: seq
dSdr_b_aug_1350 = [
2.4426591621572047e+03
0.0000000000000000e+00
-2.0128286820670572e-06
-8.2342932105095420e-07
-5.0372687898485106e-07
-3.5446273453482801e-07
-2.6600832148135652e-07
-2.1139037783434887e-07
-1.7437250268587383e-07
-1.4633830660289033e-07
-1.2552783022635153e-07
-1.0958174835168360e-07
-9.6577787048368534e-08
-8.6041904806298702e-08
-7.7405828770202754e-08
-7.0122215870400055e-08
-6.3897006316793143e-08
-5.8586191783510423e-08
-5.3994659433519935e-08
-4.9942318465730961e-08
-4.6392318851803673e-08
-4.3261582286850381e-08
-4.0446443642840782e-08
-3.7934546997428262e-08
-4.8689256326271131e-08
-2.0021750569839771e-05
-4.7415357974104868e-04
-5.0868850226684550e-04
-4.6864129423356763e-04
-4.2241484663781148e-04
-3.8156966586556213e-04
-3.4233568510236984e-04
-3.0532499417161585e-04
-2.6631446005353051e-04
-2.3459478730590788e-04
-2.0699702236113911e-04
-1.8286093291000060e-04
-1.6006458048480803e-04
-1.4279751123660010e-04
-1.2969753609976448e-04
-1.1934133429392571e-04
-1.1098061045510666e-04
-1.0575399133026483e-04
-1.0254478862644565e-04
-1.0076546179832030e-04
-1.0029855635230141e-04
-1.0074920384031567e-04
-1.0174036576628645e-04
-1.0319741998718130e-04
-1.0517116646028876e-04
-1.0690621761421394e-04
-1.0872895474518717e-04
-1.1057863721920843e-04
-1.1235059403049956e-04
-1.1382843736067839e-04
-1.1514013217447771e-04
-1.1638526845534998e-04
-1.1737837109567314e-04
-1.1818039686771657e-04
-1.1880754151614821e-04
-1.1935672501207213e-04
-1.1969396797548718e-04
-1.1986280352310153e-04
-1.1996846078832574e-04
-1.1997856453619817e-04
-1.1984992688982476e-04
-1.1965138876035229e-04
-1.1939075001417482e-04
-1.1904365087253089e-04
-1.1863486903466833e-04
-1.1820078429264422e-04
-1.1772204146364263e-04
-1.1720905480846118e-04
-1.1661781534834248e-04
-1.1604892882139470e-04
-1.1545327621895542e-04
-1.1479604218448841e-04
-1.1417581414802825e-04
-1.1354540257821180e-04
-1.1282362718065148e-04
-1.1216463536293305e-04
-1.1150169214875507e-04
-1.1076860985198984e-04
-1.1009852680723750e-04
-1.0943170648769119e-04
-1.0865500738936430e-04
-1.0798601864985875e-04
-1.0729613083427769e-04
-1.0654400255812605e-04
-1.0587782289185951e-04
-1.0517131842860954e-04
-1.0442539625289418e-04
-1.0375675211759359e-04
-1.0302754882892022e-04
-1.0232390136675161e-04
-1.0166704021444378e-04
-1.0090818334253553e-04
-1.0023712886683675e-04
-9.9568566467804839e-05
-9.8797415264129421e-05
-9.8173599213059390e-05
-9.7472869022690808e-05
-9.6756278013424870e-05
-9.6133186125205603e-05
-9.5373910377069529e-05
-9.4730846173691509e-05
-9.4081920307289722e-05
-9.3348420922738005e-05
-9.2736710697221981e-05
-9.2028021315105260e-05
-9.1356765326851099e-05
-9.0739104483445103e-05
-9.0012465547904892e-05
-8.9407855623434171e-05
-8.8721271254460930e-05
-8.8074323314680283e-05
-8.7433474458406321e-05
-8.6752476804477816e-05
-8.6153154452109915e-05
-8.5448527452294392e-05
-8.4856208136214171e-05
-8.4196432220431258e-05
-8.3543060015688419e-05
-8.2960018190385794e-05
-8.2246048411651720e-05
-8.1690241175945208e-05
-8.1004071965117729e-05
-8.0411671544855572e-05
-7.9777925009377680e-05
-7.9146881973239400e-05
-7.8540318416655608e-05
-7.7898272057840101e-05
-7.7324880788858603e-05
-7.6647409661395030e-05
-7.6103228259659871e-05
-7.5427556503912703e-05
-7.4860718802153580e-05
-7.4228913254334903e-05
-7.3628704740918231e-05
-7.3028796693889197e-05
-7.2419641720650467e-05
-7.1830177971691402e-05
-7.1214879242760019e-05
-7.0637982356503876e-05
-7.0002038959128402e-05
-6.9459753255277651e-05
-6.8801000815617506e-05
-6.8274515011016571e-05
-6.7621503994756934e-05
-6.7090950025390235e-05
-6.6442366205294819e-05
-6.5913300674380905e-05
-6.5257321804132836e-05
-6.4745831550011673e-05
-6.4082783114588151e-05
-6.3572768393982062e-05
-6.2922771757045157e-05
-6.2402659738700875e-05
-6.1761331111053811e-05
-6.1234629901070448e-05
-6.0594919179693347e-05
-6.0075576603424895e-05
-5.9435893555699054e-05
-5.8906945374237343e-05
-5.8293383667239098e-05
-5.7737300999134938e-05
-5.7152380369822442e-05
-5.6574390198527383e-05
-5.5999609307994200e-05
-5.5414792025106627e-05
-5.4850789407128036e-05
-5.4251393021457738e-05
-5.3712538131046394e-05
-5.3082225910211468e-05
-5.2560907687423465e-05
-5.1930263445813070e-05
-5.1392613342734517e-05
-5.0792056025617913e-05
-5.0215617066375996e-05
-4.9655097528214954e-05
-4.9039366891089215e-05
-4.8509743696750409e-05
-4.7869054051249084e-05
-4.7328577299230614e-05
-4.6726017061966809e-05
-4.6148763102394987e-05
-4.5577186964452520e-05
-4.4966287255046975e-05
-4.4423345692152595e-05
-4.3780891524022613e-05
-4.3227071408390124e-05
-4.2624388256593946e-05
-4.2027400016513785e-05
-4.1464788887407000e-05
-4.0819738595454860e-05
-4.0256085250521298e-05
-3.9650490354276933e-05
-3.9040428784394911e-05
-3.8471717049378707e-05
-3.7824527339634263e-05
0.0000000000000000e+00
];
