%Vec Object:dSdr_b_aug_1190 1 MPI processes
%  type: seq
dSdr_b_aug_1190 = [
2.4535763677573323e+03
0.0000000000000000e+00
-2.1825304661381753e-06
-8.9158237124270614e-07
-5.4431960379584355e-07
-3.8251204893851104e-07
-2.8694022590466589e-07
-2.2793622059130101e-07
-1.8794671353566263e-07
-1.5764755603218676e-07
-1.3515721202990283e-07
-1.1792480877375738e-07
-1.0387197381295019e-07
-9.2486816118217974e-08
-8.3154966090254538e-08
-7.5285091548129170e-08
-6.8559375372029810e-08
-6.2821775037247132e-08
-5.7861489813209093e-08
-5.3484254566397895e-08
-4.9649759832845559e-08
-4.6268197369200745e-08
-4.3227934082488556e-08
-4.0510065249634342e-08
-3.8225320208586002e-08
-3.1415305876587154e-07
-1.1579780007616527e-04
-4.8833661079181569e-04
-4.6986451705470874e-04
-4.2477391494415904e-04
-3.8385658005573995e-04
-3.4446422074450433e-04
-3.0729744656069250e-04
-2.6812284089935127e-04
-2.3627041664895466e-04
-2.0855786299470269e-04
-1.8432166817575755e-04
-1.6143060701802892e-04
-1.4409173909099031e-04
-1.3093699726709796e-04
-1.2053638833092003e-04
-1.1213881399646163e-04
-1.0688778479345938e-04
-1.0366178080629330e-04
-1.0187098758979380e-04
-1.0139713598806282e-04
-1.0184435204883039e-04
-1.0283401555117684e-04
-1.0429119590359094e-04
-1.0626583649670764e-04
-1.0800153102718087e-04
-1.0982527283803300e-04
-1.1167548323260396e-04
-1.1344727750997603e-04
-1.1492444011002052e-04
-1.1623462508896664e-04
-1.1747718675621974e-04
-1.1846733320818717e-04
-1.1926591347683113e-04
-1.1988869449623945e-04
-1.2043276163997365e-04
-1.2076479932071352e-04
-1.2092784545071585e-04
-1.2102654816099614e-04
-1.2103028167483700e-04
-1.2089488028311270e-04
-1.2068884122861394e-04
-1.2042046754256619e-04
-1.2006586595676967e-04
-1.1964915598627374e-04
-1.1920662280126615e-04
-1.1872007497948935e-04
-1.1819924892764247e-04
-1.1759871769993520e-04
-1.1702182145940239e-04
-1.1641820754764454e-04
-1.1575153632936988e-04
-1.1512333953886422e-04
-1.1448498926984971e-04
-1.1375354460726634e-04
-1.1308656098009257e-04
-1.1241553810475035e-04
-1.1167305985187182e-04
-1.1099502907568080e-04
-1.1032020363969103e-04
-1.0953402185145436e-04
-1.0885711734565520e-04
-1.0815912214688236e-04
-1.0739790361743209e-04
-1.0672393949850445e-04
-1.0600920006525959e-04
-1.0525440271606241e-04
-1.0457804106704764e-04
-1.0384037240335027e-04
-1.0312839687490315e-04
-1.0246395062941453e-04
-1.0169635321945954e-04
-1.0101730355044167e-04
-1.0034113616316857e-04
-9.9561080612330360e-05
-9.8929768115594432e-05
-9.8221150884776712e-05
-9.7496176341416095e-05
-9.6865689845064646e-05
-9.6097866342822864e-05
-9.5447148470179194e-05
-9.4790658253890068e-05
-9.4048767707293561e-05
-9.3429800724236919e-05
-9.2712868466964294e-05
-9.2033853356598836e-05
-9.1408898886933789e-05
-9.0673755889532164e-05
-9.0062121594200589e-05
-8.9367395591250689e-05
-8.8712909923979264e-05
-8.8064582684989454e-05
-8.7375496653964628e-05
-8.6769136118355718e-05
-8.6056267496756764e-05
-8.5456762642800802e-05
-8.4789337273846009e-05
-8.4128212875499920e-05
-8.3538007198779101e-05
-8.2815848692331160e-05
-8.2253169553173544e-05
-8.1558841336063474e-05
-8.0959470564343468e-05
-8.0317852796348767e-05
-7.9679381815604978e-05
-7.9065472582860637e-05
-7.8415578003846907e-05
-7.7835281159523766e-05
-7.7149557276018615e-05
-7.6598658304156996e-05
-7.5914802859511422e-05
-7.5340971159026333e-05
-7.4701403395660234e-05
-7.4093854833869147e-05
-7.3486482031689596e-05
-7.2869765209417908e-05
-7.2273063080629035e-05
-7.1649944929791400e-05
-7.1065949226934940e-05
-7.0422052446272122e-05
-6.9872756444106380e-05
-6.9205970135367384e-05
-6.8672541155631722e-05
-6.8011410352319626e-05
-6.7474090305330770e-05
-6.6817101518097457e-05
-6.6281329368751441e-05
-6.5616905864819059e-05
-6.5098736514140101e-05
-6.4427189480367254e-05
-6.3910446949849516e-05
-6.3252035604064751e-05
-6.2725116199221598e-05
-6.2075375822617646e-05
-6.1541705874641560e-05
-6.0893662491519584e-05
-6.0367197206469402e-05
-5.9719285603827638e-05
-5.9183087284092137e-05
-5.8561323803523590e-05
-5.7997851326714677e-05
-5.7404846245312562e-05
-5.6819198989250464e-05
-5.6236495852552725e-05
-5.5643727748559083e-05
-5.5072003493617021e-05
-5.4464342036966979e-05
-5.3918020557071468e-05
-5.3279022716776650e-05
-5.2750392319709117e-05
-5.2111043498981689e-05
-5.1565820520440321e-05
-5.0956815775136026e-05
-5.0372345298514890e-05
-4.9803705390540064e-05
-4.9179460028299997e-05
-4.8642106865874737e-05
-4.7992342625558063e-05
-4.7444154317956602e-05
-4.6832743299194067e-05
-4.6247279016134361e-05
-4.5667317285880649e-05
-4.5047560686772887e-05
-4.4496629137731131e-05
-4.3844773266993957e-05
-4.3282787922070088e-05
-4.2671244678334348e-05
-4.2065399867824844e-05
-4.1494453236843408e-05
-4.0839776902019015e-05
-4.0267748216117589e-05
-3.9653115750527830e-05
-3.9033922995397117e-05
-3.8457095434192431e-05
-3.7801902030329878e-05
0.0000000000000000e+00
];
