%Vec Object:dSdr_b_aug_2390 1 MPI processes
%  type: seq
dSdr_b_aug_2390 = [
2.3958818325527200e+03
0.0000000000000000e+00
-1.4313207261344760e-06
-5.8682777026436235e-07
-3.6058395393750031e-07
-2.5414668972983883e-07
-1.9029065304815346e-07
-1.5084392549072331e-07
-1.2410979494613788e-07
-1.0393265091856126e-07
-8.8954371364328392e-08
-7.7475416160017677e-08
-6.8126136579387332e-08
-6.0553377663458373e-08
-5.4345985834892114e-08
-4.9112891376998873e-08
-4.4642532924629617e-08
-4.0828863007758114e-08
-3.7532028040464647e-08
-3.4624077088526723e-08
-3.2076654462350385e-08
-2.9864134780715368e-08
-4.1657531640421957e-07
-3.1064117721066461e-04
-6.1872546865040297e-04
-5.8128958462611805e-04
-5.4028729968975400e-04
-4.9874490527694864e-04
-4.5614605627743464e-04
-4.1066604136206136e-04
-3.7065255520061298e-04
-3.3221979813637028e-04
-2.9595669734176799e-04
-2.5772637919032292e-04
-2.2663733374042147e-04
-1.9958473507302916e-04
-1.7592404815706112e-04
-1.5357746177645590e-04
-1.3665135845314708e-04
-1.2381146518356518e-04
-1.1366614845200163e-04
-1.0548042387712928e-04
-1.0036972568094983e-04
-9.7240310487567552e-05
-9.5515436285680878e-05
-9.5081517335501809e-05
-9.5548460232388740e-05
-9.6546737932191529e-05
-9.8003193082706091e-05
-9.9972693389229400e-05
-1.0170468913755173e-04
-1.0352265507401543e-04
-1.0536983043878024e-04
-1.0714255904230917e-04
-1.0862363502962859e-04
-1.0994249983731941e-04
-1.1119986264014933e-04
-1.1220700386511110e-04
-1.1302539193138249e-04
-1.1367325896103538e-04
-1.1424673944502160e-04
-1.1460870172056312e-04
-1.1480503057951277e-04
-1.1494371427453103e-04
-1.1498406957432157e-04
-1.1488755222624116e-04
-1.1472463518678167e-04
-1.1450072884439429e-04
-1.1418925800937243e-04
-1.1381812603024937e-04
-1.1342416204802706e-04
-1.1298248430114434e-04
-1.1250672610961194e-04
-1.1195961227365623e-04
-1.1142876302933879e-04
-1.1087091784346388e-04
-1.1025850000226416e-04
-1.0967611479328184e-04
-1.0908340332312562e-04
-1.0840754630233663e-04
-1.0778650679616878e-04
-1.0716193309082731e-04
-1.0647347125015203e-04
-1.0584113119070029e-04
-1.0521232637033898e-04
-1.0448065961397064e-04
-1.0384926205656947e-04
-1.0319787539067790e-04
-1.0248891581195273e-04
-1.0185970372938264e-04
-1.0119230630929926e-04
-1.0048853143604642e-04
-9.9856536995217038e-05
-9.9167534916408132e-05
-9.8503436598153249e-05
-9.7882596151822618e-05
-9.7165247010855965e-05
-9.6532160706500154e-05
-9.5899713441087672e-05
-9.5170847972004380e-05
-9.4582631756167274e-05
-9.3919356305597094e-05
-9.3242577843214832e-05
-9.2654602194949882e-05
-9.1935918858101226e-05
-9.1329201149659408e-05
-9.0716197609991620e-05
-9.0022546998167410e-05
-8.9445298375669070e-05
-8.8775753567780770e-05
-8.8141344860909681e-05
-8.7558320707138354e-05
-8.6872066695685898e-05
-8.6300814795671712e-05
-8.5652894218745369e-05
-8.5041742181911023e-05
-8.4436407406820441e-05
-8.3793820634944102e-05
-8.3227921902798507e-05
-8.2562433529263365e-05
-8.2004237606240587e-05
-8.1380788170190351e-05
-8.0764230349358811e-05
-8.0215208931947688e-05
-7.9540126594004608e-05
-7.9016953336807572e-05
-7.8369530423982577e-05
-7.7810231503229593e-05
-7.7213864659149504e-05
-7.6618096186715796e-05
-7.6046416510213916e-05
-7.5441640562338711e-05
-7.4901043181792255e-05
-7.4262763566409741e-05
-7.3750483237614505e-05
-7.3113675003334006e-05
-7.2580051107776322e-05
-7.1985107550232930e-05
-7.1419756199916028e-05
-7.0855297536912234e-05
-7.0282053038162379e-05
-6.9726963643214666e-05
-6.9148798579017037e-05
-6.8605613278796844e-05
-6.8007439718847042e-05
-6.7498445240469734e-05
-6.6877844861380431e-05
-6.6384331525515733e-05
-6.5769880590362930e-05
-6.5271458077100386e-05
-6.4662788634526253e-05
-6.4165572199994655e-05
-6.3549696086313289e-05
-6.3069924236718085e-05
-6.2447234838230696e-05
-6.1969169864979995e-05
-6.1359133891276192e-05
-6.0871349530985576e-05
-6.0269967520749554e-05
-5.9776360221892454e-05
-5.9176220553629868e-05
-5.8690703093396548e-05
-5.8090096721471891e-05
-5.7595578822293786e-05
-5.7020966627261117e-05
-5.6499977542808855e-05
-5.5953449299883083e-05
-5.5411822004462851e-05
-5.4874663228858582e-05
-5.4327603777391063e-05
-5.3800270637062775e-05
-5.3240124464081597e-05
-5.2736727901689361e-05
-5.2147663088849027e-05
-5.1661069950798584e-05
-5.1071763224200724e-05
-5.0570076329262415e-05
-5.0009635435357282e-05
-4.9471337838965687e-05
-4.8949381683674929e-05
-4.8374087270599176e-05
-4.7881173662756807e-05
-4.7283579233400577e-05
-4.6779724903826399e-05
-4.6219197354585757e-05
-4.5680934849013017e-05
-4.5149182806172649e-05
-4.4580345746964435e-05
-4.4075350519402011e-05
-4.3477547550650773e-05
-4.2962507757287408e-05
-4.2401906289650846e-05
-4.1846985302704164e-05
-4.1323970556263779e-05
-4.0724651615249929e-05
-4.0200801667684697e-05
-3.9638179423772208e-05
-3.9071596372581621e-05
-3.8541750591511094e-05
-3.7934298758504480e-05
0.0000000000000000e+00
];
