%Vec Object:dSdr_b_aug_5560 1 MPI processes
%  type: seq
dSdr_b_aug_5560 = [
2.3232715094978744e+03
0.0000000000000000e+00
-8.7096302333038586e-07
-3.5987820664272015e-07
-2.2359322767415960e-07
-1.5880257480401242e-07
-1.1919705567554625e-07
-9.4710486543614173e-08
-7.8112642977461269e-08
-6.5617865111712117e-08
-5.6338811023992283e-08
-4.9225326810422725e-08
-4.3431450971305364e-08
-3.8737220157864338e-08
-3.4888444146286769e-08
-3.1642463160717605e-08
-2.8868269531627485e-08
-2.6501103656118401e-08
-2.4552877596047416e-08
-7.9607079379579216e-06
-7.2586161894061009e-04
-7.1865432966067050e-04
-6.8010608053874861e-04
-6.4144090519591428e-04
-5.9852198710157384e-04
-5.5710283235312877e-04
-5.1739938103660178e-04
-4.7730409102035316e-04
-4.3616897334967740e-04
-3.9221193930543975e-04
-3.5353114476652920e-04
-3.1635762213092617e-04
-2.8126712713906298e-04
-2.4426025380233960e-04
-2.1416004596068843e-04
-1.8796227217375200e-04
-1.6504701834600899e-04
-1.4340566656505688e-04
-1.2701419870239650e-04
-1.1458211432012788e-04
-1.0476746568496311e-04
-9.6856140096723728e-05
-9.1927205737567271e-05
-8.8922896989481132e-05
-8.7283404008013795e-05
-8.6901207276488278e-05
-8.7393700709952797e-05
-8.8403135267768382e-05
-8.9858650393894143e-05
-9.1821492036177522e-05
-9.3548696345251121e-05
-9.5359180587362060e-05
-9.7202424375002555e-05
-9.8976362755366675e-05
-1.0046250719465464e-04
-1.0179261423322616e-04
-1.0306914793384229e-04
-1.0409830139909022e-04
-1.0494234530854209e-04
-1.0562270482617729e-04
-1.0623428280126256e-04
-1.0663500479004111e-04
-1.0687444301361385e-04
-1.0706491202317815e-04
-1.0715270163379302e-04
-1.0710654880620326e-04
-1.0699948554335537e-04
-1.0683317552604076e-04
-1.0657756979826751e-04
-1.0626547273036383e-04
-1.0593441804126048e-04
-1.0555085828530428e-04
-1.0513347427193482e-04
-1.0465554937940631e-04
-1.0418434255117920e-04
-1.0368577935479814e-04
-1.0314363328188003e-04
-1.0262058545099471e-04
-1.0208698756726870e-04
-1.0148313041633664e-04
-1.0092159998214675e-04
-1.0035718952259728e-04
-9.9738692432963723e-05
-9.9165533243687843e-05
-9.8596336602293445e-05
-9.7935280455391132e-05
-9.7362825759292427e-05
-9.6771808791979542e-05
-9.6130537641391981e-05
-9.5559290633534055e-05
-9.4953212970229055e-05
-9.4315524991006635e-05
-9.3740997188751393e-05
-9.3115030536547187e-05
-9.2512945207964793e-05
-9.1948585194669193e-05
-9.1296320174171153e-05
-9.0722767955046685e-05
-9.0146949210565550e-05
-8.9484387778911438e-05
-8.8951992098221876e-05
-8.8347445746114742e-05
-8.7733093496347175e-05
-8.7200180243402118e-05
-8.6545145952457875e-05
-8.5995419685494520e-05
-8.5438742493055297e-05
-8.4807574906360937e-05
-8.4284362217249109e-05
-8.3676196253738876e-05
-8.3099564233857700e-05
-8.2570850556728921e-05
-8.1947920268251828e-05
-8.1428973900840731e-05
-8.0841678313524416e-05
-8.0286654413274692e-05
-7.9737005880645281e-05
-7.9154647543972824e-05
-7.8641157213395996e-05
-7.8037038386874081e-05
-7.7532348117163936e-05
-7.6965858783602979e-05
-7.6407026103508409e-05
-7.5911348869792903e-05
-7.5297242239857765e-05
-7.4825239250538654e-05
-7.4238570742017615e-05
-7.3731175173999061e-05
-7.3193419900995649e-05
-7.2652962161411655e-05
-7.2135980630114383e-05
-7.1589644919178155e-05
-7.1100468584617499e-05
-7.0523641510843933e-05
-7.0061382304406671e-05
-6.9485512336581149e-05
-6.9003967947523935e-05
-6.8466824266704213e-05
-6.7956129228437655e-05
-6.7447255490091478e-05
-6.6930318917322507e-05
-6.6429128818662779e-05
-6.5909189666976659e-05
-6.5418864464142999e-05
-6.4879914363047300e-05
-6.4423120880252371e-05
-6.3862343317051701e-05
-6.3420531194748330e-05
-6.2866542884865931e-05
-6.2418502911168206e-05
-6.1872419669969627e-05
-6.1425143074081082e-05
-6.0872148585157608e-05
-6.0442111693872442e-05
-5.9882705820331083e-05
-5.9454738605412661e-05
-5.8907361564869140e-05
-5.8470267592839794e-05
-5.7931522561424387e-05
-5.7489807213084784e-05
-5.6951715722597329e-05
-5.6519236833241216e-05
-5.5979903556461436e-05
-5.5539373241169808e-05
-5.5025834867129614e-05
-5.4559873563644026e-05
-5.4073545713492003e-05
-5.3588936621790010e-05
-5.3110770636502994e-05
-5.2622916892140614e-05
-5.2153083038722966e-05
-5.1654482899131493e-05
-5.1206686833698914e-05
-5.0682300014296209e-05
-5.0250158034070227e-05
-4.9725671046119471e-05
-4.9280377217374676e-05
-4.8782841990629645e-05
-4.8304353542623756e-05
-4.7842868715464947e-05
-4.7330982827866586e-05
-4.6895634986025658e-05
-4.6365619877772729e-05
-4.5919196446718090e-05
-4.5424584387965296e-05
-4.4947470263084911e-05
-4.4478174191345582e-05
-4.3975305845121342e-05
-4.3529828368957321e-05
-4.3002061355481445e-05
-4.2547858589879597e-05
-4.2053280639118849e-05
-4.1564375470506131e-05
-4.1103525901840301e-05
-4.0576032762422596e-05
-4.0114788535115217e-05
-3.9619899859418209e-05
-3.9122241541766029e-05
-3.8655447290103497e-05
-3.8121529766852067e-05
0.0000000000000000e+00
];
