%Vec Object:dSdr_b_aug_9020 1 MPI processes
%  type: seq
dSdr_b_aug_9020 = [
2.2790878084440978e+03
0.0000000000000000e+00
-6.5393515447599857e-07
-2.7083962249531619e-07
-1.6892777730223708e-07
-1.2023232938433722e-07
-9.0199166235885156e-08
-7.1624045077898945e-08
-5.9033291320277802e-08
-4.9574666698487057e-08
-4.2549695291263779e-08
-3.7163461948516016e-08
-3.2779087198040561e-08
-2.9227111743569616e-08
-2.6314695408064769e-08
-2.3858724422812613e-08
-2.1763073539857105e-08
-1.3336499898405174e-06
-7.5476503521907312e-04
-7.8057878493125658e-04
-7.3881432607111072e-04
-7.0014579287773059e-04
-6.6226571591368293e-04
-6.2452205188438087e-04
-5.8262048582642580e-04
-5.4215574756846503e-04
-5.0334717700767524e-04
-4.6414383496086453e-04
-4.2390733258992246e-04
-3.8088509477452777e-04
-3.4302228717392181e-04
-3.0662166351727203e-04
-2.7225089607402599e-04
-2.3599495451178567e-04
-2.0650168010944372e-04
-1.8082858492358641e-04
-1.5837086691300424e-04
-1.3716237772029555e-04
-1.2109906124522591e-04
-1.0891728397991573e-04
-9.9305594573308975e-05
-9.1562691057749275e-05
-8.6745320668893508e-05
-8.3817800402825345e-05
-8.2230713130724967e-05
-8.1880262695225458e-05
-8.2388438624677064e-05
-8.3404721046737471e-05
-8.4859659146353529e-05
-8.6818413739633653e-05
-8.8542676999056309e-05
-9.0348568834420766e-05
-9.2189399238757662e-05
-9.3964079936660369e-05
-9.5453335107697595e-05
-9.6790342263120487e-05
-9.8078642586958069e-05
-9.9121306661407329e-05
-9.9981097578871162e-05
-1.0068140034244105e-04
-1.0131636183719214e-04
-1.0174087381633567e-04
-1.0200677178749842e-04
-1.0222902571643729e-04
-1.0234592967322651e-04
-1.0233068971576441e-04
-1.0225790854967979e-04
-1.0212695018357035e-04
-1.0190563351665445e-04
-1.0162977109106467e-04
-1.0133732908444385e-04
-1.0098944118668851e-04
-1.0060788627882239e-04
-1.0017242843257044e-04
-9.9737829141043568e-05
-9.9275652260024923e-05
-9.8776637863245138e-05
-9.8290010383541340e-05
-9.7792695492835200e-05
-9.7233030739486351e-05
-9.6708026042958476e-05
-9.6180542843771606e-05
-9.5604989029208793e-05
-9.5068154134528388e-05
-9.4535544063975691e-05
-9.3917827612113893e-05
-9.3381551126201119e-05
-9.2827588140562440e-05
-9.2227863096455860e-05
-9.1692194149897171e-05
-9.1123753600930738e-05
-9.0526628732414229e-05
-8.9987373060308628e-05
-8.9400096575619739e-05
-8.8836073858733936e-05
-8.8306380658887811e-05
-8.7694063263969805e-05
-8.7157052143917120e-05
-8.6615991107987466e-05
-8.5994126069246138e-05
-8.5495992168275036e-05
-8.4927492836858992e-05
-8.4351456848890348e-05
-8.3852340059509871e-05
-8.3236372587272979e-05
-8.2721626803367195e-05
-8.2199521869568546e-05
-8.1606705416586395e-05
-8.1116659165585180e-05
-8.0546166607012662e-05
-8.0004997043253150e-05
-7.9509618315522793e-05
-7.8925555169636344e-05
-7.8438713148287301e-05
-7.7888628262878256e-05
-7.7368054965251123e-05
-7.6852585807759996e-05
-7.6307194775038396e-05
-7.5825871931682617e-05
-7.5259420806951939e-05
-7.4787571501567601e-05
-7.4256043421023723e-05
-7.3732641563116277e-05
-7.3269706187471340e-05
-7.2693025529375465e-05
-7.2252430082827911e-05
-7.1703051714314012e-05
-7.1227513646625654e-05
-7.0725733276336079e-05
-7.0219224436187774e-05
-6.9735815807988244e-05
-6.9225349839595310e-05
-6.8767734976118920e-05
-6.8228626553106962e-05
-6.7797069567490415e-05
-6.7258602597912567e-05
-6.6809023836217048e-05
-6.6307356859766754e-05
-6.5830209054866203e-05
-6.5355452519149756e-05
-6.4873076917392174e-05
-6.4404969410822180e-05
-6.3920768463431680e-05
-6.3462888010876810e-05
-6.2960288395760296e-05
-6.2535535119395190e-05
-6.2011475921826186e-05
-6.1601397250696173e-05
-6.1084520015320857e-05
-6.0667404114870609e-05
-6.0159735370852927e-05
-5.9743111129579111e-05
-5.9228712469231957e-05
-5.8829202185152120e-05
-5.8308638826202757e-05
-5.7911420905606452e-05
-5.7402503021332890e-05
-5.6996522098083965e-05
-5.6496222755373374e-05
-5.6086357964748797e-05
-5.5586350775217730e-05
-5.5186426231453632e-05
-5.4684701532960121e-05
-5.4277308065103147e-05
-5.3801255970877444e-05
-5.3369069987088279e-05
-5.2919692335645525e-05
-5.2470080273108355e-05
-5.2028123298499893e-05
-5.1576609262052961e-05
-5.1142067754828914e-05
-5.0681243808478247e-05
-5.0267574672382514e-05
-4.9782886433080935e-05
-4.9384165976415981e-05
-4.8899464617887221e-05
-4.8488784281942450e-05
-4.8029859919793633e-05
-4.7588081779997141e-05
-4.7163713743569248e-05
-4.6690747513582129e-05
-4.6290733195829542e-05
-4.5802197868827313e-05
-4.5391025366916602e-05
-4.4936872080743731e-05
-4.4497290906108323e-05
-4.4066330565362160e-05
-4.3603954286160268e-05
-4.3195009716417248e-05
-4.2710232014057071e-05
-4.2293373050501897e-05
-4.1839323264441878e-05
-4.1390942989883392e-05
-4.0968257146285214e-05
-4.0484861220059989e-05
-4.0062062236728795e-05
-3.9608781265103099e-05
-3.9153499358858994e-05
-3.8725604161385992e-05
-3.8237868341235857e-05
0.0000000000000000e+00
];
