%Vec Object:dSdr_b_aug_4740 1 MPI processes
%  type: seq
dSdr_b_aug_4740 = [
2.3393783373551232e+03
0.0000000000000000e+00
-9.6941517341447638e-07
-3.9982661688071183e-07
-2.4779166360839070e-07
-1.7566861844669992e-07
-1.3175609673007452e-07
-1.0461195212078265e-07
-8.6213683969692657e-08
-7.2357342318391083e-08
-6.2068270718835275e-08
-5.4181146773346329e-08
-4.7757692089249642e-08
-4.2553874614724696e-08
-3.8287601822910819e-08
-3.4690009648861120e-08
-3.1615811691954436e-08
-2.8992845057334470e-08
-2.6725001995881736e-08
-2.8752180315223509e-08
-9.6591394755616579e-05
-7.1930710118732249e-04
-6.8560461104972962e-04
-6.4671630591216591e-04
-6.0348127433172737e-04
-5.6176448758932078e-04
-5.2178194424461904e-04
-4.8140847597815013e-04
-4.3999310063492039e-04
-3.9574452491234884e-04
-3.5680861885474617e-04
-3.1939404661145073e-04
-2.8407908497290053e-04
-2.4683801310740951e-04
-2.1654851653925728e-04
-1.9018710747871110e-04
-1.6712915875531984e-04
-1.4535280709292286e-04
-1.2885899637597354e-04
-1.1634884698119065e-04
-1.0647090004891334e-04
-9.8507047506735048e-05
-9.3543318925164634e-05
-9.0515061624956369e-05
-8.8859224512691381e-05
-8.8467126841818019e-05
-8.8954729263074505e-05
-8.9962028125360876e-05
-9.1417723207343616e-05
-9.3381839498561534e-05
-9.5109960980315722e-05
-9.6921877317763727e-05
-9.8765873624148603e-05
-1.0053958034313788e-04
-1.0202475447763759e-04
-1.0335270940887626e-04
-1.0462557335415866e-04
-1.0565051315556247e-04
-1.0648964592014604e-04
-1.0716378558256291e-04
-1.0776807075992133e-04
-1.0816137318271517e-04
-1.0839255920437562e-04
-1.0857311521252591e-04
-1.0865182471324099e-04
-1.0859603085752228e-04
-1.0847827578176427e-04
-1.0830094038216622e-04
-1.0803464067023616e-04
-1.0771124283587302e-04
-1.0736814572391116e-04
-1.0697346072158653e-04
-1.0654490242022996e-04
-1.0605373301716985e-04
-1.0557110912638037e-04
-1.0506119786154224e-04
-1.0450559999572211e-04
-1.0397119348171628e-04
-1.0342627975390884e-04
-1.0280863999565140e-04
-1.0223571801112689e-04
-1.0165979077557283e-04
-1.0102790065189775e-04
-1.0044341273816027e-04
-9.9862805574410252e-05
-9.9188232759424893e-05
-9.8604494899564505e-05
-9.8001921635383285e-05
-9.7347693196456048e-05
-9.6765350197889824e-05
-9.6147534372146548e-05
-9.5497195678843555e-05
-9.4911667299069096e-05
-9.4273634061309964e-05
-9.3659677867611454e-05
-9.3084506061502740e-05
-9.2419782283066718e-05
-9.1834833724176355e-05
-9.1248174838938701e-05
-9.0572921126006050e-05
-9.0029839973565300e-05
-8.9414051375335689e-05
-8.8787749156392319e-05
-8.8244295556568048e-05
-8.7577077214919698e-05
-8.7016441332413928e-05
-8.6448981840394913e-05
-8.5805853408999687e-05
-8.5272296863841106e-05
-8.4652381423907773e-05
-8.4064689472304025e-05
-8.3525579384445501e-05
-8.2890527320091836e-05
-8.2361568339264288e-05
-8.1762667582353636e-05
-8.1196899324758868e-05
-8.0636591024533573e-05
-8.0042703428751707e-05
-7.9519180792790876e-05
-7.8903314269167940e-05
-7.8388381652025313e-05
-7.7810988701327828e-05
-7.7241105956226961e-05
-7.6735217284312006e-05
-7.6109438347795954e-05
-7.5627640063050344e-05
-7.5029341610988564e-05
-7.4512010416257532e-05
-7.3963035392491709e-05
-7.3411989766625178e-05
-7.2884537613858178e-05
-7.2327014949613515e-05
-7.1827995313733032e-05
-7.1239404654543164e-05
-7.0767570127672078e-05
-7.0180035019586578e-05
-6.9688521282671055e-05
-6.9140313229161648e-05
-6.8619155576501092e-05
-6.8099641463502215e-05
-6.7571926115042870e-05
-6.7060418313671000e-05
-6.6529333234470711e-05
-6.6028889257756772e-05
-6.5478602272974967e-05
-6.5011816184836260e-05
-6.4439587005299306e-05
-6.3987877948252288e-05
-6.3422315545747236e-05
-6.2964631064621650e-05
-6.2406567223678223e-05
-6.1949730864050838e-05
-6.1384699223180841e-05
-6.0945141786843226e-05
-6.0373621826682782e-05
-5.9936064616786107e-05
-5.9376693051584399e-05
-5.8929895639188090e-05
-5.8379160284771293e-05
-5.7927511485364550e-05
-5.7377542382232493e-05
-5.6934910548208550e-05
-5.6383848027953312e-05
-5.5932983101185792e-05
-5.5407753628194308e-05
-5.4931258591092278e-05
-5.4433406836433945e-05
-5.3937882991154080e-05
-5.3448424264765932e-05
-5.2949237020078834e-05
-5.2468396317049307e-05
-5.1958014675409325e-05
-5.1499575233246354e-05
-5.0962807370084875e-05
-5.0520242020818917e-05
-4.9983346849428945e-05
-4.9527257913941427e-05
-4.9017680897983668e-05
-4.8527743408489625e-05
-4.8054682775938223e-05
-4.7530658821008545e-05
-4.7084291357165870e-05
-4.6541339765912251e-05
-4.6083922507010532e-05
-4.5576692436921907e-05
-4.5087872827675374e-05
-4.4606620940439121e-05
-4.4091124317059903e-05
-4.3634253400242029e-05
-4.3093079432768138e-05
-4.2627230542245881e-05
-4.2120013520077422e-05
-4.1618470574771289e-05
-4.1145720058380441e-05
-4.0604476196709146e-05
-4.0131245327143948e-05
-3.9623386564053964e-05
-3.9112525545679296e-05
-3.8633637317953627e-05
-3.8085515795139698e-05
0.0000000000000000e+00
];
