%Vec Object:dSdr_b_aug_590 1 MPI processes
%  type: seq
dSdr_b_aug_590 = [
2.5096394187504789e+03
0.0000000000000000e+00
-3.3512876132954606e-06
-1.3614467930389642e-06
-8.2407951548287325e-07
-5.7638320086484048e-07
-4.3251469836951198e-07
-3.4375799882114814e-07
-2.8360758677557959e-07
-2.3786579668896201e-07
-2.0391905562915183e-07
-1.7791469740022087e-07
-1.5669184080523945e-07
-1.3949676193592249e-07
-1.2540431568645022e-07
-1.1351870372810981e-07
-1.0336000471273500e-07
-9.4694390202056400e-08
-8.7203129853895537e-08
-8.0592155850851535e-08
-7.4801201044830672e-08
-6.9694558294790191e-08
-6.5103438160392635e-08
-6.0999255420804606e-08
-5.7317333021732940e-08
-5.3975915655847939e-08
-5.0937282826744363e-08
-4.8201716677177853e-08
-5.2374608979914071e-08
-1.3196217992662661e-06
-7.0198988901566626e-05
-2.8869282102310769e-04
-3.0736684118144747e-04
-2.7596072004596508e-04
-2.4496703272387533e-04
-2.1697196656460271e-04
-1.9227683437791633e-04
-1.6889500290313890e-04
-1.5117245397454552e-04
-1.3772139679017167e-04
-1.2707910928886520e-04
-1.1848043946877297e-04
-1.1309608167295317e-04
-1.0977825141259921e-04
-1.0792476554995403e-04
-1.0741293248018105e-04
-1.0784139081063322e-04
-1.0882286858342079e-04
-1.1028075148733039e-04
-1.1226029535605792e-04
-1.1399951722946173e-04
-1.1582876310565556e-04
-1.1768186571242331e-04
-1.1945277057834085e-04
-1.2092620571360618e-04
-1.2222812278661597e-04
-1.2345658564098404e-04
-1.2443054369297088e-04
-1.2521025601938782e-04
-1.2580914139085581e-04
-1.2632519093962454e-04
-1.2662872404471556e-04
-1.2676006686178137e-04
-1.2682068592721375e-04
-1.2678953557071555e-04
-1.2661709543618444e-04
-1.2636998082142273e-04
-1.2605925010764085e-04
-1.2566356465983975e-04
-1.2520343974716186e-04
-1.2471464238520265e-04
-1.2418535395358540e-04
-1.2362159890081089e-04
-1.2297018543477444e-04
-1.2234942754147583e-04
-1.2170221704591402e-04
-1.2098386729864786e-04
-1.2031203316546763e-04
-1.1963021013929478e-04
-1.1884581607381403e-04
-1.1813506886281201e-04
-1.1741980132736535e-04
-1.1662587033276381e-04
-1.1590431735528157e-04
-1.1518565547818791e-04
-1.1434754599926496e-04
-1.1362729434260693e-04
-1.1288490269382290e-04
-1.1207390547990804e-04
-1.1135731329621216e-04
-1.1059747874906068e-04
-1.0979408050756473e-04
-1.0907545736040853e-04
-1.0829143188169826e-04
-1.0753385144791992e-04
-1.0682786897801946e-04
-1.0601240814231457e-04
-1.0528957658024525e-04
-1.0457176407455743e-04
-1.0374294795781436e-04
-1.0307058451433128e-04
-1.0231877749993438e-04
-1.0154789442678582e-04
-1.0087691479947871e-04
-1.0006228349415826e-04
-9.9369653862907791e-05
-9.8671741005577608e-05
-9.7883900162429484e-05
-9.7225194927615409e-05
-9.6463124399994308e-05
-9.5741620071293170e-05
-9.5076725457971943e-05
-9.4295013923996156e-05
-9.3644913940354007e-05
-9.2905604072280701e-05
-9.2209841557018094e-05
-9.1520562445516964e-05
-9.0787184189063195e-05
-9.0142282332751449e-05
-8.9384282314364076e-05
-8.8745429221617943e-05
-8.8036115197129527e-05
-8.7332539533265731e-05
-8.6703104377011442e-05
-8.5936104130321660e-05
-8.5335794282594620e-05
-8.4596787137036867e-05
-8.3959246562380945e-05
-8.3274525734876100e-05
-8.2595379163021053e-05
-8.1941244849349909e-05
-8.1248373243975717e-05
-8.0630261339803794e-05
-7.9899345188621639e-05
-7.9311660693147354e-05
-7.8582991209252996e-05
-7.7970860265778549e-05
-7.7288786482685478e-05
-7.6641043713479641e-05
-7.5992793813173940e-05
-7.5334668212659651e-05
-7.4698328645763254e-05
-7.4032391257839548e-05
-7.3409522392137009e-05
-7.2722072821178449e-05
-7.2134388409120633e-05
-7.1423608595356318e-05
-7.0852158802717536e-05
-7.0146564034778453e-05
-6.9572193001533013e-05
-6.8869178626969330e-05
-6.8296681129856264e-05
-6.7586014865437941e-05
-6.7031270920562435e-05
-6.6313185663156195e-05
-6.5759601833477983e-05
-6.5055111702638099e-05
-6.4490915296173449e-05
-6.3795112409459367e-05
-6.3223281965064579e-05
-6.2529609237300051e-05
-6.1964140391404453e-05
-6.1271169634783667e-05
-6.0695270051546962e-05
-6.0028594187063798e-05
-5.9424655739119185e-05
-5.8787380871129670e-05
-5.8159804192725402e-05
-5.7533719693115344e-05
-5.6897413857402640e-05
-5.6283407008503306e-05
-5.5630487235256266e-05
-5.5043280096025226e-05
-5.4356721340782231e-05
-5.3788051242755787e-05
-5.3101038125623913e-05
-5.2514348347573327e-05
-5.1859088058882573e-05
-5.1230639950806684e-05
-5.0617536291046321e-05
-4.9946668234355212e-05
-4.9366990336041148e-05
-4.8667538986379786e-05
-4.8077128529489637e-05
-4.7417258174415091e-05
-4.6786843240581265e-05
-4.6160973045751102e-05
-4.5492729769837480e-05
-4.4898062095726553e-05
-4.4194744372633422e-05
-4.3588074641695551e-05
-4.2928051713960066e-05
-4.2273761211924630e-05
-4.1657245627065343e-05
-4.0949973812387049e-05
-4.0332272594542526e-05
-3.9668498128042416e-05
-3.9000045289746447e-05
-3.8380866572278672e-05
-3.7692989773320443e-05
0.0000000000000000e+00
];
