%Vec Object:dSdr_b_aug_8630 1 MPI processes
%  type: seq
dSdr_b_aug_8630 = [
2.2832764817241355e+03
0.0000000000000000e+00
-6.6982848032021985e-07
-2.7669002148528878e-07
-1.7208027567653608e-07
-1.2212747975671555e-07
-9.1373416808401939e-08
-7.2355885080344644e-08
-5.9467218041934089e-08
-4.9792423872029835e-08
-4.2608343062059351e-08
-3.7100544462185701e-08
-3.2620824101050906e-08
-2.8992753926884025e-08
-2.6018286861592580e-08
-2.3511173512924004e-08
-2.1370387149163478e-08
-1.8705601315253565e-07
-6.0225707733945312e-04
-7.8208116757081606e-04
-7.4063242752723786e-04
-7.0187569958550142e-04
-6.6390842129859632e-04
-6.2607958198054793e-04
-5.8408435356787389e-04
-5.4353175302072269e-04
-5.0464080109504273e-04
-4.6535534767269768e-04
-4.2503612013568780e-04
-3.8192782638541372e-04
-3.4398971613735146e-04
-3.0751794055962963e-04
-2.7308091607534458e-04
-2.3675584484775957e-04
-2.0720669705289959e-04
-1.8148530061333718e-04
-1.5898546237806902e-04
-1.3773712451074226e-04
-1.2164359892367773e-04
-1.0943877877908968e-04
-9.9808405271706375e-05
-9.2049997097242106e-05
-8.7222356330693589e-05
-8.4287767071496207e-05
-8.2695855451200972e-05
-8.2342482544628474e-05
-8.2849214812952330e-05
-8.3864866875376815e-05
-8.5319858138292618e-05
-8.7278989021038786e-05
-8.9003523062439568e-05
-9.0809837691906866e-05
-9.2650890291370657e-05
-9.4425502673928488e-05
-9.5914471494811296e-05
-9.7250843453382433e-05
-9.8538060576177386e-05
-9.9579480899650982e-05
-1.0043782218530774e-04
-1.0113628901666461e-04
-1.0176909787206540e-04
-1.0219141979174254e-04
-1.0245488192902344e-04
-1.0267420979605818e-04
-1.0278843353957088e-04
-1.0277034779872722e-04
-1.0269441068273041e-04
-1.0256019790478007e-04
-1.0233572464605464e-04
-1.0205652652122797e-04
-1.0176052989591873e-04
-1.0140935810739825e-04
-1.0102450483215485e-04
-1.0058513753956349e-04
-1.0014716821903798e-04
-9.9681641674363719e-05
-9.9178656645536616e-05
-9.8688676368486597e-05
-9.8188021324933548e-05
-9.7624288290738489e-05
-9.7095921094567634e-05
-9.6565038431732183e-05
-9.5985531328367775e-05
-9.5445352477972311e-05
-9.4909374306804121e-05
-9.4287668071925594e-05
-9.3748061078194461e-05
-9.3190686962517572e-05
-9.2587137249989450e-05
-9.2048193044442651e-05
-9.1476287682636762e-05
-9.0875428638678398e-05
-9.0332925870546560e-05
-8.9742087630480952e-05
-8.9174560929988598e-05
-8.8641676358548616e-05
-8.8025681448210182e-05
-8.7485306412487173e-05
-8.6941045637042708e-05
-8.6315434152238333e-05
-8.5814146166293182e-05
-8.5242328400446981e-05
-8.4662765072513043e-05
-8.4160537029105166e-05
-8.3540973121739456e-05
-8.3023007084610738e-05
-8.2497719478058260e-05
-8.1901372474532961e-05
-8.1408272968392536e-05
-8.0834312249890988e-05
-8.0289878062671498e-05
-7.9791430566568262e-05
-7.9203789366778370e-05
-7.8713991864314887e-05
-7.8160481414288842e-05
-7.7636736642547905e-05
-7.7118120979574207e-05
-7.6569326788596446e-05
-7.6085042650937457e-05
-7.5515123890246286e-05
-7.5040251291022455e-05
-7.4505504725809479e-05
-7.3978841155431985e-05
-7.3512891609081810e-05
-7.2932765567457951e-05
-7.2489278784998047e-05
-7.1936467537225905e-05
-7.1457996710683257e-05
-7.0952904539571548e-05
-7.0443270409261798e-05
-6.9956771104272508e-05
-6.9443003015196958e-05
-6.8982482643902083e-05
-6.8439901892099496e-05
-6.8005518499453181e-05
-6.7463608258994185e-05
-6.7011086782483922e-05
-6.6506153866241461e-05
-6.6025917745543683e-05
-6.5548020423128646e-05
-6.5062463181604692e-05
-6.4591310132283575e-05
-6.4103819170085774e-05
-6.3642951892680332e-05
-6.3137005895969384e-05
-6.2709303035538556e-05
-6.2181863588813084e-05
-6.1768863572000688e-05
-6.1248569934130144e-05
-6.0828607196884746e-05
-6.0317402057808601e-05
-5.9897955992273170e-05
-5.9380004242271665e-05
-5.8977683708285958e-05
-5.8453544548203097e-05
-5.8053495875475333e-05
-5.7541037479359985e-05
-5.7132192314859222e-05
-5.6628353697535027e-05
-5.6215556769026319e-05
-5.5712043570574237e-05
-5.5309122095997133e-05
-5.4803935179175713e-05
-5.4393491152167743e-05
-5.3913988093895919e-05
-5.3478692769146518e-05
-5.3025913499146032e-05
-5.2573079620626383e-05
-5.2127789253453728e-05
-5.1672929788447253e-05
-5.1235139266805431e-05
-5.0770837641455740e-05
-5.0354026766752517e-05
-4.9865683863591180e-05
-4.9463886592789111e-05
-4.8975522540188600e-05
-4.8561655640054128e-05
-4.8099176709091670e-05
-4.7654018948928935e-05
-4.7226233855704886e-05
-4.6749684578767367e-05
-4.6346417325669071e-05
-4.5854063216893734e-05
-4.5439645317791848e-05
-4.4981767162197627e-05
-4.4538730408629053e-05
-4.4104240513676226e-05
-4.3638136074708425e-05
-4.3225827695091319e-05
-4.2737091638212129e-05
-4.2316793797210498e-05
-4.1859011628375936e-05
-4.1406898734326113e-05
-4.0980696782435241e-05
-4.0493237048534258e-05
-4.0066891867549213e-05
-3.9609767870917031e-05
-3.9150557869254138e-05
-3.8719005829362139e-05
-3.8226615350281265e-05
0.0000000000000000e+00
];
