%Vec Object:dSdr_b_aug_5790 1 MPI processes
%  type: seq
dSdr_b_aug_5790 = [
2.3209728876591680e+03
0.0000000000000000e+00
-8.5774021516918894e-07
-3.5448923090995315e-07
-2.2031234987147428e-07
-1.5650464340828609e-07
-1.1747840973354651e-07
-9.3349385863731915e-08
-7.6993824793254976e-08
-6.4682490530029094e-08
-5.5539561172269530e-08
-4.8530358271979037e-08
-4.2821454535164299e-08
-3.8196037193781063e-08
-3.4403651075093269e-08
-3.1205198250392115e-08
-2.8471595290533527e-08
-2.6139048868983338e-08
-2.4409072161018422e-08
-2.1121360236674376e-05
-7.4289802254356020e-04
-7.1721878842239957e-04
-6.7859654629573603e-04
-6.4000770950001381e-04
-5.9717494090629234e-04
-5.5583663582238648e-04
-5.1620899156837818e-04
-4.7618926019932369e-04
-4.3513026598043965e-04
-3.9125242034639948e-04
-3.5264091907501595e-04
-3.1553287021870990e-04
-2.8050334475115556e-04
-2.4356008431135172e-04
-2.1351129098656776e-04
-1.8735796373788572e-04
-1.6448146863316549e-04
-1.4287678546091452e-04
-1.2651311591848908e-04
-1.1410223551845206e-04
-1.0430477993583243e-04
-9.6407721691842518e-05
-9.1488238117712345e-05
-8.8490434256899904e-05
-8.6855380652102484e-05
-8.6475873199506003e-05
-8.6969695117391612e-05
-8.7979709761874876e-05
-8.9435175998628608e-05
-9.1397671533637474e-05
-9.3124626774187942e-05
-9.4934721981047832e-05
-9.6777761322967029e-05
-9.8551762583426567e-05
-1.0003817053606930e-04
-1.0136886209440827e-04
-1.0264639256618406e-04
-1.0367669053926013e-04
-1.0452206840640238e-04
-1.0520411735336785e-04
-1.0581767619018740e-04
-1.0622041347375528e-04
-1.0646209315256403e-04
-1.0665525472312461e-04
-1.0674551066536298e-04
-1.0670197652594510e-04
-1.0659781736508846e-04
-1.0643450205386723e-04
-1.0618180101814177e-04
-1.0587277345634439e-04
-1.0554498972179495e-04
-1.0516445179748679e-04
-1.0475010293652338e-04
-1.0427577550934095e-04
-1.0380766977602279e-04
-1.0331218893448103e-04
-1.0277369662909837e-04
-1.0225373403635286e-04
-1.0172320975490697e-04
-1.0112309622736359e-04
-1.0056465995888040e-04
-1.0000337767883264e-04
-9.9388518397047895e-05
-9.8818436308901255e-05
-9.8252338986587628e-05
-9.7594954229093312e-05
-9.7025564259083129e-05
-9.6437686206183047e-05
-9.5799934506667710e-05
-9.5231701385156467e-05
-9.4628812034618166e-05
-9.3994560235025236e-05
-9.3423020403126945e-05
-9.2800331269916601e-05
-9.2201470298851627e-05
-9.1640046978395793e-05
-9.0991165998641939e-05
-9.0420709246769176e-05
-8.9847834895057246e-05
-8.9188720933721860e-05
-8.8659227634720866e-05
-8.8057734896039599e-05
-8.7446628492002029e-05
-8.6916578203884666e-05
-8.6264853339847040e-05
-8.5718090338341945e-05
-8.5164341829887882e-05
-8.4536423043075402e-05
-8.4016019948174002e-05
-8.3411045372850555e-05
-8.2837417447386669e-05
-8.2311527639445514e-05
-8.1691889863058919e-05
-8.1175663118068547e-05
-8.0591519722552837e-05
-8.0039414200735895e-05
-7.9492661070352787e-05
-7.8913434306837233e-05
-7.8402668947604286e-05
-7.7801741026365076e-05
-7.7299832779606267e-05
-7.6736305082820665e-05
-7.6180473817651380e-05
-7.5687570211488861e-05
-7.5076634009576417e-05
-7.4607291615419637e-05
-7.4023782028403900e-05
-7.3519085172414123e-05
-7.2984377404666388e-05
-7.2446795543692748e-05
-7.1932658039664237e-05
-7.1389360925793569e-05
-7.0902858226263256e-05
-7.0329226374287666e-05
-6.9869568014212114e-05
-6.9296866528757516e-05
-6.8818030011815398e-05
-6.8283891633366719e-05
-6.7776038448290527e-05
-6.7270054846405288e-05
-6.6756046002666394e-05
-6.6257658396756520e-05
-6.5740746699991380e-05
-6.5253169957256663e-05
-6.4717299178862535e-05
-6.4263219886655899e-05
-6.3705552810191247e-05
-6.3266428892866670e-05
-6.2715584337103293e-05
-6.2270164004677011e-05
-6.1727334933354584e-05
-6.1282654961228956e-05
-6.0732930003464912e-05
-6.0305479083981463e-05
-5.9749363639252445e-05
-5.9324001260818371e-05
-5.8779882174512938e-05
-5.8345423853822955e-05
-5.7809935636322483e-05
-5.7370918415733101e-05
-5.6836053125957385e-05
-5.6406331984292401e-05
-5.5870184609629455e-05
-5.5432461387764868e-05
-5.4922098556627588e-05
-5.4458998433887832e-05
-5.3975800715309945e-05
-5.3494156299078030e-05
-5.3019057659340608e-05
-5.2534282333033928e-05
-5.2067438174578647e-05
-5.1572038142636287e-05
-5.1127133049776851e-05
-5.0606109189946496e-05
-5.0176798429081898e-05
-4.9655681778450662e-05
-4.9213320147303983e-05
-4.8719055746078813e-05
-4.8243677126816835e-05
-4.7785336565941123e-05
-4.7276747673609724e-05
-4.6844393043684487e-05
-4.6317891815709704e-05
-4.5874454614368220e-05
-4.5383269962174518e-05
-4.4909335404383215e-05
-4.4443286921147290e-05
-4.3943848852618759e-05
-4.3501466294077578e-05
-4.2977341173156450e-05
-4.2526302112582434e-05
-4.2035157701975319e-05
-4.1549685919432931e-05
-4.1092069913553122e-05
-4.0568313312869737e-05
-4.0110327458360050e-05
-3.9618966372485674e-05
-3.9124904086358546e-05
-3.8661422682517196e-05
-3.8131511544651261e-05
0.0000000000000000e+00
];
