%Vec Object:dSdr_b_aug_370 1 MPI processes
%  type: seq
dSdr_b_aug_370 = [
2.5467120361302877e+03
0.0000000000000000e+00
-4.4974535273045297e-06
-1.8195526168636060e-06
-1.0946038746185561e-06
-7.6305223509929757e-07
-5.7267860439665551e-07
-4.5529503805679706e-07
-3.7574899790841502e-07
-3.1509678049006343e-07
-2.7009045299293575e-07
-2.3561969312772059e-07
-2.0747265222673542e-07
-1.8466676427444676e-07
-1.6597730854100954e-07
-1.5021395098723522e-07
-1.3674021824821177e-07
-1.2524737595263892e-07
-1.1531241393344587e-07
-1.0654490029874156e-07
-9.8865200487530370e-08
-9.2093255101104779e-08
-8.6005215662104579e-08
-8.0563057855018019e-08
-7.5680963512192590e-08
-7.1250586772433182e-08
-6.7221762291856136e-08
-6.3560135284965503e-08
-6.0209985974477372e-08
-5.7125974217618206e-08
-5.4389886742534561e-08
-5.6966846212556744e-08
-2.6468665486288989e-07
-4.7222314330903601e-06
-4.6699835672686589e-05
-1.3581499921245651e-04
-1.6828989833809579e-04
-1.6327806146260331e-04
-1.5154915883066038e-04
-1.4022009092443010e-04
-1.3036936771365222e-04
-1.2207637840120229e-04
-1.1681588412969543e-04
-1.1354674427244046e-04
-1.1171129107270370e-04
-1.1120805790236295e-04
-1.1164367637067856e-04
-1.1263131645673741e-04
-1.1409650614931426e-04
-1.1608330677550167e-04
-1.1782728857212049e-04
-1.1966156428822179e-04
-1.2151742192109845e-04
-1.2328829785990546e-04
-1.2475967149707114e-04
-1.2605649556727928e-04
-1.2727606171449507e-04
-1.2823974221971748e-04
-1.2900743849238478e-04
-1.2959108047218973e-04
-1.3008924445876389e-04
-1.3037457572548952e-04
-1.3048567037848524e-04
-1.3052196383169271e-04
-1.3046853088993728e-04
-1.3027243109439243e-04
-1.2999907780098419e-04
-1.2966128963498886e-04
-1.2923935993136904e-04
-1.2875150162467374e-04
-1.2823315076081608e-04
-1.2767655965497605e-04
-1.2708538157956087e-04
-1.2640146459427359e-04
-1.2575268790545056e-04
-1.2507762794262817e-04
-1.2432626601797980e-04
-1.2362655638894698e-04
-1.2291696300725094e-04
-1.2209874494807719e-04
-1.2136004161103235e-04
-1.2061651064383250e-04
-1.1978971172785986e-04
-1.1904035682943128e-04
-1.1829369229980590e-04
-1.1742241151410699e-04
-1.1667446976763254e-04
-1.1590371774400151e-04
-1.1506092200847727e-04
-1.1431709909231177e-04
-1.1352845787452313e-04
-1.1269401348795799e-04
-1.1194839377688764e-04
-1.1113475566519933e-04
-1.1034804291701728e-04
-1.0961552719164521e-04
-1.0876949131236495e-04
-1.0801869197416908e-04
-1.0727427665763574e-04
-1.0641431242324135e-04
-1.0571572574603232e-04
-1.0493632929010781e-04
-1.0413612012377706e-04
-1.0343927374043059e-04
-1.0259474189668417e-04
-1.0187533930232128e-04
-1.0115096593188043e-04
-1.0033377233216318e-04
-9.9649682571934664e-05
-9.8858778013927718e-05
-9.8110131862391944e-05
-9.7419723767822961e-05
-9.6608264568368658e-05
-9.5933592988937228e-05
-9.5165803264145454e-05
-9.4443673405950878e-05
-9.3728234549768247e-05
-9.2966562750564305e-05
-9.2297041010917644e-05
-9.1510211403150841e-05
-9.0846222983017132e-05
-9.0110150831508216e-05
-8.9379457654226784e-05
-8.8724963053804414e-05
-8.7929318285344916e-05
-8.7304970214998581e-05
-8.6537422478703661e-05
-8.5875499317362603e-05
-8.5163244563314584e-05
-8.4458114726130041e-05
-8.3778284934741718e-05
-8.3057959925384096e-05
-8.2415692062983489e-05
-8.1655907431606666e-05
-8.1044724649856700e-05
-8.0287428307106360e-05
-7.9650832131070712e-05
-7.8941605852301747e-05
-7.8268187368528845e-05
-7.7593825532298907e-05
-7.6909248367969805e-05
-7.6247588768734047e-05
-7.5554298836449105e-05
-7.4906598169060593e-05
-7.4191327521192237e-05
-7.3579121070538423e-05
-7.2840238730379121e-05
-7.2244501751756661e-05
-7.1510503966740286e-05
-7.0912465308586734e-05
-7.0180050400926389e-05
-6.9584093340369671e-05
-6.8843887864338858e-05
-6.8265780707881275e-05
-6.7517967557480287e-05
-6.6940850207849334e-05
-6.6206925738991076e-05
-6.5618917561923612e-05
-6.4893690813284496e-05
-6.4297484312583376e-05
-6.3574664523973281e-05
-6.2984281178865909e-05
-6.2262527713780532e-05
-6.1661268069572391e-05
-6.0965903390113939e-05
-6.0336116549111582e-05
-5.9670563523242111e-05
-5.9016203801744278e-05
-5.8362408878832953e-05
-5.7698292862847311e-05
-5.7057277749864645e-05
-5.6375449007355786e-05
-5.5762126302294943e-05
-5.5045188100078034e-05
-5.4450943281859146e-05
-5.3733485211536276e-05
-5.3120309705790635e-05
-5.2435505073883353e-05
-5.1778968185864805e-05
-5.1137465745247966e-05
-5.0436820464332917e-05
-4.9830111579877549e-05
-4.9098927229729293e-05
-4.8481553444024529e-05
-4.7790736999705630e-05
-4.7131619136070930e-05
-4.6476436543863233e-05
-4.5777237108546134e-05
-4.5154651962802919e-05
-4.4418487542991751e-05
-4.3783308387072854e-05
-4.3092363505809241e-05
-4.2407190613323454e-05
-4.1761658611819821e-05
-4.1020931126050365e-05
-4.0374286512814576e-05
-3.9679543130750346e-05
-3.8980525723707673e-05
-3.8336835856926588e-05
-3.7641625608559560e-05
0.0000000000000000e+00
];
