%Vec Object:dSdr_b_aug_3910 1 MPI processes
%  type: seq
dSdr_b_aug_3910 = [
2.3535724384559362e+03
0.0000000000000000e+00
-1.0649668895124321e-06
-4.3779360816730401e-07
-2.7023971337230108e-07
-1.9092233875212812e-07
-1.4283289851133764e-07
-1.1311421888082771e-07
-9.2973382367232303e-08
-7.7808652989241891e-08
-6.6550319265442129e-08
-5.7920957328830269e-08
-5.0897551085447575e-08
-4.5209279892711559e-08
-4.0546319605497450e-08
-3.6615863798173415e-08
-3.3258938248178477e-08
-3.0395030186362831e-08
-2.7919236937652386e-08
-2.5742395001059817e-08
-3.0368114985475902e-07
-4.2255429181667559e-04
-6.8996035216503616e-04
-6.5313576763460258e-04
-6.0955448467222141e-04
-5.6747412127175240e-04
-5.2714977212068507e-04
-4.8643558814318646e-04
-4.4467694899041253e-04
-4.0007128855298798e-04
-3.6082291799514817e-04
-3.2311310448782300e-04
-2.8752321264462302e-04
-2.4999529079526724e-04
-2.1947395046452737e-04
-1.9291211838412791e-04
-1.6967939473573257e-04
-1.4773769310880665e-04
-1.3111853126959052e-04
-1.1851276663934126e-04
-1.0855729098051194e-04
-1.0052910262585062e-04
-9.5522757573612591e-05
-9.2465167758979021e-05
-9.0789312152857274e-05
-9.0385087715695638e-05
-9.0866699609661972e-05
-9.1871382698815727e-05
-9.3327298252685864e-05
-9.5292975811948167e-05
-9.7022220775779339e-05
-9.8835891369011898e-05
-1.0068080956170410e-04
-1.0245423271453775e-04
-1.0393821856817526e-04
-1.0526353769199770e-04
-1.0653190676695919e-04
-1.0755168551680798e-04
-1.0838480294946263e-04
-1.0905132435598068e-04
-1.0964667712602864e-04
-1.1003089187789246e-04
-1.1025197049585082e-04
-1.1042038492731615e-04
-1.1048797298854182e-04
-1.1042037067089954e-04
-1.1028952011507585e-04
-1.1009868067381060e-04
-1.0981928282083503e-04
-1.0948204364847564e-04
-1.0912419680589133e-04
-1.0871588544409011e-04
-1.0827364071579526e-04
-1.0776624924503500e-04
-1.0726964157237318e-04
-1.0674583103024185e-04
-1.0617375721282300e-04
-1.0562543841977896e-04
-1.0506666488250368e-04
-1.0443214398500104e-04
-1.0384526946419623e-04
-1.0325523631375494e-04
-1.0260694220529847e-04
-1.0200857870455372e-04
-1.0141399576625585e-04
-1.0072286753684376e-04
-1.0012530989275044e-04
-9.9508582306473639e-05
-9.8838483589400598e-05
-9.8242550058408258e-05
-9.7610357158250900e-05
-9.6944523683106142e-05
-9.6345521633915966e-05
-9.5692709063545446e-05
-9.5064213258518846e-05
-9.4475799008931480e-05
-9.3795815558670123e-05
-9.3196908593978762e-05
-9.2596972543840226e-05
-9.1906173135714381e-05
-9.1350004259160473e-05
-9.0720445985374444e-05
-9.0079507255292149e-05
-8.9523143671250301e-05
-8.8841002111439630e-05
-8.8267003958462614e-05
-8.7686338134324889e-05
-8.7028559870410077e-05
-8.6482334005181304e-05
-8.5848027619505717e-05
-8.5246789286896776e-05
-8.4694945508593741e-05
-8.4045046499770640e-05
-8.3503823908875969e-05
-8.2890708954385989e-05
-8.2311780835035768e-05
-8.1738416279627491e-05
-8.1130407461832061e-05
-8.0594597095535214e-05
-7.9964341803066626e-05
-7.9436864192313877e-05
-7.8846116314286243e-05
-7.8262699269965192e-05
-7.7744303461586270e-05
-7.7104228093965413e-05
-7.6610432370111285e-05
-7.5997889373139273e-05
-7.5468388858448049e-05
-7.4905671699465121e-05
-7.4341657855154329e-05
-7.3801381111267294e-05
-7.3230156481111070e-05
-7.2719080604454161e-05
-7.2116081710281389e-05
-7.1632519168657007e-05
-7.1030696401473044e-05
-7.0526972037623416e-05
-6.9965212153074959e-05
-6.9431239711470894e-05
-6.8898693085272608e-05
-6.8357775707001369e-05
-6.7833630604204582e-05
-6.7288893800159600e-05
-6.6776056171177639e-05
-6.6211883573268784e-05
-6.5732858363959243e-05
-6.5146603042399914e-05
-6.4682772040523269e-05
-6.4103033482418165e-05
-6.3633536230279098e-05
-6.3060798334475116e-05
-6.2592252995821165e-05
-6.2012478030288342e-05
-6.1561259646762982e-05
-6.0974902126751423e-05
-6.0525598901732387e-05
-5.9951536212993477e-05
-5.9492853830265577e-05
-5.8927432492647530e-05
-5.8463616995794942e-05
-5.7899099951627103e-05
-5.7444032573401334e-05
-5.6878603828237391e-05
-5.6415080839488154e-05
-5.5875531851443287e-05
-5.5386134852607665e-05
-5.4874168352763042e-05
-5.4365275852129346e-05
-5.3861985497202247e-05
-5.3348916691774651e-05
-5.2854594504427159e-05
-5.2329782559638157e-05
-5.1858306794949678e-05
-5.1306374270523170e-05
-5.0851042034189001e-05
-5.0298948921217243e-05
-4.9829637743252285e-05
-4.9305311499058884e-05
-4.8801350754972941e-05
-4.8314111566598569e-05
-4.7775220339089533e-05
-4.7315355438110487e-05
-4.6756558534230569e-05
-4.6285675275135737e-05
-4.5762989769758591e-05
-4.5259832267377135e-05
-4.4763935703753491e-05
-4.4232970530495745e-05
-4.3762143211506759e-05
-4.3204546230681829e-05
-4.2724430439047455e-05
-4.2201729474704307e-05
-4.1684702871293871e-05
-4.1197369105833854e-05
-4.0639272787348477e-05
-4.0151343565668769e-05
-3.9627568032747153e-05
-3.9100470423862830e-05
-3.8606584127476636e-05
-3.8040077999970993e-05
0.0000000000000000e+00
];
