%Vec Object:dSdr_b_aug_8500 1 MPI processes
%  type: seq
dSdr_b_aug_8500 = [
2.2859107962111475e+03
0.0000000000000000e+00
-6.7960846746255287e-07
-2.8006921527310587e-07
-1.7373700391711712e-07
-1.2298437903245164e-07
-9.1781254836466226e-08
-7.2488527625379803e-08
-5.9414719367122634e-08
-4.9608235878028036e-08
-4.2327335270958716e-08
-3.6745351221398628e-08
-3.2208471016292137e-08
-2.8534914674297233e-08
-2.5523201194608755e-08
-2.2985571446606466e-08
-2.0819370602690764e-08
-6.1849088875795991e-08
-4.6238302998461328e-04
-7.8245188109778618e-04
-7.4119882415535929e-04
-7.0241526038394744e-04
-6.6442079022391580e-04
-6.2656538435100343e-04
-5.8454094211829487e-04
-5.4396093682196518e-04
-5.0504428967899668e-04
-4.6573322524667962e-04
-4.2538819525389824e-04
-3.8225306015807008e-04
-3.4429146257840482e-04
-3.0779749430292092e-04
-2.7333980386007464e-04
-2.3699317068310945e-04
-2.0742659564889197e-04
-1.8169013380393346e-04
-1.5917715798053866e-04
-1.3791639107323949e-04
-1.2181344308446443e-04
-1.0960143573013334e-04
-9.9965234543346573e-05
-9.2201990376834870e-05
-8.7371146224760220e-05
-8.4434352113038283e-05
-8.2840935759416704e-05
-8.2486651327694831e-05
-8.2992933320673372e-05
-8.4008388781539256e-05
-8.5463396637620227e-05
-8.7422644898018563e-05
-8.9147263407777299e-05
-9.0953709918857188e-05
-9.2794831831080911e-05
-9.4569422913377897e-05
-9.6058302427550011e-05
-9.7394476271649082e-05
-9.8681355544117693e-05
-9.9722387940093208e-05
-1.0058027708262539e-04
-1.0127817128105066e-04
-1.0191030872062334e-04
-1.0233194755268411e-04
-1.0259464994321345e-04
-1.0281306515856240e-04
-1.0292645293156318e-04
-1.0290747957770105e-04
-1.0283055810601740e-04
-1.0269533026136137e-04
-1.0246987244622817e-04
-1.0218963390013397e-04
-1.0189252857157944e-04
-1.0154033252070884e-04
-1.0115445046821613e-04
-1.0071386379904170e-04
-1.0027484334932197e-04
-9.9808272026990144e-05
-9.9304048537464504e-05
-9.8813022505187374e-05
-9.8311325650714038e-05
-9.7746323698076653e-05
-9.7216907720336300e-05
-9.6684964747024562e-05
-9.6104224591656199e-05
-9.5563002743807643e-05
-9.5025974044223770e-05
-9.4403023374352838e-05
-9.3862377577567780e-05
-9.3303939512134592e-05
-9.2699196864695133e-05
-9.2159231088070374e-05
-9.1586245032545429e-05
-9.0984221278887054e-05
-9.0440705724029530e-05
-8.9848756553075935e-05
-8.9280136940963329e-05
-8.8746256963311991e-05
-8.8129115015923146e-05
-8.7587690756547204e-05
-8.7042431964888065e-05
-8.6415651943103688e-05
-8.5913380180502072e-05
-8.5340527375836787e-05
-8.4759863849402946e-05
-8.4256665386812286e-05
-8.3635979729424550e-05
-8.3117009275525684e-05
-8.2590728973705042e-05
-8.1993280769929793e-05
-8.1499228934585712e-05
-8.0924186475648738e-05
-8.0378734032291921e-05
-7.9879329368205505e-05
-7.9290572151402924e-05
-7.8799852815942447e-05
-7.8245273911018413e-05
-7.7720539936553714e-05
-7.7200942858834809e-05
-7.6651087201698385e-05
-7.6165879417582470e-05
-7.5594879079390195e-05
-7.5119063495663951e-05
-7.4583313064731054e-05
-7.4055632145377786e-05
-7.3588742459780831e-05
-7.3007541781305665e-05
-7.2563153172380774e-05
-7.2009271187569452e-05
-7.1529885614472313e-05
-7.1023760471282464e-05
-7.0513151542377301e-05
-7.0025688235003596e-05
-6.9510890193034185e-05
-6.9049463574452191e-05
-6.8505799780348728e-05
-6.8070534812329585e-05
-6.7527550592705251e-05
-6.7074111263322234e-05
-6.6568159678485309e-05
-6.6086960290812882e-05
-6.5608083335472515e-05
-6.5121533718549230e-05
-6.4649430743050505e-05
-6.4160913602113093e-05
-6.3699114712715185e-05
-6.3192124955994175e-05
-6.2763502098757382e-05
-6.2235008328044339e-05
-6.1821097121675682e-05
-6.1299737882809471e-05
-6.0878887195116793e-05
-6.0366579028277106e-05
-5.9946252813273671e-05
-5.9427192827547595e-05
-5.9023995753698755e-05
-5.8498741273246366e-05
-5.8097809665101847e-05
-5.7584246954622512e-05
-5.7174508408261974e-05
-5.6669565861468375e-05
-5.6255854372538086e-05
-5.5751247619149179e-05
-5.5347391373506063e-05
-5.4841124558740552e-05
-5.4429729032048004e-05
-5.3949149584328703e-05
-5.3512884423330469e-05
-5.3059044152870807e-05
-5.2605205354041513e-05
-5.2158875263632308e-05
-5.1702972319678155e-05
-5.1264168389382877e-05
-5.0798782031383204e-05
-5.0380991203460864e-05
-4.9891508359784221e-05
-4.9488751380266272e-05
-4.8999244875634780e-05
-4.8584384027182979e-05
-4.8120796359929938e-05
-4.7674584425268492e-05
-4.7245733474042163e-05
-4.6768066557257701e-05
-4.6363784618658426e-05
-4.5870239320618545e-05
-4.5454809060107838e-05
-4.4995768973891499e-05
-4.4551654259444393e-05
-4.4116063300283400e-05
-4.3648795810683884e-05
-4.3235437971591525e-05
-4.2745466939226418e-05
-4.2324096050759194e-05
-4.1865149139364608e-05
-4.1411871204651728e-05
-4.0984571386689861e-05
-4.0495842341684744e-05
-4.0068388166373810e-05
-3.9610060211690873e-05
-3.9149613733034324e-05
-3.8716889360327896e-05
-3.8222878124877250e-05
0.0000000000000000e+00
];
