%Vec Object:dSdr_b_aug_3260 1 MPI processes
%  type: seq
dSdr_b_aug_3260 = [
2.3685858262326469e+03
0.0000000000000000e+00
-1.1839416644028539e-06
-4.8740212085093464e-07
-3.0113354367987252e-07
-2.1312539785231100e-07
-1.5991393555667290e-07
-1.2703060669478454e-07
-1.0474227950362308e-07
-8.7930376265574046e-08
-7.5447459925891130e-08
-6.5879595369839855e-08
-5.8083894637800932e-08
-5.1768023028975430e-08
-4.6590254335779693e-08
-4.2223639290654567e-08
-3.8491881091800038e-08
-3.5307936092821815e-08
-3.2554996063791681e-08
-3.0125347446175381e-08
-2.8271600187935093e-08
-5.8346861483487916e-06
-6.1972116069849200e-04
-6.5798418120559569e-04
-6.1516753370461394e-04
-5.7277438707337082e-04
-5.3213344528159692e-04
-4.9110295757616039e-04
-4.4902562050044533e-04
-4.0408842875595813e-04
-3.6454995393192161e-04
-3.2656602689371022e-04
-2.9072087911418597e-04
-2.5292663458841247e-04
-2.2219004149291605e-04
-1.9544212889369001e-04
-1.7204713742336304e-04
-1.4995191850116762e-04
-1.3321637582171448e-04
-1.2052183827908995e-04
-1.1049438190837811e-04
-1.0240646164158777e-04
-9.7360549718244601e-05
-9.4275726348765030e-05
-9.2581284670145692e-05
-9.2165801132320228e-05
-9.2641851043085541e-05
-9.3644105403405866e-05
-9.5100225510465818e-05
-9.7067352472710291e-05
-9.8797640394864317e-05
-1.0061293958790671e-04
-1.0245871358351132e-04
-1.0423187335813211e-04
-1.0571475587008169e-04
-1.0703762773004523e-04
-1.0830182360946923e-04
-1.0931681065503928e-04
-1.1014434323618530e-04
-1.1080379157391377e-04
-1.1139085116404952e-04
-1.1176662858328331e-04
-1.1197832293728069e-04
-1.1213546450581899e-04
-1.1219272684756178e-04
-1.1211416095966173e-04
-1.1197115192222982e-04
-1.1176777471037726e-04
-1.1147621599111790e-04
-1.1112612594119842e-04
-1.1075458483518689e-04
-1.1033362219353796e-04
-1.0987867041787788e-04
-1.0935621771282687e-04
-1.0884662691936165e-04
-1.0830991171502744e-04
-1.0772254095107415e-04
-1.0716130542654926e-04
-1.0658966387354721e-04
-1.0593946984034183e-04
-1.0533964121433918e-04
-1.0473651155678814e-04
-1.0407298732390341e-04
-1.0346174116292786e-04
-1.0285418254699006e-04
-1.0214768360203671e-04
-1.0153729510904132e-04
-1.0090742607645536e-04
-1.0022259275286202e-04
-9.9614041220986421e-05
-9.8968500064129054e-05
-9.8288280609410591e-05
-9.7676769060966662e-05
-9.7010234763041900e-05
-9.6368239797402675e-05
-9.5767530729029050e-05
-9.5073379586714846e-05
-9.4461513076457733e-05
-9.3849249971940461e-05
-9.3144017317527174e-05
-9.2575697271351959e-05
-9.1933354691256769e-05
-9.1278826864205133e-05
-9.0710477158601602e-05
-9.0014480312685874e-05
-8.9428076118666137e-05
-8.8835149033209207e-05
-8.8163769306300076e-05
-8.7605780763509440e-05
-8.6958113276237962e-05
-8.6344297969454434e-05
-8.5780631751018613e-05
-8.5116948275055487e-05
-8.4564339686140367e-05
-8.3938027732467928e-05
-8.3346881501119045e-05
-8.2761395026703151e-05
-8.2140275533674743e-05
-8.1593056778097933e-05
-8.0949442410923095e-05
-8.0410317558892279e-05
-7.9807170466453728e-05
-7.9211187672526985e-05
-7.8681179773182575e-05
-7.8027831064896049e-05
-7.7522896474694155e-05
-7.6897128311903792e-05
-7.6356329352162552e-05
-7.5780853485872399e-05
-7.5204799470130539e-05
-7.4652615905034049e-05
-7.4068669865899535e-05
-7.3546400536917683e-05
-7.2930024508777164e-05
-7.2435573255247084e-05
-7.1820485304413585e-05
-7.1305424155781064e-05
-7.0731082262155649e-05
-7.0185212111841769e-05
-6.9640565635008359e-05
-6.9087391022353844e-05
-6.8551513003146827e-05
-6.7994101454576944e-05
-6.7469757127115127e-05
-6.6892692638881711e-05
-6.6402304208643836e-05
-6.5803026530289569e-05
-6.5327941104388449e-05
-6.4735040917438013e-05
-6.4254576297432910e-05
-6.3668214510881403e-05
-6.3188798176807559e-05
-6.2595335016615801e-05
-6.2133290241209480e-05
-6.1533157045235616e-05
-6.1072948458673688e-05
-6.0485246062881328e-05
-6.0015529320124868e-05
-5.9436473061739085e-05
-5.8961361653478730e-05
-5.8383337869094966e-05
-5.7916724989378921e-05
-5.7337958236637740e-05
-5.6862683174260434e-05
-5.6309839569487919e-05
-5.5808464078624872e-05
-5.5283393107346980e-05
-5.4762088851812099e-05
-5.4245956918766380e-05
-5.3720000198669315e-05
-5.3213161567299328e-05
-5.2674952287310786e-05
-5.2191373442941795e-05
-5.1625361846564256e-05
-5.1158176762064391e-05
-5.0591973769110110e-05
-5.0110387078055202e-05
-4.9572367676733093e-05
-4.9055387873575940e-05
-4.8554985527949643e-05
-4.8002291826265436e-05
-4.7529896382906471e-05
-4.6956389249574002e-05
-4.6473004994342315e-05
-4.5935971677067231e-05
-4.5419504241903474e-05
-4.4910013314528613e-05
-4.4364689393265562e-05
-4.3880907947016528e-05
-4.3308067723085758e-05
-4.2814711827350495e-05
-4.2277642785474338e-05
-4.1746251336804914e-05
-4.1245393416973507e-05
-4.0671674263001414e-05
-4.0170137090082311e-05
-3.9631653902882749e-05
-3.9089630912890262e-05
-3.8582239834295535e-05
-3.8000900244324950e-05
0.0000000000000000e+00
];
