%Vec Object:dSdr_b_aug_3330 1 MPI processes
%  type: seq
dSdr_b_aug_3330 = [
2.3672210547013501e+03
0.0000000000000000e+00
-1.1731268640608209e-06
-4.8312103648246346e-07
-2.9861567785352249e-07
-2.1142157386802265e-07
-1.5867948158069208e-07
-1.2608531506828018e-07
-1.0399264078938404e-07
-8.7327663313308323e-08
-7.4953530407554005e-08
-6.5468924040108470e-08
-5.7740464880747918e-08
-5.1478847656681154e-08
-4.6345469906701498e-08
-4.2016065102915993e-08
-3.8315875261565535e-08
-3.5158804752295569e-08
-3.2429025412251462e-08
-3.0019623301745729e-08
-2.8409763800757253e-08
-1.0250991438085460e-05
-6.4621131451265414e-04
-6.5767258585675361e-04
-6.1453008586364981e-04
-5.7216739682790490e-04
-5.3156255967101913e-04
-4.9056829895690397e-04
-4.4852746920531577e-04
-4.0362825521591763e-04
-3.6412301259356296e-04
-3.2617048598049990e-04
-2.9035457844097811e-04
-2.5259084188510760e-04
-2.2187890656529531e-04
-1.9515230998437140e-04
-1.7177590672573886e-04
-1.4969827362238704e-04
-1.3297606267937046e-04
-1.2029169430878519e-04
-1.1027248351691511e-04
-1.0219140569471807e-04
-9.7150026252188239e-05
-9.4068322546379086e-05
-9.2376009937374814e-05
-9.1961816143285789e-05
-9.2438503177178728e-05
-9.3441035738164478e-05
-9.4897132396643571e-05
-9.6864093309730168e-05
-9.8594261743559374e-05
-1.0040937436226626e-04
-1.0225505031032095e-04
-1.0402824024347485e-04
-1.0551124913504018e-04
-1.0683440132525931e-04
-1.0809907524559460e-04
-1.0911461118464589e-04
-1.0994278351701888e-04
-1.1060304208575767e-04
-1.1119105167424867e-04
-1.1156779560543106e-04
-1.1178056493510596e-04
-1.1193899782408407e-04
-1.1199744298936064e-04
-1.1192013299329845e-04
-1.1177851673111780e-04
-1.1157657579153625e-04
-1.1128641012701647e-04
-1.1093779217464059e-04
-1.1056781977838594e-04
-1.1014830637019160e-04
-1.0969481021646468e-04
-1.0917408281176344e-04
-1.0866597926544291e-04
-1.0813074232075063e-04
-1.0754512385898359e-04
-1.0698536797689224e-04
-1.0641520048591268e-04
-1.0576680184866885e-04
-1.0516845714665151e-04
-1.0456682772568398e-04
-1.0390504814091896e-04
-1.0329527771996830e-04
-1.0268920549950967e-04
-1.0198446730798956e-04
-1.0137554862009479e-04
-1.0074718497242921e-04
-1.0006403953449715e-04
-9.9456933425610275e-05
-9.8812921344518611e-05
-9.8134349839494023e-05
-9.7524271285048919e-05
-9.6859308845112166e-05
-9.6218860241868779e-05
-9.5619559575424687e-05
-9.4927031377635971e-05
-9.4316649415575728e-05
-9.3705798405784043e-05
-9.3002219115950307e-05
-9.2435291016497445e-05
-9.1794412912177712e-05
-9.1141441753334529e-05
-9.0574465090930263e-05
-8.9880055405989421e-05
-8.9295072358138366e-05
-8.8703549834005509e-05
-8.8033728192108326e-05
-8.7477087096651915e-05
-8.6830950160455205e-05
-8.6218575580945692e-05
-8.5656263655969217e-05
-8.4994159228892624e-05
-8.4442854937976007e-05
-8.3818054737306975e-05
-8.3228308124931951e-05
-8.2644210250400915e-05
-8.2024592621952785e-05
-8.1478680729695277e-05
-8.0836596682085004e-05
-8.0298806054650336e-05
-7.9697079327421672e-05
-7.9102535975830764e-05
-7.8573858274784314e-05
-7.7922030065479867e-05
-7.7418371464649103e-05
-7.6794118282481937e-05
-7.6254613592530211e-05
-7.5680599273015577e-05
-7.5105924494027644e-05
-7.4555104890183365e-05
-7.3972616125622217e-05
-7.3451629039892574e-05
-7.2836785401678486e-05
-7.2343581482884245e-05
-7.1730013098120969e-05
-7.1216250612517586e-05
-7.0643350025876523e-05
-7.0098842794337105e-05
-6.9555582392376032e-05
-6.9003811883563921e-05
-6.8469277906439138e-05
-6.7913318289101440e-05
-6.7390292090396483e-05
-6.6814704408631279e-05
-6.6325617671988182e-05
-6.5727831746091383e-05
-6.5254035551497058e-05
-6.4662643071737230e-05
-6.4183434800837592e-05
-6.3598633675644262e-05
-6.3120462651889230e-05
-6.2528567520282540e-05
-6.2067762946790923e-05
-6.1469207801831248e-05
-6.1010248464629995e-05
-6.0424108545634452e-05
-5.9955655830881170e-05
-5.9378161502636785e-05
-5.8904344085555937e-05
-5.8327867549875044e-05
-5.7862577254630783e-05
-5.7285338424216884e-05
-5.6811409612295534e-05
-5.6260088962097766e-05
-5.5760085661775885e-05
-5.5236515866845448e-05
-5.4716633437233753e-05
-5.4201972569755754e-05
-5.3677492225851090e-05
-5.3172087420577252e-05
-5.2635412878546842e-05
-5.2153220515244709e-05
-5.1588821759836435e-05
-5.1122994500843841e-05
-5.0558407888726781e-05
-5.0078227452958544e-05
-4.9541776709960046e-05
-4.9026288354393600e-05
-4.8527393973789273e-05
-4.7976281486133782e-05
-4.7505321568263859e-05
-4.6933499669708915e-05
-4.6451547597924199e-05
-4.5916158051755147e-05
-4.5401215532625772e-05
-4.4893282150915579e-05
-4.4349603400715263e-05
-4.3867306303774647e-05
-4.3296212770099472e-05
-4.2804374256761858e-05
-4.2268952044487146e-05
-4.1739207408365650e-05
-4.1239900559125952e-05
-4.0667973854511263e-05
-4.0168000099448667e-05
-3.9631210061505768e-05
-3.9090914607846056e-05
-3.8585120631725350e-05
-3.8005747082963309e-05
0.0000000000000000e+00
];
