%Vec Object:dSdr_b_aug_8680 1 MPI processes
%  type: seq
dSdr_b_aug_8680 = [
2.2825269431999291e+03
0.0000000000000000e+00
-6.6707713310715855e-07
-2.7573743586591068e-07
-1.7161154542028687e-07
-1.2188338255808551e-07
-9.1255454242019082e-08
-7.2315135925151920e-08
-5.9478339356199202e-08
-4.9840405632300098e-08
-4.2683365579768601e-08
-3.7196227645828245e-08
-3.2732385921677546e-08
-2.9116904088859961e-08
-2.6152697189812386e-08
-2.3653946829175723e-08
-2.1520178589015674e-08
-2.6389663591114503e-07
-6.3725781205252994e-04
-7.8191813176686775e-04
-7.4040809659296064e-04
-7.0166210354978044e-04
-6.6370559076689341e-04
-6.2588726831728407e-04
-5.8390360472315088e-04
-5.4336185284016602e-04
-5.0448107283107948e-04
-4.6520575798802722e-04
-4.2489674481853955e-04
-3.8179907669773925e-04
-3.4387026433343695e-04
-3.0740727413481060e-04
-2.7297843064114384e-04
-2.3666189509857882e-04
-2.0711964619016989e-04
-1.8140421366189016e-04
-1.5890957617601778e-04
-1.3766615856684425e-04
-1.2157636300656356e-04
-1.0937438804806192e-04
-9.9746321532781740e-05
-9.1989827772856394e-05
-8.7163455124844257e-05
-8.4229738697584502e-05
-8.2638422754299277e-05
-8.2285410693035843e-05
-8.2792321212538802e-05
-8.3808051105159405e-05
-8.5263035801274963e-05
-8.7222120219552926e-05
-8.8946620824216117e-05
-9.0752883247770347e-05
-9.2593908409967256e-05
-9.4368529225524720e-05
-9.5857533401344199e-05
-9.7193983788450487e-05
-9.8481334656359097e-05
-9.9522908548604460e-05
-1.0038142882412527e-04
-1.0108012234333891e-04
-1.0171319699159729e-04
-1.0213578932471503e-04
-1.0239955222195402e-04
-1.0261924137935542e-04
-1.0273379605725262e-04
-1.0271606169444576e-04
-1.0264051425402263e-04
-1.0250670330909638e-04
-1.0228261980522817e-04
-1.0200383355011338e-04
-1.0170827582563318e-04
-1.0135750950987021e-04
-1.0097306349521939e-04
-1.0053417891522688e-04
-1.0009662570358962e-04
-9.9631512753000306e-05
-9.9129017991830769e-05
-9.8639451695836986e-05
-9.8139209072362237e-05
-9.7575978362758647e-05
-9.7048026345720984e-05
-9.6517563426353002e-05
-9.5938544449002919e-05
-9.5398778488258568e-05
-9.4863216188030601e-05
-9.4242002585260006e-05
-9.3702806820805985e-05
-9.3145853889033838e-05
-9.2542776421489312e-05
-9.2004236623177441e-05
-9.1432759073869422e-05
-9.0832361101300039e-05
-9.0290259263333395e-05
-8.9699860805433074e-05
-8.9132766753839470e-05
-8.8600276231981271e-05
-8.7984735397229389e-05
-8.7444775715758878e-05
-8.6900910023165762e-05
-8.6275761125117451e-05
-8.5774862584751493e-05
-8.5203454557759790e-05
-8.4624326763284869e-05
-8.4122482877603414e-05
-8.3503363035010748e-05
-8.2985794614135009e-05
-8.2460899983624998e-05
-8.1864988909960106e-05
-8.1372266400197752e-05
-8.0798733907921301e-05
-8.0254702815626424e-05
-7.9756634231466106e-05
-7.9169434826924237e-05
-7.8680002248470018e-05
-7.8126914765291880e-05
-7.7603561586940832e-05
-7.7085334434448286e-05
-7.6536960443892712e-05
-7.6053041948035999e-05
-7.5483551348958549e-05
-7.5009052046867792e-05
-7.4474702879750692e-05
-7.3948442044832410e-05
-7.3482864669207612e-05
-7.2903164041774240e-05
-7.2460034263187740e-05
-7.1907646885598271e-05
-7.1429538177704207e-05
-7.0924854926839717e-05
-7.0415606687595990e-05
-6.9929488999944406e-05
-6.9416128636011484e-05
-6.8955967018625094e-05
-6.8413815008098414e-05
-6.7979780602576861e-05
-6.7438295515597141e-05
-6.6986137387108633e-05
-6.6481607728764518e-05
-6.6001752934042229e-05
-6.5524243416453516e-05
-6.5039079024089110e-05
-6.4568302019536993e-05
-6.4081217287954067e-05
-6.3620718805308804e-05
-6.3115185999189176e-05
-6.2687847335373366e-05
-6.2160825261088309e-05
-6.1748185954277413e-05
-6.1228314152912943e-05
-6.0808702925843506e-05
-6.0297934439396949e-05
-5.9878836795804698e-05
-5.9361323759810393e-05
-5.8959350218906619e-05
-5.8435652577309497e-05
-5.8035953429343128e-05
-5.7523932194580437e-05
-5.7115440690129392e-05
-5.6612039081673152e-05
-5.6199604196825989e-05
-5.5696523900133328e-05
-5.5293972469759939e-05
-5.4789213048071759e-05
-5.4379145687375801e-05
-5.3900068735058141e-05
-5.3465157335049588e-05
-5.3012798078680697e-05
-5.2560362013279845e-05
-5.2115483236219728e-05
-5.1661036847929709e-05
-5.1223647498831605e-05
-5.0759775280579176e-05
-5.0343352333704586e-05
-4.9855460691855808e-05
-4.9454043333819326e-05
-4.8966131535675688e-05
-4.8552658101412055e-05
-4.8090618076382395e-05
-4.7645877622056031e-05
-4.7218514458625868e-05
-4.6742407608967392e-05
-4.6339542025282423e-05
-4.5847659456038933e-05
-4.5433642302014300e-05
-4.4976224098182141e-05
-4.4533614051608377e-05
-4.4099560004823159e-05
-4.3633915946010655e-05
-4.3222022971289896e-05
-4.2733775747311249e-05
-4.2313902621250352e-05
-4.1856581442770898e-05
-4.1404929621430784e-05
-4.0979162093286346e-05
-4.0492204554987333e-05
-4.0066297925815019e-05
-3.9609649695339533e-05
-3.9150927381197304e-05
-3.8719834382056394e-05
-3.8228058640007896e-05
0.0000000000000000e+00
];
