%Vec Object:dSdr_b_aug_5970 1 MPI processes
%  type: seq
dSdr_b_aug_5970 = [
2.3191450052622658e+03
0.0000000000000000e+00
-8.4719142900317156e-07
-3.5010935631260645e-07
-2.1759201664483796e-07
-1.5455969733649537e-07
-1.1599428485920661e-07
-9.2150042151751757e-08
-7.5987702682208458e-08
-6.3823775291426775e-08
-5.4790413018412517e-08
-4.7865208754440129e-08
-4.2225215728092874e-08
-3.7655759739177439e-08
-3.3909287498723667e-08
-3.0749689818076362e-08
-2.8049430416484029e-08
-2.5745364706459601e-08
-2.4425499015802070e-08
-4.3463307621917828e-05
-7.4821463989522597e-04
-7.1605533804176412e-04
-6.7743712525655201e-04
-6.3890767780688546e-04
-5.9614104615468631e-04
-5.5486479574204904e-04
-5.1529533546703396e-04
-4.7533359739907111e-04
-4.3433302998281453e-04
-3.9051596358857522e-04
-3.5195764676828923e-04
-3.1489985080241848e-04
-2.7991712108784773e-04
-2.4302268525942160e-04
-2.1301335396087416e-04
-1.8689414062700259e-04
-1.6404739388546063e-04
-1.4247085485659278e-04
-1.2612852127291357e-04
-1.1373391550026432e-04
-1.0394965604895850e-04
-9.6063548376741739e-05
-9.1151318536578796e-05
-8.8158507354577328e-05
-8.6526861094071567e-05
-8.6149417739032051e-05
-8.6644259308232688e-05
-8.7654719200068015e-05
-8.9110148057600379e-05
-9.1072377863811839e-05
-9.2799141875952966e-05
-9.4608938490756204e-05
-9.6451820917887624e-05
-9.8225870443111661e-05
-9.9712480651733241e-05
-1.0104362084694523e-04
-1.0232191636953013e-04
-1.0335309278509074e-04
-1.0419949450247092e-04
-1.0488284013362414e-04
-1.0549791933674791e-04
-1.0590220341481287e-04
-1.0614560347227968e-04
-1.0634083165725034e-04
-1.0643298057667438e-04
-1.0639145635214695e-04
-1.0628952616892177e-04
-1.0612850937635835e-04
-1.0587803777105429e-04
-1.0557136613884445e-04
-1.0524609295097382e-04
-1.0486787436475578e-04
-1.0445585506589651e-04
-1.0398428879112227e-04
-1.0351856323247587e-04
-1.0302544818209182e-04
-1.0248976024247416e-04
-1.0197216565383632e-04
-1.0144400044565308e-04
-1.0084676025060331e-04
-1.0029069883831295e-04
-9.9731817520934220e-05
-9.9119750355308728e-05
-9.8552030025782087e-05
-9.7988311514944249e-05
-9.7333744648322602e-05
-9.6766706938701820e-05
-9.6181238087719563e-05
-9.5546187662265335e-05
-9.4980267780241207e-05
-9.4379825546142635e-05
-9.3748211107488665e-05
-9.3178964623830501e-05
-9.2558791075210794e-05
-9.1962404885876899e-05
-9.1403235556743225e-05
-9.0756951919881173e-05
-9.0188871022950717e-05
-8.9618256572447527e-05
-8.8961788637881634e-05
-8.8434522995432430e-05
-8.7835373987375372e-05
-8.7226758857116517e-05
-8.6698905971342260e-05
-8.6049721181321641e-05
-8.5505232565574751e-05
-8.4953731900659515e-05
-8.4328306654952811e-05
-8.3810059998968439e-05
-8.3207534899704653e-05
-8.2636212697276309e-05
-8.2112490284637585e-05
-8.1495379599589560e-05
-8.0981240237669956e-05
-8.0399516233874781e-05
-7.9849650645695579e-05
-7.9305119814093231e-05
-7.8728296616880020e-05
-7.8219622746082421e-05
-7.7621143930108291e-05
-7.7121370960398815e-05
-7.6560116399096185e-05
-7.6006588800186440e-05
-7.5515814027320117e-05
-7.4907311213717319e-05
-7.4440010897412664e-05
-7.3858925867103414e-05
-7.3356300344631781e-05
-7.2823931618569768e-05
-7.2288557071183653e-05
-7.1776602433946694e-05
-7.1235637524399704e-05
-7.0751186910965818e-05
-7.0180007476938308e-05
-6.9722345335630691e-05
-6.9152075744817039e-05
-6.8675317591710162e-05
-6.8143485862784712e-05
-6.7637813875526438e-05
-6.7134048530135285e-05
-6.6622286796139897e-05
-6.6126050177696101e-05
-6.5611462132876867e-05
-6.5125994905979159e-05
-6.4592487589307845e-05
-6.4140491510039299e-05
-6.3585211814380456e-05
-6.3148151165184861e-05
-6.2599719523673893e-05
-6.2156309834700057e-05
-6.1615978424512633e-05
-6.1173291429078642e-05
-6.0626075922412812e-05
-6.0200609803722647e-05
-5.9647019849338705e-05
-5.9223656750564656e-05
-5.8682038229189662e-05
-5.8249602839055683e-05
-5.7716614310896552e-05
-5.7279667972800755e-05
-5.6747278875473797e-05
-5.6319674375750732e-05
-5.5785972262745040e-05
-5.5350403556428966e-05
-5.4842478035361059e-05
-5.4381573940927316e-05
-5.3900778677240935e-05
-5.3421409723426725e-05
-5.2948665347654578e-05
-5.2466252783177666e-05
-5.2001703288555619e-05
-5.1508759417092466e-05
-5.1066073214435256e-05
-5.0547630506500473e-05
-5.0120492771616712e-05
-4.9601962933124922e-05
-4.9161851828739326e-05
-4.8670097858527664e-05
-4.8197106098923639e-05
-4.7741178827099554e-05
-4.7235120444431980e-05
-4.6805063159024150e-05
-4.6281258898065875e-05
-4.5840113672788428e-05
-4.5351559605140215e-05
-4.4880065400282700e-05
-4.4416509467773744e-05
-4.3919704154866764e-05
-4.3479696936033944e-05
-4.2958366947004992e-05
-4.2509755961682348e-05
-4.2021246680026310e-05
-4.1538409829880171e-05
-4.1083275262139159e-05
-4.0562385932361991e-05
-4.0106899948882626e-05
-3.9618244531945757e-05
-3.9126938349975383e-05
-3.8665988531054875e-05
-3.8139093182598345e-05
0.0000000000000000e+00
];
