%Vec Object:dSdr_b_aug_4300 1 MPI processes
%  type: seq
dSdr_b_aug_4300 = [
2.3454919831896377e+03
0.0000000000000000e+00
-1.0106372577653589e-06
-4.1692938475321828e-07
-2.5839896506068905e-07
-1.8324952791141852e-07
-1.3754593836113964e-07
-1.0929518344250317e-07
-9.0146140443035763e-08
-7.5716315852784386e-08
-6.5001001688827380e-08
-5.6787146797805554e-08
-5.0095519085009844e-08
-4.4673911215748379e-08
-4.0228967162503610e-08
-3.6480156540195192e-08
-3.3276171344519572e-08
-3.0542366287064138e-08
-2.8178485019245616e-08
-2.6339826885532521e-08
-9.8376070727689948e-06
-6.9004117671031930e-04
-6.8877803007667902e-04
-6.5008431350884193e-04
-6.0665310934718438e-04
-5.6474609987620602e-04
-5.2458505251037966e-04
-4.8403366029303046e-04
-4.4243903081134239e-04
-3.9800398363703621e-04
-3.5890490703072885e-04
-3.2133615830480359e-04
-2.8587762672488827e-04
-2.4848676036062046e-04
-2.1807619381750208e-04
-1.9161012285307376e-04
-1.6846090579162719e-04
-1.4659820755918510e-04
-1.3003893786260143e-04
-1.1747885771119772e-04
-1.0756042488394164e-04
-9.9562975849324680e-05
-9.4576992714728384e-05
-9.1533417803937598e-05
-8.9867126905259276e-05
-8.9468696544054048e-05
-8.9953170648364225e-05
-9.0959103507507627e-05
-9.2414913687996762e-05
-9.4379845248931813e-05
-9.6108553389318618e-05
-9.7921385780057679e-05
-9.9765863474001072e-05
-1.0153942208906122e-04
-1.0302397567519142e-04
-1.0435055414827062e-04
-1.0562107077861504e-04
-1.0664331538683217e-04
-1.0747930685273816e-04
-1.0814946825289315e-04
-1.0874908892040886e-04
-1.0913764575179467e-04
-1.0936355362422382e-04
-1.0953776922783074e-04
-1.0961067104565168e-04
-1.0954871074107369e-04
-1.0942411712941754e-04
-1.0923972984150981e-04
-1.0896659020513998e-04
-1.0863596434553639e-04
-1.0828516484148670e-04
-1.0788336407743091e-04
-1.0744765864726268e-04
-1.0694801799104781e-04
-1.0645809169174951e-04
-1.0594092214724278e-04
-1.0537672044971677e-04
-1.0483504886690708e-04
-1.0428289747047203e-04
-1.0365644229002928e-04
-1.0307623421489856e-04
-1.0249294079375657e-04
-1.0185248442080315e-04
-1.0126075060026284e-04
-1.0067284521125527e-04
-9.9989627070198278e-05
-9.9398672444416230e-05
-9.8788707717010988e-05
-9.8126191733980284e-05
-9.7536751686288324e-05
-9.6911428075290717e-05
-9.6252997924265167e-05
-9.5660433522111603e-05
-9.5014682438204412e-05
-9.4393133581988043e-05
-9.3811046501049932e-05
-9.3138354041144073e-05
-9.2546116328475652e-05
-9.1952524037022343e-05
-9.1269152279927786e-05
-9.0719236648285207e-05
-9.0096257455539512e-05
-8.9462311979334231e-05
-8.8912116723250672e-05
-8.8237105404603911e-05
-8.7669491679947858e-05
-8.7095135777660279e-05
-8.6444357132892352e-05
-8.5904184608079796e-05
-8.5276754146952272e-05
-8.4681988210248100e-05
-8.4136228528540040e-05
-8.3493423318488493e-05
-8.2958060222399903e-05
-8.2351736743719429e-05
-8.1779096343913239e-05
-8.1211970005568712e-05
-8.0610708240642026e-05
-8.0080768894384664e-05
-7.9457388487693304e-05
-7.8935904816406562e-05
-7.8351537860227028e-05
-7.7774587440941016e-05
-7.7262167484539292e-05
-7.6628922885209387e-05
-7.6140859482917806e-05
-7.5535122463626440e-05
-7.5011436394785086e-05
-7.4455285165059268e-05
-7.3897467476788414e-05
-7.3363318264791931e-05
-7.2798640372044403e-05
-7.2293324913900100e-05
-7.1697210209636618e-05
-7.1219251262387697e-05
-7.0624255075169110e-05
-7.0126364896112267e-05
-6.9571080017405748e-05
-6.9043230426950940e-05
-6.8516910679935250e-05
-6.7982301175492790e-05
-6.7464194122669684e-05
-6.6925980055495323e-05
-6.6419064063188269e-05
-6.5861525953998681e-05
-6.5388348548361483e-05
-6.4808794860914441e-05
-6.4350755677779336e-05
-6.3777790431032513e-05
-6.3313937277636670e-05
-6.2748210588634695e-05
-6.2285259759293262e-05
-6.1712529099407728e-05
-6.1266882277893707e-05
-6.0687614091065539e-05
-6.0243923075628012e-05
-5.9676879756286676e-05
-5.9223875978263788e-05
-5.8665471557261583e-05
-5.8207469276452828e-05
-5.7649903197014321e-05
-5.7200777492607826e-05
-5.6642212893899921e-05
-5.6184737902048868e-05
-5.5652030748250410e-05
-5.5168798286904127e-05
-5.4663575790096187e-05
-5.4161070818733133e-05
-5.3664389203821447e-05
-5.3157953001072743e-05
-5.2670072267561614e-05
-5.2152155124328061e-05
-5.1686908131293390e-05
-5.1142221297542255e-05
-5.0692989116121902e-05
-5.0148157616376949e-05
-4.9685164084606900e-05
-4.9167885088962623e-05
-4.8670624744810192e-05
-4.8190160179642653e-05
-4.7658372667820733e-05
-4.7204957011182721e-05
-4.6653731195348988e-05
-4.6189282245079584e-05
-4.5673981650494637e-05
-4.5177675176159330e-05
-4.4688776314458413e-05
-4.4165202611728740e-05
-4.3701044428843275e-05
-4.3151295351235819e-05
-4.2677997596583206e-05
-4.2162696633840431e-05
-4.1653070601037890e-05
-4.1172708315487323e-05
-4.0622669626784691e-05
-4.0141772364102810e-05
-3.9625618441692735e-05
-3.9106314100943647e-05
-3.8619693769459881e-05
-3.8062504200937941e-05
0.0000000000000000e+00
];
