%Vec Object:dSdr_b_aug_3130 1 MPI processes
%  type: seq
dSdr_b_aug_3130 = [
2.3719187158072336e+03
0.0000000000000000e+00
-1.2101176823235421e-06
-4.9745904092997364e-07
-3.0684070758662282e-07
-2.1683011275605470e-07
-1.6247679214947081e-07
-1.2889097957847624e-07
-1.0612799280999923e-07
-8.8963861785214339e-08
-7.6220705286650991e-08
-6.6453757346233121e-08
-5.8498989563651914e-08
-5.2055277214575691e-08
-4.6773026137265136e-08
-4.2319359821791877e-08
-3.8514304567489510e-08
-3.5268041247517246e-08
-3.2461525944034751e-08
-2.9985528953403606e-08
-2.7880063387322457e-08
-1.4345160327942996e-06
-5.1361886147828419e-04
-6.5803948750274414e-04
-6.1635713002440855e-04
-5.7391812685543770e-04
-5.3320947728895736e-04
-4.9211071988690283e-04
-4.4996457189431090e-04
-4.0495579696384862e-04
-3.6535468367077095e-04
-3.2731157082312976e-04
-2.9141130890657794e-04
-2.5355956072845828e-04
-2.2277649085467857e-04
-1.9598840026501769e-04
-1.7255837237261179e-04
-1.5043000640861196e-04
-1.3366933509573558e-04
-1.2095562995514904e-04
-1.1091263171756216e-04
-1.0281181431556741e-04
-9.7757359250223190e-05
-9.4666655722660568e-05
-9.2968201031940980e-05
-9.2550286506507063e-05
-9.3025135537314632e-05
-9.4026865540837798e-05
-9.5483029861444393e-05
-9.7450469820947592e-05
-9.9180982977649536e-05
-1.0099663385310516e-04
-1.0284259266854238e-04
-1.0461569560991658e-04
-1.0609833992308215e-04
-1.0742068340609561e-04
-1.0868397824847409e-04
-1.0969793070818480e-04
-1.1052425744754095e-04
-1.1118217861019178e-04
-1.1176744758116907e-04
-1.1214140325473216e-04
-1.1235107142226483e-04
-1.1250577902169213e-04
-1.1256081189685874e-04
-1.1247987881759039e-04
-1.1233424458537996e-04
-1.1212816024651434e-04
-1.1183397573754991e-04
-1.1148111097503657e-04
-1.1110661305454421e-04
-1.1068291879584936e-04
-1.1022522336152502e-04
-1.0969951868816029e-04
-1.0918712462625770e-04
-1.0864762309365258e-04
-1.0805694946597405e-04
-1.0749292500657269e-04
-1.0691850503696302e-04
-1.0626492691344011e-04
-1.0566230128209499e-04
-1.0505634387194140e-04
-1.0438953120170771e-04
-1.0377550346087659e-04
-1.0316514318083457e-04
-1.0245532544184407e-04
-1.0184216655536280e-04
-1.0120946006579193e-04
-1.0052144529446419e-04
-9.9910169326113647e-05
-9.9261746057864925e-05
-9.8578420429475174e-05
-9.7964207871460102e-05
-9.7294710822948917e-05
-9.6649801162638214e-05
-9.6046437437487540e-05
-9.5349227252822651e-05
-9.4734562559681162e-05
-9.4119637837808352e-05
-9.3411288803004356e-05
-9.2840345115843725e-05
-9.2195242185174808e-05
-9.1537780235023997e-05
-9.0966842516087667e-05
-9.0267854071982172e-05
-8.9678771196560717e-05
-8.9083196689972280e-05
-8.8408880169236917e-05
-8.7848351857834687e-05
-8.7197799474618233e-05
-8.6581268578272811e-05
-8.6015049686993420e-05
-8.5348389902703585e-05
-8.4793322875906729e-05
-8.4164161457971141e-05
-8.3570377120688696e-05
-8.2982273309855148e-05
-8.2358322990782272e-05
-8.1808640961679525e-05
-8.1162142134264963e-05
-8.0620502436038694e-05
-8.0014678133177890e-05
-7.9415982170798181e-05
-7.8883467014053795e-05
-7.8227252355610429e-05
-7.7719912684758315e-05
-7.7091288973023568e-05
-7.6548050476117169e-05
-7.5969819776696969e-05
-7.5391166071607607e-05
-7.4836411609426298e-05
-7.4249718789310014e-05
-7.3725032591013712e-05
-7.3105768198676314e-05
-7.2608965873656710e-05
-7.1991013729626521e-05
-7.1473504761832712e-05
-7.0896446183093151e-05
-7.0348007099282965e-05
-6.9800748042444762e-05
-6.9244926867230308e-05
-6.8706515494009406e-05
-6.8146367233833222e-05
-6.7619538395163336e-05
-6.7039690308065152e-05
-6.6546848344252495e-05
-6.5944758895051609e-05
-6.5467243424736994e-05
-6.4871501393554262e-05
-6.4388668707091783e-05
-6.3799365263601378e-05
-6.3317601668868228e-05
-6.2721182964429507e-05
-6.2256800556032268e-05
-6.1653692923618401e-05
-6.1191129649543126e-05
-6.0600482171380719e-05
-6.0128382883756761e-05
-5.9546382571788663e-05
-5.9068832140144203e-05
-5.8487891972885382e-05
-5.8018786173014031e-05
-5.7437139462822034e-05
-5.6959326870373665e-05
-5.6403612669010104e-05
-5.5899650751119320e-05
-5.5371750229097632e-05
-5.4847765986256566e-05
-5.4328861253216570e-05
-5.3800121720676629e-05
-5.3290580475606418e-05
-5.2749478372496271e-05
-5.2263286146998577e-05
-5.1694234505150213e-05
-5.1224490042690111e-05
-5.0655240321564361e-05
-5.0171002956434019e-05
-4.9630026763931597e-05
-4.9110235693238929e-05
-4.8606990936434812e-05
-4.8051316745216018e-05
-4.7576215402431989e-05
-4.6999531679404545e-05
-4.6513447782418160e-05
-4.5973315978086098e-05
-4.5453974046649646e-05
-4.4941547073966859e-05
-4.4393121882785047e-05
-4.3906542215676684e-05
-4.3330409177184492e-05
-4.2834192529411329e-05
-4.2294018513904391e-05
-4.1759521777832751e-05
-4.1255738482289009e-05
-4.0678638034691459e-05
-4.0174149521451168e-05
-3.9632466786022578e-05
-3.9087170179583967e-05
-3.8576719696411744e-05
-3.7991412967960205e-05
0.0000000000000000e+00
];
