%Vec Object:dSdr_b_aug_7110 1 MPI processes
%  type: seq
dSdr_b_aug_7110 = [
2.3011523420245949e+03
0.0000000000000000e+00
-7.5353841967548537e-07
-3.1177922127647418e-07
-1.9412650510383965e-07
-1.3804614630042622e-07
-1.0360472835617398e-07
-8.2306772223319857e-08
-6.7870194972565083e-08
-5.7013312277245043e-08
-4.8950133836824497e-08
-4.2768282818376857e-08
-3.7734529350322867e-08
-3.3656233123353678e-08
-3.0312332821131573e-08
-2.7492250807396893e-08
-2.5082161454798946e-08
-2.3049089302909254e-08
-4.1246598108776051e-06
-7.5140412082973088e-04
-7.4842511515295482e-04
-7.0950865664547581e-04
-6.7115872455752741e-04
-6.3295398214840949e-04
-5.9054536111979871e-04
-5.4960496684378351e-04
-5.1035041209201873e-04
-4.7070254750151633e-04
-4.3001819977026755e-04
-3.8653008500378944e-04
-3.4825961501780829e-04
-3.1147379958351490e-04
-2.7674433955430605e-04
-2.4011415406707730e-04
-2.1031840058472368e-04
-1.8438381982218010e-04
-1.6169807825372405e-04
-1.4027386197741428e-04
-1.2404700364353812e-04
-1.1174048000128701e-04
-1.0202764113345440e-04
-9.4200800629145107e-05
-8.9327829915330394e-05
-8.6362040478921428e-05
-8.4748835741921261e-05
-8.4382563925966287e-05
-8.4882924229782026e-05
-8.5895793959478420e-05
-8.7351019723420187e-05
-8.9311811274552094e-05
-9.1037540325231622e-05
-9.2845720900604860e-05
-9.4687754078449609e-05
-9.6462064833974993e-05
-9.7949769708712654e-05
-9.9283338041181830e-05
-1.0056577420746314e-04
-1.0160170496881404e-04
-1.0245364801254981e-04
-1.0314401161138746e-04
-1.0376731940258564e-04
-1.0417997510375532e-04
-1.0443268626232818e-04
-1.0463909945840616e-04
-1.0474149362279643e-04
-1.0471084753737490e-04
-1.0462098111246202e-04
-1.0447240445059655e-04
-1.0423399905382692e-04
-1.0394007827343265e-04
-1.0362839276152289e-04
-1.0326272698481299e-04
-1.0286331583039663e-04
-1.0240669356871289e-04
-1.0195385008139084e-04
-1.0147353925521762e-04
-1.0095302920911419e-04
-1.0044825082171482e-04
-9.9932853478656446e-05
-9.9351164441186530e-05
-9.8807956314681894e-05
-9.8262069577820924e-05
-9.7665114007675609e-05
-9.7110176076685239e-05
-9.6559332258396206e-05
-9.5920016485920054e-05
-9.5365709768020174e-05
-9.4793280089711148e-05
-9.4172849600456887e-05
-9.3619449519655466e-05
-9.3032251660322559e-05
-9.2414911244968344e-05
-9.1858076906064295e-05
-9.1251518298238378e-05
-9.0668526214739202e-05
-9.0121556021600832e-05
-8.9489329820482432e-05
-8.8934107614161559e-05
-8.8375724285109231e-05
-8.7733577274882432e-05
-8.7218368238039539e-05
-8.6631904054777808e-05
-8.6036772286187394e-05
-8.5520812260318570e-05
-8.4885374950298157e-05
-8.4353195846829772e-05
-8.3813861041479008e-05
-8.3201931428476968e-05
-8.2695355928416210e-05
-8.2106087971239075e-05
-8.1547244885681473e-05
-8.1035252927276819e-05
-8.0431819456711461e-05
-7.9928977503736779e-05
-7.9360347818455446e-05
-7.8822605278968763e-05
-7.8290102051991909e-05
-7.7726287522064013e-05
-7.7228933279135587e-05
-7.6643709598007474e-05
-7.6155493250416807e-05
-7.5606541433690397e-05
-7.5065481819004996e-05
-7.4586228792845042e-05
-7.3990896049766492e-05
-7.3534647939003616e-05
-7.2966685180379941e-05
-7.2475270201826381e-05
-7.1955560919560729e-05
-7.1432132872211528e-05
-7.0931992423059261e-05
-7.0403649951378914e-05
-6.9930305709810903e-05
-6.9372399338069610e-05
-6.8925541201010014e-05
-6.8368433595140620e-05
-6.7902924034486366e-05
-6.7383576433923653e-05
-6.6889709600612119e-05
-6.6397949979223414e-05
-6.5898350129616596e-05
-6.5413755158870879e-05
-6.4911743262417043e-05
-6.4437693228443446e-05
-6.3916977519539464e-05
-6.3476256275036281e-05
-6.2933897642292855e-05
-6.2508003881286492e-05
-6.1972631494937338e-05
-6.1540103876119278e-05
-6.1013290390411987e-05
-6.0581389847655509e-05
-6.0047756074643997e-05
-5.9633032157643495e-05
-5.9093110743845665e-05
-5.8680568208737956e-05
-5.8152483324452612e-05
-5.7730996500701594e-05
-5.7211536869232086e-05
-5.6785798622967344e-05
-5.6266811249734822e-05
-5.5850662500860936e-05
-5.5330194704889717e-05
-5.4906286727844984e-05
-5.4411552485289463e-05
-5.3962533793915220e-05
-5.3494741160938096e-05
-5.3027687522596145e-05
-5.2567684952734424e-05
-5.2098060184042776e-05
-5.1645929920084198e-05
-5.1166279333999241e-05
-5.0735602250469440e-05
-5.0231129303118052e-05
-4.9815752450570808e-05
-4.9311222996934980e-05
-4.8883292215529747e-05
-4.8405125223737990e-05
-4.7945051636518550e-05
-4.7502185568992688e-05
-4.7009822803240069e-05
-4.6592199175578703e-05
-4.6082991404364213e-05
-4.5654250740341535e-05
-4.5179933834168917e-05
-4.4721647176637104e-05
-4.4271581252317887e-05
-4.3789024708377553e-05
-4.3361872983467870e-05
-4.2855670389658386e-05
-4.2420200048794096e-05
-4.1945951806202755e-05
-4.1477374586216574e-05
-4.1035668351957046e-05
-4.0530294625330785e-05
-4.0088334044736174e-05
-3.9614314168976415e-05
-3.9137907209601971e-05
-3.8690609660815183e-05
-3.8179773539769431e-05
0.0000000000000000e+00
];
