%Vec Object:dSdr_b_aug_1660 1 MPI processes
%  type: seq
dSdr_b_aug_1660 = [
2.4256159470503949e+03
0.0000000000000000e+00
-1.7762026119734542e-06
-7.2777362805903152e-07
-4.4630148933893575e-07
-3.1449904502218485e-07
-2.3601365454151698e-07
-1.8754155585599474e-07
-1.5468852283495606e-07
-1.2983245275994588e-07
-1.1138008814956262e-07
-9.7239931639283973e-08
-8.5710999955964033e-08
-7.6370255929842660e-08
-6.8713542855532667e-08
-6.2255984032983655e-08
-5.6736872901087499e-08
-5.2028321859790005e-08
-4.7957399258441381e-08
-4.4364501565169562e-08
-4.1216925884327209e-08
-3.8441032343016080e-08
-3.5946006372984928e-08
-3.9040056104657328e-08
-1.5484556249422689e-05
-5.1178179964234388e-04
-5.4703153422382275e-04
-5.0742192028637844e-04
-4.6434930831766201e-04
-4.1825169679271849e-04
-3.7769104910892980e-04
-3.3874069703137253e-04
-3.0199555055677188e-04
-2.6326227888026925e-04
-2.3176672500497530e-04
-2.0436270997425997e-04
-1.8039557735175107e-04
-1.5775907079752056e-04
-1.4061318013829790e-04
-1.2760563757929883e-04
-1.1732438391721910e-04
-1.0902585448002471e-04
-1.0384043343682676e-04
-1.0065958707085230e-04
-9.8899612613552636e-05
-9.8444430518469691e-05
-9.8900869378017173e-05
-9.9894560250843604e-05
-1.0135140157776804e-04
-1.0332363898559454e-04
-1.0505760426731023e-04
-1.0687864573742812e-04
-1.0872743720130510e-04
-1.1049966831684932e-04
-1.1197866053711467e-04
-1.1329290356208046e-04
-1.1454238513368768e-04
-1.1554047706769440e-04
-1.1634831797472925e-04
-1.1698282732403751e-04
-1.1754064592866538e-04
-1.1788667409357168e-04
-1.1806528071616000e-04
-1.1818267551549273e-04
-1.1820353061106715e-04
-1.1808630846084767e-04
-1.1790043000182552e-04
-1.1765284588464989e-04
-1.1731840897778189e-04
-1.1692300783019330e-04
-1.1650318193164342e-04
-1.1603761196408614e-04
-1.1553785623567171e-04
-1.1496229893948138e-04
-1.1440693079171314e-04
-1.1382471487434931e-04
-1.1318340843037125e-04
-1.1257662964403576e-04
-1.1195961659948148e-04
-1.1125416048744846e-04
-1.1060865683198334e-04
-1.0995935005182956e-04
-1.0924212576404715e-04
-1.0858545648929273e-04
-1.0793214679122151e-04
-1.0717145208699041e-04
-1.0651582316855576e-04
-1.0583961857524116e-04
-1.0510283237736132e-04
-1.0444979094879763e-04
-1.0375718508184823e-04
-1.0302624200358357e-04
-1.0237062312573806e-04
-1.0165570729514241e-04
-1.0096611554722670e-04
-1.0032205609331049e-04
-9.9577950989809916e-05
-9.8920390329951488e-05
-9.8264663180720293e-05
-9.7508540246256167e-05
-9.6897376308862547e-05
-9.6209957459873199e-05
-9.5507515750332286e-05
-9.4896904103527064e-05
-9.4152054817278798e-05
-9.3521908085412585e-05
-9.2885748941930706e-05
-9.2166411731441311e-05
-9.1566949090411036e-05
-9.0872171611488590e-05
-9.0214011073003341e-05
-8.9608660039340634e-05
-8.8896373824717367e-05
-8.8303619274781640e-05
-8.7630775939639906e-05
-8.6996549791474220e-05
-8.6368322567832400e-05
-8.5700976063809024e-05
-8.5113532398217644e-05
-8.4422815187005097e-05
-8.3842623255422344e-05
-8.3195757696700323e-05
-8.2555469249118916e-05
-8.1984518207303016e-05
-8.1284368945846100e-05
-8.0740159759150383e-05
-8.0067760903503038e-05
-7.9487124688043927e-05
-7.8866662818240465e-05
-7.8248156289370023e-05
-7.7653990391728572e-05
-7.7025189860084104e-05
-7.6463453470828328e-05
-7.5799910925755654e-05
-7.5267067098567204e-05
-7.4605207357621479e-05
-7.4050173772841410e-05
-7.3431468899191009e-05
-7.2843648548117195e-05
-7.2256339137339800e-05
-7.1659946670742908e-05
-7.1082699493978319e-05
-7.0480597990553074e-05
-6.9915682129496927e-05
-6.9293162051515899e-05
-6.8762707976930936e-05
-6.8117514697263690e-05
-6.7602747235676988e-05
-6.6963440388306946e-05
-6.6444305866850703e-05
-6.5809907528995576e-05
-6.5292161094935701e-05
-6.4650434655354162e-05
-6.4150217049332772e-05
-6.3501512124815090e-05
-6.3002852269764329e-05
-6.2367057561026550e-05
-6.1858434715322526e-05
-6.1231303022272988e-05
-6.0716363307865216e-05
-6.0090716044166691e-05
-5.9583394830007320e-05
-5.8957599536693475e-05
-5.8440887789451596e-05
-5.7841168640084824e-05
-5.7297558138721937e-05
-5.6726282062035944e-05
-5.6161215157171579e-05
-5.5599805061677601e-05
-5.5028406804363601e-05
-5.4477436410146126e-05
-5.3891989432595293e-05
-5.3365736318357836e-05
-5.2750083295953456e-05
-5.2241106246367840e-05
-5.1625153215494953e-05
-5.1100284298887724e-05
-5.0513984203687409e-05
-4.9951100524285859e-05
-4.9404286239600188e-05
-4.8802926445314715e-05
-4.8286349638788067e-05
-4.7660975798734453e-05
-4.7133514410951597e-05
-4.6545892302614673e-05
-4.5982495584399074e-05
-4.5425072555828119e-05
-4.4829121465485538e-05
-4.4299665505169016e-05
-4.3673079707757112e-05
-4.3133041297881885e-05
-4.2545312895785020e-05
-4.1963273897097830e-05
-4.1414733266021450e-05
-4.0785932781353721e-05
-4.0236420558292874e-05
-3.9646089095288547e-05
-3.9051460608513857e-05
-3.8496508072561106e-05
-3.7863155379387240e-05
0.0000000000000000e+00
];
