%Vec Object:dSdr_b_aug_6670 1 MPI processes
%  type: seq
dSdr_b_aug_6670 = [
2.3061148671929395e+03
0.0000000000000000e+00
-7.7675121025456089e-07
-3.2066309194324049e-07
-1.9915760823122350e-07
-1.4128406570607918e-07
-1.0580615680626109e-07
-8.3870789979336872e-08
-6.9003991715354457e-08
-5.7829925501755459e-08
-4.9532609058348019e-08
-4.3171729124688836e-08
-3.7995511464295615e-08
-3.3802903938419438e-08
-3.0365649923156578e-08
-2.7467974084050765e-08
-2.4992736496620647e-08
-2.2883051765725057e-08
-4.2490137546915526e-07
-6.0858581694944649e-04
-7.5038737437158076e-04
-7.1196559393834821e-04
-6.7349739463780074e-04
-6.3517146766715220e-04
-5.9262949924220824e-04
-5.5156401369280041e-04
-5.1219217093367647e-04
-4.7242740272290720e-04
-4.3162527750916657e-04
-3.8801464317946986e-04
-3.4963696330221394e-04
-3.1274984745085496e-04
-2.7792605594211618e-04
-2.4119744916713547e-04
-2.1132214761880648e-04
-1.8531879958153145e-04
-1.6257309087158600e-04
-1.4109214125563072e-04
-1.2482227361429706e-04
-1.1248294336756131e-04
-1.0274350357134653e-04
-9.4894588687934517e-05
-9.0006995623334758e-05
-8.7031141750853460e-05
-8.5411068482392987e-05
-8.5040635874540901e-05
-8.5538940797198426e-05
-8.6550913059945525e-05
-8.8006214502299370e-05
-8.9967541773103310e-05
-9.1693656331527448e-05
-9.3502438838148505e-05
-9.5344788350837939e-05
-9.7119001835825765e-05
-9.8606299020758022e-05
-9.9938963004031354e-05
-1.0121985698882597e-04
-1.0225401699069175e-04
-1.0310389615903116e-04
-1.0379164589929771e-04
-1.0441188892977442e-04
-1.0482142659513845e-04
-1.0507066980403694e-04
-1.0527291710308686e-04
-1.0537149539008059e-04
-1.0533679770215743e-04
-1.0524243808483305e-04
-1.0508922804844211e-04
-1.0484632854557552e-04
-1.0454765866018153e-04
-1.0423091236379749e-04
-1.0386057124316175e-04
-1.0345646413444910e-04
-1.0299427591316365e-04
-1.0253663444577759e-04
-1.0205155463366104e-04
-1.0152539151743200e-04
-1.0101583968269486e-04
-1.0049568689506610e-04
-9.9908205762836301e-05
-9.9360210376141852e-05
-9.8809483752876091e-05
-9.8206899804250994e-05
-9.7647201014768248e-05
-9.7091561962561808e-05
-9.6446565854110480e-05
-9.5887517424045449e-05
-9.5310231249970189e-05
-9.4684355502077053e-05
-9.4126292367577725e-05
-9.3534161583744272e-05
-9.2911504746173642e-05
-9.2350047450518783e-05
-9.1738417898599753e-05
-9.1150437122048024e-05
-9.0598923307751451e-05
-8.9961461353084630e-05
-8.9401449871357567e-05
-8.8838511007785625e-05
-8.8191030106191096e-05
-8.7671330534091032e-05
-8.7080141828866536e-05
-8.6479988116417190e-05
-8.5959598536461355e-05
-8.5319040910239349e-05
-8.4782277068359320e-05
-8.4238411028559620e-05
-8.3621454900810330e-05
-8.3110532420799813e-05
-8.2516326775721195e-05
-8.1952835781111329e-05
-8.1436474756582243e-05
-8.0827947139639969e-05
-8.0320897409995426e-05
-7.9747390680408482e-05
-7.9205132850565358e-05
-7.8668149881650968e-05
-7.8099490208289704e-05
-7.7597919912461943e-05
-7.7007759289491798e-05
-7.6515238619047246e-05
-7.5961704582305667e-05
-7.5416001203250225e-05
-7.4932456843222764e-05
-7.4332218839921166e-05
-7.3871854277688951e-05
-7.3299004061291279e-05
-7.2803413656812838e-05
-7.2278989298932124e-05
-7.1751111714781765e-05
-7.1246571008840527e-05
-7.0713527243743414e-05
-7.0236046374184030e-05
-6.9673196380162100e-05
-6.9222314232824137e-05
-6.8660304375233361e-05
-6.8190605214575581e-05
-6.7666607832432253e-05
-6.7168344104293350e-05
-6.6672112884433966e-05
-6.6167983273178216e-05
-6.5679052304842985e-05
-6.5172356351172304e-05
-6.4694053917747221e-05
-6.4168573901504999e-05
-6.3723653278402334e-05
-6.3176482120661068e-05
-6.2746429184802320e-05
-6.2206192801611435e-05
-6.1769612088085685e-05
-6.1237763770313132e-05
-6.0801845744048270e-05
-6.0263153370780210e-05
-5.9844428449683363e-05
-5.9299416101571062e-05
-5.8882843373451842e-05
-5.8349717797465597e-05
-5.7924153102431032e-05
-5.7399654541503690e-05
-5.6969741758936320e-05
-5.6445762818208216e-05
-5.6025347287007128e-05
-5.5499950270251341e-05
-5.5071699160443287e-05
-5.4572051721357203e-05
-5.4118606209777342e-05
-5.3645970636143562e-05
-5.3174330046624026e-05
-5.2709581672699596e-05
-5.2235193965438157e-05
-5.1778438030916258e-05
-5.1293836221532142e-05
-5.0858686201367402e-05
-5.0349010057655245e-05
-4.9929252706978847e-05
-4.9419508629178959e-05
-4.8987041101966866e-05
-4.8503813432540414e-05
-4.8038928249444442e-05
-4.7591197291755922e-05
-4.7093733318553929e-05
-4.6671478476590869e-05
-4.6156833893177156e-05
-4.5723472766195850e-05
-4.5243852776229339e-05
-4.4780646445497590e-05
-4.4325555548998745e-05
-4.3837691301982449e-05
-4.3405750642300754e-05
-4.2893912699497384e-05
-4.2453546668671507e-05
-4.1973984968869670e-05
-4.1500094108065930e-05
-4.1053382727465119e-05
-4.0542224500468392e-05
-4.0095217115246356e-05
-3.9615729439321858e-05
-3.9133737576735344e-05
-3.8681254978584082e-05
-3.8163904338872214e-05
0.0000000000000000e+00
];
