%Vec Object:dSdr_b_aug_2870 1 MPI processes
%  type: seq
dSdr_b_aug_2870 = [
2.3814858433220229e+03
0.0000000000000000e+00
-1.2945630542355506e-06
-5.3223120012818833e-07
-3.2819616356536087e-07
-2.3197832641114495e-07
-1.7399942459105014e-07
-1.3817526838130615e-07
-1.1389429150264965e-07
-9.5570148044926597e-08
-8.1965297056079443e-08
-7.1538096557305982e-08
-6.3042020081775932e-08
-5.6159000884865191e-08
-5.0516520141553751e-08
-4.5758271890083339e-08
-4.1692097793763596e-08
-3.8222959429518325e-08
-3.5223569710975180e-08
-3.2576690409023808e-08
-3.0258771801510653e-08
-4.6155155319996923e-08
-1.0409918382233578e-04
-6.5257695711300472e-04
-6.1867303483960378e-04
-5.7625786565912484e-04
-5.3541397413542065e-04
-4.9417547751347539e-04
-4.5188835302308278e-04
-4.0673291479422684e-04
-3.6700346418483182e-04
-3.2883908800785885e-04
-2.9282590505009279e-04
-2.5485634009681315e-04
-2.2397804593645248e-04
-1.9710763638369717e-04
-1.7360582387569153e-04
-1.5140954439123969e-04
-1.3459738810923870e-04
-1.2184441128708692e-04
-1.1176956995740826e-04
-1.0364232812769970e-04
-9.8570369308386294e-05
-9.5467618077768368e-05
-9.3760941184537489e-05
-9.3338045785354450e-05
-9.3810434252460662e-05
-9.4811089792938083e-05
-9.6267344571675573e-05
-9.8235425691055048e-05
-9.9966400206107469e-05
-1.0178277151961489e-04
-1.0362910890214222e-04
-1.0540209530506712e-04
-1.0688425149575074e-04
-1.0820551232874545e-04
-1.0946696099850076e-04
-1.1047879366894453e-04
-1.1130264974496576e-04
-1.1195744188249643e-04
-1.1253904207200902e-04
-1.1290926519431629e-04
-1.1311478194395865e-04
-1.1326450263893329e-04
-1.1331496760903106e-04
-1.1322918444885931e-04
-1.1307817152525978e-04
-1.1286654068952592e-04
-1.1256697638707761e-04
-1.1220842652270684e-04
-1.1182787040418628e-04
-1.1139857939415175e-04
-1.1093526256215508e-04
-1.1040289503765951e-04
-1.0988475744832844e-04
-1.0933954709739764e-04
-1.0874210634420014e-04
-1.0817236772771772e-04
-1.0759225515231378e-04
-1.0693174348404958e-04
-1.0632338716275907e-04
-1.0571163606657261e-04
-1.0503808583311420e-04
-1.0441835900896974e-04
-1.0380225849638271e-04
-1.0308564099946869e-04
-1.0246680595060727e-04
-1.0182828589559992e-04
-1.0113375277097302e-04
-1.0051689480112813e-04
-9.9862566478296075e-05
-9.9172876723823550e-05
-9.8553130163999957e-05
-9.7877562843854977e-05
-9.7226681371959526e-05
-9.6617878616435317e-05
-9.5914400873038395e-05
-9.5294003085438425e-05
-9.4673625072968733e-05
-9.3958891002846411e-05
-9.3382571833748167e-05
-9.2731813335091487e-05
-9.2068339793918006e-05
-9.1492099614096835e-05
-9.0786981821463616e-05
-9.0192410719834316e-05
-8.9591412035326909e-05
-8.8911078453536314e-05
-8.8345346529681749e-05
-8.7688883417543441e-05
-8.7066788677512332e-05
-8.6495339736135496e-05
-8.5822581933295516e-05
-8.5262477931503480e-05
-8.4627478381457604e-05
-8.4028288955857562e-05
-8.3434822611048738e-05
-8.2805072348594866e-05
-8.2250343439667635e-05
-8.1597934781360565e-05
-8.1051142539405565e-05
-8.0439833032453734e-05
-7.9835578193707780e-05
-7.9297926043690918e-05
-7.8635839482655017e-05
-7.8123572165745308e-05
-7.7489097863578979e-05
-7.6940861126131290e-05
-7.6356986190292419e-05
-7.5773006117587185e-05
-7.5212984279980123e-05
-7.4620663724461948e-05
-7.4091025734011241e-05
-7.3465843524954505e-05
-7.2964224220554505e-05
-7.2340403785492688e-05
-7.1817879618963924e-05
-7.1235254975151227e-05
-7.0681552549932536e-05
-7.0128940727834461e-05
-6.9567697163871439e-05
-6.9024095352067654e-05
-6.8458340004521324e-05
-6.7926420803449282e-05
-6.7340869568478559e-05
-6.6843000715536093e-05
-6.6235150403672039e-05
-6.5752656175574979e-05
-6.5151091671583573e-05
-6.4663407217964902e-05
-6.4068076806302675e-05
-6.3581504079883032e-05
-6.2979029962386733e-05
-6.2509858156296045e-05
-6.1900656412987212e-05
-6.1433268808888309e-05
-6.0836587373038146e-05
-6.0359606691659370e-05
-5.9771574542664246e-05
-5.9289027014811071e-05
-5.8702111719499986e-05
-5.8227898413088969e-05
-5.7640351224228260e-05
-5.7157339746365462e-05
-5.6595744267358765e-05
-5.6086483306849733e-05
-5.5552785631244474e-05
-5.5023310685426630e-05
-5.4498725107245209e-05
-5.3964284236383000e-05
-5.3449205991240974e-05
-5.2902177203245488e-05
-5.2410630857270558e-05
-5.1835350958080232e-05
-5.1360363091831337e-05
-5.0784871506025942e-05
-5.0295203782067655e-05
-4.9748170104805308e-05
-4.9222619777312362e-05
-4.8713552038398324e-05
-4.8151772069098846e-05
-4.7671127659275767e-05
-4.7087936652611244e-05
-4.6596322844931194e-05
-4.6049844189521387e-05
-4.5524614621365643e-05
-4.5006174279462893e-05
-4.4451397695020286e-05
-4.3959088178677403e-05
-4.3376212858407149e-05
-4.2874140399171330e-05
-4.2327612046685750e-05
-4.1786763111739702e-05
-4.1277000649767706e-05
-4.0692994556977385e-05
-4.0182495310488509e-05
-3.9634322873261154e-05
-3.9082459145175489e-05
-3.8566134571011720e-05
-3.7974799140624449e-05
0.0000000000000000e+00
];
