%Vec Object:dSdr_b_aug_4610 1 MPI processes
%  type: seq
dSdr_b_aug_4610 = [
2.3413550099781783e+03
0.0000000000000000e+00
-9.8283654564707710e-07
-4.0551759608826190e-07
-2.5140129220646864e-07
-1.7830611206536788e-07
-1.3381258572172698e-07
-1.0630897245620858e-07
-8.7666482670744295e-08
-7.3621895776636038e-08
-6.3192651227677659e-08
-5.5198002360113777e-08
-4.8685599073270512e-08
-4.3409322900998216e-08
-3.9083534260333159e-08
-3.5435345952919656e-08
-3.2317492584803778e-08
-2.9657192738946720e-08
-2.7356916699281772e-08
-2.6945406969181320e-08
-5.0260922259102722e-05
-7.1638249223044640e-04
-6.8657105018836667e-04
-6.4767880107702584e-04
-6.0438671636300705e-04
-5.6261560446300778e-04
-5.2258210547056951e-04
-4.8215784790336448e-04
-4.4069130358341887e-04
-3.9638949867042432e-04
-3.5740701477973621e-04
-3.1994843210450438e-04
-2.8459248772392013e-04
-2.4730865628843718e-04
-2.1698459970581144e-04
-1.9059331439519767e-04
-1.6750931268068339e-04
-1.4570831297162505e-04
-1.2919581667101600e-04
-1.1667141429820147e-04
-1.0678191046856518e-04
-9.8808467641805115e-05
-9.3838386385241312e-05
-9.0805756592711668e-05
-8.9146935389441281e-05
-8.8753030013629882e-05
-8.9239739433508419e-05
-9.0246648355721965e-05
-9.1702376285382990e-05
-9.3666725291519017e-05
-9.5395014230927720e-05
-9.7207192053630695e-05
-9.9051325768328679e-05
-1.0082499020453064e-04
-1.0230998719520340e-04
-1.0363754919641135e-04
-1.0490974302689505e-04
-1.0593391349995841e-04
-1.0677214959156579e-04
-1.0744515363927198e-04
-1.0804810730603689e-04
-1.0844005507349321e-04
-1.0866973441863177e-04
-1.0884848052455594e-04
-1.0892553219109229e-04
-1.0886797808995274e-04
-1.0874827091825807e-04
-1.0856892252042262e-04
-1.0830067031652252e-04
-1.0797520920492135e-04
-1.0762991340545827e-04
-1.0723319717227939e-04
-1.0680259868620404e-04
-1.0630901112073914e-04
-1.0582430272009484e-04
-1.0531231954219539e-04
-1.0475426566892374e-04
-1.0421778530400125e-04
-1.0367080554684105e-04
-1.0305064938175972e-04
-1.0247564754564056e-04
-1.0189761759501203e-04
-1.0126328219237316e-04
-1.0067672589777042e-04
-1.0009403541870692e-04
-9.9416994751945934e-05
-9.8831196829726796e-05
-9.8226513635111783e-05
-9.7569919475145626e-05
-9.6985550588117803e-05
-9.6365591627215605e-05
-9.5712943186747326e-05
-9.5125406339010082e-05
-9.4485170003318512e-05
-9.3869046446000100e-05
-9.3291900639934524e-05
-9.2624902161476993e-05
-9.2037872877083547e-05
-9.1449234816306751e-05
-9.0771663767060320e-05
-9.0226631678232548e-05
-8.9608790489566234e-05
-8.8980306466065014e-05
-8.8434928428189242e-05
-8.7765485543805260e-05
-8.7202857802804059e-05
-8.6633429697433717e-05
-8.5988117475978358e-05
-8.5452672367790358e-05
-8.4830611729143224e-05
-8.4240900474678295e-05
-8.3699892228531969e-05
-8.3062626991735358e-05
-8.2531839925753203e-05
-8.1930820317518675e-05
-8.1363090374307552e-05
-8.0800835832772649e-05
-8.0204843245338539e-05
-7.9679488929104581e-05
-7.9061477531921443e-05
-7.8544674885472267e-05
-7.7965291171996497e-05
-7.7393390925911592e-05
-7.6885637868184101e-05
-7.6257727822990080e-05
-7.5774141131165250e-05
-7.5173719305126293e-05
-7.4654574081986356e-05
-7.4103550576636710e-05
-7.3550571834028072e-05
-7.3021207974606752e-05
-7.2461642817108919e-05
-7.1960826009750449e-05
-7.1370087576926047e-05
-7.0896504806238593e-05
-7.0306839898682342e-05
-6.9813505977251285e-05
-6.9263277811563688e-05
-6.8740209914823909e-05
-6.8218753102706800e-05
-6.7689069786228346e-05
-6.7175678198844136e-05
-6.6642558117898485e-05
-6.6140266675583472e-05
-6.5587909824922007e-05
-6.5119299307048490e-05
-6.4544979314298597e-05
-6.4091463295230366e-05
-6.3523787718365398e-05
-6.3064342363407716e-05
-6.2504091129134644e-05
-6.2045509368494574e-05
-6.1478280009599949e-05
-6.1036984333294307e-05
-6.0463252609104018e-05
-6.0023944479793234e-05
-5.9462382980652468e-05
-5.9013813936943410e-05
-5.8460889416552187e-05
-5.8007426991727216e-05
-5.7455289302066500e-05
-5.7010803768875396e-05
-5.6457599752265495e-05
-5.6004847959234534e-05
-5.5477483955597837e-05
-5.4999065698438321e-05
-5.4499109940950659e-05
-5.4001593311591765e-05
-5.3510072789946468e-05
-5.3008816309539094e-05
-5.2525966011536411e-05
-5.2013433341890805e-05
-5.1553050670432584e-05
-5.1014022320036393e-05
-5.0569553914607585e-05
-5.0030393306145804e-05
-4.9572333449378541e-05
-4.9060557898980175e-05
-4.8568530102323582e-05
-4.8093356023491004e-05
-4.7567115972134132e-05
-4.7118736622872778e-05
-4.6573423178988829e-05
-4.6113998765033003e-05
-4.5604465013939504e-05
-4.5113508349326440e-05
-4.4630073724887372e-05
-4.4112271618325644e-05
-4.3653320712465642e-05
-4.3109699189167071e-05
-4.2641724308790910e-05
-4.2132200121055722e-05
-4.1628350419063492e-05
-4.1153427949002601e-05
-4.0609674877641913e-05
-4.0134257748259638e-05
-3.9624034999793691e-05
-3.9110772123576342e-05
-3.8629700177771576e-05
-3.8079115022797594e-05
0.0000000000000000e+00
];
