%Vec Object:dSdr_b_aug_1390 1 MPI processes
%  type: seq
dSdr_b_aug_1390 = [
2.4405763933231510e+03
0.0000000000000000e+00
-1.9820670608863886e-06
-8.1109112724432364e-07
-4.9638706165226174e-07
-3.4940018768976665e-07
-2.6223915654695422e-07
-2.0841822738520952e-07
-1.7194029121544216e-07
-1.4431714282218576e-07
-1.2381148410535775e-07
-1.0809879881482152e-07
-9.5284994480113416e-08
-8.4903035322088762e-08
-7.6393046452751653e-08
-6.9215627057576680e-08
-6.3081028310122839e-08
-5.7847466303697070e-08
-5.3322666315066200e-08
-4.9329079596472839e-08
-4.5830519478654815e-08
-4.2745129045222402e-08
-3.9970662435222700e-08
-3.7501636500991471e-08
-6.7295731370081638e-08
-4.1129094675536622e-05
-5.0656144177664152e-04
-5.0941649449179718e-04
-4.6805988071806402e-04
-4.2179804493761551e-04
-3.8099096165310372e-04
-3.4179889253484869e-04
-3.0482779907659968e-04
-2.6585866068916636e-04
-2.3417245520386602e-04
-2.0660362377619671e-04
-1.8249276564360738e-04
-1.5972028401860179e-04
-1.4247131115332755e-04
-1.2938513957434729e-04
-1.1904013026229201e-04
-1.1068869431694711e-04
-1.0546822756396867e-04
-1.0226325948793970e-04
-1.0048682266469983e-04
-1.0002166793054344e-04
-1.0047318026857380e-04
-1.0146471984537365e-04
-1.0292174226018252e-04
-1.0489526336166692e-04
-1.0663015234339116e-04
-1.0845263623902377e-04
-1.1030218564217392e-04
-1.1207418340737131e-04
-1.1355219829993436e-04
-1.1486427364654857e-04
-1.1611005883042538e-04
-1.1710390654755372e-04
-1.1790680072518336e-04
-1.1853504518651008e-04
-1.1908551821395091e-04
-1.1942407312364252e-04
-1.1959436784487283e-04
-1.1970177794812874e-04
-1.1971348726066123e-04
-1.1958655436084178e-04
-1.1938990677882936e-04
-1.1913121756206596e-04
-1.1878600935120222e-04
-1.1837922573598967e-04
-1.1794727035708846e-04
-1.1747049471456312e-04
-1.1695948391727362e-04
-1.1637058637443753e-04
-1.1580371863274851e-04
-1.1521007261575787e-04
-1.1455521715007919e-04
-1.1393699757566553e-04
-1.1330858689292088e-04
-1.1258924855877456e-04
-1.1193227101436729e-04
-1.1127136421598822e-04
-1.1054065009737522e-04
-1.0987257021668024e-04
-1.0920776752469128e-04
-1.0843345846535702e-04
-1.0776646483351926e-04
-1.0707862042126813e-04
-1.0632878327357111e-04
-1.0566456561852131e-04
-1.0496013671611157e-04
-1.0421645145976525e-04
-1.0354975246437136e-04
-1.0282268280851748e-04
-1.0212113439670913e-04
-1.0146618501469410e-04
-1.0070953111949519e-04
-1.0004049176225540e-04
-9.9373846133760969e-05
-9.8604939198570634e-05
-9.7983012569157060e-05
-9.7284270248505132e-05
-9.6569792248013723e-05
-9.5948564117216627e-05
-9.5191442768363088e-05
-9.4550307616888770e-05
-9.3903288290161354e-05
-9.3171903837188476e-05
-9.2562022625085412e-05
-9.1855410800040910e-05
-9.1186110442583780e-05
-9.0570287905209271e-05
-8.9845792357086198e-05
-8.9242952874990226e-05
-8.8558420546272422e-05
-8.7913372436704696e-05
-8.7274408453302354e-05
-8.6595449416863852e-05
-8.5997900988525524e-05
-8.5295351230546291e-05
-8.4704842978264728e-05
-8.4046995052805209e-05
-8.3395576733418344e-05
-8.2814340506252138e-05
-8.2102434638275926e-05
-8.1548359417624148e-05
-8.0864246626672105e-05
-8.0273603034809637e-05
-7.9641840388187512e-05
-7.9012669513630159e-05
-7.8407957383590615e-05
-7.7767889113970290e-05
-7.7196238347680593e-05
-7.6520847269995041e-05
-7.5978358985939821e-05
-7.5304749872446848e-05
-7.4739674960508048e-05
-7.4109825826085106e-05
-7.3511467322172951e-05
-7.2913440716256673e-05
-7.2306191656180518e-05
-7.1718552292608653e-05
-7.1105224396667715e-05
-7.0530116720469096e-05
-6.9896177920675652e-05
-6.9355659117074738e-05
-6.8698931561537354e-05
-6.8174195739965931e-05
-6.7523231263591580e-05
-6.6994382641975847e-05
-6.6347917240144956e-05
-6.5820542071668277e-05
-6.5166691618394844e-05
-6.4656884791074201e-05
-6.3995978375229600e-05
-6.3487659360547970e-05
-6.2839783600858218e-05
-6.2321387346643531e-05
-6.1682178851850861e-05
-6.1157234075237286e-05
-6.0519623555372966e-05
-6.0002076221771271e-05
-5.9364467138612348e-05
-5.8837346320093221e-05
-5.8225851830429340e-05
-5.7671631731439279e-05
-5.7088748752900474e-05
-5.6512688519687347e-05
-5.5939904401494112e-05
-5.5357091095715442e-05
-5.4795034693539579e-05
-5.4197721495695839e-05
-5.3660748545276691e-05
-5.3032625516752663e-05
-5.2513150323942777e-05
-5.1884700064137722e-05
-5.1348958711367181e-05
-5.0750530577401540e-05
-5.0176115983113415e-05
-4.9617643215244253e-05
-4.9004058756479283e-05
-4.8476383963023521e-05
-4.7837981642372711e-05
-4.7299448693546838e-05
-4.6699119423518534e-05
-4.6123935045557067e-05
-4.5554472712402348e-05
-4.4945805658919032e-05
-4.4404878337447042e-05
-4.3764794342184182e-05
-4.3213032914253450e-05
-4.2612583823709617e-05
-4.2017829115764625e-05
-4.1457320756644898e-05
-4.0814699491553207e-05
-4.0253161748067247e-05
-3.9649853181042890e-05
-3.9042111134239374e-05
-3.8475495825370074e-05
-3.7830594555258666e-05
0.0000000000000000e+00
];
