%Vec Object:dSdr_b_aug_6980 1 MPI processes
%  type: seq
dSdr_b_aug_6980 = [
2.3023266300738919e+03
0.0000000000000000e+00
-7.5913464239092683e-07
-3.1400171106791869e-07
-1.9544246705763057e-07
-1.3893884131579265e-07
-1.0424912628613357e-07
-8.2798162893426282e-08
-6.8258101236898410e-08
-5.7323834091581306e-08
-4.9203372694250624e-08
-4.2977684451898524e-08
-3.7908584696361977e-08
-3.3801785187222586e-08
-3.0434569929865728e-08
-2.7594959707244278e-08
-2.5168317863549460e-08
-2.3111080192012539e-08
-2.4130020212792812e-06
-7.3113236781719077e-04
-7.4909060900723624e-04
-7.1024915021846867e-04
-6.7186291443759407e-04
-6.3362167353730927e-04
-5.9117290104790431e-04
-5.5019484143049716e-04
-5.1090497092864148e-04
-4.7122190632846846e-04
-4.3050209546692362e-04
-3.8697708971578866e-04
-3.4867433853077160e-04
-3.1185802125827491e-04
-2.7710015775585516e-04
-2.4044033734481600e-04
-2.1062063171845791e-04
-1.8466534493848187e-04
-1.6196154709727503e-04
-1.4052024825512746e-04
-1.2428043970000695e-04
-1.1196403789739296e-04
-1.0224318941588139e-04
-9.4409702196132821e-05
-8.9532328657717573e-05
-8.6563508837413534e-05
-8.4948235963938873e-05
-8.4580711318320794e-05
-8.5080452737602486e-05
-8.6093052234344675e-05
-8.7548300781521186e-05
-8.9509253636012895e-05
-9.1235098761073243e-05
-9.3043460576626232e-05
-9.4885589001116581e-05
-9.6659870465624871e-05
-9.8147452581620286e-05
-9.9480748610076519e-05
-1.0076272041892025e-04
-1.0179811799808173e-04
-1.0264943960151143e-04
-1.0333901615827575e-04
-1.0396140114017916e-04
-1.0437311799063085e-04
-1.0462478493874674e-04
-1.0482994377025592e-04
-1.0493118896207766e-04
-1.0489932292669711e-04
-1.0480810358771218e-04
-1.0465813180282958e-04
-1.0441837321709902e-04
-1.0412302246702624e-04
-1.0380981313790873e-04
-1.0344273960151240e-04
-1.0304191448107973e-04
-1.0258361629262235e-04
-1.0212932811935521e-04
-1.0164758133766386e-04
-1.0112536913554057e-04
-1.0061915344919886e-04
-1.0010232422748034e-04
-9.9518891173515793e-05
-9.8974241589304773e-05
-9.8426897548241089e-05
-9.7828247257002076e-05
-9.7271875817880470e-05
-9.6719588140494958e-05
-9.6078562002417840e-05
-9.5522827541391273e-05
-9.4948935557980370e-05
-9.4326865485627493e-05
-9.3772061345789582e-05
-9.3183378168808557e-05
-9.2564436963298895e-05
-9.2006210639040918e-05
-9.1398125155295207e-05
-9.0813630961658626e-05
-9.0265292671059958e-05
-8.9631489969587495e-05
-8.9074825698809505e-05
-8.8515070685135495e-05
-8.7871317624779532e-05
-8.7354756474875624e-05
-8.6766869724790209e-05
-8.6170225835255671e-05
-8.5652932058400728e-05
-8.5015953007157061e-05
-8.4482393426512948e-05
-8.3941694253979949e-05
-8.3328251143726989e-05
-8.2820366756207052e-05
-8.2229612047794446e-05
-8.1669369464164348e-05
-8.1156061968147580e-05
-8.0551094636279385e-05
-8.0046985710546537e-05
-7.9476887533693182e-05
-7.8937785428149541e-05
-7.8403933338859922e-05
-7.7838659923086428e-05
-7.7340036215377338e-05
-7.6753326007786944e-05
-7.6263813616908775e-05
-7.5713482081401408e-05
-7.5171024216997293e-05
-7.4690479058672714e-05
-7.4093669328535153e-05
-7.3636181743427624e-05
-7.3066747358101845e-05
-7.2574075147826492e-05
-7.2052946143903303e-05
-7.1528178329145637e-05
-7.1026712951086237e-05
-7.0496954907645087e-05
-7.0022365116542674e-05
-6.9462970207199905e-05
-6.9014900430294657e-05
-6.8456316743520813e-05
-6.7989545683553833e-05
-6.7468798021769202e-05
-6.6973607271991330e-05
-6.6480501240881687e-05
-6.5979537468528572e-05
-6.5493636917861162e-05
-6.4990214640044615e-05
-6.4514884197956889e-05
-6.3992733944176301e-05
-6.3550748256368785e-05
-6.3006940560287166e-05
-6.2579794461715285e-05
-6.2042957513927494e-05
-6.1609209498620518e-05
-6.1080880012784328e-05
-6.0647769796345046e-05
-6.0112612866747318e-05
-5.9696684238272025e-05
-5.9155229932206540e-05
-5.8741473897041562e-05
-5.8211871248977093e-05
-5.7789156569415627e-05
-5.7268179705118700e-05
-5.6841184497381674e-05
-5.6320694152563435e-05
-5.5903260667033236e-05
-5.5381308672674149e-05
-5.4956092970246079e-05
-5.4459879354837991e-05
-5.4009527740188529e-05
-5.3540276889335115e-05
-5.3071842112705503e-05
-5.2610410573943353e-05
-5.2139351677706382e-05
-5.1685828618435528e-05
-5.1204687212947639e-05
-5.0772663324233663e-05
-5.0266623689426428e-05
-4.9849927867034430e-05
-4.9343828287183678e-05
-4.8914531491921105e-05
-4.8434840730582284e-05
-4.7973318374864805e-05
-4.7528987493937576e-05
-4.7035088761774358e-05
-4.6616070687053110e-05
-4.6105225905028956e-05
-4.5675094039868536e-05
-4.5199180399691854e-05
-4.4739412461688461e-05
-4.4287833560748940e-05
-4.3803678922132781e-05
-4.3375085321817046e-05
-4.2867186018738480e-05
-4.2430241714362873e-05
-4.1954393765455238e-05
-4.1484216856265114e-05
-4.1041003936529463e-05
-4.0533889057350803e-05
-4.0090409811148562e-05
-3.9614745276711076e-05
-3.9136660333911357e-05
-3.8687811816221632e-05
-3.8175068808665782e-05
0.0000000000000000e+00
];
