%Vec Object:dSdr_b_aug_8190 1 MPI processes
%  type: seq
dSdr_b_aug_8190 = [
2.2920445533584216e+03
0.0000000000000000e+00
-7.0940684441082992e-07
-2.9325678924014831e-07
-1.8247662803287340e-07
-1.2962338617772783e-07
-9.7122773640143177e-08
-7.7025227480054341e-08
-6.3403604001943262e-08
-5.3169695700695291e-08
-4.5569919387679510e-08
-3.9743443618291210e-08
-3.5002012296240636e-08
-3.1161360707294103e-08
-2.8012513944793666e-08
-2.5357761723029446e-08
-2.3089825003557612e-08
-2.3016966742405213e-08
-1.4531594841876160e-04
-7.8300197255094881e-04
-7.4262787436713213e-04
-7.0377910290414145e-04
-6.6571592477762437e-04
-6.2779336597643229e-04
-5.8569507890562271e-04
-5.4504580162378707e-04
-5.0606420374614991e-04
-4.6668840145388949e-04
-4.2627814969312973e-04
-3.8307516681875534e-04
-3.4505419951160219e-04
-3.0850413401142351e-04
-2.7399420554603235e-04
-2.3759306954963043e-04
-2.0798244313203300e-04
-1.8220789999317310e-04
-1.5966171606105148e-04
-1.3836953173855930e-04
-1.2224276646411830e-04
-1.1001259177328270e-04
-1.0036165976551832e-04
-9.2586191488381491e-05
-8.7747249988273841e-05
-8.4804882533604312e-05
-8.3207662538179705e-05
-8.2851073924153511e-05
-8.3356217646747609e-05
-8.4371176056387265e-05
-8.5826225761179541e-05
-8.7785770628443356e-05
-8.9510602567773241e-05
-9.1317382360240766e-05
-9.3158679402060738e-05
-9.4933216574931715e-05
-9.6421870282129934e-05
-9.7757543286897274e-05
-9.9043568509365811e-05
-1.0008362027839908e-04
-1.0094036647725176e-04
-1.0163681316951747e-04
-1.0226725340777145e-04
-1.0268716553818573e-04
-1.0294794745661535e-04
-1.0316405569817729e-04
-1.0327533032911179e-04
-1.0325411329683221e-04
-1.0317470360791917e-04
-1.0303690991802742e-04
-1.0280896338159746e-04
-1.0252609490365607e-04
-1.0222618704494414e-04
-1.0187140191035056e-04
-1.0148291936145322e-04
-1.0103925041260388e-04
-1.0059757296843957e-04
-1.0012836070840531e-04
-9.9621006701143086e-05
-9.9127337261438708e-05
-9.8623006969221296e-05
-9.8054797512285574e-05
-9.7522730478932028e-05
-9.6988107307527271e-05
-9.6404250310075043e-05
-9.5860392027976928e-05
-9.5320707858251685e-05
-9.4694611574687429e-05
-9.4151339947053458e-05
-9.3590212487187083e-05
-9.2982454405897674e-05
-9.2439906357761440e-05
-9.1864188584433402e-05
-9.1259220743234267e-05
-9.0713145122010611e-05
-9.0118387802593091e-05
-8.9547005590365412e-05
-8.9010609480769012e-05
-8.8390568118595895e-05
-8.7846491691220995e-05
-8.7298710170720194e-05
-8.6668976388756485e-05
-8.6164217892205496e-05
-8.5588748784326936e-05
-8.5005304256454751e-05
-8.4499652840823602e-05
-8.3876131706715285e-05
-8.3354622363579511e-05
-8.2825832801696047e-05
-8.2225601066202432e-05
-8.1729142005819460e-05
-8.1151365205178581e-05
-8.0603338891513865e-05
-8.0101514772319251e-05
-7.9509936572341532e-05
-7.9016887099566199e-05
-7.8459607436763231e-05
-7.7932373033443380e-05
-7.7410295212722289e-05
-7.6857756464141516e-05
-7.6370213960810890e-05
-7.5796479696617095e-05
-7.5318280512845035e-05
-7.4779992591070721e-05
-7.4249740099612577e-05
-7.3780474007966790e-05
-7.3196556949386399e-05
-7.2749888779819372e-05
-7.2193300274195541e-05
-7.1711602483089776e-05
-7.1202866279895121e-05
-7.0689793339334615e-05
-7.0199893310483443e-05
-6.9682491842086239e-05
-6.9218774493042901e-05
-6.8672373079205315e-05
-6.8234879746042654e-05
-6.7689180817744141e-05
-6.7233421425808501e-05
-6.6724894944051273e-05
-6.6241260701587778e-05
-6.5759907523374380e-05
-6.5270849475416567e-05
-6.4796345370665072e-05
-6.4305234356163655e-05
-6.3841080633567763e-05
-6.3331452565138570e-05
-6.2900504238156218e-05
-6.2369345456767656e-05
-6.1953131046772685e-05
-6.1429078296277825e-05
-6.1005983151972095e-05
-6.0490886872859851e-05
-6.0068335925035037e-05
-5.9546474668586591e-05
-5.9141061991363914e-05
-5.8612988338813460e-05
-5.8209824967814091e-05
-5.7693470912979426e-05
-5.7281474206325990e-05
-5.6773741296812014e-05
-5.6357718123440822e-05
-5.5850347242003871e-05
-5.5444128236156536e-05
-5.4935131827527947e-05
-5.4521331269124316e-05
-5.4038031111085069e-05
-5.3599314586185585e-05
-5.3142792523020470e-05
-5.2686413698430551e-05
-5.2237455621983875e-05
-5.1778915212730272e-05
-5.1337549842194026e-05
-5.0869421774388415e-05
-5.0449154110194825e-05
-4.9956790050336785e-05
-4.9551607456297070e-05
-4.9059213444671232e-05
-4.8641840499741838e-05
-4.8175450626314541e-05
-4.7726574451222366e-05
-4.7295029783876219e-05
-4.6814538332766883e-05
-4.6407692179595723e-05
-4.5911136621416913e-05
-4.5493148249088379e-05
-4.5031172140227213e-05
-4.4584333853446541e-05
-4.4145961175761228e-05
-4.3675755620013003e-05
-4.3259747278049025e-05
-4.2766657429883106e-05
-4.2342577876608729e-05
-4.1880691772460223e-05
-4.1424475776243444e-05
-4.0994410692362057e-05
-4.0502488176395066e-05
-4.0072255252781861e-05
-3.9610928514699923e-05
-3.9147451330345265e-05
-3.8712030260285879e-05
-3.8215341117524966e-05
0.0000000000000000e+00
];
