%Vec Object:dSdr_b_aug_8310 1 MPI processes
%  type: seq
dSdr_b_aug_8310 = [
2.2901414349523493e+03
0.0000000000000000e+00
-6.9974527090330680e-07
-2.8886723747770414e-07
-1.7949810803528406e-07
-1.2731319144296454e-07
-9.5230926757429763e-08
-7.5393420577775673e-08
-6.1949185754509173e-08
-5.1855304510203567e-08
-4.4360271674650670e-08
-3.8614215772620941e-08
-3.3940723183291352e-08
-3.0155797936549620e-08
-2.7052781928397096e-08
-2.4437398094882639e-08
-2.2203857856611456e-08
-2.5062849847088688e-08
-2.3079984850731162e-04
-7.8285086991110222e-04
-7.4201657497362987e-04
-7.0319515310756698e-04
-6.6516138799274031e-04
-6.2726758193442853e-04
-5.8520091295665051e-04
-5.4458129581389436e-04
-5.0562750784871266e-04
-4.6627942432278383e-04
-4.2589709852330573e-04
-3.8272316598785607e-04
-3.4472761897799161e-04
-3.0820157258998050e-04
-2.7371401084497828e-04
-2.3733621128590405e-04
-2.0774444632103313e-04
-1.8198620842567421e-04
-1.5945424315645337e-04
-1.3817551084094242e-04
-1.2205894339885901e-04
-1.0983654740497723e-04
-1.0019192268328708e-04
-9.2421688395456553e-05
-8.7586213930840908e-05
-8.4646232809751772e-05
-8.3050641415760091e-05
-8.2695039380340562e-05
-8.3200670473733881e-05
-8.4215841703784964e-05
-8.5670873488542142e-05
-8.7630291356179322e-05
-8.9355031910008301e-05
-9.1161669000161465e-05
-9.3002891055524940e-05
-9.4777451309577509e-05
-9.6266201699222960e-05
-9.7602089146987838e-05
-9.8888480046515714e-05
-9.9928951689052443e-05
-1.0078618726052399e-04
-1.0148325372983381e-04
-1.0211442065690428e-04
-1.0253507210734338e-04
-1.0279667631244608e-04
-1.0301377232890337e-04
-1.0312595174190375e-04
-1.0310569538343302e-04
-1.0302735107236674e-04
-1.0289065599827070e-04
-1.0266377505560820e-04
-1.0238203263338678e-04
-1.0208332473177320e-04
-1.0172964816308561e-04
-1.0134227906664847e-04
-1.0089992985511844e-04
-1.0045939005416748e-04
-9.9991308562387445e-05
-9.9485294946522596e-05
-9.8992757332562050e-05
-9.8489554597349001e-05
-9.7922718495157253e-05
-9.7391786562305051e-05
-9.6858310969295886e-05
-9.6275788507770059e-05
-9.5733059065744564e-05
-9.5194511886691153e-05
-9.4569762458222178e-05
-9.4027615130639581e-05
-9.3467639186800336e-05
-9.2861172221686122e-05
-9.2319729822794357e-05
-9.1745181687127715e-05
-9.1141474413717214e-05
-9.0596494934259847e-05
-9.0002939977715100e-05
-8.9432740625990163e-05
-8.8897421846800397e-05
-8.8278621924950596e-05
-8.7735681074434439e-05
-8.7188979708927204e-05
-8.6560510636350625e-05
-8.6056816882927787e-05
-8.5482467995879957e-05
-8.4900214207681856e-05
-8.4395613071491042e-05
-8.3773306001749153e-05
-8.3252883733326218e-05
-8.2725168559852957e-05
-8.2126128647492242e-05
-8.1630700287233003e-05
-8.1054094248090723e-05
-8.0507169986978642e-05
-8.0006381804509035e-05
-7.9416011463223464e-05
-7.8923959684010120e-05
-7.8367836403150695e-05
-7.7841672607059122e-05
-7.7320656964653656e-05
-7.6769267033811075e-05
-7.6282724185912557e-05
-7.5710160505304568e-05
-7.5232981906228229e-05
-7.4695780460505443e-05
-7.4166629037657054e-05
-7.3698380450551229e-05
-7.3115626462919348e-05
-7.2669934331643607e-05
-7.2114504675574275e-05
-7.1633796905674028e-05
-7.1126178678662045e-05
-7.0614160752730841e-05
-7.0125304053685208e-05
-6.9609017293024032e-05
-6.9146280764931410e-05
-6.8601051516376454e-05
-6.8164512301243833e-05
-6.7619975728456925e-05
-6.7165209716628772e-05
-6.6657785727261733e-05
-6.6175194015491318e-05
-6.5694901080499222e-05
-6.5206917066351635e-05
-6.4733441052099104e-05
-6.4243440655373872e-05
-6.3780295200755797e-05
-6.3271796777154168e-05
-6.2841844145715057e-05
-6.2311826440911020e-05
-6.1896598192851446e-05
-6.1373698722267189e-05
-6.0951564586303490e-05
-6.0437662092271041e-05
-6.0016063707752408e-05
-5.9495401870515325e-05
-5.9090937847746300e-05
-5.8564071279372226e-05
-5.8161863481937463e-05
-5.7646704596413987e-05
-5.7235674766075192e-05
-5.6729136605728816e-05
-5.6314103226211978e-05
-5.5807915861249134e-05
-5.5402708518548955e-05
-5.4894880840145811e-05
-5.4482110044509168e-05
-5.3999974813306122e-05
-5.3562307889508369e-05
-5.3106934090180939e-05
-5.2651642829381225e-05
-5.2203809978813996e-05
-5.1746398854438222e-05
-5.1306130217455755e-05
-5.0839176069436116e-05
-5.0419968914643043e-05
-4.9928838507725887e-05
-4.9524694492385213e-05
-4.9033536828269578e-05
-4.8617239492163587e-05
-4.8152049444420945e-05
-4.7704314023169036e-05
-4.7273922731283254e-05
-4.6794640669275911e-05
-4.6388892445682096e-05
-4.5893625802087508e-05
-4.5476732750415428e-05
-4.5016013774936443e-05
-4.4570341660370462e-05
-4.4133160055866665e-05
-4.3664212522618875e-05
-4.3249339085202122e-05
-4.2757584670010341e-05
-4.2334664950746163e-05
-4.1874037408121677e-05
-4.1419079522976797e-05
-4.0990198618290792e-05
-4.0499643718637998e-05
-4.0070601010480561e-05
-3.9610559060132500e-05
-3.9148381236359964e-05
-3.8714119607967338e-05
-3.8218602601593136e-05
0.0000000000000000e+00
];
