%Vec Object:dSdr_b_aug_9800 1 MPI processes
%  type: seq
dSdr_b_aug_9800 = [
2.2742687004048285e+03
0.0000000000000000e+00
-6.3477926688518046e-07
-2.6311183071945740e-07
-1.6426336108141340e-07
-1.1700629146860088e-07
-8.7828581685564050e-08
-6.9781182275394968e-08
-5.7547651633592329e-08
-4.8357255413362090e-08
-4.1531083433241424e-08
-3.6297073661052548e-08
-3.2036014280233182e-08
-2.8583680287222765e-08
-2.5752841095261026e-08
-2.3365402051422368e-08
-2.1357815650944475e-08
-1.2646012053540692e-05
-8.0763365193496867e-04
-7.7702115670965819e-04
-7.3521736759812059e-04
-6.9672721619382257e-04
-6.5901950235187185e-04
-6.2144415706156945e-04
-5.7972768075586101e-04
-5.3943657050722438e-04
-5.0079079688804913e-04
-4.6174971824370378e-04
-4.2167669220193261e-04
-3.7882451276641910e-04
-3.4111051356779072e-04
-3.0485049590248776e-04
-2.7061066149192440e-04
-2.3449132965169161e-04
-2.0510846908608740e-04
-1.7953082384675499e-04
-1.5715634083278844e-04
-1.3602659808782897e-04
-1.2002297896463589e-04
-1.0788673759581245e-04
-9.8311970543631601e-05
-9.0599706372302777e-05
-8.5802631677728234e-05
-8.2889080735524181e-05
-8.1311527065132798e-05
-8.0966851864146223e-05
-8.1477880698071158e-05
-8.2495408828399847e-05
-8.3950241900749087e-05
-8.5908252925002832e-05
-8.7631981109550375e-05
-8.9437037471320566e-05
-9.1277428811979550e-05
-9.3052244533637401e-05
-9.4542065592663561e-05
-9.5880328003316982e-05
-9.7170768899555428e-05
-9.8215890814010902e-05
-9.9078546418767969e-05
-9.9782477251270270e-05
-1.0042169267113079e-04
-1.0085053252145346e-04
-1.0112124404745379e-04
-1.0134928028836888e-04
-1.0147148072628601e-04
-1.0146186443845542e-04
-1.0139531987300189e-04
-1.0127079268150416e-04
-1.0105571388289923e-04
-1.0078644326664139e-04
-1.0050102568329514e-04
-1.0015962721360667e-04
-9.9784590340535847e-05
-9.9356858105231771e-05
-9.8928918461352558e-05
-9.8473360983554128e-05
-9.7982193107976385e-05
-9.7502191223655795e-05
-9.7011476940267834e-05
-9.6459851675352468e-05
-9.5941491746613734e-05
-9.5420726360468359e-05
-9.4852984794058047e-05
-9.4322758020980806e-05
-9.3796803785504038e-05
-9.3186971698983631e-05
-9.2657276759279276e-05
-9.2110054640540286e-05
-9.1517887671959969e-05
-9.0988691092652618e-05
-9.0427097494505951e-05
-8.9837351874918147e-05
-8.9304512915235618e-05
-8.8724274953317587e-05
-8.8167176594137477e-05
-8.7643789987553903e-05
-8.7038739872720154e-05
-8.6508376316580307e-05
-8.5973638409766917e-05
-8.5359176867240682e-05
-8.4867275875969705e-05
-8.4305334227951359e-05
-8.3736268746457623e-05
-8.3243300220697846e-05
-8.2634439796584576e-05
-8.2126057673558562e-05
-8.1610242136415545e-05
-8.1024402534134892e-05
-8.0540389932660594e-05
-7.9976750932309602e-05
-7.9442032710449152e-05
-7.8952718288079419e-05
-7.8375725865716391e-05
-7.7894724278210835e-05
-7.7351408776346294e-05
-7.6837102744354687e-05
-7.6327851510814377e-05
-7.5789185582890027e-05
-7.5313714660481742e-05
-7.4754116057334935e-05
-7.4288241192226040e-05
-7.3763073275596980e-05
-7.3246117005855088e-05
-7.2789138041392143e-05
-7.2219265929920521e-05
-7.1784384155811182e-05
-7.1241789623610372e-05
-7.0772047085095947e-05
-7.0276811283055536e-05
-6.9776478440297719e-05
-6.9299177408283066e-05
-6.8795236877913858e-05
-6.8343363690734137e-05
-6.7811117060049417e-05
-6.7385145436074282e-05
-6.6853482835678901e-05
-6.6409719275352123e-05
-6.5914506236641846e-05
-6.5443461359853780e-05
-6.4974911441476605e-05
-6.4498823187835542e-05
-6.4036734082605055e-05
-6.3559034646566478e-05
-6.3107056559675933e-05
-6.2611069843141837e-05
-6.2192145338434040e-05
-6.1674765965118161e-05
-6.1270460261512308e-05
-6.0760334293046865e-05
-6.0348844118935312e-05
-5.9848163761897557e-05
-5.9437115817012319e-05
-5.8929738532819987e-05
-5.8535781670444627e-05
-5.8022284566367440e-05
-5.7630660580364872e-05
-5.7128739212045721e-05
-5.6728418399617703e-05
-5.6235113124871727e-05
-5.5831042615113391e-05
-5.5337963752270171e-05
-5.4943961525258495e-05
-5.4449078612844729e-05
-5.4047713433872790e-05
-5.3578480880609503e-05
-5.3152439340812972e-05
-5.2709783710545556e-05
-5.2266538350644212e-05
-5.1831168565458533e-05
-5.1386265498189120e-05
-5.0958144427327264e-05
-5.0504192783705405e-05
-5.0096732079569867e-05
-4.9619265874284903e-05
-4.9226625533159504e-05
-4.8749162057817080e-05
-4.8344778695931863e-05
-4.7892878520742619e-05
-4.7457778829122576e-05
-4.7040163201145073e-05
-4.6574277374109851e-05
-4.6180691086620928e-05
-4.5699701943221766e-05
-4.5294942497299779e-05
-4.4848149715451640e-05
-4.4415396822970961e-05
-4.3991410863163600e-05
-4.3536401321665900e-05
-4.3134103335250700e-05
-4.2657146905818011e-05
-4.2247082369656266e-05
-4.1800406589514979e-05
-4.1359400143873990e-05
-4.0943659247981703e-05
-4.0468288831686500e-05
-4.0052489241943875e-05
-3.9606787381966058e-05
-3.9159235470009833e-05
-3.8738475319671962e-05
-3.8259451216050906e-05
0.0000000000000000e+00
];
