%Vec Object:dSdr_b_aug_150 1 MPI processes
%  type: seq
dSdr_b_aug_150 = [
2.6170943075868422e+03
0.0000000000000000e+00
-8.0645526047841156e-06
-3.2352197748895886e-06
-1.9225349970193098e-06
-1.3319269234607379e-06
-1.0002788125453727e-06
-7.9602883100793094e-07
-6.5763933926905741e-07
-5.5149077251553720e-07
-4.7274429856356645e-07
-4.1245147562935672e-07
-3.6316284224650984e-07
-3.2322300963049259e-07
-2.9049677127467203e-07
-2.6289080878470113e-07
-2.3929072568617335e-07
-2.1916202227369836e-07
-2.0176278292269306e-07
-1.8640700291467429e-07
-1.7295733180522757e-07
-1.6109824638094264e-07
-1.5043699497578679e-07
-1.4090725788907253e-07
-1.3235872032078781e-07
-1.2460157568059845e-07
-1.1754784529486558e-07
-1.1113731590004333e-07
-1.0527242319517155e-07
-9.9871951334482687e-08
-9.4913429628733742e-08
-9.0344555067145168e-08
-8.6096989562977993e-08
-8.2164704889205334e-08
-7.8515818383375954e-08
-7.5103870603470000e-08
-7.1920846875304561e-08
-6.8948646067894380e-08
-6.6160376561492469e-08
-6.3550330429982355e-08
-6.1130722571354670e-08
-5.8953316968484449e-08
-5.7227416727689691e-08
-5.6637657473880411e-08
-5.9357870211199016e-08
-7.2955541461035200e-08
-1.2537117299069694e-07
-3.1113562951166867e-07
-9.1582146551839287e-07
-2.7891280384685409e-06
-8.2020011141314248e-06
-2.1680476646011159e-05
-4.6241734001093826e-05
-7.5305440149152909e-05
-9.8738692461691939e-05
-1.1410751369985594e-04
-1.2355942408376762e-04
-1.2919705720741998e-04
-1.3258541231224222e-04
-1.3461933217162681e-04
-1.3590791296274322e-04
-1.3661920632849781e-04
-1.3694936374997611e-04
-1.3708379761007239e-04
-1.3706927669242895e-04
-1.3687454625719244e-04
-1.3657830652926881e-04
-1.3620523138251344e-04
-1.3574338800555525e-04
-1.3520947201362403e-04
-1.3463981990485021e-04
-1.3403493763557991e-04
-1.3339462964349100e-04
-1.3265197571889513e-04
-1.3195243045682157e-04
-1.3122679422265980e-04
-1.3041538390939076e-04
-1.2966494508973576e-04
-1.2890479137518210e-04
-1.2802497119145039e-04
-1.2723534806730134e-04
-1.2644033283142083e-04
-1.2555365840211376e-04
-1.2475365566066578e-04
-1.2395597661077503e-04
-1.2302426440401960e-04
-1.2222587663369682e-04
-1.2140345724341367e-04
-1.2050273035654183e-04
-1.1970929787358576e-04
-1.1886817598301206e-04
-1.1797717099591979e-04
-1.1718236825440328e-04
-1.1631478112062403e-04
-1.1547499439981221e-04
-1.1469413970567620e-04
-1.1379240148065890e-04
-1.1299064975350371e-04
-1.1219776876804347e-04
-1.1128105817167540e-04
-1.1053469735437957e-04
-1.0970503807534773e-04
-1.0885140251894543e-04
-1.0810743201762316e-04
-1.0720842727092857e-04
-1.0644024963612624e-04
-1.0566767046044296e-04
-1.0479700194118602e-04
-1.0406666664178466e-04
-1.0322323220397204e-04
-1.0242513906943533e-04
-1.0168825053432440e-04
-1.0082259701699006e-04
-1.0010316096046902e-04
-9.9283486651504947e-05
-9.8513320826617507e-05
-9.7750224222359962e-05
-9.6937007309486889e-05
-9.6222633188376637e-05
-9.5383281923526399e-05
-9.4673502109515092e-05
-9.3888682148828410e-05
-9.3108586444011222e-05
-9.2408438746726152e-05
-9.1560609571873417e-05
-9.0892469008150347e-05
-9.0072926346099316e-05
-8.9366583387202002e-05
-8.8604167713626794e-05
-8.7851702006131160e-05
-8.7125060669883170e-05
-8.6354721541827148e-05
-8.5668446920961373e-05
-8.4856070249938532e-05
-8.4202078942098265e-05
-8.3392630835284445e-05
-8.2711464631361327e-05
-8.1952772694508100e-05
-8.1232579021413048e-05
-8.0510647336991573e-05
-7.9777881649766626e-05
-7.9070095026997163e-05
-7.8326975286969385e-05
-7.7634037198722180e-05
-7.6868083209065665e-05
-7.6211203567302981e-05
-7.5421125160235822e-05
-7.4781142987307529e-05
-7.3995401853105031e-05
-7.3354246893007032e-05
-7.2568271526640717e-05
-7.1929577401931601e-05
-7.1135559035471915e-05
-7.0514890564754993e-05
-6.9712921031899497e-05
-6.9092932357055027e-05
-6.8305386591806003e-05
-6.7674000482224411e-05
-6.6895171857889860e-05
-6.6254559768008048e-05
-6.5478642790329806e-05
-6.4842873347464036e-05
-6.4068686965731069e-05
-6.3421230030533251e-05
-6.2673604067944484e-05
-6.1996730958518927e-05
-6.1279665495982331e-05
-6.0576517573890705e-05
-5.9872245413484462e-05
-5.9157470969829531e-05
-5.8467258952999663e-05
-5.7732771309861130e-05
-5.7071879459880737e-05
-5.6299605151734405e-05
-5.5658778392465895e-05
-5.4885867107195996e-05
-5.4224452556309743e-05
-5.3485838392629566e-05
-5.2778145581411348e-05
-5.2084924668332630e-05
-5.1330052493418851e-05
-5.0674122837011934e-05
-4.9885155878664517e-05
-4.9218693435200722e-05
-4.8471538876768488e-05
-4.7760177103179768e-05
-4.7051650168469106e-05
-4.6296125042923104e-05
-4.5622766949678900e-05
-4.4826874182322261e-05
-4.4139900932573951e-05
-4.3392816168086234e-05
-4.2651649511909367e-05
-4.1953640558102122e-05
-4.1152557076607305e-05
-4.0454154745253452e-05
-3.9704763415158988e-05
-3.8953846483418927e-05
-3.8276158188144025e-05
-3.7624216040138067e-05
0.0000000000000000e+00
];
