%Vec Object:dSdr_b_aug_9380 1 MPI processes
%  type: seq
dSdr_b_aug_9380 = [
2.2766879190592031e+03
0.0000000000000000e+00
-6.4442921168471518e-07
-2.6705380663068383e-07
-1.6667578487286950e-07
-1.1869963200571395e-07
-8.9091839514553192e-08
-7.0778894833593539e-08
-5.8365451796474876e-08
-4.9039297882236734e-08
-4.2112393399562200e-08
-3.6801210734360731e-08
-3.2477349757398712e-08
-2.8974175043227037e-08
-2.6101677282840855e-08
-2.3679144457804704e-08
-2.1618732314621022e-08
-4.1395294075332822e-06
-7.9294473766208849e-04
-7.7897716271365476e-04
-7.3714416418096430e-04
-6.9855811995319880e-04
-6.6075808932103332e-04
-6.2309259687213375e-04
-5.8127699134529007e-04
-5.4089289048577600e-04
-5.0215992709180335e-04
-4.6303194442248442e-04
-4.2287136474424274e-04
-3.7992810649879939e-04
-3.4213440942128947e-04
-3.0579908687336917e-04
-2.7148912816338391e-04
-2.3529663173820495e-04
-2.0585463626780117e-04
-1.8022587068729248e-04
-1.5780680919202860e-04
-1.3663489191508831e-04
-1.2059930045594374e-04
-1.0843867125510642e-04
-9.8844129558011147e-05
-9.1115455757136374e-05
-8.6307511220310549e-05
-8.3386478673706823e-05
-8.1803819055217031e-05
-8.1456050788891241e-05
-8.1965551680752939e-05
-8.2982412641163656e-05
-8.4437301962136588e-05
-8.6395711221250190e-05
-8.8119725976774059e-05
-8.9925229795254457e-05
-9.1765856285930521e-05
-9.3540599691497160e-05
-9.5030117674927165e-05
-9.6367707803024532e-05
-9.7657002264089947e-05
-9.8700807823218868e-05
-9.9561929175957290e-05
-1.0026391690929340e-04
-1.0090085403785830e-04
-1.0132737599334728e-04
-1.0159550950511455e-04
-1.0182044889089234e-04
-1.0193981267196293e-04
-1.0192718449372749e-04
-1.0185729976811307e-04
-1.0172932820774771e-04
-1.0151090857008203e-04
-1.0123810755324719e-04
-1.0094892787264810e-04
-1.0060405383513037e-04
-1.0022552607322831e-04
-9.9793656202973928e-05
-9.9362149826152802e-05
-9.8903047169282977e-05
-9.8407676902421317e-05
-9.7924126522685307e-05
-9.7429877126842720e-05
-9.6873946122476621e-05
-9.6352027430106853e-05
-9.5827664159214444e-05
-9.5255738557310085e-05
-9.4721972647356337e-05
-9.4192453720923241e-05
-9.3578398974850300e-05
-9.3045179131369122e-05
-9.2494346780873601e-05
-9.1898131905025077e-05
-9.1365468895341747e-05
-9.0800208249685005e-05
-9.0206510497678469e-05
-8.9670234914899193e-05
-8.9086227304567740e-05
-8.8525420440792855e-05
-8.7998656188057823e-05
-8.7389713908401443e-05
-8.6855790091174852e-05
-8.6317665682049828e-05
-8.5699239020921241e-05
-8.5203999846496860e-05
-8.4638546075171340e-05
-8.4065747373274856e-05
-8.3569485998831022e-05
-8.2956819226195815e-05
-8.2445028893367910e-05
-8.1925844920398633e-05
-8.1336268699933203e-05
-8.0849024634096776e-05
-8.0281715047788002e-05
-7.9743541656491604e-05
-7.9250979351312071e-05
-7.8670200034962963e-05
-7.8186070464372970e-05
-7.7639129458324045e-05
-7.7121466843341216e-05
-7.6608885452927975e-05
-7.6066617735372051e-05
-7.5588012677714884e-05
-7.5024744043859990e-05
-7.4555669425373932e-05
-7.4027095171908834e-05
-7.3506686814348081e-05
-7.3046517752439248e-05
-7.2472999162132229e-05
-7.2035057295099340e-05
-7.1488829518273641e-05
-7.1015983046534743e-05
-7.0517242145587425e-05
-7.0013601600823894e-05
-6.9533029500704790e-05
-6.9025594117109199e-05
-6.8570645838945924e-05
-6.8034724212514630e-05
-6.7605761215610728e-05
-6.7070454373827090e-05
-6.6623576344468884e-05
-6.6124906746291325e-05
-6.5650593301605758e-05
-6.5178719282116553e-05
-6.4699263690094687e-05
-6.4233951287345764e-05
-6.3752769812752683e-05
-6.3297630574051471e-05
-6.2798102162931466e-05
-6.2376055921478603e-05
-6.1855099009998574e-05
-6.1447701456932669e-05
-6.0933959687548906e-05
-6.0519456522562579e-05
-6.0015033369381240e-05
-5.9600998907080653e-05
-5.9089861158690333e-05
-5.8692930030064042e-05
-5.8175648426021018e-05
-5.7781028476226905e-05
-5.7275359958387488e-05
-5.6872007740036985e-05
-5.6374956626979250e-05
-5.5967782853481152e-05
-5.5470993361788174e-05
-5.5073819298539486e-05
-5.4575272106347313e-05
-5.4170678335449739e-05
-5.3697793416531325e-05
-5.3268461075439099e-05
-5.2822205308830040e-05
-5.2375550112047941e-05
-5.1936652403219222e-05
-5.1488208676705296e-05
-5.1056648991206960e-05
-5.0599016725444849e-05
-5.0188230951227829e-05
-4.9706896817554174e-05
-4.9311000129987746e-05
-4.8829660238714276e-05
-4.8421904387642266e-05
-4.7966242247755182e-05
-4.7527565760785403e-05
-4.7106333727124317e-05
-4.6636655830236112e-05
-4.6239626867777809e-05
-4.5754596197424670e-05
-4.5346402099780206e-05
-4.4895667240126638e-05
-4.4459257317038203e-05
-4.4031536083749162e-05
-4.3572581137850789e-05
-4.3166723449394093e-05
-4.2685578194348013e-05
-4.2271874796799157e-05
-4.1821249767141206e-05
-4.1376294195292156e-05
-4.0956833916095281e-05
-4.0477165473983324e-05
-4.0057617563389769e-05
-3.9607857204864256e-05
-3.9156166750667774e-05
-3.8731589314831369e-05
-3.8247921086030393e-05
0.0000000000000000e+00
];
