%Vec Object:dSdr_b_aug_200 1 MPI processes
%  type: seq
dSdr_b_aug_200 = [
2.5950066614722605e+03
0.0000000000000000e+00
-6.6900777592649434e-06
-2.6912669010592568e-06
-1.6055968886351651e-06
-1.1145144816385555e-06
-8.3680693716177180e-07
-6.6570866502469506e-07
-5.4977416875524476e-07
-4.6102659227560490e-07
-3.9518373972574337e-07
-3.4476530952951927e-07
-3.0356440612543070e-07
-2.7017946805509105e-07
-2.4282304681101651e-07
-2.1974773182145808e-07
-2.0002195210736145e-07
-1.8319722637331706e-07
-1.6865369722764758e-07
-1.5581857210867368e-07
-1.4457644462238915e-07
-1.3466362156395980e-07
-1.2575202787063829e-07
-1.1778613558429049e-07
-1.1064030129003566e-07
-1.0415589694294280e-07
-9.8259413559568821e-08
-9.2900524882853017e-08
-8.7997675699390529e-08
-8.3482989533152984e-08
-7.9337707861598977e-08
-7.5518110035993186e-08
-7.1967062342613192e-08
-6.8679680259076390e-08
-6.5631109037971123e-08
-6.2800452745508510e-08
-6.0305229403623104e-08
-5.8783049880108562e-08
-6.1135294092940630e-08
-7.9532466341407227e-08
-1.6178423853390560e-07
-4.6209164960478087e-07
-1.4155101911538613e-06
-4.1693947444528296e-06
-1.1262854740847250e-05
-2.6256995894811995e-05
-4.9031155723122492e-05
-7.2759501689545958e-05
-9.1398591445075337e-05
-1.0445800948473547e-04
-1.1299237151756418e-04
-1.1887401186190374e-04
-1.2310699995023437e-04
-1.2625754225186224e-04
-1.2852588186767678e-04
-1.3027762012050541e-04
-1.3174858100090694e-04
-1.3284860283289401e-04
-1.3368585323667625e-04
-1.3429809703837355e-04
-1.3480059315125210e-04
-1.3507811536525284e-04
-1.3517219983175688e-04
-1.3518260709570660e-04
-1.3510377337028044e-04
-1.3487936235813682e-04
-1.3457378462511092e-04
-1.3420236747776787e-04
-1.3374762394656410e-04
-1.3322495511947923e-04
-1.3266943134585267e-04
-1.3207846686546476e-04
-1.3145274163878866e-04
-1.3072785905426929e-04
-1.3004376413787612e-04
-1.2933359522667606e-04
-1.2854061239826045e-04
-1.2780575713498157e-04
-1.2706114985145474e-04
-1.2620028453767766e-04
-1.2542633228941570e-04
-1.2464716476895198e-04
-1.2377892352919266e-04
-1.2299451382953184e-04
-1.2221254136867769e-04
-1.2129943562456206e-04
-1.2051658002315140e-04
-1.1971006899889712e-04
-1.1882717919958806e-04
-1.1804902161951489e-04
-1.1722405868467191e-04
-1.1635046889238557e-04
-1.1557080978450468e-04
-1.1471983375154835e-04
-1.1389638870527761e-04
-1.1313041776741118e-04
-1.1224583050175384e-04
-1.1145976721042142e-04
-1.1068180899216825e-04
-1.0978257080892247e-04
-1.0905091983394079e-04
-1.0823673661102993e-04
-1.0739955112385797e-04
-1.0667009020474545e-04
-1.0578785774760193e-04
-1.0503469801493871e-04
-1.0427696147044147e-04
-1.0342275795378840e-04
-1.0270666171109575e-04
-1.0187940129219376e-04
-1.0109653294251772e-04
-1.0037395578467823e-04
-9.9524988764124319e-05
-9.8819335730287270e-05
-9.8015636740682630e-05
-9.7260261233296185e-05
-9.6511838489432791e-05
-9.5714492363883834e-05
-9.5013928318133241e-05
-9.4190748514163091e-05
-9.3495067893887410e-05
-9.2725257410274225e-05
-9.1960372768918496e-05
-9.1274281673047239e-05
-9.0442520100217667e-05
-8.9787863245744296e-05
-8.8984329836182876e-05
-8.8291663725285723e-05
-8.7544692601084937e-05
-8.6806801597631353e-05
-8.6094573519588326e-05
-8.5339633724177143e-05
-8.4666908749747238e-05
-8.3870725146639372e-05
-8.3229914534732366e-05
-8.2436523920271731e-05
-8.1769080768471849e-05
-8.1025619251104026e-05
-8.0319827587766642e-05
-7.9612542582104215e-05
-7.8894614055358977e-05
-7.8201029842794298e-05
-7.7473252598633357e-05
-7.6794242988739844e-05
-7.6043894263473687e-05
-7.5400769321677397e-05
-7.4626454002751124e-05
-7.4000094716683427e-05
-7.3230285144734432e-05
-7.2602405444449980e-05
-7.1832921092291699e-05
-7.1207385415796064e-05
-7.0429935738886576e-05
-6.9822371552797681e-05
-6.9037076414064729e-05
-6.8430287417005079e-05
-6.7659251225609825e-05
-6.7041220706937749e-05
-6.6278895598528625e-05
-6.5651955432022979e-05
-6.4892386480745398e-05
-6.4270590760272847e-05
-6.3512547758209692e-05
-6.2879314187202912e-05
-6.2147778620622011e-05
-6.1485402434847367e-05
-6.0784196627482328e-05
-6.0096069461524764e-05
-5.9407338001324312e-05
-5.8708159915302735e-05
-5.8033094107575558e-05
-5.7314818455105732e-05
-5.6668571274890857e-05
-5.5913332855700242e-05
-5.5286846342253779e-05
-5.4531006599340808e-05
-5.3884442297212684e-05
-5.3162393196789137e-05
-5.2470448025041902e-05
-5.1793147517157734e-05
-5.1054967523666141e-05
-5.0414188055394257e-05
-4.9643006620304537e-05
-4.8991651917177751e-05
-4.8261835948386133e-05
-4.7566550640888394e-05
-4.6874437032989515e-05
-4.6136240563528929e-05
-4.5478498103279313e-05
-4.4700973469174034e-05
-4.4029918975113164e-05
-4.3300081336926745e-05
-4.2576102295365070e-05
-4.1894175174090642e-05
-4.1111556710523932e-05
-4.0428895628561129e-05
-3.9695974824077680e-05
-3.8960278211298102e-05
-3.8290918998022241e-05
-3.7614306877292657e-05
0.0000000000000000e+00
];
