%Vec Object:dSdr_b_aug_3770 1 MPI processes
%  type: seq
dSdr_b_aug_3770 = [
2.3584645603888357e+03
0.0000000000000000e+00
-1.1026822025726104e-06
-4.5366542676100615e-07
-2.8022057052251610e-07
-1.9816330293657167e-07
-1.4845110127168432e-07
-1.1772934942449168e-07
-9.6907588034311476e-08
-8.1218837438280508e-08
-6.9570737977506283e-08
-6.0642682980207418e-08
-5.3372776836176260e-08
-4.7484024965054896e-08
-4.2656619265965199e-08
-3.8586658845365818e-08
-3.5109650020816201e-08
-3.2143229865370028e-08
-2.9578654699793020e-08
-2.7316964282761889e-08
-5.2415191358191805e-08
-1.8845884682104465e-04
-6.8893599781159843e-04
-6.5422678943496666e-04
-6.1061497363146049e-04
-5.6847177843559677e-04
-5.2808772509399884e-04
-4.8731400668529514e-04
-4.4549538703864285e-04
-4.0082733106769174e-04
-3.6152436172745810e-04
-3.2376295896317266e-04
-2.8812502694039265e-04
-2.5054698211702338e-04
-2.1998513037000409e-04
-1.9338827720615778e-04
-1.7012501411933214e-04
-1.4815441994317640e-04
-1.3151335477645795e-04
-1.1889088273403936e-04
-1.0892186001755355e-04
-1.0088242987445728e-04
-9.5868638165272048e-05
-9.2805922866919796e-05
-9.1126569263693226e-05
-9.0720225791109726e-05
-9.1200790868346270e-05
-9.2205016831788773e-05
-9.3660970854335802e-05
-9.5626921168361718e-05
-9.7356362395173882e-05
-9.9170339472759176e-05
-1.0101541870790768e-04
-1.0278879227052123e-04
-1.0427257045133644e-04
-1.0559742897230997e-04
-1.0686501261834680e-04
-1.0788388953482014e-04
-1.0871595586177239e-04
-1.0938114607521044e-04
-1.0997493802313296e-04
-1.1035756482366839e-04
-1.1057687720260948e-04
-1.1074317003872292e-04
-1.1080881476576672e-04
-1.1073914906764809e-04
-1.1060601024384812e-04
-1.1041281114496576e-04
-1.1013112456072657e-04
-1.0979146679458800e-04
-1.0943104262990422e-04
-1.0902035024003649e-04
-1.0857571398828715e-04
-1.0806548792692909e-04
-1.0756643677317360e-04
-1.0704019751641841e-04
-1.0646524474709990e-04
-1.0591449496833896e-04
-1.0535329961402995e-04
-1.0471582896488548e-04
-1.0412651642500394e-04
-1.0353401845501961e-04
-1.0288285797187914e-04
-1.0228206989871191e-04
-1.0168504488187229e-04
-1.0099102381837106e-04
-1.0039105135331492e-04
-9.9771850490524555e-05
-9.9098978657946815e-05
-9.8500670365162478e-05
-9.7865965266264189e-05
-9.7197424288880408e-05
-9.6596067898624543e-05
-9.5940672841068105e-05
-9.5309636436920897e-05
-9.4718908250225121e-05
-9.4036258380724049e-05
-9.3434912374830797e-05
-9.2832656320936965e-05
-9.2139140515423251e-05
-9.1580684737432486e-05
-9.0948720406142927e-05
-9.0305224156477393e-05
-8.9746604739265626e-05
-8.9061855562196400e-05
-8.8485522545687998e-05
-8.7902549106232854e-05
-8.7242210995825171e-05
-8.6693771350884537e-05
-8.6056950355849643e-05
-8.5453344989881196e-05
-8.4899276184603766e-05
-8.4246782887651767e-05
-8.3703417410144692e-05
-8.3087818731542712e-05
-8.2506591118656328e-05
-8.1930945173741001e-05
-8.1320468878710530e-05
-8.0782511412287220e-05
-8.0149741893114943e-05
-7.9620072229605204e-05
-7.9026990774695683e-05
-7.8441208811032040e-05
-7.7920627565787585e-05
-7.7278054107790976e-05
-7.6782162010169939e-05
-7.6167129989860785e-05
-7.5635503068511453e-05
-7.5070384675886845e-05
-7.4504104829517222e-05
-7.3961587180813539e-05
-7.3387968337453402e-05
-7.2874785815335837e-05
-7.2269269298487273e-05
-7.1783657465284703e-05
-7.1179338145525961e-05
-7.0673480161652794e-05
-7.0109352301331339e-05
-6.9573140672342718e-05
-6.9038316815216340e-05
-6.8495092586205766e-05
-6.7968739311818834e-05
-6.7421617080849666e-05
-6.6906613856329157e-05
-6.6340014964870358e-05
-6.5858851164063295e-05
-6.5270144995894133e-05
-6.4804195879726513e-05
-6.4221980264779946e-05
-6.3750418924928673e-05
-6.3175116974245642e-05
-6.2704525687188090e-05
-6.2122174566355836e-05
-6.1668918630831255e-05
-6.1079968493319006e-05
-6.0628612856110664e-05
-6.0051983142177882e-05
-5.9591224071906896e-05
-5.9023236612741634e-05
-5.8557295206452289e-05
-5.7990236168300382e-05
-5.7532995910457540e-05
-5.6965056931653023e-05
-5.6499322190145795e-05
-5.5957271139668355e-05
-5.5465619780950979e-05
-5.4951187010755802e-05
-5.4439958615419973e-05
-5.3934251475313069e-05
-5.3418757168629637e-05
-5.2922079397260541e-05
-5.2394746087283941e-05
-5.1920992547549735e-05
-5.1366410366857156e-05
-5.0908847466009052e-05
-5.0354098917364465e-05
-4.9882477549383143e-05
-4.9355574323253266e-05
-4.8849163480878709e-05
-4.8359447092933953e-05
-4.7817958367623209e-05
-4.7355735377026061e-05
-4.6794170193444434e-05
-4.6320934479955118e-05
-4.5795548994700094e-05
-4.5289886909691440e-05
-4.4791432315209481e-05
-4.4257765361483520e-05
-4.3784500759461105e-05
-4.3224035879061046e-05
-4.2741429461358270e-05
-4.2216025992807519e-05
-4.1696298111527829e-05
-4.1206422271866933e-05
-4.0645390594659367e-05
-4.0154908335563831e-05
-3.9628379369584847e-05
-3.9098503873052200e-05
-3.8602163547072038e-05
-3.8033332391665922e-05
0.0000000000000000e+00
];
