%Vec Object:dSdr_b_aug_7700 1 MPI processes
%  type: seq
dSdr_b_aug_7700 = [
2.2965876495097505e+03
0.0000000000000000e+00
-7.3162618584709565e-07
-3.0281677848493935e-07
-1.8864159911002590e-07
-1.3418978503443020e-07
-1.0071613070178744e-07
-8.0015704413808674e-08
-6.5984071416343133e-08
-5.5433562177984708e-08
-4.7597773438128564e-08
-4.1590143784539134e-08
-3.6698386341950231e-08
-3.2735106112810596e-08
-2.9485469452533731e-08
-2.6744860362689427e-08
-2.4402667299278432e-08
-2.2612436838017053e-08
-3.0348268671386267e-05
-7.8074002714004275e-04
-7.4519709509711764e-04
-7.0625163629195616e-04
-6.6806409639725303e-04
-6.3001978735049979e-04
-5.8778761414019474e-04
-5.4701274158006725e-04
-5.0791338316736386e-04
-4.6842020628496523e-04
-4.2789170255869662e-04
-3.8456570654510250e-04
-3.4643709744594970e-04
-3.0978532343896087e-04
-2.7518068348414144e-04
-2.3868072972740972e-04
-2.0899023479830644e-04
-1.8314664737002943e-04
-1.6054025473512888e-04
-1.3919110839930927e-04
-1.2302116027516010e-04
-1.1075804679920604e-04
-1.0108040669956111e-04
-9.3282775194623220e-05
-8.8429152622463133e-05
-8.5476680322388654e-05
-8.3872564094058179e-05
-8.3511797889685997e-05
-8.4014877912113095e-05
-8.5028935200346146e-05
-8.6484060849703539e-05
-8.8444143556390430e-05
-9.0169362521800458e-05
-9.1976746637567109e-05
-9.3818361257771543e-05
-9.5592800739734192e-05
-9.7081045088639651e-05
-9.8415810077004769e-05
-9.9700286882662141e-05
-1.0073856073804363e-04
-1.0159323472798857e-04
-1.0228705701390191e-04
-1.0291442012825033e-04
-1.0333120164613793e-04
-1.0358850162951077e-04
-1.0380042717800142e-04
-1.0390787054621597e-04
-1.0388258557729173e-04
-1.0379866458342997e-04
-1.0365621884225967e-04
-1.0342376008471837e-04
-1.0313612335983898e-04
-1.0283113431955974e-04
-1.0247165499697262e-04
-1.0207845756744169e-04
-1.0162920022794617e-04
-1.0118270546678707e-04
-1.0070870500113002e-04
-1.0019567514243923e-04
-9.9697213018340114e-05
-9.9188108117231340e-05
-9.8614083224957892e-05
-9.8077209639191250e-05
-9.7537727077628124e-05
-9.6948219021426925e-05
-9.6399580695654481e-05
-9.5855081968433285e-05
-9.5223282459943137e-05
-9.4675250012508496e-05
-9.4109246487015426e-05
-9.3496021205556775e-05
-9.2948791313432754e-05
-9.2368120738086217e-05
-9.1757815052694792e-05
-9.1207097846131367e-05
-9.0607249149792304e-05
-9.0030858142948889e-05
-8.9489900103852831e-05
-8.8864601891483805e-05
-8.8315716890781395e-05
-8.7763361479643181e-05
-8.7128272314609728e-05
-8.6619005188478911e-05
-8.6038792525784994e-05
-8.5450305826554582e-05
-8.4940207015800305e-05
-8.4311544941960032e-05
-8.3785432394446621e-05
-8.3252093347910695e-05
-8.2646814852283936e-05
-8.2145991304191085e-05
-8.1563256928195209e-05
-8.1010563985774002e-05
-8.0504353203971591e-05
-7.9907660340588883e-05
-7.9410386144722602e-05
-7.8848209795464124e-05
-7.8316441916944119e-05
-7.7789866312847044e-05
-7.7232462907532830e-05
-7.6740687372347775e-05
-7.6161996283696714e-05
-7.5679475442928088e-05
-7.5136586847949257e-05
-7.4601671891068091e-05
-7.4128097184325006e-05
-7.3539255111669503e-05
-7.3088453914384760e-05
-7.2526958269392307e-05
-7.2041068239218431e-05
-7.1527597973495164e-05
-7.1010057579424531e-05
-7.0515739575818744e-05
-6.9993617883540562e-05
-6.9525747251353482e-05
-6.8974382309467904e-05
-6.8532848765116310e-05
-6.7982227846805863e-05
-6.7522261987770923e-05
-6.7009067004029327e-05
-6.6521018165603782e-05
-6.6035175387283636e-05
-6.5541569342316959e-05
-6.5062711785805977e-05
-6.4566897858309597e-05
-6.4098474620128852e-05
-6.3584063066760493e-05
-6.3148898459885265e-05
-6.2612907783398043e-05
-6.2192517460924265e-05
-6.1663581137830887e-05
-6.1236416590445945e-05
-6.0716265217245754e-05
-6.0289680623312422e-05
-5.9762740411358914e-05
-5.9353310636198133e-05
-5.8820125566581780e-05
-5.8412915794212995e-05
-5.7891500770609148e-05
-5.7475409795762077e-05
-5.6962617690692006e-05
-5.6542403198781947e-05
-5.6030020679260913e-05
-5.5619517742188440e-05
-5.5105572298930307e-05
-5.4687411157379410e-05
-5.4199178060057835e-05
-5.3756016935139717e-05
-5.3294632479538593e-05
-5.2833648288241937e-05
-5.2379925357507906e-05
-5.1916602896641332e-05
-5.1470593302225471e-05
-5.0997494154392942e-05
-5.0572735631802106e-05
-5.0075147523180403e-05
-4.9665566903046519e-05
-4.9167937393950370e-05
-4.8746009574911207e-05
-4.8274538803978165e-05
-4.7820831837707073e-05
-4.7384402895071518e-05
-4.6898789931182949e-05
-4.6487294186017016e-05
-4.5985280240333381e-05
-4.5562653170562418e-05
-4.5095353063740585e-05
-4.4643575820443898e-05
-4.4200158573966983e-05
-4.3724624727556657e-05
-4.3303809143958767e-05
-4.2805062503239571e-05
-4.2376069164850227e-05
-4.1908850375764826e-05
-4.1447302338435285e-05
-4.1012216267681152e-05
-4.0514492542086129e-05
-4.0079203249165633e-05
-3.9612406258736185e-05
-3.9143363392156821e-05
-3.8702853839837467e-05
-3.8200249477504966e-05
0.0000000000000000e+00
];
