%Vec Object:dSdr_b_aug_2130 1 MPI processes
%  type: seq
dSdr_b_aug_2130 = [
2.4054221565448106e+03
0.0000000000000000e+00
-1.5346795024525367e-06
-6.3006978770064405e-07
-3.8755499109232363e-07
-2.7360995898998424e-07
-2.0536975654827533e-07
-1.6321490016582386e-07
-1.3464271604650468e-07
-1.1304770543352742e-07
-9.7014889939922994e-08
-8.4727782587051119e-08
-7.4711320847743445e-08
-6.6595813598281545e-08
-5.9943092818495374e-08
-5.4332122180550710e-08
-4.9536412744917567e-08
-4.5444846838774242e-08
-4.1907199997037969e-08
-3.8784727391845662e-08
-3.6049165991591577e-08
-3.3637135737555129e-08
-3.6751599844326100e-08
-2.6181105383649139e-05
-5.8479515089760630e-04
-5.8350072706531435e-04
-5.4326857195533744e-04
-5.0157056050145895e-04
-4.5878051777475845e-04
-4.1309977668019379e-04
-3.7291054463678853e-04
-3.3431171973544708e-04
-2.9789397479376386e-04
-2.5950230771954889e-04
-2.2828285352056115e-04
-2.0111751981876050e-04
-1.7735852455805017e-04
-1.5491893126842312e-04
-1.3792231977118093e-04
-1.2502864429958722e-04
-1.1483971874243653e-04
-1.0661780614648980e-04
-1.0148313669428987e-04
-9.8337222247143449e-05
-9.6601087773319556e-05
-9.6160347515886213e-05
-9.6623920644804939e-05
-9.7620726829017888e-05
-9.9077305813178465e-05
-1.0104768413527284e-04
-1.0278031166677296e-04
-1.0459926419579345e-04
-1.0644695796652253e-04
-1.0821952693632273e-04
-1.0969993441202803e-04
-1.1101731651048226e-04
-1.1227215096894320e-04
-1.1327638913618616e-04
-1.1409139362787593e-04
-1.1473497546437497e-04
-1.1530343156508767e-04
-1.1566028212675708e-04
-1.1585092563913645e-04
-1.1598277979754006e-04
-1.1601687937737046e-04
-1.1591371987313589e-04
-1.1574343675123626e-04
-1.1551193451897887e-04
-1.1519309611060459e-04
-1.1481417852295048e-04
-1.1441191797613559e-04
-1.1396257554741521e-04
-1.1347911888891870e-04
-1.1292288032580523e-04
-1.1238416536005750e-04
-1.1181850198700432e-04
-1.1119681661733584e-04
-1.1060660585528238e-04
-1.1000609834791161e-04
-1.0932074583831131e-04
-1.0869185816338219e-04
-1.0805935005037844e-04
-1.0736166117136210e-04
-1.0672151626239791e-04
-1.0608485023922982e-04
-1.0534387127028786e-04
-1.0470470025405157e-04
-1.0404535195736688e-04
-1.0332746554764028e-04
-1.0269060895932373e-04
-1.0201512461552026e-04
-1.0130263412457574e-04
-1.0066306091367732e-04
-9.9965745648483885e-05
-9.9293468984069054e-05
-9.8665179830605341e-05
-9.7939247320874391e-05
-9.7298309591636279e-05
-9.6658394090263984e-05
-9.5920784369704905e-05
-9.5325206476387460e-05
-9.4654185777940197e-05
-9.3969174502292168e-05
-9.3373937187876284e-05
-9.2646859770261638e-05
-9.2032625992087162e-05
-9.1412194096398823e-05
-9.0710303180867839e-05
-9.0125928264963345e-05
-8.9448288774483833e-05
-8.8806260441259464e-05
-8.8216073788478281e-05
-8.7521468603584177e-05
-8.6943318619505709e-05
-8.6287402781546894e-05
-8.5668848533286828e-05
-8.5056169824742654e-05
-8.4405640091572942e-05
-8.3832829711816647e-05
-8.3159247887618534e-05
-8.2593995611727149e-05
-8.1963034247891498e-05
-8.1338863606044464e-05
-8.0782807132773215e-05
-8.0099683288058275e-05
-7.9569761674614761e-05
-7.8914326442414818e-05
-7.8348182487729032e-05
-7.7744085924792366e-05
-7.7141023052260728e-05
-7.6562129765268683e-05
-7.5949646697775762e-05
-7.5402267895909999e-05
-7.4755883898270506e-05
-7.4237006773924047e-05
-7.3592161983396988e-05
-7.3051669833856231e-05
-7.2449103616755703e-05
-7.1876544184724112e-05
-7.1304754975504348e-05
-7.0724084582569121e-05
-7.0161886947762910e-05
-6.9576043047905978e-05
-6.9025886562815915e-05
-6.8419902615137333e-05
-6.7904023879672740e-05
-6.7275534075149715e-05
-6.6775202399698371e-05
-6.6152777666905101e-05
-6.5647710729060081e-05
-6.5030787436955111e-05
-6.4526984969566167e-05
-6.3902816054525020e-05
-6.3416485200770150e-05
-6.2785450008316448e-05
-6.2300778195268448e-05
-6.1682478811052733e-05
-6.1188009467359294e-05
-6.0578366955802355e-05
-6.0077916225518666e-05
-5.9469593724375073e-05
-5.8977081633198737e-05
-5.8368394667304623e-05
-5.7866757002601281e-05
-5.7284090517712570e-05
-5.6755844513321682e-05
-5.6201377198059096e-05
-5.5652230517776107e-05
-5.5107291966351492e-05
-5.4552424681919895e-05
-5.4017508776934490e-05
-5.3449246180235922e-05
-5.2938517326164132e-05
-5.2340923114251790e-05
-5.1847149337708818e-05
-5.1249294609611145e-05
-5.0740171080798717e-05
-5.0171434735088096e-05
-4.9625250134453962e-05
-4.9095319736027575e-05
-4.8511663834800718e-05
-4.8011159410375279e-05
-4.7404653741533057e-05
-4.6893226742199194e-05
-4.6324007823087703e-05
-4.5777682948531744e-05
-4.5237696491138703e-05
-4.4660162289008989e-05
-4.4147321363053467e-05
-4.3540286535194727e-05
-4.3017229370383999e-05
-4.2447928519264211e-05
-4.1884312148768789e-05
-4.1353114584298127e-05
-4.0744346965468633e-05
-4.0212279299607192e-05
-3.9640794783778985e-05
-3.9065272049362028e-05
-3.8527533450030452e-05
-3.7912632958148763e-05
0.0000000000000000e+00
];
