%Vec Object:dSdr_b_aug_9820 1 MPI processes
%  type: seq
dSdr_b_aug_9820 = [
2.2741257793961586e+03
0.0000000000000000e+00
-6.3420883989165198e-07
-2.6287653607891442e-07
-1.6411784593538389e-07
-1.1690302763829525e-07
-8.7750703401045507e-08
-6.9718988852816581e-08
-5.7496092758106330e-08
-4.8313751998600733e-08
-4.1493562660584115e-08
-3.6264138334481470e-08
-3.2006823661516820e-08
-2.8557525682010403e-08
-2.5729175900004096e-08
-2.3343838498316052e-08
-2.1340450668464170e-08
-1.3487391195808062e-05
-8.0806624547721546e-04
-7.7690233447870796e-04
-7.3510221460118183e-04
-6.9661780720325364e-04
-6.5891561005312254e-04
-6.2134565166558221e-04
-5.7963509899937110e-04
-5.3934954556682300e-04
-5.0070898212466219e-04
-4.6167309658183651e-04
-4.2160530246024026e-04
-3.7875856559776609e-04
-3.4104932888480969e-04
-3.0479381119401873e-04
-2.7055816718318164e-04
-2.3444320742021233e-04
-2.0506388056398209e-04
-1.7948929010970155e-04
-1.5711747096054684e-04
-1.3599024842820618e-04
-1.1998853986764158e-04
-1.0785375583620966e-04
-9.8280170452395228e-05
-9.0568886867082964e-05
-8.5772461718902279e-05
-8.2859357853048559e-05
-8.1282109297534699e-05
-8.0937618928117350e-05
-8.1448739066946365e-05
-8.2466307065239629e-05
-8.3921136776417664e-05
-8.5879124003515961e-05
-8.7602835063571479e-05
-8.9407864686840555e-05
-9.1248241975751073e-05
-9.3023062018829817e-05
-9.4512901188708340e-05
-9.5851203772818024e-05
-9.7141713176325298e-05
-9.8186913751921754e-05
-9.9049661038613896e-05
-9.9753707984422829e-05
-1.0039305954757850e-04
-1.0082203790777270e-04
-1.0109290348753061e-04
-1.0132112478644522e-04
-1.0144349473375810e-04
-1.0143405842670833e-04
-1.0136771345836634e-04
-1.0124339209115214e-04
-1.0102851293022589e-04
-1.0075945327922450e-04
-1.0047426050657291e-04
-1.0013306972551309e-04
-9.9758241456603588e-05
-9.9330756472902127e-05
-9.8903029965380300e-05
-9.8447684335949495e-05
-9.7956767581600218e-05
-9.7476977743820559e-05
-9.6986474707250027e-05
-9.6435106739312560e-05
-9.5916959470708472e-05
-9.5396409082447963e-05
-9.4828917540381436e-05
-9.4298902254607518e-05
-9.3773161033461927e-05
-9.3163581279332816e-05
-9.2634096976406148e-05
-9.2087090593368190e-05
-9.1495165514551111e-05
-9.0966176077841323e-05
-9.0404801610518765e-05
-8.9815292157500374e-05
-8.9282658559228435e-05
-8.8702645859230306e-05
-8.8145769108213806e-05
-8.7622584338770644e-05
-8.7017766807037311e-05
-8.6487616000511275e-05
-8.5953080460053274e-05
-8.5338855860106759e-05
-8.4847154347795757e-05
-8.4285422572826879e-05
-8.3716580176419639e-05
-8.3223808420565881e-05
-8.2615175451436455e-05
-8.2106996991920976e-05
-8.1591382741524887e-05
-8.1005766427369569e-05
-8.0521946927673301e-05
-7.9958527269576290e-05
-7.9424015517380069e-05
-7.8934895177900475e-05
-7.8358129047979928e-05
-7.7877314378547026e-05
-7.7334215524995395e-05
-7.6820110071461805e-05
-7.6311057837240390e-05
-7.5772607140523721e-05
-7.5297323503819945e-05
-7.4737944209744489e-05
-7.4272260551465030e-05
-7.3747296186419721e-05
-7.3230546202190805e-05
-7.2773757867549346e-05
-7.2204103657763866e-05
-7.1769404744828253e-05
-7.1227027323479431e-05
-7.0757470265891319e-05
-7.0262443917131216e-05
-6.9762308731857368e-05
-6.9285203168203315e-05
-6.8781471478864025e-05
-6.8329782049089688e-05
-6.7797755024163905e-05
-6.7371962154874317e-05
-6.6840517322456198e-05
-6.6396939872635536e-05
-6.5901933386640729e-05
-6.5431083828802994e-05
-6.4962732547859848e-05
-6.4486845515369842e-05
-6.4024949023876719e-05
-6.3547457663095904e-05
-6.3095668476314970e-05
-6.2599893399886488e-05
-6.2181155439970296e-05
-6.1663989848652096e-05
-6.1259868903868118e-05
-6.0749959003854834e-05
-6.0338648876229261e-05
-5.9838192176461070e-05
-5.9427322696090273e-05
-5.8920170124948361e-05
-5.8526390994993274e-05
-5.8013120040260618e-05
-5.7621675083247241e-05
-5.7119977632325741e-05
-5.6719837966786729e-05
-5.6226756531077997e-05
-5.5822871462190200e-05
-5.5330014334372760e-05
-5.4936201645891883e-05
-5.4441537698824325e-05
-5.4040365449907069e-05
-5.3571351150028874e-05
-5.3145506257702230e-05
-5.2703065759751723e-05
-5.2260024160482166e-05
-5.1824865192398970e-05
-5.1380173703258780e-05
-5.0952258112660324e-05
-5.0498526410867543e-05
-5.0091264401912777e-05
-4.9614029331232596e-05
-4.9221583578547786e-05
-4.8744351744951863e-05
-4.8340169911766034e-05
-4.7888494539029173e-05
-4.7453608584705567e-05
-4.7036209060963150e-05
-4.6570549835223151e-05
-4.6177169270265754e-05
-4.5696421634754472e-05
-4.5291867431736544e-05
-4.4845310214792773e-05
-4.4412775853564663e-05
-4.3989013100343722e-05
-4.3534239321897545e-05
-4.3132154049862893e-05
-4.2655447928679429e-05
-4.2245600836010400e-05
-4.1799161046121572e-05
-4.1358390581821978e-05
-4.0942871936127909e-05
-4.0467758343584547e-05
-4.0052182721218549e-05
-3.9606723347350008e-05
-3.9159418663183381e-05
-3.8738886401384280e-05
-3.8260138641688349e-05
0.0000000000000000e+00
];
