%Vec Object:dSdr_b_aug_1060 1 MPI processes
%  type: seq
dSdr_b_aug_1060 = [
2.4622924924289464e+03
0.0000000000000000e+00
-2.3284707130643751e-06
-9.5015369153106506e-07
-5.7916904702897430e-07
-4.0658476451073196e-07
-3.0491183826634818e-07
-2.4214836538325147e-07
-1.9961172702789038e-07
-1.6736992237800593e-07
-1.4343874684950686e-07
-1.2510306761709896e-07
-1.1015040188716231e-07
-9.8036597836074287e-08
-8.8107785367721445e-08
-7.9734857768723987e-08
-7.2579621542019500e-08
-6.6475751055854533e-08
-6.1198981128277940e-08
-5.6542863697215555e-08
-5.2464151033670371e-08
-4.8867261943364592e-08
-4.5633708615629478e-08
-4.2743062589587700e-08
-4.0154423913096146e-08
-4.4661371452017638e-08
-6.8087353206854453e-06
-3.3522068529185544e-04
-4.6362221656949965e-04
-4.2638325204769507e-04
-3.8592548942888703e-04
-3.4643782381093917e-04
-3.0913241788622665e-04
-2.6980615965245536e-04
-2.3783035410799010e-04
-2.1001098003502070e-04
-1.8568160011409913e-04
-1.6270236953876285e-04
-1.4529665873275882e-04
-1.3209092988371117e-04
-1.2164897831707606e-04
-1.1321709642916055e-04
-1.0794334160100461e-04
-1.0470169572359106e-04
-1.0290022737181847e-04
-1.0241990894887967e-04
-1.0286393038347428e-04
-1.0385219887614034e-04
-1.0530949667194754e-04
-1.0728496970158418e-04
-1.0902126322583236e-04
-1.1084594040138193e-04
-1.1269664229862854e-04
-1.1446828526745654e-04
-1.1594481411937791e-04
-1.1725359345631315e-04
-1.1849375817607276e-04
-1.1948115243534126e-04
-1.2027652496029795e-04
-1.2089524346451114e-04
-1.2143454731007616e-04
-1.2176173889864839e-04
-1.2191939510844153e-04
-1.2201162316024164e-04
-1.2200942601588581e-04
-1.2186772760805873e-04
-1.2165470522598085e-04
-1.2137913034514180e-04
-1.2101754401691448e-04
-1.2059345298975691e-04
-1.2014305434095274e-04
-1.1964924010480695e-04
-1.1912111560860824e-04
-1.1851193378487061e-04
-1.1792758053536012e-04
-1.1731655467860670e-04
-1.1664109748212778e-04
-1.1600548181546442e-04
-1.1535974065128023e-04
-1.1461929394335167e-04
-1.1394486997547960e-04
-1.1326632496966002e-04
-1.1251509912080003e-04
-1.1182966903999389e-04
-1.1114739087428274e-04
-1.1035238074114640e-04
-1.0966810669007800e-04
-1.0896256355141032e-04
-1.0819288203369303e-04
-1.0751167062190756e-04
-1.0678926446576795e-04
-1.0602620436664301e-04
-1.0534265774447954e-04
-1.0459710785168528e-04
-1.0387737892784247e-04
-1.0320587101382876e-04
-1.0243013623096534e-04
-1.0174364310084037e-04
-1.0106039553073995e-04
-1.0027205006792049e-04
-9.9633758378573237e-05
-9.8917798313710929e-05
-9.8185018701688712e-05
-9.7547647836936338e-05
-9.6771866408184033e-05
-9.6114022998478022e-05
-9.5450490401069650e-05
-9.4700787714362201e-05
-9.4075064717351767e-05
-9.3350458374555305e-05
-9.2664219550743016e-05
-9.2032474742349439e-05
-9.1289414495406910e-05
-9.0671240536982435e-05
-8.9968934703381565e-05
-8.9307431439876450e-05
-8.8652141854437232e-05
-8.7955525574501394e-05
-8.7342612516239313e-05
-8.6622070975419130e-05
-8.6015876412126312e-05
-8.5341329430355019e-05
-8.4672987768364815e-05
-8.4076112572147634e-05
-8.3346330390288598e-05
-8.2777253533764984e-05
-8.2075329311640067e-05
-8.1469469167721494e-05
-8.0820523310767240e-05
-8.0175136940251047e-05
-7.9554388909242095e-05
-7.8897187665305239e-05
-7.8310461754534674e-05
-7.7617054584655927e-05
-7.7059901578267414e-05
-7.6368427148165171e-05
-7.5788084058973053e-05
-7.5141289699836878e-05
-7.4526907578151519e-05
-7.3912585114421724e-05
-7.3288828236272040e-05
-7.2685387200104566e-05
-7.2054989193738055e-05
-7.1464384515878819e-05
-7.0813083161715864e-05
-7.0257260594233219e-05
-6.9582994779448525e-05
-6.9043101725342582e-05
-6.8374411426120528e-05
-6.7830792181171456e-05
-6.7165978395866452e-05
-6.6623962404083580e-05
-6.5951676971876281e-05
-6.5427289400725927e-05
-6.4747830196857192e-05
-6.4224824092939749e-05
-6.3558578676769308e-05
-6.3025321611861099e-05
-6.2367749919246907e-05
-6.1827592092251221e-05
-6.1171791021510976e-05
-6.0638694509569861e-05
-5.9983122140475785e-05
-5.9440173955516590e-05
-5.8810774639709340e-05
-5.8240422262501025e-05
-5.7639890569077313e-05
-5.7047114576613121e-05
-5.6457035837545149e-05
-5.5856865526005937e-05
-5.5277952430845975e-05
-5.4662596196341021e-05
-5.4109323319046747e-05
-5.3462239165607014e-05
-5.2926801123996759e-05
-5.2279348330448753e-05
-5.1727074986005742e-05
-5.1110205663391994e-05
-5.0518257813795431e-05
-4.9942057803377282e-05
-4.9309885185044470e-05
-4.8765335360777178e-05
-4.8107122600822959e-05
-4.7551754740420619e-05
-4.6932103530875412e-05
-4.6338995292375307e-05
-4.5751226395456347e-05
-4.5123223804760126e-05
-4.4564853284799605e-05
-4.3904244050484830e-05
-4.3334656371656648e-05
-4.2714863697608047e-05
-4.2100772461170705e-05
-4.1522064080876063e-05
-4.0858423756264325e-05
-4.0278594096222775e-05
-3.9655541205181784e-05
-3.9027833526313439e-05
-3.8443411214498987e-05
-3.7780558839859487e-05
0.0000000000000000e+00
];
