%Vec Object:dSdr_b_aug_8420 1 MPI processes
%  type: seq
dSdr_b_aug_8420 = [
2.2879274203375267e+03
0.0000000000000000e+00
-6.8860006800533694e-07
-2.8377809925791375e-07
-1.7602861109320622e-07
-1.2461097427397957e-07
-9.3010311188666319e-08
-7.3471988669560613e-08
-6.0231664829369854e-08
-5.0298907195377340e-08
-4.2924241811078280e-08
-3.7270414564913346e-08
-3.2674844548625294e-08
-2.8953717127578010e-08
-2.5903016711463232e-08
-2.3332481616304479e-08
-2.1138065488606229e-08
-3.4070409208135564e-08
-3.4860937438278692e-04
-7.8264316837353990e-04
-7.4154429535411694e-04
-7.0274459033901784e-04
-6.6473352541076777e-04
-6.2686190411577838e-04
-5.8481963062238286e-04
-5.4422289826862866e-04
-5.0529056751773293e-04
-4.6596387087901339e-04
-4.2560309182979272e-04
-3.8245157357467865e-04
-3.4447564002527883e-04
-3.0796812598846797e-04
-2.7349782166294682e-04
-2.3713802772160503e-04
-2.0756081562542904e-04
-1.8181515831232440e-04
-1.5929416370379456e-04
-1.3802581049069459e-04
-1.2191711135474969e-04
-1.0970071714430119e-04
-1.0006095891555392e-04
-9.2294763001595967e-05
-8.7461963590931447e-05
-8.4523823692006885e-05
-8.2929488880493900e-05
-8.2574648065221034e-05
-8.3080655207107263e-05
-8.4095990651649662e-05
-8.5551008619140661e-05
-8.7510328507233210e-05
-8.9234998559283390e-05
-9.1041525552898318e-05
-9.2882689758534871e-05
-9.4657267828065090e-05
-9.6146092820860763e-05
-9.7482145731464669e-05
-9.8768818780675693e-05
-9.9809614388625918e-05
-1.0066722754836062e-04
-1.0136477222132377e-04
-1.0199649984142730e-04
-1.0241772173040655e-04
-1.0267996038812716e-04
-1.0289781854227349e-04
-1.0301069605823093e-04
-1.0299118092676296e-04
-1.0291365862871321e-04
-1.0277781121281754e-04
-1.0255175244951421e-04
-1.0227087885695539e-04
-1.0197309680479395e-04
-1.0162027557103295e-04
-1.0123376557970931e-04
-1.0079243463580671e-04
-1.0035277260462294e-04
-9.9885563578016757e-05
-9.9380584165581698e-05
-9.8888919832599472e-05
-9.8386587084687806e-05
-9.7820810619158043e-05
-9.7290754493818332e-05
-9.6758164335817318e-05
-9.6176671559492676e-05
-9.5634813094504906e-05
-9.5097143181183233e-05
-9.4473432942834349e-05
-9.3932153089255920e-05
-9.3373065618315877e-05
-9.2767594836917124e-05
-9.2227005521577671e-05
-9.1653359840768820e-05
-9.1050625180867339e-05
-9.0506491449199401e-05
-8.9913864197115620e-05
-8.9344577502458849e-05
-8.8810089956767728e-05
-8.8192247890169097e-05
-8.7650183214150559e-05
-8.7104315261426121e-05
-8.6476821997684482e-05
-8.5973949765732680e-05
-8.5400465204046403e-05
-8.4819130150362088e-05
-8.4315339374196492e-05
-8.3693969035482160e-05
-8.3174385517046970e-05
-8.2647499305220240e-05
-8.2049378963204242e-05
-8.1554745856097247e-05
-8.0979043136794021e-05
-8.0432969181939081e-05
-7.9932980292924099e-05
-7.9343541894345398e-05
-7.8852259901354734e-05
-7.8297028845378085e-05
-7.7771691093218620e-05
-7.7251494991220575e-05
-7.6700991448872417e-05
-7.6215219900727172e-05
-7.5643559402310614e-05
-7.5167168251232927e-05
-7.4630805093033292e-05
-7.4102503216806904e-05
-7.3635039701010853e-05
-7.3053183098819709e-05
-7.2608244044763503e-05
-7.2053708516944126e-05
-7.1573764612870442e-05
-7.1067008977467928e-05
-7.0555805064004601e-05
-7.0067753361744399e-05
-6.9552326670627209e-05
-6.9090346909405137e-05
-6.8546022062562705e-05
-6.8110219011056493e-05
-6.7566579270901832e-05
-6.7112579715814026e-05
-6.6606006370486880e-05
-6.6124219038186968e-05
-6.5644744148959274e-05
-6.5157588820800698e-05
-6.4684906044072416e-05
-6.4195762560044343e-05
-6.3733395048259968e-05
-6.3225768217675215e-05
-6.2796583828289099e-05
-6.2267446536482356e-05
-6.1852979174304359e-05
-6.1330969531990740e-05
-6.0909576873780409e-05
-6.0396595460019328e-05
-5.9975732036842636e-05
-5.9455995626423868e-05
-5.9052263548497326e-05
-5.8526328320333772e-05
-5.8124857805622434e-05
-5.7610621066459240e-05
-5.7200337238852818e-05
-5.6694720899832664e-05
-5.6280451204519727e-05
-5.5775176993050079e-05
-5.5370750207065002e-05
-5.4863824272306768e-05
-5.4451847997068152e-05
-5.3970611573456631e-05
-5.3533754474921697e-05
-5.3079266624759785e-05
-5.2624814477863127e-05
-5.2177849798823248e-05
-5.1721309976356989e-05
-5.1281887524249249e-05
-5.0815839113616123e-05
-5.0397450190651981e-05
-4.9907271604865458e-05
-4.9503928895517637e-05
-4.9013725125892315e-05
-4.8598257660431170e-05
-4.8133993320636453e-05
-4.7687138024694965e-05
-4.7257636590940157e-05
-4.6779287598167422e-05
-4.6374386437589529e-05
-4.5880114203997653e-05
-4.5464066179894535e-05
-4.5004317065526874e-05
-4.4559544610028988e-05
-4.4123281852412006e-05
-4.3655304788663927e-05
-4.3241306784092353e-05
-4.2750582461539885e-05
-4.2328557265723061e-05
-4.1868900297910603e-05
-4.1414912454202717e-05
-4.0986944252137957e-05
-4.0497443080145668e-05
-4.0069316287783635e-05
-3.9610261249210669e-05
-3.9149076623440077e-05
-3.8715683287895446e-05
-3.8220930736260134e-05
0.0000000000000000e+00
];
