%Vec Object:dSdr_b_aug_3840 1 MPI processes
%  type: seq
dSdr_b_aug_3840 = [
2.3562283678712665e+03
0.0000000000000000e+00
-1.0847373757298450e-06
-4.4588437106927183e-07
-2.7518057316146107e-07
-1.9440183118024580e-07
-1.4545652849829330e-07
-1.1520954791278301e-07
-9.4710569770058132e-08
-7.9273433880029745e-08
-6.7812868784245278e-08
-5.9028574867532066e-08
-5.1878564173261963e-08
-4.6087668477724308e-08
-4.1340592596652935e-08
-3.7339141032146439e-08
-3.3921480340627144e-08
-3.1005760860955710e-08
-2.8485168902669308e-08
-2.6264213856848737e-08
-1.0449450013652903e-07
-2.9065931479028365e-04
-6.8962355545154088e-04
-6.5368235413269750e-04
-6.1008299085524677e-04
-5.6797125230110786e-04
-5.2761715072267303e-04
-4.8687330086390521e-04
-4.4508477363199239e-04
-4.0044802171166976e-04
-3.6117244476592471e-04
-3.2343692450611535e-04
-2.8782309440181166e-04
-2.5027019643854059e-04
-2.1972866940231055e-04
-1.9314938642986892e-04
-1.6990144507874277e-04
-1.4794534638585679e-04
-1.3131527018874433e-04
-1.1870118031029419e-04
-1.0873895419897023e-04
-1.0070516410121773e-04
-9.5695108410154820e-05
-9.2634964591919259e-05
-9.0957365954892085e-05
-9.0552085619672074e-05
-9.1033175899250603e-05
-9.2037631215002061e-05
-9.3493565948471336e-05
-9.5459379431032026e-05
-9.7188722201912089e-05
-9.9002545524114866e-05
-1.0084754397246276e-04
-1.0262094242260082e-04
-1.0410482480081322e-04
-1.0542991441441086e-04
-1.0669789211885875e-04
-1.0771722149397286e-04
-1.0854981516969868e-04
-1.0921567325194694e-04
-1.0981024827453900e-04
-1.1019367175972740e-04
-1.1041387026823290e-04
-1.1058122752230769e-04
-1.1064784723049770e-04
-1.1057921674053530e-04
-1.1044722595205903e-04
-1.1025521070419841e-04
-1.0997467238717290e-04
-1.0963622804044595e-04
-1.0927709692990135e-04
-1.0886759911214955e-04
-1.0842416269833655e-04
-1.0791535876293584e-04
-1.0741753351422407e-04
-1.0689251275395257e-04
-1.0631900436687769e-04
-1.0576947422371329e-04
-1.0520949390542229e-04
-1.0457350315823821e-04
-1.0398541378284699e-04
-1.0339415242269745e-04
-1.0274443001115886e-04
-1.0214485835594917e-04
-1.0154905853968226e-04
-1.0085648882252586e-04
-1.0025772788269865e-04
-9.9639767872726883e-05
-9.8968287322866446e-05
-9.8371170457514705e-05
-9.7737725738610920e-05
-9.7070543125577218e-05
-9.6470367917500383e-05
-9.5816268503812072e-05
-9.5186506728169279e-05
-9.4596939452633823e-05
-9.3915627335863891e-05
-9.3315505006444997e-05
-9.2714412907321135e-05
-9.2022259928603104e-05
-9.1464951497930932e-05
-9.0834194293878978e-05
-9.0191981159577891e-05
-8.9634493500387015e-05
-8.8951052572715843e-05
-8.8375890964035399e-05
-8.7794075262089414e-05
-8.7135021434196173e-05
-8.6587692448754724e-05
-8.5952133040690585e-05
-8.5349715222161334e-05
-8.4796762719036251e-05
-8.4145570983927838e-05
-8.3603280598728747e-05
-8.2988928011415637e-05
-8.2408854060798552e-05
-8.1834352695227410e-05
-8.1225114340367004e-05
-8.0688234079822986e-05
-8.0056725955050082e-05
-7.9528156050134093e-05
-7.8936245357044568e-05
-7.8351649879643612e-05
-7.7832165073542315e-05
-7.7190844913986646e-05
-7.6696004572363876e-05
-7.6082221301376890e-05
-7.5551661203247423e-05
-7.4987747515492301e-05
-7.4422604527810948e-05
-7.3881211146252398e-05
-7.3308793485273225e-05
-7.2796667871688047e-05
-7.2192414452132772e-05
-7.1707830752592365e-05
-7.1104763958765012e-05
-7.0599976416306173e-05
-7.0037036574406895e-05
-6.9501948349955027e-05
-6.8968266983888185e-05
-6.8426200106132644e-05
-6.7900954675304817e-05
-6.7355029217158350e-05
-6.6841112475212364e-05
-6.6275730859017401e-05
-6.5795639992353292e-05
-6.5208163417599687e-05
-6.4743276961571529e-05
-6.4162304089252246e-05
-6.3691778303806424e-05
-6.3117762742298004e-05
-6.2648197908396919e-05
-6.2067139246984779e-05
-6.1614905551424099e-05
-6.1027256131594534e-05
-6.0576930189008038e-05
-6.0001588352218694e-05
-5.9541871154531018e-05
-5.8975171118055032e-05
-5.8510296278011240e-05
-5.7944512556324240e-05
-5.7488362428521658e-05
-5.6921682830385828e-05
-5.6457057720046209e-05
-5.5916261948826269e-05
-5.5425741595256136e-05
-5.4912546145222659e-05
-5.4402489658692186e-05
-5.3897995008967088e-05
-5.3383717563874443e-05
-5.2888221574534422e-05
-5.2362153217273461e-05
-5.1889542418013314e-05
-5.1336289548777395e-05
-5.0879845746976906e-05
-5.0326429402415405e-05
-4.9855967023650273e-05
-4.9330356631841243e-05
-4.8825174960065798e-05
-4.8336701332576892e-05
-4.7796515712972233e-05
-4.7335475706774468e-05
-4.6775299288068380e-05
-4.6303243704181083e-05
-4.5779212683737622e-05
-4.5274807008298207e-05
-4.4777635607926590e-05
-4.4245323927065985e-05
-4.3773281846037891e-05
-4.3214255452841297e-05
-4.2732898141351598e-05
-4.2208849926946002e-05
-4.1690476455998924e-05
-4.1201874790417345e-05
-4.0642313972351469e-05
-4.0153109609965276e-05
-3.9627956649768718e-05
-3.9099463320051012e-05
-3.8604321798135615e-05
-3.8036484628321848e-05
0.0000000000000000e+00
];
