%Vec Object:dSdr_b_aug_3610 1 MPI processes
%  type: seq
dSdr_b_aug_3610 = [
2.3621991317214174e+03
0.0000000000000000e+00
-1.1329739425788802e-06
-4.6666600882218397e-07
-2.8855594229693262e-07
-2.0432542102782812e-07
-1.5331629800525091e-07
-1.2179186392829355e-07
-1.0042445709005383e-07
-8.4311961818894948e-08
-7.2348077309898831e-08
-6.3177804516124414e-08
-5.5706474550271223e-08
-4.9653380449070554e-08
-4.4690963652740964e-08
-4.0505948523244772e-08
-3.6929375874442996e-08
-3.3877799704284370e-08
-3.1239280323509725e-08
-2.8910710021446911e-08
-3.1560738155868068e-08
-6.7665528286734532e-05
-6.8451095695114456e-04
-6.5557708335228944e-04
-6.1197637733682191e-04
-5.6975360986154526e-04
-5.2929287935844479e-04
-4.8844266784121534e-04
-4.4654698059698765e-04
-4.0179875391637180e-04
-3.6242563174389958e-04
-3.2459794302122294e-04
-2.8889828517393102e-04
-2.5125583838184873e-04
-2.2064193435712533e-04
-1.9400008332947185e-04
-1.7069758075045387e-04
-1.4868986313289870e-04
-1.3202065483322391e-04
-1.1937671578420474e-04
-1.0939028673687804e-04
-1.0133641225705920e-04
-9.6313052501189185e-05
-9.3243751586234887e-05
-9.1559903492018270e-05
-9.1150837329369408e-05
-9.1630057388709997e-05
-9.2633696015906509e-05
-9.4089699480941498e-05
-9.6056000266576003e-05
-9.7785693680870164e-05
-9.9600064566454026e-05
-1.0144535073351667e-04
-1.0321866058965848e-04
-1.0470217194603308e-04
-1.0602643865726319e-04
-1.0729301313075705e-04
-1.0831073130833942e-04
-1.0914144709893304e-04
-1.0980492689704950e-04
-1.1039671338372130e-04
-1.1077729986479845e-04
-1.1099434296009392e-04
-1.1115790973063272e-04
-1.1122105747748768e-04
-1.1114874058952982e-04
-1.1101266162248049e-04
-1.1081643065309193e-04
-1.1053180332987464e-04
-1.1018903796694651e-04
-1.0982530225864167e-04
-1.0941155053905819e-04
-1.0896384147215512e-04
-1.0844997330783378e-04
-1.0794778257940532e-04
-1.0741842272095756e-04
-1.0683977084940714e-04
-1.0628589755067891e-04
-1.0572159045696308e-04
-1.0508032973619949e-04
-1.0448788463906401e-04
-1.0389221967641368e-04
-1.0323737625071398e-04
-1.0263347289741459e-04
-1.0203331010711806e-04
-1.0133557210372777e-04
-1.0073249688779318e-04
-1.0011011816576392e-04
-9.9433683217024007e-05
-9.8832323644390278e-05
-9.8194390675714451e-05
-9.7522370887154802e-05
-9.6917989455050954e-05
-9.6259276215468725e-05
-9.5624975450328317e-05
-9.5031274135871466e-05
-9.4345198241670752e-05
-9.3740718364308977e-05
-9.3135481387644951e-05
-9.2438475341428909e-05
-9.1877081173077674e-05
-9.1242025348884401e-05
-9.0595242994458101e-05
-9.0033725103022584e-05
-8.9345625451649002e-05
-8.8766292416375900e-05
-8.8180353968771177e-05
-8.7516726763588634e-05
-8.6965442677826245e-05
-8.6325390712183470e-05
-8.5718743992876253e-05
-8.5161816295249962e-05
-8.4505989649944030e-05
-8.3959870820426931e-05
-8.3341080854750426e-05
-8.2756898668759490e-05
-8.2178321412164839e-05
-8.1564674705150318e-05
-8.1023958472536920e-05
-8.0387958473817663e-05
-7.9855472285288894e-05
-7.9259392463851139e-05
-7.8670571862351503e-05
-7.8147182592470883e-05
-7.7501399387722888e-05
-7.7002813700609312e-05
-7.6384583583430528e-05
-7.5850224483716908e-05
-7.5282020793198532e-05
-7.4712829405019110e-05
-7.4167432461333884e-05
-7.3590737340097946e-05
-7.3074848029784699e-05
-7.2466096668519591e-05
-7.1977851739662529e-05
-7.1370324647715845e-05
-7.0861725215987196e-05
-7.0294554788795756e-05
-6.9755466070287275e-05
-6.9217716242090402e-05
-6.8671527983909394e-05
-6.8142337470917407e-05
-6.7592150249431426e-05
-6.7074364490904366e-05
-6.6504648099706374e-05
-6.6020736461317706e-05
-6.5428881245054859e-05
-6.4960210601433700e-05
-6.4374812260744699e-05
-6.3900598810310590e-05
-6.3322002351166978e-05
-6.2848782259514562e-05
-6.2263121081712158e-05
-6.1807247129015155e-05
-6.1214965781516189e-05
-6.0760973032460291e-05
-6.0181044990330538e-05
-5.9717617615960603e-05
-5.9146332988223562e-05
-5.8677660032066736e-05
-5.8107334824573684e-05
-5.7647302663995685e-05
-5.7076138321921971e-05
-5.6607561728077324e-05
-5.6062295810860690e-05
-5.5567747851887437e-05
-5.5050146200416461e-05
-5.4535916438882882e-05
-5.4027103996092048e-05
-5.3508493185249607e-05
-5.3008788742380868e-05
-5.2478215749073935e-05
-5.2001535506778317e-05
-5.1443548796859067e-05
-5.0983119716671319e-05
-5.0424959203401986e-05
-4.9950369464375802e-05
-4.9420155064556489e-05
-4.8910596070646540e-05
-4.8417696699851389e-05
-4.7872870410932740e-05
-4.7407617454281472e-05
-4.6842495241856547e-05
-4.6366236765004368e-05
-4.5837381961439645e-05
-4.5328501587264260e-05
-4.4826759986997211e-05
-4.4289621270417621e-05
-4.3813224680415205e-05
-4.3249074418098330e-05
-4.2763267229534688e-05
-4.2234390543434725e-05
-4.1711190706087878e-05
-4.1218046968334228e-05
-4.0653241208105076e-05
-4.0159474520238999e-05
-3.9629400299929607e-05
-3.9095939728422916e-05
-3.8596401724352183e-05
-3.8024345937357868e-05
0.0000000000000000e+00
];
