%Vec Object:dSdr_b_aug_6760 1 MPI processes
%  type: seq
dSdr_b_aug_6760 = [
2.3046827926091792e+03
0.0000000000000000e+00
-7.7019182433244036e-07
-3.1825485716737924e-07
-1.9786632007103986e-07
-1.4051098085014946e-07
-1.0532804042946863e-07
-8.3573701185021462e-08
-6.8828841096739162e-08
-5.7743307813468577e-08
-4.9511159134840770e-08
-4.3200077127122418e-08
-3.8062912833617322e-08
-3.3901473877422037e-08
-3.0489638838615929e-08
-2.7612912476851953e-08
-2.5155076057029964e-08
-2.3062300470622833e-08
-8.1812462962629545e-07
-6.6527950270551747e-04
-7.5004159682362439e-04
-7.1144193001224131e-04
-6.7299829523039814e-04
-6.3469822172863854e-04
-5.9218471155071065e-04
-5.5114592243578071e-04
-5.1179911077666839e-04
-4.7205929163262830e-04
-4.3128230198240892e-04
-3.8769781525181056e-04
-3.4934301564922476e-04
-3.1247751889862488e-04
-2.7767385921005058e-04
-2.4096625708632920e-04
-2.1110793234675846e-04
-1.8511926032806317e-04
-1.6238634954998221e-04
-1.4091750772264163e-04
-1.2465681894490858e-04
-1.1232449014354602e-04
-1.0259072740333589e-04
-9.4746523521139258e-05
-8.9862051052122627e-05
-8.6888345143840332e-05
-8.5269737724363436e-05
-8.4900193090674489e-05
-8.5398936659567627e-05
-8.6411100451450661e-05
-8.7866385738468838e-05
-8.9827598673956213e-05
-9.1553630955062526e-05
-9.3362284996388148e-05
-9.5204566994749917e-05
-9.6978801235569353e-05
-9.8466185424992230e-05
-9.9799042407874017e-05
-1.0108026551584328e-04
-1.0211480342330434e-04
-1.0296512305290084e-04
-1.0365343062964749e-04
-1.0427432772629387e-04
-1.0468453082773763e-04
-1.0493451414997648e-04
-1.0513765051529814e-04
-1.0523704316900348e-04
-1.0520321015532988e-04
-1.0510980945454022e-04
-1.0495758825180139e-04
-1.0471564786059895e-04
-1.0441799150764874e-04
-1.0410232526111973e-04
-1.0373298193129648e-04
-1.0332987701202163e-04
-1.0286887665300078e-04
-1.0241225914900394e-04
-1.0192819711255197e-04
-1.0140324044946662e-04
-1.0089470734248630e-04
-1.0037556944068153e-04
-9.9789324431673356e-05
-9.9242350720840915e-05
-9.8692657004605000e-05
-9.8091274239628775e-05
-9.7532591491497844e-05
-9.6977975816906652e-05
-9.6334191980741691e-05
-9.5776155505921642e-05
-9.5199905783756018e-05
-9.4575192139001251e-05
-9.4018124172833399e-05
-9.3427046152068602e-05
-9.2805523921940422e-05
-9.2245053237366916e-05
-9.1634505904051558e-05
-9.1047589792474053e-05
-9.0497045657811866e-05
-8.9860701094719006e-05
-8.9301711719108512e-05
-8.8739745077745437e-05
-8.8093402511910682e-05
-8.7574661290136974e-05
-8.6984480872105067e-05
-8.6385398921748710e-05
-8.5865954678594484e-05
-8.5226489808731132e-05
-8.4690704422472505e-05
-8.4147805419677776e-05
-8.3531922029628114e-05
-8.3021927263892653e-05
-8.2428775399478869e-05
-8.1866276342139877e-05
-8.1350847745469281e-05
-8.0743407299876195e-05
-8.0237255576457646e-05
-7.9664789685268946e-05
-7.9123495489893819e-05
-7.8587468568877273e-05
-7.8019842925841688e-05
-7.7519172402566887e-05
-7.6930065401192190e-05
-7.6438463341522636e-05
-7.5885907223213799e-05
-7.5341194897142610e-05
-7.4858566375926241e-05
-7.4259375232987892e-05
-7.3799889186944862e-05
-7.3228082031625386e-05
-7.2733382729496814e-05
-7.2209964643685486e-05
-7.1683036661527897e-05
-7.1179435040460068e-05
-7.0647394606248668e-05
-7.0170796559087070e-05
-6.9609001612797153e-05
-6.9158978253558309e-05
-6.8598014614680813e-05
-6.8129209581680852e-05
-6.7606204537235513e-05
-6.7108879176825805e-05
-6.6613602267678946e-05
-6.6110439380152801e-05
-6.5622433783310368e-05
-6.5116737482617067e-05
-6.4639342579659264e-05
-6.4114879343180129e-05
-6.3670854935246341e-05
-6.3124710847818231e-05
-6.2695545547184842e-05
-6.2156347219440258e-05
-6.1720631502174797e-05
-6.1189857699003996e-05
-6.0754797069238508e-05
-6.0217184283327608e-05
-5.9799313242058466e-05
-5.9255387382242455e-05
-5.8839674763625905e-05
-5.8307624953705332e-05
-5.7882930543881261e-05
-5.7359507373359077e-05
-5.6930485506317975e-05
-5.6407571848719423e-05
-5.5988066920327298e-05
-5.5463721881557630e-05
-5.5036397669620425e-05
-5.4537798789410400e-05
-5.4085298036746725e-05
-5.3613696029194461e-05
-5.3143034374103698e-05
-5.2679298836893397e-05
-5.2205927623823911e-05
-5.1750158889055136e-05
-5.1266613758416276e-05
-5.0832418343999711e-05
-5.0323852656178728e-05
-4.9905030185805730e-05
-4.9396399005550415e-05
-4.8964899707563226e-05
-4.8482752084764645e-05
-4.8018893792662400e-05
-4.7572201102555193e-05
-4.7075825834266334e-05
-4.6654559397100098e-05
-4.6141075150987054e-05
-4.5708700145331079e-05
-4.5230211966461750e-05
-4.4768055630505033e-05
-4.4314037213496380e-05
-4.3827305801530331e-05
-4.3396387284656035e-05
-4.2885752152908946e-05
-4.2446431118968866e-05
-4.1968003634887938e-05
-4.1495247120360364e-05
-4.1049604393722352e-05
-4.0539681397577630e-05
-4.0093752267394506e-05
-3.9615433664620198e-05
-3.9134638307510270e-05
-3.8683275224775528e-05
-3.8167383803091280e-05
0.0000000000000000e+00
];
