%Vec Object:dSdr_b_aug_1930 1 MPI processes
%  type: seq
dSdr_b_aug_1930 = [
2.4132904593983912e+03
0.0000000000000000e+00
-1.6216343448874059e-06
-6.6414443592328705e-07
-4.0732101306366511e-07
-2.8682882236023697e-07
-2.1486789060908335e-07
-1.7042193959588694e-07
-1.4029947093911913e-07
-1.1754013718063848e-07
-1.0064548123229538e-07
-8.7698673814027516e-08
-7.7150217971105055e-08
-6.8605645492359786e-08
-6.1601810378142557e-08
-5.5696746395056475e-08
-5.0651792075801239e-08
-4.6347983024954091e-08
-4.2627404354431624e-08
-3.9345299804824361e-08
-3.6470139571577869e-08
-3.3934523743963221e-08
-3.1846318790082272e-08
-1.1825687640893238e-06
-3.5631382593257941e-04
-5.8132504338237305e-04
-5.4562303107425923e-04
-5.0393572080798107e-04
-4.6099239472100292e-04
-4.1514357378348620e-04
-3.7480679171881008e-04
-3.3606850760535366e-04
-2.9952089329732793e-04
-2.6099372565642292e-04
-2.2966475434121653e-04
-2.0240474586838737e-04
-1.7856319134343314e-04
-1.5604549089885344e-04
-1.3898966669088840e-04
-1.2605082499213871e-04
-1.1582527681961474e-04
-1.0757297360897197e-04
-1.0241817321496096e-04
-9.9258402834455128e-05
-9.7512812137579745e-05
-9.7066343511733458e-05
-9.7527086877823488e-05
-9.8522657447822342e-05
-9.9979340588382556e-05
-1.0195045642517185e-04
-1.0368361467092336e-04
-1.0550339587547508e-04
-1.0735152513075649e-04
-1.0912396015908185e-04
-1.1060380632816164e-04
-1.1191994335006679e-04
-1.1317265460271640e-04
-1.1417445487302042e-04
-1.1498661792405471e-04
-1.1562660113607262e-04
-1.1619083783774270e-04
-1.1654339565509114e-04
-1.1672926468281877e-04
-1.1685538346448314e-04
-1.1688422955467021e-04
-1.1677549202888995e-04
-1.1659902293066542e-04
-1.1636114172804521e-04
-1.1603611608651940e-04
-1.1565066019837697e-04
-1.1524143224945639e-04
-1.1478565307070848e-04
-1.1429573128790330e-04
-1.1373182982803902e-04
-1.1318650927515148e-04
-1.1261428023285570e-04
-1.1198481203823440e-04
-1.1138802946532827e-04
-1.1078097493248356e-04
-1.1008764819756837e-04
-1.0945216967633563e-04
-1.0881299823348620e-04
-1.0810756047681000e-04
-1.0746086105622723e-04
-1.0681759323076828e-04
-1.0606879390285782e-04
-1.0542309477028809e-04
-1.0475706033003449e-04
-1.0403167720246902e-04
-1.0338840079059646e-04
-1.0270612508064676e-04
-1.0198631524680413e-04
-1.0134037741551833e-04
-1.0063608076759486e-04
-9.9956935958665514e-05
-9.9322391410045728e-05
-9.8589250617552875e-05
-9.7941719290697780e-05
-9.7295531992667430e-05
-9.6550578879085701e-05
-9.5948818676153436e-05
-9.5271293530553477e-05
-9.4579368335778887e-05
-9.3978032669846795e-05
-9.3243905899828271e-05
-9.2623360121479604e-05
-9.1996689886881107e-05
-9.1287878759293043e-05
-9.0697519175388948e-05
-9.0013081764374385e-05
-8.9364654461578620e-05
-8.8768452733753835e-05
-8.8066834225917221e-05
-8.7482891220733524e-05
-8.6820260953400380e-05
-8.6195490317308562e-05
-8.5576644161976088e-05
-8.4919443918585354e-05
-8.4340829123702538e-05
-8.3660450406794877e-05
-8.3089272190918151e-05
-8.2452002294923491e-05
-8.1821438389997902e-05
-8.1259473859380177e-05
-8.0569596739622093e-05
-8.0034007836787249e-05
-7.9371843839135553e-05
-7.8799951402742235e-05
-7.8189363399819832e-05
-7.7580174665921157e-05
-7.6995223363352883e-05
-7.6376267830525704e-05
-7.5823193962188605e-05
-7.5170003875361092e-05
-7.4645586730019592e-05
-7.3993992806964753e-05
-7.3447732662344222e-05
-7.2838764899029108e-05
-7.2260152080757563e-05
-7.1682206637653463e-05
-7.1095299935297894e-05
-7.0527132754283096e-05
-6.9934840120063752e-05
-6.9378829182025598e-05
-6.8766286016574992e-05
-6.8244625824375794e-05
-6.7609510419200933e-05
-6.7103452637636178e-05
-6.6474331441038326e-05
-6.5963684442289146e-05
-6.5339829490661345e-05
-6.4830495990363568e-05
-6.4199362693683626e-05
-6.3707523495228169e-05
-6.3069479405853993e-05
-6.2579259063166656e-05
-6.1954019953766826e-05
-6.1453936440283955e-05
-6.0837356630408900e-05
-6.0331158648138194e-05
-5.9715964054764770e-05
-5.9217577713516259e-05
-5.8602104491561541e-05
-5.8094487462936135e-05
-5.7505056784286101e-05
-5.6970716201241452e-05
-5.6409581417570252e-05
-5.5854119701132487e-05
-5.5302647414896880e-05
-5.4741222806722538e-05
-5.4199938561682685e-05
-5.3624859424059466e-05
-5.3107972507337008e-05
-5.2503214855425012e-05
-5.2003410283130471e-05
-5.1398376385327986e-05
-5.0883006951970331e-05
-5.0307303385392951e-05
-4.9754494487880911e-05
-4.9217866423146634e-05
-4.8627187511698951e-05
-4.8120307140080215e-05
-4.7506316429602459e-05
-4.6988528296350708e-05
-4.6412008458485955e-05
-4.5858910531729381e-05
-4.5312006063974053e-05
-4.4727164618947136e-05
-4.4207730678284437e-05
-4.3592937567474238e-05
-4.3063140471943855e-05
-4.2486524579807516e-05
-4.1915592983411425e-05
-4.1377505013515592e-05
-4.0760774188385176e-05
-4.0221759227286827e-05
-3.9642748397734963e-05
-3.9059539503339355e-05
-3.8514669621273629e-05
-3.7890834409893893e-05
0.0000000000000000e+00
];
