%Vec Object:dSdr_b_aug_4690 1 MPI processes
%  type: seq
dSdr_b_aug_4690 = [
2.3401581511186250e+03
0.0000000000000000e+00
-9.7472764037600815e-07
-4.0209595032735204e-07
-2.4924173693007412e-07
-1.7673572303904033e-07
-1.3259353471904477e-07
-1.0530723059534564e-07
-8.6812336094512252e-08
-7.2881285573635942e-08
-6.2536550990242047e-08
-5.4606720665270302e-08
-4.8147845403756673e-08
-4.2915146088122784e-08
-3.8625142710150149e-08
-3.5007347978539304e-08
-3.1915689629714412e-08
-2.9277786005635648e-08
-2.6996955316302500e-08
-2.7789453144999001e-08
-7.5621006990310294e-05
-7.1848106775630164e-04
-6.8596292842396979e-04
-6.4707023745259808e-04
-6.0381417682711430e-04
-5.6207741525565453e-04
-5.2207613715968683e-04
-4.8168399534100862e-04
-4.4024980685307934e-04
-3.9598166051368785e-04
-3.5702862932378981e-04
-3.1959787589706806e-04
-2.8426784625691605e-04
-2.4701105310938342e-04
-2.1670884996494009e-04
-1.9033645639367515e-04
-1.6726892884582264e-04
-1.4548351491085309e-04
-1.2898283412191675e-04
-1.1646744437764039e-04
-1.0658524835558735e-04
-9.8617869782044343e-05
-9.3651805530863219e-05
-9.0621940608537007e-05
-8.8965006343319397e-05
-8.8572244037656394e-05
-8.9059518130399807e-05
-9.0066673623152255e-05
-9.1522380780734820e-05
-9.3486582632199396e-05
-9.5214765681341816e-05
-9.7026778157127767e-05
-9.8870824982879774e-05
-1.0064451615487426e-04
-1.0212962515849792e-04
-1.0345743561390544e-04
-1.0473005318673137e-04
-1.0575471013075566e-04
-1.0659351321761688e-04
-1.0726723535133478e-04
-1.0787103097560226e-04
-1.0826383533574670e-04
-1.0849446740168177e-04
-1.0867435796800112e-04
-1.0875245793734178e-04
-1.0869601689701533e-04
-1.0857754409961245e-04
-1.0839946858657757e-04
-1.0813245100738778e-04
-1.0780829457372640e-04
-1.0746438907658193e-04
-1.0706895725737603e-04
-1.0663964884711671e-04
-1.0614759036524257e-04
-1.0566420006865379e-04
-1.0515352702949002e-04
-1.0459702617051065e-04
-1.0406185716970187e-04
-1.0351618383082363e-04
-1.0289761887257613e-04
-1.0232393219502255e-04
-1.0174723186031281e-04
-1.0111444268800810e-04
-1.0052919429868840e-04
-9.9947821168444288e-05
-9.9272341005585918e-05
-9.8687845728601895e-05
-9.8084496712428490e-05
-9.7429398475739321e-05
-9.6846310624655569e-05
-9.6227706838695998e-05
-9.5576518927398130e-05
-9.4990252100051565e-05
-9.4351408855723398e-05
-9.3736655793792207e-05
-9.3160758212894917e-05
-9.2495198102170127e-05
-9.1909484529029668e-05
-9.1322097966097275e-05
-9.0645992244948583e-05
-9.0102193797455309e-05
-8.9485650529437990e-05
-8.8858546133079402e-05
-8.8314384981006297e-05
-8.7646348748539617e-05
-8.7084980525534351e-05
-8.6516797239498454e-05
-8.5872865900701409e-05
-8.5338614993396651e-05
-8.4717910834819388e-05
-8.4129476452359723e-05
-8.3589668474508470e-05
-8.2953802699831900e-05
-8.2424171592601004e-05
-8.1824491804157248e-05
-8.1258002299671874e-05
-8.0696978430917844e-05
-8.0102316899379947e-05
-7.9578120815225638e-05
-7.8961465692580993e-05
-7.8445845527577490e-05
-7.7867720639322689e-05
-7.7297096125930717e-05
-7.6790521981101166e-05
-7.6163959506508110e-05
-7.5681503683741372e-05
-7.5082424537403303e-05
-7.4564426384558154e-05
-7.4014698202000176e-05
-7.3462941833192961e-05
-7.2934786809272862e-05
-7.2376513187976001e-05
-7.1876832791778152e-05
-7.1287452467449870e-05
-7.0814975169368260e-05
-7.0226657004666628e-05
-6.9734474046357243e-05
-6.9185523264665290e-05
-6.8663663278719088e-05
-6.8143434899796258e-05
-6.7614995994891414e-05
-6.7102795588054389e-05
-6.6570962306366748e-05
-6.6069839078029328e-05
-6.5518791072413621e-05
-6.5051334202247200e-05
-6.4478336300289782e-05
-6.4025962883575659e-05
-6.3459623537260036e-05
-6.3001291641635404e-05
-6.2442423569088410e-05
-6.1984945483886409e-05
-6.1419105815453136e-05
-6.0978909286492860e-05
-6.0406576134619583e-05
-5.9968375170399629e-05
-5.9408198439810202e-05
-5.8960749658131508e-05
-5.8409209420806931e-05
-5.7956893812426259e-05
-5.7406127392936226e-05
-5.6962814016322157e-05
-5.6410964140072667e-05
-5.5959405476471874e-05
-5.5433391208789419e-05
-5.4956189069044031e-05
-5.4457563744032905e-05
-5.3961307220047864e-05
-5.3471090441998837e-05
-5.2971142410267184e-05
-5.2489562848361551e-05
-5.1978390347875459e-05
-5.1519236447889160e-05
-5.0981637482020010e-05
-5.0538372446023007e-05
-5.0000644352927842e-05
-4.9543830779969561e-05
-4.9033445441372789e-05
-4.8542739421591790e-05
-4.8068901752140598e-05
-4.7544063020361347e-05
-4.7096955862539793e-05
-4.6553135907596192e-05
-4.6094980697444324e-05
-4.5586903655792990e-05
-4.5097298340784435e-05
-4.4615243956003496e-05
-4.4098899710676095e-05
-4.3641264085413115e-05
-4.3099190276989669e-05
-4.2632559787749772e-05
-4.2124494574004741e-05
-4.1622103616747712e-05
-4.1148554697586928e-05
-4.0606388515580476e-05
-4.0132354211175969e-05
-3.9623626980837206e-05
-3.9111884353518318e-05
-3.8632197396003926e-05
-3.8083192182185030e-05
0.0000000000000000e+00
];
