%Vec Object:dSdr_b_aug_1270 1 MPI processes
%  type: seq
dSdr_b_aug_1270 = [
2.4475239760231166e+03
0.0000000000000000e+00
-2.0851762715425394e-06
-8.5181721214221547e-07
-5.2019560536253291e-07
-3.6551590237127409e-07
-2.7400967764791715e-07
-2.1751273992451616e-07
-1.7922299921878542e-07
-1.5022944703699143e-07
-1.2870862537409798e-07
-1.1221878983790141e-07
-9.8775342545706700e-08
-8.7884744934154038e-08
-7.8958341757933913e-08
-7.1431284433362938e-08
-6.4999480081850957e-08
-5.9512700183619017e-08
-5.4769437871892851e-08
-5.0584464140176039e-08
-4.6918451034018648e-08
-4.3685466132991624e-08
-4.0779272694690695e-08
-3.8181948522572312e-08
-3.7600157742774388e-08
-3.2081549106666998e-06
-3.3098769258236530e-04
-5.0417063310437336e-04
-4.6955651740129362e-04
-4.2358000817072165e-04
-3.8267638703731646e-04
-3.4336359125313127e-04
-3.0627724737772050e-04
-2.6718745811290373e-04
-2.3540369049394736e-04
-2.0775050961719069e-04
-1.8356609415998921e-04
-1.6072402131475923e-04
-1.4342229150827768e-04
-1.3029587798444982e-04
-1.1991823884479699e-04
-1.1153972561671173e-04
-1.0630132268105780e-04
-1.0308400929148299e-04
-1.0129914718272886e-04
-1.0082888858548329e-04
-1.0127787964423511e-04
-1.0226831828883752e-04
-1.0372543347396675e-04
-1.0569961165281812e-04
-1.0743497346060854e-04
-1.0925819565951290e-04
-1.1110813304422178e-04
-1.1288001144832626e-04
-1.1435752620988005e-04
-1.1566849220498630e-04
-1.1691238564726768e-04
-1.1790406124221556e-04
-1.1870442375143457e-04
-1.1932946191359091e-04
-1.1987617554777498e-04
-1.2021090571638472e-04
-1.2037694647876402e-04
-1.2047924649281541e-04
-1.2048627506617285e-04
-1.2035437227794123e-04
-1.2015221313546411e-04
-1.1988784040574200e-04
-1.1953711951551485e-04
-1.1912451042904298e-04
-1.1868634726032418e-04
-1.1820383662622105e-04
-1.1768706555687426e-04
-1.1709134055679214e-04
-1.1651858739469270e-04
-1.1591909152338791e-04
-1.1525730174818191e-04
-1.1463322684788545e-04
-1.1399898292258260e-04
-1.1327253974666916e-04
-1.1260968993384879e-04
-1.1194284631417542e-04
-1.1120522817637491e-04
-1.1053130841381870e-04
-1.0986062367379309e-04
-1.0907934686301631e-04
-1.0840653683576164e-04
-1.0771273522994190e-04
-1.0695621868737494e-04
-1.0628628112351500e-04
-1.0557580127729181e-04
-1.0482559466315758e-04
-1.0415322494397027e-04
-1.0341993504463716e-04
-1.0271226725678917e-04
-1.0205174443323015e-04
-1.0128866809862061e-04
-1.0061375399468454e-04
-9.9941520347807144e-05
-9.9166070628631652e-05
-9.8538635711718141e-05
-9.7834098090299323e-05
-9.7113459962754113e-05
-9.6486798355451447e-05
-9.5723396212111993e-05
-9.5076637228671735e-05
-9.4424059700466524e-05
-9.3686509514136432e-05
-9.3071296115149264e-05
-9.2358627515615966e-05
-9.1683625839185390e-05
-9.1062444023318672e-05
-9.0331699782877993e-05
-8.9723698867123712e-05
-8.9033184153035038e-05
-8.8382597400843199e-05
-8.7738138380234767e-05
-8.7053236089711469e-05
-8.6450516076570002e-05
-8.5741910461194194e-05
-8.5146122348856077e-05
-8.4482653683348819e-05
-8.3825539131034065e-05
-8.3239038977249373e-05
-8.2521116115062001e-05
-8.1961991486469881e-05
-8.1271883539123864e-05
-8.0676118199449846e-05
-8.0038571847932636e-05
-7.9403942990204990e-05
-7.8793833326173951e-05
-7.8147998258421870e-05
-7.7571273337270549e-05
-7.6889818211516581e-05
-7.6342393914823376e-05
-7.5662771500975554e-05
-7.5092557457899820e-05
-7.4457004714565851e-05
-7.3853252803928845e-05
-7.3249741157058513e-05
-7.2636935711192056e-05
-7.2043977641695492e-05
-7.1424904095621596e-05
-7.0844580259796729e-05
-7.0204797373133972e-05
-6.9659127448777868e-05
-6.8996496662305482e-05
-6.8466659037339382e-05
-6.7809728194169502e-05
-6.7275907893466253e-05
-6.6623266573030254e-05
-6.6090963409997421e-05
-6.5430907885584869e-05
-6.4916193280393128e-05
-6.4249042133806007e-05
-6.3735779539960102e-05
-6.3081720682531652e-05
-6.2558322368430527e-05
-6.1912932941385739e-05
-6.1382867535473339e-05
-6.0739134184218894e-05
-6.0216353073316908e-05
-5.9572697641372024e-05
-5.9040249396837807e-05
-5.8422728220844944e-05
-5.7863078048817217e-05
-5.7274254570535646e-05
-5.6692567849981052e-05
-5.6113962393862360e-05
-5.5525306738267667e-05
-5.4957576371553894e-05
-5.4354189880241293e-05
-5.3811730330833662e-05
-5.3177224946767088e-05
-5.2652376564490158e-05
-5.2017529955449472e-05
-5.1476223781042687e-05
-5.0871588166825209e-05
-5.0291271646517607e-05
-4.9726831603169835e-05
-4.9106990022346059e-05
-4.8573634652238149e-05
-4.7928563619949885e-05
-4.7384363376143336e-05
-4.6777529545730151e-05
-4.6196310994941994e-05
-4.5620685427647197e-05
-4.5005508467590725e-05
-4.4458707757394989e-05
-4.3811712378138905e-05
-4.3253947198461850e-05
-4.2646982407306727e-05
-4.2045712524414004e-05
-4.1479068590044892e-05
-4.0829357807066099e-05
-4.0261639163641623e-05
-3.9651641136238016e-05
-3.9037085623098366e-05
-3.8464214124358126e-05
-3.7811871765280556e-05
0.0000000000000000e+00
];
