%Vec Object:dSdr_b_aug_9260 1 MPI processes
%  type: seq
dSdr_b_aug_9260 = [
2.2774559919855778e+03
0.0000000000000000e+00
-6.4748509326678528e-07
-2.6828433640211467e-07
-1.6741699014131933e-07
-1.1921112707715745e-07
-8.9466835932775141e-08
-7.1069698496805315e-08
-5.8599272554622432e-08
-4.9230362522610548e-08
-4.2271775078268949e-08
-3.6936334918174988e-08
-3.2592836532773368e-08
-2.9073799289429012e-08
-2.6188316910316391e-08
-2.3754880748025455e-08
-2.1682064240171265e-08
-2.8848868597515533e-06
-7.8401778359083786e-04
-7.7954157328030585e-04
-7.3771801713540806e-04
-6.9910353591328344e-04
-6.6127600587443899e-04
-6.2358365904620816e-04
-5.8173852340826849e-04
-5.4132672109929189e-04
-5.0256778429659445e-04
-4.6341391334194681e-04
-4.2322725186219151e-04
-3.8025686168311970e-04
-3.4243942299588446e-04
-3.0608166749035773e-04
-2.7175081909320978e-04
-2.3553652729446759e-04
-2.0607691591581297e-04
-1.8043292174359325e-04
-1.5800058053570574e-04
-1.3681609967085493e-04
-1.2077098380839270e-04
-1.0860308959110835e-04
-9.9002657123596949e-05
-9.1269094974047842e-05
-8.6457912364342512e-05
-8.3534651084505120e-05
-8.1950470429286332e-05
-8.1601780754259753e-05
-8.2110826480046386e-05
-8.3127488694212558e-05
-8.4582394771799693e-05
-8.6540922663557314e-05
-8.8265022787557983e-05
-9.0070659901572375e-05
-9.1911356442630682e-05
-9.3686078305899536e-05
-9.5175506004871476e-05
-9.6512895863534994e-05
-9.7801848807395635e-05
-9.8845262230913910e-05
-9.9705926537661761e-05
-1.0040733543141927e-04
-1.0104359386829279e-04
-1.0146942533437567e-04
-1.0173679086842354e-04
-1.0196080771629755e-04
-1.0207932647125835e-04
-1.0206580106568081e-04
-1.0199492132275747e-04
-1.0186592370181164e-04
-1.0164650884458348e-04
-1.0137265613872913e-04
-1.0108235574779597e-04
-1.0073644635565803e-04
-1.0035687867507957e-04
-9.9923776223628246e-05
-9.9491207334532694e-05
-9.9031048586178084e-05
-9.8534426447513494e-05
-9.8049818988364359e-05
-9.7554516499824716e-05
-9.6997302836732070e-05
-9.6474324006090117e-05
-9.5948888942933705e-05
-9.5375716937311751e-05
-9.4840896735794053e-05
-9.4310315905359363e-05
-9.3695003249644304e-05
-9.3160733354565004e-05
-9.2608825533680334e-05
-9.2011404806038717e-05
-9.1477709163693730e-05
-9.0911356122507227e-05
-9.0316481049564299e-05
-8.9779181713562582e-05
-8.9194051143388149e-05
-8.8632139534214994e-05
-8.8104369097198574e-05
-8.7494267360654177e-05
-8.6959282959045008e-05
-8.6420149727428185e-05
-8.5800541876833157e-05
-8.5304308273957449e-05
-8.4737808258212636e-05
-8.4163897448106715e-05
-8.3666655150041661e-05
-8.3052854484683548e-05
-8.2540048862717115e-05
-8.2019861449081301e-05
-8.1429172108216929e-05
-8.0940965404843098e-05
-8.0372562368811453e-05
-7.9833359699322783e-05
-7.9339829865625796e-05
-7.8757922451953952e-05
-7.8272861070386880e-05
-7.7724840044247532e-05
-7.7206177519485445e-05
-7.6692604091502885e-05
-7.6149263418300294e-05
-7.5669724716956663e-05
-7.5105362798766093e-05
-7.4635334989268536e-05
-7.4105746004582838e-05
-7.3584309286804330e-05
-7.3123189910331463e-05
-7.2548585051663552e-05
-7.2109731597774952e-05
-7.1562421494989617e-05
-7.1088650376575682e-05
-7.0588865323648167e-05
-7.0084239430475272e-05
-6.9602692895004165e-05
-6.9094216411554868e-05
-6.8638352078661123e-05
-6.8101335688787806e-05
-6.7671481576345719e-05
-6.7135089132683737e-05
-6.6687283318047713e-05
-6.6187584027511623e-05
-6.5712296892234630e-05
-6.5239432639074051e-05
-6.4758973933202267e-05
-6.4292701325667639e-05
-6.3810482568587453e-05
-6.3354401637988970e-05
-6.2853818173123452e-05
-6.2430841981313295e-05
-6.1908819338440401e-05
-6.1500500738274539e-05
-6.0985681839188578e-05
-6.0570281118667005e-05
-6.0064743004500671e-05
-5.9649818872953086e-05
-5.9137560900320967e-05
-5.8739743751980123e-05
-5.8221334763522848e-05
-5.7825822330386819e-05
-5.7319037554609966e-05
-5.6914782294836235e-05
-5.6416615314397656e-05
-5.6008517093332376e-05
-5.5510622222929528e-05
-5.5112503284641525e-05
-5.4612864520834239e-05
-5.4207308967580413e-05
-5.3733336026127261e-05
-5.3303023370717933e-05
-5.2855695140335039e-05
-5.2408024169002002e-05
-5.1968075508087014e-05
-5.1518577035537703e-05
-5.1085993002514481e-05
-5.0627264296273060e-05
-5.0215487998702740e-05
-4.9733001626695591e-05
-4.9336134887953193e-05
-4.8853640229642835e-05
-4.8444879728682838e-05
-4.7988096915817929e-05
-4.7548354916659619e-05
-4.7126045570781133e-05
-4.6655238031787457e-05
-4.6257183509837196e-05
-4.5770948884321801e-05
-4.5361731616050249e-05
-4.4909822425151838e-05
-4.4472323083932746e-05
-4.4043489122981509e-05
-4.3583358850627686e-05
-4.3176440732223511e-05
-4.2694047631026200e-05
-4.2279260214450871e-05
-4.1827458695875775e-05
-4.1381326661631334e-05
-4.0960758343077442e-05
-4.0479809458769920e-05
-4.0059144808814127e-05
-3.9608175201470544e-05
-3.9155251379432793e-05
-3.8729535337134486e-05
-3.8244475880196389e-05
0.0000000000000000e+00
];
