%Vec Object:dSdr_b_aug_230 1 MPI processes
%  type: seq
dSdr_b_aug_230 = [
2.5841111003992619e+03
0.0000000000000000e+00
-6.1109100694295239e-06
-2.4615157273823139e-06
-1.4713145702597447e-06
-1.0222731573045885e-06
-7.6746668852482027e-07
-6.1044905154512834e-07
-5.0405263559565167e-07
-4.2268146298684471e-07
-3.6230890844135205e-07
-3.1607694307118617e-07
-2.7830393904456568e-07
-2.4769713431613033e-07
-2.2261665325396875e-07
-2.0146154859538161e-07
-1.8337773808034356e-07
-1.6795329816615728e-07
-1.5462008734598592e-07
-1.4285326366026077e-07
-1.3254674810261687e-07
-1.2345881170083670e-07
-1.1528878527663819e-07
-1.0798571351107959e-07
-1.0143440865037130e-07
-9.5489458761863251e-08
-9.0083484319564271e-08
-8.5170347188266985e-08
-8.0675278824061297e-08
-7.6536056844767302e-08
-7.2735492368357047e-08
-6.9233509671177302e-08
-6.5977974589212604e-08
-6.2969836847981215e-08
-6.0263989940230278e-08
-5.8594320314135269e-08
-6.3322069957175078e-08
-1.0704573076355576e-07
-3.5659866653840652e-07
-1.3864243888710945e-06
-4.7657031129017524e-06
-1.3829978732706171e-05
-3.2005732651004971e-05
-5.5910154101025728e-05
-7.7017976141879660e-05
-9.1787814198496310e-05
-1.0159623685210814e-04
-1.0819332838607720e-04
-1.1300243137305987e-04
-1.1697199101542702e-04
-1.1989995551302675e-04
-1.2243861477856941e-04
-1.2470904204506987e-04
-1.2672036120038675e-04
-1.2832978203150959e-04
-1.2970284641280422e-04
-1.3096016006404907e-04
-1.3194031232761441e-04
-1.3271136140481274e-04
-1.3328864113435417e-04
-1.3377411493212921e-04
-1.3404434039516997e-04
-1.3413712975876132e-04
-1.3415044339125232e-04
-1.3407565400844101e-04
-1.3385663294263454e-04
-1.3355770797100690e-04
-1.3319347664401878e-04
-1.3274586235178054e-04
-1.3223083703258775e-04
-1.3168352170568587e-04
-1.3110016618584684e-04
-1.3048210154000691e-04
-1.2976631348200654e-04
-1.2909006223547431e-04
-1.2838769296713004e-04
-1.2760395852416979e-04
-1.2687691333429846e-04
-1.2614008734044614e-04
-1.2528870014802729e-04
-1.2452258188227851e-04
-1.2375133460149965e-04
-1.2289230401718858e-04
-1.2211568535720567e-04
-1.2134156021665983e-04
-1.2043775024058371e-04
-1.1966265439480834e-04
-1.1886409096752907e-04
-1.1799011225248186e-04
-1.1721958570877307e-04
-1.1640269544103382e-04
-1.1553780589215196e-04
-1.1476571219679213e-04
-1.1392303468615687e-04
-1.1310775355990569e-04
-1.1234921819633684e-04
-1.1147319914921521e-04
-1.1069497343123614e-04
-1.0992447027533938e-04
-1.0903396090167501e-04
-1.0830965861682533e-04
-1.0750320689135328e-04
-1.0667423952079095e-04
-1.0595202729400059e-04
-1.0507817392920776e-04
-1.0433251683573784e-04
-1.0358219536967873e-04
-1.0273621743368719e-04
-1.0202723473839383e-04
-1.0120805453243470e-04
-1.0043279218016050e-04
-9.9717364701964531e-05
-9.8876733919906883e-05
-9.8177966613454228e-05
-9.7382248575507207e-05
-9.6634262020104463e-05
-9.5893170049752543e-05
-9.5103752657401140e-05
-9.4410087859323480e-05
-9.3594987001259530e-05
-9.2906350068276702e-05
-9.2144038031549227e-05
-9.1386752546349206e-05
-9.0707683863893950e-05
-8.9883949358960036e-05
-8.9236028716611429e-05
-8.8440493228130525e-05
-8.7754659821272571e-05
-8.7015404508017231e-05
-8.6284794762071492e-05
-8.5579767288567320e-05
-8.4832520721567431e-05
-8.4166564914717117e-05
-8.3378471078225243e-05
-8.2744245319042796e-05
-8.1958876746145265e-05
-8.1298289402501495e-05
-8.0562436744926878e-05
-7.9863840089173821e-05
-7.9163872325835075e-05
-7.8453356205968560e-05
-7.7766867296814770e-05
-7.7046754922440702e-05
-7.6374703774102889e-05
-7.5632151202068888e-05
-7.4995897915450648e-05
-7.4229457606570702e-05
-7.3609904135888261e-05
-7.2848053752545781e-05
-7.2226806214350863e-05
-7.1465560555028496e-05
-7.0846598699267021e-05
-7.0077426537384216e-05
-6.9476409130430337e-05
-6.8699444334638650e-05
-6.8099249793959212e-05
-6.7336461627774181e-05
-6.6725103481555433e-05
-6.5971023399003461e-05
-6.5350913667406357e-05
-6.4599512095737894e-05
-6.3984697617462186e-05
-6.3234719797784553e-05
-6.2608592228069219e-05
-6.1885095421281114e-05
-6.1229961955613764e-05
-6.0536679692416585e-05
-5.9856057060293323e-05
-5.9175090112177447e-05
-5.8483704419474901e-05
-5.7816206205329216e-05
-5.7106030689505053e-05
-5.6467100752666254e-05
-5.5720374320818396e-05
-5.5101053245494703e-05
-5.4353743419062190e-05
-5.3714599110528644e-05
-5.3000826834317092e-05
-5.2316750272975676e-05
-5.1647404868666738e-05
-5.0917565778404460e-05
-5.0284357110689979e-05
-4.9522063393492988e-05
-4.8878259010449822e-05
-4.8157108368366682e-05
-4.7469858472748105e-05
-4.6785949364300254e-05
-4.6056415744349592e-05
-4.5406481687032572e-05
-4.4638142524898271e-05
-4.3975052424481672e-05
-4.3253846710858742e-05
-4.2538475689755589e-05
-4.1864613341842095e-05
-4.1091268257657133e-05
-4.0416551455166234e-05
-3.9692005374274904e-05
-3.8964225159928667e-05
-3.8299907236186120e-05
-3.7615636611604962e-05
0.0000000000000000e+00
];
