%Vec Object:dSdr_b_aug_5020 1 MPI processes
%  type: seq
dSdr_b_aug_5020 = [
2.3324255164343986e+03
0.0000000000000000e+00
-9.2273507791654730e-07
-3.7964551792139045e-07
-2.3474043585088791e-07
-1.6595519986155643e-07
-1.2405664569557612e-07
-9.8159601064648012e-08
-8.0609207517552272e-08
-6.7411265972254198e-08
-5.7612868127521861e-08
-5.0101995437038285e-08
-4.3991671812582859e-08
-3.9043312058681120e-08
-3.4986781120467362e-08
-3.1567934261954270e-08
-2.8648434443300892e-08
-2.6157656388745604e-08
-2.4005856028618388e-08
-1.4221416325924107e-07
-4.0741505133034818e-04
-7.2080700815874827e-04
-6.8368255237695257e-04
-6.4485172421465385e-04
-6.0172805811238540e-04
-5.6011648186782682e-04
-5.2023260383356966e-04
-4.7995747811390690e-04
-4.3864118044094775e-04
-3.9449567153157012e-04
-3.5564995337364927e-04
-3.1832059780648132e-04
-2.8308499037263028e-04
-2.4592671313675623e-04
-2.1570413453879283e-04
-1.8940057435227323e-04
-1.6639307158760691e-04
-1.4466444550420934e-04
-1.2820681535868463e-04
-1.1572426376514424e-04
-1.0586869426483063e-04
-9.7923411241075662e-05
-9.2971983264170485e-05
-8.9952192384131624e-05
-8.8302133360302127e-05
-8.7913535967152533e-05
-8.8402867543086995e-05
-8.9410921490947119e-05
-9.0866553021042080e-05
-9.2830218759814128e-05
-9.4558016041218740e-05
-9.6369426111670835e-05
-9.8213156396787532e-05
-9.9986945024303089e-05
-1.0147246230039651e-04
-1.0280117816065248e-04
-1.0407533948934778e-04
-1.0510176895542445e-04
-1.0594263795790086e-04
-1.0661897651556702e-04
-1.0722583989678781e-04
-1.0762176533687541e-04
-1.0785586873026374e-04
-1.0803992924045641e-04
-1.0812184879517543e-04
-1.0806946328975424e-04
-1.0795548804030857e-04
-1.0778205039071220e-04
-1.0751953127069356e-04
-1.0720012853915877e-04
-1.0686128872231112e-04
-1.0647053677088130e-04
-1.0604592885711502e-04
-1.0555944171327693e-04
-1.0508085403543748e-04
-1.0457495459195279e-04
-1.0402411226294397e-04
-1.0349372132189710e-04
-1.0295280802201384e-04
-1.0234004074990039e-04
-1.0177114595645090e-04
-1.0119929018182463e-04
-1.0057213481992732e-04
-9.9991651885829278e-05
-9.9415078618910247e-05
-9.8745284272279941e-05
-9.8165535284450479e-05
-9.7567047450960908e-05
-9.6917399725784503e-05
-9.6338979428432060e-05
-9.5725313326404951e-05
-9.5079446964997378e-05
-9.4497807554988619e-05
-9.3864040145574332e-05
-9.3254280588317621e-05
-9.2682931011586921e-05
-9.2022611703062261e-05
-9.1441692024292533e-05
-9.0858865389578739e-05
-9.0188098702047713e-05
-8.9648795120783145e-05
-8.9036980920125758e-05
-8.8414903289187031e-05
-8.7875175942752644e-05
-8.7212264941998033e-05
-8.6655485857641597e-05
-8.6091838154384493e-05
-8.5452938154781556e-05
-8.4923038397973847e-05
-8.4307276665830265e-05
-8.3723494651595628e-05
-8.3188059930743518e-05
-8.2557293190048102e-05
-8.2031873894375647e-05
-8.1437075828245009e-05
-8.0875105943881002e-05
-8.0318566112150985e-05
-7.9728754370175721e-05
-7.9208778379569124e-05
-7.8597064932009862e-05
-7.8085753214402005e-05
-7.7512214937087604e-05
-7.6946238637801460e-05
-7.6443959937231104e-05
-7.5822307422563677e-05
-7.5343971992175210e-05
-7.4749784984856317e-05
-7.4235966253846192e-05
-7.3690957661280389e-05
-7.3143655087127638e-05
-7.2619904529754961e-05
-7.2066336700373092e-05
-7.1570796886417538e-05
-7.0986364913715430e-05
-7.0517915470065968e-05
-6.9934504244422460e-05
-6.9446514887179631e-05
-6.8902218329300316e-05
-6.8384759435848437e-05
-6.7869006923638119e-05
-6.7345102102991792e-05
-6.6837241828380750e-05
-6.6310097071747593e-05
-6.5813230293681574e-05
-6.5266951136503130e-05
-6.4803697641226278e-05
-6.4235516847143979e-05
-6.3787306558452401e-05
-6.3225835836642715e-05
-6.2771560881589030e-05
-6.2217732427751008e-05
-6.1764275631623984e-05
-6.1203499366242222e-05
-6.0767307624526875e-05
-6.0200070233242304e-05
-5.9765903265131665e-05
-5.9210771995391845e-05
-5.8767404924330274e-05
-5.8220908373553062e-05
-5.7772771222604227e-05
-5.7227001069516430e-05
-5.6787958471792348e-05
-5.6241042440137517e-05
-5.5793830962837093e-05
-5.5272734482456235e-05
-5.4799963276241347e-05
-5.4306185393534940e-05
-5.3814520062873798e-05
-5.3329053469597237e-05
-5.2833872756875708e-05
-5.2356923095897780e-05
-5.1850706340413290e-05
-5.1396029416691441e-05
-5.0863638359038011e-05
-5.0424757714326623e-05
-4.9892248900603222e-05
-4.9439976038694900e-05
-4.8934655795479630e-05
-4.8448765493111493e-05
-4.7979796819871935e-05
-4.7460063543490324e-05
-4.7017591304020525e-05
-4.6479212512043885e-05
-4.6025681190914941e-05
-4.5522911127194656e-05
-4.5038228779976312e-05
-4.4561202466400886e-05
-4.4050168899010073e-05
-4.3597324174621028e-05
-4.3060887764864359e-05
-4.2599153319894747e-05
-4.2096400849729228e-05
-4.1599320610220683e-05
-4.1130770106625436e-05
-4.0594376389408266e-05
-4.0125365032961533e-05
-3.9622058701881363e-05
-3.9115795276127735e-05
-3.8640985942607663e-05
-3.8096839207565686e-05
0.0000000000000000e+00
];
