%Vec Object:dSdr_b_aug_5580 1 MPI processes
%  type: seq
dSdr_b_aug_5580 = [
2.3229976728352808e+03
0.0000000000000000e+00
-8.6939016434471402e-07
-3.5924311127090553e-07
-2.2321052142183732e-07
-1.5853743323049690e-07
-1.1900091753242408e-07
-9.4556912716552885e-08
-7.7987893940571635e-08
-6.5514859017666069e-08
-5.6251925863927581e-08
-4.9150786873479280e-08
-4.3366936123118846e-08
-3.8680812592873664e-08
-3.4838676071591365e-08
-3.1598279654267567e-08
-2.8828843676313290e-08
-2.6465732504135608e-08
-2.4534380615554018e-08
-8.9648359727873025e-06
-7.2879437198731286e-04
-7.1849424079866396e-04
-6.7993038721037079e-04
-6.4127401037564235e-04
-5.9836512275273312e-04
-5.5695538295760815e-04
-5.1726075942087673e-04
-4.7717426825766459e-04
-4.3604801521198198e-04
-3.9210020270918444e-04
-3.5342747741596583e-04
-3.1626157924421767e-04
-2.8117818419283306e-04
-2.4417871861911013e-04
-2.1408449803121137e-04
-1.8789190007242402e-04
-1.6498115972308258e-04
-1.4334407802541201e-04
-1.2695584729516536e-04
-1.1452623213034410e-04
-1.0471358563724271e-04
-9.6803921490418071e-05
-9.1876087681170741e-05
-8.8872536431250384e-05
-8.7233560417874701e-05
-8.6851676854398036e-05
-8.7344324990502591e-05
-8.8353827099555619e-05
-8.9809336532255073e-05
-9.1772137855696586e-05
-9.3499313174442834e-05
-9.5309752112963901e-05
-9.7152972092596029e-05
-9.8926917795227941e-05
-1.0041309292067024e-04
-1.0174326802681104e-04
-1.0301991780194673e-04
-1.0404920454575293e-04
-1.0489340379533139e-04
-1.0557396004800285e-04
-1.0618576869562014e-04
-1.0658672536668974e-04
-1.0682642460909033e-04
-1.0701720716904224e-04
-1.0710528398549208e-04
-1.0705943610576181e-04
-1.0695271102739933e-04
-1.0678674974547792e-04
-1.0653148227090956e-04
-1.0621974264891584e-04
-1.0588906886452636e-04
-1.0550586100276343e-04
-1.0508883043480142e-04
-1.0461132446938560e-04
-1.0414047876561468e-04
-1.0364227451140014e-04
-1.0310055392202554e-04
-1.0257786536907144e-04
-1.0204462540827492e-04
-1.0144120420466315e-04
-1.0088003408802884e-04
-1.0031598790696404e-04
-9.9697914442366641e-05
-9.9125113583469030e-05
-9.8556277859747604e-05
-9.7895649248479479e-05
-9.7323551441679567e-05
-9.6732900002944981e-05
-9.6092038694676275e-05
-9.5521142655799292e-05
-9.4915436273544291e-05
-9.4278148439629533e-05
-9.3703968588424114e-05
-9.3078383605394593e-05
-9.2476673755300100e-05
-9.1912655721755672e-05
-9.1260784774962087e-05
-9.0687593024971774e-05
-9.0112117156905956e-05
-8.9449957185372051e-05
-8.8917899488880260e-05
-8.8313708732025453e-05
-8.7699734463108470e-05
-8.7167154604285375e-05
-8.6512505698261858e-05
-8.5963124505494703e-05
-8.5406788360217889e-05
-8.4775999098389619e-05
-8.4253113588361110e-05
-8.3645319264089344e-05
-8.3069037072967174e-05
-8.2540652237253728e-05
-8.1918105363961111e-05
-8.1399475698363673e-05
-8.0812547185845759e-05
-8.0257863132677772e-05
-7.9708551771538876e-05
-7.9126558108613104e-05
-7.8613385102740374e-05
-7.8009637859231286e-05
-7.7505271557923701e-05
-7.6939127108913242e-05
-7.6380643945560934e-05
-7.5885289702602100e-05
-7.5271552271096481e-05
-7.4799859109842199e-05
-7.4213558459811885e-05
-7.3706477158595583e-05
-7.3169076769591664e-05
-7.2628953927975995e-05
-7.2112303585539198e-05
-7.1566321721243950e-05
-7.1077456733261628e-05
-7.0501001745184314e-05
-7.0039045409042369e-05
-6.9463544413094557e-05
-6.8982315357555307e-05
-6.8445521646202484e-05
-6.7935157543642336e-05
-6.7426620363624079e-05
-6.6910024726865014e-05
-6.6409160980372757e-05
-6.5889574377847929e-05
-6.5399569235052393e-05
-6.4860977723162820e-05
-6.4404500309707036e-05
-6.3844084964794363e-05
-6.3402585885798522e-05
-6.2848963668222699e-05
-6.2401228753556151e-05
-6.1855524462662071e-05
-6.1408550245414153e-05
-6.0855936495640678e-05
-6.0426200742582761e-05
-5.9867178041753542e-05
-5.9439514161883938e-05
-5.8892516512386428e-05
-5.8455729463836763e-05
-5.7917363690698469e-05
-5.7475962541281551e-05
-5.6938246744171484e-05
-5.6506088996547481e-05
-5.5967126720380447e-05
-5.5526923293199589e-05
-5.5013754713473638e-05
-5.4548126596647397e-05
-5.4062163252677854e-05
-5.3577899399717583e-05
-5.3100090609200193e-05
-5.2612595349044786e-05
-5.2143109648011833e-05
-5.1644882163546139e-05
-5.1197422754308419e-05
-5.0673427554357479e-05
-5.0241615272152294e-05
-4.9717520762944884e-05
-4.9272568391373442e-05
-4.8775414055355011e-05
-4.8297287750021417e-05
-4.7836169075955345e-05
-4.7324667127026361e-05
-4.6889667848290082e-05
-4.6360061935590503e-05
-4.5913986255148289e-05
-4.5419773322752222e-05
-4.4943029463671804e-05
-4.4474111579526212e-05
-4.3971642696045732e-05
-4.3526525630857162e-05
-4.2999182725558405e-05
-4.2545348385069105e-05
-4.2051170285155972e-05
-4.1562664954354430e-05
-4.1102191961752375e-05
-4.0575133983740413e-05
-4.0114269259846376e-05
-3.9619791490318782e-05
-3.9122552180340713e-05
-3.8656144409021108e-05
-3.8122697146788240e-05
0.0000000000000000e+00
];
