%Vec Object:dSdr_b_aug_8940 1 MPI processes
%  type: seq
dSdr_b_aug_8940 = [
2.2797374793307786e+03
0.0000000000000000e+00
-6.5647595702045617e-07
-2.7182512261416184e-07
-1.6949596964783954e-07
-1.2060527844968483e-07
-9.0457922869776851e-08
-7.1812536932790514e-08
-5.9174344123698728e-08
-4.9680635289711704e-08
-4.2629749671974657e-08
-3.7223702581548854e-08
-3.2823504033916057e-08
-2.9258817152444112e-08
-2.6336019389073058e-08
-2.3871403111354593e-08
-2.1767643072287961e-08
-9.8029268591083507e-07
-7.3853496544749723e-04
-7.8091956243568205e-04
-7.3919301517749410e-04
-7.0050592789348191e-04
-6.6260769536430591e-04
-6.2484629946328444e-04
-5.8292523471947940e-04
-5.4244220523737849e-04
-5.0361648447498273e-04
-4.6439604843323263e-04
-4.2414232428871802e-04
-3.8110217129884585e-04
-3.4322368714948871e-04
-3.0680825104496156e-04
-2.7242369017286676e-04
-2.3615335715807545e-04
-2.0664845100161025e-04
-1.8096530039613939e-04
-1.5849881381100987e-04
-1.3728202889963384e-04
-1.2121242347509889e-04
-1.0902584913026627e-04
-9.9410270056859198e-05
-9.1664138772181160e-05
-8.6844630289144726e-05
-8.3915638394545708e-05
-8.2327546784990589e-05
-8.1976487945644260e-05
-8.2484363330606085e-05
-8.3500514521803144e-05
-8.4955463686762112e-05
-8.6914296613962723e-05
-8.8638616242933446e-05
-9.0444596093964123e-05
-9.2285472753239227e-05
-9.4060139227514030e-05
-9.5549334784516627e-05
-9.6886209702941461e-05
-9.8174284524055736e-05
-9.9216689672478178e-05
-1.0007617880364993e-04
-1.0077609936077267e-04
-1.0141061271685571e-04
-1.0183466876728449e-04
-1.0210005964429103e-04
-1.0232170442320217e-04
-1.0243805041086291e-04
-1.0242221801585692e-04
-1.0234877984164745e-04
-1.0221714396957586e-04
-1.0199517016095911e-04
-1.0171861330696018e-04
-1.0142543129725091e-04
-1.0107685975664409e-04
-1.0069461819227749e-04
-1.0025834647474833e-04
-9.9823045608186061e-05
-9.9360171391761173e-05
-9.8860330386124585e-05
-9.8373004918672906e-05
-9.7874994672636416e-05
-9.7314482981852250e-05
-9.6788778277800370e-05
-9.6260587375970606e-05
-9.5684210563084642e-05
-9.5146679521438033e-05
-9.4613368277434167e-05
-9.3994821229890536e-05
-9.3457851396642311e-05
-9.2903178279675366e-05
-9.2302657013594651e-05
-9.1766306221386791e-05
-9.1197144365437669e-05
-9.0599242113817836e-05
-9.0059310459134962e-05
-8.9471292485883736e-05
-8.8906540307404360e-05
-8.8376182725716498e-05
-8.7763099743285564e-05
-8.7225388321084007e-05
-8.6683661161299263e-05
-8.6061016185049545e-05
-8.5562225664583149e-05
-8.4993035499571508e-05
-8.4416265188153608e-05
-8.3916500696306858e-05
-8.3299784516333532e-05
-8.2784368338457295e-05
-8.2261600834212994e-05
-8.1668049389420388e-05
-8.1177367510212067e-05
-8.0606152948340984e-05
-8.0064303753643845e-05
-7.9568286168190132e-05
-7.8983478141236971e-05
-7.8496020846394098e-05
-7.7945222825235178e-05
-7.7423989288570694e-05
-7.6907865090046365e-05
-7.6361765586203749e-05
-7.5879826259198373e-05
-7.5312653240334207e-05
-7.4840174544222021e-05
-7.4307976438037121e-05
-7.3783895555277486e-05
-7.3320332688203696e-05
-7.2742934768582257e-05
-7.2301737402440512e-05
-7.1751644375551545e-05
-7.1275495764874734e-05
-7.0773025942418971e-05
-7.0265866478004166e-05
-6.9781814431405645e-05
-6.9270661026135975e-05
-6.8812441292879671e-05
-6.8272609998985676e-05
-6.7840464610881927e-05
-6.7301280819767801e-05
-6.6851089442590149e-05
-6.6348742561552580e-05
-6.5870951829935200e-05
-6.5395541444119323e-05
-6.4912503487484131e-05
-6.4443761958812837e-05
-6.3958876095015788e-05
-6.3500373844359846e-05
-6.2997077578465739e-05
-6.2571710256886245e-05
-6.2046947358062679e-05
-6.1636260520484909e-05
-6.1118672057523774e-05
-6.0700963502020408e-05
-6.0192558550428100e-05
-5.9775346861349535e-05
-5.9260208518044694e-05
-5.8860113195878386e-05
-5.8338805426047914e-05
-5.7940998199366911e-05
-5.7431343250925817e-05
-5.7024766050016018e-05
-5.6523729900925061e-05
-5.6113254698089093e-05
-5.5612517627713156e-05
-5.5211969183384525e-05
-5.4709523720707231e-05
-5.4301495188254680e-05
-5.3824724673132034e-05
-5.3391891387927715e-05
-5.2941805588810483e-05
-5.2491522810282292e-05
-5.2048871891875281e-05
-5.1596661406333096e-05
-5.1161443521934125e-05
-5.0699895595335059e-05
-5.0285572415699391e-05
-4.9800123352419368e-05
-4.9400762369418179e-05
-4.8915298516572994e-05
-4.8503954808076732e-05
-4.8044290463021280e-05
-4.7601808762367150e-05
-4.7176729372909160e-05
-4.6703017235738847e-05
-4.6302325735521968e-05
-4.5812995430455438e-05
-4.5401147320906675e-05
-4.4946218614185246e-05
-4.4505918084808502e-05
-4.4074222995253419e-05
-4.3611070629592791e-05
-4.3201425834526985e-05
-4.2715824149268396e-05
-4.2298249368237337e-05
-4.1843422692977075e-05
-4.1394265525664814e-05
-4.0970847935435709e-05
-4.0486606367474385e-05
-4.0063069728949359e-05
-3.9608989794106578e-05
-3.9152892435226698e-05
-3.8724242427846295e-05
-3.8235572055395338e-05
0.0000000000000000e+00
];
