%Vec Object:dSdr_b_aug_9600 1 MPI processes
%  type: seq
dSdr_b_aug_9600 = [
2.2754423433629895e+03
0.0000000000000000e+00
-6.3946272956900749e-07
-2.6503439806909534e-07
-1.6544619964527988e-07
-1.1784118476856717e-07
-8.8454896234446279e-08
-7.0278668792484267e-08
-5.7957822767057418e-08
-4.8701412985507501e-08
-4.1826236304387307e-08
-3.6554674842215322e-08
-3.2263002421809216e-08
-2.8785867261530771e-08
-2.5934699100561906e-08
-2.3530116002768332e-08
-2.1493445120020753e-08
-7.3943982979588811e-06
-8.0253493356430077e-04
-7.7799142297718443e-04
-7.3616432183893916e-04
-6.9762698167871848e-04
-6.5987389975173043e-04
-6.2225425324722910e-04
-5.8048906166333406e-04
-5.4015225284664934e-04
-5.0146363137630839e-04
-4.6237984530747128e-04
-4.2226379260133898e-04
-3.7936685411826305e-04
-3.4161368882650636e-04
-3.0531666392733079e-04
-2.7104236818761363e-04
-2.3488708092452755e-04
-2.0547515957033602e-04
-1.7987239215637514e-04
-1.5747600184748322e-04
-1.3632553318541549e-04
-1.2030620183130542e-04
-1.0815797549993064e-04
-9.8573490553214999e-05
-9.0853162163765278e-05
-8.6050745680086747e-05
-8.3133518037442660e-05
-8.1553455140251330e-05
-8.1207259907558065e-05
-8.1717537861522062e-05
-8.2734738122920137e-05
-8.4189598837405759e-05
-8.6147805566799438e-05
-8.7871674581297465e-05
-8.9676950837437066e-05
-9.1517457738161744e-05
-9.3292237921195048e-05
-9.4781910038992798e-05
-9.6119842068291783e-05
-9.7409719569385944e-05
-9.8454194584496915e-05
-9.9316096208497965e-05
-1.0001907213965533e-04
-1.0065716793401672e-04
-1.0108486869639956e-04
-1.0135431330345351e-04
-1.0158082765036983e-04
-1.0170163406407626e-04
-1.0169053763665096e-04
-1.0162235160932237e-04
-1.0149613174445293e-04
-1.0127941115034690e-04
-1.0100840558198369e-04
-1.0072113918335850e-04
-1.0037803270814019e-04
-1.0000128030031035e-04
-9.9571514698468768e-05
-9.9141822247606582e-05
-9.8684522555090310e-05
-9.8191289489641781e-05
-9.7709543760848871e-05
-9.7217092209806049e-05
-9.6663350966421581e-05
-9.6143242147084357e-05
-9.5620708644970960e-05
-9.5050910909322072e-05
-9.4518944890866388e-05
-9.3991238851917915e-05
-9.3379331615061598e-05
-9.2847904424583281e-05
-9.2298908122166146e-05
-9.1704751882128418e-05
-9.1173851787753872e-05
-9.0610456084848628e-05
-9.0018768260637783e-05
-8.9484240434143121e-05
-8.8902149946095047e-05
-8.8343229108818401e-05
-8.7818182618586708e-05
-8.7211219769133056e-05
-8.6679106586511604e-05
-8.6142704443850898e-05
-8.5526294314879956e-05
-8.5032752833346168e-05
-8.4469085215321352e-05
-8.3898185109643734e-05
-8.3403598372483237e-05
-8.2792867386685185e-05
-8.2282810360107667e-05
-8.1765339465620897e-05
-8.1177663569381204e-05
-8.0692062922733992e-05
-8.0126620078779079e-05
-7.9590203875901488e-05
-7.9099293339809877e-05
-7.8520439916351381e-05
-7.8037901137695468e-05
-7.7492803946860699e-05
-7.6976848382396916e-05
-7.6465960603027400e-05
-7.5925524640227843e-05
-7.5448513503303979e-05
-7.4887111329431611e-05
-7.4419664002957293e-05
-7.3892822103229246e-05
-7.3374169366889673e-05
-7.2915622686299864e-05
-7.2343958578255856e-05
-7.1907572976413536e-05
-7.1363192951358898e-05
-7.0891925040586173e-05
-7.0394966720609858e-05
-6.9893008367085172e-05
-6.9414099827379256e-05
-6.8908441814136882e-05
-6.8455057428711466e-05
-6.7921004787348471e-05
-6.7493563106868926e-05
-6.6960109609478702e-05
-6.6514815499281717e-05
-6.6017903796496195e-05
-6.5545252640721152e-05
-6.5075069152558201e-05
-6.4597326080955184e-05
-6.4133652944064936e-05
-6.3654242322729534e-05
-6.3200710744581399e-05
-6.2702983525873777e-05
-6.2282524899744679e-05
-6.1763387409583253e-05
-6.1357562272137394e-05
-6.0845659383294450e-05
-6.0432688528993890e-05
-5.9930168842066830e-05
-5.9517653226914617e-05
-5.9008427930201604e-05
-5.8613009418191415e-05
-5.8097652489666386e-05
-5.7704556191182522e-05
-5.7200793353644614e-05
-5.6798982811360717e-05
-5.6303836711792495e-05
-5.5898241158971969e-05
-5.5403338774397564e-05
-5.5007777805634154e-05
-5.4511094148948227e-05
-5.4108142336702033e-05
-5.3637114894194495e-05
-5.3209456149498184e-05
-5.2765031297202000e-05
-5.2320110234563082e-05
-5.1883006715055674e-05
-5.1436363654825274e-05
-5.1006552739041765e-05
-5.0550792320307991e-05
-5.0141697570800521e-05
-4.9662330542243702e-05
-4.9268089928897597e-05
-4.8788721459410071e-05
-4.8382680749239943e-05
-4.7928931825146422e-05
-4.7492074382926066e-05
-4.7072681538735996e-05
-4.6604932168707685e-05
-4.6209654042317915e-05
-4.5726678765288390e-05
-4.5320231424054412e-05
-4.4871501381945691e-05
-4.4436951311150202e-05
-4.4011129722760172e-05
-4.3554181288662173e-05
-4.3150133957513964e-05
-4.2671119013800637e-05
-4.2259266236047006e-05
-4.1810649683569219e-05
-4.1367702532116939e-05
-4.0950133842878559e-05
-4.0472651286042202e-05
-4.0055009728368754e-05
-3.9607313532521738e-05
-3.9157728108059506e-05
-3.8735092866897672e-05
-3.8253791003814106e-05
0.0000000000000000e+00
];
