%Vec Object:dSdr_b_aug_2020 1 MPI processes
%  type: seq
dSdr_b_aug_2020 = [
2.4090157016894000e+03
0.0000000000000000e+00
-1.5738960708059186e-06
-6.4562085851972308e-07
-3.9670278543933517e-07
-2.7982284433600110e-07
-2.0990638681725315e-07
-1.6671887238414560e-07
-1.3744765097766737e-07
-1.1532523991132669e-07
-9.8901758072073296e-08
-8.6315599305756426e-08
-7.6056985926593047e-08
-6.7745906545993103e-08
-6.0933102527077177e-08
-5.5187754481078310e-08
-5.0277849975366403e-08
-4.6089016236665269e-08
-4.2467477222341333e-08
-3.9271531226544218e-08
-3.6471708082363674e-08
-3.4002607083274510e-08
-3.2927674111113872e-08
-6.5898490014577165e-06
-5.1360232929425998e-04
-5.8328202120939315e-04
-5.4458826472280068e-04
-5.0286250035600183e-04
-4.5998712670568015e-04
-4.1421459007707465e-04
-3.7394486628612971e-04
-3.3526997145262604e-04
-2.9878138829693548e-04
-2.6031581155147880e-04
-2.2903662053826537e-04
-2.0181964587827328e-04
-1.7801561814131614e-04
-1.5553342080943763e-04
-1.3850451136270548e-04
-1.2558619968344460e-04
-1.1537729808441768e-04
-1.0713880872985854e-04
-1.0199315871943341e-04
-9.8839686455212626e-05
-9.7098394012882960e-05
-9.6654529167824305e-05
-9.7116558771387690e-05
-9.8112690969011241e-05
-9.9569326753152566e-05
-1.0154010734477016e-04
-1.0327302434642638e-04
-1.0509242887094138e-04
-1.0694036016933799e-04
-1.0871285607048944e-04
-1.1019295736926583e-04
-1.1150966032472970e-04
-1.1276333665946104e-04
-1.1376624505328235e-04
-1.1457969965654265e-04
-1.1522131859434454e-04
-1.1578747319109383e-04
-1.1614198224259093e-04
-1.1633002147681313e-04
-1.1645874723252412e-04
-1.1648998125834690e-04
-1.1638377918234030e-04
-1.1621012187604645e-04
-1.1597514018971391e-04
-1.1565292691177964e-04
-1.1527044296277083e-04
-1.1486438199848500e-04
-1.1441152860008312e-04
-1.1392454549509072e-04
-1.1336412715289312e-04
-1.1282180912451225e-04
-1.1225256446239486e-04
-1.1162663389834548e-04
-1.1103283849743270e-04
-1.1042875987060774e-04
-1.0973905776638117e-04
-1.0910657506104587e-04
-1.0847043236701662e-04
-1.0776851682264444e-04
-1.0712479673056286e-04
-1.0648452971003516e-04
-1.0573928507422765e-04
-1.0509655325318606e-04
-1.0443355795478606e-04
-1.0371158241045132e-04
-1.0307122408646811e-04
-1.0239203534677095e-04
-1.0167555247167016e-04
-1.0103250763614034e-04
-1.0033138432940169e-04
-9.9655361390019995e-05
-9.9023660189674918e-05
-9.8293795874386782e-05
-9.7649261623598883e-05
-9.7005925129128601e-05
-9.6264309906372685e-05
-9.5665359831289859e-05
-9.4990791240357953e-05
-9.4302008724266175e-05
-9.3703445026053342e-05
-9.2972522495153592e-05
-9.2354845797219389e-05
-9.1731011160842466e-05
-9.1025345572581107e-05
-9.0437706282457366e-05
-8.9756358824007819e-05
-8.9110840133242182e-05
-8.8517372520647772e-05
-8.7818941875300482e-05
-8.7237632052290028e-05
-8.6578053787380850e-05
-8.5956108772184580e-05
-8.5340065991984100e-05
-8.4685897788016096e-05
-8.4109921354640034e-05
-8.3432632123641175e-05
-8.2864147507779020e-05
-8.2229745116634437e-05
-8.1602087230579513e-05
-8.1042808171707075e-05
-8.0356000712104950e-05
-7.9822987841669652e-05
-7.9163882363648266e-05
-7.8594602865280036e-05
-7.7986965507395207e-05
-7.7380561247235259e-05
-7.6798363579652800e-05
-7.6182350067390898e-05
-7.5631864858059444e-05
-7.4981768438613772e-05
-7.4459869477577285e-05
-7.3811343332938416e-05
-7.3267704997077957e-05
-7.2661647019333714e-05
-7.2085785732871384e-05
-7.1510638570507600e-05
-7.0926566546901859e-05
-7.0361112789335190e-05
-6.9771751390657207e-05
-6.9218401561606396e-05
-6.8608839851725875e-05
-6.8089807588972128e-05
-6.7457703813865818e-05
-6.6954248803018142e-05
-6.6328171447455048e-05
-6.5820060836197005e-05
-6.5199356633007153e-05
-6.4692537235574871e-05
-6.4064569561795583e-05
-6.3575234154261505e-05
-6.2940375922901644e-05
-6.2452677637953147e-05
-6.1830592946098155e-05
-6.1333061327893478e-05
-6.0719634833753239e-05
-6.0216049239850140e-05
-5.9603978324768465e-05
-5.9108262099729768e-05
-5.8495873541712762e-05
-5.7990974410199208e-05
-5.7404618369448699e-05
-5.6873048056258614e-05
-5.6314943947327607e-05
-5.5762352711477598e-05
-5.5213850315710321e-05
-5.4655406322356801e-05
-5.4117016793065938e-05
-5.3545036100810197e-05
-5.3030948325166108e-05
-5.2429446806036670e-05
-5.1932383533781059e-05
-5.1330612927200603e-05
-5.0818082580175811e-05
-5.0245545976240541e-05
-4.9695748174655413e-05
-4.9162164563993706e-05
-4.8574678000531700e-05
-4.8070695870235165e-05
-4.7460107549335285e-05
-4.6945210958345768e-05
-4.6372009860180431e-05
-4.5821990764255272e-05
-4.5278231055235501e-05
-4.4696711342995067e-05
-4.4180274552586151e-05
-4.3569008351420523e-05
-4.3042275406315014e-05
-4.2468985266667454e-05
-4.1901379791455932e-05
-4.1366425295593065e-05
-4.0753316361331420e-05
-4.0217462948877839e-05
-3.9641879888179104e-05
-3.9062179040439456e-05
-3.8520591048216917e-05
-3.7901032394154188e-05
0.0000000000000000e+00
];
