%Vec Object:dSdr_b_aug_6770 1 MPI processes
%  type: seq
dSdr_b_aug_6770 = [
2.3046243478755587e+03
0.0000000000000000e+00
-7.6992140841784535e-07
-3.1815361881225470e-07
-1.9781058669899086e-07
-1.4047638893865478e-07
-1.0530556670068837e-07
-8.3558670790518176e-08
-6.8818828434291342e-08
-5.7736963930153218e-08
-4.9507518831225950e-08
-4.3198502856239105e-08
-3.8062969592355784e-08
-3.3902835249072817e-08
-3.0492064454506239e-08
-2.7616218381225416e-08
-2.5159116571081218e-08
-2.3067087063084898e-08
-8.4036960775931549e-07
-6.6733813959391549e-04
-7.5002414106609691e-04
-7.1141745030046846e-04
-6.7297497524131198e-04
-6.3467610987478454e-04
-5.9216392937748018e-04
-5.5112638762152980e-04
-5.1178074551055833e-04
-4.7204209208172380e-04
-4.3126627686053209e-04
-3.8768301184508323e-04
-3.4932928129583472e-04
-3.1246479467172408e-04
-2.7766207561822959e-04
-2.4095545491152924e-04
-2.1109792339289645e-04
-1.8510993709348371e-04
-1.6237762428333838e-04
-1.4090934817780195e-04
-1.2464908827139237e-04
-1.1231708660413588e-04
-1.0258358911754329e-04
-9.4739605351230435e-05
-8.9855278688338533e-05
-8.6881673141185747e-05
-8.5263134211826196e-05
-8.4893631067766228e-05
-8.5392395131984801e-05
-8.6404567872945548e-05
-8.7859852405231944e-05
-8.9821059998646005e-05
-9.1547088435539988e-05
-9.3355736474570202e-05
-9.5198015318492791e-05
-9.6972250529182488e-05
-9.8459638783857868e-05
-9.9792504784480839e-05
-1.0107374327039984e-04
-1.0210829883510052e-04
-1.0295863904477348e-04
-1.0364697268580845e-04
-1.0426790034295705e-04
-1.0467813453614514e-04
-1.0492815243933055e-04
-1.0513133034524335e-04
-1.0523076104929026e-04
-1.0519696843651517e-04
-1.0510361253998030e-04
-1.0495143753933649e-04
-1.0470954196150197e-04
-1.0441193296466734e-04
-1.0409631718219440e-04
-1.0372702047297475e-04
-1.0332396237981877e-04
-1.0286301752225754e-04
-1.0240644786174287e-04
-1.0192243337965514e-04
-1.0139753308666465e-04
-1.0088904757853642e-04
-1.0036995709606851e-04
-9.9783769843453610e-05
-9.9236843869213260e-05
-9.8687198414334413e-05
-9.8085871773239528e-05
-9.7527236498434256e-05
-9.6972668639947493e-05
-9.6328941445763364e-05
-9.5770952253351353e-05
-9.5194750958169344e-05
-9.4570091611301455e-05
-9.4013070143192140e-05
-9.3422041311529841e-05
-9.2800572094583775e-05
-9.2240147508241432e-05
-9.1629650740301176e-05
-9.1042784373926758e-05
-9.0492285546391261e-05
-8.9855993192089091e-05
-8.9297051573170968e-05
-8.8735130357731252e-05
-8.8088840979277930e-05
-8.7570144535283675e-05
-8.6980011228257376e-05
-8.6380979354687160e-05
-8.5861579281250569e-05
-8.5222165469102604e-05
-8.4686425799996738e-05
-8.4143571980834506e-05
-8.3527738713151835e-05
-8.3017787293738986e-05
-8.2424684665948891e-05
-8.1862231955674933e-05
-8.1346846925563646e-05
-8.0739457276732417e-05
-8.0233347511561129e-05
-7.9660930252281571e-05
-7.9119681081554842e-05
-7.8583698830712417e-05
-7.8016121501486260e-05
-7.7515493018988013e-05
-7.6926435246799161e-05
-7.6434876108098497e-05
-7.5882365681834656e-05
-7.5337699661505314e-05
-7.4855113931738868e-05
-7.4255971702072917e-05
-7.3796526703624897e-05
-7.3224768284059366e-05
-7.2730110617595816e-05
-7.2206739548617312e-05
-7.1679855935447413e-05
-7.1176298191968267e-05
-7.0644304637162240e-05
-7.0167747838790860e-05
-6.9606002188311527e-05
-6.9156018954888128e-05
-6.8595104199292928e-05
-6.8126340943303542e-05
-6.7603382264613501e-05
-6.7106100748276100e-05
-6.6610868428117599e-05
-6.6107750709560605e-05
-6.5619788349552180e-05
-6.5114138756403815e-05
-6.4636786256676515e-05
-6.4112370527967140e-05
-6.3668387994565744e-05
-6.3122291895717649e-05
-6.2693168068724239e-05
-6.2154018242821114e-05
-6.1718342941413082e-05
-6.1187619343588346e-05
-6.0752598774584159e-05
-6.0215036431031442e-05
-5.9797205286204638e-05
-5.9253330191176887e-05
-5.8837657760068952e-05
-5.8305658213945376e-05
-5.7881004467067778e-05
-5.7357631542779057e-05
-5.6928651302599798e-05
-5.6405787418971477e-05
-5.5986325037292622e-05
-5.5462029150811470e-05
-5.5034748246938261e-05
-5.4536198359245412e-05
-5.4083741749161310e-05
-5.3612188033583794e-05
-5.3141572117856140e-05
-5.2677883904038786e-05
-5.2204560185236099e-05
-5.1748837575969464e-05
-5.1265341817132011e-05
-5.0831191005257748e-05
-5.0322677201858606e-05
-4.9903898412321622e-05
-4.9395319230503845e-05
-4.8963865171462357e-05
-4.8481768012091700e-05
-4.8017957699727083e-05
-4.7571313520847598e-05
-4.7074989120324556e-05
-4.6653768864429150e-05
-4.6140338832797495e-05
-4.5708009901449964e-05
-4.5229574603879103e-05
-4.4767467326218827e-05
-4.4313499017778523e-05
-4.3826820534022574e-05
-4.3395949772882006e-05
-4.2885370837638849e-05
-4.2446098625531976e-05
-4.1967724130443637e-05
-4.1495020608777795e-05
-4.1049427802060567e-05
-4.0539562502826272e-05
-4.0093683723816479e-05
-3.9615419691878743e-05
-3.9134680127772957e-05
-3.8683369037093773e-05
-3.8167544113604734e-05
0.0000000000000000e+00
];
