%Vec Object:dSdr_b_aug_8480 1 MPI processes
%  type: seq
dSdr_b_aug_8480 = [
2.2863941065634704e+03
0.0000000000000000e+00
-6.8162179888422028e-07
-2.8084283816264445e-07
-1.7417736303726056e-07
-1.2326918043652273e-07
-9.1975712914388005e-08
-7.2627342298245637e-08
-5.9515910475795075e-08
-4.9681629496662161e-08
-4.2380154991325906e-08
-3.6782391230949866e-08
-3.2232906127210867e-08
-2.8549192907798043e-08
-2.5529144934404217e-08
-2.2984548854745128e-08
-2.0812439470424151e-08
-5.2181373519744709e-08
-4.3513932664553280e-04
-7.8250057264706615e-04
-7.4128192772214259e-04
-7.0249446372799926e-04
-6.6449600238004580e-04
-6.2663669672941718e-04
-5.8460796611478085e-04
-5.4402393799456725e-04
-5.0510351897509577e-04
-4.6578869502814671e-04
-4.2543987741813056e-04
-3.8230080220396316e-04
-3.4433575685109550e-04
-3.0783853084576850e-04
-2.7337780678813651e-04
-2.3702800847116333e-04
-2.0745887524297748e-04
-1.8172020190470708e-04
-1.5920529757792957e-04
-1.3794270617715348e-04
-1.2183837504761458e-04
-1.0962531266251641e-04
-9.9988256013814754e-05
-9.2224301957970607e-05
-8.7392987570827015e-05
-8.4455869801470707e-05
-8.2862232562063269e-05
-8.2507814323119245e-05
-8.3014030217051654e-05
-8.4029456816441870e-05
-8.5484467106328846e-05
-8.7443732595140092e-05
-8.9168363502625106e-05
-9.0974829371438104e-05
-9.2815961456760627e-05
-9.4590549411249637e-05
-9.6079415814396017e-05
-9.7415560575563265e-05
-9.8702390252951907e-05
-9.9743365702930514e-05
-1.0060118847318203e-04
-1.0129899861244225e-04
-1.0193103749203707e-04
-1.0235257605097821e-04
-1.0261516691544013e-04
-1.0283344815944587e-04
-1.0294671321718725e-04
-1.0292760956751329e-04
-1.0285054359888717e-04
-1.0271516674916490e-04
-1.0248956440773425e-04
-1.0220917313462304e-04
-1.0191190505587141e-04
-1.0155955865027609e-04
-1.0117352558009580e-04
-1.0073275991479749e-04
-1.0029358516631248e-04
-9.9826860477775610e-05
-9.9322455190676203e-05
-9.8831275648689532e-05
-9.8329425863399951e-05
-9.7764237642301868e-05
-9.7234667710686707e-05
-9.6702569091080098e-05
-9.6121647932006791e-05
-9.5580272979268275e-05
-9.5043090069338277e-05
-9.4419956724960585e-05
-9.3879158439037064e-05
-9.3320564193121659e-05
-9.2715646431233177e-05
-9.2175530694922365e-05
-9.1602386001127419e-05
-9.1000191276037587e-05
-9.0456527051147980e-05
-8.9864414803214555e-05
-8.9295634759212767e-05
-8.8761608662952639e-05
-8.8144298338351434e-05
-8.7602720060261978e-05
-8.7057314766757950e-05
-8.6430363211806495e-05
-8.5927947037756598e-05
-8.5354942296766246e-05
-8.4774117269106086e-05
-8.4270776355979441e-05
-8.3649926033822105e-05
-8.3130808138944543e-05
-8.2604382116725154e-05
-8.2006772264747065e-05
-8.1512580634444349e-05
-8.0937379383927297e-05
-8.0391777468016151e-05
-7.9892232298797562e-05
-7.9303311258748142e-05
-7.8812456604956973e-05
-7.8257720858681523e-05
-7.7732841676648957e-05
-7.7213100534405325e-05
-7.6663089061820304e-05
-7.6177745693263634e-05
-7.5606586587551123e-05
-7.5130632580583124e-05
-7.4594734789576242e-05
-7.4066904530939752e-05
-7.3599876840026149e-05
-7.3018518412670130e-05
-7.2573997422398741e-05
-7.2019958261340777e-05
-7.1540438410332231e-05
-7.1034161634554168e-05
-7.0523409612598399e-05
-7.0035804796972164e-05
-6.9520855565584577e-05
-6.9059295916740741e-05
-6.8515473140257717e-05
-6.8080078763636847e-05
-6.7536936892083647e-05
-6.7083362828884702e-05
-6.6577261711245540e-05
-6.6095920923429159e-05
-6.5616900165430886e-05
-6.5130204875438414e-05
-6.4657962458157105e-05
-6.4169294682228382e-05
-6.3707359039411081e-05
-6.3200216066810078e-05
-6.2771458161375699e-05
-6.2242809624155117e-05
-6.1828764662452028e-05
-6.1307249001847476e-05
-6.0886267970245873e-05
-6.0373797887717464e-05
-5.9953342474066684e-05
-5.9434119808235795e-05
-5.9030794065643252e-05
-5.8505375865341038e-05
-5.8104314649742152e-05
-5.7590589835116068e-05
-5.7180720148077501e-05
-5.6675615553818362e-05
-5.6261769815469084e-05
-5.5757002537727198e-05
-5.5353009076143574e-05
-5.4846583742018959e-05
-5.4435048544013098e-05
-5.3954311092249467e-05
-5.3517903568612648e-05
-5.3063907553461693e-05
-5.2609921242336082e-05
-5.2163438531015742e-05
-5.1707382415139680e-05
-5.1268429727327647e-05
-5.0802884142302237e-05
-5.0384949468619338e-05
-4.9895299294653442e-05
-4.9492401442078967e-05
-4.9002727239640513e-05
-4.8587720493308563e-05
-4.8123970078962173e-05
-4.7677603407400832e-05
-4.7248596005381698e-05
-4.6770765037961761e-05
-4.6366334163250466e-05
-4.5872614021758356e-05
-4.5457035170713207e-05
-4.4997824541428376e-05
-4.4553551613931499e-05
-4.4117799055251787e-05
-4.3650360873538142e-05
-4.3236849025179979e-05
-4.2746696763297944e-05
-4.2325168431587646e-05
-4.1866050641170878e-05
-4.1412601820491061e-05
-4.0985141035761671e-05
-4.0496225957821193e-05
-4.0068609468010222e-05
-3.9610105649271702e-05
-3.9149479514048898e-05
-3.8716588254398623e-05
-3.8222366790802667e-05
0.0000000000000000e+00
];
