%Vec Object:dSdr_b_aug_8670 1 MPI processes
%  type: seq
dSdr_b_aug_8670 = [
2.2826635224120082e+03
0.0000000000000000e+00
-6.6758110905907954e-07
-2.7591376409346642e-07
-1.7169975987208419e-07
-1.2193066637523574e-07
-9.1279678347364166e-08
-7.2325239831151213e-08
-5.9478955299803998e-08
-4.9834256634105180e-08
-4.2672252197631402e-08
-3.7181322294874666e-08
-3.2714557067734571e-08
-2.9096755774489903e-08
-2.6130659121342854e-08
-2.3630366299326695e-08
-2.1495296682149170e-08
-2.4773960126036083e-07
-6.3108974539941682e-04
-7.8195047953948864e-04
-7.4045173329789261e-04
-7.0170364794671378e-04
-6.6374504123376953e-04
-6.2592467325637310e-04
-5.8393876030949255e-04
-5.4339489836514074e-04
-5.0451213992188293e-04
-4.6523485312874600e-04
-4.2492385326874793e-04
-3.8182411846671702e-04
-3.4389349766756326e-04
-3.0742879871601097e-04
-2.7299836402260242e-04
-2.3668016829253726e-04
-2.0713657755351583e-04
-1.8141998504667977e-04
-1.5892433601691531e-04
-1.3767996141941457e-04
-1.2158944037038044e-04
-1.0938691202435851e-04
-9.9758396800007378e-05
-9.2001530687110700e-05
-8.7174911390463318e-05
-8.4241025197616016e-05
-8.2649593395330188e-05
-8.2296511149658732e-05
-8.2803386999223967e-05
-8.3819101753828350e-05
-8.5274087727018680e-05
-8.7233181182591103e-05
-8.8957688290547057e-05
-9.0763960868064773e-05
-9.2604991366705127e-05
-9.4379610541905985e-05
-9.5868607841159361e-05
-9.7205042973945666e-05
-9.8492367828351590e-05
-9.9533911851458148e-05
-1.0039239731346313e-04
-1.0109104674192722e-04
-1.0172406969354166e-04
-1.0214660943130296e-04
-1.0241031383080015e-04
-1.0262993271735495e-04
-1.0274442302855364e-04
-1.0272662032282763e-04
-1.0265099709067344e-04
-1.0251710798928601e-04
-1.0229294867827926e-04
-1.0201408231455142e-04
-1.0171843922403230e-04
-1.0136759404394807e-04
-1.0098306881720513e-04
-1.0054409034984605e-04
-1.0010645620512086e-04
-9.9641262810565103e-05
-9.9138672692589822e-05
-9.8649025877310816e-05
-9.8148703038293891e-05
-9.7585374626748129e-05
-9.7057341857509195e-05
-9.6526797298164167e-05
-9.5947683380437885e-05
-9.5407837112804954e-05
-9.4872193925855431e-05
-9.4250884506280177e-05
-9.3711608757874809e-05
-9.3154573906016809e-05
-9.2551404586956536e-05
-9.2012786131507140e-05
-9.1441225372913888e-05
-9.0840737722095019e-05
-9.0298557903351496e-05
-8.9708073907914662e-05
-8.9140895706268870e-05
-8.8608328541921874e-05
-8.7992699389610727e-05
-8.7452658921923618e-05
-8.6908716385796945e-05
-8.6283477514876870e-05
-8.5782503227406726e-05
-8.5211015506386032e-05
-8.4631803000808273e-05
-8.4129884396607970e-05
-8.3510678183618752e-05
-8.2993032426496922e-05
-8.2468061362327109e-05
-8.1872065500458076e-05
-8.1379269665046418e-05
-8.0805653882968208e-05
-8.0261544388887996e-05
-7.9763402106460869e-05
-7.9176116772934681e-05
-7.8686613216897764e-05
-7.8133443466869094e-05
-7.7610014123741778e-05
-7.7091711406126619e-05
-7.6543255686784559e-05
-7.6059266073730903e-05
-7.5489692197393461e-05
-7.5015120289133213e-05
-7.4480693828261912e-05
-7.3954354661444287e-05
-7.3488704898801627e-05
-7.2908921528463713e-05
-7.2465722312769389e-05
-7.1913252492637883e-05
-7.1435073352809215e-05
-7.0930310567117149e-05
-7.0420987272222261e-05
-6.9934795360162901e-05
-6.9421355693914791e-05
-6.8961124299013959e-05
-6.8418888898506594e-05
-6.7984786615166211e-05
-6.7443218836007432e-05
-6.6990990036444787e-05
-6.6486381944635343e-05
-6.6006452982189537e-05
-6.5528868036759374e-05
-6.5043627235391211e-05
-6.4572777090322366e-05
-6.4085613347037365e-05
-6.3625043133991579e-05
-6.3119429962543166e-05
-6.2692020462632676e-05
-6.2164917209634683e-05
-6.1752207744904437e-05
-6.1232253896535631e-05
-6.0812574300924430e-05
-6.0301720885758372e-05
-5.9882555474272597e-05
-5.9364957108632281e-05
-5.8962916077775793e-05
-5.8439132561056120e-05
-5.8039365430743470e-05
-5.7527259168326773e-05
-5.7118698877215157e-05
-5.6615212270782934e-05
-5.6202706968680824e-05
-5.5699542472845625e-05
-5.5296919069115748e-05
-5.4792076499896654e-05
-5.4381935877870846e-05
-5.3902776048237580e-05
-5.3467789975154053e-05
-5.3015349026443347e-05
-5.2562835586721915e-05
-5.2117876755701381e-05
-5.1663350024344805e-05
-5.1225882647558380e-05
-5.0761926910028980e-05
-5.0345428511589263e-05
-4.9857449099871949e-05
-4.9455957849264281e-05
-4.8967958088162639e-05
-4.8554408125312696e-05
-4.8092282733684466e-05
-4.7647461114033621e-05
-4.7220015885977685e-05
-4.6743822985038167e-05
-4.6340879277537675e-05
-4.5848904994893693e-05
-4.5434809897109425e-05
-4.4977302234031604e-05
-4.4534609194518152e-05
-4.4100470377149009e-05
-4.3634736776667348e-05
-4.3222763008465635e-05
-4.2734420709993469e-05
-4.2314464981342880e-05
-4.1857054146172398e-05
-4.1405312654308775e-05
-4.0979460642329363e-05
-4.0492405444585299e-05
-4.0066413545664481e-05
-3.9609672830486766e-05
-3.9150855771289542e-05
-3.8719673798351193e-05
-3.8227780137081954e-05
0.0000000000000000e+00
];
