%Vec Object:dSdr_b_aug_5430 1 MPI processes
%  type: seq
dSdr_b_aug_5430 = [
2.3247122848692702e+03
0.0000000000000000e+00
-8.7921776662319608e-07
-3.6318024205601342e-07
-2.2556212746785407e-07
-1.6015108797678012e-07
-1.2018288958009925e-07
-9.5472735665020511e-08
-7.8723570587643096e-08
-6.6115077910408715e-08
-5.6751780995709332e-08
-4.9573806905174773e-08
-4.3727741108299806e-08
-3.8991363413969540e-08
-3.5108091534985631e-08
-3.1833155710544365e-08
-2.9034356280201984e-08
-2.6646235238079145e-08
-2.4631829331071851e-08
-4.2316346652732013e-06
-7.0491034093671224e-04
-7.1941166256388298e-04
-6.8098318739744567e-04
-6.4227460253002194e-04
-5.9930558817737211e-04
-5.5783940214864118e-04
-5.1809185248273819e-04
-4.7795260860985269e-04
-4.3677320852447449e-04
-3.9277010912198621e-04
-3.5404900541178517e-04
-3.1683739547135016e-04
-2.8171143338259758e-04
-2.4466755524960628e-04
-2.1453743863453486e-04
-1.8831380947581839e-04
-1.6537600898319143e-04
-1.4371332639502492e-04
-1.2730568773607564e-04
-1.1486126860599744e-04
-1.0503661845512758e-04
-9.7116993289947102e-05
-9.2182561235871084e-05
-8.9174468476465354e-05
-8.7532393029531787e-05
-8.7148631897028775e-05
-8.7640352528823605e-05
-8.8649449641816657e-05
-9.0104993210027816e-05
-9.2068036262449139e-05
-9.3795385454847178e-05
-9.5606095944476924e-05
-9.7449458663668076e-05
-9.9223360467063718e-05
-1.0070935161724707e-04
-1.0203911863121203e-04
-1.0331507249291646e-04
-1.0434356017800824e-04
-1.0518682810073476e-04
-1.0586620484715681e-04
-1.0647663051934733e-04
-1.0687618017488098e-04
-1.0711431450340976e-04
-1.0730321720135899e-04
-1.0738957210211714e-04
-1.0734189593597550e-04
-1.0723314330411702e-04
-1.0706509121166843e-04
-1.0680779577152208e-04
-1.0649391311590273e-04
-1.0616095565275466e-04
-1.0577563804211618e-04
-1.0535648842510764e-04
-1.0487647082112184e-04
-1.0440346002922851e-04
-1.0390310377066089e-04
-1.0335883223422100e-04
-1.0283398966381785e-04
-1.0229860380936163e-04
-1.0169256892405265e-04
-1.0112923855698062e-04
-1.0056300837806305e-04
-9.9942395108889182e-05
-9.9367445913466348e-05
-9.8796446341333923e-05
-9.8133254479847490e-05
-9.7559016976380892e-05
-9.6966174044971570e-05
-9.6322855565091853e-05
-9.5749855324252337e-05
-9.5141922960870792e-05
-9.4502236092900300e-05
-9.3925970133444152e-05
-9.3298096888266250e-05
-9.2694135891687189e-05
-9.2128067550257010e-05
-9.1473833971113166e-05
-9.0898481061828782e-05
-9.0320949510024225e-05
-8.9656382621512690e-05
-8.9122298572101956e-05
-8.8515975876785524e-05
-8.7899735458508378e-05
-8.7365156765921819e-05
-8.6708197320102149e-05
-8.6156747266744787e-05
-8.5598366404606094e-05
-8.4965308930895063e-05
-8.4440461848781561e-05
-8.3830439395651973e-05
-8.3252059838412839e-05
-8.2721703464230250e-05
-8.2096857860503738e-05
-8.1576329438309755e-05
-8.0987200162590064e-05
-8.0430478587517178e-05
-7.9879145745684902e-05
-7.9294965714858778e-05
-7.8779890217881669e-05
-7.8173915182583008e-05
-7.7667606558478805e-05
-7.7099394385811974e-05
-7.6538815726940779e-05
-7.6041525022573335e-05
-7.5425574095773149e-05
-7.4952023388779002e-05
-7.4363517276958646e-05
-7.3854551817928728e-05
-7.3315023754483717e-05
-7.2772893062793138e-05
-7.2254257107910079e-05
-7.1706153788514659e-05
-7.1215422150626171e-05
-7.0636736356853577e-05
-7.0172964189562195e-05
-6.9595251056510705e-05
-6.9112131447690418e-05
-6.8573239526412291e-05
-6.8060891329050697e-05
-6.7550336344329641e-05
-6.7031696656852217e-05
-6.6528876295718264e-05
-6.6007176016864082e-05
-6.5515251983265361e-05
-6.4974510582476545e-05
-6.4516138204043347e-05
-6.3953551212352064e-05
-6.3510175310634655e-05
-6.2954358219921222e-05
-6.2504794351448236e-05
-6.1956818098430743e-05
-6.1508030997363240e-05
-6.0953134560522912e-05
-6.0521593360350883e-05
-5.9960273382181247e-05
-5.9530790884284381e-05
-5.8981518629976059e-05
-5.8542891449189378e-05
-5.8002251867142998e-05
-5.7558966966120707e-05
-5.7018998732996819e-05
-5.6584915608657109e-05
-5.6043729031353947e-05
-5.5601565775395052e-05
-5.5086180126597226e-05
-5.4618554418420290e-05
-5.4130405709653181e-05
-5.3644072007918999e-05
-5.3164121687221099e-05
-5.2674477166006581e-05
-5.2202904147204486e-05
-5.1702442440823291e-05
-5.1252964637695632e-05
-5.0726621516412678e-05
-5.0292832556801135e-05
-4.9766384973744043e-05
-4.9319385423021826e-05
-4.8819947487089005e-05
-4.8339649983462980e-05
-4.7876336066287314e-05
-4.7362532241566959e-05
-4.6925443176989690e-05
-4.6393383960841380e-05
-4.5945223362932067e-05
-4.5448617492533250e-05
-4.4969653723791079e-05
-4.4498468432436591e-05
-4.3993604584319447e-05
-4.3546326680323444e-05
-4.3016441037719186e-05
-4.2560397792070760e-05
-4.2063822361172974e-05
-4.1572919753876333e-05
-4.1110188910799097e-05
-4.0580521774339807e-05
-4.0117381465040269e-05
-3.9620439585765571e-05
-3.9120686960491962e-05
-3.8651958720793102e-05
-3.8115674142111834e-05
0.0000000000000000e+00
];
