%Vec Object:dSdr_b_aug_5920 1 MPI processes
%  type: seq
dSdr_b_aug_5920 = [
2.3196519798944005e+03
0.0000000000000000e+00
-8.5012197101448839e-07
-3.5133397656181692e-07
-2.1835776986361601e-07
-1.5511090031059383e-07
-1.1641759844662413e-07
-9.2494287529743487e-08
-7.6278277190273328e-08
-6.4073297053635264e-08
-5.5009402923481233e-08
-4.8060785907528315e-08
-4.2401540840720021e-08
-3.7816435922401756e-08
-3.4057119285590042e-08
-3.0886637108341752e-08
-2.8177022128026537e-08
-2.5864961359341738e-08
-2.4396536187247672e-08
-3.5818191320506795e-05
-7.4718859795384494e-04
-7.1636968249698743e-04
-6.7774710250666551e-04
-6.3920173586980915e-04
-5.9641742387201943e-04
-5.5512458516757384e-04
-5.1553957132259869e-04
-4.7556233065679997e-04
-4.3454614476053365e-04
-3.9071283103981269e-04
-3.5214029710949551e-04
-3.1506906768976917e-04
-2.8007382867315634e-04
-2.4316634119440182e-04
-2.1314646102403164e-04
-1.8701812845963771e-04
-1.6416342947393959e-04
-1.4257936703627151e-04
-1.2623132998744178e-04
-1.1383237372965798e-04
-1.0404458672760455e-04
-9.6155551780912726e-05
-9.1241382893849184e-05
-8.8247237083414746e-05
-8.6614679981354082e-05
-8.6236684857422515e-05
-8.6731253855991709e-05
-8.7741594716736739e-05
-8.9197033570174913e-05
-9.1159334413787703e-05
-9.2886149544138186e-05
-9.4696025977311478e-05
-9.6538950350082053e-05
-9.8312986972971710e-05
-9.9799543114835709e-05
-1.0113056338148924e-04
-1.0240865439269354e-04
-1.0343959598537395e-04
-1.0428572400991953e-04
-1.0496872301508601e-04
-1.0558339579819509e-04
-1.0598726639155924e-04
-1.0623020656232847e-04
-1.0642488230589957e-04
-1.0651652520011161e-04
-1.0647446369094546e-04
-1.0637193766388728e-04
-1.0621030643799374e-04
-1.0595923886782266e-04
-1.0565193745537649e-04
-1.0532599315548793e-04
-1.0494715457057194e-04
-1.0453451253997034e-04
-1.0406220816201243e-04
-1.0359584634202514e-04
-1.0310209887527238e-04
-1.0256566128080860e-04
-1.0204743368424136e-04
-1.0151863785549977e-04
-1.0092062956963039e-04
-1.0036393331773668e-04
-9.9804410182051867e-05
-9.9191596636133951e-05
-9.8623244968219152e-05
-9.8058890560471235e-05
-9.7403570423539338e-05
-9.6835903914572387e-05
-9.6249791042806433e-05
-9.5614018520708292e-05
-9.5047480270296893e-05
-9.4446383880213787e-05
-9.3814064429983707e-05
-9.3244204895215639e-05
-9.2623358887921115e-05
-9.2026311147203830e-05
-9.1466539287738470e-05
-9.0819561336814120e-05
-9.0250845333325499e-05
-8.9679626772676925e-05
-8.9022451510019466e-05
-8.8494590376973935e-05
-8.7894814849782683e-05
-8.7285533759629406e-05
-8.6757093470813456e-05
-8.6107229675770028e-05
-8.5562133077998293e-05
-8.5010031526254671e-05
-8.4383939714565177e-05
-8.3865116605767967e-05
-8.3261936719860628e-05
-8.2689998158427786e-05
-8.2165696364148742e-05
-8.1547910144584261e-05
-8.1033212789657851e-05
-8.0450842041290200e-05
-7.9900377680741029e-05
-7.9355252790871598e-05
-7.8777787079494524e-05
-7.8268554118265870e-05
-7.7669420614793623e-05
-7.7169076849212899e-05
-7.6607214640138501e-05
-7.6053071232057957e-05
-7.5561727385850178e-05
-7.4952574086176516e-05
-7.4484727887751660e-05
-7.3902994732203805e-05
-7.3399815507078174e-05
-7.2866821515412449e-05
-7.2330856915591660e-05
-7.1818318760966118e-05
-7.1276730413567072e-05
-7.0791731242663555e-05
-7.0219896235641541e-05
-6.9761700471164238e-05
-6.9190780793590773e-05
-6.8713467058542670e-05
-6.8181018723031944e-05
-6.7674763664571131e-05
-6.7170405341560429e-05
-6.6658042916993023e-05
-6.6161231303104063e-05
-6.5646022106690828e-05
-6.5159990970436803e-05
-6.4625851860358849e-05
-6.4173298902961922e-05
-6.3617381019934094e-05
-6.3179768824215838e-05
-6.2630692169833726e-05
-6.2186745001832121e-05
-6.1645745924508233e-05
-6.1202526172703364e-05
-6.0654639847269399e-05
-6.0228643157793082e-05
-5.9674378097113804e-05
-5.9250480557134352e-05
-5.8708193592489927e-05
-5.8275217438908703e-05
-5.7741560701585180e-05
-5.7304060781719487e-05
-5.6771009756402584e-05
-5.6342839442685160e-05
-5.5808483670082811e-05
-5.5372339025585042e-05
-5.4863761970592389e-05
-5.4402270840997909e-05
-5.3920833360861207e-05
-5.3440856137904213e-05
-5.2967482428054112e-05
-5.2484438257951001e-05
-5.2019275361532314e-05
-5.1525674917564340e-05
-5.1082395568883743e-05
-5.0563262876330733e-05
-5.0135544255963072e-05
-4.9616322920068941e-05
-4.9175610213257463e-05
-4.8683185164006193e-05
-4.8209555358339928e-05
-4.7752982975716279e-05
-4.7246248147552489e-05
-4.6815576746061159e-05
-4.6291051543676155e-05
-4.5849293638559907e-05
-4.5360036376075023e-05
-4.4887889829537981e-05
-4.4423667603282069e-05
-4.3926158519197978e-05
-4.3485516343068109e-05
-4.2963439182325091e-05
-4.2514179150075627e-05
-4.2024965478927542e-05
-4.1541424301484004e-05
-4.1085626453423780e-05
-4.0563970730129117e-05
-4.0107816614007895e-05
-3.9618438153816844e-05
-3.9126395704530928e-05
-3.8664770518894959e-05
-3.8137076290426150e-05
0.0000000000000000e+00
];
