%Vec Object:dSdr_b_aug_7880 1 MPI processes
%  type: seq
dSdr_b_aug_7880 = [
2.2952264327098019e+03
0.0000000000000000e+00
-7.2505377813468755e-07
-3.0005460679604529e-07
-1.8690195506404420e-07
-1.3293040848480940e-07
-9.9745793654114856e-08
-7.9224170646295975e-08
-6.5313948601655412e-08
-5.4856305395853456e-08
-4.7089612455535830e-08
-4.1134982379786993e-08
-3.6286846897803364e-08
-3.2359042570056852e-08
-2.9138532716801327e-08
-2.6422623914565756e-08
-2.4101679856919033e-08
-2.2521535926405211e-08
-5.1692284043417848e-05
-7.8232865174543843e-04
-7.4427439369403046e-04
-7.0535882655254267e-04
-6.6721614615257050e-04
-6.2921580178684159e-04
-5.8703197634350519e-04
-5.4630245764149699e-04
-5.0724562387421783e-04
-4.6779483226906242e-04
-4.2730903065099776e-04
-3.8402745605997088e-04
-3.4593771761764260e-04
-3.0932267169232134e-04
-2.7475223311824266e-04
-2.3828796356426351e-04
-2.0862631005140066e-04
-1.8280765529152127e-04
-1.6022300469581738e-04
-1.3889442793106011e-04
-1.2274007365868487e-04
-1.1048885476092230e-04
-1.0082085925262269e-04
-9.3031231137106156e-05
-8.8182910062556039e-05
-8.5234086732386102e-05
-8.3632460807369383e-05
-8.3273203173417693e-05
-8.3777028416575172e-05
-8.4791411105318009e-05
-8.6246509325738066e-05
-8.8206397808128698e-05
-8.9931477010063180e-05
-9.1738642894104253e-05
-9.3580142829618204e-05
-9.5354617585549916e-05
-9.6843009755305688e-05
-9.8178102635780416e-05
-9.9463138589488253e-05
-1.0050205446701313e-04
-1.0135747675259455e-04
-1.0205224673899143e-04
-1.0268072103531476e-04
-1.0309863305066202e-04
-1.0335719039812090e-04
-1.0357062636234643e-04
-1.0367945324095308e-04
-1.0365563724812381e-04
-1.0357334533568395e-04
-1.0343257950107315e-04
-1.0320175015592460e-04
-1.0291583529728718e-04
-1.0261268112749050e-04
-1.0225489692772868e-04
-1.0186340209341302e-04
-1.0141616278341730e-04
-1.0097140760846444e-04
-1.0049913621660935e-04
-9.9988155970591293e-05
-9.9491424537690064e-05
-9.8984043800541603e-05
-9.8412118926341084e-05
-9.7876981039749568e-05
-9.7339253257687483e-05
-9.6751785861402261e-05
-9.6204873662271233e-05
-9.5662113525035394e-05
-9.5032373514315988e-05
-9.4486060251620834e-05
-9.3921817527445450e-05
-9.3310566512625045e-05
-9.2765027286239468e-05
-9.2186145222627517e-05
-9.1577767092028862e-05
-9.1028726013396682e-05
-9.0430715869784377e-05
-8.9856133594282326e-05
-8.9316822918540084e-05
-8.8693423013188157e-05
-8.8146274441708040e-05
-8.7595570713260143e-05
-8.6962415436600985e-05
-8.6454776426675350e-05
-8.5876276714749573e-05
-8.5289610800485700e-05
-8.4781117994343043e-05
-8.4154312371862325e-05
-8.3629862093453450e-05
-8.3098165917240717e-05
-8.2494709863702528e-05
-8.1995462381488692e-05
-8.1414518241983104e-05
-8.0863510471990946e-05
-8.0358883763716904e-05
-7.9764037863125006e-05
-7.9268289262645657e-05
-7.8707881162292062e-05
-7.8177750373040756e-05
-7.7652798969513170e-05
-7.7097152246869270e-05
-7.6606905307549688e-05
-7.6030004184411717e-05
-7.5549043943081464e-05
-7.5007816703451472e-05
-7.4474585415803418e-05
-7.4002566598992931e-05
-7.3415503004891538e-05
-7.2966194291020832e-05
-7.2406470669878802e-05
-7.1922094505070240e-05
-7.1410333763262832e-05
-7.0894406617645834e-05
-7.0401683995191167e-05
-6.9881266829650040e-05
-6.9414895995581911e-05
-6.8865323440381871e-05
-6.8425248862679009e-05
-6.7876405331297022e-05
-6.7417958475880554e-05
-6.6906449341793347e-05
-6.6419994664766136e-05
-6.5935773132736581e-05
-6.5443809421900751e-05
-6.4966523947116136e-05
-6.4472408295783442e-05
-6.4005526829177310e-05
-6.3492842647566844e-05
-6.3059200588412451e-05
-6.2524954765322385e-05
-6.2106072413623266e-05
-6.1578899605451302e-05
-6.1153204567326121e-05
-6.0634878647602209e-05
-6.0209750650932125e-05
-5.9684644509356353e-05
-5.9276665356006130e-05
-5.8745326079321897e-05
-5.8339577510895318e-05
-5.7819990063142448e-05
-5.7405377577887023e-05
-5.6894412408768995e-05
-5.6475711452886361e-05
-5.5965138696304987e-05
-5.5556182739289746e-05
-5.5044024452793215e-05
-5.4627437971854371e-05
-5.4140986219816031e-05
-5.3699430095803795e-05
-5.3239801511128514e-05
-5.2780480376438842e-05
-5.2328478095655782e-05
-5.1866882495586604e-05
-5.1422549991578854e-05
-5.0951245966477756e-05
-5.0528109154129374e-05
-5.0032407520256491e-05
-4.9624415089979226e-05
-4.9128676192707175e-05
-4.8708393206357545e-05
-4.8238757223196724e-05
-4.7786794730863325e-05
-4.7352129578659079e-05
-4.6868366077874651e-05
-4.6458549383772505e-05
-4.5958506559599025e-05
-4.5537554617915024e-05
-4.5072177116724544e-05
-4.4622183445923986e-05
-4.4180587922112409e-05
-4.3706978270043997e-05
-4.3287898745469784e-05
-4.2791194976605476e-05
-4.2363976242934996e-05
-4.1898683389400181e-05
-4.1439061147527160e-05
-4.1005788693972305e-05
-4.0510160585936269e-05
-4.0076698405622892e-05
-3.9611878967234735e-05
-3.9144850580685004e-05
-3.8706191621727544e-05
-3.8205792965638577e-05
0.0000000000000000e+00
];
