%Vec Object:dSdr_b_aug_6220 1 MPI processes
%  type: seq
dSdr_b_aug_6220 = [
2.3161116000477355e+03
0.0000000000000000e+00
-8.2963500771202702e-07
-3.4260252302243494e-07
-2.1278600780811860e-07
-1.5102034365422378e-07
-1.1321902977064987e-07
-8.9847900063750181e-08
-7.4007177182636029e-08
-6.2091504426419585e-08
-5.3243120411304351e-08
-4.6459859828247959e-08
-4.0937521144007865e-08
-3.6463990871172359e-08
-3.2796341058157875e-08
-2.9703836160433112e-08
-2.7061549792598408e-08
-2.4807095448157769e-08
-2.5661166321869625e-08
-1.1964440659918732e-04
-7.5071456185126179e-04
-7.1446906190091876e-04
-6.7589497443642469e-04
-6.3744500727096762e-04
-5.9476632445092559e-04
-5.5357258546209515e-04
-5.1408048969793778e-04
-4.7419586259534911e-04
-4.3327298254834353e-04
-3.8953673144449151e-04
-3.5104913148237553e-04
-3.1405815441496278e-04
-2.7913764680487322e-04
-2.4230813075391074e-04
-2.1235127024603735e-04
-1.8627741657116907e-04
-1.6347022482017274e-04
-1.4193110772393972e-04
-1.2561714355381794e-04
-1.1324417738396490e-04
-1.0347746420629942e-04
-9.5605916994740683e-05
-9.0703332108574815e-05
-8.7717159464871945e-05
-8.6090043799922372e-05
-8.5715344990252256e-05
-8.6211542457846361e-05
-8.7222594503707181e-05
-8.8677973475425858e-05
-9.0639849947084662e-05
-9.2366359703115793e-05
-9.4175759304763147e-05
-9.6018433099680713e-05
-9.7792546809570322e-05
-9.9279425956882989e-05
-1.0061116269118896e-04
-1.0189047547306034e-04
-1.0292281991892272e-04
-1.0377058300790789e-04
-1.0445565278465255e-04
-1.0507275355263288e-04
-1.0547909433547801e-04
-1.0572478190407708e-04
-1.0592275797325762e-04
-1.0601742389941570e-04
-1.0597857216790452e-04
-1.0587960575494060e-04
-1.0572164519783780e-04
-1.0547413796445524e-04
-1.0517059890402704e-04
-1.0484866387480372e-04
-1.0447352920606429e-04
-1.0406460741893415e-04
-1.0359671252109356e-04
-1.0313415177113606e-04
-1.0264418240426495e-04
-1.0211222330000194e-04
-1.0159777733715546e-04
-1.0107274887972959e-04
-1.0047932922162553e-04
-9.9926425545772277e-05
-9.9370736677335282e-05
-9.8762382058941329e-05
-9.8197802050445436e-05
-9.7637246534955726e-05
-9.6986426486813187e-05
-9.6422516468736992e-05
-9.5840251021664166e-05
-9.5208792354681406e-05
-9.4645948279742083e-05
-9.4048759862614797e-05
-9.3420652200020807e-05
-9.2854455074902853e-05
-9.2237626381994238e-05
-9.1644530794729966e-05
-9.1088358492981753e-05
-9.0445528421871912e-05
-8.9880606588615017e-05
-8.9312997023535632e-05
-8.8660047387296515e-05
-8.8135743755983582e-05
-8.7539711096097468e-05
-8.6934408493994698e-05
-8.6409477389376828e-05
-8.5763670014814028e-05
-8.5222205541368598e-05
-8.4673693726770006e-05
-8.4051584023801094e-05
-8.3536204681644024e-05
-8.2936936533846060e-05
-8.2368680141204351e-05
-8.1847839610465142e-05
-8.1234089078116724e-05
-8.0722725209502534e-05
-8.0144218155207004e-05
-7.9597330899530694e-05
-7.9055754952153778e-05
-7.8482127661952595e-05
-7.7976234742913421e-05
-7.7381012384858760e-05
-7.6884078590444365e-05
-7.6325846508194364e-05
-7.5775381983653569e-05
-7.5287437817903201e-05
-7.4682170563759027e-05
-7.4217585499846480e-05
-7.3639724285870880e-05
-7.3139852915457830e-05
-7.2610594300283774e-05
-7.2078154711036405e-05
-7.1569102526105734e-05
-7.1031238635818061e-05
-7.0549516581546831e-05
-6.9981598008924341e-05
-6.9526590142402568e-05
-6.8959554123854754e-05
-6.8485559469665927e-05
-6.7956794780216179e-05
-6.7454023025081050e-05
-6.6953207186783484e-05
-6.6444433324524703e-05
-6.5951056768379364e-05
-6.5439558369476776e-05
-6.4956896061579489e-05
-6.4426531323540865e-05
-6.3977305189133203e-05
-6.3425199875643838e-05
-6.2990882651128055e-05
-6.2445659341831285e-05
-6.2004923104347584e-05
-6.1467912709669710e-05
-6.1027875674360142e-05
-6.0483996858979589e-05
-6.0061169828506286e-05
-5.9510937891129511e-05
-5.9090233131486296e-05
-5.8551939483910754e-05
-5.8122193879248664e-05
-5.7592529059447741e-05
-5.7158336264898770e-05
-5.6629239631704815e-05
-5.6204449518151867e-05
-5.5673998740259495e-05
-5.5241294776885554e-05
-5.4736610015983899e-05
-5.4278625859595775e-05
-5.3801025008214550e-05
-5.3324681609233783e-05
-5.2855067565293564e-05
-5.2375796629859930e-05
-5.1914298215436670e-05
-5.1424620156051337e-05
-5.0984884275733981e-05
-5.0469873568829125e-05
-5.0045625165931019e-05
-4.9530534846567515e-05
-4.9093416113946596e-05
-4.8605000091787661e-05
-4.8135181966471519e-05
-4.7682463462878605e-05
-4.7179769700949722e-05
-4.6752766996576801e-05
-4.6232548660537718e-05
-4.5794450846089298e-05
-4.5309394398445959e-05
-4.4841144843944869e-05
-4.4380902931159805e-05
-4.3887598014364958e-05
-4.3450748856674153e-05
-4.2933135019084858e-05
-4.2487752009168541e-05
-4.2002745836055637e-05
-4.1523411567744731e-05
-4.1071575065874667e-05
-4.0554496098044303e-05
-4.0102330625866064e-05
-3.9617266539069655e-05
-3.9129611657772294e-05
-3.8671990360893055e-05
-3.8148904720875624e-05
0.0000000000000000e+00
];
