%Vec Object:dSdr_b_aug_3730 1 MPI processes
%  type: seq
dSdr_b_aug_3730 = [
2.3596003426611146e+03
0.0000000000000000e+00
-1.1119277229609715e-06
-4.5768263958331442e-07
-2.8282740142003177e-07
-2.0011218244937039e-07
-1.5000508173819514e-07
-1.1903877314244269e-07
-9.8050673754859405e-08
-8.2232086883165982e-08
-7.0487159267944350e-08
-6.1484833613302147e-08
-5.4152909742424904e-08
-4.8213493840462703e-08
-4.3344461547042086e-08
-3.9238958786192766e-08
-3.5731120994327360e-08
-3.2738332688413360e-08
-3.0150852510169012e-08
-2.7868278436637386e-08
-4.1558698202513592e-08
-1.4390515315890892e-04
-6.8825038919181566e-04
-6.5457236711045344e-04
-6.1095654110894645e-04
-5.6879323505774643e-04
-5.2838994821407734e-04
-4.8759704703786686e-04
-4.4575910073819675e-04
-4.0107093994567713e-04
-3.6175037801560708e-04
-3.2397235237847780e-04
-2.8831894105292978e-04
-2.5072474581833344e-04
-2.2014984065593746e-04
-1.9354170314677158e-04
-1.7026859977239996e-04
-1.4828869596269888e-04
-1.3164057319948422e-04
-1.1901271776581903e-04
-1.0903932997384702e-04
-1.0099627754849799e-04
-9.5980086407475778e-05
-9.2915719595710521e-05
-9.1235238881170585e-05
-9.0828212619493658e-05
-9.1308440393486707e-05
-9.2312519061697751e-05
-9.3768485477327868e-05
-9.5734523675503299e-05
-9.7464028138276012e-05
-9.9278103968295094e-05
-1.0112323509219368e-04
-1.0289659267409784e-04
-1.0438030393868195e-04
-1.0570501404426382e-04
-1.0697234461143675e-04
-1.0799093094191934e-04
-1.0882265858432406e-04
-1.0948741986553805e-04
-1.1008070889128754e-04
-1.1046282402783630e-04
-1.1068156732461283e-04
-1.1084717652037195e-04
-1.1091219507314026e-04
-1.1084186452108076e-04
-1.1070798837994319e-04
-1.1051402896163922e-04
-1.1023160491134459e-04
-1.0989116783605009e-04
-1.0952991321669255e-04
-1.0911845362112753e-04
-1.0867304678239639e-04
-1.0816190737068224e-04
-1.0766206888817789e-04
-1.0713504706106643e-04
-1.0655916664762065e-04
-1.0600763356657712e-04
-1.0544565786439052e-04
-1.0480723675806223e-04
-1.0421713864979631e-04
-1.0362384647591279e-04
-1.0297176240103082e-04
-1.0237019309189624e-04
-1.0177238119852283e-04
-1.0107742801779643e-04
-1.0047667745917803e-04
-9.9856679667832514e-05
-9.9182914292903892e-05
-9.8583840814691500e-05
-9.7948326244838265e-05
-9.7278912867343023e-05
-9.6676797871239571e-05
-9.6020570695017630e-05
-9.5388715669218714e-05
-9.4797241895508663e-05
-9.4113732863345149e-05
-9.3511600959955064e-05
-9.2908597363899867e-05
-9.2214206292181750e-05
-9.1655013638101528e-05
-9.1022274036996407e-05
-9.0377953714663401e-05
-8.9818607432599405e-05
-8.9133018040374752e-05
-8.8555932694057480e-05
-8.7972215704854509e-05
-8.7311052771868287e-05
-8.6761899812402206e-05
-8.6124268571199410e-05
-8.5519900509803924e-05
-8.4965114765855643e-05
-8.4311785548454261e-05
-8.3767729599695126e-05
-8.3151330626167954e-05
-8.2569362080897330e-05
-8.1992981036419171e-05
-8.1381709681874098e-05
-8.0843060385983904e-05
-8.0209480743810284e-05
-7.9679104766778092e-05
-7.9085271396591662e-05
-7.8498727419444307e-05
-7.7977441992198757e-05
-7.7334063610534295e-05
-7.6837496028495103e-05
-7.6221662005990581e-05
-7.5689349923640316e-05
-7.5123457815964425e-05
-7.4556447828424459e-05
-7.4013208125600763e-05
-7.3438817829407478e-05
-7.2924956513210266e-05
-7.2318628779412348e-05
-7.1832356632742082e-05
-7.1227232884916146e-05
-7.0720687415526900e-05
-7.0155796556980418e-05
-6.9618863427070655e-05
-6.9083305811074898e-05
-6.8539338279155476e-05
-6.8012273497732178e-05
-6.7464382645607531e-05
-6.6948681632760689e-05
-6.6381300952478853e-05
-6.5899448064533108e-05
-6.5309952196004534e-05
-6.4843320590874298e-05
-6.4260306830377564e-05
-6.3788080410061157e-05
-6.3211952281853065e-05
-6.2740701759242444e-05
-6.2157520561971900e-05
-6.1703608096326157e-05
-6.1113822578205823e-05
-6.0661805622978106e-05
-6.0084348774955175e-05
-5.9622920564922169e-05
-5.9054106262908900e-05
-5.8587479857064098e-05
-5.8019601750677324e-05
-5.7561661359232251e-05
-5.6992913546264189e-05
-5.6526466145643130e-05
-5.5983608894178373e-05
-5.5491231148366277e-05
-5.4976003710462212e-05
-5.4464022656614397e-05
-5.3957536794247777e-05
-5.3441260957400639e-05
-5.2943824184647896e-05
-5.2415678456123969e-05
-5.1941190987111003e-05
-5.1385755052034883e-05
-5.0927473402849699e-05
-5.0371869238974178e-05
-4.9899503500007222e-05
-4.9371769939634142e-05
-4.8864569648109558e-05
-4.8374055079976138e-05
-4.7831729414542625e-05
-4.7368746626792162e-05
-4.6806289479168438e-05
-4.6332295790242834e-05
-4.5806040355553624e-05
-4.5299571286243627e-05
-4.4800292492142131e-05
-4.4265755029267742e-05
-4.3791705154619457e-05
-4.3230316266268265e-05
-4.2746907425864552e-05
-4.2220633296810757e-05
-4.1700035199116392e-05
-4.1209340518813021e-05
-4.0647363412933988e-05
-4.0156059161730676e-05
-3.9628644153852424e-05
-3.9097876044759509e-05
-3.8600751933397806e-05
-3.8031208579857517e-05
0.0000000000000000e+00
];
