%Vec Object:dSdr_b_aug_5390 1 MPI processes
%  type: seq
dSdr_b_aug_5390 = [
2.3251668064810856e+03
0.0000000000000000e+00
-8.8181135679899800e-07
-3.6420534450988668e-07
-2.2616497223286661e-07
-1.6055766320130198e-07
-1.2047529424997777e-07
-9.5694807341486030e-08
-7.8898076382580265e-08
-6.6254009613589713e-08
-5.6864385364072991e-08
-4.9666265284556481e-08
-4.3803967414238047e-08
-3.9054504449267415e-08
-3.5160530406851612e-08
-3.1876635253740506e-08
-2.9070246658558618e-08
-2.6675668070769659e-08
-2.4646087306761772e-08
-3.4606862069508926e-06
-6.9609447681185429e-04
-7.1961552956626470e-04
-6.8123850483080240e-04
-6.4251748714427772e-04
-5.9953388173921460e-04
-5.5805399375506032e-04
-5.1829359651667912e-04
-4.7814154716487039e-04
-4.3694924587823418e-04
-3.9293272583321864e-04
-3.5419987848314428e-04
-3.1697717221943947e-04
-2.8184087717654998e-04
-2.4478621809726050e-04
-2.1464738788521190e-04
-1.8841622604411635e-04
-1.6547185682503607e-04
-1.4380295973722589e-04
-1.2739060989192281e-04
-1.1494259716677653e-04
-1.0511503318277624e-04
-9.7192990025915727e-05
-9.2256956278317822e-05
-8.9247761088527387e-05
-8.7604933268716970e-05
-8.7220716365364227e-05
-8.7712211850294919e-05
-8.8721210652826623e-05
-9.0176762507804847e-05
-9.2139864239352534e-05
-9.3867255657112303e-05
-9.5678032047305267e-05
-9.7521429416271100e-05
-9.9295320563749770e-05
-1.0078126705507709e-04
-1.0211093500685870e-04
-1.0338671993903623e-04
-1.0441501365654285e-04
-1.0525805550417920e-04
-1.0593714593107675e-04
-1.0654723589255618e-04
-1.0694644400165721e-04
-1.0718419845467755e-04
-1.0737264482488872e-04
-1.0745858173864224e-04
-1.0741046176451386e-04
-1.0730121695342084e-04
-1.0713265732640483e-04
-1.0687486960703976e-04
-1.0656046673988467e-04
-1.0622695492427040e-04
-1.0584112518184192e-04
-1.0542146117546613e-04
-1.0494083388279496e-04
-1.0446729752578580e-04
-1.0396641887804821e-04
-1.0342152811094808e-04
-1.0289616266274371e-04
-1.0236025590248161e-04
-1.0175358655796125e-04
-1.0118973180004485e-04
-1.0062297146573485e-04
-1.0000174167064950e-04
-9.9426270976435687e-05
-9.8854746140060652e-05
-9.8190932061329627e-05
-9.7616175156335760e-05
-9.7022800250153612e-05
-9.6378885303141808e-05
-9.5805374276948906e-05
-9.5196901566908709e-05
-9.4556632344391443e-05
-9.3979859991748308e-05
-9.3351431281435689e-05
-9.2746923829409994e-05
-9.2180357785158449e-05
-9.1525550687827318e-05
-9.0949673167065127e-05
-9.0371642607445140e-05
-8.9706491450907582e-05
-8.9171915513618479e-05
-8.8565075299950699e-05
-8.7948284784200202e-05
-8.7413220883797999e-05
-8.6755700564940347e-05
-8.6203748305090460e-05
-8.5644871097208236e-05
-8.5011263025340145e-05
-8.4485939780501779e-05
-8.3875376459224179e-05
-8.3296487775855470e-05
-8.2765652819666961e-05
-8.2140249209536860e-05
-8.1619259872772965e-05
-8.1029596371786996e-05
-8.0472380197475958e-05
-7.9920556650385814e-05
-7.9335845888642048e-05
-7.8820308570554438e-05
-7.8213792748885069e-05
-7.7707012634705477e-05
-7.7138298531497692e-05
-7.6577211200563666e-05
-7.6079450428912716e-05
-7.5462962186165179e-05
-7.4988960568325708e-05
-7.4399919090598662e-05
-7.3890496260777168e-05
-7.3350451713946556e-05
-7.2807833625714990e-05
-7.2288715672343189e-05
-7.1740097379286561e-05
-7.1248912620526980e-05
-7.0669685308727122e-05
-7.0205472356571537e-05
-6.9627222237193928e-05
-6.9143643705047529e-05
-6.8604242452729709e-05
-6.8091412625267798e-05
-6.7580367827489008e-05
-6.7061231955859699e-05
-6.6557936635259119e-05
-6.6035723270937540e-05
-6.5543333435152772e-05
-6.5002070158440240e-05
-6.4543237785691455e-05
-6.3980123636435759e-05
-6.3536292144321155e-05
-6.2979942257911773e-05
-6.2529934419000696e-05
-6.1981406657249299e-05
-6.1532179486611967e-05
-6.0976728937593243e-05
-6.0544749473054231e-05
-5.9982871840939337e-05
-5.9552947881442020e-05
-5.9003123476807959e-05
-5.8564049611898550e-05
-5.8022858072667636e-05
-5.7579115899067672e-05
-5.7038600896869655e-05
-5.6604050395578121e-05
-5.6062323878737760e-05
-5.5619684882671176e-05
-5.5103761049800251e-05
-5.4635650434706320e-05
-5.4146971237828633e-05
-5.3660135088904524e-05
-5.3179664920604586e-05
-5.2689498675066535e-05
-5.2217418968309114e-05
-5.1716414913546267e-05
-5.1266447153201124e-05
-5.0739534083258281e-05
-5.0305265292622174e-05
-4.9778246509812126e-05
-4.9330750013698266e-05
-4.8830757742043230e-05
-4.8349933187397474e-05
-4.7886086382098836e-05
-4.7371723784219622e-05
-4.6934127429890318e-05
-4.6401472681103689e-05
-4.5952805973867592e-05
-4.5455619222607242e-05
-4.4976116573678822e-05
-4.4504380870820315e-05
-4.3998935645214343e-05
-4.3551133194117150e-05
-4.3020630296590526e-05
-4.2564050827258039e-05
-4.2066893425705779e-05
-4.1575408849754576e-05
-4.1112129865202903e-05
-4.0581829278058044e-05
-4.0118136434835514e-05
-3.9620596138733243e-05
-3.9120232851806384e-05
-3.8650939735736002e-05
-3.8113957923374431e-05
0.0000000000000000e+00
];
