%Vec Object:dSdr_b_aug_4510 1 MPI processes
%  type: seq
dSdr_b_aug_4510 = [
2.3427304116226078e+03
0.0000000000000000e+00
-9.9210820105315766e-07
-4.0937454914585299e-07
-2.5380004992239281e-07
-1.8002523877242185e-07
-1.3512901894764932e-07
-1.0737655539225295e-07
-8.8565201293110895e-08
-7.4391482017633713e-08
-6.3866233986169050e-08
-5.5797984661423745e-08
-4.9225111516791627e-08
-4.3899704808423095e-08
-3.9533601393028109e-08
-3.5851271550505484e-08
-3.2704093996624438e-08
-3.0018744499612646e-08
-2.7696757023679020e-08
-2.6512238793748863e-08
-3.0131331826660320e-05
-7.1194098346035980e-04
-6.8732530500784116e-04
-6.4845392323606280e-04
-6.0511629463552892e-04
-5.6330141875591188e-04
-5.2322686094118922e-04
-4.8276167827844985e-04
-4.4125390291280009e-04
-3.9690920686845317e-04
-3.5788919139108914e-04
-3.2039514589450086e-04
-2.8500617835071460e-04
-2.4768789201384860e-04
-2.1733598758561106e-04
-1.9092062852303580e-04
-1.6781563377084042e-04
-1.4599477310156355e-04
-1.2946722028876409e-04
-1.1693133311970059e-04
-1.0703251694864305e-04
-9.9051346442572584e-05
-9.4076146316872801e-05
-9.1039993252027183e-05
-8.9378767526489749e-05
-8.8983405540029277e-05
-8.9469395401542989e-05
-9.0475990122918784e-05
-9.1931744526610974e-05
-9.3896281056448307e-05
-9.5624704935505508e-05
-9.7437093463564927e-05
-9.9281337904150150e-05
-1.0105496827415228e-04
-1.0253982252955441e-04
-1.0386706792799759e-04
-1.0513872184715952e-04
-1.0616227235171820e-04
-1.0699978592331259e-04
-1.0767187491563706e-04
-1.0827375567754520e-04
-1.0866461189020464e-04
-1.0889307718460097e-04
-1.0907036490565583e-04
-1.0914608072103693e-04
-1.0908710824733213e-04
-1.0896582811355104e-04
-1.0878485767921882e-04
-1.0851503219362228e-04
-1.0818790853164359e-04
-1.0784084107054033e-04
-1.0744248810914080e-04
-1.0701024567999564e-04
-1.0651470960374391e-04
-1.0602832154337485e-04
-1.0551466885621445e-04
-1.0495463597713472e-04
-1.0441648454121389e-04
-1.0386784001550214e-04
-1.0324565617576500e-04
-1.0266897843339477e-04
-1.0208925415348843e-04
-1.0145294838955164e-04
-1.0086472543150076e-04
-1.0028035625511248e-04
-9.9601327038157376e-05
-9.9013869155393188e-05
-9.8407485817255384e-05
-9.7748985402200945e-05
-9.7162984091137331e-05
-9.6541298231100944e-05
-9.5886788638248696e-05
-9.5297633403541781e-05
-9.4655621851548967e-05
-9.4037751871981322e-05
-9.3459015452675734e-05
-9.2790184062193788e-05
-9.2201478166974840e-05
-9.1611245322357630e-05
-9.0931807005542823e-05
-9.0385202887682155e-05
-8.9765707758238293e-05
-8.9135465675005006e-05
-8.8588536958634904e-05
-8.7917301576879075e-05
-8.7353068831281605e-05
-8.6782054451828717e-05
-8.6134982570650046e-05
-8.5598015691474842e-05
-8.4974226489242010e-05
-8.4382888115912673e-05
-8.3840350367037124e-05
-8.3201301794558289e-05
-8.2669041689522918e-05
-8.2066314747897609e-05
-8.1497004112615924e-05
-8.0933181323657578e-05
-8.0335492570767861e-05
-7.9808662318342090e-05
-7.9188922619424397e-05
-7.8670613135767341e-05
-7.8089625300191174e-05
-7.7516099386852624e-05
-7.7006844039238716e-05
-7.6377216783661068e-05
-7.5892189024213570e-05
-7.5290056220150177e-05
-7.4769449284092747e-05
-7.4216775147656778e-05
-7.3662238732758836e-05
-7.3131334452897562e-05
-7.2570123489368218e-05
-7.2067858551894481e-05
-7.1475389479960859e-05
-7.1000398004049590e-05
-7.0409016940427112e-05
-6.9914216345121893e-05
-6.9362360407326315e-05
-6.8837753268199828e-05
-6.8314731061886277e-05
-6.7783461989869725e-05
-6.7268552479312835e-05
-6.6733792628123943e-05
-6.6230012528668432e-05
-6.5675987814565196e-05
-6.5205907201370148e-05
-6.4629902465948089e-05
-6.4174930426438964e-05
-6.3605552088456886e-05
-6.3144687849782413e-05
-6.2582674049741022e-05
-6.2122685872768261e-05
-6.1553685628307897e-05
-6.1110989305458805e-05
-6.0535475377226985e-05
-6.0094756384081891e-05
-5.9531430270757970e-05
-5.9081433673362465e-05
-5.8526745156949065e-05
-5.8071821339738274e-05
-5.7517936235890868e-05
-5.7071957018865220e-05
-5.6517027415971309e-05
-5.6062755212662819e-05
-5.5533671234642527e-05
-5.5053703272827658e-05
-5.4552052138403101e-05
-5.4052929749502821e-05
-5.3559747859471284e-05
-5.3056824014371617e-05
-5.2572354408081601e-05
-5.2058088464690585e-05
-5.1596139958743480e-05
-5.1055290131313754e-05
-5.0609288258881313e-05
-5.0068302181039003e-05
-4.9608654168265079e-05
-4.9095107052287428e-05
-4.8601394894464409e-05
-4.8124517805530043e-05
-4.7596492025494047e-05
-4.7146491491914000e-05
-4.6599274858978214e-05
-4.6138233056963550e-05
-4.5626842971670589e-05
-4.5134164223589844e-05
-4.4648970688970653e-05
-4.4129310742955819e-05
-4.3668683667495171e-05
-4.3123089753773736e-05
-4.2653401538489497e-05
-4.2142017943020121e-05
-4.1636309035451532e-05
-4.1159635779300866e-05
-4.0613859817789882e-05
-4.0136679384394557e-05
-3.9624548770082089e-05
-3.9109344108182081e-05
-3.8626494514383462e-05
-3.8073828101981863e-05
0.0000000000000000e+00
];
