%Vec Object:dSdr_b_aug_7350 1 MPI processes
%  type: seq
dSdr_b_aug_7350 = [
2.2992300312323114e+03
0.0000000000000000e+00
-7.4432605939633793e-07
-3.0805437463678428e-07
-1.9187564929851571e-07
-1.3648472951033271e-07
-1.0245089125250137e-07
-8.1404389544165584e-08
-6.7138083805765011e-08
-5.6409435385092196e-08
-4.8441331599992499e-08
-4.2332289159052393e-08
-3.7357627953741410e-08
-3.3327112324286948e-08
-3.0022340591089003e-08
-2.7235163097922105e-08
-2.4853099047254462e-08
-2.2879277556425550e-08
-9.7961587089765630e-06
-7.7076423027530832e-04
-7.4712701414927788e-04
-7.0815831666094363e-04
-6.6987534670692544e-04
-6.3173713280896820e-04
-5.8940168692446276e-04
-5.4852993669438326e-04
-5.0933974392122555e-04
-4.6975603037339758e-04
-4.2913631321697351e-04
-3.8571543124675197e-04
-3.4750379285135145e-04
-3.1077356617471505e-04
-2.7609587068520006e-04
-2.3951969402413172e-04
-2.0976759266019921e-04
-1.8387074804069150e-04
-1.6121791352754458e-04
-1.3982482975189611e-04
-1.2362157283719885e-04
-1.1133305186740849e-04
-1.0163481041625415e-04
-9.3820083347881934e-05
-8.8955136564325039e-05
-8.5994869920049438e-05
-8.4385434307025442e-05
-8.4021445739853245e-05
-8.4522933945626634e-05
-8.5536296170204683e-05
-8.6991480413873323e-05
-8.8951977996455057e-05
-9.0677495506770922e-05
-9.2485345778576866e-05
-9.4327205373886198e-05
-9.6101569512904047e-05
-9.7589498113836491e-05
-9.8923562714478476e-05
-1.0020684516016410e-04
-1.0124374763291629e-04
-1.0209682323554938e-04
-1.0278862119714836e-04
-1.0341361078397295e-04
-1.0382797751551995e-04
-1.0408259172016141e-04
-1.0429129096126804e-04
-1.0439577909694579e-04
-1.0436735633717742e-04
-1.0427995556093426e-04
-1.0413392147276833e-04
-1.0389798222573354e-04
-1.0360666752613246e-04
-1.0329775912945469e-04
-1.0293465895705876e-04
-1.0253782471634614e-04
-1.0208425678522929e-04
-1.0163404619854595e-04
-1.0115635236224639e-04
-1.0063894444888067e-04
-1.0013678549924806e-04
-9.9623997715017650e-05
-9.9045487099998179e-05
-9.8504905991365606e-05
-9.7961675150565493e-05
-9.7367808162961253e-05
-9.6815482761571713e-05
-9.6267270336501548e-05
-9.5631071658119061e-05
-9.5079366963187677e-05
-9.4509602295481907e-05
-9.3892159901225454e-05
-9.3341318679289310e-05
-9.2756827771102183e-05
-9.2142404751261288e-05
-9.1588107268178950e-05
-9.0984331349368457e-05
-9.0404076819731779e-05
-8.9859599946378148e-05
-8.9230246873914281e-05
-8.8677652790631559e-05
-8.8121769318922998e-05
-8.7482549290541641e-05
-8.6969804442786785e-05
-8.6385932847920567e-05
-8.5793556877828271e-05
-8.5280027575733590e-05
-8.4647400046138297e-05
-8.4117736824025223e-05
-8.3580888539452880e-05
-8.2971717233208835e-05
-8.2467527144051265e-05
-8.1880968749871319e-05
-8.1324676210337558e-05
-8.0815081782759321e-05
-8.0214443731460662e-05
-7.9713910801452434e-05
-7.9147957400294019e-05
-7.8612692632145295e-05
-7.8082647669180903e-05
-7.7521491917848949e-05
-7.7026451239270414e-05
-7.6443936711047080e-05
-7.5958082365913982e-05
-7.5411645047829468e-05
-7.4873133704459423e-05
-7.4396235552965056e-05
-7.3803594577198672e-05
-7.3349605373993060e-05
-7.2784324613340629e-05
-7.2295200904452849e-05
-7.1778079025396188e-05
-7.1257092666233504e-05
-7.0759366862780434e-05
-7.0233604231217256e-05
-6.9762529968322821e-05
-6.9207336414642796e-05
-6.8762686457166883e-05
-6.8208268967045598e-05
-6.7745058453374637e-05
-6.7228262425033717e-05
-6.6736808391778220e-05
-6.6247502564137500e-05
-6.5750388425292024e-05
-6.5268172836808761e-05
-6.4768731320833089e-05
-6.4297014794228110e-05
-6.3778913502823934e-05
-6.3340496670282186e-05
-6.2800778914050956e-05
-6.2377167502646006e-05
-6.1844464237807782e-05
-6.1414160756589428e-05
-6.0890110138121647e-05
-6.0460414190615393e-05
-5.9929556327024285e-05
-5.9517027961778326e-05
-5.8979900200301175e-05
-5.8569569233599243e-05
-5.8044250430135635e-05
-5.7625001337639443e-05
-5.7108306819060673e-05
-5.6684859348349385e-05
-5.6168611096963988e-05
-5.5754803742648102e-05
-5.5237040854502886e-05
-5.4815516168126968e-05
-5.4323478038618498e-05
-5.3876888559777925e-05
-5.3411753485202082e-05
-5.2947216929437432e-05
-5.2489818611824579e-05
-5.2022807496649575e-05
-5.1573215558618910e-05
-5.1096281944292620e-05
-5.0668059370232766e-05
-5.0166441660977695e-05
-4.9753468587479335e-05
-4.9251800637505234e-05
-4.8826359369916749e-05
-4.8350969396189138e-05
-4.7893536138374694e-05
-4.7453339640135231e-05
-4.6963776116186534e-05
-4.6548693813492236e-05
-4.6042469429755237e-05
-4.5616264169039222e-05
-4.5144857240033956e-05
-4.4689270143679519e-05
-4.4241961539334617e-05
-4.3762317432052010e-05
-4.3337793427269146e-05
-4.2834682965020181e-05
-4.2401898786316209e-05
-4.1930565836120194e-05
-4.1464903828543666e-05
-4.1025943232461512e-05
-4.0523742320092464e-05
-4.0084548831509900e-05
-3.9613525147298268e-05
-3.9140173807098794e-05
-3.8695695929535219e-05
-3.8188298144738621e-05
0.0000000000000000e+00
];
