%Vec Object:dSdr_b_aug_5750 1 MPI processes
%  type: seq
dSdr_b_aug_5750 = [
2.3213213107932429e+03
0.0000000000000000e+00
-8.5974692305714165e-07
-3.5531408171047372e-07
-2.2081920447163127e-07
-1.5686308607661565e-07
-1.1774905315218425e-07
-9.3565807242306368e-08
-7.7173482416925605e-08
-6.4834215991998913e-08
-5.5670543495808836e-08
-4.8645444375755051e-08
-4.2923547303180838e-08
-3.8287593958885439e-08
-3.4486569098219632e-08
-3.1280821450823856e-08
-2.8540974515350924e-08
-2.6203098973925647e-08
-2.4425592544184485e-08
-1.8286991348720451e-05
-7.4124739652823592e-04
-7.1744480354466757e-04
-6.7882662067815026e-04
-6.4022605932214250e-04
-5.9738016405669683e-04
-5.5602954144585363e-04
-5.1639034794995610e-04
-4.7635910518661483e-04
-4.3528851352531985e-04
-3.9139860350114337e-04
-3.5277654536909289e-04
-3.1565852155292202e-04
-2.8061970735083472e-04
-2.4366675545755832e-04
-2.1361012910800422e-04
-1.8745003040925232e-04
-1.6456763039568757e-04
-1.4295736074450204e-04
-1.2658945611553719e-04
-1.1417534527926790e-04
-1.0437527032732719e-04
-9.6476038446951259e-05
-9.1555115041309012e-05
-8.8556320157769054e-05
-8.6920590211684811e-05
-8.6540673045932336e-05
-8.7034292568314594e-05
-8.8044218836025756e-05
-8.9499692520794566e-05
-9.1462240772082203e-05
-9.3189233970926392e-05
-9.4999388447232770e-05
-9.6842458936321379e-05
-9.8616450616752265e-05
-1.0010281842282156e-04
-1.0143342092912837e-04
-1.0271079954220597e-04
-1.0374092314883470e-04
-1.0458609778677571e-04
-1.0526788934829007e-04
-1.0588114639979703e-04
-1.0628357665217378e-04
-1.0652491484416205e-04
-1.0671766620173206e-04
-1.0680754639712898e-04
-1.0676361329929717e-04
-1.0665901169710270e-04
-1.0649524014096392e-04
-1.0624209657401801e-04
-1.0593260137149783e-04
-1.0560431930546973e-04
-1.0522332100367453e-04
-1.0480850973580899e-04
-1.0433363423308953e-04
-1.0386505604649332e-04
-1.0336910560674433e-04
-1.0283005664816286e-04
-1.0230962401793659e-04
-1.0177863147174646e-04
-1.0117794760143488e-04
-1.0061903993535605e-04
-1.0005728107569414e-04
-9.9441867572191780e-05
-9.8871316686252033e-05
-9.8304747181228807e-05
-9.7646803085861178e-05
-9.7076946203400086e-05
-9.6488589935428634e-05
-9.5850302045915432e-05
-9.5281609757418614e-05
-9.4678234665945872e-05
-9.4043459362795707e-05
-9.3471464312232068e-05
-9.2848275847480697e-05
-9.2248923644056707e-05
-9.1687052917086367e-05
-9.1037656377164605e-05
-9.0466728029421224e-05
-8.9893405098113123e-05
-8.9233765913084479e-05
-8.8703830434891880e-05
-8.8101872476818564e-05
-8.7490271566748951e-05
-8.6959785104670978e-05
-8.6307556047978629e-05
-8.5760341591666783e-05
-8.5206146896913318e-05
-8.4577733154001403e-05
-8.4056902016187623e-05
-8.3451441231463175e-05
-8.2877355630891651e-05
-8.2351035605238279e-05
-8.1730896213179358e-05
-8.1214255132521404e-05
-8.0629631499201161e-05
-8.0077081361150672e-05
-7.9529887114967684e-05
-7.8950183254908083e-05
-7.8439002745102294e-05
-7.7837588688043225e-05
-7.7335256598876266e-05
-7.6771277695440916e-05
-7.6214989163401076e-05
-7.5721662993878224e-05
-7.5110243775874017e-05
-7.4640496038898925e-05
-7.4056505188819553e-05
-7.3551397182894390e-05
-7.3016225126401916e-05
-7.2478205124088620e-05
-7.1963634331285891e-05
-7.1419874285848120e-05
-7.0932964256884779e-05
-7.0358845611496237e-05
-6.9898791011380583e-05
-6.9325606806283706e-05
-6.8846357743885687e-05
-6.8311761506352757e-05
-6.7803475363747390e-05
-6.7297051448363788e-05
-6.6782596563883252e-05
-6.6283781997039025e-05
-6.5766409066258928e-05
-6.5278413594500832e-05
-6.4742073680020280e-05
-6.4287580879775707e-05
-6.3729439919384801e-05
-6.3289906452953113e-05
-6.2738582944976478e-05
-6.2292763509171284e-05
-6.1749438663760394e-05
-6.1304363095002410e-05
-6.0754140022868715e-05
-6.0326295129603486e-05
-5.9769678386762208e-05
-5.9343919160523604e-05
-5.8799303723647500e-05
-5.8364443860524540e-05
-5.7828459466211872e-05
-5.7389031184913527e-05
-5.6853674382298749e-05
-5.6423533096837905e-05
-5.5886900348886795e-05
-5.5448749465428698e-05
-5.4937902839286750e-05
-5.4474366814787889e-05
-5.3990692219702711e-05
-5.3508596134317281e-05
-5.3033030183631811e-05
-5.2547785859526796e-05
-5.2080486220327898e-05
-5.1584598651237943e-05
-5.1139253118163710e-05
-5.0617716910775597e-05
-5.0187974813291563e-05
-4.9666344691295257e-05
-4.9223536339679300e-05
-4.8728773628019270e-05
-4.8252921226418071e-05
-4.7794101636824313e-05
-4.7285010447695510e-05
-4.6852199802773838e-05
-4.6325163236117170e-05
-4.5881271084305384e-05
-4.5389564268703257e-05
-4.4915145306637585e-05
-4.4448602056907379e-05
-4.3948641390268418e-05
-4.3505787327378401e-05
-4.2981107372383453e-05
-4.2529586332724871e-05
-4.2037918837869130e-05
-4.1551924001082640e-05
-4.1093815394510891e-05
-4.0569489582443024e-05
-4.0111007398264750e-05
-3.9619109036920831e-05
-3.9124499223055934e-05
-3.8660514032789538e-05
-3.8129997462344756e-05
0.0000000000000000e+00
];
