%Vec Object:dSdr_b_aug_7920 1 MPI processes
%  type: seq
dSdr_b_aug_7920 = [
2.2948531428553756e+03
0.0000000000000000e+00
-7.2324330747983134e-07
-2.9928572972962576e-07
-1.8641252557191986e-07
-1.3257238086556400e-07
-9.9467245789623319e-08
-7.8994825929553704e-08
-6.5118038610086882e-08
-5.4686077917569092e-08
-4.6938511263254730e-08
-4.0998557574217859e-08
-3.6162546608514529e-08
-3.2244617113941498e-08
-2.9032219686869170e-08
-2.6323205071889866e-08
-2.4008206846255724e-08
-2.2511773673173615e-08
-5.9322035298422807e-05
-7.8255880990755089e-04
-7.4404048447821000e-04
-7.0513356037879451e-04
-6.6700220870278615e-04
-6.2901295674846233e-04
-5.8684132941769814e-04
-5.4612325346434275e-04
-5.0707714863725667e-04
-4.6763705080942711e-04
-4.2716202290528528e-04
-3.8389165580940301e-04
-3.4581172440815912e-04
-3.0920594495339890e-04
-2.7464413536474301e-04
-2.3818886891098355e-04
-2.0853449206811316e-04
-1.8272212780374934e-04
-1.6014296270976962e-04
-1.3881957563390977e-04
-1.2266915568498875e-04
-1.1042093777624318e-04
-1.0075537559187159e-04
-9.2967766726216201e-05
-8.8120783216219368e-05
-8.5172880519010329e-05
-8.3571882896200624e-05
-8.3213005873955705e-05
-8.3717019136318342e-05
-8.4731483923902102e-05
-8.6186575224386249e-05
-8.8146414704583749e-05
-8.9871458644765918e-05
-9.1678569469463676e-05
-9.3520040470484114e-05
-9.5294524126271287e-05
-9.6782953591516578e-05
-9.8118129199199108e-05
-9.9403306225871859e-05
-1.0044238408535927e-04
-1.0129799516566563e-04
-1.0199300425642311e-04
-1.0262175890347223e-04
-1.0303995614279371e-04
-1.0329883072255014e-04
-1.0351264776383498e-04
-1.0362182370127817e-04
-1.0359837833027436e-04
-1.0351649743419468e-04
-1.0337615543898573e-04
-1.0314573719360728e-04
-1.0286025676081942e-04
-1.0255756552775244e-04
-1.0220020900641945e-04
-1.0180914373585509e-04
-1.0136241357342327e-04
-1.0091809729508320e-04
-1.0044626214748042e-04
-9.9935799017403766e-05
-9.9439504236909518e-05
-9.8932558505195414e-05
-9.8361163464240545e-05
-9.7826463493454400e-05
-9.7289178441200736e-05
-9.6702225902124057e-05
-9.6155749203658033e-05
-9.5613427711561773e-05
-9.4984207310879764e-05
-9.4438327797375594e-05
-9.3874529322316179e-05
-9.3263776413730662e-05
-9.2718663741217359e-05
-9.2140232917953420e-05
-9.1532341108248476e-05
-9.0983722915631159e-05
-9.0386176637627944e-05
-8.9812050703891023e-05
-8.9273155656905331e-05
-8.8650234693181406e-05
-8.8103524221726324e-05
-8.7553237211736331e-05
-8.6920569853907322e-05
-8.6413341616648151e-05
-8.5835274081058787e-05
-8.5249067549596704e-05
-8.4740979937342973e-05
-8.4114642696213741e-05
-8.3590611807148350e-05
-8.3059330126034005e-05
-8.2456333873359445e-05
-8.1957484031435770e-05
-8.1376991567360516e-05
-8.0826408965206997e-05
-8.0322181917555477e-05
-7.9727802004387574e-05
-7.9232438310566854e-05
-7.8672476338207954e-05
-7.8142758585411174e-05
-7.7618216966558395e-05
-7.7063013453679689e-05
-7.6573152178037899e-05
-7.5996702661947584e-05
-7.5516136158766607e-05
-7.4975328077903677e-05
-7.4442521578786268e-05
-7.3970895311916549e-05
-7.3384280426670248e-05
-7.2935348265312766e-05
-7.2376071724490428e-05
-7.1892077506829522e-05
-7.1380748076683984e-05
-7.0865227952465369e-05
-7.0372907843506150e-05
-6.9852920728850063e-05
-6.9386928292713195e-05
-6.8837807955366800e-05
-6.8398101473885601e-05
-6.7849706375903957e-05
-6.7391642763990828e-05
-6.6880558968481442e-05
-6.6394506497177724e-05
-6.5910694004377862e-05
-6.5419144653192790e-05
-6.4942255813457009e-05
-6.4448568635872008e-05
-6.3982076157033925e-05
-6.3469827790012248e-05
-6.3036569868427713e-05
-6.2502764270518853e-05
-6.2084262378623965e-05
-6.1557534503880914e-05
-6.1132210221704909e-05
-6.0614344862464702e-05
-6.0189584364047951e-05
-5.9664940956953343e-05
-5.9257327794215306e-05
-5.8726454209547767e-05
-5.8321074301585961e-05
-5.7801947949686945e-05
-5.7387708486005396e-05
-5.6877204251212621e-05
-5.6458885159057556e-05
-5.5948769004037532e-05
-5.5540203348580643e-05
-5.5028495960053180e-05
-5.4612306764395514e-05
-5.4126304443997772e-05
-5.3685153260022578e-05
-5.3225967679736417e-05
-5.2767066132401291e-05
-5.2315497969654779e-05
-5.1854338054557195e-05
-5.1410428678396543e-05
-5.0939577560525448e-05
-5.0516849903465905e-05
-5.0021624224650981e-05
-4.9614032492243613e-05
-4.9118770593523405e-05
-4.8698902595650510e-05
-4.8229729526294004e-05
-4.7778207161390556e-05
-4.7343987009865159e-05
-4.6860690124562134e-05
-4.6451297050676516e-05
-4.5951751535367827e-05
-4.5531222222998007e-05
-4.5066329788717174e-05
-4.4616786105877700e-05
-4.4175650194001825e-05
-4.3702526005702302e-05
-4.3283884476270530e-05
-4.2787696108067417e-05
-4.2360925087169453e-05
-4.1896118120726064e-05
-4.1436981721042039e-05
-4.1004166791955074e-05
-4.0509067330686627e-05
-4.0076066005362221e-05
-3.9611745276078296e-05
-3.9145224660043260e-05
-3.8707031249406973e-05
-3.8207181876432997e-05
0.0000000000000000e+00
];
