%Vec Object:dSdr_b_aug_3700 1 MPI processes
%  type: seq
dSdr_b_aug_3700 = [
2.3603210698157404e+03
0.0000000000000000e+00
-1.1177869141387407e-06
-4.6020926763834759e-07
-2.8445491661543442e-07
-2.0132061876037123e-07
-1.5096288100065660e-07
-1.1984140638002844e-07
-9.8747799216377323e-08
-8.2847109634036175e-08
-7.1040974426207172e-08
-6.1991695350499688e-08
-5.4620660103718093e-08
-4.8649313608472303e-08
-4.3754044293589451e-08
-3.9626162631536336e-08
-3.6098938472984380e-08
-3.3089565591766232e-08
-3.0487679076122647e-08
-2.8192052399042402e-08
-3.7340823493321024e-08
-1.1900000625490086e-04
-6.8760061559110816e-04
-6.5482156862960010e-04
-6.1120525648372703e-04
-5.6902735915529302e-04
-5.2861006572293111e-04
-4.8780319326522314e-04
-4.4595117082276537e-04
-4.0124836711508870e-04
-3.6191499200564475e-04
-3.2412485946075112e-04
-2.8846017411962869e-04
-2.5085421608117461e-04
-2.2026980374386019e-04
-1.9365344752667298e-04
-1.7037317719055620e-04
-1.4838649290901170e-04
-1.3173322989683660e-04
-1.1910145358608506e-04
-1.0912488658564405e-04
-1.0107919595056155e-04
-9.6061257237475706e-05
-9.2995687584019289e-05
-9.1314385964164871e-05
-9.0906862411237353e-05
-9.1386844520939734e-05
-9.2390815912614694e-05
-9.3846791357313184e-05
-9.5812893566107213e-05
-9.7542444089895048e-05
-9.9356591846246615e-05
-1.0120176076435979e-04
-1.0297510670977831e-04
-1.0445876923813986e-04
-1.0578337125126878e-04
-1.0705051749562579e-04
-1.0806889218543702e-04
-1.0890037315680737e-04
-1.0956482203552764e-04
-1.1015774476958145e-04
-1.1053948724815821e-04
-1.1075781606728937e-04
-1.1092292734881500e-04
-1.1098748984314921e-04
-1.1091667505915233e-04
-1.1078226191090007e-04
-1.1058774873108637e-04
-1.1030478756439287e-04
-1.0996378289609313e-04
-1.0960192343430439e-04
-1.0918990506243278e-04
-1.0874393698386877e-04
-1.0823213235401122e-04
-1.0773172043854360e-04
-1.0720412864340051e-04
-1.0662757260101911e-04
-1.0607546901914777e-04
-1.0551292496775632e-04
-1.0487381161754599e-04
-1.0428314135774142e-04
-1.0368927074282850e-04
-1.0303651399082780e-04
-1.0243437568613359e-04
-1.0183599068871717e-04
-1.0114035862125118e-04
-1.0053904135520682e-04
-9.9918463137858537e-05
-9.9244046971987335e-05
-9.8644416186996202e-05
-9.8008312057940402e-05
-9.7338263286956278e-05
-9.6735595776644098e-05
-9.6078762545728856e-05
-9.5446311295425385e-05
-9.4854294489459995e-05
-9.4170159705285348e-05
-9.3567455410315450e-05
-9.2963907358658421e-05
-9.2268878805910738e-05
-9.1709149464666337e-05
-9.1075845212846846e-05
-9.0430924694310922e-05
-8.9871049015792057e-05
-8.9184847670740043e-05
-8.8607214381339490e-05
-8.8022955843382450e-05
-8.7361192168282500e-05
-8.6811519681377026e-05
-8.6173298313998480e-05
-8.5568374759923985e-05
-8.5013066849155518e-05
-8.4359128807165858e-05
-8.3814569967714865e-05
-8.3197588116577217e-05
-8.2615079928196353e-05
-8.2038163489816089e-05
-8.1426313070070820e-05
-8.0887159895229557e-05
-8.0252990216829855e-05
-7.9722099811024104e-05
-7.9127718799805677e-05
-7.8540619825403070e-05
-7.8018821522239055e-05
-7.7374856891271259e-05
-7.6877797334507083e-05
-7.6261379190620344e-05
-7.5728568084985388e-05
-7.5162112458416179e-05
-7.4594570687844770e-05
-7.4050805091462976e-05
-7.3475852923812480e-05
-7.2961497222353170e-05
-7.2354578655163586e-05
-7.1867825582703351e-05
-7.1262115946460044e-05
-7.0755069761288579e-05
-7.0189623188216487e-05
-6.9652164568067361e-05
-6.9116072533543333e-05
-6.8571563632026337e-05
-6.8043980639044928e-05
-6.7495529976954280e-05
-6.6979320744246426e-05
-6.6411370663273632e-05
-6.5929015892715324e-05
-6.5338944861633084e-05
-6.4871816179393584e-05
-6.4288221105222393e-05
-6.3815510286463188e-05
-6.3238780427871965e-05
-6.2767049763638377e-05
-6.2183263996293695e-05
-6.1728873359567774e-05
-6.1138479407899416e-05
-6.0685980794002044e-05
-6.0107921518216456e-05
-5.9646005952532397e-05
-5.9076589434836858e-05
-5.8609464121829870e-05
-5.8040989461768094e-05
-5.7582539139880769e-05
-5.7013202226478508e-05
-5.6546235772827887e-05
-5.6002791338416389e-05
-5.5509884540060169e-05
-5.4994078318537632e-05
-5.4481549077485325e-05
-5.3974496044323214e-05
-5.3457650990802050e-05
-5.2959661409284782e-05
-5.2430923966719627e-05
-5.1955901948642909e-05
-5.1399844191214844e-05
-5.0941039048137234e-05
-5.0384811704853719e-05
-4.9911903808024228e-05
-4.9383565478524166e-05
-4.8875790194114896e-05
-4.8384694272183387e-05
-4.7841759020212369e-05
-4.7378222828913788e-05
-4.6815116013152303e-05
-4.6340570239604187e-05
-4.5813681160939397e-05
-4.5306624300280793e-05
-4.4806745167801437e-05
-4.4271573626289098e-05
-4.3796951738278925e-05
-4.3234889770513886e-05
-4.2750896375897698e-05
-4.2223987949993196e-05
-4.1702755814333484e-05
-4.1211464411749131e-05
-4.0648798208623142e-05
-4.0156894436945116e-05
-3.9628832572008603e-05
-3.9097411092691282e-05
-3.8599706965817906e-05
-3.8029596104782334e-05
0.0000000000000000e+00
];
