%Vec Object:dSdr_b_aug_5170 1 MPI processes
%  type: seq
dSdr_b_aug_5170 = [
2.3284846105761467e+03
0.0000000000000000e+00
-9.0047152656285174e-07
-3.7134516983435932e-07
-2.3020219773359471e-07
-1.6315691963833460e-07
-1.2224858895833992e-07
-9.6960147699261267e-08
-7.9820476517770213e-08
-6.6923139575376217e-08
-5.7346529383523339e-08
-5.0005424041904023e-08
-4.4029252009172213e-08
-3.9188392881370703e-08
-3.5219771680790744e-08
-3.1873806303631416e-08
-2.9015278775083211e-08
-2.6576407566036980e-08
-2.4476624011472271e-08
-7.8929131013628128e-07
-5.9483157983758559e-04
-7.2055035391613254e-04
-6.8270169263293492e-04
-6.4391226453541230e-04
-6.0084492071249540e-04
-5.5928634671234881e-04
-5.1945216869088570e-04
-4.7922658024509201e-04
-4.3796019014943124e-04
-3.9386659825308020e-04
-3.5506630971586474e-04
-3.1777987966337526e-04
-2.8258424469480533e-04
-2.4546767296408704e-04
-2.1527880244245133e-04
-1.8900438202935059e-04
-1.6602229002846082e-04
-1.4431770440542999e-04
-1.2787829923099295e-04
-1.1540964926405801e-04
-1.0556535176579843e-04
-9.7629422606314536e-05
-9.2684190683044938e-05
-8.9668664480394830e-05
-8.8021515953346687e-05
-8.7634681665720447e-05
-8.8124884190254635e-05
-8.9133318426848734e-05
-9.0588917880478310e-05
-9.2552356602986253e-05
-9.4279990520415048e-05
-9.6091145518891112e-05
-9.7934741752469547e-05
-9.9708571695043371e-05
-1.0119426172672088e-04
-1.0252336079157696e-04
-1.0379817560350426e-04
-1.0482535541210194e-04
-1.0566709896397944e-04
-1.0634454512400592e-04
-1.0695270717527602e-04
-1.0734995386094745e-04
-1.0758552677448457e-04
-1.0777135255639657e-04
-1.0785488906422442e-04
-1.0780422039947731e-04
-1.0769214911228151e-04
-1.0752067482656677e-04
-1.0726006005635271e-04
-1.0694266972929606e-04
-1.0660597438951554e-04
-1.0621720358704097e-04
-1.0579458555573778e-04
-1.0531045695465794e-04
-1.0483390239249508e-04
-1.0433002377863188e-04
-1.0378157690542601e-04
-1.0325320868465403e-04
-1.0271431047657390e-04
-1.0210399757146198e-04
-1.0153713135175357e-04
-1.0096732645088549e-04
-1.0034255608225819e-04
-9.9764090534482853e-05
-9.9189549220377946e-05
-9.8522161883877332e-05
-9.7944422169412218e-05
-9.7347992248280327e-05
-9.6700651920632501e-05
-9.6124207565675087e-05
-9.5512631762496256e-05
-9.4869018204943022e-05
-9.4289337746689182e-05
-9.3657719121177795e-05
-9.3050073494481414e-05
-9.2480649251447522e-05
-9.1822548564145053e-05
-9.1243658313884735e-05
-9.0662762061238664e-05
-8.9994255580408555e-05
-8.9456854838244589e-05
-8.8847042628586057e-05
-8.8227093021042618e-05
-8.7689242676040118e-05
-8.7028501383520836e-05
-8.6473665059202463e-05
-8.5911937443968139e-05
-8.5275167404888643e-05
-8.4747109659336279e-05
-8.4133440247935616e-05
-8.3551627762162836e-05
-8.3018044411678501e-05
-8.2389436290216587e-05
-8.1865800019471408e-05
-8.1273068576825661e-05
-8.0713012024770744e-05
-8.0158370461942672e-05
-7.9570611825886272e-05
-7.9052422367532741e-05
-7.8442800925099360e-05
-7.7933313143774570e-05
-7.7361716560236609e-05
-7.6797708033932486e-05
-7.6297247765896915e-05
-7.5677673831866214e-05
-7.5201082728698174e-05
-7.4608966758466048e-05
-7.4096917344993170e-05
-7.3553906743769714e-05
-7.3008489640383594e-05
-7.2486603671761054e-05
-7.1935027993997686e-05
-7.1441241057691558e-05
-7.0858903922423001e-05
-7.0392159635594714e-05
-6.9810825717141604e-05
-6.9324611684815838e-05
-6.8782285451580050e-05
-6.8266689723512394e-05
-6.7752832032166077e-05
-6.7230846678949355e-05
-6.6724823765477157e-05
-6.6199663858669609e-05
-6.5704599017953532e-05
-6.5160338716717603e-05
-6.4698864692047575e-05
-6.4132723186498237e-05
-6.3686275332871330e-05
-6.3126865711237836e-05
-6.2674308241132830e-05
-6.2122613278788998e-05
-6.1670858878352415e-05
-6.1112226177031606e-05
-6.0677729848941837e-05
-6.0112649724254348e-05
-5.9680190539527893e-05
-5.9127195247585899e-05
-5.8685556164747304e-05
-5.8141194846491397e-05
-5.7694826646713910e-05
-5.7151171658550989e-05
-5.6713937102658727e-05
-5.6169109819046811e-05
-5.5723738739059652e-05
-5.5204724219070905e-05
-5.4733828875250086e-05
-5.4242103185539757e-05
-5.3752381575554692e-05
-5.3268926018120473e-05
-5.2775763604335839e-05
-5.2300774078287347e-05
-5.1796655412160495e-05
-5.1343873909571349e-05
-5.0813687721109088e-05
-5.0376663335581586e-05
-4.9846364243386257e-05
-4.9396013861172436e-05
-4.8892838118524085e-05
-4.8408986777885113e-05
-4.7942079659309201e-05
-4.7424508088276684e-05
-4.6983998410540102e-05
-4.6447923566878300e-05
-4.5996350290878414e-05
-4.5495827556967049e-05
-4.5013230105238951e-05
-4.4538333350751861e-05
-4.4029549206528936e-05
-4.3578734155139712e-05
-4.3044686189847954e-05
-4.2585026908121672e-05
-4.2084526845371371e-05
-4.1589699418429536e-05
-4.1123271525123863e-05
-4.0589331564726433e-05
-4.0122463022135125e-05
-3.9621481390668734e-05
-3.9117601068624288e-05
-3.8645035454965685e-05
-3.8103897616007616e-05
0.0000000000000000e+00
];
