%Vec Object:dSdr_b_aug_4640 1 MPI processes
%  type: seq
dSdr_b_aug_4640 = [
2.3409275144448111e+03
0.0000000000000000e+00
-9.7994552694631040e-07
-4.0430323958683526e-07
-2.5063841833295304e-07
-1.7775389175145673e-07
-1.3338572558614636e-07
-1.0595962803002412e-07
-8.7369771531335162e-08
-7.3365595938571159e-08
-6.2966420018898176e-08
-5.4994830522346434e-08
-4.8501439072704249e-08
-4.3240630781408359e-08
-3.8927541462487876e-08
-3.5290129358647354e-08
-3.2181553619327545e-08
-2.9529183961003687e-08
-2.7235789476995697e-08
-2.7180510963089342e-08
-5.8408186754740403e-05
-7.1727608152370996e-04
-6.8634684462390663e-04
-6.4745308657589346e-04
-6.0417434053712505e-04
-5.6241596988873966e-04
-5.2239442281897745e-04
-4.8198207818921725e-04
-4.4052753586344917e-04
-3.9623821618066434e-04
-3.5726665740337969e-04
-3.1981839764221015e-04
-2.8447206601291152e-04
-2.4719826409545391e-04
-2.1688231377457165e-04
-1.9049803611998408e-04
-1.6742014529355696e-04
-1.4562492693386114e-04
-1.2911681345072949e-04
-1.1659575420059781e-04
-1.0670896111172610e-04
-9.8737767744377065e-05
-9.3769176545992414e-05
-9.0737572347267029e-05
-8.9079451079813603e-05
-8.8685969711208584e-05
-8.9172888589261735e-05
-9.0179888973066958e-05
-9.1635609197044480e-05
-9.3599903617753888e-05
-9.5328153277935326e-05
-9.7140269767023575e-05
-9.8984371250780402e-05
-1.0075804560408628e-04
-1.0224308414427761e-04
-1.0357073830604331e-04
-1.0484308931823617e-04
-1.0586744024144313e-04
-1.0670588665287082e-04
-1.0737915706539635e-04
-1.0798242304576594e-04
-1.0837468855525321e-04
-1.0860472130039771e-04
-1.0878389192943178e-04
-1.0886133245079972e-04
-1.0880419122546355e-04
-1.0868494192966697e-04
-1.0850606569239417e-04
-1.0823827145693065e-04
-1.0791329429938156e-04
-1.0756851421518822e-04
-1.0717227441932050e-04
-1.0674215447080239e-04
-1.0624913409986478e-04
-1.0576491463326783e-04
-1.0525341743507421e-04
-1.0469593963310395e-04
-1.0415994570234805e-04
-1.0361345054469919e-04
-1.0299388461797729e-04
-1.0241937062353627e-04
-1.0184183387746101e-04
-1.0120807202949136e-04
-1.0062200088618846e-04
-1.0003979906128590e-04
-9.9363337243912216e-05
-9.8778022521853030e-05
-9.8173834224041920e-05
-9.7517794958036663e-05
-9.6933901255310197e-05
-9.6314444979918892e-05
-9.5662338304478039e-05
-9.5075272554870593e-05
-9.4435552969081602e-05
-9.3819937780012421e-05
-9.3243254987595249e-05
-9.2576790053709130e-05
-9.1990248816042943e-05
-9.1402074982678449e-05
-9.0725047478772131e-05
-9.0180472993950654e-05
-8.9563113252738116e-05
-8.8935140984821136e-05
-8.8390214335590955e-05
-8.7721293231340816e-05
-8.7159132692975650e-05
-8.6590166338002884e-05
-8.5945366337825843e-05
-8.5410364203766752e-05
-8.4788806734458237e-05
-8.4199569119958095e-05
-8.3659006098568190e-05
-8.3022259974798503e-05
-8.2491901697500107e-05
-8.1891379078844831e-05
-8.1324109260984682e-05
-8.0762311222203970e-05
-8.0166812373610349e-05
-7.9641887689235031e-05
-7.9024379385309390e-05
-7.8508015365682184e-05
-7.7929098597857518e-05
-7.7357671569159344e-05
-7.6850355814537757e-05
-7.6222945634078600e-05
-7.5739778424130738e-05
-7.5139854648533882e-05
-7.4621134916948926e-05
-7.4070591895632470e-05
-7.3518066577501863e-05
-7.2989151120653875e-05
-7.2430065042563833e-05
-7.1929669772937506e-05
-7.1339435113762230e-05
-7.0866262404505333e-05
-7.0277097054558351e-05
-6.9784190068762292e-05
-6.9234435732932545e-05
-6.8711815895883597e-05
-6.8190814755922095e-05
-6.7661593038576351e-05
-6.7148643305057459e-05
-6.6616000546482280e-05
-6.6114142438735595e-05
-6.5562271088027196e-05
-6.5094088501711951e-05
-6.4520258922259324e-05
-6.4067166737642812e-05
-6.3499986819083151e-05
-6.3040954488302706e-05
-6.2481216320911759e-05
-6.2023043955269084e-05
-6.1456330085060267e-05
-6.1015442124024489e-05
-6.0442229183180600e-05
-6.0003331743318391e-05
-5.9442283907269870e-05
-5.8994130411162146e-05
-5.8441719373742566e-05
-5.7988682346653187e-05
-5.7437053313056341e-05
-5.6993002577299324e-05
-5.6440300862738885e-05
-5.5987991646730135e-05
-5.5461128311539070e-05
-5.4983161158662274e-05
-5.4483698909198284e-05
-5.3986649701032002e-05
-5.3495612787612301e-05
-5.2994841660855771e-05
-5.2512462727549801e-05
-5.2000434596781871e-05
-5.1540507723991550e-05
-5.1002009587256286e-05
-5.0557987558158653e-05
-5.0019358325009546e-05
-4.9561760763408753e-05
-4.9050500896701964e-05
-4.8558963398943925e-05
-4.8084285047016362e-05
-4.7558564800513095e-05
-4.7110657358082303e-05
-4.6565897909068528e-05
-4.6106944294815087e-05
-4.5597950897124656e-05
-4.5107495504987417e-05
-4.4624572870651210e-05
-4.4107311548646408e-05
-4.3648848541013400e-05
-4.3105801137635555e-05
-4.2638324960984317e-05
-4.2129341986278234e-05
-4.1626033421693118e-05
-4.1151620502393444e-05
-4.0608456142893159e-05
-4.0133552077583617e-05
-3.9623884295356006e-05
-3.9111185810453882e-05
-3.8630628942656366e-05
-3.8080636949911341e-05
0.0000000000000000e+00
];
