%Vec Object:dSdr_b_aug_1140 1 MPI processes
%  type: seq
dSdr_b_aug_1140 = [
2.4567586716697620e+03
0.0000000000000000e+00
-2.2357396048209322e-06
-9.1339515498948770e-07
-5.5760132945649519e-07
-3.9190773222173194e-07
-2.9411909357000366e-07
-2.3374792442128089e-07
-1.9283133898090629e-07
-1.6181854664569464e-07
-1.3879809755146890e-07
-1.2115964354843359e-07
-1.0677303517842643e-07
-9.5116828128878394e-08
-8.5562714503235686e-08
-7.7504737390536998e-08
-7.0617575082523003e-08
-6.4742156155873301e-08
-5.9662567335808740e-08
-5.5179491834141081e-08
-5.1252215818140475e-08
-4.7788812989604790e-08
-4.4674597004281806e-08
-4.1890500583704056e-08
-3.9435692448126464e-08
-1.0844305520902198e-07
-4.7474764909034963e-05
-4.6179337726231736e-04
-4.6915659314115341e-04
-4.2550067489982910e-04
-3.8464002602472003e-04
-3.4520088552913661e-04
-3.0798104519111049e-04
-2.6874973115858023e-04
-2.3685131742195241e-04
-2.0909897610858454e-04
-1.8482807858772170e-04
-1.6190418429687243e-04
-1.4454042530842937e-04
-1.3136669695821808e-04
-1.2095069290966534e-04
-1.1254034318641523e-04
-1.0728085144009413e-04
-1.0404902272888502e-04
-1.0225425429254763e-04
-1.0177799454812499e-04
-1.0222402095634440e-04
-1.0321316494329478e-04
-1.0467038898422828e-04
-1.0664533951409244e-04
-1.0838125705651704e-04
-1.1020534713834805e-04
-1.1205574052215280e-04
-1.1382747842296340e-04
-1.1530440499967066e-04
-1.1661406652168464e-04
-1.1785573559415016e-04
-1.1884485716807585e-04
-1.1964224292358734e-04
-1.2026351113380932e-04
-1.2080580451394032e-04
-1.2113603760169731e-04
-1.2129707663083673e-04
-1.2139336830909021e-04
-1.2139489336510816e-04
-1.2125714709320193e-04
-1.2104850759234337e-04
-1.2077745233176384e-04
-1.2042024977412573e-04
-1.2000079125382353e-04
-1.1955532913726504e-04
-1.1906607545691387e-04
-1.1854253161968191e-04
-1.1793877909634574e-04
-1.1735910602533853e-04
-1.1675273206432062e-04
-1.1608278913819631e-04
-1.1545182971804478e-04
-1.1481072723910633e-04
-1.1407593041113469e-04
-1.1340617616214488e-04
-1.1273235220860682e-04
-1.1198661654223438e-04
-1.1130583042588350e-04
-1.1062822975557692e-04
-1.0983876048538724e-04
-1.0915911172167262e-04
-1.0845830583507288e-04
-1.0769393587476810e-04
-1.0701727302243601e-04
-1.0629967866976693e-04
-1.0554180445437754e-04
-1.0486276727887057e-04
-1.0412216381891773e-04
-1.0340730109674341e-04
-1.0274022524100533e-04
-1.0196959765301766e-04
-1.0128777620306952e-04
-1.0060897231159691e-04
-9.9825829771166247e-05
-9.9191918357546699e-05
-9.8480566833105253e-05
-9.7752685874656801e-05
-9.7119635805920136e-05
-9.6348848956762657e-05
-9.5695477700189760e-05
-9.5036365065506040e-05
-9.4291565459952634e-05
-9.3670082695391512e-05
-9.2950292787757875e-05
-9.2268587735541365e-05
-9.1641104703075974e-05
-9.0903013507079712e-05
-9.0288943995204637e-05
-8.9591395441110307e-05
-8.8934296586237014e-05
-8.8283376733573992e-05
-8.7591486615117581e-05
-8.6982686075325879e-05
-8.6266960239582635e-05
-8.5664964296662186e-05
-8.4994887008045308e-05
-8.4331075072005906e-05
-8.3738385825288944e-05
-8.3013388443300339e-05
-8.2448326947669900e-05
-8.1751170159400212e-05
-8.1149382901717228e-05
-8.0505036328990789e-05
-7.9863990223729705e-05
-7.9247534387740569e-05
-7.8594918982996743e-05
-7.8012228111065625e-05
-7.7323643157456158e-05
-7.6770415336721909e-05
-7.6083722767166900e-05
-7.5507466385976274e-05
-7.4865207615729779e-05
-7.4255114405215458e-05
-7.3645153721281069e-05
-7.3025815357193180e-05
-7.2426603828076204e-05
-7.1800774840882899e-05
-7.1214318123063089e-05
-7.0567664065617630e-05
-7.0015937737608091e-05
-6.9346366250923032e-05
-6.8810530217454943e-05
-6.8146584451907289e-05
-6.7606918749762876e-05
-6.6947016135718068e-05
-6.6408918946978806e-05
-6.5741567867206566e-05
-6.5221083021119335e-05
-6.4546589706018461e-05
-6.4027514795251826e-05
-6.3366186254592888e-05
-6.2836906885611670e-05
-6.2184250344396729e-05
-6.1648164499159415e-05
-6.0997232374533683e-05
-6.0468297818670595e-05
-5.9817533572517204e-05
-5.9278821811083212e-05
-5.8654214978680580e-05
-5.8088180647247957e-05
-5.7492372895907686e-05
-5.6904071135588003e-05
-5.6318621573793533e-05
-5.5723097145023215e-05
-5.5148696026474718e-05
-5.4538169316400214e-05
-5.3989259410822007e-05
-5.3347250541705535e-05
-5.2816085275058110e-05
-5.2173718879852270e-05
-5.1625870682962138e-05
-5.1013937548806718e-05
-5.0426682894793124e-05
-4.9855228032964672e-05
-4.9228031035730487e-05
-4.8687998336273069e-05
-4.8035088453782944e-05
-4.7484227100891371e-05
-4.6869748165154038e-05
-4.6281438093609024e-05
-4.5698569933256305e-05
-4.5075743675474884e-05
-4.4522043214294500e-05
-4.3866929314563260e-05
-4.3302115003438826e-05
-4.2687502498706917e-05
-4.2078590551609682e-05
-4.1504758864075882e-05
-4.0846752550518221e-05
-4.0271832031039255e-05
-3.9654087775580089e-05
-3.9031774977346734e-05
-3.8452262124666899e-05
-3.7794977721771543e-05
0.0000000000000000e+00
];
