%Vec Object:dSdr_b_aug_8120 1 MPI processes
%  type: seq
dSdr_b_aug_8120 = [
2.2929061797975032e+03
0.0000000000000000e+00
-7.1370178827493553e-07
-2.9516048254900663e-07
-1.8373964199354172e-07
-1.3058374236165254e-07
-9.7896116650843628e-08
-7.7682473474728551e-08
-6.3981742396464187e-08
-5.3686002674348938e-08
-4.6040029592227887e-08
-4.0178072293311489e-08
-3.5406897595866374e-08
-3.1541896206344272e-08
-2.8373015433933484e-08
-2.5701107717445758e-08
-2.3418240671291023e-08
-2.2695289768400015e-08
-1.1346892954791354e-04
-7.8301128858410736e-04
-7.4299285159954603e-04
-7.0412826982978335e-04
-6.6604750956006083e-04
-6.2810775815298715e-04
-5.8599056506459634e-04
-5.4532355252084690e-04
-5.0632532572286444e-04
-4.6693294901001942e-04
-4.2650599893550374e-04
-3.8328564542490956e-04
-3.4524947806328194e-04
-3.0868505034593440e-04
-2.7416174770992938e-04
-2.3774665769917087e-04
-2.0812475308264083e-04
-1.8234046022903727e-04
-1.5978577425193553e-04
-1.3848554630513274e-04
-1.2235268323963172e-04
-1.1011785727971434e-04
-1.0046315383313810e-04
-9.2684555895131395e-05
-8.7843541285084374e-05
-8.4899746926798435e-05
-8.3301553113976354e-05
-8.2944374580660839e-05
-8.3449226885305052e-05
-8.4464058044212445e-05
-8.5919118469406189e-05
-8.7878739281026127e-05
-8.9603625868906115e-05
-9.1410490994468642e-05
-9.3251832878400883e-05
-9.5026356253700674e-05
-9.6514952153001996e-05
-9.7850496934941892e-05
-9.9136303503962530e-05
-1.0017610421250626e-04
-1.0103255779373835e-04
-1.0172863389292750e-04
-1.0235863961015772e-04
-1.0277810966659602e-04
-1.0303839990101257e-04
-1.0325391750475747e-04
-1.0336465112345204e-04
-1.0334285965830946e-04
-1.0326281292871714e-04
-1.0312436232353071e-04
-1.0289577861709885e-04
-1.0261223681603251e-04
-1.0231161144472335e-04
-1.0195616344487567e-04
-1.0156701510884846e-04
-1.0112255702468094e-04
-1.0068019932842958e-04
-1.0021031092703221e-04
-9.9702155434393629e-05
-9.9207809220945502e-05
-9.8702804707457534e-05
-9.8133774054644075e-05
-9.7601028289245800e-05
-9.7065718924738134e-05
-9.6481063942982704e-05
-9.5936530672296509e-05
-9.5396166640272944e-05
-9.4769265006068346e-05
-9.4225321104482630e-05
-9.3663505096850536e-05
-9.3054974993923522e-05
-9.2511765823999751e-05
-9.1935348666964339e-05
-9.1329627070566797e-05
-9.0782896012468390e-05
-9.0187419741334296e-05
-8.9615330238766266e-05
-8.9078289940573290e-05
-8.8457506260331315e-05
-8.7912750815817906e-05
-8.7364323417688043e-05
-8.6733833403788226e-05
-8.6228438245136363e-05
-8.5652299301756081e-05
-8.5068142771251628e-05
-8.4561863341058209e-05
-8.3937616257263501e-05
-8.3415456897860719e-05
-8.2886024905451689e-05
-8.2285080519341522e-05
-8.1788005151769402e-05
-8.1209528294319181e-05
-8.0660843008316735e-05
-8.0158399450667517e-05
-7.9566099011557379e-05
-7.9072452967773280e-05
-7.8514481846287616e-05
-7.7986607273261064e-05
-7.7463894322823520e-05
-7.6910668638492414e-05
-7.6422528391002415e-05
-7.5848094176156263e-05
-7.5369284733502404e-05
-7.4830347153089072e-05
-7.4299436277329314e-05
-7.3829561768528547e-05
-7.3244949251332681e-05
-7.2797697459228299e-05
-7.2240416019111846e-05
-7.1758126244334891e-05
-7.1248721546802118e-05
-7.0735017759707462e-05
-7.0244493871205081e-05
-6.9726425862704858e-05
-6.9262122031076476e-05
-6.8715019720338625e-05
-6.8276955871503364e-05
-6.7730561911929113e-05
-6.7274208527479308e-05
-6.6765022809465026e-05
-6.6280765184770929e-05
-6.5798778033103028e-05
-6.5309077765477889e-05
-6.4833958912801872e-05
-6.4342183803141586e-05
-6.3877427185343304e-05
-6.3367123644355135e-05
-6.2935579939664616e-05
-6.2403738849903898e-05
-6.1986934762614805e-05
-6.1462192406539366e-05
-6.1038522625282970e-05
-6.0522712520279629e-05
-6.0099591984930858e-05
-5.9577013533392040e-05
-5.9171033605632247e-05
-5.8642238174358395e-05
-5.8238503415142526e-05
-5.7721434705680556e-05
-5.7308859851880792e-05
-5.6800412538479741e-05
-5.6383797513921566e-05
-5.5875718944590719e-05
-5.5468895010213943e-05
-5.4959199754425938e-05
-5.4544783444065812e-05
-5.4060786712262847e-05
-5.3621442572119835e-05
-5.3164233897819598e-05
-5.2707204757053146e-05
-5.2257573843725790e-05
-5.1798358169754050e-05
-5.1356336997693952e-05
-5.0887506973898337e-05
-5.0466605166354963e-05
-4.9973503430647908e-05
-4.9567699804049576e-05
-4.9074566502240583e-05
-4.8656550378960360e-05
-4.8189443049359626e-05
-4.7739884737468337e-05
-4.7307650383113108e-05
-4.6826435747693213e-05
-4.6418933053095861e-05
-4.5921606748168014e-05
-4.5502963381959987e-05
-4.5040235514632626e-05
-4.4592699848812606e-05
-4.4153614888737490e-05
-4.3682656999875293e-05
-4.3265969919328697e-05
-4.2772081392742369e-05
-4.2347308114478077e-05
-4.1884669182827641e-05
-4.1427700525512573e-05
-4.0996926824402780e-05
-4.0504185723075100e-05
-4.0073239772701349e-05
-3.9611142365360505e-05
-3.9146883051058255e-05
-3.8710754125091055e-05
-3.8213286575518830e-05
0.0000000000000000e+00
];
