%Vec Object:dSdr_b_aug_3600 1 MPI processes
%  type: seq
dSdr_b_aug_3600 = [
2.3623937147810980e+03
0.0000000000000000e+00
-1.1345404091709264e-06
-4.6732414925213470e-07
-2.8896896878256552e-07
-2.0462453812782856e-07
-1.5354808545619348e-07
-1.2198202793515315e-07
-1.0058635798130371e-07
-8.4452107028092865e-08
-7.2472033793047054e-08
-6.3289347327792056e-08
-5.5807770316018978e-08
-4.9746336721027706e-08
-4.4777073084178596e-08
-4.0586245223687841e-08
-3.7004665254446396e-08
-3.3948808918363570e-08
-3.1306577606690073e-08
-2.8974687160963096e-08
-3.1225184827949086e-08
-6.3471344447773583e-05
-6.8401987464178002e-04
-6.5566269505562742e-04
-6.1206587942296789e-04
-5.6983794868815745e-04
-5.2937217523631749e-04
-4.8851693076106472e-04
-4.4661617267493820e-04
-4.0186267097075130e-04
-3.6248493292468330e-04
-3.2465288275846358e-04
-2.8894916351222073e-04
-2.5130247923739306e-04
-2.2068515030764687e-04
-1.9404033853702586e-04
-1.7073525410090016e-04
-1.4872509385656019e-04
-1.3205403381141449e-04
-1.1940868228906281e-04
-1.0942110795052427e-04
-1.0136628307121628e-04
-9.6342293763581772e-05
-9.3272559533322762e-05
-9.1588415714674576e-05
-9.1179170407661264e-05
-9.1658301969960331e-05
-9.2661901953597557e-05
-9.4117908673456419e-05
-9.6084232520816387e-05
-9.7813942529841291e-05
-9.9628339328331169e-05
-1.0147363911226078e-04
-1.0324694477790042e-04
-1.0473043857901133e-04
-1.0605466635170272e-04
-1.0732117442521778e-04
-1.0833881636166885e-04
-1.0916944329129260e-04
-1.0983281054928194e-04
-1.1042446508253618e-04
-1.1080491731655474e-04
-1.1102181109949884e-04
-1.1118519850796111e-04
-1.1124818195525924e-04
-1.1117569062641546e-04
-1.1103941820608502e-04
-1.1084298774797480e-04
-1.1055816693221540e-04
-1.1021519709792755e-04
-1.0985124349908835e-04
-1.0943729048396079e-04
-1.0898937923417795e-04
-1.0847527142931654e-04
-1.0797287412537181e-04
-1.0744330893978167e-04
-1.0686441367725865e-04
-1.0631033485935445e-04
-1.0574582302157033e-04
-1.0510431292425159e-04
-1.0451166171327261e-04
-1.0391578837101221e-04
-1.0326070261754199e-04
-1.0265659428717472e-04
-1.0205622503978741e-04
-1.0135824247166194e-04
-1.0075496310303075e-04
-1.0013237528634452e-04
-9.9455705894064652e-05
-9.8854145555359878e-05
-9.8216000201497628e-05
-9.7543751516379398e-05
-9.6939171044594586e-05
-9.6280239477461576e-05
-9.5645723926022071e-05
-9.5051826987707733e-05
-9.4365525670183471e-05
-9.3760839592402909e-05
-9.3155406478947586e-05
-9.2458170784145237e-05
-9.1896583277526161e-05
-9.1261324041150052e-05
-9.0614325469444578e-05
-9.0052616865794716e-05
-8.9364296761770086e-05
-8.8784766332923072e-05
-8.8198632795332449e-05
-8.7534789176105953e-05
-8.6983317933366758e-05
-8.6343053378086114e-05
-8.5736206545465119e-05
-8.5179090739981263e-05
-8.4523044768832850e-05
-8.3976744775713470e-05
-8.3357744831444278e-05
-8.2773368242022516e-05
-8.2194598112518747e-05
-8.1580742800424876e-05
-8.1039845047950731e-05
-8.0403632491836624e-05
-7.9870960983036696e-05
-7.9274683876626187e-05
-7.8685663340392716e-05
-7.8162089309533145e-05
-7.7516094911511248e-05
-7.7017331992921745e-05
-7.6398891448982878e-05
-7.5864352578726229e-05
-7.5295945883303028e-05
-7.4726562922900584e-05
-7.4180976528742266e-05
-7.3604078996065069e-05
-7.3088011585747826e-05
-7.2479047379734869e-05
-7.1990629199621475e-05
-7.1382891044176366e-05
-7.0874111231861896e-05
-7.0306740611218458e-05
-6.9767462587214856e-05
-6.9229520237227847e-05
-6.8683136953096331e-05
-6.8153759756632278e-05
-6.7603370866161223e-05
-6.7085402023522639e-05
-6.6515480508304826e-05
-6.6031388068685739e-05
-6.5439325652543961e-05
-6.4970475938762356e-05
-6.4384868182209852e-05
-6.3910480228980242e-05
-6.3331666998876264e-05
-6.2858273937819450e-05
-6.2272394965902313e-05
-6.1816348753477668e-05
-6.1223848219931569e-05
-6.0769681954651021e-05
-6.0189536889871437e-05
-5.9725933946750044e-05
-5.9154432372510384e-05
-5.8685579686020795e-05
-5.8115039571498071e-05
-5.7654823709319368e-05
-5.7083447144913363e-05
-5.6614683562665873e-05
-5.6069206113486116e-05
-5.5574467563522357e-05
-5.5056657405467442e-05
-5.4542230159228828e-05
-5.4033213392740418e-05
-5.3514397520924567e-05
-5.3014493927551994e-05
-5.2483707767779130e-05
-5.2006834951991440e-05
-5.1448624228364419e-05
-5.0988006556064916e-05
-5.0429621538804332e-05
-4.9954836482501175e-05
-4.9424404209083515e-05
-4.8914638067128308e-05
-4.8421529255434593e-05
-4.7876483353279636e-05
-4.7411031021075998e-05
-4.6845674751740656e-05
-4.6369217369085177e-05
-4.5840134274612040e-05
-4.5331042123002613e-05
-4.4829084219285395e-05
-4.4291717036534436e-05
-4.3815114328700898e-05
-4.3250721525236328e-05
-4.2764703666298934e-05
-4.2235598360529112e-05
-4.1712169951920792e-05
-4.1218811014405885e-05
-4.0653756653848781e-05
-4.0159773409457943e-05
-3.9629465103099564e-05
-3.9095766900757475e-05
-3.8596013593931557e-05
-3.8023719518555344e-05
0.0000000000000000e+00
];
