%Vec Object:dSdr_b_aug_2030 1 MPI processes
%  type: seq
dSdr_b_aug_2030 = [
2.4086832825790830e+03
0.0000000000000000e+00
-1.5702321990983670e-06
-6.4419234610624174e-07
-3.9587915618696365e-07
-2.7927581650545364e-07
-2.0951620263920177e-07
-1.6642523566743686e-07
-1.3721932221291577e-07
-1.1514585945734895e-07
-9.8758590941916770e-08
-8.6200144319792760e-08
-7.5963834078004890e-08
-6.7670726457563806e-08
-6.0872622116035080e-08
-5.5139570273045251e-08
-5.0240070234284550e-08
-4.6060090810022206e-08
-4.2446176754293995e-08
-3.9256870265655370e-08
-3.6462849023322750e-08
-3.3998876901867490e-08
-3.3100663526466514e-08
-7.5164224966836412e-06
-5.2275948203223707e-04
-5.8336338386411394e-04
-5.4448309930821466e-04
-5.0275737298947605e-04
-4.5988883670493395e-04
-4.1412377068214914e-04
-3.7386060364433434e-04
-3.3519190590893737e-04
-2.9870909369912970e-04
-2.6024953812909521e-04
-2.2897521367663918e-04
-2.0176244603504372e-04
-1.7796208694541361e-04
-1.5548336042466672e-04
-1.3845708218542449e-04
-1.2554077753655071e-04
-1.1533350331939043e-04
-1.0709636441814855e-04
-1.0195160895662345e-04
-9.8798752401603774e-05
-9.7057880160554902e-05
-9.6614269863787397e-05
-9.7076425211659886e-05
-9.8072612315156118e-05
-9.9529243470421641e-05
-1.0149999128892906e-04
-1.0323288470700860e-04
-1.0505225240761749e-04
-1.0690016435417466e-04
-1.0867266620682994e-04
-1.1015279244776944e-04
-1.1146955072978454e-04
-1.1272332141210486e-04
-1.1372633813731925e-04
-1.1453991900407513e-04
-1.1518169785200765e-04
-1.1574803994397737e-04
-1.1610273974991698e-04
-1.1629099114546301e-04
-1.1641997176121720e-04
-1.1645143923370289e-04
-1.1634548502544408e-04
-1.1617210260230457e-04
-1.1593740437511966e-04
-1.1561546603620428e-04
-1.1523327262643674e-04
-1.1482752126918398e-04
-1.1437495389748173e-04
-1.1388825808004948e-04
-1.1332818025026764e-04
-1.1278615575113691e-04
-1.1221720284446239e-04
-1.1159161812203399e-04
-1.1099811474948283e-04
-1.1039432704964858e-04
-1.0970497929221632e-04
-1.0907278946027366e-04
-1.0843694285916159e-04
-1.0773537165259243e-04
-1.0709194281859945e-04
-1.0645196915916788e-04
-1.0570707203288806e-04
-1.0506463029860127e-04
-1.0440193210913974e-04
-1.0368028969285222e-04
-1.0304021664347448e-04
-1.0236132968844637e-04
-1.0164517205946956e-04
-1.0100241004551422e-04
-1.0030159696712761e-04
-9.9625879224182821e-05
-9.8994455991823735e-05
-9.8264911987545086e-05
-9.7620670733290636e-05
-9.6977612935637172e-05
-9.6236324027723318e-05
-9.5637648672965215e-05
-9.4963369117081795e-05
-9.4274893831607320e-05
-9.3676601123016546e-05
-9.2945991840919859e-05
-9.2328595626415527e-05
-9.1705038200217841e-05
-9.0999680122214339e-05
-9.0412306770020222e-05
-8.9731261387621520e-05
-8.9086027044910833e-05
-8.8492826721435524e-05
-8.7794707723879995e-05
-8.7213655322683901e-05
-8.6554375423778028e-05
-8.5932706643349321e-05
-8.5316937923147129e-05
-8.4663066133574541e-05
-8.4087347628336446e-05
-8.3410360427737721e-05
-8.2842139140157950e-05
-8.2208017078373922e-05
-8.1580643286825204e-05
-8.1021626761604756e-05
-8.0335119394200766e-05
-7.9802358358529326e-05
-7.9143551883591802e-05
-7.8574527827902612e-05
-7.7967178927187039e-05
-7.7361046879156475e-05
-7.6779118408873951e-05
-7.6163392510627444e-05
-7.5613160370407921e-05
-7.4963366390077031e-05
-7.4441713608480495e-05
-7.3793487372008002e-05
-7.3250105345976346e-05
-7.2644331830880879e-05
-7.2068739536055700e-05
-7.1493865935526180e-05
-7.0910071032042387e-05
-7.0344882540573326e-05
-6.9755807701461675e-05
-6.9202718024179426e-05
-6.8593447783383519e-05
-6.8074672428721563e-05
-6.7442863072546396e-05
-6.6939662510223836e-05
-6.6313882722531572e-05
-6.5806020070081989e-05
-6.5185623886071094e-05
-6.4679050268844448e-05
-6.4051392068335711e-05
-6.3562301432856634e-05
-6.2927754652911398e-05
-6.2440302925738522e-05
-6.1818526611591868e-05
-6.1321244468032573e-05
-6.0708126243812159e-05
-6.0204796038323205e-05
-5.9593030495695687e-05
-5.9097575302494025e-05
-5.8485488302747134e-05
-5.7980854874051421e-05
-5.7394799411289972e-05
-5.6863499920766589e-05
-5.6305692091798649e-05
-5.5753381475112403e-05
-5.5205169416793708e-05
-5.4647016809183698e-05
-5.4108910267952497e-05
-5.3537232480361384e-05
-5.3023418349006083e-05
-5.2422235149802971e-05
-5.1925439866836377e-05
-5.1323988279509366e-05
-5.0811735480868535e-05
-5.0239508478380642e-05
-4.9690005040186117e-05
-4.9156719053545576e-05
-4.8569544571705101e-05
-4.8065845770274692e-05
-4.7455590063219970e-05
-4.6940976144244050e-05
-4.6368099479858623e-05
-4.5818381362360854e-05
-4.5274929074761732e-05
-4.4693734082163932e-05
-4.4177590276243642e-05
-4.3566668843888453e-05
-4.3040235420710827e-05
-4.2467270366627055e-05
-4.1899989996814365e-05
-4.1365341747266622e-05
-4.0752586762782634e-05
-4.0217042215055675e-05
-3.9641793872333806e-05
-3.9062435156496306e-05
-3.8521165702427792e-05
-3.7902012859328271e-05
0.0000000000000000e+00
];
