%Vec Object:dSdr_b_aug_8980 1 MPI processes
%  type: seq
dSdr_b_aug_8980 = [
2.2794249773410424e+03
0.0000000000000000e+00
-6.5525629617235042e-07
-2.7135383502114458e-07
-1.6922549765611147e-07
-1.2042873139550475e-07
-9.0336226299282980e-08
-7.1724583308473860e-08
-5.9109166722437078e-08
-4.9632278319607852e-08
-4.2593812965031529e-08
-3.7197261199074480e-08
-3.2804635589617452e-08
-2.9246028845313723e-08
-2.6328195727225208e-08
-2.3867710419383369e-08
-2.1767791058808749e-08
-1.1367398889950180e-06
-7.4669037649882446e-04
-7.8076104239801190e-04
-7.3901533656865997e-04
-7.0033694564047432e-04
-6.6244723195905389e-04
-6.2469415619558074e-04
-5.8278224061426712e-04
-5.4230779373017914e-04
-5.0349012017583987e-04
-4.6427770496889774e-04
-4.2403206161542416e-04
-3.8100031477379665e-04
-3.4312918636596038e-04
-3.0672070055002800e-04
-2.7234261182299078e-04
-2.3607903155762881e-04
-2.0657958324641728e-04
-1.8090115083937983e-04
-1.5843877863997287e-04
-1.3722588624115638e-04
-1.2115923171403276e-04
-1.0897490825220904e-04
-9.9361154286105904e-05
-9.1616537533460517e-05
-8.6798032285765429e-05
-8.3869730907850119e-05
-8.2282110552910504e-05
-8.1931337188422121e-05
-8.2439353594642174e-05
-8.3455566361851169e-05
-8.4910510334675355e-05
-8.6869306506017613e-05
-8.8593599685245279e-05
-9.0399538237562348e-05
-9.2240393193073191e-05
-9.4015066341305700e-05
-9.5504289870332069e-05
-9.6841226836890136e-05
-9.8129407468232517e-05
-9.9171934109750016e-05
-1.0003156484488750e-04
-1.0073166474068017e-04
-1.0136638837211499e-04
-1.0179065835313805e-04
-1.0205628716856115e-04
-1.0227821777248976e-04
-1.0239482557009540e-04
-1.0237927115828643e-04
-1.0230614126504768e-04
-1.0217482329193121e-04
-1.0195315782696302e-04
-1.0167692681226252e-04
-1.0138409202637726e-04
-1.0103584126427639e-04
-1.0065392189247909e-04
-1.0021803205916685e-04
-9.9783060385241339e-05
-9.9320513372138031e-05
-9.8821060227439418e-05
-9.8334062269400638e-05
-9.7836378297596593e-05
-9.7276264006316058e-05
-9.6750887759396926e-05
-9.6223028925399392e-05
-9.5647038279321256e-05
-9.5109833883359147e-05
-9.4576851643564898e-05
-9.3958694327658394e-05
-9.3422049826454649e-05
-9.2867709916907924e-05
-9.2267562253652818e-05
-9.1731531396675001e-05
-9.1162707991981074e-05
-9.0565170503623072e-05
-9.0025556033103817e-05
-8.9437885980698167e-05
-8.8873476079776460e-05
-8.8343430238961907e-05
-8.7730706485073136e-05
-8.7193323658251828e-05
-8.6651909056726956e-05
-8.6029630042317281e-05
-8.5531147620480433e-05
-8.4962281608025490e-05
-8.4385855855455204e-05
-8.3886395278206694e-05
-8.3270030406468339e-05
-8.2754928790485549e-05
-8.2232472177184824e-05
-8.1639265604849010e-05
-8.1148881974762337e-05
-8.0578006190885668e-05
-8.0036475892247597e-05
-7.9540758071268100e-05
-7.8956299557003640e-05
-7.8469130960456289e-05
-7.7918667556466738e-05
-7.7397743816805665e-05
-7.6881926976280334e-05
-7.6336159900873286e-05
-7.5854509839993258e-05
-7.5287675547904074e-05
-7.4815492174169497e-05
-7.4283608457054509e-05
-7.3759846185969977e-05
-7.3296577750087434e-05
-7.2719516383532349e-05
-7.2278601449780077e-05
-7.1728843754509568e-05
-7.1252981622487696e-05
-7.0750835304407686e-05
-7.0243981125563861e-05
-6.9760230983403312e-05
-6.9249400136898049e-05
-6.8791464220319004e-05
-6.8251972111515140e-05
-6.7820102813315720e-05
-6.7281255368822221e-05
-6.6831351442758478e-05
-6.6329323586192192e-05
-6.5851834528311002e-05
-6.5376730941695793e-05
-6.4894003774869217e-05
-6.4425559741717841e-05
-6.3940995254039502e-05
-6.3482784763166912e-05
-6.2979815379388880e-05
-6.2554736179789395e-05
-6.2030303471305323e-05
-6.1619901997278525e-05
-6.1102647256160329e-05
-6.0685216785963163e-05
-6.0177157277313667e-05
-5.9760221230202259e-05
-5.9245429960561206e-05
-5.8845609149678991e-05
-5.8324650671950320e-05
-5.7927119959186176e-05
-5.7417810855630913e-05
-5.7011513439842326e-05
-5.6510823014684384e-05
-5.6100634229181910e-05
-5.5600239633150118e-05
-5.5199983935160159e-05
-5.4697876669121162e-05
-5.4290146121397077e-05
-5.3813712703406811e-05
-5.3381183144696595e-05
-5.2931429622328129e-05
-5.2481461556882538e-05
-5.2039136250505305e-05
-5.1587252552536317e-05
-5.1152352037585417e-05
-5.0691143816734644e-05
-5.0277127527196099e-05
-4.9792035457488793e-05
-4.9392975022082763e-05
-4.8907868946603776e-05
-4.8496836505635537e-05
-4.8037519375206004e-05
-4.7595367799276198e-05
-4.7170622190819662e-05
-4.6697260048179859e-05
-4.6296886295571539e-05
-4.5807929010172586e-05
-4.5396397909445923e-05
-4.4941833045812720e-05
-4.4501870052488958e-05
-4.4070519722352208e-05
-4.3607731512765338e-05
-4.3198415278544790e-05
-4.2713200224009541e-05
-4.2295961320945706e-05
-4.1841499180533905e-05
-4.1392706551002173e-05
-4.0969632317126055e-05
-4.0485787550782390e-05
-4.0062597050859772e-05
-3.9608892034979578e-05
-3.9153177366010370e-05
-3.8724881709347315e-05
-3.8236650801273574e-05
0.0000000000000000e+00
];
