%Vec Object:dSdr_b_aug_6050 1 MPI processes
%  type: seq
dSdr_b_aug_6050 = [
2.3182972110762348e+03
0.0000000000000000e+00
-8.4227740156384627e-07
-3.4804024889065714e-07
-2.1628803606822285e-07
-1.5361376315384408e-07
-1.1526253098957085e-07
-9.1550773239543638e-08
-7.5478409637549521e-08
-6.3383518446033977e-08
-5.4401533645262003e-08
-4.7515737679957564e-08
-4.1908237748928857e-08
-3.7365221850553916e-08
-3.3640460608135407e-08
-3.0499289709222172e-08
-2.7814897887359979e-08
-2.5524399456656087e-08
-2.4543440522511677e-08
-5.9233166944013654e-05
-7.4940924310823616e-04
-7.1555514036104374e-04
-6.7694745929671937e-04
-6.3844320471805158e-04
-5.9570450052406204e-04
-5.5445445176052202e-04
-5.1490955874334307e-04
-4.7497230742049145e-04
-4.3399640978796682e-04
-3.9020500645603441e-04
-3.5166914591992343e-04
-3.1463256843347614e-04
-2.7966959747704545e-04
-2.4279577705923306e-04
-2.1280310796960875e-04
-1.8669829869013204e-04
-1.6386411271853660e-04
-1.4229945710314738e-04
-1.2596613228624232e-04
-1.1357839821449706e-04
-1.0379971061863230e-04
-9.5918226650489635e-05
-9.1009059584284578e-05
-8.8018356482261973e-05
-8.6388148919807760e-05
-8.6011577098588007e-05
-8.6506849200975532e-05
-8.7517497162595335e-05
-8.8972910176495439e-05
-9.0935027778294174e-05
-9.2661711048801977e-05
-9.4471381589303637e-05
-9.6314197762991760e-05
-9.8088267668498355e-05
-9.9574963277589387e-05
-1.0090629290359127e-04
-1.0218491145761513e-04
-1.0321645878236958e-04
-1.0406329280496830e-04
-1.0474718594105436e-04
-1.0536290709525255e-04
-1.0576784428325434e-04
-1.0601197074371001e-04
-1.0620807152418416e-04
-1.0630101972353130e-04
-1.0626034415392823e-04
-1.0615935512138465e-04
-1.0599930884205997e-04
-1.0574977857854135e-04
-1.0544410170037351e-04
-1.0511988855109821e-04
-1.0474264926871485e-04
-1.0433161359056336e-04
-1.0386121316861011e-04
-1.0339649260101969e-04
-1.0290437646847409e-04
-1.0236987262776341e-04
-1.0185327789131817e-04
-1.0132610876441330e-04
-1.0073008178834994e-04
-1.0017502312141214e-04
-9.9617155572392132e-05
-9.9006267333450428e-05
-9.8439544218973716e-05
-9.7876830123512745e-05
-9.7223453066492269e-05
-9.6657408561443838e-05
-9.6072956957701975e-05
-9.5439047102245395e-05
-9.4874103948814644e-05
-9.4274694970722679e-05
-9.3644194115775090e-05
-9.3075915961941968e-05
-9.2456804578890475e-05
-9.1861463326767002e-05
-9.1303245709620757e-05
-9.0658058759439912e-05
-9.0090981029456211e-05
-8.9521320786278128e-05
-8.8865970094365539e-05
-8.8339645044453733e-05
-8.7741485639188584e-05
-8.7133922409294543e-05
-8.6606997341359093e-05
-8.5958885056816768e-05
-8.5415356763935378e-05
-8.4864805214842848e-05
-8.4240432826823542e-05
-8.3723096692508626e-05
-8.3121605845156994e-05
-8.2551257197220813e-05
-8.2028449932403897e-05
-8.1412406271051807e-05
-8.0899148273046631e-05
-8.0318445818514632e-05
-7.9769526006276284e-05
-7.9225933504567769e-05
-7.8650125174559060e-05
-7.8142334401057692e-05
-7.7544889680365662e-05
-7.7046018296996819e-05
-7.6485723530530191e-05
-7.5933168617587930e-05
-7.5443292710255749e-05
-7.4835817355643153e-05
-7.4369379273756653e-05
-7.3789317973437072e-05
-7.3287567038087456e-05
-7.2756185934631725e-05
-7.2221743389743492e-05
-7.1710710432745824e-05
-7.1170730258791572e-05
-7.0687146105505186e-05
-7.0117002165323659e-05
-6.9660182895041025e-05
-6.9090940132402053e-05
-6.8615059534715637e-05
-6.8084201751185291e-05
-6.7579450739316217e-05
-6.7076622016726706e-05
-6.6565809088327068e-05
-6.6070480689367186e-05
-6.5556873768815718e-05
-6.5072297250614141e-05
-6.4539787867191775e-05
-6.4088671390580217e-05
-6.3534399727547630e-05
-6.3098210259559382e-05
-6.2550797431695914e-05
-6.2108236703917977e-05
-6.1568959890299344e-05
-6.1127114396461067e-05
-6.0580958464380934e-05
-6.0156330395038813e-05
-5.9603806787433259e-05
-5.9181287851348959e-05
-5.8640725152250748e-05
-5.8209143910863381e-05
-5.7677210835115619e-05
-5.7241138892522032e-05
-5.6709795326211954e-05
-5.6283084542979032e-05
-5.5750414900721398e-05
-5.5315755902155507e-05
-5.4808859494118910e-05
-5.4348882635199048e-05
-5.3869101767152067e-05
-5.3390693588228025e-05
-5.2918943259816667e-05
-5.2437528330512558e-05
-5.1973947717484465e-05
-5.1482040916639027e-05
-5.1040291600666566e-05
-5.0522938738136455e-05
-5.0096718523578150e-05
-4.9579280919349490e-05
-4.9140120057492445e-05
-4.8649426069394218e-05
-4.8177442114957650e-05
-4.7722533806622679e-05
-4.7217543880589503e-05
-4.6788456600078188e-05
-4.6265791076165659e-05
-4.5825613584717509e-05
-4.5338170219874490e-05
-4.4867706391832610e-05
-4.4405202871018561e-05
-4.3909509162678873e-05
-4.3470504850400155e-05
-4.2950355006639164e-05
-4.2502769166836865e-05
-4.2015372431993635e-05
-4.1533648009826608e-05
-4.1079561002588511e-05
-4.0559882046746076e-05
-4.0105451127953614e-05
-3.9617937289444535e-05
-3.9127793023252507e-05
-3.8667907044003445e-05
-3.8142258002269832e-05
0.0000000000000000e+00
];
