%Vec Object:dSdr_b_aug_3240 1 MPI processes
%  type: seq
dSdr_b_aug_3240 = [
2.3690325667666011e+03
0.0000000000000000e+00
-1.1874683090621224e-06
-4.8878188513682062e-07
-3.0193395472217653e-07
-2.1365864467369755e-07
-1.6029382495029753e-07
-1.2731607483249599e-07
-1.0496389938870518e-07
-8.8104276424961063e-08
-7.5586060776675008e-08
-6.5991187445812672e-08
-5.8173767271419694e-08
-5.1840400215816366e-08
-4.6648325163162199e-08
-4.2269748078251339e-08
-3.8527872860510669e-08
-3.5335321244661859e-08
-3.2574972668827217e-08
-3.0138875224153240e-08
-2.8230498307025894e-08
-4.8421856131915847e-06
-6.0891661345360273e-04
-6.5804717271031148e-04
-6.1535841325125406e-04
-5.7295678186604923e-04
-5.3230500973757138e-04
-4.9126363570999921e-04
-4.4917532731961597e-04
-4.0422672231906121e-04
-3.6467826039288847e-04
-3.2668489674655157e-04
-2.9083096154812509e-04
-2.5302754861880464e-04
-2.2228354524860444e-04
-1.9552922665581616e-04
-1.7212864896558761e-04
-1.5002814506730579e-04
-1.3328859586945972e-04
-1.2059100223782791e-04
-1.1056106786580339e-04
-1.0247109127451891e-04
-9.7423817228479176e-05
-9.4338056323138052e-05
-9.2642974806901823e-05
-9.2227103669850438e-05
-9.2702962110138094e-05
-9.3705132865102802e-05
-9.5161260019893006e-05
-9.7128436884869911e-05
-9.8858760716994071e-05
-1.0067411598098006e-04
-1.0251991944298380e-04
-1.0429307015484161e-04
-1.0577591468714389e-04
-1.0709870230142993e-04
-1.0836275451817212e-04
-1.0937757660806779e-04
-1.1020491692849357e-04
-1.1086412177205909e-04
-1.1145089586444831e-04
-1.1182638282316857e-04
-1.1203775412057718e-04
-1.1219450761553927e-04
-1.1225141448969992e-04
-1.1217247117536395e-04
-1.1202904357535727e-04
-1.1182523472753273e-04
-1.1153325736093472e-04
-1.1118272490933794e-04
-1.1081071236726944e-04
-1.1038931419514863e-04
-1.0993392496911554e-04
-1.0941095376861957e-04
-1.0890091602060432e-04
-1.0836375656268061e-04
-1.0777585918853558e-04
-1.0721417899484628e-04
-1.0664209444972921e-04
-1.0599136085556748e-04
-1.0539108627367333e-04
-1.0478750575788413e-04
-1.0412345721501531e-04
-1.0351176755762051e-04
-1.0290376224302844e-04
-1.0219673414803466e-04
-1.0158590394219721e-04
-1.0095558250414810e-04
-1.0027024192908065e-04
-9.9661256011788531e-05
-9.9015255329768870e-05
-9.8334540625319344e-05
-9.7722598426667863e-05
-9.7055591746454312e-05
-9.6413132060583280e-05
-9.5811999732525952e-05
-9.5117360855139773e-05
-9.4505048201347404e-05
-9.3892360727360812e-05
-9.3186631195891044e-05
-9.2617892835219966e-05
-9.1975110143763196e-05
-9.1320114499152482e-05
-9.0751352159867022e-05
-9.0054878332551644e-05
-8.9468047048707979e-05
-8.8874697857581675e-05
-8.8202849887317742e-05
-8.7644456403025226e-05
-8.6996328947026565e-05
-8.6382080665794222e-05
-8.5818007448419144e-05
-8.5153849428922169e-05
-8.4600848865939559e-05
-8.3974082592809307e-05
-8.3382515741063743e-05
-8.2796611957758689e-05
-8.2175041116980187e-05
-8.1627429616373451e-05
-8.0983355350009855e-05
-8.0443829530200595e-05
-7.9840255582579712e-05
-7.9243840200318323e-05
-7.8713432543181397e-05
-7.8059626887010190e-05
-7.7554308830137255e-05
-7.6928085377855792e-05
-7.6386897457710927e-05
-7.5810982360118389e-05
-7.5234513849274049e-05
-7.4681920379736128e-05
-7.4097536393180285e-05
-7.3574881718032852e-05
-7.2958045168424084e-05
-7.2463219059590184e-05
-7.1847674441157929e-05
-7.1332223011773193e-05
-7.0757447969331484e-05
-7.0211168227795270e-05
-6.9666105200744783e-05
-6.9112508619708211e-05
-6.8576226682157652e-05
-6.8018378791859612e-05
-6.7493638333625635e-05
-6.6916130028005325e-05
-6.6425350406139599e-05
-6.5825624418721618e-05
-6.5350151546384521e-05
-6.4756798255535689e-05
-6.4275956070970904e-05
-6.3689125266433937e-05
-6.3209334685180853e-05
-6.2615400292914425e-05
-6.2152982805477135e-05
-6.1552375365376690e-05
-6.1091791347735281e-05
-6.0503619388183307e-05
-6.0033522772919076e-05
-5.9453997114973503e-05
-5.8978496829434239e-05
-5.8400008057524317e-05
-5.7932997707424632e-05
-5.7353771775089642e-05
-5.6878092129977672e-05
-5.6324790838400088e-05
-5.5823002968991539e-05
-5.5297480855629108e-05
-5.4775749304676713e-05
-5.4259175278359186e-05
-5.3732774868876759e-05
-5.3225505335334890e-05
-5.2686834826472921e-05
-5.2202839307929071e-05
-5.1636343010351471e-05
-5.1168749862910991e-05
-5.0602061104380027e-05
-5.0120051795387357e-05
-4.9581560969551883e-05
-4.9064132945159828e-05
-4.8563277413847972e-05
-4.8010108512624907e-05
-4.7537281651995511e-05
-4.6963268056482607e-05
-4.6479453386133799e-05
-4.5941926064825802e-05
-4.5425000342622801e-05
-4.4915041319731964e-05
-4.4369222966054475e-05
-4.3884995414099511e-05
-4.3311630238410768e-05
-4.2817818295461407e-05
-4.2280254292042022e-05
-4.1748367868569768e-05
-4.1247043717555089e-05
-4.0672785741610949e-05
-4.0170778483791912e-05
-3.9631786028552583e-05
-3.9089242944546368e-05
-3.8581369288856881e-05
-3.7999424960573268e-05
0.0000000000000000e+00
];
