%Vec Object:dSdr_b_aug_1820 1 MPI processes
%  type: seq
dSdr_b_aug_1820 = [
2.4192098379424247e+03
0.0000000000000000e+00
-1.6946018029253086e-06
-6.9440180750418118e-07
-4.2600242397318234e-07
-3.0019177028333062e-07
-2.2515222829056593e-07
-1.7880585583486997e-07
-1.4739410385407140e-07
-1.2364193686237274e-07
-1.0600933133627114e-07
-9.2497143735261828e-08
-8.1483014897022609e-08
-7.2559983322549101e-08
-6.5245741896829631e-08
-5.9077660032992475e-08
-5.3806627771230384e-08
-4.9309799632573544e-08
-4.5422072094091826e-08
-4.1991389723491898e-08
-3.8985981373325298e-08
-3.6335484541280486e-08
-3.3968548496934205e-08
-1.2175926805228956e-07
-1.2208294569228064e-04
-5.7320685759396019e-04
-5.4673400546181947e-04
-5.0528519267143475e-04
-4.6226541774410808e-04
-4.1632058321418026e-04
-3.7589888856546665e-04
-3.3708029285866133e-04
-3.0045788410578117e-04
-2.6185267814049062e-04
-2.3046063295114285e-04
-2.0314609869883626e-04
-1.7925699604814889e-04
-1.5669431159237693e-04
-1.3960438517593811e-04
-1.2663953099906975e-04
-1.1639289083137814e-04
-1.0812308479198689e-04
-1.0295669035874431e-04
-9.9788939865383668e-05
-9.8037902954416380e-05
-9.7588135075016996e-05
-9.8047248568656833e-05
-9.9042107381793742e-05
-1.0049885037774160e-04
-1.0247039084073513e-04
-1.0420385462271617e-04
-1.0602411297328264e-04
-1.0787249293198799e-04
-1.0964485072303552e-04
-1.1112437353157377e-04
-1.1243979339731958e-04
-1.1369128175995445e-04
-1.1469167790692522e-04
-1.1550220442771048e-04
-1.1614011503109191e-04
-1.1670192160577439e-04
-1.1705200705874729e-04
-1.1723512627811614e-04
-1.1735794184932798e-04
-1.1738376226394963e-04
-1.1727181215837152e-04
-1.1709178034436711e-04
-1.1685022527703179e-04
-1.1652163619975757e-04
-1.1613241468802195e-04
-1.1571917398517117e-04
-1.1525968767157206e-04
-1.1476604241366552e-04
-1.1419772764923341e-04
-1.1364860272704245e-04
-1.1307259230633475e-04
-1.1243864174032327e-04
-1.1183807425374864e-04
-1.1122724908262243e-04
-1.1052932974628580e-04
-1.0989005536164775e-04
-1.0924704632910951e-04
-1.0853714578466861e-04
-1.0788667142412613e-04
-1.0723960136947778e-04
-1.0648629803503243e-04
-1.0583683915967894e-04
-1.0516695396495971e-04
-1.0443725325116348e-04
-1.0379027946686689e-04
-1.0310409240332705e-04
-1.0238006713982353e-04
-1.0173046373043386e-04
-1.0102214629433942e-04
-1.0033904591469155e-04
-9.9700898695075739e-05
-9.8963606437377916e-05
-9.8312277659853975e-05
-9.7662478245758561e-05
-9.6913295854258774e-05
-9.6307975073826665e-05
-9.5626703835688227e-05
-9.4930796734498120e-05
-9.4325948870553381e-05
-9.3587762195239469e-05
-9.2963581173411016e-05
-9.2333318119390719e-05
-9.1620521463193420e-05
-9.1026715156644224e-05
-9.0338362648835428e-05
-8.9686250016705264e-05
-8.9086584055295264e-05
-8.8380926395878660e-05
-8.7793647045284869e-05
-8.7127149768422268e-05
-8.6498798959318000e-05
-8.5876400818098549e-05
-8.5215358861159284e-05
-8.4633401161485759e-05
-8.3949107945245806e-05
-8.3374516836399895e-05
-8.2733613702709604e-05
-8.2099367762038543e-05
-8.1534000639596512e-05
-8.0840234145016966e-05
-8.0301381316984189e-05
-7.9635342061861115e-05
-7.9060138941381897e-05
-7.8445812365002197e-05
-7.7833095605725293e-05
-7.7244655353083779e-05
-7.6621972178246824e-05
-7.6065618394536652e-05
-7.5408508525091035e-05
-7.4880900761779810e-05
-7.4225419861981569e-05
-7.3675837805808482e-05
-7.3063183253267516e-05
-7.2481084162255357e-05
-7.1899593215400993e-05
-7.1309094893565354e-05
-7.0737489731416075e-05
-7.0141483140427193e-05
-6.9582100511056142e-05
-6.8965779763439529e-05
-6.8440789925010089e-05
-6.7801858711796369e-05
-6.7292503167546276e-05
-6.6659525356961059e-05
-6.6145664713893355e-05
-6.5517817699583882e-05
-6.5005298799137686e-05
-6.4370154602759680e-05
-6.3875143079510649e-05
-6.3233062462834556e-05
-6.2739646662088850e-05
-6.2110410874606500e-05
-6.1607094111619818e-05
-6.0986519034712408e-05
-6.0477011171809257e-05
-5.9857858881582032e-05
-5.9356089535166260e-05
-5.8736708071425794e-05
-5.8225647520979522e-05
-5.7632321329714789e-05
-5.7094470896287586e-05
-5.6529496334834845e-05
-5.5970397833106364e-05
-5.5415162825581547e-05
-5.4849961932447924e-05
-5.4305010266625375e-05
-5.3726005605447374e-05
-5.3205572429526993e-05
-5.2596689533385342e-05
-5.2093412073287254e-05
-5.1484243960227871e-05
-5.0965277853925216e-05
-5.0385562255888637e-05
-4.9828938899915922e-05
-4.9288454208530894e-05
-4.8693731407588245e-05
-4.8183179927622446e-05
-4.7564879519143083e-05
-4.7043429158849791e-05
-4.6462706093947170e-05
-4.5905709254610658e-05
-4.5354822778363622e-05
-4.4765775675436299e-05
-4.4242548088199217e-05
-4.3623291183359853e-05
-4.3089618081266717e-05
-4.2508796895829476e-05
-4.1933662808229315e-05
-4.1391621633793124e-05
-4.0770327738214461e-05
-4.0227349441795019e-05
-3.9644072762217992e-05
-3.9056583782690585e-05
-3.8508019471897352e-05
-3.7881237057590543e-05
0.0000000000000000e+00
];
