%Vec Object:dSdr_b_aug_2510 1 MPI processes
%  type: seq
dSdr_b_aug_2510 = [
2.3906724809858306e+03
0.0000000000000000e+00
-1.3811961972760773e-06
-5.6727367452338765e-07
-3.4929258852518059e-07
-2.4664704731939170e-07
-1.8495204880570776e-07
-1.4683598987057786e-07
-1.2100208310471760e-07
-1.0149871094455736e-07
-8.7019047871659747e-08
-7.5921820817212536e-08
-6.6879688128902275e-08
-5.9554509952454256e-08
-5.3549741244949282e-08
-4.8486205082299730e-08
-4.4159375221547452e-08
-4.0467951557488621e-08
-3.7276481375121928e-08
-3.4460329259326933e-08
-3.1993232397064867e-08
-3.0134626908805807e-08
-3.5554941998977600e-06
-5.2800212074485418e-04
-6.2049091172066068e-04
-5.8007443342919345e-04
-5.3906315956613949e-04
-4.9759537298594018e-04
-4.5507485392776945e-04
-4.0967649363496460e-04
-3.6973446837884518e-04
-3.3136923412780149e-04
-2.9516901101934935e-04
-2.5700429667442713e-04
-2.2596827487692846e-04
-1.9896151380577570e-04
-1.7534079865898870e-04
-1.5303202852115819e-04
-1.3613459353419415e-04
-1.2331656787578798e-04
-1.1318898229272864e-04
-1.0501797158976315e-04
-9.9917019956728502e-05
-9.6794313227256925e-05
-9.5074017331768824e-05
-9.4642871815154851e-05
-9.5111184761014096e-05
-9.6110060689284042e-05
-9.7566465407035319e-05
-9.9535608635205523e-05
-1.0126734742960793e-04
-1.0308491215199890e-04
-1.0493187666962566e-04
-1.0670467011863967e-04
-1.0818601786427665e-04
-1.0950548548346784e-04
-1.1076387625167838e-04
-1.1177219780258570e-04
-1.1259196157408699e-04
-1.1324157090611525e-04
-1.1381709424585739e-04
-1.1418113488808288e-04
-1.1437977535239837e-04
-1.1452123587700274e-04
-1.1456413469672039e-04
-1.1447031799346802e-04
-1.1431039594544246e-04
-1.1408957803419652e-04
-1.1378110279924548e-04
-1.1341313639257712e-04
-1.1302254573588764e-04
-1.1258398439490034e-04
-1.1211135634701197e-04
-1.1156795256632940e-04
-1.1104030147199766e-04
-1.1048563513477889e-04
-1.0987698547119716e-04
-1.0929778205931987e-04
-1.0870824038494104e-04
-1.0803624415080457e-04
-1.0741839564751500e-04
-1.0679704802334120e-04
-1.0611233784215992e-04
-1.0548317118704934e-04
-1.0485756268428354e-04
-1.0412968222013774e-04
-1.0350144530477093e-04
-1.0285329579113768e-04
-1.0214796581106925e-04
-1.0152186193975818e-04
-1.0085775261638649e-04
-1.0015752146430254e-04
-9.9528608507692748e-05
-9.8842986523892443e-05
-9.8182213475268525e-05
-9.7564401630844769e-05
-9.6850542440472812e-05
-9.6220648481684594e-05
-9.5591237759161778e-05
-9.4865927655472560e-05
-9.4280704656671174e-05
-9.3620578389172102e-05
-9.2947147359768894e-05
-9.2362124280427334e-05
-9.1646853947742891e-05
-9.1043192248049473e-05
-9.0433209053455217e-05
-8.9742908921393251e-05
-8.9168557827107013e-05
-8.8502304290523728e-05
-8.7870993699441400e-05
-8.7290881795750147e-05
-8.6608023344552482e-05
-8.6039576185341186e-05
-8.5394906456861058e-05
-8.4786764137460160e-05
-8.4184415384545993e-05
-8.3545058197349636e-05
-8.2981969722605110e-05
-8.2319772122967934e-05
-8.1764445294658567e-05
-8.1144050188659199e-05
-8.0530587721010805e-05
-7.9984426740441783e-05
-7.9312614058646801e-05
-7.8792184668370372e-05
-7.8148019545238987e-05
-7.7591503801498427e-05
-7.6998279844036707e-05
-7.6405477260248490e-05
-7.5836730624268019e-05
-7.5235088376364299e-05
-7.4697248311557466e-05
-7.4062263923072223e-05
-7.3552665843567528e-05
-7.2919125260194440e-05
-7.2388293989585049e-05
-7.1796449796178400e-05
-7.1234029245501897e-05
-7.0672551176733557e-05
-7.0102326041536787e-05
-6.9550126854535404e-05
-6.8975084001389608e-05
-6.8434733185854073e-05
-6.7839735328600973e-05
-6.7333539993362878e-05
-6.6716147456991797e-05
-6.6225406465986178e-05
-6.5614197682782130e-05
-6.5118476805560850e-05
-6.4513163387131621e-05
-6.4018624851627711e-05
-6.3406120605067392e-05
-6.2929015670082047e-05
-6.2309719691513445e-05
-6.1834341089123828e-05
-6.1227665045622605e-05
-6.0742598836845057e-05
-6.0144575582292595e-05
-5.9653750868273956e-05
-5.9056938386169447e-05
-5.8574264998574691e-05
-5.7976944255162208e-05
-5.7485321321093000e-05
-5.6913984073685639e-05
-5.6395945737411640e-05
-5.5852645612675720e-05
-5.5314075802900679e-05
-5.4780080398405748e-05
-5.4236195739546323e-05
-5.3711945894564085e-05
-5.3155100018103671e-05
-5.2654684945341887e-05
-5.2069088385445697e-05
-5.1585415122160776e-05
-5.0999584267102578e-05
-5.0500921397066786e-05
-4.9943853761718962e-05
-4.9408763396759251e-05
-4.8890049998229530e-05
-4.8318155863600591e-05
-4.7828329257073642e-05
-4.7234358812103112e-05
-4.6733584323377479e-05
-4.6176591627946638e-05
-4.5641608414970544e-05
-4.5113205860172123e-05
-4.4547906756259995e-05
-4.4046103706037693e-05
-4.3452057120533242e-05
-4.2940280708344297e-05
-4.2383221129188986e-05
-4.1831842214286660e-05
-4.1312164008585759e-05
-4.0716701271555590e-05
-4.0196216136691321e-05
-3.9637240035733762e-05
-3.9074383010513637e-05
-3.8548003108561718e-05
-3.7944947250212941e-05
0.0000000000000000e+00
];
