%Vec Object:dSdr_b_aug_7370 1 MPI processes
%  type: seq
dSdr_b_aug_7370 = [
2.2991406698651858e+03
0.0000000000000000e+00
-7.4389709401125509e-07
-3.0787931911684448e-07
-1.9176878271712340e-07
-1.3640978820156675e-07
-1.0239490157389270e-07
-8.1360099340098416e-08
-6.7101720980221775e-08
-5.6379064861829440e-08
-4.8415407600096652e-08
-4.2309771642865776e-08
-3.7337884532485955e-08
-3.3309615119467464e-08
-3.0006684017562431e-08
-2.7221057557526487e-08
-2.4840317801053932e-08
-2.2870194840747660e-08
-1.0192006157926011e-05
-7.7134625141297346e-04
-7.4706251531709688e-04
-7.0809318797513733e-04
-6.6981346477434987e-04
-6.3167845898487766e-04
-5.8934654145090921e-04
-5.4847810108701455e-04
-5.0929101170793327e-04
-4.6971039138332308e-04
-4.2909379057208183e-04
-3.8567615042047409e-04
-3.4746734875589798e-04
-3.1073980244772245e-04
-2.7606460293128966e-04
-2.3949103045784511e-04
-2.0974103390370062e-04
-1.8384600883856260e-04
-1.6119476103175262e-04
-1.3980317839726325e-04
-1.2360105949143523e-04
-1.1131340657118763e-04
-1.0161586898196914e-04
-9.3801725990708514e-05
-8.8937166103569192e-05
-8.5977165756298166e-05
-8.4367911882235466e-05
-8.4004033408379935e-05
-8.4505575999170837e-05
-8.5518961970822813e-05
-8.6974144212523987e-05
-8.8934627620628645e-05
-9.0660134930971076e-05
-9.2467969276302064e-05
-9.4309820501879487e-05
-9.6084187214970452e-05
-9.7572126603519342e-05
-9.8906215133159962e-05
-1.0018953838461671e-04
-1.0122648771119669e-04
-1.0207961792337096e-04
-1.0277148504683022e-04
-1.0339655572619153e-04
-1.0381100495990204e-04
-1.0406571092527813e-04
-1.0427452039450922e-04
-1.0437910949692655e-04
-1.0435079394108067e-04
-1.0426351205304593e-04
-1.0411760056224473e-04
-1.0388178022757910e-04
-1.0359059118751379e-04
-1.0328181669727891e-04
-1.0291884023272363e-04
-1.0252213024517930e-04
-1.0206870958722341e-04
-1.0161862595326759e-04
-1.0114105830251571e-04
-1.0062379996721616e-04
-1.0012176732116997e-04
-9.9609105364178118e-05
-9.9030748005751067e-05
-9.8490293566184979e-05
-9.7947190786910280e-05
-9.7353472724019978e-05
-9.6801273293109101e-05
-9.6253187748077652e-05
-9.5617139369174922e-05
-9.5065560138114181e-05
-9.4495923971404591e-05
-9.3878625656571458e-05
-9.3327907817228328e-05
-9.2743547432310897e-05
-9.2129265082924712e-05
-9.1575089921487306e-05
-9.0971448177876098e-05
-9.0391325647112882e-05
-8.9846968996203948e-05
-8.9217754459733223e-05
-8.8665287098809481e-05
-8.8109524164767085e-05
-8.7470445269062521e-05
-8.6957819239122654e-05
-8.6374072653212992e-05
-8.5781829561702220e-05
-8.5268417463793742e-05
-8.4635925415669285e-05
-8.4106383503854511e-05
-8.3569655113883049e-05
-8.2960616807158767e-05
-8.2456541737300321e-05
-8.1870113992318203e-05
-8.1313944434542072e-05
-8.0804465610653380e-05
-8.0203962348368140e-05
-7.9703540754391520e-05
-7.9137716397809224e-05
-7.8602571102375085e-05
-7.8072644671525656e-05
-7.7511617120683884e-05
-7.7016687997113242e-05
-7.6434304098322119e-05
-7.5948563643778825e-05
-7.5402247569323597e-05
-7.4863859098022638e-05
-7.4387074493428385e-05
-7.3794563308797779e-05
-7.3340683025168460e-05
-7.2775531584598518e-05
-7.2286518355718489e-05
-7.1769521235581996e-05
-7.1248652609281590e-05
-7.0751043234759537e-05
-7.0225404997435110e-05
-6.9754440187948385e-05
-6.9199377440418817e-05
-6.8754833956526570e-05
-6.8200546177897632e-05
-6.7737446519237159e-05
-6.7220773522120729e-05
-6.6729435828800747e-05
-6.6240248317719593e-05
-6.5743254034401042e-05
-6.5261153174517514e-05
-6.4761835596654233e-05
-6.4290231586660814e-05
-6.3772256356737459e-05
-6.3333950637883257e-05
-6.2794360218931163e-05
-6.2370858857417166e-05
-6.1838284291763321e-05
-6.1408088053576141e-05
-6.0884170654501932e-05
-6.0454581007739669e-05
-5.9923856992408131e-05
-5.9511434491840842e-05
-5.8974441434138275e-05
-5.8564217104404174e-05
-5.8039031675276244e-05
-5.7619890481255220e-05
-5.7103329290337340e-05
-5.6679992275771652e-05
-5.6163876098812025e-05
-5.5750181641375314e-05
-5.5232549177921416e-05
-5.4811139408554790e-05
-5.4319231279664609e-05
-5.3872758932077673e-05
-5.3407751999084834e-05
-5.2943336811463666e-05
-5.2486064065116614e-05
-5.2019178974506349e-05
-5.1569709428903325e-05
-5.1092906820904010e-05
-5.0664802597801311e-05
-5.0163322561749332e-05
-4.9750465393068765e-05
-4.9248935418375469e-05
-4.8823614189510452e-05
-4.8348358117306641e-05
-4.7891052170161392e-05
-4.7450984392441626e-05
-4.6961555841496379e-05
-4.6546596075570167e-05
-4.6040515543831136e-05
-4.5614432534222469e-05
-4.5143165917364901e-05
-4.4687708987244836e-05
-4.4240533333988548e-05
-4.3761029656985530e-05
-4.3336632353818681e-05
-4.2833670985727254e-05
-4.2401016325729461e-05
-4.1929823941665436e-05
-4.1464302495257854e-05
-4.1025474282086621e-05
-4.0523426347086485e-05
-4.0084366267250610e-05
-3.9613487026671550e-05
-3.9140282965906804e-05
-3.8695940889356622e-05
-3.8188708054584895e-05
0.0000000000000000e+00
];
