%Vec Object:dSdr_b_aug_9290 1 MPI processes
%  type: seq
dSdr_b_aug_9290 = [
2.2772496760759286e+03
0.0000000000000000e+00
-6.4666504038133668e-07
-2.6795516092403829e-07
-1.6721941540808200e-07
-1.1907531254660924e-07
-8.9367669489647592e-08
-7.0993131808370543e-08
-5.8537998312742045e-08
-4.9180548542192801e-08
-4.2230450899833771e-08
-3.6901509945330890e-08
-3.2563266886577505e-08
-2.9048472710367349e-08
-2.6166462844132769e-08
-2.3735940530966837e-08
-2.1666328062585010e-08
-3.1793120658610630e-06
-7.8668149735034994e-04
-7.7939405977663480e-04
-7.3756686490088772e-04
-6.9895986621011414e-04
-6.6113957979646945e-04
-6.2345430676619368e-04
-5.8161694975059314e-04
-5.4121244437028765e-04
-5.0246034930744802e-04
-4.6331329767003291e-04
-4.2313350648224136e-04
-3.8017026321384849e-04
-3.4235907838107104e-04
-3.0600723201370470e-04
-2.7168188623684440e-04
-2.3547333562819235e-04
-2.0601836451161369e-04
-1.8037838175362524e-04
-1.5794953859794730e-04
-1.3676836714857600e-04
-1.2072576014011140e-04
-1.0855977962439091e-04
-9.8960898863832935e-05
-9.1228624370069645e-05
-8.6418294711638758e-05
-8.3495620509638463e-05
-8.1911840515620112e-05
-8.1563393551825492e-05
-8.2072559174359468e-05
-8.3089273740893170e-05
-8.4544175404540565e-05
-8.6502672046863234e-05
-8.8226749683653459e-05
-9.0032351685836873e-05
-9.1873029774676288e-05
-9.3647757312452853e-05
-9.5137208793529687e-05
-9.6474651405798685e-05
-9.7763694309799560e-05
-9.8807211027017859e-05
-9.9667995725720456e-05
-1.0036955709347786e-04
-1.0100599430672109e-04
-1.0143200765684886e-04
-1.0169957548639033e-04
-1.0192383534295802e-04
-1.0204257668897992e-04
-1.0202928762496004e-04
-1.0195866998276712e-04
-1.0182994263976109e-04
-1.0161078993654045e-04
-1.0133721425949685e-04
-1.0104720907850308e-04
-1.0070157241247918e-04
-1.0032227866024815e-04
-9.9889500887004039e-05
-9.9457211877709232e-05
-9.8997331317834348e-05
-9.8501038938778767e-05
-9.8016709928343181e-05
-9.7521684838363417e-05
-9.6964809044563713e-05
-9.6442109468379845e-05
-9.5916956729497256e-05
-9.5344113043119150e-05
-9.4809570555959540e-05
-9.4279269445099922e-05
-9.3664288139441766e-05
-9.3130294841857713e-05
-9.2578670314114457e-05
-9.1981567223803259e-05
-9.1448143590575163e-05
-9.0882078300836682e-05
-9.0287513349818883e-05
-8.9750483683972404e-05
-8.9165648916291149e-05
-8.8604028311685211e-05
-8.8076522916932413e-05
-8.7466726596686619e-05
-8.6932021567048441e-05
-8.6393154072635060e-05
-8.5773857362987727e-05
-8.5277885705734615e-05
-8.4711661284627300e-05
-8.4138043418556036e-05
-8.3641059508767699e-05
-8.3027557525773883e-05
-8.2515019344416767e-05
-8.1995096250345818e-05
-8.1404700120140595e-05
-8.0916746988247227e-05
-8.0348631981358383e-05
-7.9809700437381443e-05
-7.9316425463514095e-05
-7.8734815205621956e-05
-7.8249999275411484e-05
-7.7702262740872308e-05
-7.7183863605593514e-05
-7.6670551493449984e-05
-7.6127493450979891e-05
-7.5648200683753312e-05
-7.5084126751141417e-05
-7.4614350024785551e-05
-7.4085028333747898e-05
-7.3563862499675888e-05
-7.3102993448650769e-05
-7.2528674727461587e-05
-7.2090061397629706e-05
-7.1543036393842871e-05
-7.1069508839615442e-05
-7.0569998830154879e-05
-7.0065632490809727e-05
-6.9584342634522754e-05
-6.9076140390570521e-05
-6.8620517358632433e-05
-6.8083789343956699e-05
-6.7654169963157128e-05
-6.7118063481416118e-05
-6.6670502057718353e-05
-6.6171074001795740e-05
-6.5696043349525334e-05
-6.5223439937038034e-05
-6.4743245464649624e-05
-6.4277225787782888e-05
-6.3795280264658467e-05
-6.3339447388188776e-05
-6.2839141838464882e-05
-6.2416410607907288e-05
-6.1894668692810936e-05
-6.1486592708662804e-05
-6.0972057539820319e-05
-6.0556893247328610e-05
-6.0051648828668105e-05
-5.9636959047799112e-05
-5.9124996157086078e-05
-5.8727412398090431e-05
-5.8209300377638505e-05
-5.7814023036454796e-05
-5.7307532297824191e-05
-5.6903514911143787e-05
-5.6405641864976378e-05
-5.5997787155669144e-05
-5.5500183456685912e-05
-5.5102313411026185e-05
-5.4602962181670808e-05
-5.4197659974660760e-05
-5.3723973632789342e-05
-5.3293919205193156e-05
-5.2846873476013966e-05
-5.2399470073195929e-05
-5.1959798247028389e-05
-5.1510577608607414e-05
-5.1078263402346892e-05
-5.0619823513112999e-05
-5.0208308132582164e-05
-4.9726125275490066e-05
-4.9329514061159656e-05
-4.8847323583876126e-05
-4.8438827721107705e-05
-4.7982340108466458e-05
-4.7542878779464311e-05
-4.7120853212043507e-05
-4.6650343235915719e-05
-4.6252558860116723e-05
-4.5766641372568847e-05
-4.5357693621260864e-05
-4.4906093765084808e-05
-4.4468881391410461e-05
-4.4040340538122297e-05
-4.3580519862888204e-05
-4.3173881076477783e-05
-4.2691816675379254e-05
-4.2277314804931250e-05
-4.1825823190670293e-05
-4.1380001054345407e-05
-4.0959724611117764e-05
-4.0479113016951791e-05
-4.0058742538629388e-05
-3.9608091477443436e-05
-3.9155492570704094e-05
-3.8730076536618619e-05
-3.8245383996485363e-05
0.0000000000000000e+00
];
