%Vec Object:dSdr_b_aug_8050 1 MPI processes
%  type: seq
dSdr_b_aug_8050 = [
2.2936327095339266e+03
0.0000000000000000e+00
-7.1728546004092004e-07
-2.9672563178887685e-07
-1.8476369878872126e-07
-1.3135259487837394e-07
-9.8508459027005510e-08
-7.8197743970593657e-08
-6.4430927087935350e-08
-5.4083842879373637e-08
-4.6399546982035434e-08
-4.0508161015060725e-08
-3.5712438044325489e-08
-3.1827372117022549e-08
-2.8641988242512831e-08
-2.5955982553977225e-08
-2.3660881494194429e-08
-2.2564554354009291e-08
-9.0359581336252323e-05
-7.8294759391559193e-04
-7.4334800490593862e-04
-7.0446850201763697e-04
-6.6637061402304021e-04
-6.2841410977609446e-04
-5.8627849419020154e-04
-5.4559419996085413e-04
-5.0657976952424365e-04
-4.6717124227815745e-04
-4.2672802094510830e-04
-3.8349074104798784e-04
-3.4543976236942633e-04
-3.0886133974470818e-04
-2.7432500497837227e-04
-2.3789631782259645e-04
-2.0826342344341543e-04
-1.8246963022041949e-04
-1.5990665963485501e-04
-1.3859859377614978e-04
-1.2245978886806975e-04
-1.1022043059388894e-04
-1.0056205216181163e-04
-9.2780404603368783e-05
-8.7937369903575471e-05
-8.4992185135615011e-05
-8.3393042412381596e-05
-8.3035289048528934e-05
-8.3539857390241759e-05
-8.4554564554821177e-05
-8.6009635428135263e-05
-8.7969330243943897e-05
-8.9694270084419075e-05
-9.1501218362595967e-05
-9.3342603943394646e-05
-9.5117113875352227e-05
-9.6605653446691546e-05
-9.7941073286266774e-05
-9.9226666794957684e-05
-1.0026622286496169e-04
-1.0112239131306958e-04
-1.0181810629794254e-04
-1.0244768860777107e-04
-1.0286672789688491e-04
-1.0312653902266411e-04
-1.0334148109492833e-04
-1.0345168753818212e-04
-1.0342933633186946e-04
-1.0334866885428463e-04
-1.0320957813467317e-04
-1.0298037355442588e-04
-1.0269617565068372e-04
-1.0239485111773248e-04
-1.0203875720557617e-04
-1.0164896011000087e-04
-1.0120373307310640e-04
-1.0076071252224743e-04
-1.0029016527210918e-04
-9.9781228792196410e-05
-9.9286223113734381e-05
-9.8780561622365502e-05
-9.8210730775755552e-05
-9.7677323637265580e-05
-9.7141345629106035e-05
-9.6555913071560254e-05
-9.6010722075181247e-05
-9.5469695568597501e-05
-9.4842009180707028e-05
-9.4297410198569876e-05
-9.3734923252827482e-05
-9.3125640872777468e-05
-9.2581787489348701e-05
-9.2004688835533951e-05
-9.1398232761140055e-05
-9.0850863029051827e-05
-9.0254686193425452e-05
-8.9681907489597395e-05
-8.9144239477885804e-05
-8.8522732464326785e-05
-8.7977315368650697e-05
-8.7428258611317423e-05
-8.6797031706171843e-05
-8.6291016167982512e-05
-8.5714224520001603e-05
-8.5129374195978624e-05
-8.4622482812271991e-05
-8.3997528344603665e-05
-8.3474735592701152e-05
-8.2944677599528446e-05
-8.2343038788493706e-05
-8.1845362875451895e-05
-8.1266203864781750e-05
-8.0716876459162047e-05
-8.0213829304866965e-05
-7.9620825097420278e-05
-7.9126597739537731e-05
-7.8567952843026928e-05
-7.8039454472163139e-05
-7.7516122635122144e-05
-7.6962227582979683e-05
-7.6473504878063454e-05
-7.5898388613356946e-05
-7.5418984518718451e-05
-7.4879413894198319e-05
-7.4347861471885226e-05
-7.3877394105643327e-05
-7.3292103915706852e-05
-7.2844283426662954e-05
-7.2286326773379831e-05
-7.1803460154292603e-05
-7.1293404058639124e-05
-7.0779085558241787e-05
-7.0287953764715236e-05
-6.9769236262286172e-05
-6.9304360946736312e-05
-6.8756575663879972e-05
-6.8317955889664179e-05
-6.7770884673585009e-05
-6.7313952487207905e-05
-6.6804124392199455e-05
-6.6319259327576936e-05
-6.5836654415455322e-05
-6.5346328352150178e-05
-6.4870610472922695e-05
-6.4378188251411637e-05
-6.3912844156536035e-05
-6.3401882417261370e-05
-6.2969758560695418e-05
-6.2437252611544040e-05
-6.2019873926953703e-05
-6.1494459600887626e-05
-6.1070229877811322e-05
-6.0553724201836284e-05
-6.0130048644951255e-05
-5.9606771339163648e-05
-5.9200238666959435e-05
-5.8670739914921649e-05
-5.8266448379260269e-05
-5.7748683290772545e-05
-5.7335545074353016e-05
-5.6826401626049449e-05
-5.6409209885016832e-05
-5.5900441724810114e-05
-5.5493028330796075e-05
-5.4982652098497884e-05
-5.4567635781596018e-05
-5.4082960288276253e-05
-5.3643004581326693e-05
-5.3185126852892279e-05
-5.2727464024494391e-05
-5.2277177478525211e-05
-5.1817303805845134e-05
-5.1374643600198600e-05
-5.0905129568326887e-05
-5.0483609830652418e-05
-4.9989789279632454e-05
-4.9583380497294868e-05
-4.9089526805787236e-05
-4.8670883945945913e-05
-4.8203077500722730e-05
-4.7752854488159557e-05
-4.7319948074853262e-05
-4.6838028738297957e-05
-4.6429886279366580e-05
-4.5931808923207272e-05
-4.5512527295738066e-05
-4.5049066873813468e-05
-4.4600851637854049e-05
-4.4161072580005746e-05
-4.3689381559630477e-05
-4.3272033050585253e-05
-4.2777366209725007e-05
-4.2351916868329762e-05
-4.1888544255607199e-05
-4.1430842038755428e-05
-4.0999377631025867e-05
-4.0505838556111240e-05
-4.0074197286794312e-05
-3.9611347961061092e-05
-3.9146324477379950e-05
-3.8709500052612238e-05
-3.8211243422954656e-05
0.0000000000000000e+00
];
