%Vec Object:dSdr_b_aug_710 1 MPI processes
%  type: seq
dSdr_b_aug_710 = [
2.4949988263317623e+03
0.0000000000000000e+00
-2.9892376122111502e-06
-1.2160423548807893e-06
-7.3767127120175384e-07
-5.1651810012304431e-07
-3.8749372212819403e-07
-3.0787909325081743e-07
-2.5392349402535509e-07
-2.1293681910781348e-07
-1.8251780935582773e-07
-1.5921437789889757e-07
-1.4020084738889638e-07
-1.2479633650105554e-07
-1.1217108083044226e-07
-1.0152343513084874e-07
-9.2423407949833843e-08
-8.4660771156314103e-08
-7.7950109741047888e-08
-7.2028337459746025e-08
-6.6841053466146613e-08
-6.2266687377136762e-08
-5.8154263760242312e-08
-5.4477999965572068e-08
-5.1179933706312830e-08
-4.8186927993921953e-08
-4.5480778566352656e-08
-5.0004822732717049e-08
-2.2866841981501215e-06
-1.3636468666674867e-04
-3.5796725686955806e-04
-3.4865298216617762e-04
-3.1457462688442477e-04
-2.7532613315226569e-04
-2.4304485015315554e-04
-2.1489031580031371e-04
-1.9025373944889156e-04
-1.6697986508926657e-04
-1.4934995494469950e-04
-1.3597294846701762e-04
-1.2539201532759872e-04
-1.1684476237247017e-04
-1.1149457584784864e-04
-1.0820031830023858e-04
-1.0636294216551883e-04
-1.0586087103371351e-04
-1.0629414681268301e-04
-1.0727772318884942e-04
-1.0873541668959587e-04
-1.1071369054713970e-04
-1.1245199932688793e-04
-1.1427982330221980e-04
-1.1613217862712964e-04
-1.1790331235185715e-04
-1.1937770885657758e-04
-1.2068175892777206e-04
-1.2191385929271855e-04
-1.2289199403918506e-04
-1.2367657443179523e-04
-1.2428162506824753e-04
-1.2480490338116665e-04
-1.2511579089839162e-04
-1.2525531342394463e-04
-1.2532575836572980e-04
-1.2530360832157213e-04
-1.2514072446887645e-04
-1.2490420766001872e-04
-1.2460440537774198e-04
-1.2421931987440112e-04
-1.2377039633881348e-04
-1.2329353547405598e-04
-1.2277527443447039e-04
-1.2222259537853050e-04
-1.2158430989616054e-04
-1.2097486862785839e-04
-1.2033890636662167e-04
-1.1963389004808229e-04
-1.1897331466337232e-04
-1.1830270792078186e-04
-1.1753197517520568e-04
-1.1683251928139780e-04
-1.1612866718321742e-04
-1.1534801135793999e-04
-1.1463768741723663e-04
-1.1393033565224581e-04
-1.1310562388075108e-04
-1.1239655609502474e-04
-1.1166561904262803e-04
-1.1086746507675306e-04
-1.1016187123345382e-04
-1.0941367154115130e-04
-1.0862281266817253e-04
-1.0791509328343253e-04
-1.0714302818552717e-04
-1.0639721413459620e-04
-1.0570194830054446e-04
-1.0489883656009359e-04
-1.0418730103063211e-04
-1.0348023325510778e-04
-1.0266399769663168e-04
-1.0200222567457460e-04
-1.0126156190225749e-04
-1.0050252351215177e-04
-9.9841991358481683e-05
-9.9039436752879005e-05
-9.8357620608877121e-05
-9.7670395042304551e-05
-9.6894409653857993e-05
-9.6245957124430518e-05
-9.5495532541485024e-05
-9.4784990683535335e-05
-9.4130400861898927e-05
-9.3360704287351977e-05
-9.2720528673795964e-05
-9.1992721704422199e-05
-9.1307608854368383e-05
-9.0628895560878562e-05
-8.9906944956412289e-05
-8.9271987020549974e-05
-8.8525631206333821e-05
-8.7896930226089693e-05
-8.7198423759148879e-05
-8.6505800810998527e-05
-8.5886487129775791e-05
-8.5131056359111709e-05
-8.4540455458372921e-05
-8.3812975745012447e-05
-8.3185283204455178e-05
-8.2511683222782518e-05
-8.1843031192706847e-05
-8.1199275185136444e-05
-8.0517491904576901e-05
-7.9909136502794172e-05
-7.9189880220458428e-05
-7.8611686597582401e-05
-7.7894579394091430e-05
-7.7292329869615298e-05
-7.6621222879530909e-05
-7.5983850438883765e-05
-7.5346147055557462e-05
-7.4698705146848514e-05
-7.4072592252238440e-05
-7.3417702459360556e-05
-7.2804863073265840e-05
-7.2128650353547137e-05
-7.1550870346604267e-05
-7.0851441085226859e-05
-7.0289800849287145e-05
-6.9595678008714900e-05
-6.9030866303282482e-05
-6.8339726757483333e-05
-6.7776704563185283e-05
-6.7077969150454423e-05
-6.6532661603750307e-05
-6.5826583418778244e-05
-6.5282504787784532e-05
-6.4589903179017199e-05
-6.4035324371916811e-05
-6.3351405793864992e-05
-6.2789420880634460e-05
-6.2107520684521182e-05
-6.1552114867373462e-05
-6.0870769508384948e-05
-6.0305112942753538e-05
-5.9650024583488619e-05
-5.9056526423951548e-05
-5.8430673236493390e-05
-5.7813914391157562e-05
-5.7199022314485457e-05
-5.6573949222368041e-05
-5.5970851258103410e-05
-5.5329608094328145e-05
-5.4752949359803573e-05
-5.4078661225453317e-05
-5.3520321188178087e-05
-5.2845605269138229e-05
-5.2269613641776021e-05
-5.1626286957000693e-05
-5.1009184656912285e-05
-5.0407552132144597e-05
-4.9748712109794674e-05
-4.9179953214667617e-05
-4.8493320223085588e-05
-4.7913801919812909e-05
-4.7266432680098914e-05
-4.6647613269728365e-05
-4.6033585294002952e-05
-4.5377848861599836e-05
-4.4794461629643011e-05
-4.4104416575052072e-05
-4.3509269472910355e-05
-4.2861746257144074e-05
-4.2219943501123628e-05
-4.1615168372707202e-05
-4.0921441094243762e-05
-4.0315482151170635e-05
-3.9664310987611983e-05
-3.9008406121280170e-05
-3.8399699522868988e-05
-3.7717831945911594e-05
0.0000000000000000e+00
];
