%Vec Object:dSdr_b_aug_2550 1 MPI processes
%  type: seq
dSdr_b_aug_2550 = [
2.3894302902078962e+03
0.0000000000000000e+00
-1.3696055886867694e-06
-5.6278942232457508e-07
-3.4672868599664112e-07
-2.4496410373945823e-07
-1.8376989318463886e-07
-1.4596201166773527e-07
-1.2033644993060409e-07
-1.0098842123157839e-07
-8.6623604289713447e-08
-7.5614246928867484e-08
-6.6642565051066776e-08
-5.9374077138648687e-08
-5.3415656655656973e-08
-4.8390809081295438e-08
-4.4096630966332537e-08
-4.0432979384782377e-08
-3.7265403064773386e-08
-3.4469984442061352e-08
-3.2021007960247515e-08
-3.0401600193133552e-08
-5.9076944483981736e-06
-5.6527009624148113e-04
-6.2062678862702901e-04
-5.7965632769741598e-04
-5.3865439393483035e-04
-4.9721195638898841e-04
-4.5471758638094975e-04
-4.0934646110052597e-04
-3.6942826951929814e-04
-3.3108555538844173e-04
-2.9490630315131080e-04
-2.5676346888805877e-04
-2.2574513145838960e-04
-1.9875365807235019e-04
-1.7514627424920345e-04
-1.5285011652727394e-04
-1.3596224296063297e-04
-1.2315151055402020e-04
-1.1302983863622107e-04
-1.0486373528079831e-04
-9.9766034305244226e-05
-9.6645564970580119e-05
-9.4926796022883262e-05
-9.4496575495327985e-05
-9.4965345375293722e-05
-9.5964420821746852e-05
-9.7420808716900127e-05
-9.9389832850553137e-05
-1.0112148594409286e-04
-1.0293891685223967e-04
-1.0478581104660475e-04
-1.0655862612110500e-04
-1.0804006450161155e-04
-1.0935973316792258e-04
-1.1061846678046998e-04
-1.1162718199057592e-04
-1.1244740458411384e-04
-1.1309759500493939e-04
-1.1367379967383546e-04
-1.1403853348876325e-04
-1.1423794491531620e-04
-1.1438033156292922e-04
-1.1442407869266817e-04
-1.1433116270366025e-04
-1.1417223953986170e-04
-1.1395245167679106e-04
-1.1364497552880332e-04
-1.1327806489852532e-04
-1.1288859930750490e-04
-1.1245107734502603e-04
-1.1197949325703325e-04
-1.1143732684800296e-04
-1.1091074239503083e-04
-1.1035713628268715e-04
-1.0974974335567596e-04
-1.0917160113090801e-04
-1.0858311664148792e-04
-1.0791240805056108e-04
-1.0729562380519925e-04
-1.0667535213830035e-04
-1.0599189320446437e-04
-1.0536378493781333e-04
-1.0473924246567358e-04
-1.0401262479951062e-04
-1.0338544201602177e-04
-1.0273837215228146e-04
-1.0203425271011029e-04
-1.0140918548423910e-04
-1.0074617280137969e-04
-1.0004712354550681e-04
-9.9419238320566818e-05
-9.8734743660298184e-05
-9.8075079650427732e-05
-9.7458277900361402e-05
-9.6745582672696628e-05
-9.6116753419746295e-05
-9.5488355440076560e-05
-9.4764231115954394e-05
-9.4180006410180949e-05
-9.3520930453382269e-05
-9.2848615854790995e-05
-9.2264577511900900e-05
-9.1550445479351097e-05
-9.0947803015296587e-05
-9.0338827161679240e-05
-8.9649644476669983e-05
-8.9076259761878944e-05
-8.8411103925246383e-05
-8.7780826613166794e-05
-8.7201685998964510e-05
-8.6519960029928685e-05
-8.5952448303907566e-05
-8.5308862793659153e-05
-8.4701724270884452e-05
-8.4100371411823075e-05
-8.3462091351061001e-05
-8.2899940149335939e-05
-8.2238840083916610e-05
-8.1684470151860490e-05
-8.1065093721756142e-05
-8.0452663611909654e-05
-7.9907456640188572e-05
-7.9236734449464230e-05
-7.8717220189931581e-05
-7.8074141600218121e-05
-7.7518554097806590e-05
-7.6926378351505469e-05
-7.6334564946844681e-05
-7.5766796534505705e-05
-7.5166199433841327e-05
-7.4629278985350114e-05
-7.3995393616442838e-05
-7.3486690117112905e-05
-7.2854239356279796e-05
-7.2324339478231693e-05
-7.1733528980716515e-05
-7.1172085906515776e-05
-7.0611601921645331e-05
-7.0042383800661097e-05
-6.9491148552168399e-05
-6.8917147014873343e-05
-6.8377741553099226e-05
-6.7783802852258414e-05
-6.7278541083845699e-05
-6.6662218423306873e-05
-6.6172402061464840e-05
-6.5562274596937724e-05
-6.5067454766395052e-05
-6.4463260645192518e-05
-6.3969615239705505e-05
-6.3358235574456452e-05
-6.2882020106185948e-05
-6.2263855897348272e-05
-6.1789373250752301e-05
-6.1183817807782947e-05
-6.0699658154561845e-05
-6.0102755108937504e-05
-5.9612858440437940e-05
-5.9017155638625239e-05
-5.8535430804098545e-05
-5.7939205881024863e-05
-5.7448548474015746e-05
-5.6878303485039230e-05
-5.6361249280926689e-05
-5.5819025796664950e-05
-5.5281475718565738e-05
-5.4748535360780723e-05
-5.4205709558251816e-05
-5.3682488053979167e-05
-5.3126742892648086e-05
-5.2627322207539772e-05
-5.2042882380473444e-05
-5.1560182956398134e-05
-5.0975511376614488e-05
-5.0477857083466256e-05
-4.9921914502071501e-05
-4.9387893819216178e-05
-4.8870261952571550e-05
-4.8299501888110674e-05
-4.7810704870127575e-05
-4.7217943110296061e-05
-4.6718195827865346e-05
-4.6162382098148873e-05
-4.5628492621616924e-05
-4.5101207221326253e-05
-4.4537088138018948e-05
-4.4036349796417773e-05
-4.3443556108844186e-05
-4.2932868191160662e-05
-4.2376990026487544e-05
-4.1826792636480610e-05
-4.1308227485219753e-05
-4.0714051254741604e-05
-4.0194688985614250e-05
-3.9636930101431954e-05
-3.9075318247829207e-05
-3.8550101239628079e-05
-3.7948548568782369e-05
0.0000000000000000e+00
];
