%Vec Object:dSdr_b_aug_3870 1 MPI processes
%  type: seq
dSdr_b_aug_3870 = [
2.3550854494701180e+03
0.0000000000000000e+00
-1.0759609537096559e-06
-4.4219579196697319e-07
-2.7286401239120361e-07
-1.9272331121302067e-07
-1.4415572715057030e-07
-1.1414218948931091e-07
-9.3801652809207371e-08
-7.8486362810746819e-08
-6.7116402462361516e-08
-5.8401526505216981e-08
-5.1308765762678744e-08
-4.5564412181365738e-08
-4.0855498769290951e-08
-3.6886403362869275e-08
-3.3496576459273635e-08
-3.0604606027816630e-08
-2.8104570136999888e-08
-2.5903229653943195e-08
-1.6229505987398510e-07
-3.4716697040824220e-04
-6.8980619883632778e-04
-6.5344520315431824e-04
-6.0985310515046542e-04
-5.6775500088203335e-04
-5.2741384116922619e-04
-4.8668289593728492e-04
-4.4490737000459519e-04
-4.0028414286237443e-04
-3.6102040068079294e-04
-3.2329606284360970e-04
-2.8769264586912840e-04
-2.5015061249903075e-04
-2.1961786666622489e-04
-1.9304617482038164e-04
-1.6980485315909542e-04
-1.4785501717892827e-04
-1.3122968871980727e-04
-1.1861922031917776e-04
-1.0865993065119348e-04
-1.0062857730938777e-04
-9.5620135746929576e-05
-9.2561102922554780e-05
-9.0884262507340104e-05
-9.0479441492396948e-05
-9.0960758679317134e-05
-9.1965313081740225e-05
-9.3421239477374290e-05
-9.5386993838641630e-05
-9.7116294068088155e-05
-9.8930050957910258e-05
-1.0077501449918341e-04
-1.0254842369887166e-04
-1.0403235109239604e-04
-1.0535754054615088e-04
-1.0662568849975590e-04
-1.0764521335545871e-04
-1.0847803486770859e-04
-1.0914418149821183e-04
-1.0973909484268822e-04
-1.1012286253072635e-04
-1.1034344388822481e-04
-1.1051126101586459e-04
-1.1057830195878531e-04
-1.1051011872501309e-04
-1.1037862393854781e-04
-1.1018712016760111e-04
-1.0990707795320946e-04
-1.0956915785807662e-04
-1.0921058540458179e-04
-1.0880160369592710e-04
-1.0835868566581717e-04
-1.0785049615297765e-04
-1.0735320055026505e-04
-1.0682870623530526e-04
-1.0625582188614923e-04
-1.0570681868072040e-04
-1.0514736331231849e-04
-1.0451201195004759e-04
-1.0392445103649276e-04
-1.0333372394789781e-04
-1.0268462284825632e-04
-1.0208557674033235e-04
-1.0149030626616956e-04
-1.0079836359608718e-04
-1.0020012609007573e-04
-9.9582702184382169e-05
-9.8911822731820987e-05
-9.8315220616954294e-05
-9.7682320439175646e-05
-9.7015724701047387e-05
-9.6416059817076510e-05
-9.5762520180121737e-05
-9.5133309101557391e-05
-9.4544243392337529e-05
-9.3863509245344928e-05
-9.3263915599429056e-05
-9.2663326381579346e-05
-9.1971762205896317e-05
-9.1414949481145484e-05
-9.0784713811123643e-05
-9.0143055041421881e-05
-8.9586056353887261e-05
-8.8903180649993715e-05
-8.8328525143422819e-05
-8.7747209637058430e-05
-8.7088710678244190e-05
-8.6541861549003374e-05
-8.5906847204331063e-05
-8.5304942460919563e-05
-8.4752472251960252e-05
-8.4101842851427337e-05
-8.3560016955412205e-05
-8.2946202737088837e-05
-8.2366627221744842e-05
-8.1792620367263858e-05
-8.1183916859602087e-05
-8.0647502001682169e-05
-8.0016538857483171e-05
-7.9488444099135255e-05
-7.8897039229028893e-05
-7.8312956368488450e-05
-7.7793945274956582e-05
-7.7153166598263476e-05
-7.6658780663757431e-05
-7.6045536910293793e-05
-7.5515437729376019e-05
-7.4952044529888806e-05
-7.4387392717780473e-05
-7.3846485071840955e-05
-7.3274586377408709e-05
-7.2762917397599841e-05
-7.2159209694482805e-05
-7.1675070196791367e-05
-7.1072544552456689e-05
-7.0568219490633249e-05
-7.0005792927927329e-05
-6.9471190066842242e-05
-6.8938002310319277e-05
-6.8396435462453898e-05
-6.7871668671815605e-05
-6.7326260275656834e-05
-6.6812812945237423e-05
-6.6247957249289171e-05
-6.5768329940811961e-05
-6.5181384608107350e-05
-6.4716957271702873e-05
-6.4136521322760674e-05
-6.3666442946047052e-05
-6.3092983165578083e-05
-6.2623861808612538e-05
-6.2043361550969694e-05
-6.1591569512317135e-05
-6.1004482064627549e-05
-6.0554600999906576e-05
-5.9979815587745427e-05
-5.9520548529835268e-05
-5.8954404722088801e-05
-5.8489990691004806e-05
-5.7924757968169908e-05
-5.7469078830390229e-05
-5.6902943346656492e-05
-5.6438797652304983e-05
-5.5898544224282812e-05
-5.5408512522083911e-05
-5.4895851656743916e-05
-5.4386301494872542e-05
-5.3882330703420462e-05
-5.3368579005741201e-05
-5.2873593608540401e-05
-5.2348071777844777e-05
-5.1875954704711887e-05
-5.1323276169901146e-05
-5.0867315882266199e-05
-5.0314475124426605e-05
-4.9844513497210450e-05
-4.9319461686117729e-05
-4.8814811091532720e-05
-4.8326874415347683e-05
-4.7787251822210872e-05
-4.7326722948071749e-05
-4.6767146572994411e-05
-4.6295600898092260e-05
-4.5772155114714742e-05
-4.5268292320901617e-05
-4.4771675385720937e-05
-4.4239949326658436e-05
-4.3768435532253564e-05
-4.3210030761195032e-05
-4.2729213288592710e-05
-4.2205750830706839e-05
-4.1687962837163063e-05
-4.1199912119091251e-05
-4.0640987459985440e-05
-4.0152336318195120e-05
-3.9627779874923983e-05
-3.9099888008021445e-05
-3.8605276536548848e-05
-3.8037933314504168e-05
0.0000000000000000e+00
];
