%Vec Object:dSdr_b_aug_1520 1 MPI processes
%  type: seq
dSdr_b_aug_1520 = [
2.4333977823857458e+03
0.0000000000000000e+00
-1.8774576309135668e-06
-7.6777346173842263e-07
-4.6970815338216524e-07
-3.3033501145645016e-07
-2.4755378466286435e-07
-1.9643569015910928e-07
-1.6179133248777815e-07
-1.3558288457687735e-07
-1.1612876468077056e-07
-1.0122168727823977e-07
-8.9071873447302662e-08
-7.9229667555144267e-08
-7.1162417267979985e-08
-6.4360258287596827e-08
-5.8548332255703764e-08
-5.3590304989405074e-08
-4.9304161354343810e-08
-4.5522803621578363e-08
-4.2210332717467100e-08
-3.9289087732226485e-08
-3.6663328543849542e-08
-3.4530519872042656e-08
-7.4256202721927163e-07
-2.4419213340519738e-04
-5.4099691994178212e-04
-5.0904938051085310e-04
-4.6622141086066928e-04
-4.2000410864245021e-04
-3.7931879950453437e-04
-3.4024892425824408e-04
-3.0339230812039404e-04
-2.6454270943889656e-04
-2.3295313246565465e-04
-2.0546783627510304e-04
-1.8142982389522381e-04
-1.5872625983227647e-04
-1.4152953314147950e-04
-1.2848321390496003e-04
-1.1817051852885388e-04
-1.0984589774925744e-04
-1.0464319361902479e-04
-1.0145045145994897e-04
-9.9682358501012038e-05
-9.9222258386153083e-05
-9.9676267772753893e-05
-1.0066889780042900e-04
-1.0212582852037416e-04
-1.0409869907953656e-04
-1.0583311997095244e-04
-1.0765487286125923e-04
-1.0950403818011418e-04
-1.1127615428050152e-04
-1.1275466458109554e-04
-1.1406783864872953e-04
-1.1531549736176834e-04
-1.1631149626571855e-04
-1.1711689768856341e-04
-1.1774831748779491e-04
-1.1830251358822241e-04
-1.1864485627997052e-04
-1.1881936383991129e-04
-1.1893183462045206e-04
-1.1894817941406332e-04
-1.1882616834024160e-04
-1.1863497901017140e-04
-1.1838191832963634e-04
-1.1804216947279161e-04
-1.1764115497322752e-04
-1.1721534732553073e-04
-1.1674425119043296e-04
-1.1623894493512019e-04
-1.1565680878518056e-04
-1.1509576951889695e-04
-1.1450791675467913e-04
-1.1385992849513952e-04
-1.1324750758901546e-04
-1.1262487370383069e-04
-1.1191257145385245e-04
-1.1126140935316579e-04
-1.1060638192522856e-04
-1.0988250501013946e-04
-1.0922020849712596e-04
-1.0856123092988080e-04
-1.0779382218672256e-04
-1.0713258866131901e-04
-1.0645064378971858e-04
-1.0570742139069748e-04
-1.0504886828774970e-04
-1.0435043176651047e-04
-1.0361320477484287e-04
-1.0295212165887496e-04
-1.0223121207966770e-04
-1.0153572380189358e-04
-1.0088629388376934e-04
-1.0013600023036020e-04
-9.9472778748505337e-05
-9.8811667053587469e-05
-9.8049239573290415e-05
-9.7432767918271044e-05
-9.6739764788753347e-05
-9.6031387256589524e-05
-9.5415539978665955e-05
-9.4664638596210282e-05
-9.4029072808930614e-05
-9.3387557850888766e-05
-9.2662279415701488e-05
-9.2057678745110887e-05
-9.1357065032986848e-05
-9.0693410773406806e-05
-9.0082895604954452e-05
-8.9364588227306416e-05
-8.8766860183437862e-05
-8.8088252295337102e-05
-8.7448689179165431e-05
-8.6815167005315774e-05
-8.6142093654706592e-05
-8.5549666713616543e-05
-8.4853114152677174e-05
-8.4267834612821100e-05
-8.3615552978385878e-05
-8.2969775710531817e-05
-8.2393752413724040e-05
-8.1687805250834443e-05
-8.1138730516510640e-05
-8.0460554801919384e-05
-7.9874983333127450e-05
-7.9248948356375374e-05
-7.8625182581867336e-05
-7.8025815686908492e-05
-7.7391458339385303e-05
-7.6824832556724986e-05
-7.6155446769511718e-05
-7.5617846661154873e-05
-7.4950192577785769e-05
-7.4390206989332993e-05
-7.3766006188159954e-05
-7.3172988816846204e-05
-7.2580394087502553e-05
-7.1978647555757057e-05
-7.1396275339316985e-05
-7.0788637397818364e-05
-7.0218695309251403e-05
-6.9590543940755017e-05
-6.9055126309380336e-05
-6.8404244748679268e-05
-6.7884561251982189e-05
-6.7239505286390187e-05
-6.6715580115866451e-05
-6.6075230738597330e-05
-6.5552735749028351e-05
-6.4905030178747376e-05
-6.4400083497968475e-05
-6.3745361227195447e-05
-6.3241937799536459e-05
-6.2600185133304022e-05
-6.2086742363617263e-05
-6.1453654799547804e-05
-6.0933780909160274e-05
-6.0302233759635028e-05
-5.9789869341242446e-05
-5.9158247859859060e-05
-5.8636402669352498e-05
-5.8030876278075510e-05
-5.7482033423924737e-05
-5.6905033153695607e-05
-5.6334544633406570e-05
-5.5767525166770412e-05
-5.5190497291464184e-05
-5.4634059533083344e-05
-5.4042760402646220e-05
-5.3511220466957756e-05
-5.2889417482923619e-05
-5.2375262891480421e-05
-5.1753146414090647e-05
-5.1222915300576439e-05
-5.0630633749931062e-05
-5.0062063043084197e-05
-4.9509498760406283e-05
-4.8902109674755253e-05
-4.8380059128312802e-05
-4.7748259392371166e-05
-4.7215337060570848e-05
-4.6621447227812983e-05
-4.6052236043041340e-05
-4.5488874183644576e-05
-4.4886650209923816e-05
-4.4351534703071834e-05
-4.3718289153497082e-05
-4.3172465567357560e-05
-4.2578458669575266e-05
-4.1990141664513815e-05
-4.1435688777968978e-05
-4.0800056782759913e-05
-4.0244588499093691e-05
-3.9647810754989486e-05
-3.9046616054523582e-05
-3.8485632801645565e-05
-3.7845097690346658e-05
0.0000000000000000e+00
];
