%Vec Object:dSdr_b_aug_3740 1 MPI processes
%  type: seq
dSdr_b_aug_3740 = [
2.3592766448044877e+03
0.0000000000000000e+00
-1.1092927131930471e-06
-4.5654085355237889e-07
-2.8208845191477668e-07
-1.9956109977159901e-07
-1.4956660903723495e-07
-1.1867003147465553e-07
-9.7729356585548247e-08
-8.1947747066353089e-08
-7.0230393348144753e-08
-6.1249219515678378e-08
-5.3934942865401460e-08
-4.8009940785974788e-08
-4.3152752220351396e-08
-3.9057358837064334e-08
-3.5558286242540716e-08
-3.2572995978013389e-08
-2.9992029599431043e-08
-2.7715377286238213e-08
-4.4032876952980928e-08
-1.5597304855216625e-04
-6.8848134453217906e-04
-6.5446815567485295e-04
-6.1085316292904652e-04
-5.6869593536076901e-04
-5.2829846993385275e-04
-4.8751137507660426e-04
-4.4567927865829250e-04
-4.0099720328517797e-04
-3.6168196636315159e-04
-3.2390897221552611e-04
-2.8826024623759312e-04
-2.5067093948509989e-04
-2.2009998539105512e-04
-1.9349526348108281e-04
-1.7022513861102674e-04
-1.4824805268495123e-04
-1.3160206614801985e-04
-1.1897584018428612e-04
-1.0900377363355328e-04
-1.0096181761765027e-04
-9.5946352747856186e-05
-9.2882485823579346e-05
-9.1202346267597859e-05
-9.0795526675382127e-05
-9.1275856545401253e-05
-9.2279979796955675e-05
-9.3735942460736727e-05
-9.5701954056844063e-05
-9.7431439379279497e-05
-9.9245485317821239e-05
-1.0109060073525920e-04
-1.0286396315407477e-04
-1.0434769467229558e-04
-1.0567244970091687e-04
-1.0693985687083180e-04
-1.0795853115682923e-04
-1.0879036131399544e-04
-1.0945525242600504e-04
-1.1004869367812471e-04
-1.1043096368737520e-04
-1.1064987923634296e-04
-1.1081569535906836e-04
-1.1088090344541003e-04
-1.1081077413389734e-04
-1.1067712116769556e-04
-1.1048339188618410e-04
-1.1020119105549556e-04
-1.0986098986464802e-04
-1.0949998661124888e-04
-1.0908875923720775e-04
-1.0864358564314391e-04
-1.0813272268851269e-04
-1.0763312251833076e-04
-1.0710633756297634e-04
-1.0653073793306582e-04
-1.0597944194545621e-04
-1.0541770244238849e-04
-1.0477956902498731e-04
-1.0418970869599463e-04
-1.0359665691523467e-04
-1.0294485239750021e-04
-1.0234351955654104e-04
-1.0174594583852841e-04
-1.0105127479541288e-04
-1.0045075975360306e-04
-9.9831003179930643e-05
-9.9157508266847988e-05
-9.8558666398069228e-05
-9.7923396843025581e-05
-9.7254247527545120e-05
-9.6652362149557408e-05
-9.5996386843064750e-05
-9.5364779601625420e-05
-9.4773531505430497e-05
-9.4090282528649620e-05
-9.3488388504118128e-05
-9.2885611177653100e-05
-9.2191485035472776e-05
-9.1632515422538396e-05
-9.1000010483820222e-05
-9.0355939595518291e-05
-8.9796813324384626e-05
-8.9111478252446781e-05
-8.8534620625014044e-05
-8.7951128696933697e-05
-8.7290215425096259e-05
-8.6741278375088187e-05
-8.6103892382786304e-05
-8.5499755177820711e-05
-8.4945186440392104e-05
-8.4292110243490943e-05
-8.3748263289648288e-05
-8.3132106553292695e-05
-8.2550362276700081e-05
-8.1974203735806652e-05
-8.1363173033500722e-05
-8.0824733144061950e-05
-8.0191398713686828e-05
-7.9661236526953590e-05
-7.9067630750340840e-05
-7.8481317422791349e-05
-7.7960245140856933e-05
-7.7317110397323111e-05
-7.6820747274268574e-05
-7.6205156005689073e-05
-7.5673051310967267e-05
-7.5107393395217915e-05
-7.4540604410376906e-05
-7.3997583262222174e-05
-7.3423426473176142e-05
-7.2909770617837706e-05
-7.2303688426969336e-05
-7.1817616147200569e-05
-7.1212735887627088e-05
-7.0706398509807317e-05
-7.0141738599118422e-05
-6.9605023856743467e-05
-6.9069688338402471e-05
-6.8525945793049251e-05
-6.7999096374178248e-05
-6.7451438171967001e-05
-6.6935948369270263e-05
-6.6368804324489918e-05
-6.5887160013012864e-05
-6.5297903174884242e-05
-6.4831478149078331e-05
-6.4248705975198967e-05
-6.3776680864830343e-05
-6.3200802808085002e-05
-6.2729751826281111e-05
-6.2146821880727196e-05
-6.1693108137142355e-05
-6.1103575476243618e-05
-6.0651758692263568e-05
-6.0074552205355092e-05
-5.9613326534180276e-05
-5.9044762505287127e-05
-5.8578343438854152e-05
-5.8010713252354458e-05
-5.7552984781098675e-05
-5.6984481790362043e-05
-5.6518250101532552e-05
-5.5975636875437254e-05
-5.5483478996594305e-05
-5.4968492093207565e-05
-5.4456738858526765e-05
-5.3950488704416233e-05
-5.3434449425690216e-05
-5.2937242392069773e-05
-5.2409342571588270e-05
-5.1935077253088309e-05
-5.1379899737754323e-05
-5.0921835644403998e-05
-5.0366490463953643e-05
-4.9894350036808438e-05
-4.9366867808168859e-05
-4.8859906473425606e-05
-4.8369633505205851e-05
-4.7827561172055752e-05
-4.7364808367164923e-05
-4.6802621207976684e-05
-4.6328856951861903e-05
-4.5802864843770457e-05
-4.5296640043700658e-05
-4.4797610731212935e-05
-4.4263336769135229e-05
-4.3789524598135111e-05
-4.3228415410367001e-05
-4.2745249473656480e-05
-4.2219238910437654e-05
-4.1698904255705666e-05
-4.1208457485997675e-05
-4.0646766638557809e-05
-4.0155711341336323e-05
-3.9628564796723686e-05
-3.9098067447382800e-05
-3.8601182207057024e-05
-3.8031863111918067e-05
0.0000000000000000e+00
];
