%Vec Object:dSdr_b_aug_7940 1 MPI processes
%  type: seq
dSdr_b_aug_7940 = [
2.2946720804622828e+03
0.0000000000000000e+00
-7.2236342815943125e-07
-2.9891063245568153e-07
-1.8617284111496933e-07
-1.3239639644548782e-07
-9.9329862216271128e-08
-7.8881345057796894e-08
-6.5020804485426285e-08
-5.4601342874676103e-08
-4.6863087540160413e-08
-4.0930279705973271e-08
-3.6100180018427854e-08
-3.2187067453682725e-08
-2.8978628035986673e-08
-2.6272979578266306e-08
-2.3960887043964093e-08
-2.2510495430880482e-08
-6.3326830615223964e-05
-7.8264795945779710e-04
-7.4393054856223672e-04
-7.0502780542558180e-04
-6.6690177334948397e-04
-6.2891772886825026e-04
-5.8675182807971379e-04
-5.4603912405313507e-04
-5.0699805604685036e-04
-4.6756297853326817e-04
-4.2709300846877654e-04
-3.8382790285797176e-04
-3.4575257548131078e-04
-3.0915114627487640e-04
-2.7459338766048282e-04
-2.3814234781353361e-04
-2.0849138708466954e-04
-1.8268197596361325e-04
-1.6010538610017103e-04
-1.3878443538145634e-04
-1.2263586244501976e-04
-1.1038905338388847e-04
-1.0072463355082417e-04
-9.2937972644685599e-05
-8.8091617069274090e-05
-8.5144146573671220e-05
-8.3543443914564690e-05
-8.3184745574988841e-05
-8.3688847104977028e-05
-8.4703350434688204e-05
-8.6158438486969198e-05
-8.8118254962583881e-05
-8.9843282348556685e-05
-9.1650367325145918e-05
-9.3491824742581619e-05
-9.5266312576874952e-05
-9.6754759550672184e-05
-9.8089973995755132e-05
-9.9375217250701630e-05
-1.0041437115463959e-04
-1.0127007086676375e-04
-1.0196519220797313e-04
-1.0259407846864182e-04
-1.0301240960946818e-04
-1.0327143311750117e-04
-1.0348542905967007e-04
-1.0359476886698058e-04
-1.0357149748860755e-04
-1.0348980954855094e-04
-1.0334966652965284e-04
-1.0311944127975122e-04
-1.0283416479297360e-04
-1.0253169089071328e-04
-1.0217453514798723e-04
-1.0178367154092393e-04
-1.0133718040367428e-04
-1.0089307017000915e-04
-1.0042143982221219e-04
-9.9911219458255252e-05
-9.9415129668827714e-05
-9.8908388155557632e-05
-9.8337241850760031e-05
-9.7802747464545658e-05
-9.7265670256647355e-05
-9.6678959423087633e-05
-9.6132687175330860e-05
-9.5590571610224483e-05
-9.4961595146104044e-05
-9.4415919261184883e-05
-9.3852329343662214e-05
-9.3241810276586045e-05
-9.2696897854689368e-05
-9.2118678871385771e-05
-9.1511015370306277e-05
-9.0962595706295897e-05
-9.0365267195490823e-05
-8.9791355496522012e-05
-8.9252655571021763e-05
-8.8629959451896290e-05
-8.8083454651273122e-05
-8.7533363274569975e-05
-8.6900924975576234e-05
-8.6393889580220235e-05
-8.5816024934674422e-05
-8.5230034065577733e-05
-8.4722136675998691e-05
-8.4096019321915259e-05
-8.3572185319866568e-05
-8.3041098227910093e-05
-8.2438317833946932e-05
-8.1939654668835001e-05
-8.1359374248824061e-05
-8.0808991246436566e-05
-8.0304951824008725e-05
-7.9710790673871205e-05
-7.9215607678731478e-05
-7.8655855146028206e-05
-7.8126331297886196e-05
-7.7601982056977329e-05
-7.7046986614025186e-05
-7.6557306392420366e-05
-7.5981068888271908e-05
-7.5500687229792962e-05
-7.4960075927730182e-05
-7.4427468850409394e-05
-7.3956026870406583e-05
-7.3369622636616861e-05
-7.2920867251954685e-05
-7.2361800598096600e-05
-7.1877985689740255e-05
-7.1366858743642596e-05
-7.0851529700219617e-05
-7.0359398555738985e-05
-6.9839613333168751e-05
-6.9373798540266912e-05
-6.8824890501644528e-05
-6.8385356826946873e-05
-6.7837172251087439e-05
-6.7379288557005865e-05
-6.6868404441571187e-05
-6.6382540790217866e-05
-6.5898920325389016e-05
-6.5407565499987758e-05
-6.4930862864866814e-05
-6.4437376839183779e-05
-6.3971066974989182e-05
-6.3459023205883019e-05
-6.3025945622020846e-05
-6.2492346692606017e-05
-6.2074023411839486e-05
-6.1547504416004637e-05
-6.1122354189435053e-05
-6.0604705045313952e-05
-6.0180117073068494e-05
-5.9655690901743332e-05
-5.9248249557428209e-05
-5.8717594597062851e-05
-5.8312387760824941e-05
-5.7793477875373340e-05
-5.7379413530808020e-05
-5.6869125686773320e-05
-5.6450985864737031e-05
-5.5941084066282620e-05
-5.5532701642240283e-05
-5.5021205932664578e-05
-5.4605203246960030e-05
-5.4119411917194752e-05
-5.3678450836732940e-05
-5.3219473229698002e-05
-5.2760768662155393e-05
-5.2309404300865556e-05
-5.1848448922761285e-05
-5.1404738188538912e-05
-5.0934099692854263e-05
-5.0511564118085088e-05
-5.0016561881476151e-05
-4.9609158260880365e-05
-4.9114120294170381e-05
-4.8694447116950023e-05
-4.8225491367253614e-05
-4.7774175624680685e-05
-4.7340164383234906e-05
-4.6857086555210396e-05
-4.6447892353998641e-05
-4.5948580305142604e-05
-4.5528249399964963e-05
-4.5063584684792320e-05
-4.4614252252595213e-05
-4.4173332109212187e-05
-4.3700435825471115e-05
-4.3281999915501067e-05
-4.2786053505026208e-05
-4.2359492664206386e-05
-4.1894913797918961e-05
-4.1436005475395109e-05
-4.1003405326436565e-05
-4.0508554029240324e-05
-4.0075769032805412e-05
-3.9611682383351076e-05
-3.9145400050501723e-05
-3.8707424928346240e-05
-3.8207831993627932e-05
0.0000000000000000e+00
];
