%Vec Object:dSdr_b_aug_3830 1 MPI processes
%  type: seq
dSdr_b_aug_3830 = [
2.3565706316254063e+03
0.0000000000000000e+00
-1.0874333913901206e-06
-4.4704028192229016e-07
-2.7592117643997366e-07
-1.9494893659924014e-07
-1.4588812179915849e-07
-1.1556967971424728e-07
-9.5022152184920657e-08
-7.9547362223479777e-08
-6.8058760346974491e-08
-5.9252982114886787e-08
-5.2085128752794716e-08
-4.6279694102120870e-08
-4.1520691425271231e-08
-3.7509092210939280e-08
-3.4082665188621258e-08
-3.1159462837541178e-08
-2.8632387323774085e-08
-2.6405350985389267e-08
-9.2418144471748244e-08
-2.7411451285656467e-04
-6.8955287624909711e-04
-6.5375700151350084e-04
-6.1015555987155312e-04
-5.6803952200230727e-04
-5.2768133487418589e-04
-4.8693341107299562e-04
-4.4514077937659165e-04
-4.0049975772995865e-04
-3.6122044458971757e-04
-3.2348139407692883e-04
-2.8786427658397429e-04
-2.5030794870654080e-04
-2.1976364947430820e-04
-1.9318197001019904e-04
-1.6993193884542803e-04
-1.4797386303639251e-04
-1.3134228799534405e-04
-1.1872705482894656e-04
-1.0876390169245912e-04
-1.0072934231874395e-04
-9.5718777052558699e-05
-9.2658282496552239e-05
-9.0980444490317111e-05
-9.0575019148476119e-05
-9.1056037793107054e-05
-9.2060461826494496e-05
-9.3516399191045146e-05
-9.5482231337020224e-05
-9.7211587536746917e-05
-9.9025431830841371e-05
-1.0087044129809186e-04
-1.0264383635379767e-04
-1.0412770452009548e-04
-1.0545276261389981e-04
-1.0672068657089707e-04
-1.0773995423284249e-04
-1.0857247598062147e-04
-1.0923824296895270e-04
-1.0983271118368624e-04
-1.1021602600509753e-04
-1.1043610364883227e-04
-1.1060331572219059e-04
-1.1066980244742157e-04
-1.1060103076014120e-04
-1.1046888338482154e-04
-1.1027670666551971e-04
-1.0999601173020132e-04
-1.0965740187883738e-04
-1.0929809440159811e-04
-1.0888843365006953e-04
-1.0844483358394370e-04
-1.0793583567733445e-04
-1.0743784322090411e-04
-1.0691265626346906e-04
-1.0633895086925111e-04
-1.0578925437367998e-04
-1.0522910832995828e-04
-1.0459291573136899e-04
-1.0400465952187719e-04
-1.0341322949416368e-04
-1.0276331093640830e-04
-1.0216357336741165e-04
-1.0156760643962737e-04
-1.0087483876552909e-04
-1.0027591257947985e-04
-9.9657783322882224e-05
-9.8986113008719357e-05
-9.8388833638255886e-05
-9.7755217009415769e-05
-9.7087849121872289e-05
-9.6487512806080924e-05
-9.5833236672613909e-05
-9.5203301043539465e-05
-9.4613575425275649e-05
-9.3932080845305325e-05
-9.3331791612070563e-05
-9.2730540755050833e-05
-9.2038201893195997e-05
-9.1480736969688927e-05
-9.0849815119126639e-05
-9.0207426973782596e-05
-8.9649784948179448e-05
-8.8966165581360772e-05
-8.8390844198164010e-05
-8.7808870586062547e-05
-8.7149641588025114e-05
-8.6602161113916826e-05
-8.5966429631152930e-05
-8.5363849836671632e-05
-8.4810745075270940e-05
-8.4159375813178854e-05
-8.3616938790245066e-05
-8.3002416241987834e-05
-8.2422184937208239e-05
-8.1847527456363489e-05
-8.1238120252220627e-05
-8.0701093065773944e-05
-8.0069412892691603e-05
-7.9540692985848542e-05
-7.8948622606172270e-05
-7.8363865297559226e-05
-7.7844230942341770e-05
-7.7202739838718186e-05
-7.6707756042342822e-05
-7.6093802447790458e-05
-7.5563096839988009e-05
-7.4999018836073155e-05
-7.4433720786072101e-05
-7.3892174059707026e-05
-7.3319592563039361e-05
-7.2807322792095539e-05
-7.2202897091791149e-05
-7.1718173159678877e-05
-7.1114935527150604e-05
-7.0610001981428046e-05
-7.0046900099224701e-05
-6.9511658647666971e-05
-6.8977821451104716e-05
-6.8435596715988814e-05
-6.7910200180314103e-05
-6.7364111487921733e-05
-6.6850046554735922e-05
-6.6284498907922995e-05
-6.5804261697994433e-05
-6.5216617412252733e-05
-6.4751586014343162e-05
-6.4170443637584653e-05
-6.3699776607236826e-05
-6.3125585588187983e-05
-6.2655880750822035e-05
-6.2074645803816540e-05
-6.1622272679442543e-05
-6.1034445847696197e-05
-6.0583979459440805e-05
-6.0008461962018910e-05
-5.9548602657692460e-05
-5.8981727022582249e-05
-5.8516706707757588e-05
-5.7950749038695421e-05
-5.7494450222048162e-05
-5.6927598850056314e-05
-5.6462822390954485e-05
-5.5921855405329261e-05
-5.5431180787683420e-05
-5.4917816572632878e-05
-5.4407600242957697e-05
-5.3902940214910295e-05
-5.3388496795209738e-05
-5.2892839615924320e-05
-5.2366598724619538e-05
-5.1893832060445561e-05
-5.1340397878802442e-05
-5.0883801436568294e-05
-5.0330203384907251e-05
-4.9859582924737531e-05
-4.9333796195576676e-05
-4.8828446869743067e-05
-4.8339803734545721e-05
-4.7799440376254466e-05
-4.7338239015155263e-05
-4.6777873173862211e-05
-4.6305656623988626e-05
-4.5781440858729095e-05
-4.5276863812345768e-05
-4.4779517387188830e-05
-4.4247020849624861e-05
-4.3774812017732952e-05
-4.3215589415574642e-05
-4.2734061724037686e-05
-4.2209828648885297e-05
-4.1691270428303412e-05
-4.1202494950644112e-05
-4.0642733482704649e-05
-4.0153354769663977e-05
-3.9628014035049382e-05
-3.9099331984662687e-05
-3.8604026389866792e-05
-3.8036050654609169e-05
0.0000000000000000e+00
];
