%Vec Object:dSdr_b_aug_5380 1 MPI processes
%  type: seq
dSdr_b_aug_5380 = [
2.3252690211000254e+03
0.0000000000000000e+00
-8.8239362903979222e-07
-3.6443453121891070e-07
-2.2629909897223756e-07
-1.6064762247959522e-07
-1.2053960433888156e-07
-9.5743320457229518e-08
-7.8935908707198657e-08
-6.6283866989419533e-08
-5.6888342732763196e-08
-4.9685708475468312e-08
-4.3819778941016679e-08
-3.9067390122211304e-08
-3.5171023644253705e-08
-3.1885127479402610e-08
-2.9077045772267093e-08
-2.6681026939308565e-08
-2.4648309752028242e-08
-3.3073716862202488e-06
-6.9395157876548784e-04
-7.1965882708480968e-04
-6.8129426031690024e-04
-6.4257054252597485e-04
-5.9958375014275325e-04
-5.5810086911268944e-04
-5.1833766545286524e-04
-4.7818281887403250e-04
-4.3698769945105112e-04
-3.9296824780276490e-04
-3.5423283517377688e-04
-3.1700770503085180e-04
-2.8186915285909444e-04
-2.4481213879147756e-04
-2.1467140518252126e-04
-1.8843859790340379e-04
-1.6549279381267908e-04
-1.4382253923048792e-04
-1.2740916027433022e-04
-1.1496036256480718e-04
-1.0513216208357017e-04
-9.7209590740939751e-05
-9.2273207119654952e-05
-8.9263771115189120e-05
-8.7620778947137388e-05
-8.7236462485302282e-05
-8.7727908789198662e-05
-8.8736886116843461e-05
-9.0192439782027357e-05
-9.2155554331427590e-05
-9.3882954972918851e-05
-9.5693745758479269e-05
-9.7537150696361651e-05
-9.9311039516129354e-05
-1.0079697625220172e-04
-1.0212662256486613e-04
-1.0340237059615301e-04
-1.0443062194339078e-04
-1.0527361440722752e-04
-1.0595264229055240e-04
-1.0656265891945714e-04
-1.0696179242122331e-04
-1.0719946389428240e-04
-1.0738781058432582e-04
-1.0747365619311068e-04
-1.0742543927359076e-04
-1.0731608695095724e-04
-1.0714741645819602e-04
-1.0688952120544625e-04
-1.0657500470333312e-04
-1.0624137179505784e-04
-1.0585543018263450e-04
-1.0543565381315877e-04
-1.0495489334016534e-04
-1.0448124217879060e-04
-1.0398024942044674e-04
-1.0343522338869712e-04
-1.0290974372314570e-04
-1.0237372317630036e-04
-1.0176691524063527e-04
-1.0120294593484525e-04
-1.0063606979349451e-04
-1.0001470532456439e-04
-9.9439120714251062e-05
-9.8867481139210898e-05
-9.8203531143466348e-05
-9.7628660780494023e-05
-9.7035169669812673e-05
-9.6391124430604877e-05
-9.5817501828543829e-05
-9.5208911085239832e-05
-9.4568514653291521e-05
-9.3991631684205569e-05
-9.3363081638172046e-05
-9.2758454818518143e-05
-9.2191780056141099e-05
-9.1536847679591274e-05
-9.0960855562753073e-05
-9.0382715999944463e-05
-8.9717437215985714e-05
-8.9182753830789336e-05
-8.8575800570491286e-05
-8.7958889891520580e-05
-8.7423720002415104e-05
-8.6766077166532240e-05
-8.6214015204767578e-05
-8.5655029575176813e-05
-8.5021301230750763e-05
-8.4495873972986358e-05
-8.3885192504534856e-05
-8.3306192607743331e-05
-8.2775253110170104e-05
-8.2149727609205284e-05
-8.1628637590319298e-05
-8.1038857393223672e-05
-8.0481533178730961e-05
-7.9929602442050551e-05
-7.9344775747531795e-05
-7.8829137549318791e-05
-7.8222503598336519e-05
-7.7715620491928763e-05
-7.7146796747094512e-05
-7.6585598301893962e-05
-7.6087734848834118e-05
-7.5471129234843323e-05
-7.4997029120103857e-05
-7.4407870697122198e-05
-7.3898347959304263e-05
-7.3358190591917951e-05
-7.2815466036837390e-05
-7.2296242795799322e-05
-7.1747512011948901e-05
-7.1256228273540339e-05
-7.0676882672616868e-05
-7.0212573435466928e-05
-6.9634206016881537e-05
-6.9150527237588251e-05
-6.8611014727054006e-05
-6.8098079692385501e-05
-6.7586927899894941e-05
-6.7067683641879733e-05
-6.6564284571186516e-05
-6.6041959128558476e-05
-6.5549467542996295e-05
-6.5008090267773696e-05
-6.4549157413913889e-05
-6.3985928112443295e-05
-6.3541997101219916e-05
-6.2985530830977286e-05
-6.2535426011212780e-05
-6.1986777777974132e-05
-6.1537454478588895e-05
-6.0981882889379110e-05
-6.0549807690411256e-05
-5.9987808244438174e-05
-5.9557787852118437e-05
-5.9007842835827544e-05
-5.8568671397289143e-05
-5.8027359288593023e-05
-5.7583517228415521e-05
-5.7042882790039759e-05
-5.6608230194969319e-05
-5.6066385733799531e-05
-5.5623642817100248e-05
-5.5107601423354626e-05
-5.4639384885239554e-05
-5.4150589808577129e-05
-5.3663643905123609e-05
-5.3183060181342672e-05
-5.2692779970378204e-05
-5.2220589582732460e-05
-5.1719467057418576e-05
-5.1269392270824676e-05
-5.0742354701321567e-05
-5.0307981096394153e-05
-4.9780837540708067e-05
-4.9333232491827524e-05
-4.8833119131060321e-05
-4.8352179447352648e-05
-4.7888216237918108e-05
-4.7373731581560734e-05
-4.6936024414760929e-05
-4.6403239577711811e-05
-4.5954462315795964e-05
-4.5457148676730367e-05
-4.4977528314565578e-05
-4.4505672379501274e-05
-4.4000100157392971e-05
-4.3552183123697330e-05
-4.3021545392319191e-05
-4.2564848789364187e-05
-4.2067564260880393e-05
-4.1575952557929095e-05
-4.1112553834765364e-05
-4.0582114872667712e-05
-4.0118301327361593e-05
-3.9620630301061930e-05
-3.9120133595475284e-05
-3.8650717015173374e-05
-3.8113582511695102e-05
0.0000000000000000e+00
];
