%Vec Object:dSdr_b_aug_6560 1 MPI processes
%  type: seq
dSdr_b_aug_6560 = [
2.3084291994569003e+03
0.0000000000000000e+00
-7.8722603473341423e-07
-3.2438276984951850e-07
-2.0105846212523354e-07
-1.4234281722444752e-07
-1.0639080344173976e-07
-8.4164699964395311e-08
-6.9102175652660795e-08
-5.7787557794404079e-08
-4.9386866618969830e-08
-4.2946892219006224e-08
-3.7709254063773268e-08
-3.3467723715814686e-08
-2.9990503369100725e-08
-2.7060012894930741e-08
-2.4557662011801381e-08
-2.2423447681213776e-08
-1.5149540099324602e-07
-4.9652989426855092e-04
-7.5070220582170528e-04
-7.1256176932054239e-04
-6.7406629739123964e-04
-6.3571091047453978e-04
-5.9313650328210725e-04
-5.5204058703265497e-04
-5.1264021184793511e-04
-4.7284700471824531e-04
-4.3201622800006790e-04
-3.8837578856530002e-04
-3.4997202793863729e-04
-3.1306026892276154e-04
-2.7821352956904240e-04
-2.4146098002458705e-04
-2.1156632696138456e-04
-1.8554625003216088e-04
-1.6278595322211494e-04
-1.4129120218449705e-04
-1.2501087174442046e-04
-1.1266356069418336e-04
-1.0291764973978822e-04
-9.5063364884920450e-05
-9.0172214721972655e-05
-8.7193912512295005e-05
-8.5572168282584360e-05
-8.5200723498689098e-05
-8.5698528425398021e-05
-8.6710282375764415e-05
-8.8165602240969124e-05
-9.0127059847786204e-05
-9.1853268199266076e-05
-9.3662197147322785e-05
-9.5504623624232142e-05
-9.7278813455746555e-05
-9.8766011471219302e-05
-1.0009845546302814e-04
-1.0137897429148782e-04
-1.0241270353082645e-04
-1.0326208063029517e-04
-1.0394919450785937e-04
-1.0456869198521891e-04
-1.0497747113688715e-04
-1.0522587070882313e-04
-1.0542710458242905e-04
-1.0552475459230096e-04
-1.0548907128257477e-04
-1.0539361861849253e-04
-1.0523928143333295e-04
-1.0499528866109166e-04
-1.0469546347295778e-04
-1.0437748605215746e-04
-1.0400600757221227e-04
-1.0360075809040021e-04
-1.0313721585127254e-04
-1.0267840719082578e-04
-1.0219216723898286e-04
-1.0166462891331735e-04
-1.0115391585329502e-04
-1.0063260621989428e-04
-1.0004371605768746e-04
-9.9494556085303666e-05
-9.8942652074010879e-05
-9.8338698922207632e-05
-9.7777841969544252e-05
-9.7221036391610885e-05
-9.6574658440269959e-05
-9.6014456504497553e-05
-9.5435988901494868e-05
-9.4808788497376567e-05
-9.4249590992128159e-05
-9.3656260186503852e-05
-9.3032310034420933e-05
-9.2469728122135270e-05
-9.1856864972638216e-05
-9.1267670607486078e-05
-9.0715051476392310e-05
-9.0076315831070833e-05
-8.9515139272575405e-05
-8.8951092193975879e-05
-8.8302313727844738e-05
-8.7781521752802996e-05
-8.7189183722078859e-05
-8.6587808329591307e-05
-8.6066341179082449e-05
-8.5424537941934420e-05
-8.4886658778062876e-05
-8.4341690432039148e-05
-8.3723511512143919e-05
-8.3211531549123809e-05
-8.2616124720495836e-05
-8.2051503036314254e-05
-8.1534079155730739e-05
-8.0924312293826148e-05
-8.0416238944647851e-05
-7.9841545784042239e-05
-7.9298189526280194e-05
-7.8760116777207761e-05
-7.8190278433079227e-05
-7.7687682504073755e-05
-7.7096320878621425e-05
-7.6602753101630749e-05
-7.6048104354820616e-05
-7.5501271293798916e-05
-7.5016682986836589e-05
-7.4415251687823508e-05
-7.3953885721803831e-05
-7.3379846540336179e-05
-7.2883240385321864e-05
-7.2357668997202293e-05
-7.1828708979922260e-05
-7.1323097828972836e-05
-7.0788910386108066e-05
-7.0310423203849985e-05
-6.9746370580954736e-05
-6.9294509516941731e-05
-6.8731307094371623e-05
-6.8260588734082441e-05
-6.7735460204604433e-05
-6.7236126848280962e-05
-6.6738807827038712e-05
-6.6233576264986536e-05
-6.5743590482304041e-05
-6.5235755042267147e-05
-6.4756418130851179e-05
-6.4229779105480974e-05
-6.3783836902240159e-05
-6.3235495005004868e-05
-6.2804430268821661e-05
-6.2263010624114690e-05
-6.1825443915512380e-05
-6.1292370776812907e-05
-6.0855475417880844e-05
-6.0315552440866132e-05
-5.9895854195210958e-05
-5.9349603376574958e-05
-5.8932050222234172e-05
-5.8397698397111149e-05
-5.7971141676092283e-05
-5.7445417293540193e-05
-5.7014488968116126e-05
-5.6489295725954434e-05
-5.6067842209819284e-05
-5.5541246056788872e-05
-5.5111938386462503e-05
-5.4611095707211134e-05
-5.4156573274179952e-05
-5.3682759548832418e-05
-5.3210003080148157e-05
-5.2744100181496103e-05
-5.2268553779251122e-05
-5.1810672540546698e-05
-5.1324866227811586e-05
-5.0888628053557591e-05
-5.0377686103294976e-05
-4.9956863079069375e-05
-4.9445850406671472e-05
-4.9012279186572106e-05
-4.8527820362230517e-05
-4.8061764611183592e-05
-4.7612850112836209e-05
-4.7114145100380445e-05
-4.6690763542600181e-05
-4.6174796251924471e-05
-4.5740310992855877e-05
-4.5259400788544512e-05
-4.4794997487656423e-05
-4.4338683969868896e-05
-4.3849528275122736e-05
-4.3416422306921514e-05
-4.2903213063244733e-05
-4.2461655550006239e-05
-4.1980800563643529e-05
-4.1505616108835340e-05
-4.1057685763389132e-05
-4.0545118259218572e-05
-4.0096879731820320e-05
-3.9616055706763463e-05
-3.9132691989995230e-05
-3.8678910816466978e-05
-3.8159777262456036e-05
0.0000000000000000e+00
];
