%Vec Object:dSdr_b_aug_8370 1 MPI processes
%  type: seq
dSdr_b_aug_8370 = [
2.2890639672868901e+03
0.0000000000000000e+00
-6.9424433486905067e-07
-2.8633363144241980e-07
-1.7775796617185886e-07
-1.2594934094181514e-07
-9.4104361572277687e-08
-7.4414377191801636e-08
-6.1070769808775646e-08
-5.1056716455896195e-08
-4.3621379118804268e-08
-3.7921091782220896e-08
-3.3286396580642222e-08
-2.9533285025696450e-08
-2.6456382002297350e-08
-2.3863431631263611e-08
-2.1649504606187284e-08
-2.7980615898064648e-08
-2.8639238993502243e-04
-7.8274826372873134e-04
-7.4176398254409632e-04
-7.0295412071396432e-04
-6.6493249871706040e-04
-6.2705056060731283e-04
-5.8499694223317338e-04
-5.4438956753289800e-04
-5.0544725831515606e-04
-4.6611061591449990e-04
-4.2573981676066004e-04
-3.8257787496468197e-04
-3.4459282036819423e-04
-3.0807668804354955e-04
-2.7359835832468633e-04
-2.3723019104788200e-04
-2.0764621128321390e-04
-1.8189470349403895e-04
-1.5936860707950999e-04
-1.3809542717507469e-04
-1.2198306896077672e-04
-1.0976388367997450e-04
-1.0012186233650498e-04
-9.2353788416432023e-05
-8.7519744998093842e-05
-8.4580748856700357e-05
-8.2985829683636267e-05
-8.2630634870172587e-05
-8.3136467134108466e-05
-8.4151726212048641e-05
-8.5606750604858332e-05
-8.7566116057088806e-05
-8.9290818895062404e-05
-9.1097397087754509e-05
-9.2938588195619432e-05
-9.4713157980047310e-05
-9.6201948279205386e-05
-9.7537924242762915e-05
-9.8824466080870948e-05
-9.9865111031743905e-05
-1.0072254859763892e-04
-1.0141987088656698e-04
-1.0205133776177081e-04
-1.0247229437380589e-04
-1.0273423798545569e-04
-1.0295174171486811e-04
-1.0306429458481862e-04
-1.0304443475291800e-04
-1.0296653018571348e-04
-1.0283028857463461e-04
-1.0260384746482154e-04
-1.0232256983149388e-04
-1.0202435722207215e-04
-1.0167113822313664e-04
-1.0128422871337346e-04
-1.0084242423405545e-04
-1.0040235400460194e-04
-9.9934739246593596e-05
-9.9429278887953624e-05
-9.8937208444186179e-05
-9.8434471117182280e-05
-9.7868201877981229e-05
-9.7337738466915120e-05
-9.6804736546020996e-05
-9.6222764924667743e-05
-9.5680501420317179e-05
-9.5142423543144247e-05
-9.4518230039607811e-05
-9.3976546775728612e-05
-9.3417046129155891e-05
-9.2811112082272828e-05
-9.2270126048775932e-05
-9.1696060690162407e-05
-9.1092873725871467e-05
-9.0548346687482841e-05
-8.9955288015516671e-05
-8.9385576898618136e-05
-8.8850702795927064e-05
-8.8232415288132989e-05
-8.7689943155736311e-05
-8.7143687632560961e-05
-8.6515740578480086e-05
-8.6012486306014598e-05
-8.5438599798302840e-05
-8.4856837496188965e-05
-8.4352669870084703e-05
-8.3730863913829891e-05
-8.3210890342978147e-05
-8.2683618630708652e-05
-8.2085070651565623e-05
-8.1590067719822883e-05
-8.1013944920530309e-05
-8.0467475539130169e-05
-7.9967114946575182e-05
-7.9377243157235526e-05
-7.8885603182756917e-05
-7.8329957206403186e-05
-7.7804235310653113e-05
-7.7283658089481372e-05
-7.6732742340908521e-05
-7.6246612107427721e-05
-7.5674531593050620e-05
-7.5197774247055417e-05
-7.4661021251522415e-05
-7.4132324302026776e-05
-7.3664495696577824e-05
-7.3082221774146386e-05
-7.2636932508977060e-05
-7.2081981175648355e-05
-7.1601682043335839e-05
-7.1094525268229080e-05
-7.0582942806321440e-05
-7.0094516748272180e-05
-6.9578690090323444e-05
-6.9116358402168803e-05
-6.8571612972259950e-05
-6.8135467575154224e-05
-6.7591410771864112e-05
-6.7137054783671622e-05
-6.6630085854770427e-05
-6.6147924453782326e-05
-6.5668069140486815e-05
-6.5180528440137429e-05
-6.4707476776183857e-05
-6.4217934793422694e-05
-6.3755205507065441e-05
-6.3247173350814117e-05
-6.2817631698118990e-05
-6.2288084979012295e-05
-6.1873263774446210e-05
-6.1350840326366326e-05
-6.0929102851343157e-05
-6.0415693098391773e-05
-5.9994487888808132e-05
-5.9474321117900344e-05
-5.9070248656376660e-05
-5.8543880317771680e-05
-5.8142066937158663e-05
-5.7627401363086378e-05
-5.7216770614448036e-05
-5.6710725591698640e-05
-5.6296100752784368e-05
-5.5790401888507919e-05
-5.5385612112556631e-05
-5.4878266831066389e-05
-5.4465921072229556e-05
-5.3984266667313099e-05
-5.3547032967857259e-05
-5.3092133116127055e-05
-5.2637290747974549e-05
-5.2189922334750958e-05
-5.1732977322387602e-05
-5.1293161360859616e-05
-5.0826691746548542e-05
-5.0407922313559328e-05
-4.9917301093434300e-05
-4.9513585745396351e-05
-4.9022938377401579e-05
-4.8607084989734831e-05
-4.8142390159666166e-05
-4.7695125571345832e-05
-4.7265210319225457e-05
-4.6786427413396148e-05
-4.6381132336340889e-05
-4.5886397664314578e-05
-4.5469956670956207e-05
-4.5009756535184693e-05
-4.4564565705625019e-05
-4.4127875651571211e-05
-4.3659447285773622e-05
-4.3245042176279129e-05
-4.2753838827582917e-05
-4.2331397653177820e-05
-4.1871289343465927e-05
-4.1416850411356933e-05
-4.0988457794425437e-05
-4.0498466640203642e-05
-4.0069913981146109e-05
-3.9610400117849946e-05
-3.9148753889656308e-05
-3.8714957535559858e-05
-3.8219853593022296e-05
0.0000000000000000e+00
];
