%Vec Object:dSdr_b_aug_700 1 MPI processes
%  type: seq
dSdr_b_aug_700 = [
2.4960996705830780e+03
0.0000000000000000e+00
-3.0152781608711727e-06
-1.2266153374977749e-06
-7.4403085030696102e-07
-5.2097717744484177e-07
-3.9088475256889353e-07
-3.1061207238740084e-07
-2.5621041236459533e-07
-2.1487989013237952e-07
-1.8420560429526814e-07
-1.6070670264964022e-07
-1.4153268275898958e-07
-1.2599792725149164e-07
-1.1326590813267736e-07
-1.0252799636876518e-07
-9.3350584731694165e-08
-8.5521914213211357e-08
-7.8754121785700344e-08
-7.2781745326514271e-08
-6.7550118422984521e-08
-6.2936649186020823e-08
-5.8788948227935409e-08
-5.5081128505891887e-08
-5.1754754044412661e-08
-4.8736002115286823e-08
-4.6000985794499912e-08
-4.8060388251658418e-08
-1.5248835625003101e-06
-1.0788084232361376e-04
-3.5020290912928740e-04
-3.4788851094124160e-04
-3.1461945384437319e-04
-2.7548395311702685e-04
-2.4321290567432766e-04
-2.1505166174673728e-04
-1.9040598252974874e-04
-1.6712262538080082e-04
-1.4948534660144761e-04
-1.3610266278404545e-04
-1.2551710416968534e-04
-1.1696600434824693e-04
-1.1161326772257163e-04
-1.0831725405453685e-04
-1.0647867903605550e-04
-1.0597588158034975e-04
-1.0640879862635117e-04
-1.0739221842609061e-04
-1.0884992530050675e-04
-1.1082829285585220e-04
-1.1256666903880325e-04
-1.1439459821438050e-04
-1.1624700881058098e-04
-1.1801812551275777e-04
-1.1949245073963943e-04
-1.2079634273074663e-04
-1.2202817354183870e-04
-1.2300599878700493e-04
-1.2379021845191292e-04
-1.2439481224206717e-04
-1.2491755490604903e-04
-1.2522789746494673e-04
-1.2536681387948883e-04
-1.2543653073174510e-04
-1.2541371377165850e-04
-1.2525012180673208e-04
-1.2501281971027351e-04
-1.2471220764164793e-04
-1.2432633669263771e-04
-1.2387658314618683e-04
-1.2339883779922362e-04
-1.2287975964110412e-04
-1.2232625986518066e-04
-1.2168700161337801e-04
-1.2107672179509341e-04
-1.2043992605163829e-04
-1.1973392174073242e-04
-1.1907251209487593e-04
-1.1840107423784704e-04
-1.1762932920381632e-04
-1.1692903663581285e-04
-1.1622433866636235e-04
-1.1544269916611149e-04
-1.1473154316629927e-04
-1.1402335333464768e-04
-1.1319764880846028e-04
-1.1248775231050917e-04
-1.1175596648551476e-04
-1.1095686084981867e-04
-1.1025045204200903e-04
-1.0950139022032583e-04
-1.0870960219472749e-04
-1.0800107485369458e-04
-1.0722812350548553e-04
-1.0648143757928236e-04
-1.0578537765489244e-04
-1.0498135086102104e-04
-1.0426897830872140e-04
-1.0356111436119897e-04
-1.0274394659826320e-04
-1.0208138976425471e-04
-1.0133990029196998e-04
-1.0057998422722907e-04
-9.9918677930359935e-05
-9.9115228458060062e-05
-9.8432611049790596e-05
-9.7744593569990785e-05
-9.6967729708928517e-05
-9.6318517468551497e-05
-9.5567229937471869e-05
-9.4855875775985368e-05
-9.4200522384006751e-05
-9.3429935517951425e-05
-9.2789024522905417e-05
-9.2060365205145174e-05
-9.1374463230274868e-05
-9.0694967024983821e-05
-8.9972169645748077e-05
-8.9336474863332927e-05
-8.8589256233118939e-05
-8.7959802999137333e-05
-8.7260495711105425e-05
-8.6567061186056994e-05
-8.5946997522055781e-05
-8.5190709473938761e-05
-8.4599389155087733e-05
-8.3871055276270700e-05
-8.3242633011557519e-05
-8.2568208992101063e-05
-8.1898779332695756e-05
-8.1254254308791614e-05
-8.0571649400534430e-05
-7.9962571057498101e-05
-7.9242450797060364e-05
-7.8663553915974939e-05
-7.7945589965828266e-05
-7.7342608244445620e-05
-7.6670688632822528e-05
-7.6032547768051044e-05
-7.5394062905421530e-05
-7.4745829353121325e-05
-7.4118958679664717e-05
-7.3463250278831281e-05
-7.2849667726027106e-05
-7.2172622375192506e-05
-7.1594108469837055e-05
-7.0893838152796815e-05
-7.0331471047123888e-05
-6.9636498157737211e-05
-6.9070978124863535e-05
-6.8378958676448652e-05
-6.7815234381578463e-05
-6.7115614915819880e-05
-6.6569608152145836e-05
-6.5862640267234359e-05
-6.5317857322225539e-05
-6.4624374799030770e-05
-6.4069083350362012e-05
-6.3384284171359541e-05
-6.2821569728504120e-05
-6.2138797215524031e-05
-6.1582645754093530e-05
-6.0900438982550827e-05
-6.0334023437733940e-05
-5.9678076475873370e-05
-5.9083804722199511e-05
-5.8457105222224820e-05
-5.7839544810295828e-05
-5.7223823412189653e-05
-5.6597918013012193e-05
-5.5994011741440414e-05
-5.5351903385673599e-05
-5.4774463060382723e-05
-5.4099265725075507e-05
-5.3540160283196518e-05
-5.2864533202292222e-05
-5.2287748905089604e-05
-5.1643538011457061e-05
-5.1025595064462183e-05
-5.0423112614578465e-05
-4.9763381412287270e-05
-4.9193813526429071e-05
-4.8506230820557789e-05
-4.7925905549572345e-05
-4.7277610143981978e-05
-4.6657931699773333e-05
-4.6043026447719224e-05
-4.5386363541091276e-05
-4.4802140773591822e-05
-4.4111112654526263e-05
-4.3515112287211572e-05
-4.2866663591422371e-05
-4.2223936521164891e-05
-4.1618292895087531e-05
-4.0923564206492379e-05
-4.0316738804298404e-05
-3.9664640354514055e-05
-3.9007819779281690e-05
-3.8398376856721475e-05
-3.7716275252067256e-05
0.0000000000000000e+00
];
