%Vec Object:dSdr_b_aug_1910 1 MPI processes
%  type: seq
dSdr_b_aug_1910 = [
2.4144225156975490e+03
0.0000000000000000e+00
-1.6349062658189858e-06
-6.6946288366160001e-07
-4.1048576047951281e-07
-2.8900698814591265e-07
-2.1648166305027327e-07
-1.7168781295504198e-07
-1.4132966589276755e-07
-1.1839154551249589e-07
-1.0136431476942612e-07
-8.8315973371412356e-08
-7.7684931243973386e-08
-6.9073532274957440e-08
-6.2014948196150940e-08
-5.6063799876159588e-08
-5.0979552804801638e-08
-4.6642237435327046e-08
-4.2892713456497558e-08
-3.9585147826425222e-08
-3.6687689615194816e-08
-3.4132400171203179e-08
-3.1954622706636749e-08
-7.4923604376717219e-07
-3.0760591314116616e-04
-5.8052288220125723e-04
-5.4583373881992648e-04
-5.0416768331685419e-04
-4.6121028445659764e-04
-4.1534496939620561e-04
-3.7499365306705774e-04
-3.3624162683105818e-04
-2.9968121489296762e-04
-2.6114069464325739e-04
-2.2980093119298500e-04
-2.0253159319174878e-04
-1.7868190303598817e-04
-1.5615650568613710e-04
-1.3909484648493473e-04
-1.2615155397308441e-04
-1.1592239689852788e-04
-1.0766709890463571e-04
-1.0251031474295756e-04
-9.9349178950888383e-05
-9.7602656401694804e-05
-9.7155623276502405e-05
-9.7616087779669867e-05
-9.8611536579129295e-05
-1.0006822997414696e-04
-1.0203941847851829e-04
-1.0377262901418251e-04
-1.0559249187078550e-04
-1.0744066403249245e-04
-1.0921308585492423e-04
-1.1069287670483124e-04
-1.1200889102731220e-04
-1.1326139304744438e-04
-1.1426295307510100e-04
-1.1507483611746787e-04
-1.1571446470612678e-04
-1.1627828561147477e-04
-1.1663042040522533e-04
-1.1681581893753027e-04
-1.1694137253476876e-04
-1.1696970092733394e-04
-1.1686041372374316e-04
-1.1668333503822288e-04
-1.1644482523020246e-04
-1.1611918987781026e-04
-1.1573308968365826e-04
-1.1532317514386058e-04
-1.1486676166647663e-04
-1.1437620278902256e-04
-1.1381154620250045e-04
-1.1326557471349727e-04
-1.1269269866876694e-04
-1.1206246352964080e-04
-1.1146503334923200e-04
-1.1085733365132574e-04
-1.1016322111105242e-04
-1.0952709310846199e-04
-1.0888726504485616e-04
-1.0818106369393176e-04
-1.0753371836108090e-04
-1.0688979997140022e-04
-1.0614023000077758e-04
-1.0549388756689216e-04
-1.0482719425290264e-04
-1.0410107237524941e-04
-1.0345716333366762e-04
-1.0277421838117256e-04
-1.0205368727643741e-04
-1.0140712225539710e-04
-1.0070213764020709e-04
-1.0002231602293982e-04
-9.9387155048099348e-05
-9.8653303928942606e-05
-9.8005122848393873e-05
-9.7358317507942259e-05
-9.6612640753656177e-05
-9.6010271326664895e-05
-9.5332105213586136e-05
-9.4639498701521552e-05
-9.4037562086833967e-05
-9.3302740653646563e-05
-9.2681572873018557e-05
-9.2054287895010481e-05
-9.1344794830234302e-05
-9.0753845500398498e-05
-9.0068738203198689e-05
-8.9419680328103063e-05
-8.8822885858026661e-05
-8.8120576237721795e-05
-8.7536062372282547e-05
-8.6872770446396627e-05
-8.6247387230289720e-05
-8.5627933317816192e-05
-8.4970075743918456e-05
-8.4390888966140294e-05
-8.3709840464723040e-05
-8.3138078290706494e-05
-8.2500186734721381e-05
-8.1868992820339961e-05
-8.1306446093861134e-05
-8.0615903488082864e-05
-8.0079756115544826e-05
-7.9416929047224311e-05
-7.8844470140294472e-05
-7.8233242453604537e-05
-7.7623450061220929e-05
-7.7037901786007048e-05
-7.6418308439474468e-05
-7.5864673364702638e-05
-7.5210812588021020e-05
-7.4685849515033006e-05
-7.4033590515090359e-05
-7.3486761977804388e-05
-7.2877163389992874e-05
-7.2297954055982819e-05
-7.1719401962405807e-05
-7.1131880718822369e-05
-7.0563125284383422e-05
-6.9970197176235526e-05
-6.9413609326750021e-05
-6.8800419800394119e-05
-6.8278189890271705e-05
-6.7642421583080376e-05
-6.7135799538396712e-05
-6.6506018457100448e-05
-6.5994821587490551e-05
-6.5370283574814136e-05
-6.4860405035547703e-05
-6.4228585453894859e-05
-6.3736203452842356e-05
-6.3097468692550966e-05
-6.2606701588065344e-05
-6.1980778624935875e-05
-6.1480141882192709e-05
-6.0862878458700240e-05
-6.0356114133911391e-05
-5.9740242353644241e-05
-5.9241277156337937e-05
-5.8625135207465628e-05
-5.8116928966060933e-05
-5.7526831736224610e-05
-5.6991890588737973e-05
-5.6430098787467512e-05
-5.5874014784386389e-05
-5.5321898661601942e-05
-5.4759827893969785e-05
-5.4217916114100100e-05
-5.3642165276647720e-05
-5.3124671550544193e-05
-5.2519208019240217e-05
-5.2018809184171094e-05
-5.1413067863202590e-05
-5.0897082976921968e-05
-5.0320692881608811e-05
-4.9767231253350257e-05
-4.9229943234092821e-05
-4.8638572315767136e-05
-4.8131063709304471e-05
-4.7516335482617337e-05
-4.6997920599300985e-05
-4.6420681419949295e-05
-4.5866916190804868e-05
-4.5319330163920947e-05
-4.4733768840846850e-05
-4.4213685452046473e-05
-4.3598128132945123e-05
-4.3067667272855927e-05
-4.2490331081467758e-05
-4.1918679375601465e-05
-4.1379913489716573e-05
-4.0762399602867235e-05
-4.0222702738042063e-05
-3.9642955159942030e-05
-3.9058999329342839e-05
-3.8513456213674025e-05
-3.7888897723969693e-05
0.0000000000000000e+00
];
