%Vec Object:dSdr_b_aug_2160 1 MPI processes
%  type: seq
dSdr_b_aug_2160 = [
2.4045098166909515e+03
0.0000000000000000e+00
-1.5247658993837293e-06
-6.2604296765995633e-07
-3.8512110610858029e-07
-2.7190844894692596e-07
-2.0409073455298981e-07
-1.6219646950784100e-07
-1.3380089794511353e-07
-1.1234045119716800e-07
-9.6407501153653234e-08
-8.4196886263109298e-08
-7.4242910589565017e-08
-6.6178041646280926e-08
-5.9566822075856382e-08
-5.3990865927991923e-08
-4.9225096464061496e-08
-4.5159070936204357e-08
-4.1643505584299947e-08
-3.8540529753769954e-08
-3.5822047556718976e-08
-3.3425353804146968e-08
-3.9127032683969080e-08
-3.6304491048250757e-05
-5.9431815489410051e-04
-5.8334937980235345e-04
-5.4289553529666360e-04
-5.0121265829589806e-04
-4.5844661155123575e-04
-4.1279129683691808e-04
-3.7262433963751630e-04
-3.3404656408595157e-04
-2.9764842064008865e-04
-2.5927720492916238e-04
-2.2807428035395521e-04
-2.0092323609100207e-04
-1.7717670165227166e-04
-1.5474889721754905e-04
-1.3776122280352311e-04
-1.2487436435512674e-04
-1.1469096631930343e-04
-1.0647364063827821e-04
-1.0134200959238390e-04
-9.8198186454639499e-05
-9.6463479234932921e-05
-9.6023603580606026e-05
-9.6487603821132268e-05
-9.7484596509014672e-05
-9.8941159782651601e-05
-1.0091142680010730e-04
-1.0264397423880771e-04
-1.0446280170275327e-04
-1.0631042975292807e-04
-1.0808301894613495e-04
-1.0956351114764628e-04
-1.1088108117410160e-04
-1.1213623609787051e-04
-1.1314084222688019e-04
-1.1395627558756503e-04
-1.1460040057587035e-04
-1.1516949352284182e-04
-1.1552699200059391e-04
-1.1571835613874503e-04
-1.1585107595200426e-04
-1.1588596845435102e-04
-1.1578365085463851e-04
-1.1561430139686307e-04
-1.1538376195756100e-04
-1.1506585740271187e-04
-1.1468792665571734e-04
-1.1428671771459297e-04
-1.1383834679910032e-04
-1.1335586593631795e-04
-1.1280078395090088e-04
-1.1226306598101718e-04
-1.1169839357886319e-04
-1.1107788288763787e-04
-1.1048866402330648e-04
-1.0988914467269493e-04
-1.0920499572974689e-04
-1.0857710284662319e-04
-1.0794560043629411e-04
-1.0724908110403427e-04
-1.0660992547608807e-04
-1.0597425587691018e-04
-1.0523445725096874e-04
-1.0459627153708584e-04
-1.0393793239405903e-04
-1.0322117747945768e-04
-1.0258528984854674e-04
-1.0191083053973213e-04
-1.0119944477226942e-04
-1.0056083218676584e-04
-9.9864570636029428e-05
-9.9193330594782165e-05
-9.8565985581041668e-05
-9.7841141032148986e-05
-9.7201198488133976e-05
-9.6562229601923359e-05
-9.5825728234564256e-05
-9.5231083449925474e-05
-9.4561044480000932e-05
-9.3877076734315512e-05
-9.3282759854676635e-05
-9.2556746408152069e-05
-9.1943465311093974e-05
-9.1323974978652412e-05
-9.0623128542725187e-05
-9.0039656902990672e-05
-8.9363043434372437e-05
-8.8721980908547266e-05
-8.8132702121225800e-05
-8.7439155469174197e-05
-8.6861879835447629e-05
-8.6206977417690317e-05
-8.5589361419241591e-05
-8.4977613573692637e-05
-8.4328090631794966e-05
-8.3756156321902582e-05
-8.3083600364016182e-05
-8.2519242499858885e-05
-8.1889233293063512e-05
-8.1266027596787219e-05
-8.0710862836037446e-05
-8.0028758274040102e-05
-7.9499692033428859e-05
-7.8845272384548939e-05
-7.8279996057050100e-05
-7.7676879257323450e-05
-7.7074740970439453e-05
-7.6496762028924751e-05
-7.5885255860500981e-05
-7.5338736623350834e-05
-7.4693379879059644e-05
-7.4175338917938988e-05
-7.3531512783957614e-05
-7.2991891205971074e-05
-7.2390291183337496e-05
-7.1818645397219984e-05
-7.1247785356764773e-05
-7.0668056218394138e-05
-7.0106759574924032e-05
-6.9521888991015948e-05
-6.8972616125683624e-05
-6.8367622169036781e-05
-6.7852616035530801e-05
-6.7225126240884548e-05
-6.6725658812793228e-05
-6.6104244784922830e-05
-6.5600020051034491e-05
-6.4984142961847940e-05
-6.4481175297951537e-05
-6.3858057523987524e-05
-6.3372558048697708e-05
-6.2742580715339141e-05
-6.2258746345156155e-05
-6.1641494378954673e-05
-6.1147872384363630e-05
-6.0539276923514513e-05
-6.0039693627568603e-05
-5.9432408334223587e-05
-5.8940782844137932e-05
-5.8333120129132850e-05
-5.7832384928928106e-05
-5.7250739363283850e-05
-5.6723413210928262e-05
-5.6169952213838653e-05
-5.5621758657169755e-05
-5.5077806236543843e-05
-5.4523928641567899e-05
-5.3989973900608129e-05
-5.3422740113563864e-05
-5.2912940681613839e-05
-5.2316427632302296e-05
-5.1823564063548692e-05
-5.1226792865457452e-05
-5.0718612003446223e-05
-5.0150927189027974e-05
-4.9605742355920602e-05
-4.9076822792160341e-05
-4.8494226821862711e-05
-4.7994684656814561e-05
-4.7389308632231618e-05
-4.6878841629831725e-05
-4.6310724532257841e-05
-4.5765421784381706e-05
-4.5226479302810424e-05
-4.4650047784470060e-05
-4.4138201691637631e-05
-4.3532337499709179e-05
-4.3010297170693994e-05
-4.2442099810422586e-05
-4.1879586737065519e-05
-4.1349427998653683e-05
-4.0741860516938395e-05
-4.0210838538723846e-05
-3.9640484743403566e-05
-3.9066110923352550e-05
-3.8529417205458254e-05
-3.7915697639399116e-05
0.0000000000000000e+00
];
