%Vec Object:dSdr_b_aug_270 1 MPI processes
%  type: seq
dSdr_b_aug_270 = [
2.5715524685900400e+03
0.0000000000000000e+00
-5.5057321307753248e-06
-2.2210837940190867e-06
-1.3305122113979356e-06
-9.2547104448691431e-07
-6.9471060328678283e-07
-5.5248053029571889e-07
-4.5610167216559488e-07
-3.8247048198875485e-07
-3.2783806475732943e-07
-2.8599931290140207e-07
-2.5182275651313857e-07
-2.2413061046383267e-07
-2.0143796317747755e-07
-1.8229740400075078e-07
-1.6593615160800994e-07
-1.5198074007709146e-07
-1.3991726816194054e-07
-1.2927115330734622e-07
-1.1994615494943021e-07
-1.1172358680312736e-07
-1.0433150308799753e-07
-9.7723766560015800e-08
-9.1796161323629715e-08
-8.6417130790732752e-08
-8.1525727300074313e-08
-7.7080212158704792e-08
-7.3012933559585158e-08
-6.9267596852056765e-08
-6.5828676749343303e-08
-6.2660563138188817e-08
-5.9737829537928407e-08
-5.7511231971257723e-08
-6.2446912844927768e-08
-1.4966815243232941e-07
-8.8504651557585086e-07
-4.7926478034230865e-06
-1.9162037905721233e-05
-4.9063671401694435e-05
-7.8944422275993993e-05
-9.5797242602595041e-05
-1.0370677042235040e-04
-1.0732138891485572e-04
-1.0919443311901575e-04
-1.1076848753771901e-04
-1.1240194407441456e-04
-1.1409514150046176e-04
-1.1598231800538453e-04
-1.1822177788703180e-04
-1.2011766765239778e-04
-1.2204400420200765e-04
-1.2395424119909044e-04
-1.2575597154899375e-04
-1.2724408192044280e-04
-1.2854812094025220e-04
-1.2976793142274574e-04
-1.3072837031614546e-04
-1.3149019934182305e-04
-1.3206500312928999e-04
-1.3255210702018568e-04
-1.3282589224704693e-04
-1.3292394261327619e-04
-1.3294443243251880e-04
-1.3287648195129553e-04
-1.3266493428002168e-04
-1.3237442856648673e-04
-1.3201894270356551e-04
-1.3157984223954064e-04
-1.3107383543351495e-04
-1.3053614300392738e-04
-1.2996168258300710e-04
-1.2935255584514875e-04
-1.2864736449977015e-04
-1.2798024867223691e-04
-1.2728696029265263e-04
-1.2651399070889448e-04
-1.2579603552730263e-04
-1.2506826539178520e-04
-1.2422790824346861e-04
-1.2347090654238744e-04
-1.2270887606638102e-04
-1.2186056383741038e-04
-1.2109301150607463e-04
-1.2032801815791631e-04
-1.1943502548653839e-04
-1.1866895950825297e-04
-1.1787964452950014e-04
-1.1701603545021582e-04
-1.1625438897410164e-04
-1.1544689268995301e-04
-1.1459212742166346e-04
-1.1382883742723538e-04
-1.1299581672259663e-04
-1.1219003576831298e-04
-1.1144015301590551e-04
-1.1057410461556911e-04
-1.0980499930740994e-04
-1.0904317144137803e-04
-1.0816281959207617e-04
-1.0744706881432884e-04
-1.0664961407551691e-04
-1.0583020997452318e-04
-1.0511643291807211e-04
-1.0425233014794076e-04
-1.0351540373848996e-04
-1.0277371106426960e-04
-1.0193730508582535e-04
-1.0123660029751744e-04
-1.0042682288856948e-04
-9.9660411498671080e-05
-9.8953303975449818e-05
-9.8122373923849085e-05
-9.7431619417572785e-05
-9.6645188671094258e-05
-9.5905800509440715e-05
-9.5173239232516696e-05
-9.4393048367986065e-05
-9.3707412106729698e-05
-9.2901712577569579e-05
-9.2221272264403009e-05
-9.1467686043030717e-05
-9.0719243567487139e-05
-9.0048346751324447e-05
-8.9233953210400861e-05
-8.8593871389528334e-05
-8.7807642949355033e-05
-8.7129760652104413e-05
-8.6399484103306186e-05
-8.5677347442061531e-05
-8.4980699200260776e-05
-8.4242405122857323e-05
-8.3584326495733462e-05
-8.2805646595578340e-05
-8.2179083535606560e-05
-8.1403050092117865e-05
-8.0750440756522071e-05
-8.0023442420504708e-05
-7.9333218496600134e-05
-7.8641765709308386e-05
-7.7939875308954807e-05
-7.7261643114618896e-05
-7.6550450250731410e-05
-7.5886496582312148e-05
-7.5153016298602513e-05
-7.4524759482616290e-05
-7.3767483233074107e-05
-7.3155849623302905e-05
-7.2403261263585288e-05
-7.1789731517406111e-05
-7.1038073143704330e-05
-7.0426761198349341e-05
-6.9667221508919858e-05
-6.9073822554912008e-05
-6.8306551718266172e-05
-6.7714031124012570e-05
-6.6960841139174150e-05
-6.6357247623760433e-05
-6.5612762248412198e-05
-6.5000601185007668e-05
-6.4258704146087921e-05
-6.3652013940828628e-05
-6.2911421789441151e-05
-6.2293563738979958e-05
-6.1579421926998007e-05
-6.0932717161829649e-05
-6.0248655911990916e-05
-5.9576766643004247e-05
-5.8904835249165592e-05
-5.8222517559948199e-05
-5.7563825755231335e-05
-5.6863076364198928e-05
-5.6232661511714722e-05
-5.5495840472293341e-05
-5.4884857827914088e-05
-5.4147474421274118e-05
-5.3516965238518170e-05
-5.2812825249544009e-05
-5.2137906035526978e-05
-5.1477818737508165e-05
-5.0757686840066723e-05
-5.0133289359159750e-05
-4.9381339512619414e-05
-4.8746322918723178e-05
-4.8035257890920733e-05
-4.7357360963926346e-05
-4.6683002076298748e-05
-4.5963552705068833e-05
-4.5322709425136357e-05
-4.4565064730569203e-05
-4.3911249764578784e-05
-4.3200098424857321e-05
-4.2494757632957778e-05
-4.1830299174768331e-05
-4.1067774564365160e-05
-4.0402350100313930e-05
-3.9687636572802427e-05
-3.8969254445734176e-05
-3.8311326587745257e-05
-3.7620922799363164e-05
0.0000000000000000e+00
];
