%Vec Object:dSdr_b_aug_5010 1 MPI processes
%  type: seq
dSdr_b_aug_5010 = [
2.3326809817019166e+03
0.0000000000000000e+00
-9.2428677946487602e-07
-3.8026528291792525e-07
-2.3510928485217678e-07
-1.6620739829405685e-07
-1.2424073429503248e-07
-9.8301685605617160e-08
-8.0722848552174405e-08
-6.7503527966502072e-08
-5.7689281625892664e-08
-5.0166265783646721e-08
-4.4046110697452227e-08
-3.9089803886465489e-08
-3.5026760237046938e-08
-3.1602440612086987e-08
-2.8678284504245008e-08
-2.6183533917430939e-08
-2.4028143181779724e-08
-1.2818661295122729e-07
-3.9410449394934941e-04
-7.2080783701381011e-04
-6.8373284674966349e-04
-6.4490004318213832e-04
-6.0177348289981258e-04
-5.6015918051309792e-04
-5.2027274612357146e-04
-4.7999507241742664e-04
-4.3867620771137846e-04
-3.9452802841253665e-04
-3.5567997354888167e-04
-3.1834841007670212e-04
-2.8311074663023734e-04
-2.4595032424212663e-04
-2.1572601184533422e-04
-1.8942095283397262e-04
-1.6641214304882361e-04
-1.4468228042778232e-04
-1.2822371286816232e-04
-1.1574044623453909e-04
-1.0588429695055417e-04
-9.7938532803742867e-05
-9.2986786127553035e-05
-8.9966775889646259e-05
-8.8316567160996606e-05
-8.7927879079735546e-05
-8.8417165856216623e-05
-8.9425200242073741e-05
-9.0880833420481550e-05
-9.2844510834457506e-05
-9.4572316517210650e-05
-9.6383739706151639e-05
-9.8227476885065596e-05
-1.0000126339165992e-04
-1.0148677177562598e-04
-1.0281546792450234e-04
-1.0408959563990137e-04
-1.0511598651072698e-04
-1.0595681052934306e-04
-1.0663309211595613e-04
-1.0723988869845747e-04
-1.0763574617868614e-04
-1.0786977398564854e-04
-1.0805374369724546e-04
-1.0813558008227732e-04
-1.0808310626941269e-04
-1.0796903308781181e-04
-1.0779549445071607e-04
-1.0753287737865492e-04
-1.0721337113722691e-04
-1.0687442101725018e-04
-1.0648356716361154e-04
-1.0605885689843766e-04
-1.0557224844089325e-04
-1.0509355618794129e-04
-1.0458755280129895e-04
-1.0403658725997117e-04
-1.0350609227854123e-04
-1.0296507533066105e-04
-1.0235218181611861e-04
-1.0178318268123761e-04
-1.0121122141816904e-04
-1.0058394338215761e-04
-1.0000335668208434e-04
-9.9426678899958515e-05
-9.8756760746782234e-05
-9.8176908410293036e-05
-9.7578314726368278e-05
-9.6928548318310628e-05
-9.6350026386718423e-05
-9.5736252768450288e-05
-9.5090270532242576e-05
-9.4508530361935640e-05
-9.3874652428073538e-05
-9.3264784139079305e-05
-9.2693335531232899e-05
-9.2032902106139235e-05
-9.1451878042068973e-05
-9.0868952116585089e-05
-9.0198069173517371e-05
-8.9658667718180675e-05
-8.9046750543650370e-05
-8.8424563456416716e-05
-8.7884739565187900e-05
-8.7221716964057822e-05
-8.6664837952573644e-05
-8.6101091488345201e-05
-8.5462081932832334e-05
-8.4932087430997059e-05
-8.4316218078981127e-05
-8.3732334760790720e-05
-8.3196804813533886e-05
-8.2565927042872067e-05
-8.2040416036204125e-05
-8.1445511671986116e-05
-8.0883443374184282e-05
-8.0326805903820189e-05
-7.9736888559063144e-05
-7.9216820677091573e-05
-7.8604999625957485e-05
-7.8093594093094732e-05
-7.7519955943594981e-05
-7.6953878430727429e-05
-7.6451506198016694e-05
-7.5829746770317427e-05
-7.5351321619467377e-05
-7.4757028087142871e-05
-7.4243118350300304e-05
-7.3698006989908365e-05
-7.3150607435521522e-05
-7.2626760972007052e-05
-7.2073090675208823e-05
-7.1577460701079427e-05
-7.0992920979272338e-05
-7.0524383830032161e-05
-6.9940865756996758e-05
-6.9452785085050693e-05
-6.8908387182537562e-05
-6.8390832456284733e-05
-6.7874982483070195e-05
-6.7350978933728849e-05
-6.6843024153641906e-05
-6.6315777305369489e-05
-6.5818817843925326e-05
-6.5272434846035503e-05
-6.4809089823026901e-05
-6.4240804137334067e-05
-6.3792503197209759e-05
-6.3230926461962123e-05
-6.2776563167595196e-05
-6.2222624976898197e-05
-6.1769080617671377e-05
-6.1208194097437830e-05
-6.0771915151847780e-05
-6.0204566801024357e-05
-5.9770311992908829e-05
-5.9215070858763039e-05
-5.8771614908587851e-05
-5.8225008531889441e-05
-5.7776780395032766e-05
-5.7230901448398911e-05
-5.6791765854304567e-05
-5.6244742388097129e-05
-5.5797436250440091e-05
-5.5276232684892286e-05
-5.4803364994451299e-05
-5.4309481558002043e-05
-5.3817716253143530e-05
-5.3332146223474630e-05
-5.2836861701023816e-05
-5.2359811222288059e-05
-5.1853486553579524e-05
-5.1398712141344163e-05
-5.0866207678933780e-05
-5.0427231560876305e-05
-4.9894609093804955e-05
-4.9442237353597333e-05
-4.8936806813033972e-05
-4.8450811642614695e-05
-4.7981736940220185e-05
-4.7461892484614280e-05
-4.7019319310366618e-05
-4.6480822026026887e-05
-4.6027190006366711e-05
-4.5524304367319068e-05
-4.5039514803092489e-05
-4.4562378979570393e-05
-4.4051229742763573e-05
-4.3598280659468795e-05
-4.3061721447888395e-05
-4.2599880329427590e-05
-4.2097012090732787e-05
-4.1599816094405337e-05
-4.1131156582773870e-05
-4.0594636914002961e-05
-4.0125515763410062e-05
-3.9622090628619329e-05
-3.9115706264326455e-05
-3.8640786133214951e-05
-3.8096509175018516e-05
0.0000000000000000e+00
];
