%Vec Object:dSdr_b_aug_6860 1 MPI processes
%  type: seq
dSdr_b_aug_6860 = [
2.3035226565643557e+03
0.0000000000000000e+00
-7.6478395701447124e-07
-3.1620183317471899e-07
-1.9671546052278487e-07
-1.3977971562026894e-07
-1.0483853703765034e-07
-8.3232797137279086e-08
-6.8588179958453149e-08
-5.7576320643342661e-08
-4.9398515506726852e-08
-4.3128970906843941e-08
-3.8024759581152320e-08
-3.3889726277091913e-08
-3.0499441989676411e-08
-2.7640592148525111e-08
-2.5197727760016370e-08
-2.3120875324323442e-08
-1.3939381850618025e-06
-7.0211267981839924e-04
-7.4963847661479099e-04
-7.1090724848778860e-04
-6.7248913775174856e-04
-6.3421544472083030e-04
-5.9173096604448448e-04
-5.5071941101757032e-04
-5.1139813456994355e-04
-4.7168376695108378e-04
-4.3093241907810954e-04
-3.8737460654110988e-04
-3.4904314800598144e-04
-3.1219970574930279e-04
-2.7741658332089587e-04
-2.4073040886520811e-04
-2.1088940283377160e-04
-1.8491570239674123e-04
-1.6219584729018142e-04
-1.4073935709146279e-04
-1.2448803203163005e-04
-1.1216284567929860e-04
-1.0243487432698508e-04
-9.4595476322744076e-05
-8.9714187324730518e-05
-8.6742672615017967e-05
-8.5125560568712809e-05
-8.4756921795959333e-05
-8.5256112848874950e-05
-8.6268472030953043e-05
-8.7723740841021288e-05
-8.9684837142285333e-05
-9.1410785492431116e-05
-9.3219308484442068e-05
-9.5061521611797866e-05
-9.6835777029217571e-05
-9.8323249977861314e-05
-9.9656303849550497e-05
-1.0093786271124299e-04
-1.0197278613700038e-04
-1.0282355510029950e-04
-1.0351243174968170e-04
-1.0413399608655695e-04
-1.0454487802700388e-04
-1.0479561636934897e-04
-1.0499965970744658e-04
-1.0509988312988826e-04
-1.0506693220556858e-04
-1.0497450973434127e-04
-1.0482329728074806e-04
-1.0458233531803822e-04
-1.0428571291038544e-04
-1.0397114846604412e-04
-1.0360282302275981e-04
-1.0320074047710963e-04
-1.0274095190387000e-04
-1.0228537898597231e-04
-1.0180235522317940e-04
-1.0127862931110193e-04
-1.0077113544908274e-04
-1.0025303287280154e-04
-9.9668048882380682e-05
-9.9122117423816578e-05
-9.8573477417243725e-05
-9.7973320027548250e-05
-9.7415673783662017e-05
-9.6862102097336792e-05
-9.6219554948305403e-05
-9.5662550809333345e-05
-9.5087358412982662e-05
-9.4463830275808412e-05
-9.3907777520459143e-05
-9.3317773465140285e-05
-9.2697408693107172e-05
-9.2137944489746831e-05
-9.1528501170572838e-05
-9.0942671165991962e-05
-9.0393116240031679e-05
-8.9757911572413610e-05
-8.9199964887842108e-05
-8.8638990048906221e-05
-8.7993808744499399e-05
-8.7476045173962987e-05
-8.6886893349288514e-05
-8.6288904745226435e-05
-8.5770424876983802e-05
-8.5132074770426420e-05
-8.4597287544839925e-05
-8.4055375054150938e-05
-8.3440586005560795e-05
-8.2931537637205707e-05
-8.2339460775456946e-05
-8.1777973631894197e-05
-8.1263496241104874e-05
-8.0657164861279681e-05
-8.0151929228816017e-05
-7.9580525137293182e-05
-7.9040213982818039e-05
-7.8505162363317881e-05
-7.7938591574733506e-05
-7.7438838944278725e-05
-7.6850806783118974e-05
-7.6360141833846826e-05
-7.5808583327933323e-05
-7.5264882013339091e-05
-7.4783187774658634e-05
-7.4185064574430312e-05
-7.3726474736627768e-05
-7.3155731648171519e-05
-7.2661941393828723e-05
-7.2139549844973502e-05
-7.1613590588301713e-05
-7.1110946963800562e-05
-7.0579930066002610e-05
-7.0104232619779550e-05
-6.9543513968212494e-05
-6.9094366691531522e-05
-6.8534470340452937e-05
-6.8066577441181007e-05
-6.7544584718335303e-05
-6.7048216622599862e-05
-6.6553913242157269e-05
-6.6051736546268307e-05
-6.5564674955965546e-05
-6.5059998439203414e-05
-6.4583529342342869e-05
-6.4060103361371850e-05
-6.3616993216210904e-05
-6.3071896881953775e-05
-6.2643637091192467e-05
-6.2105497722795354e-05
-6.1670664420345129e-05
-6.1140986769745966e-05
-6.0706800801762444e-05
-6.0170289343115238e-05
-5.9753289375898618e-05
-5.9210471882989495e-05
-5.8795636693286129e-05
-5.8264684311814770e-05
-5.7840877711199817e-05
-5.7318551585520547e-05
-5.6890438573087792e-05
-5.6368611649054708e-05
-5.5950035658579623e-05
-5.5426763779751028e-05
-5.5000385128386690e-05
-5.4502855919534448e-05
-5.4051318947482176e-05
-5.3580771315780362e-05
-5.3111108304179563e-05
-5.2648405995025415e-05
-5.2176071740547886e-05
-5.1721310079348532e-05
-5.1238842899737332e-05
-5.0805621306922928e-05
-5.0298188428482377e-05
-4.9880319654970520e-05
-4.9372823772552248e-05
-4.8942312189222526e-05
-4.8461266348602457e-05
-4.7998455610530921e-05
-4.7552822077806844e-05
-4.7057557417006548e-05
-4.6637299264000077e-05
-4.6124998692639852e-05
-4.5693629632248741e-05
-4.5216296015874494e-05
-4.4755210770229131e-05
-4.4302286370603721e-05
-4.3816710533134081e-05
-4.3386834651257384e-05
-4.2877426435523472e-05
-4.2439171290413478e-05
-4.1961900658913742e-05
-4.1490301052111663e-05
-4.1045748093825125e-05
-4.0537084583735376e-05
-4.0092254409521507e-05
-3.9615126580589637e-05
-3.9135547897922789e-05
-3.8685315823266044e-05
-3.8170854161203189e-05
0.0000000000000000e+00
];
