%Vec Object:dSdr_b_aug_6300 1 MPI processes
%  type: seq
dSdr_b_aug_6300 = [
2.3148501855769864e+03
0.0000000000000000e+00
-8.2230036348535326e-07
-3.3936088945591452e-07
-2.1064267420159895e-07
-1.4939444060921379e-07
-1.1191096940286669e-07
-8.8737034273142172e-08
-7.3030614532215646e-08
-6.1219975624140810e-08
-5.2450034460085355e-08
-4.5726996448370910e-08
-4.0255128156981483e-08
-3.5822900720859777e-08
-3.2189219251593288e-08
-2.9125788915804933e-08
-2.6508791434005404e-08
-2.4276003976076729e-08
-2.7484943073276929e-08
-1.6779389608594312e-04
-7.5091156319246016e-04
-7.1399239755563597e-04
-6.7543623463601880e-04
-6.3700997089655034e-04
-5.9435744748399116e-04
-5.5318824949995436e-04
-5.1371916388900604e-04
-4.7385747152642890e-04
-4.3295769765474141e-04
-3.8924548304672825e-04
-3.5077891605320751e-04
-3.1380781260237654e-04
-2.7890581140626474e-04
-2.4209560412223095e-04
-2.1215434974104473e-04
-1.8609398716382987e-04
-1.6329856005617443e-04
-1.4177057317708703e-04
-1.2546504677952926e-04
-1.1309851676936566e-04
-1.0333702229379424e-04
-9.5469805729570998e-05
-9.0570089498285270e-05
-8.7585891327613736e-05
-8.5960123181723634e-05
-8.5586240699706643e-05
-8.6082841472266168e-05
-8.7094069604979132e-05
-8.8549433747032251e-05
-9.0511205135593707e-05
-9.2237639276184186e-05
-9.4046920802626693e-05
-9.5889532551106380e-05
-9.7663665356685983e-05
-9.9150624498172560e-05
-1.0048253866288444e-04
-1.0176215400758867e-04
-1.0279484585899297e-04
-1.0364301385779075e-04
-1.0432859644216451e-04
-1.0494629847753993e-04
-1.0535325097902775e-04
-1.0559961891360291e-04
-1.0579841227522196e-04
-1.0589382682490074e-04
-1.0585576996224503e-04
-1.0575768505114600e-04
-1.0560063349738040e-04
-1.0535400794460493e-04
-1.0505140059152797e-04
-1.0473045841637361e-04
-1.0435624098384340e-04
-1.0394824047614379e-04
-1.0348143753956591e-04
-1.0301981808469921e-04
-1.0253078432450500e-04
-1.0199993427097521e-04
-1.0148642478983247e-04
-1.0096232928215063e-04
-1.0037004594894940e-04
-9.9818081464424005e-05
-9.9263342111633241e-05
-9.8656091699139817e-05
-9.8092445702064620e-05
-9.7532830941894381e-05
-9.6883125292660375e-05
-9.6320145529571845e-05
-9.5738832856271535e-05
-9.5108442469358799e-05
-9.4546513217653677e-05
-9.3950292568282067e-05
-9.3323227909815099e-05
-9.2757937741353339e-05
-9.2142103893351495e-05
-9.1549987014540615e-05
-9.0994706104810272e-05
-9.0352903211645834e-05
-8.9788920963994331e-05
-8.9222205127989837e-05
-8.8570301922729291e-05
-8.8046879268642518e-05
-8.7451773488952643e-05
-8.6847456115176882e-05
-8.6323394020899506e-05
-8.5678591173730169e-05
-8.5138026155364709e-05
-8.4590403299106189e-05
-8.3969279720968266e-05
-8.3454753189104501e-05
-8.2856453739568590e-05
-8.2289109194846170e-05
-8.1769125807234391e-05
-8.1156374667719450e-05
-8.0645836299540603e-05
-8.0068286045797718e-05
-7.9522284619962285e-05
-7.8981587528266511e-05
-7.8408910779988129e-05
-7.7903844984705134e-05
-7.7309591177825593e-05
-7.6813501824245161e-05
-7.6256168701920133e-05
-7.5706615211289772e-05
-7.5219512937897221e-05
-7.4615208018989691e-05
-7.4151430537890877e-05
-7.3574528166377534e-05
-7.3075475948417479e-05
-7.2547142356768065e-05
-7.2015575696135641e-05
-7.1507386771714663e-05
-7.0970445200668736e-05
-7.0489534686604856e-05
-6.9922585974135533e-05
-6.9468367553643384e-05
-6.8902293278621615e-05
-6.8429120556310857e-05
-6.7901268079180070e-05
-6.7399358923574872e-05
-6.6899420340373779e-05
-6.6391535143681628e-05
-6.5899009239258854e-05
-6.5388429775879942e-05
-6.4906601718493477e-05
-6.4377171659233130e-05
-6.3928769372875523e-05
-6.3377608197013734e-05
-6.2944106932467573e-05
-6.2399837858062983e-05
-6.1959896768398913e-05
-6.1423874123066950e-05
-6.0984625248236924e-05
-6.0441738844102076e-05
-6.0019696740072649e-05
-5.9470463556188557e-05
-5.9050549448132471e-05
-5.8513244695832831e-05
-5.8084299094988009e-05
-5.7555622823088771e-05
-5.7122248994831650e-05
-5.6594131615857231e-05
-5.6170178563760077e-05
-5.5640694806222684e-05
-5.5208842880528683e-05
-5.4705121993481647e-05
-5.4248006289708513e-05
-5.3771355525646213e-05
-5.3295911990593704e-05
-5.2827228972891070e-05
-5.2348892422583139e-05
-5.1888301460524155e-05
-5.1399594718607850e-05
-5.0960736319644864e-05
-5.0446746355306738e-05
-5.0023357289630253e-05
-4.9509289944114958e-05
-4.9073061189832446e-05
-4.8585637925435373e-05
-4.8116763682843110e-05
-4.7664999506975141e-05
-4.7163306421193902e-05
-4.6737212172883216e-05
-4.6218060318884426e-05
-4.5780868808988415e-05
-4.5296852556097532e-05
-4.4829567940500165e-05
-4.4370311577827534e-05
-4.3878047616140857e-05
-4.3442137558468971e-05
-4.2925628759303561e-05
-4.2481205522313864e-05
-4.1997240849598713e-05
-4.1518947768532219e-05
-4.1068091376961391e-05
-4.0552144460196972e-05
-4.0100964557426883e-05
-3.9616964925689421e-05
-3.9130388157444690e-05
-3.8673734684444006e-05
-3.8151664169323496e-05
0.0000000000000000e+00
];
