%Vec Object:dSdr_b_aug_5230 1 MPI processes
%  type: seq
dSdr_b_aug_5230 = [
2.3274117772984659e+03
0.0000000000000000e+00
-8.9449686727190873e-07
-3.6910846171766728e-07
-2.2897242397383221e-07
-1.6239300412052467e-07
-1.2175012329851922e-07
-9.6624763539359724e-08
-7.9595084705372622e-08
-6.6778314966659098e-08
-5.7261099821659401e-08
-4.9965400559020331e-08
-4.4025113268105468e-08
-3.9212975815345323e-08
-3.5267797083094773e-08
-3.1941239326539924e-08
-2.9098924097395270e-08
-2.6673815302631430e-08
-2.4591499006150622e-08
-1.2737396173145391e-06
-6.3467064166433727e-04
-7.2034789362228162e-04
-6.8230753971041096e-04
-6.4353594176055256e-04
-6.0049118048485913e-04
-5.5895383702452819e-04
-5.1913956630084189e-04
-4.7893381995023327e-04
-4.3768742027306800e-04
-3.9361462367142123e-04
-3.5483253191206346e-04
-3.1756329562052869e-04
-2.8238367157242114e-04
-2.4528380492816010e-04
-2.1510843613319763e-04
-1.8884568761874668e-04
-1.6587377386633530e-04
-1.4417881761792959e-04
-1.2774671243184296e-04
-1.1528363074368549e-04
-1.0544384823179885e-04
-9.7511665751353618e-05
-9.2568915650932137e-05
-8.9555097661363621e-05
-8.7909114932437267e-05
-8.7522986857138413e-05
-8.8013538241800535e-05
-8.9022124805333727e-05
-9.0477711413508244e-05
-9.2441059207637103e-05
-9.4168627692282371e-05
-9.5979680524311365e-05
-9.7823223095563712e-05
-9.9597069562824456e-05
-1.0108282878999661e-04
-1.0241208134864533e-04
-1.0368715791403994e-04
-1.0471463827284480e-04
-1.0555673212573402e-04
-1.0623462193574462e-04
-1.0684330416885167e-04
-1.0724108007887380e-04
-1.0747724160788699e-04
-1.0766377446815024e-04
-1.0774795864543198e-04
-1.0769797765992378e-04
-1.0758666900325649e-04
-1.0741598114124689e-04
-1.0715612915670759e-04
-1.0683954489643135e-04
-1.0650370852493173e-04
-1.0611573126982907e-04
-1.0569391028406920e-04
-1.0521072639493405e-04
-1.0473498619526608e-04
-1.0423191702272797e-04
-1.0368442964687403e-04
-1.0315687162468612e-04
-1.0261878055959480e-04
-1.0200945074859087e-04
-1.0144339707200795e-04
-1.0087441364651984e-04
-1.0025059858437500e-04
-9.9672941098583547e-05
-9.9099213681040697e-05
-9.8432790469826946e-05
-9.7855855567676741e-05
-9.7260249941134413e-05
-9.6613833839038688e-05
-9.6038180945691106e-05
-9.5427442409440225e-05
-9.4784731209985050e-05
-9.4205835407724643e-05
-9.3575077475232553e-05
-9.2968278581087853e-05
-9.2399625528364845e-05
-9.1742413507325240e-05
-9.1164336142386505e-05
-9.0584213102140384e-05
-8.9916611944553893e-05
-8.9379973382482214e-05
-8.8770963067820037e-05
-8.8151865837135757e-05
-8.7614767322453263e-05
-8.6954895103590160e-05
-8.6400836949104517e-05
-8.5839878422451886e-05
-8.5203961536104052e-05
-8.4676641605566338e-05
-8.4063810270332544e-05
-8.3482786676399381e-05
-8.2949944889674406e-05
-8.2322201400112681e-05
-8.1799279317435101e-05
-8.1207375657890330e-05
-8.0648085488334406e-05
-8.0094204274368968e-05
-7.9507268006933875e-05
-7.8989794141442153e-05
-7.8381010648629338e-05
-7.7872253442291001e-05
-7.7301434601312224e-05
-7.6738214263563458e-05
-7.6238482365936850e-05
-7.5619741004287453e-05
-7.5143848588706298e-05
-7.4552562169265580e-05
-7.4041221453176128e-05
-7.3499011144328701e-05
-7.2954349263315528e-05
-7.2433210152784690e-05
-7.1882432428230201e-05
-7.1389347604227375e-05
-7.0807849552784392e-05
-7.0341788263695104e-05
-6.9761286407300069e-05
-6.9275783478389713e-05
-6.8734246455428653e-05
-6.8219397015091923e-05
-6.7706298291011092e-05
-6.7185081777162924e-05
-6.6679794815451400e-05
-6.6155429936771371e-05
-6.5661086858779724e-05
-6.5117635206673536e-05
-6.4656873945601230e-05
-6.4091549273319801e-05
-6.3645807359610459e-05
-6.3087223307741738e-05
-6.2635353772710317e-05
-6.2084513376241133e-05
-6.1633440866742741e-05
-6.1075666765681100e-05
-6.0641849531695910e-05
-6.0077633495602568e-05
-5.9645858359465017e-05
-5.9093718628687480e-05
-5.8652771687207523e-05
-5.8109265631326744e-05
-5.7663605980277242e-05
-5.7120798216116789e-05
-5.6684287866322435e-05
-5.6140297225067984e-05
-5.5695663310698043e-05
-5.5177482713825458e-05
-5.4707338740576621e-05
-5.4216435050130073e-05
-5.3727491990613413e-05
-5.3244841946280815e-05
-5.2752487954385881e-05
-5.2278283552242304e-05
-5.1775005266920111e-05
-5.1322982966062686e-05
-5.0793679927578019e-05
-5.0357399056013093e-05
-4.9827985055630085e-05
-4.9378404709888846e-05
-4.8876087932547322e-05
-4.8393053282294479e-05
-4.7926971901931915e-05
-4.7410266182119967e-05
-4.6970542586478127e-05
-4.6435390563534630e-05
-4.5984601553526283e-05
-4.5484978953289804e-05
-4.5003216566348861e-05
-4.4529172758831322e-05
-4.4021289562622324e-05
-4.3571287425258900e-05
-4.3038196060317148e-05
-4.2579367868779560e-05
-4.2079769852627781e-05
-4.1585844576640614e-05
-4.1120266589856723e-05
-4.0587309017400416e-05
-4.0121298023251386e-05
-3.9621246178357395e-05
-3.9118317488202544e-05
-3.8646642382078340e-05
-3.8106666018988309e-05
0.0000000000000000e+00
];
