%Vec Object:dSdr_b_aug_9580 1 MPI processes
%  type: seq
dSdr_b_aug_9580 = [
2.2755292509608498e+03
0.0000000000000000e+00
-6.3980947249132649e-07
-2.6517607062443812e-07
-1.6553292013840204e-07
-1.1790207036184812e-07
-8.8500328663739627e-08
-7.0314559876077819e-08
-5.7987249305973862e-08
-4.8725961126783435e-08
-4.1847164601437217e-08
-3.6572829895841032e-08
-3.2278900504094799e-08
-2.8799938170490712e-08
-2.5947272817927437e-08
-2.3541428409817214e-08
-2.1502909043531774e-08
-7.1031382174611136e-06
-8.0202614344280761e-04
-7.7806221812930221e-04
-7.3623398351330008e-04
-6.9769317591501822e-04
-6.5993675637463780e-04
-6.2231385070267117e-04
-5.8054507521519368e-04
-5.4020490442935700e-04
-5.0151313071245646e-04
-4.6242620272801704e-04
-4.2230698462031926e-04
-3.7940675328706580e-04
-3.4165070660967549e-04
-3.0535095914861678e-04
-2.7107412814507626e-04
-2.3491619570012153e-04
-2.0550213639109792e-04
-1.7989752077968271e-04
-1.5749951878679593e-04
-1.3634752535277131e-04
-1.2032703807542979e-04
-1.0817793002988843e-04
-9.8592730153507568e-05
-9.0871808492675387e-05
-8.6068999022286490e-05
-8.3151500890796211e-05
-8.1571253393894309e-05
-8.1224946334964744e-05
-8.1735169047934169e-05
-8.2752345188570500e-05
-8.4207207936663102e-05
-8.6165429063785273e-05
-8.7889308438932027e-05
-8.9694600872359246e-05
-9.1535116274665687e-05
-9.3309893843195420e-05
-9.4799555003644129e-05
-9.6137462727337558e-05
-9.7427298780381174e-05
-9.8471726204172805e-05
-9.9333572359048739e-05
-1.0003647803967982e-04
-1.0067449146502710e-04
-1.0110210842657505e-04
-1.0137145982847452e-04
-1.0159786221213727e-04
-1.0171856606976141e-04
-1.0170736075088519e-04
-1.0163905396388838e-04
-1.0151270957180383e-04
-1.0129586819348405e-04
-1.0102473498752752e-04
-1.0073733257458034e-04
-1.0039410044418410e-04
-1.0001722182726302e-04
-9.9587306633963887e-05
-9.9157485231952762e-05
-9.8700057367543957e-05
-9.8206672369446294e-05
-9.7724798348861576e-05
-9.7232218989872575e-05
-9.6678322077405082e-05
-9.6158084595040171e-05
-9.5635421015520083e-05
-9.5065472010854974e-05
-9.4533378038954766e-05
-9.4005543122683213e-05
-9.3393483220402377e-05
-9.2861928591060427e-05
-9.2312801764845223e-05
-9.1718499177350773e-05
-9.1187473758152439e-05
-9.0623945477339639e-05
-9.0032114768302752e-05
-8.9497462694632026e-05
-8.8915235919258357e-05
-8.8356181005240912e-05
-8.7831012400077445e-05
-8.7223908833857172e-05
-8.6691666934069481e-05
-8.6155142356292191e-05
-8.5538588872994590e-05
-8.5044926703268384e-05
-8.4481132108443074e-05
-8.3910097032452360e-05
-8.3415391246114770e-05
-8.2804522646139883e-05
-8.2294342399636091e-05
-8.1776749723205146e-05
-8.1188938733809283e-05
-8.0703221257264371e-05
-8.0137645707473271e-05
-7.9601104586897139e-05
-7.9110076627317955e-05
-7.8531086293039118e-05
-7.8048434425733229e-05
-7.7503206158941962e-05
-7.6987129241059654e-05
-7.6476121063677520e-05
-7.5935554882294379e-05
-7.5458430434295582e-05
-7.4896895574660881e-05
-7.4429332564763165e-05
-7.3902367512823652e-05
-7.3383589970197775e-05
-7.2924927955283749e-05
-7.2353132012968391e-05
-7.1916635776966711e-05
-7.1372124396108628e-05
-7.0900744266180792e-05
-7.0403659223362432e-05
-6.9901581283655359e-05
-6.9422554482223849e-05
-6.8916770116560463e-05
-6.8463274554737816e-05
-6.7929089048107449e-05
-6.7501539217960921e-05
-6.6967953967191616e-05
-6.6522547256929197e-05
-6.6025510586189491e-05
-6.5552741259080577e-05
-6.5082437591844106e-05
-6.4604572777973048e-05
-6.4140783106447682e-05
-6.3661246595990724e-05
-6.3207600730014283e-05
-6.2709745465389774e-05
-6.2289173976438615e-05
-6.1769907144476545e-05
-6.1363970224749258e-05
-6.0851936610759535e-05
-6.0438856825219438e-05
-5.9936201821777935e-05
-5.9523578232503605e-05
-5.9014216980507903e-05
-5.8618690937302320e-05
-5.8103197184508761e-05
-5.7709992570379708e-05
-5.7206094258935497e-05
-5.6804174119636359e-05
-5.6308892593566974e-05
-5.5903184845793555e-05
-5.5408148307675476e-05
-5.5012472664798720e-05
-5.4515656530266562e-05
-5.4112587991969424e-05
-5.3641428502356648e-05
-5.3213650782500500e-05
-5.2769095771389438e-05
-5.2324051429994590e-05
-5.1886820362439049e-05
-5.1440049293718984e-05
-5.1010114058751580e-05
-5.0554220571328723e-05
-5.0145005607709652e-05
-4.9665498738619258e-05
-4.9271140395784838e-05
-4.8791631778904665e-05
-4.8385469140235860e-05
-4.7931584206600914e-05
-4.7494597449423514e-05
-4.7075073858208401e-05
-4.6607187390215828e-05
-4.6211784797831602e-05
-4.5728663403996037e-05
-4.5322091886832138e-05
-4.4873219323379108e-05
-4.4438537036788788e-05
-4.4012580403814519e-05
-4.3555489328079127e-05
-4.3151313299907990e-05
-4.2672146913909817e-05
-4.2260162577173382e-05
-4.1811403243947101e-05
-4.1368313316147421e-05
-4.0950610156562617e-05
-4.0472972209065499e-05
-4.0055195134398015e-05
-3.9607352206830760e-05
-3.9157617155235477e-05
-3.8734843896396921e-05
-3.8253374087228250e-05
0.0000000000000000e+00
];
