%Vec Object:dSdr_b_aug_7800 1 MPI processes
%  type: seq
dSdr_b_aug_7800 = [
2.2958466648659710e+03
0.0000000000000000e+00
-7.2805327930363918e-07
-3.0132048192691371e-07
-1.8770263969080800e-07
-1.3351249995947598e-07
-1.0019606573302393e-07
-7.9592873709589933e-08
-6.5627248155866393e-08
-5.5127155527672457e-08
-4.7328866919335412e-08
-4.1349997681888448e-08
-3.6481882098394137e-08
-3.2537819138139025e-08
-2.9303957121642698e-08
-2.6576715588938344e-08
-2.4246012342601456e-08
-2.2554471058352691e-08
-4.0780700977043032e-05
-7.8177561523257730e-04
-7.4468270182191914e-04
-7.0575298638015011e-04
-6.6759049253250840e-04
-6.2957073886340371e-04
-5.8736556923473775e-04
-5.4661602807675109e-04
-5.0754042087159008e-04
-4.6807091735575663e-04
-4.2756626395513427e-04
-3.8426507855251964e-04
-3.4615817980592682e-04
-3.0952691946320714e-04
-2.7494138193930409e-04
-2.3846135881131218e-04
-2.0878697262262667e-04
-1.8295731078942179e-04
-1.6036306169365784e-04
-1.3902540404069289e-04
-1.2286416551132679e-04
-1.1060769550010967e-04
-1.0093544217537921e-04
-9.3142280787992314e-05
-8.8291619250885527e-05
-8.5341185002699895e-05
-8.3738459678413623e-05
-8.3378536052675136e-05
-8.3882032301499509e-05
-8.4896271334752811e-05
-8.6351381663982415e-05
-8.8311355890652616e-05
-9.0036496793976877e-05
-9.1843759020966516e-05
-9.3685309586301441e-05
-9.5459768769550645e-05
-9.6948095680347306e-05
-9.8283043805476872e-05
-9.9567832910843585e-05
-1.0060646535344623e-04
-1.0146155728735454e-04
-1.0215590889044946e-04
-1.0278389263098488e-04
-1.0320130556330924e-04
-1.0345930781969523e-04
-1.0367207697765188e-04
-1.0378029307514433e-04
-1.0375582857049838e-04
-1.0367281746423715e-04
-1.0353130999793574e-04
-1.0329976131286206e-04
-1.0301308629851877e-04
-1.0270912208481625e-04
-1.0235058953582529e-04
-1.0195834305343542e-04
-1.0151021283998368e-04
-1.0106468968646914e-04
-1.0059165495698968e-04
-1.0007976986443592e-04
-9.9582274379880236e-05
-9.9074132472674520e-05
-9.8501280499371517e-05
-9.7965376350250458e-05
-9.7426873882232716e-05
-9.6838505591808501e-05
-9.6290831356160415e-05
-9.5747303680187066e-05
-9.5116654458950062e-05
-9.4569582224393489e-05
-9.4004562155806039e-05
-9.3392439557624500e-05
-9.2846153949719101e-05
-9.2266482308327812e-05
-9.1657253216351838e-05
-9.1107472174225168e-05
-9.0508650361141008e-05
-8.9933269581476250e-05
-8.9393231641004029e-05
-8.8768993686340420e-05
-8.8221078530051746e-05
-8.7669645630013540e-05
-8.7035636595879360e-05
-8.6527278818305907e-05
-8.5948022886681372e-05
-8.5360553146973561e-05
-8.4851351334887335e-05
-8.4223726141252606e-05
-8.3698542017709927e-05
-8.3166120560378923e-05
-8.2561859949831055e-05
-8.2061916678787835e-05
-8.1480182200142749e-05
-8.0928430473844296e-05
-8.0423104441600807e-05
-7.9827443158791354e-05
-7.9331021050795686e-05
-7.8769832318205816e-05
-7.8238978800022348e-05
-7.7713310357555376e-05
-7.7156888108854474e-05
-7.6665966337393011e-05
-7.6088274994754338e-05
-7.5606625792609553e-05
-7.5064665111259361e-05
-7.4530690530943156e-05
-7.4057984832437646e-05
-7.3470136090010815e-05
-7.3020168486648016e-05
-7.2459662566759208e-05
-7.1974618072929425e-05
-7.1462102624344936e-05
-7.0945463274869116e-05
-7.0452036336468904e-05
-6.9930866670271088e-05
-6.9463833717489748e-05
-6.8913469873935180e-05
-6.8472751203474267e-05
-6.7923123005722205e-05
-6.7464005552915702e-05
-6.6951752163592671e-05
-6.6464593709134555e-05
-6.5979656442455731e-05
-6.5486967687281315e-05
-6.5008988182631235e-05
-6.4514122790134315e-05
-6.4046560674754687e-05
-6.3533113907101758e-05
-6.3098799685978554e-05
-6.2563783559202172e-05
-6.2144235480854075e-05
-6.1616284130474886e-05
-6.1189940345397103e-05
-6.0670808539343402e-05
-6.0245037496020852e-05
-5.9719121664015663e-05
-5.9310502102026941e-05
-5.8778347959756263e-05
-5.8371954310999934e-05
-5.7851560040014681e-05
-5.7436294843326481e-05
-5.6924523133500880e-05
-5.6505153994198756e-05
-5.5993782278350209e-05
-5.5584143373350317e-05
-5.5071196107623137e-05
-5.4653914458560382e-05
-5.4166676292941851e-05
-5.3724411606475367e-05
-5.3264007854493311e-05
-5.2803952527461098e-05
-5.2351190628518302e-05
-5.1888832668428737e-05
-5.1443759776679880e-05
-5.0971663255938551e-05
-5.0547810504761805e-05
-5.0051276046043560e-05
-4.9642582475408133e-05
-4.9146008927079833e-05
-4.8724999794369266e-05
-4.8254553805152591e-05
-4.7801821177947363e-05
-4.7366377363371637e-05
-4.6881797378365478e-05
-4.6471239432441561e-05
-4.5970326415896295e-05
-4.5548634955025060e-05
-4.5082408680783686e-05
-4.4631627616808567e-05
-4.4189227858430847e-05
-4.3714768734540056e-05
-4.3294922796044428e-05
-4.2797317166058455e-05
-4.2369315006455301e-05
-4.1903171922814427e-05
-4.1442699518914568e-05
-4.1008626436801586e-05
-4.0512073222048726e-05
-4.0077804503825668e-05
-3.9612112179019972e-05
-3.9144194770009864e-05
-3.8704719709793235e-05
-3.8203352002403266e-05
0.0000000000000000e+00
];
