%Vec Object:dSdr_b_aug_4290 1 MPI processes
%  type: seq
dSdr_b_aug_4290 = [
2.3456261398803795e+03
0.0000000000000000e+00
-1.0115346734046726e-06
-4.1729011952774055e-07
-2.5861512955158228e-07
-1.8339856364306481e-07
-1.3765578286612354e-07
-1.0938086118929657e-07
-9.0215455313213461e-08
-7.5773293019176658e-08
-6.5048833974034386e-08
-5.6827977065525304e-08
-5.0130668436047883e-08
-4.4704468354305476e-08
-4.0255764228714861e-08
-3.6503792938739266e-08
-3.3297117129695142e-08
-3.0561019554270588e-08
-2.8195159672881521e-08
-2.6340196191943869e-08
-9.2982030407849211e-06
-6.8830704468351024e-04
-6.8883927771814873e-04
-6.5016087271283797e-04
-6.0672538956351980e-04
-5.6481404953648414e-04
-5.2464893427455156e-04
-4.8409348724353317e-04
-4.4249477262779018e-04
-3.9805547583833810e-04
-3.5895268063697354e-04
-3.2138041828657683e-04
-2.8591861480144404e-04
-2.4852433467590935e-04
-2.1811100899320660e-04
-1.9164255282299122e-04
-1.6849125579008467e-04
-1.4662658975144374e-04
-1.3006582826874131e-04
-1.1750461021427404e-04
-1.0758525472865457e-04
-9.9587040042405881e-05
-9.4600549735209430e-05
-9.1556625742266002e-05
-8.9890096606326083e-05
-8.9491521926082378e-05
-8.9975924737860293e-05
-9.0981826466944118e-05
-9.2437639271364830e-05
-9.4402589412420518e-05
-9.6131310923125603e-05
-9.7944164191127040e-05
-9.9788652856250520e-05
-1.0156220809657247e-04
-1.0304674754101904e-04
-1.0437329464584127e-04
-1.0564375778464785e-04
-1.0666594097299292e-04
-1.0750186085243258e-04
-1.0817193158268455e-04
-1.0877144594785882e-04
-1.0915989462926225e-04
-1.0938568221489922e-04
-1.0955975332347372e-04
-1.0963252278640291e-04
-1.0957042195091156e-04
-1.0944567249198687e-04
-1.0926112449436455e-04
-1.0898782897888629e-04
-1.0865703839546743e-04
-1.0830606335675761e-04
-1.0790410042746328e-04
-1.0746823211691649e-04
-1.0696839840430841e-04
-1.0647830568583441e-04
-1.0596097072815307e-04
-1.0539657295248421e-04
-1.0485473580177374e-04
-1.0430241946167403e-04
-1.0367576338115171e-04
-1.0309538925870309e-04
-1.0251192796505381e-04
-1.0187127637077917e-04
-1.0127937741866204e-04
-1.0069130570607482e-04
-1.0000789054138835e-04
-9.9416771448160518e-05
-9.8806638272175905e-05
-9.8143933419314835e-05
-9.7554331632523588e-05
-9.6928836921976455e-05
-9.6270222369885673e-05
-9.5677497619456680e-05
-9.5031570648630067e-05
-9.4409848758619374e-05
-9.3827604081378379e-05
-9.3154730018141162e-05
-9.2562326188467823e-05
-9.1968575887352926e-05
-9.1285019123162178e-05
-9.0734947736448391e-05
-9.0111804672775411e-05
-8.9477685009357855e-05
-8.8927336113576164e-05
-8.8252147195830823e-05
-8.7684374448661418e-05
-8.7109861379709418e-05
-8.6458908389411385e-05
-8.5918585088788142e-05
-8.5290983363087836e-05
-8.4696056212863605e-05
-8.4150144989259584e-05
-8.3507163087882634e-05
-8.2971654044308651e-05
-8.2365161404396862e-05
-8.1792364391039822e-05
-8.1225082671991183e-05
-8.0623652852552187e-05
-8.0093567271752000e-05
-7.9470015626416607e-05
-7.8948382658855886e-05
-7.8363856767673417e-05
-7.7786745278607061e-05
-7.7274176476602570e-05
-7.6640761737386680e-05
-7.6152555555305182e-05
-7.5546649013709215e-05
-7.5022818119610294e-05
-7.4466503346721767e-05
-7.3908531325567674e-05
-7.3374229489922934e-05
-7.2809388532052804e-05
-7.2303929594360827e-05
-7.1707643419653599e-05
-7.1229544899033194e-05
-7.0634378676522581e-05
-7.0136343180542924e-05
-6.9580897023341573e-05
-6.9052894926049718e-05
-6.8526420080945331e-05
-6.7991653461078685e-05
-6.7473396013528078e-05
-6.6935019479126207e-05
-6.6427955991788437e-05
-6.5870252631932346e-05
-6.5396929570237552e-05
-6.4817208959757049e-05
-6.4359025515133475e-05
-6.3785891560039866e-05
-6.3321897824552333e-05
-6.2755996501778302e-05
-6.2292906325569301e-05
-6.1720000207545825e-05
-6.1274214610838984e-05
-6.0694769844365819e-05
-6.0250939041317050e-05
-5.9683720885070480e-05
-5.9230575665793985e-05
-5.8671996469064395e-05
-5.8213849394209963e-05
-5.7656110181854307e-05
-5.7206836483943121e-05
-5.6648100914904570e-05
-5.6190475281368816e-05
-5.5657597713199938e-05
-5.5174211707536895e-05
-5.4668821233352676e-05
-5.4166157163655201e-05
-5.3669310940674322e-05
-5.3162709535589398e-05
-5.2674668361064306e-05
-5.2156579485113574e-05
-5.1691177348871744e-05
-5.1146310042894700e-05
-5.0696925924898004e-05
-5.0151913556947879e-05
-4.9688762669472419e-05
-4.9171308145796457e-05
-4.8673880913336837e-05
-4.8193247611754930e-05
-4.7661283167210102e-05
-4.7207706880200157e-05
-4.6656292492376221e-05
-4.6191683286110315e-05
-4.5676198759693601e-05
-4.5179721653474109e-05
-4.4690648509167280e-05
-4.4166890719374353e-05
-4.3702566445808413e-05
-4.3152621923403079e-05
-4.2679154384415275e-05
-4.2163669154920950e-05
-4.1653858860784191e-05
-4.1173323032840691e-05
-4.0623083801898032e-05
-4.0142011643083852e-05
-3.9625668346260979e-05
-3.9106170880247792e-05
-3.8619372351877356e-05
-3.8061965551642492e-05
0.0000000000000000e+00
];
