%Vec Object:dSdr_b_aug_9090 1 MPI processes
%  type: seq
dSdr_b_aug_9090 = [
2.2785667621582634e+03
0.0000000000000000e+00
-6.5188437135994126e-07
-2.7003456089429798e-07
-1.6845686538744835e-07
-1.1991791458694543e-07
-8.9976735396141153e-08
-7.1458255412807227e-08
-5.8905771514525394e-08
-4.9475580022701268e-08
-4.2471631020990366e-08
-3.7101477432427531e-08
-3.2730000222245553e-08
-2.9188403535327919e-08
-2.6284469258235560e-08
-2.3835580521303202e-08
-2.1746800314596274e-08
-1.7069030242423612e-06
-7.6581010470007957e-04
-7.8027463598415885e-04
-7.3848545030748096e-04
-6.9983308512753021e-04
-6.6196877331567861e-04
-6.2424050597394479e-04
-5.8235587072934161e-04
-5.4190701483908623e-04
-5.0311333588999823e-04
-4.6392483665028833e-04
-4.2370328803725680e-04
-3.8069660606338717e-04
-3.4284741049365531e-04
-3.0645964856444252e-04
-2.7210085802894705e-04
-2.3585741264151529e-04
-2.0637423815315098e-04
-1.8070987414171429e-04
-1.5825976993100586e-04
-1.3705848395483149e-04
-1.2100062820797491e-04
-1.0882301627232578e-04
-9.9214704284126301e-05
-9.1474603457730548e-05
-8.6659089587591236e-05
-8.3732847144629555e-05
-8.2146631944353640e-05
-8.1796709789455754e-05
-8.2305146683609329e-05
-8.3321543054447287e-05
-8.4776471546285027e-05
-8.6735158122118510e-05
-8.8459372435845972e-05
-9.0265187847007498e-05
-9.2105978088189637e-05
-9.3880671136776324e-05
-9.5369978071212265e-05
-9.6707100048921168e-05
-9.7995596178161376e-05
-9.9038485079629523e-05
-9.9898538039894022e-05
-1.0059917267550481e-04
-1.0123452329159014e-04
-1.0165943115619236e-04
-1.0192576944003282e-04
-1.0214855229730157e-04
-1.0226594074176610e-04
-1.0225121520108077e-04
-1.0217900451874822e-04
-1.0204863443476851e-04
-1.0182788836758044e-04
-1.0155262891796318e-04
-1.0126082946004588e-04
-1.0091353517309838e-04
-1.0053257649280395e-04
-1.0009782533539021e-04
-9.9663835225272717e-05
-9.9202263844368245e-05
-9.8703967196528766e-05
-9.8217945783365116e-05
-9.7721234673456823e-05
-9.7162305320453655e-05
-9.6637908444244610e-05
-9.6111039747086673e-05
-9.5536200546406740e-05
-9.4999970119896880e-05
-9.4467968882037617e-05
-9.3850973640880719e-05
-9.3315299192199997e-05
-9.2761952817423622e-05
-9.2162919137144504e-05
-9.1627842240838821e-05
-9.1060028006611908e-05
-9.0463578144026798e-05
-8.9924909431236469e-05
-8.9338276785055776e-05
-8.8774887463597348e-05
-8.8245771150081271e-05
-8.7634118518917291e-05
-8.7097715474989377e-05
-8.6557232837987123e-05
-8.5936045023175114e-05
-8.5438481268444440e-05
-8.4870581791523329e-05
-8.4295183420491447e-05
-8.3796629034587041e-05
-8.3181311669237973e-05
-8.2667147991960632e-05
-8.2145618371580754e-05
-8.1553440115873240e-05
-8.1063945784199336e-05
-8.0494080144905136e-05
-7.9953500708276339e-05
-7.9458676704076913e-05
-7.8875260342353340e-05
-7.8388952566220017e-05
-7.7839486900344382e-05
-7.7319486891751631e-05
-7.6804586509839019e-05
-7.6259810646324566e-05
-7.5779023098962773e-05
-7.5213198798709943e-05
-7.4741895996600788e-05
-7.4210949702842663e-05
-7.3688137445781946e-05
-7.3225746924237607e-05
-7.2649689068090295e-05
-7.2209616271478157e-05
-7.1660858444580627e-05
-7.1185850514562170e-05
-7.0684668799200052e-05
-7.0178724899504645e-05
-6.9695874954861278e-05
-6.9186005891501288e-05
-6.8728916239604434e-05
-6.8190435489155448e-05
-6.7759389416474381e-05
-6.7221544866773511e-05
-6.6772498042279811e-05
-6.6271421430514729e-05
-6.5794831882214414e-05
-6.5320643087926354e-05
-6.4838842612334824e-05
-6.4371285630427036e-05
-6.3887679399489568e-05
-6.3430338857422002e-05
-6.2928344147764585e-05
-6.2504124050002363e-05
-6.1980675879845363e-05
-6.1571125282741101e-05
-6.1054865609916795e-05
-6.0638264314850061e-05
-6.0131234823625311e-05
-5.9715120666235487e-05
-5.9201364276354433e-05
-5.8802361983767407e-05
-5.8282445000542161e-05
-5.7885738777341066e-05
-5.7377460889574955e-05
-5.6971997717148801e-05
-5.6472338147076987e-05
-5.6063003380346548e-05
-5.5563629949937283e-05
-5.5164247142037042e-05
-5.4663148286574522e-05
-5.4256306248319358e-05
-5.3780877962383699e-05
-5.3349254033430854e-05
-5.2900491269919044e-05
-5.2451461593143350e-05
-5.2010107173082812e-05
-5.1559197866496176e-05
-5.1125243660522791e-05
-5.0665048349360143e-05
-5.0251947121969147e-05
-4.9767919509307027e-05
-4.9369755224113764e-05
-4.8885715942384530e-05
-4.8475611615167812e-05
-4.8017329782773184e-05
-4.7576162547100515e-05
-4.7152412180581352e-05
-4.6680093623802166e-05
-4.6280667304940916e-05
-4.5792822258993287e-05
-4.5382236387738587e-05
-4.4928756399738689e-05
-4.4489799840341325e-05
-4.4059477480690355e-05
-4.3597775075092991e-05
-4.3189438506787931e-05
-4.2705376263029270e-05
-4.2289138834491627e-05
-4.1835763607920719e-05
-4.1388057889266620e-05
-4.0966007390347232e-05
-4.0483345686243762e-05
-4.0061187126142518e-05
-3.9608599740915456e-05
-3.9154025560650247e-05
-3.8726784823105160e-05
-3.8239855444823198e-05
0.0000000000000000e+00
];
