%Vec Object:dSdr_b_aug_7810 1 MPI processes
%  type: seq
dSdr_b_aug_7810 = [
2.2957868815112224e+03
0.0000000000000000e+00
-7.2776458836522411e-07
-3.0119906244640056e-07
-1.8762610886903699e-07
-1.3345705455224101e-07
-1.0015331479830242e-07
-7.9557976160838529e-08
-6.5597683512605352e-08
-5.5101671226378082e-08
-4.7306418759769371e-08
-4.1329878456973634e-08
-3.6463680255830577e-08
-3.2521176797589226e-08
-2.9288595246028116e-08
-2.6562439756563619e-08
-2.4232670982846091e-08
-2.2550575664001328e-08
-4.1741320272073347e-05
-7.8183977409798297e-04
-7.4464237057025439e-04
-7.0571399378331092e-04
-6.6755345943533308e-04
-6.2953562586933007e-04
-5.8733256776485518e-04
-5.4658500737592792e-04
-5.0751125737776806e-04
-4.6804360498221831e-04
-4.2754081653895902e-04
-3.8424157118257656e-04
-3.4613637005993103e-04
-3.0950671376702121e-04
-2.7492266994267060e-04
-2.3844420527446692e-04
-2.0877107869604850e-04
-1.8294250576376129e-04
-1.6034920622245112e-04
-1.3901244691794399e-04
-1.2285188943011226e-04
-1.1059593889778812e-04
-1.0092410678768338e-04
-9.3131294937622786e-05
-8.8280864936328928e-05
-8.5330590052032934e-05
-8.3727973488417258e-05
-8.3368115747481578e-05
-8.3871644542826145e-05
-8.4885897787518629e-05
-8.6341006918836928e-05
-8.8300972663043158e-05
-9.0026107462386180e-05
-9.1833360158378137e-05
-9.3674905715053478e-05
-9.5449366438847785e-05
-9.6937699805535579e-05
-9.8272662250913339e-05
-9.9557475776320518e-05
-1.0059613625839131e-04
-1.0145126087312275e-04
-1.0214565386576286e-04
-1.0277368613569009e-04
-1.0319114844098061e-04
-1.0344920561106824e-04
-1.0366204073441642e-04
-1.0377031725487685e-04
-1.0374591690579516e-04
-1.0366297694748988e-04
-1.0352154284885993e-04
-1.0329006532619162e-04
-1.0300346551205660e-04
-1.0269958143387693e-04
-1.0234112291711055e-04
-1.0194895079328241e-04
-1.0150090871456356e-04
-1.0105546153516012e-04
-1.0058250232066979e-04
-1.0007070674220444e-04
-9.9573286843275413e-05
-9.9065220236620107e-05
-9.8492459978799412e-05
-9.7956631634018440e-05
-9.7418205803647258e-05
-9.6829926636323314e-05
-9.6282327786939218e-05
-9.5738876041563399e-05
-9.5108316766140416e-05
-9.4561319614676459e-05
-9.3996376446729487e-05
-9.3384340072004247e-05
-9.2838128301664277e-05
-9.2258534771131210e-05
-9.1649389862511811e-05
-9.1099682023050479e-05
-9.0500940506298673e-05
-8.9925638720549707e-05
-8.9385672726475152e-05
-8.8761517677830710e-05
-8.8213678357771354e-05
-8.7662317592763424e-05
-8.7028393018607372e-05
-8.6520106346834095e-05
-8.5940925226044712e-05
-8.5353535006681854e-05
-8.4844403334700982e-05
-8.4216859219097165e-05
-8.3691747692927424e-05
-8.3159397985760539e-05
-8.2555216967929325e-05
-8.2055342529453883e-05
-8.1473686236988727e-05
-8.0922008108340682e-05
-8.0416751258371563e-05
-7.9821170639205044e-05
-7.9324815159546608e-05
-7.8763703652861230e-05
-7.8232921632357270e-05
-7.7707324124683100e-05
-7.7150978596734942e-05
-7.6660123584659611e-05
-7.6082510416366583e-05
-7.5600929371312772e-05
-7.5059041247433719e-05
-7.4525140199110576e-05
-7.4052502452014160e-05
-7.3464731382261937e-05
-7.3014828961113799e-05
-7.2454400431988953e-05
-7.1969422054203857e-05
-7.1456981266787431e-05
-7.0940412373774825e-05
-7.0447055111509498e-05
-6.9925959888234956e-05
-6.9458992437126550e-05
-6.8908706873664960e-05
-6.8468051921614519e-05
-6.7918501348849137e-05
-6.7459450236488899e-05
-6.6947270474401524e-05
-6.6460181642801004e-05
-6.5975315181879976e-05
-6.5482698153453785e-05
-6.5004787307366399e-05
-6.4509996084804268e-05
-6.4042501304230028e-05
-6.3529129977225076e-05
-6.3094882251323731e-05
-6.2559942328687746e-05
-6.2140460108943673e-05
-6.1612585777712434e-05
-6.1186306171477853e-05
-6.0667254089661956e-05
-6.0241546661270058e-05
-5.9715710929830576e-05
-5.9307154721799798e-05
-5.8775081192060594e-05
-5.8368751359420727e-05
-5.7848436905358909e-05
-5.7433236279716357e-05
-5.6921544358870344e-05
-5.6502241321219981e-05
-5.5990948644336585e-05
-5.5581377301613023e-05
-5.5068508087554575e-05
-5.4651295209671516e-05
-5.4164134841917321e-05
-5.3721940251701581e-05
-5.3261613185024726e-05
-5.2801630489737823e-05
-5.2348943737872525e-05
-5.1886661196097844e-05
-5.1441661549008043e-05
-5.0969643427831481e-05
-5.0545861502654742e-05
-5.0049409433172256e-05
-4.9640785224575268e-05
-4.9144294246152619e-05
-4.8723356949275423e-05
-4.8252991091921515e-05
-4.7800334652235180e-05
-4.7364967868789945e-05
-4.6880468656561155e-05
-4.6469984040875828e-05
-4.5969157110347782e-05
-4.5547538808363557e-05
-4.5081396501245198e-05
-4.4630693332288484e-05
-4.4188373135056081e-05
-4.3713998047590143e-05
-4.3294227928916127e-05
-4.2796711518326572e-05
-4.2368786861824895e-05
-4.1902727890326768e-05
-4.1442339592259174e-05
-4.1008345716426391e-05
-4.0511884023409033e-05
-4.0077695099340306e-05
-3.9612089136851030e-05
-3.9144259697707325e-05
-3.8704865431943761e-05
-3.8203593908147684e-05
0.0000000000000000e+00
];
