%Vec Object:dSdr_b_aug_7400 1 MPI processes
%  type: seq
dSdr_b_aug_7400 = [
2.2988737105191708e+03
0.0000000000000000e+00
-7.4261539634554385e-07
-3.0735550409029558e-07
-1.9144849470295201e-07
-1.3618480419779037e-07
-1.0222653022539980e-07
-8.1226680437719860e-08
-6.6991987780700289e-08
-5.6287246202446802e-08
-4.8336884036023571e-08
-4.2241434103481857e-08
-3.7277846509788475e-08
-3.3256298814790889e-08
-2.9958876292827248e-08
-2.7177893228627410e-08
-2.4801119614551718e-08
-2.2842742894429909e-08
-1.1467549155506093e-05
-7.7295323408599445e-04
-7.4686855562067288e-04
-7.0789812082648802e-04
-6.6962812905802221e-04
-6.3150273161659265e-04
-5.8918138145018192e-04
-5.4832285409397075e-04
-5.0914505934115278e-04
-4.6957370318120400e-04
-4.2896643578461545e-04
-3.8555850483900039e-04
-3.4735819914758111e-04
-3.1063868050924706e-04
-2.7597095640081277e-04
-2.3940518343654746e-04
-2.0966149076124632e-04
-1.8377191523855847e-04
-1.6112541959726812e-04
-1.3973833286166107e-04
-1.2353962227807828e-04
-1.1125456915529297e-04
-1.0155913962375103e-04
-9.3746745936097782e-05
-8.8883344798874628e-05
-8.5924142007799426e-05
-8.4315432439660044e-05
-8.3951883693926028e-05
-8.4453589167184209e-05
-8.5467046261047361e-05
-8.6922222506905064e-05
-8.8882663462652798e-05
-9.0608140224224875e-05
-9.2415926869983205e-05
-9.4257753028338079e-05
-9.6032127450762947e-05
-9.7520099148103520e-05
-9.8854259344809326e-05
-1.0013770480905134e-04
-1.0117479446226960e-04
-1.0202808822934463e-04
-1.0272016249171710e-04
-1.0334547604221629e-04
-1.0376017236887927e-04
-1.0401515315651045e-04
-1.0422429275759701e-04
-1.0432918425413869e-04
-1.0430118977270057e-04
-1.0421426395336206e-04
-1.0406871964013438e-04
-1.0383325544652559e-04
-1.0354244275519627e-04
-1.0323406931308046e-04
-1.0287146335195816e-04
-1.0247512550109611e-04
-1.0202214592441072e-04
-1.0157244251228328e-04
-1.0109525278566548e-04
-1.0057844243479802e-04
-1.0007678806640995e-04
-9.9564502960419946e-05
-9.8986604603564592e-05
-9.8446529536264432e-05
-9.7903810299652559e-05
-9.7310538264411804e-05
-9.6758716113504701e-05
-9.6211010572597855e-05
-9.5575412338750823e-05
-9.5024208870408657e-05
-9.4454957562570618e-05
-9.3838090763802214e-05
-9.3287742453777172e-05
-9.2703772984414456e-05
-9.2089911941274806e-05
-9.1536103131628806e-05
-9.0932863241056317e-05
-9.0353136045261882e-05
-8.9809139459066399e-05
-8.9180339836156188e-05
-8.8628252007107096e-05
-8.8072850081861938e-05
-8.7434193876752370e-05
-8.6921923704677420e-05
-8.6338551519021071e-05
-8.5746706397188873e-05
-8.5233645324342481e-05
-8.4601559041517423e-05
-8.4072380452518343e-05
-8.3536011145366661e-05
-8.2927371170529276e-05
-8.2423640582023305e-05
-8.1837604129742986e-05
-8.1281802900782084e-05
-8.0772670308487419e-05
-8.0172570737599397e-05
-7.9672482593634629e-05
-7.9107044723932321e-05
-7.8572257247773111e-05
-7.8042685819113924e-05
-7.7482042227125023e-05
-7.6987447209396901e-05
-7.6405454544108934e-05
-7.5920055190446673e-05
-7.5374102239132579e-05
-7.4836081768129648e-05
-7.4359637235069437e-05
-7.3767514773253890e-05
-7.3313960702381872e-05
-7.2749196573828373e-05
-7.2260514231177147e-05
-7.1743890762433169e-05
-7.1223374744569488e-05
-7.0726114073226695e-05
-7.0200848395077456e-05
-6.9730211397164786e-05
-6.9175540412404741e-05
-6.8731315815550364e-05
-6.8177416521203455e-05
-6.7714648871898441e-05
-6.7198344351745228e-05
-6.6707355095061994e-05
-6.6218521940581015e-05
-6.5721886623050168e-05
-6.5240129373871702e-05
-6.4741182989087583e-05
-6.4269915964921455e-05
-6.3752318287537950e-05
-6.3314345352770846e-05
-6.2775136307357296e-05
-6.2351964543871490e-05
-6.1819775430644444e-05
-6.1389900383974251e-05
-6.0866381975295215e-05
-6.0437110697910437e-05
-5.9906787556418001e-05
-5.9494682119216271e-05
-5.8958092497607766e-05
-5.8548187544233665e-05
-5.8023401569544988e-05
-5.7604583530079982e-05
-5.7088421653808135e-05
-5.6665415453986840e-05
-5.6149694838246653e-05
-5.5736338505517409e-05
-5.5219096662345318e-05
-5.4798031067946236e-05
-5.4306512289240364e-05
-5.3860390748249881e-05
-5.3395767597648495e-05
-5.2931715906049461e-05
-5.2474819244019370e-05
-5.2008311595346558e-05
-5.1559208613471494e-05
-5.1082798367714966e-05
-5.0655048604176153e-05
-5.0153980897564297e-05
-4.9741470862276575e-05
-4.9240354121725409e-05
-4.8815392407229580e-05
-4.8340537368294523e-05
-4.7883612714877230e-05
-4.7443930453353321e-05
-4.6954906144692800e-05
-4.6540313374659845e-05
-4.6034663677627408e-05
-4.5608946808294514e-05
-4.5138100424254254e-05
-4.4683033340010547e-05
-4.4236255873159345e-05
-4.3757172782544811e-05
-4.3333154948462935e-05
-4.2830640114652522e-05
-4.2398373360456317e-05
-4.1927601968723695e-05
-4.1462501499223514e-05
-4.1024069768289296e-05
-4.0522479994132049e-05
-4.0083819464536513e-05
-3.9613372817573385e-05
-3.9140609828599749e-05
-3.8696674394720295e-05
-3.8189935158455647e-05
0.0000000000000000e+00
];
