%Vec Object:dSdr_b_aug_1400 1 MPI processes
%  type: seq
dSdr_b_aug_1400 = [
2.4400671338883453e+03
0.0000000000000000e+00
-1.9745330444300381e-06
-8.0803137291436499e-07
-4.9454164753050550e-07
-3.4810885818676838e-07
-2.6126395232145947e-07
-2.0763793660188126e-07
-1.7129211977987060e-07
-1.4377009657046084e-07
-1.2333950055441801e-07
-1.0768430591118867e-07
-9.4917559269710118e-08
-8.4573758110379188e-08
-7.6095046037722138e-08
-6.8944037802968772e-08
-6.2832046497963322e-08
-5.7617773490130801e-08
-5.3109656001455732e-08
-4.9130818262154136e-08
-4.5645180914186421e-08
-4.2571187303005954e-08
-3.9806985195166667e-08
-3.7349777911758618e-08
-7.5202745071418605e-08
-4.8526221385241413e-05
-5.1211826147223849e-04
-5.0949846345490265e-04
-4.6790991978815804e-04
-4.2164513068268820e-04
-3.8084792432143099e-04
-3.4166625729697649e-04
-3.0470495345729482e-04
-2.6574604391488429e-04
-2.3406810753392752e-04
-2.0650642488593716e-04
-1.8240180078105505e-04
-1.5963521702556661e-04
-1.4239071531651741e-04
-1.2930795424585779e-04
-1.1896571031482147e-04
-1.1061656917251072e-04
-1.0539762251594135e-04
-1.0219370071117904e-04
-1.0041797793749366e-04
-9.9953255762957061e-05
-1.0040498178681063e-04
-1.0139661467489671e-04
-1.0285362923457360e-04
-1.0482709465575137e-04
-1.0656194357183030e-04
-1.0838436490228462e-04
-1.1023388142966111e-04
-1.1200588931599024e-04
-1.1348394659950491e-04
-1.1479611596818416e-04
-1.1604206148143635e-04
-1.1703609328988254e-04
-1.1783920203011128e-04
-1.1846771822877180e-04
-1.1901850986811350e-04
-1.1935738892771836e-04
-1.1952804417488867e-04
-1.1963588736104212e-04
-1.1964799336889134e-04
-1.1952148166964735e-04
-1.1932530119483201e-04
-1.1906709365815330e-04
-1.1872235264910219e-04
-1.1831606274473985e-04
-1.1788463347813637e-04
-1.1740834387814532e-04
-1.1689782126584078e-04
-1.1630950235192648e-04
-1.1574313340142727e-04
-1.1514998316133800e-04
-1.1449571538014563e-04
-1.1387799204624789e-04
-1.1325007573240958e-04
-1.1253133953522225e-04
-1.1187485966707865e-04
-1.1121445601578540e-04
-1.1048432701429040e-04
-1.0981674206498655e-04
-1.0915243787794330e-04
-1.0837871933693486e-04
-1.0771221864591968e-04
-1.0702487910711008e-04
-1.0627560803942204e-04
-1.0561187514786778e-04
-1.0490795906415808e-04
-1.0416482649409681e-04
-1.0349860809369490e-04
-1.0277206560462690e-04
-1.0207103581817727e-04
-1.0141655878334259e-04
-1.0066044918801484e-04
-9.9991907715640241e-05
-9.9325735672725743e-05
-9.8557383239527934e-05
-9.7935923438473112e-05
-9.7237672269864971e-05
-9.6523716339773141e-05
-9.5902948695694490e-05
-9.5146359643766347e-05
-9.4505701111603985e-05
-9.3859152841977597e-05
-9.3128290934430932e-05
-9.2518861624641899e-05
-9.1812763110713693e-05
-9.1143945939476263e-05
-9.0528577600356377e-05
-8.9804611628315035e-05
-8.9202209577058078e-05
-8.8518184254842729e-05
-8.7873605544530741e-05
-8.7235107264791315e-05
-8.6556651918383035e-05
-8.5959541781039107e-05
-8.5257505256148728e-05
-8.4667444471125060e-05
-8.4010072902466538e-05
-8.3359137337868792e-05
-8.2778347227482213e-05
-8.2066951298724375e-05
-8.1513304014297058e-05
-8.0829699311718215e-05
-8.0239489786772258e-05
-7.9608217307908797e-05
-7.8979508996112650e-05
-7.8375254305711059e-05
-7.7735674770811763e-05
-7.7164454037639133e-05
-7.6489576886469901e-05
-7.5947506927837201e-05
-7.5274407439833497e-05
-7.4709768067452473e-05
-7.4080402311994939e-05
-7.3482500897311840e-05
-7.2884939146533953e-05
-7.2278160987962803e-05
-7.1690972382408927e-05
-7.1078131427904976e-05
-7.0503465818681194e-05
-6.9870022302565265e-05
-6.9329940053634273e-05
-6.8673712793916134e-05
-6.8149409347057391e-05
-6.7498950516926991e-05
-6.6970523241607923e-05
-6.6324581245158664e-05
-6.5797623720292910e-05
-6.5144299142606897e-05
-6.4634908245057848e-05
-6.3974531065403588e-05
-6.3466631014082436e-05
-6.2819279266559025e-05
-6.2301306931257766e-05
-6.1662622264369325e-05
-6.1138111454626069e-05
-6.0501019837718608e-05
-5.9983916059335312e-05
-5.9346819396146262e-05
-5.8820150068398052e-05
-5.8209166331045899e-05
-5.7655406420687309e-05
-5.7073026888592441e-05
-5.6497443488324282e-05
-5.5925152715637957e-05
-5.5342834534921440e-05
-5.4781258985859847e-05
-5.4184460482693827e-05
-5.3647952503000671e-05
-5.3020370358410251e-05
-5.2501350520723203e-05
-5.1873442325937104e-05
-5.1338172563481044e-05
-5.0740270481430397e-05
-5.0166356039252192e-05
-4.9608388957029227e-05
-4.8995334742231825e-05
-4.8468141323875851e-05
-4.7830304113457569e-05
-4.7292251394729219e-05
-4.6692473299312821e-05
-4.6117800213904213e-05
-4.5548860089664852e-05
-4.4940744596744281e-05
-4.4400314853939194e-05
-4.3760816354056709e-05
-4.3209563428133297e-05
-4.2609666119922566e-05
-4.2015462988413575e-05
-4.1455473778318303e-05
-4.0813452065425794e-05
-4.0252436056159544e-05
-3.9649690605282467e-05
-3.9042517863246450e-05
-3.8476409855458629e-05
-3.7832017133813133e-05
0.0000000000000000e+00
];
