%Vec Object:dSdr_b_aug_5540 1 MPI processes
%  type: seq
dSdr_b_aug_5540 = [
2.3234563987232859e+03
0.0000000000000000e+00
-8.7202444434948645e-07
-3.6030580093695501e-07
-2.2385022874271487e-07
-1.5898013155868674e-07
-1.1932802982912733e-07
-9.4812730769971256e-08
-7.8195434090711795e-08
-6.5685996136835084e-08
-5.6396074806694368e-08
-4.9274269324358083e-08
-4.3473641838722268e-08
-3.8773952875174259e-08
-3.4920707563872640e-08
-3.1670969318527176e-08
-2.8893576751452430e-08
-2.6523685083334541e-08
-2.4564992426591395e-08
-7.3450942817944484e-06
-7.2370916616247864e-04
-7.1875986908728426e-04
-6.8022338942797780e-04
-6.4155235604083482e-04
-5.9862673999355775e-04
-5.5720129801404216e-04
-5.1749195156897165e-04
-4.7739078574100661e-04
-4.3624974833654799e-04
-3.9228655621224184e-04
-3.5360037308820332e-04
-3.1642175888962930e-04
-2.8132652260778656e-04
-2.4431470241937145e-04
-2.1421049633204856e-04
-1.8800926616371162e-04
-1.6509099826703873e-04
-1.4344679495468707e-04
-1.2705316535791046e-04
-1.1461943204971052e-04
-1.0480344639825410e-04
-9.6891011311208268e-05
-9.1961342012633434e-05
-8.8956527412661579e-05
-8.7316689203594127e-05
-8.6934283340698212e-05
-8.7426673464872831e-05
-8.8436062912487494e-05
-8.9891581840680085e-05
-9.1854450407637285e-05
-9.3581674076293438e-05
-9.5392188571851043e-05
-9.7235448258338935e-05
-9.9009381748970787e-05
-1.0049550569628570e-04
-1.0182556727983855e-04
-1.0310202346673312e-04
-1.0413108792952272e-04
-1.0497502810395595e-04
-1.0565525624334320e-04
-1.0626668017696047e-04
-1.0666724544658142e-04
-1.0690650936364258e-04
-1.0709676898649123e-04
-1.0718436680309535e-04
-1.0713801033349585e-04
-1.0703072123345415e-04
-1.0686417833312364e-04
-1.0660834672226518e-04
-1.0629601095452346e-04
-1.0596470189995862e-04
-1.0558090715156029e-04
-1.0516328710985889e-04
-1.0468508246077901e-04
-1.0421363447620470e-04
-1.0371483158079397e-04
-1.0317240137298569e-04
-1.0264911361884902e-04
-1.0211527671673174e-04
-1.0151112844327263e-04
-1.0094935739157683e-04
-1.0038470366944092e-04
-9.9765923686013898e-05
-9.9192525206254702e-05
-9.8623087546599345e-05
-9.7961745894433464e-05
-9.7389052870193560e-05
-9.6797791805489585e-05
-9.6156246965108485e-05
-9.5584765582655239e-05
-9.4978439980498918e-05
-9.4340484787078300e-05
-9.3765724625580291e-05
-9.3139503097408314e-05
-9.2537167026954860e-05
-9.1972578642007159e-05
-9.1320050461884169e-05
-9.0746257524028389e-05
-9.0170209809109091e-05
-8.9507380285233393e-05
-8.8974758901093516e-05
-8.8369975084995325e-05
-8.7755370422288982e-05
-8.7222234531106828e-05
-8.6566942882838156e-05
-8.6016986177766711e-05
-8.5460081236443840e-05
-8.4828661007079078e-05
-8.4305229830088541e-05
-8.3696815688522619e-05
-8.3119950055469247e-05
-8.2591016780367741e-05
-8.1967830449941286e-05
-8.1448672591297094e-05
-8.0861131874025138e-05
-8.0305881026296132e-05
-7.9756007332927912e-05
-7.9173405469704696e-05
-7.8659703231932342e-05
-7.8055336264900213e-05
-7.7550429651379349e-05
-7.6983710006351961e-05
-7.6424643921445853e-05
-7.5928750996784029e-05
-7.5314397818745683e-05
-7.4842187928432106e-05
-7.4255273766608870e-05
-7.3747668333437973e-05
-7.3209676071405466e-05
-7.2668994689321838e-05
-7.2151791992440794e-05
-7.1605219985214970e-05
-7.1115835735605380e-05
-7.0538760185629514e-05
-7.0076298724544515e-05
-6.9500182359901995e-05
-6.9018427393344168e-05
-6.8481050005381967e-05
-6.7970133970583028e-05
-6.7461035480957077e-05
-6.6943871233522825e-05
-6.6442463199184004e-05
-6.5922288617651029e-05
-6.5431749680976481e-05
-6.4892560116533587e-05
-6.4435555564856925e-05
-6.3874536114832221e-05
-6.3432514944408131e-05
-6.2878282160657771e-05
-6.2430038470680658e-05
-6.1883702169132317e-05
-6.1436223646908162e-05
-6.0882974903054224e-05
-6.0452736913770297e-05
-5.9893075160180140e-05
-5.9464905380238275e-05
-5.8917274985012718e-05
-5.8479976051627726e-05
-5.7940977754188782e-05
-5.7499052586000265e-05
-5.6960710210099596e-05
-5.6528016864530881e-05
-5.5988435836127550e-05
-5.5547687227226496e-05
-5.5033901907114103e-05
-5.4567718103885655e-05
-5.4081146839030619e-05
-5.3596307199281475e-05
-5.3117902681791551e-05
-5.2629809544143093e-05
-5.2159743196950690e-05
-5.1660894200819839e-05
-5.1212873318671059e-05
-5.0688224978467659e-05
-5.0255862828124350e-05
-4.9731113745519990e-05
-4.9285591893951108e-05
-4.8787802310916040e-05
-4.8309072026417810e-05
-4.7847342684612333e-05
-4.7335200405254661e-05
-4.6899619795173117e-05
-4.6369331428713788e-05
-4.5922675771899219e-05
-4.5427797178960576e-05
-4.4950435792686864e-05
-4.4480887169329829e-05
-4.3977752063950899e-05
-4.3532033906943072e-05
-4.3003983675820088e-05
-4.2549534876972814e-05
-4.2054689906553098e-05
-4.1565517726189501e-05
-4.1104416678534583e-05
-4.0576632935062047e-05
-4.0115135267692045e-05
-3.9619972172900587e-05
-3.9122034004667364e-05
-3.8654981550881562e-05
-3.8120749386964105e-05
0.0000000000000000e+00
];
