%Vec Object:dSdr_b_aug_2760 1 MPI processes
%  type: seq
dSdr_b_aug_2760 = [
2.3842963639767831e+03
0.0000000000000000e+00
-1.3212886963440854e-06
-5.4340748173214975e-07
-3.3516819997657269e-07
-2.3700520473307300e-07
-1.7788623498648807e-07
-1.4135765882786768e-07
-1.1659850323481025e-07
-9.7906111802187961e-08
-8.4027338714637486e-08
-7.3390147406687585e-08
-6.4720838230561120e-08
-5.7696890495922711e-08
-5.1938737317072548e-08
-4.7082341787827598e-08
-4.2931673270034999e-08
-3.9390332246130494e-08
-3.6328349432545185e-08
-3.3625718763750586e-08
-3.1258197184138902e-08
-3.4189761381743479e-08
-4.2705717986168016e-05
-6.4231839502474969e-04
-6.1966874351774886e-04
-5.7741716103495750e-04
-5.3651043435172649e-04
-4.9520259531169169e-04
-4.5284535034488917e-04
-4.0761695409203419e-04
-3.6782366125337067e-04
-3.2959896179947612e-04
-2.9352960548766218e-04
-2.5550143175998301e-04
-2.2457576761579303e-04
-1.9766440792168293e-04
-1.7412688565619303e-04
-1.5189682211580119e-04
-1.3505905427642551e-04
-1.2228654148323592e-04
-1.1219585958705288e-04
-1.0405547274400608e-04
-9.8974806565032324e-05
-9.5866062126810972e-05
-9.4155295048873607e-05
-9.3729921887467755e-05
-9.4201086338486966e-05
-9.5201207388236100e-05
-9.6657507174292099e-05
-9.8625907251277168e-05
-1.0035711127964282e-04
-1.0217384098706551e-04
-1.0402036669699781e-04
-1.0579329513316568e-04
-1.0727520850950455e-04
-1.0859593077589020e-04
-1.0985646105911557e-04
-1.1086723923014131e-04
-1.1168986626168238e-04
-1.1234310184780935e-04
-1.1292287698018251e-04
-1.1329124332236151e-04
-1.1349469492353151e-04
-1.1364193485132555e-04
-1.1369012748820901e-04
-1.1360193162432070e-04
-1.1344824303594643e-04
-1.1323385305932529e-04
-1.1293161254977538e-04
-1.1257023462991286e-04
-1.1218666485481740e-04
-1.1175458967027901e-04
-1.1128847639628534e-04
-1.1075279439211818e-04
-1.1023179964697871e-04
-1.0968374940645033e-04
-1.0908294230137945e-04
-1.0851036113939607e-04
-1.0792741673927800e-04
-1.0726345593259237e-04
-1.0665224884126795e-04
-1.0603761563717514e-04
-1.0536071375753288e-04
-1.0473815188617344e-04
-1.0411919585637876e-04
-1.0339919577398542e-04
-1.0277753707998645e-04
-1.0213612502771518e-04
-1.0143834930420087e-04
-1.0081871453011801e-04
-1.0016144869802647e-04
-9.9468593065978004e-05
-9.8846093579624446e-05
-9.8167506561782765e-05
-9.7513654371804545e-05
-9.6902145933874931e-05
-9.6195550350884070e-05
-9.5572300596630756e-05
-9.4949209807847909e-05
-9.4231299458528761e-05
-9.3652306219552730e-05
-9.2998734319478480e-05
-9.2332270270001389e-05
-9.1753392343547408e-05
-9.1045225463266594e-05
-9.0447924204721674e-05
-8.9844227224533123e-05
-8.9160900413203856e-05
-8.8592579915446781e-05
-8.7933176469377902e-05
-8.7308313955860317e-05
-8.6734263288902426e-05
-8.6058471983530027e-05
-8.5495862302640432e-05
-8.4857958532306849e-05
-8.4256080307018984e-05
-8.3659946331444623e-05
-8.3027310845846326e-05
-8.2470071330422554e-05
-8.1814722784583215e-05
-8.1265367372817323e-05
-8.0651329211794853e-05
-8.0044309070153756e-05
-7.9504101485873243e-05
-7.8839093904762677e-05
-7.8324375294715908e-05
-7.7686990574259122e-05
-7.7136267425830085e-05
-7.6549584723833387e-05
-7.5962955010928996e-05
-7.5400312879140039e-05
-7.4805192765798657e-05
-7.4273091470112597e-05
-7.3644965400102960e-05
-7.3140949853866115e-05
-7.2514210194574735e-05
-7.1989191180434051e-05
-7.1403797656612440e-05
-7.0847476943270855e-05
-7.0292202348431343e-05
-6.9728261376914084e-05
-6.9182077542654646e-05
-6.8613532907696014e-05
-6.8079081467490424e-05
-6.7490693158837422e-05
-6.6990323641694601e-05
-6.6379607545169551e-05
-6.5894636595805370e-05
-6.5290175658383110e-05
-6.4800077655444483e-05
-6.4201749082289935e-05
-6.3712784015394289e-05
-6.3107297585780891e-05
-6.2635743255501429e-05
-6.2023509948962234e-05
-6.1553722442712382e-05
-6.0954039366570807e-05
-6.0474630395528595e-05
-5.9883597660366376e-05
-5.9398564284976191e-05
-5.8808676612782007e-05
-5.8331922533403139e-05
-5.7741440101313962e-05
-5.7255842392131060e-05
-5.6691321220187158e-05
-5.6179424202829736e-05
-5.5642842680675971e-05
-5.5110636333248490e-05
-5.4583224764790021e-05
-5.4045947707846886e-05
-5.3528115026402967e-05
-5.2978137948969210e-05
-5.2483928137939055e-05
-5.1905549925867646e-05
-5.1427953666784093e-05
-5.0849356993668480e-05
-5.0356987868594568e-05
-4.9806940817990561e-05
-4.9278525468226167e-05
-4.8766561001137709e-05
-4.8201743618061457e-05
-4.7718341711654022e-05
-4.7131913541987961e-05
-4.6637548761130735e-05
-4.6087912724868674e-05
-4.5559754196827043e-05
-4.5038322324846099e-05
-4.4480386026302796e-05
-4.3985225946514916e-05
-4.3398996362817244e-05
-4.2894010542247793e-05
-4.2344320715809724e-05
-4.1800311193531989e-05
-4.1287573430384773e-05
-4.0700130667439549e-05
-4.0186639039005548e-05
-3.9635234069742697e-05
-3.9080094559868899e-05
-3.8560822756022285e-05
-3.7966354456768348e-05
0.0000000000000000e+00
];
