%Vec Object:dSdr_b_aug_4310 1 MPI processes
%  type: seq
dSdr_b_aug_4310 = [
2.3453741591821399e+03
0.0000000000000000e+00
-1.0098489656558387e-06
-4.1661215059537373e-07
-2.5820862277394476e-07
-1.8311811290822919e-07
-1.3744894284207993e-07
-1.0921941371244237e-07
-9.0084743328845159e-08
-7.5665760830307104e-08
-6.4958483773753292e-08
-5.6750782952316734e-08
-5.0064150304094283e-08
-4.4646580923768800e-08
-4.0204943794060956e-08
-3.6458913632154133e-08
-3.3257296110234681e-08
-3.0525508586645973e-08
-2.8163368838950519e-08
-2.6339785333709396e-08
-1.0335955373678059e-05
-6.9150102689430749e-04
-6.8872320569158131e-04
-6.5001663575545350e-04
-6.0658922541197450e-04
-5.6468604371059353e-04
-5.2452859169467407e-04
-4.8398078325635340e-04
-4.4238976435122105e-04
-3.9795847312627548e-04
-3.5886268313790063e-04
-3.2129703986916137e-04
-2.8584140010725413e-04
-2.4845355093737909e-04
-2.1804542301302599e-04
-1.9158146017232382e-04
-1.6843408145841452e-04
-1.4657312243830973e-04
-1.3001517123121671e-04
-1.1745609679647919e-04
-1.0753847944517521e-04
-9.9541707118441601e-05
-9.4556172239788967e-05
-9.1512905859386580e-05
-8.9846825522816223e-05
-8.9448522715574358e-05
-8.9933059830613033e-05
-9.0939020203569874e-05
-9.2394828065303633e-05
-9.4359743204284894e-05
-9.6088439527601983e-05
-9.7901253466642406e-05
-9.9745721463969405e-05
-1.0151928306179655e-04
-1.0300384914677800e-04
-1.0433045534423888e-04
-1.0560101925226571e-04
-1.0662331814531599e-04
-1.0745937288181672e-04
-1.0812961441906383e-04
-1.0872932903987763e-04
-1.0911798145782946e-04
-1.0934399564373881e-04
-1.0951833895709520e-04
-1.0959135775431111e-04
-1.0952952165554075e-04
-1.0940506578714978e-04
-1.0922082053980819e-04
-1.0894781867460529e-04
-1.0861733840337645e-04
-1.0826669404242082e-04
-1.0786503660558130e-04
-1.0742947513430666e-04
-1.0693000510792604e-04
-1.0644022589519891e-04
-1.0592320254856128e-04
-1.0535917415116427e-04
-1.0481764890298199e-04
-1.0426564328918642e-04
-1.0363936567084972e-04
-1.0305930435363492e-04
-1.0247615930376739e-04
-1.0183587547412758e-04
-1.0124428760210532e-04
-1.0065652921557443e-04
-9.9973485210545340e-05
-9.9382675946340071e-05
-9.8772860099376373e-05
-9.8110511045896038e-05
-9.7521213948447517e-05
-9.6896041560868044e-05
-9.6237774389798251e-05
-9.5645351708704027e-05
-9.4999756079244721e-05
-9.4378360156107936e-05
-9.3796412364191101e-05
-9.3123880411136189e-05
-9.2531789518183197e-05
-9.1938336880896429e-05
-9.1255128639223791e-05
-9.0705350669177906e-05
-9.0082516311005555e-05
-8.9448724786962531e-05
-8.8898665322957970e-05
-8.8223810972244205e-05
-8.7656337796878714e-05
-8.7082120803685039e-05
-8.6431496251297094e-05
-8.5891456987062349e-05
-8.5264177895238378e-05
-8.4669554444395464e-05
-8.4123928700323913e-05
-8.3481279655948554e-05
-8.2946045553039329e-05
-8.2339871584503923e-05
-8.1767369605028662e-05
-8.1200380597167506e-05
-8.0599267364538717e-05
-8.0069457265159787e-05
-7.9446228204876475e-05
-7.8924876486421330e-05
-7.8340650002337557e-05
-7.7763841941801875e-05
-7.7251553540097015e-05
-7.6618459315861445e-05
-7.6130522107067749e-05
-7.5524934917153803e-05
-7.5001376849742461e-05
-7.4445370164875880e-05
-7.3887688881121166e-05
-7.3353674562888933e-05
-7.2789140792475183e-05
-7.2283952146331342e-05
-7.1687988993145632e-05
-7.1210153405493282e-05
-7.0615307501176622e-05
-7.0117545757981457e-05
-6.9562403422374238e-05
-6.9034688622636781e-05
-6.8508505956373005e-05
-6.7974035315745171e-05
-6.7456061186684896e-05
-6.6917990713357431e-05
-6.6411205082043549e-05
-6.5853813026831820e-05
-6.5380764356729007e-05
-6.4801358201408820e-05
-6.4343446521328542e-05
-6.3770630384587528e-05
-6.3306901482214174e-05
-6.2741329140298703e-05
-6.2278501470251516e-05
-6.1705925886047241e-05
-6.1260401718623393e-05
-6.0681289598650843e-05
-6.0237722132047281e-05
-5.9670833339283711e-05
-5.9217954571679926e-05
-5.8659704623169743e-05
-5.8201830316070620e-05
-5.7644417257116919e-05
-5.7195422354248110e-05
-5.6637008864643476e-05
-5.6179667014810591e-05
-5.5647110478804942e-05
-5.5164013724859508e-05
-5.4658939691985023e-05
-5.4156575336849378e-05
-5.3660039207883283e-05
-5.3153749016239492e-05
-5.2666010085679735e-05
-5.2148244725410404e-05
-5.1683134852867466e-05
-5.1138607526227002e-05
-5.0689509631223360e-05
-5.0144837988556306e-05
-4.9681983532649923e-05
-4.9164859674228789e-05
-4.8667746831140333e-05
-4.8187431400478889e-05
-4.7655800267186784e-05
-4.7202526580531186e-05
-4.6651467430317147e-05
-4.6187160118977847e-05
-4.5672022088653619e-05
-4.5175866423532712e-05
-4.4687121597469196e-05
-4.4163710595597505e-05
-4.3699699207525473e-05
-4.3150122868395605e-05
-4.2676975171986662e-05
-4.2161837066659834e-05
-4.1652373885059144e-05
-4.1172164974778140e-05
-4.0622303520894594e-05
-4.0141560819191272e-05
-3.9625574239332511e-05
-3.9106440519234217e-05
-3.8619977487439438e-05
-3.8062978868282339e-05
0.0000000000000000e+00
];
