%Vec Object:dSdr_b_aug_5910 1 MPI processes
%  type: seq
dSdr_b_aug_5910 = [
2.3197641186337542e+03
0.0000000000000000e+00
-8.5076960967797666e-07
-3.5160376764346552e-07
-2.1852591964062436e-07
-1.5523154266093084e-07
-1.1650996352980810e-07
-9.2569173735725174e-08
-7.6341301412027294e-08
-6.4127259650958097e-08
-5.5056628042783510e-08
-4.8102845126361398e-08
-4.2439356983001635e-08
-3.7850804652522203e-08
-3.4088658967350826e-08
-3.0915780988655671e-08
-2.8204108334552832e-08
-2.5890289533989937e-08
-2.4393308450314370e-08
-3.4291616439432683e-05
-7.4692275073558190e-04
-7.1644040609654088e-04
-6.7781712682050542e-04
-6.3926816761471813e-04
-5.9647986145151637e-04
-5.5518327522233787e-04
-5.1559474760895583e-04
-4.7561400469000296e-04
-4.3459429036117592e-04
-3.9075730614267549e-04
-3.5218156036883192e-04
-3.1510729614441142e-04
-2.8010923110188032e-04
-2.4319879507315439e-04
-2.1317653176540426e-04
-1.8704613903956473e-04
-1.6418964353090310e-04
-1.4260388145015716e-04
-1.2625455590894679e-04
-1.1385461681584982e-04
-1.0406603289085867e-04
-9.6176336632010972e-05
-9.1261729687232301e-05
-8.8267282365655353e-05
-8.6634519491820937e-05
-8.6256399715666459e-05
-8.6750907136792584e-05
-8.7761221109414715e-05
-8.9216662218547706e-05
-9.1178979110562985e-05
-9.2905805789296825e-05
-9.4715700254598018e-05
-9.6558634103524022e-05
-9.8332667811644410e-05
-9.9819211739116137e-05
-1.0115020491227394e-04
-1.0242824972154795e-04
-1.0345913826448920e-04
-1.0430520445803523e-04
-1.0498812515559164e-04
-1.0560270612277509e-04
-1.0600648330419358e-04
-1.0624931958017013e-04
-1.0644387051953513e-04
-1.0653539909561259e-04
-1.0649321620637565e-04
-1.0639055556989380e-04
-1.0622878553495323e-04
-1.0597758332802532e-04
-1.0567013963945479e-04
-1.0534404372601192e-04
-1.0496506507475262e-04
-1.0455228236037507e-04
-1.0407981123462078e-04
-1.0361330567433057e-04
-1.0311941533590099e-04
-1.0258280838395793e-04
-1.0206443778207986e-04
-1.0153549948736339e-04
-1.0093731767907854e-04
-1.0038047800806970e-04
-9.9820809876684355e-05
-9.9207827713048384e-05
-9.8639333416990200e-05
-9.8074835351265899e-05
-9.7419345040073509e-05
-9.6851536476563028e-05
-9.6265278111529859e-05
-9.5629342457725604e-05
-9.5062664509274652e-05
-9.4461420336234219e-05
-9.3828941614064820e-05
-9.3258943582496962e-05
-9.2637945657410547e-05
-9.2040748463019081e-05
-9.1480840483543452e-05
-9.0833705677391077e-05
-9.0264846194476131e-05
-8.9693491156920863e-05
-8.9036156098988776e-05
-8.8508160436309434e-05
-8.7908243369703783e-05
-8.7298811829912245e-05
-8.6770238838545090e-05
-8.6120221646784106e-05
-8.5574987697387559e-05
-8.5022750396914271e-05
-8.4396507998665265e-05
-8.3877554661120619e-05
-8.3274226849770742e-05
-8.2702149044232490e-05
-8.2177716359548554e-05
-8.1559777527297073e-05
-8.1044954113955003e-05
-8.0462437256955093e-05
-7.9911837625369145e-05
-7.9366578529434833e-05
-7.8788967665131257e-05
-7.8279608397568626e-05
-7.7680326991039445e-05
-7.7179854274697532e-05
-7.6617854789500509e-05
-7.6063572261527695e-05
-7.5572099853696859e-05
-7.4962799600134116e-05
-7.4494830079306312e-05
-7.3912950503213551e-05
-7.3409646188919893e-05
-7.2876510941012479e-05
-7.2340413040098992e-05
-7.1827743060737346e-05
-7.1286013870016905e-05
-7.0800890772307952e-05
-7.0228907662184663e-05
-6.9770591344770424e-05
-6.9199524803508633e-05
-6.8722085554730493e-05
-6.8189497919167168e-05
-6.7683111136766886e-05
-6.7178618851815793e-05
-6.6666120722845676e-05
-6.6169179209439778e-05
-6.5653829686187636e-05
-6.5167671154919111e-05
-6.4633389313866046e-05
-6.4180710549902959e-05
-6.3624648491415230e-05
-6.3186911693613549e-05
-6.2637689321790082e-05
-6.2193620729745293e-05
-6.1652470817063205e-05
-6.1209130708122239e-05
-6.0661092835329519e-05
-6.0234976282469004e-05
-5.9680558705813125e-05
-5.9256540428062832e-05
-5.8714102452709030e-05
-5.8281004133068948e-05
-5.7747196437916512e-05
-5.7309571456146370e-05
-5.6776370891995515e-05
-5.6348072752936477e-05
-5.5813569309438204e-05
-5.5377294552393722e-05
-5.4868570306713120e-05
-5.4406946557596017e-05
-5.3925363991706855e-05
-5.3445249352159154e-05
-5.2971733466846000e-05
-5.2488546608094937e-05
-5.2023245135519041e-05
-5.1529496362513531e-05
-5.1086083013710115e-05
-5.0566794443823752e-05
-5.0138944593124971e-05
-4.9619567038100116e-05
-4.9178718420663714e-05
-4.8686141765018189e-05
-4.8212367815534539e-05
-4.7755649693031374e-05
-4.7248762045989894e-05
-4.6817951906649820e-05
-4.6293263833000632e-05
-4.5851367514339875e-05
-4.5361951389592753e-05
-4.4889657469092749e-05
-4.4425284716724652e-05
-4.3927616639611797e-05
-4.3486831016158634e-05
-4.2964585056843904e-05
-4.2515178393177680e-05
-4.2025805587057652e-05
-4.1542105287340305e-05
-4.1086157587942213e-05
-4.0564328714890350e-05
-4.0108023640706176e-05
-3.9618481803001317e-05
-3.9126272952561050e-05
-3.8664495000483719e-05
-3.8136619273153213e-05
0.0000000000000000e+00
];
