%Vec Object:dSdr_b_aug_2360 1 MPI processes
%  type: seq
dSdr_b_aug_2360 = [
2.3973563050982843e+03
0.0000000000000000e+00
-1.4467658058972256e-06
-5.9326348587625187e-07
-3.6458223632926877e-07
-2.5702014569607146e-07
-1.9250769363681357e-07
-1.5265559810039711e-07
-1.2564642772110218e-07
-1.0525760599190250e-07
-9.0121972570124280e-08
-7.8522465719348513e-08
-6.9073849617921025e-08
-6.1420352923507340e-08
-5.5146751539980699e-08
-4.9857545550068172e-08
-4.5338944551161978e-08
-4.1484098439024688e-08
-3.8151614785661677e-08
-3.5211964622863275e-08
-3.2636765454194026e-08
-3.0383801748144751e-08
-2.3128129549404605e-07
-2.4471753364530387e-04
-6.1778151285151557e-04
-5.8158353328804588e-04
-5.4059687937259033e-04
-4.9903608699271415e-04
-4.5641742117285324e-04
-4.1091672261488107e-04
-3.7088513351613093e-04
-3.3243527101144724e-04
-2.9615624150816487e-04
-2.5790930405194482e-04
-2.2680682620618742e-04
-1.9974261557599492e-04
-1.7607180267939967e-04
-1.5371563637925196e-04
-1.3678227055573749e-04
-1.2393683759758417e-04
-1.1378702905722422e-04
-1.0559757703252841e-04
-1.0048440973890125e-04
-9.7353295079928809e-05
-9.5627261038584138e-05
-9.5192639471602237e-05
-9.5659235267749808e-05
-9.6657361391155140e-05
-9.8113829289917079e-05
-1.0008342002730146e-04
-1.0181548084457526e-04
-1.0363354839649507e-04
-1.0548077715275135e-04
-1.0725348930856889e-04
-1.0873449643308303e-04
-1.1005320851404762e-04
-1.1131031088763899e-04
-1.1231715308730942e-04
-1.1313519263426667e-04
-1.1378261827612503e-04
-1.1435558123414608e-04
-1.1471701698875673e-04
-1.1491276024143525e-04
-1.1505074047618292e-04
-1.1509045142024172e-04
-1.1499324991272139e-04
-1.1482957414793076e-04
-1.1460488540958280e-04
-1.1429265569586067e-04
-1.1392072177956721e-04
-1.1352590323056274e-04
-1.1308343600236266e-04
-1.1260688484961380e-04
-1.1205883114444488e-04
-1.1152717171147713e-04
-1.1096852123308883e-04
-1.1035514881399792e-04
-1.0977195753870653e-04
-1.0917844306362275e-04
-1.0850160799027133e-04
-1.0787976010715963e-04
-1.0725436913860484e-04
-1.0656495689086981e-04
-1.0593181291310247e-04
-1.0530219836990224e-04
-1.0456957243346176e-04
-1.0393737419112591e-04
-1.0328516745818551e-04
-1.0257528839458511e-04
-1.0194528890962097e-04
-1.0127705851710964e-04
-1.0057238591452649e-04
-9.9939610842299560e-05
-9.9249752485573741e-05
-9.8584811778244726e-05
-9.7963204097333161e-05
-9.7244970849098765e-05
-9.6611075829359394e-05
-9.5977859317895913e-05
-9.5248093170292926e-05
-9.4659118684235308e-05
-9.3995045455447983e-05
-9.3317418995200244e-05
-9.2728695379394146e-05
-9.2009147433801447e-05
-9.1401655553709164e-05
-9.0787886877154327e-05
-9.0093387496030156e-05
-8.9515404849812135e-05
-8.8845026271942176e-05
-8.8209832726970396e-05
-8.7626070820300841e-05
-8.6938956619797604e-05
-8.6366994202285920e-05
-8.5718250096160519e-05
-8.5106335615606576e-05
-8.4500244399566036e-05
-8.3856839485566489e-05
-8.3290228838976086e-05
-8.2623906822657694e-05
-8.2064984080291612e-05
-8.1440760899670534e-05
-8.0823418942084591e-05
-8.0273672899079700e-05
-7.9597762268890536e-05
-7.9073893916871860e-05
-7.8425645718239968e-05
-7.7865641744765781e-05
-7.7268478723480988e-05
-7.6671958912703526e-05
-7.6099536219412505e-05
-7.5493966422261245e-05
-7.4952670541512069e-05
-7.4313556158030225e-05
-7.3800596346056458e-05
-7.3162960330050997e-05
-7.2628628990624772e-05
-7.2032900283801370e-05
-7.1466806486778276e-05
-7.0901592763018972e-05
-7.0327583382552518e-05
-6.9771761825125953e-05
-6.9192805825883341e-05
-6.8648902480375408e-05
-6.8049924435492414e-05
-6.7540220865818982e-05
-6.6918807861037857e-05
-6.6424592223809150e-05
-6.5809319972755031e-05
-6.5310213072127538e-05
-6.4700693468012059e-05
-6.4202798661016044e-05
-6.3586068374094415e-05
-6.3105620936483857e-05
-6.2482071906921040e-05
-6.2003326419019482e-05
-6.1392439300502738e-05
-6.0903966377231231e-05
-6.0301733522531009e-05
-5.9807421340919638e-05
-5.9206438829055913e-05
-5.8720200913065468e-05
-5.8118762229397487e-05
-5.7623510986412187e-05
-5.7048069190193946e-05
-5.6526332636102318e-05
-5.5978986661094262e-05
-5.5436584863234756e-05
-5.4898624765289642e-05
-5.4350761102655069e-05
-5.3822646934900026e-05
-5.3261664767865643e-05
-5.2757512980267222e-05
-5.2167569639478318e-05
-5.1680236900697118e-05
-5.1090049734596325e-05
-5.0587596876068517e-05
-5.0026301561847425e-05
-4.9487191619956768e-05
-4.8964414137851129e-05
-4.8388258516586811e-05
-4.7894563087641543e-05
-4.7296050839272966e-05
-4.6791416575763617e-05
-4.6229993876671630e-05
-4.5690901025287026e-05
-4.5158300935577405e-05
-4.4588568194176490e-05
-4.4082765019496417e-05
-4.3484011375363819e-05
-4.2968146068017442e-05
-4.2406648937057343e-05
-4.1850832848317581e-05
-4.1326976033133239e-05
-4.0726685047444792e-05
-4.0201990599873766e-05
-3.9638459056637784e-05
-3.9070962732722072e-05
-3.8540325186671421e-05
-3.7932219137528641e-05
0.0000000000000000e+00
];
