%Vec Object:dSdr_b_aug_4540 1 MPI processes
%  type: seq
dSdr_b_aug_4540 = [
2.3423199050667008e+03
0.0000000000000000e+00
-9.8934489260078162e-07
-4.0823070929803905e-07
-2.5309235971812574e-07
-1.7952071593980300e-07
-1.3474461209103114e-07
-1.0706635261112422e-07
-8.8305335601350928e-08
-7.4170030895677756e-08
-6.3673329932352094e-08
-5.5626962233102455e-08
-4.9072034649217417e-08
-4.3761197941830807e-08
-3.9407046643249253e-08
-3.5734828201583737e-08
-3.2596324587272460e-08
-2.9918382123743916e-08
-2.7602810631323115e-08
-2.6601440191494604e-08
-3.5247588967094269e-05
-7.1356608896790174e-04
-6.8709694298575100e-04
-6.4821619431821849e-04
-6.0489248444560624e-04
-5.6309103270979022e-04
-5.2302907040088764e-04
-4.8257644225905058e-04
-4.4108131527178070e-04
-3.9674977686762189e-04
-3.5774127489193616e-04
-3.2025810826541104e-04
-2.8487927118183798e-04
-2.4757155451740701e-04
-2.1722819292614205e-04
-1.9082021892811228e-04
-1.6772166417489579e-04
-1.4590689621923837e-04
-1.2938396226749938e-04
-1.1685159827010443e-04
-1.0695563883039704e-04
-9.8976838931461811e-05
-9.4003209112432043e-05
-9.0968136875682257e-05
-8.9307648781048488e-05
-8.8912733636230980e-05
-8.9398944235136735e-05
-9.0405635342978707e-05
-9.1861381624913413e-05
-9.3825860628032250e-05
-9.5554243111562267e-05
-9.7366567001604077e-05
-9.9210777474637520e-05
-1.0098441829482003e-04
-1.0246931633662939e-04
-1.0379665885852416e-04
-1.0506847839918591e-04
-1.0609221909616372e-04
-1.0692995431385094e-04
-1.0760232401600458e-04
-1.0820453391101228e-04
-1.0859572497790335e-04
-1.0882456270453419e-04
-1.0900229781172259e-04
-1.0907842342380672e-04
-1.0901988606173449e-04
-1.0889908846275767e-04
-1.0871861561775797e-04
-1.0844927276503780e-04
-1.0812265912074753e-04
-1.0777613514918695e-04
-1.0737828428409887e-04
-1.0694654616453022e-04
-1.0645160782958071e-04
-1.0596573503550206e-04
-1.0545259450079338e-04
-1.0489316871792571e-04
-1.0435552991361710e-04
-1.0380739608608557e-04
-1.0318583427262556e-04
-1.0260967064511172e-04
-1.0203046613172331e-04
-1.0139476481209664e-04
-1.0080705313358857e-04
-1.0022319892826216e-04
-9.9544779735487922e-05
-9.8957831075985558e-05
-9.8351969287962428e-05
-9.7694053651499655e-05
-9.7108553116377752e-05
-9.6487397014249858e-05
-9.5833458363939905e-05
-9.5244799599005062e-05
-9.4603332627088500e-05
-9.3985998394522765e-05
-9.3407749924936706e-05
-9.2739480813724577e-05
-9.2151289249549015e-05
-9.1561545634063471e-05
-9.0882680135755266e-05
-9.0336558266557152e-05
-8.9717570513726181e-05
-8.9087867747546611e-05
-8.8541414730267372e-05
-8.7870729229930927e-05
-8.7306988848929274e-05
-8.6736461088163220e-05
-8.6089929014868230e-05
-8.5553428966880435e-05
-8.4930170033200642e-05
-8.4339330808459720e-05
-8.3797262262619293e-05
-8.3158760761063892e-05
-8.2626952537772228e-05
-8.2024749352008653e-05
-8.1455923623002365e-05
-8.0892581922720796e-05
-8.0295413499703692e-05
-7.9769036017813367e-05
-7.9149826507148932e-05
-7.8631979273456419e-05
-7.8051483531780467e-05
-7.7478456321744869e-05
-7.6969661829124370e-05
-7.6340561359364176e-05
-7.5855975673864344e-05
-7.5254367743724125e-05
-7.4734209214948554e-05
-7.4182041439897292e-05
-7.3627982869606224e-05
-7.3097551141993800e-05
-7.2536845059712932e-05
-7.2035024362763188e-05
-7.1443086196160141e-05
-7.0968526866477193e-05
-7.0377672265256559e-05
-6.9883321599150232e-05
-6.9331965010377398e-05
-6.8807830062164816e-05
-6.8285288069306379e-05
-6.7754505456973045e-05
-6.7240061597285446e-05
-6.6705804775774768e-05
-6.6202481349303380e-05
-6.5648968283021667e-05
-6.5179338648640550e-05
-6.4603850739048698e-05
-6.4149325360675832e-05
-6.3580469376013125e-05
-6.3120040406103314e-05
-6.2558567305594665e-05
-6.2099010572814776e-05
-6.1530553580149266e-05
-6.1088286931513212e-05
-6.0513319727271312e-05
-6.0073033542716990e-05
-5.9510248757387069e-05
-5.9060690088529710e-05
-5.8506542710514263e-05
-5.8052067202521921e-05
-5.7498718150339507e-05
-5.7053197148578222e-05
-5.6498796901307157e-05
-5.6044991112124989e-05
-5.5516434768240081e-05
-5.5036942207219302e-05
-5.4535811161278282e-05
-5.4037181369131916e-05
-5.3544509134925030e-05
-5.3042096785190449e-05
-5.2558123932148690e-05
-5.2044389703073690e-05
-5.1582921546466417e-05
-5.1042630491504854e-05
-5.0597099039301300e-05
-5.0056672958890609e-05
-4.9597512143463610e-05
-4.9084508489260348e-05
-4.8591313041861065e-05
-4.8114958384489391e-05
-4.7587480411745701e-05
-4.7137977208795070e-05
-4.6591344417052910e-05
-4.6130798782036792e-05
-4.5619978165513064e-05
-4.5127827703144681e-05
-4.4643173752560245e-05
-4.4124083740339105e-05
-4.3663970869922873e-05
-4.3118982034995643e-05
-4.2649819431968051e-05
-4.2139006264468928e-05
-4.1633867730688911e-05
-4.1157731601110787e-05
-4.0612576260563475e-05
-4.0135936854767024e-05
-3.9624391698340604e-05
-3.9109783109270438e-05
-3.8627479952134786e-05
-3.8075457918740216e-05
0.0000000000000000e+00
];
