%Vec Object:dSdr_b_aug_7870 1 MPI processes
%  type: seq
dSdr_b_aug_7870 = [
2.2952969242917752e+03
0.0000000000000000e+00
-7.2539519568303954e-07
-3.0019918433188525e-07
-1.8699371853779283e-07
-1.3299734546996362e-07
-9.9797734951543147e-08
-7.9266830496099914e-08
-6.5350302761028514e-08
-5.4887821564632746e-08
-4.7117526570350508e-08
-4.1160132769417381e-08
-3.6309716429218204e-08
-3.2380055189147133e-08
-2.9158020075500270e-08
-2.6440815806140158e-08
-2.4118755245281445e-08
-2.2524334198393649e-08
-5.0343681643177974e-05
-7.8227735081304664e-04
-7.4431961242027878e-04
-7.0540241680929058e-04
-6.6725754464501462e-04
-6.2925505382071037e-04
-5.8706886795126690e-04
-5.4633713499168757e-04
-5.0727822509413463e-04
-4.6782536416293023e-04
-4.2733747775057740e-04
-3.8405373442520856e-04
-3.4596209824698390e-04
-3.0934525919018157e-04
-2.7477315084273996e-04
-2.3830713912136850e-04
-2.0864407751834042e-04
-1.8282420550044728e-04
-1.6023849341902503e-04
-1.3890891241058912e-04
-1.2275379681712034e-04
-1.1050199720550364e-04
-1.0083353083078305e-04
-9.3043511975292832e-05
-8.8194932071998050e-05
-8.5245930592467453e-05
-8.3644183086285499e-05
-8.3284851801138641e-05
-8.3788640661213728e-05
-8.4803007463256908e-05
-8.6258107022748912e-05
-8.8218004987464477e-05
-8.9943091012852409e-05
-9.1750267551320800e-05
-9.3591773085896764e-05
-9.5366246119647945e-05
-9.6854631072481874e-05
-9.8189707944635306e-05
-9.9474716599690587e-05
-1.0051360113249754e-04
-1.0136898688490272e-04
-1.0206371060281849e-04
-1.0269213064920124e-04
-1.0310998747159168e-04
-1.0336848343223591e-04
-1.0358184565520801e-04
-1.0369060498831108e-04
-1.0366671727738838e-04
-1.0358434583022656e-04
-1.0344349797951597e-04
-1.0321258908348861e-04
-1.0292659016020548e-04
-1.0262334640869239e-04
-1.0226547944995085e-04
-1.0187390149183931e-04
-1.0142656365797674e-04
-1.0098172355325965e-04
-1.0050936774487659e-04
-9.9998287433044407e-05
-9.9501471504652713e-05
-9.8994006590686487e-05
-9.8421979189788740e-05
-9.7886756563209614e-05
-9.7348943109624146e-05
-9.6761376084615968e-05
-9.6214379612846593e-05
-9.5671534594489241e-05
-9.5041694035349523e-05
-9.4495296838932323e-05
-9.3930968149237703e-05
-9.3319620747134838e-05
-9.2773998979377587e-05
-9.2195029597376844e-05
-9.1586557360058118e-05
-9.1037434449811158e-05
-9.0439334544717239e-05
-8.9864663963668950e-05
-8.9325272860655717e-05
-8.8701780276509342e-05
-8.8154546929403212e-05
-8.7603762562807273e-05
-8.6970512870210279e-05
-8.6462794372696853e-05
-8.5884211031411143e-05
-8.5297456223129865e-05
-8.4788885008938125e-05
-8.4161988751143849e-05
-8.3637457317751551e-05
-8.3105680933638629e-05
-8.2502135905183256e-05
-8.2002811476582509e-05
-8.1421779934496441e-05
-8.0870689891339656e-05
-8.0365985845735945e-05
-7.9771049773077159e-05
-7.9275226690275373e-05
-7.8714732260812403e-05
-7.8184521545906677e-05
-7.7659490845969619e-05
-7.7103758358905848e-05
-7.6613436790773641e-05
-7.6036448278284842e-05
-7.5555411845671598e-05
-7.5014103495672384e-05
-7.4480790008253468e-05
-7.4008695230087584e-05
-7.3421544807449860e-05
-7.2972163227846663e-05
-7.2412353093300946e-05
-7.1927903018853220e-05
-7.1416058815003698e-05
-7.0900052907687009e-05
-7.0407252395846362e-05
-6.9886752012234495e-05
-6.9420307955318902e-05
-6.8870647892566687e-05
-6.8430502085484551e-05
-6.7881571778869866e-05
-6.7423050762961090e-05
-6.6911459322653165e-05
-6.6424926815797218e-05
-6.5940626131605137e-05
-6.5448582239059159e-05
-6.4971220012417097e-05
-6.4477021448185810e-05
-6.4010064709521045e-05
-6.3497296194514464e-05
-6.3063579801847053e-05
-6.2529248791876339e-05
-6.2110292818338140e-05
-6.1583033912200952e-05
-6.1157267130000599e-05
-6.0638852088360365e-05
-6.0213652978005591e-05
-5.9688457293825523e-05
-5.9280407318526708e-05
-5.8748977926926125e-05
-5.8343158019916475e-05
-5.7823481346642109e-05
-5.7408796678892036e-05
-5.6897742315499075e-05
-5.6478967466097608e-05
-5.5968306353666255e-05
-5.5559274870340418e-05
-5.5047029331677654e-05
-5.4630365973023124e-05
-5.4143827252553311e-05
-5.3702192769569365e-05
-5.3242478460178022e-05
-5.2783076132147433e-05
-5.2330989846214362e-05
-5.1869309937782932e-05
-5.1424895555302070e-05
-5.0953503889187718e-05
-5.0530287902150754e-05
-5.0034494167322692e-05
-4.9626424198913852e-05
-4.9130592998744366e-05
-4.8710229708900128e-05
-4.8240504148321010e-05
-4.7788456487885819e-05
-4.7353705224551654e-05
-4.6869851429984528e-05
-4.6459952761978257e-05
-4.5959813704560761e-05
-4.5538779980644921e-05
-4.5073308615022860e-05
-4.4623227867766142e-05
-4.4181543405101701e-05
-4.3707839811543902e-05
-4.3288675530867155e-05
-4.2791872027141873e-05
-4.2364566656438321e-05
-4.1899179778430762e-05
-4.1439463520136655e-05
-4.1006102528836515e-05
-4.0510372118610438e-05
-4.0076820751115408e-05
-3.9611904793714050e-05
-3.9144778117676673e-05
-3.8706028981331737e-05
-3.8205523554182007e-05
0.0000000000000000e+00
];
