%Vec Object:dSdr_b_aug_9780 1 MPI processes
%  type: seq
dSdr_b_aug_9780 = [
2.2744116002999640e+03
0.0000000000000000e+00
-6.3534959074068095e-07
-2.6334683812957794e-07
-1.6440853688679658e-07
-1.1710919616805806e-07
-8.7906101443430459e-08
-6.9843018747101097e-08
-5.7598855462710450e-08
-4.8400408537945074e-08
-4.1568258036006241e-08
-3.6329666196215025e-08
-3.2064866274564717e-08
-2.8609500127133023e-08
-2.5776174873555654e-08
-2.3386637496236611e-08
-2.1375019897027853e-08
-1.1854499835518563e-05
-8.0716572396964019e-04
-7.7713999791149588e-04
-7.3533269126306632e-04
-6.9683678841225372e-04
-6.5912354965912882e-04
-6.2154280942890877e-04
-5.7982040064554798e-04
-5.3952372528996879e-04
-5.0087273372012044e-04
-4.6182645422606906e-04
-4.2174818845802100e-04
-3.7889055832905795e-04
-3.4117178953905488e-04
-3.0490726518520711e-04
-2.7066323412277209e-04
-2.3453952368206017e-04
-2.0515312413473720e-04
-1.7957241955255724e-04
-1.5719526869924442e-04
-1.3606300198146099e-04
-1.2005746944504406e-04
-1.0791976856445655e-04
-9.8343818080839701e-05
-9.0630571860445355e-05
-8.5832846650345766e-05
-8.2918847964754208e-05
-8.1340988724256578e-05
-8.0996128415937059e-05
-8.1507065808740717e-05
-8.2524554011630637e-05
-8.3979390450175084e-05
-8.5937425307099706e-05
-8.7661170641698742e-05
-8.9466253781873026e-05
-9.1306659195253961e-05
-9.3081470589050948e-05
-9.4571273510209069e-05
-9.5909495687473157e-05
-9.7199867974234481e-05
-9.8244911110189766e-05
-9.9107474896226671e-05
-9.9811289442184274e-05
-1.0045036851562457e-04
-1.0087906964942096e-04
-1.0114962689181614e-04
-1.0137747779862781e-04
-1.0149950847424128e-04
-1.0148971193709760e-04
-1.0142296747673469e-04
-1.0129823415386338e-04
-1.0108295541971947e-04
-1.0081347352344338e-04
-1.0052783079398475e-04
-1.0018622432579467e-04
-9.9810978537324081e-05
-9.9382998681515393e-05
-9.8954845583277973e-05
-9.8499075941033728e-05
-9.8007656569552509e-05
-9.7527442322315402e-05
-9.7036516476927466e-05
-9.6484633531145452e-05
-9.5966060624980942e-05
-9.5445079920172509e-05
-9.4877087956380087e-05
-9.4346649380458770e-05
-9.3820481812830538e-05
-9.3210397017436529e-05
-9.2680491126681817e-05
-9.2133052950363583e-05
-9.1540643731118128e-05
-9.1011239700154135e-05
-9.0449426644237952e-05
-8.9859444505717941e-05
-8.9326399878222255e-05
-8.8745936318291460e-05
-8.8188616020305990e-05
-8.7665027275438671e-05
-8.7059744230488198e-05
-8.6529167607309485e-05
-8.5994227032208927e-05
-8.5379528193580654e-05
-8.4887427425726149e-05
-8.4325275591523970e-05
-8.3755986692096910e-05
-8.3262821102845686e-05
-8.2653732884381488e-05
-8.2145146793974037e-05
-8.1629129669760512e-05
-8.1043066446204160e-05
-8.0558860454840175e-05
-7.9995001784970984e-05
-7.9460076785388582e-05
-7.8970567990552714e-05
-7.8393348938114981e-05
-7.7912160153649805e-05
-7.7368627680229158e-05
-7.6854120770511735e-05
-7.6344670240740200e-05
-7.5805788760478207e-05
-7.5330130272931560e-05
-7.4770312033498328e-05
-7.4304245676275275e-05
-7.3778873904358584e-05
-7.3261711041320009e-05
-7.2804541162611091e-05
-7.2234450824338621e-05
-7.1799385916222245e-05
-7.1256573949234219e-05
-7.0786645653051175e-05
-7.0291200085221295e-05
-6.9790669290068267e-05
-6.9313172498049514e-05
-6.8809022815053311e-05
-6.8356965596296938e-05
-6.7824499032194995e-05
-6.7398348386826746e-05
-6.6866467693537754e-05
-6.6422517745022170e-05
-6.5927097845413460e-05
-6.5455857358252944e-05
-6.4987108506068367e-05
-6.4510818731047467e-05
-6.4048536724693343e-05
-6.3570628902941283e-05
-6.3118461634094843e-05
-6.2622262961680952e-05
-6.2203151633849995e-05
-6.1685558159565147e-05
-6.1281067421470016e-05
-6.0770725062169141e-05
-6.0359054572934180e-05
-5.9858150224921358e-05
-5.9446923549243361e-05
-5.8939321216719340e-05
-5.8545186356737323e-05
-5.8031462765890292e-05
-5.7639659483776665e-05
-5.7137513863963484e-05
-5.6737011634363851e-05
-5.6243482186600432e-05
-5.5839225959281652e-05
-5.5345925030570208e-05
-5.4951732982221972e-05
-5.4456630777750496e-05
-5.4055072380856703e-05
-5.3585621248557192e-05
-5.3159382767875301e-05
-5.2716511684294519e-05
-5.2273062259730248e-05
-5.1837481342880998e-05
-5.1392366381784068e-05
-5.0964039524057003e-05
-5.0509867610425473e-05
-5.0102207914626260e-05
-4.9624510229850440e-05
-4.9231675009923184e-05
-4.8753979547184358e-05
-4.8349394355875558e-05
-4.7897269042779855e-05
-4.7461955294912563e-05
-4.7044123240211234e-05
-4.6578010473721303e-05
-4.6184218156683734e-05
-4.5702987144973880e-05
-4.5298022149818708e-05
-4.4850993451477250e-05
-4.4418021701545577e-05
-4.3993812201947513e-05
-4.3538566545418993e-05
-4.3136055526980781e-05
-4.2658848415490691e-05
-4.2248566110961541e-05
-4.1801653987869882e-05
-4.1360411207975369e-05
-4.0944447729097747e-05
-4.0468820104054409e-05
-4.0052796209811897e-05
-3.9606851496544281e-05
-3.9159051976436700e-05
-3.8738063565152857e-05
-3.8258762532578481e-05
0.0000000000000000e+00
];
