%Vec Object:dSdr_b_aug_2990 1 MPI processes
%  type: seq
dSdr_b_aug_2990 = [
2.3775582639111726e+03
0.0000000000000000e+00
-1.2573230860135937e-06
-5.1627010176464406e-07
-3.1798720058512132e-07
-2.2443892349880892e-07
-1.6804232786447628e-07
-1.3319700035814898e-07
-1.0958121213442550e-07
-9.1774514023534953e-08
-7.8555159437692680e-08
-6.8423517304520414e-08
-6.0173310952715228e-08
-5.3490850532674262e-08
-4.8013056508828076e-08
-4.3395118815328541e-08
-3.9450339658468482e-08
-3.6084968427261271e-08
-3.3175630541622380e-08
-3.0609468261684996e-08
-2.8366786382421545e-08
-1.4058039284420989e-07
-2.5486782916941427e-04
-6.5662163929006113e-04
-6.1760385098147570e-04
-5.7514713377199069e-04
-5.3436660834633217e-04
-4.9319447009758116e-04
-4.5097432456120824e-04
-4.0588856893267753e-04
-3.6622009399579569e-04
-3.2811333250126241e-04
-2.9215380063214578e-04
-2.5424021281873727e-04
-2.2340716164926335e-04
-1.9657586350472600e-04
-1.7310815732064151e-04
-1.5094414491763963e-04
-1.3415645018525891e-04
-1.2142213213831019e-04
-1.1136242011458476e-04
-1.0324773307703604e-04
-9.8184090666730180e-05
-9.5087063570835139e-05
-9.3384293243454746e-05
-9.2963764392719231e-05
-9.3437321959165146e-05
-9.4438488034098247e-05
-9.5894699869141956e-05
-9.7862476394644130e-05
-9.9593231740005759e-05
-1.0140926078815912e-04
-1.0325541833337605e-04
-1.0502846013175569e-04
-1.0651084826283926e-04
-1.0783262350667577e-04
-1.0909494935107489e-04
-1.1010778919541892e-04
-1.1093281915140472e-04
-1.1158909796879675e-04
-1.1217244128656207e-04
-1.1254443783436349e-04
-1.1275192702062884e-04
-1.1290401710833404e-04
-1.1295665239528098e-04
-1.1287317361871785e-04
-1.1272471623184215e-04
-1.1251572066017825e-04
-1.1221871241115187e-04
-1.1186286362986618e-04
-1.1148518592065135e-04
-1.1105855406243953e-04
-1.1059790807932063e-04
-1.1006870621924315e-04
-1.0955329750453616e-04
-1.0901079953692708e-04
-1.0841657399020948e-04
-1.0784955029311211e-04
-1.0727214239741214e-04
-1.0661492500411060e-04
-1.0600929145666403e-04
-1.0540029306487123e-04
-1.0472994399098127e-04
-1.0411292492318703e-04
-1.0349955171765007e-04
-1.0278616492977356e-04
-1.0217002674662532e-04
-1.0153426884017588e-04
-1.0084283272309735e-04
-1.0022862688080084e-04
-9.9577104174512670e-05
-9.8890438150729142e-05
-9.8273320912477824e-05
-9.7600637706538699e-05
-9.6952593568393400e-05
-9.6346375011270750e-05
-9.5645875116917106e-05
-9.5028201243416326e-05
-9.4410414204398400e-05
-9.3698713798590530e-05
-9.3124948634341312e-05
-9.2476877211752036e-05
-9.1816259897158905e-05
-9.1242539021632523e-05
-9.0540333404352870e-05
-8.9948369867730749e-05
-8.9349948317461126e-05
-8.8672473560658577e-05
-8.8109213975695269e-05
-8.7455559167778617e-05
-8.6836107919589938e-05
-8.6267143877818262e-05
-8.5597283363952759e-05
-8.5039572527563983e-05
-8.4407346788888167e-05
-8.3810725426567326e-05
-8.3219806926450969e-05
-8.2592812330669729e-05
-8.2040481292402044e-05
-8.1390880510205063e-05
-8.0846536341663375e-05
-8.0237832961609326e-05
-7.9636219252787985e-05
-7.9101007787282728e-05
-7.8441711080831170e-05
-7.7931784982881685e-05
-7.7300090409036399e-05
-7.6754228430881325e-05
-7.6173035179931387e-05
-7.5591585765836676e-05
-7.5034066558195194e-05
-7.4444419846702496e-05
-7.3917134545570002e-05
-7.3294764003384056e-05
-7.2795433335363398e-05
-7.2174401035768522e-05
-7.1654259682895821e-05
-7.1074279580067502e-05
-7.0523077865226896e-05
-6.9973009240154448e-05
-6.9414341952231677e-05
-6.8873206211694533e-05
-6.8310114893192807e-05
-6.7780614214017217e-05
-6.7197772647089240e-05
-6.6702292157380942e-05
-6.6097178933519085e-05
-6.5617050199015062e-05
-6.5018252053653197e-05
-6.4532872756008249e-05
-6.3940405861079216e-05
-6.3456118031668827e-05
-6.2856520943425288e-05
-6.2389624656086095e-05
-6.1783318325568665e-05
-6.1318222834591123e-05
-6.0724408228574896e-05
-6.0249746769204754e-05
-5.9664580439008120e-05
-5.9184407101971811e-05
-5.8600330677645092e-05
-5.8128544015787960e-05
-5.7543800225367132e-05
-5.7063258802478917e-05
-5.6504457593178037e-05
-5.5997714267418885e-05
-5.5466770885176996e-05
-5.4939904627369565e-05
-5.4418018072787197e-05
-5.3886285956599646e-05
-5.3373838379618982e-05
-5.2829625399602106e-05
-5.2340622817166279e-05
-5.1768301991531814e-05
-5.1295805265630689e-05
-5.0723279195632476e-05
-5.0236191411735615e-05
-4.9692035617384887e-05
-4.9169221459507094e-05
-4.8662920144788918e-05
-4.8104040932876526e-05
-4.7626029893879799e-05
-4.7045930333454467e-05
-4.6556943555058541e-05
-4.6013480009828477e-05
-4.5491047291563151e-05
-4.4975463436778613e-05
-4.4423703806894998e-05
-4.3934115763862001e-05
-4.3354442695347040e-05
-4.2855150973476236e-05
-4.2311639717414202e-05
-4.1773806110505314e-05
-4.1266880545504093e-05
-4.0686149473072235e-05
-4.0178496267797880e-05
-3.9633389435575765e-05
-3.9084607977588711e-05
-3.8570967616461536e-05
-3.7981928311420065e-05
0.0000000000000000e+00
];
