%Vec Object:dSdr_b_aug_3430 1 MPI processes
%  type: seq
dSdr_b_aug_3430 = [
2.3654233304124550e+03
0.0000000000000000e+00
-1.1588096288607712e-06
-4.7735001001031539e-07
-2.9515102835115563e-07
-2.0902375395115358e-07
-1.5690121879973236e-07
-1.2468912217163612e-07
-1.0285522900118987e-07
-8.6386033030513691e-08
-7.4157073223560920e-08
-6.4783637167138976e-08
-5.7145563975117078e-08
-5.0957068517321706e-08
-4.5883581056658290e-08
-4.1604577151272443e-08
-3.7947351797196578e-08
-3.4826903342830567e-08
-3.2128747214760907e-08
-2.9747174122868969e-08
-2.8768603842115805e-08
-2.1061460828559019e-05
-6.6817321960756086e-04
-6.5702404319711383e-04
-6.1360462775831171e-04
-5.7129029130001039e-04
-5.3073774801966323e-04
-4.8979583262259436e-04
-4.4780774833155996e-04
-4.0296340399221506e-04
-3.6350617470485820e-04
-3.2559901490418524e-04
-2.8982535317674220e-04
-2.5210569402611590e-04
-2.2142938384874691e-04
-1.9473358429475049e-04
-1.7138403697328225e-04
-1.4933181156558483e-04
-1.3262886209198504e-04
-1.1995918597159490e-04
-1.0995188825527698e-04
-1.0188069628427863e-04
-9.6845865297447666e-05
-9.3768668833724042e-05
-9.2079432273717049e-05
-9.1667101885204837e-05
-9.2144709429546146e-05
-9.3147643935747112e-05
-9.4603706721583505e-05
-9.6570427735005569e-05
-9.8300423538978091e-05
-1.0011526660282405e-04
-1.0196080089775681e-04
-1.0373403440749232e-04
-1.0521722589391151e-04
-1.0654078310403133e-04
-1.0780614769312503e-04
-1.0882247666729121e-04
-1.0965157330432622e-04
-1.1031300248389024e-04
-1.1090238461660887e-04
-1.1128052495040665e-04
-1.1149484738914438e-04
-1.1165514595839809e-04
-1.1171530004931750e-04
-1.1163980454664573e-04
-1.1150020061442594e-04
-1.1130033470948986e-04
-1.1101218170877070e-04
-1.1066569061985980e-04
-1.1029798467074237e-04
-1.0988056509224321e-04
-1.0942917199812230e-04
-1.0891093727987947e-04
-1.0840498248465543e-04
-1.0787188130601994e-04
-1.0728879454239450e-04
-1.0673117642412027e-04
-1.0616313863443525e-04
-1.0551733395639623e-04
-1.0492113320401281e-04
-1.0432167130082278e-04
-1.0366241235553859e-04
-1.0305477406008837e-04
-1.0245084935993388e-04
-1.0174865507650495e-04
-1.0114185993936836e-04
-1.0051567124756794e-04
-9.9834964439519857e-05
-9.9229946654455259e-05
-9.8588143757313086e-05
-9.7911953183294967e-05
-9.7303944995424645e-05
-9.6641253550428115e-05
-9.6003039106504638e-05
-9.5405773276372892e-05
-9.4715589882462270e-05
-9.4107352771554941e-05
-9.3498541933326602e-05
-9.2797351397716209e-05
-9.2232434360306966e-05
-9.1593672106274148e-05
-9.0942949995295684e-05
-9.0377957082384122e-05
-8.9685840500717507e-05
-8.9102910700698950e-05
-8.8513417462873824e-05
-8.7845846915733341e-05
-8.7291152589212656e-05
-8.6647226967167038e-05
-8.6036933925858240e-05
-8.5476578660928290e-05
-8.4816755616775580e-05
-8.4267335753251642e-05
-8.3644719707497809e-05
-8.3056995240631361e-05
-8.2474903591387582e-05
-8.1857455831152608e-05
-8.1313432072507139e-05
-8.0673559004340435e-05
-8.0137696041581883e-05
-7.9538021433519493e-05
-7.8945557763379846e-05
-7.8418801909795207e-05
-7.7769170491160937e-05
-7.7267355417568590e-05
-7.6645291053172403e-05
-7.6107656301616401e-05
-7.5535753599470805e-05
-7.4963071517650262e-05
-7.4414222541144105e-05
-7.3833839221405106e-05
-7.3314704698111588e-05
-7.2702075030020807e-05
-7.2210673238317784e-05
-7.1599300295867264e-05
-7.1087414095497860e-05
-7.0516595883623261e-05
-6.9974057772803757e-05
-6.9432799947038428e-05
-6.8883058062293713e-05
-6.8350465932923572e-05
-6.7796604039701530e-05
-6.7275482249430245e-05
-6.6702028230902600e-05
-6.6214822157254277e-05
-6.5619191488071869e-05
-6.5147257950936617e-05
-6.4558043778772885e-05
-6.4080650657393669e-05
-6.3498104346810754e-05
-6.3021732523609633e-05
-6.2432102850310003e-05
-6.1973090096482993e-05
-6.1376814889660975e-05
-6.0919660443300449e-05
-6.0335777960610643e-05
-5.9869151488122386e-05
-5.9293913805838632e-05
-5.8821965920724466e-05
-5.8247724818841963e-05
-5.7784345365976080e-05
-5.7209314046131562e-05
-5.6737330267934843e-05
-5.6188209950045404e-05
-5.5690189160157736e-05
-5.5168788231568332e-05
-5.4650960023428314e-05
-5.4138424517279818e-05
-5.3616077206517726e-05
-5.3112743957760938e-05
-5.2578286766863013e-05
-5.2098097554435695e-05
-5.1536028989312093e-05
-5.1072163477055232e-05
-5.0509912165961857e-05
-5.0031763443302773e-05
-4.9497579047868611e-05
-4.8984245484069701e-05
-4.8487529755778407e-05
-4.7938701744820707e-05
-4.7469815810367634e-05
-4.6900428664192916e-05
-4.6420545732993537e-05
-4.5887531015628661e-05
-4.5374791593135031e-05
-4.4869108434896276e-05
-4.4327806486637534e-05
-4.3847653811728074e-05
-4.3279083686648509e-05
-4.2789437228939936e-05
-4.2256394016432176e-05
-4.1729028236600056e-05
-4.1231961728384158e-05
-4.0662623778566145e-05
-4.0164907278807642e-05
-3.9630560665145710e-05
-3.9092755137842296e-05
-3.8589251765571938e-05
-3.8012628880017636e-05
0.0000000000000000e+00
];
