%Vec Object:dSdr_b_aug_7490 1 MPI processes
%  type: seq
dSdr_b_aug_7490 = [
2.2981666082289607e+03
0.0000000000000000e+00
-7.3921927042887319e-07
-3.0596206904393884e-07
-1.9059282769322881e-07
-1.3558106080158106e-07
-1.0177270501196862e-07
-8.0865439610422242e-08
-6.6693504943525434e-08
-5.6036304846500657e-08
-4.8121237970433892e-08
-4.2052834115327691e-08
-3.7111315175796188e-08
-3.3107651428613295e-08
-2.9824889152433106e-08
-2.7056274556651278e-08
-2.4690076415091926e-08
-2.2768807733160678e-08
-1.5616530277907916e-05
-7.7636535670946502e-04
-7.4634880934537921e-04
-7.0738040720534482e-04
-6.6913628813123510e-04
-6.3103638979563703e-04
-5.8874308311271720e-04
-5.4791086270005384e-04
-5.0875773384207812e-04
-4.6921096273854043e-04
-4.2862846417256504e-04
-3.8524629932511971e-04
-3.4706854007864746e-04
-3.1037032511118680e-04
-2.7572243909209298e-04
-2.3917736431038281e-04
-2.0945040074354820e-04
-1.8357528710836841e-04
-1.6094140266951858e-04
-1.3956624706099946e-04
-1.2337658141526022e-04
-1.1109842761310058e-04
-1.0140859237370555e-04
-9.3600840953255639e-05
-8.8740514883636372e-05
-8.5783428631482685e-05
-8.4176163531745710e-05
-8.3813489812131696e-05
-8.4315627539836090e-05
-8.5329273376600365e-05
-8.6784433710995030e-05
-8.8744762007708576e-05
-9.0470157699727862e-05
-9.2277817761466423e-05
-9.4119577397074500e-05
-9.5893972278515740e-05
-9.7382029716412975e-05
-9.8716380101869557e-05
-1.0000014989208486e-04
-1.0103761194145082e-04
-1.0189133974736980e-04
-1.0258396371096529e-04
-1.0320992178815143e-04
-1.0362527384526124e-04
-1.0388098395081005e-04
-1.0409099964932834e-04
-1.0419669363345771e-04
-1.0416955121297062e-04
-1.0408357032172743e-04
-1.0393900041710840e-04
-1.0370448134361839e-04
-1.0341466739914319e-04
-1.0310735825061341e-04
-1.0274573552419218e-04
-1.0235038524231265e-04
-1.0189857619839009e-04
-1.0144988181144488e-04
-1.0097369501243009e-04
-1.0045807351379427e-04
-9.9957423011181142e-05
-9.9446137984934225e-05
-9.8869457717372825e-05
-9.8330389420692730e-05
-9.7788688022017918e-05
-9.7196599646132441e-05
-9.6645778713438981e-05
-9.6099081619964994e-05
-9.5464677972160000e-05
-9.4914471695487431e-05
-9.4346241718510070e-05
-9.3730520068534338e-05
-9.3181152408104137e-05
-9.2598220342706724e-05
-9.1985477353745393e-05
-9.1432640761234993e-05
-9.0830467300302345e-05
-9.0251789236623836e-05
-8.9708748183039031e-05
-8.9081049649520724e-05
-8.8529969014648625e-05
-8.7975525127402361e-05
-8.7337990650223631e-05
-8.6826664846706617e-05
-8.6244286237012591e-05
-8.5653497239195729e-05
-8.5141367709671987e-05
-8.4510358238726283e-05
-8.3982143828582816e-05
-8.3446727448270716e-05
-8.2839144558668134e-05
-8.2336328147914934e-05
-8.1751330100418134e-05
-8.1196506335132622e-05
-8.0688292565346892e-05
-8.0089264302651229e-05
-7.9590061061684587e-05
-7.9025648843167898e-05
-7.8491810940670427e-05
-7.7963181609750701e-05
-7.7403556960115618e-05
-7.6909848585811257e-05
-7.6328894168198541e-05
-7.5844400021252655e-05
-7.5299410718889317e-05
-7.4762366839740307e-05
-7.4286824781731912e-05
-7.3695733904772002e-05
-7.3243045530802683e-05
-7.2679309243152719e-05
-7.2191504999767834e-05
-7.1675873119631846e-05
-7.1156292846995983e-05
-7.0659957557183734e-05
-7.0135680569132413e-05
-6.9665913511021390e-05
-6.9112282178472549e-05
-6.8668903837658390e-05
-6.8116035495133711e-05
-6.7654148925610586e-05
-6.7138822262248816e-05
-6.6648757679735443e-05
-6.6160864909701886e-05
-6.5665182208386375e-05
-6.5184336826407889e-05
-6.4686375506376451e-05
-6.4216002768433387e-05
-6.3699407032406343e-05
-6.3262317233360070e-05
-6.2724120269385032e-05
-6.2301823186512687e-05
-6.1770656979186642e-05
-6.1341634304087588e-05
-6.0819174728091169e-05
-6.0390748332927712e-05
-5.9861489022351864e-05
-5.9450225001490511e-05
-5.8914706010444130e-05
-5.8505648611573931e-05
-5.7981922700994419e-05
-5.7563962242516025e-05
-5.7048860059353082e-05
-5.6626731768952274e-05
-5.6112060885527937e-05
-5.5699601861228969e-05
-5.5183396638181199e-05
-5.4763244408240510e-05
-5.4272758879065787e-05
-5.3827568301378875e-05
-5.3363963624568422e-05
-5.2900876571170608e-05
-5.2444977953880835e-05
-5.1979471952742740e-05
-5.1531341749990657e-05
-5.1055972746901758e-05
-5.0629163640610108e-05
-5.0129190165116449e-05
-4.9717601344917531e-05
-4.9217581236233405e-05
-4.8793573593063473e-05
-4.8319782807385559e-05
-4.7863870022713838e-05
-4.7425210835307038e-05
-4.6937259295520014e-05
-4.6523640450446360e-05
-4.6019134092299101e-05
-4.5594388876781780e-05
-4.5124657695901528e-05
-4.4670625174104357e-05
-4.4224904403047511e-05
-4.3746937452081102e-05
-4.3323926640361121e-05
-4.2822596803762643e-05
-4.2391359457744536e-05
-4.1921705275669735e-05
-4.1457721970535039e-05
-4.1020342393558578e-05
-4.0519968442847681e-05
-4.0082368175038437e-05
-3.9613069433228415e-05
-3.9141476731677847e-05
-3.8698619817716942e-05
-3.8193187176233868e-05
0.0000000000000000e+00
];
