%Vec Object:dSdr_b_aug_1560 1 MPI processes
%  type: seq
dSdr_b_aug_1560 = [
2.4307527810524962e+03
0.0000000000000000e+00
-1.8417326538478631e-06
-7.5337314643219163e-07
-4.6108814829209080e-07
-3.2435629900765209e-07
-2.4308347470264128e-07
-1.9289527143796041e-07
-1.5888101142617784e-07
-1.3315252261262652e-07
-1.1405445771229555e-07
-9.9420063035650482e-08
-8.7492692801544600e-08
-7.7830649023440315e-08
-6.9911023147727351e-08
-6.3233303172666814e-08
-5.7527664820197775e-08
-5.2660287814833518e-08
-4.8452488877734324e-08
-4.4740203091201603e-08
-4.1488228589129415e-08
-3.8620330005972201e-08
-3.6042571091199560e-08
-3.4371850523480202e-08
-2.1107287152735028e-06
-3.5108584391102142e-04
-5.4399423608185297e-04
-5.0864393436451829e-04
-4.6568797178862592e-04
-4.1950128771508816e-04
-3.7885146713663182e-04
-3.3981587882855847e-04
-3.0299126430939231e-04
-2.6417506531208816e-04
-2.3261248457350677e-04
-2.0515052619251404e-04
-1.8113286514366596e-04
-1.5844855494880785e-04
-1.4126642454366858e-04
-1.2823123905790674e-04
-1.1792757138565580e-04
-1.0961044208830523e-04
-1.0441270037845341e-04
-1.0122337381850128e-04
-9.9457611907361701e-05
-9.8998923905086473e-05
-9.9453630881040752e-05
-1.0044656553156414e-04
-1.0190347061120314e-04
-1.0387615940372337e-04
-1.0561044950228251e-04
-1.0743199814900171e-04
-1.0928105614588506e-04
-1.1105320529032063e-04
-1.1253185398024157e-04
-1.1384533498923501e-04
-1.1509351710629881e-04
-1.1609011698614760e-04
-1.1689621885929547e-04
-1.1752852575804922e-04
-1.1808376198135333e-04
-1.1842716287555257e-04
-1.1860284738943083e-04
-1.1871673198853579e-04
-1.1873437181143124e-04
-1.1861373576623870e-04
-1.1842407132775709e-04
-1.1817258311358013e-04
-1.1783435945786080e-04
-1.1743495669881442e-04
-1.1701086656718482e-04
-1.1654135713968125e-04
-1.1603764458537696e-04
-1.1545739739481127e-04
-1.1489798645410049e-04
-1.1431175217454404e-04
-1.1366568243680911e-04
-1.1305488152939751e-04
-1.1243386153298234e-04
-1.1172352498503883e-04
-1.1107398756983101e-04
-1.1042060268728317e-04
-1.0969863591171835e-04
-1.0903795512369473e-04
-1.0838060494753869e-04
-1.0761512397632642e-04
-1.0695549967752089e-04
-1.0627520298698076e-04
-1.0553382858068240e-04
-1.0487685800892441e-04
-1.0418009562417643e-04
-1.0344467291488227e-04
-1.0278515872136205e-04
-1.0206597010022397e-04
-1.0137217486663882e-04
-1.0072428694578638e-04
-9.9975770182857761e-05
-9.9314174067191994e-05
-9.8654608412855030e-05
-9.7893991127912821e-05
-9.7279043453841343e-05
-9.6587643710969350e-05
-9.5880970499223991e-05
-9.5266626499223328e-05
-9.4517462822021325e-05
-9.3883452978276059e-05
-9.3243475805580159e-05
-9.2519903241408249e-05
-9.1916777824398835e-05
-9.1217839837409405e-05
-9.0555762959394586e-05
-8.9946730539779761e-05
-8.9230151985033253e-05
-8.8633851952009364e-05
-8.7956899207478534e-05
-8.7318868464511683e-05
-8.6686866599283656e-05
-8.6015437565475019e-05
-8.5424441443198376e-05
-8.4729564352705337e-05
-8.4145745587995669e-05
-8.3495019039483992e-05
-8.2850817744576597e-05
-8.2276250814140273e-05
-8.1571968368385637e-05
-8.1024290649395057e-05
-8.0347773609873300e-05
-7.9763619170133976e-05
-7.9139184365874702e-05
-7.8516928646292695e-05
-7.7919055081329997e-05
-7.7286293228057644e-05
-7.6721071305822344e-05
-7.6053363252335572e-05
-7.5517128783986570e-05
-7.4851138393512056e-05
-7.4292574641230134e-05
-7.3669951849943471e-05
-7.3078426664244294e-05
-7.2487349473306060e-05
-7.1887140218092940e-05
-7.1306239518788224e-05
-7.0700191216847095e-05
-7.0131692273181986e-05
-6.9505157777698261e-05
-6.8971165295851958e-05
-6.8321916970347552e-05
-6.7803644977279811e-05
-6.7160239713613408e-05
-6.6637690043913278e-05
-6.5999049343435821e-05
-6.5477917767184986e-05
-6.4831928937777086e-05
-6.4328340074939236e-05
-6.3675345515600048e-05
-6.3173289808979860e-05
-6.2533247799801287e-05
-6.2021188928450570e-05
-6.1389811419626278e-05
-6.0871354229036410e-05
-6.0241501056628149e-05
-5.9730584639276768e-05
-5.9100635970330658e-05
-5.8580264686400163e-05
-5.7976405663022422e-05
-5.7429065109229377e-05
-5.6853708355646776e-05
-5.6284776470953112e-05
-5.5719367545347090e-05
-5.5143956019856938e-05
-5.4589088019319727e-05
-5.3999469123281219e-05
-5.3469447095316769e-05
-5.2849409839737982e-05
-5.2336741763506326e-05
-5.1716394868177717e-05
-5.1187703267710827e-05
-5.0597139020699361e-05
-5.0030201064449114e-05
-4.9479287594643377e-05
-4.8873629490716874e-05
-4.8353150388368428e-05
-4.7723195449170212e-05
-4.7191840814559432e-05
-4.6599750274100279e-05
-4.6032208177247172e-05
-4.5470551032674374e-05
-4.4870127580147411e-05
-4.4336636351227846e-05
-4.3705302062816128e-05
-4.3161138356572010e-05
-4.2568932579660654e-05
-4.1982415948804363e-05
-4.1429657457296117e-05
-4.0795982132504330e-05
-4.0242216103577272e-05
-3.9647274914637260e-05
-3.9047934979324683e-05
-3.8488597259172195e-05
-3.7849665986862239e-05
0.0000000000000000e+00
];
