%Vec Object:dSdr_b_aug_7240 1 MPI processes
%  type: seq
dSdr_b_aug_7240 = [
2.3000468817498140e+03
0.0000000000000000e+00
-7.4824515924851185e-07
-3.0964748656982628e-07
-1.9284405107207160e-07
-1.3716077009252155e-07
-1.0295368399336083e-07
-8.1800259276352709e-08
-6.7461524158686229e-08
-5.6678211585799341e-08
-4.8669559390264984e-08
-4.2529457963663455e-08
-3.7529539644100180e-08
-3.3478585174728168e-08
-3.0157069610515490e-08
-2.7355794930989990e-08
-2.4961706970471712e-08
-2.2958609028236775e-08
-6.8008968469908729e-06
-7.6427695969652390e-04
-7.4770289116031898e-04
-7.0874672424182093e-04
-6.7043448333028966e-04
-6.3226728329945166e-04
-5.8989995683057567e-04
-5.4899830012601451e-04
-5.0978006646781296e-04
-4.7016840393423564e-04
-4.2952052887225227e-04
-3.8607035527444194e-04
-3.4783308544410776e-04
-3.1107864015310886e-04
-2.7637839216363742e-04
-2.3977868522419787e-04
-2.1000756573738192e-04
-1.8409428043576894e-04
-1.6142710915151450e-04
-1.4002046173351750e-04
-1.2380692227798487e-04
-1.1151055799951455e-04
-1.0180595676593806e-04
-9.3985952237213061e-05
-8.9117509630206492e-05
-8.6154836845050005e-05
-8.4543759119951720e-05
-8.4178775798833181e-05
-8.4679772606025550e-05
-8.5692920262821803e-05
-8.7148122595565210e-05
-8.9108748252588499e-05
-9.0834357925484842e-05
-9.2642352101979719e-05
-9.4484287322604970e-05
-9.6258628203586710e-05
-9.7746459332554220e-05
-9.9080307721550532e-05
-1.0036322146459269e-04
-1.0139970058714806e-04
-1.0225228276241016e-04
-1.0294345580836262e-04
-1.0356771267926497e-04
-1.0398133395812257e-04
-1.0423511905375041e-04
-1.0444282232273855e-04
-1.0454639816803715e-04
-1.0451700676148253e-04
-1.0442853176445414e-04
-1.0428138994121522e-04
-1.0404437625508343e-04
-1.0375192615199288e-04
-1.0344180783644799e-04
-1.0307758989520614e-04
-1.0267963295830788e-04
-1.0222473433261425e-04
-1.0177337665772708e-04
-1.0129454266511779e-04
-1.0077578323107540e-04
-1.0027248305858512e-04
-9.9758558355563610e-05
-9.9178662982340568e-05
-9.8636937348532054e-05
-9.8092549400916859e-05
-9.7497336796028598e-05
-9.6943873181588405e-05
-9.6394514325087998e-05
-9.5756957607647254e-05
-9.5204119277148209e-05
-9.4633193531760591e-05
-9.4014449300100608e-05
-9.3462493248090545e-05
-9.2876822989858699e-05
-9.2261128934532311e-05
-9.1705726207628771e-05
-9.1100737941561961e-05
-9.0519290728981340e-05
-8.9973727579241403e-05
-8.9343122757332485e-05
-8.8789383667335281e-05
-8.8232411071039070e-05
-8.7591915830736032e-05
-8.7078097398200083e-05
-8.6493096278139568e-05
-8.5899519676412104e-05
-8.5384931369528140e-05
-8.4751079689748495e-05
-8.4220320361847785e-05
-8.3682388763097509e-05
-8.3072015732470861e-05
-8.2566786380186427e-05
-8.1979047498084617e-05
-8.1421643750198010e-05
-8.0911004779200173e-05
-8.0309148834449247e-05
-7.9807609921674110e-05
-7.9240490531235335e-05
-7.8704146260878731e-05
-7.8173030294545476e-05
-7.7610716180714760e-05
-7.7114667540793266e-05
-7.6530972703232617e-05
-7.6044089293477159e-05
-7.5496556471983819e-05
-7.4956934911347156e-05
-7.4479010800654726e-05
-7.3885197090018027e-05
-7.3430223738046299e-05
-7.2863774498747955e-05
-7.2373652541729222e-05
-7.1855403396652937e-05
-7.1333353255796132e-05
-7.0834575452387991e-05
-7.0307688849899651e-05
-6.9835625614765394e-05
-6.9279250154980875e-05
-6.8833638149623581e-05
-6.8278048644235273e-05
-6.7813836494059264e-05
-6.7295928810369015e-05
-6.6803423581264957e-05
-6.6313048697880554e-05
-6.5814851597865526e-05
-6.5331599372837076e-05
-6.4831038007263369e-05
-6.4358304830645991e-05
-6.3839064503825807e-05
-6.3399643697459763e-05
-6.2858775378259334e-05
-6.2434169605014039e-05
-6.1900303471628144e-05
-6.1469030990092983e-05
-6.0943776660471913e-05
-6.0513120226723754e-05
-5.9981052969814272e-05
-5.9567568058405572e-05
-5.9029223173542370e-05
-5.8617928682601453e-05
-5.8091404767951636e-05
-5.7671180752780159e-05
-5.7153281544728286e-05
-5.6728836041349279e-05
-5.6211394424140288e-05
-5.5796566983750442e-05
-5.5277625636016870e-05
-5.4855062610540087e-05
-5.4361849853143002e-05
-5.3914202028236452e-05
-5.3447909123144162e-05
-5.2982275938616454e-05
-5.2523743014673434e-05
-5.2055593197328371e-05
-5.1604895375463743e-05
-5.1126778045906983e-05
-5.0697486104852171e-05
-5.0194624441343577e-05
-4.9780604102961693e-05
-4.9277689469161623e-05
-4.8851163584406353e-05
-4.8374563735328398e-05
-4.7915980154075414e-05
-4.7474620593484716e-05
-4.6983837512360733e-05
-4.6567648020586393e-05
-4.6060123852603069e-05
-4.5632813983379810e-05
-4.5160139253985480e-05
-4.4703376030732751e-05
-4.4254866136197778e-05
-4.3773953159301625e-05
-4.3348284329971547e-05
-4.2843826712697990e-05
-4.2409872252053599e-05
-4.1937269197364969e-05
-4.1470337125717141e-05
-4.1030180353620227e-05
-4.0526597170751506e-05
-4.0086198202691952e-05
-3.9613869285534738e-05
-3.9139186970706806e-05
-3.8693481426406265e-05
-3.8184589871334496e-05
0.0000000000000000e+00
];
