%Vec Object:dSdr_b_aug_4440 1 MPI processes
%  type: seq
dSdr_b_aug_4440 = [
2.3436477695727967e+03
0.0000000000000000e+00
-9.9827438860793597e-07
-4.1191077288380512e-07
-2.5535860681363005e-07
-1.8112870146980056e-07
-1.3596417466335090e-07
-1.0804602638689266e-07
-8.9122325167305296e-08
-7.4863093687658173e-08
-6.4274334518702824e-08
-5.6157414741762684e-08
-4.9544718734665359e-08
-4.4187010131987513e-08
-3.9794419260284956e-08
-3.6089711829785998e-08
-3.2923369143199276e-08
-3.0221661405695965e-08
-2.7885515687371081e-08
-2.6394052979915196e-08
-2.1000799318675419e-05
-7.0708641192798868e-04
-6.8783402840169562e-04
-6.4899659885025128e-04
-6.0562740646635848e-04
-5.6378187905139544e-04
-5.2367855693590361e-04
-4.8318470340884381e-04
-4.4164804282914995e-04
-3.9727329856405116e-04
-3.5822698959999950e-04
-3.2070809993041925e-04
-2.8529599736344419e-04
-2.4795357297074288e-04
-2.1758215918919114e-04
-1.9114993478839233e-04
-1.6803023295213016e-04
-1.4619545829798461e-04
-1.2965735735053711e-04
-1.1711342428263899e-04
-1.0720808416869714e-04
-9.9221499886034833e-05
-9.4242713637183686e-05
-9.1204092276414513e-05
-8.9541182017191116e-05
-8.9144799575384973e-05
-8.9630285338033265e-05
-9.0636659941743266e-05
-9.2092432894192889e-05
-9.4057100799017717e-05
-9.5785619214393334e-05
-9.7598155357706202e-05
-9.9442477370845369e-05
-1.0121608387641142e-04
-1.0270083813701787e-04
-1.0402786173436176e-04
-1.0529913742298111e-04
-1.0632225359219300e-04
-1.0715926098074692e-04
-1.0783070891395905e-04
-1.0843183803218966e-04
-1.0882192953547849e-04
-1.0904954430359562e-04
-1.0922581032527285e-04
-1.0930059028458934e-04
-1.0924062414282907e-04
-1.0911824204006206e-04
-1.0893613525698853e-04
-1.0866520757867840e-04
-1.0833691918492919e-04
-1.0798861055198885e-04
-1.0758911094913069e-04
-1.0715571682391647e-04
-1.0665881568070463e-04
-1.0617125090228537e-04
-1.0565642860800637e-04
-1.0509500929804489e-04
-1.0455568716108703e-04
-1.0400587634955372e-04
-1.0338227198298181e-04
-1.0280442015194632e-04
-1.0222350887685455e-04
-1.0158582273803743e-04
-1.0099643216665920e-04
-1.0041088694617870e-04
-9.9730464611900733e-05
-9.9141843811513411e-05
-9.8534269404851592e-05
-9.7874433525767902e-05
-9.7287288588402394e-05
-9.6664392915531052e-05
-9.6008579456248968e-05
-9.5418290429092072e-05
-9.4775035214810614e-05
-9.4155941745235433e-05
-9.3576090990915039e-05
-9.2905975518208617e-05
-9.2316095040669672e-05
-9.1724744939337787e-05
-9.1043998471863270e-05
-9.0496293038433331e-05
-8.9875639208452244e-05
-8.9244165481930962e-05
-8.8696150407357988e-05
-8.8023659256281097e-05
-8.7458302093139311e-05
-8.6886176418185962e-05
-8.6237871772798218e-05
-8.5699838787021266e-05
-8.5074838605572170e-05
-8.4482360322128046e-05
-8.3938751049990464e-05
-8.3298453126658158e-05
-8.2765161055007761e-05
-8.2161238007418531e-05
-8.1590819987136564e-05
-8.1025898531597167e-05
-8.0427021496506799e-05
-7.9899157247921731e-05
-7.9278206753119300e-05
-7.8758841624929044e-05
-7.8176729989970617e-05
-7.7602065183381513e-05
-7.7091757376922501e-05
-7.6460927095698628e-05
-7.5974889767823115e-05
-7.5371558304315059e-05
-7.4849927336340300e-05
-7.4296096817606024e-05
-7.3740469144602299e-05
-7.3208485692662488e-05
-7.2646121727176335e-05
-7.2142842273396457e-05
-7.1549160767894822e-05
-7.1073182395557007e-05
-7.0480599044771771e-05
-6.9984770941945455e-05
-6.9431774636061872e-05
-6.8906089150029610e-05
-6.8381970275637350e-05
-6.7849590271006925e-05
-6.7333617349041314e-05
-6.6797708724061159e-05
-6.6292885716096950e-05
-6.5737692546990361e-05
-6.5266582028974178e-05
-6.4689397013355110e-05
-6.4233404929468110e-05
-6.3662833687981403e-05
-6.3200975421675497e-05
-6.2637726820769318e-05
-6.2176753350344152e-05
-6.1606512476268134e-05
-6.1162834902017308e-05
-6.0586072414698809e-05
-6.0144365012081540e-05
-5.9579802662377868e-05
-5.9128805962950439e-05
-5.8572881643089041e-05
-5.8116934017262429e-05
-5.7561824726489026e-05
-5.7114799078212733e-05
-5.6558660580128578e-05
-5.6103323221553121e-05
-5.5573034279535636e-05
-5.5091980639339126e-05
-5.4589141772813021e-05
-5.4088894434768602e-05
-5.3594548637500965e-05
-5.3090456684028113e-05
-5.2604852635928651e-05
-5.2089372409619597e-05
-5.1626326923218813e-05
-5.1084201019436503e-05
-5.0637124841260651e-05
-5.0094859888981571e-05
-4.9634099255676221e-05
-4.9119311027120287e-05
-4.8624418848480998e-05
-4.8146348672725562e-05
-4.7617071854287367e-05
-4.7165935555487335e-05
-4.6617385591224400e-05
-4.6155210678956297e-05
-4.5642520081770924e-05
-4.5148634869800457e-05
-4.4662209066549358e-05
-4.4141247538226140e-05
-4.3679446144052122e-05
-4.3132470375760856e-05
-4.2661581775359736e-05
-4.2148895435264121e-05
-4.1641883886590537e-05
-4.1163983884146347e-05
-4.0616790443945465e-05
-4.0138374198038835e-05
-3.9624906090169629e-05
-3.9108339152271960e-05
-3.8624238786748155e-05
-3.8070085515154812e-05
0.0000000000000000e+00
];
