%Vec Object:dSdr_b_aug_1410 1 MPI processes
%  type: seq
dSdr_b_aug_1410 = [
2.4395558935252729e+03
0.0000000000000000e+00
-1.9669649632622164e-06
-8.0494298388496952e-07
-4.9266923983920760e-07
-3.4679160923884186e-07
-2.6026400812791834e-07
-2.0683367618401259e-07
-1.7062053039480226e-07
-1.4320026678007893e-07
-1.2284523236404569e-07
-1.0724791658959786e-07
-9.4528629837201929e-08
-8.4223338644436624e-08
-7.5776199318442563e-08
-6.8651878745163477e-08
-6.2562759115710909e-08
-5.7368006057721639e-08
-5.2876778533621221e-08
-4.8912896455042454e-08
-4.5440366742942616e-08
-4.2377934802813569e-08
-3.9624161812952437e-08
-3.7179548608138357e-08
-8.5208583124286258e-08
-5.6999165601821733e-05
-5.1692416299805731e-04
-5.0955012410571171e-04
-4.6775908573237247e-04
-4.2149313052862155e-04
-3.8070587365142991e-04
-3.4153455008628788e-04
-3.0458296906688454e-04
-2.6563421693378913e-04
-2.3396449171637012e-04
-2.0640990771880023e-04
-1.8231147391844124e-04
-1.5955074666440151e-04
-1.4231068475025483e-04
-1.2923131026620324e-04
-1.1889181231961467e-04
-1.1054494988460633e-04
-1.0532751266304822e-04
-1.0212462979189832e-04
-1.0034961606053826e-04
-9.9885323412962206e-05
-1.0033726162525443e-04
-1.0132898717155924e-04
-1.0278599393261685e-04
-1.0475940406542841e-04
-1.0649421319815263e-04
-1.0831657240347028e-04
-1.1016605628679189e-04
-1.1193807422430713e-04
-1.1341617360239254e-04
-1.1472843633453631e-04
-1.1597454105341889e-04
-1.1696875566270317e-04
-1.1777207746126613e-04
-1.1840086349191182e-04
-1.1895197150898777e-04
-1.1929117244544815e-04
-1.1946218569031744e-04
-1.1957045892217372e-04
-1.1958295884334579e-04
-1.1945686539076904e-04
-1.1926114874722596e-04
-1.1900341951246936e-04
-1.1865914242859984e-04
-1.1825334277249990e-04
-1.1782243592832469e-04
-1.1734662896203634e-04
-1.1683659111084257e-04
-1.1624884676757791e-04
-1.1568297310997790e-04
-1.1509031516962858e-04
-1.1443663095109851e-04
-1.1381940037728413e-04
-1.1319197496503767e-04
-1.1247383668158636e-04
-1.1181785099917837e-04
-1.1115794696605912e-04
-1.1042839897781478e-04
-1.0976130548860378e-04
-1.0909749631013664e-04
-1.0832436414568210e-04
-1.0765835293813532e-04
-1.0697151473170882e-04
-1.0622280577365510e-04
-1.0555955424558199e-04
-1.0485614738377089e-04
-1.0411356362355151e-04
-1.0344782244735106e-04
-1.0272180343502204e-04
-1.0202128862899939e-04
-1.0136728062839348e-04
-1.0061171151529447e-04
-9.9943664435701976e-05
-9.9277962656720253e-05
-9.8510160836301299e-05
-9.7889164589347791e-05
-9.7191401127777151e-05
-9.6477963606077491e-05
-9.5857653218662538e-05
-9.5101592729910899e-05
-9.4461407473841604e-05
-9.3815326957107461e-05
-9.3084983929625579e-05
-9.2476003352287740e-05
-9.1770414548875855e-05
-9.1102077174554300e-05
-9.0487159847709087e-05
-8.9763719737048620e-05
-8.9161752048246847e-05
-8.8478230176131318e-05
-8.7834117572448142e-05
-8.7196081729660308e-05
-8.6518126540121806e-05
-8.5921451619324599e-05
-8.5219924727410908e-05
-8.4630308270821841e-05
-8.3973409717492820e-05
-8.3322953521329887e-05
-8.2742606398348204e-05
-8.2031716831757324e-05
-8.1478494481683879e-05
-8.0795394303391656e-05
-8.0205615800466780e-05
-7.9574830050955630e-05
-7.8946581057127922e-05
-7.8342780597494605e-05
-7.7703686368924612e-05
-7.7132892652208233e-05
-7.6458525822434739e-05
-7.5916871254657202e-05
-7.5244277817159645e-05
-7.4680070928993781e-05
-7.4051185161584036e-05
-7.3453737629595103e-05
-7.2856637472931506e-05
-7.2250326912408691e-05
-7.1663585902683895e-05
-7.1051228473608354e-05
-7.0477001830083756e-05
-6.9844050123068447e-05
-6.9304401366145044e-05
-6.8648670892449489e-05
-6.8124796786899264e-05
-6.7474840055620550e-05
-6.6946831170474033e-05
-6.6301408907372834e-05
-6.5774866095882144e-05
-6.5122063704330430e-05
-6.4613085818244749e-05
-6.3953234161646971e-05
-6.3445750133987844e-05
-6.2798918722014850e-05
-6.2281367331033167e-05
-6.1643202816580485e-05
-6.1119122928477356e-05
-6.0482546573425356e-05
-5.9965883237588183e-05
-5.9329295398526990e-05
-5.8803074392983682e-05
-5.8192597823548933e-05
-5.7639294871956003e-05
-5.7057415252849338e-05
-5.6482305338557056e-05
-5.5910504448383820e-05
-5.5328677917015949e-05
-5.4767579845206714e-05
-5.4171292423174834e-05
-5.3635246149125832e-05
-5.3008201090486376e-05
-5.2489633409469147e-05
-5.1862263472473086e-05
-5.1327461986889071e-05
-5.0730082260570633e-05
-5.0156664455182308e-05
-4.9599199503519144e-05
-4.8986671804126978e-05
-4.8459956373776632e-05
-4.7822680297322772e-05
-4.7285104425807688e-05
-4.6685873621790230e-05
-4.6111708222168891e-05
-4.5543286619253553e-05
-4.4935718787739672e-05
-4.4395783095791484e-05
-4.3756865936287660e-05
-4.3206117883316423e-05
-4.2606768403648075e-05
-4.2013112864425839e-05
-4.1453638996133815e-05
-4.0812212376855531e-05
-4.0251714028897130e-05
-3.9649526992307187e-05
-3.9042917958260088e-05
-3.8477309178135565e-05
-3.7833397380113016e-05
0.0000000000000000e+00
];
