%Vec Object:dSdr_b_aug_7140 1 MPI processes
%  type: seq
dSdr_b_aug_7140 = [
2.3008991003242177e+03
0.0000000000000000e+00
-7.5232742260305922e-07
-3.1129379267584179e-07
-1.9383600387600375e-07
-1.3784674010322644e-07
-1.0345897212501967e-07
-8.2194096097991156e-08
-6.7779905714869207e-08
-5.6939825167445112e-08
-4.8889094382813065e-08
-4.2716772501937614e-08
-3.7690728558183544e-08
-3.3618657905832920e-08
-3.0279852919638034e-08
-2.7464047455852964e-08
-2.5057592049100006e-08
-2.3030634567919000e-08
-4.6275600558432764e-06
-7.5483285714832886e-04
-7.4826687879258886e-04
-7.0933877600379584e-04
-6.7099722242476079e-04
-6.3280085143089832e-04
-5.9040143889550886e-04
-5.4946968292096047e-04
-5.1022322760868209e-04
-4.7058343591221177e-04
-4.2990722142050448e-04
-3.8642756736234846e-04
-3.4816450086029213e-04
-3.1138568082637093e-04
-2.7666273494854891e-04
-2.4003934603916591e-04
-2.1024908582624344e-04
-1.8431925385525893e-04
-1.6163765337557498e-04
-1.4021735487500939e-04
-1.2399346659058282e-04
-1.1168920844005997e-04
-1.0197820652561941e-04
-9.4152890414555878e-05
-8.9280929447919385e-05
-8.6315835010564114e-05
-8.4703104587720692e-05
-8.4337120100148497e-05
-8.4837622341163400e-05
-8.5850554047416574e-05
-8.7305774586212437e-05
-8.9266529143571674e-05
-9.0992231573500487e-05
-9.2800370582678699e-05
-9.4642381916627765e-05
-9.6416699389741833e-05
-9.7904432418796642e-05
-9.9238063202402975e-05
-1.0052060586609858e-04
-1.0155665890947950e-04
-1.0240874447672687e-04
-1.0309928857860963e-04
-1.0372280801016982e-04
-1.0413567903083994e-04
-1.0438862967247223e-04
-1.0459533054891570e-04
-1.0469798822265425e-04
-1.0466762192488660e-04
-1.0457806578218478e-04
-1.0442980908281829e-04
-1.0419171403113566e-04
-1.0389812120508494e-04
-1.0358678517067996e-04
-1.0322144225490481e-04
-1.0282235538427814e-04
-1.0236611748554799e-04
-1.0191360532765756e-04
-1.0143362382862107e-04
-1.0091350416122950e-04
-1.0040905540886007e-04
-9.9893986457777457e-05
-9.9312697399508125e-05
-9.8769819862139417e-05
-9.8224267348399346e-05
-9.7627700451465444e-05
-9.7073091286392356e-05
-9.6522578607963525e-05
-9.5883655096738794e-05
-9.5329675822428722e-05
-9.4757581514386938e-05
-9.4137527052875312e-05
-9.3584448983898024e-05
-9.2997591772844734e-05
-9.2380618488148344e-05
-9.1824103392361818e-05
-9.1217894963564050e-05
-9.0635247379176797e-05
-9.0088590950369052e-05
-8.9456726309461961e-05
-8.8901834831278185e-05
-8.8343766089299573e-05
-8.7701987416191542e-05
-8.7187088477952901e-05
-8.6600950550981749e-05
-8.6006165577516964e-05
-8.5490511438870891e-05
-8.4855427717235869e-05
-8.4323565217279934e-05
-8.3784543320554952e-05
-8.3172960818402971e-05
-8.2666685503128082e-05
-8.2077758522902956e-05
-8.1519236403008988e-05
-8.1007546154744197e-05
-8.0404464465235815e-05
-7.9901913084357045e-05
-7.9333620187861198e-05
-7.8796189456087221e-05
-7.8263995581930474e-05
-7.7700515637989668e-05
-7.7203452538700319e-05
-7.6618569782710357e-05
-7.6130650674324755e-05
-7.5582015287000733e-05
-7.5041276351788230e-05
-7.4562319667926158e-05
-7.3967325662053644e-05
-7.3511361816839274e-05
-7.2943736566010586e-05
-7.2452609925482153e-05
-7.1933226247141658e-05
-7.1410105466768981e-05
-7.0910268881368692e-05
-7.0382251062077437e-05
-6.9909192479049976e-05
-6.9351627493727816e-05
-6.8905047238356623e-05
-6.8348278162022458e-05
-6.7883057918082033e-05
-6.7364031412426738e-05
-6.6870468210676598e-05
-6.6379017379628264e-05
-6.5879730336842825e-05
-6.5395434792308202e-05
-6.4893746357656509e-05
-6.4419989976938189e-05
-6.3899603271548418e-05
-6.3459172018941738e-05
-6.2917145719329650e-05
-6.2491539173745983e-05
-6.1956502675007021e-05
-6.1524254946188065e-05
-6.0997789145255516e-05
-6.0566166033131473e-05
-6.0032881586141027e-05
-5.9618433961813103e-05
-5.9078864106952854e-05
-5.8666599879945804e-05
-5.8138863084912551e-05
-5.7717657861733719e-05
-5.7198546197688488e-05
-5.6773096227343802e-05
-5.6254453550706798e-05
-5.5838599447687726e-05
-5.5318472042817447e-05
-5.4894863983957172e-05
-5.4400469025717496e-05
-5.3951756031401782e-05
-5.3484297831098886e-05
-5.3017560947540002e-05
-5.2557886102169543e-05
-5.2088590241103660e-05
-5.1636779405339847e-05
-5.1157470728612643e-05
-5.0727102525721444e-05
-5.0222988887522725e-05
-4.9807914531689682e-05
-4.9303745175740576e-05
-4.8876127680143982e-05
-4.8398310154366470e-05
-4.7938568831998574e-05
-4.7496038709018772e-05
-4.7004028206136373e-05
-4.6586724384774547e-05
-4.6077892049922597e-05
-4.5649470447233168e-05
-4.5175519739750925e-05
-4.4717572801985787e-05
-4.4267853866292662e-05
-4.3785663831621314e-05
-4.3358842787265825e-05
-4.2853029317306081e-05
-4.2417897013472924e-05
-4.1944015643818736e-05
-4.1475805289244093e-05
-4.1034444584938939e-05
-4.0529470152045697e-05
-4.0087857821269080e-05
-3.9614215053084672e-05
-3.9138192748756406e-05
-3.8691250398928235e-05
-3.8180848915789041e-05
0.0000000000000000e+00
];
