%Vec Object:dSdr_b_aug_6280 1 MPI processes
%  type: seq
dSdr_b_aug_6280 = [
2.3151470267063464e+03
0.0000000000000000e+00
-8.2403423693335637e-07
-3.4013268031664267e-07
-2.1115636136199888e-07
-1.4978643605218139e-07
-1.1222794530846498e-07
-8.9007449605474157e-08
-7.3269308173105541e-08
-6.1433788729640922e-08
-5.2645258762052344e-08
-4.5907950304462605e-08
-4.0424094868592869e-08
-3.5982051396237960e-08
-3.2340297193687877e-08
-2.9269950228822997e-08
-2.6646929413085409e-08
-2.4408981115533038e-08
-2.6925667413162993e-08
-1.5564478130828129e-04
-7.5088370328248578e-04
-7.1409498247878114e-04
-6.7553483760700295e-04
-6.3710347733887326e-04
-5.9444533120940233e-04
-5.5327085839914378e-04
-5.1379682700267062e-04
-4.7393020506364403e-04
-4.3302546476782565e-04
-3.8930808377359759e-04
-3.5083699596934095e-04
-3.1386162089843214e-04
-2.7895564194748177e-04
-2.4214128445191683e-04
-2.1219667570193841e-04
-1.8613341335821577e-04
-1.6333545756716983e-04
-1.4180507836808660e-04
-1.2549773836203852e-04
-1.1312982496865546e-04
-1.0336720878924672e-04
-9.5499061398910954e-05
-9.0598728580754676e-05
-8.7614106017898350e-05
-8.5988048236823963e-05
-8.5613990282014575e-05
-8.6110504379290138e-05
-8.7121694663441619e-05
-8.8577061992471949e-05
-9.0538855966834148e-05
-9.2265306359663710e-05
-9.4074613264699989e-05
-9.5917238348862711e-05
-9.7691367049676538e-05
-9.9178308996816555e-05
-1.0051018502444635e-04
-1.0178973533615541e-04
-1.0282235251614236e-04
-1.0367043348360816e-04
-1.0435590584534411e-04
-1.0497347864440056e-04
-1.0538029966338414e-04
-1.0562652136031044e-04
-1.0582513905354689e-04
-1.0592039269449616e-04
-1.0588216498313183e-04
-1.0578389060255870e-04
-1.0562664366804178e-04
-1.0537982860736201e-04
-1.0507702099364719e-04
-1.0475586541515865e-04
-1.0438145083236569e-04
-1.0397325230535599e-04
-1.0350621466332190e-04
-1.0304439288708230e-04
-1.0255515802820051e-04
-1.0202406959602020e-04
-1.0151035882806609e-04
-1.0098606279281844e-04
-1.0039353521868007e-04
-9.9841368865015608e-05
-9.9286425423880244e-05
-9.8678937674107609e-05
-9.8115090921171137e-05
-9.7555273955789298e-05
-9.6905328778295816e-05
-9.6342149066883830e-05
-9.5760631605020744e-05
-9.5130011602719266e-05
-9.4567885719541036e-05
-9.3971457058873061e-05
-9.3344168217746203e-05
-9.2778683108577366e-05
-9.2162635429383661e-05
-9.1570308187644247e-05
-9.1014835682650744e-05
-9.0372812008569699e-05
-8.9808627807043146e-05
-8.9241719873558518e-05
-8.8589591749139234e-05
-8.8065979738365514e-05
-8.7470674735787819e-05
-8.6866145597762367e-05
-8.6341896719175523e-05
-8.5696877959682115e-05
-8.5156119613148958e-05
-8.4608305684833105e-05
-8.3986970149888083e-05
-8.3472260315652866e-05
-8.2873752654939842e-05
-8.2306212118340411e-05
-8.1786044497110768e-05
-8.1173078548949331e-05
-8.0662362748389426e-05
-8.0084606840684258e-05
-7.9538415015321679e-05
-7.8997529023135360e-05
-7.8424647966127524e-05
-7.7919404389636615e-05
-7.7324942403113141e-05
-7.6828671546104671e-05
-7.6271145202151018e-05
-7.5721395894670266e-05
-7.5234112665577543e-05
-7.4629600903218155e-05
-7.4165649841011072e-05
-7.3588541376667279e-05
-7.3089313090819415e-05
-7.2560780675434017e-05
-7.2029026388284012e-05
-7.1520651915454094e-05
-7.0983512101899007e-05
-7.0502427156165538e-05
-6.9935269982788838e-05
-6.9480881879487749e-05
-6.8914600888221096e-05
-6.8441251500651066e-05
-6.7913202953406751e-05
-6.7411108391464392e-05
-6.6910981251899458e-05
-6.6402905046302461e-05
-6.5910196303632174e-05
-6.5399419325159517e-05
-6.4917411954774101e-05
-6.4387780996590647e-05
-6.3939201633157720e-05
-6.3387837525314300e-05
-6.2954160879224392e-05
-6.2409686702572943e-05
-6.1969574704673501e-05
-6.1433339753499416e-05
-6.0993921472395455e-05
-6.0450821760494469e-05
-6.0028610945327764e-05
-5.9479163090487700e-05
-5.9059079040725359e-05
-5.8521561736507317e-05
-5.8092444183844524e-05
-5.7563555434703308e-05
-5.7130005578922426e-05
-5.6601677720357612e-05
-5.6177544751444787e-05
-5.5647853143876662e-05
-5.5215818082540803e-05
-5.4711890021873013e-05
-5.4254587654309077e-05
-5.3777732680030677e-05
-5.3302095729839737e-05
-5.2833212599036683e-05
-5.2354675213735971e-05
-5.1893889205725090e-05
-5.1404973690819404e-05
-5.0965926688082895e-05
-5.0451717327676386e-05
-5.0028143558418316e-05
-4.9513856337594177e-05
-4.9077436294145368e-05
-4.8589799649534345e-05
-4.8120722532184202e-05
-4.7668753236892155e-05
-4.7166845070068300e-05
-4.6740555562874117e-05
-4.6221174484732120e-05
-4.5783788179839339e-05
-4.5299548354712428e-05
-4.4832056343555933e-05
-4.4372588156708911e-05
-4.3880100464282232e-05
-4.3443988571267981e-05
-4.2927242273967168e-05
-4.2482612767349019e-05
-4.1998424266447170e-05
-4.1519907436305893e-05
-4.1068840442292441e-05
-4.0552650297434351e-05
-4.0101258710705393e-05
-3.9617030564942284e-05
-3.9130222662573878e-05
-3.8673362839562778e-05
-3.8151083041635466e-05
0.0000000000000000e+00
];
