%Vec Object:dSdr_b_aug_820 1 MPI processes
%  type: seq
dSdr_b_aug_820 = [
2.4835695164625445e+03
0.0000000000000000e+00
-2.7385281603025248e-06
-1.1155118462919902e-06
-6.7799779675675984e-07
-4.7527890854370866e-07
-3.5659816276041695e-07
-2.8335474705951494e-07
-2.3371604661222563e-07
-1.9603414745693565e-07
-1.6806646817114689e-07
-1.4663989686276273e-07
-1.2915943859488310e-07
-1.1499686360651524e-07
-1.0338915280908448e-07
-9.3599504326977990e-08
-8.5232608388644948e-08
-7.8095204081218215e-08
-7.1924903094375732e-08
-6.6479726902524057e-08
-6.1709840444930370e-08
-5.7503497879790337e-08
-5.3721720599041440e-08
-5.0340969798758098e-08
-4.7307985593455074e-08
-4.4556973662442016e-08
-4.3347326037736617e-08
-7.7844011439488810e-07
-9.9289730846932971e-05
-3.9050612465043742e-04
-3.8657492651606335e-04
-3.5020763437630252e-04
-3.1301885905739648e-04
-2.7343168662126330e-04
-2.4120157853352141e-04
-2.1315390174080534e-04
-1.8862364230132263e-04
-1.6545387930523299e-04
-1.4790362546689083e-04
-1.3458760992176959e-04
-1.2405622070169864e-04
-1.1555011561875170e-04
-1.1022719355804249e-04
-1.0695170563531884e-04
-1.0512714078134518e-04
-1.0463283074714327e-04
-1.0506994021674964e-04
-1.0605519035460339e-04
-1.0751274213499277e-04
-1.0949001609946455e-04
-1.1122760546426569e-04
-1.1305430626100715e-04
-1.1490607142185026e-04
-1.1667738684612571e-04
-1.1815254433643865e-04
-1.1945828221722398e-04
-1.2069326065708601e-04
-1.2167470002198530e-04
-1.2246313201145622e-04
-1.2307306056619834e-04
-1.2360205822458650e-04
-1.2391876449525732e-04
-1.2406475874449159e-04
-1.2414297785232637e-04
-1.2412794879125284e-04
-1.2397262580432150e-04
-1.2374449391292674e-04
-1.2345333813926744e-04
-1.2307663924815616e-04
-1.2263657817748036e-04
-1.2216916140345168e-04
-1.2165962517478149e-04
-1.2111570938688031e-04
-1.2048781069870923e-04
-1.1988732308442107e-04
-1.1926026036766724e-04
-1.1856579339348520e-04
-1.1791412587364843e-04
-1.1725239339832896e-04
-1.1649246942586962e-04
-1.1580194716702737e-04
-1.1510712690792031e-04
-1.1433697433630747e-04
-1.1363553475631030e-04
-1.1293713149912705e-04
-1.1212301993456405e-04
-1.1142280077583138e-04
-1.1070092654816544e-04
-1.0991293410403859e-04
-1.0921604209788021e-04
-1.0847704785140343e-04
-1.0769611007277496e-04
-1.0699701769654627e-04
-1.0623441560058418e-04
-1.0549791106125126e-04
-1.0481112418268940e-04
-1.0401778299465916e-04
-1.0331518483803008e-04
-1.0261661824701148e-04
-1.0181033637466382e-04
-1.0115694424002661e-04
-1.0042509696486908e-04
-9.9675430060325470e-05
-9.9023163924870182e-05
-9.8230164376458069e-05
-9.7556903840115991e-05
-9.6878134035324021e-05
-9.6111528656689051e-05
-9.5471188047117030e-05
-9.4729977711018856e-05
-9.4028109337812853e-05
-9.3381672647708752e-05
-9.2621482299440883e-05
-9.1989158869655431e-05
-9.1270453013575991e-05
-9.0593766203858422e-05
-8.9923412613882148e-05
-8.9210503592055136e-05
-8.8583413244349752e-05
-8.7846270276517271e-05
-8.7225601603036857e-05
-8.6535646027804030e-05
-8.5851688818782627e-05
-8.5240383200045511e-05
-8.4494106144618669e-05
-8.3911186951919904e-05
-8.3192827728216059e-05
-8.2572926943455866e-05
-8.1908125763063093e-05
-8.1247777005398529e-05
-8.0612232305858232e-05
-7.9939222099049636e-05
-7.9338586038074193e-05
-7.8628555035614210e-05
-7.8057870590308572e-05
-7.7349911457511822e-05
-7.6755480112284110e-05
-7.6093050047735533e-05
-7.5463882613108365e-05
-7.4834523637104972e-05
-7.4195534669773371e-05
-7.3577513125849106e-05
-7.2931364197079853e-05
-7.2326460147232192e-05
-7.1659138034958775e-05
-7.1089194409857187e-05
-7.0398745720941973e-05
-6.9844866827954201e-05
-6.9159820596884680e-05
-6.8602572260002600e-05
-6.7920828104204106e-05
-6.7365302804810810e-05
-6.6676007114773583e-05
-6.6138165689316497e-05
-6.5441587541412155e-05
-6.4905029475549310e-05
-6.4221834117160495e-05
-6.3674864817269352e-05
-6.3000349167732691e-05
-6.2446154113481056e-05
-6.1773568422579181e-05
-6.1226124563074305e-05
-6.0553977314578076e-05
-5.9996425132083779e-05
-5.9350504923258423e-05
-5.8765267250479875e-05
-5.8148451038339564e-05
-5.7540251420938262e-05
-5.6934214963202018e-05
-5.6318029410859414e-05
-5.5723562770791429e-05
-5.5091558378232315e-05
-5.4523245807775115e-05
-5.3858666485291549e-05
-5.3308499925473806e-05
-5.2643513924627617e-05
-5.2075987097119238e-05
-5.1442102759651191e-05
-5.0833977809823907e-05
-5.0241421871592614e-05
-4.9592099152713081e-05
-4.9031980205234334e-05
-4.8355490076891456e-05
-4.7784590790324650e-05
-4.7147113796431887e-05
-4.6537470398974511e-05
-4.5932813970057135e-05
-4.5286975400545645e-05
-4.4712516302462787e-05
-4.4032976493274290e-05
-4.3446951163996758e-05
-4.2809324527264195e-05
-4.2177411497091060e-05
-4.1581938991575318e-05
-4.0898948922399120e-05
-4.0302314413123800e-05
-3.9661176829309847e-05
-3.9015331933646102e-05
-3.8415282786366532e-05
-3.7740151564052847e-05
0.0000000000000000e+00
];
