%Vec Object:dSdr_b_aug_9440 1 MPI processes
%  type: seq
dSdr_b_aug_9440 = [
2.2763244140579595e+03
0.0000000000000000e+00
-6.4298072430752271e-07
-2.6646712276690905e-07
-1.6632009076493338e-07
-1.1845243711734824e-07
-8.8909285501497656e-08
-7.0636227655663297e-08
-5.8249791872996623e-08
-4.8943948818675510e-08
-4.2032103052380245e-08
-3.6732452706231507e-08
-3.2417947443896509e-08
-2.8922336717778400e-08
-2.6056033102723414e-08
-2.3638708370105339e-08
-2.1584683751754386e-08
-4.9072451971716628e-06
-7.9629976400264477e-04
-7.7869699733804163e-04
-7.3686323971666095e-04
-6.9829114257194088e-04
-6.6050457297527282e-04
-6.2285222555150544e-04
-5.8105107479675675e-04
-5.4068053359283808e-04
-5.0196028399123133e-04
-4.6284497344698715e-04
-4.2269716061855414e-04
-3.7976718325482693e-04
-3.4198510752045391e-04
-3.0566076574008020e-04
-2.7136103237811366e-04
-2.3517920462774874e-04
-2.0574583205947345e-04
-1.8012452071790560e-04
-1.5771195954411937e-04
-1.3654619205086895e-04
-1.2051526271696082e-04
-1.0835818968814630e-04
-9.8766531479777027e-05
-9.1040250489580408e-05
-8.6233890965615575e-05
-8.3313949367570025e-05
-8.1732034285424634e-05
-8.1384717041952241e-05
-8.1894440734340922e-05
-8.2911398979660853e-05
-8.4366280098480378e-05
-8.6324631287872870e-05
-8.8048604256233437e-05
-8.9854042827604755e-05
-9.1694635029203748e-05
-9.3469388979629996e-05
-9.4958951156694688e-05
-9.6296639315258381e-05
-9.7586100946530578e-05
-9.8630098453199555e-05
-9.9491443526626965e-05
-1.0019371459771300e-04
-1.0083098394090042e-04
-1.0125784388590240e-04
-1.0152635331713974e-04
-1.0175174427845862e-04
-1.0187152169361536e-04
-1.0185933270158304e-04
-1.0178993502963938e-04
-1.0166246571839612e-04
-1.0144453323340008e-04
-1.0117224701061688e-04
-1.0088361590949400e-04
-1.0053924867045841e-04
-1.0016122994110957e-04
-9.9729963410291993e-05
-9.9298977125422103e-05
-9.8840391417574428e-05
-9.8345633932756977e-05
-9.7862600985625542e-05
-9.7368867070917581e-05
-9.6813563918567492e-05
-9.6292164156088590e-05
-9.5768325519630560e-05
-9.5197010023180762e-05
-9.4663760181196215e-05
-9.4134761048964276e-05
-9.3521322040410060e-05
-9.2988616189465214e-05
-9.2438310273816363e-05
-9.1842685653551520e-05
-9.1310528109962775e-05
-9.0745802183883799e-05
-9.0152680721815925e-05
-8.9616906258710143e-05
-8.9033448328961601e-05
-8.8473182229932958e-05
-8.7946910497003559e-05
-8.7338535762964358e-05
-8.6805131093991897e-05
-8.6267500496055983e-05
-8.5649652018481015e-05
-8.5154899609469199e-05
-8.4589957967081569e-05
-8.4017703633955184e-05
-8.3521922414391195e-05
-8.2909810673883886e-05
-8.2398517317602621e-05
-8.1879824521440632e-05
-8.1290793165203021e-05
-8.0804020303341413e-05
-8.0237245952609039e-05
-7.9699576385396575e-05
-7.9207487678289911e-05
-7.8627260557261101e-05
-7.8143587101270689e-05
-7.7597174757089763e-05
-7.7080001590567671e-05
-7.6567905795225772e-05
-7.6026163281544122e-05
-7.5548015235582153e-05
-7.4985281756343572e-05
-7.4516673717823449e-05
-7.3988596167802893e-05
-7.3468691184979662e-05
-7.3008987295035470e-05
-7.2436000425074197e-05
-7.1998504773076972e-05
-7.1452806786819663e-05
-7.0980412922799985e-05
-7.0482183126538300e-05
-6.9979024902544682e-05
-6.9498929781333581e-05
-6.8992004008427643e-05
-6.8537504132286560e-05
-6.8002118384474618e-05
-6.7573591582040230e-05
-6.7038816134355929e-05
-6.6592392249032682e-05
-6.6094226677654221e-05
-6.5620389847313962e-05
-6.5149000539884837e-05
-6.4670035964674140e-05
-6.4205193575064235e-05
-6.3724519842575875e-05
-6.3269841555087830e-05
-6.2770829584969212e-05
-6.2349238547329156e-05
-6.1828803303476328e-05
-6.1421856596140489e-05
-6.0908642073767947e-05
-6.0494578255559166e-05
-5.9990700867518678e-05
-5.9577101891710607e-05
-5.9066512484780633e-05
-5.8670015056221473e-05
-5.8153285298483911e-05
-5.7759102212647811e-05
-5.7253980094777406e-05
-5.6851069908479432e-05
-5.6354565004207147e-05
-5.5947843740901261e-05
-5.5451595323855359e-05
-5.5054883769884381e-05
-5.4556870893854642e-05
-5.4152747908227096e-05
-5.3680395568206867e-05
-5.3251543083624731e-05
-5.2805812279995653e-05
-5.2359654297224465e-05
-5.1921271021538612e-05
-5.1473343585262475e-05
-5.1042285310139159e-05
-5.0585189743702647e-05
-5.0174888823138419e-05
-4.9694118701382276e-05
-4.9298696846437102e-05
-4.8817922204802273e-05
-4.8410658122096044e-05
-4.7955544542976436e-05
-4.7517389615923162e-05
-4.7096684918145675e-05
-4.6627559972159231e-05
-4.6231033012846625e-05
-4.5746591668890808e-05
-4.5338898404818603e-05
-4.4888738370576325e-05
-4.4452861708345928e-05
-4.4025685145489855e-05
-4.3567305511313498e-05
-4.3161966893120645e-05
-4.2681432446526180e-05
-4.2268259664360952e-05
-4.1818210512077400e-05
-4.1373830802603158e-05
-4.0954912889997144e-05
-4.0475871198855605e-05
-4.0056869897713376e-05
-3.9607701409813357e-05
-3.9156614578171749e-05
-3.8732594194527614e-05
-3.8249605429606689e-05
0.0000000000000000e+00
];
