%Vec Object:dSdr_b_aug_3100 1 MPI processes
%  type: seq
dSdr_b_aug_3100 = [
2.3730045425483813e+03
0.0000000000000000e+00
-1.2186779605953773e-06
-5.0070076905241065e-07
-3.0864725112753583e-07
-2.1797688080361712e-07
-1.6324923411595938e-07
-1.2943320863520364e-07
-1.0651469621931521e-07
-8.9235742118746723e-08
-7.6407764967183852e-08
-6.6575872990897667e-08
-5.8569420887045620e-08
-5.2084183085492988e-08
-4.6767944377428598e-08
-4.2285979963991133e-08
-3.8457122714963799e-08
-3.5190569282088023e-08
-3.2366566251533106e-08
-2.9875456138215661e-08
-2.7732625103314336e-08
-9.0610785185763102e-07
-4.6802385937411628e-04
-6.5789560826647877e-04
-6.1664000020961055e-04
-5.7419334370336153e-04
-5.3346849614625770e-04
-4.9235330876618011e-04
-4.5019059678051411e-04
-4.0516459031348447e-04
-3.6554839864821594e-04
-3.2749103855314702e-04
-2.9157750952437934e-04
-2.5371191902691061e-04
-2.2291766123066939e-04
-1.9611989896695697e-04
-1.7268143708219739e-04
-1.5054509193803786e-04
-1.3377837164254753e-04
-1.2106005246467517e-04
-1.1101331297881531e-04
-1.0290939097060717e-04
-9.7852879396458090e-05
-9.4760760396148520e-05
-9.3061339693821231e-05
-9.2642839983246328e-05
-9.3117399941433578e-05
-9.4119003725436041e-05
-9.5575178693108330e-05
-9.7542694001408027e-05
-9.9273261380255327e-05
-1.0108899691628964e-04
-1.0293500022482102e-04
-1.0470808948815715e-04
-1.0619067646462712e-04
-1.0751289275885229e-04
-1.0877597070529779e-04
-1.0978967412092660e-04
-1.1061571059122103e-04
-1.1127326413309860e-04
-1.1185810206676814e-04
-1.1223161921010965e-04
-1.1244079963418673e-04
-1.1259492132837530e-04
-1.1264941752620313e-04
-1.1256791461631372e-04
-1.1242164844666722e-04
-1.1221491245462396e-04
-1.1192009586721956e-04
-1.1156656316580094e-04
-1.1119135347994754e-04
-1.1076700166552116e-04
-1.1030864577675564e-04
-1.0978215828828612e-04
-1.0926908942256859e-04
-1.0872891716397505e-04
-1.0813744846951066e-04
-1.0757275265660179e-04
-1.0699766386541793e-04
-1.0634327112211599e-04
-1.0573997219446458e-04
-1.0513333408646902e-04
-1.0446572982204826e-04
-1.0385103249807855e-04
-1.0323999780017646e-04
-1.0252938115946041e-04
-1.0191555538258788e-04
-1.0128216585902473e-04
-1.0059338524801612e-04
-9.9981453452017800e-05
-9.9332336400513799e-05
-9.8648263052418791e-05
-9.8033400306062239e-05
-9.7363190062727881e-05
-9.6717578775637919e-05
-9.6113576020192624e-05
-9.5415629461252836e-05
-9.4800291188091597e-05
-9.4184725760337033e-05
-9.3475626548781358e-05
-9.2904051297410157e-05
-9.2258283893345515e-05
-9.1600115638769858e-05
-9.1028554931184307e-05
-9.0328846347198209e-05
-8.9739118657419166e-05
-8.9142906861466964e-05
-8.8467883393357019e-05
-8.7906743706751600e-05
-8.7255496869027168e-05
-8.6638312273709826e-05
-8.6071478900868190e-05
-8.5404102657180497e-05
-8.4848443833097226e-05
-8.4218596489722903e-05
-8.3624177105307265e-05
-8.3035443246975928e-05
-8.2410811489026588e-05
-8.1860536498510987e-05
-8.1213343321313568e-05
-8.0671098247032038e-05
-8.0064629483666077e-05
-7.9465280404921978e-05
-7.8932161698837936e-05
-7.8275257146256727e-05
-7.7767338522074524e-05
-7.7138027419939968e-05
-7.6594201675247417e-05
-7.6015307829759943e-05
-7.5436028324884444e-05
-7.4880654993779756e-05
-7.4293300965814541e-05
-7.3768032976196185e-05
-7.3148073293925059e-05
-7.2650705016406180e-05
-7.2032063400817898e-05
-7.1513965191276205e-05
-7.0936252649134984e-05
-7.0387195168747593e-05
-6.9839307208661538e-05
-6.9282848949840580e-05
-6.8743827744590226e-05
-6.8183020699951174e-05
-6.7655593786598479e-05
-6.7075075628153890e-05
-6.6581643046479311e-05
-6.5978876744186675e-05
-6.5500776310171237e-05
-6.4904350186429063e-05
-6.4420947455444405e-05
-6.3830935892209288e-05
-6.3348607261118307e-05
-6.2751477093718843e-05
-6.2286531966290848e-05
-6.1682708322888688e-05
-6.1219578224103619e-05
-6.0628221800753202e-05
-6.0155548982218675e-05
-5.9572839972325254e-05
-5.9094702413798018e-05
-5.8513060209052215e-05
-5.8043354307730520e-05
-5.7461014327832504e-05
-5.6982590894781453e-05
-5.6426185676405645e-05
-5.5921601146625252e-05
-5.5393019487356881e-05
-5.4868390109785361e-05
-5.4348817899540076e-05
-5.3819408478960991e-05
-5.3309216650670142e-05
-5.2767418176171084e-05
-5.2280596845921516e-05
-5.1710813391247109e-05
-5.1240452821539750e-05
-5.0670469676367000e-05
-5.0185594224171992e-05
-4.9643906253932696e-05
-4.9123438433917979e-05
-4.8619509428344130e-05
-4.8063117746806212e-05
-4.7587365009746356e-05
-4.7009916582691246e-05
-4.6523182787640501e-05
-4.5982305067763438e-05
-4.5462271131256016e-05
-4.4949137326103911e-05
-4.4399965514418849e-05
-4.3912712157644307e-05
-4.3335786342735281e-05
-4.2838880887565276e-05
-4.2297959219523681e-05
-4.1762714671272592e-05
-4.1258226738355180e-05
-4.0680311673626039e-05
-4.0175111618434229e-05
-3.9632656697509322e-05
-3.9086567826572035e-05
-3.8575368953390967e-05
-3.7989043710567492e-05
0.0000000000000000e+00
];
