%Vec Object:dSdr_b_aug_8150 1 MPI processes
%  type: seq
dSdr_b_aug_8150 = [
2.2925478139895122e+03
0.0000000000000000e+00
-7.1192215436631191e-07
-2.9437563508148660e-07
-1.8322137258641496e-07
-1.3019133663552128e-07
-9.7581282290776785e-08
-7.7415780599527544e-08
-6.3747843390473608e-08
-5.3477683498066595e-08
-4.5850815978743270e-08
-4.0003532258716402e-08
-3.5244637734493174e-08
-3.1389684491911079e-08
-2.8229070355761812e-08
-2.5564235985920114e-08
-2.3287519027561726e-08
-2.2802472118084138e-08
-1.2614159225198966e-04
-7.8301573909554830e-04
-7.4283374408517209e-04
-7.0397600024182049e-04
-6.6590290690511601e-04
-6.2797065311479743e-04
-5.8586170485536973e-04
-5.4520242658052389e-04
-5.0621145158385376e-04
-4.6682630290398043e-04
-4.2640663488859303e-04
-3.8319385663595492e-04
-3.4516431794981688e-04
-3.0860615353257322e-04
-2.7408868331548175e-04
-2.3767967858755526e-04
-2.0806269234358515e-04
-1.8228265129835778e-04
-1.5973167302682525e-04
-1.3843495286923563e-04
-1.2230474902411546e-04
-1.1007195146200971e-04
-1.0041889272332368e-04
-9.2641659617153388e-05
-8.7801549080831362e-05
-8.4858376989123844e-05
-8.3260607852054334e-05
-8.2903686580380523e-05
-8.3408665971958175e-05
-8.4423552623976393e-05
-8.5878608373610299e-05
-8.7838196065167406e-05
-8.9563058822040130e-05
-9.1369886733821758e-05
-9.3211209060814883e-05
-9.4985738454114859e-05
-9.6474359561509241e-05
-9.7809960261854866e-05
-9.9095862185208630e-05
-1.0013577237902234e-04
-1.0099235356924989e-04
-1.0168859128206722e-04
-1.0231878649198397e-04
-1.0273844933579385e-04
-1.0299895399128208e-04
-1.0321472916830767e-04
-1.0332569872088450e-04
-1.0330415776301615e-04
-1.0322438884353448e-04
-1.0308622471741921e-04
-1.0285791887667240e-04
-1.0257467070962985e-04
-1.0227435824115795e-04
-1.0191919931415584e-04
-1.0153034132592165e-04
-1.0108622737880586e-04
-1.0064416633834942e-04
-1.0017457279866384e-04
-9.9666766831037055e-05
-9.9172715755191802e-05
-9.8668005266564228e-05
-9.8099332734372102e-05
-9.7566882959731338e-05
-9.7031872841225363e-05
-9.6447565857140855e-05
-9.5903326946528004e-05
-9.5363259398715657e-05
-9.4736708974395571e-05
-9.4193058249033361e-05
-9.3631542514117070e-05
-9.3023349085824355e-05
-9.2480428228277053e-05
-9.1904316068773320e-05
-9.1298923182667728e-05
-9.0752477957318147e-05
-9.0157315217942932e-05
-8.9585534161041981e-05
-8.9048774791278436e-05
-8.8428314833175075e-05
-8.7883855504159076e-05
-8.7335709770461144e-05
-8.6705549545240494e-05
-8.6200432032448534e-05
-8.5624585201500314e-05
-8.5040739172597844e-05
-8.4534733616776310e-05
-8.3910803116360119e-05
-8.3388927226489269e-05
-8.2859775395301759e-05
-8.2259141792809969e-05
-8.1762335193925006e-05
-8.1184163628455092e-05
-8.0635765717573823e-05
-8.0133592294331595e-05
-7.9541606820485641e-05
-7.9048220938800342e-05
-7.8490551358894632e-05
-7.7962955961487159e-05
-7.7440519988254187e-05
-7.6887593873172546e-05
-7.6399714299734241e-05
-7.5825585330412042e-05
-7.5347042018987054e-05
-7.4808387751834363e-05
-7.4277763994364402e-05
-7.3808154814327992e-05
-7.3223845583417197e-05
-7.2776848306390379e-05
-7.2219869052031355e-05
-7.1737837439002971e-05
-7.1228724268844121e-05
-7.0715295591539082e-05
-7.0225043765436167e-05
-6.9707266431966294e-05
-6.9243218362796121e-05
-6.8696421710272247e-05
-6.8258606660941652e-05
-6.7712515801426451e-05
-6.7256421454719087e-05
-6.6747523226484725e-05
-6.6263537456156605e-05
-6.5781826778222856e-05
-6.5292406579277947e-05
-6.4817555815769806e-05
-6.4326070314921495e-05
-6.3861576617475139e-05
-6.3351567647080908e-05
-6.2920283584066102e-05
-6.2388740046125454e-05
-6.1972193114704128e-05
-6.1447751492699879e-05
-6.1024332308231466e-05
-6.0508833499292715e-05
-6.0085961358898451e-05
-5.9563695673386267e-05
-5.9157963121377128e-05
-5.8629482454758222e-05
-5.8225996875279026e-05
-5.7709239823972360e-05
-5.7296917097546879e-05
-5.6788781332859224e-05
-5.6372424412121436e-05
-5.5864654462808084e-05
-5.5458094335276559e-05
-5.4948703844140045e-05
-5.4534556060801473e-05
-5.4050863101944982e-05
-5.3611792662284455e-05
-5.3154883416464459e-05
-5.2698137876161418e-05
-5.2248800384366455e-05
-5.1789879191049412e-05
-5.1348144011524579e-05
-5.0879620108431149e-05
-5.0458994848555414e-05
-4.9966214810571202e-05
-4.9560682014437594e-05
-4.9067871114994988e-05
-4.8650135479836066e-05
-4.8183341030481662e-05
-4.7734080196889129e-05
-4.7302146613192407e-05
-4.6821247356777420e-05
-4.6414030978766413e-05
-4.5917040795336762e-05
-4.5498683071505965e-05
-4.5036283045655009e-05
-4.4589051507227760e-05
-4.4150277174387055e-05
-4.3679647379887598e-05
-4.3263256300391774e-05
-4.2769716082015322e-05
-4.2345245344537264e-05
-4.1882934731398081e-05
-4.1426294325434121e-05
-4.0995829676783808e-05
-4.0503445598869023e-05
-4.0072810664625880e-05
-3.9611049467152844e-05
-3.9147131500983039e-05
-3.8711312012635214e-05
-3.8214187886886873e-05
0.0000000000000000e+00
];
