%Vec Object:dSdr_b_aug_1020 1 MPI processes
%  type: seq
dSdr_b_aug_1020 = [
2.4658496960784391e+03
0.0000000000000000e+00
-2.3912529353977641e-06
-9.7526637458867922e-07
-5.9405051905229140e-07
-4.1682626357999867e-07
-3.1253419264505891e-07
-2.4815711086751496e-07
-2.0452729396309512e-07
-1.7145222886232520e-07
-1.4690314609808875e-07
-1.2809433348688333e-07
-1.1275611119062310e-07
-1.0033019482725568e-07
-9.0145693509553875e-08
-8.1557403615145475e-08
-7.4218395315555917e-08
-6.7957825272272381e-08
-6.2545676921072348e-08
-5.7770360822658962e-08
-5.3587270150296324e-08
-4.9898346884034442e-08
-4.6582242034383527e-08
-4.3617833947906627e-08
-4.0959459966970834e-08
-4.0194911764000728e-08
-1.7737620354992477e-06
-2.1084513104338177e-04
-4.5594627270298280e-04
-4.2647072501845383e-04
-3.8655387245926579e-04
-3.4707362974740374e-04
-3.0972803883759948e-04
-2.7035327105475333e-04
-2.3833750145690468e-04
-2.1048343017876891e-04
-1.8612376129213814e-04
-1.6311586638994058e-04
-1.4568842343622021e-04
-1.3246611715837881e-04
-1.2201072369673910e-04
-1.1356768719596409e-04
-1.0828654343730288e-04
-1.0503981180038888e-04
-1.0323487255897555e-04
-1.0275245152253003e-04
-1.0319543425539018e-04
-1.0418324916854361e-04
-1.0564058514003275e-04
-1.0761632881653453e-04
-1.0935281708670657e-04
-1.1117779837561869e-04
-1.1302866007035093e-04
-1.1480025383484529e-04
-1.1627657662373258e-04
-1.1758489892589468e-04
-1.1882428430057221e-04
-1.1981078371166122e-04
-1.2060511327179784e-04
-1.2122251089218405e-04
-1.2176026600396924e-04
-1.2208588193913169e-04
-1.2224178567785840e-04
-1.2233190856830663e-04
-1.2232778313733862e-04
-1.2218403732745074e-04
-1.2196874439663597e-04
-1.2169082813116337e-04
-1.2132697079501646e-04
-1.2090047990312826e-04
-1.2044752389068213e-04
-1.1995134706478178e-04
-1.1942084956468412e-04
-1.1880885510153247e-04
-1.1822207729301050e-04
-1.1760864152941603e-04
-1.1693032767519780e-04
-1.1629229984855867e-04
-1.1564415562172106e-04
-1.1490078200543247e-04
-1.1422393889804591e-04
-1.1354294816043586e-04
-1.1278887813406734e-04
-1.1210104225723209e-04
-1.1141634092454439e-04
-1.1061846035974011e-04
-1.0993179018793799e-04
-1.0922379292604349e-04
-1.0845135976834967e-04
-1.0776779198497113e-04
-1.0704289308485352e-04
-1.0627714645051019e-04
-1.0559126371984478e-04
-1.0484315133901262e-04
-1.0412090149097073e-04
-1.0344709755921750e-04
-1.0266871700614326e-04
-1.0197980372311871e-04
-1.0129425411576577e-04
-1.0050321329184523e-04
-9.9862652411164237e-05
-9.9144304922417229e-05
-9.8408987598651496e-05
-9.7769378356498264e-05
-9.6991009478349658e-05
-9.6330849286948122e-05
-9.5665026945241312e-05
-9.4912784237047266e-05
-9.4284864604490034e-05
-9.3557763126768861e-05
-9.2869175600746788e-05
-9.2235222996843403e-05
-9.1489588553112785e-05
-9.0869288303804536e-05
-9.0164517981072449e-05
-8.9500733032089124e-05
-8.8843179725415244e-05
-8.8144115077522654e-05
-8.7529071546952765e-05
-8.6806035250728994e-05
-8.6197665611268754e-05
-8.5520803124615810e-05
-8.4850114858556669e-05
-8.4251071150366174e-05
-8.3518810224542998e-05
-8.2947653229224148e-05
-8.2243259260222156e-05
-8.1635289177461504e-05
-8.0983960683170337e-05
-8.0336325859473205e-05
-7.9713354278058456e-05
-7.9053777362938658e-05
-7.8464961121860009e-05
-7.7769055826616273e-05
-7.7209869399645170e-05
-7.6515917751498775e-05
-7.5933457565999040e-05
-7.5284313569939457e-05
-7.4667709601973327e-05
-7.4051127543386388e-05
-7.3425081680090882e-05
-7.2819449573385567e-05
-7.2186684614290934e-05
-7.1593931112392297e-05
-7.0940222255215231e-05
-7.0382277658672846e-05
-6.9705579977843838e-05
-6.9163585213304345e-05
-6.8492437041117821e-05
-6.7946769694013660e-05
-6.7279411711256969e-05
-6.6735365616289459e-05
-6.6060523980103529e-05
-6.5534114637042887e-05
-6.4852082894644269e-05
-6.4327040273877938e-05
-6.3658247713387135e-05
-6.3122930044177370e-05
-6.2462812104108271e-05
-6.1920544832256801e-05
-6.1262221454747061e-05
-6.0726968891821646e-05
-6.0068905730434990e-05
-5.9523762922667877e-05
-5.8891880922714307e-05
-5.8319291645708358e-05
-5.7716312783318730e-05
-5.7121218987881415e-05
-5.6528742182137442e-05
-5.5926165155439786e-05
-5.5344914720986982e-05
-5.4727056650446161e-05
-5.4171523640773883e-05
-5.3521810354388767e-05
-5.2984158926618718e-05
-5.2334071266348194e-05
-5.1779505627104151e-05
-5.1160079284854118e-05
-5.0565700317164659e-05
-4.9987042298066750e-05
-4.9352292305445715e-05
-4.8805402661853362e-05
-4.8144443071344078e-05
-4.7586740986125738e-05
-4.6964410720688958e-05
-4.6368817312359095e-05
-4.5778510215013272e-05
-4.5147826792582816e-05
-4.4587037894551644e-05
-4.3923583011168571e-05
-4.3351524043856404e-05
-4.2729049862226371e-05
-4.2112278360006424e-05
-4.1531047721636565e-05
-4.0864494974209108e-05
-4.0282132366498450e-05
-3.9656347945552302e-05
-3.9025885114573492e-05
-3.8439031117313542e-05
-3.7773889191240176e-05
0.0000000000000000e+00
];
