%Vec Object:dSdr_b_aug_7270 1 MPI processes
%  type: seq
dSdr_b_aug_7270 = [
2.2998629759047926e+03
0.0000000000000000e+00
-7.4736320628921450e-07
-3.0928998423053233e-07
-1.9262741330903273e-07
-1.3701003673880874e-07
-1.0284195506976678e-07
-8.1712598000553162e-08
-6.7390163021026222e-08
-5.6619138702963333e-08
-4.8619599251397912e-08
-4.2486477107180860e-08
-3.7492228471597395e-08
-3.3445860113714725e-08
-3.0128100839319947e-08
-2.7329986713454819e-08
-2.4938592451186805e-08
-2.2941449804754549e-08
-7.3862442657652541e-06
-7.6593524254024898e-04
-7.4757575479401722e-04
-7.0861563110350323e-04
-6.7030990101840367e-04
-6.3214915929825344e-04
-5.8978893620995922e-04
-5.4889394303312084e-04
-5.0968195722660668e-04
-4.7007652206844023e-04
-4.2943492093175926e-04
-3.8599127386637670e-04
-3.4775971503283649e-04
-3.1101066594495474e-04
-2.7631544292796185e-04
-2.3972097882198680e-04
-2.0995409680527250e-04
-1.8404447468847225e-04
-1.6138049781196161e-04
-1.3997687253918304e-04
-1.2376562415936503e-04
-1.1147100746588230e-04
-1.0176782326948263e-04
-9.3948994623387492e-05
-8.9081330928535304e-05
-8.6119194260939386e-05
-8.4508482418446104e-05
-8.4143720740629949e-05
-8.4644827037398890e-05
-8.5658022502487990e-05
-8.7113220804734622e-05
-8.9073817925178358e-05
-9.0799407063099261e-05
-9.2607369175846119e-05
-9.4449287546203445e-05
-9.6223633609337581e-05
-9.7711486456229438e-05
-9.9045383019802857e-05
-1.0032837891428027e-04
-1.0136495236441473e-04
-1.0221764448130749e-04
-1.0290895676608565e-04
-1.0353337689503268e-04
-1.0394716426984332e-04
-1.0420113410107587e-04
-1.0440905928480720e-04
-1.0451283839953593e-04
-1.0448366281930807e-04
-1.0439542717178340e-04
-1.0424853216544123e-04
-1.0401175787745661e-04
-1.0371956075612491e-04
-1.0340971202527537e-04
-1.0304574313657897e-04
-1.0264803635009800e-04
-1.0219343421940409e-04
-1.0174233212977427e-04
-1.0126375217791192e-04
-1.0074529387917941e-04
-1.0024224798507633e-04
-9.9728576601443625e-05
-9.9148989769258042e-05
-9.8607519149634184e-05
-9.8063389019546597e-05
-9.7468476234621287e-05
-9.6915266227947527e-05
-9.6366162810369074e-05
-9.5728908680614696e-05
-9.5176322937963370e-05
-9.4605655894861813e-05
-9.3987201728473396e-05
-9.3435494074217590e-05
-9.2850086589577760e-05
-9.2234675736479682e-05
-9.1679519271396567e-05
-9.1074801131103841e-05
-9.0493619662848380e-05
-8.9948298548752912e-05
-8.9317972631907332e-05
-8.8764488663389192e-05
-8.8207758737351746e-05
-8.7567547629838649e-05
-8.7053968405102807e-05
-8.6469218957052821e-05
-8.5875909870722534e-05
-8.5361557523044466e-05
-8.4727978598882203e-05
-8.4197463496743231e-05
-8.3659773273627930e-05
-8.3049668001876359e-05
-8.2544670210114743e-05
-8.1957194355145328e-05
-8.1400038198057008e-05
-8.0889631964096008e-05
-8.0288047380886894e-05
-7.9786732613364503e-05
-7.9219873019584225e-05
-7.8683769275510065e-05
-7.8152891941814291e-05
-7.7590835925302402e-05
-7.7095011871485165e-05
-7.6511580021267438e-05
-7.6024925899684969e-05
-7.5477637169738028e-05
-7.4938262979075195e-05
-7.4460567464629826e-05
-7.3867015053653137e-05
-7.3412260982053901e-05
-7.2846072094077222e-05
-7.2356172558942175e-05
-7.1838174582511370e-05
-7.1316361465217072e-05
-7.0817818060256359e-05
-7.0291181892227010e-05
-6.9819339012195869e-05
-6.9263226895536624e-05
-6.8817829246207090e-05
-6.8262500880145321e-05
-6.7798511906826692e-05
-6.7280851913536696e-05
-6.6788580903717989e-05
-6.6298444219022143e-05
-6.5800488415994904e-05
-6.5317467166262555e-05
-6.4817155316870055e-05
-6.4344648662306180e-05
-6.3825662126502992e-05
-6.3386465017782018e-05
-6.2845853058079632e-05
-6.2421468840813290e-05
-6.1887861808760137e-05
-6.1456805232348305e-05
-6.0931819104293077e-05
-6.0501376678630137e-05
-5.9969578889344326e-05
-5.9556307108125155e-05
-5.9018233413241490e-05
-5.8607153607293175e-05
-5.8080898206160727e-05
-5.7660891415695694e-05
-5.7143260627201520e-05
-5.6719037497721044e-05
-5.6201861777026218e-05
-5.5787261624307260e-05
-5.5268582851801233e-05
-5.4846251180997805e-05
-5.4353300145084181e-05
-5.3905888132653595e-05
-5.3439853206391742e-05
-5.2974464364200329e-05
-5.2516184244463873e-05
-5.2048288143933715e-05
-5.1597836726563423e-05
-5.1119983143293626e-05
-5.0690929470348992e-05
-5.0188344975133727e-05
-4.9774557980259485e-05
-4.9271921122955881e-05
-4.8845636904277565e-05
-4.8369306630345955e-05
-4.7910979355363584e-05
-4.7469878939449694e-05
-4.6979367590766073e-05
-4.6563424794476661e-05
-4.6056190234573917e-05
-4.5629126485936247e-05
-4.5156734238331253e-05
-4.4700233070966792e-05
-4.4251990839102112e-05
-4.3771360582521834e-05
-4.3345946834912245e-05
-4.2841789381291112e-05
-4.2408095675126070e-05
-4.1935775617064889e-05
-4.1469126533736863e-05
-4.1029236287909848e-05
-4.0525961097354075e-05
-4.0085830733934571e-05
-3.9613792655159034e-05
-3.9139406933016810e-05
-3.8693975027282271e-05
-3.8185416832557065e-05
0.0000000000000000e+00
];
