%Vec Object:dSdr_b_aug_120 1 MPI processes
%  type: seq
dSdr_b_aug_120 = [
2.6341602568042372e+03
0.0000000000000000e+00
-9.3381093067327759e-06
-3.7378251131325873e-06
-2.2143373352095078e-06
-1.5317877756074261e-06
-1.1505928778603379e-06
-9.1590572375397250e-07
-7.5690200960917698e-07
-6.3474274921237456e-07
-5.4412451895773116e-07
-4.7474784206109039e-07
-4.1801631751014721e-07
-3.7204398946963827e-07
-3.3437607078588833e-07
-3.0260053945325143e-07
-2.7543475014835681e-07
-2.5226530418668821e-07
-2.3223791405069735e-07
-2.1456229668621943e-07
-1.9908098629893186e-07
-1.8543075402448722e-07
-1.7315930224174392e-07
-1.6219038468893437e-07
-1.5235098072237256e-07
-1.4342259027511831e-07
-1.3530391152963819e-07
-1.2792562924433100e-07
-1.2117544818219796e-07
-1.1495987576415633e-07
-1.0925301868379476e-07
-1.0399467647102659e-07
-9.9106209257831818e-08
-9.4580639447729856e-08
-9.0381268550280380e-08
-8.6454632496743522e-08
-8.2791403430148394e-08
-7.9370322115467087e-08
-7.6158517726064647e-08
-7.3141922574187041e-08
-7.0309550940560361e-08
-6.7640913692047006e-08
-6.5121852024289316e-08
-6.2749496395638754e-08
-6.0518722449508856e-08
-5.8441624997122991e-08
-5.6599847081540002e-08
-5.5255602416766568e-08
-5.5295864793421238e-08
-5.9853486416665369e-08
-8.0645750365463707e-08
-1.6417919901316515e-07
-4.7133733337825024e-07
-1.5076139181677653e-06
-4.8025319566800807e-06
-1.4247627046566808e-05
-3.5294622199620932e-05
-6.5955111952704676e-05
-9.4320148274623284e-05
-1.1338277692799354e-04
-1.2474012602002425e-04
-1.3112853018284391e-04
-1.3460960667661454e-04
-1.3648051394930271e-04
-1.3742411202107368e-04
-1.3775646485863341e-04
-1.3774776695282714e-04
-1.3752987467957565e-04
-1.3715018301438384e-04
-1.3665686063382346e-04
-1.3610419421056954e-04
-1.3550443203566695e-04
-1.3486195525491137e-04
-1.3411088421640385e-04
-1.3340250987760492e-04
-1.3266678599100292e-04
-1.3184232322206615e-04
-1.3108058733267159e-04
-1.3030892629626006e-04
-1.2941486412406322e-04
-1.2861341973157824e-04
-1.2780640065416859e-04
-1.2690572452560996e-04
-1.2609386712906384e-04
-1.2528423687237146e-04
-1.2433835814404436e-04
-1.2352814243634072e-04
-1.2269360628742155e-04
-1.2177929186391078e-04
-1.2097422308472360e-04
-1.2012079085492687e-04
-1.1921651812011419e-04
-1.1841017808285269e-04
-1.1752993550644440e-04
-1.1667769853689003e-04
-1.1588550429899134e-04
-1.1497069917566581e-04
-1.1415699479180664e-04
-1.1335274448278840e-04
-1.1242272204452003e-04
-1.1166515411475687e-04
-1.1082370401564529e-04
-1.0995753561454495e-04
-1.0920251067711730e-04
-1.0829072759523131e-04
-1.0751110824969498e-04
-1.0672722089933666e-04
-1.0584400816297581e-04
-1.0510282454003731e-04
-1.0424706758148381e-04
-1.0343737512591698e-04
-1.0268958317375186e-04
-1.0181121669779804e-04
-1.0108127976895893e-04
-1.0024943433403809e-04
-9.9468000208802218e-05
-9.8693724032602101e-05
-9.7868415641733968e-05
-9.7143520050113475e-05
-9.6291848237762897e-05
-9.5571326686822719e-05
-9.4775071471035348e-05
-9.3983386930620151e-05
-9.3272529956076524e-05
-9.2412459378543352e-05
-9.1734046016969423e-05
-9.0902306414669020e-05
-9.0185543519587794e-05
-8.9411361146578925e-05
-8.8647791458286489e-05
-8.7910169147308861e-05
-8.7128097784687313e-05
-8.6431500163470238e-05
-8.5606786543134341e-05
-8.4942753340287735e-05
-8.4121071588581989e-05
-8.3429450295627720e-05
-8.2659154853317000e-05
-8.1927988826518757e-05
-8.1194898389167430e-05
-8.0450828834950912e-05
-7.9732221954330825e-05
-7.8977413364028160e-05
-7.8273863739553311e-05
-7.7496020725712167e-05
-7.6828661966661245e-05
-7.6026574319919008e-05
-7.5376213480517245e-05
-7.4578334778993389e-05
-7.3927066031583737e-05
-7.3128526898161002e-05
-7.2479808016729489e-05
-7.1673166743733163e-05
-7.1042514821815158e-05
-7.0227841894755655e-05
-6.9597797138854753e-05
-6.8797673604334880e-05
-6.8156112685141901e-05
-6.7364710968901103e-05
-6.6713683131238951e-05
-6.5925311600497564e-05
-6.5278896557050667e-05
-6.4492411628372398e-05
-6.3834118996199788e-05
-6.3074234960779240e-05
-6.2386317860844466e-05
-6.1657170252568157e-05
-6.0942579398297942e-05
-6.0226468262128754e-05
-5.9499812540674542e-05
-5.8798062311704165e-05
-5.8051224600476852e-05
-5.7379176915657011e-05
-5.6593925154823286e-05
-5.5942174846033621e-05
-5.5156259470449479e-05
-5.4483533607593401e-05
-5.3732302040042919e-05
-5.3012615012521765e-05
-5.2307268756394532e-05
-5.1539683877135174e-05
-5.0872217008898600e-05
-5.0069706023312660e-05
-4.9391740730194869e-05
-4.8631385157940117e-05
-4.7907785708797978e-05
-4.7186766760259037e-05
-4.6418055353161469e-05
-4.5732820059572862e-05
-4.4922958862291441e-05
-4.4223891067692194e-05
-4.3463711519259032e-05
-4.2709513239046661e-05
-4.1999343566519922e-05
-4.1184326021436170e-05
-4.0474146065750328e-05
-3.9712597476080135e-05
-3.8950917310275053e-05
-3.8269219206681313e-05
-3.7648391217875677e-05
0.0000000000000000e+00
];
