%Vec Object:dSdr_b_aug_350 1 MPI processes
%  type: seq
dSdr_b_aug_350 = [
2.5510454839248719e+03
0.0000000000000000e+00
-4.6588019193614493e-06
-1.8838829011344625e-06
-1.1324603399970552e-06
-7.8913216608975330e-07
-5.9226777324594577e-07
-4.7089032594002421e-07
-3.8863841996704089e-07
-3.2590165638890221e-07
-2.7934924933465425e-07
-2.4369503479251344e-07
-2.1457974840584347e-07
-1.9098923448674464e-07
-1.7165694518681873e-07
-1.5535130578132537e-07
-1.4141395263393829e-07
-1.2952571824473516e-07
-1.1924900333201272e-07
-1.1017988379669981e-07
-1.0223603391042332e-07
-9.5231191388056371e-08
-8.8933800151596686e-08
-8.3304520811995201e-08
-7.8254579280963889e-08
-7.3671908998626775e-08
-6.9504611853741598e-08
-6.5717143530285726e-08
-6.2251866602433057e-08
-5.9061032221782268e-08
-5.6151021444577572e-08
-5.4525764180564189e-08
-9.0514083449809960e-08
-1.0635836190088158e-06
-1.3329650475746580e-05
-7.3438106285409507e-05
-1.3809805368359540e-04
-1.5236892320669531e-04
-1.4749419354576307e-04
-1.3870233853730901e-04
-1.2987757965569151e-04
-1.2204661469625027e-04
-1.1700499489680965e-04
-1.1384610659804188e-04
-1.1206911559388349e-04
-1.1159864415828762e-04
-1.1205351526700943e-04
-1.1305278301384785e-04
-1.1452535749285401e-04
-1.1651691137818221e-04
-1.1826381131878558e-04
-1.2010009081879071e-04
-1.2195711603095538e-04
-1.2372849211306569e-04
-1.2519992596787179e-04
-1.2649633922269502e-04
-1.2771498385491162e-04
-1.2867754147284901e-04
-1.2944389025872503e-04
-1.3002579936854112e-04
-1.3052191844276266e-04
-1.3080516369736120e-04
-1.3091393438743692e-04
-1.3094743360304943e-04
-1.3089144038806356e-04
-1.3069262151451478e-04
-1.3041625238875785e-04
-1.3007535410449939e-04
-1.2965040766751496e-04
-1.2915936139348881e-04
-1.2863761330436730e-04
-1.2807788369482669e-04
-1.2748355327118477e-04
-1.2679589991514465e-04
-1.2614390238325289e-04
-1.2546564104078760e-04
-1.2471048426815416e-04
-1.2400757026604457e-04
-1.2329478459785896e-04
-1.2247267836964273e-04
-1.2173076139113963e-04
-1.2098398145713121e-04
-1.2015340427615036e-04
-1.1940085346346239e-04
-1.1865096994470788e-04
-1.1777587602001891e-04
-1.1702475121481350e-04
-1.1625073908186684e-04
-1.1540428801310578e-04
-1.1465733484363241e-04
-1.1386538221434910e-04
-1.1302736898254615e-04
-1.1227864593700553e-04
-1.1146160376672884e-04
-1.1067154217395466e-04
-1.0993597637306532e-04
-1.0908642580394868e-04
-1.0833241148850986e-04
-1.0758493810136434e-04
-1.0672139330112291e-04
-1.0601979218704197e-04
-1.0523722425039108e-04
-1.0443364397602608e-04
-1.0373382414494148e-04
-1.0288585515952998e-04
-1.0216337494689775e-04
-1.0143595987525829e-04
-1.0061539210347649e-04
-9.9928384330177990e-05
-9.9134165229291732e-05
-9.8382399059008936e-05
-9.7689058128317636e-05
-9.6874179361754637e-05
-9.6196683218783047e-05
-9.5425619665511478e-05
-9.4700458818234638e-05
-9.3982012837131649e-05
-9.3217088627651739e-05
-9.2544736774800268e-05
-9.1754593137398222e-05
-9.1087715352999524e-05
-9.0348567292455222e-05
-8.9614756894097826e-05
-8.8957381653510996e-05
-8.8158444131050058e-05
-8.7531332819078055e-05
-8.6760504282846807e-05
-8.6095778296146601e-05
-8.5380358462519907e-05
-8.4672241799473393e-05
-8.3989458264949437e-05
-8.3265977435234364e-05
-8.2620932803704482e-05
-8.1857829687518558e-05
-8.1243945740170565e-05
-8.0483358689950133e-05
-7.9843950197836945e-05
-7.9131602696450363e-05
-7.8455232751633390e-05
-7.7777869311022470e-05
-7.7090251503116085e-05
-7.6425681334622145e-05
-7.5729247192491227e-05
-7.5078692083235923e-05
-7.4360223326093186e-05
-7.3745197946188147e-05
-7.3003085085729971e-05
-7.2404556257761566e-05
-7.1667293499709931e-05
-7.1066534215676863e-05
-7.0330739671111862e-05
-6.9732085905368379e-05
-6.8988484855034483e-05
-6.8407692073303218e-05
-6.7656461663915515e-05
-6.7076639116388806e-05
-6.6339331138778090e-05
-6.5748585784166692e-05
-6.5019976737271340e-05
-6.4420968199674510e-05
-6.3694797939528881e-05
-6.3101550670174584e-05
-6.2376488626015911e-05
-6.1772313849101294e-05
-6.1073651394831239e-05
-6.0440893298742707e-05
-5.9772089717417905e-05
-5.9114651315802192e-05
-5.8457671116894499e-05
-5.7790358367870664e-05
-5.7146238715416139e-05
-5.6461086955922274e-05
-5.5844762356359365e-05
-5.5124332134478147e-05
-5.4527147629024688e-05
-5.3806190051141226e-05
-5.3189970184210674e-05
-5.2501769627917180e-05
-5.1842004171452500e-05
-5.1197237568842878e-05
-5.0493169724051530e-05
-4.9883354020077213e-05
-4.9148522423666106e-05
-4.8528049764065827e-05
-4.7833676738035220e-05
-4.7171260294406654e-05
-4.6512709250815662e-05
-4.5809952661893174e-05
-4.5184159989035468e-05
-4.4444221885359692e-05
-4.3805768248824154e-05
-4.3111272503358021e-05
-4.2422554709879140e-05
-4.1773694552230753e-05
-4.1029132514951326e-05
-4.0379179181649933e-05
-3.9680909378818416e-05
-3.8978450107922619e-05
-3.8332144370106139e-05
-3.7637165024840166e-05
0.0000000000000000e+00
];
