%Vec Object:dSdr_b_aug_7540 1 MPI processes
%  type: seq
dSdr_b_aug_7540 = [
2.2977410125879924e+03
0.0000000000000000e+00
-7.3717425014196229e-07
-3.0511914835425973e-07
-1.9007266342711515e-07
-1.3521217081778187e-07
-1.0149402782488189e-07
-8.0642492705852235e-08
-6.6508347071565195e-08
-5.5879826070073724e-08
-4.7986059870423437e-08
-4.1933981542411300e-08
-3.7005805836919097e-08
-3.3012962638076649e-08
-2.9739073228385906e-08
-2.6977951971351959e-08
-2.4618168566552012e-08
-2.2724479952619918e-08
-1.8751478144388199e-05
-7.7792100431611658e-04
-7.4603475736477096e-04
-7.0707047711597462e-04
-6.6884187324435670e-04
-6.3075723898488713e-04
-5.8848071905395370e-04
-5.4766424589817227e-04
-5.0852588197010666e-04
-4.6899382740670068e-04
-4.2842615538768631e-04
-3.8505941404841105e-04
-3.4689515103539925e-04
-3.1020968838067590e-04
-2.7557367738162604e-04
-2.3904099246915990e-04
-2.0932404289577142e-04
-1.8345758610249853e-04
-1.6083125069108676e-04
-1.3946323701892897e-04
-1.2327898564546306e-04
-1.1100496179532322e-04
-1.0131847524283412e-04
-9.3513502669445250e-05
-8.8655017326019726e-05
-8.5699198027757882e-05
-8.4092797582538989e-05
-8.3730647651011623e-05
-8.4233044125052182e-05
-8.5246802942892734e-05
-8.6701953752900952e-05
-8.8662214612376440e-05
-9.0387561776538998e-05
-9.2195146065591284e-05
-9.4036865881019058e-05
-9.5811273009244275e-05
-9.7299381771274741e-05
-9.8633846003253010e-05
-9.9917809934096827e-05
-1.0095549489874438e-04
-1.0180948251904282e-04
-1.0250243553218522e-04
-1.0312877942117457e-04
-1.0354452399660102e-04
-1.0380067066967430e-04
-1.0401121079752783e-04
-1.0411738514834317e-04
-1.0409075276899418e-04
-1.0400533750888220e-04
-1.0386135088234713e-04
-1.0362739755490966e-04
-1.0333818145732151e-04
-1.0303150939171756e-04
-1.0267047522663320e-04
-1.0227571610058795e-04
-1.0182460773405205e-04
-1.0137651734656831e-04
-1.0090093089698475e-04
-1.0038602104172973e-04
-9.9885971450151831e-05
-9.9375285068627751e-05
-9.8799333945638910e-05
-9.8260868298808313e-05
-9.7719776174877372e-05
-9.7128396333909345e-05
-9.6578174727422224e-05
-9.6032081287524717e-05
-9.5398392715337433e-05
-9.4848783354577722e-05
-9.4281164743187585e-05
-9.3666128575824772e-05
-9.3117347929265581e-05
-9.2535036850764689e-05
-9.1922963125642287e-05
-9.1370708499392754e-05
-9.0769173400027435e-05
-9.0191123343662450e-05
-8.9648654268996124e-05
-8.9021614844261930e-05
-8.8471137112780738e-05
-8.7917266704209748e-05
-8.7280403689975550e-05
-8.6769643182617309e-05
-8.6187859324466287e-05
-8.5597702519284662e-05
-8.5086130608753594e-05
-8.4455765714112305e-05
-8.3928128458477566e-05
-8.3393282497264099e-05
-8.2786332375658751e-05
-8.2284063188923170e-05
-8.1699686727365408e-05
-8.1145448068843106e-05
-8.0637784303413983e-05
-8.0039397322533609e-05
-7.9540723781796257e-05
-7.8976925514934288e-05
-7.8443656024342943e-05
-7.7915590630244869e-05
-7.7356575916389634e-05
-7.6863398284111393e-05
-7.6283065358382268e-05
-7.5799113065405871e-05
-7.5254700600357278e-05
-7.4718241306107757e-05
-7.4243239466903921e-05
-7.3652766093482955e-05
-7.3200595923009483e-05
-7.2637474897785528e-05
-7.2150196281918296e-05
-7.1635157963677811e-05
-7.1116137825259968e-05
-7.0620356466000975e-05
-7.0096671304810379e-05
-6.9627424989978718e-05
-6.9074415990045670e-05
-6.8631544215492157e-05
-6.8079292997565632e-05
-6.7617933839673477e-05
-6.7103192518379288e-05
-6.6613681442969632e-05
-6.6126351584172146e-05
-6.5631239115977516e-05
-6.5150939574881505e-05
-6.4653567911564352e-05
-6.4183730490589545e-05
-6.3667734513548846e-05
-6.3231173356810222e-05
-6.2693582221635694e-05
-6.2271808719860109e-05
-6.1741254820821701e-05
-6.1312742372686164e-05
-6.0790916610631932e-05
-6.0362995959325105e-05
-5.9834373454607716e-05
-5.9423613102924946e-05
-5.8888734987976740e-05
-5.8480184932550213e-05
-5.7957093573017777e-05
-5.7539646459795843e-05
-5.7025178605574439e-05
-5.6603575828957216e-05
-5.6089533311963314e-05
-5.5677611413609001e-05
-5.5162026708044594e-05
-5.4742421215122364e-05
-5.4252554185776921e-05
-5.3807920879688810e-05
-5.3344925857973597e-05
-5.2882416233823504e-05
-5.2427115042819981e-05
-5.1962208624562187e-05
-5.1514660724123033e-05
-5.1039915005384534e-05
-5.0613668973282502e-05
-5.0114350500787019e-05
-4.9703313116681707e-05
-4.9203949447976541e-05
-4.8780512908422247e-05
-4.8307359180861814e-05
-4.7852052097006676e-05
-4.7414005317825997e-05
-4.6926695933266863e-05
-4.6513660075614887e-05
-4.6009838115370670e-05
-4.5585674527387489e-05
-4.5116610901960705e-05
-4.4663197663993689e-05
-4.4218109425280519e-05
-4.3740810588989036e-05
-4.3318402573910271e-05
-4.2817782068077962e-05
-4.2387160916241262e-05
-4.1918175483870308e-05
-4.1454860898043188e-05
-4.1018111120124650e-05
-4.0518464931524108e-05
-4.0081499290532866e-05
-3.9612887603631138e-05
-3.9141995266994352e-05
-3.8699783485247224e-05
-3.8195130480608322e-05
0.0000000000000000e+00
];
