%Vec Object:dSdr_b_aug_1290 1 MPI processes
%  type: seq
dSdr_b_aug_1290 = [
2.4461817702534513e+03
0.0000000000000000e+00
-2.0649703327139832e-06
-8.4389956597582525e-07
-5.1560983405726957e-07
-3.6244335847814032e-07
-2.7178928407400677e-07
-2.1581701664252707e-07
-1.7788243084853794e-07
-1.4915666286144337e-07
-1.2783412186553524e-07
-1.1149608176323125e-07
-9.8175281697882798e-08
-8.7383672690800577e-08
-7.8538300025057737e-08
-7.1079183504781436e-08
-6.4705029274958629e-08
-5.9267361574854305e-08
-5.4566454215844555e-08
-5.0418498725015319e-08
-4.6784874217822951e-08
-4.3580444976996891e-08
-4.0699679252375287e-08
-3.8125532372657389e-08
-3.8831356708428261e-08
-5.3756914049347887e-06
-3.7873411350439071e-04
-5.0580603794273319e-04
-4.6937133695621050e-04
-4.2330303585041545e-04
-3.8241092121001275e-04
-3.4311679809908847e-04
-3.0604858809028015e-04
-2.6697782505568350e-04
-2.3520944759482040e-04
-2.0756957359810752e-04
-1.8339676268032089e-04
-1.6056566873422386e-04
-1.4327226201739051e-04
-1.3015219718401491e-04
-1.1977970582524458e-04
-1.1140546439169272e-04
-1.0616989112128120e-04
-1.0295452536342260e-04
-1.0117099245013395e-04
-1.0070153904999641e-04
-1.0115092786924028e-04
-1.0214154019600517e-04
-1.0359864074112545e-04
-1.0557271525321265e-04
-1.0730800246268382e-04
-1.0913110818095535e-04
-1.1098098435310154e-04
-1.1275288158484144e-04
-1.1423047524574523e-04
-1.1554161625293341e-04
-1.1678580813976175e-04
-1.1777782641316396e-04
-1.1857858832413527e-04
-1.1920413232004334e-04
-1.1975143904593113e-04
-1.2008677261585201e-04
-1.2025348449439132e-04
-1.2035659069046945e-04
-1.2036435771034311e-04
-1.2023323898580226e-04
-1.2003194936294983e-04
-1.1976847328066967e-04
-1.1941862208671405e-04
-1.1900693204359051e-04
-1.1856974823402596e-04
-1.1808814236900909e-04
-1.1757228005711861e-04
-1.1697763217698310e-04
-1.1640580751620681e-04
-1.1580723453524330e-04
-1.1514653873743468e-04
-1.1452338759075143e-04
-1.1389006393515569e-04
-1.1316474164042102e-04
-1.1250281825419864e-04
-1.1183691124520984e-04
-1.1110038230626362e-04
-1.1042738386096860e-04
-1.0975762709048945e-04
-1.0897744953322729e-04
-1.0830555711799360e-04
-1.0761269533696808e-04
-1.0685723255593566e-04
-1.0618819738211881e-04
-1.0547867215106692e-04
-1.0472949436608902e-04
-1.0405801927740611e-04
-1.0332571070252766e-04
-1.0261900832201636e-04
-1.0195936477590905e-04
-1.0119730166449681e-04
-1.0052331438813018e-04
-9.9851962323971137e-05
-9.9077544814317264e-05
-9.8450978901545091e-05
-9.7747355564791014e-05
-9.7027689278449968e-05
-9.6401884873708230e-05
-9.5639473608469646e-05
-9.4993601858684218e-05
-9.4341901210077806e-05
-9.3605323749484343e-05
-9.2990951573354200e-05
-9.2279238509891892e-05
-9.1605136291778971e-05
-9.0984799972869667e-05
-9.0255041546101380e-05
-8.9647854914722122e-05
-8.8958284000924351e-05
-8.8308571042803940e-05
-8.7664978936959333e-05
-8.6981014273309801e-05
-8.6379110146111816e-05
-8.5671459922304804e-05
-8.5076504777791923e-05
-8.4413922858429737e-05
-8.3757706962273598e-05
-8.3172037262676203e-05
-8.2455063661008223e-05
-8.1896735643521146e-05
-8.1207573511545624e-05
-8.0612616195608786e-05
-7.9975982300269370e-05
-7.9342214511885550e-05
-7.8732956380579485e-05
-7.8088031101853964e-05
-7.7512106696204009e-05
-7.6831608254641584e-05
-7.6284962679782899e-05
-7.5606288944102363e-05
-7.5036885667567122e-05
-7.4402232744609755e-05
-7.3799331715938872e-05
-7.3196685407592805e-05
-7.2584756555900645e-05
-7.1992637583527245e-05
-7.1374470490696585e-05
-7.0794969574114708e-05
-7.0156108670546530e-05
-6.9611251404852348e-05
-6.8949551932417799e-05
-6.8420519185837523e-05
-6.7764529617419524e-05
-6.7231493666510374e-05
-6.6579826680603313e-05
-6.6048300975807430e-05
-6.5389224385400512e-05
-6.4875284049281659e-05
-6.4209118093851058e-05
-6.3696635417542931e-05
-6.3043552028229361e-05
-6.2520942858179082e-05
-6.1876528558055155e-05
-6.1347271002554254e-05
-6.0704503612583161e-05
-6.0182548203240982e-05
-5.9539846667092000e-05
-5.9008238899134878e-05
-5.8391668517682263e-05
-5.7832875017028477e-05
-5.7244988737148866e-05
-5.6664189675979701e-05
-5.6086502620098378e-05
-5.5498768680360875e-05
-5.4931933465287631e-05
-5.4329505125935357e-05
-5.3787911170676574e-05
-5.3154412699416023e-05
-5.2630412021921595e-05
-5.1996574536290310e-05
-5.1456146302524061e-05
-5.0852490019008863e-05
-5.0273104626647181e-05
-4.9709606023866711e-05
-4.9090751614406184e-05
-4.8558292462016259e-05
-4.7914273544285580e-05
-4.7370967434416115e-05
-4.6765159835763240e-05
-4.6184893316901046e-05
-4.5610240155546828e-05
-4.4996090310796684e-05
-4.4450216318963037e-05
-4.3804311447370040e-05
-4.3247493627188456e-05
-4.2641557026343285e-05
-4.2041315347261697e-05
-4.1475639883067064e-05
-4.0827048332343472e-05
-4.0260306060477679e-05
-3.9651365664115791e-05
-3.9037889928841311e-05
-3.8466019123743429e-05
-3.7814923692705854e-05
0.0000000000000000e+00
];
