%Vec Object:dSdr_b_aug_2440 1 MPI processes
%  type: seq
dSdr_b_aug_2440 = [
2.3934554503314362e+03
0.0000000000000000e+00
-1.4073134693526352e-06
-5.7727101110501403e-07
-3.5493403442666848e-07
-2.5029248330249030e-07
-1.8746709477334184e-07
-1.4865559908584378e-07
-1.2235163739981214e-07
-1.0249919495530901e-07
-8.7761569310249243e-08
-7.6466924724098617e-08
-6.7267058377158216e-08
-5.9815071998752274e-08
-5.3706608761298628e-08
-4.8556650281174529e-08
-4.4157032558720680e-08
-4.0403675823972563e-08
-3.7158919291072694e-08
-3.4296657672669083e-08
-3.1789249194977334e-08
-2.9674254965289669e-08
-1.1281777217255056e-06
-4.1998885591247619e-04
-6.1976451746764965e-04
-5.8079841898544637e-04
-5.3978397131848696e-04
-4.9827195485588447e-04
-4.5570531745227279e-04
-4.1025889768939736e-04
-3.7027481359032025e-04
-3.3186983837019081e-04
-2.9563260821834970e-04
-2.5742928235185586e-04
-2.2636205316007058e-04
-1.9932831409109219e-04
-1.7568407331420514e-04
-1.5335304619224765e-04
-1.3643873827934351e-04
-1.2360784230589772e-04
-1.1346982094959554e-04
-1.0529015031147398e-04
-1.0018346228657188e-04
-9.7056807259424685e-05
-9.5333816784996846e-05
-9.4901038959545908e-05
-9.5368545567889882e-05
-9.6367069417977247e-05
-9.7823503830918028e-05
-9.9792857232112669e-05
-1.0152474726949516e-04
-1.0334254813961685e-04
-1.0518963676273154e-04
-1.0696239205584765e-04
-1.0844357986505187e-04
-1.0976269270394323e-04
-1.1102047846422822e-04
-1.1202810533397344e-04
-1.1284705943211617e-04
-1.1349564332749566e-04
-1.1406996433781684e-04
-1.1443278174990216e-04
-1.1463006170985453e-04
-1.1476988791921518e-04
-1.1481128973924666e-04
-1.1471588355931839e-04
-1.1455419879504701e-04
-1.1433156317261370e-04
-1.1402132486279866e-04
-1.1365149534258824e-04
-1.1325891929827552e-04
-1.1281852378065763e-04
-1.1234405347095151e-04
-1.1179846611783403e-04
-1.1126893273578410e-04
-1.1071239546011753e-04
-1.1010152802495524e-04
-1.0952045195035662e-04
-1.0892904467599755e-04
-1.0825477615494554e-04
-1.0763504956991184e-04
-1.0701180321831664e-04
-1.0632488497743737e-04
-1.0569385059797730e-04
-1.0506636088529551e-04
-1.0433625197800636e-04
-1.0370615484964850e-04
-1.0305610009216651e-04
-1.0234863389180817e-04
-1.0172070066565738e-04
-1.0105465611485258e-04
-1.0035233928592935e-04
-9.9721612704784969e-05
-9.9034001347285511e-05
-9.8371271192642179e-05
-9.7751676847794276e-05
-9.7035763627551771e-05
-9.6403990795891029e-05
-9.5772792899143807e-05
-9.5045390264907300e-05
-9.4458405591620452e-05
-9.3796425853647248e-05
-9.3121024671204307e-05
-9.2534263838498553e-05
-9.1816984760362952e-05
-9.1211524427169379e-05
-9.0599763589014492e-05
-8.9907491510643307e-05
-8.9331435057315032e-05
-8.8663244421789193e-05
-8.8030110414518250e-05
-8.7448284487066751e-05
-8.6763427556977964e-05
-8.6193329649078982e-05
-8.5546746612560049e-05
-8.4936832904156860e-05
-8.4332726708233037e-05
-8.3691468727676433e-05
-8.3126726257206192e-05
-8.2462591850793104e-05
-8.1905576397649211e-05
-8.1283383645149870e-05
-8.0668099386676658e-05
-8.0120254876652592e-05
-7.9446517816708184e-05
-7.8924473504748301e-05
-7.8278390987434349e-05
-7.7720237185626684e-05
-7.7125163460673929e-05
-7.6530615282526088e-05
-7.5960142385152047e-05
-7.5356655776237486e-05
-7.4817192873618185e-05
-7.4180269056389281e-05
-7.3669092319649730e-05
-7.3033628537135943e-05
-7.2501153646828011e-05
-7.1907485300213835e-05
-7.1343339805902977e-05
-7.0780107486371620e-05
-7.0208105282349939e-05
-6.9654205041623512e-05
-6.9077324587675656e-05
-6.8535305514289330e-05
-6.7938438573011755e-05
-6.7430595779863984e-05
-6.6811315242689748e-05
-6.6318942565599557e-05
-6.5705825588028655e-05
-6.5208514640236639e-05
-6.4601226006630606e-05
-6.4105111370352445e-05
-6.3490622583302624e-05
-6.3011948011669922e-05
-6.2390654806611986e-05
-6.1913695115480450e-05
-6.1305041555066134e-05
-6.0818375551613373e-05
-6.0218375470139103e-05
-5.9725913037452022e-05
-5.9127142307241449e-05
-5.8642795010357234e-05
-5.8043540476027323e-05
-5.7550213677521284e-05
-5.6976948923305152e-05
-5.6457173888599942e-05
-5.5911973816115427e-05
-5.5371604483829991e-05
-5.4835747235533445e-05
-5.4289994008564296e-05
-5.3763929444482709e-05
-5.3205141128919196e-05
-5.2702971249998678e-05
-5.2115333392687221e-05
-5.1629941579967515e-05
-5.1042064935133466e-05
-5.0541622207751809e-05
-4.9982569165044417e-05
-4.9445591101949822e-05
-4.8924969088351884e-05
-4.8351073617684097e-05
-4.7859430044835649e-05
-4.7263326572925824e-05
-4.6760739298862620e-05
-4.6201665993952682e-05
-4.5664752554796977e-05
-4.5134378422809214e-05
-4.4566996768678989e-05
-4.4063314614381058e-05
-4.3467056766453309e-05
-4.2953359128312971e-05
-4.2394214221968785e-05
-4.1840749595124490e-05
-4.1319106204521457e-05
-4.0721371671853578e-05
-4.0198902559558345e-05
-3.9637773958446092e-05
-3.9072710016847197e-05
-3.8544251006550718e-05
-3.7938398823874447e-05
0.0000000000000000e+00
];
