%Vec Object:dSdr_b_aug_2820 1 MPI processes
%  type: seq
dSdr_b_aug_2820 = [
2.3828362711742116e+03
0.0000000000000000e+00
-1.3074317887512082e-06
-5.3765340430479285e-07
-3.3160492752335975e-07
-2.3445471361401554e-07
-1.7592756454734344e-07
-1.3976451897302066e-07
-1.1525339942785762e-07
-9.6751455079263332e-08
-8.3014268904699212e-08
-7.2485601409863004e-08
-6.3905592786726430e-08
-5.6954224729697100e-08
-5.1255625113010470e-08
-4.6449690211837133e-08
-4.2342390756342494e-08
-3.8838096498621956e-08
-3.5808210657538600e-08
-3.3134108034913406e-08
-3.0791863078283071e-08
-3.8379141090906340e-08
-6.9527587584546042e-05
-6.4901409110798970e-04
-6.1914302063645278e-04
-5.7678092607160649e-04
-5.3590811642187440e-04
-4.9463834758945336e-04
-4.5231962219701539e-04
-4.0713130548949262e-04
-3.6737308449590528e-04
-3.2918152375100459e-04
-2.9314302638106031e-04
-2.5514704949961301e-04
-2.2424740814975703e-04
-1.9735854449700772e-04
-1.7384063945786093e-04
-1.5162913525661143e-04
-1.3480543717742181e-04
-1.2204365650833756e-04
-1.1196167665798130e-04
-1.0382851105289294e-04
-9.8752628276932330e-05
-9.5647176216220327e-05
-9.3938656085935154e-05
-9.3514644084282002e-05
-9.3986480946984039e-05
-9.4986895616330503e-05
-9.6443170673638550e-05
-9.8411395526807179e-05
-1.0014247346811414e-04
-1.0195900628784383e-04
-1.0380542853665636e-04
-1.0557838881411095e-04
-1.0706043557836108e-04
-1.0838145370493974e-04
-1.0964248850332455e-04
-1.1065384596357069e-04
-1.1147714817115319e-04
-1.1213123885002651e-04
-1.1271201657939107e-04
-1.1308140294577394e-04
-1.1328598903880829e-04
-1.1343459177948544e-04
-1.1348403272572422e-04
-1.1339716228408233e-04
-1.1324494357618739e-04
-1.1303206933785768e-04
-1.1273129900682931e-04
-1.1237147468374393e-04
-1.1198956046577823e-04
-1.1155901475356682e-04
-1.1109443772784612e-04
-1.1056057653869085e-04
-1.1004115137683922e-04
-1.0949466123440502e-04
-1.0889570344053150e-04
-1.0832468383572385e-04
-1.0774329510331952e-04
-1.0708122908685475e-04
-1.0647158807093803e-04
-1.0585853815779719e-04
-1.0518347751088797e-04
-1.0456247307763423e-04
-1.0394508573119221e-04
-1.0322694387815222e-04
-1.0260683635855305e-04
-1.0196701303007372e-04
-1.0127101863404918e-04
-1.0065290930227100e-04
-9.9997257196115342e-05
-9.9306140744594555e-05
-9.8685153583320183e-05
-9.8008225441828767e-05
-9.7356005221166321e-05
-9.6745983154695049e-05
-9.6041100362530052e-05
-9.5419417341290679e-05
-9.4797816821048673e-05
-9.4081651366493481e-05
-9.3504127132619229e-05
-9.2852100780072897e-05
-9.2187279572506249e-05
-9.1609850697658824e-05
-9.0903358839989834e-05
-9.0307557398843717e-05
-8.9705342733033546e-05
-8.9023660258586335e-05
-8.8456761799358114e-05
-8.7798973631888236e-05
-8.7175631600568942e-05
-8.6603010197077528e-05
-8.5928885352700232e-05
-8.5367652171985359e-05
-8.4731343841221580e-05
-8.4130942713792062e-05
-8.3536274206906456e-05
-8.2905223724808895e-05
-8.2349363416517562e-05
-8.1695629904209044e-05
-8.1147682575371808e-05
-8.0535143406406989e-05
-7.9929642389942374e-05
-7.9390838639115561e-05
-7.8727435726775875e-05
-7.8214063740096555e-05
-7.7578277864348184e-05
-7.7028920631404886e-05
-7.6443780382011629e-05
-7.5858606254943631e-05
-7.5297403587726723e-05
-7.4703821417825610e-05
-7.4173073344596248e-05
-7.3546564491310646e-05
-7.3043865326192156e-05
-7.2418729349475072e-05
-7.1895080885815747e-05
-7.1311208452762195e-05
-7.0756326102290135e-05
-7.0202514308083172e-05
-6.9640055163957187e-05
-6.9095289770118953e-05
-6.8528277437050959e-05
-6.7995217088829757e-05
-6.7408387333695027e-05
-6.6909391562919071e-05
-6.6300249792512520e-05
-6.5816639436582048e-05
-6.5213769662421213e-05
-6.4724997549481887e-05
-6.4128316024299184e-05
-6.3640665196503898e-05
-6.3036833588786740e-05
-6.2566588105260465e-05
-6.1956020196544321e-05
-6.1487551083966061e-05
-6.0889516967750413e-05
-6.0411441985478627e-05
-5.9822057631543429e-05
-5.9338389864877747e-05
-5.8750135077558410e-05
-5.8274776780795290e-05
-5.7685906834703426e-05
-5.7201729881390878e-05
-5.6638815949636696e-05
-5.6128367060678160e-05
-5.5593369791132829e-05
-5.5062663950882530e-05
-5.4536804852610734e-05
-5.4001085867570961e-05
-5.3484766349306169e-05
-5.2936408929476208e-05
-5.2443662308046750e-05
-5.1866986171222437e-05
-5.1390822849879889e-05
-5.0813931976113263e-05
-5.0323046886016553e-05
-4.9774655254892793e-05
-4.9247813829795510e-05
-4.8737440707601893e-05
-4.8174291958565359e-05
-4.7692404916616021e-05
-4.7107755121958643e-05
-4.6614901632052661e-05
-4.6067000154762119e-05
-4.5540450710930689e-05
-4.5020662307494207e-05
-4.4464461884775286e-05
-4.3970867867646523e-05
-4.3386481083008751e-05
-4.2883095888465377e-05
-4.2335143045193170e-05
-4.1792870103192386e-05
-4.1281767266782274e-05
-4.0696213115592087e-05
-4.0184366452179216e-05
-3.9634739270413488e-05
-3.9081403558619208e-05
-3.8563762759635289e-05
-3.7971079100080008e-05
0.0000000000000000e+00
];
