%Vec Object:dSdr_b_aug_2790 1 MPI processes
%  type: seq
dSdr_b_aug_2790 = [
2.3835015041977667e+03
0.0000000000000000e+00
-1.3137521504092777e-06
-5.4028876220876814e-07
-3.3324393405443183e-07
-2.3563289748410228e-07
-1.7683599529053608e-07
-1.4050630150905948e-07
-1.1588207394856045e-07
-9.7293131316240090e-08
-8.3491245145758480e-08
-7.2912980698792142e-08
-6.4292099357305158e-08
-5.7307492782876822e-08
-5.1581614347960024e-08
-4.6752546357251137e-08
-4.2625344999654609e-08
-3.9104046021834635e-08
-3.6059421789530187e-08
-3.3372202886916520e-08
-3.1018314897078858e-08
-3.6094860733948306e-08
-5.6021500764031950e-05
-6.4642392806514299e-04
-6.1938370951877667e-04
-5.7706335574997185e-04
-5.3617529010432420e-04
-4.9488862664582645e-04
-4.5255281501626834e-04
-4.0734672053522063e-04
-3.6757294301893815e-04
-3.2936668321854575e-04
-2.9331449801034924e-04
-2.5530423984815602e-04
-2.2439305578913422e-04
-1.9749421375903355e-04
-1.7396760727403994e-04
-1.5174787086513446e-04
-1.3491793198240821e-04
-1.2215139095641715e-04
-1.1206555121356541e-04
-1.0392918254521725e-04
-9.8851178035404554e-05
-9.5744265602154701e-05
-9.4034748811634960e-05
-9.3610133051040231e-05
-9.4081671656878968e-05
-9.5081956086946111e-05
-9.6538242112053458e-05
-9.8506544686850618e-05
-1.0023767855469699e-04
-1.0205429870544506e-04
-1.0390076684489285e-04
-1.0567371299809914e-04
-1.0715570059598669e-04
-1.0847658748980196e-04
-1.0973739850415052e-04
-1.1074849901350983e-04
-1.1157150173853984e-04
-1.1222521313077258e-04
-1.1280554614631426e-04
-1.1317448006886320e-04
-1.1337856294464478e-04
-1.1352656119367127e-04
-1.1357544843763709e-04
-1.1348799008943075e-04
-1.1333511939887623e-04
-1.1312157283713766e-04
-1.1282015039127710e-04
-1.1245963695224587e-04
-1.1207698839265695e-04
-1.1164576426195439e-04
-1.1118050581865510e-04
-1.1064583698586998e-04
-1.1012571561711813e-04
-1.0957853347505782e-04
-1.0897875539776870e-04
-1.0840704314615563e-04
-1.0782496437928859e-04
-1.0716205790668304e-04
-1.0655172223986282e-04
-1.0593797003967014e-04
-1.0526209269267204e-04
-1.0464039743970529e-04
-1.0402231428559374e-04
-1.0330334819343162e-04
-1.0268255263246966e-04
-1.0204202460716579e-04
-1.0134524008273637e-04
-1.0072645412336977e-04
-1.0007008623041198e-04
-9.9378198345263807e-05
-9.8756540374707682e-05
-9.8078876419436162e-05
-9.7425932319919939e-05
-9.6815250956202339e-05
-9.6109608435879395e-05
-9.5487230472105799e-05
-9.4864968926024760e-05
-9.4148029503248647e-05
-9.3569853675184780e-05
-9.2917141777265483e-05
-9.2251591868370119e-05
-9.1673520250114312e-05
-9.0966285417002095e-05
-9.0369818714701450e-05
-8.9766946551405501e-05
-8.9084534712532488e-05
-8.8517005491867194e-05
-8.7858500849112832e-05
-8.7234484390544560e-05
-8.6661229020922224e-05
-8.5986364998728913e-05
-8.5424521255655041e-05
-8.4787505249453779e-05
-8.4186448938414232e-05
-8.3591130406175516e-05
-8.2959376877687779e-05
-8.2402904806356265e-05
-8.1748454927503414e-05
-8.1199883027440522e-05
-8.0586678963470750e-05
-7.9980504121727439e-05
-7.9441077684595831e-05
-7.8776963003146836e-05
-7.8262993706363360e-05
-7.7626498644847451e-05
-7.7076535544574459e-05
-7.6490711122789704e-05
-7.5904891354091987e-05
-7.5343050196024732e-05
-7.4748785853849195e-05
-7.4217437543465107e-05
-7.3590211355347183e-05
-7.3086928294490306e-05
-7.2461080986188292e-05
-7.1936824599368561e-05
-7.1352277469293517e-05
-7.0796757116721738e-05
-7.0242296480776381e-05
-6.9679180055387898e-05
-6.9133785496321067e-05
-6.8566093493475108e-05
-6.8032416110768172e-05
-6.7444895041679227e-05
-6.6945289930297696e-05
-6.6335449849858476e-05
-6.5851235987496312e-05
-6.5247660435037137e-05
-6.4758300208820157e-05
-6.4160888117082123e-05
-6.3672654343950710e-05
-6.3068088721524715e-05
-6.2597262684560285e-05
-6.1985956070129028e-05
-6.1516902169539187e-05
-6.0918136638904349e-05
-6.0439469951321017e-05
-5.9849354439748624e-05
-5.9365080942477078e-05
-5.8776101871217341e-05
-5.8300124459991467e-05
-5.7710539278250353e-05
-5.7225732133447599e-05
-5.6662105293040448e-05
-5.6151014071376800e-05
-5.5615314089776630e-05
-5.5083942683837736e-05
-5.4557394971215225e-05
-5.4020984887269106e-05
-5.3503994190039456e-05
-5.2954918354614246e-05
-5.2461522720967508e-05
-5.1884091611723903e-05
-5.1407292697239666e-05
-5.0829645199791899e-05
-5.0338101852489047e-05
-4.9788975945056383e-05
-4.9261436392118434e-05
-4.8750357415742475e-05
-4.8186468530803363e-05
-4.7703909560040899e-05
-4.7118470954593857e-05
-4.6624947123352707e-05
-4.6076276273333411e-05
-4.5549013114621911e-05
-4.5028495747416415e-05
-4.4471525376193635e-05
-4.3977236737737265e-05
-4.3392032588770970e-05
-4.2887937457410695e-05
-4.2339214207842100e-05
-4.1796171058242919e-05
-4.1284343135600046e-05
-4.0697951428152761e-05
-4.0185375381461194e-05
-3.9634960114188173e-05
-3.9080825314308897e-05
-3.8562463900002987e-05
-3.7969003747865010e-05
0.0000000000000000e+00
];
