%Vec Object:dSdr_b_aug_5770 1 MPI processes
%  type: seq
dSdr_b_aug_5770 = [
2.3211471752624943e+03
0.0000000000000000e+00
-8.5874413105371939e-07
-3.5490220615168411e-07
-2.2056632582956830e-07
-1.5668440650346216e-07
-1.1761425378762379e-07
-9.3458105499112271e-08
-7.7084152488086258e-08
-6.4758840111032460e-08
-5.5605529521143573e-08
-4.8588370856321183e-08
-4.2872962360665409e-08
-3.8242269846267682e-08
-3.4445558254857789e-08
-3.1243452250570367e-08
-2.8506721738528816e-08
-2.6171505841057115e-08
-2.4416879545724052e-08
-1.9656726515812814e-05
-7.4210474318685878e-04
-7.1733193514685316e-04
-6.7871147152379768e-04
-6.4011677505376654e-04
-5.9727744964120698e-04
-5.5593299196490115e-04
-5.1629957887746757e-04
-4.7627409757989062e-04
-4.3520931045155117e-04
-3.9132543866820412e-04
-3.5270866425677927e-04
-3.1559563291922756e-04
-2.8056146773919473e-04
-2.4361336642928790e-04
-2.1356066051743481e-04
-1.8740395093704766e-04
-1.6452450633699627e-04
-1.4291703272480637e-04
-1.2655124776141558e-04
-1.1413875376211140e-04
-1.0433998980745250e-04
-9.6441845834529716e-05
-9.1521643066172557e-05
-8.8523344190618924e-05
-8.6887952754095843e-05
-8.6508240650234650e-05
-8.7001961471779406e-05
-8.8011931972154528e-05
-8.9467401929172591e-05
-9.1429923795888562e-05
-9.3156897996558150e-05
-9.4967022808435710e-05
-9.6810077708321511e-05
-9.8584074183564229e-05
-1.0007046208303191e-04
-1.0140110915997589e-04
-1.0267856377849014e-04
-1.0370877465572289e-04
-1.0455405101010295e-04
-1.0523597139331604e-04
-1.0584937948871192e-04
-1.0625196341054254e-04
-1.0649347251705794e-04
-1.0668642918668844e-04
-1.0677649744380343e-04
-1.0673276402509862e-04
-1.0662838386528695e-04
-1.0646484066024514e-04
-1.0621191858066478e-04
-1.0590265743285312e-04
-1.0557462478228819e-04
-1.0519385689994027e-04
-1.0477927706724154e-04
-1.0430467587694276e-04
-1.0383633415374570e-04
-1.0334061874842023e-04
-1.0280184839539331e-04
-1.0228165101945260e-04
-1.0175089284028572e-04
-1.0115049442716926e-04
-1.0059182269611624e-04
-1.0003030236508901e-04
-9.9415166250177453e-05
-9.8844849998057648e-05
-9.8278516821011466e-05
-9.7620852674871035e-05
-9.7051229482618133e-05
-9.6463112561826519e-05
-9.5825093036004720e-05
-9.5256630561098112e-05
-9.4653498583512438e-05
-9.4018985294479801e-05
-9.3447218081363543e-05
-9.2824279532613369e-05
-9.2225173191535066e-05
-9.1663526392026111e-05
-9.1014387890544601e-05
-9.0443695577066189e-05
-8.9870597160344724e-05
-8.9211220850364591e-05
-8.8681506683352244e-05
-8.8079781568111684e-05
-8.7468428158862650e-05
-8.6938160002344992e-05
-8.6286183294642167e-05
-8.5739194791972686e-05
-8.5185223413964688e-05
-8.4557057397137699e-05
-8.4036440495279934e-05
-8.3431223058908957e-05
-8.2857366525243407e-05
-8.2331261824039197e-05
-8.1711373491191903e-05
-8.1194939786001903e-05
-8.0610556512240888e-05
-8.0058228905115781e-05
-7.9511255437887278e-05
-7.8931790365185551e-05
-7.8420817638709490e-05
-7.7819646893178586e-05
-7.7317526937614790e-05
-7.6753773863613004e-05
-7.6197714194157010e-05
-7.5704599518072290e-05
-7.5093422050169587e-05
-7.4623877187729795e-05
-7.4040127210358176e-05
-7.3535224985437039e-05
-7.3000285305987534e-05
-7.2462484593906749e-05
-7.1948130662624881e-05
-7.1404602314958525e-05
-7.0917896154835464e-05
-7.0344021150102018e-05
-6.9884164868572350e-05
-6.9311222265203585e-05
-6.8832179682271402e-05
-6.8297812603725140e-05
-6.7789743156855022e-05
-6.7283539618872860e-05
-6.6769307978288404e-05
-6.6270707105876375e-05
-6.5753565023241186e-05
-6.5265779125832664e-05
-6.4729674014495715e-05
-6.4275388175492431e-05
-6.3717484394543018e-05
-6.3278155907904682e-05
-6.2727072116053375e-05
-6.2281452431942383e-05
-6.1738375722025023e-05
-6.1293498149829666e-05
-6.0743524384505339e-05
-6.0315876675564670e-05
-5.9759510832998374e-05
-5.9333950229539526e-05
-5.8789583216688962e-05
-5.8354924326012944e-05
-5.7819188268760584e-05
-5.7379965723817315e-05
-5.6844854923938974e-05
-5.6414923920930050e-05
-5.5878534102866754e-05
-5.5440597264528570e-05
-5.4929992778342128e-05
-5.4466674923175558e-05
-5.3983239005333944e-05
-5.3501368980881448e-05
-5.3026036919868865e-05
-5.2541027329706725e-05
-5.2073955659152285e-05
-5.1578312102974649e-05
-5.1133187010747105e-05
-5.0611907233912805e-05
-5.0182381020922517e-05
-4.9661007891954733e-05
-4.9218423124472358e-05
-4.8723909817785619e-05
-4.8248294544825002e-05
-4.7789714709696258e-05
-4.7280874920739978e-05
-4.6848292511905637e-05
-4.6321523882942391e-05
-4.5877859434447262e-05
-4.5386413962330346e-05
-4.4912237445282057e-05
-4.4445941826899841e-05
-4.3946242721402055e-05
-4.3503624647215416e-05
-4.2979222387613631e-05
-4.2527942579437138e-05
-4.2036536889382923e-05
-4.1550803842589152e-05
-4.1092941784304479e-05
-4.0568900864834731e-05
-4.0110667096926805e-05
-3.9619037647495027e-05
-3.9124701882407379e-05
-3.8660968867478290e-05
-3.8130755474853698e-05
0.0000000000000000e+00
];
