%Vec Object:dSdr_b_aug_8620 1 MPI processes
%  type: seq
dSdr_b_aug_8620 = [
2.2834353127298732e+03
0.0000000000000000e+00
-6.7040785245625903e-07
-2.7688788508066712e-07
-1.7217548229323584e-07
-1.2217506010428384e-07
-9.1394366501170067e-08
-7.2360537700341660e-08
-5.9460924867239204e-08
-4.9778385001914861e-08
-4.2588623496103737e-08
-3.7076482050550445e-08
-3.2593436956280589e-08
-2.8962732861964173e-08
-2.5986117236400721e-08
-2.3477255110833197e-08
-2.1335011129825897e-08
-1.7406617390361489e-07
-5.9449998490499357e-04
-7.8211149908881102e-04
-7.4067548510416755e-04
-7.0191670303247221e-04
-6.6394735818394433e-04
-6.2611649997009106e-04
-5.8411905148696749e-04
-5.4356436834732667e-04
-5.0467146374407758e-04
-4.6538406404224113e-04
-4.2506287567777945e-04
-3.8195254215034720e-04
-3.4401264701027575e-04
-3.0753918492455604e-04
-2.7310058995446047e-04
-2.3677388015174491e-04
-2.0722340799462279e-04
-1.8150086667751119e-04
-1.5900003006596352e-04
-1.3775074766837720e-04
-1.2165650603703662e-04
-1.0945113970887052e-04
-9.9820323333985335e-05
-9.2061547653839106e-05
-8.7233663449581226e-05
-8.4298906635239294e-05
-8.2706880664228287e-05
-8.2353438487169984e-05
-8.2860136537024257e-05
-8.3875773658883870e-05
-8.5330766182706701e-05
-8.7289905985192003e-05
-8.9014446445506918e-05
-9.0820771097209347e-05
-9.2661828963911213e-05
-9.4436439727451054e-05
-9.5925401761606419e-05
-9.7261758664676047e-05
-9.8548950112798650e-05
-9.9590340955901113e-05
-1.0044864788151479e-04
-1.0114707119615887e-04
-1.0177982902801757e-04
-1.0220209903728150e-04
-1.0246550343835245e-04
-1.0268476194958284e-04
-1.0279892216425785e-04
-1.0278076897032106e-04
-1.0270475704930104e-04
-1.0257046713251567e-04
-1.0234591905359530e-04
-1.0206664186290616e-04
-1.0177056098312728e-04
-1.0141931135672664e-04
-1.0103437990096546e-04
-1.0059491994317008e-04
-1.0015687074332844e-04
-9.9691264801766890e-05
-9.9188185657751583e-05
-9.8698125909498291e-05
-9.8197391694830903e-05
-9.7633562230691384e-05
-9.7105115333420575e-05
-9.6574152093646394e-05
-9.5994551285805528e-05
-9.5454293174071064e-05
-9.4918235169227585e-05
-9.4296434364839527e-05
-9.3756748428575952e-05
-9.3199293459306714e-05
-9.2595653091039071e-05
-9.2056631252112066e-05
-9.1484643764389555e-05
-9.0883696209528210e-05
-9.0341116475949729e-05
-8.9750193811895460e-05
-8.9182584056823305e-05
-8.8649623840579398e-05
-8.8033541762586807e-05
-8.7493086992284318e-05
-8.6948750373845113e-05
-8.6323050087435928e-05
-8.5821687340365780e-05
-8.5249790918047482e-05
-8.4670143981923498e-05
-8.4167842192601244e-05
-8.3548193039250499e-05
-8.3030150672547880e-05
-8.2504787627253303e-05
-8.1908356939381049e-05
-8.1415185062028926e-05
-8.0841142138013904e-05
-8.0296630569620748e-05
-7.9798110334633544e-05
-7.9210384324480371e-05
-7.8720516768423197e-05
-7.8166925122410234e-05
-7.7643105177412015e-05
-7.7124414932925966e-05
-7.6575540077183555e-05
-7.6091185748107895e-05
-7.5521184794200596e-05
-7.5046240533970318e-05
-7.4511417681223720e-05
-7.3984676798486261e-05
-7.3518655807390215e-05
-7.2938448100092092e-05
-7.2494892784376525e-05
-7.1942000167192022e-05
-7.1463459825665964e-05
-7.0958289155076735e-05
-7.0448580946026827e-05
-6.9962008382854393e-05
-6.9448162023831529e-05
-6.8987572783376592e-05
-6.8444909727026807e-05
-6.8010459340161821e-05
-6.7468467483964407e-05
-6.7015876256259319e-05
-6.6510865927587906e-05
-6.6030556604544793e-05
-6.5552584836113157e-05
-6.5066952180266956e-05
-6.4595726942451304e-05
-6.4108157996967889e-05
-6.3647219922906636e-05
-6.3141194606983818e-05
-6.2713421832559938e-05
-6.2185902263812846e-05
-6.1772833002283150e-05
-6.1252458385372305e-05
-6.0832428169366346e-05
-6.0321139207167882e-05
-5.9901626255726349e-05
-5.9383590286688978e-05
-5.8981203141227740e-05
-5.8456979223790599e-05
-5.8056863453543448e-05
-5.7544321136425384e-05
-5.7135408080625282e-05
-5.6631485571567391e-05
-5.6218619142230265e-05
-5.5715022840508880e-05
-5.5312030329246474e-05
-5.4806761347018379e-05
-5.4396245012126716e-05
-5.3916660155121584e-05
-5.3481291128937769e-05
-5.3028431229726740e-05
-5.2575520983757068e-05
-5.2130151604267738e-05
-5.1675212841622320e-05
-5.1237345307517962e-05
-5.0772961249572413e-05
-5.0356075904851100e-05
-4.9867646373703986e-05
-4.9465776171423007e-05
-4.8977325300127224e-05
-4.8563382866660931e-05
-4.8100819679217340e-05
-4.7655581809095710e-05
-4.7227715718090792e-05
-4.6751081508448056e-05
-4.6347737146662872e-05
-4.5855292516198615e-05
-4.5440797685431528e-05
-4.4982831232165101e-05
-4.4539712562399827e-05
-4.4105138996051626e-05
-4.3638946175658030e-05
-4.3226558047679893e-05
-4.2737728145456596e-05
-4.2317348766199170e-05
-4.1859478093075092e-05
-4.1407276675491090e-05
-4.0980991310376787e-05
-4.0493435143765306e-05
-4.0067005730336115e-05
-3.9609790320801193e-05
-3.9150486525921204e-05
-3.8718845878280937e-05
-3.8226334799019335e-05
0.0000000000000000e+00
];
