%Vec Object:dSdr_b_aug_220 1 MPI processes
%  type: seq
dSdr_b_aug_220 = [
2.5874910392149518e+03
0.0000000000000000e+00
-6.2849499497858174e-06
-2.5305895450716040e-06
-1.5117116473237001e-06
-1.0500300676415275e-06
-7.8833084399341602e-07
-6.2707494636084002e-07
-5.1780751690865427e-07
-4.3421669596135286e-07
-3.7219804430921786e-07
-3.2470628452057689e-07
-2.8590182785206294e-07
-2.5445909278182259e-07
-2.2869378521532812e-07
-2.0696090032625640e-07
-1.8838303930258797e-07
-1.7253726743325835e-07
-1.5883988388294263e-07
-1.4675162391304082e-07
-1.3616359581226263e-07
-1.2682746168957988e-07
-1.1843430965169890e-07
-1.1093180582039416e-07
-1.0420161604024907e-07
-9.8094353053198647e-08
-9.2540792785555290e-08
-8.7493536146744461e-08
-8.2875772986662637e-08
-7.8623580205135142e-08
-7.4719295750217988e-08
-7.1121744288167402e-08
-6.7777185009655707e-08
-6.4682598954787484e-08
-6.1837380718411525e-08
-5.9444294035479709e-08
-5.9135427706358278e-08
-6.9966629115136114e-08
-1.3981184172107411e-07
-4.6418395209275673e-07
-1.6108296001856901e-06
-5.0789090355771120e-06
-1.4051015016858071e-05
-3.1621652649238582e-05
-5.4919481560449686e-05
-7.6462692104859210e-05
-9.2077446596619216e-05
-1.0258519749452705e-04
-1.0981065917178198e-04
-1.1522472588386337e-04
-1.1901503274416857e-04
-1.2206381268709683e-04
-1.2463350978153285e-04
-1.2681875880046742e-04
-1.2852892495891362e-04
-1.2995985780887978e-04
-1.3124963336101080e-04
-1.3224781008317160e-04
-1.3302855943606308e-04
-1.3361058538601274e-04
-1.3409791898694572e-04
-1.3436848537209478e-04
-1.3446059533372569e-04
-1.3447239854538233e-04
-1.3439601045103924e-04
-1.3417512078708958e-04
-1.3387401784558173e-04
-1.3350748956403514e-04
-1.3305762232313057e-04
-1.3254019894611279e-04
-1.3199031819472070e-04
-1.3140458858211269e-04
-1.3078413651627409e-04
-1.3006551640357348e-04
-1.2938682322745590e-04
-1.2868202625038985e-04
-1.2789541360006684e-04
-1.2716593793212530e-04
-1.2642669052011934e-04
-1.2557235397373664e-04
-1.2480379798990171e-04
-1.2403008617210536e-04
-1.2316818953012469e-04
-1.2238914655599080e-04
-1.2161257959397489e-04
-1.2070587709035535e-04
-1.1992836667429102e-04
-1.1912733022769863e-04
-1.1825057868903933e-04
-1.1747767762933567e-04
-1.1665827542647136e-04
-1.1579067866095198e-04
-1.1501623086998258e-04
-1.1417097114567370e-04
-1.1335314968897196e-04
-1.1259230063061338e-04
-1.1171361544921326e-04
-1.1093295094844870e-04
-1.1016012803433581e-04
-1.0926690255586890e-04
-1.0854031361191498e-04
-1.0773145610986834e-04
-1.0689993154128788e-04
-1.0617546376912329e-04
-1.0529900311683167e-04
-1.0455101145741470e-04
-1.0379838267220782e-04
-1.0294984521581344e-04
-1.0223864902707552e-04
-1.0141695453418874e-04
-1.0063932545438134e-04
-9.9921673239333213e-05
-9.9078448503799640e-05
-9.8377538593394557e-05
-9.7579337155331643e-05
-9.6829051409492959e-05
-9.6085678351815135e-05
-9.5293793807053439e-05
-9.4597982197904066e-05
-9.3780367446566311e-05
-9.3089538757495582e-05
-9.2324893458397861e-05
-9.1565243374000093e-05
-9.0883989554799963e-05
-9.0057757298844492e-05
-8.9407740575625367e-05
-8.8609716405863877e-05
-8.7921756892610816e-05
-8.7180100680428515e-05
-8.6447225253811135e-05
-8.5739957195761672e-05
-8.4990316756625728e-05
-8.4322254613326811e-05
-8.3531643514942692e-05
-8.2895368771697747e-05
-8.2107504010548810e-05
-8.1444783370333840e-05
-8.0706563092114626e-05
-8.0005727592156775e-05
-7.9303482949498002e-05
-7.8590660337571913e-05
-7.7901963608052006e-05
-7.7179466183599659e-05
-7.6505249795020823e-05
-7.5760271321522073e-05
-7.5121879805277326e-05
-7.4352989056751493e-05
-7.3731317842639255e-05
-7.2966990825668697e-05
-7.2343679578509780e-05
-7.1579870312037837e-05
-7.0958862900303871e-05
-7.0187115050400058e-05
-6.9584060501066820e-05
-6.8804503577744161e-05
-6.8202257057948124e-05
-6.7436902377320418e-05
-6.6823468005661034e-05
-6.6066822340700364e-05
-6.5444587198459120e-05
-6.4690644203227579e-05
-6.4073657386199589e-05
-6.3321169941121355e-05
-6.2692831209170438e-05
-6.1966832996281445e-05
-6.1309445823182874e-05
-6.0613698001608888e-05
-5.9930740155716506e-05
-5.9247356966290244e-05
-5.8553546332573948e-05
-5.7883693327849737e-05
-5.7170997349557308e-05
-5.6529790566667998e-05
-5.5780415531630437e-05
-5.5158864862869095e-05
-5.4408900829451552e-05
-5.3767447613578319e-05
-5.3051099805509652e-05
-5.2364574726001675e-05
-5.1692753879472749e-05
-5.0960319286160133e-05
-5.0324754731047300e-05
-4.9559695326653234e-05
-4.8913541387708594e-05
-4.8189694207909096e-05
-4.7499943747193208e-05
-4.6813481412898675e-05
-4.6081251882176244e-05
-4.5428887709609521e-05
-4.4657689819503178e-05
-4.3992120795848078e-05
-4.3268228213927092e-05
-4.2550177414060660e-05
-4.1873803774066995e-05
-4.1097570357076736e-05
-4.0420377034501292e-05
-3.9693216761503916e-05
-3.8962955582755682e-05
-3.8297019273332194e-05
-3.7614867985433660e-05
0.0000000000000000e+00
];
