%Vec Object:dSdr_b_aug_1650 1 MPI processes
%  type: seq
dSdr_b_aug_1650 = [
2.4260446735035925e+03
0.0000000000000000e+00
-1.7816322217697085e-06
-7.2991991628813957e-07
-4.4755847355358303e-07
-3.1535001775154828e-07
-2.3663406206028062e-07
-1.8801995560151111e-07
-1.5507079419598161e-07
-1.3014215714625754e-07
-1.1163604566650248e-07
-9.7454748554382754e-08
-8.5892512237853049e-08
-7.6524873753244306e-08
-6.8846147827197974e-08
-6.2370115119911254e-08
-5.6835309254066661e-08
-5.2113390739947015e-08
-4.8030940070366920e-08
-4.4427950173546162e-08
-4.1271548070942181e-08
-3.8487878113011819e-08
-3.5985735602448300e-08
-3.8194166121444419e-08
-1.3180799145473445e-05
-5.0258767457170381e-04
-5.4690484147569649e-04
-5.0755441553401541e-04
-4.6448523375462898e-04
-4.1837807263467449e-04
-3.7780836565189324e-04
-3.3884939215440710e-04
-3.0209621134274020e-04
-2.6335455611808879e-04
-2.3185222621555267e-04
-2.0444235346077312e-04
-1.8047011272127680e-04
-1.5782877351052147e-04
-1.4067921923391008e-04
-1.2766888214323880e-04
-1.1738536256084867e-04
-1.0908495279045754e-04
-1.0389828620166893e-04
-1.0071658253811668e-04
-9.8956023002618357e-05
-9.8500486479591578e-05
-9.8956750254092351e-05
-9.9950364675300283e-05
-1.0140721244511709e-04
-1.0337949548310764e-04
-1.0511349359993886e-04
-1.0693458634072851e-04
-1.0878340474778472e-04
-1.1055562757498608e-04
-1.1203458506499217e-04
-1.1334875105345585e-04
-1.1459810125686727e-04
-1.1559604235213444e-04
-1.1640370745236549e-04
-1.1703799414633196e-04
-1.1759555168699050e-04
-1.1794131424994112e-04
-1.1811962546430669e-04
-1.1823666540298594e-04
-1.1825719545332631e-04
-1.1813962817841467e-04
-1.1795336697925086e-04
-1.1770538818099779e-04
-1.1737056845627276e-04
-1.1697476276955097e-04
-1.1655450578244092e-04
-1.1608853755893402e-04
-1.1558838181900616e-04
-1.1501235040255233e-04
-1.1445657355255849e-04
-1.1387395140278593e-04
-1.1323216341836580e-04
-1.1262497801964957e-04
-1.1200755989624689e-04
-1.1130161040145457e-04
-1.1065569895705302e-04
-1.1000597990520169e-04
-1.0928827618041198e-04
-1.0863120136573418e-04
-1.0797748319958656e-04
-1.0721630463256535e-04
-1.0656027180517248e-04
-1.0588365352542603e-04
-1.0514640348074132e-04
-1.0449296484364801e-04
-1.0379993878003911e-04
-1.0306854283805826e-04
-1.0241253016724273e-04
-1.0169718238326291e-04
-1.0100716568826579e-04
-1.0036271919939797e-04
-9.9618168103733401e-05
-9.8960199483609713e-05
-9.8304084284639868e-05
-9.7547506998465203e-05
-9.6935960548096161e-05
-9.6248139254943179e-05
-9.5545269766467500e-05
-9.4934280801660742e-05
-9.4188995356940601e-05
-9.3558458088177269e-05
-9.2921912965384607e-05
-9.2202147586631524e-05
-9.1602314661462110e-05
-9.0907116580722468e-05
-9.0248560124384883e-05
-8.9642836925248065e-05
-8.8930116781414079e-05
-8.8337003804975261e-05
-8.7663745033822549e-05
-8.7029134264553763e-05
-8.6400525447906187e-05
-8.5732766225263222e-05
-8.5144963428228522e-05
-8.4453825678854592e-05
-8.3873267096841241e-05
-8.3226011215890771e-05
-8.2585327203608876e-05
-8.2014010617821866e-05
-8.1313443516967739e-05
-8.0768883683152149e-05
-8.0096068504588395e-05
-7.9515076618487366e-05
-7.8894213109625182e-05
-7.8275327560844692e-05
-7.7680786841073906e-05
-7.7051585844413052e-05
-7.6489497089492607e-05
-7.5825533437405047e-05
-7.5292346837577386e-05
-7.4630069513685032e-05
-7.4074679051054206e-05
-7.3455578100404563e-05
-7.2867383213752267e-05
-7.2279692904015486e-05
-7.1682914584034085e-05
-7.1105298059122527e-05
-7.0502797559172633e-05
-6.9937519471091012e-05
-6.9314593560796048e-05
-6.8783781775667187e-05
-6.8138178556505753e-05
-6.7623056809101016e-05
-6.6983335637847965e-05
-6.6463855866785297e-05
-6.5829028653063953e-05
-6.5310940002952548e-05
-6.4668782663015681e-05
-6.4168224244809434e-05
-6.3519085665795122e-05
-6.3020082512349780e-05
-6.2383858429048875e-05
-6.1874888223797435e-05
-6.1247327306494291e-05
-6.0732031998625558e-05
-6.0105959545298918e-05
-5.9598274880230334e-05
-5.8972059708383044e-05
-5.8454978006857276e-05
-5.7854840344260973e-05
-5.7310852760338192e-05
-5.6739164155349985e-05
-5.6173706528120560e-05
-5.5611892179118066e-05
-5.5040088209049902e-05
-5.4488723795169298e-05
-5.3902855067132056e-05
-5.3376220944199722e-05
-5.2760124708698503e-05
-5.2250774525551797e-05
-5.1634377309360107e-05
-5.1109121951115460e-05
-5.0522390785660845e-05
-4.9959097254289773e-05
-4.9411868579108301e-05
-4.8810074265878707e-05
-4.8293102976950921e-05
-4.7667266034370541e-05
-4.7139411084711035e-05
-4.6551337270828441e-05
-4.5987521510740319e-05
-4.5429670475866885e-05
-4.4833267302505382e-05
-4.4303403457597300e-05
-4.3676337688928280e-05
-4.3135882330105191e-05
-4.2547701417782733e-05
-4.1965209930511433e-05
-4.1416243147909092e-05
-4.0786950226053149e-05
-4.0237008588616378e-05
-3.9646212237497928e-05
-3.9051109855338065e-05
-3.8495720771473000e-05
-3.7861840181715754e-05
0.0000000000000000e+00
];
