%Vec Object:dSdr_b_aug_6180 1 MPI processes
%  type: seq
dSdr_b_aug_6180 = [
2.3166547259322756e+03
0.0000000000000000e+00
-8.3276483326806709e-07
-3.4396645633401843e-07
-2.1367590436038545e-07
-1.5168725209649022e-07
-1.1374990950662229e-07
-9.0294451857056612e-08
-7.4396338456580056e-08
-6.2436039909721075e-08
-5.3554357001618120e-08
-4.6745533452563676e-08
-4.1201870958846205e-08
-3.6710915152436694e-08
-3.3028936536452168e-08
-2.9924193944953016e-08
-2.7271291118881312e-08
-2.5007743410191503e-08
-2.5216426806648325e-08
-1.0185323678724780e-04
-7.5054292430426137e-04
-7.1470830725799074e-04
-6.7612584311655148e-04
-6.3766395495966734e-04
-5.9497210663113993e-04
-5.5376601649102959e-04
-5.1426234003163168e-04
-4.7436617018435136e-04
-4.3343166111496840e-04
-3.8968331276867835e-04
-3.5118512719719712e-04
-3.1418414800798744e-04
-2.7925432637043376e-04
-2.4241509247722434e-04
-2.1245037761744164e-04
-1.8636973405530014e-04
-1.6355662131681069e-04
-1.4201190253269939e-04
-1.2569369174526642e-04
-1.1331748634233174e-04
-1.0354814666242063e-04
-9.5674419895203791e-05
-9.0770391255583758e-05
-8.7783224886947873e-05
-8.6155431035575048e-05
-8.5780321393855155e-05
-8.6276315872987907e-05
-8.7287279299398042e-05
-8.8742665735981965e-05
-9.0704595096376830e-05
-9.2431142910575067e-05
-9.4240601939523500e-05
-9.6083306963094301e-05
-9.7857411064640682e-05
-9.9344249953136710e-05
-1.0067589738956563e-04
-1.0195505789698879e-04
-1.0298722749930825e-04
-1.0383478680430412e-04
-1.0451959849232573e-04
-1.0513639665137021e-04
-1.0554242956534499e-04
-1.0578777471626509e-04
-1.0598533945352641e-04
-1.0607962860801564e-04
-1.0604037683059281e-04
-1.0594096677069047e-04
-1.0578254872451148e-04
-1.0553459775379671e-04
-1.0523058977814025e-04
-1.0490815505941520e-04
-1.0453255875908045e-04
-1.0412317330502077e-04
-1.0365472883830956e-04
-1.0319169434769677e-04
-1.0270125410254060e-04
-1.0216873682896036e-04
-1.0165381954801156e-04
-1.0112832154941703e-04
-1.0053432999471737e-04
-9.9980953637599675e-05
-9.9424786891026394e-05
-9.8815876540422055e-05
-9.8250826457154682e-05
-9.7689797472498037e-05
-9.7038416562789933e-05
-9.6474038360102717e-05
-9.5891293395859278e-05
-9.5259297078102926e-05
-9.4695992585256921e-05
-9.4098317103599515e-05
-9.3469684511508072e-05
-9.2903030927440393e-05
-9.2285701543507451e-05
-9.1692113385387453e-05
-9.1135492458576658e-05
-9.0492145422489169e-05
-8.9926750709140365e-05
-8.9358691342539959e-05
-8.8705215051564310e-05
-8.8180468036966374e-05
-8.7583968890553757e-05
-8.6978170436130629e-05
-8.6452801970142291e-05
-8.5806489030834502e-05
-8.5264571873500732e-05
-8.4715612658224206e-05
-8.4093006651285191e-05
-8.3577198101234286e-05
-8.2977442420354707e-05
-8.2408727106834649e-05
-8.1887455187366868e-05
-8.1273201673963858e-05
-8.0761422342145287e-05
-8.0182433742449630e-05
-7.9635100660415515e-05
-7.9093082396649463e-05
-7.8518976711191996e-05
-7.8012667511820637e-05
-7.7416957695052838e-05
-7.6919598904345727e-05
-7.6360914387579184e-05
-7.5809991351838353e-05
-7.5321623472645289e-05
-7.4715871887787790e-05
-7.4250880378114785e-05
-7.3672536591486151e-05
-7.3172252952337458e-05
-7.2642528785007507e-05
-7.2109649862217313e-05
-7.1600163209302917e-05
-7.1061835128037053e-05
-7.0579704636103687e-05
-7.0011297945577801e-05
-6.9555892760680101e-05
-6.8988372709206092e-05
-6.8513964387324243e-05
-6.7984740593457293e-05
-6.7481534702982656e-05
-6.6980277353508228e-05
-6.6471056237125275e-05
-6.5977251558839713e-05
-6.5465290671568044e-05
-6.4982208496001262e-05
-6.4451373345919525e-05
-6.4001732579057501e-05
-6.3449152093034261e-05
-6.3014424206022282e-05
-6.2468720642365225e-05
-6.2027584216675018e-05
-6.1490076700144997e-05
-6.1049642993417277e-05
-6.0505264709477154e-05
-6.0082042635231403e-05
-5.9531308037164132e-05
-5.9110205352100384e-05
-5.8571414005364766e-05
-5.8141265768079898e-05
-5.7611103423845485e-05
-5.7176498452899394e-05
-5.6646908972545696e-05
-5.6221697575237885e-05
-5.5690760106961379e-05
-5.5257627322256387e-05
-5.4752457454259206e-05
-5.4294036214878920e-05
-5.3815957194524372e-05
-5.3339160902947052e-05
-5.2869078282804885e-05
-5.2389337080198128e-05
-5.1927381953251856e-05
-5.1437215038635995e-05
-5.0997037528980093e-05
-5.0481513090743876e-05
-5.0056832189091797e-05
-4.9541227014152152e-05
-4.9103660360276837e-05
-4.8614744688218831e-05
-4.8144451510225033e-05
-4.7691252695815419e-05
-4.7188055295001477e-05
-4.6760595363197273e-05
-4.6239840265009782e-05
-4.5801286300971941e-05
-4.5315706315152168e-05
-4.4846971093311433e-05
-4.4386233134521987e-05
-4.3892404279760086e-05
-4.3455082437016743e-05
-4.2936912386325383e-05
-4.2491046255184623e-05
-4.2005515801411987e-05
-4.1525657369130985e-05
-4.1073327377474228e-05
-4.0555678338051637e-05
-4.0103016310798400e-05
-3.9617415532289659e-05
-3.9129215993751582e-05
-3.8671101814316997e-05
-3.8147474454893795e-05
0.0000000000000000e+00
];
