%Vec Object:dSdr_b_aug_660 1 MPI processes
%  type: seq
dSdr_b_aug_660 = [
2.5006246316968222e+03
0.0000000000000000e+00
-3.1238799794629825e-06
-1.2703350746189692e-06
-7.7008296655107210e-07
-5.3907183868842271e-07
-4.0452191417505040e-07
-3.2150367808766655e-07
-2.6524145138478370e-07
-2.2248186721982865e-07
-1.9074723579387378e-07
-1.6643647766828039e-07
-1.4659792455055783e-07
-1.3052445677128210e-07
-1.1735098261672485e-07
-1.0624044396947735e-07
-9.6744224065435162e-08
-8.8643606381705058e-08
-8.1640685782351147e-08
-7.5460584182321502e-08
-7.0046995503248598e-08
-6.5273080072209973e-08
-6.0980996756879612e-08
-5.7144093076181890e-08
-5.3701924399812715e-08
-5.0578028673075402e-08
-4.7738901733055790e-08
-4.5960016506906021e-08
-2.9825148694728454e-07
-3.1098407992397807e-05
-2.8953571858290677e-04
-3.4127859186389110e-04
-3.1428720804305675e-04
-2.7606880032890290e-04
-2.4392047880316116e-04
-2.1574712891355981e-04
-1.9106625154111055e-04
-1.6774301036481026e-04
-1.5007413868541890e-04
-1.3666692922640811e-04
-1.2606131831849495e-04
-1.1749351463283123e-04
-1.1212969897351519e-04
-1.0882605295396046e-04
-1.0698226626147289e-04
-1.0647631127670998e-04
-1.0690766912040589e-04
-1.0789040868799507e-04
-1.0934817442878032e-04
-1.1132695011744720e-04
-1.1306561987119356e-04
-1.1489400698800054e-04
-1.1674665821437673e-04
-1.1851770094319223e-04
-1.1999171609539820e-04
-1.2129492030125005e-04
-1.2252557827083317e-04
-1.2350205684749475e-04
-1.2428470694187093e-04
-1.2488731292515168e-04
-1.2540772489300691e-04
-1.2571569624630601e-04
-1.2585197536475292e-04
-1.2591852416531525e-04
-1.2589280533162439e-04
-1.2572613223795761e-04
-1.2548541320538849e-04
-1.2518127760064658e-04
-1.2479198902606132e-04
-1.2433862394044623e-04
-1.2385703003745099e-04
-1.2333439643631637e-04
-1.2277732554627469e-04
-1.2213383458009445e-04
-1.2151990606441314e-04
-1.2087948367401289e-04
-1.2016918040923855e-04
-1.1950414072647321e-04
-1.1882908652389800e-04
-1.1805293681755428e-04
-1.1734900371170165e-04
-1.1664062518571477e-04
-1.1585470551541767e-04
-1.1513992905814348e-04
-1.1442809262882022e-04
-1.1359806842384693e-04
-1.1288456603071581e-04
-1.1214908702347861e-04
-1.1134584047736349e-04
-1.1063588559296859e-04
-1.0988307247018597e-04
-1.0908724151075072e-04
-1.0837519858689671e-04
-1.0759839098167510e-04
-1.0684791134711960e-04
-1.0614839617306438e-04
-1.0534038779306471e-04
-1.0462437318238226e-04
-1.0391304492702844e-04
-1.0309182094984628e-04
-1.0242584923762558e-04
-1.0168076696921133e-04
-1.0091703194982863e-04
-1.0025235718559827e-04
-9.9445013952005520e-05
-9.8758910066506575e-05
-9.8067446797649586e-05
-9.7286760508911451e-05
-9.6634242598172504e-05
-9.5879200189496160e-05
-9.5164311515527335e-05
-9.4505635659511604e-05
-9.3731174938324705e-05
-9.3087064134452006e-05
-9.2354696059811681e-05
-9.1665360426934457e-05
-9.0982457597596348e-05
-9.0255975723181636e-05
-8.9617074818823980e-05
-8.8866101841530176e-05
-8.8233375351505283e-05
-8.7530583510706059e-05
-8.6833617631965862e-05
-8.6210290623075955e-05
-8.5450272367488647e-05
-8.4855821696365694e-05
-8.4123771150314809e-05
-8.3492173688688790e-05
-8.2814164093252790e-05
-8.2141350790289461e-05
-8.1493479599455690e-05
-8.0807299600529932e-05
-8.0195075571974839e-05
-7.9471195943920335e-05
-7.8889239021449019e-05
-7.8167547168003654e-05
-7.7561379485435221e-05
-7.6885923967069935e-05
-7.6244439507103235e-05
-7.5602554242706172e-05
-7.4950876060767650e-05
-7.4320708109522617e-05
-7.3661437749486939e-05
-7.3044621497481829e-05
-7.2363953167451866e-05
-7.1782245889192049e-05
-7.1078315933306913e-05
-7.0512786035501084e-05
-6.9814114373479376e-05
-6.9245512226866153e-05
-6.8549664102397176e-05
-6.7982884784832220e-05
-6.7279418579881413e-05
-6.6730369336853913e-05
-6.6019530137393138e-05
-6.5471682530101715e-05
-6.4774366914920485e-05
-6.4215974563428338e-05
-6.3527343650503809e-05
-6.2961454814740430e-05
-6.2274886606385416e-05
-6.1715490626103832e-05
-6.1029535597397198e-05
-6.0459817501169147e-05
-5.9800134498672416e-05
-5.9202496588796539e-05
-5.8572114512357124e-05
-5.7951066215518265e-05
-5.7331736156897231e-05
-5.6702209096337033e-05
-5.6094785581022815e-05
-5.5448912451277169e-05
-5.4868071106094879e-05
-5.4188917473851676e-05
-5.3626481407966765e-05
-5.2946889458278803e-05
-5.2366655854462237e-05
-5.1718597318045647e-05
-5.1096996242643299e-05
-5.0490815253644689e-05
-4.9827205953493872e-05
-4.9254117538970025e-05
-4.8562401910123767e-05
-4.7978564755865771e-05
-4.7326238698409021e-05
-4.6702821572830940e-05
-4.6084098087133523e-05
-4.5423402641902027e-05
-4.4835542729440965e-05
-4.4140235101006819e-05
-4.3540519428575123e-05
-4.2888040332819373e-05
-4.2241286624068729e-05
-4.1631857146883068e-05
-4.0932760669795470e-05
-4.0322148076079154e-05
-3.9665983787831005e-05
-3.9005112610308783e-05
-3.8392279480449242e-05
-3.7708166878103640e-05
0.0000000000000000e+00
];
