%Vec Object:dSdr_b_aug_4230 1 MPI processes
%  type: seq
dSdr_b_aug_4230 = [
2.3464921950947569e+03
0.0000000000000000e+00
-1.0173174420285932e-06
-4.1960101151973797e-07
-2.5999074104879198e-07
-1.8434015437957433e-07
-1.3834459086868039e-07
-1.0991384785428894e-07
-9.0642975543144646e-08
-7.6121480584762236e-08
-6.5338248330431006e-08
-5.7072398991154039e-08
-5.0338665664572410e-08
-4.4883046920727534e-08
-4.0410263488138070e-08
-3.6638077525102228e-08
-3.3414220210494114e-08
-3.0663489489145362e-08
-2.8285008635723486e-08
-2.6343510853632486e-08
-6.4430006240437151e-06
-6.7512815604168943e-04
-6.8920142081219430e-04
-6.5063973427128348e-04
-6.0717783121907499e-04
-5.6523939194022034e-04
-5.2504881324613815e-04
-4.8446798441465600e-04
-4.4284369819357278e-04
-3.9837780020516520e-04
-3.5925172780880530e-04
-3.2165747131715879e-04
-2.8617518677294575e-04
-2.4875953761895980e-04
-2.1832894062267770e-04
-1.9184555384234162e-04
-1.6868123686655120e-04
-1.4680425300211459e-04
-1.3023415342690273e-04
-1.1766581246885191e-04
-1.0774068144309499e-04
-9.9737674029291634e-05
-9.4748008987178672e-05
-9.1701899854091436e-05
-9.0033879430418797e-05
-8.9634401360585056e-05
-9.0118357904775756e-05
-9.1124064770317978e-05
-9.2579893998457832e-05
-9.4544960446766939e-05
-9.6273765651511733e-05
-9.8086749603284876e-05
-9.9931306944478626e-05
-1.0170484106021010e-04
-1.0318929198292123e-04
-1.0451564273266684e-04
-1.0578577103177414e-04
-1.0680756975245285e-04
-1.0764304152377461e-04
-1.0831254469020423e-04
-1.0891139363874516e-04
-1.0929916533665290e-04
-1.0952419996626470e-04
-1.0969736658197534e-04
-1.0976930754785239e-04
-1.0970632703513591e-04
-1.0958060202188732e-04
-1.0939504803404025e-04
-1.0912077676605363e-04
-1.0878895506535917e-04
-1.0843688123831611e-04
-1.0803390320660429e-04
-1.0759701531902683e-04
-1.0709597313540829e-04
-1.0660483868835943e-04
-1.0608646829707535e-04
-1.0552084313745084e-04
-1.0497796958460574e-04
-1.0442462075118825e-04
-1.0379670710194005e-04
-1.0321529357859321e-04
-1.0263078145791140e-04
-1.0198890784067641e-04
-1.0139597522000368e-04
-1.0080686237517437e-04
-1.0012221390679504e-04
-9.9530065302067631e-05
-9.8918877692917426e-05
-9.8254990575890152e-05
-9.7664376355759551e-05
-9.7037810618050535e-05
-9.6378041774565338e-05
-9.5784313296566848e-05
-9.5137285332239465e-05
-9.4514480306750952e-05
-9.3931249127129020e-05
-9.3257238287266307e-05
-9.2663794619343473e-05
-9.2069055229306482e-05
-9.1384340380987371e-05
-9.0833294017839226e-05
-9.0209125175476717e-05
-8.9573915158153364e-05
-8.9022604526799078e-05
-8.8346303896670711e-05
-8.7777535720727934e-05
-8.7202038839708803e-05
-8.6549994503038895e-05
-8.6008727395308504e-05
-8.5380053609128474e-05
-8.4784117314717409e-05
-8.4237257488748991e-05
-8.3593169557035998e-05
-8.3056746929926044e-05
-8.2449195396555553e-05
-8.1875418032889552e-05
-8.1307163681862958e-05
-8.0704681895123678e-05
-8.0173680933941929e-05
-7.9549057390316370e-05
-7.9026489877461945e-05
-7.8440969104471883e-05
-7.7862849371311424e-05
-7.7349348844136379e-05
-7.6714869085451213e-05
-7.6225769148353294e-05
-7.5618801452558975e-05
-7.5094063999083373e-05
-7.4536725499213500e-05
-7.3977787404382541e-05
-7.3442530194683993e-05
-7.2876668502286349e-05
-7.2370311429131371e-05
-7.1772951906107435e-05
-7.1293979701393006e-05
-7.0697749112817938e-05
-7.0198803980360850e-05
-6.9642348273076131e-05
-6.9113391531888996e-05
-6.8585945823508159e-05
-6.8050195712109524e-05
-6.7530996842764108e-05
-6.6991603316620657e-05
-6.6483616558265062e-05
-6.5924878783021139e-05
-6.5450643962232421e-05
-6.4869878467586046e-05
-6.4410791992939467e-05
-6.3836601978409777e-05
-6.3371728244973562e-05
-6.2804733771541646e-05
-6.2340771329449221e-05
-6.1766766900478795e-05
-6.1320112616025760e-05
-6.0739562518567421e-05
-6.0294856690642704e-05
-5.9726544112266985e-05
-5.9272513516596309e-05
-5.8712840280711375e-05
-5.8253786842106532e-05
-5.7694963874149177e-05
-5.7244763784641527e-05
-5.6684957997085612e-05
-5.6226389395458918e-05
-5.5692445088469453e-05
-5.5208097945367315e-05
-5.4701655986835974e-05
-5.4197996013189219e-05
-5.3700119396897402e-05
-5.3192483878842493e-05
-5.2703438395252222e-05
-5.2184274527584158e-05
-5.1717901244980378e-05
-5.1171904241112700e-05
-5.0721569048631158e-05
-5.0175424503751073e-05
-4.9711288620150375e-05
-4.9192735346932494e-05
-4.8694263446875228e-05
-4.8212573908639557e-05
-4.7679501921449155e-05
-4.7224920138613896e-05
-4.6672325349229894e-05
-4.6206712989866689e-05
-4.5690077107023387e-05
-4.5192531896909116e-05
-4.4702367795664807e-05
-4.4177457675318888e-05
-4.3712093720911482e-05
-4.3160925768543036e-05
-4.2686395423257042e-05
-4.2169756727917730e-05
-4.1658792995926682e-05
-4.1177170817337057e-05
-4.0625676208715295e-05
-4.0143509177513011e-05
-3.9625980314033706e-05
-3.9105273637838224e-05
-3.8617358784286521e-05
-3.8058587541834535e-05
0.0000000000000000e+00
];
