%Vec Object:dSdr_b_aug_8570 1 MPI processes
%  type: seq
dSdr_b_aug_8570 = [
2.2843390641124192e+03
0.0000000000000000e+00
-6.7365267558610769e-07
-2.7796377275943328e-07
-1.7266737139380215e-07
-1.2239640466747537e-07
-9.1465762419350359e-08
-7.2340240130794799e-08
-5.9379079308996773e-08
-4.9653378151742898e-08
-4.2431988030599702e-08
-3.6895644550485416e-08
-3.2394230411310695e-08
-2.8749002081257388e-08
-2.5760522886051333e-08
-2.3242039445257023e-08
-2.1091847493643994e-08
-1.1662471383969824e-07
-5.4843356173951241e-04
-7.8226096837082570e-04
-7.4089507954619948e-04
-7.0212585557980487e-04
-6.6414596984296786e-04
-6.2630481352125063e-04
-5.8429604076574960e-04
-5.4373073461078418e-04
-5.0482786966505472e-04
-4.6553054226262523e-04
-4.2519935198637149e-04
-3.8207861383799568e-04
-3.4412961420680427e-04
-3.0764754947424185e-04
-2.7320094367376334e-04
-2.3686587572338837e-04
-2.0730864817332983e-04
-1.8158026699063403e-04
-1.5907433780178781e-04
-1.3782023748381200e-04
-1.2172234340779012e-04
-1.0951419107182154e-04
-9.9881115689512076e-05
-9.2120465413955211e-05
-8.7291339468568098e-05
-8.4355727978677124e-05
-8.2763118722292028e-05
-8.2409323207674373e-05
-8.2915846716264080e-05
-8.3931407629357616e-05
-8.5386406585933092e-05
-8.7345591888755345e-05
-8.9070165092569497e-05
-9.0876540866616944e-05
-9.2717625601888246e-05
-9.4492228109401596e-05
-9.5981155525539958e-05
-9.7317435633144457e-05
-9.8604496119406021e-05
-9.9645736589054913e-05
-1.0050386824879873e-04
-1.0120206959184745e-04
-1.0183456716031638e-04
-1.0225657238176287e-04
-1.0251968227939555e-04
-1.0273858701590284e-04
-1.0285242318019606e-04
-1.0283392591730356e-04
-1.0275753242671835e-04
-1.0262284903566165e-04
-1.0239791930928746e-04
-1.0211823881606682e-04
-1.0182172816519283e-04
-1.0147008150003695e-04
-1.0108475125509794e-04
-1.0064481862559566e-04
-1.0020636197233706e-04
-9.9740351039560922e-05
-9.9236791825967597e-05
-9.8746326707591773e-05
-9.8245188651517861e-05
-9.7680867311422320e-05
-9.7152013870858056e-05
-9.6620639618617368e-05
-9.6040560837866784e-05
-9.5499898424809905e-05
-9.4963433199435368e-05
-9.4341150009710935e-05
-9.3801061397993615e-05
-9.3243194005548769e-05
-9.2639091215209721e-05
-9.2099673380653755e-05
-9.1527266979254805e-05
-9.0925867943284695e-05
-9.0382895619057205e-05
-8.9791542320403532e-05
-8.9223508915597431e-05
-8.8690162846080445e-05
-8.8073636137376820e-05
-8.7532774652300220e-05
-8.6988051168708744e-05
-8.6361897917614199e-05
-8.5860153825324665e-05
-8.5287856186597828e-05
-8.4707782775872442e-05
-8.4205104818938940e-05
-8.3585020836853165e-05
-8.3066589123984046e-05
-8.2540841276082874e-05
-8.1943983725334276e-05
-8.1450442692633827e-05
-8.0875980448996961e-05
-8.0331074169749837e-05
-7.9832182903775801e-05
-7.9244024287216568e-05
-7.8753799397141550e-05
-7.8199793581478269e-05
-7.7675590187638958e-05
-7.7156519513270515e-05
-7.6607233196905776e-05
-7.6122520830841631e-05
-7.5552100620533929e-05
-7.5076790827219978e-05
-7.4541578841727009e-05
-7.4014443599767962e-05
-7.3548058178540945e-05
-7.2967433905146210e-05
-7.2523529010619242e-05
-7.1970221339112082e-05
-7.1491326410446751e-05
-7.0985755324494464e-05
-7.0475669250175140e-05
-6.9988723006633331e-05
-6.9474477402500811e-05
-6.9013536869512196e-05
-6.8470453988897338e-05
-6.8035661873117195e-05
-6.7493253705786413e-05
-6.7040306686834425e-05
-6.6534901487218733e-05
-6.6054218768858025e-05
-6.5575867261052735e-05
-6.5089849926397545e-05
-6.4618256464549613e-05
-6.4130289737035387e-05
-6.3668990538041443e-05
-6.3162560624807634e-05
-6.2734431227950117e-05
-6.2206502966929072e-05
-6.1793080496934215e-05
-6.1272292816408387e-05
-6.0851918400201074e-05
-6.0340201866392344e-05
-5.9920347738618989e-05
-5.9401882179203314e-05
-5.8999155256519313e-05
-5.8474499002388688e-05
-5.8074040975761528e-05
-5.7561070588200988e-05
-5.7151811226540094e-05
-5.6647460796192973e-05
-5.6234239851399664e-05
-5.5730219649793346e-05
-5.5326864788668639e-05
-5.4821177200371342e-05
-5.4410292030901268e-05
-5.3930289927706822e-05
-5.3494544959000994e-05
-5.3041273778746936e-05
-5.2587973990258221e-05
-5.2142201577347692e-05
-5.1686858325324294e-05
-5.1248597957996555e-05
-5.0783793419055375e-05
-5.0366528209290901e-05
-4.9877656796377990e-05
-4.9475414576144922e-05
-4.8986520849043218e-05
-4.8572193124651757e-05
-4.8109200150255652e-05
-4.7663553642759724e-05
-4.7235274385045850e-05
-4.6758206935692393e-05
-4.6354469242204389e-05
-4.5861562860329248e-05
-4.5446675596979997e-05
-4.4988258731757648e-05
-4.4544722198063937e-05
-4.4109721810164151e-05
-4.3643078137562178e-05
-4.3230283185771522e-05
-4.2740974542590073e-05
-4.2320179184649162e-05
-4.1861856978963966e-05
-4.1409203898640366e-05
-4.0982492886612480e-05
-4.0494444575082154e-05
-4.0067585087249918e-05
-3.9609902636668351e-05
-3.9150118804638005e-05
-3.8718021648922608e-05
-3.8224871285297591e-05
0.0000000000000000e+00
];
