%Vec Object:dSdr_b_aug_4040 1 MPI processes
%  type: seq
dSdr_b_aug_4040 = [
2.3498809348344416e+03
0.0000000000000000e+00
-1.0399993867185790e-06
-4.2840156520291776e-07
-2.6504919112246962e-07
-1.8766820837640463e-07
-1.4067800677344069e-07
-1.1163512181381211e-07
-9.1950570153940088e-08
-7.7121416264495798e-08
-6.6110772989239385e-08
-5.7670960813839454e-08
-5.0797871033337203e-08
-4.5230157147655077e-08
-4.0665753527345672e-08
-3.6817126313817791e-08
-3.3528789765841005e-08
-3.0723235953415305e-08
-2.8297606842502135e-08
-2.6191652947740293e-08
-1.4936617848260812e-06
-5.8462264973553667e-04
-6.8998239586319488e-04
-6.5214769446380108e-04
-6.0860846065498113e-04
-5.6658447000648097e-04
-5.2631337149558640e-04
-4.8565227662678587e-04
-4.4394712396000864e-04
-3.9939710357255327e-04
-3.6019742045477623e-04
-3.2253361070881681e-04
-2.8698655781043053e-04
-2.4950333222433402e-04
-2.1901811722164276e-04
-1.9248751456719945e-04
-1.6928202392282470e-04
-1.4736608673014649e-04
-1.3076645679936246e-04
-1.1817559070024437e-04
-1.0823219537408567e-04
-1.0021403166208173e-04
-9.5214326991038603e-05
-9.2161307679773655e-05
-9.0488571286306352e-05
-9.0086236389566400e-05
-9.0568781689248382e-05
-9.1573872338372814e-05
-9.3029753515733486e-05
-9.4995187779289115e-05
-9.6724257664283455e-05
-9.8537654894154635e-05
-1.0038242942245420e-04
-1.0215589674283246e-04
-1.0364006773590696e-04
-1.0496579754845673e-04
-1.0623486697262245e-04
-1.0725544987655734e-04
-1.0808950457697409e-04
-1.0875721301655051e-04
-1.0935395758890453e-04
-1.0973958842363992e-04
-1.0996224194413542e-04
-1.1013254823773701e-04
-1.1020186920632443e-04
-1.1013610684665996e-04
-1.1000729678912498e-04
-1.0981856150750378e-04
-1.0954120456811751e-04
-1.0920612211273313e-04
-1.0885057353081502e-04
-1.0844438538906870e-04
-1.0800427324061686e-04
-1.0749940944711668e-04
-1.0700498068779153e-04
-1.0648333589189415e-04
-1.0591382931183170e-04
-1.0536767829123616e-04
-1.0481106435087849e-04
-1.0417917382650966e-04
-1.0359447335134960e-04
-1.0300663814574734e-04
-1.0236090006177223e-04
-1.0176469861697458e-04
-1.0117229334569253e-04
-1.0048374473647696e-04
-9.9888340453565733e-05
-9.9273818355427040e-05
-9.8606192502579806e-05
-9.8012376611581015e-05
-9.7382423908518894e-05
-9.6719004788928606e-05
-9.6122102170651143e-05
-9.5471592476464599e-05
-9.4845362194896949e-05
-9.4259011347367497e-05
-9.3581405618742191e-05
-9.2984673615678946e-05
-9.2386806377980739e-05
-9.1698429259105368e-05
-9.1144299676879076e-05
-9.0516886959622514e-05
-8.9878228856411844e-05
-8.9323876876150804e-05
-8.8644060617332064e-05
-8.8072144542382830e-05
-8.7493536498420827e-05
-8.6838040937421473e-05
-8.6293789176610273e-05
-8.5661725154884510e-05
-8.5062597588324941e-05
-8.4512737944702246e-05
-8.3865152352666003e-05
-8.3325840649875983e-05
-8.2714940519287026e-05
-8.2138062939941784e-05
-8.1566732780917933e-05
-8.0960924300097422e-05
-8.0427028580748832e-05
-7.9799015313979305e-05
-7.9273492436511257e-05
-7.8684825493795127e-05
-7.8103517334180886e-05
-7.7587070360651036e-05
-7.6949222631561242e-05
-7.6457296323052863e-05
-7.5846972880109541e-05
-7.5319368563174055e-05
-7.4758792674269395e-05
-7.4196799510456963e-05
-7.3658521067579308e-05
-7.3089431449008130e-05
-7.2580234151309263e-05
-7.1979480318280954e-05
-7.1497745212669524e-05
-7.0898148719281584e-05
-7.0396326991394555e-05
-6.9836678726239179e-05
-6.9304703060232617e-05
-6.8774187135179493e-05
-6.8235326872057971e-05
-6.7713150890173884e-05
-6.7170541272352604e-05
-6.6659634800223170e-05
-6.6097625833291102e-05
-6.5620507702979767e-05
-6.5036437910258476e-05
-6.4574495730211379e-05
-6.3996966076746190e-05
-6.3529309472911159e-05
-6.2958858064368246e-05
-6.2492137202714072e-05
-6.1914659519356164e-05
-6.1465258130098536e-05
-6.0881212577459835e-05
-6.0433739603555390e-05
-5.9861966066779770e-05
-5.9405135588963063e-05
-5.8842002604633275e-05
-5.8380082913205144e-05
-5.7817832715715486e-05
-5.7364703036883309e-05
-5.6801512827194576e-05
-5.6339962213656331e-05
-5.5802644486774833e-05
-5.5315257871579940e-05
-5.4805490730955872e-05
-5.4298681338586151e-05
-5.3797546234431412e-05
-5.3286640463805923e-05
-5.2794418976330948e-05
-5.2271855578863814e-05
-5.1802411159776307e-05
-5.1252841620132313e-05
-5.0799498759418808e-05
-5.0249773831926007e-05
-4.9782522999319178e-05
-4.9260495043092639e-05
-4.8758719480140372e-05
-4.8273689686421855e-05
-4.7737115186734046e-05
-4.7279353589675096e-05
-4.6723025858452742e-05
-4.6254241064519456e-05
-4.5733964055282718e-05
-4.5233040967867200e-05
-4.4739426687749925e-05
-4.4210872260487009e-05
-4.3742220182302494e-05
-4.3187182947127477e-05
-4.2709291161186985e-05
-4.2189004168149535e-05
-4.1674391986981077e-05
-4.1189333131349730e-05
-4.0633866663944781e-05
-4.0148234139990534e-05
-3.9626950423569920e-05
-3.9102407707811399e-05
-3.8610928605044453e-05
-3.8047661220472917e-05
0.0000000000000000e+00
];
