%Vec Object:dSdr_b_aug_6250 1 MPI processes
%  type: seq
dSdr_b_aug_6250 = [
2.3156886356218279e+03
0.0000000000000000e+00
-8.2718570947669239e-07
-3.4152696187118747e-07
-2.1207913895616449e-07
-1.5048705290672711e-07
-1.1279202408667242e-07
-8.9486812661326710e-08
-7.3690970430250615e-08
-6.1810305635710062e-08
-5.2988057125288084e-08
-4.6224861716873852e-08
-4.0719303706908773e-08
-3.6259497687640461e-08
-3.2603134798426809e-08
-2.9520281627495265e-08
-2.6886380747291299e-08
-2.4639110368099537e-08
-2.6127063577033354e-08
-1.3475448836783763e-04
-7.5080620150762311e-04
-7.1429715676105056e-04
-6.7572935771895149e-04
-6.3728794577326878e-04
-5.9461870725995459e-04
-5.5343382832994661e-04
-5.1395003994113959e-04
-4.7407369298755811e-04
-4.3315915498306768e-04
-3.8943158179654083e-04
-3.5095157538553816e-04
-3.1396777330748219e-04
-2.7905394708445012e-04
-2.4223140209497914e-04
-2.1228017588106903e-04
-1.8621119290935595e-04
-1.6340824855817074e-04
-1.4187314981452189e-04
-1.2556223194114301e-04
-1.1319158942379480e-04
-1.0342676035874809e-04
-9.5556776644514668e-05
-9.0655227431014673e-05
-8.7669767632560426e-05
-8.6043138463012285e-05
-8.5668734363574447e-05
-8.6165077444521593e-05
-8.7176193062425334e-05
-8.8631566679484993e-05
-9.0593405212190426e-05
-9.2319887668044614e-05
-9.4129244640324633e-05
-9.5971896033995123e-05
-9.7746016637486916e-05
-9.9232924664682701e-05
-1.0056472545641215e-04
-1.0184414747239551e-04
-1.0287661734198212e-04
-1.0372452661557482e-04
-1.0440978153138571e-04
-1.0502709937515392e-04
-1.0543366100703218e-04
-1.0567959420846072e-04
-1.0587786534521348e-04
-1.0597280154734805e-04
-1.0593423678781586e-04
-1.0583558862401725e-04
-1.0567795624500400e-04
-1.0543076732535186e-04
-1.0512756463984783e-04
-1.0480598806144849e-04
-1.0443118454313543e-04
-1.0402259536617600e-04
-1.0355509469991282e-04
-1.0309287378640690e-04
-1.0260324220226789e-04
-1.0207168349945620e-04
-1.0155757563527922e-04
-1.0103288400139569e-04
-1.0043987459155843e-04
-9.9887309992659323e-05
-9.9331963928570388e-05
-9.8724007962490610e-05
-9.8159765160841893e-05
-9.7599549286974031e-05
-9.6949131571136496e-05
-9.6385557403715855e-05
-9.5803635937329154e-05
-9.5172562952326481e-05
-9.4610049156757580e-05
-9.4013210133578719e-05
-9.3385479027594434e-05
-9.2819609341754632e-05
-9.2203139818499916e-05
-9.1610397575107763e-05
-9.1054547093340248e-05
-9.0412087865108175e-05
-8.9847505251197240e-05
-8.9280218349819764e-05
-8.8627646507409230e-05
-8.8103660936023664e-05
-8.7507962908511499e-05
-8.6903016004327263e-05
-8.6378398639337840e-05
-8.5732953930252781e-05
-8.5191814187936016e-05
-8.4643623314818199e-05
-8.4021869633442894e-05
-8.3506798182211362e-05
-8.2907879764470473e-05
-8.2339952577166288e-05
-8.1819421501644552e-05
-8.1206031781058059e-05
-8.0694965943680237e-05
-8.0116804324022157e-05
-7.9570236880363237e-05
-7.9028978227113492e-05
-7.8455694112009684e-05
-7.7950099810290211e-05
-7.7355227129223883e-05
-7.6858598204135060e-05
-7.6300690674297849e-05
-7.5750555061228667e-05
-7.5262914844754150e-05
-7.4657995023474694e-05
-7.4193701522008777e-05
-7.3616186479912222e-05
-7.3116610848962771e-05
-7.2587686196001606e-05
-7.2055561761086623e-05
-7.1546821240009965e-05
-7.1009290335615437e-05
-7.0527861272588158e-05
-6.9960292849606599e-05
-6.9505569997655201e-05
-6.8938881198408929e-05
-6.8465183287213222e-05
-6.7936747934775510e-05
-6.7434287604911246e-05
-6.6933788483024062e-05
-6.6425335456709545e-05
-6.5932266012344901e-05
-6.5421099377788682e-05
-6.4938738260365053e-05
-6.4408710970507060e-05
-6.3959782270976595e-05
-6.3408017820633586e-05
-6.2973995183180284e-05
-6.2429116382487342e-05
-6.1988667218275981e-05
-6.1452013431990323e-05
-6.1012260947345754e-05
-6.0468740423488280e-05
-6.0046196776141667e-05
-5.9496325420080085e-05
-5.9075906110573359e-05
-5.8537969485262502e-05
-5.8108512707234388e-05
-5.7579204784340810e-05
-5.7145307662550868e-05
-5.6616564571054574e-05
-5.6192076663247168e-05
-5.5661975010349782e-05
-5.5229578659721894e-05
-5.4725241887946124e-05
-5.4267571270728246e-05
-5.3790313431253701e-05
-5.3314294912067164e-05
-5.2845016998574667e-05
-5.2366083406359869e-05
-5.1904912611719616e-05
-5.1415585229534594e-05
-5.0976166148830393e-05
-5.0461523963465636e-05
-5.0037585809965033e-05
-4.9522864818146503e-05
-4.9086067397843190e-05
-4.8598009794884235e-05
-4.8128532443745442e-05
-4.7676158485740410e-05
-4.7173826003179921e-05
-4.6747151284488482e-05
-4.6227317987245398e-05
-4.5789547383495862e-05
-4.5304866486305001e-05
-4.4836965314105210e-05
-4.4377079226883089e-05
-4.3884150141196624e-05
-4.3447640045182082e-05
-4.2930425183024101e-05
-4.2485388709763234e-05
-4.2000758589245447e-05
-4.1521800275198192e-05
-4.1070317700344959e-05
-4.0553647555207111e-05
-4.0101838095466509e-05
-3.9617158657742892e-05
-3.9129893749732796e-05
-3.8672623952813304e-05
-3.8149915906394073e-05
0.0000000000000000e+00
];
