%Vec Object:dSdr_b_aug_8490 1 MPI processes
%  type: seq
dSdr_b_aug_8490 = [
2.2861359810559666e+03
0.0000000000000000e+00
-6.8053604413634528e-07
-2.8042115567036186e-07
-1.7393414869244190e-07
-1.2310933135013672e-07
-9.1864480559194068e-08
-7.2546067059265239e-08
-5.9454899238889976e-08
-4.9635647404010243e-08
-4.2345302111298419e-08
-3.6756073154656697e-08
-3.2213428816950919e-08
-2.8535232924824782e-08
-2.5519711667468960e-08
-2.2978905003091233e-08
-2.0810015015494993e-08
-5.7035143131656028e-08
-4.4971340350401549e-04
-7.8247495129497033e-04
-7.4123785663745634e-04
-7.0245245968415630e-04
-6.6445611497655075e-04
-6.2659887750244117e-04
-5.8457242115358206e-04
-5.4399052646432195e-04
-5.0507210779140803e-04
-4.6575927763470982e-04
-4.2541246871872156e-04
-3.8227548307465727e-04
-3.4431226618553227e-04
-3.0781676785798687e-04
-2.7335765262289041e-04
-2.3700953288013660e-04
-2.0744175634348675e-04
-1.8170425583046362e-04
-1.5919037425021564e-04
-1.3792875043638138e-04
-1.2182515283032296e-04
-1.0961264996148301e-04
-9.9976046991569754e-05
-9.2212469412532733e-05
-8.7381404406161915e-05
-8.4444458282844189e-05
-8.2850938186374855e-05
-8.2496590909736281e-05
-8.3002841858264255e-05
-8.4018283763867880e-05
-8.5473292763242373e-05
-8.7432549115454210e-05
-8.9157173448166068e-05
-9.0963629050974575e-05
-9.2804755741395463e-05
-9.4579345354738842e-05
-9.6068218711200276e-05
-9.7404378895983657e-05
-9.8691234875321159e-05
-9.9732240525722210e-05
-1.0059009849534901e-04
-1.0128795321398856e-04
-1.0192004436311682e-04
-1.0234163610001157e-04
-1.0260428611039096e-04
-1.0282263840374329e-04
-1.0293596854138197e-04
-1.0291693399179173e-04
-1.0283994465451067e-04
-1.0270464682689773e-04
-1.0247912113252323e-04
-1.0219881085538789e-04
-1.0190162908827895e-04
-1.0154936242055747e-04
-1.0116340943994986e-04
-1.0072273870196524e-04
-1.0028364578310802e-04
-9.9817002429598294e-05
-9.9312693555476112e-05
-9.8821595424682346e-05
-9.8319826743495595e-05
-9.7754737306517990e-05
-9.7225249021617500e-05
-9.6693232946161686e-05
-9.6112407779142651e-05
-9.5571114022820777e-05
-9.5034012895558304e-05
-9.4410976429282060e-05
-9.3870259013226334e-05
-9.3311747594783728e-05
-9.2706922701754225e-05
-9.2166886493807288e-05
-9.1593825930999769e-05
-9.0991721877485912e-05
-9.0448136497072297e-05
-8.9856110733989823e-05
-8.9287415772229268e-05
-8.8753467167270358e-05
-8.8136246138512632e-05
-8.7594749541406252e-05
-8.7049421942520541e-05
-8.6422561357110217e-05
-8.5920221769126992e-05
-8.5347297604788775e-05
-8.4766558226243924e-05
-8.4263292859208228e-05
-8.3642529864015982e-05
-8.3123490161716171e-05
-8.2597141419656661e-05
-8.1999617294905119e-05
-8.1505499802225160e-05
-8.0930382763985328e-05
-8.0384860118104610e-05
-7.9885389463190646e-05
-7.9296555303819293e-05
-7.8805772413612809e-05
-7.8251119845291372e-05
-7.7726317671414125e-05
-7.7206652931166808e-05
-7.6656724092456722e-05
-7.6171452628578281e-05
-7.5600377722347711e-05
-7.5124497125611368e-05
-7.4588677484311366e-05
-7.4060926425003029e-05
-7.3593971922692838e-05
-7.3012697154573367e-05
-7.2568246370305600e-05
-7.2014290564785223e-05
-7.1534841925610253e-05
-7.1028645565374945e-05
-7.0517969430227570e-05
-7.0030439660867397e-05
-6.9515570609952952e-05
-6.9054081511300971e-05
-6.8510343048227052e-05
-6.8075017301001033e-05
-6.7531959037293266e-05
-6.7078456427703992e-05
-6.6572434611975314e-05
-6.6091168813127148e-05
-6.5612224318209374e-05
-6.5125606283224970e-05
-6.4653437816283071e-05
-6.4164849926900795e-05
-6.3702986808697332e-05
-6.3195925091260588e-05
-6.2767238806114522e-05
-6.2238672346420749e-05
-6.1824698319401134e-05
-6.1303265614136228e-05
-6.0882353708015667e-05
-6.0369969494447800e-05
-5.9949582598838874e-05
-5.9430446207354714e-05
-5.9027188701815413e-05
-5.8501857327247844e-05
-5.8100864846517375e-05
-5.7587226000765353e-05
-5.7177425861721462e-05
-5.6672407206264390e-05
-5.6258632664513757e-05
-5.5753950517786787e-05
-5.5350029826039903e-05
-5.4843688559603272e-05
-5.4432227433592125e-05
-5.3951573776215206e-05
-5.3515241751819286e-05
-5.3061328332817009e-05
-5.2607420251949722e-05
-5.2161018480083164e-05
-5.1705043595869957e-05
-5.1266169798597424e-05
-5.0800708656403539e-05
-5.0382850268345498e-05
-4.9893288834583148e-05
-4.9490465691036069e-05
-4.9000880423580874e-05
-4.8585951051010307e-05
-4.8122286946028791e-05
-4.7676002335676651e-05
-4.7247077903708837e-05
-4.6769333936677178e-05
-4.6364982046496781e-05
-4.5871354628882224e-05
-4.5455854578732632e-05
-4.4996734392240435e-05
-4.4552545368219053e-05
-4.4116878508566135e-05
-4.3649530847437285e-05
-4.3236100671521816e-05
-4.2746044516873979e-05
-4.2324599676443102e-05
-4.1865572500736339e-05
-4.1412214295485575e-05
-4.0984838860950923e-05
-4.0496022418429478e-05
-4.0068491970371583e-05
-3.9610081347477964e-05
-3.9149550339750518e-05
-3.8716747163262690e-05
-3.8222634943145995e-05
0.0000000000000000e+00
];
