%Vec Object:dSdr_b_aug_3590 1 MPI processes
%  type: seq
dSdr_b_aug_3590 = [
2.3625855654992447e+03
0.0000000000000000e+00
-1.1360837605042378e-06
-4.6797120053841701e-07
-2.8937414906095823e-07
-2.0491734337884611e-07
-1.5377453026353869e-07
-1.2216745359087821e-07
-1.0074393434870715e-07
-8.4588265363090637e-08
-7.2592257374849109e-08
-6.3397352681644565e-08
-5.5905697640401322e-08
-4.9836064456598620e-08
-4.4860069533104622e-08
-4.0663529449280157e-08
-3.7077031207509051e-08
-3.4016971303237696e-08
-3.1371095169133511e-08
-2.9035947545655748e-08
-3.0926243691823718e-08
-5.9534454358405083e-05
-6.8349347451253058e-04
-6.5574808205181049e-04
-6.1215569086564027e-04
-5.6992259019857648e-04
-5.2945175603806994e-04
-4.8859146053384849e-04
-4.4668561338510459e-04
-4.0192681770207092e-04
-3.6254444719565352e-04
-3.2470801991329648e-04
-2.8900022467395639e-04
-2.5134928768930396e-04
-2.2072852154737146e-04
-1.9408073839457355e-04
-1.7077306282358882e-04
-1.4876045117502606e-04
-1.3208753273029127e-04
-1.1944076365896723e-04
-1.0945203991373430e-04
-1.0139626121977768e-04
-9.6371640098203963e-05
-9.3301470995667604e-05
-9.1617030390016784e-05
-9.1207605295035268e-05
-9.1686648042434618e-05
-9.2690209243785813e-05
-9.4146219230286651e-05
-9.6112566222371498e-05
-9.7842292885882325e-05
-9.9656715690524838e-05
-1.0150202914036601e-04
-1.0327533060051683e-04
-1.0475880678337461e-04
-1.0608299547770314e-04
-1.0734943691271371e-04
-1.0836700233413861e-04
-1.0919754008354289e-04
-1.0986079439706502e-04
-1.1045231650278994e-04
-1.1083263400740667e-04
-1.1104937794151704e-04
-1.1121258534342981e-04
-1.1127540390081756e-04
-1.1120273750430303e-04
-1.1106627093556565e-04
-1.1086964027192535e-04
-1.1058462526837710e-04
-1.1024145022801021e-04
-1.0987727795568274e-04
-1.0946312292169830e-04
-1.0901500876255109e-04
-1.0850066045605081e-04
-1.0799805583432582e-04
-1.0746828458379707e-04
-1.0688914505570981e-04
-1.0633485998013400e-04
-1.0577014266258820e-04
-1.0512838229261412e-04
-1.0453552422716865e-04
-1.0393944175652816e-04
-1.0328411280451838e-04
-1.0267979876052617e-04
-1.0207922231419541e-04
-1.0138099430253322e-04
-1.0077751004761223e-04
-1.0015471238494229e-04
-9.9477807706669827e-05
-9.8876045880492608e-05
-9.8237687378217742e-05
-9.7565208974094843e-05
-9.6960428747409381e-05
-9.6301278068198375e-05
-9.5666546958702588e-05
-9.5072453693547263e-05
-9.4385926142663548e-05
-9.3781033123527157e-05
-9.3175403168495660e-05
-9.2477936999894249e-05
-9.1916155460269053e-05
-9.1280692080772025e-05
-9.0633476514807536e-05
-9.0071576513631673e-05
-8.9383035164775261e-05
-8.8803306633009115e-05
-8.8216977304387154e-05
-8.7552916493436513e-05
-8.7001257421177760e-05
-8.6360779512326182e-05
-8.5753731847280210e-05
-8.5196427257966165e-05
-8.4540161172830833e-05
-8.3993679365106468e-05
-8.3374468687690795e-05
-8.2789896996244219e-05
-8.2210933300754037e-05
-8.1596868633951046e-05
-8.1055788709308776e-05
-8.0419362831977710e-05
-7.9886505336963898e-05
-7.9290030236630929e-05
-7.8700809047198446e-05
-7.8177049591401874e-05
-7.7530843241177809e-05
-7.7031902454227383e-05
-7.6413250727350586e-05
-7.5878531440531983e-05
-7.5309921010700072e-05
-7.4740345789654837e-05
-7.4194569264220752e-05
-7.3617468592712183e-05
-7.3101222442374298e-05
-7.2492044626741033e-05
-7.2003452572776586e-05
-7.1395502595356179e-05
-7.0886541754240656e-05
-7.0318970220723898e-05
-6.9779502210931530e-05
-6.9241366647295895e-05
-6.8694787636372360e-05
-6.8165223085551831e-05
-6.7614631801365301e-05
-6.7096479216671292e-05
-6.6526351840289155e-05
-6.6042077949690230e-05
-6.5449807589044673e-05
-6.4980778161569528e-05
-6.4394960236572135e-05
-6.3920397153423468e-05
-6.3341366373342609e-05
-6.2867799721246873e-05
-6.2281702172513760e-05
-6.1825483081275691e-05
-6.1232762573968475e-05
-6.0778422168841646e-05
-6.0198059301465995e-05
-5.9734280158594749e-05
-5.9162560858157762e-05
-5.8693527795366916e-05
-5.8122772001434720e-05
-5.7662371777401160e-05
-5.7090782227911822e-05
-5.6621830985164386e-05
-5.6076141243731680e-05
-5.5581211417703591e-05
-5.5063192003631728e-05
-5.4548566562806687e-05
-5.4039344738174106e-05
-5.3520323068249151e-05
-5.3020219608462902e-05
-5.2489219515917872e-05
-5.2012153434309626e-05
-5.1453717891621349e-05
-5.0992910949107700e-05
-5.0434300620655104e-05
-4.9959319544705997e-05
-4.9428668614194909e-05
-4.8918694579168190e-05
-4.8425375573229287e-05
-4.7880109267819757e-05
-4.7414456842655601e-05
-4.6848865674206739e-05
-4.6372208669676145e-05
-4.5842896462392599e-05
-4.5333591770475390e-05
-4.4831416783790841e-05
-4.4293820311125455e-05
-4.3817010741362604e-05
-4.3252374520818775e-05
-4.2766145228809261e-05
-4.2236810474262952e-05
-4.1713152662575478e-05
-4.1219577736950050e-05
-4.0654273859781275e-05
-4.0160073243203130e-05
-3.9629529941484131e-05
-3.9095593109167402e-05
-3.8595623317117483e-05
-3.8023087919902199e-05
0.0000000000000000e+00
];
