%Vec Object:dSdr_b_aug_4770 1 MPI processes
%  type: seq
dSdr_b_aug_4770 = [
2.3388458597260228e+03
0.0000000000000000e+00
-9.6577219319044664e-07
-3.9825703321144076e-07
-2.4678019742837512e-07
-1.7491829737652142e-07
-1.3116301242400634e-07
-1.0411624338047505e-07
-8.5784194372479971e-08
-7.1979234126631281e-08
-6.1728469079321303e-08
-5.3870739612793099e-08
-4.7471737178057451e-08
-4.2287878680544507e-08
-3.8038009727558817e-08
-3.4454404141070070e-08
-3.1392316474192842e-08
-2.8779712830261402e-08
-2.6520889173438173e-08
-2.9696358983574167e-08
-1.1298972398510436e-04
-7.1970636308627055e-04
-6.8537972360315175e-04
-6.4649553745529617e-04
-6.0327364624982360e-04
-5.6156931817484838e-04
-5.2159845949750641e-04
-4.8123663771079575e-04
-4.3983299590855183e-04
-3.9559662615318845e-04
-3.5667140084242753e-04
-3.1926692061582290e-04
-2.8396135671523287e-04
-2.4673009003073403e-04
-2.1644851840661795e-04
-1.9009396025775505e-04
-1.6704198573576923e-04
-1.4527128610712821e-04
-1.2878176017410307e-04
-1.1627487912446843e-04
-1.0639958230031445e-04
-9.8437928903255862e-05
-9.3475657052361801e-05
-9.0448402408291732e-05
-8.8793249578625767e-05
-8.8401566433935478e-05
-8.8889373631103902e-05
-8.9896761912529793e-05
-9.1352449464311122e-05
-9.3316512393785996e-05
-9.5044595477753715e-05
-9.6856451855858620e-05
-9.8700416654860353e-05
-1.0047413307122383e-04
-1.0195934782790602e-04
-1.0328739288433501e-04
-1.0456041047352060e-04
-1.0558552669044281e-04
-1.0642486507180051e-04
-1.0709926514258330e-04
-1.0770385564905926e-04
-1.0809746870824532e-04
-1.0832900022612990e-04
-1.0850997126307549e-04
-1.0858906092185743e-04
-1.0853367070806640e-04
-1.0841636326734940e-04
-1.0823948946827642e-04
-1.0797363748217048e-04
-1.0765071277771805e-04
-1.0730811984653712e-04
-1.0691390062553834e-04
-1.0648581015869098e-04
-1.0599519526405656e-04
-1.0551304937194534e-04
-1.0500361321717422e-04
-1.0444857853796984e-04
-1.0391464757837857e-04
-1.0337020761142075e-04
-1.0275314488989492e-04
-1.0218069983576299e-04
-1.0160525477340005e-04
-1.0097392537613784e-04
-1.0038991176240199e-04
-9.9809782323266491e-05
-9.9135775410819150e-05
-9.8552509943422288e-05
-9.7950420506940706e-05
-9.7296734550970666e-05
-9.6714856108450281e-05
-9.6097531724526441e-05
-9.5447722678801102e-05
-9.4862654860373150e-05
-9.4225126814474855e-05
-9.3611667618406463e-05
-9.3036948469765558e-05
-9.2372746302225967e-05
-9.1788274873995929e-05
-9.1202069833037179e-05
-9.0527347507886978e-05
-8.9984713724189529e-05
-8.9369395804773387e-05
-8.8743593894489753e-05
-8.8200581586701110e-05
-8.7533873353971923e-05
-8.6973694223641202e-05
-8.6406686153450151e-05
-8.5764058485982822e-05
-8.5230935006327228e-05
-8.4611511480948978e-05
-8.4024282574739006e-05
-8.3485607752650714e-05
-8.2851063189860201e-05
-8.2322523406340827e-05
-8.1724108522225473e-05
-8.1158790097808696e-05
-8.0598928089228533e-05
-8.0005523188049352e-05
-7.9482420573757714e-05
-7.8867045890032201e-05
-7.8352542088346757e-05
-7.7775605638437343e-05
-7.7206185525434675e-05
-7.6700724374837613e-05
-7.6075434121732519e-05
-7.5594045935620753e-05
-7.4996234393311928e-05
-7.4479319172398393e-05
-7.3930813884809284e-05
-7.3380211540830052e-05
-7.2853197760401156e-05
-7.2296143459102630e-05
-7.1797535931498999e-05
-7.1209437777013915e-05
-7.0738004138800562e-05
-7.0150957413737521e-05
-6.9659861062126404e-05
-6.9112116239236008e-05
-6.8591396623350924e-05
-6.8072327989361495e-05
-6.7545063914285246e-05
-6.7033988082508655e-05
-6.6503369648104806e-05
-6.6003349312312228e-05
-6.5453536966936761e-05
-6.4987169237289621e-05
-6.4415419500497693e-05
-6.3964124796341853e-05
-6.3399046964113107e-05
-6.2941766267311653e-05
-6.2384204015663756e-05
-6.1927767892177720e-05
-6.1363240208023626e-05
-6.0924081365610811e-05
-6.0353068582898281e-05
-5.9915912874283372e-05
-5.9357043480505256e-05
-5.8910652318642011e-05
-5.8360418959351231e-05
-5.7909186039905965e-05
-5.7359714212588299e-05
-5.6917507447560701e-05
-5.6366935990784040e-05
-5.5916503738233639e-05
-5.5391763731063694e-05
-5.4915709704044453e-05
-5.4418340414472679e-05
-5.3923273530482470e-05
-5.3434287590039602e-05
-5.2935574837134009e-05
-5.2455194949335488e-05
-5.1945306554457652e-05
-5.1487312708371611e-05
-5.0951063191006444e-05
-5.0508934224601743e-05
-4.9972558532723857e-05
-4.9516921540693078e-05
-4.9007848661073477e-05
-4.8518390489242719e-05
-4.8045814479066756e-05
-4.7522298683507496e-05
-4.7076392549666805e-05
-4.6533982536759516e-05
-4.6077025517879537e-05
-4.5570323680361199e-05
-4.5081994090273922e-05
-4.4601242691637378e-05
-4.4086274695888802e-05
-4.3629880688668400e-05
-4.3089267902995327e-05
-4.2623906436680680e-05
-4.2117218355054331e-05
-4.1616204212902898e-05
-4.1143951518689974e-05
-4.0603282695607907e-05
-4.0130552589464926e-05
-3.9623234880221009e-05
-3.9112922434545286e-05
-3.8634528772463447e-05
-3.8086939266851939e-05
0.0000000000000000e+00
];
