%Vec Object:dSdr_b_aug_8850 1 MPI processes
%  type: seq
dSdr_b_aug_8850 = [
2.2805334970508966e+03
0.0000000000000000e+00
-6.5955789753870825e-07
-2.7299926463604689e-07
-1.7015801562945748e-07
-1.2102807969229341e-07
-9.0741789596518991e-08
-7.2011002965117138e-08
-5.9315212519415903e-08
-4.9779192266604375e-08
-4.2697097988106215e-08
-3.7267200637031248e-08
-3.2848076343246856e-08
-2.9268224322768952e-08
-2.6333052111299684e-08
-2.3858170631593680e-08
-2.1745096721028966e-08
-6.7249713135575806e-07
-7.1478932550801981e-04
-7.8127828752627151e-04
-7.3960712631341956e-04
-7.0089984183405272e-04
-6.6298175176187745e-04
-6.2520096079047541e-04
-5.8325856842440912e-04
-5.4275553203884594e-04
-5.0391105242105264e-04
-4.6467191900250300e-04
-4.2439935771703508e-04
-3.8133960914550776e-04
-3.4344397801880643e-04
-3.0701234008863017e-04
-2.7261269199177197e-04
-2.3632661763484488e-04
-2.0680898868888990e-04
-1.8111483949066865e-04
-1.5863876185098202e-04
-1.3741290309879592e-04
-1.2133641883372633e-04
-1.0914459745285785e-04
-9.9524763869731985e-05
-9.1775102057776856e-05
-8.6953254931957738e-05
-8.4022653373519123e-05
-8.2433463222265384e-05
-8.2081738912700384e-05
-8.2589285563428364e-05
-8.3605293215294747e-05
-8.5060254484223505e-05
-8.7019173093619897e-05
-8.8743554380131279e-05
-9.0549630503129527e-05
-9.2390557756532693e-05
-9.4165208673562578e-05
-9.5654339025335328e-05
-9.6991069303645227e-05
-9.8278897470752062e-05
-9.9321019406791691e-05
-1.0018017844508157e-04
-1.0087968094589254e-04
-1.0151370412911412e-04
-1.0193726148592380e-04
-1.0220209770463302e-04
-1.0242307619672791e-04
-1.0253881187912220e-04
-1.0252233147735103e-04
-1.0244817466919520e-04
-1.0231579774267374e-04
-1.0209310515398320e-04
-1.0181578873577529e-04
-1.0152179731236002e-04
-1.0117247800474961e-04
-1.0078948537704933e-04
-1.0035232344891598e-04
-9.9916255201144759e-05
-9.9452618240803464e-05
-9.8951873092205543e-05
-9.8463784167298650e-05
-9.7965013343133742e-05
-9.7403575274017417e-05
-9.6877104903268839e-05
-9.6348139917834039e-05
-9.5770862911156266e-05
-9.5232570425472413e-05
-9.4698492239469827e-05
-9.4079036688149201e-05
-9.3541308473085960e-05
-9.2985858616003307e-05
-9.2384466444029182e-05
-9.1847369850519761e-05
-9.1277419030538052e-05
-9.0678666478937890e-05
-9.0137995435961342e-05
-8.9549166424101272e-05
-8.8983616362084715e-05
-8.8452532080959817e-05
-8.7838611700529905e-05
-8.7300134289327347e-05
-8.6757678524688661e-05
-8.6134180454438853e-05
-8.5634671724965609e-05
-8.5064725927565154e-05
-8.4487152414577412e-05
-8.3986679467015169e-05
-8.3369144351963103e-05
-8.2852994898445799e-05
-8.2329502675913566e-05
-8.1735147298488269e-05
-8.1243770170354949e-05
-8.0671765882655311e-05
-8.0129173308929861e-05
-7.9632456942105274e-05
-7.9046834165659563e-05
-7.8558703885823369e-05
-7.8007125838129847e-05
-7.7485170133245621e-05
-7.6968329452064979e-05
-7.6421455023840485e-05
-7.5938841388161052e-05
-7.5370878762843612e-05
-7.4897711640315047e-05
-7.4364780661322202e-05
-7.3839957062432664e-05
-7.3375707846379812e-05
-7.2797525387422791e-05
-7.2355669642715472e-05
-7.1804794923802787e-05
-7.1327978502298058e-05
-7.0824754558310269e-05
-7.0316883442234809e-05
-6.9832127625735018e-05
-6.9320222303234964e-05
-6.8861340964466964e-05
-6.8320718995684669e-05
-6.7887930013948267e-05
-6.7347962164693341e-05
-6.6897100709741944e-05
-6.6394010150233520e-05
-6.5915516186456380e-05
-6.5439390620497653e-05
-6.4955628181201125e-05
-6.4486193160190607e-05
-6.4000558135955649e-05
-6.3541375763524592e-05
-6.3037317502134420e-05
-6.2611278538848142e-05
-6.2085745932700915e-05
-6.1674393883570460e-05
-6.1156027480967624e-05
-6.0737670680208017e-05
-6.0228460465876468e-05
-5.9810606227179891e-05
-5.9294658819724800e-05
-5.8893923583641125e-05
-5.8371801578215798e-05
-5.7973349769235339e-05
-5.7462888620961631e-05
-5.7055659212191854e-05
-5.6553817145166431e-05
-5.6142674274052451e-05
-5.5641138860794775e-05
-5.5239907994566014e-05
-5.4736674160691050e-05
-5.4327950995034102e-05
-5.3850394671678518e-05
-5.3416853368522167e-05
-5.2965992997857862e-05
-5.2514976590393893e-05
-5.2071566636426748e-05
-5.1618594374923485e-05
-5.1182636669069406e-05
-5.0720296852723666e-05
-5.0305258279823852e-05
-4.9818977026850181e-05
-4.9418915435289916e-05
-4.8932617565285977e-05
-4.8520548258562630e-05
-4.8060074518683932e-05
-4.7616823261191165e-05
-4.7190965791384773e-05
-4.6716437778031041e-05
-4.6315005571972130e-05
-4.5824805715618214e-05
-4.5412218620974160e-05
-4.4956441752735298e-05
-4.4515354384957635e-05
-4.4082855617009178e-05
-4.3618854355259663e-05
-4.3208443637433508e-05
-4.2721940658727932e-05
-4.2303582888749777e-05
-4.1847906414537476e-05
-4.1397899429527002e-05
-4.0973681378709459e-05
-4.0488514731201695e-05
-4.0064171053760743e-05
-3.9609216863505221e-05
-3.9152226816224474e-05
-3.8722749094225377e-05
-3.8233045303736123e-05
0.0000000000000000e+00
];
