%Vec Object:dSdr_b_aug_2310 1 MPI processes
%  type: seq
dSdr_b_aug_2310 = [
2.3995419651770917e+03
0.0000000000000000e+00
-1.4704477594699697e-06
-6.0333470684032425e-07
-3.7096933695445321e-07
-2.6170390860832695e-07
-1.9618981746189155e-07
-1.5571853790256224e-07
-1.2828881753578843e-07
-1.0757334895288788e-07
-9.2194518228100187e-08
-8.0408617650711836e-08
-7.0805246865487238e-08
-6.3025624737402966e-08
-5.6648501094517538e-08
-5.1271205066686684e-08
-4.6676499121598512e-08
-4.2756629387697715e-08
-3.9367753812049814e-08
-3.6377649746618747e-08
-3.3758197201731362e-08
-3.1455180827197405e-08
-1.0449104217942117e-07
-1.5679305527704088e-04
-6.1539560279074606e-04
-5.8207313305491540e-04
-5.4113335047607650e-04
-4.9954136952953939e-04
-4.5688835185372922e-04
-4.1135176103629590e-04
-3.7128875587669609e-04
-3.3280920819193807e-04
-2.9650253561829519e-04
-2.5822675661420756e-04
-2.2710096785988099e-04
-2.0001660554561169e-04
-1.7632821977504412e-04
-1.5395542825050838e-04
-1.3700945890711709e-04
-1.2415441223686182e-04
-1.1399680849978128e-04
-1.0580088776453900e-04
-1.0068343553341954e-04
-9.7549371573376570e-05
-9.5821324710350326e-05
-9.5385483796189222e-05
-9.5851477216120218e-05
-9.6849340281155921e-05
-9.8305830294674596e-05
-1.0027557795920104e-04
-1.0200775169083469e-04
-1.0382599558119465e-04
-1.0567331698738320e-04
-1.0744600059289029e-04
-1.0892688820511961e-04
-1.1024533523482736e-04
-1.1150198564789416e-04
-1.1250830890697595e-04
-1.1332574362043811e-04
-1.1397240326280447e-04
-1.1454446808964705e-04
-1.1490499010314630e-04
-1.1509971707691135e-04
-1.1523647650601601e-04
-1.1527506921616491e-04
-1.1517668039869233e-04
-1.1501168792043665e-04
-1.1478564139025370e-04
-1.1447209469718473e-04
-1.1409876907690142e-04
-1.1370246748934035e-04
-1.1325863017358357e-04
-1.1278070289433149e-04
-1.1223101811492803e-04
-1.1169795265860131e-04
-1.1113790465391469e-04
-1.1052287563497770e-04
-1.0993828549241408e-04
-1.0934337745933271e-04
-1.0866484504780705e-04
-1.0804159428574968e-04
-1.0741478501696715e-04
-1.0672372340787221e-04
-1.0608918428895665e-04
-1.0545816453138657e-04
-1.0472387400876389e-04
-1.0409028623668973e-04
-1.0343665633786477e-04
-1.0272518157632841e-04
-1.0209381561258248e-04
-1.0142413965796847e-04
-1.0071790911259597e-04
-1.0008377931222343e-04
-9.9392434948543883e-05
-9.8726032337347552e-05
-9.8103093177573437e-05
-9.7383325626701546e-05
-9.6748027141306187e-05
-9.6113475660334518e-05
-9.5382146452045372e-05
-9.4791856044120716e-05
-9.4126398331276681e-05
-9.3447300235320968e-05
-9.2857278579017461e-05
-9.2136230170862594e-05
-9.1527394775066525e-05
-9.0912298261916954e-05
-9.0216325906450147e-05
-8.9637069418291261e-05
-8.8965243896378150e-05
-8.8328688325002152e-05
-8.7743646104737478e-05
-8.7055039111979252e-05
-8.6481843645941600e-05
-8.5831670367999134e-05
-8.5218432724941867e-05
-8.4611028763861119e-05
-8.3966204027033253e-05
-8.3398357907833569e-05
-8.2730589168531239e-05
-8.2170405087273439e-05
-8.1544839132678440e-05
-8.0926136366284507e-05
-8.0375132791626831e-05
-7.9697784724186869e-05
-7.9172710089110837e-05
-7.8523029670802701e-05
-7.7961802133199456e-05
-7.7363257408099323e-05
-7.6765433708106078e-05
-7.6191721567109207e-05
-7.5584774106364676e-05
-7.5042266033254810e-05
-7.4401702974839629e-05
-7.3887563973230020e-05
-7.3248491406807350e-05
-7.2712932354298765e-05
-7.2115841082674411e-05
-7.1548458828009590e-05
-7.0981934756001949e-05
-7.0406597983914193e-05
-6.9849505816746603e-05
-6.9269177212562174e-05
-6.8724027756925205e-05
-6.8123653592600002e-05
-6.7612719452115371e-05
-6.6989896200603697e-05
-6.6494461776377977e-05
-6.5877764197793255e-05
-6.5377469599019712e-05
-6.4766474608444365e-05
-6.4267402542161198e-05
-6.3649189907390770e-05
-6.3167570043294455e-05
-6.2542529194876422e-05
-6.2062602731356378e-05
-6.1450238522014927e-05
-6.0960570656717842e-05
-6.0356861233306773e-05
-5.9861325788956646e-05
-5.9258880594366361e-05
-5.8771392391002405e-05
-5.8168509303162696e-05
-5.7671985408003165e-05
-5.7095103913135124e-05
-5.6572070194346863e-05
-5.6023305120522539e-05
-5.5479559246772063e-05
-5.4940208530272761e-05
-5.4390949237204023e-05
-5.3861479674242998e-05
-5.3299046723463178e-05
-5.2793584322301978e-05
-5.2202116387972874e-05
-5.1713500155770374e-05
-5.1121785084704475e-05
-5.0618002988858566e-05
-5.0055224931868020e-05
-4.9514705269845712e-05
-4.8990502487076284e-05
-4.8412852361548215e-05
-4.7917800206713861e-05
-4.7317695229649100e-05
-4.6811707538840081e-05
-4.6248731480575054e-05
-4.5708197752852529e-05
-4.5174126094154139e-05
-4.4602839151242076e-05
-4.4095634077602846e-05
-4.3495230905106209e-05
-4.2977933364383421e-05
-4.2414882391316188e-05
-4.1857513630594290e-05
-4.1332196489093506e-05
-4.0730220150961973e-05
-4.0204062679954743e-05
-3.9638957740761436e-05
-3.9069886358473219e-05
-3.8537902513312687e-05
-3.7928808941750194e-05
0.0000000000000000e+00
];
