%Vec Object:dSdr_b_aug_3480 1 MPI processes
%  type: seq
dSdr_b_aug_3480 = [
2.3644974929089444e+03
0.0000000000000000e+00
-1.1514128995992222e-06
-4.7432687701657319e-07
-2.9330820515159425e-07
-2.0772772718040315e-07
-1.5592456760976875e-07
-1.2390958466268978e-07
-1.0220931087127393e-07
-8.5841788812003986e-08
-7.3688310583250666e-08
-6.4372703924862647e-08
-5.6781889848864007e-08
-5.0631705323008962e-08
-4.5589623016973080e-08
-4.1337128252288250e-08
-3.7702583003281862e-08
-3.4601486291064909e-08
-3.1920066230305259e-08
-2.9553298088023345e-08
-2.9150589778224228e-08
-3.0049402666612310e-05
-6.7513164977622852e-04
-6.5662036692662809e-04
-6.1311656828063753e-04
-5.7082903835550987e-04
-5.3030403444901102e-04
-4.8938964550910332e-04
-4.4742929652267366e-04
-4.0261380436811049e-04
-3.6318182199473190e-04
-3.2529851748286950e-04
-2.8954706992438911e-04
-2.5185058805091105e-04
-2.2119301068679279e-04
-1.9451340517191091e-04
-1.7117797954125042e-04
-1.4913911429328047e-04
-1.3244629310196467e-04
-1.1978434262599476e-04
-1.0978330917749271e-04
-1.0171731549662193e-04
-9.6685927893710828e-05
-9.3611101480409019e-05
-9.1923482405036457e-05
-9.1512131855596795e-05
-9.1990223435374930e-05
-9.2993369299187837e-05
-9.4449414275958512e-05
-9.6416009144830123e-05
-9.8145914176616300e-05
-9.9960615501973091e-05
-1.0180607531303372e-04
-1.0357933173833838e-04
-1.0506261924034030e-04
-1.0638638942398031e-04
-1.0765211718960629e-04
-1.0866886316763302e-04
-1.0949844583407298e-04
-1.1016049055845065e-04
-1.1075059441882193e-04
-1.1112946902568869e-04
-1.1134460813858702e-04
-1.1150588774168191e-04
-1.1156694043990356e-04
-1.1149239909179262e-04
-1.1135385327006324e-04
-1.1115507848386969e-04
-1.1086798380531977e-04
-1.1052261108830512e-04
-1.1015609690852396e-04
-1.0973977833168551e-04
-1.0928949109257683e-04
-1.0877256710731709e-04
-1.0826774219308498e-04
-1.0773576406748376e-04
-1.0715400855035260e-04
-1.0659751453556671e-04
-1.0603059660982810e-04
-1.0538615591705685e-04
-1.0479108252081700e-04
-1.0419276036662838e-04
-1.0353482685277076e-04
-1.0292830969593189e-04
-1.0232551422945194e-04
-1.0162465761278099e-04
-1.0101897910536283e-04
-1.0039393407368514e-04
-9.9714509573796436e-05
-9.9110589895001042e-05
-9.8469948656153695e-05
-9.7795010050398889e-05
-9.7188090526294636e-05
-9.6526593241724154e-05
-9.5889553588902126e-05
-9.5293357739592856e-05
-9.4604407317139657e-05
-9.3997298036289903e-05
-9.3389559984308893e-05
-9.2689625530605985e-05
-9.2125765972740439e-05
-9.1488116298974278e-05
-9.0838576807504050e-05
-9.0274627011914391e-05
-8.9583716215453277e-05
-8.9001866077144935e-05
-8.8413439901303761e-05
-8.7747053049959172e-05
-8.7193382395195766e-05
-8.6550619551045859e-05
-8.5941421047371836e-05
-8.5382094655232047e-05
-8.4723471233303215e-05
-8.4175042260362893e-05
-8.3553574711289292e-05
-8.2966913551480928e-05
-8.2385876837934825e-05
-8.1769570061957934e-05
-8.1226539142695154e-05
-8.0587828676333383e-05
-8.0052979339606100e-05
-7.9454383799624381e-05
-7.8863013690664427e-05
-7.8337268404203898e-05
-7.7688792126407957e-05
-7.7187946436688764e-05
-7.6567033020704688e-05
-7.6030381540799730e-05
-7.5459589192653729e-05
-7.4887954932850788e-05
-7.4340142173338677e-05
-7.3760865961824219e-05
-7.3242705573270099e-05
-7.2631240079355176e-05
-7.2140785901868523e-05
-7.1530567391043994e-05
-7.1019667799512498e-05
-7.0449944564764244e-05
-6.9908441878523622e-05
-6.9368237069245315e-05
-6.8819561897740149e-05
-6.8287990851875773e-05
-6.7735232006790435e-05
-6.7215111613187672e-05
-6.6642779540626877e-05
-6.6156562377474567e-05
-6.5562065008688272e-05
-6.5091110914082651e-05
-6.4503042163085905e-05
-6.4026603502962827e-05
-6.3445242843212268e-05
-6.2969817094674947e-05
-6.2381378668853595e-05
-6.1923308108445248e-05
-6.1328231762883766e-05
-6.0872026383003586e-05
-6.0289330929219003e-05
-5.9823664750249536e-05
-5.9249613681061427e-05
-5.8778648852302784e-05
-5.8205583209228187e-05
-5.7743208534738894e-05
-5.7169337990469496e-05
-5.6698376969174482e-05
-5.6150413651926225e-05
-5.5653435324921270e-05
-5.5133174850718284e-05
-5.4616426812824037e-05
-5.4105008884175152e-05
-5.3583783184629961e-05
-5.3081539220369943e-05
-5.2548247976865386e-05
-5.2069112078163054e-05
-5.1508268793659309e-05
-5.1045434822293524e-05
-5.0484411477743290e-05
-5.0007331084790739e-05
-4.9474338396080161e-05
-4.8962137878254756e-05
-4.8466567741111122e-05
-4.7918940965220439e-05
-4.7451145579893786e-05
-4.6883038683663354e-05
-4.6404243749271389e-05
-4.5872477765034698e-05
-4.5360896768515775e-05
-4.4856396810556560e-05
-4.4316344612870501e-05
-4.3837319484819629e-05
-4.3270076173646571e-05
-4.2781582272659358e-05
-4.2249789885866758e-05
-4.1723674808061243e-05
-4.1227786089532121e-05
-4.0659809003821689e-05
-4.0163278812351450e-05
-3.9630215886990906e-05
-3.9093717209337743e-05
-3.8591411462181361e-05
-3.8016198488811023e-05
0.0000000000000000e+00
];
