%Vec Object:dSdr_b_aug_6130 1 MPI processes
%  type: seq
dSdr_b_aug_6130 = [
2.3172953702554682e+03
0.0000000000000000e+00
-8.3643960193965708e-07
-3.4555317126419528e-07
-2.1470189719645416e-07
-1.5244976992579685e-07
-1.1435246487146006e-07
-9.0797898964586341e-08
-7.4832373248432190e-08
-6.2819851418709937e-08
-5.3899226577406899e-08
-4.7060512800486763e-08
-4.1491994728407541e-08
-3.6980749140019365e-08
-3.3282091144864689e-08
-3.0163126079726854e-08
-2.7497908325287545e-08
-2.5223816303305921e-08
-2.4857762882844399e-08
-8.3243043792005181e-05
-7.5023441600726424e-04
-7.1501722036899679e-04
-6.7642467576046192e-04
-6.3794736690831995e-04
-5.9523847695792487e-04
-5.5401639914289674e-04
-5.1449773229622230e-04
-4.7458662119329975e-04
-4.3363705917878238e-04
-3.8987305181419464e-04
-3.5136116392889770e-04
-3.1434723770497471e-04
-2.7940535972172581e-04
-2.4255354677448290e-04
-2.1257866501294729e-04
-1.8648923242450851e-04
-1.6366845539125818e-04
-1.4211648561870274e-04
-1.2579277788712887e-04
-1.1341237952941253e-04
-1.0363964002997069e-04
-9.5763091982931469e-05
-9.0857194506243524e-05
-8.7868741834139032e-05
-8.6240070119810960e-05
-8.5864428684832278e-05
-8.6360160412941793e-05
-8.7371009127451291e-05
-8.8826405229782530e-05
-9.0788403052460587e-05
-9.2515000130960026e-05
-9.4324536085614214e-05
-9.6167281533648190e-05
-9.7941373197011762e-05
-9.9428159974580889e-05
-1.0075969182393556e-04
-1.0203865522331251e-04
-1.0307059850403835e-04
-1.0391789402434098e-04
-1.0460237163665908e-04
-1.0521877809072322e-04
-1.0562441249082499e-04
-1.0586931440557673e-04
-1.0606634670445429e-04
-1.0616014815594403e-04
-1.0612037854757100e-04
-1.0602039421770112e-04
-1.0586138398632208e-04
-1.0561285862948237e-04
-1.0530824367686343e-04
-1.0498516214607647e-04
-1.0460896829569560e-04
-1.0419898265797629e-04
-1.0372982681378184e-04
-1.0326617909992736e-04
-1.0277512933776218e-04
-1.0224188955297475e-04
-1.0172636218434936e-04
-1.0120025639969297e-04
-1.0060552456590760e-04
-1.0005153635525937e-04
-9.9494751029921487e-05
-9.8885121325278233e-05
-9.8319462763398868e-05
-9.7757820906983116e-05
-9.7105714002058892e-05
-9.6540729768263350e-05
-9.5957364101869792e-05
-9.5324671833967145e-05
-9.4760771363254785e-05
-9.4162465412290410e-05
-9.3533153336295335e-05
-9.2965908899244660e-05
-9.2347931404998472e-05
-9.1753705649959323e-05
-9.1196504009612297e-05
-9.0552487800392184e-05
-8.9986480976664924e-05
-8.9417839374108198e-05
-8.8763681367173041e-05
-8.8238360423732219e-05
-8.7641257444452309e-05
-8.7034817144595553e-05
-8.6508882545484914e-05
-8.5861915187440056e-05
-8.5319412063269859e-05
-8.4769873719100529e-05
-8.4146625283051062e-05
-8.3630261153417465e-05
-8.3029874395900433e-05
-8.2460565041755579e-05
-8.1938734720117361e-05
-8.1323830133306341e-05
-8.0811513013307504e-05
-8.0231901088148079e-05
-7.9683990915361365e-05
-7.9141400104258285e-05
-7.8566675170349906e-05
-7.8059827125261300e-05
-7.7463486327117127e-05
-7.6965577409627685e-05
-7.6406307248084857e-05
-7.5854790701656015e-05
-7.5365874355659795e-05
-7.4759495839151347e-05
-7.4293978213927248e-05
-7.3715009770839365e-05
-7.3214192478957951e-05
-7.2683865687194545e-05
-7.2150418078123979e-05
-7.1640369037617263e-05
-7.1101440093351270e-05
-7.0618780907692047e-05
-7.0049742382866749e-05
-6.9593822898202077e-05
-6.9025676300051535e-05
-6.8550732514426272e-05
-6.8020914441625872e-05
-6.7517146593667554e-05
-6.7015317738966493e-05
-6.6505517683877931e-05
-6.6011158831488288e-05
-6.5498599285179507e-05
-6.5014973620278473e-05
-6.4483529555039724e-05
-6.4033352075690544e-05
-6.3480156512098267e-05
-6.3044897051191102e-05
-6.2498571831675541e-05
-6.2056917390452805e-05
-6.1518766384271355e-05
-6.1077819213562680e-05
-6.0532794402961065e-05
-6.0109060971261782e-05
-5.9557675714477677e-05
-5.9136057942038623e-05
-5.8596622358436575e-05
-5.8165952940884564e-05
-5.7635146585598714e-05
-5.7200008080562100e-05
-5.6669780643153278e-05
-5.6244023922867375e-05
-5.5712456467055673e-05
-5.5278768602209521e-05
-5.4772970795854454e-05
-5.4313983781609324e-05
-5.3835285803668819e-05
-5.3357903273094828e-05
-5.2887214111962965e-05
-5.2406864179722064e-05
-5.1944317868254595e-05
-5.1453518162078562e-05
-5.1012768991486833e-05
-5.0496579561086079e-05
-5.0071338816773048e-05
-4.9555067193600736e-05
-4.9116920732335347e-05
-4.8627358293665367e-05
-4.8156450187419296e-05
-4.7702629637820884e-05
-4.7198780304150874e-05
-4.6770728514592288e-05
-4.6249278605104181e-05
-4.5810134175270636e-05
-4.5323876491564467e-05
-4.4854512590392835e-05
-4.4393132513780785e-05
-4.3898625432230940e-05
-4.3460691699479317e-05
-4.2941801628596586e-05
-4.2495310077383318e-05
-4.2009100907125954e-05
-4.1528563881940198e-05
-4.1075594959224312e-05
-4.0557207783634887e-05
-4.0103902643343485e-05
-3.9617606505805556e-05
-3.9128700562502454e-05
-3.8669944484848673e-05
-3.8145595163875426e-05
0.0000000000000000e+00
];
