%Vec Object:dSdr_b_aug_2590 1 MPI processes
%  type: seq
dSdr_b_aug_2590 = [
2.3883030623606883e+03
0.0000000000000000e+00
-1.3590563818230332e-06
-5.5865257574097390e-07
-3.4432485022660002e-07
-2.4335635897514393e-07
-1.8261690792727937e-07
-1.4508904278301253e-07
-1.1965289737092972e-07
-1.0044686968524050e-07
-8.6187132470736554e-08
-7.5258187043216668e-08
-6.6351291690398536e-08
-5.9135028317811105e-08
-5.3219325647379787e-08
-4.8230233801008374e-08
-4.3966335143657425e-08
-4.0328452297262336e-08
-3.7183070274510579e-08
-3.4406999441112082e-08
-3.1974948108243283e-08
-3.0707444474613188e-08
-9.3141696996960434e-06
-5.9221757345292265e-04
-6.2061949181322848e-04
-5.7922110852118497e-04
-5.3823286540213540e-04
-4.9681671237676941e-04
-4.5434930560501351e-04
-4.0900625539807639e-04
-3.6911263219611165e-04
-3.3079313235654338e-04
-2.9463549740243078e-04
-2.5651521765673993e-04
-2.2551510970091933e-04
-1.9853939523034153e-04
-1.7494575365751742e-04
-1.5266259711838089e-04
-1.3578457969387779e-04
-1.2298136534844248e-04
-1.1286578938022442e-04
-1.0470474463837900e-04
-9.9610394521579553e-05
-9.6492231550761716e-05
-9.4775036621201202e-05
-9.4345769598621463e-05
-9.4815010501948601e-05
-9.5814291620089108e-05
-9.7270662178231487e-05
-9.9239563550352220e-05
-1.0097112830482978e-04
-1.0278842127739996e-04
-1.0463524298407149e-04
-1.0640808035363418e-04
-1.0788961216544926e-04
-1.0920948807895646e-04
-1.1046857510563496e-04
-1.1147769611145804e-04
-1.1229839167173229e-04
-1.1294918109505482e-04
-1.1352608809625990e-04
-1.1389153645213475e-04
-1.1409174260662268e-04
-1.1423508392591364e-04
-1.1427970551552601e-04
-1.1418771800590127e-04
-1.1402982451739372e-04
-1.1381109845409137e-04
-1.1350465219089515e-04
-1.1313882988116329e-04
-1.1275052403638676e-04
-1.1231407349109244e-04
-1.1184356554368676e-04
-1.1130267464791862e-04
-1.1077718974024663e-04
-1.1022467650960638e-04
-1.0961857905798036e-04
-1.0904153073146729e-04
-1.0845413601469258e-04
-1.0778475475833211e-04
-1.0716906757655595e-04
-1.0654990503309439e-04
-1.0586773591605862e-04
-1.0524071866261946e-04
-1.0461727508118109e-04
-1.0389195913842463e-04
-1.0326586298070154e-04
-1.0261990604645225e-04
-1.0191703445654368e-04
-1.0129303583059687e-04
-1.0063115359220098e-04
-9.9933322663835056e-05
-9.9306496850017144e-05
-9.8623164263117561e-05
-9.7964643477370901e-05
-9.7348882957542005e-05
-9.6637387571297839e-05
-9.6009655843547312e-05
-9.5382301824201377e-05
-9.4659399831188736e-05
-9.4076204190204443e-05
-9.3418210919143336e-05
-9.2747047164263609e-05
-9.2164023911295951e-05
-9.1451065265599825e-05
-9.0849473453812759e-05
-9.0241535991481564e-05
-8.9553505197622845e-05
-8.8981116649558930e-05
-8.8317092348309299e-05
-8.7687880164985020e-05
-8.7109740778922398e-05
-8.6429182199769874e-05
-8.5862634740294314e-05
-8.5220166868051197e-05
-8.4614063082615168e-05
-8.4013736814496660e-05
-8.3376567081240916e-05
-8.2815382042718857e-05
-8.2155413341498672e-05
-8.1602029800968492e-05
-8.0983703445806075e-05
-8.0372337514836333e-05
-7.9828113957862226e-05
-7.9158515871099029e-05
-7.8639944949741668e-05
-7.7997986384256926e-05
-7.7443355734802181e-05
-7.6852260509147568e-05
-7.6261466773380087e-05
-7.5694706736867214e-05
-7.5095186998538479e-05
-7.4559214511734617e-05
-7.3926462037836969e-05
-7.3418680692500935e-05
-7.2787353346030732e-05
-7.2258413568985114e-05
-7.1668668628941268e-05
-7.1108233159973083e-05
-7.0548773899639308e-05
-6.9980593832030225e-05
-6.9430352233292844e-05
-6.8857424108148511e-05
-6.8318993138564028e-05
-6.7726146240163285e-05
-6.7221846813456947e-05
-6.6606627004935608e-05
-6.6117763771551054e-05
-6.5508750954461399e-05
-6.5014859942583150e-05
-6.4411819617954185e-05
-6.3919094870310930e-05
-6.3308874448284790e-05
-6.2833575861253362e-05
-6.2216578305363709e-05
-6.1743019229028968e-05
-6.1138618925099441e-05
-6.0655393768016079e-05
-6.0059645457533696e-05
-5.9570705437112290e-05
-5.8976146516580450e-05
-5.8495399469387719e-05
-5.7900304139921457e-05
-5.7410642016694840e-05
-5.6841522948941149e-05
-5.6325483206518852e-05
-5.5784369543156384e-05
-5.5247870622498866e-05
-5.4716017825237979e-05
-5.4174283509637729e-05
-5.3652122035344423e-05
-5.3097511508422515e-05
-5.2599115851830539e-05
-5.2015868401487305e-05
-5.1534172821879954e-05
-5.0950696236973780e-05
-5.0454081593698603e-05
-4.9899298727426616e-05
-4.9366380678819848e-05
-4.8849863658844080e-05
-4.8280272595452476e-05
-4.7792536872619921e-05
-4.7201021019932293e-05
-4.6702332566405947e-05
-4.6147734095325344e-05
-4.5614972011871512e-05
-4.5088838132761774e-05
-4.4525935358747688e-05
-4.4026294439710211e-05
-4.3434792135643745e-05
-4.2925226091198226e-05
-4.2370565525227033e-05
-4.1821585759359432e-05
-4.1304167510963430e-05
-4.0711316739462190e-05
-4.0193110799645337e-05
-3.9636604564174043e-05
-3.9076271812803036e-05
-3.8552241012651811e-05
-3.7952171101644814e-05
0.0000000000000000e+00
];
