%Vec Object:dSdr_b_aug_520 1 MPI processes
%  type: seq
dSdr_b_aug_520 = [
2.5197891294161986e+03
0.0000000000000000e+00
-3.6279532211544978e-06
-1.4721745299553019e-06
-8.8960203619873415e-07
-6.2162666458316404e-07
-4.6646222434144515e-07
-3.7075035693974772e-07
-3.0588749891542882e-07
-2.5652885663496005e-07
-2.1989932065127961e-07
-1.9184108451573614e-07
-1.6893919463376349e-07
-1.5038368171329641e-07
-1.3517660495255572e-07
-1.2235087743008602e-07
-1.1138860934492151e-07
-1.0203767485200293e-07
-9.3954078526157438e-08
-8.6820462812345970e-08
-8.0571771112855882e-08
-7.5061540131543158e-08
-7.0107693196754312e-08
-6.5679305969938775e-08
-6.1706568237548278e-08
-5.8101304123574381e-08
-5.4822728511169375e-08
-5.1843476606196502e-08
-4.9263783713401824e-08
-6.9631638243447892e-08
-2.5598310068924806e-06
-7.7141567477543267e-05
-2.5278715790668608e-04
-2.6706962821156191e-04
-2.4414906008554286e-04
-2.1780637350437155e-04
-1.9346501205360102e-04
-1.7013134865767111e-04
-1.5238680693577440e-04
-1.3890072287646562e-04
-1.2822301185112252e-04
-1.1959226382551846e-04
-1.1418605779356981e-04
-1.1085290851255923e-04
-1.0898885096617156e-04
-1.0847059778121495e-04
-1.0889591016686164e-04
-1.0987604040334001e-04
-1.1133410297606558e-04
-1.1331454332997912e-04
-1.1505440653890515e-04
-1.1688463323850046e-04
-1.1873825224361280e-04
-1.2050900529501594e-04
-1.2198178758996381e-04
-1.2328225212531650e-04
-1.2450823622076160e-04
-1.2547934759574530e-04
-1.2625574173356566e-04
-1.2685042451066468e-04
-1.2736154642086360e-04
-1.2766006619236415e-04
-1.2778583306050979e-04
-1.2783975399682218e-04
-1.2780246827693255e-04
-1.2762351377916312e-04
-1.2736917480869522e-04
-1.2705099435585086e-04
-1.2664808309270834e-04
-1.2618032237773224e-04
-1.2568338809390621e-04
-1.2514658246262284e-04
-1.2457527707733813e-04
-1.2391491447309806e-04
-1.2328644221523037e-04
-1.2263156397609036e-04
-1.2190412504258474e-04
-1.2122461599893505e-04
-1.2053514701009967e-04
-1.1974144024070044e-04
-1.1902299591819185e-04
-1.1829994666069263e-04
-1.1749696619520308e-04
-1.1676775856217336e-04
-1.1604138676214025e-04
-1.1519414428017244e-04
-1.1446626875726029e-04
-1.1371606869278881e-04
-1.1289631644242466e-04
-1.1217222686583566e-04
-1.1140446102418113e-04
-1.1059251489624489e-04
-1.0986645882859165e-04
-1.0907428014993467e-04
-1.0830867876167960e-04
-1.0759539093266902e-04
-1.0677151191706258e-04
-1.0604098003061839e-04
-1.0531584301466523e-04
-1.0447845093365855e-04
-1.0379886748806485e-04
-1.0303946430712045e-04
-1.0226050690902185e-04
-1.0158240541188297e-04
-1.0075954161987482e-04
-1.0005954061336485e-04
-9.9354342406920279e-05
-9.8558419896375388e-05
-9.7892725562458345e-05
-9.7122716187207869e-05
-9.6393738924201432e-05
-9.5721819705582397e-05
-9.4931917772895567e-05
-9.4275052511504640e-05
-9.3527901308407765e-05
-9.2824879093714765e-05
-9.2128397440273844e-05
-9.1387229145368788e-05
-9.0735548714318941e-05
-8.9969611067618671e-05
-8.9323837482639402e-05
-8.8607156162063424e-05
-8.7896114252213322e-05
-8.7259779495285796e-05
-8.6484892571969847e-05
-8.5877964258010357e-05
-8.5131099010793984e-05
-8.4486845149949337e-05
-8.3794543378446938e-05
-8.3108242800902936e-05
-8.2447033767168469e-05
-8.1746603438125938e-05
-8.1121840692142364e-05
-8.0382976205718398e-05
-7.9788821944481393e-05
-7.9052270650346008e-05
-7.8433403712671392e-05
-7.7743854054063532e-05
-7.7089042009818821e-05
-7.6433602730087403e-05
-7.5768194240775045e-05
-7.5124883328189166e-05
-7.4451414985488812e-05
-7.3821709198133091e-05
-7.3126599660680680e-05
-7.2532163589311113e-05
-7.1813646302064436e-05
-7.1235509507997809e-05
-7.0522094528782791e-05
-6.9941207072483184e-05
-6.9230097836933053e-05
-6.8651141197050868e-05
-6.7932341883643181e-05
-6.7371165318617048e-05
-6.6644895056049874e-05
-6.6084831708410638e-05
-6.5372237388895823e-05
-6.4801484845619008e-05
-6.4097580645540499e-05
-6.3519038690272082e-05
-6.2817340849416988e-05
-6.2245012232156814e-05
-6.1544116665787659e-05
-6.0961234620581204e-05
-6.0286659782367113e-05
-5.9675604402353517e-05
-5.9030543607160360e-05
-5.8395592638244406e-05
-5.7761878500751790e-05
-5.7117915546338174e-05
-5.6496472353437650e-05
-5.5835592897600207e-05
-5.5241195160870363e-05
-5.4546271811172300e-05
-5.3970559974709262e-05
-5.3275164166582638e-05
-5.2681181753260316e-05
-5.2017786657205624e-05
-5.1381604449766649e-05
-5.0760681278020782e-05
-5.0081614106628699e-05
-4.9494493130039947e-05
-4.8786303983726263e-05
-4.8188468834371953e-05
-4.7520077043929131e-05
-4.6881758072992645e-05
-4.6247815765787311e-05
-4.5571047438934760e-05
-4.4968690889780045e-05
-4.4256326456995576e-05
-4.3641803296634747e-05
-4.2973261344617127e-05
-4.2310460675489739e-05
-4.1685945449049526e-05
-4.0969446118755070e-05
-4.0343749486560159e-05
-3.9671400157918039e-05
-3.8994429046860566e-05
-3.8368211631504750e-05
-3.7676771033524363e-05
0.0000000000000000e+00
];
