%Vec Object:dSdr_b_aug_4960 1 MPI processes
%  type: seq
dSdr_b_aug_4960 = [
2.3342972771312343e+03
0.0000000000000000e+00
-9.3459634279772111e-07
-3.8457406169542704e-07
-2.3780329987676883e-07
-1.6814785653217993e-07
-1.2573305102583361e-07
-9.9517056517936025e-08
-8.1750314904219756e-08
-6.8387188325143889e-08
-5.8466059670353559e-08
-5.0861156241975924e-08
-4.4673679755806282e-08
-3.9662699607029307e-08
-3.5554837426027384e-08
-3.2092577076635315e-08
-2.9135844381088666e-08
-2.6613306543529485e-08
-2.4433215634678026e-08
-7.0212819635889511e-08
-3.1026693600408469e-04
-7.2077664425219327e-04
-6.8405487626606754e-04
-6.4520985831458661e-04
-6.0206474861037706e-04
-5.6043296627573654e-04
-5.2053014042736966e-04
-4.8023612891898317e-04
-4.3890080428454114e-04
-3.9473550233424658e-04
-3.5587246441330639e-04
-3.1852674376074659e-04
-2.8327589707529023e-04
-2.4610171988426871e-04
-2.1586629029916589e-04
-1.8955162076269414e-04
-1.6653443031034511e-04
-1.4479663896269530e-04
-1.2833206066721858e-04
-1.1584420916730914e-04
-1.0598434228550805e-04
-9.8035493155800504e-05
-9.3081702961878254e-05
-9.0060286185753794e-05
-8.8409117535938827e-05
-8.8019847950034704e-05
-8.8508847461429916e-05
-8.9516756405824587e-05
-9.0972400144280404e-05
-9.2936152411284527e-05
-9.4664011955802112e-05
-9.6475519253430699e-05
-9.8319300628522095e-05
-1.0009307352905176e-04
-1.0157852489031686e-04
-1.0290709464339402e-04
-1.0418100682367032e-04
-1.0520715021528871e-04
-1.0604768579101796e-04
-1.0672360207267595e-04
-1.0732997033503364e-04
-1.0772539205012701e-04
-1.0795893519033130e-04
-1.0814232269425097e-04
-1.0822362578867709e-04
-1.0817058574188797e-04
-1.0805588461243636e-04
-1.0788169843661396e-04
-1.0761845328944970e-04
-1.0729828333585666e-04
-1.0695862594527932e-04
-1.0656711868821451e-04
-1.0614175213942102e-04
-1.0565436581125698e-04
-1.0517500301634830e-04
-1.0466833313994515e-04
-1.0411657755422719e-04
-1.0358541545974723e-04
-1.0304373391487215e-04
-1.0243003092692150e-04
-1.0186036274881638e-04
-1.0128772508789272e-04
-1.0065966045880435e-04
-1.0007840840549573e-04
-9.9501060466067017e-05
-9.8830348458741463e-05
-9.8249833444973125e-05
-9.7650561042317790e-05
-9.7000033633369716e-05
-9.6420860017535880e-05
-9.5806396999413850e-05
-9.5159671767941934e-05
-9.4577285517231520e-05
-9.3942698894851039e-05
-9.3332133412293522e-05
-9.2760049811710718e-05
-9.2098884665339951e-05
-9.1517191277311723e-05
-9.0933628694246557e-05
-9.0262000314813358e-05
-8.9721971285854348e-05
-8.9109393838422951e-05
-8.8486504913563250e-05
-8.7946061973816949e-05
-8.7282323787180697e-05
-8.6724804039561552e-05
-8.6160424316671834e-05
-8.5520712284928516e-05
-8.4990110274882377e-05
-8.4373550860640143e-05
-8.3789017978179445e-05
-8.3252877436190188e-05
-8.2621287737728833e-05
-8.2095188677351526e-05
-8.1499602726406545e-05
-8.0936903398622144e-05
-8.0379639866387357e-05
-7.9789045393345432e-05
-7.9268388301312681e-05
-7.8655877292817356e-05
-7.8143870213910656e-05
-7.7569591681135472e-05
-7.7002865183947169e-05
-7.6499893220676881e-05
-7.5877448263663336e-05
-7.5398447823005768e-05
-7.4803471249512620e-05
-7.4288977981148570e-05
-7.3743207670891146e-05
-7.3195186277004502e-05
-7.2670724861179564e-05
-7.2116397540980900e-05
-7.1620189458081123e-05
-7.1034958846641190e-05
-7.0565859327683053e-05
-6.9981656147022369e-05
-6.9492989963773898e-05
-6.8947942237745918e-05
-6.8429773030189968e-05
-6.7913298135675705e-05
-6.7388661536680388e-05
-6.6880100786530160e-05
-6.6352199325533934e-05
-6.5854645577680110e-05
-6.5307596752272329e-05
-6.4843664853212417e-05
-6.4274706601973250e-05
-6.3825824405031091e-05
-6.3263567911436567e-05
-6.2808638186108383e-05
-6.2253996362786684e-05
-6.1799890550211790e-05
-6.1238297076521829e-05
-6.0801458981511864e-05
-6.0233399159400314e-05
-5.9798581123648503e-05
-5.9242635540991720e-05
-5.8798609701189027e-05
-5.8251299123616056e-05
-5.7802487589230506e-05
-5.7255911062415993e-05
-5.6816179180742082e-05
-5.6268466849558866e-05
-5.5820553756164198e-05
-5.5298663567404317e-05
-5.4825177228244007e-05
-5.4330616989966133e-05
-5.3838210660673491e-05
-5.3351977408038672e-05
-5.2856027270188241e-05
-5.2378330362220767e-05
-5.1871313769699017e-05
-5.1415914279199402e-05
-5.0882682685453007e-05
-5.0443094415342743e-05
-4.9909743228688879e-05
-4.9456737510347256e-05
-4.8950599776589041e-05
-4.8463932230650564e-05
-4.7994177713348067e-05
-4.7473620427612353e-05
-4.7030400118850997e-05
-4.6491143130884443e-05
-4.6036865514235563e-05
-4.5533238903557872e-05
-4.5047761981180929e-05
-4.4569924122301611e-05
-4.4058033389007255e-05
-4.3604415376004695e-05
-4.3067069040047394e-05
-4.2604544296404044e-05
-4.2100934239757651e-05
-4.1602996688544345e-05
-4.1133639194275587e-05
-4.0596313415764298e-05
-4.0126490703595882e-05
-3.9622308235138627e-05
-3.9115157869151163e-05
-3.8639553924780157e-05
-3.8094583728269759e-05
0.0000000000000000e+00
];
