%Vec Object:dSdr_b_aug_810 1 MPI processes
%  type: seq
dSdr_b_aug_810 = [
2.4845246799919869e+03
0.0000000000000000e+00
-2.7588130877874923e-06
-1.1237747487511169e-06
-6.8298836274341032e-07
-4.7878883810261448e-07
-3.5927201213138016e-07
-2.8551329790046608e-07
-2.3552526542965214e-07
-1.9757421232738191e-07
-1.6940667203951023e-07
-1.4782704661305299e-07
-1.3022086619674183e-07
-1.1595623717528203e-07
-1.0426486064820300e-07
-9.4404448773159300e-08
-8.5976861313566768e-08
-7.8787660438054644e-08
-7.2572537013034870e-08
-6.7087635586493009e-08
-6.2282933993169951e-08
-5.8045887048776891e-08
-5.4236392687541986e-08
-5.0830843704154291e-08
-4.7775610774704127e-08
-4.5003873170315667e-08
-4.3375280868736088e-08
-5.4718842339674363e-07
-7.7884084010179837e-05
-3.8192351784328935e-04
-3.8596724922241720e-04
-3.5030622964953890e-04
-3.1319190562175634e-04
-2.7360322594946555e-04
-2.4136296119843910e-04
-2.1330477005292528e-04
-1.8876497604485427e-04
-1.6558609393515478e-04
-1.4802890643295338e-04
-1.3470759552336610e-04
-1.2417191005559961e-04
-1.1566223881890509e-04
-1.1033695428029150e-04
-1.0705984016905995e-04
-1.0523416543742147e-04
-1.0473918304193076e-04
-1.0517596036147373e-04
-1.0616106545552972e-04
-1.0761862944806324e-04
-1.0959598996360188e-04
-1.1133364160167359e-04
-1.1316043964636984e-04
-1.1501225589974619e-04
-1.1678355557455001e-04
-1.1825864715010922e-04
-1.1956423885232435e-04
-1.2079896803454306e-04
-1.2178012120293483e-04
-1.2256821962679736e-04
-1.2317772573428460e-04
-1.2370622807594844e-04
-1.2402243042133367e-04
-1.2416786419665543e-04
-1.2424541003577995e-04
-1.2422976427369322e-04
-1.2407378649098929e-04
-1.2384492843890035e-04
-1.2355302385022034e-04
-1.2317559865203335e-04
-1.2273477006429813e-04
-1.2226653540295832e-04
-1.2175624357873289e-04
-1.2121156886492010e-04
-1.2058277064914018e-04
-1.1998150762121538e-04
-1.1935367417696781e-04
-1.1865829359820764e-04
-1.1800585463049520e-04
-1.1734335361702029e-04
-1.1658249357300762e-04
-1.1589119763476190e-04
-1.1519559519158362e-04
-1.1442453300744492e-04
-1.1372232401553487e-04
-1.1302314579118446e-04
-1.1220811621786300e-04
-1.1150713074201936e-04
-1.1078447164719740e-04
-1.0999559918579746e-04
-1.0929795357508294e-04
-1.0855816211021425e-04
-1.0777636513611531e-04
-1.0707652563582617e-04
-1.0631310401653524e-04
-1.0557579324658248e-04
-1.0488827206586721e-04
-1.0409408471990452e-04
-1.0339071256098745e-04
-1.0269140974282582e-04
-1.0188426585276885e-04
-1.0123014799568863e-04
-1.0049753718778049e-04
-9.9747058688229046e-05
-9.9094076694279058e-05
-9.8300249653140897e-05
-9.7626248179142957e-05
-9.6946746083663440e-05
-9.6179328371995436e-05
-9.5538285249458879e-05
-9.4796276935929177e-05
-9.4093657416805817e-05
-9.3446514644827676e-05
-9.2685501019446835e-05
-9.2052497571187478e-05
-9.1333003538611462e-05
-9.0655587015787682e-05
-8.9984509457890206e-05
-8.9270817415600882e-05
-8.8643045715244631e-05
-8.7905104891816390e-05
-8.7283740600732038e-05
-8.6593044497114410e-05
-8.5908336813683313e-05
-8.5296337677175140e-05
-8.4549267887465594e-05
-8.3965683440337242e-05
-8.3246534359938617e-05
-8.2625958790526752e-05
-8.1960395612696039e-05
-8.1299327771857896e-05
-8.0663071953611889e-05
-7.9989301977783609e-05
-7.9387997404029083e-05
-7.8677167470538609e-05
-7.8105832713411217e-05
-7.7397081336395645e-05
-7.6801972919260942e-05
-7.6138791413242281e-05
-7.5508913406813791e-05
-7.4878831786654701e-05
-7.4239110776025795e-05
-7.3620388503739897e-05
-7.2973482597200193e-05
-7.2367891330704157e-05
-7.1699799272986560e-05
-7.1129177001430158e-05
-7.0437950576439032e-05
-6.9883399536130547e-05
-6.9197567252545400e-05
-6.8639663914150101e-05
-6.7957106099284130e-05
-6.7400931555943318e-05
-6.6710818368371919e-05
-6.6172330364917473e-05
-6.5474929497094626e-05
-6.4937720139293296e-05
-6.4253710184312179e-05
-6.3706081891119743e-05
-6.3030751934021461e-05
-6.2475882268986683e-05
-6.1802489929862686e-05
-6.1254356557103172e-05
-6.0581412742462632e-05
-6.0023158714437654e-05
-5.9376444536406636e-05
-5.8790491501801753e-05
-5.8172892683416883e-05
-5.7563951835701990e-05
-5.6957148481278491e-05
-5.6340193270019013e-05
-5.5744979162358447e-05
-5.5112174698539628e-05
-5.4543139361897181e-05
-5.3877719268258729e-05
-5.3326844904967622e-05
-5.2661016314041992e-05
-5.2092756464084551e-05
-5.1458054452770744e-05
-5.0849152106556877e-05
-5.0255810186664305e-05
-4.9605663330182595e-05
-4.9044796238620522e-05
-4.8367427826774929e-05
-4.7795782244311663e-05
-4.7157448714678399e-05
-4.6547010839774553e-05
-4.5941543039227354e-05
-4.5294847570604383e-05
-4.4719615622336423e-05
-4.4039166478874024e-05
-4.3452351758837102e-05
-4.2813868827977572e-05
-4.2181100393117351e-05
-4.1584823797691772e-05
-4.0900906213385404e-05
-4.0303468029588078e-05
-3.9661468510688191e-05
-3.9014767322972485e-05
-3.8414010454560633e-05
-3.7738519832095857e-05
0.0000000000000000e+00
];
