%Vec Object:dSdr_b_aug_3670 1 MPI processes
%  type: seq
dSdr_b_aug_3670 = [
2.3609959157665035e+03
0.0000000000000000e+00
-1.1232585627978571e-06
-4.6255142136023516e-07
-2.8595267461982615e-07
-2.0242513309809258e-07
-1.5183300500082212e-07
-1.2056647719572592e-07
-9.9374273911864675e-08
-8.3397094613160254e-08
-7.1533963042270698e-08
-6.2440962798037892e-08
-5.5033599765166435e-08
-4.9032618892385398e-08
-4.4113002392655940e-08
-3.9964379003262577e-08
-3.6419213007223366e-08
-3.3394492614838273e-08
-3.0779278419299338e-08
-2.8471627270072050e-08
-3.4596220874192574e-08
-9.8265215859359679e-05
-6.8677133960497584e-04
-6.5507634749283864e-04
-6.1146207160588941e-04
-5.6926916259310821e-04
-5.2883740482170989e-04
-4.8801610277821739e-04
-4.4614954237992078e-04
-4.0143161534820311e-04
-3.6208500667737756e-04
-3.2428237001425368e-04
-2.8860604077397221e-04
-2.5098793401088642e-04
-2.2039370258265280e-04
-1.9376885801222787e-04
-1.7048118557646416e-04
-1.4848749836487529e-04
-1.3182892645938912e-04
-1.1919310063348647e-04
-1.0921325011989023e-04
-1.0116483471942140e-04
-9.6145091099815363e-05
-9.3078279142666046e-05
-9.1396129687119446e-05
-9.0988092529388384e-05
-9.1467820917052865e-05
-9.2471681515026504e-05
-9.3927666287274970e-05
-9.5893834609514297e-05
-9.7623432706450298e-05
-9.9437654751042328e-05
-1.0128286270523952e-04
-1.0305619663374105e-04
-1.0453980882913596e-04
-1.0586429920436887e-04
-1.0713125507987728e-04
-1.0814941118675532e-04
-1.0898063739468119e-04
-1.0964476362271107e-04
-1.1023730804886979e-04
-1.1061866564392277e-04
-1.1083656638790749e-04
-1.1100116342066085e-04
-1.1106525489409103e-04
-1.1099393999252167e-04
-1.1085897221877694e-04
-1.1066388711009123e-04
-1.1038037120552130e-04
-1.1003878032341587e-04
-1.0967629617548741e-04
-1.0926370069485145e-04
-1.0881715296363523e-04
-1.0830466129120921e-04
-1.0780365712960510e-04
-1.0727547666742259e-04
-1.0669822283017594e-04
-1.0614553003072430e-04
-1.0558239898399411e-04
-1.0494257067855342e-04
-1.0435130949634910e-04
-1.0375684146317158e-04
-1.0310338996463177e-04
-1.0250066399667291e-04
-1.0190168709284002e-04
-1.0120535386563465e-04
-1.0060345129982454e-04
-9.9982273614336055e-05
-9.9307185305838968e-05
-9.8706978930484783e-05
-9.8070265899366600e-05
-9.7399560888953156e-05
-9.6796322737821940e-05
-9.6138863568394128e-05
-9.5505796532334870e-05
-9.4913218878549051e-05
-9.4228437812526785e-05
-9.3625142347194605e-05
-9.3021031977281936e-05
-9.2325345029031056e-05
-9.1765061392796716e-05
-9.1131173964791647e-05
-9.0485633558612757e-05
-8.9925211114677867e-05
-8.9238377739357834e-05
-8.8660178529279178e-05
-8.8075360675008305e-05
-8.7412976548205618e-05
-8.6862767488700925e-05
-8.6223936634075872e-05
-8.5618439362027099e-05
-8.5062592152517253e-05
-8.4408025310861882e-05
-8.3862947081688415e-05
-8.3245363229185370e-05
-8.2662297692920434e-05
-8.2084828294672687e-05
-8.1472379811403555e-05
-8.0932706225500636e-05
-8.0297927152477385e-05
-7.9766505440037854e-05
-7.9171558819761723e-05
-7.8583886639564925e-05
-7.8061558633252528e-05
-7.7416988518652410e-05
-7.6919420845663805e-05
-7.6302399415767146e-05
-7.5769072914523485e-05
-7.5202035280218989e-05
-7.4633944279079966e-05
-7.4089635535145210e-05
-7.3514103061268003e-05
-7.2999236753744671e-05
-7.2391707968474838e-05
-7.1904458191228768e-05
-7.1298143443760173e-05
-7.0790580114326441e-05
-7.0224559594192542e-05
-6.9686558242450079e-05
-6.9149914255356410e-05
-6.8604846222016677e-05
-6.8076728014846165e-05
-6.7527699175651260e-05
-6.7010965048141711e-05
-6.6442426884767876e-05
-6.5959553764487156e-05
-6.5368888699688385e-05
-6.4901246630816580e-05
-6.4317051169990894e-05
-6.3843840059281854e-05
-6.3266488727403179e-05
-6.2794262167598702e-05
-6.2209851993865649e-05
-6.1754967496437436e-05
-6.1163945148040518e-05
-6.0710949071379130e-05
-6.0132267601581241e-05
-5.9669848688981303e-05
-5.9099810195947893e-05
-5.8632169605315534e-05
-5.8063078817484416e-05
-5.7604101832968645e-05
-5.7034156489285644e-05
-5.6566653950441995e-05
-5.6022603065663738e-05
-5.5529149854360803e-05
-5.5012745856966237e-05
-5.4499650439823849e-05
-5.3992011623981211e-05
-5.3474578674611142e-05
-5.2976018143053766e-05
-5.2446669567936217e-05
-5.1971095457508693e-05
-5.1414395470759967e-05
-5.0955049651942242e-05
-5.0398178676195686e-05
-4.9924710825670574e-05
-4.9395747876121326e-05
-4.8887378723560686e-05
-4.8395682362406149e-05
-4.7852117510599899e-05
-4.7388009743640283e-05
-4.6824231926612705e-05
-4.6349115934033599e-05
-4.5821572397174039e-05
-4.5313908430413743e-05
-4.4813409226885742e-05
-4.4277582758838232e-05
-4.3802370035114060e-05
-4.3239612834232211e-05
-4.2755015615380950e-05
-4.2227451959667243e-05
-4.1705564814885551e-05
-4.1213656869020399e-05
-4.0650278588982631e-05
-4.0157755021313430e-05
-3.9629023974812508e-05
-3.9096925340501265e-05
-3.8598615558240650e-05
-3.8027883366800573e-05
0.0000000000000000e+00
];
