%Vec Object:dSdr_b_aug_3380 1 MPI processes
%  type: seq
dSdr_b_aug_3380 = [
2.3662662394538133e+03
0.0000000000000000e+00
-1.1655308083301445e-06
-4.8007285944689827e-07
-2.9679483903891373e-07
-2.1016817484189215e-07
-1.5775502498251196e-07
-1.2536365935213395e-07
-1.0340830865856824e-07
-8.6847032052150356e-08
-7.4549764709548614e-08
-6.5124011545814738e-08
-5.7443323292467415e-08
-5.1220326850721051e-08
-4.6118572821250396e-08
-4.1815754946695667e-08
-3.8138202376495562e-08
-3.5000421083577741e-08
-3.2287289666377475e-08
-2.9892513530150711e-08
-2.8557727990641533e-08
-1.5087754850077970e-05
-6.5946850261872623e-04
-6.5735631071988136e-04
-6.1404623408674005e-04
-5.7170834278209718e-04
-5.3113086049180649e-04
-4.9016399629145087e-04
-4.4815077305961027e-04
-4.0328027740504794e-04
-3.6380016457906393e-04
-3.2587138259382547e-04
-2.9007758617554351e-04
-2.5233691938240477e-04
-2.2164362997831327e-04
-1.9493315231595228e-04
-1.7157080524094181e-04
-1.4950647032327429e-04
-1.3279434067997874e-04
-1.2011766211605591e-04
-1.1010468653289415e-04
-1.0202878288626095e-04
-9.6990830852878215e-05
-9.3911486201147623e-05
-9.2220783571074055e-05
-9.1807565067949284e-05
-9.2284733888972528e-05
-9.3287476824183060e-05
-9.4743555753302899e-05
-9.6710391104137954e-05
-9.8440469184260832e-05
-1.0025544071952013e-04
-1.0210104252691377e-04
-1.0387425526718710e-04
-1.0535735972698823e-04
-1.0668072390096435e-04
-1.0794575931141713e-04
-1.0896171031835537e-04
-1.0979036642407480e-04
-1.1045123768086664e-04
-1.1103996564776107e-04
-1.1141744044465684e-04
-1.1163102265896920e-04
-1.1179043202987998e-04
-1.1184977163297424e-04
-1.1177341132806443e-04
-1.1163284830307483e-04
-1.1143199341988513e-04
-1.1114288116735680e-04
-1.1079537639818920e-04
-1.1042659024212300e-04
-1.1000817272752962e-04
-1.0955577729827874e-04
-1.0903635454563698e-04
-1.0852937563836025e-04
-1.0799525653645164e-04
-1.0741096314517473e-04
-1.0685232615149231e-04
-1.0628327332906348e-04
-1.0563623234925869e-04
-1.0503900977326714e-04
-1.0443851481370732e-04
-1.0377805451143583e-04
-1.0316940002786396e-04
-1.0256445180230133e-04
-1.0186104507189152e-04
-1.0125323783343283e-04
-1.0062601254022947e-04
-9.9944143461637932e-05
-9.9338130364696933e-05
-9.8695274552775374e-05
-9.8017949207971047e-05
-9.7408954266798000e-05
-9.6745180447421500e-05
-9.6105901185270385e-05
-9.5507665535848592e-05
-9.4816364589633869e-05
-9.4207105225490404e-05
-9.3597322025153036e-05
-9.2894992990158072e-05
-9.2329117464473698e-05
-9.1689346779315505e-05
-9.1037552754252447e-05
-9.0471614370574971e-05
-8.9778404877667979e-05
-8.9194496483420294e-05
-8.8604036071632017e-05
-8.7935392634851421e-05
-8.7379770462803506e-05
-8.6734790910875123e-05
-8.6123505791939461e-05
-8.5562217967302375e-05
-8.4901307597941902e-05
-8.4350989601381625e-05
-8.3727332570065121e-05
-8.3138644332613688e-05
-8.2555596500493393e-05
-8.1937114563860946e-05
-8.1392190905777768e-05
-8.0751264067281320e-05
-8.0214482364271750e-05
-7.9613829699960888e-05
-7.9020374837171270e-05
-7.8492703015877873e-05
-7.7842024589414602e-05
-7.7339330876163734e-05
-7.6716223303897497e-05
-7.6177697324922888e-05
-7.5604788209244215e-05
-7.5031156392209167e-05
-7.4481368199151785e-05
-7.3899981407779213e-05
-7.3379963938618491e-05
-7.2766279074884134e-05
-7.2274018375214402e-05
-7.1661599067637636e-05
-7.1148818614954920e-05
-7.0577007926863388e-05
-7.0033531317615445e-05
-6.9491319048284634e-05
-6.8940610305362007e-05
-6.8407092676105936e-05
-6.7852230991091394e-05
-6.7330201544838809e-05
-6.6755730605670764e-05
-6.6267628193329394e-05
-6.5670970311917931e-05
-6.5198149017698864e-05
-6.4607896647101321e-05
-6.4129638411335849e-05
-6.3546017438503960e-05
-6.3068788102360187e-05
-6.2478078693983710e-05
-6.2018211945050270e-05
-6.1420850101998268e-05
-6.0962835430755970e-05
-6.0377877036450756e-05
-5.9910380162887641e-05
-5.9334066945739999e-05
-5.8861228027408253e-05
-5.8285921500630876e-05
-5.7821631325763722e-05
-5.7245547889559837e-05
-5.6772637093604026e-05
-5.6222468080689055e-05
-5.5723502411481289e-05
-5.5201067784940227e-05
-5.4682260519595753e-05
-5.4168712050515047e-05
-5.3645348120483617e-05
-5.3141027552831156e-05
-5.2605513556305224e-05
-5.2124369627948188e-05
-5.1561190477506675e-05
-5.1096389983247992e-05
-5.0533025651470950e-05
-5.0053908600802367e-05
-4.9518644049052672e-05
-4.9004283497699844e-05
-4.8506529410176633e-05
-4.7956612603814403e-05
-4.7486738197350557e-05
-4.6916190634662328e-05
-4.6435321541382406e-05
-4.5901174969767468e-05
-4.5387385543495720e-05
-4.4880629922454182e-05
-4.4338195185757261e-05
-4.3857020479964387e-05
-4.3287247700921014e-05
-4.2796556521356066e-05
-4.2262379497866186e-05
-4.1733879990383773e-05
-4.1235745795758416e-05
-4.0665174143788912e-05
-4.0166382012484879e-05
-3.9630871196772280e-05
-3.9091879704193641e-05
-3.8587286733369160e-05
-3.8009364162559186e-05
0.0000000000000000e+00
];
