%Vec Object:dSdr_b_aug_2580 1 MPI processes
%  type: seq
dSdr_b_aug_2580 = [
2.3885550679188132e+03
0.0000000000000000e+00
-1.3614180557242044e-06
-5.5958355988262663e-07
-3.4486915671552769e-07
-2.4372294259408211e-07
-1.8288177222036462e-07
-1.4529125834984886e-07
-1.1981272386321765e-07
-1.0057485002103380e-07
-8.6291537718247375e-08
-7.5344549651589024e-08
-6.6423089795357178e-08
-5.9195077491004091e-08
-5.3269762363049475e-08
-4.8272615849129080e-08
-4.4001886919176261e-08
-4.0358189674760800e-08
-3.7207797351566408e-08
-3.4427350856944371e-08
-3.1991469896493066e-08
-3.0630403802523308e-08
-8.4177745223006033e-06
-5.8676188891637702e-04
-6.2063251345189643e-04
-5.7932278136004303e-04
-5.3833103698644176e-04
-4.9690875133210298e-04
-4.5443506515113421e-04
-4.0908547721465728e-04
-3.6918613290751266e-04
-3.3086122728498619e-04
-2.9469855843482093e-04
-2.5657302654442726e-04
-2.2556867359260587e-04
-1.9858928943151751e-04
-1.7499244777757929e-04
-1.5270626372578376e-04
-1.3582595115641807e-04
-1.2302098612209763e-04
-1.1290399062404030e-04
-1.0474176791098859e-04
-9.9646637498212464e-05
-9.6527937457123803e-05
-9.4810375994479402e-05
-9.4380886934208058e-05
-9.4850018152716677e-05
-9.5849251376867303e-05
-9.7305625971921234e-05
-9.9274555930527658e-05
-1.0100614125573168e-04
-1.0282346634836058e-04
-1.0467030493459656e-04
-1.0644313711224195e-04
-1.0792464716703697e-04
-1.0924447481987407e-04
-1.1050347954874268e-04
-1.1151250605903349e-04
-1.1233309148201555e-04
-1.1298374141886581e-04
-1.1356048487179678e-04
-1.1392576683625594e-04
-1.1412578792683601e-04
-1.1426890693695452e-04
-1.1431332489594244e-04
-1.1422112117632715e-04
-1.1406298791297444e-04
-1.1384401459427748e-04
-1.1353732850748106e-04
-1.1317125276646704e-04
-1.1278267685801096e-04
-1.1234597681767979e-04
-1.1187521827536512e-04
-1.1133403035778435e-04
-1.1080828940374213e-04
-1.1025552168113955e-04
-1.0964912255934365e-04
-1.0907181950278303e-04
-1.0848417101666730e-04
-1.0781448067123541e-04
-1.0719853802234446e-04
-1.0657911720343635e-04
-1.0589664773384436e-04
-1.0526937642225950e-04
-1.0464567694822947e-04
-1.0392005788035228e-04
-1.0329370868617055e-04
-1.0264749259013921e-04
-1.0194433041979465e-04
-1.0132008295489024e-04
-1.0065793747618938e-04
-9.9959822842700250e-05
-9.9332750329602775e-05
-9.8649147137177507e-05
-9.7990360135111269e-05
-9.7374357149790217e-05
-9.6662582363130664e-05
-9.6034595060774780e-05
-9.5406997940187125e-05
-9.4683811309767159e-05
-9.4100376036134018e-05
-9.3442130646056044e-05
-9.2770698900660416e-05
-9.2187439269373348e-05
-9.1474207383643487e-05
-9.0872370912369280e-05
-9.0264191645724994e-05
-8.9575892617403652e-05
-8.9003272097582572e-05
-8.8338984302010714e-05
-8.7709524088131898e-05
-8.7131151551676119e-05
-8.6450321129013234e-05
-8.5883549126187397e-05
-8.5240820995836829e-05
-8.4634476256938376e-05
-8.4033910932355737e-05
-8.3396482643312441e-05
-8.2835072619845686e-05
-8.2174840464169807e-05
-8.1621227228230206e-05
-8.1002656348045041e-05
-8.0391042607705636e-05
-7.9846590048446512e-05
-7.9176730197942749e-05
-7.8657939606709525e-05
-7.8015720227504797e-05
-7.7460866761087580e-05
-7.6869519920669640e-05
-7.6278488740359629e-05
-7.5711493889057006e-05
-7.5111723271485692e-05
-7.4575530038147619e-05
-7.3942513753379917e-05
-7.3434517671275369e-05
-7.2802928721646135e-05
-7.2273765371325078e-05
-7.1683772300926970e-05
-7.1123102196654828e-05
-7.0563404314507975e-05
-6.9994982521307038e-05
-6.9444509537014681e-05
-6.8871331452443981e-05
-6.8332673558448785e-05
-6.7739572418203220e-05
-6.7235048896490565e-05
-6.6619572273090359e-05
-6.6130487090132096e-05
-6.5521214711446049e-05
-6.5027107410897111e-05
-6.4423798408260054e-05
-6.3930859272328210e-05
-6.3320368903986484e-05
-6.2844856808122901e-05
-6.2227587580450616e-05
-6.1753813437693942e-05
-6.1149144143210219e-05
-6.0665701375433585e-05
-6.0069684168494899e-05
-5.9580521379037324e-05
-5.8985696089544328e-05
-5.8504721350764827e-05
-5.7909362979470100e-05
-5.7419469090422769e-05
-5.6850087836083905e-05
-5.6333811862036763e-05
-5.5792439761314891e-05
-5.5255696063963946e-05
-5.4723590013093562e-05
-5.4181601529601339e-05
-5.3659193212669526e-05
-5.3104318470451404e-05
-5.2605684121938802e-05
-5.2022159010321584e-05
-5.1540229671983835e-05
-5.0956474816327774e-05
-5.0459618076747680e-05
-4.9904565155395751e-05
-4.9371390343946469e-05
-4.8854613717514427e-05
-4.8284750437279138e-05
-4.7796767578743324e-05
-4.7204961601164253e-05
-4.6706026587014948e-05
-4.6151145128953586e-05
-4.5618120519950379e-05
-4.5091718497574621e-05
-4.4528532494622613e-05
-4.4028636032616880e-05
-4.3436833021140784e-05
-4.2927005745056893e-05
-4.2372061660727624e-05
-4.1822798377060582e-05
-4.1305113089666346e-05
-4.0711953717603247e-05
-4.0193478594215704e-05
-3.9636680814912182e-05
-3.9076050533345957e-05
-3.8551744428780972e-05
-3.7951334143932070e-05
0.0000000000000000e+00
];
