%Vec Object:dSdr_b_aug_8000 1 MPI processes
%  type: seq
dSdr_b_aug_8000 = [
2.2941061900748359e+03
0.0000000000000000e+00
-7.1960496360899113e-07
-2.9772816339889795e-07
-1.8541308182540078e-07
-1.3183560439308910e-07
-9.8889965753890980e-08
-7.8516338739943308e-08
-6.4706720538144465e-08
-5.4326523088632526e-08
-4.6617531437148602e-08
-4.0707185488112270e-08
-3.5895702936690866e-08
-3.1997772041414829e-08
-2.8801810558359144e-08
-2.6106785491555200e-08
-2.3803874739139878e-08
-2.2524904352849561e-08
-7.7175501180403553e-05
-7.8284961292530671e-04
-7.4360280520105449e-04
-7.0471292873538712e-04
-6.6660273920290686e-04
-6.2863419940189158e-04
-5.8648534869568971e-04
-5.4578863892914100e-04
-5.0676256744736157e-04
-4.6734243730846048e-04
-4.2688752635144098e-04
-3.8363808617109847e-04
-3.4557646672135958e-04
-3.0898798985171539e-04
-2.7444229252031950e-04
-2.3800383688015784e-04
-2.0836304721671129e-04
-1.8256242872216109e-04
-1.5999350629388500e-04
-1.3867980953393544e-04
-1.2253673585205116e-04
-1.1029412146457970e-04
-1.0063310284349316e-04
-9.2849264371703828e-05
-8.8004778395894392e-05
-8.5058594728119722e-05
-8.3458770287609589e-05
-8.3100603953905740e-05
-8.3604968291057084e-05
-8.4619586376292503e-05
-8.6074664756749378e-05
-8.8034412739565484e-05
-8.9759390838616454e-05
-9.1566398855821659e-05
-9.3407815830220961e-05
-9.5182316104845151e-05
-9.6670815209459149e-05
-9.8006145288033323e-05
-9.9291585730076361e-05
-1.0033096604686438e-04
-1.0118692964976130e-04
-1.0188238520264928e-04
-1.0251166332774968e-04
-1.0293039314461873e-04
-1.0318986006872387e-04
-1.0340438866685289e-04
-1.0351421637613115e-04
-1.0349146303972301e-04
-1.0341034960369811e-04
-1.0327079901232946e-04
-1.0304114838296751e-04
-1.0275647912109828e-04
-1.0245465229520672e-04
-1.0209809434601292e-04
-1.0170783116776932e-04
-1.0126205169865241e-04
-1.0081855493897927e-04
-1.0034753435772042e-04
-9.9838036799769871e-05
-9.9342557347452680e-05
-9.8836423869091424e-05
-9.8266018146131500e-05
-9.7732135862858580e-05
-9.7195677486784209e-05
-9.6609686302085186e-05
-9.6064022781480336e-05
-9.5522520338728347e-05
-9.4894270166846336e-05
-9.4349200560881827e-05
-9.3786231598822205e-05
-9.3176408766699394e-05
-9.2632092566414945e-05
-9.2054504310585774e-05
-9.1447520571355317e-05
-9.0899692002168280e-05
-9.0303011865924739e-05
-8.9729738025019808e-05
-8.9191619050434294e-05
-8.8569592378617566e-05
-8.8023699938451810e-05
-8.7474191035748415e-05
-8.6842434732120941e-05
-8.6335973499967561e-05
-8.5758712934848406e-05
-8.5173364174332203e-05
-8.4666033150055677e-05
-8.4040570482350529e-05
-8.3517322687465920e-05
-8.2986814961717855e-05
-8.2384677260662322e-05
-8.1886569902636837e-05
-8.1306920818108948e-05
-8.0757132099851239e-05
-8.0253651308470500e-05
-7.9660141498583026e-05
-7.9165496511949670e-05
-7.8606367560742109e-05
-7.8077421039880876e-05
-7.7553644581062009e-05
-7.6999268640530678e-05
-7.6510127485562835e-05
-7.5934521221293646e-05
-7.5454689915646530e-05
-7.4914664498401380e-05
-7.4382651174969639e-05
-7.3911757886959480e-05
-7.3325980842013709e-05
-7.2877751788704939e-05
-7.2319310047363648e-05
-7.1836029010769801e-05
-7.1325504936356628e-05
-7.0810744812541647e-05
-7.0319176286686883e-05
-6.9799992173530902e-05
-6.9334706291362632e-05
-6.8786430346298949e-05
-6.8347411183015155e-05
-6.7799853410920795e-05
-6.7342505400559409e-05
-6.6832215807746036e-05
-6.6346914344778430e-05
-6.5863865619966388e-05
-6.5373089971239401e-05
-6.4896941738015854e-05
-6.4404054617138437e-05
-6.3938288465692627e-05
-6.3426853862181412e-05
-6.2994313211605185e-05
-6.2461329612726650e-05
-6.2043538124570676e-05
-6.1517641040243146e-05
-6.1093009042537287e-05
-6.0576003652840587e-05
-6.0151929355950751e-05
-5.9628149977726817e-05
-5.9221220201390346e-05
-5.8691216167991755e-05
-5.8286524631524520e-05
-5.7768259248667225e-05
-5.7354716299603067e-05
-5.6845072732279138e-05
-5.6427466664922817e-05
-5.5918203086948512e-05
-5.5510366211576806e-05
-5.4999500750104833e-05
-5.4584053374572196e-05
-5.4098890243197116e-05
-5.3658495172323162e-05
-5.3200136779766420e-05
-5.2742018695154763e-05
-5.2291261127137028e-05
-5.1830914732422542e-05
-5.1387795429570864e-05
-5.0917789989658149e-05
-5.0495826315652753e-05
-5.0001489349901676e-05
-4.9594645808227147e-05
-4.9100274570505052e-05
-4.8681181446593587e-05
-4.8212872738170312e-05
-4.7762172186530951e-05
-4.7328782947242953e-05
-4.6846357333224078e-05
-4.6437755248188089e-05
-4.5939138314030044e-05
-4.5519398138281874e-05
-4.5055411424330153e-05
-4.4606707959808222e-05
-4.4166430234233023e-05
-4.3694212500527197e-05
-4.3276388787388822e-05
-4.2781162763696925e-05
-4.2355227691653153e-05
-4.1891327943403305e-05
-4.1433098661973564e-05
-4.1001137950062454e-05
-4.0507025463225790e-05
-4.0074884448846826e-05
-3.9611494541849919e-05
-3.9145921238398160e-05
-3.8708594833867664e-05
-3.8209758972980207e-05
0.0000000000000000e+00
];
