%Vec Object:dSdr_b_aug_2070 1 MPI processes
%  type: seq
dSdr_b_aug_2070 = [
2.4072533825535393e+03
0.0000000000000000e+00
-1.5545099248173704e-06
-6.3800805689851696e-07
-3.9227603728553321e-07
-2.7685426744790638e-07
-2.0776691367301279e-07
-1.6508992192568161e-07
-1.3616413653185966e-07
-1.1430137352574950e-07
-9.8070082353553508e-08
-8.5631012285287961e-08
-7.5491084423256578e-08
-6.7275731893021307e-08
-6.0541247502399416e-08
-5.4861508898450773e-08
-5.0007220465788668e-08
-4.5865732072469223e-08
-4.2284989422324372e-08
-3.9124653828940615e-08
-3.6355958348364095e-08
-3.3914414064064273e-08
-3.4131072534490759e-08
-1.3141239931230909e-05
-5.5599640960570570e-04
-5.8357052644886459e-04
-5.4398641742360620e-04
-5.0226687780520224e-04
-4.5943052978269876e-04
-4.1370031669382148e-04
-3.7346772272080637e-04
-3.3482791958116338e-04
-2.9837201484416754e-04
-2.5994053343839210e-04
-2.2868889967364795e-04
-2.0149574755561631e-04
-1.7771249379564392e-04
-1.5524995017837906e-04
-1.3823594013145192e-04
-1.2532899340534913e-04
-1.1512930697314634e-04
-1.0689846465815792e-04
-1.0175788009715391e-04
-9.8607894333372360e-05
-9.6868981314393211e-05
-9.6426557871226077e-05
-9.6889299515088973e-05
-9.7885742625266581e-05
-9.9342352202144509e-05
-1.0131294721768728e-04
-1.0304573067929109e-04
-1.0486492668925244e-04
-1.0671274840971042e-04
-1.0848527801468524e-04
-1.0996552055299641e-04
-1.1128253680156863e-04
-1.1253674738866888e-04
-1.1354026921896544e-04
-1.1435443880035667e-04
-1.1499696324262754e-04
-1.1556417954629077e-04
-1.1591976876015399e-04
-1.1610900937462928e-04
-1.1623917829507800e-04
-1.1627173423075504e-04
-1.1616693572494195e-04
-1.1599483496545500e-04
-1.1576145838805199e-04
-1.1544080197314136e-04
-1.1505996322448221e-04
-1.1465565543324504e-04
-1.1420442168251243e-04
-1.1371906536486165e-04
-1.1316057519953291e-04
-1.1261991930244066e-04
-1.1205232672726639e-04
-1.1142835451699477e-04
-1.1083621274838981e-04
-1.1023378151725422e-04
-1.0954608592787880e-04
-1.0891526163982498e-04
-1.0828079561737781e-04
-1.0758082988774232e-04
-1.0693875906609992e-04
-1.0630015322442475e-04
-1.0555687638682588e-04
-1.0491578720341050e-04
-1.0425447430623751e-04
-1.0353438512389999e-04
-1.0289564218835605e-04
-1.0221816232650149e-04
-1.0150352118140166e-04
-1.0086207784380734e-04
-1.0016271122783285e-04
-9.9488416485625779e-05
-9.8858289299388083e-05
-9.8130238768600334e-05
-9.7487363632129057e-05
-9.6845605278791266e-05
-9.6105837837638666e-05
-9.5508443386502245e-05
-9.4835511477267857e-05
-9.4148468676196452e-05
-9.3551439475762571e-05
-9.2822290738265602e-05
-9.2206202297455227e-05
-9.1583937383171688e-05
-9.0880013093354130e-05
-9.0293879695380299e-05
-8.9614242763764413e-05
-8.8970334213771238e-05
-8.8378380144492219e-05
-8.7681714226602736e-05
-8.7101862072554894e-05
-8.6443973325995010e-05
-8.5823592509423030e-05
-8.5209101613042243e-05
-8.4556611876250671e-05
-8.3982095978843657e-05
-8.3306517016006699e-05
-8.2739523514779821e-05
-8.2106708508064043e-05
-8.1480659326824636e-05
-8.0922866882868788e-05
-8.0237758716100157e-05
-7.9706171877311292e-05
-7.9048759524885754e-05
-7.8480926488177092e-05
-7.7874922538840046e-05
-7.7270059698487849e-05
-7.6689386378995717e-05
-7.6075001500755702e-05
-7.5525949312423463e-05
-7.4877565475102949e-05
-7.4357060521728464e-05
-7.3710232627450110e-05
-7.3168045663210533e-05
-7.2563598474386344e-05
-7.1989260371082731e-05
-7.1415662270892647e-05
-7.0833159458456778e-05
-7.0269207787736630e-05
-6.9681469051629689e-05
-6.9129592349035512e-05
-6.8521681102068683e-05
-6.8004103598074883e-05
-6.7373666989418700e-05
-6.6871652809684257e-05
-6.6247260451475604e-05
-6.5740553922633447e-05
-6.5121593897861515e-05
-6.4616166246113873e-05
-6.3989950984384190e-05
-6.3502001613542690e-05
-6.2868906995305055e-05
-6.2382604858498154e-05
-6.1762266374331903e-05
-6.1266147420863852e-05
-6.0654466523637618e-05
-6.0152327081157022e-05
-5.9541985355377463e-05
-5.9047747237513462e-05
-5.8437066270099017e-05
-5.7933671694859675e-05
-5.7349017693089211e-05
-5.6818980926852146e-05
-5.6262554518149217e-05
-5.5711552301602282e-05
-5.5164693955041979e-05
-5.4607899946263860e-05
-5.4071112848337199e-05
-5.3500847365760830e-05
-5.2988309109937450e-05
-5.2388610088394254e-05
-5.1893064311789739e-05
-5.1293100160043052e-05
-5.0782141434558675e-05
-5.0211357952831022e-05
-4.9663226984576075e-05
-4.9131328668084543e-05
-4.8545609262515429e-05
-4.8043231471851839e-05
-4.7434526565067753e-05
-4.6921230583350699e-05
-4.6349866565733280e-05
-4.5801551723361453e-05
-4.5259532739686846e-05
-4.4679851689020535e-05
-4.4165073836828173e-05
-4.3555759776351451e-05
-4.3030722718062750e-05
-4.2459273160921747e-05
-4.1893508290000740e-05
-4.1360287463670344e-05
-4.0749182074495054e-05
-4.0215076453868559e-05
-3.9641386616978112e-05
-3.9063618551596765e-05
-3.8523821454119174e-05
-3.7906492263540775e-05
0.0000000000000000e+00
];
