%Vec Object:dSdr_b_aug_5550 1 MPI processes
%  type: seq
dSdr_b_aug_5550 = [
2.3233637027372492e+03
0.0000000000000000e+00
-8.7149236000931383e-07
-3.6009155670989235e-07
-2.2372153114318188e-07
-1.5889127050199192e-07
-1.1926252217801063e-07
-9.4761625933173169e-08
-7.8154081124594949e-08
-6.5651990823910603e-08
-5.6367515930209293e-08
-4.9249880817233034e-08
-4.3452636436880544e-08
-3.8755682231579176e-08
-3.4904676152296997e-08
-3.1656820181849655e-08
-2.8881029974761845e-08
-2.6512503613391949e-08
-2.4558970203982036e-08
-7.6477501502222094e-06
-7.2480620201511160e-04
-7.1870722468531806e-04
-6.8016471766211770e-04
-6.4149661242681919e-04
-5.9857434641752275e-04
-5.5715204908089516e-04
-5.1744565116414089e-04
-4.7734742420294023e-04
-4.3620934763346543e-04
-3.9224923555626672e-04
-3.5356574760602084e-04
-3.1638968002158948e-04
-2.8129681516011253e-04
-2.4428746920653451e-04
-2.1418526289590720e-04
-1.8798576148351589e-04
-1.6506900111421953e-04
-1.4342622403389795e-04
-1.2703367565770237e-04
-1.1460076708212809e-04
-1.0478545015746883e-04
-9.6873570001270039e-05
-9.1944268292593029e-05
-8.8939706701288645e-05
-8.7300041162478056e-05
-8.6917739899466966e-05
-8.7410181695180594e-05
-8.8419593705272101e-05
-8.9875110731808491e-05
-9.1837965832025151e-05
-9.3565179817721642e-05
-9.5375679181607765e-05
-9.7218930916071120e-05
-9.8992866852367546e-05
-1.0047900104902030e-04
-1.0180908536751576e-04
-1.0308558032394735e-04
-1.0411468930252043e-04
-1.0495868136142749e-04
-1.0563897521142333e-04
-1.0625047619096563e-04
-1.0665111984579468e-04
-1.0689047094461660e-04
-1.0708083529506548e-04
-1.0716852904003999e-04
-1.0712227442474765e-04
-1.0701509828023556e-04
-1.0684867185949777e-04
-1.0659295322712157e-04
-1.0628073684833497e-04
-1.0594955501809896e-04
-1.0556587780435119e-04
-1.0514837581541444e-04
-1.0467031109036119e-04
-1.0419898372339825e-04
-1.0370030071670154e-04
-1.0315801262280482e-04
-1.0263484486952900e-04
-1.0210112751569641e-04
-1.0149712485110985e-04
-1.0093547414751633e-04
-1.0037094209645590e-04
-9.9752303606189224e-05
-9.9179024810804121e-05
-9.8609707699694627e-05
-9.7948508846850755e-05
-9.7375935025656790e-05
-9.6784796049567234e-05
-9.6143388098841032e-05
-9.5572023942013979e-05
-9.4965822349830589e-05
-9.4328000807208178e-05
-9.3753356863330656e-05
-9.3127262814824094e-05
-9.2525052156311523e-05
-9.1960577994536314e-05
-9.1308181437262459e-05
-9.0734508898138584e-05
-9.0158575705883275e-05
-8.9495880271961317e-05
-8.8963371776457163e-05
-8.8358706731188406e-05
-8.7744228316230538e-05
-8.7211203780576386e-05
-8.6556040853057580e-05
-8.6006199404725157e-05
-8.5449408375089415e-05
-8.4818114508376332e-05
-8.4294792611056097e-05
-8.3686502599104247e-05
-8.3109753810841350e-05
-8.2580930370638276e-05
-8.1957872103059244e-05
-8.1438820024618293e-05
-8.0851401912411923e-05
-8.0296264575536886e-05
-7.9746503499360388e-05
-7.9164023439237804e-05
-7.8650427189718198e-05
-7.8046184333521515e-05
-7.7541385927286149e-05
-7.6974781475656496e-05
-7.6415832131326552e-05
-7.5920047087411381e-05
-7.5305817223744471e-05
-7.4833710817764058e-05
-7.4246919522765283e-05
-7.3739419056491690e-05
-7.3201545327730434e-05
-7.2660975803470361e-05
-7.2143883725549895e-05
-7.1597429905112485e-05
-7.1108149647029168e-05
-7.0531198375789746e-05
-7.0068838075104778e-05
-6.9492844949166019e-05
-6.9011195305795767e-05
-6.8473934809624775e-05
-6.7963129309233337e-05
-6.7454143232002710e-05
-6.6937092859134539e-05
-6.6435793828275937e-05
-6.5915737000168124e-05
-6.5425304965367525e-05
-6.4886235171759875e-05
-6.4429336189041913e-05
-6.3868437721987013e-05
-6.3426521109810548e-05
-6.2872410602975208e-05
-6.2424268804453411e-05
-6.1878059074465039e-05
-6.1430681548431623e-05
-6.0877559973623460e-05
-6.0447422566226333e-05
-5.9887888794507099e-05
-5.9459820330204388e-05
-5.8912316653753390e-05
-5.8475120234565581e-05
-5.7936248611557457e-05
-5.7494428387607596e-05
-5.6956211495443359e-05
-5.6523625413053432e-05
-5.5984168300979413e-05
-5.5543528874583098e-05
-5.5029867067892865e-05
-5.4563794550924064e-05
-5.4077345033229226e-05
-5.3592620705208224e-05
-5.3114335492830233e-05
-5.2626362090976269e-05
-5.2156412028694482e-05
-5.1657687501532744e-05
-5.1209779064510295e-05
-5.0685261527478147e-05
-5.0253009498202485e-05
-4.9728391505790348e-05
-4.9282983702927431e-05
-4.8785321339638019e-05
-4.8306712012940043e-05
-4.7845104968450395e-05
-4.7333090926908231e-05
-4.6897626739020127e-05
-4.6367475046360252e-05
-4.5920935540412785e-05
-4.5426190258166848e-05
-4.4948952543039939e-05
-4.4479530236810011e-05
-4.3976528554653991e-05
-4.3530930777454024e-05
-4.3003022201504044e-05
-4.2548696459557702e-05
-4.2053985042692419e-05
-4.1564946411949891e-05
-4.1103971145030335e-05
-4.0576332751285096e-05
-4.0114961845680694e-05
-3.9619936005838566e-05
-3.9122137809783363e-05
-3.8655214502452647e-05
-3.8121139727256210e-05
0.0000000000000000e+00
];
