%Vec Object:dSdr_b_aug_8590 1 MPI processes
%  type: seq
dSdr_b_aug_8590 = [
2.2839635069361775e+03
0.0000000000000000e+00
-6.7233114870395460e-07
-2.7754071935352153e-07
-1.7248639824633363e-07
-1.2232738675177864e-07
-9.1458170784948865e-08
-7.2370168559711450e-08
-5.9434167046243749e-08
-4.9725919721617373e-08
-4.2517301185551497e-08
-3.6990734978362916e-08
-3.2496661269382693e-08
-2.8857218441080488e-08
-2.5873467562839016e-08
-2.3358797397913327e-08
-2.1211727329024367e-08
-1.3745567653987582e-07
-5.6795079747952156e-04
-7.8220328564404008e-04
-7.4080875868174690e-04
-7.0204363232335173e-04
-6.6406789041170147e-04
-6.2623078254430700e-04
-5.8422646165662588e-04
-5.4366533168690627e-04
-5.0476638241251748e-04
-4.6547295784912410e-04
-4.2514569958645787e-04
-3.8202905176735845e-04
-3.4408363135027584e-04
-3.0760494854376795e-04
-2.7316149201082131e-04
-2.3682970986772242e-04
-2.0727513804001273e-04
-1.8154905266176024e-04
-1.5904512549891269e-04
-1.3779291923214060e-04
-1.2169646102812354e-04
-1.0948940394497078e-04
-9.9857216637722277e-05
-9.2097303314683451e-05
-8.7268665530020165e-05
-8.4333390035090373e-05
-8.2741010082958827e-05
-8.2387353474014906e-05
-8.2893945598742653e-05
-8.3909536470877567e-05
-8.5364532897947007e-05
-8.7323700312777851e-05
-8.9048260643719720e-05
-9.0854616319714171e-05
-9.2695690491757853e-05
-9.4470296244476211e-05
-9.5959237269402253e-05
-9.7295547566969261e-05
-9.8582659537417409e-05
-9.9623959122494525e-05
-1.0048215968349221e-04
-1.0118044828915111e-04
-1.0181304817372107e-04
-1.0223515748996047e-04
-1.0249838316439008e-04
-1.0271742697878298e-04
-1.0283139053558410e-04
-1.0281302853497073e-04
-1.0273678504924023e-04
-1.0260225634307474e-04
-1.0237747665214524e-04
-1.0209795470757569e-04
-1.0180161301083119e-04
-1.0145012243187505e-04
-1.0106494896123131e-04
-1.0062520215127542e-04
-1.0018690567851109e-04
-9.9721053958276503e-05
-9.9217683472503971e-05
-9.8727377715651581e-05
-9.8226398420101359e-05
-9.7662270449231533e-05
-9.7133576831397094e-05
-9.6602364158826284e-05
-9.6022473281659696e-05
-9.5481969809950638e-05
-9.4945664673565027e-05
-9.4323571122068757e-05
-9.3783640812536599e-05
-9.3225935554349854e-05
-9.2622014554189975e-05
-9.2082752395829088e-05
-9.1510510680306429e-05
-9.0909289133323315e-05
-9.0366471146685802e-05
-8.9775287141722400e-05
-8.9207420284662285e-05
-8.8674225904120102e-05
-8.8057873991322539e-05
-8.7517172396431639e-05
-8.6972600999568614e-05
-8.6346625820741694e-05
-8.5845031645189225e-05
-8.5272891735135338e-05
-8.4692985982818715e-05
-8.4190455907302950e-05
-8.3570542867813895e-05
-8.3052264217221958e-05
-8.2526667645370645e-05
-8.1929977905672747e-05
-8.1436581997680122e-05
-8.0862284599619586e-05
-8.0317533491650742e-05
-7.9818788087766582e-05
-7.9230799540185861e-05
-7.8740715127556979e-05
-7.8186872132915934e-05
-7.7662819482918986e-05
-7.7143898365617807e-05
-7.6594773805301728e-05
-7.6110202193042828e-05
-7.5539946803511375e-05
-7.5064780710927409e-05
-7.4529721703809782e-05
-7.4002741494906817e-05
-7.3536499340818282e-05
-7.2956038830583630e-05
-7.2512271364760943e-05
-7.1959126862107577e-05
-7.1480371331055477e-05
-7.0974957659000767e-05
-7.0465020133557579e-05
-6.9978220793694485e-05
-6.9464132143410822e-05
-6.9003329712867946e-05
-6.8460411876329949e-05
-6.8025754103294187e-05
-6.7483509598938315e-05
-6.7030702451023415e-05
-6.6525452485699291e-05
-6.6044916559008574e-05
-6.5566714336899395e-05
-6.5080848229764565e-05
-6.4609399526643408e-05
-6.4121589177910227e-05
-6.3660431946797473e-05
-6.3154161091606389e-05
-6.2726171892621090e-05
-6.2198404299510174e-05
-6.1785120685291993e-05
-6.1264495391198496e-05
-6.0844256289411686e-05
-6.0332707845530065e-05
-5.9912987843445070e-05
-5.9394691167632500e-05
-5.8992097820646786e-05
-5.8467611529800995e-05
-5.8067288053553020e-05
-5.7554485952150256e-05
-5.7145362732869656e-05
-5.6641180530113938e-05
-5.6228098955171894e-05
-5.5724245400300155e-05
-5.5321032989014557e-05
-5.4815509966397686e-05
-5.4404769796166199e-05
-5.3924931724139953e-05
-5.3489334549126705e-05
-5.3036225055106744e-05
-5.2583078406957943e-05
-5.2137464438081898e-05
-5.1682280202569180e-05
-5.1244174269512238e-05
-5.0779535034024568e-05
-5.0362419160638534e-05
-4.9873721464689655e-05
-4.9471625496267250e-05
-4.8982905869412895e-05
-4.8568729615216680e-05
-4.8105905603878855e-05
-4.7660419745294221e-05
-4.7232302917465875e-05
-4.6755405789701160e-05
-4.6351822729429110e-05
-4.5859097879068819e-05
-4.5444364896972773e-05
-4.4986125107273749e-05
-4.4542752854913977e-05
-4.4107920271493677e-05
-4.3641453852676013e-05
-4.3228818848818314e-05
-4.2739698430177684e-05
-4.2319066628815101e-05
-4.1860921965123464e-05
-4.1408446490390207e-05
-4.0981902876168069e-05
-4.0494048138569989e-05
-4.0067357885587913e-05
-3.9609859334204848e-05
-3.9150264841670949e-05
-3.8718348907713435e-05
-3.8225459210783786e-05
0.0000000000000000e+00
];
