%Vec Object:dSdr_b_aug_5120 1 MPI processes
%  type: seq
dSdr_b_aug_5120 = [
2.3296029618206985e+03
0.0000000000000000e+00
-9.0666156309394829e-07
-3.7362194216603538e-07
-2.3142456587462908e-07
-1.6389210192019425e-07
-1.2270785781152001e-07
-9.7250005270172348e-08
-7.9996130817577117e-08
-6.7015667547699636e-08
-5.7377822841716752e-08
-4.9989892347098470e-08
-4.3976925886106448e-08
-3.9106664774161207e-08
-3.5114040642320521e-08
-3.1748258486293590e-08
-2.8873237081720001e-08
-2.6420357131427203e-08
-2.4305005997914774e-08
-4.8014420082588105e-07
-5.4706331763737460e-04
-7.2068480518847750e-04
-6.8304182749641938e-04
-6.4423749809046122e-04
-6.0115064621343276e-04
-5.5957372359933979e-04
-5.1972234037785581e-04
-4.7947960307669139e-04
-4.3819593593469476e-04
-3.9408437136320300e-04
-3.5526835596155190e-04
-3.1796706591835151e-04
-2.8275759324820763e-04
-2.4562658387073424e-04
-2.1542604425887248e-04
-1.8914153621475552e-04
-1.6615064749424260e-04
-1.4443773952425124e-04
-1.2799202521402724e-04
-1.1551856277028563e-04
-1.0567036312092494e-04
-9.7731195832864658e-05
-9.2783818954631929e-05
-8.9766816402544385e-05
-8.8118660317487171e-05
-8.7731215676681176e-05
-8.8221116695791533e-05
-8.9229419283939256e-05
-9.0685029841872249e-05
-9.2648547153226682e-05
-9.4376237624299583e-05
-9.6187480923958229e-05
-9.8031123563812662e-05
-9.9804939201185555e-05
-1.0129056943104916e-04
-1.0261953583799384e-04
-1.0389412442662991e-04
-1.0492104448113309e-04
-1.0576248528094152e-04
-1.0643954801032220e-04
-1.0704726048696701e-04
-1.0744404978277347e-04
-1.0767911397670829e-04
-1.0786432865545793e-04
-1.0794730540516706e-04
-1.0789604240310208e-04
-1.0778331200074406e-04
-1.0761115803617263e-04
-1.0734988401660558e-04
-1.0703179703368287e-04
-1.0669435931709800e-04
-1.0630490267888637e-04
-1.0588159578844897e-04
-1.0539665070505171e-04
-1.0491939231739446e-04
-1.0441481413104926e-04
-1.0386553799701372e-04
-1.0333646954924131e-04
-1.0279687375505238e-04
-1.0218571119506322e-04
-1.0161814272199445e-04
-1.0104762784801128e-04
-1.0042203184045056e-04
-9.9842867912170867e-05
-9.9267623174994609e-05
-9.8599402577745238e-05
-9.8020967291349856e-05
-9.7423824960515744e-05
-9.6775685856096899e-05
-9.6198557467677017e-05
-9.5586258043108761e-05
-9.4941864608129434e-05
-9.4361505998371255e-05
-9.3729143504945621e-05
-9.3120766076037367e-05
-9.2550675319368717e-05
-9.1891806587953592e-05
-9.1312213788489742e-05
-9.0730649274574677e-05
-9.0061360353480336e-05
-8.9523300884928521e-05
-8.8912795624342131e-05
-8.8292109335910444e-05
-8.7753609208918160e-05
-8.7092116805026980e-05
-8.6536607934343043e-05
-8.5974215621400713e-05
-8.5336708230779454e-05
-8.4808012816188315e-05
-8.4193619083435244e-05
-8.3611124784615783e-05
-8.3076900525182610e-05
-8.2447545131091599e-05
-8.1923291611259061e-05
-8.1329844743133144e-05
-8.0769125832159781e-05
-8.0213827124902152e-05
-7.9625357742899890e-05
-7.9106549821354133e-05
-7.8496204166730223e-05
-7.7986084973605580e-05
-7.7413816212842308e-05
-7.6849126481206390e-05
-7.6348036706652876e-05
-7.5727743207846613e-05
-7.5250548251937690e-05
-7.4657715328312575e-05
-7.4145053410974864e-05
-7.3601351143414627e-05
-7.3055281326121901e-05
-7.2532749872656973e-05
-7.1980484550067752e-05
-7.1486090801051234e-05
-7.0903028473162137e-05
-7.0435693893666158e-05
-6.9853640851224867e-05
-6.9366812235390274e-05
-6.8823803913457940e-05
-6.8307563193193547e-05
-6.7793049551167294e-05
-6.7270399714988848e-05
-6.6763740742245006e-05
-6.6237893718388706e-05
-6.5742205081412568e-05
-6.5197245890915315e-05
-6.4735155847520906e-05
-6.4168308379271405e-05
-6.3721250404308652e-05
-6.3161127269197595e-05
-6.2707975238638267e-05
-6.2155541702312418e-05
-6.1703197965003076e-05
-6.1143823202771094e-05
-6.0708739954861052e-05
-6.0142913025710552e-05
-5.9709862638964886e-05
-5.9156127912340673e-05
-5.8713890632912627e-05
-5.8168790137924669e-05
-5.7721809561013812e-05
-5.7177422343063651e-05
-5.6739561877598424e-05
-5.6194011509250507e-05
-5.5748003318771895e-05
-5.5228268063746575e-05
-5.4756723332049682e-05
-5.4264287212160516e-05
-5.3773892723040322e-05
-5.3289740983216250e-05
-5.2795879872670151e-05
-5.2320211785119431e-05
-5.1815366800260553e-05
-5.1361929138751816e-05
-5.0830979666305157e-05
-5.0393312678885750e-05
-4.9862248622824495e-05
-4.9411232714304199e-05
-4.8907314585890877e-05
-4.8422757394950202e-05
-4.7955136604655780e-05
-4.7436816691553189e-05
-4.6995627611287037e-05
-4.6458755183377673e-05
-4.6006504067971316e-05
-4.5505203349515048e-05
-4.5021884144499809e-05
-4.4546250174553894e-05
-4.4036687319563904e-05
-4.3585169629845926e-05
-4.3050294825198620e-05
-4.2589917154428889e-05
-4.2088637341650377e-05
-4.1593030020730293e-05
-4.1125867301139066e-05
-4.0591077867774550e-05
-4.0123467476192456e-05
-3.9621680991361547e-05
-3.9116975499577793e-05
-3.8643632633521750e-05
-3.8101450412291692e-05
0.0000000000000000e+00
];
