%Vec Object:dSdr_b_aug_7100 1 MPI processes
%  type: seq
dSdr_b_aug_7100 = [
2.3012428733505967e+03
0.0000000000000000e+00
-7.5397112827580482e-07
-3.1195235284545778e-07
-1.9422989758742114e-07
-1.3811695372224020e-07
-1.0365636024110551e-07
-8.2346582056706032e-08
-6.7902005251567369e-08
-5.7039122982845023e-08
-4.8971500561744663e-08
-4.2786247756059596e-08
-3.7749743936658779e-08
-3.3669227369663745e-08
-3.0323510049515961e-08
-2.7501903621541139e-08
-2.5090519560183451e-08
-2.3055351108015147e-08
-3.9582321928118560e-06
-7.5010263913110947e-04
-7.4848051188112737e-04
-7.0956860087831525e-04
-6.7121571628334553e-04
-6.3300801977959182e-04
-5.9059614920799967e-04
-5.4965270659834090e-04
-5.1039529367108796e-04
-4.7074458027174303e-04
-4.3005736243704161e-04
-3.8656626200786812e-04
-3.4829317943850220e-04
-3.1150489542876010e-04
-2.7677313664786920e-04
-2.4014055274578620e-04
-2.1034286076775043e-04
-1.8440660422526744e-04
-1.6171940132544041e-04
-1.4029380252228205e-04
-1.2406589610055132e-04
-1.1175857299861707e-04
-1.0204508589640531e-04
-9.4217707455647757e-05
-8.9344380416431256e-05
-8.6378345724879327e-05
-8.4764973609388291e-05
-8.4398600399324239e-05
-8.4898910615514389e-05
-8.5911758474682798e-05
-8.7366986082480281e-05
-8.9327790688244337e-05
-9.1053529133070839e-05
-9.2861724376543860e-05
-9.4703765262845135e-05
-9.6478073647723777e-05
-9.7965768587403751e-05
-9.9299314881689461e-05
-1.0058171346660831e-04
-1.0161760107638571e-04
-1.0246949382565517e-04
-1.0315979372761603e-04
-1.0378302683387004e-04
-1.0419560655200143e-04
-1.0444823320064827e-04
-1.0465454487825923e-04
-1.0475684605392300e-04
-1.0472610123545535e-04
-1.0463612531645840e-04
-1.0448743574443040e-04
-1.0424892083128105e-04
-1.0395488432053222e-04
-1.0364307548298972e-04
-1.0327729577354820e-04
-1.0287777018385895e-04
-1.0242101228597794e-04
-1.0196805187729364e-04
-1.0148762483625594e-04
-1.0096697703138567e-04
-1.0046208232025086e-04
-9.9946569092311817e-05
-9.9364738908128659e-05
-9.8821414121610669e-05
-9.8275409441963613e-05
-9.7678316714552542e-05
-9.7123262766813975e-05
-9.6572302094136446e-05
-9.5932847898217908e-05
-9.5378425630162687e-05
-9.4805877604558995e-05
-9.4185314420460419e-05
-9.3631800706287229e-05
-9.3044482637336887e-05
-9.2427012666600232e-05
-9.1870065671629985e-05
-9.1263383490484577e-05
-9.0680269838186808e-05
-9.0133188922035580e-05
-8.9500835131543245e-05
-8.8945496215978365e-05
-8.8387001873707047e-05
-8.7744724882586944e-05
-8.7229406416597494e-05
-8.6642827101976686e-05
-8.6047572954327996e-05
-8.5531504985302860e-05
-8.4895942899024056e-05
-8.4363652070742662e-05
-8.3824206844293201e-05
-8.3212154740928894e-05
-8.2705473309928036e-05
-8.2116085027082405e-05
-8.1557128677203054e-05
-8.1045030249758232e-05
-8.0441472640513815e-05
-7.9938528148980204e-05
-7.9369779615561133e-05
-7.8831927043644640e-05
-7.8299314650492283e-05
-7.7735382049963389e-05
-7.7237925066763797e-05
-7.6652581077946689e-05
-7.6164259838992971e-05
-7.5615196358727360e-05
-7.5074023580830830e-05
-7.4594665979888842e-05
-7.3999213701168314e-05
-7.3542865277287017e-05
-7.2974783416774049e-05
-7.2483266687927456e-05
-7.1963442504715625e-05
-7.1439906027249609e-05
-7.0939658348902893e-05
-7.0411201312235057e-05
-6.9937756265696393e-05
-6.9379729423554897e-05
-6.8932773226021687e-05
-6.8375546157932690e-05
-6.7909934501569921e-05
-6.7390473591216255e-05
-6.6896499610627871e-05
-6.6404631021558895e-05
-6.5904920786918404e-05
-6.5420220152918892e-05
-6.4918094111469544e-05
-6.4443940451430591e-05
-6.3923108641910834e-05
-6.3482285063519258e-05
-6.2939809155065490e-05
-6.2513814039814278e-05
-6.1978323123552134e-05
-6.1545696735590860e-05
-6.1018760556977617e-05
-6.0586762112791615e-05
-6.0053005067612741e-05
-5.9638183650879877e-05
-5.9098138177098855e-05
-5.8685497430874280e-05
-5.8157289710926065e-05
-5.7735703514292532e-05
-5.7216121090098874e-05
-5.6790281115455739e-05
-5.6271172103643359e-05
-5.5854919378452212e-05
-5.5334331463297953e-05
-5.4910317649427332e-05
-5.4415463678218081e-05
-5.3966337110658708e-05
-5.3498426461228271e-05
-5.3031261044551854e-05
-5.2571142825371425e-05
-5.2101401989891584e-05
-5.1649159004187380e-05
-5.1169387763107049e-05
-5.0738601679959735e-05
-5.0234001937445925e-05
-4.9818518338088600e-05
-4.9313861811021269e-05
-4.8885820475432214e-05
-4.8407530162009182e-05
-4.7947339323120390e-05
-4.7504354705390878e-05
-4.7011867630890725e-05
-4.6594131148012773e-05
-4.6084790890356239e-05
-4.5655937633860808e-05
-4.5181491501060276e-05
-4.4723084960833072e-05
-4.4272896588687129e-05
-4.3790210708230648e-05
-4.3362942290081069e-05
-4.2856602378987787e-05
-4.2421012748389895e-05
-4.1946635039806549e-05
-4.1477928355793291e-05
-4.1036100185379501e-05
-4.0530585548323058e-05
-4.0088502066503911e-05
-3.9614349098766385e-05
-3.9137806365780776e-05
-3.8690383375650233e-05
-3.8179393362161679e-05
0.0000000000000000e+00
];
