%Vec Object:dSdr_b_aug_2500 1 MPI processes
%  type: seq
dSdr_b_aug_2500 = [
2.3910036139478425e+03
0.0000000000000000e+00
-1.3842840772231582e-06
-5.6845938787726577e-07
-3.4996430870627947e-07
-2.4708314730129740e-07
-1.8525456259729592e-07
-1.4705631962825139e-07
-1.2116686652012630e-07
-1.0162220099321514e-07
-8.7112023067946584e-08
-7.5991449113539059e-08
-6.6930646959623033e-08
-5.9590459074915144e-08
-5.3573420587475947e-08
-4.8499656694694085e-08
-4.4164210285446694e-08
-4.0465458727323024e-08
-3.7267686524792271e-08
-3.4446079154010546e-08
-3.1974215683794714e-08
-3.0069448496997383e-08
-3.1031594577819541e-06
-5.1678757839584586e-04
-6.2043207933633077e-04
-5.8017499675652186e-04
-5.3916217123701072e-04
-4.9768826975668447e-04
-4.5516141644776173e-04
-4.0975645745994872e-04
-3.6980865753165386e-04
-3.3143796686343390e-04
-2.9523266270556526e-04
-2.5706264701750621e-04
-2.2602234045996961e-04
-1.9901187532292083e-04
-1.7538793011862507e-04
-1.5307610410786657e-04
-1.3617635247646070e-04
-1.2335655972998608e-04
-1.1322754132019596e-04
-1.0505534161226331e-04
-9.9953602375107812e-05
-9.6830353545854545e-05
-9.5109687685518814e-05
-9.4678318053127594e-05
-9.5146520288743499e-05
-9.6145347876304852e-05
-9.7601756670664293e-05
-9.9570928754970484e-05
-1.0130268831449881e-04
-1.0312028545939979e-04
-1.0496726701619496e-04
-1.0674005522606311e-04
-1.0822138101215459e-04
-1.0954079991982519e-04
-1.1079910762046418e-04
-1.1180733379167332e-04
-1.1262698639517709e-04
-1.1327645493498029e-04
-1.1385181319522809e-04
-1.1421568588833577e-04
-1.1441413955584518e-04
-1.1455537568956780e-04
-1.1459806897175758e-04
-1.1450403403396481e-04
-1.1434386996566284e-04
-1.1412280248343401e-04
-1.1381408517897992e-04
-1.1344586296754147e-04
-1.1305499971796091e-04
-1.1261618654532219e-04
-1.1214330555558737e-04
-1.1159960197136738e-04
-1.1107169243972015e-04
-1.1051676921996721e-04
-1.0990781506079864e-04
-1.0932835453312207e-04
-1.0873855671266421e-04
-1.0806624849453587e-04
-1.0744814213143060e-04
-1.0682653381280362e-04
-1.0614152046602127e-04
-1.0551209737317079e-04
-1.0488623058109533e-04
-1.0415804415270410e-04
-1.0352955183089174e-04
-1.0288114072815594e-04
-1.0217551744598254e-04
-1.0154916240504887e-04
-1.0088478737583099e-04
-1.0018426986123869e-04
-9.9555107894801876e-05
-9.8869212770832967e-05
-9.8208171012482569e-05
-9.7590114431542671e-05
-9.6875973223797880e-05
-9.6245821296605971e-05
-9.5616165195856168e-05
-9.4890567788696384e-05
-9.4305102912764274e-05
-9.3644722164643501e-05
-9.2971020634236481e-05
-9.2385758962240904e-05
-9.1670212829822974e-05
-9.1066304178676738e-05
-9.0456076914523662e-05
-8.9765506035247632e-05
-8.9190920796027660e-05
-8.8524401296753878e-05
-8.7892840351577202e-05
-8.7312493113310879e-05
-8.6629360271978117e-05
-8.6060686465841188e-05
-8.5415754041159191e-05
-8.4807368510963081e-05
-8.4204778462043303e-05
-8.3565160296910881e-05
-8.3001844729431343e-05
-8.2339381207247977e-05
-8.1783822531630398e-05
-8.1163180609712416e-05
-8.0549468011169442e-05
-8.0003075882857072e-05
-7.9330998984986342e-05
-7.8810347866859653e-05
-7.8165919486524919e-05
-7.7609178838300785e-05
-7.7015700908767014e-05
-7.6422658655827397e-05
-7.5853675005110204e-05
-7.5251779527462926e-05
-7.4713716647929884e-05
-7.4078465976939195e-05
-7.3568651148683920e-05
-7.2934846511147044e-05
-7.2403789572490686e-05
-7.1811694923888772e-05
-7.1249037539453257e-05
-7.0687318613065777e-05
-7.0116849487345787e-05
-6.9564416746682817e-05
-6.8989121592020537e-05
-6.8448541725693661e-05
-6.7853287244314315e-05
-6.7346865714135417e-05
-6.6729213956394002e-05
-6.6238248935914239e-05
-6.5626778158813128e-05
-6.5130838965938545e-05
-6.4525254351716036e-05
-6.4030499418632367e-05
-6.3417722695947146e-05
-6.2940402250945800e-05
-6.2320832054511797e-05
-6.1845236369774802e-05
-6.1238288814573723e-05
-6.0753002955181014e-05
-6.0154708283707801e-05
-5.9663658712197521e-05
-5.9066577364118490e-05
-5.8583674150127769e-05
-5.7986087898769816e-05
-5.7494231025582693e-05
-5.6922629133123109e-05
-5.6404352349758044e-05
-5.5860791363913402e-05
-5.5321974481459211e-05
-5.4787723447662490e-05
-5.4243582236340137e-05
-5.3719083232432629e-05
-5.3161970661290746e-05
-5.2661314655865995e-05
-5.2075437828345253e-05
-5.1591528610727383e-05
-5.1005416871618101e-05
-5.0506509630103831e-05
-4.9949169401643706e-05
-4.9413819859306011e-05
-4.8894844411839920e-05
-4.8322675498198531e-05
-4.7832599427028026e-05
-4.7238336123098543e-05
-4.6737312745182992e-05
-4.6180034389429179e-05
-4.5644786164903602e-05
-4.5116112922661300e-05
-4.4550527896857065e-05
-4.4048466860496933e-05
-4.3454116687564302e-05
-4.2942076515036613e-05
-4.2384730652318528e-05
-4.1833065412798283e-05
-4.1313117449445164e-05
-4.0717342889535928e-05
-4.0196585508276689e-05
-3.9637314147929424e-05
-3.9074154706522602e-05
-3.8547491011845463e-05
-3.7944060106772100e-05
0.0000000000000000e+00
];
