%Vec Object:dSdr_b_aug_2740 1 MPI processes
%  type: seq
dSdr_b_aug_2740 = [
2.3846862490347726e+03
0.0000000000000000e+00
-1.3249798459769306e-06
-5.4492566354469723e-07
-3.3609889222222524e-07
-2.3766460867375421e-07
-1.7838774375820247e-07
-1.4176169808298468e-07
-1.1693643924283687e-07
-9.8193496868328570e-08
-8.4277171383743200e-08
-7.3611204749490150e-08
-6.4918299778733993e-08
-5.7875200162241278e-08
-5.2101340386336538e-08
-4.7231662698902655e-08
-4.3069605606139925e-08
-3.9518542006499414e-08
-3.6448143510735872e-08
-3.3738055541479597e-08
-3.1363952167476923e-08
-3.3495210531074826e-08
-3.7203938335412608e-05
-6.3981060991236301e-04
-6.1980409329669237e-04
-5.7759539475649439e-04
-5.3667949209346253e-04
-4.9536097992283605e-04
-4.5299292314857873e-04
-4.0775327654088845e-04
-3.6795013897318281e-04
-3.2971613742122292e-04
-2.9363811894578073e-04
-2.5560090750172668e-04
-2.2466793870935470e-04
-1.9775026433331338e-04
-1.7420723547470121e-04
-1.5197196229193370e-04
-1.3513024504379422e-04
-1.2235471972289210e-04
-1.1226159514600873e-04
-1.0411918128799194e-04
-9.9037172399324953e-05
-9.5927503785338673e-05
-9.4216105985938064e-05
-9.3790350745555519e-05
-9.4261326450547947e-05
-9.5261365081918738e-05
-9.6717671810578009e-05
-9.8686121074395894e-05
-1.0041736049670333e-04
-1.0223414547188584e-04
-1.0408070022449427e-04
-1.0585361972363616e-04
-1.0733549565853407e-04
-1.0865613487714988e-04
-1.0991652354270718e-04
-1.1092713910679178e-04
-1.1174957661573002e-04
-1.1240257217625261e-04
-1.1298206587826562e-04
-1.1335014589820116e-04
-1.1355327904580686e-04
-1.1370013642986880e-04
-1.1374797866435258e-04
-1.1365941075230420e-04
-1.1350530956605277e-04
-1.1329049411915975e-04
-1.1298784092803950e-04
-1.1262602691092525e-04
-1.1224199241810325e-04
-1.1180948790969644e-04
-1.1134294340657816e-04
-1.1080675029644490e-04
-1.1028531496654614e-04
-1.0973682680376439e-04
-1.0913550059376794e-04
-1.0856248109994867e-04
-1.0797910002116734e-04
-1.0731460734348221e-04
-1.0670296065202319e-04
-1.0608788301535337e-04
-1.0541046429837761e-04
-1.0478746525137417e-04
-1.0416806888936384e-04
-1.0344754719864035e-04
-1.0282545308721710e-04
-1.0218359507732811e-04
-1.0148531933196775e-04
-1.0086525636349161e-04
-1.0020753755562157e-04
-9.9514193732448659e-05
-9.8891269733720954e-05
-9.8212217066279503e-05
-9.7557906779559143e-05
-9.6945981114475918e-05
-9.6238904747981188e-05
-9.5615215208928937e-05
-9.4991706099062425e-05
-9.4273305954597984e-05
-9.3693900363224093e-05
-9.3039894625032626e-05
-9.2372969426604898e-05
-9.1793684748508499e-05
-9.1085047686089126e-05
-9.0487325425839369e-05
-8.9883212357072024e-05
-8.9199423977135813e-05
-8.8630704310338522e-05
-8.7970847452372586e-05
-8.7345558136481366e-05
-8.6771106272418518e-05
-8.6094847188137384e-05
-8.5531851120889145e-05
-8.4893499507490683e-05
-8.4291206657873793e-05
-8.3694661322296026e-05
-8.3061580923039568e-05
-8.2503954261384084e-05
-8.1848152372387920e-05
-8.1298401708887650e-05
-8.0683942777759737e-05
-8.0076496214598542e-05
-7.9535894571403597e-05
-7.8870436556508535e-05
-7.8355339946508583e-05
-7.7717506427081587e-05
-7.7166399863347552e-05
-7.6579284191732769e-05
-7.5992245892867361e-05
-7.5429199700378086e-05
-7.4833647883121128e-05
-7.4301166735039111e-05
-7.3672586708928804e-05
-7.3168201651708164e-05
-7.2541011835351366e-05
-7.2015608104757149e-05
-7.1429787607519443e-05
-7.0873063142626704e-05
-7.0317377936495370e-05
-6.9753021012819788e-05
-6.9206439019227223e-05
-6.8637464263783654e-05
-6.8102622340965985e-05
-6.7513796542902413e-05
-6.7013041412052271e-05
-6.6401883398665298e-05
-6.5916530527597463e-05
-6.5311622947040671e-05
-6.4821152763657174e-05
-6.4222361860361685e-05
-6.3733027883380969e-05
-6.3127076941395645e-05
-6.2655155214597552e-05
-6.2042454426914907e-05
-6.1572296844215779e-05
-6.0972150900978540e-05
-6.0492367475801365e-05
-5.9900872035866510e-05
-5.9415455330429786e-05
-5.8825109303173575e-05
-5.8347963423727042e-05
-5.7757028362403906e-05
-5.7271031842921923e-05
-5.6706059514049764e-05
-5.6193756002634818e-05
-5.5656729775959901e-05
-5.5124102231359808e-05
-5.4596254879448165e-05
-5.4058540466446679e-05
-5.3540283034700006e-05
-5.2989851313521668e-05
-5.2495230779358824e-05
-5.1916374788148611e-05
-5.1438376297019990e-05
-5.0859300798617102e-05
-5.0366515097499097e-05
-4.9816003362294342e-05
-4.9287146203022139e-05
-4.8774735035758968e-05
-4.8209449256303530e-05
-4.7725622115862909e-05
-4.7138694742755812e-05
-4.6643905727840276e-05
-4.6093782783558548e-05
-4.5565172565814125e-05
-4.5043279348917386e-05
-4.4484855761931156e-05
-4.3989256054631079e-05
-4.3402509154433589e-05
-4.2897073984302469e-05
-4.2346896515385954e-05
-4.1802399437847033e-05
-4.1289202612660601e-05
-4.0701229506778988e-05
-4.0187275797214039e-05
-3.9635371187987379e-05
-3.9079724044829554e-05
-3.8559990744563851e-05
-3.7965001942354514e-05
0.0000000000000000e+00
];
