%Vec Object:dSdr_b_aug_20 1 MPI processes
%  type: seq
dSdr_b_aug_20 = [
2.7659461157359356e+03
0.0000000000000000e+00
-3.0882751540524251e-05
-1.2121547816387127e-05
-7.0019082875862848e-06
-4.7892662377467691e-06
-3.6038512497159385e-06
-2.8763718618821111e-06
-2.3838520034535292e-06
-1.9995226804318155e-06
-1.7145792179278716e-06
-1.4965842054334301e-06
-1.3178724545212325e-06
-1.1730162530453785e-06
-1.0543589304040619e-06
-9.5423701249075132e-07
-8.6861010547982040e-07
-7.9559139546767788e-07
-7.3248167889747461e-07
-6.7677489853409474e-07
-6.2798945617545677e-07
-5.8497971529617948e-07
-5.4631580592838635e-07
-5.1175887001654266e-07
-4.8076364988887900e-07
-4.5264145223318662e-07
-4.2707202340790053e-07
-4.0383658359189809e-07
-3.8258159318331067e-07
-3.6301230387240228e-07
-3.4504619401205116e-07
-3.2849368698581700e-07
-3.1310767038677218e-07
-2.9886498950284292e-07
-2.8565004859483718e-07
-2.7329508366469576e-07
-2.6176992161458919e-07
-2.5100749510194204e-07
-2.4090463722639807e-07
-2.3141666189689238e-07
-2.2250851412528296e-07
-2.1411506771992267e-07
-2.0618906810700395e-07
-1.9871293157750587e-07
-1.9164466149832145e-07
-1.8493951408090581e-07
-1.7858956600840651e-07
-1.7256722084820629e-07
-1.6683225218738855e-07
-1.6138203880475630e-07
-1.5619704305203461e-07
-1.5124536048334144e-07
-1.4652392802085392e-07
-1.4201885975126675e-07
-1.3770722211087528e-07
-1.3358330435327881e-07
-1.2963790136515452e-07
-1.2585422059434498e-07
-1.2222549690466189e-07
-1.1874554888331266e-07
-1.1540185737630684e-07
-1.1218749116353336e-07
-1.0909823772511426e-07
-1.0612459959699923e-07
-1.0325995164209669e-07
-1.0050137313804061e-07
-9.7841534892488574e-08
-9.5274350846812834e-08
-9.2797752570693684e-08
-9.0405985251838904e-08
-8.8093614406566825e-08
-8.5859153517591606e-08
-8.3698082526567328e-08
-8.1605900515583520e-08
-7.9582344779316244e-08
-7.7626486663060368e-08
-7.5743056756159094e-08
-7.3958641445437953e-08
-7.2353797196288932e-08
-7.1176844755775926e-08
-7.1185131154950686e-08
-7.4665250925679514e-08
-8.8868540965863039e-08
-1.3810055365711005e-07
-2.9790438034986415e-07
-7.6978403934330027e-07
-2.0676140068203350e-06
-5.4109220173042998e-06
-1.3207558526277981e-05
-2.8341580748420706e-05
-5.0295164649546308e-05
-7.3190401635357292e-05
-9.1439754501755429e-05
-1.0360409597011367e-04
-1.1114894485114019e-04
-1.1561326971119045e-04
-1.1795392861636917e-04
-1.1915026962192549e-04
-1.1957940370538467e-04
-1.1938578627432505e-04
-1.1907362795567241e-04
-1.1848202276479945e-04
-1.1773949680643242e-04
-1.1704154497992651e-04
-1.1612534938480141e-04
-1.1531952063077409e-04
-1.1449006919727323e-04
-1.1353912617175148e-04
-1.1273414371415860e-04
-1.1179814396527617e-04
-1.1090989825732860e-04
-1.1008627502110837e-04
-1.0911712009650703e-04
-1.0831168711808904e-04
-1.0739129096769250e-04
-1.0652751116568945e-04
-1.0567122619819688e-04
-1.0475695142596140e-04
-1.0395455562158010e-04
-1.0301197877641039e-04
-1.0221216199975537e-04
-1.0133143591822274e-04
-1.0045411290418920e-04
-9.9664101107990293e-05
-9.8713528488831123e-05
-9.7959163355085523e-05
-9.7037232909345306e-05
-9.6243417930104268e-05
-9.5382218612786066e-05
-9.4536531611152794e-05
-9.3717700256306673e-05
-9.2848862160210496e-05
-9.2075920715663191e-05
-9.1159966734872072e-05
-9.0421668529963654e-05
-8.9509510538556960e-05
-8.8740568318824070e-05
-8.7884457977327598e-05
-8.7072145775289798e-05
-8.6256530869197786e-05
-8.5428864035432960e-05
-8.4630237472863904e-05
-8.3788985208267498e-05
-8.3006960970994007e-05
-8.2141195137729568e-05
-8.1396342613047353e-05
-8.0505444682738931e-05
-7.9778334754171480e-05
-7.8890698458261536e-05
-7.8164641859621625e-05
-7.7273194860112424e-05
-7.6550348941660821e-05
-7.5650364981806329e-05
-7.4945894169217180e-05
-7.4037286267652510e-05
-7.3332888573168884e-05
-7.2439762741168689e-05
-7.1722974522825083e-05
-7.0838609215799120e-05
-7.0110576440844078e-05
-6.9230123097524605e-05
-6.8505008315350533e-05
-6.7627601522535932e-05
-6.6889209684360698e-05
-6.6038710276489974e-05
-6.5269161572379704e-05
-6.4450708586861802e-05
-6.3651545492046313e-05
-6.2847938643262606e-05
-6.2033481093076937e-05
-6.1246473781467091e-05
-6.0408383085730965e-05
-5.9653924352689639e-05
-5.8772800579554167e-05
-5.8040380768734644e-05
-5.7158424132474737e-05
-5.6402192783784419e-05
-5.5557816801569032e-05
-5.4749617829458906e-05
-5.3954817470532352e-05
-5.3093469580796890e-05
-5.2340971805093893e-05
-5.1438641021199627e-05
-5.0676010073487204e-05
-4.9818508731537877e-05
-4.9004984268596254e-05
-4.8192283958973172e-05
-4.7326923624905596e-05
-4.6554934346579627e-05
-4.5643164541035463e-05
-4.4856460072503835e-05
-4.4001872051961670e-05
-4.3154672133093567e-05
-4.2359432599470174e-05
-4.1448859326418143e-05
-4.0663846722787181e-05
-3.9834780899820229e-05
-3.9041308652934118e-05
-3.8464075215043337e-05
-3.8769476859773430e-05
0.0000000000000000e+00
];
