%Vec Object:dSdr_b_aug_8280 1 MPI processes
%  type: seq
dSdr_b_aug_8280 = [
2.2906849798440303e+03
0.0000000000000000e+00
-7.0252442828104939e-07
-2.9014276650369286e-07
-1.8037140832545800e-07
-1.2799577859595599e-07
-9.5793479510255447e-08
-7.5881331486361209e-08
-6.2386163922434268e-08
-5.2251917181507825e-08
-4.4726682476765026e-08
-3.8957448600677795e-08
-3.4264317006951487e-08
-3.0463275719403503e-08
-2.7347013361828557e-08
-2.4720240971993014e-08
-2.2476738358255910e-08
-2.4196401163728689e-08
-2.0450550999686327e-04
-7.8290162788879469e-04
-7.4216680886807977e-04
-7.0333857781848454e-04
-6.6529758767437598e-04
-6.2739671964803063e-04
-5.8532228495748273e-04
-5.4469538299495659e-04
-5.0573476464378468e-04
-4.6637987311845232e-04
-4.2599068843083632e-04
-3.8280962084947265e-04
-3.4480783036725107e-04
-3.0827588465178054e-04
-2.7378282942291200e-04
-2.3739929820855229e-04
-2.0780290068801699e-04
-1.8204065806682557e-04
-1.5950520055631458e-04
-1.3822316429788385e-04
-1.2210409216956158e-04
-1.0987978565228156e-04
-1.0023361179978984e-04
-9.2462091993141088e-05
-8.7625765990254490e-05
-8.4685198761528632e-05
-8.3089207366031549e-05
-8.2733363015987613e-05
-8.3238874404972506e-05
-8.4253993362884226e-05
-8.5709029547587659e-05
-8.7668478606200571e-05
-8.9393241603947856e-05
-9.1199913741999930e-05
-9.3041154213650089e-05
-9.4815708797725339e-05
-9.6304435440300657e-05
-9.7640270217919838e-05
-9.8926571302798737e-05
-9.9966939819582520e-05
-1.0082405519570817e-04
-1.0152096944110623e-04
-1.0215195788574721e-04
-1.0257242775142234e-04
-1.0283382999441808e-04
-1.0305068340325343e-04
-1.0316264059252815e-04
-1.0314214828279477e-04
-1.0306354230415851e-04
-1.0292657739896140e-04
-1.0269943473573213e-04
-1.0241741574289883e-04
-1.0211841311980953e-04
-1.0176446427622709e-04
-1.0137682170473286e-04
-1.0093414835257337e-04
-1.0049332913509722e-04
-1.0002496991536383e-04
-9.9518627086059286e-05
-9.9025811484436526e-05
-9.8522331810007235e-05
-9.7955158398289609e-05
-9.7423947673474530e-05
-9.6890190223832402e-05
-9.6307339987081739e-05
-9.5764333290727888e-05
-9.5225506855511403e-05
-9.4600426626127989e-05
-9.4058003159353245e-05
-9.3497744391779868e-05
-9.2890960315769057e-05
-9.2349246358484373e-05
-9.1774410948260439e-05
-9.1170394066976041e-05
-9.0625145364279879e-05
-9.0031295095558916e-05
-8.9460805221623578e-05
-8.8925221839463296e-05
-8.8306117007633811e-05
-8.7762897248252494e-05
-8.7215930586055654e-05
-8.6587150888389405e-05
-8.6083195623565668e-05
-8.5508571599375371e-05
-8.4926025354049257e-05
-8.4421166259137653e-05
-8.3798561003490095e-05
-8.3277871739089208e-05
-8.2749892685496720e-05
-8.2150560049923014e-05
-8.1654878539825810e-05
-8.1077984950420035e-05
-8.0530790014639268e-05
-8.0029747396187910e-05
-7.9439080393215396e-05
-7.8946783570933357e-05
-7.8390376271577643e-05
-7.7863949524111230e-05
-7.7342673000570711e-05
-7.6791000909106887e-05
-7.6304212536295509e-05
-7.5731361349177045e-05
-7.5253932084778236e-05
-7.4716463790188350e-05
-7.4187041934389879e-05
-7.3718543438515923e-05
-7.3135503789582043e-05
-7.2689571934051871e-05
-7.2133857653509825e-05
-7.1652906725037702e-05
-7.1145013912463016e-05
-7.0632736864955037e-05
-7.0143623914259648e-05
-6.9627063370846713e-05
-6.9164085943908339e-05
-6.8618568800483777e-05
-6.8181795245028510e-05
-6.7636973186775104e-05
-6.7181963191504765e-05
-6.6674268419670814e-05
-6.6191420652632644e-05
-6.5710867312002456e-05
-6.5222619505148752e-05
-6.4748890982329349e-05
-6.4258617807562182e-05
-6.3795224713026569e-05
-6.3286448838194466e-05
-6.2856251654794858e-05
-6.2325953691067494e-05
-6.1910483232649745e-05
-6.1387300505952208e-05
-6.0964930337666484e-05
-6.0450734639122368e-05
-6.0028902296538113e-05
-5.9507945871080595e-05
-5.9103248850378915e-05
-5.8576085811283111e-05
-5.8173643316621267e-05
-5.7658190886887503e-05
-5.7246923583381269e-05
-5.6740091982153213e-05
-5.6324815500834123e-05
-5.5818337454011396e-05
-5.5412881638361916e-05
-5.4904766909934221e-05
-5.4491743196116740e-05
-5.4009321849263851e-05
-5.3571397135055187e-05
-5.3115741312939591e-05
-5.2660182938039440e-05
-5.2212073723376844e-05
-5.1754385238193762e-05
-5.1313847235550334e-05
-5.0846604764449633e-05
-5.0427137141550954e-05
-4.9935703741171378e-05
-4.9531304644842045e-05
-4.9039843326298303e-05
-4.8623281815233691e-05
-4.8157797084310515e-05
-4.7709781489206714e-05
-4.7279106924325106e-05
-4.6799527832896562e-05
-4.6393509956585790e-05
-4.5897926754112245e-05
-4.5480764693877683e-05
-4.5019736969422327e-05
-4.4573778449747339e-05
-4.4136304327956280e-05
-4.3667047839004019e-05
-4.3251895691296295e-05
-4.2759813323276703e-05
-4.2336608792432850e-05
-4.1875672208324101e-05
-4.1420405420215086e-05
-4.0991233815286320e-05
-4.0500343237828827e-05
-4.0071008563584733e-05
-3.9610651715330304e-05
-3.9148156158394015e-05
-3.8713613705599469e-05
-3.8217829808951855e-05
0.0000000000000000e+00
];
