%Vec Object:dSdr_b_aug_6900 1 MPI processes
%  type: seq
dSdr_b_aug_6900 = [
2.3030964823768081e+03
0.0000000000000000e+00
-7.6277839411543514e-07
-3.1542657699824160e-07
-1.9627094847726764e-07
-1.3948925864901456e-07
-1.0463746352722286e-07
-8.3086715909769217e-08
-6.8479231328409779e-08
-5.7494849670055492e-08
-4.9337339584202666e-08
-4.3083313346066011e-08
-3.7991492625194109e-08
-3.3866412253735740e-08
-3.0484257091549865e-08
-2.7632175976424309e-08
-2.5195007446142021e-08
-2.3124700637269143e-08
-1.6952671595145614e-06
-7.1348326388612486e-04
-7.4945894250171203e-04
-7.1068490237727333e-04
-6.7227751136346480e-04
-6.3401478455475170e-04
-5.9154237248239868e-04
-5.5054213695880118e-04
-5.1123147389725467e-04
-4.7152768488120618e-04
-4.3078699468676601e-04
-3.8724026893886403e-04
-3.4891851182135861e-04
-3.1208423623432547e-04
-2.7730964985659274e-04
-2.4063238153805254e-04
-2.1079857380693724e-04
-1.8483109611700766e-04
-1.6211666743386029e-04
-1.4066531103195480e-04
-1.2441787788203498e-04
-1.1209566019764261e-04
-1.0237009596198293e-04
-9.4532695459823094e-05
-8.9652729659689048e-05
-8.6682125665996131e-05
-8.5065635153037911e-05
-8.4697372890446323e-05
-8.5196749935037344e-05
-8.6209190329204519e-05
-8.7664452291463267e-05
-8.9625500115826718e-05
-9.1351413581702224e-05
-9.3159882105262485e-05
-9.5002066607763287e-05
-9.6776330827441135e-05
-9.8263840668142593e-05
-9.9596976374547144e-05
-1.0087867478837695e-04
-1.0191375845023773e-04
-1.0276471417368164e-04
-1.0345382735115787e-04
-1.0407566901820738e-04
-1.0448683310970456e-04
-1.0473788526678412e-04
-1.0494230557679562e-04
-1.0504287429789272e-04
-1.0501029000298338e-04
-1.0491827412061159e-04
-1.0476748094094645e-04
-1.0452692564975024e-04
-1.0423073298845980e-04
-1.0391662649432941e-04
-1.0354872412277825e-04
-1.0314706651385284e-04
-1.0268778160408342e-04
-1.0223264285524196e-04
-1.0175005063779957e-04
-1.0122683627183411e-04
-1.0071977435888152e-04
-1.0020210210258756e-04
-9.9617642238602691e-05
-9.9072143979027461e-05
-9.8523941933565114e-05
-9.7924293855610004e-05
-9.7367078421619843e-05
-9.6813940655823466e-05
-9.6171907520148654e-05
-9.5615332458514344e-05
-9.5040579526268281e-05
-9.4417544130317749e-05
-9.3861913334499164e-05
-9.3272355659333159e-05
-9.2652471970097356e-05
-9.2093426097921392e-05
-9.1484441648241369e-05
-9.0899063070287354e-05
-9.0349919296397441e-05
-8.9715188411898012e-05
-8.9157675108645759e-05
-8.8597112499832155e-05
-8.7952413859023157e-05
-8.7435056636844282e-05
-8.6846332333907994e-05
-8.6248798165258216e-05
-8.5730719127112277e-05
-8.5092832357671304e-05
-8.4558460004806340e-05
-8.4016957545254625e-05
-8.3402623345693475e-05
-8.2893968335299038e-05
-8.2302338284654926e-05
-8.1741271730103319e-05
-8.1227189695853887e-05
-8.0621319285026369e-05
-8.0116464414029426e-05
-7.9545501645941880e-05
-7.9005599079818610e-05
-7.8470952831896350e-05
-7.7904820480050700e-05
-7.7405449359971889e-05
-7.6817863942367414e-05
-7.6327588491008274e-05
-7.5776444629886526e-05
-7.5233163529240282e-05
-7.4751857613099368e-05
-7.4154178289550192e-05
-7.3695960949184502e-05
-7.3125660126453258e-05
-7.2632247706130122e-05
-7.2110282824163448e-05
-7.1584726205777829e-05
-7.1082480760216611e-05
-7.0551889282160140e-05
-7.0076566159104595e-05
-6.9516294855582106e-05
-6.9067511711306609e-05
-6.8508058964648270e-05
-6.8040545181976474e-05
-6.7518973217533783e-05
-6.7023002996486101e-05
-6.6529104250656298e-05
-6.6027337452561754e-05
-6.5540668226347180e-05
-6.5036415569567967e-05
-6.4560331271990666e-05
-6.4037336412821235e-05
-6.3594606269083725e-05
-6.3049945419820636e-05
-6.2622061992429579e-05
-6.2084362766700682e-05
-6.1649896228421696e-05
-6.1120674179347017e-05
-6.0686851753051656e-05
-6.0150798046687502e-05
-5.9734160129921300e-05
-5.9191803315187220e-05
-5.8777332817207336e-05
-5.8246836567426055e-05
-5.7823398972914912e-05
-5.7301528819424820e-05
-5.6873793560279164e-05
-5.6352418322610254e-05
-5.5934228432717610e-05
-5.5411402598459435e-05
-5.4985416956571296e-05
-5.4488332342201296e-05
-5.4037195952431816e-05
-5.3567086557697713e-05
-5.3097838618540967e-05
-5.2635565756382247e-05
-5.2163662499348216e-05
-5.1709319414157635e-05
-5.1227300269739780e-05
-5.0794483431915445e-05
-5.0287521389531913e-05
-4.9870049006076149e-05
-4.9363024993609370e-05
-4.8932923938934257e-05
-4.8452336037377052e-05
-4.7989960698788734e-05
-4.7544767387939351e-05
-4.7049964333085773e-05
-4.6630125256088093e-05
-4.6118316658842818e-05
-4.5687365700733562e-05
-4.5210511956379704e-05
-4.4749871887225376e-05
-4.4297402191666391e-05
-4.3812306641329963e-05
-4.3382864101675046e-05
-4.2873965817861635e-05
-4.2436153669893025e-05
-4.1959363834675803e-05
-4.1488245033865607e-05
-4.1044144954944649e-05
-4.0536004829004634e-05
-4.0091631250136960e-05
-3.9614998039074017e-05
-3.9135924386618205e-05
-3.8686160529365552e-05
-3.8172283163260715e-05
0.0000000000000000e+00
];
