%Vec Object:dSdr_b_aug_7600 1 MPI processes
%  type: seq
dSdr_b_aug_7600 = [
2.2973129530225651e+03
0.0000000000000000e+00
-7.3511639510769911e-07
-3.0426790799391263e-07
-1.8954536396685768e-07
-1.3483675992000841e-07
-1.0120934648535891e-07
-8.0413875003052433e-08
-6.6317754250483226e-08
-5.5718132676185401e-08
-4.7845837868541802e-08
-4.1810218439170329e-08
-3.6895512383464320e-08
-3.2913598104482768e-08
-2.9648672599607365e-08
-2.6895127453639014e-08
-2.4541835638152001e-08
-2.2680969989372142e-08
-2.2479971010506507e-05
-7.7917792880665446e-04
-7.4572045178551271e-04
-7.0676204960184519e-04
-6.6854890194067919e-04
-6.3047945714039268e-04
-5.8821964164276557e-04
-5.4741883851848786e-04
-5.0829516711221206e-04
-4.6877775691830535e-04
-4.2822483873574161e-04
-3.8487344526671904e-04
-3.4672261230088853e-04
-3.1004983942066087e-04
-2.7542564520574038e-04
-2.3890528940155153e-04
-2.0919830471237156e-04
-1.8334046230721203e-04
-1.6072163890224375e-04
-1.3936073214184156e-04
-1.2318186848865050e-04
-1.1091195433703517e-04
-1.0122880004925283e-04
-9.3426592695283487e-05
-8.8569939051050148e-05
-8.5615380493467110e-05
-8.4009840462531454e-05
-8.3648211750565957e-05
-8.4150865702162461e-05
-8.5164736947116571e-05
-8.6619878279509184e-05
-8.8580072032627796e-05
-9.0305370907015019e-05
-9.2112879795070389e-05
-9.3954559985643931e-05
-9.5728979300739204e-05
-9.7217139135283577e-05
-9.8551716655495065e-05
-9.9835873774952277e-05
-1.0087378056174838e-04
-1.0172802672239055e-04
-1.0242130717145665e-04
-1.0304803498020259e-04
-1.0346417014905016e-04
-1.0372075124877810e-04
-1.0393181323412810e-04
-1.0403846559590957e-04
-1.0401234075646861e-04
-1.0392748835363198e-04
-1.0378408214476580e-04
-1.0355069178900088e-04
-1.0326207060641620e-04
-1.0295603249951074e-04
-1.0259558400945577e-04
-1.0220141314019264e-04
-1.0175100201490590e-04
-1.0130351266480505e-04
-1.0082852362055962e-04
-1.0031432191872473e-04
-9.9814870291293611e-05
-9.9304779618722942e-05
-9.8729554064566914e-05
-9.8191688112199798e-05
-9.7651202275061017e-05
-9.7060527494328581e-05
-9.6510902274931726e-05
-9.5965409528306889e-05
-9.5332432524934124e-05
-9.4783417152822773e-05
-9.4216406908825706e-05
-9.3602052862434254e-05
-9.3053856351047357e-05
-9.2472163214063526e-05
-9.1860755470715735e-05
-9.1309079956701554e-05
-9.0708180088337932e-05
-9.0130754959517014e-05
-8.9588855058799681e-05
-8.8962471510548074e-05
-8.8412593725794813e-05
-8.7859293983488134e-05
-8.7223099139321361e-05
-8.6712901155901886e-05
-8.6131709132616566e-05
-8.5542181419701529e-05
-8.5031164393549778e-05
-8.4401440914159262e-05
-8.3874377982648629e-05
-8.3340099643145892e-05
-8.2733779186385128e-05
-8.2232054540019915e-05
-8.1648296616077567e-05
-8.1094640194921564e-05
-8.0587523736553603e-05
-7.9989774892582090e-05
-7.9491628454373667e-05
-7.8928441128315490e-05
-7.8395737262053027e-05
-7.7868233039184582e-05
-7.7309825269924042e-05
-7.6817175776891015e-05
-7.6237461295187658e-05
-7.5754048198873502e-05
-7.5210209742268170e-05
-7.4674332166040194e-05
-7.4199867896344553e-05
-7.3610008998152140e-05
-7.3158354489882320e-05
-7.2595845709747436e-05
-7.2109090143680088e-05
-7.1594642476450831e-05
-7.1076179725294389e-05
-7.0580949580025510e-05
-7.0057853343299706e-05
-6.9589125217977535e-05
-6.9036735498678191e-05
-6.8594367806113461e-05
-6.8042730686313982e-05
-6.7581896353578359e-05
-6.7067737503750561e-05
-6.6578777220972801e-05
-6.6092007512801650e-05
-6.5597462481234816e-05
-6.5117706104143587e-05
-6.4620921205783409e-05
-6.4151616476486168e-05
-6.3636217317141101e-05
-6.3200182210144777e-05
-6.2663193932710609e-05
-6.2241941444288117e-05
-6.1711996850689389e-05
-6.1283992127257494e-05
-6.0762797070826488e-05
-6.0335379683087519e-05
-5.9807390861231522e-05
-5.9397131708610653e-05
-5.8862891326788744e-05
-5.8454846126681144e-05
-5.7932386206212227e-05
-5.7515449920667922e-05
-5.7001613284506978e-05
-5.6580533444395824e-05
-5.6067116212160118e-05
-5.5655728805527723e-05
-5.5140761574264376e-05
-5.4721700136968326e-05
-5.4232448574146989e-05
-5.3788369806589892e-05
-5.3325981449992005e-05
-5.2864046423150677e-05
-5.2409339728397838e-05
-5.1945029952394797e-05
-5.1498061498363653e-05
-5.1023936007066487e-05
-5.0598250287498300e-05
-5.0099583605485277e-05
-4.9689094952812064e-05
-4.9190384504447028e-05
-4.8767516267321268e-05
-4.8294996473169735e-05
-4.7840292119152689e-05
-4.7402854744234055e-05
-4.6916184364965205e-05
-4.6503728634861084e-05
-4.6000587715156354e-05
-4.5577002901175035e-05
-4.5108603556064145e-05
-4.4655806563238844e-05
-4.4211347752866780e-05
-4.3734713752271687e-05
-4.3312905574585237e-05
-4.2812990916960671e-05
-4.2382982932339683e-05
-4.1914662963233050e-05
-4.1452013807823397e-05
-4.1015890726786748e-05
-4.0516968710547138e-05
-4.0080634550213321e-05
-3.9612706487162018e-05
-3.9142510949236275e-05
-3.8700940765276911e-05
-3.8197061598603145e-05
0.0000000000000000e+00
];
