%Vec Object:dSdr_b_aug_3310 1 MPI processes
%  type: seq
dSdr_b_aug_3310 = [
2.3675537038995676e+03
0.0000000000000000e+00
-1.1757680449227521e-06
-4.8417321470315168e-07
-2.9923903548368341e-07
-2.1184682530091801e-07
-1.5899022379084757e-07
-1.2632548826702201e-07
-1.0418504911632720e-07
-8.7484109451002193e-08
-7.5083336665092440e-08
-6.5578337713271197e-08
-5.7833370450512192e-08
-5.1558421377755786e-08
-4.6414131787373902e-08
-4.2075567701105764e-08
-3.8367594307309594e-08
-3.5203894843026800e-08
-3.2468398826261149e-08
-3.0053987812325095e-08
-2.8371482640508091e-08
-8.9444235352558605e-06
-6.4062132905635212e-04
-6.5776469558082962e-04
-6.1469223971056001e-04
-5.7232153293227544e-04
-5.3170751956341624e-04
-4.9070405973964022e-04
-4.4865396001353853e-04
-4.0374510269435931e-04
-3.6423142173644494e-04
-3.2627092191348504e-04
-2.9044758967928798e-04
-2.5267610652631416e-04
-2.2195791009328123e-04
-1.9522590093965376e-04
-1.7184477775419592e-04
-1.4976267925209905e-04
-1.3303708310875945e-04
-1.2035013257752848e-04
-1.1032882806459567e-04
-1.0224601280576839e-04
-9.7203482473525959e-05
-9.4120986621092456e-05
-9.2428133397497872e-05
-9.2013612110779017e-05
-9.2490137365736967e-05
-9.3492599285544060e-05
-9.4948701897751102e-05
-9.6915704973778535e-05
-9.8645903747831998e-05
-1.0046106374129706e-04
-1.0230676458534621e-04
-1.0407994686038085e-04
-1.0556292366134926e-04
-1.0688600466977343e-04
-1.0815055720554744e-04
-1.0916595376914159e-04
-1.0999396365542664e-04
-1.1065401648979923e-04
-1.1124178485412691e-04
-1.1161828336802971e-04
-1.1183077973927535e-04
-1.1198888473547023e-04
-1.1204702955755041e-04
-1.1196940066476917e-04
-1.1182743074652735e-04
-1.1162512510977747e-04
-1.1133460572008896e-04
-1.1098561397197012e-04
-1.1061524324814401e-04
-1.1019536184986652e-04
-1.0974149608389515e-04
-1.0922033059008790e-04
-1.0871184940124404e-04
-1.0817623709613500e-04
-1.0759017368895213e-04
-1.0703004209533575e-04
-1.0645950030981169e-04
-1.0581064578476790e-04
-1.0521192428405151e-04
-1.0460991392229043e-04
-1.0394769133564364e-04
-1.0333754619407965e-04
-1.0273109654736883e-04
-1.0202591126450693e-04
-1.0141661936300024e-04
-1.0078787346727772e-04
-1.0010429944062463e-04
-9.9496826309246759e-05
-9.8852425964513765e-05
-9.8173436011335838e-05
-9.7562993590370568e-05
-9.6897632023515830e-05
-9.6256790767205373e-05
-9.5657132478679498e-05
-9.4964192182058361e-05
-9.4353433262825285e-05
-9.3742223693276804e-05
-9.3038224580340774e-05
-9.2470943037124058e-05
-9.1829693072464496e-05
-9.1176326643769171e-05
-9.0609001337656561e-05
-8.9914188640126828e-05
-8.9328844734242716e-05
-8.8736965563310295e-05
-8.8066748291808732e-05
-8.7509765051966255e-05
-8.6863239477596294e-05
-8.6250499068018447e-05
-8.5687843260282600e-05
-8.5025337880453833e-05
-8.4473702401653377e-05
-8.3848518336033601e-05
-8.3258416331832190e-05
-8.2673965863447747e-05
-8.2053966880928249e-05
-8.1507723149405352e-05
-8.0865250522422800e-05
-8.0327121108139215e-05
-7.9725033721200935e-05
-7.9130124865830589e-05
-7.8601109400304003e-05
-7.7948895105279902e-05
-7.7444912504722959e-05
-7.6820274638069962e-05
-7.6280441306626816e-05
-7.5706055870574250e-05
-7.5131030875250500e-05
-7.4579864933835564e-05
-7.3997006137547057e-05
-7.3475693464123781e-05
-7.2860460720867615e-05
-7.2366940078367952e-05
-7.1752985844806072e-05
-7.1238893602204316e-05
-7.0665627038356312e-05
-7.0120773733979691e-05
-6.9577161379380699e-05
-6.9025034340011585e-05
-6.8490159083243259e-05
-6.7933830791006860e-05
-6.7410469892595124e-05
-6.6834507219613225e-05
-6.6345089956497576e-05
-6.5746925244305113e-05
-6.5272801687681376e-05
-6.4681026370409707e-05
-6.4201499086965675e-05
-6.3616301678130456e-05
-6.3137814444819016e-05
-6.2545521158907376e-05
-6.2084401673010917e-05
-6.1485445828872787e-05
-6.1026169281959112e-05
-6.0439632618422811e-05
-5.9970858941392435e-05
-5.9392968007448616e-05
-5.8918822019865731e-05
-5.8341952606442963e-05
-5.7876326480318000e-05
-5.7298699679576226e-05
-5.6824429027551749e-05
-5.6272721668498363e-05
-5.5772369941426167e-05
-5.5248418967647986e-05
-5.4728175507926553e-05
-5.4213141107437703e-05
-5.3688285882098598e-05
-5.3182516999791245e-05
-5.2645452757213741e-05
-5.2162908338893630e-05
-5.1598100051161613e-05
-5.1131928013575926e-05
-5.0566930970516338e-05
-5.0086393459102397e-05
-4.9549544403179888e-05
-4.9033677340261830e-05
-4.8534400058414212e-05
-4.7982886070381844e-05
-4.7511561645740061e-05
-4.6939311834546628e-05
-4.6456996105496261e-05
-4.5921189176261031e-05
-4.5405859454569311e-05
-4.4897530585961025e-05
-4.4353434100310732e-05
-4.3870760105558836e-05
-4.3299223062798362e-05
-4.2806999269625267e-05
-4.2271158913164829e-05
-4.1740996144615610e-05
-4.1241295485592734e-05
-4.0668913700585391e-05
-4.0168543058323170e-05
-3.9631323270778182e-05
-3.9090589534680520e-05
-3.8584391075578322e-05
-3.8004523923924269e-05
0.0000000000000000e+00
];
