%Vec Object:dSdr_b_aug_2450 1 MPI processes
%  type: seq
dSdr_b_aug_2450 = [
2.3929842473790231e+03
0.0000000000000000e+00
-1.4028238617442908e-06
-5.7553863870358666e-07
-3.5394681104336585e-07
-2.4964690013040177e-07
-1.8701550908346999e-07
-1.4832342106117840e-07
-1.2210021061609257e-07
-1.0230794125172808e-07
-8.7614818258374836e-08
-7.6354244508815916e-08
-6.7181687410260079e-08
-5.9751686965290847e-08
-5.3661214840163651e-08
-4.8526282089153312e-08
-4.4139351875069935e-08
-4.0396800485535263e-08
-3.7161352784719715e-08
-3.4307174372987603e-08
-3.1806839480731537e-08
-2.9719610732421504e-08
-1.3706382102036208e-06
-4.4020584325345723e-04
-6.1992029246522688e-04
-5.8069303862299572e-04
-5.3967773538090181e-04
-4.9817219097081822e-04
-4.5561235140507961e-04
-4.1017301816430578e-04
-3.7019513591855324e-04
-3.3179602077927726e-04
-2.9556424757288982e-04
-2.5736661524326988e-04
-2.2630398779887445e-04
-1.9927422682285492e-04
-1.7563345506369041e-04
-1.5330570988831942e-04
-1.3639389000581151e-04
-1.2356489184970915e-04
-1.1342840932067317e-04
-1.0525001565016836e-04
-1.0014417349683626e-04
-9.7018100673990884e-05
-9.5295507534369541e-05
-9.4862970404618926e-05
-9.5330595913724355e-05
-9.6329171680607317e-05
-9.7785601715403143e-05
-9.9754924125569980e-05
-1.0148679186169374e-04
-1.0330455791089817e-04
-1.0515162823416140e-04
-1.0692438915418202e-04
-1.0840560054729324e-04
-1.0972476570120957e-04
-1.1098264067452915e-04
-1.1199036998026156e-04
-1.1280944347067568e-04
-1.1345817857408798e-04
-1.1403267687664655e-04
-1.1439567466268788e-04
-1.1459315523849040e-04
-1.1473322243926402e-04
-1.1477484500250208e-04
-1.1467967320226499e-04
-1.1451824836276718e-04
-1.1429588077497570e-04
-1.1398590244253906e-04
-1.1361634765161925e-04
-1.1322406436648974e-04
-1.1278393931143669e-04
-1.1230974065591191e-04
-1.1176447528596722e-04
-1.1123521946048475e-04
-1.1067895806430699e-04
-1.1006841765882405e-04
-1.0948761772127088e-04
-1.0889648554285079e-04
-1.0822255208633483e-04
-1.0760310243750231e-04
-1.0698013606659486e-04
-1.0629354341971993e-04
-1.0566278444917976e-04
-1.0503557213403763e-04
-1.0430579182633569e-04
-1.0367596899929851e-04
-1.0302619518343543e-04
-1.0231904398369475e-04
-1.0169138050864735e-04
-1.0102562132068639e-04
-1.0032361203947813e-04
-9.9693152889907382e-05
-9.9005834879325712e-05
-9.8343393313803960e-05
-9.7724061811027611e-05
-9.7008451471775672e-05
-9.6376955693049235e-05
-9.5746021327645421e-05
-9.5018927251832124e-05
-9.4432202349645550e-05
-9.3770495918643937e-05
-9.3095385249070210e-05
-9.2508880660120718e-05
-9.1791897785439703e-05
-9.1186702673014261e-05
-9.0575203960761264e-05
-8.9883222659662023e-05
-8.9307417673241930e-05
-8.8639512676480997e-05
-8.8006647544399446e-05
-8.7425074361701974e-05
-8.6740512121153020e-05
-8.6170657627512623e-05
-8.5524356721516980e-05
-8.4914704216564762e-05
-8.4310857167774650e-05
-8.3669879472415509e-05
-8.3105380894931276e-05
-8.2441532084151511e-05
-8.1884765630389997e-05
-8.1262837953293812e-05
-8.0647822330528991e-05
-8.0100226068367472e-05
-7.9426772771323706e-05
-7.8904966590781308e-05
-7.8259166806386409e-05
-7.7701254547449803e-05
-7.7106453583569972e-05
-7.6512162805239981e-05
-7.5941944457053157e-05
-7.5338729811966559e-05
-7.4799506207938807e-05
-7.4162868372659802e-05
-7.3651924419791397e-05
-7.3016744226225724e-05
-7.2484511698782636e-05
-7.1891112336182369e-05
-7.1327221196593285e-05
-7.0764247553347005e-05
-7.0192507390381658e-05
-6.9638857981579622e-05
-6.9062248494439757e-05
-6.8520475417042188e-05
-6.7923884084973612e-05
-6.7416284220781818e-05
-6.6797282082208358e-05
-6.6305150008308383e-05
-6.5692314407027574e-05
-6.5195237925777023e-05
-6.4588240551070083e-05
-6.4092358321541799e-05
-6.3478162168503064e-05
-6.2999719050334151e-05
-6.2378720349781701e-05
-6.1901993800764056e-05
-6.1293631838531457e-05
-6.0807201735500249e-05
-6.0207493150398137e-05
-5.9715272210205250e-05
-5.9116790236774090e-05
-5.8632689768793939e-05
-5.8033720384739794e-05
-5.7540644832169718e-05
-5.6967664301543988e-05
-5.6448145354318336e-05
-5.5903225441521737e-05
-5.5363121460335006e-05
-5.4827538752797774e-05
-5.4282061058095144e-05
-5.3756264085798001e-05
-5.3197762195034618e-05
-5.2695851073036314e-05
-5.2108514217672447e-05
-5.1623375815180012e-05
-5.1035800834316235e-05
-5.0535620557035232e-05
-4.9976860273951356e-05
-4.9440160562293822e-05
-4.8919819984065311e-05
-4.8346219620653614e-05
-4.7854843967975746e-05
-4.7259055020856851e-05
-4.6756735048960424e-05
-4.6197968537682962e-05
-4.5661339715839297e-05
-4.5131256296995263e-05
-4.4564181717571047e-05
-4.4060776635501090e-05
-4.3464844834832635e-05
-4.2951430470600459e-05
-4.2392593027824550e-05
-4.1839435908919736e-05
-4.1318082234130638e-05
-4.0720682595297495e-05
-4.0198505873979286e-05
-3.9637694382480619e-05
-3.9072955244891774e-05
-3.8544801065344648e-05
-3.7939351909919544e-05
0.0000000000000000e+00
];
