%Vec Object:dSdr_b_aug_5160 1 MPI processes
%  type: seq
dSdr_b_aug_5160 = [
2.3287033755441362e+03
0.0000000000000000e+00
-9.0168398119277591e-07
-3.7179371189484651e-07
-2.3044492588717962e-07
-1.6330451287128143e-07
-1.2234219839182032e-07
-9.7020606372943107e-08
-7.9858585371094945e-08
-6.6944947974253843e-08
-5.7356328216198423e-08
-5.0006041174396157e-08
-4.4022641559191238e-08
-3.9176004717835608e-08
-3.5202667911291610e-08
-3.1852806549080252e-08
-2.8991033137731341e-08
-2.6549406286219823e-08
-2.4446412715926685e-08
-7.1600277982943904e-07
-5.8595194199500460e-04
-7.2058211771416968e-04
-6.8277350857719773e-04
-6.4398089359999613e-04
-6.0090943256341548e-04
-5.5934698676185838e-04
-5.1950917823166231e-04
-4.7927997116719022e-04
-4.3800993540292471e-04
-3.9391255105198963e-04
-3.5510894395381201e-04
-3.1781937826126346e-04
-2.8262082336819472e-04
-2.4550120511725057e-04
-2.1530987227476604e-04
-1.8903332324799068e-04
-1.6604937503163206e-04
-1.4434303329157808e-04
-1.2790229681226056e-04
-1.1543263135381347e-04
-1.0558751045385813e-04
-9.7650898009541377e-05
-9.2705213474414091e-05
-8.9689375743799425e-05
-8.8042014609490682e-05
-8.7655051529668445e-05
-8.8145190432626432e-05
-8.9153596889582159e-05
-9.0609198686159538e-05
-9.2572653991690102e-05
-9.4300299842431037e-05
-9.6111473473376718e-05
-9.7955079499049996e-05
-9.9728906422878668e-05
-1.0121458383553912e-04
-1.0254365490781644e-04
-1.0381842198372169e-04
-1.0484554698092669e-04
-1.0568722664826680e-04
-1.0636459189963991e-04
-1.0697265908508441e-04
-1.0736980925581525e-04
-1.0760527482320355e-04
-1.0779097165479155e-04
-1.0787439004671676e-04
-1.0782359596945764e-04
-1.0771138560084001e-04
-1.0753976789447735e-04
-1.0727901401451467e-04
-1.0696147668450455e-04
-1.0662462469407909e-04
-1.0623570917178398e-04
-1.0581294578273057e-04
-1.0532864489384909e-04
-1.0485194181578753e-04
-1.0434791558353406e-04
-1.0379929372609188e-04
-1.0327077774881775e-04
-1.0273173234148637e-04
-1.0212124014876172e-04
-1.0155422574496394e-04
-1.0098427103104068e-04
-1.0035932644243640e-04
-9.9780713527803882e-05
-9.9206023782777517e-05
-9.8538460618005663e-05
-9.7960574129326306e-05
-9.7363993880976145e-05
-9.6716485001619012e-05
-9.6139896307207486e-05
-9.5528167811034800e-05
-9.4884389689754622e-05
-9.4304566133186836e-05
-9.3672790542423536e-05
-9.3064990496470476e-05
-9.2495425610891136e-05
-9.1837162856860018e-05
-9.1258124360062178e-05
-9.0677087096088153e-05
-9.0008415510766185e-05
-8.9470875769240543e-05
-8.8860917317346336e-05
-8.8240812261118292e-05
-8.7702824804187685e-05
-8.7041925017963237e-05
-8.6486946778156334e-05
-8.5925078903584094e-05
-8.5288153274333588e-05
-8.4759960972828133e-05
-8.4146138720779699e-05
-8.3564182364119019e-05
-8.3030463774004290e-05
-8.2401697968889444e-05
-8.1877931451053144e-05
-8.1285049044900416e-05
-8.0724852727014415e-05
-8.0170072498708276e-05
-7.9582163886577714e-05
-7.9063843924926698e-05
-7.8454069664896334e-05
-7.7944448647987303e-05
-7.7372710226853136e-05
-7.6808557957908853e-05
-7.6307964856321141e-05
-7.5688239085345581e-05
-7.5211520561897484e-05
-7.4619253305754286e-05
-7.4107074646508308e-05
-7.3563918095256693e-05
-7.3018363261286731e-05
-7.2496341087488025e-05
-7.1944619886277089e-05
-7.1450704905104070e-05
-7.0868214745358675e-05
-7.0401345899606083e-05
-6.9819860237237946e-05
-6.9333516520317140e-05
-6.8791046358075296e-05
-6.8275314528816003e-05
-6.7761318423897469e-05
-6.7239192856719606e-05
-6.6733035727016045e-05
-6.6207730830170115e-05
-6.5712534360887851e-05
-6.5168126585532526e-05
-6.4706522573456025e-05
-6.4140232101222294e-05
-6.3693655504611760e-05
-6.3134095323000452e-05
-6.2681412393456967e-05
-6.2129561583070426e-05
-6.1677682825457010e-05
-6.1118893540321222e-05
-6.0684273365084906e-05
-6.0119035655646301e-05
-5.9686451720203266e-05
-5.9133300398640727e-05
-5.8691535089161359e-05
-5.8147017795740505e-05
-5.7700520377067703e-05
-5.7156710879661329e-05
-5.6719344249385715e-05
-5.6174364386271612e-05
-5.5728858868413332e-05
-5.5209692264774651e-05
-5.4738659892453787e-05
-5.4246784293587752e-05
-5.3756920698197808e-05
-5.3273318238118837e-05
-5.2780008391166200e-05
-5.2304875680756605e-05
-5.1800603752959457e-05
-5.1347683793320369e-05
-5.0817336543175914e-05
-5.0380176561413116e-05
-4.9849716053193610e-05
-4.9399225237573119e-05
-4.8895892843329677e-05
-4.8411892560631526e-05
-4.7944834849728831e-05
-4.7427105370666692e-05
-4.6986452332168826e-05
-4.6450209190217162e-05
-4.5998492883825783e-05
-4.5497805988056069e-05
-4.5015056240412225e-05
-4.4540003927892337e-05
-4.4031055470413838e-05
-4.3580092159007421e-05
-4.3045869727223412e-05
-4.2586058865318959e-05
-4.2085394277412620e-05
-4.1590402299371523e-05
-4.1123819371839054e-05
-4.0589700197510880e-05
-4.0122675173264092e-05
-3.9621523812523649e-05
-3.9117469592542435e-05
-3.8644740596693087e-05
-3.8103385722121070e-05
0.0000000000000000e+00
];
