%Vec Object:dSdr_b_aug_1590 1 MPI processes
%  type: seq
dSdr_b_aug_1590 = [
2.4289887117601515e+03
0.0000000000000000e+00
-1.8189768661701840e-06
-7.4449810437049468e-07
-4.5597194452205921e-07
-3.2095300792040519e-07
-2.4064806698005550e-07
-1.9105575667590450e-07
-1.5744473525223332e-07
-1.3201904324585746e-07
-1.1314509235020579e-07
-9.8682265761192979e-08
-8.6893152314088252e-08
-7.7342597834910424e-08
-6.9514217755780264e-08
-6.2912901279845181e-08
-5.7271986482741064e-08
-5.2459735451680954e-08
-4.8299455343953376e-08
-4.4628610291723160e-08
-4.1412887524887658e-08
-3.8576952531271108e-08
-3.6027736145461271e-08
-3.5057391839904870e-08
-4.2289167956019121e-06
-4.1730658028742813e-04
-5.4538886209107404e-04
-5.0830992092278516e-04
-4.6529652000763816e-04
-4.1913448373165048e-04
-3.7851072580243858e-04
-3.3950015447628827e-04
-3.0269887403504010e-04
-2.6390702630948423e-04
-2.3236412790903592e-04
-2.0491918454091656e-04
-1.8091636112682832e-04
-1.5824608843781891e-04
-1.4107459980918418e-04
-1.2804753164980242e-04
-1.1775044583606184e-04
-1.0943877837455958e-04
-1.0424465461930096e-04
-1.0105781826153735e-04
-9.9293755831112229e-05
-9.8836097334845804e-05
-9.9291312875914801e-05
-1.0028446958928966e-04
-1.0174135594670060e-04
-1.0371391218914127e-04
-1.0544810690430482e-04
-1.0726950661786220e-04
-1.0911848634650018e-04
-1.1089065956072978e-04
-1.1236940912722459e-04
-1.1368311390088401e-04
-1.1493167760110114e-04
-1.1592871562092915e-04
-1.1673532815956872e-04
-1.1736828180581194e-04
-1.1792427634305672e-04
-1.1826844873296290e-04
-1.1844499132156701e-04
-1.1855990668809161e-04
-1.1857849067315884e-04
-1.1845885711547550e-04
-1.1827030442687201e-04
-1.1801996264772192e-04
-1.1768285096783957e-04
-1.1728462327891241e-04
-1.1686178533608671e-04
-1.1639343272795902e-04
-1.1589088209258480e-04
-1.1531201208598302e-04
-1.1475378830837477e-04
-1.1416873401784687e-04
-1.1352406301780261e-04
-1.1291444320322146e-04
-1.1229459984524104e-04
-1.1158569643373499e-04
-1.1093734352909026e-04
-1.1028515617828690e-04
-1.0956458203079306e-04
-1.0890507922068737e-04
-1.0824891552795817e-04
-1.0748484004055691e-04
-1.0682638898227115e-04
-1.0614729393309593e-04
-1.0540726684549441e-04
-1.0475145005312801e-04
-1.0405590824271180e-04
-1.0332180097381179e-04
-1.0266343063693479e-04
-1.0194549671765937e-04
-1.0125293583458487e-04
-1.0060617214029721e-04
-9.9858950857997176e-05
-9.9198539751023452e-05
-9.8540101270947359e-05
-9.7780803748797690e-05
-9.7166967166283989e-05
-9.6476736410160163e-05
-9.5771305776260461e-05
-9.5158057779332614e-05
-9.4410161020210117e-05
-9.3777285576744781e-05
-9.3138429565843225e-05
-9.2416100710509259e-05
-9.1814050865303423e-05
-9.1116334608791480e-05
-9.0455407761343097e-05
-8.9847456378336905e-05
-8.9132138266491518e-05
-8.8536879362309268e-05
-8.7861133343192314e-05
-8.7224219817064037e-05
-8.6593326372920405e-05
-8.5923096171372227e-05
-8.5333143225763258e-05
-8.4639487681163113e-05
-8.4056733933726032e-05
-8.3407141162422446e-05
-8.2764088872672130e-05
-8.2190583745674260e-05
-8.1487515006890948e-05
-8.0940855820270033e-05
-8.0265548082883160e-05
-7.9682426767551393e-05
-7.9059158613045200e-05
-7.8438003841021438e-05
-7.7841219030320481e-05
-7.7209620416736769e-05
-7.6645422019189230e-05
-7.5978937164716093e-05
-7.5443698356150241e-05
-7.4778920928445259e-05
-7.4221393807804691e-05
-7.3599921510738591e-05
-7.3009484247590735e-05
-7.2419513463138800e-05
-7.1820425005729652e-05
-7.1240597161277650e-05
-7.0635707834500991e-05
-7.0068261061091833e-05
-6.9442905397089472e-05
-6.8909951966667551e-05
-6.8261894403184886e-05
-6.7744651513991540e-05
-6.7102449748121688e-05
-6.6580902935032600e-05
-6.5943508002159749e-05
-6.5423370471351744e-05
-6.4778633290604333e-05
-6.4276034395856219e-05
-6.3624299485748469e-05
-6.3123240969563908e-05
-6.2484446178273723e-05
-6.1973396294559476e-05
-6.1343265567796051e-05
-6.0825841282890222e-05
-6.0197223174013720e-05
-5.9687362487000234e-05
-5.9058633455481777e-05
-5.8539336793593349e-05
-5.7936693443131254e-05
-5.7390448218552136e-05
-5.6816289754971542e-05
-5.6248492821154830e-05
-5.5684258151659193e-05
-5.5110025122222972e-05
-5.4556301653954695e-05
-5.3967907842050111e-05
-5.3438992556434367e-05
-5.2820242731737981e-05
-5.2308658527117806e-05
-5.1689601891778964e-05
-5.1162032825002159e-05
-5.0572720749128521e-05
-5.0006973335113031e-05
-4.9457263595707054e-05
-4.8852867696091477e-05
-4.8333534510065033e-05
-4.7704924819022364e-05
-4.7174713447041313e-05
-4.6583935074488018e-05
-4.6017610284145109e-05
-4.5457196507687200e-05
-4.4858086389361779e-05
-4.4325780149160808e-05
-4.3695840296481059e-05
-4.3152888038329805e-05
-4.2561997116701274e-05
-4.1976795446143916e-05
-4.1425275679926462e-05
-4.0793032083035488e-05
-4.0240515564091799e-05
-3.9646928714712711e-05
-3.9048973779118595e-05
-3.8490927951179790e-05
-3.7853657141939834e-05
0.0000000000000000e+00
];
