%Vec Object:dSdr_b_aug_5600 1 MPI processes
%  type: seq
dSdr_b_aug_5600 = [
2.3228171409468632e+03
0.0000000000000000e+00
-8.6835275833085516e-07
-3.5882329076643226e-07
-2.2295691223993368e-07
-1.5836126467059988e-07
-1.1887024581369788e-07
-9.4454309444104234e-08
-7.7904301568773532e-08
-6.5445619697719657e-08
-5.6193330477734210e-08
-4.9100343192003751e-08
-4.3323117540827908e-08
-3.8642353521170763e-08
-3.4804606831442551e-08
-3.1567904585431809e-08
-2.8801617642134356e-08
-2.6441190707471295e-08
-2.4521951531765240e-08
-9.6922974391291345e-06
-7.3056992953692208e-04
-7.1838643908645622e-04
-6.7981344899064613e-04
-6.4116294369286812e-04
-5.9826073152179646e-04
-5.5685725726545309e-04
-5.1716850850378935e-04
-4.7708787286501189e-04
-4.3596751911414939e-04
-3.9202584342950219e-04
-3.5335848811631837e-04
-3.1619766392796284e-04
-2.8111899379635712e-04
-2.4412445799435942e-04
-2.1403422184741386e-04
-1.8784506833619544e-04
-1.6493733164911684e-04
-1.4330309163735670e-04
-1.2691701517740888e-04
-1.1448904324528286e-04
-1.0467772915217432e-04
-9.6769170673412667e-05
-9.1842069266100132e-05
-8.8839022121563934e-05
-8.7200390143882714e-05
-8.6818714989777746e-05
-8.7311466078547099e-05
-8.8321013142120120e-05
-8.9776518785949667e-05
-9.1739293277748004e-05
-9.3466449303845312e-05
-9.5276858093431272e-05
-9.7120062229162882e-05
-9.8894012804692872e-05
-1.0038020835140072e-04
-1.0171042875565931e-04
-1.0298715577692484e-04
-1.0401653121592687e-04
-1.0486083384239241e-04
-1.0554152101973472e-04
-1.0615348317699181e-04
-1.0655459602614312e-04
-1.0679446897325500e-04
-1.0698546019699937e-04
-1.0707372814527768e-04
-1.0702808320446573e-04
-1.0692158318357228e-04
-1.0675585398061385e-04
-1.0650081160924532e-04
-1.0618930986295089e-04
-1.0585888956579525e-04
-1.0547591588513516e-04
-1.0505912053058807e-04
-1.0458189335582652e-04
-1.0411128797577985e-04
-1.0361332259300283e-04
-1.0307188515750269e-04
-1.0254943569943219e-04
-1.0201643393178392e-04
-1.0141330284555609e-04
-1.0085237251566212e-04
-1.0028856875728527e-04
-9.9670777209748206e-05
-9.9098214815149019e-05
-9.8529619277538475e-05
-9.7869275185783389e-05
-9.7297414884261780e-05
-9.6707006700135463e-05
-9.6066418136704499e-05
-9.5495755663209584e-05
-9.4890296363759374e-05
-9.4253274821444051e-05
-9.3679326527225975e-05
-9.3053995540165474e-05
-9.2452535566216621e-05
-9.1888745115836095e-05
-9.1237136420066887e-05
-9.0664184557688859e-05
-9.0088936869505025e-05
-8.9427044064561010e-05
-8.8895211292243245e-05
-8.8291257179490986e-05
-8.7677534452003549e-05
-8.7145176462711176e-05
-8.6490784025431200e-05
-8.5941632475134734e-05
-8.5385523292389099e-05
-8.4754985800927971e-05
-8.4232318024400504e-05
-8.3624771021295526e-05
-8.3048721636744618e-05
-8.2520555640792711e-05
-8.1898263925408351e-05
-8.1379845020822502e-05
-8.0793160791894485e-05
-8.0238702902617743e-05
-7.9689615924798877e-05
-7.9107864947593082e-05
-7.8594903117256489e-05
-7.7991403157495756e-05
-7.7487252453020862e-05
-7.6921337520272112e-05
-7.6363086955846197e-05
-7.5867947659108653e-05
-7.5254455924440096e-05
-7.4782968949803412e-05
-7.4196913104898163e-05
-7.3690040944221545e-05
-7.3152876725983594e-05
-7.2612976754685409e-05
-7.2096546814201539e-05
-7.1550800430322776e-05
-7.1062142639507443e-05
-7.0485935269704579e-05
-7.0024180489870438e-05
-6.9448925039989761e-05
-6.8967905834873926e-05
-6.8431345023725704e-05
-6.7921201154644850e-05
-6.7412887949888569e-05
-6.6896519201682439e-05
-6.6395872638381454e-05
-6.5876520652812778e-05
-6.5386728505875810e-05
-6.4848375630513510e-05
-6.4392108557156092e-05
-6.3831934263877259e-05
-6.3390643511192753e-05
-6.2837264923359205e-05
-6.2389733021568414e-05
-6.1844280917248393e-05
-6.1397507929108517e-05
-6.0845147556360818e-05
-6.0415612206929774e-05
-5.9856844502628659e-05
-5.9429382488339988e-05
-5.8882637318717341e-05
-5.8446054523800516e-05
-5.7907941142177747e-05
-5.7466749088104739e-05
-5.6929283310110950e-05
-5.6497339278177714e-05
-5.5958623898147238e-05
-5.5518638010793685e-05
-5.5005715524422453e-05
-5.4540309139020585e-05
-5.4054588369215017e-05
-5.3570554268178369e-05
-5.3092983186163999e-05
-5.2605726492610667e-05
-5.2136472482478174e-05
-5.1638492995167343e-05
-5.1191257626248708e-05
-5.0667523043953385e-05
-5.0235930171472984e-05
-4.9712096851747326e-05
-4.9267371715442058e-05
-4.8770470857199865e-05
-4.8292585553033745e-05
-4.7831710548997722e-05
-4.7320464106145964e-05
-4.6885696791470926e-05
-4.6356363192912927e-05
-4.5910518935743802e-05
-4.5416571616463209e-05
-4.4940074164092917e-05
-4.4471407958415566e-05
-4.3969204911618149e-05
-4.3524327694496767e-05
-4.2997267026707266e-05
-4.2543677867044244e-05
-4.2049765860913896e-05
-4.1561526614513380e-05
-4.1101304224793339e-05
-4.0574535835522086e-05
-4.0113923657124439e-05
-3.9619719323704274e-05
-3.9122758822363705e-05
-3.8656608148439556e-05
-3.8123473304148472e-05
0.0000000000000000e+00
];
