%Vec Object:dSdr_b_aug_2220 1 MPI processes
%  type: seq
dSdr_b_aug_2220 = [
2.4026837836916243e+03
0.0000000000000000e+00
-1.5048573611780963e-06
-6.1784147486491946e-07
-3.8008811920949689e-07
-2.6833460949621452e-07
-2.0136334942305283e-07
-1.5999156652018171e-07
-1.3195036902698115e-07
-1.1076155559784386e-07
-9.5030427142326706e-08
-8.2974458808542109e-08
-7.3147471920057313e-08
-6.5185721120107941e-08
-5.8659077830308081e-08
-5.3154690670000774e-08
-4.8450336794310045e-08
-4.4436749556546703e-08
-4.0966585410998639e-08
-3.7903881500300558e-08
-3.5220710802903485e-08
-3.2856182757708027e-08
-4.8426987634221220e-08
-6.6638233852146436e-05
-6.0650728216632465e-04
-5.8290895041248497e-04
-5.4216938095601132e-04
-5.0052099519591706e-04
-4.5780157442326056e-04
-4.1219539501885922e-04
-3.7207146836205500e-04
-3.3353435463986822e-04
-2.9717407601764762e-04
-2.5884236682361327e-04
-2.2767137302043321e-04
-2.0054793209584257e-04
-1.7682546860063380e-04
-1.5442043704875979e-04
-1.3745002666609664e-04
-1.2457633686700718e-04
-1.1440361651204196e-04
-1.0619515151518005e-04
-1.0106938985531871e-04
-9.7929606569583492e-05
-9.6197656427443110e-05
-9.5759450961629221e-05
-9.6224276275574038e-05
-9.7221629247198994e-05
-9.8678162181246737e-05
-1.0064821419686458e-04
-1.0238060692583720e-04
-1.0419919280532370e-04
-1.0604669390815147e-04
-1.0781932217404708e-04
-1.0929997804895493e-04
-1.1061791110717200e-04
-1.1187368508862855e-04
-1.1287900202531167e-04
-1.1369526384964935e-04
-1.1434043806482586e-04
-1.1491076123089244e-04
-1.1526951131139346e-04
-1.1546226750750194e-04
-1.1559665953561828e-04
-1.1563308375340251e-04
-1.1553239248898369e-04
-1.1536484662115955e-04
-1.1513616704071046e-04
-1.1482006644141400e-04
-1.1444404200671900e-04
-1.1404486448635799e-04
-1.1359837027448163e-04
-1.1311777438785825e-04
-1.1256492660054511e-04
-1.1202913455962686e-04
-1.1146637644780977e-04
-1.1084813492023504e-04
-1.1026083213639884e-04
-1.0966322163973135e-04
-1.0898139770293737e-04
-1.0835542645259408e-04
-1.0772586679001082e-04
-1.0703160670804464e-04
-1.0639436210554744e-04
-1.0576061733008378e-04
-1.0502309880973874e-04
-1.0438681643549073e-04
-1.0373042670635517e-04
-1.0301585753634050e-04
-1.0238184167091407e-04
-1.0170936245434254e-04
-1.0100011071578226e-04
-1.0036335380050844e-04
-9.9669127742921801e-05
-9.8999890179069717e-05
-9.8374368989589443e-05
-9.7651626088522163e-05
-9.7013605974922694e-05
-9.6376465694784276e-05
-9.5642105367754035e-05
-9.5049263098288806e-05
-9.4381120563081386e-05
-9.3699168635009235e-05
-9.3106629786265279e-05
-9.2382671644025618e-05
-9.1771230869046509e-05
-9.1153559381920775e-05
-9.0454730597907664e-05
-8.9873003843150500e-05
-8.9198372371011964e-05
-8.8559175523526869e-05
-8.7971650486363479e-05
-8.7280148633142853e-05
-8.6704562007331557e-05
-8.6051617242909569e-05
-8.5435813688838677e-05
-8.4825864018272159e-05
-8.4178285924280379e-05
-8.3608043943748667e-05
-8.2937469681507698e-05
-8.2374839578175856e-05
-8.1746669680497701e-05
-8.1125327997289546e-05
-8.0571885783065452e-05
-7.9891750198732100e-05
-7.9364336306069196e-05
-7.8711878488480568e-05
-7.8148278180930166e-05
-7.7547054017582407e-05
-7.6946701778860452e-05
-7.6370489104189186e-05
-7.5760870039205184e-05
-7.5216011247077535e-05
-7.4572638876908371e-05
-7.4056213155293502e-05
-7.3414354788550263e-05
-7.2876414917478750e-05
-7.2276681319291645e-05
-7.1706800447913390e-05
-7.1137735308001573e-05
-7.0559824416554839e-05
-7.0000268242209715e-05
-6.9417277838883630e-05
-6.8869711885165028e-05
-6.8266630320539280e-05
-6.7753309814904403e-05
-6.7127751765597455e-05
-6.6629953826167926e-05
-6.6010492203176071e-05
-6.5507894375587487e-05
-6.4894038263347344e-05
-6.4392683209550541e-05
-6.3771595951157614e-05
-6.3287702469158220e-05
-6.2659768628074543e-05
-6.2177551965268737e-05
-6.1562323321248956e-05
-6.1070338169376328e-05
-6.0463765320262832e-05
-5.9965857665314602e-05
-5.9360575968792003e-05
-5.8870663143527847e-05
-5.8264978994766713e-05
-5.7765987101788356e-05
-5.7186313665014478e-05
-5.6660764406119751e-05
-5.6109247330686762e-05
-5.5562894936991424e-05
-5.5020847439073916e-05
-5.4468881639704521e-05
-5.3936783589348254e-05
-5.3371537164113227e-05
-5.2863533102147745e-05
-5.2269108541834561e-05
-5.1778003221141444e-05
-5.1183325079319286e-05
-5.0676965160580717e-05
-5.0111311581723369e-05
-4.9568057985606378e-05
-4.9041091031713235e-05
-4.8460542504522933e-05
-4.7962859099453895e-05
-4.7359665165986275e-05
-4.6851052529640220e-05
-4.6285063748374887e-05
-4.5741735347584502e-05
-4.5204809393610182e-05
-4.4630507775916201e-05
-4.4120583200509977e-05
-4.3516980065021700e-05
-4.2996903605447194e-05
-4.2430837378954939e-05
-4.1870454869969921e-05
-4.1342301845014320e-05
-4.0737051150084283e-05
-4.0208046620915209e-05
-3.9639872457406658e-05
-3.9067708191249144e-05
-3.8533005202632913e-05
-3.7921419293484229e-05
0.0000000000000000e+00
];
