%Vec Object:dSdr_b_aug_6270 1 MPI processes
%  type: seq
dSdr_b_aug_6270 = [
2.3153507867446492e+03
0.0000000000000000e+00
-8.2522182988143926e-07
-3.4065944864525434e-07
-2.1150582585956754e-07
-1.5005233635745240e-07
-1.1244242183973178e-07
-8.9190015761494102e-08
-7.3430137193526194e-08
-6.1577592757124357e-08
-5.2776345254852775e-08
-4.6029273245771923e-08
-4.0537225646067925e-08
-3.6088475725784556e-08
-3.2441205894932100e-08
-2.9366135403209619e-08
-2.6739003448429360e-08
-2.4497532668444625e-08
-2.6594709631530865e-08
-1.4758782691788757e-04
-7.5085901978559427e-04
-7.1416872665646097e-04
-6.7560575921395442e-04
-6.3717073372184982e-04
-5.9450854335031092e-04
-5.5333027651459387e-04
-5.1385268776199999e-04
-4.7398252012604018e-04
-4.3307420762911088e-04
-3.8935311060676523e-04
-3.5087877111825654e-04
-3.1390032359793516e-04
-2.7899148356661820e-04
-2.4217414094720801e-04
-2.1222711949927294e-04
-1.8616177144028015e-04
-1.6336199684245515e-04
-1.4182989691839112e-04
-1.2552125243800268e-04
-1.1315234401815709e-04
-1.0338892103043583e-04
-9.5520104124518734e-05
-9.0619327814010347e-05
-8.7634399998708196e-05
-8.6008133891805609e-05
-8.5633949729462986e-05
-8.6130401479382783e-05
-8.7141564540409711e-05
-8.8596934161848520e-05
-9.0558744381918731e-05
-9.2285206464637895e-05
-9.4094531623803760e-05
-9.5937166300235599e-05
-9.7711292048655171e-05
-9.9198221628684692e-05
-1.0053007022553498e-04
-1.0180957376113299e-04
-1.0284213723234902e-04
-1.0369015560094385e-04
-1.0437554868272594e-04
-1.0499302852622612e-04
-1.0539975497372293e-04
-1.0564587148646745e-04
-1.0584436282667783e-04
-1.0593950073077613e-04
-1.0590115013311301e-04
-1.0580273947276385e-04
-1.0564535200692397e-04
-1.0539840063887151e-04
-1.0509544898370581e-04
-1.0477413991041769e-04
-1.0439958352347245e-04
-1.0399124256723998e-04
-1.0352403610859752e-04
-1.0306206880864906e-04
-1.0257268930545882e-04
-1.0204142941468004e-04
-1.0152757386719949e-04
-1.0100313359838985e-04
-1.0041043034908369e-04
-9.9858118796930333e-05
-9.9303028561278526e-05
-9.8695370101898119e-05
-9.8131378951378699e-05
-9.7571416545643577e-05
-9.6921299082817759e-05
-9.6357975554438663e-05
-9.5776310794306509e-05
-9.5145525636500673e-05
-9.4583258322163680e-05
-9.3986680045097794e-05
-9.3359229956195035e-05
-9.2793604632099980e-05
-9.2177403150363497e-05
-9.1584924600846335e-05
-9.1029314287232509e-05
-9.0387131812030800e-05
-8.9822802351094047e-05
-8.9255756247562143e-05
-8.8603466345527792e-05
-8.8079718136234677e-05
-8.7484269838483946e-05
-8.6879588384825975e-05
-8.6355205157702549e-05
-8.5710031098902022e-05
-8.5169133697188436e-05
-8.4621182336536537e-05
-8.3999694347234460e-05
-8.3484852669080445e-05
-8.2886195248170881e-05
-8.2318513740480448e-05
-8.1798213605436174e-05
-8.1185093151729971e-05
-8.0674249729323355e-05
-8.0096345900887482e-05
-7.9550017126781339e-05
-7.9008995264035018e-05
-7.8435967253885443e-05
-7.7930595804511312e-05
-7.7335984080644017e-05
-7.6839582673649917e-05
-7.6281917351006312e-05
-7.5732027198242749e-05
-7.5244613813216468e-05
-7.4639953274376633e-05
-7.4175877360337363e-05
-7.3598620659617297e-05
-7.3099265733305070e-05
-7.2570590309866193e-05
-7.2038701068525624e-05
-7.1530193136140938e-05
-7.0992910732656364e-05
-7.0511700323294598e-05
-6.9944393210194460e-05
-6.9489883059067572e-05
-6.8923453382840037e-05
-6.8449976925140022e-05
-6.7921787350509513e-05
-6.7419559431254047e-05
-6.6919296668627965e-05
-6.6411083075905271e-05
-6.5918242823045730e-05
-6.5407323777736019e-05
-6.4925187432826725e-05
-6.4395411973925252e-05
-6.3946705244176440e-05
-6.3395195173294652e-05
-6.2961392380337527e-05
-6.2416770679619548e-05
-6.1976535752475957e-05
-6.1440148095980420e-05
-6.1000607965806576e-05
-6.0457354827802490e-05
-6.0035022663580617e-05
-5.9485420402171839e-05
-5.9065214118318492e-05
-5.8527543931555860e-05
-5.8098302698966212e-05
-5.7569261121040328e-05
-5.7135584653755619e-05
-5.6607105403224121e-05
-5.6182843025323952e-05
-5.5653001917222468e-05
-5.5220835131554361e-05
-5.4716758056820891e-05
-5.4259321427262468e-05
-5.3782319570324963e-05
-5.3306543501973225e-05
-5.2837516435395671e-05
-5.2358834595091248e-05
-5.1897908295862434e-05
-5.1408842616303012e-05
-5.0969659955927349e-05
-5.0455292789837226e-05
-5.0031586168111997e-05
-4.9517140796775450e-05
-4.9080583163926306e-05
-4.8592793040357360e-05
-4.8123570000209169e-05
-4.7671453167427037e-05
-4.7169390297805985e-05
-4.6742960345194529e-05
-4.6223414391099622e-05
-4.5785887973870747e-05
-4.5301487337383419e-05
-4.4833846149774002e-05
-4.4374225600564996e-05
-4.3881576980867437e-05
-4.3445319908209198e-05
-4.2928402778599393e-05
-4.2483624899388230e-05
-4.1999275393457620e-05
-4.1520597610633684e-05
-4.1069379112616492e-05
-4.0553013984549178e-05
-4.0101470080330884e-05
-3.9617077463032039e-05
-3.9130103082238979e-05
-3.8673094189268365e-05
-3.8150660408088247e-05
0.0000000000000000e+00
];
