%Vec Object:dSdr_b_aug_7010 1 MPI processes
%  type: seq
dSdr_b_aug_7010 = [
2.3020168525109539e+03
0.0000000000000000e+00
-7.5766213591960613e-07
-3.1342057034174440e-07
-1.9510086526057622e-07
-1.3870901713550522e-07
-1.0408470175215240e-07
-8.2674023654131841e-08
-6.8161197537211427e-08
-5.7247246839076272e-08
-4.9141816402017479e-08
-4.2927628447137152e-08
-3.7867780296745971e-08
-3.3768434377109664e-08
-3.0407313647555695e-08
-2.7572801011204857e-08
-2.5150472678707849e-08
-2.3099040332305041e-08
-2.7805325753972254e-06
-7.3722449136610804e-04
-7.4892672447535841e-04
-7.1006211601473896e-04
-6.7168501217862507e-04
-6.3345299152036262e-04
-5.9101436267347920e-04
-5.5004581862904127e-04
-5.1076487011198532e-04
-4.7109069825653925e-04
-4.3037984661262386e-04
-3.8686416080568810e-04
-3.4856956497256419e-04
-3.1176095352335078e-04
-2.7701026572478864e-04
-2.4035793212472269e-04
-2.1054427764180609e-04
-1.8459422192097305e-04
-1.6189498572099619e-04
-1.4045800252860622e-04
-1.2422146564884044e-04
-1.1190755941281182e-04
-1.0218873443759339e-04
-9.4356926388552149e-05
-8.9480665177073609e-05
-8.6512610936921781e-05
-8.4897860546204740e-05
-8.4530652408937291e-05
-8.5030550179855088e-05
-8.6043217946491098e-05
-8.7498460737918285e-05
-8.9459372841456194e-05
-9.1185188642022334e-05
-9.2993504669963936e-05
-9.4835609031676839e-05
-9.6609897896029050e-05
-9.8097511025052657e-05
-9.9430875846714058e-05
-1.0071296496851683e-04
-1.0174849724773720e-04
-1.0259997584845144e-04
-1.0328975123960997e-04
-1.0391236935490086e-04
-1.0432432339167253e-04
-1.0457625414356318e-04
-1.0478172987099785e-04
-1.0488326533316136e-04
-1.0485170749947801e-04
-1.0476082995369990e-04
-1.0461121062528810e-04
-1.0437179390209536e-04
-1.0407680441197208e-04
-1.0376398005196286e-04
-1.0339726216442831e-04
-1.0299679426097727e-04
-1.0253891946977845e-04
-1.0208499627432795e-04
-1.0160361226467483e-04
-1.0108183008646341e-04
-1.0057597751151965e-04
-1.0005951003229773e-04
-9.9476517577462491e-05
-9.8932232155370727e-05
-9.8385256279990733e-05
-9.7787034134115162e-05
-9.7231024848756494e-05
-9.6679101940508783e-05
-9.6038507900131503e-05
-9.5483134136467349e-05
-9.4909611582229232e-05
-9.4287955725463343e-05
-9.3733506299710631e-05
-9.3145198365546418e-05
-9.2526661575149022e-05
-9.1968786914627817e-05
-9.1361087172678237e-05
-9.0776972464442617e-05
-9.0228979802700566e-05
-8.9595575379904446e-05
-8.9039275424543794e-05
-8.8479866946086877e-05
-8.7836519629867676e-05
-8.7320300070730590e-05
-8.6732772710344165e-05
-8.6136510834979992e-05
-8.5619554010073407e-05
-8.4982964456220027e-05
-8.4449753632024940e-05
-8.3909399146058381e-05
-8.3296338397786081e-05
-8.2788784680684301e-05
-8.2198405577348115e-05
-8.1638516555488399e-05
-8.1125541410014497e-05
-8.0520961584647677e-05
-8.0017172740237685e-05
-7.9447445555481900e-05
-7.8908686923521819e-05
-7.8375175603662234e-05
-7.7810270753177286e-05
-7.7311967756400819e-05
-7.6725633096952448e-05
-7.6236448131773477e-05
-7.5686465161132249e-05
-7.5144360543051277e-05
-7.4664141822347881e-05
-7.4067705230455137e-05
-7.3610530779602773e-05
-7.3041468178290618e-05
-7.2549113588421600e-05
-7.2028343255438649e-05
-7.1503913912571024e-05
-7.1002783257596920e-05
-7.0473382836805891e-05
-6.9999107714756878e-05
-6.9440088861672631e-05
-6.8992325187062627e-05
-6.8434114409699260e-05
-6.7967662048271126e-05
-6.7447268090584976e-05
-6.6952411808202588e-05
-6.6459645926958657e-05
-6.5959026728869860e-05
-6.5473456013113543e-05
-6.4970390046576292e-05
-6.4495383080071366e-05
-6.3973595242172561e-05
-6.3531928996799395e-05
-6.2988487384492778e-05
-6.2561657669861753e-05
-6.2025190721244844e-05
-6.1591751020573246e-05
-6.1063804529079853e-05
-6.0630999918262286e-05
-6.0096227790926443e-05
-5.9680603514530862e-05
-5.9139536470432385e-05
-5.8726087007557693e-05
-5.8196867799429162e-05
-5.7774463318991659e-05
-5.7253869760481948e-05
-5.6827192104990806e-05
-5.6307081463042686e-05
-5.5889972546771902e-05
-5.5368395512611414e-05
-5.4943510187174916e-05
-5.4447670312864597e-05
-5.3997655441081853e-05
-5.3528772986909852e-05
-5.3060687133917491e-05
-5.2599616602531230e-05
-5.2128920016924982e-05
-5.1675748826386982e-05
-5.1194984053950195e-05
-5.0763300415289401e-05
-5.0257656580448671e-05
-4.9841293976042239e-05
-4.9335591065012304e-05
-4.8906639372720081e-05
-4.8427333569015362e-05
-4.7966177223105719e-05
-4.7522216405574718e-05
-4.7028705712618129e-05
-4.6610039924486544e-05
-4.6099608709263232e-05
-4.5669828311004339e-05
-4.5194318062659755e-05
-4.4734924349182085e-05
-4.4283727680705253e-05
-4.3799976778735598e-05
-4.3371747449250336e-05
-4.2864276797770009e-05
-4.2427704872760839e-05
-4.1952261071945164e-05
-4.1482488309102741e-05
-4.1039656043768794e-05
-4.0532981060543809e-05
-4.0089885515265384e-05
-3.9614636539214781e-05
-3.9136975642187800e-05
-3.8688519316046132e-05
-3.8176259987785974e-05
0.0000000000000000e+00
];
