%Vec Object:dSdr_b_aug_8920 1 MPI processes
%  type: seq
dSdr_b_aug_8920 = [
2.2798995405380465e+03
0.0000000000000000e+00
-6.5710644516746446e-07
-2.7206735686348902e-07
-1.6963400773043851e-07
-1.2069460491797400e-07
-9.0518867625633449e-08
-7.1856027648504859e-08
-5.9206057496155712e-08
-4.9703669730973456e-08
-4.2646378464720350e-08
-3.7235435028982687e-08
-3.2831339438837285e-08
-2.9263526240672528e-08
-2.6338176472733843e-08
-2.3871439367754439e-08
-2.1765729566413431e-08
-9.0784924441753582e-07
-7.3404769605377152e-04
-7.8099781806743515e-04
-7.3928182812759780e-04
-7.0059040046673547e-04
-6.6268790951428888e-04
-6.2492235445554595e-04
-5.8299671613122768e-04
-5.4250939628885649e-04
-5.0367965280260748e-04
-4.6445520722073353e-04
-4.2419744356452606e-04
-3.8115308841993263e-04
-3.4327092720433085e-04
-3.0685201671567120e-04
-2.7246422047891197e-04
-2.3619051182794437e-04
-2.0668287734576795e-04
-1.8099736815710849e-04
-1.5852882482909528e-04
-1.3731009408714042e-04
-1.2123901353662559e-04
-1.0905131399646323e-04
-9.9434822569019027e-05
-9.1687934183976898e-05
-8.6867924193017072e-05
-8.3938587115630955e-05
-8.2350259930349498e-05
-8.1999058384841624e-05
-8.2506863274647038e-05
-8.3522983684620200e-05
-8.4977935445126887e-05
-8.6936786746284164e-05
-8.8661119597275982e-05
-9.0467120093187185e-05
-9.2308007602009027e-05
-9.4082670740070227e-05
-9.5571852314152236e-05
-9.6908696215326345e-05
-9.8196718142927564e-05
-9.9239062558116012e-05
-1.0009848090281558e-04
-1.0079831181024022e-04
-1.0143272005166600e-04
-1.0185666916021477e-04
-1.0212194109405485e-04
-1.0234344299173573e-04
-1.0245965810307475e-04
-1.0244368674688854e-04
-1.0237009446592582e-04
-1.0223829967915918e-04
-1.0201617173245538e-04
-1.0173945199445739e-04
-1.0144609641082472e-04
-1.0109736451605976e-04
-1.0071496189065778e-04
-1.0027849927279885e-04
-9.9843033845932282e-05
-9.9379996063643660e-05
-9.8879961169967578e-05
-9.8392471983639417e-05
-9.7894298636180707e-05
-9.7333588289117437e-05
-9.6807719392431337e-05
-9.6279362493012093e-05
-9.5702792638965856e-05
-9.5165098310209448e-05
-9.4631622600092530e-05
-9.4012880729362792e-05
-9.3475748265681779e-05
-9.2920908581454998e-05
-9.2320200554829089e-05
-9.1783689830004925e-05
-9.1214358785450335e-05
-9.0616274192101046e-05
-9.0076183980033041e-05
-8.9487992084417498e-05
-8.8923068804600081e-05
-8.8392555386577294e-05
-8.7779292829170133e-05
-8.7241417145222431e-05
-8.6699533740497848e-05
-8.6076705823359321e-05
-8.5577761287279904e-05
-8.5008409081443711e-05
-8.4431466528282835e-05
-8.3931550112372898e-05
-8.3314658316700708e-05
-8.2799084892277322e-05
-8.2276161976559074e-05
-8.1682438133252980e-05
-8.1191607162098907e-05
-8.0620223248278287e-05
-8.0078214640424576e-05
-7.9582047205514249e-05
-7.8997064460437601e-05
-7.8509462848017092e-05
-7.7958497554865189e-05
-7.7437109153576000e-05
-7.6920831309662169e-05
-7.6374565627953489e-05
-7.5892481699516115e-05
-7.5325139354304912e-05
-7.4852513029296706e-05
-7.4320157762954495e-05
-7.3795917609196994e-05
-7.3332207558722049e-05
-7.2754641399368583e-05
-7.2313302847913831e-05
-7.1763042191882431e-05
-7.1286750373201883e-05
-7.0784118833930982e-05
-7.0276806760110041e-05
-6.9792603794302180e-05
-6.9281289144918447e-05
-6.8822927534353942e-05
-6.8282926685000580e-05
-6.7850643282129234e-05
-6.7311291354479259e-05
-6.6860956283170509e-05
-6.6358449924776151e-05
-6.5880508389271070e-05
-6.5404944637395012e-05
-6.4921751319831907e-05
-6.4452861075922058e-05
-6.3967814559198486e-05
-6.3509166460543271e-05
-6.3005706789324181e-05
-6.2580195438247902e-05
-6.2055267480347280e-05
-6.1644437992183708e-05
-6.1126682704777799e-05
-6.0708835137012668e-05
-6.0200257501705403e-05
-5.9782908021764615e-05
-5.9267596179559761e-05
-5.8867363631746029e-05
-5.8345881254035577e-05
-5.7947935800606262e-05
-5.7438107967512631e-05
-5.7031390904605746e-05
-5.6530181931320692e-05
-5.6119563551101702e-05
-5.5618655280964915e-05
-5.5217960495437129e-05
-5.4715345971377429e-05
-5.4307168479096655e-05
-5.3830229452216434e-05
-5.3397244336919482e-05
-5.2946992435699502e-05
-5.2496552334974903e-05
-5.2053738646083694e-05
-5.1601364802406405e-05
-5.1165988267897133e-05
-5.0704270525470746e-05
-5.0289793934234151e-05
-4.9804166413082078e-05
-4.9404655189011934e-05
-4.8919012486453281e-05
-4.8507513178058867e-05
-4.8047675263465088e-05
-4.7605028536328779e-05
-4.7179782292620287e-05
-4.6705895196169899e-05
-4.6305044856565881e-05
-4.5815528082070864e-05
-4.5403521502327500e-05
-4.4948410913316628e-05
-4.4507941652187207e-05
-4.4076074219853858e-05
-4.3612739815031429e-05
-4.3202930774295892e-05
-4.2717135814452713e-05
-4.2299393129222240e-05
-4.1844384223796884e-05
-4.1395044823861812e-05
-4.0971455587829436e-05
-4.0487015654559423e-05
-4.0063305971696268e-05
-3.9609038594940679e-05
-3.9152749883024708e-05
-3.8723922598494667e-05
-3.8235031793671932e-05
0.0000000000000000e+00
];
