%Vec Object:dSdr_b_aug_5740 1 MPI processes
%  type: seq
dSdr_b_aug_5740 = [
2.3214083696799771e+03
0.0000000000000000e+00
-8.6024821134560671e-07
-3.5551975190963979e-07
-2.2094533172748100e-07
-1.5695209751895763e-07
-1.1781612562376861e-07
-9.3619332588458444e-08
-7.7217823682773595e-08
-6.4871584691035352e-08
-5.5702735060334419e-08
-4.8673668813613523e-08
-4.2948531270893381e-08
-3.8309951035293909e-08
-3.4506772584190927e-08
-3.1299207116825806e-08
-2.8557804977760625e-08
-2.6218602298443255e-08
-2.4430268774969893e-08
-1.7635715050990325e-05
-7.4079320305211983e-04
-7.1750112069359786e-04
-6.7888427723631554e-04
-6.4028078171627246e-04
-5.9743159674469581e-04
-5.5607788713736572e-04
-5.1643579918941179e-04
-4.7640167145925782e-04
-4.3532817326590522e-04
-3.9143523968399198e-04
-3.5281053580877409e-04
-3.1569001208446015e-04
-2.8064886995489397e-04
-2.4369348920537826e-04
-2.1363489975594698e-04
-1.8747310400743270e-04
-1.6458922411525249e-04
-1.4297755438983376e-04
-1.2660858837039215e-04
-1.1419366792746970e-04
-1.0439293651346782e-04
-9.6493159879895685e-05
-9.1571875626042453e-05
-8.8572832374021737e-05
-8.6936932924405231e-05
-8.6556913077033256e-05
-8.7050481875405235e-05
-8.8060385994295738e-05
-8.9515861545694852e-05
-9.1478423008678575e-05
-9.3205425720587403e-05
-9.5015595050924141e-05
-9.6858673346081149e-05
-9.8632662625597025e-05
-1.0011902037021149e-04
-1.0144960055845645e-04
-1.0272694111296502e-04
-1.0375702102017258e-04
-1.0460214472515342e-04
-1.0528387178115475e-04
-1.0589705319973018e-04
-1.0629940650446031e-04
-1.0654065911358529e-04
-1.0673330766425362e-04
-1.0682309369059961e-04
-1.0677906060646704e-04
-1.0667434812035344e-04
-1.0651046222086665e-04
-1.0625720774747339e-04
-1.0594759534560599e-04
-1.0561918838856232e-04
-1.0523807470771854e-04
-1.0482314755219375e-04
-1.0434813469168359e-04
-1.0387943809962465e-04
-1.0338336996994300e-04
-1.0284418150385203e-04
-1.0232363107360435e-04
-1.0179252117167117e-04
-1.0119169436299080e-04
-1.0063266855602076e-04
-1.0007079025675939e-04
-9.9455237855119040e-05
-9.8884569479845480e-05
-9.8317881637166783e-05
-9.7659797361456682e-05
-9.7089823462164157e-05
-9.6501347344716008e-05
-9.5862925076143303e-05
-9.5294117711969416e-05
-9.4690620884901587e-05
-9.4055714382148035e-05
-9.3483605245427289e-05
-9.2860291639025160e-05
-9.2260816323752127e-05
-9.1698833468494364e-05
-9.1049307719727455e-05
-9.0478261181400817e-05
-8.9904825827808208e-05
-8.9245055012078203e-05
-8.8715008715660985e-05
-8.8112934165065276e-05
-8.7501209322698539e-05
-8.6970613547414049e-05
-8.6318258130779917e-05
-8.5770930531601169e-05
-8.5216624014364438e-05
-8.4588086226361497e-05
-8.4067147813129107e-05
-8.3461565175397076e-05
-8.2887364873035304e-05
-8.2360937026919385e-05
-8.1740671920758724e-05
-8.1223926999970077e-05
-8.0639183010232469e-05
-8.0086521443185159e-05
-7.9539216645278294e-05
-7.8959393216059486e-05
-7.8448108661892532e-05
-7.7846572770266342e-05
-7.7344134458404463e-05
-7.6780042474291493e-05
-7.6223639342772116e-05
-7.5730207271106835e-05
-7.5118667000396153e-05
-7.4648817677061701e-05
-7.4064706213616287e-05
-7.3559495165961177e-05
-7.3024206750178715e-05
-7.2486076941593610e-05
-7.1971397558661805e-05
-7.1427521494066211e-05
-7.0940509380860688e-05
-7.0366268736097933e-05
-6.9906114830945023e-05
-6.9332809647435148e-05
-6.8853457193562874e-05
-6.8318746208127562e-05
-6.7810351558408066e-05
-6.7303817292367656e-05
-6.6789250621878448e-05
-6.6290329050775672e-05
-6.5772840526272369e-05
-6.5284740113322429e-05
-6.4748282624714495e-05
-6.4293686191752321e-05
-6.3735426467336704e-05
-6.3295790360367630e-05
-6.2744346818159540e-05
-6.2298427359706887e-05
-6.1754978264192680e-05
-6.1309803551640732e-05
-6.0759455642885454e-05
-6.0331512012540990e-05
-5.9774769635171655e-05
-5.9348910951570187e-05
-5.8804171120108983e-05
-5.8369210623060933e-05
-5.7833101877708188e-05
-5.7393570577027504e-05
-5.6858090592247032e-05
-5.6427844011012833e-05
-5.5891089619577836e-05
-5.5452831556245015e-05
-5.4941863682162059e-05
-5.4478218412646912e-05
-5.3994424303519354e-05
-5.3512215021513770e-05
-5.3036531954085177e-05
-5.2551170090477312e-05
-5.2083756299394384e-05
-5.1587746544492267e-05
-5.1142290628957755e-05
-5.0620626017801907e-05
-5.0190775819374488e-05
-4.9669017011950423e-05
-4.9226096703899302e-05
-4.8731209106400501e-05
-4.8255237966140660e-05
-4.7796298323035621e-05
-4.7287081248969964e-05
-4.6854156318161868e-05
-4.6326985585620234e-05
-4.5882979414657244e-05
-4.5391141735068506e-05
-4.4916601372101234e-05
-4.4449934124445900e-05
-4.3949842484686590e-05
-4.3506870253606286e-05
-4.2982051246311390e-05
-4.2530409412948782e-05
-4.2038610822377399e-05
-4.1552484896939663e-05
-4.1094252833212073e-05
-4.0569784362692795e-05
-4.0111177783265251e-05
-3.9619144760056198e-05
-3.9124397702735219e-05
-3.8660286189713413e-05
-3.8129617542450194e-05
0.0000000000000000e+00
];
