%Vec Object:dSdr_b_aug_8800 1 MPI processes
%  type: seq
dSdr_b_aug_8800 = [
2.2810429966007273e+03
0.0000000000000000e+00
-6.6150871569959648e-07
-2.7372828917293903e-07
-1.7055894227183999e-07
-1.2127594641662702e-07
-9.0901422689969769e-08
-7.2116456201220467e-08
-5.9384162436072172e-08
-4.9821515889491104e-08
-4.2719809701936101e-08
-3.7274930538371420e-08
-3.2843998421486485e-08
-2.9254709219162515e-08
-2.6311842470822844e-08
-2.3830603820531357e-08
-2.1711901639199736e-08
-5.2865988088969097e-07
-6.9735620180034553e-04
-7.8147497229730711e-04
-7.3984307385411229e-04
-7.0112433263492678e-04
-6.6319492629669406e-04
-6.2540308209291836e-04
-5.8344853512582481e-04
-5.4293409681642360e-04
-5.0407892653611306e-04
-4.6482913749203505e-04
-4.2454584092947847e-04
-3.8147492484534291e-04
-3.4356952166491120e-04
-3.0712865032199091e-04
-2.7272040402314605e-04
-2.3642535868274156e-04
-2.0690047902505908e-04
-1.8120006177128214e-04
-1.5871851815693735e-04
-1.3748748822694655e-04
-1.2140708371368952e-04
-1.0921227204943835e-04
-9.9590013823370454e-05
-9.1838339965615877e-05
-8.7015160048656436e-05
-8.4083641143922568e-05
-8.2493824934726240e-05
-8.2141721374595595e-05
-8.2649080680358432e-05
-8.3665006529700669e-05
-8.5119974697283371e-05
-8.7078942137347394e-05
-8.8803358562939414e-05
-9.0609489551744967e-05
-9.2450445639205290e-05
-9.4225087690502049e-05
-9.5714180882268255e-05
-9.7050828730574332e-05
-9.8338516329972111e-05
-9.9380476863626413e-05
-1.0023944778248515e-04
-1.0093871203345767e-04
-1.0157245586760744e-04
-1.0199572901938104e-04
-1.0226024913881872e-04
-1.0248084791449064e-04
-1.0259623578446910e-04
-1.0257938608403050e-04
-1.0250481972698880e-04
-1.0237202047395896e-04
-1.0214891825299403e-04
-1.0187116895965359e-04
-1.0157671625195748e-04
-1.0122697079242814e-04
-1.0084355013420812e-04
-1.0040588087559530e-04
-9.9969375297752041e-05
-9.9505303650165481e-05
-9.9004043231002860e-05
-9.8515519212121310e-05
-9.8016314934955574e-05
-9.7454348923363258e-05
-9.6927442199675560e-05
-9.6398036064456225e-05
-9.5820246037859669e-05
-9.5281519605617469e-05
-9.4747004339868247e-05
-9.4127031032774388e-05
-9.3588870616311207e-05
-9.3032978095537085e-05
-9.2431089594724187e-05
-9.1893567969480308e-05
-9.1323167519412004e-05
-9.0723930382285921e-05
-9.0182837962374645e-05
-8.9593546740066531e-05
-8.9027541964636797e-05
-8.8496043537961255e-05
-8.7881645924888833e-05
-8.7342731976941860e-05
-8.6799860980800916e-05
-8.6175876732788427e-05
-8.5675958696365657e-05
-8.5105582264484504e-05
-8.4527551007281061e-05
-8.4026674311069559e-05
-8.3408672485275879e-05
-8.2892105138235539e-05
-8.2368199899106973e-05
-8.1773386360758468e-05
-8.1281613010579428e-05
-8.0709158658432532e-05
-8.0166142433305714e-05
-7.9669027831249741e-05
-7.9082940729414790e-05
-7.8594426915723720e-05
-7.8042404331213607e-05
-7.7520037062903083e-05
-7.7002788058589555e-05
-7.6455472001259284e-05
-7.5972474077274410e-05
-7.5404061455555582e-05
-7.4930501999099667e-05
-7.4397153356180754e-05
-7.3871906483641904e-05
-7.3407266117511772e-05
-7.2828636549874173e-05
-7.2386405595488762e-05
-7.1835085390547083e-05
-7.1357888383869427e-05
-7.0854234666321175e-05
-7.0345957980153651e-05
-6.9860801085445333e-05
-6.9348467245584021e-05
-6.8889208857994482e-05
-6.8348136283883569e-05
-6.7914980518317975e-05
-6.7374565834537979e-05
-6.6923322502483265e-05
-6.6419808120800098e-05
-6.5940913385216903e-05
-6.5464380238256458e-05
-6.4980204916463062e-05
-6.4510374674334273e-05
-6.4024312703780197e-05
-6.3564742730091707e-05
-6.3060250207597868e-05
-6.2633828475806873e-05
-6.2107857213618617e-05
-6.1696126060527590e-05
-6.1177316310242241e-05
-6.0758590074563799e-05
-6.0248920941128529e-05
-5.9830700513400150e-05
-5.9314292020374639e-05
-5.8913192097369671e-05
-5.8390606059104664e-05
-5.7991786902616561e-05
-5.7480866301060738e-05
-5.7073265198965450e-05
-5.6570963839263802e-05
-5.6159440463833838e-05
-5.5657450074884987e-05
-5.5255830296222908e-05
-5.4752147169382767e-05
-5.4343028132017384e-05
-5.3865023976246559e-05
-5.3431079173301565e-05
-5.2979777373935557e-05
-5.2528342870863296e-05
-5.2084500342013052e-05
-5.1631093943756773e-05
-5.1194714612962282e-05
-5.0731923497835061e-05
-5.0316477221383644e-05
-4.9829721702490711e-05
-4.9429260832873838e-05
-4.8942487655141460e-05
-4.8530004828388413e-05
-4.8069069812589808e-05
-4.7625379982563825e-05
-4.7199079082345456e-05
-4.6724086098328291e-05
-4.6322231760701486e-05
-4.5831536343202743e-05
-4.5418528096327733e-05
-4.4962267855340170e-05
-4.4520732061719940e-05
-4.4087775269366818e-05
-4.3623290211725127e-05
-4.3212442981966815e-05
-4.2725426340070122e-05
-4.2306622323746319e-05
-4.1850461521009148e-05
-4.1399970185950608e-05
-4.0975295896450808e-05
-4.0489601960305920e-05
-4.0064798210986506e-05
-3.9609345527132764e-05
-3.9151846192103155e-05
-3.8721895222098245e-05
-3.8231594322676393e-05
0.0000000000000000e+00
];
