%Vec Object:dSdr_b_aug_8340 1 MPI processes
%  type: seq
dSdr_b_aug_8340 = [
2.2896231853648519e+03
0.0000000000000000e+00
-6.9709278579896483e-07
-2.8764500683362653e-07
-1.7865835753338671e-07
-1.2665484999561256e-07
-9.4687009105178608e-08
-7.4920654003388862e-08
-6.1524963911795063e-08
-5.1469607816945133e-08
-4.4003393157133714e-08
-3.8279440134562423e-08
-3.3624691665067753e-08
-2.9855143495435878e-08
-2.6764755810514177e-08
-2.4160226851023053e-08
-2.1936181746734396e-08
-2.6223181634197653e-08
-2.5702530988545744e-04
-7.8280137288198946e-04
-7.4188837278507712e-04
-7.0307280147252052e-04
-6.6504520022126173e-04
-6.2715741851675352e-04
-5.8509737422955243e-04
-5.4448397154220173e-04
-5.0553601036887796e-04
-4.6619373453729254e-04
-4.2581725984369576e-04
-3.8264941399550627e-04
-3.4465919309909252e-04
-3.0813817924505094e-04
-2.7365530382127194e-04
-2.3728239375980767e-04
-2.0769458068471732e-04
-1.8193975909688176e-04
-1.5941077295043409e-04
-1.3813485912602422e-04
-1.2202042835407098e-04
-1.0979966216852373e-04
-1.0015635896242913e-04
-9.2387221311093307e-05
-8.7552473267849367e-05
-8.4612992137671859e-05
-8.3017741973281692e-05
-8.2662346649788683e-05
-8.3168079860170262e-05
-8.4183295682841970e-05
-8.5638323714996807e-05
-8.7597714975424699e-05
-8.9322436383793924e-05
-9.1129043576387901e-05
-9.2970249922050705e-05
-9.4744815013615528e-05
-9.6233585661730753e-05
-9.7569518041300152e-05
-9.8855985559421754e-05
-9.9896545175807365e-05
-1.0075388328264509e-04
-1.0145107960985293e-04
-1.0208239879514586e-04
-1.0250320515026257e-04
-1.0276498164332828e-04
-1.0298228462114803e-04
-1.0309465360663671e-04
-1.0307459853116923e-04
-1.0299647744087949e-04
-1.0286001255161571e-04
-1.0263335487491281e-04
-1.0235184838673670e-04
-1.0205339190312083e-04
-1.0169994760393192e-04
-1.0131281180081512e-04
-1.0087073910382038e-04
-1.0043043766465285e-04
-9.9962593094181056e-05
-9.9456860320291669e-05
-9.8964559849181022e-05
-9.8461593362408149e-05
-9.7895045008698615e-05
-9.7364350904795711e-05
-9.6831115755117468e-05
-9.6248872908642793e-05
-9.5706379983836654e-05
-9.5168071029722462e-05
-9.4543603797413400e-05
-9.4001692035790242e-05
-9.3441957360251203e-05
-9.2835760912740085e-05
-9.2294550172029673e-05
-9.1720247101521627e-05
-9.1116803945132051e-05
-9.0572054131810321e-05
-8.9978751097060034e-05
-8.9408799580948498e-05
-8.8873706526481066e-05
-8.8255166713997562e-05
-8.7712463792112249e-05
-8.7165988743125429e-05
-8.6537784655283959e-05
-8.6034313989246628e-05
-8.5460199813197521e-05
-8.4878195511067483e-05
-8.4373814431419061e-05
-8.3751761734769016e-05
-8.3231567232299898e-05
-8.2704077166712093e-05
-8.2105286967398413e-05
-8.1610074561355272e-05
-8.1033713822369400e-05
-8.0487020465366764e-05
-7.9986449334279125e-05
-7.9396332065810962e-05
-7.8904489325173956e-05
-7.8348608331604833e-05
-7.7822668851097786e-05
-7.7301875758223695e-05
-7.6750726529776765e-05
-7.6264393131471889e-05
-7.5692074713664122e-05
-7.5215109949305158e-05
-7.4678136143978326e-05
-7.4149215418979771e-05
-7.3681180021198674e-05
-7.3098669722247492e-05
-7.2653182092178884e-05
-7.2097995240291422e-05
-7.1617494901298276e-05
-7.1110110914571827e-05
-7.0598314037071986e-05
-7.0109675938215518e-05
-6.9593622732979369e-05
-6.9131091708058613e-05
-6.8586108053511421e-05
-6.8149768746665013e-05
-6.7605475712482021e-05
-6.7150917835167643e-05
-6.6643724841717686e-05
-6.6161351562541996e-05
-6.5681280771285789e-05
-6.5193521790276186e-05
-6.4720261182997407e-05
-6.4230493484500076e-05
-6.3767559283536219e-05
-6.3259297544677562e-05
-6.2829553532623401e-05
-6.2299774907683249e-05
-6.1884753281426933e-05
-6.1362095447484267e-05
-6.0940162662992189e-05
-6.0426510292228436e-05
-6.0005111489650186e-05
-5.9484700956034104e-05
-5.9080435696091168e-05
-5.8553822037174625e-05
-5.8151814452123730e-05
-5.7636905979468565e-05
-5.7226078729509969e-05
-5.6719790893811051e-05
-5.6304964896197164e-05
-5.5799025502152445e-05
-5.5394030123208864e-05
-5.4886447317398104e-05
-5.4473892277482720e-05
-5.3992001121651872e-05
-5.3554554109761848e-05
-5.3099420894141122e-05
-5.2644357498804194e-05
-5.2196760404475117e-05
-5.1739585886476399e-05
-5.1299547035317202e-05
-5.0832838844937255e-05
-5.0413853885395259e-05
-4.9922981950567415e-05
-4.9519055534446451e-05
-4.9028156905739451e-05
-4.8612084926034387e-05
-4.8147146259916957e-05
-4.7699649842385813e-05
-4.7269500197493970e-05
-4.6790471516995029e-05
-4.6384953319974294e-05
-4.5889956716163615e-05
-4.5473293139481537e-05
-4.5012837538848065e-05
-4.4567409736476636e-05
-4.4130477655972676e-05
-4.3661793666753352e-05
-4.3247157967980237e-05
-4.2755683293052212e-05
-4.2333006503938423e-05
-4.1872642549837232e-05
-4.1417948117886901e-05
-4.0989315110933085e-05
-4.0499046430974035e-05
-4.0070252567020128e-05
-3.9610478841095995e-05
-3.9148571202553998e-05
-3.8714546708413216e-05
-3.8219244455080447e-05
0.0000000000000000e+00
];
