%Vec Object:dSdr_b_aug_8020 1 MPI processes
%  type: seq
dSdr_b_aug_8020 = [
2.2939320591657329e+03
0.0000000000000000e+00
-7.1875326524494434e-07
-2.9736096197496049e-07
-1.8517580901430036e-07
-1.3165952636692512e-07
-9.8751175946906610e-08
-7.8400656520460981e-08
-6.4606756666281085e-08
-5.4238707368297062e-08
-4.6538773987314899e-08
-4.0635382015756185e-08
-3.5829674654697294e-08
-3.1936456728127331e-08
-2.8744369867423933e-08
-2.6052647122794888e-08
-2.3752594226044960e-08
-2.2536124270623983e-08
-8.1852868845943002e-05
-7.8289205108202260e-04
-7.4350699088635464e-04
-7.0462097991638435e-04
-6.6651541765352733e-04
-6.2855140541855179e-04
-5.8640753353994448e-04
-5.4571549428798413e-04
-5.0669380196974886e-04
-4.6727803664241789e-04
-4.2682752312380161e-04
-3.8358265743582918e-04
-3.4552504086377364e-04
-3.0894034623059997e-04
-2.7439817093736661e-04
-2.3796339003538208e-04
-2.0832557044405601e-04
-1.8252751950093094e-04
-1.5996083605498737e-04
-1.3864925753715774e-04
-1.2250778970306070e-04
-1.1026640021013998e-04
-1.0060637478345363e-04
-9.2823360496136200e-05
-8.7979420465712519e-05
-8.5033612567090311e-05
-8.3434044577004835e-05
-8.3076033595492574e-05
-8.3580474675597151e-05
-8.4595126270930085e-05
-8.6050201827284179e-05
-8.8009929809516128e-05
-8.9734893516291465e-05
-9.1541879060595593e-05
-9.3383284225255484e-05
-9.5157788132771377e-05
-9.6646302460229736e-05
-9.7981666305298543e-05
-9.9267164328364606e-05
-1.0030661076050237e-04
-1.0116265142270878e-04
-1.0185820456949234e-04
-1.0248759712372310e-04
-1.0290644335875766e-04
-1.0316603976567791e-04
-1.0338072390573928e-04
-1.0349069408828218e-04
-1.0346809202635281e-04
-1.0338714635236827e-04
-1.0324776875695181e-04
-1.0301828592365228e-04
-1.0273379397872777e-04
-1.0243215610686429e-04
-1.0207577272056390e-04
-1.0168568487467660e-04
-1.0124011322119202e-04
-1.0079679560319808e-04
-1.0032595308106192e-04
-9.9816666591138496e-05
-9.9321365364520166e-05
-9.8815409439626038e-05
-9.8245219975403539e-05
-9.7711516433512965e-05
-9.7175238763725754e-05
-9.6589457725064699e-05
-9.6043971960050898e-05
-9.5502648556384983e-05
-9.4874610470455586e-05
-9.4329717905230229e-05
-9.3766930269536706e-05
-9.3157310746320199e-05
-9.2613168649863432e-05
-9.2035764573995758e-05
-9.1428979333325270e-05
-9.0881323370882737e-05
-9.0284832567769492e-05
-8.9711744989031316e-05
-8.9173795659042024e-05
-8.8551964473840825e-05
-8.8006250850180604e-05
-8.7456912036860853e-05
-8.6825354884007973e-05
-8.6319061314361016e-05
-8.5741977147906051e-05
-8.5156815890738023e-05
-8.4649650251835689e-05
-8.4024378760348559e-05
-8.3501302144933489e-05
-8.2970963600964239e-05
-8.2369013573883279e-05
-8.1871068518146956e-05
-8.1291603791067089e-05
-8.0741988610836849e-05
-8.0238670946351835e-05
-7.9645351335548627e-05
-7.9150863453795984e-05
-7.8591916595750899e-05
-7.8063138661325831e-05
-7.7539529461675882e-05
-7.6985334423231738e-05
-7.6496350682103183e-05
-7.5920928747351925e-05
-7.5441258151244832e-05
-7.4901403819335752e-05
-7.4369563879100103e-05
-7.3898830815633754e-05
-7.3313236917273215e-05
-7.2865161558956915e-05
-7.2306902299502674e-05
-7.1823777159777226e-05
-7.1313429131024376e-05
-7.0798835138486451e-05
-7.0307430903941505e-05
-6.9788422321834909e-05
-6.9323290887882805e-05
-6.8775199521636332e-05
-6.8336330601758742e-05
-6.7788955863784292e-05
-6.7331764279387143e-05
-6.6821648294242836e-05
-6.6336510996930503e-05
-6.5853629226950364e-05
-6.5363022704665138e-05
-6.4887036363326945e-05
-6.4394324129742300e-05
-6.3928716748852207e-05
-6.3417460028872153e-05
-6.2985076169149351e-05
-6.2452272254026023e-05
-6.2034636055596142e-05
-6.1508920576749550e-05
-6.1084439907993482e-05
-6.0567622502143377e-05
-6.0143698204500566e-05
-5.9620107697464934e-05
-5.9213327304992669e-05
-5.8683513349921769e-05
-5.8278972287020156e-05
-5.7760895106467092e-05
-5.7347504410987024e-05
-5.6838048980014780e-05
-5.6420598775248268e-05
-5.5911521565099947e-05
-5.5503843996298821e-05
-5.4993162574609923e-05
-5.4577877356085077e-05
-5.4092897665945140e-05
-5.3652667876405412e-05
-5.3194490301636618e-05
-5.2736543476774588e-05
-5.2285963099372292e-05
-5.1825794534779982e-05
-5.1382847936629972e-05
-5.0913027356215775e-05
-5.0491230683675153e-05
-4.9997087984536346e-05
-4.9590407992131817e-05
-4.9096231446723547e-05
-4.8677307704736143e-05
-4.8209187939450988e-05
-4.7758667030196308e-05
-4.7325459422161872e-05
-4.6843224261497527e-05
-4.6434795080419549e-05
-4.5936381126829907e-05
-4.5516813449715948e-05
-4.5053024718555752e-05
-4.4604504918113080e-05
-4.4164414783826134e-05
-4.3692395191898636e-05
-4.3274750243919865e-05
-4.2779734577146959e-05
-4.2353982231104895e-05
-4.1890280785459445e-05
-4.1432249781150908e-05
-4.1000475776721000e-05
-4.0506579007284922e-05
-4.0074626004123961e-05
-3.9611439482977439e-05
-3.9146073072782553e-05
-3.8708935674452404e-05
-3.8210318614969323e-05
0.0000000000000000e+00
];
