%Vec Object:dSdr_b_aug_2930 1 MPI processes
%  type: seq
dSdr_b_aug_2930 = [
2.3796945082543211e+03
0.0000000000000000e+00
-1.2774411545734583e-06
-5.2491289832051699e-07
-3.2352852636350137e-07
-2.2854022786531383e-07
-1.7128889464999355e-07
-1.3591479343174839e-07
-1.1193966191042363e-07
-9.3853223648382520e-08
-8.0425462208625382e-08
-7.0134061125774686e-08
-6.1750873700904409e-08
-5.4959935184945653e-08
-4.9393084452425653e-08
-4.4699262126416775e-08
-4.0688815929681259e-08
-3.7267330922318094e-08
-3.4309309330539079e-08
-3.1699498599804701e-08
-2.9415269495258313e-08
-6.9081137015619515e-08
-1.6469373811446114e-04
-6.5513900087115092e-04
-6.1812744978415209e-04
-5.7568121522212851e-04
-5.3486995907288328e-04
-4.9366591976416079e-04
-4.5141358514717573e-04
-4.0629434167340715e-04
-3.6659656327141417e-04
-3.2846211352781981e-04
-2.9247679821967819e-04
-2.5453630912441994e-04
-2.2368151524966494e-04
-1.9683142109293649e-04
-1.7334732422149209e-04
-1.5116780502849903e-04
-1.3436835465796827e-04
-1.2162506964711989e-04
-1.1155808683769433e-04
-1.0343736626390444e-04
-9.8369727181713180e-05
-9.5269949198184285e-05
-9.3565301462805473e-05
-9.3143635299143790e-05
-9.3616631017982325e-05
-9.4617551735980585e-05
-9.6073784202605454e-05
-9.8041707102644279e-05
-9.9772567770273782e-05
-1.0158876129783321e-04
-1.0343500526371647e-04
-1.0520802043583102e-04
-1.0669029709773062e-04
-1.0801182512410024e-04
-1.0927372941560734e-04
-1.1028608523278250e-04
-1.1111055104686638e-04
-1.1176611539836771e-04
-1.1234862100738401e-04
-1.1271976528649631e-04
-1.1292630656421562e-04
-1.1307725797580450e-04
-1.1312885025790302e-04
-1.1304426404731834e-04
-1.1289457852829213e-04
-1.1268431650948525e-04
-1.1238607988017544e-04
-1.1202893302086712e-04
-1.1164987200329974e-04
-1.1122196222988426e-04
-1.1076003269878849e-04
-1.1022930949417896e-04
-1.0971258934580107e-04
-1.0916878786990062e-04
-1.0857301717005567e-04
-1.0800468874598303e-04
-1.0742598104429238e-04
-1.0676718049954585e-04
-1.0616023845056803e-04
-1.0554991717336418e-04
-1.0487802969717646e-04
-1.0425970934499589e-04
-1.0364502545949523e-04
-1.0293008606863692e-04
-1.0231265183495589e-04
-1.0167556650461884e-04
-1.0098264203839172e-04
-1.0036716164573465e-04
-9.9714290625941242e-05
-9.9026171468189077e-05
-9.8407790639652810e-05
-9.7733721396153094e-05
-9.7084313702036699e-05
-9.6476853239803223e-05
-9.5774922261203111e-05
-9.5155939338571600e-05
-9.4536907138561212e-05
-9.3823748825055985e-05
-9.3248756266070423e-05
-9.2599393498468211e-05
-9.1937403549721699e-05
-9.1362471956906428e-05
-9.0658866817859893e-05
-9.0065650147979967e-05
-8.9465990088778702e-05
-8.8787141449177799e-05
-8.8222693717473558e-05
-8.7567689305874638e-05
-8.6946967658945787e-05
-8.6376809434111237e-05
-8.5705556552671605e-05
-8.5146695618550352e-05
-8.4513136852748693e-05
-8.3915281340974618e-05
-8.3323138408007049e-05
-8.2694819505090800e-05
-8.2141336107982888e-05
-8.1490385928098243e-05
-8.0944865274522798e-05
-8.0334909452725416e-05
-7.9732026480566859e-05
-7.9195642081057285e-05
-7.8535004637813807e-05
-7.8023953406714994e-05
-7.7390922962595107e-05
-7.6843919732699610e-05
-7.6261437728894358e-05
-7.5678772141644679e-05
-7.5120050230795068e-05
-7.4529118534737490e-05
-7.4000702588416343e-05
-7.3376980827401798e-05
-7.2876550296626652e-05
-7.2254178086966740e-05
-7.1732891612113646e-05
-7.1151640607454111e-05
-7.0599237112429361e-05
-7.0047946289178800e-05
-6.9488040906179075e-05
-6.8945720032455329e-05
-6.8381348447056874e-05
-6.7850685485992509e-05
-6.7266541719377733e-05
-6.6769913441529972e-05
-6.6163484840865437e-05
-6.5682219309085146e-05
-6.5082091720435051e-05
-6.4595604622654136e-05
-6.4001761592876762e-05
-6.3516375699655068e-05
-6.2915395983158972e-05
-6.2447406139369172e-05
-6.1839708346363433e-05
-6.1373511324546963e-05
-6.0778318992848513e-05
-6.0302542975323381e-05
-5.9715999405932245e-05
-5.9234685094702237e-05
-5.8649244382402993e-05
-5.8176291539114735e-05
-5.7590200508878275e-05
-5.7108472043515925e-05
-5.6548327982493325e-05
-5.6040374749770473e-05
-5.5508107728766681e-05
-5.4979987807449881e-05
-5.4456804177067204e-05
-5.3923770309546705e-05
-5.3410058508821294e-05
-5.2864492332555130e-05
-5.2374267293270068e-05
-5.1800524424448629e-05
-5.1326830534566105e-05
-5.0752879329401771e-05
-5.0264551711130488e-05
-4.9719012901209631e-05
-4.9194883835162749e-05
-4.8687253076611381e-05
-4.8126979868602490e-05
-4.7647703338598455e-05
-4.7066118154637841e-05
-4.6575868948749408e-05
-4.6030956484814879e-05
-4.5507179752285691e-05
-4.4990223240702963e-05
-4.4437013860813987e-05
-4.3946118099428866e-05
-4.3364906305529065e-05
-4.2864278486778615e-05
-4.2319317633147336e-05
-4.1780035410617557e-05
-4.1271747189665187e-05
-4.0689443272142587e-05
-4.0180424044093308e-05
-3.9633847077085950e-05
-3.9083591007555603e-05
-3.8568679408429311e-05
-3.7978636409544883e-05
0.0000000000000000e+00
];
