%Vec Object:dSdr_b_aug_1720 1 MPI processes
%  type: seq
dSdr_b_aug_1720 = [
2.4232218805881053e+03
0.0000000000000000e+00
-1.7458100208235905e-06
-7.1558602788783749e-07
-4.3904642913197061e-07
-3.0949958866332325e-07
-2.3230177223277260e-07
-1.8462322323623266e-07
-1.5230771829851106e-07
-1.2785990409715431e-07
-1.0971024753307589e-07
-9.5801872270469093e-08
-8.4461577638171755e-08
-7.5273472982873719e-08
-6.7741782612178864e-08
-6.1389467316657730e-08
-5.5960101279205659e-08
-5.1328053806284947e-08
-4.7323201248145714e-08
-4.3788429880217603e-08
-4.0691735878837145e-08
-3.7960692417031139e-08
-3.5507765740997019e-08
-4.8190520101419447e-08
-3.6649410670717221e-05
-5.4869522388969018e-04
-5.4730329888925174e-04
-5.0660969203394890e-04
-4.6353930628999533e-04
-4.1749996991359637e-04
-3.7699332161180154e-04
-3.3809425588426651e-04
-3.0139689339867508e-04
-2.6271348118507738e-04
-2.3125822619537097e-04
-2.0388904861500120e-04
-1.7995229532081645e-04
-1.5734452985370674e-04
-1.4022042769763253e-04
-1.2722950496084917e-04
-1.1696172733063110e-04
-1.0867438073786101e-04
-1.0349636729265862e-04
-1.0032061951311014e-04
-9.8564124682937166e-05
-9.8111050478108533e-05
-9.8568530628647462e-05
-9.9562676193135034e-05
-1.0101947921591733e-04
-1.0299144526225945e-04
-1.0472521527683829e-04
-1.0654595183803403e-04
-1.0839458307432947e-04
-1.1016686349278134e-04
-1.1164606227219999e-04
-1.1296076346213419e-04
-1.1421102632318680e-04
-1.1521001534255184e-04
-1.1601890182611047e-04
-1.1665473537216794e-04
-1.1721410659956071e-04
-1.1756171437538981e-04
-1.1774207787433183e-04
-1.1786158312921359e-04
-1.1788437135981138e-04
-1.1776920176220483e-04
-1.1758559956465725e-04
-1.1734036272470745e-04
-1.1700820254112469e-04
-1.1661520729885227e-04
-1.1619794520198805e-04
-1.1573474377169328e-04
-1.1523736702120350e-04
-1.1466462944726842e-04
-1.1411169196317334e-04
-1.1353189202070523e-04
-1.1289344942844600e-04
-1.1228908887661563e-04
-1.1167448494615588e-04
-1.1097196311497303e-04
-1.1032888469105511e-04
-1.0968202980255186e-04
-1.0896765685631825e-04
-1.0831339943741159e-04
-1.0766251900965818e-04
-1.0690470196807562e-04
-1.0625147520553677e-04
-1.0557773094408226e-04
-1.0484370334176222e-04
-1.0419302421971302e-04
-1.0350291737574952e-04
-1.0277466760007817e-04
-1.0212139071540077e-04
-1.0140904382799559e-04
-1.0072197935491292e-04
-1.0008022170230383e-04
-9.9338769034265390e-05
-9.8683634624026877e-05
-9.8030215311184119e-05
-9.7276794528529769e-05
-9.6667905498876768e-05
-9.5982880092383455e-05
-9.5282982496663833e-05
-9.4674614859089270e-05
-9.3932359521902600e-05
-9.3304535415470287e-05
-9.2670671792182788e-05
-9.1953881010763697e-05
-9.1356620546502676e-05
-9.0664344496898860e-05
-9.0008538585595497e-05
-8.9405400917358423e-05
-8.8695695393458613e-05
-8.8105072499528310e-05
-8.7434699871044368e-05
-8.6802761165019550e-05
-8.6176803374563783e-05
-8.5511911415966422e-05
-8.4926603598572389e-05
-8.4238387437523716e-05
-8.3660376071413995e-05
-8.3015831860551760e-05
-8.2377895939124676e-05
-8.1809118882164870e-05
-8.1111454620204170e-05
-8.0569330822657443e-05
-7.9899407947437687e-05
-7.9320886997130848e-05
-7.8702813778780019e-05
-7.8086561379138797e-05
-7.7494624645323409e-05
-7.6868205782438734e-05
-7.6308565002198892e-05
-7.5647526889056449e-05
-7.5116721618366411e-05
-7.4457345350486146e-05
-7.3904434209340157e-05
-7.3288084906873965e-05
-7.2702492014257742e-05
-7.2117447906493078e-05
-7.1523350207968839e-05
-7.0948299638034896e-05
-7.0348571068014137e-05
-6.9785809462150232e-05
-6.9165702971294273e-05
-6.8637376290701059e-05
-6.7994621024069463e-05
-6.7481960588141338e-05
-6.6845117828286517e-05
-6.6328036591031792e-05
-6.5696188884480867e-05
-6.5180477692485390e-05
-6.4541313923500887e-05
-6.4043123209491434e-05
-6.3396997334154553e-05
-6.2900379156194530e-05
-6.2267138041566058e-05
-6.1760581024417603e-05
-6.1136002030175336e-05
-6.0623177112094236e-05
-6.0000058550538382e-05
-5.9494898861261610e-05
-5.8871600681574962e-05
-5.8357089134319971e-05
-5.7759858976389773e-05
-5.7218491065998473e-05
-5.6649668383906306e-05
-5.6086925186189058e-05
-5.5527919269221134e-05
-5.4958933866707263e-05
-5.4410306782963178e-05
-5.3827368035520589e-05
-5.3303380846190807e-05
-5.2690363690712853e-05
-5.2183605722796558e-05
-5.1570294331810019e-05
-5.1047723633009004e-05
-5.0463987166884892e-05
-4.9903540918189065e-05
-4.9359191047010290e-05
-4.8760415363929348e-05
-4.8246184548290710e-05
-4.7623564783827170e-05
-4.7098443876185274e-05
-4.6513508018196249e-05
-4.5952603259640392e-05
-4.5397725464327181e-05
-4.4804462744091329e-05
-4.4277432225110212e-05
-4.3653700488047284e-05
-4.3116141194758249e-05
-4.2531103201532203e-05
-4.1951754182278537e-05
-4.1405746419362768e-05
-4.0779872194935413e-05
-4.0232909904212439e-05
-3.9645336142889705e-05
-3.9053510875141744e-05
-3.8501111912714457e-05
-3.7870671278622947e-05
0.0000000000000000e+00
];
