%Vec Object:dSdr_b_aug_930 1 MPI processes
%  type: seq
dSdr_b_aug_930 = [
2.4731444131176104e+03
0.0000000000000000e+00
-2.5297104490766220e-06
-1.0317415005279215e-06
-6.2822735628479873e-07
-4.4088447170460137e-07
-3.3085633569757121e-07
-2.6294322304331397e-07
-2.1691609559447754e-07
-1.8199583373962587e-07
-1.5607655610366877e-07
-1.3621838567668555e-07
-1.2001845965704677e-07
-1.0689310740554480e-07
-9.6135197308639569e-08
-8.7061970778568319e-08
-7.9307095963421532e-08
-7.2691618857717848e-08
-6.6972363857391517e-08
-6.1924899034685600e-08
-5.7503308814578285e-08
-5.3604056151682491e-08
-5.0098107347723708e-08
-4.6963859530623109e-08
-4.4152048433028759e-08
-4.1693277149029048e-08
-1.2881579092091189e-07
-3.4158254621653515e-05
-3.9538258910962334e-04
-4.2366407602115733e-04
-3.8776249557579437e-04
-3.4856262158170843e-04
-3.1115356609536036e-04
-2.7166753286223747e-04
-2.3955668287005272e-04
-2.1161940582930543e-04
-1.8718696355069444e-04
-1.6411016100242482e-04
-1.4663046714514182e-04
-1.3336830099854117e-04
-1.2288058594991483e-04
-1.1441072732828794e-04
-1.0911181618967229e-04
-1.0585285528269016e-04
-1.0403956984794185e-04
-1.0355209276033171e-04
-1.0399257772343169e-04
-1.0497930185407719e-04
-1.0643672952195029e-04
-1.0841312389771458e-04
-1.1015008036290194e-04
-1.1197579283707343e-04
-1.1382703869707367e-04
-1.1559851406263999e-04
-1.1707434127326366e-04
-1.1838156451156147e-04
-1.1961907579214309e-04
-1.2060342337258062e-04
-1.2139524494284870e-04
-1.2200946628961417e-04
-1.2254349723579913e-04
-1.2286532427819921e-04
-1.2301701394468604e-04
-1.2310207468169094e-04
-1.2309331241784773e-04
-1.2294464334647358e-04
-1.2272389057598797e-04
-1.2244034413626701e-04
-1.2207102585823557e-04
-1.2163876417421854e-04
-1.2117965864563077e-04
-1.2067780066201609e-04
-1.2014159696350348e-04
-1.1952283914584888e-04
-1.1893023117024527e-04
-1.1831100047340479e-04
-1.1762581742227765e-04
-1.1698198924502995e-04
-1.1632806654509530e-04
-1.1557765480589070e-04
-1.1489499456914731e-04
-1.1420812275656230e-04
-1.1344721354697135e-04
-1.1275359262574010e-04
-1.1206306447991961e-04
-1.1125828160132151e-04
-1.1056584965434686e-04
-1.0985195114276451e-04
-1.0907290132092586e-04
-1.0838366734472171e-04
-1.0765277432803833e-04
-1.0688056758435771e-04
-1.0618906738554039e-04
-1.0543479318139155e-04
-1.0470648145509054e-04
-1.0402715646045376e-04
-1.0324241382366888e-04
-1.0254768098033266e-04
-1.0185659583604388e-04
-1.0105907368153652e-04
-1.0041305624654117e-04
-9.9688967911154978e-05
-9.8947548365489437e-05
-9.8302556724699729e-05
-9.7517966087139887e-05
-9.6852234898212765e-05
-9.6180906571761458e-05
-9.5422556054155217e-05
-9.4789354358031664e-05
-9.4056253041092280e-05
-9.3362017792618173e-05
-9.2722756293404026e-05
-9.1970931898664968e-05
-9.1345518741226244e-05
-9.0634822273839459e-05
-8.9965550754552882e-05
-8.9302554073735236e-05
-8.8597602047640195e-05
-8.7977435558548201e-05
-8.7248400341273440e-05
-8.6634800486924221e-05
-8.5952370110705910e-05
-8.5276039172007382e-05
-8.4671781036789812e-05
-8.3933559694494497e-05
-8.3357400778137953e-05
-8.2647068027813753e-05
-8.2034024367114047e-05
-8.1376966559264648e-05
-8.0723925085293639e-05
-8.0095606736566694e-05
-7.9430317261579126e-05
-7.8836474597208364e-05
-7.8134562290277349e-05
-7.7570486288354139e-05
-7.6870577903916142e-05
-7.6283026939040287e-05
-7.5628232993149244e-05
-7.5006286365780203e-05
-7.4384270877220595e-05
-7.3752720912950682e-05
-7.3141820155371307e-05
-7.2503363616406130e-05
-7.1905443053681210e-05
-7.1245945113614608e-05
-7.0682897892044921e-05
-7.0000352550173930e-05
-6.9453304024154431e-05
-6.8776245658669059e-05
-6.8225653463307369e-05
-6.7552177716798288e-05
-6.7003250060608825e-05
-6.6322261796660948e-05
-6.5790990934020866e-05
-6.5102773293975946e-05
-6.4572833706456483e-05
-6.3897916321672119e-05
-6.3357643776201886e-05
-6.2691403179857433e-05
-6.2144063601498911e-05
-6.1479675150670883e-05
-6.0939238225975046e-05
-6.0275185789013366e-05
-5.9724765887372680e-05
-5.9086914128931313e-05
-5.8508946121696582e-05
-5.7900082925858310e-05
-5.7299415887888846e-05
-5.6701172852113541e-05
-5.6092808818506010e-05
-5.5505938220397584e-05
-5.4882064458806857e-05
-5.4321096988529591e-05
-5.3665061970761857e-05
-5.3122088555503626e-05
-5.2465665453898399e-05
-5.1905588171710628e-05
-5.1280013683659610e-05
-5.0679789380111929e-05
-5.0095221440688378e-05
-4.9454274598073986e-05
-4.8901759438575697e-05
-4.8234195774862101e-05
-4.7670881935478548e-05
-4.7042110948571071e-05
-4.6440543307007798e-05
-4.5844134802091564e-05
-4.5207007459091222e-05
-4.4640406330911639e-05
-4.3970112647125427e-05
-4.3392116214291819e-05
-4.2763200784519874e-05
-4.2139993596354855e-05
-4.1552711311115184e-05
-4.0879175805120881e-05
-4.0290755903540379e-05
-3.9658464125567601e-05
-3.9021506155542898e-05
-3.8429170818905096e-05
-3.7760473366754829e-05
0.0000000000000000e+00
];
