%Vec Object:dSdr_b_aug_1430 1 MPI processes
%  type: seq
dSdr_b_aug_1430 = [
2.4386904193899118e+03
0.0000000000000000e+00
-1.9541449635768665e-06
-7.9967894127895039e-07
-4.8945655982316684e-07
-3.4451619913454165e-07
-2.5852555385686101e-07
-2.0542645972800857e-07
-1.6943795277929837e-07
-1.4219045209930744e-07
-1.2196376318036469e-07
-1.0646477036427657e-07
-9.3826290979690790e-08
-8.3586624282627305e-08
-7.5193303353925416e-08
-6.8114531530356476e-08
-6.2064507252346142e-08
-5.6903131699048134e-08
-5.2440800860300761e-08
-4.8502556247588880e-08
-4.5052503724920903e-08
-4.2009901338705257e-08
-3.9274050186964677e-08
-3.6852822715321563e-08
-1.0838329765511978e-07
-7.3901915336303982e-05
-5.2353968001638636e-04
-5.0957947148554507e-04
-4.6750679938518187e-04
-4.2124224539976627e-04
-3.8047165833965694e-04
-3.4131741395456415e-04
-3.0438186544654716e-04
-2.6544985934914811e-04
-2.3379367112358977e-04
-2.0625078994691482e-04
-1.8216256145426365e-04
-1.5941148919670209e-04
-1.4217874670379812e-04
-1.2910495532789150e-04
-1.1876998439659642e-04
-1.1042687862670564e-04
-1.0521192985323326e-04
-1.0201075976479309e-04
-1.0023691495960471e-04
-9.9773330431084765e-05
-1.0022561845949424e-04
-1.0121749676503123e-04
-1.0267449067270090e-04
-1.0464780966073194e-04
-1.0638255320984639e-04
-1.0820480999886190e-04
-1.1005424006805466e-04
-1.1182627457838455e-04
-1.1330444335562130e-04
-1.1461686000836636e-04
-1.1586322719474548e-04
-1.1685774317030298e-04
-1.1766141621734848e-04
-1.1829064709308488e-04
-1.1884227669022979e-04
-1.1918200827247815e-04
-1.1935361171166356e-04
-1.1946259391571721e-04
-1.1947574324137479e-04
-1.1935033930902982e-04
-1.1915538733619358e-04
-1.1889844662833485e-04
-1.1855493436989174e-04
-1.1814994293526173e-04
-1.1771989735467695e-04
-1.1724488605646276e-04
-1.1673564738054273e-04
-1.1614885027203488e-04
-1.1558379315229774e-04
-1.1499194681527825e-04
-1.1433922465560750e-04
-1.1372280644399430e-04
-1.1309619033002834e-04
-1.1237903776446964e-04
-1.1172386679452242e-04
-1.1106478642973597e-04
-1.1033619629728201e-04
-1.0966991302700068e-04
-1.0900691991745813e-04
-1.0823475445065686e-04
-1.0756955020334438e-04
-1.0688353849119368e-04
-1.0613575622444400e-04
-1.0547329827000087e-04
-1.0477073090903932e-04
-1.0402905191412445e-04
-1.0336409748752686e-04
-1.0263894147960875e-04
-1.0193927566476222e-04
-1.0128604091178368e-04
-1.0053136283507991e-04
-9.9864130809071167e-05
-9.9199204304972405e-05
-9.8432310222094807e-05
-9.7812078188221649e-05
-9.7115118757798267e-05
-9.6402535881004464e-05
-9.5782979324088104e-05
-9.5027790221343896e-05
-9.4388385205296851e-05
-9.3743075823054744e-05
-9.3013588218025556e-05
-9.2405347418167159e-05
-9.1700598920322617e-05
-9.1033052536159201e-05
-9.0418878745262293e-05
-8.9696305566357837e-05
-8.9095053964678321e-05
-8.8412362077178197e-05
-8.7769017893857829e-05
-8.7131744421608086e-05
-8.6454613787441143e-05
-8.5858656361743822e-05
-8.5157969647422818e-05
-8.4569085707708301e-05
-8.3912966964287116e-05
-8.3263301051708646e-05
-8.2683684234731856e-05
-8.1973629453394880e-05
-8.1421107647124821e-05
-8.0738839224124762e-05
-8.0149771301043916e-05
-7.9519787970152312e-05
-7.8892296204655790e-05
-7.8289244586599558e-05
-7.7650950430572288e-05
-7.7080860690009864e-05
-7.6407335172408751e-05
-7.5866365414819980e-05
-7.5194606248456261e-05
-7.4631112350419371e-05
-7.4003017887643680e-05
-7.3406318623106247e-05
-7.2809979446853334e-05
-7.2204439764741673e-05
-7.1618436657829325e-05
-7.1006876364847787e-05
-7.0433373396438519e-05
-6.9801232481803371e-05
-6.9262298375976462e-05
-6.8607386899436604e-05
-6.8084220602018350e-05
-6.7435091626435193e-05
-6.6907772495262489e-05
-6.6263207059807884e-05
-6.5737347940546151e-05
-6.5085406420068638e-05
-6.4577109420226787e-05
-6.3918124135676666e-05
-6.3411325959886341e-05
-6.2765352367574734e-05
-6.2248494940306368e-05
-6.1611187943287117e-05
-6.1087818467073948e-05
-6.0452091566450870e-05
-5.9936154338171133e-05
-5.9300405339828161e-05
-5.8774923431650092e-05
-5.8165282971921058e-05
-5.7612733355185196e-05
-5.7031677884620253e-05
-5.6457348551004856e-05
-5.5886355272263580e-05
-5.5305339264558490e-05
-5.4745028351767709e-05
-5.4149583487186518e-05
-5.3614298369691874e-05
-5.2988138738132468e-05
-5.2470316469340091e-05
-5.1843833889021207e-05
-5.1309804388690889e-05
-5.0713285799979474e-05
-5.0140686730181907e-05
-4.9584049568841184e-05
-4.8972389857589772e-05
-4.8446462410271738e-05
-4.7810111386434030e-05
-4.7273321608156630e-05
-4.6674993024818123e-05
-4.6101664544452498e-05
-4.5534097714074775e-05
-4.4927432681746469e-05
-4.4388311389582633e-05
-4.3750352509838390e-05
-4.3200436639316879e-05
-4.2601990108111276e-05
-4.2009237052214403e-05
-4.1450612379099169e-05
-4.0810166225495429e-05
-4.0250520307789145e-05
-3.9649252080988210e-05
-3.9043568558526762e-05
-3.8478772062810256e-05
-3.7835595890009699e-05
0.0000000000000000e+00
];
