%Vec Object:dSdr_b_aug_9570 1 MPI processes
%  type: seq
dSdr_b_aug_9570 = [
2.2756163951709150e+03
0.0000000000000000e+00
-6.4015712656749274e-07
-2.6531801252861519e-07
-1.6561973688357648e-07
-1.1796297278006869e-07
-8.8545735588194233e-08
-7.0350399818414135e-08
-5.8016607682122766e-08
-4.8750429658779389e-08
-4.1868005042361328e-08
-3.6590890866733237e-08
-3.2294700031964459e-08
-2.8813907108158030e-08
-2.5959741841471189e-08
-2.3552634033816978e-08
-2.1512295086278990e-08
-6.8222545397171009e-06
-8.0149464792458598e-04
-7.7813297193043160e-04
-7.3630369773549156e-04
-6.9775942072613367e-04
-6.5999966102886650e-04
-6.2237349369906846e-04
-5.8060113156939506e-04
-5.4025759624538416e-04
-5.0156266787315901e-04
-4.6247259557224702e-04
-4.2235020964417181e-04
-3.7944668294453596e-04
-3.4168775267972060e-04
-3.0538528057635878e-04
-2.7110591237169436e-04
-2.3494533272357712e-04
-2.0552913382602448e-04
-1.7992266860487028e-04
-1.5752305369643485e-04
-1.3636953432531089e-04
-1.2034789024145039e-04
-1.0819789980798678e-04
-9.8611984455634018e-05
-9.0890469070073926e-05
-8.6087266312676356e-05
-8.3169497485646580e-05
-8.1589065247973211e-05
-8.1242646277354596e-05
-8.1752813707115630e-05
-8.2769965708555352e-05
-8.4224830491807877e-05
-8.6183066027658653e-05
-8.7906955771368633e-05
-8.9712264394444012e-05
-9.1552788304827590e-05
-9.3327563256854619e-05
-9.4817213451578959e-05
-9.6155096851093894e-05
-9.7444891424413707e-05
-9.8489271220518319e-05
-9.9351061863881725e-05
-1.0005389724030465e-04
-1.0069182823369518e-04
-1.0111936133037177e-04
-1.0138861945589443e-04
-1.0161490979074700e-04
-1.0173551101392101e-04
-1.0172419672038448e-04
-1.0165576908144056e-04
-1.0152930006698386e-04
-1.0131233781215379e-04
-1.0104107687107020e-04
-1.0075353833986722e-04
-1.0041018045827389e-04
-1.0003317553581914e-04
-9.9603110636752948e-05
-9.9173160185056321e-05
-9.8715604050812088e-05
-9.8222067003967583e-05
-9.7740064593557780e-05
-9.7247357328958997e-05
-9.6693304628454071e-05
-9.6172938384744936e-05
-9.5650144628420575e-05
-9.5080044239147926e-05
-9.4547822216028282e-05
-9.4019858323952897e-05
-9.3407645639588432e-05
-9.2875963474002180e-05
-9.2326706024248921e-05
-9.1732256977468515e-05
-9.1201106137679330e-05
-9.0637445177651097e-05
-9.0045471474603793e-05
-8.9510695058814068e-05
-8.8928331891971859e-05
-8.8369142798759898e-05
-8.7843851985350507e-05
-8.7236607594836683e-05
-8.6704236879524312e-05
-8.6167589773072451e-05
-8.5550892825904997e-05
-8.5057109875762726e-05
-8.4493188207109096e-05
-8.3922018057669022e-05
-8.3427193131183476e-05
-8.2816186811875568e-05
-8.2305883251287599e-05
-8.1788168699854200e-05
-8.1200222514072267e-05
-8.0714388118355624e-05
-8.0148679761321998e-05
-7.9612013627592621e-05
-7.9120868154797618e-05
-7.8541740805079761e-05
-7.8058975762707711e-05
-7.7513616319799532e-05
-7.6997417955767714e-05
-7.6486289288372567e-05
-7.5945592788899733e-05
-7.5468354943240655e-05
-7.4906687296453478e-05
-7.4439008514734473e-05
-7.3911920216477146e-05
-7.3393017772195520e-05
-7.2934240334825978e-05
-7.2362312457499757e-05
-7.1925705502798814e-05
-7.1381062665763081e-05
-7.0909570230928633e-05
-7.0412358368435028e-05
-6.9910160751164780e-05
-6.9431015597638869e-05
-6.8925104783003924e-05
-6.8471497959829867e-05
-6.7937179486404089e-05
-6.7509521423949692e-05
-6.6975804319123404e-05
-6.6530284922753239e-05
-6.6033123188566833e-05
-6.5560235599824862e-05
-6.5089811661681062e-05
-6.4611825012514504e-05
-6.4147918717305364e-05
-6.3668256221530430e-05
-6.3214495980393984e-05
-6.2716512572007585e-05
-6.2295828133992166e-05
-6.1776431861394342e-05
-6.1370383073968912e-05
-6.0858218634940114e-05
-6.0445029834922254e-05
-5.9942239411566421e-05
-5.9529507765663383e-05
-5.9020010454496692e-05
-5.8624376797927508e-05
-5.8108746116313122e-05
-5.7715433103771006e-05
-5.7211399214900448e-05
-5.6809369394839435e-05
-5.6313952338784954e-05
-5.5908132310327266e-05
-5.5412961516154454e-05
-5.5017171111538559e-05
-5.4520222397929499e-05
-5.4117037044388177e-05
-5.3645745406768921e-05
-5.3217848620840878e-05
-5.2773163351457148e-05
-5.2327995637106190e-05
-5.1890636924040174e-05
-5.1443737749016563e-05
-5.1013678099870371e-05
-5.0557651442078311e-05
-5.0148316172490331e-05
-4.9668669356012254e-05
-4.9274193193731171e-05
-4.8794544322370537e-05
-4.8388259662037502e-05
-4.7934238614936057e-05
-4.7497122443993051e-05
-4.7077468005850840e-05
-4.6609444335139829e-05
-4.6213917181660935e-05
-4.5730649559376180e-05
-4.5323953771406789e-05
-4.4874938577717694e-05
-4.4440123974318253e-05
-4.4014032193587710e-05
-4.3556798367242265e-05
-4.3152493543737091e-05
-4.2673175599771102e-05
-4.2261059603574064e-05
-4.1812157380563685e-05
-4.1368924567409965e-05
-4.0951086834860030e-05
-4.0473293378167073e-05
-4.0055380683284695e-05
-3.9607390912475210e-05
-3.9157506120684592e-05
-3.8734594742265492e-05
-3.8252956877487916e-05
0.0000000000000000e+00
];
