%Vec Object:dSdr_b_aug_1960 1 MPI processes
%  type: seq
dSdr_b_aug_1960 = [
2.4117094879398619e+03
0.0000000000000000e+00
-1.6037182473709786e-06
-6.5715512103397986e-07
-4.0328885550299647e-07
-2.8414829197823365e-07
-2.1295364302918999e-07
-1.6897951214280896e-07
-1.3917631074684725e-07
-1.1665643534694009e-07
-9.9939017821737395e-08
-8.7127909373461987e-08
-7.6688749532116098e-08
-6.8232309222068303e-08
-6.1300613962269331e-08
-5.5455949600403248e-08
-5.0462154655059522e-08
-4.6201927973906610e-08
-4.2518924350360489e-08
-3.9269583528751221e-08
-3.6423093501549623e-08
-3.3912785858817487e-08
-3.2025977813303395e-08
-2.2392259924470055e-06
-4.2149869023630216e-04
-5.8222697732966460e-04
-5.4529913618787625e-04
-5.0359012006923618e-04
-4.6066823316794975e-04
-4.1484398196926504e-04
-3.7452882336908163e-04
-3.3581098184949437e-04
-2.9928240489044013e-04
-2.6077510013879421e-04
-2.2946218283371328e-04
-2.0221605264765386e-04
-1.7838660040908868e-04
-1.5588034962077483e-04
-1.3883320534954609e-04
-1.2590098452631236e-04
-1.1568080482867893e-04
-1.0743295654961992e-04
-1.0228110713068458e-04
-9.9123367877249570e-05
-9.7379163357725381e-05
-9.6933534446432139e-05
-9.7394692622834760e-05
-9.8390444318548925e-05
-9.9847112189066476e-05
-1.0181811991241521e-04
-1.0355120035973820e-04
-1.0537086008786000e-04
-1.0721892550437358e-04
-1.0899138016572635e-04
-1.1047130861497209e-04
-1.1178762815033168e-04
-1.1304065064065358e-04
-1.1404280827902217e-04
-1.1485538785329650e-04
-1.1549589858358057e-04
-1.1606075380214284e-04
-1.1641394088813113e-04
-1.1660050980244376e-04
-1.1672746932698932e-04
-1.1675708552073541e-04
-1.1664916567133954e-04
-1.1647360336908513e-04
-1.1623665725325349e-04
-1.1591253859198927e-04
-1.1552804114673003e-04
-1.1511983454231012e-04
-1.1466499892036106e-04
-1.1417602485371918e-04
-1.1361324669034977e-04
-1.1306889444396708e-04
-1.1249762785664473e-04
-1.1186930053873376e-04
-1.1127348132112912e-04
-1.1066738651029742e-04
-1.0997522870942052e-04
-1.0934071633101669e-04
-1.0870252165189572e-04
-1.0799821978850798e-04
-1.0735248120446958e-04
-1.0671018113083253e-04
-1.0596252818183951e-04
-1.0531778599950316e-04
-1.0465273167456431e-04
-1.0392844748365121e-04
-1.0328611214749883e-04
-1.0260483197738654e-04
-1.0188609507902230e-04
-1.0124109023127361e-04
-1.0053781697754732e-04
-9.9859678963394846e-05
-9.9226051387159124e-05
-9.8493967249882152e-05
-9.7847402472170215e-05
-9.7202134550801662e-05
-9.6458257898179162e-05
-9.5857403954100110e-05
-9.5180832289407173e-05
-9.4489920599729663e-05
-9.3889478885651195e-05
-9.3156385473823434e-05
-9.2536764965893211e-05
-9.1911009203813962e-05
-9.1203212503889255e-05
-9.0613730207087201e-05
-8.9930289297132529e-05
-8.9282800013583527e-05
-8.8687480030208549e-05
-8.7986889599093928e-05
-8.7403795787745762e-05
-8.6742149782609483e-05
-8.6118290401284025e-05
-8.5500348326531875e-05
-8.4844125907294928e-05
-8.4266361976495364e-05
-8.3586979610053322e-05
-8.3016670072559728e-05
-8.2380324938675760e-05
-8.1750698216591459e-05
-8.1189599742923630e-05
-8.0500712579809725e-05
-7.9965954440040359e-05
-7.9304776806208766e-05
-7.8733727034776722e-05
-7.8124090606401260e-05
-7.7515799857233851e-05
-7.6931736593993631e-05
-7.6313729854284891e-05
-7.5761490820911578e-05
-7.5109298432803455e-05
-7.4585693394467988e-05
-7.3935088821014836e-05
-7.3389674201957227e-05
-7.2781644835929289e-05
-7.2203919378466234e-05
-7.1626876372576594e-05
-7.1040883845648251e-05
-7.0473591735537131e-05
-6.9882244415965595e-05
-6.9327091677506239e-05
-6.8715510022455958e-05
-6.8194697329396745e-05
-6.7560553165738391e-05
-6.7055334769589397e-05
-6.6427195202313114e-05
-6.5917366180478137e-05
-6.5294527335416235e-05
-6.4786004625159684e-05
-6.4155892231869860e-05
-6.3664860497728660e-05
-6.3027843837347428e-05
-6.2538436849794027e-05
-6.1914215029719349e-05
-6.1414954493690024e-05
-6.0799391617583527e-05
-6.0294036121378487e-05
-5.9679848903473106e-05
-5.9182323665063410e-05
-5.8567845236228688e-05
-5.8061104719271820e-05
-5.7472665599982812e-05
-5.6939218418224782e-05
-5.6379061015416464e-05
-5.5824525017385144e-05
-5.5274010508633039e-05
-5.4713547136175419e-05
-5.4173196424199393e-05
-5.3599116521395275e-05
-5.3083132314189248e-05
-5.2479424749699304e-05
-5.1980504232044533e-05
-5.1376522728697727e-05
-5.0862068884040218e-05
-5.0287386644214917e-05
-4.9735548805577931e-05
-4.9199902556134981e-05
-4.8610253153436362e-05
-4.8104307439878554e-05
-4.7491413971012007e-05
-4.6974558329348542e-05
-4.6399108748807459e-05
-4.5847003704206880e-05
-4.5301113373454063e-05
-4.4717343130084817e-05
-4.4198875702563461e-05
-4.3585219934221338e-05
-4.3056410920284008e-05
-4.2480867442272051e-05
-4.1911008328680362e-05
-4.1373930633587938e-05
-4.0758367458400776e-05
-4.0220371435253083e-05
-3.9642464864411597e-05
-3.9060384774502721e-05
-3.8516566168320053e-05
-3.7894072185474862e-05
0.0000000000000000e+00
];
