%Vec Object:dSdr_b_aug_9990 1 MPI processes
%  type: seq
dSdr_b_aug_9990 = [
2.2732286896818614e+03
0.0000000000000000e+00
-6.3062725145963799e-07
-2.6139329626717323e-07
-1.6319667088274700e-07
-1.1624647988019575e-07
-8.7253449496291951e-08
-6.9320186017534576e-08
-5.7164061117842504e-08
-4.8032377777066068e-08
-4.1249824847340267e-08
-3.6049252515800199e-08
-3.1815533631154185e-08
-2.8385377395105566e-08
-2.5572727466336023e-08
-2.3200655948010206e-08
-2.1228270253506429e-08
-2.0084511627453842e-05
-8.1009437601110932e-04
-7.7616206921251999e-04
-7.3438772793201650e-04
-6.9593898082535529e-04
-6.5827101211599689e-04
-6.2073447667484376e-04
-5.7906067712525751e-04
-5.3880960085989679e-04
-5.0020136386889360e-04
-4.6119769883258435e-04
-4.2116236606712089e-04
-3.7834939755269448e-04
-3.4066970959775289e-04
-3.0444211191911095e-04
-2.7023246716912502e-04
-2.3414463388653103e-04
-2.0478723186314549e-04
-1.7923159476850096e-04
-1.5687630352127394e-04
-1.3576471760333800e-04
-1.1977486309466027e-04
-1.0764912108720734e-04
-9.8082867343822266e-05
-9.0377667787089927e-05
-8.5585272738085617e-05
-8.2674942749656662e-05
-8.1099587274157056e-05
-8.0756243689126777e-05
-8.1267930327819454e-05
-8.2285745686397425e-05
-8.3740554543452643e-05
-8.5698394121723828e-05
-8.7421998933355781e-05
-8.9226862658241271e-05
-9.1067152763489942e-05
-9.2841999618899362e-05
-9.4331951157379613e-05
-9.5670502997112614e-05
-9.6961437452875297e-05
-9.8007126080237381e-05
-9.8870442205972828e-05
-9.9575209574830019e-05
-1.0021540583673832e-04
-1.0064524357905929e-04
-1.0091706498270511e-04
-1.0114643447077275e-04
-1.0126985613619790e-04
-1.0126153651677992e-04
-1.0119642994524284e-04
-1.0107338561120953e-04
-1.0085974509877983e-04
-1.0059199437802931e-04
-1.0030819643940213e-04
-9.9968294258809623e-05
-9.9594760270770854e-05
-9.9168809355304087e-05
-9.8742405248579889e-05
-9.8288374028635556e-05
-9.7799015351541629e-05
-9.7320541152807959e-05
-9.6831348793413770e-05
-9.6281577220054329e-05
-9.5764749397524491e-05
-9.5245532959866859e-05
-9.4679592689447386e-05
-9.4150889572932920e-05
-9.3626469995463719e-05
-9.3018455833217766e-05
-9.2490278422478503e-05
-9.1944610567804458e-05
-9.1354186289767595e-05
-9.0826482065663145e-05
-9.0266467191684298e-05
-8.9678423029989298e-05
-8.9147063592978775e-05
-8.8568448526596543e-05
-8.8012946739530858e-05
-8.7491014265074371e-05
-8.6887639791091535e-05
-8.6358808985799495e-05
-8.5825529023831143e-05
-8.5212774529946293e-05
-8.4722310681330495e-05
-8.4161881059981519e-05
-8.3594422791022190e-05
-8.3102871890545715e-05
-8.2495650161814023e-05
-8.1988735328921317e-05
-8.1474369958560287e-05
-8.0890139031601071e-05
-8.0407517628443653e-05
-7.9845458875453035e-05
-7.9312228160607217e-05
-7.8824312004957287e-05
-7.8248949902461702e-05
-7.7769294962873347e-05
-7.7227540299914222e-05
-7.6714679331842608e-05
-7.6206861785341570e-05
-7.5669746486810161e-05
-7.5195624860911793e-05
-7.4637606266052684e-05
-7.4173108947126815e-05
-7.3649407514242727e-05
-7.3133937424789994e-05
-7.2678331849462878e-05
-7.2110029606790556e-05
-7.1676465252729351e-05
-7.1135434891774965e-05
-7.0667028647266098e-05
-7.0173301847630109e-05
-6.9674393024668228e-05
-6.9198500240948447e-05
-6.8696064302030979e-05
-6.8245514991771810e-05
-6.7714850506833874e-05
-6.7290166717769663e-05
-6.6760073022850886e-05
-6.6317650292309078e-05
-6.5823925358915575e-05
-6.5354287653980494e-05
-6.4887168815409572e-05
-6.4412530255915680e-05
-6.3951828832869184e-05
-6.3475628471261480e-05
-6.3025011311783108e-05
-6.2530549352554277e-05
-6.2112968806403839e-05
-6.1597129621608179e-05
-6.1194155009563247e-05
-6.0685585702328508e-05
-6.0275392669826804e-05
-5.9776323647509107e-05
-5.9366561446934863e-05
-5.8860803103803521e-05
-5.8468126711366155e-05
-5.7956258896089095e-05
-5.7565924721115668e-05
-5.7065616561556703e-05
-5.6666600818509266e-05
-5.6174908187955701e-05
-5.5772173683468257e-05
-5.5280692306478298e-05
-5.4888055606230389e-05
-5.4394750225530504e-05
-5.3994775007461728e-05
-5.3527114856564063e-05
-5.3102490059679835e-05
-5.2661384346052105e-05
-5.2219606975658919e-05
-5.1785756018169481e-05
-5.1342377261364818e-05
-5.0915736568963675e-05
-5.0463369491850068e-05
-5.0057340283075066e-05
-4.9581539282343030e-05
-4.9190300849519859e-05
-4.8714506232281370e-05
-4.8311574779504773e-05
-4.7861294188656842e-05
-4.7427734362537995e-05
-4.7011675652488067e-05
-4.6547422369083373e-05
-4.6155318204345917e-05
-4.5676068998393439e-05
-4.5272788219186247e-05
-4.4827692557966788e-05
-4.4396514066979611e-05
-4.3974136191392307e-05
-4.3520825196099640e-05
-4.3120059701055677e-05
-4.2644906605793897e-05
-4.2236408628134544e-05
-4.1791433023144963e-05
-4.1352126683707625e-05
-4.0937986960683432e-05
-4.0464466788772956e-05
-4.0050280706259396e-05
-3.9606325720734279e-05
-3.9160554717120827e-05
-3.8741435709536959e-05
-3.8264398915046834e-05
0.0000000000000000e+00
];
