%Vec Object:dSdr_b_aug_530 1 MPI processes
%  type: seq
dSdr_b_aug_530 = [
2.5182310846206778e+03
0.0000000000000000e+00
-3.5833864490056842e-06
-1.4542567959491445e-06
-8.7894905742760440e-07
-6.1423056661966030e-07
-4.6087982297132420e-07
-3.6628470736592188e-07
-3.0217859909519991e-07
-2.5340252616511524e-07
-2.1720524866384893e-07
-1.8947794138977189e-07
-1.6684713602896278e-07
-1.4851142088895638e-07
-1.3348445982233583e-07
-1.2081080597866810e-07
-1.0997869042025203e-07
-1.0073877975454920e-07
-9.2751182430487654e-08
-8.5702410243133026e-08
-7.9528040824543927e-08
-7.4083342979894326e-08
-6.9188488557931729e-08
-6.4812845787318454e-08
-6.0887421156724772e-08
-5.7325122363225758e-08
-5.4085639103453864e-08
-5.1142362242336912e-08
-4.8711086090319109e-08
-8.8937765538683447e-08
-4.4575719463806312e-06
-1.0902865617022613e-04
-2.6880592927450939e-04
-2.6988402560768082e-04
-2.4460385863845556e-04
-2.1776920006321332e-04
-1.9331298007594145e-04
-1.6995320733440757e-04
-1.5220570063325243e-04
-1.3872259601275825e-04
-1.2804931428922023e-04
-1.1942301012171003e-04
-1.1401991945052683e-04
-1.1068899489371432e-04
-1.0882648911676084e-04
-1.0830918060365280e-04
-1.0873495244081455e-04
-1.0971527590384811e-04
-1.1117330346276147e-04
-1.1315360235831556e-04
-1.1489336484332890e-04
-1.1672344009463740e-04
-1.1857697923457605e-04
-1.2034775485029295e-04
-1.2182063644969526e-04
-1.2312132252648077e-04
-1.2434768492360844e-04
-1.2531923082237335e-04
-1.2609613149880262e-04
-1.2669145585120478e-04
-1.2720333003670632e-04
-1.2750261517222944e-04
-1.2762923329958094e-04
-1.2768417681569520e-04
-1.2764782776115868e-04
-1.2746986778953927e-04
-1.2721663173702875e-04
-1.2689958861040722e-04
-1.2649778048781814e-04
-1.2603118550424719e-04
-1.2553549345562673e-04
-1.2499983544895105e-04
-1.2442968274625670e-04
-1.2377068637434578e-04
-1.2314339184098136e-04
-1.2248968420874553e-04
-1.2176363288770563e-04
-1.2108529554474952e-04
-1.2039699383720243e-04
-1.1960470880346643e-04
-1.1888743957066257e-04
-1.1816557831993426e-04
-1.1736397940312779e-04
-1.1663594037789472e-04
-1.1591074562283117e-04
-1.1506489744205980e-04
-1.1433818582614653e-04
-1.1358917784330885e-04
-1.1277076219100156e-04
-1.1204781721308767e-04
-1.1128126221215017e-04
-1.1047062105733260e-04
-1.0974569974551780e-04
-1.0895476578479666e-04
-1.0819038892491635e-04
-1.0747821637732510e-04
-1.0665562253281951e-04
-1.0592626622549581e-04
-1.0520224741445934e-04
-1.0436616459267336e-04
-1.0368768339715641e-04
-1.0292943989184415e-04
-1.0215171516622993e-04
-1.0147470093392200e-04
-1.0065309396009905e-04
-9.9954218309348692e-05
-9.9250132325385309e-05
-9.8455443607954967e-05
-9.7790816269064287e-05
-9.7022018883074663e-05
-9.6294182480047183e-05
-9.5623335676928598e-05
-9.4834684136621439e-05
-9.4178851700019422e-05
-9.3432897599012461e-05
-9.2730983690336315e-05
-9.2035601616731079e-05
-9.1295622592361305e-05
-9.0644977015794028e-05
-8.9880251171264749e-05
-8.9235534106633821e-05
-8.8519977517795452e-05
-8.7810075445917771e-05
-8.7174794019489294e-05
-8.6401111119309461e-05
-8.5795193208231560e-05
-8.5049527613271044e-05
-8.4406298629719130e-05
-8.3715154196692192e-05
-8.3029945817518876e-05
-8.2369816851659200e-05
-8.1670540477514275e-05
-8.1046793083703605e-05
-8.0309142032145031e-05
-7.9715975478551008e-05
-7.8980627462838895e-05
-7.8362788876384389e-05
-7.7674380523332491e-05
-7.7020647710391416e-05
-7.6366305997540126e-05
-7.5702009350487860e-05
-7.5059762717929926e-05
-7.4387444088126384e-05
-7.3758782058171648e-05
-7.3064841928541821e-05
-7.2471436597192730e-05
-7.1754100549670889e-05
-7.1176984623767134e-05
-7.0464763514462356e-05
-6.9884870883918620e-05
-6.9174997446908054e-05
-6.8597026886834875e-05
-6.7879469200746756e-05
-6.7319274665151649e-05
-6.6594253960389983e-05
-6.6035179800334168e-05
-6.5323822698991530e-05
-6.4754071038536636e-05
-6.4051403615669370e-05
-6.3473886261410309e-05
-6.2773413562196116e-05
-6.2202132177636198e-05
-6.1502446437138703e-05
-6.0920630352192298e-05
-6.0247261392106813e-05
-5.9637292497392746e-05
-5.8993420317794366e-05
-5.8359595119168234e-05
-5.7727045731990404e-05
-5.7084251720000459e-05
-5.6463943761338804e-05
-5.5804279431325141e-05
-5.5210979403274554e-05
-5.4517332985477787e-05
-5.3942696120789626e-05
-5.3248579994135912e-05
-5.2655710840685376e-05
-5.1993557565293999e-05
-5.1358555993153012e-05
-5.0738826483185033e-05
-5.0061010909255630e-05
-4.9475026091262637e-05
-4.8768170737446369e-05
-4.8171468887357466e-05
-4.7504377793984510e-05
-4.6867265219381359e-05
-4.6234554909321860e-05
-4.5559087649485829e-05
-4.4957904411800202e-05
-4.4246920440062150e-05
-4.3633595373899372e-05
-4.2966352837909851e-05
-4.2304849794256509e-05
-4.1681553557478938e-05
-4.0966459463965512e-05
-4.0341977760577248e-05
-3.9670927145685588e-05
-3.8995234348038745e-05
-3.8370029157770803e-05
-3.7678800513940652e-05
0.0000000000000000e+00
];
