%Vec Object:dSdr_b_aug_2960 1 MPI processes
%  type: seq
dSdr_b_aug_2960 = [
2.3787028650846278e+03
0.0000000000000000e+00
-1.2679932186326906e-06
-5.2084720160106672e-07
-3.2091786986333170e-07
-2.2660507603356431e-07
-1.6975473881975275e-07
-1.3462874325813779e-07
-1.1082224945989725e-07
-9.2867226681298159e-08
-7.9537393860306194e-08
-6.9321074482678118e-08
-6.1000433911719053e-08
-5.4260537649308577e-08
-4.8735601934765823e-08
-4.4077514318490440e-08
-4.0098010234720330e-08
-3.6702974974417087e-08
-3.3767910623640249e-08
-3.1178698277422243e-08
-2.8913689227357159e-08
-9.3615340370964271e-08
-2.0457584254273439e-04
-6.5596376061188388e-04
-6.1786919849842544e-04
-5.7541592432628426e-04
-5.3461988220042064e-04
-4.9343169016208006e-04
-4.5119534789207918e-04
-4.0609274213435623e-04
-3.6640952253518710e-04
-3.2828882910949296e-04
-2.9231632375503172e-04
-2.5438919999014569e-04
-2.2354520851656899e-04
-1.9670445275920482e-04
-1.7322849925267359e-04
-1.5105668427908088e-04
-1.3426307444774498e-04
-1.2152424448235587e-04
-1.1146087400821256e-04
-1.0334315106852206e-04
-9.8277497647366262e-05
-9.5179086383347461e-05
-9.3475371397546908e-05
-9.3054270282861786e-05
-9.3527545142917625e-05
-9.4528587760519902e-05
-9.5984809975964915e-05
-9.7952660152144335e-05
-9.9683468491926352e-05
-1.0149958030075174e-04
-1.0334578132973779e-04
-1.0511880972993866e-04
-1.0660114177239769e-04
-1.0792279262301323e-04
-1.0918490635364408e-04
-1.1019750264898473e-04
-1.1102224874459160e-04
-1.1167816806293024e-04
-1.1226108986940113e-04
-1.1263265757974492e-04
-1.1283966980538437e-04
-1.1299118694370484e-04
-1.1304329742033167e-04
-1.1295926141452539e-04
-1.1281018606661146e-04
-1.1260055325492607e-04
-1.1230292692002400e-04
-1.1194642498296993e-04
-1.1156805123254730e-04
-1.1114077636395302e-04
-1.1067948453620687e-04
-1.1014951717909209e-04
-1.0963344858848634e-04
-1.0909029473282033e-04
-1.0849529170930363e-04
-1.0792761151094533e-04
-1.0734954959007750e-04
-1.0669153560033693e-04
-1.0608524365240534e-04
-1.0547557962256749e-04
-1.0480445646872184e-04
-1.0418678263188934e-04
-1.0357274992973753e-04
-1.0285858191657620e-04
-1.0224179159791092e-04
-1.0160536576981041e-04
-1.0091318075811574e-04
-1.0029833359859242e-04
-9.9646132459613198e-05
-9.8958735260476605e-05
-9.8340982219815434e-05
-9.7667601599509235e-05
-9.7018871359109255e-05
-9.6412027910936025e-05
-9.5710807936021989e-05
-9.5092475386542594e-05
-9.4474061818229643e-05
-9.3761627835087005e-05
-9.3187245080997327e-05
-9.2538523890702291e-05
-9.1877215906128874e-05
-9.1302885832531948e-05
-9.0599976016194803e-05
-9.0007381939018004e-05
-8.9408337206736203e-05
-8.8730171151653911e-05
-8.8166313725500815e-05
-8.7511979835884477e-05
-8.6891889359649096e-05
-8.6322324439384759e-05
-8.5651763326255527e-05
-8.5093473793837015e-05
-8.4460577314330253e-05
-8.3863334963582580e-05
-8.3271800364150643e-05
-8.2644139415194209e-05
-8.2091228543197060e-05
-8.1440948782984923e-05
-8.0896012641111213e-05
-8.0286679068489249e-05
-7.9684426702971776e-05
-7.9148625050924547e-05
-7.8488653724395266e-05
-7.7978161491924303e-05
-7.7345794746705294e-05
-7.6799358523626078e-05
-7.6217516809430055e-05
-7.5635455452134696e-05
-7.5077331078988579e-05
-7.4487037800382460e-05
-7.3959183591269602e-05
-7.3336133154800612e-05
-7.2836249067652413e-05
-7.2214542564039727e-05
-7.1693825018927151e-05
-7.1113205435043022e-05
-7.0561399019198492e-05
-7.0010715419388108e-05
-6.9451425157864938e-05
-6.8909693092650357e-05
-6.8345957580919259e-05
-6.7815872075213123e-05
-6.7232375279137257e-05
-6.6736317255762113e-05
-6.6130542172442093e-05
-6.5649841434592068e-05
-6.5050374351958688e-05
-6.4564437641521750e-05
-6.3971278315516996e-05
-6.3486437972397656e-05
-6.2886145185839812e-05
-6.2418698652831102e-05
-6.1811692178916636e-05
-6.1346042429835109e-05
-6.0751534592448490e-05
-6.0276312320082059e-05
-5.9690453003382614e-05
-5.9209705561643671e-05
-5.8624942667601150e-05
-5.8152569217579425e-05
-5.7567147535699301e-05
-5.7086008828099210e-05
-5.6526531935439219e-05
-5.6019179820360181e-05
-5.5487570422329311e-05
-5.4960073358369010e-05
-5.4437534153921277e-05
-5.3905147035403817e-05
-5.3392063339032952e-05
-5.2847169471384358e-05
-5.2357551785797189e-05
-5.1784515431129470e-05
-5.1311416329162020e-05
-5.0738173174849943e-05
-5.0250461544969068e-05
-4.9705609860354558e-05
-4.9182134082339562e-05
-4.8675163834059110e-05
-4.8115583208400087e-05
-4.7636935416421441e-05
-4.7056088339638215e-05
-4.6566466351778810e-05
-4.6022273761515797e-05
-4.5499164784877949e-05
-4.4982890261901217e-05
-4.4430401175777033e-05
-4.3940155146650907e-05
-4.3359707861553244e-05
-4.2859743887483273e-05
-4.2315503280230544e-05
-4.1776940833190565e-05
-4.1269329707472168e-05
-4.0687807359766890e-05
-4.0179467031727835e-05
-3.9633620871097771e-05
-3.9084098285913060e-05
-3.8569820680932815e-05
-3.7980289164562574e-05
0.0000000000000000e+00
];
