%Vec Object:dSdr_b_aug_6880 1 MPI processes
%  type: seq
dSdr_b_aug_6880 = [
2.3033300022881663e+03
0.0000000000000000e+00
-7.6387846570309889e-07
-3.1585266619860974e-07
-1.9651585684833446e-07
-1.3964976167176525e-07
-1.0474895542426826e-07
-8.3168050826034647e-08
-6.8540200954446110e-08
-5.7540737667102243e-08
-4.9372086531173165e-08
-4.3109540989224208e-08
-3.8010913144924370e-08
-3.3880363325194983e-08
-3.0493740522820676e-08
-2.7637937824050593e-08
-2.5197635926552941e-08
-2.3123688775037138e-08
-1.5229039192293670e-06
-7.0739647040660831e-04
-7.4955946926789430e-04
-7.1080844612988277e-04
-6.7239509198441347e-04
-6.3412627219755556e-04
-5.9164715586687198e-04
-5.5064063117911107e-04
-5.1132407127519632e-04
-4.7161440474251319e-04
-4.3086779309663408e-04
-3.8731490748164548e-04
-3.4898776021533625e-04
-3.1214839158774042e-04
-2.7736906254403020e-04
-2.4068684593790991e-04
-2.1084903880060464e-04
-1.8487810372598497e-04
-1.6216066009897256e-04
-1.4070645133779363e-04
-1.2445685582622087e-04
-1.1213298873732296e-04
-1.0240608709743767e-04
-9.4567576774640572e-05
-8.9686875800125410e-05
-8.6715765808724064e-05
-8.5098929969171621e-05
-8.4730458515907043e-05
-8.5229732222700272e-05
-8.6242127495049991e-05
-8.7697393261949912e-05
-8.9658468020250743e-05
-9.1384400867944136e-05
-9.3192899654381535e-05
-9.5035100060947457e-05
-9.6809359390025295e-05
-9.8296848733322483e-05
-9.9629938971993628e-05
-1.0091155985004029e-04
-1.0194655448402624e-04
-1.0279740644272595e-04
-1.0348638820417073e-04
-1.0410807578538648e-04
-1.0451908311254741e-04
-1.0476996091281564e-04
-1.0497417177561966e-04
-1.0507454864731072e-04
-1.0504176065153381e-04
-1.0494951886665799e-04
-1.0479849273660719e-04
-1.0455771149698566e-04
-1.0426128006678415e-04
-1.0394691913356494e-04
-1.0357878170155527e-04
-1.0317688799597476e-04
-1.0271732324863736e-04
-1.0226194327361521e-04
-1.0177911128774061e-04
-1.0125561270457751e-04
-1.0074831079888022e-04
-1.0023039945497017e-04
-9.9645648384106075e-05
-9.9099909437331372e-05
-9.8551464058812291e-05
-9.7951533005086408e-05
-9.7394078211283393e-05
-9.6840699357394209e-05
-9.6198380633712201e-05
-9.5641567174886011e-05
-9.5066570074512879e-05
-9.4443260909440473e-05
-9.3887395671114326e-05
-9.3297589985233653e-05
-9.2677439004352287e-05
-9.2118160705589123e-05
-9.1508921306068984e-05
-9.0923291913558535e-05
-9.0373919701831399e-05
-8.9738925581415061e-05
-8.9181171489661215e-05
-8.8620379844037627e-05
-8.7975413033280535e-05
-8.7457830042225843e-05
-8.6868868206397342e-05
-8.6271081551507654e-05
-8.5752779810462380e-05
-8.5114635608956999e-05
-8.4580032751048381e-05
-8.4038302476459621e-05
-8.3423715560852410e-05
-8.2914841999108470e-05
-8.2322963698322073e-05
-8.1761663462733407e-05
-8.1247361766718554e-05
-8.0641235239561286e-05
-8.0136168815881596e-05
-7.9564960846624676e-05
-7.9024831267084349e-05
-7.8489959792996599e-05
-7.7923583843842066e-05
-7.7424000754984152e-05
-7.6836167124771427e-05
-7.6345675266723006e-05
-7.5794301027200914e-05
-7.5250786453907057e-05
-7.4769264784119857e-05
-7.4171338840810518e-05
-7.3712914539292537e-05
-7.3142367991855045e-05
-7.2648745645352388e-05
-7.2126543705459907e-05
-7.1600763379539397e-05
-7.1098296704076946e-05
-7.0567468861012803e-05
-7.0091937762425049e-05
-6.9531417910439133e-05
-6.9082432452661192e-05
-6.8522733237512705e-05
-6.8055008816058233e-05
-6.7533203076471226e-05
-6.7037011794568308e-05
-6.6542888232042118e-05
-6.6040893693003781e-05
-6.5554006467647262e-05
-6.5049518312474761e-05
-6.4573220218795165e-05
-6.4049985826535486e-05
-6.3607044552408979e-05
-6.3062141745849000e-05
-6.2634049209386088e-05
-6.2096105438539000e-05
-6.1661435124546276e-05
-6.1131959941349806e-05
-6.0697935529767334e-05
-6.0161627494311593e-05
-5.9744788420799847e-05
-5.9202175651338669e-05
-5.8787502529111692e-05
-5.8256752850653596e-05
-5.7833110234810619e-05
-5.7310986741265247e-05
-5.6883041600820069e-05
-5.6361415404322260e-05
-5.5943010995340282e-05
-5.5419937336862573e-05
-5.4993733337281186e-05
-5.4496401704371604e-05
-5.4045042749430998e-05
-5.3574689868427506e-05
-5.3105211313312755e-05
-5.2642699848637933e-05
-5.2170557127658633e-05
-5.1715981479929721e-05
-5.1233713405331909e-05
-5.0800671683999939e-05
-5.0293448043197196e-05
-4.9875755423844361e-05
-4.9368469238542803e-05
-4.8938140092529914e-05
-4.8457297758226658e-05
-4.7994680509997631e-05
-4.7549242610185971e-05
-4.7054183085316134e-05
-4.6634111168145498e-05
-4.6122029228270096e-05
-4.5690845971078960e-05
-4.5213725608172894e-05
-4.4752838197523435e-05
-4.4300115867000862e-05
-4.3814753467765615e-05
-4.3385070162165227e-05
-4.2875888559074889e-05
-4.2437830281386884e-05
-4.1960773315552047e-05
-4.1489387379427982e-05
-4.1045035682454513e-05
-4.0536604767619893e-05
-4.0091977511515965e-05
-3.9615069505164766e-05
-3.9135715290937467e-05
-3.8685691389063425e-05
-3.8171489912555007e-05
0.0000000000000000e+00
];
