%Vec Object:dSdr_b_aug_6790 1 MPI processes
%  type: seq
dSdr_b_aug_6790 = [
2.3043405387829930e+03
0.0000000000000000e+00
-7.6860499690172455e-07
-3.1765851453750981e-07
-1.9753637841792762e-07
-1.4030484375450937e-07
-1.0519296694981364e-07
-8.3482284921708885e-08
-6.8766860474915337e-08
-5.7702879613223030e-08
-4.9486617239001244e-08
-4.3187675858798243e-08
-3.8060108729913390e-08
-3.3906349937596851e-08
-3.0500780729027075e-08
-2.7629241093202085e-08
-2.5175737249563364e-08
-2.3087408549359723e-08
-9.5734203687433721e-07
-6.7703283835798822e-04
-7.4993522115177449e-04
-7.1129491072228677e-04
-6.7285825458905234e-04
-6.3456543633679387e-04
-5.9205991111752586e-04
-5.5102861260231269e-04
-5.1168882427569658e-04
-4.7195600544671393e-04
-4.3118606843948792e-04
-3.8760891831293129e-04
-3.4926053855464473e-04
-3.1240110778274109e-04
-2.7760309676530103e-04
-2.4090138821505981e-04
-2.1104782689999044e-04
-1.8506327274035600e-04
-1.6233395285980296e-04
-1.4086850828654894e-04
-1.2461039495288034e-04
-1.1228003064658098e-04
-1.0254786079875943e-04
-9.4704978749314675e-05
-8.9821381870545486e-05
-8.6848278647737702e-05
-8.5230082522976715e-05
-8.4860787041564920e-05
-8.5359653688433848e-05
-8.6371871221140915e-05
-8.7827151975982740e-05
-8.9788332831538265e-05
-9.1514342027608457e-05
-9.3322960024241471e-05
-9.5165223079757901e-05
-9.6939463144895375e-05
-9.8426871746915549e-05
-9.9759782882914114e-05
-1.0104109833811262e-04
-1.0207574228031432e-04
-1.0292618549677197e-04
-1.0361464959398780e-04
-1.0423573021161555e-04
-1.0464612002423557e-04
-1.0489631101089074e-04
-1.0509969683445868e-04
-1.0519931798687424e-04
-1.0516572758739704e-04
-1.0507259594369341e-04
-1.0492065219230331e-04
-1.0467898091291059e-04
-1.0438160894139213e-04
-1.0406624573999792e-04
-1.0369718237473205e-04
-1.0329435865416835e-04
-1.0283369159072913e-04
-1.0237736139487828e-04
-1.0189358493036811e-04
-1.0136896677916306e-04
-1.0086071951128102e-04
-1.0034186637055397e-04
-9.9755968198378549e-05
-9.9209281153793828e-05
-9.8659877255107280e-05
-9.8058831523453475e-05
-9.7500433860608842e-05
-9.6946105329748114e-05
-9.6302661638178477e-05
-9.5744909102151953e-05
-9.5168950192146842e-05
-9.4544562615309465e-05
-9.3987773877783775e-05
-9.3396991245830275e-05
-9.2775787368751299e-05
-9.2215593511788040e-05
-9.1605349832030641e-05
-9.1018732448739682e-05
-9.0468460390972567e-05
-8.9832429350421403e-05
-8.9273726761757692e-05
-8.8712032910682589e-05
-8.8066009743989788e-05
-8.7547537420290880e-05
-8.6957639911737044e-05
-8.6358858680855304e-05
-8.5839679684241021e-05
-8.5200521424497815e-05
-8.4665010577384824e-05
-8.4122382909857798e-05
-8.3506800513002169e-05
-8.2997066049179979e-05
-8.2404209858923864e-05
-8.1841989123457542e-05
-8.1326822151257135e-05
-8.0719686748711322e-05
-8.0213786991578824e-05
-7.9641613143133466e-05
-7.9100589328295621e-05
-7.8564830659138914e-05
-7.7997495148602897e-05
-7.7497077087214088e-05
-7.6908265715326467e-05
-7.6416921403244767e-05
-7.5864639673298411e-05
-7.5320205420941857e-05
-7.4837833869528916e-05
-7.4238936458960713e-05
-7.3779696910578047e-05
-7.3208182421600552e-05
-7.2713733148589425e-05
-7.2190597406708628e-05
-7.1663935867727140e-05
-7.1160597738902012e-05
-7.0628838823343890e-05
-7.0152488482047240e-05
-6.9590989565325966e-05
-6.9141207168299233e-05
-6.8580537081686156e-05
-6.8111982926598715e-05
-6.7589256316244833e-05
-6.7092194246796613e-05
-6.6597185101955031e-05
-6.6094293461614799e-05
-6.5606547509161647e-05
-6.5101131695055454e-05
-6.4623991430554212e-05
-6.4099813486142500e-05
-6.3656040541740688e-05
-6.3110184633721666e-05
-6.2681268389189676e-05
-6.2142361323069367e-05
-6.1706888309738791e-05
-6.1176415998016957e-05
-6.0741595939768311e-05
-6.0204286068596520e-05
-5.9786654612073830e-05
-5.9243033603235695e-05
-5.8827562317258930e-05
-5.8295814349770380e-05
-5.7871364127659701e-05
-5.7348242694086894e-05
-5.6919470803220237e-05
-5.6396856046537808e-05
-5.5977606618168047e-05
-5.5453556746995639e-05
-5.5026492607101396e-05
-5.4528187935016138e-05
-5.4075952265779583e-05
-5.3604640259454399e-05
-5.3134253276716308e-05
-5.2670801924207766e-05
-5.2197715921948740e-05
-5.1742224178309746e-05
-5.1258975533348034e-05
-5.0825047964385842e-05
-5.0316793850892917e-05
-4.9898233690912259e-05
-4.9389914769595906e-05
-4.8958687138627208e-05
-4.8476842556682363e-05
-4.8013272390397540e-05
-4.7566871017723474e-05
-4.7070801218182060e-05
-4.6649812106477945e-05
-4.6136653426464683e-05
-4.5704555103657689e-05
-4.5226384484550477e-05
-4.4764522750341421e-05
-4.4310805241821384e-05
-4.3824391670340528e-05
-4.3393759931818478e-05
-4.2883462265879529e-05
-4.2444434410559535e-05
-4.1966325128013072e-05
-4.1493886835884219e-05
-4.1048543874351789e-05
-4.0538967338939647e-05
-4.0093340545173641e-05
-3.9615349593410995e-05
-3.9134889163321234e-05
-3.8683837965807253e-05
-3.8168344089287233e-05
0.0000000000000000e+00
];
