%Vec Object:dSdr_b_aug_7040 1 MPI processes
%  type: seq
dSdr_b_aug_7040 = [
2.3017763384513828e+03
0.0000000000000000e+00
-7.5651683824816463e-07
-3.1296668166225203e-07
-1.9483276661987423e-07
-1.3852764840856478e-07
-1.0395416551958500e-07
-8.2574807586516117e-08
-6.8083161548662948e-08
-5.7185035975924588e-08
-4.9091317764396636e-08
-4.2886092189343886e-08
-3.7833464914871460e-08
-3.3739940082878942e-08
-3.0383580222774126e-08
-2.7553053334370325e-08
-2.5134101469640340e-08
-2.3087433145098646e-08
-3.1036055150608276e-06
-7.4157473224235242e-04
-7.4879352891516642e-04
-7.0991260033601868e-04
-6.7154281615362766e-04
-6.3331816543733940e-04
-5.9088764432188080e-04
-5.4992670599239546e-04
-5.1065288874060954e-04
-4.7098582477899455e-04
-4.3028213416078170e-04
-3.8677389770408634e-04
-3.4848582037306440e-04
-3.1168336812211796e-04
-2.7693841580113144e-04
-2.4029206634413979e-04
-2.1048324848774481e-04
-1.8453737390718454e-04
-1.6184178378777402e-04
-1.4040825005645554e-04
-1.2417432819874992e-04
-1.1186241664721541e-04
-1.0214520904334606e-04
-9.4314743148935542e-05
-8.9439371002477487e-05
-8.6471928683939584e-05
-8.4857595909498251e-05
-8.4490640754473649e-05
-8.4990663495936508e-05
-8.6003385830416115e-05
-8.7458624021165905e-05
-8.9419503552910516e-05
-9.1145295914702703e-05
-9.2953575345000933e-05
-9.4795660473675022e-05
-9.6569955252695565e-05
-9.8057593170249017e-05
-9.9391012977942977e-05
-1.0067319586679752e-04
-1.0170883581087316e-04
-1.0256043989825021e-04
-1.0325037421574864e-04
-1.0387317867279988e-04
-1.0428532229051288e-04
-1.0453746389855574e-04
-1.0474319291822399e-04
-1.0484496039096421e-04
-1.0481364890023829e-04
-1.0472304454665541e-04
-1.0457370693368680e-04
-1.0433456345821893e-04
-1.0403986272008932e-04
-1.0372734606258108e-04
-1.0336091244225988e-04
-1.0296073005913335e-04
-1.0250319368572619e-04
-1.0204956221390312e-04
-1.0156846816498099e-04
-1.0104702970099353e-04
-1.0054146735802766e-04
-1.0002528901619159e-04
-9.9442648728446627e-05
-9.8898654378171767e-05
-9.8351972774333586e-05
-9.7754092841362798e-05
-9.7198373022548641e-05
-9.6646741670918280e-05
-9.6006493002514547e-05
-9.5451407541268586e-05
-9.4878180268438911e-05
-9.4256855490630064e-05
-9.3702689584748616e-05
-9.3114681578960836e-05
-9.2496468034083512e-05
-9.1938874455491456e-05
-9.1331483033665621e-05
-9.0747671644590859e-05
-9.0199955241045682e-05
-8.9566869159009876e-05
-8.9010860397952039e-05
-8.8451728902039730e-05
-8.7808705893483121e-05
-8.7292759364859246e-05
-8.6705519261599069e-05
-8.6109562726950498e-05
-8.5592875224686741e-05
-8.4956596992710967e-05
-8.4423664926563179e-05
-8.3883585945525752e-05
-8.3270830815877515e-05
-8.2763541400788005e-05
-8.2173462515290933e-05
-8.1613856092318650e-05
-8.1101146591727142e-05
-8.0496876497055203e-05
-7.9993343490911758e-05
-7.9423912836754958e-05
-7.8885428740285774e-05
-7.8352189794523777e-05
-7.7787579535022218e-05
-7.7289532879705637e-05
-7.6703498392693246e-05
-7.6214575135892456e-05
-7.5664870770126468e-05
-7.5123048498901813e-05
-7.4643090696820846e-05
-7.4046952351060550e-05
-7.3590028185744041e-05
-7.3021262748138098e-05
-7.2529162029514829e-05
-7.2008678379183698e-05
-7.1484519573846263e-05
-7.0983656460111809e-05
-7.0454541883983933e-05
-6.9980518274178922e-05
-6.9421799999648217e-05
-6.8974280989974134e-05
-6.8416368275766535e-05
-6.7950170647330805e-05
-6.7430059402272133e-05
-6.6935470456660589e-05
-6.6442976454260979e-05
-6.5942632671403751e-05
-6.5457325589758557e-05
-6.4954544419806615e-05
-6.4479796004514274e-05
-6.3958297842488208e-05
-6.3516886924572081e-05
-6.2973737919802094e-05
-6.2547161088154598e-05
-6.2010989876604470e-05
-6.1577796609074464e-05
-6.1050156241621549e-05
-6.0617595898693433e-05
-6.0083131340489659e-05
-5.9667750329977238e-05
-5.9126992820921052e-05
-5.8713788398596806e-05
-5.8184875670635379e-05
-5.7762719129592802e-05
-5.7242431944035639e-05
-5.6816008105233389e-05
-5.6296200956485384e-05
-5.5879351465495838e-05
-5.5358074133680295e-05
-5.4933452875628672e-05
-5.4437911729254689e-05
-5.3988166013029846e-05
-5.3519578015012922e-05
-5.3051771053590257e-05
-5.2590989072150038e-05
-5.2120582078185072e-05
-5.1667692133096006e-05
-5.1187228400003998e-05
-5.0755816720093503e-05
-5.0250489244557812e-05
-4.9834392978154274e-05
-4.9329007120827631e-05
-4.8900331266104197e-05
-4.8421333155385681e-05
-4.7960469357602448e-05
-4.7516804328135464e-05
-4.7023603791101115e-05
-4.6605219582110543e-05
-4.6095118926618233e-05
-4.5665619452099632e-05
-4.5190431630538805e-05
-4.4731337030506472e-05
-4.4280445875901226e-05
-4.3797017675688761e-05
-4.3369079502916035e-05
-4.2861951466586462e-05
-4.2425677178211083e-05
-4.1950556405446873e-05
-4.1481106667713323e-05
-4.1038578648191038e-05
-4.0532255257852281e-05
-4.0089466381553679e-05
-3.9614549521614380e-05
-3.9137227483806174e-05
-3.8689084416467897e-05
-3.8177210535649546e-05
0.0000000000000000e+00
];
