%Vec Object:dSdr_b_aug_6740 1 MPI processes
%  type: seq
dSdr_b_aug_6740 = [
2.3050233138065623e+03
0.0000000000000000e+00
-7.7176315174083346e-07
-3.1884012430673746e-07
-1.9818633578740669e-07
-1.4070780855902222e-07
-1.0545438889610946e-07
-8.3656769445062082e-08
-6.8882739795898245e-08
-5.7775918662992561e-08
-4.9528087711071761e-08
-4.3205022091459331e-08
-3.8058414077317593e-08
-3.3889426058068625e-08
-3.0471433586128996e-08
-2.7589619191954284e-08
-2.5127542178035071e-08
-2.3030518057347159e-08
-6.9980317162268909e-07
-6.5287034040339466e-04
-7.5013770181436596e-04
-7.1157951563803200e-04
-6.7312938046825549e-04
-6.3482251609271875e-04
-5.9230153156598030e-04
-5.5125573084098588e-04
-5.1190234495921338e-04
-4.7215597313804018e-04
-4.3137238182883143e-04
-3.8778102763612485e-04
-3.4942021870862724e-04
-3.1254904387061712e-04
-2.7774009671727699e-04
-2.4102697788673142e-04
-2.1116419432153625e-04
-1.8517166776173106e-04
-1.6243539570731246e-04
-1.4096337386442566e-04
-1.2470027433027748e-04
-1.1236610665419162e-04
-1.0263085287970046e-04
-9.4785411689879081e-05
-8.9900119620683289e-05
-8.6925849566069809e-05
-8.5306857152479094e-05
-8.4937079298888653e-05
-8.5435707660326820e-05
-8.6447821148115563e-05
-8.7903110677749966e-05
-8.9864353642054407e-05
-9.1590407532240642e-05
-9.3399095313580519e-05
-9.5241395043678655e-05
-9.7015623832804213e-05
-9.8502985170870392e-05
-9.9835791463633654e-05
-1.0111692812969726e-04
-1.0215136678298314e-04
-1.0300157072865109e-04
-1.0368973179380524e-04
-1.0431045710489686e-04
-1.0472048543458204e-04
-1.0497027437167800e-04
-1.0517317723054483e-04
-1.0527235599706034e-04
-1.0523829588332573e-04
-1.0514464333048243e-04
-1.0499216241819811e-04
-1.0474997012371089e-04
-1.0445204757427088e-04
-1.0413609766100509e-04
-1.0376649226912318e-04
-1.0336312413255243e-04
-1.0290181179071590e-04
-1.0244492535065393e-04
-1.0196059600331555e-04
-1.0143532247466925e-04
-1.0092652180672687e-04
-1.0040711735304398e-04
-9.9820547685859897e-05
-9.9273305639803515e-05
-9.8723340638552735e-05
-9.8121642392016851e-05
-9.7562692788524246e-05
-9.7007808331754316e-05
-9.6363706101705086e-05
-9.5805403844700514e-05
-9.5228881906502446e-05
-9.4603863044400040e-05
-9.4046533705003505e-05
-9.3455179184208601e-05
-9.2833358958268637e-05
-9.2272629147960983e-05
-9.1661797578358951e-05
-9.1074601840816389e-05
-9.0523803027347364e-05
-8.9887164990057547e-05
-8.9327907166227439e-05
-8.8765685178280535e-05
-8.8119043637427616e-05
-8.7600050712393420e-05
-8.7009605475639047e-05
-8.6410242035405560e-05
-8.5890549506979273e-05
-8.5250797633272622e-05
-8.4714755263353122e-05
-8.4171602275902752e-05
-8.3555437139756260e-05
-8.3045198717185694e-05
-8.2451770085583396e-05
-8.1889010503740213e-05
-8.1373337012246677e-05
-8.0765611029669953e-05
-8.0259223452013639e-05
-7.9686484192834301e-05
-7.9144936906474548e-05
-7.8608658887031107e-05
-7.8040761664093644e-05
-7.7539854822667611e-05
-7.6950471095907903e-05
-7.6458627770379604e-05
-7.5905814809535896e-05
-7.5360842191237820e-05
-7.4877973132207989e-05
-7.4278507039682168e-05
-7.3818790258319792e-05
-7.3246709151271393e-05
-7.2751775808182706e-05
-7.2228093432979846e-05
-7.1700916045403101e-05
-7.1197067781149592e-05
-7.0664763830045139e-05
-7.0187933916604964e-05
-6.9625861870407330e-05
-6.9175612957313542e-05
-6.8614374537415029e-05
-6.8145334668917056e-05
-6.7622068994881542e-05
-6.7124497179675376e-05
-6.6628969628434835e-05
-6.6125552838644730e-05
-6.5637304200386474e-05
-6.5131345348837415e-05
-6.4653712090281942e-05
-6.4128981804745841e-05
-6.3684722013108855e-05
-6.3138308173903853e-05
-6.2708909743043617e-05
-6.2169438778389105e-05
-6.1733495876859350e-05
-6.1202439861091128e-05
-6.0767154043107232e-05
-6.0229257712305877e-05
-5.9811162406473456e-05
-5.9266951189323905e-05
-5.8851012670001573e-05
-5.8318680318890279e-05
-5.7893757335832985e-05
-5.7370051722833408e-05
-5.6940795864216916e-05
-5.6417602418793600e-05
-5.5997858328171558e-05
-5.5473236996132038e-05
-5.5045669342264929e-05
-5.4546795066862284e-05
-5.4094046181291261e-05
-5.3622172716381727e-05
-5.3151253952566400e-05
-5.2687252402519511e-05
-5.2213614216080669e-05
-5.1757586201970218e-05
-5.1273763543976907e-05
-5.0839317410967328e-05
-5.0330460071868258e-05
-4.9911392063887422e-05
-4.9402468591361547e-05
-4.8970714997269623e-05
-4.8488283710621599e-05
-4.8024155715825684e-05
-4.7577190335341186e-05
-4.7080529130070790e-05
-4.6659003099359001e-05
-4.6145214103527448e-05
-4.5712580105217029e-05
-4.5233794670226106e-05
-4.4771362567559494e-05
-4.4317062479687537e-05
-4.3830033546651221e-05
-4.3398846583357358e-05
-4.2887895557241813e-05
-4.2448300081838018e-05
-4.1969574730011776e-05
-4.1496520322993408e-05
-4.1050596972608569e-05
-4.0540349628763544e-05
-4.0094137427394022e-05
-3.9615512002173764e-05
-3.9134402872595637e-05
-3.8682747109578365e-05
-3.8166479631371891e-05
0.0000000000000000e+00
];
