%Vec Object:dSdr_b_aug_410 1 MPI processes
%  type: seq
dSdr_b_aug_410 = [
2.5385481450711632e+03
0.0000000000000000e+00
-4.2130481395391767e-06
-1.7060885325077761e-06
-1.0277679574554188e-06
-7.1699353174765779e-07
-5.3809654996475322e-07
-4.2777591921129009e-07
-3.5301502132074778e-07
-2.9604528558809291e-07
-2.5377022984242595e-07
-2.2139020217233837e-07
-1.9495331096701612e-07
-1.7353319174448868e-07
-1.5597908117246808e-07
-1.4117342099799971e-07
-1.2851840424253544e-07
-1.1772378959044129e-07
-1.0839232459073132e-07
-1.0015737070740628e-07
-9.2944090781959585e-08
-8.6583381850032140e-08
-8.0864978654278334e-08
-7.5753203126222797e-08
-7.1167461152317153e-08
-6.7005965604827334e-08
-6.3221614297354832e-08
-5.9782161502507379e-08
-5.6635386652377339e-08
-5.3758408603773709e-08
-5.2988295680083140e-08
-1.7084722327556508e-07
-4.3165668194607608e-06
-5.7593642863466571e-05
-1.7117891796252614e-04
-1.9945555572228231e-04
-1.8925694195622020e-04
-1.7011677149962576e-04
-1.5370255721516309e-04
-1.4066181015776719e-04
-1.3012832509797103e-04
-1.2153500657034114e-04
-1.1613518478039578e-04
-1.1279784468364474e-04
-1.1092735764689306e-04
-1.1040468108494019e-04
-1.1082852130989314e-04
-1.1180874776147524e-04
-1.1326869513433870e-04
-1.1525172165509736e-04
-1.1699333581937967e-04
-1.1882571239024180e-04
-1.2068048918577692e-04
-1.2245108715938711e-04
-1.2392274274372974e-04
-1.2522057991609607e-04
-1.2644203137867583e-04
-1.2740792293369183e-04
-1.2817822399055034e-04
-1.2876518375443496e-04
-1.2926724728366324e-04
-1.2955654987954288e-04
-1.2967206430601841e-04
-1.2971366887583116e-04
-1.2966510140059755e-04
-1.2947416809344403e-04
-1.2920654466937854e-04
-1.2887466527426714e-04
-1.2845846680796172e-04
-1.2797666497250322e-04
-1.2746476807766482e-04
-1.2691413940886217e-04
-1.2632895005807311e-04
-1.2565213129397842e-04
-1.2500947344085773e-04
-1.2434049533631983e-04
-1.2359634271777738e-04
-1.2290272063141574e-04
-1.2219919183174068e-04
-1.2138836036493707e-04
-1.2065576217828066e-04
-1.1991840347152309e-04
-1.1909878235748671e-04
-1.1835549893298094e-04
-1.1761494971304989e-04
-1.1675091298280597e-04
-1.1600901828717883e-04
-1.1524445969306768e-04
-1.1440860821931139e-04
-1.1367073203778144e-04
-1.1288838171227829e-04
-1.1206071728048935e-04
-1.1132099316500381e-04
-1.1051382195330818e-04
-1.0973347121158146e-04
-1.0900674990253649e-04
-1.0816739109669635e-04
-1.0742269944932409e-04
-1.0668409373836487e-04
-1.0583093172650816e-04
-1.0513807176156625e-04
-1.0436470036803950e-04
-1.0357089551305089e-04
-1.0287969798093530e-04
-1.0204169589716064e-04
-1.0132814005383255e-04
-1.0060954520041917e-04
-9.9798761733987135e-05
-9.9120215513198270e-05
-9.8335607807093745e-05
-9.7592888958143056e-05
-9.6908052564217642e-05
-9.6103089738157170e-05
-9.5433784167076928e-05
-9.4672213947578286e-05
-9.3955842257578966e-05
-9.3246116233351064e-05
-9.2490623250895897e-05
-9.1826478063259157e-05
-9.1045944334962624e-05
-9.0387445030402368e-05
-8.9657216385658305e-05
-8.8932445198701995e-05
-8.8283423141270620e-05
-8.7494033834635559e-05
-8.6874935278170404e-05
-8.6113620294300130e-05
-8.5457021847503467e-05
-8.4750780005392144e-05
-8.4051324440920973e-05
-8.3377106072954048e-05
-8.2662776386453624e-05
-8.2025783739825671e-05
-8.1272303456320135e-05
-8.0666252262782362e-05
-7.9915207498081105e-05
-7.9283954070713769e-05
-7.8580657390371140e-05
-7.7912845999196609e-05
-7.7244186517807460e-05
-7.6565385948733689e-05
-7.5909255840331431e-05
-7.5221939267699266e-05
-7.4579661476138762e-05
-7.3870466482504286e-05
-7.3263615198055279e-05
-7.2530869939297640e-05
-7.1940436836194759e-05
-7.1212641751351355e-05
-7.0619771663833346e-05
-6.9893777293104938e-05
-6.9302943362210188e-05
-6.8569188703786809e-05
-6.7996183630974146e-05
-6.7254862497899995e-05
-6.6682884418984442e-05
-6.5955387854233703e-05
-6.5372579706743828e-05
-6.4653778567506925e-05
-6.4062895319165266e-05
-6.3346440683023140e-05
-6.2761498168060017e-05
-6.2046030277003366e-05
-6.1450308754948111e-05
-6.0761209132978279e-05
-6.0137067043730238e-05
-5.9477689380252631e-05
-5.8829178505080592e-05
-5.8181434942637256e-05
-5.7523392061013508e-05
-5.6888274945665249e-05
-5.6212759267111955e-05
-5.5605139580022942e-05
-5.4894835533248173e-05
-5.4306175582561536e-05
-5.3595365926979830e-05
-5.2987974183799608e-05
-5.2309621227841911e-05
-5.1659218107422464e-05
-5.1023917087251547e-05
-5.0329774196294067e-05
-4.9728967908112291e-05
-4.9004712903467061e-05
-4.8393226754674413e-05
-4.7709167581204041e-05
-4.7056316962659039e-05
-4.6407534506361878e-05
-4.5715093899552893e-05
-4.5098603633407630e-05
-4.4369610035594009e-05
-4.3740653834487811e-05
-4.3056457729863922e-05
-4.2378023423667546e-05
-4.1738820051429817e-05
-4.1005386369001786e-05
-4.0365042341116450e-05
-3.9677025296220637e-05
-3.8984604202053059e-05
-3.8346046086136116e-05
-3.7651260471206360e-05
0.0000000000000000e+00
];
