%Vec Object:dSdr_b_aug_4620 1 MPI processes
%  type: seq
dSdr_b_aug_4620 = [
2.3412281266718410e+03
0.0000000000000000e+00
-9.8197903755777962e-07
-4.0515802621710502e-07
-2.5117580712499479e-07
-1.7814317647772757e-07
-1.3368684440921910e-07
-1.0620622750750816e-07
-8.7579350575591014e-08
-7.3546742481928905e-08
-6.3126409649694884e-08
-5.5138594732031282e-08
-4.8631822364437373e-08
-4.3360126369352892e-08
-3.9038097766190544e-08
-3.5393098982697552e-08
-3.2277990455608471e-08
-2.9620036560009905e-08
-2.7321795832455215e-08
-2.7008850748117259e-08
-5.2577732101523537e-05
-7.1666711074447516e-04
-6.8650380386364935e-04
-6.4761091696345467e-04
-6.0432284080265387e-04
-5.6255556097234178e-04
-5.2252565672158773e-04
-4.8210498217272891e-04
-4.4064204765659795e-04
-3.9634399788886600e-04
-3.5736479991204788e-04
-3.1990932202895808e-04
-2.8455626884688013e-04
-2.4727545395927710e-04
-2.1695383547280805e-04
-1.9056465783416523e-04
-1.6748249407305549e-04
-1.4568323320337390e-04
-1.2917205510973057e-04
-1.1664865823796786e-04
-1.0675996970957726e-04
-9.8787203445978598e-05
-9.3817570349676287e-05
-9.0785249021995291e-05
-8.9126638336326140e-05
-8.8732860487882286e-05
-8.9219632905696806e-05
-9.0226569336629260e-05
-9.1682294948684245e-05
-9.3646627537162823e-05
-9.5374904662722134e-05
-9.7187064038176674e-05
-9.9031188058955596e-05
-1.0080485547779591e-04
-1.0228986496516213e-04
-1.0361745468529229e-04
-1.0488969579080161e-04
-1.0591392053728330e-04
-1.0675221988602826e-04
-1.0742530404750494e-04
-1.0802835164781725e-04
-1.0842039498169882e-04
-1.0865018061776266e-04
-1.0882905440627862e-04
-1.0890622302746870e-04
-1.0884879310582159e-04
-1.0872922364795975e-04
-1.0855001726050495e-04
-1.0828190279847799e-04
-1.0795658724423461e-04
-1.0761144655490369e-04
-1.0721487361834406e-04
-1.0678441906054215e-04
-1.0629100208844258e-04
-1.0580644074313312e-04
-1.0529460373183624e-04
-1.0473672312179123e-04
-1.0420038906020622e-04
-1.0365355505461446e-04
-1.0303357641374390e-04
-1.0245872130429590e-04
-1.0188083969325978e-04
-1.0124667679705460e-04
-1.0066026641987332e-04
-1.0007772291183467e-04
-9.9400856343924147e-05
-9.8815203752285750e-05
-9.8210669406334979e-05
-9.7554242140244726e-05
-9.6970016172985411e-05
-9.6350208403158538e-05
-9.5697722907779403e-05
-9.5110327750879092e-05
-9.4470246836501998e-05
-9.3854276179549797e-05
-9.3277269632672304e-05
-9.2610431626835980e-05
-9.2023549130782956e-05
-9.1435050694367020e-05
-9.0757643125557460e-05
-9.0212748668851560e-05
-8.9595052283751844e-05
-8.8966722179460793e-05
-8.8421479904446436e-05
-8.7752193954303867e-05
-8.7189706732431483e-05
-8.6620417506310646e-05
-8.5975259344148942e-05
-8.5439947467920045e-05
-8.4818038166101884e-05
-8.4228469366864596e-05
-8.3687595029596545e-05
-8.3050485924950247e-05
-8.2519827824418986e-05
-8.1918957694257594e-05
-8.1351366141609274e-05
-8.0789248901102937e-05
-8.0193404813964477e-05
-7.9668179716836678e-05
-7.9050319633521742e-05
-7.8533648911590439e-05
-7.7954405639974917e-05
-7.7382647722014911e-05
-7.6875026190683613e-05
-7.6247266488280800e-05
-7.5763805962797314e-05
-7.5163533933915376e-05
-7.4644516684616938e-05
-7.4093637693003624e-05
-7.3540795325530739e-05
-7.3011566330846811e-05
-7.2452145264648255e-05
-7.1951455241934904e-05
-7.1360868327586844e-05
-7.0887408889873458e-05
-7.0297894232807941e-05
-6.9804688719525879e-05
-6.9254603066245106e-05
-6.8731669931068089e-05
-6.8210350170132378e-05
-6.7680805687481238e-05
-6.7167546995135319e-05
-6.6634570477027799e-05
-6.6132409367511606e-05
-6.5580198539262144e-05
-6.5111716729056713e-05
-6.4537544236503800e-05
-6.4084155692824117e-05
-6.3516629193672024e-05
-6.3057308062762043e-05
-6.2497211142119815e-05
-6.2038752513987109e-05
-6.1471678197111922e-05
-6.1030505148174785e-05
-6.0456929456924496e-05
-6.0017744849485358e-05
-5.9456337843259331e-05
-5.9007893782617835e-05
-5.8455123701016432e-05
-5.8001789221826518e-05
-5.7449804519179397e-05
-5.7005449758728260e-05
-5.6452396818053020e-05
-5.5999778137669470e-05
-5.5472564718594221e-05
-5.4994282138771502e-05
-5.4494474812307524e-05
-5.3997098767874506e-05
-5.3505723699734116e-05
-5.3004613197768708e-05
-5.2521904670808841e-05
-5.2009523749911831e-05
-5.1549278167741835e-05
-5.1010409288253376e-05
-5.0566075138212834e-05
-5.0027074350061373e-05
-4.9569153536603102e-05
-4.9057533087038517e-05
-4.8565652756300035e-05
-4.8090627775990461e-05
-4.7564544065068124e-05
-4.7116306650095508e-05
-4.6571159829962103e-05
-4.6111877017435243e-05
-4.5602505787298615e-05
-4.5111699889471779e-05
-4.4628419255469541e-05
-4.4110779799919627e-05
-4.3651975638801132e-05
-4.3108526793192145e-05
-4.2640701908177500e-05
-4.2131340501813601e-05
-4.1627653559332792e-05
-4.1152884349979641e-05
-4.0609308350790990e-05
-4.0134045545711488e-05
-3.9623989733796157e-05
-3.9110896652637565e-05
-3.8629979751315104e-05
-3.8079573671059359e-05
0.0000000000000000e+00
];
