%Vec Object:dSdr_b_aug_9170 1 MPI processes
%  type: seq
dSdr_b_aug_9170 = [
2.2780248457245302e+03
0.0000000000000000e+00
-6.4974192018598982e-07
-2.6918575554813111e-07
-1.6795498905425747e-07
-1.1957865328271278e-07
-8.9733423934456382e-08
-7.1274061821262158e-08
-5.8761545140935044e-08
-4.9361153112573518e-08
-4.2379254065351927e-08
-3.7025971731120046e-08
-3.2668072012023231e-08
-2.9137416062631378e-08
-2.6242428082109758e-08
-2.3801024441575842e-08
-2.1719784759913553e-08
-2.2056062697675807e-06
-7.7555025893579605e-04
-7.7993060529086709e-04
-7.3812149908028101e-04
-6.9948707594624663e-04
-6.6164020867752579e-04
-6.2392897765615226e-04
-5.8206307622226880e-04
-5.4163179404577585e-04
-5.0285459254678611e-04
-4.6368251675522258e-04
-4.2347751435647751e-04
-3.8048804479756264e-04
-3.4265391083176038e-04
-3.0628038030165857e-04
-2.7193484211930283e-04
-2.3570522364979493e-04
-2.0623322463582855e-04
-1.8057852159945751e-04
-1.5813684199764472e-04
-1.3694352632312142e-04
-1.2089171282850283e-04
-1.0871870979695071e-04
-9.9114134895349814e-05
-9.1377135222246001e-05
-8.6563675575404624e-05
-8.3638847033705221e-05
-8.2053596774159219e-05
-8.1704259157771566e-05
-8.2212984807530817e-05
-8.3229507262024078e-05
-8.4684425123169473e-05
-8.6643036438474895e-05
-8.8367196594392800e-05
-9.0172927442983390e-05
-9.2013673244141942e-05
-9.3788379958838973e-05
-9.5277744169222666e-05
-9.6614993197026216e-05
-9.7903705983524747e-05
-9.8946843654428338e-05
-9.9807186563086758e-05
-1.0050818841258067e-04
-1.0114396958842957e-04
-1.0156931549724040e-04
-1.0183614098364610e-04
-1.0205950909599010e-04
-1.0217743362229415e-04
-1.0216327727975656e-04
-1.0209169783323003e-04
-1.0196197867881667e-04
-1.0174186397575384e-04
-1.0146727171431553e-04
-1.0117618323148918e-04
-1.0082954577023561e-04
-1.0044924681106155e-04
-1.0001527759927932e-04
-9.9581961543596977e-05
-9.9121060143801426e-05
-9.8623557679502398e-05
-9.8138206874191159e-05
-9.7642163842977012e-05
-9.7084048204650267e-05
-9.6560323876830503e-05
-9.6034135121320270e-05
-9.5460086635256448e-05
-9.4924525048007446e-05
-9.4393197478717219e-05
-9.3777000251504648e-05
-9.3241991952267678e-05
-9.2689327852539326e-05
-9.2091059160869464e-05
-9.1556637363491929e-05
-9.0989516141573660e-05
-9.0393813167713842e-05
-8.9855793920766219e-05
-8.9269873676803296e-05
-8.8707185202375926e-05
-8.8178707209023475e-05
-8.7567790133692792e-05
-8.7032059921186451e-05
-8.6492217278022978e-05
-8.5871778806127544e-05
-8.5374845913702041e-05
-8.4807610171010848e-05
-8.4232917318027869e-05
-8.3734985227075021e-05
-8.3120387199805141e-05
-8.2606867618859530e-05
-8.2085974578178451e-05
-8.1494502482655016e-05
-8.1005618845302518e-05
-8.0436446887178210e-05
-7.9896520421499456e-05
-7.9402310214447767e-05
-7.8819609514228347e-05
-7.8333892876148231e-05
-7.7785112371731428e-05
-7.7265746702864728e-05
-7.6751475666574025e-05
-7.6207380482861659e-05
-7.5727185236225842e-05
-7.5162054512236437e-05
-7.4691356411619070e-05
-7.4161053860274148e-05
-7.3638893991822128e-05
-7.3177106346965963e-05
-7.2601737616179824e-05
-7.2162243127521484e-05
-7.1614171924942120e-05
-7.1139750587992202e-05
-7.0639231279497817e-05
-7.0133912481869633e-05
-6.9651680716086026e-05
-6.9142472123343333e-05
-6.8685963613826208e-05
-6.8148177378016598e-05
-6.7717696626375199e-05
-6.7180540779253507e-05
-6.6732082538977156e-05
-6.6231659160972194e-05
-6.5755687319088007e-05
-6.5282126726099520e-05
-6.4800962622958534e-05
-6.4334014792128633e-05
-6.3851066610130669e-05
-6.3394323474633279e-05
-6.2892998087960337e-05
-6.2469367947983931e-05
-6.1946595874693439e-05
-6.1537629587190952e-05
-6.1022053242301856e-05
-6.0606021353879035e-05
-6.0099699190657081e-05
-5.9684149436894621e-05
-5.9171103714033028e-05
-5.8772663509844072e-05
-5.8253461736056141e-05
-5.7857321701785970e-05
-5.7349751964884724e-05
-5.6944861679437020e-05
-5.6445910012497648e-05
-5.6037161712776253e-05
-5.5538489531562133e-05
-5.5139706149841849e-05
-5.4639299784448489e-05
-5.4233067898379824e-05
-5.3758329851048442e-05
-5.3327327830972227e-05
-5.2879245435709367e-05
-5.2430860163760211e-05
-5.1990172465095443e-05
-5.1539932286832148e-05
-5.1106627924523184e-05
-5.0647128192648186e-05
-5.0234655351123562e-05
-4.9751358715916297e-05
-4.9353809829302982e-05
-4.8870503129464928e-05
-4.8461036150415671e-05
-4.8003465271057170e-05
-4.7562973994783077e-05
-4.7139907073796585e-05
-4.6668305160766598e-05
-4.6269529456286702e-05
-4.5782448198828254e-05
-4.5372511427399953e-05
-4.4919776435712824e-05
-4.4481511004817735e-05
-4.4051894562202040e-05
-4.3590937787506586e-05
-4.3183273961901223e-05
-4.2700003359661217e-05
-4.2284453644676047e-05
-4.1831824799430313e-05
-4.1384865453043204e-05
-4.0963517931382970e-05
-4.0481668597680632e-05
-4.0060218594590013e-05
-3.9608398536826944e-05
-3.9154607193161492e-05
-3.8728089887914277e-05
-3.8242048983401222e-05
0.0000000000000000e+00
];
