%Vec Object:dSdr_b_aug_8160 1 MPI processes
%  type: seq
dSdr_b_aug_8160 = [
2.2924460404992824e+03
0.0000000000000000e+00
-7.1141461753166157e-07
-2.9415061225819218e-07
-1.8307204224403158e-07
-1.3007776447283963e-07
-9.7489808162578948e-08
-7.7338025072320453e-08
-6.3679435769398116e-08
-5.3416583168123385e-08
-4.5795175336470518e-08
-3.9952084965256274e-08
-3.5196705970060694e-08
-3.1344630858913426e-08
-2.8186384755442376e-08
-2.5523578277884949e-08
-2.3248626282507843e-08
-2.2839003850545055e-08
-1.2989098775504203e-04
-7.8301461069162700e-04
-7.4279047266956745e-04
-7.0393460342701379e-04
-6.6586359460976316e-04
-6.2793337915234212e-04
-5.8582667236935216e-04
-5.4516949676740366e-04
-5.0618049327084069e-04
-4.6679730963526445e-04
-4.2637962135333619e-04
-3.8316890254434956e-04
-3.4514116595991978e-04
-3.0858470430985771e-04
-2.7406881971508724e-04
-2.3766146936015866e-04
-2.0804582024711753e-04
-1.8226693511584806e-04
-1.5971696483657848e-04
-1.3842119832170507e-04
-1.2229171742314979e-04
-1.1005947131031730e-04
-1.0040685970892822e-04
-9.2629997651103301e-05
-8.7790132900460600e-05
-8.4847129980391097e-05
-8.3249476298846814e-05
-8.2892624966499998e-05
-8.3397638907049257e-05
-8.4412540646481175e-05
-8.5867595125369039e-05
-8.7827173813818046e-05
-8.9552030090219242e-05
-9.1358847884396647e-05
-9.3200164897005097e-05
-9.4974695924823576e-05
-9.6463323887361173e-05
-9.7798939788369495e-05
-9.9084867634334308e-05
-1.0012480759462811e-04
-1.0098142347741087e-04
-1.0167770512738200e-04
-1.0230795185364952e-04
-1.0272766710758678e-04
-1.0298823005650776e-04
-1.0320407526069173e-04
-1.0331510895397058e-04
-1.0329363610062088e-04
-1.0321394270838542e-04
-1.0307585646398018e-04
-1.0284762616690653e-04
-1.0256445782711398e-04
-1.0226423042726028e-04
-1.0190915008781678e-04
-1.0152037103404452e-04
-1.0107635064739677e-04
-1.0063437025525714e-04
-1.0016485687861515e-04
-9.9657145933780940e-05
-9.9163175096086799e-05
-9.8658544542270762e-05
-9.8089969369200228e-05
-9.7557600064934524e-05
-9.7022671300920458e-05
-9.6438458924745252e-05
-9.5894300039397191e-05
-9.5354313095886317e-05
-9.4727858152907624e-05
-9.4184287130985158e-05
-9.3622853029498118e-05
-9.3014751131592052e-05
-9.2471908655296624e-05
-9.1895879415140319e-05
-9.1290575892158683e-05
-9.0744208374991656e-05
-9.0149130873638797e-05
-8.9577433672824336e-05
-8.9040750676517286e-05
-8.8420378725849669e-05
-8.7875999901514663e-05
-8.7327930742216859e-05
-8.6697860175721802e-05
-8.6192818144472191e-05
-8.5617050727989941e-05
-8.5033289113293958e-05
-8.4527358014165310e-05
-8.3903513581241919e-05
-8.3381714756169121e-05
-8.2852639091289234e-05
-8.2252089979900007e-05
-8.1755356449906882e-05
-8.1177267882000300e-05
-8.0628948098140782e-05
-8.0126848114280748e-05
-7.9534948268751338e-05
-7.9041633115666573e-05
-7.8484045514871334e-05
-7.7956526014780707e-05
-7.7434165341940122e-05
-7.6881320669615818e-05
-7.6393511963622617e-05
-7.5819465979624773e-05
-7.5340995019656737e-05
-7.4802417775095083e-05
-7.4271872075112137e-05
-7.3802335027987445e-05
-7.3218108250025808e-05
-7.2771180166416235e-05
-7.2214283065819940e-05
-7.1732321637261201e-05
-7.1223287723160014e-05
-7.0709933838031930e-05
-7.0219755976206087e-05
-6.9702057666984866e-05
-6.9238079130858391e-05
-6.8691365575688276e-05
-6.8253618165756185e-05
-6.7707609708726927e-05
-6.7251585784834075e-05
-6.6742765714994644e-05
-6.6258853852493716e-05
-6.5777218336837587e-05
-6.5287874279588911e-05
-6.4813096399235685e-05
-6.4321689633178495e-05
-6.3857267413984587e-05
-6.3347338526979264e-05
-6.2916125051433705e-05
-6.2384662407128462e-05
-6.1968185387175121e-05
-6.1443825524058483e-05
-6.1020474467620197e-05
-6.0505060289630382e-05
-6.0082255678697281e-05
-5.9560075022594432e-05
-5.9154409723281869e-05
-5.8626014629676570e-05
-5.8222596793792457e-05
-5.7705924470846396e-05
-5.7293670289411440e-05
-5.6785619223470323e-05
-5.6369332471952267e-05
-5.5861646425152934e-05
-5.5455158017507435e-05
-5.4945850380729684e-05
-5.4531775600277440e-05
-5.4048165226580337e-05
-5.3609169196363904e-05
-5.3152341354465584e-05
-5.2695672914925905e-05
-5.2246415194163000e-05
-5.1787574059266388e-05
-5.1345916630914913e-05
-5.0877475950902511e-05
-5.0456925874537045e-05
-4.9964233294827844e-05
-4.9558774127703796e-05
-4.9066050877479924e-05
-4.8648391497193387e-05
-4.8181682109071915e-05
-4.7732502148825027e-05
-4.7300650334185231e-05
-4.6819836818012156e-05
-4.6412698279224884e-05
-4.5915799474971010e-05
-4.5497519407004137e-05
-4.5035208509232753e-05
-4.4588059652030474e-05
-4.4149369767681210e-05
-4.3678829169891294e-05
-4.3262518562461695e-05
-4.2769073036219538e-05
-4.2344684548367644e-05
-4.1882463192818671e-05
-4.1425912025848951e-05
-4.0995531396236865e-05
-4.0503244378447960e-05
-4.0072693995523130e-05
-3.9611024196160481e-05
-3.9147199019129454e-05
-3.8711463624263352e-05
-3.8214432694811910e-05
0.0000000000000000e+00
];
