%Vec Object:dSdr_b_aug_9190 1 MPI processes
%  type: seq
dSdr_b_aug_9190 = [
2.2779085740971063e+03
0.0000000000000000e+00
-6.4928121860852364e-07
-2.6900231640832178e-07
-1.6784589692934411e-07
-1.1950442559972504e-07
-8.9679811894218621e-08
-7.1233155921975279e-08
-5.8729232241219165e-08
-4.9335259587938318e-08
-4.2358112603779905e-08
-3.7008466942626220e-08
-3.2653499237309037e-08
-2.9125207667477220e-08
-2.6232153662129786e-08
-2.3792369924721295e-08
-2.1712806509317948e-08
-2.3301568231294926e-06
-7.7742137728193544e-04
-7.7985331330177520e-04
-7.3804071799009720e-04
-6.9941028343161588e-04
-6.6156728782922156e-04
-6.2385983780887321e-04
-5.8199809411197908e-04
-5.4157071220332551e-04
-5.0279716767004585e-04
-4.6362873685912179e-04
-4.2342740668743881e-04
-3.8044175721055031e-04
-3.4261096598094435e-04
-3.0624059393336754e-04
-2.7189799694642852e-04
-2.3567144718985423e-04
-2.0620192843381387e-04
-1.8054936953104613e-04
-1.5810955966667767e-04
-1.3691801290173578e-04
-1.2086754041005146e-04
-1.0869556026759587e-04
-9.9091814766016106e-05
-9.1355503355426210e-05
-8.6542499617980531e-05
-8.3617984874150234e-05
-8.2032948771254015e-05
-8.1683740885965300e-05
-8.2192530621478006e-05
-8.3209081058704002e-05
-8.4663996560527689e-05
-8.6622591172719635e-05
-8.8346739309009571e-05
-9.0152451390011225e-05
-9.1993187328277915e-05
-9.3767897076021145e-05
-9.5257273998109167e-05
-9.6594551223123899e-05
-9.7883312094030711e-05
-9.8926504976240152e-05
-9.9786912235362752e-05
-1.0048799558343660e-04
-1.0112387231669757e-04
-1.0154931544399876e-04
-1.0181624905898139e-04
-1.0203974706144205e-04
-1.0215779056447187e-04
-1.0214376054841182e-04
-1.0207232119685223e-04
-1.0194274650819065e-04
-1.0172277192857409e-04
-1.0144832774128409e-04
-1.0115739705056856e-04
-1.0081090536363792e-04
-1.0043075282139103e-04
-9.9996957152749687e-05
-9.9563790695095385e-05
-9.9103037989302855e-05
-9.8605711784197726e-05
-9.8120509811987306e-05
-9.7624615052558321e-05
-9.7066680008116909e-05
-9.6543104944076392e-05
-9.6017067093186163e-05
-9.5443194096429766e-05
-9.4907780949763033e-05
-9.4376602892862159e-05
-9.3760582774951001e-05
-9.3225722319325571e-05
-9.2673209642086472e-05
-9.2075110730154255e-05
-9.1540834323862487e-05
-9.0973866907434860e-05
-9.0378329696269073e-05
-8.9840454590212878e-05
-8.9254692455090266e-05
-8.8692159524972846e-05
-8.8163823198866796e-05
-8.7553069371034111e-05
-8.7017488485120542e-05
-8.6477787880655146e-05
-8.5857515716129416e-05
-8.5360722835771784e-05
-8.4793634400660462e-05
-8.4219098128656677e-05
-8.3721304148346896e-05
-8.3106865769239801e-05
-8.2593489137482986e-05
-8.2072737377768271e-05
-8.1481422005736929e-05
-8.0992673904412417e-05
-8.0423655900217154e-05
-7.9883874353339277e-05
-7.9389800370948657e-05
-7.8807258502920912e-05
-7.8321673060596471e-05
-7.7773044619264774e-05
-7.7253819734228834e-05
-7.6739688373389362e-05
-7.6195744258113172e-05
-7.5715680465274083e-05
-7.5150703671929248e-05
-7.4680139777304311e-05
-7.4149980096599512e-05
-7.3627965017703298e-05
-7.3166311173845884e-05
-7.2591095385881753e-05
-7.2151729245496069e-05
-7.1603810430663454e-05
-7.1129519280763967e-05
-7.0629146985252370e-05
-7.0123966921269539e-05
-6.9641872352610565e-05
-6.9132810343123117e-05
-6.8676430810942995e-05
-6.8138798714036794e-05
-6.7708443428381439e-05
-6.7171440430247907e-05
-6.6723112818931529e-05
-6.6222834418049390e-05
-6.5746999668433987e-05
-6.5273578496923931e-05
-6.4792555628746814e-05
-6.4325742991433425e-05
-6.3842940855225708e-05
-6.3386330306696578e-05
-6.2885153467947462e-05
-6.2461654261772550e-05
-6.1939032239784048e-05
-6.1530195632537787e-05
-6.1014770943795452e-05
-6.0598865428100417e-05
-6.0092700247540617e-05
-5.9677275756147806e-05
-5.9164387756999101e-05
-5.8766072301341441e-05
-5.8247029259398005e-05
-5.7851014883719046e-05
-5.7343602312098264e-05
-5.6938839171786939e-05
-5.6440044615143558e-05
-5.6031426474475817e-05
-5.5532909926795149e-05
-5.5134259580251992e-05
-5.4634006904408562e-05
-5.4227910434016433e-05
-5.3753325576545750e-05
-5.3322461581391621e-05
-5.2874530185380830e-05
-5.2426287931043783e-05
-5.1985748202873489e-05
-5.1535656529287770e-05
-5.1102496391660428e-05
-5.0643151034915270e-05
-5.0230817655768022e-05
-4.9747683251860569e-05
-4.9350270945242140e-05
-4.8867126832769911e-05
-4.8457801305132199e-05
-4.8000388212858949e-05
-4.7560046957250614e-05
-4.7137131718366079e-05
-4.6665688855346918e-05
-4.6267057546452869e-05
-4.5780145802134884e-05
-4.5370353090082089e-05
-4.4917783440754061e-05
-4.4479671396861872e-05
-4.4050211623298238e-05
-4.3589420331545346e-05
-4.3181905812108533e-05
-4.2698810903953032e-05
-4.2283413817255773e-05
-4.1830950620474168e-05
-4.1384156919926653e-05
-4.0962965412145454e-05
-4.0481296369088790e-05
-4.0060003613452981e-05
-3.9608353839981693e-05
-3.9154736206232849e-05
-3.8728379370634590e-05
-3.8242535187456449e-05
0.0000000000000000e+00
];
