%Vec Object:dSdr_b_aug_9880 1 MPI processes
%  type: seq
dSdr_b_aug_9880 = [
2.2738889999215353e+03
0.0000000000000000e+00
-6.3326373476613779e-07
-2.6248614065323243e-07
-1.6387604686108129e-07
-1.1673117041243936e-07
-8.7620896909559167e-08
-6.9615166775662717e-08
-5.7409890341006637e-08
-4.8240903579464180e-08
-4.1430633329366976e-08
-3.6208812064710574e-08
-3.1957709602774570e-08
-2.8513449238817170e-08
-2.5689230512783654e-08
-2.3307381767710701e-08
-2.1311349616639245e-08
-1.4998160140806551e-05
-8.0871045221356469e-04
-7.7670576190123127e-04
-7.3491202278339897e-04
-6.9643710463277646e-04
-6.5874401900861169e-04
-6.2118295776086992e-04
-5.7948218872153198e-04
-5.3920581306139833e-04
-5.0057385487413397e-04
-4.6154654638390054e-04
-4.2148739342872597e-04
-3.7864964565205650e-04
-3.4094827477609070e-04
-3.0470018935248278e-04
-2.7047146630759274e-04
-2.3436372757359549e-04
-2.0499023707759608e-04
-1.7942069198048066e-04
-1.5705327253512903e-04
-1.3593021244713812e-04
-1.1993165941819850e-04
-1.0779928236058797e-04
-9.8227648648941749e-05
-9.0517984623308262e-05
-8.5722632281732712e-05
-8.2810266818047720e-05
-8.1233522197689630e-05
-8.0889337100597413e-05
-8.1400608040841689e-05
-8.2418241886051888e-05
-8.3873066045856448e-05
-8.5831013969013024e-05
-8.7554696745858487e-05
-8.9359682207185189e-05
-9.1200036287901362e-05
-9.2974863468357505e-05
-9.4464732550572430e-05
-9.5803101486149065e-05
-9.7093724037936011e-05
-9.8139054532193123e-05
-9.9001953243004615e-05
-9.9706191964379014e-05
-1.0034576838511530e-04
-1.0077497551158429e-04
-1.0104609553027649e-04
-1.0127462247548359e-04
-1.0139727238863707e-04
-1.0138813334222161e-04
-1.0132211803332170e-04
-1.0119813661049799e-04
-1.0098358717601474e-04
-1.0071487596035907e-04
-1.0043005449051468e-04
-1.0008920673304217e-04
-9.9714722999835430e-05
-9.9287646382889514e-05
-9.8860271896555318e-05
-9.8405276161036778e-05
-9.7914774164610630e-05
-9.7435334548050861e-05
-9.6945180411857831e-05
-9.6394237401860403e-05
-9.5876441367902216e-05
-9.5356246075372589e-05
-9.4789167479587209e-05
-9.4259501491382119e-05
-9.3734112089881655e-05
-9.3124949094060502e-05
-9.2595812683954139e-05
-9.2049162615241367e-05
-9.1457637047433999e-05
-9.0928989732471266e-05
-9.0367977186941591e-05
-8.9778857792366889e-05
-8.9246563373990409e-05
-8.8666922722051484e-05
-8.8110411984461948e-05
-8.7587560574143542e-05
-8.6983127182309149e-05
-8.6453327758213969e-05
-8.5919126450944810e-05
-8.5305293191119126e-05
-8.4813921143104518e-05
-8.4252535999561039e-05
-8.3684062055898133e-05
-8.3191615289997931e-05
-8.2583357991041533e-05
-8.2075515907123895e-05
-8.1560234106805351e-05
-8.0974986580738153e-05
-8.0491486012625868e-05
-7.9928428625520057e-05
-7.9394257883632965e-05
-7.8905458096165850e-05
-7.8329065716336197e-05
-7.7848559765328847e-05
-7.7305818733389481e-05
-7.6792044560105571e-05
-7.6283320997989285e-05
-7.5745225782359105e-05
-7.5270251471270256e-05
-7.4711234393379797e-05
-7.4245866536940257e-05
-7.3721238362630599e-05
-7.3204829084561312e-05
-7.2748355598759045e-05
-7.2179061280686405e-05
-7.1744664385702469e-05
-7.1202645549905497e-05
-7.0733394837115614e-05
-7.0238714426475811e-05
-6.9738905697098172e-05
-6.9262122973731189e-05
-6.8758736211304032e-05
-6.8307350279718081e-05
-6.7775685960991833e-05
-6.7350188327276880e-05
-6.6819103165733048e-05
-6.6375833100538480e-05
-6.5881167762018702e-05
-6.5410640797696750e-05
-6.4942617591157078e-05
-6.4467062900400239e-05
-6.4005484534426384e-05
-6.3528336835787173e-05
-6.3076859641007199e-05
-6.2581434114508720e-05
-6.2163004256492288e-05
-6.1646191752704385e-05
-6.1242375960068342e-05
-6.0732822923948122e-05
-6.0321810165461194e-05
-5.9821722863460152e-05
-5.9411148139404116e-05
-5.8904366709781448e-05
-5.8510881126995417e-05
-5.7997983685998692e-05
-5.7606834417597629e-05
-5.7105506794072714e-05
-5.6705666315118911e-05
-5.6212954577382807e-05
-5.5809375787122252e-05
-5.5316884882238755e-05
-5.4923385240177658e-05
-5.4429082941571109e-05
-5.4028229340593742e-05
-5.3559575513280817e-05
-5.3134055408663500e-05
-5.2691970228442076e-05
-5.2249265165147849e-05
-5.1814454387675580e-05
-5.1370112346073401e-05
-5.0942536131626197e-05
-5.0489167691053464e-05
-5.0082233851834259e-05
-4.9605380528624314e-05
-4.9213256162872142e-05
-4.8736406914341051e-05
-4.8332557930772746e-05
-4.7881253847139094e-05
-4.7446720906427456e-05
-4.7029678305577484e-05
-4.6564393339912816e-05
-4.6171352551139665e-05
-4.5691003795751474e-05
-4.5286788576701375e-05
-4.4840620424240890e-05
-4.4408446994258047e-05
-4.3985052894119355e-05
-4.3530668507240733e-05
-4.3128934558929008e-05
-4.2652641852272013e-05
-4.2243153893706164e-05
-4.1797103869910692e-05
-4.1356723156552010e-05
-4.0941571582417356e-05
-4.0466882162760120e-05
-4.0051676444696711e-05
-3.9606617556479336e-05
-3.9159721177762063e-05
-3.8739565240264333e-05
-3.8261273566529861e-05
0.0000000000000000e+00
];
