%Vec Object:dSdr_b_aug_1680 1 MPI processes
%  type: seq
dSdr_b_aug_1680 = [
2.4247918110213877e+03
0.0000000000000000e+00
-1.7657556122106652e-06
-7.2361802127572837e-07
-4.4385018478041706e-07
-3.1282638632109139e-07
-2.3478416534267439e-07
-1.8658509548639194e-07
-1.5391693374229376e-07
-1.2920079256359900e-07
-1.1085211529450062e-07
-9.6791336337892650e-08
-8.5326812756747361e-08
-7.6038125738894593e-08
-6.8424033399817794e-08
-6.2002290614110078e-08
-5.6513656918410794e-08
-5.1831073337429931e-08
-4.7782558451283759e-08
-4.4209319784335160e-08
-4.1078943780285300e-08
-3.8318206508075944e-08
-3.5837181296369251e-08
-4.1171705263447266e-08
-2.1000643772074060e-05
-5.2713492457050562e-04
-5.4720538290982455e-04
-5.0715372362600687e-04
-4.6407796512210937e-04
-4.1799964020644879e-04
-3.7745707947767958e-04
-3.3852392333837849e-04
-3.0179480020539064e-04
-2.6307824808644346e-04
-2.3159620781453138e-04
-2.0420387498609348e-04
-1.8024692960479099e-04
-1.5762006093358684e-04
-1.4048147671470493e-04
-1.2747950735778963e-04
-1.1720277267564195e-04
-1.0890799323290810e-04
-1.0372505621250850e-04
-1.0054591957729800e-04
-9.8787111957319041e-05
-9.8332636708394199e-05
-9.8789424746313810e-05
-9.9783268090456454e-05
-1.0124009657015477e-04
-1.0321224297860127e-04
-1.0494614277823068e-04
-1.0676708199969248e-04
-1.0861581973170949e-04
-1.1038806737836680e-04
-1.1186712886337066e-04
-1.1318152552534355e-04
-1.1443126908888316e-04
-1.1542966184531901e-04
-1.1623785336911371e-04
-1.1687280676627889e-04
-1.1743114601798218e-04
-1.1777770388010612e-04
-1.1795689964321948e-04
-1.1807500215047393e-04
-1.1809650549230801e-04
-1.1797997163325682e-04
-1.1779485648276701e-04
-1.1754805948819900e-04
-1.1721438604480096e-04
-1.1681979167992265e-04
-1.1640082551222890e-04
-1.1593604979663309e-04
-1.1543709182132306e-04
-1.1486248007509667e-04
-1.1430792701249661e-04
-1.1372652125466728e-04
-1.1308617515884794e-04
-1.1248020728980818e-04
-1.1186400210417571e-04
-1.1115952995767988e-04
-1.1051483956590658e-04
-1.0986635498951399e-04
-1.0915008685488987e-04
-1.0849422635853257e-04
-1.0784173127854213e-04
-1.0708200155388228e-04
-1.0642717816114549e-04
-1.0575179859297677e-04
-1.0501593745630750e-04
-1.0436368819059420e-04
-1.0367192033227512e-04
-1.0294188041132753e-04
-1.0228704688459002e-04
-1.0157299250931324e-04
-1.0088424824387724e-04
-1.0024096066336875e-04
-9.9497745013059450e-05
-9.8840997958447348e-05
-9.8186044706415231e-05
-9.7430827896772873e-05
-9.6820426814470660e-05
-9.6133810569628774e-05
-9.5432221989790784e-05
-9.4822362837228749e-05
-9.4078383392181625e-05
-9.3449015517307958e-05
-9.2813626141503792e-05
-9.2095142837137685e-05
-9.1496418662515103e-05
-9.0802479999754993e-05
-9.0145109049600498e-05
-8.9540500234315884e-05
-8.8829079414976724e-05
-8.8237039683441458e-05
-8.7565024862134642e-05
-8.6931565772877155e-05
-8.6304099569128041e-05
-8.5637576159552339e-05
-8.5050848718202008e-05
-8.4360970196114337e-05
-8.3781509484048445e-05
-8.3135422354069994e-05
-8.2495922790407891e-05
-8.1925700761440668e-05
-8.1226384806839711e-05
-8.0682874923814128e-05
-8.0011306350647517e-05
-7.9431379457357414e-05
-7.8811718585636065e-05
-7.8193967944911291e-05
-7.7600549563668907e-05
-7.6972547688634185e-05
-7.6411514030267025e-05
-7.5748811308599248e-05
-7.5216651080662575e-05
-7.4555624134942873e-05
-7.4001302279734634e-05
-7.3383387311435811e-05
-7.2796313905110807e-05
-7.2209764129704498e-05
-7.1614141179173030e-05
-7.1037630601647998e-05
-7.0436324825910623e-05
-6.9872131362206877e-05
-6.9250420644612556e-05
-6.8720679959978032e-05
-6.8076304231662977e-05
-6.7562243329927687e-05
-6.6923762777705564e-05
-6.6405316794860661e-05
-6.5771773773418417e-05
-6.5254709827963073e-05
-6.4613842742151914e-05
-6.4114304824838998e-05
-6.3466464746590135e-05
-6.2968489538397325e-05
-6.2333551140179408e-05
-6.1825621040397899e-05
-6.1199345357899825e-05
-6.0685114810285342e-05
-6.0060315510539520e-05
-5.9553719133208322e-05
-5.8928761211502803e-05
-5.8412787270603698e-05
-5.7813902769634245e-05
-5.7271044290296847e-05
-5.6700590925696460e-05
-5.6136303244551613e-05
-5.5575699357978920e-05
-5.5005110219461304e-05
-5.4454925623869196e-05
-5.3870319748761598e-05
-5.3344826484189968e-05
-5.2730057366589674e-05
-5.2221824459956218e-05
-5.1606757271465587e-05
-5.1082659036869073e-05
-5.0497218626577435e-05
-4.9935152314822080e-05
-4.9389164447738011e-05
-4.8788671211997822e-05
-4.8272881116340271e-05
-4.7648430835350708e-05
-4.7121754317259634e-05
-4.6535033032140927e-05
-4.5972471990576905e-05
-4.5415902510674679e-05
-4.4820852977812902e-05
-4.4292210418766059e-05
-4.3666581772059623e-05
-4.3127374806222831e-05
-4.2540548739241420e-05
-4.1959411987961178e-05
-4.1411721008883274e-05
-4.0783902248896362e-05
-4.0235245838248511e-05
-3.9645840459389893e-05
-3.9052154827458212e-05
-3.8498066585045335e-05
-3.7865732989039234e-05
0.0000000000000000e+00
];
