%Vec Object:dSdr_b_aug_5950 1 MPI processes
%  type: seq
dSdr_b_aug_5950 = [
2.3193239798460654e+03
0.0000000000000000e+00
-8.4822656500214892e-07
-3.5054267662903613e-07
-2.1786346307565490e-07
-1.5475544252783922e-07
-1.1614486935525418e-07
-9.2272702564881759e-08
-7.6091406191136776e-08
-6.3912968341459192e-08
-5.4868812658686648e-08
-4.7935331151394025e-08
-4.2288527566624279e-08
-3.7713534265060213e-08
-3.3962516613683883e-08
-3.0799065698826574e-08
-2.8095492894253859e-08
-2.5788595267345042e-08
-2.4412385701519795e-08
-4.0621056137136236e-05
-7.4788326611321650e-04
-7.1616520677482214e-04
-6.7754524626200774e-04
-6.3901024333831518e-04
-5.9623744484474210e-04
-5.5495540854617854e-04
-5.1538052329054909e-04
-4.7541337802080026e-04
-4.3440736298381509e-04
-3.9058462963150543e-04
-3.5202135397889535e-04
-3.1495887251475104e-04
-2.7997177963984152e-04
-2.4307279148368246e-04
-2.1305978080963514e-04
-1.8693738674956131e-04
-1.6408786631880957e-04
-1.4250870317561440e-04
-1.2616438026170272e-04
-1.1376825706913112e-04
-1.0398276723188394e-04
-9.6095638546009506e-05
-9.1182732379322548e-05
-8.8189455687879959e-05
-8.6557491731929323e-05
-8.6179855923577798e-05
-8.6674602421933834e-05
-8.7685020788995212e-05
-8.9140453140442856e-05
-9.1102707723978037e-05
-9.2829489565766183e-05
-9.4639314020642618e-05
-9.6482211078100462e-05
-9.8256256103048940e-05
-9.9742847453517349e-05
-1.0107394581843125e-04
-1.0235217000881406e-04
-1.0338326451969737e-04
-1.0422957077483294e-04
-1.0491279550516355e-04
-1.0552773295170268e-04
-1.0593187280906726e-04
-1.0617511246113476e-04
-1.0637014795824860e-04
-1.0646212037946727e-04
-1.0642040875366597e-04
-1.0631827074410713e-04
-1.0615703964132288e-04
-1.0590636016748972e-04
-1.0559946887214653e-04
-1.0527396160491358e-04
-1.0489552676732840e-04
-1.0448329026379989e-04
-1.0401146654360069e-04
-1.0354551906126605e-04
-1.0305218342830435e-04
-1.0251623401412667e-04
-1.0199841863656301e-04
-1.0147003347216416e-04
-1.0087252537220226e-04
-1.0031624253213690e-04
-9.9757137352833995e-05
-9.9144809854778614e-05
-9.8576869318664376e-05
-9.8012929011263083e-05
-9.7358099409019142e-05
-9.6790842378411939e-05
-9.6205148897310014e-05
-9.5569846609400253e-05
-9.5003711044646663e-05
-9.4403040645334507e-05
-9.3771180303386161e-05
-9.3201719991619484e-05
-9.2581311893935402e-05
-9.1984694959935958e-05
-9.1425315472260768e-05
-9.0778789663324548e-05
-9.0210487245495814e-05
-8.9639662085438070e-05
-8.8982947439602029e-05
-8.8455474094037119e-05
-8.7856106560314033e-05
-8.7247259147730646e-05
-8.6719201379729780e-05
-8.6069779757334851e-05
-8.5525079081562688e-05
-8.4973368831366247e-05
-8.4347711091934316e-05
-8.3829263373088488e-05
-8.3226509888658604e-05
-8.2654972704367992e-05
-8.2131048207315327e-05
-8.1513701900376542e-05
-8.0999367914258427e-05
-8.0417418330314724e-05
-7.9867343894374186e-05
-7.9322605859257780e-05
-7.8745558557427679e-05
-7.8236689679655834e-05
-7.7637982513096125e-05
-7.7138010453634302e-05
-7.6576543948895698e-05
-7.6022801559892975e-05
-7.5531828298082879e-05
-7.4923098599322840e-05
-7.4455607883017893e-05
-7.3874296790997151e-05
-7.3371478140777920e-05
-7.2838891326288123e-05
-7.2303310972593788e-05
-7.1791152808428919e-05
-7.1249970447965079e-05
-7.0765328501388368e-05
-7.0193920407926114e-05
-6.9736072142462791e-05
-6.9165575805771898e-05
-6.8688623869440067e-05
-6.8156577072296757e-05
-6.7650701713739095e-05
-6.7146729541760672e-05
-6.6634758290952544e-05
-6.6138321117980523e-05
-6.5623516419689514e-05
-6.5137852505012977e-05
-6.4604124823072892e-05
-6.4151934508476952e-05
-6.3596432217378294e-05
-6.3159179192489768e-05
-6.2610522574851933e-05
-6.2166925416831599e-05
-6.1626361128869155e-05
-6.1183488311619412e-05
-6.0636038827909943e-05
-6.0210387649729842e-05
-5.9656562222840033e-05
-5.9233012714600416e-05
-5.8691161044745381e-05
-5.8258537039999734e-05
-5.7725315445014084e-05
-5.7288176021362150e-05
-5.6755556048048942e-05
-5.6327754196259188e-05
-5.5793824091232584e-05
-5.5358054501605290e-05
-5.4849901729945619e-05
-5.4388792881656003e-05
-5.3907773617260615e-05
-5.3428192503335156e-05
-5.2955228620146438e-05
-5.2472595755959608e-05
-5.2007832311009818e-05
-5.1514659431574960e-05
-5.1071766343686263e-05
-5.0553082973879831e-05
-5.0125742630179172e-05
-4.9606971602194918e-05
-4.9166650663098518e-05
-4.8674662625216851e-05
-4.8201448319648171e-05
-4.7745296037752422e-05
-4.7239001715718062e-05
-4.6808730231061562e-05
-4.6284674510944975e-05
-4.5843315587479788e-05
-4.5354516250700907e-05
-4.4882794514042774e-05
-4.4419006183470968e-05
-4.3921955400785742e-05
-4.3481726714204207e-05
-4.2960136118091227e-05
-4.2511298751358199e-05
-4.2022543785775949e-05
-4.1539461274308358e-05
-4.1084095363602596e-05
-4.0562938728160663e-05
-4.0107219716328059e-05
-3.9618312128252266e-05
-3.9126749186977929e-05
-3.8665563933571630e-05
-3.8138390627509973e-05
0.0000000000000000e+00
];
