%Vec Object:dSdr_b_aug_1300 1 MPI processes
%  type: seq
dSdr_b_aug_1300 = [
2.4455272772698809e+03
0.0000000000000000e+00
-2.0552174033186495e-06
-8.4008910990543047e-07
-5.1341042098216099e-07
-3.6097554751318575e-07
-2.7073313861862214e-07
-2.1501429648223172e-07
-1.7725122789441574e-07
-1.4865460480050601e-07
-1.2742766274907799e-07
-1.1116280055999645e-07
-9.7901055414265430e-08
-8.7157085547920912e-08
-7.8350700440610586e-08
-7.0924249020325029e-08
-6.4577787132571078e-08
-5.9163703445944087e-08
-5.4483126388255173e-08
-5.0352918096024937e-08
-4.6734815803010374e-08
-4.3544068086400257e-08
-4.0675469757633516e-08
-3.8112528908779194e-08
-3.9752984667888808e-08
-6.9005053777774938e-06
-4.0009432062827576e-04
-5.0649708817661484e-04
-4.6926355430328294e-04
-4.2315667645198145e-04
-3.8227137259102813e-04
-3.4298713569356115e-04
-3.0592846206264039e-04
-2.6686769592274972e-04
-2.3510740385313547e-04
-2.0747452057259854e-04
-1.8330780600962592e-04
-1.6048247973127726e-04
-1.4319344547344864e-04
-1.3007671586550828e-04
-1.1970692884505508e-04
-1.1133493155825747e-04
-1.0610084482523118e-04
-1.0288650223648057e-04
-1.0110366760245953e-04
-1.0063463720393533e-04
-1.0108423498171717e-04
-1.0207493854957035e-04
-1.0353203140257302e-04
-1.0550605145314310e-04
-1.0724129947208579e-04
-1.0906434399737195e-04
-1.1091418801111713e-04
-1.1268609513295750e-04
-1.1416373024208043e-04
-1.1547496318947982e-04
-1.1671931186068638e-04
-1.1771151015634012e-04
-1.1851248188867040e-04
-1.1913829161898681e-04
-1.1968590991948612e-04
-1.2002156048013132e-04
-1.2018862492277295e-04
-1.2029215463850439e-04
-1.2030030959388362e-04
-1.2016960276942061e-04
-1.1996876994013556e-04
-1.1970576490278320e-04
-1.1935637059520407e-04
-1.1894516336254468e-04
-1.1850849404973511e-04
-1.1802736349635397e-04
-1.1751197859133924e-04
-1.1691789656570534e-04
-1.1634655968409153e-04
-1.1574847153460621e-04
-1.1508835044726682e-04
-1.1446568458556704e-04
-1.1383284438474549e-04
-1.1310811093414752e-04
-1.1244667423718416e-04
-1.1178125926759305e-04
-1.1104530252875889e-04
-1.1037278808859755e-04
-1.0970351881797390e-04
-1.0892391874298440e-04
-1.0825250838638852e-04
-1.0756014033328825e-04
-1.0680523113577489e-04
-1.0613667002387533e-04
-1.0542764629074078e-04
-1.0467900899126497e-04
-1.0400800388813872e-04
-1.0327621084265778e-04
-1.0257001562963526e-04
-1.0191083400347218e-04
-1.0114930318526543e-04
-1.0047580280281326e-04
-9.9804913869665525e-05
-9.9031038621415305e-05
-9.8404929231648403e-05
-9.7701786205700673e-05
-9.6982630467044525e-05
-9.6357276385692489e-05
-9.5595385669009311e-05
-9.4949980019148815e-05
-9.4298740031075479e-05
-9.3562673582882068e-05
-9.2948743335372576e-05
-9.2237532253882479e-05
-9.1563902557836009e-05
-9.0944010412885833e-05
-9.0214769874172632e-05
-8.9608011019531668e-05
-8.8918935922463233e-05
-8.8269682003960445e-05
-8.7626545323743618e-05
-8.6943073233690932e-05
-8.6341597724639023e-05
-8.5634449406936998e-05
-8.5039931854394291e-05
-8.4377815778936043e-05
-8.3722071983481319e-05
-8.3136838555362543e-05
-8.2420363638937782e-05
-8.1862454113799553e-05
-8.1173788857228160e-05
-8.0579256029161958e-05
-7.9943101484295390e-05
-7.9309786050812869e-05
-7.8700975264439088e-05
-7.8056527935057351e-05
-7.7481024072934305e-05
-7.6801028216687693e-05
-7.6254791736280139e-05
-7.5576616380049753e-05
-7.5007639032375825e-05
-7.4373458821901358e-05
-7.3771004796412219e-05
-7.3168813085858558e-05
-7.2557344745021176e-05
-7.1965666584817989e-05
-7.1347975689069475e-05
-7.0768907085800621e-05
-7.0130530537812149e-05
-6.9586100195171585e-05
-6.8924889980300657e-05
-6.8396280069514862e-05
-6.7740784991484384e-05
-6.7208161091936608e-05
-6.6557005964123109e-05
-6.6025888690350332e-05
-6.5367326374398969e-05
-6.4853792793980838e-05
-6.4188144400229840e-05
-6.3676071447083118e-05
-6.3023500511641081e-05
-6.2501305911932494e-05
-6.1857403886563355e-05
-6.1328570728735247e-05
-6.0686310798581344e-05
-6.0164789165000873e-05
-5.9522588750350573e-05
-5.8991422520265166e-05
-5.8375351631307651e-05
-5.7817008176555413e-05
-5.7229614246820302e-05
-5.6649281511093386e-05
-5.6072076930238853e-05
-5.5484827207563149e-05
-5.4918462254497726e-05
-5.4316537274033578e-05
-5.3775398053539626e-05
-5.3142428557825228e-05
-5.2618873217770380e-05
-5.1985565869803798e-05
-5.1445598858514318e-05
-5.0842457062395092e-05
-5.0263560835233055e-05
-4.9700556816075915e-05
-4.9082221015490687e-05
-4.8550232691414444e-05
-4.7906766502457221e-05
-4.7363930129366154e-05
-4.6758661666073049e-05
-4.6178895305112949e-05
-4.5604753008475085e-05
-4.4991142774189901e-05
-4.4445755656263080e-05
-4.3800423712441802e-05
-4.3244103630139329e-05
-4.2638707248369232e-05
-4.2039005821743270e-05
-4.1473839271249368e-05
-4.0825835907911469e-05
-4.0259606905266286e-05
-3.9651222746945092e-05
-3.9038315588084041e-05
-3.8466974219420197e-05
-3.7816553731734265e-05
0.0000000000000000e+00
];
