%Vec Object:dSdr_b_aug_5640 1 MPI processes
%  type: seq
dSdr_b_aug_5640 = [
2.3224600692111194e+03
0.0000000000000000e+00
-8.6629996405455691e-07
-3.5799045970665128e-07
-2.2245239879965932e-07
-1.5800976111088953e-07
-1.1860873564604915e-07
-9.4248328161371155e-08
-7.7735936613775143e-08
-6.5305683679258833e-08
-5.6074481555135065e-08
-4.8997645526743713e-08
-4.3233558591444104e-08
-3.8563427462200918e-08
-3.4734391343810859e-08
-3.1505023405365690e-08
-2.8744992671661914e-08
-2.6389899615683339e-08
-2.4497237733564447e-08
-1.1300927528674499e-05
-7.3373807251609767e-04
-7.1816856816296322e-04
-6.7958006173652555e-04
-6.4094130852483547e-04
-5.9805241793025872e-04
-5.5666144662521518e-04
-5.1698442102681775e-04
-4.7691547013598452e-04
-4.3580688847719439e-04
-3.9187745886438589e-04
-3.5322081939118322e-04
-3.1607012037902972e-04
-2.8100087886426110e-04
-2.4401618046284478e-04
-2.1393389530104042e-04
-1.8775161521365885e-04
-1.6484987235965932e-04
-1.4322130295580074e-04
-1.2683952536018112e-04
-1.1441483251259943e-04
-1.0460617723479588e-04
-9.6699825125891295e-05
-9.1774185232788546e-05
-8.8772144034807379e-05
-8.7134198583290568e-05
-8.6752939311900436e-05
-8.7245895843652267e-05
-8.8255532614423649e-05
-8.9711030697610763e-05
-9.1673751646720506e-05
-9.3400869174278998e-05
-9.5211217801477788e-05
-9.7054390320632799e-05
-9.8828350620127817e-05
-1.0031458691769138e-04
-1.0164489771476951e-04
-1.0292177888137492e-04
-1.0395133131242177e-04
-1.0479584022836539e-04
-1.0547678866701489e-04
-1.0608905715407224e-04
-1.0649048165792072e-04
-1.0673070123426062e-04
-1.0692210884837164e-04
-1.0701075820183428e-04
-1.0696551822735226e-04
-1.0685946731053849e-04
-1.0669420122310929e-04
-1.0643960804707485e-04
-1.0612858098374343e-04
-1.0579866652249759e-04
-1.0541616015220004e-04
-1.0499983416800317e-04
-1.0452316332233560e-04
-1.0405303751030148e-04
-1.0355554879748690e-04
-1.0301467639792129e-04
-1.0249270405570155e-04
-1.0196017760448154e-04
-1.0135762544992803e-04
-1.0079717361648866e-04
-1.0023385361462147e-04
-9.9616624634943490e-05
-9.9044538097854302e-05
-9.8476421853643296e-05
-9.7816645522962476e-05
-9.7245259165216666e-05
-9.6655336397702312e-05
-9.6015292098880912e-05
-9.5445095707065284e-05
-9.4840129463423848e-05
-9.4203639308227416e-05
-9.3630153087919209e-05
-9.3005328951943425e-05
-9.2404367607937693e-05
-9.1841031301668604e-05
-9.1189945930016117e-05
-9.0617472765378810e-05
-9.0042680412061887e-05
-8.9381320740285897e-05
-8.8849936806041936e-05
-8.8246454918571572e-05
-8.7633234144099365e-05
-8.7101318897299523e-05
-8.6447438245529961e-05
-8.5898744948692668e-05
-8.5343088671564028e-05
-8.4713053589963332e-05
-8.4190820302446187e-05
-8.3583766830785098e-05
-8.3008182013680903e-05
-8.2480452714290477e-05
-8.1858670168632016e-05
-8.1340671839393841e-05
-8.0754475080397907e-05
-8.0200468503043758e-05
-7.9651829284001522e-05
-7.9070562588164206e-05
-7.8558022160361303e-05
-7.7955015657371960e-05
-7.7451295178163692e-05
-7.6885838247018273e-05
-7.6328051835677791e-05
-7.5833341465905143e-05
-7.5220340021311740e-05
-7.4749264493776584e-05
-7.4163697159526060e-05
-7.3657242340526935e-05
-7.3120549403007332e-05
-7.2581094171270515e-05
-7.2065104044705789e-05
-7.1519827563945354e-05
-7.1031583236787077e-05
-7.0455869991297565e-05
-6.9994517418738180e-05
-6.9419751958062190e-05
-6.8939151511195271e-05
-6.8403055454325839e-05
-6.7893351062967198e-05
-6.7385484802690295e-05
-6.6869568812458750e-05
-6.6369355640001404e-05
-6.5850471834498083e-05
-6.5361104722544330e-05
-6.4823228048332658e-05
-6.4367380710363939e-05
-6.3807687437597075e-05
-6.3366812401769598e-05
-6.2813919979081410e-05
-6.2366793191138468e-05
-6.1821844327188897e-05
-6.1375472893369267e-05
-6.0823618136543521e-05
-6.0394482694172892e-05
-5.9836223837517926e-05
-5.9409164647625327e-05
-5.8862923303639646e-05
-5.8426748098489209e-05
-5.7889138366173941e-05
-5.7448363563533299e-05
-5.6911396700695105e-05
-5.6479879140125003e-05
-5.5941656443306456e-05
-5.5502104658399851e-05
-5.4989673253269376e-05
-5.4524709334665937e-05
-5.4039472623509890e-05
-5.3555896994225551e-05
-5.3078800261373291e-05
-5.2592019629312743e-05
-5.2123227960139598e-05
-5.1625743353038576e-05
-5.1178955058246671e-05
-5.0655740540435521e-05
-5.0224585501648560e-05
-4.9701273387439413e-05
-4.9257001700700913e-05
-4.8760606659134109e-05
-4.8283202274423121e-05
-4.7822813515528688e-05
-4.7312076936684146e-05
-4.6877772507656421e-05
-4.6348982313569460e-05
-4.5903599862695104e-05
-4.5410182575680269e-05
-4.4934176828855981e-05
-4.4466012848333668e-05
-4.3964340279222207e-05
-4.3519941678894158e-05
-4.2993444215819957e-05
-4.2540344313192882e-05
-4.2046963294942454e-05
-4.1559255015992088e-05
-4.1099532697505140e-05
-4.0573342171384447e-05
-4.0113233927420525e-05
-3.9619575197627682e-05
-3.9123170975084620e-05
-3.8657533098455943e-05
-3.8125020393335416e-05
0.0000000000000000e+00
];
