%Vec Object:dSdr_b_aug_5110 1 MPI processes
%  type: seq
dSdr_b_aug_5110 = [
2.3298527590111089e+03
0.0000000000000000e+00
-9.0804533169959197e-07
-3.7412828424655107e-07
-2.3169446843944235e-07
-1.6405279633198866e-07
-1.2280680633420106e-07
-9.7311042595443711e-08
-8.0031610491699476e-08
-6.7032574955158455e-08
-5.7381048522013797e-08
-4.9982651544378747e-08
-4.3961471710334224e-08
-3.9084647678278989e-08
-3.5086662662376152e-08
-3.1716455615649407e-08
-2.8837752814281059e-08
-2.6381743251153873e-08
-2.4263134288516991e-08
-4.2992198391572813e-07
-5.3565322350223514e-04
-7.2070636912790250e-04
-6.8310937034373950e-04
-6.4430214360041674e-04
-6.0121141528157371e-04
-5.5963084553964219e-04
-5.1977604243892001e-04
-4.7952989645747035e-04
-4.3824279515371456e-04
-3.9412765815090251e-04
-3.5530851671832311e-04
-3.1800427295250515e-04
-2.8279204976024185e-04
-2.4565817060925394e-04
-2.1545531153045318e-04
-1.8916879836594486e-04
-1.6617616112004550e-04
-1.4446159891582644e-04
-1.2801463053753391e-04
-1.1554021151702859e-04
-1.0569123623647266e-04
-9.7751425305169426e-05
-9.2803622074057168e-05
-8.9786326067929680e-05
-8.8137969710592329e-05
-8.7750403750080832e-05
-8.8240244839078735e-05
-8.9248521259695276e-05
-9.0704134025291751e-05
-9.2667666958074326e-05
-9.4395368670588910e-05
-9.6206629522139922e-05
-9.8050281386343626e-05
-9.9824094180323965e-05
-1.0130971252379710e-04
-1.0263865256241540e-04
-1.0391319618482092e-04
-1.0494006460811369e-04
-1.0578144522989669e-04
-1.0645843174486855e-04
-1.0706605485964921e-04
-1.0746275324016383e-04
-1.0769771631588543e-04
-1.0788280952565740e-04
-1.0796567501225756e-04
-1.0791429387380680e-04
-1.0780143245908895e-04
-1.0762914339467192e-04
-1.0736773833608494e-04
-1.0704951287889360e-04
-1.0671192760001023e-04
-1.0632233463816279e-04
-1.0589889082315329e-04
-1.0541378344756518e-04
-1.0493638516027639e-04
-1.0443166791989542e-04
-1.0388222695357677e-04
-1.0335301932167405e-04
-1.0281328486820763e-04
-1.0220195342234116e-04
-1.0163424536235203e-04
-1.0106358936689839e-04
-1.0043782924699174e-04
-9.9858526501610910e-05
-9.9283141944931427e-05
-9.8614755720346898e-05
-9.8036182175076559e-05
-9.7438898238379440e-05
-9.6790600360999765e-05
-9.6213336007293517e-05
-9.5600892748433141e-05
-9.4956344297040629e-05
-9.4375850890995701e-05
-9.3743340539012272e-05
-9.3134817649675471e-05
-9.2564594410051064e-05
-9.1905573014401643e-05
-9.1325840569101246e-05
-9.0744143224827245e-05
-9.0074698778031768e-05
-8.9536508374329671e-05
-8.8925865355912381e-05
-8.8305032637220213e-05
-8.7766403352987688e-05
-8.7104761650473876e-05
-8.6549119097676275e-05
-8.5986594662651288e-05
-8.5348940708523702e-05
-8.4820118544353429e-05
-8.4205580838088954e-05
-8.3622951015163870e-05
-8.3088599362103068e-05
-8.2459095432471920e-05
-8.1934719221910806e-05
-8.1341130148524342e-05
-8.0780279580223253e-05
-8.0224850252330927e-05
-7.9636239595198846e-05
-7.9117308741507832e-05
-7.8506819135162312e-05
-7.7996574436155208e-05
-7.7424172066591115e-05
-7.6859346931622892e-05
-7.6358132029898383e-05
-7.5737695502987569e-05
-7.5260380519182591e-05
-7.4667405086572503e-05
-7.4154621421691511e-05
-7.3610781671428887e-05
-7.3064582114053063e-05
-7.2541922357292996e-05
-7.1989519953910526e-05
-7.1495005588588097e-05
-7.0911799113973804e-05
-7.0444347201847912e-05
-6.9862151218938971e-05
-6.9375200442155853e-05
-6.8832056541275237e-05
-6.8315687615710545e-05
-6.7801043590116309e-05
-6.7278261674532075e-05
-6.6771476272079326e-05
-6.6245492669768683e-05
-6.5749680040621170e-05
-6.5204581931620846e-05
-6.4742369442001267e-05
-6.4175381649322647e-05
-6.3728202400325663e-05
-6.3167937439896868e-05
-6.2714667228304423e-05
-6.2162086885375189e-05
-6.1709626005334079e-05
-6.1150103743370471e-05
-6.0714903833139139e-05
-6.0148928461340438e-05
-5.9715760561093414e-05
-5.9161878856664173e-05
-5.8719522673427161e-05
-5.8174275251917812e-05
-5.7727172952425193e-05
-5.7182640188828384e-05
-5.6744655310875975e-05
-5.6198961214532698e-05
-5.5752826385165855e-05
-5.5232947869179267e-05
-5.4761274058182188e-05
-5.4268696725582490e-05
-5.3778168487709515e-05
-5.3293878367114801e-05
-5.2799878375970308e-05
-5.2324075410033167e-05
-5.1819086054031596e-05
-5.1365517967006594e-05
-5.0834416775728731e-05
-5.0396622057360642e-05
-4.9865405948354248e-05
-4.9414257752001578e-05
-4.8910192058250228e-05
-4.8425494563938249e-05
-4.7957731915504443e-05
-4.7439263252555976e-05
-4.6997939125329556e-05
-4.6460908159132435e-05
-4.6008522306738893e-05
-4.5507066944936272e-05
-4.5023604273055929e-05
-4.4547823762019778e-05
-4.4038106116844886e-05
-4.3586448756508264e-05
-4.3051409591823035e-05
-4.2590889115050231e-05
-4.2089454295576482e-05
-4.1593691933409447e-05
-4.1126383121207874e-05
-4.0591424790605731e-05
-4.0123666864277546e-05
-3.9621720258078933e-05
-3.9116850447771690e-05
-3.8643352244513054e-05
-3.8100957944591040e-05
0.0000000000000000e+00
];
