%Vec Object:dSdr_b_aug_9030 1 MPI processes
%  type: seq
dSdr_b_aug_9030 = [
2.2790372824921401e+03
0.0000000000000000e+00
-6.5373674027272392e-07
-2.7076207907971908e-07
-1.6888265939552063e-07
-1.2020239190419594e-07
-9.0178134843887118e-08
-7.1608496284170132e-08
-5.9021445815590690e-08
-4.9565567908492685e-08
-4.2542626559733704e-08
-3.7157945746586645e-08
-3.2774814270592769e-08
-2.9223838638501693e-08
-2.6312239196725574e-08
-2.3856949619574095e-08
-2.1761950085079719e-08
-1.3659582924456844e-06
-7.5591132260518384e-04
-7.8055047713793092e-04
-7.3878338935215654e-04
-7.0011637503493668e-04
-6.6223778115029536e-04
-6.2449556555828583e-04
-5.8259559226026502e-04
-5.4213234813010923e-04
-5.0332517849212006e-04
-4.6412323277684168e-04
-4.2388813717508751e-04
-3.8086736276968166e-04
-3.4300583571580094e-04
-3.0660642202135738e-04
-2.7223678130124020e-04
-2.3598201531199522e-04
-2.0648969105528997e-04
-1.8081741725140940e-04
-1.5836041550621504e-04
-1.3715260395342024e-04
-1.2108980119432580e-04
-1.0890841578085110e-04
-9.9297044103621493e-05
-9.1554404249998125e-05
-8.6737208512442480e-05
-8.3809808457097881e-05
-8.2222803224819231e-05
-8.1872402487106379e-05
-8.2380602966704175e-05
-8.3396896108439160e-05
-8.4851833304195603e-05
-8.6810581498747162e-05
-8.8534840153609609e-05
-9.0340724799384321e-05
-9.2181551425379063e-05
-9.3956233285158694e-05
-9.5445493325813202e-05
-9.6782511283088874e-05
-9.8070830027240774e-05
-9.9113515252199696e-05
-9.9973330821238012e-05
-1.0067366480553745e-04
-1.0130866290672905e-04
-1.0173321212864264e-04
-1.0199915152205313e-04
-1.0222145520972251e-04
-1.0233840474450723e-04
-1.0232321318060818e-04
-1.0225048568256264e-04
-1.0211958265887045e-04
-1.0189831967090789e-04
-1.0162251397005531e-04
-1.0133013241096012e-04
-1.0098230035691751e-04
-1.0060080153893423e-04
-1.0016541017416891e-04
-9.9730868191152863e-05
-9.9268748272329338e-05
-9.8769801397510516e-05
-9.8283230933288206e-05
-9.7785972843033182e-05
-9.7226377272194246e-05
-9.6701429756134618e-05
-9.6174004365993723e-05
-9.5598517778463837e-05
-9.5061739748899510e-05
-9.4529186954052570e-05
-9.3911538349817419e-05
-9.3375318500331015e-05
-9.2821413522127156e-05
-9.2221753517813016e-05
-9.1686140268158460e-05
-9.1117758639517094e-05
-9.0520697271930767e-05
-8.9981496817800879e-05
-8.9394280901977655e-05
-8.8830317771528737e-05
-8.8300678842047778e-05
-8.7688423984530215e-05
-8.7151470069012367e-05
-8.6610463445743478e-05
-8.5988662116589967e-05
-8.5490581851912161e-05
-8.4922138951583513e-05
-8.4346162947191285e-05
-8.3847099065709045e-05
-8.3231192752035853e-05
-8.2716501729596629e-05
-8.2194450918193266e-05
-8.1601694503382802e-05
-8.1111700173987003e-05
-8.0541266592613220e-05
-8.0000152544844574e-05
-7.9504826002525686e-05
-7.8920823702618602e-05
-7.8434031940190010e-05
-7.7884005307629649e-05
-7.7363485941956675e-05
-7.6848070291817065e-05
-7.6302737130910485e-05
-7.5821464645326939e-05
-7.5255072488877690e-05
-7.4783274595587105e-05
-7.4251801246419695e-05
-7.3728454854993903e-05
-7.3265570736297264e-05
-7.2688948668065578e-05
-7.2248402389616490e-05
-7.1699082398325907e-05
-7.1223594203145772e-05
-7.0721870151095657e-05
-7.0215414457512599e-05
-6.9732058387262977e-05
-6.9221648572490805e-05
-6.8764083118100098e-05
-6.8225033743153594e-05
-6.7793524821484631e-05
-6.7255116405827447e-05
-6.6805587685929199e-05
-6.6303976247820246e-05
-6.5826880960704223e-05
-6.5352177835055296e-05
-6.4869856338080543e-05
-6.4401800621916456e-05
-6.3917655622259571e-05
-6.3459825961587038e-05
-6.2957283252731072e-05
-6.2532580134948154e-05
-6.2008578419560695e-05
-6.1598549426804172e-05
-6.1081730288400872e-05
-6.0664662799266426e-05
-6.0157054192723287e-05
-5.9740477937407574e-05
-5.9226139698422574e-05
-5.8826677203459741e-05
-5.8306174652073864e-05
-5.7909004869227916e-05
-5.7400147192396136e-05
-5.6994214976371872e-05
-5.6493975820045146e-05
-5.6084160891232107e-05
-5.5584213322366148e-05
-5.5184339742213528e-05
-5.4682673919683705e-05
-5.4275332327375252e-05
-5.3799338917697798e-05
-5.3367205809024634e-05
-5.2917886002952078e-05
-5.2468328728158978e-05
-5.2026428438666421e-05
-5.1574971291979244e-05
-5.1140485034926660e-05
-5.0679720227225692e-05
-5.0266104516960458e-05
-4.9781478425898565e-05
-4.9382810290895148e-05
-4.8898171217036383e-05
-4.8487545068944934e-05
-4.8028681152596371e-05
-4.7586960483437455e-05
-4.7162650554143413e-05
-4.6689745253849646e-05
-4.6289786251962697e-05
-4.5801315862996658e-05
-4.5390198548266950e-05
-4.4936108602511646e-05
-4.4496586188492578e-05
-4.4065685865785308e-05
-4.3603372981243827e-05
-4.3194485609323241e-05
-4.2709775213864361e-05
-4.2292974721501911e-05
-4.1838988395067148e-05
-4.1390671580059774e-05
-4.0968045507650279e-05
-4.0484718655193827e-05
-4.0061979922862840e-05
-3.9608764206342661e-05
-3.9153548892417998e-05
-3.8725715300352274e-05
-3.8238055544712447e-05
0.0000000000000000e+00
];
