%Vec Object:dSdr_b_aug_560 1 MPI processes
%  type: seq
dSdr_b_aug_560 = [
2.5137533667422872e+03
0.0000000000000000e+00
-3.4603581189057694e-06
-1.4050269209262317e-06
-8.4982367089912875e-07
-5.9412210195480473e-07
-4.4579289801772639e-07
-3.5428965151247546e-07
-2.9227841910464298e-07
-2.4511014684036807e-07
-2.1010544909653780e-07
-1.8329114975936118e-07
-1.6140671422565249e-07
-1.4367574150085356e-07
-1.2914425802604572e-07
-1.1688850328624246e-07
-1.0641358610654769e-07
-9.7478310757964317e-08
-8.9754015922874371e-08
-8.2937563024986163e-08
-7.6966662663168599e-08
-7.1701365151823643e-08
-6.6967745647384022e-08
-6.2736214749138725e-08
-5.8940061133791091e-08
-5.5495045088595735e-08
-5.2362204154329735e-08
-4.9520341167559061e-08
-4.8320616046455717e-08
-3.0705586250739330e-07
-2.0769308543911907e-05
-2.1583094482779903e-04
-2.9587857435204288e-04
-2.7436140271090611e-04
-2.4510292102142143e-04
-2.1744893705607135e-04
-1.9281294929250642e-04
-1.6942402449453251e-04
-1.5168319257512087e-04
-1.3821415465890526e-04
-1.2755573181422541e-04
-1.1894307703673772e-04
-1.1354932254109684e-04
-1.1022496218340739e-04
-1.0836699375494559e-04
-1.0785244174630562e-04
-1.0827956272184378e-04
-1.0926046243596639e-04
-1.1071840893781588e-04
-1.1269831857211072e-04
-1.1443780279714787e-04
-1.1626745368240327e-04
-1.1812076933407279e-04
-1.1989161022738941e-04
-1.2136477359237111e-04
-1.2266608686126127e-04
-1.2389351967628779e-04
-1.2486629490661853e-04
-1.2564462855598930e-04
-1.2624176782889839e-04
-1.2675577005711870e-04
-1.2705722024626144e-04
-1.2718624639964694e-04
-1.2724408256674775e-04
-1.2721038312807161e-04
-1.2703523644712691e-04
-1.2678512030233561e-04
-1.2647129441745999e-04
-1.2607260683300656e-04
-1.2560930944429462e-04
-1.2511713140368638e-04
-1.2458471977205656e-04
-1.2401782775313473e-04
-1.2336269615244644e-04
-1.2273873314150752e-04
-1.2208833689794581e-04
-1.2136621082905726e-04
-1.2069118796982575e-04
-1.2000618824455572e-04
-1.1921792499107547e-04
-1.1850397982961812e-04
-1.1778547919005813e-04
-1.1698778837370914e-04
-1.1626305508475245e-04
-1.1554118993377567e-04
-1.1469928592740008e-04
-1.1397586675107906e-04
-1.1323023090707250e-04
-1.1241559620080531e-04
-1.1169588904367283e-04
-1.1093275924794179e-04
-1.1012580957941397e-04
-1.0940409824527079e-04
-1.0861668532165197e-04
-1.0785577238748808e-04
-1.0714675472891129e-04
-1.0632779635560326e-04
-1.0560176550672059e-04
-1.0488090985531033e-04
-1.0404853064536663e-04
-1.0337316747658279e-04
-1.0261820444765442e-04
-1.0184396669499985e-04
-1.0117002810900987e-04
-1.0035197641179787e-04
-9.9656284158572292e-05
-9.8955344420884991e-05
-9.8164145847255067e-05
-9.7502536816275923e-05
-9.6737167896003069e-05
-9.6012558749672766e-05
-9.5344745588047628e-05
-9.4559631148077256e-05
-9.3906720359916403e-05
-9.3164152612758779e-05
-9.2465373873123910e-05
-9.1773102284579871e-05
-9.1036487461106609e-05
-9.0388769275237332e-05
-8.9627471369667827e-05
-8.8985742984040071e-05
-8.8273368030725551e-05
-8.7566690326755782e-05
-8.6934388557067141e-05
-8.6164111591648706e-05
-8.5561051905106369e-05
-8.4818779881143605e-05
-8.4178450116184620e-05
-8.3490579614460501e-05
-8.2808460751552658e-05
-8.2151387067257864e-05
-8.1455374997999109e-05
-8.0834499831660659e-05
-8.0100281342325110e-05
-7.9509908816710040e-05
-7.8777964633600464e-05
-7.8163035048242862e-05
-7.7477855220947463e-05
-7.6827175339426058e-05
-7.6175938426136530e-05
-7.5514786961468358e-05
-7.4875550968341105e-05
-7.4206484650347036e-05
-7.3580775207345104e-05
-7.2890143104239764e-05
-7.2299653538303139e-05
-7.1585658989125245e-05
-7.1011430905246640e-05
-7.0302587025169013e-05
-6.9725508570411493e-05
-6.9019130972366590e-05
-6.8443949850740090e-05
-6.7729904495053821e-05
-6.7172487943477588e-05
-6.6451002006409109e-05
-6.5894726083166291e-05
-6.5186868847654937e-05
-6.4619948512012151e-05
-6.3920779712644830e-05
-6.3346160782271584e-05
-6.2649153797995121e-05
-6.2080834864258972e-05
-6.1384571520835222e-05
-6.0805770870798277e-05
-6.0135813149237044e-05
-5.9528917760377003e-05
-5.8888407997801982e-05
-5.8257767446198369e-05
-5.7628512979358344e-05
-5.6989025754571611e-05
-5.6371929238379473e-05
-5.5715702358262544e-05
-5.5125507642093731e-05
-5.4435473536035717e-05
-5.3863877693597647e-05
-5.3173381689748581e-05
-5.2583661906019186e-05
-5.1925021697159276e-05
-5.1293360138596054e-05
-5.0677007524411191e-05
-5.0002732776057640e-05
-4.9419962276667436e-05
-4.8716880369895418e-05
-4.8123384882069385e-05
-4.7459973778081764e-05
-4.6826274549592779e-05
-4.6197050152356550e-05
-4.5525264386819846e-05
-4.4927401501911652e-05
-4.4220324231420677e-05
-4.3610390477069445e-05
-4.2946826605545566e-05
-4.2288998265028954e-05
-4.1669156039724189e-05
-4.0958045851078139e-05
-4.0337015271317289e-05
-3.9669664564795375e-05
-3.8997643577057403e-05
-3.8375458715352552e-05
-3.7685665762312917e-05
0.0000000000000000e+00
];
