%Vec Object:dSdr_b_aug_850 1 MPI processes
%  type: seq
dSdr_b_aug_850 = [
2.4805536223063732e+03
0.0000000000000000e+00
-2.6753404612361258e-06
-1.0897194558130937e-06
-6.6238407661822896e-07
-4.6427345960649011e-07
-3.4819786294847381e-07
-2.7656020942741346e-07
-2.2801016037005444e-07
-1.9116764055464607e-07
-1.6382331709920138e-07
-1.4287411556642155e-07
-1.2578603211482481e-07
-1.1194203183332965e-07
-1.0059550308327921e-07
-9.1026831222721445e-08
-8.2849536332413913e-08
-7.5873949572161884e-08
-6.9843690621753630e-08
-6.4522695701775578e-08
-5.9861641707896964e-08
-5.5751275312233708e-08
-5.2056178792334779e-08
-4.8752981988281915e-08
-4.5789572996071403e-08
-4.3105395050579320e-08
-4.4865466597580184e-08
-2.4002140622912183e-06
-1.8570004995764996e-04
-4.0758062404748242e-04
-3.8762483543310853e-04
-3.4982804430057108e-04
-3.1249957121437906e-04
-2.7292910849216468e-04
-2.4073087984814479e-04
-2.1271433258538344e-04
-1.8821197311511979e-04
-1.6506880931316709e-04
-1.4753876258227387e-04
-1.3423817407103863e-04
-1.2371929900554219e-04
-1.1522358062584088e-04
-1.0990753928885384e-04
-1.0663678756264288e-04
-1.0481545514308645e-04
-1.0432310331198726e-04
-1.0476118016082003e-04
-1.0574685275222077e-04
-1.0720436900116124e-04
-1.0918139093089265e-04
-1.1091879895864098e-04
-1.1274521655890943e-04
-1.1459683293792440e-04
-1.1636819424063422e-04
-1.1784354370284338e-04
-1.1914970730462591e-04
-1.2038541165911639e-04
-1.2136768451395388e-04
-1.2215708794451350e-04
-1.2276824678746160e-04
-1.2329868694951375e-04
-1.2361686079389637e-04
-1.2376448730152368e-04
-1.2384466715678835e-04
-1.2383143410227073e-04
-1.2367801806397079e-04
-1.2345200095514809e-04
-1.2316302593948149e-04
-1.2278844225686159e-04
-1.2235061640924994e-04
-1.2188558155008535e-04
-1.2137824582549793e-04
-1.2083654024045404e-04
-1.2021126122560662e-04
-1.1961303183071654e-04
-1.1898821368591494e-04
-1.1829640738071776e-04
-1.1764698653058379e-04
-1.1698749225098238e-04
-1.1623029437722097e-04
-1.1554202528666186e-04
-1.1484948296368432e-04
-1.1408197943463281e-04
-1.1338278059460011e-04
-1.1268663425574826e-04
-1.1187519618567371e-04
-1.1117720875383005e-04
-1.1045762027580319e-04
-1.0967219068441046e-04
-1.0897749338256109e-04
-1.0824082085573674e-04
-1.0746238529093458e-04
-1.0676546874589930e-04
-1.0600525332754800e-04
-1.0527109675377988e-04
-1.0458644836539141e-04
-1.0379557142210507e-04
-1.0309522737323130e-04
-1.0239880487837531e-04
-1.0159503343868604e-04
-1.0094375480761006e-04
-1.0021413114863668e-04
-9.9466827829436077e-05
-9.8816646468380506e-05
-9.8026056803716800e-05
-9.7354954079080107e-05
-9.6678316903606233e-05
-9.5914077259438935e-05
-9.5275782558241947e-05
-9.4536896149093061e-05
-9.3837215316617972e-05
-9.3192834954720149e-05
-9.2435042193912418e-05
-9.1804699154985822e-05
-9.1088288682598435e-05
-9.0413726995147489e-05
-8.9745481795828889e-05
-8.9034853141741811e-05
-8.8409747077253223e-05
-8.7674927680981215e-05
-8.7056284834029411e-05
-8.6368485877711204e-05
-8.5686714253069632e-05
-8.5077428345356240e-05
-8.4333459946427808e-05
-8.3752478154015616e-05
-8.3036419206305881e-05
-8.2418483576227058e-05
-8.1755901537895300e-05
-8.1097646944090001e-05
-8.0464173213611688e-05
-7.9793375658742150e-05
-7.9194686486488343e-05
-7.8486982186170212e-05
-7.7918191623164813e-05
-7.7212539718396283e-05
-7.6620080187835533e-05
-7.5959838522256278e-05
-7.5332740462779907e-05
-7.4705486019751731e-05
-7.4068628958048183e-05
-7.3452648121893530e-05
-7.2808703714331380e-05
-7.2205801022009482e-05
-7.1540721195822188e-05
-7.0972753969013170e-05
-7.0284570254036246e-05
-6.9732648831502580e-05
-6.9049891793475447e-05
-6.8494550993066723e-05
-6.7815176427406051e-05
-6.7261541896091766e-05
-6.6574626973971794e-05
-6.6038668551723659e-05
-6.5344486379708159e-05
-6.4809825044268929e-05
-6.4129002003250168e-05
-6.3583951860957016e-05
-6.2911807685669182e-05
-6.2359577269877384e-05
-6.1689340745446058e-05
-6.1143904922682341e-05
-6.0474077476853970e-05
-5.9918569243841915e-05
-5.9274961272313440e-05
-5.8691806909381636e-05
-5.8077269839575021e-05
-5.7471228864726418e-05
-5.6867425795096192e-05
-5.6253481672960074e-05
-5.5661191833474840e-05
-5.5031517434784414e-05
-5.4465309721731553e-05
-5.3803178915241719e-05
-5.3255073629531452e-05
-5.2592541432699829e-05
-5.2027149313228328e-05
-5.1395646204753924e-05
-5.0789785177288107e-05
-5.0199518154983470e-05
-4.9552595460911396e-05
-4.8994655211880837e-05
-4.8320722765935553e-05
-4.7751996758902369e-05
-4.7117014067171672e-05
-4.6509684209731994e-05
-4.5907390480649198e-05
-4.5264047145083965e-05
-4.4691838437860477e-05
-4.4014946397821536e-05
-4.3431219394726133e-05
-4.2796085722771697e-05
-4.2166662763073774e-05
-4.1573530402424228e-05
-4.0893239090216609e-05
-4.0298941148974779e-05
-3.9660306564720823e-05
-3.9016940090233659e-05
-3.8418908836261251e-05
-3.7744594155972255e-05
0.0000000000000000e+00
];
