%Vec Object:dSdr_b_aug_3110 1 MPI processes
%  type: seq
dSdr_b_aug_3110 = [
2.3726151797630177e+03
0.0000000000000000e+00
-1.2155947341909560e-06
-4.9953025570058296e-07
-3.0799283715526989e-07
-2.1755974833796330e-07
-1.6296684020546029e-07
-1.2923370101780292e-07
-1.0637120794203827e-07
-8.9133673826159581e-08
-7.6336321886178141e-08
-6.6527903769986040e-08
-5.8540174397707018e-08
-5.2070010322818529e-08
-4.6766137220964410e-08
-4.2294500802151565e-08
-3.8474363581087734e-08
-3.5215272406807063e-08
-3.2397730520464923e-08
-2.9912237336892548e-08
-2.7781721104496536e-08
-1.0683090265890277e-06
-4.8485090272783080e-04
-6.5795385893019278e-04
-6.1654320095540455e-04
-5.7409897788685471e-04
-5.3337967894937117e-04
-4.9227012517882981e-04
-4.5011309296588795e-04
-4.0509299518315622e-04
-3.6548197388397278e-04
-3.2742949916283570e-04
-2.9152051942012928e-04
-2.5365967544702708e-04
-2.2286925398377734e-04
-1.9607480813225395e-04
-1.7263923825924554e-04
-1.5050562917198266e-04
-1.3374098306960606e-04
-1.2102424604279483e-04
-1.1097878942905443e-04
-1.0287593198871576e-04
-9.7820125590324458e-05
-9.4728491954804468e-05
-9.3029402497257115e-05
-9.2611103446239311e-05
-9.3085762527146305e-05
-9.4087409591617048e-05
-9.5543580908283258e-05
-9.7511070379390570e-05
-9.9241619165367923e-05
-1.0105732567121569e-04
-1.0290331372298178e-04
-1.0467640767641988e-04
-1.0615901431351410e-04
-1.0748127422062782e-04
-1.0874442654050311e-04
-1.0975821535315592e-04
-1.1058435135649587e-04
-1.1124203095528470e-04
-1.1182701669137078e-04
-1.1220068420644698e-04
-1.1241003187745528e-04
-1.1256435447820460e-04
-1.1261903470237716e-04
-1.1253772718707627e-04
-1.1239167770841668e-04
-1.1218516516787646e-04
-1.1189056531556159e-04
-1.1153726165425768e-04
-1.1116229603235495e-04
-1.1073816969341983e-04
-1.1028004027411818e-04
-1.0975382121252178e-04
-1.0924098373666449e-04
-1.0870104146964320e-04
-1.0810984540315492e-04
-1.0754537979699701e-04
-1.0697052034436508e-04
-1.0631640693375338e-04
-1.0571333887903652e-04
-1.0510693418196808e-04
-1.0443960135477131e-04
-1.0382513363049824e-04
-1.0321433019012477e-04
-1.0250398749238383e-04
-1.0189039039186519e-04
-1.0125723508029796e-04
-1.0056871707530964e-04
-9.9957010162266555e-05
-9.9308131008665632e-05
-9.8624314053265743e-05
-9.8009674256146660e-05
-9.7339708566940240e-05
-9.6694337867301173e-05
-9.6090554235001829e-05
-9.5392860178413602e-05
-9.4777752875487841e-05
-9.4162407145442913e-05
-9.3453565169097626e-05
-9.2882206480768203e-05
-9.2236666924287174e-05
-9.1578740861154322e-05
-9.1007393776070173e-05
-9.0307932127696306e-05
-8.9718425544446805e-05
-8.9122432274702082e-05
-8.8447651218501001e-05
-8.7886721172153481e-05
-8.7235712462543390e-05
-8.6618752020285470e-05
-8.6052129352874544e-05
-8.5384998782766624e-05
-8.4829542885685134e-05
-8.4199930745813400e-05
-8.3605729118753827e-05
-8.3017211303403724e-05
-8.2392813210512269e-05
-8.1842741546182268e-05
-8.1195786461190793e-05
-8.0653748970070684e-05
-8.0047501191901160e-05
-7.9448376066445050e-05
-7.8915464317144208e-05
-7.8258796328933562e-05
-7.7751076227574242e-05
-7.7122000831283594e-05
-7.6578376453579814e-05
-7.5999710000565260e-05
-7.5420645082141587e-05
-7.4865483960900986e-05
-7.4278356660796365e-05
-7.3753288167154334e-05
-7.3133566899474337e-05
-7.2636392686809312e-05
-7.2017987490698124e-05
-7.1500091331880972e-05
-7.0922603033491899e-05
-7.0373757601009066e-05
-6.9826085291563788e-05
-6.9269845488423662e-05
-6.8731033394304496e-05
-6.8170452246559083e-05
-6.7643230412751625e-05
-6.7062942021474379e-05
-6.6569711962408061e-05
-6.5967177752742173e-05
-6.5489277902531752e-05
-6.4893086353831031e-05
-6.4409879090875641e-05
-6.3820110341596763e-05
-6.3337975461242739e-05
-6.2741089254195290e-05
-6.2276337082900531e-05
-6.1672758959371331e-05
-6.1209823224562496e-05
-6.0618709898234592e-05
-6.0146233743234813e-05
-5.9563767745586437e-05
-5.9085831512656941e-05
-5.8504430036306099e-05
-5.8034929909566864e-05
-5.7452827651609945e-05
-5.6974613675607388e-05
-5.6418445406736356e-05
-5.5914074370390943e-05
-5.5385726272881637e-05
-5.4861318111836537e-05
-5.4341974779352729e-05
-5.3812795063222906e-05
-5.3302826319784081e-05
-5.2761266630895421e-05
-5.2274661020578167e-05
-5.1705128504409317e-05
-5.1234979197845696e-05
-5.0665247543720978e-05
-5.0180590891600810e-05
-4.9639146989976482e-05
-4.9118911227396110e-05
-4.8615216850868216e-05
-4.8059071196957023e-05
-4.7583541823296558e-05
-4.7006355613605901e-05
-4.6519844669122637e-05
-4.5979222724312824e-05
-4.5459426077182677e-05
-4.4946534645954665e-05
-4.4397618851809101e-05
-4.3910596505032853e-05
-4.3333942535493677e-05
-4.2837273275549972e-05
-4.2296607981870614e-05
-4.1761619864474652e-05
-4.1257373560568466e-05
-4.0679737841640076e-05
-4.0174781796577710e-05
-3.9632591698897855e-05
-3.9086774582665896e-05
-3.8575832578097119e-05
-3.7989857892852879e-05
0.0000000000000000e+00
];
