%Vec Object:dSdr_b_aug_9060 1 MPI processes
%  type: seq
dSdr_b_aug_9060 = [
2.2788014356332410e+03
0.0000000000000000e+00
-6.5280930326310050e-07
-2.7039863837466488e-07
-1.6867051007218305e-07
-1.2006108823134577e-07
-9.0078441666760202e-08
-7.1534422881620445e-08
-5.8964680578732981e-08
-4.9521653383394029e-08
-4.2508211967733591e-08
-3.7130797083913015e-08
-3.2753489903293593e-08
-2.9207199929210660e-08
-2.6299429448706903e-08
-2.3847335691133522e-08
-2.1755417703612282e-08
-1.5274028477322933e-06
-7.6104639773247546e-04
-7.8041495027541912e-04
-7.3863624063428169e-04
-6.9997645664111722e-04
-6.6210491670079541e-04
-6.2436959022565530e-04
-5.8247719247663909e-04
-5.4202105477738289e-04
-5.0322054826491152e-04
-4.6402524383794687e-04
-4.2379683916851261e-04
-3.8078302509263640e-04
-3.4292758862667500e-04
-3.0653392980323950e-04
-2.7216964804905447e-04
-2.3592047336738474e-04
-2.0643266823165476e-04
-1.8076430111781314e-04
-1.5831070610288980e-04
-1.3710611756833179e-04
-1.2104575816582833e-04
-1.0886623649383311e-04
-9.9256376013863464e-05
-9.1514990199766994e-05
-8.6698625145782162e-05
-8.3771796841554879e-05
-8.2185181810419909e-05
-8.1835017447378847e-05
-8.2343334693409578e-05
-8.3359678820550361e-05
-8.4814611717375706e-05
-8.6773329478086352e-05
-8.8497566232602422e-05
-9.0303416683007183e-05
-9.2144225338328730e-05
-9.3918912724308274e-05
-9.5408195926047066e-05
-9.6745265259577076e-05
-9.8033671615191468e-05
-9.9076457437091418e-05
-9.9936390254953638e-05
-1.0063687273258460e-04
-1.0127204494281588e-04
-1.0169677130032150e-04
-1.0196290770790401e-04
-1.0218544806007153e-04
-1.0230261437475693e-04
-1.0228765298228264e-04
-1.0221518074235980e-04
-1.0208454094052170e-04
-1.0186353326257151e-04
-1.0158799735820796e-04
-1.0129590330208549e-04
-1.0094833685416787e-04
-1.0056710481315989e-04
-1.0013202965032645e-04
-9.9697760240369726e-05
-9.9235911247441797e-05
-9.8737285523305466e-05
-9.8250986238420578e-05
-9.7753998304767178e-05
-9.7194731782583170e-05
-9.6670056230574051e-05
-9.6142905794160803e-05
-9.5567738954557973e-05
-9.5031231389154492e-05
-9.4498951011338759e-05
-9.3881625106722696e-05
-9.3345674633694715e-05
-9.2792045552797390e-05
-9.2192694893370494e-05
-9.1657346551585680e-05
-9.1089245162167797e-05
-9.0492485820266069e-05
-8.9953547996110428e-05
-8.9366620160372706e-05
-8.8802940437342470e-05
-8.8273559630761830e-05
-8.7661602216154521e-05
-8.7124920379145321e-05
-8.6584172555577923e-05
-8.5962674244533741e-05
-8.5464849086961352e-05
-8.4896674586445808e-05
-8.4320983878352060e-05
-8.3822171639543302e-05
-8.3206556210691535e-05
-8.2692125646932678e-05
-8.2170332254647319e-05
-8.1577861395803775e-05
-8.1088114018038074e-05
-8.0517960946386389e-05
-7.9977110946004984e-05
-7.9482032610032508e-05
-7.8898319708223033e-05
-7.8411766989293006e-05
-7.7862017421268957e-05
-7.7341754568919735e-05
-7.6826593412597245e-05
-7.6281535503943743e-05
-7.5800502532020973e-05
-7.5234390842876406e-05
-7.4762837477848829e-05
-7.4231624444253075e-05
-7.3708541864734133e-05
-7.3245901536392219e-05
-7.2669558135618132e-05
-7.2229245712459144e-05
-7.1680203377260838e-05
-7.1204952387691055e-05
-7.0703496198721425e-05
-7.0197293282961629e-05
-6.9714187190939497e-05
-6.9204044456271370e-05
-6.8746714003356611e-05
-6.8207945475185020e-05
-6.7776665157183588e-05
-6.7238535238032046e-05
-6.6789244528932178e-05
-6.6287897244504142e-05
-6.5811051744579647e-05
-6.5336602650027388e-05
-6.4854538488388387e-05
-6.4386729099826130e-05
-6.3902850201012388e-05
-6.3445262118718129e-05
-6.2942990069691008e-05
-6.2518525518163233e-05
-6.1994797201820877e-05
-6.1585004491318681e-05
-6.1068461676054041e-05
-6.0651624442745483e-05
-6.0144301864456126e-05
-5.9727953841860137e-05
-5.9213902981361949e-05
-5.8814667782897782e-05
-5.8294454446862426e-05
-5.7897513618689705e-05
-5.7388942302883204e-05
-5.6983241750088941e-05
-5.6483288854619315e-05
-5.6073711080518215e-05
-5.5574047081814149e-05
-5.5174415896797562e-05
-5.4673030102443639e-05
-5.4265935242653432e-05
-5.3790220950726280e-05
-5.3358339328744804e-05
-5.2909294649086798e-05
-5.2459997957887518e-05
-5.2018367276343672e-05
-5.1567180710932054e-05
-5.1132957236873864e-05
-5.0672473706688694e-05
-5.0259112102391580e-05
-4.9774781603155537e-05
-4.9376362322400865e-05
-4.8892019489237995e-05
-4.8481651071416241e-05
-4.8023074649612776e-05
-4.7581627324384290e-05
-4.7157593766321710e-05
-4.6684978261990520e-05
-4.6285282355308454e-05
-4.5797120826849498e-05
-4.5386265995148476e-05
-4.4932477311089215e-05
-4.4493234376024159e-05
-4.4062619512743540e-05
-4.3600608147471512e-05
-4.3191992820932475e-05
-4.2707602551733372e-05
-4.2291080160426547e-05
-4.1837395660559267e-05
-4.1389380670758621e-05
-4.0967038879211566e-05
-4.0484040550158860e-05
-4.0061588372936995e-05
-3.9608683001523324e-05
-3.9153784365849292e-05
-3.8726243640857172e-05
-3.8238944904767958e-05
0.0000000000000000e+00
];
