%Vec Object:dSdr_b_aug_4450 1 MPI processes
%  type: seq
dSdr_b_aug_4450 = [
2.3434503736289257e+03
0.0000000000000000e+00
-9.9694849958811636e-07
-4.1136727101086601e-07
-2.5502583343860303e-07
-1.8089398320400928e-07
-1.3578718050339381e-07
-1.0790467027114550e-07
-8.9005129058070435e-08
-7.4764261048111366e-08
-6.4189136589098508e-08
-5.6082664157556994e-08
-4.9478505669756376e-08
-4.4127718690786079e-08
-3.9740802302122744e-08
-3.6040885352763141e-08
-3.2878641834582768e-08
-3.0180432013130488e-08
-2.7847312490061435e-08
-2.6411907304218453e-08
-2.2722346728696122e-05
-7.0829340167426430e-04
-6.8772545714811952e-04
-6.4887899452692336e-04
-6.0551661455548556e-04
-5.6367773070523574e-04
-5.2358064374471037e-04
-4.8309300513988237e-04
-4.4156260594746224e-04
-3.9719437517221612e-04
-3.5815376579220178e-04
-3.2064026154196855e-04
-2.8523317390550255e-04
-2.4789598186867457e-04
-2.1752879708883361e-04
-1.9110022855212770e-04
-1.6798371473969212e-04
-1.4615195619098679e-04
-1.2961614174063107e-04
-1.1707395276538375e-04
-1.0717002683287845e-04
-9.9184616083213760e-05
-9.4206607190709020e-05
-9.1168520877223425e-05
-8.9505975770740986e-05
-8.9109814530808379e-05
-8.9595409565823529e-05
-9.0601831883879160e-05
-9.2057600815456797e-05
-9.4022240242288942e-05
-9.5750738165144403e-05
-9.7563242310127259e-05
-9.9407547507928852e-05
-1.0118115918646862e-04
-1.0266593512266824e-04
-1.0399300679931310e-04
-1.0526436447612845e-04
-1.0628757478866899e-04
-1.0712469190794590e-04
-1.0779627880215590e-04
-1.0839757085257864e-04
-1.0878782812027049e-04
-1.0901562725516484e-04
-1.0919211474844232e-04
-1.0926709757128360e-04
-1.0920734682483739e-04
-1.0908520359353323e-04
-1.0890334313438179e-04
-1.0863265437605555e-04
-1.0830461845874723e-04
-1.0795657887199237e-04
-1.0755732782419020e-04
-1.0712418334969620e-04
-1.0662757810916917e-04
-1.0614026840543743e-04
-1.0562569964441228e-04
-1.0506458086814950e-04
-1.0452551250159781e-04
-1.0397595450338236e-04
-1.0335265806141773e-04
-1.0277506073509884e-04
-1.0219440676245879e-04
-1.0155701984459044e-04
-1.0096788237430395e-04
-1.0038259208240919e-04
-9.9702471731256923e-05
-9.9114103014070080e-05
-9.8506786792825060e-05
-9.7847240399464916e-05
-9.7260343363571287e-05
-9.6637709939275949e-05
-9.5982179116379840e-05
-9.5392135859021269e-05
-9.4749150230795073e-05
-9.4130321974583058e-05
-9.3550712772320018e-05
-9.2880875647408293e-05
-9.2291249781607264e-05
-9.1700141865672509e-05
-9.1019678963268763e-05
-9.0472212259690073e-05
-8.9851809598797240e-05
-8.9220602853017862e-05
-8.8672823266056666e-05
-8.8000604325467487e-05
-8.7435490899970134e-05
-8.6863606118228211e-05
-8.6215568696565046e-05
-8.5677766808497531e-05
-8.5053029128483588e-05
-8.4460797940985274e-05
-8.3917420940715000e-05
-8.3277393836562465e-05
-8.2744325462158125e-05
-8.2140661691973223e-05
-8.1570483717227142e-05
-8.1005800417360634e-05
-8.0407180963721402e-05
-7.9879540852339327e-05
-7.9258852819233492e-05
-7.8739716520913626e-05
-7.8157848489609306e-05
-7.7583430558548537e-05
-7.7073350891405503e-05
-7.6442781387549592e-05
-7.5956962901723636e-05
-7.5353891269134960e-05
-7.4832482278431862e-05
-7.4278902426280793e-05
-7.3723511303038847e-05
-7.3191761780988832e-05
-7.2629647749349207e-05
-7.2126588210166752e-05
-7.1533169521370202e-05
-7.1057405076530174e-05
-7.0465082343041305e-05
-6.9969476970901300e-05
-6.9416727860250357e-05
-6.8891276125248427e-05
-6.8367394973328842e-05
-6.7835255783269961e-05
-6.7319513374800865e-05
-6.6783853767140468e-05
-6.6279256828309061e-05
-6.5724316942791588e-05
-6.5253429675122258e-05
-6.4676500506413294e-05
-6.4220729535460625e-05
-6.3650416877210637e-05
-6.3188774084243243e-05
-6.2625793148588600e-05
-6.2165033258220449e-05
-6.1595061312884019e-05
-6.1151596442508458e-05
-6.0575104602796716e-05
-6.0133611455703251e-05
-5.9569317082441174e-05
-5.9118537173118038e-05
-5.8562880735865687e-05
-5.8107155038978845e-05
-5.7552311112736993e-05
-5.7105512297274768e-05
-5.6549635848984627e-05
-5.6094529382000803e-05
-5.5564501637635387e-05
-5.5083683337802942e-05
-5.4581101933629152e-05
-5.4081098448616886e-05
-5.3587004949257875e-05
-5.3083166204380960e-05
-5.2597808067065746e-05
-5.2082591058550601e-05
-5.1619783362556078e-05
-5.1077934071450408e-05
-5.0631090768588653e-05
-5.0089103035584311e-05
-4.9628583583083313e-05
-4.9114064388331490e-05
-4.8619428000816351e-05
-4.8141616448540155e-05
-4.7612610815704823e-05
-4.7161720715070033e-05
-4.6613459775087254e-05
-4.6151530485730151e-05
-4.5639121798938836e-05
-4.5145498110994863e-05
-4.4659339425698750e-05
-4.4138660040689059e-05
-4.3677113203656209e-05
-4.3130436980324452e-05
-4.2659808589077394e-05
-4.2147404647808562e-05
-4.1640675477654260e-05
-4.1163041405559583e-05
-4.0616155246220046e-05
-4.0138006912518065e-05
-3.9624828780728588e-05
-3.9108557247991124e-05
-3.8624728312154355e-05
-3.8070898955511802e-05
0.0000000000000000e+00
];
