%Vec Object:dSdr_b_aug_1100 1 MPI processes
%  type: seq
dSdr_b_aug_1100 = [
2.4592972461851091e+03
0.0000000000000000e+00
-2.2781562615775715e-06
-9.3036970279106145e-07
-5.6766861813703698e-07
-3.9883804088210051e-07
-2.9927523564576033e-07
-2.3781098657961460e-07
-1.9615392034724219e-07
-1.6457709299558060e-07
-1.4113840810676218e-07
-1.2317972888235969e-07
-1.0853223192336881e-07
-9.6664859664131697e-08
-8.6937773628207231e-08
-7.8734128351049480e-08
-7.1722687328314870e-08
-6.5741313507960169e-08
-6.0570201861865930e-08
-5.6006559465131131e-08
-5.2008747397127349e-08
-4.8483162924022859e-08
-4.5313186325168699e-08
-4.2479269364366908e-08
-3.9952370486353896e-08
-6.1474052868955829e-08
-2.0282322931894055e-05
-4.1825067140106517e-04
-4.6742525360270588e-04
-4.2601141102433806e-04
-3.8527930858028294e-04
-3.4580950818381619e-04
-3.0854676827358601e-04
-2.6926867605735709e-04
-2.3733222099013381e-04
-2.0954694764135492e-04
-1.8524732244132110e-04
-1.6229624692008958e-04
-1.4491188137358442e-04
-1.3172243457726482e-04
-1.2129368529383475e-04
-1.1287275913410337e-04
-1.0760626146643903e-04
-1.0436961063099553e-04
-1.0257155123777738e-04
-1.0209329788892840e-04
-1.0253833945563820e-04
-1.0352705339205229e-04
-1.0498431364589370e-04
-1.0695952080895276e-04
-1.0869562301741862e-04
-1.1052000146244233e-04
-1.1237054637373889e-04
-1.1414223763423954e-04
-1.1561896884201289e-04
-1.1692819703301398e-04
-1.1816912717159402e-04
-1.1915740029523992e-04
-1.1995379716152921e-04
-1.2057381297068427e-04
-1.2111463791019122e-04
-1.2144337703292457e-04
-1.2160275444397117e-04
-1.2169705009787462e-04
-1.2169674683517661e-04
-1.2155705930251621e-04
-1.2134626696270284e-04
-1.2107299169825834e-04
-1.2071363586530066e-04
-1.2029190189253344e-04
-1.1984401498902642e-04
-1.1935252119835007e-04
-1.1882672737642529e-04
-1.1822030802296047e-04
-1.1763833608440556e-04
-1.1702967714809425e-04
-1.1635702565572717e-04
-1.1572377912359016e-04
-1.1508039815861437e-04
-1.1434282615434700e-04
-1.1367077817599444e-04
-1.1299463527864175e-04
-1.1224620287835486e-04
-1.1156313568326800e-04
-1.1088323746415654e-04
-1.1009104656632022e-04
-1.0940912589799152e-04
-1.0870599311093218e-04
-1.0793901415616601e-04
-1.0726011708756012e-04
-1.0654015921544844e-04
-1.0577973773565411e-04
-1.0509848555581413e-04
-1.0435545244772905e-04
-1.0363819948651114e-04
-1.0296894663916103e-04
-1.0219581043816178e-04
-1.0151169429646155e-04
-1.0083070770575061e-04
-1.0004500953192521e-04
-9.9408946561883299e-05
-9.8695331345007871e-05
-9.7965044218269428e-05
-9.7329871820097698e-05
-9.6556631676638000e-05
-9.5901063737438398e-05
-9.5239780055582886e-05
-9.4492572099223791e-05
-9.3869006569561564e-05
-9.3146850870996035e-05
-9.2462918869839087e-05
-9.1833342490493471e-05
-9.1092810540027716e-05
-9.0476724960300713e-05
-8.9776839672244999e-05
-8.9117577410762874e-05
-8.8464511183981008e-05
-8.7770299616728476e-05
-8.7159479044475498e-05
-8.6441387777013226e-05
-8.5837329509240936e-05
-8.5165056747332855e-05
-8.4499019850201281e-05
-8.3904274502688106e-05
-8.3176926869800452e-05
-8.2609893065335803e-05
-8.1910394556365668e-05
-8.1306606734013085e-05
-8.0660001034482575e-05
-8.0016823030473080e-05
-7.9398258907561475e-05
-7.8743390980446100e-05
-7.8158718134851084e-05
-7.7467764552739039e-05
-7.6912608717532853e-05
-7.6223567342223811e-05
-7.5645303608461544e-05
-7.5000816999378015e-05
-7.4388617116193657e-05
-7.3776513967312049e-05
-7.3155005271179421e-05
-7.2553716248878019e-05
-7.1925643003189891e-05
-7.1337148847823225e-05
-7.0688212083197898e-05
-7.0134473722930027e-05
-6.9462596428332226e-05
-6.8924767627130635e-05
-6.8258491393826518e-05
-6.7716883752211765e-05
-6.7054568820162995e-05
-6.6514546756668092e-05
-6.5844771973457816e-05
-6.5322370150988469e-05
-6.4645437643198525e-05
-6.4124431773929217e-05
-6.3460688116751953e-05
-6.2929454948914011e-05
-6.2274384139561611e-05
-6.1736298184623104e-05
-6.1082974489385733e-05
-6.0551995631203496e-05
-5.9898869692460045e-05
-5.9358077053301134e-05
-5.8731116212878361e-05
-5.8162960914583943e-05
-5.7564832825336878e-05
-5.6974333384448215e-05
-5.6386610036405314e-05
-5.5788803618277759e-05
-5.5212186286584953e-05
-5.4599287389800031e-05
-5.4048234467455808e-05
-5.3403732704100189e-05
-5.2870468733058410e-05
-5.2225603994470895e-05
-5.1675582260610951e-05
-5.1061224578092679e-05
-5.0471664740138441e-05
-4.9897879185366619e-05
-4.9268238301655193e-05
-4.8725986938843942e-05
-4.8070472456995271e-05
-4.7517397695469471e-05
-4.6900378360489412e-05
-4.6309711681976595e-05
-4.5724436577505007e-05
-4.5099068064075795e-05
-4.4543074100470162e-05
-4.3885261439165372e-05
-4.3318103136843935e-05
-4.2700947043156754e-05
-4.2089492269598168e-05
-4.1513266913150220e-05
-4.0852495850412089e-05
-4.0275168295423939e-05
-3.9654824294743773e-05
-3.9029878235899391e-05
-3.8448000809484134e-05
-3.7788231442561749e-05
0.0000000000000000e+00
];
