%Vec Object:dSdr_b_aug_7930 1 MPI processes
%  type: seq
dSdr_b_aug_7930 = [
2.2947811285426324e+03
0.0000000000000000e+00
-7.2289350902842034e-07
-2.9913672990336753e-07
-1.8631739319644310e-07
-1.3250258625622531e-07
-9.9412799267073912e-08
-7.8949882831148721e-08
-6.5079554657387903e-08
-5.4652561526600690e-08
-4.6908695254294099e-08
-4.0971581300939464e-08
-3.6137918783927500e-08
-3.2221902762547430e-08
-2.9011077545980956e-08
-2.6303399831322192e-08
-2.3989555409842760e-08
-2.2510977583640808e-08
-6.0890656032307228e-05
-7.8259588643813131e-04
-7.4399647566327344e-04
-7.0509121656924759e-04
-6.6696199475393709e-04
-6.2897482785129611e-04
-5.8680549340766426e-04
-5.4608956835429389e-04
-5.0704548025174562e-04
-4.6760739253972781e-04
-4.2713438977572739e-04
-3.8386612935970108e-04
-3.4578804139284518e-04
-3.0918400376164779e-04
-2.7462381616851015e-04
-2.3817024203298256e-04
-2.0851723298964661e-04
-1.8270605115301700e-04
-1.6012791717211371e-04
-1.3880550560463068e-04
-1.2265582519290351e-04
-1.1040817138149982e-04
-1.0074306659048899e-04
-9.2955837284389845e-05
-8.8109105197064079e-05
-8.5161375551838129e-05
-8.3560496031467426e-05
-8.3201690553171196e-05
-8.3705739157487495e-05
-8.4720219377118443e-05
-8.6175309377171851e-05
-8.8135139646395693e-05
-8.9860176958218813e-05
-9.1667277433439952e-05
-9.3508742995625121e-05
-9.5283228324591671e-05
-9.6771664800073226e-05
-9.8106855958160293e-05
-9.9392059502363634e-05
-1.0043116780983372e-04
-1.0128681437798496e-04
-1.0198186841348989e-04
-1.0261067575806612e-04
-1.0302892661101050e-04
-1.0328786082109973e-04
-1.0350174949362828e-04
-1.0361099104407345e-04
-1.0358761533909811e-04
-1.0350581170180839e-04
-1.0336554937604221e-04
-1.0313520840537341e-04
-1.0284980963178583e-04
-1.0254720541716140e-04
-1.0218992928691472e-04
-1.0179894476166658e-04
-1.0135231030410190e-04
-1.0090807652518552e-04
-1.0043632337869365e-04
-9.9925957451381338e-05
-9.9429744748434214e-05
-9.8922880785145095e-05
-9.8351585337236967e-05
-9.7816967681795249e-05
-9.7279765849611906e-05
-9.6692910088551438e-05
-9.6146515251416224e-05
-9.5604276211778332e-05
-9.4975153482323454e-05
-9.4429355501026213e-05
-9.3865640531562642e-05
-9.3254981252243236e-05
-9.2709948759392809e-05
-9.2131602756124028e-05
-9.1523802360287692e-05
-9.0975263657809387e-05
-9.0377804573114572e-05
-8.9803764418199997e-05
-8.9264947497105288e-05
-8.8642116560370672e-05
-8.8095488438709552e-05
-8.7545279759627685e-05
-8.6912704116066963e-05
-8.6405553092029679e-05
-8.5827566792883722e-05
-8.5241446611836237e-05
-8.4733435163997003e-05
-8.4107185964915856e-05
-8.3583233908695814e-05
-8.3052030140289939e-05
-8.2449120316680877e-05
-8.1950345219527714e-05
-8.1369937657117735e-05
-8.0819434973972991e-05
-8.0315283050810091e-05
-7.9720990729574255e-05
-7.9225699386827601e-05
-7.8665821273296853e-05
-7.8136181159249655e-05
-7.7611716567805634e-05
-7.7056596365429928e-05
-7.6566807583131985e-05
-7.5990442955838929e-05
-7.5509950463775919e-05
-7.4969221172443770e-05
-7.4436494521120346e-05
-7.3964942042007104e-05
-7.3378411500868727e-05
-7.2929550120222887e-05
-7.2370357617425839e-05
-7.1886435194540231e-05
-7.1375186838260982e-05
-7.0859743222122918e-05
-7.0367498773865944e-05
-6.9847592496026319e-05
-6.9381671187639828e-05
-6.8832635853934739e-05
-6.8392998563625672e-05
-6.7844687757962421e-05
-6.7386696184454386e-05
-6.6875692340179408e-05
-6.6389715471695809e-05
-6.5905979866177862e-05
-6.5414508402423982e-05
-6.4937694118290181e-05
-6.4444087481250795e-05
-6.3977668120658029e-05
-6.3465501673862015e-05
-6.3032315958877106e-05
-6.2498593110238125e-05
-6.2080162733612462e-05
-6.1553518493213477e-05
-6.1128263902319283e-05
-6.0610485114782706e-05
-6.0185793695239964e-05
-5.9661237268533715e-05
-5.9253692901304933e-05
-5.8722906853026901e-05
-5.8317596242357066e-05
-5.7798556562798701e-05
-5.7384387216189998e-05
-5.6873969623494352e-05
-5.6455722310444232e-05
-5.5945691982990494e-05
-5.5537199692757346e-05
-5.5025577059695915e-05
-5.4609462541963334e-05
-5.4123544701464811e-05
-5.3682469634250656e-05
-5.3223367325708914e-05
-5.2764544648353780e-05
-5.2313058086992321e-05
-5.1851980067760375e-05
-5.1408150227125078e-05
-5.0937384242421637e-05
-5.0514733494415242e-05
-5.0019597281067836e-05
-4.9612080867950999e-05
-4.9116908630809552e-05
-4.8697118638435235e-05
-4.8228032583087690e-05
-4.7776592949038988e-05
-4.7342456444379650e-05
-4.6859247268831868e-05
-4.6449933822897022e-05
-4.5950481786737559e-05
-4.5530031915927061e-05
-4.5065230659617941e-05
-4.4615771560820624e-05
-4.4174722041939247e-05
-4.3701689105876176e-05
-4.3283129905838838e-05
-4.2787038416772471e-05
-4.2360351551411165e-05
-4.1895635915691339e-05
-4.1436590837609680e-05
-4.1003861906214491e-05
-4.0508861809697694e-05
-4.0075947102899455e-05
-3.9611720100578217e-05
-3.9145294897046905e-05
-3.8707188901800554e-05
-3.8207442277517271e-05
0.0000000000000000e+00
];
