%Vec Object:dSdr_b_aug_2920 1 MPI processes
%  type: seq
dSdr_b_aug_2920 = [
2.3800237105827491e+03
0.0000000000000000e+00
-1.2805873075537758e-06
-5.2626446530112561e-07
-3.2439490347612903e-07
-2.2918140709758480e-07
-1.7179650697460108e-07
-1.3633976669714736e-07
-1.1230846498675064e-07
-9.4178280443251383e-08
-8.0717919554987838e-08
-7.0401521006556876e-08
-6.1997518641691378e-08
-5.5189593900742194e-08
-4.9608791752577650e-08
-4.4903075952446782e-08
-4.0882332586198702e-08
-3.7452042995446729e-08
-3.4486377530069228e-08
-3.1869709438038407e-08
-2.9579178139449264e-08
-6.3216889609821447e-08
-1.5237798397722859e-04
-6.5479110763947735e-04
-6.1821995266292309e-04
-5.7577728251742024e-04
-5.3496054508091130e-04
-4.9375076645126307e-04
-4.5149263886722584e-04
-4.0636736859120252e-04
-3.6666431644348887e-04
-3.2852488364400195e-04
-2.9253492808858450e-04
-2.5458959756742718e-04
-2.2373089065623586e-04
-1.9687741377961352e-04
-1.7339036707471583e-04
-1.5120805712314414e-04
-1.3440649108932602e-04
-1.2166159229331465e-04
-1.1159330096018859e-04
-1.0347149453069363e-04
-9.8403136167750306e-05
-9.5302863107556376e-05
-9.3597877495840833e-05
-9.3176006650927737e-05
-9.3648901255097348e-05
-9.4649777817269802e-05
-9.6106013998029221e-05
-9.8073963242155493e-05
-9.9804842865593748e-05
-1.0162106599542594e-04
-1.0346732551529010e-04
-1.0524033589626092e-04
-1.0672259249776329e-04
-1.0804407603305481e-04
-1.0930590445828352e-04
-1.1031817316563237e-04
-1.1114253745159309e-04
-1.1179797322111616e-04
-1.1238032806810302e-04
-1.1275131896479833e-04
-1.1295768964776024e-04
-1.1310843613212080e-04
-1.1315984070493307e-04
-1.1307505518971751e-04
-1.1292514864399401e-04
-1.1271465870292455e-04
-1.1241620100222928e-04
-1.1205882052801636e-04
-1.1167951055664119e-04
-1.1125137079700026e-04
-1.1078921026593751e-04
-1.1025821326509147e-04
-1.0974125709813880e-04
-1.0919722102998546e-04
-1.0860117224904490e-04
-1.0803260901337757e-04
-1.0745366738571593e-04
-1.0679458192129340e-04
-1.0618740438139410e-04
-1.0557684502459657e-04
-1.0490468068222263e-04
-1.0428612613797438e-04
-1.0367120636947983e-04
-1.0295598755672163e-04
-1.0233832007289799e-04
-1.0170099584614832e-04
-1.0100780352177564e-04
-1.0039209374835048e-04
-9.9738980072627289e-05
-9.9050599394396918e-05
-9.8431991157567120e-05
-9.7757672468926944e-05
-9.7108019375681268e-05
-9.6500335407827801e-05
-9.5798146877023286e-05
-9.5178928364853392e-05
-9.4559672073253468e-05
-9.3846251380117889e-05
-9.3271037926933697e-05
-9.2621442755893912e-05
-9.1959205773997578e-05
-9.1384056288218530e-05
-9.0680199277049336e-05
-9.0086757080595621e-05
-8.9486874126757160e-05
-8.8807778229272073e-05
-8.8243116666611703e-05
-8.7587869366636501e-05
-8.6966919085845889e-05
-8.6396545943687465e-05
-8.5725042477639648e-05
-8.5165974560225287e-05
-8.4532175889312226e-05
-8.3934098267443607e-05
-8.3341734973074087e-05
-8.2713177734369532e-05
-8.2159486947015124e-05
-8.1508293915783035e-05
-8.0962561529958140e-05
-8.0352380305970356e-05
-7.9749268904232376e-05
-7.9212673411535356e-05
-7.8551794675615447e-05
-7.8040540954039638e-05
-7.7407270093057687e-05
-7.6860061471804649e-05
-7.6277347530849572e-05
-7.5694463068613467e-05
-7.5135524706956708e-05
-7.4544361751901434e-05
-7.4015742323041918e-05
-7.3391777382823074e-05
-7.2891148909406782e-05
-7.2268535555758954e-05
-7.1747042992935020e-05
-7.1165563263680544e-05
-7.0612943483876089e-05
-7.0061432701204015e-05
-6.9501304497801184e-05
-6.8958770335213139e-05
-6.8394168339713205e-05
-6.7863296202299556e-05
-6.7278918078298011e-05
-6.6782083232505007e-05
-6.6175417902921045e-05
-6.5693947781177484e-05
-6.5093580932012546e-05
-6.4606894462830989e-05
-6.4012803769400466e-05
-6.3527220256964797e-05
-6.2925991708129257e-05
-6.2457805056247335e-05
-6.1849856840924829e-05
-6.1383461575783175e-05
-6.0788021293892330e-05
-6.0312044688415621e-05
-5.9725253256279746e-05
-5.9243733602886542e-05
-5.8658047358545985e-05
-5.8184884636410326e-05
-5.7598551142134955e-05
-5.7116609043392745e-05
-5.6556223307876156e-05
-5.6048052326637675e-05
-5.5515547088675408e-05
-5.4987201543715955e-05
-5.4463784476630550e-05
-5.3930516330779233e-05
-5.3416577005380777e-05
-5.2870767291829073e-05
-5.2380322244210818e-05
-5.1806323447178151e-05
-5.1332414100329076e-05
-5.0758206409792854e-05
-5.0269655654355660e-05
-4.9723867938407754e-05
-4.9199502223044545e-05
-4.8691632198503229e-05
-4.8131108106147376e-05
-4.7651603817918112e-05
-4.7069751257140514e-05
-4.6579274841603227e-05
-4.6034101603230752e-05
-4.5510082973538694e-05
-4.4992879406920581e-05
-4.4439409093422941e-05
-4.3948277954599231e-05
-4.3366789201327551e-05
-4.2865920880077492e-05
-4.2320699081964336e-05
-4.1781156068735679e-05
-4.1272622490798119e-05
-4.0690035325586157e-05
-4.0180769956180300e-05
-3.9633927866791340e-05
-3.9083405255903595e-05
-3.8568261619603674e-05
-3.7978020662167826e-05
0.0000000000000000e+00
];
