%Vec Object:dSdr_b_aug_5840 1 MPI processes
%  type: seq
dSdr_b_aug_5840 = [
2.3204809793178206e+03
0.0000000000000000e+00
-8.5490537652861228e-07
-3.5331961886399392e-07
-2.1959076301916913e-07
-1.5599224091669840e-07
-1.1708996883375329e-07
-9.3037518971405310e-08
-7.6733890162147387e-08
-6.4462072670647344e-08
-5.5348499404273226e-08
-4.8361796540441756e-08
-4.2671309070601157e-08
-3.8060833403283314e-08
-3.4280701367075057e-08
-3.1092604680113722e-08
-2.8367874581465291e-08
-2.6042903265016736e-08
-2.4393277127548227e-08
-2.5805804063158030e-05
-7.4482121047711090e-04
-7.1689968427758111e-04
-6.7827486327075911e-04
-6.3970245796279152e-04
-5.9688804107812144e-04
-5.5556695578634174e-04
-5.1595545725172315e-04
-4.7595181869082337e-04
-4.3490903757438629e-04
-3.9104805783072384e-04
-3.5245131493941872e-04
-3.1535721097198472e-04
-2.8034067105754543e-04
-2.4341095916753964e-04
-2.1337311632885445e-04
-1.8722925549603220e-04
-1.6436101539164271e-04
-1.4276414205800246e-04
-1.2640639312190745e-04
-1.1400002883768699e-04
-1.0420623510582050e-04
-9.6312215582634178e-05
-9.1394744877877816e-05
-8.8398326456508991e-05
-8.6764218369868938e-05
-8.6385283692098629e-05
-8.6879388556956405e-05
-8.7889526751412032e-05
-8.9344982607416376e-05
-9.1307404414639430e-05
-9.3034306590035197e-05
-9.4844318938964189e-05
-9.6687314737607102e-05
-9.8461329390958822e-05
-9.9947793468200646e-05
-1.0127860952044417e-04
-1.0255635228919936e-04
-1.0358689402480362e-04
-1.0443255600431174e-04
-1.0511496477351731e-04
-1.0572894550308380e-04
-1.0613211201308770e-04
-1.0637426908695863e-04
-1.0656800413101767e-04
-1.0665878536342527e-04
-1.0661580896373532e-04
-1.0651226833126503e-04
-1.0634959084566469e-04
-1.0609750846398641e-04
-1.0578913465902673e-04
-1.0546204758667799e-04
-1.0508215326528942e-04
-1.0466845084436018e-04
-1.0419488962104263e-04
-1.0372744437245381e-04
-1.0323262002431060e-04
-1.0269490591425709e-04
-1.0217560042899170e-04
-1.0164573077677600e-04
-1.0104641458244523e-04
-1.0048863732286255e-04
-9.9928021296112859e-05
-9.9313936810481785e-05
-9.8744510096742178e-05
-9.8179072880904921e-05
-9.7522470071909707e-05
-9.6953732840604083e-05
-9.6366523327359290e-05
-9.5729521215850649e-05
-9.5161930004974824e-05
-9.4559719715155678e-05
-9.3926199768043777e-05
-9.3355296327083222e-05
-9.2733305254113932e-05
-9.2135131020736413e-05
-9.1574333169899277e-05
-9.0926172937856448e-05
-9.0356375472054964e-05
-8.9784128229926602e-05
-8.9125748525798363e-05
-8.8596873388672382e-05
-8.7996031021789998e-05
-8.7385615931978832e-05
-8.6856175410443098e-05
-8.6205155402417096e-05
-8.5659023529950450e-05
-8.5105898785226534e-05
-8.4478671941811274e-05
-8.3958867246387888e-05
-8.3354572386665600e-05
-8.2781584286165870e-05
-8.2256295918037273e-05
-8.1637359395049736e-05
-8.1121711886940413e-05
-8.0538239858805188e-05
-7.9986755905778987e-05
-7.9440619450617494e-05
-7.8862059663022696e-05
-7.8351874679893072e-05
-7.7751626371377639e-05
-7.7250310651815965e-05
-7.6687413737157862e-05
-7.6132221726230741e-05
-7.5639908859168628e-05
-7.5029647908624920e-05
-7.4560872179436967e-05
-7.3978035393077997e-05
-7.3473913320342497e-05
-7.2939854623328460e-05
-7.2402885279304686e-05
-7.1889353508381180e-05
-7.1346703567927989e-05
-7.0860770310618402e-05
-7.0287818990657261e-05
-6.9828714569946559e-05
-6.9256687921416570e-05
-6.8778428138633336e-05
-6.8244929842320077e-05
-6.7737681927250459e-05
-6.7232313878952502e-05
-6.6718928595414952e-05
-6.6221137876331420e-05
-6.5704870979804616e-05
-6.5217879615772224e-05
-6.4682664684614141e-05
-6.4229163472220255e-05
-6.3672158880419302e-05
-6.3233607508353420e-05
-6.2683432522657768e-05
-6.2238570132466326e-05
-6.1696434148006323e-05
-6.1252307215715638e-05
-6.0703278616485946e-05
-6.0276378468098810e-05
-5.9720963832735511e-05
-5.9296156243229729e-05
-5.8752731049664614e-05
-5.8318834080929310e-05
-5.7784039513239205e-05
-5.7345596951037823e-05
-5.6811418790870515e-05
-5.6382285005630143e-05
-5.5846816177516231e-05
-5.5409690821849741e-05
-5.4900004330812577e-05
-5.4437513593906818e-05
-5.3954982543401070e-05
-5.3473969555613727e-05
-5.2999524211352412e-05
-5.2515404538699009e-05
-5.2049197137163787e-05
-5.1554478676621508e-05
-5.1110189314108976e-05
-5.0589881710289489e-05
-5.0161173952941064e-05
-4.9640775129273110e-05
-4.9199038007977416e-05
-4.8705470238748950e-05
-4.8230753961364971e-05
-4.7773083076638950e-05
-4.7265196388845591e-05
-4.6833479261835544e-05
-4.6307726430237648e-05
-4.5864925243164481e-05
-4.5374470567904097e-05
-4.4901213199788210e-05
-4.4435856392004069e-05
-4.3937148906566070e-05
-4.3495425501719907e-05
-4.2972076027343500e-05
-4.2521710761149902e-05
-4.2031297607034297e-05
-4.1546557035313382e-05
-4.1089629660587538e-05
-4.0566668781776301e-05
-4.0109376742487059e-05
-3.9618766673972537e-05
-3.9125469638024327e-05
-3.8662691993263665e-05
-3.8133624424682827e-05
0.0000000000000000e+00
];
