%Vec Object:dSdr_b_aug_6160 1 MPI processes
%  type: seq
dSdr_b_aug_6160 = [
2.3169410361838695e+03
0.0000000000000000e+00
-8.3440824796102872e-07
-3.4467805639888256e-07
-2.1413732934735988e-07
-1.5203107632087048e-07
-1.1402221672304339e-07
-9.0522440922016846e-08
-7.4594177625597167e-08
-6.2610496811609304e-08
-5.3711374516466306e-08
-4.6889164428245826e-08
-4.1334359661192254e-08
-3.6834305295881922e-08
-3.3144846414287786e-08
-3.0033722261399437e-08
-2.7375290547325415e-08
-2.5107008306204522e-08
-2.5037209941941075e-08
-9.3217401075355381e-05
-7.5042147621359333e-04
-7.1484282553264543e-04
-6.7625586292037465e-04
-6.3778726391420788e-04
-5.9508800096415336e-04
-5.5387495479101599e-04
-5.1436475620448945e-04
-4.7446208560857122e-04
-4.3352102719366781e-04
-3.8976586580844418e-04
-3.5126171853590505e-04
-3.1425510625701268e-04
-2.7932003905722556e-04
-2.4247533217850738e-04
-2.1250619382904730e-04
-1.8642172627369744e-04
-1.6360527889898734e-04
-1.4205740530202828e-04
-1.2573680286439984e-04
-1.1335877316083076e-04
-1.0358795426297053e-04
-9.5712999992773748e-05
-9.0808158245514662e-05
-8.7820432222990657e-05
-8.6192256424522597e-05
-8.5816915405779545e-05
-8.6312795565552844e-05
-8.7323709081710439e-05
-8.8779099724024067e-05
-9.0741058871409339e-05
-9.2467628119620451e-05
-9.4277120617893703e-05
-9.6119843229561987e-05
-9.7893941918853386e-05
-9.9380758134539699e-05
-1.0071235528087673e-04
-1.0199143002892642e-04
-1.0302350116158201e-04
-1.0387094569678779e-04
-1.0455561203295358e-04
-1.0517223976613719e-04
-1.0557809929173244e-04
-1.0582325159584875e-04
-1.0602058467616954e-04
-1.0611466163742502e-04
-1.0607518455821168e-04
-1.0597552464047492e-04
-1.0581684894240248e-04
-1.0556864806354249e-04
-1.0526437599992443e-04
-1.0494165986151464e-04
-1.0456580357446412e-04
-1.0415615698809296e-04
-1.0368740301007853e-04
-1.0322410171383316e-04
-1.0273339627584331e-04
-1.0220056464658573e-04
-1.0168538192418538e-04
-1.0115961948593026e-04
-1.0056530584524497e-04
-1.0001166327807090e-04
-9.9455227395799784e-05
-9.8846004063780530e-05
-9.8280689239084806e-05
-9.7719393601766527e-05
-9.7067696820757858e-05
-9.6503054941725791e-05
-9.5920039917519163e-05
-9.5287740800783005e-05
-9.4724177005600874e-05
-9.4126227214986246e-05
-9.3497298988043894e-05
-9.2930388331481669e-05
-9.2312776962612310e-05
-9.1718911394382983e-05
-9.1162037806389101e-05
-9.0518399621863680e-05
-8.9952738586854473e-05
-8.9384425896780052e-05
-8.8730653000110526e-05
-8.8205656276168839e-05
-8.7608894409958604e-05
-8.7002816696834406e-05
-8.6477201913595644e-05
-8.5830604244799700e-05
-8.5288432140868744e-05
-8.4739220953905674e-05
-8.4116335434559380e-05
-8.3600285158839154e-05
-8.3000254904666424e-05
-8.2431281131645968e-05
-8.1909766258524505e-05
-8.1295229471383247e-05
-8.0783216154682670e-05
-8.0203956354279492e-05
-7.9656372187413699e-05
-7.9114104815595617e-05
-7.8539729703142408e-05
-7.8033186058824560e-05
-7.7437201709982360e-05
-7.6939603566362786e-05
-7.6380664242977175e-05
-7.5829482978229291e-05
-7.5340876468231861e-05
-7.4734852113486603e-05
-7.4269631697612733e-05
-7.3691016130889508e-05
-7.3190500306279690e-05
-7.2660513944766491e-05
-7.2127387593856569e-05
-7.1617656253442487e-05
-7.1079066744251851e-05
-7.0596706224469787e-05
-7.0028024630906501e-05
-6.9572395681002914e-05
-6.9004603027058618e-05
-6.8529961731773233e-05
-6.8000479374617854e-05
-6.7497028983693329e-05
-6.6995522979628331e-05
-6.6486049974530400e-05
-6.5992004182201827e-05
-6.5479782825992344e-05
-6.4996464185196139e-05
-6.4465364104013623e-05
-6.4015489820513119e-05
-6.3462641722149930e-05
-6.3027682554193265e-05
-6.2481708516034200e-05
-6.2040346708528609e-05
-6.1502559217906582e-05
-6.1061902109544350e-05
-6.0517242530332680e-05
-6.0093797970920619e-05
-5.9542780279790162e-05
-5.9121453486799712e-05
-5.8582381840985747e-05
-5.8152006844930840e-05
-5.7621564299823113e-05
-5.7186727195147067e-05
-5.6656860147896954e-05
-5.6231411487701705e-05
-5.5700199920034749e-05
-5.5266825627226270e-05
-5.4761382551416448e-05
-5.4302715150735495e-05
-5.3824366830051163e-05
-5.3347315473669299e-05
-5.2876968955479071e-05
-5.2396962902695225e-05
-5.1934750559203792e-05
-5.1444308325298104e-05
-5.1003882093622977e-05
-5.0488068326192579e-05
-5.0063143844597439e-05
-4.9547248707038781e-05
-4.9109429786824795e-05
-4.8620232715505326e-05
-4.8149671990716276e-05
-4.7696202668032759e-05
-4.7192721620417370e-05
-4.6765004179824527e-05
-4.6243946779263290e-05
-4.5805135912436768e-05
-4.5319261070503938e-05
-4.4850252320281862e-05
-4.4389234986501975e-05
-4.3895111046749161e-05
-4.3457522981949136e-05
-4.2939039664110080e-05
-4.2492901426463264e-05
-4.2007075679507203e-05
-4.1526922010751637e-05
-4.1074314043654159e-05
-4.0556343873946282e-05
-4.0103402074452555e-05
-3.9617498823370783e-05
-3.9128992084623879e-05
-3.8670599038526385e-05
-3.8146659772504171e-05
0.0000000000000000e+00
];
