%Vec Object:dSdr_b_aug_2540 1 MPI processes
%  type: seq
dSdr_b_aug_2540 = [
2.3897038405533176e+03
0.0000000000000000e+00
-1.3721603399244998e-06
-5.6378298234103018e-07
-3.4730034748934600e-07
-2.4534211989321197e-07
-1.8403762516346329e-07
-1.4616186203130990e-07
-1.2049039910929301e-07
-1.0110807493050367e-07
-8.6717894645148886e-08
-7.5689130746890802e-08
-6.6701860467165556e-08
-5.9420820731069632e-08
-5.3452136743254197e-08
-4.8418713112522619e-08
-4.4117287870269893e-08
-4.0447471210775671e-08
-3.7274588816747432e-08
-3.4474557934537946e-08
-3.2021549419199205e-08
-3.0338711932527320e-08
-5.2850458338465170e-06
-5.5773664481770387e-04
-6.2060918636671779e-04
-5.7975403434863595e-04
-5.3874954116296821e-04
-4.9730118953416908e-04
-4.5480073310109903e-04
-4.0942326937970763e-04
-3.6949953099767679e-04
-3.3115157577295851e-04
-2.9496744299811447e-04
-2.5681951659740551e-04
-2.2579706349599998e-04
-1.9880203221687393e-04
-1.7519154580325342e-04
-1.5289245280218728e-04
-1.3600235401206608e-04
-1.2318992425178733e-04
-1.1306687605019721e-04
-1.0489963061078984e-04
-9.9801173111557792e-05
-9.6680183069150309e-05
-9.4961058755495614e-05
-9.4530622955386946e-05
-9.4999286493219301e-05
-9.5998315505318267e-05
-9.7454707315245700e-05
-9.9423759165312266e-05
-1.0115543220355935e-04
-1.0297289425389491e-04
-1.0481980481422683e-04
-1.0659261485558651e-04
-1.0807403214243622e-04
-1.0939365401908336e-04
-1.1065230784129690e-04
-1.1166093143515542e-04
-1.1248104724710165e-04
-1.1313110243138884e-04
-1.1370714853476332e-04
-1.1407172102787865e-04
-1.1427095302870050e-04
-1.1441312414020449e-04
-1.1445667384317595e-04
-1.1436354823134860e-04
-1.1420439259773323e-04
-1.1398436501206689e-04
-1.1367665634733442e-04
-1.1330950000655921e-04
-1.1291977257973263e-04
-1.1248200872313705e-04
-1.1201018167507866e-04
-1.1146772729310472e-04
-1.1094089460140391e-04
-1.1038704174334167e-04
-1.0977935633676525e-04
-1.0920096714254466e-04
-1.0861223661505883e-04
-1.0794122835166428e-04
-1.0732419642216135e-04
-1.0670367434829430e-04
-1.0601992421240141e-04
-1.0539156962763217e-04
-1.0476677905876308e-04
-1.0403986750237186e-04
-1.0341243939154141e-04
-1.0276511826137337e-04
-1.0206071709139470e-04
-1.0143540860765583e-04
-1.0077214070440630e-04
-1.0007281638642927e-04
-9.9444691978052853e-05
-9.8759934956556072e-05
-9.8100012840631932e-05
-9.7482976011908446e-05
-9.6770009895892154e-05
-9.6140932854616413e-05
-9.5512299179907224e-05
-9.4787898890133022e-05
-9.4203441852104376e-05
-9.3544121457126797e-05
-9.2871547032377105e-05
-9.2287279512431937e-05
-9.1572882563992317e-05
-9.0970002893861615e-05
-9.0360792602509120e-05
-8.9671349854821060e-05
-8.9097740235070794e-05
-8.8432328931484233e-05
-8.7801811145131201e-05
-8.7222444483331095e-05
-8.6540454952581841e-05
-8.5972725523767186e-05
-8.5328887684160492e-05
-8.4721515548457960e-05
-8.4119930915691225e-05
-8.3481400176008469e-05
-8.2919030843418311e-05
-8.2257675349562849e-05
-8.1703082719817121e-05
-8.1083469213891925e-05
-8.0470798844152591e-05
-7.9925369846579175e-05
-7.9254393866645526e-05
-7.8734666629373334e-05
-7.8091335171496496e-05
-7.7535531640158758e-05
-7.6943111944407247e-05
-7.6351068328766501e-05
-7.5783072255173093e-05
-7.5182231918184567e-05
-7.4645097447993198e-05
-7.4010956305047064e-05
-7.3502044610756551e-05
-7.2869340216297080e-05
-7.2339223575988059e-05
-7.1748172507143381e-05
-7.1186501945579914e-05
-7.0625786608324926e-05
-7.0056334125694907e-05
-6.9504874540536008e-05
-6.8930630658578534e-05
-6.8391005185432355e-05
-6.7796819987915092e-05
-6.7291340951268524e-05
-6.6674769299322832e-05
-6.6184737749337751e-05
-6.5574358630356429e-05
-6.5079329099977120e-05
-6.4474874485658060e-05
-6.3981021222815547e-05
-6.3369379834703820e-05
-6.2892957361638567e-05
-6.2274529757008464e-05
-6.1799838595516022e-05
-6.1194022356173916e-05
-6.0709651721119336e-05
-6.0112487970364382e-05
-5.9622375318747069e-05
-5.9026414262103544e-05
-5.8544468671825789e-05
-5.7947988719625309e-05
-5.7457106606558693e-05
-5.6886607417493132e-05
-5.6369324177495878e-05
-5.5826850127927470e-05
-5.5289062728950505e-05
-5.4755876831510306e-05
-5.4212804602782989e-05
-5.3689343774251593e-05
-5.3133342445110552e-05
-5.2633690337758606e-05
-5.2048981306091345e-05
-5.1566055242241622e-05
-5.0981113866432842e-05
-5.0483224849350318e-05
-4.9927020436554729e-05
-4.9392750809166389e-05
-4.8874867240460245e-05
-4.8303843247089297e-05
-4.7814806616462540e-05
-4.7221763563424329e-05
-4.6721777223800695e-05
-4.6165689118736456e-05
-4.5631545103084250e-05
-4.5103999714748984e-05
-4.4539606014134709e-05
-4.4038619893635163e-05
-4.3445534632818426e-05
-4.2934593407151067e-05
-4.2378440314940304e-05
-4.1827967980176785e-05
-4.1309143832752451e-05
-4.0714668262017402e-05
-4.0195044779407806e-05
-3.9637002813845260e-05
-3.9075101600124392e-05
-3.8549615156987374e-05
-3.7947719068038980e-05
0.0000000000000000e+00
];
