%Vec Object:dSdr_b_aug_1870 1 MPI processes
%  type: seq
dSdr_b_aug_1870 = [
2.4167208432906423e+03
0.0000000000000000e+00
-1.6630337889341708e-06
-6.8110183286267956e-07
-4.1765631406911304e-07
-2.9412484383395765e-07
-2.2041202744165700e-07
-1.7488523073329975e-07
-1.4402990912500924e-07
-1.2070933716770062e-07
-1.0339790393742044e-07
-9.0131846966063549e-08
-7.9321643826511366e-08
-7.0564695853836252e-08
-6.3386760741909144e-08
-5.7334538999053704e-08
-5.2163471272227902e-08
-4.7752051802619757e-08
-4.3938379857958704e-08
-4.0573841343461691e-08
-3.7626455839503253e-08
-3.5027142690788527e-08
-3.2736172482511330e-08
-3.0107867441015972e-07
-2.1095258942315870e-04
-5.7817793531451717e-04
-5.4625226663159322e-04
-5.0465308481701656e-04
-4.6166729657029260e-04
-4.1576745514030982e-04
-3.7538565477855912e-04
-3.3660480067776764e-04
-3.0001754168874488e-04
-2.6144901007916875e-04
-2.3008660667083415e-04
-2.0279769699622056e-04
-1.7893093975089244e-04
-1.5638939568401582e-04
-1.3931549571771760e-04
-1.2636286619641915e-04
-1.1612613828759702e-04
-1.0786455776713175e-04
-1.0270361199993712e-04
-9.9539611797404970e-05
-9.7791134364028773e-05
-9.7342916991928588e-05
-9.7802796461686787e-05
-9.8797989779279841e-05
-1.0025470465766695e-04
-1.0222604557753917e-04
-1.0395936578218849e-04
-1.0577939990613511e-04
-1.0762766205515291e-04
-1.0940005615276209e-04
-1.1087973093361023e-04
-1.1219548783671949e-04
-1.1344755090767996e-04
-1.1444860693368916e-04
-1.1525990255350634e-04
-1.1589878719214291e-04
-1.1646173581868649e-04
-1.1681298317281049e-04
-1.1699739467880772e-04
-1.1712176260969315e-04
-1.1714900495526515e-04
-1.1703856461666812e-04
-1.1686020711712142e-04
-1.1662037859891522e-04
-1.1629346417410703e-04
-1.1590601233355876e-04
-1.1549465744156382e-04
-1.1503691331193678e-04
-1.1454501791704263e-04
-1.1397877720330855e-04
-1.1343144016043553e-04
-1.1285720681429339e-04
-1.1222536275689499e-04
-1.1162657400612875e-04
-1.1101752086194519e-04
-1.1032175983703735e-04
-1.0968426933380984e-04
-1.0904306379212158e-04
-1.0833526055243215e-04
-1.0768656023396848e-04
-1.0704127704499310e-04
-1.0629009039930242e-04
-1.0564239843005887e-04
-1.0497432291266106e-04
-1.0424665126538342e-04
-1.0360141507588882e-04
-1.0291706616833475e-04
-1.0219502196240940e-04
-1.0154714120584191e-04
-1.0084071335477516e-04
-1.0015947191099145e-04
-9.9523017780707342e-05
-9.8787676520038938e-05
-9.8138132369178675e-05
-9.7490030483054832e-05
-9.6742835656884270e-05
-9.6139188183656465e-05
-9.5459677435037152e-05
-9.4765641643752146e-05
-9.4162444348596367e-05
-9.3426165638986288e-05
-9.2803693011526717e-05
-9.2175118414521574e-05
-9.1464194770351544e-05
-9.0872008262028763e-05
-9.0185495666493328e-05
-8.9535114966580692e-05
-8.8937077032598229e-05
-8.8233317585313361e-05
-8.7647606160584030e-05
-8.6982926196994318e-05
-8.6356257901287035e-05
-8.5735529026794382e-05
-8.5076292495039443e-05
-8.4495905803564936e-05
-8.3813452218323638e-05
-8.3240465008793213e-05
-8.2601269326053203e-05
-8.1968753769138712e-05
-8.1404985704726035e-05
-8.0713047033439275e-05
-8.0175728096444244e-05
-7.9511510029969625e-05
-7.8937862774827445e-05
-7.8325293151823989e-05
-7.7714234398004107e-05
-7.7127433787171109e-05
-7.6506502428133470e-05
-7.5951690049419967e-05
-7.5296422292661660e-05
-7.4770313968488433e-05
-7.4116659763923690e-05
-7.3568638848505371e-05
-7.2957716912106109e-05
-7.2377256203632665e-05
-7.1797431475008382e-05
-7.1208621043462059e-05
-7.0638631568555914e-05
-7.0044370360317280e-05
-6.9486572264688821e-05
-6.8872026800366004e-05
-6.8348601735985113e-05
-6.7711463769943445e-05
-6.7203658015451860e-05
-6.6572492628359301e-05
-6.6060142242736715e-05
-6.5434171305892456e-05
-6.4923149388756019e-05
-6.4289890121602207e-05
-6.3796369436078663e-05
-6.3156185791520613e-05
-6.2664271699134323e-05
-6.2036914155471238e-05
-6.1535116859953910e-05
-6.0916419362547852e-05
-6.0408466978881902e-05
-5.9791174610445281e-05
-5.9290995106858287e-05
-5.8673450321579599e-05
-5.8164008052056859e-05
-5.7572512555090707e-05
-5.7036311571540575e-05
-5.6473141509085367e-05
-5.5915752107809343e-05
-5.5362285383119672e-05
-5.4798859145189832e-05
-5.4255630971360462e-05
-5.3678471095924054e-05
-5.3159704466585181e-05
-5.2552760209531292e-05
-5.2051114808160734e-05
-5.1443889542241342e-05
-5.0926613658801251e-05
-5.0348783476767377e-05
-4.9793952680071403e-05
-4.9255280357240856e-05
-4.8662457919676403e-05
-4.8153631602544182e-05
-4.7537356449257029e-05
-4.7017627046646520e-05
-4.6438879162038530e-05
-4.5883714462338142e-05
-4.5334699142039337e-05
-4.4747628253237774e-05
-4.4226183194149940e-05
-4.3609023669277674e-05
-4.3077171598769802e-05
-4.2498326020900149e-05
-4.1925165963314844e-05
-4.1384981251591715e-05
-4.0765829711034389e-05
-4.0224710609441570e-05
-3.9643432517187965e-05
-3.9057941837872831e-05
-3.8511076741561400e-05
-3.7885482275391166e-05
0.0000000000000000e+00
];
