%Vec Object:dSdr_b_aug_3690 1 MPI processes
%  type: seq
dSdr_b_aug_3690 = [
2.3605516836205065e+03
0.0000000000000000e+00
-1.1196585475852319e-06
-4.6101241774998442e-07
-2.8496977689446539e-07
-2.0170118140284816e-07
-1.5126330560931354e-07
-1.2009223076626060e-07
-9.8964904850214399e-08
-8.3038029541397948e-08
-7.1212378741520102e-08
-6.2148129114856767e-08
-5.4764644252779520e-08
-4.8783139102509405e-08
-4.3879523072885627e-08
-3.9744527680850874e-08
-3.6211146910164708e-08
-3.3196507359323620e-08
-3.0590046709154240e-08
-2.8290287820033434e-08
-3.6292789847811233e-08
-1.1162753904365385e-04
-6.8734476845691323e-04
-6.5490633643229871e-04
-6.1129039470288909e-04
-5.6910751419703566e-04
-5.2868542580354724e-04
-4.8787377011007391e-04
-4.4601692851664560e-04
-4.0130911161625240e-04
-3.6197134974682438e-04
-3.2417707224324311e-04
-2.8850852709530554e-04
-2.5089854190679434e-04
-2.2031087466380949e-04
-1.9369170466383364e-04
-1.7040898062441602e-04
-1.4841997495933720e-04
-1.3176495211553049e-04
-1.1913183344121964e-04
-1.0915417799725218e-04
-1.0110758413650733e-04
-9.6089047119402612e-05
-9.3023065657670402e-05
-9.1341482990717847e-05
-9.0933789184021252e-05
-9.1413687187826351e-05
-9.2417621852568997e-05
-9.3873600388999138e-05
-9.5839724513380756e-05
-9.7569290806883633e-05
-9.9383463188675600e-05
-1.0122864504659594e-04
-1.0300198700840473e-04
-1.0448563285186852e-04
-1.0581019785830303e-04
-1.0707728099764432e-04
-1.0809558322983586e-04
-1.0892697975020858e-04
-1.0959132167416657e-04
-1.1018411900379407e-04
-1.1056573389821715e-04
-1.1078392081571093e-04
-1.1094886163012929e-04
-1.1101326798685309e-04
-1.1094228742008014e-04
-1.1080769042035660e-04
-1.1061298765321430e-04
-1.1032984259780137e-04
-1.0998864360690374e-04
-1.0962657706942638e-04
-1.0921436739317217e-04
-1.0876820716696041e-04
-1.0825617479103633e-04
-1.0775556655334101e-04
-1.0722777962240851e-04
-1.0665099226971690e-04
-1.0609869336955748e-04
-1.0553595473651063e-04
-1.0489660438756070e-04
-1.0430573824434101e-04
-1.0371166959270822e-04
-1.0305868254089262e-04
-1.0245634943314791e-04
-1.0185776822612289e-04
-1.0116190373295729e-04
-1.0056039244733678e-04
-9.9939615513773718e-05
-9.9264976541005859e-05
-9.8665154954972713e-05
-9.8028848982486394e-05
-9.7358582676318272e-05
-9.6755726005694749e-05
-9.6098685283969951e-05
-9.5466029908373992e-05
-9.4873827188348103e-05
-9.4189478169807070e-05
-9.3586577909234595e-05
-9.2982843456097689e-05
-9.2287596653454541e-05
-9.1727683570336306e-05
-9.1094186002910549e-05
-9.0449059999400861e-05
-8.9889003075004775e-05
-8.9202592219850000e-05
-8.8624771334847255e-05
-8.8040327390551156e-05
-8.7378358043500057e-05
-8.6828507689517992e-05
-8.6190084284758588e-05
-8.5584970550389377e-05
-8.5029483868862623e-05
-8.4375337387676924e-05
-8.3830606377059596e-05
-8.3213424970031432e-05
-8.2630732027828328e-05
-8.2053632290202369e-05
-8.1441583619913243e-05
-8.0902257935349205e-05
-8.0267886250287942e-05
-7.9736819723018627e-05
-7.9142251219507743e-05
-7.8554962234594596e-05
-7.8032988341503569e-05
-7.7388823000326131e-05
-7.6891595009430188e-05
-7.6274976883823625e-05
-7.5741994931035500e-05
-7.5175346376228153e-05
-7.4607622542641162e-05
-7.4063676899692872e-05
-7.3488532367839548e-05
-7.2974007406909893e-05
-7.2366886560116273e-05
-7.1879968836291691e-05
-7.1274058613304933e-05
-7.0766841001339729e-05
-7.0201204172063534e-05
-6.9663565643248102e-05
-6.9127290643420807e-05
-6.8582596396773765e-05
-6.8054835987059982e-05
-6.7506193666569490e-05
-6.6989810437881537e-05
-6.6421665415043738e-05
-6.5939138818125974e-05
-6.5348870872389053e-05
-6.4881572009004823e-05
-6.4297777914276396e-05
-6.3824901255102480e-05
-6.3247965386007069e-05
-6.2776070338718597e-05
-6.2192077588598215e-05
-6.1737523243361218e-05
-6.1146920986187799e-05
-6.0694257469757373e-05
-6.0115991944602998e-05
-5.9653909525882180e-05
-5.9084286831330096e-05
-5.8616990710426391e-05
-5.8048311811928820e-05
-5.7589686908187849e-05
-5.7020148307997976e-05
-5.6553004149068085e-05
-5.6009358684218156e-05
-5.5516270757102762e-05
-5.5000266380676904e-05
-5.4487549459679661e-05
-5.3980302247263487e-05
-5.3463262314030190e-05
-5.2965083470162557e-05
-5.2436143445291551e-05
-5.1960938416037013e-05
-5.1404667768220620e-05
-5.0945683398550675e-05
-5.0389242699888007e-05
-4.9916149186222249e-05
-4.9387603803904092e-05
-4.8879631660658896e-05
-4.8388336701797721e-05
-4.7845192746696892e-05
-4.7381467086738779e-05
-4.6818137844234160e-05
-4.6343403052276314e-05
-4.5816297031355339e-05
-4.5309038925535154e-05
-4.4808954250781416e-05
-4.4273565613642255e-05
-4.3798747876344949e-05
-4.3236455454348685e-05
-4.2752261908404957e-05
-4.2225136293859943e-05
-4.1703687047217001e-05
-4.1212191291749399e-05
-4.0649289079886022e-05
-4.0157179912105493e-05
-3.9628896328230585e-05
-3.9097250607199389e-05
-3.8599346351195941e-05
-3.8029032924835667e-05
0.0000000000000000e+00
];
