%Vec Object:dSdr_b_aug_4030 1 MPI processes
%  type: seq
dSdr_b_aug_4030 = [
2.3501192742431963e+03
0.0000000000000000e+00
-1.0415959478776980e-06
-4.2900420620093231e-07
-2.6538374510759006e-07
-1.8787916354283186e-07
-1.4081871953945199e-07
-1.1173265875192513e-07
-9.2018963970801835e-08
-7.7168357757182952e-08
-6.6141886297815852e-08
-5.7689969733705103e-08
-5.0807276315404889e-08
-4.5231863965216785e-08
-4.0661173179804748e-08
-3.6807328693880006e-08
-3.3514621192934989e-08
-3.0705354289834600e-08
-2.8276538196727277e-08
-2.6164358425556814e-08
-1.3468077876965287e-06
-5.7585040865487560e-04
-6.9000169789381987e-04
-6.5222930482980131e-04
-6.0868625839559409e-04
-5.6665762408867194e-04
-5.2638214665433954e-04
-4.8571668639014592e-04
-4.4400713566103742e-04
-3.9945254013222379e-04
-3.6024885356665895e-04
-3.2258126104626062e-04
-2.8703068560946056e-04
-2.4954378476150856e-04
-2.1905559926252834e-04
-1.9252242869123858e-04
-1.6931469874513413e-04
-1.4739664300752556e-04
-1.3079540701688451e-04
-1.1820331584867938e-04
-1.0825892718655329e-04
-1.0023993917351301e-04
-9.5239688479933723e-05
-9.2186293347270331e-05
-9.0513300468812217e-05
-9.0110810198955780e-05
-9.0593278746502827e-05
-9.1598335882703987e-05
-9.3054219886585333e-05
-9.5019674155247529e-05
-9.6748758436243811e-05
-9.8562178143618478e-05
-1.0040696448447989e-04
-1.0218042817306727e-04
-1.0366458394192773e-04
-1.0499027998462695e-04
-1.0625929182015489e-04
-1.0727980860023873e-04
-1.0811378623159200e-04
-1.0878139706429265e-04
-1.0937802719168891e-04
-1.0976354158547311e-04
-1.0998606560518588e-04
-1.1015621633586777e-04
-1.1022539481168304e-04
-1.1015948115671957e-04
-1.1003050331363456e-04
-1.0984159501193192e-04
-1.0956407025377952e-04
-1.0922881045674958e-04
-1.0887307289449174e-04
-1.0846671016526225e-04
-1.0802642266035229e-04
-1.0752135102181317e-04
-1.0702674309608707e-04
-1.0650492021582854e-04
-1.0593520253815475e-04
-1.0538887326727528e-04
-1.0483208174870685e-04
-1.0419997493480728e-04
-1.0361509569360196e-04
-1.0302707975641263e-04
-1.0238113149679466e-04
-1.0178475227154828e-04
-1.0119216793602989e-04
-1.0050340721093958e-04
-9.9907825862496585e-05
-9.9293122412529901e-05
-9.8625293222151961e-05
-9.8031303202917333e-05
-9.7401166293931992e-05
-9.6737548647760408e-05
-9.6140473398294358e-05
-9.5489774344324535e-05
-9.4863357774330659e-05
-9.4276837258599639e-05
-9.3599036015587047e-05
-9.3002125171007418e-05
-9.2404087820075883e-05
-9.1715511522257804e-05
-9.1161214253888167e-05
-9.0533625112836584e-05
-8.9894779479172414e-05
-8.9340262089897902e-05
-8.8660254627623993e-05
-8.8088167348656567e-05
-8.7509390098328239e-05
-8.6853706836654017e-05
-8.6309292750138438e-05
-8.5677044344635412e-05
-8.5077743214794855e-05
-8.4527720420790974e-05
-8.3879944602555573e-05
-8.3340475772244571e-05
-8.2729393522291156e-05
-8.2152347332083148e-05
-8.1580849889890345e-05
-8.0974860480761271e-05
-8.0440807324983052e-05
-7.9812609702135026e-05
-7.9286926091716063e-05
-7.8698088039139195e-05
-7.8116606471079000e-05
-7.7599999250002689e-05
-7.6961968347820858e-05
-7.6469888322121133e-05
-7.5859382370881980e-05
-7.5331622134255219e-05
-7.4770870174317372e-05
-7.4208710854871594e-05
-7.3670268096950325e-05
-7.3101002921736289e-05
-7.2591651153366561e-05
-7.1990712714530602e-05
-7.1508827343663055e-05
-7.0909047789303312e-05
-7.0407069612538355e-05
-6.9847247714308508e-05
-6.9315107858533461e-05
-6.8784424954366629e-05
-6.8245395539881415e-05
-6.7723057642273606e-05
-6.7180273111348441e-05
-6.6669207845238370e-05
-6.6107020968531012e-05
-6.5629746024071340e-05
-6.5045496520993657e-05
-6.4583399027982045e-05
-6.4005687741932436e-05
-6.3537879786421936e-05
-6.2967240366023183e-05
-6.2500369482403360e-05
-6.1922702899541504e-05
-6.1473152103680805e-05
-6.0888916444110876e-05
-6.0441292973451271e-05
-5.9869331205879412e-05
-5.9412348450806464e-05
-5.8849027301405804e-05
-5.8386951723004611e-05
-5.7824515128841791e-05
-5.7371226118243111e-05
-5.6807851839819108e-05
-5.6346139043415886e-05
-5.5808637846030908e-05
-5.5321085922613169e-05
-5.4811137934899743e-05
-5.4304157254519167e-05
-5.3802844930147824e-05
-5.3291761299458012e-05
-5.2799367077665241e-05
-5.2276618788759062e-05
-5.1807007338334239e-05
-5.1257243497687997e-05
-5.0803737056942932e-05
-5.0253817401084422e-05
-4.9786397153074981e-05
-4.9264180216382082e-05
-4.8762224973617323e-05
-4.8277013509393574e-05
-4.7740248513850950e-05
-4.7282313970587206e-05
-4.6725783209282142e-05
-4.6256825868246016e-05
-4.5736350819661485e-05
-4.5235244008144822e-05
-4.4741442069119948e-05
-4.4212689421475803e-05
-4.3743858490255858e-05
-4.3188610788293681e-05
-4.2710536146987967e-05
-4.2190050684590342e-05
-4.1675240006705919e-05
-4.1189994141468767e-05
-4.0634311505177234e-05
-4.0148490255523558e-05
-3.9627001872372969e-05
-3.9102249562476546e-05
-3.8610573896984078e-05
-3.8047047521891428e-05
0.0000000000000000e+00
];
