%Vec Object:dSdr_b_aug_3750 1 MPI processes
%  type: seq
dSdr_b_aug_3750 = [
2.3590258841987716e+03
0.0000000000000000e+00
-1.1072508504415432e-06
-4.5565411703750496e-07
-2.8151332719551266e-07
-1.9913133515392000e-07
-1.4922406666363895e-07
-1.1838150430741320e-07
-9.7477568315342891e-08
-8.1724630098908745e-08
-7.0028658552648607e-08
-6.1063886180357753e-08
-5.3763303158734236e-08
-4.7849487658552003e-08
-4.3001490631023339e-08
-3.8913945067864656e-08
-3.5421679247751504e-08
-3.2442211242121243e-08
-2.9866302730620631e-08
-2.7594257710896483e-08
-4.6256775880806738e-08
-1.6567755708712587e-04
-6.8863909246260236e-04
-6.5439062787398623e-04
-6.1077647333373239e-04
-5.6862375975883504e-04
-5.2823061272615874e-04
-4.8744782491376979e-04
-4.4562006784813600e-04
-4.0094250654832114e-04
-3.6163121963521752e-04
-3.2386195776904961e-04
-2.8821670731063399e-04
-2.5063102675956599e-04
-2.2006300350829242e-04
-1.9346081523693160e-04
-1.7019289977594887e-04
-1.4821790411286825e-04
-1.3157350219610765e-04
-1.1894848494843604e-04
-1.0897739847450851e-04
-1.0093625575822690e-04
-9.5921329625226872e-05
-9.2857833509996614e-05
-9.1177947020806960e-05
-9.0771280732931885e-05
-9.1251686336471581e-05
-9.2255842659699251e-05
-9.3711802540830027e-05
-9.5677794404595585e-05
-9.7407265528535409e-05
-9.9221289294474340e-05
-1.0106639306144328e-04
-1.0283975906821872e-04
-1.0432350561103211e-04
-1.0564829396272842e-04
-1.0691575795560036e-04
-1.0793449748594403e-04
-1.0876640368671033e-04
-1.0943139110553590e-04
-1.1002494527722611e-04
-1.1040733016872633e-04
-1.1062637349191285e-04
-1.1079234311032386e-04
-1.1085769178945374e-04
-1.1078771175560218e-04
-1.1065422433678716e-04
-1.1046066576741876e-04
-1.1017863051762237e-04
-1.0983860430270803e-04
-1.0947778750861290e-04
-1.0906673239276289e-04
-1.0862173181618624e-04
-1.0811107393321790e-04
-1.0761165053944832e-04
-1.0708504129220679e-04
-1.0650964994331663e-04
-1.0595852982811860e-04
-1.0539696553414125e-04
-1.0475904551983697e-04
-1.0416936157208468e-04
-1.0357648811147111e-04
-1.0292489096482959e-04
-1.0232373353229072e-04
-1.0172633648919646e-04
-1.0103187473140247e-04
-1.0043153439252775e-04
-9.9811956750819219e-05
-9.9138662461880882e-05
-9.8539992397907706e-05
-9.7904904590695417e-05
-9.7235951152490875e-05
-9.6634236101945418e-05
-9.5978447628373680e-05
-9.5347024189417525e-05
-9.4755943497591968e-05
-9.4072887425885506e-05
-9.3471169856515219e-05
-9.2868560373314123e-05
-9.2174630751930099e-05
-9.1615826587435105e-05
-9.0983495717592713e-05
-9.0339609855818139e-05
-8.9780646785376096e-05
-8.9095500364334506e-05
-8.8518811655129454e-05
-8.7935486673973491e-05
-8.7274758597000244e-05
-8.6725981705274371e-05
-8.6088777635104239e-05
-8.5484811675720949e-05
-8.4930403910266156e-05
-8.4277515399940641e-05
-8.3733823475533144e-05
-8.3117846426875350e-05
-8.2536268509614795e-05
-8.1960275018296014e-05
-8.1349422828284101e-05
-8.0811138273103588e-05
-8.0177985737159827e-05
-7.9647982136828548e-05
-7.9054545185333584e-05
-7.8468402950403440e-05
-7.7947488776230350e-05
-7.7304534759715720e-05
-7.6808323301049954e-05
-7.6192912103519494e-05
-7.5660961245942724e-05
-7.5095477049995181e-05
-7.4528852001475395e-05
-7.3985992973950925e-05
-7.3412009396795443e-05
-7.2898505948939868e-05
-7.2292605898147537e-05
-7.1806681876524411e-05
-7.1201982232678329e-05
-7.0695799213829543e-05
-7.0131310616829482e-05
-6.9594757870800647e-05
-6.9059587101102547e-05
-6.8516011447264163e-05
-6.7989321780850096e-05
-6.7441836154821211e-05
-6.6926503024357170e-05
-6.6359534512284646e-05
-6.5878044919388950e-05
-6.5288965390268610e-05
-6.4822693601580749e-05
-6.4240100632898670e-05
-6.3768224851015306e-05
-6.3192532293414465e-05
-6.2721629327764161e-05
-6.2138885756746765e-05
-6.1685319421842549e-05
-6.1095974326425730e-05
-6.0644306026171212e-05
-6.0067285253206682e-05
-5.9606209821946315e-05
-5.9037831441581048e-05
-5.8571566176029961e-05
-5.8004119892473752e-05
-5.7546548620156622e-05
-5.6978227234566683e-05
-5.6512155556930662e-05
-5.5969723344757450e-05
-5.5477728559485647e-05
-5.4962920080517695e-05
-5.4451335838034883e-05
-5.3945260528175604e-05
-5.3429396724208768e-05
-5.2932360107037465e-05
-5.2404642696538616e-05
-5.1930542165138453e-05
-5.1375556340939058e-05
-5.0917653626197255e-05
-5.0362500554730914e-05
-4.9890527259243961e-05
-4.9363231463411976e-05
-4.8856447381715571e-05
-4.8366353626949538e-05
-4.7824469210021173e-05
-4.7361887000740716e-05
-4.6799900112303191e-05
-4.6326306043049447e-05
-4.5800509263179263e-05
-4.5294465654186343e-05
-4.4795621398364914e-05
-4.4261542891098777e-05
-4.3787907037527477e-05
-4.3227005317697581e-05
-4.2744019550747017e-05
-4.2218204479982054e-05
-4.1698065220173005e-05
-4.1207802313628044e-05
-4.0646323757771037e-05
-4.0155453048350054e-05
-3.9628505495721935e-05
-3.9098208672179509e-05
-3.8601499723203083e-05
-3.8032342189022897e-05
0.0000000000000000e+00
];
