%Vec Object:dSdr_b_aug_2800 1 MPI processes
%  type: seq
dSdr_b_aug_2800 = [
2.3833662214654601e+03
0.0000000000000000e+00
-1.3124678632658778e-06
-5.3975476023762356e-07
-3.3291279205514613e-07
-2.3539554968131148e-07
-1.7665348683212356e-07
-1.4035766643638147e-07
-1.1575642591424618e-07
-9.7185143062337822e-08
-8.3396387404638891e-08
-7.2828187659168701e-08
-6.4215592203237879e-08
-5.7237721299782304e-08
-5.1517370064886810e-08
-4.6692986632219293e-08
-4.2569812790526754e-08
-3.9051954492987055e-08
-3.6010311624664994e-08
-3.3325743681122795e-08
-3.0974205624302576e-08
-3.6500406608332015e-08
-5.8587391257923209e-05
-6.4700645802300059e-04
-6.1933467108511850e-04
-5.7700478296339713e-04
-5.3611985722707670e-04
-4.9483669813111403e-04
-4.5250443154752580e-04
-4.0730202564326324e-04
-3.6753147583600177e-04
-3.2932826583531084e-04
-2.9327892061677211e-04
-2.5527162557332578e-04
-2.2436283642682185e-04
-1.9746606473744854e-04
-1.7394126365199392e-04
-1.5172323528383174e-04
-1.3489459125991680e-04
-1.2212903792564619e-04
-1.1204399904370560e-04
-1.0390829495554720e-04
-9.8830730668744449e-05
-9.5724121237444407e-05
-9.4014811236579199e-05
-9.3590320745400919e-05
-9.4061921234254360e-05
-9.5062232686595109e-05
-9.6518516435951254e-05
-9.8486802884729328e-05
-1.0021792514868084e-04
-1.0203452717964712e-04
-1.0388098579748465e-04
-1.0565393488113705e-04
-1.0713593475493956e-04
-1.0845684887720722e-04
-1.0971770632279946e-04
-1.1072886014495598e-04
-1.1155192500737379e-04
-1.1220571509496707e-04
-1.1278614038088000e-04
-1.1315516817764703e-04
-1.1335935546225617e-04
-1.1350747913279400e-04
-1.1355648126036501e-04
-1.1346914489256052e-04
-1.1331640947709412e-04
-1.1310300241079531e-04
-1.1280171526744300e-04
-1.1244134480802088e-04
-1.1205884861158465e-04
-1.1162776523974486e-04
-1.1116264817997994e-04
-1.1062814691924523e-04
-1.1010817000135824e-04
-1.0956113143722345e-04
-1.0896152355453142e-04
-1.0838995501512275e-04
-1.0780801941844592e-04
-1.0714528732593161e-04
-1.0653509578713355e-04
-1.0592148929933220e-04
-1.0524578140345569e-04
-1.0462422948361282e-04
-1.0400629069753761e-04
-1.0328749562071513e-04
-1.0266684281641592e-04
-1.0202646100349509e-04
-1.0132984041702440e-04
-1.0071119484616160e-04
-1.0005497546656659e-04
-9.9363247640534195e-05
-9.8741728851285771e-05
-9.8064217564629806e-05
-9.7411423657439499e-05
-9.6800879086480105e-05
-9.6095394196594387e-05
-9.5473160421360886e-05
-9.4851036026690803e-05
-9.4134257188918603e-05
-9.3556216555364973e-05
-9.2903646896252495e-05
-9.2238248180287377e-05
-9.1660309920180936e-05
-9.0953229241630230e-05
-9.0356900569524241e-05
-8.9754164825594208e-05
-8.9071904317235246e-05
-8.8504505968668037e-05
-8.7846149982155736e-05
-8.7222273455588617e-05
-8.6649149622983982e-05
-8.5974438967414868e-05
-8.5412721905483256e-05
-8.4775852729711699e-05
-8.4174932357952587e-05
-8.3579748694746100e-05
-8.2948141036237613e-05
-8.2391795895173380e-05
-8.1737494650004625e-05
-8.1189052337685047e-05
-8.0575986227946294e-05
-7.9969951193312503e-05
-7.9430653952836791e-05
-7.8766686951188449e-05
-7.8252841585941082e-05
-7.7616493668227035e-05
-7.7066656274968014e-05
-7.6480973807142548e-05
-7.5895287997940062e-05
-7.5333579315705736e-05
-7.4739456512505861e-05
-7.4208232740977280e-05
-7.3581155387458027e-05
-7.3077993474896416e-05
-7.2452293755627425e-05
-7.1928163502381115e-05
-7.1343756360302811e-05
-7.0788368382167517e-05
-7.0234042369697058e-05
-6.9671062318839221e-05
-6.9125798300717251e-05
-6.8558247317637659e-05
-6.8024697958959547e-05
-6.7437320325605706e-05
-6.6937841641910611e-05
-6.6328146448776424e-05
-6.5844057803616035e-05
-6.5240628688005063e-05
-6.4751390485181289e-05
-6.4154129973431319e-05
-6.3666017151442047e-05
-6.3061603824446496e-05
-6.2590898242354556e-05
-6.1979744896663189e-05
-6.1510812329557826e-05
-6.0912198554855177e-05
-6.0433654635987415e-05
-5.9843690827083041e-05
-5.9359543008544479e-05
-5.8770714213795244e-05
-5.8294865258237890e-05
-5.7705428475660426e-05
-5.7220752084837432e-05
-5.6657273160803571e-05
-5.6146315212235973e-05
-5.5610761031416546e-05
-5.5079527719047245e-05
-5.4553122882209438e-05
-5.4016856189569593e-05
-5.3500004750624535e-05
-5.2951077974294097e-05
-5.2457816999768459e-05
-5.1880542534590513e-05
-5.1403875495069571e-05
-5.0826384984376088e-05
-5.0334978214531414e-05
-4.9786004657267418e-05
-4.9258609954383959e-05
-4.8747677431224939e-05
-4.8183942112469407e-05
-4.7701522556209244e-05
-4.7116247616406452e-05
-4.6622862870613843e-05
-4.6074351653571483e-05
-4.5547236580073534e-05
-4.5026870462318706e-05
-4.4470059844647060e-05
-4.3975915331269179e-05
-4.3390880775311893e-05
-4.2886932948794413e-05
-4.2338369552212691e-05
-4.1795486217040156e-05
-4.1283808751157919e-05
-4.0697590843374464e-05
-4.0185166165749870e-05
-3.9634914475606148e-05
-3.9080945607007104e-05
-3.8562734086058753e-05
-3.7969437056986517e-05
0.0000000000000000e+00
];
