%Vec Object:dSdr_b_aug_7470 1 MPI processes
%  type: seq
dSdr_b_aug_7470 = [
2.2983430767197574e+03
0.0000000000000000e+00
-7.4006699263418175e-07
-3.0631063145418183e-07
-1.9080736097844588e-07
-1.3573279206910807e-07
-1.0188702652573781e-07
-8.0956654678918537e-08
-6.6769054992145617e-08
-5.6099977948927499e-08
-4.8176091766751383e-08
-4.2100929227777921e-08
-3.7153891166069066e-08
-3.3145753401597327e-08
-2.9859323040739879e-08
-2.7087612325729408e-08
-2.4718765416080185e-08
-2.2787313212204648e-08
-1.4465837092139096e-05
-7.7561794368958431e-04
-7.4647900600203023e-04
-7.0750948611513094e-04
-6.6925891077121078e-04
-6.3115265508406041e-04
-5.8885235678202705e-04
-5.4801357769457010e-04
-5.0885429929735458e-04
-4.6930139880868794e-04
-4.2871272504021367e-04
-3.8532413635806382e-04
-3.4714075597972491e-04
-3.1043722972068870e-04
-2.7578439779920178e-04
-2.3923416268230527e-04
-2.0950302832381846e-04
-1.8362430914565291e-04
-1.6098728056448979e-04
-1.3960915036559144e-04
-1.2341722969524919e-04
-1.1113735578321744e-04
-1.0144612582798057e-04
-9.3637217027900288e-05
-8.8776124302572594e-05
-8.5818510368791836e-05
-8.4210885143640372e-05
-8.3847993268224463e-05
-8.4350023229056500e-05
-8.5363622009650440e-05
-8.6818786310959386e-05
-8.8779142695057293e-05
-9.0504558598781488e-05
-9.2312250219595159e-05
-9.4154026440196231e-05
-9.5928416220909227e-05
-9.7416452282514477e-05
-9.8750755251341909e-05
-1.0003444418271559e-04
-1.0107181338870055e-04
-1.0192543298288606e-04
-1.0261791989856335e-04
-1.0324371728656910e-04
-1.0365890586125175e-04
-1.0391443413802754e-04
-1.0412423141366776e-04
-1.0422972532684307e-04
-1.0420237047609604e-04
-1.0411615400156588e-04
-1.0397134116377269e-04
-1.0373658645912262e-04
-1.0344652351362177e-04
-1.0313894902238462e-04
-1.0277708116232641e-04
-1.0238148466621606e-04
-1.0192938379273204e-04
-1.0148043784223649e-04
-1.0100400099988076e-04
-1.0048808310439404e-04
-9.9987182324541820e-05
-9.9475647964963998e-05
-9.8898664011359583e-05
-9.8359344713223770e-05
-9.7817389553862070e-05
-9.7225006075780373e-05
-9.6673935525921217e-05
-9.6126987012939283e-05
-9.5492285538768980e-05
-9.4941830648802601e-05
-9.4373346040306218e-05
-9.3757338889336573e-05
-9.3207726739774063e-05
-9.2624536035616515e-05
-9.2011514300713017e-05
-9.1458435321396122e-05
-9.0855995985213029e-05
-9.0277056358789410e-05
-8.9733777078074701e-05
-8.9105804028164070e-05
-8.8554472286239000e-05
-8.7999789547236573e-05
-8.7361975408200383e-05
-8.6850414160902198e-05
-8.6267787839361829e-05
-8.5676735535631342e-05
-8.5164373759835825e-05
-8.4533095825213458e-05
-8.4004641032321440e-05
-8.3468987074539178e-05
-8.2861140639377943e-05
-8.2358096311823574e-05
-8.1772839376056199e-05
-8.1217771915938076e-05
-8.0709329071350629e-05
-8.0110033717122820e-05
-7.9610609857944965e-05
-7.9045941930801504e-05
-7.8511867286827392e-05
-7.7983003078278655e-05
-7.7423124392619530e-05
-7.6929194966193141e-05
-7.6347981699480136e-05
-7.5863261872334014e-05
-7.5318032319336267e-05
-7.4780744962712488e-05
-7.4304977905545358e-05
-7.3713629840616447e-05
-7.3260725636775697e-05
-7.2696733094574625e-05
-7.2208709929242831e-05
-7.1692830832740867e-05
-7.1173017266244984e-05
-7.0676451266382252e-05
-7.0151927784603457e-05
-6.9681943838810370e-05
-6.9128053306994662e-05
-6.8684463983179400e-05
-6.8131338610512326e-05
-6.7669232375961672e-05
-6.7153661919763411e-05
-6.6663366803556071e-05
-6.6175239583045998e-05
-6.5679319381709982e-05
-6.5198246658988476e-05
-6.4700039749080709e-05
-6.4229444053569954e-05
-6.3712598520103300e-05
-6.3275288543460453e-05
-6.2736839253988181e-05
-6.2314324101492321e-05
-6.1782902869986551e-05
-6.1353667687209511e-05
-6.0830944130005199e-05
-6.0402307094361207e-05
-5.9872782556452119e-05
-5.9461308759202686e-05
-5.8925522845582560e-05
-5.8516254139999647e-05
-5.7992263941207455e-05
-5.7574089676282270e-05
-5.7058723297404936e-05
-5.6636376132408576e-05
-5.6121443536632877e-05
-5.5708760801308003e-05
-5.5192297134958785e-05
-5.4771917191013190e-05
-5.4281174058875973e-05
-5.3835751379561193e-05
-5.3371892783585139e-05
-5.2908565232961634e-05
-5.2452417789750954e-05
-5.1986662064471355e-05
-5.1538289334866192e-05
-5.1062660736047994e-05
-5.0635617111331117e-05
-5.0135370829389697e-05
-4.9723552337973005e-05
-4.9223258824321092e-05
-4.8799013318453665e-05
-4.8324957200256002e-05
-4.7868792143243398e-05
-4.7429877889864695e-05
-4.6941658894558899e-05
-4.6527797237109212e-05
-4.6023005829452511e-05
-4.5598018367861281e-05
-4.5128009152178797e-05
-4.4673718700458844e-05
-4.4227734481421939e-05
-4.3749489262435725e-05
-4.3326227387247125e-05
-4.2824602115864331e-05
-4.2393108125779664e-05
-4.1923175409966864e-05
-4.1458913583015277e-05
-4.1021271693191625e-05
-4.0520594626356473e-05
-4.0082730029210904e-05
-3.9613145114100595e-05
-3.9141260675916389e-05
-3.8698134961912795e-05
-3.8192377045735877e-05
0.0000000000000000e+00
];
