%Vec Object:dSdr_b_aug_5700 1 MPI processes
%  type: seq
dSdr_b_aug_5700 = [
2.3218443278623895e+03
0.0000000000000000e+00
-8.6275773005836078e-07
-3.5654704570187583e-07
-2.2157378350814820e-07
-1.5739449058241100e-07
-1.1814865174421339e-07
-9.3884027053800159e-08
-7.7436539762137127e-08
-6.5055425841650545e-08
-5.5860686857388116e-08
-4.8811783981182724e-08
-4.3070456636271749e-08
-3.8418756574123276e-08
-3.4604823786754110e-08
-3.1388185206633481e-08
-2.8639025305232615e-08
-2.6293203733299618e-08
-2.4456164377608052e-08
-1.4686252575689792e-05
-7.3824066427357010e-04
-7.1778130976322464e-04
-6.7917333872461914e-04
-6.4055515955045380e-04
-5.9768948050161819e-04
-5.5632029269058175e-04
-5.1666369194501159e-04
-4.7661509897587145e-04
-4.3552702741523925e-04
-3.9161893369863874e-04
-3.5298096405300802e-04
-3.1584790577586253e-04
-2.8079509140542552e-04
-2.4382753235765881e-04
-2.1375909991488211e-04
-1.8758879514972304e-04
-1.6469749513818986e-04
-1.4307880543299985e-04
-1.2670451759598118e-04
-1.1428553778094417e-04
-1.0448151486264888e-04
-9.6579006833643363e-05
-9.1655913284973420e-05
-8.8655624712127715e-05
-8.7018875370975507e-05
-8.6638340677509240e-05
-8.7131655145523962e-05
-8.8141448210210817e-05
-8.9596933121006137e-05
-9.1559560827649426e-05
-9.3286611238201845e-05
-9.5096855046808638e-05
-9.6939972481711534e-05
-9.8713949723098696e-05
-1.0020025701958917e-04
-1.0153072530501315e-04
-1.0280787503370853e-04
-1.0383773583183655e-04
-1.0468260415873033e-04
-1.0536400778378761e-04
-1.0597680997848212e-04
-1.0637877746733859e-04
-1.0661960096356445e-04
-1.0681173403991174e-04
-1.0690104790216470e-04
-1.0685651348621519e-04
-1.0675124502756528e-04
-1.0658678580994748e-04
-1.0633297525105931e-04
-1.0602277521106209e-04
-1.0569374204982146e-04
-1.0531204985783268e-04
-1.0489654164098593e-04
-1.0442084006779836e-04
-1.0395154979013561e-04
-1.0345489156252033e-04
-1.0291500360504861e-04
-1.0239386252488052e-04
-1.0186216420064057e-04
-1.0126062069823041e-04
-1.0070100253221547e-04
-1.0013852536217851e-04
-9.9522276524546032e-05
-9.8951019057138011e-05
-9.8383737868835907e-05
-9.7724950728151413e-05
-9.7154390105853028e-05
-9.6565313062500058e-05
-9.5926217016616323e-05
-9.5356832662393692e-05
-9.4752725452412515e-05
-9.4117161114156637e-05
-9.3544479948844838e-05
-9.2920538881546683e-05
-9.2320446282814764e-05
-9.1757901215733912e-05
-9.1107727613136036e-05
-9.0536088466602115e-05
-8.9962089427082645e-05
-8.9301658614321139e-05
-8.8771056674741825e-05
-8.8168397528614749e-05
-8.7556051289036765e-05
-8.7024907416739864e-05
-8.6371918430670793e-05
-8.5824023532541282e-05
-8.5269156336764226e-05
-8.4639996585999665e-05
-8.4118520293232661e-05
-8.3512326683856503e-05
-8.2937551266092354e-05
-8.2410582807587718e-05
-8.1789687370235111e-05
-8.1272421794462182e-05
-8.0687074336989955e-05
-8.0133854064342306e-05
-7.9585994959485519e-05
-7.9005572009847671e-05
-7.8493765776681753e-05
-7.7891619005868011e-05
-7.7388648092828886e-05
-7.6823989121575925e-05
-7.6267011387635741e-05
-7.5773048322043423e-05
-7.5160901092395909e-05
-7.4690542414492721e-05
-7.4105826194964259e-05
-7.3600098495503244e-05
-7.3064226653596584e-05
-7.2525546275754559e-05
-7.2010322421311543e-05
-7.1465864636013700e-05
-7.0978340671846822e-05
-7.0403488321543246e-05
-6.9942836500375358e-05
-6.9368924730427191e-05
-6.8889053871120954e-05
-6.8353767539058597e-05
-6.7844828834056804e-05
-6.7337741269199610e-05
-6.6822614103030463e-05
-6.6323156011967053e-05
-6.5805087899879444e-05
-6.5316461311193044e-05
-6.4779414305239988e-05
-6.4324298257234709e-05
-6.3765443049318123e-05
-6.3325292302098671e-05
-6.2773246907561417e-05
-6.2326825934967553e-05
-6.1782753848714815e-05
-6.1337082028591668e-05
-6.0786108188285991e-05
-6.0357669489633868e-05
-5.9800297179999240e-05
-5.9373939816576506e-05
-5.8828576269922189e-05
-5.8393111193754143e-05
-5.7856378951533337e-05
-5.7416331111026144e-05
-5.6880233490107827e-05
-5.6449458955197863e-05
-5.5912094642569195e-05
-5.5473299178650064e-05
-5.4961723366610288e-05
-5.4497530341857903e-05
-5.4013136988529928e-05
-5.3530360137899846e-05
-5.3054089846315281e-05
-5.2568138638815640e-05
-5.2100152489362398e-05
-5.1603530093910025e-05
-5.1157520719873408e-05
-5.0635212291253904e-05
-5.0204820073806289e-05
-4.9682416036607803e-05
-4.9238934378003943e-05
-4.8743420601803132e-05
-4.8266854104780237e-05
-4.7807312512168797e-05
-4.7297464249714292e-05
-4.6863966288128216e-05
-4.6336122846264484e-05
-4.5891544981673679e-05
-4.5399051148177589e-05
-4.4923902079035781e-05
-4.4456613103424789e-05
-4.3955864761654979e-05
-4.3512300032051192e-05
-4.2986783812477296e-05
-4.2534536314565379e-05
-4.2042080403656608e-05
-4.1555297191125365e-05
-4.1096446101201261e-05
-4.0571262323112060e-05
-4.0112031996932960e-05
-3.9619323726924351e-05
-3.9123888420399454e-05
-3.8659143215215651e-05
-3.8127710406400009e-05
0.0000000000000000e+00
];
