%Vec Object:dSdr_b_aug_400 1 MPI processes
%  type: seq
dSdr_b_aug_400 = [
2.5405398218314172e+03
0.0000000000000000e+00
-4.2804709010220298e-06
-1.7329919215156796e-06
-1.0436205794943531e-06
-7.2791821613715164e-07
-5.4629663642383119e-07
-4.3429913328782227e-07
-3.5840214916283250e-07
-3.0055851293159716e-07
-2.5763529302254092e-07
-2.2475910210587637e-07
-1.9791642364607537e-07
-1.7616749873020021e-07
-1.5834400193215103e-07
-1.4331111819918881e-07
-1.3046186507978911e-07
-1.1950160048401751e-07
-1.1002696210687147e-07
-1.0166567354706086e-07
-9.4341749586285000e-08
-8.7883487269104617e-08
-8.2077405218803673e-08
-7.6887263062261283e-08
-7.2231226340399823e-08
-6.8005954715099491e-08
-6.4163618436241127e-08
-6.0671469344316506e-08
-5.7476418261601698e-08
-5.4544176959066513e-08
-5.2755406877777995e-08
-1.0478260108949451e-07
-2.1603631971961198e-06
-3.3948981049250742e-05
-1.4256956667897409e-04
-1.9058704137047501e-04
-1.8658385880526812e-04
-1.6932269537950321e-04
-1.5352561575407637e-04
-1.4070833583504927e-04
-1.3026226697045076e-04
-1.2170601805884578e-04
-1.1632280956125644e-04
-1.1299320827856550e-04
-1.1112646639302898e-04
-1.1060582496362527e-04
-1.1103096715195366e-04
-1.1201207103224170e-04
-1.1347273990164904e-04
-1.1545635404533241e-04
-1.1719834424415091e-04
-1.1903106354449708e-04
-1.2088603190825129e-04
-1.2265665444530859e-04
-1.2412821502506239e-04
-1.2542578834563782e-04
-1.2664676823348050e-04
-1.2761211196045855e-04
-1.2838177069310369e-04
-1.2896791436829567e-04
-1.2946901973181452e-04
-1.2975734695410947e-04
-1.2987177616713153e-04
-1.2991207686584172e-04
-1.2986231498902934e-04
-1.2967011343358457e-04
-1.2940108349713438e-04
-1.2906775368962001e-04
-1.2865014839736380e-04
-1.2816685990751786e-04
-1.2765337878907574e-04
-1.2710128655178760e-04
-1.2651462718118453e-04
-1.2583606605520459e-04
-1.2519190624503355e-04
-1.2452143526057088e-04
-1.2377551301341602e-04
-1.2308039665156022e-04
-1.2237537921245937e-04
-1.2156273459957761e-04
-1.2082863781527480e-04
-1.2008976403779764e-04
-1.1926838102845409e-04
-1.1852360727265996e-04
-1.1778155696133983e-04
-1.1691574207282815e-04
-1.1617236304087305e-04
-1.1540628417952124e-04
-1.1456872813614801e-04
-1.1382939224221752e-04
-1.1304549772598391e-04
-1.1221616905582908e-04
-1.1147499778086243e-04
-1.1066623917467568e-04
-1.0988432678619364e-04
-1.0915618315366992e-04
-1.0831518536291501e-04
-1.0756899449424833e-04
-1.0682896273131513e-04
-1.0597413101503530e-04
-1.0527986534542808e-04
-1.0450501501220441e-04
-1.0370963812466718e-04
-1.0301705399885653e-04
-1.0217744908941679e-04
-1.0146245807500937e-04
-1.0074244479960925e-04
-9.9930087871580360e-05
-9.9250180907227715e-05
-9.8464027546151298e-05
-9.7719853753542476e-05
-9.7033649703475377e-05
-9.6227092246916715e-05
-9.5556469509738154e-05
-9.4793372621063384e-05
-9.4075587503595208e-05
-9.3364459180500761e-05
-9.2607449516332377e-05
-9.1941984574540691e-05
-9.1159905429509443e-05
-9.0500058740316963e-05
-8.9768395720594542e-05
-8.9042170893399332e-05
-8.8391805519396832e-05
-8.7600880717062134e-05
-8.6980493589614125e-05
-8.6217648684221184e-05
-8.5559743207199259e-05
-8.4852025406814612e-05
-8.4151177007746759e-05
-8.3475581232496862e-05
-8.2759779904976089e-05
-8.2121492378019482e-05
-8.1366464598756541e-05
-8.0759153780399537e-05
-8.0006574472784236e-05
-7.9374009587855117e-05
-7.8669257399104542e-05
-7.8000069663280622e-05
-7.7330010452427518e-05
-7.6649791874533289e-05
-7.5992304480132676e-05
-7.5303521674451542e-05
-7.4659912775296364e-05
-7.3949226431622401e-05
-7.3341060640805204e-05
-7.2606808943072510e-05
-7.2015073923333432e-05
-7.1285756292024767e-05
-7.0691617500233785e-05
-6.9964047111472055e-05
-6.9371955630060148e-05
-6.8636617520414765e-05
-6.8062360062805905e-05
-6.7319445364999393e-05
-6.6746205772526908e-05
-6.6017131380036951e-05
-6.5433046804469163e-05
-6.4712668400081065e-05
-6.4120478476091040e-05
-6.3402461414065525e-05
-6.2816183361424476e-05
-6.2099172577363576e-05
-6.1502091634843602e-05
-6.0811454154880082e-05
-6.0185926470157544e-05
-5.9525032964357206e-05
-5.8875086394237821e-05
-5.8225857425813149e-05
-5.7566323792586341e-05
-5.6929758914368994e-05
-5.6252693587458134e-05
-5.5643673995447895e-05
-5.4931741480584207e-05
-5.4341710623201404e-05
-5.3629268995159661e-05
-5.3020457518831086e-05
-5.2340520877416608e-05
-5.1688612103307118e-05
-5.1051788818935372e-05
-5.0356049781141032e-05
-4.9753794568641537e-05
-4.9027838600991278e-05
-4.8414907183339308e-05
-4.7729189264777323e-05
-4.7074800170914097e-05
-4.6424446600762808e-05
-4.5730346808974480e-05
-4.5112360302227701e-05
-4.4381606311833721e-05
-4.3751122324878798e-05
-4.3065269271182678e-05
-4.2385180378325376e-05
-4.1744422828867113e-05
-4.1009197669568268e-05
-4.0367305264478078e-05
-3.9677633849866995e-05
-3.8983586566208856e-05
-3.8343748988982538e-05
-3.7648753754581276e-05
0.0000000000000000e+00
];
