%Vec Object:dSdr_b_aug_890 1 MPI processes
%  type: seq
dSdr_b_aug_890 = [
2.4765408657586349e+03
0.0000000000000000e+00
-2.5950896395487039e-06
-1.0576239567159670e-06
-6.4337960435562432e-07
-4.5118726836153150e-07
-3.3843906053164927e-07
-2.6885101829470147e-07
-2.2168957827916557e-07
-1.8590741817993064e-07
-1.5934945030178590e-07
-1.3900233344751832e-07
-1.2240527041088283e-07
-1.0895884066370895e-07
-9.7938015685701773e-08
-8.8643765477732502e-08
-8.0700730818919569e-08
-7.3924900134560239e-08
-6.8067233299377305e-08
-6.2898277022638898e-08
-5.8370360713612461e-08
-5.4377383454035399e-08
-5.0787628779328418e-08
-4.7578561133269948e-08
-4.4699603241115266e-08
-4.2111465320371186e-08
-6.0988188485767384e-08
-1.0552319268839669e-05
-3.1457607773860093e-04
-4.1867828112830615e-04
-3.8797738275992772e-04
-3.4922353364051471e-04
-3.1182355897220075e-04
-2.7229095512906244e-04
-2.4013608468510361e-04
-2.1215950586900127e-04
-1.8769252648142545e-04
-1.6458297739898144e-04
-1.4707844353441772e-04
-1.3379732516226398e-04
-1.2329424099439675e-04
-1.1481162785323068e-04
-1.0950426786282182e-04
-1.0623949160415671e-04
-1.0442223733807633e-04
-1.0393235600377382e-04
-1.0437165328213030e-04
-1.0535785880177594e-04
-1.0681533017298757e-04
-1.0879203407730268e-04
-1.1052921327164850e-04
-1.1235527353314716e-04
-1.1420670215121088e-04
-1.1597812127736049e-04
-1.1745371287705067e-04
-1.1876041351519464e-04
-1.1999703363024754e-04
-1.2098035796497014e-04
-1.2177098691620521e-04
-1.2238369784159923e-04
-1.2291595781703597e-04
-1.2323598310534035e-04
-1.2338566882366656e-04
-1.2346832230969475e-04
-1.2345735505204979e-04
-1.2330634477574718e-04
-1.2308299563147364e-04
-1.2279677181536812e-04
-1.2242485663697448e-04
-1.2198985070381833e-04
-1.2152782082486434e-04
-1.2102326121538103e-04
-1.2048434398213116e-04
-1.1986236990371059e-04
-1.1926698943919292e-04
-1.1864500300795295e-04
-1.1795655336086134e-04
-1.1730996687193999e-04
-1.1665329626339210e-04
-1.1589953759479886e-04
-1.1521411106548173e-04
-1.1452444255105815e-04
-1.1376028101523545e-04
-1.1306390905826678e-04
-1.1237061001328084e-04
-1.1156254478592416e-04
-1.1086737286736373e-04
-1.1015066805753356e-04
-1.0936847172524045e-04
-1.0867654323026405e-04
-1.0794279975196778e-04
-1.0716752094562179e-04
-1.0647334939813429e-04
-1.0571614497940546e-04
-1.0498495056672045e-04
-1.0430300006752659e-04
-1.0351523198249517e-04
-1.0281773168520846e-04
-1.0212401415265069e-04
-1.0132340984203003e-04
-1.0067479757820257e-04
-9.9947979211469881e-05
-9.9203657776020520e-05
-9.8556106553715446e-05
-9.7768557182956704e-05
-9.7100176740673788e-05
-9.6426230077975634e-05
-9.5664975030100371e-05
-9.5029261435840737e-05
-9.4293306891615365e-05
-9.3596385886145374e-05
-9.2954599757316366e-05
-9.2199831750843197e-05
-9.1571987164048281e-05
-9.0858472536087004e-05
-9.0186591893210734e-05
-8.9521006630386357e-05
-8.8813254877803126e-05
-8.8190652177788249e-05
-8.7458764189418399e-05
-8.6842677118366320e-05
-8.6157598944927124e-05
-8.5478584646159797e-05
-8.4871846800421404e-05
-8.4130790995131017e-05
-8.3552253423251259e-05
-8.2839096497454922e-05
-8.2223640103895035e-05
-8.1563857730704216e-05
-8.0908245131504198e-05
-8.0277384133893101e-05
-7.9609378058437776e-05
-7.9013145081909144e-05
-7.8308376147356965e-05
-7.7741974909222483e-05
-7.7039233803638388e-05
-7.6449261918575058e-05
-7.5791781140407017e-05
-7.5167293810035689e-05
-7.4542694451966248e-05
-7.3908527009581345e-05
-7.3295120739633700e-05
-7.2653957565117094e-05
-7.2053579797828424e-05
-7.1391328851671569e-05
-7.0825855064516669e-05
-7.0140528855994726e-05
-6.9591076997460537e-05
-6.8911208024383097e-05
-6.8358273796022162e-05
-6.7681888727948714e-05
-6.7130639618622243e-05
-6.6446728301265399e-05
-6.5913145510341017e-05
-6.5221986135610241e-05
-6.4689717756145090e-05
-6.4011887672190941e-05
-6.3469258787672076e-05
-6.2800106514201263e-05
-6.2250354743608480e-05
-6.1583081987970297e-05
-6.1040179572140752e-05
-6.0373278862383231e-05
-5.9820349356968742e-05
-5.9179658591582864e-05
-5.8599132629821601e-05
-5.7987471031612388e-05
-5.7384153517648197e-05
-5.6783168219023890e-05
-5.6172052027513066e-05
-5.5582508597267455e-05
-5.4955773893139281e-05
-5.4392221862543179e-05
-5.3733180320208596e-05
-5.3187675780094865e-05
-5.2528239574663448e-05
-5.1965540909007013e-05
-5.1337042305870538e-05
-5.0734037837400557e-05
-5.0146658961179274e-05
-4.9502764658100891e-05
-4.8947573652602008e-05
-4.8276868680288797e-05
-4.7710885302568981e-05
-4.7079050397550324e-05
-4.6474640470309501e-05
-4.5875328938835707e-05
-4.5235135336124919e-05
-4.4665767894036023e-05
-4.3992219062340690e-05
-4.3411395233743081e-05
-4.2779411524314054e-05
-4.2153136729319301e-05
-4.1562966332524673e-05
-4.0886094505641127e-05
-4.0294768450856940e-05
-3.9659335479476665e-05
-3.9019189288853811e-05
-3.8423967176981456e-05
-3.7752086115053429e-05
0.0000000000000000e+00
];
