%Vec Object:dSdr_b_aug_8720 1 MPI processes
%  type: seq
dSdr_b_aug_8720 = [
2.2819950248635755e+03
0.0000000000000000e+00
-6.6510124224753982e-07
-2.7503739971951383e-07
-1.7125452740953414e-07
-1.2168581989460039e-07
-9.1148096691636290e-08
-7.2263038088088828e-08
-5.9463387535867859e-08
-4.9852048904969595e-08
-4.2714536127434651e-08
-3.7242311410029281e-08
-3.2790013355674149e-08
-2.9183700759842700e-08
-2.6226963271044844e-08
-2.3734321917558514e-08
-2.1605744840840557e-08
-3.3802370304527639e-07
-6.6030823425740597e-04
-7.8177956958459392e-04
-7.4022537201344897e-04
-7.0148816074278248e-04
-6.6354041526700785e-04
-6.2573065725949077e-04
-5.8375641149814507e-04
-5.4322349425046143e-04
-5.0435099776154741e-04
-4.6508393929352017e-04
-4.2478324421485160e-04
-3.8169422909913807e-04
-3.4377298848460412e-04
-3.0731715267749113e-04
-2.7289497139111737e-04
-2.3658538690107082e-04
-2.0704875611427705e-04
-1.8133818030928412e-04
-1.5884777806478805e-04
-1.3760836727751716e-04
-1.2152160927145107e-04
-1.0932195129637177e-04
-9.9695763484170837e-05
-9.1940828732447091e-05
-8.7115488779789533e-05
-8.4182483145658573e-05
-8.2591652293506490e-05
-8.2238934088483029e-05
-8.2745989768111486e-05
-8.3761783042703798e-05
-8.5216762392429995e-05
-8.7175808973482676e-05
-8.8900282349552653e-05
-9.0706502259588759e-05
-9.2547505078976452e-05
-9.4322132763069184e-05
-9.5811165730407243e-05
-9.7147679986580251e-05
-9.8435139771030052e-05
-9.9476838722428770e-05
-1.0033550475936327e-04
-1.0103438288308033e-04
-1.0166767398046801e-04
-1.0209048652526789e-04
-1.0235449434747841e-04
-1.0257447772264243e-04
-1.0268930189823327e-04
-1.0267185368116011e-04
-1.0259662357422538e-04
-1.0246313986312573e-04
-1.0223937375701376e-04
-1.0196092290930096e-04
-1.0166572260453297e-04
-1.0131528648694300e-04
-1.0093117212572127e-04
-1.0049268064409816e-04
-1.0005546629175823e-04
-9.9590690152813466e-05
-9.9088594641835511e-05
-9.8599365472852783e-05
-9.8099458704473911e-05
-9.7536637064262423e-05
-9.7009023149189900e-05
-9.6478902048836011e-05
-9.5900280578253705e-05
-9.5360850855360826e-05
-9.4825627220447483e-05
-9.4204814794034565e-05
-9.3665953914714653e-05
-9.3109343975504282e-05
-9.2506651081550488e-05
-9.1968440613243398e-05
-9.1397311453962995e-05
-9.0797288956271648e-05
-9.0255513616353233e-05
-8.9665473296182062e-05
-8.9098731573426722e-05
-8.8566561946583334e-05
-8.7951390889440660e-05
-8.7411769452828527e-05
-8.6868225496542387e-05
-8.6243453307296533e-05
-8.5742871912790428e-05
-8.5171797557535085e-05
-8.4593024440324149e-05
-8.4091493394151183e-05
-8.3472735176485298e-05
-8.2955490555388568e-05
-8.2430915945729739e-05
-8.1835359872250616e-05
-8.1342944370129685e-05
-8.0769760604735796e-05
-8.0226057773415203e-05
-7.9728297757031182e-05
-7.9141458129047211e-05
-7.8652322727356915e-05
-7.8099579687845102e-05
-7.7576545404237754e-05
-7.7058634636011298e-05
-7.6510602836371463e-05
-7.6026982101583103e-05
-7.5457840176810874e-05
-7.4983644869650243e-05
-7.4449619324553750e-05
-7.3923686457984548e-05
-7.3458412160333261e-05
-7.2879057969574878e-05
-7.2436218917709978e-05
-7.1884176719304044e-05
-7.1406362903151703e-05
-7.0902012657214652e-05
-7.0393078668983086e-05
-6.9907271752111733e-05
-6.9394243419775378e-05
-6.8934373954037618e-05
-6.8392571089703527e-05
-6.7958820882284960e-05
-6.7417682019695421e-05
-6.6965819784393899e-05
-6.6461618519415481e-05
-6.5982074258098646e-05
-6.5504880550072827e-05
-6.5020036074745971e-05
-6.4549565302644086e-05
-6.4062811385535295e-05
-6.3602613231353899e-05
-6.3097416907467813e-05
-6.2670374827588097e-05
-6.2143692641041518e-05
-6.1731347078679432e-05
-6.1211818800296642e-05
-6.0792493826068630e-05
-6.0282080927901658e-05
-5.9863267021947399e-05
-5.9346111253066585e-05
-5.8944420286176531e-05
-5.8421082195441143e-05
-5.8021667683051838e-05
-5.7510002450802280e-05
-5.7101798949349097e-05
-5.6598753219252204e-05
-5.6186613164573837e-05
-5.5683885401457780e-05
-5.5281635316483383e-05
-5.4777224025220128e-05
-5.4367463402563626e-05
-5.3888733449381859e-05
-5.3454134698018378e-05
-5.3002117479218971e-05
-5.2550005372180196e-05
-5.2105461772859374e-05
-5.1651351772677729e-05
-5.1214289117301058e-05
-5.0750766585530833e-05
-5.0334659546249466e-05
-4.9847135387484466e-05
-4.9446027409358651e-05
-4.8958483902388315e-05
-4.8545330884414530e-05
-4.8083648279522742e-05
-4.7639247654581185e-05
-4.7212228085585393e-05
-4.6736481521777436e-05
-4.6333943031899049e-05
-4.5842444454247148e-05
-4.5428753638923416e-05
-4.4971709987245936e-05
-4.4529447417942119e-05
-4.4095748289896040e-05
-4.3630479124091849e-05
-4.3218924412189257e-05
-4.2731075241048880e-05
-4.2311547944504659e-05
-4.1854602123799350e-05
-4.1403325708064106e-05
-4.0977911853222674e-05
-4.0491363125761627e-05
-4.0065813382051379e-05
-3.9609552138267195e-05
-3.9151226005568107e-05
-3.8720504103897855e-05
-3.8229214480660354e-05
0.0000000000000000e+00
];
