%Vec Object:dSdr_b_aug_4130 1 MPI processes
%  type: seq
dSdr_b_aug_4130 = [
2.3481127852682066e+03
0.0000000000000000e+00
-1.0280904476786254e-06
-4.2383671295632900e-07
-2.6246506505479656e-07
-1.8599847676128563e-07
-1.3953082586862372e-07
-1.1080934381392366e-07
-9.1341869630434631e-08
-7.6673445521479289e-08
-6.5781505623350370e-08
-5.7432477668621853e-08
-5.0631803728171401e-08
-4.5122246537754124e-08
-4.0605353822854255e-08
-3.6796268216556619e-08
-3.3541182628730694e-08
-3.0763884169836352e-08
-2.8362529111307143e-08
-2.6319278303576530e-08
-3.2134469531117135e-06
-6.3997110326635990e-04
-6.8970228644862029e-04
-6.5144167755418485e-04
-6.0793725805012729e-04
-5.6595337290109640e-04
-5.2572005247715134e-04
-4.8509661765209496e-04
-4.4342940677706295e-04
-3.9891885584790530e-04
-3.5975371020573996e-04
-3.2212253420943021e-04
-2.8660587002967466e-04
-2.4915435068766724e-04
-2.1869476195416707e-04
-1.9218631255628159e-04
-1.6900014022109010e-04
-1.4710247957473382e-04
-1.3051670501715905e-04
-1.1793640750815483e-04
-1.0800158162422008e-04
-9.9990529107944846e-05
-9.4995534937357358e-05
-9.1945757816307050e-05
-9.0275234110187073e-05
-8.9874239607607817e-05
-9.0357447047328208e-05
-9.1362826816560961e-05
-9.2818683616887942e-05
-9.4783945301991744e-05
-9.6512890998824092e-05
-9.8326094319907685e-05
-1.0017076694369246e-04
-1.0194426560165188e-04
-1.0342856793316884e-04
-1.0475458908193141e-04
-1.0602415531880717e-04
-1.0704530867125756e-04
-1.0788002824687522e-04
-1.0854857873768725e-04
-1.0914631067611973e-04
-1.0953294598631662e-04
-1.0975671670029115e-04
-1.0992836502976792e-04
-1.0999891527609137e-04
-1.0993445813261882e-04
-1.0980709554869629e-04
-1.0961985290011465e-04
-1.0934394372868877e-04
-1.0901039118876128e-04
-1.0865647292925909e-04
-1.0825179094102579e-04
-1.0781319158556712e-04
-1.0731012085578035e-04
-1.0681723775695494e-04
-1.0629712928111958e-04
-1.0572944382736580e-04
-1.0518483056405159e-04
-1.0462974858143263e-04
-1.0399972396991520e-04
-1.0341656570190629e-04
-1.0283028965681305e-04
-1.0218636474474583e-04
-1.0159169700182005e-04
-1.0100083650641871e-04
-1.0031411780711281e-04
-9.9720241058148703e-05
-9.9107283471288989e-05
-9.8441411798625813e-05
-9.7849098101888759e-05
-9.7220734531553089e-05
-9.6559028087684856e-05
-9.5963614746584762e-05
-9.5314738647792470e-05
-9.4690115464647341e-05
-9.4105228336384015e-05
-9.3429309296300353e-05
-9.2834120149627605e-05
-9.2237720469098882e-05
-9.1551061653691882e-05
-9.0998378689301581e-05
-9.0372487968406264e-05
-8.9735447675769238e-05
-8.9182522668793473e-05
-8.8504355911034943e-05
-8.7933916801734695e-05
-8.7356768487193689e-05
-8.6702892209326505e-05
-8.6160040820704186e-05
-8.5529567466755877e-05
-8.4931937216164679e-05
-8.4383485059825132e-05
-8.3737540538319577e-05
-8.3199584363722885e-05
-8.2590255364635640e-05
-8.2014832378469080e-05
-8.1444945360765203e-05
-8.0840697734724983e-05
-8.0308160209804249e-05
-7.9681737370510569e-05
-7.9157601123488905e-05
-7.8570410335257934e-05
-7.7990598156586644e-05
-7.7475533629182630e-05
-7.6839266121472543e-05
-7.6348665921067971e-05
-7.5739916964486602e-05
-7.5213657754192773e-05
-7.4654600819153822e-05
-7.4094041066336108e-05
-7.3557180159023591e-05
-7.2989605054501390e-05
-7.2481740364828512e-05
-7.1882579111677409e-05
-7.1402140334595105e-05
-7.0804123093695103e-05
-7.0303651038831766e-05
-6.9745500693429579e-05
-6.9214941480176268e-05
-6.8685866073576866e-05
-6.8148465066116597e-05
-6.7627685919176907e-05
-6.7086585263161503e-05
-6.6577048695079920e-05
-6.6016574542493442e-05
-6.5540809235790519e-05
-6.4958289790755259e-05
-6.4497687482844500e-05
-6.3921724758791515e-05
-6.3455373853734694e-05
-6.2886544409043068e-05
-6.2421117774217114e-05
-6.1845269711762583e-05
-6.1397157240745444e-05
-6.0814751725628147e-05
-6.0368577073325603e-05
-5.9798427388747588e-05
-5.9342910592311341e-05
-5.8781400892765726e-05
-5.8320826023547303e-05
-5.7760183853625916e-05
-5.7308428714281863e-05
-5.6746826447746178e-05
-5.6286674970356438e-05
-5.5750940024973944e-05
-5.5264979506299717e-05
-5.4756772515051937e-05
-5.4251440805869765e-05
-5.3751834559537167e-05
-5.3242463167105129e-05
-5.2751731837714653e-05
-5.2230763475251390e-05
-5.1762760012660828e-05
-5.1214866682317664e-05
-5.0762935000999598e-05
-5.0214889966384425e-05
-4.9749100650541024e-05
-4.9228702996432873e-05
-4.8728477496131378e-05
-4.8245014935858529e-05
-4.7710083801541290e-05
-4.7253814165375861e-05
-4.6699237921097559e-05
-4.6231941633179353e-05
-4.5713373041221585e-05
-4.5214034863569501e-05
-4.4722039424881907e-05
-4.4195194933404297e-05
-4.3728085687618729e-05
-4.3174863980128065e-05
-4.2698549474964034e-05
-4.2179974395251575e-05
-4.1667074261418249e-05
-4.1183628191609993e-05
-4.0630025785109070e-05
-4.0146020056696929e-05
-3.9626499570453293e-05
-3.9103759859849854e-05
-3.8613961995375515e-05
-3.8052851699130494e-05
0.0000000000000000e+00
];
