%Vec Object:dSdr_b_aug_8130 1 MPI processes
%  type: seq
dSdr_b_aug_8130 = [
2.2927769859144078e+03
0.0000000000000000e+00
-7.1306104798656780e-07
-2.9487844866443354e-07
-1.8355373905618900e-07
-1.3044321771040740e-07
-9.7783531684217310e-08
-7.7587226056840389e-08
-6.3898303924692258e-08
-5.3611768210834934e-08
-4.5972668697434333e-08
-4.0115990362384448e-08
-3.5349230750837151e-08
-3.1487841216507950e-08
-2.8321931808165079e-08
-2.5652565746292151e-08
-2.3371907772417434e-08
-2.2730028834755884e-08
-1.1794171412418196e-04
-7.8301453889248007e-04
-7.4293427530420489e-04
-7.0407220067141886e-04
-6.6599426344492358e-04
-6.2805727283230114e-04
-5.8594311568654651e-04
-5.4527895108413881e-04
-5.0628339456926773e-04
-4.6689367938846662e-04
-4.2646941074204732e-04
-3.8325184662098781e-04
-3.4521812009573967e-04
-3.0865599867366207e-04
-2.7413484367099064e-04
-2.3772199440674362e-04
-2.0810190085194990e-04
-1.8231917361449037e-04
-1.5976585290162495e-04
-1.3846691660603493e-04
-1.2233503272816854e-04
-1.1010095367256296e-04
-1.0044685584637046e-04
-9.2668760471386819e-05
-8.7828078762872052e-05
-8.4884513537567284e-05
-8.3286476101552905e-05
-8.2929392297434587e-05
-8.3434291397583527e-05
-8.4449142990388509e-05
-8.5904201693977230e-05
-8.7863810310576785e-05
-8.9588688122313278e-05
-9.1395539544958531e-05
-9.3236874228486030e-05
-9.5011399818842261e-05
-9.6500005001484132e-05
-9.7835570372933984e-05
-9.9121412053135348e-05
-1.0016125307744679e-04
-1.0101775364740395e-04
-1.0171388925673356e-04
-1.0234396474955720e-04
-1.0276350579411511e-04
-1.0302387498345573e-04
-1.0323948743270149e-04
-1.0335030792709839e-04
-1.0332860870485869e-04
-1.0324866427184957e-04
-1.0311031915406032e-04
-1.0288183776533464e-04
-1.0259840408659734e-04
-1.0229789393443410e-04
-1.0194255237782258e-04
-1.0155351095388944e-04
-1.0110917959019471e-04
-1.0066693112889087e-04
-1.0019715130294882e-04
-9.9689124513061022e-05
-9.9194886976564976e-05
-9.8689990730006148e-05
-9.8121091945078888e-05
-9.7588455171469839e-05
-9.7053255996208207e-05
-9.6468729155217933e-05
-9.5924304274450903e-05
-9.5384049415452450e-05
-9.4757277105008455e-05
-9.4213441157433705e-05
-9.3651735717242704e-05
-9.3043329586298015e-05
-9.2500226579736959e-05
-9.1923921730496108e-05
-9.1318321172199969e-05
-9.0771695364771530e-05
-9.0176334543370123e-05
-8.9604358618204731e-05
-8.9067421763998570e-05
-8.8446757285498876e-05
-8.7902110878372577e-05
-8.7353787195691704e-05
-8.6723418618373909e-05
-8.6218125695209524e-05
-8.5642094314475993e-05
-8.5058052117726392e-05
-8.4551873534614323e-05
-8.3927743024403721e-05
-8.3405688044986334e-05
-8.2876359214520688e-05
-8.2275529266480056e-05
-8.1778552866067572e-05
-8.1200188424162742e-05
-8.0651608956360066e-05
-8.0149264868619409e-05
-7.9557080407245882e-05
-7.9063530161270785e-05
-7.8505670074951222e-05
-7.7977898300699385e-05
-7.7455287339938962e-05
-7.6902171964466379e-05
-7.6414127703001389e-05
-7.5839805886743613e-05
-7.5361094439928194e-05
-7.4822261182223767e-05
-7.4291456030441556e-05
-7.3821679221463751e-05
-7.3237178381625515e-05
-7.2790020308158122e-05
-7.2232850139996739e-05
-7.1750655426332480e-05
-7.1241358076187846e-05
-7.0727755590793630e-05
-7.0237331882206435e-05
-6.9719370907332491e-05
-6.9255161253565663e-05
-6.8708171493368531e-05
-6.8270199258367424e-05
-6.7723916907515166e-05
-6.7267658906794176e-05
-6.6758579049598039e-05
-6.6274421528113992e-05
-6.5792536180167658e-05
-6.5302939040928803e-05
-6.4827918904899906e-05
-6.4336250436279247e-05
-6.3871590631767641e-05
-6.3361395558769488e-05
-6.2929947460344088e-05
-6.2398215936216941e-05
-6.1981506539786178e-05
-6.1456874921170143e-05
-6.1033297415599862e-05
-6.0517601937528600e-05
-6.0094572866972546e-05
-5.9572109583140886e-05
-5.9166220744933585e-05
-5.8637541217534460e-05
-5.8233898212501545e-05
-5.7716944262827646e-05
-5.7304462248558243e-05
-5.6796129654743806e-05
-5.6379609670270781e-05
-5.5871644742061742e-05
-5.5464917947744444e-05
-5.4955334913438587e-05
-5.4541017481168143e-05
-5.4057132605946210e-05
-5.3617889248982018e-05
-5.3160790831439295e-05
-5.2703866119162915e-05
-5.2254343250801404e-05
-5.1795236011556857e-05
-5.1353320148976388e-05
-5.0884602846070504e-05
-5.0463802870165669e-05
-4.9970819591501625e-05
-4.9565115691195960e-05
-4.9072101105568227e-05
-4.8654188264971170e-05
-4.8187196145819718e-05
-4.7737747372634707e-05
-4.7305623769663433e-05
-4.6824525264737749e-05
-4.6417127999201224e-05
-4.5919925462630967e-05
-4.5501387277371979e-05
-4.5038780129784535e-05
-4.4591356451773785e-05
-4.4152385873215305e-05
-4.3681548797744578e-05
-4.3264970713618568e-05
-4.2771210444521673e-05
-4.2346548571759616e-05
-4.1884030538629928e-05
-4.1427182756432378e-05
-4.0996522863168105e-05
-4.0503913237715039e-05
-4.0073081829572226e-05
-3.9611108256458679e-05
-3.9146974706801471e-05
-3.8710959926190850e-05
-3.8213619913927403e-05
0.0000000000000000e+00
];
