%Vec Object:dSdr_b_aug_5300 1 MPI processes
%  type: seq
dSdr_b_aug_5300 = [
2.3263675392017508e+03
0.0000000000000000e+00
-8.8862576162926354e-07
-3.6686408781412301e-07
-2.2770478767355762e-07
-1.6157801422697149e-07
-1.2119503127070554e-07
-9.6229491131526762e-08
-7.9307702491595836e-08
-6.6570581503747563e-08
-5.7112161975516242e-08
-4.9861418163789768e-08
-4.3956919125723921e-08
-3.9173498978818306e-08
-3.5251771004332871e-08
-3.1944706533530209e-08
-2.9118759261894256e-08
-2.6707552051790913e-08
-2.4646178905619564e-08
-2.0293509046602251e-06
-6.6702554389969418e-04
-7.2006354201996782e-04
-6.8185180259849193e-04
-6.4310142877056721e-04
-6.0008275288520008e-04
-5.5856992241974234e-04
-5.1877863660359179e-04
-4.7859579986844628e-04
-4.3737248105940856e-04
-3.9332369463233961e-04
-3.5456261280915124e-04
-3.1731322837362036e-04
-2.8215209047774756e-04
-2.4507151146636663e-04
-2.1491173171658210e-04
-1.8866245953429948e-04
-1.6570229755071670e-04
-1.4401845934283695e-04
-1.2759478269671549e-04
-1.1513813012334985e-04
-1.0530356059897961e-04
-9.7375704021448542e-05
-9.2435819426348327e-05
-8.9423973735565067e-05
-8.7779337035399983e-05
-8.7394024353072968e-05
-8.7884978533262910e-05
-8.8893740975777647e-05
-9.0349312755455227e-05
-9.2312555566773582e-05
-9.4040048505464837e-05
-9.5850983378860464e-05
-9.7694464013836486e-05
-9.9468329542879832e-05
-1.0095416866479439e-04
-1.0228359844858764e-04
-1.0355897723524474e-04
-1.0458680460976169e-04
-1.0542930292035586e-04
-1.0610770496836928e-04
-1.0671698780282046e-04
-1.0711537475455557e-04
-1.0735221589798152e-04
-1.0753956514942662e-04
-1.0762449712453423e-04
-1.0757531013194648e-04
-1.0746488200663957e-04
-1.0729510214750185e-04
-1.0703613087337806e-04
-1.0672047729571624e-04
-1.0638563268667987e-04
-1.0599857165925572e-04
-1.0557767094012110e-04
-1.0509557781269741e-04
-1.0462077787370872e-04
-1.0411864327984720e-04
-1.0357226373682047e-04
-1.0304564116760107e-04
-1.0250848202748322e-04
-1.0190028729398196e-04
-1.0133517177732307e-04
-1.0076713682487347e-04
-1.0014442475670754e-04
-9.9567700256882351e-05
-9.8994912561878014e-05
-9.8329602526749983e-05
-9.7753596858474751e-05
-9.7158942959962874e-05
-9.6513593965827818e-05
-9.5938854891643277e-05
-9.5329083061210303e-05
-9.4687413721600906e-05
-9.4109423880744093e-05
-9.3479659701725069e-05
-9.2873838442339717e-05
-9.2306075803556622e-05
-9.1649889833763547e-05
-9.1072751023685853e-05
-9.0493520732062277e-05
-8.9826964857803155e-05
-8.9291206306478163e-05
-8.8683121856984496e-05
-8.8065008777386591e-05
-8.7528778323103931e-05
-8.6869909533370126e-05
-8.6316749850778006e-05
-8.5756679310825090e-05
-8.5121747471343854e-05
-8.4595279419140548e-05
-8.3983415723394754e-05
-8.3403302980907616e-05
-8.2871317400784136e-05
-8.2244572211849308e-05
-8.1722474727865391e-05
-8.1131526823432067e-05
-8.0573121516058760e-05
-8.0020118197845320e-05
-7.9434131433947492e-05
-7.8917483789065005e-05
-7.8309667789528290e-05
-7.7801754102072192e-05
-7.7231833239489565e-05
-7.6669522941020572e-05
-7.6170632016846055e-05
-7.5552851939849136e-05
-7.5077766226004343e-05
-7.4487437602464349e-05
-7.3976915145344255e-05
-7.3435628850701049e-05
-7.2891838946201508e-05
-7.2371562154791916e-05
-7.1821705743580020e-05
-7.1329431575321888e-05
-7.0748902326433591e-05
-7.0283629623427442e-05
-6.9704088462215047e-05
-6.9219406570045618e-05
-6.8678780765688479e-05
-6.8164792985708002e-05
-6.7652570561688901e-05
-6.7132241746162307e-05
-6.6627804510811849e-05
-6.6104357567812750e-05
-6.5610847833476294e-05
-6.5068329843712274e-05
-6.4608391535845428e-05
-6.4044009975157797e-05
-6.3599083135943996e-05
-6.3041452282675052e-05
-6.2590377033663536e-05
-6.2040523314459104e-05
-6.1590238112285218e-05
-6.1033455346396625e-05
-6.0600422190348500e-05
-6.0037203826034807e-05
-5.9606218488050973e-05
-5.9055066583081696e-05
-5.8614918783383723e-05
-5.8072400208058664e-05
-5.7627558642379625e-05
-5.7085729077361769e-05
-5.6650054890531215e-05
-5.6107030230489332e-05
-5.5663247441661411e-05
-5.5146029685906352e-05
-5.4676753238643601e-05
-5.4186798621500642e-05
-5.3698754469113391e-05
-5.3217034462491965e-05
-5.2725613866338730e-05
-5.2252315959685323e-05
-5.1750007968699157e-05
-5.1298862232517029e-05
-5.0770578868113379e-05
-5.0335156446650466e-05
-4.9806764360583864e-05
-4.9358073085656265e-05
-4.8856748054679494e-05
-4.8374656338807774e-05
-4.7909528337639282e-05
-4.7393822309078813e-05
-4.6955006301088524e-05
-4.6420919740311139e-05
-4.5971036213945672e-05
-4.5472452872740178e-05
-4.4991654610359371e-05
-4.4518595566177778e-05
-4.4011752544555754e-05
-4.3562688924418747e-05
-4.3030701956887873e-05
-4.2572833222849534e-05
-4.2074276550881890e-05
-4.1581392680404734e-05
-4.1116795683852814e-05
-4.0584971901950111e-05
-4.0119950261237821e-05
-3.9620970546727692e-05
-3.9119137628606194e-05
-3.8648482315372137e-05
-3.8109802343696288e-05
0.0000000000000000e+00
];
