%Vec Object:dSdr_b_aug_9310 1 MPI processes
%  type: seq
dSdr_b_aug_9310 = [
2.2771544467206418e+03
0.0000000000000000e+00
-6.4628630648055445e-07
-2.6780286602071384e-07
-1.6712782448008571e-07
-1.1901221482755242e-07
-8.9321492589052514e-08
-7.0957390714667138e-08
-5.8509319630445171e-08
-4.9157166129035571e-08
-4.2210992607343161e-08
-3.6885055908076656e-08
-3.2549243680921915e-08
-2.9036412643637541e-08
-2.6156009594402928e-08
-2.3726836122641270e-08
-2.1658732284715887e-08
-3.3250285353853650e-06
-7.8784254835914691e-04
-7.7932490657819529e-04
-7.3749631154997736e-04
-6.9889280748513746e-04
-6.6107590209877525e-04
-6.2339393080680877e-04
-5.8156020451025298e-04
-5.4115910501555239e-04
-5.0241020337618374e-04
-4.6326633469634241e-04
-4.2308975025888765e-04
-3.8012984285428820e-04
-3.4232157704591033e-04
-3.0597248880452599e-04
-2.7164971140897020e-04
-2.3544384053551936e-04
-2.0599103528933164e-04
-1.8035292488320520e-04
-1.5792571446455295e-04
-1.3674608770487148e-04
-1.2070465171918361e-04
-1.0853956443524300e-04
-9.8941407943291493e-05
-9.1209734470656061e-05
-8.6399802932394954e-05
-8.3477402752531006e-05
-8.1893809769556893e-05
-8.1545476092704451e-05
-8.2054697677777324e-05
-8.3071436680102104e-05
-8.4526336283523174e-05
-8.6484818339989720e-05
-8.8208885480744588e-05
-9.0014471094274304e-05
-9.1855140570434328e-05
-9.3629870756826636e-05
-9.5119333338349323e-05
-9.6456800573687027e-05
-9.7745885467131563e-05
-9.8789450397312754e-05
-9.9650291289691989e-05
-1.0035192382561434e-04
-1.0098844448381254e-04
-1.0141454272942118e-04
-1.0168220498161056e-04
-1.0190657826395854e-04
-1.0202542350570698e-04
-1.0201224475554095e-04
-1.0194174945045157e-04
-1.0181314826131079e-04
-1.0159411792006086e-04
-1.0132067154789227e-04
-1.0103080415792523e-04
-1.0068529478846658e-04
-1.0030612889395024e-04
-9.9873502666224885e-05
-9.9441344292521493e-05
-9.8981593578803873e-05
-9.8485455117041835e-05
-9.8001256074229068e-05
-9.7506360461706475e-05
-9.6949642370444268e-05
-9.6427073137969168e-05
-9.5902052175650537e-05
-9.5329361734266545e-05
-9.4794948871964604e-05
-9.4264778321909761e-05
-9.3649951675896194e-05
-9.3116087481867122e-05
-9.2564595182912480e-05
-9.1967640351747548e-05
-9.1434343680421191e-05
-9.0868412700412606e-05
-9.0273992500680160e-05
-8.9737088705010796e-05
-8.9152392004933440e-05
-8.8590907228470466e-05
-8.8063525543798408e-05
-8.7453871778458170e-05
-8.6919297147378181e-05
-8.6380553687412823e-05
-8.5761402204685661e-05
-8.5265552812137231e-05
-8.4699457026494134e-05
-8.4125975893822551e-05
-8.3629112588324767e-05
-8.3015750017130613e-05
-8.2503336665294959e-05
-8.1983536943979152e-05
-8.1393277671622130e-05
-8.0905442895750387e-05
-8.0337462328205478e-05
-7.9798657333700462e-05
-7.9305501317199437e-05
-7.8724029758564293e-05
-7.8239328394258422e-05
-7.7691724647893678e-05
-7.7173448451248563e-05
-7.6660258309852716e-05
-7.6117332186985699e-05
-7.5638154210994963e-05
-7.5074214697392968e-05
-7.4604555165611188e-05
-7.4075358235499572e-05
-7.3554318838035056e-05
-7.3093566627925705e-05
-7.2519381463134411e-05
-7.2080880212657279e-05
-7.1533988280551221e-05
-7.1060574411379804e-05
-7.0561192780119848e-05
-7.0056947589092379e-05
-6.9575777539365735e-05
-6.9067703298356098e-05
-6.8612192895097058e-05
-6.8075599481287475e-05
-6.7646089662900174e-05
-6.7110116655613676e-05
-6.6662669302862719e-05
-6.6163367847334647e-05
-6.5688456910056948e-05
-6.5215975246529561e-05
-6.4735904106715542e-05
-6.4270002486765615e-05
-6.3788184497240368e-05
-6.3332467401533069e-05
-6.2832291570379884e-05
-6.2409674676965803e-05
-6.1888063793254209e-05
-6.1480101051596792e-05
-6.0965698315558275e-05
-6.0550644377276128e-05
-6.0045537042765732e-05
-5.9630956646489594e-05
-5.9119131487043029e-05
-5.8721656663931600e-05
-5.8203683255087780e-05
-5.7808515644489922e-05
-5.7302162149470616e-05
-5.6898255791489779e-05
-5.6400519940915377e-05
-5.5992778892187830e-05
-5.5495311099219075e-05
-5.5097557225691815e-05
-5.4598340204773215e-05
-5.4193156248646509e-05
-5.3719603678854340e-05
-5.3289669780642086e-05
-5.2842755910597910e-05
-5.2395477396991170e-05
-5.1955934785104032e-05
-5.1506843827429329e-05
-5.1074655564427551e-05
-5.0616350482262513e-05
-5.0204956886320135e-05
-4.9722915696630557e-05
-4.9326423749843085e-05
-4.8844375250869083e-05
-4.8436002909549963e-05
-4.7979653083367872e-05
-4.7540322758823996e-05
-4.7118429646675366e-05
-4.6648058559769736e-05
-4.6250400276269107e-05
-4.5764630814725187e-05
-4.5355808862019764e-05
-4.4904353389612924e-05
-4.4467274959676223e-05
-4.4038870916042321e-05
-4.3579194746988424e-05
-4.3172686340291850e-05
-4.2690775361717708e-05
-4.2276406771347752e-05
-4.1825059806392721e-05
-4.1379382316233649e-05
-4.0959242106770211e-05
-4.0478787943581693e-05
-4.0058554769628099e-05
-3.9608052388111323e-05
-3.9155605129709572e-05
-3.8730329104169938e-05
-3.8245807706844107e-05
0.0000000000000000e+00
];
