%Vec Object:dSdr_b_aug_5730 1 MPI processes
%  type: seq
dSdr_b_aug_5730 = [
2.3214954471796905e+03
0.0000000000000000e+00
-8.6074956586010371e-07
-3.5572529884035257e-07
-2.2107128375347215e-07
-1.5704091250289144e-07
-1.1788299632852501e-07
-9.3672653555432743e-08
-7.7261959261097473e-08
-6.4908748778728675e-08
-5.5734723156872960e-08
-4.8701690778553360e-08
-4.2973314445021004e-08
-3.8332108968839127e-08
-3.4526778386139038e-08
-3.1317396621830857e-08
-2.8574440879211331e-08
-2.6233912507076711e-08
-2.4435136013820855e-08
-1.7005835237785233e-05
-7.4032115492054336e-04
-7.1755735210490119e-04
-6.7894198671171599e-04
-6.4033555604246404e-04
-5.9748307827430847e-04
-5.5612627873979404e-04
-5.1648129359111502e-04
-4.7644427815446297e-04
-4.3536787066888799e-04
-3.9147191065793530e-04
-3.5284455852703338e-04
-3.1572153252055444e-04
-2.8067806025280565e-04
-2.4372024834049569e-04
-2.1365969392693647e-04
-1.8749619951706207e-04
-1.6461083834090425e-04
-1.4299776721167384e-04
-1.2662773879380880e-04
-1.1421200797539318e-04
-1.0441061947592504e-04
-9.6510297571836010e-05
-9.1588652127099260e-05
-8.8589360270742779e-05
-8.6953291156633910e-05
-8.6573168530140770e-05
-8.7066686556342725e-05
-8.8076568505389942e-05
-8.9532045925200989e-05
-9.1494620612439954e-05
-9.3221632846456100e-05
-9.5031817044937111e-05
-9.6874903153584358e-05
-9.8648890029911013e-05
-1.0013523770352252e-04
-1.0146579555251725e-04
-1.0274309801232043e-04
-1.0377313417861315e-04
-1.0461820690227014e-04
-1.0529986939150557e-04
-1.0591297510532946e-04
-1.0631525138934498e-04
-1.0655641833433581e-04
-1.0674896398047730e-04
-1.0683865574834704e-04
-1.0679452258296568e-04
-1.0668969910763483e-04
-1.0652569875621767e-04
-1.0627233327105825e-04
-1.0596260355854833e-04
-1.0563407159189059e-04
-1.0525284242242986e-04
-1.0483779926919733e-04
-1.0436264892045666e-04
-1.0389383381049500e-04
-1.0339764787911777e-04
-1.0285831977303783e-04
-1.0233765143090177e-04
-1.0180642406178178e-04
-1.0120545417899360e-04
-1.0064631011894132e-04
-1.0008431226665714e-04
-9.9468620834977628e-05
-9.8897834858797313e-05
-9.8331028566087420e-05
-9.7672803976913550e-05
-9.7102712949666961e-05
-9.6514116868928968e-05
-9.5875560093685582e-05
-9.5306637544554921e-05
-9.4703018866287985e-05
-9.4067981039339127e-05
-9.3495757708121369e-05
-9.2872318841230139e-05
-9.2272720297196197e-05
-9.1710625207169864e-05
-9.1060970126856654e-05
-9.0489805285709704e-05
-8.9916257403071484e-05
-8.9256354831638654e-05
-8.8726197611760252e-05
-8.8124006357921011e-05
-8.7512157465564214e-05
-8.6981452273263843e-05
-8.6328970376690803e-05
-8.5781529527197682e-05
-8.5227111081285408e-05
-8.4598449130391846e-05
-8.4077403339866309e-05
-8.3471698733409309e-05
-8.2897383620329665e-05
-8.2370847851358727e-05
-8.1750456911711613e-05
-8.1233608052180682e-05
-8.0648743591727923e-05
-8.0095970489865389e-05
-7.9548555035247829e-05
-7.8968611923320277e-05
-7.8457223225985627e-05
-7.7855565384091953e-05
-7.7353020748659290e-05
-7.6788815576480751e-05
-7.6232297736651642e-05
-7.5738759662273515e-05
-7.5127098223897712e-05
-7.4657147217731197e-05
-7.4072915026377305e-05
-7.3567600839137513e-05
-7.3032195953563246e-05
-7.2493956234427861e-05
-7.1979168158242698e-05
-7.1435175964309621e-05
-7.0948061669915850e-05
-7.0373698909920591e-05
-6.9913445605423457e-05
-6.9340019328612058e-05
-6.8860563385077686e-05
-6.8325737542766939e-05
-6.7817234282887190e-05
-6.7310589561392698e-05
-6.6795910998735080e-05
-6.6296882321754277e-05
-6.5779278093751404e-05
-6.5291072639949390e-05
-6.4754497465556782e-05
-6.4299797301458418e-05
-6.3741418700230057e-05
-6.3301679855247791e-05
-6.2750116164813466e-05
-6.2304096588722648e-05
-6.1760523125105996e-05
-6.1315249174603278e-05
-6.0764776310670217e-05
-6.0336733849475626e-05
-5.9779865718263073e-05
-5.9353907482842892e-05
-5.8809043138658707e-05
-5.8373981912111453e-05
-5.7837748697621304e-05
-5.7398114279717215e-05
-5.6862510995782484e-05
-5.6432159018771307e-05
-5.5895282868323348e-05
-5.5456917523321750e-05
-5.4945828286142700e-05
-5.4482073667853987e-05
-5.3998159931173651e-05
-5.3515837345035349e-05
-5.3040037049627242e-05
-5.2554557534876982e-05
-5.2087029483485997e-05
-5.1590897426716238e-05
-5.1145331023872829e-05
-5.0623537886984146e-05
-5.0193579484925877e-05
-4.9671691869834874e-05
-4.9228659498992591e-05
-4.8733646897015761e-05
-4.8257556905290650e-05
-4.7798497094612501e-05
-4.7289154016002365e-05
-4.6856114690706693e-05
-4.6328809664787867e-05
-4.5884689366300565e-05
-4.5392720698337924e-05
-4.4918058819046536e-05
-4.4451267455549209e-05
-4.3951044718091758e-05
-4.3507954206355039e-05
-4.2982996014392879e-05
-4.2531233272205294e-05
-4.2039303460875354e-05
-4.1553046321541397e-05
-4.1094690682328404e-05
-4.0570079416220934e-05
-4.0111348320699442e-05
-3.9619180502810223e-05
-3.9124296061183138e-05
-3.8660058075831598e-05
-3.8129237049588374e-05
0.0000000000000000e+00
];
