%Vec Object:dSdr_b_aug_9220 1 MPI processes
%  type: seq
dSdr_b_aug_9220 = [
2.2776799268506579e+03
0.0000000000000000e+00
-6.4837432089290299e-07
-2.6864032837015380e-07
-1.6763001585187488e-07
-1.1935707582689906e-07
-8.9573028147822615e-08
-7.1151378499831278e-08
-5.8664369098434953e-08
-4.9283044252104163e-08
-4.2315262075176903e-08
-3.6972783829578394e-08
-3.2623599893390984e-08
-2.9099974076049805e-08
-2.6210737087584806e-08
-2.3774152242757360e-08
-2.1697951587688166e-08
-2.5957647885294510e-06
-7.8088733956952535e-04
-7.7969792942053141e-04
-7.3787927887288300e-04
-6.9925682153428601e-04
-6.6142156311865808e-04
-6.2372166903542053e-04
-5.8186823414227244e-04
-5.4144864651208002e-04
-5.0268241004333301e-04
-4.6352126334603649e-04
-4.2332727173709196e-04
-3.8034925629566339e-04
-3.4252514517567605e-04
-3.0616108502597915e-04
-2.7182436571127592e-04
-2.3560394845739959e-04
-2.0613938623811523e-04
-1.8049111216269812e-04
-1.5805503877358112e-04
-1.3686702698991742e-04
-1.2081923435270645e-04
-1.0864929834741398e-04
-9.9047210315261384e-05
-9.1312274325514218e-05
-8.6500181675450903e-05
-8.3576294023937170e-05
-8.1991685890779213e-05
-8.1642737259577487e-05
-8.2151655063802335e-05
-8.3168261421615272e-05
-8.4623172208596103e-05
-8.6581733441373529e-05
-8.8305857557704199e-05
-9.0111532133649284e-05
-9.1952248361973406e-05
-9.3726964170949816e-05
-9.5216366496067968e-05
-9.6553700070276891e-05
-9.7842557032866315e-05
-9.8885860249118128e-05
-9.9746396105941372e-05
-1.0044764232043257e-04
-1.0108371001522090e-04
-1.0150934742354251e-04
-1.0177649712221573e-04
-1.0200025469652819e-04
-1.0211853596213584e-04
-1.0210475839637344e-04
-1.0203359900999797e-04
-1.0190431302107764e-04
-1.0168461846355337e-04
-1.0141047018700923e-04
-1.0111985482737294e-04
-1.0077365445522431e-04
-1.0039379451193896e-04
-9.9960345651165118e-05
-9.9527478149569361e-05
-9.9067022593236586e-05
-9.8570048623744150e-05
-9.8085144078967134e-05
-9.7589545625239113e-05
-9.7031971478843699e-05
-9.6508694702897725e-05
-9.5982958419152205e-05
-9.5409436119473374e-05
-9.4874319615833352e-05
-9.4343440343845210e-05
-9.3727774160403500e-05
-9.3193209154815348e-05
-9.2640999079627860e-05
-9.2043239454796906e-05
-9.1509253597425727e-05
-9.0942593545231435e-05
-9.0347387593516873e-05
-8.9809800538002797e-05
-8.9224354366906002e-05
-8.8662132275870229e-05
-8.8134079056981576e-05
-8.7523651462247099e-05
-8.6988368989954993e-05
-8.6448952235012870e-05
-8.5829012418418569e-05
-8.5332499337575115e-05
-8.4765705281298958e-05
-8.4191481920045449e-05
-8.3693963939451683e-05
-8.3079844600543104e-05
-8.2566753637830902e-05
-8.2046284213388440e-05
-8.1455282036905751e-05
-8.0966804790192235e-05
-8.0398094446864756e-05
-7.9858602505091574e-05
-7.9364800753475051e-05
-7.8782576295012639e-05
-7.8297253033719763e-05
-7.7748928474598192e-05
-7.7229984931361434e-05
-7.6716132697341141e-05
-7.6172490476574057e-05
-7.5692689380430717e-05
-7.5128020201423762e-05
-7.4657724503471269e-05
-7.4127850334835724e-05
-7.3606124602762095e-05
-7.3144738146240911e-05
-7.2569827998550219e-05
-7.2130718348797210e-05
-7.1583104064976548e-05
-7.1109073080315291e-05
-7.0608994574913175e-05
-7.0104091755644293e-05
-6.9622271361125172e-05
-6.9113502282980725e-05
-6.8657380498550626e-05
-6.8120056432160382e-05
-6.7689951877187540e-05
-6.7153254331808854e-05
-6.6705187768836062e-05
-6.6205199089607627e-05
-6.5729638304588202e-05
-6.5256495752354017e-05
-6.4775755127512714e-05
-6.4309212660336264e-05
-6.3826702381400812e-05
-6.3370356794090270e-05
-6.2869476812865894e-05
-6.2446239264229582e-05
-6.1923917104108133e-05
-6.1515339649319923e-05
-6.1000218029558382e-05
-6.0584565056570173e-05
-6.0078713589477462e-05
-5.9663539421853174e-05
-5.9150966617085569e-05
-5.8752900458343017e-05
-5.8234174625423244e-05
-5.7838411365318990e-05
-5.7331312872103710e-05
-5.6926803818072694e-05
-5.6428323229953866e-05
-5.6019965198561565e-05
-5.5521759668247483e-05
-5.5123375178610849e-05
-5.4623429635283549e-05
-5.4217603778975221e-05
-5.3743325055439830e-05
-5.3312736888672572e-05
-5.2865107248890117e-05
-5.2417150800306517e-05
-5.1976906775704374e-05
-5.1527111873193424e-05
-5.1094239953512222e-05
-5.0635203099322806e-05
-5.0223148421146972e-05
-4.9740338219522194e-05
-4.9343198853723410e-05
-4.8860379655083558e-05
-4.8451336803271966e-05
-4.7994239031955865e-05
-4.7554197576916205e-05
-4.7131585458796067e-05
-4.6660460440524816e-05
-4.6262117691024053e-05
-4.5775544700890364e-05
-4.5366039876304087e-05
-4.4913800646234521e-05
-4.4475995130029138e-05
-4.4046848442936308e-05
-4.3586387851228591e-05
-4.3179171704155954e-05
-4.2696427901739628e-05
-4.2281335826027581e-05
-4.1829203659449143e-05
-4.1382740983487816e-05
-4.0961861251232681e-05
-4.0480552497266821e-05
-4.0059573979431954e-05
-3.9608264492555039e-05
-3.9154993981179142e-05
-3.8728957774517864e-05
-3.8243506436251191e-05
0.0000000000000000e+00
];
