%Vec Object:dSdr_b_aug_3360 1 MPI processes
%  type: seq
dSdr_b_aug_3360 = [
2.3666556410476301e+03
0.0000000000000000e+00
-1.1686311758672809e-06
-4.8132084121793761e-07
-2.9754291483020138e-07
-2.1068505073030620e-07
-1.5813770824116699e-07
-1.2566359512756824e-07
-1.0365220313338809e-07
-8.7048552495061234e-08
-7.4719868332288028e-08
-6.5270058049003106e-08
-5.7569820394647501e-08
-5.1331011875635051e-08
-4.6216308122386924e-08
-4.1902595696674191e-08
-3.8215759441566781e-08
-3.5070065768086115e-08
-3.2350103089962435e-08
-2.9949318535275127e-08
-2.8488778521816784e-08
-1.2899861703920976e-05
-6.5453562109036754e-04
-6.5749400707797840e-04
-6.1424638782183339e-04
-5.7189809358509024e-04
-5.3130929980012569e-04
-4.9033111130639909e-04
-4.4830647714904108e-04
-4.0342411101917887e-04
-3.6393361100980497e-04
-3.2599501438868185e-04
-2.9019207853025829e-04
-2.5244187605093075e-04
-2.2174087951943650e-04
-1.9502373924200296e-04
-1.7165558216551498e-04
-1.4958575055825575e-04
-1.3286945389724770e-04
-1.2018959681849213e-04
-1.1017404396589491e-04
-1.0209600161862924e-04
-9.7056632895313049e-05
-9.3976313148927941e-05
-9.2284945047872762e-05
-9.1871323416484418e-05
-9.2348293094800753e-05
-9.3350949073456671e-05
-9.4807035330660491e-05
-9.6773922581352314e-05
-9.8504038008227632e-05
-1.0031906785896161e-04
-1.0216470031158411e-04
-1.0393790362459407e-04
-1.0542096858197778e-04
-1.0674424513418664e-04
-1.0800913112572736e-04
-1.0902491056784705e-04
-1.0985336670995538e-04
-1.1051398471737154e-04
-1.1110241574870054e-04
-1.1147958844851386e-04
-1.1169283466394370e-04
-1.1185184041443205e-04
-1.1191081030937060e-04
-1.1183405745778510e-04
-1.1169305908627936e-04
-1.1149175529104881e-04
-1.1120220761976761e-04
-1.1085424272592467e-04
-1.1048496624770802e-04
-1.1006609575497117e-04
-1.0961324535075078e-04
-1.0909328333147080e-04
-1.0858583956436155e-04
-1.0805125841179714e-04
-1.0746641731408940e-04
-1.0690731783754435e-04
-1.0633780427650323e-04
-1.0569020212074016e-04
-1.0509251572365892e-04
-1.0449155184428630e-04
-1.0383054622801289e-04
-1.0322143048138686e-04
-1.0261601766224265e-04
-1.0191206058392395e-04
-1.0130379393744181e-04
-1.0067609811527351e-04
-9.9993701464595153e-05
-9.9387236580632772e-05
-9.8743902834857805e-05
-9.8066062400503973e-05
-9.7456619557170768e-05
-9.6792354431766845e-05
-9.6152591832605693e-05
-9.5553915967617236e-05
-9.4862107747582843e-05
-9.4252384367307044e-05
-9.3642159797183131e-05
-9.2939313980180870e-05
-9.2373003382230725e-05
-9.1732774954978778e-05
-9.1080494371898957e-05
-9.0514126824733191e-05
-8.9820421242881103e-05
-8.9236068649911098e-05
-8.8645169223215941e-05
-8.7976038785590244e-05
-8.7419995450401644e-05
-8.6774537503748426e-05
-8.6162802065764438e-05
-8.5601090938163530e-05
-8.4939687015427086e-05
-8.4388961342663968e-05
-8.3764831792246876e-05
-8.3175706084722174e-05
-8.2592224226713028e-05
-8.1973272861742000e-05
-8.1427940725674989e-05
-8.0786535564856998e-05
-8.0249336831717978e-05
-7.9648240212850540e-05
-7.9054335432690093e-05
-7.8526247839756462e-05
-7.7875094160562101e-05
-7.7372001619442282e-05
-7.6748420519297651e-05
-7.6209489998671712e-05
-7.5636124056616426e-05
-7.5062061140345452e-05
-7.4511846622622260e-05
-7.3930004340242865e-05
-7.3409586088523513e-05
-7.2795422255462119e-05
-7.2302771684399676e-05
-7.1689877415788175e-05
-7.1176691048377495e-05
-7.0604429860230707e-05
-7.0060527252259068e-05
-6.9517881746455912e-05
-6.8966734131877471e-05
-6.8432796404120492e-05
-6.7877480898375172e-05
-6.7355039453218085e-05
-6.6780106918257946e-05
-6.6291597644090798e-05
-6.5694473495361787e-05
-6.5221249234614885e-05
-6.4630525609880011e-05
-6.4151874685430710e-05
-6.3567765906964407e-05
-6.3090147332528292e-05
-6.2498947815855732e-05
-6.2038693425396562e-05
-6.1440838341490528e-05
-6.0982433200902531e-05
-6.0396986433762197e-05
-5.9929094471692799e-05
-5.9352293052683428e-05
-5.8879049680562009e-05
-5.8303259540940525e-05
-5.7838555975190986e-05
-5.7261994967033865e-05
-5.6788663383240409e-05
-5.6238018351299212e-05
-5.5738623786542040e-05
-5.5215719948281912e-05
-5.4696468273434005e-05
-5.4182460004469267e-05
-5.3658634614821238e-05
-5.3153865887359336e-05
-5.2617872189866155e-05
-5.2136294900509920e-05
-5.1572611637480315e-05
-5.1107386739527376e-05
-5.0543517189446069e-05
-5.0063960598514495e-05
-4.9528205745740341e-05
-4.9013379027246377e-05
-4.8515153610541393e-05
-4.7964742580918743e-05
-4.7494419489134675e-05
-4.6923345192413802e-05
-4.6442028461271141e-05
-4.5907368119167188e-05
-4.5393102074656687e-05
-4.4885859639713242e-05
-4.4342910704824754e-05
-4.3861272073344044e-05
-4.3290953378169441e-05
-4.2799787966332917e-05
-4.2265096265824884e-05
-4.1736082110359868e-05
-4.1237463230892865e-05
-4.0666331512895802e-05
-4.0167051021911560e-05
-3.9631011549458080e-05
-3.9091481286224953e-05
-3.8586392482535648e-05
-3.8007873317958522e-05
0.0000000000000000e+00
];
