%Vec Object:dSdr_b_aug_5130 1 MPI processes
%  type: seq
dSdr_b_aug_5130 = [
2.3293408059549506e+03
0.0000000000000000e+00
-9.0521113598751556e-07
-3.7309082544423605e-07
-2.3114116957935685e-07
-1.6372312966544280e-07
-1.2260359388860703e-07
-9.7185469619473536e-08
-7.9958375924638798e-08
-6.6997376996925951e-08
-5.7373869786669498e-08
-4.9996905570513629e-08
-4.3992545277412964e-08
-3.9129159950381787e-08
-3.5142150796564937e-08
-3.1781002471418806e-08
-2.8909835614346411e-08
-2.6460231160963859e-08
-2.4348365937308532e-08
-5.3931297507661278e-07
-5.5876707202388452e-04
-7.2065914042921406e-04
-6.8296785619937652e-04
-6.4416672448356835e-04
-6.0108411695674788e-04
-5.5951118718572238e-04
-5.1966354800706840e-04
-4.7942454248837166e-04
-4.3814463502411696e-04
-3.9403698150742433e-04
-3.5522438844735107e-04
-3.1792633210414692e-04
-2.8271987067240371e-04
-2.4559200308815049e-04
-2.1539400280078493e-04
-1.8911168993773804e-04
-1.6612271548176576e-04
-1.4441161854764328e-04
-1.2796727717585959e-04
-1.1549486198086764e-04
-1.0564751148314311e-04
-9.7709048848015160e-05
-9.2762138735850299e-05
-8.9745457453713949e-05
-8.8097520624329503e-05
-8.7710208803011460e-05
-8.8200175432773481e-05
-8.9208506668856668e-05
-9.0664114810251934e-05
-9.2627615019624915e-05
-9.4355293183821147e-05
-9.6166517267973084e-05
-9.8010149809116289e-05
-9.9783968559183502e-05
-1.0126961180261236e-04
-1.0259860707723199e-04
-1.0387324489449317e-04
-1.0490022147427044e-04
-1.0574172815614537e-04
-1.0641887432421521e-04
-1.0702668463327893e-04
-1.0742357346217546e-04
-1.0765874835904530e-04
-1.0784409602060718e-04
-1.0792719457987628e-04
-1.0787606091221132e-04
-1.0776347394059989e-04
-1.0759146788163671e-04
-1.0733033732203669e-04
-1.0701240193919272e-04
-1.0667512577202007e-04
-1.0628581837927016e-04
-1.0586266139222637e-04
-1.0537789398448772e-04
-1.0490078875695535e-04
-1.0439636280537914e-04
-1.0384726712769832e-04
-1.0331835105713469e-04
-1.0277890706540941e-04
-1.0216792939985195e-04
-1.0160051374494024e-04
-1.0103015336898267e-04
-1.0040473702960608e-04
-9.9825725076749835e-05
-9.9250633412240302e-05
-9.8582594141792540e-05
-9.8004310219609189e-05
-9.7407322916969136e-05
-9.6759357635239714e-05
-9.6182378100208513e-05
-9.5570236143716663e-05
-9.4926012418688059e-05
-9.4345801382213998e-05
-9.3713600762818319e-05
-9.3105382582220878e-05
-9.2535436866362185e-05
-9.1876735269886452e-05
-9.1297295352916173e-05
-9.0715876260085435e-05
-9.0046757606750417e-05
-8.9508841484377673e-05
-8.8898487039412559e-05
-8.8277961060946234e-05
-8.7739602333833792e-05
-8.7078273380128806e-05
-8.6522910863106900e-05
-8.5960663195842410e-05
-8.5323316261172954e-05
-8.4794759610520103e-05
-8.4180523498206898e-05
-8.3598177569533142e-05
-8.3064092779067892e-05
-8.2434899999863281e-05
-8.1910780800353687e-05
-8.1317489616831203e-05
-8.0756914842511571e-05
-8.0201759137309194e-05
-7.9613444421598519e-05
-7.9094771084524287e-05
-7.8484583026649870e-05
-7.7974601235811879e-05
-7.7402478748358260e-05
-7.6837937254639049e-05
-7.6336984467754085e-05
-7.5716847554298478e-05
-7.5239784003550966e-05
-7.4647107097045904e-05
-7.4134578467433167e-05
-7.3591026714209276e-05
-7.3045098934820232e-05
-7.2522707946026869e-05
-7.1970592697953857e-05
-7.1476330998230714e-05
-7.0893426480399716e-05
-7.0426220355236505e-05
-6.9844323802263801e-05
-6.9357628926707012e-05
-6.8814769034966075e-05
-6.8298668672259181e-05
-6.7784297772443042e-05
-6.7261792535295941e-05
-6.6755271976224400e-05
-6.6229574476782787e-05
-6.5734021584937076e-05
-6.5189214480581721e-05
-6.4727258489846138e-05
-6.4160564647066471e-05
-6.3713639441413818e-05
-6.3153671574907078e-05
-6.2700648927436762e-05
-6.2148376113174556e-05
-6.1696160622270842e-05
-6.1136947340908280e-05
-6.0701991813432076e-05
-6.0136327397399510e-05
-5.9703405662964748e-05
-5.9149831845711216e-05
-5.8707724740734269e-05
-5.8162785099033104e-05
-5.7715937782394422e-05
-5.7171709906056369e-05
-5.6733985645684720e-05
-5.6188592628871783e-05
-5.5742723080994876e-05
-5.5223144666235794e-05
-5.4751741248886894e-05
-5.4259459726866788e-05
-5.3769211664085164e-05
-5.3285211421695840e-05
-5.2791502355760841e-05
-5.2315981931191295e-05
-5.1811295001863970e-05
-5.1358000128383908e-05
-5.0827216755654197e-05
-5.0389689606202527e-05
-4.9858792015537128e-05
-4.9407920933760827e-05
-4.8904164357666364e-05
-4.8419760768613272e-05
-4.7952295282408345e-05
-4.7434138218191185e-05
-4.6993096984985881e-05
-4.6456398122058511e-05
-4.6004294514081344e-05
-4.5503163096132670e-05
-4.5020000955538870e-05
-4.4544527415338114e-05
-4.4035134020722154e-05
-4.3583769238179149e-05
-4.3049074369689457e-05
-4.2588853037030674e-05
-4.2087742918115358e-05
-4.1592305326776378e-05
-4.1125302536502350e-05
-4.0590697992910014e-05
-4.0123249093023872e-05
-3.9621637857016425e-05
-3.9117112152469947e-05
-3.8643939047471038e-05
-3.8101987409108477e-05
0.0000000000000000e+00
];
