%Vec Object:dSdr_b_aug_3680 1 MPI processes
%  type: seq
dSdr_b_aug_3680 = [
2.3607764814672055e+03
0.0000000000000000e+00
-1.1214811083923495e-06
-4.6179249855695287e-07
-2.8546857696719828e-07
-2.0206898743594532e-07
-1.5155303668695839e-07
-1.2033364511586607e-07
-9.9173477286917476e-08
-8.3221124558811631e-08
-7.1376489335543768e-08
-6.2297676994849827e-08
-5.4902092383110938e-08
-4.8910716951284845e-08
-4.3998991637045277e-08
-3.9857087918639824e-08
-3.6317731463369935e-08
-3.3297980284352612e-08
-3.0687080734983519e-08
-2.8383317231112806e-08
-3.5385305211396345e-08
-1.0472677302852146e-04
-6.8706876305259657e-04
-6.5499127768095815e-04
-6.1137600794613502e-04
-5.6918812292005867e-04
-5.2876121262262024e-04
-4.8794474661516371e-04
-4.4608305858120066e-04
-4.0137020009923451e-04
-3.6202802662828039e-04
-3.2422958069372855e-04
-2.8855715388143656e-04
-2.5094311873760840e-04
-2.2035217815687011e-04
-1.9373017844001345e-04
-1.7044498680225689e-04
-1.4845364660787710e-04
-1.3179685396673876e-04
-1.1916238532723204e-04
-1.0918363527605469e-04
-1.0113613307485582e-04
-9.6116994365717044e-05
-9.3050598763841824e-05
-9.1368733458429703e-05
-9.0960868434039426e-05
-9.1440681855877254e-05
-9.2444579585898533e-05
-9.3900561231800270e-05
-9.5866707396032152e-05
-9.7596289548745893e-05
-9.9410486695605460e-05
-1.0125568156676481e-04
-1.0302901952254663e-04
-1.0451264858677721e-04
-1.0583717637707375e-04
-1.0710419605416322e-04
-1.0812242541852231e-04
-1.0895373700976673e-04
-1.0961797137338432e-04
-1.1021064258852567e-04
-1.1059212917638512e-04
-1.1081017338875403e-04
-1.1097494277080786e-04
-1.1103919210580783e-04
-1.1096804481751377e-04
-1.1083326292525337e-04
-1.1063836949722505e-04
-1.1035503951183006e-04
-1.1001364509797332e-04
-1.0965137031221177e-04
-1.0923896824829358e-04
-1.0879261478637740e-04
-1.0828035337475024e-04
-1.0777954770311127e-04
-1.0725156453141140e-04
-1.0667454455858002e-04
-1.0612204923410418e-04
-1.0555911491756613e-04
-1.0491952622781197e-04
-1.0432846309194136e-04
-1.0373419528219018e-04
-1.0308097662643501e-04
-1.0247844761253199e-04
-1.0187966908481763e-04
-1.0118357084979460e-04
-1.0058186444592145e-04
-9.9960887670869615e-05
-9.9286024629512240e-05
-9.8686011162000994e-05
-9.8049502203089508e-05
-9.7379017129893225e-05
-9.6775970227790695e-05
-9.6118720840294319e-05
-9.5485860183494608e-05
-9.4893470496632270e-05
-9.4208906030570613e-05
-9.3605808694695514e-05
-9.3001886784520001e-05
-9.2306420496100661e-05
-9.1746322630630910e-05
-9.1112630652876781e-05
-9.0467298000744984e-05
-8.9907058804093070e-05
-8.9220437252387946e-05
-8.8642427709438107e-05
-8.8057797308860550e-05
-8.7395621125138260e-05
-8.6845591896830688e-05
-8.6206965310565512e-05
-8.5601660318912283e-05
-8.5045993854250792e-05
-8.4391637753490127e-05
-8.3846733596703671e-05
-8.3229351503702934e-05
-8.2646472761421300e-05
-8.2069188686526042e-05
-8.1456940643000422e-05
-8.0917441471790519e-05
-8.0282866636106155e-05
-7.9751622989989013e-05
-7.9156865932415181e-05
-7.8569385860956250e-05
-7.8047235383562515e-05
-7.7402868195545216e-05
-7.6905470816671480e-05
-7.6288651576837460e-05
-7.5755497809376534e-05
-7.5188655233770018e-05
-7.4620748306131361e-05
-7.4076621596992439e-05
-7.3501283611560262e-05
-7.2986588432623125e-05
-7.2379264160697879e-05
-7.1892180853059168e-05
-7.1286068907386289e-05
-7.0778678897810750e-05
-7.0212850734877575e-05
-6.9675031278538298e-05
-6.9138572277244284e-05
-6.8593691635816312e-05
-6.8065752804617247e-05
-6.7516917740325746e-05
-6.7000359530269572e-05
-6.6432018461553823e-05
-6.5949319065170472e-05
-6.5358853089598942e-05
-6.4891383081265940e-05
-6.4307388838858050e-05
-6.3834345400043310e-05
-6.3257202353730066e-05
-6.2785141992395804e-05
-6.2200941087269061e-05
-6.1746222106338910e-05
-6.1155410363918078e-05
-6.0702581010995543e-05
-6.0124108068367571e-05
-5.9661857851589125e-05
-5.9092027812456801e-05
-5.8624559916222023e-05
-5.8055675622520195e-05
-5.7596875148091116e-05
-5.7027133718767302e-05
-5.6559810848000544e-05
-5.6015963214055213e-05
-5.5522693132198381e-05
-5.5006489478447129e-05
-5.4493583814378387e-05
-5.3986141322744910e-05
-5.3468905405844249e-05
-5.2970536227443494e-05
-5.2441392472613533e-05
-5.1966003395315791e-05
-5.1409518650985388e-05
-5.0950354039176799e-05
-5.0393698776248626e-05
-4.9920418593862802e-05
-4.9391664985355737e-05
-4.8883494867526222e-05
-4.8391999743521453e-05
-4.7848645902174146e-05
-4.7384729699184363e-05
-4.6821176768685699e-05
-4.6346251885984895e-05
-4.5818927691983671e-05
-4.5311467198623593e-05
-4.4811175814312011e-05
-4.4275568848074390e-05
-4.3800554147357335e-05
-4.3238029959622194e-05
-4.2753635120551178e-05
-4.2226291076255098e-05
-4.1704623473696410e-05
-4.1212922185891931e-05
-4.0649782594889544e-05
-4.0157466812511764e-05
-3.9628960153482716e-05
-3.9097088706386592e-05
-3.8598982584211904e-05
-3.8028462230240129e-05
0.0000000000000000e+00
];
