%Vec Object:dSdr_b_aug_5570 1 MPI processes
%  type: seq
dSdr_b_aug_5570 = [
2.3231797913651026e+03
0.0000000000000000e+00
-8.7043632125825653e-07
-3.5966572785850458e-07
-2.2346531984053461e-07
-1.5871405694140080e-07
-1.1913164821395952e-07
-9.4659333744972972e-08
-7.8071142933200600e-08
-6.5583643583350918e-08
-5.6309985587469797e-08
-4.9200633492170688e-08
-4.3410112059001872e-08
-3.8718593576625213e-08
-3.4872038705978571e-08
-3.1627925572572927e-08
-2.8855322829641603e-08
-2.6489512686530472e-08
-2.4546748148812016e-08
-8.2843056355614175e-06
-7.2687707398782554e-04
-7.1860119424109665e-04
-6.8004747918166150e-04
-6.4138523530369760e-04
-5.9846966294182591e-04
-5.5705364867301532e-04
-5.1735314197819810e-04
-4.7726078693480955e-04
-4.3612862617609604e-04
-3.9217466809798570e-04
-3.5349656516183814e-04
-3.1632558576618166e-04
-2.8123745905261227e-04
-2.4423305667242538e-04
-2.1413484595781321e-04
-1.8793879863626225e-04
-1.6502505033845632e-04
-1.4338512289980630e-04
-1.2699473482513329e-04
-1.1456347408273956e-04
-1.0474949328832693e-04
-9.6838721895668118e-05
-9.1910154639369228e-05
-8.8906098564731049e-05
-8.7266778024748035e-05
-8.6884685754529107e-05
-8.7377230791083239e-05
-8.8386687881494906e-05
-8.9842201108498057e-05
-9.1805029301897462e-05
-9.3532223940859249e-05
-9.5342693071359089e-05
-9.7185928917522139e-05
-9.8959869740320724e-05
-1.0044602441537470e-04
-1.0177615415877390e-04
-1.0305272657756565e-04
-1.0408192449962203e-04
-1.0492602022480901e-04
-1.0560644536599432e-04
-1.0621810028492666e-04
-1.0661890055505963e-04
-1.0685842584488534e-04
-1.0704899944329316e-04
-1.0713688485518032e-04
-1.0709083374694805e-04
-1.0698388328997026e-04
-1.0681768959791988e-04
-1.0656219669893984e-04
-1.0625021886180737e-04
-1.0591929122846714e-04
-1.0553584885143468e-04
-1.0511858273441640e-04
-1.0464079758052135e-04
-1.0416971121009320e-04
-1.0367126774357983e-04
-1.0312926359627874e-04
-1.0260633560725978e-04
-1.0207285711342182e-04
-1.0146914537843683e-04
-1.0090773513289388e-04
-1.0034344618321101e-04
-9.9725090399264773e-05
-9.9152050735787115e-05
-9.8582974483216518e-05
-9.7922060946433571e-05
-9.7349725295441835e-05
-9.6758830254980581e-05
-9.6117695812674935e-05
-9.5546565875124505e-05
-9.4940612057483996e-05
-9.4303057551977759e-05
-9.3728645813359409e-05
-9.3102806471915105e-05
-9.2500846389107738e-05
-9.1936600447644061e-05
-9.1284466875599422e-05
-9.0711034895683300e-05
-9.0135330522127873e-05
-8.9472903002763438e-05
-8.8940620061136671e-05
-8.8336192322491147e-05
-8.7721966153195380e-05
-8.7189164108234280e-05
-8.6534258367486783e-05
-8.5984647204549497e-05
-8.5428083772865946e-05
-8.4797042381394761e-05
-8.4273938827158888e-05
-8.3665896828793106e-05
-8.3089381498884638e-05
-8.2560777511124747e-05
-8.1937975115813059e-05
-8.1419134388447759e-05
-8.0831961243746844e-05
-8.0277050703950415e-05
-7.9727514639295932e-05
-7.9145277944336751e-05
-7.8631893461578688e-05
-7.8027898581446505e-05
-7.7523316375648169e-05
-7.6956942082854530e-05
-7.6398225988655695e-05
-7.5902656492745331e-05
-7.5288673013790980e-05
-7.4816773371688572e-05
-7.4230227567194119e-05
-7.3722936826991684e-05
-7.3185299930203054e-05
-7.2644953900231270e-05
-7.2128082841324686e-05
-7.1581865160578979e-05
-7.1092792679755293e-05
-7.0516089720048828e-05
-7.0053931539973077e-05
-6.9478184647559830e-05
-6.8996745442135944e-05
-6.8459718498224760e-05
-6.7949133847906333e-05
-6.7440372373007610e-05
-6.6923549523919610e-05
-6.6422468284308732e-05
-6.5902646730022529e-05
-6.5412428287415613e-05
-6.4873597798456177e-05
-6.4416909744738284e-05
-6.3856253004202082e-05
-6.3414545301603296e-05
-6.2860679106615389e-05
-6.2412740889362432e-05
-6.1866784052012382e-05
-6.1419608318489442e-05
-6.0866740830107800e-05
-6.0436804387432478e-05
-5.9877526326179942e-05
-5.9449660292650573e-05
-5.8902409802971803e-05
-5.8465418209300195e-05
-5.7926799684463479e-05
-5.7485189141301616e-05
-5.6947222968274468e-05
-5.6514851199961883e-05
-5.5975641675309823e-05
-5.5535220397842700e-05
-5.5021805373554577e-05
-5.4555955208857922e-05
-5.4069748944533507e-05
-5.3585255011751986e-05
-5.3107208173476265e-05
-5.2619474006234775e-05
-5.2149756283624090e-05
-5.1651280448051518e-05
-5.1203596678723368e-05
-5.0679340489142076e-05
-5.0247308484033242e-05
-4.9722952412535484e-05
-4.9277772481331678e-05
-4.8780364305709416e-05
-4.8301996655169795e-05
-4.7840633963209121e-05
-4.7328876143425881e-05
-4.6893644569421437e-05
-4.6363765953760463e-05
-4.5917458519539043e-05
-4.5422979594683168e-05
-4.4945988976894753e-05
-4.4476819054681512e-05
-4.3974083954610140e-05
-4.3528726698396798e-05
-4.3001101151948095e-05
-4.2547021279609921e-05
-4.2052576704658356e-05
-4.1563804907625782e-05
-4.1103080951468920e-05
-4.0575732966797598e-05
-4.0114615329385416e-05
-3.9619863719657693e-05
-3.9122345173539541e-05
-3.8655679854447168e-05
-3.8121919283453088e-05
0.0000000000000000e+00
];
