%Vec Object:dSdr_b_aug_6410 1 MPI processes
%  type: seq
dSdr_b_aug_6410 = [
2.3125306333676485e+03
0.0000000000000000e+00
-8.0871159468993132e-07
-3.3324731423098186e-07
-2.0653347141806828e-07
-1.4623126783158550e-07
-1.0933417781373173e-07
-8.6524277462077119e-08
-7.1065907443274989e-08
-5.9450606985004894e-08
-5.0826616038335744e-08
-4.4215541553707244e-08
-3.8837999944579283e-08
-3.4483030631031772e-08
-3.0912824447722714e-08
-2.7903812635576068e-08
-2.5334247801447645e-08
-2.3142074666814403e-08
-3.7498009050414536e-08
-2.7682390528154698e-04
-7.5093887469148942e-04
-7.1335866721868512e-04
-6.7482834895897634e-04
-6.3643352171482330e-04
-5.9381566157189897e-04
-5.5267898185827646e-04
-5.1324038603661173e-04
-4.7340908353372350e-04
-4.3253992668110247e-04
-3.8885956181683304e-04
-3.5042086472057043e-04
-3.1347609495704112e-04
-2.7859861582472245e-04
-2.4181399376410243e-04
-2.1189341839573643e-04
-1.8585093229587610e-04
-1.6307109401380245e-04
-1.4155785530652650e-04
-1.2526350943947842e-04
-1.1290550771018571e-04
-1.0315092831585808e-04
-9.5289450110741528e-05
-9.0393535018413226e-05
-8.7411953146850638e-05
-8.5787970551689252e-05
-8.5415169833163220e-05
-8.5912304950754115e-05
-8.6923766421307232e-05
-8.8379110925585925e-05
-9.0340743085287021e-05
-9.2067077042218035e-05
-9.3876202122687762e-05
-9.5718731665922260e-05
-9.7492889783558256e-05
-9.8979954930297531e-05
-1.0031210420822318e-04
-1.0159212047334832e-04
-1.0262527266378627e-04
-1.0347397719757116e-04
-1.0416023928732337e-04
-1.0477873804205213e-04
-1.0518650111100930e-04
-1.0543377057445206e-04
-1.0563364690007901e-04
-1.0573005342323257e-04
-1.0569304981155400e-04
-1.0559613294502662e-04
-1.0544028587658947e-04
-1.0519482860483988e-04
-1.0489345582097543e-04
-1.0457382923774869e-04
-1.0420082719902550e-04
-1.0379404744248642e-04
-1.0332869142027424e-04
-1.0286831923827624e-04
-1.0238052521342288e-04
-1.0185114471841853e-04
-1.0133887613188157e-04
-1.0081601683864965e-04
-1.0022523920362716e-04
-9.9674519203863017e-05
-9.9121038016096918e-05
-9.8515250742080474e-05
-9.7952842365913324e-05
-9.7394474162644135e-05
-9.6746245158045664e-05
-9.6184498038243458e-05
-9.5604447846801664e-05
-9.4975472994279395e-05
-9.4414755937681491e-05
-9.3819817637975111e-05
-9.3194135021658218e-05
-9.2630046624558692e-05
-9.2015531004884031e-05
-9.1424710972668906e-05
-9.0870611210130972e-05
-9.0230169388313429e-05
-8.9667432147123703e-05
-8.9101900555010053e-05
-8.8451383932399067e-05
-8.7929128625161769e-05
-8.7335251015229710e-05
-8.6732239124718191e-05
-8.6209328518154995e-05
-8.5565856726545526e-05
-8.5026483536850434e-05
-8.4480038600437114e-05
-8.3860221693298701e-05
-8.3346825182973233e-05
-8.2749809313176497e-05
-8.2183673018149087e-05
-8.1664825393209926e-05
-8.1053398505368229e-05
-8.0543953971370355e-05
-7.9967671531990078e-05
-7.9422843880172392e-05
-7.8883311321313127e-05
-7.8311894094160880e-05
-7.7807924283808069e-05
-7.7214953861258652e-05
-7.6719983438619028e-05
-7.6163841488071629e-05
-7.5615495167937375e-05
-7.5129508448371573e-05
-7.4526478676968286e-05
-7.4063771287497166e-05
-7.3488139435201285e-05
-7.2990172639097764e-05
-7.2463064754474176e-05
-7.1932654772011176e-05
-7.1425609714880717e-05
-7.0889890267237770e-05
-7.0410055087866938e-05
-6.9844391493007084e-05
-6.9391219130936988e-05
-6.8826419218268099e-05
-6.8354335599712127e-05
-6.7827691852988961e-05
-6.7326925687841618e-05
-6.6828149514373285e-05
-6.6321441846790225e-05
-6.5830043100763842e-05
-6.5320681275573476e-05
-6.4839958643611725e-05
-6.4311767082796887e-05
-6.3864456437611445e-05
-6.3314546293194543e-05
-6.2882126217167006e-05
-6.2339121553109918e-05
-6.1900234074042688e-05
-6.1365520247024435e-05
-6.0927315723486486e-05
-6.0385744314187967e-05
-5.9964742275387352e-05
-5.9416832489311761e-05
-5.8997966031702228e-05
-5.8461971613477311e-05
-5.8034086054224829e-05
-5.7506719654942078e-05
-5.7074430993334740e-05
-5.6547611170845160e-05
-5.6124767261034173e-05
-5.5596564847652749e-05
-5.5165841906688717e-05
-5.4663398192482447e-05
-5.4207433221812209e-05
-5.3732041360143365e-05
-5.3257790177089730e-05
-5.2790340801589770e-05
-5.2313242342276379e-05
-5.1853853781674523e-05
-5.1366434063653472e-05
-5.0928738347772866e-05
-5.0416100892409173e-05
-4.9993850461168171e-05
-4.9481138573420557e-05
-4.9046089045787506e-05
-4.8559981190775175e-05
-4.8092357588800807e-05
-4.7641857886083779e-05
-4.7141490677931969e-05
-4.6716600099705162e-05
-4.6198861294552959e-05
-4.5762870572972496e-05
-4.5280232498885575e-05
-4.4814226317095132e-05
-4.4356275664974083e-05
-4.3865390782920449e-05
-4.3430724782058340e-05
-4.2915679833282115e-05
-4.2472527847705963e-05
-4.1989942550098057e-05
-4.1513028173631146e-05
-4.1063469149924499e-05
-4.0549020230891785e-05
-4.0099142942813128e-05
-3.9616547739017237e-05
-3.9131386673624850e-05
-3.8675979438792811e-05
-3.8155061412772481e-05
0.0000000000000000e+00
];
