%Vec Object:dSdr_b_aug_6490 1 MPI processes
%  type: seq
dSdr_b_aug_6490 = [
2.3103416587374318e+03
0.0000000000000000e+00
-7.9657898927797497e-07
-3.2798487253796793e-07
-2.0311403353758679e-07
-1.4367833867207539e-07
-1.0730900201765387e-07
-8.4825910760056215e-08
-6.9589645248895469e-08
-5.8146468421635995e-08
-4.9650663734316732e-08
-4.3137792891505246e-08
-3.7841892352350348e-08
-3.3553443311985662e-08
-3.0037768023771304e-08
-2.7075157901608266e-08
-2.4545686995775178e-08
-2.2387883959924748e-08
-7.0402743313323780e-08
-3.9365580575446600e-04
-7.5084184390193903e-04
-7.1292834753080073e-04
-6.7441657821397860e-04
-6.3604305876960841e-04
-5.9344867835042455e-04
-5.5233402516662857e-04
-5.1291608185960555e-04
-4.7310536418313962e-04
-4.3225694602546993e-04
-3.8859815485287128e-04
-3.5017833566575320e-04
-3.1325140324681020e-04
-2.7839053434072374e-04
-2.4162324264681467e-04
-2.1171667438204628e-04
-1.8568629706481804e-04
-1.6291701800523866e-04
-1.4141376909673813e-04
-1.2512699645636930e-04
-1.1277477142993080e-04
-1.0302487602398261e-04
-9.5167284744454475e-05
-9.0273944385037207e-05
-8.7294134684951961e-05
-8.5671361581572802e-05
-8.5299293569127176e-05
-8.5796790628767631e-05
-8.6808410151600928e-05
-8.8263741353021796e-05
-9.0225279203851958e-05
-9.1951545299620428e-05
-9.3760564409198059e-05
-9.5603038269195266e-05
-9.7377213531398373e-05
-9.8864350480978923e-05
-1.0019665901417076e-04
-1.0147694684550474e-04
-1.0251041084988705e-04
-1.0335947880965031e-04
-1.0404620116759762e-04
-1.0466523958642607e-04
-1.0507355169965612e-04
-1.0532143182085242e-04
-1.0552204170088836e-04
-1.0561912014526622e-04
-1.0558282996166001e-04
-1.0548670427962289e-04
-1.0533167307915084e-04
-1.0508700715208945e-04
-1.0478647061378980e-04
-1.0446773515755740e-04
-1.0409555637580632e-04
-1.0368960350508705e-04
-1.0322522756225527e-04
-1.0276570023080614e-04
-1.0227874595089511e-04
-1.0175036087351905e-04
-1.0123893281717571e-04
-1.0071691088401148e-04
-1.0012715314611978e-04
-9.9577276108395545e-05
-9.9024647149119333e-05
-9.8419850944082078e-05
-9.7858280880691316e-05
-9.7300757043058728e-05
-9.6653528255970621e-05
-9.6092616077308839e-05
-9.5513421038425009e-05
-9.4885405009883809e-05
-9.4325509043699258e-05
-9.3731439354188421e-05
-9.3106692875614359e-05
-9.2543418508325771e-05
-9.1929795801559585e-05
-9.1339854199183623e-05
-9.0786554496503720e-05
-9.0147034607700673e-05
-8.9585140681984349e-05
-8.9020411247322978e-05
-8.8370833838019244e-05
-8.7849369242877382e-05
-8.7256323544058955e-05
-8.6654195933701759e-05
-8.6132065297112208e-05
-8.5489495107273099e-05
-8.4950929212854968e-05
-8.4405282150450792e-05
-8.3786350328009414e-05
-8.3273719247376501e-05
-8.2677572821217673e-05
-8.2112254944402668e-05
-8.1594176637974028e-05
-8.0983646743256965e-05
-8.0474943127162876e-05
-7.9899519452629364e-05
-7.9355486866653955e-05
-7.8816743114033293e-05
-7.8246179034255611e-05
-7.7742951598651347e-05
-7.7150850487422843e-05
-7.6656637982215809e-05
-7.6101302882056494e-05
-7.5553774249171300e-05
-7.5068543159546169e-05
-7.4466377120204722e-05
-7.4004394566482885e-05
-7.3429623311252904e-05
-7.2932391734975633e-05
-7.2406114093515422e-05
-7.1876487596952710e-05
-7.1370217348173641e-05
-7.0835325716322317e-05
-7.0356218924190844e-05
-6.9791425814801926e-05
-6.9338962009458740e-05
-6.8775025297117853e-05
-6.8303679392433980e-05
-6.7777854389705196e-05
-6.7277862439070476e-05
-6.6779873633927156e-05
-6.6273963575922605e-05
-6.5783328320463349e-05
-6.5274791273105116e-05
-6.4794817410736391e-05
-6.4267464757662124e-05
-6.3820893545221208e-05
-6.3271830797923605e-05
-6.2840143074490679e-05
-6.2297994869906431e-05
-6.1859821063349802e-05
-6.1325993775971562e-05
-6.0888496653128702e-05
-6.0347815967254766e-05
-5.9927518426017133e-05
-5.9380505055259114e-05
-5.8962348233200741e-05
-5.8427241381550932e-05
-5.8000073851191798e-05
-5.7473594706008794e-05
-5.7042041092070285e-05
-5.6516100181369465e-05
-5.6094007559454434e-05
-5.5566673076450630e-05
-5.5136714863988468e-05
-5.4635136254855260e-05
-5.4179950744329948e-05
-5.3705411612300757e-05
-5.3231968080546613e-05
-5.2765354324750422e-05
-5.2289094498729873e-05
-5.1830520396985409e-05
-5.1343972457755692e-05
-5.0907064297583214e-05
-5.0395342978382621e-05
-4.9973863813852002e-05
-4.9462070060315983e-05
-4.9027819295628346e-05
-4.8542602448585156e-05
-4.8075825983456643e-05
-4.7626182787816371e-05
-4.7126713680408129e-05
-4.6702638425505463e-05
-4.6185856769389212e-05
-4.5750679421736537e-05
-4.5268974880347470e-05
-4.4803834670379468e-05
-4.4346768469091853e-05
-4.3856817738879352e-05
-4.3422994435953138e-05
-4.2908941071240693e-05
-4.2466650220731021e-05
-4.1984999310948610e-05
-4.1509018889582666e-05
-4.1060338760923986e-05
-4.0546904694073021e-05
-4.0097910021689724e-05
-3.9616266625389445e-05
-3.9132065576877049e-05
-3.8677505526313162e-05
-3.8157384297037952e-05
0.0000000000000000e+00
];
