%Vec Object:dSdr_b_aug_4420 1 MPI processes
%  type: seq
dSdr_b_aug_4420 = [
2.3438718873026510e+03
0.0000000000000000e+00
-9.9977923195014511e-07
-4.1252643761437602e-07
-2.5573477585855782e-07
-1.8139345345184019e-07
-1.3616339152868804e-07
-1.0820478775464696e-07
-8.9253664092540638e-08
-7.4973606034893900e-08
-6.4369385968783100e-08
-5.6240620426841196e-08
-4.9618250995512153e-08
-4.4252702118318688e-08
-3.9853684432021140e-08
-3.6143553678674550e-08
-3.2972572643869398e-08
-3.0266907478095957e-08
-2.7927338847078787e-08
-2.6377784608652862e-08
-1.9191137079811626e-05
-7.0559375829874836e-04
-6.8795621488965998e-04
-6.4913033303778923e-04
-6.0575341506167947e-04
-5.6390033212496749e-04
-5.2378991847458294e-04
-4.8328899640807623e-04
-4.4174521444140393e-04
-3.9736306206040160e-04
-3.5831027067601326e-04
-3.2078525590117847e-04
-2.8536744960434612e-04
-2.4801907419309143e-04
-2.1764285055755038e-04
-1.9120646816068952e-04
-1.6808314042636088e-04
-1.4624493540545789e-04
-1.2970423391113486e-04
-1.1715831719993157e-04
-1.0725136866712868e-04
-9.9263449667034783e-05
-9.4283779292195084e-05
-9.1244549395599106e-05
-8.9581223830067228e-05
-8.9184589804438001e-05
-8.9669951286276760e-05
-9.0676271622161622e-05
-9.2132049147822359e-05
-9.4096749442162315e-05
-9.5825291164762221e-05
-9.7637863701443699e-05
-9.9482204839550901e-05
-1.0125580546169378e-04
-1.0274053506962481e-04
-1.0406750398404333e-04
-1.0533868642345410e-04
-1.0636169552267164e-04
-1.0719857810521181e-04
-1.0786986799121247e-04
-1.0847081179857947e-04
-1.0886071476981335e-04
-1.0908811984844695e-04
-1.0926413397949100e-04
-1.0933868321206150e-04
-1.0927847209051187e-04
-1.0915581830734962e-04
-1.0897343136788419e-04
-1.0870223195400852e-04
-1.0837365640628103e-04
-1.0802504177373875e-04
-1.0762525947688212e-04
-1.0719158141148807e-04
-1.0669434372347083e-04
-1.0620648883594050e-04
-1.0569137818569493e-04
-1.0512961706383517e-04
-1.0459000630118650e-04
-1.0403990795249826e-04
-1.0341595336797378e-04
-1.0283781207609134e-04
-1.0225660815813247e-04
-1.0161858170046849e-04
-1.0102890326462893e-04
-1.0044306810120705e-04
-9.9762302306501336e-05
-9.9173394799386157e-05
-9.8565526745620133e-05
-9.7905361620033741e-05
-9.7317934732006603e-05
-9.6694740790796577e-05
-9.6038605875102629e-05
-9.5448037321745139e-05
-9.4804475493840274e-05
-9.4185080383930164e-05
-9.3604954900450399e-05
-9.2934522848963738e-05
-9.2344352788844953e-05
-9.1752727238027094e-05
-9.1071658257906051e-05
-9.0523681305147431e-05
-8.9902741808079069e-05
-8.9270964431074977e-05
-8.8722681524717908e-05
-8.8049880775115219e-05
-8.7484246397018543e-05
-8.6911846742229699e-05
-8.6263238170001689e-05
-8.5724942345295459e-05
-8.5099643607907901e-05
-8.4506884289945949e-05
-8.3963010843455727e-05
-8.3322404903995179e-05
-8.2788858410336825e-05
-8.2184640473644224e-05
-8.1613949437634191e-05
-8.1048757115794213e-05
-8.0449587120496428e-05
-7.9921467949515423e-05
-7.9300218943946472e-05
-7.8780593556171567e-05
-7.8198204858643259e-05
-7.7623259268229307e-05
-7.7112691987565789e-05
-7.6481565111257650e-05
-7.5995278883423008e-05
-7.5391651901278859e-05
-7.4869768467503557e-05
-7.4315652853182833e-05
-7.3759756140349129e-05
-7.3227506628301277e-05
-7.2664858400599809e-05
-7.2161328826995610e-05
-7.1567348406968817e-05
-7.1091126724227968e-05
-7.0498246960408979e-05
-7.0002165534876630e-05
-6.9448888081542092e-05
-6.8922936738816630e-05
-6.8398547490809922e-05
-6.7865893595763887e-05
-6.7349658499311782e-05
-6.6813466654522599e-05
-6.6308386526863633e-05
-6.5752905285707173e-05
-6.5281540853934407e-05
-6.4704064850870194e-05
-6.4247821284210707e-05
-6.3676955943114643e-05
-6.3214852608225376e-05
-6.2651299578274548e-05
-6.2190083192588261e-05
-6.1619536452430811e-05
-6.1175616959445645e-05
-6.0598546651092419e-05
-6.0156595564951744e-05
-5.9591728432263143e-05
-5.9140485166609754e-05
-5.8584256170474244e-05
-5.8128056133757463e-05
-5.7572645030631850e-05
-5.7125361394033486e-05
-5.6568924853608924e-05
-5.6113324890449365e-05
-5.5582738875255166e-05
-5.5101417570650542e-05
-5.4598285879274526e-05
-5.4097761194922307e-05
-5.3603128446571245e-05
-5.3098748506213694e-05
-5.2612864771397059e-05
-5.2097085174222628e-05
-5.1633769236777288e-05
-5.1091328727429347e-05
-5.0643987688340047e-05
-5.0101407440531746e-05
-4.9640372500013886e-05
-4.9125278285602991e-05
-4.8630095182624207e-05
-4.8151730861106044e-05
-4.7622145609313289e-05
-4.7170729296547602e-05
-4.6621850609951669e-05
-4.6159396337781452e-05
-4.5646385109000675e-05
-4.5152202451685838e-05
-4.4665472840626334e-05
-4.4144190415110887e-05
-4.3682099498493469e-05
-4.3134783040337463e-05
-4.2663598487906736e-05
-4.2150590957276049e-05
-4.1643258239522005e-05
-4.1165055772716838e-05
-4.0617512833660535e-05
-4.0138791856570685e-05
-3.9624993905730774e-05
-3.9108090906242934e-05
-3.8623681597631498e-05
-3.8069158682309254e-05
0.0000000000000000e+00
];
