%Vec Object:dSdr_b_aug_5100 1 MPI processes
%  type: seq
dSdr_b_aug_5100 = [
2.3301020168333403e+03
0.0000000000000000e+00
-9.0942892554230525e-07
-3.7463475011655654e-07
-2.3196457104767364e-07
-1.6421372169782120e-07
-1.2290599233492948e-07
-9.7372317213932721e-08
-8.0067323827964309e-08
-6.7049708722166058e-08
-5.7384492518227970e-08
-4.9975620675196712e-08
-4.3946218060748255e-08
-3.9062821484850278e-08
-3.5059465923594590e-08
-3.1684824075450445e-08
-2.8802429747574524e-08
-2.6343280420455802e-08
-2.4221467067817857e-08
-3.8515710219881437e-07
-5.2403417891470233e-04
-7.2072529508623721e-04
-6.8317410348913224e-04
-6.4436412082186675e-04
-6.0126967643708460e-04
-5.5968561009168397e-04
-5.1982752824837608e-04
-4.7957811426063029e-04
-4.3828772052135253e-04
-3.9416915851913503e-04
-3.5534702006467995e-04
-3.1803994447448213e-04
-2.8282508427237142e-04
-2.4568845378166842e-04
-2.1548337095879738e-04
-1.8919493542416676e-04
-1.6620062181334862e-04
-1.4448447364396477e-04
-1.2803630295223507e-04
-1.1556096683223996e-04
-1.0571124793032746e-04
-9.7770819918504125e-05
-9.2822607929839444e-05
-8.9805030580399553e-05
-8.8156482215967516e-05
-8.7768799942570237e-05
-8.8258583574887749e-05
-8.9266834907966963e-05
-9.0722449790024145e-05
-9.2685997699565960e-05
-9.4413710189627517e-05
-9.6224987868757586e-05
-9.8068648576703747e-05
-9.9842458644805264e-05
-1.0132806559228492e-04
-1.0265698035086172e-04
-1.0393148086276246e-04
-1.0495829978565280e-04
-1.0579962271302043e-04
-1.0647653615890172e-04
-1.0708407359972334e-04
-1.0748068481693483e-04
-1.0771555094759165e-04
-1.0790052770134706e-04
-1.0798328651661694e-04
-1.0793179211717545e-04
-1.0781880509692331e-04
-1.0764638650820232e-04
-1.0738485581850705e-04
-1.0706649760176384e-04
-1.0672877085041047e-04
-1.0633904719094459e-04
-1.0591547210217152e-04
-1.0543020913204684e-04
-1.0495267671885640e-04
-1.0444782616308233e-04
-1.0389822716704997e-04
-1.0336888609502336e-04
-1.0282901870470086e-04
-1.0221752534268568e-04
-1.0164968345642300e-04
-1.0107889216353350e-04
-1.0045297470411834e-04
-9.9873538870486804e-05
-9.9298020264605868e-05
-9.8629475248028682e-05
-9.8050769149732049e-05
-9.7453349451256686e-05
-9.6804899353392868e-05
-9.6227504645517647e-05
-9.5614923488315004e-05
-9.4970226418016342e-05
-9.4389603778683673e-05
-9.3756951670056671e-05
-9.3148289323369309e-05
-9.2577939068256443e-05
-9.1918771308747215e-05
-9.1338904980762148e-05
-9.0757080287951836e-05
-9.0087486733868183e-05
-8.9549170798656908e-05
-8.8938395707580602e-05
-8.8317422601759700e-05
-8.7778669490476375e-05
-8.7116884650852611e-05
-8.6561113932864391e-05
-8.5998462828340498e-05
-8.5360668359278210e-05
-8.4831724676382651e-05
-8.4217048938309199e-05
-8.3634289184253901e-05
-8.3099815395033948e-05
-8.2470169059831091e-05
-8.1945675221906629e-05
-8.1351949811962995e-05
-8.0790973019830944e-05
-8.0235418461841005e-05
-7.9646672359918693e-05
-7.9127623647471396e-05
-7.8516996030118211e-05
-7.8006631004785368e-05
-7.7434100540351371e-05
-7.6869145590048412e-05
-7.6367810725076844e-05
-7.5747237072773188e-05
-7.5269807014492586e-05
-7.4676694954136136e-05
-7.4163794566146522e-05
-7.3619823007011135e-05
-7.3073499063816257e-05
-7.2550716298839092e-05
-7.1998182471822141e-05
-7.1503552467930083e-05
-7.0920207795424793e-05
-7.0452643392896112e-05
-6.9870310368570342e-05
-6.9383242472339824e-05
-6.8839968587747831e-05
-6.8323476747831049e-05
-6.7808707719551120e-05
-6.7285799175321464e-05
-6.6778892560827917e-05
-6.6252778016544651e-05
-6.5756846512271614e-05
-6.5211615217881938e-05
-6.4749285335268921e-05
-6.4182163009235087e-05
-6.3734867491077449e-05
-6.3174466558347649e-05
-6.2721083042965230e-05
-6.2168361952014603e-05
-6.1715788763613968e-05
-6.1156125089108094e-05
-6.0720813331107177e-05
-6.0154695642779092e-05
-5.9721415078692032e-05
-5.9167392462140556e-05
-5.8724922282104639e-05
-5.8179533997601230e-05
-5.7732314998922138e-05
-5.7187642696161671e-05
-5.6749538540142394e-05
-5.6203706647325552e-05
-5.5757450405322842e-05
-5.5237434540587405e-05
-5.4765636977231894e-05
-5.4272924259587164e-05
-5.3782267792613403e-05
-5.3297845002044717e-05
-5.2803711861718561e-05
-5.2327779583659369e-05
-5.1822651814514533e-05
-5.1368958684429937e-05
-5.0837712035501518e-05
-5.0399794857418434e-05
-4.9868432970420554e-05
-4.9417157945482239e-05
-4.8912950776106468e-05
-4.8428118768448125e-05
-4.7960220115971458e-05
-4.7441608841685979e-05
-4.7000155240449792e-05
-4.6462972278312382e-05
-4.6010457248969924e-05
-4.5508853625282350e-05
-4.5025253406638138e-05
-4.4549332401348129e-05
-4.4039466353072089e-05
-4.3587675084976522e-05
-4.3052478341677852e-05
-4.2591820950336912e-05
-4.2090237518414013e-05
-4.1594326509605101e-05
-4.1126877628422273e-05
-4.0591757362412115e-05
-4.0123857976203377e-05
-3.9621757831656314e-05
-3.9116730430622517e-05
-3.8643083150106750e-05
-3.8100484720774760e-05
0.0000000000000000e+00
];
