%Vec Object:dSdr_b_aug_1950 1 MPI processes
%  type: seq
dSdr_b_aug_1950 = [
2.4121809203859498e+03
0.0000000000000000e+00
-1.6089756814557418e-06
-6.5917777456237697e-07
-4.0443630875716549e-07
-2.8489617116776662e-07
-2.1347602331310356e-07
-1.6936312910836076e-07
-1.3946608720094354e-07
-1.1687623657628159e-07
-1.0010707725911810e-07
-8.7256362246331078e-08
-7.6785465914637626e-08
-6.8303482869449490e-08
-6.1350891354197500e-08
-5.5488782246401704e-08
-5.0480264690616651e-08
-4.6207504028883460e-08
-4.2513707029917735e-08
-3.9255000702082022e-08
-3.6400320247759961e-08
-3.3882781828242877e-08
-3.1923370102409704e-08
-1.8512331623809081e-06
-4.0262451694337924e-04
-5.8198041635687081e-04
-5.4540081573488711e-04
-5.0369739746996644e-04
-4.6076880158075329e-04
-4.1493692427769542e-04
-3.7461505713491682e-04
-3.3589087370068129e-04
-2.9935639080335666e-04
-2.6084292401012228e-04
-2.2952502628812815e-04
-2.0227459065735496e-04
-1.7844138394053282e-04
-1.5593158113817759e-04
-1.3888174410015710e-04
-1.2594746929070911e-04
-1.1572562413782413e-04
-1.0747639381125110e-04
-1.0232362891604341e-04
-9.9165259550108785e-05
-9.7420625000260773e-05
-9.6974735587445241e-05
-9.7435765079855052e-05
-9.8431460587322059e-05
-9.9888133197155403e-05
-1.0185917446248355e-04
-1.0359227904705915e-04
-1.0541197646244940e-04
-1.0726006168523639e-04
-1.0903251025742972e-04
-1.1051241318242880e-04
-1.1182867609818574e-04
-1.1308160203485793e-04
-1.1408364880851291e-04
-1.1489609916635294e-04
-1.1553644624631449e-04
-1.1610110958404299e-04
-1.1645410145364801e-04
-1.1664045324381280e-04
-1.1676715194650067e-04
-1.1679652923270844e-04
-1.1668835571721315e-04
-1.1651251210143096e-04
-1.1627527589536179e-04
-1.1595087586332890e-04
-1.1556608108202662e-04
-1.1515755762767367e-04
-1.1470242928777223e-04
-1.1421316121280776e-04
-1.1365003457100719e-04
-1.1310538192853996e-04
-1.1253381676043885e-04
-1.1190513551014325e-04
-1.1130901743241627e-04
-1.1070262488857028e-04
-1.1001010445112505e-04
-1.0937529234775763e-04
-1.0873679464880165e-04
-1.0803214039894240e-04
-1.0738610373609715e-04
-1.0674350343830801e-04
-1.0599549484991096e-04
-1.0535045579436959e-04
-1.0468509740975097e-04
-1.0396047229734800e-04
-1.0331784501270815e-04
-1.0263625599776297e-04
-1.0191718624422051e-04
-1.0127189195839273e-04
-1.0056830121857243e-04
-9.9889850867978538e-05
-9.9255938820775241e-05
-9.8523526878861441e-05
-9.7876662250013992e-05
-9.7231109111781044e-05
-9.6486898510204577e-05
-9.5885763418767500e-05
-9.5208895956887525e-05
-9.4517669848548079e-05
-9.3916950804684605e-05
-9.3183536815193445e-05
-9.2563629261558823e-05
-9.1937589803565238e-05
-9.1229478398767747e-05
-9.0639723942025641e-05
-8.9955973888525002e-05
-8.9308193604175016e-05
-8.8712600078050185e-05
-8.8011690707681651e-05
-8.7428333451719135e-05
-8.6766382099833072e-05
-8.6142240020787591e-05
-8.5524017473924017e-05
-8.4867491705188758e-05
-8.4289463811548811e-05
-8.3609772348194737e-05
-8.3039193321351321e-05
-8.2402561299279545e-05
-8.1772643835760776e-05
-8.1211276685938191e-05
-8.0522082409400768e-05
-7.9987066542635217e-05
-7.9325582909935385e-05
-7.8754271719155882e-05
-7.8144340084538035e-05
-7.7535770754196884e-05
-7.6951431995140901e-05
-7.6333130912010862e-05
-7.5780632888308475e-05
-7.5128130984776251e-05
-7.4604274006922220e-05
-7.3953362508182125e-05
-7.3407685582161256e-05
-7.2799365097658112e-05
-7.2221364354664873e-05
-7.1644041386096868e-05
-7.1057765254924933e-05
-7.0490201671889296e-05
-6.9898561087711992e-05
-6.9343142110245748e-05
-6.8731262166136744e-05
-6.8210186553547823e-05
-6.7575741081869092e-05
-6.7070262283217517e-05
-6.6441818185206567e-05
-6.5931735402306694e-05
-6.5308581330571712e-05
-6.4799807088689786e-05
-6.4169377980478380e-05
-6.3678095746309477e-05
-6.3040760346422223e-05
-6.2551101031165833e-05
-6.1926563617015041e-05
-6.1427047767972391e-05
-6.0811169407877650e-05
-6.0305552546299445e-05
-5.9691052809393036e-05
-5.9193260429870893e-05
-5.8578473385126665e-05
-5.8071460946441302e-05
-5.7482714214091205e-05
-5.6948989870533059e-05
-5.6388529252782024e-05
-5.5833706066719122e-05
-5.5282894423982033e-05
-5.4722132844357472e-05
-5.4181492518987835e-05
-5.3607102619749907e-05
-5.3090838360589685e-05
-5.2486805022638860e-05
-5.1987610239099021e-05
-5.1383302245147115e-05
-5.0868564350191058e-05
-5.0293565255986062e-05
-4.9741426156324967e-05
-4.9205475307500275e-05
-4.8615506507740685e-05
-4.8109270820600235e-05
-4.7496036937340746e-05
-4.6978891988557889e-05
-4.6403110357998696e-05
-4.5850697262525675e-05
-4.5304492280760872e-05
-4.4720389674890302e-05
-4.4201622351496278e-05
-4.3587613675583048e-05
-4.3058498038304940e-05
-4.2482621743375179e-05
-4.1912429744684460e-05
-4.1375038388718131e-05
-4.0759112601576609e-05
-4.0220799865189373e-05
-3.9642549613169420e-05
-3.9060116972932719e-05
-3.8515965579283033e-05
-3.7893020072811195e-05
0.0000000000000000e+00
];
