%Vec Object:dSdr_b_aug_140 1 MPI processes
%  type: seq
dSdr_b_aug_140 = [
2.6224685767620299e+03
0.0000000000000000e+00
-8.4417582923735366e-06
-3.3842176458005233e-06
-2.0091401225827799e-06
-1.3912742810161312e-06
-1.0449100377290260e-06
-8.3161819487777446e-07
-6.8710477057972787e-07
-5.7620415470293985e-07
-4.9393399682531737e-07
-4.3094488662551986e-07
-3.7944729328548896e-07
-3.3771710818249396e-07
-3.0352423694336264e-07
-2.7468080208820198e-07
-2.5002247335767431e-07
-2.2899131852208930e-07
-2.1081207394029352e-07
-1.9476778856851863e-07
-1.8071514303831533e-07
-1.6832445663775313e-07
-1.5718530131736333e-07
-1.4722841620279054e-07
-1.3829674852211439e-07
-1.3019197303027829e-07
-1.2282215841264965e-07
-1.1612439209993085e-07
-1.0999673653911140e-07
-1.0435433122954265e-07
-9.9173692331438519e-08
-9.4400172681948820e-08
-8.9962374343412543e-08
-8.5853990048211381e-08
-8.2041707379452096e-08
-7.8476981143146377e-08
-7.5151372691905727e-08
-7.2045645008543655e-08
-6.9130222267110340e-08
-6.6393408727295154e-08
-6.3828850459835229e-08
-6.1429618244115695e-08
-5.9220285740481621e-08
-5.7314004972168739e-08
-5.6062995770628920e-08
-5.6623414801382910e-08
-6.2914889810063015e-08
-8.9267935788217181e-08
-1.8912945605008041e-07
-5.3613576405370429e-07
-1.6512634555742126e-06
-5.0742400949142861e-06
-1.4544642028945877e-05
-3.5009552031468724e-05
-6.4354415893939663e-05
-9.1713601028135648e-05
-1.1056564410756330e-04
-1.2206572771736013e-04
-1.2883181312817093e-04
-1.3275976999087147e-04
-1.3509914312017916e-04
-1.3639323299509396e-04
-1.3704557313648722e-04
-1.3735683304945328e-04
-1.3743942481937377e-04
-1.3729728463169615e-04
-1.3702863521776565e-04
-1.3666934214050461e-04
-1.3621374989791418e-04
-1.3568160792297988e-04
-1.3511109038349931e-04
-1.3450429762582153e-04
-1.3386129916731740e-04
-1.3311483667526484e-04
-1.3241184160072133e-04
-1.3168263667410980e-04
-1.3086687901426637e-04
-1.3011273983106579e-04
-1.2934887253790350e-04
-1.2846450485573977e-04
-1.2767111774724782e-04
-1.2687229144876466e-04
-1.2598118049358647e-04
-1.2517742382822368e-04
-1.2437596255457007e-04
-1.2343976899063084e-04
-1.2263764010443941e-04
-1.2181138876457368e-04
-1.2090636517933196e-04
-1.2010925314070654e-04
-1.1926423868127584e-04
-1.1836903847215099e-04
-1.1757058770117913e-04
-1.1669899901897704e-04
-1.1585527564641355e-04
-1.1507083550353544e-04
-1.1416496566607031e-04
-1.1335943464139529e-04
-1.1256295880441422e-04
-1.1164203915548269e-04
-1.1089213477864616e-04
-1.1005874737290592e-04
-1.0920114906442526e-04
-1.0845368326749731e-04
-1.0755063814749989e-04
-1.0677884276515967e-04
-1.0600268806442181e-04
-1.0512805319709561e-04
-1.0439428777218147e-04
-1.0354695708391862e-04
-1.0274519636639602e-04
-1.0200486028522542e-04
-1.0113518706466355e-04
-1.0041243074173628e-04
-9.9588908050534487e-05
-9.8815179306518209e-05
-9.8048547837795982e-05
-9.7231507725627998e-05
-9.6513806823811350e-05
-9.5670559929758332e-05
-9.4957383688632941e-05
-9.4168948017678110e-05
-9.3385188041814055e-05
-9.2681654179745343e-05
-9.1829954398487301e-05
-9.1158565679107353e-05
-9.0335166468352159e-05
-8.9625528829288855e-05
-8.8859392643535264e-05
-8.8103415967515105e-05
-8.7373302555416503e-05
-8.6599253810886413e-05
-8.5909715157214990e-05
-8.5093437664288620e-05
-8.4436271204788163e-05
-8.3622954938375574e-05
-8.2938482933935488e-05
-8.2176122079082351e-05
-8.1452459050362750e-05
-8.0726999072075516e-05
-7.9990659206516872e-05
-7.9279451316270391e-05
-7.8532635668367092e-05
-7.7836342305918153e-05
-7.7066629113110074e-05
-7.6406436064159919e-05
-7.5612560440226488e-05
-7.4969296618702304e-05
-7.4179717688695619e-05
-7.3535364828439980e-05
-7.2745416903059203e-05
-7.2103553024844896e-05
-7.1305543395772439e-05
-7.0681718227515666e-05
-6.9875731977664534e-05
-6.9252563635261816e-05
-6.8461040868431910e-05
-6.7826437544262551e-05
-6.7043633390442175e-05
-6.6399727896541313e-05
-6.5619872861732501e-05
-6.4980737329107049e-05
-6.4202662207606871e-05
-6.3551779065296597e-05
-6.2800277148580461e-05
-6.2119911958208717e-05
-6.1399026153233292e-05
-6.0692259992376214e-05
-5.9984244358836734e-05
-5.9265713055359552e-05
-5.8571852640255070e-05
-5.7833459883975458e-05
-5.7169040509703787e-05
-5.6392662680771014e-05
-5.5748381804362407e-05
-5.4971358529716684e-05
-5.4306367202222986e-05
-5.3563763254286774e-05
-5.2852277665605767e-05
-5.2155222468311416e-05
-5.1396330233160208e-05
-5.0736752132016421e-05
-4.9943502105809566e-05
-4.9273401898499900e-05
-4.8522072502546929e-05
-4.7806840330272180e-05
-4.7094362371271912e-05
-4.6334666424438780e-05
-4.5657551075281904e-05
-4.4857239310862442e-05
-4.4166438884040815e-05
-4.3415209642169818e-05
-4.2669916924967202e-05
-4.1968054815190854e-05
-4.1162550301875252e-05
-4.0460397079196552e-05
-3.9707110949169602e-05
-3.8952678611240717e-05
-3.8273395726100689e-05
-3.7629560149644830e-05
0.0000000000000000e+00
];
