%Vec Object:dSdr_b_aug_6840 1 MPI processes
%  type: seq
dSdr_b_aug_6840 = [
2.3037715701883744e+03
0.0000000000000000e+00
-7.6595096598564614e-07
-3.1664969267648298e-07
-1.9696996659214488e-07
-1.3994421532489580e-07
-1.0495096203095048e-07
-8.3313196393300634e-08
-6.8646963043266672e-08
-5.7619152047162646e-08
-4.9429571464599523e-08
-4.3151024489424665e-08
-3.8039643852411524e-08
-3.3898857448027227e-08
-3.0503875851663593e-08
-2.7641120818842256e-08
-2.5194976527258803e-08
-2.3114491484349992e-08
-1.2433186365814575e-06
-6.9493332608907177e-04
-7.4973534375337913e-04
-7.1103068528979830e-04
-6.7260664833983762e-04
-6.3432686639181631e-04
-5.9183568743254933e-04
-5.5081784696260204e-04
-5.1149067716135886e-04
-4.7177043550318456e-04
-4.3101316968204034e-04
-3.8744920092229399e-04
-3.4911235542723181e-04
-3.1226382314314410e-04
-2.7747596085456817e-04
-2.4078484103867427e-04
-2.1093983796706850e-04
-1.8496268219075939e-04
-1.6223981392393200e-04
-1.4078047305332678e-04
-1.2452698691105905e-04
-1.1220015213003381e-04
-1.0247084416471945e-04
-9.4630336996434156e-05
-8.9748313259105445e-05
-8.6776292851159837e-05
-8.5158835682689796e-05
-8.4789987843195580e-05
-8.5289075619611812e-05
-8.6301389706759551e-05
-8.7756662319381243e-05
-8.9717785538820496e-05
-9.1443753259459634e-05
-9.3252306496586595e-05
-9.5094535518748779e-05
-9.6868786048594116e-05
-9.8356238512059527e-05
-9.9689246943029421e-05
-1.0097072831491996e-04
-1.0200556276555417e-04
-1.0285622802556846e-04
-1.0354497333676769e-04
-1.0416638367903449e-04
-1.0457710894795444e-04
-1.0482767303671735e-04
-1.0503150705156948e-04
-1.0513153873815402e-04
-1.0509838423353541e-04
-1.0500573599351410e-04
-1.0485429072740936e-04
-1.0461310294998846e-04
-1.0431624191472819e-04
-1.0400142318185690e-04
-1.0363286281722107e-04
-1.0323054431463160e-04
-1.0277047606941710e-04
-1.0231466206810860e-04
-1.0183139867875109e-04
-1.0130738871766824e-04
-1.0079965500491753e-04
-1.0028131348250766e-04
-9.9696038457522339e-05
-9.9149866454175561e-05
-9.8600983258533212e-05
-9.8000543060508465e-05
-9.7442657598446555e-05
-9.6888844966685770e-05
-9.6246012398621951e-05
-9.5688770003519370e-05
-9.5113333583527577e-05
-9.4489531839226016e-05
-9.3933244780073255e-05
-9.3342992860810618e-05
-9.2722360955268073e-05
-9.2162664462852039e-05
-9.1552966344684712e-05
-9.0966885673962036e-05
-9.0417102445326689e-05
-8.9781634697546066e-05
-8.9223447366942532e-05
-8.8662243626725685e-05
-8.8016794311046129e-05
-8.7498805105213178e-05
-8.6909415888182241e-05
-8.6311174947239957e-05
-8.5792472507824718e-05
-8.5153865121494315e-05
-8.4618847527213390e-05
-8.4076707356259652e-05
-8.3461665741113488e-05
-8.2952398950694367e-05
-8.2360073985649683e-05
-8.1798353299276274e-05
-8.1283656376651762e-05
-8.0677069032011282e-05
-8.0171621971999107e-05
-7.9599972824350964e-05
-7.9059434790737095e-05
-7.8524158078300025e-05
-7.7957343836499473e-05
-7.7457379362637184e-05
-7.6869099135684523e-05
-7.6378217907737948e-05
-7.5826429159690304e-05
-7.5282494510544847e-05
-7.4800584645829445e-05
-7.4202214971713071e-05
-7.3743418295178905e-05
-7.3172429627355566e-05
-7.2678429570999524e-05
-7.2155801104424269e-05
-7.1629618272533446e-05
-7.1126753548976998e-05
-7.0595500425972021e-05
-7.0119595127211059e-05
-6.9558628074189473e-05
-6.9109278603655735e-05
-6.8549135929852197e-05
-6.8081032516365767e-05
-6.7558806156636013e-05
-6.7062217130770018e-05
-6.6567689066585463e-05
-6.6065284764426624e-05
-6.5578005303901823e-05
-6.5073093428010017e-05
-6.4596410661467413e-05
-6.4072745289047104e-05
-6.3629424138337621e-05
-6.3084085989854513e-05
-6.2655617213654591e-05
-6.2117233444731484e-05
-6.1682196487041518e-05
-6.1152265851987411e-05
-6.0717878018117909e-05
-6.0181112380742440e-05
-5.9763911375678542e-05
-5.9220838079359125e-05
-5.8805800385167591e-05
-5.8274594724821193e-05
-5.7850583224032156e-05
-5.7328003908034192e-05
-5.6899681138314322e-05
-5.6377603403759730e-05
-5.5958813020937502e-05
-5.5435293464314346e-05
-5.5008696584238634e-05
-5.4510920502766565e-05
-5.4059161096983272e-05
-5.3588370122807209e-05
-5.3118476631411119e-05
-5.2655535860604929e-05
-5.2182962283527306e-05
-5.1727968197021208e-05
-5.1245252234114469e-05
-5.0811805890410765e-05
-5.0304111567842094e-05
-4.9886022688207585e-05
-4.9378264787478687e-05
-4.8947525247108825e-05
-4.8466225123542393e-05
-4.8003172618125463e-05
-4.7557294640211770e-05
-4.7061773660061852e-05
-4.6641282803417697e-05
-4.6128709049716405e-05
-4.5697107826025201e-05
-4.5219507746877206e-05
-4.4758175303736758e-05
-4.4304998415797576e-05
-4.3819155883843365e-05
-4.3389039374173919e-05
-4.2879348001304755e-05
-4.2440846865015119e-05
-4.1963309251468141e-05
-4.1491442654325697e-05
-4.1046638208062176e-05
-4.0537684052462632e-05
-4.0092600304324257e-05
-3.9615197757665250e-05
-3.9135338498072492e-05
-3.8684846022820862e-05
-3.8170057727584928e-05
0.0000000000000000e+00
];
