%Vec Object:dSdr_b_aug_3210 1 MPI processes
%  type: seq
dSdr_b_aug_3210 = [
2.3697432286919898e+03
0.0000000000000000e+00
-1.1930635969803980e-06
-4.9095380263458148e-07
-3.0318206199560888e-07
-2.1448106456602590e-07
-1.6087260557360569e-07
-1.2774490435047638e-07
-1.0529136901429584e-07
-8.8356228679552372e-08
-7.5782183111039321e-08
-6.6144598420392443e-08
-5.8292929285005674e-08
-5.1932003335725806e-08
-4.6717400197949518e-08
-4.2320017401688494e-08
-3.8562269337882886e-08
-3.5356219785667279e-08
-3.2584260327114098e-08
-3.0138084419279299e-08
-2.8160343159980117e-08
-3.5943209860264013e-06
-5.8947712030070639e-04
-6.5810835275678604e-04
-6.1564191464911740e-04
-5.7322835770860770e-04
-5.3256047965800045e-04
-4.9150289600975413e-04
-4.4939825065168609e-04
-4.0443265056083538e-04
-3.6486931717901562e-04
-3.2686190179867893e-04
-2.9099488155182653e-04
-2.5317781626237469e-04
-2.2242277850235704e-04
-1.9565892096084521e-04
-1.7225002501909548e-04
-1.5014165144109401e-04
-1.3339613627188121e-04
-1.2069399192137588e-04
-1.1066036764146497e-04
-1.0256732904711170e-04
-9.7518026710741092e-05
-9.4430869753168469e-05
-9.2734835477223669e-05
-9.2318387180232353e-05
-9.2793960509326702e-05
-9.3796006771397280e-05
-9.5252144421723457e-05
-9.7219395596163079e-05
-9.8949772901508641e-05
-1.0076521165968555e-04
-1.0261105899990928e-04
-1.0438419621744851e-04
-1.0586698419622410e-04
-1.0718964636373872e-04
-1.0845348465783004e-04
-1.0946806111834883e-04
-1.1029511515033350e-04
-1.1095395741544069e-04
-1.1154030638323486e-04
-1.1191536082742969e-04
-1.1212625107258012e-04
-1.1228242670066680e-04
-1.1233880426041674e-04
-1.1225929893345278e-04
-1.1211524806637836e-04
-1.1191079649172355e-04
-1.1161819572445158e-04
-1.1126700450773421e-04
-1.1089428996643208e-04
-1.1047224326085320e-04
-1.1001620264248963e-04
-1.0949245936818427e-04
-1.0898175607547522e-04
-1.0844393509475893e-04
-1.0785525356338714e-04
-1.0729291122807274e-04
-1.0672016703855543e-04
-1.0606863000259915e-04
-1.0546769136303916e-04
-1.0486343948966153e-04
-1.0419861021469433e-04
-1.0358626016193382e-04
-1.0297758968363092e-04
-1.0226977364935532e-04
-1.0165828570400964e-04
-1.0102729060442637e-04
-1.0034119469847777e-04
-9.9731561952684199e-05
-9.9084877007416249e-05
-9.8403424843464593e-05
-9.7790841378276618e-05
-9.7123131289694745e-05
-9.6479979604759773e-05
-9.5878217015133043e-05
-9.5182851868059340e-05
-9.4569874877125737e-05
-9.3956555489020050e-05
-9.3250086074831510e-05
-9.2680724816290904e-05
-9.2037286769895794e-05
-9.1381594513892270e-05
-9.0812217735654577e-05
-9.0115033651373911e-05
-8.9527566402417127e-05
-8.8933588667916289e-05
-8.8261043452198803e-05
-8.7702046983108168e-05
-8.7053234603121646e-05
-8.6438341594171462e-05
-8.5873662328324167e-05
-8.5208797681975840e-05
-8.4655213443540140e-05
-8.4027770658545484e-05
-8.3435577475060395e-05
-8.2849052291062843e-05
-8.2226809363473278e-05
-8.1678613039379717e-05
-8.1033853952535795e-05
-8.0493731065012377e-05
-7.9889521501614536e-05
-7.9292461966527463e-05
-7.8761459043410882e-05
-7.8106972961416256e-05
-7.7601083897111431e-05
-7.6974182488452137e-05
-7.6432415380326234e-05
-7.5855846238049278e-05
-7.5278760516352768e-05
-7.4725556671751013e-05
-7.4140520552272164e-05
-7.3617292070942352e-05
-7.2999769774137387e-05
-7.2504385480689086e-05
-7.1888160853707754e-05
-7.1372128270174925e-05
-7.0796708240182529e-05
-7.0249818589902458e-05
-6.9704135291693954e-05
-6.9149910371474858e-05
-6.8613026972430151e-05
-6.8054529340055400e-05
-6.7529199016500582e-05
-6.6951029837014807e-05
-6.6459667704510479e-05
-6.5859274154778287e-05
-6.5383224348596023e-05
-6.4789196355562946e-05
-6.4307791951868633e-05
-6.3720262747964112e-05
-6.3239914887326443e-05
-6.2645278798703098e-05
-6.2182306317751284e-05
-6.1580992696075451e-05
-6.1119849635999531e-05
-6.0530978464163030e-05
-6.0060316192788997e-05
-5.9480091566963287e-05
-5.9004012216504128e-05
-5.8424831046402066e-05
-5.7957228835552112e-05
-5.7377319153272762e-05
-5.6901037056489790e-05
-5.6347054237657274e-05
-5.5844652307898570e-05
-5.5318458412592548e-05
-5.4796090588833237e-05
-5.4278858254585766e-05
-5.3751797160291025e-05
-5.3243885982769705e-05
-5.2704528671248274e-05
-5.2219912694726209e-05
-5.1652694642129773e-05
-5.1184493858846324e-05
-5.0617081759708033e-05
-5.0134443140752790e-05
-4.9595250328227956e-05
-4.9077154867811003e-05
-4.8575624507424522e-05
-4.8021747996203753e-05
-4.7548278719373135e-05
-4.6973510959560625e-05
-4.6489055362656708e-05
-4.5950792424833087e-05
-4.5433184268817758e-05
-4.4922528203721716e-05
-4.4375973586554381e-05
-4.3891081727763653e-05
-4.3316934831039703e-05
-4.2822443760794073e-05
-4.2284142669560990e-05
-4.1751519116719568e-05
-4.1249500602825487e-05
-4.0674440111634722e-05
-4.0171732582775521e-05
-3.9631981278108446e-05
-3.9088662640599227e-05
-3.8580067301395271e-05
-3.7997205993793050e-05
0.0000000000000000e+00
];
