%Vec Object:dSdr_b_aug_5870 1 MPI processes
%  type: seq
dSdr_b_aug_5870 = [
2.3201523582975501e+03
0.0000000000000000e+00
-8.5301026022431759e-07
-3.5253481748919985e-07
-2.1910466952640484e-07
-1.5564567260706858e-07
-1.1682622261584612e-07
-9.2824946709654131e-08
-7.6556032798155756e-08
-6.4310670786548250e-08
-5.5216757245644037e-08
-4.8245124843243771e-08
-4.2566989177398742e-08
-3.7966540409346463e-08
-3.4194633685232470e-08
-3.1013493907498450e-08
-2.8294729958245494e-08
-2.5974853670379100e-08
-2.4389276554562287e-08
-2.9433560148482551e-05
-7.4587692951420272e-04
-7.1668785974261632e-04
-6.7806306170453863e-04
-6.3950149663474602e-04
-5.9669916193381793e-04
-5.5538941322050175e-04
-5.1578854414345869e-04
-4.7579550020584939e-04
-4.3476339290793526e-04
-3.9091351674248008e-04
-3.5232648996011748e-04
-3.1524156654352294e-04
-2.8023357560580311e-04
-2.4331278333865547e-04
-2.1328214970002746e-04
-1.8714452103671544e-04
-1.6428171557222174e-04
-1.4268998380835319e-04
-1.2633613267504649e-04
-1.1393274155403399e-04
-1.0414135858408711e-04
-9.6249339588214976e-05
-9.1333194046461003e-05
-8.8337687722629283e-05
-8.6704202113470398e-05
-8.6325644519426407e-05
-8.6819935661228221e-05
-8.7830155194378186e-05
-8.9285604226379362e-05
-9.1247977485547192e-05
-9.2974844725902353e-05
-9.4784802525839680e-05
-9.6627769658094075e-05
-9.8401793128695595e-05
-9.9888294155422774e-05
-1.0121919216773036e-04
-1.0249707470127239e-04
-1.0352777691685518e-04
-1.0437362594045878e-04
-1.0505627159698524e-04
-1.0567053007769406e-04
-1.0607397916692904e-04
-1.0631645053161043e-04
-1.0651056311925904e-04
-1.0660169017398805e-04
-1.0655908095963043e-04
-1.0645594753240478e-04
-1.0629368995630026e-04
-1.0604201486258799e-04
-1.0573407145536410e-04
-1.0540744302727853e-04
-1.0502797241882782e-04
-1.0461469557863366e-04
-1.0414163878200008e-04
-1.0367462836040749e-04
-1.0318023621158232e-04
-1.0264303442272950e-04
-1.0212416154106259e-04
-1.0159472286088961e-04
-1.0099593158709236e-04
-1.0043858818289241e-04
-9.9878410780843295e-05
-9.9264836378577321e-05
-9.8695841127469300e-05
-9.8130838489594716e-05
-9.7474750472672269e-05
-9.6906442968790077e-05
-9.6319673585460247e-05
-9.5683164961637569e-05
-9.5115996349580693e-05
-9.4514233116153114e-05
-9.3881194980642585e-05
-9.3310710504622557e-05
-9.2689178996301728e-05
-9.2091456873412200e-05
-9.1531070797519555e-05
-9.0883385066296263e-05
-9.0314021638346093e-05
-8.9742187250823065e-05
-8.9084290941432583e-05
-8.8555822768232215e-05
-8.7955408570516524e-05
-8.7345448604089421e-05
-8.6816409519459905e-05
-8.6165853549995521e-05
-8.5620137178304235e-05
-8.5067423085434949e-05
-8.4440651779625346e-05
-8.3921241037614074e-05
-8.3317393665385584e-05
-8.2744826790572169e-05
-8.2219934377450636e-05
-8.1601459521265610e-05
-8.1086193350962197e-05
-8.0503163314306507e-05
-7.9952088568102271e-05
-7.9406358098097987e-05
-7.8828237410883702e-05
-7.8318434515567642e-05
-7.7718633626811952e-05
-7.7217707994668537e-05
-7.6655226352378183e-05
-7.6100455191396139e-05
-7.5608531234554541e-05
-7.4998714832507412e-05
-7.4530312164457891e-05
-7.3947918313159092e-05
-7.3444174646194720e-05
-7.2910543261761658e-05
-7.2373977165306414e-05
-7.1860844175836839e-05
-7.1318620298871930e-05
-7.0833061931083896e-05
-7.0260558636080802e-05
-6.9801818898666018e-05
-6.9230236525743584e-05
-6.8752356433089703e-05
-6.8219279531740086e-05
-6.7712430093243387e-05
-6.7207467291641575e-05
-6.6694492525929961e-05
-6.6197094764377094e-05
-6.5681252368939613e-05
-6.5194646386115842e-05
-6.4659863228785902e-05
-6.4206742592403654e-05
-6.3650174144139120e-05
-6.3211999704433590e-05
-6.2662265526909939e-05
-6.2217770455237306e-05
-6.1676090761108438e-05
-6.1232327919857866e-05
-6.0683757764838482e-05
-6.0257220213868946e-05
-5.9702266952888911e-05
-5.9277824605903303e-05
-5.8734856233184286e-05
-5.8301328827697713e-05
-5.7766990920905649e-05
-5.7328926682158029e-05
-5.6795200890322682e-05
-5.6366453788206985e-05
-5.5831431677791387e-05
-5.5394699924287032e-05
-5.4885458698315368e-05
-5.4423369147432352e-05
-5.3941276994426884e-05
-5.3460679704271687e-05
-5.2986664453678429e-05
-5.2502976427163509e-05
-5.2037188231165745e-05
-5.1542918479527530e-05
-5.1099034479740968e-05
-5.0579198419182470e-05
-5.0150887645828828e-05
-4.9630961399556757e-05
-4.9189635420724101e-05
-4.8696526275142635e-05
-4.8222246046591548e-05
-4.7765016039079516e-05
-4.7257591643276124e-05
-4.6826294212105608e-05
-4.6301034082335149e-05
-4.5858651610650569e-05
-4.5368677510355974e-05
-4.4895865964616173e-05
-4.4430964515389824e-05
-4.3932738002560443e-05
-4.3491448544331676e-05
-4.2968609707959894e-05
-4.2518688024359669e-05
-4.2028756280475302e-05
-4.1544497085501227e-05
-4.1088023049968852e-05
-4.0565586003637788e-05
-4.0108750689853266e-05
-3.9618634969232907e-05
-3.9125841559864637e-05
-3.8663526746622170e-05
-3.8135011954769551e-05
0.0000000000000000e+00
];
