%Vec Object:dSdr_b_aug_9140 1 MPI processes
%  type: seq
dSdr_b_aug_9140 = [
2.2782616905119166e+03
0.0000000000000000e+00
-6.5067932214956519e-07
-2.6955803888595810e-07
-1.6817572813609144e-07
-1.1972834384462348e-07
-8.9841149571115010e-08
-7.1355927414644988e-08
-5.8825924978492721e-08
-4.9412483391848920e-08
-4.2420926362529515e-08
-3.7060253674408162e-08
-3.2696401193938804e-08
-2.9160946788081222e-08
-2.6262034494542845e-08
-2.3817345735035900e-08
-2.1732757177897680e-08
-1.9719643047455161e-06
-7.7150392132428660e-04
-7.8008431336881333e-04
-7.3828317335357244e-04
-6.9964077411097038e-04
-6.6178615787200739e-04
-6.2406735927571005e-04
-5.8219313623855749e-04
-5.4175404777664243e-04
-5.0296952695515651e-04
-4.6379015582889748e-04
-4.2357780356245064e-04
-3.8058068820792136e-04
-3.4273986384187119e-04
-3.0636001169047778e-04
-2.7200858678137887e-04
-2.3577282636209510e-04
-2.0629586317586331e-04
-1.8063686871141438e-04
-1.5819144687832885e-04
-1.3699459077689502e-04
-1.2094009329948934e-04
-1.0876504298179355e-04
-9.9158808057448985e-05
-9.1420430844683947e-05
-8.6606058706962608e-05
-8.3680602106947591e-05
-8.2094923218417029e-05
-8.1745325948611361e-05
-8.2253923332419352e-05
-8.3270389780228446e-05
-8.4725312363527784e-05
-8.6683957109713963e-05
-8.8408141322637198e-05
-9.0213909734101471e-05
-9.2054675275604500e-05
-9.3829375919764541e-05
-9.5318714688019456e-05
-9.6655907279853692e-05
-9.7944523826668751e-05
-9.8987550993584965e-05
-9.9847765106465618e-05
-1.0054860383866909e-04
-1.0118419375883723e-04
-1.0160934508736008e-04
-1.0187595415721950e-04
-1.0209906229785992e-04
-1.0221674869532890e-04
-1.0220233951361420e-04
-1.0213047967063553e-04
-1.0200047137175513e-04
-1.0178007621524161e-04
-1.0150518758722288e-04
-1.0121378328756561e-04
-1.0086685406277260e-04
-1.0048626205390393e-04
-1.0005194550000912e-04
-9.9618330027740360e-05
-9.9157131020739437e-05
-9.8659275778220266e-05
-9.8173627087303020e-05
-9.7677287293941302e-05
-9.7118810201617928e-05
-9.6594787126201800e-05
-9.6068296338992356e-05
-9.5493896615613463e-05
-9.4958037928371999e-05
-9.4426411113899387e-05
-9.3809859406993360e-05
-9.3274555202587357e-05
-9.2721588034658356e-05
-9.2122979533227598e-05
-9.1588266739346639e-05
-9.1020837679711328e-05
-9.0424802936102332e-05
-8.9886495194881478e-05
-8.9300258500158130e-05
-8.8737258707811685e-05
-8.8208497171123301e-05
-8.7597253360141347e-05
-8.7061224274316429e-05
-8.6521097344366868e-05
-8.5900326012565089e-05
-8.5403112889602284e-05
-8.4835582314589218e-05
-8.4260576068815232e-05
-8.3762367552968911e-05
-8.3147449994017846e-05
-8.2633644303953973e-05
-8.2112468493060863e-05
-8.1520682719508753e-05
-8.1031527810290608e-05
-8.0462047717345459e-05
-7.9921831200422275e-05
-7.9427348343222455e-05
-7.8844329744465788e-05
-7.8358350521461246e-05
-7.7809265666699943e-05
-7.7289618222623293e-05
-7.6775067629515753e-05
-7.6230670086221720e-05
-7.5750211738200105e-05
-7.5184772925990535e-05
-7.4713806215537853e-05
-7.4183217712287683e-05
-7.3660768051270122e-05
-7.3198712607161227e-05
-7.2623037765257026e-05
-7.2183286390836349e-05
-7.1634910188108475e-05
-7.1160228285128990e-05
-7.0659414733935443e-05
-7.0153818264489319e-05
-6.9671311902193286e-05
-6.9161809926839108e-05
-6.8705043272502403e-05
-6.8166948531646292e-05
-6.7736216663062562e-05
-6.7198754892625910e-05
-6.6750035201848905e-05
-6.6249321655863208e-05
-6.5773075427329254e-05
-6.5299235785839149e-05
-6.4817789004552163e-05
-6.4350570587374961e-05
-6.3867330098483965e-05
-6.3410321593578527e-05
-6.2908698892055924e-05
-6.2484806691439905e-05
-6.1961734294326310e-05
-6.1552508455122118e-05
-6.1036628574353202e-05
-6.0620343754159211e-05
-6.0113707394171565e-05
-5.9697906930991225e-05
-5.9184545528166485e-05
-5.8785855642991634e-05
-5.8266336171489667e-05
-5.7869944634768917e-05
-5.7362060335590376e-05
-5.6956915572405965e-05
-5.6457649453235018e-05
-5.6048640643497767e-05
-5.5549656965749915e-05
-5.5150607317522409e-05
-5.4649893346423534e-05
-5.4243390429334081e-05
-5.3768345776407551e-05
-5.3337067502965695e-05
-5.2888682886548123e-05
-5.2440011368485098e-05
-5.1999027510636918e-05
-5.1548490104031281e-05
-5.1114897079675577e-05
-5.0655088369886619e-05
-5.0242336397930790e-05
-4.9758715060872202e-05
-4.9360892812825049e-05
-4.8877260698457667e-05
-4.8467510607934612e-05
-4.8009623921657239e-05
-4.7568832382734946e-05
-4.7145461873757912e-05
-4.6673541626031425e-05
-4.6274476917279436e-05
-4.5787056383372445e-05
-4.5376831280506027e-05
-4.4923765359979512e-05
-4.4485192928510677e-05
-4.4055262916292007e-05
-4.3593974931096134e-05
-4.3186012272227474e-05
-4.2702390021764375e-05
-4.2286534823846093e-05
-4.1833574435662283e-05
-4.1386283550901149e-05
-4.0964623767891996e-05
-4.0482413581629376e-05
-4.0060648842857602e-05
-3.9608487949190010e-05
-3.9154348894888185e-05
-3.8727510316011369e-05
-3.8241075158033695e-05
0.0000000000000000e+00
];
