%Vec Object:dSdr_b_aug_4810 1 MPI processes
%  type: seq
dSdr_b_aug_4810 = [
2.3380745184081311e+03
0.0000000000000000e+00
-9.6047214596636678e-07
-3.9595407466519335e-07
-2.4528387262464953e-07
-1.7379975407320685e-07
-1.3027284570431709e-07
-1.0336757460574706e-07
-8.5131792710130662e-08
-7.1401790754595036e-08
-6.1206940951175695e-08
-5.3392121200125485e-08
-4.7028916475998791e-08
-4.1874304852182232e-08
-3.7648477389567854e-08
-3.4085399428104853e-08
-3.1041115556716507e-08
-2.8443748909023367e-08
-2.6198199591469192e-08
-3.1661430248116967e-08
-1.3967944092534986e-04
-7.2011589181862710e-04
-6.8508338164734357e-04
-6.4620597036388696e-04
-6.0300133764864844e-04
-5.6131334993412066e-04
-5.2135781592691248e-04
-4.8101126870806545e-04
-4.3962301565492580e-04
-3.9540265424353331e-04
-3.5649143692302425e-04
-3.1910019255632478e-04
-2.8380695395650705e-04
-2.4658854694091791e-04
-2.1631736902159580e-04
-1.8997179596491994e-04
-1.6692765671390692e-04
-1.4516436982726710e-04
-1.2868046346414260e-04
-1.1617786890725090e-04
-1.0630604774724466e-04
-9.8347278568545861e-05
-9.3386917246850471e-05
-9.0360977605517123e-05
-8.8706722226273972e-05
-8.8315582741891292e-05
-8.8803658508247670e-05
-8.9811164066388850e-05
-9.1266841744083320e-05
-9.3230834690562694e-05
-9.4958867416850039e-05
-9.6770645158820515e-05
-9.8614568636838776e-05
-1.0038829777288253e-04
-1.0187356580756349e-04
-1.0320172906602058e-04
-1.0447494816303295e-04
-1.0550029575306924e-04
-1.0633990380543529e-04
-1.0701464540731128e-04
-1.0761963635919861e-04
-1.0801365682432107e-04
-1.0824564146738112e-04
-1.0842715682267710e-04
-1.0850674506618756e-04
-1.0845188423658583e-04
-1.0833516387778442e-04
-1.0815889547658430e-04
-1.0789363069140130e-04
-1.0757132650576071e-04
-1.0722939481714375e-04
-1.0683578647711678e-04
-1.0640830958400835e-04
-1.0591842193748701e-04
-1.0543690294956948e-04
-1.0492808991051515e-04
-1.0437379386097823e-04
-1.0384048659984606e-04
-1.0329666797904019e-04
-1.0268036205182233e-04
-1.0210854250073371e-04
-1.0153372981742721e-04
-1.0090313582316681e-04
-1.0031974426264095e-04
-9.9740241368148508e-05
-9.9066976647256276e-05
-9.8484330731273844e-05
-9.7882875843718036e-05
-9.7229901364082033e-05
-9.6648632195356110e-05
-9.6031952346388140e-05
-9.5382837943151609e-05
-9.4798374159379189e-05
-9.4161508681845000e-05
-9.3548701307257119e-05
-9.2974575827177046e-05
-9.2311057761845468e-05
-9.1727212099197185e-05
-9.1141602283308513e-05
-9.0467576882912980e-05
-8.9925529831497202e-05
-8.9310829215756264e-05
-8.8685683469040934e-05
-8.8143249923461158e-05
-8.7477210707504263e-05
-8.6917630615620156e-05
-8.6351214593025384e-05
-8.5709243686189529e-05
-8.5176688179473760e-05
-8.4557909808607735e-05
-8.3971288194482804e-05
-8.3433184231003227e-05
-8.2799305265344135e-05
-8.2271315266344225e-05
-8.1673537612831967e-05
-8.1108809152408837e-05
-8.0549532463030716e-05
-7.9956760624173826e-05
-7.9434208875525897e-05
-7.8819479248322199e-05
-7.8305537845473850e-05
-7.7729200104193077e-05
-7.7160386741132025e-05
-7.6655486292054914e-05
-7.6030836955628245e-05
-7.5549986620853665e-05
-7.4952813669015625e-05
-7.4436444004818010e-05
-7.3888554784224631e-05
-7.3338533811953145e-05
-7.2812094964256341e-05
-7.2255654928889270e-05
-7.1757587888200710e-05
-7.1170135661958851e-05
-7.0699227795896019e-05
-7.0112821593375346e-05
-6.9622272649519246e-05
-6.9075135361305306e-05
-6.8554990237898916e-05
-6.8036505856986491e-05
-6.7509833634383075e-05
-6.6999324337790986e-05
-6.6469317915686063e-05
-6.5969853191812439e-05
-6.5420663343739767e-05
-6.4954844297946066e-05
-6.4383723358040388e-05
-6.3932972084242999e-05
-6.3368529773663828e-05
-6.2911778646262899e-05
-6.2354874236915099e-05
-6.1898963029218243e-05
-6.1335096292159896e-05
-6.0896460211620454e-05
-6.0326112599913332e-05
-5.9889483466079340e-05
-5.9331272677659076e-05
-5.8885414319131395e-05
-5.8335839333797332e-05
-5.7885151846653272e-05
-5.7336332203605534e-05
-5.6894682922224855e-05
-5.6344755501857507e-05
-5.5894890707041608e-05
-5.5370792640610957e-05
-5.4895317003592757e-05
-5.4398580472783362e-05
-5.3904112898635330e-05
-5.3415747022096704e-05
-5.2917656570029277e-05
-5.2437881045707364e-05
-5.1928639548445556e-05
-5.1471230104857134e-05
-5.0935660402003210e-05
-5.0494103753766912e-05
-4.9958409362074395e-05
-4.9503365094806597e-05
-4.8994953390920822e-05
-4.8506123843672845e-05
-4.8034183414105743e-05
-4.7511334066808599e-05
-4.7066032962026913e-05
-4.6524333223010488e-05
-4.6067979798848756e-05
-4.5561970726096863e-05
-4.5074283779053901e-05
-4.4594188748975332e-05
-4.4079914019492596e-05
-4.3624145440232910e-05
-4.3084268593853020e-05
-4.2619546314697541e-05
-4.2113551843140758e-05
-4.1613231091014559e-05
-4.1141631091369604e-05
-4.0601716124256852e-05
-4.0129642260221292e-05
-3.9623033211055349e-05
-3.9113438221787420e-05
-3.8635687544465790e-05
-3.8088765722343454e-05
0.0000000000000000e+00
];
