%Vec Object:dSdr_b_aug_9550 1 MPI processes
%  type: seq
dSdr_b_aug_9550 = [
2.2757037950680910e+03
0.0000000000000000e+00
-6.4050578584440616e-07
-2.6546026924776944e-07
-1.6570668239723024e-07
-1.1802391833430524e-07
-8.8591139263972660e-08
-7.0386208337988082e-08
-5.8045915870699781e-08
-4.8774835143982434e-08
-4.1888773124486595e-08
-3.6608872429932708e-08
-3.2310414970139262e-08
-2.8827787450212345e-08
-2.5972119058905031e-08
-2.3563745337175070e-08
-2.1521614067473402e-08
-6.5513778644706181e-06
-8.0093948321704979e-04
-7.7820368065258203e-04
-7.3637346431521802e-04
-6.9782571595489108e-04
-6.6006261356540866e-04
-6.2243318209514087e-04
-5.8065723059315475e-04
-5.4031032816991226e-04
-5.0161224274106598e-04
-4.6251902373025403e-04
-4.2239346757047975e-04
-3.7948664299605408e-04
-3.4172482694885147e-04
-3.0541962812920704e-04
-2.7113772079211996e-04
-2.3497449192580715e-04
-2.0555615181108928e-04
-1.7994783557228518e-04
-1.5754660652055944e-04
-1.3639156005080201e-04
-1.2036875827986755e-04
-1.0821788478681415e-04
-9.8631253413873692e-05
-9.0909143851647994e-05
-8.6105547507876157e-05
-8.3187507779258123e-05
-8.1606890660192819e-05
-8.1260359692702413e-05
-8.1770471797177930e-05
-8.2787599641051418e-05
-8.4242466461016593e-05
-8.6200716416567883e-05
-8.7924616536737578e-05
-8.9729941361787845e-05
-9.1570473786727996e-05
-9.3345246120263772e-05
-9.4834885340919995e-05
-9.6172744397742937e-05
-9.7462497459767386e-05
-9.8506829591933352e-05
-9.9368564681531624e-05
-1.0007132970023288e-04
-1.0070917819892209e-04
-1.0113662736689166e-04
-1.0140579214503775e-04
-1.0163197034579093e-04
-1.0175246885639159e-04
-1.0174104550524538e-04
-1.0167249692236454e-04
-1.0154590319067506e-04
-1.0132881996732572e-04
-1.0105743119388518e-04
-1.0076975644081470e-04
-1.0042627271230457e-04
-1.0004914138817432e-04
-9.9618926669387174e-05
-9.9188847069773861e-05
-9.8731162568057540e-05
-9.8237473356728436e-05
-9.7755342458764825e-05
-9.7262507191196273e-05
-9.6708298584070198e-05
-9.6187803481005273e-05
-9.5664879448787500e-05
-9.5094627559675241e-05
-9.4562277387865261e-05
-9.4034184421811171e-05
-9.3421818839067527e-05
-9.2890009040157552e-05
-9.2340620867437581e-05
-9.1746025249887656e-05
-9.1214748894039404e-05
-9.0650955153801478e-05
-9.0058838347898329e-05
-8.9523937495342021e-05
-8.8941437833211528e-05
-8.8382114458669331e-05
-8.7856701343990825e-05
-8.7249316021989194e-05
-8.6716816393099148e-05
-8.6180046664705294e-05
-8.5563206144464773e-05
-8.5069302321969984e-05
-8.4505253482760245e-05
-8.3933948157053506e-05
-8.3439003999731290e-05
-8.2827859856258987e-05
-8.2317432887720778e-05
-8.1799596368514028e-05
-8.1211514883434993e-05
-8.0725563479548025e-05
-8.0159722214179685e-05
-7.9622930972137696e-05
-7.9131667896676277e-05
-7.8552403427223461e-05
-7.8069525123636971e-05
-7.7524034404760940e-05
-7.7007714502135317e-05
-7.6496465253010103e-05
-7.5955638336250192e-05
-7.5478287006612742e-05
-7.4916486471595807e-05
-7.4448691829929935e-05
-7.3921480191540379e-05
-7.3402452750528013e-05
-7.2943559802843386e-05
-7.2371499890077536e-05
-7.1934782132398241e-05
-7.1390007739120603e-05
-7.0918402913893209e-05
-7.0421064135189031e-05
-6.9918746749257120e-05
-6.9439483153547359e-05
-6.8933445793687689e-05
-6.8479727624469946e-05
-6.7945276083034473e-05
-6.7517509705885284e-05
-6.6983660646634612e-05
-6.6538028478379789e-05
-6.6040741585548013e-05
-6.5567735645151760e-05
-6.5097191344550044e-05
-6.4619082767346348e-05
-6.4155059759678866e-05
-6.3675271182685292e-05
-6.3221396479325794e-05
-6.2723284829633785e-05
-6.2302487356576157e-05
-6.1782961544811559e-05
-6.1376800804533081e-05
-6.0864505440880263e-05
-6.0451207543401459e-05
-5.9948281597048227e-05
-5.9535441812262026e-05
-5.9025808338354543e-05
-5.8630066986504566e-05
-5.8114299271837258e-05
-5.7720877778367132e-05
-5.7216708208866438e-05
-5.6814568624551885e-05
-5.6319015935344231e-05
-5.5913083540731019e-05
-5.5417778388304612e-05
-5.5021873134589275e-05
-5.4524791740980335e-05
-5.4121489483270667e-05
-5.3650065597049348e-05
-5.3222049654411225e-05
-5.2777234027596774e-05
-5.2331942846371998e-05
-5.1894456390625062e-05
-5.1447429011775856e-05
-5.1017244853738735e-05
-5.0561084924199122e-05
-5.0151629257055237e-05
-4.9671842386650323e-05
-4.9277248315226104e-05
-4.8797459082609236e-05
-4.8391052307713314e-05
-4.7936895043518091e-05
-4.7499649360279490e-05
-4.7079863975586421e-05
-4.6611702997691721e-05
-4.6216051188271632e-05
-4.5732637226192801e-05
-4.5325817072781183e-05
-4.4876659140236189e-05
-4.4441712119248610e-05
-4.4015485087815163e-05
-4.3558108402109092e-05
-4.3153674685120318e-05
-4.2674205067679158e-05
-4.2261957311618832e-05
-4.1812912089810673e-05
-4.1369536282198421e-05
-4.0951563873756215e-05
-4.0473614788745225e-05
-4.0055566369189634e-05
-3.9607429641132447e-05
-3.9157394990409356e-05
-3.8734345373871990e-05
-3.8252539254116423e-05
0.0000000000000000e+00
];
