%Vec Object:dSdr_b_aug_4210 1 MPI processes
%  type: seq
dSdr_b_aug_4210 = [
2.3468093857732893e+03
0.0000000000000000e+00
-1.0194304010248200e-06
-4.2043928891421000e-07
-2.6048562178753272e-07
-1.8467579631885259e-07
-1.3858775922901102e-07
-1.1010003709557969e-07
-9.0790615430590233e-08
-7.6240208238043853e-08
-6.5435569488747503e-08
-5.7153336723209916e-08
-5.0406375120601278e-08
-4.4940083842549662e-08
-4.0458568603426609e-08
-3.6679063912475848e-08
-3.3448998055703345e-08
-3.0692982362340422e-08
-2.8309947000132656e-08
-2.6343428358125117e-08
-5.6272954356934929e-06
-6.6937499298076459e-04
-6.8931833425966993e-04
-6.5080726765356890e-04
-6.0733628188722232e-04
-5.6538835587415621e-04
-5.2518885946311765e-04
-4.8459914138371794e-04
-4.4296589943608217e-04
-3.9849068513474439e-04
-3.5935646056343225e-04
-3.2175450124976272e-04
-2.8626504379747624e-04
-2.4884191074923669e-04
-2.1840526496682221e-04
-1.9191664916515022e-04
-1.6874777232490175e-04
-1.4686647449237554e-04
-1.3029310451588525e-04
-1.1772226896365569e-04
-1.0779511521928567e-04
-9.9790429289062392e-05
-9.4799652386590088e-05
-9.1752777970531703e-05
-9.0084235265993685e-05
-8.9684440809841337e-05
-9.0168241061817339e-05
-9.1173879682129280e-05
-9.2629714662518140e-05
-9.4594821844311148e-05
-9.6323656360768978e-05
-9.8136686081060057e-05
-9.9981267474351414e-05
-1.0175479419192360e-04
-1.0323921411256885e-04
-1.0456549609469863e-04
-1.0583550712589541e-04
-1.0685717119788325e-04
-1.0769248603216281e-04
-1.0836179042566912e-04
-1.0896040633111683e-04
-1.0934794093485615e-04
-1.0957271186313769e-04
-1.0974556170608001e-04
-1.0981721251449608e-04
-1.0975392391998993e-04
-1.0962785724666916e-04
-1.0944195093943079e-04
-1.0916733794199972e-04
-1.0883515512187561e-04
-1.0848269647552227e-04
-1.0807936293315276e-04
-1.0764211796777607e-04
-1.0714065255172250e-04
-1.0664915326886532e-04
-1.0613042024655594e-04
-1.0556436523060068e-04
-1.0502112870747847e-04
-1.0446741827274714e-04
-1.0383906419590163e-04
-1.0325728665192807e-04
-1.0267240650902480e-04
-1.0203010491309508e-04
-1.0143681027944084e-04
-1.0084733280774586e-04
-1.0016225240988532e-04
-9.9569743248052359e-05
-9.8958186353754636e-05
-9.8293885182388003e-05
-9.7702916386353323e-05
-9.7075975551876709e-05
-9.6415802450712816e-05
-9.5821722445729111e-05
-9.5174308889752623e-05
-9.4551124526928994e-05
-9.3967547852990258e-05
-9.3293138889470118e-05
-9.2699331047810151e-05
-9.2104245257608992e-05
-9.1419124823273476e-05
-9.0867737002410485e-05
-9.0243208910271741e-05
-8.9607617027504446e-05
-8.9055969575596832e-05
-8.8379279599867946e-05
-8.7810162803294217e-05
-8.7234321370035481e-05
-8.6581894820338340e-05
-8.6040297171013108e-05
-8.5411247926156722e-05
-8.4814958207663245e-05
-8.4267766160650722e-05
-8.3623290873289182e-05
-8.3086548289509156e-05
-8.2478625908792195e-05
-8.1904505205335473e-05
-8.1335910217582804e-05
-8.0733060009204326e-05
-8.0201738462058593e-05
-7.9576739516529229e-05
-7.9053844705734942e-05
-7.8467975503711100e-05
-7.7889502661661805e-05
-7.7375675824229652e-05
-7.6740823072731255e-05
-7.6251410123354018e-05
-7.5644070788423283e-05
-7.5119015838293618e-05
-7.4561318807138898e-05
-7.4002042372452661e-05
-7.3466450570119319e-05
-7.2900231394439440e-05
-7.2393559774857675e-05
-7.1795824342042923e-05
-7.1316546154283426e-05
-7.0719942801739672e-05
-7.0220679094910285e-05
-6.9663869821348968e-05
-6.9134578743259309e-05
-6.8606793017555730e-05
-6.8070698466164535e-05
-6.7551169890558291e-05
-6.7011420191905155e-05
-6.6503110084035864e-05
-6.5944010034171442e-05
-6.5469455895569146e-05
-6.4888324459908722e-05
-6.4428921724580179e-05
-6.3854361855152371e-05
-6.3389179927366110e-05
-6.2821802608867741e-05
-6.2357534680326896e-05
-6.1783145599060302e-05
-6.1336187081309208e-05
-6.0755249872939976e-05
-6.0310237592291290e-05
-5.9741541723513008e-05
-5.9287201049768444e-05
-5.8727144657570897e-05
-5.8267773790635194e-05
-5.7708571267872278e-05
-5.7258046735823185e-05
-5.6697866134397137e-05
-5.6238967284732800e-05
-5.5704649382507125e-05
-5.5219965628013437e-05
-5.4713155416650811e-05
-5.4209146655590201e-05
-5.3710909172908609e-05
-5.3202911485725950e-05
-5.2713514270955805e-05
-5.2193973917449542e-05
-5.1727260517840937e-05
-5.1180867868723577e-05
-5.0730199588700429e-05
-5.0183658530200738e-05
-4.9719177678767949e-05
-4.9200239598702718e-05
-4.8701401832326331e-05
-4.8219342375879052e-05
-4.7685882501796847e-05
-4.7230948570837621e-05
-4.6677940377276327e-05
-4.6211976689619089e-05
-4.5694937574012954e-05
-4.5197018287419560e-05
-4.4706472105339152e-05
-4.4181158408818434e-05
-4.3715430329359099e-05
-4.3163833897240553e-05
-4.2688931323664850e-05
-4.2171888645514569e-05
-4.1660520935094599e-05
-4.1178518264859987e-05
-4.0626583952827500e-05
-4.0144033403343677e-05
-3.9626089200868375e-05
-3.9104958760337252e-05
-3.8616652177335436e-05
-3.8057398984533764e-05
0.0000000000000000e+00
];
