%Vec Object:dSdr_b_aug_3300 1 MPI processes
%  type: seq
dSdr_b_aug_3300 = [
2.3677574610175839e+03
0.0000000000000000e+00
-1.1773842695947689e-06
-4.8481499887080279e-07
-2.9961785103698465e-07
-2.1210419530089808e-07
-1.5917748478071639e-07
-1.2646955050129575e-07
-1.0429987736771659e-07
-8.7576956533765465e-08
-7.5159904943026147e-08
-6.5642445881109320e-08
-5.7887403991605312e-08
-5.1604322527258660e-08
-4.6453377941720686e-08
-4.2109231651073868e-08
-3.8396518567986315e-08
-3.5228783371608472e-08
-3.2489808223287288e-08
-3.0072352427931043e-08
-2.8350065013816702e-08
-8.2248303237008677e-06
-6.3692989941762008e-04
-6.5781609713853385e-04
-6.1478956529911343e-04
-5.7241412793478433e-04
-5.3179460451246931e-04
-4.9078561839989801e-04
-4.4872994971642446e-04
-4.0381529914040924e-04
-3.6429654882893142e-04
-3.2633125907789538e-04
-2.9050346643765045e-04
-2.5272732949482959e-04
-2.2200537168053414e-04
-1.9527011090872672e-04
-1.7188615221401694e-04
-1.4980137111114152e-04
-1.3307374129923930e-04
-1.2038523952779089e-04
-1.1036267720610299e-04
-1.0227881817739122e-04
-9.7235596444991026e-05
-9.4152624708324962e-05
-9.2459446709088804e-05
-9.2044728680346411e-05
-9.2521156746255804e-05
-9.3523576228266429e-05
-9.4979682417294710e-05
-9.6946710822912212e-05
-9.8676927824023071e-05
-1.0049211627806686e-04
-1.0233783207854941e-04
-1.0411100975301520e-04
-1.0559396727552728e-04
-1.0691700552134524e-04
-1.0818148513506360e-04
-1.0919679796850879e-04
-1.1002471026490286e-04
-1.1068463950380714e-04
-1.1127226295210437e-04
-1.1164861403092715e-04
-1.1186094642166577e-04
-1.1201885443539404e-04
-1.1207681882549768e-04
-1.1199899835464988e-04
-1.1185681597805884e-04
-1.1165429124701790e-04
-1.1136355935597142e-04
-1.1101434304902914e-04
-1.1064373302884188e-04
-1.1022363055951884e-04
-1.0976954274798223e-04
-1.0924811407094486e-04
-1.0873940601231532e-04
-1.0820356820841399e-04
-1.0761723749904977e-04
-1.0705688019569994e-04
-1.0648611355169966e-04
-1.0583698515080681e-04
-1.0523803728724454e-04
-1.0463579807425144e-04
-1.0397330935300662e-04
-1.0336293909700120e-04
-1.0275626271043110e-04
-1.0205080883621018e-04
-1.0144129272559713e-04
-1.0081231719330684e-04
-1.0012848569079431e-04
-9.9520792069643078e-05
-9.8876158474457346e-05
-9.8196917137382932e-05
-9.7586256122613986e-05
-9.6920654779160647e-05
-9.6279577635438536e-05
-9.5679704504460903e-05
-9.4986516638327796e-05
-9.4375531261029340e-05
-9.3764106285719082e-05
-9.3059854962892019e-05
-9.2492361087356746e-05
-9.1850887726560620e-05
-9.1197283838391106e-05
-9.0629749083590529e-05
-8.9934694275119461e-05
-8.9349133582758083e-05
-8.8757040155254573e-05
-8.8086585208159557e-05
-8.7529396424107091e-05
-8.6882637374265616e-05
-8.6269677191238846e-05
-8.5706814794970652e-05
-8.5044068541645674e-05
-8.4492234100788061e-05
-8.3866819427217499e-05
-8.3276503920372857e-05
-8.2691841630237452e-05
-8.2071613548180531e-05
-8.1525170463280687e-05
-8.0882464396144304e-05
-8.0344131454702187e-05
-7.9741827400422354e-05
-7.9146698967621227e-05
-7.8617480589117476e-05
-7.7965034352012611e-05
-7.7460857107701308e-05
-7.6835988140751426e-05
-7.6295957376997016e-05
-7.5721348991633730e-05
-7.5146113602850016e-05
-7.4594739598152115e-05
-7.4011658504248370e-05
-7.3490150233087312e-05
-7.2874683733863913e-05
-7.2380972818697337e-05
-7.1766786785369268e-05
-7.1252496440306535e-05
-7.0679010014600442e-05
-7.0133948805976116e-05
-6.9590125014818284e-05
-6.9037783788691634e-05
-6.8502703507194464e-05
-6.7946153732451455e-05
-6.7422591762218755e-05
-6.6846403812180556e-05
-6.6356787984324681e-05
-6.5758395715170907e-05
-6.5284075494853323e-05
-6.4692070186834585e-05
-6.4212351255660179e-05
-6.3626915778277230e-05
-6.3148238581141929e-05
-6.2555706102862229e-05
-6.2094397432401082e-05
-6.1495200867046798e-05
-6.1035733755451677e-05
-6.0448958746457253e-05
-5.9979992250368407e-05
-5.9401863054365946e-05
-5.8927519677050490e-05
-5.8350414241141343e-05
-5.7884586363580957e-05
-5.7306726488478218e-05
-5.6832250474945859e-05
-5.6280310799348981e-05
-5.5779749753799175e-05
-5.5255569785627058e-05
-5.4735109435911176e-05
-5.4219850634255813e-05
-5.3694770197670924e-05
-5.3188782594871590e-05
-5.2651484238388402e-05
-5.2168728321797714e-05
-5.1603674006116402e-05
-5.1137294841538745e-05
-5.0572051230619163e-05
-5.0091299204657529e-05
-4.9554210860728889e-05
-4.9038116287854929e-05
-4.8538608976500569e-05
-4.7986853785399426e-05
-4.7515310381616637e-05
-4.6942803499918773e-05
-4.6460269301828307e-05
-4.5924211627457206e-05
-4.5408649291440705e-05
-4.4900082831399082e-05
-4.4355735388074381e-05
-4.3872834968507322e-05
-4.3301031483352828e-05
-4.2808576228274983e-05
-4.2272484665211242e-05
-4.1742070695098187e-05
-4.1242133443192073e-05
-4.0669478251251623e-05
-4.0168869151581895e-05
-3.9631391142903684e-05
-3.9090394005371583e-05
-3.8583952264681015e-05
-3.8003787048968223e-05
0.0000000000000000e+00
];
