%Vec Object:dSdr_b_aug_5630 1 MPI processes
%  type: seq
dSdr_b_aug_5630 = [
2.3225488955118944e+03
0.0000000000000000e+00
-8.6681074065550451e-07
-3.5819794633618481e-07
-2.2257826527939861e-07
-1.5809758401237400e-07
-1.1867417069025284e-07
-9.4299948024652868e-08
-7.7778197019018414e-08
-6.5340866969520389e-08
-5.6104414817876561e-08
-4.9023557430190243e-08
-4.3256197687398862e-08
-3.8583417438412805e-08
-3.4752210952833331e-08
-3.1521015053005452e-08
-2.8759424535080509e-08
-2.6403001513080145e-08
-2.4503379973287936e-08
-1.0878484060990203e-05
-7.3299085848053101e-04
-7.1822329881544736e-04
-6.7963834531161924e-04
-6.4099665328363543e-04
-5.9810443607063784e-04
-5.5671034264261022e-04
-5.1703038964452848e-04
-4.7695852094679540e-04
-4.3584699967034627e-04
-3.9191451208204299e-04
-3.5325519674865650e-04
-3.1610196937140178e-04
-2.8103037342987647e-04
-2.4404321852402087e-04
-2.1395894791594652e-04
-1.8777495146090993e-04
-1.6487171188250116e-04
-1.4324172646703061e-04
-1.2685887539887902e-04
-1.1443336372871561e-04
-1.0462404451621270e-04
-9.6717141453088083e-05
-9.1791136604208037e-05
-8.8788844210578116e-05
-8.7150727326109202e-05
-8.6769364204337704e-05
-8.7262269434766807e-05
-8.8271883804682565e-05
-8.9727383775837203e-05
-9.1690118095125230e-05
-9.3417245236172139e-05
-9.5227608886558850e-05
-9.7070789300707656e-05
-9.8844747172020073e-05
-1.0033097329365492e-04
-1.0166126151867199e-04
-1.0293810419353018e-04
-1.0396761242776141e-04
-1.0481206983100742e-04
-1.0549295302990280e-04
-1.0610514502312169e-04
-1.0650649170344730e-04
-1.0674662472274846e-04
-1.0693792835971690e-04
-1.0702648247221194e-04
-1.0698114137329184e-04
-1.0687497831037034e-04
-1.0670959657802470e-04
-1.0645489123309546e-04
-1.0614374563633504e-04
-1.0581370486243578e-04
-1.0543108179972657e-04
-1.0501463860871671e-04
-1.0453782884170597e-04
-1.0406758327639450e-04
-1.0356997553397653e-04
-1.0302896203887545e-04
-1.0250687055570886e-04
-1.0197422541287724e-04
-1.0137152869287464e-04
-1.0081095737373734e-04
-1.0024751657268006e-04
-9.9630147113771475e-05
-9.9057941749957162e-05
-9.8489705821042277e-05
-9.7829787714330560e-05
-9.7258283007739418e-05
-9.6668239026490322e-05
-9.6028058818957120e-05
-9.5457746041546239e-05
-9.4852656676579981e-05
-9.4216033828319561e-05
-9.3642432223199054e-05
-9.3017481521070230e-05
-9.2416395663817835e-05
-9.1852945952892678e-05
-9.1201729901594619e-05
-9.0629137200995928e-05
-9.0054231145678324e-05
-8.9392738344830643e-05
-8.8861242330904680e-05
-8.8257642523716177e-05
-8.7644296406193131e-05
-8.7112270601844523e-05
-8.6458262151744124e-05
-8.5909454424103199e-05
-8.5353685051584952e-05
-8.4723524512853583e-05
-8.4201182728770404e-05
-8.3594006017014333e-05
-8.3018305192437291e-05
-8.2490466845231518e-05
-8.1868557154432341e-05
-8.1350453803018789e-05
-8.0764135317553103e-05
-8.0210016042772396e-05
-7.9661265013561601e-05
-7.9079877387472550e-05
-7.8567231730938198e-05
-7.7964102006501079e-05
-7.7460274095430008e-05
-7.6894702796372028e-05
-7.6336800481028463e-05
-7.5841983003593314e-05
-7.5228859128310030e-05
-7.4757680858022078e-05
-7.4171991537421849e-05
-7.3665432503731146e-05
-7.3128621882361899e-05
-7.2589055594387525e-05
-7.2072955641571028e-05
-7.1527561820963675e-05
-7.1039214247496367e-05
-7.0463377613867454e-05
-7.0001924605838842e-05
-6.9427036789604794e-05
-6.8946331774312721e-05
-6.8410119663316979e-05
-6.7900305529658672e-05
-6.7392327662553253e-05
-6.6876298613801182e-05
-6.6375977219003933e-05
-6.5856976503918377e-05
-6.5367503256172777e-05
-6.4829507669428847e-05
-6.4373555519033540e-05
-6.3813742130288491e-05
-6.3372763285505644e-05
-6.2819749462168889e-05
-6.2372521512955506e-05
-6.1827446984491361e-05
-6.1380975278254327e-05
-6.0828994263713225e-05
-6.0399758960264036e-05
-5.9841373038898022e-05
-5.9414213259436908e-05
-5.8867846104790652e-05
-5.8431569120108283e-05
-5.7893833621164119e-05
-5.7452954626370844e-05
-5.6915863179073282e-05
-5.6484239124035483e-05
-5.5945893398941517e-05
-5.5506233214005047e-05
-5.4993679180629042e-05
-5.4528604773329103e-05
-5.4043247187545346e-05
-5.3559557072956896e-05
-5.3082341890041754e-05
-5.2595442380331992e-05
-5.2126535259675316e-05
-5.1628927075692365e-05
-5.1182027141711125e-05
-5.0658682758237563e-05
-5.0227418387700006e-05
-4.9703976122904682e-05
-4.9259591204969282e-05
-4.8763069855580237e-05
-4.8285545380153462e-05
-4.7825035200666062e-05
-4.7314171303349572e-05
-4.6879751286855985e-05
-4.6350825398896992e-05
-4.5905327630098847e-05
-4.5411777988414986e-05
-4.4935649457528686e-05
-4.4467360066103533e-05
-4.3965555031153155e-05
-4.3521036915238443e-05
-4.2994398814111024e-05
-4.2541176739019590e-05
-4.2047663127755783e-05
-4.1559822261029149e-05
-4.1099975070098612e-05
-4.0573640246430972e-05
-4.0113406166398651e-05
-3.9619611196740654e-05
-3.9123068072270271e-05
-3.8657302163976883e-05
-3.8124634207062717e-05
0.0000000000000000e+00
];
