%Vec Object:dSdr_b_aug_4050 1 MPI processes
%  type: seq
dSdr_b_aug_4050 = [
2.3496543792307616e+03
0.0000000000000000e+00
-1.0384802183791372e-06
-4.2782623884229777e-07
-2.6472843907442891e-07
-1.8746485751237362e-07
-1.4054145419158288e-07
-1.1153963312920971e-07
-9.1882802236073799e-08
-7.7074078929300040e-08
-6.6078512643794891e-08
-5.7650230242744638e-08
-5.0786298492829409e-08
-4.5225928490490132e-08
-4.0667522606185353e-08
-3.6823875394119728e-08
-3.3539714153466445e-08
-3.0737707239485896e-08
-2.8315122845645307e-08
-2.6215468976634822e-08
-1.6480403942196701e-06
-5.9268564683216034e-04
-6.8996038546192365e-04
-6.5206724423043990e-04
-6.0853181702413166e-04
-5.6651240225645268e-04
-5.2624561767657693e-04
-4.8558882337663728e-04
-4.4388800345762668e-04
-3.9934249026960260e-04
-3.6014675114542032e-04
-3.2248666799786484e-04
-2.8694308532747637e-04
-2.4946348042383185e-04
-2.1898119180317226e-04
-1.9245311893142936e-04
-1.6924983433404728e-04
-1.4733598422473035e-04
-1.3073793650305806e-04
-1.1814827728003538e-04
-1.0820586053798978e-04
-1.0018850888615343e-04
-9.5189342128676409e-05
-9.2136693057773660e-05
-9.0464209340931125e-05
-9.0062027509582942e-05
-9.0544648421668985e-05
-9.1549772086332680e-05
-9.3005650479551077e-05
-9.4971065035167013e-05
-9.6700120738170607e-05
-9.8513495824350270e-05
-1.0035825871537279e-04
-1.0213172961402749e-04
-1.0361591560496460e-04
-1.0494167868628131e-04
-1.0621080484353943e-04
-1.0723145288939819e-04
-1.0806558351477398e-04
-1.0873338811187280e-04
-1.0933024543043059e-04
-1.0971599097615689e-04
-1.0993877207397287e-04
-1.1010923162069258e-04
-1.1017869296603445e-04
-1.1011307965489600e-04
-1.0998443489092416e-04
-1.0979587005983484e-04
-1.0951867844763679e-04
-1.0918377070024738e-04
-1.0882840829226165e-04
-1.0842239214503340e-04
-1.0798245274929660e-04
-1.0747779371392075e-04
-1.0698354146060976e-04
-1.0646207210410239e-04
-1.0589277348677116e-04
-1.0534679806969395e-04
-1.0479035907058093e-04
-1.0415868162333331e-04
-1.0357415725985026e-04
-1.0298650010190945e-04
-1.0234096907233076e-04
-1.0174494276795933e-04
-1.0115271390169738e-04
-1.0046437425827386e-04
-9.9869144411450235e-05
-9.9254800972013022e-05
-9.8587375437035786e-05
-9.7993731088473880e-05
-9.7363959855754282e-05
-9.6700736314452192e-05
-9.6104003763554193e-05
-9.5453680617111291e-05
-9.4827633857476671e-05
-9.4241450158754519e-05
-9.3564037040827627e-05
-9.2967481223606637e-05
-9.2369781572986665e-05
-9.1681600675067010e-05
-9.1127636288761436e-05
-9.0500397375287126e-05
-8.9861924017364670e-05
-8.9307734989802585e-05
-8.8628107095157455e-05
-8.8056359681767956e-05
-8.7477918331082784e-05
-8.6822607683535955e-05
-8.6278515837727665e-05
-8.5646633461737491e-05
-8.5047676880641260e-05
-8.4497977964531095e-05
-8.3850579773957757e-05
-8.3311422865235316e-05
-8.2700702149451935e-05
-8.2123990676865303e-05
-8.1552825316861207e-05
-8.0947195077305352e-05
-8.0413454456502707e-05
-7.9785622808044675e-05
-7.9260258276366463e-05
-7.8671759902606083e-05
-7.8090622576024337e-05
-7.7574333470464146e-05
-7.6936666194216664e-05
-7.6444891320184288e-05
-7.5834747675180143e-05
-7.5307296962257847e-05
-7.4746894529785523e-05
-7.4185065053874162e-05
-7.3646948486012082e-05
-7.3078031816880640e-05
-7.2568986695936911e-05
-7.1968414727053792e-05
-7.1486827655281929e-05
-7.0887411504131837e-05
-7.0385743901747613e-05
-6.9826266691078894e-05
-6.9294452776471499e-05
-6.8764101350996153e-05
-6.8225407727146755e-05
-6.7703391256431359e-05
-6.7160953954068870e-05
-6.6650203917758270e-05
-6.6088370218521294e-05
-6.5611406573548990e-05
-6.5027513822364525e-05
-6.4565724648685285e-05
-6.3988373930319757e-05
-6.3520866430460244e-05
-6.2950600241674939e-05
-6.2484027173984884e-05
-6.1906735584805035e-05
-6.1457481383325838e-05
-6.0873623114417491e-05
-6.0426298402136531e-05
-5.9854710300849266e-05
-5.9398029838698531e-05
-5.8835082225102508e-05
-5.8373316105500125e-05
-5.7811249536502341e-05
-5.7358276823101722e-05
-5.6795267948433109e-05
-5.6333877109198149e-05
-5.5796740127973814e-05
-5.5309516365893737e-05
-5.4799927386546485e-05
-5.4293286738311334e-05
-5.3792326222215815e-05
-5.3281595670113062e-05
-5.2789544351534239e-05
-5.2267163099429707e-05
-5.1797883230857042e-05
-5.1248505106451553e-05
-5.0795323396098059e-05
-5.0245790304758645e-05
-4.9778706371080541e-05
-4.9256864588367213e-05
-4.8755266036239211e-05
-4.8270415214424418e-05
-4.7734028380837916e-05
-4.7276437160672123e-05
-4.6720309443333784e-05
-4.6251694632837044e-05
-4.5731612720475512e-05
-4.5230870626966766e-05
-4.4737441216761215e-05
-4.4209082063485432e-05
-4.3740606179027233e-05
-4.3185776280849505e-05
-4.2708064629345168e-05
-4.2187973150968731e-05
-4.1673556508656044e-05
-4.1188681870882009e-05
-4.0633428339992784e-05
-4.0147981702898281e-05
-3.9626899548003106e-05
-3.9102563173567221e-05
-3.8611277319782027e-05
-3.8048262977282893e-05
0.0000000000000000e+00
];
