%Vec Object:dSdr_b_aug_4470 1 MPI processes
%  type: seq
dSdr_b_aug_4470 = [
2.3432420048691806e+03
0.0000000000000000e+00
-9.9554837855175280e-07
-4.1079225129951689e-07
-2.5467304326443105e-07
-1.8064462146477930e-07
-1.3559875635541051e-07
-1.0775387266444590e-07
-8.8879842673073313e-08
-7.4658380309565973e-08
-6.4097666790442890e-08
-5.6002237268923571e-08
-4.9407109271658089e-08
-4.4063645650108712e-08
-3.9682733823581520e-08
-3.5987888102917185e-08
-3.2829986120528228e-08
-3.0135481566514676e-08
-2.7805568388807233e-08
-2.6434811825588648e-08
-2.4677454924218807e-05
-7.0946530056159574e-04
-6.8761012387811855e-04
-6.4875521089936426e-04
-6.0540001884563542e-04
-5.6356812699750948e-04
-5.2347760180665350e-04
-4.8299650366563174e-04
-4.4147269383527194e-04
-3.9711131772992469e-04
-3.5807670648108346e-04
-3.2056886974132716e-04
-2.8516705972007439e-04
-2.4783537411252120e-04
-2.1747263985186880e-04
-1.9104791867531647e-04
-1.6793475987706652e-04
-1.4610617541893075e-04
-1.2957276723364510e-04
-1.1703241370748468e-04
-1.0712997603197505e-04
-9.9145800285613454e-05
-9.4168609467714087e-05
-9.1131086227619966e-05
-8.9468925400917982e-05
-8.9072996949579765e-05
-8.9558706980678683e-05
-9.0565179512454527e-05
-9.2020944212666689e-05
-9.3985553669810129e-05
-9.5714030026806872e-05
-9.7526500497370153e-05
-9.9370787999222940e-05
-1.0114440512172212e-04
-1.0262920386895570e-04
-1.0395632614328557e-04
-1.0522777010300373e-04
-1.0625107949900201e-04
-1.0708831208798054e-04
-1.0776004522205574e-04
-1.0836150873916928e-04
-1.0875194045403788e-04
-1.0897993361296915e-04
-1.0915665417866288e-04
-1.0923185049123621e-04
-1.0917232642256617e-04
-1.0905043457503421e-04
-1.0886883334241930e-04
-1.0859839601882954e-04
-1.0827062580273978e-04
-1.0792286935498405e-04
-1.0752387988168579e-04
-1.0709099813485857e-04
-1.0659470429655783e-04
-1.0610766302843835e-04
-1.0559336108090178e-04
-1.0503255858045903e-04
-1.0449375727696418e-04
-1.0394446533457874e-04
-1.0332149294652025e-04
-1.0274416345599107e-04
-1.0216378026344846e-04
-1.0152670823981191e-04
-1.0093783712825356e-04
-1.0035281511825199e-04
-9.9673012568251811e-05
-9.9084909138551255e-05
-9.8477864626613984e-05
-9.7818622882417497e-05
-9.7231986733176427e-05
-9.6609629294203508e-05
-9.5954395912357880e-05
-9.5364611298281692e-05
-9.4721909377248596e-05
-9.4103360226402788e-05
-9.3524005228836455e-05
-9.2854461031743017e-05
-9.2265103114388947e-05
-9.1674250069641647e-05
-9.0994085585535217e-05
-9.0446870116693548e-05
-8.9826731781201109e-05
-8.9195806000794158e-05
-8.8648274236410973e-05
-8.7976341764826345e-05
-8.7411484844078169e-05
-8.6839853573641523e-05
-8.6192097373030026e-05
-8.5654538687692411e-05
-8.5030077259055250e-05
-8.4438106110500981e-05
-8.3894973548579013e-05
-8.3255231449298124e-05
-8.2722398489517098e-05
-8.2119007577820198e-05
-8.1549082222291978e-05
-8.0984649552773611e-05
-8.0386301172865807e-05
-7.9858896939104349e-05
-7.9238485115590184e-05
-7.8719589633328873e-05
-7.8137977965790409e-05
-7.7563819841709795e-05
-7.7053980263921856e-05
-7.6423685197086566e-05
-7.5938097016372153e-05
-7.5335298824709087e-05
-7.4814123438590979e-05
-7.4260807383072126e-05
-7.3705665200189609e-05
-7.3174161861342947e-05
-7.2612310855240951e-05
-7.2109482749869183e-05
-7.1516340644232695e-05
-7.1040801332525045e-05
-7.0448752867591065e-05
-6.9953381892872115e-05
-6.9400892925645932e-05
-6.8875687185656245e-05
-6.8352056208226996e-05
-6.7820170446702242e-05
-6.7304670626132105e-05
-6.6769273079428371e-05
-6.6264914051325854e-05
-6.5710240716503743e-05
-6.5239588393125553e-05
-6.4662928472692026e-05
-6.4207390196659845e-05
-6.3637349666335289e-05
-6.3175933633302848e-05
-6.2613234383312324e-05
-6.2152699260396098e-05
-6.1583010330383396e-05
-6.1139769305397745e-05
-6.0563562289921414e-05
-6.0122294621126796e-05
-5.9558282260995462e-05
-5.9107730497315085e-05
-5.8552355974427186e-05
-5.8096863831179094e-05
-5.7542299169362202e-05
-5.7095739068277899e-05
-5.6540138395998706e-05
-5.6085274914770476e-05
-5.5555522049645909e-05
-5.5074951417365452e-05
-5.4572640961452471e-05
-5.4072894102516274e-05
-5.3579066116464351e-05
-5.3075493843264157e-05
-5.2590394497535763e-05
-5.2075454494170603e-05
-5.1612897044016467e-05
-5.1071338854527235e-05
-5.0624740624922083e-05
-5.0083044631885822e-05
-4.9622778993111817e-05
-4.9108542924046823e-05
-4.8614175725824346e-05
-4.8136636343535158e-05
-4.7607916100754304e-05
-4.7157285093833201e-05
-4.6609328316853976e-05
-4.6147657515666402e-05
-4.5635545505176904e-05
-4.5142197039178121e-05
-4.4656319462592224e-05
-4.4135936998452423e-05
-4.3674658050843216e-05
-4.3128297060794838e-05
-4.2657942506017210e-05
-4.2145835752325361e-05
-4.1639403747067401e-05
-4.1162049528043515e-05
-4.0615486734648663e-05
-4.0137620329474906e-05
-3.9624747331833311e-05
-3.9108786611600630e-05
-3.8625243136870097e-05
-3.8071753670090463e-05
0.0000000000000000e+00
];
