%Vec Object:dSdr_b_aug_1250 1 MPI processes
%  type: seq
dSdr_b_aug_1250 = [
2.4491616014776860e+03
0.0000000000000000e+00
-2.1105185744081291e-06
-8.6192947371713106e-07
-5.2617566595639111e-07
-3.6961659580519511e-07
-2.7704619043525577e-07
-2.1989364761107502e-07
-1.8115986220228567e-07
-1.5182884930237907e-07
-1.3005788303772278e-07
-1.1337654923907794e-07
-9.9777350488237804e-08
-8.8760775343556578e-08
-7.9731216901618414e-08
-7.2117378620806347e-08
-6.5611629822307562e-08
-6.0061841831431796e-08
-5.5264194020400266e-08
-5.1031427093527422e-08
-4.7323601935888182e-08
-4.4053783326516754e-08
-4.1114623029033891e-08
-3.8487556125612767e-08
-3.7033704597556192e-08
-1.7018758095742934e-06
-2.6890990795290558e-04
-5.0166726074118929e-04
-4.6972883009778347e-04
-4.2389329560986916e-04
-3.8297938727005536e-04
-3.4364554150488873e-04
-3.0653851421008095e-04
-2.6742699104303575e-04
-2.3562563927877751e-04
-2.0795725377155533e-04
-1.8375957864288995e-04
-1.6090496095861982e-04
-1.4359372091417684e-04
-1.3046005316060392e-04
-1.2007653198783218e-04
-1.1169313765677711e-04
-1.0645150143641483e-04
-1.0323196260335998e-04
-1.0144558169427984e-04
-1.0097440303305100e-04
-1.0142293957935536e-04
-1.0241317974920907e-04
-1.0387031164537856e-04
-1.0584460826027313e-04
-1.0758005528963918e-04
-1.0940341056963551e-04
-1.1125341788221513e-04
-1.1302527476148400e-04
-1.1450269935645817e-04
-1.1581346536716441e-04
-1.1705701778474065e-04
-1.1804830181296890e-04
-1.1884820794455472e-04
-1.1947266811504123e-04
-1.2001870405322862e-04
-1.2035274474675018e-04
-1.2051801866271309e-04
-1.2061939749871320e-04
-1.2062558229120743e-04
-1.2049278359779549e-04
-1.2028963090667936e-04
-1.2002423363167952e-04
-1.1967251899172217e-04
-1.1925885977035143e-04
-1.1881957754728559e-04
-1.1833603308691423e-04
-1.1781822363659525e-04
-1.1722126787807561e-04
-1.1664745377373160e-04
-1.1604690337174344e-04
-1.1538386357690274e-04
-1.1475873315954375e-04
-1.1412343769966702e-04
-1.1339571376241665e-04
-1.1273180537905574e-04
-1.1206389155383114e-04
-1.1132502885640611e-04
-1.1065005636152767e-04
-1.0997831128814051e-04
-1.0919577843027453e-04
-1.0852191990397858e-04
-1.0782704441935926e-04
-1.0706932380989246e-04
-1.0639835514262544e-04
-1.0568678451695428e-04
-1.0493540232418518e-04
-1.0426201036789471e-04
-1.0352759917026085e-04
-1.0281882827240791e-04
-1.0215730075325423e-04
-1.0139306667883506e-04
-1.0071709354271633e-04
-1.0004385256712965e-04
-9.9267223406407032e-05
-9.8638795534380748e-05
-9.7933213219056735e-05
-9.7211464634402393e-05
-9.6583823558216137e-05
-9.5819289205525046e-05
-9.5171516440172461e-05
-9.4517936960179002e-05
-9.3779275305992099e-05
-9.3163100698344508e-05
-9.2449340271618833e-05
-9.1773310846604604e-05
-9.1151162937207328e-05
-9.0419292274950745e-05
-8.9810360931987405e-05
-8.9118767800920237e-05
-8.8467182623908040e-05
-8.7821733039538031e-05
-8.7135759386711294e-05
-8.6532107116590979e-05
-8.5822409840010121e-05
-8.5225669953305097e-05
-8.4561188063090985e-05
-8.3903046678290966e-05
-8.3315597621730678e-05
-8.2596590105095221e-05
-8.2036555245143698e-05
-8.1345366579300607e-05
-8.0748677967316029e-05
-8.0110089015609788e-05
-7.9474476275198660e-05
-7.8863393624086051e-05
-7.8216519004125495e-05
-7.7638879390760993e-05
-7.6956331129202671e-05
-7.6408017042562529e-05
-7.5727310641762993e-05
-7.5156170193360161e-05
-7.4519589289389959e-05
-7.3914865137400505e-05
-7.3310364731154812e-05
-7.2696557664528877e-05
-7.2102640820604665e-05
-7.1482531536306022e-05
-7.0901267411392838e-05
-7.0260431042750275e-05
-6.9713832554108758e-05
-6.9050137624166848e-05
-6.8519380325806004e-05
-6.7861373959481741e-05
-6.7326657443159672e-05
-6.6672902824539034e-05
-6.6139711321780773e-05
-6.5478537245058403e-05
-6.4962937945121330e-05
-6.4294661098279003e-05
-6.3780507356832805e-05
-6.3125333910252614e-05
-6.2601033907700641e-05
-6.1954530283762956e-05
-6.1423541817608193e-05
-6.0778704744436595e-05
-6.0254980178647560e-05
-5.9610234813969904e-05
-5.9076826234546690e-05
-5.8458218673213755e-05
-5.7897589665974541e-05
-5.7307695341464595e-05
-5.6724994382075197e-05
-5.6145339564578880e-05
-5.5555630762108837e-05
-5.4986877605386656e-05
-5.4382396341435415e-05
-5.3838947783577290e-05
-5.3203291921429621e-05
-5.2677474982691400e-05
-5.2041475382343833e-05
-5.1499166118070969e-05
-5.0893411571995054e-05
-5.0312031208865260e-05
-4.9746515551873153e-05
-4.9125546120436879e-05
-4.8591166844299901e-05
-4.7944893797211428e-05
-4.7399672079909931e-05
-4.6791665873132789e-05
-4.6209359773806705e-05
-4.5632623435682059e-05
-4.5016273269168128e-05
-4.4468414168471168e-05
-4.3820173390361690e-05
-4.3261326569615870e-05
-4.2653188065302378e-05
-4.2050744886721280e-05
-4.1482996598364028e-05
-4.0832010386962203e-05
-4.0263181736734715e-05
-3.9651985474298340e-05
-3.9036218046264662e-05
-3.8462264763059836e-05
-3.7808826249652242e-05
0.0000000000000000e+00
];
