%Vec Object:dSdr_b_aug_5210 1 MPI processes
%  type: seq
dSdr_b_aug_5210 = [
2.3277492147019389e+03
0.0000000000000000e+00
-8.9638200508939634e-07
-3.6981926429152025e-07
-2.2936690958229156e-07
-1.6264106423905933e-07
-1.2191453478278806e-07
-9.6737769659486748e-08
-7.9673410178105982e-08
-6.6831170329786566e-08
-5.7295170633086314e-08
-4.9985110937854608e-08
-4.4033446696357033e-08
-3.9212195918619229e-08
-3.5259578230393773e-08
-3.1926853803884257e-08
-2.9079378508796747e-08
-2.6649889132329964e-08
-2.4561721192053076e-08
-1.0956715247107419e-06
-6.2283252921431628e-04
-7.2042056713657993e-04
-6.8243933082331228e-04
-6.4366171096533155e-04
-6.0060940139404538e-04
-5.5906496260560304e-04
-5.1924403881191427e-04
-4.7903166118310120e-04
-4.3777858065779707e-04
-3.9369883421645882e-04
-3.5491066104825509e-04
-3.1763567855867678e-04
-2.8245070362082291e-04
-2.4534525409489845e-04
-2.1516537298912428e-04
-1.8889872369697166e-04
-1.6592340834850928e-04
-1.4422523393912054e-04
-1.2779068907871273e-04
-1.1532574645785787e-04
-1.0548445502618780e-04
-9.7551020396156567e-05
-9.2607440864167753e-05
-8.9593051985288261e-05
-8.7946679643456112e-05
-8.7560315549932519e-05
-8.8050750344356837e-05
-8.9059285999542912e-05
-9.0514876900394197e-05
-9.2478255082719437e-05
-9.4205845434895929e-05
-9.6016932410950299e-05
-9.7860492910336369e-05
-9.9634333860461712e-05
-1.0112006996212943e-04
-1.0244927122257375e-04
-1.0372426030912954e-04
-1.0475164022313845e-04
-1.0559361700440336e-04
-1.0627135854533525e-04
-1.0687986693223499e-04
-1.0727746597403103e-04
-1.0751343078616062e-04
-1.0769972733896012e-04
-1.0778369506338346e-04
-1.0773348425365109e-04
-1.0762192072386320e-04
-1.0745097003698612e-04
-1.0719086312748236e-04
-1.0687400947758463e-04
-1.0653788603665335e-04
-1.0614964357595813e-04
-1.0572755621550882e-04
-1.0524405660120614e-04
-1.0476804423948291e-04
-1.0426470454956373e-04
-1.0371689650722660e-04
-1.0318906771458417e-04
-1.0265070690022643e-04
-1.0204104853665054e-04
-1.0147472330606511e-04
-1.0090546534139683e-04
-1.0028133101337839e-04
-9.9703403471197916e-05
-9.9129404047334469e-05
-9.8462658622988620e-05
-9.7885454750499019e-05
-9.7289573642596772e-05
-9.6642848661958647e-05
-9.6066931260117602e-05
-9.5455912907119948e-05
-9.4812900137287393e-05
-9.4233742100985484e-05
-9.3602696522692024e-05
-9.2995614648370530e-05
-9.2426703861878543e-05
-9.1769194846312176e-05
-9.1190845813024829e-05
-9.0610464363219780e-05
-8.9942560644305192e-05
-8.9405667359702360e-05
-8.8796389049718692e-05
-8.8177006952575498e-05
-8.7639657174341969e-05
-8.6979494508911354e-05
-8.6425176288141854e-05
-8.5863960730187572e-05
-8.5227758718085350e-05
-8.4700192207950347e-05
-8.4087080785594885e-05
-8.3505793542061442e-05
-8.2972703922901215e-05
-8.2344671471223780e-05
-8.1821510705140681e-05
-8.1229330398443797e-05
-8.0669784101973640e-05
-8.0115648777551757e-05
-7.9528437672501067e-05
-7.9010724654123658e-05
-7.8401661116490136e-05
-7.7892659750206648e-05
-7.7321580985758201e-05
-7.6758097233466951e-05
-7.6258121912671284e-05
-7.5639102303297668e-05
-7.5162976384624501e-05
-7.4571412727286078e-05
-7.4059835162811836e-05
-7.3517357394304697e-05
-7.2972443116142688e-05
-7.2451054403830888e-05
-7.1900010001380447e-05
-7.1406690529755067e-05
-7.0824912054465641e-05
-7.0358622505895877e-05
-6.9777842572353975e-05
-6.9292101990979505e-05
-6.8750301212053107e-05
-6.8235202360574356e-05
-6.7721849987824656e-05
-6.7200376526027730e-05
-6.6694843607495175e-05
-6.6170213028528355e-05
-6.5675628735738261e-05
-6.5131906831181622e-05
-6.4670907362850399e-05
-6.4105309702975027e-05
-6.3659331862507846e-05
-6.3100471903298436e-05
-6.2648372458791145e-05
-6.2097246464423440e-05
-6.1645946065431003e-05
-6.1087885018188786e-05
-6.0653840829436659e-05
-6.0089336012969029e-05
-5.9657332266286460e-05
-5.9104906605049072e-05
-5.8663728348427317e-05
-5.8119936461970899e-05
-5.7674040012428799e-05
-5.7130949104174163e-05
-5.6694196723192440e-05
-5.6149926474298600e-05
-5.5705046197683811e-05
-5.5186586901999856e-05
-5.4716191819234368e-05
-5.4225013415019133e-05
-5.3735810162468741e-05
-5.3252890914162564e-05
-5.2760266746217809e-05
-5.2285799954321695e-05
-5.1782240812313748e-05
-5.1329964785084562e-05
-5.0800366596499591e-05
-5.0363837241618454e-05
-4.9834127442362819e-05
-4.9384289749641205e-05
-4.8881685905226613e-05
-4.8398378316448298e-05
-4.7932020973943646e-05
-4.7415025886368081e-05
-4.6975039582267724e-05
-4.6439579152843108e-05
-4.5988528042091390e-05
-4.5488604618382469e-05
-4.5006563154817717e-05
-4.4532234295258934e-05
-4.4024050006078594e-05
-4.3573776198390248e-05
-4.3040365144895882e-05
-4.2581259213448819e-05
-4.2081359747809646e-05
-4.1587132993825181e-05
-4.1121270999383221e-05
-4.0587985161105000e-05
-4.0121687654857194e-05
-3.9621325223371473e-05
-3.9118078815958778e-05
-3.8646107002046901e-05
-3.8105747274204886e-05
0.0000000000000000e+00
];
