%Vec Object:dSdr_b_aug_4920 1 MPI processes
%  type: seq
dSdr_b_aug_4920 = [
2.3354786885186672e+03
0.0000000000000000e+00
-9.4256435856492648e-07
-3.8805749443999318e-07
-2.4008054419861756e-07
-1.6985981112919867e-07
-1.2710212045164467e-07
-1.0067373103643885e-07
-8.2762554443479937e-08
-6.9286786830566172e-08
-5.9281692992209883e-08
-5.1612439596717820e-08
-4.5371232258277999e-08
-4.0316396221518633e-08
-3.6172551893633241e-08
-3.2679597135529658e-08
-2.9696265011537292e-08
-2.7151023598266693e-08
-2.4951002442399168e-08
-4.9449451478184916e-08
-2.5144561497624933e-04
-7.2069848053731413e-04
-6.8431724335252968e-04
-6.4546289911088163e-04
-6.0230265026207724e-04
-5.6065659083026295e-04
-5.2074037667161665e-04
-4.8043302067131861e-04
-4.3908425179505205e-04
-3.9490496430171531e-04
-3.5602968842820626e-04
-3.1867240438874822e-04
-2.8341078981875960e-04
-2.4622537790007791e-04
-2.1598086795340162e-04
-1.8965834867680007e-04
-1.6663431301525890e-04
-1.4489004559834932e-04
-1.2842055782010529e-04
-1.1592896146624972e-04
-1.0606605810226342e-04
-9.8114689200572632e-05
-9.3159229886675282e-05
-9.0136664265185316e-05
-8.8484711559658202e-05
-8.8094967002544567e-05
-8.8583731873182855e-05
-8.9591538352032377e-05
-9.1047190709173914e-05
-9.3011004108567159e-05
-9.4738907640702411e-05
-9.6550483631530781e-05
-9.8394301100198560e-05
-1.0016806288260290e-04
-1.0165346766416144e-04
-1.0298193417476941e-04
-1.0425567030510807e-04
-1.0528161155565849e-04
-1.0612191153197838e-04
-1.0679752943460777e-04
-1.0740354784814489e-04
-1.0779861363368948e-04
-1.0803176090236773e-04
-1.0821467286481053e-04
-1.0829554037268451e-04
-1.0824203783184603e-04
-1.0812682380136957e-04
-1.0795210872305637e-04
-1.0768835057111379e-04
-1.0736763850501479e-04
-1.0702740342399913e-04
-1.0663536247458763e-04
-1.0620945988098835e-04
-1.0572143819751439e-04
-1.0524152771190327e-04
-1.0473431345463183e-04
-1.0418191257042664e-04
-1.0365020558604663e-04
-1.0310798120643225e-04
-1.0249361705074300e-04
-1.0192340240635556e-04
-1.0135021227202199e-04
-1.0072150516363485e-04
-1.0013970965806542e-04
-9.9561814342516330e-05
-9.8890453925270564e-05
-9.8309397644990364e-05
-9.7709570873459367e-05
-9.7058421888703909e-05
-9.6478715985442952e-05
-9.5863689874288446e-05
-9.5216357773840045e-05
-9.4633443812866598e-05
-9.3998278342823051e-05
-9.3387143401562576e-05
-9.2814541147008425e-05
-9.2152778340196095e-05
-9.1570538256994849e-05
-9.0986455660215965e-05
-9.0314218418113026e-05
-8.9773676795120797e-05
-8.9160560045940118e-05
-8.8537097870492075e-05
-8.7996149301165712e-05
-8.7331826634898425e-05
-8.6773783543583807e-05
-8.6208886584515098e-05
-8.5568600780685052e-05
-8.5037502567095787e-05
-8.4420379520381222e-05
-8.3835316083633184e-05
-8.3298676817146383e-05
-8.2666505626788808e-05
-8.2139926253154777e-05
-8.1543783592524216e-05
-8.0980568849119516e-05
-8.0422793959179241e-05
-7.9831646418122523e-05
-7.9310508068483035e-05
-7.8697433513432450e-05
-7.8184935101119146e-05
-7.7610133513276820e-05
-7.7042876935838966e-05
-7.6539415122128167e-05
-7.5916410235517942e-05
-7.5436939907362092e-05
-7.4841405436630839e-05
-7.4326435549153797e-05
-7.3780127019173718e-05
-7.3231597716870062e-05
-7.2706634018022143e-05
-7.2151770051770349e-05
-7.1655089779241053e-05
-7.1069294860417448e-05
-7.0599736007401014e-05
-7.0014973242156121e-05
-6.9525828823273627e-05
-6.8980250332365982e-05
-6.8461579227045445e-05
-6.7944593907601184e-05
-6.7419440244649952e-05
-6.6910384548882478e-05
-6.6381948411709167e-05
-6.5883909261481069e-05
-6.5336316600059712e-05
-6.4871905351526505e-05
-6.4302397761025460e-05
-6.3853040804597494e-05
-6.3290229097062039e-05
-6.2834836722124395e-05
-6.2279620185019569e-05
-6.1825055788860306e-05
-6.1262884889384231e-05
-6.0825590093008346e-05
-6.0256949155501130e-05
-5.9821671087850264e-05
-5.9265150126432325e-05
-5.8820658813918529e-05
-5.8272773060500990e-05
-5.7823485021034517e-05
-5.7276338726843902e-05
-5.6836119812506585e-05
-5.6287844833344373e-05
-5.5839435994701475e-05
-5.5316984990105555e-05
-5.4842993356317139e-05
-5.4347880325518984e-05
-5.3854950426994440e-05
-5.3368175474570619e-05
-5.2871681683868400e-05
-5.2393456795161082e-05
-5.1885875063922428e-05
-5.1429965034581047e-05
-5.0896139548360547e-05
-5.0456051300949579e-05
-4.9922104928774790e-05
-4.9468581410765528e-05
-4.8961866079514090e-05
-4.8474649378205570e-05
-4.8004339633298573e-05
-4.7483200158928344e-05
-4.7039451326514872e-05
-4.6499573878019964e-05
-4.6044769010262026e-05
-4.5540537259574748e-05
-4.5054499002343487e-05
-4.4576087839024487e-05
-4.4063591594753384e-05
-4.3609427374174883e-05
-4.3071438336592109e-05
-4.2608355489567453e-05
-4.2104139890488342e-05
-4.1605597150042066e-05
-4.1135670275599704e-05
-4.0597687179531097e-05
-4.0127293239546324e-05
-3.9622495459422920e-05
-3.9114726396386901e-05
-3.8638583515998709e-05
-3.8093151407676465e-05
0.0000000000000000e+00
];
