%Vec Object:dSdr_b_aug_8960 1 MPI processes
%  type: seq
dSdr_b_aug_8960 = [
2.2795793909354688e+03
0.0000000000000000e+00
-6.5585957242398386e-07
-2.7158737691117745e-07
-1.6935983064910779e-07
-1.2051665560453674e-07
-9.0397028471724779e-08
-7.1768698715025220e-08
-5.9142017445683653e-08
-4.9656804177046750e-08
-4.2612190806662747e-08
-3.7210938613791852e-08
-3.2814561724205066e-08
-2.9252942375146404e-08
-2.6332649123727557e-08
-2.3870115972703287e-08
-2.1768285325255290e-08
-1.0565385985400909e-06
-7.4274213595980961e-04
-7.8084062513293954e-04
-7.3910418165071289e-04
-7.0042144015281145e-04
-6.6252746685566924e-04
-6.2477023085750713e-04
-5.8285374051285854e-04
-5.4237500215895780e-04
-5.0355330484044109e-04
-4.6433687905647240e-04
-4.2408719514666534e-04
-3.8105124506363164e-04
-3.4317643863865491e-04
-3.0676447754011423e-04
-2.7238315261175565e-04
-2.3611619583730712e-04
-2.0661401849486388e-04
-1.8093322689472020e-04
-1.5846879742058276e-04
-1.3725395868803512e-04
-1.2118582865348895e-04
-1.0900037970537099e-04
-9.9385713149296911e-05
-9.1640339100494548e-05
-8.6821332215157484e-05
-8.3892685565149506e-05
-8.2304829573512047e-05
-8.1953913465898997e-05
-8.2461859358669507e-05
-8.3478041336632132e-05
-8.4932987905612329e-05
-8.6891802455600102e-05
-8.8616108860212518e-05
-9.0422068062695734e-05
-9.2262933870508802e-05
-9.4037603681618794e-05
-9.5526813224066571e-05
-9.6863719165314266e-05
-9.8151846889428434e-05
-9.9194312781972265e-05
-1.0005387271230204e-04
-1.0075388293518395e-04
-1.0138850142475216e-04
-1.0181266443621507e-04
-1.0207817427768906e-04
-1.0229996196341564e-04
-1.0241643885083409e-04
-1.0240074544188999e-04
-1.0232746140202680e-04
-1.0219598447310241e-04
-1.0197416483016981e-04
-1.0169777088933200e-04
-1.0140476248462155e-04
-1.0105635132688045e-04
-1.0067427085238350e-04
-1.0023819006935980e-04
-9.9803053792562194e-05
-9.9340343171283756e-05
-9.8840696088394711e-05
-9.8353534369129754e-05
-9.7855687253713754e-05
-9.7295374254770576e-05
-9.6769833772745718e-05
-9.6241808898222075e-05
-9.5665625161052970e-05
-9.5128257435745926e-05
-9.4595110687297095e-05
-9.3976758497814846e-05
-9.3439951324112366e-05
-9.2885444804222930e-05
-9.2285110332118023e-05
-9.1748919501156791e-05
-9.1179926864097912e-05
-9.0582206986848472e-05
-9.0042433917933556e-05
-8.9454589898179364e-05
-8.8890008851666373e-05
-8.8359807134209660e-05
-8.7746903758899691e-05
-8.7209356627847653e-05
-8.6667785740971300e-05
-8.6045323738357011e-05
-8.5546687261073108e-05
-8.4977659165889159e-05
-8.4401061127039689e-05
-8.3901448586445532e-05
-8.3284908053600043e-05
-8.2769649150412155e-05
-8.2247037085454188e-05
-8.1653658070028563e-05
-8.1163125309447465e-05
-8.0592080129833653e-05
-8.0050390376821303e-05
-7.9554522667641282e-05
-7.8969889390079009e-05
-7.8482576438640607e-05
-7.7931945719409044e-05
-7.7410867075083207e-05
-7.6894896549444398e-05
-7.6348963253206130e-05
-7.5867168553508875e-05
-7.5300164891294047e-05
-7.4827833850495929e-05
-7.4295792932591988e-05
-7.3771871349331659e-05
-7.3308455691996951e-05
-7.2731226042213910e-05
-7.2290169886649318e-05
-7.1740244518899229e-05
-7.1264239141851735e-05
-7.0761931065149182e-05
-7.0254924237447733e-05
-6.9771023137063317e-05
-6.9260031004760416e-05
-6.8801953174198283e-05
-6.8262291466102994e-05
-6.7830284117461037e-05
-6.7291268492968001e-05
-6.6841220835631038e-05
-6.6339033460484793e-05
-6.5861393559736461e-05
-6.5386136567420323e-05
-6.4903253999509534e-05
-6.4434661212683049e-05
-6.3949936030555319e-05
-6.3491579653990367e-05
-6.2988446822655238e-05
-6.2563223556338118e-05
-6.2038625746120004e-05
-6.1628081584645588e-05
-6.1110659975971879e-05
-6.0693090457595105e-05
-6.0184858220607731e-05
-5.9767784347035623e-05
-5.9252819533664619e-05
-5.8852861461686740e-05
-5.8331728330966028e-05
-5.7934059355751032e-05
-5.7424577322881536e-05
-5.7018140008976149e-05
-5.6517276714984322e-05
-5.6106944715128508e-05
-5.5606378875123518e-05
-5.5205976798153543e-05
-5.4703700427081523e-05
-5.4295820881080525e-05
-5.3819218907834697e-05
-5.3386537479853247e-05
-5.2936617812519801e-05
-5.2486492384293649e-05
-5.2044004265447301e-05
-5.1591957167216615e-05
-5.1156897961256387e-05
-5.0695519880804681e-05
-5.0281350140146927e-05
-4.9796079566589532e-05
-4.9396868851449608e-05
-4.8911583880217606e-05
-4.8500395799346382e-05
-4.8040905054756739e-05
-4.7598588409965467e-05
-4.7173675904445420e-05
-4.6700138757666866e-05
-4.6299606125035239e-05
-4.5810462322501249e-05
-4.5398772711196286e-05
-4.4944025918946014e-05
-4.4503894151078392e-05
-4.4072371434612567e-05
-4.3609401140037950e-05
-4.3199920619223274e-05
-4.2714512242100921e-05
-4.2297105393975080e-05
-4.1842460979694904e-05
-4.1393486075136706e-05
-4.0970240157858731e-05
-4.0486196985261177e-05
-4.0062833413151049e-05
-3.9608940937602334e-05
-3.9153034931560109e-05
-3.8724562136106751e-05
-3.8236111719331043e-05
0.0000000000000000e+00
];
