%Vec Object:dSdr_b_aug_7670 1 MPI processes
%  type: seq
dSdr_b_aug_7670 = [
2.2968801155826050e+03
0.0000000000000000e+00
-7.3303419621981381e-07
-3.0340336151581320e-07
-1.8900769158613011e-07
-1.3445241422754705e-07
-1.0091675037626234e-07
-8.0177987872346816e-08
-6.6120340149167268e-08
-5.5550002732745616e-08
-4.7699472662432626e-08
-4.1680539655063660e-08
-3.6779507986534007e-08
-3.2808694951317005e-08
-2.9552876973580616e-08
-2.6807035566300296e-08
-2.4460351051766920e-08
-2.2639040038248816e-08
-2.6920906821726521e-05
-7.8018584907686912e-04
-7.4540628382742770e-04
-7.0645523036727011e-04
-6.6825747206559973e-04
-6.3020313699901583e-04
-5.8795993803880612e-04
-5.4717472248923108e-04
-5.0806566629156178e-04
-4.6856282340718586e-04
-4.2802458142529088e-04
-3.8468845506474142e-04
-3.4655098147595535e-04
-3.0989083159556504e-04
-2.7527839198382523e-04
-2.3877030041112395e-04
-2.0907322816994626e-04
-1.8322395482319576e-04
-1.6061260389578608e-04
-1.3925876664985860e-04
-1.2308526236622983e-04
-1.1081943628764108e-04
-1.0113959672990180e-04
-9.3340140044541716e-05
-8.8485308461013518e-05
-8.5532004010123051e-05
-8.3927319866019845e-05
-8.3566209631018388e-05
-8.4069119705444366e-05
-8.5083102786070845e-05
-8.6538234690906239e-05
-8.8498361690905245e-05
-9.0223612529759505e-05
-9.2031046413715902e-05
-9.3872687188096044e-05
-9.5647118626005721e-05
-9.7135329264417676e-05
-9.8470019476855795e-05
-9.9754368768441545e-05
-1.0079249621022277e-04
-1.0164699955078763e-04
-1.0234060571284800e-04
-1.0296771542123010e-04
-1.0338423912822751e-04
-1.0364125236864935e-04
-1.0385283346551876e-04
-1.0395996132298870e-04
-1.0393434135278015e-04
-1.0385004884545995e-04
-1.0370722000010748e-04
-1.0347438965362160e-04
-1.0318636025560666e-04
-1.0288095277146711e-04
-1.0252108687459987e-04
-1.0212750116670081e-04
-1.0167778361375140e-04
-1.0123089213838879e-04
-1.0075649735588993e-04
-1.0024300008116601e-04
-9.9744143271372670e-05
-9.9234645173109848e-05
-9.8660141369799731e-05
-9.8122871956259170e-05
-9.7582989215635758e-05
-9.6993015785075881e-05
-9.6443983814551267e-05
-9.5899088600299174e-05
-9.5266819421456109e-05
-9.4718394912372860e-05
-9.4151989834530652e-05
-9.3538314319755578e-05
-9.2990698869764782e-05
-9.2409620422679041e-05
-9.1798875156649031e-05
-9.1247775707576259e-05
-9.0647507727600483e-05
-9.0070704237914955e-05
-8.9529370516096092e-05
-8.8903639393066297e-05
-8.8354358398085205e-05
-8.7801626319193633e-05
-8.7166096129135832e-05
-8.6656457709609301e-05
-8.6075854406890987e-05
-8.5486952475919575e-05
-8.4976487414284533e-05
-8.4347401974947087e-05
-8.3820910345381428e-05
-8.3287196640702247e-05
-8.2681502535421998e-05
-8.2180319564000644e-05
-8.1597176922866506e-05
-8.1044099675263654e-05
-8.0537527643978157e-05
-7.9940413578967755e-05
-7.9442791469610854e-05
-7.8880211869498756e-05
-7.8348070651201553e-05
-7.7821124646605902e-05
-7.7263320628125228e-05
-7.6771196495181292e-05
-7.6192097203177085e-05
-7.5709220466202548e-05
-7.5165952997536005e-05
-7.4630654078263755e-05
-7.4156724549317272e-05
-7.3567476892912159e-05
-7.3116335333336520e-05
-7.2554435576592492e-05
-7.2068200307949347e-05
-7.1554340183639192e-05
-7.1036431886688971e-05
-7.0541750054856320e-05
-7.0019239643595585e-05
-6.9551026980976547e-05
-6.8999253283559417e-05
-6.8557387020426084e-05
-6.8006360767286744e-05
-6.7546048497976529e-05
-6.7032469054560700e-05
-6.6544056666050330e-05
-6.6057844160906888e-05
-6.5563863580010828e-05
-6.5084647508692784e-05
-6.4588446287625493e-05
-6.4119671446887145e-05
-6.3604865964659798e-05
-6.3169354139235126e-05
-6.2632965547172617e-05
-6.2212231330423818e-05
-6.1682892835964270e-05
-6.1255393165474633e-05
-6.0734825495748118e-05
-6.0307908723286964e-05
-5.9780550249696922e-05
-5.9370789658697822e-05
-5.8837183654084649e-05
-5.8429640652591259e-05
-5.7907808848389416e-05
-5.7491380702383059e-05
-5.6978171962616763e-05
-5.6557612307144116e-05
-5.6044817069214900e-05
-5.5633961341602034e-05
-5.5119608335254626e-05
-5.4701088090542670e-05
-5.4212448755397339e-05
-5.3768921608129876e-05
-5.3307136724097711e-05
-5.2845773270727005e-05
-5.2391657943663880e-05
-5.1927941670034015e-05
-5.1481549612989910e-05
-5.1008041085088555e-05
-5.0582912729249539e-05
-5.0084894407504850e-05
-4.9674951598322384e-05
-4.9176890932456660e-05
-4.8754588006706214e-05
-4.8282698809488604e-05
-4.7828594012933958e-05
-4.7391762834689785e-05
-4.6905728097227792e-05
-4.6493849440864182e-05
-4.5991385976697951e-05
-4.5568376889641635e-05
-4.5100638327538104e-05
-4.4648454334968942e-05
-4.4204621638231266e-05
-4.3728648971722477e-05
-4.3307437471073178e-05
-4.2808224942364324e-05
-4.2378826891874891e-05
-4.1911168875550079e-05
-4.1449181636907659e-05
-4.1013681937620239e-05
-4.0515480256535157e-05
-4.0079774210586354e-05
-3.9612526095227386e-05
-3.9143023521236758e-05
-3.8702091085319330e-05
-3.8198979161305113e-05
0.0000000000000000e+00
];
