%Vec Object:dSdr_b_aug_6480 1 MPI processes
%  type: seq
dSdr_b_aug_6480 = [
2.3106138305984559e+03
0.0000000000000000e+00
-7.9800798574617004e-07
-3.2857588560330864e-07
-2.0348001943918831e-07
-1.4393897549662790e-07
-1.0750681597210031e-07
-8.4984914057450587e-08
-6.9722331092939727e-08
-5.8259146244196580e-08
-4.9748481878859722e-08
-4.3224226226337331e-08
-3.7919010145772001e-08
-3.3623006911244263e-08
-3.0101140427723035e-08
-2.7133301103624074e-08
-2.4599352781390528e-08
-2.2437695928440325e-08
-6.3956434903627182e-08
-3.7884002996953301e-04
-7.5085710378921817e-04
-7.1297835548266746e-04
-6.7446439594609909e-04
-6.3608840162672541e-04
-5.9349129459412343e-04
-5.5237408355947467e-04
-5.1295374196039744e-04
-4.7314063385205996e-04
-4.3228980739415916e-04
-3.8862851095618385e-04
-3.5020649955411274e-04
-3.1327749575648766e-04
-2.7841469797200045e-04
-2.4164539377222305e-04
-2.1173719891881825e-04
-1.8570541545726528e-04
-1.6293491019750514e-04
-1.4143050121345443e-04
-1.2514284912449851e-04
-1.1278995327282561e-04
-1.0303951393430118e-04
-9.5181471281988243e-05
-9.0287831929825252e-05
-8.7307816435425257e-05
-8.5684902875298344e-05
-8.5312749782041601e-05
-8.5810204811970057e-05
-8.6821805981962893e-05
-8.8277138729328408e-05
-9.0238687532989145e-05
-9.1964961510247102e-05
-9.3773992926763825e-05
-9.5616473253929196e-05
-9.7390646526025493e-05
-9.8877775138216358e-05
-1.0021006517845110e-04
-1.0149032147456048e-04
-1.0252374926984183e-04
-1.0337277502698622e-04
-1.0405944393637430e-04
-1.0467841968669272e-04
-1.0508666804209585e-04
-1.0533447725050737e-04
-1.0553500194625270e-04
-1.0563200236351579e-04
-1.0559562933275874e-04
-1.0549941177403399e-04
-1.0534428583043303e-04
-1.0509952800804513e-04
-1.0479889436020351e-04
-1.0448005542130779e-04
-1.0410778103831109e-04
-1.0370173214495812e-04
-1.0323724238974302e-04
-1.0277761694945400e-04
-1.0229056515359592e-04
-1.0176206448261332e-04
-1.0125053881912140e-04
-1.0072841964694312e-04
-1.0013854347271684e-04
-9.9588568545434320e-05
-9.9035840620501840e-05
-9.8430929326820147e-05
-9.7869261913720564e-05
-9.7311640023502042e-05
-9.6664295085379181e-05
-9.6103285948541292e-05
-9.5523991604418314e-05
-9.4895864231683496e-05
-9.4335872915757415e-05
-9.3741702358193736e-05
-9.3116847169884246e-05
-9.2553478272750756e-05
-9.1939751875749800e-05
-9.1349708265018231e-05
-9.0796315654743530e-05
-9.0156688705717844e-05
-8.9594696849329688e-05
-8.9029874263476464e-05
-8.8380187787252725e-05
-8.7858631370036979e-05
-8.7265489064757278e-05
-8.6663258766445859e-05
-8.6141037554984080e-05
-8.5498362665695530e-05
-8.4959703023226288e-05
-8.4413963306853454e-05
-8.3794928702975407e-05
-8.3282208735990508e-05
-8.2685961344741577e-05
-8.2120548428200050e-05
-8.1602380783802163e-05
-8.0991746724772061e-05
-8.0482957068760309e-05
-7.9907433669204733e-05
-7.9363308755305359e-05
-7.8824473401651975e-05
-7.8253810249181982e-05
-7.7750496604442714e-05
-7.7158294543445497e-05
-7.6663994024188300e-05
-7.6108565227582672e-05
-7.5560941639801237e-05
-7.5075622801746327e-05
-7.4473356460505431e-05
-7.4011289734341818e-05
-7.3436418541243187e-05
-7.2939101586657069e-05
-7.2412727532197475e-05
-7.1883010052344783e-05
-7.1376649827976520e-05
-7.0841662064968111e-05
-7.0362470687911229e-05
-6.9797576492307555e-05
-6.9345030404855846e-05
-6.8780993452263856e-05
-6.8309561879536658e-05
-6.7783641799068234e-05
-6.7283559941704534e-05
-6.6785479702310391e-05
-6.6279477020768447e-05
-6.5788753103865769e-05
-6.5280120277991910e-05
-6.4800059463629228e-05
-6.4272609391152934e-05
-6.3825952310919825e-05
-6.3276791158341336e-05
-6.2845018389272309e-05
-6.2302770726978929e-05
-6.1864514043962577e-05
-6.1330583805731023e-05
-6.0893004534689235e-05
-6.0352220412046004e-05
-5.9931841059662792e-05
-5.9384723591079862e-05
-5.8966484361147359e-05
-5.8431274439143696e-05
-5.8004023526120853e-05
-5.7477441346758055e-05
-5.7045802373717903e-05
-5.6519759397471235e-05
-5.6097579530397184e-05
-5.5570144256908988e-05
-5.5140097238309666e-05
-5.4638418166609312e-05
-5.4183142139000690e-05
-5.3708503981277773e-05
-5.3234966658459088e-05
-5.2768255863589248e-05
-5.2291898648354472e-05
-5.1833229964494018e-05
-5.1346580786581967e-05
-5.0909581167982103e-05
-5.0397753458507613e-05
-4.9976184726513393e-05
-4.9464284349962995e-05
-4.9029940823963753e-05
-4.8544620503023666e-05
-4.8077745657971872e-05
-4.7628002993581930e-05
-4.7128429586413270e-05
-4.6704259643391001e-05
-4.6187366828155610e-05
-4.5752095015928825e-05
-4.5270282054420637e-05
-4.4805041267466165e-05
-4.4347872340156817e-05
-4.3857813108159407e-05
-4.3423891918224703e-05
-4.2909723369235502e-05
-4.2467332472543222e-05
-4.1985572994480550e-05
-4.1509484031687153e-05
-4.1060701718318011e-05
-4.0547149614487130e-05
-4.0098052143472545e-05
-3.9616297665090325e-05
-3.9131983956702007e-05
-3.8677322214241741e-05
-3.8157090827883064e-05
0.0000000000000000e+00
];
