%Vec Object:dSdr_b_aug_1840 1 MPI processes
%  type: seq
dSdr_b_aug_1840 = [
2.4182509911720231e+03
0.0000000000000000e+00
-1.6823743134788509e-06
-6.8925164865753956e-07
-4.2277161584743910e-07
-2.9784390838805339e-07
-2.2331818619993488e-07
-1.7728922804983619e-07
-1.4609298460572290e-07
-1.2250797836503245e-07
-1.0499977309185242e-07
-9.1582928094168382e-08
-8.0647794346871218e-08
-7.1789104486603529e-08
-6.4527675736022099e-08
-5.8404488841653615e-08
-5.3172195820262339e-08
-4.8708472077365740e-08
-4.4849453875011738e-08
-4.1444416555925383e-08
-3.8461510072430105e-08
-3.5830868017424139e-08
-3.3489917571177273e-08
-1.6951287619969410e-07
-1.5351205777638385e-04
-5.7558989199084116e-04
-5.4654508950679700e-04
-5.0502342159421457e-04
-4.6201722338782235e-04
-4.1609102690607415e-04
-3.7568588631276185e-04
-3.3688295385325570e-04
-3.0027513293989376e-04
-2.6168514758727335e-04
-2.3030540435044311e-04
-2.0300150482880679e-04
-1.7912167598536235e-04
-1.5656776522987286e-04
-1.3948449012332254e-04
-1.2652470943167019e-04
-1.1628218305560394e-04
-1.0801579077748798e-04
-1.0285165765195883e-04
-9.9685463606190931e-05
-9.7935488929679759e-05
-9.7486364540975688e-05
-9.7945795927835790e-05
-9.8940793565859236e-05
-1.0039752489030308e-04
-1.0236898253695815e-04
-1.0410238672955769e-04
-1.0592255201959011e-04
-1.0777088308297750e-04
-1.0954325594073150e-04
-1.1102284181950848e-04
-1.1233840156144494e-04
-1.1359012843809282e-04
-1.1459079844742219e-04
-1.1540164415969945e-04
-1.1603995900635198e-04
-1.1660223955590137e-04
-1.1695280722131254e-04
-1.1713646276546482e-04
-1.1725992259661935e-04
-1.1728633314158091e-04
-1.1717500962050859e-04
-1.1699567268094133e-04
-1.1675483416672116e-04
-1.1642694010444901e-04
-1.1603845304229434e-04
-1.1562599498969253e-04
-1.1516723171793555e-04
-1.1467431268882689e-04
-1.1410685869824976e-04
-1.1355847578240108e-04
-1.1298320288391674e-04
-1.1235012656259273e-04
-1.1175029728720098e-04
-1.1114020754336274e-04
-1.1044318395062832e-04
-1.0980464991400709e-04
-1.0916238936673156e-04
-1.0845335924726262e-04
-1.0780362115071321e-04
-1.0715729267542317e-04
-1.0640486781693014e-04
-1.0575614224388156e-04
-1.0508700810199374e-04
-1.0435814949219093e-04
-1.0371189684650042e-04
-1.0302647265557666e-04
-1.0230326957163048e-04
-1.0165438109811357e-04
-1.0094684787912083e-04
-1.0026451899570370e-04
-9.9627074443086867e-05
-9.8890591889665613e-05
-9.8240003769117757e-05
-9.7590908864065976e-05
-9.6842551352970812e-05
-9.6237925029723440e-05
-9.5557384431049162e-05
-9.4862253962402947e-05
-9.4258091118250360e-05
-9.3520696289139477e-05
-9.2897224286730073e-05
-9.2267661977260337e-05
-9.1555642659745705e-05
-9.0962508603668215e-05
-9.0274919697439960e-05
-8.9623525853671065e-05
-8.9024535557620068e-05
-8.8319665695711275e-05
-8.7733037066803208e-05
-8.7067294013193849e-05
-8.6439641482316122e-05
-8.5817936121369964e-05
-8.5157643453974915e-05
-8.4576337755618231e-05
-8.3892808024276668e-05
-8.3318882567526078e-05
-8.2678688061245251e-05
-8.2045160266386470e-05
-8.1480456786504833e-05
-8.0787448876424174e-05
-8.0249232645770009e-05
-7.9583949222128240e-05
-7.9009391818363848e-05
-7.8395794414457323e-05
-7.7783765761960702e-05
-7.7196005995375296e-05
-7.6574049861033572e-05
-7.6018335792680516e-05
-7.5361990438734160e-05
-7.4835004974160390e-05
-7.4180282191305585e-05
-7.3631348041521466e-05
-7.3019412561177983e-05
-7.2437993433530586e-05
-7.1857194002327441e-05
-7.1267396190358346e-05
-7.0696461572885790e-05
-7.0101179352833148e-05
-6.9542454338373191e-05
-6.8926870371014204e-05
-6.8402529947044012e-05
-6.7764342969542371e-05
-6.7255630621107287e-05
-6.6623405004685458e-05
-6.6110171150736855e-05
-6.5483102748832686e-05
-6.4971205128637368e-05
-6.4336843218189014e-05
-6.3842450424811859e-05
-6.3201157092299083e-05
-6.2708364533107472e-05
-6.2079908257339374e-05
-6.1577222106375958e-05
-6.0957426265773851e-05
-6.0448563960897182e-05
-5.9830183578705990e-05
-5.9329074052189559e-05
-5.8710454850428791e-05
-5.8200065922531118e-05
-5.7607499510177103e-05
-5.7070333635534938e-05
-5.6506107981706202e-05
-5.5947718795468714e-05
-5.5393217665652114e-05
-5.4828753295123535e-05
-5.4284516918678764e-05
-5.3706277886666793e-05
-5.3186536367390405e-05
-5.2578458052542487e-05
-5.2075857937031929e-05
-5.1467496153101053e-05
-5.0949231532282519e-05
-5.0370298430028662e-05
-4.9814419033578921e-05
-4.9274686524268094e-05
-4.8680752426869625e-05
-4.8170916940303208e-05
-4.7553457072367324e-05
-4.7032720965935024e-05
-4.6452817666144077e-05
-4.5896581231948180e-05
-4.5346471359299197e-05
-4.4758244469407921e-05
-4.4235756721953788e-05
-4.3617370341804409e-05
-4.3084453094191096e-05
-4.2504451945513306e-05
-4.1930137285074083e-05
-4.1388866816658278e-05
-4.0768462402405448e-05
-4.0226256297333872e-05
-3.9643810140439298e-05
-3.9057152772852693e-05
-3.8509300078836312e-05
-3.7883044826866695e-05
0.0000000000000000e+00
];
