%Vec Object:dSdr_b_aug_3650 1 MPI processes
%  type: seq
dSdr_b_aug_3650 = [
2.3613951862284730e+03
0.0000000000000000e+00
-1.1264881997749682e-06
-4.6392551230816580e-07
-2.8682607926947601e-07
-2.0306552445863453e-07
-1.5233489163771564e-07
-1.2098267802233659e-07
-9.9732250742590413e-08
-8.3710016247957783e-08
-7.1813326083358604e-08
-6.2694585653710617e-08
-5.5265880142189556e-08
-4.9247501670724153e-08
-4.4313594094121221e-08
-4.0152809017017108e-08
-3.6597136548355416e-08
-3.3563430414922642e-08
-3.0940415869518794e-08
-2.8625748357229631e-08
-3.3372307761036972e-08
-8.7207673723830434e-05
-6.8614980659635096e-04
-6.5523638620261721e-04
-6.1162492357145516e-04
-5.6942252812899484e-04
-5.2898159724684127e-04
-4.8815114311229917e-04
-4.4627536184738918e-04
-4.0154784266992644e-04
-3.6219284045735275e-04
-3.2438227291023289e-04
-2.8869855838999542e-04
-2.5107274615505606e-04
-2.2047228685265454e-04
-1.9384205844408497e-04
-1.7054969113923637e-04
-1.4855156223643096e-04
-1.3188962310265251e-04
-1.1925122882406210e-04
-1.0926929570371503e-04
-1.0121915208893016e-04
-9.6198263686614999e-05
-9.3130663784401954e-05
-9.1447976579903161e-05
-9.1039613663189539e-05
-9.1519181125619781e-05
-9.2522971452323877e-05
-9.3978962141647983e-05
-9.5945172398039614e-05
-9.7674800669620855e-05
-9.9489069833196960e-05
-1.0133430254723123e-04
-1.0310762885453512e-04
-1.0459120912629132e-04
-1.0591562869445871e-04
-1.0718246382683636e-04
-1.0820048129543646e-04
-1.0903154591711499e-04
-1.0969546750058032e-04
-1.1028777198092786e-04
-1.1066888545944491e-04
-1.1088651469210801e-04
-1.1105078556245596e-04
-1.1111457828010916e-04
-1.1104294617336807e-04
-1.1090762662217055e-04
-1.1071217876117013e-04
-1.1042831100781436e-04
-1.1008634831294926e-04
-1.0972346795073584e-04
-1.0931050643231355e-04
-1.0886359104979468e-04
-1.0835066361277002e-04
-1.0784928381230015e-04
-1.0732072998129566e-04
-1.0674303355964396e-04
-1.0618996704218810e-04
-1.0562646368693360e-04
-1.0498618191289869e-04
-1.0439454593139268e-04
-1.0379969897881035e-04
-1.0314580682926239e-04
-1.0254270812911769e-04
-1.0194335580184568e-04
-1.0124657785594919e-04
-1.0064430405701758e-04
-1.0002274615193874e-04
-9.9347231529204550e-05
-9.8746660079039909e-05
-9.8109560844747290e-05
-9.7438439606880694e-05
-9.6834839520204658e-05
-9.6176983342037892e-05
-9.5543525736730155e-05
-9.4950592358726486e-05
-9.4265401380953207e-05
-9.3661730958982236e-05
-9.3057263932205871e-05
-9.2361159388960938e-05
-9.1800524184707964e-05
-9.1166266870360813e-05
-9.0520333293067699e-05
-8.9959564056661957e-05
-8.9272329808630989e-05
-8.8693771656623839e-05
-8.8108599049309592e-05
-8.7445821393637528e-05
-8.6895272006540976e-05
-8.6256054577384816e-05
-8.5650193417846282e-05
-8.5094004151666379e-05
-8.4439038486325423e-05
-8.3893630827995138e-05
-8.3275665148934566e-05
-8.2692246108102539e-05
-8.2114425988425666e-05
-8.1501598176210067e-05
-8.0961594513338041e-05
-8.0326428924484082e-05
-7.9794670224414584e-05
-7.9199364859807120e-05
-7.8611329116937164e-05
-7.8088665140023763e-05
-7.7443710990152465e-05
-7.6945821038303265e-05
-7.6328416966984464e-05
-7.5794763569837960e-05
-7.5227356790095030e-05
-7.4658917432816825e-05
-7.4114264190949298e-05
-7.3538363650820272e-05
-7.3023173485179017e-05
-7.2415257661688349e-05
-7.1927692843353671e-05
-7.1320994296728978e-05
-7.0813102962208625e-05
-7.0246718409135286e-05
-6.9708372823217154e-05
-6.9171378753424354e-05
-6.8625956083843078e-05
-6.8097498410462528e-05
-6.7548102855304295e-05
-6.7031035806755390e-05
-6.6462124644824140e-05
-6.5978922754753911e-05
-6.5387880916684761e-05
-6.4919913225880272e-05
-6.4335336962304115e-05
-6.3861808535076013e-05
-6.3284063025959505e-05
-6.2811521938032947e-05
-6.2226715726640251e-05
-6.1771517991679879e-05
-6.1180097074640041e-05
-6.0726785475721196e-05
-6.0147709371342840e-05
-5.9684971204309479e-05
-5.9114538215302557e-05
-5.8646570802943486e-05
-5.8077089227913083e-05
-5.7617778200477536e-05
-5.7047446951693556e-05
-5.6579604393401004e-05
-5.6035168859149619e-05
-5.5541369077715556e-05
-5.5024585932550397e-05
-5.4511131410049258e-05
-5.4003121053013111e-05
-5.3485315221995459e-05
-5.2986392556708708e-05
-5.2456656361433358e-05
-5.1980732077601021e-05
-5.1423624746732441e-05
-5.0963935995103113e-05
-5.0406656784677119e-05
-4.9932833773373621e-05
-4.9403474647186614e-05
-4.8894728822231085e-05
-4.8402651620312201e-05
-4.7858687431499956e-05
-4.7394217129235104e-05
-4.6830013713884904e-05
-4.6354536044048007e-05
-4.5826577398554985e-05
-4.5318528354709121e-05
-4.4817635848248045e-05
-4.4281393966198130e-05
-4.3805806474238029e-05
-4.3242608283252182e-05
-4.2757628042578417e-05
-4.2229648747194039e-05
-4.1707346082767925e-05
-4.1215046982966729e-05
-4.0651216900943591e-05
-4.0158299961125218e-05
-3.9629144006998400e-05
-3.9096614874693099e-05
-3.8597918121112018e-05
-3.8026776786804379e-05
0.0000000000000000e+00
];
