%Vec Object:dSdr_b_aug_1600 1 MPI processes
%  type: seq
dSdr_b_aug_1600 = [
2.4283936704900607e+03
0.0000000000000000e+00
-1.8113954551785523e-06
-7.4155338508826710e-07
-4.5428263636821729e-07
-3.1983567899239315e-07
-2.3985354720209245e-07
-1.9045993388789871e-07
-1.5698333523510108e-07
-1.3165839369057431e-07
-1.1285898270983058e-07
-9.8453208278074592e-08
-8.6709992461560546e-08
-7.7196422363201065e-08
-6.9398300295282885e-08
-6.2822292643519893e-08
-5.7202789596614527e-08
-5.2408766608145848e-08
-4.8264188688451606e-08
-4.4607013264165467e-08
-4.1403241751032884e-08
-3.8577839455773640e-08
-3.6038040752760239e-08
-3.5440247277088089e-08
-5.3376556404333681e-06
-4.3744238128125637e-04
-5.4578055354102275e-04
-5.0817895252486278e-04
-4.6515002489116384e-04
-4.1899757010069620e-04
-3.7838356909952720e-04
-3.3938233644999248e-04
-3.0258976391025105e-04
-2.6380700331869673e-04
-2.3227144970855789e-04
-2.0483285576537551e-04
-1.8083556925082856e-04
-1.5817053488019952e-04
-1.4100301739929910e-04
-1.2797897834888910e-04
-1.1768434865977955e-04
-1.0937471936857391e-04
-1.0418194570984363e-04
-1.0099603860978076e-04
-9.9232610366668030e-05
-9.8775336045933663e-05
-9.9230741365162955e-05
-1.0022398094384975e-04
-1.0168086031383295e-04
-1.0365336709217802e-04
-1.0538752621264941e-04
-1.0720887034865802e-04
-1.0905782086946594e-04
-1.1083000306503899e-04
-1.1230879027458326e-04
-1.1362257854899479e-04
-1.1487128464246454e-04
-1.1586848616063014e-04
-1.1667528926169262e-04
-1.1730848425158044e-04
-1.1786476176524209e-04
-1.1820922205061831e-04
-1.1838608484302612e-04
-1.1850138485637130e-04
-1.1852032117019651e-04
-1.1840106170627367e-04
-1.1821292388445829e-04
-1.1796300991541234e-04
-1.1762631318666995e-04
-1.1722852399348480e-04
-1.1680615332450356e-04
-1.1633823240163098e-04
-1.1583611535446617e-04
-1.1525775926566434e-04
-1.1469997849654210e-04
-1.1411536453741179e-04
-1.1347121549829236e-04
-1.1286203642702603e-04
-1.1224263215013271e-04
-1.1153426353600257e-04
-1.1088635265006550e-04
-1.1023461217702555e-04
-1.0951455771061103e-04
-1.0885549448144831e-04
-1.0819977354365579e-04
-1.0743622253464797e-04
-1.0677820928951184e-04
-1.0609956265169886e-04
-1.0536003833727270e-04
-1.0470465210423964e-04
-1.0400956576194955e-04
-1.0327594937035807e-04
-1.0261800588154932e-04
-1.0190054017402631e-04
-1.0120843990830009e-04
-1.0056209573682728e-04
-9.9815357883535665e-05
-9.9155388981197304e-05
-9.8497371123942208e-05
-9.7738566092077692e-05
-9.7125144130870436e-05
-9.6435349600656415e-05
-9.5730382654448363e-05
-9.5117543648502712e-05
-9.4370119660013553e-05
-9.3737667536065853e-05
-9.3099229904525468e-05
-9.2377365158942106e-05
-9.1775716680480391e-05
-9.1078456332148837e-05
-9.0417958636935294e-05
-8.9810410659974066e-05
-8.9095562902462801e-05
-8.8500692512100693e-05
-8.7825396801811644e-05
-8.7188900182953033e-05
-8.6558420363829473e-05
-8.5888637525652049e-05
-8.5299073858075401e-05
-8.4605874152821479e-05
-8.4023517833579881e-05
-8.3374348149356964e-05
-8.2731724629224617e-05
-8.2158615731158546e-05
-8.1455999906522786e-05
-8.0909720801563680e-05
-8.0234864334592578e-05
-7.9652128546185783e-05
-7.9029295745701276e-05
-7.8408551809897606e-05
-7.7812173285302672e-05
-7.7181008753247711e-05
-7.6617192300367133e-05
-7.5951163902227028e-05
-7.5416296640131076e-05
-7.4751971848940112e-05
-7.4194831564082514e-05
-7.3573788592431368e-05
-7.2983757305116013e-05
-7.2394199394066740e-05
-7.1795529180426312e-05
-7.1216101689077044e-05
-7.0611644852592933e-05
-7.0044590713544183e-05
-6.9419674949562366e-05
-6.8887109258038468e-05
-6.8239496046687499e-05
-6.7722637184345854e-05
-6.7080884523201606e-05
-6.6559711942436154e-05
-6.5922781887994803e-05
-6.5403015301523839e-05
-6.4758745193886814e-05
-6.4256515722017977e-05
-6.3605250870637305e-05
-6.3104564472530618e-05
-6.2466235101095135e-05
-6.1955561737867592e-05
-6.1325896268410793e-05
-6.0808857429499212e-05
-6.0180700205099031e-05
-5.9671233481584325e-05
-5.9042959578183739e-05
-5.8524063929695865e-05
-5.7921874228092252e-05
-5.7376037744315005e-05
-5.6802326443098325e-05
-5.6234953035767339e-05
-5.5671156560263414e-05
-5.5097363307185529e-05
-5.4544066941315038e-05
-5.3956130291223655e-05
-5.3427628006513175e-05
-5.2809358609795324e-05
-5.2298178872050167e-05
-5.1679603721064966e-05
-5.1152453549272162e-05
-5.0563608745135568e-05
-4.9998305605603098e-05
-4.9449045062681831e-05
-4.8845120180824484e-05
-4.8326214618731835e-05
-4.7698106936686810e-05
-4.7168322200911520e-05
-4.6578033496057152e-05
-4.6012162976573751e-05
-4.5452213199113269e-05
-4.4853593192531153e-05
-4.4321729174781202e-05
-4.3692309710040940e-05
-4.3149809564488570e-05
-4.2559409357583520e-05
-4.1974698462124111e-05
-4.1423641056358611e-05
-4.0791931900102790e-05
-4.0239881930951255e-05
-3.9646800975688403e-05
-3.9049363942408611e-05
-3.8491803210375030e-05
-3.7855168042046887e-05
0.0000000000000000e+00
];
