%Vec Object:dSdr_b_aug_610 1 MPI processes
%  type: seq
dSdr_b_aug_610 = [
2.5070490908292059e+03
0.0000000000000000e+00
-3.2838135465520360e-06
-1.3342198425976214e-06
-8.0781907440469854e-07
-5.6505329726443584e-07
-4.2394206414244769e-07
-3.3688360812418249e-07
-2.7788410641436710e-07
-2.3302829797464977e-07
-1.9973907578686909e-07
-1.7423814005287556e-07
-1.5342795308091359e-07
-1.3656756869520807e-07
-1.2274942128979004e-07
-1.1109550744984823e-07
-1.0113521690368104e-07
-9.2638870398020535e-08
-8.5294000159158572e-08
-7.8812500352408883e-08
-7.3134976349119404e-08
-6.8128354331919866e-08
-6.3627338063252794e-08
-5.9603729084198978e-08
-5.5994085210274846e-08
-5.2718333178467949e-08
-4.9739560258529245e-08
-4.7102127128993276e-08
-6.3101102043021561e-08
-3.3728703777837019e-06
-1.2675945027677271e-04
-3.1380687932602310e-04
-3.1090954867412062e-04
-2.7628244625449737e-04
-2.4472955657500929e-04
-2.1663425089739897e-04
-1.9193085647554111e-04
-1.6856220971526051e-04
-1.5085396308369249e-04
-1.3741516449924734e-04
-1.2678333795912861e-04
-1.1819354869749418e-04
-1.1281511805574428e-04
-1.0950138838315374e-04
-1.0765070978729592e-04
-1.0714057848152762e-04
-1.0756987553032115e-04
-1.0855171755612232e-04
-1.1000956477201214e-04
-1.1198888428301644e-04
-1.1372794501073444e-04
-1.1555694081108421e-04
-1.1740991195133263e-04
-1.1918085679061042e-04
-1.2065446052942228e-04
-1.2195675186447057e-04
-1.2318585303452496e-04
-1.2416054404127002e-04
-1.2494111066189417e-04
-1.2554107797619780e-04
-1.2605839610368584e-04
-1.2636321984089849e-04
-1.2649599811897366e-04
-1.2655834153218586e-04
-1.2652877064454264e-04
-1.2635800754587370e-04
-1.2611275274342109e-04
-1.2580393986221368e-04
-1.2541011460188691e-04
-1.2495195541925696e-04
-1.2446525279463227e-04
-1.2393789956066667e-04
-1.2337608823519540e-04
-1.2272697859856861e-04
-1.2210820665933372e-04
-1.2146297011646505e-04
-1.2074696025197810e-04
-1.2007710191689069e-04
-1.1939724723446419e-04
-1.1861525059177583e-04
-1.1790648489281452e-04
-1.1719322065156007e-04
-1.1640161931416096e-04
-1.1568203691865918e-04
-1.1496535985133648e-04
-1.1412960153345825e-04
-1.1341131253240484e-04
-1.1267093104894602e-04
-1.1186218769268440e-04
-1.1114752560571326e-04
-1.1038973285653463e-04
-1.0958853514594569e-04
-1.0887182549749833e-04
-1.0808989894274021e-04
-1.0733438338954163e-04
-1.0663028157924405e-04
-1.0581698788235278e-04
-1.0509613865795161e-04
-1.0438021174232855e-04
-1.0355360338414385e-04
-1.0288309862733916e-04
-1.0213324713442483e-04
-1.0136444267473316e-04
-1.0069529646611997e-04
-9.9882784491353894e-05
-9.9192052511010739e-05
-9.8496015157318570e-05
-9.7710254817857066e-05
-9.7053348821975923e-05
-9.6293322031439974e-05
-9.5573741496464518e-05
-9.4910655261623767e-05
-9.4131052222947806e-05
-9.3482693857676607e-05
-9.2745402622932600e-05
-9.2051509007848041e-05
-9.1364084082340660e-05
-9.0632711253047001e-05
-8.9989554437977024e-05
-8.9233597842041854e-05
-8.8596526325353597e-05
-8.7889108898389016e-05
-8.7187455306364108e-05
-8.6559796358970286e-05
-8.5794826467711839e-05
-8.5196220433079927e-05
-8.4459236224162246e-05
-8.3823423869702806e-05
-8.3140654626740910e-05
-8.2463349729918866e-05
-8.1811036692976111e-05
-8.1120110964468865e-05
-8.0503711216642720e-05
-7.9774841241729813e-05
-7.9188822287177559e-05
-7.8462181853083382e-05
-7.7851784985840202e-05
-7.7171635750183546e-05
-7.6525712855100717e-05
-7.5879313746761789e-05
-7.5223063011516450e-05
-7.4588518106876789e-05
-7.3924519444320354e-05
-7.3303410634780573e-05
-7.2617933000756826e-05
-7.2031986694678533e-05
-7.1323198768707041e-05
-7.0753470436568476e-05
-7.0049888855145025e-05
-6.9477195367699597e-05
-6.8776264883815423e-05
-6.8205430184646479e-05
-6.7496857640353313e-05
-6.6943769664483703e-05
-6.6227791500397126e-05
-6.5675875710968255e-05
-6.4973471866658583e-05
-6.4410963222778775e-05
-6.3717245880115679e-05
-6.3147143194594119e-05
-6.2455536391076993e-05
-6.1891833468596949e-05
-6.1200902811862063e-05
-6.0626800732745103e-05
-5.9962158312816815e-05
-5.9360051981987515e-05
-5.8724781451213013e-05
-5.8099103137469838e-05
-5.7474982734690180e-05
-5.6840648066609638e-05
-5.6228555545556712e-05
-5.5577684821371757e-05
-5.4992328736984186e-05
-5.4307923257619703e-05
-5.3741065879374004e-05
-5.3056210681442183e-05
-5.2471398195235187e-05
-5.1818231991412975e-05
-5.1191774798823446e-05
-5.0580684027639347e-05
-4.9911926563270130e-05
-4.9334164605766523e-05
-4.8636962473996640e-05
-4.8048463163783359e-05
-4.7390786252297629e-05
-4.6762405769392930e-05
-4.6138613225875269e-05
-4.5472564113068758e-05
-4.4879875223843678e-05
-4.4178885671901855e-05
-4.3574236694484718e-05
-4.2916405529306743e-05
-4.2264304000841224e-05
-4.1649845154463375e-05
-4.0944944777784509e-05
-4.0329295249861607e-05
-3.9667716224394888e-05
-3.9001430634136452e-05
-3.8383991685110056e-05
-3.7696647434561108e-05
0.0000000000000000e+00
];
