%Vec Object:dSdr_b_aug_2730 1 MPI processes
%  type: seq
dSdr_b_aug_2730 = [
2.3849446402083545e+03
0.0000000000000000e+00
-1.3274242385729424e-06
-5.4592774603548083e-07
-3.3671103531229316e-07
-2.3809675574861558e-07
-1.7871527211689291e-07
-1.4202465679366344e-07
-1.1715561552822213e-07
-9.8379238055512726e-08
-8.4438081730347191e-08
-7.3753089865348490e-08
-6.5044603067544128e-08
-5.7988862224718999e-08
-5.2204637231522735e-08
-4.7326200386546742e-08
-4.3156639158565575e-08
-3.9599170599166190e-08
-3.6523229980413253e-08
-3.3808236302744382e-08
-3.1429807815163828e-08
-3.3102940603554322e-08
-3.3900520172959242e-05
-6.3794069493609666e-04
-6.1989111201042233e-04
-5.7771463734674375e-04
-5.3679269196119051e-04
-4.9546703677955247e-04
-4.5309174043999179e-04
-4.0784456041376138e-04
-3.6803483064570233e-04
-3.2979460024736294e-04
-2.9371078143662356e-04
-2.5566751818052139e-04
-2.2472965806869834e-04
-1.9780775527181708e-04
-1.7426103910266503e-04
-1.5202227745269247e-04
-1.3517791561173964e-04
-1.2240037304991200e-04
-1.1230561281159940e-04
-1.0416184162917794e-04
-9.9078933638894145e-05
-9.5968646180932831e-05
-9.4256826039692431e-05
-9.3830814952826821e-05
-9.4301664270448750e-05
-9.5301647713293307e-05
-9.6757959091088526e-05
-9.8726441291507435e-05
-1.0045770441443668e-04
-1.0227452639807949e-04
-1.0412110059836754e-04
-1.0589401411330200e-04
-1.0737586497692923e-04
-1.0869644858546835e-04
-1.0995674242151960e-04
-1.1096724910130508e-04
-1.1178955970273954e-04
-1.1244239453806089e-04
-1.1302169978952400e-04
-1.1338958808320890e-04
-1.1359250798886631e-04
-1.1373910921508869e-04
-1.1378671681411895e-04
-1.1369789977224025e-04
-1.1354352230335197e-04
-1.1332842195424515e-04
-1.1302549242444033e-04
-1.1266338638909389e-04
-1.1227904071326867e-04
-1.1184624872220251e-04
-1.1137941546063174e-04
-1.1084288010511752e-04
-1.1032114975206144e-04
-1.0977236834897763e-04
-1.0917069453734827e-04
-1.0859738152896196e-04
-1.0801370804260507e-04
-1.0734885921490046e-04
-1.0673691815959600e-04
-1.0612154292318815e-04
-1.0544377812299337e-04
-1.0482048633562039e-04
-1.0420079511954472e-04
-1.0347992415085677e-04
-1.0285753847639347e-04
-1.0221538184556845e-04
-1.0151677127692374e-04
-1.0089642158207720e-04
-1.0023839945378496e-04
-9.9544728729381642e-05
-9.8921520469820464e-05
-9.8242155995346549e-05
-9.7587538959115387e-05
-9.6975333911509485e-05
-9.6267935604051432e-05
-9.5643951577482480e-05
-9.5020162352576514e-05
-9.4301434232797984e-05
-9.3721752523116011e-05
-9.3067456279383575e-05
-9.2400222287585755e-05
-9.1820665241497127e-05
-9.1111713336924593e-05
-9.0513709166591721e-05
-8.9909317477658132e-05
-8.9225220023336465e-05
-8.8656233065987828e-05
-8.7996072595508153e-05
-8.7370497485303155e-05
-8.6795776972658288e-05
-8.6119204655460242e-05
-8.5555949857161773e-05
-8.4917298360233872e-05
-8.4314727870927396e-05
-8.3717907081509445e-05
-8.3084528760301392e-05
-8.2526642858766507e-05
-8.1870537403277505e-05
-8.1320522072309917e-05
-8.0705781386165902e-05
-8.0098049283703926e-05
-7.9557183771768918e-05
-7.8891424138540208e-05
-7.8376074413159048e-05
-7.7737940370093593e-05
-7.7186577064760088e-05
-7.6599171469115412e-05
-7.6011859573936444e-05
-7.5448542815327382e-05
-7.4852701921568159e-05
-7.4319966417661952e-05
-7.3691082414596926e-05
-7.3186449926336856e-05
-7.2558958676918793e-05
-7.2033297333431821e-05
-7.1447190927302487e-05
-7.0890196103278792e-05
-7.0334235944612123e-05
-6.9769600492060240e-05
-6.9222751883972776e-05
-6.8653489112288291e-05
-6.8118385715432576e-05
-6.7529266966758728e-05
-6.7028253622164688e-05
-6.6416799693457622e-05
-6.5931191080866505e-05
-6.5325984420184016e-05
-6.4835265018180644e-05
-6.4236164530452589e-05
-6.3746583524728207e-05
-6.3140321537035179e-05
-6.2668153794987261e-05
-6.2055139973637432e-05
-6.1584734581141668e-05
-6.0984278693863381e-05
-6.0504244527491356e-05
-5.9912439252184503e-05
-5.9426765862061883e-05
-5.8836112912045406e-05
-5.8358704676206336e-05
-5.7767466526201579e-05
-5.7281202956115160e-05
-5.6715928524399514e-05
-5.6203352817152403e-05
-5.5666028808225274e-05
-5.5133119222271496e-05
-5.4604980061743960e-05
-5.4066972787043119e-05
-5.3548430934585430e-05
-5.2997694775476274e-05
-5.2502799213334394e-05
-5.1923623292204061e-05
-5.1445355458737510e-05
-5.0865959329732354e-05
-5.0372894681095178e-05
-4.9822071783921389e-05
-4.9292918780103148e-05
-4.8780208493256138e-05
-4.8214609065854300e-05
-4.7730497179501797e-05
-4.7143235528969848e-05
-4.6648162437093322e-05
-4.6097713447817855e-05
-4.5568800767317182e-05
-4.5046598621642865e-05
-4.4487848732678067e-05
-4.3991954636747270e-05
-4.3404861324239715e-05
-4.2899125251245875e-05
-4.2348621234276629e-05
-4.1803797661693363e-05
-4.1290293412447814e-05
-4.0701965136771008e-05
-4.0187701939539032e-05
-3.9635462635200801e-05
-3.9079475300170610e-05
-3.8559432208678719e-05
-3.7964090792285336e-05
0.0000000000000000e+00
];
