%Vec Object:dSdr_b_aug_5680 1 MPI processes
%  type: seq
dSdr_b_aug_5680 = [
2.3220193803260927e+03
0.0000000000000000e+00
-8.6376504538622112e-07
-3.5695831146028469e-07
-2.2182465542695859e-07
-1.5757056092823627e-07
-1.1828060417760607e-07
-9.3988745956611413e-08
-7.7522802269780492e-08
-6.5127704019498034e-08
-5.5922586273558638e-08
-4.8865731962262230e-08
-4.3117921272294676e-08
-3.8460969357170556e-08
-3.4642732381935774e-08
-3.1422464599247028e-08
-2.8670203782375716e-08
-2.6321737092393200e-08
-2.4467461833351160e-08
-1.3637324788646109e-05
-7.3707459088521283e-04
-7.1789262503068848e-04
-6.7928931179506537e-04
-6.4066525508242567e-04
-5.9779295795045029e-04
-5.5641755942088063e-04
-5.1675513532550561e-04
-4.7670073808953371e-04
-4.3560681887490506e-04
-3.9169264206023410e-04
-3.5304934944194649e-04
-3.1591126159772920e-04
-2.8085376366823744e-04
-2.4388131800273744e-04
-2.1380893599781130e-04
-1.8763521693692664e-04
-1.6474093955645895e-04
-1.4311943304081421e-04
-1.2674300979146629e-04
-1.1432240112818235e-04
-1.0451705747337312e-04
-9.6613453455014225e-05
-9.1689633915597988e-05
-8.8688845650079112e-05
-8.7051755284715200e-05
-8.6671014006104853e-05
-8.7164226422533088e-05
-8.8173974926079561e-05
-8.9629463592437691e-05
-9.1592117879827427e-05
-9.3319187429796407e-05
-9.5129461123309028e-05
-9.6972594263313437e-05
-9.8746566674359258e-05
-1.0023285372825775e-04
-1.0156327711200790e-04
-1.0284035027068847e-04
-1.0387012314996361e-04
-1.0471488900483822e-04
-1.0539616285124340e-04
-1.0600881288002342e-04
-1.0641062555788523e-04
-1.0665127686991554e-04
-1.0684320310901082e-04
-1.0693232751250759e-04
-1.0688759193407155e-04
-1.0678210038800652e-04
-1.0661741112294519e-04
-1.0636337743131557e-04
-1.0605294159788567e-04
-1.0572365716833825e-04
-1.0534173284517474e-04
-1.0492599147387861e-04
-1.0445001355046779e-04
-1.0398048505278357e-04
-1.0348359004472124e-04
-1.0294342141200354e-04
-1.0242204332989988e-04
-1.0189010889756790e-04
-1.0128827781736122e-04
-1.0072842196361315e-04
-1.0016570449297013e-04
-9.9549176206083733e-05
-9.8977682361809998e-05
-9.8410163089902668e-05
-9.7751093920294711e-05
-9.7180297871757494e-05
-9.6590979703164374e-05
-9.5951613299961519e-05
-9.5381997424908997e-05
-9.4777645295003390e-05
-9.4141816996178154e-05
-9.3568906300851542e-05
-9.2944713460982130e-05
-9.2344373173438814e-05
-9.1781602515382104e-05
-9.1131168957421545e-05
-9.0559292023173368e-05
-8.9985066801184674e-05
-8.9324371160525302e-05
-8.8793546265685452e-05
-8.8190652546975610e-05
-8.7578056967907992e-05
-8.7046693168280905e-05
-8.6393449958541981e-05
-8.5845327428185573e-05
-8.5290235256661867e-05
-8.4660825939476445e-05
-8.4139133819205095e-05
-8.3532695053662072e-05
-8.2957688867270259e-05
-8.2430503484686108e-05
-8.1809355123027449e-05
-8.1291880631206877e-05
-8.0706291028557098e-05
-8.0152846571815566e-05
-7.9604765047850651e-05
-7.9024101536919830e-05
-7.8512085976813176e-05
-7.7909694086929345e-05
-7.7406509464356997e-05
-7.6841622985990071e-05
-7.6284414689256773e-05
-7.5790238559049703e-05
-7.5177847783355849e-05
-7.4707284723764085e-05
-7.4122325842097288e-05
-7.3616390832885554e-05
-7.3080284887618228e-05
-7.2541383590436903e-05
-7.2025941263412471e-05
-7.1481250059064088e-05
-7.0993520711513271e-05
-7.0418422910555617e-05
-6.9957571297486472e-05
-6.9383416130954737e-05
-6.8903337258239850e-05
-6.8367820064761070e-05
-6.7858663054188499e-05
-6.7351353474734643e-05
-6.6836001406181929e-05
-6.6336328033140361e-05
-6.5818027357922608e-05
-6.5329189637940738e-05
-6.4791906084477708e-05
-6.4336581537694060e-05
-6.3777487388308650e-05
-6.3337130138475239e-05
-6.2784843246935237e-05
-6.2338221038657957e-05
-6.1793898973481955e-05
-6.1348027685836259e-05
-6.0796802686585269e-05
-6.0368165338674957e-05
-5.9810540264779987e-05
-5.9383982802952929e-05
-5.8838368986673235e-05
-5.8402701444966592e-05
-5.7865719020719811e-05
-5.7425463915361245e-05
-5.6889118464066028e-05
-5.6458132084420665e-05
-5.5920523037077441e-05
-5.5481511937784305e-05
-5.4969692186807948e-05
-5.4505279371804256e-05
-5.4020645567953947e-05
-5.3537640976816714e-05
-5.3061135057814791e-05
-5.2574947372332901e-05
-5.2106731560435289e-05
-5.1609863339054198e-05
-5.1163631886242784e-05
-5.0641065121741135e-05
-5.0210455415655960e-05
-4.9687792475846224e-05
-4.9244085571672149e-05
-4.8748320537180689e-05
-4.8271515149335976e-05
-4.7811732020493199e-05
-4.7301630489485903e-05
-4.6867902595407327e-05
-4.6339789224359088e-05
-4.5894981963694370e-05
-4.5402224843827886e-05
-4.4926831526907886e-05
-4.4459293078313431e-05
-4.3958281229823610e-05
-4.3514478755315208e-05
-4.2988682773460161e-05
-4.2536192246912956e-05
-4.2043472579493235e-05
-4.1556425622781688e-05
-4.1097326139495445e-05
-4.0571855331777426e-05
-4.0112374710230351e-05
-3.9619395469398522e-05
-3.9123683947742671e-05
-3.8658684326374465e-05
-3.8126944129513245e-05
0.0000000000000000e+00
];
