%Vec Object:dSdr_b_aug_6630 1 MPI processes
%  type: seq
dSdr_b_aug_6630 = [
2.3068519639158376e+03
0.0000000000000000e+00
-7.8008780319673459e-07
-3.2185704732640259e-07
-1.9977477559475306e-07
-1.4163408198735609e-07
-1.0600541979880887e-07
-8.3977612240193736e-08
-6.9048593936522777e-08
-5.7829749435227364e-08
-4.9499508162833073e-08
-4.3113458395189175e-08
-3.7917663120507686e-08
-3.3709466659327830e-08
-3.0259494422187365e-08
-2.7351378235392159e-08
-2.4867514502835321e-08
-2.2749857248421816e-08
-3.0424186029228270e-07
-5.7522017454754752e-04
-7.5051372158940863e-04
-7.1218396048216203e-04
-6.7370567498485938e-04
-6.3536896116406780e-04
-5.9281511667282766e-04
-5.5173849024925533e-04
-5.1235620158741912e-04
-4.7258102170710293e-04
-4.3176840699463398e-04
-3.8814686082641354e-04
-3.4975963262134907e-04
-3.1286349475089870e-04
-2.7803130189004110e-04
-2.4129392951600598e-04
-2.1141154325543684e-04
-1.8540207066466464e-04
-1.6265102115900184e-04
-1.4116501875560946e-04
-1.2489132061765875e-04
-1.1254906854796666e-04
-1.0280725961962127e-04
-9.4956378755319185e-05
-9.0067483414180502e-05
-8.7090733172503931e-05
-8.5470048170224543e-05
-8.5099244997256226e-05
-8.5597366866997800e-05
-8.6609259203159828e-05
-8.8064567389176145e-05
-9.0025942375755264e-05
-9.1752091271468897e-05
-9.3560927390359675e-05
-9.5403305079252410e-05
-9.7177509903961646e-05
-9.8664770781658079e-05
-9.9997354223976253e-05
-1.0127811086084201e-04
-1.0231211315724012e-04
-1.0316180851462038e-04
-1.0384932546088909e-04
-1.0446929553917169e-04
-1.0487855550745690e-04
-1.0512748985511589e-04
-1.0532936613239017e-04
-1.0542760457075756e-04
-1.0539254604015534e-04
-1.0529778625108178e-04
-1.0514416355821364e-04
-1.0490086380206474e-04
-1.0460177095279022e-04
-1.0428457393361336e-04
-1.0391381641820724e-04
-1.0350929107925181e-04
-1.0304660714317263e-04
-1.0258853835879679e-04
-1.0210303381209488e-04
-1.0157636722267895e-04
-1.0106639025566102e-04
-1.0054581393938656e-04
-9.9957816952090753e-05
-9.9409395202969318e-05
-9.8858237530392797e-05
-9.8255152307457350e-05
-9.7695029507066948e-05
-9.7138963382107342e-05
-9.6493461372163780e-05
-9.5933990636173547e-05
-9.5356271933168650e-05
-9.4729911220195402e-05
-9.4171432785105879e-05
-9.3578862665607369e-05
-9.2955732337209667e-05
-9.2393863312190339e-05
-9.1781782132169680e-05
-9.1193357052969974e-05
-9.0641438575198987e-05
-9.0003510314037012e-05
-8.9443072290170355e-05
-8.8879727701960933e-05
-8.8231771753597351e-05
-8.7711672245759128e-05
-8.7120062765135367e-05
-8.6519461787955696e-05
-8.5998677702655413e-05
-8.5357664050497291e-05
-8.4820491882242326e-05
-8.4276222281211426e-05
-8.3658818481664434e-05
-8.3147508850453793e-05
-8.2552863444671697e-05
-8.1988958497408656e-05
-8.1472208354653499e-05
-8.0863227042439335e-05
-8.0355802559334703e-05
-7.9781861469861389e-05
-7.9239201498730534e-05
-7.8701819554590375e-05
-7.8132728362498776e-05
-7.7630782575899794e-05
-7.7040182258437246e-05
-7.6547278235815393e-05
-7.5993336096785239e-05
-7.5447219134198998e-05
-7.4963292578719546e-05
-7.4362617702525974e-05
-7.3901886520124870e-05
-7.3328601016326713e-05
-7.2832638739246279e-05
-7.2307794446572381e-05
-7.1779520576949947e-05
-7.1274587974502957e-05
-7.0741125501943614e-05
-7.0263276215154374e-05
-6.9699985931328493e-05
-6.9248745396617258e-05
-6.8686298933680895e-05
-6.8216226637861932e-05
-6.7691815135854743e-05
-6.7193159810359612e-05
-6.6696530339730939e-05
-6.6191997297633857e-05
-6.5702680155423237e-05
-6.5195567028981889e-05
-6.4716885867007593e-05
-6.4190981530548767e-05
-6.3745686900836036e-05
-6.3198087128368824e-05
-6.2767663766470665e-05
-6.2226994184299281e-05
-6.1790052492186179e-05
-6.1257755760196219e-05
-6.0821479926879426e-05
-6.0282337022386361e-05
-5.9863255761565497e-05
-5.9317790002281645e-05
-5.8900858334571715e-05
-5.8367283821797260e-05
-5.7941355940568882e-05
-5.7416408599389858e-05
-5.6986124021095408e-05
-5.6461700517874109e-05
-5.6040904974858593e-05
-5.5515068947849694e-05
-5.5086431025746318e-05
-5.4586346002956479e-05
-5.4132506225042180e-05
-5.3659439324132760e-05
-5.3187390205820744e-05
-5.2722219154871294e-05
-5.2247407243947518e-05
-5.1790239330559139e-05
-5.1305196547227140e-05
-5.0869648149508447e-05
-5.0359508588841069e-05
-4.9939361091464967e-05
-4.9429152576677676e-05
-4.8996280984388978e-05
-4.8512602585746294e-05
-4.8047288855272088e-05
-4.7599124601454266e-05
-4.7101206282394014e-05
-4.6678538949986801e-05
-4.6163410123675491e-05
-4.5729637454814244e-05
-4.5249545121036852e-05
-4.4785900586085719e-05
-4.4330362097219312e-05
-4.3842025063940620e-05
-4.3409657803415312e-05
-4.2897317851847713e-05
-4.2456515654634865e-05
-4.1976480531805467e-05
-4.1502116157219772e-05
-4.1054958619687276e-05
-4.0543284620956030e-05
-4.0095826790121821e-05
-3.9615850383231937e-05
-3.9133357373192514e-05
-3.8680402445546603e-05
-3.8162415504519251e-05
0.0000000000000000e+00
];
