%Vec Object:dSdr_b_aug_430 1 MPI processes
%  type: seq
dSdr_b_aug_430 = [
2.5347668246082962e+03
0.0000000000000000e+00
-4.0878135509673856e-06
-1.6560283622050322e-06
-9.9821027022352778e-07
-6.9658601964307951e-07
-5.2275385957261758e-07
-4.1555063976999374e-07
-3.4290189080796134e-07
-2.8755764574528030e-07
-2.4648832492648664e-07
-2.1503129323629050e-07
-1.8934965406204630e-07
-1.6854162257816683e-07
-1.5148901499327574e-07
-1.3710648531834613e-07
-1.2481329710055995e-07
-1.1432727931746150e-07
-1.0526256941942703e-07
-9.7263104872320741e-08
-9.0256079183456649e-08
-8.4077224811284568e-08
-7.8522341723013691e-08
-7.3556732714478176e-08
-6.9102102822080632e-08
-6.5059592036916479e-08
-6.1383442837768554e-08
-5.8042323180340843e-08
-5.4985924957476345e-08
-5.2255106649495263e-08
-5.7335698801787969e-08
-5.7526701773762500e-07
-1.5445248639566427e-05
-1.2309494666409564e-04
-2.0798934830524619e-04
-2.0954670045418707e-04
-1.9215296114297246e-04
-1.7085097784687141e-04
-1.5373067128098770e-04
-1.4043771685016791e-04
-1.2980856821782807e-04
-1.2117708409183955e-04
-1.1576120884975867e-04
-1.1241711789353042e-04
-1.1054381065699244e-04
-1.1001969421052247e-04
-1.1044247276677910e-04
-1.1142187151349156e-04
-1.1288095331105158e-04
-1.1486316731253222e-04
-1.1660425152640414e-04
-1.1843608858327714e-04
-1.2029056820346792e-04
-1.2206115884630583e-04
-1.2353301785607561e-04
-1.2483136914093846e-04
-1.2605372294021534e-04
-1.2702065811051130e-04
-1.2779218005696364e-04
-1.2838068913228901e-04
-1.2888457077456157e-04
-1.2917572374333375e-04
-1.2929329664557954e-04
-1.2933737426472282e-04
-1.2929107215252776e-04
-1.2910254422172554e-04
-1.2883758837910466e-04
-1.2850845981066149e-04
-1.2809492949848671e-04
-1.2761594721292062e-04
-1.2710705491180021e-04
-1.2655920200403009e-04
-1.2597680064964557e-04
-1.2530328639596668e-04
-1.2466347710896424e-04
-1.2399733035541274e-04
-1.2325653396010752e-04
-1.2256574587065334e-04
-1.2186504037845035e-04
-1.2105764766858543e-04
-1.2032789167571547e-04
-1.1959340640514933e-04
-1.1877712684749581e-04
-1.1803666993891743e-04
-1.1729896764244901e-04
-1.1643830331216732e-04
-1.1569922376275410e-04
-1.1493754845993319e-04
-1.1410492982021952e-04
-1.1336982208348334e-04
-1.1259040042211877e-04
-1.1176589233295104e-04
-1.1102891285499333e-04
-1.1022475224620907e-04
-1.0944736327522404e-04
-1.0872333950075898e-04
-1.0788708914208802e-04
-1.0714524087122905e-04
-1.0640933976604655e-04
-1.0555934446334824e-04
-1.0486915051397183e-04
-1.0409858403034529e-04
-1.0330776064121938e-04
-1.0261919287772626e-04
-1.0178423066120367e-04
-1.0107339671683108e-04
-1.0035749199675216e-04
-9.9549692706508370e-05
-9.8873727227442802e-05
-9.8092050960543547e-05
-9.7352091510603212e-05
-9.6669848968538230e-05
-9.5867910467040352e-05
-9.5201102989831858e-05
-9.4442428201581724e-05
-9.3728737171750571e-05
-9.3021670701905204e-05
-9.2269054208496016e-05
-9.1607412023357360e-05
-9.0829809281573742e-05
-9.0173865382404928e-05
-8.9446357126492655e-05
-8.8724342865609235e-05
-8.8077868498348628e-05
-8.7291391362303542e-05
-8.6674736667032026e-05
-8.5916323281679281e-05
-8.5262203705020636e-05
-8.4558761116784818e-05
-8.3861947155960314e-05
-8.3190341132813425e-05
-8.2478802511855965e-05
-8.1844265691807623e-05
-8.1093720337517775e-05
-8.0490058106117299e-05
-7.9741923704290297e-05
-7.9113157542905641e-05
-7.8412621336174752e-05
-7.7747420345338207e-05
-7.7081415615595572e-05
-7.6405304257070369e-05
-7.5751748319981176e-05
-7.5067212555123030e-05
-7.4427459296373758e-05
-7.3721092746196188e-05
-7.3116734508989664e-05
-7.2386846310672714e-05
-7.1798882377065816e-05
-7.1073974901037586e-05
-7.0483510993208639e-05
-6.9760505643281731e-05
-6.9172056737675574e-05
-6.8441305197083823e-05
-6.7870675351982385e-05
-6.7132376517073548e-05
-6.6562790978203052e-05
-6.5838286864583305e-05
-6.5257899543060295e-05
-6.4542089786992680e-05
-6.3953684730150783e-05
-6.3240193332367894e-05
-6.2657783746524921e-05
-6.1945242047299024e-05
-6.1352098748208996e-05
-6.0665915767280559e-05
-6.0044401541963731e-05
-5.9387898763500742e-05
-5.8742110767285373e-05
-5.8097184362753596e-05
-5.7441968776187304e-05
-5.6809597423143600e-05
-5.6137020737764365e-05
-5.5532056043414751e-05
-5.4824840472468412e-05
-5.4238780512452790e-05
-5.3531065973037932e-05
-5.2926366816596569e-05
-5.2251017389693416e-05
-5.1603469800816475e-05
-5.0971055809458865e-05
-5.0279940063450427e-05
-4.9681881694790672e-05
-4.8960852607136489e-05
-4.8352107422032106e-05
-4.7671194068214310e-05
-4.7021261149647930e-05
-4.6375458268885380e-05
-4.5686164236405565e-05
-4.5072511465503859e-05
-4.4346856281911234e-05
-4.3720797255711239e-05
-4.3039743165626510e-05
-4.2364446202282150e-05
-4.1728189435813089e-05
-4.0998151888811461e-05
-4.0360741978555982e-05
-3.9675858037923599e-05
-3.8986511485483432e-05
-3.8350352821267269e-05
-3.7655820176037090e-05
0.0000000000000000e+00
];
