%Vec Object:dSdr_b_aug_1480 1 MPI processes
%  type: seq
dSdr_b_aug_1480 = [
2.4359837796351526e+03
0.0000000000000000e+00
-1.9141904914852395e-06
-7.8306675756579183e-07
-4.7918327135201852e-07
-3.3714399257760833e-07
-2.5282368316806164e-07
-2.0075555654486149e-07
-1.6546660416594916e-07
-1.3875998391475315e-07
-1.1893546917838211e-07
-1.0374462800945010e-07
-9.1360544360976028e-08
-8.1327804473726736e-08
-7.3104260490041218e-08
-6.6169521461588155e-08
-6.0243480902278818e-08
-5.5188009571165292e-08
-5.0817451007336582e-08
-4.6960929238324724e-08
-4.3582557987820485e-08
-4.0603199176969969e-08
-3.7924716028446317e-08
-3.5604732259085522e-08
-2.7371737314587368e-07
-1.4829813429097761e-04
-5.3569774007187966e-04
-5.0938616916130011e-04
-4.6678820157844658e-04
-4.2054396173319032e-04
-3.7982099584815839e-04
-3.4071432091722307e-04
-3.0382331840757520e-04
-2.6493782545629081e-04
-2.3331923526369991e-04
-2.0580885747873779e-04
-1.8174897310669412e-04
-1.5902471651483543e-04
-1.4181230288900519e-04
-1.2875401796896697e-04
-1.1843162031733499e-04
-1.1009894826847168e-04
-1.0489091089307316e-04
-1.0169449788514233e-04
-9.9923899662216468e-05
-9.9462281879728981e-05
-9.9915541508473446e-05
-1.0090784411125687e-04
-1.0236480234521841e-04
-1.0433786821358863e-04
-1.0607242963366770e-04
-1.0789440199476275e-04
-1.0974368262129731e-04
-1.1151576317936407e-04
-1.1299412472175607e-04
-1.1430696888735586e-04
-1.1555406506262267e-04
-1.1654941806264224e-04
-1.1735406667548393e-04
-1.1798453307013055e-04
-1.1853761130845907e-04
-1.1887881670988731e-04
-1.1905205935735896e-04
-1.1916301066060327e-04
-1.1917796364277232e-04
-1.1905447478376714e-04
-1.1886164660563798e-04
-1.1860689594971090e-04
-1.1826550791530685e-04
-1.1786276123167374e-04
-1.1743510772013918e-04
-1.1696230630671871e-04
-1.1645528725608987e-04
-1.1587112099146700e-04
-1.1530833171871623e-04
-1.1471873952451467e-04
-1.1406868938020568e-04
-1.1345452741809704e-04
-1.1283015904372471e-04
-1.1211574420304216e-04
-1.1146283601008948e-04
-1.1080604329568070e-04
-1.1008011350388815e-04
-1.0941608052963427e-04
-1.0875535396411832e-04
-1.0798587339501459e-04
-1.0732291039282310e-04
-1.0663919417902420e-04
-1.0589398569657884e-04
-1.0523373180728561e-04
-1.0453349606875485e-04
-1.0379432996070464e-04
-1.0313156067488490e-04
-1.0240880153886669e-04
-1.0171149370474975e-04
-1.0106040656308948e-04
-1.0030820324252355e-04
-9.9643234939199939e-05
-9.8980461676565390e-05
-9.8216088735277572e-05
-9.7597979219698716e-05
-9.6903252895840910e-05
-9.6193043696916167e-05
-9.5575580816993736e-05
-9.4822811888613001e-05
-9.4185573899133599e-05
-9.3542406253744478e-05
-9.2815294485699496e-05
-9.2209108331966483e-05
-9.1506693685617345e-05
-9.0841344184352751e-05
-9.0229235478445031e-05
-8.9509070101857343e-05
-8.8909807348213279e-05
-8.8229420646766183e-05
-8.7588210661252699e-05
-8.6953054583933557e-05
-8.6278214056104781e-05
-8.5684249388697913e-05
-8.4985896169027699e-05
-8.4399046708858179e-05
-8.3745093795682354e-05
-8.3097622802686451e-05
-8.2520034324036861e-05
-8.1812298060341743e-05
-8.1261721931196918e-05
-8.0581763609893314e-05
-7.9994669237352351e-05
-7.9366914528738869e-05
-7.8741525874588013e-05
-7.8140554074066027e-05
-7.7504482023749253e-05
-7.6936347491716672e-05
-7.6265158617592113e-05
-7.5726090836652205e-05
-7.5056648757764260e-05
-7.4495135102453080e-05
-7.3869238391710473e-05
-7.3274617348193836e-05
-7.2680391701262939e-05
-7.2076993038649892e-05
-7.1493039365021444e-05
-7.0883693018600912e-05
-7.0312199966684352e-05
-6.9682310926222907e-05
-6.9145361672809204e-05
-6.8492724857463705e-05
-6.7971524405703774e-05
-6.7324694416024406e-05
-6.6799290985785145e-05
-6.6157105278780889e-05
-6.5633145023216729e-05
-6.4983594459707152e-05
-6.4477188528695394e-05
-6.3820609477458569e-05
-6.3315716159969543e-05
-6.2672125045415319e-05
-6.2157195003785981e-05
-6.1522269642677610e-05
-6.1000873232183657e-05
-6.0367505570235206e-05
-5.9853584997295388e-05
-5.9220165755464725e-05
-5.8696736576181533e-05
-5.8089418283382715e-05
-5.7538960933473042e-05
-5.6960194403704570e-05
-5.6388033002774853e-05
-5.5819282727939478e-05
-5.5240517808269217e-05
-5.4682393086468956e-05
-5.4089288270213151e-05
-5.3556117113616046e-05
-5.2932416582784498e-05
-5.2416664532443024e-05
-5.1792646394996226e-05
-5.1260760896858413e-05
-5.0666633907998297e-05
-5.0096308656931166e-05
-4.9541970445869977e-05
-4.8932721308159061e-05
-4.8408982206140234e-05
-4.7775200190238494e-05
-4.7240593440726656e-05
-4.6644770368949123e-05
-4.6073765974382870e-05
-4.5508572739869358e-05
-4.4904414591124211e-05
-4.4367554533827986e-05
-4.3732256312710586e-05
-4.3184650629709707e-05
-4.2588710455444230e-05
-4.1998461900756487e-05
-4.1442192831131136e-05
-4.0804465320403185e-05
-4.0247179601868692e-05
-3.9648449931159594e-05
-3.9045308481560462e-05
-3.8482687963522049e-05
-3.7841128375425483e-05
0.0000000000000000e+00
];
