%Vec Object:dSdr_b_aug_9350 1 MPI processes
%  type: seq
dSdr_b_aug_9350 = [
2.2768727360923035e+03
0.0000000000000000e+00
-6.4516521032136270e-07
-2.6735111234926655e-07
-1.6685549916132794e-07
-1.1882412667155164e-07
-8.9183475394610933e-08
-7.0850258903908548e-08
-5.8423092529988147e-08
-4.9086628801418504e-08
-4.2152082383290064e-08
-3.6835048024654609e-08
-3.2506444425686694e-08
-2.8999436922461513e-08
-2.6123801075449661e-08
-2.3698631301774295e-08
-2.1635109154454340e-08
-3.7957258530910302e-06
-7.9103605622840730e-04
-7.7911662750209027e-04
-7.3728489569938104e-04
-6.9869187053612754e-04
-6.6088509624228676e-04
-6.2321301838390568e-04
-5.8139017128804927e-04
-5.4099927729603630e-04
-5.0225994453113659e-04
-4.6312561336541623e-04
-4.2295863773546060e-04
-3.8000872601797364e-04
-3.4220920686604920e-04
-3.0586838316003760e-04
-2.7155330174293907e-04
-2.3535546051225141e-04
-2.0590914514816215e-04
-1.8027664511601252e-04
-1.5785432708188547e-04
-1.3667932887892012e-04
-1.2064140178267237e-04
-1.0847899100650376e-04
-9.8883004735765459e-05
-9.1153132181727653e-05
-8.6344393583265248e-05
-8.3422814491957077e-05
-8.1839781874772162e-05
-8.1491787654495009e-05
-8.2001176927501421e-05
-8.3017989150021800e-05
-8.4472882580139438e-05
-8.6431320931111208e-05
-8.8155356621236528e-05
-8.9960893127308912e-05
-9.1801536796184323e-05
-9.3576274918989402e-05
-9.5065770762252578e-05
-9.6403311778941740e-05
-9.7692522490888268e-05
-9.8736231887919373e-05
-9.9597241160808691e-05
-1.0029908694726801e-04
-1.0093585764256184e-04
-1.0136221027166700e-04
-1.0163015545485487e-04
-1.0185486860978393e-04
-1.0197402516796054e-04
-1.0196117696570055e-04
-1.0189104823536009e-04
-1.0176282505763280e-04
-1.0154416136564383e-04
-1.0127110244667248e-04
-1.0098164793807440e-04
-1.0063652000404997e-04
-1.0025773722641358e-04
-9.9825565094448666e-05
-9.9393798161342116e-05
-9.8934436522735573e-05
-9.8438759263594022e-05
-9.7954949659855275e-05
-9.7460442017658836e-05
-9.6904196471240446e-05
-9.6382017804754741e-05
-9.5857391701877572e-05
-9.5285160448614159e-05
-9.4751135998313225e-05
-9.4221356664760719e-05
-9.3606993445770199e-05
-9.3073516101694511e-05
-9.2522420017240693e-05
-9.1925909434444538e-05
-9.1392993195753690e-05
-9.0827464665644073e-05
-9.0233478203215390e-05
-8.9696951568903551e-05
-8.9112668578936595e-05
-8.8551590802192690e-05
-8.8024579806297059e-05
-8.7415353196958879e-05
-8.6881169296219632e-05
-8.6342797496974770e-05
-8.5724081176757991e-05
-8.5228598142015645e-05
-8.4662887803720443e-05
-8.4089816383302717e-05
-8.3593314460289226e-05
-8.2980369626990590e-05
-8.2468330318253988e-05
-8.1948900274936585e-05
-8.1359051087734444e-05
-8.0871570957563013e-05
-8.0303993228290853e-05
-7.9765567430597917e-05
-7.9272767861685175e-05
-7.8691711905859549e-05
-7.8207353830427799e-05
-7.7660147974719173e-05
-7.7142240155256481e-05
-7.6629415490838906e-05
-7.6086884656013134e-05
-7.5608050644085603e-05
-7.5044513907825659e-05
-7.4575205541545234e-05
-7.4046382448989309e-05
-7.3525721910145024e-05
-7.3065319805823729e-05
-7.2491534833616015e-05
-7.2053369421235460e-05
-7.1506876229291154e-05
-7.1033803009589740e-05
-7.0534806054799553e-05
-7.0030923876393525e-05
-6.9550112818804168e-05
-6.9042422129828902e-05
-6.8587249210677538e-05
-6.8051059119127402e-05
-6.7621877596989364e-05
-6.7086304536746584e-05
-6.6639198989758966e-05
-6.6140276883624630e-05
-6.5665724664105960e-05
-6.5193607812980554e-05
-6.4713906230760412e-05
-6.4248358360257835e-05
-6.3766922516408193e-05
-6.3311552349806956e-05
-6.2811765211445917e-05
-6.2389490921431844e-05
-6.1868272664268630e-05
-6.1460649245958113e-05
-6.0946643335723549e-05
-6.0531920066250598e-05
-6.0027223494982578e-05
-5.9612970862124477e-05
-5.9101558404958397e-05
-5.8704410000738640e-05
-5.8186851932056904e-05
-5.7792013121617743e-05
-5.7286070867649815e-05
-5.6882497199534137e-05
-5.6385172446125186e-05
-5.5977771973508450e-05
-5.5480711413568433e-05
-5.5083305641844578e-05
-5.4584490767275917e-05
-5.4179661141783048e-05
-5.3706509410821289e-05
-5.3276936670608754e-05
-5.2830417907383585e-05
-5.2383513615694317e-05
-5.1944358185494146e-05
-5.1495655807235469e-05
-5.1063844924520251e-05
-5.0605943782435755e-05
-5.0194915105599141e-05
-4.9713298412496993e-05
-4.9317163842647243e-05
-4.8835540771856028e-05
-4.8427538553994521e-05
-4.7971601595381440e-05
-4.7532663816592425e-05
-4.7111167597446985e-05
-4.6641212682413879e-05
-4.6243932225658936e-05
-4.5758606313674660e-05
-4.5350161307610869e-05
-4.4899138470977636e-05
-4.4462461393919919e-05
-4.4034467290615598e-05
-4.3575224123907505e-05
-4.3169106390444909e-05
-4.2687655131129047e-05
-4.2273685904318247e-05
-4.1822772369675928e-05
-4.1377528299881178e-05
-4.0957796302739250e-05
-4.0477813866387572e-05
-4.0057992108545185e-05
-3.9607935222695499e-05
-3.9155942340901553e-05
-3.8731085764605039e-05
-3.8247076775655821e-05
0.0000000000000000e+00
];
