%Vec Object:dSdr_b_aug_8530 1 MPI processes
%  type: seq
dSdr_b_aug_8530 = [
2.2851683289442194e+03
0.0000000000000000e+00
-6.7672512285130590e-07
-2.7902255943679730e-07
-1.7318426938331901e-07
-1.2266166382711448e-07
-9.1589799148383060e-08
-7.2377720700498039e-08
-5.9358316356075270e-08
-4.9591211788015518e-08
-4.2339371524406967e-08
-3.6779683230310870e-08
-3.2260286127155439e-08
-2.8600740188295340e-08
-2.5600526300139527e-08
-2.3072422518419073e-08
-2.0914224984732790e-08
-8.2384842467412145e-08
-5.0367657360641984e-04
-7.8236944449976262e-04
-7.4106381806486154e-04
-7.0228661215000147e-04
-6.6429862500282945e-04
-6.2644955344518536e-04
-5.8443207672607468e-04
-5.4385860560183868e-04
-5.0494808502448503e-04
-4.6564312707947196e-04
-4.2530424922081493e-04
-3.8217551396346581e-04
-3.4421951651782140e-04
-3.0773083969386705e-04
-2.7327807667893209e-04
-2.3693658456221310e-04
-2.0737416474103906e-04
-1.8164129497209082e-04
-1.5913145157091295e-04
-1.3787364814518176e-04
-1.2177294675910560e-04
-1.0956265306617639e-04
-9.9927841385310756e-05
-9.2165750274598101e-05
-8.7335669912836552e-05
-8.4399401509518954e-05
-8.2806343933300940e-05
-8.2452276839206997e-05
-8.2958666193159558e-05
-8.3974168531114905e-05
-8.5429172431756765e-05
-8.7388392706455730e-05
-8.9112991077071441e-05
-9.0919406144136526e-05
-9.2760511530717686e-05
-9.4535107692394812e-05
-9.6024008500708710e-05
-9.7360229582237786e-05
-9.8647189409578563e-05
-9.9688314300370857e-05
-1.0054631124880159e-04
-1.0124434198177182e-04
-1.0187663950876667e-04
-1.0229844121118686e-04
-1.0256132475009186e-04
-1.0277995757129999e-04
-1.0289354466674013e-04
-1.0287478294861277e-04
-1.0279809617919120e-04
-1.0266311035930708e-04
-1.0243788729436276e-04
-1.0215789681819900e-04
-1.0186105584036455e-04
-1.0150910400668328e-04
-1.0112346724792201e-04
-1.0068317131748320e-04
-1.0024440149088286e-04
-9.9778079277264474e-05
-9.9274151076734549e-05
-9.8783374386253870e-05
-9.8281925933112115e-05
-9.7717226531554677e-05
-9.7188060617188005e-05
-9.6656370456127150e-05
-9.6075924299949449e-05
-9.5534951136323724e-05
-9.4998172916593398e-05
-9.4375518960065273e-05
-9.3835120847427048e-05
-9.3276936461915086e-05
-9.2672478248657849e-05
-9.2132756047364666e-05
-9.1560027664164658e-05
-9.0958281614675758e-05
-9.0415007540860047e-05
-8.9823323251554048e-05
-8.9254964224749669e-05
-8.8721321584043432e-05
-8.8104453127147006e-05
-8.7563279036478021e-05
-8.7018258204034311e-05
-8.6391756799081607e-05
-8.5889719600539465e-05
-8.5317113582388622e-05
-8.4736712378470459e-05
-8.4233745294880205e-05
-8.3613327098599970e-05
-8.3094596129819649e-05
-8.2568552518348795e-05
-8.1971366875997631e-05
-8.1477542106358521e-05
-8.0902757569008033e-05
-8.0357547910513513e-05
-7.9858371465956959e-05
-7.9269880343276822e-05
-7.8779380802273367e-05
-7.8225056651176172e-05
-7.7700558534327747e-05
-7.7181195457237464e-05
-7.6631592887620555e-05
-7.6146605330321037e-05
-7.5575862874861156e-05
-7.5100272128713372e-05
-7.4564761051464551e-05
-7.4037322700568710e-05
-7.3570657174268456e-05
-7.2989712723519189e-05
-7.2545539138828854e-05
-7.1991912451910330e-05
-7.1512744983617970e-05
-7.1006866133962624e-05
-7.0496489628170701e-05
-7.0009256169739081e-05
-6.9494703701359007e-05
-6.9033493161033564e-05
-6.8490087598788998e-05
-6.8055032826383022e-05
-6.7512304677686062e-05
-6.7059084193625023e-05
-6.6553375491816918e-05
-6.6072405777662868e-05
-6.5593762397946322e-05
-6.5107449394906215e-05
-6.4635572911978472e-05
-6.4147300444744639e-05
-6.3685723681176560e-05
-6.3178982789982232e-05
-6.2750579289187752e-05
-6.2222336902780306e-05
-6.1808642952865931e-05
-6.1287537787077387e-05
-6.0866898814826816e-05
-6.0354853644771968e-05
-5.9934737285152620e-05
-5.9415941537839338e-05
-5.9012953458704415e-05
-5.8487964905857042e-05
-5.8087243817252637e-05
-5.7573944410088272e-05
-5.7164418874002023e-05
-5.6659739538695447e-05
-5.6246246109518300e-05
-5.5741900093887066e-05
-5.5338266726779448e-05
-5.4832257393385129e-05
-5.4421088733753221e-05
-5.3940765930714654e-05
-5.3504732008597903e-05
-5.3051144713425729e-05
-5.2597545518496862e-05
-5.2151463329933904e-05
-5.1695809183211185e-05
-5.1257246880271022e-05
-5.0792119155371799e-05
-5.0374561977594291e-05
-4.9885350929931044e-05
-4.9482822773135279e-05
-4.8993588662792261e-05
-4.8578964800253410e-05
-4.8115641487622579e-05
-4.7669680897834237e-05
-4.7241084076661036e-05
-4.6763683635678861e-05
-4.6359643624495891e-05
-4.5866382337012647e-05
-4.5451193447568771e-05
-4.4992430393014460e-05
-4.4548572687225429e-05
-4.4113244242883916e-05
-4.3646254044376425e-05
-4.3233146408412647e-05
-4.2743469806166186e-05
-4.2322354730888983e-05
-4.1863685483636862e-05
-4.1410685266019369e-05
-4.0983647119685525e-05
-4.0495220574582346e-05
-4.0068030583131828e-05
-3.9609989261983975e-05
-3.9149836686094479e-05
-3.8717389266553943e-05
-3.8223750804214085e-05
0.0000000000000000e+00
];
