%Vec Object:dSdr_b_aug_1210 1 MPI processes
%  type: seq
dSdr_b_aug_1210 = [
2.4521800179603597e+03
0.0000000000000000e+00
-2.1593384400019917e-06
-8.8196763849869860e-07
-5.3839522012165768e-07
-3.7827133747611928e-07
-2.8366421143131057e-07
-2.2525542950331254e-07
-1.8566972057068489e-07
-1.5568288621946842e-07
-1.3342471803176085e-07
-1.1637017662869617e-07
-1.0246412984956081e-07
-9.1198340482935289e-08
-8.1964408149846656e-08
-7.4177575067046494e-08
-6.7523313612987724e-08
-6.1846733903416114e-08
-5.6939311575347362e-08
-5.2609126464083368e-08
-4.8815889415481969e-08
-4.5470718585682394e-08
-4.2463441871081072e-08
-3.9775153794472617e-08
-3.7632105084377603e-08
-5.3098186968622825e-07
-1.5873560819895031e-04
-4.9424387847656342e-04
-4.6989553663796059e-04
-4.2447666431985154e-04
-3.8355488335550076e-04
-3.4418213177457227e-04
-3.0703587855947576e-04
-2.6788300377728649e-04
-2.3604818050623386e-04
-2.0835084986040118e-04
-1.8412793156642819e-04
-1.6124943141172636e-04
-1.4392008602865666e-04
-1.3077260784168698e-04
-1.2037788857950512e-04
-1.1198520169582533e-04
-1.0673740999385907e-04
-1.0351363436689232e-04
-1.0172436195168251e-04
-1.0125143164238496e-04
-1.0169910284086812e-04
-1.0268896510845033e-04
-1.0414612876167491e-04
-1.0612065079925334e-04
-1.0785626002592608e-04
-1.0967986861319177e-04
-1.1153000901379688e-04
-1.1330182487009744e-04
-1.1477907777611191e-04
-1.1608946302222598e-04
-1.1733236617512795e-04
-1.1832290472012225e-04
-1.1912194197803533e-04
-1.1974530175551787e-04
-1.2029004749058516e-04
-1.2062277555539250e-04
-1.2078658954197197e-04
-1.2088621463884311e-04
-1.2089079304200594e-04
-1.2075628872841286e-04
-1.2055124452481850e-04
-1.2028389672538019e-04
-1.1993029018932358e-04
-1.1951463172769043e-04
-1.1907321906025066e-04
-1.1858770641415530e-04
-1.1806792010188775e-04
-1.1746862123928352e-04
-1.1689278732528176e-04
-1.1629022932162088e-04
-1.1562480975426264e-04
-1.1499766985790836e-04
-1.1436037249648039e-04
-1.1363021026508206e-04
-1.1296428658962836e-04
-1.1229433531695008e-04
-1.1155310324590817e-04
-1.1087612657443935e-04
-1.1020236285395272e-04
-1.0941743875111027e-04
-1.0874158411036216e-04
-1.0804466419059252e-04
-1.0728465129618158e-04
-1.0661171962602511e-04
-1.0589807239316207e-04
-1.0514445215391604e-04
-1.0446911407495642e-04
-1.0373256816974960e-04
-1.0302169718926372e-04
-1.0235825694780002e-04
-1.0159181878600686e-04
-1.0091382951077325e-04
-1.0023867076657394e-04
-9.9459796208792309e-05
-9.8829477961508627e-05
-9.8121906781735018e-05
-9.7398044135237435e-05
-9.6768538375840781e-05
-9.6001848551061073e-05
-9.5352145774391179e-05
-9.4696658807737072e-05
-9.3955881169506967e-05
-9.3337876640063320e-05
-9.2622037624228015e-05
-9.1944051595406305e-05
-9.1320064468578953e-05
-9.0586049353333570e-05
-8.9975346689721478e-05
-8.9281700500512794e-05
-8.8628214550395210e-05
-8.7980879157834133e-05
-8.7292865876418692e-05
-8.6687438803730146e-05
-8.5975663256371377e-05
-8.5377111408231984e-05
-8.4710700573998872e-05
-8.4050604336905304e-05
-8.3461348789241053e-05
-8.2740276340489659e-05
-8.2178508609825858e-05
-8.1485262507819366e-05
-8.0886816201391885e-05
-8.0246242380836190e-05
-7.9608756554382375e-05
-7.8995821565344467e-05
-7.8346967881051644e-05
-7.7767586908851342e-05
-7.7082957572577606e-05
-7.6532949538072023e-05
-7.5850179479757513e-05
-7.5277275377747384e-05
-7.4638737100738369e-05
-7.4032162032680186e-05
-7.3425779264006021e-05
-7.2810065352227728e-05
-7.2214323231642756e-05
-7.1592242152164953e-05
-7.1009187946554787e-05
-7.0366346003087560e-05
-6.9817979756784261e-05
-6.9152258958746595e-05
-6.8619750830986294e-05
-6.7959696931849732e-05
-6.7423274247524641e-05
-6.6767400186000785e-05
-6.6232517511214734e-05
-6.5569213991921210e-05
-6.5051930463672214e-05
-6.4381510569147784e-05
-6.3865660319520592e-05
-6.3208364984333049e-05
-6.2682348411285805e-05
-6.2033723649761242e-05
-6.1500977929903944e-05
-6.0854039668704496e-05
-6.0328519028753891e-05
-5.9681698735889332e-05
-5.9146461957200445e-05
-5.8525786228493104e-05
-5.7963293811022285e-05
-5.7371360914479113e-05
-5.6786729158345588e-05
-5.6205076685384044e-05
-5.5613363029347670e-05
-5.5042662820866463e-05
-5.4436097478536241e-05
-5.3890766204629292e-05
-5.3252920239677460e-05
-5.2725259550969205e-05
-5.2087065098918888e-05
-5.1542846381029575e-05
-5.0934961871133663e-05
-5.0351556450554213e-05
-4.9783993362404731e-05
-4.9160877096286012e-05
-4.8624548919987163e-05
-4.7975987961959401e-05
-4.7428822115155866e-05
-4.6818584592282769e-05
-4.6234208790159503e-05
-4.5655358693461986e-05
-4.5036776111654843e-05
-4.4486903444342003e-05
-4.3836293460046518e-05
-4.3275389701985561e-05
-4.2665019742013036e-05
-4.2060347054297925e-05
-4.1490502334914927e-05
-4.0837097166871272e-05
-4.0266170273796816e-05
-3.9652720038873021e-05
-3.9034703344162282e-05
-3.8458853627652190e-05
-3.7804196623177259e-05
0.0000000000000000e+00
];
