%Vec Object:dSdr_b_aug_780 1 MPI processes
%  type: seq
dSdr_b_aug_780 = [
2.4873203050438033e+03
0.0000000000000000e+00
-2.8184399384995362e-06
-1.1477966155847104e-06
-6.9732365254273764e-07
-4.8874789674069132e-07
-3.6676940658381477e-07
-2.9149410805999280e-07
-2.4047835046103092e-07
-2.0173928893355854e-07
-1.7298706216423201e-07
-1.5095974555252057e-07
-1.3298731290677891e-07
-1.1842581647032531e-07
-1.0649116920372535e-07
-9.6425454348746477e-08
-8.7822257074603786e-08
-8.0483261934262862e-08
-7.4138631963372378e-08
-6.8539348766818021e-08
-6.3634453740392242e-08
-5.9309059846757080e-08
-5.5420083690641746e-08
-5.1943477452890604e-08
-4.8824501749169049e-08
-4.5994183806845162e-08
-4.3722878683232235e-08
-2.0456647840256770e-07
-3.4269274406952524e-05
-3.4264359380197889e-04
-3.8292922325192867e-04
-3.5045300044352269e-04
-3.1369153786995984e-04
-2.7411852357584485e-04
-2.4185122727571302e-04
-2.1376198179674831e-04
-1.8919348908762705e-04
-1.6598701972225116e-04
-1.4840882795611447e-04
-1.3507146674505475e-04
-1.2452275581997419e-04
-1.1600227129838723e-04
-1.1066982297270267e-04
-1.0738777761003620e-04
-1.0555873724105368e-04
-1.0506171595946775e-04
-1.0549748609231390e-04
-1.0648215140166138e-04
-1.0793975249800225e-04
-1.0991737555142847e-04
-1.1165521608953804e-04
-1.1348230909537894e-04
-1.1533428032974178e-04
-1.1710553227028159e-04
-1.1858042397220171e-04
-1.1988557238273102e-04
-1.2111954566406666e-04
-1.2209983090542657e-04
-1.2288691774469659e-04
-1.2349514271535204e-04
-1.2402214292837099e-04
-1.2433681703683894e-04
-1.2448055107957122e-04
-1.2455605511323475e-04
-1.2453853909748515e-04
-1.2438057553065043e-04
-1.2414951526583132e-04
-1.2385533976026015e-04
-1.2347571190439007e-04
-1.2303255568119265e-04
-1.2256184062646604e-04
-1.2204925732027362e-04
-1.2150228102418820e-04
-1.2087075482380870e-04
-1.2026714021075410e-04
-1.1963696939272132e-04
-1.1893881813738173e-04
-1.1828403961067838e-04
-1.1761920786230545e-04
-1.1685550900549962e-04
-1.1616186674008198e-04
-1.1546389217746258e-04
-1.1469007142209197e-04
-1.1398552904445587e-04
-1.1328400058679508e-04
-1.1246618697854313e-04
-1.1176287750210297e-04
-1.1103783814987085e-04
-1.1024629686969628e-04
-1.0954636581124502e-04
-1.0880415663108783e-04
-1.0801975398399093e-04
-1.0731764868897671e-04
-1.0655174170998307e-04
-1.0581198589293795e-04
-1.0512223780213657e-04
-1.0432548432152707e-04
-1.0361976485395139e-04
-1.0291822928747295e-04
-1.0210847116465005e-04
-1.0145215241668916e-04
-1.0071722604726401e-04
-9.9964286224591114e-05
-9.9309133247063198e-05
-9.8512796669663759e-05
-9.7836548154449962e-05
-9.7154825241250401e-05
-9.6384943967721295e-05
-9.5741770334000287e-05
-9.4997341994544621e-05
-9.4292444475075016e-05
-9.3643160368130435e-05
-9.2879650035396471e-05
-9.2244584266749029e-05
-9.1522699913418993e-05
-9.0843070388729646e-05
-9.0169797252182536e-05
-8.9453730542758529e-05
-8.8823892502558092e-05
-8.8083532021174881e-05
-8.7460058128652736e-05
-8.6767116222653400e-05
-8.6080132573393563e-05
-8.5466030202995620e-05
-8.4716556285639033e-05
-8.4130954318268475e-05
-8.3409409836613947e-05
-8.2786787844138171e-05
-8.2118913753203543e-05
-8.1455665144818102e-05
-8.0817252712559262e-05
-8.0141178580808579e-05
-7.9537846603165401e-05
-7.8824593746570549e-05
-7.8251286782832921e-05
-7.7540132760993028e-05
-7.6942970981250667e-05
-7.6277510571866824e-05
-7.5645477606886696e-05
-7.5013204415906682e-05
-7.4371263329183745e-05
-7.3750415948906317e-05
-7.3101214346473883e-05
-7.2493538947671876e-05
-7.1823111865672968e-05
-7.1250431451285340e-05
-7.0556846373787103e-05
-7.0000256899001198e-05
-6.9312040739957540e-05
-6.8752150963182705e-05
-6.8067125548667488e-05
-6.7508982025784900e-05
-6.6816389595263702e-05
-6.6275940694895201e-05
-6.5576044743455601e-05
-6.5036860189903023e-05
-6.4350379783734469e-05
-6.3800752935433611e-05
-6.3122953399967016e-05
-6.2566037812706644e-05
-6.1890199119130179e-05
-6.1339974624705082e-05
-6.0664615026013740e-05
-6.0104232470342895e-05
-5.9455110377610839e-05
-5.8866987817090145e-05
-5.8247015536565442e-05
-5.7635826702592890e-05
-5.7026697518404478e-05
-5.6407408094308032e-05
-5.5809927066818963e-05
-5.5174696144317061e-05
-5.4603468783783275e-05
-5.3935498782056006e-05
-5.3382477751310604e-05
-5.2714093711392667e-05
-5.2143610684018869e-05
-5.1506428754469866e-05
-5.0895168618713440e-05
-5.0299442848339007e-05
-4.9646796394746948e-05
-4.9083660137824495e-05
-4.8403627840096200e-05
-4.7829718599302410e-05
-4.7188787017802616e-05
-4.6575939210572386e-05
-4.5968010133576667e-05
-4.5318715171504376e-05
-4.4741138437629562e-05
-4.4057930323302819e-05
-4.3468720023002773e-05
-4.2827638070824958e-05
-4.2192272495361608e-05
-4.1593553084226455e-05
-4.0906816126757860e-05
-4.0306930027423282e-05
-3.9662297202648838e-05
-3.9012957938299327e-05
-3.8409938737902012e-05
-3.7732739913024402e-05
0.0000000000000000e+00
];
