%Vec Object:dSdr_b_aug_3270 1 MPI processes
%  type: seq
dSdr_b_aug_3270 = [
2.3683827432160147e+03
0.0000000000000000e+00
-1.1823361891126128e-06
-4.8677127585501954e-07
-3.0076571314035021e-07
-2.1287890570410999e-07
-1.5973720763197730e-07
-1.2689684148674688e-07
-1.0463757231583588e-07
-8.7847424707970925e-08
-7.5380606775339541e-08
-6.5825060896394707e-08
-5.8039282030177804e-08
-5.1731407502961271e-08
-4.6560179515483197e-08
-4.2199038401315983e-08
-3.8471915079450669e-08
-3.5291913971514198e-08
-3.2542370248042872e-08
-3.0115682584519710e-08
-2.8290190368951519e-08
-6.3490610776951549e-06
-6.2427523720152143e-04
-6.5794913221892712e-04
-6.1507766103264074e-04
-5.7268862214659489e-04
-5.3205277626722821e-04
-4.9102740740204862e-04
-4.4895522899894357e-04
-4.0402340371852307e-04
-3.6448962478625877e-04
-3.2651013480060060e-04
-2.9066911882727405e-04
-2.5287918524500891e-04
-2.2214607642812462e-04
-1.9540117589928816e-04
-1.7200881104556518e-04
-1.4991607709577192e-04
-1.3318241826390604e-04
-1.2048931768125292e-04
-1.1046302645584812e-04
-1.0237607306396055e-04
-9.7330801604815313e-05
-9.4246419060957734e-05
-9.2552278231323009e-05
-9.2136976941162963e-05
-9.2613116880634595e-05
-9.3615410551877817e-05
-9.5071527345394333e-05
-9.7038630843787163e-05
-9.8768901881389964e-05
-1.0058417471020686e-04
-1.0242993485098218e-04
-1.0420309888699247e-04
-1.0568599925692874e-04
-1.0700891072880378e-04
-1.0827317415801865e-04
-1.0928823876499747e-04
-1.1011586174653017e-04
-1.1077542457422565e-04
-1.1136261840421853e-04
-1.1173853239679224e-04
-1.1195037865050696e-04
-1.1210770268976537e-04
-1.1216513217093230e-04
-1.1208674374730381e-04
-1.1194393151618691e-04
-1.1174075725768460e-04
-1.1144939538480157e-04
-1.1109951335024114e-04
-1.1072819391130109e-04
-1.1030743605441785e-04
-1.0985268996588787e-04
-1.0933048105531266e-04
-1.0882110041796955e-04
-1.0828459409979256e-04
-1.0769747094553837e-04
-1.0713644450269902e-04
-1.0656501124272330e-04
-1.0591507090875871e-04
-1.0531545196930046e-04
-1.0471253430337018e-04
-1.0404925659873479e-04
-1.0343821896792307e-04
-1.0283087038763800e-04
-1.0212462024690305e-04
-1.0151443944523445e-04
-1.0088478313191097e-04
-1.0020018831577418e-04
-9.9591841030092427e-05
-9.8946515939981247e-05
-9.8266529349431744e-05
-9.7655220290977503e-05
-9.6988908105166680e-05
-9.6347131648981475e-05
-9.5746621595399950e-05
-9.5052699784103884e-05
-9.4441043048509946e-05
-9.3828979480772257e-05
-9.3123980455834735e-05
-9.2555857099250701e-05
-9.1913721457734306e-05
-9.1259413596430299e-05
-9.0691257909381666e-05
-8.9995485337937274e-05
-8.9409281959777951e-05
-8.8816553346568420e-05
-8.8145393785521651e-05
-8.7587595644563471e-05
-8.6940144432553527e-05
-8.6326532708468794e-05
-8.5763057859150033e-05
-8.5099597511398845e-05
-8.4547173227016704e-05
-8.3921074892376844e-05
-8.3330126434811585e-05
-8.2744836177208074e-05
-8.2123928905995851e-05
-8.1576894817421866e-05
-8.0933496692795514e-05
-8.0394560373984550e-05
-7.9791613986968441e-05
-7.9195834594248396e-05
-7.8666014659263965e-05
-7.8012880805870499e-05
-7.7508126519960826e-05
-7.6882572432235673e-05
-7.6341956360052383e-05
-7.5766687018291546e-05
-7.5190827896374059e-05
-7.4638837066539631e-05
-7.4055096948354951e-05
-7.3533008807441432e-05
-7.2916849314437346e-05
-7.2422574316142365e-05
-7.1807701088380546e-05
-7.1292823448084846e-05
-7.0718685219098241e-05
-7.0173007656706155e-05
-6.9628557039916165e-05
-6.9075580834974070e-05
-6.8539892736347929e-05
-6.7982686353726038e-05
-6.7458528285157390e-05
-6.6881672477893099e-05
-6.6391467984162282e-05
-6.5792401098718905e-05
-6.5317497848370627e-05
-6.4724810708841732e-05
-6.4244523617932884e-05
-6.3658382361498345e-05
-6.3179141996773456e-05
-6.2585900407755013e-05
-6.2124030879839189e-05
-6.1524120671242573e-05
-6.1064088610635089e-05
-6.0476607001605394e-05
-6.0007068873107911e-05
-5.9428233324178996e-05
-5.8953304764190056e-05
-5.8375499614805415e-05
-5.7909073623763516e-05
-5.7330522775088459e-05
-5.6855437945545385e-05
-5.6302809542889325e-05
-5.5801627950407076e-05
-5.5276769103932570e-05
-5.4755665760573475e-05
-5.4239741697626941e-05
-5.3713993598018991e-05
-5.3207357574637503e-05
-5.2669365162085113e-05
-5.2185982235704294e-05
-5.1620198543284641e-05
-5.1153205327675499e-05
-5.0587230738989136e-05
-5.0105842760454320e-05
-4.9568045020196505e-05
-4.9051275967902327e-05
-4.8551086707327539e-05
-4.7998616441348193e-05
-4.7526423847324498e-05
-4.6953154848961428e-05
-4.6469972971427383e-05
-4.5933171930815175e-05
-4.5416919977945393e-05
-4.4907649144309312e-05
-4.4362557699660080e-05
-4.3878986006189073e-05
-4.3306392606962127e-05
-4.2813251135746203e-05
-4.2276414813399551e-05
-4.1745256087005870e-05
-4.1244617368723696e-05
-4.0671151538532276e-05
-4.0169835351845952e-05
-3.9631591537255994e-05
-3.9089812916324172e-05
-3.8582648245405858e-05
-3.8001590348235328e-05
0.0000000000000000e+00
];
