%Vec Object:dSdr_b_aug_6020 1 MPI processes
%  type: seq
dSdr_b_aug_6020 = [
2.3185944732655785e+03
0.0000000000000000e+00
-8.4400264614861707e-07
-3.4876904025561620e-07
-2.1674885388278692e-07
-1.5394913590069048e-07
-1.1552274921380366e-07
-9.1764493318619690e-08
-7.5660544082239850e-08
-6.3541385815109420e-08
-5.4541336208304407e-08
-4.7641682407489904e-08
-4.2022743158257809e-08
-3.7470414749043170e-08
-3.3738005289844496e-08
-3.0590338878890372e-08
-2.7900349355755648e-08
-2.5605063675635798e-08
-2.4490103435334803e-08
-5.3253196044267469e-05
-7.4905333132910528e-04
-7.1572635500484201e-04
-6.7711463233605812e-04
-6.3860177124953660e-04
-5.9585353279262027e-04
-5.5459453904814948e-04
-5.1504125901752319e-04
-4.7509564816766172e-04
-4.3411132852042228e-04
-3.9031116407871281e-04
-3.5176763719428053e-04
-3.1472381593379030e-04
-2.7975409953714877e-04
-2.4287324122685225e-04
-2.1287488382779041e-04
-1.8676515715003138e-04
-1.6392668305873363e-04
-1.4235797056633262e-04
-1.2602157024768117e-04
-1.1363149024674286e-04
-1.0385090047580352e-04
-9.5967838021914609e-05
-9.1057625355544440e-05
-8.8066202576286089e-05
-8.6435503856738743e-05
-8.6058634502534276e-05
-8.6553759625081203e-05
-8.7564343381336187e-05
-8.9019761803983498e-05
-9.0981917711066253e-05
-9.2708628545822019e-05
-9.4518342126665369e-05
-9.6361180918438645e-05
-9.8135243866263319e-05
-9.9621910320369663e-05
-1.0095317527652502e-04
-1.0223168355078438e-04
-1.0326310425080474e-04
-1.0410979068869540e-04
-1.0479349691206626e-04
-1.0540899891054931e-04
-1.0581371313340218e-04
-1.0605759160712787e-04
-1.0625339449230810e-04
-1.0634606982554360e-04
-1.0630510453362167e-04
-1.0620379420175052e-04
-1.0604341659898684e-04
-1.0579356497083363e-04
-1.0548754849369284e-04
-1.0516297345788701e-04
-1.0478539985108882e-04
-1.0437402837468943e-04
-1.0390322994233599e-04
-1.0343816628094487e-04
-1.0294570912797590e-04
-1.0241080104778461e-04
-1.0189386497190577e-04
-1.0136635579293322e-04
-1.0076991463612782e-04
-1.0021451364208603e-04
-9.9656300002737438e-05
-9.9045009290158647e-05
-9.8477945736473414e-05
-9.7914888743772855e-05
-9.7261105497767019e-05
-9.6694721922690864e-05
-9.6109923041062107e-05
-9.5475623806516320e-05
-9.4910347207772527e-05
-9.4310585486520468e-05
-9.3679704465378212e-05
-9.3111095733522140e-05
-9.2491621737871276e-05
-9.1895923754745724e-05
-9.1337381232744236e-05
-9.0691819884787709e-05
-9.0124399683751583e-05
-8.9554413683838369e-05
-8.8898681576532804e-05
-8.8372035417857381e-05
-8.7773538172214016e-05
-8.7165615834189467e-05
-8.6638374018621067e-05
-8.5989895591578281e-05
-8.5446039454231286e-05
-8.4895163886614545e-05
-8.4270432063658293e-05
-8.3752785086469990e-05
-8.3150941155990058e-05
-8.2580260146423106e-05
-8.2057140459436268e-05
-8.1440732526977884e-05
-8.0927173640260231e-05
-8.0346122439200129e-05
-7.9796879748648503e-05
-7.9252966910627580e-05
-7.8676812115249483e-05
-7.8168719861265297e-05
-7.7570922110919716e-05
-7.7071742935147492e-05
-7.6511120504459072e-05
-7.5958233526405468e-05
-7.5468050755502086e-05
-7.4860224636784026e-05
-7.4393492196825076e-05
-7.3813081405509591e-05
-7.3311031894994339e-05
-7.2779313627199978e-05
-7.2244552906097854e-05
-7.1733205296854290e-05
-7.1192888944152398e-05
-7.0709008990194782e-05
-7.0138511542932618e-05
-6.9681404525051585e-05
-6.9111811213712424e-05
-6.8635631027504510e-05
-6.8104440748947373e-05
-6.7599375325440379e-05
-6.7096226849357749e-05
-6.6585090008370115e-05
-6.6089451552526867e-05
-6.5575509686136254e-05
-6.5090629089062664e-05
-6.4557779021390323e-05
-6.4106362257396483e-05
-6.3551746462295420e-05
-6.3115259581918523e-05
-6.2567498941483709e-05
-6.2124648387016255e-05
-6.1585011544890546e-05
-6.1142878771013970e-05
-6.0596361110985041e-05
-6.0171446940181598e-05
-5.9618559292683521e-05
-5.9195752168112020e-05
-5.8654829022086688e-05
-5.8222956183092332e-05
-5.7690662786707616e-05
-5.7254292334477925e-05
-5.6722591834603254e-05
-5.6295575945775788e-05
-5.5762553828635946e-05
-5.5327584265246983e-05
-5.4820336528639062e-05
-5.4360043121123129e-05
-5.3879915948892054e-05
-5.3401179771404075e-05
-5.2929090085576403e-05
-5.2447334574026159e-05
-5.1983423194961577e-05
-5.1491162349068019e-05
-5.1049093189865599e-05
-5.0531368265590692e-05
-5.0104834819373244e-05
-4.9587024337967810e-05
-4.9147539073541776e-05
-4.8656483218963659e-05
-4.8184155210806323e-05
-4.7728899039537045e-05
-4.7223544354224652e-05
-4.6794125925010389e-05
-4.6271071649152382e-05
-4.5830563784724092e-05
-4.5342741239039570e-05
-4.4871925652988719e-05
-4.4409062852130091e-05
-4.3912989656520277e-05
-4.3473642966150775e-05
-4.2953090237926920e-05
-4.2505154430528133e-05
-4.2017377892436148e-05
-4.1535273710998190e-05
-4.1080829095016186e-05
-4.0560736956922683e-05
-4.0105945894073316e-05
-3.9618042412848216e-05
-3.9127501652138253e-05
-3.8667252972273013e-05
-3.8141181028433108e-05
0.0000000000000000e+00
];
