%Vec Object:dSdr_b_aug_9690 1 MPI processes
%  type: seq
dSdr_b_aug_9690 = [
2.2749248748189675e+03
0.0000000000000000e+00
-6.3739793239368243e-07
-2.6418884784777795e-07
-1.6492734613162647e-07
-1.1747595960855810e-07
-8.8181660698973705e-08
-7.0062240327699729e-08
-5.7779889271306062e-08
-4.8552555253008052e-08
-4.1698957825599339e-08
-3.6443930428868997e-08
-3.2165725134031370e-08
-2.8699496323697416e-08
-2.5857266307418237e-08
-2.3460216963304418e-08
-2.1435330833920496e-08
-9.3823851692697046e-06
-8.0515939666981446e-04
-7.7756599992636830e-04
-7.3574748847810088e-04
-6.9723090863885379e-04
-6.5949779743839005e-04
-6.2189765214922758e-04
-5.8015390483578348e-04
-5.3983721234586110e-04
-5.0116745232812337e-04
-4.6210246589664140e-04
-4.2200535335598784e-04
-3.7912811762656149e-04
-3.4139219309229062e-04
-3.0511145862940127e-04
-2.7085233262890546e-04
-2.3471287279913211e-04
-2.0531374388773913e-04
-1.7972203515456838e-04
-1.5733528834928454e-04
-1.3619394315304704e-04
-1.2018152826015083e-04
-1.0803857766135592e-04
-9.8458370492939332e-05
-9.0741591940040364e-05
-8.5941526890531025e-05
-8.3025917716675370e-05
-8.1446959371038713e-05
-8.1101433250168565e-05
-8.1612041738431603e-05
-8.2629386326365102e-05
-8.4084234872836678e-05
-8.6042355453555032e-05
-8.7766162475221333e-05
-8.9571341934692082e-05
-9.1411797966292716e-05
-9.3186593793244743e-05
-9.4676331474337683e-05
-9.6014408936152010e-05
-9.7304534441501649e-05
-9.8349294219085039e-05
-9.9211527742370769e-05
-9.9914924017253587e-05
-1.0055351266625541e-04
-1.0098171485056857e-04
-1.0125171715025255e-04
-1.0147890142879785e-04
-1.0160032148636492e-04
-1.0158987661044911e-04
-1.0152241314805331e-04
-1.0139693839121383e-04
-1.0118094050890241e-04
-1.0091069865950013e-04
-1.0062424610194877e-04
-1.0028189148391743e-04
-9.9905894247611317e-05
-9.9477023725571824e-05
-9.9048102853318626e-05
-9.8591570076738086e-05
-9.8099246099596956e-05
-9.7618268004152277e-05
-9.7126581191370222e-05
-9.6573771393231313e-05
-9.6054432428527907e-05
-9.5532677243980086e-05
-9.4963784625793691e-05
-9.4432584216185946e-05
-9.3905649314107354e-05
-9.3294655550118155e-05
-9.2763990889491356e-05
-9.2215775575622046e-05
-9.1622495004913101e-05
-9.1092344791047412e-05
-9.0529742367438844e-05
-8.9938909493925015e-05
-8.9405125099837013e-05
-8.8823850086372212e-05
-8.8265731496654695e-05
-8.7741415680557249e-05
-8.7135294809223459e-05
-8.6603951805172869e-05
-8.6068282252466709e-05
-8.5452729883446631e-05
-8.4959910539156725e-05
-8.4397002686222459e-05
-8.3826910174775629e-05
-8.3333035767805245e-05
-8.2723128195782129e-05
-8.2213808455052680e-05
-8.1697066242251770e-05
-8.1110198675272117e-05
-8.0625297079763345e-05
-8.0060648280552249e-05
-7.9524979522131571e-05
-7.9034771588921244e-05
-7.8456737370706455e-05
-7.7974875257451893e-05
-7.7430562358981602e-05
-7.6915332912119846e-05
-7.6405165533684902e-05
-7.5865508733164081e-05
-7.5389175592516811e-05
-7.4828567343271032e-05
-7.4361812208007964e-05
-7.3835707188952079e-05
-7.3317801230431614e-05
-7.2859944652218456e-05
-7.2289069373906954e-05
-7.1853345751027341e-05
-7.1309751692794887e-05
-7.0839155244799414e-05
-7.0342955170339238e-05
-6.9841712360163897e-05
-6.9363511438925139e-05
-6.8858609454785965e-05
-6.8405890292796672e-05
-6.7872632650123996e-05
-6.7445838082651931e-05
-6.6913172930969987e-05
-6.6468552562719174e-05
-6.5972388605081285e-05
-6.5500444526908670e-05
-6.5030980129649146e-05
-6.4553965502312584e-05
-6.4090989649842820e-05
-6.3612332285450728e-05
-6.3159484547962473e-05
-6.2662523491372474e-05
-6.2242740179380710e-05
-6.1724376605247835e-05
-6.1319220316527609e-05
-6.0808099620955776e-05
-6.0395780556181424e-05
-5.9894070534946095e-05
-5.9482200982408536e-05
-5.8973789173450465e-05
-5.8579014073800809e-05
-5.8064475832598555e-05
-5.7672027640222108e-05
-5.7169075410114094e-05
-5.6767920641002141e-05
-5.6273584865208938e-05
-5.5868660630299340e-05
-5.5374560952756388e-05
-5.4979686135939911e-05
-5.4483795159748226e-05
-5.4081541777195629e-05
-5.3611304437833245e-05
-5.3184357580350242e-05
-5.2740711532606489e-05
-5.2296528107710519e-05
-5.1860187771225850e-05
-5.1414310649056140e-05
-5.0985243596377879e-05
-5.0530279393356919e-05
-5.0121903944243178e-05
-4.9643373650662527e-05
-4.9249837470939306e-05
-4.8771307572470955e-05
-4.8365996420626668e-05
-4.7913061308677177e-05
-4.7476977621546465e-05
-4.7058367101171553e-05
-4.6591438055714405e-05
-4.6196904670498192e-05
-4.5714803682083411e-05
-4.5309099346236102e-05
-4.4861222079083106e-05
-4.4427463119874495e-05
-4.4002449568909508e-05
-4.3546354628889872e-05
-4.3143077353924898e-05
-4.2664968562047165e-05
-4.2253902963787865e-05
-4.1806140735146253e-05
-4.1364047879629568e-05
-4.0947283784913943e-05
-4.0470730994900303e-05
-4.0053900282142121e-05
-3.9607082017750070e-05
-3.9158391807352133e-05
-3.8736582171083717e-05
-3.8256284022048448e-05
0.0000000000000000e+00
];
