%Vec Object:dSdr_b_aug_7450 1 MPI processes
%  type: seq
dSdr_b_aug_7450 = [
2.2985196486642735e+03
0.0000000000000000e+00
-7.4091510038438546e-07
-3.0665885912072868e-07
-1.9102136167426450e-07
-1.3588390773174875e-07
-1.0200070743720925e-07
-8.1047216004394818e-08
-6.6843943987983800e-08
-5.6162991192378770e-08
-4.8230287746710786e-08
-4.2148368505357663e-08
-3.7195815780655576e-08
-3.3183208572640720e-08
-2.9893114235110662e-08
-2.7118311832398724e-08
-2.4746820927283001e-08
-2.2805827625515333e-08
-1.3394420895989561e-05
-7.7480380514066238e-04
-7.4660905304195794e-04
-7.0763880221000168e-04
-6.6938176227513584e-04
-6.3126913742025774e-04
-5.8896183444787705e-04
-5.4811648444163619e-04
-5.0895104502495252e-04
-4.6939200370855143e-04
-4.2879714320943207e-04
-3.8540211870027072e-04
-3.4721310669627993e-04
-3.1050425923030310e-04
-2.7584647217318250e-04
-2.3929106708753950e-04
-2.0955575415116656e-04
-1.8367342269901433e-04
-1.6103324410589900e-04
-1.3965213376350658e-04
-1.2345795385877023e-04
-1.1117635664377320e-04
-1.0148372935095800e-04
-9.3673661010598019e-05
-8.8811800198340411e-05
-8.5853657597843603e-05
-8.4245671574993076e-05
-8.3882561136529380e-05
-8.4384483129323627e-05
-8.5398034765919552e-05
-8.6853203041567273e-05
-8.8813587565503377e-05
-9.0539023718681609e-05
-9.2346746957502131e-05
-9.4188539794073128e-05
-9.5962924464549753e-05
-9.7450939109969297e-05
-9.8785194573659482e-05
-1.0006880249525144e-04
-1.0110607868454089e-04
-1.0195958986498798e-04
-1.0265193947690830e-04
-1.0327757587575955e-04
-1.0369260066282564e-04
-1.0394794677138921e-04
-1.0415752521639568e-04
-1.0426281868512124e-04
-1.0423525100754566e-04
-1.0414879850993643e-04
-1.0400374228545489e-04
-1.0376875150976258e-04
-1.0347843909839400e-04
-1.0317059876910003e-04
-1.0280848531778236e-04
-1.0241264214780083e-04
-1.0196024889995843e-04
-1.0151105091628615e-04
-1.0103436356380029e-04
-1.0051814871813896e-04
-1.0001699719382144e-04
-9.9505213035448972e-05
-9.8927924828869543e-05
-9.8388354060699644e-05
-9.7846144666921696e-05
-9.7253465535736397e-05
-9.6702144902717114e-05
-9.6154944500868563e-05
-9.5519944644339400e-05
-9.4969240676958579e-05
-9.4400500961587728e-05
-9.3784207776639856e-05
-9.3234350681523719e-05
-9.2650900855769622e-05
-9.2037599854550228e-05
-9.1484278035930047e-05
-9.0881572328150204e-05
-9.0302370650686105e-05
-8.9758852698109919e-05
-8.9130604619328869e-05
-8.8579021301574444e-05
-8.8024099264917788e-05
-8.7386004941940174e-05
-8.6874207811325164e-05
-8.6291333315498606e-05
-8.5700017214300660e-05
-8.5187422758663007e-05
-8.4555875859181669e-05
-8.4027180234780903e-05
-8.3491288256005658e-05
-8.2883177783284648e-05
-8.2379905113440853e-05
-8.1794388806095890e-05
-8.1239077196201701e-05
-8.0730404849162706e-05
-8.0130841904781154e-05
-7.9631197015529078e-05
-7.9066272902387501e-05
-7.8531961074973820e-05
-7.8002861550312838e-05
-7.7442728354380248e-05
-7.6948577463158396e-05
-7.6367104864110501e-05
-7.5882158935450578e-05
-7.5336688683303661e-05
-7.4799157394666839e-05
-7.4323164918298229e-05
-7.3731559185266250e-05
-7.3278438748628871e-05
-7.2714189473485033e-05
-7.2225946977508312e-05
-7.1709820203121242e-05
-7.1189772907237045e-05
-7.0692975766618865e-05
-7.0168205330941861e-05
-6.9698004092565990e-05
-6.9143853877592939e-05
-6.8700053176898407e-05
-6.8146670294247578e-05
-6.7684343984582800e-05
-6.7168529280418082e-05
-6.6678003200139644e-05
-6.6189641091463254e-05
-6.5693482946723746e-05
-6.5212182458842114e-05
-6.4713729500572012e-05
-6.4242910431258119e-05
-6.3725814634010372e-05
-6.3288284068724565e-05
-6.2749581982693271e-05
-6.2326848353462050e-05
-6.1795171621675625e-05
-6.1365723534491156e-05
-6.0842735503255574e-05
-6.0413887433886094e-05
-5.9884097173493005e-05
-5.9472413208222476e-05
-5.8936359873711342e-05
-5.8526879466924371e-05
-5.8002624486518606e-05
-5.7584236015986746e-05
-5.7068604948164807e-05
-5.6646038499949376e-05
-5.6130843703225854e-05
-5.5717936839220202e-05
-5.5201214247072912e-05
-5.4780606163991411e-05
-5.4289604947960616e-05
-5.3843949733691992e-05
-5.3379836744492045e-05
-5.2916268247638816e-05
-5.2459871513952016e-05
-5.1993865598295713e-05
-5.1545249889034943e-05
-5.1069361209815844e-05
-5.0642082628813250e-05
-5.0141563031079963e-05
-4.9729514439623046e-05
-4.9228947010528952e-05
-4.8804463197834278e-05
-4.8330141251695121e-05
-4.7873723451290398e-05
-4.7434553655660421e-05
-4.6946066705410585e-05
-4.6531961782146742e-05
-4.6026884792667453e-05
-4.5601654632569621e-05
-4.5131366862803596e-05
-4.4676817999367417e-05
-4.4230569840198094e-05
-4.3752045833295950e-05
-4.3328532425430129e-05
-4.2826611167077741e-05
-4.2394860052965675e-05
-4.1924648282302650e-05
-4.1460107412012674e-05
-4.1022202717393342e-05
-4.0521221965127418e-05
-4.0083092539570539e-05
-3.9613220906706239e-05
-3.9141044165480020e-05
-3.8697649088258910e-05
-3.8191564963045910e-05
0.0000000000000000e+00
];
