%Vec Object:dSdr_b_aug_1580 1 MPI processes
%  type: seq
dSdr_b_aug_1580 = [
2.4295792475515259e+03
0.0000000000000000e+00
-1.8265420256686435e-06
-7.4744025619841710e-07
-4.5766243119615400e-07
-3.2207326023568357e-07
-2.4144640497760044e-07
-1.9165594343824866e-07
-1.5791085758364906e-07
-1.3238461361248738e-07
-1.1343625109362605e-07
-9.8916456236334987e-08
-8.7081474852377152e-08
-7.7493938632655968e-08
-6.9635286883936220e-08
-6.3008629574026310e-08
-5.7346256096371443e-08
-5.2515724639306842e-08
-4.8339685629507770e-08
-4.4655107323302983e-08
-4.1427370679730894e-08
-3.8580843316943304e-08
-3.6022167112494261e-08
-3.4760948550255955e-08
-3.3532780434235048e-06
-3.9613738706165743e-04
-5.4496035825861856e-04
-5.0843027499400189e-04
-4.6543423992517053e-04
-4.1926336202096238e-04
-3.7863043317973993e-04
-3.3961107163421042e-04
-3.0280159351190645e-04
-2.6400119092173538e-04
-2.3245137792405281e-04
-2.0500045702018656e-04
-1.8099242100486315e-04
-1.5831721680762223e-04
-1.4114198962263317e-04
-1.2811206977012045e-04
-1.1781267168766425e-04
-1.0949908543202929e-04
-1.0430369065568028e-04
-1.0111597946695556e-04
-9.9351319993539415e-05
-9.8893299822816019e-05
-9.9348336700840885e-05
-1.0034141540213914e-04
-1.0179830833750226e-04
-1.0377091114670358e-04
-1.0550513937154733e-04
-1.0732659140727504e-04
-1.0917559863281203e-04
-1.1094776339159598e-04
-1.1242647751965364e-04
-1.1374010368310192e-04
-1.1498853332995021e-04
-1.1598541742744814e-04
-1.1679185056484473e-04
-1.1742457700292681e-04
-1.1798030513765809e-04
-1.1832420649413927e-04
-1.1850044763327559e-04
-1.1861500088177770e-04
-1.1863325317401535e-04
-1.1851326743326299e-04
-1.1832432417669788e-04
-1.1807357964433167e-04
-1.1773607731707231e-04
-1.1733743681513012e-04
-1.1691415896678974e-04
-1.1644539995728814e-04
-1.1594244112902566e-04
-1.1536308730492055e-04
-1.1480444646588402e-04
-1.1421897763426614e-04
-1.1357381524464578e-04
-1.1296378050117363e-04
-1.1234352377916740e-04
-1.1163411689348413e-04
-1.1098534785927461e-04
-1.1033273980442079e-04
-1.0961167641370069e-04
-1.0895175976899424e-04
-1.0829517925357961e-04
-1.0753061000660046e-04
-1.0687174677799899e-04
-1.0619222958100026e-04
-1.0545172916777708e-04
-1.0479550704108062e-04
-1.0409953643236350e-04
-1.0336496703697020e-04
-1.0270619485259546e-04
-1.0198782014484121e-04
-1.0129482562289615e-04
-1.0064766697734191e-04
-9.9899990580587500e-05
-9.9239163168990353e-05
-9.8580328702080699e-05
-9.7820567534930207e-05
-9.7206340615574771e-05
-9.6515699183419434e-05
-9.5809832020174929e-05
-9.5196198987003579e-05
-9.4447857147582348e-05
-9.3814583178571684e-05
-9.3175333292911853e-05
-9.2452567510907586e-05
-9.1850139807141297e-05
-9.1151994345154943e-05
-9.0490663481077244e-05
-8.9882332319665673e-05
-8.9166571402297636e-05
-8.8570946739675887e-05
-8.7894776786486109e-05
-8.7257470771488627e-05
-8.6626187928514120e-05
-8.5955536565819336e-05
-8.5365217142333255e-05
-8.4671132457081087e-05
-8.4088004558949056e-05
-8.3438013480943463e-05
-8.2794557534760744e-05
-8.2220679386114378e-05
-8.1517184260541191e-05
-8.0970167253788217e-05
-8.0294434677062045e-05
-7.9710950415279430e-05
-7.9087272405601707e-05
-7.8465730860200622e-05
-7.7868563559742039e-05
-7.7236556288954371e-05
-7.6671998317396373e-05
-7.6005083741430770e-05
-7.5469495148037960e-05
-7.4804291594923891e-05
-7.4246400295647995e-05
-7.3624523818939937e-05
-7.3033704358157510e-05
-7.2443344882487339e-05
-7.1843862678039379e-05
-7.1263657929335306e-05
-7.0658361443437327e-05
-7.0090545032457658e-05
-6.9464775233589750e-05
-6.8931456774341300e-05
-6.8282980884650191e-05
-6.7765376461267229e-05
-6.7122751894962388e-05
-6.6600852768553234e-05
-6.5963020185427242e-05
-6.5442533436705196e-05
-6.4797356539590694e-05
-6.4294409859293902e-05
-6.3642232422084222e-05
-6.3140823583025964e-05
-6.2501590631824661e-05
-6.1990186280690601e-05
-6.1359617547055993e-05
-6.0841830392023937e-05
-6.0212778393014350e-05
-5.9702546817263933e-05
-5.9073389314840770e-05
-5.8553715127270586e-05
-5.7950644698551447e-05
-5.7404014673520037e-05
-5.6829435238314858e-05
-5.6261239584408365e-05
-5.5696592386422864e-05
-5.5121945338847699e-05
-5.4567819784112888e-05
-5.3978995586959293e-05
-5.3449691490521956e-05
-5.2830489377207148e-05
-5.2318524396065779e-05
-5.1699014477735587e-05
-5.1171051051530450e-05
-5.0581299073007301e-05
-5.0015133406753941e-05
-4.9465000781510932e-05
-4.8860161453011703e-05
-4.8340425690515039e-05
-4.7711343394933119e-05
-4.7180730376837182e-05
-4.6589491018802560e-05
-4.6022738567029720e-05
-4.5461887971322595e-05
-4.4862316451154247e-05
-4.4329593894426837e-05
-4.3699164139232279e-05
-4.3155786256761076e-05
-4.2564433372259324e-05
-4.1978769685941877e-05
-4.1426814660610665e-05
-4.0794067956960462e-05
-4.0241112265404245e-05
-3.9647049245006600e-05
-3.9048606937549477e-05
-3.8490104977488832e-05
-3.7852238685861924e-05
0.0000000000000000e+00
];
