%Vec Object:dSdr_b_aug_2640 1 MPI processes
%  type: seq
dSdr_b_aug_2640 = [
2.3870568176880574e+03
0.0000000000000000e+00
-1.3473505730390685e-06
-5.5399765604802262e-07
-3.4157574600191826e-07
-2.4148400023421310e-07
-1.8124801000757289e-07
-1.4403036102057442e-07
-1.1880420584259392e-07
-9.9756508795328375e-08
-8.5614060854906880e-08
-7.4774899478235262e-08
-6.5940713932365520e-08
-5.8783177293278863e-08
-5.2915543809974374e-08
-4.7966806647284215e-08
-4.3737206962229292e-08
-4.0128537650496226e-08
-3.7008351434076088e-08
-3.4254352411172553e-08
-3.1841639169219609e-08
-3.1216082190471928e-08
-1.5260039455028640e-05
-6.1462533098071489e-04
-6.2046007202138103e-04
-5.7868689279446544e-04
-5.3771949081415308e-04
-4.9633549764426714e-04
-4.5390092676149640e-04
-4.0859205825368778e-04
-3.6872834685430621e-04
-3.3043711018337159e-04
-2.9430579405234159e-04
-2.5621297420025591e-04
-2.2523506044170262e-04
-1.9827853228925746e-04
-1.7470162176492894e-04
-1.5243429403103654e-04
-1.3556827635852144e-04
-1.2277421517544162e-04
-1.1266606096443297e-04
-1.0451117503391656e-04
-9.9420904555639925e-05
-9.6305549562221082e-05
-9.4590270987338513e-05
-9.4162164851357592e-05
-9.4631979224608974e-05
-9.5631510750389146e-05
-9.7087860204923690e-05
-9.9056612120089298e-05
-1.0078806932630888e-04
-1.0260519436719321e-04
-1.0445192782405590e-04
-1.0622479234058413e-04
-1.0770643790680456e-04
-1.0902656614400555e-04
-1.1028608345146502e-04
-1.1129569851152306e-04
-1.1211696990606696e-04
-1.1276848861064119e-04
-1.1334625069618143e-04
-1.1371256899981284e-04
-1.1391374272935274e-04
-1.1405824635300352e-04
-1.1410393259026830e-04
-1.1401307549596521e-04
-1.1385643562791059e-04
-1.1363900229616800e-04
-1.1333380990801487e-04
-1.1296931261889106e-04
-1.1258241875425820e-04
-1.1214727264970858e-04
-1.1167807489318241e-04
-1.1113873692281470e-04
-1.1061459070851037e-04
-1.1006340804409159e-04
-1.0945888782126557e-04
-1.0888317130557318e-04
-1.0829710337657450e-04
-1.0762933813732736e-04
-1.0701498662001673e-04
-1.0639717442381986e-04
-1.0571657564610731e-04
-1.0509088669082950e-04
-1.0446878099838825e-04
-1.0374504989119239e-04
-1.0312027668964127e-04
-1.0247567473652949e-04
-1.0177432239465187e-04
-1.0115162477871674e-04
-1.0049111884523011e-04
-9.9794771219089025e-05
-9.9169235227932387e-05
-9.8487317453833099e-05
-9.7830188532467473e-05
-9.7215695700427520e-05
-9.6505661109289802e-05
-9.5879265607658393e-05
-9.5253182599879110e-05
-9.4531768782740722e-05
-9.3949826018309462e-05
-9.3293150906133011e-05
-9.2623388291338478e-05
-9.2041600899514685e-05
-9.1330070840163022e-05
-9.0729758186604460e-05
-9.0123084954554124e-05
-8.9436456576042790e-05
-8.8865280850604800e-05
-8.8202634181637414e-05
-8.7574718781168210e-05
-8.6997798379841534e-05
-8.6318661085315460e-05
-8.5753287610164380e-05
-8.5112180450172783e-05
-8.4507336446489886e-05
-8.3908260041889332e-05
-8.3272442120390156e-05
-8.2712433375239900e-05
-8.2053842097841404e-05
-8.1501659478156360e-05
-8.0884611578121350e-05
-8.0274541273332766e-05
-7.9731515013151930e-05
-7.9063285510764091e-05
-7.8545863093295131e-05
-7.7905268145134264e-05
-7.7351802453552783e-05
-7.6762022750008862e-05
-7.6172470449947053e-05
-7.5606938099800986e-05
-7.5008730038093058e-05
-7.4473911684147423e-05
-7.3842538497362724e-05
-7.3335879864040352e-05
-7.2705920262064322e-05
-7.2178149397049161e-05
-7.1589701761276133e-05
-7.1030493040147503e-05
-7.0472281370214968e-05
-6.9905365120659417e-05
-6.9356333278985509e-05
-6.8784712020704479e-05
-6.8247467483848208e-05
-6.7655949842171687e-05
-6.7152822054978326e-05
-6.6538944955811224e-05
-6.6051242144678137e-05
-6.5443586397544647e-05
-6.4950826210921002e-05
-6.4349190619567104e-05
-6.3857586761152492e-05
-6.3248777703499257e-05
-6.2774595407534981e-05
-6.2159018236894415e-05
-6.1686583594983325e-05
-6.1083589657956507e-05
-6.0601502237183230e-05
-6.0007159801374468e-05
-5.9519384486552301e-05
-5.8926218225822332e-05
-5.8446661620493583e-05
-5.7852941555059371e-05
-5.7364491174874782e-05
-5.6796742899393284e-05
-5.6281938247953335e-05
-5.5742175774084675e-05
-5.5206956620192796e-05
-5.4676427909460310e-05
-5.4136022460132527e-05
-5.3615151552843850e-05
-5.3061922422157685e-05
-5.2564774716965940e-05
-5.1982978961502897e-05
-5.1502505539577603e-05
-5.0920483834409949e-05
-5.0425134938379480e-05
-4.9871763995557699e-05
-4.9340188372705033e-05
-4.8825028644354698e-05
-4.8256860801527904e-05
-4.7770417164769063e-05
-4.7180418156252963e-05
-4.6683018775391493e-05
-4.6129899821023362e-05
-4.5598510269583470e-05
-4.5073778286262064e-05
-4.4512356270927788e-05
-4.4014051346704418e-05
-4.3424121153406117e-05
-4.2915920803085444e-05
-4.2362742416645270e-05
-4.1815244772047180e-05
-4.1299222400642579e-05
-4.0707984651260831e-05
-4.0191185370448336e-05
-3.9636202111909645e-05
-3.9077422156027616e-05
-3.8554822887129629e-05
-3.7956490745152781e-05
0.0000000000000000e+00
];
