%Vec Object:dSdr_b_aug_2840 1 MPI processes
%  type: seq
dSdr_b_aug_2840 = [
2.3823082508952925e+03
0.0000000000000000e+00
-1.3024062231147175e-06
-5.3554486348184856e-07
-3.3028510624635388e-07
-2.3349994864021224e-07
-1.7518706305330641e-07
-1.3915643064482832e-07
-1.1473521385862935e-07
-9.6302601311362053e-08
-8.2617001751252521e-08
-7.2127884742620187e-08
-6.3580542504867673e-08
-5.6655761461931722e-08
-5.0978987968345286e-08
-4.6191584807708431e-08
-4.2100251941699325e-08
-3.8609604297083795e-08
-3.5591552547016592e-08
-3.2928001142354911e-08
-3.0595155301846216e-08
-4.0815154778845367e-08
-8.1882728871549772e-05
-6.5063803107291240e-04
-6.1895491887647611e-04
-5.7656778333736356e-04
-5.3570666392366035e-04
-4.9444964060387073e-04
-4.5214379835842940e-04
-4.0696888584427848e-04
-3.6722239423036629e-04
-3.2904191634623053e-04
-2.9301373939422451e-04
-2.5502853037699230e-04
-2.2413759205067366e-04
-1.9725625193955996e-04
-1.7374490765554110e-04
-1.5153961041067111e-04
-1.3472061780049789e-04
-1.2196242636663545e-04
-1.1188335681556578e-04
-1.0375260627085235e-04
-9.8678323250023502e-05
-9.5573972288465900e-05
-9.3866203625690622e-05
-9.3442646850151124e-05
-9.3914708595098500e-05
-9.4915221464098560e-05
-9.6371488253086727e-05
-9.8339654506586090e-05
-1.0007069028124409e-04
-1.0188715725580436e-04
-1.0373354490478212e-04
-1.0550651583267826e-04
-1.0698860720821126e-04
-1.0830972428309564e-04
-1.0957092781186610e-04
-1.1058247900975115e-04
-1.1140600702321669e-04
-1.1206038367891973e-04
-1.1264149671612114e-04
-1.1301122421871410e-04
-1.1321618973023663e-04
-1.1336524824872458e-04
-1.1341510667825392e-04
-1.1332867950944692e-04
-1.1317695238676869e-04
-1.1296458507031758e-04
-1.1266430642411894e-04
-1.1230500168413034e-04
-1.1192364114867733e-04
-1.1149360696495965e-04
-1.1102954370666819e-04
-1.1049629146865393e-04
-1.0997739123622553e-04
-1.0943142285106576e-04
-1.0883308353842476e-04
-1.0826258617890076e-04
-1.0768171772196053e-04
-1.0702028539670456e-04
-1.0641116813695890e-04
-1.0579864773764289e-04
-1.0512420287017413e-04
-1.0450371930448007e-04
-1.0388685658637650e-04
-1.0316933619709229e-04
-1.0254974745024899e-04
-1.0191045545238154e-04
-1.0121505680116932e-04
-1.0059745763628667e-04
-9.9942345222463652e-05
-9.9251810420112544e-05
-9.8631329038811996e-05
-9.7954955689627307e-05
-9.7303281262589892e-05
-9.6693756296149748e-05
-9.5989446327398684e-05
-9.5368287282200997e-05
-9.4747185165341508e-05
-9.4031603271019207e-05
-9.3454570329218494e-05
-9.2803060867227178e-05
-9.2138789089130373e-05
-9.1561844832705895e-05
-9.0855913166951855e-05
-9.0260613322246390e-05
-8.9658894399294184e-05
-8.8977761854172521e-05
-8.8411338979158360e-05
-8.7754091022865664e-05
-8.7131257499102691e-05
-8.6559114096150871e-05
-8.5885546580204757e-05
-8.5324773753918113e-05
-8.4688998999311646e-05
-8.4089091870063017e-05
-8.3494913472023972e-05
-8.2864393075854443e-05
-8.2308994027252463e-05
-8.1655800644038755e-05
-8.1108324232047972e-05
-8.0496286383429608e-05
-7.9891293420590110e-05
-7.9352959165413580e-05
-7.8690092915740417e-05
-7.8177171291391194e-05
-7.7541920130521155e-05
-7.6993019711890431e-05
-7.6408395317662263e-05
-7.5823707994145199e-05
-7.5262986738884596e-05
-7.4669918916034817e-05
-7.4139623412005235e-05
-7.3513655417764128e-05
-7.3011396500683465e-05
-7.2386796856645740e-05
-7.1863606757309489e-05
-7.1280243034980834e-05
-7.0725841727879059e-05
-7.0172519149862183e-05
-6.9610555585252805e-05
-6.9066264571801173e-05
-6.8499764698798691e-05
-6.7967169584531132e-05
-6.7380861068955947e-05
-6.6882324731051661e-05
-6.6273709475022047e-05
-6.5790554153067054e-05
-6.5188216524198717e-05
-6.4699887838926305e-05
-6.4103757148935121e-05
-6.3616545852218062e-05
-6.3013267679466539e-05
-6.2543459923482261e-05
-6.1933448986603083e-05
-6.1465420794238262e-05
-6.0867938152241397e-05
-6.0390309305597888e-05
-5.9801476232131250e-05
-5.9318265175849619e-05
-5.8730556486191446e-05
-5.8255664990856926e-05
-5.7667334319974748e-05
-5.7183632519803913e-05
-5.6621256108520844e-05
-5.6111291526752288e-05
-5.5576824089362306e-05
-5.5046620073297241e-05
-5.4521280177374440e-05
-5.3986082267812701e-05
-5.3470268805475560e-05
-5.2922453056997462e-05
-5.2430195777574536e-05
-5.1854088874748925e-05
-5.1378404776958948e-05
-5.0802084381395784e-05
-5.0311695602255971e-05
-4.9763857598704729e-05
-4.9237542545093090e-05
-4.8727701619132682e-05
-4.8165110913184768e-05
-4.7683730486111721e-05
-4.7099675431998733e-05
-4.6607327356811610e-05
-4.6060005960086445e-05
-4.5533994628872773e-05
-4.5014755831893011e-05
-4.4459135912678433e-05
-4.3966065597353781e-05
-4.3382295051956174e-05
-4.2879445086057116e-05
-4.2332073046609743e-05
-4.1790380731761329e-05
-4.1279824459023380e-05
-4.0694901598430822e-05
-4.0183604529655005e-05
-3.9634570917381371e-05
-3.9081836352626505e-05
-3.8564735077684593e-05
-3.7972616593624616e-05
0.0000000000000000e+00
];
