%Vec Object:dSdr_b_aug_4220 1 MPI processes
%  type: seq
dSdr_b_aug_4220 = [
2.3466270352177248e+03
0.0000000000000000e+00
-1.0182159761606741e-06
-4.1995787767791089e-07
-2.6020168376859106e-07
-1.8448342257816952e-07
-1.3844854176674145e-07
-1.0999357124719695e-07
-9.0706306722068856e-08
-7.6172512097355803e-08
-6.5380172400616417e-08
-5.7107352460587045e-08
-5.0367988687482765e-08
-4.4907826592321297e-08
-4.0431325754621958e-08
-3.6656023234702260e-08
-3.3429521347781886e-08
-3.0676539286000581e-08
-2.8296118026623177e-08
-2.6343609739114285e-08
-6.0830563736921058e-06
-6.7274619618462345e-04
-6.8925220567076233e-04
-6.5071152222280861e-04
-6.0724571597298724e-04
-5.6530321204532018e-04
-5.2510881275626739e-04
-4.8452417553513337e-04
-4.4289605244357544e-04
-3.9842616309994046e-04
-3.5929659809588412e-04
-3.2169904151126941e-04
-2.8621368390324096e-04
-2.4879482845073839e-04
-2.1836163999426302e-04
-1.9187601296270272e-04
-1.6870974242025953e-04
-1.4683091033760790e-04
-1.3025940963587031e-04
-1.1768999992763965e-04
-1.0776400231561120e-04
-9.9760275780912626e-05
-9.4770134388395217e-05
-9.1723697387787590e-05
-9.0055453205126955e-05
-8.9655839586941035e-05
-9.0139729171407945e-05
-9.1145406798805561e-05
-9.2601238491337251e-05
-9.4566322390896940e-05
-9.6295140153545452e-05
-9.8108143713732161e-05
-9.9952711359488534e-05
-1.0172624230558827e-04
-1.0321067994616733e-04
-1.0453700123402268e-04
-1.0580707929243701e-04
-1.0682882032606089e-04
-1.0766422486134072e-04
-1.0833364286816931e-04
-1.0893239197490626e-04
-1.0932006209533525e-04
-1.0954498374829530e-04
-1.0971801465014572e-04
-1.0978983130487229e-04
-1.0972671880177954e-04
-1.0960084741226501e-04
-1.0941514248143957e-04
-1.0914072480751555e-04
-1.0880874839367271e-04
-1.0845650969983939e-04
-1.0805337935792783e-04
-1.0761633848875965e-04
-1.0711511498118621e-04
-1.0662382422877753e-04
-1.0610529847677672e-04
-1.0553948915527623e-04
-1.0499646009633985e-04
-1.0444295634336382e-04
-1.0381485400327237e-04
-1.0323328452380535e-04
-1.0264861473264869e-04
-1.0200655775799546e-04
-1.0141347004136992e-04
-1.0082420098073189e-04
-1.0013936746231573e-04
-9.9547064385361681e-05
-9.8935718564682393e-05
-9.8271654055793691e-05
-9.7680887925976031e-05
-9.7054161486862927e-05
-9.6394219448659018e-05
-9.5800340367188045e-05
-9.5153147205176788e-05
-9.4530179661520678e-05
-9.3946800462984577e-05
-9.3272619056397694e-05
-9.2679019366787916e-05
-9.2084131569775563e-05
-9.1399242957634612e-05
-9.0848050304949505e-05
-9.0223727550472173e-05
-8.9588353931903923e-05
-8.9036898997673429e-05
-8.8360431561610573e-05
-8.7791514027357612e-05
-8.7215869531011793e-05
-8.6563661444159947e-05
-8.6022252723669924e-05
-8.5393418081063734e-05
-8.4797330370400573e-05
-8.4250328212127454e-05
-8.3606074327012060e-05
-8.3069514621991912e-05
-8.2461804207799918e-05
-8.1887879748291791e-05
-8.1319479459468518e-05
-8.0716839831131983e-05
-8.0185701522438792e-05
-7.9560917146697351e-05
-7.9038209410747326e-05
-7.8452539361555107e-05
-7.7874268347171774e-05
-7.7360628020047009e-05
-7.6725988461373213e-05
-7.6236754421544367e-05
-7.5629627505689612e-05
-7.5104754028245663e-05
-7.4547261924085763e-05
-7.3988178875509535e-05
-7.3452778317470384e-05
-7.2886763469768627e-05
-7.2380271636607177e-05
-7.1782751063876075e-05
-7.1303647767928847e-05
-7.0707257477408940e-05
-7.0208175859254042e-05
-6.9651568674822741e-05
-6.9122468694865613e-05
-6.8594877314064712e-05
-6.8058979635464279e-05
-6.7539639511249584e-05
-6.7000093391381233e-05
-6.6491968101525890e-05
-6.5933075118270810e-05
-6.5458703493270713e-05
-6.4877781219835372e-05
-6.4418559250748432e-05
-6.3844210780589740e-05
-6.3379205008560466e-05
-6.2812046514162782e-05
-6.2347953193602992e-05
-6.1773783969423755e-05
-6.1326999343398359e-05
-6.0746283397384868e-05
-6.0301446277030458e-05
-5.9732969486915949e-05
-5.9278806045617517e-05
-5.8718968655438761e-05
-5.8259779222162691e-05
-5.7700793642908892e-05
-5.7250454553659370e-05
-5.6690488185950711e-05
-5.6231778097357471e-05
-5.5697673732317351e-05
-5.5213182376026060e-05
-5.4706582648282080e-05
-5.4202773244934513e-05
-5.3704742023974925e-05
-5.3196951343140743e-05
-5.2707755168677823e-05
-5.2188430004577771e-05
-5.1721911006933758e-05
-5.1175744498256898e-05
-5.0725266602354654e-05
-5.0178952180657305e-05
-4.9714668503832984e-05
-4.9195950369316141e-05
-4.8697321722609435e-05
-4.8215473701804533e-05
-4.7682235533817380e-05
-4.7227502881643161e-05
-4.6674730979257187e-05
-4.6208968101886764e-05
-4.5692159463846887e-05
-4.5194453989945234e-05
-4.4704126195733724e-05
-4.4179043173378933e-05
-4.3713523219041464e-05
-4.3162171695726793e-05
-4.2687481879445282e-05
-4.2170670109125305e-05
-4.1659533304774306e-05
-4.1177748117368539e-05
-4.0626065134084792e-05
-4.0143733803158995e-05
-3.9626027015031301e-05
-3.9105138824430730e-05
-3.8617056249053117e-05
-3.8058079087898218e-05
0.0000000000000000e+00
];
