%Vec Object:dSdr_b_aug_4950 1 MPI processes
%  type: seq
dSdr_b_aug_4950 = [
2.3346242162386320e+03
0.0000000000000000e+00
-9.3677376906140523e-07
-3.8551740391897207e-07
-2.3841469909556448e-07
-1.6860383027571588e-07
-1.2609513451065700e-07
-9.9821012478270783e-08
-8.2014763852792517e-08
-6.8620947614524239e-08
-5.8676958267658140e-08
-5.1054538188526315e-08
-4.4852482892701442e-08
-3.9829617174419840e-08
-3.5712007013988413e-08
-3.2241445457660322e-08
-2.9277533627637526e-08
-2.6748870714849907e-08
-2.4563390772775347e-08
-6.3150290539940490e-08
-2.9367179454009346e-04
-7.2076099677887394e-04
-6.8412399422579590e-04
-6.4527646087719390e-04
-6.0212736538661229e-04
-5.6049182523111910e-04
-5.2058547552024271e-04
-4.8028795168332045e-04
-4.3894908846569435e-04
-3.9478010545931696e-04
-3.5591384645577490e-04
-3.1856508226919882e-04
-2.8331140142940590e-04
-2.4613426720881433e-04
-2.1589644763273929e-04
-1.8957971201024633e-04
-1.6656071986880032e-04
-1.4482122399126320e-04
-1.2835535349836608e-04
-1.1586651633649481e-04
-1.0600585023931127e-04
-9.8056337894633942e-05
-9.3102108381151876e-05
-9.0080389224065486e-05
-8.8429014207553526e-05
-8.8039619607375365e-05
-8.8528557360525033e-05
-8.9536439335788457e-05
-9.0992085342953759e-05
-9.2955853700499460e-05
-9.4683724822962895e-05
-9.6495250201140151e-05
-9.8339041076403260e-05
-1.0011281105076918e-04
-1.0159825015219692e-04
-1.0292679273155881e-04
-1.0420065857486029e-04
-1.0522674876218188e-04
-1.0606722232723454e-04
-1.0674306007433482e-04
-1.0734933625506287e-04
-1.0774466428803748e-04
-1.0797810323321327e-04
-1.0816136557262254e-04
-1.0824255401884263e-04
-1.0818939224167034e-04
-1.0807455611449644e-04
-1.0790023072929219e-04
-1.0763685055709307e-04
-1.0731653791716955e-04
-1.0697672847601046e-04
-1.0658508074883798e-04
-1.0615957311076278e-04
-1.0567201955435369e-04
-1.0519251260490776e-04
-1.0468569944512823e-04
-1.0413377401406332e-04
-1.0360246850223198e-04
-1.0306064408092072e-04
-1.0244676707077028e-04
-1.0187695506038838e-04
-1.0130417198608618e-04
-1.0067593825367371e-04
-1.0009454316139175e-04
-9.9517051150209518e-05
-9.8846168478584188e-05
-9.8265511001142505e-05
-9.7666092686202663e-05
-9.7015401675820133e-05
-9.6436087959631803e-05
-9.5821476732995477e-05
-9.5174591770983894e-05
-9.4592066624655613e-05
-9.3957327647066361e-05
-9.3346612280507460e-05
-9.2774392167965328e-05
-9.2113069714777398e-05
-9.1531232434213046e-05
-9.0947532981288873e-05
-9.0275744346556965e-05
-8.9735580400628228e-05
-8.9122861006626786e-05
-8.8499821199684338e-05
-8.7959245175997779e-05
-8.7295353151745691e-05
-8.6737695657754756e-05
-8.6173179796017596e-05
-8.5533316744925084e-05
-8.5002584131913938e-05
-8.4385876367113982e-05
-8.3801203840418292e-05
-8.3264932031933397e-05
-8.2633189282233191e-05
-8.2106963801278318e-05
-8.1511231321879064e-05
-8.0948396334418760e-05
-8.0390998210567476e-05
-7.9800258167573489e-05
-7.9279474406399945e-05
-7.8666815069951780e-05
-7.8154678669907894e-05
-7.7580262466713903e-05
-7.7013396450046826e-05
-7.6510295555959112e-05
-7.5887703222984564e-05
-7.5408579105840329e-05
-7.4813455691309777e-05
-7.4298836974665165e-05
-7.3752925002576212e-05
-7.3204769924919852e-05
-7.2680176305954986e-05
-7.2125707738117519e-05
-7.1629375372788057e-05
-7.1043996233120484e-05
-7.0574775815367046e-05
-6.9990425349535527e-05
-6.9501633292508926e-05
-6.8956445866778619e-05
-6.8438144557464873e-05
-6.7921535316804084e-05
-6.7396762624237215e-05
-6.6888071602152891e-05
-6.6360029411966360e-05
-6.5862347903997224e-05
-6.5315155938479408e-05
-6.4851097872446441e-05
-6.4281995032608571e-05
-6.3832987876786865e-05
-6.3270585248341443e-05
-6.2815533751495897e-05
-6.2260740660867765e-05
-6.1806514146954812e-05
-6.1244768692134371e-05
-6.0807810391182615e-05
-6.0239597616798811e-05
-5.9804658498476876e-05
-5.9248561473439932e-05
-5.8804413118998335e-05
-5.8256951152428194e-05
-5.7808014199612202e-05
-5.7261287707305902e-05
-5.6821427636264978e-05
-5.6273567213413548e-05
-5.5825523637426749e-05
-5.5303485839186111e-05
-5.4829866503949667e-05
-5.4335160767914430e-05
-5.3842616632534019e-05
-5.3356240801737059e-05
-5.2860147571632660e-05
-5.2382311696339821e-05
-5.1875146356302119e-05
-5.1419612489165055e-05
-5.0886224579671449e-05
-5.0446504712638292e-05
-4.9912996869752929e-05
-4.9459854863390480e-05
-4.8953565102447824e-05
-4.8466753015289134e-05
-4.7996852358382117e-05
-4.7476141836587618e-05
-4.7032782416424523e-05
-4.6493362118582485e-05
-4.6038945724873748e-05
-4.5535159836019078e-05
-4.5049535164659490e-05
-4.4571546405689823e-05
-4.4059496294521863e-05
-4.3605734511425091e-05
-4.3068219006090100e-05
-4.2605547357504932e-05
-4.2101777906474942e-05
-4.1603681048915432e-05
-4.1134173665571916e-05
-4.0596674838972324e-05
-4.0126701713118081e-05
-3.9622357175561765e-05
-3.9115043717856823e-05
-3.8639297225426055e-05
-3.8094201736918625e-05
0.0000000000000000e+00
];
