%Vec Object:dSdr_b_aug_3020 1 MPI processes
%  type: seq
dSdr_b_aug_3020 = [
2.3762627226653926e+03
0.0000000000000000e+00
-1.2457107328170634e-06
-5.1137595620057307e-07
-3.1490712668740240e-07
-2.2220030461858388e-07
-1.6630025258794229e-07
-1.3176179475727330e-07
-1.0835431361062873e-07
-9.0708302618729064e-08
-7.7608472563777580e-08
-6.7568410401152413e-08
-5.9393880820256268e-08
-5.2772986473940478e-08
-4.7345687311401064e-08
-4.2770606224454883e-08
-3.8862739532721382e-08
-3.5528875475563832e-08
-3.2646823891204400e-08
-3.0104981505786634e-08
-2.7887710864442616e-08
-2.3327587097652471e-07
-3.1537263612673111e-04
-6.5713489715538934e-04
-6.1733177780128263e-04
-5.7487477861326833e-04
-5.3411006445361862e-04
-4.9295419069789452e-04
-4.5075045096750491e-04
-4.0568176278296285e-04
-3.6602822265785771e-04
-3.2793557276239384e-04
-2.9198918168657181e-04
-2.5408930438741321e-04
-2.2326733461066123e-04
-1.9644561604661629e-04
-1.7298626354470732e-04
-1.5083015433705758e-04
-1.3404845098650997e-04
-1.2131870304445286e-04
-1.1126269665065080e-04
-1.0315108466586957e-04
-9.8089479198725774e-05
-9.4993854118776956e-05
-9.3292040629166387e-05
-9.2872091418869383e-05
-9.3345935333851395e-05
-9.4347226454625732e-05
-9.5803427771782166e-05
-9.7771129693250615e-05
-9.9501831357546859e-05
-1.0131777657473078e-04
-1.0316389007255173e-04
-1.0493694543921750e-04
-1.0641939037981896e-04
-1.0774129161881679e-04
-1.0900383231032125e-04
-1.1001691884254281e-04
-1.1084223631781778e-04
-1.1149887926874953e-04
-1.1208264953210027e-04
-1.1245508044620240e-04
-1.1266305274267358e-04
-1.1281572316727632e-04
-1.1286889003133854e-04
-1.1278597566893551e-04
-1.1263814421129658e-04
-1.1242979409653125e-04
-1.1213341190328941e-04
-1.1177822471029106e-04
-1.1140125200736669e-04
-1.1097527145100299e-04
-1.1051527964056531e-04
-1.0998685314863822e-04
-1.0947211281888623e-04
-1.0893027919700870e-04
-1.0833684115279749e-04
-1.0777048242259007e-04
-1.0719373698576121e-04
-1.0653732646125268e-04
-1.0593235980449111e-04
-1.0532403563427957e-04
-1.0465447062236679e-04
-1.0403811476700885e-04
-1.0342540956246479e-04
-1.0271281407413379e-04
-1.0209733643595900e-04
-1.0146225506425316e-04
-1.0077157749912930e-04
-1.0015802124406233e-04
-9.9507185719153185e-05
-9.8821260299577650e-05
-9.8204787062674187e-05
-9.7532810264591087e-05
-9.6885461076332881e-05
-9.6279875468506870e-05
-9.5580104940539375e-05
-9.4963098236985880e-05
-9.4345945806681569e-05
-9.3634988438125164e-05
-9.3061848827840490e-05
-9.2414435552405665e-05
-9.1754517815071789e-05
-9.1181413994227686e-05
-9.0479921657775909e-05
-8.9888596793579172e-05
-8.9290806462314064e-05
-8.8614031919196035e-05
-8.8051377885645560e-05
-8.7398410917331268e-05
-8.6779607141148789e-05
-8.6211251727290236e-05
-8.5542100848111914e-05
-8.4984976171123859e-05
-8.4353429823689563e-05
-8.3757437458604231e-05
-8.3167143003573310e-05
-8.2540823354839961e-05
-8.1989079628423163e-05
-8.1340166580957894e-05
-8.0796422020458066e-05
-8.0188356960575463e-05
-7.9587390145239827e-05
-7.9052776478002407e-05
-7.8394163092249499e-05
-7.7884810430405675e-05
-7.7253796697025870e-05
-7.6708516370025025e-05
-7.6127979945698316e-05
-7.5547150367268482e-05
-7.4990244130217884e-05
-7.4401252324873677e-05
-7.3874543269270937e-05
-7.3252861390262107e-05
-7.2754091279240312e-05
-7.2133741879256238e-05
-7.1614184150271227e-05
-7.1034851776363673e-05
-7.0484262561919050e-05
-6.9934816843521491e-05
-6.9376780564331115e-05
-6.8836248839999783e-05
-6.8273810023618373e-05
-6.7744901714343391e-05
-6.7162723827909711e-05
-6.6667828321312301e-05
-6.6063385493918546e-05
-6.5583836141037592e-05
-6.4985715561402939e-05
-6.4500900866838656e-05
-6.3909135334612753e-05
-6.3425407146223796e-05
-6.2826514730293082e-05
-6.2360175786934047e-05
-6.1754578631400869e-05
-6.1290044548846468e-05
-6.0696932116948002e-05
-6.0222838705770768e-05
-5.9638374302026989e-05
-5.9158782476693193e-05
-5.8575401378438747e-05
-5.8104209075771451e-05
-5.7520151923068240e-05
-5.7040215491862469e-05
-5.6482098684320182e-05
-5.5975972003926984e-05
-5.5445703231951324e-05
-5.4919475921166355e-05
-5.4398250439514392e-05
-5.3867181779646760e-05
-5.3355378533156460e-05
-5.2811855229973442e-05
-5.2323475692298073e-05
-5.1751879633470833e-05
-5.1279993063132731e-05
-5.0708193337648350e-05
-5.0221737458854744e-05
-4.9678286544779320e-05
-4.9156142557087711e-05
-4.8650518822634441e-05
-4.8092350093048084e-05
-4.7614984044955474e-05
-4.7035641671751798e-05
-4.6547298330239866e-05
-4.6004573274235139e-05
-4.5482825585892635e-05
-4.4967941367146769e-05
-4.4416920675532289e-05
-4.3927999196867812e-05
-4.3349110447950835e-05
-4.2850499801005085e-05
-4.2307727507135080e-05
-4.1770632422805336e-05
-4.1264401666831065e-05
-4.0684472695516720e-05
-4.0177516488525232e-05
-3.9633160363554045e-05
-3.9085133521266745e-05
-3.8572149686185521e-05
-3.7983667870017799e-05
0.0000000000000000e+00
];
