%Vec Object:dSdr_b_aug_6660 1 MPI processes
%  type: seq
dSdr_b_aug_6660 = [
2.3062996558969298e+03
0.0000000000000000e+00
-7.7758930098080340e-07
-3.2096455590328169e-07
-1.9931462979385541e-07
-1.4137416484698688e-07
-1.0585842776491482e-07
-8.3899862219781643e-08
-6.9017448040019579e-08
-5.7832124239339308e-08
-4.9526529252585658e-08
-4.3159321961324171e-08
-3.7978175196834658e-08
-3.3781641608141591e-08
-3.0341185391565090e-08
-2.7440879329513996e-08
-2.4963466774156422e-08
-2.2851751610894110e-08
-3.9065463355540664e-07
-6.0046183267087718e-04
-7.5042188143794632e-04
-7.1202328648665655e-04
-6.7355241250693790e-04
-6.3522363602480148e-04
-5.9267853050739303e-04
-5.5161010207084951e-04
-5.1223550000277008e-04
-4.7246798152609138e-04
-4.3166308548772231e-04
-3.8804956877123612e-04
-3.4966936668159100e-04
-3.1277986764357603e-04
-2.7795385689883661e-04
-2.4122293467114707e-04
-2.1134576168028565e-04
-1.8534079582853934e-04
-1.6259367633543619e-04
-1.4111139201431261e-04
-1.2484051253873406e-04
-1.1250041048594448e-04
-1.0276034487814477e-04
-9.4910910676451686e-05
-9.0022973612509434e-05
-8.7046882958883261e-05
-8.5426648102562047e-05
-8.5056117609001646e-05
-8.5554374177752680e-05
-8.6566325327567224e-05
-8.8021628551148605e-05
-8.9982968426106864e-05
-9.1709092054698553e-05
-9.3517888723018726e-05
-9.5360245678403546e-05
-9.7134456875639530e-05
-9.8621744469853633e-05
-9.9954387177980580e-05
-1.0123524488195693e-04
-1.0226936322552566e-04
-1.0311919383971926e-04
-1.0380688208691409e-04
-1.0442705301639236e-04
-1.0483651732738775e-04
-1.0508567894982471e-04
-1.0528782824259796e-04
-1.0538631675781193e-04
-1.0535152375243289e-04
-1.0525705842883080e-04
-1.0510373938820560e-04
-1.0486073415755504e-04
-1.0456195254520663e-04
-1.0424508718937223e-04
-1.0387463607708750e-04
-1.0347041849192335e-04
-1.0300809932646020e-04
-1.0255034498226769e-04
-1.0206515297552241e-04
-1.0153885686570753e-04
-1.0102919273128649e-04
-1.0050892806761254e-04
-9.9921310671025520e-05
-9.9373202659798474e-05
-9.8822362173832981e-05
-9.8219645812451194e-05
-9.7659835019513693e-05
-9.7104083155107377e-05
-9.6458953411574492e-05
-9.5899793428404762e-05
-9.5322393000900736e-05
-9.4696389148337621e-05
-9.4138216311253928e-05
-9.3545969475895274e-05
-9.2923187564650272e-05
-9.2361621509698421e-05
-9.1749872659189883e-05
-9.1161774519121097e-05
-9.0610153812018448e-05
-8.9972568681456660e-05
-8.9412444527628768e-05
-8.8849398490989110e-05
-8.8201792104717407e-05
-8.7681986888634225e-05
-8.7090687034689645e-05
-8.6490415176267301e-05
-8.5969921386813556e-05
-8.5329243300329518e-05
-8.4792371598153897e-05
-8.4248398956723191e-05
-8.3631324575483799e-05
-8.3120299828655058e-05
-8.2525978019771696e-05
-8.1962377678682571e-05
-8.1445913867689372e-05
-8.0837266406098799e-05
-8.0330117684526483e-05
-7.9756496217847398e-05
-7.9214132161488707e-05
-7.8677043802346345e-05
-7.8108270142375027e-05
-7.7606600659843440e-05
-7.7016323890605819e-05
-7.6523701956804612e-05
-7.5970060118987824e-05
-7.5424247490921028e-05
-7.4940602173119078e-05
-7.4340248768863036e-05
-7.3879787363117984e-05
-7.3306822164582962e-05
-7.2811133529176788e-05
-7.2286598244555367e-05
-7.1758615980752055e-05
-7.1253971754509912e-05
-7.0720817386921197e-05
-7.0243239199133602e-05
-6.9680272901614078e-05
-6.9229296085449965e-05
-6.8667170897622305e-05
-6.8197373172518370e-05
-6.7673266399690882e-05
-6.7174899230262359e-05
-6.6678562811614127e-05
-6.6174326633235359e-05
-6.5685293656231797e-05
-6.5178487505459333e-05
-6.4700085030073532e-05
-6.4174492928756433e-05
-6.3729473511034513e-05
-6.3182189133784202e-05
-6.2752038349120386e-05
-6.2211687535471783e-05
-6.1775011468698872e-05
-6.1243044701390209e-05
-6.0807032159637342e-05
-6.0268220777594421e-05
-5.9849401728642406e-05
-5.9304269611020589e-05
-5.8887602068286801e-05
-5.8354357904704860e-05
-5.7928697273312099e-05
-5.7404080166174651e-05
-5.6974069173032150e-05
-5.6449972800250369e-05
-5.6029456888188044e-05
-5.5503943906005536e-05
-5.5075590618999275e-05
-5.4575827591335223e-05
-5.4122277933564599e-05
-5.3649528424032871e-05
-5.3177779920908817e-05
-5.2712919896095616e-05
-5.2238420134714179e-05
-5.1781555375274697e-05
-5.1296837081890625e-05
-5.0861581829682069e-05
-5.0351783273659555e-05
-4.9931922865208447e-05
-4.9422056105716388e-05
-4.8989481844249045e-05
-4.8506135114169920e-05
-4.8041136729869996e-05
-4.7593291316663490e-05
-4.7095707327692100e-05
-4.6673343526261208e-05
-4.6158571029952260e-05
-4.5725101194362806e-05
-4.5245356435033396e-05
-4.4782034353225823e-05
-4.4326825226087079e-05
-4.3838836093834306e-05
-4.3406782749447389e-05
-4.2894812203566074e-05
-4.2454330963148675e-05
-4.1974644213928847e-05
-4.1500628282141718e-05
-4.1053799060762424e-05
-4.0542504610680334e-05
-4.0095378270527248e-05
-3.9615761552097513e-05
-3.9133637431446920e-05
-3.8681030407357524e-05
-3.8163513502256138e-05
0.0000000000000000e+00
];
