%Vec Object:dSdr_b_aug_9500 1 MPI processes
%  type: seq
dSdr_b_aug_9500 = [
2.2759677200994570e+03
0.0000000000000000e+00
-6.4155849678039785e-07
-2.6588917893019034e-07
-1.6596842092670281e-07
-1.1820708681766661e-07
-8.8727371845676709e-08
-7.0493466844755770e-08
-5.8133547661095657e-08
-4.8847672254333398e-08
-4.1950635252648622e-08
-3.6662327451196401e-08
-3.2357034955932017e-08
-2.8868876388952985e-08
-2.6008676745591005e-08
-2.3596488063676511e-08
-2.1549129872039062e-08
-5.7953113700500128e-06
-7.9912168894738218e-04
-7.7841549170254930e-04
-7.3658307091369697e-04
-6.9802489747272775e-04
-6.6025175213365770e-04
-6.2261251367468095e-04
-5.8082577803626701e-04
-5.4046875928783899e-04
-5.0176118859906603e-04
-4.6265851541466485e-04
-4.2252343441092141e-04
-3.7960670149357330e-04
-3.4183621521984150e-04
-3.0552282408189980e-04
-2.7123328801528606e-04
-2.3506209967080521e-04
-2.0563732634826677e-04
-1.8002344879533327e-04
-1.5761737010973694e-04
-1.3645773552856119e-04
-1.2043145552958970e-04
-1.0827792891663016e-04
-9.8689146286294821e-05
-9.0965251542237175e-05
-8.6160472682756531e-05
-8.3241619040338980e-05
-8.1660446451977141e-05
-8.1313578994040496e-05
-8.1823524875757094e-05
-8.2840580139131721e-05
-8.4295453078341831e-05
-8.6253746357366632e-05
-8.7977677653241140e-05
-8.9783051156540393e-05
-9.1623609163164329e-05
-9.3398373629552037e-05
-9.4887979879037409e-05
-9.6225765799152750e-05
-9.7515394142033780e-05
-9.8559583069666960e-05
-9.9421151250038694e-05
-1.0012370488157371e-04
-1.0076130552798873e-04
-1.0118850253526669e-04
-1.0145738685467572e-04
-1.0168322815267761e-04
-1.0180341806715324e-04
-1.0179166705645512e-04
-1.0172275510199035e-04
-1.0159578666198964e-04
-1.0137833999319896e-04
-1.0110656715217069e-04
-1.0081848312553801e-04
-1.0047462129462142e-04
-1.0009711020133298e-04
-9.9666445354734771e-05
-9.9235977734982489e-05
-9.8777907557943856e-05
-9.8283761174047587e-05
-9.7801244239980611e-05
-9.7308024392223048e-05
-9.6753347369418942e-05
-9.6232465113184454e-05
-9.5709149671862701e-05
-9.5138442607084023e-05
-9.4605707417272689e-05
-9.4077226653222680e-05
-9.3464401692952066e-05
-9.2932208424440505e-05
-9.2382427499400921e-05
-9.1787391515393016e-05
-9.1255738051186321e-05
-9.0691545377718114e-05
-9.0098998624575207e-05
-8.9563723906354711e-05
-8.8980814149177293e-05
-8.8421087331343016e-05
-8.7895306767023701e-05
-8.7287498021577245e-05
-8.6754611076609510e-05
-8.6217472935124620e-05
-8.5600201054894190e-05
-8.5105934075885317e-05
-8.4541503157439612e-05
-8.3969791699633906e-05
-8.3474489317667704e-05
-8.2862931086585199e-05
-8.2352133343419897e-05
-8.1833930376543982e-05
-8.1245442389725342e-05
-8.0759139439112889e-05
-8.0192898855563095e-05
-7.9655731730217199e-05
-7.9164115321888760e-05
-7.8584438881258001e-05
-7.8101220288536425e-05
-7.7555335155864513e-05
-7.7038650095022875e-05
-7.6527038562543872e-05
-7.5985819811862546e-05
-7.5508127523803443e-05
-7.4945927731008343e-05
-7.4477784992411418e-05
-7.3950202783150049e-05
-7.3430799794076907e-05
-7.2971559799916603e-05
-7.2399103191548686e-05
-7.1962052530412705e-05
-7.1416882881264809e-05
-7.0944940383252202e-05
-7.0447220289479839e-05
-6.9944543063026751e-05
-6.9464923612148945e-05
-6.8958506051834348e-05
-6.8504453347539000e-05
-6.7969602008181992e-05
-6.7541510203530760e-05
-6.7007264692083644e-05
-6.6561293704864237e-05
-6.6063630777502599e-05
-6.5590269253929605e-05
-6.5119363328765875e-05
-6.4640888423274527e-05
-6.4176514757333252e-05
-6.3696347373971217e-05
-6.3242128773085933e-05
-6.2743631827123558e-05
-6.2322494744451642e-05
-6.1802579737039789e-05
-6.1396082638543598e-05
-6.0883393916687660e-05
-6.0469768239910306e-05
-5.9966435119710134e-05
-5.9553270435635810e-05
-5.9043227865794874e-05
-5.8647162947442509e-05
-5.8130983522019869e-05
-5.7737236101597847e-05
-5.7232658884644283e-05
-5.6830189517672243e-05
-5.6334229323652840e-05
-5.5927959329061633e-05
-5.5432250502209898e-05
-5.5036000188601047e-05
-5.4538520162815624e-05
-5.4134866670830697e-05
-5.3663045448548480e-05
-5.3234671503953271e-05
-5.2789464223028296e-05
-5.2343802090114389e-05
-5.1905931836171205e-05
-5.1458519273630762e-05
-5.1027961033193812e-05
-5.0571400693571599e-05
-5.0161583296374258e-05
-4.9681375639070482e-05
-4.9286427313926670e-05
-4.8806216371039161e-05
-4.8399442707381423e-05
-4.7944876183882386e-05
-4.7507241385648135e-05
-4.7087062576780561e-05
-4.6618489064409792e-05
-4.6222462730687588e-05
-4.5738609095949128e-05
-4.5331415290980461e-05
-4.4881828504602346e-05
-4.4446483639607462e-05
-4.4019850252124336e-05
-4.3562044350365903e-05
-4.3157223377193655e-05
-4.2677298061793683e-05
-4.2264654437306458e-05
-4.1815179579840492e-05
-4.1371374149204532e-05
-4.0952997109921957e-05
-4.0474580442174467e-05
-4.0056124237610905e-05
-3.9607545972386911e-05
-3.9157061055660349e-05
-3.8733596050340015e-05
-3.8251284108138935e-05
0.0000000000000000e+00
];
