%Vec Object:dSdr_b_aug_5660 1 MPI processes
%  type: seq
dSdr_b_aug_5660 = [
2.3221950509178650e+03
0.0000000000000000e+00
-8.6477570083667925e-07
-3.5737030511757937e-07
-2.2207554839493788e-07
-1.5774633532674260e-07
-1.1841210405980529e-07
-9.4092918428496843e-08
-7.7608456664183074e-08
-6.5199336105593021e-08
-5.5983812863052564e-08
-4.8918987132022488e-08
-4.3164680474271297e-08
-3.8502467706643208e-08
-3.4679919612850295e-08
-3.1456018021138838e-08
-2.8700653615075769e-08
-2.6349539859192151e-08
-2.4479150128211299e-08
-1.2655915055044710e-05
-7.3581588852141640e-04
-7.1800343153689697e-04
-6.7940547498546156e-04
-6.4077553966540124e-04
-5.9789661324370364e-04
-5.5651499332527092e-04
-5.1684673587153033e-04
-4.7678652439276672e-04
-4.3568674747364718e-04
-3.9176647710574287e-04
-3.5311785236604939e-04
-3.1597472631032716e-04
-2.8091253677201103e-04
-2.4393519609000724e-04
-2.1385885773472340e-04
-1.8768171850986376e-04
-1.6478445864317299e-04
-1.4316013047572035e-04
-1.2678156814385422e-04
-1.1435932783277541e-04
-1.0455266117146920e-04
-9.6647959280053529e-05
-9.1723412502116221e-05
-8.8722123685111464e-05
-8.7084691709427077e-05
-8.6703743490632477e-05
-8.7196853680091959e-05
-8.8206557545938470e-05
-8.9662049974338913e-05
-9.1624730888193489e-05
-9.3351819610495041e-05
-9.5162123240296557e-05
-9.7005272112411919e-05
-9.8779239684825099e-05
-1.0026550646135184e-04
-1.0159588486626932e-04
-1.0287288132334457e-04
-1.0390256613267922e-04
-1.0474722933942270e-04
-1.0542837318412619e-04
-1.0604087078547767e-04
-1.0644252838626451e-04
-1.0668300721817423e-04
-1.0687472626453407e-04
-1.0696366088364665e-04
-1.0691872379699778e-04
-1.0681300878009703e-04
-1.0664808907220293e-04
-1.0639383186433215e-04
-1.0608315983222032e-04
-1.0575362370250948e-04
-1.0537146684920528e-04
-1.0495549192273886e-04
-1.0447923717413783e-04
-1.0400947004700188e-04
-1.0351233785153164e-04
-1.0297188806117099e-04
-1.0245027256979749e-04
-1.0191810162357209e-04
-1.0131598247130509e-04
-1.0075588852130801e-04
-1.0019293033704433e-04
-9.9576122120618315e-05
-9.9004391493215412e-05
-9.8436633728497756e-05
-9.7777282045248074e-05
-9.7206250165839193e-05
-9.6616690457582152e-05
-9.5977053232392730e-05
-9.5407205438586231e-05
-9.4802607967809510e-05
-9.4166515254747810e-05
-9.3593374634910940e-05
-9.2968929589737646e-05
-9.2368341187675667e-05
-9.1805344550917968e-05
-9.1154650590809783e-05
-9.0582535460150850e-05
-9.0008083666957283e-05
-8.9347122743234573e-05
-8.8816074509938582e-05
-8.8212945815474024e-05
-8.7600100468370238e-05
-8.7068516363414687e-05
-8.6415018493064466e-05
-8.5866667939245506e-05
-8.5311350405300381e-05
-8.4681691092756126e-05
-8.4159782774028070e-05
-8.3553098430960571e-05
-8.2977861079307983e-05
-8.2450458399804780e-05
-8.1829056679135593e-05
-8.1311372912194879e-05
-8.0725540748183749e-05
-8.0171871722030242e-05
-7.9623567396676606e-05
-7.9042662910994401e-05
-7.8530437664168357e-05
-7.7927800233918058e-05
-7.7424401534497813e-05
-7.6859287157993121e-05
-7.6301847902188877e-05
-7.5807458341162686e-05
-7.5194823600830831e-05
-7.4724055808270031e-05
-7.4138853847387286e-05
-7.3632711172115449e-05
-7.3096370721123145e-05
-7.2557248124892869e-05
-7.2041586949787192e-05
-7.1496661925200383e-05
-7.1008726841265745e-05
-7.0433383167785039e-05
-6.9972331419422708e-05
-6.9397932437964893e-05
-6.8917645194317044e-05
-6.8381896742627143e-05
-6.7872521051270005e-05
-6.7364989075632107e-05
-6.6849411718142784e-05
-6.6349522693105159e-05
-6.5830989055032697e-05
-6.5341939840873146e-05
-6.4804419333329207e-05
-6.4348885929402838e-05
-6.3789552427865993e-05
-6.3348988320485785e-05
-6.2796459516866371e-05
-6.2349635727023916e-05
-6.1805063253264939e-05
-6.1358992155255201e-05
-6.0807515565370068e-05
-6.0378679226765852e-05
-5.9820800954162105e-05
-5.9394043049998646e-05
-5.8848178533930427e-05
-5.8412308178685712e-05
-5.7875075142396798e-05
-5.7434612415934072e-05
-5.6898018708288882e-05
-5.6466820119778984e-05
-5.5928965917064835e-05
-5.5489738811751276e-05
-5.4977674702542356e-05
-5.4513041719495911e-05
-5.4028167051821654e-05
-5.3544934328715668e-05
-5.3068192377276490e-05
-5.2581767807324864e-05
-5.2113321938207342e-05
-5.1616207468336776e-05
-5.1169753554999166e-05
-5.0646928010541936e-05
-5.0216100441943765e-05
-4.9693178154458938e-05
-4.9249245617490643e-05
-4.8753228892762497e-05
-4.8276184203395189e-05
-4.7816159123057651e-05
-4.7305803888050753e-05
-4.6871845666118443e-05
-4.6343461901753743e-05
-4.5898424850516495e-05
-4.5405403991491237e-05
-4.4929766006672870e-05
-4.4461977655928083e-05
-4.3960701847340478e-05
-4.3516661218711025e-05
-4.2990584992977013e-05
-4.2537851019106208e-05
-4.2044867140527338e-05
-4.1557555984504077e-05
-4.1098207678306645e-05
-4.0572449343620740e-05
-4.0112717989961652e-05
-3.9619467300653964e-05
-3.9123479063692339e-05
-3.8658224517211200e-05
-3.8126176022073416e-05
0.0000000000000000e+00
];
