%Vec Object:dSdr_b_aug_7060 1 MPI processes
%  type: seq
dSdr_b_aug_7060 = [
2.3015997375779316e+03
0.0000000000000000e+00
-7.5567480496834130e-07
-3.1263195404258115e-07
-1.9463435053318436e-07
-1.3839288315764796e-07
-1.0385675410743934e-07
-8.2500415944469967e-08
-6.8024339945053241e-08
-5.7137861863569397e-08
-4.9052766261171023e-08
-4.2854139555641764e-08
-3.7806834851940917e-08
-3.3717602739470685e-08
-3.0364754401833319e-08
-2.7537169315934830e-08
-2.5120711611931645e-08
-2.3077699760990824e-08
-3.3641660367812904e-06
-7.4456497809606212e-04
-7.4869252502917554e-04
-7.0980054359310002e-04
-6.7143625578736414e-04
-6.3321712818064399e-04
-5.9079268291730238e-04
-5.4983744423094409e-04
-5.1056897107438863e-04
-4.7090723369414651e-04
-4.3020890947333731e-04
-3.8670625548172443e-04
-3.4842306304770903e-04
-3.1162522643539902e-04
-2.7688457222127023e-04
-2.4024270721825528e-04
-2.1043751387914313e-04
-1.8449477260128790e-04
-1.6180191481630416e-04
-1.4037096607493908e-04
-1.2413900388741212e-04
-1.1182858713152612e-04
-1.0211259156878676e-04
-9.4283131485167973e-05
-8.9408425580536803e-05
-8.6441441829701726e-05
-8.4827422012478924e-05
-8.4460656439776317e-05
-8.4960772832802758e-05
-8.5973536059870523e-05
-8.7428770802927715e-05
-8.9389625925799656e-05
-9.1115400722825850e-05
-9.2923652727190526e-05
-9.4765723442853696e-05
-9.6540022654271180e-05
-9.8027679148147769e-05
-9.9361140161805352e-05
-1.0064339331865566e-04
-1.0167911394571532e-04
-1.0253081207149385e-04
-1.0322086548667878e-04
-1.0384380958628404e-04
-1.0425609527398475e-04
-1.0450839489546965e-04
-1.0471431372970349e-04
-1.0481625506868653e-04
-1.0478512818485097e-04
-1.0469472855858863e-04
-1.0454560206026698e-04
-1.0430666335377640e-04
-1.0401217900331741e-04
-1.0369989293489234e-04
-1.0333367234144853e-04
-1.0293370392427198e-04
-1.0247642115754914e-04
-1.0202300830035873e-04
-1.0154213154502345e-04
-1.0102095065683246e-04
-1.0051560581073405e-04
-9.9999644145399972e-05
-9.9417267767951137e-05
-9.8873491543888058e-05
-9.8327030464058328e-05
-9.7729406981854588e-05
-9.7173904086235753e-05
-9.6622491224065653e-05
-9.5982501373808143e-05
-9.5427631963372346e-05
-9.4854625971344241e-05
-9.4233549300636190e-05
-9.3679595861532230e-05
-9.3091812618971239e-05
-9.2473841310843197e-05
-9.1916458372159069e-05
-9.1309298002161863e-05
-9.0725713917330224e-05
-9.0178204538773088e-05
-8.9545357017934731e-05
-8.8989566474858921e-05
-8.8430642546771885e-05
-8.7787862570984533e-05
-8.7272120648562390e-05
-8.6685095812748144e-05
-8.6089368097233882e-05
-8.5572882422561155e-05
-8.4936837491933741e-05
-8.4404114324111932e-05
-8.3864241803572129e-05
-8.3251715701315344e-05
-8.2744624351425438e-05
-8.2154770446019550e-05
-8.1595375799653949e-05
-8.1082865370547838e-05
-8.0478827384812855e-05
-7.9975486101214517e-05
-7.9406277663974975e-05
-7.8867999301521241e-05
-7.8334964470056051e-05
-7.7770574973918177e-05
-7.7272720418192442e-05
-7.6686910877257915e-05
-7.6198183741999580e-05
-7.5648688159762564e-05
-7.5107077476311361e-05
-7.4627315203949803e-05
-7.4031400360670922e-05
-7.3574663756736149e-05
-7.3006121010478234e-05
-7.2514210540310870e-05
-7.1993941726928548e-05
-7.1469985659581599e-05
-7.0969323038458712e-05
-7.0440422671295651e-05
-6.9966587542156611e-05
-6.9408094518035200e-05
-6.8960758857693959e-05
-6.8403069508894926e-05
-6.7937062774676093e-05
-6.7417163391474702e-05
-6.6922774785223982e-05
-6.6430484525979654e-05
-6.5930347136404963e-05
-6.5445237619392527e-05
-6.4942669872999141e-05
-6.4468115213282701e-05
-6.3946834131308134e-05
-6.3505614553104107e-05
-6.2962684825363028e-05
-6.2536297501541820e-05
-6.2000347912263360e-05
-6.1567339319132811e-05
-6.1039928357813268e-05
-6.0607551066654390e-05
-6.0073316997536950e-05
-5.9658118287909155e-05
-5.9117592741143254e-05
-5.8704571949643197e-05
-5.8175888894685476e-05
-5.7753918156828115e-05
-5.7233860563930926e-05
-5.6807626932674970e-05
-5.6288047218517244e-05
-5.5871392138097141e-05
-5.5350339400055319e-05
-5.4925916031311799e-05
-5.4430598748501462e-05
-5.3981054734619137e-05
-5.3512687398933651e-05
-5.3045089435882268e-05
-5.2584523690712482e-05
-5.2114333713662020e-05
-5.1661654530919724e-05
-5.1181416393531244e-05
-5.0750208516602985e-05
-5.0245118117370293e-05
-4.9829221441811319e-05
-4.9324073181144464e-05
-4.8895604036139980e-05
-4.8416836507240760e-05
-4.7956191941873060e-05
-4.7512748572774658e-05
-4.7019780463220349e-05
-4.6601607266562099e-05
-4.6091754328921676e-05
-4.5662465375534398e-05
-4.5187519177012070e-05
-4.4728648729221014e-05
-4.4277986523208281e-05
-4.3794800151939763e-05
-4.3367080168502648e-05
-4.2860208883798462e-05
-4.2424157640442149e-05
-4.1949278940506822e-05
-4.1480071273012993e-05
-4.1037771250120673e-05
-4.0531711336750830e-05
-4.0089152269977784e-05
-3.9614484285288497e-05
-3.9137416165653149e-05
-3.8689507796578178e-05
-3.8177922474917929e-05
0.0000000000000000e+00
];
