%Vec Object:dSdr_b_aug_6710 1 MPI processes
%  type: seq
dSdr_b_aug_6710 = [
2.3054814579743947e+03
0.0000000000000000e+00
-7.7386539379872364e-07
-3.1961477801109175e-07
-1.9860380065990236e-07
-1.4095951600377324e-07
-1.0561162502178738e-07
-8.3756019249096973e-08
-6.8942926102637689e-08
-5.7807706693567402e-08
-4.9538968723003899e-08
-4.3199927754081189e-08
-3.8040776402870096e-08
-3.3861774071857037e-08
-3.0435614888984866e-08
-2.7547065817800956e-08
-2.5079390480213449e-08
-2.2976893544728844e-08
-5.6734150105920722e-07
-6.3509037463302148e-04
-7.5025270923478058e-04
-7.1175141576187767e-04
-6.7329320372421691e-04
-6.3497785308647711e-04
-5.9244752749682038e-04
-5.5139296400509759e-04
-5.1203136198163003e-04
-4.7227680094522154e-04
-4.3148495920557141e-04
-3.8788502239457044e-04
-3.4951670330668716e-04
-3.1263843227266120e-04
-2.7782287710435057e-04
-2.4110286376316604e-04
-2.1123450777557428e-04
-1.8523716399860481e-04
-1.6249669118520563e-04
-1.4102069511413116e-04
-1.2475458273434323e-04
-1.1241811692248617e-04
-1.0268099972626439e-04
-9.4834012209935368e-05
-8.9947695844711426e-05
-8.6972720747914605e-05
-8.5353247187852050e-05
-8.4983177867833183e-05
-8.5481662249051730e-05
-8.6493712869663826e-05
-8.7949007701934530e-05
-8.9910288195200544e-05
-9.1636369091731274e-05
-9.3445099040046235e-05
-9.5287420930736770e-05
-9.7061642906909456e-05
-9.8548975686748550e-05
-9.9881718629740148e-05
-1.0116274726518282e-04
-1.0219706187567640e-04
-1.0304712124543537e-04
-1.0373509920775762e-04
-1.0435560982984661e-04
-1.0476541973850142e-04
-1.0501496574270722e-04
-1.0521757677677533e-04
-1.0531648823768252e-04
-1.0528214430552867e-04
-1.0518817700042832e-04
-1.0503537151597415e-04
-1.0479286440519259e-04
-1.0449460917650466e-04
-1.0417830475052767e-04
-1.0380837184639747e-04
-1.0340467475381835e-04
-1.0294297251120398e-04
-1.0248574996808708e-04
-1.0200108654875947e-04
-1.0147541701711183e-04
-1.0096628196463938e-04
-1.0044654438752957e-04
-9.9859568978507031e-05
-9.9311991580279215e-05
-9.8761687540351310e-05
-9.8159595020456118e-05
-9.7600311914246670e-05
-9.7045091546715782e-05
-9.6400591403619882e-05
-9.5841956985097740e-05
-9.5265094844670898e-05
-9.4639694536909023e-05
-9.4082038546086175e-05
-9.3490338469128092e-05
-9.2868145822646688e-05
-9.2307092169719213e-05
-9.1695905375553210e-05
-9.1108360175201319e-05
-9.0557243076659923e-05
-8.9920238269716274e-05
-8.9360644952472909e-05
-8.8798103844895830e-05
-8.8151088659727621e-05
-8.7631781168310717e-05
-8.7041004974067418e-05
-8.6441289741513572e-05
-8.5921286918257497e-05
-8.5281176361143407e-05
-8.4744812825570876e-05
-8.4201342420476186e-05
-8.3584825171792147e-05
-8.3074282238780467e-05
-8.2480507717035836e-05
-8.1917422544359401e-05
-8.1401442995244751e-05
-8.0793360162457933e-05
-8.0286677825657971e-05
-7.9713596924479708e-05
-7.9171733337328652e-05
-7.8635141507293955e-05
-7.8066904877017995e-05
-7.7565702696662855e-05
-7.6975973131987658e-05
-7.6483828284122665e-05
-7.5930694333972574e-05
-7.5385396415109679e-05
-7.4902226743613667e-05
-7.4302417032464410e-05
-7.3842411889307291e-05
-7.3269988410705800e-05
-7.2774762574588279e-05
-7.2250749903343979e-05
-7.1723260820982709e-05
-7.1219104314046100e-05
-7.0686471032320482e-05
-7.0209351343646822e-05
-6.9646932991431499e-05
-6.9196402192055138e-05
-6.8634820364161335e-05
-6.8165487009627662e-05
-6.7641895613355016e-05
-6.7144015790870747e-05
-6.6648174999268565e-05
-6.6144440894707932e-05
-6.5655888515031441e-05
-6.5149601540111731e-05
-6.4671670396230802e-05
-6.4146606365677862e-05
-6.3702052402829086e-05
-6.3155301440862154e-05
-6.2725611655058179e-05
-6.2185799961925683e-05
-6.1749573136403647e-05
-6.1218164424909908e-05
-6.0782597177471788e-05
-6.0244346485884249e-05
-5.9825970904911160e-05
-5.9281403061841733e-05
-5.8865182222576478e-05
-5.8332496764989675e-05
-5.7907288121956719e-05
-5.7383229525808532e-05
-5.6953681235593206e-05
-5.6430138124626849e-05
-5.6010095140323239e-05
-5.5485128510005339e-05
-5.5057256613832619e-05
-5.4558038162455985e-05
-5.4104979171943901e-05
-5.3632766452290176e-05
-5.3161526365898122e-05
-5.2697192365294918e-05
-5.2223220527807310e-05
-5.1766868478197275e-05
-5.1282698979145114e-05
-5.0847939509269477e-05
-5.0338717677517910e-05
-4.9919342807387499e-05
-4.9410054040863591e-05
-4.8977982638375137e-05
-4.8495196840757401e-05
-4.8030731782739927e-05
-4.7583425604911667e-05
-4.7086407047004721e-05
-4.6664556586033934e-05
-4.6150386725465125e-05
-4.5717429046811021e-05
-4.5238272110927388e-05
-4.4775495362878305e-05
-4.4320843249736946e-05
-4.3833442481063507e-05
-4.3401920016207139e-05
-4.2890574187536050e-05
-4.2450635711523260e-05
-4.1971538076293972e-05
-4.1498111346263245e-05
-4.1051837240694197e-05
-4.0541184473804664e-05
-4.0094618391047237e-05
-3.9615609309016944e-05
-3.9134107604958149e-05
-3.8682084834694357e-05
-3.8165340832848040e-05
0.0000000000000000e+00
];
