%Vec Object:dSdr_b_aug_5060 1 MPI processes
%  type: seq
dSdr_b_aug_5060 = [
2.3311619274102691e+03
0.0000000000000000e+00
-9.1533994449842521e-07
-3.7679873239193992e-07
-2.3311877583271787e-07
-1.6490149071280849e-07
-1.2332995151832211e-07
-9.7634244779705843e-08
-8.0219970778989967e-08
-6.7122897741809017e-08
-5.7399110438717425e-08
-4.9945399144091560e-08
-4.3880777301360452e-08
-3.8969210024979866e-08
-3.4942816876592086e-08
-3.1549133654766228e-08
-2.8650872222367604e-08
-2.6178210975342751e-08
-2.4043169079735999e-08
-2.4245788812314470e-07
-4.7226564544843860e-04
-7.2078091562908695e-04
-6.8342239712735600e-04
-6.4460204702996399e-04
-6.0149334055656085e-04
-5.5989585086558657e-04
-5.2002518195149469e-04
-4.7976322210797553e-04
-4.3846018872930015e-04
-3.9432847817313081e-04
-3.5549483416970302e-04
-3.1817688722180805e-04
-2.8295190355459414e-04
-2.4580471068642829e-04
-2.1559109092294241e-04
-1.8929527542027100e-04
-1.6629452625380889e-04
-1.4457228957317982e-04
-1.2811950320682359e-04
-1.1564064634742153e-04
-1.0578807268733439e-04
-9.7845275707317988e-05
-9.2895494500932007e-05
-8.9876837076760343e-05
-8.8227551598888101e-05
-8.7839422801446940e-05
-8.8328985858608384e-05
-8.9337140881439627e-05
-9.0792763889176680e-05
-9.2756369295214611e-05
-9.4484123160716311e-05
-9.6295465441203291e-05
-9.8139160101373853e-05
-9.9912959704941739e-05
-1.0139852290368209e-04
-1.0272734061267685e-04
-1.0400167562402145e-04
-1.0502830451591343e-04
-1.0586940595486724e-04
-1.0654603888907164e-04
-1.0715324742839999e-04
-1.0754952402643846e-04
-1.0778401798570602e-04
-1.0796854766578891e-04
-1.0805089697062010e-04
-1.0799896776351613e-04
-1.0788549854423365e-04
-1.0771258271269549e-04
-1.0745056972593549e-04
-1.0713170184624795e-04
-1.0679343198315935e-04
-1.0640320657654941e-04
-1.0597912752857452e-04
-1.0549326723203954e-04
-1.0501521991050461e-04
-1.0450985755779588e-04
-1.0395965188686346e-04
-1.0342979853904209e-04
-1.0288942080502410e-04
-1.0227730584813313e-04
-1.0170895020359081e-04
-1.0113763950479015e-04
-1.0051111801992141e-04
-9.9931171261435144e-05
-9.9355138041564372e-05
-9.8685983423661930e-05
-9.8106768455106066e-05
-9.7508827567863659e-05
-9.6859793096725706e-05
-9.6281897959980822e-05
-9.5668787411850816e-05
-9.5023519794869380e-05
-9.4442401029347142e-05
-9.3809204717982877e-05
-9.3200006995504384e-05
-9.2629169128707049e-05
-9.1969439479263663e-05
-9.1389059176502296e-05
-9.0806745593477066e-05
-9.0136579617397392e-05
-8.9597781767560358e-05
-8.8986499650309359e-05
-8.8364987599098106e-05
-8.7825759116508009e-05
-8.7163424774439532e-05
-8.6607162030991563e-05
-8.6044024642751535e-05
-8.5405690737691287e-05
-8.4876280544977960e-05
-8.4261074903505068e-05
-8.3677816344438261e-05
-8.3142873675171405e-05
-8.2512680645812158e-05
-8.1987735237042160e-05
-8.1393486431772871e-05
-8.0832025067026215e-05
-8.0275989751305124e-05
-7.9686723677380142e-05
-7.9167222505762455e-05
-7.8556065064945983e-05
-7.8045238107497683e-05
-7.7472215887553527e-05
-7.6906762576945545e-05
-7.6404967173430586e-05
-7.5783867097450457e-05
-7.5305995268846489e-05
-7.4712358695287474e-05
-7.4199010207798256e-05
-7.3654532635109504e-05
-7.3107731175270547e-05
-7.2584476182307488e-05
-7.2031437820592364e-05
-7.1536363880740753e-05
-7.0952488667370384e-05
-7.0484492414443989e-05
-6.9901633288859660e-05
-6.9414115771580768e-05
-6.8870342880024798e-05
-6.8353379172465928e-05
-6.7838130259389385e-05
-6.7314735588264263e-05
-6.6807363641304649e-05
-6.6280746411284840e-05
-6.5784358545937439e-05
-6.5238615953268006e-05
-6.4775835399345473e-05
-6.4208196600295186e-05
-6.3760454725241632e-05
-6.3199531795253818e-05
-6.2745713307129424e-05
-6.2192451884825095e-05
-6.1739447544932794e-05
-6.1179240988139144e-05
-6.0743499846816198e-05
-6.0176835805647370e-05
-5.9743122725318671e-05
-5.9188559147454408e-05
-5.8745651333902802e-05
-5.8199722276610154e-05
-5.7752055269866543e-05
-5.7206847276391287e-05
-5.6768285211952420e-05
-5.6221924318495993e-05
-5.5775201973397107e-05
-5.5254658826735419e-05
-5.4782386177906776e-05
-5.4289153716923950e-05
-5.3798004978115619e-05
-5.3313072867074824e-05
-5.2818428566584735e-05
-5.2341999858715109e-05
-5.1836340720854637e-05
-5.1382167549485107e-05
-5.0850362487717539e-05
-5.0411975185504426e-05
-4.9880053655373916e-05
-4.9428291733720570e-05
-4.8923541437502809e-05
-4.8438193030719168e-05
-4.7969772255916639e-05
-4.7450613493441285e-05
-4.7008662837521938e-05
-4.6470896358429146e-05
-4.6017885413113999e-05
-4.5515712605345067e-05
-4.5031584336509169e-05
-4.4555123963775154e-05
-4.4044688183502847e-05
-4.3592382827766333e-05
-4.3056581120019525e-05
-4.2595398087107605e-05
-4.2093244096395974e-05
-4.1596762383603337e-05
-4.1128775705961057e-05
-4.0593033660350165e-05
-4.0124591030079842e-05
-3.9621901124853853e-05
-3.9116268035274317e-05
-3.8642046481685309e-05
-3.8098653929391383e-05
0.0000000000000000e+00
];
