%Vec Object:dSdr_b_aug_4160 1 MPI processes
%  type: seq
dSdr_b_aug_4160 = [
2.3476059712299848e+03
0.0000000000000000e+00
-1.0247223424116202e-06
-4.2252304565926473e-07
-2.6170506766696727e-07
-1.8549473930438546e-07
-1.3917481014991141e-07
-1.1054426326064140e-07
-9.1138254121868851e-08
-7.6515624125735021e-08
-6.5657544364073017e-08
-5.7334419366466840e-08
-5.0554531389578832e-08
-4.5061703927554366e-08
-4.0558486755752846e-08
-3.6760821816600536e-08
-3.3515381165493097e-08
-3.0746284227273929e-08
-2.8351984704630992e-08
-2.6334370245511158e-08
-3.9982440670749446e-06
-6.5254008896390217e-04
-6.8957169764949605e-04
-6.5120595835886880e-04
-6.0771376444527700e-04
-5.6574324734981723e-04
-5.2552250567756552e-04
-4.8491160985843045e-04
-4.4325703177971543e-04
-3.9875962228524595e-04
-3.5960597596424229e-04
-3.2198566543957557e-04
-2.8647911924383298e-04
-2.4903815655809129e-04
-2.1858710014122554e-04
-1.9208602671356902e-04
-1.6890628644720048e-04
-1.4701471101243423e-04
-1.3043354962843492e-04
-1.1785677095232408e-04
-1.0792479828124405e-04
-9.9916113451903142e-05
-9.4922687652467598e-05
-9.1873990026016577e-05
-9.0204203039661167e-05
-8.9803654825259209e-05
-9.0287082727154796e-05
-9.1292558760855801e-05
-9.2748407446143841e-05
-9.4713611672224670e-05
-9.6442516021569559e-05
-9.8255654781448978e-05
-1.0010029347699074e-04
-1.0187380256983736e-04
-1.0335814863164014e-04
-1.0468426678220028e-04
-1.0595399843464463e-04
-1.0697534171977582e-04
-1.0781028266757122e-04
-1.0847911352161690e-04
-1.0907717420826232e-04
-1.0946414395902614e-04
-1.0968828664528800e-04
-1.0986038180876537e-04
-1.0993134134599527e-04
-1.0986731877725085e-04
-1.0974043813294251e-04
-1.0955369245987494e-04
-1.0927826532602166e-04
-1.0894522217482153e-04
-1.0859184673472319e-04
-1.0818766622363117e-04
-1.0774957055589446e-04
-1.0724709683051995e-04
-1.0675472836269947e-04
-1.0623513140794994e-04
-1.0566805230207359e-04
-1.0512395103835227e-04
-1.0456937912434812e-04
-1.0393997577244181e-04
-1.0335733098559128e-04
-1.0277157406629757e-04
-1.0212825285363259e-04
-1.0153409576000033e-04
-1.0094374960099473e-04
-1.0025764017402520e-04
-9.9664272020701171e-05
-9.9051835341169701e-05
-9.8386547726444078e-05
-9.7794734188451929e-05
-9.7166899723180207e-05
-9.6505763518250738e-05
-9.5910846035101997e-05
-9.5262513845298122e-05
-9.4638425748917509e-05
-9.4054025969028608e-05
-9.3378668515396577e-05
-9.2783993065965570e-05
-9.2188082011656329e-05
-9.1501995308926874e-05
-9.0949793998962837e-05
-9.0324410029768857e-05
-8.9687908390262733e-05
-8.9135458496756030e-05
-8.8457840943519624e-05
-8.7887893592722760e-05
-8.7311231297866891e-05
-8.6657894163403267e-05
-8.6115509031341490e-05
-8.5485565293225450e-05
-8.4888433576809781e-05
-8.4340450045993347e-05
-8.3695051922018840e-05
-8.3157547073069737e-05
-8.2548741185162951e-05
-8.1973802508505174e-05
-8.1404395987392503e-05
-8.0800668050858080e-05
-8.0268582739270180e-05
-7.9642689435759995e-05
-7.9119014869900761e-05
-7.8532315570014713e-05
-7.7953001480945389e-05
-7.7438397241495801e-05
-7.6802655871390389e-05
-7.6312497201070785e-05
-7.5704272472588497e-05
-7.5178461117963533e-05
-7.4619909921361049e-05
-7.4059827425292606e-05
-7.3523438488967799e-05
-7.2956367644598302e-05
-7.2448946649088730e-05
-7.1850315648241904e-05
-7.1370308485979928e-05
-7.0772817059964303e-05
-7.0272794381040976e-05
-6.9715142770610227e-05
-6.9185055167703124e-05
-6.8656459384163767e-05
-6.8119544238318979e-05
-6.7599230169892654e-05
-6.7058631925228664e-05
-6.6549551468904209e-05
-6.5989588335268613e-05
-6.5514273453321059e-05
-6.4932270199036249e-05
-6.4472114003605102e-05
-6.3896672991152375e-05
-6.3430756820427096e-05
-6.2862467411095338e-05
-6.2397471690922655e-05
-6.1822166213169522e-05
-6.1374482889203259e-05
-6.0792623426933162e-05
-6.0346881052449376e-05
-5.9777272031662266e-05
-5.9322192626992257e-05
-5.8761223402190005e-05
-5.8301096292991650e-05
-5.7740989517733302e-05
-5.7289692032666638e-05
-5.6728618473451736e-05
-5.6268932839639271e-05
-5.5733724882776000e-05
-5.5248239183923424e-05
-5.4740551645497492e-05
-5.4235711931700670e-05
-5.3736614719257107e-05
-5.3227754198519112e-05
-5.2737519017424633e-05
-5.2217081721952920e-05
-5.1749558025328415e-05
-5.1202222788454570e-05
-5.0750760958020372e-05
-5.0203275242457780e-05
-4.9737972536422659e-05
-4.9218117688876340e-05
-4.8718408278524545e-05
-4.8235467524390582e-05
-4.7701083543392632e-05
-4.7245310648943234e-05
-4.6691317554440640e-05
-4.6224516854491670e-05
-4.5706517067959046e-05
-4.5207706570696479e-05
-4.4716250106179396e-05
-4.4189974913813747e-05
-4.3723379323169834e-05
-4.3170762055812017e-05
-4.2694972653309187e-05
-4.2176967483441875e-05
-4.1664637275511197e-05
-4.1181728036901155e-05
-4.0628746045758690e-05
-4.0145281590920709e-05
-3.9626347500642997e-05
-3.9104206665533276e-05
-3.8614964522904748e-05
-3.8054550863049090e-05
0.0000000000000000e+00
];
