%Vec Object:dSdr_b_aug_8750 1 MPI processes
%  type: seq
dSdr_b_aug_8750 = [
2.2816066490989529e+03
0.0000000000000000e+00
-6.6364426856220303e-07
-2.7451196340573944e-07
-1.7097944001823052e-07
-1.2152723739143935e-07
-9.1055820210984168e-08
-7.2211409114584498e-08
-5.9439100015537614e-08
-4.9847455077337925e-08
-4.2724415437690785e-08
-3.7263243219250173e-08
-3.2819550476018839e-08
-2.9220085853732588e-08
-2.6268927073798988e-08
-2.3780862662099968e-08
-2.1656218150674256e-08
-4.0547350584340659e-07
-6.7610138845888379e-04
-7.8166464038738966e-04
-7.4007833114171043e-04
-7.0134820921795760e-04
-6.6340751800048796e-04
-6.2560465078994947e-04
-5.8363798245288621e-04
-5.4311217339189199e-04
-5.0424634167791000e-04
-4.6498592614027310e-04
-4.2469192365016280e-04
-3.8160987058527248e-04
-3.4369472206691718e-04
-3.0724464255522927e-04
-2.7282782156106951e-04
-2.3652382976307857e-04
-2.0699171921646702e-04
-1.8128505104362413e-04
-1.5879805639790927e-04
-1.3756186942747421e-04
-1.2147755538374002e-04
-1.0927976161129617e-04
-9.9655085370945157e-05
-9.1901404968433963e-05
-8.7076895904365646e-05
-8.4144462161725081e-05
-8.2554021606659790e-05
-8.2201539833196653e-05
-8.2708712306808651e-05
-8.3724556577981945e-05
-8.5179531625787492e-05
-8.7138547763785995e-05
-8.8862999232904065e-05
-9.0669184937988503e-05
-9.2510169781003594e-05
-9.4284802991347915e-05
-9.5773859124958857e-05
-9.7110424768982409e-05
-9.8397972185353068e-05
-9.9439771758330265e-05
-1.0029855507219699e-04
-1.0099758172494494e-04
-1.0163104697405056e-04
-1.0205403669801729e-04
-1.0231824158254988e-04
-1.0253846168028500e-04
-1.0265350268878024e-04
-1.0263628469968547e-04
-1.0256130991343158e-04
-1.0242808948885527e-04
-1.0220457875569414e-04
-1.0192639777082007e-04
-1.0163148503997925e-04
-1.0128131459373120e-04
-1.0089746707535269e-04
-1.0045929187341078e-04
-1.0002235016126566e-04
-9.9557845014891077e-05
-9.9056070734068147e-05
-9.8567112810921581e-05
-9.8067476265883077e-05
-9.7504983755299302e-05
-9.6977641871632671e-05
-9.6447795792809586e-05
-9.5869494148950274e-05
-9.5330334956733503e-05
-9.4795383806187166e-05
-9.4174894158896810e-05
-9.3636302722826484e-05
-9.3079968748561995e-05
-9.2477585276054620e-05
-9.1939639781173584e-05
-9.1368790930228779e-05
-9.0769070532573134e-05
-9.0227557887755065e-05
-8.9637805718732167e-05
-8.9071347473186212e-05
-8.8539436033185307e-05
-8.7924562492238301e-05
-8.7385213201160656e-05
-8.6841928108812505e-05
-8.6217459012203563e-05
-8.5717132787991980e-05
-8.5146326898871404e-05
-8.4567839148821765e-05
-8.4066559807806913e-05
-8.3448092547157605e-05
-8.2931108449119703e-05
-8.2406791322395153e-05
-8.1811520875761149e-05
-8.1319352386661177e-05
-8.0746449200506343e-05
-8.0203010482149699e-05
-7.9705498733568356e-05
-7.9118948575690405e-05
-7.8630052276578544e-05
-7.8077586370539273e-05
-7.7554808664002253e-05
-7.7037152452705111e-05
-7.6489395973591148e-05
-7.6006014811934669e-05
-7.5437153423974130e-05
-7.4963202706062676e-05
-7.4429437540972178e-05
-7.3903768551903868e-05
-7.3438738105063489e-05
-7.2859662651022854e-05
-7.2417057512578800e-05
-7.1865293039487645e-05
-7.1387716488038007e-05
-7.0883634171714076e-05
-7.0374953024236311e-05
-6.9889396147663672e-05
-6.9376634961817440e-05
-6.8917000556183847e-05
-6.8375478608467510e-05
-6.7941957061694156e-05
-6.7401096764926611e-05
-6.6949472599569951e-05
-6.6445535554305918e-05
-6.5966241142403868e-05
-6.5489301528613055e-05
-6.5004714452957031e-05
-6.4534490070015103e-05
-6.4048002320112751e-05
-6.3588045804625082e-05
-6.3083120208120997e-05
-6.2656316754080787e-05
-6.2129908034834960e-05
-6.1717798813951542e-05
-6.1198546927814459e-05
-6.0779452266953308e-05
-6.0269325468737527e-05
-5.9850739852861868e-05
-5.9333871534499723e-05
-5.8932407921197767e-05
-5.8409359118399185e-05
-5.8010173618335890e-05
-5.7498794819191031e-05
-5.7090823039465273e-05
-5.6588063642280357e-05
-5.6176160802359870e-05
-5.5673716680990440e-05
-5.5271709052577672e-05
-5.4767577860539861e-05
-5.4358064033042327e-05
-5.3879613268529340e-05
-5.3445266068154075e-05
-5.2993524046062633e-05
-5.2541672589527730e-05
-5.2097398667414279e-05
-5.1643559318274001e-05
-5.1206759514030347e-05
-5.0743518332702042e-05
-5.0327665465915508e-05
-4.9840436976122825e-05
-4.9439577918361237e-05
-4.8952330730418910e-05
-4.8539435512049659e-05
-4.8078040479031066e-05
-4.7633913272765446e-05
-4.7207170151369838e-05
-4.6731713464369226e-05
-4.6329438145229851e-05
-4.5838248516700122e-05
-4.5424820263548170e-05
-4.4968077964878952e-05
-4.4526094963653593e-05
-4.4092681389793727e-05
-4.3627713847502805e-05
-4.3216431285039821e-05
-4.2728902366183777e-05
-4.2309653300146671e-05
-4.1853009461715103e-05
-4.1402035057634307e-05
-4.0976905714745555e-05
-4.0490685836941553e-05
-4.0065423119158719e-05
-3.9609473024001743e-05
-3.9151465195945728e-05
-3.8721040590068535e-05
-3.8230135263412340e-05
0.0000000000000000e+00
];
