%Vec Object:dSdr_b_aug_8470 1 MPI processes
%  type: seq
dSdr_b_aug_8470 = [
2.2866225989627978e+03
0.0000000000000000e+00
-6.8260396692034812e-07
-2.8123324532899649e-07
-1.7440883745405696e-07
-1.2342629140377029e-07
-9.2089054060809153e-08
-7.2713686271064570e-08
-5.9583976365902356e-08
-4.9736024422283442e-08
-4.2424415601985872e-08
-3.6818882437289331e-08
-3.2263124220817753e-08
-2.8574341634143774e-08
-2.5550136109031078e-08
-2.3002048436531028e-08
-2.0826962074218800e-08
-4.8413027228160405e-08
-4.2220951173395420e-04
-7.8252265243006517e-04
-7.4132056078896654e-04
-7.0253128728584426e-04
-6.6453097037329862e-04
-6.2666985162008852e-04
-5.8463912723072181e-04
-5.4405322880034853e-04
-5.0513105614280679e-04
-4.6581448430477277e-04
-4.2546390573818400e-04
-3.8232299866604498e-04
-3.4435635035858430e-04
-3.0785760975457141e-04
-2.7339547529474091e-04
-2.3704420542674094e-04
-2.0747388283145904e-04
-1.8173418131569159e-04
-1.5921838038036545e-04
-1.3795494072812347e-04
-1.2184996654262170e-04
-1.0963641364771296e-04
-9.9998959273872305e-05
-9.2234675172879192e-05
-8.7403142161790779e-05
-8.4465873915556103e-05
-8.2872133980707634e-05
-8.2517653531089349e-05
-8.3023838693513247e-05
-8.4039251873915076e-05
-8.5494263294998141e-05
-8.7453536793288928e-05
-8.9178173464371765e-05
-9.0984648332597442e-05
-9.2825785147389127e-05
-9.4600371647172071e-05
-9.6089231954533808e-05
-9.7425363193986587e-05
-9.8712169813151089e-05
-9.9753118787376100e-05
-1.0061091069927486e-04
-1.0130868175711829e-04
-1.0194067481363309e-04
-1.0236216675285437e-04
-1.0262470576595346e-04
-1.0284292472318265e-04
-1.0295613272756460e-04
-1.0293696850002442e-04
-1.0285983535105421e-04
-1.0272438922502974e-04
-1.0249871968967920e-04
-1.0221825740997343e-04
-1.0192091366452632e-04
-1.0156849735512476e-04
-1.0118239407310021e-04
-1.0074154518791736e-04
-1.0030229870214950e-04
-9.9835502709783085e-05
-9.9331012900362366e-05
-9.8839761987892428e-05
-9.8337841101260598e-05
-9.7772566279259702e-05
-9.7242924770608426e-05
-9.6710753787072285e-05
-9.6129748474983449e-05
-9.5588302339953875e-05
-9.5051047733754024e-05
-9.4427829459474882e-05
-9.3886960277526240e-05
-9.3328293419379016e-05
-9.2723294242363737e-05
-9.2183108786108548e-05
-9.1609890337366614e-05
-9.1007616123474415e-05
-9.0463882778131605e-05
-8.9871694711622573e-05
-8.9302840078924698e-05
-8.8768746048352912e-05
-8.8151357441112072e-05
-8.7609707555825366e-05
-8.7064234149963475e-05
-8.6437202845039403e-05
-8.5934719530474218e-05
-8.5361644150522701e-05
-8.4780744036984094e-05
-8.4277336895225888e-05
-8.3656410016435598e-05
-8.3137223572580846e-05
-8.2610729801407332e-05
-8.2013044795301124e-05
-8.1518788170892824e-05
-8.0943513094341619e-05
-8.0397841685008402e-05
-7.9898231191463908e-05
-7.9309233986097163e-05
-7.8818316419551276e-05
-7.8263507753946858e-05
-7.7738561061316852e-05
-7.7218752940049642e-05
-7.6668669025099485e-05
-7.6183262620022638e-05
-7.5612029699415108e-05
-7.5136011336221153e-05
-7.4600045033968590e-05
-7.4072145343892688e-05
-7.3605053490908084e-05
-7.3023621722407181e-05
-7.2579039184844169e-05
-7.2024926948778450e-05
-7.1545344668739438e-05
-7.1038997395324527e-05
-7.0528178845972496e-05
-7.0040508239724164e-05
-6.9525488716766935e-05
-6.9063867219035244e-05
-6.8519970527812602e-05
-6.8084515986060500e-05
-6.7541300818337494e-05
-6.7087664114241102e-05
-6.6581493475229096e-05
-6.6100086947118458e-05
-6.5620999331918539e-05
-6.5134236315076248e-05
-6.4661929068012718e-05
-6.4173191258305021e-05
-6.3711192035664904e-05
-6.3203977829411610e-05
-6.2775157136880705e-05
-6.2246436645106099e-05
-6.1832329497475271e-05
-6.1310741112729637e-05
-6.0889699481281361e-05
-6.0377154120397252e-05
-5.9956638639320118e-05
-5.9437340339803601e-05
-5.9033954776241923e-05
-5.8508460458801740e-05
-5.8107338985850523e-05
-5.7593538805345341e-05
-5.7183608148115550e-05
-5.6678428214362219e-05
-5.6264520060566506e-05
-5.5759678151504772e-05
-5.5355620895302255e-05
-5.4849121862100085e-05
-5.4437521727989771e-05
-5.3956710816808574e-05
-5.3520237105877137e-05
-5.3066168681821376e-05
-5.2612113789296010e-05
-5.2165560121517215e-05
-5.1709432793056658e-05
-5.1270410945099613e-05
-5.0804791332500534e-05
-5.0386789782451049e-05
-4.9897061813735832e-05
-4.9494098467112493e-05
-4.9004346299288548e-05
-4.8589271723066382e-05
-4.8125445645431227e-05
-4.7679007034951921e-05
-4.7249926897424727e-05
-4.6772019661531598e-05
-4.6367519545807375e-05
-4.5873718118859604e-05
-4.5458070188579528e-05
-4.4998780274538231e-05
-4.4554433795748787e-05
-4.4118606112525513e-05
-4.3651088580522677e-05
-4.3237505140221033e-05
-4.2747268633980243e-05
-4.2325667120736893e-05
-4.1866469908166315e-05
-4.1412941671079948e-05
-4.0985406095917359e-05
-4.0496404598293616e-05
-4.0068712761331080e-05
-3.9610127391357488e-05
-3.9149418181519599e-05
-3.8716450604056523e-05
-3.8222138169265506e-05
0.0000000000000000e+00
];
