%Vec Object:dSdr_b_aug_5080 1 MPI processes
%  type: seq
dSdr_b_aug_5080 = [
2.3306028117248220e+03
0.0000000000000000e+00
-9.1218054732486835e-07
-3.7562493077195747e-07
-2.3247999545328464e-07
-1.6451010483715521e-07
-1.2307920695718436e-07
-9.7469944690515612e-08
-8.0114015376007468e-08
-6.7059599666627603e-08
-5.7367290146533179e-08
-4.9937684031927139e-08
-4.3892096120850324e-08
-3.8995784220314968e-08
-3.4981874324520121e-08
-3.1598541587921413e-08
-2.8708939715090118e-08
-2.6243657822989427e-08
-2.4115720126766258e-08
-3.0915158050365294e-07
-5.0000930304762079e-04
-7.2075617113413098e-04
-6.8329638666937980e-04
-6.4448125640526890e-04
-6.0137978977591608e-04
-5.5978911489107830e-04
-5.1992483623711650e-04
-4.7966924572887014e-04
-4.3837262929556371e-04
-3.9424759405761188e-04
-3.5541979124145608e-04
-3.1810736351191196e-04
-2.8288751937000187e-04
-2.4574568885422552e-04
-2.1553640316309609e-04
-1.8924433435385784e-04
-1.6624685241948989e-04
-1.4452770678054293e-04
-1.2807726371987280e-04
-1.1560019428514759e-04
-1.0574906994109273e-04
-9.7807475648257049e-05
-9.2858491110431643e-05
-8.9840382022816193e-05
-8.8191470766411974e-05
-8.7803568663795374e-05
-8.8293243703402012e-05
-8.9301447621917821e-05
-9.0757066505080101e-05
-9.2720642721611779e-05
-9.4448375582857418e-05
-9.6259685066682352e-05
-9.8103362490088651e-05
-9.9877167406766285e-05
-1.0136275281598886e-04
-1.0269161979594686e-04
-1.0396603883034039e-04
-1.0499276419810783e-04
-1.0583397808288820e-04
-1.0651075342960383e-04
-1.0711812894727956e-04
-1.0751457542651986e-04
-1.0774925833172236e-04
-1.0793401498355419e-04
-1.0801657219152951e-04
-1.0796486372941314e-04
-1.0785163931518949e-04
-1.0767897592554183e-04
-1.0741720779450604e-04
-1.0709859866268511e-04
-1.0676060452942320e-04
-1.0637063385198408e-04
-1.0594681065669251e-04
-1.0546125361329455e-04
-1.0498346770285172e-04
-1.0447836518154284e-04
-1.0392846750949684e-04
-1.0339887423677973e-04
-1.0285875559577934e-04
-1.0224695621373631e-04
-1.0167886139576542e-04
-1.0110781439129483e-04
-1.0048159956148809e-04
-9.9901912191749441e-05
-9.9326140232746182e-05
-9.8657295100366439e-05
-9.8078338477474868e-05
-9.7480662189842736e-05
-9.6831924395242747e-05
-9.6254283319222226e-05
-9.5641441534033010e-05
-9.4996463575224143e-05
-9.4415596685573519e-05
-9.3782676657381430e-05
-9.3173750736753536e-05
-9.2603160422389573e-05
-9.1943716036317556e-05
-9.1363596670698322e-05
-9.0781531289528468e-05
-9.0111655923327268e-05
-8.9573102734103239e-05
-8.8962078025507082e-05
-8.8340839588545468e-05
-8.7801852444971309e-05
-8.7139797076451588e-05
-8.6583784126683487e-05
-8.6020893617157288e-05
-8.5382833574890405e-05
-8.4853660222283252e-05
-8.4238723603846766e-05
-8.3655718280745169e-05
-8.3121013654471114e-05
-8.2491098172967023e-05
-8.1966382019789277e-05
-8.1372398933953816e-05
-8.0811183579105187e-05
-8.0255392336143997e-05
-7.9666390243956080e-05
-7.9147118778642120e-05
-7.8536230321150262e-05
-7.8025637878935205e-05
-7.7452865315718659e-05
-7.6887665014856236e-05
-7.6386103419532619e-05
-7.5765270600491779e-05
-7.5287623051818715e-05
-7.4694252765169255e-05
-7.4181131770796640e-05
-7.3636911092971939e-05
-7.3090352060866130e-05
-7.2567336810659480e-05
-7.2014554593186173e-05
-7.1519706032514493e-05
-7.0936100165796298e-05
-7.0468323156783468e-05
-6.9885731124466401e-05
-6.9398441872299698e-05
-6.8854922319030288e-05
-6.8338198171209689e-05
-6.7823192887810749e-05
-6.7300045015397317e-05
-6.6792909310306001e-05
-6.6266547285770270e-05
-6.5770391107730677e-05
-6.5224908092938381e-05
-6.4762356337606409e-05
-6.4194979743545220e-05
-6.3747464476613202e-05
-6.3186806556295765e-05
-6.2733208896585140e-05
-6.2180221791945911e-05
-6.1727436340304221e-05
-6.1167505395953094e-05
-6.0731982245700275e-05
-6.0165595579055682e-05
-5.9732102080044629e-05
-5.9177813139171250e-05
-5.8735127504920223e-05
-5.8189472988791886e-05
-5.7742033428429428e-05
-5.7197097396185702e-05
-5.6758767804107289e-05
-5.6212675475255939e-05
-5.5766189762713695e-05
-5.5245914308200220e-05
-5.4773882852090457e-05
-5.4280914255776773e-05
-5.3790015434660011e-05
-5.3305341896665464e-05
-5.2810957103116479e-05
-5.2334780423612769e-05
-5.1829391051972862e-05
-5.1375461588648924e-05
-5.0843940022746140e-05
-5.0405791393309618e-05
-4.9874153983187262e-05
-4.9422639249278385e-05
-4.8918164687359271e-05
-4.8433078445540857e-05
-4.7964922740912789e-05
-4.7446041925805763e-05
-4.7004343612508163e-05
-4.6466873371016775e-05
-4.6014114188725719e-05
-4.5512230339910239e-05
-4.5028370145805692e-05
-4.4552183591683844e-05
-4.4042037043300599e-05
-4.3589992666963513e-05
-4.3054498071075965e-05
-4.2593581873506487e-05
-4.2091717513497328e-05
-4.1595525492470383e-05
-4.1127811780177592e-05
-4.0592385302294871e-05
-4.0124218305339765e-05
-3.9621827515528214e-05
-3.9116501292281919e-05
-3.8642569508859993e-05
-3.8099570647749502e-05
0.0000000000000000e+00
];
