%Vec Object:dSdr_b_aug_8890 1 MPI processes
%  type: seq
dSdr_b_aug_8890 = [
2.2801793845339971e+03
0.0000000000000000e+00
-6.5819163232166228e-07
-2.7248191021009271e-07
-1.6986855897597567e-07
-1.2084504369184642e-07
-9.0620408784682916e-08
-7.1927507787633007e-08
-5.9257260244272122e-08
-4.9739961619735545e-08
-4.2671669972575668e-08
-3.7252319323538873e-08
-3.2841545997779951e-08
-2.9268379990671639e-08
-2.6338661933750148e-08
-2.3868299051434258e-08
-2.1759287768753946e-08
-7.9516964753576140e-07
-7.2588154361412360e-04
-7.8112662559679284e-04
-7.3942977700510685e-04
-7.0073112924342413e-04
-6.6282154398862602e-04
-6.2504905989383406e-04
-5.8311580211536744e-04
-5.4262133465563260e-04
-5.0378488942661955e-04
-4.6455376406568321e-04
-4.2428927069862297e-04
-3.8123791488451898e-04
-3.4334962778178669e-04
-3.0692492906858013e-04
-2.7253174280686182e-04
-2.3625241044257858e-04
-2.0674023064780816e-04
-1.8105079212703344e-04
-1.5857882232419248e-04
-1.3735684988412173e-04
-1.2128331181590334e-04
-1.0909373773250648e-04
-9.9475726349341153e-05
-9.1727576656766932e-05
-8.6906731167995884e-05
-8.3976819026021114e-05
-8.2388099378388275e-05
-8.2036660088580392e-05
-8.2544347535555484e-05
-8.3560416664977091e-05
-8.5015372749675864e-05
-8.6974254661402789e-05
-8.8698609539978777e-05
-9.0504644429741408e-05
-9.2345550013663545e-05
-9.4120207593750336e-05
-9.5609365872743329e-05
-9.6946158100118382e-05
-9.8234091908688053e-05
-9.9276335144091844e-05
-1.0013563556059615e-04
-1.0083531711422741e-04
-1.0146955023767918e-04
-1.0189332118415023e-04
-1.0215839496210960e-04
-1.0237965882377931e-04
-1.0249565589893938e-04
-1.0247945303743033e-04
-1.0240560401905144e-04
-1.0227354448497539e-04
-1.0205115974865119e-04
-1.0177416865059352e-04
-1.0148052389779227e-04
-1.0113152485760959e-04
-1.0074885390915139e-04
-1.0031207325682264e-04
-9.9876333677216206e-05
-9.9413023398895728e-05
-9.8912665493312060e-05
-9.8424903556035065e-05
-9.7926458486289526e-05
-9.7365417183564889e-05
-9.6839274746663001e-05
-9.6310641300024414e-05
-9.5733749844941943e-05
-9.5195783484547923e-05
-9.4662033778604204e-05
-9.4042967338034427e-05
-9.3505563936717480e-05
-9.2950446756213671e-05
-9.2349427591875948e-05
-9.1812650423899671e-05
-9.1243037515982597e-05
-9.0644649146539441e-05
-9.0104294782415644e-05
-8.9515813137128403e-05
-8.8950604807387868e-05
-8.8419831770499124e-05
-8.7806270046329163e-05
-8.7268120707022901e-05
-8.6725977002708276e-05
-8.6102844311292291e-05
-8.5603643189618306e-05
-8.5034021028405104e-05
-8.4456791525422658e-05
-8.3956622008362467e-05
-8.3339437641953923e-05
-8.2823602249275152e-05
-8.2300420422480515e-05
-8.1706409368175297e-05
-8.1215330014097566e-05
-8.0643663964766286e-05
-8.0101389779146416e-05
-7.9604972699319682e-05
-7.9019698878840267e-05
-7.8531856837454176e-05
-7.7980612873938335e-05
-7.7458966472605223e-05
-7.6942432659858091e-05
-7.6395890130568622e-05
-7.5913565300272050e-05
-7.5345940862199529e-05
-7.4873068591662094e-05
-7.4340451500982282e-05
-7.3815946006286053e-05
-7.3351990752463031e-05
-7.2774144310515433e-05
-7.2332570548354382e-05
-7.1782030626953202e-05
-7.1305500227819964e-05
-7.0802599272945941e-05
-7.0295032956204853e-05
-6.9810578563294899e-05
-6.9298995285812574e-05
-6.8840397311693214e-05
-6.8300113987776120e-05
-6.7867600656230421e-05
-6.7327968617900393e-05
-6.6877394156259081e-05
-6.6374622113127586e-05
-6.5896429342635995e-05
-6.5420610087267049e-05
-6.4937157942816396e-05
-6.4468019943546130e-05
-6.3982705783614290e-05
-6.3523814706335186e-05
-6.3020082806488002e-05
-6.2594331506357444e-05
-6.2069128564722011e-05
-6.1658061424726970e-05
-6.1140028212530267e-05
-6.0721949054273310e-05
-6.0213083732794367e-05
-5.9795504697173843e-05
-5.9279903810717063e-05
-5.8879442648850167e-05
-5.8357669379353389e-05
-5.7959493644059337e-05
-5.7449377790019142e-05
-5.7042427720962191e-05
-5.6540930827445041e-05
-5.6130073917729406e-05
-5.5628880433610291e-05
-5.5227941847748005e-05
-5.4725045672171254e-05
-5.4316620016981692e-05
-5.3839400254229748e-05
-5.3406162194230069e-05
-5.2955633571537780e-05
-5.2504931376402954e-05
-5.2061846516398653e-05
-5.1609200522586030e-05
-5.1173559681361260e-05
-5.0711559030437714e-05
-5.0296826859658685e-05
-4.9810902032569467e-05
-4.9411140510926704e-05
-4.8925199849581745e-05
-4.8513441315897754e-05
-4.8053314239067725e-05
-4.7610392582138259e-05
-4.7184868363574387e-05
-4.6710689789454612e-05
-4.6309574827389227e-05
-4.5819747399474609e-05
-4.5407476812124418e-05
-4.4952063211479182e-05
-4.4511312846952311e-05
-4.4079158295123207e-05
-4.3615520616596893e-05
-4.3205437945205651e-05
-4.2719320992792617e-05
-4.2301298580554263e-05
-4.1845986080318246e-05
-4.1396343079741857e-05
-4.0972467877646091e-05
-4.0487697459623232e-05
-4.0063699467276552e-05
-3.9609119776641682e-05
-3.9152512188658193e-05
-3.8723389319537785e-05
-3.8234129971483256e-05
0.0000000000000000e+00
];
