%Vec Object:dSdr_b_aug_4400 1 MPI processes
%  type: seq
dSdr_b_aug_4400 = [
2.3441500605994083e+03
0.0000000000000000e+00
-1.0016460719292936e-06
-4.1328836089860455e-07
-2.5619908980120223e-07
-1.8171935160242367e-07
-1.3640795867906758e-07
-1.0839915609631743e-07
-8.9414010893801877e-08
-7.5108140084853396e-08
-6.4484761667881765e-08
-5.6341318801673728e-08
-4.9706974292898654e-08
-4.4331723164752346e-08
-3.9924753606289381e-08
-3.6207916142490002e-08
-3.3031202752634300e-08
-3.0320647661411282e-08
-2.7976850836751904e-08
-2.6362579608552244e-08
-1.7144831482619496e-05
-7.0354643525184747e-04
-6.8810582687442532e-04
-6.4929631916516299e-04
-6.0590984629977425e-04
-5.6404738448971147e-04
-5.2392816715054991e-04
-4.8341846991709926e-04
-4.4186584717506605e-04
-3.9747449806199376e-04
-3.5841365914110484e-04
-3.2088104041509170e-04
-2.8545615327933081e-04
-2.4810039003501873e-04
-2.1771819525390060e-04
-1.9127665095401217e-04
-1.6814882188444203e-04
-1.4630635826871034e-04
-1.2976242835121925e-04
-1.1721404906567117e-04
-1.0730510377719230e-04
-9.9315527805392010e-05
-9.4334759841132527e-05
-9.1294774483795967e-05
-8.9630933340403547e-05
-8.9233986988596772e-05
-8.9719194183297683e-05
-9.0725447148993758e-05
-9.2181230352079009e-05
-9.4145970856117221e-05
-9.5874541513302336e-05
-9.7687159230195328e-05
-9.9531524110864564e-05
-1.0130511742913175e-04
-1.0278981643227107e-04
-1.0411671746113945e-04
-1.0538778413727127e-04
-1.0641066031555054e-04
-1.0724738795895215e-04
-1.0791848163881706e-04
-1.0851919539389788e-04
-1.0890886431387809e-04
-1.0913600907561658e-04
-1.0931171049953942e-04
-1.0938597329867933e-04
-1.0932545804944637e-04
-1.0920246699141387e-04
-1.0901973225451259e-04
-1.0874819549724339e-04
-1.0841926346504548e-04
-1.0807026895237449e-04
-1.0767013570784823e-04
-1.0723610514777566e-04
-1.0673844965952074e-04
-1.0625023461892424e-04
-1.0573476599204051e-04
-1.0517258053118043e-04
-1.0463261145704302e-04
-1.0408215614823492e-04
-1.0345776678910541e-04
-1.0287926614891004e-04
-1.0229769893238594e-04
-1.0165924998926452e-04
-1.0106921418697914e-04
-1.0048301907676250e-04
-9.9801826896550326e-05
-9.9212563460167452e-05
-9.8604330861123621e-05
-9.7943756995744064e-05
-9.7355980082871962e-05
-9.6732415859397396e-05
-9.6075881874842578e-05
-9.5484966306457698e-05
-9.4841023836121210e-05
-9.4221254257808212e-05
-9.3640787714543636e-05
-9.2969962649472042e-05
-9.2379433089928575e-05
-9.1787465585078500e-05
-9.1105996224836013e-05
-9.0557682197106565e-05
-8.9936388061454011e-05
-8.9304233720561999e-05
-8.8755618317098233e-05
-8.8082433219455807e-05
-8.7516454695603577e-05
-8.6943714911256643e-05
-8.6294729032061605e-05
-8.5756106908574208e-05
-8.5130437531857932e-05
-8.4537329326378350e-05
-8.3993127923249745e-05
-8.3352139600204644e-05
-8.2818277256850784e-05
-8.2213693233014077e-05
-8.1642663264312561e-05
-8.1077134678184562e-05
-8.0477600990336824e-05
-7.9949165348460892e-05
-7.9327545759683900e-05
-7.8807597275180533e-05
-7.8224864621076045e-05
-7.7649570454350235e-05
-7.7138681052004078e-05
-7.6507185970661401e-05
-7.6020590748427166e-05
-7.5416596897586287e-05
-7.4894400042621186e-05
-7.4339930499198493e-05
-7.3783699789535951e-05
-7.3251119979783088e-05
-7.2688118857567119e-05
-7.2184278775170631e-05
-7.1589927270651168e-05
-7.1113403532610669e-05
-7.0520155789757121e-05
-7.0023759879244749e-05
-6.9470133398173052e-05
-6.8943852010271655e-05
-6.8419127109603316e-05
-6.7886133196004011e-05
-6.7369572625608346e-05
-6.6833029180374075e-05
-6.6327629853994919e-05
-6.5771790988619931e-05
-6.5300111338115785e-05
-6.4722274091541640e-05
-6.4265718324065454e-05
-6.3694487875892548e-05
-6.3232080303012904e-05
-6.2668149342616592e-05
-6.2206631392152300e-05
-6.1635704937560530e-05
-6.1191485116905662e-05
-6.0614032667143011e-05
-6.0171779062485852e-05
-5.9606533559925197e-05
-5.9154984197026892e-05
-5.8598376963494779e-05
-5.8141863573733523e-05
-5.7586077788596461e-05
-5.7138473874903084e-05
-5.6581667332690469e-05
-5.6125741361614353e-05
-5.5594786547795106e-05
-5.5113132953791083e-05
-5.4609637737821372e-05
-5.4108768744561265e-05
-5.3613779763510892e-05
-5.3109042304603433e-05
-5.2622811355351040e-05
-5.2106660107058003e-05
-5.1643008420697706e-05
-5.1100177347227082e-05
-5.0652507499016792e-05
-5.0109535830498072e-05
-4.9648160353791907e-05
-4.9132686276030954e-05
-4.8637142007645621e-05
-4.8158412521469528e-05
-4.7628444367786686e-05
-4.7176680434046371e-05
-4.6627393657892172e-05
-4.6164592576591726e-05
-4.5651183302231480e-05
-4.5156631383571523e-05
-4.4669524612367418e-05
-4.4147843811051979e-05
-4.3685393468224873e-05
-4.3137654062164798e-05
-4.2666102100639901e-05
-4.2152695828009102e-05
-4.1644964393680151e-05
-4.1166386429147225e-05
-4.0618409598524182e-05
-4.0139310300121525e-05
-3.9625102840241620e-05
-3.9107782579097184e-05
-3.8622989563422074e-05
-3.8068006836981694e-05
0.0000000000000000e+00
];
