%Vec Object:dSdr_b_aug_2420 1 MPI processes
%  type: seq
dSdr_b_aug_2420 = [
2.3943571223495310e+03
0.0000000000000000e+00
-1.4160389203771713e-06
-5.8067943443830868e-07
-3.5690529382358433e-07
-2.5160419166598888e-07
-1.8840272009411165e-07
-1.4935961205478962e-07
-1.2289892973875731e-07
-1.0292911116210207e-07
-8.8104599474830042e-08
-7.6743421625361149e-08
-6.7489984366130282e-08
-5.9994797331126746e-08
-5.3850965246499375e-08
-4.8671391712387156e-08
-4.4246687734203628e-08
-4.0471953782939666e-08
-3.7208761068483778e-08
-3.4330421736756155e-08
-3.1808936720169842e-08
-2.9650681751887708e-08
-7.7770728855908881e-07
-3.8002255443635684e-04
-6.1942951119565634e-04
-5.8098811465437763e-04
-5.3997663655515110e-04
-4.9845293260630309e-04
-4.5587396611830930e-04
-4.1041469095583471e-04
-3.7041935615034585e-04
-3.3200375021657602e-04
-2.9575662067255523e-04
-2.5754296621693647e-04
-2.2646738904097942e-04
-1.9942643335260692e-04
-1.7577589946551203e-04
-1.5343891859683251e-04
-1.3652009717359063e-04
-1.2368575838801599e-04
-1.1354494545966008e-04
-1.0536295828596253e-04
-1.0025473577308323e-04
-9.7127024572744481e-05
-9.5403313294636064e-05
-9.4970098822753834e-05
-9.5437389731702573e-05
-9.6435819397137578e-05
-9.7892261749895823e-05
-9.9861671368961047e-05
-1.0159360186078371e-04
-1.0341146589735709e-04
-1.0525858771571916e-04
-1.0703133279949873e-04
-1.0851247782323700e-04
-1.0983149575588150e-04
-1.1108911967444603e-04
-1.1209656071486755e-04
-1.1291529822350832e-04
-1.1356360781264528e-04
-1.1413760719784369e-04
-1.1450009739423050e-04
-1.1469701341744046e-04
-1.1483640244587043e-04
-1.1487740381695793e-04
-1.1478157245039278e-04
-1.1461941615784467e-04
-1.1439629429635755e-04
-1.1408558436247460e-04
-1.1371525645818899e-04
-1.1332214932102505e-04
-1.1288126316015556e-04
-1.1240630004393826e-04
-1.1186012858373157e-04
-1.1133009168850440e-04
-1.1077305394252700e-04
-1.1016159324549681e-04
-1.0958001623259225e-04
-1.0898810990905994e-04
-1.0831323355001604e-04
-1.0769300457704834e-04
-1.0706925031484704e-04
-1.0638174141687108e-04
-1.0575020742029266e-04
-1.0512221448280821e-04
-1.0439150946587287e-04
-1.0376091472948170e-04
-1.0311035031853763e-04
-1.0240231267808175e-04
-1.0177389009869060e-04
-1.0110732787358327e-04
-1.0040445312516153e-04
-9.9773241398599469e-05
-9.9085097882674301e-05
-9.8421844201357350e-05
-9.7801773036785159e-05
-9.7085310362494043e-05
-9.6453034931576870e-05
-9.5821358964868073e-05
-9.5093396578047032e-05
-9.4505940655909587e-05
-9.3843465113979668e-05
-9.3167536915568643e-05
-9.2580311233721085e-05
-9.1862494816180985e-05
-9.1256553348341386e-05
-9.0644316990490790e-05
-8.9951517416357054e-05
-8.9375004779493401e-05
-8.8706295969948230e-05
-8.8072674198874605e-05
-8.7490389770053924e-05
-8.6804998246732323e-05
-8.6234458763674945e-05
-8.5587363917261281e-05
-8.4976976362371656e-05
-8.4372400050447939e-05
-8.3730633607810736e-05
-8.3165448693585305e-05
-8.2500796191551653e-05
-8.1943329031311852e-05
-8.1320655408653186e-05
-8.0704883821263197e-05
-8.0156588967279850e-05
-7.9482337136459790e-05
-7.8959860833182095e-05
-7.8313265413166970e-05
-7.7754673431117621e-05
-7.7159104893740203e-05
-7.6564089769490107e-05
-7.5993155097492021e-05
-7.5389175122531608e-05
-7.4849278111278691e-05
-7.4211835497216413e-05
-7.3700236470236529e-05
-7.3064258232562169e-05
-7.2531343674519887e-05
-7.1937187367603609e-05
-7.1372580451550832e-05
-7.0808878870711766e-05
-7.0236401301540348e-05
-6.9682046029818603e-05
-6.9104674018600557e-05
-6.8562208687192783e-05
-6.7964841766919449e-05
-6.7456558279984280e-05
-6.6836772703751023e-05
-6.6343963551894020e-05
-6.5730336133742513e-05
-6.5232599843456117e-05
-6.4624782841329951e-05
-6.4128246599756816e-05
-6.3513226949912056e-05
-6.3034132502360219e-05
-6.2412305041299632e-05
-6.1934922411121016e-05
-6.1325739867226580e-05
-6.0838645921276117e-05
-6.0238117041270632e-05
-5.9745216521774276e-05
-5.9145921963400979e-05
-5.8661126899131062e-05
-5.8061355079414431e-05
-5.7567572501149521e-05
-5.6993792143179347e-05
-5.6473552546326794e-05
-5.5927844242914206e-05
-5.5386993543893263e-05
-5.4850638258390406e-05
-5.4304385196105549e-05
-5.3777835201998487e-05
-5.3218527291987550e-05
-5.2715888011319296e-05
-5.2127704116866420e-05
-5.1641852603043324e-05
-5.1053428721753438e-05
-5.0552509896173840e-05
-4.9992925772449794e-05
-4.9455442767618251e-05
-4.8934310219337566e-05
-4.8359879414145362e-05
-4.7867749829001957e-05
-4.7271075803045456e-05
-4.6768003644656602e-05
-4.6208373819052951e-05
-4.5670944095064531e-05
-4.5140042627417788e-05
-4.4572103966440836e-05
-4.4067919245324551e-05
-4.3471070004319606e-05
-4.2956858593057742e-05
-4.2397156069060779e-05
-4.1843133800712513e-05
-4.1320965135213954e-05
-4.0722623526308372e-05
-4.0199624727219330e-05
-3.9637922200581030e-05
-3.9072271891340525e-05
-3.8543267930686101e-05
-3.7936727448827091e-05
0.0000000000000000e+00
];
