%Vec Object:dSdr_b_aug_4750 1 MPI processes
%  type: seq
dSdr_b_aug_4750 = [
2.3392046432700986e+03
0.0000000000000000e+00
-9.6822827311526961e-07
-3.9931645279057756e-07
-2.4746367066984270e-07
-1.7542584154776123e-07
-1.3156457174559941e-07
-1.0445216275822729e-07
-8.6075473202219948e-08
-7.2235858555404758e-08
-6.1959255407295347e-08
-5.4081698783886387e-08
-4.7666196331784481e-08
-4.2468868011937982e-08
-3.8207928154745849e-08
-3.4614881177799840e-08
-3.1544616738765638e-08
-2.8925015878510496e-08
-2.6660101419279464e-08
-2.9030164436106366e-08
-1.0175542045694154e-04
-7.1944986078098982e-04
-6.8552944126692907e-04
-6.4664240580248537e-04
-6.0341177099672457e-04
-5.6169915473916747e-04
-5.2172052282888927e-04
-4.8135095321503253e-04
-4.3993950566819306e-04
-3.9569501588646629e-04
-3.5676268520302648e-04
-3.1935149125680894e-04
-2.8403967550592391e-04
-2.4680188591947423e-04
-2.1651504222205316e-04
-1.9015592650049800e-04
-1.6709997763781132e-04
-1.4532551799069707e-04
-1.2883314160286880e-04
-1.1632408628485431e-04
-1.0644702647481945e-04
-9.8483910095250557e-05
-9.3520669153421176e-05
-9.0492747491725811e-05
-8.8837139442588813e-05
-8.8445180534016879e-05
-8.8932851503777883e-05
-8.9940180298953999e-05
-9.1395872860087596e-05
-9.3359971288373608e-05
-9.5088079916383984e-05
-9.6899976182374676e-05
-9.8743961941586566e-05
-1.0051767190668048e-04
-1.0200285963935299e-04
-1.0333084473987397e-04
-1.0460376011729948e-04
-1.0562875897363985e-04
-1.0646796056826792e-04
-1.0714218740218807e-04
-1.0774657478825075e-04
-1.0813998119635958e-04
-1.0837128287264844e-04
-1.0855197781141910e-04
-1.0863081456980003e-04
-1.0857515583295954e-04
-1.0845755060275144e-04
-1.0828036972364235e-04
-1.0801421988765545e-04
-1.0769098043324129e-04
-1.0734805209549193e-04
-1.0695352301318336e-04
-1.0652512131914595e-04
-1.0603413753745245e-04
-1.0555167365643565e-04
-1.0504192143440827e-04
-1.0448651209497786e-04
-1.0395226477252951e-04
-1.0340750963588703e-04
-1.0279006304033865e-04
-1.0221730070798255e-04
-1.0164153487962193e-04
-1.0100983245878815e-04
-1.0042550331669899e-04
-9.9845056070984936e-05
-9.9170672691547662e-05
-9.8587092964790552e-05
-9.7984681661650468e-05
-9.7330634818581862e-05
-9.6748447329881703e-05
-9.6130796014005148e-05
-9.5480634619923629e-05
-9.4895260412794090e-05
-9.4257396287720726e-05
-9.3643606463694108e-05
-9.3068586184412260e-05
-9.2404037014925689e-05
-9.1819248175250461e-05
-9.1232741214124851e-05
-9.0557665382949917e-05
-9.0014733986940531e-05
-8.9399102948185284e-05
-8.8772968207303078e-05
-8.8229662329756983e-05
-8.7562614746801776e-05
-8.7002131761848521e-05
-8.6434823383051227e-05
-8.5791862582120239e-05
-8.5258451005413668e-05
-8.4638700233621628e-05
-8.4051163286223679e-05
-8.3512198903357471e-05
-8.2877316724888815e-05
-8.2348498070145448e-05
-8.1749759958902509e-05
-8.1184142282733718e-05
-8.0623983378409048e-05
-8.0030257364398027e-05
-7.9506875330478559e-05
-7.8891173450009415e-05
-7.8376384378624778e-05
-7.7799144241335434e-05
-7.7229416362096400e-05
-7.6723670802728838e-05
-7.6098055452738107e-05
-7.5616394448307150e-05
-7.5018258989041753e-05
-7.4501067041341456e-05
-7.3952249261528518e-05
-7.3401352024055750e-05
-7.2874046616215222e-05
-7.2316680736238026e-05
-7.1817799053405698e-05
-7.1229373259925130e-05
-7.0757672930343000e-05
-7.0170301308238993e-05
-6.9678927290858580e-05
-6.9130874303579591e-05
-6.8609863283525523e-05
-6.8090498294418687e-05
-6.7562934009516825e-05
-6.7051570809770834e-05
-6.6520641939703454e-05
-6.6020339776600486e-05
-6.5470211677147241e-05
-6.5003565634333074e-05
-6.4431496948044557e-05
-6.3979926595454734e-05
-6.3414526402641759e-05
-6.2956977088156571e-05
-6.2399081154018628e-05
-6.1942378773286279e-05
-6.1377515831721662e-05
-6.0938091824555709e-05
-6.0366741641847305e-05
-5.9929318834367119e-05
-5.9370115370863724e-05
-5.8923453950703821e-05
-5.8372886638980967e-05
-5.7921377055268976e-05
-5.7371574415058098e-05
-5.6929084872768024e-05
-5.6378186735874879e-05
-5.5927466646703126e-05
-5.5402401022277955e-05
-5.4926053613221138e-05
-5.4428363363661318e-05
-5.3932992486112505e-05
-5.3443692024766121e-05
-5.2944663616167287e-05
-5.2463977171027832e-05
-5.1953760643739979e-05
-5.1495470364912480e-05
-5.0958876018048929e-05
-5.0516456748063683e-05
-4.9979735472557846e-05
-4.9523797825339207e-05
-4.9014389569246052e-05
-4.8524612531641950e-05
-4.8051714126803994e-05
-4.7527860278679796e-05
-4.7081647245639211e-05
-4.6538876948420281e-05
-4.6081613755749099e-05
-4.5574560512570041e-05
-4.5085904938572332e-05
-4.4604820591555998e-05
-4.4089500928364799e-05
-4.3632789659721318e-05
-4.3091803551313187e-05
-4.2626117830643193e-05
-4.2119077877542280e-05
-4.1617711957787279e-05
-4.1145128100014679e-05
-4.0604076751897020e-05
-4.0131013544768415e-05
-3.9623335957607162e-05
-3.9112658698183625e-05
-3.8633936376538456e-05
-3.8085994812437870e-05
0.0000000000000000e+00
];
