%Vec Object:dSdr_b_aug_7910 1 MPI processes
%  type: seq
dSdr_b_aug_7910 = [
2.2949601869732487e+03
0.0000000000000000e+00
-7.2376297257740436e-07
-2.9950683190092288e-07
-1.8655353085785676e-07
-1.3267571547942220e-07
-9.9547774513412821e-08
-7.9061234527172605e-08
-6.5174851013115592e-08
-5.4735513569488912e-08
-4.6982452438250905e-08
-4.1038282352674771e-08
-3.6198785849977717e-08
-3.2278016841527450e-08
-2.9063286456649119e-08
-2.6352288498912454e-08
-2.4035579016059416e-08
-2.2513668570793248e-08
-5.7048841952428688e-05
-7.8249953144550802e-04
-7.4410658034099826e-04
-7.0519717806790435e-04
-6.6706262668880421e-04
-6.2907024212617720e-04
-5.8689516993196415e-04
-5.4617386243704523e-04
-5.0712472765461968e-04
-4.6768160980199195e-04
-4.2720353929786247e-04
-3.8393000709842676e-04
-3.4584730609491990e-04
-3.0923890970030454e-04
-2.7467466320378527e-04
-2.3821685418861472e-04
-2.0856042234457093e-04
-1.8274628158412111e-04
-1.6016556733210890e-04
-1.3884071463844856e-04
-1.2268918359904600e-04
-1.1044011818227281e-04
-1.0077386880399640e-04
-9.2985689682889322e-05
-8.8138328431847123e-05
-8.5190165739094679e-05
-8.3588990677742139e-05
-8.3230006167122288e-05
-8.3733966331005577e-05
-8.4748407933033621e-05
-8.6203501187818394e-05
-8.8163354506673436e-05
-8.9888408405039432e-05
-9.1695534779009726e-05
-9.3537013951384328e-05
-9.5311495093808869e-05
-9.6799914026379939e-05
-9.8135066271118958e-05
-9.9420203457412993e-05
-1.0045923557166422e-04
-1.0131479333452049e-04
-1.0200973489994746e-04
-1.0263841037322249e-04
-1.0305652706253553e-04
-1.0331531205284882e-04
-1.0352902147431417e-04
-1.0363809883424809e-04
-1.0361454879609818e-04
-1.0353255182501802e-04
-1.0339209013352994e-04
-1.0316155578965318e-04
-1.0287595267082974e-04
-1.0257313069999145e-04
-1.0221565339820818e-04
-1.0182446681472321e-04
-1.0137759286417469e-04
-1.0093315263717935e-04
-1.0046119429003343e-04
-9.9950585121513067e-05
-9.9454167026141494e-05
-9.8947098444780295e-05
-9.8375553773847463e-05
-9.7840730131463967e-05
-9.7303320048053028e-05
-9.6716222108380896e-05
-9.6169622420366922e-05
-9.5627177050708022e-05
-9.4997809907143140e-05
-9.4451807898749250e-05
-9.3887883963452123e-05
-9.3276990384892158e-05
-9.2731757249507650e-05
-9.2153198991676066e-05
-9.1545169840265473e-05
-9.0996432220597929e-05
-9.0398754942565477e-05
-8.9824500133551041e-05
-8.9285487709010841e-05
-8.8662431487606413e-05
-8.8115597292488018e-05
-8.7565192597245599e-05
-8.6932387446447362e-05
-8.6425043203072128e-05
-8.5846853616759300e-05
-8.5260517351199973e-05
-8.4752315308297610e-05
-8.4125845791835994e-05
-8.3601696463213911e-05
-8.3070297724686419e-05
-8.2467171619866601e-05
-8.1968209480552816e-05
-8.1387589459018989e-05
-8.0836886785401699e-05
-8.0332546869787969e-05
-7.9738035357326348e-05
-7.9242562962180045e-05
-7.8682474998991939e-05
-7.8152640600770963e-05
-7.7627983254803377e-05
-7.7072654575283201e-05
-7.6582684384520646e-05
-7.6006107330281290e-05
-7.5525429631674264e-05
-7.4984503176380335e-05
-7.4451576712940718e-05
-7.3979839586203720e-05
-7.3393097981307103e-05
-7.2944059477909304e-05
-7.2384656677358734e-05
-7.1900554594169077e-05
-7.1389103357488221e-05
-7.0873468286553046e-05
-7.0381034503946456e-05
-6.9860925938796677e-05
-6.9394826639494032e-05
-6.8845578591511652e-05
-6.8405768156128122e-05
-6.7857246416286841e-05
-6.7399074572732805e-05
-6.6887870657578272e-05
-6.6401704599540189e-05
-6.5917776590150218e-05
-6.5426110219854084e-05
-6.4949109366574354e-05
-6.4455301183942104e-05
-6.3988698851251673e-05
-6.3476327406016903e-05
-6.3042961000334686e-05
-6.2509031078616576e-05
-6.2090421741257297e-05
-6.1563568213066720e-05
-6.1138139225901407e-05
-6.0620143799969910e-05
-6.0195279516556374e-05
-5.9670505428823587e-05
-5.9262788906869345e-05
-5.8731783806346512e-05
-5.8326299785161949e-05
-5.7807043215384983e-05
-5.7392698406869611e-05
-5.6882063999847721e-05
-5.6463637065745641e-05
-5.5953391962090109e-05
-5.5544716081779107e-05
-5.5032881355371170e-05
-5.4616579962585837e-05
-5.4130450718432132e-05
-5.3689185175551136e-05
-5.3229874486627434e-05
-5.2770854443839973e-05
-5.2319163682057957e-05
-5.1857880725398056e-05
-5.1413851853939192e-05
-5.0942872830792662e-05
-5.0520029624421105e-05
-5.0024669531415472e-05
-4.9616964638164290e-05
-4.9121568030571208e-05
-4.8701582836071493e-05
-4.8232279035522541e-05
-4.7780632374535671e-05
-4.7346286550689654e-05
-4.6862857888850161e-05
-4.6453345180736815e-05
-4.5953659220834867e-05
-4.5533010554122259e-05
-4.5067981132574227e-05
-4.4618310369134709e-05
-4.4177044658823413e-05
-4.3703783371362263e-05
-4.3285018148474554e-05
-4.2788684226912749e-05
-4.2361786768578093e-05
-4.1896842584212857e-05
-4.1437568979753676e-05
-4.1004624843843485e-05
-4.0509376091417850e-05
-4.0076244622342904e-05
-3.9611783063946047e-05
-3.9145119072321487e-05
-3.8706794252987068e-05
-3.8206790111789932e-05
0.0000000000000000e+00
];
