%Vec Object:dSdr_b_aug_8650 1 MPI processes
%  type: seq
dSdr_b_aug_8650 = [
2.2829484381328175e+03
0.0000000000000000e+00
-6.6862839346208328e-07
-2.7627742091558289e-07
-1.7187953817350035e-07
-1.2202506496829567e-07
-9.1326091358306086e-08
-7.2342276446874779e-08
-5.9476256476689309e-08
-4.9817520577930007e-08
-4.2645217804216460e-08
-3.7146420302166631e-08
-3.2673603408007262e-08
-2.9051003674455322e-08
-2.6080996688246350e-08
-2.3577515572810251e-08
-2.1439766558571328e-08
-2.1728408359901467e-07
-6.1791451511812839e-04
-7.8201405472329104e-04
-7.4053870854165244e-04
-7.0178645877600062e-04
-6.6382367827144001e-04
-6.2599923292264289e-04
-5.8400883631587030e-04
-5.4346076836352087e-04
-5.0457406628683836e-04
-4.6529284878426208e-04
-4.2497788883207190e-04
-3.8187403449247136e-04
-3.4393980892073034e-04
-3.0747170389326141e-04
-2.7303809744430997e-04
-2.3671659244434327e-04
-2.0717032701947954e-04
-1.8145142231506745e-04
-1.5895375696377555e-04
-1.3770747479110106e-04
-1.2161550761737032e-04
-1.0941187619764016e-04
-9.9782466556722050e-05
-9.2024858228700480e-05
-8.7197747284620345e-05
-8.4263522696459645e-05
-8.2671859951146746e-05
-8.2318637806344327e-05
-8.2825444548067066e-05
-8.3841129127992410e-05
-8.5296117647166265e-05
-8.7255229116752471e-05
-8.8979749188061987e-05
-9.0786042005761480e-05
-9.2627083141737641e-05
-9.4401699047342466e-05
-9.5890682639523323e-05
-9.7227087365730165e-05
-9.8514360367368378e-05
-9.9555844852066295e-05
-1.0041426091999362e-04
-1.0111282246190108e-04
-1.0174574236604512e-04
-1.0216817726505634e-04
-1.0243176506039170e-04
-1.0265124387538604e-04
-1.0276560588386573e-04
-1.0274766694936165e-04
-1.0267189264072717e-04
-1.0253784774939705e-04
-1.0231353733107352e-04
-1.0203451128619225e-04
-1.0173869803460700e-04
-1.0138769565333893e-04
-1.0100301253243065e-04
-1.0056384691820520e-04
-1.0012605144887792e-04
-9.9660697704618382e-05
-9.9157917510711016e-05
-9.8668110195688103e-05
-9.8167627462165637e-05
-9.7604104300276189e-05
-9.7075910566764257e-05
-9.6545203273712144e-05
-9.5965900110346386e-05
-9.5425893766155759e-05
-9.4890089346736858e-05
-9.4268588934506508e-05
-9.3729153753325118e-05
-9.3171955609137983e-05
-9.2568603201562239e-05
-9.2029827958107886e-05
-9.1458101337377567e-05
-9.0857434929912737e-05
-9.0315099671292465e-05
-8.9724445173122144e-05
-8.9157099234229897e-05
-8.8624379297507543e-05
-8.8008574100935399e-05
-8.7468372601137400e-05
-8.6924276892111653e-05
-8.6298858677089793e-05
-8.5797733402232098e-05
-8.5226086826208116e-05
-8.4646705465183533e-05
-8.4144637923682506e-05
-8.3525259547561189e-05
-8.3007459635402913e-05
-8.2482336215062139e-05
-8.1886171343994435e-05
-8.1393229347766444e-05
-8.0819447543077440e-05
-8.0275181769851639e-05
-7.9776892584025358e-05
-7.9189435967259869e-05
-7.8699790930832005e-05
-7.8146457197275651e-05
-7.7622876034122532e-05
-7.7104422691652485e-05
-7.6555804061413820e-05
-7.6071672689701343e-05
-7.5501932815858107e-05
-7.5027216180999099e-05
-7.4492635649622271e-05
-7.3966140342962691e-05
-7.3500346290381947e-05
-7.2920397987803805e-05
-7.2477060362304271e-05
-7.1924426208439470e-05
-7.1446106675906817e-05
-7.0941185352621608e-05
-7.0431712448383211e-05
-6.9945372584011165e-05
-6.9431774843443442e-05
-6.8971404360342113e-05
-6.8429002737597521e-05
-6.7994765152573286e-05
-6.7453032542203571e-05
-6.7000662873289979e-05
-6.6495898439132274e-05
-6.6015821637276334e-05
-6.5538086340625250e-05
-6.5052693232380815e-05
-6.4581697295448281e-05
-6.4094376057288323e-05
-6.3633662863219235e-05
-6.3127889498498939e-05
-6.2700338800274720e-05
-6.2173073732770705e-05
-6.1760224421431815e-05
-6.1240107027836656e-05
-6.0820291152331130e-05
-6.0309268447820364e-05
-5.9889967953765862e-05
-5.9372199499501358e-05
-5.8970023940104076e-05
-5.8446069247499088e-05
-5.8046166607121145e-05
-5.7533890858046850e-05
-5.7125193453665318e-05
-5.6621537419721300e-05
-5.6208891753960146e-05
-5.5705559422960148e-05
-5.5302792553810910e-05
-5.4797784245569151e-05
-5.4387497590780855e-05
-5.3908172560701730e-05
-5.3473037640737716e-05
-5.3020433853603499e-05
-5.2567766182551540e-05
-5.2122647778888777e-05
-5.1667960898544563e-05
-5.1230337988013840e-05
-5.0766215770271138e-05
-5.0349566973039795e-05
-4.9861412608322911e-05
-4.9459774066394257e-05
-4.8971598967283442e-05
-4.8557896458642944e-05
-4.8095600904236817e-05
-4.7650617496170244e-05
-4.7223008687015928e-05
-4.6746644258226902e-05
-4.6343544824643943e-05
-4.5851387727500868e-05
-4.5437137262174004e-05
-4.4979451277353198e-05
-4.4536592805148525e-05
-4.4102285011279604e-05
-4.3636372923498187e-05
-4.3224238105164462e-05
-4.2735706289076632e-05
-4.2315585901826937e-05
-4.1857996345018461e-05
-4.1406076100931407e-05
-4.0980055670600085e-05
-4.0492805783107655e-05
-4.0066643875733152e-05
-3.9609718738306216e-05
-3.9150712670488178e-05
-3.8719352916646915e-05
-3.8227221925510831e-05
0.0000000000000000e+00
];
