%Vec Object:dSdr_b_aug_900 1 MPI processes
%  type: seq
dSdr_b_aug_900 = [
2.4756655871078146e+03
0.0000000000000000e+00
-2.5781619144964704e-06
-1.0509609134500540e-06
-6.3950456917012268e-07
-4.4857124857955167e-07
-3.3652783674676102e-07
-2.6737370411517904e-07
-2.2050606989180765e-07
-1.8494661592352717e-07
-1.5855361888250059e-07
-1.3833279003237969e-07
-1.2183808912421237e-07
-1.0847435695645236e-07
-9.7521236929017358e-08
-8.8283840355118444e-08
-8.0389138574693475e-08
-7.3654489465594059e-08
-6.7832354234742378e-08
-6.2694528648662108e-08
-5.8193852086558890e-08
-5.4224886332076522e-08
-5.0656563249116821e-08
-4.7466623264669010e-08
-4.4604827443895884e-08
-4.2042268972008913e-08
-7.0322361678154773e-08
-1.4435021208067071e-05
-3.3914859805298756e-04
-4.2027026698121403e-04
-3.8796235191968962e-04
-3.4906794463088436e-04
-3.1166172769701920e-04
-2.7213977851295497e-04
-2.3999547185871913e-04
-2.1202840641924582e-04
-1.8756980384816452e-04
-1.6446820178894983e-04
-1.4696969710241618e-04
-1.3369317911915055e-04
-1.2319382570666904e-04
-1.1471430868801462e-04
-1.0940899964033761e-04
-1.0614563505066422e-04
-1.0432934421382266e-04
-1.0384004650619470e-04
-1.0427963209042348e-04
-1.0526596349827036e-04
-1.0672342425558357e-04
-1.0870005301694458e-04
-1.1043717813965041e-04
-1.1226315397172322e-04
-1.1411453822183685e-04
-1.1588597099736828e-04
-1.1736161978949433e-04
-1.1866844728742914e-04
-1.1990528373234458e-04
-1.2088885645983387e-04
-1.2167977491965873e-04
-1.2229285250087596e-04
-1.2282554238106000e-04
-1.2314600504694743e-04
-1.2329617722594928e-04
-1.2337941507520230e-04
-1.2336898308257336e-04
-1.2321854113684941e-04
-1.2299582226592647e-04
-1.2271024838675951e-04
-1.2233896360964753e-04
-1.2190462384701141e-04
-1.2144330385851311e-04
-1.2093940007275637e-04
-1.2040114155417434e-04
-1.1977994822811620e-04
-1.1918524078954814e-04
-1.1856392331711909e-04
-1.1787626664143734e-04
-1.1723034973700805e-04
-1.1657434618761679e-04
-1.1582139999158005e-04
-1.1513664498420593e-04
-1.1444765537365407e-04
-1.1368428334536076e-04
-1.1298857920677358e-04
-1.1229595280205939e-04
-1.1148868437031948e-04
-1.1079417758433054e-04
-1.1007815400801959e-04
-1.0929672149638116e-04
-1.0860544710027962e-04
-1.0787239557626886e-04
-1.0709786251828525e-04
-1.0640433944511569e-04
-1.0564784634089378e-04
-1.0491735170517266e-04
-1.0423603855158676e-04
-1.0344900489924456e-04
-1.0275217640605127e-04
-1.0205909789016357e-04
-1.0125924177820137e-04
-1.0061125941343824e-04
-9.9885103766789686e-05
-9.9141486770737303e-05
-9.8494556891885778e-05
-9.7707725759391188e-05
-9.7039988428575388e-05
-9.6366677372181138e-05
-9.5606127404737428e-05
-9.4971023570904732e-05
-9.4235761661044343e-05
-9.3539492628439520e-05
-9.2898319358508284e-05
-9.2144265919632211e-05
-9.1517011567237007e-05
-9.0804181053408207e-05
-9.0132933780560860e-05
-8.9467976901272931e-05
-8.8760904787964207e-05
-8.8138893483162174e-05
-8.7407698010774762e-05
-8.6792214716719521e-05
-8.6107779301514901e-05
-8.5429416393951516e-05
-8.4823280503132234e-05
-8.4082912769617890e-05
-8.3504952621415770e-05
-8.2792481270123569e-05
-8.2177610572638248e-05
-8.1518489593452410e-05
-8.0863501140426250e-05
-8.0233257376334427e-05
-7.9565910761499002e-05
-7.8970258038534968e-05
-7.8266182556525844e-05
-7.7700345774719219e-05
-7.6998292318422747e-05
-7.6408908117235602e-05
-7.5752079573643873e-05
-7.5128209004749424e-05
-7.4504236886955029e-05
-7.3870704843458605e-05
-7.3257906792562812e-05
-7.2617400660179797e-05
-7.2017619385258969e-05
-7.1356036737914454e-05
-7.0791152005594276e-05
-7.0106500859256029e-05
-6.9557632415848122e-05
-6.8878445724806714e-05
-6.8326080031197729e-05
-6.7650401208354277e-05
-6.7099715638203783e-05
-6.6416513899757664e-05
-6.5883492336080886e-05
-6.5193047075460321e-05
-6.4661344017226364e-05
-6.3984220999289672e-05
-6.3442164123473269e-05
-6.2773718668303691e-05
-6.2224552465300388e-05
-6.1557979883753748e-05
-6.1015675974415363e-05
-6.0349466692478934e-05
-5.9797146402603314e-05
-5.9157144816398209e-05
-5.8577239808183712e-05
-5.7966257533136411e-05
-5.7363583433426421e-05
-5.6763263831021976e-05
-5.6152815738410021e-05
-5.5563921151260734e-05
-5.4937880955204848e-05
-5.4374956341214111e-05
-5.3716644649237873e-05
-5.3171754556346248e-05
-5.2513049800966082e-05
-5.1950987495941601e-05
-5.1323198744061034e-05
-5.0720869184819919e-05
-5.0134172690298311e-05
-4.9490993913543186e-05
-4.8936452502934022e-05
-4.8266510122334377e-05
-4.7701174818493682e-05
-4.7070083731017625e-05
-4.6466363828409761e-05
-4.5867757077885544e-05
-4.5228307896457680e-05
-4.4659612082693998e-05
-4.3986853572817972e-05
-4.3406716266008464e-05
-4.2775477609893539e-05
-4.2149947789799320e-05
-4.1560478929977642e-05
-4.0884417677271489e-05
-4.0293798200342440e-05
-3.9659129768225890e-05
-3.9019761808198413e-05
-3.8425252530501602e-05
-3.7754208581022867e-05
0.0000000000000000e+00
];
