%Vec Object:dSdr_b_aug_8950 1 MPI processes
%  type: seq
dSdr_b_aug_8950 = [
2.2796843571966365e+03
0.0000000000000000e+00
-6.5626899023723871e-07
-2.7174539877461779e-07
-1.6945039212436402e-07
-1.2057566765635042e-07
-9.0437624679352113e-08
-7.1797966618409664e-08
-5.9163639356541619e-08
-4.9672781893593168e-08
-4.2624001211752746e-08
-3.7219563204158566e-08
-3.2820646529690286e-08
-2.9256988377087290e-08
-2.6335030470201624e-08
-2.3871112541658599e-08
-2.1767997694502135e-08
-1.0052780802779740e-06
-7.3996738525884556e-04
-7.8089332395588139e-04
-7.3916340586973261e-04
-7.0047776660978392e-04
-6.6258095375444713e-04
-6.2482094442405610e-04
-5.8290140441004856e-04
-5.4241980523842719e-04
-5.0359542556249195e-04
-4.6437632621204117e-04
-4.2412394875067800e-04
-3.8108519666551441e-04
-3.4320793836807123e-04
-3.0679366054576118e-04
-2.7241017827211826e-04
-2.3614097061917062e-04
-2.0663697402567257e-04
-1.8095460971925576e-04
-1.5848880880634880e-04
-1.3727267259150386e-04
-1.2120355894108258e-04
-1.0901735971128668e-04
-9.9402084796376783e-05
-9.1656205912083938e-05
-8.6836864620612716e-05
-8.3907987802265936e-05
-8.2319974728414447e-05
-8.1968963464131229e-05
-8.2476862350616033e-05
-8.3493023803597272e-05
-8.4947972103267334e-05
-8.6906798905009880e-05
-8.8631114126062928e-05
-9.0437087094558834e-05
-9.2277960136844607e-05
-9.4052627723346176e-05
-9.5541827941949441e-05
-9.6878713200839250e-05
-9.8166805655477507e-05
-9.9209231051011526e-05
-1.0006874378082041e-04
-1.0076869422515785e-04
-1.0140324262412845e-04
-1.0182733432660003e-04
-1.0209276485661070e-04
-1.0231445726894219e-04
-1.0243084688785378e-04
-1.0241506081941114e-04
-1.0234167402095956e-04
-1.0221009112750790e-04
-1.0198816870509617e-04
-1.0171166615299350e-04
-1.0141854200896281e-04
-1.0107002392686032e-04
-1.0068783605665516e-04
-1.0025162798104211e-04
-9.9816381975219475e-05
-9.9353562288008468e-05
-9.8853785920324571e-05
-9.8366515033097808e-05
-9.7868559161441059e-05
-9.7308113698233822e-05
-9.6782463732347386e-05
-9.6254328170414146e-05
-9.5678015713149885e-05
-9.5140539107787587e-05
-9.4607282693120320e-05
-9.3988800595285089e-05
-9.3451884979398991e-05
-9.2897267392243711e-05
-9.2296808387967838e-05
-9.1760510913729850e-05
-9.1191405461492033e-05
-9.0593563998540841e-05
-9.0053685203356849e-05
-8.9465725211945548e-05
-8.8901030074839586e-05
-8.8370724445512513e-05
-8.7757701329376335e-05
-8.7220044668379898e-05
-8.6678369597176499e-05
-8.6055785609341918e-05
-8.5557046434248422e-05
-8.4987910290035588e-05
-8.4411197400173805e-05
-8.3911483556421592e-05
-8.3294825922806755e-05
-8.2779462167423027e-05
-8.2256746473899532e-05
-8.1663252502926534e-05
-8.1172620327648218e-05
-8.0601462223940827e-05
-8.0059666174035180e-05
-7.9563698545049154e-05
-7.8978948765221946e-05
-7.8491539582641065e-05
-7.7940797326234824e-05
-7.7419615417982415e-05
-7.6903542441404151e-05
-7.6357498337556578e-05
-7.5875607217443700e-05
-7.5308490648206896e-05
-7.4836061168276702e-05
-7.4303915455783306e-05
-7.3779887670421949e-05
-7.3316373871011380e-05
-7.2739032038764568e-05
-7.2297881740656999e-05
-7.1747844597585395e-05
-7.1271743729262382e-05
-7.0769327819586052e-05
-7.0262219231743395e-05
-6.9778217498242461e-05
-6.9267117848163817e-05
-6.8808945413637184e-05
-6.8269170645750941e-05
-6.7837071268691802e-05
-6.7297943530547817e-05
-6.6847800057787414e-05
-6.6345506342942675e-05
-6.5867765885977006e-05
-6.5392406628983767e-05
-6.4909420466215215e-05
-6.4440728515886139e-05
-6.3955896210189631e-05
-6.3497442582002167e-05
-6.2994200791796683e-05
-6.2568881486437054e-05
-6.2044173614625651e-05
-6.1633534333568803e-05
-6.1116001486154287e-05
-6.0698339274235063e-05
-6.0189991891538688e-05
-5.9772826138856465e-05
-5.9257745636211790e-05
-5.8857696062010923e-05
-5.8336446502548963e-05
-5.7938685357577907e-05
-5.7429088045018577e-05
-5.7022557470973189e-05
-5.6521578937607702e-05
-5.6111151466911074e-05
-5.5610471470709741e-05
-5.5209971813264904e-05
-5.4707582711873325e-05
-5.4299603839295057e-05
-5.3822889502223743e-05
-5.3390106833774814e-05
-5.2940076409381783e-05
-5.2489846078551490e-05
-5.2047249424178568e-05
-5.1595093398579144e-05
-5.1159928404570381e-05
-5.0698437090760783e-05
-5.0284165055109305e-05
-4.9798775485679185e-05
-4.9399464589672024e-05
-4.8914060361302192e-05
-4.8502768526307457e-05
-4.8043162045426245e-05
-4.7600735360876980e-05
-4.7175711596854820e-05
-4.6702057787148975e-05
-4.6301419240375362e-05
-4.5812151099980172e-05
-4.5400355820770125e-05
-4.4945487749440721e-05
-4.4505243471339418e-05
-4.4073605836868638e-05
-4.3610514158814548e-05
-4.3200924119355996e-05
-4.2715386867231603e-05
-4.2297868061325198e-05
-4.1843102137014733e-05
-4.1394005721271984e-05
-4.0970645352886198e-05
-4.0486469913908876e-05
-4.0062990961916478e-05
-3.9608973511318201e-05
-3.9152939935239051e-05
-3.8724348999865320e-05
-3.8235751964309270e-05
0.0000000000000000e+00
];
