%Vec Object:dSdr_b_aug_7820 1 MPI processes
%  type: seq
dSdr_b_aug_7820 = [
2.2956665282930981e+03
0.0000000000000000e+00
-7.2718312351529956e-07
-3.0095423266073975e-07
-1.8747161521528759e-07
-1.3334499932919560e-07
-1.0006682325428532e-07
-7.9487300727497903e-08
-6.5537748993553924e-08
-5.5049958578317078e-08
-4.7260824529109790e-08
-4.1288977682478701e-08
-3.6426645085046464e-08
-3.2487286212713091e-08
-2.9257286766517318e-08
-2.6533321827585577e-08
-2.4205438399576303e-08
-2.2543136175524148e-08
-4.3732588258720036e-05
-7.8196139405280196e-04
-7.4456177766282208e-04
-7.0563611645570244e-04
-6.6747949607343223e-04
-6.2946549738746938e-04
-5.8726665646778695e-04
-5.4652305211655503e-04
-5.0745301137504397e-04
-4.6798905607959435e-04
-4.2748999237238042e-04
-3.8419462172098993e-04
-3.4609281113199891e-04
-3.0946635848439516e-04
-2.7488529791120964e-04
-2.3840994583487109e-04
-2.0873933497910505e-04
-1.8291293682486459e-04
-1.6032153375564011e-04
-1.3898656865345593e-04
-1.2282737135740993e-04
-1.1057245834032224e-04
-1.0090146748977291e-04
-9.3109353743716047e-05
-8.8259386171105574e-05
-8.5309429572035677e-05
-8.3707030227747826e-05
-8.3347304073465260e-05
-8.3850897871492520e-05
-8.4865179499608287e-05
-8.6320286238431869e-05
-8.8280235041236570e-05
-9.0005357649590082e-05
-9.1812591310118743e-05
-9.3654126863308034e-05
-9.5428590663930088e-05
-9.6916936924459110e-05
-9.8251927970585578e-05
-9.9536790268281862e-05
-1.0057550675141749e-04
-1.0143069663702391e-04
-1.0212517229384529e-04
-1.0275330148778885e-04
-1.0317086240191132e-04
-1.0342902924690213e-04
-1.0364199611784844e-04
-1.0375039331645692e-04
-1.0372612110036066e-04
-1.0364332324038900e-04
-1.0350203567337360e-04
-1.0327070027791018e-04
-1.0298425065536402e-04
-1.0268052662568193e-04
-1.0232221596777898e-04
-1.0193019235460728e-04
-1.0148232630062748e-04
-1.0103703085845037e-04
-1.0056422246423330e-04
-1.0005260566538096e-04
-9.9555336727802954e-05
-9.9047420513157135e-05
-9.8474843431610679e-05
-9.7939166485007880e-05
-9.7400893717116666e-05
-9.6812792548485357e-05
-9.6265344262309348e-05
-9.5722044167262678e-05
-9.5091664533685961e-05
-9.4544817339911906e-05
-9.3980027759705211e-05
-9.3368163592453580e-05
-9.2822099292201956e-05
-9.2242661766475171e-05
-9.1633684990847188e-05
-9.1084123353393456e-05
-9.0485542206326399e-05
-8.9910398189063683e-05
-8.9370575887979197e-05
-8.8746586421151337e-05
-8.8198898562944156e-05
-8.7647681867689085e-05
-8.7013925978973134e-05
-8.6505781321337408e-05
-8.5926749614467291e-05
-8.5339518214976089e-05
-8.4830526628421074e-05
-8.4203144443723658e-05
-8.3678177910713838e-05
-8.3145971504624609e-05
-8.2541949451206330e-05
-8.2042212486722728e-05
-8.1460712349502935e-05
-8.0909181211778189e-05
-8.0404062534281191e-05
-7.9808643018366735e-05
-7.9312420610355385e-05
-7.8751463341026644e-05
-7.8220824117341189e-05
-7.7695368282254350e-05
-7.7139175982788043e-05
-7.6648454304077812e-05
-7.6070997267394745e-05
-7.5589552347253897e-05
-7.5047809136827474e-05
-7.4514054948310345e-05
-7.4041552915335158e-05
-7.3453936975227728e-05
-7.3004164737499325e-05
-7.2443890775004578e-05
-7.1959044445702700e-05
-7.1446752773290405e-05
-7.0930324597555947e-05
-7.0437106494073898e-05
-6.9916159949919804e-05
-6.9449323320264312e-05
-6.8899194099596807e-05
-6.8458666407431734e-05
-6.7909270869094166e-05
-6.7450352253405901e-05
-6.6938319541306652e-05
-6.6451369762094524e-05
-6.5966644716068386e-05
-6.5474170941943547e-05
-6.4996397222318649e-05
-6.4501754133661861e-05
-6.4034393835715278e-05
-6.3521173180507089e-05
-6.3087058260415495e-05
-6.2552270534428051e-05
-6.2132919848998587e-05
-6.1605199342188647e-05
-6.1179047915424265e-05
-6.0660155060681490e-05
-6.0234574685494735e-05
-5.9708898932745717e-05
-5.9300469256704767e-05
-5.8768556728166521e-05
-5.8362354350552767e-05
-5.7842199308687155e-05
-5.7427127645826293e-05
-5.6915595081356302e-05
-5.6496424063446484e-05
-5.5985289245004609e-05
-5.5575852839208497e-05
-5.5063139511740144e-05
-5.4646063985249030e-05
-5.4159058997167280e-05
-5.3717004404801266e-05
-5.3256830495764634e-05
-5.2796992862294137e-05
-5.2344456195875298e-05
-5.1882324281294013e-05
-5.1437470920120122e-05
-5.0965609380345376e-05
-5.0541968910481804e-05
-5.0045681390665042e-05
-4.9637195713517278e-05
-4.9140869645608747e-05
-4.8720075820892744e-05
-4.8249870004719700e-05
-4.7797365728484176e-05
-4.7362152793377307e-05
-4.6877814902352193e-05
-4.6467476743485354e-05
-4.5966821745896501e-05
-4.5545349558484967e-05
-4.5079374952384455e-05
-4.4628827357083262e-05
-4.4186666061130119e-05
-4.3712458813054428e-05
-4.3292840123357253e-05
-4.2795501903652461e-05
-4.2367732037934864e-05
-4.1901841056884169e-05
-4.1441620736550938e-05
-4.1007785052806171e-05
-4.0511506148303024e-05
-4.0077476589644861e-05
-3.9612043109570614e-05
-3.9144389360769880e-05
-3.8705156445174513e-05
-3.8204076944819869e-05
0.0000000000000000e+00
];
