%Vec Object:dSdr_b_aug_2610 1 MPI processes
%  type: seq
dSdr_b_aug_2610 = [
2.3878145255751083e+03
0.0000000000000000e+00
-1.3544728486821685e-06
-5.5683785811100718e-07
-3.4325849922325086e-07
-2.4263412456615272e-07
-1.8209194953403983e-07
-1.4468561233818661e-07
-1.1933171244079408e-07
-1.0018758488516467e-07
-8.5973686533404743e-08
-7.5079826401025021e-08
-6.6201298190166593e-08
-5.9007932158764864e-08
-5.3110967136613078e-08
-4.8137590907360903e-08
-4.3887034115701457e-08
-4.0260511756984516e-08
-3.7124923367303392e-08
-3.4357418674471791e-08
-3.1932868200143665e-08
-3.0877559195445370e-08
-1.1319436866686028e-05
-6.0188661748603381e-04
-6.2057552586729996e-04
-5.7901748138980815e-04
-5.3803673046329313e-04
-4.9663284737437130e-04
-4.5417798582590132e-04
-4.0884799594628551e-04
-3.6896580165854501e-04
-3.3065710081628971e-04
-2.9450952195033119e-04
-2.5639973428141641e-04
-2.2540810644667414e-04
-1.9843972282487129e-04
-1.7485247397337140e-04
-1.5257536541998337e-04
-1.3570193294852706e-04
-1.2290221591023835e-04
-1.1278947570118470e-04
-1.0463078416289608e-04
-9.9537992823925143e-05
-9.6420902745311272e-05
-9.4704440030142986e-05
-9.4275616567145729e-05
-9.4745076585605996e-05
-9.5744453380855249e-05
-9.7200815875118433e-05
-9.9169660141209192e-05
-1.0090118380247674e-04
-1.0271841261010532e-04
-1.0456520059728981e-04
-1.0633804833904752e-04
-1.0781962361467481e-04
-1.0913959593754217e-04
-1.1039884736878451e-04
-1.1140815714623792e-04
-1.1222907272525324e-04
-1.1288014079749579e-04
-1.1345737451532711e-04
-1.1382315526698682e-04
-1.1402373111948137e-04
-1.1416751654035483e-04
-1.1421254491820208e-04
-1.1412098932572156e-04
-1.1396357482953459e-04
-1.1374534270244576e-04
-1.1343937552887423e-04
-1.1307405949254282e-04
-1.1268629314732938e-04
-1.1225034101220154e-04
-1.1178033367196711e-04
-1.1124003612914027e-04
-1.1071506271914975e-04
-1.1016305788086324e-04
-1.0955756306827012e-04
-1.0898102360965644e-04
-1.0839413584159003e-04
-1.0772537204473800e-04
-1.0711019520332575e-04
-1.0649154861032750e-04
-1.0580997949990195e-04
-1.0518346977228876e-04
-1.0456053738119255e-04
-1.0383582698393166e-04
-1.0321023631087250e-04
-1.0256479709765127e-04
-1.0186250599307435e-04
-1.0123900446645464e-04
-1.0057764809665358e-04
-9.9880383919208991e-05
-9.9254050930174109e-05
-9.8571258925203098e-05
-9.7913269953143114e-05
-9.7297993800668210e-05
-9.6587056565642431e-05
-9.5959835392858819e-05
-9.5332967010838213e-05
-9.4610633630904273e-05
-9.4027916698078041e-05
-9.3370427078774644e-05
-9.2699798681803569e-05
-9.2117247635686126e-05
-9.1404834834762526e-05
-9.0803731773137452e-05
-9.0196277357181318e-05
-8.9508782408480653e-05
-8.8936857264594954e-05
-8.8273359339183856e-05
-8.7644642640157685e-05
-8.7066969012756289e-05
-8.6386953488458350e-05
-8.5820854593550888e-05
-8.5178906632242673e-05
-8.4573284193462618e-05
-8.3973435482398329e-05
-8.3336782259291946e-05
-8.2776046667611231e-05
-8.2116604262608522e-05
-8.1563679578772275e-05
-8.0945841705187935e-05
-8.0334970816569963e-05
-7.9791204731569434e-05
-7.9122129563605334e-05
-7.8603997471080687e-05
-7.7962559926563756e-05
-7.7408374392798964e-05
-7.6817781811518688e-05
-7.6227462412678475e-05
-7.5661171459632197e-05
-7.5062152896411644e-05
-7.4526621389204602e-05
-7.3894395923525418e-05
-7.3387043552308130e-05
-7.2756238803751492e-05
-7.2227745653278229e-05
-7.1638496396859077e-05
-7.1078529652808970e-05
-7.0519547081069730e-05
-6.9951849902437024e-05
-6.9402070536675524e-05
-6.8829641748929809e-05
-6.8291664100393195e-05
-6.7699325094290982e-05
-6.7195473336355648e-05
-6.6580766560239753e-05
-6.6092346709662895e-05
-6.5483852412000424e-05
-6.4990393474314735e-05
-6.4387889880692374e-05
-6.3895593410830603e-05
-6.3285912253490794e-05
-6.2811040187405641e-05
-6.2194585342994785e-05
-6.1721455899079841e-05
-6.1117592950445056e-05
-6.0634802508302137e-05
-6.0039591365082363e-05
-5.9551096364299827e-05
-5.8957069561845120e-05
-5.8476777367831754e-05
-5.7882207509794591e-05
-5.7393008378751473e-05
-5.6824413073928487e-05
-5.6308845244712435e-05
-5.5768247854380444e-05
-5.5232237917091317e-05
-5.4700891037289059e-05
-5.4159664465505236e-05
-5.3637996101437751e-05
-5.3083913389530771e-05
-5.2585994560470288e-05
-5.2003301785599281e-05
-5.1522073178324598e-05
-5.0939152486084064e-05
-5.0443021470521587e-05
-4.9888778084246299e-05
-4.9356372961691770e-05
-4.8840374548143470e-05
-4.8271327282153058e-05
-4.7784085252311058e-05
-4.7193148970405490e-05
-4.6694953059657246e-05
-4.6140919898465881e-05
-4.5608682248419842e-05
-4.5083084023555476e-05
-4.4520747038061626e-05
-4.4021616597368478e-05
-4.3430714991817010e-05
-4.2921670781065043e-05
-4.2367576562941294e-05
-4.1819163132509380e-05
-4.1302278282350111e-05
-4.0710043904513910e-05
-4.0192375559231423e-05
-3.9636451466711120e-05
-3.9076712515071077e-05
-3.8553230082172426e-05
-3.7953831595476699e-05
0.0000000000000000e+00
];
