%Vec Object:dSdr_b_aug_3810 1 MPI processes
%  type: seq
dSdr_b_aug_3810 = [
2.3572410500367032e+03
0.0000000000000000e+00
-1.0927808446836948e-06
-4.4935266733739739e-07
-2.7741509004968397e-07
-1.9606119035862395e-07
-1.4677170325249755e-07
-1.1631172470431087e-07
-9.5667993065561708e-08
-8.0118307894076606e-08
-6.8573902733432810e-08
-5.9725354816252512e-08
-5.2521871288926400e-08
-4.6687371038711631e-08
-4.1904515985067962e-08
-3.7872588918102484e-08
-3.4428566635204411e-08
-3.1490338823143787e-08
-2.8950235293465027e-08
-2.6711075430024814e-08
-7.3836065699440855e-08
-2.4249696453945094e-04
-6.8938517857332143e-04
-6.5391086553008646e-04
-6.1030548692806569e-04
-5.6818057445650358e-04
-5.2781394638663087e-04
-4.8705760538542641e-04
-4.4525649341315950e-04
-4.0060665004331466e-04
-3.6131961751479372e-04
-3.2357327311255293e-04
-2.8794936351281687e-04
-2.5038594905618710e-04
-2.1983592216379060e-04
-1.9324929128411081e-04
-1.6999494233620299e-04
-1.4803278158823866e-04
-1.3139810977077167e-04
-1.1878051444587882e-04
-1.0881544597356336e-04
-1.0077929719153541e-04
-9.5767679086385113e-05
-9.2706459867198185e-05
-9.1028127297728859e-05
-9.0622402355197405e-05
-9.1103272993411810e-05
-9.2107632393190336e-05
-9.3563575193233184e-05
-9.5529445899026822e-05
-9.7258829844165142e-05
-9.9072717467363531e-05
-1.0091774970076140e-04
-1.0269113774273425e-04
-1.0417497654517327e-04
-1.0549996951506082e-04
-1.0676778242310896e-04
-1.0778692257855011e-04
-1.0861929571525098e-04
-1.0928487449277490e-04
-1.0987912203095257e-04
-1.1026221234026733e-04
-1.1048204026424505e-04
-1.1064895237777356e-04
-1.1071516434572574e-04
-1.1064610092862097e-04
-1.1051363002806907e-04
-1.1032111969023705e-04
-1.1004010116427953e-04
-1.0970114936186394e-04
-1.0934147749196361e-04
-1.0893148010063698e-04
-1.0848754191085883e-04
-1.0797814323807700e-04
-1.0747980531208697e-04
-1.0695427497286339e-04
-1.0638016254056810e-04
-1.0583012234216027e-04
-1.0526963389192292e-04
-1.0463302424539252e-04
-1.0404442333871480e-04
-1.0345264482467944e-04
-1.0280232100719361e-04
-1.0220224064220364e-04
-1.0160592844335770e-04
-1.0091275176864740e-04
-1.0031348416533678e-04
-9.9695005226835851e-05
-9.9022942838372942e-05
-9.8425327714422514e-05
-9.7791355900729080e-05
-9.7123605215586765e-05
-9.6522936033490838e-05
-9.5868294777551799e-05
-9.5237999948318236e-05
-9.4647947176250359e-05
-9.3966075607201111e-05
-9.3365441532479928e-05
-9.2763862663955874e-05
-9.2071139746938474e-05
-9.1513351492083109e-05
-9.0882089463745631e-05
-9.0239339726637543e-05
-8.9681378762882153e-05
-8.8997390721327473e-05
-8.8421739226375478e-05
-8.7839439354985672e-05
-8.7179848436250767e-05
-8.6632054969718400e-05
-8.5995967962084366e-05
-8.5393053507609490e-05
-8.4839634163634832e-05
-8.4187898111407698e-05
-8.3645158119249102e-05
-8.3030284412854754e-05
-8.2449727997179286e-05
-8.1874747965075289e-05
-8.1264991899887408e-05
-8.0727661148565055e-05
-8.0095625504845292e-05
-7.9566595677579870e-05
-7.8974195368274340e-05
-7.8389103698725806e-05
-7.7869160358525635e-05
-7.7227316065773202e-05
-7.6732035876541114e-05
-7.6117730374832964e-05
-7.5586724128057963e-05
-7.5022306629079713e-05
-7.4456688203618584e-05
-7.3914824650161645e-05
-7.3341904651094461e-05
-7.2829337035222271e-05
-7.2224555384473455e-05
-7.1739541716411040e-05
-7.1135951112482137e-05
-7.0630715908196243e-05
-7.0067279233358351e-05
-6.9531721197802388e-05
-6.8997562038543300e-05
-6.8455011153018973e-05
-6.7929302418621266e-05
-6.7382876466514396e-05
-6.6868505354287440e-05
-6.6302614670000936e-05
-6.5822075099083291e-05
-6.5234084304600619e-05
-6.4768753440989625e-05
-6.4187260849946217e-05
-6.3716301992545647e-05
-6.3141748459264114e-05
-6.2671754359645330e-05
-6.2090155187812548e-05
-6.1637493988514895e-05
-6.1049300604698961e-05
-6.0598544040782203e-05
-6.0022663609915123e-05
-5.9562510698094989e-05
-5.8995272257625732e-05
-5.8529951376484227e-05
-5.7963634313718393e-05
-5.7507028290353082e-05
-5.6939822015538901e-05
-5.6474732854214957e-05
-5.5933412121608739e-05
-5.5442418778439547e-05
-5.4928705877530757e-05
-5.4418159295428281e-05
-5.3913157578802895e-05
-5.3398371238753008e-05
-5.2902381024864556e-05
-5.2375783660873809e-05
-5.1902694964435668e-05
-5.1348886173493815e-05
-5.0891974361518346e-05
-5.0338000885617885e-05
-4.9867053814595109e-05
-4.9340902756162981e-05
-4.8835207042179810e-05
-4.8346213689298313e-05
-4.7805483107841431e-05
-4.7343948374988537e-05
-4.6783191171812663e-05
-4.6310642055536113e-05
-4.5786044595461227e-05
-4.5281113487719258e-05
-4.4783405454063012e-05
-4.4250526996912104e-05
-4.3777973657551873e-05
-4.3218345689309099e-05
-4.2736466003848484e-05
-4.2211851026143083e-05
-4.1692911147851761e-05
-4.1203776634873638e-05
-4.0643600723565628e-05
-4.0153861980931511e-05
-3.9628133643722459e-05
-3.9099062442765307e-05
-3.8603420014099885e-05
-3.8035169482943356e-05
0.0000000000000000e+00
];
