%Vec Object:dSdr_b_aug_1770 1 MPI processes
%  type: seq
dSdr_b_aug_1770 = [
2.4213184081644849e+03
0.0000000000000000e+00
-1.7215451828965820e-06
-7.0564265103152137e-07
-4.3298524673183925e-07
-3.0521821190242387e-07
-2.2904470390372235e-07
-1.8199811267244084e-07
-1.5011113490497699e-07
-1.2599183263280969e-07
-1.0808617373512140e-07
-9.4364725255066231e-08
-8.3177790000946359e-08
-7.4114161439480993e-08
-6.6684540883481506e-08
-6.0418540904233604e-08
-5.5063187077553025e-08
-5.0494316957130796e-08
-4.6544143445736350e-08
-4.3057823469419777e-08
-4.0003601596192551e-08
-3.7310026096316920e-08
-3.4894577470554175e-08
-6.7397074339658103e-08
-6.7933932833076803e-05
-5.6429292114124530e-04
-5.4711860977725416e-04
-5.0594582100704116e-04
-4.6289610445287481e-04
-4.1690418647722890e-04
-3.7644042923781605e-04
-3.3758201334985601e-04
-3.0092251632116282e-04
-2.6227861300845830e-04
-2.3085529092303729e-04
-2.0351371856613945e-04
-1.7960103786925942e-04
-1.5701604685028778e-04
-1.3990920991431338e-04
-1.2693145673535597e-04
-1.1667435752335479e-04
-1.0839587222778178e-04
-1.0322372857743211e-04
-1.0005202093352286e-04
-9.8298283376542080e-05
-9.7846879482009475e-05
-9.8305184769811486e-05
-9.9299690649270019e-05
-1.0075646333687960e-04
-1.0272821437338310e-04
-1.0446182967299594e-04
-1.0628232463871613e-04
-1.0813082892411575e-04
-1.0990314842307205e-04
-1.1138251089143049e-04
-1.1269757514252358e-04
-1.1394845710740992e-04
-1.1494815698744184e-04
-1.1575787199478969e-04
-1.1639475484320001e-04
-1.1695535637777197e-04
-1.1730421584489616e-04
-1.1748597150047936e-04
-1.1760714908785220e-04
-1.1763146914181176e-04
-1.1751792599372859e-04
-1.1733612751265244e-04
-1.1709275066167358e-04
-1.1676239456013129e-04
-1.1637130576317278e-04
-1.1595607522869896e-04
-1.1549475063340490e-04
-1.1499925899026679e-04
-1.1442875577026256e-04
-1.1387774434937781e-04
-1.1329985883053040e-04
-1.1266368555953514e-04
-1.1206124122147403e-04
-1.1144854627786537e-04
-1.1074834957606870e-04
-1.1010719290995645e-04
-1.0946228090483923e-04
-1.0875016736670650e-04
-1.0809782110664784e-04
-1.0744886563701052e-04
-1.0669332885961324e-04
-1.0604200559410692e-04
-1.0537021089834473e-04
-1.0463836919243760e-04
-1.0398956196596566e-04
-1.0330143535167046e-04
-1.0257531975278959e-04
-1.0192389866737350e-04
-1.0121358741428220e-04
-1.0052852555752947e-04
-9.9888591855515392e-05
-9.9149240981153796e-05
-9.8496029134742186e-05
-9.7844438554464127e-05
-9.7093158960794750e-05
-9.6486072571308403e-05
-9.5802943730384138e-05
-9.5105062090395032e-05
-9.4498472605898171e-05
-9.3758272713997793e-05
-9.3132289055602318e-05
-9.2500244402534586e-05
-9.1785471411239759e-05
-9.1189955951679697e-05
-9.0499662034399742e-05
-8.9845721929328985e-05
-8.9244338131352685e-05
-8.8536677546492796e-05
-8.7947743776002759e-05
-8.7279328934859726e-05
-8.6649202797109201e-05
-8.6025043304869934e-05
-8.5362096327098655e-05
-8.4778480954891995e-05
-8.4092246624883893e-05
-8.3515963137643779e-05
-8.2873258361699660e-05
-8.2237186580567354e-05
-8.1670132187912264e-05
-8.0974437038055391e-05
-8.0433965700944850e-05
-7.9766004790906504e-05
-7.9189159974857068e-05
-7.8572979521867133e-05
-7.7958513292049748e-05
-7.7368342945352057e-05
-7.6743811314460540e-05
-7.6185831091913649e-05
-7.5526777487957297e-05
-7.4997587566492545e-05
-7.4340179199464766e-05
-7.3788949879274431e-05
-7.3174467127851470e-05
-7.2590639269475064e-05
-7.2007390183937450e-05
-7.1415110855404480e-05
-7.0841800871936607e-05
-7.0243952609652657e-05
-6.9682898030576037e-05
-6.9064704060618225e-05
-6.8538063121270960e-05
-6.7897239730123682e-05
-6.7386248894800896e-05
-6.6751358670942147e-05
-6.6235904448547556e-05
-6.5606077854481700e-05
-6.5091979379923979e-05
-6.4454846262158958e-05
-6.3958261647765533e-05
-6.3314179400813687e-05
-6.2819179036833993e-05
-6.2187961378513357e-05
-6.1683041311440256e-05
-6.1060485062200585e-05
-6.0549335894302497e-05
-5.9928221060766453e-05
-5.9424774147128379e-05
-5.8803454662251241e-05
-5.8290686534041049e-05
-5.7695428631787631e-05
-5.7155837727542836e-05
-5.6588959090589162e-05
-5.6028057171298362e-05
-5.5470956295895792e-05
-5.4903882807205938e-05
-5.4357112527278153e-05
-5.3776161262286634e-05
-5.3253969548983633e-05
-5.2643041006525152e-05
-5.2138041386258971e-05
-5.1526823171312785e-05
-5.1006073514351703e-05
-5.0424368393275877e-05
-4.9865853480290630e-05
-4.9323456314659271e-05
-4.8726728171009202e-05
-4.8214356192518856e-05
-4.7593918609680608e-05
-4.7070652126709236e-05
-4.6487844649470060e-05
-4.5928914276144957e-05
-4.5376053029212898e-05
-4.4784920211052347e-05
-4.4259811161880765e-05
-4.3638340406681201e-05
-4.3102744820826483e-05
-4.2519837710046029e-05
-4.1942618852494158e-05
-4.1398616151640545e-05
-4.0775057668027385e-05
-4.0230110999489385e-05
-3.9644713445669217e-05
-3.9055090268266086e-05
-3.8504660750501842e-05
-3.7876239871979553e-05
0.0000000000000000e+00
];
