%Vec Object:dSdr_b_aug_7020 1 MPI processes
%  type: seq
dSdr_b_aug_7020 = [
2.3019561510713897e+03
0.0000000000000000e+00
-7.5737323825929675e-07
-3.1330622784820939e-07
-1.9503342900524418e-07
-1.3866347483589613e-07
-1.0405198452704875e-07
-8.2649207893721030e-08
-6.8141724657063264e-08
-5.7231763958057691e-08
-4.9129286206104167e-08
-4.2917357592491967e-08
-3.7859328900040766e-08
-3.3761449450232695e-08
-3.0401528004046109e-08
-2.7568019106096364e-08
-2.5146540777970443e-08
-2.3096288563805997e-08
-2.8587890814947775e-06
-7.3835319489318598e-04
-7.4889359156607037e-04
-7.1002472682069788e-04
-6.7164945183357952e-04
-6.3341927422705000e-04
-5.9098267296042164e-04
-5.5001603095243220e-04
-5.1073686582150675e-04
-4.7106447150747221e-04
-4.3035541069217200e-04
-3.8684158781803624e-04
-3.4854862213128812e-04
-3.1174155097378920e-04
-2.7699229750290935e-04
-2.4034146041677896e-04
-2.1052901547696142e-04
-1.8458000537529005e-04
-1.6188168098679430e-04
-1.4044556043530106e-04
-1.2420967752000401e-04
-1.1189627011448356e-04
-1.0217784961133724e-04
-9.4346377206121001e-05
-8.9470338334002615e-05
-8.6502437123145819e-05
-8.4887791169861547e-05
-8.4520646298363199e-05
-8.5020575321896768e-05
-8.6033256734850076e-05
-8.7488498375732190e-05
-8.9449402333715189e-05
-9.1175212272708194e-05
-9.2983519148311092e-05
-9.4825618700220696e-05
-9.6599909043707741e-05
-9.8087528371840676e-05
-9.9420906944399593e-05
-1.0070301951545483e-04
-1.0173857871948835e-04
-1.0259008870189215e-04
-1.0327990383733188e-04
-1.0390256855294962e-04
-1.0431457000010275e-04
-1.0456655348287776e-04
-1.0477209255360774e-04
-1.0487368603695130e-04
-1.0484218980869049e-04
-1.0475138058278855e-04
-1.0460183170574587e-04
-1.0436248331631667e-04
-1.0406756603726250e-04
-1.0375481862746339e-04
-1.0338817182944734e-04
-1.0298777532888856e-04
-1.0252998516917746e-04
-1.0207613492794168e-04
-1.0159482343164159e-04
-1.0107312720944972e-04
-1.0056734721569028e-04
-1.0005095204391462e-04
-9.9468047658990121e-05
-9.8923835028111152e-05
-9.8376932744128118e-05
-9.7778796178821966e-05
-9.7222859283228039e-05
-9.6671009287430373e-05
-9.6030501617642565e-05
-9.5475199952618891e-05
-9.4901751242326056e-05
-9.4280178181753300e-05
-9.3725799658621493e-05
-9.3137566730518484e-05
-9.2519110777327239e-05
-9.1961306409747709e-05
-9.1353683772464205e-05
-9.0769644918255231e-05
-9.0221721343135467e-05
-8.9588396530966737e-05
-8.9032169397447496e-05
-8.8472830186758411e-05
-8.7829563973368022e-05
-8.7313412693674938e-05
-8.6725957170524543e-05
-8.6129771654736679e-05
-8.5612882182011096e-05
-8.4976370483503448e-05
-8.4443229371095161e-05
-8.3902943783375437e-05
-8.3289959464180125e-05
-8.2782471843700811e-05
-8.2192167818813820e-05
-8.1632349469258335e-05
-8.1119440756232490e-05
-8.0514938388287656e-05
-8.0011213523888298e-05
-7.9441560495476746e-05
-7.8902870519327858e-05
-7.8369427314756382e-05
-7.7804596135558400e-05
-7.7306357244629571e-05
-7.6720097652276250e-05
-7.6230978135105091e-05
-7.5681064837944823e-05
-7.5139030829139358e-05
-7.4658877358941780e-05
-7.4062515352413911e-05
-7.3605403492945189e-05
-7.3036415206306711e-05
-7.2544124104534702e-05
-7.2023425465123105e-05
-7.1499063778256738e-05
-7.0998000029971590e-05
-7.0468671093188077e-05
-6.9994458869298523e-05
-6.9435515184871951e-05
-6.8987812696047891e-05
-6.8429676458291676e-05
-6.7963287800467539e-05
-6.7442964543530234e-05
-6.6948175116702928e-05
-6.6455477226896550e-05
-6.5954926904624668e-05
-6.5469422118463386e-05
-6.4966427373831529e-05
-6.4491485065791248e-05
-6.3969769670009432e-05
-6.3528167276905441e-05
-6.2984798839866237e-05
-6.2558032366190531e-05
-6.2021639375473242e-05
-6.1588261302781517e-05
-6.1060391366762391e-05
-6.0627647842438977e-05
-6.0092952631965445e-05
-5.9677389191482615e-05
-5.9136399555881956e-05
-5.8723011372729181e-05
-5.8193868809136759e-05
-5.7771526333364187e-05
-5.7251009392578123e-05
-5.6824395211545744e-05
-5.6304360467153924e-05
-5.5887316427939280e-05
-5.5365814343319275e-05
-5.4940995055836440e-05
-5.4445229887388420e-05
-5.3995282326010180e-05
-5.3526473509414508e-05
-5.3058457401608904e-05
-5.2597459030776312e-05
-5.2126834866231996e-05
-5.1673734009541839e-05
-5.1193044521009827e-05
-5.0761428893782960e-05
-5.0255864174064806e-05
-4.9839568175459164e-05
-4.9333944553210234e-05
-4.8905061842374415e-05
-4.8425832986529022e-05
-4.7964749801056689e-05
-4.7520862954210368e-05
-4.7027429825056226e-05
-4.6608834454254032e-05
-4.6098485905428664e-05
-4.5668775760612212e-05
-4.5193346144798397e-05
-4.4734027233667851e-05
-4.4282906968173925e-05
-4.3799236767555721e-05
-4.3371080250670260e-05
-4.2863695280555202e-05
-4.2427197788746622e-05
-4.1951834771102874e-05
-4.1482142790828830e-05
-4.1039386611949097e-05
-4.0532799556093295e-05
-4.0089780704284974e-05
-3.9614614786929905e-05
-3.9137038638457534e-05
-3.8688660670839196e-05
-3.8176497835341936e-05
0.0000000000000000e+00
];
