%Vec Object:dSdr_b_aug_110 1 MPI processes
%  type: seq
dSdr_b_aug_110 = [
2.6407554201753746e+03
0.0000000000000000e+00
-9.8853891202981113e-06
-3.9534297207177947e-06
-2.3392409520279740e-06
-1.6172551478952471e-06
-1.2148786629835718e-06
-9.6718272204191207e-07
-7.9936915981980429e-07
-6.7035940058955004e-07
-5.7466183189098931e-07
-5.0139884977442045e-07
-4.4148245894441302e-07
-3.9292874037759463e-07
-3.5314625543039108e-07
-3.1958651981692028e-07
-2.9089489290001956e-07
-2.6642427043223388e-07
-2.4527226982320718e-07
-2.2660396910882314e-07
-2.1025330772214591e-07
-1.9583664084049758e-07
-1.8287618946157046e-07
-1.7129145664386530e-07
-1.6089970469035009e-07
-1.5147015759705339e-07
-1.4289581016731591e-07
-1.3510345000927348e-07
-1.2797447980323218e-07
-1.2141015457852499e-07
-1.1538311305948208e-07
-1.0982977570282462e-07
-1.0466709739774186e-07
-9.9887690594484702e-08
-9.5452796435008238e-08
-9.1305959885736802e-08
-8.7437316796107644e-08
-8.3824411661500669e-08
-8.0432529627749751e-08
-7.7246787763820429e-08
-7.4255507682876002e-08
-7.1436813969985209e-08
-6.8774968091753714e-08
-6.6264460488744553e-08
-6.3892154055453252e-08
-6.1646172510094183e-08
-5.9534124069126368e-08
-5.7579797085142284e-08
-5.5878825499964169e-08
-5.4796260430080880e-08
-5.5561830971236323e-08
-6.2658709200088990e-08
-9.3920112958292412e-08
-2.1934360661619247e-07
-6.7284566293233095e-07
-2.1983670320415417e-06
-6.9913393314869304e-06
-1.9951703706829003e-05
-4.5512950186022434e-05
-7.7208172517257339e-05
-1.0283210919956873e-04
-1.1889993970226786e-04
-1.2806564313756150e-04
-1.3311757151266614e-04
-1.3582250270208809e-04
-1.3712804314501992e-04
-1.3765649725696076e-04
-1.3773527751696071e-04
-1.3751928559590783e-04
-1.3711546060353257e-04
-1.3661087750024969e-04
-1.3603654424472448e-04
-1.3540653061740949e-04
-1.3465982128839940e-04
-1.3395240511687452e-04
-1.3321530940624721e-04
-1.3238728964218180e-04
-1.3162206390476816e-04
-1.3084648235651443e-04
-1.2994724971729160e-04
-1.2914144436666376e-04
-1.2832992483944149e-04
-1.2742394177505127e-04
-1.2660757626356978e-04
-1.2579338642992356e-04
-1.2484209032470879e-04
-1.2402734851552874e-04
-1.2318817240036873e-04
-1.2226865229798868e-04
-1.2145912466974206e-04
-1.2060097448353128e-04
-1.1969161633418520e-04
-1.1888085396888916e-04
-1.1799576025749136e-04
-1.1713875070666883e-04
-1.1634220960436542e-04
-1.1542239540080344e-04
-1.1460410904951503e-04
-1.1379550037448930e-04
-1.1286037490356404e-04
-1.1209851077312259e-04
-1.1125254072155893e-04
-1.1038156792742941e-04
-1.0962230533691485e-04
-1.0870562375198754e-04
-1.0792161829202611e-04
-1.0713339601767948e-04
-1.0624537452602941e-04
-1.0550003226132046e-04
-1.0463955153430035e-04
-1.0382541254619990e-04
-1.0307344083360795e-04
-1.0219020091800784e-04
-1.0145623854369177e-04
-1.0061972737943943e-04
-9.9833973619739956e-05
-9.9055411823412021e-05
-9.8225468237917327e-05
-9.7496539307884581e-05
-9.6640144489727037e-05
-9.5915505163694030e-05
-9.5114866316709949e-05
-9.4318739271471405e-05
-9.3603776967688394e-05
-9.2739013728807907e-05
-9.2056662362375818e-05
-9.1220247145196138e-05
-9.0499489842877905e-05
-8.9720796787956064e-05
-8.8952970469426742e-05
-8.8211138683248099e-05
-8.7424569854766776e-05
-8.6724014992705758e-05
-8.5894572095017465e-05
-8.5226689414812890e-05
-8.4400317990471647e-05
-8.3704688827659961e-05
-8.2929945277451073e-05
-8.2194573093950923e-05
-8.1457205046687531e-05
-8.0708802256170771e-05
-7.9986047531050903e-05
-7.9226758127890669e-05
-7.8519140676718563e-05
-7.7736740120319580e-05
-7.7065364302541023e-05
-7.6258673036213432e-05
-7.5604333652331732e-05
-7.4801802145025944e-05
-7.4146656401632651e-05
-7.3343301089344191e-05
-7.2690739350684703e-05
-7.1879259238494380e-05
-7.1244780304228930e-05
-7.0425237695680647e-05
-6.9791338097849979e-05
-6.8986393053614253e-05
-6.8340931793844380e-05
-6.7544710377502186e-05
-6.6889689854737600e-05
-6.6096544085335392e-05
-6.5446048265170841e-05
-6.4654848926379193e-05
-6.3992402671444060e-05
-6.3227819770128986e-05
-6.2535669232295486e-05
-6.1801890234122625e-05
-6.1082913050354164e-05
-6.0362263786838560e-05
-5.9631053748980065e-05
-5.8924880745405630e-05
-5.8173309074594585e-05
-5.7496985269191801e-05
-5.6706759129980497e-05
-5.6050821840344924e-05
-5.5259921986606325e-05
-5.4582860625026933e-05
-5.3826792961280611e-05
-5.3102508826280895e-05
-5.2392515307175033e-05
-5.1620058145390511e-05
-5.0948169765115147e-05
-5.0140468182998125e-05
-4.9458094996602273e-05
-4.8692680870141748e-05
-4.7964392541285545e-05
-4.7238587714797358e-05
-4.6464824957874583e-05
-4.5775040997248641e-05
-4.4959830725475688e-05
-4.4256133854777554e-05
-4.3490944306296561e-05
-4.2731764008577806e-05
-4.2016952157419891e-05
-4.1196624667255412e-05
-4.0481982599456960e-05
-3.9715870788847688e-05
-3.8950274220781693e-05
-3.8267634828145955e-05
-3.7661913021787803e-05
0.0000000000000000e+00
];
