%Vec Object:dSdr_b_aug_6730 1 MPI processes
%  type: seq
dSdr_b_aug_6730 = [
2.3051910040968437e+03
0.0000000000000000e+00
-7.7253419403796366e-07
-3.1912536518357030e-07
-1.9834088029341036e-07
-1.4080168508279449e-07
-1.0551364028082755e-07
-8.3694764482188315e-08
-6.8906412875093647e-08
-5.7789165328729581e-08
-4.9533656657504628e-08
-4.3204724353000928e-08
-3.8053503863750163e-08
-3.3880831720756812e-08
-3.0459834682432538e-08
-2.7575540776680390e-08
-2.5111400686743378e-08
-2.3012342915135899e-08
-6.4803259583146210e-07
-6.4650403862715031e-04
-7.5018163536977604e-04
-7.1164416070585931e-04
-6.7319098210015689e-04
-6.3488092659660293e-04
-5.9235642960084843e-04
-5.5130733386139460e-04
-5.1195085850973667e-04
-4.7220140734407378e-04
-4.3141471367136465e-04
-3.8782013220472317e-04
-3.4945649927360688e-04
-3.1258265609270826e-04
-2.7777122416470883e-04
-2.4105551282973051e-04
-2.1119063389785450e-04
-1.8519629594675188e-04
-1.6245844430455277e-04
-1.4098492805478702e-04
-1.2472069561729230e-04
-1.1238566378608465e-04
-1.0264970931944021e-04
-9.4803686673185686e-05
-8.9918009443656173e-05
-8.6943474275933492e-05
-8.5324300939404620e-05
-8.4954413487264366e-05
-8.5452987708646989e-05
-8.6465077556701329e-05
-8.7920369080189884e-05
-8.9881626156343222e-05
-9.1607690201509287e-05
-9.3416393838533063e-05
-9.5258701901537978e-05
-9.7032928128760928e-05
-9.8520278728200377e-05
-9.9853061199886624e-05
-1.0113415724374455e-04
-1.0216854925388794e-04
-1.0301869883546916e-04
-1.0370679104945649e-04
-1.0432743563220418e-04
-1.0473738183022861e-04
-1.0498707941863363e-04
-1.0518987254421204e-04
-1.0528895079725898e-04
-1.0525478396086922e-04
-1.0516101305346921e-04
-1.0500841009418735e-04
-1.0476609942110914e-04
-1.0446805177605616e-04
-1.0415196855732603e-04
-1.0378224001285138e-04
-1.0337874818082991e-04
-1.0291728922672009e-04
-1.0246027640375899e-04
-1.0197582143708282e-04
-1.0145039900164998e-04
-1.0094147259702814e-04
-1.0042194288073724e-04
-9.9835220644717431e-05
-9.9287852498026571e-05
-9.8737760009954168e-05
-9.8135913507035080e-05
-9.7576838498339693e-05
-9.7021827730922058e-05
-9.6377575875899744e-05
-9.5819148718044497e-05
-9.5242498855437055e-05
-9.4617336560479524e-05
-9.4059884392160066e-05
-9.3468399933790627e-05
-9.2846439668644860e-05
-9.2285588085599019e-05
-9.1674622942881242e-05
-9.1087295798809238e-05
-9.0536377302357192e-05
-8.9899601350723843e-05
-8.9340217373157446e-05
-8.8777875388449033e-05
-8.8131093348223818e-05
-8.7611982138537041e-05
-8.7021412453734719e-05
-8.6421916730955041e-05
-8.5902107524109603e-05
-8.5262220776707013e-05
-8.4726057640667618e-05
-8.4182785296443922e-05
-8.3566487757395690e-05
-8.3056134831480086e-05
-8.2462576136737423e-05
-8.1899694124797445e-05
-8.1383905548163679e-05
-8.0776045381213558e-05
-8.0269546966948933e-05
-7.9696679242033120e-05
-7.9155013018876555e-05
-7.8618616998986352e-05
-7.8050592150611463e-05
-7.7549574254547803e-05
-7.6960060484294285e-05
-7.6468103779075950e-05
-7.5915170118371315e-05
-7.5370075179145941e-05
-7.4887093082535972e-05
-7.4287497780981272e-05
-7.3827672568564870e-05
-7.3255462721510823e-05
-7.2760419393876278e-05
-7.2236612819320982e-05
-7.1709318226901265e-05
-7.1205354055892413e-05
-7.0672926268448353e-05
-7.0195987392499714e-05
-6.9633785126756105e-05
-6.9183430217571764e-05
-6.8622062667898534e-05
-6.8152912441492555e-05
-6.7629524287991452e-05
-6.7131836654525098e-05
-6.6636191317316702e-05
-6.6132655209410446e-05
-6.5644292356995936e-05
-6.5138210123086477e-05
-6.4660464852375703e-05
-6.4135609070605103e-05
-6.3691238663447834e-05
-6.3144698057861912e-05
-6.2715190070455467e-05
-6.2175590983623360e-05
-6.1739541319749821e-05
-6.1208352681835519e-05
-6.0772961039540463e-05
-6.0234931460443796e-05
-5.9816730764362472e-05
-5.9272385447199119e-05
-5.8856340768722803e-05
-5.8323875641006410e-05
-5.7898845242869688e-05
-5.7375006899657182e-05
-5.6945641079677026e-05
-5.6422316151514713e-05
-5.6002459669624586e-05
-5.5477708497087615e-05
-5.5050026440738735e-05
-5.4551022746842543e-05
-5.4098157254318213e-05
-5.3626156221429081e-05
-5.3155116632593227e-05
-5.2690990073114468e-05
-5.2217226425843032e-05
-5.1761076566595825e-05
-5.1277123488024057e-05
-5.0842559532840436e-05
-5.0333565135772828e-05
-4.9914381740301821e-05
-4.9405320908509644e-05
-4.8973447810919897e-05
-4.8490883219735668e-05
-4.8026628481213351e-05
-4.7579534952927015e-05
-4.7082739374697136e-05
-4.6661091350684103e-05
-4.6147159140885159e-05
-4.5714403431411470e-05
-4.5235478303668715e-05
-4.4772916606705492e-05
-4.4318484149661102e-05
-4.3831315398498491e-05
-4.3400002279847228e-05
-4.2888902800141563e-05
-4.2449178350478381e-05
-4.1970313014134563e-05
-4.1497118608893424e-05
-4.1051063372203966e-05
-4.0540663588865079e-05
-4.0094318334909220e-05
-3.9615548673430805e-05
-3.9134291986089504e-05
-3.8682498387712529e-05
-3.8166052621079681e-05
0.0000000000000000e+00
];
