%Vec Object:dSdr_b_aug_920 1 MPI processes
%  type: seq
dSdr_b_aug_920 = [
2.4739727379662295e+03
0.0000000000000000e+00
-2.5455921801684247e-06
-1.0380713948626864e-06
-6.3196155771851903e-07
-4.4344448810535706e-07
-3.3275622010246814e-07
-2.6443652637832277e-07
-2.1813398920688314e-07
-1.8300385441018035e-07
-1.5692898498422810e-07
-1.3695169415288928e-07
-1.2065477595902872e-07
-1.0745093836734277e-07
-9.6628744934052926e-08
-8.7501404984883463e-08
-7.9700386391907960e-08
-7.3045573321473042e-08
-6.7292346624399869e-08
-6.2214997913821913e-08
-5.7767247073775736e-08
-5.3844933004315737e-08
-5.0318318922864257e-08
-4.7165613724906009e-08
-4.4337231924577695e-08
-4.1837578920427867e-08
-1.0233881570372848e-07
-2.5956163346717639e-05
-3.7945870648425239e-04
-4.2273656031621942e-04
-3.8785226185093162e-04
-3.4873698310007844e-04
-3.1132650205384257e-04
-2.7182789477580432e-04
-2.3970561807873064e-04
-2.1175821556099748e-04
-1.8731689098465274e-04
-1.6423167084007658e-04
-1.4674559265459342e-04
-1.3347855572088673e-04
-1.2298689086410555e-04
-1.1451375441820757e-04
-1.0921267199040941e-04
-1.0595221658597386e-04
-1.0413791119450751e-04
-1.0364981623381724e-04
-1.0408999596837438e-04
-1.0507658681598622e-04
-1.0653402570985678e-04
-1.0851049962597574e-04
-1.1024751332561048e-04
-1.1207331517360131e-04
-1.1392460799646982e-04
-1.1569606890628158e-04
-1.1717183556439204e-04
-1.1847892449778677e-04
-1.1971620675626097e-04
-1.2070029137153076e-04
-1.2149180645046133e-04
-1.2210563963376269e-04
-1.2263921545855358e-04
-1.2296057946900672e-04
-1.2311175414154616e-04
-1.2319619624071154e-04
-1.2318686731684265e-04
-1.2303759658086269e-04
-1.2281617657065744e-04
-1.2253194207377475e-04
-1.2216195642083004e-04
-1.2172898949434506e-04
-1.2126913243961447e-04
-1.2076658016775119e-04
-1.2022967912043795e-04
-1.1961009475940452e-04
-1.1901677428452144e-04
-1.1839683539402293e-04
-1.1771081286371683e-04
-1.1706627583065060e-04
-1.1641164694839412e-04
-1.1566037508556288e-04
-1.1497700394217529e-04
-1.1428941340807740e-04
-1.1352766838663464e-04
-1.1283334047965019e-04
-1.1214210024305432e-04
-1.1133647383757289e-04
-1.1064333774805753e-04
-1.0992871804881678e-04
-1.0914885960884894e-04
-1.0845893317136120e-04
-1.0772730761771896e-04
-1.0695431138804541e-04
-1.0626212468201948e-04
-1.0550709744527321e-04
-1.0477804490065809e-04
-1.0409804518047318e-04
-1.0331252503731572e-04
-1.0261708098914838e-04
-1.0192531935028085e-04
-1.0112700511593970e-04
-1.0048032083877730e-04
-9.9755530916226790e-05
-9.9013365617862356e-05
-9.8367716194059775e-05
-9.7582365195947622e-05
-9.6915953179255702e-05
-9.6243951970409626e-05
-9.5484855021927902e-05
-9.4851007790807716e-05
-9.4117173232932441e-05
-9.3422247775902268e-05
-9.2782337475812900e-05
-9.2029756606578329e-05
-9.1403718599991231e-05
-9.0692297897702700e-05
-9.0022355863437269e-05
-8.9358693947165811e-05
-8.8653022423425008e-05
-8.8032229856246219e-05
-8.7302461509733030e-05
-8.6688222469433250e-05
-8.6005111639986983e-05
-8.5328091108851536e-05
-8.4723195716817368e-05
-8.3984245950176174e-05
-8.3407475747066873e-05
-8.2696417216303886e-05
-8.2082753511568805e-05
-8.1424995521918995e-05
-8.0771293298943864e-05
-8.0142321519070529e-05
-7.9476333909426729e-05
-7.8881876962901486e-05
-7.8179230536117443e-05
-7.7614556975776189e-05
-7.6913920615129052e-05
-7.6325747502433770e-05
-7.5670263072235896e-05
-7.5047663514220253e-05
-7.4424984001800293e-05
-7.3792761376725150e-05
-7.3181216732332957e-05
-7.2542064620146092e-05
-7.1943512585252969e-05
-7.1283307155501447e-05
-7.0719636335940617e-05
-7.0036376344585438e-05
-6.9488710191397399e-05
-6.8810929533592093e-05
-6.8259735464481510e-05
-6.7585512057631605e-05
-6.7035987816764080e-05
-6.6354248363804819e-05
-6.5822383364539069e-05
-6.5133409734840310e-05
-6.4602871677221264e-05
-6.3927205765144343e-05
-6.3386327670666946e-05
-6.2719338810016874e-05
-6.2171379329560152e-05
-6.1506249649366613e-05
-6.0965179125955412e-05
-6.0300394720087367e-05
-5.9749329884022449e-05
-5.9110748538600334e-05
-5.8532123172145919e-05
-5.7922540825319518e-05
-5.7321192652236661e-05
-5.6722244893810102e-05
-5.6113173595468420e-05
-5.5525616119120974e-05
-5.4901007138038602e-05
-5.4339375476331873e-05
-5.3682567828377605e-05
-5.3138943956513302e-05
-5.2481746536887560e-05
-5.1920995606073778e-05
-5.1294669673044530e-05
-5.0693730920491149e-05
-5.0108440627019459e-05
-4.9466736349077758e-05
-4.8913533560159851e-05
-4.8245162653985715e-05
-4.7681162817871761e-05
-4.7051604491455373e-05
-4.6449306477476103e-05
-4.5852152003580235e-05
-4.5214236759989710e-05
-4.4646924836349016e-05
-4.3975794764730364e-05
-4.3397071914879702e-05
-4.2767368228842734e-05
-4.2143373055220212e-05
-4.1555349068330499e-05
-4.0880956945267238e-05
-4.0291791468089510e-05
-3.9658694755380293e-05
-3.9020922388992276e-05
-3.8427859095533132e-05
-3.7758417621570585e-05
0.0000000000000000e+00
];
