%Vec Object:dSdr_b_aug_6200 1 MPI processes
%  type: seq
dSdr_b_aug_6200 = [
2.3164032148698248e+03
0.0000000000000000e+00
-8.3131752237039228e-07
-3.4333717348735271e-07
-2.1326622595075660e-07
-1.5138085067424851e-07
-1.1350644004634087e-07
-9.0089990414375848e-08
-7.4218421003141369e-08
-6.2278743304759826e-08
-5.3412444868406743e-08
-4.6615431376861342e-08
-4.1081612885376659e-08
-3.6598699424989857e-08
-3.2923333581843435e-08
-2.9824236562523837e-08
-2.7176229171566717e-08
-2.4916874268606668e-08
-2.5403608877153228e-08
-1.0986377061476510e-04
-7.5063102726759452e-04
-7.1459491797790738e-04
-6.7601636656738115e-04
-6.3756013052099236e-04
-5.9487452522837426e-04
-5.5367429197449047e-04
-5.1417610705155120e-04
-4.7428541074647076e-04
-4.3335641612984367e-04
-3.8961380426640442e-04
-3.5112063836569831e-04
-3.1412440215802399e-04
-2.7919899720937517e-04
-2.4236437149348242e-04
-2.1240338114771328e-04
-1.8632595733343666e-04
-1.6351565231325027e-04
-1.4197358983555265e-04
-1.2565739278368857e-04
-1.1328272341759473e-04
-1.0351462921874044e-04
-9.5641935991331290e-05
-9.0738591975631096e-05
-8.7751896829213981e-05
-8.6124424572076488e-05
-8.5749509745389015e-05
-8.6245600481391646e-05
-8.7256605930349630e-05
-8.8711988827398772e-05
-9.0673893108022424e-05
-9.2400422874870831e-05
-9.4209853723497121e-05
-9.6052543938449371e-05
-9.7826652595721909e-05
-9.9313510574830085e-05
-1.0064520035644215e-04
-1.0192443307186532e-04
-1.0295668558453415e-04
-1.0380434152298360e-04
-1.0448927559625661e-04
-1.0510621725169781e-04
-1.0551239615624599e-04
-1.0575790368040139e-04
-1.0595566347045608e-04
-1.0605013128925706e-04
-1.0601106921248835e-04
-1.0591186952858075e-04
-1.0575366842292915e-04
-1.0550592787129286e-04
-1.0520214225404127e-04
-1.0487994448686330e-04
-1.0450456709079059e-04
-1.0409540150640820e-04
-1.0362721764386927e-04
-1.0316440779988695e-04
-1.0267419084426506e-04
-1.0214193825296355e-04
-1.0162724446982788e-04
-1.0110196912678042e-04
-1.0050824876405059e-04
-9.9955096550857845e-05
-9.9399156412951223e-05
-9.8790509589520152e-05
-9.8225682414414299e-05
-9.7664877947694137e-05
-9.7013762997119588e-05
-9.6449606806465763e-05
-9.5867089227749425e-05
-9.5235347862703749e-05
-9.4672261698945138e-05
-9.4074817182264139e-05
-9.3446433510385439e-05
-9.2879996378121221e-05
-9.2262904420270018e-05
-9.1669549838184442e-05
-9.1113141648160547e-05
-9.0470039755842477e-05
-8.9904869280830164e-05
-8.9337023208958954e-05
-8.8683796656573573e-05
-8.8159259893055977e-05
-8.7562981953577518e-05
-8.6957418631164064e-05
-8.6432257560897294e-05
-8.5786184358919483e-05
-8.5244481863274636e-05
-8.4695734804211199e-05
-8.4073364143683488e-05
-8.3557759122885266e-05
-8.2958234629087522e-05
-8.2389736934717256e-05
-8.1868669578731595e-05
-8.1254654577704409e-05
-8.0743072257414959e-05
-8.0164312005599390e-05
-7.9617190333328071e-05
-7.9075381814883107e-05
-7.8501502983394897e-05
-7.7995391183081534e-05
-7.7399912517929744e-05
-7.6902755259636397e-05
-7.6344285286163846e-05
-7.5793579675221599e-05
-7.5305412720016513e-05
-7.4699890803656341e-05
-7.4235092029525829e-05
-7.3656977077632277e-05
-7.3156888935329876e-05
-7.2627385531723646e-05
-7.2094714939844120e-05
-7.1585434310736721e-05
-7.1047326347603210e-05
-7.0565389535844661e-05
-6.9997214309642800e-05
-6.9541997532379334e-05
-6.8974707008128685e-05
-6.8500494846498940e-05
-6.7971488758707677e-05
-6.7468488734222687e-05
-6.6967440748314267e-05
-6.6458431718857515e-05
-6.5964830055074961e-05
-6.5453088478620208e-05
-6.4970205403322426e-05
-6.4439593321591020e-05
-6.3990149172528837e-05
-6.3437794012210686e-05
-6.3003260860414764e-05
-6.2457785032233313e-05
-6.2016838374934062e-05
-6.1479566592411686e-05
-6.1039320986289370e-05
-6.0495179549328865e-05
-6.0072144803819309e-05
-5.9521648566440328e-05
-5.9100734576653520e-05
-5.8562179237797116e-05
-5.8132221928022182e-05
-5.7602295508758280e-05
-5.7167885990992625e-05
-5.6638530217628757e-05
-5.6213518592213767e-05
-5.5682811911468605e-05
-5.5249882472960055e-05
-5.4744942641706970e-05
-5.4286728666126212e-05
-5.3808876392536474e-05
-5.3332294861801151e-05
-5.2862434439536330e-05
-5.2382916236773268e-05
-5.1921177682067267e-05
-5.1431242581635236e-05
-5.0991274491870301e-05
-5.0475993664168207e-05
-5.0051517852795563e-05
-4.9536156821583254e-05
-4.9098802571310906e-05
-4.8610123832619103e-05
-4.8140055924052989e-05
-4.7687084872588273e-05
-4.7184126296925867e-05
-4.6756883182169438e-05
-4.6236382616384941e-05
-4.5798044958643983e-05
-4.5312713234862876e-05
-4.4844208317163398e-05
-4.4383705584347248e-05
-4.3890125182383714e-05
-4.3453027489048783e-05
-4.2935121197493205e-05
-4.2489484166771134e-05
-4.2004202332947854e-05
-4.1524592468083658e-05
-4.1072496502674968e-05
-4.0555117812064988e-05
-4.0102691286284187e-05
-3.9617345071721865e-05
-3.9129403948947409e-05
-3.8671523888965286e-05
-3.8148155518307218e-05
0.0000000000000000e+00
];
