%Vec Object:dSdr_b_aug_5810 1 MPI processes
%  type: seq
dSdr_b_aug_5810 = [
2.3207108268248990e+03
0.0000000000000000e+00
-8.5623025832757381e-07
-3.5386689277092231e-07
-2.1992882771141288e-07
-1.5623261232087902e-07
-1.1727241646069060e-07
-9.3184182853065748e-08
-7.6856283630939600e-08
-6.4565989172205236e-08
-5.5438688327130951e-08
-4.8441463431111873e-08
-4.2742359970522706e-08
-3.8124892657412338e-08
-3.4339026133869814e-08
-3.1146081890300352e-08
-2.8417197271110509e-08
-2.6088678744017885e-08
-2.4399389510840876e-08
-2.3511399551458036e-05
-7.4397749667667759e-04
-7.1704862931934986e-04
-6.7842459097600138e-04
-6.3984453240856253e-04
-5.9702157391805641e-04
-5.5569247395282891e-04
-5.1607346065671278e-04
-4.7606233196122996e-04
-4.3501200472119672e-04
-3.9114317502455485e-04
-3.5253956308642934e-04
-3.1543896869834975e-04
-2.8041638487031131e-04
-2.4348036702930364e-04
-2.1343742746582733e-04
-1.8728916064440629e-04
-1.6441707838500417e-04
-1.4281657008965735e-04
-1.2645606550410683e-04
-1.1404759926758074e-04
-1.0425210118707856e-04
-9.6356667340958085e-05
-9.1438259779032935e-05
-8.8441196527560572e-05
-8.6806648364871986e-05
-8.6427447098436254e-05
-8.6921420270203760e-05
-8.7931500960318972e-05
-8.9386961640833452e-05
-9.1349417770417079e-05
-9.3076344644119302e-05
-9.4886395557924644e-05
-9.6729411623068979e-05
-9.8503420042904391e-05
-9.9989857997853207e-05
-1.0132061610642930e-04
-1.0259826006497040e-04
-1.0362868834532245e-04
-1.0447421808936715e-04
-1.0515645938515416e-04
-1.0577024375166219e-04
-1.0617321048523336e-04
-1.0641514536331851e-04
-1.0660861349351587e-04
-1.0669915023822468e-04
-1.0665591424765450e-04
-1.0655208573124153e-04
-1.0638911138015640e-04
-1.0613674105602725e-04
-1.0582806297065796e-04
-1.0550065164826808e-04
-1.0512045777241318e-04
-1.0470645447649712e-04
-1.0423253663611045e-04
-1.0376478397572401e-04
-1.0326965407342742e-04
-1.0273157776509947e-04
-1.0221196643989547e-04
-1.0168179210116326e-04
-1.0108210480111285e-04
-1.0052402081661022e-04
-9.9963094693180927e-05
-9.9348649591333291e-05
-9.8778917844278386e-05
-9.8213173392676427e-05
-9.7556206638488654e-05
-9.6987165600646231e-05
-9.6399644926541299e-05
-9.5762293931512751e-05
-9.5194403953819502e-05
-9.4591877606318837e-05
-9.3958017030423198e-05
-9.3386817391667010e-05
-9.2764501417996582e-05
-9.2166007553781058e-05
-9.1604918588322580e-05
-9.0956422896042405e-05
-9.0386318576307111e-05
-8.9813779456237566e-05
-8.9155058004104581e-05
-8.8625895153627370e-05
-8.8024750081847243e-05
-8.7414013231094294e-05
-8.6884288903693263e-05
-8.6232940831939452e-05
-8.5686515210797032e-05
-8.5133100145443329e-05
-8.4505551248284099e-05
-8.3985468037580253e-05
-8.3380856815361897e-05
-8.2807570918771509e-05
-8.2282002620313562e-05
-8.1662739710409792e-05
-8.1146822605961184e-05
-8.0563038100833680e-05
-8.0011264848772406e-05
-7.9464841372206007e-05
-7.8885971151573087e-05
-7.8375516041878047e-05
-7.7774951418747244e-05
-7.7273359917084543e-05
-7.6710169415181064e-05
-7.6154679873813026e-05
-7.5662092056893584e-05
-7.5051516821663560e-05
-7.4582477347508023e-05
-7.3999327417096047e-05
-7.3494937820874572e-05
-7.2960577024518003e-05
-7.2423322594477926e-05
-7.1909508894985483e-05
-7.1366557738240270e-05
-7.0880359443356439e-05
-7.0307091380913459e-05
-6.9847729138171482e-05
-6.9275388397841643e-05
-6.8796860183568088e-05
-6.8263063971474406e-05
-6.7755534343396439e-05
-6.7249879795732123e-05
-6.6736204286290039e-05
-6.6238135756008484e-05
-6.5721568747752009e-05
-6.5234304928767558e-05
-6.4698784744251239e-05
-6.4245014474060031e-05
-6.3687701539613201e-05
-6.3248883685715885e-05
-6.2698397059583212e-05
-6.2253274984308451e-05
-6.1710816413901859e-05
-6.1266432078260085e-05
-6.0717079370353478e-05
-6.0289922874555887e-05
-5.9734182058938876e-05
-5.9309116252009319e-05
-5.8765368097433689e-05
-5.8331209856617335e-05
-5.7796092440970670e-05
-5.7357382413431243e-05
-5.6822884440028152e-05
-5.6393477279357272e-05
-5.5857692632871167e-05
-5.5420289010177757e-05
-5.4910287727715481e-05
-5.4447513362145459e-05
-5.3964672021920676e-05
-5.3483365146102573e-05
-5.3008615736178812e-05
-5.2524190900286031e-05
-5.2057687130684681e-05
-5.1562651443915513e-05
-5.1118075499825834e-05
-5.0597434526384984e-05
-5.0168446110977977e-05
-4.9647713186543609e-05
-4.9205685397414999e-05
-4.8711793392282436e-05
-4.8236768838790427e-05
-4.7778786264348872e-05
-4.7270572747048776e-05
-4.6838558904855835e-05
-4.6312457744555029e-05
-4.5869360535220287e-05
-4.5378566104342960e-05
-4.4904993549619410e-05
-4.4439314813114975e-05
-4.3940267290105254e-05
-4.3498237093424737e-05
-4.2974526607650253e-05
-4.2523847735670554e-05
-4.2033094231239675e-05
-4.1548013330861530e-05
-4.1090765446133270e-05
-4.0567434214810923e-05
-4.0109819255852338e-05
-3.9618859648180717e-05
-3.9125206459538141e-05
-3.8662101319346546e-05
-3.8132641432977324e-05
0.0000000000000000e+00
];
