%Vec Object:dSdr_b_aug_7130 1 MPI processes
%  type: seq
dSdr_b_aug_7130 = [
2.3009772461858470e+03
0.0000000000000000e+00
-7.5270125212965565e-07
-3.1144380291974894e-07
-1.9392588525355610e-07
-1.3790851861392582e-07
-1.0350419194823310e-07
-8.2229105263912185e-08
-6.7808004351104364e-08
-5.6962735000835826e-08
-4.8908159792486584e-08
-4.2732894741218695e-08
-3.7704468700045283e-08
-3.3630474152455121e-08
-3.0290094446120056e-08
-2.7472966988333537e-08
-2.5065387909864380e-08
-2.3036502198387014e-08
-4.4662774569024207e-06
-7.5380748333880063e-04
-7.4831621065331972e-04
-7.0939153320162161e-04
-6.7104737592315743e-04
-6.3284840521407278e-04
-5.9044613303891875e-04
-5.4951169449368612e-04
-5.1026272395157701e-04
-4.7062042526842236e-04
-4.2994168505017027e-04
-3.8645940357214393e-04
-3.4819403796460918e-04
-3.1141304555338530e-04
-2.7668807674636673e-04
-2.4006257720241358e-04
-2.1027061108925665e-04
-1.8433930441105214e-04
-1.6165641794211235e-04
-1.4023490280091474e-04
-1.2401009218628657e-04
-1.1170513050138894e-04
-1.0199355813272847e-04
-9.4167768630847577e-05
-8.9295494093541639e-05
-8.6330183828596424e-05
-8.4717306110568285e-05
-8.4351232394943044e-05
-8.4851690558200213e-05
-8.5864603018086870e-05
-8.7319825179502794e-05
-8.9280591224999580e-05
-9.1006301921835422e-05
-9.2814453839114872e-05
-9.4656471956634604e-05
-9.6430787343543021e-05
-9.7918511629562765e-05
-9.9252123019281208e-05
-1.0053463261087185e-04
-1.0157064768033655e-04
-1.0242268898786024e-04
-1.0311317703567322e-04
-1.0373663074361436e-04
-1.0414943489820109e-04
-1.0440231116985417e-04
-1.0460892270897303e-04
-1.0471149855148510e-04
-1.0468104536740689e-04
-1.0459139286857642e-04
-1.0444303680687291e-04
-1.0420484537944857e-04
-1.0391115070923173e-04
-1.0359970614670235e-04
-1.0323426296858427e-04
-1.0283507539362194e-04
-1.0237871813337349e-04
-1.0192610308321519e-04
-1.0144601931368943e-04
-1.0092577841671699e-04
-1.0042122729818608e-04
-9.9906056367010792e-05
-9.9324643097817633e-05
-9.8781662898059594e-05
-9.8236006593410306e-05
-9.7639318996393202e-05
-9.7084607735141895e-05
-9.6533992223369187e-05
-9.5894946897866567e-05
-9.5340865937939333e-05
-9.4768667482794918e-05
-9.4148496248211896e-05
-9.3595318180469156e-05
-9.3008355183305227e-05
-9.2391267888427699e-05
-9.1834653653755731e-05
-9.1228336479045162e-05
-9.0645581912577624e-05
-9.0098828046258003e-05
-8.9466851125102268e-05
-8.8911856941341051e-05
-8.8353690506360233e-05
-8.7711797448436387e-05
-8.7196802211094790e-05
-8.6610562967209091e-05
-8.6015670298681410e-05
-8.5499921168733525e-05
-8.4864727642462173e-05
-8.4332766823271241e-05
-8.3793647754702838e-05
-8.3181957459470908e-05
-8.2675588923664789e-05
-8.2086556055248843e-05
-8.1527934261434743e-05
-8.1016150319013867e-05
-8.0412959386096257e-05
-7.9910317769886345e-05
-7.9341920285700982e-05
-7.8804392724015376e-05
-7.8272102782275040e-05
-7.7708518934756842e-05
-7.7211365422672593e-05
-7.6626376794503931e-05
-7.6138365380400600e-05
-7.5589631727868053e-05
-7.5048793207626986e-05
-7.4569744496603049e-05
-7.3974645297951650e-05
-7.3518593175907573e-05
-7.2950863114086602e-05
-7.2459646932031903e-05
-7.1940162139408134e-05
-7.1416945939242716e-05
-7.0917014990823482e-05
-7.0388896352839138e-05
-6.9915749060307648e-05
-6.9358078059571376e-05
-6.8911411509766019e-05
-6.8354537305210839e-05
-6.7889227215806608e-05
-6.7370100996124008e-05
-6.6876443503495201e-05
-6.6384896779561058e-05
-6.5885512596585211e-05
-6.5401124067117629e-05
-6.4899335183419936e-05
-6.4425487610539410e-05
-6.3904998735163463e-05
-6.3464477427423687e-05
-6.2922347923824792e-05
-6.2496652185281996e-05
-6.1961511378756586e-05
-6.1529176731880473e-05
-6.1002602959624812e-05
-6.0570893693135694e-05
-6.0037500765145267e-05
-5.9622967339868302e-05
-5.9083288310630229e-05
-5.8670937656734875e-05
-5.8143092764798795e-05
-5.7721800092304101e-05
-5.7202580369176632e-05
-5.6777040876585688e-05
-5.6258291156568550e-05
-5.5842345553127682e-05
-5.5322112441941422e-05
-5.4898411245378987e-05
-5.4403910924504109e-05
-5.3955102997875854e-05
-5.3487540941637551e-05
-5.3020705691838486e-05
-5.2560929073692279e-05
-5.2091531072452954e-05
-5.1639621040263450e-05
-5.1160206185718277e-05
-5.0729742061884340e-05
-5.0225516842485775e-05
-4.9810348548208835e-05
-4.9306067366176201e-05
-4.8878352581638739e-05
-4.8400426531402561e-05
-4.7940582026266529e-05
-4.7497947577820242e-05
-4.7005827681909170e-05
-4.6588424546739854e-05
-4.6079475622471872e-05
-4.5650954937283896e-05
-4.5176890509105559e-05
-4.4718838073498628e-05
-4.4269011382680638e-05
-4.3786707530871216e-05
-4.3359783795755739e-05
-4.2853849485838956e-05
-4.2418612206755660e-05
-4.1944616907048710e-05
-4.1476292624752196e-05
-4.1034824618340721e-05
-4.0529726187376126e-05
-4.0088005709949874e-05
-3.9614245833633896e-05
-3.9138104077645913e-05
-3.8691051424579621e-05
-3.8180514975809700e-05
0.0000000000000000e+00
];
