%Vec Object:dSdr_b_aug_3880 1 MPI processes
%  type: seq
dSdr_b_aug_3880 = [
2.3547236775067713e+03
0.0000000000000000e+00
-1.0732664556548701e-06
-4.4109246890450143e-07
-2.7218980556128293e-07
-1.9224819826025245e-07
-1.4379724509227920e-07
-1.1385570239206925e-07
-9.3563973054074846e-08
-7.8285814644340971e-08
-6.6943421060946255e-08
-5.8249664127395854e-08
-5.1174164222451940e-08
-4.5443802775695319e-08
-4.0746357789813176e-08
-3.6786942774861219e-08
-3.3405398010764526e-08
-3.0520492640401393e-08
-2.8026565472493200e-08
-2.5831204459144827e-08
-1.8790342224178935e-07
-3.6525772970319448e-04
-6.8985070101020224e-04
-6.5337202467683495e-04
-6.0978235642405326e-04
-5.6768845240820032e-04
-5.2735127551188166e-04
-4.8662430150477000e-04
-4.4485277654090252e-04
-4.0023371146129456e-04
-3.6097361126390267e-04
-3.2325271466220740e-04
-2.8765250218392335e-04
-2.5011381224225170e-04
-2.1958376870360400e-04
-1.9301441292202687e-04
-1.6977512837915666e-04
-1.4782721966273115e-04
-1.3120335225450341e-04
-1.1859399831353615e-04
-1.0863561229514691e-04
-1.0060500883094120e-04
-9.5597063993301638e-05
-9.2538373060780537e-05
-9.0861765976558097e-05
-9.0457086309497070e-05
-9.0938473322423603e-05
-9.1943058215813786e-05
-9.3398982044052566e-05
-9.5364718210008248e-05
-9.7094005346615555e-05
-9.8907741791398577e-05
-1.0075269458933487e-04
-1.0252610709591005e-04
-1.0401004834122957e-04
-1.0533526851841865e-04
-1.0660346886287087e-04
-1.0762305387418470e-04
-1.0845594549923495e-04
-1.0912218092567469e-04
-1.0971719838341180e-04
-1.1010107199439240e-04
-1.1032177116783223e-04
-1.1048972981457450e-04
-1.1055690038616147e-04
-1.1048885478871140e-04
-1.1035751263959884e-04
-1.1016616626803274e-04
-1.0988627672193627e-04
-1.0954851795752763e-04
-1.0919011742266670e-04
-1.0878129453896641e-04
-1.0833853603391405e-04
-1.0783053560071299e-04
-1.0733340298888958e-04
-1.0680907067984038e-04
-1.0623637836945371e-04
-1.0568753732144642e-04
-1.0512824349888245e-04
-1.0449308889806932e-04
-1.0390569061111745e-04
-1.0331512793684408e-04
-1.0266621803706462e-04
-1.0206733365881219e-04
-1.0147222608206437e-04
-1.0078047637682322e-04
-1.0018239995003484e-04
-9.9565141022818043e-05
-9.8894446549347133e-05
-9.8298002841591925e-05
-9.7665270238592118e-05
-9.6998855102868310e-05
-9.6399347263868279e-05
-9.5745979890260214e-05
-9.5116938280923012e-05
-9.4528026921559763e-05
-9.3847470636570729e-05
-9.3248039685523570e-05
-9.2647605222213772e-05
-9.1956222242311616e-05
-9.1399562064031938e-05
-9.0769486888857693e-05
-9.0127998717334676e-05
-8.9571150504140157e-05
-8.8888448740173973e-05
-8.8313948979630900e-05
-8.7732787401721305e-05
-8.7074459196319207e-05
-8.6527757736284180e-05
-8.5892911127512966e-05
-8.5291164276024052e-05
-8.4738842486525924e-05
-8.4088386136841210e-05
-8.3546703181165181e-05
-8.2933054638582355e-05
-8.2353632509977285e-05
-8.1779777834619689e-05
-8.1171238918976060e-05
-8.0634967282485392e-05
-8.0004171848718295e-05
-7.9476223310354904e-05
-7.8884974100537427e-05
-7.8301048990976865e-05
-7.7782183676141552e-05
-7.7141571633554225e-05
-7.6647325536851612e-05
-7.6034247812697199e-05
-7.5504290472933454e-05
-7.4941057446804285e-05
-7.4376556787511571e-05
-7.3835798620299585e-05
-7.3264059630966121e-05
-7.2752531174203794e-05
-7.2148991408179389e-05
-7.1664988607797551e-05
-7.1062629495113335e-05
-7.0558446755717122e-05
-6.9996178148039491e-05
-6.9461724651235493e-05
-6.8928688796684946e-05
-6.8387275826588194e-05
-6.7862656331395152e-05
-6.7317407054431035e-05
-6.6804104179486536e-05
-6.6239410328771924e-05
-6.5759925674524884e-05
-6.5173143824912071e-05
-6.4708857776871781e-05
-6.4128587059424259e-05
-6.3658646367328658e-05
-6.3085357621583764e-05
-6.2616372739340178e-05
-6.2036044323660492e-05
-6.1584388199737802e-05
-6.0997473692214433e-05
-6.0547729533568594e-05
-5.9973115354565753e-05
-5.9513986822131623e-05
-5.8948014187398874e-05
-5.8483741965260162e-05
-5.7918678806185357e-05
-5.7463144610645211e-05
-5.6897176572311081e-05
-5.6433178413426766e-05
-5.5893091885976470e-05
-5.5403210561600190e-05
-5.4890714209621028e-05
-5.4381319864638852e-05
-5.3877510286021127e-05
-5.3363920382795894e-05
-5.2869092116489280e-05
-5.2343738475321634e-05
-5.1871773343445371e-05
-5.1319271556435949e-05
-5.0863460068322649e-05
-5.0310796444679187e-05
-4.9840988922713362e-05
-4.9316109013766005e-05
-4.8811621858353647e-05
-4.8323850429990539e-05
-4.7784401110224749e-05
-4.7324029541053112e-05
-4.6764637834144173e-05
-4.6293249091811778e-05
-4.5769983424987415e-05
-4.5266287716867451e-05
-4.4769841436504116e-05
-4.4238295626193615e-05
-4.3766944444043439e-05
-4.3208731018884610e-05
-4.2728079739229185e-05
-4.2204797626797664e-05
-4.1687189925896796e-05
-4.1199308926937792e-05
-4.0640580300331642e-05
-4.0152099834421191e-05
-3.9627727742546650e-05
-3.9100022632981577e-05
-3.8605578964666113e-05
-3.8038412710362099e-05
0.0000000000000000e+00
];
