%Vec Object:dSdr_b_aug_7120 1 MPI processes
%  type: seq
dSdr_b_aug_7120 = [
2.3010953616534825e+03
0.0000000000000000e+00
-7.5326609976941710e-07
-3.1167021387154710e-07
-1.9406137354831983e-07
-1.3800151641269823e-07
-1.0357216562086528e-07
-8.2281649327174833e-08
-6.7850106506234644e-08
-5.6997000247217641e-08
-4.8936619191840639e-08
-4.2756909564524289e-08
-3.7724887702707330e-08
-3.3647989488249317e-08
-3.0305233288565514e-08
-2.7486111235887437e-08
-2.5076837294701368e-08
-2.3045107457273910e-08
-4.2329148754046230e-06
-7.5220253167253271e-04
-7.4838992680627053e-04
-7.0947071058945384e-04
-6.7112264859091656e-04
-6.3291977614980026e-04
-5.9051321209384886e-04
-5.4957474742196736e-04
-5.1032200190509794e-04
-4.7067594061953283e-04
-4.2999340967337442e-04
-3.8650718484102803e-04
-3.4823836862873584e-04
-3.1145411581182114e-04
-2.7672611089876487e-04
-2.4009744361593640e-04
-2.1030291720801822e-04
-1.8436939722015611e-04
-1.6168458067860220e-04
-1.4026123954630294e-04
-1.2403504465545144e-04
-1.1172902707372468e-04
-1.0201659854042303e-04
-9.4190098551780836e-05
-8.9317353392974754e-05
-8.6351719203938321e-05
-8.4738620418203331e-05
-8.4372412785002331e-05
-8.4872804794452350e-05
-8.5885688368342615e-05
-8.7340912965085178e-05
-8.9301696252711753e-05
-9.1027419356946190e-05
-9.2835590647351640e-05
-9.4677618945705590e-05
-9.6451931201799103e-05
-9.7939642365619557e-05
-9.9273224648296571e-05
-1.0055568460376646e-04
-1.0159164268019607e-04
-1.0244361756047922e-04
-1.0313402147970822e-04
-1.0375737654660968e-04
-1.0417008034542797e-04
-1.0442284499937158e-04
-1.0462932245668515e-04
-1.0473177548321215e-04
-1.0470119189614080e-04
-1.0461139478135503e-04
-1.0446288959199779e-04
-1.0422455351940288e-04
-1.0393070599674313e-04
-1.0361909855038970e-04
-1.0325350489374339e-04
-1.0285416617701808e-04
-1.0239762977346919e-04
-1.0194486029780032e-04
-1.0146462303596703e-04
-1.0094420019193338e-04
-1.0043949543753782e-04
-9.9924171449920370e-05
-9.9342571758968931e-05
-9.8799437478854643e-05
-9.8253625399834807e-05
-9.7656756650651939e-05
-9.7101892158666934e-05
-9.6551122309690077e-05
-9.5911894159608684e-05
-9.5357660585384938e-05
-9.4785305821358642e-05
-9.4164959328320763e-05
-9.3611631177802849e-05
-9.3024509411864358e-05
-9.2407251005208559e-05
-9.1850487978256933e-05
-9.1244007592524803e-05
-9.0661092462510120e-05
-9.0114192357252209e-05
-8.9482046920671797e-05
-8.8926898591673762e-05
-8.8368585534377269e-05
-8.7726520802504780e-05
-8.7211381034882983e-05
-8.6624989729944122e-05
-8.6029935427665055e-05
-8.5514043730194943e-05
-8.4878685403952625e-05
-8.4346577022695584e-05
-8.3807312114107094e-05
-8.3195460038000633e-05
-8.2688951592554556e-05
-8.2099759802152443e-05
-8.1540988413127789e-05
-8.1029063850140262e-05
-8.0425708959506055e-05
-7.9922931914003443e-05
-7.9354377459736955e-05
-7.8816704571180003e-05
-7.8284270446754033e-05
-7.7720530655896877e-05
-7.7223241448064913e-05
-7.6638093921977923e-05
-7.6149943971038983e-05
-7.5601062837543284e-05
-7.5060074855538072e-05
-7.4580888025713857e-05
-7.3985630948956429e-05
-7.3529446336840771e-05
-7.2961558969844920e-05
-7.2470208399608757e-05
-7.1950571850061838e-05
-7.1427212439283930e-05
-7.0927139866554245e-05
-7.0398869915080928e-05
-6.9925589483189250e-05
-6.9367759369571715e-05
-6.8920963305119684e-05
-6.8363931319225267e-05
-6.7898486385480522e-05
-6.7379210510403400e-05
-6.6885411501600001e-05
-6.6393720857099259e-05
-6.5894190881589130e-05
-6.5409662795980829e-05
-6.4907723153751813e-05
-6.4433738715346297e-05
-6.3913096498535030e-05
-6.3472440031824405e-05
-6.2930155634850421e-05
-6.2504326031372144e-05
-6.1969028674859649e-05
-6.1536563577246166e-05
-6.1009827756646956e-05
-6.0577989185650721e-05
-6.0044433444293264e-05
-5.9629771244929372e-05
-5.9089928361647345e-05
-5.8677447994307240e-05
-5.8149440865438193e-05
-5.7728016944970804e-05
-5.7208635041676219e-05
-5.6782961189872513e-05
-5.6264050814153675e-05
-5.5847967882614255e-05
-5.5327576122425720e-05
-5.4903735140446855e-05
-5.4409076686439182e-05
-5.3960126280962451e-05
-5.3492408352832487e-05
-5.3025425470433497e-05
-5.2565496106920107e-05
-5.2095944808880792e-05
-5.1643885898024508e-05
-5.1164311686869375e-05
-5.0733703600389848e-05
-5.0229310914664501e-05
-4.9814001633147137e-05
-4.9309552617292440e-05
-4.8881691816938617e-05
-4.8403602888063437e-05
-4.7943603521369712e-05
-4.7500812496315293e-05
-4.7008528418173856e-05
-4.6590976228080354e-05
-4.6081852320876523e-05
-4.5653182927973887e-05
-4.5178947822327365e-05
-4.4720737050482691e-05
-4.4270748635535814e-05
-4.3788273961396729e-05
-4.3361196102899219e-05
-4.2855080430347314e-05
-4.2419685599005873e-05
-4.1945519307064614e-05
-4.1477024035829848e-05
-4.1035394984070695e-05
-4.0530110448992468e-05
-4.0088227656704435e-05
-3.9614292013007806e-05
-3.9137970965554868e-05
-3.8690752728069021e-05
-3.8180013523982488e-05
0.0000000000000000e+00
];
