%Vec Object:dSdr_b_aug_2260 1 MPI processes
%  type: seq
dSdr_b_aug_2260 = [
2.4013445004060227e+03
0.0000000000000000e+00
-1.4902007272721965e-06
-6.1170782074238721e-07
-3.7626164559516484e-07
-2.6557260763928075e-07
-1.9922282868334430e-07
-1.5823497494439417e-07
-1.3045439225466607e-07
-1.0946669343766596e-07
-9.3885174672164629e-08
-8.1943886996143468e-08
-7.2211610366411087e-08
-6.4326930705301070e-08
-5.7863546681342704e-08
-5.2412858643871799e-08
-4.7754759845057149e-08
-4.3780699607631638e-08
-4.0344805454606264e-08
-3.7312646517713470e-08
-3.4656280488998214e-08
-3.2316851937653336e-08
-6.2840480563312584e-08
-9.9045328778488183e-05
-6.1154093752076983e-04
-5.8254255648072849e-04
-5.4168718899111421e-04
-5.0006426822648566e-04
-4.5737576597000996e-04
-4.1180203094949103e-04
-3.7170651014547856e-04
-3.3319623793767121e-04
-2.9686095441396369e-04
-2.5855532400997694e-04
-2.2740540814316948e-04
-2.0030018855678712e-04
-1.7659361461747688e-04
-1.5420361575227789e-04
-1.3724460159017317e-04
-1.2437960459591937e-04
-1.1421393272487241e-04
-1.0601131678856000e-04
-1.0088942959528388e-04
-9.7752313077542022e-05
-9.6022182927372180e-05
-9.5585079984437436e-05
-9.6050449949589649e-05
-9.7048040758324839e-05
-9.8504553673542280e-05
-1.0047446377223305e-04
-1.0220675438303514e-04
-1.0402518079680794e-04
-1.0587259810697063e-04
-1.0764525217181743e-04
-1.0912601609569758e-04
-1.1044418880157049e-04
-1.1170037143670895e-04
-1.1270615759198589e-04
-1.1352296630088528e-04
-1.1416883312916414e-04
-1.1473996838351211e-04
-1.1509954466766991e-04
-1.1529321978362566e-04
-1.1542871566686954e-04
-1.1546615099400369e-04
-1.1536653329855516e-04
-1.1520017800778007e-04
-1.1497272614816942e-04
-1.1465781636702851e-04
-1.1428305031751189e-04
-1.1388521376796641e-04
-1.1343995839599854e-04
-1.1296060680989677e-04
-1.1240923384930879e-04
-1.1187471314229624e-04
-1.1131321868143731e-04
-1.1069647506160577e-04
-1.1011043711045263e-04
-1.0951408669268539e-04
-1.0883379751526628e-04
-1.0820909475658819e-04
-1.0758081752983958e-04
-1.0688804881132619e-04
-1.0625206570425657e-04
-1.0561959153255256e-04
-1.0488357814243505e-04
-1.0424855218998743e-04
-1.0359344929682228e-04
-1.0288032296787776e-04
-1.0224754268168221e-04
-1.0157637055218189e-04
-1.0086852751641430e-04
-1.0023299555547401e-04
-9.9540113155844733e-05
-9.8872197455694927e-05
-9.8247880198607058e-05
-9.7526524625020063e-05
-9.6889773534940976e-05
-9.6253840343614263e-05
-9.5520893347514121e-05
-9.4929240943863452e-05
-9.4262350271247174e-05
-9.3581729011132871e-05
-9.2990363864098861e-05
-9.2267762455501976e-05
-9.1657536501397514e-05
-9.1041065658052289e-05
-9.0343568752775154e-05
-8.9762993819483385e-05
-8.9089670689391909e-05
-8.8451705400699018e-05
-8.7865338036970499e-05
-8.7175185982364916e-05
-8.6600714292676430e-05
-8.5949061800869530e-05
-8.5334454664910071e-05
-8.4725691993069006e-05
-8.4079397718520653e-05
-8.3510272866483713e-05
-8.2841006747300474e-05
-8.2279517161150238e-05
-8.1652561415167105e-05
-8.1032450191016064e-05
-8.0480145051814691e-05
-7.9801309214933190e-05
-7.9274986058130737e-05
-7.8623823270539071e-05
-7.8061329324872396e-05
-7.7461354514895788e-05
-7.6862181269090772e-05
-7.6287134529359559e-05
-7.5678761165110341e-05
-7.5134998453373422e-05
-7.4492935993488354e-05
-7.3977576511291871e-05
-7.3337017092179457e-05
-7.2800187336381252e-05
-7.2201685787887980e-05
-7.1632969958119880e-05
-7.1065089653828278e-05
-7.0488379009081789e-05
-6.9929971739097162e-05
-6.9348222465461418e-05
-6.8801783264073129e-05
-6.8199964092000327e-05
-6.7687756288691684e-05
-6.7063473406927203e-05
-6.6566777515763998e-05
-6.5948604697545644e-05
-6.5447080808532485e-05
-6.4834558765983430e-05
-6.4334268213128910e-05
-6.3714521320433376e-05
-6.3231687970959977e-05
-6.2605103061022784e-05
-6.2123954262708825e-05
-6.1510061234504011e-05
-6.1019156577772130e-05
-6.0413918874649993e-05
-5.9917117325139447e-05
-5.9313158221481259e-05
-5.8824375940473960e-05
-5.8219997860261752e-05
-5.7722156737571395e-05
-5.7143785118426149e-05
-5.6619408798767232e-05
-5.6069174919137756e-05
-5.5524037887700958e-05
-5.4983247839470868e-05
-5.4432544025239594e-05
-5.3901671582899370e-05
-5.3337737021631979e-05
-5.2830918085316125e-05
-5.2237872139901227e-05
-5.1747927435182862e-05
-5.1154630917310595e-05
-5.0649472993742625e-05
-5.0085160222403527e-05
-4.9543181418474627e-05
-4.9017503359490884e-05
-4.8438306320511389e-05
-4.7941849843392077e-05
-4.7340096261995016e-05
-4.6832707629846451e-05
-4.6268123674616262e-05
-4.5726098442630975e-05
-4.5190503475529191e-05
-4.4617607649218001e-05
-4.4108951264217610e-05
-4.3506840389578090e-05
-4.2988059927881677e-05
-4.2423399984192601e-05
-4.1864423188931791e-05
-4.1337593154890020e-05
-4.0733870264016115e-05
-4.0206194969025280e-05
-3.9639455042411891e-05
-3.9068739595653200e-05
-3.8535323301526876e-05
-3.7924999809455351e-05
0.0000000000000000e+00
];
