%Vec Object:dSdr_b_aug_4480 1 MPI processes
%  type: seq
dSdr_b_aug_4480 = [
2.3431028735911718e+03
0.0000000000000000e+00
-9.9461314367880130e-07
-4.1040751407159500e-07
-2.5443657274964179e-07
-1.8047716892795803e-07
-1.3547199726050927e-07
-1.0765224282714358e-07
-8.8795252618662855e-08
-7.4586760867903476e-08
-6.4035680956935852e-08
-5.5947634004322821e-08
-4.9358546905538823e-08
-4.4019983420859805e-08
-3.9643089738671610e-08
-3.5951638822034881e-08
-3.2796644424913189e-08
-3.0104621650705532e-08
-2.7776856524778033e-08
-2.6452670393647891e-08
-2.6065848233251154e-05
-7.1019282773513424e-04
-6.8753281721177495e-04
-6.4867284702391247e-04
-6.0532244710769770e-04
-5.6349520729829096e-04
-5.2340904768100396e-04
-4.8293230093129588e-04
-4.4141287502428737e-04
-3.9705605935233350e-04
-3.5802543867914812e-04
-3.2052137255185052e-04
-2.8512307374454462e-04
-2.4779505158188957e-04
-2.1743527826531740e-04
-1.9101311674954660e-04
-1.6790219005272222e-04
-1.4607571732704405e-04
-1.2954391003730577e-04
-1.1700477764127388e-04
-1.0710333010783726e-04
-9.9119976013018369e-05
-9.4143329462926297e-05
-9.1106180837332147e-05
-8.9444275673020374e-05
-8.9048502096703887e-05
-8.9534288635247715e-05
-9.0540794574375111e-05
-9.1996556459361952e-05
-9.3961145977719825e-05
-9.5689607986876229e-05
-9.7502056053861113e-05
-9.9346331782312853e-05
-1.0111995252675495e-04
-1.0260476645022135e-04
-1.0393192238749865e-04
-1.0520342375135559e-04
-1.0622679906789296e-04
-1.0706410847929129e-04
-1.0773593890723744e-04
-1.0833751650169286e-04
-1.0872806427696577e-04
-1.0895618652069084e-04
-1.0913306215021167e-04
-1.0920840049801911e-04
-1.0914902723893413e-04
-1.0902730263767760e-04
-1.0884587386925841e-04
-1.0857560382603088e-04
-1.0824801038196137e-04
-1.0790044230744443e-04
-1.0750162686050906e-04
-1.0706891990705239e-04
-1.0657283324565345e-04
-1.0608597056865821e-04
-1.0557184613294636e-04
-1.0501125405181217e-04
-1.0447263042618863e-04
-1.0392351549157579e-04
-1.0330075869753351e-04
-1.0272360739905534e-04
-1.0214340435737010e-04
-1.0150654183399988e-04
-1.0091784793163614e-04
-1.0033300441041427e-04
-9.9653413294555293e-05
-9.9065486361405645e-05
-9.8458622618537766e-05
-9.7799583558356426e-05
-9.7213120977894998e-05
-9.6590947152790045e-05
-9.5935911659383424e-05
-9.5346299121637851e-05
-9.4703785951763040e-05
-9.4085422490632057e-05
-9.3506236616236040e-05
-9.2836887304918359e-05
-9.2247707654497121e-05
-9.1657024176382948e-05
-9.0977058231031576e-05
-9.0430009909296704e-05
-8.9810047430428030e-05
-8.9179308577082406e-05
-8.8631941689823286e-05
-8.7960199806976064e-05
-8.7395513539630998e-05
-8.6824050931084837e-05
-8.6176481827692907e-05
-8.5639084945879254e-05
-8.5014807308173880e-05
-8.4423009164362982e-05
-8.3880039228101266e-05
-8.3240486743365593e-05
-8.2707810405659781e-05
-8.2104601027560307e-05
-8.1534843740427456e-05
-8.0970577816128704e-05
-8.0372409782353553e-05
-7.9845162478706913e-05
-7.9224934418256108e-05
-7.8706199151728950e-05
-7.8124758043742590e-05
-7.7550772770072001e-05
-7.7041092924495962e-05
-7.6410980441453144e-05
-7.5925545483426972e-05
-7.5322929212980102e-05
-7.4801909244649452e-05
-7.4248768693827474e-05
-7.3693792131724242e-05
-7.3162452579410419e-05
-7.2600776564947969e-05
-7.2098102433238269e-05
-7.1505144339252600e-05
-7.1029754809290809e-05
-7.0437888816073533e-05
-6.9942673786684841e-05
-6.9390357893700893e-05
-6.8865315814960160e-05
-6.8341851279380973e-05
-6.7810134124667362e-05
-6.7294795698568364e-05
-6.6759572501832727e-05
-6.6255371756477702e-05
-6.5700875758654273e-05
-6.5230379744442472e-05
-6.4653898955727030e-05
-6.4198515492340679e-05
-6.3628656009581111e-05
-6.3167390840595172e-05
-6.2604878996949580e-05
-6.2144493412522625e-05
-6.1574992773492582e-05
-6.1131900673509849e-05
-6.0555883152464156e-05
-6.0114765495070056e-05
-5.9550940759162287e-05
-5.9100540781460539e-05
-5.8545353817107634e-05
-5.8090017057806849e-05
-5.7535638191428507e-05
-5.7089236907735205e-05
-5.6533819710111097e-05
-5.6079117888015033e-05
-5.5549547900884282e-05
-5.5069142042531699e-05
-5.4567011849333995e-05
-5.4067435724503993e-05
-5.3573784385228011e-05
-5.3070389396424629e-05
-5.2585462225508979e-05
-5.2070706514462820e-05
-5.1608315553586344e-05
-5.1066951034857239e-05
-5.0620515853184699e-05
-5.0079013955554146e-05
-4.9618917179792447e-05
-4.9104869475001183e-05
-4.8610681369153113e-05
-4.8133323062253505e-05
-4.7604792690224631e-05
-4.7154334058983861e-05
-4.6606579642401454e-05
-4.6145080813959047e-05
-4.5633166182847534e-05
-4.5140000822527937e-05
-4.4654310268034412e-05
-4.4134125345771802e-05
-4.3673024625193350e-05
-4.3126873360038417e-05
-4.2656700988477483e-05
-4.2144791953211297e-05
-4.1638557650751426e-05
-4.1161389616076362e-05
-4.0615041954815615e-05
-4.0137363110641536e-05
-3.9624693107111925e-05
-3.9108939144540495e-05
-3.8625585512329075e-05
-3.8072321772201417e-05
0.0000000000000000e+00
];
