%Vec Object:dSdr_b_aug_4850 1 MPI processes
%  type: seq
dSdr_b_aug_4850 = [
2.3372129785624779e+03
0.0000000000000000e+00
-9.5452555901922934e-07
-3.9334530636595606e-07
-2.4357324957296748e-07
-1.7251021576733264e-07
-1.2923903548114159e-07
-1.0249228409690663e-07
-8.4364396802130123e-08
-7.0718736272059103e-08
-6.0586834377822664e-08
-5.2820318947741725e-08
-4.6497539156622612e-08
-4.1375984517079403e-08
-3.7177330648273009e-08
-3.3637487206680332e-08
-3.0613389154916747e-08
-2.8033296212182490e-08
-2.5802813414132602e-08
-3.5095389842566383e-08
-1.7335080922904528e-04
-7.2040869303093241e-04
-6.8479245434375439e-04
-6.4592296426044108e-04
-6.0273522095453610e-04
-5.6106320257147575e-04
-5.2112264475634906e-04
-4.8079102474887417e-04
-4.3941781049049915e-04
-3.9521309337776369e-04
-3.5631556549222884e-04
-3.1893725598880268e-04
-2.8365606239986606e-04
-2.4645022261028372e-04
-2.1618920203159191e-04
-1.8985240973617504e-04
-1.6681592757321055e-04
-1.4505988485387334e-04
-1.2858147026510958e-04
-1.1608306472153390e-04
-1.0621464018571536e-04
-9.8258689635823850e-05
-9.3300195397333490e-05
-9.0275540856174936e-05
-8.8622162520729736e-05
-8.8231554335909033e-05
-8.8719892566696662e-05
-8.9727512737331017e-05
-9.1183180768231571e-05
-9.3147105325905300e-05
-9.4875088842148592e-05
-9.6686789738571958e-05
-9.8530672837467389e-05
-1.0030441440595460e-04
-1.0178973450888287e-04
-1.0311801328309841e-04
-1.0439142930704221e-04
-1.0541700301000182e-04
-1.0625687460214690e-04
-1.0693194996961990e-04
-1.0753733226158413e-04
-1.0793175086893449e-04
-1.0816417833368372e-04
-1.0834622562997328e-04
-1.0842630112082467e-04
-1.0837195763755711e-04
-1.0825581101067287e-04
-1.0808013424078852e-04
-1.0781544330374232e-04
-1.0749374552641213e-04
-1.0715246004373385e-04
-1.0675944869329012e-04
-1.0633257142127081e-04
-1.0584339448512398e-04
-1.0536248814555471e-04
-1.0485428405250196e-04
-1.0430070983600204e-04
-1.0376801209032592e-04
-1.0322480068614400e-04
-1.0260923434346821e-04
-1.0203802607133159e-04
-1.0146383138660825e-04
-1.0083395607199868e-04
-1.0025117241900227e-04
-9.9672281821321844e-05
-9.8999742414216833e-05
-9.8417701960827698e-05
-9.7816867192306733e-05
-9.7164588009698299e-05
-9.6583914259639221e-05
-9.5967864288615080e-05
-9.5319428731353099e-05
-9.4735555246222922e-05
-9.4099337269918463e-05
-9.3487166894064467e-05
-9.2913621582244683e-05
-9.2250772062262490e-05
-9.1667537934965224e-05
-9.1082509808429026e-05
-9.0409165484312934e-05
-8.9867691822584773e-05
-8.9253594472440574e-05
-8.8629089967245372e-05
-8.8087222022005394e-05
-8.7421836608461153e-05
-8.6862841932038108e-05
-8.6297004493023470e-05
-8.5655675411153932e-05
-8.5123674960827916e-05
-8.4505527072728553e-05
-8.3919498939963137e-05
-8.3381952852892908e-05
-8.2748724347705109e-05
-8.2221271630249446e-05
-8.1624116715743640e-05
-8.1059964802596726e-05
-8.0501260121317695e-05
-7.9909106947943797e-05
-7.9387093537322138e-05
-7.8772994297011923e-05
-7.8259602503081562e-05
-7.7683849854771729e-05
-7.7115629443113336e-05
-7.6611276944193194e-05
-7.5987253948882474e-05
-7.5506929233685392e-05
-7.4910380349623378e-05
-7.4394543835112353e-05
-7.3847256670993216e-05
-7.3297803848889443e-05
-7.2771926858793042e-05
-7.2216087119726094e-05
-7.1718548274107925e-05
-7.1131727286390638e-05
-7.0661333235212556e-05
-7.0075552988390006e-05
-6.9585539002947261e-05
-6.9038995432684007e-05
-6.8519411736410766e-05
-6.8001498321229619e-05
-6.7475404490894718e-05
-6.6965448844984244e-05
-6.6436040516436938e-05
-6.5937118768297554e-05
-6.5388537260246089e-05
-6.4923254419579102e-05
-6.4352747975903298e-05
-6.3902527773096113e-05
-6.3338706530458619e-05
-6.2882472928164795e-05
-6.2326211399676924e-05
-6.1870813169150968e-05
-6.1307592346971279e-05
-6.0869467138497632e-05
-6.0299769569324722e-05
-5.9863655033547950e-05
-5.9306087871098247e-05
-5.8860750197289729e-05
-5.8311818611521957e-05
-5.7861664150576908e-05
-5.7313481857844619e-05
-5.6872377379608086e-05
-5.6323079346595262e-05
-5.5873769101765400e-05
-5.5350298374222929e-05
-5.4875387970313833e-05
-5.4379269804666133e-05
-5.3885387907081331e-05
-5.3397627988831127e-05
-5.2900145680683559e-05
-5.2420960770369590e-05
-5.1912351453423141e-05
-5.1455513115664170e-05
-5.0920607760110305e-05
-5.0479610406697135e-05
-4.9944581812445540e-05
-4.9490116780509507e-05
-4.8982351204952313e-05
-4.8494135973665074e-05
-4.8022816656171997e-05
-4.7500618584432276e-05
-4.7055908730361192e-05
-4.6514903090201120e-05
-4.6059139508102113e-05
-4.5553807414763611e-05
-4.5066748459254689e-05
-4.4587294826400264e-05
-4.4073697542493909e-05
-4.3618540100000803e-05
-4.3079382369636759e-05
-4.2615284629079682e-05
-4.2109967843261013e-05
-4.1610324504473968e-05
-4.1139362056996926e-05
-4.0600183345658098e-05
-4.0128750054625220e-05
-3.9622832194785218e-05
-3.9113935458953982e-05
-3.8636805018585173e-05
-3.8090492432277351e-05
0.0000000000000000e+00
];
