%Vec Object:dSdr_b_aug_1170 1 MPI processes
%  type: seq
dSdr_b_aug_1170 = [
2.4547958652559787e+03
0.0000000000000000e+00
-2.2029037628048232e-06
-8.9999244670249247e-07
-5.4947827761932430e-07
-3.8618831069110583e-07
-2.8976863430190070e-07
-2.3024158556002151e-07
-1.8989729965999121e-07
-1.5932421673680553e-07
-1.3663029336548035e-07
-1.1924193603482008e-07
-1.0506058229984389e-07
-9.3570962738624607e-08
-8.4153429425649429e-08
-7.6210942243619138e-08
-6.9422800983729614e-08
-6.3631894722696938e-08
-5.8625439292202049e-08
-5.4207157811735580e-08
-5.0336670705511599e-08
-4.6923357048077028e-08
-4.3854344206544637e-08
-4.1110711449042619e-08
-3.8743504509412391e-08
-2.0269491034084219e-07
-8.4567388776001645e-05
-4.8085816863203636e-04
-4.6972910803862953e-04
-4.2504927912864065e-04
-3.8414381374627938e-04
-3.4473348722760815e-04
-3.0754721363157790e-04
-2.6835187184153712e-04
-2.3648264240584419e-04
-2.0875555205793144e-04
-1.8450667885437882e-04
-1.6160362248001146e-04
-1.4425566091007217e-04
-1.3109398260022865e-04
-1.2068774925800779e-04
-1.1228550760013741e-04
-1.0703138671358437e-04
-1.0380325473437465e-04
-1.0201100921708469e-04
-1.0153627782487599e-04
-1.0198305925419698e-04
-1.0297253295097184e-04
-1.0442972925694383e-04
-1.0640448307420056e-04
-1.0814025907259427e-04
-1.0996412811341143e-04
-1.1181440535481987e-04
-1.1358617903033421e-04
-1.1506325539736345e-04
-1.1637324913367030e-04
-1.1761548469888219e-04
-1.1860525672118377e-04
-1.1940340058652787e-04
-1.2002562891754719e-04
-1.2056904803697128e-04
-1.2090042643044404e-04
-1.2106273928983694e-04
-1.2116056115868201e-04
-1.2116348783905571e-04
-1.2102722977389703e-04
-1.2082024067840163e-04
-1.2055088731228227e-04
-1.2019533549370395e-04
-1.1977762137482253e-04
-1.1933401814144381e-04
-1.1884648176812120e-04
-1.1832466280755217e-04
-1.1772295472023373e-04
-1.1714504399981550e-04
-1.1654042173890911e-04
-1.1587255524379302e-04
-1.1524334916164317e-04
-1.1460399340765456e-04
-1.1387132407434288e-04
-1.1320332823565386e-04
-1.1253128202211375e-04
-1.1178761371502557e-04
-1.1110857631049100e-04
-1.1043273697812608e-04
-1.0964535415060015e-04
-1.0896744706528208e-04
-1.0826842501775909e-04
-1.0750605515358414e-04
-1.0683110508702228e-04
-1.0611532264566630e-04
-1.0535940120304009e-04
-1.0468206208482606e-04
-1.0394332123109913e-04
-1.0323029090365514e-04
-1.0256488396387602e-04
-1.0179617951751701e-04
-1.0111611721401966e-04
-1.0043898661398852e-04
-9.9657803261520882e-05
-9.9025541293874586e-05
-9.8315925124928307e-05
-9.7589888761813240e-05
-9.6958465698772394e-05
-9.6189559577545565e-05
-9.5537872326761867e-05
-9.4880424045308700e-05
-9.4137470713165938e-05
-9.3517584623332173e-05
-9.2799608361990345e-05
-9.2119610517707397e-05
-9.1493732271850605e-05
-9.0757512189884823e-05
-9.0144988221254336e-05
-8.9449231037409612e-05
-8.8793790677509646e-05
-8.8144516262330535e-05
-8.7454405796020979e-05
-8.6847153838142492e-05
-8.6133241372197400e-05
-8.5532826432888466e-05
-8.4864432221279363e-05
-8.4202325967708329e-05
-8.3611212952750807e-05
-8.2888017301935665e-05
-8.2324467801642292e-05
-8.1629106204807604e-05
-8.1028852603300946e-05
-8.0386237904032519e-05
-7.9746826137122841e-05
-7.9131986538142666e-05
-7.8481097943040583e-05
-7.7899926474117985e-05
-7.7213157338276543e-05
-7.6661407554143879e-05
-7.5976515605378968e-05
-7.5401798081887894e-05
-7.4761247196842678e-05
-7.4152768983527995e-05
-7.3544450735276034e-05
-7.2926776169803626e-05
-7.2329157267331731e-05
-7.1705048750964222e-05
-7.1120153951622768e-05
-7.0475249839322426e-05
-6.9925065952797238e-05
-6.9257262119397671e-05
-6.8722953757773385e-05
-6.8060794548883605e-05
-6.7522617551585561e-05
-6.6864564240280301e-05
-6.6327942672750545e-05
-6.5662449622201269e-05
-6.5143434340593192e-05
-6.4470810926961131e-05
-6.3953216297451672e-05
-6.3293739198824593e-05
-6.2765957618290884e-05
-6.2115151866007885e-05
-6.1580599308706669e-05
-6.0931500569511226e-05
-6.0404133176826378e-05
-5.9755179407121313e-05
-5.9218062843720280e-05
-5.8595260591983217e-05
-5.8030852186014848e-05
-5.7436823197644000e-05
-5.6850206165941469e-05
-5.6266499672631463e-05
-5.5672724596525412e-05
-5.5100022400907942e-05
-5.4491314179469201e-05
-5.3944047071768098e-05
-5.3303949213459862e-05
-5.2774392758858748e-05
-5.2133941533775014e-05
-5.1587759495806720e-05
-5.0977684935579415e-05
-5.0392197333998698e-05
-4.9822529062275819e-05
-4.9197205408011269e-05
-4.8658873367805310e-05
-4.8007959973981217e-05
-4.7458795180230424e-05
-4.6846263428386077e-05
-4.6259759581160135e-05
-4.5678736154396263e-05
-4.5057858255146164e-05
-4.4505915317858490e-05
-4.3852869421620695e-05
-4.3289850877365587e-05
-4.2677186756492579e-05
-4.2070222011404780e-05
-4.1498222230759356e-05
-4.0842330657307090e-05
-4.0269247641431690e-05
-3.9653482260462577e-05
-3.9033158031672679e-05
-3.8455373066960825e-05
-3.7799541668638466e-05
0.0000000000000000e+00
];
