%Vec Object:dSdr_b_aug_3010 1 MPI processes
%  type: seq
dSdr_b_aug_3010 = [
2.3767040492430106e+03
0.0000000000000000e+00
-1.2496165823992493e-06
-5.1300615686847918e-07
-3.1592290201997598e-07
-2.2293133772113101e-07
-1.6686390399346302e-07
-1.3222205007343702e-07
-1.0874441441834366e-07
-9.1044512813749643e-08
-7.7904623464953051e-08
-6.7833870639162660e-08
-5.9634067664983631e-08
-5.2992636408701358e-08
-4.7548497801853904e-08
-4.2959149811897622e-08
-3.9039021322280359e-08
-3.5694693681887001e-08
-3.2803585466838322e-08
-3.0253693117090981e-08
-2.8027704666062558e-08
-1.9555072237137262e-07
-2.9447671500817095e-04
-6.5698034772140662e-04
-6.1742223922887929e-04
-5.7496500824286113e-04
-5.3419504689174451e-04
-4.9303378502918232e-04
-4.5082461073403556e-04
-4.0575026883086731e-04
-3.6609178143864115e-04
-3.2799445697137141e-04
-2.9204371291029148e-04
-2.5413929390127573e-04
-2.2331365333075982e-04
-1.9648876145937619e-04
-1.7302664173800904e-04
-1.5086791453789456e-04
-1.3408422649743569e-04
-1.2135296467419529e-04
-1.1129573076308668e-04
-1.0318310014444655e-04
-9.8120819925225346e-05
-9.5024730417719096e-05
-9.3322599969224460e-05
-9.2902458749552966e-05
-9.3376207810327020e-05
-9.4377457509601202e-05
-9.5833662311734850e-05
-9.7801388947173982e-05
-9.9532108394486822e-05
-1.0134808138202145e-04
-1.0319420947155084e-04
-1.0496726034424664e-04
-1.0644968646684022e-04
-1.0777154596954049e-04
-1.0903401549184014e-04
-1.1004702030732913e-04
-1.1087224254013487e-04
-1.1152876486953023e-04
-1.1211239370436619e-04
-1.1248468073176596e-04
-1.1269249299471817e-04
-1.1284497117872826e-04
-1.1289796195421477e-04
-1.1281486062572710e-04
-1.1266682182463773e-04
-1.1245825789773991e-04
-1.1216166831911309e-04
-1.1180626196678804e-04
-1.1142905572905743e-04
-1.1100285942432049e-04
-1.1054265091451539e-04
-1.1001396757634311e-04
-1.0949900583929342e-04
-1.0895695214814728e-04
-1.0836325323805279e-04
-1.0779667423280763e-04
-1.0721970935171700e-04
-1.0656303154610038e-04
-1.0595784397701294e-04
-1.0534929646604010e-04
-1.0467947172792782e-04
-1.0406289617866633e-04
-1.0344996969397227e-04
-1.0273711208192625e-04
-1.0212141563346309e-04
-1.0148611015472755e-04
-1.0079518131377161e-04
-1.0018140987823252e-04
-9.9530346719502858e-05
-9.8844175969401910e-05
-9.8227489402383399e-05
-9.7555278601566713e-05
-9.6907699206098157e-05
-9.6301903929224249e-05
-9.5601891793341954e-05
-9.4984664084890713e-05
-9.4367301435861690e-05
-9.3656097930773868e-05
-9.3082751101188625e-05
-9.2435119809640919e-05
-9.1774970332084626e-05
-9.1201662107224892e-05
-9.0499933491126441e-05
-8.9908397061868486e-05
-8.9310397634547803e-05
-8.8633391140378241e-05
-8.8070536513338600e-05
-8.7417341692965379e-05
-8.6798323436787259e-05
-8.6229766410325859e-05
-8.5560380459294956e-05
-8.5003061612556676e-05
-8.4371290211633217e-05
-8.3775089486454776e-05
-8.3184588311755223e-05
-8.2558045081670742e-05
-8.2006106803728459e-05
-8.1356965938908366e-05
-8.0813022753666058e-05
-8.0204746245364026e-05
-7.9603565141626574e-05
-7.9068753449138484e-05
-7.8409913708184134e-05
-7.7900371091221740e-05
-7.7269131824231796e-05
-7.6723658820815492e-05
-7.6142904817621629e-05
-7.5561869913858508e-05
-7.5004760625562212e-05
-7.4415551877507287e-05
-7.3888651936107063e-05
-7.3266741932102641e-05
-7.2767786132198539e-05
-7.2147210516444689e-05
-7.1627459457471320e-05
-7.1047912518308392e-05
-7.0497120408307863e-05
-6.9947468347185551e-05
-6.9389223041408242e-05
-6.8848491231920811e-05
-6.8285836269068995e-05
-6.7756731732552581e-05
-6.7174333996695810e-05
-6.6679244709750310e-05
-6.6074579808179988e-05
-6.5594838530452413e-05
-6.4996493501735610e-05
-6.4511491777793055e-05
-6.3919493913501308e-05
-6.3435580339394574e-05
-6.2836454495022217e-05
-6.2369930926804921e-05
-6.1764098851231847e-05
-6.1299378797363712e-05
-6.0706033764447914e-05
-6.0231752182403094e-05
-5.9647055259583191e-05
-5.9167270803413816e-05
-5.8583659372404229e-05
-5.8112270182965805e-05
-5.7527985575465098e-05
-5.7047848735265978e-05
-5.6489505213459081e-05
-5.5983174263535096e-05
-5.5452682020616046e-05
-5.4926243052506814e-05
-5.4404798584029162e-05
-5.3873510147691422e-05
-5.3361493460152317e-05
-5.2817741694419531e-05
-5.2329155766386402e-05
-5.1757319620772577e-05
-5.1285230929245962e-05
-5.0713190593784679e-05
-5.0226525388461445e-05
-4.9682840973862274e-05
-4.9160474983151982e-05
-4.8654626790481644e-05
-4.8096222702922267e-05
-4.7618642990615223e-05
-4.7039049786277350e-05
-4.6550493293111518e-05
-4.6007523597096726e-05
-4.5485548975623148e-05
-4.4970432982900948e-05
-4.4419167494860974e-05
-4.3930025189929577e-05
-4.3350876601374005e-05
-4.2852040307177547e-05
-4.2309023178237938e-05
-4.1771683386073428e-05
-4.1265222373471110e-05
-4.0685027553737518e-05
-4.0177840221820307e-05
-3.9633234984786463e-05
-3.9084957243946361e-05
-3.8571753321843240e-05
-3.7983072942948914e-05
0.0000000000000000e+00
];
