%Vec Object:dSdr_b_aug_5050 1 MPI processes
%  type: seq
dSdr_b_aug_5050 = [
2.3314359671149182e+03
0.0000000000000000e+00
-9.1690943498148914e-07
-3.7738964464870728e-07
-2.3344604054955886e-07
-1.6510672884284211e-07
-1.2346549092384246e-07
-9.7726915391481934e-08
-8.0283687771979802e-08
-6.7165338831545375e-08
-5.7425836212888121e-08
-4.9960087016751906e-08
-4.3885914267742965e-08
-3.8966678164177277e-08
-3.4934006201777471e-08
-3.1535102165243327e-08
-2.8632457287382425e-08
-2.6156058243562056e-08
-2.4017491826677770e-08
-2.1549914502892621e-07
-4.5840904442897559e-04
-7.2078986160610298e-04
-6.8348120234672097e-04
-6.4465844741612812e-04
-6.0154636101653167e-04
-5.5994568929115568e-04
-5.2007203656326566e-04
-4.7980710267336732e-04
-4.3850107301652999e-04
-3.9436624554492207e-04
-3.5552987410480817e-04
-3.1820935005877620e-04
-2.8298196658364583e-04
-2.4583226986213581e-04
-2.1561662638302294e-04
-1.8931906142996547e-04
-1.6631678668999392e-04
-1.4459310670371625e-04
-1.2813922617372633e-04
-1.1565953470886873e-04
-1.0580628431713521e-04
-9.7862925763489460e-05
-9.2912772567764476e-05
-8.9893859106986778e-05
-8.8244398892880496e-05
-8.7856164244838061e-05
-8.8345675013125590e-05
-8.9353807204685875e-05
-9.0809432138185442e-05
-9.2773051173286746e-05
-9.4500814846627747e-05
-9.6312172440812181e-05
-9.8155875148342545e-05
-9.9929672271373862e-05
-1.0141522509889789e-04
-1.0274401980166861e-04
-1.0401831558005099e-04
-1.0504489942356828e-04
-1.0588594835778153e-04
-1.0656251479552868e-04
-1.0716964536711937e-04
-1.0756584264223624e-04
-1.0780024837662754e-04
-1.0798467207593054e-04
-1.0806692430451999e-04
-1.0801489202380515e-04
-1.0790130849757859e-04
-1.0772827479246891e-04
-1.0746614747529446e-04
-1.0714715877780072e-04
-1.0680876016765202e-04
-1.0641841581970343e-04
-1.0599421730619085e-04
-1.0550821541099130e-04
-1.0503004602819222e-04
-1.0452456235198661e-04
-1.0397421286602989e-04
-1.0344423808122439e-04
-1.0290373936805967e-04
-1.0229147705937872e-04
-1.0172299962641658e-04
-1.0115156580026143e-04
-1.0052490112876856e-04
-9.9944833253394171e-05
-9.9368678042094857e-05
-9.8699378915588940e-05
-9.8120043317288032e-05
-9.7521978880310512e-05
-9.6872805880877171e-05
-9.6294792115470028e-05
-9.5681556073159356e-05
-9.5036153205301530e-05
-9.4454916831577116e-05
-9.3821591514585124e-05
-9.3212266879006959e-05
-9.2641313421918271e-05
-9.1981450574171736e-05
-9.1400948431549482e-05
-9.0818518955109500e-05
-9.0148217284137614e-05
-8.9609305194440238e-05
-8.8997902884640603e-05
-8.8376263074268311e-05
-8.7836921902986260e-05
-8.7174457299029050e-05
-8.6618077919045270e-05
-8.6054825255556762e-05
-8.5416363475046173e-05
-8.4886842694431258e-05
-8.4271511437333314e-05
-8.3688134634764711e-05
-8.3153080815642666e-05
-8.2522758190234588e-05
-8.1997705734840516e-05
-8.1403332856719529e-05
-8.0841756622135124e-05
-8.0285607341013508e-05
-7.9696218005900093e-05
-7.9176609577101553e-05
-7.8565326539519875e-05
-7.8054390079245728e-05
-7.7481251286720191e-05
-7.6915679837789760e-05
-7.6413775262160148e-05
-7.5792550395418243e-05
-7.5314573843461238e-05
-7.4720812932030641e-05
-7.4207358220928753e-05
-7.3662760695740543e-05
-7.3115846038890415e-05
-7.2592479102515418e-05
-7.2039321138973479e-05
-7.1544141962461106e-05
-7.0960140982178499e-05
-7.0492042357819863e-05
-6.9909058517857278e-05
-6.9421434416260219e-05
-6.8877543233348643e-05
-6.8360467667813725e-05
-6.7845104996321274e-05
-6.7321595087134505e-05
-6.6814112831347876e-05
-6.6287376437906994e-05
-6.5790880390471874e-05
-6.5245016592818119e-05
-6.4782129205737341e-05
-6.4214367974889090e-05
-6.3766520289387256e-05
-6.3205473618211573e-05
-6.2751552018144055e-05
-6.2198162508626689e-05
-6.1745055962860349e-05
-6.1184720713960383e-05
-6.0748877785928994e-05
-6.0182084230091381e-05
-5.9748268620415297e-05
-5.9193576805923521e-05
-5.8750565249992014e-05
-5.8204508000857865e-05
-5.7756734792482130e-05
-5.7211399811972820e-05
-5.6772729199013940e-05
-5.6226242904521347e-05
-5.5779410068374685e-05
-5.5258741928195779e-05
-5.4786356659196656e-05
-5.4293000991751335e-05
-5.3801735558839046e-05
-5.3316682712399562e-05
-5.2821917240383800e-05
-5.2345370852934246e-05
-5.1839585753223272e-05
-5.1385298787608238e-05
-5.0853361353295196e-05
-5.0414862607957986e-05
-4.9882808414094924e-05
-4.9430931073733127e-05
-4.8926052029401199e-05
-4.8440581210788574e-05
-4.7972036667814144e-05
-4.7452748124480957e-05
-4.7010679643694634e-05
-4.6472774844073538e-05
-4.6019646345253985e-05
-4.5517338616428345e-05
-4.5033085178621169e-05
-4.4556496955671619e-05
-4.4045926129252019e-05
-4.3593498920719877e-05
-4.3057553821200561e-05
-4.2596246205557647e-05
-4.2093956991840474e-05
-4.1597340033178509e-05
-4.1129225928826658e-05
-4.0593336579497349e-05
-4.0124765320610255e-05
-3.9621935881955265e-05
-3.9116159790413942e-05
-3.8641803732185357e-05
-3.8098231602764006e-05
0.0000000000000000e+00
];
