%Vec Object:dSdr_b_aug_1030 1 MPI processes
%  type: seq
dSdr_b_aug_1030 = [
2.4648741122006995e+03
0.0000000000000000e+00
-2.3734377630016258e-06
-9.6804726328632965e-07
-5.8971178690463841e-07
-4.1379474434257269e-07
-3.1024290164255908e-07
-2.4632204998783483e-07
-2.0300146763638528e-07
-1.7016359958889634e-07
-1.4579056765139325e-07
-1.2711657256187869e-07
-1.1188876087149500e-07
-9.9552377980807105e-08
-8.9441256940183108e-08
-8.0914936404342771e-08
-7.3628978257528274e-08
-6.7413666460851545e-08
-6.2040657202229268e-08
-5.7299947074528043e-08
-5.3147173239151651e-08
-4.9484982248621452e-08
-4.6192953078943322e-08
-4.3250072772021989e-08
-4.0611549685432599e-08
-4.0645339027580799e-08
-2.5706079965096811e-06
-2.4542680181777047e-04
-4.5854726367624193e-04
-4.2648669752363581e-04
-3.8638795388297415e-04
-3.4690222654047107e-04
-3.0956706116850002e-04
-2.7020533942236367e-04
-2.3820036322009003e-04
-2.1035567165772733e-04
-1.8600419266722023e-04
-1.6300404887639307e-04
-1.4558248261309242e-04
-1.3236465915033186e-04
-1.2191290061750778e-04
-1.1347288053080841e-04
-1.0819373488102754e-04
-1.0494837853565813e-04
-1.0314437789680890e-04
-1.0266252545701290e-04
-1.0310578908533713e-04
-1.0409372666596368e-04
-1.0555105232486026e-04
-1.0752672282389117e-04
-1.0926315844089802e-04
-1.1108805750115520e-04
-1.1293887599246885e-04
-1.1471048307090229e-04
-1.1618686159039625e-04
-1.1749530749053869e-04
-1.1873490362114370e-04
-1.1972164502209085e-04
-1.2051625662522404e-04
-1.2113401144299988e-04
-1.2167218536638054e-04
-1.2199822739258696e-04
-1.2215460503652251e-04
-1.2224529720635484e-04
-1.2224169322465220e-04
-1.2209850107402253e-04
-1.2188382214622622e-04
-1.2160653903832580e-04
-1.2124329582879910e-04
-1.2081745390840029e-04
-1.2036518945826587e-04
-1.1986965152388823e-04
-1.1933979573142367e-04
-1.1872856186133046e-04
-1.1814243970161211e-04
-1.1752965562482790e-04
-1.1685211426719733e-04
-1.1621473873620580e-04
-1.1556724434489336e-04
-1.1482466222183821e-04
-1.1414847329748837e-04
-1.1346814393368939e-04
-1.1271484302870975e-04
-1.1202765772597005e-04
-1.1134361166503734e-04
-1.1054650732081198e-04
-1.0986048510699629e-04
-1.0915315148776933e-04
-1.0838146242704813e-04
-1.0769853185245724e-04
-1.0697430703884773e-04
-1.0620928689606150e-04
-1.0552403589422938e-04
-1.0477661645994086e-04
-1.0405504831865893e-04
-1.0338186527462865e-04
-1.0260420018913569e-04
-1.0191594136237893e-04
-1.0123101427042930e-04
-1.0044070232418531e-04
-9.9800755076870536e-05
-9.9083053192950424e-05
-9.8348422113243665e-05
-9.7709418165265729e-05
-9.6931748985112400e-05
-9.6272215294295510e-05
-9.5607012141663198e-05
-9.4855456301779319e-05
-9.4228130679876378e-05
-9.3501703932377379e-05
-9.2813751538537437e-05
-9.2180395963047617e-05
-9.1435457629330706e-05
-9.0815732367556835e-05
-9.0111628487743990e-05
-8.9448460548260743e-05
-8.8791519392776683e-05
-8.8093116828180293e-05
-8.7478649416118841e-05
-8.6756287747121629e-05
-8.6148506287257265e-05
-8.5472269955262420e-05
-8.4802216253024296e-05
-8.4203758949547502e-05
-8.3472168320779952e-05
-8.2901573832459995e-05
-8.2197847727234343e-05
-8.1590448209551244e-05
-8.0939764022900873e-05
-8.0292737221069818e-05
-7.9670366927250006e-05
-7.9011432435662629e-05
-7.8423181456548630e-05
-7.7727951698875044e-05
-7.7169315144145418e-05
-7.6476033379352170e-05
-7.5894145693516769e-05
-7.5245637080213171e-05
-7.4629633938111051e-05
-7.4013662912944398e-05
-7.3388236030532937e-05
-7.2783196426757683e-05
-7.2151071532051964e-05
-7.1558899108299824e-05
-7.0905841280780174e-05
-7.0348470516168722e-05
-6.9672430452889675e-05
-6.9131004025175659e-05
-6.8460520502581701e-05
-6.7915406995044155e-05
-6.7248737005138657e-05
-6.6705239881781112e-05
-6.6031089484429759e-05
-6.5505226859462358e-05
-6.4823890772114124e-05
-6.4299398855770774e-05
-6.3631295082321128e-05
-6.3096534630285769e-05
-6.2437105233534355e-05
-6.1895408384951686e-05
-6.1237767075401811e-05
-6.0703097537370844e-05
-6.0045707920197274e-05
-5.9501158565993762e-05
-5.8869947915643502e-05
-5.8297963522448325e-05
-5.7695646403168631e-05
-5.7101179366482781e-05
-5.6509351022630692e-05
-5.5907424794638794e-05
-5.5326806396453795e-05
-5.4709624842600120e-05
-5.4154702985926825e-05
-5.3505700633813875e-05
-5.2968647711580963e-05
-5.2319272528429008e-05
-5.1765326724274890e-05
-5.1146591797726310e-05
-5.0552870193194676e-05
-4.9974876801474429e-05
-4.9340823705234655e-05
-4.8794566708274370e-05
-4.8134349813239116e-05
-4.7577278831380513e-05
-4.6955672896577665e-05
-4.6360751362276328e-05
-4.5771130445463804e-05
-4.5141171728545786e-05
-4.4581036505564494e-05
-4.3918350755456237e-05
-4.3346959575180011e-05
-4.2725209859185119e-05
-4.2109162233618974e-05
-4.1528612341310998e-05
-4.0862845151421133e-05
-4.0281164208619124e-05
-3.9656112454531284e-05
-3.9026381893619262e-05
-3.8440149497008493e-05
-3.7775435016778455e-05
0.0000000000000000e+00
];
