%Vec Object:dSdr_b_aug_7390 1 MPI processes
%  type: seq
dSdr_b_aug_7390 = [
2.2989625297410662e+03
0.0000000000000000e+00
-7.4304185687361562e-07
-3.0752992044135978e-07
-1.9155522648386312e-07
-1.3625983937057737e-07
-1.0228273067701797e-07
-8.1271251812870147e-08
-6.7028678243376343e-08
-5.6317974249431701e-08
-4.8363186838611131e-08
-4.2264346402300732e-08
-3.7297995511445153e-08
-3.3274209594286410e-08
-2.9974952712720051e-08
-2.7192423145990491e-08
-2.4814328337122870e-08
-2.2851922646709463e-08
-1.1027170191108656e-05
-7.7243983544546279e-04
-7.4693328080278302e-04
-7.0796308940093017e-04
-6.6968985536692291e-04
-6.3156125783648642e-04
-5.8923638819479351e-04
-5.4837455929893347e-04
-5.0919366895923026e-04
-4.6961922735768796e-04
-4.2900885145572183e-04
-3.8559768684691848e-04
-3.4739455156103551e-04
-3.1067235929723575e-04
-2.7600214549483722e-04
-2.3943377489429564e-04
-2.0968798270428198e-04
-1.8379659220467445e-04
-1.6114851384872389e-04
-1.3975992974838431e-04
-1.2356008401881249e-04
-1.1127416503025305e-04
-1.0157803340746127e-04
-9.3765057112045705e-05
-8.8901270051728045e-05
-8.5941801633560906e-05
-8.4332910783649391e-05
-8.3969252221548804e-05
-8.4470903446596271e-05
-8.5484336853111943e-05
-8.6939515095892875e-05
-8.8899970190435264e-05
-9.0625457126318034e-05
-9.2433259658471795e-05
-9.4275094165488884e-05
-9.6049466020317023e-05
-9.7537426957167183e-05
-9.8871563285056737e-05
-1.0015496804617574e-04
-1.0119201096343815e-04
-1.0204525025834970e-04
-1.0273725553284508e-04
-1.0336248819480411e-04
-1.0377710222685191e-04
-1.0403199148458540e-04
-1.0424102113483376e-04
-1.0434581191863507e-04
-1.0431771050296073e-04
-1.0423066609450773e-04
-1.0408499949232994e-04
-1.0384941668549702e-04
-1.0355847865075087e-04
-1.0324997163905764e-04
-1.0288724228130180e-04
-1.0249078048985225e-04
-1.0203765401048937e-04
-1.0158782396500574e-04
-1.0111050837028159e-04
-1.0059354881764002e-04
-1.0009176846340475e-04
-9.9579357846718257e-05
-9.9001306618821651e-05
-9.8461105201114006e-05
-9.7918258225138571e-05
-9.7324837639831322e-05
-9.6772889835337780e-05
-9.6225057733585092e-05
-9.5589309578363144e-05
-9.5037980961787012e-05
-9.4468601476214705e-05
-9.3851590960485564e-05
-9.3301119578254572e-05
-9.2717019913976433e-05
-9.2103018554264213e-05
-9.1549087730703901e-05
-9.0945714002473699e-05
-9.0365855139867249e-05
-8.9821738633674304e-05
-8.9192800823287467e-05
-8.8640586590665735e-05
-8.8085064430996218e-05
-8.7446267448256117e-05
-8.6933878757272870e-05
-8.6350381877145626e-05
-8.5758404211013959e-05
-8.5245226228833113e-05
-8.4613004805367473e-05
-8.4083705211252351e-05
-8.3547216311120347e-05
-8.2938443671349765e-05
-8.2434598352899662e-05
-8.1848431580099003e-05
-8.1292507678766627e-05
-8.0783259773607141e-05
-8.0183025752790486e-05
-7.9682826552883226e-05
-7.9117259963243567e-05
-7.8582353314932840e-05
-7.8052663652353400e-05
-7.7491892182388576e-05
-7.6997185890293658e-05
-7.6415062924198329e-05
-7.5929549966463616e-05
-7.5383476076535365e-05
-7.4845333042574495e-05
-7.4368775248267427e-05
-7.3776523321832462e-05
-7.3322860605394959e-05
-7.2757967482091641e-05
-7.2269174937363039e-05
-7.1752427023562195e-05
-7.1231793569019928e-05
-7.0734416761647834e-05
-7.0209027002202007e-05
-6.9738280826231832e-05
-6.9183479364397913e-05
-6.8739148561819321e-05
-6.8185119882293964e-05
-6.7722241656859535e-05
-6.7205814414998390e-05
-6.6714709111059949e-05
-6.6225757937673964e-05
-6.5729003066140407e-05
-6.5247131376985768e-05
-6.4748061365886667e-05
-6.4276682108172482e-05
-6.3758958686442022e-05
-6.3320874917524602e-05
-6.2781538855180550e-05
-6.2358257318658150e-05
-6.1825939830025515e-05
-6.1395957810121557e-05
-6.0872306517195132e-05
-6.0442929206491186e-05
-5.9912472553472019e-05
-5.9500261517923178e-05
-5.8963537531421478e-05
-5.8553526209357053e-05
-5.8028607195871342e-05
-5.7609681529381450e-05
-5.7093386660869599e-05
-5.6670270282791250e-05
-5.6154417924896856e-05
-5.5740948979316513e-05
-5.5223577039577860e-05
-5.4802396817280927e-05
-5.4310748365015180e-05
-5.3864509987456817e-05
-5.3399759017655512e-05
-5.2935586263261699e-05
-5.2478564345886572e-05
-5.2011930989715821e-05
-5.1562705923340750e-05
-5.1086165000861314e-05
-5.0658297184134217e-05
-5.0157092150700252e-05
-4.9744466502214628e-05
-4.9243212133533358e-05
-4.8818130682344089e-05
-4.8343142078799539e-05
-4.7886090435052786e-05
-4.7446279776902207e-05
-4.6957120834873240e-05
-4.6542405836432273e-05
-4.6036612649401829e-05
-4.5610773836638437e-05
-4.5139787493585467e-05
-4.4684590570749789e-05
-4.4237680487494726e-05
-4.3758457320153409e-05
-4.3334313103534733e-05
-4.2831649551074573e-05
-4.2399253604560155e-05
-4.1928342001064725e-05
-4.1463101325036590e-05
-4.1024537545711901e-05
-4.0522795181298895e-05
-4.0084001582278916e-05
-3.9613410861803897e-05
-3.9140500978297198e-05
-3.8696430125589880e-05
-3.8189526570487453e-05
0.0000000000000000e+00
];
