%Vec Object:dSdr_b_aug_8730 1 MPI processes
%  type: seq
dSdr_b_aug_8730 = [
2.2818516840775555e+03
0.0000000000000000e+00
-6.6456495250022450e-07
-2.7484491408359662e-07
-1.7115444806814961e-07
-1.2162873058828223e-07
-9.1115433965366032e-08
-7.2245346549381050e-08
-5.9455764396475030e-08
-4.9851666014369664e-08
-4.2719472761714083e-08
-3.7251310300414323e-08
-3.2802170015733531e-08
-2.9198368982626914e-08
-2.6243677428389672e-08
-2.3752713136488645e-08
-2.1625572434314761e-08
-3.6146572109028197e-07
-6.6624257237419225e-04
-7.8173857232387701e-04
-7.4017248724763231e-04
-7.0143782350539079e-04
-6.6349261525819423e-04
-6.2568533570741972e-04
-5.8371381536650047e-04
-5.4318345476689952e-04
-5.0431335544081832e-04
-4.6504868627541824e-04
-4.2475039836321405e-04
-3.8166388733222849e-04
-3.4374483790209384e-04
-3.0729107249850921e-04
-2.7287081918378340e-04
-2.3656324625173476e-04
-2.0702824128854036e-04
-1.8131907096762844e-04
-1.5882989435584330e-04
-1.3759164309868168e-04
-1.2150576412927567e-04
-1.0930677666279381e-04
-9.9681132527688920e-05
-9.1926648936088338e-05
-8.7101607834604743e-05
-8.4168807895470112e-05
-8.2578117424487690e-05
-8.2225484258006111e-05
-8.2732581945723401e-05
-8.3748393563192939e-05
-8.5203371364831956e-05
-8.7162406996679390e-05
-8.8886872493216661e-05
-9.0693080100793478e-05
-9.2534076453856692e-05
-9.4308706125338315e-05
-9.5797747426009449e-05
-9.7134280164438085e-05
-9.8421771467704862e-05
-9.9463506611365658e-05
-1.0032221482930114e-04
-1.0102114637582080e-04
-1.0165450011076918e-04
-1.0207737638312172e-04
-1.0234145508441476e-04
-1.0256152360310164e-04
-1.0267642576782471e-04
-1.0265906035886348e-04
-1.0258392208470743e-04
-1.0245053307072044e-04
-1.0222685881690510e-04
-1.0194850503189801e-04
-1.0165340816147208e-04
-1.0130306759890515e-04
-1.0091904921533310e-04
-1.0048067149143891e-04
-1.0004355520193678e-04
-9.9578876532470549e-05
-9.9076896560130822e-05
-9.8587764951732406e-05
-9.8087955376813276e-05
-9.7525252116069448e-05
-9.6997736044548613e-05
-9.6467713862789353e-05
-9.5889207426295151e-05
-9.5349875006768063e-05
-9.4814749378578983e-05
-9.4194053048026570e-05
-9.3655289081328737e-05
-9.3098778399607068e-05
-9.2496196797295843e-05
-9.1958081634199769e-05
-9.1387053294791904e-05
-9.0787139455066483e-05
-9.0245458601097311e-05
-8.9655521922043190e-05
-8.9088882159115137e-05
-8.8556805395956304e-05
-8.7941741348448237e-05
-8.7402217795777847e-05
-8.6858766947293963e-05
-8.6234103773086059e-05
-8.5733614157014321e-05
-8.5162636362831647e-05
-8.4583965885406528e-05
-8.4082525371686014e-05
-8.3463871804542223e-05
-8.2946720887660819e-05
-8.2422238888435242e-05
-8.1826785547971953e-05
-8.1334458890693407e-05
-8.0761376042962036e-05
-8.0217768207124074e-05
-7.9720097486710750e-05
-7.9133361974109936e-05
-7.8644312572120247e-05
-7.8091669210927716e-05
-7.7568727212280682e-05
-7.7050908001960908e-05
-7.6502975228485946e-05
-7.6019440662537999e-05
-7.5450399640028187e-05
-7.4976292306336750e-05
-7.4442360413305567e-05
-7.3916522457655293e-05
-7.3451335867046942e-05
-7.2872081931372537e-05
-7.2429327012946135e-05
-7.1877384705580952e-05
-7.1399656228080866e-05
-7.0895402350058237e-05
-7.0386559302882694e-05
-6.9900842319348418e-05
-6.9387910073309767e-05
-6.8928125153176019e-05
-6.8386423328110853e-05
-6.7952755364617239e-05
-6.7411716695322049e-05
-6.6959940088014196e-05
-6.6455833856909506e-05
-6.5976379460791097e-05
-6.5499277144037772e-05
-6.5014525249565167e-05
-6.4544143097974263e-05
-6.4057484914672598e-05
-6.3597373672434095e-05
-6.3092274722692727e-05
-6.2665318470784490e-05
-6.2138734643977887e-05
-6.1726474088266676e-05
-6.1207045221470054e-05
-6.0787803085637317e-05
-6.0277493090807713e-05
-5.9858761295395527e-05
-5.9341708915753757e-05
-5.8940099722642804e-05
-5.8416865682116328e-05
-5.8017533540098458e-05
-5.7505971331075616e-05
-5.7097851174489065e-05
-5.6594908431633927e-05
-5.6182853697423387e-05
-5.5680227953574157e-05
-5.5278065074559438e-05
-5.4773754528400242e-05
-5.4364082672148658e-05
-5.3885453136489482e-05
-5.3450944862159384e-05
-5.2999026625223218e-05
-5.2547008268242722e-05
-5.2102561665447005e-05
-5.1648549011994148e-05
-5.1211580898157099e-05
-5.0748159561498240e-05
-5.0332143942135201e-05
-4.9844726128664825e-05
-4.9443707681399735e-05
-4.8956270753549318e-05
-4.8543210460090347e-05
-4.8081631288159662e-05
-4.7637329005739941e-05
-4.7210408868582427e-05
-4.6734766566696110e-05
-4.6332322733428730e-05
-4.5840935277833386e-05
-4.5427338900190162e-05
-4.4970403638488232e-05
-4.4528241623729384e-05
-4.4094645203365170e-05
-4.3629484525205499e-05
-4.3218027699870147e-05
-4.2730293717054163e-05
-4.2310866494896559e-05
-4.1854029292052239e-05
-4.1402861505379114e-05
-4.0977549986707229e-05
-4.0491119544505509e-05
-4.0065673046828878e-05
-3.9609523733310219e-05
-3.9151312124282432e-05
-3.8720697257142325e-05
-3.8229546411355299e-05
0.0000000000000000e+00
];
