%Vec Object:dSdr_b_aug_6070 1 MPI processes
%  type: seq
dSdr_b_aug_6070 = [
2.3180541053795823e+03
0.0000000000000000e+00
-8.4086428605213944e-07
-3.4744125840108884e-07
-2.1590797059855522e-07
-1.5333622065314625e-07
-1.1504650975952849e-07
-9.1372823850019122e-08
-7.5326327877957846e-08
-6.3251338642799404e-08
-5.4284173440134106e-08
-4.7409747084002872e-08
-4.1811643919789080e-08
-3.7276281300143930e-08
-3.3557806683785789e-08
-3.0421978548888585e-08
-2.7742194714328871e-08
-2.5455637972036842e-08
-2.4598737452797793e-08
-6.4503386546947488e-05
-7.4965784677641421e-04
-7.1541885246625416e-04
-6.7681467638548536e-04
-6.3831726153033331e-04
-5.9558613009737488e-04
-5.5434318597941676e-04
-5.1480495443459451e-04
-4.7487434275267880e-04
-4.3390513439247859e-04
-3.9012068966265753e-04
-3.5159091820299686e-04
-3.1456009415905574e-04
-2.7960248083823527e-04
-2.4273425033929490e-04
-2.1274609924825839e-04
-1.8664519566321131e-04
-1.6381441557499624e-04
-1.4225298217606977e-04
-1.2592210010820622e-04
-1.1353622931495329e-04
-1.0375905254131573e-04
-9.5878822301849231e-05
-9.0970485714443456e-05
-8.7980354223618097e-05
-8.6350536767865993e-05
-8.5974201265421755e-05
-8.6469590108198731e-05
-8.7480289065723461e-05
-8.8935697783820391e-05
-9.0897784961375814e-05
-9.2624446338816641e-05
-9.4434082694184532e-05
-9.6276880903309889e-05
-9.8050956335143832e-05
-9.9537675100962999e-05
-1.0086905609174414e-04
-1.0214776223668040e-04
-1.0317941013450829e-04
-1.0402636137785521e-04
-1.0471040297135703e-04
-1.0532629819229237e-04
-1.0573141247273336e-04
-1.0597573589925008e-04
-1.0617207328620427e-04
-1.0626523821233176e-04
-1.0622479275769932e-04
-1.0612405892052738e-04
-1.0596427579830336e-04
-1.0571500078199552e-04
-1.0540959363387305e-04
-1.0508566791673639e-04
-1.0470869417502309e-04
-1.0429792520811403e-04
-1.0382784091006159e-04
-1.0336339284830398e-04
-1.0287154757480322e-04
-1.0233736480548936e-04
-1.0182104118145034e-04
-1.0129414214445667e-04
-1.0069844413574158e-04
-1.0014365736568243e-04
-9.9586064702496472e-05
-9.8975496132434947e-05
-9.8409043415325099e-05
-9.7846601669572737e-05
-9.7193547232372660e-05
-9.6627772037215809e-05
-9.6043596262560758e-05
-9.5409995675495348e-05
-9.4845317364458380e-05
-9.4246188556283196e-05
-9.3615989652298117e-05
-9.3047974063497008e-05
-9.2429150689270285e-05
-9.1834092774451507e-05
-9.1276133216364479e-05
-9.0631243635496767e-05
-9.0064437916706163e-05
-8.9495036409203028e-05
-8.8839988660410247e-05
-8.8313918654485158e-05
-8.7716027582433352e-05
-8.7108749577875606e-05
-8.6582076090005938e-05
-8.5934254617918161e-05
-8.5390986718893164e-05
-8.4840692524854256e-05
-8.4216605621740780e-05
-8.3699516377581292e-05
-8.3098305970139575e-05
-8.2528221303853396e-05
-8.2005662183568543e-05
-8.1389907848286364e-05
-8.0876888834232428e-05
-8.0296463375239348e-05
-7.9747800012420887e-05
-7.9204461941126460e-05
-7.8628928794804366e-05
-7.8121377475269161e-05
-7.7524213152006514e-05
-7.7025586235929906e-05
-7.6465551720140989e-05
-7.5913260553330732e-05
-7.5423628375544509e-05
-7.4816431618918608e-05
-7.4350227333951988e-05
-7.3770443620459872e-05
-7.3268929831501255e-05
-7.2737816524281245e-05
-7.2203626694105762e-05
-7.1692843652890499e-05
-7.1153130492349417e-05
-7.0669781281783393e-05
-7.0099918118227069e-05
-6.9643327394418729e-05
-6.9074363058678793e-05
-6.8598720412229840e-05
-6.8068126716290929e-05
-6.7563625429074907e-05
-6.7061050673967898e-05
-6.6550495016447691e-05
-6.6055412883331030e-05
-6.5542071996931424e-05
-6.5057736996473260e-05
-6.4525498204991621e-05
-6.4074620234685602e-05
-6.3520621902054229e-05
-6.3084668656871796e-05
-6.2537532082683822e-05
-6.2095201552685628e-05
-6.1556210695368655e-05
-6.1114593376600471e-05
-6.0568724750611176e-05
-6.0144323920235692e-05
-5.9592089454995774e-05
-5.9169799415509296e-05
-5.8629523005013576e-05
-5.8198173367943171e-05
-5.7666526480481478e-05
-5.7230691632137994e-05
-5.6699631563876507e-05
-5.6273163113789235e-05
-5.5740773428214240e-05
-5.5306361098822781e-05
-5.4799743736976866e-05
-5.4340018299878748e-05
-5.3860512487316645e-05
-5.3382364824441488e-05
-5.2910884033949133e-05
-5.2429739615373160e-05
-5.1966421716425890e-05
-5.1474796119230546e-05
-5.1033300841734070e-05
-5.0516243492738981e-05
-5.0090272065279285e-05
-4.9573130622168045e-05
-4.9134227419925035e-05
-4.8643820847475307e-05
-4.8172110160648079e-05
-4.7717478145354742e-05
-4.7212777932349819e-05
-4.6783953669211542e-05
-4.6261596914488551e-05
-4.5821681823956805e-05
-4.5334539625954757e-05
-4.4864355183602645e-05
-4.4402137022568137e-05
-4.3906744723327761e-05
-4.3468012345171358e-05
-4.2948182492458404e-05
-4.2500874612734060e-05
-4.2013779533447083e-05
-4.1532356729207454e-05
-4.1078553742320845e-05
-4.0559202939261976e-05
-4.0105058033527714e-05
-3.9617853608995260e-05
-3.9128024126771187e-05
-3.8668425843718615e-05
-3.8143110659643758e-05
0.0000000000000000e+00
];
