%Vec Object:dSdr_b_aug_600 1 MPI processes
%  type: seq
dSdr_b_aug_600 = [
2.5083763045461246e+03
0.0000000000000000e+00
-3.3182357503038402e-06
-1.3481204656284896e-06
-8.1612789573131139e-07
-5.7084751848495220e-07
-4.2832953395501898e-07
-3.4040461259570398e-07
-2.8081788789268507e-07
-2.3550990250918164e-07
-2.0188508716299739e-07
-1.7612720595320914e-07
-1.5510634020141475e-07
-1.3807506991709563e-07
-1.2411686947139615e-07
-1.1234463768397655e-07
-1.0228301171528609e-07
-9.3700210541849179e-08
-8.6280566659318539e-08
-7.9732919175883295e-08
-7.3997442490432314e-08
-6.8939718890899503e-08
-6.4392657940435190e-08
-6.0327872678103748e-08
-5.6681291757185972e-08
-5.3371978223320014e-08
-5.0362596510735538e-08
-4.7669698122798415e-08
-5.6105017476304196e-08
-2.0861625000327996e-06
-9.5484521501936289e-05
-3.0259437389588398e-04
-3.0935321833492984e-04
-2.7616433193918851e-04
-2.4486009590244312e-04
-2.1680809310576464e-04
-1.9210697433211948e-04
-1.6873105967648327e-04
-1.5101537051470055e-04
-1.3757028928560410e-04
-1.2693313446252618e-04
-1.1833883390441353e-04
-1.1295739490818041e-04
-1.0964158518325518e-04
-1.0778948308530717e-04
-1.0727848892008309e-04
-1.0770736059356448e-04
-1.0868901776455132e-04
-1.1014688279874773e-04
-1.1212631576053464e-04
-1.1386545798992398e-04
-1.1569458035889996e-04
-1.1754761803249744e-04
-1.1931854260870344e-04
-1.2079206095979725e-04
-1.2209416277509183e-04
-1.2332294072397234e-04
-1.2429726058974005e-04
-1.2507739462869487e-04
-1.2567681409102722e-04
-1.2619348986240403e-04
-1.2649766007578273e-04
-1.2662971149609642e-04
-1.2669118177077433e-04
-1.2666081110579585e-04
-1.2648919882571650e-04
-1.2624300229142736e-04
-1.2593321829975303e-04
-1.2553845111740213e-04
-1.2507929657149571e-04
-1.2459153325888016e-04
-1.2406320012163830e-04
-1.2350040457370369e-04
-1.2285012837384460e-04
-1.2223035083053013e-04
-1.2158411476023603e-04
-1.2086692007633834e-04
-1.2019606127908178e-04
-1.1951520991005017e-04
-1.1873199931256035e-04
-1.1802223025863417e-04
-1.1730795163258894e-04
-1.1651517065394549e-04
-1.1579459043805928e-04
-1.1507690834598057e-04
-1.1423995949817644e-04
-1.1352067669028037e-04
-1.1277927734286868e-04
-1.1196939272769440e-04
-1.1125375332030066e-04
-1.1049492668998053e-04
-1.0969261472233233e-04
-1.0897493615816428e-04
-1.0819194679612824e-04
-1.0743538567315563e-04
-1.0673033157555194e-04
-1.0591594053033073e-04
-1.0519408753302688e-04
-1.0447720583331745e-04
-1.0364947955836487e-04
-1.0297803363983334e-04
-1.0222719195277924e-04
-1.0145733497082526e-04
-1.0078726039591761e-04
-9.9973675281071986e-05
-9.9281982409519498e-05
-9.8584995379577106e-05
-9.7798181560568000e-05
-9.7140364505398638e-05
-9.6379302852211930e-05
-9.5658748189272945e-05
-9.4994746267644325e-05
-9.4214075575314591e-05
-9.3564835327738269e-05
-9.2826521941939412e-05
-9.2131681994180831e-05
-9.1443318186534926e-05
-9.0710929893430463e-05
-9.0066889462757829e-05
-8.9309898163479390e-05
-8.8671924531266938e-05
-8.7963546747482342e-05
-8.7260919898904827e-05
-8.6632361548128235e-05
-8.5866363575690504e-05
-8.5266894802068317e-05
-8.4528886263234677e-05
-8.3892198810755228e-05
-8.3208441367664768e-05
-8.2530203924045223e-05
-8.1876968669142118e-05
-8.1185057630579958e-05
-8.0567790918750472e-05
-7.9837884846355788e-05
-7.9251022531755179e-05
-7.8523354672382941e-05
-7.7912079742097523e-05
-7.7230955996795579e-05
-7.6584111594135365e-05
-7.5936775323219647e-05
-7.5279575235201183e-05
-7.4644121589489520e-05
-7.3979141238192058e-05
-7.3357141210645251e-05
-7.2670665070872866e-05
-7.2083838661429333e-05
-7.1374042128074058e-05
-7.0803442120866454e-05
-7.0098841147299727e-05
-6.9525298221738275e-05
-6.8823312543754035e-05
-6.8251635874563474e-05
-6.7542003159066363e-05
-6.6988076670977743e-05
-6.6271031564406338e-05
-6.5718271150584526e-05
-6.5014810899542377e-05
-6.4451447644821286e-05
-6.3756674271549853e-05
-6.3185696722909996e-05
-6.2493043823820630e-05
-6.1928446713520200e-05
-6.1236483037524606e-05
-6.0661470779960785e-05
-5.9995798711199099e-05
-5.9392764675570629e-05
-5.8756479235233716e-05
-5.8129839672115785e-05
-5.7504724736204491e-05
-5.6869391954912314e-05
-5.6256330102511587e-05
-5.5604421830023031e-05
-5.5018128453505984e-05
-5.4332632650641240e-05
-5.3764857392799942e-05
-5.3078909521398838e-05
-5.2493146460360523e-05
-5.1838919907731695e-05
-5.1211454608092932e-05
-5.0599344604777183e-05
-4.9929518436680016e-05
-4.9350786340592175e-05
-4.8652445314847349e-05
-4.8062978298421678e-05
-4.7404190740848201e-05
-4.6774780123251625e-05
-4.6149935575636231e-05
-4.5482775469102102e-05
-4.4889084654198544e-05
-4.4186916275333724e-05
-4.3581244152314192e-05
-4.2922303276733357e-05
-4.2269093490741541e-05
-4.1653593409479225e-05
-4.0947492558830873e-05
-4.0330804668340615e-05
-3.9668114923138504e-05
-3.9000733976052299e-05
-3.8382419845020437e-05
-3.7694836648980973e-05
0.0000000000000000e+00
];
