%Vec Object:dSdr_b_aug_9720 1 MPI processes
%  type: seq
dSdr_b_aug_9720 = [
2.2747534919701193e+03
0.0000000000000000e+00
-6.3671400782967721e-07
-2.6390805598483078e-07
-1.6475456551554161e-07
-1.1735398486137498e-07
-8.8090143960690216e-08
-6.9989536077779268e-08
-5.7719935638100517e-08
-4.8502242088667076e-08
-4.1655801290416924e-08
-3.6406257964171524e-08
-3.2132523646451784e-08
-2.8669917078706650e-08
-2.5830656164369173e-08
-2.3436110835525539e-08
-2.1415460539037588e-08
-1.0147267654167970e-05
-8.0588968240168340e-04
-7.7742402906415286e-04
-7.3560899045088722e-04
-6.9709931269203423e-04
-6.5937283684280195e-04
-6.2177917086428467e-04
-5.8004254844398132e-04
-5.3973253963577271e-04
-5.0106904636580425e-04
-4.6201030614387252e-04
-4.2191948650346071e-04
-3.7904879704540694e-04
-3.4131860078035018e-04
-3.0504327884093733e-04
-2.7078919301052636e-04
-2.3465499187074165e-04
-2.0526011326892616e-04
-1.7967207880010132e-04
-1.5728853606428416e-04
-1.3615022215412721e-04
-1.2014010526650832e-04
-1.0799890753828391e-04
-9.8420121668538251e-05
-9.0704522554503321e-05
-8.5905238772759402e-05
-8.2990167337754740e-05
-8.1411575981149085e-05
-8.1066272173767424e-05
-8.1576990482596122e-05
-8.2594383023268622e-05
-8.4049227526915326e-05
-8.6007319484615892e-05
-8.7731105909081205e-05
-8.9536253207718022e-05
-9.1376692337985553e-05
-9.3151493362667400e-05
-9.4641252827281155e-05
-9.5979378609291715e-05
-9.7269586514461462e-05
-9.8314440904841168e-05
-9.9176784702202292e-05
-9.9880320636967402e-05
-1.0051907303771821e-04
-1.0094744182027640e-04
-1.0121762941423392e-04
-1.0144503627863922e-04
-1.0156666022036535e-04
-1.0155643182348493e-04
-1.0148920843444747e-04
-1.0136398124094548e-04
-1.0114822348078775e-04
-1.0087823537823392e-04
-1.0059205322068448e-04
-1.0024994840840843e-04
-9.9874202079051693e-05
-9.9445628948709283e-05
-9.9016964434684839e-05
-9.8560686467153647e-05
-9.8068664536057554e-05
-9.7587941488022810e-05
-9.7096508760751999e-05
-9.6544008436787106e-05
-9.6024925257519027e-05
-9.5503428670228109e-05
-9.4934836778767556e-05
-9.4403890743924946e-05
-9.3877212053306510e-05
-9.3266521792138371e-05
-9.2736110483275348e-05
-9.2188154654101895e-05
-9.1595165025928137e-05
-9.1065263961061948e-05
-9.0502925105769396e-05
-8.9912376290992346e-05
-8.9378838903510647e-05
-8.8797834832781067e-05
-8.8239982791099011e-05
-8.7715909742651474e-05
-8.7110068619895340e-05
-8.6578981508906536e-05
-8.6043555360385706e-05
-8.5428287983480646e-05
-8.4935708570445522e-05
-8.4373053150676758e-05
-8.3803228963701457e-05
-8.3309591229572242e-05
-8.2699957238089781e-05
-8.2190882461759046e-05
-8.1674382354610150e-05
-8.1087783356316356e-05
-8.0603114021662094e-05
-8.0038729045083453e-05
-7.9503308626275470e-05
-7.9013334133992621e-05
-7.8435572098026332e-05
-7.7953934807930178e-05
-7.7409882491847641e-05
-7.6894894298717111e-05
-7.6384966274640643e-05
-7.5845568352028773e-05
-7.5369460476724137e-05
-7.4809116010200708e-05
-7.4342590856570025e-05
-7.3816730667291780e-05
-7.3299072826891020e-05
-7.2841445536292039e-05
-7.2270832347915605e-05
-7.1835328668599883e-05
-7.1291995749095909e-05
-7.0821622395676872e-05
-7.0325674249496691e-05
-6.9824669179737502e-05
-6.9346703365861129e-05
-6.8842052573594718e-05
-6.8389554433149997e-05
-6.7856560930056915e-05
-6.7429981366910052e-05
-6.6897578144343848e-05
-6.6453181627925626e-05
-6.5957266109801694e-05
-6.5485556959285658e-05
-6.5016331481121214e-05
-6.4539558880549275e-05
-6.4076814701935080e-05
-6.3598407608358981e-05
-6.3145787078014478e-05
-6.2649080580004328e-05
-6.2229521642205319e-05
-6.1711415202900591e-05
-6.1306481140228623e-05
-6.0795620329610877e-05
-6.0383517822938142e-05
-5.9882076814411589e-05
-5.9470421917198307e-05
-5.8962280390834881e-05
-5.8567719065957009e-05
-5.8053452834912439e-05
-5.7661219976811556e-05
-5.7158537072301892e-05
-5.6757600184857982e-05
-5.6263533640416828e-05
-5.5858832451937433e-05
-5.5364999475068518e-05
-5.4970352633312250e-05
-5.4474725026458758e-05
-5.4072703698264102e-05
-5.3602728871908046e-05
-5.3176018540061515e-05
-5.2732631251344832e-05
-5.2288692907734816e-05
-5.1852606139993420e-05
-5.1406983501929788e-05
-5.0978163598915148e-05
-5.0523463939790574e-05
-5.0115327479331545e-05
-4.9637075192227444e-05
-4.9243773061639472e-05
-4.8765521779662911e-05
-4.8360453024661463e-05
-4.7907788303010712e-05
-4.7471961697147244e-05
-4.7053611104999637e-05
-4.6586954613564843e-05
-4.6192668669648563e-05
-4.5710858164853023e-05
-4.5305400693535630e-05
-4.4857806761990384e-05
-4.4424310650591419e-05
-4.3999565571014789e-05
-4.3543754205351478e-05
-4.3140732782268536e-05
-4.2662925060127165e-05
-4.2252121002659371e-05
-4.1804642623333807e-05
-4.1362833607425785e-05
-4.0946336838248690e-05
-4.0470092961267418e-05
-4.0053531647335779e-05
-3.9607005066703576e-05
-3.9158612270466051e-05
-3.8737076880275412e-05
-3.8257111883400165e-05
0.0000000000000000e+00
];
