%Vec Object:dSdr_b_aug_3930 1 MPI processes
%  type: seq
dSdr_b_aug_3930 = [
2.3528907628996235e+03
0.0000000000000000e+00
-1.0602243538230473e-06
-4.3597108836264052e-07
-2.6920486348414006e-07
-1.9025108014651714e-07
-1.4236962025026663e-07
-1.1277896120033205e-07
-9.2724674646021137e-08
-7.7624147497755945e-08
-6.6413291259261629e-08
-5.7820291889647017e-08
-5.0825957313650011e-08
-4.5161082034277719e-08
-4.0517276572734384e-08
-3.6602806636646558e-08
-3.3259366013974572e-08
-3.0406952354498304e-08
-2.7941068431342218e-08
-2.5775154649529822e-08
-4.0607035337544274e-07
-4.5573846838772262e-04
-6.9000495743456981e-04
-6.5298779606897653e-04
-6.0941214849304678e-04
-5.6734025167772862e-04
-5.2702391490873346e-04
-4.8631771948361396e-04
-4.4456712869739512e-04
-3.9996984068426506e-04
-3.6072879635835002e-04
-3.2302590525682204e-04
-2.8744245959420249e-04
-2.4992126340465980e-04
-2.1940535902422299e-04
-1.9284822618435512e-04
-1.6961960041573244e-04
-1.4768177568564518e-04
-1.3106555290560764e-04
-1.1846203012841977e-04
-1.0850837225503220e-04
-1.0048169235648717e-04
-9.5476346514785295e-05
-9.2419444446533081e-05
-9.0744058204314073e-05
-9.0340118096549364e-05
-9.0821870445824228e-05
-9.1826614863753470e-05
-9.3282525246069639e-05
-9.5248166196747872e-05
-9.6977384816782311e-05
-9.8791014276802678e-05
-1.0063591085263236e-04
-1.0240934065251520e-04
-1.0389335436582084e-04
-1.0521873528872251e-04
-1.0648720974932418e-04
-1.0750710950475124e-04
-1.0834036797321549e-04
-1.0900706799886031e-04
-1.0960263020060341e-04
-1.0998705803712268e-04
-1.1020837363924907e-04
-1.1037707274872274e-04
-1.1044492156923690e-04
-1.1037759611926878e-04
-1.1024705260736960e-04
-1.1005652978943374e-04
-1.0977743904281236e-04
-1.0944052440231554e-04
-1.0908302339031514e-04
-1.0867503151988997e-04
-1.0823310769137558e-04
-1.0772609657257264e-04
-1.0722981677168758e-04
-1.0670633211999686e-04
-1.0613464460730031e-04
-1.0558665200958138e-04
-1.0502820343741302e-04
-1.0439407834494726e-04
-1.0380753096341370e-04
-1.0321782854844758e-04
-1.0256991905741761e-04
-1.0197188089173732e-04
-1.0137762563763286e-04
-1.0068688557617258e-04
-1.0008965195882883e-04
-9.9473256243056939e-05
-9.8803529629856447e-05
-9.8207914750446441e-05
-9.7576058943585448e-05
-9.6910588768250346e-05
-9.6311902630615481e-05
-9.5659436585195513e-05
-9.5031281684453139e-05
-9.4443177924978939e-05
-9.3763552261995171e-05
-9.3164972574317988e-05
-9.2565347828387057e-05
-9.1874912913870999e-05
-9.1319050899803982e-05
-9.0689815478166370e-05
-9.0049219924807902e-05
-8.9493159036281559e-05
-8.8811367375508311e-05
-8.8237682522642979e-05
-8.7657326342385113e-05
-8.6999891567571871e-05
-8.6453962755140456e-05
-8.5819993788538250e-05
-8.5219073072852197e-05
-8.4667527856633492e-05
-8.4017976958540900e-05
-8.3477041907954511e-05
-8.2864260228421925e-05
-8.2285640663479532e-05
-8.1712582233254495e-05
-8.1104904510500029e-05
-8.0569382250107280e-05
-7.9939464325771688e-05
-7.9412280852878976e-05
-7.8821846102933508e-05
-7.8238746392345288e-05
-7.7720643834267849e-05
-7.7080903669848926e-05
-7.6587389245623828e-05
-7.5975180235313494e-05
-7.5445965050311263e-05
-7.4883570098226556e-05
-7.4319860315085262e-05
-7.3779884264833868e-05
-7.3208980899786778e-05
-7.2698187701588092e-05
-7.2095526632185512e-05
-7.1612239073264378e-05
-7.1010751303807659e-05
-7.0507313238313984e-05
-6.9945871098878409e-05
-6.9412199121259810e-05
-6.8879958063969103e-05
-6.8339350229225420e-05
-6.7815501429033278e-05
-6.7271084712412107e-05
-6.6758537673352645e-05
-6.6194690646836674e-05
-6.5715952404294241e-05
-6.5130025949154021e-05
-6.4666479166752087e-05
-6.4087072992472958e-05
-6.3617852710841523e-05
-6.3045458873020707e-05
-6.2577188071439479e-05
-6.1997758788180749e-05
-6.1546813815671112e-05
-6.0960804187587378e-05
-6.0511776368320832e-05
-5.9938058138259182e-05
-5.9479654419515178e-05
-5.8914577420270871e-05
-5.8451047193186052e-05
-5.7886871251035856e-05
-5.7432095446407568e-05
-5.6867003542957360e-05
-5.6403777345438644e-05
-5.5864564104296863e-05
-5.5375469615756355e-05
-5.4863834062112880e-05
-5.4355255014685743e-05
-5.3852288968430068e-05
-5.3339545642763576e-05
-5.2845539555129111e-05
-5.2321065957090913e-05
-5.1849895855522981e-05
-5.1298318897177019e-05
-5.0843286007838500e-05
-5.0291549242702511e-05
-4.9822548089937820e-05
-4.9298567674692580e-05
-4.8794935739146637e-05
-4.8308029002021324e-05
-4.7769486375668611e-05
-4.7309937959819687e-05
-4.6751512593528923e-05
-4.6280945088210325e-05
-4.5758621986171082e-05
-4.5255800689507392e-05
-4.4760247531016163e-05
-4.4229645088448452e-05
-4.3759145056380196e-05
-4.3201933211895376e-05
-4.2722152024273536e-05
-4.2199814231140079e-05
-4.1683150839968256e-05
-4.1196159251024853e-05
-4.0638458445198510e-05
-4.0150874470005319e-05
-3.9627473258966269e-05
-3.9100758746979798e-05
-3.8607230873247018e-05
-3.8041191866894026e-05
0.0000000000000000e+00
];
