%Vec Object:dSdr_b_aug_5800 1 MPI processes
%  type: seq
dSdr_b_aug_5800 = [
2.3208856378824235e+03
0.0000000000000000e+00
-8.5723757167495899e-07
-3.5428222960189103e-07
-2.2018489290909747e-07
-1.5641431837426532e-07
-1.1741007048400870e-07
-9.3294626069185660e-08
-7.6948273374567041e-08
-6.4643940781259913e-08
-5.5506211935203855e-08
-4.8500994682400947e-08
-4.2795351005394359e-08
-3.8172577922446846e-08
-3.4382360171770326e-08
-3.1185739140029526e-08
-2.8453704865718877e-08
-2.6122497494100702e-08
-2.4405563878676652e-08
-2.1891391068016424e-05
-7.4327204457252808e-04
-7.1716212271011250e-04
-6.7853916950534599e-04
-6.3995326037259476e-04
-5.9712376520013283e-04
-5.5578853169216110e-04
-5.1616376742799825e-04
-4.7614690661086022e-04
-4.3509080440135760e-04
-3.9121596721766673e-04
-3.5260709846982198e-04
-3.1550153703069719e-04
-2.8047432785894378e-04
-2.4353348413943355e-04
-2.1348664410575417e-04
-1.8733500542738533e-04
-1.6445998280694392e-04
-1.4285669271334162e-04
-1.2649407925806918e-04
-1.1408400441942373e-04
-1.0428720201879785e-04
-9.6390685806116612e-05
-9.1471561277212064e-05
-8.8474004543941050e-05
-8.6839119595754876e-05
-8.6459714311770507e-05
-8.6953586700258274e-05
-8.7963623382934301e-05
-8.9419087762426116e-05
-9.1381570151809362e-05
-9.3108515926867096e-05
-9.4918596353955762e-05
-9.6761627928851579e-05
-9.8535631578253947e-05
-1.0002204954210550e-04
-1.0135276330701554e-04
-1.0263033164721278e-04
-1.0366067310139565e-04
-1.0450610164703003e-04
-1.0518821477721504e-04
-1.0580184886908710e-04
-1.0620466271584424e-04
-1.0644642754989871e-04
-1.0663969141369869e-04
-1.0673004105448735e-04
-1.0668660640178651e-04
-1.0658255757082117e-04
-1.0641935603164106e-04
-1.0616676534821654e-04
-1.0585785440019176e-04
-1.0553019493264102e-04
-1.0514977181089190e-04
-1.0473553825854930e-04
-1.0426134750284910e-04
-1.0379335958338840e-04
-1.0329799584373810e-04
-1.0275964234881956e-04
-1.0223979696750883e-04
-1.0170938945542989e-04
-1.0110941815205923e-04
-1.0055109943417649e-04
-9.9989935996956707e-05
-9.9375214919300201e-05
-9.8805249733449415e-05
-9.8239270157517172e-05
-9.7582024879941045e-05
-9.7012751342094429e-05
-9.6424992539839377e-05
-9.5787374547947232e-05
-9.5219255927136591e-05
-9.4616487703947787e-05
-9.3982366448413290e-05
-9.3410940132631427e-05
-9.2788375515805388e-05
-9.2189637041458045e-05
-9.1628325289036034e-05
-9.0979572872539077e-05
-9.0409233720699662e-05
-8.9836471229542893e-05
-8.9177488241217275e-05
-8.8648105206733119e-05
-8.8046728478018011e-05
-8.7435745387029544e-05
-8.6905803865932121e-05
-8.6254204730460264e-05
-8.5707554306495477e-05
-8.5153917061792651e-05
-8.4526121700267346e-05
-8.4005825344765574e-05
-8.3400972013607035e-05
-8.2827458216804789e-05
-8.2301675690589780e-05
-8.1682163000163980e-05
-8.1166039576455206e-05
-8.0582015935977725e-05
-8.0030021286389322e-05
-7.9483378155344249e-05
-7.8904270363547294e-05
-7.8393608528806494e-05
-7.7792801833377679e-05
-7.7290999278556698e-05
-7.6727584097424696e-05
-7.6171866859122271e-05
-7.5679068625948286e-05
-7.5068252871893191e-05
-7.4599011556498673e-05
-7.4015621980191853e-05
-7.3511027651064619e-05
-7.2976435661206479e-05
-7.2438963057837416e-05
-7.1924933601350875e-05
-7.1381751926928640e-05
-7.0895350801559952e-05
-7.0321840339374319e-05
-6.9862280788138417e-05
-6.9289699676611604e-05
-6.8810966034528210e-05
-6.8276941830619877e-05
-6.7769196610486919e-05
-6.7263322807867550e-05
-6.6749425191573242e-05
-6.6251144055257902e-05
-6.5734347374629852e-05
-6.5246875048722194e-05
-6.4711121256975256e-05
-6.4257145079659852e-05
-6.3699596173792368e-05
-6.3260574384131282e-05
-6.2709849262819939e-05
-6.2264528453251494e-05
-6.1721823011183998e-05
-6.1277241687449001e-05
-6.0727640942528994e-05
-6.0300288266747070e-05
-5.9744297828776211e-05
-5.9319034410729914e-05
-5.8775039097437499e-05
-5.8340680907812847e-05
-5.7805316419985557e-05
-5.7366401703998007e-05
-5.6831658980857226e-05
-5.6402042608804119e-05
-5.5866016269780591e-05
-5.5428399692209429e-05
-5.4918157503134401e-05
-5.4455166079498278e-05
-5.3972087277742899e-05
-5.3490555492465284e-05
-5.3015573384216205e-05
-5.2530915010039607e-05
-5.2064184433010031e-05
-5.1568905976272550e-05
-5.1124110714235022e-05
-5.0603214616469029e-05
-5.0174011416289685e-05
-4.9653022807953396e-05
-4.9210772573682232e-05
-4.8716632434110960e-05
-4.8241371960017008e-05
-4.7783150852564144e-05
-4.7274687215909824e-05
-4.6842446300527015e-05
-4.6316078567711475e-05
-4.5872754815402216e-05
-4.5381700372831655e-05
-4.4907886608768026e-05
-4.4441961503186088e-05
-4.3942653752491338e-05
-4.3500388770626416e-05
-4.2976402005840397e-05
-4.2525483133634801e-05
-4.2034469161330158e-05
-4.1549127809151058e-05
-4.1091634638826338e-05
-4.0568019976560962e-05
-4.0110157883946646e-05
-3.9618930765614937e-05
-3.9125004991423896e-05
-3.8661649150255971e-05
-3.8131888642631084e-05
0.0000000000000000e+00
];
