%Vec Object:dSdr_b_aug_4180 1 MPI processes
%  type: seq
dSdr_b_aug_4180 = [
2.3472274764813651e+03
0.0000000000000000e+00
-1.0222107970262316e-06
-4.2153705603138905e-07
-2.6113008097110923e-07
-1.8511014806639338e-07
-1.3890032964892283e-07
-1.1033759008380840e-07
-9.0977429107882751e-08
-7.6389040816880079e-08
-6.5556292036671599e-08
-5.7252548325874914e-08
-5.0488249046484703e-08
-4.5007979517982351e-08
-4.0515030906164071e-08
-3.6725953156273353e-08
-3.3487776783349023e-08
-3.0724859287798023e-08
-2.8335879156657639e-08
-2.6340668619325293e-08
-4.7045898617686546e-06
-6.6097530985441020e-04
-6.8945861079293142e-04
-6.5102064531030474e-04
-6.0753823261707938e-04
-5.6557821873948959e-04
-5.2536735630221484e-04
-4.8476630837655083e-04
-4.4312165184747621e-04
-3.9863456337647430e-04
-3.5948994839570057e-04
-3.2187817139820623e-04
-2.8637957166747748e-04
-2.4894689997109688e-04
-2.1850254466744564e-04
-1.9200726418117166e-04
-1.6883257553464286e-04
-1.4694577930493083e-04
-1.3036824101628054e-04
-1.1779422596213094e-04
-1.0786449414808917e-04
-9.9857668853468531e-05
-9.4865474822027854e-05
-9.1817625009586965e-05
-9.0148416628697286e-05
-8.9748218920562920e-05
-9.0231819969486580e-05
-9.1237371607647778e-05
-9.2693213919960198e-05
-9.4658373019205450e-05
-9.6387244895332024e-05
-9.8200332950447840e-05
-1.0004494499960234e-04
-1.0181846228813938e-04
-1.0330284269511575e-04
-1.0462903702919680e-04
-1.0589889859592290e-04
-1.0692039105057373e-04
-1.0775550585994280e-04
-1.0842455690623584e-04
-1.0902287578509162e-04
-1.0941010819903110e-04
-1.0963454302505439e-04
-1.0980698912328954e-04
-1.0987827010964509e-04
-1.0981458884739262e-04
-1.0968808670913778e-04
-1.0950173135086326e-04
-1.0922668279995091e-04
-1.0889403971273031e-04
-1.0854109059240356e-04
-1.0813730393158999e-04
-1.0769960385028816e-04
-1.0719759900055483e-04
-1.0670563471385433e-04
-1.0618643949774686e-04
-1.0561983660559836e-04
-1.0507613745632586e-04
-1.0452196614020344e-04
-1.0389305071343466e-04
-1.0331080920461891e-04
-1.0272545999653581e-04
-1.0208261291748797e-04
-1.0148885687782468e-04
-1.0089891466848607e-04
-1.0021328375207636e-04
-9.9620315039755945e-05
-9.9008287470636784e-05
-9.8343458563574459e-05
-9.7752037840390782e-05
-9.7124618923911959e-05
-9.6463930573435476e-05
-9.5869402527344816e-05
-9.5221497513016151e-05
-9.4597829663262776e-05
-9.4013812637186583e-05
-9.3338896242537358e-05
-9.2744624240844866e-05
-9.2149096943939965e-05
-9.1463459567279172e-05
-9.0911636539227738e-05
-9.0286650562849179e-05
-8.9650571970803698e-05
-8.9098495222046144e-05
-8.8421309003188623e-05
-8.7851747869809426e-05
-8.7275467285168466e-05
-8.6622553583246448e-05
-8.6080534639832259e-05
-8.5451006851558999e-05
-8.4854266674016024e-05
-8.4306651192407657e-05
-8.3661682198221820e-05
-8.3124531811468641e-05
-8.2516136764739989e-05
-8.1941578455130550e-05
-8.1372549306542614e-05
-8.0769229523876249e-05
-8.0237499371656410e-05
-7.9612021955064878e-05
-7.9088709984391522e-05
-7.8502396689712913e-05
-7.7923473790367920e-05
-7.7409231051949251e-05
-7.6773902899872400e-05
-7.6284090998506734e-05
-7.5676277988385117e-05
-7.5150818370691320e-05
-7.4592664371011256e-05
-7.4032956702908137e-05
-7.3496938443205675e-05
-7.2930263634732583e-05
-7.2423191107778915e-05
-7.1824976556528401e-05
-7.1345308375944777e-05
-7.0748229914516659e-05
-7.0248560166504107e-05
-6.9691300252563840e-05
-6.9161583043003265e-05
-6.8633363945865624e-05
-6.8096830386049154e-05
-6.7576881580983159e-05
-6.7036677920152143e-05
-6.6527955684883967e-05
-6.5968393895320226e-05
-6.5493432767943231e-05
-6.4911834919539053e-05
-6.4452029091898960e-05
-6.3876997821285094e-05
-6.3411423082123975e-05
-6.2843557805730569e-05
-6.2378900517241035e-05
-6.1804021174579715e-05
-6.1356674894057144e-05
-6.0775244290681874e-05
-6.0329841418421271e-05
-5.9760657024057539e-05
-5.9305921137978301e-05
-5.8745376391082114e-05
-5.8285600943458449e-05
-5.7725914656265055e-05
-5.7274976603492188e-05
-5.6714318280187944e-05
-5.6254998510321613e-05
-5.5720204439387682e-05
-5.5235091654156455e-05
-5.4727812083229526e-05
-5.4223358772337799e-05
-5.3724661344462771e-05
-5.3216202051595033e-05
-5.2726356534873961e-05
-5.2206336328121279e-05
-5.1739189429363146e-05
-5.1192292507111503e-05
-5.0741199687217019e-05
-5.0194153248608018e-05
-4.9729232714987218e-05
-4.9209804175503751e-05
-4.8710500090308532e-05
-4.8227969150521558e-05
-4.7694014890737428e-05
-4.7238632124922492e-05
-4.6685097021814530e-05
-4.6218685543462401e-05
-4.5701132481448265e-05
-4.5202736409108591e-05
-4.4711703238463853e-05
-4.4185875155228584e-05
-4.3719682970313719e-05
-4.3167540406975213e-05
-4.2692163395088689e-05
-4.2174605801533273e-05
-4.1662723175070847e-05
-4.1180235514120747e-05
-4.0627740725506352e-05
-4.0144701279195122e-05
-3.9626227556276573e-05
-3.9104556690001595e-05
-3.8615749941434747e-05
-3.8055877765794756e-05
0.0000000000000000e+00
];
