%Vec Object:dSdr_b_aug_2330 1 MPI processes
%  type: seq
dSdr_b_aug_2330 = [
2.3987626538478207e+03
0.0000000000000000e+00
-1.4619400766896562e-06
-5.9970825396143399e-07
-3.6866428509235475e-07
-2.6000990886965587e-07
-1.9485542428461703e-07
-1.5460647806137552e-07
-1.2732779379785951e-07
-1.0672977292389564e-07
-9.1438408531845660e-08
-7.9719555162179865e-08
-7.0171904628512923e-08
-6.2437714807237898e-08
-5.6097891212085290e-08
-5.0752354439720410e-08
-4.6185106316200900e-08
-4.2288704234027481e-08
-3.8920189797394909e-08
-3.5948319043969035e-08
-3.3344865393049068e-08
-3.1058783002861086e-08
-1.3645956415113786e-07
-1.8626185534714458e-04
-6.1644159914429496e-04
-5.8188855357971085e-04
-5.4092737154049799e-04
-4.9934724639670385e-04
-4.5670742011433719e-04
-4.1118461870226031e-04
-3.7113368360049918e-04
-3.3266554100114270e-04
-2.9636948893498066e-04
-2.5810479089590632e-04
-2.2698795822690841e-04
-1.9991133821934361e-04
-1.7622970397283952e-04
-1.5386329988421478e-04
-1.3692217283174741e-04
-1.2407081976379845e-04
-1.1391621095261059e-04
-1.0572277550526207e-04
-1.0060696955302728e-04
-9.7474038718219042e-05
-9.5746765183606081e-05
-9.5311392743708631e-05
-9.5777617596702188e-05
-9.6775581728395782e-05
-9.8232063244675614e-05
-1.0020175061683517e-04
-1.0193388096598697e-04
-1.0375205710620433e-04
-1.0559934291557285e-04
-1.0737203748960376e-04
-1.0885297101814918e-04
-1.1017151988046065e-04
-1.1142834393700407e-04
-1.1243486657341336e-04
-1.1325253366443997e-04
-1.1389948760458881e-04
-1.1447189749441445e-04
-1.1483277056826359e-04
-1.1502788799757968e-04
-1.1516511646173953e-04
-1.1520413879874206e-04
-1.1510620614726083e-04
-1.1494171955200779e-04
-1.1471619468719791e-04
-1.1440315397933068e-04
-1.1403036305355806e-04
-1.1363463125137861e-04
-1.1319132032508744e-04
-1.1271392175549301e-04
-1.1216486363702494e-04
-1.1163233837675076e-04
-1.1107282730358116e-04
-1.1045843475255894e-04
-1.0987438205562314e-04
-1.0928000943047314e-04
-1.0860212913865153e-04
-1.0797941736459891e-04
-1.0735315300869943e-04
-1.0666272508653250e-04
-1.0602872198277438e-04
-1.0539824211048515e-04
-1.0466459112420141e-04
-1.0403153721137470e-04
-1.0337845409487005e-04
-1.0266759240269288e-04
-1.0203675144199788e-04
-1.0136763087434946e-04
-1.0066199889278431e-04
-1.0002838958084833e-04
-9.9337616143105843e-05
-9.8671775197432224e-05
-9.8049347593694519e-05
-9.7330169524060688e-05
-9.6695410252138286e-05
-9.6061371668310305e-05
-9.5330642990138574e-05
-9.4740858161249708e-05
-9.4075932369195870e-05
-9.3397399677897536e-05
-9.2807876730710377e-05
-9.2087404802534037e-05
-9.1479085587492113e-05
-9.0864499231193402e-05
-9.0169092794690995e-05
-8.9590325718540248e-05
-8.8919056114712845e-05
-8.8283023835952453e-05
-8.7698473514114813e-05
-8.7010440054414507e-05
-8.6437718327500224e-05
-8.5788094139556664e-05
-8.5175364857557670e-05
-8.4568465255127008e-05
-8.3924186016417254e-05
-8.3356814567700881e-05
-8.2689601661593086e-05
-8.2129902188682362e-05
-8.1504852129929889e-05
-8.0886672188386127e-05
-8.0336151759355121e-05
-7.9659355957532036e-05
-7.9134744778301645e-05
-7.8485614621030941e-05
-7.7924857178679146e-05
-7.7326843306354989e-05
-7.6729520562656881e-05
-7.6156303829516417e-05
-7.5549885669313826e-05
-7.5007843322431509e-05
-7.4367836847219655e-05
-7.3854150892182621e-05
-7.3215630250730791e-05
-7.2680542887581883e-05
-7.2083975115555489e-05
-7.1517087888414604e-05
-7.0951067254359409e-05
-7.0376240468313927e-05
-6.9819636471513030e-05
-6.9239835224414498e-05
-6.8695164526389398e-05
-6.8095326753493869e-05
-6.7584865400407390e-05
-6.6962583968074825e-05
-6.6467617803920122e-05
-6.5851467838619763e-05
-6.5351629555579277e-05
-6.4741201411032582e-05
-6.4242581649905147e-05
-6.3624938535785099e-05
-6.3143769120116650e-05
-6.2519301431173915e-05
-6.2039828700741946e-05
-6.1428031992405939e-05
-6.0938823226168303e-05
-6.0335681103247293e-05
-5.9840615638892780e-05
-5.9238732409869079e-05
-5.8751724569492039e-05
-5.8149396424686746e-05
-5.7653361485223880e-05
-5.7077033125630313e-05
-5.6554497780441325e-05
-5.6006277927560610e-05
-5.5463048450938432e-05
-5.4924232013417509e-05
-5.4375508925025203e-05
-5.3846560108433490e-05
-5.3284684552594413e-05
-5.2779725692946142e-05
-5.2188843511759480e-05
-5.1700720401880995e-05
-5.1109592356696505e-05
-5.0606320958604139e-05
-5.0044112576754319e-05
-4.9504134534865052e-05
-4.8980479358775806e-05
-4.8403403428661060e-05
-4.7908872535245826e-05
-4.7309379493143680e-05
-4.6803911798342564e-05
-4.6241532551559031e-05
-4.5701552420904432e-05
-4.5168046153559136e-05
-4.4597356352382552e-05
-4.4090689909275352e-05
-4.3490920512146107e-05
-4.2974173268803187e-05
-4.2411719325941495e-05
-4.1854947161765349e-05
-4.1330191162743938e-05
-4.0728862466113054e-05
-4.0203267297558383e-05
-3.9638767235297452e-05
-3.9070301793987455e-05
-3.8538837454589781e-05
-3.7930135307624437e-05
0.0000000000000000e+00
];
