%Vec Object:dSdr_b_aug_60 1 MPI processes
%  type: seq
dSdr_b_aug_60 = [
2.6862015661486571e+03
0.0000000000000000e+00
-1.4768524525049396e-05
-5.8690823281354902e-06
-3.4433270581488404e-06
-2.3711628859689898e-06
-1.7821989580415843e-06
-1.4199962402855025e-06
-1.1746504162487095e-06
-9.8512935466284338e-07
-8.4457036815290576e-07
-7.3698817682887593e-07
-6.4893146360527390e-07
-5.7756811784817565e-07
-5.1910193862344746e-07
-4.6977659989098312e-07
-4.2760132415812472e-07
-3.9163269840391477e-07
-3.6054313884919921e-07
-3.3310276768593931e-07
-3.0907005346751606e-07
-2.8788092341102837e-07
-2.6883228291238273e-07
-2.5180612393123098e-07
-2.3653384921562717e-07
-2.2267619917640984e-07
-2.1007573797007910e-07
-1.9862481117970442e-07
-1.8814914274626992e-07
-1.7850356637342679e-07
-1.6964772674389776e-07
-1.6148819003640359e-07
-1.5390299890961494e-07
-1.4688111383682219e-07
-1.4036557220931093e-07
-1.3427350567782817e-07
-1.2859029269744742e-07
-1.2328291528500940e-07
-1.1830041590600033e-07
-1.1362087010332809e-07
-1.0922706832257970e-07
-1.0508685289757115e-07
-1.0117694812404939e-07
-9.7488763675068299e-08
-9.4001572664606197e-08
-9.0693295806449986e-08
-8.7560098971715717e-08
-8.4588369366841755e-08
-8.1758240550528343e-08
-7.9068479935390680e-08
-7.6509452357871432e-08
-7.4065405306367987e-08
-7.1734876350226564e-08
-6.9511056360599393e-08
-6.7382764905492917e-08
-6.5347712716490358e-08
-6.3403205548923663e-08
-6.1547600543026425e-08
-5.9801446718993499e-08
-5.8246745886404753e-08
-5.7178926946744529e-08
-5.7666944836925295e-08
-6.3644836247843587e-08
-9.0703050902022165e-08
-2.0124117557652850e-07
-6.0546387787875910e-07
-1.9494636398835020e-06
-6.1006307606913791e-06
-1.7297022575440602e-05
-4.0121742738499479e-05
-7.0527651567575960e-05
-9.6963613373849989e-05
-1.1418845210268782e-04
-1.2408457983214652e-04
-1.2948359288560664e-04
-1.3221328129255826e-04
-1.3335241087703410e-04
-1.3370623979477671e-04
-1.3356261082739148e-04
-1.3301145811391726e-04
-1.3239947552701412e-04
-1.3168827341087942e-04
-1.3082369391464197e-04
-1.3002263764012168e-04
-1.2920484393574426e-04
-1.2823324147332924e-04
-1.2739769596839114e-04
-1.2653303700193151e-04
-1.2558186806362656e-04
-1.2474433579032663e-04
-1.2385556287775217e-04
-1.2291256647498587e-04
-1.2207233944527818e-04
-1.2115467402958235e-04
-1.2026550246872468e-04
-1.1943960968530752e-04
-1.1848590448668667e-04
-1.1763659369409711e-04
-1.1679845798678435e-04
-1.1582874272126797e-04
-1.1503775334718593e-04
-1.1416113581338236e-04
-1.1325758343990396e-04
-1.1246958311671947e-04
-1.1151968025406323e-04
-1.1070592792390280e-04
-1.0988830541398043e-04
-1.0896766955648093e-04
-1.0819412208477641e-04
-1.0730160301868853e-04
-1.0645730594965331e-04
-1.0567698547676842e-04
-1.0476069187764120e-04
-1.0399942733057971e-04
-1.0313127124959349e-04
-1.0231621996584220e-04
-1.0150859135237429e-04
-1.0064720996376678e-04
-9.9890925338765241e-05
-9.9002497164752792e-05
-9.8249929477794781e-05
-9.7419559118642712e-05
-9.6593301266748786e-05
-9.5850495068789171e-05
-9.4953904379856875e-05
-9.4244844039987629e-05
-9.3376717033060892e-05
-9.2628868260551857e-05
-9.1819582119644246e-05
-9.1022885854543485e-05
-9.0252503977371313e-05
-8.9435431790385090e-05
-8.8708037679489620e-05
-8.7846519230069827e-05
-8.7152528273103981e-05
-8.6294349990525396e-05
-8.5571538331074567e-05
-8.4766626416181887e-05
-8.4002726946624898e-05
-8.3236347027086633e-05
-8.2458555131159942e-05
-8.1707668774309568e-05
-8.0917989436852448e-05
-8.0182783190297188e-05
-7.9369472412338379e-05
-7.8670852259307781e-05
-7.7832938407089878e-05
-7.7151616060361044e-05
-7.6317528527586152e-05
-7.5636088754717990e-05
-7.4800069527051219e-05
-7.4121445507538904e-05
-7.3277148015353998e-05
-7.2616714498976461e-05
-7.1764145590030198e-05
-7.1104102933676179e-05
-7.0266458620104697e-05
-6.9594546042698455e-05
-6.8765637991298690e-05
-6.8083540216658372e-05
-6.7258016593050812e-05
-6.6579846506104702e-05
-6.5756675630185599e-05
-6.5066061607996743e-05
-6.4269613222875098e-05
-6.3548754295601154e-05
-6.2783568235848605e-05
-6.2034846565783697e-05
-6.1283423762681808e-05
-6.0521330976627743e-05
-5.9785168042060550e-05
-5.9001496619161952e-05
-5.8296179120702055e-05
-5.7472224468276169e-05
-5.6787900129673167e-05
-5.5963205694208004e-05
-5.5256752775119773e-05
-5.4467900145413569e-05
-5.3712454004034511e-05
-5.2970960726385385e-05
-5.2165480722479137e-05
-5.1463630138246465e-05
-5.0620754812961178e-05
-4.9908521519059312e-05
-4.9108841211753980e-05
-4.8348802372579130e-05
-4.7590600073482912e-05
-4.6782653945497878e-05
-4.6062114645376011e-05
-4.5210747661464548e-05
-4.4475813508116729e-05
-4.3676857865771706e-05
-4.2884183483696374e-05
-4.2138312917983926e-05
-4.1282625037356984e-05
-4.0538787255708632e-05
-3.9743673793795812e-05
-3.8955672965543970e-05
-3.8278334359828841e-05
-3.7836394809472978e-05
0.0000000000000000e+00
];
