%Vec Object:dSdr_b_aug_1440 1 MPI processes
%  type: seq
dSdr_b_aug_1440 = [
2.4381577062600336e+03
0.0000000000000000e+00
-1.9462519712230308e-06
-7.9641906303664807e-07
-4.8745471497893910e-07
-3.4308957220636170e-07
-2.5742920417256832e-07
-2.0453390569039479e-07
-1.6868364523830596e-07
-1.4154273451810959e-07
-1.2139526544648580e-07
-1.0595696785819883e-07
-9.3368477424029672e-08
-8.3169438854420817e-08
-7.4809445224918989e-08
-6.7758912345183876e-08
-6.1733159962722794e-08
-5.6592512432749119e-08
-5.2148135783714692e-08
-4.8225848844460372e-08
-4.4789790827000239e-08
-4.1759535959317248e-08
-3.9034864130521671e-08
-3.6629642673401579e-08
-1.2775172497284346e-07
-8.5974396877908983e-05
-5.2680982182970492e-04
-5.0956855706119433e-04
-4.6735547472821320e-04
-4.2109343967740173e-04
-3.8033286565868838e-04
-3.4118875473955772e-04
-3.0426270757242472e-04
-2.6534062409539746e-04
-2.3369245683366852e-04
-2.0615650979730825e-04
-1.8207432813222431e-04
-1.5932897663033252e-04
-1.4210057102337099e-04
-1.2903008773752859e-04
-1.1869779914290328e-04
-1.1035691926385064e-04
-1.0514344494092459e-04
-1.0194328970802932e-04
-1.0017013751406430e-04
-9.9706972560669041e-05
-1.0015946786348900e-04
-1.0115143668374429e-04
-1.0260842297771338e-04
-1.0458168796297663e-04
-1.0631639265457380e-04
-1.0813858876195310e-04
-1.0998798694703946e-04
-1.1176003127864649e-04
-1.1323824117755976e-04
-1.1455074903232410e-04
-1.1579727173658627e-04
-1.1679196627813837e-04
-1.1759584744718331e-04
-1.1822534190248348e-04
-1.1877728054596465e-04
-1.1911732654608090e-04
-1.1928927968662687e-04
-1.1939868196999138e-04
-1.1941221607999602e-04
-1.1928722070123830e-04
-1.1909272180993897e-04
-1.1883624831880103e-04
-1.1849318923350498e-04
-1.1808867668491486e-04
-1.1765914141874127e-04
-1.1718460156841075e-04
-1.1667583641843080e-04
-1.1608960056369996e-04
-1.1552502725750597e-04
-1.1493366181021367e-04
-1.1428150968780991e-04
-1.1366557281553831e-04
-1.1303943622547240e-04
-1.1232286771553229e-04
-1.1166817947745666e-04
-1.1100958715104209e-04
-1.1028156456538424e-04
-1.0961576136444435e-04
-1.0895325179046004e-04
-1.0818165910938362e-04
-1.0751693300055091e-04
-1.0683141100113470e-04
-1.0608417781561709e-04
-1.0542219006782924e-04
-1.0472012012620239e-04
-1.0397897722095642e-04
-1.0331448895763672e-04
-1.0258984429532241e-04
-1.0189068152296995e-04
-1.0123790493309088e-04
-1.0048375481140177e-04
-9.9817005719249046e-05
-9.9152538579417381e-05
-9.8386182347261602e-05
-9.7766403123335574e-05
-9.7069920095552891e-05
-9.6357843610737527e-05
-9.5738733711481217e-05
-9.4984060920099108e-05
-9.4345118209808213e-05
-9.3700265738128172e-05
-9.2971284985754493e-05
-9.2363482516863524e-05
-9.1659231914640755e-05
-9.0992154205842945e-05
-9.0378420972849754e-05
-8.9656361466029807e-05
-8.9055534158323253e-05
-8.8373334051059955e-05
-8.7730445170062450e-05
-8.7093623415498357e-05
-8.6416981344616484e-05
-8.5821449047097646e-05
-8.5121260152480220e-05
-8.4532810241589462e-05
-8.3877153548932992e-05
-8.3227955892945792e-05
-8.2648771794778043e-05
-8.1939211638024139e-05
-8.1387104915907910e-05
-8.0705329322159150e-05
-8.0116682429728182e-05
-7.9487174545564518e-05
-7.8860131450734074e-05
-7.8257523534028256e-05
-7.7619703434580418e-05
-7.7050030811776459e-05
-7.6377003785917222e-05
-7.5836439789874057e-05
-7.5165174943266392e-05
-7.4602103503836566e-05
-7.3974477902359742e-05
-7.3378221998805801e-05
-7.2782333716160211e-05
-7.2177250792361837e-05
-7.1591684905107156e-05
-7.0980596928510055e-05
-7.0407522749524893e-05
-6.9775862242781015e-05
-6.9237351579410741e-05
-6.8582925372140068e-05
-6.8060178462508506e-05
-6.7411539945680895e-05
-6.6884629504775190e-05
-6.6240571753603368e-05
-6.5715117732791510e-05
-6.5063686292257138e-05
-6.4555792728127208e-05
-6.3897320782778529e-05
-6.3390928984748558e-05
-6.2745463664011113e-05
-6.2229017420706604e-05
-6.1592218515964698e-05
-6.1069269969307944e-05
-6.0434046383220775e-05
-5.9918539384171758e-05
-5.9283287411228810e-05
-5.8758243428617123e-05
-5.8149098375735585e-05
-5.7596995120086779e-05
-5.7016427968703334e-05
-5.6442561139260606e-05
-5.5872046380581148e-05
-5.5291510618124460e-05
-5.4731666106231759e-05
-5.4136720466621819e-05
-5.3601886342161393e-05
-5.2976251335453354e-05
-5.2458870729659149e-05
-5.1832913916047374e-05
-5.1299341822009816e-05
-5.0703333462808641e-05
-5.0131219497357246e-05
-4.9575072804000837e-05
-4.8963927376792762e-05
-4.8438466807094247e-05
-4.7802663874216770e-05
-4.7266339848007521e-05
-4.6668545820165447e-05
-4.6095713198042932e-05
-4.5528652797816537e-05
-4.4922522643620705e-05
-4.4383883840291053e-05
-4.3746492684782543e-05
-4.3197069802168738e-05
-4.2599158156786790e-05
-4.2006939662727258e-05
-4.1448817900414815e-05
-4.0808952304731599e-05
-4.0249810838047672e-05
-3.9649085878071215e-05
-3.9043948297990255e-05
-3.8479626226326215e-05
-3.7836849326059279e-05
0.0000000000000000e+00
];
