%Vec Object:dSdr_b_aug_3220 1 MPI processes
%  type: seq
dSdr_b_aug_3220 = [
2.3694804697379163e+03
0.0000000000000000e+00
-1.1909968912780190e-06
-4.9015402615728181e-07
-3.0272416945161084e-07
-2.1418066519246109e-07
-1.6066224520510567e-07
-1.2758995191385641e-07
-1.0517386448791706e-07
-8.8266590487797182e-08
-7.5713142035446724e-08
-6.6091313927558877e-08
-5.8252265577411580e-08
-5.1901490996038596e-08
-4.6695185158481094e-08
-4.2304724328463666e-08
-3.8552814131294026e-08
-3.5351728309084927e-08
-3.2584037542787240e-08
-3.0141562919482692e-08
-2.8187273699355225e-08
-4.0137111495636588e-06
-5.9698702188002231e-04
-6.5809117754752830e-04
-6.1554002527656451e-04
-5.7313065394071650e-04
-5.3246856731621324e-04
-4.9141681541062514e-04
-4.4931804772846548e-04
-4.0435856209831213e-04
-3.6480057913995624e-04
-3.2679821926564448e-04
-2.9093590673236105e-04
-2.5312375326285130e-04
-2.2237268543438425e-04
-1.9561225979740634e-04
-1.7220635658035002e-04
-1.5010081434069857e-04
-1.3335744559708678e-04
-1.2065693849559046e-04
-1.1062464176365199e-04
-1.0253270481083173e-04
-9.7484132208770790e-05
-9.4397477519959376e-05
-9.2701786026052181e-05
-9.2285545378414740e-05
-9.2761221284101653e-05
-9.3763312335848892e-05
-9.5219446209924571e-05
-9.7186670649198164e-05
-9.8917028715911310e-05
-1.0073243743471846e-04
-1.0257826898827441e-04
-1.0435141106063821e-04
-1.0583421938615751e-04
-1.0715692668648371e-04
-1.0842084194523663e-04
-1.0943550677763724e-04
-1.1026266380995681e-04
-1.1092163652267206e-04
-1.1150813844101640e-04
-1.1188334849437585e-04
-1.1209441181152550e-04
-1.1225079534330753e-04
-1.1230736333880028e-04
-1.1222806021150372e-04
-1.1208423358233732e-04
-1.1188001324195126e-04
-1.1158763676519244e-04
-1.1123668255770613e-04
-1.1086422058019812e-04
-1.1044240720279947e-04
-1.0998660094108002e-04
-1.0946313544187422e-04
-1.0895267159753927e-04
-1.0841508861825169e-04
-1.0782668920944102e-04
-1.0726458509813255e-04
-1.0669207823416890e-04
-1.0604083025892111e-04
-1.0544013053274249e-04
-1.0483612019908647e-04
-1.0417157181436799e-04
-1.0355945935736663e-04
-1.0295102819035628e-04
-1.0224349563926259e-04
-1.0163224433424133e-04
-1.0100149160319399e-04
-1.0031566744881017e-04
-9.9706267417674319e-05
-9.9059828655314710e-05
-9.8378641813103205e-05
-9.7766289061479124e-05
-9.7098832043809405e-05
-9.6455929324931608e-05
-9.5854393489644223e-05
-9.5159289638458198e-05
-9.4546551661461005e-05
-9.3933459622160478e-05
-9.3227256401537419e-05
-9.2658119247978197e-05
-9.2014916983861961e-05
-9.1359475353457474e-05
-9.0790319636827019e-05
-9.0093391087445949e-05
-8.9506152644865911e-05
-8.8912401046518157e-05
-8.8240106684349813e-05
-8.7681327156023209e-05
-8.7032761196738023e-05
-8.6418100146724801e-05
-8.5853638923768255e-05
-8.5189028506293911e-05
-8.4635654261507973e-05
-8.4008454870661929e-05
-8.3416487027635915e-05
-8.2830185410005740e-05
-8.2208184284581027e-05
-8.1660198367142605e-05
-8.1015685663750789e-05
-8.0475777588120037e-05
-7.9871796705372378e-05
-7.9274968922353267e-05
-7.8744180162885726e-05
-7.8089938883270653e-05
-7.7584255254927812e-05
-7.6957597760115537e-05
-7.6416039031155012e-05
-7.5839705199839282e-05
-7.5262841537142256e-05
-7.4709857292156582e-05
-7.4125055795842989e-05
-7.3602033757436616e-05
-7.2984758177473851e-05
-7.2489574706618886e-05
-7.1873594731842625e-05
-7.1357771234909122e-05
-7.0782583257317011e-05
-7.0235913038874494e-05
-6.9690452900716610e-05
-6.9136454043189680e-05
-6.8599787036835902e-05
-6.8041523167504376e-05
-6.7516405064588583e-05
-6.6938473653119319e-05
-6.6447321095240521e-05
-6.5847167719843366e-05
-6.5371325481897112e-05
-6.4777540231961820e-05
-6.4296338102471864e-05
-6.3709060167433111e-05
-6.3228912803783580e-05
-6.2634529170246071e-05
-6.2171756363877358e-05
-6.1570696810974828e-05
-6.1109754882191004e-05
-6.0521135271722926e-05
-6.0050676511162671e-05
-5.9470703358758516e-05
-5.8994832343336837e-05
-5.8415900283048783e-05
-5.7948511010882374e-05
-5.7368847327008840e-05
-5.6892781979345484e-05
-5.6339044359275094e-05
-5.5836863355188893e-05
-5.5310911152517501e-05
-5.4788772246010992e-05
-5.4271776756804083e-05
-5.3744953362732094e-05
-5.3237273034975277e-05
-5.2698162820357311e-05
-5.2213770071398585e-05
-5.1646811690883099e-05
-5.1178829522126055e-05
-5.0611677665620424e-05
-5.0129265459189401e-05
-4.9590325206758832e-05
-4.9072469875946231e-05
-4.8571182305115014e-05
-4.8017560377463519e-05
-4.7544322229019567e-05
-4.6969825802302032e-05
-4.6485600798260967e-05
-4.5947602520950842e-05
-4.5430239891824135e-05
-4.4919834609838585e-05
-4.4373544887355393e-05
-4.3888892035578390e-05
-4.3315026390029608e-05
-4.2820779661480728e-05
-4.2282743767083241e-05
-4.1750385429390002e-05
-4.1248616749518402e-05
-4.0673845012398753e-05
-4.0171389469255537e-05
-3.9631911261186180e-05
-3.9088871819651372e-05
-3.8580536601627241e-05
-3.7998007734880483e-05
0.0000000000000000e+00
];
