%Vec Object:dSdr_b_aug_6210 1 MPI processes
%  type: seq
dSdr_b_aug_6210 = [
2.3162268551105949e+03
0.0000000000000000e+00
-8.3030059738135473e-07
-3.4289355850684213e-07
-2.1297650651662784e-07
-1.5116353219892652e-07
-1.1333331016951624e-07
-8.9944255934123975e-08
-7.4091331927301556e-08
-6.2166158638321534e-08
-5.3310683875521440e-08
-4.6521979635327936e-08
-4.0995094853320328e-08
-3.6517848178926083e-08
-3.2847142180674002e-08
-2.9752025644203902e-08
-2.7107472111546448e-08
-2.4851075657677514e-08
-2.5553771850182528e-08
-1.1571595069302108e-04
-7.5068374486505021e-04
-7.1451808445060648e-04
-6.7594224359420624e-04
-6.3748983518282034e-04
-5.9480845681338579e-04
-5.5361218901896366e-04
-5.1411772219381714e-04
-4.7423073180104182e-04
-4.3330547079825670e-04
-3.8956674287474863e-04
-3.5107697558867047e-04
-3.1408395066169199e-04
-2.7916153607421978e-04
-2.4233003036796874e-04
-2.1237156174021103e-04
-1.8629631788676533e-04
-1.6348791385810982e-04
-1.4194764985819199e-04
-1.2563281622501673e-04
-1.1325918684662390e-04
-1.0349193591235085e-04
-9.5619942453034891e-05
-9.0717061968972426e-05
-8.7730685867625581e-05
-8.6103431349006629e-05
-8.5728648424313975e-05
-8.6224804331599215e-05
-8.7235838233005496e-05
-8.8691218733200750e-05
-9.0653106033362823e-05
-9.2379623581358538e-05
-9.4189035350284253e-05
-9.6031715538983631e-05
-9.7805827281400424e-05
-9.9292698185983363e-05
-1.0062441663734037e-04
-1.0190369824207362e-04
-1.0293600688999163e-04
-1.0378372825555650e-04
-1.0446874519063003e-04
-1.0508578400167535e-04
-1.0549206175062997e-04
-1.0573767921157622e-04
-1.0593557106370871e-04
-1.0603015984873166e-04
-1.0599122621074925e-04
-1.0589216896425427e-04
-1.0573411473983414e-04
-1.0548651665450574e-04
-1.0518288158714849e-04
-1.0486084425025916e-04
-1.0448561506577968e-04
-1.0407659834629295e-04
-1.0360859092831462e-04
-1.0314593318348661e-04
-1.0265586740786483e-04
-1.0212379402254555e-04
-1.0160925156079595e-04
-1.0108412696843308e-04
-1.0049059021879186e-04
-9.9937589764839235e-05
-9.9381803054433094e-05
-9.8773334654147179e-05
-9.8208658401295227e-05
-9.7648005946545527e-05
-9.6997071066165044e-05
-9.6433065190795365e-05
-9.5850701566050980e-05
-9.5219132819088651e-05
-9.4656194477065619e-05
-9.4058906337180477e-05
-9.3430691199172786e-05
-9.2864400617535494e-05
-9.2247469411739418e-05
-9.1654272974314472e-05
-9.1098008819910650e-05
-9.0455072904184724e-05
-8.9890054252170622e-05
-8.9322352593559245e-05
-8.8669295128784720e-05
-8.8144900717997910e-05
-8.7548772548561414e-05
-8.6943368424436044e-05
-8.6418347773366256e-05
-8.5772436888121415e-05
-8.5230879731077328e-05
-8.4682276314511893e-05
-8.4060064997135676e-05
-8.3544597777849273e-05
-8.2945229811336464e-05
-8.2376879458085294e-05
-8.1855950603739030e-05
-8.1242097089790030e-05
-8.0730648158163203e-05
-8.0152042511146866e-05
-7.9605063975862132e-05
-7.9063397467503949e-05
-7.8489672229516355e-05
-7.7983694080181406e-05
-7.7388371918563396e-05
-7.6891351109431100e-05
-7.6333026394593436e-05
-7.5782467993272079e-05
-7.5294437075432150e-05
-7.4689070658235857e-05
-7.4224402377569699e-05
-7.3646442360458925e-05
-7.3146486581120116e-05
-7.2617132647655310e-05
-7.2084603108170443e-05
-7.1575461969239994e-05
-7.1037503039300337e-05
-7.0555697360504132e-05
-6.9987678849406571e-05
-6.9532589635023557e-05
-6.8965454514368025e-05
-6.8491375164849550e-05
-6.7962516477171100e-05
-6.7459655836102093e-05
-6.6958749601737539e-05
-6.6449884167603011e-05
-6.5956419956678607e-05
-6.5444826866739174e-05
-6.4962078594125503e-05
-6.4431617542798697e-05
-6.3982306515559568e-05
-6.3430103914088388e-05
-6.2995702609542787e-05
-6.2450380971792213e-05
-6.2009562798837721e-05
-6.1472450622217123e-05
-6.1032332371423340e-05
-6.0488351293697054e-05
-6.0065443380977720e-05
-5.9515108527688757e-05
-5.9094322295836077e-05
-5.8555926748172084e-05
-5.8126098707563484e-05
-5.7596332023424666e-05
-5.7162054838938755e-05
-5.6632857299045518e-05
-5.6207980930894942e-05
-5.5677430506890413e-05
-5.5244638745673536e-05
-5.4739854662832204e-05
-5.4281781017063418e-05
-5.3804082264302651e-05
-5.3327646139119774e-05
-5.2857936157847923e-05
-5.2378568938916187e-05
-5.1916977016209590e-05
-5.1427198867546245e-05
-5.0987372567152061e-05
-5.0472256677861332e-05
-5.0047919724354229e-05
-4.9532723992470738e-05
-4.9095513551637390e-05
-4.8606995230294391e-05
-4.8137079841908032e-05
-4.7684262998749392e-05
-4.7181466121074126e-05
-4.6754369803421040e-05
-4.6234041570083013e-05
-4.5795850363264008e-05
-4.5310686726099548e-05
-4.4842337736062765e-05
-4.4381994263009151e-05
-4.3888582075605330e-05
-4.3451636141374211e-05
-4.2933908426113227e-05
-4.2488426504364904e-05
-4.2003312993547663e-05
-4.1523871413260617e-05
-4.1071933882651082e-05
-4.0554738211560760e-05
-4.0102471097308803e-05
-3.9617297170312497e-05
-3.9129530866974062e-05
-3.8671808916241732e-05
-3.8148613748160111e-05
0.0000000000000000e+00
];
