%Vec Object:dSdr_b_aug_9620 1 MPI processes
%  type: seq
dSdr_b_aug_9620 = [
2.2752691659168540e+03
0.0000000000000000e+00
-6.3877176377608545e-07
-2.6475180921830340e-07
-1.6527303927743623e-07
-1.1771947583808809e-07
-8.8363976835345192e-08
-7.0206761302735605e-08
-5.7898797337106142e-08
-4.8652112569411401e-08
-4.1784152651728227e-08
-3.6518120358321858e-08
-3.2230949368383879e-08
-2.8757458966227689e-08
-2.5909277538243244e-08
-2.3507211159969833e-08
-2.1474329563501754e-08
-8.0095952421015879e-06
-8.0348801759163614e-04
-7.7784972460985785e-04
-7.3602515859420457e-04
-6.9749474717828203e-04
-6.5974833273335295e-04
-6.2213519698204440e-04
-5.8037716486783095e-04
-5.4004707216825660e-04
-5.0136474785773496e-04
-4.6228723831083306e-04
-4.2217750904391773e-04
-3.7928714860079092e-04
-3.4153973937712037e-04
-3.0524815326800532e-04
-2.7097892215795493e-04
-2.3482891910491321e-04
-2.0542126868670679e-04
-1.7982219336804556e-04
-1.5742902267775271e-04
-1.3628160001239774e-04
-1.2026457781563137e-04
-1.0811811286138914e-04
-9.8535056110806490e-05
-9.0815912883951880e-05
-8.6014281459464290e-05
-8.3097594165261961e-05
-8.1517900038052997e-05
-8.1171928197694540e-05
-8.1682316505149124e-05
-8.2699564951971234e-05
-8.4154421603985780e-05
-8.6112599571430161e-05
-8.7836447888745776e-05
-8.9641691827955537e-05
-9.1482181745304383e-05
-9.3256967151272022e-05
-9.4746661158286543e-05
-9.6084641742259712e-05
-9.7374602043038787e-05
-9.8419172130080352e-05
-9.9281184563296368e-05
-9.9984300832082684e-05
-1.0062256117285706e-04
-1.0105042934196290e-04
-1.0132006014249977e-04
-1.0154679815545979e-04
-1.0166780944275078e-04
-1.0165693054490916e-04
-1.0158898575598970e-04
-1.0146301465585718e-04
-1.0124653534919221e-04
-1.0097578475908632e-04
-1.0068879007268698e-04
-1.0034593461550707e-04
-9.9969434332253327e-05
-9.9539967565323649e-05
-9.9110532716772297e-05
-9.8653489069868742e-05
-9.8160559516268260e-05
-9.7679070072605973e-05
-9.7186873840128621e-05
-9.6633443572768680e-05
-9.6113591780170067e-05
-9.5591318130262666e-05
-9.5021822580739930e-05
-9.4490112171507527e-05
-9.3962663587390420e-05
-9.3351061326228473e-05
-9.2819888717007883e-05
-9.2271153158542541e-05
-9.1677289272959221e-05
-9.1146639536682263e-05
-9.0583508681167104e-05
-8.9992106294206281e-05
-8.9457826673019949e-05
-8.8876008442569080e-05
-8.8317355446862334e-05
-8.7792552902411642e-05
-8.7185871159131648e-05
-8.6654015111399830e-05
-8.6117857554143367e-05
-8.5501733800331215e-05
-8.5008433414418026e-05
-8.4445019454597921e-05
-8.3874388975553688e-05
-8.3380040059793662e-05
-8.2769583982204804e-05
-8.2259773108823541e-05
-8.1742545494912998e-05
-8.1155139470706541e-05
-8.0669772212062520e-05
-8.0104594471055041e-05
-7.9568427812967582e-05
-7.9077751850678492e-05
-7.8499171930352640e-05
-7.8016859065908965e-05
-7.7472023722053476e-05
-7.6956310582111393e-05
-7.6445663318673566e-05
-7.5905487490102823e-05
-7.5428702711722548e-05
-7.4867565600695267e-05
-7.4400349371942203e-05
-7.3873753490137514e-05
-7.3355350076022036e-05
-7.2897033795767065e-05
-7.2325633049566906e-05
-7.1889468458664237e-05
-7.1345350839630733e-05
-7.0874307106102023e-05
-7.0377601937001498e-05
-6.9875882477636665e-05
-6.9397210186258060e-05
-6.8891804583911121e-05
-6.8438642292638628e-05
-6.7904855072713230e-05
-6.7477629439966733e-05
-6.6944439142823317e-05
-6.6499369970803615e-05
-6.6002707913199695e-05
-6.5530292825177210e-05
-6.5060349415575985e-05
-6.4582849545285708e-05
-6.4119409206557894e-05
-6.3640250070594908e-05
-6.3186946802221884e-05
-6.2689475377460143e-05
-6.2269242214407747e-05
-6.1750363106944072e-05
-6.1344761274007267e-05
-6.0833119531335776e-05
-6.0420366286092339e-05
-5.9918116917389478e-05
-5.9505816999285262e-05
-5.8996863296846291e-05
-5.8601659597060466e-05
-5.8086575998758753e-05
-5.7693696079573198e-05
-5.7190203874674134e-05
-5.6788612271446087e-05
-5.6293736709815688e-05
-5.5888365285880778e-05
-5.5393730896288902e-05
-5.4998399008962844e-05
-5.4501979999761373e-05
-5.4099261368051745e-05
-5.3628497712546167e-05
-5.3201076641369820e-05
-5.2756911803884560e-05
-5.2312237011942668e-05
-5.1875388291782598e-05
-5.1429000950709318e-05
-5.0999438384052174e-05
-5.0543943793097135e-05
-5.0135089192115350e-05
-4.9656001519265589e-05
-4.9261996090971541e-05
-4.8782907590186560e-05
-4.8377110453309992e-05
-4.7923633231831163e-05
-4.7487034118623198e-05
-4.7067902464241292e-05
-4.6600426971113685e-05
-4.6205397487059369e-05
-4.5722714103603893e-05
-4.5316514825216005e-05
-4.4868069494078804e-05
-4.4433783547100066e-05
-4.4008231733485146e-05
-4.3551568250542416e-05
-4.3147778013693447e-05
-4.2669065601792052e-05
-4.2257475635371297e-05
-4.1809144311456000e-05
-4.1366482379479842e-05
-4.0949182316569635e-05
-4.0472010177213349e-05
-4.0054639334433715e-05
-3.9607236253704387e-05
-3.9157949720553195e-05
-3.8735590151777050e-05
-3.8254623566887040e-05
0.0000000000000000e+00
];
