%Vec Object:dSdr_b_aug_6620 1 MPI processes
%  type: seq
dSdr_b_aug_6620 = [
2.3070628522472743e+03
0.0000000000000000e+00
-7.8104085415133100e-07
-3.2219579309193129e-07
-1.9994812870867676e-07
-1.4173085925985126e-07
-1.0605907686056640e-07
-8.4004830489013437e-08
-6.9058017011296525e-08
-5.7826392676266728e-08
-4.9486754762109675e-08
-4.3093518512944234e-08
-3.7892143506687587e-08
-3.3679504849802866e-08
-3.0225906187937803e-08
-2.7314814419567457e-08
-2.4828493900898268e-08
-2.2708601399188738e-08
-2.7670104685702970e-07
-5.6523030255803571e-04
-7.5054474148384081e-04
-7.1224099881713582e-04
-6.7376009617870609e-04
-6.3542056411585704e-04
-5.9286361653887747e-04
-5.5178407912229090e-04
-5.1239906105693834e-04
-4.7262116071752739e-04
-4.3180580521084635e-04
-3.8818140789477923e-04
-3.4979168481150222e-04
-3.1289318958309327e-04
-2.7805880153840891e-04
-2.4131913880512656e-04
-2.1143490138444263e-04
-1.8542382851283605e-04
-1.6267138351368078e-04
-1.4118406087003496e-04
-1.2490936186360983e-04
-1.1256634635272884e-04
-1.0282391839497993e-04
-9.4972523840710228e-05
-9.0083288228567083e-05
-8.7106303782253587e-05
-8.5485458933560329e-05
-8.5114558935809174e-05
-8.5612632976170982e-05
-8.6624504428819491e-05
-8.8079814377092517e-05
-9.0041201831532540e-05
-9.1767359699391275e-05
-9.3576209826773130e-05
-9.5418594878097005e-05
-9.7192797439807737e-05
-9.8680048830922945e-05
-1.0001261122884171e-04
-1.0129333197852339e-04
-1.0232729306829371e-04
-1.0317694039775902e-04
-1.0386439651762615e-04
-1.0448429527622248e-04
-1.0489348268528025e-04
-1.0514233633096986e-04
-1.0534411566416383e-04
-1.0544226530372088e-04
-1.0540711248892348e-04
-1.0531224813929913e-04
-1.0515851762358704e-04
-1.0491511328573486e-04
-1.0461590992039802e-04
-1.0429859513223536e-04
-1.0392772881724695e-04
-1.0352309419914302e-04
-1.0306028073826597e-04
-1.0260210030027245e-04
-1.0211648477496798e-04
-1.0158968663346614e-04
-1.0107959858404538e-04
-1.0055891160407364e-04
-9.9970779829438322e-05
-9.9422246676417829e-05
-9.8870976375061456e-05
-9.8267760174754347e-05
-9.7707526584594876e-05
-9.7151348870161538e-05
-9.6505714673245807e-05
-9.5946133593253057e-05
-9.5368301875411223e-05
-9.4741814446119507e-05
-9.4183227497479381e-05
-9.3590542584120052e-05
-9.2967288537645700e-05
-9.2405311932071909e-05
-9.1793112746370623e-05
-9.1204571575752795e-05
-9.0652547363534230e-05
-9.0014497261527835e-05
-8.9453947786654822e-05
-8.8890497187045167e-05
-8.8242417114055467e-05
-8.7722213107242652e-05
-8.7130493682371067e-05
-8.6529775839765477e-05
-8.6008888674357159e-05
-8.5367755867405272e-05
-8.4830477007610304e-05
-8.4286101960449062e-05
-8.3668581188909051e-05
-8.3157170399246529e-05
-8.2562410088437682e-05
-8.1998396979715441e-05
-8.1481545164563396e-05
-8.0872445306536824e-05
-8.0364922904234418e-05
-7.9790868321234082e-05
-7.9248103274635165e-05
-7.8710617082477033e-05
-7.8141413139063754e-05
-7.7639369240676452e-05
-7.7048654035786004e-05
-7.6555649847221283e-05
-7.6001601075260968e-05
-7.5455376047752414e-05
-7.4971349628604372e-05
-7.4370560602059424e-05
-7.3909733625691365e-05
-7.3336334385775339e-05
-7.2840274942402545e-05
-7.2315320925054978e-05
-7.1786943510259159e-05
-7.1281908509422516e-05
-7.0748336632941812e-05
-7.0270391082488608e-05
-6.9706985755582941e-05
-6.9255651578017642e-05
-6.8693091034693158e-05
-6.8222921242563962e-05
-6.7698401535230604e-05
-6.7199643889332428e-05
-6.6702910360130757e-05
-6.6198271905749156e-05
-6.5708853860291759e-05
-6.5201631730793478e-05
-6.4722851611042395e-05
-6.4196836404165850e-05
-6.3751444050423934e-05
-6.3203732285415368e-05
-6.2773212134991583e-05
-6.2232429362310811e-05
-6.1795393350306659e-05
-6.1262979452266725e-05
-6.0826610127637598e-05
-6.0287349503882413e-05
-5.9868175135255775e-05
-5.9322590904191279e-05
-5.8905565449341239e-05
-5.8371873633947866e-05
-5.7945850855835354e-05
-5.7420786253023553e-05
-5.6990404528199277e-05
-5.6465864865341231e-05
-5.6044970029006841e-05
-5.5519019293060844e-05
-5.5090280300766806e-05
-5.4590080941732799e-05
-5.4136138145859408e-05
-5.3662958543446855e-05
-5.3190802680515897e-05
-5.2725521188181332e-05
-5.2250598436969192e-05
-5.1793322877478365e-05
-5.1308164871811256e-05
-5.0872512381777486e-05
-5.0362251734622097e-05
-4.9942002295414940e-05
-4.9431672427451565e-05
-4.8998695256502388e-05
-4.8514899086217758e-05
-4.8049473379873156e-05
-4.7601195909270781e-05
-4.7103158873128364e-05
-4.6680383759912107e-05
-4.6165128404420054e-05
-4.5731248202057343e-05
-4.5251032447558635e-05
-4.4787273411701662e-05
-4.4331617968415697e-05
-4.3843157397045606e-05
-4.3410678665174900e-05
-4.2898207537598613e-05
-4.2457291366390477e-05
-4.1977132532046428e-05
-4.1502644417966204e-05
-4.1055370282324394e-05
-4.0543561484304195e-05
-4.0095985901948583e-05
-3.9615881695176158e-05
-3.9133257528299907e-05
-3.8680178588567094e-05
-3.8162022208443375e-05
0.0000000000000000e+00
];
