%Vec Object:dSdr_b_aug_5220 1 MPI processes
%  type: seq
dSdr_b_aug_5220 = [
2.3275222634208590e+03
0.0000000000000000e+00
-8.9511475291097605e-07
-3.6934196863686596e-07
-2.2910239802576774e-07
-1.6247504339553908e-07
-1.2180475625844565e-07
-9.6662552574938634e-08
-7.9621508891222191e-08
-6.6796385523117654e-08
-5.7273008599011339e-08
-4.9972598705138191e-08
-4.4028576510652322e-08
-3.9213446460675152e-08
-3.5265824833410609e-08
-3.1937241109834694e-08
-2.9093229677965722e-08
-2.6666680842465528e-08
-2.4582407084694059e-08
-1.2124569939232265e-06
-6.3086697867660384e-04
-7.2037265948910096e-04
-6.8235150721702640e-04
-6.4357789396878148e-04
-6.0053061473229886e-04
-5.5899090452275735e-04
-5.1917441457402752e-04
-4.7896645626750549e-04
-4.3771782809962881e-04
-3.9364271328146719e-04
-3.5485859298282159e-04
-3.1758743996627585e-04
-2.8240603105376391e-04
-2.4530430216099068e-04
-2.1512742822145319e-04
-1.8886337854785690e-04
-1.6589033014533048e-04
-1.4419430043420870e-04
-1.2776138146051457e-04
-1.1529767903212173e-04
-1.0545739319885878e-04
-9.7524793046362151e-05
-9.2581766277386474e-05
-8.9567757859637084e-05
-8.7921645169843372e-05
-8.7535438367325602e-05
-8.8025950861648125e-05
-8.9034520443950768e-05
-9.0490108483977738e-05
-9.2453466414488348e-05
-9.4181042193328148e-05
-9.5992106414545048e-05
-9.7835654965943203e-05
-9.9609499592861927e-05
-1.0109525110617560e-04
-1.0242448655356765e-04
-1.0369953393916829e-04
-1.0472698079318316e-04
-1.0556903559517304e-04
-1.0624687594793937e-04
-1.0685550019219409e-04
-1.0725321710531850e-04
-1.0748931301664854e-04
-1.0767576705322592e-04
-1.0775987902960587e-04
-1.0770982138299623e-04
-1.0759842770979565e-04
-1.0742765217884725e-04
-1.0716771516052546e-04
-1.0685104104154700e-04
-1.0651510891399870e-04
-1.0612704319584151e-04
-1.0570513335706025e-04
-1.0522184415335625e-04
-1.0474601317020913e-04
-1.0424285376278723e-04
-1.0369525942413472e-04
-1.0316761108264698e-04
-1.0262943003889926e-04
-1.0201999063456743e-04
-1.0145384637732502e-04
-1.0088477137542788e-04
-1.0026084981766667e-04
-9.9683102250782847e-05
-9.9109284101703577e-05
-9.8442753411766030e-05
-9.7865728790780246e-05
-9.7270031273558689e-05
-9.6623512140688961e-05
-9.6047771016808745e-05
-9.5436939143759476e-05
-9.4794127351260072e-05
-9.4215144077170420e-05
-9.3584290196364650e-05
-9.2977396910203801e-05
-9.2408657886760884e-05
-9.1751346799041615e-05
-9.1173178815302086e-05
-9.0592969578921751e-05
-8.9925267497743754e-05
-8.9388543969402825e-05
-8.8779444261140284e-05
-8.8160252009254484e-05
-8.7623069682090228e-05
-8.6963100580687578e-05
-8.6408955677456622e-05
-8.5847911414410123e-05
-8.5211899420354893e-05
-8.4684497239747753e-05
-8.4071572477524494e-05
-8.3490460939572835e-05
-8.2957536484863721e-05
-8.2329696607927379e-05
-8.1806694909054232e-05
-8.1214698969979591e-05
-8.0655323365701165e-05
-8.0101357389633483e-05
-7.9514329446254820e-05
-7.8996775807959338e-05
-7.8387898902271825e-05
-7.7879060252963566e-05
-7.7308154710873791e-05
-7.6744846507500675e-05
-7.6245033412671717e-05
-7.5626199237598110e-05
-7.5150228933788780e-05
-7.4558850037755964e-05
-7.4047430317571023e-05
-7.3505130793803165e-05
-7.2960384722193047e-05
-7.2439162353489772e-05
-7.1888295674780843e-05
-7.1395132580779759e-05
-7.0813540990039998e-05
-7.0347403561795278e-05
-6.9766808948881361e-05
-6.9281226747666436e-05
-6.8739601745208058e-05
-6.8224669110291170e-05
-6.7711485778150062e-05
-6.7190183555715439e-05
-6.6684814551665661e-05
-6.6160361044938009e-05
-6.5665937506373411e-05
-6.5122395707782450e-05
-6.4661554989347146e-05
-6.4096139258232446e-05
-6.3650318647861273e-05
-6.3091642563240717e-05
-6.2639696338693651e-05
-6.2088760677050746e-05
-6.1637612151828881e-05
-6.1079742335862515e-05
-6.0645849397944836e-05
-6.0081537035123778e-05
-5.9649685642757113e-05
-5.9097450535883185e-05
-5.8656426436013992e-05
-5.8112825037362683e-05
-5.7667086398880057e-05
-5.7124184188063195e-05
-5.6687593105395012e-05
-5.6143509197124028e-05
-5.5698793105207818e-05
-5.5180519544475316e-05
-5.4710291810164746e-05
-5.4219296485130667e-05
-5.3730266634627276e-05
-5.3247526793584951e-05
-5.2755082680734857e-05
-5.2280790754870371e-05
-5.1777418785928830e-05
-5.1325311851157257e-05
-5.0795910361298217e-05
-5.0359546604728707e-05
-4.9830033936588866e-05
-4.9380367749265960e-05
-4.8877955216806762e-05
-4.8394829524224441e-05
-4.7928656092984729e-05
-4.7411853850686733e-05
-4.6972042625176104e-05
-4.6436787729182157e-05
-4.5985911292090963e-05
-4.5486188348317850e-05
-4.5004332871874607e-05
-4.4530193981760290e-05
-4.4022210352394628e-05
-4.3572117596360088e-05
-4.3038919595810094e-05
-4.2579998761516220e-05
-4.2080300194379151e-05
-4.1586274358552198e-05
-4.1120601640444400e-05
-4.0587534575529699e-05
-4.0121428019757479e-05
-3.9621272589816007e-05
-3.9118237953577741e-05
-3.8646463969190117e-05
-3.8106360223479725e-05
0.0000000000000000e+00
];
