%Vec Object:dSdr_b_aug_2290 1 MPI processes
%  type: seq
dSdr_b_aug_2290 = [
2.4003358667746793e+03
0.0000000000000000e+00
-1.4791442735383734e-06
-6.0703309119052115e-07
-3.7331460040158918e-07
-2.6342365535320065e-07
-1.9754185185035832e-07
-1.5684324169725251e-07
-1.2925909626704006e-07
-1.0842364891593043e-07
-9.2955471688294224e-08
-8.1101075698667927e-08
-7.1440820002790834e-08
-6.3614821433869483e-08
-5.7199617979673545e-08
-5.1789906070339752e-08
-4.7167182947842236e-08
-4.3223362939772830e-08
-3.9813704658992791e-08
-3.6804996964905082e-08
-3.4169215903517206e-08
-3.1849737027605323e-08
-8.1783138967165376e-08
-1.2944239290515937e-04
-6.1399836015311679e-04
-5.8227335611049798e-04
-5.4136341219874920e-04
-4.9975839671357822e-04
-4.5709064192324546e-04
-4.1153863462767580e-04
-3.7146213458927996e-04
-3.3296983543914778e-04
-2.9665128859227881e-04
-2.5836312049804953e-04
-2.2722731837852031e-04
-2.0013429976600570e-04
-1.7643836544308989e-04
-1.5405843243515967e-04
-1.3710704916049165e-04
-1.2424787285265684e-04
-1.1408692063442060e-04
-1.0588822121991627e-04
-1.0076892836560594e-04
-9.7633597515024416e-05
-9.5904686033211191e-05
-9.5468321343137919e-05
-9.5934056011518781e-05
-9.6931806081323541e-05
-9.8388305597750820e-05
-1.0035812067471657e-04
-1.0209034291247811e-04
-1.0390866255306543e-04
-1.0575602376033358e-04
-1.0752869510430727e-04
-1.0900953138143834e-04
-1.1032786455859609e-04
-1.1158432083077518e-04
-1.1259042117707698e-04
-1.1340759608177665e-04
-1.1405392668523883e-04
-1.1462560571500525e-04
-1.1498573522595616e-04
-1.1518002565123681e-04
-1.1531626067596514e-04
-1.1535437304203667e-04
-1.1525547420829769e-04
-1.1508991612759564e-04
-1.1486328634935978e-04
-1.1454917393952609e-04
-1.1417525050392332e-04
-1.1377831186759874e-04
-1.1333388602194178e-04
-1.1285536761865781e-04
-1.1230498220065837e-04
-1.1177131277785337e-04
-1.1121066445664499e-04
-1.1059492383430546e-04
-1.1000973281395859e-04
-1.0941422615412099e-04
-1.0873496463970941e-04
-1.0811111126175675e-04
-1.0748369275273060e-04
-1.0679192264945517e-04
-1.0615678423839794e-04
-1.0552516086165934e-04
-1.0479015530486591e-04
-1.0415597065105531e-04
-1.0350172942182606e-04
-1.0278956921750997e-04
-1.0215761627368110e-04
-1.0148731936816645e-04
-1.0078041959797951e-04
-1.0014570786505539e-04
-9.9453725177050514e-05
-9.8786694595200732e-05
-9.8163183489738935e-05
-9.7442756868810199e-05
-9.6806855515279598e-05
-9.6171730589136197e-05
-9.5439729957520243e-05
-9.4848874286513368e-05
-9.4182821858867515e-05
-9.3503091611186250e-05
-9.2912512372196287e-05
-9.2190819429495215e-05
-9.1581406916799412e-05
-9.0965740021827475e-05
-9.0269134939574515e-05
-8.9689331263315676e-05
-8.9016884196085194e-05
-8.8379743556373037e-05
-8.7794151368047836e-05
-8.7104903135526730e-05
-8.6531178004417333e-05
-8.5880390815306181e-05
-8.5266584798094627e-05
-8.4658616937709647e-05
-8.4013182305595408e-05
-8.3444805479980820e-05
-8.2776415290201298e-05
-8.2215689391480694e-05
-8.1589546638381635e-05
-8.0970259326475352e-05
-8.0418715569726535e-05
-7.9740750040446830e-05
-7.9215157237415396e-05
-7.8564861598481826e-05
-7.8003108469671401e-05
-7.7403970223340746e-05
-7.6805586427888489e-05
-7.6231320394866043e-05
-7.5623781148304397e-05
-7.5080752368669975e-05
-7.4439567020954776e-05
-7.3924921489322855e-05
-7.3285231841717130e-05
-7.2749145415521005e-05
-7.2151468843663878e-05
-7.1583533121962763e-05
-7.1016446179639675e-05
-7.0440539216067802e-05
-6.9882901248410271e-05
-6.9301983030940658e-05
-6.8756298298711243e-05
-6.8155324420157622e-05
-6.7643861677976126e-05
-6.7020432643608295e-05
-6.6524474679359609e-05
-6.5907164839717781e-05
-6.5406360055177557e-05
-6.4794731300205861e-05
-6.4295153532061637e-05
-6.3676304142355064e-05
-6.3194180652146405e-05
-6.2568498980199730e-05
-6.2088065217978715e-05
-6.1475066511365985e-05
-6.0984885347672817e-05
-6.0380541650935931e-05
-5.9884480742454483e-05
-5.9281407238960758e-05
-5.8793381962422186e-05
-5.8189878416868989e-05
-5.7692807841052559e-05
-5.7115307909174792e-05
-5.6591716979530042e-05
-5.6042342316808454e-05
-5.5498019080357197e-05
-5.4958071007964250e-05
-5.4408212205571316e-05
-5.3878160416018158e-05
-5.3315104263130668e-05
-5.2809078870228276e-05
-5.2216956026573542e-05
-5.1727788450415059e-05
-5.1135417045377850e-05
-5.0631063953417862e-05
-5.0067648959281611e-05
-4.9526523725659845e-05
-4.9001708676395779e-05
-4.8423416554693192e-05
-4.7927781584359980e-05
-4.7326992410941044e-05
-4.6820423312829101e-05
-4.6256779958953941e-05
-4.5715627245879259e-05
-4.5180923407873208e-05
-4.4608968777305986e-05
-4.4101161421982243e-05
-4.3500049572870799e-05
-4.2982136663923514e-05
-4.2418418036517619e-05
-4.1860382051590013e-05
-4.1334437238388644e-05
-4.0731736367949052e-05
-4.0204949502530505e-05
-3.9639166986149312e-05
-3.9069415373187622e-05
-3.8536842931203087e-05
-3.7927270373467746e-05
0.0000000000000000e+00
];
