%Vec Object:dSdr_b_aug_9750 1 MPI processes
%  type: seq
dSdr_b_aug_9750 = [
2.2745824431099222e+03
0.0000000000000000e+00
-6.3603139934709833e-07
-2.6362745697103330e-07
-1.6458167289199736e-07
-1.1723176142234077e-07
-8.7998314258113841e-08
-6.9916480868107256e-08
-5.7659606477244543e-08
-4.8451539529941920e-08
-4.1612245902915136e-08
-3.6368179712964267e-08
-3.2098912724296563e-08
-2.8639926129237855e-08
-2.5803632718926241e-08
-2.3411590745667085e-08
-2.1395357052622165e-08
-1.0969831106699991e-05
-8.0655685510658335e-04
-7.7728202018924667e-04
-7.3547072301787691e-04
-6.9696793771644914e-04
-6.5924808609576840e-04
-6.2166088854735441e-04
-5.7993137905521235e-04
-5.3962804270466717e-04
-5.0097080565858097e-04
-4.6191830115680090e-04
-4.2183376384882126e-04
-3.7896960966883456e-04
-3.4124513205337768e-04
-3.0497521354806440e-04
-2.7072615942366068e-04
-2.3459720814281797e-04
-2.0520657271294539e-04
-1.7962220633818097e-04
-1.5724186229115495e-04
-1.3610657457656055e-04
-1.2009875183511816e-04
-1.0795930403382543e-04
-9.8381937075929011e-05
-9.0667515420099915e-05
-8.5869011594124519e-05
-8.2954476994941503e-05
-8.1376252011083878e-05
-8.1031170143865296e-05
-8.1541998088848492e-05
-8.2559438501744240e-05
-8.4014278969367544e-05
-8.5972342352129918e-05
-8.7696108213994496e-05
-8.9501223405817035e-05
-9.1341645663143602e-05
-9.3116451876835925e-05
-9.4606233088397726e-05
-9.5944407109466935e-05
-9.7234697276088185e-05
-9.8279646120384584e-05
-9.9142100006642392e-05
-9.9845775366761482e-05
-1.0048469124427422e-04
-1.0091322634530956e-04
-1.0118359892237637e-04
-1.0141122799885319e-04
-1.0153305548235475e-04
-1.0152304320097489e-04
-1.0145605948213931e-04
-1.0133107943624008e-04
-1.0111556139499604e-04
-1.0084582661317121e-04
-1.0055991440153750e-04
-1.0021805897551526e-04
-9.9842563131756596e-05
-9.9414286893697554e-05
-9.8985878307396297e-05
-9.8529854721009753e-05
-9.8038134328728817e-05
-9.7557665899798709e-05
-9.7066486831350293e-05
-9.6514295461854382e-05
-9.5995467638476857e-05
-9.5474229214177045e-05
-9.4905937544427008e-05
-9.4375245457174243e-05
-9.3848822547755087e-05
-9.3238435279731236e-05
-9.2708276897174332e-05
-9.2160580116939483e-05
-9.1567880942716533e-05
-9.1038228608449504e-05
-9.0476152878858057e-05
-8.9885887645793183e-05
-8.9352596850115603e-05
-8.8771863267122033e-05
-8.8214277325856337e-05
-8.7690446637375002e-05
-8.7084884793409527e-05
-8.6554053145757148e-05
-8.6018869992668322e-05
-8.5403887129285961e-05
-8.4911547244585002e-05
-8.4349143834064561e-05
-8.3779587520955970e-05
-8.3286186062216783e-05
-8.2676825191843235e-05
-8.2167994968535297e-05
-8.1651736560463725e-05
-8.1065405679840765e-05
-8.0580968215999269e-05
-8.0016846619007797e-05
-7.9481674122768194e-05
-7.8991932679388436e-05
-7.8414442368587248e-05
-7.7933029524096534e-05
-7.7389237352798752e-05
-7.6874490008254156e-05
-7.6364800936580895e-05
-7.5825661457136378e-05
-7.5349778468879785e-05
-7.4789697342099909e-05
-7.4323401783886475e-05
-7.3797786013235047e-05
-7.3280375874281288e-05
-7.2822977486245837e-05
-7.2252625947668344e-05
-7.1817341842558133e-05
-7.1274269623243554e-05
-7.0804118989750489e-05
-7.0308422348778758e-05
-6.9807654620189901e-05
-6.9329923518851507e-05
-6.8825523496622291e-05
-6.8373246006552346e-05
-6.7840516199459873e-05
-6.7414151279573167e-05
-6.6882009546255253e-05
-6.6437836505746183e-05
-6.5942169009922092e-05
-6.5470694392539489e-05
-6.5001707432243465e-05
-6.4525176451990507e-05
-6.4062663558172125e-05
-6.3584506315121129e-05
-6.3132112610361362e-05
-6.2635660243439401e-05
-6.2216325303030961e-05
-6.1698475566735736e-05
-6.1293763356916927e-05
-6.0783161994815759e-05
-6.0371275682566668e-05
-5.9870103234982514e-05
-5.9458662632610422e-05
-5.8950790934941500e-05
-5.8556443025830349e-05
-5.8042448348141298e-05
-5.7650430462690597e-05
-5.7148016431484410e-05
-5.6747297059804188e-05
-5.6253499294576880e-05
-5.5849020777948806e-05
-5.5355454053864285e-05
-5.4961034804310304e-05
-5.4465670124497676e-05
-5.4063880460950676e-05
-5.3594167706739503e-05
-5.3167693503307862e-05
-5.2724564539057936e-05
-5.2280870865141489e-05
-5.1845037240295838e-05
-5.1399668658951180e-05
-5.0971095490527585e-05
-5.0516659931013884e-05
-5.0108762057836460e-05
-4.9630787310308349e-05
-4.9237718835770127e-05
-4.8759745702351415e-05
-4.8354918937078624e-05
-4.7902524151595577e-05
-4.7466954195211122e-05
-4.7048863094712820e-05
-4.6582478699508576e-05
-4.6188439781260717e-05
-4.5706919272154186e-05
-4.5301708250668480e-05
-4.4854397178761459e-05
-4.4421163473577828e-05
-4.3996686414312336e-05
-4.3541158146513153e-05
-4.3138392145307714e-05
-4.2660884986866228e-05
-4.2250342030405026e-05
-4.1803147022952684e-05
-4.1361621368933560e-05
-4.0945391474840922e-05
-4.0469455989793953e-05
-4.0053163618466389e-05
-3.9606928224818609e-05
-3.9158832328468355e-05
-3.8737570682032777e-05
-3.8257938055046349e-05
0.0000000000000000e+00
];
