%Vec Object:dSdr_b_aug_3440 1 MPI processes
%  type: seq
dSdr_b_aug_3440 = [
2.3652172420604884e+03
0.0000000000000000e+00
-1.1571644127825871e-06
-4.7667998120154931e-07
-2.9474417562161102e-07
-2.0873877294719093e-07
-1.5668731505524233e-07
-1.2451907689338954e-07
-1.0271490800814109e-07
-8.6268296388485352e-08
-7.4056097790184191e-08
-6.4695501564052424e-08
-5.7067907511456227e-08
-5.0887902566035399e-08
-4.5821373623227977e-08
-4.1548238873105355e-08
-3.7896030269859258e-08
-3.4779861223734068e-08
-3.2085404615845431e-08
-2.9707099706735761e-08
-2.8837293150519561e-08
-2.2820353256081205e-05
-6.6993577385971348e-04
-6.5693699147336847e-04
-6.1349580329899376e-04
-5.7118738111626411e-04
-5.3064098026065279e-04
-4.8970520633909555e-04
-4.4772331019611144e-04
-4.0288540320127539e-04
-3.6343380687001511e-04
-3.2553196953353359e-04
-2.8976326411243246e-04
-2.5204877615173365e-04
-2.2137664553931413e-04
-1.9468445911258628e-04
-1.7133806254714207e-04
-1.4928881798676109e-04
-1.3258812828126899e-04
-1.1992017586527206e-04
-1.0991427579881096e-04
-1.0184424364242195e-04
-9.6810180924888288e-05
-9.3733513254014991e-05
-9.2044637578395097e-05
-9.1632525806192023e-05
-9.2110241345785531e-05
-9.3113223008824353e-05
-9.4569281821058551e-05
-9.6535974689647931e-05
-9.8265950240892776e-05
-1.0008076168068904e-04
-1.0192627935706945e-04
-1.0369951797950205e-04
-1.0518273088831031e-04
-1.0650633561585371e-04
-1.0777178123486820e-04
-1.0878820324862622e-04
-1.0961740832586884e-04
-1.1027897484242884e-04
-1.1086851800309269e-04
-1.1124682216390645e-04
-1.1146132681455344e-04
-1.1162184426677034e-04
-1.1168219885008815e-04
-1.1160691623074828e-04
-1.1146754838088802e-04
-1.1126792592047880e-04
-1.1098000904689268e-04
-1.1063376748309014e-04
-1.1026632743512569e-04
-1.0984915350618396e-04
-1.0939800714447594e-04
-1.0888006486992194e-04
-1.0837436216766001e-04
-1.0784151155857092e-04
-1.0725872181550163e-04
-1.0670135450114742e-04
-1.0613356656947976e-04
-1.0548806621649891e-04
-1.0489211699375333e-04
-1.0429290938522928e-04
-1.0363394616307951e-04
-1.0302655801004663e-04
-1.0242288525843669e-04
-1.0172098942802581e-04
-1.0111444342730816e-04
-1.0048850990280548e-04
-9.9808089196462910e-05
-9.9203316414965808e-05
-9.8561772700779264e-05
-9.7885861459193140e-05
-9.7278096168131170e-05
-9.6615671157792451e-05
-9.5977718826947638e-05
-9.5380691725187300e-05
-9.4690783425244548e-05
-9.4082797949720132e-05
-9.3474226465795613e-05
-9.2773316180434388e-05
-9.2208635082179603e-05
-9.1570121061092146e-05
-9.0919662809852930e-05
-9.0354902631700214e-05
-8.9663055078379600e-05
-8.9080366166709130e-05
-8.8491111006048975e-05
-8.7823804558784791e-05
-8.7269338628434898e-05
-8.6625672439176639e-05
-8.6015623605254914e-05
-8.5455497896923791e-05
-8.4795942506069071e-05
-8.4246743724758475e-05
-8.3624383925446337e-05
-8.3036896697970280e-05
-8.2455040420344639e-05
-8.1837847230421598e-05
-8.1294044988798329e-05
-8.0654431314136307e-05
-8.0118794506206967e-05
-7.9519360654053655e-05
-7.8927140973446633e-05
-7.8400610592206334e-05
-7.7751236902429770e-05
-7.7249638112597218e-05
-7.6627830541668964e-05
-7.6090415172441387e-05
-7.5518760206557661e-05
-7.4946311909199529e-05
-7.4397694127906303e-05
-7.3817557820252556e-05
-7.3298640640714118e-05
-7.2686270716960840e-05
-7.2195080351898674e-05
-7.1583964980083195e-05
-7.1072298906628534e-05
-7.0501725000222612e-05
-6.9959417907828188e-05
-6.9418395025501830e-05
-6.8868891140144104e-05
-6.8336526829501700e-05
-6.7782911042518589e-05
-6.7262012678557783e-05
-6.6688808982656820e-05
-6.6201823549475995e-05
-6.5606445736265587e-05
-6.5134730727161590e-05
-6.4545772115297913e-05
-6.4068591948269086e-05
-6.3486310173820691e-05
-6.3010149433806402e-05
-6.2420785545343741e-05
-6.1961983008749702e-05
-6.1365975285521539e-05
-6.0909032589885152e-05
-6.0325414950828949e-05
-5.9859002733994513e-05
-5.9284029802584998e-05
-5.8812301251861956e-05
-5.8238322412185376e-05
-5.7775167140229298e-05
-5.7200394806566699e-05
-5.6728639220573828e-05
-5.6179777046646929e-05
-5.5681988845683753e-05
-5.5160842369374111e-05
-5.4643255163256862e-05
-5.4130969005256438e-05
-5.3608871942646313e-05
-5.3105781729500868e-05
-5.2571584678858357e-05
-5.2091630476495271e-05
-5.1529835289808520e-05
-5.1066199929855212e-05
-5.0504222596558322e-05
-5.0026312234431024e-05
-4.9492393726816849e-05
-4.8979312962841677e-05
-4.8482852833475905e-05
-4.7934292836531742e-05
-4.7465650220561998e-05
-4.6896548718073183e-05
-4.6416908536257638e-05
-4.5884172431157897e-05
-4.5371691472392077e-05
-4.4866272305792038e-05
-4.4325249198052059e-05
-4.3845348098911706e-05
-4.3277074009986066e-05
-4.2787684710432140e-05
-4.2254920583320802e-05
-4.1727833864281568e-05
-4.1231030153805816e-05
-4.0661995856527981e-05
-4.0164544078428033e-05
-3.9630483945185160e-05
-3.9092970146019438e-05
-3.8589734406149744e-05
-3.8013428355163728e-05
0.0000000000000000e+00
];
