%Vec Object:dSdr_b_aug_4200 1 MPI processes
%  type: seq
dSdr_b_aug_4200 = [
2.3469482216184501e+03
0.0000000000000000e+00
-1.0203542975895533e-06
-4.2080474199559898e-07
-2.6070062896607157e-07
-1.8482105946862599e-07
-1.3869256811753729e-07
-1.1017992353761934e-07
-9.0853643372941330e-08
-7.6290607285702210e-08
-6.5476620406030361e-08
-5.7187233678297531e-08
-5.0434502109207172e-08
-4.4963557629853732e-08
-4.0478235960083972e-08
-3.6695542891181283e-08
-3.3462774432063348e-08
-3.0704458621324556e-08
-2.8319441687121500e-08
-2.6342890601945368e-08
-5.3028085338044871e-06
-6.6669043947436906e-04
-6.8936668356288963e-04
-6.5087909537071245e-04
-6.0740424458152970e-04
-5.6545225019531708e-04
-5.2524892877626301e-04
-4.8465539787725758e-04
-4.4301831459547477e-04
-3.9853910429491629e-04
-3.5940138305274075e-04
-3.2179611980621167e-04
-2.8630358571514876e-04
-2.4887724263763193e-04
-2.1843800238001141e-04
-1.9194714372091878e-04
-1.6877631104099720e-04
-1.4689316283993391e-04
-1.3031839010657092e-04
-1.1774648456080546e-04
-1.0781846322186302e-04
-9.9813057334060989e-05
-9.4821803527123276e-05
-9.1774600862003361e-05
-9.0105834138392573e-05
-8.9705903976306783e-05
-9.0189637190702559e-05
-9.1195246538989971e-05
-9.2651083986732531e-05
-9.4616208640183164e-05
-9.6345055729226613e-05
-9.8158105080673646e-05
-1.0000269679068706e-04
-1.0177622033507074e-04
-1.0326062695807436e-04
-1.0458687944422127e-04
-1.0585684017630029e-04
-1.0687844649411649e-04
-1.0771369401413723e-04
-1.0838291314898741e-04
-1.0898142909642759e-04
-1.0936886200460164e-04
-1.0959351982482315e-04
-1.0976623379607600e-04
-1.0983776014884427e-04
-1.0977433941038418e-04
-1.0964812619052268e-04
-1.0946206876462534e-04
-1.0918730919093011e-04
-1.0885497147784935e-04
-1.0850234777290380e-04
-1.0809886174302956e-04
-1.0766146361818246e-04
-1.0715981666718355e-04
-1.0666816089721394e-04
-1.0614927233323763e-04
-1.0558303294124978e-04
-1.0503964073110823e-04
-1.0448577519653954e-04
-1.0385723220937891e-04
-1.0327529852785901e-04
-1.0269026053109208e-04
-1.0204777536455077e-04
-1.0145432545436368e-04
-1.0086469158513682e-04
-1.0017942592210899e-04
-9.9586762108216044e-05
-9.8975046818379313e-05
-9.8310568048715202e-05
-9.7719447166219489e-05
-9.7092345443403766e-05
-9.6431998946150976e-05
-9.5837768162356909e-05
-9.5190189216621241e-05
-9.4566842146536008e-05
-9.3983117281496036e-05
-9.3308537552729484e-05
-9.2714573507996187e-05
-9.2119339138025947e-05
-9.1434044737742041e-05
-9.0882510457125979e-05
-9.0257828273908891e-05
-8.9622072599417909e-05
-8.9070280676862692e-05
-8.8393423701079625e-05
-8.7824157372430901e-05
-8.7248168152053644e-05
-8.6595577661696641e-05
-8.6053838234760287e-05
-8.5424627946328766e-05
-8.4828186635482075e-05
-8.4280852090592298e-05
-8.3636210656713993e-05
-8.3099330835525545e-05
-8.2491249389106676e-05
-8.1916981418662721e-05
-8.1348240323316309e-05
-8.0745232089687801e-05
-8.0213773035228914e-05
-7.9588613070444289e-05
-7.9065577873314578e-05
-7.8479559221456501e-05
-7.7900934922196081e-05
-7.7386968122146259e-05
-7.6751955384637516e-05
-7.6262408176500719e-05
-7.5654909436252831e-05
-7.5129718303965792e-05
-7.4571867489780803e-05
-7.4012445932625931e-05
-7.3476710615128033e-05
-7.2910338105984621e-05
-7.2403531569600204e-05
-7.1805634899689091e-05
-7.1326225468088957e-05
-7.0729462227776664e-05
-7.0230061876493604e-05
-6.9673100949504773e-05
-6.9143666465966262e-05
-6.8615734898343412e-05
-6.8079492607966323e-05
-6.7559822613169851e-05
-6.7019920143155426e-05
-6.6511471342651853e-05
-6.5952215904084658e-05
-6.5477524802130000e-05
-6.4896236405222719e-05
-6.4436698017783566e-05
-6.3861979508345233e-05
-6.3396665388264887e-05
-6.2829123857956461e-05
-6.2364724898579071e-05
-6.1790170830317058e-05
-6.1343081819296020e-05
-6.0761978569343304e-05
-6.0316834843497524e-05
-5.9747974571803266e-05
-5.9293500897803185e-05
-5.8733280160261806e-05
-5.8273773140349521e-05
-5.7714407816997535e-05
-5.7263744123433218e-05
-5.6703402754893749e-05
-5.6244362253544014e-05
-5.5709884106975270e-05
-5.5225055971374278e-05
-5.4718087807069463e-05
-5.4213929442323992e-05
-5.3715537174922392e-05
-5.3207384144285474e-05
-5.2717836063092059e-05
-5.2198134225295650e-05
-5.1731274940888141e-05
-5.1184712589515772e-05
-5.0733901439731979e-05
-5.0187190306447032e-05
-4.9722561489531088e-05
-4.9203458355936908e-05
-4.8704463660124272e-05
-4.8222245536206832e-05
-4.7688619287386686e-05
-4.7233534310904691e-05
-4.6680348797518531e-05
-4.6214234415838738e-05
-4.5697022342991674e-05
-4.5198942604861572e-05
-4.4708232537847342e-05
-4.4182745736263260e-05
-4.3716861473032998e-05
-4.3165081253396221e-05
-4.2690019019432506e-05
-4.2172803059773975e-05
-4.1661262068508055e-05
-4.1179096189540985e-05
-4.0626973268020925e-05
-4.0144258202135454e-05
-3.9626135821530099e-05
-3.9104823556344503e-05
-3.8616348777482858e-05
-3.8056887940705849e-05
0.0000000000000000e+00
];
