%Vec Object:dSdr_b_aug_8870 1 MPI processes
%  type: seq
dSdr_b_aug_8870 = [
2.2803537541167257e+03
0.0000000000000000e+00
-6.5886541197683783e-07
-2.7273770967069392e-07
-1.7001215442043262e-07
-1.2093623316172780e-07
-9.0681206247128793e-08
-7.1969627454636754e-08
-5.9286785354752798e-08
-4.9760246709892386e-08
-4.2685141497649509e-08
-3.7260584252075892e-08
-3.2845684506904942e-08
-2.9269213616466523e-08
-2.6336799286147368e-08
-2.3864201398971814e-08
-2.1753173778935950e-08
-7.3217876312441675e-07
-7.2052537605475956e-04
-7.8120287225382477e-04
-7.3951848342036948e-04
-7.0081551318134142e-04
-6.6290167409866028e-04
-6.2512503520549924e-04
-5.8318720863808021e-04
-5.4268845531287523e-04
-5.0384799157441110e-04
-4.6461286087392341e-04
-4.2434433222712201e-04
-3.8128877866060526e-04
-3.4339681834383962e-04
-3.0696864888636133e-04
-2.7257223064942621e-04
-2.3628952618532612e-04
-2.0677462092307336e-04
-1.8108282629000500e-04
-1.5860880189893392e-04
-1.3738488566672328e-04
-1.2130987401786661e-04
-1.0911917591790844e-04
-9.9500253136512097e-05
-9.1751347136745574e-05
-8.6930000665495500e-05
-8.3999743702430958e-05
-8.2410788725956663e-05
-8.2059206879596497e-05
-8.2566823905377308e-05
-8.3582862285933967e-05
-8.5037820963571720e-05
-8.6996721230115566e-05
-8.8721089316960057e-05
-9.0527144830068520e-05
-9.2368061252257668e-05
-9.4142715499707924e-05
-9.5631859810502696e-05
-9.6968621053190738e-05
-9.8256502023723024e-05
-9.9298684589578233e-05
-1.0015791429382309e-04
-1.0085750629172535e-04
-1.0149163441068907e-04
-1.0191529852736063e-04
-1.0218025348680285e-04
-1.0240137461696792e-04
-1.0251724095295291e-04
-1.0250089927587775e-04
-1.0242689631222512e-04
-1.0229467802996971e-04
-1.0207213931706741e-04
-1.0179498550568099e-04
-1.0150116736082476e-04
-1.0115200813450224e-04
-1.0076917629376657e-04
-1.0033220494112420e-04
-9.9896300973634816e-05
-9.9432827300828910e-05
-9.8932275710350215e-05
-9.8444350225733663e-05
-9.7945742225456170e-05
-9.7384502474589268e-05
-9.6858196017085267e-05
-9.6329396746779058e-05
-9.5752312452789662e-05
-9.5214182976367890e-05
-9.4680268976626042e-05
-9.4061007916989417e-05
-9.3523442055631513e-05
-9.2968158482383326e-05
-9.2366952753171106e-05
-9.1830015820142742e-05
-9.1260233900882336e-05
-9.0661663380749467e-05
-9.0121150625362931e-05
-8.9532495239931105e-05
-8.8967115988116197e-05
-8.8436187278163319e-05
-8.7822446167156633e-05
-8.7284132738201954e-05
-8.6741832952646054e-05
-8.6118517512006221e-05
-8.5619162536081851e-05
-8.5049378503803785e-05
-8.4471976939514472e-05
-8.3971655657540548e-05
-8.3354295859403628e-05
-8.2838303384903011e-05
-8.2314966309437603e-05
-8.1720783037217637e-05
-8.1229554747376092e-05
-8.0657719523501487e-05
-8.0115286091718405e-05
-7.9618719319409303e-05
-7.9033270963833782e-05
-7.8545284756048020e-05
-7.7993873695764672e-05
-7.7472072592033451e-05
-7.6955385294845627e-05
-7.6408676761767860e-05
-7.5926207481512824e-05
-7.5358413894467804e-05
-7.4885394149678362e-05
-7.4352620063469315e-05
-7.3827955464614270e-05
-7.3363853181566055e-05
-7.2785838676119643e-05
-7.2344123876535871e-05
-7.1793416501585373e-05
-7.1316743044455872e-05
-7.0813680542163924e-05
-7.0305961775872551e-05
-6.9821356621836914e-05
-6.9309612269139993e-05
-6.8850872566321639e-05
-6.8310419864550003e-05
-6.7877768662797299e-05
-6.7337968664047001e-05
-6.6887250658783211e-05
-6.6384319305336830e-05
-6.5905975888911470e-05
-6.5430003428119336e-05
-6.4946396085465775e-05
-6.4477109526718125e-05
-6.3991634882125297e-05
-6.3532598109601276e-05
-6.3028702975574514e-05
-6.2602807796792017e-05
-6.2077439968952989e-05
-6.1666230327768118e-05
-6.1148030465844872e-05
-6.0729812440905188e-05
-6.0220774616561733e-05
-5.9803057934372323e-05
-5.9287283730713495e-05
-5.8886685486893639e-05
-5.8364737792368932e-05
-5.7966423975061873e-05
-5.7456135417406557e-05
-5.7049045632790720e-05
-5.6547376096043264e-05
-5.6136376158844801e-05
-5.5635011654214193e-05
-5.5233926880353540e-05
-5.4730861820388077e-05
-5.4322287361297504e-05
-5.3844899263187727e-05
-5.3411509532009000e-05
-5.2960814981067022e-05
-5.2509955628377471e-05
-5.2066708168223389e-05
-5.1613898987208991e-05
-5.1178099661856367e-05
-5.0715929372763255e-05
-5.0301043950832989e-05
-4.9814940852530021e-05
-4.9415029246887336e-05
-4.8928909922828393e-05
-4.8516995951849577e-05
-4.8056695486857363e-05
-4.7613608975814179e-05
-4.7187918077214628e-05
-4.6713564726433305e-05
-4.6312291090617349e-05
-4.5822277387725930e-05
-4.5409848495156811e-05
-4.4954253201532173e-05
-4.4513334280549061e-05
-4.4081007564716838e-05
-4.3617188035556065e-05
-4.3206941287857947e-05
-4.2720631259886334e-05
-4.2302441114884829e-05
-4.1846946569420230e-05
-4.1397121518891104e-05
-4.0973074838963628e-05
-4.0488106245378200e-05
-4.0063935360487549e-05
-3.9609168370710413e-05
-3.9152369515968388e-05
-3.8723069234059859e-05
-3.8233587973878432e-05
0.0000000000000000e+00
];
