%Vec Object:dSdr_b_aug_7210 1 MPI processes
%  type: seq
dSdr_b_aug_7210 = [
2.3003260402546671e+03
0.0000000000000000e+00
-7.4958332824170506e-07
-3.1018872688208776e-07
-1.9317123094296966e-07
-1.3738782313948963e-07
-1.0312153638545343e-07
-8.1931587377164746e-08
-6.7568119463477670e-08
-5.6766177781958239e-08
-4.8743713341628763e-08
-4.2593034336929008e-08
-3.7584530126345960e-08
-3.3526632992707190e-08
-3.0199431833346953e-08
-2.7393375620339388e-08
-2.4995214815544903e-08
-2.2983671710483884e-08
-5.9974972934225153e-06
-7.6151543406760016e-04
-7.4789248771072044e-04
-7.0894370032425851e-04
-6.7062168941912535e-04
-6.3244478485792552e-04
-5.9006678434563107e-04
-5.4915511454838050e-04
-5.0992749242189989e-04
-4.7030647218915093e-04
-4.2964916947879454e-04
-3.8618918864708911e-04
-3.4794333706496662e-04
-3.1118078305364345e-04
-2.7647298418152305e-04
-2.3986539898594020e-04
-2.1008791197379853e-04
-1.8416912210896341e-04
-1.6149715067940017e-04
-1.4008596197006483e-04
-1.2386897978046803e-04
-1.1156998945593686e-04
-1.0186325890879291e-04
-9.4041487387211159e-05
-8.9171874331166824e-05
-8.6208395937483170e-05
-8.4596768411069543e-05
-8.4231452032921823e-05
-8.4732284313288408e-05
-8.5745360129962743e-05
-8.7200568519252785e-05
-8.9161237057413612e-05
-9.0886877587662029e-05
-9.2694919945464591e-05
-9.4536880486533893e-05
-9.6311213580468558e-05
-9.7799012074554616e-05
-9.9132788073010982e-05
-1.0041557836945733e-04
-1.0145191574867161e-04
-1.0230433271780166e-04
-1.0299529653356257e-04
-1.0361930808127802e-04
-1.0403267977250400e-04
-1.0428618727122688e-04
-1.0449355707527959e-04
-1.0459682747342154e-04
-1.0456711175081972e-04
-1.0447827709013725e-04
-1.0433076438220533e-04
-1.0409339095932337e-04
-1.0380056070777680e-04
-1.0349003729501679e-04
-1.0312544510963480e-04
-1.0272711227885557e-04
-1.0227176811860000e-04
-1.0182002638305221e-04
-1.0134081065067383e-04
-1.0082159870920712e-04
-1.0031791643985186e-04
-9.9803611081024777e-05
-9.9223252072001424e-05
-9.8681143235665624e-05
-9.8136367873019451e-05
-9.7540704737239951e-05
-9.6986860033656402e-05
-9.6437117336387512e-05
-9.5799105929075999e-05
-9.5245888042035931e-05
-9.4674573552115275e-05
-9.4055393447659306e-05
-9.3503064135441589e-05
-9.2916999014841056e-05
-9.2300879399617519e-05
-9.1745106622113004e-05
-9.1139712445763066e-05
-9.0557865906777481e-05
-9.0011939056989994e-05
-8.9380915132410553e-05
-8.8826792678655604e-05
-8.8269455428694789e-05
-8.7628533230165530e-05
-8.7114355346902544e-05
-8.6528976046498462e-05
-8.5934997457019413e-05
-8.5420054580971191e-05
-8.4785793039110477e-05
-8.4254666720127888e-05
-8.3716372413099893e-05
-8.3105597028853748e-05
-8.2600019717179985e-05
-8.2011885591713092e-05
-8.1454109796199784e-05
-8.0943121097898203e-05
-8.0340857385902747e-05
-7.9838981656452418e-05
-7.9271471876988744e-05
-7.8734766174650913e-05
-7.8203291621862600e-05
-7.7640589672555761e-05
-7.7144203553503146e-05
-7.6560113532366517e-05
-7.6072885577815208e-05
-7.5524985966919265e-05
-7.4984992690480543e-05
-7.4506725074729066e-05
-7.3912518716548047e-05
-7.3457215858215564e-05
-7.2890375396413595e-05
-7.2399919212374318e-05
-7.1881292643339193e-05
-7.1358886333935354e-05
-7.0859756306665495e-05
-7.0332493383458400e-05
-6.9860099026994367e-05
-6.9303327849006146e-05
-6.8857393736957556e-05
-6.8301411824950209e-05
-6.7836864313273261e-05
-6.7318584432280668e-05
-6.6825727248533514e-05
-6.6334994430770008e-05
-6.5836434740649565e-05
-6.5352835435626556e-05
-6.4851899129198971e-05
-6.4378825564346349e-05
-6.3859203872997246e-05
-6.3419446922552579e-05
-6.2878193379238502e-05
-6.2453254680133570e-05
-6.1918999202555656e-05
-6.1487402286538380e-05
-6.0961744938063053e-05
-6.0530766920455552e-05
-5.9998294742220523e-05
-5.9584489566139029e-05
-5.9045737171812560e-05
-5.8634120079837778e-05
-5.8107192677564893e-05
-5.7686642245000722e-05
-5.7168339690512635e-05
-5.6743560032193046e-05
-5.6225718859848910e-05
-5.5810549880728349e-05
-5.5291213968656822e-05
-5.4868303293075066e-05
-5.4374697254230669e-05
-5.3926695080599128e-05
-5.3460014518029662e-05
-5.2994014167190520e-05
-5.2535101361520161e-05
-5.2066570291091260e-05
-5.1615502204151792e-05
-5.1136988550495822e-05
-5.0707338570662711e-05
-5.0204060414170664e-05
-4.9789689437049545e-05
-4.9286357396312464e-05
-4.8859468366702851e-05
-4.8382463434590621e-05
-4.7923494709043779e-05
-4.7481745738943418e-05
-4.6990554333006441e-05
-4.6573994138704134e-05
-4.6066034784614956e-05
-4.5638355076652616e-05
-4.5165255869509058e-05
-4.4708098861842513e-05
-4.4259186757635640e-05
-4.3777848944231053e-05
-4.3351796809936871e-05
-4.2846888144104108e-05
-4.2412541853584171e-05
-4.1939513545848173e-05
-4.1472156232837274e-05
-4.1031598955157973e-05
-4.0527552954673240e-05
-4.0086750351695243e-05
-3.9613984381089278e-05
-3.9138856344547916e-05
-3.8692739497679429e-05
-3.8183346405325448e-05
0.0000000000000000e+00
];
