%Vec Object:dSdr_b_aug_1510 1 MPI processes
%  type: seq
dSdr_b_aug_1510 = [
2.4341112803517717e+03
0.0000000000000000e+00
-1.8874529113828901e-06
-7.7190581618289273e-07
-4.7224993654368730e-07
-3.3214835553188289e-07
-2.4894758448351779e-07
-1.9757059509293770e-07
-1.6275063349390734e-07
-1.3640691101309649e-07
-1.1685226690830493e-07
-1.0186818661790254e-07
-8.9654969322256171e-08
-7.9761246677184208e-08
-7.1651750920601522e-08
-6.4813807610509904e-08
-5.8971134458526769e-08
-5.3986861564560030e-08
-4.9677995766471893e-08
-4.5876450512769802e-08
-4.2546286696830680e-08
-3.9609442142157231e-08
-3.6969557055202845e-08
-3.4769823398485055e-08
-5.6139780753258533e-07
-2.1609378958209569e-04
-5.3987057452251790e-04
-5.0914801834009578e-04
-4.6636876742205412e-04
-4.2014380350779821e-04
-3.7944869831764471e-04
-3.4036929917920499e-04
-3.0350378831490098e-04
-2.6464490551479652e-04
-2.3304782429667278e-04
-2.0555604078761192e-04
-1.8151237125315695e-04
-1.5880345510140283e-04
-1.4160267101098818e-04
-1.2855325687062324e-04
-1.1823805201750206e-04
-1.0991134879144929e-04
-1.0470726522731929e-04
-1.0151357361046769e-04
-9.9744832670630498e-05
-9.9284340015166081e-05
-9.9738155479329010e-05
-1.0073070082107673e-04
-1.0218763865864085e-04
-1.0416055973608443e-04
-1.0589501697643698e-04
-1.0771682663365955e-04
-1.0956602177753633e-04
-1.1133812868649183e-04
-1.1281660051202825e-04
-1.1412968925216296e-04
-1.1537720246657568e-04
-1.1637303430952757e-04
-1.1717824102009258e-04
-1.1780941422354432e-04
-1.1836332119106850e-04
-1.1870536972526585e-04
-1.1887955011861238e-04
-1.1899162788970828e-04
-1.1900761269389933e-04
-1.1888521939421448e-04
-1.1869360617903391e-04
-1.1844010839013543e-04
-1.1809993556328304e-04
-1.1769847303751547e-04
-1.1727218796036494e-04
-1.1680065075864178e-04
-1.1629490149201847e-04
-1.1571224025679197e-04
-1.1515074835476492e-04
-1.1456244568977237e-04
-1.1391392412780152e-04
-1.1330105290091870e-04
-1.1267797039343914e-04
-1.1196512172580006e-04
-1.1131350800142911e-04
-1.1065802398547197e-04
-1.0993361609732346e-04
-1.0927087045190954e-04
-1.0861144050950224e-04
-1.0784349589207182e-04
-1.0718181504067001e-04
-1.0649941201469872e-04
-1.0575567591905908e-04
-1.0509668291072955e-04
-1.0439778102534349e-04
-1.0366005248250283e-04
-1.0299853324395906e-04
-1.0227714528028175e-04
-1.0158118637748228e-04
-1.0093132782120189e-04
-1.0018054023615366e-04
-9.9516866941877201e-05
-9.8855325485673788e-05
-9.8092394815347322e-05
-9.7475499530602156e-05
-9.6782050699838610e-05
-9.6073199410067113e-05
-9.5456934259329095e-05
-9.4705549839075673e-05
-9.4069551539459391e-05
-9.3427609116490304e-05
-9.2701856492666550e-05
-9.2096845739300269e-05
-9.1395766218275786e-05
-9.0731673487450036e-05
-9.0120746152932935e-05
-8.9401958206870559e-05
-8.8803833212697686e-05
-8.8124765237305595e-05
-8.7484776161052860e-05
-8.6850831380612110e-05
-8.6177300952397333e-05
-8.5584476280720455e-05
-8.4887457982364586e-05
-8.4301772384999361e-05
-8.3649058476697292e-05
-8.3002843129648660e-05
-8.2426415000985142e-05
-8.1720005089762511e-05
-8.1170542022037845e-05
-8.0491905238957754e-05
-7.9905939873456679e-05
-7.9279460090651054e-05
-7.8655274560750246e-05
-7.8055492559282285e-05
-7.7420691706448074e-05
-7.6853675688014686e-05
-7.6183823534994971e-05
-7.5645843815210615e-05
-7.4977727269405923e-05
-7.4417346448623115e-05
-7.3792707002872900e-05
-7.3199274843716581e-05
-7.2606258280127065e-05
-7.2004084427015452e-05
-7.1421303168667816e-05
-7.0813223350594341e-05
-7.0242880107412739e-05
-6.9614279292461840e-05
-6.9078465508930250e-05
-6.8427129953886452e-05
-6.7907054098481864e-05
-6.7261539283939328e-05
-6.6737231763207809e-05
-6.6096407421346388e-05
-6.5573533442493158e-05
-6.4925350666914742e-05
-6.4420026552471007e-05
-6.3764824027522725e-05
-6.3261020414221016e-05
-6.2618792235261066e-05
-6.2104964783912605e-05
-6.1471401875430552e-05
-6.0951134186262673e-05
-6.0319116162741952e-05
-5.9806349245929014e-05
-5.9174262774944206e-05
-5.8652007886618937e-05
-5.8046018021026253e-05
-5.7496757578076091e-05
-5.6919300465262502e-05
-5.6348379254663518e-05
-5.5780912114608483e-05
-5.5203434952585816e-05
-5.4646560860556130e-05
-5.4054794688816571e-05
-5.3522832836575048e-05
-5.2900539050649093e-05
-5.2385971274159646e-05
-5.1763362930059411e-05
-5.1232703906547803e-05
-5.0639945029459907e-05
-5.0070920504763159e-05
-4.9517897389557108e-05
-4.8910027194319853e-05
-4.8387539894032492e-05
-4.7755227430953742e-05
-4.7221869411352665e-05
-4.6627479530629559e-05
-4.6057804512615174e-05
-4.5493968943833561e-05
-4.4891244665395265e-05
-4.4355677891921889e-05
-4.3721901369044295e-05
-4.3175616777741225e-05
-4.2581109749070635e-05
-4.1992293024621413e-05
-4.1437370202249359e-05
-4.0801195925810987e-05
-4.0245257109127132e-05
-3.9647973671827580e-05
-3.9046273676855502e-05
-3.8484861961257286e-05
-3.7844035300584598e-05
0.0000000000000000e+00
];
