%Vec Object:dSdr_b_aug_8540 1 MPI processes
%  type: seq
dSdr_b_aug_8540 = [
2.2849677312211629e+03
0.0000000000000000e+00
-6.7597249154662267e-07
-2.7875925150222179e-07
-1.7305260754934431e-07
-1.2259119232150401e-07
-9.1553841178751764e-08
-7.2362933589080253e-08
-5.9357787224167683e-08
-4.9600871812801683e-08
-4.2356534196313296e-08
-3.6802600646512965e-08
-3.2287660793307125e-08
-2.8631671709591650e-08
-2.5634375554769407e-08
-2.3108672365695894e-08
-2.0952478237458406e-08
-8.9408769925785054e-08
-5.1466018935547207e-04
-7.8234505213579443e-04
-7.4102506696182029e-04
-7.0224969072306886e-04
-6.6426356421668098e-04
-6.2641631057553878e-04
-5.8440083292284712e-04
-5.4382923707250248e-04
-5.0492047478781666e-04
-4.6561726937323513e-04
-4.2528015714560653e-04
-3.8215325860910975e-04
-3.4419886837321582e-04
-3.0771171016888291e-04
-2.7326036130050730e-04
-2.3692034464198355e-04
-2.0735911734581257e-04
-1.8162727848439124e-04
-1.5911833407248227e-04
-1.3786138115096553e-04
-1.2176132452848338e-04
-1.0955152264764741e-04
-9.9917109747847392e-05
-9.2155349558228122e-05
-8.7325488400290366e-05
-8.4389370872364796e-05
-8.2796416263181623e-05
-8.2442411543667913e-05
-8.2948831709407758e-05
-8.3964347500553111e-05
-8.5419350265744377e-05
-8.7378562508401975e-05
-8.9103155098936858e-05
-9.0909561141508957e-05
-9.2750661785087455e-05
-9.4525259404279789e-05
-9.6014166323716443e-05
-9.7350400961993420e-05
-9.8637383908032478e-05
-9.9678535344210588e-05
-1.0053656323222311e-04
-1.0123463314979228e-04
-1.0186697662095619e-04
-1.0228882506626163e-04
-1.0255176059368870e-04
-1.0277045586655744e-04
-1.0288410016641870e-04
-1.0286539918655793e-04
-1.0278877977543825e-04
-1.0265386341532590e-04
-1.0242870772237746e-04
-1.0214878844096953e-04
-1.0185202333037347e-04
-1.0150014158572054e-04
-1.0111457522496162e-04
-1.0067436273499720e-04
-1.0023566483590670e-04
-9.9769414115123892e-05
-9.9265570660987207e-05
-9.8774865530237624e-05
-9.8273488366965329e-05
-9.7708875795980653e-05
-9.7179781648451205e-05
-9.6648164043151635e-05
-9.6067802263260450e-05
-9.5526900470691942e-05
-9.4990194137361999e-05
-9.4367625335984112e-05
-9.3827298307405058e-05
-9.3269186726665371e-05
-9.2664810144521149e-05
-9.2125157848081248e-05
-9.1552503415440580e-05
-9.0950837065645492e-05
-9.0407632295600376e-05
-8.9816024025945643e-05
-8.9247739785779613e-05
-8.8714165259491304e-05
-8.8097375292992057e-05
-8.7556272999417872e-05
-8.7011320460010495e-05
-8.6384899016643809e-05
-8.5882929136735678e-05
-8.5310393945040958e-05
-8.4730068026405157e-05
-8.4227167347414712e-05
-8.3606825911153432e-05
-8.3088163673409734e-05
-8.2562187990855521e-05
-8.1965077702318909e-05
-8.1471318099418096e-05
-8.0896607584258912e-05
-8.0351467603817419e-05
-7.9852356657092525e-05
-7.9263941902125309e-05
-7.8773505441046533e-05
-7.8219254403031604e-05
-7.7694823976114151e-05
-7.7175528056062451e-05
-7.6625998121300040e-05
-7.6141073768027373e-05
-7.5570405323592110e-05
-7.5094879104753738e-05
-7.4559436720819788e-05
-7.4032067985893701e-05
-7.3565466792188336e-05
-7.2984595877550838e-05
-7.2540484003746092e-05
-7.1986930586085348e-05
-7.1507825712808300e-05
-7.1002017548174999e-05
-7.0491707746669064e-05
-7.0004540253756610e-05
-6.9490058263838809e-05
-6.9028909736913477e-05
-6.8485578285954867e-05
-6.8050583838687141e-05
-6.7507929181093412e-05
-6.7054771504591914e-05
-6.6549132509057630e-05
-6.6068228710104476e-05
-6.5589652365501244e-05
-6.5103407269505748e-05
-6.4631595788896827e-05
-6.4143393541832286e-05
-6.3681880527359863e-05
-6.3175211059414755e-05
-6.2746870512899990e-05
-6.2218700272608299e-05
-6.1805068674309941e-05
-6.1284036426318672e-05
-6.0863458215443917e-05
-6.0351488524263819e-05
-5.9931432392212814e-05
-5.9412712480145438e-05
-5.9009784381577862e-05
-5.8484872148774679e-05
-5.8084211478383479e-05
-5.7570987638132423e-05
-5.7161523235109452e-05
-5.6656919440371123e-05
-5.6243488593474263e-05
-5.5739217408503218e-05
-5.5335648006670334e-05
-5.4829712569397137e-05
-5.4418609019758676e-05
-5.3938359872774963e-05
-5.3502392315407310e-05
-5.3048877623238254e-05
-5.2595347193813928e-05
-5.2149336152278998e-05
-5.1693753409590691e-05
-5.1255260453014865e-05
-5.0790206955103913e-05
-5.0372716834367802e-05
-4.9883583791506602e-05
-4.9481121306466577e-05
-4.8991965372792955e-05
-4.8577409524992964e-05
-4.8114162081913260e-05
-4.7668273628086469e-05
-4.7239749742368706e-05
-4.6762425780227533e-05
-4.6358455202856737e-05
-4.5865275427143707e-05
-4.5450155812511697e-05
-4.4991472267640546e-05
-4.4547688325618392e-05
-4.4112435226018420e-05
-4.3645524613967603e-05
-4.3232488791626486e-05
-4.2742896697739924e-05
-4.2321855050428800e-05
-4.1863265505937455e-05
-4.1410345011791907e-05
-4.0983381992759043e-05
-4.0495042307599194e-05
-4.0067928207394973e-05
-3.9609969279113372e-05
-3.9149901329763993e-05
-3.8717534176340973e-05
-3.8224006859074261e-05
0.0000000000000000e+00
];
