%Vec Object:dSdr_b_aug_4720 1 MPI processes
%  type: seq
dSdr_b_aug_4720 = [
2.3397026601121984e+03
0.0000000000000000e+00
-9.7162788874979218e-07
-4.0077466098206829e-07
-2.4839925277220634e-07
-1.7611700645215342e-07
-1.3210887881520782e-07
-1.0490554527303648e-07
-8.6467039063733603e-08
-7.2579547665743018e-08
-6.2267262204720844e-08
-5.4362326737253744e-08
-4.7924083762115687e-08
-4.2708203448769837e-08
-3.8432018177230933e-08
-3.4825982555093643e-08
-3.1744482426874719e-08
-2.9115268215008592e-08
-2.6841991057870575e-08
-2.8300048649733818e-08
-8.7430847071593798e-05
-7.1900327185869448e-04
-6.8574957322111091e-04
-6.4685914686958557e-04
-6.0361562240353447e-04
-5.6189077436095774e-04
-5.2190067031495616e-04
-4.8151966604967556e-04
-4.4009669837322769e-04
-3.9584022462796912e-04
-3.5689740746047384e-04
-3.1947630505238539e-04
-2.8415526249064632e-04
-2.4690784606071616e-04
-2.1661322155885857e-04
-1.9024737953057599e-04
-1.6718556512572565e-04
-1.4540555624433757e-04
-1.2890897300451654e-04
-1.1639670878632927e-04
-1.0651704706867991e-04
-9.8551771542425203e-05
-9.3587100365433667e-05
-9.0558194284506393e-05
-8.8901914399144681e-05
-8.8509548504481204e-05
-8.8997018423503651e-05
-9.0004259426581631e-05
-9.1459959381630067e-05
-9.3424110201779633e-05
-9.5152256529794274e-05
-9.6964211665149589e-05
-9.8808228359217298e-05
-1.0058192880380485e-04
-1.0206707665359445e-04
-1.0339497327213531e-04
-1.0466773779699054e-04
-1.0569256344683120e-04
-1.0653156316479935e-04
-1.0720553432699977e-04
-1.0780962193759970e-04
-1.0820272335948487e-04
-1.0843368582372848e-04
-1.0861397328253989e-04
-1.0869243679743403e-04
-1.0863638176036808e-04
-1.0851833703696192e-04
-1.0834070295316613e-04
-1.0807411353483375e-04
-1.0775040955602886e-04
-1.0740698620776120e-04
-1.0701199981597670e-04
-1.0658313879661119e-04
-1.0609161059211283e-04
-1.0560867740645064e-04
-1.0509845871585717e-04
-1.0454249643324755e-04
-1.0400778220595093e-04
-1.0346256192540228e-04
-1.0284454878845909e-04
-1.0227131820028708e-04
-1.0169507896866939e-04
-1.0106282602009865e-04
-1.0047803120473320e-04
-9.9897114923420006e-05
-9.9222175934253866e-05
-9.8638132407052946e-05
-9.8035246076230606e-05
-9.7380666617034257e-05
-9.6798023021783702e-05
-9.6179889202572063e-05
-9.5529207794298098e-05
-9.4943381402650065e-05
-9.4305021274281747e-05
-9.3690743492158741e-05
-9.3115278788470816e-05
-9.2450217495288026e-05
-9.1864960203137135e-05
-9.1278007652374044e-05
-9.0602410098436964e-05
-9.0059039470545118e-05
-8.9442946313743717e-05
-8.8816320363819618e-05
-8.8272581220448870e-05
-8.7605032806440953e-05
-8.7044101376708259e-05
-8.6476349786536531e-05
-8.5832897329560307e-05
-8.5299060563934264e-05
-8.4678826824517386e-05
-8.4090835253576891e-05
-8.3551443521526336e-05
-8.2916063071920533e-05
-8.2386832844199171e-05
-8.1787617697190362e-05
-8.1221558369376899e-05
-8.0660961290521797e-05
-8.0066761361124322e-05
-7.9542966944843414e-05
-7.8926782170023706e-05
-7.8411572082430451e-05
-7.7833883747139825e-05
-7.7263701650098112e-05
-7.6757536345111577e-05
-7.6131441199823752e-05
-7.5649377555567031e-05
-7.5050764042392960e-05
-7.4533163686531302e-05
-7.3983884714021742e-05
-7.3432552256989594e-05
-7.2904816449835519e-05
-7.2346990725400117e-05
-7.1847704429609172e-05
-7.1258795088995132e-05
-7.0786701162001083e-05
-7.0198850039463102e-05
-6.9707066228049888e-05
-6.9158558435255196e-05
-6.8637117345291430e-05
-6.8117314979389642e-05
-6.7589307628700962e-05
-6.7077520315849036e-05
-6.6546133288134689e-05
-6.6045415189094932e-05
-6.5494821082770521e-05
-6.5027764290347074e-05
-6.4455224881183572e-05
-6.4003247711700155e-05
-6.3437371761712109e-05
-6.2979426006647731e-05
-6.2421037605824925e-05
-6.1963942268123000e-05
-6.1398584535469179e-05
-6.0958769183637968e-05
-6.0386921047640779e-05
-5.9949104040968045e-05
-5.9389407539090708e-05
-5.8942347256806392e-05
-5.8391287079738512e-05
-5.7939369179543485e-05
-5.7389078307382546e-05
-5.6946171426621758e-05
-5.6394791157026471e-05
-5.5943646262384979e-05
-5.5418100073747097e-05
-5.4941319674835188e-05
-5.4443155734331742e-05
-5.3947336205684878e-05
-5.3457571556314396e-05
-5.2958077284774639e-05
-5.2476938404381142e-05
-5.1966237600038619e-05
-5.1507509828025927e-05
-5.0970406561245656e-05
-5.0527558843354987e-05
-4.9990327534407271e-05
-4.9533946161207971e-05
-4.9024042935216699e-05
-4.8533795294623754e-05
-4.8060421078146049e-05
-4.7536068308935406e-05
-4.7089402331855741e-05
-4.6546100301005224e-05
-4.6088385232748150e-05
-4.5580813356892004e-05
-4.5091676667130090e-05
-4.4610100923437652e-05
-4.4094262233812025e-05
-4.3637082712866601e-05
-4.3095545608049476e-05
-4.2629381300778530e-05
-4.2121821990472852e-05
-4.1619936834302994e-05
-4.1146864135197252e-05
-4.0605248095096098e-05
-4.0131693049247798e-05
-3.9623483915898994e-05
-3.9112267351539528e-05
-3.8633057461976157e-05
-3.8084582921340947e-05
0.0000000000000000e+00
];
