%Vec Object:dSdr_b_aug_5930 1 MPI processes
%  type: seq
dSdr_b_aug_5930 = [
2.3195597092718876e+03
0.0000000000000000e+00
-8.4958899812937083e-07
-3.5111175543961718e-07
-2.1821913976821148e-07
-1.5501134481289147e-07
-1.1634131045654386e-07
-9.2432382624716074e-08
-7.6226133916584414e-08
-6.4028613595903490e-08
-5.4970266407863094e-08
-4.8025902603648748e-08
-4.2370152082785450e-08
-3.7787886775854311e-08
-3.4030900535217716e-08
-3.0862392240226850e-08
-2.8154472936008445e-08
-2.5843861014342629e-08
-2.4400025145174239e-08
-3.7117665244727852e-05
-7.4739614706544055e-04
-7.1631178462855708e-04
-6.7768985848425816e-04
-6.3914742975769217e-04
-5.9636638289862858e-04
-5.5507660769124991e-04
-5.1549446625351173e-04
-4.7552008858158239e-04
-4.3450678708007004e-04
-3.9067647388846575e-04
-3.5210656555026990e-04
-3.1503781699835628e-04
-2.8004488817873153e-04
-2.4313981105695919e-04
-2.1312187903461697e-04
-1.8699523059449350e-04
-1.6414200021595880e-04
-1.4255932718887322e-04
-1.2621234344646962e-04
-1.1381419062901486e-04
-1.0402705508913624e-04
-9.6138560746596326e-05
-9.1224749959465859e-05
-8.8230850625967057e-05
-8.6598461736579364e-05
-8.6220568512387135e-05
-8.6715187848823437e-05
-8.7725550689884675e-05
-8.9180987699379936e-05
-9.1143275423903768e-05
-9.2870081113811668e-05
-9.4679942806239701e-05
-9.6522859432543451e-05
-9.8296898438207466e-05
-9.9783464565004836e-05
-1.0111450697985044e-04
-1.0239263575986595e-04
-1.0342362071922967e-04
-1.0426979928889844e-04
-1.0495286230836678e-04
-1.0556761014843578e-04
-1.0597155710345186e-04
-1.0621458220532239e-04
-1.0640935997283552e-04
-1.0650109631893387e-04
-1.0645913403459145e-04
-1.0635671804696802e-04
-1.0619520029358778e-04
-1.0594424278521176e-04
-1.0563705767952062e-04
-1.0531123731947362e-04
-1.0493251323487581e-04
-1.0451998620932733e-04
-1.0404781814302548e-04
-1.0358157382671586e-04
-1.0308794315355039e-04
-1.0255164400408822e-04
-1.0203353331036294e-04
-1.0150485394356809e-04
-1.0090698750742929e-04
-1.0035040849664841e-04
-9.9791003890892932e-05
-9.9178328185233605e-05
-9.8610093111831158e-05
-9.8045856140459607e-05
-9.7390675116229320e-05
-9.6823124732870006e-05
-9.6237130797782538e-05
-9.5601491631283571e-05
-9.5035067580107188e-05
-9.4434091998459358e-05
-9.3801902748589050e-05
-9.3232156431069857e-05
-9.2611434612313177e-05
-9.2014509045801974e-05
-9.1454848460626161e-05
-9.0807998734461953e-05
-9.0239400021388478e-05
-8.9668293026789122e-05
-8.9011248392301511e-05
-8.8483497233459742e-05
-8.7883837410775392e-05
-8.7274679308990723e-05
-8.6746347500783844e-05
-8.6096609103256274e-05
-8.5551624786591246e-05
-8.4999634205621386e-05
-8.4373665494230117e-05
-8.3854948843773653e-05
-8.3251889882776509e-05
-8.2680065149497276e-05
-8.2155870354452411e-05
-8.1538208891472944e-05
-8.1023614585766054e-05
-8.0441363277108073e-05
-7.9891009496844132e-05
-7.9345994316663897e-05
-7.8768647263732428e-05
-7.8259517554394141e-05
-7.7660504957516148e-05
-7.7160266605568283e-05
-7.6598516615870892e-05
-7.6044486934404845e-05
-7.5553248183718951e-05
-7.4944215014723819e-05
-7.4476469628899540e-05
-7.3894856168045837e-05
-7.3391779199805904e-05
-7.2858900681149359e-05
-7.2323045051229747e-05
-7.1810614659625706e-05
-7.1269141447693657e-05
-7.0784243583470687e-05
-7.0212529646580593e-05
-6.9754432430739759e-05
-6.9183632810114264e-05
-6.8706421679016943e-05
-6.8174087217384778e-05
-6.7667939839543160e-05
-6.7163691026659539e-05
-6.6651439536629081e-05
-6.6154734111946502e-05
-6.5639639628779046e-05
-6.5153712634371643e-05
-6.4619690202850628e-05
-6.4167240088785452e-05
-6.3611440065145062e-05
-6.3173929728127561e-05
-6.2624972193654142e-05
-6.2181124286393900e-05
-6.1640248512733191e-05
-6.1197127149494713e-05
-6.0649364709765306e-05
-6.0223466005227227e-05
-5.9669325622065648e-05
-5.9245526781812744e-05
-5.8703363264170708e-05
-5.8270486977895904e-05
-5.7736953644342873e-05
-5.7299555959054023e-05
-5.6766627177512519e-05
-5.6338561357402723e-05
-5.5804326301585283e-05
-5.5368288020414995e-05
-5.4859831289645170e-05
-5.4398448572755218e-05
-5.3917129696111129e-05
-5.3437264807319874e-05
-5.2964007321874975e-05
-5.2481079795684811e-05
-5.2016030181331750e-05
-5.1522550992126225e-05
-5.1079381184717881e-05
-5.0560375917435490e-05
-5.0132764574094121e-05
-4.9613670942861187e-05
-4.9173069339064199e-05
-4.8680768223665666e-05
-4.8207256251385665e-05
-4.7750803006866773e-05
-4.7244193103665196e-05
-4.6813635116267013e-05
-4.6289243056324758e-05
-4.5847598300113191e-05
-4.5358470902732168e-05
-4.4886444829871211e-05
-4.4422345653999241e-05
-4.3924966541650957e-05
-4.3484441628935576e-05
-4.2962502455331891e-05
-4.2513362288911738e-05
-4.2024278704478519e-05
-4.1540867602735503e-05
-4.1085192250638529e-05
-4.0563678067374457e-05
-4.0107647347007834e-05
-3.9618402428392794e-05
-3.9126495975502372e-05
-3.8664995582414023e-05
-3.8137449246390025e-05
0.0000000000000000e+00
];
