%Vec Object:dSdr_b_aug_8300 1 MPI processes
%  type: seq
dSdr_b_aug_8300 = [
2.2904142037892225e+03
0.0000000000000000e+00
-7.0114107552698152e-07
-2.8950881005751902e-07
-1.7993793850367247e-07
-1.2765735425978114e-07
-9.5514828172410476e-08
-7.5639848132492906e-08
-6.2170042465756882e-08
-5.2055884502181557e-08
-4.4545680681911257e-08
-3.8787983593757630e-08
-3.4104623470664580e-08
-3.0311600877560159e-08
-2.7201930605815509e-08
-2.4580825545757927e-08
-2.2342280079353311e-08
-2.4589983546593264e-08
-2.1743807833066400e-04
-7.8287662083619989e-04
-7.4208980273962751e-04
-7.0326505538723431e-04
-6.6522776887661592e-04
-6.2733052096147052e-04
-5.8526006713740977e-04
-5.4463689952557396e-04
-5.0567978257290435e-04
-4.6632838097031531e-04
-4.2594271229199693e-04
-3.8276530228427267e-04
-3.4476671233642014e-04
-3.0823779073944576e-04
-2.7374755158522326e-04
-2.3736695853718897e-04
-2.0777293576152093e-04
-1.8201274604653494e-04
-1.5947907873193460e-04
-1.3819873614377093e-04
-1.2208094796997319e-04
-1.0985762082693651e-04
-1.0021224109128324e-04
-9.2441380268408238e-05
-8.7605490781780042e-05
-8.4665224003952746e-05
-8.3069437657503690e-05
-8.2713717522880825e-05
-8.3219290274718803e-05
-8.4234436028266018e-05
-8.5689469957333099e-05
-8.7648903026664755e-05
-8.9373654519084303e-05
-9.1180308690742460e-05
-9.3021539721730391e-05
-9.4796097212251071e-05
-9.6284836027973455e-05
-9.7620697805330260e-05
-9.8907044931000008e-05
-9.9947466312129085e-05
-1.0080464330282233e-04
-1.0150163558132626e-04
-1.0213271551972178e-04
-1.0255327846951087e-04
-1.0281478424243736e-04
-1.0303176201697163e-04
-1.0314383312271396e-04
-1.0312346176648399e-04
-1.0304498992406753e-04
-1.0290816333987124e-04
-1.0268115484003912e-04
-1.0239927762307039e-04
-1.0210042608033364e-04
-1.0174661681052243e-04
-1.0135911442801818e-04
-1.0091660723709700e-04
-1.0047593125434159e-04
-1.0000771440372879e-04
-9.9501540336094615e-05
-9.9008867236724489e-05
-9.8505529527101183e-05
-9.7938529027272398e-05
-9.7407461217028203e-05
-9.6873848252955390e-05
-9.6291166040614529e-05
-9.5748301470619280e-05
-9.5209618187915858e-05
-9.4584707533976626e-05
-9.4042425621868023e-05
-9.3482311835642876e-05
-9.2875690317310999e-05
-9.2334115566521360e-05
-9.1759427419218318e-05
-9.1155569249376766e-05
-9.0610458556114956e-05
-9.0016759670568991e-05
-8.9446418724382923e-05
-8.8910970983207969e-05
-8.8292022454602808e-05
-8.7748945669714575e-05
-8.7202115004099352e-05
-8.6573494539357950e-05
-8.6069673330721981e-05
-8.5495190347581739e-05
-8.4912794021903718e-05
-8.4408067162030043e-05
-8.3785614762738435e-05
-8.3265062366049482e-05
-8.2737218582943362e-05
-8.2138036003416413e-05
-8.1642484263232503e-05
-8.1065738078112202e-05
-8.0518681895829113e-05
-8.0017769706593116e-05
-7.9427254778620886e-05
-7.8935083570541006e-05
-7.8378821865031774e-05
-7.7852529911953184e-05
-7.7331387121540779e-05
-7.6779859671522531e-05
-7.6293197159939358e-05
-7.5720493354681286e-05
-7.5243192586582489e-05
-7.4705861084313455e-05
-7.4176577858128633e-05
-7.3708207470712762e-05
-7.3125314257758666e-05
-7.2679505289911122e-05
-7.2123936913852708e-05
-7.1643110633566874e-05
-7.1135358579325767e-05
-7.0623214362986229e-05
-7.0134232772262473e-05
-6.9617812575631925e-05
-6.9154958638501313e-05
-6.8609589076041899e-05
-6.8172935648358430e-05
-6.7628259935962183e-05
-6.7173375011732309e-05
-6.6665819048687000e-05
-6.6183102540960708e-05
-6.5702682689754773e-05
-6.5214570108592594e-05
-6.4740971026985931e-05
-6.4250837683983746e-05
-6.3787571534890979e-05
-6.3278937887412332e-05
-6.2848866066509109e-05
-6.2318711769421880e-05
-6.1903365473150678e-05
-6.1380327949515795e-05
-6.0958078776390862e-05
-6.0444033380675475e-05
-6.0022320969953506e-05
-5.9501515556644493e-05
-5.9096937975632730e-05
-5.8569926913714858e-05
-5.8167604729839887e-05
-5.7652302777109668e-05
-5.7241157207404222e-05
-5.6734476030215323e-05
-5.6319324168073421e-05
-5.5812995130967599e-05
-5.5407666687876698e-05
-5.4899699107432085e-05
-5.4486805044907920e-05
-5.4004530367074985e-05
-5.3566737801794874e-05
-5.3111226550644923e-05
-5.2655805104222517e-05
-5.2207837559794886e-05
-5.1750291255795304e-05
-5.1309891335880470e-05
-5.0842796665510130e-05
-5.0423462564322906e-05
-4.9932184485074484e-05
-4.9527916148980269e-05
-4.9036610490480511e-05
-4.8620184401500470e-05
-4.8154850731875151e-05
-4.7706978760358562e-05
-4.7276449407821808e-05
-4.6797022580679052e-05
-4.6391142934895138e-05
-4.5895722008176601e-05
-4.5478697848581554e-05
-4.5017828396766121e-05
-4.4572016696070192e-05
-4.4134692526849202e-05
-4.3665594417627895e-05
-4.3250585145829652e-05
-4.2758670897360412e-05
-4.2335612372149700e-05
-4.1874834216209538e-05
-4.1419725787934728e-05
-4.0990703215994040e-05
-4.0499984735287087e-05
-4.0070799763712037e-05
-3.9610604401849426e-05
-3.9148271856052981e-05
-3.8713873738086670e-05
-3.8218228668513668e-05
0.0000000000000000e+00
];
