%Vec Object:dSdr_b_aug_1890 1 MPI processes
%  type: seq
dSdr_b_aug_1890 = [
2.4156004217449895e+03
0.0000000000000000e+00
-1.6491404550117480e-06
-6.7530124035194956e-07
-4.1404939457719885e-07
-2.9152648087793992e-07
-2.1839898823647165e-07
-1.7323360477250868e-07
-1.4262353252926924e-07
-1.1949237084543895e-07
-1.0232177635757893e-07
-8.9163619978023996e-08
-7.8442499988332871e-08
-6.9758003709349270e-08
-6.2639495996135460e-08
-5.6637686069914298e-08
-5.1510010306596909e-08
-4.7135638253024931e-08
-4.3354055589544718e-08
-4.0018091930855659e-08
-3.7095753445394733e-08
-3.4518523828974201e-08
-3.2274740941766819e-08
-4.6767894841486876e-07
-2.5712400061265507e-04
-5.7947902545762596e-04
-5.4604683365043461e-04
-5.0440992445825034e-04
-4.6143815808136744e-04
-4.1555561461501509e-04
-3.7518909830523039e-04
-3.3642269887807668e-04
-2.9984890145355153e-04
-2.6129441522561655e-04
-2.2994336388676228e-04
-2.0266426779040131e-04
-1.7880606828124627e-04
-1.5627262045911578e-04
-1.3920485822564141e-04
-1.2625691044400780e-04
-1.1602397868442695e-04
-1.0776554833355251e-04
-1.0260668927019200e-04
-9.9444125335981792e-05
-9.7696628118813087e-05
-9.7249004552482432e-05
-9.7709177371847308e-05
-9.8704498796228288e-05
-1.0016120290624094e-04
-1.0213246740584430e-04
-1.0386573262380046e-04
-1.0568568087440746e-04
-1.0753389790510665e-04
-1.0930630590714045e-04
-1.1078603888962426e-04
-1.1210192486957755e-04
-1.1335420803949524e-04
-1.1435551678262913e-04
-1.1516710694835302e-04
-1.1580636461813425e-04
-1.1636975062216860e-04
-1.1672144295565903e-04
-1.1690634937524729e-04
-1.1703131182130253e-04
-1.1705909873111868e-04
-1.1694923659576893e-04
-1.1677152031704288e-04
-1.1653235302439814e-04
-1.1620607994982250e-04
-1.1581930584939947e-04
-1.1540867317623999e-04
-1.1495159625974200e-04
-1.1446037101893091e-04
-1.1389492461521473e-04
-1.1334827228566237e-04
-1.1277471951495626e-04
-1.1214368219816573e-04
-1.1154557465895232e-04
-1.1093720015714074e-04
-1.1024226571193197e-04
-1.0960545839100432e-04
-1.0896494354166909e-04
-1.0825794351760078e-04
-1.0760992261319401e-04
-1.0696532375899732e-04
-1.0621494774303700e-04
-1.0556793245499534e-04
-1.0490054999910491e-04
-1.0417365543393320e-04
-1.0352908470012708e-04
-1.0284543976070476e-04
-1.0212415425066145e-04
-1.0147693322735301e-04
-1.0077122904046899e-04
-1.0009069952305103e-04
-9.9454893803989819e-05
-9.8720299726752197e-05
-9.8071439043626382e-05
-9.7423987268506238e-05
-9.6677553630597715e-05
-9.6074546992457692e-05
-9.5395710467654899e-05
-9.4702391341645696e-05
-9.4099826173438061e-05
-9.3364278167368543e-05
-9.2742459812583897e-05
-9.2114531852829443e-05
-9.1404325525730267e-05
-9.0812759359991673e-05
-9.0126951405210918e-05
-8.9477233992457691e-05
-8.8879819552562696e-05
-8.8176787073517991e-05
-8.7591676125508427e-05
-8.6927692147813540e-05
-8.6301668213084446e-05
-8.5681578626284685e-05
-8.5023033527661579e-05
-8.4443248493340465e-05
-8.3761499441171078e-05
-8.3189126485323591e-05
-8.2550584713950246e-05
-8.1918731851135518e-05
-8.1355576186305492e-05
-8.0664337526001071e-05
-8.0127606031270347e-05
-7.9464085434914972e-05
-7.8891034037673275e-05
-7.8279137284232702e-05
-7.7668713505428909e-05
-7.7082540836728014e-05
-7.6462280379739094e-05
-7.5908058320951318e-05
-7.5253496047725932e-05
-7.4727961971544907e-05
-7.4075007346010097e-05
-7.3527584308810188e-05
-7.2917325921491327e-05
-7.2337492672905926e-05
-7.1758306064599351e-05
-7.1170142053209512e-05
-7.0600771346493603e-05
-7.0007178576645396e-05
-6.9449987318175531e-05
-6.8836121743420849e-05
-6.8313295948711902e-05
-6.7676844751934413e-05
-6.7169632528535266e-05
-6.6539161254806337e-05
-6.6027389260374934e-05
-6.5402136814757652e-05
-6.4891688205185696e-05
-6.4259150819302748e-05
-6.3766201087716098e-05
-6.3126743936542894e-05
-6.2635404961324686e-05
-6.2008766738591881e-05
-6.1507551361537460e-05
-6.0889572930665664e-05
-6.0382216257107435e-05
-5.9765636192752363e-05
-5.9266065559711053e-05
-5.8649224176918145e-05
-5.8140401669055237e-05
-5.7549607282814802e-05
-5.7014037997890973e-05
-5.6451559014042059e-05
-5.5894824156124501e-05
-5.5342034640188057e-05
-5.4779288051513162e-05
-5.4236719932715331e-05
-5.3660266564854633e-05
-5.3142138181956153e-05
-5.2535936376068512e-05
-5.2034916013242665e-05
-5.1428434810164310e-05
-5.0911806240814332e-05
-5.0334698127106197e-05
-4.9780553836972697e-05
-4.9242575607295071e-05
-4.8650480962864523e-05
-4.8142315341566391e-05
-4.7526815812235243e-05
-4.7007745495436148e-05
-4.6429754057907517e-05
-4.5875291024652785e-05
-4.5326992313587175e-05
-4.4740678269362959e-05
-4.4219915878790002e-05
-4.3603559604132099e-05
-4.3072404950908198e-05
-4.2494315991605945e-05
-4.1921911952192588e-05
-4.1382438239243503e-05
-4.0764107197550273e-05
-4.0223700170391403e-05
-3.9643187576644429e-05
-3.9058462386884862e-05
-3.8512248582537218e-05
-3.7887111918136263e-05
0.0000000000000000e+00
];
