%Vec Object:dSdr_b_aug_2460 1 MPI processes
%  type: seq
dSdr_b_aug_2460 = [
2.3925319130318585e+03
0.0000000000000000e+00
-1.3985896796829715e-06
-5.7393271968487328e-07
-3.5305104474668858e-07
-2.4907628022180215e-07
-1.8662845723217685e-07
-1.4804927014428931e-07
-1.2190235037672651e-07
-1.0216653381514763e-07
-8.7515109766461517e-08
-7.6286450426210187e-08
-6.7139312151001248e-08
-5.9729727019386131e-08
-5.3655948514881237e-08
-4.8534906748223140e-08
-4.4159652207543223e-08
-4.0427035756497159e-08
-3.7200133554752643e-08
-3.4353329142195992e-08
-3.1859442095757005e-08
-2.9803078018352766e-08
-1.6522965346629693e-06
-4.5896642333488494e-04
-6.2005862984787822e-04
-5.8058603944717135e-04
-5.3957038812788754e-04
-4.9807140168708235e-04
-4.5551843078221499e-04
-4.1008625689603081e-04
-3.7011464018814468e-04
-3.3172144529934345e-04
-2.9549518506885515e-04
-2.5730330473672957e-04
-2.2624532628887905e-04
-1.9921958425267821e-04
-1.7558231713025340e-04
-1.5325788760062978e-04
-1.3634858129482012e-04
-1.2352150044241133e-04
-1.1338657254088771e-04
-1.0520946894939830e-04
-1.0010448135108249e-04
-9.6978996709238925e-05
-9.5256804982740402e-05
-9.4824511018663473e-05
-9.5292256647261584e-05
-9.6290884862539023e-05
-9.7747310472370968e-05
-9.9716601571858021e-05
-1.0144844677612492e-04
-1.0326617764490680e-04
-1.0511322947912318e-04
-1.0688599608230150e-04
-1.0836723130072871e-04
-1.0968644930593535e-04
-1.1094441440721055e-04
-1.1195224719953165e-04
-1.1277144130725263e-04
-1.1342032917041001e-04
-1.1399500658443387e-04
-1.1435818659593592e-04
-1.1455586984709894e-04
-1.1469618051300029e-04
-1.1473802608538766e-04
-1.1464309107053298e-04
-1.1448192882434196e-04
-1.1425983202223196e-04
-1.1395011633683164e-04
-1.1358083909545774e-04
-1.1318885157523221e-04
-1.1274899975885017e-04
-1.1227507554675646e-04
-1.1173013546533558e-04
-1.1120116004583883e-04
-1.1064517736108309e-04
-1.1003496734271298e-04
-1.0945444637761843e-04
-1.0886359211908665e-04
-1.0818999716724501e-04
-1.0757082729801991e-04
-1.0694814378221036e-04
-1.0626188007183620e-04
-1.0563139933805094e-04
-1.0500446726838750e-04
-1.0427501893381555e-04
-1.0364547322443127e-04
-1.0299598323451585e-04
-1.0228915026937673e-04
-1.0166175931508435e-04
-1.0099628841968517e-04
-1.0029458984358523e-04
-9.9664400871379114e-05
-9.8977379219713300e-05
-9.8315229205981868e-05
-9.7696163243988742e-05
-9.6980858895450011e-05
-9.6349643014187477e-05
-9.5718974885732370e-05
-9.4992192536079407e-05
-9.4405730072203933e-05
-9.3744299754592664e-05
-9.3069482580690618e-05
-9.2483236866682900e-05
-9.1766553236959962e-05
-9.1161626069010833e-05
-9.0550392174154186e-05
-8.9858704635826473e-05
-8.9283153698648906e-05
-8.8615537273459288e-05
-8.7982943777803967e-05
-8.7401625934954596e-05
-8.6717361409882385e-05
-8.6147752830134590e-05
-8.5501736951667856e-05
-8.4892348332552594e-05
-8.4288763091898647e-05
-8.3648068559743572e-05
-8.3083816379906267e-05
-8.2420256097298262e-05
-8.1863741199778920e-05
-8.1242081320097729e-05
-8.0627337091427158e-05
-8.0079991626636629e-05
-7.9406825006316794e-05
-7.8885259402377279e-05
-7.8239745254397847e-05
-7.7682077018875672e-05
-7.7087551616870510e-05
-7.6493520881819408e-05
-7.5923559696655773e-05
-7.5320619808100152e-05
-7.4781637960104612e-05
-7.4145289043859203e-05
-7.3634580265404269e-05
-7.2999686573072616e-05
-7.2467698897703392e-05
-7.1874571281286135e-05
-7.1310937108657959e-05
-7.0748224798287049e-05
-7.0176749367314526e-05
-6.9623353366677913e-05
-6.9047017629211545e-05
-6.8505493074295758e-05
-6.7909180181984313e-05
-6.7401825741706268e-05
-6.6783104860997978e-05
-6.6291215861535372e-05
-6.5678664526447206e-05
-6.5181824920279734e-05
-6.4575121796008159e-05
-6.4079474360383636e-05
-6.3465573846994015e-05
-6.2987364559905794e-05
-6.2366663389056503e-05
-6.1890172377247722e-05
-6.1282105008578331e-05
-6.0795913229491360e-05
-6.0196499135292937e-05
-5.9704522168759772e-05
-5.9106331918675887e-05
-5.8622480815906860e-05
-5.8023799511963907e-05
-5.7530977787253366e-05
-5.6958284400747519e-05
-5.6439024172873866e-05
-5.5894387298953193e-05
-5.5354551396452049e-05
-5.4819246051783879e-05
-5.4274046721841662e-05
-5.3748520092561284e-05
-5.3190307571689489e-05
-5.2688657867974175e-05
-5.2101625110070025e-05
-5.1616742725362897e-05
-5.1029472512015865e-05
-5.0529557386503398e-05
-4.9971092876769751e-05
-4.9434674383270217e-05
-4.8914618140011324e-05
-4.8341315925304909e-05
-4.7850210956662157e-05
-4.7254739778920385e-05
-4.6752689871364084e-05
-4.6194233324640979e-05
-4.5657892067322856e-05
-4.5128102376599018e-05
-4.4561338061674861e-05
-4.4058212942592498e-05
-4.3462610595445399e-05
-4.2949482489267999e-05
-4.2390955768188056e-05
-4.1838109454384963e-05
-4.1317048671008858e-05
-4.0719987671251453e-05
-4.0198106843561983e-05
-3.9637616627936280e-05
-3.9073207569446654e-05
-3.8545366811921709e-05
-3.7940353914108231e-05
0.0000000000000000e+00
];
