%Vec Object:dSdr_b_aug_8610 1 MPI processes
%  type: seq
dSdr_b_aug_8610 = [
2.2835991642404119e+03
0.0000000000000000e+00
-6.7100476221696349e-07
-2.7709101484514997e-07
-1.7227264304107848e-07
-1.2222306572357418e-07
-9.1414915173142294e-08
-7.2364284115077985e-08
-5.9453386069149050e-08
-4.9762868428971794e-08
-4.2567255861854653e-08
-3.7050640140203398e-08
-3.2564172658129990e-08
-2.8930757319110883e-08
-2.5951929143774787e-08
-2.3441266392599867e-08
-2.1297524166715129e-08
-1.6168041787261883e-07
-5.8638409387768776e-04
-7.8214141121608438e-04
-7.4071840772027911e-04
-7.0195758008364097e-04
-6.6398617506486168e-04
-6.2615330417690595e-04
-5.8415364246556839e-04
-5.4359688315262528e-04
-5.0470203188927388e-04
-4.6541269190708854e-04
-4.2508954875820871e-04
-3.8197718174054029e-04
-3.4403550720908899e-04
-3.0756036381298410e-04
-2.7312020319781032e-04
-2.3679185987003686e-04
-2.0724006743180320e-04
-1.8151638476552961e-04
-1.5901455285516916e-04
-1.3776432883829735e-04
-1.2166937336941257e-04
-1.0946346254097406e-04
-9.9832204663272294e-05
-9.2073062610229837e-05
-8.7244935718627751e-05
-8.4310011865401115e-05
-8.2717871896312542e-05
-8.2364360662336896e-05
-8.2871024599375501e-05
-8.3886646826657912e-05
-8.5341640607463718e-05
-8.7300789302349399e-05
-8.9025336161835817e-05
-9.0831670804723832e-05
-9.2672733922438607e-05
-9.4447343072231470e-05
-9.5936298340574451e-05
-9.7272640234401274e-05
-9.8559806087037915e-05
-9.9601167540837809e-05
-1.0045944021232365e-04
-1.0115782014437588e-04
-1.0179052710995764e-04
-1.0221274536868531e-04
-1.0247609221159125e-04
-1.0269528158066677e-04
-1.0280937846247193e-04
-1.0279115802340888e-04
-1.0271507152784320e-04
-1.0258070470992062e-04
-1.0235608204137762e-04
-1.0207672602872114e-04
-1.0178056115396977e-04
-1.0142923392983830e-04
-1.0104422453437653e-04
-1.0060467219695153e-04
-1.0016654336392542e-04
-9.9700858270400413e-05
-9.9197685301024172e-05
-9.8707546326713228e-05
-9.8206733184842565e-05
-9.7642807587898340e-05
-9.7114281235319516e-05
-9.6583237666814567e-05
-9.6003543443402213e-05
-9.5463206314574248e-05
-9.4927068722042835e-05
-9.4305173639730726e-05
-9.3765409004136732e-05
-9.3207873430472469e-05
-9.2604142685846180e-05
-9.2065043453054801e-05
-9.1492974092351794e-05
-9.0891938299506446e-05
-9.0349281837610269e-05
-8.9758275009807140e-05
-8.9190582456160429e-05
-8.8657546828303031e-05
-8.8041377851233584e-05
-8.7500843592108900e-05
-8.6956431364428198e-05
-8.6330642549990329e-05
-8.5829205272395511e-05
-8.5257230435953793e-05
-8.4677500149179372e-05
-8.4175124841246837e-05
-8.3555390704632732e-05
-8.3037272243627637e-05
-8.2511833992139736e-05
-8.1915319877760121e-05
-8.1422075852323006e-05
-8.0847950976139368e-05
-8.0303362264992655e-05
-7.9804769515308567e-05
-7.9216958956165827e-05
-7.8727021562396786e-05
-7.8173348970665392e-05
-7.7649454084132127e-05
-7.7130689487987404e-05
-7.6581734215960481e-05
-7.6097309911811247e-05
-7.5527227018018069e-05
-7.5052211317649860e-05
-7.4517312412443698e-05
-7.3990494455739185e-05
-7.3524402240075798e-05
-7.2944113118703760e-05
-7.2500489480980529e-05
-7.1947515745173288e-05
-7.1468906102824717e-05
-7.0963657174684779e-05
-7.0453875115282510e-05
-6.9967229519681462e-05
-6.9453305131846060e-05
-6.8992647234466386e-05
-6.8449902127268891e-05
-6.8015384952612151e-05
-6.7473311732212739e-05
-6.7020650968341059e-05
-6.6515563465753246e-05
-6.6035181166005619e-05
-6.5557135180973548e-05
-6.5071427343175943e-05
-6.4600130139350303e-05
-6.4112483450952325e-05
-6.3651474798406338e-05
-6.3145370407667733e-05
-6.2717527934681312e-05
-6.2189928490787304e-05
-6.1776790197934199e-05
-6.1256334851532635e-05
-6.0836237364803673e-05
-6.0324864837691520e-05
-5.9905285206538890e-05
-5.9387165278031745e-05
-5.8984711726318997e-05
-5.8460403312716048e-05
-5.8060220651664545e-05
-5.7547594672206582e-05
-5.7138613934220919e-05
-5.6634607791961224e-05
-5.6221672075972520e-05
-5.5717992927049909e-05
-5.5314929597991187e-05
-5.4809578803229713e-05
-5.4398990383214305e-05
-5.3919323979511523e-05
-5.3483881479014722e-05
-5.3030941198988564e-05
-5.2577954820793680e-05
-5.2132506672470982e-05
-5.1677488856456231e-05
-5.1239544547117747e-05
-5.0775078310488229e-05
-5.0358118725169617e-05
-4.9869602832832460e-05
-4.9467659923712463e-05
-4.8979122501063079e-05
-4.8565104766878034e-05
-4.8102457582427198e-05
-4.7657139848957252e-05
-4.7229193009542489e-05
-4.6752474128595274e-05
-4.6349052895398320e-05
-4.5856518021794788e-05
-4.5441946495953717e-05
-4.4983892016493296e-05
-4.4540691682300686e-05
-4.4106034701518827e-05
-4.3639753771029995e-05
-4.3227286139100544e-05
-4.2738362679066226e-05
-4.2317902010612566e-05
-4.1859943103009174e-05
-4.1407653430615977e-05
-4.0981284903457555e-05
-4.0493632592375150e-05
-4.0067119191454315e-05
-3.9609812624116204e-05
-3.9150415268370366e-05
-3.8718686126514543e-05
-3.8226053969517680e-05
0.0000000000000000e+00
];
