%Vec Object:dSdr_b_aug_7000 1 MPI processes
%  type: seq
dSdr_b_aug_7000 = [
2.3021394711615922e+03
0.0000000000000000e+00
-7.5824536502705775e-07
-3.1365108294095759e-07
-1.9523659396686926e-07
-1.3880051028450807e-07
-1.0415029764064744e-07
-8.2723665761692322e-08
-6.8200052845611327e-08
-5.7278051119477456e-08
-4.9166663464452876e-08
-4.2947917380116866e-08
-3.7884400423416106e-08
-3.3782098086967628e-08
-3.0418559797429193e-08
-2.7582024417414233e-08
-2.5157983796391578e-08
-2.3104211224956609e-08
-2.6288585756300275e-06
-7.3487998273137189e-04
-7.4899264233410146e-04
-7.1013691282657181e-04
-6.7175615364974725e-04
-6.3352044585555033e-04
-5.9107776066140514e-04
-5.5010541143000091e-04
-5.1082089509607673e-04
-4.7114316711662239e-04
-4.3042873276651452e-04
-3.8690932000278003e-04
-3.4861146292204686e-04
-3.1179976998718759e-04
-2.7704621269309028e-04
-2.4039088518858180e-04
-2.1057481091098313e-04
-1.8462266333934215e-04
-1.6192160298232107e-04
-1.4048289400283434e-04
-1.2424504881107263e-04
-1.1193014462183558e-04
-1.0221051046555821e-04
-9.4378030932270170e-05
-8.9501324911841310e-05
-8.6532964523473681e-05
-8.4918005196721799e-05
-8.4550670490864403e-05
-8.5050505738258720e-05
-8.6063146204282438e-05
-8.7518391297479754e-05
-8.9479319696913434e-05
-9.1205147224061764e-05
-9.3013481562057753e-05
-9.4855595546191734e-05
-9.6629881451420696e-05
-9.8117482178601689e-05
-9.9450819490419241e-05
-1.0073286169998765e-04
-1.0176834011381521e-04
-1.0261975593277517e-04
-1.0330945181209565e-04
-1.0393197669944312e-04
-1.0434383588768718e-04
-1.0459566114692732e-04
-1.0480101015066365e-04
-1.0490242953648379e-04
-1.0487074845587955e-04
-1.0477973423033213e-04
-1.0462997395791919e-04
-1.0439042052717750e-04
-1.0409528657262065e-04
-1.0378230826711855e-04
-1.0341544815891506e-04
-1.0301483740785285e-04
-1.0255679330410807e-04
-1.0210272415749659e-04
-1.0162119507867612e-04
-1.0109924093807003e-04
-1.0059324315824887e-04
-1.0007663102178021e-04
-9.9493462375539269e-05
-9.8949031328387520e-05
-9.8401908227106934e-05
-9.7803514869964655e-05
-9.7247360762676784e-05
-9.6695291986819050e-05
-9.6054525154674140e-05
-9.5499007151505098e-05
-9.4925336866120641e-05
-9.4303515368471513e-05
-9.3748924095947439e-05
-9.3160466105729340e-05
-9.2541767593567871e-05
-9.1983752305992326e-05
-9.1375898309545753e-05
-9.0791631848830993e-05
-9.0243500973376345e-05
-8.9609937282696960e-05
-8.9053491640998071e-05
-8.8493944586431691e-05
-8.7850435017053366e-05
-8.7334078859034145e-05
-8.6746407782101027e-05
-8.6149993142852087e-05
-8.5632901574130615e-05
-8.4996156263978547e-05
-8.4462805975377576e-05
-8.3922313652558936e-05
-8.3309100001362725e-05
-8.2801414052297787e-05
-8.2210884748088053e-05
-8.1650854340221973e-05
-8.1137746290943139e-05
-8.0533011505357888e-05
-8.0029094663450800e-05
-7.9459219122566106e-05
-7.8920323138771353e-05
-7.8386675548432181e-05
-7.7821623312219126e-05
-7.7323192066195798e-05
-7.6736707228585027e-05
-7.6247391329051998e-05
-7.5697268970634939e-05
-7.5155023092645303e-05
-7.4674673832707538e-05
-7.4078088026394108e-05
-7.3620788356107652e-05
-7.3051577081922425e-05
-7.2559095478665645e-05
-7.2038181716546070e-05
-7.1513617022044668e-05
-7.1012352514498078e-05
-7.0482809083816865e-05
-7.0008408128606768e-05
-6.9449238894174874e-05
-6.9001352812155046e-05
-6.8442992911908732e-05
-6.7976413105957646e-05
-6.7455877705358070e-05
-6.6960887672701196e-05
-6.6467985768750711e-05
-6.5967228778680801e-05
-6.5481526165116284e-05
-6.4978317713046166e-05
-6.4503181391733667e-05
-6.3981248627162338e-05
-6.3539454639847311e-05
-6.2995866634140077e-05
-6.2568910400548420e-05
-6.2032295492804885e-05
-6.1598732500072603e-05
-6.1070632852780620e-05
-6.0637706033191833e-05
-6.0102780027069786e-05
-5.9687034043208065e-05
-5.9145812136763496e-05
-5.8732240078544318e-05
-5.8202867536443246e-05
-5.7780339010349062e-05
-5.7259592171502713e-05
-5.6832787529905221e-05
-5.6312525048377333e-05
-5.5895286339982615e-05
-5.5373559362827785e-05
-5.4948541922790439e-05
-5.4452552592983964e-05
-5.4002403060950503e-05
-5.3533373288477295e-05
-5.3065147904242409e-05
-5.2603933009460548e-05
-5.2133091539292453e-05
-5.1679779639839461e-05
-5.1198864255473638e-05
-5.0767044554081816e-05
-5.0261242442625876e-05
-4.9844746587572396e-05
-4.9338885052501177e-05
-4.8909795356849407e-05
-4.8430335612312744e-05
-4.7969032902624223e-05
-4.7524924100340907e-05
-4.7031258234281788e-05
-4.6612451570170146e-05
-4.6101854973644343e-05
-4.5671934027250587e-05
-4.5196262466494901e-05
-4.4736719104368500e-05
-4.4285369585000137e-05
-4.3801457232847839e-05
-4.3373082235254752e-05
-4.2865440170527215e-05
-4.2428719335090009e-05
-4.1953113920039576e-05
-4.1483179543952746e-05
-4.1040195060006952e-05
-4.0533344168809757e-05
-4.0090095188843540e-05
-3.9614680041615600e-05
-3.9136849586900613e-05
-3.8688236467019962e-05
-3.8175783932729440e-05
0.0000000000000000e+00
];
