%Vec Object:dSdr_b_aug_3410 1 MPI processes
%  type: seq
dSdr_b_aug_3410 = [
2.3657563621830759e+03
0.0000000000000000e+00
-1.1614667161957258e-06
-4.7842923538884139e-07
-2.9580443215505973e-07
-2.0948002683799660e-07
-1.5724265032776594e-07
-1.2495970168876670e-07
-1.0307779766507714e-07
-8.6572163928996062e-08
-7.4316167711305313e-08
-6.4922022481823553e-08
-5.7267064364359481e-08
-5.1064893670139185e-08
-4.5980200332587543e-08
-4.1691750361440758e-08
-3.8026456497612149e-08
-3.4899126775628110e-08
-3.2195023617461815e-08
-2.9808202197220322e-08
-2.8673233480600793e-08
-1.8479375613986143e-05
-6.6503450967900733e-04
-6.5716028823719947e-04
-6.1378004131097306e-04
-5.7145625811950193e-04
-5.3089381132824574e-04
-4.8994199129854166e-04
-4.4794392699943459e-04
-4.0308920075163887e-04
-3.6362288684304905e-04
-3.2570714317083099e-04
-2.8992548809752471e-04
-2.5219748904475967e-04
-2.2151443822101589e-04
-1.9481281155018666e-04
-1.7145818280696134e-04
-1.4940114999989840e-04
-1.3269455605659315e-04
-1.2002210001009852e-04
-1.1001254821627639e-04
-1.0193948573960221e-04
-9.6903415716806035e-05
-9.3825366435835062e-05
-9.2135547855102021e-05
-9.1722864890524867e-05
-9.2200298264322384e-05
-9.3203156717895072e-05
-9.4659225912374558e-05
-9.6625992316899242e-05
-9.8356020783865627e-05
-1.0017091484993498e-04
-1.0201647594677550e-04
-1.0378970121106972e-04
-1.0527285814837048e-04
-1.0659633872426624e-04
-1.0786157263141863e-04
-1.0887775155489248e-04
-1.0970667330369245e-04
-1.1036788099135914e-04
-1.1095700342429194e-04
-1.1133487954406040e-04
-1.1154890811828924e-04
-1.1170885368133593e-04
-1.1176868442565770e-04
-1.1169284560188120e-04
-1.1155286091579813e-04
-1.1135260239266143e-04
-1.1106406857496297e-04
-1.1071717506130888e-04
-1.1034904027678368e-04
-1.0993122452388379e-04
-1.0947943350897832e-04
-1.0896072714851043e-04
-1.0845436578719550e-04
-1.0792086049938913e-04
-1.0733729471212965e-04
-1.0677927210668602e-04
-1.0621083135534892e-04
-1.0556453587324542e-04
-1.0496792946328127e-04
-1.0436805744316859e-04
-1.0370832156668180e-04
-1.0310027985090096e-04
-1.0249594881756479e-04
-1.0179327320027907e-04
-1.0118607626525086e-04
-1.0055947604917900e-04
-9.9878307827005322e-05
-9.9272894909352657e-05
-9.8630674011637568e-05
-9.7954032940720075e-05
-9.7345633017966967e-05
-9.6682511877121602e-05
-9.6043874707027921e-05
-9.5446223864708896e-05
-9.4755596809535409e-05
-9.4146953870493961e-05
-9.3537757010591889e-05
-9.2836114497862990e-05
-9.2270816946608001e-05
-9.1631654351747297e-05
-9.0980506697618298e-05
-9.0415138438759541e-05
-8.9722587978204596e-05
-8.9139269682436391e-05
-8.8549392482634008e-05
-8.7881396005052014e-05
-8.7326333329700563e-05
-8.6681989304119588e-05
-8.6071302414238071e-05
-8.5510576928973006e-05
-8.4850322223555566e-05
-8.4300545806870582e-05
-8.3677516496397442e-05
-8.3089409418676387e-05
-8.2506938170854655e-05
-8.1889079849098689e-05
-8.1344698836048423e-05
-8.0704407427697068e-05
-8.0168179730844122e-05
-7.9568116840612565e-05
-7.8975259673236034e-05
-7.8448140186247056e-05
-7.7798093112098736e-05
-7.7295929224104303e-05
-7.6673450712757483e-05
-7.6135462149542297e-05
-7.5563159907568450e-05
-7.4990100786859231e-05
-7.4440878947307934e-05
-7.3860097255661479e-05
-7.3340612208435123e-05
-7.2727563634331695e-05
-7.2235820861592961e-05
-7.1624032518793624e-05
-7.1111791305908945e-05
-7.0540579087245481e-05
-6.9997668398483643e-05
-6.9456031664658140e-05
-6.8905905943330233e-05
-6.8372946396366523e-05
-6.7818687592129183e-05
-6.7297205468183188e-05
-6.6723347738599666e-05
-6.6235785824176081e-05
-6.5639747358245981e-05
-6.5167461387186765e-05
-6.4577835056829811e-05
-6.4100098490540864e-05
-6.3517125545867154e-05
-6.3040413295488849e-05
-6.2450354974226974e-05
-6.1991003189788423e-05
-6.1394296595300608e-05
-6.0936800645160800e-05
-6.0352491032420088e-05
-5.9885519016280868e-05
-5.9309854353526311e-05
-5.8837552733944463e-05
-5.8262888665204675e-05
-5.7799147661567340e-05
-5.7223698658289043e-05
-5.6751346860028831e-05
-5.6201810216979201e-05
-5.5703414316125629e-05
-5.5181603016151362e-05
-5.4663386128673301e-05
-5.4150448482849153e-05
-5.3627697580889883e-05
-5.3123972373023368e-05
-5.2589095637249572e-05
-5.2108527408945506e-05
-5.1546017948817052e-05
-5.1081781255007303e-05
-5.0519088082176646e-05
-5.0040554939915122e-05
-4.9505941729811186e-05
-4.8992200459085618e-05
-4.8495072509472394e-05
-4.7945812254466496e-05
-4.7476533903847827e-05
-4.6906686080792365e-05
-4.6426411650818073e-05
-4.5892947596059203e-05
-4.5379791330608910e-05
-4.4873682413727478e-05
-4.4331930758468866e-05
-4.3851372347307071e-05
-4.3282324780747757e-05
-4.2792263580958193e-05
-4.2258770260558143e-05
-4.1730954408941122e-05
-4.1233464051708162e-05
-4.0663636353973002e-05
-4.0165492874577596e-05
-3.9630684151551206e-05
-3.9092407955992553e-05
-3.8588472449359437e-05
-3.8011335884763483e-05
0.0000000000000000e+00
];
