%Vec Object:dSdr_b_aug_4790 1 MPI processes
%  type: seq
dSdr_b_aug_4790 = [
2.3384699971619984e+03
0.0000000000000000e+00
-9.6319285126599265e-07
-3.9713908586348125e-07
-2.4605558780124245e-07
-1.7437785358759745e-07
-1.3073376754097185e-07
-1.0375588608030830e-07
-8.5470698322437651e-08
-7.1702188750955240e-08
-6.1478609867440818e-08
-5.3641743025024383e-08
-4.7260130693131047e-08
-4.2090476248275271e-08
-3.7852282905851799e-08
-3.4278642444853581e-08
-3.1225193458260126e-08
-2.8619982933182678e-08
-2.6367598216903435e-08
-3.0550769691120548e-08
-1.2556936460992666e-04
-7.1992724109453256e-04
-6.8523097646389162e-04
-6.4635001338686460e-04
-6.0313679249539623e-04
-5.6144067649895458e-04
-5.2147751952205310e-04
-4.8112337425841015e-04
-4.3972746636333727e-04
-3.9549914190436706e-04
-3.5658095657435337e-04
-3.1918312827980974e-04
-2.8388375869257455e-04
-2.4665895487836477e-04
-2.1638260680754097e-04
-1.9003256428702965e-04
-1.6698452752897673e-04
-1.4521755331438840e-04
-1.2873085160274586e-04
-1.1622612481125303e-04
-1.0635257474792833e-04
-9.8392370869379033e-05
-9.3431059190965870e-05
-9.0404465426210942e-05
-8.8749763626995418e-05
-8.8358353708794496e-05
-8.8846295880184349e-05
-8.9853743100935096e-05
-9.1309425690000017e-05
-9.3273453447891797e-05
-9.5001511223379636e-05
-9.6813328081145702e-05
-9.8657272113261259e-05
-1.0043099492191489e-04
-1.0191623645425824e-04
-1.0324434091515689e-04
-1.0451745977573895e-04
-1.0554269227343732e-04
-1.0638216618291556e-04
-1.0705673789647629e-04
-1.0766152965424409e-04
-1.0805534746287560e-04
-1.0828710670728335e-04
-1.0846835130161442e-04
-1.0854769153349017e-04
-1.0849256737165190e-04
-1.0837555497997745e-04
-1.0819898543498234e-04
-1.0793342855773735e-04
-1.0761081570668564e-04
-1.0726855509540092e-04
-1.0687464288413020e-04
-1.0644686078031565e-04
-1.0595661137792543e-04
-1.0547478054832422e-04
-1.0496565755209473e-04
-1.0441099408515750e-04
-1.0387737657698073e-04
-1.0333324887924269e-04
-1.0271656649897391e-04
-1.0214443580318990e-04
-1.0156930855484689e-04
-1.0093834874824072e-04
-1.0035464775907821e-04
-9.9774833201772195e-05
-9.9101199291701264e-05
-9.8518245191556817e-05
-9.7916474659612263e-05
-9.7263146269505819e-05
-9.6681574029029041e-05
-9.6064573568314108e-05
-9.5415113628288128e-05
-9.4830349378877702e-05
-9.4193154319222180e-05
-9.3580022708347147e-05
-9.3005601919049469e-05
-9.2341743559995980e-05
-9.1757586622076052e-05
-9.1171680722716231e-05
-9.0497308650268021e-05
-8.9954969739958595e-05
-8.9339962058192910e-05
-8.8714489915363247e-05
-8.8171768475510623e-05
-8.7505396469858418e-05
-8.6945518397672596e-05
-8.6378807872242972e-05
-8.5736510272299641e-05
-8.5203672238232586e-05
-8.4584572947504980e-05
-8.3997649247467124e-05
-8.3459261321218057e-05
-8.2825051266906824e-05
-8.2296787788046371e-05
-8.1698693156276357e-05
-8.1133671229476756e-05
-8.0574103384186782e-05
-7.9981016640508692e-05
-7.9458190874221780e-05
-7.8843140375912423e-05
-7.8328919218459026e-05
-7.7752283660957513e-05
-7.7183168481678176e-05
-7.6677989122299391e-05
-7.6053020974062519e-05
-7.5571903095380405e-05
-7.4974412488863627e-05
-7.4457771447868662e-05
-7.3909575776476275e-05
-7.3359265611922783e-05
-7.2832540774892351e-05
-7.2275795184639565e-05
-7.1777459289042075e-05
-7.1189685758103025e-05
-7.0718516356717647e-05
-7.0131791538469694e-05
-6.9640970297075926e-05
-6.9093530802330459e-05
-6.8573099908611734e-05
-6.8054324902165931e-05
-6.7527358273858029e-05
-6.7016567165171744e-05
-6.6486256309247969e-05
-6.5986515206861360e-05
-6.5437015709414378e-05
-6.4970923731353056e-05
-6.4399490008477700e-05
-6.3948468415676965e-05
-6.3383709977035644e-05
-6.2926695425517641e-05
-6.2369463785138439e-05
-6.1913291468192302e-05
-6.1349095955699886e-05
-6.0910199837354900e-05
-6.0339521349132207e-05
-5.9902630280857064e-05
-5.9344091881903378e-05
-5.8897968490685993e-05
-5.8348066009954370e-05
-5.7897107208113248e-05
-5.7347963148646563e-05
-5.6906036557893472e-05
-5.6355788774149795e-05
-5.5905641708587974e-05
-5.5381224321283178e-05
-5.4905460975529616e-05
-5.4408409691309074e-05
-5.3913644002319588e-05
-5.3424969687265640e-05
-5.2926569684010903e-05
-5.2446493531154413e-05
-5.1936930247618911e-05
-5.1479230104833631e-05
-5.0943322241970727e-05
-5.0501480905824457e-05
-4.9965447615298031e-05
-4.9510108509472328e-05
-4.9001367917538477e-05
-4.8512225674359644e-05
-4.8039969088911425e-05
-4.7516788231450722e-05
-4.7071186168590916e-05
-4.6529133119818785e-05
-4.6072479451839574e-05
-4.5566125779864690e-05
-4.5078119166368862e-05
-4.4597697643201258e-05
-4.4083078067712157e-05
-4.3626998388805011e-05
-4.3086755473128311e-05
-4.2621715255048871e-05
-4.2115375777189970e-05
-4.1614710134637141e-05
-4.1142785497952341e-05
-4.0602495590577388e-05
-4.0130095374758869e-05
-3.9623133967702684e-05
-3.9113182416439189e-05
-3.8635112807850740e-05
-3.8087863700811347e-05
0.0000000000000000e+00
];
