%Vec Object:dSdr_b_aug_8840 1 MPI processes
%  type: seq
dSdr_b_aug_8840 = [
2.2806565503524280e+03
0.0000000000000000e+00
-6.6003073334610245e-07
-2.7317704714810360e-07
-1.7025657591950094e-07
-1.2108966564289346e-07
-9.0782012130320455e-08
-7.2038103161248646e-08
-5.9333468853189834e-08
-4.9790983340868567e-08
-4.2704124965254364e-08
-3.7270587865026568e-08
-3.2848588780906077e-08
-2.9266437307358980e-08
-2.6329389843517435e-08
-2.3852957088499784e-08
-2.1738500751275134e-08
-6.3448986392576846e-07
-7.1073714252724838e-04
-7.8132807987044237e-04
-7.3966617881389505e-04
-7.0095602321980995e-04
-6.6303510108553119e-04
-6.2525154391787749e-04
-5.8330610972637199e-04
-5.4280021988120414e-04
-5.0395306480509544e-04
-4.6471126469652238e-04
-4.2443601678732559e-04
-3.8137347342038596e-04
-3.4347539672741203e-04
-3.0704144803203387e-04
-2.7263964813852812e-04
-2.3635132869224683e-04
-2.0683188517425704e-04
-1.8113616732477492e-04
-1.5865872176352790e-04
-1.3743156886604309e-04
-1.2135410351487541e-04
-1.0916153378201283e-04
-9.9541093404736177e-05
-9.1790928055735465e-05
-8.6968747383942168e-05
-8.4037916249262221e-05
-8.2448569419938888e-05
-8.2096750198596327e-05
-8.2604249964102216e-05
-8.3620237143939050e-05
-8.5075200139269396e-05
-8.7034130969069337e-05
-8.8758521049489396e-05
-9.0564610903231738e-05
-9.2405545372629334e-05
-9.4180194070891325e-05
-9.5669315122908394e-05
-9.7006024772156520e-05
-9.8293817760593944e-05
-9.9335899303867130e-05
-1.0019501126311434e-04
-1.0089445413920491e-04
-1.0152840741217075e-04
-1.0195189364345943e-04
-1.0221665075475284e-04
-1.0243753421855178e-04
-1.0255318285694709e-04
-1.0253661003404584e-04
-1.0246235073164480e-04
-1.0232986811318067e-04
-1.0210707300940117e-04
-1.0182964825931669e-04
-1.0153554139430173e-04
-1.0118611543737452e-04
-1.0080301569022174e-04
-1.0036572679692906e-04
-9.9929549102387106e-05
-9.9465803356662495e-05
-9.8964929255818178e-05
-9.8476731443759033e-05
-9.7977852143101878e-05
-9.7416281950445308e-05
-9.6889702377452708e-05
-9.6360626989322324e-05
-9.5783221593640438e-05
-9.5244820507962841e-05
-9.4710632937826099e-05
-9.4091047812298789e-05
-9.3553211433986317e-05
-9.2997650795324238e-05
-9.2396134411493723e-05
-9.1858931449014151e-05
-9.1288868104031311e-05
-9.0689994279466484e-05
-9.0149217782166223e-05
-8.9560273096945126e-05
-8.8994609237793117e-05
-8.8463421312076084e-05
-8.7849381498809328e-05
-8.7310794839389147e-05
-8.6768235158400002e-05
-8.6144615416690055e-05
-8.5645004253560771e-05
-8.5074950685032656e-05
-8.4497262616413886e-05
-8.3996688626229864e-05
-8.3379036711574199e-05
-8.2862782675523751e-05
-8.2339187090939921e-05
-8.1744717053615400e-05
-8.1253240766461174e-05
-8.0681123845089561e-05
-8.0138425247846523e-05
-7.9641609218189546e-05
-7.9055870239101979e-05
-7.8567643975608931e-05
-7.8015954677591705e-05
-7.7493895974353437e-05
-7.6976953105714784e-05
-7.6429968154853619e-05
-7.5947258346727173e-05
-7.5379183104760030e-05
-7.4905917796258266e-05
-7.4372882292180354e-05
-7.3847952764313787e-05
-7.3383605658578261e-05
-7.2805311305660373e-05
-7.2363361660514767e-05
-7.1812375453734518e-05
-7.1335463786525454e-05
-7.0832132286876131e-05
-7.0324159672350848e-05
-6.9839303481526727e-05
-6.9327290917748735e-05
-6.8868315218298531e-05
-6.8327580480473840e-05
-6.7894699706975490e-05
-6.7354620032381794e-05
-6.6903663008398853e-05
-6.6400466382649949e-05
-6.5921872121236063e-05
-6.5445644553573256e-05
-6.4961778785811329e-05
-6.4492244856290115e-05
-6.4006502983949992e-05
-6.3547223609965620e-05
-6.3043056669882856e-05
-6.2616921914499532e-05
-6.2091279529766249e-05
-6.1679832605627893e-05
-6.1161355250311040e-05
-6.0742905994336074e-05
-6.0233580930363348e-05
-5.9815635048779949e-05
-5.9299572249506789e-05
-5.8898745746444385e-05
-5.8376507611623889e-05
-5.7977963869836028e-05
-5.7467387738250555e-05
-5.7060065309079433e-05
-5.6558108298939311e-05
-5.6146870202391937e-05
-5.5645220926391798e-05
-5.5243892730501908e-05
-5.4740546456071177e-05
-5.4331724219117624e-05
-5.3854055820731633e-05
-5.3420413537278938e-05
-5.2969442694184981e-05
-5.2518321653669555e-05
-5.2074803443051194e-05
-5.1621722534036832e-05
-5.1185659311891044e-05
-5.0723206553060682e-05
-5.0308065947873803e-05
-4.9821666004643324e-05
-4.9421504489399278e-05
-4.8935087668443616e-05
-4.8522914873852607e-05
-4.8062325694679297e-05
-4.7618964679688728e-05
-4.7192996236675252e-05
-4.6718351859461051e-05
-4.6316814010542980e-05
-4.5826490134804763e-05
-4.5413797642502823e-05
-4.4957899805301595e-05
-4.4516700214506357e-05
-4.4084086821515391e-05
-4.3619964485283099e-05
-4.3209444526525452e-05
-4.2722812999217754e-05
-4.2304343552865450e-05
-4.1848545872386196e-05
-4.1398417676630999e-05
-4.0974085451696579e-05
-4.0488786851504996e-05
-4.0064328047694642e-05
-3.9609249125234913e-05
-3.9152131668598259e-05
-3.8722535639352188e-05
-3.8232683098977342e-05
0.0000000000000000e+00
];
