%Vec Object:dSdr_b_aug_5400 1 MPI processes
%  type: seq
dSdr_b_aug_5400 = [
2.3250657307086012e+03
0.0000000000000000e+00
-8.8123516937930974e-07
-3.6397818655954720e-07
-2.2603178046222309e-07
-1.6046813728084582e-07
-1.2041114271994851e-07
-9.5646284989789650e-08
-7.8860122370618140e-08
-6.6223951623809079e-08
-5.6840169758866673e-08
-4.9646519984732073e-08
-4.3787820600536993e-08
-3.9041257434792293e-08
-3.5149654733683041e-08
-3.1867743647203540e-08
-2.9063034549773829e-08
-2.6669884779733357e-08
-2.4643500250057978e-08
-3.6191765802531889e-06
-6.9815483905958146e-04
-7.1957178468413441e-04
-6.8118275770116430e-04
-6.4246444525821477e-04
-5.9948402612113483e-04
-5.5800713041805853e-04
-5.1824953888162718e-04
-4.7810028603941272e-04
-4.3691080216654292e-04
-3.9289721297289048e-04
-3.5416693024391927e-04
-3.1694664723783361e-04
-2.8181260874508845e-04
-2.4476030405020099e-04
-2.1462337674687759e-04
-1.8839385992184675e-04
-1.6545092520645286e-04
-1.4378338526491614e-04
-1.2737206426655123e-04
-1.1492483632447995e-04
-1.0509790867453023e-04
-9.7176393567958652e-05
-9.2240709604329436e-05
-8.9231755167492002e-05
-8.7589091653743153e-05
-8.7204974283347305e-05
-8.7696518936698987e-05
-8.8705539208614890e-05
-9.0161089253874060e-05
-9.2124178170827986e-05
-9.3851560367231248e-05
-9.5662322365784369e-05
-9.7505712167778819e-05
-9.9279605642329564e-05
-1.0076556188640808e-04
-1.0209525147175788e-04
-1.0337107329539746e-04
-1.0439940937227714e-04
-1.0524250059104754e-04
-1.0592165354549029e-04
-1.0653181682075925e-04
-1.0693109951806191e-04
-1.0716893692974706e-04
-1.0735748295454995e-04
-1.0744351114990064e-04
-1.0739548809626136e-04
-1.0728635076914392e-04
-1.0711790197946674e-04
-1.0686022176592496e-04
-1.0654593250454724e-04
-1.0621254175054479e-04
-1.0582682384941484e-04
-1.0540727217735642e-04
-1.0492677803083318e-04
-1.0445335644875067e-04
-1.0395259188235221e-04
-1.0340783634521366e-04
-1.0288258508506271e-04
-1.0234679208220457e-04
-1.0174026129331592e-04
-1.0117652105387895e-04
-1.0060987649693884e-04
-9.9988781341138103e-05
-9.9413424533826623e-05
-9.8842014406670897e-05
-9.8178336210116992e-05
-9.7603692734018986e-05
-9.7010434002523774e-05
-9.6366649314287456e-05
-9.5793249835355592e-05
-9.5184895128294636e-05
-9.4544753082585869e-05
-9.3968091318026456e-05
-9.3339783912314831e-05
-9.2735395797328925e-05
-9.2168938443325696e-05
-9.1514256593088850e-05
-9.0938493638993671e-05
-9.0360572054607374e-05
-8.9695548492764731e-05
-8.9161079975832267e-05
-8.8554352779802691e-05
-8.7937682396445742e-05
-8.7402724457589487e-05
-8.6745326624341354e-05
-8.6193484038275695e-05
-8.5634715224281425e-05
-8.5001227394150000e-05
-8.4476008135554875e-05
-8.3865562931142724e-05
-8.3286785432690649e-05
-8.2756054991081680e-05
-8.2130773240527083e-05
-8.1609884560056981e-05
-8.1020337725238665e-05
-8.0463229563405468e-05
-7.9911513178419018e-05
-7.9326918319728101e-05
-7.8811481855907878e-05
-7.8205084133242854e-05
-7.7698406984876505e-05
-7.7129802495192625e-05
-7.6568826250017355e-05
-7.6071168133460873e-05
-7.5454797231838460e-05
-7.4980894085642806e-05
-7.4391969523175216e-05
-7.3882646575747866e-05
-7.3342714820542063e-05
-7.2800203171842232e-05
-7.2281190479150554e-05
-7.1732684648022558e-05
-7.1241598843541261e-05
-7.0662489790530638e-05
-7.0198373098668044e-05
-6.9620240248429238e-05
-6.9136761937724567e-05
-6.8597471915077729e-05
-6.8084747267852869e-05
-6.7573809437332616e-05
-6.7054781924309845e-05
-6.6551590327183397e-05
-6.6029489012442723e-05
-6.5537200900333132e-05
-6.4996051592896092e-05
-6.4537319675478968e-05
-6.3974320648924697e-05
-6.3530588650396368e-05
-6.2974355117963976e-05
-6.2524444235032616e-05
-6.1976036913883074e-05
-6.1526905847337671e-05
-6.0971576307475113e-05
-6.0539692552803602e-05
-5.9977936703311506e-05
-5.9548109151904501e-05
-5.8998405327994557e-05
-5.8559429011692700e-05
-5.8018358011007463e-05
-5.7574715698366621e-05
-5.7034320101717021e-05
-5.6599871668018396e-05
-5.6058263065269551e-05
-5.5615727963178671e-05
-5.5099921661038635e-05
-5.4631916941805273e-05
-5.4143353594989477e-05
-5.3656627172446128e-05
-5.3176270530497710e-05
-5.2686218221159875e-05
-5.2214249166908228e-05
-5.1713363552314858e-05
-5.1263502790762550e-05
-5.0736714188455103e-05
-5.0302550185226914e-05
-4.9775656143284803e-05
-4.9328268172096691e-05
-4.8828396958497039e-05
-4.8347687503382298e-05
-4.7883957072358745e-05
-4.7369716501644657e-05
-4.6932230931356602e-05
-4.6399706237458875e-05
-4.5951150056536079e-05
-4.5454090160523655e-05
-4.4974705194624632e-05
-4.4503089693112289e-05
-4.3997771431408999e-05
-4.3550083533484750e-05
-4.3019715435178259e-05
-4.2563253069364976e-05
-4.2066222762047896e-05
-4.1574865280371211e-05
-4.1111706003541842e-05
-4.0581543755577955e-05
-4.0117971583021985e-05
-3.9620561982735504e-05
-3.9120332078429748e-05
-3.8651162389757897e-05
-3.8114333201662748e-05
0.0000000000000000e+00
];
