%Vec Object:dSdr_b_aug_8140 1 MPI processes
%  type: seq
dSdr_b_aug_8140 = [
2.2926721047469809e+03
0.0000000000000000e+00
-7.1254010921353973e-07
-2.9464866127722199e-07
-1.8340197261783308e-07
-1.3032828934344093e-07
-9.7691309346401291e-08
-7.7509095491828394e-08
-6.3829772787258603e-08
-5.3550725426868397e-08
-4.5917219061206714e-08
-4.0064836445953803e-08
-3.5301672129797657e-08
-3.1443224496002765e-08
-2.8279735425451491e-08
-2.5612440405899435e-08
-2.3333583229344072e-08
-2.2761330503630644e-08
-1.2165242982921932e-04
-7.8301576999944352e-04
-7.4288773303475151e-04
-7.0402765908723019e-04
-6.6595196458016511e-04
-6.2801716715513059e-04
-5.8590542176922757e-04
-5.4524351957885937e-04
-5.0625008434584311e-04
-4.6686248349412735e-04
-4.2644034498017940e-04
-3.8322499675762667e-04
-3.4519320923847901e-04
-3.0863291994378210e-04
-2.7411347102819240e-04
-2.3770240181796267e-04
-2.0808374697511473e-04
-1.8230226346775720e-04
-1.5975002732522542e-04
-1.3845211712075516e-04
-1.2232101111248070e-04
-1.1008752539951970e-04
-1.0043390867982640e-04
-9.2656212542616226e-05
-8.7815795291824270e-05
-8.4872412090649754e-05
-8.3274498879751219e-05
-8.2917490329329161e-05
-8.3422426604761257e-05
-8.4437294430274139e-05
-8.5892351766159777e-05
-8.7851950694466072e-05
-8.9576821535300506e-05
-9.1383662072224900e-05
-9.3224991034885829e-05
-9.4999518385699902e-05
-9.6488130942023204e-05
-9.7823712670710248e-05
-9.9109582243807261e-05
-1.0014945529443738e-04
-1.0100599319229270e-04
-1.0170217607647355e-04
-1.0233230699930344e-04
-1.0275190443769159e-04
-1.0301233634902956e-04
-1.0322802414295686e-04
-1.0333891365231532e-04
-1.0331728770791392e-04
-1.0323742453929521e-04
-1.0309916322185992e-04
-1.0287076311370602e-04
-1.0258741532824726e-04
-1.0228699670565782e-04
-1.0193173970804845e-04
-1.0154278321613761e-04
-1.0109855251856133e-04
-1.0065639083447182e-04
-1.0018669726080886e-04
-9.9678772713309005e-05
-9.9184621509808317e-05
-9.8679811270777155e-05
-9.8111017242608216e-05
-9.7578467051478174e-05
-9.7043355411052381e-05
-9.6458930365631625e-05
-9.5914591590496375e-05
-9.5374423458381707e-05
-9.4747753883113968e-05
-9.4204003694872527e-05
-9.3642386089831705e-05
-9.3034078442201428e-05
-9.2491059772176215e-05
-9.1914844140110881e-05
-9.1309339735553386e-05
-9.0762797539283959e-05
-9.0167528431540041e-05
-8.9595642732202718e-05
-8.9058788054646509e-05
-8.8438218270711885e-05
-8.7893658482597639e-05
-8.7345417191811477e-05
-8.6715145083512030e-05
-8.6209933376766407e-05
-8.5633987444150398e-05
-8.5050036074713374e-05
-8.4543937604750045e-05
-8.3919899700837398e-05
-8.3397927641357312e-05
-8.2868680763072304e-05
-8.2267941724781479e-05
-8.1771043944002517e-05
-8.1192768805488650e-05
-8.0644273400070631e-05
-8.0142008331477672e-05
-7.9549916003076132e-05
-7.9056441859174219e-05
-7.8498669979123402e-05
-7.7970979868773117e-05
-7.7448449928788692e-05
-7.6895422182642105e-05
-7.6407454173046653e-05
-7.5833221646573156e-05
-7.5354588047908298e-05
-7.4815837664399251e-05
-7.4285116499829638e-05
-7.3815417304323689e-05
-7.3231005181138197e-05
-7.2783921557872437e-05
-7.2226839784454659e-05
-7.1744720587742168e-05
-7.1235508514564080e-05
-7.0721986503736220e-05
-7.0231642378263185e-05
-6.9713766431020688e-05
-6.9249631592348856e-05
-6.8702731242658487e-05
-6.8264831785974376e-05
-6.7718638097305590e-05
-6.7262455869776966e-05
-6.6753460108461791e-05
-6.6269382109250449e-05
-6.5787577634874366e-05
-6.5298062420691795e-05
-6.4823120705561566e-05
-6.4331536952685160e-05
-6.3866954057112095e-05
-6.3356845151277638e-05
-6.2925473002690304e-05
-6.2393828517803094e-05
-6.1977194344074260e-05
-6.1452650695556634e-05
-6.1029146494040973e-05
-6.0513542075609994e-05
-6.0090585665045102e-05
-5.9568213870899760e-05
-5.9162397394543799e-05
-5.8633809941443665e-05
-5.8230239825921143e-05
-5.7713377041862570e-05
-5.7300968779344815e-05
-5.6792727319123115e-05
-5.6376282834634880e-05
-5.5868408183327831e-05
-5.5461758557237392e-05
-5.4952264672074715e-05
-5.4538025788773385e-05
-5.4054229772575818e-05
-5.3615066477904061e-05
-5.3158055648563301e-05
-5.2701213894515600e-05
-5.2251776857208972e-05
-5.1792755758860063e-05
-5.1350923554220887e-05
-5.0882295797136241e-05
-5.0461576716388109e-05
-4.9968687540074996e-05
-4.9563062862566423e-05
-4.9070142585457550e-05
-4.8652311792684317e-05
-4.8185411196614770e-05
-4.7736049441217191e-05
-4.7304013819080842e-05
-4.6823007568207998e-05
-4.6415694055456379e-05
-4.5918589840525506e-05
-4.5500135210858462e-05
-4.5037623962876426e-05
-4.4590289247695211e-05
-4.4151409533297239e-05
-4.3680668431490363e-05
-4.3264176933178603e-05
-4.2770518550751667e-05
-4.2345945176951234e-05
-4.1883523183340847e-05
-4.1426771421214125e-05
-4.0996201932305192e-05
-4.0503696744074214e-05
-4.0072956316123613e-05
-3.9611081094816874e-05
-3.9147047404956428e-05
-3.8711123166727342e-05
-3.8213883752327146e-05
0.0000000000000000e+00
];
