%Vec Object:dSdr_b_aug_630 1 MPI processes
%  type: seq
dSdr_b_aug_630 = [
2.5043996966405452e+03
0.0000000000000000e+00
-3.2164841338122177e-06
-1.3071606815131831e-06
-7.9172835449756824e-07
-5.5389450999630746e-07
-4.1553988699016451e-07
-3.3017912888085521e-07
-2.7233004051314028e-07
-2.2835789795506952e-07
-1.9572429247889481e-07
-1.7072531345635720e-07
-1.5032590449161815e-07
-1.3379848774835137e-07
-1.2025318340782205e-07
-1.0882953629856516e-07
-9.9066216425680455e-08
-9.0737880542022792e-08
-8.3538263141458834e-08
-7.7185053443969215e-08
-7.1619903390544480e-08
-6.6712366218088908e-08
-6.2300490424012490e-08
-5.8356571791981738e-08
-5.4818412823229337e-08
-5.1607554459955783e-08
-4.8688076364533880e-08
-4.6225616069414214e-08
-9.8062494374196233e-08
-8.6962210932511656e-06
-1.9750361147034652e-04
-3.2899006709983944e-04
-3.1290960903747274e-04
-2.7631800552663515e-04
-2.4443140167070926e-04
-2.1628430126351055e-04
-1.9158476760846276e-04
-1.6823280714185320e-04
-1.5053988687137475e-04
-1.3711361843687705e-04
-1.2649227661887179e-04
-1.1791131249340030e-04
-1.1253875550989859e-04
-1.0922908172335421e-04
-1.0738117660515756e-04
-1.0687272615104364e-04
-1.0730285231305992e-04
-1.0828505514000523e-04
-1.0974286882790131e-04
-1.1172196864888447e-04
-1.1346087148219587e-04
-1.1528962170066344e-04
-1.1714246376434700e-04
-1.1891344803751160e-04
-1.2038721765606504e-04
-1.2168987708911732e-04
-1.2291960602146362e-04
-1.2389501784886088e-04
-1.2467642461042326e-04
-1.2527745594210606e-04
-1.2579602162891617e-04
-1.2610211460817829e-04
-1.2623630456210579e-04
-1.2630034374871719e-04
-1.2627232615788710e-04
-1.2610321230557597e-04
-1.2585978649739572e-04
-1.2555285967111849e-04
-1.2516086377323263e-04
-1.2470463775148905e-04
-1.2421999515443071e-04
-1.2369454505364746e-04
-1.2313464524923913e-04
-1.2248780126927482e-04
-1.2187098237940095e-04
-1.2122768708207611e-04
-1.2051397832944688e-04
-1.1984606305359513e-04
-1.1916814410360967e-04
-1.1838850516151812e-04
-1.1768168814327090e-04
-1.1697039400301904e-04
-1.1618108372308324e-04
-1.1546343925967607e-04
-1.1474871411650698e-04
-1.1391526800364067e-04
-1.1319890913954778e-04
-1.1246050451499515e-04
-1.1165397767513635e-04
-1.1094121370564942e-04
-1.1018542892507305e-04
-1.0938639528541050e-04
-1.0867156743215931e-04
-1.0789170502590644e-04
-1.0713822013932981e-04
-1.0643596782951645e-04
-1.0562480536629843e-04
-1.0490590563560641e-04
-1.0419183306851225e-04
-1.0336739588963631e-04
-1.0269871902217109e-04
-1.0195079065263226e-04
-1.0118403037178810e-04
-1.0051668720797744e-04
-9.9706259453089327e-05
-9.9017393683994412e-05
-9.8323200763268681e-05
-9.7539486461081353e-05
-9.6884349895867504e-05
-9.6126332984511445e-05
-9.5408644374129635e-05
-9.4747336559712275e-05
-9.3969807085013778e-05
-9.3323161486024965e-05
-9.2587855443200867e-05
-9.1895799766758801e-05
-9.1210198309066816e-05
-9.0480797685210584e-05
-8.9839357002356095e-05
-8.9085409976513260e-05
-8.8450090520778517e-05
-8.7744538273709600e-05
-8.7044774934756124e-05
-8.6418862797116492e-05
-8.5655889578256387e-05
-8.5058959130425403e-05
-8.4323964346632644e-05
-8.3689851582960173e-05
-8.3009001595564356e-05
-8.2333507864841069e-05
-8.1682985933669079e-05
-8.0993973847631281e-05
-8.0379257893047179e-05
-7.9652400198426931e-05
-7.9068019193598746e-05
-7.8343374197573418e-05
-7.7734682681780137e-05
-7.7056426113420023e-05
-7.6412292946151467e-05
-7.5767713973372714e-05
-7.5113307046341935e-05
-7.4480527076823747e-05
-7.3818435025316175e-05
-7.3199057118379743e-05
-7.2515518756830318e-05
-7.1931281767114265e-05
-7.1224452736916785e-05
-7.0656417350699948e-05
-6.9954815611413817e-05
-6.9383771884767349e-05
-6.8684890774943738e-05
-6.8115691335168712e-05
-6.7409177832581957e-05
-6.6857718400542898e-05
-6.6143812431864344e-05
-6.5593537059020852e-05
-6.4893184949088275e-05
-6.4332336118695451e-05
-6.3640669781793647e-05
-6.3072266245084229e-05
-6.2382691155244731e-05
-6.1820724915906207e-05
-6.1131800577414699e-05
-6.0559466242479006e-05
-5.9896823599090983e-05
-5.9296519054692236e-05
-5.8663219679418303e-05
-5.8039408305978117e-05
-5.7417219488986132e-05
-5.6784823362956906e-05
-5.6174613489780611e-05
-5.5525757905571833e-05
-5.4942222249921121e-05
-5.4259934418881785e-05
-5.3694859779654303e-05
-5.3012126807398742e-05
-5.2429160574936461e-05
-5.1778053834620502e-05
-5.1153554654894072e-05
-5.0544443516367691e-05
-4.9877761783411007e-05
-4.9301884146036042e-05
-4.8606894110382468e-05
-4.8020274449165486e-05
-4.7364754837859260e-05
-4.6738375334148505e-05
-4.6116626303469058e-05
-4.5452735349591431e-05
-4.4861992893822264e-05
-4.4163293494033883e-05
-4.3560632505567205e-05
-4.2904957748691330e-05
-4.2255010251704279e-05
-4.1642575972624736e-05
-4.0940010655897793e-05
-4.0326383578972838e-05
-3.9666972274614460e-05
-3.9002836487787345e-05
-3.8387160475445151e-05
-3.7700616933315213e-05
0.0000000000000000e+00
];
