%Vec Object:dSdr_b_aug_910 1 MPI processes
%  type: seq
dSdr_b_aug_910 = [
2.4747760008146206e+03
0.0000000000000000e+00
-2.5610194652287268e-06
-1.0441884566890663e-06
-6.3554912980166715e-07
-4.4588859304780438e-07
-3.3455858859813730e-07
-2.6584371644491574e-07
-2.1927354155167313e-07
-1.8393991108297155e-07
-1.5771423171593675e-07
-1.3762148887180327e-07
-1.2123074458664756e-07
-1.0795103616161574e-07
-9.7066713511402808e-08
-8.7887128357947944e-08
-8.0041616628458682e-08
-7.3348884099818234e-08
-6.7562923465123837e-08
-6.2456828587428029e-08
-5.7983919187110216e-08
-5.4039428883396259e-08
-5.0492976186030365e-08
-4.7322558584019845e-08
-4.4478280316154008e-08
-4.1946037014765954e-08
-8.4234406380832024e-08
-1.9721339893843776e-05
-3.6159892475116857e-04
-4.2166430763100783e-04
-3.8791743277162680e-04
-3.4889876131223590e-04
-3.1148905282017507e-04
-2.7197893695724278e-04
-2.3984595585609101e-04
-2.1188902530557696e-04
-1.8743933372796358e-04
-1.6434618195777442e-04
-1.4685408753655795e-04
-1.3358246049045906e-04
-1.2308707336696444e-04
-1.1461084790392583e-04
-1.0930771925184483e-04
-1.0604585543029682e-04
-1.0423058883041534e-04
-1.0374191158636294e-04
-1.0418180367591919e-04
-1.0516826892025750e-04
-1.0662571839711708e-04
-1.0860226727729227e-04
-1.1033933491794207e-04
-1.1216522099558417e-04
-1.1401655807924807e-04
-1.1578800536730709e-04
-1.1726371496281011e-04
-1.1857067732824984e-04
-1.1980774375693587e-04
-1.2079158055314151e-04
-1.2158280679307682e-04
-1.2219627416966346e-04
-1.2272942108587892e-04
-1.2305034873166465e-04
-1.2320103807107101e-04
-1.2328489716224129e-04
-1.2327503421413367e-04
-1.2312519646567245e-04
-1.2290314764324903e-04
-1.2261826471688162e-04
-1.2224765012422629e-04
-1.2181401857303254e-04
-1.2135345327479074e-04
-1.2085024670004048e-04
-1.2031268846602695e-04
-1.1969232516356692e-04
-1.1909833322395761e-04
-1.1847772692606788e-04
-1.1779091326486308e-04
-1.1714570820016350e-04
-1.1649041380701894e-04
-1.1573833135589083e-04
-1.1505429024827257e-04
-1.1436602238571505e-04
-1.1360348968923995e-04
-1.1290849551245752e-04
-1.1221658419691710e-04
-1.1141016284461104e-04
-1.1071636316520886e-04
-1.1000106381408349e-04
-1.0922044332535383e-04
-1.0852986430628638e-04
-1.0779754840413769e-04
-1.0702380815628700e-04
-1.0633097448073208e-04
-1.0557523758067325e-04
-1.0484548688208617e-04
-1.0416485129592952e-04
-1.0337859842393737e-04
-1.0268248413025408e-04
-1.0199008495794040e-04
-1.0119102426145546e-04
-1.0054371154672398e-04
-9.9818260442368205e-05
-9.9075392340094518e-05
-9.8429123015250630e-05
-9.7643055446926578e-05
-9.6976001811417323e-05
-9.6303366472446522e-05
-9.5543566080607767e-05
-9.4909110490933442e-05
-9.4174584920640538e-05
-9.3479009004612151e-05
-9.2838487269125624e-05
-9.2085193491426749e-05
-9.1458566621002089e-05
-9.0746463393134779e-05
-9.0075889459568018e-05
-8.9411600618681758e-05
-8.8705251034141444e-05
-8.8083868445212461e-05
-8.7353409190958639e-05
-8.6738567775825604e-05
-8.6054815681055251e-05
-8.5377145271113938e-05
-8.4771649322125831e-05
-8.4032013082205293e-05
-8.3454666796183363e-05
-8.2742924283486650e-05
-8.2128676242695085e-05
-8.1470258395785038e-05
-8.0815933476040285e-05
-8.0186345896364009e-05
-7.9519700358137989e-05
-7.8924664505826550e-05
-7.8221326237139973e-05
-7.7656089532026883e-05
-7.6954767119712203e-05
-7.6366007688437540e-05
-7.5709872539122364e-05
-7.5086657652863312e-05
-7.4463352357473746e-05
-7.3830495810072621e-05
-7.3218344360012811e-05
-7.2578536732562321e-05
-7.1979389591441217e-05
-7.1318517415946294e-05
-7.0754258910905296e-05
-7.0070325426577828e-05
-6.9522077214238343e-05
-6.8843615860657642e-05
-6.8291854578877824e-05
-6.7616926568772200e-05
-6.7066840099413576e-05
-6.6384392717253716e-05
-6.5851967796351838e-05
-6.5162281713450010e-05
-6.4631179650275598e-05
-6.3954808316940391e-05
-6.3413359545303833e-05
-6.2745665511037090e-05
-6.2197121826628308e-05
-6.1531293602131557e-05
-6.0989625966180394e-05
-6.0324151743062398e-05
-5.9772479111087002e-05
-5.9133210192335418e-05
-5.8553965320305305e-05
-5.7943705234311545e-05
-5.7341715148215744e-05
-5.6742103247153638e-05
-5.6132365409780969e-05
-5.5544160606497471e-05
-5.4918858740412640e-05
-5.4356601130401546e-05
-5.3699065339728882e-05
-5.3154828461398265e-05
-5.2496901306230442e-05
-5.1935515510097781e-05
-5.1308481394107334e-05
-5.0706869322238312e-05
-5.0120898257413636e-05
-4.9478480144297683e-05
-4.8924629302814369e-05
-4.8255497615616198e-05
-4.7690851256875400e-05
-4.7060550895297330e-05
-4.6457564524805143e-05
-4.5859706986206363e-05
-4.5221049148036552e-05
-4.4653067277527185e-05
-4.3981148875160095e-05
-4.3401741299638854e-05
-4.2771294560991695e-05
-4.2146556516379129e-05
-4.1557833159860922e-05
-4.0882633167409053e-05
-4.0292764096594482e-05
-3.9658907065143711e-05
-3.9020363491104853e-05
-3.8426603707868013e-05
-3.7756405340769625e-05
0.0000000000000000e+00
];
