%Vec Object:dSdr_b_aug_1550 1 MPI processes
%  type: seq
dSdr_b_aug_1550 = [
2.4313574315632741e+03
0.0000000000000000e+00
-1.8497114443670980e-06
-7.5653434630561695e-07
-4.6294416959342972e-07
-3.2561679497151089e-07
-2.4400577632787656e-07
-1.9360922268153198e-07
-1.5945387779173186e-07
-1.3361872364268429e-07
-1.1444162067263847e-07
-9.9746704044811244e-08
-8.7770274194264928e-08
-7.8068583220186418e-08
-7.0116487681111604e-08
-6.3411489701679657e-08
-5.7682648945139216e-08
-5.2795494648539050e-08
-4.8570623775560235e-08
-4.4843368637438309e-08
-4.1578289265598112e-08
-3.8698833210201917e-08
-3.6110719914038704e-08
-3.4291603035208529e-08
-1.6619400211644920e-06
-3.2690192466331184e-04
-5.4342594114927022e-04
-5.0874407486128828e-04
-4.6581206958760848e-04
-4.1961791539900264e-04
-3.7895983566297767e-04
-3.3991629382796337e-04
-3.0308425836467852e-04
-2.6426031457311831e-04
-2.3269147392836773e-04
-2.0522410396742340e-04
-1.8120172384636067e-04
-1.5851294905858262e-04
-1.4132743406296139e-04
-1.2828966688104300e-04
-1.1798390586390361e-04
-1.0966503944168471e-04
-1.0446614704770631e-04
-1.0127602848183027e-04
-9.9509726051277245e-05
-9.9050710613080419e-05
-9.9505255836888679e-05
-1.0049811985665314e-04
-1.0195503088671461e-04
-1.0392776183236982e-04
-1.0566208226370613e-04
-1.0748367827473602e-04
-1.0933276116136758e-04
-1.1110490264739010e-04
-1.1258351925095547e-04
-1.1389692908953566e-04
-1.1514498984251260e-04
-1.1614145037073392e-04
-1.1694738982590889e-04
-1.1757949102620873e-04
-1.1813448606776642e-04
-1.1847764158787962e-04
-1.1865305319154630e-04
-1.1876660995600993e-04
-1.1878394948894300e-04
-1.1866299460366281e-04
-1.1847297657449467e-04
-1.1822112373814949e-04
-1.1788254642001844e-04
-1.1748276993161140e-04
-1.1705828154327074e-04
-1.1658840419105911e-04
-1.1608432209028003e-04
-1.1550363688868518e-04
-1.1494384837268372e-04
-1.1435723879956594e-04
-1.1371072419580142e-04
-1.1309954764378635e-04
-1.1247815341954933e-04
-1.1176736106524387e-04
-1.1111744691854818e-04
-1.1046368116318138e-04
-1.0974127146488022e-04
-1.0908021602311656e-04
-1.0842248848810538e-04
-1.0765656050547476e-04
-1.0699656305970406e-04
-1.0631588418940836e-04
-1.0557408127101889e-04
-1.0491674374234524e-04
-1.0421959315587683e-04
-1.0348375207332081e-04
-1.0282387407843108e-04
-1.0210428640186065e-04
-1.0141009858548951e-04
-1.0076185310660456e-04
-1.0001292431867973e-04
-9.9350951313352382e-05
-9.8691027163470631e-05
-9.7929990130674611e-05
-9.7314689076157229e-05
-9.6622917539787283e-05
-9.5915849129499630e-05
-9.5301156548711319e-05
-9.4551589931626712e-05
-9.3917219294991239e-05
-9.3276885539864344e-05
-9.2552917417487807e-05
-9.1949449917875915e-05
-9.1250123362861019e-05
-9.0587680720846097e-05
-8.9978304480580368e-05
-8.9261325045481604e-05
-8.8664693884432907e-05
-8.7987357344285994e-05
-8.7348971273723671e-05
-8.6716616878369988e-05
-8.6044806559407619e-05
-8.5453478657888753e-05
-8.4758213058261101e-05
-8.4174055567994593e-05
-8.3522968425012102e-05
-8.2878401692449867e-05
-8.2303497058661010e-05
-8.1598828597059144e-05
-8.1050826937030304e-05
-8.0373925282666361e-05
-7.9789442261001765e-05
-7.9164636407431815e-05
-7.8542030534991278e-05
-7.7943810695263262e-05
-7.7310678877349508e-05
-7.6745131426526303e-05
-7.6077034338554281e-05
-7.5540483204043562e-05
-7.4874107034801868e-05
-7.4315213585488132e-05
-7.3692224883494244e-05
-7.3100353687907956e-05
-7.2508924608368809e-05
-7.1908358887496290e-05
-7.1327116970724424e-05
-7.0720700061041675e-05
-7.0151866478743559e-05
-6.9524957060413525e-05
-6.8990634112504369e-05
-6.8341007069852084e-05
-6.7822407774690847e-05
-6.7178619743504345e-05
-6.6655751119795665e-05
-6.6016714208214406e-05
-6.5495266480578200e-05
-6.4848879569875918e-05
-6.4344975852711320e-05
-6.3691580667828772e-05
-6.3189207810177521e-05
-6.2548769129584401e-05
-6.2036389355504544e-05
-6.1404615314314891e-05
-6.0885829614398864e-05
-6.0255583637180378e-05
-5.9744331451721215e-05
-5.9113994884826697e-05
-5.8593281825012837e-05
-5.7989036165317841e-05
-5.7441347250631422e-05
-5.6865609390224851e-05
-5.6296316544099571e-05
-5.5730534156727235e-05
-5.5154747821655235e-05
-5.4599515814388032e-05
-5.4009507293206077e-05
-5.3479133279322746e-05
-5.2858686571537322e-05
-5.2345673785757251e-05
-5.1724916541246478e-05
-5.1195867938108327e-05
-5.0604905459709467e-05
-5.0037588875340352e-05
-4.9486292585742174e-05
-4.8880233068112478e-05
-4.8359389540986160e-05
-4.7729006785388281e-05
-4.7197288581193734e-05
-4.6604780759164992e-05
-4.6036851560810891e-05
-4.5474799038359762e-05
-4.4873957972042969e-05
-4.4340089970646180e-05
-4.3708312326431776e-05
-4.3163763504398661e-05
-4.2571139785186758e-05
-4.1984205271650721e-05
-4.1431053291601326e-05
-4.0796923349852084e-05
-4.0242761126327992e-05
-3.9647391392428614e-05
-3.9047615650773919e-05
-3.8487880250639028e-05
-3.7848491221326894e-05
0.0000000000000000e+00
];
