%Vec Object:dSdr_b_aug_7220 1 MPI processes
%  type: seq
dSdr_b_aug_7220 = [
2.3002325112108747e+03
0.0000000000000000e+00
-7.4913507572469060e-07
-3.1000758878004073e-07
-1.9306184291088292e-07
-1.3731199310847446e-07
-1.0306553983369997e-07
-8.1887826498159296e-08
-6.7532643578442666e-08
-5.6736940035667844e-08
-4.8719100381768311e-08
-4.2571962960728539e-08
-3.7566332528274280e-08
-3.3510758850962013e-08
-3.0185460336827558e-08
-2.7381003908770631e-08
-2.4984205449351008e-08
-2.2975416397523841e-08
-6.2558036392826240e-06
-7.6247461427502187e-04
-7.4782944680108277e-04
-7.0887799779263748e-04
-6.7055924392006507e-04
-6.3238557643082187e-04
-5.9001113641254292e-04
-5.4910280663933062e-04
-5.0987831618363652e-04
-4.7026041735815733e-04
-4.2960625938772470e-04
-3.8614954991264647e-04
-3.4790656090838093e-04
-3.1114671168785409e-04
-2.7644143153102770e-04
-2.3983647425130259e-04
-2.1006111122706808e-04
-1.8414415749560059e-04
-1.6147378722976603e-04
-1.4006411333936003e-04
-1.2384827952768894e-04
-1.1155016516199462e-04
-1.0184414487793137e-04
-9.4022962767350776e-05
-8.9153740132931944e-05
-8.6190530462600264e-05
-8.4579086331031683e-05
-8.4213881049273389e-05
-8.4714768210137514e-05
-8.5727867990206160e-05
-8.7183074359235371e-05
-8.9143728593715820e-05
-9.0869358831006385e-05
-9.2677385117174242e-05
-9.4519337212208712e-05
-9.6293672903631492e-05
-9.7781482283590821e-05
-9.9115282429043791e-05
-1.0039811390303481e-04
-1.0143449856296032e-04
-1.0228697063918351e-04
-1.0297800424695311e-04
-1.0360209762606180e-04
-1.0401555257115359e-04
-1.0426915266667462e-04
-1.0447663370318308e-04
-1.0458000598801150e-04
-1.0455039844611054e-04
-1.0446168375687743e-04
-1.0431429476334845e-04
-1.0407704133629838e-04
-1.0378433788922828e-04
-1.0347394960299445e-04
-1.0310948225261193e-04
-1.0271127480712907e-04
-1.0225607926191091e-04
-1.0180446563581699e-04
-1.0132537723872276e-04
-1.0080631623820112e-04
-1.0030276142324500e-04
-9.9788583038129129e-05
-9.9208378682095206e-05
-9.8666397668969687e-05
-9.8121751534680426e-05
-9.7526238680542576e-05
-9.6972521095216977e-05
-9.6422906434053758e-05
-9.5785046695676817e-05
-9.5231955415671257e-05
-9.4660770597583850e-05
-9.4041735885332125e-05
-9.3489531079908253e-05
-9.2903597671841056e-05
-9.2287620008792780e-05
-9.1731970667467499e-05
-9.1126711888856005e-05
-9.0544998551453105e-05
-8.9999193019518192e-05
-8.9368308893204854e-05
-8.8814314316441412e-05
-8.8257098702427151e-05
-8.7616318922507810e-05
-8.7102260939670039e-05
-8.6517007787248817e-05
-8.5923163287087380e-05
-8.5408338683143521e-05
-8.4774213857206451e-05
-8.4243209953853605e-05
-8.3705036633858882e-05
-8.3094395460971398e-05
-8.2588934216607952e-05
-8.2000931930762880e-05
-8.1443280237569220e-05
-8.0932408196293610e-05
-8.0330280501456357e-05
-7.9828517122489478e-05
-7.9261137563406452e-05
-7.8724552422373349e-05
-7.8193197481719930e-05
-7.7630624901017515e-05
-7.7134351353420991e-05
-7.6550393151962839e-05
-7.6063280125730914e-05
-7.5515502863191759e-05
-7.4975633578387610e-05
-7.4497480544135112e-05
-7.3903405159699573e-05
-7.3448212213380825e-05
-7.2881502249979693e-05
-7.2391157552604337e-05
-7.1872656879249161e-05
-7.1350369375449457e-05
-7.0851356837972138e-05
-7.0324219442442136e-05
-6.9851935536690331e-05
-6.9295296356714512e-05
-6.8849469688404222e-05
-6.8293618669778430e-05
-6.7829183023189503e-05
-6.7311027294444096e-05
-6.6818287510687820e-05
-6.6327674087549956e-05
-6.5829235345045734e-05
-6.5345751813998418e-05
-6.4844940574972974e-05
-6.4371980551954951e-05
-6.3852486070725727e-05
-6.3412841246410798e-05
-6.2871716200641817e-05
-6.2446888554179472e-05
-6.1912762948463629e-05
-6.1481274252657073e-05
-6.0955751337442093e-05
-6.0524880589175673e-05
-5.9992543478800406e-05
-5.9578845132024982e-05
-5.9040228668872565e-05
-5.8628719185534099e-05
-5.8101926372887842e-05
-5.7681484821966779e-05
-5.7163316810010708e-05
-5.6738648614315189e-05
-5.6220940719855780e-05
-5.5805885666338898e-05
-5.5286681367394193e-05
-5.4863886655961617e-05
-5.4370411802316594e-05
-5.3922527827264978e-05
-5.3455976573932522e-05
-5.2990098697181462e-05
-5.2531312607026171e-05
-5.2062908709550651e-05
-5.1611964130342739e-05
-5.1133582676815549e-05
-5.0704052126443259e-05
-5.0200912897730087e-05
-4.9786658881673539e-05
-4.9283466073582183e-05
-4.8856698176651740e-05
-4.8379828366358667e-05
-4.7920988111754245e-05
-4.7479369035329216e-05
-4.6988313832567746e-05
-4.6571877291942446e-05
-4.6064063101044963e-05
-4.5636506758642490e-05
-4.5163549142766559e-05
-4.4706523488135796e-05
-4.4257745547356280e-05
-4.3776549444934722e-05
-4.3350625168151042e-05
-4.2845866956803230e-05
-4.2411651367496661e-05
-4.1938764909869972e-05
-4.1471549443180721e-05
-4.1031125760990313e-05
-4.0527234141451758e-05
-4.0086566178657392e-05
-3.9613945996680467e-05
-3.9138966643148505e-05
-3.8692987008320515e-05
-3.8183761294863728e-05
0.0000000000000000e+00
];
