%Vec Object:dSdr_b_aug_5500 1 MPI processes
%  type: seq
dSdr_b_aug_5500 = [
2.3239284726683527e+03
0.0000000000000000e+00
-8.7473213590690755e-07
-3.6139277748341642e-07
-2.2450097237978642e-07
-1.5942779749426021e-07
-1.1965679825150275e-07
-9.5068185100719719e-08
-7.8401258520933175e-08
-6.5854471609231428e-08
-5.6536872744480945e-08
-4.9393876791341847e-08
-4.3576078076140517e-08
-3.8862514889312914e-08
-3.4997911491401891e-08
-3.1738632131640890e-08
-2.8953123855436991e-08
-2.6576318735299185e-08
-2.4593845450030860e-08
-5.9752777311846566e-06
-7.1753556487930755e-04
-7.1901895779071174e-04
-6.8051723466759509e-04
-6.4183159246920644e-04
-5.9888919610828447e-04
-5.5744800163601727e-04
-5.1772388507244035e-04
-4.7760799752286017e-04
-4.3645212835091235e-04
-3.9247350728751002e-04
-3.5377382317764333e-04
-3.1658245217594175e-04
-2.8147533669251463e-04
-2.4445112227195365e-04
-2.1433689866477853e-04
-1.8812700860603731e-04
-1.6520118902347717e-04
-1.4354984125955096e-04
-1.2715079548370663e-04
-1.1471293082651028e-04
-1.0489359530907042e-04
-9.6978380396296255e-05
-9.2046869722647870e-05
-8.9040787721590526e-05
-8.7400084552200307e-05
-8.7017154715219135e-05
-8.7509286000296042e-05
-8.8518562425396859e-05
-8.9974090879724918e-05
-9.1937026906017816e-05
-9.3664299082765176e-05
-9.5474889374918493e-05
-9.7318188895736339e-05
-9.9092110135345010e-05
-1.0057818274054466e-04
-1.0190813043759351e-04
-1.0318439241557832e-04
-1.0421323388466555e-04
-1.0505691415327321e-04
-1.0573681312730528e-04
-1.0634785111334682e-04
-1.0674802372649301e-04
-1.0698685092233293e-04
-1.0717658593125037e-04
-1.0726370321206987e-04
-1.0721683652177246e-04
-1.0710898159146755e-04
-1.0694185520771426e-04
-1.0668545765160877e-04
-1.0637252382651593e-04
-1.0604057746471085e-04
-1.0565619394776057e-04
-1.0523798254210568e-04
-1.0475907696894441e-04
-1.0428702477228082e-04
-1.0378762131605788e-04
-1.0324447921432999e-04
-1.0272059033759686e-04
-1.0218615457998964e-04
-1.0158127690523233e-04
-1.0101890299149748e-04
-1.0045363978012850e-04
-9.9834151012318881e-05
-9.9260152995345500e-05
-9.8690111469565219e-05
-9.8028054490031496e-05
-9.7454764339703786e-05
-9.6862891694178086e-05
-9.6220661129837667e-05
-9.5648592526820337e-05
-9.5041645719143425e-05
-9.4403021026229000e-05
-9.3827678693588886e-05
-9.3200818579096775e-05
-9.2597854280214881e-05
-9.2032693714947996e-05
-9.1379506193976323e-05
-9.0805110140455237e-05
-9.0228488744969765e-05
-8.9564987521728343e-05
-8.9031800642390733e-05
-8.8426421865295759e-05
-8.7811184787308410e-05
-8.7277491080728922e-05
-8.6621554629124823e-05
-8.6071020566243691e-05
-8.5513545004905578e-05
-8.4881491784670037e-05
-8.4357513190915089e-05
-8.3748477244475166e-05
-8.3171026298554230e-05
-8.2641542825370073e-05
-8.2017714987249051e-05
-8.1498027241785404e-05
-8.0909872356586864e-05
-8.0354052896740153e-05
-7.9803615067893855e-05
-7.9220403054039516e-05
-7.8706169887259793e-05
-7.8101181209417348e-05
-7.7595732551042428e-05
-7.7028435865494761e-05
-7.6468784989757076e-05
-7.5972351655976959e-05
-7.5357380756866253e-05
-7.4884652480471044e-05
-7.4297122839478739e-05
-7.3788991593589227e-05
-7.3250405560538689e-05
-7.2709163846882471e-05
-7.2191407024288108e-05
-7.1644242981685073e-05
-7.1154337805293954e-05
-7.0576639703424926e-05
-7.0113671497571236e-05
-6.9536937790888394e-05
-6.9054655226827202e-05
-6.8516692290532307e-05
-6.8005222553563208e-05
-6.7495560954325447e-05
-6.6977826272796690e-05
-6.6475872205184870e-05
-6.5955107759110284e-05
-6.5464033316774980e-05
-6.4924243781935574e-05
-6.4466710401592142e-05
-6.3905084909195091e-05
-6.3462539973072437e-05
-6.2907694665159853e-05
-6.2458940568292513e-05
-6.1911970229326565e-05
-6.1463985784870702e-05
-6.0910100010593839e-05
-6.0479358174449838e-05
-5.9919055318727091e-05
-5.9490378016315381e-05
-5.8942112846198558e-05
-5.8504300386371512e-05
-5.7964667536159747e-05
-5.7522216668662303e-05
-5.6983245704541063e-05
-5.6550015043335019e-05
-5.6009813278334677e-05
-5.5568517739258116e-05
-5.5054113700817335e-05
-5.4587372429007966e-05
-5.4100191293566654e-05
-5.3614774020347564e-05
-5.3135771865235598e-05
-5.2647078932517361e-05
-5.2176430076810892e-05
-5.1676957575576949e-05
-5.1228373419563518e-05
-5.0703069844149635e-05
-5.0270156061820427e-05
-4.9744750306139515e-05
-4.9298657147690689e-05
-4.8800230279766393e-05
-4.8320894078391629e-05
-4.7858552109562029e-05
-4.7345767445212680e-05
-4.6909603638242582e-05
-4.6378630627973089e-05
-4.5931393133087476e-05
-4.5435846742792420e-05
-4.4957865846427837e-05
-4.4487684458038474e-05
-4.3983880990415374e-05
-4.3537559809137238e-05
-4.3008799977707327e-05
-4.2553734741966396e-05
-4.2058220751669558e-05
-4.1568379568279611e-05
-4.1106648429892777e-05
-4.0578136560533481e-05
-4.0116003865936935e-05
-3.9620153149852151e-05
-3.9121513672521606e-05
-3.8653813878033060e-05
-3.8118791146540332e-05
0.0000000000000000e+00
];
