%Vec Object:dSdr_b_aug_5940 1 MPI processes
%  type: seq
dSdr_b_aug_5940 = [
2.3194422335604318e+03
0.0000000000000000e+00
-8.4891016542050618e-07
-3.5082838973455227e-07
-2.1804215086556566e-07
-1.5488408805610836e-07
-1.1624368326575675e-07
-9.2353072724162192e-08
-7.6159256730361255e-08
-6.3971241973613139e-08
-5.4919963618805958e-08
-4.7981020194575311e-08
-4.2329725059016231e-08
-3.7751080730504432e-08
-3.3997066341080022e-08
-3.0831075862244343e-08
-2.8125320126428159e-08
-2.5816556993277348e-08
-2.4405530362460846e-08
-3.8830120533342136e-05
-7.4764641754111760e-04
-7.1623848668510846e-04
-6.7761748928813587e-04
-6.3907877601410157e-04
-5.9630185696457529e-04
-5.5501595462690775e-04
-5.1543744448274184e-04
-4.7546668620397197e-04
-4.3445703115063997e-04
-3.9063051122414634e-04
-3.5206392215607097e-04
-3.1499830991407512e-04
-2.8000830164255381e-04
-2.4310627169102567e-04
-2.1309080251486940e-04
-1.8696628314247182e-04
-1.6411490937525246e-04
-1.4253399283921926e-04
-1.2618834068543747e-04
-1.1379120357621958e-04
-1.0400489161401353e-04
-9.6117080702525393e-05
-9.1203722624878637e-05
-8.8210134887207738e-05
-8.6577958652077949e-05
-8.6200194249410497e-05
-8.6694877222925031e-05
-8.7705267851485798e-05
-8.9160702529885469e-05
-9.1122973669278395e-05
-9.2849767424589037e-05
-9.4659610481803729e-05
-9.6502517315041477e-05
-9.8276559333000197e-05
-9.9763138082758782e-05
-1.0109420849732995e-04
-1.0237238502465139e-04
-1.0340342480810776e-04
-1.0424966727685127e-04
-1.0493281122312661e-04
-1.0554765395011052e-04
-1.0595169744143706e-04
-1.0619482991309562e-04
-1.0638973665915977e-04
-1.0648159114700271e-04
-1.0643975430256353e-04
-1.0633747742665173e-04
-1.0617610312508696e-04
-1.0592528475670686e-04
-1.0561824668584419e-04
-1.0529258301039053e-04
-1.0491400367697653e-04
-1.0450162204063717e-04
-1.0402962629937142e-04
-1.0356353053105218e-04
-1.0307004750821172e-04
-1.0253392338076007e-04
-1.0201596047543727e-04
-1.0148742833968523e-04
-1.0088974122979095e-04
-1.0033331043509658e-04
-9.9774055674706013e-05
-9.9161554226531810e-05
-9.8593466551765452e-05
-9.8029378043317089e-05
-9.7374372885179988e-05
-9.6806969307665973e-05
-9.6221125732181217e-05
-9.5585655153656749e-05
-9.5019375473024464e-05
-9.4418552617229635e-05
-9.3786527966489456e-05
-9.3216924778074766e-05
-9.2596359958317242e-05
-9.1999588844284786e-05
-9.1440068931910478e-05
-9.0793381307323765e-05
-9.0224930872640860e-05
-8.9653964919702927e-05
-8.8997085425195186e-05
-8.8469473295606750e-05
-8.7869959746395430e-05
-8.7260957126335912e-05
-8.6732762459178472e-05
-8.6083182589031360e-05
-8.5538340218010563e-05
-8.4986489926152493e-05
-8.4360676837987104e-05
-8.3842094772025623e-05
-8.3239188684139744e-05
-8.2667507852271250e-05
-8.2143448325518639e-05
-8.1525944579653674e-05
-8.1011480548636813e-05
-8.0429380235504675e-05
-7.9879166250700705e-05
-7.9334289765379100e-05
-7.8757092720286559e-05
-7.8248093541850901e-05
-7.7649233794938339e-05
-7.7149128706761790e-05
-7.6587520584675903e-05
-7.6033634676232178e-05
-7.5542528787159719e-05
-7.4933647487221441e-05
-7.4466029548561733e-05
-7.3884567405577600e-05
-7.3381619710362353e-05
-7.2848887172534049e-05
-7.2313169302222981e-05
-7.1800875144489710e-05
-7.1259547486661655e-05
-7.0774777694216666e-05
-7.0203216814030249e-05
-6.9745244183261654e-05
-6.9174596338455137e-05
-6.8697514919145825e-05
-6.8165324416720384e-05
-6.7659313168579621e-05
-6.7155202798247111e-05
-6.6643091551517824e-05
-6.6146520371085482e-05
-6.5631570908266431e-05
-6.5145775569830404e-05
-6.4611900643196980e-05
-6.4159580543529977e-05
-6.3603929517569733e-05
-6.3166547950189913e-05
-6.2617741006950922e-05
-6.2174018584982530e-05
-6.1633298691656204e-05
-6.1190301711110592e-05
-6.0642695887521984e-05
-6.0216921055419353e-05
-5.9662938289404011e-05
-5.9239264225205165e-05
-5.8697256769099375e-05
-5.8264506734948080e-05
-5.7731129408269379e-05
-5.7293860967791928e-05
-5.6761086726665821e-05
-5.6333153007230981e-05
-5.5799070561408772e-05
-5.5363166744607568e-05
-5.4854862127559847e-05
-5.4393616465851232e-05
-5.3912447527582729e-05
-5.3432724651486325e-05
-5.2959614096764405e-05
-5.2476834031643347e-05
-5.2011927628312055e-05
-5.1518601729203503e-05
-5.1075570403709984e-05
-5.0556726227257694e-05
-5.0129250503369540e-05
-4.9610318316172751e-05
-4.9169857168634089e-05
-4.8677712730205849e-05
-4.8204349722699091e-05
-4.7748047092368800e-05
-4.7241595119086718e-05
-4.6811180509568992e-05
-4.6286956768055126e-05
-4.5845455054451361e-05
-4.5356491832260680e-05
-4.4884618061934090e-05
-4.4420674446044984e-05
-4.3923459643607599e-05
-4.3483082974911091e-05
-4.2961318244167263e-05
-4.2512329611583533e-05
-4.2023410482074981e-05
-4.1540163821135868e-05
-4.1084643327232864e-05
-4.0563308077091152e-05
-4.0107433350862580e-05
-3.9618357250575150e-05
-3.9126622714001692e-05
-3.8665280054894338e-05
-3.8137920531912595e-05
0.0000000000000000e+00
];
