%Vec Object:dSdr_b_aug_8360 1 MPI processes
%  type: seq
dSdr_b_aug_8360 = [
2.2892420560207033e+03
0.0000000000000000e+00
-6.9514859363784959e-07
-2.8674929472134721e-07
-1.7804298947263016e-07
-1.2617243042261563e-07
-9.4288438300332913e-08
-7.4574208408715754e-08
-6.1214070006032275e-08
-5.1186917394830277e-08
-4.3741790076494190e-08
-3.8034001159076618e-08
-3.3392953858217476e-08
-2.9634638080032180e-08
-2.6553467098322075e-08
-2.3956854129420338e-08
-2.1739728327418476e-08
-2.7353352219993336e-08
-2.7693232144628937e-04
-7.8276508904646838e-04
-7.4180218694786437e-04
-7.0299056821849658e-04
-6.6496710992745335e-04
-6.2708337721932550e-04
-5.8502778541435292e-04
-5.4441855948837866e-04
-5.0547451452611519e-04
-4.6613614207000688e-04
-4.2576359992886175e-04
-3.8259984496825163e-04
-3.4461320377461905e-04
-3.0809557230733562e-04
-2.7361584657926129e-04
-2.3724622276905723e-04
-2.0766106577517783e-04
-1.8190854030150820e-04
-1.5938155643555629e-04
-1.3810753693035692e-04
-1.2199454222302505e-04
-1.0977487143829319e-04
-1.0013245642825974e-04
-9.2364055830870036e-05
-8.7529796018594880e-05
-8.4590650934635025e-05
-8.2995630112396479e-05
-8.2640373721217677e-05
-8.3146175565251525e-05
-8.4161421359217180e-05
-8.5616446869632784e-05
-8.7575820247642893e-05
-8.9300528788630398e-05
-9.1107115887293109e-05
-9.2948311674721112e-05
-9.4722880017899838e-05
-9.6211664282085587e-05
-9.7547626860749093e-05
-9.8834145874777111e-05
-9.9874764618962858e-05
-1.0073217164044074e-04
-1.0142945524586009e-04
-1.0206087676470784e-04
-1.0248178723205302e-04
-1.0274367952071605e-04
-1.0296112159826286e-04
-1.0307361799633827e-04
-1.0305369820412573e-04
-1.0297572714155912e-04
-1.0283941696058674e-04
-1.0261290934195757e-04
-1.0233156142612695e-04
-1.0203327392167983e-04
-1.0167998573187101e-04
-1.0129300672624506e-04
-1.0085111987589561e-04
-1.0041097864074544e-04
-9.9943293306142396e-05
-9.9437749287375462e-05
-9.8945608201023678e-05
-9.8442800497873680e-05
-9.7876445541173734e-05
-9.7345911283149673e-05
-9.6812837736489019e-05
-9.6230782820504808e-05
-9.5688448859954328e-05
-9.5150300017864009e-05
-9.4526022450814194e-05
-9.3984269014097850e-05
-9.3424696496026793e-05
-9.2818681864563881e-05
-9.2277626822321340e-05
-9.1703488461165422e-05
-9.1100222818963630e-05
-9.0555627365243444e-05
-8.9962493648213592e-05
-8.9392708703482415e-05
-8.8857767359574341e-05
-8.8239402367710148e-05
-8.7696859358679142e-05
-8.7150536417998525e-05
-8.6522510427527159e-05
-8.6019189699482960e-05
-8.5445233273663752e-05
-8.4863396652108623e-05
-8.4359163473333133e-05
-8.3737281741846570e-05
-8.3217240321773901e-05
-8.2689901552086519e-05
-8.2091279185896133e-05
-8.1596211923529340e-05
-8.1020016051746704e-05
-8.0473477886302430e-05
-7.9973052636293939e-05
-7.9383105459060791e-05
-7.8891403214065788e-05
-7.8335685062728863e-05
-7.7809896345597341e-05
-7.7289252829128942e-05
-7.6738265377698098e-05
-7.6252072751268362e-05
-7.5679919175539507e-05
-7.5203098130313491e-05
-7.4666277322971614e-05
-7.4137511650882834e-05
-7.3669619538459030e-05
-7.3087273023602180e-05
-7.2641922839566996e-05
-7.2086899177295271e-05
-7.1606538253390418e-05
-7.1099311700444052e-05
-7.0587663390422978e-05
-7.0099172213568974e-05
-6.9583275981803804e-05
-6.9120883076318994e-05
-6.8576064486419719e-05
-6.8139859538654735e-05
-6.7595730187664868e-05
-6.7141312198305849e-05
-6.6634274458049196e-05
-6.6152047988201750e-05
-6.5672126500541125e-05
-6.5184518765103348e-05
-6.4711402933602822e-05
-6.4221791632402243e-05
-6.3758999415742095e-05
-6.3250896753518453e-05
-6.2821292955251692e-05
-6.2291675016701095e-05
-6.1876792261633429e-05
-6.1354296832483204e-05
-6.0932499376948551e-05
-6.0419015114854903e-05
-5.9997750451903116e-05
-5.9477508820252032e-05
-5.9073377149381544e-05
-5.8546933471690704e-05
-5.8145060449937251e-05
-5.7630320280508334e-05
-5.7219629185351222e-05
-5.6713509593548658e-05
-5.6298822977816370e-05
-5.5793050245670139e-05
-5.5388197328043512e-05
-5.4880779101677897e-05
-5.4468369071614437e-05
-5.3986641959350107e-05
-5.3549342750626429e-05
-5.3094371231730344e-05
-5.2639460985084898e-05
-5.2192022342817359e-05
-5.1735006848201549e-05
-5.1295122436237021e-05
-5.0828579554116309e-05
-5.0409743931953764e-05
-4.9919045716207202e-05
-4.9515265548242991e-05
-4.9024541016979951e-05
-4.8608620498779975e-05
-4.8143850785639052e-05
-4.7696515001637329e-05
-4.7266527766585654e-05
-4.6787669382429976e-05
-4.6382305784467650e-05
-4.5887490672291870e-05
-4.5470981322967727e-05
-4.5010702733236603e-05
-4.4565439128835343e-05
-4.4128674748091298e-05
-4.3660167880102830e-05
-4.3245691956785907e-05
-4.2754405284107568e-05
-4.2331891753406481e-05
-4.1871704936917846e-05
-4.1417187543533593e-05
-4.0988721107392746e-05
-4.0498644732433197e-05
-4.0070018012536769e-05
-3.9610424370296081e-05
-3.9148697917442993e-05
-3.8714831657354307e-05
-3.8219667647961237e-05
0.0000000000000000e+00
];
