%Vec Object:dSdr_b_aug_6530 1 MPI processes
%  type: seq
dSdr_b_aug_6530 = [
2.3092319256904766e+03
0.0000000000000000e+00
-7.9102070447659120e-07
-3.2579049997153897e-07
-2.0182386657660236e-07
-1.4280993334402877e-07
-1.0668738220708067e-07
-8.4356433555584395e-08
-6.9223137523131245e-08
-5.7856862365761428e-08
-4.9418033090077593e-08
-4.2948828830992070e-08
-3.7688118003203992e-08
-3.3428080436702989e-08
-2.9935695066871997e-08
-2.6992618125194698e-08
-2.4479725482215863e-08
-2.2336277766644522e-08
-1.0812882652809430e-07
-4.5386726249774023e-04
-7.5076898248406466e-04
-7.1272198839157728e-04
-6.7421934326985253e-04
-6.3585603315565147e-04
-5.9327289921977291e-04
-5.5216879640254603e-04
-5.1276074532925276e-04
-4.7295988746658385e-04
-4.3212140282517642e-04
-3.8847294512202421e-04
-3.5006216816545340e-04
-3.1314377956367917e-04
-2.7829086670464891e-04
-2.4153187599733347e-04
-2.1163201692574646e-04
-1.8560743953486064e-04
-1.6284321818612683e-04
-1.4134475424487010e-04
-1.2506160906829885e-04
-1.1271215099597713e-04
-1.0296449914911379e-04
-9.5108769646555483e-05
-9.0216662540700394e-05
-8.7237701677492157e-05
-8.5615507912484016e-05
-8.5243790828642383e-05
-8.5741461243722095e-05
-8.6753156461917588e-05
-8.8208481282253478e-05
-9.0169973951470943e-05
-9.1896207534540648e-05
-9.3705175877878611e-05
-9.5547623059133568e-05
-9.7321806526547668e-05
-9.8808977862414977e-05
-1.0014136267074083e-04
-1.0142178057280761e-04
-1.0245539392641129e-04
-1.0330463595713599e-04
-1.0399157877232632e-04
-1.0461087567805576e-04
-1.0501945077143903e-04
-1.0526762338496802e-04
-1.0546858462311851e-04
-1.0556598490445083e-04
-1.0553003643914191e-04
-1.0543428971968338e-04
-1.0527964930492033e-04
-1.0503536241743962e-04
-1.0473522642567445e-04
-1.0441691780342912e-04
-1.0404513334706848e-04
-1.0363957654000006e-04
-1.0317567003827466e-04
-1.0271654737545843e-04
-1.0222999531875680e-04
-1.0170208702948316e-04
-1.0119106157259929e-04
-1.0066944072049644e-04
-1.0008017149620800e-04
-9.9530698222923520e-05
-9.8978477466622148e-05
-9.8374155967084249e-05
-9.7812987441340667e-05
-9.7255868040625561e-05
-9.6609118341172673e-05
-9.6048606085316984e-05
-9.5469820650234064e-05
-9.4842263882565414e-05
-9.4282761204991024e-05
-9.3689107565390084e-05
-9.3064809481415263e-05
-9.2501925020913668e-05
-9.1888730004770702e-05
-9.1299209155862925e-05
-9.0746292668655032e-05
-9.0107214370735339e-05
-8.9545724379314355e-05
-8.8981379164908801e-05
-8.8332251623552785e-05
-8.7811165766547085e-05
-8.7218518540440652e-05
-8.6616814487625672e-05
-8.6095057445605383e-05
-8.5452919110155464e-05
-8.4914739898757924e-05
-8.4369475006763610e-05
-8.3750967127356704e-05
-8.3238702676848218e-05
-8.2642972701947972e-05
-8.2078046836015896e-05
-8.1560337022486333e-05
-8.0950236774908222e-05
-8.0441888048323542e-05
-7.9866875710227556e-05
-7.9323223949871681e-05
-7.8784858024657180e-05
-7.8214702590745925e-05
-7.7711830742647486e-05
-7.7120146019665211e-05
-7.6626296546753768e-05
-7.6071347917093990e-05
-7.5524210945444547e-05
-7.5039341792581242e-05
-7.4437589469368288e-05
-7.3975954102564718e-05
-7.3401595061955004e-05
-7.2904715646552400e-05
-7.2378835680760855e-05
-7.1849584463932190e-05
-7.1343685338534158e-05
-7.0809190219906035e-05
-7.0330432316301138e-05
-6.9766056158441107e-05
-6.9313931743273768e-05
-6.8750408493177249e-05
-6.8279415944698241e-05
-6.7753983110500926e-05
-6.7254361999555552e-05
-6.6756750334693923e-05
-6.6251222322509848e-05
-6.5760952770515472e-05
-6.5252810782431066e-05
-6.4773195572690703e-05
-6.4246244747234884e-05
-6.3800027715523120e-05
-6.3251370862511323e-05
-6.2820033928891880e-05
-6.2278295959731686e-05
-6.1840463995965772e-05
-6.1307061352413575e-05
-6.0869903068759038e-05
-6.0329649031243318e-05
-5.9909688939204539e-05
-5.9363104943793219e-05
-5.8945288032634838e-05
-5.8410606318661590e-05
-5.7983782720311902e-05
-5.7457728564009099e-05
-5.7026527034772763e-05
-5.6501007118182088e-05
-5.6079274360919315e-05
-5.5552355613386685e-05
-5.5122763704825567e-05
-5.4621599479382148e-05
-5.4166787330750430e-05
-5.3692656656607799e-05
-5.3219599992020483e-05
-5.2753386501049110e-05
-5.2277528384746561e-05
-5.1819344415061195e-05
-5.1333214065124247e-05
-5.0896683154547264e-05
-5.0385400675591799e-05
-4.9964290963378335e-05
-4.9452937012882758e-05
-4.9019068877451105e-05
-4.8534278848010214e-05
-4.8067908191707167e-05
-4.7618675298777540e-05
-4.7119636424090457e-05
-4.6695951760624793e-05
-4.6179628639211080e-05
-4.5744840972086566e-05
-4.5263583681512381e-05
-4.4798858381421763e-05
-4.4342215966504381e-05
-4.3852712862481033e-05
-4.3419293424251929e-05
-4.2905715300750140e-05
-4.2463837292428888e-05
-4.1982634437290984e-05
-4.1507102052051963e-05
-4.1058843886626755e-05
-4.0545897421708606e-05
-4.0097327961983159e-05
-3.9616144925027452e-05
-3.9132413206433205e-05
-3.8678285665085917e-05
-3.8158688320135660e-05
0.0000000000000000e+00
];
