%Vec Object:dSdr_b_aug_6390 1 MPI processes
%  type: seq
dSdr_b_aug_6390 = [
2.3130098126723165e+03
0.0000000000000000e+00
-8.1150271106956308e-07
-3.3450372187410823e-07
-2.0737846305301532e-07
-1.4688208680261213e-07
-1.0986460230141581e-07
-8.6979980055745312e-08
-7.1470714769577753e-08
-5.9815341767045326e-08
-5.1161426112072346e-08
-4.4527411828773704e-08
-3.9130551371092917e-08
-3.4759771231352886e-08
-3.1176588378127759e-08
-2.8156461367023938e-08
-2.5577217096623911e-08
-2.3376760950380308e-08
-3.4229796370935935e-08
-2.5258781930085668e-04
-7.5095011408844790e-04
-7.1346904777616106e-04
-6.7493408994453085e-04
-6.3653379252683539e-04
-5.9390990282602997e-04
-5.5276756670357959e-04
-5.1332366731932858e-04
-4.7348707863634958e-04
-4.3261259609049968e-04
-3.8892669110637666e-04
-3.5048314616663957e-04
-3.1353379577661540e-04
-2.7865205114165157e-04
-2.4186297864692161e-04
-2.1193880625762572e-04
-1.8589321062528554e-04
-1.6311066073750692e-04
-1.4159485665267223e-04
-1.2529856598298396e-04
-1.1293908079771495e-04
-1.0318329855608608e-04
-9.5320822189050799e-05
-9.0424245905193452e-05
-8.7442208939448771e-05
-8.5817915754897431e-05
-8.5444926867439967e-05
-8.5941969037063126e-05
-8.6953389918487125e-05
-8.8408737837618773e-05
-9.0370394214518875e-05
-9.2096745597017050e-05
-9.3905897889665698e-05
-9.5748441731306270e-05
-9.7522595445253372e-05
-9.9009642152147714e-05
-1.0034175053254129e-04
-1.0162169705875160e-04
-1.0265476917471804e-04
-1.0350338038014512e-04
-1.0418952427250478e-04
-1.0480788444102979e-04
-1.0521550651500225e-04
-1.0546261916115259e-04
-1.0566230710968955e-04
-1.0575854108316358e-04
-1.0572135426288116e-04
-1.0562423421993416e-04
-1.0546817763638550e-04
-1.0522251714712030e-04
-1.0492092961521794e-04
-1.0460107419042936e-04
-1.0422786073917343e-04
-1.0382086863821553e-04
-1.0335526093152257e-04
-1.0289467179179707e-04
-1.0240666212034219e-04
-1.0187702600203626e-04
-1.0136454156726181e-04
-1.0084146723989686e-04
-1.0025042769525407e-04
-9.9699491222781603e-05
-9.9145791182694840e-05
-9.8539749402146824e-05
-9.7977125747228847e-05
-9.7418540710830448e-05
-9.6770054850382506e-05
-9.6208093317669562e-05
-9.5627823523038727e-05
-9.4998602444528970e-05
-9.4437674531905352e-05
-9.3842513173103025e-05
-9.3216590156638331e-05
-9.2652292716685519e-05
-9.2037547796988936e-05
-9.1446502184023130e-05
-9.0892196966119260e-05
-9.0251518391946137e-05
-8.9688564587360369e-05
-8.9122827001238275e-05
-8.8472069188697404e-05
-8.7949610826615533e-05
-8.7355519582070517e-05
-8.6752280608703034e-05
-8.6229169706117869e-05
-8.5585466383470798e-05
-8.5045885880636910e-05
-8.4499236050460799e-05
-8.3879191853882405e-05
-8.3365598781493029e-05
-8.2768359638879974e-05
-8.2202013174367423e-05
-8.1682967988731727e-05
-8.1071310753384705e-05
-8.0561675951971279e-05
-7.9985172982110407e-05
-7.9440141157714937e-05
-7.8900406033736927e-05
-7.8328769718691562e-05
-7.7824609266830610e-05
-7.7231415605498292e-05
-7.6736250550004970e-05
-7.6179901400647148e-05
-7.5631345098795563e-05
-7.5145164333829693e-05
-7.4541912756429172e-05
-7.4079019229515434e-05
-7.3503166376305369e-05
-7.3005010776150951e-05
-7.2477689685505935e-05
-7.1947078504289882e-05
-7.1439834476809123e-05
-7.0903902446524771e-05
-7.0423880217759669e-05
-6.9857993082720162e-05
-6.9404638763747762e-05
-6.8839617181749429e-05
-6.8367344118775526e-05
-6.7840490119122927e-05
-6.7339525136235752e-05
-6.6840546767139679e-05
-6.6333634273997301e-05
-6.5842039464184928e-05
-6.5332465836672233e-05
-6.4851550921312198e-05
-6.4323143929664981e-05
-6.3875643398822468e-05
-6.3325515643559733e-05
-6.2892907500111062e-05
-6.2349682898050915e-05
-6.1910612148670372e-05
-6.1375670659138170e-05
-6.0937284475956385e-05
-6.0395484329830270e-05
-5.9974301376993442e-05
-5.9426161392502773e-05
-5.9007112701520506e-05
-5.8470890357344819e-05
-5.8042820409429598e-05
-5.7515226164562712e-05
-5.7082748744010030e-05
-5.6555703218395973e-05
-5.6132666379312751e-05
-5.5604241083014959e-05
-5.5173321761435159e-05
-5.4670655890064473e-05
-5.4214490755947029e-05
-5.3738879915384024e-05
-5.3264421329708430e-05
-5.2796757369477769e-05
-5.2319443551748917e-05
-5.1859845840940711e-05
-5.1372202253231960e-05
-5.0934304296403488e-05
-5.0421431581021636e-05
-4.9998983092543737e-05
-4.9486035432505732e-05
-4.9050780787560724e-05
-4.8564444127361486e-05
-4.8096602986984408e-05
-4.7645883340405741e-05
-4.7145285508186757e-05
-4.6720185564239071e-05
-4.6202200974112477e-05
-4.5766001390678773e-05
-4.5283123600289115e-05
-4.4816895054632508e-05
-4.4358717296860578e-05
-4.3867592550779974e-05
-4.3432710177460039e-05
-4.2917410631215468e-05
-4.2474037559467628e-05
-4.1991212382341306e-05
-4.1514058264476735e-05
-4.1064273681688604e-05
-4.0549564363797036e-05
-4.0099460771016363e-05
-3.9616621780804532e-05
-3.9131215541386113e-05
-3.8675594571178795e-05
-3.8154492268253668e-05
0.0000000000000000e+00
];
