%Vec Object:dSdr_b_aug_7530 1 MPI processes
%  type: seq
dSdr_b_aug_7530 = [
2.2978830419217861e+03
0.0000000000000000e+00
-7.3785679216958333e-07
-3.0540080127718207e-07
-1.9024668301167062e-07
-1.3533573690205336e-07
-1.0158748986654289e-07
-8.0717356033503503e-08
-6.6570598127586937e-08
-5.5932500955439534e-08
-4.8031621544934833e-08
-4.1974091152596395e-08
-3.7041457500832811e-08
-3.3044998557604994e-08
-2.9768144000345949e-08
-2.7004517983056702e-08
-2.4642589720331293e-08
-2.2739186949318455e-08
-1.7645745036930534e-05
-7.7743839229397745e-04
-7.4613948949000240e-04
-7.0717362467755877e-04
-6.6893985526283659e-04
-6.3085014105324945e-04
-5.8856803444989783e-04
-5.4774632056877888e-04
-5.0860304283619688e-04
-4.6906609057256634e-04
-4.2849348424269076e-04
-3.8512160992246164e-04
-3.4695285533024167e-04
-3.1026314867488498e-04
-2.7562318564034805e-04
-2.3908637734929207e-04
-2.0936609509462304e-04
-1.8349675728335769e-04
-1.6086790953730331e-04
-1.3949751901140605e-04
-1.2331146575499544e-04
-1.1103606744678942e-04
-1.0134846644317040e-04
-9.3542569062733899e-05
-8.8683471121155940e-05
-8.5727230177535846e-05
-8.4120541973181585e-05
-8.3758217723709159e-05
-8.4260528086328311e-05
-8.5274249303772380e-05
-8.6729403283487702e-05
-8.8689686586236789e-05
-9.0415049900570839e-05
-9.2222659406943029e-05
-9.4064392474595804e-05
-9.5838795527066584e-05
-9.7326887208289551e-05
-9.8661313551845454e-05
-9.9945212872206115e-05
-1.0098282365009719e-04
-1.0183672480354607e-04
-1.0252956830819427e-04
-1.0315578379805746e-04
-1.0357139774242813e-04
-1.0382739912477541e-04
-1.0403776472125558e-04
-1.0414377920486412e-04
-1.0411697708258324e-04
-1.0403137357905360e-04
-1.0388719283614896e-04
-1.0365305122706071e-04
-1.0336363616456400e-04
-1.0305675207622338e-04
-1.0269552203649651e-04
-1.0230056617234858e-04
-1.0184922461867610e-04
-1.0140093321868710e-04
-1.0092514697136357e-04
-1.0041000027945008e-04
-9.9909750703218442e-05
-9.9398865091275632e-05
-9.8822671307203941e-05
-9.8284005097047495e-05
-9.7742710204986807e-05
-9.7151094561875683e-05
-9.6600673498171299e-05
-9.6054379160905539e-05
-9.5420452609802994e-05
-9.4870644593987282e-05
-9.4302822518634318e-05
-9.3687558220990929e-05
-9.3138582214800448e-05
-9.2556064470340985e-05
-9.1943768012596970e-05
-9.1391319706550506e-05
-9.0789572158900907e-05
-9.0211313100177886e-05
-8.9668653669549203e-05
-8.9041394891810105e-05
-8.8490716512616019e-05
-8.7936655248936252e-05
-8.7299568770205676e-05
-8.6788620130917290e-05
-8.6206638338015511e-05
-8.5616271137579987e-05
-8.5104513650096676e-05
-8.4473934238898810e-05
-8.3946104904854577e-05
-8.3411069106781744e-05
-8.2803908398451268e-05
-8.2301457094234178e-05
-8.1716873767365781e-05
-8.1162440383900590e-05
-8.0654593575681626e-05
-8.0055993174658459e-05
-7.9557143348401275e-05
-7.8993140756947528e-05
-7.8459682097488059e-05
-7.7931429023851516e-05
-7.7372211321890397e-05
-7.6878857057389527e-05
-7.6298317297654995e-05
-7.5814184674364942e-05
-7.5269580236460700e-05
-7.4732926390935970e-05
-7.4257744765604471e-05
-7.3667065885506901e-05
-7.3214723255666045e-05
-7.2651397469608841e-05
-7.2163943923637421e-05
-7.1648708066562945e-05
-7.1129501514122985e-05
-7.0633535805428833e-05
-7.0109653682823856e-05
-6.9640234063373979e-05
-6.9087017949643167e-05
-6.8643977588611502e-05
-6.8091520990120331e-05
-6.7629986308368283e-05
-6.7115050183816138e-05
-6.6625354899904258e-05
-6.6137837702882316e-05
-6.5642535459729405e-05
-6.5162054261469718e-05
-6.4664486358974175e-05
-6.4194470783215758e-05
-6.3678275204939942e-05
-6.3241538114760691e-05
-6.2703745358303655e-05
-6.2281797607472943e-05
-6.1751039930762214e-05
-6.1322357677860251e-05
-6.0800320981000596e-05
-6.0372232016915423e-05
-5.9843397581677029e-05
-5.9432469607676228e-05
-5.8897378207621690e-05
-5.8488659307079553e-05
-5.7965356767428661e-05
-5.7547738811672488e-05
-5.7033059851258912e-05
-5.6611282182390827e-05
-5.6097030543539860e-05
-5.5684929888386260e-05
-5.5169138673120573e-05
-5.4749351224808278e-05
-5.4259278357245094e-05
-5.3814459589839639e-05
-5.3351261673452876e-05
-5.2888559879478397e-05
-5.2433059863586348e-05
-5.1967953902724251e-05
-5.1520212210697821e-05
-5.1045259061453953e-05
-5.0618825636939407e-05
-5.0119289177905511e-05
-4.9708068274579809e-05
-4.9208486141117549e-05
-4.8784859536961448e-05
-4.8311493794985077e-05
-4.7855985132514201e-05
-4.7417734542482595e-05
-4.6930211447214528e-05
-4.6516981570060963e-05
-4.6012931840677340e-05
-4.5588574685806827e-05
-4.5119288896507356e-05
-4.4665669559617643e-05
-4.4220370812895336e-05
-4.3742849626771060e-05
-4.3320240999946506e-05
-4.2819384427675163e-05
-4.2388558205647038e-05
-4.1919350212723658e-05
-4.1455813076832759e-05
-4.1018853702191885e-05
-4.0518965315543544e-05
-4.0081788474024174e-05
-3.9612948142341460e-05
-3.9141822741241153e-05
-3.8699396310536109e-05
-3.8194484121166380e-05
0.0000000000000000e+00
];
