%Vec Object:dSdr_b_aug_5150 1 MPI processes
%  type: seq
dSdr_b_aug_5150 = [
2.3289302031361090e+03
0.0000000000000000e+00
-9.0293974667559903e-07
-3.7225668883629731e-07
-2.3069429933326007e-07
-1.6345517514772215e-07
-1.2243691286878838e-07
-9.7080967562751849e-08
-7.9895788018769259e-08
-6.6965280693212003e-08
-5.7364233445625147e-08
-5.0004444488325001e-08
-4.4013573388303586e-08
-3.9160965581832372e-08
-3.5182755081053035e-08
-3.1828869143090614e-08
-2.8963744959233054e-08
-2.6519272992097538e-08
-2.4413047672945839e-08
-6.4724924160730465e-07
-5.7649555945765945e-04
-7.2061206417649358e-04
-6.8284513756059970e-04
-6.4404936488961684e-04
-6.0097379647894170e-04
-5.5940748776367032e-04
-5.1956605704971408e-04
-4.7933323966399966e-04
-4.3805956659050881e-04
-3.9395839848086888e-04
-3.5515148043096530e-04
-3.1785878628824775e-04
-2.8265731816590358e-04
-2.4553466038019725e-04
-2.1534087086273786e-04
-1.8906219810303944e-04
-1.6607639792733350e-04
-1.4436830409691583e-04
-1.2792623936531120e-04
-1.1545556074379142e-04
-1.0560961833017135e-04
-9.7672324167801417e-05
-9.2726188058659905e-05
-8.9710039514470953e-05
-8.8062466260481964e-05
-8.7675374683884508e-05
-8.8165450111266449e-05
-8.9173828852365562e-05
-9.0629432986660011e-05
-9.2592904837267203e-05
-9.4320562594087288e-05
-9.6131754814841143e-05
-9.7975370610284401e-05
-9.9749194522339137e-05
-1.0123485934500261e-04
-1.0256390248893264e-04
-1.0383862193838137e-04
-1.0486569224990178e-04
-1.0570730817928942e-04
-1.0638459270757776e-04
-1.0699256524473967e-04
-1.0738961912187627e-04
-1.0762497758928747e-04
-1.0781054576625969e-04
-1.0789384631317851e-04
-1.0784292711100711e-04
-1.0773057797988060e-04
-1.0755881718177752e-04
-1.0729792451107909e-04
-1.0698024051518253e-04
-1.0664323223331341e-04
-1.0625417232310784e-04
-1.0583126390960234e-04
-1.0534679112798566e-04
-1.0486993987462474e-04
-1.0436576636247094e-04
-1.0381696992203694e-04
-1.0328830652707410e-04
-1.0274911425802026e-04
-1.0213844318881620e-04
-1.0157128094072398e-04
-1.0100117675726242e-04
-1.0037605834819417e-04
-9.9797298404614068e-05
-9.9222460569027164e-05
-9.8554721979194628e-05
-9.7976689052845786e-05
-9.7379958821976084e-05
-9.6732281777394788e-05
-9.6155549074523685e-05
-9.5543668235470962e-05
-9.4899725927803736e-05
-9.4319759601064221e-05
-9.3687827404999400e-05
-9.3079873293874221e-05
-9.2510168088223048e-05
-9.1851743639067058e-05
-9.1272557235692975e-05
-9.0691379283720943e-05
-9.0022542972492448e-05
-8.9484864550330902e-05
-8.8874760191528571e-05
-8.8254500043044324e-05
-8.7716375788559746e-05
-8.7055317872064078e-05
-8.6500198042157775e-05
-8.5938190229850809e-05
-8.5301109367148749e-05
-8.4772782818212197e-05
-8.4158808075947793e-05
-8.3576708178289110e-05
-8.3042854658648847e-05
-8.2413931531424438e-05
-8.1890035065133336e-05
-8.1297002041602745e-05
-8.0736666278335924e-05
-8.0181747702491918e-05
-7.9593689458162147e-05
-7.9075239292443578e-05
-7.8465312565204623e-05
-7.7955558618180381e-05
-7.7383678684661640e-05
-7.6819383002667786e-05
-7.6318657372085813e-05
-7.5698780112283399e-05
-7.5221934460708700e-05
-7.4629516265534005e-05
-7.4117208656838032e-05
-7.3573906490188097e-05
-7.3028214241424656e-05
-7.2506056174726424e-05
-7.1954189783726951e-05
-7.1460147051271059e-05
-7.0877504217900254e-05
-7.0410511098794890e-05
-6.9828874040424546e-05
-6.9342400936242527e-05
-6.8799787174982508e-05
-6.8283919556565858e-05
-6.7769785355415569e-05
-6.7247519895737872e-05
-6.6741228857523769e-05
-6.6215779303058719e-05
-6.5720451506980215e-05
-6.5175896595603980e-05
-6.4714162894131063e-05
-6.4147723796742113e-05
-6.3701018752304972e-05
-6.3141308355881272e-05
-6.2688500254520337e-05
-6.2136493953383055e-05
-6.1684491123669145e-05
-6.1125545613688421e-05
-6.0690801875221581e-05
-6.0125406942290572e-05
-5.9692698542095021e-05
-5.9139391548587597e-05
-5.8697500301822307e-05
-5.8152827390779948e-05
-5.7706201049408925e-05
-5.7162237396939928e-05
-5.6724738995010186e-05
-5.6179606902120856e-05
-5.5733967254519782e-05
-5.5214648915810501e-05
-5.4743479829025675e-05
-5.4251454664579240e-05
-5.3761449409175221e-05
-5.3277700383098738e-05
-5.2784243440810880e-05
-5.2308967874133631e-05
-5.1804543035830530e-05
-5.1351484936347510e-05
-5.0820976993521245e-05
-5.0383681726102350e-05
-4.9853060171594824e-05
-4.9402429244153641e-05
-4.8898940557040264e-05
-4.8414791673271983e-05
-4.7947583714742578e-05
-4.7429696689030267e-05
-4.6988900617704550e-05
-4.6452489562437994e-05
-4.6000630552553544e-05
-4.5499779870068053e-05
-4.5016878174208737e-05
-4.4541670658526218e-05
-4.4032558262314992e-05
-4.3581447028067363e-05
-4.3047050526289698e-05
-4.2587088427192405e-05
-4.2086259685254349e-05
-4.1591103524967890e-05
-4.1124365906538387e-05
-4.0590067910670803e-05
-4.0122886733316379e-05
-3.9621565977489477e-05
-3.9117338141136631e-05
-3.8644445807953133e-05
-3.8102872639514972e-05
0.0000000000000000e+00
];
