%Vec Object:dSdr_b_aug_1050 1 MPI processes
%  type: seq
dSdr_b_aug_1050 = [
2.4631915451613222e+03
0.0000000000000000e+00
-2.3438544873827559e-06
-9.5622724441946637e-07
-5.8271595341505303e-07
-4.0898665291363217e-07
-3.0666945888251910e-07
-2.4350922950952880e-07
-2.0070392927632084e-07
-1.6825860797771062e-07
-1.4417665007274150e-07
-1.2572553107045532e-07
-1.1067926367227817e-07
-9.8489822143804483e-08
-8.8499075326095401e-08
-8.0074121906724625e-08
-7.2874638617445480e-08
-6.6733060506116558e-08
-6.1423748069985469e-08
-5.6739102304884687e-08
-5.2635421192639485e-08
-4.9016518175977031e-08
-4.5763303753528720e-08
-4.2855104235078009e-08
-4.0249299623085163e-08
-4.2648333373283280e-08
-4.8597368375465479e-06
-3.0494092320891564e-04
-4.6208483334214949e-04
-4.2644146522434619e-04
-3.8609312498878625e-04
-3.4660429032269989e-04
-3.0928799870647721e-04
-2.6994901164812893e-04
-2.3796276034962054e-04
-2.1013432501776311e-04
-1.8579703672708342e-04
-1.6281032242279126e-04
-1.4539893784879884e-04
-1.3218888104320827e-04
-1.2174342014366427e-04
-1.1330862607956428e-04
-1.0803294220062159e-04
-1.0478996857225735e-04
-1.0298759407117665e-04
-1.0250672672062835e-04
-1.0295047698740576e-04
-1.0393862707218159e-04
-1.0539593484415349e-04
-1.0737147854196788e-04
-1.0910782291772177e-04
-1.1093257949735737e-04
-1.1278332312120184e-04
-1.1455495325122800e-04
-1.1603142831208044e-04
-1.1734008833545654e-04
-1.1858004959466914e-04
-1.1956721023810770e-04
-1.2036231047770116e-04
-1.2098068413881173e-04
-1.2151958365564760e-04
-1.2184636388693136e-04
-1.2200356257682909e-04
-1.2209524103057795e-04
-1.2209254046527168e-04
-1.2195030753829794e-04
-1.2173669237941106e-04
-1.2146050622816601e-04
-1.2109832700302756e-04
-1.2067360943750594e-04
-1.2022254313161328e-04
-1.1972811208853363e-04
-1.1919936806642563e-04
-1.1858945193952477e-04
-1.1800446570429639e-04
-1.1739281068711755e-04
-1.1671660769531188e-04
-1.1608036227976142e-04
-1.1543399374165043e-04
-1.1469278289766591e-04
-1.1401772735853595e-04
-1.1333854383881070e-04
-1.1258657545265459e-04
-1.1190051728399718e-04
-1.1121760649527550e-04
-1.1042184697028394e-04
-1.0973694735731650e-04
-1.0903076351372847e-04
-1.0826036361749089e-04
-1.0757853702102393e-04
-1.0685548007704346e-04
-1.0609171859650681e-04
-1.0540756207966351e-04
-1.0466134319057419e-04
-1.0394095612174039e-04
-1.0326884877970285e-04
-1.0249242325772791e-04
-1.0180529829117951e-04
-1.0112144972143763e-04
-1.0033240057259974e-04
-9.9693516458816667e-05
-9.8976933101314296e-05
-9.8243490959377714e-05
-9.7605535705800844e-05
-9.6829078768895965e-05
-9.6170630508258690e-05
-9.5506500118579081e-05
-9.4756134298789631e-05
-9.4129837817727053e-05
-9.3404580060386079e-05
-9.2717728051815518e-05
-9.2085406845686830e-05
-9.1341674543276154e-05
-9.0722945465574012e-05
-9.0019996218176982e-05
-8.9357897266108044e-05
-8.8702016681851015e-05
-8.8004761196795815e-05
-8.7391291927549114e-05
-8.6670099070969075e-05
-8.6063336651554133e-05
-8.5388185151624138e-05
-8.4719230851955309e-05
-8.4121789513287568e-05
-8.3391360195505870e-05
-8.2821740268439130e-05
-8.2119171259103230e-05
-8.1512760264342110e-05
-8.0863192362129374e-05
-8.0217218978193130e-05
-7.9595890435180694e-05
-7.8938068964396594e-05
-7.8350797321624137e-05
-7.7656737955209313e-05
-7.7099054074204670e-05
-7.6406932905659461e-05
-7.5826037096177139e-05
-7.5178629306452155e-05
-7.4563667116821431e-05
-7.3948754729773921e-05
-7.3324400255206357e-05
-7.2720387185327048e-05
-7.2089371226898594e-05
-7.1498205544411812e-05
-7.0846275651228737e-05
-7.0289899074265521e-05
-6.9614998359575296e-05
-6.9074556600174462e-05
-6.8405224610767858e-05
-6.7861070655706918e-05
-6.7195592642706065e-05
-6.6653046639287932e-05
-6.5980093844117795e-05
-6.5455178435783092e-05
-6.4775047603658078e-05
-6.4251509812236879e-05
-6.3584599396718599e-05
-6.3050804354823606e-05
-6.2392567895993680e-05
-6.1851859339900482e-05
-6.1195399751977220e-05
-6.0661740342042202e-05
-6.0005517681909532e-05
-5.9461996527204958e-05
-5.8831949035406223e-05
-5.8261012649071864e-05
-5.7659842049560462e-05
-5.7066460923805205e-05
-5.6475756095292303e-05
-5.5874957434758998e-05
-5.5295434101046008e-05
-5.4679424680093720e-05
-5.4125561716548032e-05
-5.3477791137599168e-05
-5.2941775208291785e-05
-5.2293634485578317e-05
-5.1740762644717576e-05
-5.1123225707884686e-05
-5.0530643108026989e-05
-4.9953801320282103e-05
-4.9320955752902807e-05
-4.8775794989803242e-05
-4.8116865018293443e-05
-4.7560887652933035e-05
-4.6940536893242390e-05
-4.6346779700148087e-05
-4.5758347973987323e-05
-4.5129645277111381e-05
-4.4570643119699627e-05
-4.3909290625203003e-05
-4.3339057323413688e-05
-4.2718563995824761e-05
-4.2103772207825068e-05
-4.1524404174519615e-05
-4.0860001724052248e-05
-4.0279507889723264e-05
-3.9655736611638282e-05
-3.9027298424223535e-05
-3.8442209693375350e-05
-3.7778591344329742e-05
0.0000000000000000e+00
];
