%Vec Object:dSdr_b_aug_620 1 MPI processes
%  type: seq
dSdr_b_aug_620 = [
2.5056424696167369e+03
0.0000000000000000e+00
-3.2478067906108352e-06
-1.3197132304531092e-06
-7.9916958409608033e-07
-5.5903780009254679e-07
-4.1939961617347478e-07
-3.3324841610419910e-07
-2.7486374275326051e-07
-2.3048077667220306e-07
-1.9754242816595300e-07
-1.7231013417685071e-07
-1.5172000409170302e-07
-1.3503805297833443e-07
-1.2136613153877802e-07
-1.0983568842615367e-07
-9.9981081159137311e-08
-9.1574889073938755e-08
-8.4307976866365239e-08
-7.7895386860610549e-08
-7.2278229310492610e-08
-6.7324835905386979e-08
-6.2871743769343790e-08
-5.8890984917885641e-08
-5.5319779095094848e-08
-5.2078936689109741e-08
-4.9132036790858646e-08
-4.6572851874991531e-08
-7.6709266716296060e-08
-5.5929309933726779e-06
-1.6361317054544648e-04
-3.2281652319332565e-04
-3.1211744347710649e-04
-2.7632836551517260e-04
-2.4457685556570621e-04
-2.1644944519131433e-04
-1.9174695476114543e-04
-1.6838684332604975e-04
-1.5068664401382713e-04
-1.3725447817290601e-04
-1.2662822094243223e-04
-1.1804312660421087e-04
-1.1266782229399507e-04
-1.0935625215783511e-04
-1.0750705059308887e-04
-1.0699781447725945e-04
-1.0742755303031436e-04
-1.0840958711653303e-04
-1.0986741631346249e-04
-1.1184661864140629e-04
-1.1358559515854145e-04
-1.1541446003307442e-04
-1.1726736235909622e-04
-1.1903832820780346e-04
-1.2051202035614106e-04
-1.2181450788530588e-04
-1.2304394365293903e-04
-1.2401901885768655e-04
-1.2480003327374861e-04
-1.2540056771020901e-04
-1.2591855078756606e-04
-1.2622405103048854e-04
-1.2635758173232430e-04
-1.2642082899216823e-04
-1.2639208601171559e-04
-1.2622220196084125e-04
-1.2597792201137536e-04
-1.2567011439668397e-04
-1.2527726418515232e-04
-1.2482013537667589e-04
-1.2433453074512537e-04
-1.2380819188011650e-04
-1.2324739939414395e-04
-1.2259949735060543e-04
-1.2198176638550219e-04
-1.2133756452496286e-04
-1.2062278115071282e-04
-1.1995395846425463e-04
-1.1927513552618013e-04
-1.1849439553574074e-04
-1.1778666848199465e-04
-1.1707445430265753e-04
-1.1628407409658884e-04
-1.1556552461724032e-04
-1.1484988792376922e-04
-1.1401536200869704e-04
-1.1329810176887451e-04
-1.1255877394916877e-04
-1.1175121199435058e-04
-1.1103756160214689e-04
-1.1028083909831769e-04
-1.0948079483517767e-04
-1.0876508818181785e-04
-1.0798426181620792e-04
-1.0722982860574153e-04
-1.0652671257749903e-04
-1.0571455482608924e-04
-1.0499474467987887e-04
-1.0427980613005947e-04
-1.0345435500798471e-04
-1.0278482451387525e-04
-1.0203599804318680e-04
-1.0126828312787979e-04
-1.0060009793915122e-04
-9.9788696850171060e-05
-9.9098959556905239e-05
-9.8403905282960912e-05
-9.7619235478170168e-05
-9.6963272585594165e-05
-9.6204317057305380e-05
-9.5485744915292195e-05
-9.4823606575574555e-05
-9.4045108742829491e-05
-9.3397663279009665e-05
-9.2661430148197429e-05
-9.1968516151016524e-05
-9.1282063130350324e-05
-9.0551741483294206e-05
-8.9909499363469259e-05
-8.9154613864713287e-05
-8.8518476192949434e-05
-8.7812052903815977e-05
-8.7111406800560929e-05
-8.6484678911913037e-05
-8.5720773243090623e-05
-8.5123060292783832e-05
-8.4387136443749613e-05
-8.3752229967664900e-05
-8.3070483684281784e-05
-8.2394144135201412e-05
-8.1742785753807388e-05
-8.1052879992855517e-05
-8.0437377702992488e-05
-7.9709580269297922e-05
-7.9124434337893488e-05
-7.8398857468045018e-05
-7.7789369549196959e-05
-7.7110229100950950e-05
-7.6465260126474676e-05
-7.5819831146403790e-05
-7.5164563156346250e-05
-7.4530958957773683e-05
-7.3867976514089848e-05
-7.3247790271075398e-05
-7.2563346264075060e-05
-7.1978311018799156e-05
-7.1270567179318486e-05
-7.0701741181976104e-05
-6.9999214851090293e-05
-6.9427400680805413e-05
-6.8727562507163673e-05
-6.8157599395863948e-05
-6.7450124314269680e-05
-6.6897904346309013e-05
-6.6183030655575205e-05
-6.5631989201806983e-05
-6.4930678924554451e-05
-6.4369054954246916e-05
-6.3676430789677603e-05
-6.3107233742716958e-05
-6.2416709834071832e-05
-6.1853932555114191e-05
-6.1164071256327945e-05
-6.0590911375480225e-05
-5.9927334825878195e-05
-5.9326188836452220e-05
-5.8691968919910319e-05
-5.8067285672982867e-05
-5.7444194792136517e-05
-5.6810893352671257e-05
-5.6199804267910559e-05
-5.5550007596677887e-05
-5.4965621782967358e-05
-5.4282344990254537e-05
-5.3716437790969193e-05
-5.3032713715438830e-05
-5.2448885256812086e-05
-5.1796816718014599e-05
-5.1171403114177552e-05
-5.0561367451092170e-05
-4.9893716310229026e-05
-4.9316958649015266e-05
-4.8620935509873912e-05
-4.8033437990445669e-05
-4.7376910846200949e-05
-4.6749596798089032e-05
-4.6126893342184697e-05
-4.5461994399491695e-05
-4.4870342801170502e-05
-4.4170573697968260e-05
-4.3566984058505204e-05
-4.2910301910977867e-05
-4.2259348001811541e-05
-4.1645967561442193e-05
-4.0942310720690844e-05
-4.0327737445835742e-05
-3.9667310698962738e-05
-3.9002164308790231e-05
-3.8385646297011933e-05
-3.7698629165166801e-05
0.0000000000000000e+00
];
