%Vec Object:dSdr_b_aug_4270 1 MPI processes
%  type: seq
dSdr_b_aug_4270 = [
2.3459083896941606e+03
0.0000000000000000e+00
-1.0134210953157911e-06
-4.1804647018661652e-07
-2.5906705871266173e-07
-1.8370917669994001e-07
-1.3788397889709306e-07
-1.0955824347754097e-07
-9.0358437838606747e-08
-7.5890364893485065e-08
-6.5146704663662615e-08
-5.6911147113130571e-08
-5.0201922683679272e-08
-4.4766094000632001e-08
-4.0309507247008419e-08
-3.6550913631058799e-08
-3.3338604185700351e-08
-3.0597707396406287e-08
-2.8227706649857453e-08
-2.6341201763272022e-08
-8.2546217235767920e-06
-6.8439921878091789e-04
-6.8896383174647921e-04
-6.5032003446057059e-04
-6.0687570122759475e-04
-5.6495535658543687e-04
-5.2478178182398813e-04
-4.8421790246460457e-04
-4.4261069246587264e-04
-3.9816255824284602e-04
-3.5905202990602373e-04
-3.2147246067575937e-04
-2.8600385298589780e-04
-2.4860247365524507e-04
-2.1818341010752552e-04
-1.9170999369931628e-04
-1.6855437118915088e-04
-1.4668561293009716e-04
-1.3012174915223956e-04
-1.1755816473110857e-04
-1.0763689049912240e-04
-9.9637083575969464e-05
-9.4649538560251430e-05
-9.1604888621308630e-05
-8.9937864050541975e-05
-8.9538989246621192e-05
-9.0023243799534748e-05
-9.1029080791013594e-05
-9.2484899051496408e-05
-9.4449887832002134e-05
-9.6178637147363284e-05
-9.7991533830854498e-05
-9.9836045311387425e-05
-1.0160959353358874e-04
-1.0309410356931686e-04
-1.0442058544108426e-04
-1.0569093733954997e-04
-1.0671299280024901e-04
-1.0754876380938104e-04
-1.0821864598385922e-04
-1.0881793928474571e-04
-1.0920616305903663e-04
-1.0943170049803314e-04
-1.0960547111643408e-04
-1.0967796533661067e-04
-1.0961557225528515e-04
-1.0949049869817295e-04
-1.0930561649106319e-04
-1.0903199681165119e-04
-1.0870086367104957e-04
-1.0834952359358700e-04
-1.0794722342751556e-04
-1.0751101639373978e-04
-1.0701078120356852e-04
-1.0652034240269927e-04
-1.0600266345383291e-04
-1.0543785791743983e-04
-1.0489567645376592e-04
-1.0434301709937489e-04
-1.0371594323014304e-04
-1.0313522379858647e-04
-1.0255141339980635e-04
-1.0191035582573462e-04
-1.0131811346893513e-04
-1.0072969587197485e-04
-1.0004587097987166e-04
-9.9454409863005230e-05
-9.8843926383866917e-05
-9.8180828759879908e-05
-9.7590890623137704e-05
-9.6965040096588516e-05
-9.6306042066459849e-05
-9.5712983858271065e-05
-9.5066691116119521e-05
-9.4444609387474149e-05
-9.3862036974960356e-05
-9.3188785252527840e-05
-9.2596035968420753e-05
-9.2001957072791992e-05
-9.1318015570584192e-05
-9.0767620277756113e-05
-9.0144136430517026e-05
-8.9509654530488605e-05
-8.8958986127450393e-05
-8.8283427877337858e-05
-8.7715324429465751e-05
-8.7140484519084274e-05
-8.6489168962374912e-05
-8.5948532110776514e-05
-8.5320574225829568e-05
-8.4725311818351778e-05
-8.4179085450692185e-05
-8.3535736104611936e-05
-8.2999923550910738e-05
-8.2393079126123943e-05
-8.1819956421392087e-05
-8.1252351575199631e-05
-8.0650572271803901e-05
-8.0120182583929853e-05
-7.9496274833225269e-05
-7.8974331391663425e-05
-7.8389474981472242e-05
-7.7812028534199546e-05
-7.7299150195051335e-05
-7.6665381635801193e-05
-7.6176878531009317e-05
-7.5570619453449157e-05
-7.5046487382767052e-05
-7.4489832507960367e-05
-7.3931539538438443e-05
-7.3396920309059632e-05
-7.2831740243430336e-05
-7.2325982927754349e-05
-7.1729340166010164e-05
-7.1250951390627708e-05
-7.0655431565091030e-05
-7.0157093870291395e-05
-6.9601312321069682e-05
-6.9072993072582723e-05
-6.8546195687937945e-05
-6.8011102333166270e-05
-6.7492532127118421e-05
-6.6953817728414029e-05
-6.6446447512595578e-05
-6.5888400499964454e-05
-6.5414774534302642e-05
-6.4834706793110377e-05
-6.4376223344474041e-05
-6.3802738546030982e-05
-6.3338452458262489e-05
-6.2772187969720411e-05
-6.2308808009973234e-05
-6.1735537011849910e-05
-6.1289462820329752e-05
-6.0709650841584244e-05
-6.0265529338427989e-05
-5.9697947594052698e-05
-5.9244508235694514e-05
-5.8685565578079966e-05
-5.8227117391755954e-05
-5.7669018134941600e-05
-5.7219436671924825e-05
-5.6660345555733119e-05
-5.6202406650096959e-05
-5.5669174690799422e-05
-5.5185469376869750e-05
-5.4679729579409354e-05
-5.4176734651368010e-05
-5.3679546112014279e-05
-5.3172601154855061e-05
-5.2684226329699901e-05
-5.2165780320985568e-05
-5.1700055551481360e-05
-5.1154812938385118e-05
-5.0705112855445783e-05
-5.0159724356884321e-05
-4.9696246235178331e-05
-4.9178426686233772e-05
-4.8680652395665663e-05
-4.8199668192588720e-05
-4.7667335801849207e-05
-4.7213425470682093e-05
-4.6661618931812648e-05
-4.6196676460064812e-05
-4.5680809432425989e-05
-4.5183977483405650e-05
-4.4694541904494059e-05
-4.4170401291158105e-05
-4.3705731619165813e-05
-4.3155380654345700e-05
-4.2681560036637311e-05
-4.2165691611620371e-05
-4.1655498134383426e-05
-4.1174601415954373e-05
-4.0623945149020891e-05
-4.0142509292859949e-05
-3.9625772201449459e-05
-3.9105873169293237e-05
-3.8618704217818731e-05
-3.8060846476613770e-05
0.0000000000000000e+00
];
