%Vec Object:dSdr_b_aug_2570 1 MPI processes
%  type: seq
dSdr_b_aug_2570 = [
2.3888785246600637e+03
0.0000000000000000e+00
-1.3644464425120265e-06
-5.6077321475609001e-07
-3.4556186638854415e-07
-2.4418733048222731e-07
-1.8321564948575133e-07
-1.4554476779755900e-07
-1.2001186438403874e-07
-1.0073320237631466e-07
-8.6419703322954707e-08
-7.5449614249713485e-08
-6.6509530458912386e-08
-5.9266501832184467e-08
-5.3328903011176030e-08
-4.8321471074126190e-08
-4.4042028126224599e-08
-4.0390914363769860e-08
-3.7234133311662557e-08
-3.4448114121688395e-08
-3.2007357563876941e-08
-3.0539761567265165e-08
-7.3885296183533162e-06
-5.7928214019950736e-04
-6.2063955454663157e-04
-5.7944968080446413e-04
-5.3845381325361662e-04
-4.9702386703956555e-04
-4.5454232750278514e-04
-4.0918456264013602e-04
-3.6927806275413193e-04
-3.3094639593437392e-04
-2.9477743101814536e-04
-2.5664533009090552e-04
-2.2563566777762418e-04
-1.9865169380888065e-04
-1.7505084970405733e-04
-1.5276087903847460e-04
-1.3587769585295370e-04
-1.2307054117213157e-04
-1.1295177021956281e-04
-1.0478807417770270e-04
-9.9691967822257156e-05
-9.6572596049127681e-05
-9.4854576151200381e-05
-9.4424809381002490e-05
-9.4893803413187108e-05
-9.5892976734925520e-05
-9.7349356379256922e-05
-9.9318322092218538e-05
-1.0104993314616138e-04
-1.0286729841257579e-04
-1.0471415811085579e-04
-1.0648698379490139e-04
-1.0796846663757399e-04
-1.0928823392934080e-04
-1.1054713572567736e-04
-1.1155604404727815e-04
-1.1237649171788784e-04
-1.1302696719432738e-04
-1.1360350609176068e-04
-1.1396857994512257e-04
-1.1416836956991342e-04
-1.1431121053044179e-04
-1.1435537380160656e-04
-1.1426289966094867e-04
-1.1410446650309325e-04
-1.1388518393348534e-04
-1.1357819789131740e-04
-1.1321180517521042e-04
-1.1282289148892200e-04
-1.1238587939664721e-04
-1.1191480742682287e-04
-1.1137324801402152e-04
-1.1084718681400362e-04
-1.1029410078961824e-04
-1.0968732435864467e-04
-1.0910970270256819e-04
-1.0852173681852962e-04
-1.0785165988490621e-04
-1.0723539771456687e-04
-1.0661565386175796e-04
-1.0593280873108617e-04
-1.0530521966023333e-04
-1.0468120013260097e-04
-1.0395520193582898e-04
-1.0332853626028612e-04
-1.0268199602182920e-04
-1.0197847041258399e-04
-1.0135391171636448e-04
-1.0069143699405447e-04
-9.9992967520765139e-05
-9.9365586452584379e-05
-9.8681644804570821e-05
-9.8022524836724974e-05
-9.7406218591522049e-05
-9.6694094349232304e-05
-9.6065787391023472e-05
-9.5437886215410939e-05
-9.4714343579242695e-05
-9.4130608588898672e-05
-9.3472047864982881e-05
-9.2800280934677491e-05
-9.2216725656932465e-05
-9.1503152020534122e-05
-9.0901009545197575e-05
-9.0292527845536183e-05
-8.9603893327260610e-05
-8.9030982672338215e-05
-8.8366365315434737e-05
-8.7736594881253227e-05
-8.7157930735616053e-05
-8.6476760308953630e-05
-8.5909707462052042e-05
-8.5266653817994990e-05
-8.4660007710291626e-05
-8.4059143389584104e-05
-8.3421391716034229e-05
-8.2859700296104472e-05
-8.2199138628933531e-05
-8.1645238105046742e-05
-8.1026361388936117e-05
-8.0414437704949223e-05
-7.9869698724699075e-05
-7.9199511477253683e-05
-7.8680446137410380e-05
-7.8037900549491639e-05
-7.7482768398266281e-05
-7.6891106854626729e-05
-7.6299778694243793e-05
-7.5732490152020682e-05
-7.5132405751080872e-05
-7.4595936422528169e-05
-7.3962590180430223e-05
-7.3454325519643350e-05
-7.2822409373921279e-05
-7.2292966392815901e-05
-7.1702662977232817e-05
-7.1141699406465606e-05
-7.0581703071840080e-05
-7.0012978944089969e-05
-6.9462216557855612e-05
-6.8888725840460783e-05
-6.8349784124230680e-05
-6.7756364994944933e-05
-6.7251561189841989e-05
-6.6635763359183497e-05
-6.6146400576240662e-05
-6.5536803554886710e-05
-6.5042425734585137e-05
-6.4438780687057557e-05
-6.3945573408241040e-05
-6.3334745408672667e-05
-6.2858966269869145e-05
-6.2241357252901201e-05
-6.1767314119047430e-05
-6.1162308388695489e-05
-6.0678593447643759e-05
-6.0082239922522935e-05
-5.9592798508008577e-05
-5.8997640061523617e-05
-5.8516380540891130e-05
-5.7920693173945517e-05
-5.7430509407186278e-05
-5.6860800226810578e-05
-5.6344228789508261e-05
-5.5802533452008944e-05
-5.5265483603739011e-05
-5.4733060799501162e-05
-5.4190754419125222e-05
-5.3668037367208816e-05
-5.3112832161390830e-05
-5.2613899272175117e-05
-5.2030026879498235e-05
-5.1547805170432585e-05
-5.0963702271286547e-05
-5.0466542732735640e-05
-4.9911152043283864e-05
-4.9377656088728036e-05
-4.8860554762402218e-05
-4.8290351009860772e-05
-4.7802059048657491e-05
-4.7209890200081179e-05
-4.6710646801972223e-05
-4.6155411399845086e-05
-4.5622058438094714e-05
-4.5095321036095814e-05
-4.4531780784480978e-05
-4.4031564700513508e-05
-4.3439385576787419e-05
-4.2929231560076393e-05
-4.2373932857177012e-05
-4.1824314950904730e-05
-4.1306295643948640e-05
-4.0712750256875227e-05
-4.0193938394733988e-05
-3.9636775859454202e-05
-3.9075773207635892e-05
-3.8551122097307515e-05
-3.7950282508971722e-05
0.0000000000000000e+00
];
