%Vec Object:dSdr_b_aug_7050 1 MPI processes
%  type: seq
dSdr_b_aug_7050 = [
2.3016582655261955e+03
0.0000000000000000e+00
-7.5595398150351702e-07
-3.1274303522796672e-07
-1.9470026576436129e-07
-1.3843770627213856e-07
-1.0388919440899728e-07
-8.2525224743315018e-08
-6.8043986667810026e-08
-5.7153645590017984e-08
-4.9065689995325812e-08
-4.2864874470848046e-08
-3.7815803699542779e-08
-3.3725147037959652e-08
-3.0371133328089716e-08
-2.7542571745035962e-08
-2.5125285928949977e-08
-2.3081046520345705e-08
-3.2755068243257701e-06
-7.4359274242677973e-04
-7.4872629381109797e-04
-7.0983788797222207e-04
-6.7147176745982126e-04
-6.3325079924141168e-04
-5.9082432917623130e-04
-5.4986719106153194e-04
-5.1059693696448353e-04
-4.7093342448005585e-04
-4.3023331188644888e-04
-3.8672879751647709e-04
-3.4844397717151800e-04
-3.1164460237958098e-04
-2.7690251580449437e-04
-2.4025915633972642e-04
-2.1045275511602223e-04
-1.8450896965278209e-04
-1.6181520130673682e-04
-1.4038339110736758e-04
-1.2415077585205649e-04
-1.1183986094967766e-04
-1.0212346146949712e-04
-9.4293666195506028e-05
-8.9418738263216338e-05
-8.6451601692877342e-05
-8.4837477581470276e-05
-8.4470648829684122e-05
-8.4970734013002609e-05
-8.5983483612459479e-05
-8.7438719504482441e-05
-8.9399582761671482e-05
-9.1125363412232089e-05
-9.2933624556432816e-05
-9.4775700075280800e-05
-9.6549997809589850e-05
-9.8037648112810527e-05
-9.9371095394422553e-05
-1.0065332513422590e-04
-1.0168901887333149e-04
-1.0254068566044555e-04
-1.0323069938589346e-04
-1.0385359694908047e-04
-1.0426583529139911e-04
-1.0451808225426268e-04
-1.0472393783204354e-04
-1.0482582122945328e-04
-1.0479463282462175e-04
-1.0470416497220973e-04
-1.0455496811908352e-04
-1.0431596117253657e-04
-1.0402140471006906e-04
-1.0370904179690331e-04
-1.0334275021142125e-04
-1.0294271048925040e-04
-1.0248534320714571e-04
-1.0203185749577362e-04
-1.0155090832647555e-04
-1.0102964160016910e-04
-1.0052422427235521e-04
-1.0000819039874353e-04
-9.9425726072174272e-05
-9.8881877156678784e-05
-9.8335342586362625e-05
-9.7737633640937954e-05
-9.7182058454817761e-05
-9.6630572780189735e-05
-9.5990496677770195e-05
-9.5435555267559102e-05
-9.4862475532834465e-05
-9.4241316179467802e-05
-9.3687291935003663e-05
-9.3099433789197513e-05
-9.2481381754755314e-05
-9.1923928619469752e-05
-9.1316691250570623e-05
-9.0733031415689318e-05
-9.0185453045251953e-05
-8.9552526022982224e-05
-8.8996662757897526e-05
-8.8437669657016736e-05
-8.7794808689607839e-05
-8.7278998581371780e-05
-8.6691902006859748e-05
-8.6096098036470378e-05
-8.5579545101948349e-05
-8.4943422422734707e-05
-8.4410629638747106e-05
-8.3870688314442588e-05
-8.3258085887911564e-05
-8.2750928531995289e-05
-8.2160999651098701e-05
-8.1601534429370434e-05
-8.1088957658916055e-05
-8.0484842321967273e-05
-7.9981437146063711e-05
-7.9412154654167922e-05
-7.8873807730051019e-05
-7.8340704876693999e-05
-7.7776241810319444e-05
-7.7278323236657968e-05
-7.6692438731560322e-05
-7.6203646238015509e-05
-7.5654081077872339e-05
-7.5112399881967432e-05
-7.4632572448539349e-05
-7.4036583122205952e-05
-7.3579784012691202e-05
-7.3011167053680536e-05
-7.2519193182464655e-05
-7.1998852773840866e-05
-7.1474829143262892e-05
-7.0974099707184256e-05
-7.0445127954059370e-05
-6.9971230012984081e-05
-6.9412661923284853e-05
-6.8965265161061905e-05
-6.8407501374861547e-05
-6.7941431024404460e-05
-6.7421461037419644e-05
-6.6927005667296444e-05
-6.6434647509845473e-05
-6.5934441338900941e-05
-6.5449265982700833e-05
-6.4946627112077529e-05
-6.4472007882549026e-05
-6.3950654457799595e-05
-6.3509371114888282e-05
-6.2966368312209582e-05
-6.2539917834175801e-05
-6.2003894388394233e-05
-6.1570824251799323e-05
-6.1043336839990069e-05
-6.0610898546120732e-05
-6.0076587665604695e-05
-5.9661328203496563e-05
-5.9120725354395454e-05
-5.8707643367194405e-05
-5.8178883772812762e-05
-5.7756851115305926e-05
-5.7236717009756634e-05
-5.6810419991091330e-05
-5.6290764483472327e-05
-5.5874044614966514e-05
-5.5352917030168410e-05
-5.4928427714036294e-05
-5.4433035827813520e-05
-5.3983424595825202e-05
-5.3514983723548993e-05
-5.3047316110978060e-05
-5.2586678304221962e-05
-5.2116416005425841e-05
-5.1663666585304895e-05
-5.1183353267250421e-05
-5.0752077472179088e-05
-5.0246908066329920e-05
-4.9830944876336267e-05
-4.9325717435642720e-05
-4.8897179403801578e-05
-4.8418335032597608e-05
-4.7957617407153081e-05
-4.7514100168857163e-05
-4.7021054601918482e-05
-4.6602811084550575e-05
-4.6092875593937814e-05
-4.5663516483529135e-05
-4.5188489763150833e-05
-4.4729544615700477e-05
-4.4278806111621931e-05
-4.3795539149848888e-05
-4.3367746453879739e-05
-4.2860789605586583e-05
-4.2424664031472365e-05
-4.1949704659640420e-05
-4.1480416321044326e-05
-4.1038040317021676e-05
-4.0531892598377266e-05
-4.0089256945793820e-05
-3.9614506020840705e-05
-3.9137353278545674e-05
-3.8689366685699262e-05
-3.8177685149221053e-05
0.0000000000000000e+00
];
