%Vec Object:dSdr_b_aug_2490 1 MPI processes
%  type: seq
dSdr_b_aug_2490 = [
2.3913483710813175e+03
0.0000000000000000e+00
-1.3875008723661042e-06
-5.6969181529170500e-07
-3.5066053774050392e-07
-2.4753363284264409e-07
-1.8556583195749211e-07
-1.4728194681932753e-07
-1.2133461322609395e-07
-1.0174695621141331e-07
-8.7205011750053769e-08
-7.6060132346927116e-08
-6.6979908858393914e-08
-5.9624110148470682e-08
-5.3594310269434566e-08
-4.8509912669345526e-08
-4.4165511859759829e-08
-4.0459144737720386e-08
-3.7254823315589684e-08
-3.4427550313728905e-08
-3.1950736215878074e-08
-3.0003816884748032e-08
-2.6926294209738578e-06
-5.0457918394557287e-04
-6.2036183717792382e-04
-5.8027507265264258e-04
-5.3926101281929898e-04
-4.9778101807548131e-04
-4.5524784122054769e-04
-4.0983629407735417e-04
-3.6988272866639695e-04
-3.3150659026064675e-04
-2.9529621313569015e-04
-2.5712090453715764e-04
-2.2607632003514874e-04
-1.9906215672405340e-04
-1.7543498660015270e-04
-1.5312010957721579e-04
-1.3621804498634206e-04
-1.2339648796268695e-04
-1.1326603900540376e-04
-1.0509265218378070e-04
-9.9990126595476462e-05
-9.6866336528963337e-05
-9.5145301292488040e-05
-9.4713707901126850e-05
-9.5181799602781728e-05
-9.6180578926802213e-05
-9.7636991791538556e-05
-9.9606192686342896e-05
-1.0133797297820454e-04
-1.0315560249426674e-04
-1.0500260106335537e-04
-1.0677538404257317e-04
-1.0825668790421810e-04
-1.0957605817802195e-04
-1.1083428294335312e-04
-1.1184241388674975e-04
-1.1266195549919842e-04
-1.1331128347087290e-04
-1.1388647691432510e-04
-1.1425018192557995e-04
-1.1444844909351140e-04
-1.1458946119338303e-04
-1.1463194926509595e-04
-1.1453769643996247e-04
-1.1437729073644567e-04
-1.1415597408026829e-04
-1.1384701509145182e-04
-1.1347853748227952e-04
-1.1308740207343848e-04
-1.1264833746977883e-04
-1.1217520394065212e-04
-1.1163120102979762e-04
-1.1110303347198603e-04
-1.1054785377836323e-04
-1.0993859560799752e-04
-1.0935887837358480e-04
-1.0876882481453663e-04
-1.0809620510871960e-04
-1.0747784129602040e-04
-1.0685597269767331e-04
-1.0617065666754881e-04
-1.0554097754492852e-04
-1.0491485287443382e-04
-1.0418636096851832e-04
-1.0355761364658027e-04
-1.0290894137086979e-04
-1.0220302525317207e-04
-1.0157641944220663e-04
-1.0091177912980448e-04
-1.0021097570826508e-04
-9.9581565128112974e-05
-9.8895397298539304e-05
-9.8234087257876741e-05
-9.7615786329750560e-05
-9.6901363553241344e-05
-9.6270954068033206e-05
-9.5641052979406725e-05
-9.4915168725810919e-05
-9.4329462357525216e-05
-9.3668827533580383e-05
-9.2994855932426171e-05
-9.2409356047274850e-05
-9.1693534553823465e-05
-9.1089379343994146e-05
-9.0478908398503673e-05
-8.9788067202641701e-05
-8.9213248190929086e-05
-8.8546463151994759e-05
-8.7914652250920848e-05
-8.7334070052387096e-05
-8.6650663257352976e-05
-8.6081763164776929e-05
-8.5436568461721380e-05
-8.4827940107576238e-05
-8.4225109146429051e-05
-8.3585230418462502e-05
-8.3021688119432898e-05
-8.2358959097660286e-05
-8.1803168943489734e-05
-8.1182280598236727e-05
-8.0568318266604482e-05
-8.0021695358235712e-05
-7.9349354664510924e-05
-7.8828482171153846e-05
-7.8183790952330901e-05
-7.7626825757322226e-05
-7.7033094259655182e-05
-7.6439812718748275e-05
-7.5870592430233699e-05
-7.5268444125591960e-05
-7.4730158785699607e-05
-7.4094642255703345e-05
-7.3584611023419909e-05
-7.2950542751674521e-05
-7.2419260503855519e-05
-7.1826915798375339e-05
-7.1264021956815530e-05
-7.0702062555860030e-05
-7.0131349827644307e-05
-6.9578683904727911e-05
-6.9003136849797651e-05
-6.8462328296915894e-05
-6.7866817599512565e-05
-6.7360170234079822e-05
-6.6742259667195954e-05
-6.6251070973485240e-05
-6.5639338619106035e-05
-6.5143181457706902e-05
-6.4537326078928435e-05
-6.4042355092339058e-05
-6.3429306326793038e-05
-6.2951770714411021e-05
-6.2331926736129239e-05
-6.1856114314170989e-05
-6.1248895678943740e-05
-6.0763390518131207e-05
-6.0164824861246766e-05
-5.9673550789677860e-05
-5.9076201003034768e-05
-5.8593068327967199e-05
-5.7995216990697630e-05
-5.7503126550197189e-05
-5.6931260433306594e-05
-5.6412745581759561e-05
-5.5868924149371958e-05
-5.5329860586805477e-05
-5.4795354329861689e-05
-5.4250956973668634e-05
-5.3726209206625189e-05
-5.3168830364393628e-05
-5.2667933808880775e-05
-5.2081777158814805e-05
-5.1597632361367372e-05
-5.1011240184073351e-05
-5.0512088958785000e-05
-4.9954476569665563e-05
-4.9418868260913376e-05
-4.8899631179894931e-05
-4.8327187922635772e-05
-4.7836862781702718e-05
-4.7242307082413771e-05
-4.6741035208596867e-05
-4.6183471643811064e-05
-4.5647958825597233e-05
-4.5119015322025739e-05
-4.4553144823656985e-05
-4.4050826204733189e-05
-4.3456172918588206e-05
-4.2943869394039777e-05
-4.2386237688118405e-05
-4.1834286558659085e-05
-4.1314069236893391e-05
-4.0717983304540063e-05
-4.0196954035537466e-05
-3.9637387750147237e-05
-3.9073926085115546e-05
-3.8546978236970656e-05
-3.7943168554598189e-05
0.0000000000000000e+00
];
