%Vec Object:dSdr_b_aug_7170 1 MPI processes
%  type: seq
dSdr_b_aug_7170 = [
2.3006098324867567e+03
0.0000000000000000e+00
-7.5094282995573726e-07
-3.1073705238984780e-07
-1.9350165658063466e-07
-1.3761635531753171e-07
-1.0328989790200654e-07
-8.2062833129385316e-08
-6.7674236754723743e-08
-5.6853389088883317e-08
-4.8816910678733599e-08
-4.2655500845249937e-08
-3.7638295296596905e-08
-3.3573365143543073e-08
-3.0240405480743063e-08
-2.7429509453457487e-08
-2.5027229264047414e-08
-2.3007756513625729e-08
-5.2757333003968979e-06
-7.5838475344278350e-04
-7.4808056267393775e-04
-7.0914105939259722e-04
-6.7080927654690275e-04
-6.3262264793764668e-04
-5.9023395164639646e-04
-5.4931224836238517e-04
-5.1007521864563580e-04
-4.7044482165438048e-04
-4.2977807209383905e-04
-3.8630826405328990e-04
-3.4805381324044018e-04
-3.1128313399329750e-04
-2.7656776885920788e-04
-2.3995228936136477e-04
-2.1016842185477680e-04
-1.8424411621524247e-04
-1.6156733486362012e-04
-1.4015159561340940e-04
-1.2393116367771678e-04
-1.1162954195849861e-04
-1.0192067776943526e-04
-9.4097135647592175e-05
-8.9226349758608133e-05
-8.6262064115596955e-05
-8.4649885668091650e-05
-8.4284235554600193e-05
-8.4784902973084115e-05
-8.5797906803360149e-05
-8.7253121261577127e-05
-8.9213832768257837e-05
-9.0939504218747109e-05
-9.2747594856028555e-05
-9.4589580769148957e-05
-9.6363906060209118e-05
-9.7851671852974332e-05
-9.9185375313476512e-05
-1.0046804191192223e-04
-1.0150423725912237e-04
-1.0235648868565774e-04
-1.0304724284509652e-04
-1.0367100856998069e-04
-1.0408413016524351e-04
-1.0433735950168055e-04
-1.0454439516162657e-04
-1.0464735949050533e-04
-1.0461731879131724e-04
-1.0452812373444646e-04
-1.0438023938643236e-04
-1.0414250549411585e-04
-1.0384929431985466e-04
-1.0353836498480603e-04
-1.0317339779305010e-04
-1.0277468830279538e-04
-1.0231889770054199e-04
-1.0186677112210469e-04
-1.0138717287245485e-04
-1.0086750750192488e-04
-1.0036344235747459e-04
-9.9848755567546460e-05
-9.9267931978417099e-05
-9.8725439159071251e-05
-9.8180275592331181e-05
-9.7584161008045485e-05
-9.7029934439139573e-05
-9.6479807119318397e-05
-9.5841340096049853e-05
-9.5287741879410630e-05
-9.4716037853184907e-05
-9.4096420988172018e-05
-9.3543717655512133e-05
-9.2957256868309932e-05
-9.2340710826432709e-05
-9.1784567244629307e-05
-9.1178766331260927e-05
-9.0596519652544693e-05
-9.0050228361946046e-05
-8.9418784481090619e-05
-8.8864277882763981e-05
-8.8306575236432385e-05
-8.7665225210071127e-05
-8.7150687143971962e-05
-8.6564928892962880e-05
-8.5970547496976458e-05
-8.5455249329588335e-05
-8.4820577090852296e-05
-8.4289083033311582e-05
-8.3750425279252328e-05
-8.3139246721885128e-05
-8.2633320742108227e-05
-8.2044790568256220e-05
-8.1486641967340139e-05
-8.0975302829419706e-05
-8.0372630519651094e-05
-7.9870417287505879e-05
-7.9302516323883531e-05
-7.8765448453409074e-05
-7.8233614583805662e-05
-7.7670524009089260e-05
-7.7173799723535659e-05
-7.6589313713922835e-05
-7.6101740512814312e-05
-7.5553473365447114e-05
-7.5013107616103686e-05
-7.4534495795648733e-05
-7.3939895990187193e-05
-7.3484262954360858e-05
-7.2917030473220850e-05
-7.2426239381412398e-05
-7.1907234619687801e-05
-7.1384471416297986e-05
-7.0884988447761488e-05
-7.0357348437350862e-05
-6.9884622285131976e-05
-6.9327454582946381e-05
-6.8881197708141288e-05
-6.8324822590265074e-05
-6.7859939034024098e-05
-6.7341286197639797e-05
-6.6848076342389056e-05
-6.6356984861206029e-05
-6.5858061842456414e-05
-6.5374114750504781e-05
-6.4872802739542696e-05
-6.4399388093148700e-05
-6.3879384260504807e-05
-6.3439290481318090e-05
-6.2897650929261451e-05
-6.2472378626186225e-05
-6.1937733011393662e-05
-6.1505811000076057e-05
-6.0979749811869319e-05
-6.0548449555387691e-05
-6.0015571631072169e-05
-5.9601445537986849e-05
-5.9062284804167261e-05
-5.8650344454065446e-05
-5.8123012742327192e-05
-5.7702135227499721e-05
-5.7183428505016014e-05
-5.6758314011120655e-05
-5.6240072469798232e-05
-5.5824561256266756e-05
-5.5304829976172328e-05
-5.4881570942350518e-05
-5.4387570820978782e-05
-5.3939213576834379e-05
-5.3472144567152526e-05
-5.3005776302096314e-05
-5.2546482840888204e-05
-5.2077569740764383e-05
-5.1626130634510625e-05
-5.1147219849430195e-05
-5.0717211101461374e-05
-5.0213515603557667e-05
-4.9798793273385687e-05
-4.9295042975390995e-05
-4.8867790061107734e-05
-4.8390379220700505e-05
-4.7931024566183505e-05
-4.7488885393179424e-05
-4.6997284830470317e-05
-4.6580353178266117e-05
-4.6071957751301037e-05
-4.5643907450862022e-05
-4.5170382900858545e-05
-4.4712831306076001e-05
-4.4263516172197947e-05
-4.3781752656017568e-05
-4.3355316434845917e-05
-4.2849955800225759e-05
-4.2415216879760509e-05
-4.1941762450151650e-05
-4.1473979025951144e-05
-4.1033020421613407e-05
-4.0528510652708421e-05
-4.0087303579377658e-05
-3.9614099640899749e-05
-3.9138524923089808e-05
-3.8691995790181900e-05
-3.8182099362081932e-05
0.0000000000000000e+00
];
