%Vec Object:dSdr_b_aug_5360 1 MPI processes
%  type: seq
dSdr_b_aug_5360 = [
2.3254770885645903e+03
0.0000000000000000e+00
-8.8357787045518924e-07
-3.6489961314819267e-07
-2.2657055903431530e-07
-1.6082913947703966e-07
-1.2066893614111290e-07
-9.5840516242908187e-08
-7.9011379225454115e-08
-6.6343130399224597e-08
-5.6935618012000324e-08
-4.9723812064941396e-08
-4.3850509911031771e-08
-3.9092183243781560e-08
-3.5190962042743700e-08
-3.1901007406441343e-08
-2.9089493762632372e-08
-2.6690555978128909e-08
-2.4651732992408876e-08
-3.0156980156798700e-06
-6.8940274869729338e-04
-7.1974401675537131e-04
-6.8140578790504020e-04
-6.4267668641319648e-04
-5.9968351839876396e-04
-5.5819464939685403e-04
-5.1842583112374089e-04
-4.7826538832662359e-04
-4.3706463085284747e-04
-3.9303931414898192e-04
-3.5429876934378189e-04
-3.1706878991337662e-04
-2.8192572205967972e-04
-2.4486399652975249e-04
-2.1471945492641527e-04
-1.8848335573319611e-04
-1.6553468099395733e-04
-1.4386171056655436e-04
-1.2744627273947158e-04
-1.1499590456598061e-04
-1.0516643068862385e-04
-9.7242802641357527e-05
-9.2305719052005659e-05
-8.9295801266236973e-05
-8.7652480298193599e-05
-8.7267964656648659e-05
-8.7759312567539273e-05
-8.8768246931930796e-05
-9.0223804218680427e-05
-9.2186944412040624e-05
-9.3914363506860499e-05
-9.5725183092213031e-05
-9.7568603172748481e-05
-9.9342487335811366e-05
-1.0082840455528453e-04
-1.0215800757611369e-04
-1.0343368178228305e-04
-1.0446184836238879e-04
-1.0530474202751713e-04
-1.0598364478424389e-04
-1.0659351470171109e-04
-1.0699249894177020e-04
-1.0723000440264934e-04
-1.0741815166954024e-04
-1.0750381461068734e-04
-1.0745540373937790e-04
-1.0734583632584588e-04
-1.0717694403160735e-04
-1.0691883364423089e-04
-1.0660408980065545e-04
-1.0627021463067543e-04
-1.0588404920773326e-04
-1.0546404804109595e-04
-1.0498302112352268e-04
-1.0450914028100402e-04
-1.0400791922949250e-04
-1.0346262258313193e-04
-1.0293691441085061e-04
-1.0240066621907692e-04
-1.0179358101362518e-04
-1.0122938253989619e-04
-1.0066227471134103e-04
-1.0004064080984880e-04
-9.9464828295430977e-05
-9.8892959170763663e-05
-9.8228737255199201e-05
-9.7653639904674870e-05
-9.7059916311734870e-05
-9.6415610405977843e-05
-9.5841764581786263e-05
-9.5232937697554599e-05
-9.4592286766507328e-05
-9.4015182494739061e-05
-9.3386389700736988e-05
-9.2781524070471445e-05
-9.2214631803260352e-05
-9.1559448789243665e-05
-9.0983227408034372e-05
-9.0404869770099554e-05
-8.9739335650785028e-05
-8.9204437301987192e-05
-8.8597257877121802e-05
-8.7980106795929177e-05
-8.7444724862478687e-05
-8.6786836915247369e-05
-8.6234555480430806e-05
-8.5675352939067805e-05
-8.5041383973582884e-05
-8.4515748624367629e-05
-8.3904830787056949e-05
-8.3325608393214245e-05
-8.2794459746902150e-05
-8.2168690387362543e-05
-8.1647398940739113e-05
-8.1057385277841538e-05
-8.0499844914816093e-05
-7.9947699731321658e-05
-7.9362641098081201e-05
-7.8846801075929587e-05
-7.8239930791834661e-05
-7.7732841635994764e-05
-7.7163798538685608e-05
-7.6602377794883345e-05
-7.6104308914162278e-05
-7.5487468483683857e-05
-7.5013171312987093e-05
-7.4423778925722075e-05
-7.3914056308810395e-05
-7.3373673229125568e-05
-7.2830735673208054e-05
-7.2311301790356505e-05
-7.1762345953990656e-05
-7.1270864193788945e-05
-7.0691281939975589e-05
-7.0226780072104244e-05
-6.9648177981048635e-05
-6.9164298644191561e-05
-6.8624563547055984e-05
-6.8111418031548449e-05
-6.7600052182156250e-05
-6.7080591082923317e-05
-6.6576984446601190e-05
-6.6054434776579920e-05
-6.5561739627271624e-05
-6.5020134283085042e-05
-6.4561000403617156e-05
-6.3997540724986600e-05
-6.3553410612732583e-05
-6.2996711501394631e-05
-6.2546412658711124e-05
-6.1997523406431148e-05
-6.1548007788875367e-05
-6.0992194042861418e-05
-6.0559927314622809e-05
-5.9997684164027740e-05
-5.9567470845176779e-05
-5.9017284529432649e-05
-5.8577917882013931e-05
-5.8036364558258836e-05
-5.7592322661850709e-05
-5.7051449275695416e-05
-5.6616592428591632e-05
-5.6074512004242815e-05
-5.5631561180644485e-05
-5.5115284590870960e-05
-5.4646856139770404e-05
-5.4157829230332949e-05
-5.3670663748458532e-05
-5.3189852841962932e-05
-5.2699344628095380e-05
-5.2226932808676931e-05
-5.1725573267336112e-05
-5.1275284360551923e-05
-5.0747997713151815e-05
-5.0313414413283933e-05
-4.9786021232883067e-05
-4.9338199009686132e-05
-4.8837843393965100e-05
-4.8356673379127743e-05
-4.7892477287567983e-05
-4.7377748436772536e-05
-4.6939819574571199e-05
-4.6406774478279539e-05
-4.5957776036505219e-05
-4.5460208540884507e-05
-4.4980352676914819e-05
-4.4508256200302403e-05
-4.4002429903487927e-05
-4.3554283630347382e-05
-4.3023376143701545e-05
-4.2566445196353685e-05
-4.2068906329478669e-05
-4.1577040286329298e-05
-4.1113402001787711e-05
-4.0582686189359008e-05
-4.0118631142287370e-05
-3.9620698534146843e-05
-3.9119934823986371e-05
-3.8650271003497411e-05
-3.8112829776271372e-05
0.0000000000000000e+00
];
