%Vec Object:dSdr_b_aug_5310 1 MPI processes
%  type: seq
dSdr_b_aug_5310 = [
2.3261350057763589e+03
0.0000000000000000e+00
-8.8731091953111641e-07
-3.6635531285197490e-07
-2.2741306979073841e-07
-1.6138699088097391e-07
-1.2106209167619415e-07
-9.6132290942232142e-08
-7.9234643786799518e-08
-6.6515428359136002e-08
-5.7070237991322065e-08
-4.9829611502427448e-08
-4.3933201687452974e-08
-3.9156282996880071e-08
-3.5239866669897778e-08
-3.1937228563835220e-08
-2.9115009666621080e-08
-2.6706970763169042e-08
-2.4650992899946478e-08
-2.2508066414110960e-06
-6.7333085009076729e-04
-7.1998713542039381e-04
-6.8174035204334057e-04
-6.4299525194074869e-04
-5.9998295173998054e-04
-5.5847611117319145e-04
-5.1869044182267711e-04
-4.7851320315392171e-04
-4.3729552425753206e-04
-3.9325260482316781e-04
-3.5449665687111971e-04
-3.1725212332465920e-04
-2.8209550260205096e-04
-2.4501963660918233e-04
-2.1486366611162802e-04
-1.8861768693077886e-04
-1.6566039654391520e-04
-1.4397927507837707e-04
-1.2755765798327896e-04
-1.1510257639259782e-04
-1.0526928068485898e-04
-9.7342481160944872e-05
-9.2403296764933187e-05
-8.9391933014323189e-05
-8.7747625222512826e-05
-8.7362511785375060e-05
-8.7853564390752789e-05
-8.8862369810391542e-05
-9.0317937966971897e-05
-9.2281155125579516e-05
-9.4008629604557249e-05
-9.5819535654504393e-05
-9.7663001155346614e-05
-9.9436871342446426e-05
-1.0092272998720284e-04
-1.0225220307693867e-04
-1.0352765571287996e-04
-1.0455556788239144e-04
-1.0539816502417138e-04
-1.0607669223995689e-04
-1.0668612183414290e-04
-1.0708465809675754e-04
-1.0732166530709598e-04
-1.0750921404745838e-04
-1.0759432875038656e-04
-1.0754533577358854e-04
-1.0743512281011879e-04
-1.0726556482559773e-04
-1.0700680875705503e-04
-1.0669138259590012e-04
-1.0635678032849762e-04
-1.0596994318544602e-04
-1.0554926733761179e-04
-1.0506744074272108e-04
-1.0459287056066550e-04
-1.0409096433531053e-04
-1.0354485549621194e-04
-1.0301846150913447e-04
-1.0248153008907180e-04
-1.0187361271685068e-04
-1.0130872644378401e-04
-1.0074092325497882e-04
-1.0011848070833263e-04
-9.9541984187815664e-05
-9.8969426118232002e-05
-9.8304388092661766e-05
-9.7728609486851773e-05
-9.7134188147348730e-05
-9.6489099905820532e-05
-9.5914584127443589e-05
-9.5305048515904872e-05
-9.4663633759409682e-05
-9.4085865294279294e-05
-9.3456343943366010e-05
-9.2850761573406423e-05
-9.2283216511254072e-05
-9.1627281261669169e-05
-9.1050371791671239e-05
-9.0471359647167091e-05
-8.9805059192556128e-05
-8.9269515675793328e-05
-8.8661657465561970e-05
-8.8043784867620708e-05
-8.7507766527721587e-05
-8.6849142930316205e-05
-8.6296202793287942e-05
-8.5736349236795523e-05
-8.5101658097852780e-05
-8.4575398205869059e-05
-8.3963770957090928e-05
-8.3383880785159554e-05
-8.2852104422883493e-05
-8.2225603173097196e-05
-8.1703707183426117e-05
-8.1112992821956177e-05
-8.0554803734541637e-05
-8.0002014934007357e-05
-7.9416260185470106e-05
-7.8899814431213541e-05
-7.8292234842904280e-05
-7.7784527272982762e-05
-7.7214825835356096e-05
-7.6652737908972597e-05
-7.6154052480340443e-05
-7.5536507297456162e-05
-7.5061618704704757e-05
-7.4471524122783612e-05
-7.3961201610811466e-05
-7.3420141103076934e-05
-7.2876564269841394e-05
-7.2356498189867421e-05
-7.1806866905587500e-05
-7.1314790824583677e-05
-7.0734498306821944e-05
-7.0269418298246763e-05
-6.9690111887080335e-05
-6.9205630618797198e-05
-6.8665227474658515e-05
-6.8151450245114743e-05
-6.7639441948806321e-05
-6.7119330046200933e-05
-6.6615100445151096e-05
-6.6091877803697787e-05
-6.5598571700463016e-05
-6.5056281855111321e-05
-6.4596544639385976e-05
-6.4032393532064289e-05
-6.3587665859779870e-05
-6.3030267924667313e-05
-6.2579386762813411e-05
-6.2029774142409816e-05
-6.1579681322101589e-05
-6.1023140793176090e-05
-6.0590299229858754e-05
-6.0027324650862698e-05
-5.9596532303346234e-05
-5.9045621777762295e-05
-5.8605669251659190e-05
-5.8063391971325897e-05
-5.7618750308160230e-05
-5.7077159770141875e-05
-5.6641689903125522e-05
-5.6098901284532728e-05
-5.5655326471643395e-05
-5.5138343989989847e-05
-5.4669279526126280e-05
-5.4179556818794832e-05
-5.3691732317854169e-05
-5.3210239569532730e-05
-5.2719047052179943e-05
-5.2245970651077857e-05
-5.1743899755110630e-05
-5.1292968210624193e-05
-5.0764934007244414e-05
-5.0329721350931541e-05
-4.9801578973102059e-05
-4.9353104945400501e-05
-4.8852022250724510e-05
-4.8370160943561558e-05
-4.7905265903142390e-05
-4.7389804151635705e-05
-4.6951209914504837e-05
-4.6417383701547091e-05
-4.5967721431127445e-05
-4.5469392033920458e-05
-4.4988829355415666e-05
-4.4516010937408184e-05
-4.4009422080775568e-05
-4.3560587783692110e-05
-4.3028870670611883e-05
-4.2571236371402096e-05
-4.2072934139284595e-05
-4.1580304717095874e-05
-4.1115947395685531e-05
-4.0584400608404498e-05
-4.0119620635498628e-05
-3.9620902746102403e-05
-3.9119337255070898e-05
-3.8648930204833543e-05
-3.8110562070691808e-05
0.0000000000000000e+00
];
