%Vec Object:dSdr_b_aug_2750 1 MPI processes
%  type: seq
dSdr_b_aug_2750 = [
2.3844267212042187e+03
0.0000000000000000e+00
-1.3225232152302179e-06
-5.4391591600059506e-07
-3.3548032653358004e-07
-2.3722666728953462e-07
-1.7805490027202735e-07
-1.4149372963529052e-07
-1.1671246697000036e-07
-9.8003160198581348e-08
-8.4111819953097153e-08
-7.3464998403063681e-08
-6.4787788578976357e-08
-5.7757426946940578e-08
-5.1994013292127300e-08
-4.7133168043367402e-08
-4.2978682911682547e-08
-3.9434083308593436e-08
-3.6369279546546956e-08
-3.3664148108257763e-08
-3.1294418357139792e-08
-3.3942584724936431e-08
-4.0794656558744027e-05
-6.4151974650798738e-04
-6.1971445995478264e-04
-5.7747648302894101e-04
-5.3656668408826036e-04
-4.9525529314209046e-04
-4.5289445082718083e-04
-4.0766231134933519e-04
-3.6786574296852914e-04
-3.2963794851709026e-04
-2.9356571012698193e-04
-2.5553452936698105e-04
-2.2460643481755609e-04
-1.9769297410014895e-04
-1.7415361967897087e-04
-1.5192182278446354e-04
-1.3508274089635427e-04
-1.2230922577383062e-04
-1.1221773114801558e-04
-1.0407666987578704e-04
-9.8995556949920560e-05
-9.5886505019560536e-05
-9.4175528087702025e-05
-9.3750027800789410e-05
-9.4221129452110210e-05
-9.5221223079535518e-05
-9.6677525175487797e-05
-9.8645941617885187e-05
-1.0037715742249178e-04
-1.0219390551858204e-04
-1.0404044089156447e-04
-1.0581336635416554e-04
-1.0729526727294052e-04
-1.0861596190761086e-04
-1.0987644507172389e-04
-1.1088716914008139e-04
-1.1170973311356693e-04
-1.1236288883826282e-04
-1.1294257033300004e-04
-1.1331084140991591e-04
-1.1351418705507938e-04
-1.1366129970276304e-04
-1.1370937575361308e-04
-1.1362105610170716e-04
-1.1346723023359916e-04
-1.1325269869433646e-04
-1.1295032087720810e-04
-1.1258879785889314e-04
-1.1220507346273091e-04
-1.1177285543338332e-04
-1.1130659868066263e-04
-1.1077074662111792e-04
-1.1024960528444311e-04
-1.0970140933825009e-04
-1.0910042951638635e-04
-1.0852770251246267e-04
-1.0794461282044861e-04
-1.0728047504943798e-04
-1.0666912169418524e-04
-1.0605434061831238e-04
-1.0537726677635244e-04
-1.0475455944774308e-04
-1.0413545691044247e-04
-1.0341528327832468e-04
-1.0279347971207200e-04
-1.0215191928060976e-04
-1.0145397718963460e-04
-1.0083419994654766e-04
-1.0017678340018088e-04
-9.9483765336994093e-05
-9.8861124606719732e-05
-9.8182382657764473e-05
-9.7528378049662707e-05
-9.6916730791754143e-05
-9.6209975242291939e-05
-9.5586579162671885e-05
-9.4963349189937347e-05
-9.4245275875790856e-05
-9.3666145438766967e-05
-9.3012429191913099e-05
-9.2345811708790241e-05
-9.1766798447783586e-05
-9.1058475128332004e-05
-9.0461033793948488e-05
-8.9857198372618574e-05
-8.9173717988016339e-05
-8.8605264678593261e-05
-8.7945710373155264e-05
-8.7320705853799100e-05
-8.6746521700397495e-05
-8.6070574755458770e-05
-8.5507836515962707e-05
-8.4869783739124980e-05
-8.4267767559883001e-05
-8.3671496716462496e-05
-8.3038713199033726e-05
-8.2481344872179315e-05
-8.1825845489844149e-05
-8.1276358569782047e-05
-8.0662180409982168e-05
-8.0055018389222699e-05
-7.9514679693522695e-05
-7.8849522243925138e-05
-7.8334677865602530e-05
-7.7697143820595649e-05
-7.7146293102093875e-05
-7.6559466342295289e-05
-7.5972700684528936e-05
-7.5409924113524848e-05
-7.4814660363508063e-05
-7.4282432683203588e-05
-7.3654155572764316e-05
-7.3150017082708541e-05
-7.2523127647004915e-05
-7.1997980629876925e-05
-7.1412445043316354e-05
-7.0855989993624078e-05
-7.0300578780059145e-05
-6.9736499412801991e-05
-6.9190183102838914e-05
-6.8621495358050876e-05
-6.8086913996344848e-05
-6.7498380126072800e-05
-6.6997882307414882e-05
-6.6387019176169672e-05
-6.5901921153697365e-05
-6.5297311609030065e-05
-6.4807089774101027e-05
-6.4208607374317554e-05
-6.3719519563549564e-05
-6.3113878581237741e-05
-6.2642202010683613e-05
-6.2029813163678942e-05
-6.1559902525490755e-05
-6.0960065444075559e-05
-6.0480531884554402e-05
-5.9889345198131712e-05
-5.9404184281071464e-05
-5.8814144104860141e-05
-5.8337259665669047e-05
-5.7746626634669615e-05
-5.7260896233235545e-05
-5.6696224952256144e-05
-5.6184192686114592e-05
-5.5647463201782937e-05
-5.5115116713557449e-05
-5.4587560151155357e-05
-5.4050137577038946e-05
-5.3532163572622103e-05
-5.2982035226068836e-05
-5.2487688759212066e-05
-5.1909151580429565e-05
-5.1431421490705120e-05
-5.0852665502836101e-05
-5.0360157774618435e-05
-4.9809956114198851e-05
-4.9281393765655652e-05
-4.8769280672596316e-05
-4.8204307444821393e-05
-4.7720764054751512e-05
-4.7134169790356613e-05
-4.6639663858678931e-05
-4.6089865818784566e-05
-4.5561557005074063e-05
-4.5039971635082749e-05
-4.4481873206782072e-05
-4.3986566855247287e-05
-4.3400165151450679e-05
-4.2895029825246265e-05
-4.2345177753057399e-05
-4.1801006015126726e-05
-4.1288115518316492e-05
-4.0700496308063745e-05
-4.0186850949848764e-05
-3.9635279765696987e-05
-3.9079971410255874e-05
-3.8560546210207533e-05
-3.7965905544373380e-05
0.0000000000000000e+00
];
