%Vec Object:dSdr_b_aug_4870 1 MPI processes
%  type: seq
dSdr_b_aug_4870 = [
2.3367945171155984e+03
0.0000000000000000e+00
-9.5163182767444381e-07
-3.9206835896921058e-07
-2.4273127308875118e-07
-1.7187230014582558e-07
-1.2872540317395864e-07
-1.0205571017799923e-07
-8.3980281820650480e-08
-7.0375724366044175e-08
-6.0274506290281457e-08
-5.2531532866167924e-08
-4.6228490732908743e-08
-4.1123082687265834e-08
-3.6937699189005181e-08
-3.3409210120017057e-08
-3.0394984956335081e-08
-2.7823337836506259e-08
-2.5600228509768529e-08
-3.7441690095695293e-08
-1.9104358317471336e-04
-7.2050722887558722e-04
-6.8466535572639278e-04
-6.4579966955935258e-04
-6.0261929028086682e-04
-5.6095422889656122e-04
-5.2102019528222363e-04
-4.8069507813277006e-04
-4.3932841534196287e-04
-3.9513051347688308e-04
-3.5623894922654203e-04
-3.1886627463821083e-04
-2.8359032831095558e-04
-2.4638996327933907e-04
-2.1613336762160294e-04
-1.8980040055714854e-04
-1.6676725411061646e-04
-1.4501436722364210e-04
-1.2853834505892209e-04
-1.1604176440768358e-04
-1.0617481956971479e-04
-9.8220096921181670e-05
-9.3262416055174460e-05
-9.0238321352917501e-05
-8.8585325091739505e-05
-8.8194948362065232e-05
-8.8683400933312054e-05
-8.9691071034519012e-05
-9.1146734863932900e-05
-9.3110629629872905e-05
-9.4838591709284410e-05
-9.6650259129746338e-05
-9.8494124638786877e-05
-1.0026787162407277e-04
-1.0175321441058637e-04
-1.0308154350848941e-04
-1.0435504532184048e-04
-1.0538071752867574e-04
-1.0622070392921307e-04
-1.0689592469806207e-04
-1.0750147747299358e-04
-1.0789606952655954e-04
-1.0812868990154710e-04
-1.0831096893179719e-04
-1.0839125668634541e-04
-1.0833713857901505e-04
-1.0822124189173346e-04
-1.0804582285910270e-04
-1.0778138191225990e-04
-1.0745994830956564e-04
-1.0711894433887016e-04
-1.0672619305988230e-04
-1.0629957700570136e-04
-1.0581070968206728e-04
-1.0533007023548549e-04
-1.0482213142252012e-04
-1.0426887166396941e-04
-1.0373643944644665e-04
-1.0319349256895062e-04
-1.0257824841742810e-04
-1.0200730644167253e-04
-1.0143338098064647e-04
-1.0080381875020930e-04
-1.0022129992486050e-04
-9.9642676066959853e-05
-9.8970452634094766e-05
-9.8388675943233021e-05
-9.7788111322137821e-05
-9.7136135037319380e-05
-9.6555720674260990e-05
-9.5939945101998118e-05
-9.5291805275822132e-05
-9.4708188947203683e-05
-9.4072253047022358e-05
-9.3460360172002577e-05
-9.2887067603513249e-05
-9.2224509327253743e-05
-9.1641541607971063e-05
-9.1056766887401446e-05
-9.0383719265950678e-05
-8.9842495394538635e-05
-8.9228660849687480e-05
-8.8604435693438475e-05
-8.8062814144983633e-05
-8.7397713552377901e-05
-8.6838973904947435e-05
-8.6273388518699070e-05
-8.5632339039929726e-05
-8.5100580393034721e-05
-8.4482707166936630e-05
-8.3896937576960227e-05
-8.3359634521817548e-05
-8.2726689381663375e-05
-8.2199470724223127e-05
-8.1602587098229416e-05
-8.1038686350729132e-05
-8.0480230857650910e-05
-7.9888347198193730e-05
-7.9366568307809868e-05
-7.8752743687697031e-05
-7.8239591324021833e-05
-7.7664093564154505e-05
-7.7096131464363655e-05
-7.6592017673063386e-05
-7.5968267535426133e-05
-7.5488171799792701e-05
-7.4891894783040222e-05
-7.4376290528477490e-05
-7.3829265642699353e-05
-7.3280060328060232e-05
-7.2754428104142849e-05
-7.2198849876591156e-05
-7.1701541132462959e-05
-7.1114995135845293e-05
-7.0644824921586941e-05
-7.0059317364445597e-05
-6.9569536426818110e-05
-6.9023251502231835e-05
-6.8503912384522810e-05
-6.7986247703267385e-05
-6.7460405842123303e-05
-6.6950691387019346e-05
-6.6421543610258824e-05
-6.5922858402479601e-05
-6.5374541909924352e-05
-6.4909492660051831e-05
-6.4339253913705012e-05
-6.3889265065026959e-05
-6.3325714382557295e-05
-6.2869706233243026e-05
-6.2313724767403249e-05
-6.1858550008548013e-05
-6.1295610570684888e-05
-6.0857707916754619e-05
-6.0288293529988201e-05
-5.9852403171858206e-05
-5.9295116396432471e-05
-5.8850005551758855e-05
-5.8301354254284168e-05
-5.7851431998781371e-05
-5.7303527358940489e-05
-5.6862660216498542e-05
-5.6313636367264102e-05
-5.5864567704164568e-05
-5.5341370267840739e-05
-5.4866706099434720e-05
-5.4370857315504330e-05
-5.3877230559119891e-05
-5.3389734617417712e-05
-5.2892517237801080e-05
-5.2413589619152908e-05
-5.1905255701515583e-05
-5.1448666156499116e-05
-5.0914050212903321e-05
-5.0473296506356803e-05
-4.9938557955146714e-05
-4.9484345256161669e-05
-4.8976861154173205e-05
-4.8488913537239583e-05
-4.8017864794097990e-05
-4.7495950436237964e-05
-4.7051498146065590e-05
-4.6510794873104410e-05
-4.6055288238655558e-05
-4.5550251051464633e-05
-4.5063465658898904e-05
-4.4584291426136172e-05
-4.4070989242509390e-05
-4.3616098008733681e-05
-4.3077253519844564e-05
-4.2613427809725491e-05
-4.2108406192990123e-05
-4.1609057883178835e-05
-4.1138373065565980e-05
-4.0599514924318823e-05
-4.0128360412414607e-05
-3.9622743154218991e-05
-3.9114149524711736e-05
-3.8637286245687102e-05
-3.8091222894028028e-05
0.0000000000000000e+00
];
