%Vec Object:dSdr_b_aug_5650 1 MPI processes
%  type: seq
dSdr_b_aug_5650 = [
2.3223715004348064e+03
0.0000000000000000e+00
-8.6579061830905129e-07
-3.5778339399999677e-07
-2.2232668049845968e-07
-1.5792196244974276e-07
-1.1854325952877308e-07
-9.4196627623064363e-08
-7.7693569192500843e-08
-6.5270375664748676e-08
-5.6044410798288326e-08
-4.8971586473524164e-08
-4.3210765415873560e-08
-3.8543278107508154e-08
-3.4716408127755414e-08
-3.1488864902911335e-08
-2.8730391502439148e-08
-2.6376626406686202e-08
-2.4491149663307195e-08
-1.1737657247751803e-05
-7.3445728611595199e-04
-7.1811367508600830e-04
-6.7952182156641992e-04
-6.4088600749535006e-04
-5.9800044093691069e-04
-5.5661258928635393e-04
-5.1693848877198533e-04
-4.7687245337994951e-04
-4.3576680901346139e-04
-3.9184043495715543e-04
-3.5318646922741708e-04
-3.1603829658031953e-04
-2.8097140762985297e-04
-2.4398916378967061e-04
-2.1390886250355963e-04
-1.8772829742610855e-04
-1.6482805011253931e-04
-1.4320089560016135e-04
-1.2682019062790561e-04
-1.1439631595518033e-04
-1.0458832408687639e-04
-9.6682522496364717e-05
-9.1757247270348520e-05
-8.8755457069316884e-05
-8.7117682915149831e-05
-8.6736527412000159e-05
-8.7229535204503398e-05
-8.8239194358421155e-05
-8.9694690555144885e-05
-9.1657398144663594e-05
-9.3384506066350513e-05
-9.5194839682253386e-05
-9.7038004312667873e-05
-9.8811967038432160e-05
-1.0029821350388250e-04
-1.0162854685517153e-04
-1.0290546648308228e-04
-1.0393506307598814e-04
-1.0477962346388622e-04
-1.0546063709068631e-04
-1.0607298201107745e-04
-1.0647448427689132e-04
-1.0671479034180312e-04
-1.0690630185081032e-04
-1.0699504636990408e-04
-1.0694990743986967e-04
-1.0684396858045416e-04
-1.0667881804646454e-04
-1.0642433695059703e-04
-1.0611342832693198e-04
-1.0578364007842394e-04
-1.0540125030823135e-04
-1.0498504143813359e-04
-1.0450850940391870e-04
-1.0403850325043473e-04
-1.0354113347306828e-04
-1.0300040205742670e-04
-1.0247854876190998e-04
-1.0194614090841318e-04
-1.0134373320495375e-04
-1.0078340076269601e-04
-1.0022020146446341e-04
-9.9603112852891625e-05
-9.9031145048532194e-05
-9.8463148394350623e-05
-9.7803513727551559e-05
-9.7232245625033408e-05
-9.6642443975370615e-05
-9.6002535477752749e-05
-9.5432455379467794e-05
-9.4827612159758084e-05
-9.4191254592661277e-05
-9.3617883665892204e-05
-9.2993185995951533e-05
-9.2392349066697496e-05
-9.1829126075378115e-05
-9.1178171279999475e-05
-9.0605817556766241e-05
-9.0031138815508180e-05
-8.9369912167493602e-05
-8.8838640224272759e-05
-8.8235276163240941e-05
-8.7622180632667416e-05
-8.7090375855959645e-05
-8.6436622901425912e-05
-8.5888043944871466e-05
-8.5332500673668515e-05
-8.4702590949955179e-05
-8.4180466073177065e-05
-8.3573535744121261e-05
-8.2998066842722608e-05
-8.2470446504884296e-05
-8.1848791003788653e-05
-8.1330897613646818e-05
-8.0744822484828723e-05
-8.0190928515751661e-05
-7.9642401018429856e-05
-7.9061255157181470e-05
-7.8548819874868416e-05
-7.7945936495851854e-05
-7.7442323363521623e-05
-7.6876980709816552e-05
-7.6319310110792296e-05
-7.5824706763954027e-05
-7.5211827653200446e-05
-7.4740854787142848e-05
-7.4155409342743049e-05
-7.3649058655995641e-05
-7.3112483309230203e-05
-7.2573139045878352e-05
-7.2057258658685892e-05
-7.1512099424949680e-05
-7.1023958262425249e-05
-7.0448368307467478e-05
-6.9987116090925738e-05
-6.9412472889016864e-05
-6.8931976927853698e-05
-6.8395996833304132e-05
-6.7886402097430730e-05
-6.7378647355693252e-05
-6.6862844334544716e-05
-6.6362739298815389e-05
-6.5843972310409689e-05
-6.5354711250285933e-05
-6.4816953394537943e-05
-6.4361210786079945e-05
-6.3801637534270243e-05
-6.3360866225276163e-05
-6.2808095107198212e-05
-6.2361069400497157e-05
-6.1816246101651013e-05
-6.1369974860923175e-05
-6.0818246261931175e-05
-6.0389210601638275e-05
-5.9831078709173711e-05
-5.9404120029271281e-05
-5.8858004396417039e-05
-5.8421930890277963e-05
-5.7884446825096024e-05
-5.7443776132178144e-05
-5.6906933755237858e-05
-5.6475522604882787e-05
-5.5937422839007579e-05
-5.5497979368369498e-05
-5.4985670494466632e-05
-5.4520816977144477e-05
-5.4035701044983424e-05
-5.3552239810423491e-05
-5.3075261433916693e-05
-5.2588599585447967e-05
-5.2119923276409658e-05
-5.1622562148412314e-05
-5.1175885404472122e-05
-5.0652800649565068e-05
-5.0221754856010577e-05
-4.9698572789397345e-05
-4.9254414244245256e-05
-4.8758145410541169e-05
-4.8280861021498896e-05
-4.7820593587091521e-05
-4.7309984225938987e-05
-4.6875795292867871e-05
-4.6347140685225875e-05
-4.5901873460952533e-05
-4.5408588423788356e-05
-4.4932705363755336e-05
-4.4464666694757824e-05
-4.3963126486486648e-05
-4.3518847306939745e-05
-4.2992490370331551e-05
-4.2539512543090036e-05
-4.2046264012384014e-05
-4.1558688215523501e-05
-4.1099090669544729e-05
-4.0573044325061863e-05
-4.0113061814745211e-05
-3.9619539211810274e-05
-3.9123273770157502e-05
-3.8657763792495498e-05
-3.8125406048991778e-05
0.0000000000000000e+00
];
