%Vec Object:dSdr_b_aug_8740 1 MPI processes
%  type: seq
dSdr_b_aug_8740 = [
2.2817368747803134e+03
0.0000000000000000e+00
-6.6413409202580668e-07
-2.7468944390034803e-07
-1.7107298760065779e-07
-1.2158171323207702e-07
-9.1088022876316016e-08
-7.2229954953536631e-08
-5.9448457869174211e-08
-4.9850184178031243e-08
-4.2722271697469495e-08
-3.7257378277080262e-08
-3.2810783694743142e-08
-2.9209008619015784e-08
-2.6255967523995896e-08
-2.3766357459130024e-08
-2.1640380519650021e-08
-3.8144162607539374e-07
-6.7090726341316215e-04
-7.8170454756705586e-04
-7.4012896739070590e-04
-7.0139640195087262e-04
-6.6345328155783265e-04
-6.2564804148014302e-04
-5.8367876383581688e-04
-5.4315050704955312e-04
-5.0428238030220856e-04
-4.6501967725149366e-04
-4.2472337015003601e-04
-3.8163891968252876e-04
-3.4372167333373600e-04
-3.0726961162517188e-04
-2.7285094479894952e-04
-2.3654502714120837e-04
-2.0701136003715252e-04
-1.8130334625976501e-04
-1.5881517819776663e-04
-1.3757788109674491e-04
-1.2149272546759872e-04
-1.0929428975163869e-04
-9.9669092997368281e-05
-9.1914980655782004e-05
-8.7090185472887314e-05
-8.4157554797793942e-05
-8.2566979842963571e-05
-8.2214416653518323e-05
-8.2721548908810830e-05
-8.3737375619120092e-05
-8.5192352148114441e-05
-8.7151378769007728e-05
-8.8875837781898683e-05
-9.0682035265558726e-05
-9.2523026298729438e-05
-9.4297657605972330e-05
-9.5786705762373166e-05
-9.7123253710735768e-05
-9.8410770950751428e-05
-9.9452535874450563e-05
-1.0031127880368510e-04
-1.0101025430991613e-04
-1.0164365958941382e-04
-1.0206658830131750e-04
-1.0233072532683966e-04
-1.0255086390839835e-04
-1.0266583024979282e-04
-1.0264853298103239e-04
-1.0257347027429896e-04
-1.0244015918621449e-04
-1.0221656051477869e-04
-1.0193828660187450e-04
-1.0164327484406147e-04
-1.0129301291313662e-04
-1.0090907350662027e-04
-1.0047078939279132e-04
-1.0003375379625614e-04
-9.9569155332791695e-05
-9.9067270435549109e-05
-9.8578219107895229e-05
-9.8078489510824431e-05
-9.7515883663427388e-05
-9.6988448104954700e-05
-9.6458507321769220e-05
-9.5880095544514842e-05
-9.5340843194239574e-05
-9.4805798213024714e-05
-9.4185197415669919e-05
-9.3646513196167573e-05
-9.3090084192492921e-05
-9.2487594169895208e-05
-9.1949557430688803e-05
-9.1378612054759541e-05
-9.0778787628033992e-05
-9.0237184523418989e-05
-8.9647333128781712e-05
-8.9080777266949460e-05
-8.8548776919638791e-05
-8.7933800928064268e-05
-8.7394357922789792e-05
-8.6850983690068363e-05
-8.6226410222536886e-05
-8.5725996129770748e-05
-8.5155097793529209e-05
-8.4576511776520005e-05
-8.4075145760171345e-05
-8.3456578307625578e-05
-8.2939504497586610e-05
-8.2415098705885373e-05
-8.1819729902908998e-05
-8.1327476354205988e-05
-8.0754476549725645e-05
-8.0210946883386172e-05
-7.9713349643032558e-05
-7.9126699805308958e-05
-7.8637721170464139e-05
-7.8085159832844478e-05
-7.7562293773257199e-05
-7.7044549904552235e-05
-7.6496698618009533e-05
-7.6013234958659630e-05
-7.5444276966958392e-05
-7.4970242024152844e-05
-7.4436387196411046e-05
-7.3910627340388461e-05
-7.3445512922732458e-05
-7.2866341484988564e-05
-7.2423655797728128e-05
-7.1871795689207411e-05
-7.1394137435060119e-05
-7.0889962856359034e-05
-7.0381194642479003e-05
-6.9895551663775609e-05
-6.9382698485328151e-05
-6.8922983136102491e-05
-6.8381364453950385e-05
-6.7947764167202557e-05
-6.7406807945558897e-05
-6.6955101800074499e-05
-6.6451073770072981e-05
-6.5971693321840283e-05
-6.5494666209869965e-05
-6.5009990498016289e-05
-6.4539681270298977e-05
-6.4053101864927251e-05
-6.3593062140518926e-05
-6.3088043318273342e-05
-6.2661157692694394e-05
-6.2134654804240572e-05
-6.1722464198543227e-05
-6.1203117135960440e-05
-6.0783943165961256e-05
-6.0273717848464154e-05
-5.9855053620338931e-05
-5.9338086317570733e-05
-5.8936544414436763e-05
-5.8413395994521968e-05
-5.8014131633456255e-05
-5.7502654200313848e-05
-5.7094602626579551e-05
-5.6591744629833014e-05
-5.6179760104394491e-05
-5.5677218310243617e-05
-5.5275127191241956e-05
-5.4770899546321423e-05
-5.4361300734186032e-05
-5.3882753830297077e-05
-5.3448320007715619e-05
-5.2996483220939884e-05
-5.2544542008741170e-05
-5.2100175222583146e-05
-5.1646242674053825e-05
-5.1209352356415174e-05
-5.0746014291324341e-05
-5.0330073899625420e-05
-4.9842743595495916e-05
-4.9441798821450919e-05
-4.8954449595354055e-05
-4.8541465603144867e-05
-4.8079971544113617e-05
-4.7635750185566825e-05
-4.7208911868905599e-05
-4.6733355362299037e-05
-4.6330989419894538e-05
-4.5839693404218110e-05
-4.5426174737501820e-05
-4.4969328667599819e-05
-4.4527249396925592e-05
-4.4093737492453892e-05
-4.3628666086200603e-05
-4.3217289809473948e-05
-4.2729650612312218e-05
-4.2310305738784543e-05
-4.1853557914477774e-05
-4.1402479515391974e-05
-4.0977252205171871e-05
-4.0490919094898320e-05
-4.0065557551753230e-05
-3.9609500334987125e-05
-3.9151382947470574e-05
-3.8720856106660527e-05
-3.8229819189997184e-05
0.0000000000000000e+00
];
