%Vec Object:dSdr_b_aug_9120 1 MPI processes
%  type: seq
dSdr_b_aug_9120 = [
2.2783824431158691e+03
0.0000000000000000e+00
-6.5115664331509368e-07
-2.6974707649993158e-07
-1.6828745338698109e-07
-1.1980383192111673e-07
-8.9895259519330655e-08
-7.1396865911380876e-08
-5.8857959008463103e-08
-4.9437879218067613e-08
-4.2441410445648592e-08
-3.7076979651931823e-08
-3.2710103163617843e-08
-2.9172212148963972e-08
-2.6271307476232502e-08
-2.3824951891583089e-08
-2.1738688350217667e-08
-1.8624797952451532e-06
-7.6931631696932582e-04
-7.8016069705624715e-04
-7.3836406168392786e-04
-6.9971767533083833e-04
-6.6185918201314424e-04
-6.2413659706100281e-04
-5.8225821039733518e-04
-5.4181521614274743e-04
-5.0302703317535891e-04
-4.6384401190523774e-04
-4.2362798220991018e-04
-3.8062704136208230e-04
-3.4278286952474200e-04
-3.0639985441672265e-04
-2.7204548414590327e-04
-2.3580665066673647e-04
-2.0632720370919572e-04
-1.8066606207391294e-04
-1.5821876785482159e-04
-1.3702014033806545e-04
-1.2096429995813735e-04
-1.0878822530238138e-04
-9.9181159803142125e-05
-9.1442093352918423e-05
-8.6627264660003612e-05
-8.3701493817635102e-05
-8.2115600469118759e-05
-8.1765873284473680e-05
-8.2274406491779139e-05
-8.3290844917248034e-05
-8.4745769863242142e-05
-8.6704431336231423e-05
-8.8428627585836924e-05
-9.0234414791501944e-05
-9.2075190209889535e-05
-9.3849887816731010e-05
-9.5339213855294560e-05
-9.6676378209995027e-05
-9.7964946604306861e-05
-9.9007918481724470e-05
-9.9868068153001729e-05
-1.0056882527119347e-04
-1.0120431949860282e-04
-1.0162937347093393e-04
-1.0189587425905956e-04
-1.0211885232560154e-04
-1.0223641957782118e-04
-1.0222188389069219e-04
-1.0214988375430623e-04
-1.0201973078504195e-04
-1.0179919530660197e-04
-1.0152415839468997e-04
-1.0123259607941210e-04
-1.0088552087380880e-04
-1.0050478224061568e-04
-1.0007029189775665e-04
-9.9636526615555639e-05
-9.9175178703927549e-05
-9.8677146952544552e-05
-9.8191349217705042e-05
-9.7694860942531612e-05
-9.7136203000510837e-05
-9.6612030449883679e-05
-9.6085388544297226e-05
-9.5510813083030048e-05
-9.4974805744939115e-05
-9.4443029206293583e-05
-9.3826300139208943e-05
-9.3290847881770527e-05
-9.2737729076862146e-05
-9.2138950555198740e-05
-9.1604092164284220e-05
-9.1036509081291730e-05
-9.0440308340184990e-05
-8.9901856253895226e-05
-8.9315461226368914e-05
-8.8752305669382499e-05
-8.8223402264774359e-05
-8.7611994975052488e-05
-8.7075816351112674e-05
-8.6535547181265329e-05
-8.5914609306517165e-05
-8.5417255973158372e-05
-8.4849577881898855e-05
-8.4274414833341451e-05
-8.3776068011209991e-05
-8.3160990577946800e-05
-8.2647041736197679e-05
-8.2125724444206166e-05
-8.1533781725154898e-05
-8.1044491087914724e-05
-8.0474856822956162e-05
-7.9934495181946375e-05
-7.9439875907115091e-05
-7.8856698251172016e-05
-7.8370587646564680e-05
-7.7821350513312493e-05
-7.7301562085975540e-05
-7.6786871619557447e-05
-7.6242322793829622e-05
-7.5761732805798622e-05
-7.5196139844891190e-05
-7.4725038738334630e-05
-7.4194307162058377e-05
-7.3671712506380671e-05
-7.3209523071733886e-05
-7.2633695070353671e-05
-7.2193815165844905e-05
-7.1645286359502702e-05
-7.1170474085052043e-05
-7.0669513312620366e-05
-7.0163777913001917e-05
-6.9681134159229989e-05
-6.9171485392973176e-05
-6.8714589578591507e-05
-6.8176340480481461e-05
-6.7745482968176922e-05
-6.7207868132228114e-05
-6.6759017627443046e-05
-6.6258158898960343e-05
-6.5781775383951937e-05
-6.5307796123478682e-05
-6.4826207907153996e-05
-6.4358854104943383e-05
-6.3875467363371956e-05
-6.3418326083672889e-05
-6.2916554623790964e-05
-6.2492531303888306e-05
-6.1969308642906699e-05
-6.1559952939735854e-05
-6.1043921187979499e-05
-6.0627509816030714e-05
-6.0120716250992992e-05
-5.9704790347988000e-05
-5.9191270998009992e-05
-5.8792456187574514e-05
-5.8272777759357847e-05
-5.7876260386024970e-05
-5.7368218698913211e-05
-5.6962946610461912e-05
-5.6463523158416671e-05
-5.6054384005223726e-05
-5.5555244473451959e-05
-5.5156061601567168e-05
-5.4655193723177132e-05
-5.4248555198553784e-05
-5.3773357138728260e-05
-5.3341940644804598e-05
-5.2893404815193645e-05
-5.2444590076878962e-05
-5.2003458038876830e-05
-5.1552771917172574e-05
-5.1119034463771643e-05
-5.0659071160104201e-05
-5.0246179528140299e-05
-4.9762395729889412e-05
-4.9364436708283126e-05
-4.8880641776132908e-05
-4.8470750033709858e-05
-4.8012705336703724e-05
-4.7571763564456742e-05
-4.7148241158345534e-05
-4.6676161635113766e-05
-4.6276952326012410e-05
-4.5789362038583904e-05
-4.5378992671975515e-05
-4.4925761174519303e-05
-4.4487035138343579e-05
-4.4056948234631270e-05
-4.3595494531448247e-05
-4.3187382354129246e-05
-4.2703584159703087e-05
-4.2287576115997915e-05
-4.1834449842968681e-05
-4.1386993075330207e-05
-4.0965177053998448e-05
-4.0482786316447253e-05
-4.0060864098891113e-05
-3.9608532664109670e-05
-3.9154219620550998e-05
-3.8727220251011863e-05
-3.8240587593867809e-05
0.0000000000000000e+00
];
