%Vec Object:dSdr_b_aug_6370 1 MPI processes
%  type: seq
dSdr_b_aug_6370 = [
2.3134093137275509e+03
0.0000000000000000e+00
-8.1384386779504253e-07
-3.3556038663644451e-07
-2.0809077381426580e-07
-1.4743181940740503e-07
-1.1031339687101298e-07
-8.7366108645683115e-08
-7.1814144477829831e-08
-6.0125107332007119e-08
-5.1446040829165948e-08
-4.4792738881883607e-08
-3.9379615983958092e-08
-3.4995517038995451e-08
-3.1401396484499588e-08
-2.8371892080502583e-08
-2.5784473327358653e-08
-2.3577020125870287e-08
-3.2109523519472275e-08
-2.3296762511787334e-04
-7.5095489130300001e-04
-7.1356812982322371e-04
-6.7502905326602099e-04
-6.3662384383421150e-04
-5.9399453911372787e-04
-5.5284712307748925e-04
-5.1339846066371245e-04
-4.7355712456209896e-04
-4.3267785911162165e-04
-3.8898697865008807e-04
-3.5053907995342775e-04
-3.1358561578897262e-04
-2.7870004038636813e-04
-2.4190697104043053e-04
-2.1197956823424354e-04
-1.8593117998920916e-04
-1.6314619485932938e-04
-1.4162808685699150e-04
-1.2533004959655957e-04
-1.1296923214739730e-04
-1.0321236965120341e-04
-9.5348996853785128e-05
-9.0451826766399014e-05
-8.7469381089377258e-05
-8.5844808970540892e-05
-8.5471651092405558e-05
-8.5968609787498464e-05
-8.6979994216892592e-05
-8.8435345203134242e-05
-9.0397023329341113e-05
-9.2123390361665192e-05
-9.3932567093316528e-05
-9.5775123776309959e-05
-9.7549273535606570e-05
-9.9036303682224080e-05
-1.0036837533348955e-04
-1.0164825922865585e-04
-1.0268125943142468e-04
-1.0352978682054030e-04
-1.0421582456218747e-04
-1.0483406026918133e-04
-1.0524155571832561e-04
-1.0548852752993096e-04
-1.0568804630064522e-04
-1.0578412531060826e-04
-1.0574677395425267e-04
-1.0564947144247638e-04
-1.0549322669740132e-04
-1.0524738370238809e-04
-1.0494560330940298e-04
-1.0462554236637452e-04
-1.0425213904956561e-04
-1.0384495624616186e-04
-1.0337912250646235e-04
-1.0291833852112196e-04
-1.0243013518157033e-04
-1.0190026949285515e-04
-1.0138759120888526e-04
-1.0086432376346503e-04
-1.0027304900278553e-04
-9.9721918120300140e-05
-9.9168021533107420e-05
-9.8561751185084602e-05
-9.7998934192443325e-05
-9.7440154422316137e-05
-9.6791437884506123e-05
-9.6229283791640459e-05
-9.5648816775567038e-05
-9.5019374566167016e-05
-9.4458257287751294e-05
-9.3862895603824477e-05
-9.3236756688538095e-05
-9.2672271511169433e-05
-9.2057320661515559e-05
-9.1466072458711402e-05
-9.0911582725248288e-05
-9.0270691528280305e-05
-8.9707543232219706e-05
-8.9141620646777901e-05
-8.8490646226143752e-05
-8.7968005504359103e-05
-8.7373722398586471e-05
-8.6770279486358940e-05
-8.6246988701685072e-05
-8.5603077445319689e-05
-8.5063310758429889e-05
-8.4516476916994356e-05
-8.3896228596013603e-05
-8.3382458994914880e-05
-8.2785019335154071e-05
-8.2218484121351600e-05
-8.1699261510142769e-05
-8.1087397404007208e-05
-8.0577591726972784e-05
-8.0000890702822282e-05
-7.9455675514820585e-05
-7.8915758470889013e-05
-7.8343925397090478e-05
-7.7839593733637001e-05
-7.7246199585715805e-05
-7.6750859734076081e-05
-7.6194324503345916e-05
-7.5645579620799584e-05
-7.5159224587262771e-05
-7.4555773810039327e-05
-7.4092713116528198e-05
-7.3516661786505403e-05
-7.3018336624922962e-05
-7.2490824057915769e-05
-7.1960032183823297e-05
-7.1452609464755078e-05
-7.0916486517949446e-05
-7.0436296303561847e-05
-6.9870208411222017e-05
-6.9416690680118784e-05
-6.8851470020993516e-05
-6.8379026821488353e-05
-6.7851983997538993e-05
-6.7350840460093892e-05
-6.6851680502823770e-05
-6.6344584059608132e-05
-6.5852813168508243e-05
-6.5343049325208849e-05
-6.4861961723643107e-05
-6.4333361257505459e-05
-6.3885690193814972e-05
-6.3335367006226383e-05
-6.2902589962845465e-05
-6.2359167838470299e-05
-6.1919932497309636e-05
-6.1384786548207798e-05
-6.0946237219763163e-05
-6.0404231649220916e-05
-5.9982886220720950e-05
-5.9434539499183731e-05
-5.9015327147631206e-05
-5.8478900107238288e-05
-5.8050664563110469e-05
-5.7522865694172986e-05
-5.7090218752507757e-05
-5.6562970526891016e-05
-5.6139760421367224e-05
-5.5611134957799967e-05
-5.5180039270148321e-05
-5.4677173883243204e-05
-5.4220828985718869e-05
-5.3745021483905212e-05
-5.3270376633381577e-05
-5.2802519958137710e-05
-5.2325012730528408e-05
-5.1865227185265465e-05
-5.1377382543751484e-05
-5.0939302957419149e-05
-5.0426218958655055e-05
-5.0003592597832393e-05
-4.9490433194160511e-05
-4.9054994336138541e-05
-4.8568452189093969e-05
-4.8100415680197373e-05
-4.7649498504624113e-05
-4.7148693551491374e-05
-4.6723405578091422e-05
-4.6205200250723564e-05
-4.5768813089630387e-05
-4.5285720011273494e-05
-4.4819291760916417e-05
-4.4360910039126008e-05
-4.3869569869898574e-05
-4.3434493169387826e-05
-4.2918964964799314e-05
-4.2475393327894569e-05
-4.1992352703672760e-05
-4.1514983256748322e-05
-4.1064996072225899e-05
-4.0550052847186164e-05
-4.0099745936346881e-05
-3.9616687864273260e-05
-3.9131061136461713e-05
-3.8675247364136422e-05
-3.8153975038867976e-05
0.0000000000000000e+00
];
