%Vec Object:dSdr_b_aug_940 1 MPI processes
%  type: seq
dSdr_b_aug_940 = [
2.4723392102157286e+03
0.0000000000000000e+00
-2.5142835880205867e-06
-1.0255549418574427e-06
-6.2455248804279215e-07
-4.3834667781151698e-07
-3.2895914739018253e-07
-2.6144067970313117e-07
-2.1568093745431977e-07
-1.8096498154989976e-07
-1.5519723519638251e-07
-1.3545508713708287e-07
-1.1934984698034769e-07
-1.0630117817745879e-07
-9.5606092136337357e-08
-8.6585817574454175e-08
-7.8876166216377257e-08
-7.2299252880825160e-08
-6.6613320999548653e-08
-6.1595229032982219e-08
-5.7199360317207847e-08
-5.3322785079967489e-08
-4.9837198370186222e-08
-4.6721145944834834e-08
-4.3925678523758272e-08
-4.1516387366149871e-08
-1.6509562150483506e-07
-4.4159806638294803e-05
-4.0848094380117504e-04
-4.2440147675626048e-04
-3.8765611672859923e-04
-3.4838797806669824e-04
-3.1098225723784253e-04
-2.7150896244252000e-04
-2.3940946456960037e-04
-2.1148220808265761e-04
-1.8705854804040587e-04
-1.6399006610146250e-04
-1.4651668256477710e-04
-1.3325933060008005e-04
-1.2277551940250841e-04
-1.1430890044542729e-04
-1.0901213531530267e-04
-1.0575465150404684e-04
-1.0394237415014553e-04
-1.0345550774318358e-04
-1.0389629438430644e-04
-1.0488315025017465e-04
-1.0634056682741086e-04
-1.0831688259361272e-04
-1.1005378249470578e-04
-1.1187940664009497e-04
-1.1373060608725484e-04
-1.1550209574349753e-04
-1.1697798280362521e-04
-1.1828533878470108e-04
-1.1952307642131241e-04
-1.2050768390504026e-04
-1.2129980839819472e-04
-1.2191441338760499e-04
-1.2244889415436003e-04
-1.2277117883588892e-04
-1.2292337749746584e-04
-1.2300904966612924e-04
-1.2300084746156610e-04
-1.2285277304617558e-04
-1.2263267974305713e-04
-1.2234981334481465e-04
-1.2198115466766440e-04
-1.2154959001020025e-04
-1.2109122725282437e-04
-1.2059005546951738e-04
-1.2005454099600440e-04
-1.1943660009296997e-04
-1.1884469631627863e-04
-1.1822616556271633e-04
-1.1754181221087940e-04
-1.1689868463140524e-04
-1.1624545988687908e-04
-1.1549589825105584e-04
-1.1481394063903887e-04
-1.1412777917493403e-04
-1.1336769603990365e-04
-1.1267477386811687e-04
-1.1198494951691715e-04
-1.1118100033831250e-04
-1.1048926433045197e-04
-1.0977607860455806e-04
-1.0899782798042892e-04
-1.0830927839846975e-04
-1.0757910938463998e-04
-1.0680768292924511e-04
-1.0611686123951342e-04
-1.0536333129496217e-04
-1.0463575175633225e-04
-1.0395709362654492e-04
-1.0317311943811757e-04
-1.0247908951397655e-04
-1.0178867298290510e-04
-1.0099193368018552e-04
-1.0034657531848654e-04
-9.9623180396289830e-05
-9.8882497914127781e-05
-9.8238156392386255e-05
-9.7454317256201228e-05
-9.6789258962437077e-05
-9.6118595678340723e-05
-9.5360982905398249e-05
-9.4728419212290293e-05
-9.3996042592739014e-05
-9.3302489511009563e-05
-9.2663869253043938e-05
-9.1912792518702435e-05
-9.1287996930082129e-05
-9.0578016259110092e-05
-8.9909407441946971e-05
-8.9247068245764814e-05
-8.8542827333822335e-05
-8.7923279627862306e-05
-8.7194968997690117e-05
-8.6582000881592033e-05
-8.5900243030136923e-05
-8.5224593648933067e-05
-8.4620965345301403e-05
-8.3883463939699845e-05
-8.3307909187402008e-05
-8.2598293760700536e-05
-8.1985862919384408e-05
-8.1329497134617184e-05
-8.0677108710695475e-05
-8.0049436179122625e-05
-7.9384836703968924e-05
-7.8791601163901413e-05
-7.8090414422766252e-05
-7.7526929016057296e-05
-7.6827740125114667e-05
-7.6240804058474141e-05
-7.5586692550915017e-05
-7.4965391245735379e-05
-7.4344032043312277e-05
-7.3713146901456742e-05
-7.3102882527472534e-05
-7.2465113456156435e-05
-7.1867817006831270e-05
-7.1209018311962503e-05
-7.0646587421355930e-05
-6.9964748400743704e-05
-6.9418310304259235e-05
-6.8741965813673122e-05
-6.8191968477667649e-05
-6.7519231678420021e-05
-6.6970893653932109e-05
-6.6290647824510308e-05
-6.5759964173760775e-05
-6.5072493712549172e-05
-6.4543145619539100e-05
-6.3868968038002262e-05
-6.3329293983054483e-05
-6.2663792929510212e-05
-6.2117066027145138e-05
-6.1453410165661875e-05
-6.0913599453488914e-05
-6.0250270452681566e-05
-5.9700487966571102e-05
-5.9063357289343151e-05
-5.8486038976751631e-05
-5.7877886546990322e-05
-5.7277892701520623e-05
-5.6680346170409354e-05
-5.6072681153361797e-05
-5.5486489422006242e-05
-5.4863342304354037e-05
-5.4303031276621401e-05
-5.3647759875465871e-05
-5.3105429325634696e-05
-5.2449771506078843e-05
-5.1890360007971906e-05
-5.1265528191836119e-05
-5.0666009992931517e-05
-5.0082155968430627e-05
-4.9441957709827685e-05
-4.8890122138074083e-05
-4.8223356276207770e-05
-4.7660720399979004e-05
-4.7032727530547409e-05
-4.6431881693674413e-05
-4.5836210396241166e-05
-4.5199861687549803e-05
-4.4633962966186904e-05
-4.3964495788305980e-05
-4.3387217131711994e-05
-4.2759080536679005e-05
-4.2136651824993867e-05
-4.1550102127808591e-05
-4.0877412537286330e-05
-4.0289728347308579e-05
-3.9658229983251314e-05
-3.9022072351665701e-05
-3.8430443623312736e-05
-3.7762412962548166e-05
0.0000000000000000e+00
];
