%Vec Object:dSdr_b_aug_8780 1 MPI processes
%  type: seq
dSdr_b_aug_8780 = [
2.2812669457134157e+03
0.0000000000000000e+00
-6.6236016567443169e-07
-2.7404262612316842e-07
-1.7072900525657532e-07
-1.2137876318840695e-07
-9.0965648251113918e-08
-7.2156999182817608e-08
-5.9408759009107687e-08
-4.9834531702424566e-08
-4.2724302578571688e-08
-3.7272913792221658e-08
-3.2836872848492680e-08
-2.9243506849959140e-08
-2.6297317405178034e-08
-2.3813340369789761e-08
-2.1692242415646566e-08
-4.7570442644760913e-07
-6.8915393220341263e-04
-7.8155371651599046e-04
-7.3993972592534219e-04
-7.0121630368740774e-04
-6.6328226133822586e-04
-6.2548588875948404e-04
-5.8352636219870236e-04
-5.4300725265777380e-04
-5.0414770254198339e-04
-4.6489354801597615e-04
-4.2460585333908623e-04
-3.8153036205941835e-04
-3.4362095538554270e-04
-3.0717630122451277e-04
-2.7276453234532802e-04
-2.3646581170061175e-04
-2.0693796151329954e-04
-1.8123497631249394e-04
-1.5875119335376084e-04
-1.3751804485421070e-04
-1.2143603426241338e-04
-1.0923999751494487e-04
-9.9616745941642090e-05
-9.1864247773007108e-05
-8.7040521827580096e-05
-8.4108627097200694e-05
-8.2518554399706114e-05
-8.2166295465196267e-05
-8.2673578018159133e-05
-8.3689470354235884e-05
-8.5144441348160882e-05
-8.7103428793855657e-05
-8.8827859615643487e-05
-9.0634013082429657e-05
-9.2474980982885983e-05
-9.4249619402192594e-05
-9.5738697369963517e-05
-9.7075311447783052e-05
-9.8362941458393792e-05
-9.9404835867607875e-05
-1.0026372971615924e-04
-1.0096289635909199e-04
-1.0159652574738537e-04
-1.0201968246382657e-04
-1.0228407308121174e-04
-1.0250451629179170e-04
-1.0261976166713568e-04
-1.0260276066964802e-04
-1.0252802652526016e-04
-1.0239505425030024e-04
-1.0217178420795595e-04
-1.0189385757090357e-04
-1.0159921588052612e-04
-1.0124929583169328e-04
-1.0086569981455802e-04
-1.0042782270877840e-04
-9.9991137962096037e-05
-9.9526888228343655e-05
-9.9025416709094336e-05
-9.8536714437522617e-05
-9.8037332579880733e-05
-9.7475150276634545e-05
-9.6948064784342137e-05
-9.6418477915379875e-05
-9.5840477710703776e-05
-9.5301573495866737e-05
-9.4766879163750393e-05
-9.4146693738339645e-05
-9.3608356254244762e-05
-9.3052282379416199e-05
-9.2450190538749367e-05
-9.1912494783136564e-05
-9.1341910124947539e-05
-9.0742474459032846e-05
-9.0201209406025586e-05
-8.9611728821665758e-05
-8.9045537755675668e-05
-8.8513869658493627e-05
-8.7899276528937586e-05
-8.7360183737203326e-05
-8.6817142625725675e-05
-8.6192959196482527e-05
-8.5692873471987128e-05
-8.5122320614262735e-05
-8.4544101824717721e-05
-8.4043059717567149e-05
-8.3424866685955933e-05
-8.2908128132999883e-05
-8.2384053685839698e-05
-8.1789052444518223e-05
-8.1297116766863286e-05
-8.0724478028736666e-05
-8.0181288238692121e-05
-7.9684010484440794e-05
-7.9097733154030790e-05
-7.8609062211065840e-05
-7.8056857505148919e-05
-7.7534321624284788e-05
-7.7016905334788348e-05
-7.6469408347299553e-05
-7.5986252985051650e-05
-7.5417656005173265e-05
-7.4943935814152939e-05
-7.4410416059294128e-05
-7.3884995776598927e-05
-7.3420195161012295e-05
-7.2841382418289909e-05
-7.2398997744923567e-05
-7.1847495029708934e-05
-7.1370142101833260e-05
-7.0866312311132449e-05
-7.0357869467801648e-05
-6.9872548256093585e-05
-6.9360038857749931e-05
-6.8900625997804355e-05
-6.8359368816015082e-05
-6.7926062783478598e-05
-6.7385465036965634e-05
-6.6934065254353116e-05
-6.6430377237803630e-05
-6.5951318310754592e-05
-6.5474618182736192e-05
-6.4990273707905868e-05
-6.4520281548366759e-05
-6.4034044662925340e-05
-6.3574315893589645e-05
-6.3069645459525064e-05
-6.2643066912025606e-05
-6.2116915937633776e-05
-6.1705029470114357e-05
-6.1186038085544694e-05
-6.0767160496742574e-05
-6.0257303349555554e-05
-5.9838932898531339e-05
-5.9322335504186470e-05
-5.8921086173191338e-05
-5.8398310026172471e-05
-5.7999340371727017e-05
-5.7488231537562143e-05
-5.7080478157021494e-05
-5.6577988630489537e-05
-5.6166309366911541e-05
-5.5664132579692390e-05
-5.5262353468115983e-05
-5.4758486271211421e-05
-5.4349205049746203e-05
-5.3871017422250152e-05
-5.3436907310067932e-05
-5.2985424662417463e-05
-5.2533818870352670e-05
-5.2089799120479447e-05
-5.1636214861346032e-05
-5.1199662795534076e-05
-5.0736686788398636e-05
-5.0321073480307256e-05
-4.9834123659917522e-05
-4.9433499210429280e-05
-4.8946531304296120e-05
-4.8533879062781176e-05
-4.8072755067131957e-05
-4.7628885558455923e-05
-4.7202402989288227e-05
-4.6727219511424935e-05
-4.6325192230474426e-05
-4.5834293786245306e-05
-4.5421112996890671e-05
-4.4964654722162951e-05
-4.4522935211763525e-05
-4.4089790769794017e-05
-4.3625107503702368e-05
-4.3214081436424698e-05
-4.2726854348004123e-05
-4.2307867503606141e-05
-4.1851508268838960e-05
-4.1400818489740255e-05
-4.0975957268001100e-05
-4.0490047282512270e-05
-4.0065055005621799e-05
-3.9609398019251211e-05
-3.9151689873940124e-05
-3.8721544566292068e-05
-3.8230996624141028e-05
0.0000000000000000e+00
];
