%Vec Object:dSdr_b_aug_1750 1 MPI processes
%  type: seq
dSdr_b_aug_1750 = [
2.4221051902445452e+03
0.0000000000000000e+00
-1.7315851164735554e-06
-7.0977930503679941e-07
-4.3552148297240018e-07
-3.0702025038586360e-07
-2.3042330383185506e-07
-1.8311539755008103e-07
-1.5105117521854386e-07
-1.2679567629161813e-07
-1.0878881596042027e-07
-9.4989826886786873e-08
-8.3739147829553771e-08
-7.4623741574105347e-08
-6.7151651998454178e-08
-6.0849697851561720e-08
-5.5463473083320203e-08
-5.0868242864088691e-08
-4.6895243332142125e-08
-4.3388662093722108e-08
-4.0316673574575967e-08
-3.7607421872462834e-08
-3.5175931163301492e-08
-5.7363282703262438e-08
-5.3117395640936950e-05
-5.5897549022173481e-04
-5.4722448335683428e-04
-5.0621617099313792e-04
-4.6315660951708583e-04
-4.1714539708662520e-04
-3.7666426749484699e-04
-3.3778939378517397e-04
-3.0111456690088182e-04
-2.6245466847889980e-04
-2.3101841842579308e-04
-2.0366567015638962e-04
-1.7974324372199924e-04
-1.5714903252037518e-04
-1.4003520579885834e-04
-1.2705212095314496e-04
-1.1679069860746303e-04
-1.0850862583502389e-04
-1.0333410581006347e-04
-1.0016076252495667e-04
-9.8405908690826283e-05
-9.7953828572766607e-05
-9.8411799803022873e-05
-9.9406159808152392e-05
-1.0086294477487247e-04
-1.0283478285488413e-04
-1.0456846078938116e-04
-1.0638905356259612e-04
-1.0823760924217999e-04
-1.1000991291748719e-04
-1.1148920911569526e-04
-1.1280412638052893e-04
-1.1405475770220899e-04
-1.1505416978999160e-04
-1.1586354937087989e-04
-1.1650000741053990e-04
-1.1706011085642851e-04
-1.1740846357908084e-04
-1.1758965562213498e-04
-1.1771015616884909e-04
-1.1773385606679634e-04
-1.1761965445365684e-04
-1.1743712574107743e-04
-1.1719299587725502e-04
-1.1686190939605373e-04
-1.1647004877875023e-04
-1.1605399577049222e-04
-1.1559191134154133e-04
-1.1509565651700406e-04
-1.1452424872277700e-04
-1.1397245753900462e-04
-1.1339379696964116e-04
-1.1275670496888295e-04
-1.1215348485582906e-04
-1.1154001706264128e-04
-1.1083887903667038e-04
-1.1019694435132689e-04
-1.0955124577397292e-04
-1.0883821751851378e-04
-1.0818509752981201e-04
-1.0753536274473664e-04
-1.0677890280749359e-04
-1.0612680890820490e-04
-1.0545422494189178e-04
-1.0472149828014511e-04
-1.0407193322054393e-04
-1.0338300491448730e-04
-1.0265602529889685e-04
-1.0200385289664614e-04
-1.0129271752138059e-04
-1.0060684490952836e-04
-9.9966172785413091e-05
-9.9225971004087641e-05
-9.8571980811542798e-05
-9.7919649873411075e-05
-9.7167503423385511e-05
-9.6559687238844359e-05
-9.5875790577499163e-05
-9.5177092782946785e-05
-9.4569783416864823e-05
-9.3828751382800079e-05
-9.3202022623760212e-05
-9.2569241564471769e-05
-9.1853651675881216e-05
-9.1257429754948381e-05
-9.0566333376129572e-05
-8.9911637903741413e-05
-8.9309544055518473e-05
-8.8601055581772868e-05
-8.8011437973814193e-05
-8.7342230527198843e-05
-8.6711370575752285e-05
-8.6086483046411398e-05
-8.5422748648111274e-05
-8.4838448093264388e-05
-8.4151411424012061e-05
-8.3574428409199076e-05
-8.2930978942262804e-05
-8.2294152468666837e-05
-8.1726400659201911e-05
-8.1029908319156055e-05
-8.0488767987812673e-05
-7.9820012781007282e-05
-7.9242489385855555e-05
-7.8625542651648172e-05
-7.8010353295371521e-05
-7.7419467831182050e-05
-7.6794172158986269e-05
-7.6235519664156546e-05
-7.5575662636620075e-05
-7.5045818744907833e-05
-7.4387613678442635e-05
-7.3835703477312658e-05
-7.3220465057544443e-05
-7.2635922629703457e-05
-7.2051946833826328e-05
-7.1458931342913007e-05
-7.0884916688019391e-05
-7.0286307187995823e-05
-6.9724561523459781e-05
-6.9105593274832957e-05
-6.8578269867683870e-05
-6.7936664361847946e-05
-6.7424997593367841e-05
-6.6789316890775001e-05
-6.6273203976242642e-05
-6.5642559140425495e-05
-6.5127807761814361e-05
-6.4489852540870540e-05
-6.3992617701971488e-05
-6.3347708098092113e-05
-6.2852052767231787e-05
-6.2220015918759011e-05
-6.1714433137622014e-05
-6.1091057986642779e-05
-6.0579230396920140e-05
-5.9957304360684173e-05
-5.9453164035888932e-05
-5.8831043483061667e-05
-5.8317569538087682e-05
-5.7721513175327826e-05
-5.7181202857174337e-05
-5.6613537180972428e-05
-5.6051889827717284e-05
-5.5494017704288110e-05
-5.4926170185661688e-05
-5.4378648187318930e-05
-5.3796892299530120e-05
-5.3273973697086863e-05
-5.2662199590483184e-05
-5.2156488113568153e-05
-5.1544422488461980e-05
-5.1022935594898640e-05
-5.0440408097550563e-05
-4.9881111298106974e-05
-4.9337923595778788e-05
-4.8740366523994807e-05
-4.8227242014874440e-05
-4.7605920998927746e-05
-4.7081903777292749e-05
-4.6498234654842995e-05
-4.5938504985907277e-05
-4.5384827379797607e-05
-4.4792832319703367e-05
-4.4266945422610444e-05
-4.3644559384079711e-05
-4.3108168886270787e-05
-4.2524399213808686e-05
-4.1946318132494172e-05
-4.1401503927641795e-05
-4.0777008289280299e-05
-4.0231246200995749e-05
-3.9644968706523215e-05
-3.9054456345931613e-05
-3.8503236058005805e-05
-3.7874032410728910e-05
0.0000000000000000e+00
];
