%Vec Object:dSdr_b_aug_5200 1 MPI processes
%  type: seq
dSdr_b_aug_5200 = [
2.3278658560765039e+03
0.0000000000000000e+00
-8.9703226924063963e-07
-3.7006332458358956e-07
-2.2950154962847927e-07
-1.6272507112998416e-07
-1.2196966433008241e-07
-9.6775156448922024e-08
-7.9698829085706559e-08
-6.6847814818704213e-08
-5.7305345673779177e-08
-4.9990340322705202e-08
-4.4034764147615146e-08
-3.9210381479678726e-08
-3.5255207546854208e-08
-3.1920365921233283e-08
-2.9071121002136685e-08
-2.6640129445295792e-08
-2.4550022391676914e-08
-1.0401028027814480e-06
-6.1858912467949742e-04
-7.2044368310114550e-04
-6.8248318114649484e-04
-6.4370357050930866e-04
-6.0064874888342116e-04
-5.5910194856107376e-04
-5.1927881042453865e-04
-4.7906422570564224e-04
-4.3780892159187837e-04
-3.9372686203351798e-04
-3.5493666478836501e-04
-3.1765976979013406e-04
-2.8247301391417980e-04
-2.4536570623621317e-04
-2.1518432329678782e-04
-1.8891637570772011e-04
-1.6593992820510109e-04
-1.4424068269428049e-04
-1.2780532583639163e-04
-1.1533976384079167e-04
-1.0549797019494121e-04
-9.7564118811639959e-05
-9.2620263219740415e-05
-8.9605684331662281e-05
-8.7959182314904116e-05
-8.7572739667431492e-05
-8.8063135657154496e-05
-8.9071654368555545e-05
-9.0527246698201481e-05
-9.2490634994690216e-05
-9.4218232625095495e-05
-9.6029330965363200e-05
-9.7872897431825360e-05
-9.9646736545726768e-05
-1.0113246495055994e-04
-1.0246164913745060e-04
-1.0373660910842931e-04
-1.0476395559140365e-04
-1.0560589340771340e-04
-1.0628358560023811e-04
-1.0689203612588330e-04
-1.0728957630059753e-04
-1.0752547563941948e-04
-1.0771169354195856e-04
-1.0779558922433716e-04
-1.0774530192216867e-04
-1.0763365356290414e-04
-1.0746261539997501e-04
-1.0720242364373997e-04
-1.0688548033283575e-04
-1.0654926134652656e-04
-1.0616093061739087e-04
-1.0573875459939612e-04
-1.0525514990221241e-04
-1.0477904695673079e-04
-1.0427561723044936e-04
-1.0372770246061403e-04
-1.0319978354737663e-04
-1.0266133295230738e-04
-1.0205156523650330e-04
-1.0148514962453324e-04
-1.0091580028492854e-04
-1.0029155969556772e-04
-9.9713542270454898e-05
-9.9139452314666543e-05
-9.8472599648040453e-05
-9.7895306254092246e-05
-9.7299333457658314e-05
-9.6652505672905007e-05
-9.6076500234636286e-05
-9.5465388750162075e-05
-9.4822275608584018e-05
-9.4243030292866521e-05
-9.3611888977347975e-05
-9.3004712918661814e-05
-9.2435716350575164e-05
-9.1778108486251193e-05
-9.1199669033514968e-05
-9.0619201577197623e-05
-8.9951197156717350e-05
-8.9414219092753727e-05
-8.8804851585813800e-05
-8.8185374676485404e-05
-8.7647941270128270e-05
-8.6987681935282547e-05
-8.6433277156579361e-05
-8.5871976050818611e-05
-8.5235679140230848e-05
-8.4708030560935811e-05
-8.4094825917101798e-05
-8.3513450922992967e-05
-8.2980278817687588e-05
-8.2352150190666721e-05
-8.1828909983511561e-05
-8.1236637600263378e-05
-8.0677006056993327e-05
-8.0122786156911993e-05
-7.9535483577577209e-05
-7.9017690961869297e-05
-7.8408534216833434e-05
-7.7899451586721055e-05
-7.7328286311864681e-05
-7.6764714887230561e-05
-7.6264658547827449e-05
-7.5645546329177060e-05
-7.5169342693598404e-05
-7.4577686763083916e-05
-7.4066030368285054e-05
-7.3523463581097115e-05
-7.2978465297512249e-05
-7.2456993510157334e-05
-7.1905860349216684e-05
-7.1412462779746544e-05
-7.0830590970897962e-05
-7.0364225450648268e-05
-6.9783352964599530e-05
-6.9297533285277670e-05
-6.8755644720363280e-05
-6.8240462857288966e-05
-6.7727026062565894e-05
-6.7205467080696621e-05
-6.6699852300267844e-05
-6.6175133288182719e-05
-6.5680468711783356e-05
-6.5136656859010307e-05
-6.4675578108066938e-05
-6.4109889589630982e-05
-6.3663833225573123e-05
-6.3104881436020416e-05
-6.2652705470650318e-05
-6.2101484420625650e-05
-6.1650108173079280e-05
-6.1091951621427710e-05
-6.0657831895223327e-05
-6.0093230963868374e-05
-5.9661151128635834e-05
-5.9108630301041697e-05
-5.8667375055693370e-05
-5.8123488036120460e-05
-5.7677512772820221e-05
-5.7134327625584037e-05
-5.6697494689238083e-05
-5.6153131378393681e-05
-5.5708169104900021e-05
-5.5189617049740991e-05
-5.4719138390047241e-05
-5.4227868552689908e-05
-5.3738578699927374e-05
-5.3255569852289973e-05
-5.2762855761468355e-05
-5.2288301638200594e-05
-5.1784649018454503e-05
-5.1332288543264154e-05
-5.0802592119631693e-05
-5.0365980061806650e-05
-4.9836171811535046e-05
-4.9386248465730959e-05
-4.8883549076458704e-05
-4.8400150645199525e-05
-4.7933701453827745e-05
-4.7416610055541282e-05
-4.6976536313702811e-05
-4.6440973236784744e-05
-4.5989834890414652e-05
-4.5489811342886929e-05
-4.5007676993386905e-05
-4.4533253258930207e-05
-4.4024968755727266e-05
-4.3574604526483099e-05
-4.3041087069112577e-05
-4.2581888695026231e-05
-4.2081888894674683e-05
-4.1587561795273157e-05
-4.1121605268139443e-05
-4.0588210163379238e-05
-4.0121817281432544e-05
-3.9621351448604925e-05
-3.9117999234066785e-05
-3.8645928494559118e-05
-3.8105440254020280e-05
0.0000000000000000e+00
];
