%Vec Object:dSdr_b_aug_2240 1 MPI processes
%  type: seq
dSdr_b_aug_2240 = [
2.4020294673869680e+03
0.0000000000000000e+00
-1.4977020991212074e-06
-6.1485691586099175e-07
-3.7823253615043586e-07
-2.6699970226829898e-07
-2.0033201937806946e-07
-1.5914774457997642e-07
-1.3123380837293758e-07
-1.1014306368277235e-07
-9.4484871028203481e-08
-8.2484806957301111e-08
-7.2703934726838574e-08
-6.4779694100088924e-08
-5.8283834800090680e-08
-5.2805562844026731e-08
-4.8123686885953887e-08
-4.4129305269790746e-08
-4.0675788215524647e-08
-3.7627907607764786e-08
-3.4957743378138909e-08
-3.2605296686677270e-08
-5.4315304909649254e-08
-8.1333597252880265e-05
-6.0927377676332816e-04
-5.8273051701358228e-04
-5.4192687065494243e-04
-5.0029108924114446e-04
-4.5758722178086919e-04
-4.1199737423655520e-04
-3.7188774712344276e-04
-3.3336414550896827e-04
-2.9701644950809718e-04
-2.5869786847074769e-04
-2.2753748537663180e-04
-2.0042321713933822e-04
-1.7670875250390039e-04
-1.5431128846089682e-04
-1.3734661497680865e-04
-1.2447730116693821e-04
-1.1430812904395249e-04
-1.0610260848490997e-04
-1.0097879724485306e-04
-9.7840356418899899e-05
-9.6109322466333811e-05
-9.5671672013491376e-05
-9.6136771505709988e-05
-9.7134244204314697e-05
-9.8590767059771565e-05
-1.0056074763287308e-04
-1.0229308895423332e-04
-1.0411159455717874e-04
-1.0595905347763862e-04
-1.0773169473005017e-04
-1.0921240499648151e-04
-1.1053045869353975e-04
-1.1178643839209434e-04
-1.1279199153452828e-04
-1.1360852866197904e-04
-1.1425405154060689e-04
-1.1482478351437089e-04
-1.1518394950826926e-04
-1.1537716829156505e-04
-1.1551211600392917e-04
-1.1554904921740587e-04
-1.1544889839109997e-04
-1.1528195186372099e-04
-1.1505389032203873e-04
-1.1473838918457816e-04
-1.1436299822517521e-04
-1.1396449575409828e-04
-1.1351862517839279e-04
-1.1303865567688948e-04
-1.1248655032237486e-04
-1.1195139827529882e-04
-1.1138927628965725e-04
-1.1077178881399555e-04
-1.1018512275128566e-04
-1.0958814657501335e-04
-1.0890709524900953e-04
-1.0828176256171023e-04
-1.0765284848175262e-04
-1.0695933915730530e-04
-1.0632272959597577e-04
-1.0568962444685903e-04
-1.0495286361427735e-04
-1.0431721372711295e-04
-1.0366147179568315e-04
-1.0294762895688637e-04
-1.0231423508632192e-04
-1.0164241386194923e-04
-1.0093387126926551e-04
-1.0029773100027773e-04
-9.9604181344773335e-05
-9.8935609211715295e-05
-9.8310694086000845e-05
-9.7588649570449134e-05
-9.6951268287695513e-05
-9.6314735660307072e-05
-9.5581086809024370e-05
-9.4988843522163352e-05
-9.4321331179059444e-05
-9.3640049114105691e-05
-9.3048101111087392e-05
-9.2324825953530741e-05
-9.1713996723850395e-05
-9.1096929645200227e-05
-9.0398771333824107e-05
-8.9817624410221334e-05
-8.9143651562265537e-05
-8.8505074686042988e-05
-8.7918132425934741e-05
-8.7227310066311856e-05
-8.6652284703486978e-05
-8.5999990473840804e-05
-8.5384789201084713e-05
-8.4775437070081666e-05
-8.4128505255543558e-05
-8.3558825641650997e-05
-8.2888909903461777e-05
-8.2326853940741657e-05
-8.1699295251541293e-05
-8.1078572986000036e-05
-8.0525703179603432e-05
-7.9846221892994085e-05
-7.9319357080868079e-05
-7.8667551186214831e-05
-7.8104507825399228e-05
-7.7503912591256354e-05
-7.6904153862018200e-05
-7.6328528123405649e-05
-7.5719536148868830e-05
-7.5175229127787555e-05
-7.4532516171418403e-05
-7.4016627198823182e-05
-7.3375422727268197e-05
-7.2838041692486645e-05
-7.2238928312858477e-05
-7.1669633927915852e-05
-7.1101165238835414e-05
-7.0523858556248477e-05
-6.9964880744829047e-05
-6.9382515131039747e-05
-6.8835516388873340e-05
-6.8233070317612012e-05
-6.7720309950763157e-05
-6.7095393825849001e-05
-6.6598150661947749e-05
-6.5979337828412258e-05
-6.5477280625906027e-05
-6.4864096089709222e-05
-6.4363276910100597e-05
-6.3742864397239496e-05
-6.3259504590428616e-05
-6.2632249806859070e-05
-6.2150570711609786e-05
-6.1536014422200388e-05
-6.1044573196306250e-05
-6.0438672465390480e-05
-5.9941321628853556e-05
-5.9336705731367411e-05
-5.8847362027250132e-05
-5.8242335359283823e-05
-5.7743922769475197e-05
-5.7164904673747797e-05
-5.6639945878164162e-05
-5.6089074769701557e-05
-5.5543334195485067e-05
-5.5001919704141109e-05
-5.4450589194690448e-05
-5.3919108122066452e-05
-5.3354522096333951e-05
-5.2847114633585431e-05
-5.2253384075983707e-05
-5.1762863016842299e-05
-5.1168880393205836e-05
-5.0663125567264336e-05
-5.0098146960379535e-05
-4.9555535104475164e-05
-4.9029216990848061e-05
-4.8449348814503868e-05
-4.7952283057147258e-05
-4.7349814211209268e-05
-4.6841817753554563e-05
-4.6276536179300288e-05
-4.5733863813326137e-05
-4.5197607900980437e-05
-4.4624013985923454e-05
-4.4114727849652421e-05
-4.3511875958836130e-05
-4.2992451954735549e-05
-4.2427093716968707e-05
-4.1867418933414493e-05
-4.1339932027764935e-05
-4.0735450619467347e-05
-4.0207115532877349e-05
-3.9639663917389596e-05
-3.9068230160319764e-05
-3.8534178187056385e-05
-3.7923245303104695e-05
0.0000000000000000e+00
];
