%Vec Object:dSdr_b_aug_8690 1 MPI processes
%  type: seq
dSdr_b_aug_8690 = [
2.2823721971270138e+03
0.0000000000000000e+00
-6.6650456321253235e-07
-2.7553605435965657e-07
-1.7150997538826039e-07
-1.2182819095405778e-07
-9.1226436182063517e-08
-7.2302147589213322e-08
-5.9476123753283531e-08
-4.9845884226733195e-08
-4.2694491704386530e-08
-3.7211667188330946e-08
-3.2751156483794339e-08
-2.9138318654247581e-08
-2.6176265729010828e-08
-2.3679274917360420e-08
-2.1546995579516768e-08
-2.8353826316949130e-07
-6.4412600579110888e-04
-7.8187993711941936e-04
-7.4035707297961213e-04
-7.0161352887119946e-04
-6.6365946438455429e-04
-6.2584353361277956e-04
-5.8386250001323566e-04
-5.4332321526272319e-04
-5.0444474848260375e-04
-4.6517173928834182e-04
-4.2486504900351085e-04
-3.8176979729277066e-04
-3.4384309939153014e-04
-3.0738210710490300e-04
-2.7295512407813066e-04
-2.3664052966439233e-04
-2.0709984965479859e-04
-1.8138577339954631e-04
-1.5889231863402235e-04
-1.3765001995693274e-04
-1.2156107265459763e-04
-1.0935974472937827e-04
-9.9732202854902824e-05
-9.1976144458766362e-05
-8.7150060197631389e-05
-8.4216542264412201e-05
-8.2625361786259631e-05
-8.2272431786215223e-05
-8.2779382842379314e-05
-8.3795130434845792e-05
-8.5250113637747309e-05
-8.7209187489808345e-05
-8.8933680490451555e-05
-9.0739931042056846e-05
-9.2580949964574070e-05
-9.4355572698056120e-05
-9.5844584914204432e-05
-9.7181053137321993e-05
-9.8468434420519746e-05
-9.9510043236547508e-05
-1.0036860421684551e-04
-1.0106734928802603e-04
-1.0170048438144884e-04
-1.0212313820991317e-04
-1.0238696950430893e-04
-1.0260674082386014e-04
-1.0272137076072736e-04
-1.0270371630610609e-04
-1.0262825748332438e-04
-1.0249453792066728e-04
-1.0227054305201668e-04
-1.0199185046197278e-04
-1.0169639254924632e-04
-1.0134571844343818e-04
-1.0096136504559176e-04
-1.0052259024067490e-04
-1.0008513165781323e-04
-9.9620112764073657e-05
-9.9117729496262747e-05
-9.8628257345546760e-05
-9.8128108511674831e-05
-9.7564992037388424e-05
-9.7037134437665454e-05
-9.6506766973596112e-05
-9.5927859002884657e-05
-9.5388186938745424e-05
-9.4852719213185744e-05
-9.4231617641578303e-05
-9.3692515396175550e-05
-9.3135658247342574e-05
-9.2532688174451616e-05
-9.1994240343936011e-05
-9.1422860084917153e-05
-9.0822566966192885e-05
-9.0280556305141882e-05
-8.9690257859532843e-05
-8.9123262198145987e-05
-8.8590861288291437e-05
-8.7975423716636753e-05
-8.7435558492238641e-05
-8.6891782646826273e-05
-8.6266738947139891e-05
-8.5765928971793279e-05
-8.5194614124953986e-05
-8.4615585376637925e-05
-8.4113828853573543e-05
-8.3494809997226895e-05
-8.2977331999592276e-05
-8.2452526736943914e-05
-8.1856714799676138e-05
-8.1364078023809163e-05
-8.0790642915867927e-05
-8.0246703492695877e-05
-7.9748721078221069e-05
-7.9161622143750278e-05
-7.8672272554014427e-05
-7.8119281258985627e-05
-7.7596017134318250e-05
-7.7077878334134409e-05
-7.6529599902766770e-05
-7.6045764558742415e-05
-7.5476371329336387e-05
-7.5001956919978528e-05
-7.4467698126517062e-05
-7.3941528878900082e-05
-7.3476036139979151e-05
-7.2896432257418459e-05
-7.2453383666075342e-05
-7.1901092682277639e-05
-7.1423066324948460e-05
-7.0918476067933489e-05
-7.0409315585430167e-05
-6.9923284682670369e-05
-6.9410017040858594e-05
-6.8949937008868465e-05
-6.8407882499864754e-05
-6.7973927458487418e-05
-6.7432539057088247e-05
-6.6980463558861082e-05
-6.6476025606579538e-05
-6.5996257530476107e-05
-6.5518836204807863e-05
-6.5033761151634545e-05
-6.4563069664652246e-05
-6.4076077315191075e-05
-6.3615662701317765e-05
-6.3110223860237094e-05
-6.2682968019425571e-05
-6.2156040861242781e-05
-6.1743483584600527e-05
-6.1223707714456638e-05
-6.0804176425375817e-05
-6.0293507239461710e-05
-5.9874488831527194e-05
-5.9357075564960194e-05
-5.8955180934751001e-05
-5.8431583700265222e-05
-5.8031964038666374e-05
-5.7520042220129104e-05
-5.7111631142544981e-05
-5.6608328915649380e-05
-5.6195976364201836e-05
-5.5692994514950774e-05
-5.5290527237370639e-05
-5.4785865033643577e-05
-5.4375883331663017e-05
-5.3896903281303095e-05
-5.3462079190635953e-05
-5.3009815450715382e-05
-5.2557469853014024e-05
-5.2112684676768987e-05
-5.1658332227255640e-05
-5.1221034109797841e-05
-5.0757259544026477e-05
-5.0340924816654914e-05
-4.9853135797183982e-05
-4.9451804835767291e-05
-4.8963995885732955e-05
-4.8550611930151429e-05
-4.8088671717425549e-05
-4.7644026163129931e-05
-4.7216758951190729e-05
-4.6740752714237589e-05
-4.6337978474206140e-05
-4.5846203137834869e-05
-4.5432277116797088e-05
-4.4974963510031851e-05
-4.4532450499831192e-05
-4.4098495567671796e-05
-4.3632956201707995e-05
-4.3221157690957004e-05
-4.2733021628187148e-05
-4.2313245080341044e-05
-4.1856028726996341e-05
-4.1404481745580444e-05
-4.0978812990904937e-05
-4.0491969627649693e-05
-4.0066162680461847e-05
-3.9609622553756850e-05
-3.9151010950670612e-05
-3.8720021793209397e-05
-3.8228382921826884e-05
0.0000000000000000e+00
];
