%Vec Object:dSdr_b_aug_570 1 MPI processes
%  type: seq
dSdr_b_aug_570 = [
2.5123819562161707e+03
0.0000000000000000e+00
-3.4237446489684324e-06
-1.3904605711600334e-06
-8.4126037964253670e-07
-5.8825118851381231e-07
-4.4141997510376419e-07
-3.5083895275088390e-07
-2.8945246519229510e-07
-2.4276223353718463e-07
-2.0811197731260098e-07
-1.8156901887905594e-07
-1.5990587543242197e-07
-1.4235405495088916e-07
-1.2796932185209794e-07
-1.1583718501512486e-07
-1.0546776668796641e-07
-9.6622440933693733e-08
-8.8975852142728686e-08
-8.2227823928069350e-08
-7.6316835206755122e-08
-7.1104358449298834e-08
-6.6418118041958463e-08
-6.2228917068077200e-08
-5.8470732685911513e-08
-5.5060124933177248e-08
-5.1958548065906162e-08
-4.9148852201917016e-08
-4.8926152583439384e-08
-4.9332878208064591e-07
-3.2135146911700670e-05
-2.4489952327595314e-04
-3.0071986374951502e-04
-2.7508569513549154e-04
-2.4510392499605587e-04
-2.1730496667501288e-04
-1.9264113823242213e-04
-1.6925193173613739e-04
-1.5151621665346961e-04
-1.3805274721811285e-04
-1.2739948132675012e-04
-1.1879135142048524e-04
-1.1340064905765772e-04
-1.1007841518699499e-04
-1.0822190872317464e-04
-1.0770824378425836e-04
-1.0813580058862061e-04
-1.0911688817987798e-04
-1.1057481272361664e-04
-1.1255460168143298e-04
-1.1429399941518707e-04
-1.1612351716036912e-04
-1.1797676275441839e-04
-1.1974762454155167e-04
-1.2122087701662613e-04
-1.2252238836012018e-04
-1.2375015911372960e-04
-1.2472332241963649e-04
-1.2550210841084570e-04
-1.2609982058184126e-04
-1.2661449454270642e-04
-1.2691662814473472e-04
-1.2704641440580808e-04
-1.2710516365548979e-04
-1.2707230058322218e-04
-1.2689804193393296e-04
-1.2664891060690513e-04
-1.2633610026412622e-04
-1.2593839769675487e-04
-1.2547614121462497e-04
-1.2498507239322527e-04
-1.2445368550060144e-04
-1.2388782273752098e-04
-1.2323391107765618e-04
-1.2261099968361390e-04
-1.2196164870171810e-04
-1.2124076166534626e-04
-1.2056678504501186e-04
-1.1988282761257382e-04
-1.1909583386179119e-04
-1.1838293796595556e-04
-1.1766549812619209e-04
-1.1686904092894132e-04
-1.1614535111827473e-04
-1.1542453697972862e-04
-1.1458387797971527e-04
-1.1386149808472033e-04
-1.1311692667978352e-04
-1.1230348545580012e-04
-1.1158480033934698e-04
-1.1082275173369286e-04
-1.1001696730897288e-04
-1.0929626922678800e-04
-1.0850996774350171e-04
-1.0775014822205535e-04
-1.0704212642643660e-04
-1.0622431561560978e-04
-1.0549933447131997e-04
-1.0477947729368737e-04
-1.0394826715547502e-04
-1.0327388821399313e-04
-1.0251996069259720e-04
-1.0174682363142872e-04
-1.0107385589852537e-04
-1.0025692645348151e-04
-9.9562239065951883e-05
-9.8862292466938691e-05
-9.8072195585956467e-05
-9.7411539309027130e-05
-9.6647252612344601e-05
-9.5923662176491370e-05
-9.5256806609265028e-05
-9.4472808684438098e-05
-9.3820820139346782e-05
-9.3079321323179633e-05
-9.2381532226186092e-05
-9.1690242488673982e-05
-9.0954689603682179e-05
-9.0307895473852473e-05
-8.9547679626364912e-05
-8.8906894643081790e-05
-8.8195524000453046e-05
-8.7489864096069317e-05
-8.6858502881079336e-05
-8.6089301028483440e-05
-8.5487143565846294e-05
-8.4745942782985838e-05
-8.4106528173201489e-05
-8.3419691100427559e-05
-8.2738547466043507e-05
-8.2082438208941387e-05
-8.1387456546873601e-05
-8.0767488025610030e-05
-8.0034353055569277e-05
-7.9444862491094258e-05
-7.8713992758950300e-05
-7.8099981427305160e-05
-7.7415820714414781e-05
-7.6766104519818436e-05
-7.6115847666274547e-05
-7.5455689008782593e-05
-7.4817403353579011e-05
-7.4149363659572532e-05
-7.3524586230391050e-05
-7.2834998338750537e-05
-7.2245429164284090e-05
-7.1532489393018114e-05
-7.0959172887160652e-05
-7.0251395064592696e-05
-6.9675204935487660e-05
-6.8969930836016756e-05
-6.8395630232571397e-05
-6.7682693582306287e-05
-6.7126153934433160e-05
-6.6405783786689440e-05
-6.5850391161551068e-05
-6.5143638699907534e-05
-6.4577612108603457e-05
-6.3879547692824364e-05
-6.3305843689174463e-05
-6.2609930702923119e-05
-6.2042546908926268e-05
-6.1347363892657578e-05
-6.0769515110196326e-05
-6.0100634196725955e-05
-5.9494709009743030e-05
-5.8855260648325817e-05
-5.8225625385768297e-05
-5.7597411019238573e-05
-5.6958967643694785e-05
-5.6342884883720006e-05
-5.5687743104855980e-05
-5.5098528651982596e-05
-5.4409634853293145e-05
-5.3838998991187613e-05
-5.3149645772787514e-05
-5.2560920184512746e-05
-5.1903388984422866e-05
-5.1272781819495841e-05
-5.0657495253462989e-05
-4.9984338314801081e-05
-4.9402582577521915e-05
-4.8700691950108442e-05
-4.8108208762459990e-05
-4.7445959498087723e-05
-4.6813337983836855e-05
-4.6185214262402023e-05
-4.5514590983490496e-05
-4.4917776682644831e-05
-4.4211933219026518e-05
-4.3603070767842753e-05
-4.2940669180264240e-05
-4.2284002287365593e-05
-4.1665252504221018e-05
-4.0955403162959299e-05
-4.0335467340004754e-05
-3.9669294338625070e-05
-3.8998453294764553e-05
-3.8377280709254332e-05
-3.7688254661419958e-05
0.0000000000000000e+00
];
