%Vec Object:dSdr_b_aug_2910 1 MPI processes
%  type: seq
dSdr_b_aug_2910 = [
2.3804106225948367e+03
0.0000000000000000e+00
-1.2842869405438347e-06
-5.2785058860050800e-07
-3.2540959345554343e-07
-2.2993093537612445e-07
-1.7238891302714484e-07
-1.3683496728001613e-07
-1.1273759868289551e-07
-9.4556001711907297e-08
-8.1057331860122510e-08
-7.0711556473576950e-08
-6.2283108295397603e-08
-5.5455237467089326e-08
-4.9858052178177125e-08
-4.5138373526172288e-08
-4.1105545305783640e-08
-3.7664921760888014e-08
-3.4690284442851509e-08
-3.2065571005247511e-08
-2.9767692326878151e-08
-5.7436439588906218e-08
-1.3855382367003189e-04
-6.5432216812327175e-04
-6.1833318867480353e-04
-5.7589573362309065e-04
-5.3507226036835778e-04
-4.9385540458412409e-04
-4.5159013280393471e-04
-4.0645742990473420e-04
-3.6674787384670556e-04
-3.2860229563329383e-04
-2.9260661743673477e-04
-2.5465531616824941e-04
-2.2379178345732740e-04
-1.9693413480026376e-04
-1.7344345017735108e-04
-1.5125769848866878e-04
-1.3445352328732030e-04
-1.2170663427118435e-04
-1.1163672918541740e-04
-1.0351358361135630e-04
-9.8444338187037749e-05
-9.5343454567993434e-05
-9.3638052266715126e-05
-9.3215928996761917e-05
-9.3688698900661643e-05
-9.4689521007744259e-05
-9.6145761769616118e-05
-9.8113743503508598e-05
-9.9844646504973134e-05
-1.0166090614268361e-04
-1.0350718484516805e-04
-1.0528018931785316e-04
-1.0676242118003928e-04
-1.0808384984655132e-04
-1.0934558470913115e-04
-1.1035774598756134e-04
-1.1118198506304056e-04
-1.1183726225756635e-04
-1.1241943117572432e-04
-1.1279023291194698e-04
-1.1299639320709228e-04
-1.1314688696269040e-04
-1.1319806004096310e-04
-1.1311302873109560e-04
-1.1296284960171008e-04
-1.1275207857293114e-04
-1.1245334823344345e-04
-1.1209567965098385e-04
-1.1171606265447488e-04
-1.1128763926168591e-04
-1.1082519384725998e-04
-1.1029385918402923e-04
-1.0977661194444432e-04
-1.0923228656268218e-04
-1.0863589483498810e-04
-1.0806704201519758e-04
-1.0748781189561501e-04
-1.0682837505066510e-04
-1.0622090708884366e-04
-1.0561005411760933e-04
-1.0493754832676170e-04
-1.0431870496240914e-04
-1.0370349428845246e-04
-1.0298793087534708e-04
-1.0236997573305199e-04
-1.0173235688449726e-04
-1.0103883422091029e-04
-1.0042284156095952e-04
-9.9769428626955042e-05
-9.9080725425508922e-05
-9.8461836734725538e-05
-9.7787210414922144e-05
-9.7137254680303934e-05
-9.6529295071511018e-05
-9.5826788911403490e-05
-9.5207279855652810e-05
-9.4587747200454824e-05
-9.3874002924530412e-05
-9.3298517050967010e-05
-9.2648635265580711e-05
-9.1986093627010479e-05
-9.1410675422043172e-05
-9.0706507786474674e-05
-9.0112787456587520e-05
-8.9512629615181354e-05
-8.8833228783857169e-05
-8.8268303511519888e-05
-8.7612756666450512e-05
-8.6991524420116051e-05
-8.6420886228498508e-05
-8.5749073725878940e-05
-8.5189750543740073e-05
-8.4555656006869343e-05
-8.3957304464960455e-05
-8.3364669407144255e-05
-8.2735818237860957e-05
-8.2181871683888934e-05
-8.1530379153203747e-05
-8.0984385645928056e-05
-8.0373926441864967e-05
-7.9770533326484650e-05
-7.9233677500457827e-05
-7.8572501187317023e-05
-7.8060997741800862e-05
-7.7427430383699249e-05
-7.6879968460950209e-05
-7.6296968480575687e-05
-7.5713814087985593e-05
-7.5154608785618900e-05
-7.4563160627467840e-05
-7.4034290251162233e-05
-7.3410025407096298e-05
-7.2909152818367907e-05
-7.2286242070815357e-05
-7.1764495347339345e-05
-7.1182733540533447e-05
-7.0629847024722772e-05
-7.0078064974240305e-05
-6.9517661974677553e-05
-6.8974864770806268e-05
-6.8409978619040325e-05
-6.7878848512132399e-05
-6.7294181363804613e-05
-6.6797091765341939e-05
-6.6190134486683984e-05
-6.5708412051615432e-05
-6.5107750131227640e-05
-6.4620817784545541e-05
-6.4026421656588321e-05
-6.3540594427522848e-05
-6.2939059002825292e-05
-6.2470629634600266e-05
-6.1862372582511594e-05
-6.1395732830961242e-05
-6.0799986761030083e-05
-6.0323762777548913e-05
-5.9736665665157983e-05
-5.9254892770505098e-05
-5.8668903720203849e-05
-5.8195482161809713e-05
-5.7608849645135608e-05
-5.7126644079715439e-05
-5.6565960295412103e-05
-5.6057520772333008e-05
-5.5524721749504243e-05
-5.4996097950460100e-05
-5.4472392993654711e-05
-5.3938835920036469e-05
-5.3424615995795397e-05
-5.2878505935523833e-05
-5.2387789558421300e-05
-5.1813475133101246e-05
-5.1339300069456029e-05
-5.0764776063107431e-05
-5.0275950118713132e-05
-4.9729855433742984e-05
-4.9205197864760113e-05
-4.8697032759159377e-05
-4.8136199256758840e-05
-4.7656414078510940e-05
-4.7074231766845865e-05
-4.6583475136242584e-05
-4.6037980287500893e-05
-4.5513663326700150e-05
-4.4996155066201539e-05
-4.4442362940550503e-05
-4.3950941504003589e-05
-4.3369111167235652e-05
-4.2867946217521892e-05
-4.2322402571870959e-05
-4.1782537887600604e-05
-4.1273701651524496e-05
-4.0690765062889470e-05
-4.0181195965643757e-05
-3.9634026599871713e-05
-3.9083174610804262e-05
-3.8567742946084690e-05
-3.7977247916083427e-05
0.0000000000000000e+00
];
