%Vec Object:dSdr_b_aug_1090 1 MPI processes
%  type: seq
dSdr_b_aug_1090 = [
2.4600091785657328e+03
0.0000000000000000e+00
-2.2900594046170673e-06
-9.3507151250877897e-07
-5.7041626604144437e-07
-4.0069959293074255e-07
-3.0063787314980014e-07
-2.3886639300357772e-07
-1.9700130475014871e-07
-1.6526691113255855e-07
-1.4171149874559704e-07
-1.2366346420627870e-07
-1.0894351981069958e-07
-9.7017612244767056e-08
-8.7242604671363517e-08
-7.8998710848725357e-08
-7.1953044587400961e-08
-6.5942511423225581e-08
-6.0746241588157412e-08
-5.6160548817623405e-08
-5.2143444721142876e-08
-4.8600857885406885e-08
-4.5415700658560207e-08
-4.2568235469195233e-08
-4.0025331674352680e-08
-5.5338237585057570e-08
-1.5744705737201558e-05
-4.0149773837974164e-04
-4.6669818858576304e-04
-4.2612497336791345e-04
-3.8544587288591393e-04
-3.4596985980393352e-04
-3.0869603690297770e-04
-2.6940563726405615e-04
-2.3745914899249654e-04
-2.0966518519237537e-04
-1.8535797800491916e-04
-1.6239972836340502e-04
-1.4500992393499940e-04
-1.3181632840397471e-04
-1.2138421513013203e-04
-1.1296049741270620e-04
-1.0769215059510976e-04
-1.0445422700498736e-04
-1.0265529899631281e-04
-1.0217651945796736e-04
-1.0262130108947108e-04
-1.0360990152333534e-04
-1.0506717134099135e-04
-1.0704244624569489e-04
-1.0877859720017289e-04
-1.1060305176095351e-04
-1.1245363667133649e-04
-1.1422531562534995e-04
-1.1570199527090513e-04
-1.1701110909121864e-04
-1.1825184419751689e-04
-1.1923989338267833e-04
-1.2003602924265340e-04
-1.2065571449347639e-04
-1.2119615185266930e-04
-1.2152449665806688e-04
-1.2168343550101487e-04
-1.2177720432257437e-04
-1.2177641849221172e-04
-1.2163621858167678e-04
-1.2142485801945657e-04
-1.2115099680502018e-04
-1.2079107263435654e-04
-1.2036873807620340e-04
-1.1992021117162624e-04
-1.1942812612373549e-04
-1.1890173843826064e-04
-1.1829461519829221e-04
-1.1771203649381929e-04
-1.1710277445850760e-04
-1.1642940806345888e-04
-1.1579555786805932e-04
-1.1515157551656151e-04
-1.1441327102851632e-04
-1.1374061764022892e-04
-1.1306386267781876e-04
-1.1231471849776042e-04
-1.1163104923172500e-04
-1.1095054459443074e-04
-1.1015763534634923e-04
-1.0947511502851502e-04
-1.0877136807595565e-04
-1.0800370049949926e-04
-1.0732421372871320e-04
-1.0660363202593039e-04
-1.0584253821744886e-04
-1.0516070140634983e-04
-1.0441702701340135e-04
-1.0369914316888689e-04
-1.0302931572329648e-04
-1.0225551739529310e-04
-1.0157079558929283e-04
-1.0088923289372881e-04
-1.0010286018218093e-04
-9.9466229327313107e-05
-9.8752016635858739e-05
-9.8021094412060176e-05
-9.7385361842050521e-05
-9.6611474171425147e-05
-9.5955326435363927e-05
-9.5293469723001730e-05
-9.4545626101804811e-05
-9.3921510842958589e-05
-9.3198730712747361e-05
-9.2514210926185808e-05
-9.1884082024589543e-05
-9.1142905856599695e-05
-9.0526288151657246e-05
-8.9825786101311935e-05
-8.9165952825780479e-05
-8.8512320080535965e-05
-8.7817495785255111e-05
-8.7206142041334713e-05
-8.6487426436865407e-05
-8.5882823834642719e-05
-8.5209971594694365e-05
-8.4543347436671467e-05
-8.3948059397403991e-05
-8.3220091434179882e-05
-8.2652537054033563e-05
-8.1952420466162759e-05
-8.1348104610229937e-05
-8.0700902631684779e-05
-8.0057161929427938e-05
-7.9438041340351695e-05
-7.8782578877318997e-05
-7.8197382904798035e-05
-7.7505804141349169e-05
-7.6950139421225934e-05
-7.6260478096498810e-05
-7.5681684537052215e-05
-7.5036609906656461e-05
-7.4423853982907232e-05
-7.3811185346324323e-05
-7.3189103807090602e-05
-7.2587266445596396e-05
-7.1958600844404264e-05
-7.1369568922098939e-05
-7.0720029653497066e-05
-7.0165760231569825e-05
-6.9493274335489160e-05
-6.8954919557153273e-05
-6.8288028213304218e-05
-6.7745908009911017e-05
-6.7082956363371382e-05
-6.6542426241904620e-05
-6.5872011738742704e-05
-6.5349103942587705e-05
-6.4671527626147842e-05
-6.4150012092285426e-05
-6.3485630980694810e-05
-6.2953882119196541e-05
-6.2298174078786873e-05
-6.1759560206280117e-05
-6.1105605270022625e-05
-6.0574086829204681e-05
-5.9920337534700814e-05
-5.9378995658230545e-05
-5.8751413489347939e-05
-5.8182698371408046e-05
-5.7583957839398855e-05
-5.6992878329442441e-05
-5.6404554824124073e-05
-5.5806146082582961e-05
-5.5228943787563543e-05
-5.4615418758284699e-05
-5.4063800189746394e-05
-5.3418640431211842e-05
-5.2884822506629995e-05
-5.2239298330818456e-05
-5.1688702887548103e-05
-5.1073705240367675e-05
-5.0483536939794694e-05
-4.9909136185752074e-05
-4.9278850221447606e-05
-4.8736013218637748e-05
-4.8079811224879546e-05
-4.7526152195207912e-05
-4.6908462274822716e-05
-4.6317173508356734e-05
-4.5731263012997584e-05
-4.5105223371778813e-05
-4.4548623907888875e-05
-4.3890098739781740e-05
-4.3322321513539387e-05
-4.2704493729903441e-05
-4.2092367341683591e-05
-4.1515509539310211e-05
-4.0854007740680105e-05
-4.0276043230809989e-05
-3.9655010068741914e-05
-3.9029362627376445e-05
-3.8446843195954395e-05
-3.7786322585969208e-05
0.0000000000000000e+00
];
