%Vec Object:dSdr_b_aug_9860 1 MPI processes
%  type: seq
dSdr_b_aug_9860 = [
2.2739827630822438e+03
0.0000000000000000e+00
-6.3363802182716984e-07
-2.6264083891117102e-07
-1.6397192241997986e-07
-1.1679935736037236e-07
-8.7672432152075023e-08
-6.9656411981589961e-08
-5.7444157709417591e-08
-4.8269881185858318e-08
-4.1455681586037630e-08
-3.6230848361604830e-08
-3.1977284402316715e-08
-2.8531027778785092e-08
-2.5705171968267975e-08
-2.3321940534433598e-08
-2.1322932967607763e-08
-1.4381867325472302e-05
-8.0846573062499320e-04
-7.7678354494481992e-04
-7.3498723653497747e-04
-6.9650856542771711e-04
-6.5881187654836604e-04
-6.2124729683015660e-04
-5.7954265874942887e-04
-5.3926265363952856e-04
-5.0062729241100612e-04
-4.6159659203225779e-04
-4.2153402183409491e-04
-3.7869271922585978e-04
-3.4098823771941790e-04
-3.0473721312514662e-04
-2.7050575310919359e-04
-2.3439515874095664e-04
-2.0501936019299560e-04
-1.7944781985467732e-04
-1.5707866049872828e-04
-1.3595395432696496e-04
-1.1995415340881032e-04
-1.0782082448729405e-04
-9.8248418965723902e-05
-9.0538114467649951e-05
-8.5742337873064481e-05
-8.2829680400234244e-05
-8.1252736493257657e-05
-8.0908430672914423e-05
-8.1419641977108545e-05
-8.2437249782445213e-05
-8.3892076137607885e-05
-8.5850039603928968e-05
-8.7573733565657135e-05
-8.9378736491334658e-05
-9.1219099749989554e-05
-9.2993924107890954e-05
-9.4483781360916950e-05
-9.5822124057121609e-05
-9.7112701863188487e-05
-9.8157980979707922e-05
-9.9020819808210748e-05
-9.9724982689854602e-05
-1.0036447018823000e-04
-1.0079358684659425e-04
-1.0106460624464554e-04
-1.0129301231871774e-04
-1.0141555151634830e-04
-1.0140629491498631e-04
-1.0134014923868653e-04
-1.0121603338116516e-04
-1.0100135355279120e-04
-1.0073250454459994e-04
-1.0044753623902811e-04
-1.0010655282915766e-04
-9.9731932845568706e-05
-9.9304694735568157e-05
-9.8877181038641268e-05
-9.8422046933776419e-05
-9.7931380916826803e-05
-9.7451802801493833e-05
-9.6961510688831686e-05
-9.6410399624635867e-05
-9.5892464691122329e-05
-9.5372128972132800e-05
-9.4804887072246166e-05
-9.4275082950550293e-05
-9.3749554418152690e-05
-9.3140226610741788e-05
-9.2610952622615092e-05
-9.2064161645569317e-05
-9.1472478086804758e-05
-9.0943695476078501e-05
-9.0382539804654158e-05
-8.9793266157234638e-05
-8.9260837606465072e-05
-8.8681049824113599e-05
-8.8124394342543413e-05
-8.7601411101739839e-05
-8.6996825797623254e-05
-8.6466887415528656e-05
-8.5932553932123020e-05
-8.5318565912584791e-05
-8.4827063574361818e-05
-8.4265541351635334e-05
-8.3696921699362157e-05
-8.3204346412652915e-05
-8.2595940550855954e-05
-8.2087965443561185e-05
-8.1572552172252933e-05
-8.0987158804935689e-05
-8.0503532111868495e-05
-7.9940331460764228e-05
-7.9406025862656667e-05
-7.8917099309412653e-05
-7.8340559126060405e-05
-7.7859931089001636e-05
-7.7317048552622675e-05
-7.6803143370972432e-05
-7.6294289831906195e-05
-7.5756054037425912e-05
-7.5280957400166210e-05
-7.4721797079956432e-05
-7.4256304336249427e-05
-7.3731543211667450e-05
-7.3214999197648145e-05
-7.2758401201461332e-05
-7.2188964560305523e-05
-7.1754448229044895e-05
-7.1212287586703483e-05
-7.0742915726540678e-05
-7.0248098510916068e-05
-6.9748160681016138e-05
-6.9271250286952183e-05
-6.8767727119426221e-05
-6.8316221166200603e-05
-6.7784413411369509e-05
-6.7358799023545070e-05
-6.6827571626252764e-05
-6.6384180002471756e-05
-6.5889379753483155e-05
-6.5418725216042143e-05
-6.4950572268929449e-05
-6.4474886150027617e-05
-6.4013181977869214e-05
-6.3535898374307326e-05
-6.3084297798890725e-05
-6.2588734039094351e-05
-6.2170182338839200e-05
-6.1653230202754592e-05
-6.1249293734389889e-05
-6.0739599572572928e-05
-6.0328469216229607e-05
-5.9828235831874222e-05
-5.9417544543235303e-05
-5.8910616341668644e-05
-5.8517014672470591e-05
-5.8003969521413422e-05
-5.7612703319740836e-05
-5.7111229443957299e-05
-5.6711270648421073e-05
-5.6218412709611470e-05
-5.5814712798143655e-05
-5.5322077066418334e-05
-5.4928453626755638e-05
-5.4434008310341978e-05
-5.4033028696577086e-05
-5.3564232316474947e-05
-5.3138583771025598e-05
-5.2696358076555513e-05
-5.2253519926451640e-05
-5.1818571453220557e-05
-5.1374091218797510e-05
-5.0946380794359088e-05
-5.0492868698197168e-05
-5.0085805080686950e-05
-4.9608800791291354e-05
-4.9216549329579808e-05
-4.8739548783626251e-05
-4.8335568171052602e-05
-4.7884117257104834e-05
-4.7449444713320279e-05
-4.7032260963423864e-05
-4.6566827992535267e-05
-4.6173652835562851e-05
-4.5693146338679589e-05
-4.5288797064712908e-05
-4.4842475052452259e-05
-4.4410158888254940e-05
-4.3986619000208379e-05
-4.3532080624152824e-05
-4.3130207740995076e-05
-4.2653751544989483e-05
-4.2244121562830790e-05
-4.1797917401650577e-05
-4.1357382556840905e-05
-4.0942085819969453e-05
-4.0467228656079772e-05
-4.0051876654589592e-05
-3.9606659388605505e-05
-3.9159601538150700e-05
-3.8739296770938170e-05
-3.8260824689622340e-05
0.0000000000000000e+00
];
