%Vec Object:dSdr_b_aug_3190 1 MPI processes
%  type: seq
dSdr_b_aug_3190 = [
2.3702322943920781e+03
0.0000000000000000e+00
-1.1969040753845974e-06
-4.9243244009497874e-07
-3.0402335646187223e-07
-2.1502889708860005e-07
-1.6125297479587502e-07
-1.2802224345161929e-07
-1.0549908959585601e-07
-8.8512247545174467e-08
-7.5900000195615746e-08
-6.6233193231499405e-08
-5.8358160039728939e-08
-5.1978453729212146e-08
-4.6748502794537859e-08
-4.2338329211635007e-08
-3.8569807369262176e-08
-3.5354598916769983e-08
-3.2574766008746248e-08
-3.0121775282238592e-08
-2.8106139461835723e-08
-2.9255807123249768e-06
-5.7450423486087932e-04
-6.5812414730997948e-04
-6.1582235655216120e-04
-5.7340169155821485e-04
-5.3272354797497402e-04
-4.9165561815784991e-04
-4.4954054478525251e-04
-4.0456409656353744e-04
-3.6499127058565447e-04
-3.2697488584534175e-04
-2.9109951328334011e-04
-2.5327373355786065e-04
-2.2251165243807020e-04
-1.9574170609152998e-04
-1.7232750052778210e-04
-1.5021410365543883e-04
-1.3346478034782018e-04
-1.2075973122865044e-04
-1.1072375164430008e-04
-1.0262875854341174e-04
-9.7578161529750018e-05
-9.4490113458824352e-05
-9.2793471027597708e-05
-9.2376654324443123e-05
-9.2852045664987889e-05
-9.3854012462739119e-05
-9.5310156813196197e-05
-9.7277455420804784e-05
-9.9007866859269041e-05
-1.0082335891322629e-04
-1.0266923426191380e-04
-1.0444236286643349e-04
-1.0592511474701616e-04
-1.0724769684107943e-04
-1.0851139858665685e-04
-1.0952581825991179e-04
-1.1035268955153481e-04
-1.1101130037957959e-04
-1.1159737798647526e-04
-1.1197215635269226e-04
-1.1218273953772990e-04
-1.1233854630796224e-04
-1.1239458600136414e-04
-1.1231472193644802e-04
-1.1217027323209097e-04
-1.1196541140814044e-04
-1.1167241270897900e-04
-1.1132080099620102e-04
-1.1094763836205928e-04
-1.1052517769137342e-04
-1.1006872128304680e-04
-1.0954448518659002e-04
-1.0903335707031120e-04
-1.0849511383323794e-04
-1.0790593176673978e-04
-1.0734316678005201e-04
-1.0677000153316531e-04
-1.0611795165253960e-04
-1.0551658913856558e-04
-1.0491190873115765e-04
-1.0424658110732630e-04
-1.0363380951782275e-04
-1.0302471445909929e-04
-1.0231639547553665e-04
-1.0170448768869864e-04
-1.0107306258443147e-04
-1.0038648454345492e-04
-9.9776438920760863e-05
-9.9129317203627886e-05
-9.8447394312117396e-05
-9.7834401520282611e-05
-9.7166242439303019e-05
-9.6522649044646067e-05
-9.5920484152944721e-05
-9.5224655420867802e-05
-9.4611254377084832e-05
-9.3997531632060573e-05
-9.3290589943531753e-05
-9.2720831083234424e-05
-9.2076974717342203e-05
-9.1420837807369151e-05
-9.0851068826641233e-05
-9.0153431378287518e-05
-8.9565558186480856e-05
-8.8971179246488094e-05
-8.8298188972073342e-05
-8.7738807611778796e-05
-8.7089558037998466e-05
-8.6474253492921545e-05
-8.5909187380292022e-05
-8.5243871686992062e-05
-8.4689914882688801e-05
-8.4062040273425188e-05
-8.3469447296137029e-05
-8.2882525465871238e-05
-8.2259853538560359e-05
-8.1711283915783818e-05
-8.1066087701185425e-05
-8.0525583699358113e-05
-7.9920968416045157e-05
-7.9323497711753755e-05
-7.8792114824389594e-05
-7.8137194419773833e-05
-7.7630940875676158e-05
-7.7003606720659073e-05
-7.6461469911005410e-05
-7.5884483285431023e-05
-7.5307003591822290e-05
-7.4753410138659709e-05
-7.4167957756155807e-05
-7.3644363008527780e-05
-7.3026402992365215e-05
-7.2530662404006672e-05
-7.1914003720684530e-05
-7.1397600180544580e-05
-7.0821768448447485e-05
-7.0274489487199781e-05
-6.9728410263581090e-05
-6.9173784268043815e-05
-6.8636516949962138e-05
-6.8077604580569004e-05
-6.7551897739908878e-05
-6.6973306717848301e-05
-6.6481572762773654e-05
-6.5880753101131681e-05
-6.5404335032075920e-05
-6.4809876369649209e-05
-6.4328113095591795e-05
-6.3740138096112788e-05
-6.3259434518155315e-05
-6.2664350529410343e-05
-6.2201023790189677e-05
-6.1599259405377120e-05
-6.1137759502510235e-05
-6.0548442016045094e-05
-6.0077418680238957e-05
-5.9496747895716821e-05
-5.9020298921771478e-05
-5.8440675786383168e-05
-5.7972695784251524e-05
-5.7392349656842118e-05
-5.6915683008370754e-05
-5.6361265163049475e-05
-5.5858471271525669e-05
-5.5331848570109033e-05
-5.4809074605980400e-05
-5.4291422066024843e-05
-5.3763939248719748e-05
-5.3255618502012468e-05
-5.2715822795921219e-05
-5.2230810773139794e-05
-5.1663132015175284e-05
-5.1194543369724545e-05
-5.0626669552647652e-05
-5.0143629236174088e-05
-4.9603988335500218e-05
-4.9085466840565712e-05
-4.8583505726136606e-05
-4.8029177535889422e-05
-4.7555298193229218e-05
-4.6980049036773815e-05
-4.6495184323016554e-05
-4.5956451825476256e-05
-4.5438408055166297e-05
-4.4927307049005056e-05
-4.4380282452647980e-05
-4.3894966541720768e-05
-4.3320320641060244e-05
-4.2825396046538986e-05
-4.2286624423880476e-05
-4.1753530297480168e-05
-4.1251068483493157e-05
-4.0675495614643265e-05
-4.0172340893010280e-05
-3.9632104838339035e-05
-3.9088290370969866e-05
-3.8579232160150544e-05
-3.7995773741878597e-05
0.0000000000000000e+00
];
