%Vec Object:dSdr_b_aug_7950 1 MPI processes
%  type: seq
dSdr_b_aug_7950 = [
2.2945986671595774e+03
0.0000000000000000e+00
-7.2200636809002102e-07
-2.9875815707000870e-07
-1.8607524496822686e-07
-1.3232462102253419e-07
-9.9273746574463712e-08
-7.8834927523242643e-08
-6.4980979567778276e-08
-5.4566593344599083e-08
-4.6832119516604660e-08
-4.0902213914648619e-08
-3.6074516477208140e-08
-3.2163361884480050e-08
-2.8956531447669633e-08
-2.6252251830104319e-08
-2.3941341353547656e-08
-2.2510737080994880e-08
-6.5008595063873907e-05
-7.8268038219702761e-04
-7.4388665667110608e-04
-7.0498560263484869e-04
-6.6686169359936147e-04
-6.2887972721699403e-04
-5.8671611166188854e-04
-5.4600555135706343e-04
-5.0696649334581003e-04
-4.6753341923883328e-04
-4.2706546755791222e-04
-3.8380246159503133e-04
-3.4572897150200494e-04
-3.0912927830642847e-04
-2.7457313627395676e-04
-2.3812378309660362e-04
-2.0847418560295024e-04
-1.8266595296400647e-04
-1.6009039077201980e-04
-1.3877041230681142e-04
-1.2262257643910502e-04
-1.1037632959325427e-04
-1.0071236562692130e-04
-9.2926083013606701e-05
-8.8079978022020827e-05
-8.5132680000761738e-05
-8.3532095049800928e-05
-8.3173468015196854e-05
-8.3677604769532879e-05
-8.4692123480131104e-05
-8.6147210235789552e-05
-8.8107017531275153e-05
-8.9832038311473477e-05
-9.1639112973089672e-05
-9.3480564969922238e-05
-9.5255054471345208e-05
-9.6743508432483403e-05
-9.8078738375895181e-05
-9.9364008059994152e-05
-1.0040319231007063e-04
-1.0125892739166910e-04
-1.0195409352733935e-04
-1.0258303231003245e-04
-1.0300141688576830e-04
-1.0326049982516869e-04
-1.0347456715961576e-04
-1.0358397236055973e-04
-1.0356077041567839e-04
-1.0347915947698118e-04
-1.0333909586145489e-04
-1.0310894762829164e-04
-1.0282375252836632e-04
-1.0252136535423874e-04
-1.0216428973406657e-04
-1.0177350660291966e-04
-1.0132711085093694e-04
-1.0088308284183158e-04
-1.0041153422143729e-04
-9.9901410735489922e-05
-9.9405402750218458e-05
-9.8898742732090350e-05
-9.8327695688002400e-05
-9.7793283342307343e-05
-9.7256289076973044e-05
-9.6669674698436354e-05
-9.6123484038777905e-05
-9.5581450650806038e-05
-9.4952571532306828e-05
-9.4406976907249814e-05
-9.3843470216979370e-05
-9.3233044466804120e-05
-9.2688211956813758e-05
-9.2110077510269169e-05
-9.1502505118283971e-05
-9.0954164679106286e-05
-9.0356923070173751e-05
-8.9783096863763407e-05
-8.9244474803601019e-05
-8.8621868410902776e-05
-8.8075445685493502e-05
-8.7525432378081635e-05
-8.6893085487515649e-05
-8.6386127047599786e-05
-8.5808343367361036e-05
-8.5222438560555349e-05
-8.4714617081415469e-05
-8.4088587475265536e-05
-8.3564832042980848e-05
-8.3033822604042069e-05
-8.2431128350624234e-05
-8.1932539680621265e-05
-8.1352343878963583e-05
-8.0802040528922479e-05
-8.0298075980146948e-05
-7.9704002129582502e-05
-7.9208891244145804e-05
-7.8649222290606643e-05
-7.8119775821985772e-05
-7.7595503351507276e-05
-7.7040590940782386e-05
-7.6550982970727632e-05
-7.5974830072133589e-05
-7.5494522177887836e-05
-7.4953989402354424e-05
-7.4421461906230005e-05
-7.3950093467871025e-05
-7.3363773296589383e-05
-7.2915088456558554e-05
-7.2356105560077047e-05
-7.1872362206967496e-05
-7.1361316064208399e-05
-7.0846063273440218e-05
-7.0354007537112655e-05
-6.9834302881741222e-05
-6.9368558979037866e-05
-6.8819735660358402e-05
-6.8380270946066438e-05
-6.7832170381110950e-05
-6.7374358485179308e-05
-6.6863554053925284e-05
-6.6377765753088277e-05
-6.5894221919024108e-05
-6.5402944721059907e-05
-6.4926316392921514e-05
-6.4432910638770685e-05
-6.3966673648779287e-05
-6.3454711526646676e-05
-6.3021705908281663e-05
-6.2488189452147413e-05
-6.2069937447890451e-05
-6.1543501807327818e-05
-6.1118421039255361e-05
-6.0600858178094135e-05
-6.0176339054093945e-05
-5.9651999572966318e-05
-5.9244626794415874e-05
-5.8714059078242001e-05
-5.8308921308011514e-05
-5.7790097805795507e-05
-5.7376103344231495e-05
-5.6865901853036049e-05
-5.6447833570542212e-05
-5.5938017313304462e-05
-5.5529708009505553e-05
-5.5018296772595364e-05
-5.4602368515506640e-05
-5.4116661383623509e-05
-5.3675776165860137e-05
-5.3216881552606175e-05
-5.2758255591863394e-05
-5.2306972559514656e-05
-5.1846098803953637e-05
-5.1402467339733441e-05
-5.0931913693003016e-05
-5.0509454770575256e-05
-5.0014541700741520e-05
-4.9607213148011375e-05
-4.9112264543542610e-05
-4.8692669111371027e-05
-4.8223800085204553e-05
-4.7772566797220923e-05
-4.7338638923292020e-05
-4.6855648512151164e-05
-4.6446533672826859e-05
-4.5947314790912784e-05
-4.5527063061871812e-05
-4.5062489219943944e-05
-4.4613241089099491e-05
-4.4172407049855482e-05
-4.3699601713203029e-05
-4.3281247857067323e-05
-4.2785398001381355e-05
-4.2358921033854297e-05
-4.1894433191685291e-05
-4.1435615883535556e-05
-4.1003101441631896e-05
-4.0508349172096787e-05
-4.0075650496227886e-05
-3.9611657244696869e-05
-3.9145469971373571e-05
-3.8707581875571971e-05
-3.8208090828740292e-05
0.0000000000000000e+00
];
