%Vec Object:dSdr_b_aug_2320 1 MPI processes
%  type: seq
dSdr_b_aug_2320 = [
2.3991550974189231e+03
0.0000000000000000e+00
-1.4662190259537906e-06
-6.0153249552484598e-07
-3.6982402509862989e-07
-2.6086235379581465e-07
-1.9552700467589469e-07
-1.5516623625642941e-07
-1.2781158955200041e-07
-1.0715449710096167e-07
-9.1819141387422896e-08
-8.0066567684613164e-08
-7.0490892903375922e-08
-6.2733853676194509e-08
-5.6375271572896204e-08
-5.1013763178613907e-08
-4.6432706892607292e-08
-4.2524504059502476e-08
-3.9145751692203009e-08
-3.6164713123001834e-08
-3.3553215879302410e-08
-3.1258501016565574e-08
-1.1895439346467767e-07
-1.7111995601620198e-04
-6.1594899777365965e-04
-5.8198000191960527e-04
-5.4102877268313854e-04
-4.9944279071303032e-04
-4.5679647078713528e-04
-4.1126688245882382e-04
-3.7121000673617576e-04
-3.3273625080650049e-04
-2.9643497156246708e-04
-2.5816481971873101e-04
-2.2704357906356328e-04
-1.9996314846471515e-04
-1.7627819126817779e-04
-1.5390864342565330e-04
-1.3696513310525895e-04
-1.2411196212833850e-04
-1.1395587928115654e-04
-1.0576122063027442e-04
-1.0064460441599442e-04
-9.7511115881990427e-05
-9.5783461732122576e-05
-9.5347858719367959e-05
-9.5813969665919417e-05
-9.6811884054621587e-05
-9.8268369752809183e-05
-1.0023808679933015e-04
-1.0197023850015059e-04
-1.0378844798527224e-04
-1.0563575131444719e-04
-1.0740844048984368e-04
-1.0888935141921160e-04
-1.1020785016164776e-04
-1.1146458875457309e-04
-1.1247101326178540e-04
-1.1328856598163141e-04
-1.1393537507482336e-04
-1.1450761513223767e-04
-1.1486831542189055e-04
-1.1506324067754253e-04
-1.1520023829301573e-04
-1.1523904917714020e-04
-1.1514089201079444e-04
-1.1497615643111918e-04
-1.1475037481412354e-04
-1.1443708507153943e-04
-1.1406403098093362e-04
-1.1366801874300520e-04
-1.1322444873946467e-04
-1.1274678995062924e-04
-1.1219742340355596e-04
-1.1166463227073416e-04
-1.1110485693173006e-04
-1.1049015112530816e-04
-1.0990583390869919e-04
-1.0931119776843753e-04
-1.0863299651774441e-04
-1.0801001946575090e-04
-1.0738348691580714e-04
-1.0669274710695657e-04
-1.0605848018840532e-04
-1.0542773459655870e-04
-1.0469376884465523e-04
-1.0406045217812681e-04
-1.0340709994747962e-04
-1.0269593651616905e-04
-1.0206483716060400e-04
-1.0139544324380464e-04
-1.0068951666239005e-04
-1.0005565117758587e-04
-9.9364596742758024e-05
-9.8698479357758019e-05
-9.8075799977473139e-05
-9.7356331778254102e-05
-9.6721307117430226e-05
-9.6087016096977135e-05
-9.5355991851194354e-05
-9.4765958187521736e-05
-9.4100770595886415e-05
-9.3421959624986650e-05
-9.2832191224274230e-05
-9.2111435565470179e-05
-9.1502862297770913e-05
-9.0888024853627661e-05
-9.0192339884398790e-05
-8.9613331930551496e-05
-8.8941788716232829e-05
-8.8305498884506327e-05
-8.7720706461208483e-05
-8.7032390721314409e-05
-8.6459435830544458e-05
-8.5809541392735362e-05
-8.5196561906756736e-05
-8.4589414070237353e-05
-8.3944866349501871e-05
-8.3377261278550361e-05
-8.2709774803731167e-05
-8.2149836817407661e-05
-8.1524532846217630e-05
-8.0906095581933970e-05
-8.0355337359398743e-05
-7.9678269744756092e-05
-7.9153430462890423e-05
-7.8504029479407325e-05
-7.7943040666669260e-05
-7.7344765520452282e-05
-7.6747196217239453e-05
-7.6173735655416755e-05
-7.5567056985291909e-05
-7.5024785418358259e-05
-7.4384505005322795e-05
-7.3870596070891846e-05
-7.3231803784294756e-05
-7.2696484266188263e-05
-7.2099658839361162e-05
-7.1532527970744807e-05
-7.0966259555790839e-05
-7.0391181766020960e-05
-6.9834337502688499e-05
-6.9254276702225489e-05
-6.8709370370443809e-05
-6.8109268597694970e-05
-6.7598574549256464e-05
-6.6976026445657544e-05
-6.6480829814405748e-05
-6.5864410326129348e-05
-6.5364347454739059e-05
-6.4753640321305305e-05
-6.4254797945759989e-05
-6.3636874526372663e-05
-6.3155483410137590e-05
-6.2530733624996377e-05
-6.2051037577378457e-05
-6.1438961557839229e-05
-6.0949526833433353e-05
-6.0346105498019379e-05
-5.9850808720156317e-05
-5.9248648904404398e-05
-5.8761404640278636e-05
-5.8158803365101054e-05
-5.7662527772791085e-05
-5.7085927172607685e-05
-5.6563146539331559e-05
-5.6014658341168509e-05
-5.5471174705738149e-05
-5.4932095308387479e-05
-5.4383108312419584e-05
-5.3853903196526658e-05
-5.3291753303828992e-05
-5.2786546612823776e-05
-5.2195376137617192e-05
-5.1707010324608930e-05
-5.1115593359142833e-05
-5.0612070607864230e-05
-5.0049581845580446e-05
-4.9509337231444548e-05
-4.8985412536809393e-05
-4.8408054001962978e-05
-4.7913266556958615e-05
-4.7313472336051225e-05
-4.6807748713073860e-05
-4.6245075731679488e-05
-4.5704823136107840e-05
-4.5171038599639969e-05
-4.4600054903409056e-05
-4.4093123364324398e-05
-4.3493042044711549e-05
-4.2976023967138641e-05
-4.2413276192548482e-05
-4.1856210415133349e-05
-4.1331178260595664e-05
-4.0729530849418686e-05
-4.0203658993731614e-05
-3.9638861343852196e-05
-3.9070097926292350e-05
-3.8538378613978401e-05
-3.7929487632303882e-05
0.0000000000000000e+00
];
