%Vec Object:dSdr_b_aug_250 1 MPI processes
%  type: seq
dSdr_b_aug_250 = [
2.5775372223384452e+03
0.0000000000000000e+00
-5.7861940928128119e-06
-2.3325560883557910e-06
-1.3958293526047913e-06
-9.7038737141487662e-07
-7.2846751447679505e-07
-5.7937435178090650e-07
-4.7834614330472776e-07
-4.0112365463786520e-07
-3.4382782643034650e-07
-2.9995060146346201e-07
-2.6410537959676226e-07
-2.3506091323279469e-07
-2.1126037164254913e-07
-1.9118512532768198e-07
-1.7402467089836549e-07
-1.5938768370474093e-07
-1.4673509904207714e-07
-1.3556902284146327e-07
-1.2578864132032196e-07
-1.1716457709724828e-07
-1.0941156248492892e-07
-1.0248122115184177e-07
-9.6264246121126611e-08
-9.0622654150330976e-08
-8.5492513087700392e-08
-8.0830041990569701e-08
-7.6564287730897152e-08
-7.2636206091388643e-08
-6.9029493948953435e-08
-6.5706190618117774e-08
-6.2619206099566413e-08
-5.9819753818634824e-08
-5.8067354277872580e-08
-6.5102831730717489e-08
-1.4457135998003587e-07
-6.6417885491964462e-07
-3.0289474323194941e-06
-1.1180351247414072e-05
-3.0201836083205799e-05
-5.6597816178257094e-05
-7.9166628326420767e-05
-9.3162480181970670e-05
-1.0120721605302041e-04
-1.0633644046222563e-04
-1.1002973461287483e-04
-1.1293271428711288e-04
-1.1553732132145928e-04
-1.1820179416171689e-04
-1.2035170647986194e-04
-1.2242926649032532e-04
-1.2442865055039857e-04
-1.2628225078863597e-04
-1.2780029948997868e-04
-1.2912111941030407e-04
-1.3034961137395416e-04
-1.3131420866873371e-04
-1.3207745357295391e-04
-1.3265175007189401e-04
-1.3313712361793601e-04
-1.3340867146385740e-04
-1.3350390599095851e-04
-1.3352079739491744e-04
-1.3344948382546158e-04
-1.3323431168352006e-04
-1.3293975317792977e-04
-1.3258007195160240e-04
-1.3213689428513269e-04
-1.3162657343158567e-04
-1.3108428063875841e-04
-1.3050556892216871e-04
-1.2989217122840471e-04
-1.2918191692456372e-04
-1.2851043649991992e-04
-1.2781280972610191e-04
-1.2703469735873569e-04
-1.2631239956622652e-04
-1.2558030316459212e-04
-1.2473467664690470e-04
-1.2397331970715063e-04
-1.2320688611143233e-04
-1.2235345343580592e-04
-1.2158156987715688e-04
-1.2081221402926447e-04
-1.1991405364481060e-04
-1.1914367386024197e-04
-1.1834994065345415e-04
-1.1748137772530649e-04
-1.1671548900673640e-04
-1.1590350496879950e-04
-1.1504390306440889e-04
-1.1427640730990361e-04
-1.1343877329416477e-04
-1.1262845385696638e-04
-1.1187443752397866e-04
-1.1100362588230905e-04
-1.1023016351362505e-04
-1.0946419123264160e-04
-1.0857898686550028e-04
-1.0785915080707357e-04
-1.0705739796842859e-04
-1.0623342523751217e-04
-1.0551561847413796e-04
-1.0464685758378082e-04
-1.0390576029255694e-04
-1.0315994541309092e-04
-1.0231896665397923e-04
-1.0161430728736356e-04
-1.0080003791013846e-04
-1.0002939817797644e-04
-9.9318315988828772e-05
-9.8482751638011810e-05
-9.7788169201667508e-05
-9.6997301666642411e-05
-9.6253805821154421e-05
-9.5517169202553919e-05
-9.4732570577641328e-05
-9.4043098868123589e-05
-9.3232908071271041e-05
-9.2548552011938678e-05
-9.1790797233496274e-05
-9.1038130213930884e-05
-9.0363329476731707e-05
-8.9544473505485155e-05
-8.8900646867718196e-05
-8.8109972199436847e-05
-8.7428291441975822e-05
-8.6693725494750977e-05
-8.5967541011607162e-05
-8.5266889783841909e-05
-8.4524318859747057e-05
-8.3862477089921854e-05
-8.3079299897294873e-05
-8.2449076157339532e-05
-8.1668583069152562e-05
-8.1012162421718683e-05
-8.0280934135302419e-05
-7.9586710328984360e-05
-7.8891189705206351e-05
-7.8185178562964935e-05
-7.7503001909840931e-05
-7.6787547951707563e-05
-7.6119725894640032e-05
-7.5381911529935600e-05
-7.4749834579449127e-05
-7.3988180406628733e-05
-7.3372763260054784e-05
-7.2615750176021273e-05
-7.1998533425775608e-05
-7.1242294940425415e-05
-7.0627328418773066e-05
-6.9863187029517177e-05
-6.9266148526043146e-05
-6.8494246614304673e-05
-6.7898059958380145e-05
-6.7140284652416991e-05
-6.6532981751195794e-05
-6.5783912712482541e-05
-6.5167954296818808e-05
-6.4421516586653810e-05
-6.3810945087228353e-05
-6.3065869027256928e-05
-6.2444060392682473e-05
-6.1725449495466506e-05
-6.1074718167721721e-05
-6.0386251854241713e-05
-5.9710190469544897e-05
-5.9033942516668399e-05
-5.8347292763378877e-05
-5.7684393861627454e-05
-5.6979141314779117e-05
-5.6344658530658140e-05
-5.5603105366418840e-05
-5.4988139171419407e-05
-5.4246013581576424e-05
-5.3611379094082418e-05
-5.2902637419622031e-05
-5.2223343400740689e-05
-5.1558833149603835e-05
-5.0834063741768477e-05
-5.0205456778782372e-05
-4.9448565220686876e-05
-4.8809350270262488e-05
-4.8093466842648403e-05
-4.7411101475416730e-05
-4.6732179856400856e-05
-4.6007912555936505e-05
-4.5362725854897371e-05
-4.4599971467225617e-05
-4.3941724668291681e-05
-4.3225768938943843e-05
-4.2515634851969309e-05
-4.1846681619594113e-05
-4.1078984278372947e-05
-4.0409114896180500e-05
-3.9689693664074720e-05
-3.8966799538959846e-05
-3.8305756222461252e-05
-3.7617949228604962e-05
0.0000000000000000e+00
];
