%Vec Object:dSdr_b_aug_7190 1 MPI processes
%  type: seq
dSdr_b_aug_7190 = [
2.3005146704135727e+03
0.0000000000000000e+00
-7.5048706852107672e-07
-3.1055340984533016e-07
-1.9339111261717743e-07
-1.3753999004488580e-07
-1.0323370739687799e-07
-8.2019086452955444e-08
-6.7638914354258712e-08
-5.6824402436800639e-08
-4.8792619957779798e-08
-4.2634805768280613e-08
-3.7620514791313420e-08
-3.3557940047944185e-08
-3.0226908824699594e-08
-2.7417633229038298e-08
-2.5016731901948808e-08
-2.2999849609397072e-08
-5.5077652130642059e-06
-7.5947237761048679e-04
-7.4801805428541517e-04
-7.0907523205867142e-04
-6.7074670655178155e-04
-6.3256332138716921e-04
-5.9017819269171709e-04
-5.4925983609530190e-04
-5.1002594429725931e-04
-4.7039867494072220e-04
-4.2973507639410620e-04
-3.8626854623680052e-04
-3.4801696371287782e-04
-3.1124899465280600e-04
-2.7653615325905109e-04
-2.3992330691997591e-04
-2.1014156763882695e-04
-1.8421910179589965e-04
-1.6154392480246263e-04
-1.4012970339337630e-04
-1.2391042212672168e-04
-1.1160967811395099e-04
-1.0190152560500033e-04
-9.4078574070064329e-05
-8.9208179381621580e-05
-8.6244162998077000e-05
-8.4632168311291823e-05
-8.4266629515821669e-05
-8.4767351924278873e-05
-8.5780379765742760e-05
-8.7235592199653005e-05
-8.9196289374101251e-05
-9.0921950511083652e-05
-9.2730025044653405e-05
-9.4572002494876310e-05
-9.6346330388595431e-05
-9.7834107088941744e-05
-9.9167834744606236e-05
-1.0045054260274026e-04
-1.0148678532497224e-04
-1.0233909196853616e-04
-1.0302991605921712e-04
-1.0365376377874806e-04
-1.0406696879396861e-04
-1.0432029091193613e-04
-1.0452743802624999e-04
-1.0463050444508211e-04
-1.0460057214241920e-04
-1.0451149729634583e-04
-1.0436373690955032e-04
-1.0412612325246277e-04
-1.0383303913565913e-04
-1.0352224519672104e-04
-1.0315740308901665e-04
-1.0275881923420851e-04
-1.0230317754348794e-04
-1.0185117933008987e-04
-1.0137170866976515e-04
-1.0085219454131652e-04
-1.0034825710554408e-04
-9.9833697542647115e-05
-9.9253028915049547e-05
-9.8710664173928754e-05
-9.8165630093363844e-05
-9.7569666090541245e-05
-9.7015566893501900e-05
-9.6465567865226324e-05
-9.5827252813481645e-05
-9.5273781456465883e-05
-9.4702207360776881e-05
-9.4082736178035183e-05
-9.3530157600568074e-05
-9.2943828788674240e-05
-9.2327424982176212e-05
-9.1771405082815191e-05
-9.1165739837312696e-05
-9.0583626625925082e-05
-9.0037456895216097e-05
-8.9406153091533771e-05
-8.8851774625321671e-05
-8.8294193857608384e-05
-8.7652986533992038e-05
-8.7138568607527292e-05
-8.6552936756176352e-05
-8.5958689717027882e-05
-8.5443510057707796e-05
-8.4808974807656218e-05
-8.4277603409975746e-05
-8.3739066884330193e-05
-8.3128022806085627e-05
-8.2622213125184313e-05
-8.2033815053986453e-05
-8.1475790802985922e-05
-8.0964568554833387e-05
-8.0362032533589986e-05
-7.9859931876078401e-05
-7.9292161392638809e-05
-7.8755214324000632e-05
-7.8223500305170041e-05
-7.7660539357161118e-05
-7.7163927867654936e-05
-7.6579573940713775e-05
-7.6092115897218352e-05
-7.5543971342305233e-05
-7.5003729831972242e-05
-7.4525232821618222e-05
-7.3930764251208127e-05
-7.3475241346681678e-05
-7.2908139624300376e-05
-7.2417460241583798e-05
-7.1898581626714356e-05
-7.1375937465958811e-05
-7.0876572221619931e-05
-7.0349057989327777e-05
-6.9876442508183003e-05
-6.9319407067360361e-05
-6.8873257850656574e-05
-6.8317013887308990e-05
-6.7852242419340285e-05
-6.7333713982901543e-05
-6.6840621761868883e-05
-6.6349649913518440e-05
-6.5850848083690570e-05
-6.5367016996698509e-05
-6.4865830302663900e-05
-6.4392529424635604e-05
-6.3872653055912435e-05
-6.3432671626562727e-05
-6.2891160828421183e-05
-6.2465999799554770e-05
-6.1931484315736875e-05
-6.1499670740546128e-05
-6.0973744253813561e-05
-6.0542551480693005e-05
-6.0009808893718142e-05
-5.9595789843082012e-05
-5.9056765311640976e-05
-5.8644932784874646e-05
-5.8117735931292373e-05
-5.7696967515348455e-05
-5.7178395603833756e-05
-5.6753392794953908e-05
-5.6235284797432090e-05
-5.5819887736811628e-05
-5.5300288332440920e-05
-5.4877145494145259e-05
-5.4383276819718783e-05
-5.3935038009992348e-05
-5.3468098567554086e-05
-5.3001853020957868e-05
-5.2542686528101030e-05
-5.2073900854681969e-05
-5.1622585502601590e-05
-5.1143807181437150e-05
-5.0713918101241320e-05
-5.0210361808334082e-05
-4.9795756672623214e-05
-4.9292145885110654e-05
-4.8865014345238072e-05
-4.8387738896298967e-05
-4.7928512969113285e-05
-4.7486503949022309e-05
-4.6995039861327861e-05
-4.6578232109617083e-05
-4.6069982135593402e-05
-4.5642055446997953e-05
-4.5168672770937246e-05
-4.4711252791475943e-05
-4.4262072088964590e-05
-4.3780450566827105e-05
-4.3354142458667765e-05
-4.2848932579232737e-05
-4.2414324621427731e-05
-4.1941012325851152e-05
-4.1473371032238659e-05
-4.1032546291753373e-05
-4.0528191214590286e-05
-4.0087119054625110e-05
-3.9614061203940581e-05
-3.9138635483487085e-05
-3.8692243886273320e-05
-3.8182515437026727e-05
0.0000000000000000e+00
];
