%Vec Object:dSdr_b_aug_3180 1 MPI processes
%  type: seq
dSdr_b_aug_3180 = [
2.3704414647867943e+03
0.0000000000000000e+00
-1.1985445065226781e-06
-4.9306117970318916e-07
-3.0437909270887220e-07
-2.1525898179498020e-07
-1.6141147255686681e-07
-1.2813670628135470e-07
-1.0558380294907842e-07
-8.8574906606325454e-08
-7.5946368251505531e-08
-6.6267099949569907e-08
-5.8382119447560570e-08
-5.1994421774791301e-08
-4.6757940835538222e-08
-4.2342329932906225e-08
-3.8569233249677881e-08
-3.5350136142492573e-08
-3.2566961331598431e-08
-3.0111082481280280e-08
-2.8081224846071618e-08
-2.6786061072977023e-06
-5.6771255271417190e-04
-6.5812479999019275e-04
-6.1589590499717419e-04
-5.7347246304414762e-04
-5.3279013159197180e-04
-4.9171797739160810e-04
-4.4959864607795324e-04
-4.0461776836649702e-04
-3.6504106638801729e-04
-3.2702101929391107e-04
-2.9114223632878275e-04
-2.5331289833952343e-04
-2.2254794128698856e-04
-1.9577550876987538e-04
-1.7235913519023444e-04
-1.5024368721478642e-04
-1.3349280897451333e-04
-1.2078657378512992e-04
-1.1074963248689353e-04
-1.0265384132526290e-04
-9.7602715671273700e-05
-9.4514303742600838e-05
-9.2817412990611072e-05
-9.2400445860667054e-05
-9.2875762892156546e-05
-9.3877697243372463e-05
-9.5333844329810769e-05
-9.7301162305444308e-05
-9.9031587681262968e-05
-1.0084710149702738e-04
-1.0269298828224127e-04
-1.0446611337005106e-04
-1.0594885051121478e-04
-1.0727139990994356e-04
-1.0853504590037975e-04
-1.0954940155463280e-04
-1.1037619823011891e-04
-1.1103471455826756e-04
-1.1162068136363036e-04
-1.1199534700223631e-04
-1.1220580480908574e-04
-1.1236146096797927e-04
-1.1241736270443617e-04
-1.1233735216031162e-04
-1.1219274101177329e-04
-1.1198771167558452e-04
-1.1169455049361118e-04
-1.1134276708464719e-04
-1.1096942148605100e-04
-1.1054679178588302e-04
-1.1009016560295087e-04
-1.0956572827823722e-04
-1.0905442669876309e-04
-1.0851601104673289e-04
-1.0792662460262282e-04
-1.0736368703968294e-04
-1.0679034986740242e-04
-1.0613809058294940e-04
-1.0553655499332976e-04
-1.0493169960766869e-04
-1.0426616849891052e-04
-1.0365322478827239e-04
-1.0304395636562237e-04
-1.0233543201869263e-04
-1.0172335280291942e-04
-1.0109175211989986e-04
-1.0040497721439554e-04
-9.9794763006535151e-05
-9.9147462947482546e-05
-9.8465347849320772e-05
-9.7852187921950337e-05
-9.7183845509184010e-05
-9.6540071756388179e-05
-9.5937742597410809e-05
-9.5241724575116478e-05
-9.4628150382817136e-05
-9.4014262939803284e-05
-9.3307128413040339e-05
-9.2737207204689635e-05
-9.2093180031293612e-05
-9.1436861560952162e-05
-9.0866932436753183e-05
-9.0169109871534095e-05
-8.9581070925813909e-05
-8.8986528166258984e-05
-8.8313356166212672e-05
-8.7753817647776862e-05
-8.7104389559749081e-05
-8.6488916976920247e-05
-8.5923692907648519e-05
-8.5258193043600869e-05
-8.4704084113812047e-05
-8.4076033182773531e-05
-8.3483276962334577e-05
-8.2896193174112679e-05
-8.2273346078338421e-05
-8.1724624030850016e-05
-8.1079249328961205e-05
-8.0538589711160079e-05
-7.9933808764950175e-05
-7.9336170172717268e-05
-7.8804632138964302e-05
-7.8149534392439317e-05
-7.7643132024538276e-05
-7.7015621171226618e-05
-7.6473333405636227e-05
-7.5896176313951604e-05
-7.5318535754361054e-05
-7.4764783216850077e-05
-7.4179160866491727e-05
-7.3655416565585248e-05
-7.3037277820550242e-05
-7.2541391750409709e-05
-7.1924555833888476e-05
-7.1408000825323199e-05
-7.0832000987665328e-05
-7.0284563063565899e-05
-6.9738322176295613e-05
-6.9183532414301507e-05
-6.8646108334983907e-05
-6.8087026620805644e-05
-6.7561166041246384e-05
-6.6982402773064389e-05
-6.6490516995949735e-05
-6.5889523344930386e-05
-6.5412954907314533e-05
-6.4818320394597600e-05
-6.4336410587104032e-05
-6.3748253561027630e-05
-6.3267404737068854e-05
-6.2672137862388876e-05
-6.2208666472910509e-05
-6.1606718033127401e-05
-6.1145072424680156e-05
-6.0555572699634561e-05
-6.0084401934456268e-05
-5.9503548975004469e-05
-5.9026949076847148e-05
-5.8447145478751121e-05
-5.7979011217321575e-05
-5.7398486881156358e-05
-5.6921663212958652e-05
-5.6367067738105236e-05
-5.5864113801145461e-05
-5.5337316010049463e-05
-5.4814376211052973e-05
-5.4296552093067765e-05
-5.3768897078158161e-05
-5.3260409096441241e-05
-5.2720434385367150e-05
-5.2235260649150664e-05
-5.1667393776195697e-05
-5.1198646758914504e-05
-5.0630584413266540e-05
-5.0147380075585743e-05
-4.9607556211462062e-05
-4.9088860757871163e-05
-4.8586723757589178e-05
-4.8032211137271055e-05
-4.7558164355793828e-05
-4.6982718634598462e-05
-4.6497686868994738e-05
-4.5958762639317701e-05
-4.5440540996964951e-05
-4.4929258309898207e-05
-4.4382041808348378e-05
-4.3896552744103988e-05
-4.3321703084524724e-05
-4.2826601465733643e-05
-4.2287637705271846e-05
-4.1754351419598832e-05
-4.1251708575816052e-05
-4.0675926459826376e-05
-4.0172589085756765e-05
-3.9632154997961558e-05
-3.9088137859276379e-05
-3.8578890044508705e-05
-3.7995184592215528e-05
0.0000000000000000e+00
];
