%Vec Object:dSdr_b_aug_800 1 MPI processes
%  type: seq
dSdr_b_aug_800 = [
2.4854558963126251e+03
0.0000000000000000e+00
-2.7786425634887049e-06
-1.1318121436391194e-06
-6.8781671355948841e-07
-4.8216621231802133e-07
-3.6183150236921213e-07
-2.8756879547689596e-07
-2.3723915513420279e-07
-1.9902547009324415e-07
-1.7066297864603298e-07
-1.4893406796980337e-07
-1.3120548359920884e-07
-1.1684155854658392e-07
-1.0506879270162725e-07
-9.5139609933284170e-08
-8.6653109986746704e-08
-7.9413642014175425e-08
-7.3155036959643708e-08
-6.7631657677476399e-08
-6.2793241242362026e-08
-5.8526462259349967e-08
-5.4690168550121829e-08
-5.1260650160858967e-08
-4.8183913044142803e-08
-4.5392303369837489e-08
-4.3475608754463925e-08
-3.9014170166152744e-07
-6.0271878996195071e-05
-3.7141924403117949e-04
-3.8518728633927824e-04
-3.5038321933806139e-04
-3.1336174168846646e-04
-2.7377445629562369e-04
-2.4152455291061395e-04
-2.1345594261026107e-04
-1.8890662301503352e-04
-1.6571861038601300e-04
-1.4815447645453113e-04
-1.3482785914073348e-04
-1.2428786796670491e-04
-1.1577462253184762e-04
-1.1044697014489022e-04
-1.0716822613051546e-04
-1.0534143897939533e-04
-1.0484578268425286e-04
-1.0528222709907059e-04
-1.0626718682539534e-04
-1.0772476306882263e-04
-1.0970221034540344e-04
-1.1143992440875907e-04
-1.1326681993359500e-04
-1.1511868740386975e-04
-1.1688997129722209e-04
-1.1836499680852858e-04
-1.1967044199583551e-04
-1.2090492134360587e-04
-1.2188578765278664e-04
-1.2267355173758320e-04
-1.2328263441716583e-04
-1.2381064029202952e-04
-1.2412633754147715e-04
-1.2427120954060727e-04
-1.2434808054641948e-04
-1.2433181664987231e-04
-1.2417518254933437e-04
-1.2394559664810839e-04
-1.2365294150345734e-04
-1.2327478830940884e-04
-1.2283319041961674e-04
-1.2236413596905020e-04
-1.2185308679193195e-04
-1.2130765138726656e-04
-1.2067795155155036e-04
-1.2007591130668507e-04
-1.1944730534230045e-04
-1.1875100903366339e-04
-1.1809779682387766e-04
-1.1743452548460106e-04
-1.1667272719152340e-04
-1.1598065577416281e-04
-1.1528426932746176e-04
-1.1451229541471342e-04
-1.1380931522091890e-04
-1.1310936022674199e-04
-1.1229341050881566e-04
-1.1159165693332216e-04
-1.1086821114531747e-04
-1.1007845661923554e-04
-1.0938005565087033e-04
-1.0863946511302901e-04
-1.0785680694446998e-04
-1.0715621858199471e-04
-1.0639197553270382e-04
-1.0565385665639866e-04
-1.0496559946504706e-04
-1.0417056399252899e-04
-1.0346641603059077e-04
-1.0276637527236102e-04
-1.0195836735881711e-04
-1.0130352209097053e-04
-1.0057014597320173e-04
-9.9818853989283408e-05
-9.9165154470209427e-05
-9.8370498009853471e-05
-9.7695753873204590e-05
-9.7015517782079479e-05
-9.6247285846121623e-05
-9.5605538574938082e-05
-9.4862730426126525e-05
-9.4159358012210404e-05
-9.3511507514298307e-05
-9.2749668709966011e-05
-9.2115983644910365e-05
-9.1395699600744186e-05
-9.0717551665636288e-05
-9.0045748453946277e-05
-8.9331271568055860e-05
-8.8702816928371283e-05
-8.7964076391456352e-05
-8.7342014862933223e-05
-8.6650576506379885e-05
-8.5965116600984071e-05
-8.5352422331588313e-05
-8.4604557961537628e-05
-8.4020306710487180e-05
-8.3300365933928726e-05
-8.2679114008232948e-05
-8.2012787058296046e-05
-8.1350998459414687e-05
-8.0714029865996246e-05
-8.0039498351541915e-05
-7.9437523707710599e-05
-7.8725892982267737e-05
-7.8153906398239947e-05
-7.7444360931536800e-05
-7.6848573865027418e-05
-7.6184639166796694e-05
-7.5554048933035889e-05
-7.4923242984885726e-05
-7.4282788225238814e-05
-7.3663363591607711e-05
-7.3015698943295498e-05
-7.2409418858421381e-05
-7.1740555060927425e-05
-7.1169252560975371e-05
-7.0477246587122543e-05
-6.9922021832393680e-05
-6.9235401663883411e-05
-6.8676841796461968e-05
-6.7993468425529754e-05
-6.7436643123812529e-05
-6.6745710532363454e-05
-6.6206574442322441e-05
-6.5508348935739607e-05
-6.4970486765867139e-05
-6.4285660313859741e-05
-6.3737371488817169e-05
-6.3061225323685787e-05
-6.2505679472365253e-05
-6.1831478601667424e-05
-6.1282654104593352e-05
-6.0608911863104332e-05
-6.0049954348818973e-05
-5.9402444345865060e-05
-5.8815774276091022e-05
-5.8197391020894217e-05
-5.7587707207861563e-05
-5.6980135161088640e-05
-5.6362408487945048e-05
-5.5766445160222989e-05
-5.5132838749027501e-05
-5.4563078948702758e-05
-5.3896816109946265e-05
-5.3345232277105351e-05
-5.2678559113933604e-05
-5.2109564512121116e-05
-5.1474042897519984e-05
-5.0864361315864109e-05
-5.0270231551345560e-05
-4.9619258600408062e-05
-4.9057641579370131e-05
-4.8379392788096243e-05
-4.7806999112794148e-05
-4.7167806982647119e-05
-4.6556572696267125e-05
-4.5950291533131971e-05
-4.5302737044801989e-05
-4.4726730291152941e-05
-4.4045369496768065e-05
-4.3457763289981934e-05
-4.2818421725382998e-05
-4.2184795416152812e-05
-4.1587712170701338e-05
-4.0902863860502685e-05
-4.0304618414238749e-05
-3.9661751828670140e-05
-3.9014185690278803e-05
-3.8412700683533111e-05
-3.7736749809952225e-05
0.0000000000000000e+00
];
