%Vec Object:dSdr_b_aug_4350 1 MPI processes
%  type: seq
dSdr_b_aug_4350 = [
2.3448302003925928e+03
0.0000000000000000e+00
-1.0062065199082201e-06
-4.1514122815279337e-07
-2.5732264536487838e-07
-1.8250387772423226e-07
-1.3699366207543708e-07
-1.0886217780944047e-07
-8.9793911152380630e-08
-7.5425091835017866e-08
-6.4755011503614119e-08
-5.6575796187331995e-08
-4.9912313977490117e-08
-4.4513471446716644e-08
-4.0087172295547426e-08
-3.6354048260404449e-08
-3.3163431037404047e-08
-3.0441019606645788e-08
-2.8086976667805640e-08
-2.6343331630598489e-08
-1.2965535990802769e-05
-6.9751879505954939e-04
-6.8845863272325918e-04
-6.4969968295279631e-04
-6.0629016887426949e-04
-5.6440490894201845e-04
-5.2426428756350315e-04
-4.8373325549950190e-04
-4.4215913840960617e-04
-3.9774542951982484e-04
-3.5866502483161553e-04
-3.2111391881568325e-04
-2.8567181621925954e-04
-2.4829809112733369e-04
-2.1790137885418907e-04
-1.9144728455280870e-04
-1.6830851150306672e-04
-1.4645569407557033e-04
-1.2990391497619383e-04
-1.1734954849727629e-04
-1.0743574854837323e-04
-9.9442144024159814e-05
-9.4458707519367769e-05
-9.1416885430185355e-05
-8.9751790776044217e-05
-8.9354085074067635e-05
-8.9838917154917187e-05
-9.0845006325630858e-05
-9.2300803332532664e-05
-9.4265641597826401e-05
-9.5994282603303148e-05
-9.7807010166070358e-05
-9.9651432771726033e-05
-1.0142500833261433e-04
-1.0290963292742531e-04
-1.0423636890819071e-04
-1.0550715413232050e-04
-1.0652970714357760e-04
-1.0736605808771833e-04
-1.0803667473691007e-04
-1.0863682917196652e-04
-1.0902592904939278e-04
-1.0925244090951890e-04
-1.0942738205689394e-04
-1.0950094845799891e-04
-1.0943969379110038e-04
-1.0931588272547469e-04
-1.0913230239784442e-04
-1.0885994546642424e-04
-1.0853014672289469e-04
-1.0818022861756293e-04
-1.0777924212316780e-04
-1.0734435455195605e-04
-1.0684568327692701e-04
-1.0635659260558285e-04
-1.0584025363941358e-04
-1.0527703649423782e-04
-1.0473619626670133e-04
-1.0418487309004048e-04
-1.0355942667475807e-04
-1.0298005236038722e-04
-1.0239760186551553e-04
-1.0175812574449791e-04
-1.0116722108647639e-04
-1.0058015084699295e-04
-9.9897922006764227e-05
-9.9307793208868356e-05
-9.8698674300375040e-05
-9.8037106676553953e-05
-9.7448478757381618e-05
-9.6824014276275196e-05
-9.6166510045959136e-05
-9.5574750788966116e-05
-9.4929882872574675e-05
-9.4309202858962383e-05
-9.3727907105924167e-05
-9.3056126517123043e-05
-9.2464722915982557e-05
-9.1871924027197316e-05
-9.1189481233148570e-05
-9.0640347683812458e-05
-9.0018191324561423e-05
-8.9385120481069375e-05
-8.8835696685934785e-05
-8.8161577132809342e-05
-8.7594761896224281e-05
-8.7021195163649611e-05
-8.6371291947734695e-05
-8.5831876502405241e-05
-8.5205305999834990e-05
-8.4611349553102209e-05
-8.4066350797429927e-05
-8.3424432795020762e-05
-8.2889802534426066e-05
-8.2284328452293291e-05
-8.1712474445276489e-05
-8.1146128308417248e-05
-8.0545710384207617e-05
-8.0016505314773112e-05
-7.9393984736525467e-05
-7.8873250715273888e-05
-7.8289681808358329e-05
-7.7713540156977868e-05
-7.7201867588438965e-05
-7.6569477299646887e-05
-7.6082130827244011e-05
-7.5477245017931314e-05
-7.4954286150071046e-05
-7.4398956107885275e-05
-7.3841913360257611e-05
-7.3308530506152269e-05
-7.2744671400522859e-05
-7.2240076386027277e-05
-7.1644822673274319e-05
-7.1167564555875740e-05
-7.0573422154992594e-05
-7.0076261645159177e-05
-6.9521786581844960e-05
-6.8994702763511213e-05
-6.8469161799074475e-05
-6.7935341207007153e-05
-6.7417989320086379e-05
-6.6880591037611631e-05
-6.6374415651485234e-05
-6.5817707303426925e-05
-6.5345261269581902e-05
-6.4766545740815165e-05
-6.4309230927363939e-05
-6.3737112803580241e-05
-6.3273965544526821e-05
-6.2709115731364432e-05
-6.2246864594008326e-05
-6.1675014949255167e-05
-6.1230064949455002e-05
-6.0651683408858048e-05
-6.0208694298429537e-05
-5.9642528874663318e-05
-5.9190235305106123e-05
-5.8632708472402723e-05
-5.8175433235088047e-05
-5.7618736494843142e-05
-5.7170353899270284e-05
-5.6612647780796261e-05
-5.6155929194581203e-05
-5.5624077729634518e-05
-5.5141616248394402e-05
-5.4637237203823199e-05
-5.4135531100499011e-05
-5.3639676019343659e-05
-5.3134069333966923e-05
-5.2646994210327554e-05
-5.2129939375265374e-05
-5.1665471390155338e-05
-5.1121690747001102e-05
-5.0673221472325458e-05
-5.0129298151243332e-05
-4.9667094736036545e-05
-4.9150697104437809e-05
-4.8654274741803667e-05
-4.8174657437827645e-05
-4.7643758341908703e-05
-4.7191149243121858e-05
-4.6640870285673876e-05
-4.6177226012001637e-05
-4.5662848974629798e-05
-4.5167399274326963e-05
-4.4679375516097076e-05
-4.4156726144991368e-05
-4.3693401927346633e-05
-4.3144634204722761e-05
-4.2672188952517824e-05
-4.2157813204085115e-05
-4.1649112346371125e-05
-4.1169621394917623e-05
-4.0620589580160999e-05
-4.0140570356838770e-05
-3.9625367046185683e-05
-3.9107031834311503e-05
-3.8621304589135728e-05
-3.8065196837584266e-05
0.0000000000000000e+00
];
