%Vec Object:dSdr_b_aug_3290 1 MPI processes
%  type: seq
dSdr_b_aug_3290 = [
2.3679647460299807e+03
0.0000000000000000e+00
-1.1790272284349793e-06
-4.8546576541113408e-07
-3.0000085958293144e-07
-2.1236357809772011e-07
-1.5936556953472552e-07
-1.2661370974357089e-07
-1.0441431486925933e-07
-8.7669068977096482e-08
-7.5235487239945129e-08
-6.5705376566748520e-08
-5.7940114651777068e-08
-5.1648786409837083e-08
-4.6491094139933627e-08
-4.2141290971784926e-08
-3.8423777983459428e-08
-3.5251956454886725e-08
-3.2509459481718041e-08
-3.0088924360481051e-08
-2.8329457860585853e-08
-7.5502375889606553e-06
-6.3295961965236945e-04
-6.5786436850286437e-04
-6.1488689745577553e-04
-5.7250679504819142e-04
-5.3188175923000742e-04
-4.9086724247765165e-04
-4.4880600037400811e-04
-4.0388555189424730e-04
-3.6436172816270662e-04
-3.2639164464121225e-04
-2.9055938801686898e-04
-2.5277859355097871e-04
-2.2205287133808760e-04
-1.9531435633968693e-04
-1.7192755986111558e-04
-1.4984009400546470e-04
-1.3311042889360244e-04
-1.2042037463755492e-04
-1.1039655349812398e-04
-1.0231164986225466e-04
-9.7267736175116529e-05
-9.4184288172544439e-05
-9.2490785137211271e-05
-9.2075870208714524e-05
-9.2552201007700099e-05
-9.3554578017969757e-05
-9.5010687786770381e-05
-9.6977741542393818e-05
-9.8707976785263380e-05
-1.0052319372280902e-04
-1.0236892449177771e-04
-1.0414209756205191e-04
-1.0562503579070726e-04
-1.0694803123967650e-04
-1.0821243787289074e-04
-1.0922766690907307e-04
-1.1005548153733632e-04
-1.1071528708168183e-04
-1.1130276549772541e-04
-1.1167896902323788e-04
-1.1189113730196789e-04
-1.1204884817524267e-04
-1.1210663198865957e-04
-1.1202861978609563e-04
-1.1188622478075352e-04
-1.1168348077969906e-04
-1.1139253621685624e-04
-1.1104309517098799e-04
-1.1067224566249269e-04
-1.1025192194480468e-04
-1.0979761190960267e-04
-1.0927591983823385e-04
-1.0876698472785249e-04
-1.0823092124428249e-04
-1.0764432301833006e-04
-1.0708373982420750e-04
-1.0651274814137418e-04
-1.0586334564494799e-04
-1.0526417123696582e-04
-1.0466170298917834e-04
-1.0399894791986037e-04
-1.0338835236884746e-04
-1.0278144906054713e-04
-1.0207572637952372e-04
-1.0146598587996265e-04
-1.0083678052690218e-04
-1.0015269134200315e-04
-9.9544777054218762e-05
-9.8899910021482313e-05
-9.8220417098878932e-05
-9.7609537314956221e-05
-9.6943696002571654e-05
-9.6302382782222600e-05
-9.5702294636461143e-05
-9.5008859002230209e-05
-9.4397646985218653e-05
-9.3786006431360584e-05
-9.3081502696335769e-05
-9.2513796318164295e-05
-9.1872099382028056e-05
-9.1218257843891413e-05
-9.0650513472380061e-05
-8.9955216358738707e-05
-8.9369438705987382e-05
-8.8777130850033697e-05
-8.8106438036673800e-05
-8.7549043543523332e-05
-8.6902050830907032e-05
-8.6288870698127690e-05
-8.5725801547591223e-05
-8.5062814227536217e-05
-8.4510780665007359e-05
-8.3885135198484922e-05
-8.3294606017718788e-05
-8.2709731735898433e-05
-8.2089274370514216e-05
-8.1542631772306778e-05
-8.0899692077740344e-05
-8.0361155445860609e-05
-7.9758634550418779e-05
-7.9163286364031515e-05
-7.8633864909769040e-05
-7.7981186544500886e-05
-7.7476814500278355e-05
-7.6851714247631186e-05
-7.6311485893171803e-05
-7.5736654379631029e-05
-7.5161208428594297e-05
-7.4609626193690030e-05
-7.4026322623829777e-05
-7.3504618598004438e-05
-7.2888918155280901e-05
-7.2395016814786109e-05
-7.1780598795721524e-05
-7.1266110189257558e-05
-7.0692403725300363e-05
-7.0147134445621687e-05
-6.9603099048266338e-05
-6.9050543463536175e-05
-6.8515257992810577e-05
-6.7958486557858147e-05
-6.7434723354476393e-05
-6.6858309946632530e-05
-6.6368495394715144e-05
-6.5769875386015344e-05
-6.5295358344201281e-05
-6.4703122860895564e-05
-6.4223212128214257e-05
-6.3637538391255515e-05
-6.3158671077858343e-05
-6.2565899215281657e-05
-6.2104401208438732e-05
-6.1504963728707446e-05
-6.1045305899496281e-05
-6.0458292353775530e-05
-5.9989132883879936e-05
-5.9410765234609303e-05
-5.8936224309138151e-05
-5.8358882661315931e-05
-5.7892852870384763e-05
-5.7314759733848790e-05
-5.6840078193963482e-05
-5.6287906015342650e-05
-5.5787135483280986e-05
-5.5262726336879301e-05
-5.4742048923030976e-05
-5.4226565540037962e-05
-5.3701259711367497e-05
-5.3195053212430625e-05
-5.2657520554025667e-05
-5.2174552969272096e-05
-5.1609252428022122e-05
-5.1142665970016905e-05
-5.0577175593125862e-05
-5.0096208880181790e-05
-4.9558881055894781e-05
-4.9042558790110980e-05
-4.8542821264213377e-05
-4.7990824675969975e-05
-4.7519062116718375e-05
-4.6946297957513413e-05
-4.6463545114224016e-05
-4.5927236492496833e-05
-4.5411441354273776e-05
-4.4902637110658221e-05
-4.4358038506440127e-05
-4.3874911478062711e-05
-4.3302841333761807e-05
-4.2810154427201094e-05
-4.2273811450796652e-05
-4.1743146070398334e-05
-4.1242972025445379e-05
-4.0670043191420738e-05
-4.0169195417215092e-05
-3.9631458933261762e-05
-3.9090198082807461e-05
-3.8583512583295972e-05
-3.8003047561685380e-05
0.0000000000000000e+00
];
