%Vec Object:dSdr_b_aug_3790 1 MPI processes
%  type: seq
dSdr_b_aug_3790 = [
2.3579103801780548e+03
0.0000000000000000e+00
-1.0981826015782533e-06
-4.5170386717355451e-07
-2.7894357280486995e-07
-1.9720578025155782e-07
-1.4768564022973067e-07
-1.1708283747130126e-07
-9.6341981738060505e-08
-8.0716458606955302e-08
-6.9115512390503072e-08
-6.0223616851853644e-08
-5.2983931767020509e-08
-4.7119869548809781e-08
-4.2312742861397726e-08
-3.8260100505087426e-08
-3.4798117196645964e-08
-3.1844542325335579e-08
-2.9291120753871247e-08
-2.7039666738202510e-08
-6.0507524958133979e-08
-2.1225914012422512e-04
-6.8916743436655192e-04
-6.5407726620809342e-04
-6.1046820181503709e-04
-5.6833367053333846e-04
-5.2795788119110371e-04
-4.8719240428630100e-04
-4.4538208793308917e-04
-4.0072266957882663e-04
-3.6142725852586439e-04
-3.2367299743030269e-04
-2.8804171576540078e-04
-2.5047060962709949e-04
-2.1991436600624285e-04
-1.9332236092393538e-04
-1.7006332550994138e-04
-1.4809673102198498e-04
-1.3145869800324994e-04
-1.1883853882196790e-04
-1.0887139146888855e-04
-1.0083351756359047e-04
-9.5820756720640699e-05
-9.2758750961458134e-05
-9.1079881599462906e-05
-9.0673831474298475e-05
-9.1154541468332507e-05
-9.2158830715724177e-05
-9.3614779415468176e-05
-9.5580691973737238e-05
-9.7310106033392287e-05
-9.9124040685500116e-05
-1.0096909762904108e-04
-1.0274247805846101e-04
-1.0422628498979277e-04
-1.0555120727507757e-04
-1.0681889965209763e-04
-1.0783790141365656e-04
-1.0867011324984271e-04
-1.0933548774583539e-04
-1.0992949576455105e-04
-1.1031234239137313e-04
-1.1053189927280015e-04
-1.1069848581380240e-04
-1.1076439956385342e-04
-1.1069501950690921e-04
-1.1056219745629694e-04
-1.1036932501323369e-04
-1.1008795526620389e-04
-1.0974863231451152e-04
-1.0938856493753430e-04
-1.0897820216177114e-04
-1.0853389697695149e-04
-1.0802406331774202e-04
-1.0752535042357472e-04
-1.0699944738221563e-04
-1.0642489315604135e-04
-1.0587447990708333e-04
-1.0531361981320521e-04
-1.0467655750827250e-04
-1.0408758247169239e-04
-1.0349542571510341e-04
-1.0284466203392820e-04
-1.0224420960262404e-04
-1.0164752265103595e-04
-1.0095390205234125e-04
-1.0035426387916186e-04
-9.9735405400437822e-05
-9.9062917459607778e-05
-9.8464937913178978e-05
-9.7830580586417474e-05
-9.7162414417700517e-05
-9.6561383946907321e-05
-9.5906346391700818e-05
-9.5275661691239627e-05
-9.4685253830678528e-05
-9.4002973082554135e-05
-9.3401964721386092e-05
-9.2800029833378138e-05
-9.2106890067845858e-05
-9.1548750873313205e-05
-9.0917119620415187e-05
-9.0273977416273793e-05
-8.9715670281160698e-05
-8.9031282084794537e-05
-8.8455272290779123e-05
-8.7872618301826718e-05
-8.7212634558993707e-05
-8.6664501374505927e-05
-8.6028028484740944e-05
-8.5424750794665005e-05
-8.4870990006780824e-05
-8.4218855845306733e-05
-8.3675787014241199e-05
-8.3060532165324768e-05
-8.2479622878456002e-05
-8.1904292753350350e-05
-8.1294158038854218e-05
-8.0756497802174140e-05
-8.0124076335163607e-05
-7.9594710124257571e-05
-7.9001951713565511e-05
-7.8416497132978774e-05
-7.7896218424429843e-05
-7.7253990784757813e-05
-7.6758388894539889e-05
-7.6143701437323460e-05
-7.5612368880876291e-05
-7.5047582898313603e-05
-7.4481616741456469e-05
-7.3939409307938222e-05
-7.3366121902715192e-05
-7.2853231009812057e-05
-7.2248063015005571e-05
-7.1762734871246790e-05
-7.1158761156736624e-05
-7.0653198536091189e-05
-7.0089398481618700e-05
-6.9553496829896549e-05
-6.9018988216450886e-05
-6.8476083331424646e-05
-6.7950035740546426e-05
-6.7403243731072019e-05
-6.6888540296016275e-05
-6.6322277283256136e-05
-6.5841409533585086e-05
-6.5253042642990993e-05
-6.4787386743096994e-05
-6.4205514033957204e-05
-6.3734238431206511e-05
-6.3159291429602628e-05
-6.2688983368427642e-05
-6.2106988871628264e-05
-6.1654014999475935e-05
-6.1065423764718573e-05
-6.0614352247825031e-05
-6.0038077893622572e-05
-5.9577606303980094e-05
-5.9009974079193130e-05
-5.8544326967183682e-05
-5.7977619823032002e-05
-5.7520680361379551e-05
-5.6953088879535847e-05
-5.6487660315168419e-05
-5.5945955630060368e-05
-5.5454616346203446e-05
-5.4940524986048868e-05
-5.4429619952110579e-05
-5.3924247370985580e-05
-5.3409088829450716e-05
-5.2912737143941676e-05
-5.2385752868921191e-05
-5.1912314642635534e-05
-5.1358099255379271e-05
-5.0900845144917859e-05
-5.0346464188129173e-05
-4.9875162617608852e-05
-4.9348616120574877e-05
-4.8842544440968956e-05
-4.8353170965919294e-05
-4.7812041804686559e-05
-4.7350145233893995e-05
-4.6788963250926396e-05
-4.6316053170632456e-05
-4.5791041423038830e-05
-4.5285726020616074e-05
-4.4787625500489542e-05
-4.4254332511177711e-05
-4.3781405245914082e-05
-4.3221337296085015e-05
-4.2739075557755601e-05
-4.2214046063668755e-05
-4.1694691933100447e-05
-4.1205167719329266e-05
-4.0644541963569840e-05
-4.0154412428290090e-05
-3.9628263353728650e-05
-3.9098769691757084e-05
-3.8602761437043260e-05
-3.8034211415862243e-05
0.0000000000000000e+00
];
