%Vec Object:dSdr_b_aug_5180 1 MPI processes
%  type: seq
dSdr_b_aug_5180 = [
2.3282295875299683e+03
0.0000000000000000e+00
-8.9905596960531933e-07
-3.7081935388652228e-07
-2.2991608394888841e-07
-1.6298163835718012e-07
-1.2213628749600218e-07
-9.6886526667080255e-08
-7.9772936532882074e-08
-6.6894649076943032e-08
-5.7332076426081585e-08
-5.0001702651880021e-08
-4.4033989485103520e-08
-3.9199894971192532e-08
-3.5236794658513556e-08
-3.1895393565984078e-08
-2.9040671977057275e-08
-2.6605031559971303e-08
-2.4509120951031775e-08
-8.8432240259845641e-07
-6.0487226827504867e-04
-7.2050952159396760e-04
-6.8261444988655293e-04
-6.4382892030460004e-04
-6.0076657697687825e-04
-5.5921270493673443e-04
-5.1938293583524706e-04
-4.7916174186957757e-04
-4.3789977910366120e-04
-3.9381079279516038e-04
-3.5501453434552059e-04
-3.1773191223987909e-04
-2.8253982325143485e-04
-2.4542695123967398e-04
-2.1524107098057899e-04
-1.8896923557324978e-04
-1.6598939777557424e-04
-1.4428694479526316e-04
-1.2784915636826876e-04
-1.1538173962251529e-04
-1.0553844206999144e-04
-9.7603342697195119e-05
-9.2658660429546804e-05
-8.9643512549102887e-05
-8.7996622214180545e-05
-8.7609944332987059e-05
-8.8100224120219074e-05
-8.9108692092802828e-05
-9.0564288701259346e-05
-9.2527707285373190e-05
-9.4255326711011067e-05
-9.6066459082201329e-05
-9.7910043424269676e-05
-9.9683877032968277e-05
-1.0116958238938926e-04
-1.0249871544874873e-04
-1.0377358823174871e-04
-1.0480083460384526e-04
-1.0564265573767216e-04
-1.0632020015389508e-04
-1.0692847741107456e-04
-1.0732584130533066e-04
-1.0756154458097146e-04
-1.0774752696127302e-04
-1.0783120691004874e-04
-1.0778069054732798e-04
-1.0766878816182863e-04
-1.0749748804732985e-04
-1.0723704221317580e-04
-1.0691983040774731e-04
-1.0658332530583824e-04
-1.0619473025229773e-04
-1.0577228874468172e-04
-1.0528836937135346e-04
-1.0481199516810554e-04
-1.0430829582326454e-04
-1.0376006145237721e-04
-1.0323187266834160e-04
-1.0269315322026730e-04
-1.0208305804351474e-04
-1.0151637177979464e-04
-1.0094674881317938e-04
-1.0032219001870684e-04
-9.9743903434476897e-05
-9.9169542376117148e-05
-9.8502368566907991e-05
-9.7924807096278800e-05
-9.7328559733772868e-05
-9.6681424096720922e-05
-9.6105155028788935e-05
-9.5493764657255756e-05
-9.4850350947259780e-05
-9.4270844268770634e-05
-9.3639416263145348e-05
-9.3031958164475155e-05
-9.2462704718934965e-05
-9.1804800846835967e-05
-9.1226090628359090e-05
-9.0645365621041157e-05
-8.9977059644474888e-05
-8.9439827704287686e-05
-8.8830193092391795e-05
-8.8210432262984383e-05
-8.7672748427815027e-05
-8.7012199611318278e-05
-8.6457535630314763e-05
-8.5895978347150692e-05
-8.5259397258044390e-05
-8.4731502918325039e-05
-8.4118019117862753e-05
-8.3536381350035352e-05
-8.3002962235625844e-05
-8.2374545606463866e-05
-8.1851067508835612e-05
-8.1258519397493277e-05
-8.0698632578190776e-05
-8.0144159411833272e-05
-7.9556582907924249e-05
-7.9038551933814107e-05
-7.8429116074294508e-05
-7.7919790095352245e-05
-7.7348365760509898e-05
-7.6784531796413589e-05
-7.6284232842503013e-05
-7.5664843300483209e-05
-7.5188406937511898e-05
-7.4596474690095379e-05
-7.4084582233718314e-05
-7.3541748875375644e-05
-7.2996499033100586e-05
-7.2474778473133691e-05
-7.1923379520193886e-05
-7.1429748082581243e-05
-7.0847596781444081e-05
-7.0381003759963141e-05
-6.9799854120521299e-05
-6.9313797578182500e-05
-6.8771646133467811e-05
-6.8256215687754432e-05
-6.7742526086938555e-05
-6.7220711010652397e-05
-6.6714851090412541e-05
-6.6189867260638710e-05
-6.5694962270683584e-05
-6.5150881063167165e-05
-6.4689564896202667e-05
-6.4123604296949742e-05
-6.3677312789779084e-05
-6.3118086009345169e-05
-6.2665680898133012e-05
-6.2114175198844427e-05
-6.1662571818705186e-05
-6.1104129273962455e-05
-6.0669783346761824e-05
-6.0104894594187376e-05
-5.9672586907652273e-05
-5.9119781099251652e-05
-5.8678295306953224e-05
-5.8134123406088350e-05
-5.7687912130662991e-05
-5.7144444779643963e-05
-5.6707370615813339e-05
-5.6162728625835619e-05
-5.5717520808127773e-05
-5.5198690979578563e-05
-5.4727962044093463e-05
-5.4236418405069110e-05
-5.3746869223082790e-05
-5.3263592065165837e-05
-5.2770608695155746e-05
-5.2295793053061250e-05
-5.1791860508826927e-05
-5.1339247149244745e-05
-5.0809256555002016e-05
-5.0372396838207685e-05
-4.9842293770456977e-05
-4.9392113931175567e-05
-4.8889128426880715e-05
-4.8405457961995923e-05
-4.7938733723178610e-05
-4.7421353916043958e-05
-4.6981018335748843e-05
-4.6445147873696266e-05
-4.5993748293566425e-05
-4.5493424917494128e-05
-4.5011012413186215e-05
-4.4536304567246425e-05
-4.4027719963441543e-05
-4.3577084956583760e-05
-4.3043248860168266e-05
-4.2583773652630161e-05
-4.2083473382513666e-05
-4.1588845776651943e-05
-4.1122606142194329e-05
-4.0588883796276951e-05
-4.0122205246490180e-05
-3.9621429663291659e-05
-3.9117760370166074e-05
-3.8645392735304971e-05
-3.8104516155856418e-05
0.0000000000000000e+00
];
