%Vec Object:dSdr_b_aug_490 1 MPI processes
%  type: seq
dSdr_b_aug_490 = [
2.5244525505849838e+03
0.0000000000000000e+00
-3.7651339364143609e-06
-1.5270082507702272e-06
-9.2199185133054656e-07
-6.4396872355101160e-07
-4.8322322439979463e-07
-3.8407561329894202e-07
-3.1688489331925887e-07
-2.6573799164148607e-07
-2.2778207719291835e-07
-1.9870843961751035e-07
-1.7497642064720033e-07
-1.5574830891648187e-07
-1.3999017111773399e-07
-1.2669967886865509e-07
-1.1534016931578458e-07
-1.0565045586163127e-07
-9.7274053858267617e-08
-8.9882104995782167e-08
-8.3407165264109204e-08
-7.7697452305936795e-08
-7.2564336087048228e-08
-6.7975721826895963e-08
-6.3859259349779373e-08
-6.0123606169088293e-08
-5.6726485557361510e-08
-5.3639036967794434e-08
-5.0839792791641410e-08
-5.2059433903051338e-08
-4.8860041086949994e-07
-2.0374582971017792e-05
-1.7389518937624816e-04
-2.5115400640122847e-04
-2.4110744599169627e-04
-2.1746527461210716e-04
-1.9377722800919248e-04
-1.7061648457036315e-04
-1.5291251372209218e-04
-1.3942924216038899e-04
-1.2874302326607921e-04
-1.2010110420590208e-04
-1.1468657927567678e-04
-1.1134727403310878e-04
-1.0947883634885069e-04
-1.0895790459557456e-04
-1.0938193172346043e-04
-1.1036153975708283e-04
-1.1181974534929037e-04
-1.1380063555938561e-04
-1.1554081683838977e-04
-1.1737150941451616e-04
-1.1922537475397931e-04
-1.2099606270934689e-04
-1.2246854688959091e-04
-1.2376834335263331e-04
-1.2499318542852548e-04
-1.2596298470081570e-04
-1.2673784905726829e-04
-1.2733059407810817e-04
-1.2783944380480501e-04
-1.2813565182724382e-04
-1.2825884747733461e-04
-1.2830967970549367e-04
-1.2826956477744272e-04
-1.2808760629727371e-04
-1.2782993594076820e-04
-1.2750832016848672e-04
-1.2710207684355464e-04
-1.2663079500794226e-04
-1.2613010852075487e-04
-1.2558983646031828e-04
-1.2501504936703460e-04
-1.2435056001981379e-04
-1.2371853041375327e-04
-1.2306011632497231e-04
-1.2232848606802732e-04
-1.2164543786985477e-04
-1.2095244307546220e-04
-1.2015444191167269e-04
-1.1943244819727814e-04
-1.1870581053133275e-04
-1.1789865705703850e-04
-1.1716591961012811e-04
-1.1643599251030385e-04
-1.1558453850080608e-04
-1.1485314736197010e-04
-1.1409934658040998e-04
-1.1327555709489408e-04
-1.1254801022364906e-04
-1.1177658700143117e-04
-1.1096069916210001e-04
-1.1023121553042613e-04
-1.0943527714348238e-04
-1.0866597702945919e-04
-1.0794932045927422e-04
-1.0712155954446808e-04
-1.0638747678565602e-04
-1.0565896219729981e-04
-1.0481761545761897e-04
-1.0413470263189217e-04
-1.0337179661036147e-04
-1.0258911587888680e-04
-1.0190773025623599e-04
-1.0108107019725691e-04
-1.0037767001033593e-04
-9.9669112293041291e-05
-9.8869463063485903e-05
-9.8200545829215785e-05
-9.7426875593824305e-05
-9.6694452318341303e-05
-9.6019293826607606e-05
-9.5225615035635739e-05
-9.4565630085501068e-05
-9.3814862988831715e-05
-9.3108493091641944e-05
-9.2408690112794398e-05
-9.1663929578923920e-05
-9.1009123327978386e-05
-9.0239525383785198e-05
-8.9590560536401679e-05
-8.8870481917384546e-05
-8.8155997080218749e-05
-8.7516480694730216e-05
-8.6737956970063285e-05
-8.6127976690916441e-05
-8.5377487844306434e-05
-8.4730138297316805e-05
-8.4034340736174209e-05
-8.3344741245833438e-05
-8.2680269785145614e-05
-8.1976353829626354e-05
-8.1348524138682537e-05
-8.0605994419097080e-05
-8.0008856741447626e-05
-7.9268670891423281e-05
-7.8646697771095141e-05
-7.7953700746622814e-05
-7.7295628833435950e-05
-7.6636874300892158e-05
-7.5968107438768347e-05
-7.5321581816387853e-05
-7.4644640710088404e-05
-7.4011782200711015e-05
-7.3313140408692520e-05
-7.2715590933038530e-05
-7.1993505651041681e-05
-7.1412285269223798e-05
-7.0695264142652765e-05
-7.0111371758798855e-05
-6.9396529726829429e-05
-6.8814594573940642e-05
-6.8092044855439307e-05
-6.7527902008859145e-05
-6.6797857383709173e-05
-6.6234806129593460e-05
-6.5518474715886750e-05
-6.4944698936144143e-05
-6.4237058969307575e-05
-6.3655422131289870e-05
-6.2950023664045914e-05
-6.2374531798184966e-05
-6.1669981860921976e-05
-6.1083879993087498e-05
-6.0405662700416876e-05
-5.9791325492392273e-05
-5.9142674375477198e-05
-5.8504322906035455e-05
-5.7867090521226027e-05
-5.7219596649700684e-05
-5.6594724348929274e-05
-5.5930174459989676e-05
-5.5332460943895024e-05
-5.4633680451194458e-05
-5.4054721487925408e-05
-5.3355460202439273e-05
-5.2758114977654248e-05
-5.2090968725278364e-05
-5.1451220149838395e-05
-5.0826691233928411e-05
-5.0143843284670837e-05
-4.9553290177338651e-05
-4.8841071883937139e-05
-4.8239813123946047e-05
-4.7567492009144378e-05
-4.6925528452295048e-05
-4.6287864101080070e-05
-4.5607164928258285e-05
-4.5001263201012795e-05
-4.4284727565460365e-05
-4.3666583617378117e-05
-4.2994114184782888e-05
-4.2327390471359825e-05
-4.1699188179164622e-05
-4.0978436542425153e-05
-4.0349057539345639e-05
-3.9672762401979929e-05
-3.8991881045493418e-05
-3.8362468028768319e-05
-3.7669651281304584e-05
0.0000000000000000e+00
];
