%Vec Object:dSdr_b_aug_4840 1 MPI processes
%  type: seq
dSdr_b_aug_4840 = [
2.3374381818367578e+03
0.0000000000000000e+00
-9.5608198680405230e-07
-3.9403034161549285e-07
-2.4402382959825482e-07
-1.7285083498704704e-07
-1.2951276864586560e-07
-1.0272455023751627e-07
-8.4568435405769475e-08
-7.0900680338244527e-08
-6.0752285871214694e-08
-5.2973115301630419e-08
-4.6639733717570053e-08
-4.1509507389387932e-08
-3.7303725631802983e-08
-3.3757785017167959e-08
-3.0728387102552400e-08
-2.8143759437169817e-08
-2.5909319547957247e-08
-3.4036984669516054e-08
-1.6417844534835128e-04
-7.2034517186083562e-04
-6.8486458650554192e-04
-6.4599302652881905e-04
-6.0280110016296975e-04
-5.6112512840641657e-04
-5.2118086312269527e-04
-4.8084554777367243e-04
-4.3946861055057124e-04
-3.9526002057623753e-04
-3.5635910377003070e-04
-3.1897759214576544e-04
-2.8369341672554319e-04
-2.4648446582657246e-04
-2.1622093072336563e-04
-1.8988196468581770e-04
-1.6684358695432446e-04
-1.4508575088808897e-04
-1.2860597677016142e-04
-1.1610653420546569e-04
-1.0623726881025718e-04
-9.8280620487960601e-05
-9.3321664039104705e-05
-9.0296691361710683e-05
-8.8643095907357968e-05
-8.8252356195129796e-05
-8.8740629450614590e-05
-8.9748221247785170e-05
-9.1203891666527385e-05
-9.3167833154065010e-05
-9.4895828852357102e-05
-9.6707548772213375e-05
-9.8551441867025824e-05
-1.0032518035755437e-04
-1.0181048757040685e-04
-1.0313873774765675e-04
-1.0441210502071542e-04
-1.0543762274759588e-04
-1.0627742909837939e-04
-1.0695242183958132e-04
-1.0755770725229461e-04
-1.0795202729648068e-04
-1.0818434513734320e-04
-1.0836626074761005e-04
-1.0844621561668800e-04
-1.0839174406042539e-04
-1.0827545540188348e-04
-1.0809963216921721e-04
-1.0783479917175102e-04
-1.0751295127349321e-04
-1.0717150581769331e-04
-1.0677834667800325e-04
-1.0635132096529240e-04
-1.0586196808748384e-04
-1.0538091008223369e-04
-1.0487255524004563e-04
-1.0431880232839334e-04
-1.0378595369261338e-04
-1.0324259196742236e-04
-1.0262684253508390e-04
-1.0205548293628275e-04
-1.0148113526140119e-04
-1.0085108203229414e-04
-1.0026814788725837e-04
-9.9689105710939108e-05
-9.9016386747011290e-05
-9.8434196406847505e-05
-9.7833208123243367e-05
-9.7180756814685358e-05
-9.6599935664303457e-05
-9.5983729762308978e-05
-9.5335126151680229e-05
-9.4751106533729688e-05
-9.4114728263683395e-05
-9.3502400194058407e-05
-9.2928711257271587e-05
-9.2265696233922605e-05
-9.1682310716504684e-05
-9.1097138588446328e-05
-9.0423625658841506e-05
-8.9882010050235347e-05
-8.9267763357239193e-05
-8.8643100107999484e-05
-8.8101092144248099e-05
-8.7435544877119463e-05
-8.6876405276807095e-05
-8.6310424605186411e-05
-8.5668936634840265e-05
-8.5136798776239454e-05
-8.4518494807510089e-05
-8.3932319754087380e-05
-8.3394635560628629e-05
-8.2761246029185945e-05
-8.2233660303755111e-05
-8.1636351225649288e-05
-8.1072056584007471e-05
-8.0513210297941624e-05
-7.9920903969402581e-05
-7.9398757289271562e-05
-7.8784501992077284e-05
-7.8270974138447988e-05
-7.7695076646101867e-05
-7.7126709444995975e-05
-7.6622221297020191e-05
-7.5998043246395641e-05
-7.5517588410245728e-05
-7.4920885033655758e-05
-7.4404916534062540e-05
-7.3857480326478849e-05
-7.3307886854670167e-05
-7.2781870772641852e-05
-7.2225882425862206e-05
-7.1728212821724939e-05
-7.1141235566324695e-05
-7.0670714316553796e-05
-7.0084779109857239e-05
-6.9594632691591241e-05
-6.9047942142152547e-05
-6.8528219460537096e-05
-6.8010164698666917e-05
-6.7483927683153390e-05
-6.6973834977031036e-05
-6.6444278586114209e-05
-6.5945222420434399e-05
-6.5396490313436549e-05
-6.4931074731352582e-05
-6.4360416164728262e-05
-6.3910064491509561e-05
-6.3346089499060913e-05
-6.2889727779753211e-05
-6.2333307101519956e-05
-6.1877781879871968e-05
-6.1314401156871382e-05
-6.0876149478427979e-05
-6.0306290986624006e-05
-5.9870049058502894e-05
-5.9312322561913768e-05
-5.8866855988989795e-05
-5.8317765125158913e-05
-5.7867478709904514e-05
-5.7319138636680476e-05
-5.6877899288701467e-05
-5.6328445446528296e-05
-5.5878997919098805e-05
-5.5355371889557406e-05
-5.4880321558419631e-05
-5.4384050312344548e-05
-5.3890023426672509e-05
-5.3402113499483522e-05
-5.2904480641374181e-05
-5.2425149520807133e-05
-5.1916383703621619e-05
-5.1459403985123928e-05
-5.0924334166300346e-05
-5.0483198356208836e-05
-4.9948004939881129e-05
-4.9493396515062241e-05
-4.8985470986909480e-05
-4.8497103678569006e-05
-4.8025630601778940e-05
-4.7503271303785240e-05
-4.7058415083307538e-05
-4.6517237616277208e-05
-4.6061328017232088e-05
-4.5555828335974397e-05
-4.5068613920494949e-05
-4.4589001509813551e-05
-4.4075236525140301e-05
-4.3619927798526006e-05
-4.3080592055002878e-05
-4.2616339717348470e-05
-4.2110855181536637e-05
-4.1611044166312763e-05
-4.1139923920056618e-05
-4.0600562991919662e-05
-4.0128971201882567e-05
-3.9622882377657290e-05
-3.9113813092195105e-05
-3.8636529974834370e-05
-3.8090071185154040e-05
0.0000000000000000e+00
];
