%Vec Object:dSdr_b_aug_2980 1 MPI processes
%  type: seq
dSdr_b_aug_2980 = [
2.3779622882436233e+03
0.0000000000000000e+00
-1.2610230129732067e-06
-5.1785328864191366e-07
-3.1899872373655863e-07
-2.2518489728894455e-07
-1.6863064392716300e-07
-1.3368780869267095e-07
-1.1000578091105570e-07
-9.2147645682121702e-08
-7.8889989110406020e-08
-6.8728993766091915e-08
-6.0454399049420307e-08
-5.3752060286888031e-08
-4.8257954411666926e-08
-4.3626133210255034e-08
-3.9669355595970992e-08
-3.6293737486498878e-08
-3.3375516312556989e-08
-3.0801402410045620e-08
-2.8550879831165082e-08
-1.2110958646471331e-07
-2.3668267377467402e-04
-6.5641699057940035e-04
-6.1769410206007438e-04
-5.7523817213703135e-04
-5.3445238078044367e-04
-4.9327480543241839e-04
-4.5104917479844999e-04
-4.0595771281966276e-04
-3.6628424455693989e-04
-3.2817276497059593e-04
-2.9220883959037028e-04
-2.5429066778489466e-04
-2.2345391164741319e-04
-1.9661941065282921e-04
-1.7314891148731632e-04
-1.5098225671949784e-04
-1.3419255882047979e-04
-1.2145671279830214e-04
-1.1139576182900296e-04
-1.0328004667377303e-04
-9.8215723228430995e-05
-9.5118227379782923e-05
-9.3415137140947889e-05
-9.2994414491333005e-05
-9.3467876318523109e-05
-9.4469000584314938e-05
-9.5925215934798444e-05
-9.7893017402422527e-05
-9.9623790694617235e-05
-1.0143984776997456e-04
-1.0328602004120494e-04
-1.0505905730229758e-04
-1.0654142643885567e-04
-1.0786315955660421e-04
-1.0912541356811068e-04
-1.1013817093386119e-04
-1.1096310475968250e-04
-1.1161926183163732e-04
-1.1220246240334860e-04
-1.1257431372403069e-04
-1.1278164138616570e-04
-1.1293353744279700e-04
-1.1298599500113887e-04
-1.1290232751719550e-04
-1.1275366085591415e-04
-1.1254444948098166e-04
-1.1224723191526021e-04
-1.1189116194075816e-04
-1.1151324851504577e-04
-1.1108639889940311e-04
-1.1062553419899410e-04
-1.1009607310102404e-04
-1.0958044091731457e-04
-1.0903772083116678e-04
-1.0844323198954677e-04
-1.0787598596628706e-04
-1.0729835658295213e-04
-1.0664086941977892e-04
-1.0603501290298812e-04
-1.0542578909079967e-04
-1.0475517787236026e-04
-1.0413793706502060e-04
-1.0352434051891957e-04
-1.0281068916668661e-04
-1.0219433013583134e-04
-1.0155834603563807e-04
-1.0086665630308454e-04
-1.0025223327672932e-04
-9.9600480817104131e-05
-9.8913567178527539e-05
-9.8296234623837227e-05
-9.7623315236374287e-05
-9.6975038747579959e-05
-9.6368608569160122e-05
-9.5667864817293574e-05
-9.5049967881142371e-05
-9.4431968666050506e-05
-9.3720019832015347e-05
-9.3146045519050205e-05
-9.2497754050603539e-05
-9.1836902838455980e-05
-9.1262975656115152e-05
-9.0560531559620458e-05
-8.9968354488487775e-05
-8.9369721895687058e-05
-8.8692013028553331e-05
-8.8128550982804826e-05
-8.7474666201742233e-05
-8.6854998476993542e-05
-8.6285830945819739e-05
-8.5615733171844362e-05
-8.5057826358222446e-05
-8.4425373471083139e-05
-8.3828541809080495e-05
-8.3237414664995784e-05
-8.2610194406637744e-05
-8.2057667005864594e-05
-8.1407836285623625e-05
-8.0863291643475118e-05
-8.0254374846735541e-05
-7.9652544854807948e-05
-7.9117133520796885e-05
-7.8457608352145092e-05
-7.7947490530954415e-05
-7.7315568324167798e-05
-7.6769511876160731e-05
-7.6188099021096264e-05
-7.5606442370528061e-05
-7.5048718221674561e-05
-7.4458852548197048e-05
-7.3931374584593575e-05
-7.3308773794068802e-05
-7.2809255708915455e-05
-7.2187995088018690e-05
-7.1667658605816643e-05
-7.1087461940728350e-05
-7.0536055441981291e-05
-6.9985778553767518e-05
-6.9426900293883750e-05
-6.8885562606103051e-05
-6.8322253129537026e-05
-6.7792554396993730e-05
-6.7209490934643578e-05
-6.6713814861328515e-05
-6.6108477496664656e-05
-6.5628155051401327e-05
-6.5029130368317599e-05
-6.4543562301052056e-05
-6.3950860912137487e-05
-6.3466385972198286e-05
-6.2866553283496591e-05
-6.2399470653698411e-05
-6.1792927217387946e-05
-6.1327644025115360e-05
-6.0733594654076749e-05
-6.0258743273569216e-05
-5.9673342261267426e-05
-5.9192974501804283e-05
-5.8608665602287972e-05
-5.8136680222704763e-05
-5.7551706862136761e-05
-5.7070963166814264e-05
-5.6511933135126841e-05
-5.6004983640853971e-05
-5.5473814710158680e-05
-5.4946734827743696e-05
-5.4424627251102173e-05
-5.3892673316172076e-05
-5.3380010315196140e-05
-5.2835566750268371e-05
-5.2346355861021006e-05
-5.1773792719009596e-05
-5.1301091996309756e-05
-5.0728323083177520e-05
-5.0241024031569400e-05
-4.9696632571441524e-05
-4.9173594353424751e-05
-4.8667066501803278e-05
-4.8107949753396377e-05
-4.7629723075404837e-05
-4.7049370365514383e-05
-4.6560168470623114e-05
-4.6016458031034868e-05
-4.5493796294588346e-05
-4.4977978541452268e-05
-4.4425971877201461e-05
-4.3936161002978318e-05
-4.3356225740861628e-05
-4.2856706355153802e-05
-4.2312948097315220e-05
-4.1774867659922599e-05
-4.1267709918323275e-05
-4.0686710863855495e-05
-4.0178824939210753e-05
-3.9633467689208343e-05
-3.9084435157094163e-05
-3.8570578741161126e-05
-3.7981371416899482e-05
0.0000000000000000e+00
];
