%Vec Object:dSdr_b_aug_340 1 MPI processes
%  type: seq
dSdr_b_aug_340 = [
2.5531661607847518e+03
0.0000000000000000e+00
-4.7398832814692088e-06
-1.9161997659041804e-06
-1.1514691461281845e-06
-8.0222551364431661e-07
-6.0210359064320593e-07
-4.7872182599835754e-07
-3.9511200616491490e-07
-3.3132885058353900e-07
-2.8400035317022372e-07
-2.4775208441094938e-07
-2.1815073373910485e-07
-1.9416632761090821e-07
-1.7451132866873102e-07
-1.5793345180286720e-07
-1.4376334464339624e-07
-1.3167660931118228e-07
-1.2122832152225069e-07
-1.1200777994008370e-07
-1.0393131271349569e-07
-9.6809543717562798e-08
-9.0407044334242322e-08
-8.4683817564317666e-08
-7.9549605764587661e-08
-7.4890473180628703e-08
-7.0653652141757820e-08
-6.6803001999365069e-08
-6.3279923975238908e-08
-6.0035756869664117e-08
-5.7066135007130439e-08
-5.4821882373823011e-08
-6.9359539399554589e-08
-5.1686220581872944e-07
-6.6813845750761666e-06
-4.6290257327083232e-05
-1.1540116684217339e-04
-1.4323753836927670e-04
-1.4394775618134227e-04
-1.3727055423551495e-04
-1.2930549695438362e-04
-1.2186340196521684e-04
-1.1700666849351308e-04
-1.1394139306856888e-04
-1.1221431877790465e-04
-1.1177185019762337e-04
-1.1224306474828185e-04
-1.1325211074931368e-04
-1.1473074099832618e-04
-1.1672607804119771e-04
-1.1847528461980124e-04
-1.2031307082139919e-04
-1.2217098049886849e-04
-1.2394278638904599e-04
-1.2541435906894086e-04
-1.2671063622340809e-04
-1.2792886875126843e-04
-1.2889090043813087e-04
-1.2965660474923788e-04
-1.3023767628634109e-04
-1.3073280266567559e-04
-1.3101503346996801e-04
-1.3112267274492380e-04
-1.3115481076534220e-04
-1.3109757007173401e-04
-1.3089742613468414e-04
-1.3061958720052833e-04
-1.3027717309300202e-04
-1.2985075631557808e-04
-1.2935815622041515e-04
-1.2883475230498928e-04
-1.2827349296596710e-04
-1.2767762606125181e-04
-1.2698815156382984e-04
-1.2633458416262729e-04
-1.2565476243666301e-04
-1.2489775601794357e-04
-1.2419328017277220e-04
-1.2347893855228984e-04
-1.2265493719210803e-04
-1.2191145385279778e-04
-1.2116309034002781e-04
-1.2033067159520274e-04
-1.1957656306202407e-04
-1.1882511057608585e-04
-1.1794815808958266e-04
-1.1719548183004938e-04
-1.1641988068748280e-04
-1.1557164797311320e-04
-1.1482316908706643e-04
-1.1402960244299470e-04
-1.1318984972085588e-04
-1.1243961407929966e-04
-1.1162091273724331e-04
-1.1082921888455651e-04
-1.1009216644667139e-04
-1.0924090278308661e-04
-1.0848532145597008e-04
-1.0773635753497240e-04
-1.0687106753170858e-04
-1.0616799715125435e-04
-1.0538388340413163e-04
-1.0457866001952653e-04
-1.0387739090167679e-04
-1.0302774662061588e-04
-1.0230376634748731e-04
-1.0157486872173084e-04
-1.0075265634631238e-04
-1.0006422630565813e-04
-9.9268391665069625e-05
-9.8515104767987161e-05
-9.7820334345032964e-05
-9.7003788849032679e-05
-9.6324915987009043e-05
-9.5552256738676755e-05
-9.4825618558624976e-05
-9.4105706876429713e-05
-9.3339197411348738e-05
-9.2665466134668429e-05
-9.1873707207854215e-05
-9.1205421120124983e-05
-9.0464773832569373e-05
-8.9729444071310425e-05
-8.9070664779636422e-05
-8.8270122337935701e-05
-8.7641664196164075e-05
-8.6869236567312490e-05
-8.6203144457380385e-05
-8.5486181934387926e-05
-8.4776609464572102e-05
-8.4092386248214640e-05
-8.3367367242313480e-05
-8.2720969187849219e-05
-8.1956248611350635e-05
-8.1341048091008775e-05
-8.0578857119626671e-05
-7.9938077878868304e-05
-7.9224209064932127e-05
-7.8546400550999246e-05
-7.7867574101054285e-05
-7.7178474255775858e-05
-7.6512485449490788e-05
-7.5814518790987643e-05
-7.5162572401216238e-05
-7.4442544876471867e-05
-7.3826145569181174e-05
-7.3082458171073146e-05
-7.2482568482248405e-05
-7.1743714326813650e-05
-7.1141628986099196e-05
-7.0404187176797267e-05
-6.9804219013898906e-05
-6.9058962931125843e-05
-6.8476861153066377e-05
-6.7723965142308618e-05
-6.7142824059040462e-05
-6.6403866930740907e-05
-6.5811787453665422e-05
-6.5081529846681594e-05
-6.4481155574197657e-05
-6.3753352267275758e-05
-6.3158709099297517e-05
-6.2432034428012403e-05
-6.1826438793895764e-05
-6.1126168979538950e-05
-6.0491962672771448e-05
-5.9821574747776494e-05
-5.9162635776898068e-05
-5.8504103053677741e-05
-5.7835232197023014e-05
-5.7189599373910087e-05
-5.6502827957005448e-05
-5.5885040219437397e-05
-5.5162907969537255e-05
-5.4564290649741174e-05
-5.3841627397968371e-05
-5.3223923702021408e-05
-5.2534067964354910e-05
-5.1872728900566784e-05
-5.1226371345847986e-05
-5.0520635347201415e-05
-4.9909305391393800e-05
-4.9172696141372367e-05
-4.8550713117959738e-05
-4.7854606647888675e-05
-4.7190582525842803e-05
-4.6530389764940426e-05
-4.5825899506384358e-05
-4.5198543604329509e-05
-4.4456766363913799e-05
-4.3816716963573040e-05
-4.3120490827847835e-05
-4.2430045679094125e-05
-4.1779564013526605e-05
-4.1033134001177699e-05
-4.0381569635544678e-05
-3.9681584065203010e-05
-3.8977453697182013e-05
-3.8329891271037102e-05
-3.7635121888467684e-05
0.0000000000000000e+00
];
