%Vec Object:dSdr_b_aug_4090 1 MPI processes
%  type: seq
dSdr_b_aug_4090 = [
2.3488156836661342e+03
0.0000000000000000e+00
-1.0328399112107779e-06
-4.2567258563351890e-07
-2.6351516720115546e-07
-1.8668556135232751e-07
-1.4000981006168175e-07
-1.1116028369377489e-07
-9.1606295142190340e-08
-7.6873605010214463e-08
-6.5934176280051515e-08
-5.7548825354690939e-08
-5.0719091409622127e-08
-4.5186171534111054e-08
-4.0650187842041462e-08
-3.6825187038075915e-08
-3.3556690169590192e-08
-3.0767992113747166e-08
-2.8356837683386541e-08
-2.6284464450316210e-08
-2.3710096930251020e-06
-6.2008798182704421e-04
-6.8984480523557820e-04
-6.5174406662547998e-04
-6.0822437045752662e-04
-5.6622332140244082e-04
-5.2597384133694347e-04
-4.8533429763119749e-04
-4.4365085737032076e-04
-3.9912342360553648e-04
-3.5994350475521196e-04
-3.2229836985877950e-04
-2.8676870707819500e-04
-2.4930362557168254e-04
-2.1883307534814394e-04
-1.9231515002154678e-04
-1.6912071439022474e-04
-1.4721523605601636e-04
-1.3062353494194061e-04
-1.1803871677893285e-04
-1.0810022536495673e-04
-1.0008613107514088e-04
-9.5089122014416986e-05
-9.2037958064368643e-05
-9.0366487893102284e-05
-8.9964920043698461e-05
-9.0447844255876102e-05
-9.1453100354715281e-05
-9.2908967581265542e-05
-9.4874303084925186e-05
-9.6603301901723005e-05
-9.8416588165412940e-05
-1.0026130437755042e-04
-1.0203478963036886e-04
-1.0351903578200577e-04
-1.0484493231280277e-04
-1.0611428604034571e-04
-1.0713519538621233e-04
-1.0796963056480555e-04
-1.0863782087258976e-04
-1.0923513046773008e-04
-1.0962133612156287e-04
-1.0984462896206490e-04
-1.1001570324303086e-04
-1.1008572767251362e-04
-1.1002071222997758e-04
-1.0989273049720226e-04
-1.0970484938310036e-04
-1.0942832093694763e-04
-1.0909411398417911e-04
-1.0873949836334177e-04
-1.0833417212632491e-04
-1.0789492568209273e-04
-1.0739108797933518e-04
-1.0689754373286208e-04
-1.0637677810470706e-04
-1.0580831367438989e-04
-1.0526304264400650e-04
-1.0470730537504300e-04
-1.0407648262979335e-04
-1.0349266469132289e-04
-1.0290572172407054e-04
-1.0226102123792200e-04
-1.0166569746263387e-04
-1.0107417619802659e-04
-1.0038667476507119e-04
-9.9792144622050849e-05
-9.9178517824295506e-05
-9.8511895810947237e-05
-9.7918939559069794e-05
-9.7289896246164343e-05
-9.6627457214916326e-05
-9.6031406843891627e-05
-9.5381831983888644e-05
-9.4756521373461005e-05
-9.4171008147533460e-05
-9.3494367635951111e-05
-9.2898518541166064e-05
-9.2301491121339353e-05
-9.1614097311334440e-05
-9.1060795564332374e-05
-9.0434253818174983e-05
-8.9796521516378550e-05
-8.9242986129806960e-05
-8.8564113807471965e-05
-8.7993042934632394e-05
-8.7415270229252145e-05
-8.6760701312362881e-05
-8.6217250922625524e-05
-8.5586097169713265e-05
-8.4987826450864549e-05
-8.4438772249975251e-05
-8.3792125770026839e-05
-8.3253589776091785e-05
-8.2643588734590160e-05
-8.2067543554611747e-05
-8.1497039241567700e-05
-8.0892123968930591e-05
-8.0359005484223895e-05
-7.9731902348791593e-05
-7.9207172978649893e-05
-7.8619350773909811e-05
-7.8038898698080093e-05
-7.7523242837388866e-05
-7.6886299399165557e-05
-7.6395131963750545e-05
-7.5785709529789720e-05
-7.5258874957985597e-05
-7.4699168299285177e-05
-7.4137995413288050e-05
-7.3600528163428235e-05
-7.3032305234371837e-05
-7.2523870529436510e-05
-7.1924028059558920e-05
-7.1443034785578389e-05
-7.0844342028684713e-05
-7.0343292659140439e-05
-6.9784501587379034e-05
-6.9253336494817872e-05
-6.8723644914960965e-05
-6.8185619719520206e-05
-6.7664243084719516e-05
-6.7122496979232668e-05
-6.6612374442856392e-05
-6.6051243782556135e-05
-6.5574899813651208e-05
-6.4991717216641182e-05
-6.4530541786484674e-05
-6.3953908817762626e-05
-6.3486999407964150e-05
-6.2917476177982916e-05
-6.2451495945528503e-05
-6.1874950822580390e-05
-6.1426287024710278e-05
-6.0843179993518327e-05
-6.0396449992197587e-05
-5.9825605714800742e-05
-5.9369526999372140e-05
-5.8807322949805070e-05
-5.8346172841382354e-05
-5.7784842847736294e-05
-5.7332499757905157e-05
-5.6770218258769788e-05
-5.6309468309956602e-05
-5.5773056339995314e-05
-5.5286485817931245e-05
-5.4777611483054723e-05
-5.4271647704800055e-05
-5.3771387499861541e-05
-5.3261359787662320e-05
-5.2769991053559242e-05
-5.2248340426073011e-05
-5.1779720604850869e-05
-5.1231110288095928e-05
-5.0778574985634017e-05
-5.0229811389569197e-05
-4.9763396921743578e-05
-4.9242301919131508e-05
-4.8741413392794463e-05
-4.8257280462358811e-05
-4.7721646393630298e-05
-4.7264738586258336e-05
-4.6709413161109535e-05
-4.6241480182130657e-05
-4.5722180834979173e-05
-4.5222164733788603e-05
-4.4729476860089791e-05
-4.4201900971986219e-05
-4.3734131811565445e-05
-4.3180133552009495e-05
-4.2703144412172021e-05
-4.2183837122404659e-05
-4.1670204740626450e-05
-4.1186068912301750e-05
-4.0631669319124692e-05
-4.0146967990784654e-05
-3.9626693752150084e-05
-3.9103183795155529e-05
-3.8612669545735751e-05
-3.8050651241526821e-05
0.0000000000000000e+00
];
