%Vec Object:dSdr_b_aug_8330 1 MPI processes
%  type: seq
dSdr_b_aug_8330 = [
2.2898075704772759e+03
0.0000000000000000e+00
-6.9803601584828118e-07
-2.8807987343004084e-07
-1.7895728753666746e-07
-1.2688930443688817e-07
-9.4880783603107941e-08
-7.5089134362967767e-08
-6.1676188216121578e-08
-5.1607136006543810e-08
-4.4130677521204531e-08
-3.8398869365225420e-08
-3.3737459261144430e-08
-2.9962447112690985e-08
-2.6867573522860801e-08
-2.4259189402078106e-08
-2.2031772594878583e-08
-2.5766102594541571e-08
-2.4757620556662205e-04
-7.8281900355123952e-04
-7.4193243977128953e-04
-7.0311485345666094e-04
-6.6508513366005161e-04
-6.2719528140006329e-04
-5.8513296022380046e-04
-5.4451742164417672e-04
-5.0556745781754403e-04
-4.6622318589643804e-04
-4.2584470019289491e-04
-3.8267476236608183e-04
-3.4468271089828118e-04
-3.0815996737537464e-04
-2.7367548127516146e-04
-2.3730089070609869e-04
-2.0771171937677716e-04
-1.8195572361294170e-04
-1.5942571354976502e-04
-1.3814883101732678e-04
-1.2203366587742663e-04
-1.0981233953099713e-04
-1.0016858212342263e-04
-9.2399067560960049e-05
-8.7564069848534390e-05
-8.4624416872719919e-05
-8.3029049428531778e-05
-8.2673583058601792e-05
-8.3179281171551832e-05
-8.4194481667769852e-05
-8.5649510989596291e-05
-8.7608911394766804e-05
-8.9333639383303701e-05
-9.1140256851537691e-05
-9.2981468596514764e-05
-9.4756032025377398e-05
-9.6244795710651268e-05
-9.7580712647220123e-05
-9.8867153831679966e-05
-9.9907683211635640e-05
-1.0076498607729148e-04
-1.0146213777263732e-04
-1.0209340462713783e-04
-1.0251415774188255e-04
-1.0277587501999009e-04
-1.0299310686569566e-04
-1.0310541069558438e-04
-1.0308528643964184e-04
-1.0300708862892508e-04
-1.0287054462570815e-04
-1.0264381021304923e-04
-1.0236222263493186e-04
-1.0206367973958068e-04
-1.0171015560994767e-04
-1.0132293962450227e-04
-1.0088077189016070e-04
-1.0044038852664802e-04
-9.9972462526921044e-05
-9.9466633228355425e-05
-9.8974251251846170e-05
-9.8471203567082610e-05
-9.7904556314951804e-05
-9.7373780469839992e-05
-9.6840462680398431e-05
-9.6258123730942551e-05
-9.5715549515768027e-05
-9.5177158684348349e-05
-9.4552594461939186e-05
-9.4010601736894581e-05
-9.3450784138053488e-05
-9.2844494714332712e-05
-9.2303204353294608e-05
-9.1728817054516845e-05
-9.1125283121782494e-05
-9.0580454372794683e-05
-8.9987064753167080e-05
-8.9417028056587911e-05
-8.8881857421109568e-05
-8.8263228209702090e-05
-8.7720443512354440e-05
-8.7173890678957672e-05
-8.6545595516540762e-05
-8.6042048175940343e-05
-8.5467853330329629e-05
-8.4885763280491096e-05
-8.4381306567987864e-05
-8.3759166443973752e-05
-8.3238893658945135e-05
-8.2711326224370557e-05
-8.2112450199338247e-05
-8.1617163570399956e-05
-8.1040718522396499e-05
-8.0493945804260286e-05
-7.9993300073184052e-05
-7.9403095824254969e-05
-7.8911181237612988e-05
-7.8355216970540104e-05
-7.7829200393359475e-05
-7.7308330810801223e-05
-7.6757098853576851e-05
-7.6270693468001149e-05
-7.5698290754017928e-05
-7.5221252495233804e-05
-7.4684200450506961e-05
-7.4155200435269738e-05
-7.3687091764885039e-05
-7.3104497710781331e-05
-7.2658939794193849e-05
-7.2103669491154989e-05
-7.1623097858712915e-05
-7.1115633364224687e-05
-7.0603760512970553e-05
-7.0115047281814967e-05
-6.9598913804203307e-05
-6.9136312148395317e-05
-6.8591244083846052e-05
-6.8154836069060987e-05
-6.7610459331314126e-05
-6.7155829918730272e-05
-6.6648557532607012e-05
-6.6166109178740392e-05
-6.5685962037284625e-05
-6.5198125712997664e-05
-6.4724791070928977e-05
-6.4234943394684443e-05
-6.3771936586419148e-05
-6.3263593499661276e-05
-6.2833777785700022e-05
-6.2303916989667714e-05
-6.1888824348071319e-05
-6.1366083464282274e-05
-6.0944081475853541e-05
-6.0430343138415992e-05
-6.0008875740089182e-05
-5.9488378834120294e-05
-5.9084045259961603e-05
-5.8557344676776502e-05
-5.8155268279307008e-05
-5.7640273740461468e-05
-5.7229376864217578e-05
-5.6723002992658258e-05
-5.6308105718496312e-05
-5.5802081097571467e-05
-5.5397012867319567e-05
-5.4889345899526899e-05
-5.4476716705027837e-05
-5.3994741661231776e-05
-5.3557219066303735e-05
-5.3102003162811146e-05
-5.2646861450839899e-05
-5.2199183327848520e-05
-5.1741927489010532e-05
-5.1301809661232830e-05
-5.0835016936040078e-05
-5.0415955608774245e-05
-4.9924994837990577e-05
-4.9520993633834941e-05
-4.9030005975614395e-05
-4.8613856541813426e-05
-4.8148831476838025e-05
-4.7701252914747484e-05
-4.7271020216862630e-05
-4.6791904450315721e-05
-4.6386307194350198e-05
-4.5891217779258526e-05
-4.5474475333420416e-05
-4.5013929212486684e-05
-4.4568417441780562e-05
-4.4131399601891908e-05
-4.3662625034952611e-05
-4.3247907628105534e-05
-4.2756336809831044e-05
-4.2333576529687796e-05
-4.1873121985486488e-05
-4.1418337011690699e-05
-4.0989618812034258e-05
-4.0499251772986831e-05
-4.0070372404574362e-05
-3.9610506531761775e-05
-3.9148506118900803e-05
-3.8714400368918292e-05
-3.8219025617755565e-05
0.0000000000000000e+00
];
