%Vec Object:dSdr_b_aug_5720 1 MPI processes
%  type: seq
dSdr_b_aug_5720 = [
2.3216697348403641e+03
0.0000000000000000e+00
-8.6175286382896399e-07
-3.5613615931353491e-07
-2.2132273013467647e-07
-1.5721798960743937e-07
-1.1801615139794315e-07
-9.3778690570978434e-08
-7.7349614360026871e-08
-6.4982458979439721e-08
-5.5798081035999877e-08
-4.8757116507011841e-08
-4.3022265420119608e-08
-3.8375812667733177e-08
-3.4566180780785678e-08
-3.1353169840115210e-08
-2.8607110751410208e-08
-2.6263934536616404e-08
-2.4445356431759394e-08
-1.5807405245558586e-05
-7.3932080272375456e-04
-7.1766953589655965e-04
-6.7905756138382002e-04
-6.4044525784638434e-04
-5.9758618537695987e-04
-5.5622319734501316e-04
-5.1657240968855920e-04
-4.7652961075905548e-04
-4.3544737654876693e-04
-3.9154535521172080e-04
-3.5291269915958178e-04
-3.1578466158732724e-04
-2.8073652252343193e-04
-2.4377384148308352e-04
-2.1370935164325227e-04
-1.8754245515776181e-04
-1.6465412726897799e-04
-1.4303824941095864e-04
-1.2666609322362741e-04
-1.1424873938677531e-04
-1.0444603487783412e-04
-9.6544620907034178e-05
-9.1622252069915083e-05
-8.8622462309294613e-05
-8.6986053391486325e-05
-8.6605724919183697e-05
-8.7099141258995577e-05
-8.8108978806333528e-05
-8.9564459968210762e-05
-9.1527061140982352e-05
-9.3254092445865550e-05
-9.5064306422246392e-05
-9.6907408179741606e-05
-9.8681390242977513e-05
-1.0016771774641043e-04
-1.0149823085440633e-04
-1.0277545701821441e-04
-1.0380540558029523e-04
-1.0465037619866378e-04
-1.0533190937371285e-04
-1.0594486346621478e-04
-1.0634698549329681e-04
-1.0658798087033632e-04
-1.0678032041949522e-04
-1.0686982340668299e-04
-1.0682548979877712e-04
-1.0672044403446643e-04
-1.0655621445895205e-04
-1.0630262663964920e-04
-1.0599266197761958e-04
-1.0566387964195381e-04
-1.0528241917212636e-04
-1.0486714369891317e-04
-1.0439171798902122e-04
-1.0392266551163800e-04
-1.0342624364726357e-04
-1.0288663587048916e-04
-1.0236573137466020e-04
-1.0183426874249091e-04
-1.0123301231116493e-04
-1.0067363141407778e-04
-1.0011139412123736e-04
-9.9495424240469437e-05
-9.8924402733431080e-05
-9.8357359209230876e-05
-9.7698853600534168e-05
-9.7128527989653499e-05
-9.6539691646677843e-05
-9.5900865481742629e-05
-9.5331712240409879e-05
-9.4727849518803261e-05
-9.4092548676017672e-05
-9.3520096636288096e-05
-9.2896406897936799e-05
-9.2296561551587320e-05
-9.1734241677990459e-05
-9.1084327572712835e-05
-9.0512925794910016e-05
-8.9939152539325606e-05
-8.9278986087833480e-05
-8.8748606710666635e-05
-8.8146181723801716e-05
-8.7534084384370347e-05
-8.7003160051885462e-05
-8.6350424841537653e-05
-8.5802757174540748e-05
-8.5248114558096632e-05
-8.4619203934009800e-05
-8.4097943088452728e-05
-8.3491994203271336e-05
-8.2917449147513580e-05
-8.2390697230861387e-05
-8.1770054272154816e-05
-8.1252997244312709e-05
-8.0667891505350586e-05
-8.0114895021777096e-05
-7.9567257944118422e-05
-7.8987075131897023e-05
-7.8475477856830450e-05
-7.7873575773178868e-05
-7.7370818193108764e-05
-7.6806386328094335e-05
-7.6249638750687293e-05
-7.5755888374281726e-05
-7.5143984261543737e-05
-7.4673829605200083e-05
-7.4089355620229853e-05
-7.3583834865231164e-05
-7.3048196714185518e-05
-7.2509736866413515e-05
-7.1994731099593370e-05
-7.1450506322051603e-05
-7.0963187379373429e-05
-7.0388580047228962e-05
-6.9928127665918742e-05
-6.9354458863677904e-05
-6.8874795651249833e-05
-6.8339739773814104e-05
-6.7831018989716749e-05
-6.7324153048254349e-05
-6.6809250388178077e-05
-6.6310007199752967e-05
-6.5792171241005475e-05
-6.5303755411587512e-05
-6.4766944536332892e-05
-6.4312036619716242e-05
-6.3753419932237703e-05
-6.3313475323758728e-05
-6.2761671000689342e-05
-6.2315450909184505e-05
-6.1771628361373176e-05
-6.1326155657292166e-05
-6.0775432533368971e-05
-6.0347192133934939e-05
-5.9790072143167202e-05
-5.9363914525552781e-05
-5.8818800807523983e-05
-5.8383537840125355e-05
-5.7847055339082014e-05
-5.7407214398197446e-05
-5.6871364170948244e-05
-5.6440801107471438e-05
-5.5903681098300036e-05
-5.5465100889769512e-05
-5.4953768586806375e-05
-5.4489794964993376e-05
-5.4005641638469077e-05
-5.3523092127019056e-05
-5.3047057047624297e-05
-5.2561341901376040e-05
-5.2093585009640825e-05
-5.1597208006904772e-05
-5.1151420320267576e-05
-5.0629369772261346e-05
-5.0199194660148791e-05
-4.9677049069276087e-05
-4.9233792259251484e-05
-4.8738529298501723e-05
-4.8262201271238099e-05
-4.7802900789116340e-05
-4.7293305348777997e-05
-4.6860036914341852e-05
-4.6332462925811450e-05
-4.5888114052826453e-05
-4.5395883041467559e-05
-4.4920977789355773e-05
-4.4453937846694492e-05
-4.3953452546778179e-05
-4.3510125142469760e-05
-4.2984888191338322e-05
-4.2532883292686537e-05
-4.2040690671999503e-05
-4.1554170736792396e-05
-4.1095567599486521e-05
-4.0570670340588789e-05
-4.0111689861098940e-05
-3.9619252070535853e-05
-3.9124092462760240e-05
-3.8659601141866256e-05
-3.8128474733945946e-05
0.0000000000000000e+00
];
