%Vec Object:dSdr_b_aug_2200 1 MPI processes
%  type: seq
dSdr_b_aug_2200 = [
2.4033157937508945e+03
0.0000000000000000e+00
-1.5117581482802903e-06
-6.2070159629958784e-07
-3.8185454752748577e-07
-2.6959701493570666e-07
-2.0233265345644276e-07
-1.6077989287463618e-07
-1.3261590714309580e-07
-1.1133272975891224e-07
-9.5531455469717627e-08
-8.3421729101879668e-08
-7.3550500360057342e-08
-6.5552793629177153e-08
-5.8996650525195059e-08
-5.3467269306091847e-08
-4.8741435194437785e-08
-4.4709500887354118e-08
-4.1223442617058632e-08
-3.8146613283414322e-08
-3.5451052471498747e-08
-3.3075148965704266e-08
-4.4260199361980557e-08
-5.4440549232248718e-05
-6.0313554546614749e-04
-5.8307494470146576e-04
-5.4241420050535826e-04
-5.0075358069279099e-04
-4.5801845033433350e-04
-4.1239574849031262e-04
-3.7225735397942267e-04
-3.3370656897764323e-04
-2.9733355949837194e-04
-2.5898856748238236e-04
-2.2780683796304113e-04
-2.0067411628571396e-04
-1.7694355969435677e-04
-1.5453087147858458e-04
-1.3755465660948943e-04
-1.2467653926689107e-04
-1.1450022887788534e-04
-1.0628878475469117e-04
-1.0116104969782812e-04
-9.8019908138017651e-05
-9.6287031014064575e-05
-9.5848263998551597e-05
-9.6312811906024720e-05
-9.7310043742078971e-05
-9.8766586875354448e-05
-1.0073671117712109e-04
-1.0246915592102214e-04
-1.0428782302440579e-04
-1.0613536680810850e-04
-1.0790798193594752e-04
-1.0938858277982311e-04
-1.1070639377909549e-04
-1.1196195962104858e-04
-1.1296703757022634e-04
-1.1378302084899444e-04
-1.1442784229399801e-04
-1.1499775183697657e-04
-1.1535608110483267e-04
-1.1554836926474461e-04
-1.1568219906274919e-04
-1.1571810828894459e-04
-1.1561687022001168e-04
-1.1544871795141757e-04
-1.1521941305156029e-04
-1.1490270592860708e-04
-1.1452604055604208e-04
-1.1412618003403977e-04
-1.1367905483933349e-04
-1.1319782518847492e-04
-1.1264422622207757e-04
-1.1210778664788105e-04
-1.1154438491588236e-04
-1.1092538045320095e-04
-1.1033743344738042e-04
-1.0973918115841066e-04
-1.0905657550818551e-04
-1.0842995817209667e-04
-1.0779974532152331e-04
-1.0710472563755525e-04
-1.0646683851270318e-04
-1.0583244657565017e-04
-1.0509416144137900e-04
-1.0445723912890599e-04
-1.0380019397052693e-04
-1.0308488991251735e-04
-1.0245024472471153e-04
-1.0177709976428802e-04
-1.0106713052551628e-04
-1.0042974969937408e-04
-9.9734839271141521e-05
-9.9064928437134179e-05
-9.8438794044031707e-05
-9.7715344529909859e-05
-9.7076678059436524e-05
-9.6438922967947323e-05
-9.5703842783375953e-05
-9.5110394474790129e-05
-9.4441614323134408e-05
-9.3758984640000061e-05
-9.3165847984489708e-05
-9.2441198811063158e-05
-9.1829139285876931e-05
-9.1210856269433846e-05
-9.0511349113672502e-05
-8.9929035696431297e-05
-8.9253737840564424e-05
-8.8613913717679467e-05
-8.8025799037413775e-05
-8.7333609685165078e-05
-8.6757455183820306e-05
-8.6103852220299063e-05
-8.5487439289070740e-05
-8.4876885039011132e-05
-8.4228653051360324e-05
-8.3657842078598219e-05
-8.2986601533823804e-05
-8.2423390525559597e-05
-8.1794602218356708e-05
-8.1172633819703564e-05
-8.0618612453716140e-05
-7.9937814862917462e-05
-7.9409845420561721e-05
-7.8756727999275422e-05
-7.8192564183075203e-05
-7.7590703680671154e-05
-7.6989750939821425e-05
-7.6412944413876976e-05
-7.5802690870124283e-05
-7.5257273806012112e-05
-7.4613234252914930e-05
-7.4096265458270115e-05
-7.3453745492165452e-05
-7.2915240200521165e-05
-7.2314879076336097e-05
-7.1744404808402249e-05
-7.1174736190196186e-05
-7.0596213970987507e-05
-7.0036072619220917e-05
-6.9452450064940691e-05
-6.8904310216515957e-05
-6.8300585670900767e-05
-6.7786698426606430e-05
-6.7160490889431833e-05
-6.6662131637708864e-05
-6.6042013580792445e-05
-6.5538868757963051e-05
-6.4924333156688723e-05
-6.4422435914374842e-05
-6.3800665959979835e-05
-6.3316232514256507e-05
-6.2687611614285291e-05
-6.2204851049383597e-05
-6.1588942128151840e-05
-6.1096406640665638e-05
-6.0489153753364712e-05
-5.9990682718267052e-05
-5.9384727376890469e-05
-5.8894238723585729e-05
-5.8287889345942694e-05
-5.7788311322614718e-05
-5.7207974821579784e-05
-5.6681828140321240e-05
-5.6129657484728293e-05
-5.5582686060443953e-05
-5.5039998094936018e-05
-5.4487389517431122e-05
-5.3954667216521723e-05
-5.3388752606973620e-05
-5.2880144912224597e-05
-5.2285018167536687e-05
-5.1793321695976678e-05
-5.1197939835173774e-05
-5.0690967687426864e-05
-5.0124631176167853e-05
-4.9580728269848659e-05
-4.9053104820775336e-05
-4.8471867914972629e-05
-4.7973559571398423e-05
-4.7369631991415649e-05
-4.6860395897829604e-05
-4.6293691554963054e-05
-4.5749699363277046e-05
-4.5212095440924024e-05
-4.4637077742584851e-05
-4.4126507156355666e-05
-4.3522143861582512e-05
-4.3001407177026495e-05
-4.2434624509966805e-05
-4.1873525784616370e-05
-4.1344698572526691e-05
-4.0738669191792951e-05
-4.0208986784636485e-05
-3.9640080562872982e-05
-3.9067175054426586e-05
-3.8531807392805060e-05
-3.7919528865504329e-05
0.0000000000000000e+00
];
