%Vec Object:dSdr_b_aug_9150 1 MPI processes
%  type: seq
dSdr_b_aug_9150 = [
2.2781425220921838e+03
0.0000000000000000e+00
-6.5020785654721203e-07
-2.6937096711013911e-07
-1.6806492209580395e-07
-1.1965329055092993e-07
-8.9787205602072512e-08
-7.1314990880699255e-08
-5.8793783137809955e-08
-4.9386902718636179e-08
-4.2400201230489997e-08
-3.7043243909271854e-08
-3.2682383097627172e-08
-2.9149339921056772e-08
-2.6252399487208994e-08
-2.3809361080120182e-08
-2.1726446727343892e-08
-2.0862759145903006e-06
-7.7357976674841112e-04
-7.8000761045006136e-04
-7.3820231816063193e-04
-6.9956390673774006e-04
-6.6171316589470951e-04
-6.2399815198687974e-04
-5.8212809074233162e-04
-5.4169290635273514e-04
-5.0291204606411628e-04
-4.6373632347396823e-04
-4.2352764701663004e-04
-3.8053435547040769e-04
-3.4269687710120772e-04
-3.0632018651327109e-04
-2.7197170566856566e-04
-2.3573901695558670e-04
-2.0626453644664823e-04
-1.8060768820728237e-04
-1.5816413793547931e-04
-1.3696905246911583e-04
-1.2091589730272782e-04
-1.0874187087190632e-04
-9.9136466156617384e-05
-9.1398777877726880e-05
-8.6584862094107835e-05
-8.3659719598039989e-05
-8.2074255075041452e-05
-8.1724787662861305e-05
-8.2233449194915121e-05
-8.3249943652731587e-05
-8.4704863874386895e-05
-8.6663491901147209e-05
-8.8387664082699061e-05
-9.0193413708249606e-05
-9.2034169377225807e-05
-9.3808873057374070e-05
-9.5298224549720121e-05
-9.6635445366256988e-05
-9.7924110044372099e-05
-9.8967192476438802e-05
-9.9827471002544060e-05
-1.0052839131281510e-04
-1.0116407688359767e-04
-1.0158932552543416e-04
-1.0185604282933720e-04
-1.0207928098678643e-04
-1.0219708647702907e-04
-1.0218280374501093e-04
-1.0211108413364818e-04
-1.0198122044143248e-04
-1.0176096554504104e-04
-1.0148622513560400e-04
-1.0119497878197036e-04
-1.0084819547369056e-04
-1.0046775002456618e-04
-1.0003360718308980e-04
-9.9600141454769524e-05
-9.9139091286810672e-05
-9.8641412475411634e-05
-9.8155912762770285e-05
-9.7659721385821543e-05
-9.7101425063539248e-05
-9.6577551397496964e-05
-9.6051211662103730e-05
-9.5476987599208893e-05
-9.4941277497343149e-05
-9.4409800341096670e-05
-9.3793425916249861e-05
-9.3258269699665589e-05
-9.2705454101927381e-05
-9.2107015545842450e-05
-9.1572448284866269e-05
-9.1005173180747683e-05
-9.0409304361521508e-05
-8.9871140901791937e-05
-8.9285062470132918e-05
-8.8722218373818779e-05
-8.8193598642563703e-05
-8.7582518238316277e-05
-8.7046638624741258e-05
-8.6506653872038777e-05
-8.5886049009828270e-05
-8.5388976035504985e-05
-8.4821592911763069e-05
-8.4246743399705299e-05
-8.3748673129224044e-05
-8.3133915374165578e-05
-8.2620252772732668e-05
-8.2099218380619714e-05
-8.1507589483436799e-05
-8.1018570242456312e-05
-8.0449244253616412e-05
-7.9909172796856763e-05
-7.9414826297200011e-05
-7.8831966685569366e-05
-7.8346118786297650e-05
-7.7797186142952547e-05
-7.7277679620036882e-05
-7.6763268838629333e-05
-7.6219022511133348e-05
-7.5738695745136727e-05
-7.5173411013726627e-05
-7.4702578640179653e-05
-7.4172133146935637e-05
-7.3649828416711490e-05
-7.3187906904120475e-05
-7.2612385154229502e-05
-7.2172762253282005e-05
-7.1624538586950162e-05
-7.1149986998015862e-05
-7.0649320603212849e-05
-7.0143863002743265e-05
-6.9661493971404765e-05
-6.9152138722294832e-05
-6.8695501171110246e-05
-6.8157560719516748e-05
-6.7726954439309658e-05
-6.7189645666962587e-05
-6.6741056732572026e-05
-6.6240488305132673e-05
-6.5764379302600344e-05
-6.5290679218592943e-05
-6.4809373810043299e-05
-6.4342290718264039e-05
-6.3859196417630654e-05
-6.3402320629032466e-05
-6.2900846620342257e-05
-6.2477085481255488e-05
-6.1954163281819499e-05
-6.1545067249376906e-05
-6.1029339172696698e-05
-6.0613180848510989e-05
-6.0106701624324846e-05
-5.9691026545711730e-05
-5.9177823020464042e-05
-5.8779258005518210e-05
-5.8259897420709406e-05
-5.7863631665167368e-05
-5.7355904684590583e-05
-5.6950887190582645e-05
-5.6451778334977950e-05
-5.6042899811275535e-05
-5.5544071918893606e-05
-5.5145155435632798e-05
-5.4644595304023037e-05
-5.4238227934725075e-05
-5.3763336621114081e-05
-5.3332196507259097e-05
-5.2883963037415704e-05
-5.2435434676504645e-05
-5.1994598933524240e-05
-5.1544210176493979e-05
-5.1110761517546548e-05
-5.0651107333519731e-05
-5.0238494960031168e-05
-4.9755036012578215e-05
-4.9357350477815195e-05
-4.8873881109480195e-05
-4.8464272608425758e-05
-4.8006543863235393e-05
-4.7565902491416095e-05
-4.7142683812612217e-05
-4.6670922770171654e-05
-4.6272002598004629e-05
-4.5784751742763112e-05
-4.5374670839996335e-05
-4.4921770423351118e-05
-4.4483351528791394e-05
-4.4053578338791787e-05
-4.3592455998381950e-05
-4.3184642791847627e-05
-4.2701196407520439e-05
-4.2285493987639062e-05
-4.1832699410662939e-05
-4.1385574334924696e-05
-4.0964070720285906e-05
-4.0482041004054085e-05
-4.0060433671874920e-05
-3.9608443239061113e-05
-3.9154478086416435e-05
-3.8727800196503938e-05
-3.8241562286218782e-05
0.0000000000000000e+00
];
