%Vec Object:dSdr_b_aug_310 1 MPI processes
%  type: seq
dSdr_b_aug_310 = [
2.5606582785544256e+03
0.0000000000000000e+00
-5.0379867898357785e-06
-2.0349781801582389e-06
-1.2213003715492842e-06
-8.5032390532678990e-07
-6.3824924312560577e-07
-5.0751363600263896e-07
-4.1892171240880215e-07
-3.5129751925005427e-07
-3.0112018589698991e-07
-2.6269133712410040e-07
-2.3130547028084196e-07
-2.0587487843716031e-07
-1.8503504177400169e-07
-1.6745756887595267e-07
-1.5243276723138666e-07
-1.3961711322220995e-07
-1.2853877744440406e-07
-1.1876212868958080e-07
-1.1019861239217562e-07
-1.0264742168844391e-07
-9.5858868079002230e-08
-8.9790574352744425e-08
-8.4346840875725562e-08
-7.9406850739901599e-08
-7.4914648289263472e-08
-7.0831914811160335e-08
-6.7096516738044305e-08
-6.3656759741158459e-08
-6.0498992683745974e-08
-5.7622646243497804e-08
-5.6037818205019544e-08
-7.8832751015945579e-08
-5.2868461075633815e-07
-4.9346136916931770e-06
-2.8505476645095242e-05
-7.8423912532684742e-05
-1.1367104331034272e-04
-1.2399018366257260e-04
-1.2331201676863177e-04
-1.1920171308840660e-04
-1.1593407684980811e-04
-1.1367592896093426e-04
-1.1238055008575659e-04
-1.1218010629092906e-04
-1.1279160627764201e-04
-1.1388383365435205e-04
-1.1541284660833372e-04
-1.1743881137593604e-04
-1.1920655068381198e-04
-1.2105586773323490e-04
-1.2292058677485797e-04
-1.2469607963914184e-04
-1.2616941615779876e-04
-1.2746595746104792e-04
-1.2868316461689871e-04
-1.2964358708054361e-04
-1.3040715864651192e-04
-1.3098535513290618e-04
-1.3147702403681815e-04
-1.3175570075504611e-04
-1.3185936182177107e-04
-1.3188670420369181e-04
-1.3182506556028172e-04
-1.3162024777416595e-04
-1.3133722295455039e-04
-1.3098945988691609e-04
-1.3055785429010524e-04
-1.3005977052415796e-04
-1.2953052280153282e-04
-1.2896386462155838e-04
-1.2836257500553234e-04
-1.2766667311004147e-04
-1.2700756512117701e-04
-1.2632223627818723e-04
-1.2555870183199449e-04
-1.2484871371120322e-04
-1.2412888060411373e-04
-1.2329819067639282e-04
-1.2254917911399873e-04
-1.2179522660997629e-04
-1.2095630835699914e-04
-1.2019670209514518e-04
-1.1943971218717511e-04
-1.1855620020108156e-04
-1.1779804832848478e-04
-1.1701683902762511e-04
-1.1616231827736465e-04
-1.1540845461583713e-04
-1.1460919156207024e-04
-1.1376329958454002e-04
-1.1300772547474909e-04
-1.1218316834894345e-04
-1.1138571369367373e-04
-1.1064341440600378e-04
-1.0978610464750227e-04
-1.0902499280120452e-04
-1.0827076827727842e-04
-1.0739931885735483e-04
-1.0669106293424829e-04
-1.0590149349743502e-04
-1.0509047102227865e-04
-1.0438408688266794e-04
-1.0352852991799760e-04
-1.0279925542557720e-04
-1.0206512536660907e-04
-1.0123710863036151e-04
-1.0054365892910497e-04
-9.9742122504367349e-05
-9.8983468450139150e-05
-9.8283652867737784e-05
-9.7461224922013788e-05
-9.6777493155379108e-05
-9.5999202161971910e-05
-9.5267349977613656e-05
-9.4542265343401674e-05
-9.3770160978033548e-05
-9.3091561251364943e-05
-9.2294101425094242e-05
-9.1620844962130965e-05
-9.0874906399035022e-05
-9.0134214296022728e-05
-8.9470479637236526e-05
-8.8664272896915735e-05
-8.8031061341763833e-05
-8.7252989978802098e-05
-8.6582076362933303e-05
-8.5859669172463663e-05
-8.5144958673610992e-05
-8.4455654338829204e-05
-8.3725206594835005e-05
-8.3074031859413082e-05
-8.2303602724936354e-05
-8.1683755580163930e-05
-8.0915903835754199e-05
-8.0270286767085530e-05
-7.9551048734657556e-05
-7.8868163032261144e-05
-7.8184173136473686e-05
-7.7489842689464896e-05
-7.6818847040546924e-05
-7.6115471623841325e-05
-7.5458614945622671e-05
-7.4733086014428467e-05
-7.4111837664946992e-05
-7.3362593205355165e-05
-7.2757900924024451e-05
-7.2013430220156419e-05
-7.1406664708273301e-05
-7.0663409069631072e-05
-7.0058801872149639e-05
-6.9307704568309205e-05
-6.8720982918993667e-05
-6.7962208458720986e-05
-6.7376413838993496e-05
-6.6631636324078789e-05
-6.6034848302893532e-05
-6.5298772397119907e-05
-6.4693578013251058e-05
-6.3960011163418704e-05
-6.3360441430391009e-05
-6.2628075289023507e-05
-6.2017465008022403e-05
-6.1311522318633138e-05
-6.0672204832100355e-05
-5.9996225271978595e-05
-5.9331990338521942e-05
-5.8667978290575948e-05
-5.7993608409336222e-05
-5.7342635165417604e-05
-5.6650147507264590e-05
-5.6027195945665513e-05
-5.5299056758331928e-05
-5.4695382656237450e-05
-5.3966699622296780e-05
-5.3343759122320858e-05
-5.2648061837761767e-05
-5.1981169148479480e-05
-5.1329196775303486e-05
-5.0617573516140957e-05
-5.0000899502979414e-05
-4.9258016605922510e-05
-4.8630703338168983e-05
-4.7928479363465676e-05
-4.7258781684355347e-05
-4.6592795333451581e-05
-4.5882187090530872e-05
-4.5249314919676098e-05
-4.4501047893688350e-05
-4.3855367989554911e-05
-4.3153036717278305e-05
-4.2456497908347278e-05
-4.1800297367627490e-05
-4.1047280726822324e-05
-4.0390040425864158e-05
-3.9684017456547616e-05
-3.8974027925893318e-05
-3.8322139247788190e-05
-3.7628690763116364e-05
0.0000000000000000e+00
];
