%Vec Object:dSdr_b_aug_9970 1 MPI processes
%  type: seq
dSdr_b_aug_9970 = [
2.2733236069649083e+03
0.0000000000000000e+00
-6.3100635074537558e-07
-2.6155079462285787e-07
-1.6329481689236816e-07
-1.1631667243082247e-07
-8.7306789633753748e-08
-6.9363108108885071e-08
-5.7199915799768097e-08
-4.8062863814056510e-08
-4.1276320999687039e-08
-3.6072689584870809e-08
-3.1836466034248716e-08
-2.8404276945424353e-08
-2.5589959321226693e-08
-2.3216477671254219e-08
-2.1240369751584903e-08
-1.9266654063121353e-05
-8.0992862529033146e-04
-7.7623963287064453e-04
-7.3446238375104035e-04
-6.9600990907647939e-04
-6.5833836393903013e-04
-6.2079833624885329e-04
-5.7912069649245391e-04
-5.3886601782644186e-04
-5.0025440315565382e-04
-4.6124737150939386e-04
-4.2120864696842540e-04
-3.7839215011542716e-04
-3.4070937471232998e-04
-3.0447885976760759e-04
-2.7026649844424710e-04
-2.3417583080492655e-04
-2.0481613793517083e-04
-1.7925852046914742e-04
-1.5690150227828340e-04
-1.3578828254428221e-04
-1.1979718944648825e-04
-1.0767050266904168e-04
-9.8103482867755796e-05
-9.0397647611793926e-05
-8.5604831471576786e-05
-8.2694211650222242e-05
-8.1118658373286910e-05
-8.0775194964683732e-05
-8.1286822411736091e-05
-8.2304611924471371e-05
-8.3759422960484449e-05
-8.5717277966059302e-05
-8.7440893879214154e-05
-8.9245774938230139e-05
-9.1086074152985593e-05
-9.2860918206855264e-05
-9.4350858004323354e-05
-9.5689383800174704e-05
-9.6980273843680652e-05
-9.8025911476181733e-05
-9.8889168165872891e-05
-9.9593860260195971e-05
-1.0023396826242690e-04
-1.0066371621085758e-04
-1.0093543774374667e-04
-1.0116468726146995e-04
-1.0128799903647870e-04
-1.0127956273820547e-04
-1.0121432677083863e-04
-1.0109114900399448e-04
-1.0087737906943582e-04
-1.0060949158305913e-04
-1.0032554790301743e-04
-9.9985511080988537e-05
-9.9611841857988044e-05
-9.9185730653000322e-05
-9.8759188373158957e-05
-9.8305019815083915e-05
-9.7815498339852238e-05
-9.7336886674513276e-05
-9.6847557366971454e-05
-9.6297618991821507e-05
-9.5780653304906112e-05
-9.5261297487333996e-05
-9.4695195129874526e-05
-9.4166354909297852e-05
-9.3641797237822925e-05
-9.3033619492260524e-05
-9.2505305528854925e-05
-9.1959497815944288e-05
-9.1368916724390365e-05
-9.0841078212839247e-05
-9.0280921279623210e-05
-8.9692724014674177e-05
-8.9161231444937945e-05
-8.8582470344615930e-05
-8.8026824892292548e-05
-8.7504761569837379e-05
-8.6901236315707901e-05
-8.6372267588024823e-05
-8.5838856434974426e-05
-8.5225948334763838e-05
-8.4735355166917043e-05
-8.4174789488019377e-05
-8.3607186596337531e-05
-8.3115508132883311e-05
-8.2508138948495142e-05
-8.2001092083602343e-05
-8.1486596222062063e-05
-8.0902220540759746e-05
-8.0419473952616252e-05
-7.9857273003333174e-05
-7.9323908437299573e-05
-7.8835866460625050e-05
-7.8260357656131842e-05
-7.7780581540361741e-05
-7.7238686427551811e-05
-7.6725695427474743e-05
-7.6217748872701391e-05
-7.5680494043006883e-05
-7.5206251002597394e-05
-7.4648090232957873e-05
-7.4183468957515444e-05
-7.3659635565194516e-05
-7.3144031743940704e-05
-7.2688302586161252e-05
-7.2119859081096942e-05
-7.1686176180883255e-05
-7.1145005070222519e-05
-7.0676478581214872e-05
-7.0182615996163081e-05
-6.9683579034822548e-05
-6.9207559531901691e-05
-6.8704988204483939e-05
-6.8254319767057994e-05
-6.7723512915006449e-05
-6.7298713241966781e-05
-6.6768478371340622e-05
-6.6325934988156694e-05
-6.5832076149742805e-05
-6.5362311822473009e-05
-6.4895064210239266e-05
-6.4420295202100527e-05
-6.3959468910466231e-05
-6.3483133656799836e-05
-6.3032394036228412e-05
-6.2537794873901754e-05
-6.2120093393573428e-05
-6.1604115617128842e-05
-6.1201021228725469e-05
-6.0692311847568630e-05
-6.0282002093647951e-05
-5.9782788077693874e-05
-5.9372910181270563e-05
-5.8867006160059290e-05
-5.8474214546380732e-05
-5.7962200121898225e-05
-5.7571749885141072e-05
-5.7071296563317987e-05
-5.6672163385487738e-05
-5.6180325643473112e-05
-5.5777470920483298e-05
-5.5285845796038536e-05
-5.4893086220840862e-05
-5.4399638888231597e-05
-5.3999538596546190e-05
-5.3531736955300278e-05
-5.3106984674864191e-05
-5.2665739494237212e-05
-5.2223830028945137e-05
-5.1789842401957376e-05
-5.1346326482297841e-05
-5.0919552580206024e-05
-5.0467042918191099e-05
-5.0060884898409510e-05
-4.9584934056689401e-05
-4.9193569475220332e-05
-4.8717624688247787e-05
-4.8314562587590505e-05
-4.7864136260855634e-05
-4.7430437872246814e-05
-4.7014239065283392e-05
-4.6549838879911598e-05
-4.6157601348633763e-05
-4.5678195577080551e-05
-4.5274781742374556e-05
-4.4829533368431270e-05
-4.4398213207473958e-05
-4.3975690631086010e-05
-4.3522226794981986e-05
-4.3121323401437922e-05
-4.2646008036425479e-05
-4.2237369095138847e-05
-4.1792240503523376e-05
-4.1352781184122374e-05
-4.0938497384238315e-05
-4.0464810724381187e-05
-4.0050479458688780e-05
-3.9606367294012058e-05
-3.9160436061050873e-05
-3.8741169442806737e-05
-3.8263954170919898e-05
0.0000000000000000e+00
];
