%Vec Object:dSdr_b_aug_5900 1 MPI processes
%  type: seq
dSdr_b_aug_5900 = [
2.3198756780686404e+03
0.0000000000000000e+00
-8.5141368591230478e-07
-3.5187176577160015e-07
-2.1869275031181509e-07
-1.5535109340857166e-07
-1.1660138736471013e-07
-9.2643212979177107e-08
-7.6403543590944074e-08
-6.4180494040215564e-08
-5.5103165666023869e-08
-4.8144248289824112e-08
-4.2476544649716361e-08
-3.7884567888174055e-08
-3.4119612213339554e-08
-3.0944355151753026e-08
-2.8230639771469675e-08
-2.5915075861641160e-08
-2.4391062753877772e-08
-3.2828984062017147e-05
-7.4664278609467096e-04
-7.1651112517733180e-04
-6.7788726037338156e-04
-6.3933470443158585e-04
-5.9654239781228163e-04
-5.5524205813014160e-04
-5.1565001118925795e-04
-4.7566576047627078e-04
-4.3464251213254552e-04
-3.9080185160919633e-04
-3.5222288891036276e-04
-3.1514558507989606e-04
-2.8014468954040103e-04
-2.4323130029680424e-04
-2.1320665008131535e-04
-1.8707419393464554e-04
-1.6421589906074444e-04
-1.4262843464791738e-04
-1.2627781857579590e-04
-1.1387689509244444e-04
-1.0408751298370366e-04
-9.6197154366447333e-05
-9.1282108670903342e-05
-8.8287359361172632e-05
-8.6654390390026798e-05
-8.6276145764444919e-05
-8.6770591510717683e-05
-8.7780878552689735e-05
-8.9236321921105317e-05
-9.1198654886925142e-05
-9.2925493132316701e-05
-9.4735405658288678e-05
-9.6578348998372474e-05
-9.8352379787124367e-05
-9.9838911480880845e-05
-1.0116987751768541e-04
-1.0244787605193654e-04
-1.0347871146121858e-04
-1.0432471572594768e-04
-1.0500755799200492e-04
-1.0562204699800628e-04
-1.0602573061970032e-04
-1.0626846283651359e-04
-1.0646288877422701e-04
-1.0655430285131241e-04
-1.0651199838996874e-04
-1.0640920293110503e-04
-1.0624729386751172e-04
-1.0599595681082061e-04
-1.0568837062103066e-04
-1.0536212285416960e-04
-1.0498300391497191e-04
-1.0457008029424491e-04
-1.0409744215688556e-04
-1.0363079262888413e-04
-1.0313675919274458e-04
-1.0259998261538658e-04
-1.0208146878194931e-04
-1.0155238779586651e-04
-1.0095403219063566e-04
-1.0039704887361125e-04
-9.9837235517129236e-05
-9.9224084469009136e-05
-9.8655447319157230e-05
-9.8090805368178117e-05
-9.7435144613491976e-05
-9.6867193770698955e-05
-9.6280789682210146e-05
-9.5644690638616318e-05
-9.5077872771110277e-05
-9.4476480581309334e-05
-9.3843842335215050e-05
-9.3273705587736743e-05
-9.2652555504509301e-05
-9.2055208619991913e-05
-9.1495164305155748e-05
-9.0847872395616975e-05
-9.0278869206277679e-05
-8.9707377475897938e-05
-8.9049882369878194e-05
-8.8521751964729486e-05
-8.7921693134779811e-05
-8.7312110907325946e-05
-8.6783405003456118e-05
-8.6133234172289724e-05
-8.5587862653960112e-05
-8.5035489389988374e-05
-8.4409096166935131e-05
-8.3890012394609791e-05
-8.3286536423782850e-05
-8.2714319153838931e-05
-8.2189755371666376e-05
-8.1571663685280313e-05
-8.1056714014085586e-05
-8.0474050817294006e-05
-7.9923315700654353e-05
-7.9377922186328652e-05
-7.8800165939452464e-05
-7.8290680165721309e-05
-7.7691250622139468e-05
-7.7190648751022112e-05
-7.6628511772516630e-05
-7.6074089904547000e-05
-7.5582488731699177e-05
-7.4973041291744006e-05
-7.4504948253404431e-05
-7.3922922025113107e-05
-7.3419492423745656e-05
-7.2886215696114391e-05
-7.2349984283210067e-05
-7.1837182270551446e-05
-7.1295312013676886e-05
-7.0810064793096867e-05
-7.0237933345554935e-05
-6.9779496284471943e-05
-6.9208282647169645e-05
-6.8730717686082670e-05
-6.8197990530077378e-05
-6.7691471815331500e-05
-6.7186845356499147e-05
-6.6674211308423401e-05
-6.6177139689983281e-05
-6.5661649617879434e-05
-6.5175363490039160e-05
-6.4640938692192706e-05
-6.4188133922620527e-05
-6.3631927460568253e-05
-6.3194065863544455e-05
-6.2644697543735452e-05
-6.2200507335536667e-05
-6.1659206348854901e-05
-6.1215745692354628e-05
-6.0667556032434628e-05
-6.0241319426546162e-05
-5.9686749092611363e-05
-5.9262609886064776e-05
-5.8720020661078039e-05
-5.8286799982090605e-05
-5.7752841090268666e-05
-5.7315090848724345e-05
-5.6781740509144147e-05
-5.6353314342500177e-05
-5.5818662994462397e-05
-5.5382257919006403e-05
-5.4873386249752066e-05
-5.4411629671280480e-05
-5.3929901790080671e-05
-5.3449649516517904e-05
-5.2975991230787182e-05
-5.2492661457618975e-05
-5.2027221189620312e-05
-5.1533323852879351e-05
-5.1089776291922873e-05
-5.0570331598060837e-05
-5.0142350309375294e-05
-4.9622816288025591e-05
-4.9181831544896378e-05
-4.8689103042953091e-05
-4.8215184721546380e-05
-4.7758320628524659e-05
-4.7251279920758229e-05
-4.6820330823990770e-05
-4.6295479621302434e-05
-4.5853444670001026e-05
-4.5363869431524584e-05
-4.4891427903742232e-05
-4.4426904386923936e-05
-4.3929077065004096e-05
-4.3488147766988249e-05
-4.2965732741671666e-05
-4.2516179214122476e-05
-4.2026647020617578e-05
-4.1542787345988093e-05
-4.1086689556889933e-05
-4.0564687258184627e-05
-4.0108230983910990e-05
-3.9618525504401359e-05
-3.9126149977152650e-05
-3.8664218982047909e-05
-3.8136161282806103e-05
0.0000000000000000e+00
];
