%Vec Object:dSdr_b_aug_2090 1 MPI processes
%  type: seq
dSdr_b_aug_2090 = [
2.4065930688009726e+03
0.0000000000000000e+00
-1.5473700253700681e-06
-6.3516807826217978e-07
-3.9059921209843959e-07
-2.7571096789890025e-07
-2.0692895024238067e-07
-1.6444009087438403e-07
-1.3564167180109704e-07
-1.1387509393091467e-07
-9.7715065363203449e-08
-8.5330548474866350e-08
-7.5234838813360628e-08
-6.7055212035815334e-08
-6.0349973585172833e-08
-5.4694798700075698e-08
-4.9861399463483581e-08
-4.5737705966728342e-08
-4.2172314655102934e-08
-3.9025436560019473e-08
-3.6268512632030265e-08
-3.3837425861218758e-08
-3.4846730909607309e-08
-1.6919541323361385e-05
-5.6804867375678759e-04
-5.8358657459038003e-04
-5.4373569804710628e-04
-5.0202229459334112e-04
-4.5920214306568048e-04
-4.1348930780207865e-04
-3.7327194932394156e-04
-3.3464654450346605e-04
-2.9820404781835224e-04
-2.5978655581768731e-04
-2.2854622886101298e-04
-2.0136285119119266e-04
-1.7758812104541900e-04
-1.5513364139543457e-04
-1.3812574460904639e-04
-1.2522346095168599e-04
-1.1502755552585586e-04
-1.0679985081098418e-04
-1.0166134461793781e-04
-9.8512789375853618e-05
-9.6774852642371128e-05
-9.6333020612417237e-05
-9.6796054410709743e-05
-9.7792625091579642e-05
-9.9249223918017128e-05
-1.0121974279365464e-04
-1.0295247146564035e-04
-1.0477158192364399e-04
-1.0661935868595641e-04
-1.0839190212151296e-04
-1.0987220261242282e-04
-1.1118934740748625e-04
-1.1244377720112055e-04
-1.1344755072727639e-04
-1.1426201366722756e-04
-1.1490490964140699e-04
-1.1547256156717298e-04
-1.1582859397538116e-04
-1.1601832752013733e-04
-1.1614908857560525e-04
-1.1618218689506706e-04
-1.1607796427842896e-04
-1.1590650217476915e-04
-1.1567378417832167e-04
-1.1535376654890977e-04
-1.1497360283074559e-04
-1.1457001437145059e-04
-1.1411944516682949e-04
-1.1363475632469111e-04
-1.1307705729573736e-04
-1.1253708337582564e-04
-1.1197016865659090e-04
-1.1134699996429706e-04
-1.1075553668566397e-04
-1.1015378138558387e-04
-1.0946690907474724e-04
-1.0883676523990681e-04
-1.0820298716692277e-04
-1.0750382144516885e-04
-1.0686242732372623e-04
-1.0622450306829234e-04
-1.0548203362361742e-04
-1.0484161841891105e-04
-1.0418099581554200e-04
-1.0346168061261739e-04
-1.0282360047534435e-04
-1.0214682177068936e-04
-1.0143293629235707e-04
-1.0079215005370089e-04
-1.0009350421266465e-04
-9.9419918554398835e-05
-9.8790437190394084e-05
-9.8063130860227859e-05
-9.7420936462808786e-05
-9.6779825625013563e-05
-9.6040816333561670e-05
-9.5444060159100916e-05
-9.4771799784501109e-05
-9.4085470792660422e-05
-9.3489071200301391e-05
-9.2760650254465832e-05
-9.2145213479311126e-05
-9.1523592625705397e-05
-9.0820382794764339e-05
-9.0234867267868175e-05
-8.9555932169445521e-05
-8.8912684263983303e-05
-8.8321351205049238e-05
-8.7625409358978439e-05
-8.7046155289868251e-05
-8.6388959756622551e-05
-8.5769220734356085e-05
-8.5155366579474750e-05
-8.4503565521641113e-05
-8.3929648885458958e-05
-8.3254771649578029e-05
-8.2688389956056505e-05
-8.2056226256766688e-05
-8.1430837130749186e-05
-8.0873654648212182e-05
-8.0189243705121731e-05
-7.9658241970253718e-05
-7.9001524311042863e-05
-7.8434284760701403e-05
-7.7828951002493173e-05
-7.7224720610035555e-05
-7.6644672733851285e-05
-7.6030956087675815e-05
-7.5482491870873397e-05
-7.4834810709684384e-05
-7.4314877720523426e-05
-7.3668746621964327e-05
-7.3127155158458299e-05
-7.2523368879649614e-05
-7.1949655741467336e-05
-7.1376693224591150e-05
-7.0794834262615113e-05
-7.0231498901039078e-05
-6.9644425946558230e-05
-6.9093153670505666e-05
-6.8485919611621180e-05
-6.7968938997769158e-05
-6.7339186430589174e-05
-6.6837763426343014e-05
-6.6214062425559134e-05
-6.5707931993994241e-05
-6.5089687608654883e-05
-6.4584830992249693e-05
-6.3959334748071509e-05
-6.3471954069997352e-05
-6.2839583064952384e-05
-6.2353853769471208e-05
-6.1734231756792091e-05
-6.1238692421215361e-05
-6.0627727744623394e-05
-6.0126181659431618e-05
-5.9516549421896864e-05
-5.9022917772524399e-05
-5.8412937430985860e-05
-5.7910160175969032e-05
-5.7326204521800394e-05
-5.6796796970231525e-05
-5.6241058922352395e-05
-5.5690708680304338e-05
-5.5144524886800520e-05
-5.4588407865966553e-05
-5.4052278244343964e-05
-5.3482716510762086e-05
-5.2970814020433060e-05
-5.2371854561053265e-05
-5.1876931408939161e-05
-5.1277708441367673e-05
-5.0767394546446665e-05
-5.0197330364193650e-05
-4.9649883289486860e-05
-4.9118676439432692e-05
-4.8533682087092988e-05
-4.8031962542667941e-05
-4.7424030383918348e-05
-4.6911391111286741e-05
-4.6340780822851567e-05
-4.5793165204744321e-05
-4.5251860402480698e-05
-4.4672933706924280e-05
-4.4158836456344543e-05
-4.3550323281093737e-05
-4.3025981942159923e-05
-4.2455287436992461e-05
-4.1890277572287841e-05
-4.1357767789668476e-05
-4.0747484024563920e-05
-4.0214094816350516e-05
-3.9641180480647397e-05
-3.9064202683381774e-05
-3.8525132631002950e-05
-3.7908676829125932e-05
0.0000000000000000e+00
];
