%Vec Object:dSdr_b_aug_1880 1 MPI processes
%  type: seq
dSdr_b_aug_1880 = [
2.4161471979358716e+03
0.0000000000000000e+00
-1.6558832382784236e-06
-6.7810678982542723e-07
-4.1578780386851054e-07
-2.9277441674672230e-07
-2.1936261967937296e-07
-1.7402171673836508e-07
-1.4329255835358093e-07
-1.2006956627862384e-07
-1.0283070697569150e-07
-8.9620253652693621e-08
-7.8856011772190177e-08
-7.0136460043849070e-08
-6.2989202404415709e-08
-5.6963020502124782e-08
-5.1814383543936431e-08
-4.7422117782655320e-08
-4.3625040300933926e-08
-4.0275293059001012e-08
-3.7340874347753270e-08
-3.4752994027803736e-08
-3.2484722719993669e-08
-3.7672478994135648e-07
-2.3426811481180236e-04
-5.7889065242814448e-04
-5.4614634367762505e-04
-5.0452634638715457e-04
-4.6154781217035129e-04
-4.1565698724120879e-04
-3.7528315671768556e-04
-3.3650984024616190e-04
-2.9992960103964909e-04
-2.6136839365854684e-04
-2.3001191000087139e-04
-2.0272811780172587e-04
-1.7886582314931846e-04
-1.5632850102179600e-04
-1.3925780169203451e-04
-1.2630761355234902e-04
-1.1607286521725844e-04
-1.0781292741237646e-04
-1.0265306979658788e-04
-9.9489818563656767e-05
-9.7741852283062414e-05
-9.7293944562716392e-05
-9.7753977005779445e-05
-9.8749237127642865e-05
-1.0020594639118174e-04
-1.0217724746085633e-04
-1.0391053899216730e-04
-1.0573052833630569e-04
-1.0757876695799273e-04
-1.0935116830672507e-04
-1.1083087343825302e-04
-1.1214669765126982e-04
-1.1339887549732873e-04
-1.1440006330781143e-04
-1.1521151252435633e-04
-1.1585059168747027e-04
-1.1641376839300206e-04
-1.1676524779019712e-04
-1.1694991737847961e-04
-1.1707459533074316e-04
-1.1710212164982267e-04
-1.1699198282640964e-04
-1.1681395970376745e-04
-1.1657447599422064e-04
-1.1624789601380120e-04
-1.1586079759378982e-04
-1.1544981931653978e-04
-1.1499242311796914e-04
-1.1450087718771856e-04
-1.1393505068203272e-04
-1.1338807069600842e-04
-1.1281419224890098e-04
-1.1218276888169229e-04
-1.1158433536172002e-04
-1.1097563610850383e-04
-1.1028030611929828e-04
-1.0964317187447552e-04
-1.0900232650739005e-04
-1.0829494211977114e-04
-1.0764659609471030e-04
-1.0700166976511806e-04
-1.0625090583770749e-04
-1.0560356673672382e-04
-1.0493585262940540e-04
-1.0420858620636152e-04
-1.0356369703136787e-04
-1.0287971522136986e-04
-1.0215806665181343e-04
-1.0151052992569281e-04
-1.0080447944303601e-04
-1.0012360924674476e-04
-9.9487493242785054e-05
-9.8752541615095118e-05
-9.8103353871455880e-05
-9.7455590998097962e-05
-9.6708793107947409e-05
-9.6105479810362234e-05
-9.5426320648480604e-05
-9.4732658575799581e-05
-9.4129790915109860e-05
-9.3393893244609713e-05
-9.2771761799936538e-05
-9.2143524404043778e-05
-9.1432974818390927e-05
-9.0841111799351115e-05
-9.0154966651995378e-05
-8.9504931835591371e-05
-8.8907219034339515e-05
-8.8203838678271155e-05
-8.7618440383407652e-05
-8.6954123354742566e-05
-8.6327791073128351e-05
-8.5707395567244038e-05
-8.5048519596242852e-05
-8.4468446650192341e-05
-8.3786360456937993e-05
-8.3213693561501678e-05
-8.2574838873108902e-05
-8.1942668890443572e-05
-8.1379220173264665e-05
-8.0687646535829331e-05
-8.0150633931583344e-05
-7.9486779573957543e-05
-7.8913443040041863e-05
-7.8301224297475715e-05
-7.7690496663237457e-05
-7.7104023504581974e-05
-7.6483441999944382e-05
-7.5928937454564614e-05
-7.5274037585358787e-05
-7.4748228713527931e-05
-7.4094939317489024e-05
-7.3547230176805437e-05
-7.2936654260421184e-05
-7.2356520752592208e-05
-7.1777028783672427e-05
-7.1188555439933681e-05
-7.0618888633192022e-05
-7.0024975994543884e-05
-6.9467494345403836e-05
-6.8853303422089360e-05
-6.8330190857972918e-05
-6.7693411020474794e-05
-6.7185914773725385e-05
-6.6555111344854156e-05
-6.6043062571965273e-05
-6.5417466305619037e-05
-6.4906743350213474e-05
-6.4273860521315933e-05
-6.3780637570158712e-05
-6.3140832768901115e-05
-6.2649218581815262e-05
-6.2022236141186978e-05
-6.1520742297591769e-05
-6.0902419770505533e-05
-6.0394778030603896e-05
-5.9777857106008137e-05
-5.9277995108861722e-05
-5.8660817125435028e-05
-5.8151698041642100e-05
-5.7560568151348299e-05
-5.7024696578169218e-05
-5.6461886890832524e-05
-5.5904838812598542e-05
-5.5351725230180853e-05
-5.4788653407065506e-05
-5.4245769430177809e-05
-5.3668977975110612e-05
-5.3150544169958075e-05
-5.2543987076444928e-05
-5.2042667611428800e-05
-5.1435830349119417e-05
-5.0918892017600982e-05
-5.0341438369195745e-05
-4.9786965561476566e-05
-4.9248655183405142e-05
-4.8656212263610100e-05
-4.8147730474570445e-05
-4.7531859780101487e-05
-4.7012474064497222e-05
-4.6434120636700055e-05
-4.5879321826106921e-05
-4.5330680185429825e-05
-4.4744003955486198e-05
-4.4222914871852047e-05
-4.3606174197876429e-05
-4.3074685784109033e-05
-4.2496234726236672e-05
-4.1923468862983579e-05
-4.1383654849392282e-05
-4.0764931073290168e-05
-4.0224183132852693e-05
-3.9643303926822281e-05
-3.9058211792397474e-05
-3.8511684539379497e-05
-3.7886319291381897e-05
0.0000000000000000e+00
];
