%Vec Object:dSdr_b_aug_3470 1 MPI processes
%  type: seq
dSdr_b_aug_3470 = [
2.3647032747390435e+03
0.0000000000000000e+00
-1.1530582145916191e-06
-4.7500172644748202e-07
-2.9372115425596342e-07
-2.0801929847011213e-07
-1.5614513774730397e-07
-1.2408632466688405e-07
-1.0235633283667456e-07
-8.5966164201515759e-08
-7.3795868253403570e-08
-6.4467375296122958e-08
-5.6866016567214302e-08
-5.0707279477129058e-08
-4.5658184734774258e-08
-4.1399766227403840e-08
-3.7760148228560865e-08
-3.4654722087687510e-08
-3.1969556326097572e-08
-2.9599470185265535e-08
-2.9047786496031356e-08
-2.7798977876953068e-05
-6.7378796065020209e-04
-6.5671254112502743e-04
-6.1322463907792079e-04
-5.7093111407226422e-04
-5.3040001389461060e-04
-4.8947953336621721e-04
-4.4751304664546735e-04
-4.0269116959865342e-04
-3.6325360016765989e-04
-3.2536501656021738e-04
-2.8960865308050359e-04
-2.5190704215322427e-04
-2.2124531928027891e-04
-1.9456213007878711e-04
-1.7122357936526594e-04
-1.4918175755874172e-04
-1.3248669501249790e-04
-1.1982303487728718e-04
-1.0982061516727494e-04
-1.0175347112217023e-04
-9.6721321509850736e-05
-9.3645970612220454e-05
-9.1957993592791905e-05
-9.1546426208106210e-05
-9.2024410672316830e-05
-9.3027509763252893e-05
-9.4483558680966598e-05
-9.6450181465063909e-05
-9.8180106584302689e-05
-9.9994839275791339e-05
-1.0184031556976987e-04
-1.0361356692383103e-04
-1.0509683317780947e-04
-1.0642055623103167e-04
-1.0768620362682315e-04
-1.0870285732321398e-04
-1.0953233243290280e-04
-1.1019424093920623e-04
-1.1078418508360082e-04
-1.1116289719823735e-04
-1.1137785558382226e-04
-1.1153891808735926e-04
-1.1159977192674448e-04
-1.1152501942666313e-04
-1.1138623944928097e-04
-1.1118722320212114e-04
-1.1089989432037779e-04
-1.1055427411136850e-04
-1.1018749619698628e-04
-1.0977093397213092e-04
-1.0932040201097746e-04
-1.0880318796486402e-04
-1.0829811301171907e-04
-1.0776588635821086e-04
-1.0718383624065754e-04
-1.0662709346550479e-04
-1.0605992771759752e-04
-1.0541518517942505e-04
-1.0481986230302003e-04
-1.0422128792616753e-04
-1.0356306109874809e-04
-1.0295629583766515e-04
-1.0235325047552980e-04
-1.0165209783766146e-04
-1.0104617222380326e-04
-1.0042087410394705e-04
-9.9741165833534722e-05
-9.9137003147477907e-05
-9.8496104837519593e-05
-9.7820889175360235e-05
-9.7213728733590215e-05
-9.6551967185296931e-05
-9.5914667555119205e-05
-9.5318234922618940e-05
-9.4629011647691903e-05
-9.4021652781809184e-05
-9.3413677325807063e-05
-9.2713464905366732e-05
-9.2149371330802900e-05
-9.1511475446745679e-05
-9.0861674245548807e-05
-9.0297493611599531e-05
-8.9606315978921490e-05
-8.9024226915103956e-05
-8.8435564602031065e-05
-8.7768915802782367e-05
-8.7215018612899807e-05
-8.6571998449908399e-05
-8.5962557728735064e-05
-8.5403003650506487e-05
-8.4744114756211221e-05
-8.4195466502518421e-05
-8.3573744794991124e-05
-8.2986848328908065e-05
-8.2405578161642430e-05
-8.1789018889686933e-05
-8.1245768258412317e-05
-8.0606800512183065e-05
-8.0071726863429756e-05
-7.9472892529315375e-05
-7.8881280418949894e-05
-7.8355311497390806e-05
-7.7706579590818621e-05
-7.7205519379718761e-05
-7.6584351262730149e-05
-7.6047482188127736e-05
-7.5476444122386403e-05
-7.4904577983107962e-05
-7.4356535912274862e-05
-7.3777014701447628e-05
-7.3258638740169435e-05
-7.2646915618441115e-05
-7.2156251737136377e-05
-7.1545777754495471e-05
-7.1034659829769298e-05
-7.0464694280289301e-05
-6.9922962458098461e-05
-6.9382524619840795e-05
-6.8833613388312673e-05
-6.8301816380135770e-05
-6.7748813434240920e-05
-6.7228471434961003e-05
-6.6655891079569715e-05
-6.6169455073893725e-05
-6.5574706909585630e-05
-6.5103536067691312e-05
-6.4515213838893819e-05
-6.4038563959761499e-05
-6.3456940919527063e-05
-6.2981305807913605e-05
-6.2392603763098621e-05
-6.1934324698529776e-05
-6.1338983049081009e-05
-6.0882567644065403e-05
-6.0299609504866222e-05
-5.9833730816268837e-05
-5.9259417153697669e-05
-5.8788234777987186e-05
-5.8214909009953100e-05
-5.7752311981519813e-05
-5.7178184561662042e-05
-5.6706997207858032e-05
-5.6158777850426248e-05
-5.5661568830073438e-05
-5.5141055977347499e-05
-5.4624068901626969e-05
-5.4112403657071425e-05
-5.3590929748994896e-05
-5.3088444730023394e-05
-5.2554895466595153e-05
-5.2075526473453224e-05
-5.1514412038853722e-05
-5.1051349791383388e-05
-5.0490054702445548e-05
-5.0012737892255295e-05
-4.9479481483457852e-05
-4.8967030227051731e-05
-4.8471206575215061e-05
-4.7923313970936972e-05
-4.7455277251779076e-05
-4.6886887041739870e-05
-4.6407851338708641e-05
-4.5875809015686471e-05
-4.5363971665373940e-05
-4.4859209871564773e-05
-4.4318881111224968e-05
-4.3839606464504577e-05
-4.3272069538553554e-05
-4.2783320586695178e-05
-4.2251251404489531e-05
-4.1724859561736949e-05
-4.1228710218435683e-05
-4.0660432002689799e-05
-4.0163639325388238e-05
-3.9630292397252310e-05
-3.9093504674075032e-05
-3.8590934335498173e-05
-3.8015411691973855e-05
0.0000000000000000e+00
];
