%Vec Object:dSdr_b_aug_2890 1 MPI processes
%  type: seq
dSdr_b_aug_2890 = [
2.3809629236474930e+03
0.0000000000000000e+00
-1.2895675670620781e-06
-5.3010678766192943e-07
-3.2684804800236561e-07
-2.3099008816000694e-07
-1.7322365817951701e-07
-1.3753090092017257e-07
-1.1333920009603982e-07
-9.5084297864512582e-08
-8.1531016101293463e-08
-7.1143361165331305e-08
-6.2680102634764574e-08
-5.5823838277806602e-08
-5.0203331447776284e-08
-4.5463786780456277e-08
-4.1413775330622424e-08
-3.7958457649144304e-08
-3.4971063837984597e-08
-3.2334920365225942e-08
-3.0026675355283206e-08
-5.0891041111967107e-08
-1.2010657065596311e-04
-6.5351793605065024e-04
-6.1850326145350594e-04
-5.7607560606543558e-04
-5.3524195602530178e-04
-4.9401435202324506e-04
-4.5173822816949158e-04
-4.0659423496250359e-04
-3.6687479932433963e-04
-3.2871988609379729e-04
-2.9271551508095654e-04
-2.5475514411706166e-04
-2.2388428091111735e-04
-1.9702029522853908e-04
-1.7352408452869848e-04
-1.5133310476592260e-04
-1.3452496618204763e-04
-1.2177505397822070e-04
-1.1170269756723025e-04
-1.0357751780373384e-04
-9.8506924914563634e-05
-9.5405113844260515e-05
-9.3699078583543303e-05
-9.3276571875674019e-05
-9.3749152358421682e-05
-9.4749891748300294e-05
-9.6206139470231906e-05
-9.8174170558016467e-05
-9.9905109072326678e-05
-1.0172142416735320e-04
-1.0356773200964731e-04
-1.0534072750843951e-04
-1.0682292179190717e-04
-1.0814426711232733e-04
-1.0940585985194317e-04
-1.1041785794418543e-04
-1.1124190682284559e-04
-1.1189694313908632e-04
-1.1247882962786225e-04
-1.1284934402572745e-04
-1.1305518473768162e-04
-1.1320529459325554e-04
-1.1325611602672046e-04
-1.1317071134983582e-04
-1.1302011816033228e-04
-1.1280892015358155e-04
-1.1250977567019092e-04
-1.1215166944537610e-04
-1.1177158608172185e-04
-1.1134273183397387e-04
-1.1087985367581959e-04
-1.1034800609637356e-04
-1.0983031671140487e-04
-1.0928555185624097e-04
-1.0868863918523136e-04
-1.0811934648110730e-04
-1.0753967813626130e-04
-1.0687970753688305e-04
-1.0627179841806910e-04
-1.0566049944033958e-04
-1.0498747498204904e-04
-1.0436819289388062e-04
-1.0375254032840205e-04
-1.0303645346007245e-04
-1.0241806135848990e-04
-1.0177999497319112e-04
-1.0108597051733677e-04
-1.0046954814677555e-04
-9.9815680633104286e-05
-9.9126487512047969e-05
-9.8507172805775193e-05
-9.7832079187704118e-05
-9.7181663734415631e-05
-9.6573285421192674e-05
-9.5870296775417164e-05
-9.5250346377796045e-05
-9.4630393920422655e-05
-9.3916158115345239e-05
-9.3340258429440890e-05
-9.2689941270645635e-05
-9.2026936851863668e-05
-9.1451110456500408e-05
-9.0746470975605414e-05
-9.0152328154875777e-05
-8.9551752753161762e-05
-8.8871888720584141e-05
-8.8306562867393067e-05
-8.7650561006683223e-05
-8.7028900448426984e-05
-8.6457859640781521e-05
-8.5785577704750932e-05
-8.5225866769799731e-05
-8.4591322805955852e-05
-8.3992555173394024e-05
-8.3399507300834064e-05
-8.2770209644443917e-05
-8.2215874575246423e-05
-8.1563927098201599e-05
-8.1017536941581340e-05
-8.0406655479549127e-05
-7.9802834434821823e-05
-7.9265583156603770e-05
-7.8603954816978608e-05
-7.8092072035148907e-05
-7.7458054291247011e-05
-7.6910207597780079e-05
-7.6326773117062151e-05
-7.5743208694136607e-05
-7.5183597902761171e-05
-7.4591716514629073e-05
-7.4062464943409236e-05
-7.3437744538575021e-05
-7.2936501133069891e-05
-7.2313138637379365e-05
-7.1791005838008656e-05
-7.1208815548911674e-05
-7.0655523854936094e-05
-7.0103329742364438e-05
-6.9542509321052394e-05
-6.8999312551327818e-05
-6.8433994759570425e-05
-6.7902472790926948e-05
-6.7317366607870939e-05
-6.6819890034054783e-05
-6.6212489277858797e-05
-6.5730383572803290e-05
-6.5129273432208305e-05
-6.4641967591632000e-05
-6.4047107501318481e-05
-6.3560910060696786e-05
-6.2958908484145174e-05
-6.2490110423741528e-05
-6.1881384241050774e-05
-6.1414373108456950e-05
-6.0818162538898444e-05
-6.0341562781860011e-05
-5.9754001333445843e-05
-5.9271843758688957e-05
-5.8685394738330101e-05
-5.8211580000747465e-05
-5.7624493261144707e-05
-5.7141887482630592e-05
-5.6580750954124307e-05
-5.6071903508419766e-05
-5.5538658218115012e-05
-5.5009611743032303e-05
-5.4485469473276631e-05
-5.3951473509689323e-05
-5.3436827347079770e-05
-5.2890261050721069e-05
-5.2399132515077583e-05
-5.1824338640006584e-05
-5.1349759942920616e-05
-5.0774755441637677e-05
-5.0285511474439093e-05
-4.9738950491430433e-05
-4.9213849584350460e-05
-4.8705236237293232e-05
-4.8143932726360994e-05
-4.7663720861009842e-05
-4.7081037639962916e-05
-4.6589855344280122e-05
-4.6043871947801776e-05
-4.5519101798169756e-05
-4.5001130680044936e-05
-4.4446849688923307e-05
-4.3954987251821458e-05
-4.3372638001396333e-05
-4.2871022413738444e-05
-4.2324989803920565e-05
-4.1784636396669851e-05
-4.1275340275855555e-05
-4.0691872691128394e-05
-4.0181841874865814e-05
-3.9634174733042570e-05
-3.9082821055615176e-05
-3.8566948053203545e-05
-3.7976046754605250e-05
0.0000000000000000e+00
];
