%Vec Object:dSdr_b_aug_1540 1 MPI processes
%  type: seq
dSdr_b_aug_1540 = [
2.4320662332977463e+03
0.0000000000000000e+00
-1.8592023546073876e-06
-7.6033535767679921e-07
-4.6520317990839514e-07
-3.2717158588150636e-07
-2.4515924672535949e-07
-1.9451534956951977e-07
-1.6019244480263956e-07
-1.3423001644386110e-07
-1.1495853591990784e-07
-1.0019134407411393e-07
-8.8156094537821157e-08
-7.8406802858178053e-08
-7.0415710612916687e-08
-6.3677881537799669e-08
-5.7921041627293175e-08
-5.3010012256511878e-08
-4.8764516169430146e-08
-4.5019113464223018e-08
-4.1738141933503717e-08
-3.8844670983041804e-08
-3.6243968665030362e-08
-3.4288972225299132e-08
-1.2556860375692565e-06
-2.9813068037609966e-04
-5.4268472072813688e-04
-5.0885493470025252e-04
-4.6595445371113933e-04
-4.1975196969006712e-04
-3.7908441600456762e-04
-3.4003173276637289e-04
-3.0319116631203588e-04
-2.6435831899185086e-04
-2.3278228183849195e-04
-2.0530869061538155e-04
-1.8128088535204032e-04
-1.5858697797687603e-04
-1.4139757198627741e-04
-1.2835683683263231e-04
-1.1804866926203310e-04
-1.0972780580389239e-04
-1.0452759055742304e-04
-1.0133656148227271e-04
-9.9569637656210720e-05
-9.9110245787255462e-05
-9.9564605053729000e-05
-1.0055738787123409e-04
-1.0201430573838267e-04
-1.0398708514063985e-04
-1.0572144043989464e-04
-1.0754309089886273e-04
-1.0939220239637456e-04
-1.1116433507545707e-04
-1.1264291478942093e-04
-1.1395624280674067e-04
-1.1520416403493023e-04
-1.1620046435965518e-04
-1.1700621709386636e-04
-1.1763808181726565e-04
-1.1819279958959767e-04
-1.1853567302104952e-04
-1.1871077088004069e-04
-1.1882395075763320e-04
-1.1884094506969913e-04
-1.1871962363799167e-04
-1.1852919911248316e-04
-1.1827692709781630e-04
-1.1793794320094455e-04
-1.1753773706449468e-04
-1.1711279083095905e-04
-1.1664249050397733e-04
-1.1613798356395191e-04
-1.1555679481491484e-04
-1.1499657222967355e-04
-1.1440953121046207e-04
-1.1376250517868668e-04
-1.1315089677711519e-04
-1.1252907233206278e-04
-1.1181775597254721e-04
-1.1116740872682763e-04
-1.1051320511146871e-04
-1.0979028621934078e-04
-1.0912880006723694e-04
-1.0847063871200474e-04
-1.0770419683515948e-04
-1.0704377041130699e-04
-1.0636265217863935e-04
-1.0562035663330020e-04
-1.0496259724279000e-04
-1.0426500037103646e-04
-1.0352867831740104e-04
-1.0286838208836234e-04
-1.0214833564886502e-04
-1.0145369651072241e-04
-1.0080503997519525e-04
-1.0005563751430092e-04
-9.9393231228333656e-05
-9.8732894944094922e-05
-9.7971375359990771e-05
-9.7355668051527148e-05
-9.6663469093574646e-05
-9.5955946355096269e-05
-9.5340853038874772e-05
-9.4590823194032865e-05
-9.3956037782678847e-05
-9.3315294093307999e-05
-9.2590871229336768e-05
-9.1987010464792023e-05
-9.1287237204265746e-05
-9.0624374072709486e-05
-9.0014602569473562e-05
-8.9297162274376400e-05
-8.8700150442068296e-05
-8.8022372682932046e-05
-8.7383578120813198e-05
-8.6750818449963233e-05
-8.6078569798126039e-05
-8.5486860476778373e-05
-8.4791148239489052e-05
-8.4206601343803935e-05
-8.3555099654469730e-05
-8.2910112807749338e-05
-8.2334819943772494e-05
-8.1629707710924302e-05
-8.1081333642183114e-05
-8.0403989827255054e-05
-7.9819129061666522e-05
-7.9193896642801293e-05
-7.8570888228107102e-05
-7.7972270304478106e-05
-7.7338713168327708e-05
-7.6772791483913162e-05
-7.6104247154691910e-05
-7.5567331975106086e-05
-7.4900512307528341e-05
-7.4341239832626264e-05
-7.3717830473121301e-05
-7.3125561498462609e-05
-7.2533727881607613e-05
-7.1932752361588952e-05
-7.1351118175384627e-05
-7.0744277507878506e-05
-7.0175059219419717e-05
-6.9547718783440554e-05
-6.9013015926367509e-05
-6.8362953504233869e-05
-6.7843977937426738e-05
-6.7199749870522953e-05
-6.6676514572509301e-05
-6.6037022170374577e-05
-6.5515210990594501e-05
-6.4868366439574041e-05
-6.4364100761637609e-05
-6.3710245011794705e-05
-6.3207507553309162e-05
-6.2566612853814813e-05
-6.2053864166239866e-05
-6.1421634266370186e-05
-6.0902470908653286e-05
-6.0271773358490656e-05
-5.9760135170863709e-05
-5.9129352672607137e-05
-5.8608246704553188e-05
-5.8003556564536117e-05
-5.7455467172092079e-05
-5.6879291188960418e-05
-5.6309583380155374e-05
-5.5743371659973899e-05
-5.5167154443231257e-05
-5.4611503974125754e-05
-5.4021047540430363e-05
-5.3490268885674534e-05
-5.2869351473679965e-05
-5.2355942414192219e-05
-5.1734713436757462e-05
-5.1205254430329949e-05
-5.0613834153135425e-05
-5.0046082308362032e-05
-4.9494345941962560e-05
-4.8887824974703501e-05
-4.8366562524549481e-05
-4.7735687974306595e-05
-4.7203551840011026e-05
-4.6610564346414275e-05
-4.6042190180563284e-05
-4.5479683186823746e-05
-4.4878362100925354e-05
-4.4344061050648858e-05
-4.3711773838949498e-05
-4.3166782439484548e-05
-4.2573678459001755e-05
-4.1986263834193392e-05
-4.1432659916291526e-05
-4.0798007986062120e-05
-4.0243391347812528e-05
-3.9647530875973933e-05
-3.9047258229311822e-05
-3.8487077211522399e-05
-3.7847223549545376e-05
0.0000000000000000e+00
];
