%Vec Object:dSdr_b_aug_9410 1 MPI processes
%  type: seq
dSdr_b_aug_9410 = [
2.2765052169353648e+03
0.0000000000000000e+00
-6.4370131304887653e-07
-2.6675923536566785e-07
-1.6649736124533753e-07
-1.1857575993086221e-07
-8.9000455293159770e-08
-7.0707556135468366e-08
-5.8307685026346600e-08
-4.8991734493049958e-08
-4.2072394324880249e-08
-3.6767004373787178e-08
-3.2447841339982812e-08
-2.8948464364796581e-08
-2.6079076386247311e-08
-2.3659157794410450e-08
-2.1601908869465977e-08
-4.5093966846711337e-06
-7.9469482245018877e-04
-7.7883726970896978e-04
-7.3700361011880765e-04
-6.9842454209445928e-04
-6.6063124645662124e-04
-6.2297233091132965e-04
-5.8116395759941664e-04
-5.4078664109756037e-04
-5.0206003884705559e-04
-4.6293839647363938e-04
-4.2278420448531220e-04
-3.7984759111746389e-04
-3.4205970859385604e-04
-3.0572988009804823e-04
-2.7142503747805023e-04
-2.3523787895435929e-04
-2.0580019781566317e-04
-1.8017516184486190e-04
-1.5775935268189938e-04
-1.3659051235126373e-04
-1.2055725351221399e-04
-1.0839840358539820e-04
-9.8805304595951977e-05
-9.1077827999780768e-05
-8.6270676498886910e-05
-8.3350189791010212e-05
-8.1767902689413755e-05
-8.1420360085180779e-05
-8.1929972451729745e-05
-8.2946882087087673e-05
-8.4401767304236798e-05
-8.6360147509083703e-05
-8.8084141357059540e-05
-8.9889612530182181e-05
-9.1730221864858778e-05
-9.3504970546372631e-05
-9.4994510641379081e-05
-9.6332149817454204e-05
-9.7621527919465283e-05
-9.8665429516483935e-05
-9.9526662804301443e-05
-1.0022879230116390e-04
-1.0086589564801939e-04
-1.0129258671117418e-04
-1.0156090830825693e-04
-1.0178607363266003e-04
-1.0190564436895378e-04
-1.0189323593053629e-04
-1.0182359489446475e-04
-1.0169587462644455e-04
-1.0147769872785448e-04
-1.0120515528002074e-04
-1.0091625007242161e-04
-1.0057162960344895e-04
-1.0019335652787400e-04
-9.9761788528893855e-05
-9.9330542371793689e-05
-9.8871698362129907e-05
-9.8376634691000990e-05
-9.7893343200424046e-05
-9.7399351717354236e-05
-9.6843734848740676e-05
-9.6322075794673926e-05
-9.5797975016261743e-05
-9.5226354670900897e-05
-9.4692846967333284e-05
-9.4163588111647028e-05
-9.3549841440031281e-05
-9.3016878764526416e-05
-9.2466309807319208e-05
-9.1870390256447844e-05
-9.1337980148671410e-05
-9.0772987041436151e-05
-9.0179577626918768e-05
-8.9643552771384000e-05
-8.9059820184974776e-05
-8.8499283884225258e-05
-8.7972766055927884e-05
-8.7364107738678844e-05
-8.6830443669010026e-05
-8.6292566330446020e-05
-8.5674428954246926e-05
-8.5179433325141332e-05
-8.4614235789371440e-05
-8.4041709453717538e-05
-8.3545688317119353e-05
-8.2933299245968188e-05
-8.2421757567439189e-05
-8.1902819346961226e-05
-8.1313515740632938e-05
-8.0826507434199682e-05
-8.0259465644485676e-05
-7.9721544333544484e-05
-7.9229218985616949e-05
-7.8648715951400429e-05
-7.8164814590484929e-05
-7.7618138091980953e-05
-7.7100720364739190e-05
-7.6588381934085222e-05
-7.6046376993921903e-05
-7.5568000594787043e-05
-7.5004999717020337e-05
-7.4536158544388507e-05
-7.4007832808580261e-05
-7.3487676306551651e-05
-7.3027739986026140e-05
-7.2454487433524974e-05
-7.2016768823077992e-05
-7.1470806118524843e-05
-7.0998186101849521e-05
-7.0499700923990998e-05
-6.9996301700742648e-05
-6.9515968249423267e-05
-6.9008787841419667e-05
-6.8554063914066647e-05
-6.8018410405967550e-05
-6.7589665652019581e-05
-6.7054624684810199e-05
-6.6607973879187208e-05
-6.6109556462791387e-05
-6.5635481484503137e-05
-6.5163849982973802e-05
-6.4684640063393840e-05
-6.4219562824234107e-05
-6.3738635390317203e-05
-6.3283726781215339e-05
-6.2784456763126170e-05
-6.2362638275652557e-05
-6.1841942372262669e-05
-6.1434770392679075e-05
-6.0921292422941840e-05
-6.0507009078120493e-05
-6.0002858989837172e-05
-5.9589042416269798e-05
-5.9078179021798429e-05
-5.8681464888096426e-05
-5.8164459391566231e-05
-5.7770058019699441e-05
-5.7264662884385952e-05
-5.6861531829737201e-05
-5.6364754003550430e-05
-5.5957806636325273e-05
-5.5461287862719830e-05
-5.5064345208628149e-05
-5.4566065353024518e-05
-5.4161707132046141e-05
-5.3689088680505051e-05
-5.3259996427983973e-05
-5.2814003318250513e-05
-5.2367596894590492e-05
-5.1928956574203157e-05
-5.1480771165299839e-05
-5.1049462352511046e-05
-5.0592098615724405e-05
-5.0181555430328026e-05
-4.9700503491054027e-05
-4.9304844378448977e-05
-4.8823787300854268e-05
-4.8416277498279515e-05
-4.7960889822067078e-05
-4.7522474289330483e-05
-4.7101506099820738e-05
-4.6632104863156492e-05
-4.6235327070031019e-05
-4.5750591259818125e-05
-4.5342647746349201e-05
-4.4892200491523255e-05
-4.4456057377117850e-05
-4.4028608661133301e-05
-4.3569941563450203e-05
-4.3164343583729788e-05
-4.2683503937216153e-05
-4.2270066024950420e-05
-4.1819729126803307e-05
-4.1375061679128415e-05
-4.0955872765291424e-05
-4.0476517909381109e-05
-4.0057243488305852e-05
-3.9607779266799793e-05
-3.9156390834026441e-05
-3.8732092134321231e-05
-3.8248763992115160e-05
0.0000000000000000e+00
];
