%Vec Object:dSdr_b_aug_8400 1 MPI processes
%  type: seq
dSdr_b_aug_8400 = [
2.2883589043726633e+03
0.0000000000000000e+00
-6.9070930537501292e-07
-2.8472188036159748e-07
-1.7666054708722800e-07
-1.2509551661228413e-07
-9.3403310926188327e-08
-7.3808206524430273e-08
-6.0529243212148660e-08
-5.0566225205501800e-08
-4.3168996565126545e-08
-3.7497895607831801e-08
-3.2887838692537411e-08
-2.9154885641820993e-08
-2.6094501571161694e-08
-2.3515700236903188e-08
-2.1314105753720196e-08
-3.1258709068725268e-08
-3.2467015675414232e-04
-7.8268265926585289e-04
-7.4162352133912677e-04
-7.0282014314601668e-04
-6.6480527143100406e-04
-6.2692993008578175e-04
-5.8488356584232158e-04
-5.4428299605911398e-04
-5.0534706726123452e-04
-4.6601678436830103e-04
-4.2565239225819895e-04
-3.8249711547065640e-04
-3.4451789304353866e-04
-3.0800727141449592e-04
-2.7353407328331532e-04
-2.3717126007486466e-04
-2.0759160768485117e-04
-1.8184384080019534e-04
-1.5932100656826221e-04
-1.3805091294922942e-04
-1.2194089441847616e-04
-1.0972349380060302e-04
-1.0008291953532692e-04
-9.2316046447775898e-05
-8.7482798471491712e-05
-8.4544349827819838e-05
-8.2949804306731482e-05
-8.2594835846602668e-05
-8.3100779931018153e-05
-8.4116087839429028e-05
-8.5571108124007724e-05
-8.7530444441888386e-05
-8.9255126316138496e-05
-9.1061671771361263e-05
-9.2902845677615351e-05
-9.4677420759858082e-05
-9.6166233242944111e-05
-9.7502258408038364e-05
-9.8788884145121337e-05
-9.9829625429088980e-05
-1.0068717527310170e-04
-1.0138463975868863e-04
-1.0201627335918229e-04
-1.0243739959439094e-04
-1.0269953186414156e-04
-1.0291726221948166e-04
-1.0303002267429167e-04
-1.0301038325040929e-04
-1.0293272311337888e-04
-1.0279673355819102e-04
-1.0257053692799401e-04
-1.0228951764601679e-04
-1.0199158034307551e-04
-1.0163861568273179e-04
-1.0125196163264282e-04
-1.0081045994084154e-04
-1.0037065072109238e-04
-9.9903295395440309e-05
-9.9398142562900503e-05
-9.8906331794067215e-05
-9.8403853162602970e-05
-9.7837899012214911e-05
-9.7307696027356487e-05
-9.6774957395441008e-05
-9.6193291956656488e-05
-9.5651287442142594e-05
-9.5113470424776711e-05
-9.4489585930148336e-05
-9.3948160614439028e-05
-9.3388924160183934e-05
-9.2783286334016443e-05
-9.2242553969606572e-05
-9.1668756960918389e-05
-9.1065859208602984e-05
-9.0521583657974269e-05
-8.9928800844038244e-05
-8.9359361110738245e-05
-8.8824734179902449e-05
-8.8206731495625034e-05
-8.7664519898538953e-05
-8.7118512195238915e-05
-8.6490855303268281e-05
-8.5987845314727777e-05
-8.5414215818880934e-05
-8.4832726707443154e-05
-8.4328800046273462e-05
-8.3707272632056609e-05
-8.3187548468056197e-05
-8.2660523252003397e-05
-8.2062248712075242e-05
-8.1567482253149456e-05
-8.0991628060891879e-05
-8.0445411522652265e-05
-7.9945288604317929e-05
-7.9355693933168741e-05
-7.8864282858772425e-05
-7.8308902190301995e-05
-7.7783425923168775e-05
-7.7263092396752340e-05
-7.6712440220569071e-05
-7.6226539337217707e-05
-7.5654727388932850e-05
-7.5178204194834507e-05
-7.4641700468601829e-05
-7.4113256136357187e-05
-7.3645660976073303e-05
-7.3063653896029502e-05
-7.2618588562404585e-05
-7.2063903102910520e-05
-7.1583831110187327e-05
-7.1076930831315776e-05
-7.0565590420369726e-05
-7.0077403732415731e-05
-6.9561832820750345e-05
-6.9099726161253345e-05
-6.8555249660027959e-05
-6.8119323165089147e-05
-6.7575533039767547e-05
-6.7121404961558153e-05
-6.6614688976181875e-05
-6.6132766761695718e-05
-6.5653154698646989e-05
-6.5165860412466566e-05
-6.4693044621877589e-05
-6.4203757446635072e-05
-6.3741259485675241e-05
-6.3233486502201137e-05
-6.2804173290310802e-05
-6.2274888366636324e-05
-6.1860293415458387e-05
-6.1338134562479514e-05
-6.0916617569709453e-05
-6.0403481704789031e-05
-5.9982495039750846e-05
-5.9462603449319357e-05
-5.9058748635343634e-05
-5.8532657235566604e-05
-5.8131063089717000e-05
-5.7616671720598380e-05
-5.7206262799633659e-05
-5.6700491885148975e-05
-5.6286094131548818e-05
-5.5780666798065586e-05
-5.5376109124514302e-05
-5.4869031980977178e-05
-5.4456922476656553e-05
-5.3975535336582251e-05
-5.3538542442549552e-05
-5.3083906032055730e-05
-5.2629313178373765e-05
-5.2182202920011797e-05
-5.1725516993284802e-05
-5.1285952648637392e-05
-5.0819752359393802e-05
-5.0401226231138031e-05
-4.9910888039140787e-05
-4.9507410962634344e-05
-4.9017047239047569e-05
-4.8601440616480223e-05
-4.8137021049068992e-05
-4.7690018168954120e-05
-4.7260367518901676e-05
-4.6781862063887714e-05
-4.6376818862889664e-05
-4.5882379880886376e-05
-4.5466190157357865e-05
-4.5006278410664446e-05
-4.4561355094375639e-05
-4.4124938258111165e-05
-4.3656798458921353e-05
-4.3242653654499428e-05
-4.2751756597142777e-05
-4.2329581398235749e-05
-4.1869761672935412e-05
-4.1415611158554343e-05
-4.0987489896489497e-05
-4.0497812009561406e-05
-4.0069531598004269e-05
-3.9610311007436779e-05
-3.9148959705564888e-05
-3.8715420399343197e-05
-3.8220537685034954e-05
0.0000000000000000e+00
];
