%Vec Object:dSdr_b_aug_4730 1 MPI processes
%  type: seq
dSdr_b_aug_4730 = [
2.3395359375412318e+03
0.0000000000000000e+00
-9.7049093325722220e-07
-4.0028800717369603e-07
-2.4808766559565368e-07
-1.7588727371899579e-07
-1.3192828007608804e-07
-1.0475536326561101e-07
-8.6337533897111496e-08
-7.2466042679602845e-08
-6.2165680231690159e-08
-5.4269892874964654e-08
-4.7839242671316333e-08
-4.2629555052295337e-08
-3.8358458370645655e-08
-3.4756756436831639e-08
-3.1679003431811785e-08
-2.9052995065929614e-08
-2.6782506007588181e-08
-2.8522189848260853e-08
-9.2061574964342736e-05
-7.1916584781486000e-04
-6.8567431191594082e-04
-6.4678493145342380e-04
-6.0354581866205301e-04
-5.6182515903731908e-04
-5.2183898333450166e-04
-4.8146189457838503e-04
-4.4004287168100740e-04
-3.9579050154316695e-04
-3.5685127520884295e-04
-3.1943356570474004e-04
-2.8411568263273700e-04
-2.4687156267370289e-04
-2.1657960251300582e-04
-1.9021606373962943e-04
-1.6715625784246153e-04
-1.4537814915709126e-04
-1.2888300644815591e-04
-1.1637184103728024e-04
-1.0649307027756229e-04
-9.8528534096854582e-05
-9.3564352667934123e-05
-9.0535783676571932e-05
-8.8879733844562944e-05
-8.8487507311963348e-05
-8.8975046075644339e-05
-8.9982317140809782e-05
-9.1438014563883005e-05
-9.3402147443636671e-05
-9.5130280862129173e-05
-9.6942215839052273e-05
-9.8786221940165884e-05
-1.0055992564473184e-04
-1.0204508715133109e-04
-1.0337301406588880e-04
-1.0464583024868668e-04
-1.0567071520868894e-04
-1.0650978405419478e-04
-1.0718384276470405e-04
-1.0778803302583502e-04
-1.0818123888254497e-04
-1.0841231750139443e-04
-1.0859274449144501e-04
-1.0867133581416705e-04
-1.0861541648012655e-04
-1.0849752225009669e-04
-1.0832004335483466e-04
-1.0805360446040537e-04
-1.0773005954628450e-04
-1.0738680570191722e-04
-1.0699197590425135e-04
-1.0656327216928729e-04
-1.0607193038867969e-04
-1.0558915790459169e-04
-1.0507909894441913e-04
-1.0452332600329797e-04
-1.0398877165582292e-04
-1.0344371065210527e-04
-1.0282589151301503e-04
-1.0225282126727505e-04
-1.0167674414069937e-04
-1.0104467970650591e-04
-1.0046004434924793e-04
-9.9879288677381746e-05
-9.9204539942796021e-05
-9.8620655232402069e-05
-9.8017931562861390e-05
-9.7363534484675766e-05
-9.6781047071642286e-05
-9.6163078473573187e-05
-9.5512575131083481e-05
-9.4926903578656469e-05
-9.4288713294153156e-05
-9.3674602601014252e-05
-9.3099290079295326e-05
-9.2434404149998938e-05
-9.1849307267623584e-05
-9.1262507297835231e-05
-9.0587088394743380e-05
-9.0043868170774140e-05
-8.9427933254694210e-05
-8.8801475506982441e-05
-8.8257884724626776e-05
-8.7590507807644560e-05
-8.7029729936581634e-05
-8.6462130113025321e-05
-8.5818846011332791e-05
-8.5285154840984551e-05
-8.4665086481716553e-05
-8.4077250585206707e-05
-8.3538005188171018e-05
-8.2902795359015750e-05
-8.2373706064141079e-05
-8.1774654266067613e-05
-8.1208746170786345e-05
-8.0648299133815040e-05
-8.0054261484858251e-05
-7.9530608278581102e-05
-7.8914588858822201e-05
-7.8399522937674750e-05
-7.7821988076553965e-05
-7.7251961515016339e-05
-7.6745939941396578e-05
-7.6120009089982263e-05
-7.5638083319642089e-05
-7.5039633504050173e-05
-7.4522172997328501e-05
-7.3973051948704701e-05
-7.3421868521704291e-05
-7.2894280094013464e-05
-7.2336611831795317e-05
-7.1837464085580359e-05
-7.1248720323568689e-05
-7.0776761174152911e-05
-7.0189074244531762e-05
-6.9697430756827269e-05
-6.9149078700794035e-05
-6.8627784877506486e-05
-6.8108132280344223e-05
-6.7580276646447300e-05
-6.7068634560516724e-05
-6.6537404417428409e-05
-6.6036828745247967e-05
-6.5486394211321128e-05
-6.5019478069834569e-05
-6.4447099847950723e-05
-6.3995261982751451e-05
-6.3429548943916912e-05
-6.2971738940031238e-05
-6.2413519172120158e-05
-6.1956558392729558e-05
-6.1391370088929035e-05
-6.0951688743324322e-05
-6.0380011119002896e-05
-5.9942329096025608e-05
-5.9382801422847405e-05
-5.8935877720972228e-05
-5.8384986313362718e-05
-5.7933208230996698e-05
-5.7383084541719331e-05
-5.6940320568155070e-05
-5.6389105392926237e-05
-5.5938105962384407e-05
-5.5412724331040098e-05
-5.4936092198789094e-05
-5.4438090462023468e-05
-5.3942424562863435e-05
-5.3452818863225791e-05
-5.2953484114970326e-05
-5.2472500159905241e-05
-5.1961965184339847e-05
-5.1503387221165991e-05
-5.0966458221548914e-05
-5.0523757215229901e-05
-4.9986700554817199e-05
-4.9530471124868273e-05
-4.9020737389375182e-05
-4.8530650895506098e-05
-4.8057439609393820e-05
-4.7533257683892799e-05
-4.7086746806935190e-05
-4.6543626855863026e-05
-4.6086066522152240e-05
-4.5578672240335442e-05
-4.5089700298136959e-05
-4.4608292822769183e-05
-4.4092631863013921e-05
-4.3635612686162287e-05
-4.3094264259871267e-05
-4.2628263837270017e-05
-4.2120882374093561e-05
-4.1619175026083724e-05
-4.1146269730907439e-05
-4.0604847074444672e-05
-4.0131460477506087e-05
-3.9623433415313225e-05
-3.9112401642796374e-05
-3.8633359047490362e-05
-3.8085068815565461e-05
0.0000000000000000e+00
];
