%Vec Object:dSdr_b_aug_4390 1 MPI processes
%  type: seq
dSdr_b_aug_4390 = [
2.3442896158497415e+03
0.0000000000000000e+00
-1.0025822986946118e-06
-4.1366972556103336e-07
-2.5643100006452374e-07
-1.8188176659442471e-07
-1.3652957340156872e-07
-1.0849559130975126e-07
-8.9493383190583464e-08
-7.5174576778990453e-08
-6.4541599147007132e-08
-5.6390802805791643e-08
-4.9750462964800180e-08
-4.4370355811713047e-08
-3.9959406801204856e-08
-3.6239214448766221e-08
-3.3059635034813311e-08
-3.0346635478206658e-08
-2.8000725496439230e-08
-2.6356779691399393e-08
-1.6196225253916694e-05
-7.0243266421945473e-04
-6.8817986237728018e-04
-6.4937947039227944e-04
-6.0598822609939866e-04
-5.6412106536675173e-04
-5.2399743693320338e-04
-4.8348334288464943e-04
-4.4192629045404448e-04
-3.9753033329940576e-04
-3.5846546214377001e-04
-3.2092903344229902e-04
-2.8550059843758996e-04
-2.4814113350427909e-04
-2.1775594686832407e-04
-1.9131181618625636e-04
-1.6818173171335933e-04
-1.4633713431986162e-04
-1.2979158679426745e-04
-1.1724197363076809e-04
-1.0733202786375561e-04
-9.9341621662859479e-05
-9.4360303749177420e-05
-9.1319939866713330e-05
-8.9655840392009815e-05
-8.9258737548558866e-05
-8.9743867437424500e-05
-9.0750086647186317e-05
-9.2205872694999086e-05
-9.4170633346231310e-05
-9.5899218501178574e-05
-9.7711858855762889e-05
-9.9556235632714316e-05
-1.0132982529139098e-04
-1.0281450895997254e-04
-1.0414137597467932e-04
-1.0541238464741049e-04
-1.0643519422539074e-04
-1.0727184423623868e-04
-1.0794283960664559e-04
-1.0854343809355227e-04
-1.0893298974170403e-04
-1.0916000407112873e-04
-1.0933554881252568e-04
-1.0940966809363053e-04
-1.0934900046058391e-04
-1.0922584041025781e-04
-1.0904293140880283e-04
-1.0877122562492907e-04
-1.0844211497548043e-04
-1.0809293012307423e-04
-1.0769262103551861e-04
-1.0725841385724574e-04
-1.0676054902935562e-04
-1.0627215353332946e-04
-1.0575650554151485e-04
-1.0519410746474447e-04
-1.0465395885790090e-04
-1.0410332469347960e-04
-1.0347871748965100e-04
-1.0290003679726590e-04
-1.0231828754924326e-04
-1.0167962691892344e-04
-1.0108941205742806e-04
-1.0050303659514239e-04
-9.9821630773575955e-05
-9.9232188998143011e-05
-9.8623773742939952e-05
-9.7962995077643936e-05
-9.7375042784104583e-05
-9.6751293029941697e-05
-9.6094559091108999e-05
-9.5503469650135632e-05
-9.4859336458124065e-05
-9.4239379251654200e-05
-9.3658741819684012e-05
-9.2987719834351193e-05
-9.2397010146888500e-05
-9.1804871305272334e-05
-9.1123201333747066e-05
-9.0574718413909664e-05
-8.9953246585871009e-05
-8.9320903366441227e-05
-8.8772121364602555e-05
-8.8098743688587908e-05
-8.7532592729784350e-05
-8.6959682522816983e-05
-8.6310507593181102e-05
-8.5771721977005716e-05
-8.5145866890693031e-05
-8.4552583874393712e-05
-8.4008218147909824e-05
-8.3367038230782055e-05
-8.2833017630287568e-05
-8.2228250177713113e-05
-8.1657050386092265e-05
-8.1091353314039917e-05
-8.0491637397280788e-05
-7.9963043187007254e-05
-7.9341237916717602e-05
-7.8821127543954236e-05
-7.8238222549680106e-05
-7.7662753728071252e-05
-7.7151702925979339e-05
-7.6520023354733951e-05
-7.6033273310212077e-05
-7.5429095639048654e-05
-7.4906741743751006e-05
-7.4352094863413168e-05
-7.3795696803930766e-05
-7.3262951497828408e-05
-7.2699773557071700e-05
-7.2195777893595603e-05
-7.1601240456417765e-05
-7.1124565372932680e-05
-7.0531133253410428e-05
-7.0034579769539236e-05
-6.9480778407390661e-05
-6.8954331649661216e-05
-6.8429438569520440e-05
-6.7896274288903807e-05
-6.7379550639107234e-05
-6.6842831023728708e-05
-6.6337271762157712e-05
-6.5781253708416959e-05
-6.5309416116892538e-05
-6.4731397868497535e-05
-6.4274685672135120e-05
-6.3703272286290272e-05
-6.3240712274314858e-05
-6.2676591951062015e-05
-6.2214922900922037e-05
-6.1643806189592005e-05
-6.1199435889126586e-05
-6.0621791966592290e-05
-6.0179386784364466e-05
-5.9613951698776399e-05
-5.9162248965189963e-05
-5.8605452214998587e-05
-5.8148781819006121e-05
-5.7592808298634371e-05
-5.7145043909391459e-05
-5.6588051976982737e-05
-5.6131962658910189e-05
-5.5600823057724375e-05
-5.5119002969367968e-05
-5.4615325608587603e-05
-5.4114284098562293e-05
-5.3619116626323693e-05
-5.3114200031909839e-05
-5.2627795110069429e-05
-5.2111457645113811e-05
-5.1647637730962286e-05
-5.1104610964414257e-05
-5.0656776365577719e-05
-5.0113608574760409e-05
-4.9652062471532564e-05
-4.9136398062270793e-05
-4.8640672831000484e-05
-4.8161760378087292e-05
-4.7631600370352552e-05
-4.7179662260100177e-05
-4.6630171009467613e-05
-4.6167196158313341e-05
-4.5653587441901368e-05
-4.5158850503479862e-05
-4.4671554754695909e-05
-4.4149674345482639e-05
-4.3687043910319754e-05
-4.3139092583948634e-05
-4.2667356529533425e-05
-4.2153750463988622e-05
-4.1645819248561594e-05
-4.1167053135327810e-05
-4.0618858895124940e-05
-4.0139570026104446e-05
-3.9625157359153459e-05
-3.9107627981898277e-05
-3.8622642578645842e-05
-3.8067428768405282e-05
0.0000000000000000e+00
];
