%Vec Object:dSdr_b_aug_7320 1 MPI processes
%  type: seq
dSdr_b_aug_7320 = [
2.2994995290766565e+03
0.0000000000000000e+00
-7.4561951270931434e-07
-3.0858142237010019e-07
-1.9219686764010677e-07
-1.3670959639256745e-07
-1.0261860053667333e-07
-8.1536817206345030e-08
-6.7246607756987135e-08
-5.6499901403189610e-08
-4.8518399784529820e-08
-4.2399093922416326e-08
-3.7416079222419593e-08
-3.3378801225236487e-08
-3.0068488740129718e-08
-2.7276643820824059e-08
-2.4890596249487147e-08
-2.2906263106949419e-08
-8.6895965671961548e-06
-7.6886533658711460e-04
-7.4731996936088527e-04
-7.0835401129332772e-04
-6.7006129337519068e-04
-6.3191343966020614e-04
-5.8956739156487204e-04
-5.4868569563755356e-04
-5.0948617758767554e-04
-4.6989316932516715e-04
-4.2926408797569888e-04
-3.8583346478184732e-04
-3.4761330239648045e-04
-3.1087502157749024e-04
-2.7618982602862959e-04
-2.3960582413824180e-04
-2.0984739810740797e-04
-1.8394508597470099e-04
-1.6128748362499414e-04
-1.3988988912449246e-04
-1.2368321264804709e-04
-1.1139208330754143e-04
-1.0169172684711243e-04
-9.3875244706530733e-05
-8.9009135351916972e-05
-8.6048068521409385e-05
-8.4438086807566351e-05
-8.4073767424987862e-05
-8.4575092211212200e-05
-8.5588383079091243e-05
-8.7043573338424913e-05
-8.9004113513405290e-05
-9.0729661673274987e-05
-9.2537559801992032e-05
-9.4379444547226259e-05
-9.6153800951523664e-05
-9.7641697137154179e-05
-9.8975689834428099e-05
-1.0025884966434110e-04
-1.0129561134773216e-04
-1.0214852285614072e-04
-1.0284011299577579e-04
-1.0346485891057795e-04
-1.0387897773436436e-04
-1.0413331621049927e-04
-1.0434168423110604e-04
-1.0444586897548383e-04
-1.0441712408252973e-04
-1.0432936606341238e-04
-1.0418296358686124e-04
-1.0394666702435166e-04
-1.0365497473495801e-04
-1.0334566396765396e-04
-1.0298219207004326e-04
-1.0258498446548012e-04
-1.0213097399856844e-04
-1.0168038193622558e-04
-1.0120230892953768e-04
-1.0068445155445014e-04
-1.0018191307973844e-04
-9.9668747201789613e-05
-9.9089776071577214e-05
-9.8548814339647275e-05
-9.8005198691400106e-05
-9.7410884205307663e-05
-9.6858180279781676e-05
-9.6309586597470985e-05
-9.5672936289615556e-05
-9.5120854592835988e-05
-9.4550703797132723e-05
-9.3932828463826060e-05
-9.3381616493997026e-05
-9.2796733381155837e-05
-9.2181887665750953e-05
-9.1627222622780300e-05
-9.1023043525763410e-05
-9.0442392357484148e-05
-8.9897554232052718e-05
-8.9267784877790986e-05
-8.8714810011072666e-05
-8.8158564340088826e-05
-8.7518920227228604e-05
-8.7005818348116564e-05
-8.6421571118353244e-05
-8.5828795866209787e-05
-8.5314914381487671e-05
-8.4681879748512752e-05
-8.4151852005464472e-05
-8.3614643453934790e-05
-8.3005072502236090e-05
-8.2500536795738799e-05
-8.1913585818501795e-05
-8.1356923735524458e-05
-8.0846981934592791e-05
-8.0245938860654315e-05
-7.9745071381023586e-05
-7.9178730218477000e-05
-7.8643106451080968e-05
-7.8112705315243317e-05
-7.7551164338886171e-05
-7.7055788452690737e-05
-7.6472881400802071e-05
-7.5986684829945885e-05
-7.5439883191255841e-05
-7.4901002634039938e-05
-7.4423763289563081e-05
-7.3830732309097208e-05
-7.3376415817386718e-05
-7.2810746467485347e-05
-7.2321290781208561e-05
-7.1803794018574364e-05
-7.1282453888181651e-05
-7.0784378231633979e-05
-7.0258241812310874e-05
-6.9786838656819432e-05
-6.9231252048457126e-05
-6.8786282152349528e-05
-6.8231474896843737e-05
-6.7767931278949359e-05
-6.7250765558518944e-05
-6.6758961939585902e-05
-6.6269300586781484e-05
-6.5771826298384510e-05
-6.5289265966067317e-05
-6.4789452032925677e-05
-6.4317397409209396e-05
-6.3798917320205149e-05
-6.3360166606146647e-05
-6.2820066218714023e-05
-6.2396124122355315e-05
-6.1863034133974429e-05
-6.1432408402032642e-05
-6.0907957477407369e-05
-6.0477942110620735e-05
-5.9946682051213913e-05
-5.9533835577002887e-05
-5.8996303049001741e-05
-5.8585651652708779e-05
-5.8059932077501736e-05
-5.7640358764754392e-05
-5.7123263614681091e-05
-5.6699484238263962e-05
-5.6182839121181812e-05
-5.5768692527084512e-05
-5.5250537730466018e-05
-5.4828667734088506e-05
-5.4336238970383713e-05
-5.3889297528033330e-05
-5.3423777405403669e-05
-5.2958876154845388e-05
-5.2501100512624812e-05
-5.2033710710736175e-05
-5.1583751000064712e-05
-5.1106423729497062e-05
-5.0677845526853579e-05
-5.0175814128288242e-05
-4.9762492776507027e-05
-4.9260410229502650e-05
-4.8834608261786805e-05
-4.8358815932090786e-05
-4.7901000122913941e-05
-4.7460416836885643e-05
-4.6970447737263246e-05
-4.6554997228065223e-05
-4.6048340588426877e-05
-4.5621767979508406e-05
-4.5149939431283393e-05
-4.4693961202736824e-05
-4.4246253098013443e-05
-4.3766187016296899e-05
-4.3341282289710295e-05
-4.2837723818925305e-05
-4.2404550452990781e-05
-4.1932795119163386e-05
-4.1466710742281712e-05
-4.1027352350512352e-05
-4.0524691757301120e-05
-4.0085097385958970e-05
-3.9613639654397709e-05
-3.9139845729900946e-05
-3.8694959705240671e-05
-3.8187065822686012e-05
0.0000000000000000e+00
];
