%Vec Object:dSdr_b_aug_6990 1 MPI processes
%  type: seq
dSdr_b_aug_6990 = [
2.3022014139854291e+03
0.0000000000000000e+00
-7.5853980841323699e-07
-3.1376729054026451e-07
-1.9530490384820056e-07
-1.3884646930796409e-07
-1.0418317936329987e-07
-8.2748492039771061e-08
-6.8219433104548475e-08
-5.7293368871898394e-08
-4.9178975601898484e-08
-4.2957929902704949e-08
-3.7892562969361459e-08
-3.3788770190031926e-08
-3.0424013220239031e-08
-2.7586458508451085e-08
-2.5161555338975006e-08
-2.3106622030272939e-08
-2.5553807347016308e-06
-7.3366245315540615e-04
-7.4902542225334390e-04
-7.1017432025179475e-04
-6.7179173463546111e-04
-6.3355418276486643e-04
-5.9110946881175865e-04
-5.5013521643728844e-04
-5.1084891567964143e-04
-4.7116940912459571e-04
-4.3045318290392429e-04
-3.8693190612351365e-04
-3.4863241794795238e-04
-3.1181918382520952e-04
-2.7706419136892661e-04
-2.4040736647978230e-04
-2.1059008195534030e-04
-1.8463688815618796e-04
-1.6193491545716011e-04
-1.4049534333487494e-04
-1.2425684379815027e-04
-1.1194144048817735e-04
-1.0222140162449563e-04
-9.4388586252103156e-05
-8.9511657762962455e-05
-8.6543144256268634e-05
-8.4928080431331460e-05
-8.4560682422908577e-05
-8.5060486399510731e-05
-8.6073113211287622e-05
-8.7528359455708667e-05
-8.9489296005446889e-05
-9.1215129397590963e-05
-9.3023472893255974e-05
-9.4865591690005836e-05
-9.6639876115241276e-05
-9.8127470639713038e-05
-9.9460794192638709e-05
-1.0074281293931860e-04
-1.0177826441267397e-04
-1.0262964883168900e-04
-1.0331930494360940e-04
-1.0394178320352017e-04
-1.0435359495380089e-04
-1.0460536745148011e-04
-1.0481065307507872e-04
-1.0491201440596399e-04
-1.0488027168409406e-04
-1.0478918909892549e-04
-1.0463935833415536e-04
-1.0439973652989414e-04
-1.0410453032225774e-04
-1.0379147502177775e-04
-1.0342454378269671e-04
-1.0302386158720163e-04
-1.0256573280273184e-04
-1.0211159065946101e-04
-1.0162998902509483e-04
-1.0110794887847083e-04
-1.0060187847523518e-04
-1.0008519398924864e-04
-9.9501937221857260e-05
-9.8957433341146029e-05
-9.8410236605653054e-05
-9.7811757618151702e-05
-9.7255531078982037e-05
-9.6703389348257491e-05
-9.6062536095272195e-05
-9.5506945951510336e-05
-9.4933201779221580e-05
-9.4311297437208840e-05
-9.3756635220811581e-05
-9.3168102180897424e-05
-9.2549322784497262e-05
-9.1991237163083152e-05
-9.1383306017112532e-05
-9.0798963658236684e-05
-9.0250763655965813e-05
-8.9617120308342220e-05
-8.9060601802432260e-05
-8.8500985439800300e-05
-8.7857394720404199e-05
-8.7340970243216675e-05
-8.6753227287251250e-05
-8.6156736243998608e-05
-8.5639577283908513e-05
-8.5002754073114698e-05
-8.4469334032164918e-05
-8.3928772771012491e-05
-8.3315482646271701e-05
-8.2807730562127675e-05
-8.2217126135783027e-05
-8.1657025014495704e-05
-8.1143850494112588e-05
-8.0539038206037749e-05
-8.0035057346894081e-05
-7.9465107606520278e-05
-7.8926142926966279e-05
-7.8392427181708278e-05
-7.7827301231346249e-05
-7.7328805842173754e-05
-7.6742245893791810e-05
-7.6252864508173166e-05
-7.5702672435736204e-05
-7.5160355907383648e-05
-7.4679941358976739e-05
-7.4083280923901250e-05
-7.3625918625814022e-05
-7.3056632993712906e-05
-7.2564087865419888e-05
-7.2043102368011719e-05
-7.1518469978144037e-05
-7.1017138524980672e-05
-7.0487523568700715e-05
-7.0013059678730852e-05
-6.9453815231904756e-05
-6.9005867928494883e-05
-6.8447433445274820e-05
-6.7980789898650784e-05
-6.7460183756165118e-05
-6.6965126829050863e-05
-6.6472156894104042e-05
-6.5971330988141066e-05
-6.5485562406614769e-05
-6.4982282691198530e-05
-6.4507081673798568e-05
-6.3985076424960020e-05
-6.3543218548220521e-05
-6.2999557324665636e-05
-6.2572537813321936e-05
-6.2035848904643789e-05
-6.1602224248068354e-05
-6.1074048000758064e-05
-6.0641060059124955e-05
-6.0106057091383098e-05
-5.9690250236206999e-05
-5.9148950876221590e-05
-5.8735317502619220e-05
-5.8205868271380788e-05
-5.7783277704537486e-05
-5.7262454203382447e-05
-5.6835586050385968e-05
-5.6315247627133268e-05
-5.5897944003925543e-05
-5.5376142033611882e-05
-5.4951058517186556e-05
-5.4454994438040483e-05
-5.4004777556426181e-05
-5.3535674103518070e-05
-5.3067378933499439e-05
-5.2606091836163827e-05
-5.2135177902776666e-05
-5.1681795628532948e-05
-5.1200804916436086e-05
-5.0768917164014928e-05
-5.0263035891378407e-05
-4.9846473391739352e-05
-4.9340532521720973e-05
-4.8911373804441434e-05
-4.8431837067229500e-05
-4.7970461154489070e-05
-4.7526278338426321e-05
-4.7032534863372945e-05
-4.6613657740890144e-05
-4.6102978429782615e-05
-4.5672987188971437e-05
-4.5197234948654378e-05
-4.4737616740517044e-05
-4.4286190773546296e-05
-4.3802197672881107e-05
-4.3373749820064823e-05
-4.2866022023789767e-05
-4.2429226711418691e-05
-4.1953540465624501e-05
-4.1483525259180479e-05
-4.1040464643380270e-05
-4.0533525771927934e-05
-4.0090200051048268e-05
-3.9614701791671621e-05
-3.9136786528163480e-05
-3.8688094973407624e-05
-3.8175545726369977e-05
0.0000000000000000e+00
];
