%Vec Object:dSdr_b_aug_7960 1 MPI processes
%  type: seq
dSdr_b_aug_7960 = [
2.2945246558082217e+03
0.0000000000000000e+00
-7.2164597303601723e-07
-2.9860400251558625e-07
-1.8597641132114199e-07
-1.3225182043774916e-07
-9.9216747174060496e-08
-7.8787714895107307e-08
-6.4940420577741254e-08
-5.4531160183458520e-08
-4.6800505968025662e-08
-4.0873531992526114e-08
-3.6048262545136241e-08
-3.2139087338966841e-08
-2.8933883612271452e-08
-2.6230988361942219e-08
-2.3921273805268655e-08
-2.2511308959093581e-08
-6.6738303014102671e-05
-7.8271102592265959e-04
-7.4384281333777548e-04
-7.0494345746423856e-04
-6.6682166867594974e-04
-6.2884177755136931e-04
-5.8668044410343817e-04
-5.4597202458782313e-04
-5.0693497382203300e-04
-4.6750390038099554e-04
-4.2703796432274298e-04
-3.8377705513541806e-04
-3.4570539981279997e-04
-3.0910744025331024e-04
-2.7455291259127979e-04
-2.3810524377619808e-04
-2.0845700765294550e-04
-1.8264995188403376e-04
-1.6007541595767393e-04
-1.3875640841604599e-04
-1.2260930860876742e-04
-1.1036362320915687e-04
-1.0070011448592226e-04
-9.2914209647934767e-05
-8.8068354897395269e-05
-8.5121229114520447e-05
-8.3520761710632232e-05
-8.3162205883411666e-05
-8.3666377813908260e-05
-8.4680911884336239e-05
-8.6135997345069840e-05
-8.8095795472956280e-05
-8.9820809656423114e-05
-9.1627874017145532e-05
-9.3469320600768314e-05
-9.5243811766976537e-05
-9.6732272705918443e-05
-9.8067518126405951e-05
-9.9352814203504429e-05
-1.0039202875816682e-04
-1.0124779916083888e-04
-1.0194301002966207e-04
-1.0257200126253374e-04
-1.0299043920009470e-04
-1.0324958148955304e-04
-1.0346372011860859e-04
-1.0357319062368483e-04
-1.0355005801730195e-04
-1.0346852397465118e-04
-1.0332853965384380e-04
-1.0309846833204900e-04
-1.0281335450764105e-04
-1.0251105394300356e-04
-1.0215405833576039e-04
-1.0176335557044092e-04
-1.0131705507322017e-04
-1.0087310917622628e-04
-1.0040164217142501e-04
-9.9891615430927177e-05
-9.9395689137939781e-05
-9.8889110503430524e-05
-9.8318162584260524e-05
-9.7783832166848338e-05
-9.7246920730622167e-05
-9.6660402675153543e-05
-9.6114293491980009e-05
-9.5572342168712620e-05
-9.4943560262681465e-05
-9.4398046786313891e-05
-9.3834623209463103e-05
-9.3224290648535486e-05
-9.2679537941123488e-05
-9.2101487915667034e-05
-9.1494006508165143e-05
-9.0945745185442884e-05
-9.0348590359464652e-05
-8.9774849528658396e-05
-8.9236305227322513e-05
-8.8613788438302249e-05
-8.8067447675839672e-05
-8.7517512330910737e-05
-8.6885256723733979e-05
-8.6378375133981257e-05
-8.5800672308289307e-05
-8.5214853446049821e-05
-8.4707107773531135e-05
-8.4081165795258758e-05
-8.3557488825255786e-05
-8.3026556933142481e-05
-8.2423948702422780e-05
-8.1925434425615299e-05
-8.1345323126562916e-05
-8.0795099319911685e-05
-8.0291209542360494e-05
-7.9697222871948970e-05
-7.9202183997580008e-05
-7.8642598508886532e-05
-7.8113229313935410e-05
-7.7589033508876709e-05
-7.7034204016785529e-05
-7.6544668199457928e-05
-7.5968599790688553e-05
-7.5488365559786861e-05
-7.4947911203363156e-05
-7.4415463179563251e-05
-7.3944168182263426e-05
-7.3357931958489923e-05
-7.2909317566606518e-05
-7.2350418312916028e-05
-7.1866746417182151e-05
-7.1355780967238209e-05
-7.0840604324810469e-05
-7.0348623893483233e-05
-6.9828999695122144e-05
-6.9363326585634533e-05
-6.8814587871011455e-05
-6.8375192022803957e-05
-6.7827175353833097e-05
-6.7369435157857880e-05
-6.6858710301771261e-05
-6.6372997248384072e-05
-6.5889529940269908e-05
-6.5398330263560003e-05
-6.4921776140777337e-05
-6.4428450548350785e-05
-6.3962286332882258e-05
-6.3450405746057477e-05
-6.3017471994748539e-05
-6.2484037899104028e-05
-6.2065857073858102e-05
-6.1539504674561454e-05
-6.1114493269973720e-05
-6.0597016573769852e-05
-6.0172566203842261e-05
-5.9648313294352208e-05
-5.9241008987778442e-05
-5.8710528396470417e-05
-5.8305459597789376e-05
-5.7786722360671610e-05
-5.7372797686533315e-05
-5.6862682430072832e-05
-5.6444685589286416e-05
-5.5934954756285815e-05
-5.5526718472730485e-05
-5.5015391592971422e-05
-5.4599537662717567e-05
-5.4113914613572753e-05
-5.3673105154773052e-05
-5.3214293421812363e-05
-5.2755745960391540e-05
-5.2304544145783045e-05
-5.1843751901168774e-05
-5.1400199598575856e-05
-5.0929730684798365e-05
-5.0507348309934425e-05
-5.0012524284983044e-05
-4.9605270697525021e-05
-4.9110411333158577e-05
-4.8690893539799534e-05
-4.8222111118663201e-05
-4.7770960172623740e-05
-4.7337115552333806e-05
-4.6854212438689953e-05
-4.6445176852901071e-05
-4.5946051010738050e-05
-4.5525878349822253e-05
-4.5061395257175508e-05
-4.4612231312782607e-05
-4.4171483260397222e-05
-4.3698768747045148e-05
-4.3280496833267939e-05
-4.2784743401270442e-05
-4.2358350193565129e-05
-4.1893953252691728e-05
-4.1435226836753623e-05
-4.1002797988014871e-05
-4.0508144615795466e-05
-4.0075532150764397e-05
-3.9611632184562414e-05
-3.9145539873030123e-05
-3.8707738775392411e-05
-3.8208349960478034e-05
0.0000000000000000e+00
];
