%Vec Object:dSdr_b_aug_6170 1 MPI processes
%  type: seq
dSdr_b_aug_6170 = [
2.3168191162786238e+03
0.0000000000000000e+00
-8.3370898778235907e-07
-3.4437566730037066e-07
-2.1394149603391099e-07
-1.5188532534714735e-07
-1.1390690389066120e-07
-9.0425988862755283e-08
-7.4510555781396998e-08
-6.2536819992917132e-08
-5.3645114455742826e-08
-4.6828597440509552e-08
-4.1278529237665303e-08
-3.6782342113947062e-08
-3.3096062557401996e-08
-2.9987650169390236e-08
-2.7331567285106959e-08
-2.5065296341604482e-08
-2.5109469124677725e-08
-9.6831807362649305e-05
-7.5047616281203949e-04
-7.1478483827974683e-04
-6.7619979510309192e-04
-6.3773408972611981e-04
-5.9503802415788239e-04
-5.5382797761718686e-04
-5.1432059154959638e-04
-4.7442072425512059e-04
-4.3348249009625184e-04
-3.8973026667984105e-04
-3.5122869025649452e-04
-3.1422450711986915e-04
-2.7929170194993159e-04
-2.4244935517249899e-04
-2.1248212435238486e-04
-1.8639930580744579e-04
-1.6358429641953183e-04
-1.4203778326388089e-04
-1.2571821217124504e-04
-1.1334096915637804e-04
-1.0357078813785569e-04
-9.5696363200425938e-05
-9.0791872087082377e-05
-8.7804387402932164e-05
-8.6176376310458688e-05
-8.5801135067459103e-05
-8.6297064525136892e-05
-8.7307999563591914e-05
-8.8763388392572922e-05
-9.0725334695005078e-05
-9.2451894700148793e-05
-9.4261372765549464e-05
-9.6104087792744537e-05
-9.7878188815566820e-05
-9.9365014808426629e-05
-1.0069663364155863e-04
-1.0197574537129934e-04
-1.0300785896678369e-04
-1.0385535299355981e-04
-1.0454008200962405e-04
-1.0515678323511471e-04
-1.0556271753049021e-04
-1.0580795299513550e-04
-1.0600538597245174e-04
-1.0609955443734596e-04
-1.0606017451433379e-04
-1.0596062234191954e-04
-1.0580205775066517e-04
-1.0555396463899665e-04
-1.0524980645732279e-04
-1.0492721167479528e-04
-1.0455146750089983e-04
-1.0414193352188632e-04
-1.0367331301359906e-04
-1.0321012677123356e-04
-1.0271953569184435e-04
-1.0218683962115891e-04
-1.0167177136432334e-04
-1.0114612295991988e-04
-1.0055194821153813e-04
-9.9998420441120653e-05
-9.9442100617560413e-05
-9.8833012251968409e-05
-9.8267811590912517e-05
-9.7706630941539672e-05
-9.7055070372857293e-05
-9.6490542198330090e-05
-9.5907643631077405e-05
-9.5275475089589195e-05
-9.4712023112698872e-05
-9.4114191611766561e-05
-9.3485390870612437e-05
-9.2918591070821974e-05
-9.2301101301261063e-05
-9.1707355360001484e-05
-9.1150590726328835e-05
-9.0507078093170513e-05
-8.9941531903163196e-05
-8.9373328453076762e-05
-8.8719683461071730e-05
-8.8194794418460990e-05
-8.7598145844349710e-05
-8.6992188555258250e-05
-8.6466679990781166e-05
-8.5820205104928973e-05
-8.5278142941012033e-05
-8.4729040411049718e-05
-8.4106275425324445e-05
-8.3590329388251190e-05
-8.2990417537661946e-05
-8.2421555219434667e-05
-8.1900145114570871e-05
-8.1285730482798225e-05
-8.0773818066690975e-05
-8.0194675215629636e-05
-7.9647199323392079e-05
-7.9105039373761381e-05
-7.8530780445669078e-05
-7.8024337900373301e-05
-7.7428471937163358e-05
-7.6930977009233563e-05
-7.6372147565378001e-05
-7.5821077655966853e-05
-7.5332574050167146e-05
-7.4726667321301735e-05
-7.4261545615998955e-05
-7.3683047248242352e-05
-7.3182631548365584e-05
-7.2652758252155151e-05
-7.2119738599020220e-05
-7.1610112774661761e-05
-7.1071636000248354e-05
-7.0589374674784116e-05
-7.0020811626917405e-05
-6.9565279170783660e-05
-6.8997604070457463e-05
-6.8523063239684818e-05
-6.7993692381987936e-05
-6.7490347426387809e-05
-6.6988948648989891e-05
-6.6479584265269979e-05
-6.5985642447915937e-05
-6.5473533412987040e-05
-6.4990316742475062e-05
-6.4459330906891461e-05
-6.4009557322210954e-05
-6.3456824625625376e-05
-6.3021965192362590e-05
-6.2476107790194050e-05
-6.2034843173559072e-05
-6.1497176415419569e-05
-6.1056615643905815e-05
-6.0512077367044120e-05
-6.0088728749230210e-05
-5.9537833135711702e-05
-5.9116602984149537e-05
-5.8577652211038661e-05
-5.8147374999599106e-05
-5.7617053284801275e-05
-5.7182316282588033e-05
-5.6652568929766402e-05
-5.6227222583886193e-05
-5.5696129215409121e-05
-5.5262859067558261e-05
-5.4757533806460126e-05
-5.4298972557262901e-05
-5.3820740366309780e-05
-5.3343799000967813e-05
-5.2873566282864418e-05
-5.2393674440833075e-05
-5.1931573016234195e-05
-5.1441249507564651e-05
-5.1000930531729625e-05
-5.0485241531083167e-05
-5.0060422087962487e-05
-4.9544651990363661e-05
-4.9106941854383304e-05
-4.8617866130316637e-05
-4.8147420779182207e-05
-4.7694068107280470e-05
-4.7190709376155311e-05
-4.6763102980644600e-05
-4.6242175941444772e-05
-4.5803475858490329e-05
-4.5317728167004653e-05
-4.4848837370271404e-05
-4.4387940511237948e-05
-4.3893943820975721e-05
-4.3456470559340556e-05
-4.2938122332061020e-05
-4.2492101435758873e-05
-4.2006403029375143e-05
-4.1526376677539571e-05
-4.1073888585202406e-05
-4.0556056901980092e-05
-4.0103235758202523e-05
-3.9617462960348731e-05
-3.9129088734689001e-05
-3.8670816055976633e-05
-3.8147011891336920e-05
0.0000000000000000e+00
];
