%Vec Object:dSdr_b_aug_3120 1 MPI processes
%  type: seq
dSdr_b_aug_3120 = [
2.3722594653145120e+03
0.0000000000000000e+00
-1.2127933567318061e-06
-4.9847060096518732e-07
-3.0740320046871323e-07
-2.1718617636870881e-07
-1.6271580558285491e-07
-1.2905801991239684e-07
-1.0624642415578772e-07
-8.9046440936188125e-08
-7.6276815778498803e-08
-6.6489615550096192e-08
-5.8518753406343820e-08
-5.2062126889235140e-08
-4.6769320766529198e-08
-4.2306883608703183e-08
-3.8494468598989881e-08
-3.5241946489073245e-08
-3.2430052251917535e-08
-2.9949424141629694e-08
-2.7831077085553121e-08
-1.2418552984010394e-06
-4.9977258637891851e-04
-6.5800072256369882e-04
-6.1645038062289187e-04
-5.7400867599017040e-04
-5.3329469200672549e-04
-4.9219052910088137e-04
-4.5003893171656148e-04
-4.0502448779032476e-04
-3.6541841387075234e-04
-3.2737061382801311e-04
-2.9146598717061161e-04
-2.5360968501455817e-04
-2.2282293443164517e-04
-1.9603166196257665e-04
-1.7259885937512116e-04
-1.5046786834453508e-04
-1.3370520697980471e-04
-1.2098998386936887e-04
-1.1094575480030218e-04
-1.0284391601534271e-04
-9.7788784380097759e-05
-9.4697615176766181e-05
-9.2998842678285339e-05
-9.2580735632942715e-05
-9.3055489561777357e-05
-9.4057178040292088e-05
-9.5513345863557133e-05
-9.7480810611925601e-05
-9.9211341607082190e-05
-1.0102702033485683e-04
-1.0287299378796459e-04
-1.0464609222933857e-04
-1.0612871767925545e-04
-1.0745101931842162e-04
-1.0871424280424989e-04
-1.0972811333101318e-04
-1.1055434457483722e-04
-1.1121214479405736e-04
-1.1179727195822958e-04
-1.1217108335990555e-04
-1.1238059106491516e-04
-1.1253510590761093e-04
-1.1258996222152548e-04
-1.1250884167391591e-04
-1.1236299954089163e-04
-1.1215670081492701e-04
-1.1186230835569400e-04
-1.1150922385129963e-04
-1.1113449176742830e-04
-1.1071058117976436e-04
-1.1025266846283081e-04
-1.0972670625147730e-04
-1.0921409018617564e-04
-1.0867436799172284e-04
-1.0808343279538272e-04
-1.0751918746769797e-04
-1.0694454746278097e-04
-1.0629070133787150e-04
-1.0568785419907416e-04
-1.0508167284645290e-04
-1.0441459975000521e-04
-1.0380035172333190e-04
-1.0318976956686504e-04
-1.0247968899756326e-04
-1.0186631071111090e-04
-1.0123337951051012e-04
-1.0054511278594487e-04
-9.9933621057149264e-05
-9.9284969541469861e-05
-9.8601397921114218e-05
-9.7986971457938866e-05
-9.7317239775797433e-05
-9.6672099287621567e-05
-9.6068525328184384e-05
-9.5371072884105481e-05
-9.4756186590170519e-05
-9.4141051082758864e-05
-9.3432455247659038e-05
-9.2861303782480580e-05
-9.2215982247025819e-05
-9.1558287930135755e-05
-9.0987145254472650e-05
-9.0287919891897286e-05
-8.9698624879331040e-05
-8.9102840711227863e-05
-8.8428291612224712e-05
-8.7867562164794185e-05
-8.7216781313337771e-05
-8.6600035356894446e-05
-8.6033614307633673e-05
-8.5366718815725932e-05
-8.4811457093836575e-05
-8.4182070013637264e-05
-8.3588076752507331e-05
-8.2999765662663570e-05
-8.2375591157356611e-05
-8.1825714050175254e-05
-8.1178986788976636e-05
-8.0637147928392552e-05
-8.0031111604791604e-05
-7.9432200773988344e-05
-7.8899487055854921e-05
-7.8243045429499778e-05
-7.7735515289075136e-05
-7.7106665433120732e-05
-7.6563233737866754e-05
-7.5984784870363820e-05
-7.5405925283732189e-05
-7.4850967220169682e-05
-7.4264056869623491e-05
-7.3739179268103651e-05
-7.3119686132685881e-05
-7.2622697615248795e-05
-7.2004518642330509e-05
-7.1486815820203832e-05
-7.0909542094390910e-05
-7.0360899564612982e-05
-6.9813433605230013e-05
-6.9257402836219966e-05
-6.8718790834684633e-05
-6.8158425841349874e-05
-6.7631400242416687e-05
-6.7051331708904748e-05
-6.6558295438044006e-05
-6.5955983311310605e-05
-6.5478275394121636e-05
-6.4882308303694565e-05
-6.4399288078604785e-05
-6.3809751671188277e-05
-6.3327802185461827e-05
-6.2731149417226740e-05
-6.2266581880230959e-05
-6.1663238687755347e-05
-6.1200488934359928e-05
-6.0609608220727142e-05
-6.0137320247515637e-05
-5.9555086781437303e-05
-5.9077343191281956e-05
-5.8496172061136122e-05
-5.8026868834268809e-05
-5.7444994045708568e-05
-5.6966980493209264e-05
-5.6411038954607070e-05
-5.5906872204055531e-05
-5.5378747595150598e-05
-5.4854551109883247e-05
-5.4335426783996287e-05
-5.3806466865479489e-05
-5.3296711585528693e-05
-5.2755380383733422e-05
-5.2268981189583292e-05
-5.1699688789232730e-05
-5.1229741634207429e-05
-5.0660250624555525e-05
-5.0175803335794675e-05
-4.9634592976248601e-05
-4.9114579262537511e-05
-4.8611109395524939e-05
-4.8055199158049833e-05
-4.7579883513987204e-05
-4.7002948212064376e-05
-4.6516650506248829e-05
-4.5976273304495505e-05
-4.5456703711802040e-05
-4.4944044200042506e-05
-4.4395373380248572e-05
-4.3908572078412732e-05
-4.3332178227485509e-05
-4.2835734972768158e-05
-4.2295314992051161e-05
-4.1760572239993983e-05
-4.1256557135298582e-05
-4.0679188701153479e-05
-4.0174466120787359e-05
-3.9632529385668985e-05
-3.9086972220295872e-05
-3.8576275771496890e-05
-3.7990635277015069e-05
0.0000000000000000e+00
];
