%Vec Object:dSdr_b_aug_50 1 MPI processes
%  type: seq
dSdr_b_aug_50 = [
2.6996180087159578e+03
0.0000000000000000e+00
-1.6669740334161816e-05
-6.6116008519079119e-06
-3.8690178892398252e-06
-2.6612192117182331e-06
-2.0005598730448216e-06
-1.5943939376103961e-06
-1.3192873585599844e-06
-1.1064499369081023e-06
-9.4860687419343571e-07
-8.2780434007400559e-07
-7.2890158874615149e-07
-6.4874628944496411e-07
-5.8307889400022866e-07
-5.2767674934387291e-07
-4.8030388370391782e-07
-4.3990322242596345e-07
-4.0498320687616876e-07
-3.7416155042645533e-07
-3.4716777739074184e-07
-3.2336825652304273e-07
-3.0197301250472731e-07
-2.8284957347734511e-07
-2.6569624513184908e-07
-2.5013196155123930e-07
-2.3597983133219840e-07
-2.2311891400513943e-07
-2.1135348026770642e-07
-2.0052047222554022e-07
-1.9057450778179027e-07
-1.8141064835377184e-07
-1.7289195239134655e-07
-1.6500595188966882e-07
-1.5768866844173167e-07
-1.5084706594658391e-07
-1.4446467592818125e-07
-1.3850440773938073e-07
-1.3290905114447303e-07
-1.2765396392576906e-07
-1.2271980429347792e-07
-1.1807046675248503e-07
-1.1367980784693321e-07
-1.0953816446972207e-07
-1.0562226324597021e-07
-1.0190731245181646e-07
-9.8388991574941932e-08
-9.5052013864162181e-08
-9.1874075681022007e-08
-8.8853780225654625e-08
-8.5980306239726038e-08
-8.3235965581596761e-08
-8.0619096308193447e-08
-7.8122009048284765e-08
-7.5731997048697918e-08
-7.3445922832674749e-08
-7.1258720948648161e-08
-6.9161205212889273e-08
-6.7150062543724599e-08
-6.5223414926348789e-08
-6.3379901193753374e-08
-6.1635542414365622e-08
-6.0058027314532105e-08
-5.8886791094984739e-08
-5.8972958657534572e-08
-6.3358075092289770e-08
-8.3623167295026874e-08
-1.6564585032216788e-07
-4.6637915384734791e-07
-1.4591335456980798e-06
-4.5116217420075822e-06
-1.2943732262965417e-05
-3.1554408901604474e-05
-5.9748919459215611e-05
-8.7626670552502783e-05
-1.0740391759225142e-04
-1.1927388596961761e-04
-1.2595965487789749e-04
-1.2948069307813393e-04
-1.3105132322062678e-04
-1.3166852175874877e-04
-1.3166998008482572e-04
-1.3121970842221528e-04
-1.3066040501095343e-04
-1.2998217711174010e-04
-1.2908886941367074e-04
-1.2829772707407096e-04
-1.2745605526402710e-04
-1.2651418120894047e-04
-1.2567977247715328e-04
-1.2478900461459453e-04
-1.2384049991707129e-04
-1.2299435084837503e-04
-1.2206886861754205e-04
-1.2117138657165676e-04
-1.2033761698836294e-04
-1.1937448124638652e-04
-1.1851642287510376e-04
-1.1766988037824403e-04
-1.1669022991097311e-04
-1.1589085371789547e-04
-1.1500538364416171e-04
-1.1409240265428691e-04
-1.1329607894744043e-04
-1.1233654482992906e-04
-1.1151416561366562e-04
-1.1068801410716220e-04
-1.0975791447241671e-04
-1.0897618194623764e-04
-1.0807436436009792e-04
-1.0722131406651105e-04
-1.0643276524719894e-04
-1.0550687730960801e-04
-1.0473768784679731e-04
-1.0386034612214784e-04
-1.0303679054200243e-04
-1.0222072455576296e-04
-1.0135021750995149e-04
-1.0058599218861329e-04
-9.9688265454665111e-05
-9.8927590822177555e-05
-9.8088590090215352e-05
-9.7253585959578532e-05
-9.6502697341842709e-05
-9.5596867879654465e-05
-9.4880054586081396e-05
-9.4002722395117330e-05
-9.3247009654714159e-05
-9.2428843090526486e-05
-9.1623766619331289e-05
-9.0845097393566087e-05
-9.0019170864379279e-05
-8.9283986065521925e-05
-8.8413156922816764e-05
-8.7711587495388778e-05
-8.6844176550829170e-05
-8.6113474623370764e-05
-8.5299805708570050e-05
-8.4527625638922829e-05
-8.3752824471832677e-05
-8.2966501846316353e-05
-8.2207449807910327e-05
-8.1408949265773223e-05
-8.0665734962555321e-05
-7.9843452005773117e-05
-7.9136923844772746e-05
-7.8289947204167256e-05
-7.7600792789004708e-05
-7.6757545746855866e-05
-7.6068473968943782e-05
-7.5222973712791108e-05
-7.4536785048839500e-05
-7.3682962079845305e-05
-7.3014995284629224e-05
-7.2152840368707331e-05
-7.1485209841231154e-05
-7.0638074586843114e-05
-6.9958484802776737e-05
-6.9120089634634705e-05
-6.8430133125228391e-05
-6.7595212211668789e-05
-6.6909010290849708e-05
-6.6076560301516591e-05
-6.5377771442342171e-05
-6.4572075002788286e-05
-6.3842884619540383e-05
-6.3068583913279002e-05
-6.2311230414460698e-05
-6.1550877288651818e-05
-6.0779822737534658e-05
-6.0034957486851769e-05
-5.9241971645036196e-05
-5.8528241702594475e-05
-5.7694500648577100e-05
-5.7001940862089456e-05
-5.6167441908766368e-05
-5.5452463178428517e-05
-5.4654100511376127e-05
-5.3889616334514294e-05
-5.3138988037687533e-05
-5.2323932247322016e-05
-5.1613395768213702e-05
-5.0760323808612507e-05
-5.0039438507440360e-05
-4.9229830256024412e-05
-4.8460597381961884e-05
-4.7693018023563157e-05
-4.6875182830170011e-05
-4.6145757691213773e-05
-4.5283948917455958e-05
-4.4540016760246576e-05
-4.3731353008830892e-05
-4.2929085431635197e-05
-4.2174385640465782e-05
-4.1308719305163147e-05
-4.0556873667852218e-05
-3.9754193281482954e-05
-3.8961506246277797e-05
-3.8290806260670689e-05
-3.7923010305163850e-05
0.0000000000000000e+00
];
