%Vec Object:dSdr_b_aug_7970 1 MPI processes
%  type: seq
dSdr_b_aug_7970 = [
2.2944032253730797e+03
0.0000000000000000e+00
-7.2105457653868303e-07
-2.9835083414365438e-07
-1.8581396520994411e-07
-1.3213207060290598e-07
-9.9122923038971991e-08
-7.8709949247414084e-08
-6.4873573065010787e-08
-5.4472726530076189e-08
-4.6748342485394791e-08
-4.0826181102395238e-08
-3.6004898592090236e-08
-3.2098974024148294e-08
-2.8896441852562234e-08
-2.6195820503563768e-08
-2.3888070670698225e-08
-2.2513533693551218e-08
-6.9651323086919551e-05
-7.8275707964846667e-04
-7.4377177525330193e-04
-7.0487519344923362e-04
-6.6675683912002022e-04
-6.2878030935260268e-04
-5.8662267230451335e-04
-5.4591772028873538e-04
-5.0688392071639675e-04
-4.6745608781479292e-04
-4.2699341651685700e-04
-3.8373590354134782e-04
-3.4566722004832675e-04
-3.0907206851002981e-04
-2.7452015569252115e-04
-2.3807521509028274e-04
-2.0842918401815785e-04
-1.8262403445957296e-04
-1.6005116080681050e-04
-1.3873372589752694e-04
-1.2258781830979084e-04
-1.1034304230036368e-04
-1.0068027094817289e-04
-9.2894978004136452e-05
-8.8049528576085079e-05
-8.5102681773105337e-05
-8.3502404764104301e-05
-8.3143964274108397e-05
-8.3648193180018134e-05
-8.4662752128787037e-05
-8.6117835493184920e-05
-8.8077618772012135e-05
-8.9802622269877233e-05
-9.1609669946130035e-05
-9.3451107761798302e-05
-9.5225601625447429e-05
-9.6714073865758232e-05
-9.8049344355364491e-05
-9.9334683181845956e-05
-1.0037394682223839e-04
-1.0122977443547243e-04
-1.0192505776048140e-04
-1.0255413394790361e-04
-1.0297265831686568e-04
-1.0323189673735915e-04
-1.0344615084430471e-04
-1.0355572712517616e-04
-1.0353270682852684e-04
-1.0345129733601031e-04
-1.0331144145159913e-04
-1.0308149470560916e-04
-1.0279651252530705e-04
-1.0249435224449452e-04
-1.0213748623701517e-04
-1.0174691364251288e-04
-1.0130076743264134e-04
-1.0085695453427958e-04
-1.0038561972478163e-04
-9.9875749686417547e-05
-9.9379955711945562e-05
-9.8873508897627909e-05
-9.8302721533994575e-05
-9.7768523818464031e-05
-9.7231746542636647e-05
-9.6645384504548800e-05
-9.6099407291331659e-05
-9.5557588890988836e-05
-9.4928964442290146e-05
-9.4383582405295439e-05
-9.3820293449138584e-05
-9.3210111829437350e-05
-9.2665488380938360e-05
-9.2087575095148980e-05
-9.1480241057391006e-05
-9.0932107881985927e-05
-9.0335093621733787e-05
-8.9761491076329676e-05
-8.9223072722981590e-05
-8.8600701067901363e-05
-8.8054493062845416e-05
-8.7504683996421129e-05
-8.6872576243267490e-05
-8.6365819130177415e-05
-8.5788247267036706e-05
-8.5202567611651313e-05
-8.4694944724971808e-05
-8.4069144680668349e-05
-8.3545594798328159e-05
-8.3014788510503231e-05
-8.2412319613433494e-05
-8.1913925833841382e-05
-8.1333951406089696e-05
-8.0783856438119752e-05
-8.0280087769931036e-05
-7.9686242307841986e-05
-7.9191320071765961e-05
-7.8631869773194616e-05
-7.8102625740883810e-05
-7.7578554112909577e-05
-7.7023858926983301e-05
-7.6534439977300736e-05
-7.5958508419083086e-05
-7.5478393502653230e-05
-7.4938066164058776e-05
-7.4405746864132026e-05
-7.3934570821217592e-05
-7.3348470569894184e-05
-7.2899970284690695e-05
-7.2341206510009713e-05
-7.1857650355743434e-05
-7.1346815606235752e-05
-7.0831762303671480e-05
-7.0339903846133875e-05
-6.9820409966052336e-05
-6.9354851522712192e-05
-6.8806249843774499e-05
-6.8366965539718561e-05
-6.7819084759697507e-05
-6.7361460697939969e-05
-6.6850864732474007e-05
-6.6365273559554626e-05
-6.5881930202607027e-05
-6.5390856089420717e-05
-6.4914422158861710e-05
-6.4421226407086342e-05
-6.3955180066656945e-05
-6.3443431544677104e-05
-6.3010614198727327e-05
-6.2477313504438208e-05
-6.2059247970042445e-05
-6.1533030398941321e-05
-6.1108131344721691e-05
-6.0590794212069714e-05
-6.0166455205230924e-05
-5.9642342518135060e-05
-5.9235149117828231e-05
-5.8704809645248305e-05
-5.8299852561755940e-05
-5.7781255050408285e-05
-5.7367443413032245e-05
-5.6857467833580511e-05
-5.6439586708933220e-05
-5.5929994239808517e-05
-5.5521876229389474e-05
-5.5010685985143090e-05
-5.4594952444235920e-05
-5.4109465586344733e-05
-5.3668778836442118e-05
-5.3210101347029355e-05
-5.2751681032988985e-05
-5.2300610769091157e-05
-5.1839950549907581e-05
-5.1396526467588261e-05
-5.0926194798111960e-05
-5.0503936409303221e-05
-5.0009256612774326e-05
-4.9602124448437656e-05
-4.9107409628585435e-05
-4.8688017588755355e-05
-4.8219375443861601e-05
-4.7768357869073555e-05
-4.7334648096690712e-05
-4.6851886380722302e-05
-4.6442979163723112e-05
-4.5944004019965946e-05
-4.5523959427108477e-05
-4.5059623322804860e-05
-4.4610595736364246e-05
-4.4169986957900643e-05
-4.3697419551767865e-05
-4.3279280360089145e-05
-4.2783683105391243e-05
-4.2357425562168425e-05
-4.1893175851663032e-05
-4.1434596649363451e-05
-4.1002306428286355e-05
-4.0507813227428693e-05
-4.0075340375175668e-05
-3.9611591459870776e-05
-3.9145652862475065e-05
-3.8707992401911320e-05
-3.8208767703959571e-05
0.0000000000000000e+00
];
