%Vec Object:dSdr_b_aug_9520 1 MPI processes
%  type: seq
dSdr_b_aug_9520 = [
2.2758794376963842e+03
0.0000000000000000e+00
-6.4120639463947568e-07
-2.6574582353678579e-07
-1.6588100822935003e-07
-1.1814596510425001e-07
-8.8681950586745973e-08
-7.0457737160501792e-08
-5.8104382595437697e-08
-4.8823454221978575e-08
-4.1930086780029339e-08
-3.6644589860833900e-08
-3.2341582036468678e-08
-2.8855272067614967e-08
-2.5996586791786495e-08
-2.3585672884486754e-08
-2.1540033326117859e-08
-6.0382417034251134e-06
-7.9975408292808417e-04
-7.7834494498808511e-04
-7.3651315148472174e-04
-6.9795845485390935e-04
-6.6018865961675762e-04
-6.2255269255602551e-04
-5.8076955427122079e-04
-5.4041591010908275e-04
-5.0171150349694038e-04
-4.6261198401944409e-04
-4.2248008029670942e-04
-3.7956665258728951e-04
-3.4179905851275660e-04
-3.0548840015421144e-04
-2.7120140886602534e-04
-2.3503287563053388e-04
-2.0561024828635272e-04
-1.7999822586698853e-04
-1.5759376491388910e-04
-1.3643566082700257e-04
-1.2041054108933719e-04
-1.0825789949953716e-04
-9.8669834481930429e-05
-9.0946535235746545e-05
-8.6142150837813827e-05
-8.3223568699354630e-05
-8.1642581403479507e-05
-8.1295826191442368e-05
-8.1805827521457019e-05
-8.2822906996106097e-05
-8.4277777894065982e-05
-8.6236056721318281e-05
-8.7959977617652321e-05
-8.9765334882942739e-05
-9.1605884356070377e-05
-9.3380651446765391e-05
-9.4870268694715178e-05
-9.6208079011645220e-05
-9.7497748958121086e-05
-9.8541985655673417e-05
-9.9403609513335457e-05
-1.0010623365903508e-04
-1.0074391698358250e-04
-1.0117119810618748e-04
-1.0144017598053683e-04
-1.0166612966197582e-04
-1.0178642251741316e-04
-1.0177478080682175e-04
-1.0170599006522188e-04
-1.0157914661977188e-04
-1.0136182118848328e-04
-1.0109017646405716e-04
-1.0080222896219227e-04
-1.0045849325802299e-04
-1.0008110884747406e-04
-9.9650594153733466e-05
-9.9220255969068711e-05
-9.8762314444937699e-05
-9.8268320563876566e-05
-9.7785932403065997e-05
-9.7292840842903473e-05
-9.6738320073392183e-05
-9.6217566963043236e-05
-9.5694382087294200e-05
-9.5123826859228104e-05
-9.4591220103056593e-05
-9.4062868699992184e-05
-9.3450196978083578e-05
-9.2918131626699293e-05
-9.2368481715300103e-05
-9.1773592627974625e-05
-9.1242064958922821e-05
-9.0678005360912467e-05
-9.0085602028827332e-05
-8.9550452024069320e-05
-8.8967679065689466e-05
-8.8408086827771777e-05
-8.7882428836668903e-05
-8.7274761336083944e-05
-8.6742003591344565e-05
-8.6204988344462251e-05
-8.5587860356552364e-05
-8.5093714518666300e-05
-8.4529411053552487e-05
-8.3957835072591639e-05
-8.3462652186584206e-05
-8.2851232086132170e-05
-8.2340558025327241e-05
-8.1822477297432592e-05
-8.1234124910762847e-05
-8.0747939228500656e-05
-8.0181831848820875e-05
-7.9644790109978988e-05
-7.9153291565818858e-05
-7.8573752549822895e-05
-7.8090647470163956e-05
-7.7544893905365746e-05
-7.7028330653371892e-05
-7.6516839970749135e-05
-7.5975751927351347e-05
-7.5498173375614403e-05
-7.4936106766540367e-05
-7.4468080145517290e-05
-7.3940621550648176e-05
-7.3421343836249431e-05
-7.2962219609253942e-05
-7.2389895329920745e-05
-7.1952955718145918e-05
-7.1407917917769534e-05
-7.0936088060062294e-05
-7.0438495164712908e-05
-6.9935937973240365e-05
-6.9456437227915976e-05
-6.8950146494213565e-05
-6.8496205383552724e-05
-6.7961487408097127e-05
-6.7533504158991077e-05
-6.6999390895384204e-05
-6.6553532930811038e-05
-6.6055995440399709e-05
-6.5582752531649933e-05
-6.5111967236584453e-05
-6.4633614530252073e-05
-6.4169357836293598e-05
-6.3689316814507225e-05
-6.3235212930366197e-05
-6.2736844510869903e-05
-6.2315820714588225e-05
-6.1796035534390063e-05
-6.1389650637689021e-05
-6.0877093131585092e-05
-6.0463576794861982e-05
-5.9960379499012539e-05
-5.9547323194283786e-05
-5.9037417089960128e-05
-5.8641460106365127e-05
-5.8125418018707766e-05
-5.7731779320438118e-05
-5.7227338085820684e-05
-5.6824978727180867e-05
-5.6329154467915932e-05
-5.5922997089345616e-05
-5.5427422919515045e-05
-5.5031287710393259e-05
-5.4533940659644789e-05
-5.4130404331787044e-05
-5.3658715652186424e-05
-5.3230461129270602e-05
-5.2785384495652673e-05
-5.2339846104168263e-05
-5.1902103876970677e-05
-5.1454819803347412e-05
-5.1024386348678559e-05
-5.0567959577168097e-05
-5.0158262845265908e-05
-4.9678195553338741e-05
-4.9283365399549359e-05
-4.8803295130057356e-05
-4.8396643852532096e-05
-4.7942213849059469e-05
-4.7504708851149874e-05
-4.7084661280057539e-05
-4.6616225380246132e-05
-4.6220323979718027e-05
-4.5736617010254410e-05
-4.5329547847359701e-05
-4.4880104117341502e-05
-4.4444891964509845e-05
-4.4018394128631910e-05
-4.3560731404091707e-05
-4.3156039611253579e-05
-4.2676266306900634e-05
-4.2263754735660381e-05
-4.1814423195503702e-05
-4.1370761078034476e-05
-4.0952519015183618e-05
-4.0474258323450134e-05
-4.0055938148040632e-05
-3.9607507171724779e-05
-3.9157172457587285e-05
-3.8733846027182572e-05
-3.8251702870994246e-05
0.0000000000000000e+00
];
