%Vec Object:dSdr_b_aug_1740 1 MPI processes
%  type: seq
dSdr_b_aug_1740 = [
2.4225091694170778e+03
0.0000000000000000e+00
-1.7367347180007072e-06
-7.1188885656870759e-07
-4.3680695540479130e-07
-3.0792793515457145e-07
-2.3111359324488164e-07
-1.8367156463499210e-07
-1.5151639600128579e-07
-1.2719118646746600e-07
-1.0913255072608416e-07
-9.5293896652025567e-08
-8.4010679198521386e-08
-7.4868863817241408e-08
-6.7375119124337913e-08
-6.1054853460337323e-08
-5.5652928414983317e-08
-5.1044296490852190e-08
-4.7059698256246785e-08
-4.3542840340028853e-08
-4.0461843456135244e-08
-3.7744644785478319e-08
-3.5305235946885495e-08
-5.3482356465819989e-08
-4.6573640624542200e-05
-5.5566597179751410e-04
-5.4726430405038101e-04
-5.0635784364394195e-04
-4.6329385296683305e-04
-4.1727252149355640e-04
-3.7678223999416586e-04
-3.3789869268157805e-04
-3.0121578631734432e-04
-2.6254745775010574e-04
-2.3110439406638970e-04
-2.0374575557774845e-04
-1.7981819269352655e-04
-1.5721912203123676e-04
-1.4010161137232004e-04
-1.2711571649473964e-04
-1.1685201565911186e-04
-1.0856805212217156e-04
-1.0339227963968055e-04
-1.0021807429725691e-04
-9.8462632134205841e-05
-9.8010195616646164e-05
-9.8467990785072371e-05
-9.9462273908303256e-05
-1.0091906534778399e-04
-1.0289094930581778e-04
-1.0462466025186239e-04
-1.0644530457529404e-04
-1.0829388734284887e-04
-1.1006618267985192e-04
-1.1154544395098767e-04
-1.1286028374868279e-04
-1.1411078296951197e-04
-1.1511004337925174e-04
-1.1591924617483826e-04
-1.1655548032145325e-04
-1.1711532125315596e-04
-1.1746340689765965e-04
-1.1764430189181854e-04
-1.1776444560727136e-04
-1.1778781865501403e-04
-1.1767327000089440e-04
-1.1749035642356573e-04
-1.1724582968759889e-04
-1.1691435826382003e-04
-1.1652209086167834e-04
-1.1610560437201073e-04
-1.1564311947708681e-04
-1.1514646242045822e-04
-1.1457457787514738e-04
-1.1402237572090383e-04
-1.1344330666457034e-04
-1.1280573045094344e-04
-1.1220210146876818e-04
-1.1158822634880837e-04
-1.1088659220252505e-04
-1.1024424746493648e-04
-1.0959813432799890e-04
-1.0888462397563555e-04
-1.0823109619654823e-04
-1.0758095067685080e-04
-1.0682400419178310e-04
-1.0617150413455348e-04
-1.0549850418524402e-04
-1.0476531111171997e-04
-1.0411534663961110e-04
-1.0342599580530214e-04
-1.0269856081309819e-04
-1.0204599243308632e-04
-1.0133442270768198e-04
-1.0064812279099645e-04
-1.0000706148410346e-04
-9.9266411236260575e-05
-9.8612010820050256e-05
-9.7959289678634218e-05
-9.7206686356427236e-05
-9.6598485536545200e-05
-9.5914184198736183e-05
-9.5215056252636896e-05
-9.4607367476467466e-05
-9.3865896865125823e-05
-9.3238775403191895e-05
-9.2605606224468857e-05
-9.1889585793010820e-05
-9.1292991534861262e-05
-9.0601472221784661e-05
-8.9946378636138470e-05
-8.9343910558781751e-05
-8.8634985749666781e-05
-8.8045007727696238e-05
-8.7375382541376298e-05
-8.6744135835980927e-05
-8.6118864598035979e-05
-8.5454715192418145e-05
-8.4870053515112554e-05
-8.4182593975698286e-05
-8.3605242277588992e-05
-8.2961400324439119e-05
-8.2324176092816916e-05
-8.1756056713000311e-05
-8.1059144216865430e-05
-8.0517651294266038e-05
-7.9848477456348247e-05
-7.9270596419062661e-05
-7.8653245819031492e-05
-7.8037675341760540e-05
-7.7446412977697196e-05
-7.6820714620596774e-05
-7.6261707806779639e-05
-7.5601427337868159e-05
-7.5071238773886473e-05
-7.4412613809625216e-05
-7.3860344752773056e-05
-7.3244708060709693e-05
-7.2659789021546704e-05
-7.2075430215973391e-05
-7.1482026733399095e-05
-7.0907640683427999e-05
-7.0308629975930165e-05
-6.9746520077580698e-05
-6.9127143747716479e-05
-6.8599460648373340e-05
-6.7957442931900481e-05
-6.7445419915163787e-05
-6.6809322593354797e-05
-6.6292862517089334e-05
-6.5661786429727336e-05
-6.5146690940317591e-05
-6.4508302432374174e-05
-6.4010724894577339e-05
-6.3365379234814410e-05
-6.2869378705520093e-05
-6.2236910105358052e-05
-6.1730978042786767e-05
-6.1107171291698188e-05
-6.0594986141507012e-05
-5.9972632563026354e-05
-5.9468126777451879e-05
-5.8845584023946496e-05
-5.8331738079715551e-05
-5.7735260890030623e-05
-5.7194571405934730e-05
-5.6626490922292858e-05
-5.6064450689148921e-05
-5.5506172080459393e-05
-5.4937916610229164e-05
-5.4389998419281824e-05
-5.3807818455438448e-05
-5.3284516746102295e-05
-5.2672296984782862e-05
-5.2166210323156028e-05
-5.1553698069712270e-05
-5.1031822614071167e-05
-5.0448861681467399e-05
-4.9889152785970327e-05
-4.9345548427846515e-05
-4.8747554465104980e-05
-4.8234033329050632e-05
-4.7612246692851284e-05
-4.7087833785513226e-05
-4.6503710522243518e-05
-4.5943559570752436e-05
-4.5389451685390752e-05
-4.4797002159038415e-05
-4.4270705269036790e-05
-4.3647836794090614e-05
-4.3111027289377559e-05
-4.2526802937959291e-05
-4.1948267329444570e-05
-4.1403025286959135e-05
-4.0778035514724315e-05
-4.0231843319363121e-05
-3.9645101431078283e-05
-3.9054119098447551e-05
-3.8502478288673720e-05
-3.7872842108643383e-05
0.0000000000000000e+00
];
