%Vec Object:dSdr_b_aug_7080 1 MPI processes
%  type: seq
dSdr_b_aug_7080 = [
2.3014260774000250e+03
0.0000000000000000e+00
-7.5484614580346216e-07
-3.1230180926670384e-07
-1.9443814954439456e-07
-1.3825924073962786e-07
-1.0375985913557832e-07
-8.2426170239587578e-08
-6.7965415894173570e-08
-5.7090409538311214e-08
-4.9013808066058203e-08
-4.2821682434565842e-08
-3.7779625681049967e-08
-3.3694627508154019e-08
-3.0345243090163646e-08
-2.7520561360918738e-08
-2.5106566697516116e-08
-2.3067291388193556e-08
-3.6413883163737350e-06
-7.4734236573450704e-04
-7.4859064524338058e-04
-7.0968856456259490e-04
-6.7132977780102554e-04
-6.3311616914983571e-04
-5.9069779503625986e-04
-5.4974825158019490e-04
-5.1048511838203473e-04
-4.7082870345799759e-04
-4.3013574148004821e-04
-3.8663866563090735e-04
-3.4836035431246579e-04
-3.1156712976498864e-04
-2.7683077032902305e-04
-2.4019338630845932e-04
-2.1039181468008965e-04
-1.8445220427850461e-04
-1.6176207671261795e-04
-1.4033371095992675e-04
-1.2410370692508916e-04
-1.1179478380745252e-04
-1.0207999934724302e-04
-9.4251544295861789e-05
-8.9377504117138789e-05
-8.6410978578897989e-05
-8.4797271476747788e-05
-8.4430695339708490e-05
-8.4930905311803796e-05
-8.5943709399948168e-05
-8.7398940697939960e-05
-8.9359771430926906e-05
-9.1085528676831194e-05
-9.2893753276691640e-05
-9.4735809590468172e-05
-9.6510113230702547e-05
-9.7997788286500152e-05
-9.9331290474456054e-05
-1.0061361384504686e-04
-1.0164941509226738e-04
-1.0250120718366961e-04
-1.0319137960447979e-04
-1.0381446323859387e-04
-1.0422689088627071e-04
-1.0447934839878787e-04
-1.0468545690065332e-04
-1.0478757197133555e-04
-1.0475662955156353e-04
-1.0466643449400854e-04
-1.0451751894682798e-04
-1.0427878485092690e-04
-1.0398451672058703e-04
-1.0367246106261191e-04
-1.0330645333106026e-04
-1.0290669871420898e-04
-1.0244966935795801e-04
-1.0199647494630766e-04
-1.0151581531602241e-04
-1.0099489180449141e-04
-1.0048976428675588e-04
-9.9974019130076201e-05
-9.9391906458624711e-05
-9.8848348191819371e-05
-9.8302107465460259e-05
-9.7704740235334561e-05
-9.7149454094872165e-05
-9.6598259553236948e-05
-9.5958528320616007e-05
-9.5403874793757406e-05
-9.4831089911194471e-05
-9.4210261155377713e-05
-9.3656520018618158e-05
-9.3068961365251658e-05
-9.2451232106534635e-05
-9.1894059644392965e-05
-9.1287130147571711e-05
-9.0703773190780893e-05
-9.0156470677111309e-05
-8.9523861532660591e-05
-8.8968289038694366e-05
-8.8409572517572697e-05
-8.7767035386351918e-05
-8.7251497911846121e-05
-8.6664688176951116e-05
-8.6069189103242999e-05
-8.5552905099959347e-05
-8.4917093289890882e-05
-8.4384578858845362e-05
-8.3844912638943847e-05
-8.3232615386723329e-05
-8.2725721948489087e-05
-8.2136092849010897e-05
-8.1576909815403591e-05
-8.1064598303557517e-05
-8.0460792247138117e-05
-7.9957642537573393e-05
-7.9388656145094007e-05
-7.8850583357338542e-05
-7.8317752482221637e-05
-7.7753583578549280e-05
-7.7255920973689921e-05
-7.6670336204683311e-05
-7.6181805038920083e-05
-7.5632518078751825e-05
-7.5091118819118854e-05
-7.4611551925094719e-05
-7.4015860411305343e-05
-7.3559311223424654e-05
-7.2990990996143061e-05
-7.2499270627040822e-05
-7.1979216484332817e-05
-7.1455462998008544e-05
-7.0955000714198951e-05
-7.0426314390163228e-05
-6.9952667595726879e-05
-6.9394399647582978e-05
-6.8947247194487904e-05
-6.8389781038172788e-05
-6.7923965050421106e-05
-6.7404277364998638e-05
-6.6910088942996192e-05
-6.6418002269129410e-05
-6.5918071113009607e-05
-6.5433159007641183e-05
-6.4930804519620089e-05
-6.4456443465301340e-05
-6.3935379295321920e-05
-6.3494350908708204e-05
-6.2951640288111188e-05
-6.2525442325411421e-05
-6.1989714186778095e-05
-6.1556890124975171e-05
-6.1029708392224493e-05
-6.0597514011042215e-05
-6.0063510252503462e-05
-5.9648493702633553e-05
-5.9108199938562225e-05
-5.8695362635624965e-05
-5.8166909075815024e-05
-5.7745123997169910e-05
-5.7225295819166412e-05
-5.6799252248086930e-05
-5.6279899792379482e-05
-5.5863438971970986e-05
-5.5342610653801999e-05
-5.4918385021053097e-05
-5.4423291428364978e-05
-5.3973948960534183e-05
-5.3505802116280199e-05
-5.3038412989697151e-05
-5.2578063313334763e-05
-5.2108090185053893e-05
-5.1655621601334986e-05
-5.1175608884847155e-05
-5.0744604652985085e-05
-5.0239751146348271e-05
-4.9824053906945493e-05
-4.9319143058788943e-05
-4.8890880463225671e-05
-4.8412343337344846e-05
-4.7951917834396094e-05
-4.7508695953750690e-05
-4.7015960091386292e-05
-4.6597997743294317e-05
-4.6088392331251915e-05
-4.5659313735454931e-05
-4.5184608972275608e-05
-4.4725962502397306e-05
-4.4275529066842947e-05
-4.3792584336160110e-05
-4.3365082371761466e-05
-4.2858467638132199e-05
-4.2422639264847446e-05
-4.1948002447300553e-05
-4.1479036658447220e-05
-4.1036964449634255e-05
-4.0531167800095401e-05
-4.0088838349979349e-05
-3.9614419020692090e-05
-3.9137604564813984e-05
-3.8689930549514331e-05
-3.8178632696861312e-05
0.0000000000000000e+00
];
