%Vec Object:dSdr_b_aug_5470 1 MPI processes
%  type: seq
dSdr_b_aug_5470 = [
2.3242509244852381e+03
0.0000000000000000e+00
-8.7657923794015402e-07
-3.6213093715514423e-07
-2.2494063067836337e-07
-1.5972855934285289e-07
-1.1987639425819751e-07
-9.5237747006027689e-08
-7.8536959639992321e-08
-6.5964736915226343e-08
-5.6628296178107051e-08
-4.9470876875417478e-08
-4.3641409879132328e-08
-3.8918425165568019e-08
-3.5046111051356045e-08
-3.1780360949962346e-08
-2.8989355290002445e-08
-2.6607868778542948e-08
-2.4611250070429653e-08
-5.1861825646148191e-06
-7.1271845228164409e-04
-7.1918651501771762e-04
-6.8071254560114964e-04
-6.4201725047982453e-04
-5.9906369831029440e-04
-5.5761203032353142e-04
-5.1787809338135163e-04
-4.7775241763048457e-04
-4.3658668708971627e-04
-3.9259780760906253e-04
-3.5388914694254274e-04
-3.1668929417753454e-04
-2.8157428043188164e-04
-2.4454182531472376e-04
-2.1442094124316641e-04
-1.8820529338284291e-04
-1.6527445282345698e-04
-1.4361835484527185e-04
-1.2721570795173637e-04
-1.1477509643671235e-04
-1.0495353365511665e-04
-9.7036470487462545e-05
-9.2103735517519959e-05
-8.9096810844921170e-05
-8.7455532579453529e-05
-8.7072254361875417e-05
-8.7564213549729187e-05
-8.8573414828365920e-05
-9.0028949616567685e-05
-9.1991930495449850e-05
-9.3719234947957873e-05
-9.5529875612560200e-05
-9.7373201618583066e-05
-9.9147114712798117e-05
-1.0063315318165064e-04
-1.0196302515773473e-04
-1.0323915800986256e-04
-1.0426785121460936e-04
-1.0511135867668149e-04
-1.0579103879478889e-04
-1.0640182017145084e-04
-1.0680173171458994e-04
-1.0704026854258267e-04
-1.0722965474540717e-04
-1.0731645252687883e-04
-1.0726924660027887e-04
-1.0716101545989481e-04
-1.0699350112880045e-04
-1.0673672728616170e-04
-1.0642339582378802e-04
-1.0609102572817309e-04
-1.0570625074989059e-04
-1.0528764615726793e-04
-1.0480827455262795e-04
-1.0433582062650574e-04
-1.0383601786849007e-04
-1.0329240244163752e-04
-1.0276811388958998e-04
-1.0223327996402464e-04
-1.0162791732380736e-04
-1.0106514257823276e-04
-1.0049947412872437e-04
-9.9879514103259703e-05
-9.9305117465059488e-05
-9.8734674439838931e-05
-9.8072141852338475e-05
-9.7498454683896010e-05
-9.6906175409568865e-05
-9.6263488920020920e-05
-9.5691029884887604e-05
-9.5083670049123253e-05
-9.4444600218348120e-05
-9.3868870810858687e-05
-9.3241586112104743e-05
-9.2638204115731929e-05
-9.2072663118328676e-05
-9.1419037213790643e-05
-9.0844240159791088e-05
-9.0267237334681593e-05
-8.9603289510922982e-05
-8.9069726644261781e-05
-8.8463952288564854e-05
-8.7848294729300810e-05
-8.7314230141532253e-05
-8.6657864972061662e-05
-8.6106947034601014e-05
-8.5549092078518316e-05
-8.4916617994305345e-05
-8.4392275433219107e-05
-8.3782826060164179e-05
-8.3204985950490235e-05
-8.2675136660726250e-05
-8.2050882295946645e-05
-8.1530842238486812e-05
-8.0942279004336722e-05
-8.0386081484755737e-05
-7.9835268572609800e-05
-7.9251650880827958e-05
-7.8737064709118030e-05
-7.8131662667196806e-05
-7.7625853613168868e-05
-7.7058173263993803e-05
-7.6498133571589009e-05
-7.6001340929724535e-05
-7.5385959319234765e-05
-7.4912886377465055e-05
-7.4324947515692387e-05
-7.3816466666592413e-05
-7.3277485846109529e-05
-7.2735871578291162e-05
-7.2217746327695028e-05
-7.1670188651652198e-05
-7.1179937120615270e-05
-7.0601825095434817e-05
-7.0138519964292432e-05
-6.9561375798230757e-05
-6.9078742444278845e-05
-6.8540390187652917e-05
-6.8028552304278070e-05
-6.7518516303798258e-05
-6.7000402351112201e-05
-6.6498085235997703e-05
-6.5976928599815795e-05
-6.5485498109589356e-05
-6.4945309665441505e-05
-6.4487424676612948e-05
-6.3925396237757390e-05
-6.3482503059418815e-05
-6.2927250495419440e-05
-6.2478157038355580e-05
-6.1930765139529560e-05
-6.1482444316637185e-05
-6.0928134992498499e-05
-6.0497058157786455e-05
-5.9936329044988146e-05
-5.9507314300153935e-05
-5.8958627079817577e-05
-5.8520473185626338e-05
-5.7980418432865590e-05
-5.7537618037475921e-05
-5.6998229136511941e-05
-5.6564641223915595e-05
-5.6024026742454704e-05
-5.5582367559439439e-05
-5.5067552146427151e-05
-5.4600440223863513e-05
-5.4112853596526205e-05
-5.3627052265260330e-05
-5.3147652751692878e-05
-5.2658561026052292e-05
-5.2187524870914838e-05
-5.1687637812347928e-05
-5.1238679145616203e-05
-5.0712939916044693e-05
-5.0279659363400614e-05
-4.9753816997472174e-05
-4.9307343987142509e-05
-4.8808493399714569e-05
-4.8328754334783401e-05
-4.7866005040865659e-05
-4.7352793265803790e-05
-4.6916241701092290e-05
-4.6384813482742358e-05
-4.5937189133253774e-05
-4.5441198735389264e-05
-4.4962805936496719e-05
-4.4492203832263561e-05
-4.3987955980399935e-05
-4.3541233856294927e-05
-4.3012002220733499e-05
-4.2556527122336039e-05
-4.2060568306189543e-05
-4.1570282305541062e-05
-4.1108132217809001e-05
-4.0579136210166416e-05
-4.0116581263702176e-05
-3.9620273299109909e-05
-3.9121167402564880e-05
-3.8653036832231808e-05
-3.8117486490473389e-05
0.0000000000000000e+00
];
