%Vec Object:dSdr_b_aug_640 1 MPI processes
%  type: seq
dSdr_b_aug_640 = [
2.5030573563438456e+03
0.0000000000000000e+00
-3.1831709550795504e-06
-1.2938848589084760e-06
-7.8390671252128453e-07
-5.4852417676782885e-07
-4.1153700298779380e-07
-3.2701822149086341e-07
-2.6973954309249480e-07
-2.2620374916948557e-07
-1.9389369779025195e-07
-1.6914242603787924e-07
-1.4894506060662906e-07
-1.3258122701183479e-07
-1.1916992668560206e-07
-1.0785917480229714e-07
-9.8192217744399636e-08
-8.9946046529506631e-08
-8.2817415356171852e-08
-7.6526726690694230e-08
-7.1016322270865859e-08
-6.6157053211781539e-08
-6.1788482715974648e-08
-5.7883257314211241e-08
-5.4379806968497908e-08
-5.1200407276176809e-08
-4.8309793055400776e-08
-4.6000483304683594e-08
-1.3806599355173748e-07
-1.3879904269562589e-05
-2.3332909396959217e-04
-3.3429105865344258e-04
-3.1355085171890147e-04
-2.7626377018033114e-04
-2.4426244741014612e-04
-2.1610098099089314e-04
-1.9140652009345266e-04
-1.6806404454423871e-04
-1.5037927796776739e-04
-1.3695953143605730e-04
-1.2634359495989475e-04
-1.1776716132063996e-04
-1.1239761540076536e-04
-1.0909001882989710e-04
-1.0724353331661089e-04
-1.0673594309034711e-04
-1.0716649375274935e-04
-1.0814888148666083e-04
-1.0960667845073826e-04
-1.1158566632122082e-04
-1.1332448866484785e-04
-1.1515311355584257e-04
-1.1700588974889259e-04
-1.1877689418079690e-04
-1.2025074851584229e-04
-1.2155359592228178e-04
-1.2278364542183165e-04
-1.2375942533547157e-04
-1.2454126111462364e-04
-1.2514283578676005e-04
-1.2566203854074361e-04
-1.2596877966098802e-04
-1.2610369048976502e-04
-1.2616859562852826e-04
-1.2614137123301243e-04
-1.2597309957393475e-04
-1.2573060774892310e-04
-1.2542464404409891e-04
-1.2503358231818104e-04
-1.2457834347296722e-04
-1.2409475283881976e-04
-1.2357027458146698e-04
-1.2301135090417805e-04
-1.2236566389345053e-04
-1.2174984233749559e-04
-1.2110753834691234e-04
-1.2039500466970692e-04
-1.1972808162738998e-04
-1.1905115116859264e-04
-1.1827271619927973e-04
-1.1756689428504656e-04
-1.1685660618762331e-04
-1.1606846584912174e-04
-1.1535181100115374e-04
-1.1463808261865436e-04
-1.1380581724670171e-04
-1.1309044401773648e-04
-1.1235304888743437e-04
-1.1154765392403270e-04
-1.1083585923894275e-04
-1.1008109983897607e-04
-1.0928317129491225e-04
-1.0856930439100434e-04
-1.0779049605414981e-04
-1.0703804813988681e-04
-1.0633674028803215e-04
-1.0552666615179438e-04
-1.0480876194145710e-04
-1.0409563630834403e-04
-1.0327230785540573e-04
-1.0260456441084306e-04
-1.0185761809748751e-04
-1.0109190169208504e-04
-1.0042547926736981e-04
-9.9616115835690178e-05
-9.8928203062613517e-05
-9.8234952016262517e-05
-9.7452282538995375e-05
-9.6798049548110763e-05
-9.6041058997593456e-05
-9.5324336513409976e-05
-9.4663936863809375e-05
-9.3887466271428725e-05
-9.3241695310740784e-05
-9.2507403022285020e-05
-9.1816285904648185e-05
-9.1131615616347794e-05
-9.0403222115306950e-05
-8.9762657790138438e-05
-8.9009736968189031e-05
-8.8375312217812456e-05
-8.7670712445938703e-05
-8.6971914393741000e-05
-8.6346894261876534e-05
-8.5584940661293771e-05
-8.4988865867131216e-05
-8.4254887000674770e-05
-8.3621642148697421e-05
-8.2941772246260216e-05
-8.2267203404279372e-05
-8.1617596118065841e-05
-8.0929561251191813e-05
-8.0315705142105777e-05
-7.9589875037224997e-05
-7.9006330468087379e-05
-7.8282704461573718e-05
-7.7674883800682204e-05
-7.6997593741668984e-05
-7.6354374517357808e-05
-7.5710725015212653e-05
-7.5057259648242736e-05
-7.4425380961760097e-05
-7.3764262541572650e-05
-7.3145768539431319e-05
-7.2463220488862046e-05
-7.1879856381543242e-05
-7.1174027683363570e-05
-7.0606856821051658e-05
-6.9906266111166649e-05
-6.9336064856337113e-05
-6.8638230284357300e-05
-6.8069865911966481e-05
-6.7364403885329275e-05
-6.6813776092801595e-05
-6.6100928318354649e-05
-6.5551490649399551e-05
-6.4852186286878713e-05
-6.4292185067428112e-05
-6.3601566107864338e-05
-6.3034030271130607e-05
-6.2345492709226094e-05
-6.1784413339580665e-05
-6.1096513563896405e-05
-6.0525081963106597e-05
-5.9863460545196142e-05
-5.9264076122958218e-05
-5.8631783361634466e-05
-5.8008925386500918e-05
-5.7387722982264637e-05
-5.6756316824496905e-05
-5.6147068379994588e-05
-5.5499241886911019e-05
-5.4916635896100500e-05
-5.4235429512921789e-05
-5.3671265302850904e-05
-5.2989616128984926e-05
-5.2407592775098574e-05
-5.1757537800477823e-05
-5.1134038590763528e-05
-5.0525938475546171e-05
-4.9860316856071349e-05
-4.9285401604234995e-05
-4.8591541360594254e-05
-4.8005881751552488e-05
-4.7351464014004203e-05
-4.6726106602347886e-05
-4.6105401441754913e-05
-4.5442612980527939e-05
-4.4852864997154901e-05
-4.4155335736096056e-05
-4.3553690776375772e-05
-4.2899118341481888e-05
-4.2250272386362838e-05
-4.1638874226222579e-05
-4.0937504777584455e-05
-4.0324916117309721e-05
-3.9666622038027027e-05
-3.9003605956656047e-05
-3.8388891856603942e-05
-3.7703085703548900e-05
0.0000000000000000e+00
];
