%Vec Object:dSdr_b_aug_9200 1 MPI processes
%  type: seq
dSdr_b_aug_9200 = [
2.2778509395955402e+03
0.0000000000000000e+00
-6.4905272050104844e-07
-2.6891121512299321e-07
-1.6779163696893526e-07
-1.1946744417970264e-07
-8.9653053197621478e-08
-7.1212698393615489e-08
-5.8713036491564291e-08
-4.9322249211864718e-08
-4.2347460533370648e-08
-3.6999619735432791e-08
-3.2646107868069405e-08
-2.9118990518392996e-08
-2.6226897062648745e-08
-2.3787918119704213e-08
-2.1709193979847599e-08
-2.3944546770294818e-06
-7.7832142289536749e-04
-7.7981456456099614e-04
-7.3800034242371151e-04
-6.9937190219719972e-04
-6.6153084167846956e-04
-6.2382528141865677e-04
-5.8196561577643358e-04
-5.4154018323826069e-04
-5.0276846647203115e-04
-4.6360185743795528e-04
-4.2340236266100422e-04
-3.8041862247738831e-04
-3.4258950196156538e-04
-3.0622070853702046e-04
-2.7187958157207174e-04
-2.3565456557129533e-04
-2.0618628645873636e-04
-1.8053479920307388e-04
-1.5809592384144851e-04
-1.3690526118505150e-04
-1.2085545893235067e-04
-1.0868399003422024e-04
-9.9080659070306705e-05
-9.1344691656250324e-05
-8.6531915784265927e-05
-8.3607557877942614e-05
-8.2022628811455510e-05
-8.1673485766319952e-05
-8.2182307532164902e-05
-8.3198871955278392e-05
-8.4653786277905080e-05
-8.6612372541807763e-05
-8.8336514670634374e-05
-9.0142217371516246e-05
-9.1982948380267996e-05
-9.3757659643937865e-05
-9.5247042919390580e-05
-9.6584334237490409e-05
-9.7873119141188102e-05
-9.8916339618242897e-05
-9.9776779040002024e-05
-1.0047790312141525e-04
-1.0111382761467490e-04
-1.0153931933219237e-04
-1.0180630699029910e-04
-1.0202986991239327e-04
-1.0214797288049411e-04
-1.0213400600294945e-04
-1.0206263667144847e-04
-1.0193313418738569e-04
-1.0171322964206249e-04
-1.0143885946286226e-04
-1.0114800763731641e-04
-1.0080158880901682e-04
-1.0042150944657083e-04
-9.9987800515531226e-05
-9.9554708827610474e-05
-9.9094030439714670e-05
-9.8596792329703911e-05
-9.8111664744911280e-05
-9.7615844092350669e-05
-9.7057999309504926e-05
-9.6534498848133572e-05
-9.6008536420018505e-05
-9.5434751133562841e-05
-9.4899412178134140e-05
-9.4368308848160834e-05
-9.3752377250234055e-05
-9.3217590687473244e-05
-9.2665153691840756e-05
-9.2067139636544404e-05
-9.1532935897337375e-05
-9.0966045353547804e-05
-9.0370590991280901e-05
-8.9832787927457590e-05
-8.9247104815806677e-05
-8.8684649627397767e-05
-8.8156384107185485e-05
-8.7545711871147468e-05
-8.7010205619301800e-05
-8.6470576006381552e-05
-8.5850386962987532e-05
-8.5353664061256864e-05
-8.4786649251102680e-05
-8.4212191238940061e-05
-8.3714466286917638e-05
-8.3100107700643678e-05
-8.2586802515501764e-05
-8.2066121368614184e-05
-8.1474884327651430e-05
-8.0986203967810320e-05
-8.0417262910445597e-05
-7.9877553794601087e-05
-7.9383547897878362e-05
-7.8801085414854897e-05
-7.8315565544729711e-05
-7.7767013105173755e-05
-7.7247858584496821e-05
-7.6733797034043202e-05
-7.6189928423416284e-05
-7.5709930331743070e-05
-7.5145030473590800e-05
-7.4674533655692631e-05
-7.4144445382342172e-05
-7.3622502669882736e-05
-7.3160915700335108e-05
-7.2585776353845168e-05
-7.2146474362473845e-05
-7.1598631711685797e-05
-7.1124405629828139e-05
-7.0624106812033292e-05
-7.0118996087716753e-05
-6.9636970090764685e-05
-6.9127981344214065e-05
-6.8671666275456458e-05
-6.8134111217829836e-05
-6.7703818640609280e-05
-6.7166892037051105e-05
-6.6718629714644938e-05
-6.6218423773947827e-05
-6.5742657543632738e-05
-6.5269306055570916e-05
-6.4788353777230415e-05
-6.4321608710212602e-05
-6.3838879568314715e-05
-6.3382335287316097e-05
-6.2881232693452814e-05
-6.2457798928550447e-05
-6.1935251902841599e-05
-6.1526480110340068e-05
-6.1011131219984784e-05
-6.0595288865918468e-05
-6.0089202145962140e-05
-5.9673840261234746e-05
-5.9161031093071787e-05
-5.8762777987261274e-05
-5.8243814280170274e-05
-5.7847862709191347e-05
-5.7340528689445619e-05
-5.6935829096817279e-05
-5.6437113064568899e-05
-5.6028559977951053e-05
-5.5530121216573392e-05
-5.5131537361579128e-05
-5.4631361500427797e-05
-5.4225332711368300e-05
-5.3750824418842688e-05
-5.3320029409133573e-05
-5.2872173483192348e-05
-5.2424002709668832e-05
-5.1983536937782214e-05
-5.1533519487467816e-05
-5.1100431433951216e-05
-5.0641163234554934e-05
-5.0228899559299033e-05
-4.9745846239287512e-05
-4.9348502195933075e-05
-4.8865439345320298e-05
-4.8456184515702588e-05
-4.7998850286088063e-05
-4.7558584011449465e-05
-4.7135744583927801e-05
-4.6664381214783813e-05
-4.6265822075421569e-05
-4.5778995054496266e-05
-4.5369274343936429e-05
-4.4916787333428354e-05
-4.4478751953018119e-05
-4.4049370483319978e-05
-4.3588661900653783e-05
-4.3181222005084752e-05
-4.2698214909592011e-05
-4.2282894107177151e-05
-4.1830513702222420e-05
-4.1383802792196624e-05
-4.0962689260852764e-05
-4.0481110327882654e-05
-4.0059896165281791e-05
-3.9608331500780898e-05
-3.9154800688316069e-05
-3.8728524057040899e-05
-3.8242778200784802e-05
0.0000000000000000e+00
];
