%Vec Object:dSdr_b_aug_5040 1 MPI processes
%  type: seq
dSdr_b_aug_5040 = [
2.3317170073960074e+03
0.0000000000000000e+00
-9.1853676294157879e-07
-3.7800919440932848e-07
-2.3379410610639850e-07
-1.6532903959928801e-07
-1.2361568535013002e-07
-9.7832730639260053e-08
-8.0359513549524728e-08
-6.7219034353651441e-08
-5.7463173233348586e-08
-4.9984891766470157e-08
-4.3900737022232791e-08
-3.8973474852566660e-08
-3.4934229543832783e-08
-3.1529847911989442e-08
-2.8622591412196851e-08
-2.6142258835873341e-08
-2.4000026571341810e-08
-1.9116560330537533e-07
-4.4405657621383713e-04
-7.2079706175984357e-04
-6.8353988482563696e-04
-6.4471475071026805e-04
-6.0159929057054232e-04
-5.5999544227559601e-04
-5.2011881084890253e-04
-4.7985090801251504e-04
-4.3854188721535205e-04
-3.9440394817098686e-04
-3.5556485397079311e-04
-3.1824175724477012e-04
-2.8301197807652771e-04
-2.4585978179472582e-04
-2.1564211806986578e-04
-1.8934280666585101e-04
-1.6633900896784277e-04
-1.4461388815076867e-04
-1.2815891533305603e-04
-1.1567839069389154e-04
-1.0582446473064671e-04
-9.7880545566335779e-05
-9.2930021018718443e-05
-8.9910851960287161e-05
-8.8261217309397149e-05
-8.7872876991765641e-05
-8.8362335560623740e-05
-8.9370444959765749e-05
-9.0826071815368296e-05
-9.2789704456009065e-05
-9.4517477920033345e-05
-9.6328850801289490e-05
-9.8172561542735388e-05
-9.9946356188836192e-05
-1.0143189866276810e-04
-1.0276067039850331e-04
-1.0403492701107223e-04
-1.0506146588368187e-04
-1.0590246240283380e-04
-1.0657896245784141e-04
-1.0718601519534483e-04
-1.0758213328331586e-04
-1.0781645094399883e-04
-1.0800076884407419e-04
-1.0808292416274225e-04
-1.0803078898552305e-04
-1.0791709134789870e-04
-1.0774393997124552e-04
-1.0748169851946944e-04
-1.0716258921126650e-04
-1.0682406207483379e-04
-1.0643359898941386e-04
-1.0600928121505037e-04
-1.0552313796383307e-04
-1.0504484672905466e-04
-1.0453924193719991e-04
-1.0398874888295501e-04
-1.0345865286918962e-04
-1.0291803338426965e-04
-1.0230562397652441e-04
-1.0173702496378465e-04
-1.0116546822136448e-04
-1.0053866060861735e-04
-9.9958471823978902e-05
-9.9382194830409000e-05
-9.8712751443120686e-05
-9.8133295421790103e-05
-9.7535107646705142e-05
-9.6885796356625315e-05
-9.6307664165862225e-05
-9.5694302844385714e-05
-9.5048764957910385e-05
-9.4467411177101280e-05
-9.3833957075755800e-05
-9.3224505744699104e-05
-9.2653436895415837e-05
-9.1993441077704104e-05
-9.1412817304109087e-05
-9.0830272132908909e-05
-9.0159834999639312e-05
-8.9620808865919068e-05
-8.9009286569604541e-05
-8.8387519219198404e-05
-8.7848065552525800e-05
-8.7185470910215607e-05
-8.6628975093672837e-05
-8.6065607352487310e-05
-8.5427017915822763e-05
-8.4897386736916197e-05
-8.4281930079556464e-05
-8.3698435236114832e-05
-8.3163270457778680e-05
-8.2532818458622587e-05
-8.2007659140191446e-05
-8.1413162401955112e-05
-8.0851471494556250e-05
-8.0295208443416474e-05
-7.9705696058354818e-05
-7.9185980556331276e-05
-7.8574572137431002e-05
-7.8063526362162042e-05
-7.7490271197032203e-05
-7.6924581812459156e-05
-7.6422568251692616e-05
-7.5801218808238795e-05
-7.5323137712550439e-05
-7.4729252676511451e-05
-7.4215691923931230e-05
-7.3670974652027222e-05
-7.3123946992229491e-05
-7.2600468304447009e-05
-7.2047190944185305e-05
-7.1551906711521748e-05
-7.0967780180208916e-05
-7.0499579359763035e-05
-6.9916471019429080e-05
-6.9428740516340332e-05
-6.8884731244909432e-05
-6.8367544013305044e-05
-6.7852067778507186e-05
-6.7328442828874105e-05
-6.6820850453563937e-05
-6.6293995101085907e-05
-6.5797391057207524e-05
-6.5251406262417956e-05
-6.4788412225440622e-05
-6.4220528772858729e-05
-6.3772575458460667e-05
-6.3211405258327142e-05
-6.2757380723401504e-05
-6.2203863346278773e-05
-6.1750654770026091e-05
-6.1190191049861548e-05
-6.0754246509828095e-05
-6.0187323661505927e-05
-5.9753405698484798e-05
-5.9198585867446826e-05
-5.8755470747261141e-05
-5.8209285526278034e-05
-5.7761406298630724e-05
-5.7215944549049497e-05
-5.6777165574012890e-05
-5.6230554093744190e-05
-5.5783610956405060e-05
-5.5262818037317430e-05
-5.4790320341638343e-05
-5.4296841679424138e-05
-5.3805459752929470e-05
-5.3320286378508829e-05
-5.2825399943262044e-05
-5.2348736078620461e-05
-5.1842825233687465e-05
-5.1388424669558731e-05
-5.0856355090494445e-05
-5.0417745093946762e-05
-4.9885558464741148e-05
-4.9433565904592310e-05
-4.8928558334141334e-05
-4.8442965314917439e-05
-4.7974297217473796e-05
-4.7454879117571617e-05
-4.7012693015901043e-05
-4.6474650135304427e-05
-4.6021404287188354e-05
-4.5518961871819336e-05
-4.5034583483509077e-05
-4.4557867634183202e-05
-4.4047161998823068e-05
-4.3594613153447276e-05
-4.3058524917047925e-05
-4.2597092943859469e-05
-4.2094668754585130e-05
-4.1597916803413313e-05
-4.1129675521693506e-05
-4.0593639168284729e-05
-4.0124939578127138e-05
-3.9621970984986634e-05
-3.9116052434240688e-05
-3.8641562939396756e-05
-3.8097815998968304e-05
0.0000000000000000e+00
];
