%Vec Object:dSdr_b_aug_240 1 MPI processes
%  type: seq
dSdr_b_aug_240 = [
2.5808031971024766e+03
0.0000000000000000e+00
-5.9452839561810324e-06
-2.3957524592975712e-06
-1.4328317079992384e-06
-9.9582493417518217e-07
-7.4758709991017697e-07
-5.9460865776690633e-07
-4.9094845537539584e-07
-4.1169215548403024e-07
-3.5288801324056453e-07
-3.0785640702825093e-07
-2.7106613765726657e-07
-2.4125577507490196e-07
-2.1682777409298261e-07
-1.9622315455934869e-07
-1.7861004960160399e-07
-1.6358703412008440e-07
-1.5060078968518045e-07
-1.3914021250087468e-07
-1.2910190696559796e-07
-1.2025044073408011e-07
-1.1229299607725083e-07
-1.0517993240017729e-07
-9.8799059854615982e-08
-9.3008753423956878e-08
-8.7743391040305026e-08
-8.2958036274525859e-08
-7.8579865547017364e-08
-7.4548276596942124e-08
-7.0846531864617052e-08
-6.7435614914016483e-08
-6.4265322410549739e-08
-6.1348850573960749e-08
-5.8913113136936156e-08
-5.9357425743957958e-08
-8.0741477662712455e-08
-2.3896923777413900e-07
-1.0348816302478515e-06
-4.0604476630700656e-06
-1.2949079936931197e-05
-3.1551904629114290e-05
-5.6475212648717134e-05
-7.7971141527187311e-05
-9.2039283109820639e-05
-1.0101416826189184e-04
-1.0700950399596424e-04
-1.1127673086311732e-04
-1.1469107087586678e-04
-1.1783446427232302e-04
-1.2027003391017276e-04
-1.2251709081421934e-04
-1.2461620408867248e-04
-1.2652785859466631e-04
-1.2807952904913818e-04
-1.2941950640743446e-04
-1.3065844420790762e-04
-1.3162856545476462e-04
-1.3239443570756284e-04
-1.3296950618555848e-04
-1.3345453018229330e-04
-1.3372519508757046e-04
-1.3381908647008847e-04
-1.3383412679171549e-04
-1.3376104395114370e-04
-1.3354393439138422e-04
-1.3324719084582796e-04
-1.3288523876714284e-04
-1.3243984983138090e-04
-1.3192718623824851e-04
-1.3138239347884143e-04
-1.3080137078105386e-04
-1.3018565091887785e-04
-1.2947264341714180e-04
-1.2879878944789498e-04
-1.2809880328501340e-04
-1.2731789399026257e-04
-1.2659323442761272e-04
-1.2585878512619140e-04
-1.2501029277218385e-04
-1.2424656715749014e-04
-1.2347773884181142e-04
-1.2262152131144887e-04
-1.2184728212923442e-04
-1.2107555364879578e-04
-1.2017458270014290e-04
-1.1940185676518914e-04
-1.1860572061606767e-04
-1.1773446343748913e-04
-1.1696626748970364e-04
-1.1615184269635098e-04
-1.1528961028999664e-04
-1.1451982714796013e-04
-1.1367968409001889e-04
-1.1286689630747916e-04
-1.1211063184328906e-04
-1.1123722961701429e-04
-1.1046139757320258e-04
-1.0969317126866664e-04
-1.0880532776220858e-04
-1.0808326984159994e-04
-1.0727917939618725e-04
-1.0645272192664583e-04
-1.0573272352859486e-04
-1.0486142922864228e-04
-1.0411806352208075e-04
-1.0337000670104766e-04
-1.0252654094604882e-04
-1.0181973080516146e-04
-1.0100301838353888e-04
-1.0023007898527676e-04
-9.9516835096935004e-05
-9.8678750292381290e-05
-9.7982085962184973e-05
-9.7188805393619098e-05
-9.6443075504741319e-05
-9.5704222432747775e-05
-9.4917226562032454e-05
-9.4225668870026355e-05
-9.3413035410397293e-05
-9.2726549697121554e-05
-9.1966527768592345e-05
-9.1211563149434804e-05
-9.0534639189832544e-05
-8.9713356240008859e-05
-8.9067492911959316e-05
-8.8274400077154676e-05
-8.7590653454653337e-05
-8.6853754636037473e-05
-8.6125368667786193e-05
-8.5422540339933736e-05
-8.4677643371304504e-05
-8.4013754945159267e-05
-8.3228131814502791e-05
-8.2595917144849627e-05
-8.1812998594419796e-05
-8.1154505093508294e-05
-8.0420976268949992e-05
-7.9724577051712482e-05
-7.9026844059014331e-05
-7.8318591774444786e-05
-7.7634269854241189e-05
-7.6916498420821332e-05
-7.6246572469391418e-05
-7.5506400934655489e-05
-7.4872246334303864e-05
-7.4108211147598811e-05
-7.3490736256165575e-05
-7.2731316705260492e-05
-7.2112094712122317e-05
-7.1353365250209180e-05
-7.0736411122981479e-05
-6.9969767016944161e-05
-6.9370749081484174e-05
-6.8596328477750688e-05
-6.7998147971802829e-05
-6.7237878859305379e-05
-6.6628558546748390e-05
-6.5876996604592096e-05
-6.5258972983556359e-05
-6.4510065841622008e-05
-6.3897383535582567e-05
-6.3149868937534707e-05
-6.2525911647174840e-05
-6.1804869997003211e-05
-6.1151948669870820e-05
-6.0461086597709488e-05
-5.9782756149532716e-05
-5.9104160576953761e-05
-5.8415154773686267e-05
-5.7749967790375683e-05
-5.7042266147810998e-05
-5.6405570976398248e-05
-5.5661444194881758e-05
-5.5044311513350051e-05
-5.4299606845813810e-05
-5.3662728787610632e-05
-5.2951484461168361e-05
-5.2269811192135691e-05
-5.1602895514471474e-05
-5.0875604001715257e-05
-5.0244707739011387e-05
-4.9485128663393238e-05
-4.8843630504180976e-05
-4.8125126673928763e-05
-4.7440331270901891e-05
-4.6758928378974610e-05
-4.6032041071542647e-05
-4.5384492510717781e-05
-4.4618959623683961e-05
-4.3958303141463708e-05
-4.3239735331912003e-05
-4.2526995536951852e-05
-4.1855599489747413e-05
-4.1085091548793385e-05
-4.0412809107337497e-05
-3.9690835515827031e-05
-3.8965504578511376e-05
-3.8302815096515884e-05
-3.7616676564758163e-05
0.0000000000000000e+00
];
