%Vec Object:dSdr_b_aug_8970 1 MPI processes
%  type: seq
dSdr_b_aug_8970 = [
2.2794760574989791e+03
0.0000000000000000e+00
-6.5545598780598851e-07
-2.7143123035858791e-07
-1.6927007873952657e-07
-1.2045796085833773e-07
-9.0356479801921874e-08
-7.1739313989139971e-08
-5.9120168864449781e-08
-4.9640523766994737e-08
-4.2600022367556287e-08
-3.7201913901434611e-08
-3.2808045411883068e-08
-2.9248440360177563e-08
-2.6329791960117233e-08
-2.3868627829168596e-08
-2.1768073261437110e-08
-1.1095568269548139e-06
-7.4540184368048629e-04
-7.8078763956160899e-04
-7.3904495239855272e-04
-7.0036511078363139e-04
-6.6247397721030032e-04
-6.2471951468704540e-04
-5.8280607416833364e-04
-5.4233019677903918e-04
-5.0351118195565063e-04
-4.6429742987542775e-04
-4.2405043965546013e-04
-3.8101729171840555e-04
-3.4314493729176529e-04
-3.0673529303593177e-04
-2.7235612556360267e-04
-2.3609141978319831e-04
-2.0659106178519800e-04
-1.8091184297206427e-04
-1.5844878500709329e-04
-1.3723524382344286e-04
-1.2116809745526031e-04
-1.0898339882733525e-04
-9.9369340661327452e-05
-9.1624471473934698e-05
-8.6805799011905311e-05
-8.3877382542061731e-05
-8.2289683640714931e-05
-8.1938862694673972e-05
-8.2446855596156739e-05
-8.3463058100170369e-05
-8.4918002938386123e-05
-8.6876805236002863e-05
-8.8601102823738538e-05
-9.0407048259513509e-05
-9.2247906832495935e-05
-9.4022578868337869e-05
-9.5511797735121654e-05
-9.6848724359795498e-05
-9.8136887355205953e-05
-9.9179393746844977e-05
-1.0003900088012861e-04
-1.0073907088462918e-04
-1.0137375946840156e-04
-1.0179799379252179e-04
-1.0206358294953604e-04
-1.0228546591355321e-04
-1.0240203007396479e-04
-1.0238642932928244e-04
-1.0231324805328529e-04
-1.0218187709433307e-04
-1.0196016023616070e-04
-1.0168387491216735e-04
-1.0139098225272024e-04
-1.0104267802483578e-04
-1.0066070495156304e-04
-1.0022475146766789e-04
-9.9789724925530984e-05
-9.9327123375784747e-05
-9.8827605584334084e-05
-9.8340553038637750e-05
-9.7842814685047237e-05
-9.7282634157171485e-05
-9.6757203164631733e-05
-9.6229288983201534e-05
-9.5653233972738618e-05
-9.5115975133079684e-05
-9.4582938056481420e-05
-9.3964715782022423e-05
-9.3428017056070668e-05
-9.2873621609152528e-05
-9.2273411675614512e-05
-9.1737327493405081e-05
-9.1168447677321421e-05
-9.0570849392015946e-05
-9.0031182054800183e-05
-8.9443454012657633e-05
-8.8878987062597170e-05
-8.8348889262345660e-05
-8.7736105634011482e-05
-8.7198668038528630e-05
-8.6657201341330009e-05
-8.6034861330198974e-05
-8.5536327555999376e-05
-8.4967407515391550e-05
-8.4390924333447413e-05
-8.3891413101211008e-05
-8.3274989675144681e-05
-8.2759835629535197e-05
-8.2237327198462395e-05
-8.1644063144482867e-05
-8.1153629803700837e-05
-8.0582697553976395e-05
-8.0041114103312561e-05
-7.9545346319066698e-05
-7.8960829549748409e-05
-7.8473612834390716e-05
-7.7923093658058094e-05
-7.7402118282958598e-05
-7.6886250213515985e-05
-7.6340427730573919e-05
-7.5858729456240506e-05
-7.5291838706840260e-05
-7.4819606110226695e-05
-7.4287669992289908e-05
-7.3763854616580173e-05
-7.3300537106356698e-05
-7.2723419644793837e-05
-7.2282457636602601e-05
-7.1732644049909294e-05
-7.1256734169036204e-05
-7.0754533930840805e-05
-7.0247628868501727e-05
-6.9763828406396258e-05
-6.9252943797385778e-05
-6.8794960575641238e-05
-6.8255411933137493e-05
-6.7823496617633373e-05
-6.7284593112542642e-05
-6.6834641275543901e-05
-6.6332560245550718e-05
-6.5855020906178073e-05
-6.5379866183784487e-05
-6.4897087216043699e-05
-6.4428593597806624e-05
-6.3943975544740889e-05
-6.3485716424785700e-05
-6.2982692557909202e-05
-6.2557565335558712e-05
-6.2033077592577404e-05
-6.1622628555561631e-05
-6.1105318191333218e-05
-6.0687841371249361e-05
-6.0179724285874367e-05
-5.9762742296120710e-05
-5.9247893177953674e-05
-5.8848026612887007e-05
-5.8327009916874795e-05
-5.7929433116136476e-05
-5.7420066368864014e-05
-5.7013722319874965e-05
-5.6512974271159927e-05
-5.6102737747032924e-05
-5.5602286069070613e-05
-5.5201981577569858e-05
-5.4699817942587663e-05
-5.4292037728245463e-05
-5.3815548124574584e-05
-5.3382967942237990e-05
-5.2933159037628041e-05
-5.2483138517367598e-05
-5.2040758939593486e-05
-5.1588820774295238e-05
-5.1153867361783657e-05
-5.0692602520469019e-05
-5.0278535080019757e-05
-4.9793383508402921e-05
-4.9394272979227237e-05
-4.8909107271204664e-05
-4.8498022949727902e-05
-4.8038647947308061e-05
-4.7596441347852710e-05
-4.7171640106465194e-05
-4.6698219628510663e-05
-4.6297792915352789e-05
-4.5808773456939168e-05
-4.5397189518820694e-05
-4.4942564011705386e-05
-4.4502544759644785e-05
-4.4071136966839338e-05
-4.3608288061674801e-05
-4.3198917064754162e-05
-4.2713637568774355e-05
-4.2296342683561774e-05
-4.1841819784727482e-05
-4.1392966396456795e-05
-4.0969834934530693e-05
-4.0485924032614486e-05
-4.0062675842247506e-05
-3.9608908340779991e-05
-3.9153129895591580e-05
-3.8724775201844845e-05
-3.8236471175647453e-05
0.0000000000000000e+00
];
