%Vec Object:dSdr_b_aug_7890 1 MPI processes
%  type: seq
dSdr_b_aug_7890 = [
2.2951413661606448e+03
0.0000000000000000e+00
-7.2464184443408594e-07
-2.9988011603488315e-07
-1.8679117637075008e-07
-1.3284958353653425e-07
-9.9683066089733871e-08
-7.9172646407016249e-08
-6.5270037440958897e-08
-5.4818236806208570e-08
-4.7055895057241161e-08
-4.1104604527833170e-08
-3.6259225970906569e-08
-3.2333666926031723e-08
-2.9115002072900066e-08
-2.6400660926080070e-08
-2.4081068507530685e-08
-2.2518772931128732e-08
-5.3358189737422361e-05
-7.8238707423555287e-04
-7.4422025838236355e-04
-7.0530665944177164e-04
-6.6716660223784517e-04
-6.2916882666289790e-04
-5.8698782607466047e-04
-5.4626095729964907e-04
-5.0720660815460226e-04
-4.6775829302869081e-04
-4.2727498640163057e-04
-3.8399600725730289e-04
-3.4590853994256605e-04
-3.0929563995885404e-04
-2.7472719969674569e-04
-2.3826501509277459e-04
-2.0860504672084673e-04
-1.8278784872230544e-04
-1.6020446846643516e-04
-1.3887709353675883e-04
-1.2272365038025815e-04
-1.1047312645551720e-04
-1.0080569445962424e-04
-9.3016533964686613e-05
-8.8168522645103167e-05
-8.5219912516331796e-05
-8.3618432094372569e-05
-8.3259262602979845e-05
-8.3763131387849728e-05
-8.4777533089123454e-05
-8.6232629707017416e-05
-8.8192506841390294e-05
-8.9917577877328875e-05
-9.1724731010658599e-05
-9.3566224245449593e-05
-9.5340701062429658e-05
-9.6829101869090221e-05
-9.8164213907642837e-05
-9.9449282531205587e-05
-1.0048823592072399e-04
-1.0134370192762777e-04
-1.0203852728613677e-04
-1.0266706650643598e-04
-1.0308504457431725e-04
-1.0334367538684511e-04
-1.0355719960139394e-04
-1.0366610731552063e-04
-1.0364237715178381e-04
-1.0356018042304215e-04
-1.0341951274172658e-04
-1.0318877859961263e-04
-1.0290296434588014e-04
-1.0259991738357763e-04
-1.0224223222616271e-04
-1.0185083687078936e-04
-1.0140371546987411e-04
-1.0095906193515803e-04
-1.0048689156932515e-04
-9.9976031077719357e-05
-9.9479400765341324e-05
-9.8972120767346319e-05
-9.8400318592630758e-05
-9.7865282119167219e-05
-9.7327656865054806e-05
-9.6740308700084970e-05
-9.6193497354780250e-05
-9.5650838799572790e-05
-9.5021219120823412e-05
-9.4475006306350982e-05
-9.3910866461962726e-05
-9.3299730799241179e-05
-9.2754290354774458e-05
-9.2175512790010911e-05
-9.1567247282251017e-05
-9.1018304136112184e-05
-9.0420401415131148e-05
-8.9845924819865076e-05
-8.9306710395973236e-05
-8.8683421404564121e-05
-8.8136374288860889e-05
-8.7585767064634395e-05
-8.6952724780864059e-05
-8.6445180898222471e-05
-8.5866781270269745e-05
-8.5280221740485440e-05
-8.4771822769677101e-05
-8.4145125615585955e-05
-8.3620772459924031e-05
-8.3089172273027119e-05
-8.2485822700793823e-05
-8.1986667304656394e-05
-8.1405827764753508e-05
-8.0854918455696556e-05
-8.0350384301377655e-05
-7.9755646314768819e-05
-7.9259986851487092e-05
-7.8699682066042345e-05
-7.8169646928334148e-05
-7.7644790423281600e-05
-7.7089246339763983e-05
-7.6599088712946822e-05
-7.6022292173572091e-05
-7.5541423114645968e-05
-7.5000292944366512e-05
-7.4467160029824858e-05
-7.3995232120251282e-05
-7.3408272438749538e-05
-7.2959050927411787e-05
-7.2399430841738367e-05
-7.1915143128759040e-05
-7.1403482270684820e-05
-7.0887649383634676e-05
-7.0395019975797376e-05
-6.9874702402010879e-05
-6.9408419197852127e-05
-6.8858951367868013e-05
-6.8418962034380877e-05
-6.7870222351816781e-05
-6.7411864248441945e-05
-6.6900453614837166e-05
-6.6414092081156683e-05
-6.5929965274981459e-05
-6.5438097522111229e-05
-6.4960903900600393e-05
-6.4466887475804382e-05
-6.4000096091514490e-05
-6.3487512836429150e-05
-6.3053959736382198e-05
-6.2519815861223973e-05
-6.2101021616925298e-05
-6.1573951847038663e-05
-6.1148342669088666e-05
-6.0630123406576618e-05
-6.0205080515657086e-05
-5.9680081534756836e-05
-5.9272187138019752e-05
-5.8740955706928367e-05
-5.8335292513399566e-05
-5.7815811846847311e-05
-5.7401285746444011e-05
-5.6890427321129408e-05
-5.6471814797776764e-05
-5.5961347781608987e-05
-5.5552482211173003e-05
-5.5040428344249855e-05
-5.4623933867193931e-05
-5.4137586195159342e-05
-5.3696123847731443e-05
-5.3236597854630463e-05
-5.2777373888577000e-05
-5.2325472141459892e-05
-5.1863977437936668e-05
-5.1419742922483539e-05
-5.0948543782289435e-05
-5.0525501722719565e-05
-5.0029910311212320e-05
-4.9622010675143895e-05
-4.9126382241905639e-05
-4.8706195359219345e-05
-4.8236666578341051e-05
-4.7784806011406376e-05
-4.7350243913171757e-05
-4.6866588471947049e-05
-4.6456869880536049e-05
-4.5956942223987890e-05
-4.5536088155569601e-05
-4.5070822987066842e-05
-4.4620933525366949e-05
-4.4179444439454137e-05
-4.3705947212166100e-05
-4.3286969119631711e-05
-4.2790384708632567e-05
-4.2363269657783571e-05
-4.1898089327835525e-05
-4.1438579599610953e-05
-4.1005413102594407e-05
-4.0509907422965634e-05
-4.0076551974097364e-05
-3.9611848038428262e-05
-3.9144937265556850e-05
-3.8706386185227391e-05
-3.8206115086567968e-05
0.0000000000000000e+00
];
