%Vec Object:dSdr_b_aug_4020 1 MPI processes
%  type: seq
dSdr_b_aug_4020 = [
2.3503683666835309e+03
0.0000000000000000e+00
-1.0432632031071648e-06
-4.2963154700050490e-07
-2.6573058709143069e-07
-1.8809671802994876e-07
-1.4096287994745717e-07
-1.1183171100445256e-07
-9.2087571790403226e-08
-7.7214581541113005e-08
-6.6171597002377369e-08
-5.7707051894403498e-08
-5.0814349551085224e-08
-4.5230916404328063e-08
-4.0653675180208298e-08
-3.6794397818266063e-08
-3.3497141853901558e-08
-3.0684010910851396e-08
-2.8251878514591324e-08
-2.6133586213724165e-08
-1.2087260242407872e-06
-5.6637488244399062e-04
-6.9001788470764787e-04
-6.5231137994256421e-04
-6.0876455121771321e-04
-5.6673124489490286e-04
-5.2645136063596320e-04
-4.8578150712397944e-04
-4.4406753027309977e-04
-3.9950833040800388e-04
-3.6030061485245452e-04
-3.2262921542127598e-04
-2.8707509496811592e-04
-2.4958449540736695e-04
-2.1909332046015522e-04
-1.9255756558559463e-04
-1.6934758204942781e-04
-1.4742739424934801e-04
-1.3082454195106219e-04
-1.1823121789715078e-04
-1.0828582956164683e-04
-1.0026601198734771e-04
-9.5265211788024025e-05
-9.2211438436022502e-05
-9.0538187435205221e-05
-9.0135540801978737e-05
-9.0617932107890523e-05
-9.1622955517126656e-05
-9.3078842365162940e-05
-9.5044316766851214e-05
-9.6773415535687311e-05
-9.8586857864247962e-05
-1.0043165609360779e-04
-1.0220511612667882e-04
-1.0368925657506999e-04
-1.0501491863195818e-04
-1.0628387251216019e-04
-1.0730432274668650e-04
-1.0813822281643205e-04
-1.0880573541946859e-04
-1.0940225037241477e-04
-1.0978764758174995e-04
-1.1001004127509441e-04
-1.1018003544970008e-04
-1.1024907052365482e-04
-1.1018300460800995e-04
-1.1005385790948649e-04
-1.0986477548409104e-04
-1.0958708183530036e-04
-1.0925164356525301e-04
-1.0889571581677809e-04
-1.0848917738681308e-04
-1.0804871340591187e-04
-1.0754343259675480e-04
-1.0704864436085457e-04
-1.0652664226077450e-04
-1.0595671213855567e-04
-1.0541020347939853e-04
-1.0485323324927049e-04
-1.0422090876662074e-04
-1.0363584961806729e-04
-1.0304765179623084e-04
-1.0240149202003205e-04
-1.0180493387985774e-04
-1.0121216933753630e-04
-1.0052319514347768e-04
-9.9927435599544859e-05
-9.9312549640605762e-05
-9.8644515815327652e-05
-9.8050350556810507e-05
-9.7420028266503341e-05
-9.6756210827294933e-05
-9.6158961845454016e-05
-9.5508072223522011e-05
-9.4881468176516762e-05
-9.4294776909498081e-05
-9.3616778905078436e-05
-9.3019688077425209e-05
-9.2421479527702067e-05
-9.1732702780250588e-05
-9.1178236755814498e-05
-9.0550470065324981e-05
-8.9911435705122426e-05
-8.9356751851177348e-05
-8.8676551965122496e-05
-8.8104292389627425e-05
-8.7525344853906160e-05
-8.6869472693349128e-05
-8.6324895245533178e-05
-8.5692461279401441e-05
-8.5092985479453376e-05
-8.4542798493979167e-05
-8.3894831235416524e-05
-8.3355204274961588e-05
-8.2743938743578806e-05
-8.2166722866837595e-05
-8.1595057073905261e-05
-8.0988885582312253e-05
-8.0454673985326777e-05
-7.9826290830012855e-05
-7.9300445461357474e-05
-7.8711435206758773e-05
-7.8129779124123491e-05
-7.7613010632562109e-05
-7.6974795388605997e-05
-7.6482560664634013e-05
-7.5871871040513622e-05
-7.5343953889694243e-05
-7.4783024734929645e-05
-7.4220698200096132e-05
-7.3682090078387759e-05
-7.3112648226354932e-05
-7.2603141001561836e-05
-7.2002016779271501e-05
-7.1519980184054613e-05
-7.0920016400924203e-05
-7.0417880777015057e-05
-6.9857884137776167e-05
-6.9325579044624049e-05
-6.8794728095443534e-05
-6.8255528450404017e-05
-6.7733027603792282e-05
-6.7190067043784423e-05
-6.6678841970347515e-05
-6.6116476048605756e-05
-6.5639043289313350e-05
-6.5054612929097089e-05
-6.4592359132203638e-05
-6.4014465054733249e-05
-6.3546504781743116e-05
-6.2975676149666177e-05
-6.2508654286829013e-05
-6.1930797599119494e-05
-6.1481096443198998e-05
-6.0896669463479567e-05
-6.0448894535893846e-05
-5.9876743336126905e-05
-5.9419607332248574e-05
-5.8856096816783987e-05
-5.8393864356706647e-05
-5.7831240176366556e-05
-5.7377790817292256e-05
-5.6814231295624304e-05
-5.6352355281123699e-05
-5.5814669442488922e-05
-5.5326951155935879e-05
-5.4816821166909947e-05
-5.4309668105258208e-05
-5.3808177429928101e-05
-5.3296914803936534e-05
-5.2804346745313104e-05
-5.2281412384954137e-05
-5.1811632837089341e-05
-5.1261673455133317e-05
-5.0808002390224139e-05
-5.0257886762899300e-05
-4.9790296018090773e-05
-4.9267888894375987e-05
-4.8765752824671496e-05
-4.8280358529939371e-05
-4.7743401822083318e-05
-4.7285293228134711e-05
-4.6728558140065900e-05
-4.6259427149491490e-05
-4.5738752796207777e-05
-4.5237461086295176e-05
-4.4743470288531549e-05
-4.4214518152853916e-05
-4.3745507223560518e-05
-4.3190047707210549e-05
-4.2711789037599891e-05
-4.2191103831286095e-05
-4.1676093378756901e-05
-4.1190659294444238e-05
-4.0634759085067987e-05
-4.0148747864918339e-05
-3.9627053435317984e-05
-3.9102090036614150e-05
-3.8610216111290008e-05
-3.8046426734412998e-05
0.0000000000000000e+00
];
