%Vec Object:dSdr_b_aug_1610 1 MPI processes
%  type: seq
dSdr_b_aug_1610 = [
2.4279281369059595e+03
0.0000000000000000e+00
-1.8054838177336224e-06
-7.3925553603483065e-07
-4.5296324324572538e-07
-3.1896214448848966e-07
-2.3923171727661300e-07
-1.8999303384886501e-07
-1.5662124697886365e-07
-1.3137488153120500e-07
-1.1263360452468046e-07
-9.8272322755266693e-08
-8.6564907640546393e-08
-7.7080186193075574e-08
-6.9305664398905108e-08
-6.2749397686513413e-08
-5.7146597034931926e-08
-5.2366791489914147e-08
-4.8234459812393208e-08
-4.4587946441106851e-08
-4.1393495250539284e-08
-3.8576305376025211e-08
-3.6043864987277441e-08
-3.5807783062534284e-08
-6.3988623971741920e-06
-4.5225379071926557e-04
-5.4605833035063171e-04
-5.0806912181593407e-04
-4.6502947038191370e-04
-4.1888502357900054e-04
-3.7827905296782698e-04
-3.3928549723132240e-04
-3.0250008218699531e-04
-2.6372479067470248e-04
-2.3219527402678608e-04
-2.0476189891422233e-04
-1.8076916338443411e-04
-1.5810843458327099e-04
-1.4094418113702758e-04
-1.2792263182438571e-04
-1.1763002091588068e-04
-1.0932206687305497e-04
-1.0413040290920937e-04
-1.0094525960086754e-04
-9.9182352620208328e-05
-9.8725394067907159e-05
-9.9180955373105709e-05
-1.0017426306209146e-04
-1.0163113668901768e-04
-1.0360360281119264e-04
-1.0533773267527092e-04
-1.0715903113015794e-04
-1.0900795764418310e-04
-1.1078014722199453e-04
-1.1225896537191421e-04
-1.1357282227880283e-04
-1.1482164541072994e-04
-1.1581898131443406e-04
-1.1662594104596900e-04
-1.1725933440528274e-04
-1.1781584450795109e-04
-1.1816054142541968e-04
-1.1833766740537885e-04
-1.1845328357442055e-04
-1.1847250948044961e-04
-1.1835355749825761e-04
-1.1816576067099615e-04
-1.1791619833510679e-04
-1.1757984267024925e-04
-1.1718241389319994e-04
-1.1676042729406497e-04
-1.1629286118946303e-04
-1.1579110052469971e-04
-1.1521316684417548e-04
-1.1465575020034841e-04
-1.1407149816608487e-04
-1.1342777814618300e-04
-1.1281896133835093e-04
-1.1219991795862437e-04
-1.1149198891446820e-04
-1.1084444134024369e-04
-1.1019306817279515e-04
-1.0947344085167019e-04
-1.0881473893055970e-04
-1.0815938190959682e-04
-1.0739626198902169e-04
-1.0673860859887347e-04
-1.0606033052713939e-04
-1.0532121946079610e-04
-1.0466618712062624e-04
-1.0397147514460447e-04
-1.0323826222342398e-04
-1.0258066957703926e-04
-1.0186358871027181e-04
-1.0117186704315237e-04
-1.0052586769318372e-04
-9.9779527188258144e-05
-9.9119921750468511e-05
-9.8462249618832366e-05
-9.7703849383161038e-05
-9.7090768214707336e-05
-9.6401332234869282e-05
-9.5696746410852830e-05
-9.5084243569864513e-05
-9.4337208169184108e-05
-9.3705103987350101e-05
-9.3067010237424388e-05
-9.2345526960954796e-05
-9.1744208380782892e-05
-9.1047322760394553e-05
-9.0387177801396382e-05
-8.9779961398894274e-05
-8.9065500243159588e-05
-8.8470949186811722e-05
-8.7796023602127764e-05
-8.7159869654898140e-05
-8.6529729809596190e-05
-8.5860314676054997e-05
-8.5271070970589923e-05
-8.4578245936678739e-05
-8.3996216278488310e-05
-8.3347394345301964e-05
-8.2705123246915510e-05
-8.2132340024163305e-05
-8.1430096466550457e-05
-8.0884129764851960e-05
-8.0209644213860985e-05
-7.9627225304386328e-05
-7.9004750337591462e-05
-7.8384344083385198e-05
-7.7788299500464747e-05
-7.7157491756180163e-05
-7.6593989237842158e-05
-7.5928336018147262e-05
-7.5393774143907264e-05
-7.4729821391529767e-05
-7.4172999061381306e-05
-7.3552308968264035e-05
-7.2962611367568357e-05
-7.2373392812522994e-05
-7.1775066368992004e-05
-7.1195967942749754e-05
-7.0591866586101464e-05
-7.0025135167817702e-05
-6.9400580974009155e-05
-6.8868333979466524e-05
-6.8221085997638477e-05
-6.7704542781208611e-05
-6.7063159255914654e-05
-6.6542294270560665e-05
-6.5905746316952886e-05
-6.5386284623368521e-05
-6.4742398420432006e-05
-6.4240472590889743e-05
-6.3589594098178453e-05
-6.3089213557673802e-05
-6.2451266732024206e-05
-6.1940902844888999e-05
-6.1311619787594859e-05
-6.0794897760948875e-05
-6.0167119354493684e-05
-5.9657976444075350e-05
-5.9030076627231201e-05
-5.8511510586365650e-05
-5.7909693755434235e-05
-5.7364193230675813e-05
-5.6790849468577060e-05
-5.6223824173132682e-05
-5.5660387865255747e-05
-5.5086956080366604e-05
-5.4534010765450106e-05
-5.3946449873221102e-05
-5.3418287048830075e-05
-5.2800412533205393e-05
-5.2289565241219756e-05
-5.1671385839447341e-05
-5.1144579972250493e-05
-5.0556119235264845e-05
-4.9991181260448955e-05
-4.9442289927689548e-05
-4.8838752191537290e-05
-4.8320198107944124e-05
-4.7692503043978025e-05
-4.7163068974290813e-05
-4.6573182743049279e-05
-4.6007685602713540e-05
-4.5448117199683405e-05
-4.4849900029729012e-05
-4.4318399485524506e-05
-4.3689407739895031e-05
-4.3147279193310356e-05
-4.2557282310752642e-05
-4.1972974784537381e-05
-4.1422297385444467e-05
-4.0791027468262626e-05
-4.0239360912349139e-05
-3.9646695658519931e-05
-3.9049684070012412e-05
-3.8492521384832210e-05
-3.7856405093853066e-05
0.0000000000000000e+00
];
