%Vec Object:dSdr_b_aug_2770 1 MPI processes
%  type: seq
dSdr_b_aug_2770 = [
2.3840341193131053e+03
0.0000000000000000e+00
-1.3188039265453021e-06
-5.4238206791451802e-07
-3.3453734890183295e-07
-2.3655662362798718e-07
-1.7754388622461075e-07
-1.4108090025801820e-07
-1.1636623611629604e-07
-9.7707916584337461e-08
-8.3854461265567523e-08
-7.3236672194260876e-08
-6.4583292380378347e-08
-5.7572280125227016e-08
-5.1824737403503581e-08
-4.6977320813087414e-08
-4.2834357601479012e-08
-3.9299596137188895e-08
-3.6243310399874754e-08
-3.3545733460873557e-08
-3.1182677588015071e-08
-3.4737748852695212e-08
-4.6776575374913012e-05
-6.4381188149028159e-04
-6.1957566324937548e-04
-5.7729880429386714e-04
-5.3639825821006628e-04
-4.9509750449661192e-04
-4.5274743351857817e-04
-4.0752650206092670e-04
-3.6773974135126419e-04
-3.2952121398138561e-04
-2.9345760514719088e-04
-2.5543542808202619e-04
-2.2451461068319120e-04
-1.9760744087673332e-04
-1.7407357231963790e-04
-1.5184696545626541e-04
-1.3501181810974093e-04
-1.2224130417459451e-04
-1.1215224303431722e-04
-1.0401320114666227e-04
-9.8933425876170954e-05
-9.5825294642840343e-05
-9.4114946058421260e-05
-9.3689826412482707e-05
-9.4161116099623007e-05
-9.5161291835471078e-05
-9.6617587015259589e-05
-9.8585954456278517e-05
-1.0031713500044676e-04
-1.0213382803708099e-04
-1.0398033447694902e-04
-1.0575326884315989e-04
-1.0723520706262978e-04
-1.0855598443263816e-04
-1.0981660868148989e-04
-1.1082749474483668e-04
-1.1165024752763812e-04
-1.1230364237453033e-04
-1.1288360424034311e-04
-1.1325216056179962e-04
-1.1345582346186450e-04
-1.1360331721334808e-04
-1.1365174234765115e-04
-1.1356379334346897e-04
-1.1341037852015396e-04
-1.1319627084961347e-04
-1.1289430416065121e-04
-1.1253321559802995e-04
-1.1214995417029567e-04
-1.1171816384874454e-04
-1.1125233670192068e-04
-1.1071699382441018e-04
-1.1019629141402484e-04
-1.0964853174164043e-04
-1.0904806907065504e-04
-1.0847577874857761e-04
-1.0789312409145477e-04
-1.0722951618933158e-04
-1.0661860077944244e-04
-1.0600426246318284e-04
-1.0532770351302753e-04
-1.0470543171441562e-04
-1.0408676785179481e-04
-1.0336711386451855e-04
-1.0274574407665919e-04
-1.0210462792410147e-04
-1.0140718397273921e-04
-1.0078783331219671e-04
-1.0013086803647468e-04
-9.9438336326712566e-05
-9.8816118510822680e-05
-9.8137840458617360e-05
-9.7484292222844464e-05
-9.6873060621521806e-05
-9.6166784045743206e-05
-9.5543826095438193e-05
-9.4921012869095473e-05
-9.4203427506352712e-05
-9.3624707869505413e-05
-9.2971423827638473e-05
-9.2305265757495469e-05
-9.1726657716938146e-05
-9.1018802809652322e-05
-9.0421780892134044e-05
-8.9818359993035733e-05
-8.9135339439488988e-05
-8.8567283796448548e-05
-8.7908181196061274e-05
-8.7283601872397445e-05
-8.6709817405806750e-05
-8.6034336478840501e-05
-8.5471983171159620e-05
-8.4834376551498825e-05
-8.4232773435741873e-05
-8.3636912403768448e-05
-8.3004572125130725e-05
-8.2447589487098273e-05
-8.1792541741318016e-05
-8.1243448585064203e-05
-8.0629689611384236e-05
-8.0022952406878813e-05
-7.9483006286657512e-05
-7.8818297575184400e-05
-7.8303829773822270e-05
-7.7666742838280455e-05
-7.7116274091702295e-05
-7.6529878671595782e-05
-7.5943520061652828e-05
-7.5381146030244214e-05
-7.4786312358976912e-05
-7.4254463101086231e-05
-7.3626638237810153e-05
-7.3122867867680521e-05
-7.2496426894398186e-05
-7.1971663145420215e-05
-7.1386552924895523e-05
-7.0830500106787807e-05
-7.0275497958723003e-05
-6.9711832977721599e-05
-6.9165913328163430e-05
-6.8597654084611351e-05
-6.8063461735479606e-05
-6.7475363707619279e-05
-6.6975250050947357e-05
-6.6364827172885082e-05
-6.5880109634280928e-05
-6.5275945051264121e-05
-6.4786093995598874e-05
-6.4188072185405361e-05
-6.3699351895832868e-05
-6.3094173677108681e-05
-6.2622863119863597e-05
-6.2010939994020214e-05
-6.1541398038959837e-05
-6.0942022082001484e-05
-6.0462861566786046e-05
-5.9872135843078660e-05
-5.9387356812790081e-05
-5.8797773265920818e-05
-5.8321279151600347e-05
-5.7731097045624134e-05
-5.7245763952853694e-05
-5.6681542130084377e-05
-5.6169914827381319e-05
-5.5633628373078134e-05
-5.5101701495983223e-05
-5.4574579076043176e-05
-5.4037592211026763e-05
-5.3520041357354196e-05
-5.2970365942391301e-05
-5.2476428651783980e-05
-5.1898367452743929e-05
-5.1421038079977229e-05
-5.0842759113862290e-05
-5.0350666392376431e-05
-4.9800927665993702e-05
-4.9272805462340026e-05
-4.8761137386232073e-05
-4.8196630789688878e-05
-4.7713511030714960e-05
-4.7127414087998067e-05
-4.6633330790421183e-05
-4.6084017822104193e-05
-4.5556158993551942e-05
-4.5035033226713019e-05
-4.4477420246263842e-05
-4.3982551859564577e-05
-4.3396665514983782e-05
-4.2891977834013474e-05
-4.2342611551488807e-05
-4.1798925509810787e-05
-4.1286492312924176e-05
-4.0699401397257641e-05
-4.0186216295940330e-05
-3.9635142716726352e-05
-3.9080339754970718e-05
-3.8561373388796714e-05
-3.7967246337415531e-05
0.0000000000000000e+00
];
