%Vec Object:dSdr_b_aug_4360 1 MPI processes
%  type: seq
dSdr_b_aug_4360 = [
2.3447015452963597e+03
0.0000000000000000e+00
-1.0053441631578189e-06
-4.1479171467267931e-07
-2.5711127214402441e-07
-1.8235670262714740e-07
-1.3688409605254511e-07
-1.0877581403675563e-07
-8.9723264872868888e-08
-7.5366336400906996e-08
-6.4705075747634548e-08
-5.6532615163194219e-08
-4.9874629755948694e-08
-4.4480235882602684e-08
-4.0057580951755686e-08
-3.6327525619405082e-08
-3.3139526311923965e-08
-3.0419346695982350e-08
-2.8067231739004423e-08
-2.6345294678771804e-08
-1.3674255407628801e-05
-6.9877915276353702e-04
-6.8839357030431368e-04
-6.4962383802649607e-04
-6.0621863532033004e-04
-5.6433766291008873e-04
-5.2420106735768439e-04
-4.8367404811807226e-04
-4.4210397385664610e-04
-3.9769447057174751e-04
-3.5861774596923006e-04
-3.2107011719032869e-04
-2.8563125261538787e-04
-2.4826090593099096e-04
-2.1786692422374345e-04
-1.9141519042675209e-04
-1.6827847580829630e-04
-1.4642760580843271e-04
-1.2987730304571312e-04
-1.1732406268595754e-04
-1.0741117584043292e-04
-9.9418329038515797e-05
-9.4435394453928965e-05
-9.1393917831833279e-05
-8.9729058947912341e-05
-8.9331496070560337e-05
-8.9816398705621289e-05
-9.0822518684183649e-05
-9.2278313094633593e-05
-9.4243132971986461e-05
-9.5971760745677031e-05
-9.7784467647677917e-05
-9.9628879395985599e-05
-1.0140245829662930e-04
-1.0288709688665654e-04
-1.0421386391093575e-04
-1.0548470207272767e-04
-1.0650731586776315e-04
-1.0734373766453879e-04
-1.0801444403732912e-04
-1.0861470367375091e-04
-1.0900391058115814e-04
-1.0923054148253155e-04
-1.0940562562862084e-04
-1.0947932301381352e-04
-1.0941820742242876e-04
-1.0929455059034113e-04
-1.0911112930825039e-04
-1.0883892664159828e-04
-1.0850929091599823e-04
-1.0815954652732136e-04
-1.0775872051893935e-04
-1.0732399414122784e-04
-1.0682551392343238e-04
-1.0633658794767617e-04
-1.0582041268195058e-04
-1.0525738958407722e-04
-1.0471671321009889e-04
-1.0416555326892636e-04
-1.0354030567310212e-04
-1.0296109568639147e-04
-1.0237881132553158e-04
-1.0173952840434104e-04
-1.0114878716749094e-04
-1.0056188152934480e-04
-9.9879847672348652e-05
-9.9289881638561301e-05
-9.8680929434211015e-05
-9.8019548724408398e-05
-9.7431080869281794e-05
-9.6806785715756801e-05
-9.6149463977015097e-05
-9.5557863407702586e-05
-9.4913169556574555e-05
-9.4292660784942278e-05
-9.3711520996214538e-05
-9.3039920129999335e-05
-9.2448680925551763e-05
-9.1856038410026119e-05
-9.1173778707235957e-05
-9.0624799299990051e-05
-9.0002805114597898e-05
-8.9369906654285927e-05
-8.8820634907920028e-05
-8.8146691114679150e-05
-8.7580033253742748e-05
-8.7006622060131474e-05
-8.6356891384240168e-05
-8.5817625153215417e-05
-8.5191224141618614e-05
-8.4597427238874450e-05
-8.4052578455641325e-05
-8.3410835314758324e-05
-8.2876349490176176e-05
-8.2271042817398700e-05
-8.1699343802026173e-05
-8.1133151436647155e-05
-8.0532899826708920e-05
-8.0003839477355712e-05
-7.9381488364406143e-05
-7.8860902093201761e-05
-7.8277490475387203e-05
-7.7701508225784733e-05
-7.7189982961383847e-05
-7.6557761050314435e-05
-7.6070555879050373e-05
-7.5465837836515400e-05
-7.4943022294088590e-05
-7.4387854101406616e-05
-7.3830964088404991e-05
-7.3297732277298179e-05
-7.2734034548045548e-05
-7.2229581527233095e-05
-7.1634497509021866e-05
-7.1157377519602327e-05
-7.0563403393152861e-05
-7.0066386695302681e-05
-6.9512071240180118e-05
-6.8985138349400625e-05
-6.8459750876750889e-05
-6.7926085772998743e-05
-6.7408882723233161e-05
-6.6871645225468395e-05
-6.6365615806841954e-05
-6.5809070998065953e-05
-6.5336769111763276e-05
-6.4758218777370873e-05
-6.4301046731388229e-05
-6.3729095568806720e-05
-6.3266087435844996e-05
-6.2701410447926957e-05
-6.2239297214286993e-05
-6.1667621210550384e-05
-6.1222808548716415e-05
-6.0644601759058684e-05
-6.0201750988490478e-05
-5.9635758590934630e-05
-5.9183604997778599e-05
-5.8626251130725526e-05
-5.8169119187872189e-05
-5.7612593787420055e-05
-5.7164357652660692e-05
-5.6606820733818615e-05
-5.6150251229070827e-05
-5.5618568413570425e-05
-5.5136258886352319e-05
-5.4632046079482991e-05
-5.4130497426658971e-05
-5.3634805248737009e-05
-5.3129362054593648e-05
-5.2642445710254147e-05
-5.2125560829235503e-05
-5.1661246380350528e-05
-5.1117644340153599e-05
-5.0669325428292040e-05
-5.0125581101987091e-05
-4.9663533412449887e-05
-4.9147309490692598e-05
-4.8651052287518362e-05
-4.8171601971975038e-05
-4.7640877975748132e-05
-4.7188427843099378e-05
-4.6638335503876813e-05
-4.6174849825562557e-05
-4.5660654813970597e-05
-4.5165373977010233e-05
-4.4677522694706046e-05
-4.4155055502018888e-05
-4.3691895652295160e-05
-4.3143321346918601e-05
-4.2671044116182738e-05
-4.2156850720133872e-05
-4.1648332207064177e-05
-4.1169012988585635e-05
-4.0620179620586763e-05
-4.0140333451616069e-05
-3.9625317498488479e-05
-3.9107173292815451e-05
-3.8621622063211633e-05
-3.8065727501308445e-05
0.0000000000000000e+00
];
