%Vec Object:dSdr_b_aug_1160 1 MPI processes
%  type: seq
dSdr_b_aug_1160 = [
2.4555126430736509e+03
0.0000000000000000e+00
-2.2148956144799756e-06
-9.0491210498573849e-07
-5.5247620035050876e-07
-3.8831077558202823e-07
-2.9139156328314265e-07
-2.3155642802469239e-07
-1.9100321995761716e-07
-1.6026926030213761e-07
-1.3745582620573778e-07
-1.1997592371873615e-07
-1.0571929824034261e-07
-9.4168545292603725e-08
-8.4700879464072580e-08
-7.6715957845097569e-08
-6.9891388348507158e-08
-6.4069383222398455e-08
-5.9036004461842188e-08
-5.4593831835026713e-08
-5.0702399965353740e-08
-4.7270610472316948e-08
-4.4184898206253961e-08
-4.1426309643447261e-08
-3.9022169849550542e-08
-1.5901048055295779e-07
-6.9159549634569337e-05
-4.7506854472942442e-04
-4.6958045482946347e-04
-4.2521498328296654e-04
-3.8432152727919375e-04
-3.4490051170611252e-04
-3.0770219668200790e-04
-2.6849399661112237e-04
-2.3661434041729050e-04
-2.0887822960515015e-04
-1.8462148881960116e-04
-1.6171098873275297e-04
-1.4435738402732715e-04
-1.3119140121962836e-04
-1.2078167760110720e-04
-1.1237653959312474e-04
-1.0712050013567648e-04
-1.0389104761415604e-04
-1.0209790086167044e-04
-1.0162262351135391e-04
-1.0206913523044104e-04
-1.0305849114593560e-04
-1.0451569735651039e-04
-1.0649052144021451e-04
-1.0822634799813724e-04
-1.1005029599640087e-04
-1.1190061472372332e-04
-1.1367237561774705e-04
-1.1514939847503527e-04
-1.1645927353652525e-04
-1.1770130673853566e-04
-1.1869084640729677e-04
-1.1948871946056718e-04
-1.2011060481767214e-04
-1.2065362180121705e-04
-1.2098459106946723e-04
-1.2114644889238882e-04
-1.2124372414825829e-04
-1.2124615014190932e-04
-1.2110936046129400e-04
-1.2090178181004762e-04
-1.2063182049541692e-04
-1.2027567900198751e-04
-1.1985734175041272e-04
-1.1941307448937599e-04
-1.1892492466203623e-04
-1.1840248954342981e-04
-1.1780005114575743e-04
-1.1722151088094915e-04
-1.1661626288030117e-04
-1.1594765464568456e-04
-1.1531782223867674e-04
-1.1467784252220810e-04
-1.1394441320854531e-04
-1.1327578923324269e-04
-1.1260310797811415e-04
-1.1185870117214640e-04
-1.1117903909545207e-04
-1.1050257058065712e-04
-1.0971444243740713e-04
-1.0903591319244471e-04
-1.0833625392470865e-04
-1.0757316958939761e-04
-1.0689760768418316e-04
-1.0618117799473988e-04
-1.0542455898577223e-04
-1.0474661329020267e-04
-1.0400720707929696e-04
-1.0329352218674040e-04
-1.0262751907947768e-04
-1.0185812765159239e-04
-1.0117743694867464e-04
-1.0049970861812451e-04
-9.9717825407742502e-05
-9.9084974227663388e-05
-9.8374738158111353e-05
-9.7648042872227670e-05
-9.7016038613407740e-05
-9.6246460662198952e-05
-9.5594171854202967e-05
-9.4936129035730899e-05
-9.4192516181422145e-05
-9.3572059730603918e-05
-9.2853435602125510e-05
-9.2172827912414960e-05
-9.1546376407898103e-05
-9.0809487930288490e-05
-9.0196411865825070e-05
-8.9500014772301770e-05
-8.8843981968188108e-05
-8.8194119773182247e-05
-8.7503373583129417e-05
-8.6895568444028516e-05
-8.6181008209810551e-05
-8.5580028507687832e-05
-8.4911033070800236e-05
-8.4248317516902552e-05
-8.3656641443749164e-05
-8.2932802182280032e-05
-8.2368712570253801e-05
-8.1672709698926078e-05
-8.1071908248093484e-05
-8.0428674892698242e-05
-7.9788679311001374e-05
-7.9173262363382615e-05
-7.8521756921136584e-05
-7.7940042694485008e-05
-7.7252624916218692e-05
-7.6700347151245231e-05
-7.6014811988758655e-05
-7.5439544758097553e-05
-7.4798383786247056e-05
-7.4189328667418535e-05
-7.3580423712184354e-05
-7.2962154808536836e-05
-7.2363966991859590e-05
-7.1739243893052346e-05
-7.1153791149120664e-05
-7.0508261925726913e-05
-6.9957527052255783e-05
-6.9289091782241143e-05
-6.8754237709783741e-05
-6.8091440311771048e-05
-6.7552731523489386e-05
-6.6894017609190026e-05
-6.6356868924561765e-05
-6.5690712153953216e-05
-6.5171171919014049e-05
-6.4497880544566206e-05
-6.3979757133726922e-05
-6.3319618668567976e-05
-6.2791302053095009e-05
-6.2139835167870377e-05
-6.1604734894913995e-05
-6.0954981239978227e-05
-6.0427054031145541e-05
-5.9777453529660232e-05
-5.9239767136023460e-05
-5.8616320259096107e-05
-5.8051331047086124e-05
-5.7456666656695254e-05
-5.6869447814136502e-05
-5.6285118670306079e-05
-5.5690718699355153e-05
-5.5117409623816801e-05
-5.4508051812053834e-05
-5.3960197874593899e-05
-5.3319417376867973e-05
-5.2789286234539006e-05
-5.2148150886222451e-05
-5.1601373677436612e-05
-5.0990635213766859e-05
-5.0404516403515822e-05
-4.9834209945853431e-05
-4.9208217118442122e-05
-4.8669277593505749e-05
-4.8017651043069124e-05
-4.7467880237033028e-05
-4.6854652950701993e-05
-4.6267503929033643e-05
-4.5685821580297467e-05
-4.5064247753960611e-05
-4.4511677074073885e-05
-4.3857892547759304e-05
-4.3294232650054802e-05
-4.2680872701362711e-05
-4.2073212615523042e-05
-4.1500558782729132e-05
-4.0843912302368566e-05
-4.0270173740328154e-05
-3.9653703004228400e-05
-3.9032671695155377e-05
-3.8454278713151396e-05
-3.7797977380750407e-05
0.0000000000000000e+00
];
