%Vec Object:dSdr_b_aug_3580 1 MPI processes
%  type: seq
dSdr_b_aug_3580 = [
2.3627749403614362e+03
0.0000000000000000e+00
-1.1376061442218354e-06
-4.6860813449035570e-07
-2.8977213795103886e-07
-2.0520434303334892e-07
-1.5399604773528692e-07
-1.2234849976517660e-07
-1.0089750660046985e-07
-8.4720726691125529e-08
-7.2709015090987585e-08
-6.3502070101131457e-08
-5.6000491223695128e-08
-4.9922786197366182e-08
-4.4940165547828498e-08
-4.0738005162297398e-08
-3.7146670192532524e-08
-3.4082476899893957e-08
-3.1433017469791289e-08
-2.9094670443383609e-08
-3.0659322818767749e-08
-5.5837842470416740e-05
-6.8292950675304261e-04
-6.5583319545776454e-04
-6.1224579572760011e-04
-5.7000752008977732e-04
-5.2953160833750436e-04
-4.8866624458640052e-04
-4.4675529101284963e-04
-4.0199118328883011e-04
-3.6260416451686599e-04
-3.2476334518436129e-04
-2.8905146004524611e-04
-2.5139625584114089e-04
-2.2077204075975890e-04
-1.9412127608685700e-04
-1.7081100054042498e-04
-1.4879592912376977e-04
-1.3212114593883994e-04
-1.1947295448208251e-04
-1.0948307740856532e-04
-1.0142634164571750e-04
-9.6401086554615133e-05
-9.3330481096169307e-05
-9.1645742691026511e-05
-9.1236137194781637e-05
-9.1715090824376949e-05
-9.2718613111244651e-05
-9.4174626375651146e-05
-9.6140996591543892e-05
-9.7870739966468900e-05
-9.9685188866091215e-05
-1.0153051602856456e-04
-1.0330381326896749e-04
-1.0478727177354018e-04
-1.0611142125624887e-04
-1.0737779582546408e-04
-1.0839528447086953e-04
-1.0922573273584579e-04
-1.0988887371960543e-04
-1.1048026294603182e-04
-1.1086044526161877e-04
-1.1107703883567820e-04
-1.1124006561693068e-04
-1.1130271872187544e-04
-1.1122987666042247e-04
-1.1109321528091139e-04
-1.1089638372870534e-04
-1.1061117387486068e-04
-1.1026779292831687e-04
-1.0990340123645218e-04
-1.0948904349438326e-04
-1.0904072573360277e-04
-1.0852613610493640e-04
-1.0802332345811976e-04
-1.0749334543961346e-04
-1.0691396081259176e-04
-1.0635946877564894e-04
-1.0579454527729680e-04
-1.0515253378079920e-04
-1.0455946815515234e-04
-1.0396317584263850e-04
-1.0330760286235421e-04
-1.0270308240289558e-04
-1.0210229805070663e-04
-1.0140382375811071e-04
-1.0080013391787777e-04
-1.0017712569327774e-04
-9.9499984926273356e-05
-9.8898020925192718e-05
-9.8259448547299762e-05
-9.7586739640414275e-05
-9.6981758977311269e-05
-9.6322388438462104e-05
-9.5687441035467987e-05
-9.5093150773653781e-05
-9.4406396217552559e-05
-9.3801295551020999e-05
-9.3195468082833363e-05
-9.2497770654106671e-05
-9.1935794419477839e-05
-9.1300126200355799e-05
-9.0652692899773188e-05
-9.0090600848041731e-05
-8.9401837499488888e-05
-8.8821910188899465e-05
-8.8235384401224689e-05
-8.7571105657514143e-05
-8.7019258114878485e-05
-8.6378566124514257e-05
-8.5771316941822806e-05
-8.5213822924565336e-05
-8.4557335974436149e-05
-8.4010671731767165e-05
-8.3391249602202014e-05
-8.2806482143058544e-05
-8.2227324221148827e-05
-8.1613049485335269e-05
-8.1071786766966840e-05
-8.0435146840583419e-05
-7.9902102724780242e-05
-7.9305428954982131e-05
-7.8716006427733816e-05
-7.8192060914341618e-05
-7.7545641888746735e-05
-7.7046522626554996e-05
-7.6427658996195319e-05
-7.5892758677239343e-05
-7.5323943817864748e-05
-7.4754175680187923e-05
-7.4208208374754292e-05
-7.3630903871311400e-05
-7.3114478371092418e-05
-7.2505086217007300e-05
-7.2016319695931386e-05
-7.1408157173801309e-05
-7.0899014686209944e-05
-7.0331241554303904e-05
-6.9791582910485610e-05
-6.9253253473950036e-05
-6.8706478068405097e-05
-6.8176725523964589e-05
-6.7625931155484997e-05
-6.7107594201791564e-05
-6.6537260261831689e-05
-6.6052804301122635e-05
-6.5460325286448791e-05
-6.4991115532071772e-05
-6.4405086721510308e-05
-6.3930347910866775e-05
-6.3351098838498865e-05
-6.2877358003033903e-05
-6.2291041131663685e-05
-6.1834648571703360e-05
-6.1241707340039235e-05
-6.0787192200847169e-05
-6.0206610787676918e-05
-5.9742654843796449e-05
-5.9170717074213204e-05
-5.8701503019600202e-05
-5.8130530810278030e-05
-5.7669945595254753e-05
-5.7098142333877501e-05
-5.6629002790223628e-05
-5.6083100032076899e-05
-5.5587978277219427e-05
-5.5069748893002574e-05
-5.4554924581192708e-05
-5.4045496998580225e-05
-5.3526268828169539e-05
-5.3025964819808826e-05
-5.2494750064314413e-05
-5.2017490057195202e-05
-5.1458828928066691e-05
-5.0997832069216032e-05
-5.0438995660436375e-05
-4.9963817895601421e-05
-4.9432947561463535e-05
-4.8922764923492890e-05
-4.8429235005508312e-05
-4.7883747544115987e-05
-4.7417894342453072e-05
-4.6852067472453654e-05
-4.6375210163812618e-05
-4.5845668060648528e-05
-4.5336150101634587e-05
-4.4833757289355244e-05
-4.4295930742047543e-05
-4.3818913601566543e-05
-4.3254033129597626e-05
-4.2767591678171436e-05
-4.2238026685354201e-05
-4.1714138678719564e-05
-4.1220347014864999e-05
-4.0654792749631077e-05
-4.0160373986347812e-05
-3.9629594827718151e-05
-3.9095418423848478e-05
-3.8595231049311843e-05
-3.8022451596734579e-05
0.0000000000000000e+00
];
