%Vec Object:dSdr_b_aug_3660 1 MPI processes
%  type: seq
dSdr_b_aug_3660 = [
2.3612104057486536e+03
0.0000000000000000e+00
-1.1249942789544065e-06
-4.6329069363108511e-07
-2.8642307619267345e-07
-2.0277039024501153e-07
-1.5210383957951079e-07
-1.2079126757951721e-07
-9.9567775166890822e-08
-8.3566372714274477e-08
-7.1685197528249367e-08
-6.2578357169769561e-08
-5.5159514312552527e-08
-4.9149174281519369e-08
-4.4221869513274747e-08
-4.0066702139748043e-08
-3.6515881483888415e-08
-3.3486324717889007e-08
-3.0866911857764308e-08
-2.8555482133943780e-08
-3.3907248717358139e-08
-9.2212713806132451e-05
-6.8645116740723383e-04
-6.5516149960428353e-04
-6.1154856067077441e-04
-5.6935061012465960e-04
-5.2891398070503194e-04
-4.8808781828109550e-04
-4.4621636098214255e-04
-4.0149333987594688e-04
-3.6214227366988388e-04
-3.2433542517388609e-04
-2.8865517385301631e-04
-2.5103297496596700e-04
-2.2043543611790847e-04
-1.9380773236730986e-04
-1.7051756664027522e-04
-1.4852152059191721e-04
-1.3186116046183817e-04
-1.1922397061475986e-04
-1.0924301409685098e-04
-1.0119368089833283e-04
-9.6173329322055712e-05
-9.3106098913016245e-05
-9.1423663876512109e-05
-9.1015453718801349e-05
-9.1495096644289445e-05
-9.2498919923373582e-05
-9.3954907837953496e-05
-9.5921098429780160e-05
-9.7650712551574861e-05
-9.9464959619498442e-05
-1.0131018072276763e-04
-1.0308351060383447e-04
-1.0456710584563193e-04
-1.0589155861748496e-04
-1.0715845037021686e-04
-1.0817653285076873e-04
-1.0900767324552925e-04
-1.0967169079348666e-04
-1.1026410779221938e-04
-1.1064533574497067e-04
-1.1086309229813963e-04
-1.1102751611373995e-04
-1.1109144893065834e-04
-1.1101996557180922e-04
-1.1088481098054170e-04
-1.1068953322578866e-04
-1.1040583046600983e-04
-1.1006404212632873e-04
-1.0970134756188534e-04
-1.0928855769053186e-04
-1.0884181471173678e-04
-1.0832909161899271e-04
-1.0782788796770824e-04
-1.0729950922171778e-04
-1.0672202034237604e-04
-1.0616912907349810e-04
-1.0560580030592064e-04
-1.0496573117811390e-04
-1.0437427095215199e-04
-1.0377960168738543e-04
-1.0312591617348847e-04
-1.0252299225966356e-04
-1.0192381598057226e-04
-1.0122724657796916e-04
-1.0062514686238871e-04
-1.0000376725469712e-04
-9.9328452544672778e-05
-9.8728052290023163e-05
-9.8091134159028538e-05
-9.7420208103823479e-05
-9.6816777740556259e-05
-9.6159107732782682e-05
-9.5525833278172298e-05
-9.4933066710898138e-05
-9.4248067954161120e-05
-9.3644573361601835e-05
-9.3040273582805543e-05
-9.2344364863610837e-05
-9.1783894521137391e-05
-9.1149810658557037e-05
-9.0504061452111099e-05
-8.9943454838073539e-05
-8.9256408572353671e-05
-8.8678018739963649e-05
-8.8093012488002574e-05
-8.7430419370815996e-05
-8.6880029574568660e-05
-8.6240993422795009e-05
-8.5635302902086418e-05
-8.5079274037470196e-05
-8.4424495393642642e-05
-8.3879242215450836e-05
-8.3261455587361322e-05
-8.2678202316408943e-05
-8.2100546661509669e-05
-8.1487896729042720e-05
-8.0948047850103096e-05
-8.0313063511168521e-05
-7.9781462835641951e-05
-7.9186325697991957e-05
-7.8598460441574823e-05
-7.8075954012273978e-05
-7.7431179949082000e-05
-7.6933441124411945e-05
-7.6316216486182245e-05
-7.5782716381240814e-05
-7.5215482705908750e-05
-7.4647206704248152e-05
-7.4102715008756293e-05
-7.3526987066945907e-05
-7.3011948768996306e-05
-7.2404214440420248e-05
-7.1916797355175356e-05
-7.1310278784565210e-05
-7.0802541262396412e-05
-7.0236327416301939e-05
-6.9698143253069884e-05
-6.9161313348566764e-05
-6.8616056979536319e-05
-6.8087758492998309e-05
-6.7538534902996980e-05
-6.7021623972021236e-05
-6.6452887721360363e-05
-6.5969840002254459e-05
-6.5378974845532636e-05
-6.4911159849545481e-05
-6.4326762156883456e-05
-6.3853382529817420e-05
-6.3275821863338703e-05
-6.2803428267986587e-05
-6.2218807771682340e-05
-6.1763756924079375e-05
-6.1172522908959842e-05
-6.0719359268789082e-05
-6.0140468221584616e-05
-5.9677879763460796e-05
-5.9107631766583989e-05
-5.8639817611708201e-05
-5.8070519289669450e-05
-5.7611364905972532e-05
-5.7041214620787232e-05
-5.6573531508838293e-05
-5.6029276349417703e-05
-5.5535639086178905e-05
-5.5019033735916224e-05
-5.4505747609802557e-05
-5.3997911480706976e-05
-5.3480280506252459e-05
-5.2981527657478745e-05
-5.2451973230161435e-05
-5.1976213154257318e-05
-5.1419296840615067e-05
-5.0959768901645944e-05
-5.0402681126085488e-05
-4.9929024661569691e-05
-4.9399851315900003e-05
-4.8891282125342887e-05
-4.8399383512510447e-05
-4.7855606586388379e-05
-4.7391306289304209e-05
-4.6827302451580624e-05
-4.6351994384791296e-05
-4.5824230398192075e-05
-4.5316361930618367e-05
-4.4815653858026083e-05
-4.4279606778719488e-05
-4.3804195029767810e-05
-4.3241203635879292e-05
-4.2756403009821196e-05
-4.2228618625679623e-05
-4.1706510817794039e-05
-4.1214395151209539e-05
-4.0650776946621032e-05
-4.0158044492585117e-05
-3.9629087829223464e-05
-3.9096760651763696e-05
-3.8598245587580598e-05
-3.8027297316688576e-05
0.0000000000000000e+00
];
