%Vec Object:dSdr_b_aug_6080 1 MPI processes
%  type: seq
dSdr_b_aug_6080 = [
2.3178263770954136e+03
0.0000000000000000e+00
-8.3953871874411804e-07
-3.4687768421558879e-07
-2.1554928957629706e-07
-1.5307352331866587e-07
-1.1484149190951283e-07
-9.1203507403667420e-08
-7.5181273269407763e-08
-6.3124973591938108e-08
-5.4171728647760178e-08
-4.7307982882201057e-08
-4.1718716399363614e-08
-3.7190553782561556e-08
-3.3477994325660182e-08
-3.0347196209066654e-08
-2.7671753637092875e-08
-2.5388911102243992e-08
-2.4661580657905245e-08
-6.9758811895555742e-05
-7.4986013723846515e-04
-7.1529442356393783e-04
-6.7669365302266526e-04
-6.3820247480723133e-04
-5.9547824536473025e-04
-5.5424177653745339e-04
-5.1470961636678684e-04
-4.7478505616144412e-04
-4.3382194451260266e-04
-3.9004384196567699e-04
-3.5151962018906266e-04
-3.1449403992602377e-04
-2.7954130964116493e-04
-2.4267817388492737e-04
-2.1269414057106177e-04
-1.8659679669927001e-04
-1.6376912078837141e-04
-1.4221062416973490e-04
-1.2588196846293352e-04
-1.1349779589189389e-04
-1.0372199610615134e-04
-9.5842908535380468e-05
-9.0935328859865171e-05
-8.7945718344861729e-05
-8.6316256438812681e-05
-8.5940136321263719e-05
-8.6435631563262755e-05
-8.7446376999421836e-05
-8.8901781802402284e-05
-9.0863841250937035e-05
-9.2590482674802490e-05
-9.4400087873397270e-05
-9.6242869709422675e-05
-9.8016950178158598e-05
-9.9503690049478467e-05
-1.0083511785503565e-04
-1.0211390383183399e-04
-1.0314564339366315e-04
-1.0399270147396284e-04
-1.0467687837402746e-04
-1.0529293224225452e-04
-1.0569820792768583e-04
-1.0594271087230489e-04
-1.0613926390630136e-04
-1.0623262636078860e-04
-1.0619239063669370e-04
-1.0609188938876692e-04
-1.0593234611224915e-04
-1.0568330373241540e-04
-1.0537814242067784e-04
-1.0505447867387862e-04
-1.0467774695028510e-04
-1.0426722106834622e-04
-1.0379742489077343e-04
-1.0333322519528338e-04
-1.0284162678715442e-04
-1.0230773664752382e-04
-1.0179166011976364e-04
-1.0126500724712060e-04
-1.0066960906461129e-04
-1.0011507010581560e-04
-9.9557727978044635e-05
-9.8947450759418140e-05
-9.8381244486855612e-05
-9.7819050965074181e-05
-9.7166290568841907e-05
-9.6600760827103674e-05
-9.6016836447590414e-05
-9.5383517732757536e-05
-9.4819080803382162e-05
-9.4220207346645986e-05
-9.3590283645696046e-05
-9.3022507362940890e-05
-9.2403946484643010e-05
-9.1809146808061843e-05
-9.1251422449205945e-05
-9.0606803895563079e-05
-9.0040246092207225e-05
-8.9471080400611310e-05
-8.8816308759096101e-05
-8.8290471204411505e-05
-8.7692824695614248e-05
-8.7085806650040082e-05
-8.6559362456303628e-05
-8.5911806035396832e-05
-8.5368775463555687e-05
-8.4818715827071826e-05
-8.4194889119525198e-05
-8.3678024895038607e-05
-8.3077070085066593e-05
-8.2507226015928048e-05
-8.1984893058586859e-05
-8.1369402419752021e-05
-8.0856601219531801e-05
-8.0276428218751665e-05
-7.9727998588088810e-05
-7.9184892408781007e-05
-7.8609610069318352e-05
-7.8102276991987810e-05
-7.7505368227469699e-05
-7.7006964122836269e-05
-7.6447166803715122e-05
-7.5895116019391256e-05
-7.5405705980643507e-05
-7.4798763142710278e-05
-7.4332771944029389e-05
-7.3753241227661636e-05
-7.3251943577740296e-05
-7.2721074344327377e-05
-7.2187114842407738e-05
-7.1676559578470687e-05
-7.1137089778250555e-05
-7.0653954698267140e-05
-7.0084347439049985e-05
-6.9627965016173202e-05
-6.9059254443193393e-05
-6.8583828669320680e-05
-6.8053475667064690e-05
-6.7549201982909957e-05
-6.7046858697844406e-05
-6.6536537521129306e-05
-6.6041679838654949e-05
-6.5528581420051739e-05
-6.5044466542734346e-05
-6.4512474373083778e-05
-6.4061813781242962e-05
-6.3508064566312491e-05
-6.3072326618363129e-05
-6.2525441826204260e-05
-6.2083321102127413e-05
-6.1544590869950819e-05
-6.1103181513574287e-05
-6.0557574742932578e-05
-6.0133381021761575e-05
-5.9581410085474372e-05
-5.9159328665969908e-05
-5.8619313183449412e-05
-5.8188174634209762e-05
-5.7656788583279600e-05
-5.7221169826364431e-05
-5.6690368142692005e-05
-5.6264120558833819e-05
-5.5731986030172584e-05
-5.5297798518917637e-05
-5.4791435484122719e-05
-5.4331939196774252e-05
-5.3852684074041213e-05
-5.3374773849505500e-05
-5.2903538720018144e-05
-5.2422640849056995e-05
-5.1959562391710677e-05
-5.1468193087781308e-05
-5.1026929344742705e-05
-5.0510141331209522e-05
-5.0084396651946318e-05
-4.9567525134425577e-05
-4.9128856766835945e-05
-4.8638712149103676e-05
-4.8167250522166557e-05
-4.7712870324115361e-05
-4.7208434159433088e-05
-4.6779849613648472e-05
-4.6257774275071475e-05
-4.5818098339706083e-05
-4.5331230628526188e-05
-4.4861300821010350e-05
-4.4399342739316047e-05
-4.3904225146528318e-05
-4.3465740610207267e-05
-4.2946202398264874e-05
-4.2499147850358463e-05
-4.2012327697471565e-05
-4.1531179782535362e-05
-4.1077635641784799e-05
-4.0558583900198090e-05
-4.0104699635010104e-05
-3.9617777149236996e-05
-3.9128234425269692e-05
-3.8668897956481663e-05
-3.8143884943547332e-05
0.0000000000000000e+00
];
