%Vec Object:dSdr_b_aug_4760 1 MPI processes
%  type: seq
dSdr_b_aug_4760 = [
2.3390272401703942e+03
0.0000000000000000e+00
-9.6701459150076027e-07
-3.9879356331395710e-07
-2.4712672907307719e-07
-1.7517590515820848e-07
-1.3136702036106411e-07
-1.0428705295247644e-07
-8.5932424883464490e-08
-7.2109928050188335e-08
-6.1846086776390099e-08
-5.3978322970857721e-08
-4.7570966691796139e-08
-4.2380287602797524e-08
-3.8124812607174451e-08
-3.4536425165549233e-08
-3.1470195153274790e-08
-2.8854046631508888e-08
-2.6592136888895471e-08
-2.9343095491682059e-08
-1.0721503870790157e-04
-7.1958278958557885e-04
-6.8545447187924157e-04
-6.4656881143582308e-04
-6.0334255707788229e-04
-5.6163409398376064e-04
-5.2165935721909995e-04
-4.8129367002080559e-04
-4.3988613391184446e-04
-3.9564571305377415e-04
-3.5671694285372221e-04
-3.1930911313458497e-04
-2.8400043016930032e-04
-2.4676590919173739e-04
-2.1648170731628617e-04
-1.9012487538233288e-04
-1.6707091805125035e-04
-1.4529834253945373e-04
-1.2880739450698233e-04
-1.1629942870909328e-04
-1.0642325232660291e-04
-9.8460869043678182e-05
-9.3498113710714596e-05
-9.0470526289736922e-05
-8.8815146349819114e-05
-8.8423325625735960e-05
-8.8911064858628440e-05
-8.9918423462143635e-05
-9.1374113513041221e-05
-9.3338194152908004e-05
-9.5066289980811432e-05
-9.6878166259035500e-05
-9.8722141515092892e-05
-1.0049585471285567e-04
-1.0198105598714660e-04
-1.0330907113137348e-04
-1.0458203772680521e-04
-1.0560709539218690e-04
-1.0644636553025216e-04
-1.0712067917267751e-04
-1.0772516834181331e-04
-1.0811867830220245e-04
-1.0835009515148172e-04
-1.0853092844229308e-04
-1.0860989192837331e-04
-1.0855436774770222e-04
-1.0843691173899911e-04
-1.0825988473686241e-04
-1.0799388415264551e-04
-1.0767080241858410e-04
-1.0732804215216281e-04
-1.0693366834051909e-04
-1.0650542260158687e-04
-1.0601462366820445e-04
-1.0553231913057168e-04
-1.0502272528899485e-04
-1.0446750369079789e-04
-1.0393341489692722e-04
-1.0338881769096661e-04
-1.0277156345366104e-04
-1.0219896010857066e-04
-1.0162335501518903e-04
-1.0099183951546822e-04
-1.0040766848379022e-04
-9.9827380490098797e-05
-9.9153185757263105e-05
-9.8569763505028512e-05
-9.7967513488408321e-05
-9.7313647484898740e-05
-9.6731614858411451e-05
-9.6114127367260478e-05
-9.5464142533997916e-05
-9.4878921857426531e-05
-9.4241226140728167e-05
-9.3627601993486964e-05
-9.3052732609962051e-05
-9.2388357322224554e-05
-9.1803727536574431e-05
-9.1217371866838027e-05
-9.0542473176586348e-05
-8.9999690913311728e-05
-8.9384216777825613e-05
-8.8758248817477655e-05
-8.8215090046964739e-05
-8.7548212511512073e-05
-8.6987881787309429e-05
-8.6420723892363820e-05
-8.5777930023734838e-05
-8.5244662811702210e-05
-8.4625076022226122e-05
-8.4037693433456877e-05
-8.3498874148734401e-05
-8.2864161148594141e-05
-8.2335482235488782e-05
-8.1736906092508225e-05
-8.1171438370606294e-05
-8.0611428239959462e-05
-8.0017863134745145e-05
-7.9494621117269171e-05
-7.8879083194228255e-05
-7.8364437070743093e-05
-7.7787349110402702e-05
-7.7217775452017665e-05
-7.6712172409141536e-05
-7.6086719964347759e-05
-7.5605195668464184e-05
-7.5007222523136821e-05
-7.4490169242507947e-05
-7.3941508051731506e-05
-7.3390758584617743e-05
-7.2863599310513187e-05
-7.2306389561798803e-05
-7.1807645257438693e-05
-7.1219383643004474e-05
-7.0747816951775128e-05
-7.0160608134732505e-05
-6.9669373254948962e-05
-6.9121474688045101e-05
-6.8600609689865421e-05
-6.8081393203540014e-05
-6.7553979353004924e-05
-6.7042760152606997e-05
-6.6511986841049254e-05
-6.6011825900886176e-05
-6.5461856024988133e-05
-6.4995349444187749e-05
-6.4423440582673321e-05
-6.3972008356809646e-05
-6.3406769698059164e-05
-6.2949354987213558e-05
-6.2391626260518805e-05
-6.1935057300620096e-05
-6.1370362355690677e-05
-6.0931071221916829e-05
-6.0359890109491664e-05
-5.9922601144586929e-05
-5.9363565082582710e-05
-5.8917039088185764e-05
-5.8366639119193119e-05
-5.7915268171265674e-05
-5.7365631300577065e-05
-5.6923283457285337e-05
-5.6372549018999630e-05
-5.5921973164067291e-05
-5.5397070705662786e-05
-5.4920870309650644e-05
-5.4423340892380219e-05
-5.3928122345295281e-05
-5.3438979489645959e-05
-5.2940109255393860e-05
-5.2459576425451852e-05
-5.1949524324583392e-05
-5.1491382587568823e-05
-5.0954961034022287e-05
-5.0512687234576484e-05
-4.9976139130319520e-05
-4.9520352140849188e-05
-4.9011111941278548e-05
-4.8521494686761523e-05
-4.8048757833366872e-05
-4.7525073382869073e-05
-4.7079014136639695e-05
-4.6536424377444715e-05
-4.6079314608240457e-05
-4.5572437454208311e-05
-4.5083945230720357e-05
-4.4603027724264114e-05
-4.4087884281937090e-05
-4.3631331993690409e-05
-4.3090532958280734e-05
-4.2625009723149382e-05
-4.2118146095311568e-05
-4.1616956455073524e-05
-4.1144538549229705e-05
-4.0603678893684512e-05
-4.0130782619374638e-05
-3.9623285396619365e-05
-3.9112791009462745e-05
-3.8634233561373519e-05
-3.8086469387876143e-05
0.0000000000000000e+00
];
