%Vec Object:dSdr_b_aug_6330 1 MPI processes
%  type: seq
dSdr_b_aug_6330 = [
2.3142556363425037e+03
0.0000000000000000e+00
-8.1881547805048372e-07
-3.3780056529828790e-07
-2.0959855391805067e-07
-1.4859385262546605e-07
-1.1126095780482992e-07
-8.8180501341742302e-08
-7.2537782234766538e-08
-6.0777223231897336e-08
-5.2044706435689746e-08
-4.5350394449993287e-08
-3.9902699661087990e-08
-3.5490275279431968e-08
-3.1872876984818576e-08
-2.8823407279860268e-08
-2.6218577570133813e-08
-2.3996214338024476e-08
-2.8943497437956850e-08
-1.9351323605434575e-04
-7.5094442718735778e-04
-7.1380333772671730e-04
-6.7525467204029908e-04
-6.3683779489165588e-04
-5.9419562478249923e-04
-5.5303613948061577e-04
-5.1357616067873580e-04
-4.7372354527818719e-04
-4.3283291621771792e-04
-3.8913021461646935e-04
-3.5067197191344658e-04
-3.1370873391212270e-04
-2.7881405706284978e-04
-2.4201149167492469e-04
-2.1207641378340807e-04
-1.8602139062351230e-04
-1.6323061964840281e-04
-1.4170703781239325e-04
-1.2540485086035542e-04
-1.1304086811095121e-04
-1.0328143905906814e-04
-9.5415936450318298e-05
-9.0517355557385103e-05
-8.7533938832070696e-05
-8.5908704000089579e-05
-8.5535144621777634e-05
-8.6031904992901870e-05
-8.7043202818155228e-05
-8.8498561093012254e-05
-9.0460290894460617e-05
-9.2186695110279179e-05
-9.3995929907374827e-05
-9.5838517101122270e-05
-9.7612657465741815e-05
-9.9099648268149130e-05
-1.0043163265634600e-04
-1.0171136774855428e-04
-1.0274419709492292e-04
-1.0359252534726383e-04
-1.0427831088818830e-04
-1.0489625089010479e-04
-1.0530344549438376e-04
-1.0555008270051242e-04
-1.0574919952548093e-04
-1.0584491036113023e-04
-1.0580716808708486e-04
-1.0570943205162920e-04
-1.0555274025779428e-04
-1.0530646365134145e-04
-1.0500422504381439e-04
-1.0468367581441325e-04
-1.0430982140009273e-04
-1.0390218551076538e-04
-1.0343581474390259e-04
-1.0297456782905044e-04
-1.0248590435754742e-04
-1.0195549323720856e-04
-1.0144235439103855e-04
-1.0091862812045175e-04
-1.0032679451480901e-04
-9.9775201737597940e-05
-9.9220838178213741e-05
-9.8614024781409158e-05
-9.8050748441560963e-05
-9.7491506007664120e-05
-9.6842241408215729e-05
-9.6279629815629124e-05
-9.5698694225154201e-05
-9.5068726635392514e-05
-9.4507159446673755e-05
-9.3911321814336860e-05
-9.3284669949446908e-05
-9.2719738730588167e-05
-9.2104298616008600e-05
-9.1512569084252447e-05
-9.0957640964026921e-05
-9.0316244600824859e-05
-8.9752634216417953e-05
-8.9186272094870137e-05
-8.8534783039394369e-05
-8.8011709052889816e-05
-8.7416970107768603e-05
-8.6813042661028868e-05
-8.6289324497786348e-05
-8.5644919215685416e-05
-8.5104710177562825e-05
-8.4557439147212637e-05
-8.3936705850882115e-05
-8.3422516838475069e-05
-8.2824600773771895e-05
-8.2257617114015049e-05
-8.1737972960664788e-05
-8.1125617354050469e-05
-8.0615405696777510e-05
-8.0038234119035527e-05
-7.9492583280860586e-05
-7.8952234016646365e-05
-7.8379933467327120e-05
-7.7875195025381866e-05
-7.7281324545034843e-05
-7.6785569398411956e-05
-7.6228592060228063e-05
-7.5679399132308291e-05
-7.5192630057211029e-05
-7.4588706004676905e-05
-7.4125248143062250e-05
-7.3548725255545325e-05
-7.3049997235987498e-05
-7.2522029743681579e-05
-7.1990808564589327e-05
-7.1482961295322225e-05
-7.0946384753284810e-05
-7.0465795424814703e-05
-6.9899230556747714e-05
-6.9445324577525322e-05
-6.8879630934518270e-05
-6.8406783510467276e-05
-6.7879292062180381e-05
-6.7377724299966712e-05
-6.6878132910406360e-05
-6.6370599423297162e-05
-6.5878410183557918e-05
-6.5368194409746007e-05
-6.4886696525809403e-05
-6.4357636386800957e-05
-6.3909560156812537e-05
-6.3358772644682526e-05
-6.2925594314533755e-05
-6.2381702900002361e-05
-6.1942076507734322e-05
-6.1406444786305092e-05
-6.0967507843363778e-05
-6.0425014208062459e-05
-6.0003282755847390e-05
-5.9454444850751840e-05
-5.9034843660219313e-05
-5.8497930284919389e-05
-5.8069301302787573e-05
-5.7541016270222430e-05
-5.7107966565304324e-05
-5.6580236747231869e-05
-5.6156614979822210e-05
-5.5627513941059342e-05
-5.5195999226934203e-05
-5.4692659813035430e-05
-5.4235887817045871e-05
-5.3759613069384130e-05
-5.3284525673409173e-05
-5.2816211127728714e-05
-5.2338244378490242e-05
-5.1878012557894700e-05
-5.1389690233146564e-05
-5.0951179113097970e-05
-5.0437593126094766e-05
-5.0014544157296940e-05
-4.9500881670944027e-05
-4.9065005139018028e-05
-4.8577974773384988e-05
-4.8109474085061847e-05
-4.7658087596074434e-05
-4.7156790539054202e-05
-4.6731055819529111e-05
-4.6212326034411299e-05
-4.5775493196793790e-05
-4.5291888602852545e-05
-4.4824985857628290e-05
-4.4366119517153378e-05
-4.3874267498098034e-05
-4.3438729061985790e-05
-4.2922657544750650e-05
-4.2478614079068562e-05
-4.1995061495749485e-05
-4.1517180338825188e-05
-4.1066711633082130e-05
-4.0551212423027016e-05
-4.0100422045438832e-05
-3.9616842720810501e-05
-3.9130690562063146e-05
-3.8674414277859057e-05
-3.8152714381287907e-05
0.0000000000000000e+00
];
