%Vec Object:dSdr_b_aug_2430 1 MPI processes
%  type: seq
dSdr_b_aug_2430 = [
2.3939037686117463e+03
0.0000000000000000e+00
-1.4116270327217508e-06
-5.7894806233870110e-07
-3.5589849272368344e-07
-2.5093003695687254e-07
-1.8791854408841048e-07
-1.4899245885702969e-07
-1.2261097623295490e-07
-1.0270058737165766e-07
-8.7920081728978695e-08
-7.6592603667678279e-08
-6.7366346138935896e-08
-5.9893090536583793e-08
-5.3767216787120484e-08
-4.8602694028933352e-08
-4.4190753850266117e-08
-4.0426898452970412e-08
-3.7173090919256568e-08
-3.4302948726032024e-08
-3.1788641501229605e-08
-2.9650742425001550e-08
-9.3754619880108459e-07
-4.0029285185064960e-04
-6.1960425966985273e-04
-5.8089441504430826e-04
-5.3988122767154229e-04
-4.9836330302108277e-04
-4.5579044209737756e-04
-4.1033753359940304e-04
-3.7034777075625703e-04
-3.3193742973303256e-04
-2.9569520290928948e-04
-2.5748666373557369e-04
-2.2641522093768405e-04
-1.9937783931377168e-04
-1.7573042211884744e-04
-1.5339638987080034e-04
-1.3647980378464163e-04
-1.2364717006791228e-04
-1.1350773967871037e-04
-1.0532689978019630e-04
-1.0021943723000333e-04
-9.7092249104762179e-05
-9.5368894808519272e-05
-9.4935896588316501e-05
-9.5403294323873902e-05
-9.6401770635284103e-05
-9.7858209056296197e-05
-9.9827590833797717e-05
-1.0155950129086804e-04
-1.0337733404438751e-04
-1.0522443942302123e-04
-1.0699718956344189e-04
-1.0847835577725255e-04
-1.0979742071293128e-04
-1.1105512478472450e-04
-1.1206265785828159e-04
-1.1288150263422018e-04
-1.1352994807509204e-04
-1.1410410674678596e-04
-1.1446675899858378e-04
-1.1466385526327759e-04
-1.1480346080785821e-04
-1.1484466050335409e-04
-1.1474903971264763e-04
-1.1458711694676536e-04
-1.1436423589769236e-04
-1.1405375953789977e-04
-1.1368367846087567e-04
-1.1329083434997021e-04
-1.1285019118273926e-04
-1.1237547213133851e-04
-1.1182958995291863e-04
-1.1129980242507992e-04
-1.1074301253954057e-04
-1.1013184565832447e-04
-1.0955051673764777e-04
-1.0895885757059874e-04
-1.0828428224628867e-04
-1.0766430208335210e-04
-1.0704079936636266e-04
-1.0635358299420675e-04
-1.0572229643545069e-04
-1.0509455272243731e-04
-1.0436414293167456e-04
-1.0373379463802253e-04
-1.0308348263553538e-04
-1.0237572800348175e-04
-1.0174754777866086e-04
-1.0108124193426608e-04
-1.0037864349811954e-04
-9.9747672042184847e-05
-9.9059792080293717e-05
-9.8396797678086058e-05
-9.7776962660766294e-05
-9.7060772106162787e-05
-9.6428745589981592e-05
-9.5797306389693582e-05
-9.5069621223106601e-05
-9.4482398689178142e-05
-9.3820168696414578e-05
-9.3144501505150018e-05
-9.2557506041955818e-05
-9.1839955744289997e-05
-9.1234252560524849e-05
-9.0622251705988816e-05
-8.9929713376532758e-05
-8.9353426666649043e-05
-8.8684974485178484e-05
-8.8051594281375237e-05
-8.7469536927426103e-05
-8.6784410163795941e-05
-8.6214089372888903e-05
-8.5567248002632945e-05
-8.4957095122375356e-05
-8.4352751637505852e-05
-8.3711237013067591e-05
-8.3146271221087452e-05
-8.2481875308296641e-05
-8.1924631857986841e-05
-8.1302196388516521e-05
-8.0686666152935053e-05
-8.0138594333778695e-05
-7.9464597445585866e-05
-7.8942335087923735e-05
-7.8295993685265766e-05
-7.7737618713916341e-05
-7.7142295234628358e-05
-7.6547511367520957e-05
-7.5976805391416813e-05
-7.5373069758229383e-05
-7.4833387741197351e-05
-7.4196202063506991e-05
-7.3684812177619573e-05
-7.3049088726161101e-05
-7.2516391915443819e-05
-7.1922477273014655e-05
-7.1358098878066396e-05
-7.0794629700930722e-05
-7.0222387558386079e-05
-6.9668257642720917e-05
-6.9091129077357994e-05
-6.8548884757117906e-05
-6.7951765453555697e-05
-6.7443700222083846e-05
-6.6824164768570311e-05
-6.6331571782629787e-05
-6.5718197162330743e-05
-6.5220671524599046e-05
-6.4613116199175444e-05
-6.4116788759288699e-05
-6.3502032021413749e-05
-6.3023145519028870e-05
-6.2401582650422255e-05
-6.1924409482405068e-05
-6.1315488919640334e-05
-6.0828606913790635e-05
-6.0228339923257185e-05
-5.9735656367817706e-05
-5.9136621237296548e-05
-5.8652047931355310e-05
-5.8052532299044468e-05
-5.7558975447199129e-05
-5.6985450443702199e-05
-5.6465440922676499e-05
-5.5919984322211594e-05
-5.5379372021424679e-05
-5.4843263390202271e-05
-5.4297257872657227e-05
-5.3770948288917323e-05
-5.3211897709232799e-05
-5.2709490900610729e-05
-5.2121577432100505e-05
-5.1635953585722304e-05
-5.1047800723989027e-05
-5.0547117686173655e-05
-4.9987796580458972e-05
-4.9450563647750424e-05
-4.8929683941154835e-05
-4.8355518259447924e-05
-4.7863629370245257e-05
-4.7267237909235559e-05
-4.6764405886759270e-05
-4.6205051674284212e-05
-4.5667877635248609e-05
-4.5137237323954425e-05
-4.4569574512026290e-05
-4.4065638675578331e-05
-4.3469082306998097e-05
-4.2955125321332262e-05
-4.2395698929365403e-05
-4.1841952793171869e-05
-4.1320044211513103e-05
-4.0722003166847780e-05
-4.0199266545625428e-05
-3.9637847981876307e-05
-3.9072487484719964e-05
-3.8543751754515084e-05
-3.7937543319554013e-05
0.0000000000000000e+00
];
