%Vec Object:dSdr_b_aug_3530 1 MPI processes
%  type: seq
dSdr_b_aug_3530 = [
2.3636588360558371e+03
0.0000000000000000e+00
-1.1446990714324391e-06
-4.7155866196487162e-07
-2.9160478688923445e-07
-2.0651808154184851e-07
-1.5500440335800425e-07
-1.2316817806939558e-07
-1.0158914591804314e-07
-8.5314217856299499e-08
-7.3229532365812696e-08
-6.3966646377642009e-08
-5.6419055668192765e-08
-5.0303955540359660e-08
-4.5290648723036388e-08
-4.1062489169456539e-08
-3.7448811010923485e-08
-3.4365530271551173e-08
-3.1699532735018937e-08
-2.9346454047698195e-08
-2.9713811573078818e-08
-4.0943764471841798e-05
-6.7960922788953685e-04
-6.5623728581262080e-04
-6.1268299642848001e-04
-5.7041980158488643e-04
-5.2991924706452813e-04
-4.8902928000702135e-04
-4.4709353756188809e-04
-4.0230364279972915e-04
-3.6289405925370871e-04
-3.2503191893194907e-04
-2.8930017957711705e-04
-2.5162426036740758e-04
-2.2098330258019162e-04
-1.9431806426546393e-04
-1.7099516726681914e-04
-1.4896815502730610e-04
-1.3228431955322490e-04
-1.1962922319687057e-04
-1.0963374734850377e-04
-1.0157236554249040e-04
-9.6544032878459100e-05
-9.3471309152840982e-05
-9.1785125095991850e-05
-9.1374643852056248e-05
-9.1853164865051383e-05
-9.2856498244835763e-05
-9.4312527423032075e-05
-9.6279010379072850e-05
-9.8008834879939271e-05
-9.9823410457455577e-05
-1.0166880418828098e-04
-1.0344208094514302e-04
-1.0492545363225700e-04
-1.0624941276494304e-04
-1.0751546273824646e-04
-1.0853257867900078e-04
-1.0936259254692796e-04
-1.1002518337761469e-04
-1.1061592754867582e-04
-1.1099545359636093e-04
-1.1121131725551703e-04
-1.1137346722323115e-04
-1.1143531715797698e-04
-1.1136162233028543e-04
-1.1122401525195565e-04
-1.1102620849657113e-04
-1.1074005275198092e-04
-1.1039567224447440e-04
-1.1003021539171853e-04
-1.0961487361363385e-04
-1.0916556747913362e-04
-1.0864980636427902e-04
-1.0814598387025441e-04
-1.0761500210713240e-04
-1.0703442765977557e-04
-1.0647893093941336e-04
-1.0591300654680323e-04
-1.0526977596931370e-04
-1.0467570275319278e-04
-1.0407839177395241e-04
-1.0342163417075067e-04
-1.0281611167787051e-04
-1.0221431805720301e-04
-1.0151464820623588e-04
-1.0090996036251326e-04
-1.0028592997564686e-04
-9.9607643127810620e-05
-9.9004697678856801e-05
-9.8365087052630266e-05
-9.7691259181636572e-05
-9.7085305510066108e-05
-9.6424867673671936e-05
-9.5788870284747762e-05
-9.5193623712623387e-05
-9.4505767171132682e-05
-9.3899658490766244e-05
-9.3292872204903232e-05
-9.2594052135517530e-05
-9.2031130763806020e-05
-9.1394468160901145e-05
-9.0745977878313669e-05
-9.0182953526564549e-05
-8.9493112491373061e-05
-8.8912220218741278e-05
-8.8324740730208985e-05
-8.7659404042597904e-05
-8.7106641579732947e-05
-8.6464910341144038e-05
-8.5856682900903252e-05
-8.5298269314952753e-05
-8.4640710186522752e-05
-8.4093160322293103e-05
-8.3472711708592766e-05
-8.2886993904722540e-05
-8.2306893120100711e-05
-8.1691598614527143e-05
-8.1149448532909753e-05
-8.0511769515820872e-05
-7.9977819458448360e-05
-7.9380181257384104e-05
-7.8789781345476486e-05
-7.8264932624510776e-05
-7.7617481176655567e-05
-7.7117495515012933e-05
-7.6497603209462045e-05
-7.5961824078727458e-05
-7.5392016826005310e-05
-7.4821312183827218e-05
-7.4274418746065303e-05
-7.3696124750321734e-05
-7.3178828604691747e-05
-7.2568395954897180e-05
-7.2078782491547506e-05
-7.1469588181318256e-05
-7.0959563899554204e-05
-7.0390812117887542e-05
-6.9850228050248624e-05
-6.9310957466929267e-05
-6.8763228672990746e-05
-6.8232563522398294e-05
-6.7680783290819904e-05
-6.7161551326463503e-05
-6.6590214633329865e-05
-6.6104874821757681e-05
-6.5511382905879953e-05
-6.5041297762903733e-05
-6.4454245218187203e-05
-6.3978653346458508e-05
-6.3398344584297895e-05
-6.2923758183564698e-05
-6.2336376620529408e-05
-6.1879141964434371e-05
-6.1285129236427366e-05
-6.0829765858460495e-05
-6.0248123524553558e-05
-5.9783309307886778e-05
-5.9210310989528302e-05
-5.8740218317891790e-05
-5.8168195529486105e-05
-5.7706712283507627e-05
-5.7133871566873032e-05
-5.6663817924234360e-05
-5.6116881085282014e-05
-5.5620827619605816e-05
-5.5101578943716948e-05
-5.4585789220416653e-05
-5.4075362793529722e-05
-5.3555132174187148e-05
-5.3053854609912306e-05
-5.2521597780692196e-05
-5.2043396368421107e-05
-5.1483640137349691e-05
-5.1021721334947629e-05
-5.0461787425800687e-05
-4.9985654839402487e-05
-4.9453719415456226e-05
-4.8942524118324838e-05
-4.8447970330890052e-05
-4.7901409270266915e-05
-4.7434581399371301e-05
-4.6867610316552434e-05
-4.6389780628404934e-05
-4.5859122491499531e-05
-4.5348569219373202e-05
-4.4845118961121419e-05
-4.4306175500308831e-05
-4.3828150683892082e-05
-4.3262084461814055e-05
-4.2774613036572556e-05
-4.2243930287914569e-05
-4.1718924707007088e-05
-4.1224080748155955e-05
-4.0657310757582103e-05
-4.0161832638282328e-05
-3.9629907844533072e-05
-3.9094567004319251e-05
-3.8593319309887790e-05
-3.8019333390200066e-05
0.0000000000000000e+00
];
