%Vec Object:dSdr_b_aug_8220 1 MPI processes
%  type: seq
dSdr_b_aug_8220 = [
2.2916607454254831e+03
0.0000000000000000e+00
-7.0747659801509458e-07
-2.9239101870762331e-07
-1.8189592872471467e-07
-1.2917752795368469e-07
-9.6760749557309025e-08
-7.6715282919032349e-08
-6.3129168600000430e-08
-5.2923148310180902e-08
-4.5344222912233491e-08
-3.9533761787494844e-08
-3.4805806915950809e-08
-3.0976200402199523e-08
-2.7836441551900814e-08
-2.5189484958053675e-08
-2.2928347045264226e-08
-2.3245639538748241e-08
-1.6097799548844455e-04
-7.8298040245568571e-04
-7.4248419523454583e-04
-7.0364176233697574e-04
-6.6558550105041470e-04
-6.2766970470972165e-04
-5.8557885402614983e-04
-5.4493655263280105e-04
-5.0596149548142442e-04
-4.6659221247858539e-04
-4.2618852873843068e-04
-3.8299237833205673e-04
-3.4497738972855921e-04
-3.0843297338177170e-04
-2.7392830543704902e-04
-2.3753265803340762e-04
-2.0792646771848315e-04
-1.8215575947708878e-04
-1.5961291969099261e-04
-1.3832389920177609e-04
-1.2219953239771709e-04
-1.0997118721065490e-04
-1.0032173863932432e-04
-9.2547501365411447e-05
-8.7709375291031958e-05
-8.4767569087132219e-05
-8.3170732128176990e-05
-8.2814375550478516e-05
-8.3319633898618729e-05
-8.4334642361178093e-05
-8.5789687850089158e-05
-8.7749202846626123e-05
-8.9474013291562503e-05
-9.1280759520286637e-05
-9.3122038924797176e-05
-9.4896581525349272e-05
-9.6385257970900886e-05
-9.7720981410662880e-05
-9.9007092637506467e-05
-1.0004724315766962e-04
-1.0090410445351789e-04
-1.0160069691311823e-04
-1.0223130806379320e-04
-1.0265139407743981e-04
-1.0291236939240197e-04
-1.0312870995236074e-04
-1.0324019738227224e-04
-1.0321920629442130e-04
-1.0314004717576219e-04
-1.0300251187345115e-04
-1.0277481595808479e-04
-1.0249221232149796e-04
-1.0219258668529937e-04
-1.0183806227858425e-04
-1.0144984160686703e-04
-1.0100648305215642e-04
-1.0056507317472942e-04
-1.0009612686446891e-04
-9.9589088109124582e-05
-9.9095684867922328e-05
-9.8591619770238147e-05
-9.8023733318017224e-05
-9.7491933253372848e-05
-9.6957579985433541e-05
-9.6374036862779128e-05
-9.5830444077017586e-05
-9.5291027320604390e-05
-9.4665247809212335e-05
-9.4122240610164948e-05
-9.3561383979893611e-05
-9.2953929561346505e-05
-9.2411641555225781e-05
-9.1836198873615648e-05
-9.1231527510360691e-05
-9.0685709695066349e-05
-9.0091235164139181e-05
-8.9520131153589667e-05
-8.8983988425606688e-05
-8.8364239042743088e-05
-8.7820429696205005e-05
-8.7272902221652559e-05
-8.6643465891743008e-05
-8.6138957816354002e-05
-8.5563752177800223e-05
-8.4980587704965615e-05
-8.4475183308963827e-05
-8.3851947715724264e-05
-8.3330694046249105e-05
-8.2802157174282335e-05
-8.2202205748673480e-05
-8.1705989102980772e-05
-8.1128487658643325e-05
-8.0580720541369305e-05
-8.0079140068506846e-05
-7.9487845949893692e-05
-7.8995031128885506e-05
-7.8438023440433741e-05
-7.7911040837755927e-05
-7.7389212835254236e-05
-7.6836944281971742e-05
-7.6349636891858016e-05
-7.5776177942180048e-05
-7.5298218794072090e-05
-7.4760186405225520e-05
-7.4230192878789559e-05
-7.3761166098391538e-05
-7.3177522587434109e-05
-7.2731083976513086e-05
-7.2174768025661017e-05
-7.1693303081927332e-05
-7.1184829820359889e-05
-7.0672005013246468e-05
-7.0182350369652318e-05
-6.9665211074193732e-05
-6.9201724408697935e-05
-6.8655598681492197e-05
-6.8218329751556413e-05
-6.7672904202711076e-05
-6.7217378448218012e-05
-6.6709111266489147e-05
-6.6225722221432287e-05
-6.5744618406516804e-05
-6.5255812965342504e-05
-6.4781550661792899e-05
-6.4290700858434910e-05
-6.3826784274949788e-05
-6.3317421892756208e-05
-6.2886707747952198e-05
-6.2355817341543373e-05
-6.1939834871522654e-05
-6.1416053366205602e-05
-6.0993184245956311e-05
-6.0478368738652553e-05
-6.0056041828728424e-05
-5.9534462669268704e-05
-5.9129273110681107e-05
-5.8601483357955830e-05
-5.8198544733013357e-05
-5.7682471775797933e-05
-5.7270702473640230e-05
-5.6763250563043036e-05
-5.6347460184359085e-05
-5.5840367660109674e-05
-5.5434386592623174e-05
-5.4925665063707102e-05
-5.4512106700762567e-05
-5.4029080528092265e-05
-5.3590610864731927e-05
-5.3134358868127770e-05
-5.2678235833952362e-05
-5.2229542405969712e-05
-5.1771267600018536e-05
-5.1330160177098065e-05
-5.0862308210887037e-05
-5.0442289975072223e-05
-4.9950216066253906e-05
-4.9545277743242421e-05
-4.9053174517132746e-05
-4.8636054553339242e-05
-4.8169946876676797e-05
-4.7721339005605610e-05
-4.7290065611532886e-05
-4.6809858608693325e-05
-4.6403270690157466e-05
-4.5907018286542378e-05
-4.5489287538136453e-05
-4.5027607112618243e-05
-4.4581043118140025e-05
-4.4142950592519730e-05
-4.3673040939187133e-05
-4.3257299548525967e-05
-4.2764523822626835e-05
-4.2340717102402637e-05
-4.1879127067271849e-05
-4.1423207057960444e-05
-4.0993420610530568e-05
-4.0501819939612352e-05
-4.0071867257351786e-05
-3.9610843256475960e-05
-3.9147672872585107e-05
-3.8712527868454342e-05
-3.8216132350426972e-05
0.0000000000000000e+00
];
