%Vec Object:dSdr_b_aug_470 1 MPI processes
%  type: seq
dSdr_b_aug_470 = [
2.5277432343772139e+03
0.0000000000000000e+00
-3.8651788135455188e-06
-1.5670230583912945e-06
-9.4564158042861620e-07
-6.6029779788282782e-07
-4.9548920148337964e-07
-3.9384038716208517e-07
-3.2495497026106793e-07
-2.7250518729358724e-07
-2.3358284654803726e-07
-2.0376937227171925e-07
-1.7943222055330709e-07
-1.5971373397833563e-07
-1.4355381734594161e-07
-1.2992438625644297e-07
-1.1827509770732385e-07
-1.0833824071907897e-07
-9.9748214111644087e-08
-9.2167722476670510e-08
-8.5527649409929159e-08
-7.9672337262778808e-08
-7.4408328840956425e-08
-6.9702717276361378e-08
-6.5481306655768898e-08
-6.1650423538202589e-08
-5.8166710211584086e-08
-5.5000498751343764e-08
-5.2111073733477410e-08
-5.0566554908163833e-08
-1.6864853372225236e-07
-6.7555234695237343e-06
-1.0309858073649291e-04
-2.2872486040097191e-04
-2.3639458611124272e-04
-2.1652357338368587e-04
-1.9376503174215956e-04
-1.7086998526748192e-04
-1.5324307124580999e-04
-1.3978001928348284e-04
-1.2909544116695361e-04
-1.2044927026791295e-04
-1.1503067333714230e-04
-1.1168797848136220e-04
-1.0981698343420459e-04
-1.0929446752471645e-04
-1.0971776281468136e-04
-1.1069710358818832e-04
-1.1215546484844397e-04
-1.1413670043579073e-04
-1.1587712261303422e-04
-1.1770815005108212e-04
-1.1956219338558008e-04
-1.2133284090297916e-04
-1.2280512166842710e-04
-1.2410445779216010e-04
-1.2532851113699286e-04
-1.2629740367728289e-04
-1.2707121055344144e-04
-1.2766261585737436e-04
-1.2816989454282011e-04
-1.2846450412048758e-04
-1.2858592188559243e-04
-1.2863461838593000e-04
-1.2859254715775887e-04
-1.2840851152182256e-04
-1.2814853761788811e-04
-1.2782454643013127e-04
-1.2741599908844441e-04
-1.2694228250755091e-04
-1.2643900148868415e-04
-1.2589633250017143e-04
-1.2531913791414347e-04
-1.2465179505338308e-04
-1.2401730565195768e-04
-1.2335644663344556e-04
-1.2262191820800012e-04
-1.2193642279517060e-04
-1.2124099001657128e-04
-1.2044001941434899e-04
-1.1971557140683716e-04
-1.1898645246914069e-04
-1.1817641349087133e-04
-1.1744123528868605e-04
-1.1670884981109107e-04
-1.1585448366321026e-04
-1.1512066158682517e-04
-1.1436437102281544e-04
-1.1353778991693172e-04
-1.1280785243555787e-04
-1.1203390025021419e-04
-1.1121528684229877e-04
-1.1048343315834686e-04
-1.0968489505212720e-04
-1.0891303738641069e-04
-1.0819405143823713e-04
-1.0736360631330873e-04
-1.0662706823860309e-04
-1.0589621816593504e-04
-1.0505213690546754e-04
-1.0436692191886735e-04
-1.0360159379587480e-04
-1.0281633850087159e-04
-1.0213268201303138e-04
-1.0130339695947635e-04
-1.0059764635057265e-04
-9.9886765641602119e-05
-9.9084539507749309e-05
-9.8413393743687836e-05
-9.7637192143451148e-05
-9.6902386063498405e-05
-9.6224987720879810e-05
-9.5428697356217065e-05
-9.4766555244122388e-05
-9.4013287875802538e-05
-9.3304603166448699e-05
-9.2602503600649441e-05
-9.1855259151849279e-05
-9.1198291499734293e-05
-9.0426162580615858e-05
-8.9774991080829341e-05
-8.9052563342349481e-05
-8.8335697834913621e-05
-8.7693981458890005e-05
-8.6912943006541449e-05
-8.6300852395149416e-05
-8.5547857949820670e-05
-8.4898367839259350e-05
-8.4200153055891488e-05
-8.3508272477636442e-05
-8.2841545194472428e-05
-8.2135219086973117e-05
-8.1505268698998896e-05
-8.0760204534140864e-05
-8.0161003913978469e-05
-7.9418304890621475e-05
-7.8794183950202569e-05
-7.8098803188703545e-05
-7.7438477186778996e-05
-7.6777430269623330e-05
-7.6106341207071270e-05
-7.5457592722838224e-05
-7.4778250319108982e-05
-7.4143211811055848e-05
-7.3442127586262457e-05
-7.2842425299533877e-05
-7.2117872872307299e-05
-7.1534520297384735e-05
-7.0815005645266012e-05
-7.0229035460145096e-05
-6.9511612329863266e-05
-6.8927617641661922e-05
-6.8202474650172135e-05
-6.7636280727126116e-05
-6.6903626264551495e-05
-6.6338508982491612e-05
-6.5619593502883934e-05
-6.5043727267415758e-05
-6.4333504154438095e-05
-6.3749727321607728e-05
-6.3041770008927763e-05
-6.2464090877964297e-05
-6.1757014082166299e-05
-6.1168685833109306e-05
-6.0487949925016629e-05
-5.9871343464783141e-05
-5.9220209784541727e-05
-5.8579507009314594e-05
-5.7939841903268917e-05
-5.7289906552874564e-05
-5.6662663174290948e-05
-5.5995575343068789e-05
-5.5395569120213928e-05
-5.4694121591013200e-05
-5.4112917402670039e-05
-5.3410983330281403e-05
-5.2811312902759462e-05
-5.2141572929397088e-05
-5.1499358418522505e-05
-5.0872336352333413e-05
-5.0186874238556619e-05
-4.9593948061969240e-05
-4.8878943906049231e-05
-4.8275318018165669e-05
-4.7600280126484995e-05
-4.6955796723165035e-05
-4.6315559021563611e-05
-4.5632142193362993e-05
-4.5023789582987113e-05
-4.4304370327432112e-05
-4.3683723538287513e-05
-4.3008539475155431e-05
-4.2339104617414398e-05
-4.1708355017069841e-05
-4.0984666380580781e-05
-4.0352746579274682e-05
-3.9673732955577048e-05
-3.8990168947072570e-05
-3.8358605868253328e-05
-3.7665154979227306e-05
0.0000000000000000e+00
];
