%Vec Object:dSdr_b_aug_6340 1 MPI processes
%  type: seq
dSdr_b_aug_6340 = [
2.3140985568327606e+03
0.0000000000000000e+00
-8.1789300868178050e-07
-3.3738588449876601e-07
-2.0932004862943178e-07
-1.4837961805789070e-07
-1.1108654308747320e-07
-8.8030810504688450e-08
-7.2404941080765587e-08
-6.0657649580059793e-08
-5.1935048412531684e-08
-4.5248346029403029e-08
-3.9807062390482335e-08
-3.5399890994309508e-08
-3.1786810973617526e-08
-2.8741044908404958e-08
-2.6139444690260687e-08
-2.3919847711657779e-08
-2.9420644976765107e-08
-2.0059760702860152e-04
-7.5094905830963685e-04
-7.1375683088756856e-04
-6.7521003914388842e-04
-6.3679546986127999e-04
-5.9415584485199334e-04
-5.5299874716209247e-04
-5.1354100703370701e-04
-4.7369062296952880e-04
-4.3280224192439049e-04
-3.8910187884967743e-04
-3.5064568245812339e-04
-3.1368437797400404e-04
-2.7879150162586142e-04
-2.4199081480024380e-04
-2.1205725523880978e-04
-1.8600354463640926e-04
-1.6321391825086003e-04
-1.4169141928059285e-04
-1.2539005324474693e-04
-1.1302669667344692e-04
-1.0326777535253391e-04
-9.5402694075421248e-05
-9.0504392276155541e-05
-8.7521167649112154e-05
-8.5896063918780864e-05
-8.5522583967361825e-05
-8.6019383571895157e-05
-8.7030698529478725e-05
-8.8486055362315473e-05
-9.0447774940865828e-05
-9.2174171800651669e-05
-9.3983395110750390e-05
-9.5825976268524408e-05
-9.7600118491546220e-05
-9.9087117077112797e-05
-1.0041911872807579e-04
-1.0169888325723690e-04
-1.0273174640329270e-04
-1.0358011404995451e-04
-1.0426594948260031e-04
-1.0488394798255909e-04
-1.0529120210162713e-04
-1.0553790550129130e-04
-1.0573710184143168e-04
-1.0583288551140013e-04
-1.0579522057090309e-04
-1.0569757029756412e-04
-1.0554096694144110e-04
-1.0529477611448934e-04
-1.0499262815358283e-04
-1.0467217551980289e-04
-1.0429841034415812e-04
-1.0389086408687442e-04
-1.0342459955779158e-04
-1.0296344422232893e-04
-1.0247487177675255e-04
-1.0194456855681998e-04
-1.0143152082170949e-04
-1.0090788531856778e-04
-1.0031616226683864e-04
-9.9764660864301829e-05
-9.9210389684048966e-05
-9.8603683716269437e-05
-9.8040498247118033e-05
-9.7481347340028969e-05
-9.6832191161305383e-05
-9.6269670073940368e-05
-9.5688827179553473e-05
-9.5058963523562189e-05
-9.4497485338713216e-05
-9.3901741861212321e-05
-9.3275191470967557e-05
-9.2710348490607884e-05
-9.2095005165246125e-05
-9.1503370852754994e-05
-9.0948529456752187e-05
-9.0307233028435579e-05
-8.9743714057012125e-05
-8.9177438887012565e-05
-8.8526051639577162e-05
-8.8003063363997538e-05
-8.7408414595657150e-05
-8.6804583002392352e-05
-8.6280949385661958e-05
-8.5636641834620491e-05
-8.5096520305011179e-05
-8.4549335761934416e-05
-8.3928698406252400e-05
-8.3414592364271809e-05
-8.2816770544780855e-05
-8.2249875599218583e-05
-8.1730314837808973e-05
-8.1118056462686108e-05
-8.0607925118816699e-05
-8.0030846628748693e-05
-7.9485281973452985e-05
-7.8945018213583322e-05
-7.8372810143016990e-05
-7.7868152172379766e-05
-7.7274375922906023e-05
-7.6778702932371398e-05
-7.6221813054493416e-05
-7.5672708761549278e-05
-7.5186021594583240e-05
-7.4582191168166026e-05
-7.4118811876670206e-05
-7.3542382275441928e-05
-7.3043733951633246e-05
-7.2515856455311584e-05
-7.1984720203874857e-05
-7.1476956921646162e-05
-7.0940470112479227e-05
-7.0459959739133338e-05
-6.9893489229226971e-05
-6.9439660055551595e-05
-6.8874059980996276e-05
-6.8401292523053114e-05
-6.7873889824298994e-05
-6.7372405984748659e-05
-6.6872899943683166e-05
-6.6365452915191915e-05
-6.5873346435683415e-05
-6.5363220065455663e-05
-6.4881803346037402e-05
-6.4352834142259927e-05
-6.3904838064701285e-05
-6.3354142408024992e-05
-6.2921043462851878e-05
-6.2377244886105361e-05
-6.1937695853939425e-05
-6.1402160230910550e-05
-6.0963299968219168e-05
-6.0420902884838665e-05
-5.9999247798193354e-05
-5.9450507062006066e-05
-5.9030982793987355e-05
-5.8494165628423594e-05
-5.8065614478630929e-05
-5.7537425621934637e-05
-5.7104455594148380e-05
-5.6576821047674410e-05
-5.6153280717801756e-05
-5.5624273760290873e-05
-5.5192841940631182e-05
-5.4689596301738135e-05
-5.4232908797091453e-05
-5.3756726482999319e-05
-5.3281726634236566e-05
-5.2813502667462583e-05
-5.2335626823812547e-05
-5.1875483288368947e-05
-5.1387255462120676e-05
-5.0948829711034762e-05
-5.0435343030769968e-05
-5.0012377665289153e-05
-4.9498814702302589e-05
-4.9063024754273393e-05
-4.8576090971646568e-05
-4.8107682110877335e-05
-4.7656388465183522e-05
-4.7155188760166987e-05
-4.6729542419858134e-05
-4.6210916387534926e-05
-4.5774171718004669e-05
-4.5290668317140109e-05
-4.4823859441737227e-05
-4.4365088974361827e-05
-4.3873338216108858e-05
-4.3437891127791225e-05
-4.2921927097664017e-05
-4.2477976979457397e-05
-4.1994525684966089e-05
-4.1516745771433303e-05
-4.1066372343055202e-05
-4.0550983151752192e-05
-4.0100288466238214e-05
-3.9616812349458970e-05
-3.9130764327580922e-05
-3.8674580083422963e-05
-3.8152967663237675e-05
0.0000000000000000e+00
];
