%Vec Object:dSdr_b_aug_7260 1 MPI processes
%  type: seq
dSdr_b_aug_7260 = [
2.2999547265266656e+03
0.0000000000000000e+00
-7.4780325410438380e-07
-3.0946843822246794e-07
-1.9273560527822312e-07
-1.3708535465279617e-07
-1.0289781317671395e-07
-8.1756448090798496e-08
-6.7425880269424557e-08
-5.6648723725343682e-08
-4.8644636543974028e-08
-4.2508031313231149e-08
-3.7510952700941690e-08
-3.3462295068464221e-08
-3.0142660689733547e-08
-2.7342968689346334e-08
-2.4950229465970587e-08
-2.2950074522955135e-08
-7.0883613927019780e-06
-7.6512335041100071e-04
-7.4763939187673573e-04
-7.0868115476179318e-04
-6.7037216957795294e-04
-6.3220819986248625e-04
-5.8984442637275737e-04
-5.4894610264131637e-04
-5.0973099404279200e-04
-4.7012244632703540e-04
-4.2947770936626624e-04
-3.8603080021907681e-04
-3.4779638692354538e-04
-3.1104464071338373e-04
-2.7634690612206162e-04
-2.3974982155080076e-04
-2.0998082156803313e-04
-1.8406936852360524e-04
-1.6140379502292942e-04
-1.3999865922598720e-04
-1.2378626572408642e-04
-1.1149077555525388e-04
-1.0178688309742085e-04
-9.3967466723405342e-05
-8.9099413713829520e-05
-8.6137009084745142e-05
-8.4526114367347810e-05
-8.4161241908103408e-05
-8.4662293479953674e-05
-8.5675465049571913e-05
-8.7130665366335190e-05
-8.9091276749889923e-05
-9.0816876151571574e-05
-9.2624854290373224e-05
-9.4466781082806818e-05
-9.6241124555804773e-05
-9.7728966547675497e-05
-9.9062839032702915e-05
-1.0034579386637113e-04
-1.0138232016983383e-04
-1.0223495733586286e-04
-1.0292620002649645e-04
-1.0355053855604904e-04
-1.0396424291302499e-04
-1.0421812040998032e-04
-1.0442593467661184e-04
-1.0452961219351382e-04
-1.0450032873928951e-04
-1.0441197346044900e-04
-1.0426495509044986e-04
-1.0402806114683612e-04
-1.0373573758053515e-04
-1.0342575410626080e-04
-1.0306166073648881e-04
-1.0266382892019503e-04
-1.0220907859580788e-04
-1.0175784875993165e-04
-1.0127914183379816e-04
-1.0076053302205963e-04
-1.0025736003490776e-04
-9.9743562037551763e-05
-9.9163820990840238e-05
-9.8622222910403032e-05
-9.8077963918339031e-05
-9.7482901277842152e-05
-9.6929564513308745e-05
-9.6380333422625130e-05
-9.5742928053939760e-05
-9.5190216063203070e-05
-9.4619419715906666e-05
-9.4000820569522007e-05
-9.3448988761467237e-05
-9.2863449937718344e-05
-9.2247897534900351e-05
-9.1692617983597511e-05
-9.1087764829438813e-05
-9.0506450537247013e-05
-8.9961008449252570e-05
-8.9330543130489680e-05
-8.8776931647530449e-05
-8.8220080430402361e-05
-8.7579727308057418e-05
-8.7066028522831811e-05
-8.6481153284448761e-05
-8.5887710488967450e-05
-8.5373240204507324e-05
-8.4739524952034888e-05
-8.4208887781335958e-05
-8.3671076914207187e-05
-8.3060837811609972e-05
-8.2555724281609363e-05
-8.1968116960806788e-05
-8.1410837053250994e-05
-8.0900314493007755e-05
-8.0298594278273343e-05
-7.9797167478801506e-05
-7.9230178033838769e-05
-7.8693954070273102e-05
-7.8162957463564584e-05
-7.7600772445231709e-05
-7.7104836139119326e-05
-7.6521272842955905e-05
-7.6034504118897326e-05
-7.5487093387473811e-05
-7.4947595556715840e-05
-7.4469785785631436e-05
-7.3876102772244445e-05
-7.3421239100253079e-05
-7.2854920083863052e-05
-7.2364909378150473e-05
-7.1846785862977899e-05
-7.1324854276916348e-05
-7.0826193715269902e-05
-7.0299432375458705e-05
-6.9827479357865082e-05
-6.9271235617433680e-05
-6.8825730828990755e-05
-6.8270271940656241e-05
-6.7806171419410114e-05
-6.7288387625869957e-05
-6.6795999548913799e-05
-6.6305743808101018e-05
-6.5807667400369618e-05
-6.5324530704905680e-05
-6.4824094142703847e-05
-6.4351474268221668e-05
-6.3832360882966937e-05
-6.3393051966019318e-05
-6.2852311873091087e-05
-6.2427816918042480e-05
-6.1894080382343767e-05
-6.1462915892552015e-05
-6.0937795712386087e-05
-6.0507246321518062e-05
-5.9975313847322453e-05
-5.9561935539686743e-05
-5.9023726299027973e-05
-5.8612539189543803e-05
-5.8086149580381616e-05
-5.7666034216984741e-05
-5.7148269267423695e-05
-5.6723934991349845e-05
-5.6206626370652113e-05
-5.5791912615345465e-05
-5.5273102602877086e-05
-5.4850655296722719e-05
-5.4357573447564134e-05
-5.3910043571690483e-05
-5.3443879702830956e-05
-5.2978368733814207e-05
-5.2519962257853209e-05
-5.2051939344959896e-05
-5.1601364770059877e-05
-5.1123379361511305e-05
-5.0694206597752672e-05
-5.0191483568691398e-05
-4.9777579944411086e-05
-4.9274804249270570e-05
-4.8848399241412103e-05
-4.8371934228830928e-05
-4.7913478847228992e-05
-4.7472248906007983e-05
-4.6981601740420217e-05
-4.6565535641161267e-05
-4.6058156329779347e-05
-4.5630969565518863e-05
-4.5158436128288828e-05
-4.4701803980544287e-05
-4.4253427965927485e-05
-4.3772656400506974e-05
-4.3347115158341837e-05
-4.2842807677384318e-05
-4.2408983641322919e-05
-4.1936522136335470e-05
-4.1469731610245407e-05
-4.1029708149712782e-05
-4.0526279018987803e-05
-4.0086014402148076e-05
-3.9613830957244848e-05
-3.9139296993191215e-05
-3.8693728319552905e-05
-3.8185003514379462e-05
0.0000000000000000e+00
];
