%Vec Object:dSdr_b_aug_3900 1 MPI processes
%  type: seq
dSdr_b_aug_3900 = [
2.3539976911842605e+03
0.0000000000000000e+00
-1.0679859407658211e-06
-4.3897626494375800e-07
-2.7092703845167958e-07
-1.9138068011267131e-07
-1.4315934305751093e-07
-1.1335940447999149e-07
-9.3163584394653693e-08
-7.7957760197724124e-08
-6.6668998947530447e-08
-5.8016328805734208e-08
-5.0974161701140626e-08
-4.5270757217673115e-08
-4.0595401040066372e-08
-3.6654562446679753e-08
-3.3288838602184927e-08
-3.0417427699199633e-08
-2.7935158910102821e-08
-2.5751534445293600e-08
-2.5384206708169562e-07
-4.0150515250985330e-04
-6.8992506027581860e-04
-6.5322432967452508e-04
-6.0963981096094850e-04
-5.6755437520388430e-04
-5.2722522277980066e-04
-4.8650624971715016e-04
-4.4474278561736135e-04
-4.0013210596232917e-04
-3.6087934337282929e-04
-3.2316537992531147e-04
-2.8757162363612720e-04
-2.5003966979512428e-04
-2.1951507064560939e-04
-1.9295042139947109e-04
-1.6971524109747613e-04
-1.4777121529508722e-04
-1.3115029150810595e-04
-1.1854318290067915e-04
-1.0858661749045613e-04
-1.0055752482532878e-04
-9.5550580751889929e-05
-9.2492578636696807e-05
-9.0816441648832840e-05
-9.0412046756851647e-05
-9.0893574447594038e-05
-9.1898220769394363e-05
-9.3354139422453970e-05
-9.5319838927259082e-05
-9.7049099683056716e-05
-9.8862794934460017e-05
-1.0070772608544472e-04
-1.0248114525260031e-04
-1.0396511440378469e-04
-1.0529039647874147e-04
-1.0655870237500864e-04
-1.0757840858214488e-04
-1.0841144146414194e-04
-1.0907785578906652e-04
-1.0967308300560248e-04
-1.1005717002147226e-04
-1.1027810656104513e-04
-1.1044635032938043e-04
-1.1051378206661986e-04
-1.1044601376813479e-04
-1.1031497914101127e-04
-1.1012394988566537e-04
-1.0984436792397788e-04
-1.0950693419646346e-04
-1.0914888003026201e-04
-1.0874037713505403e-04
-1.0829794002903866e-04
-1.0779032053934283e-04
-1.0729351630931167e-04
-1.0676951039761059e-04
-1.0619720499263467e-04
-1.0564869064726150e-04
-1.0508972229518144e-04
-1.0445496411475750e-04
-1.0386789347576667e-04
-1.0327766205123203e-04
-1.0262913736678592e-04
-1.0203057882945234e-04
-1.0143579944632595e-04
-1.0074443851240842e-04
-1.0014668661609781e-04
-9.9529760075307180e-05
-9.8859438284073419e-05
-9.8263313723247986e-05
-9.7630918737543222e-05
-9.6964867466249957e-05
-9.6365676029859117e-05
-9.5712655719761456e-05
-9.5083955544555168e-05
-9.4495355157903665e-05
-9.3815157216217972e-05
-9.3216054050823289e-05
-9.2615931375573569e-05
-9.1924913455646460e-05
-9.1368560616780290e-05
-9.0738808795080915e-05
-9.0097664332741665e-05
-8.9541119284673151e-05
-8.8858767962619531e-05
-8.8284581988236666e-05
-8.7703730534572855e-05
-8.7045746351150212e-05
-8.6499342404690416e-05
-8.5864833738443468e-05
-8.5263404996549562e-05
-8.4711382232217431e-05
-8.4061274533257476e-05
-8.3519879563826081e-05
-8.2906564813152420e-05
-8.2327451717461748e-05
-8.1753903642017836e-05
-8.1145696334909896e-05
-8.0609713251036141e-05
-7.9979255708584286e-05
-7.9451601764134910e-05
-7.8860666167903556e-05
-7.8277058884104457e-05
-7.7758487274148694e-05
-7.7118210954450525e-05
-7.6624246593374101e-05
-7.6011503373634578e-05
-7.5481831805744432e-05
-7.4918921485914134e-05
-7.4354725359001447e-05
-7.3814268351355021e-05
-7.3242851124969129e-05
-7.2731605784554632e-05
-7.2128404366758893e-05
-7.1644676974952151e-05
-7.1042653378966655e-05
-7.0538757381285625e-05
-6.9976807010803922e-05
-6.9442654443198923e-05
-6.8909924630645406e-05
-6.8368821683270707e-05
-6.7844498949248599e-05
-6.7299570255137091e-05
-6.6786558419675403e-05
-6.6222190644136888e-05
-6.5742993400444920e-05
-6.5156540925956816e-05
-6.4692539536731993e-05
-6.4112601717082206e-05
-6.3642938423360231e-05
-6.3069994267479196e-05
-6.2601284346139536e-05
-6.2021302146851899e-05
-6.1569919855766474e-05
-6.0983353777404252e-05
-6.0533885449085504e-05
-5.9959616260300114e-05
-5.9500766821084437e-05
-5.8935139055649988e-05
-5.8471152542299989e-05
-5.7906431010622610e-05
-5.7451188836934197e-05
-5.6885558158447990e-05
-5.6421857246467992e-05
-5.5882106981621375e-05
-5.5392528631230743e-05
-5.4880363732801267e-05
-5.4371283320667178e-05
-5.3867798546610948e-05
-5.3354534620165315e-05
-5.2860022935273464e-05
-5.2335008156201517e-05
-5.1863349151109393e-05
-5.1311203470075096e-05
-5.0855691780422050e-05
-5.0303385042900507e-05
-4.9833888010922583e-05
-4.9309354449139275e-05
-4.8805196591695225e-05
-4.8317758106883664e-05
-4.7778657902076746e-05
-4.7318603278136271e-05
-4.6759583649038385e-05
-4.6288511108262960e-05
-4.5765608357084896e-05
-4.5262249316666617e-05
-4.4766146902160309e-05
-4.4234964296677302e-05
-4.3763940799207542e-05
-4.3206112967313177e-05
-4.2725796628901227e-05
-4.2202878007584409e-05
-4.1685633746151950e-05
-4.1198094970887106e-05
-4.0639761732509272e-05
-4.0151625843753377e-05
-3.9627626463603132e-05
-3.9100300376212471e-05
-3.8606202544853864e-05
-3.8039434152250771e-05
0.0000000000000000e+00
];
