%Vec Object:dSdr_b_aug_1330 1 MPI processes
%  type: seq
dSdr_b_aug_1330 = [
2.4437406403329792e+03
0.0000000000000000e+00
-2.0287840086949642e-06
-8.2973617359876950e-07
-5.0741718121064732e-07
-3.5696297264018694e-07
-2.6783613127238699e-07
-2.1280407589814766e-07
-1.7550583392566398e-07
-1.4725952709390304e-07
-1.2629192784570171e-07
-1.1022557143884158e-07
-9.7124147294297661e-08
-8.6509533587867109e-08
-7.7809007864748513e-08
-7.0471279815590094e-08
-6.4200068663280426e-08
-5.8850066625977805e-08
-5.4224729986558763e-08
-5.0142772797460967e-08
-4.6566865943754702e-08
-4.3413300322823105e-08
-4.0577787168825700e-08
-3.8045972254825713e-08
-4.4021961364366065e-08
-1.3495482135424816e-05
-4.5028460438550330e-04
-5.0802611389124742e-04
-4.6890475266377383e-04
-4.2271364051210501e-04
-3.8185135178721763e-04
-3.4259710386854331e-04
-3.0556714613958635e-04
-2.6653645360613730e-04
-2.3480048141992410e-04
-2.0718862470242726e-04
-1.8304024651186583e-04
-1.6023226795384274e-04
-1.4295638496466981e-04
-1.2984968688258965e-04
-1.1948803383606704e-04
-1.1112278638227608e-04
-1.0589317078304429e-04
-1.0268190563278033e-04
-1.0090117125044911e-04
-1.0043341313710302e-04
-1.0088363941246585e-04
-1.0187461741323994e-04
-1.0333168713269423e-04
-1.0530554337907712e-04
-1.0704067352483309e-04
-1.0886353399896476e-04
-1.1071328129049789e-04
-1.1248521816094553e-04
-1.1396297793761235e-04
-1.1527448741981714e-04
-1.1651930766045442e-04
-1.1751204741928873e-04
-1.1831365024297707e-04
-1.1894025923720785e-04
-1.1948881467720584e-04
-1.1982541866756352e-04
-1.1999354353545869e-04
-1.2009834709329153e-04
-1.2010766886242498e-04
-1.1997820093115394e-04
-1.1977874202336063e-04
-1.1951715377176342e-04
-1.1916913366491731e-04
-1.1875937860568780e-04
-1.1832425677115570e-04
-1.1784455583667896e-04
-1.1733060685258637e-04
-1.1673822677620573e-04
-1.1616835701267066e-04
-1.1557172711551715e-04
-1.1491333461384775e-04
-1.1429212836850431e-04
-1.1366074227905034e-04
-1.1293777992461683e-04
-1.1227780706747235e-04
-1.1161387202956752e-04
-1.1087963632585874e-04
-1.1020857765238935e-04
-1.0954077465969842e-04
-1.0876291150726173e-04
-1.0809295106272172e-04
-1.0740206801988714e-04
-1.0664882386327609e-04
-1.0598168861125950e-04
-1.0527417325871833e-04
-1.0452716160463948e-04
-1.0385757010070026e-04
-1.0312732763878056e-04
-1.0242265785891532e-04
-1.0176486557826997e-04
-1.0100493575950031e-04
-1.0033289983239436e-04
-9.9663403881683317e-05
-9.8891159620203528e-05
-9.8266423337623065e-05
-9.7564724966323169e-05
-9.6847104827119373e-05
-9.6223105205484153e-05
-9.5462780168341309e-05
-9.4818776430115621e-05
-9.4168921993412956e-05
-9.3434392542331865e-05
-9.2821791505100121e-05
-9.2112090259499800e-05
-9.1439881791264020e-05
-9.0821325610089838e-05
-9.0093642748693780e-05
-8.9488170539133346e-05
-8.8800586734225838e-05
-8.8152713491698834e-05
-8.7510946617472892e-05
-8.6828956065089404e-05
-8.6228769731787236e-05
-8.5523131021651618e-05
-8.4929929635765963e-05
-8.4269214701679709e-05
-8.3614890866615831e-05
-8.3030969633441975e-05
-8.2315994636968356e-05
-8.1759343831540050e-05
-8.1072173051339872e-05
-8.0478916975956725e-05
-7.9844204196861626e-05
-7.9212249333139082e-05
-7.8604784047729107e-05
-7.7961774269739734e-05
-7.7387535296720710e-05
-7.6709051090630912e-05
-7.6164045063359224e-05
-7.5487368706929643e-05
-7.4919672445995499e-05
-7.4286914035658522e-05
-7.3685804482979633e-05
-7.3084980088040070e-05
-7.2474896847771935e-05
-7.1884544539236786e-05
-7.1268285924220060e-05
-7.0690517610178923e-05
-7.0053597881534633e-05
-6.9510451615519941e-05
-6.8850712963725770e-05
-6.8323374836081380e-05
-6.7669367060063339e-05
-6.7137982506602665e-05
-6.6488366918365866e-05
-6.5958478101457846e-05
-6.5301462592796158e-05
-6.4789152430024812e-05
-6.4125060730574270e-05
-6.3614220120275514e-05
-6.2963190515929245e-05
-6.2442242837914988e-05
-6.1799881604586733e-05
-6.1272324926392872e-05
-6.0631591305824891e-05
-6.0111374358492943e-05
-5.9470681189008993e-05
-5.8940842991255402e-05
-5.8326274447357009e-05
-5.7769284614414429e-05
-5.7183371546824385e-05
-5.6604441397123722e-05
-5.6028687975844628e-05
-5.5442894651887182e-05
-5.4877944123810737e-05
-5.4277533114929916e-05
-5.3737761616293264e-05
-5.3106383139363554e-05
-5.2584167254913061e-05
-5.1952454419380956e-05
-5.1413874639964489e-05
-5.0812280281996594e-05
-5.0234855328720903e-05
-4.9673338879050855e-05
-4.9056562907738826e-05
-4.8525990698702586e-05
-4.7884186957625329e-05
-4.7342763409792618e-05
-4.6739116500588244e-05
-4.6160854453465134e-05
-4.5588248666656972e-05
-4.4976261392207512e-05
-4.4432338602946948e-05
-4.3788729797806342e-05
-4.3233906677073566e-05
-4.2630134992535491e-05
-4.2032058307682731e-05
-4.1468422151164574e-05
-4.0822187463680575e-05
-4.0257501520546573e-05
-3.9650789066275679e-05
-3.9039589226228502e-05
-3.8469832337546102e-05
-3.7821399633330459e-05
0.0000000000000000e+00
];
