%Vec Object:dSdr_b_aug_7160 1 MPI processes
%  type: seq
dSdr_b_aug_7160 = [
2.3007056019734569e+03
0.0000000000000000e+00
-7.5140137649435790e-07
-3.1092162977016292e-07
-1.9361263684863310e-07
-1.3769292730533641e-07
-1.0334616859666174e-07
-8.2106582790492771e-08
-6.7709510454691665e-08
-5.6882290734995760e-08
-4.8841089912033619e-08
-4.2676064302303046e-08
-3.7655928949038352e-08
-3.3588631437271715e-08
-3.0253733680636672e-08
-2.7441209476560868e-08
-2.5037544210477813e-08
-2.3015530362106100e-08
-5.0518714064928814e-06
-7.5725040067789364e-04
-7.4814287580320191e-04
-7.0920692643162682e-04
-6.7087188638070350e-04
-6.3268201229055624e-04
-5.9028974613081764e-04
-5.4936469402670264e-04
-5.1012452439175217e-04
-4.7049099777283587e-04
-4.2982109519052765e-04
-3.8634800717804961e-04
-3.4809068624858396e-04
-3.1131729508742409e-04
-2.7659940460485763e-04
-2.3998129027038060e-04
-2.1019529318223437e-04
-1.8426914657376198e-04
-1.6159075984164596e-04
-1.4017350178313043e-04
-1.2395191844518492e-04
-1.1164941846023881e-04
-1.0193984213757616e-04
-9.4115709052506314e-05
-8.9244531713708085e-05
-8.6279976639660276e-05
-8.4667614314345847e-05
-8.4301852811905721e-05
-8.4802465205382075e-05
-8.5815445009175699e-05
-8.7270661492994654e-05
-8.9231387341045916e-05
-9.0957069111618585e-05
-9.2765175862877887e-05
-9.4607170244292727e-05
-9.6381492931039503e-05
-9.7869247809276877e-05
-9.9202927059202954e-05
-1.0048555237167257e-04
-1.0152170031365626e-04
-1.0237389648798108e-04
-1.0306458067161957e-04
-1.0368826434961197e-04
-1.0410130247176370e-04
-1.0435443896755139e-04
-1.0456136310211209e-04
-1.0466422527598703e-04
-1.0463407611120472e-04
-1.0454476076693914e-04
-1.0439675237871935e-04
-1.0415889817456080e-04
-1.0386555986188189e-04
-1.0355449504444885e-04
-1.0318940268893835e-04
-1.0279056748318282e-04
-1.0233462787451049e-04
-1.0188237284924022e-04
-1.0140264692896583e-04
-1.0088283021998337e-04
-1.0037863728547952e-04
-9.9863823187451556e-05
-9.9282844538049089e-05
-9.8740223558866887e-05
-9.8194930423443195e-05
-9.7598665161744040e-05
-9.7044311139810301e-05
-9.6494055446696308e-05
-9.5855436355067567e-05
-9.5301711197970254e-05
-9.4729877158415991e-05
-9.4110114518303062e-05
-9.3557286350956468e-05
-9.2970693504351194e-05
-9.2354005136462331e-05
-9.1797737793406043e-05
-9.1191801125724192e-05
-9.0609420894633869e-05
-9.0063007966687594e-05
-8.9431423919401730e-05
-8.8876789107314669e-05
-8.8318964504703607e-05
-8.7677471684667190e-05
-8.7162813402380461e-05
-8.6576928671170704e-05
-8.5982412832732942e-05
-8.5466996081762196e-05
-8.4832186767051250e-05
-8.4300569971490242e-05
-8.3761790911769250e-05
-8.3150477789587938e-05
-8.2644435436828552e-05
-8.2055773076145173e-05
-8.1497500046076563e-05
-8.0986043943904708e-05
-8.0383235258766372e-05
-7.9880909380253677e-05
-7.9312877853305133e-05
-7.8775689104018006e-05
-7.8243735307271414e-05
-7.7680515023247955e-05
-7.7183677869771785e-05
-7.6599059693322621e-05
-7.6111371261221151e-05
-7.5562981443282309e-05
-7.5022491375761682e-05
-7.4543764672047180e-05
-7.3949033547909479e-05
-7.3493290310605968e-05
-7.2925926987385938e-05
-7.2435024115302861e-05
-7.1915893126340413e-05
-7.1393010804460502e-05
-7.0893410036710627e-05
-7.0365644168033701e-05
-6.9892807274219153e-05
-6.9335507226391435e-05
-6.8889142624883242e-05
-6.8332636268904503e-05
-6.7867640552966347e-05
-6.7348863237366496e-05
-6.6855535672938647e-05
-6.6364324482690544e-05
-6.5865280197795041e-05
-6.5381217026962864e-05
-6.4879779619218548e-05
-6.4406251131962834e-05
-6.3886119754175249e-05
-6.3445913553559163e-05
-6.2904145165542137e-05
-6.2478761517350948e-05
-6.1943985688660670e-05
-6.1511955172117183e-05
-6.0985759196600680e-05
-6.0554351388265751e-05
-6.0021338040368314e-05
-5.9607104836622165e-05
-5.9067807813631209e-05
-5.8655759571484201e-05
-5.8128292915653196e-05
-5.7707306232419172e-05
-5.7188464613059128e-05
-5.6763238362976735e-05
-5.6244863192753162e-05
-5.5829237753565821e-05
-5.5309374513709224e-05
-5.4885999210313944e-05
-5.4391867558230667e-05
-5.3943391804193176e-05
-5.3476193144698065e-05
-5.3009702082975484e-05
-5.2550281572500935e-05
-5.2081240964464126e-05
-5.1629678025167949e-05
-5.1150634691751307e-05
-5.0720506199741814e-05
-5.0216671408123077e-05
-4.9801831808795095e-05
-4.9297941911401217e-05
-4.8870567545344513e-05
-4.8393021227171682e-05
-4.7933537763269187e-05
-4.7491268354385584e-05
-4.6999531229662122e-05
-4.6582475597972174e-05
-4.6073934625332725e-05
-4.5645760634226531e-05
-4.5172094119809223e-05
-4.4714410825758089e-05
-4.4264961174754726e-05
-4.3783055573931244e-05
-4.3356491157963018e-05
-4.2850979671904043e-05
-4.2416109705080417e-05
-4.1942513050538542e-05
-4.1474587404724738e-05
-4.1033494850575276e-05
-4.0528830290349551e-05
-4.0087488216037677e-05
-3.9614138093679345e-05
-3.9138414277173036e-05
-3.8691747502903935e-05
-3.8181682892805637e-05
0.0000000000000000e+00
];
