%Vec Object:dSdr_b_aug_9010 1 MPI processes
%  type: seq
dSdr_b_aug_9010 = [
2.2791899166574372e+03
0.0000000000000000e+00
-6.5433577768006476e-07
-2.7099593804693707e-07
-1.6901855096630558e-07
-1.2029242301465804e-07
-9.0241272458673067e-08
-7.1655079338520182e-08
-5.9056847650189953e-08
-4.9592680119115759e-08
-4.2563612577853790e-08
-3.7174246797639324e-08
-3.2787365045202722e-08
-2.9233373973587903e-08
-2.6319310952427442e-08
-2.3861966883561913e-08
-2.1765009270217655e-08
-1.2706675297673693e-06
-7.5239812060551726e-04
-7.8063520306710990e-04
-7.3887620358730898e-04
-7.0020463378039585e-04
-6.6232159040799864e-04
-6.2457502924670330e-04
-5.8267027738564904e-04
-5.4220255060637677e-04
-5.0339117795084173e-04
-4.6418504299265120e-04
-4.2394572683315736e-04
-3.8092056193754677e-04
-3.4305519301576736e-04
-3.0665214921952501e-04
-2.7227912812965055e-04
-2.3602083521237659e-04
-2.0652566034977559e-04
-1.8085092225389638e-04
-1.5839177158516072e-04
-1.3718192699211198e-04
-1.2111758299373673e-04
-1.0893502195506942e-04
-9.9322697033205523e-05
-9.1579266146886185e-05
-8.6761546424373459e-05
-8.3833785715480453e-05
-8.2246534349150253e-05
-8.1895984509235706e-05
-8.2404111334035015e-05
-8.3420372314838543e-05
-8.4875312222338725e-05
-8.6834079614215017e-05
-8.8558352083576556e-05
-9.0364258299399059e-05
-9.2205096261098311e-05
-9.3979774635040943e-05
-9.5469020065986460e-05
-9.6806005615776922e-05
-9.8094269095714949e-05
-9.9136890865381499e-05
-9.9996632475315837e-05
-1.0069687279186916e-04
-1.0133176106723476e-04
-1.0175619855421115e-04
-1.0202201367351587e-04
-1.0224416807614518e-04
-1.0236098086884375e-04
-1.0234564411565109e-04
-1.0227275560393836e-04
-1.0214168654315132e-04
-1.0192026250878389e-04
-1.0164428662363503e-04
-1.0135172371121108e-04
-1.0100372411610094e-04
-1.0062205701849359e-04
-1.0018646619744757e-04
-9.9751752278707075e-05
-9.9289461463169466e-05
-9.8790312010460472e-05
-9.8303570489654293e-05
-9.7806141987945590e-05
-9.7246338857272032e-05
-9.6721219789641021e-05
-9.6193620962079708e-05
-9.5617932681497562e-05
-9.5080984046473272e-05
-9.4548259414322451e-05
-9.3930407255143200e-05
-9.3394017486306044e-05
-9.2839938475482354e-05
-9.2240083340224734e-05
-9.1704302989951300e-05
-9.1135744589859768e-05
-9.0538492708191229e-05
-8.9999126590313010e-05
-8.9411728957120823e-05
-8.8847587056764757e-05
-8.8317785306537750e-05
-8.7705342825697492e-05
-8.7168217286406495e-05
-8.6627047415476394e-05
-8.6005054946231485e-05
-8.5506813763135128e-05
-8.4938201559507914e-05
-8.4362045593718515e-05
-8.3862822979132858e-05
-8.3246733178890926e-05
-8.2731877862316658e-05
-8.2209664674100154e-05
-8.1616728134097598e-05
-8.1126578030650467e-05
-8.0555967507192340e-05
-8.0014686901577986e-05
-7.9519203793746007e-05
-7.8935018945078093e-05
-7.8448076396949265e-05
-7.7897874995484450e-05
-7.7377193824358867e-05
-7.6861617642648162e-05
-7.6316110856004016e-05
-7.5834687288147258e-05
-7.5268118216368835e-05
-7.4796166077653630e-05
-7.4264528524622931e-05
-7.3741015723887833e-05
-7.3277977825231426e-05
-7.2701179976988805e-05
-7.2260486185497355e-05
-7.1710991052154638e-05
-7.1235353230585249e-05
-7.0733460213797140e-05
-7.0226845071067731e-05
-6.9743331317621192e-05
-6.9232753031999784e-05
-6.8775039341563405e-05
-6.8235812811920282e-05
-6.7804159689861489e-05
-6.7265575602028579e-05
-6.6815896747838993e-05
-6.6314118684828867e-05
-6.5836865835018006e-05
-6.5362002469669409e-05
-6.4879518648721735e-05
-6.4411307552128300e-05
-6.3926994699321768e-05
-6.3469012653969030e-05
-6.2966299216211642e-05
-6.2541445613758983e-05
-6.2017271441604409e-05
-6.1607093404893732e-05
-6.1090099965240539e-05
-6.0672887233548855e-05
-6.0165098203886616e-05
-5.9748377982162013e-05
-5.9233858468344744e-05
-5.8834252597529251e-05
-5.8313567612637911e-05
-5.7916253407979536e-05
-5.7407215098113394e-05
-5.7001136751750676e-05
-5.6500717025569430e-05
-5.6090752502453274e-05
-5.5590626060987640e-05
-5.5190599580934569e-05
-5.4688757120041604e-05
-5.4281259891859570e-05
-5.3805090418099058e-05
-5.3372798674672137e-05
-5.2923305322196821e-05
-5.2473583674426659e-05
-5.2031513319502095e-05
-5.1579885493414964e-05
-5.1145233476017490e-05
-5.0684291241846942e-05
-5.0270515244583955e-05
-4.9785702697746547e-05
-4.9386877588447473e-05
-4.8902051649494422e-05
-4.8491262928198819e-05
-4.8032217663692026e-05
-4.7590324572390256e-05
-4.7165840311349671e-05
-4.6692752211127777e-05
-4.6292627251793214e-05
-4.5803962037152186e-05
-4.5392679151045760e-05
-4.4938399172750649e-05
-4.4498700466405663e-05
-4.4067620078873776e-05
-4.3605116999034830e-05
-4.3196058023424394e-05
-4.2711145695225800e-05
-4.2294169778801659e-05
-4.1839993062091771e-05
-4.1391485856987161e-05
-4.0968680460154394e-05
-4.0485146373758772e-05
-4.0062226877142755e-05
-3.9608815382663817e-05
-3.9153400277721805e-05
-3.8725381852230438e-05
-3.8237493856189382e-05
0.0000000000000000e+00
];
