%Vec Object:dSdr_b_aug_1220 1 MPI processes
%  type: seq
dSdr_b_aug_1220 = [
2.4514531827936230e+03
0.0000000000000000e+00
-2.1473773834191117e-06
-8.7701452611006886e-07
-5.3534662796919969e-07
-3.7609170263519208e-07
-2.8198240227545662e-07
-2.2388076480507984e-07
-1.8450340671680945e-07
-1.5467761733444028e-07
-1.3253915176372616e-07
-1.1557630417294100e-07
-1.0174589202867064e-07
-9.0541594517873126e-08
-8.1358097330499088e-08
-7.3614022977313497e-08
-6.6996540006204821e-08
-6.1351362890287235e-08
-5.6471138946890304e-08
-5.2165149784796257e-08
-4.8393125505586481e-08
-4.5066661991224528e-08
-4.2076333684403650e-08
-3.9403252193769083e-08
-3.7364771101591154e-08
-7.0142045038859525e-07
-1.8361675612634581e-04
-4.9654072207875796e-04
-4.6987766663942373e-04
-4.2433029915508845e-04
-3.8340874346016812e-04
-3.4404570828178334e-04
-3.0690940711695870e-04
-2.6776704397702626e-04
-2.3594073153674803e-04
-2.0825076126147643e-04
-1.8403426207130587e-04
-1.6116183503574815e-04
-1.4383709370024023e-04
-1.3069312740278776e-04
-1.2030125573053133e-04
-1.1191093187433602e-04
-1.0666470546786524e-04
-1.0344200722843927e-04
-1.0165347010554624e-04
-1.0118098523024353e-04
-1.0162887648377562e-04
-1.0261883485302880e-04
-1.0407599043470766e-04
-1.0605045515172301e-04
-1.0778602313669548e-04
-1.0960956731219151e-04
-1.1145967387313959e-04
-1.1323150016373598e-04
-1.1470879673114608e-04
-1.1601927880459767e-04
-1.1726234706366541e-04
-1.1825307518159507e-04
-1.1905233338894037e-04
-1.1967597299001592e-04
-1.2022104681529967e-04
-1.2055410867357509e-04
-1.2071829391054506e-04
-1.2081836497200129e-04
-1.2082335186879569e-04
-1.2068928128383547e-04
-1.2048471807821232e-04
-1.2021786628371503e-04
-1.1986474084431771e-04
-1.1944959077542218e-04
-1.1900871986454998e-04
-1.1852370771512155e-04
-1.1800442410425384e-04
-1.1740572107648681e-04
-1.1683040078661701e-04
-1.1622835330140487e-04
-1.1556353889314235e-04
-1.1493690999330777e-04
-1.1430012170125842e-04
-1.1357057951059682e-04
-1.1290516830947949e-04
-1.1223573514509188e-04
-1.1149510558882413e-04
-1.1081863856546110e-04
-1.1014538817280576e-04
-1.0936107214570369e-04
-1.0868572510287632e-04
-1.0798932506819858e-04
-1.0722989508598959e-04
-1.0655746259305078e-04
-1.0584434342657313e-04
-1.0509129230639484e-04
-1.0441644911242028e-04
-1.0368044604807132e-04
-1.0297010910286755e-04
-1.0230715525318434e-04
-1.0154127757476941e-04
-1.0086380098813285e-04
-1.0018912991949712e-04
-9.9410826350079793e-05
-9.8780988811497403e-05
-9.8073923385221483e-05
-9.7350598328871374e-05
-9.6721566744616567e-05
-9.5955425039979828e-05
-9.5306213050396402e-05
-9.4651211143097037e-05
-9.3910971583634090e-05
-9.3293432389381044e-05
-9.2578121942983794e-05
-9.1900633463139797e-05
-9.1277114035848907e-05
-9.0543644238253053e-05
-8.9933392007934503e-05
-8.9240267895424085e-05
-8.8587265297579841e-05
-8.7940409451509117e-05
-8.7252914831825051e-05
-8.6647939077860950e-05
-8.5936692018555861e-05
-8.5338600938362523e-05
-8.4672680619874010e-05
-8.4013081486312730e-05
-8.3424285315688711e-05
-8.2703737963040378e-05
-8.2142410887580390e-05
-8.1449687975886071e-05
-8.0851688637120840e-05
-8.0211619553408056e-05
-7.9574610037988231e-05
-7.8962146083604164e-05
-7.8313795659888731e-05
-7.7734857501656851e-05
-7.7050757366387693e-05
-7.6501180089024143e-05
-7.5818934802383977e-05
-7.5246479183657073e-05
-7.4608438650822589e-05
-7.4002334256054165e-05
-7.3396430156789854e-05
-7.2781201140286725e-05
-7.2185923172808124e-05
-7.1564343504653292e-05
-7.0981744501971361e-05
-7.0339412559583628e-05
-6.9791495839614670e-05
-6.9126290202936621e-05
-6.8594227296655429e-05
-6.7934694067857689e-05
-6.7398705247292403e-05
-6.6743370142279668e-05
-6.6208917517812093e-05
-6.5546155497562199e-05
-6.5029300253642225e-05
-6.4359425317712241e-05
-6.3844006474764322e-05
-6.3187250717187656e-05
-6.2661670652400126e-05
-6.2013585276834692e-05
-6.1481286410167233e-05
-6.0834882461546037e-05
-6.0309818545932405e-05
-5.9663525887340146e-05
-5.9128754001577490e-05
-5.8508604187494526e-05
-5.7946585615696083e-05
-5.7355171107246335e-05
-5.6771030331967253e-05
-5.6189885840796767e-05
-5.5598681996715292e-05
-5.5028476900474910e-05
-5.4422441514858902e-05
-5.3877588991626433e-05
-5.3240299942262839e-05
-5.2713108093125618e-05
-5.2075471761915427e-05
-5.1531738588450747e-05
-5.0924395695259384e-05
-5.0341505212266280e-05
-4.9774462748464982e-05
-4.9151892380915905e-05
-4.8616059766256780e-05
-4.7968080572959124e-05
-4.7421409064128611e-05
-4.6811738901245043e-05
-4.6227889352874361e-05
-4.5649576701392542e-05
-4.5031561722454090e-05
-4.4482200986246491e-05
-4.3832193340334590e-05
-4.3271812473809760e-05
-4.2662009725430889e-05
-4.2057903665865432e-05
-4.1488591593387335e-05
-4.0835800844634190e-05
-4.0265406369461059e-05
-3.9652527209004500e-05
-3.9035078015969439e-05
-3.8459697950303318e-05
-3.7805283629630349e-05
0.0000000000000000e+00
];
