%Vec Object:dSdr_b_aug_4630 1 MPI processes
%  type: seq
dSdr_b_aug_4630 = [
2.3410571714950579e+03
0.0000000000000000e+00
-9.8082301246738202e-07
-4.0467248765519031e-07
-2.5087081374507427e-07
-1.7792242142992752e-07
-1.3351621772883372e-07
-1.0606659723705035e-07
-8.7460766803421143e-08
-7.3444317393610312e-08
-6.3036007585539432e-08
-5.5057413000218208e-08
-4.8558242308391959e-08
-4.3292730903436999e-08
-3.8975779904682648e-08
-3.5335089724389409e-08
-3.2223690554143689e-08
-2.9568907270574284e-08
-2.7273417871392095e-08
-2.7102639551929810e-08
-5.5833774804657112e-05
-7.1702422720203033e-04
-6.8641411585511423e-04
-6.4752062894306306e-04
-6.0423788844274156e-04
-5.6247570523609359e-04
-5.2245058186840246e-04
-4.8203467260843564e-04
-4.4057653900468982e-04
-3.9628348344840711e-04
-3.5730865562105617e-04
-3.1985730700199891e-04
-2.8450809901219292e-04
-2.4723129602794965e-04
-2.1691292012354654e-04
-1.9052654561397755e-04
-1.6744682626665505e-04
-1.4564987799167912e-04
-1.2914045306682920e-04
-1.1661839347602305e-04
-1.0673078927001713e-04
-9.8758922811683546e-05
-9.3789885752970420e-05
-9.0757974672494486e-05
-8.9099643967805576e-05
-8.8706035726272500e-05
-8.9192891929544473e-05
-9.0199864945826410e-05
-9.1655587475482760e-05
-9.3619898229436874e-05
-9.5348159642836801e-05
-9.7160294484380184e-05
-9.9004405612334223e-05
-1.0077807699821033e-04
-1.0226310310579383e-04
-1.0359072969091621e-04
-1.0486303367064575e-04
-1.0588733059892607e-04
-1.0672571407775089e-04
-1.0739890478765543e-04
-1.0800207731647949e-04
-1.0839424775005838e-04
-1.0862417474966376e-04
-1.0880321835140256e-04
-1.0888054251829418e-04
-1.0882327775080894e-04
-1.0870389144783343e-04
-1.0852487392902625e-04
-1.0825694265864040e-04
-1.0793182069070128e-04
-1.0758688629240081e-04
-1.0719050393531791e-04
-1.0676024079714545e-04
-1.0626705070830976e-04
-1.0578268494115024e-04
-1.0527104232644831e-04
-1.0471339215043829e-04
-1.0417725266717629e-04
-1.0363061250598112e-04
-1.0301086996610346e-04
-1.0243620999799457e-04
-1.0185852567356872e-04
-1.0122459220455981e-04
-1.0063837589263426e-04
-1.0005602785095466e-04
-9.9379392828257917e-05
-9.8793933521402921e-05
-9.8189597138854441e-05
-9.7533391835540932e-05
-9.6949355946525628e-05
-9.6329749255882237e-05
-9.5677480471629075e-05
-9.5090273758399236e-05
-9.4450399548924008e-05
-9.3834632244163134e-05
-9.3257810907216340e-05
-9.2591186324279446e-05
-9.2004499051593421e-05
-9.1416186310482457e-05
-9.0738996165086087e-05
-9.0194284754435184e-05
-8.9576780952845250e-05
-8.8948655555659537e-05
-8.8403593840357016e-05
-8.7734516607266891e-05
-8.7172216270929223e-05
-8.6603111749428759e-05
-8.5958158480632947e-05
-8.5423023798348829e-05
-8.4801315768959202e-05
-8.4211936430297831e-05
-8.3671240187240626e-05
-8.3034338732668425e-05
-8.2503852151761717e-05
-8.1903180822178199e-05
-8.1335773324023517e-05
-8.0773838688905469e-05
-8.0178192102101550e-05
-7.9653138861805644e-05
-7.9035480020585690e-05
-7.8518984753526779e-05
-7.7939928264622666e-05
-7.7368359638211256e-05
-7.6860913032241683e-05
-7.6233353280554442e-05
-7.5750060551794344e-05
-7.5149987747835762e-05
-7.4631140699205675e-05
-7.4080453905815409e-05
-7.3527792912457849e-05
-7.2998743283048020e-05
-7.2439513853173732e-05
-7.1938992449585297e-05
-7.1348607049541625e-05
-7.0875311640296388e-05
-7.0285996811002049e-05
-6.9792962076068306e-05
-6.9243065959246610e-05
-6.8720312052250731e-05
-6.8199174564503778e-05
-6.7669814725880285e-05
-6.7156732779349493e-05
-6.6623947194743160e-05
-6.6121959423134282e-05
-6.5569942799463399e-05
-6.5101632166019970e-05
-6.4527655843415153e-05
-6.4074436837623566e-05
-6.3507108606487167e-05
-6.3047952689211870e-05
-6.2488061000193261e-05
-6.2029766133995016e-05
-6.1462898017503270e-05
-6.1021888058508570e-05
-6.0448519885546676e-05
-6.0009499557793502e-05
-5.9448298021736376e-05
-5.9000020184061729e-05
-5.8447455500520655e-05
-5.7994291184484091e-05
-5.7442509949094721e-05
-5.6998329111789564e-05
-5.6445477096712207e-05
-5.5993035451309508e-05
-5.5466022304431692e-05
-5.4987920170620202e-05
-5.4488310252021174e-05
-5.3991121180527166e-05
-5.3499939560230599e-05
-5.2999023204339558e-05
-5.2516503227723906e-05
-5.2004324127160793e-05
-5.1544260868799591e-05
-5.1005604079782348e-05
-5.0561448484512154e-05
-5.0022660251508675e-05
-4.9564924360459298e-05
-4.9053510189219559e-05
-4.8561825982678140e-05
-4.8086999297794619e-05
-4.7561123513662725e-05
-4.7113074865851021e-05
-4.6568149648813759e-05
-4.6109055160522771e-05
-4.5599900076749219e-05
-4.5109294692522973e-05
-4.4626218859204247e-05
-4.4108795722348735e-05
-4.3650186724833773e-05
-4.3106967532212609e-05
-4.2639342132880216e-05
-4.2130197216098410e-05
-4.1626726732656554e-05
-4.1152161346901248e-05
-4.0608820835714830e-05
-4.0133763257279072e-05
-3.9623929430090728e-05
-3.9111062095809240e-05
-3.8630351188308131e-05
-3.8080182153393126e-05
0.0000000000000000e+00
];
