%Vec Object:dSdr_b_aug_6750 1 MPI processes
%  type: seq
dSdr_b_aug_6750 = [
2.3048926473340225e+03
0.0000000000000000e+00
-7.7116110197368698e-07
-3.1861651624953637e-07
-1.9806453396278439e-07
-1.4063327774867700e-07
-1.0540687545458941e-07
-8.3625844830505151e-08
-6.8862994164471978e-08
-5.7764323011157337e-08
-4.9522494906034460e-08
-4.3204016264599480e-08
-3.8061019497786746e-08
-3.3894917230892880e-08
-3.0479278389453971e-08
-2.7599407786449798e-08
-2.5138949672082727e-08
-2.3043536219089296e-08
-7.4301984089353187e-07
-6.5771506869212828e-04
-7.5010193633808680e-04
-7.1152773067524925e-04
-6.7308003854858126e-04
-6.3477573028367248e-04
-5.9225755918580953e-04
-5.5121439771047009e-04
-5.1186348644067137e-04
-4.7211958112161698e-04
-4.3133847475185011e-04
-3.8774970554997197e-04
-3.4939115860062932e-04
-3.1252212105895499e-04
-2.7771516416744021e-04
-2.4100412188833380e-04
-2.1114301667575798e-04
-1.8515194100898614e-04
-1.6241693417701699e-04
-1.4094610932832924e-04
-1.2468391723030768e-04
-1.1235044172755648e-04
-1.0261574919519450e-04
-9.4770773742157045e-05
-8.9885790179777402e-05
-8.6911732476199644e-05
-8.5292884978731067e-05
-8.4923194911748891e-05
-8.5421866638541821e-05
-8.6433999061346446e-05
-8.7889286993870548e-05
-8.9850518655039478e-05
-9.1576564411222368e-05
-9.3385239492521925e-05
-9.5227532548180509e-05
-9.7001763389288688e-05
-9.8489133328902835e-05
-9.9821958701970192e-05
-1.0110312790576230e-04
-1.0213760391942901e-04
-1.0298785140978247e-04
-1.0367606762344898e-04
-1.0429685759669539e-04
-1.0470695171229607e-04
-1.0495681381829291e-04
-1.0515980457159797e-04
-1.0525906384768796e-04
-1.0522508921701165e-04
-1.0513153146410874e-04
-1.0497914830943541e-04
-1.0473705083422477e-04
-1.0443922848415980e-04
-1.0412338534624198e-04
-1.0375387859738372e-04
-1.0335060953892043e-04
-1.0288941463096560e-04
-1.0243262942144335e-04
-1.0194840069299970e-04
-1.0142324643610477e-04
-1.0091454648115289e-04
-1.0039524236059873e-04
-9.9808794898363621e-05
-9.9261653856824896e-05
-9.8711790970376596e-05
-9.8110211474581574e-05
-9.7551362318530702e-05
-9.6996579034427412e-05
-9.6352596651454644e-05
-9.5794394437813139e-05
-9.5217974964899511e-05
-9.4593070989972791e-05
-9.4035840034452890e-05
-9.3444589591439007e-05
-9.2822881534526230e-05
-9.2262249262084936e-05
-9.1651524682223281e-05
-9.1064434199111555e-05
-9.0513731249616746e-05
-8.9877203679327223e-05
-8.9318046902461408e-05
-8.8755921029880591e-05
-8.8109392026617975e-05
-8.7590493845520975e-05
-8.7000148289576867e-05
-8.6400890805323074e-05
-8.5881291734296998e-05
-8.5241647892113365e-05
-8.4705702253768425e-05
-8.4162644868995793e-05
-8.3546585785318177e-05
-8.3036439077948434e-05
-8.2443114624673383e-05
-8.1880453107205709e-05
-8.1364871796925736e-05
-8.0757253293684014e-05
-8.0250954494264550e-05
-7.9678318133918899e-05
-7.9136866113872201e-05
-7.8600682610727857e-05
-7.8032887613553906e-05
-7.7532069724962785e-05
-7.6942790160825194e-05
-7.6451037650499191e-05
-7.5898321368096465e-05
-7.5353446726731231e-05
-7.4870668208893131e-05
-7.4271305610522262e-05
-7.3811675680585323e-05
-7.3239697692079709e-05
-7.2744852444664383e-05
-7.2221269550981116e-05
-7.1694186042461677e-05
-7.1190430617503381e-05
-7.0658225857165842e-05
-7.0181483220825087e-05
-6.9619515478197642e-05
-6.9169351466146607e-05
-6.8608216476949218e-05
-6.8139265003195663e-05
-6.7616097433130870e-05
-6.7118618386304189e-05
-6.6623185179623442e-05
-6.6119863961538821e-05
-6.5631706806825927e-05
-6.5125846782434533e-05
-6.4648303243643366e-05
-6.4123673478394454e-05
-6.3679502287886087e-05
-6.3133189986341065e-05
-6.2703879308354752e-05
-6.2164510967333464e-05
-6.1728653580578089e-05
-6.1197703792844035e-05
-6.0762502738277751e-05
-6.0224713136992477e-05
-5.9806702246950487e-05
-5.9262598441537986e-05
-5.8846744953847733e-05
-5.8314518954453477e-05
-5.7889682008977587e-05
-5.7366082710584515e-05
-5.6936914929088165e-05
-5.6413826799005620e-05
-5.5994172731808335e-05
-5.5469655399737913e-05
-5.5042179380194217e-05
-5.4543408766716537e-05
-5.4090753281230983e-05
-5.3618981996022618e-05
-5.3148160010896440e-05
-5.2684258591150567e-05
-5.2210720896579766e-05
-5.1754790478219509e-05
-5.1271072284735859e-05
-5.0836720525148381e-05
-5.0327972966969499e-05
-4.9908997382247820e-05
-4.9400183931956500e-05
-4.8968526057939352e-05
-4.8486201545711994e-05
-4.8022175070230863e-05
-4.7575312333670569e-05
-4.7078758758516235e-05
-4.6657330441996266e-05
-4.6143656157676928e-05
-4.5711119647441507e-05
-4.5232446103396943e-05
-4.4770117802890333e-05
-4.4315923739630325e-05
-4.3829006797556397e-05
-4.3397920881329943e-05
-4.2887088762446596e-05
-4.2447596591224273e-05
-4.1968983361937616e-05
-4.1496041087431719e-05
-4.1050223370448218e-05
-4.0540098120021231e-05
-4.0093992478435255e-05
-3.9615482560238933e-05
-3.9134491571376434e-05
-3.8682946069950570e-05
-3.8166820640957302e-05
0.0000000000000000e+00
];
