%Vec Object:dSdr_b_aug_7850 1 MPI processes
%  type: seq
dSdr_b_aug_7850 = [
2.2954636337926554e+03
0.0000000000000000e+00
-7.2620213157991659e-07
-3.0054040266709620e-07
-1.8720997574874463e-07
-1.3315487105484566e-07
-9.9919810017293828e-08
-7.9366966049807239e-08
-6.5435534477056005e-08
-5.4961625097395960e-08
-4.7182822523165469e-08
-4.1218901542145660e-08
-3.6363101177502274e-08
-3.2429057548182869e-08
-2.9203423074575480e-08
-2.6483162621620131e-08
-2.4158468994939939e-08
-2.2532034187034983e-08
-4.7267350916642329e-05
-7.8214500842442103e-04
-7.4442780993835551e-04
-7.0550677732569400e-04
-6.6735665837452886e-04
-6.2934902863884582e-04
-5.8715719158183236e-04
-5.4642015738218372e-04
-5.0735627694052079e-04
-4.6789846175544135e-04
-4.2740558405604046e-04
-3.8411664847958708e-04
-3.4602046885815916e-04
-3.0939933679561513e-04
-2.7482323077891203e-04
-2.3835304806688246e-04
-2.0868661530047618e-04
-1.8286382899786698e-04
-1.6027557557224392e-04
-1.3894359026495764e-04
-1.2278665196311010e-04
-1.1053346204189953e-04
-1.0086386834759249e-04
-9.3072914006347529e-05
-8.8223714431115679e-05
-8.5274286437302775e-05
-8.3672247848948309e-05
-8.3312740232637561e-05
-8.3816441986580932e-05
-8.4830770753682529e-05
-8.6285873519127275e-05
-8.8245794185874284e-05
-8.9970896547581734e-05
-9.1778098594218755e-05
-9.3619617533775851e-05
-9.5394086444402202e-05
-9.6882454118946899e-05
-9.8217492664966723e-05
-9.9502435963265174e-05
-1.0054124545248967e-04
-1.0139654373941075e-04
-1.0209115668416844e-04
-1.0271944684866827e-04
-1.0313717153146568e-04
-1.0339552052356487e-04
-1.0360870619974842e-04
-1.0371730381954770e-04
-1.0369324440556203e-04
-1.0361068254123618e-04
-1.0346963833260694e-04
-1.0323853898073133e-04
-1.0295233879502644e-04
-1.0264888057245756e-04
-1.0229081547723072e-04
-1.0189903850921392e-04
-1.0145146479553254e-04
-1.0100642135718210e-04
-1.0053386344391886e-04
-1.0002254356063472e-04
-9.9525525338312640e-05
-9.9017858893357997e-05
-9.8445586029317423e-05
-9.7910160523445423e-05
-9.7372141960340688e-05
-9.6784336410341872e-05
-9.6237138178175872e-05
-9.5694089942633903e-05
-9.5064008656618807e-05
-9.4517410511221482e-05
-9.3952876008143951e-05
-9.3341297841509905e-05
-9.2795478458251610e-05
-9.2216300023902884e-05
-9.1607602482014831e-05
-9.1058283655545919e-05
-9.0459968849004898e-05
-8.9885086852215372e-05
-8.9345503195156569e-05
-8.8721788725112341e-05
-8.8174352413389256e-05
-8.7623374987874937e-05
-8.6989899250407282e-05
-8.6481990448573310e-05
-8.5903206886988709e-05
-8.5316239254090058e-05
-8.4807480320140015e-05
-8.4180367068820432e-05
-8.3655641339125468e-05
-8.3123672926162313e-05
-8.2519914879394506e-05
-8.2020406230461627e-05
-8.1439165434453033e-05
-8.0887878417914836e-05
-8.0382989215988898e-05
-7.9787837258896301e-05
-7.9291835855066839e-05
-7.8731134741731799e-05
-7.8200732673702026e-05
-7.7675512127158271e-05
-7.7119574308150900e-05
-7.6629074068282785e-05
-7.6051876333551102e-05
-7.5570657488423403e-05
-7.5029154948936172e-05
-7.4495644663841187e-05
-7.4023368023638751e-05
-7.3436009721431362e-05
-7.2986453691139205e-05
-7.2426436431486586e-05
-7.1941809407098672e-05
-7.1429765383524432e-05
-7.0913570909755984e-05
-7.0420583919906507e-05
-6.9899884300674993e-05
-6.9433264938088921e-05
-6.8883395370105834e-05
-6.8443079029989186e-05
-6.7893940971405350e-05
-6.7435242404972499e-05
-6.6923453912149305e-05
-6.6436735069863551e-05
-6.5952244884394563e-05
-6.5460009025699676e-05
-6.4982463044443292e-05
-6.4488065975212079e-05
-6.4020929024774414e-05
-6.3507958603899601e-05
-6.3074064246463902e-05
-6.2539529287270024e-05
-6.2120397052815995e-05
-6.1592932016182238e-05
-6.1166993468690197e-05
-6.0648365056800062e-05
-6.0222995690394602e-05
-5.9697585628773172e-05
-5.9289366095877965e-05
-5.8757720956639291e-05
-5.8351730255136333e-05
-5.7831839963558725e-05
-5.7416982480872741e-05
-5.6905714573983885e-05
-5.6486762813214153e-05
-5.5975890164586640e-05
-5.5566677860762418e-05
-5.5054223428269089e-05
-5.4637376013656720e-05
-5.4150629078659473e-05
-5.3708806993377797e-05
-5.3248887447083562e-05
-5.2789290730868781e-05
-5.2337003324909322e-05
-5.1875121570501754e-05
-5.1430511159536506e-05
-5.0958909668612805e-05
-5.0535504126314793e-05
-5.0039489888942509e-05
-4.9631234283405067e-05
-4.9135182097194944e-05
-4.8714626549540997e-05
-4.8244686528080276e-05
-4.7792434963263364e-05
-4.7357477537785337e-05
-4.6873407567219777e-05
-4.6463312642122937e-05
-4.5962943188750312e-05
-4.5541713666574042e-05
-4.5076017576185651e-05
-4.4625728355465669e-05
-4.4183830960426424e-05
-4.3709902457395425e-05
-4.3290535258215579e-05
-4.2793492974586813e-05
-4.2365980181764772e-05
-4.1900368194734964e-05
-4.1440426846175047e-05
-4.1006853880481181e-05
-4.0510878540438522e-05
-4.0077113639640547e-05
-3.9611966589954362e-05
-3.9144604568889949e-05
-3.8705639461220456e-05
-3.8204878014668670e-05
0.0000000000000000e+00
];
