%Vec Object:dSdr_b_aug_2680 1 MPI processes
%  type: seq
dSdr_b_aug_2680 = [
2.3861407102220137e+03
0.0000000000000000e+00
-1.3387201910050012e-06
-5.5052429804607924e-07
-3.3949644367829366e-07
-2.4004685096471848e-07
-1.8018132998429757e-07
-1.4319209638395464e-07
-1.1812065903699891e-07
-9.9190201652626397e-08
-8.5134688072517555e-08
-7.4362096878226754e-08
-6.5582061865555779e-08
-5.8468338104066329e-08
-5.2636590402098920e-08
-4.7718058166211471e-08
-4.3514211955841793e-08
-3.9927495437696903e-08
-3.6826266971196166e-08
-3.4088944511283153e-08
-3.1690869527161784e-08
-3.1811248413832279e-08
-2.1731106023543260e-05
-6.2670882212299155e-04
-6.2025137648063014e-04
-5.7826990960041427e-04
-5.3732104657551471e-04
-4.9596209786027616e-04
-4.5355301051316660e-04
-4.0827066534253548e-04
-3.6843016378534444e-04
-3.3016085768742973e-04
-2.9404996342710036e-04
-2.5597845084923080e-04
-2.2501775849234621e-04
-1.9807611780188534e-04
-1.7451218959409348e-04
-1.5225714408803883e-04
-1.3540043752217375e-04
-1.2261347865889761e-04
-1.1251108329847411e-04
-1.0436097624682144e-04
-9.9273871331281822e-05
-9.6160695166223428e-05
-9.4446903572728422e-05
-9.4019698219375528e-05
-9.4489957574285174e-05
-9.5489683404352795e-05
-9.6946016486124562e-05
-9.8914652433818988e-05
-1.0064602619112800e-04
-1.0246302092898317e-04
-1.0430968591100507e-04
-1.0608257149385618e-04
-1.0756430532855541e-04
-1.0888462935559796e-04
-1.1014448053724882e-04
-1.1115447895608198e-04
-1.1197619716557233e-04
-1.1262828175102366e-04
-1.1320670733305687e-04
-1.1357370066656615e-04
-1.1377562517865234e-04
-1.1392103068363101e-04
-1.1396754302596735e-04
-1.1387756306890585e-04
-1.1372189593790303e-04
-1.1350546569127065e-04
-1.1320124623766123e-04
-1.1283777708773265e-04
-1.1245197883788944e-04
-1.1201784490383949e-04
-1.1154966377953588e-04
-1.1101153081820327e-04
-1.1048842332365631e-04
-1.0993827310137922e-04
-1.0933497671668993e-04
-1.0876029360881452e-04
-1.0817525519027946e-04
-1.0750874388632551e-04
-1.0689542876716970e-04
-1.0627866436197830e-04
-1.0559928407648531e-04
-1.0497462580340233e-04
-1.0435355823510705e-04
-1.0363105686824488e-04
-1.0300731020377507e-04
-1.0236375963725514e-04
-1.0166358614359287e-04
-1.0104189803583292e-04
-1.0038246003505293e-04
-9.9687263365045954e-05
-9.9062728201473210e-05
-9.8381908239786241e-05
-9.7725859324320066e-05
-9.7112350144229977e-05
-9.6403449045181659e-05
-9.5778090377298788e-05
-9.5152993600512210e-05
-9.4432734521354594e-05
-9.3851763916182217e-05
-9.3196111618440097e-05
-9.2527436206422237e-05
-9.1946607770552463e-05
-9.1236186210580611e-05
-9.0636866108808795e-05
-9.0031173845493860e-05
-8.9345633659166715e-05
-8.8775399013041266e-05
-8.8113821306095821e-05
-8.7486912133225798e-05
-8.6910937592583955e-05
-8.6232903131716856e-05
-8.5668440599586960e-05
-8.5028389272677826e-05
-8.4424522785719490e-05
-8.3826416201942925e-05
-8.3191647207233658e-05
-8.2632551196650989e-05
-8.1975028719424205e-05
-8.1423777943889479e-05
-8.0807722050051748e-05
-8.0198657075110922e-05
-7.9656559846960997e-05
-7.8989392285763198e-05
-7.8472861039874563e-05
-7.7833324178738986e-05
-7.7280762425991649e-05
-7.6692003490273544e-05
-7.6103414471351960e-05
-7.5538834733653978e-05
-7.4941644455951833e-05
-7.4407721641150083e-05
-7.3777418700090449e-05
-7.3271631225165572e-05
-7.2642732912387789e-05
-7.2115869054202743e-05
-7.1528428050147923e-05
-7.0970171213046744e-05
-7.0412927599654006e-05
-6.9846991998297900e-05
-6.9298898856658402e-05
-6.8728291649965405e-05
-6.8191967714655193e-05
-6.7601481497665407e-05
-6.7099262833334784e-05
-6.6486427597204986e-05
-6.5999625204884394e-05
-6.5393022463667349e-05
-6.4901139730134927e-05
-6.4300594128573424e-05
-6.3809860013362606e-05
-6.3202146090558564e-05
-6.2728829969795256e-05
-6.2114354933575798e-05
-6.1642792785373797e-05
-6.1040890105125116e-05
-6.0559685499340310e-05
-5.9966433938092139e-05
-5.9479562364642163e-05
-5.8887476724222558e-05
-5.8408843829716449e-05
-5.7816190886126231e-05
-5.7328680744871664e-05
-5.6761996120965628e-05
-5.6248149824629036e-05
-5.5709435791192410e-05
-5.5175209657575568e-05
-5.4645708356345500e-05
-5.4106334024864388e-05
-5.3586464517043074e-05
-5.3034307263466882e-05
-5.2538127889429513e-05
-5.1957458557461538e-05
-5.1477933450909066e-05
-5.0897040638867106e-05
-5.0402673879275782e-05
-4.9850398495844530e-05
-4.9319864504882801e-05
-4.8805757941844776e-05
-4.8238694419258412e-05
-4.7753253347830814e-05
-4.7164431300688887e-05
-4.6668032140464675e-05
-4.6116061175594393e-05
-4.5585736594222891e-05
-4.5062092358298448e-05
-4.4501819273769309e-05
-4.4004550939677994e-05
-4.3415840530921134e-05
-4.2908699773979617e-05
-4.2356671331020159e-05
-4.1810323530898172e-05
-4.1295383997947457e-05
-4.0705397431230433e-05
-4.0189688936389922e-05
-3.9635886147061989e-05
-3.9078308358194828e-05
-3.8556812239263818e-05
-3.7959787828382122e-05
0.0000000000000000e+00
];
