%Vec Object:dSdr_b_aug_1780 1 MPI processes
%  type: seq
dSdr_b_aug_1780 = [
2.4209169403200713e+03
0.0000000000000000e+00
-1.7164177871090752e-06
-7.0351846648630987e-07
-4.3167534017193117e-07
-3.0428210752045150e-07
-2.2832465167369126e-07
-1.8141142763138291e-07
-1.4961493439404474e-07
-1.2556532580179158e-07
-1.0771147479021808e-07
-9.4029726211823128e-08
-8.2875492363035202e-08
-7.3838446158200680e-08
-6.6430634434364772e-08
-6.0183118065188537e-08
-5.4843655610777357e-08
-5.0288358774649768e-08
-4.6349944458689613e-08
-4.2874080053975642e-08
-3.9829029056225794e-08
-3.7143546520544587e-08
-3.4736644983261039e-08
-7.4129721970131580e-08
-7.6601848225728365e-05
-5.6651363341038419e-04
-5.4705360714279029e-04
-5.0581193950753091e-04
-4.6276768522570110e-04
-4.1678531569231216e-04
-3.7633012275426077e-04
-3.3747981751935339e-04
-3.0082787499009322e-04
-2.6219185397011668e-04
-2.3077490270553114e-04
-2.0343883776720564e-04
-1.7953095970579941e-04
-1.5695051233379878e-04
-1.3984711991857398e-04
-1.2687199414969158e-04
-1.1661702535068180e-04
-1.0834030794082973e-04
-1.0316933535310720e-04
-9.9998433743797715e-05
-9.8245246282691186e-05
-9.7794175627788279e-05
-9.8252645537692847e-05
-9.9247223304868066e-05
-1.0070398994270991e-04
-1.0267569808514388e-04
-1.0440928252067422e-04
-1.0622972928832414e-04
-1.0807820824808290e-04
-1.0985053554522861e-04
-1.1132993067227421e-04
-1.1264506735754096e-04
-1.1389607283937633e-04
-1.1489591454141454e-04
-1.1570579484599907e-04
-1.1634288703793526e-04
-1.1690373402718771e-04
-1.1725284321615083e-04
-1.1743487661659790e-04
-1.1755638784593547e-04
-1.1758101350914942e-04
-1.1746779484881631e-04
-1.1728635622124022e-04
-1.1704335045064288e-04
-1.1671335427527812e-04
-1.1632264582714877e-04
-1.1590782060305874e-04
-1.1544687044841686e-04
-1.1495175489712723e-04
-1.1438169744505501e-04
-1.1383107028651408e-04
-1.1325356670787437e-04
-1.1261784618159328e-04
-1.1201578414100807e-04
-1.1140347005284003e-04
-1.1070373722930094e-04
-1.1006296396681446e-04
-1.0941843957978277e-04
-1.0870677680795299e-04
-1.0805481183662910e-04
-1.0740624040872493e-04
-1.0665115855910612e-04
-1.0600021505693595e-04
-1.0532880930915342e-04
-1.0459740370365227e-04
-1.0394896993255935e-04
-1.0326123838700774e-04
-1.0253554857045463e-04
-1.0188449772884726e-04
-1.0117459259809381e-04
-1.0048993027627019e-04
-9.9850360464601176e-05
-9.9111428911556100e-05
-9.8458600629010108e-05
-9.7807374893181935e-05
-9.7056522480237434e-05
-9.6449795729210982e-05
-9.5767045265173981e-05
-9.5069565821291168e-05
-9.4463331089126933e-05
-9.3723541271503133e-05
-9.3097924794303345e-05
-9.2466243036877358e-05
-9.1751872607564287e-05
-9.1156705287081442e-05
-9.0466806817655177e-05
-8.9813238952520750e-05
-8.9212205062592706e-05
-8.8504952455735990e-05
-8.7916355675917040e-05
-8.7248331425633210e-05
-8.6618566906630583e-05
-8.5994766185832800e-05
-8.5332207243993358e-05
-8.4748929524883953e-05
-8.4063090582653572e-05
-8.3487151817918638e-05
-8.2844814020456952e-05
-8.2209114146995890e-05
-8.1642403436225537e-05
-8.0947101136389732e-05
-8.0406959475460334e-05
-7.9739389989604944e-05
-7.9162879572369392e-05
-7.8547076737787083e-05
-7.7932966859718331e-05
-7.7343148917965844e-05
-7.6718993801250325e-05
-7.6161344870204380e-05
-7.5502687187922759e-05
-7.4973819538174291e-05
-7.4316803779449274e-05
-7.3765909992573370e-05
-7.3151799629352578e-05
-7.2568323905900569e-05
-7.1985432937831618e-05
-7.1393516384904467e-05
-7.0820553658992638e-05
-7.0223080529196533e-05
-6.9662366511781955e-05
-6.9044554101217964e-05
-6.8518249476964556e-05
-6.7877811506175071e-05
-6.7367153765737130e-05
-6.6732653084189807e-05
-6.6217523460544868e-05
-6.5588100090042492e-05
-6.5074323361452585e-05
-6.4437595370266386e-05
-6.3941331181547115e-05
-6.3297656649924852e-05
-6.2802979048537513e-05
-6.2172165080867054e-05
-6.1667571593835839e-05
-6.1045418893260488e-05
-6.0534604046110724e-05
-5.9913888966822498e-05
-5.9410783760489752e-05
-5.8789859035121454e-05
-5.8277438727376197e-05
-5.7682574299735264e-05
-5.7143337916391190e-05
-5.6576847125282352e-05
-5.6016312549003416e-05
-5.5459591737462292e-05
-5.4892899683289649e-05
-5.4346499842674329e-05
-5.3765945087801900e-05
-5.3244111577525973e-05
-5.2633599720231547e-05
-5.2128950894331564e-05
-5.1518150273340602e-05
-5.0997763916895568e-05
-5.0416464052026690e-05
-4.9858334441543005e-05
-4.9316326840272918e-05
-4.8720007179062176e-05
-4.8208006033601316e-05
-4.7588003790264251e-05
-4.7065107253993553e-05
-4.6482724375196328e-05
-4.5924187872067224e-05
-4.5371728900397542e-05
-4.4781020963311514e-05
-4.4256295200202856e-05
-4.3635275449321668e-05
-4.3100071537436671e-05
-4.2517589419773880e-05
-4.1940795361448992e-05
-4.1397192422145963e-05
-4.0774095544899296e-05
-4.0229550355075651e-05
-3.9644585784722326e-05
-3.9055399414450615e-05
-3.8505355707545434e-05
-3.7877299923463008e-05
0.0000000000000000e+00
];
