%Vec Object:dSdr_b_aug_8110 1 MPI processes
%  type: seq
dSdr_b_aug_8110 = [
2.2930328170647567e+03
0.0000000000000000e+00
-7.1432879911216945e-07
-2.9543582152084811e-07
-1.8392072752629872e-07
-1.3072034725562685e-07
-9.8005367453390231e-08
-7.7774752596037054e-08
-6.4062463398012186e-08
-5.3757723805123866e-08
-4.6105030689208744e-08
-4.0237912487781794e-08
-3.5462424843278533e-08
-3.1593896059612688e-08
-2.8422113549525619e-08
-2.5747724689013450e-08
-2.3462702157727386e-08
-2.2665018524230058e-08
-1.0919045148901030e-04
-7.8300606935409836e-04
-7.4305160782996778e-04
-7.0418452370675099e-04
-6.6610093121608003e-04
-6.2815840991268601e-04
-5.8603817087350414e-04
-5.4536830099950989e-04
-5.0636739511415415e-04
-4.6697234809431288e-04
-4.2654270775224757e-04
-3.8331955565608827e-04
-3.4528093941161377e-04
-3.0871419779548932e-04
-2.7418874044508927e-04
-2.3777140230104202e-04
-2.0814768065223620e-04
-1.8236181702070798e-04
-1.5980576127793100e-04
-1.3850423742159802e-04
-1.2237039194008711e-04
-1.1013481661353035e-04
-1.0047950554994094e-04
-9.2700403391879894e-05
-8.7859054782907676e-05
-8.4915030536141903e-05
-8.3316679831598500e-05
-8.2959406256551487e-05
-8.3464211611059431e-05
-8.4479022268803299e-05
-8.5934084421388819e-05
-8.7893717468602101e-05
-8.9618612861150698e-05
-9.1425491734921594e-05
-9.3266840843516286e-05
-9.5041361996079529e-05
-9.6529948582043206e-05
-9.7865472706172923e-05
-9.9151244048046772e-05
-1.0019100430829325e-04
-1.0104741074596628e-04
-1.0174342713894706e-04
-1.0237336285053578e-04
-1.0279276168449022e-04
-1.0305297270371798e-04
-1.0326839514975442e-04
-1.0337904160600270e-04
-1.0335715759396726e-04
-1.0327700823072026e-04
-1.0313845178991673e-04
-1.0290976542895611e-04
-1.0262611514879735e-04
-1.0232537417895001e-04
-1.0196981938485102e-04
-1.0158056378386981e-04
-1.0113597856199180e-04
-1.0069351127032009e-04
-1.0022351393572277e-04
-9.9715229315732774e-05
-9.9220774067204976e-05
-9.8715660929875207e-05
-9.8146497974150622e-05
-9.7613642858129741e-05
-9.7078222941008802e-05
-9.6493439395938931e-05
-9.5948797377799324e-05
-9.5408323813086783e-05
-9.4781292428761422e-05
-9.4237240217072443e-05
-9.3675313277450314e-05
-9.3066658794033994e-05
-9.2523343110718434e-05
-9.1946813275877392e-05
-9.1340970241951292e-05
-9.0794133586339295e-05
-9.0198541484825260e-05
-8.9626338030617927e-05
-8.9089193947163018e-05
-8.8468290672000040e-05
-8.7923425830944106e-05
-8.7374894375410978e-05
-8.6744282524868431e-05
-8.6238784793541402e-05
-8.5662537932869900e-05
-8.5078266691523805e-05
-8.4571886081792846e-05
-8.3947522040124712e-05
-8.3425257956504825e-05
-8.2895722462011045e-05
-8.2294663260629763e-05
-8.1797488599692298e-05
-8.1218898955981669e-05
-8.0670107502844664e-05
-8.0167564147353080e-05
-7.9575147348170377e-05
-7.9081405190723310e-05
-7.8523322668195474e-05
-7.7995344957329047e-05
-7.7472529681016556e-05
-7.6919193324325325e-05
-7.6430956774185675e-05
-7.5856409790160559e-05
-7.5377502028587816e-05
-7.4838459781546268e-05
-7.4307442833352323e-05
-7.3837470302368953e-05
-7.3252745739698288e-05
-7.2805399920043511e-05
-7.2248006841114552e-05
-7.1765621691733983e-05
-7.1256109292941203e-05
-7.0742303870039599e-05
-7.0251679471374783e-05
-6.9733504076451998e-05
-6.9269105756485753e-05
-6.8721890524103103e-05
-6.8283734759360027e-05
-6.7737228823136470e-05
-6.7280779740422125e-05
-6.6771487812691460e-05
-6.6287129754736453e-05
-6.5805040463473742e-05
-6.5315236727661325e-05
-6.4840018832794437e-05
-6.4348136730590610e-05
-6.3883282980194844e-05
-6.3372870613641525e-05
-6.2941230987478771e-05
-6.2409279970831422e-05
-6.1992380880457231e-05
-6.1467527421825763e-05
-6.1043765060629152e-05
-6.0527839950911062e-05
-6.0104627649124961e-05
-5.9581933650069140e-05
-5.9175862332370070e-05
-5.8646950615084683e-05
-5.8243123799274242e-05
-5.7725939951556937e-05
-5.7313271952209577e-05
-5.6804709540925316e-05
-5.6387999162945558e-05
-5.5879806577719191e-05
-5.5472885183004444e-05
-5.4963077335626152e-05
-5.4548561821131887e-05
-5.4064452863956726e-05
-5.3625007608339152e-05
-5.3167688313705763e-05
-5.2710554400069352e-05
-5.2260815085521807e-05
-5.1801490619159131e-05
-5.1359363790376947e-05
-5.0890420673875667e-05
-5.0469416698873690e-05
-4.9976196115508962e-05
-4.9570292433627296e-05
-4.9077040023957250e-05
-4.8658920277315759e-05
-4.8191697357327679e-05
-4.7742029145263973e-05
-4.7309683674172963e-05
-4.6828352525091115e-05
-4.6420744053489664e-05
-4.5923293571671605e-05
-4.5504544677243212e-05
-4.5041695691562475e-05
-4.4594047667995087e-05
-4.4154847948482024e-05
-4.3683768846812471e-05
-4.3266972409234273e-05
-4.2772955200616977e-05
-4.2348070147382804e-05
-4.1885309915757516e-05
-4.1428219980790511e-05
-4.0997332090808602e-05
-4.0504459071325615e-05
-4.0073398186746373e-05
-3.9611176510736038e-05
-3.9146790961493101e-05
-3.8710547357218720e-05
-3.8212951016124710e-05
0.0000000000000000e+00
];
