%Vec Object:dSdr_b_aug_1130 1 MPI processes
%  type: seq
dSdr_b_aug_1130 = [
2.4573819778942579e+03
0.0000000000000000e+00
-2.2461596383278785e-06
-9.1760072589558868e-07
-5.6011921134136874e-07
-3.9365834393953664e-07
-2.9543447501988629e-07
-2.3479506385465942e-07
-1.9369670106881139e-07
-1.6254493187836442e-07
-1.3942136567957992e-07
-1.2170394724733368e-07
-1.0725280241780904e-07
-9.5544297553541051e-08
-8.5947328371072039e-08
-7.7853196839372380e-08
-7.0935122428654402e-08
-6.5033336699507878e-08
-5.9930954529902291e-08
-5.5427757791631715e-08
-5.1482857271531641e-08
-4.8003913811890920e-08
-4.4875723062832042e-08
-4.2079130763597440e-08
-3.9603627744220524e-08
-9.1692979196068741e-08
-3.8886722681715191e-05
-4.5332705526131116e-04
-4.6884890196507555e-04
-4.2563808895627376e-04
-3.8480069568034886e-04
-3.4535302440267287e-04
-3.0812235820173751e-04
-2.6887934296503866e-04
-2.3697142486916079e-04
-2.0921085795333426e-04
-1.8493278545176541e-04
-1.6200210255030431e-04
-1.4463319702649638e-04
-1.3145554296633576e-04
-1.2103635577563406e-04
-1.1262336457185060e-04
-1.0736212308537030e-04
-1.0412909003976108e-04
-1.0233349967972990e-04
-1.0185674202673699e-04
-1.0230252246597783e-04
-1.0329155904378954e-04
-1.0474879212551982e-04
-1.0672380674646166e-04
-1.0845977040639287e-04
-1.1028393250438316e-04
-1.1213436372969767e-04
-1.1390608997946980e-04
-1.1538296776025766e-04
-1.1669252105518329e-04
-1.1793400557601120e-04
-1.1892291524659752e-04
-1.1972005402412206e-04
-1.2034100944406243e-04
-1.2088293607786340e-04
-1.2121279604466086e-04
-1.2137342008138345e-04
-1.2146921324883902e-04
-1.2147028167886953e-04
-1.2133205057363820e-04
-1.2112287339757705e-04
-1.2085126368734190e-04
-1.2049352334562117e-04
-1.2007349652739898e-04
-1.1962742881647473e-04
-1.1913761566502762e-04
-1.1861350989059155e-04
-1.1800909132242539e-04
-1.1742884410570930e-04
-1.1682189946866403e-04
-1.1615128007412026e-04
-1.1551974944430246e-04
-1.1487807791007099e-04
-1.1414258797784071e-04
-1.1347226086655951e-04
-1.1279785775341498e-04
-1.1205144857389658e-04
-1.1137009275482436e-04
-1.1069191826837542e-04
-1.0990176926786958e-04
-1.0922155309274426e-04
-1.0852016605941268e-04
-1.0775514449910902e-04
-1.0707792364808512e-04
-1.0635973900311233e-04
-1.0560122860490902e-04
-1.0492163822897560e-04
-1.0418042796103919e-04
-1.0346496827332504e-04
-1.0279734871090306e-04
-1.0202609459338827e-04
-1.0134370004100679e-04
-1.0066435101737262e-04
-9.9880570204034379e-05
-9.9246121435988535e-05
-9.8534204550072575e-05
-9.7805722650221824e-05
-9.7172142527444474e-05
-9.6400742965408988e-05
-9.5746823084999613e-05
-9.5087168228996576e-05
-9.4341767135270601e-05
-9.3719764197970748e-05
-9.2999383431545041e-05
-9.2317122196518397e-05
-9.1689116348530225e-05
-9.0950415571581516e-05
-9.0335842544726771e-05
-8.9637710388937951e-05
-8.8980071221092722e-05
-8.8328615309363532e-05
-8.7636145406733460e-05
-8.7026840361889983e-05
-8.6310523757226058e-05
-8.5708012746708786e-05
-8.5037387136511304e-05
-8.4373019514342236e-05
-8.3779816754550764e-05
-8.3054232395170864e-05
-8.2488678313637450e-05
-8.1790936678454907e-05
-8.1188649778013997e-05
-8.0543738986338449e-05
-7.9902160437522298e-05
-7.9285178055085132e-05
-7.8632000080958232e-05
-7.8048814209526890e-05
-7.7359637688947399e-05
-7.6805928345159163e-05
-7.6118649159463020e-05
-7.5541891440509043e-05
-7.4899076265831096e-05
-7.4288456912335649e-05
-7.3677961146297730e-05
-7.3058080740316401e-05
-7.2458350355962222e-05
-7.1831960863775085e-05
-7.1244995294793303e-05
-7.0597771129870260e-05
-7.0045542295818600e-05
-6.9375394932373973e-05
-6.8839061204359258e-05
-6.8174533403383042e-05
-6.7634382701283651e-05
-6.6973877609808065e-05
-6.6435299683255503e-05
-6.5767343282752846e-05
-6.5246379671698450e-05
-6.4571277167668146e-05
-6.4051720000157192e-05
-6.3389788283928786e-05
-6.2860020954126487e-05
-6.2206761449578067e-05
-6.1670176077734286e-05
-6.1018646658923218e-05
-6.0489201539738772e-05
-5.9837847462001707e-05
-5.9298616003066150e-05
-5.8673421258917308e-05
-5.8106857218384101e-05
-5.7510469965186420e-05
-5.6921619337278083e-05
-5.6335601900923547e-05
-5.5739507549419102e-05
-5.5164552936446381e-05
-5.4553433778117895e-05
-5.4003988660512667e-05
-5.3361357198101731e-05
-5.2829667788483634e-05
-5.2186677441400141e-05
-5.1638286414714546e-05
-5.1025747762176729e-05
-5.0437917403133195e-05
-4.9865880467694898e-05
-4.9238073129601697e-05
-4.8697486342203487e-05
-4.8043925988284803e-05
-4.7492511869138159e-05
-4.6877398507452289e-05
-4.6288499920319701e-05
-4.5705030682982200e-05
-4.5081569567857834e-05
-4.4527296393508135e-05
-4.3871508592324817e-05
-4.3306109018405572e-05
-4.2690861452675110e-05
-4.2081314712524750e-05
-4.1506885607331032e-05
-4.0848189411477591e-05
-4.0272668739458507e-05
-3.9654277027701292e-05
-3.9031310478754813e-05
-3.8451218078865094e-05
-3.7793371709228354e-05
0.0000000000000000e+00
];
