%Vec Object:dSdr_b_aug_1420 1 MPI processes
%  type: seq
dSdr_b_aug_1420 = [
2.4390393546876217e+03
0.0000000000000000e+00
-1.9593145539762722e-06
-8.0180640232302282e-07
-4.9075806479922583e-07
-3.4544021809184532e-07
-2.5923312821274899e-07
-2.0600049983100701e-07
-1.6992142333691157e-07
-1.4260420044378320e-07
-1.2232570618599716e-07
-1.0678702457921392e-07
-9.4115899854422117e-08
-8.3849713487344301e-08
-7.5434641688093245e-08
-6.8337452889005465e-08
-6.2271612365704211e-08
-5.7096732167162123e-08
-5.2622707337788100e-08
-4.8674080442632633e-08
-4.5214924387307324e-08
-4.2164290357388869e-08
-3.9421175246846053e-08
-3.6990168661128561e-08
-9.7952577545160680e-08
-6.6689160058943501e-05
-5.2108268059534633e-04
-5.0957545415481983e-04
-4.6760776679389670e-04
-4.2134219757586388e-04
-3.8056493524823239e-04
-3.4140388562673248e-04
-3.0446195193612445e-04
-2.6552327691085670e-04
-2.3386169777428177e-04
-2.0631415612864685e-04
-1.8222186353089980e-04
-1.5946694632183787e-04
-1.4223128898384327e-04
-1.2915527422235177e-04
-1.1881850047788984e-04
-1.1047389867469495e-04
-1.0525795891537591e-04
-1.0205610673760263e-04
-1.0028179642538494e-04
-9.9817929899010207e-05
-1.0027007861808746e-04
-1.0126189608912012e-04
-1.0271889511492852e-04
-1.0469225039943310e-04
-1.0642702006573396e-04
-1.0824931763999894e-04
-1.1009876913940757e-04
-1.1187079704949501e-04
-1.1334893818924724e-04
-1.1466129354519152e-04
-1.1590755620769257e-04
-1.1690195216855509e-04
-1.1770548533612476e-04
-1.1833453905900767e-04
-1.1888596094481257e-04
-1.1922548120545452e-04
-1.1939684960877853e-04
-1.1950554947554428e-04
-1.1951844018583493e-04
-1.1939276166266576e-04
-1.1919750517151216e-04
-1.1894025044498964e-04
-1.1859643360662608e-04
-1.1819112031029091e-04
-1.1776073174480357e-04
-1.1728540358409233e-04
-1.1677584664898468e-04
-1.1618867231892503e-04
-1.1562329002562750e-04
-1.1503112048015922e-04
-1.1437801519547638e-04
-1.1376127347321621e-04
-1.1313433506875759e-04
-1.1241678995636233e-04
-1.1176129453981558e-04
-1.1110188616190385e-04
-1.1037291457826207e-04
-1.0970630865087376e-04
-1.0904299055455157e-04
-1.0827044011543798e-04
-1.0760491450875290e-04
-1.0691857365809636e-04
-1.0617042235094451e-04
-1.0550764836813532e-04
-1.0480474668901197e-04
-1.0406270738539067e-04
-1.0339743964799128e-04
-1.0267193996198691e-04
-1.0197193604960945e-04
-1.0131839336278831e-04
-1.0056336044470707e-04
-9.9895803836288254e-05
-9.9230568591027692e-05
-9.8463313015805084e-05
-9.7842776645965356e-05
-9.7145497022697012e-05
-9.6432573796973180e-05
-9.5812717038889957e-05
-9.5057180920337381e-05
-9.4417465185945754e-05
-9.3771848711496786e-05
-9.3042020447899878e-05
-9.2433485043277476e-05
-9.1728401906929937e-05
-9.1060540523358276e-05
-9.0446070630950844e-05
-8.9723152210092046e-05
-8.9121615437967315e-05
-8.8438593022136289e-05
-8.7794942827481540e-05
-8.7157365753151716e-05
-8.6479906752768516e-05
-8.5883663595937875e-05
-8.5182642294101096e-05
-8.4593466641070343e-05
-8.3937037350628293e-05
-8.3287056720049031e-05
-8.2707149070208508e-05
-8.1996761848785669e-05
-8.1443961061990528e-05
-8.0761361405546110e-05
-8.0172010505253559e-05
-7.9541707623795392e-05
-7.8913914304063864e-05
-7.8310564471668694e-05
-7.7671951699377924e-05
-7.7101581611440398e-05
-7.6427721054549746e-05
-7.5886478582140129e-05
-7.5214387180480265e-05
-7.4650609345415216e-05
-7.4022199758091935e-05
-7.3425202507898467e-05
-7.2828560283258727e-05
-7.2222713611045568e-05
-7.1636416646055754e-05
-7.1024538906276825e-05
-7.0450747745764766e-05
-6.9818283945949857e-05
-6.9279065241714848e-05
-6.8623827612595558e-05
-6.8100379441894736e-05
-6.7450920825803059e-05
-6.6923327011160795e-05
-6.6278420357778755e-05
-6.5752288969072036e-05
-6.5100004620469057e-05
-6.4591436468655887e-05
-6.3932106165342858e-05
-6.3425034860142574e-05
-6.2778719654965869e-05
-6.2261585867923517e-05
-6.1623937378450891e-05
-6.1100284992290815e-05
-6.0464219810245956e-05
-5.9947993421534501e-05
-5.9311910368592212e-05
-5.8786134127079820e-05
-5.8176160700427053e-05
-5.7623311080605977e-05
-5.7041927406575538e-05
-5.6467287219784292e-05
-5.5895972323366942e-05
-5.5314633538320620e-05
-5.4754009152888298e-05
-5.4158228754220399e-05
-5.3622640519386380e-05
-5.2996128281854512e-05
-5.2478009165956203e-05
-5.1851173211585769e-05
-5.1316836282266650e-05
-5.0719974761305581e-05
-5.0147049645495302e-05
-4.9590082832586233e-05
-4.8978077462062668e-05
-4.8451836216736908e-05
-4.7815116809749213e-05
-4.7278013987450348e-05
-4.6679326115149199e-05
-4.6105664352303889e-05
-4.5537757131220595e-05
-4.4930732584417044e-05
-4.4391286984139017e-05
-4.3752946502201957e-05
-4.3202699250954601e-05
-4.2603893165346294e-05
-4.2010780751975291e-05
-4.1451817961138824e-05
-4.0810981445529350e-05
-4.0250996212817374e-05
-3.9649362360940318e-05
-3.9043310857632006e-05
-3.8478192542640773e-05
-3.7834732265016632e-05
0.0000000000000000e+00
];
