%Vec Object:dSdr_b_aug_3420 1 MPI processes
%  type: seq
dSdr_b_aug_3420 = [
2.3655266159446301e+03
0.0000000000000000e+00
-1.1596338878455897e-06
-4.7768517952616799e-07
-2.9535420606776885e-07
-2.0916581931003035e-07
-1.5700766546564461e-07
-1.2477359220434954e-07
-1.0292480615965134e-07
-8.6444301913881882e-08
-7.4206950667772282e-08
-6.4827086736366819e-08
-5.7183770462866339e-08
-5.0991027872347501e-08
-4.5914059944162664e-08
-4.1632121426190121e-08
-3.7972388676421740e-08
-3.4849801595948913e-08
-3.2149796956555744e-08
-2.9766591828914730e-08
-2.8737076732130674e-08
-2.0227292967224998e-05
-6.6723923750837682e-04
-6.5706691595086061e-04
-6.1365911011177908e-04
-5.7134182776278882e-04
-5.3078620886453211e-04
-4.8984121786281121e-04
-4.4785003457565952e-04
-4.0300246644272544e-04
-3.6354241619587145e-04
-3.2563259092866566e-04
-2.8985644710491777e-04
-2.5213419824522730e-04
-2.2145579496020307e-04
-1.9475818596803593e-04
-1.7140706076187057e-04
-1.4935334255900172e-04
-1.3264926140351543e-04
-1.1997872205958362e-04
-1.0997072440639950e-04
-1.0189895160537679e-04
-9.6863735872692368e-05
-9.3786274591866619e-05
-9.2096857302577338e-05
-9.1684417432010506e-05
-9.2161970892834798e-05
-9.3164881783127762e-05
-9.4620946558953816e-05
-9.6587681667210676e-05
-9.8317687613684376e-05
-1.0013254651473758e-04
-1.0197808913218990e-04
-1.0375132008152932e-04
-1.0523450083972930e-04
-1.0655803425335054e-04
-1.0782335826303426e-04
-1.0883964064339853e-04
-1.0966868297407087e-04
-1.1033004337588805e-04
-1.1091934486653518e-04
-1.1129740315649876e-04
-1.1151163434432821e-04
-1.1167182329797230e-04
-1.1173187698319367e-04
-1.1165627487233525e-04
-1.1151655270829606e-04
-1.1131656488742455e-04
-1.1102829363528837e-04
-1.1068167758531344e-04
-1.1031383847408077e-04
-1.0989629587537606e-04
-1.0944477921875982e-04
-1.0892639804601743e-04
-1.0842031700375752e-04
-1.0788709034100663e-04
-1.0730385483080510e-04
-1.0674611111104168e-04
-1.0617794819357118e-04
-1.0553199111089334e-04
-1.0493566439358405e-04
-1.0433607514075401e-04
-1.0367666809863601e-04
-1.0306890453297331e-04
-1.0246485365810596e-04
-1.0176250991072908e-04
-1.0115559000717974e-04
-1.0052927352872815e-04
-9.9848423442214381e-05
-9.9243282960450059e-05
-9.8601350265633189e-05
-9.7925019803171603e-05
-9.7316889973657420e-05
-9.6654065099364850e-05
-9.6015719390374075e-05
-9.5418334006132783e-05
-9.4728012846381733e-05
-9.4119649717590043e-05
-9.3510719011787708e-05
-9.2809388128094441e-05
-9.2244352933402521e-05
-9.1605466365408275e-05
-9.0954612114637118e-05
-9.0389502649184446e-05
-8.9697251339308841e-05
-8.9114200903468152e-05
-8.8524588437648659e-05
-8.7856885630454952e-05
-8.7302076924138865e-05
-8.6658021379297173e-05
-8.6047606040006141e-05
-8.5487135814143301e-05
-8.4827178730398977e-05
-8.4277648149876292e-05
-8.3654903777033852e-05
-8.3067060501726021e-05
-8.2484850979412891e-05
-8.1867275731487509e-05
-8.1323141038092779e-05
-8.0683138066801739e-05
-8.0147161846700325e-05
-7.9547366669138726e-05
-7.8954780810115271e-05
-7.8427912040973221e-05
-7.7778151552861203e-05
-7.7276228165313205e-05
-7.6654035199878387e-05
-7.6116290582616875e-05
-7.5544263815241226e-05
-7.4971464655189716e-05
-7.4422499897137004e-05
-7.3841992874831464e-05
-7.3322749506739794e-05
-7.2709989759826328e-05
-7.2218482086589363e-05
-7.1606980153896162e-05
-7.1094983714933520e-05
-7.0524043155952544e-05
-6.9981389352118546e-05
-6.9440013867708942e-05
-6.8890152793914320e-05
-6.8357446573923060e-05
-6.7803461431774749e-05
-6.7282227750584638e-05
-6.6708648371581209e-05
-6.6221331802150901e-05
-6.5625574503803413e-05
-6.5153531528783774e-05
-6.4564189373138211e-05
-6.4086689605147857e-05
-6.3504010816023553e-05
-6.3027533283280225e-05
-6.2437770506092616e-05
-6.1978652476387381e-05
-6.1382243314945845e-05
-6.0924982824739251e-05
-6.0340967709507574e-05
-5.9874233938713070e-05
-5.9298863670338305e-05
-5.8826805943505891e-05
-5.8252433501843028e-05
-5.7788941780140266e-05
-5.7213780761129661e-05
-5.6741682705253317e-05
-5.6192433109972840e-05
-5.5694295840541916e-05
-5.5172767483334297e-05
-5.4654818582401491e-05
-5.4142158203754070e-05
-5.3619685569770573e-05
-5.3116230609795743e-05
-5.2581643141744102e-05
-5.2101336237245682e-05
-5.1539130765331427e-05
-5.1075149993733493e-05
-5.0512761475674657e-05
-5.0034493383008889e-05
-4.9500175832009919e-05
-4.8986715667041723e-05
-4.8489871935785390e-05
-4.7940909704418564e-05
-4.7471901916944138e-05
-4.6902371721439043e-05
-4.6422367222148730e-05
-4.5889212976669707e-05
-4.5376344116298269e-05
-4.4870528751748198e-05
-4.4329087160817845e-05
-4.3848808497165298e-05
-4.3280090117580823e-05
-4.2790314875031697e-05
-4.2257131896219897e-05
-4.1729626361806571e-05
-4.1232428242523251e-05
-4.0662938220091710e-05
-4.0165089141117894e-05
-3.9630599045178966e-05
-3.9092647391546090e-05
-3.8589009905203420e-05
-3.8012227897692296e-05
0.0000000000000000e+00
];
