%Vec Object:dSdr_b_aug_1980 1 MPI processes
%  type: seq
dSdr_b_aug_1980 = [
2.4107255195212520e+03
0.0000000000000000e+00
-1.5927685384869512e-06
-6.5292613260334830e-07
-4.0087831197449969e-07
-2.8256832354999048e-07
-2.1184303840484912e-07
-1.6815776339344424e-07
-1.3854991863685136e-07
-1.1617593403018498e-07
-9.9566408826662021e-08
-8.6837880707708747e-08
-7.6464976061411181e-08
-6.8061878290747221e-08
-6.1173818845973803e-08
-5.5365603394804568e-08
-5.0402592477896492e-08
-4.6168569808247580e-08
-4.2508130695394106e-08
-3.9278388755352272e-08
-3.6449033852481432e-08
-3.3953852256463445e-08
-3.2269067412139168e-08
-3.3280947554407486e-06
-4.5848019003990183e-04
-5.8268715371531546e-04
-5.4506660958222994e-04
-5.0334825341353910e-04
-4.6044164838254879e-04
-4.1463458933846349e-04
-3.7433454547523430e-04
-3.3563099187641277e-04
-2.9911572053405644e-04
-2.6062229836802735e-04
-2.2932060154146988e-04
-2.0208417117557325e-04
-1.7826317747402981e-04
-1.5576492908676718e-04
-1.3872385140202795e-04
-1.2579625804442577e-04
-1.1557983048371261e-04
-1.0733509584692049e-04
-1.0218530892319915e-04
-9.9028989263835252e-05
-9.7285753569368352e-05
-9.6840711548633966e-05
-9.7302159641364917e-05
-9.8298037926358465e-05
-9.9754695121229302e-05
-1.0172562727879273e-04
-1.0345865334829884e-04
-1.0527822817147205e-04
-1.0712624896729554e-04
-1.0889871734823852e-04
-1.1037870330266921e-04
-1.1169515039845937e-04
-1.1294839041734810e-04
-1.1395079782588625e-04
-1.1476366851521251e-04
-1.1540454793725887e-04
-1.1596983544865707e-04
-1.1632346234209106e-04
-1.1651052042028209e-04
-1.1663806755610313e-04
-1.1666822198993006e-04
-1.1656087363032521e-04
-1.1638594510538252e-04
-1.1614965253994981e-04
-1.1582616778489129e-04
-1.1544234021419427e-04
-1.1503484744764842e-04
-1.1458067129603187e-04
-1.1409235960691054e-04
-1.1353036653776209e-04
-1.1298669105996116e-04
-1.1241609715148045e-04
-1.1178856721505591e-04
-1.1119342130561017e-04
-1.1058799726358048e-04
-1.0989665645405613e-04
-1.0926281933216162e-04
-1.0862530733262254e-04
-1.0792179937031807e-04
-1.0727673233174382e-04
-1.0663510863916696e-04
-1.0588825691739820e-04
-1.0524418356673320e-04
-1.0457981426403916e-04
-1.0385629814204515e-04
-1.0321462054257702e-04
-1.0253403617522742e-04
-1.0181604917302554e-04
-1.0117169640621554e-04
-1.0046913842329234e-04
-9.9791704078210346e-05
-9.9158717392378251e-05
-9.8427371772769509e-05
-9.7781482535730304e-05
-9.7136857185175894e-05
-9.6393732892860099e-05
-9.5793512351319203e-05
-9.5117607093917121e-05
-9.4427403764036442e-05
-9.3827586851514224e-05
-9.3095215675205304e-05
-9.2476241858063443e-05
-9.1851125239818758e-05
-9.1144037544517131e-05
-9.0555168401988388e-05
-8.9872423967389377e-05
-8.9225590285041130e-05
-8.8630886571315233e-05
-8.7931014684470527e-05
-8.7348514392463321e-05
-8.6687556308752623e-05
-8.6064333822474527e-05
-8.5447023628580290e-05
-8.4791484631108676e-05
-8.4214315387123580e-05
-8.3535629390917739e-05
-8.2965926991007666e-05
-8.2330228192844645e-05
-8.1701256487550419e-05
-8.1140763319383313e-05
-8.0452568057818037e-05
-7.9918390555919246e-05
-7.9257902312603504e-05
-7.8687441497602163e-05
-7.8078470144824947e-05
-7.7470807016271370e-05
-7.6887364422566909e-05
-7.6270020814532877e-05
-7.5718365265178898e-05
-7.5066870189963655e-05
-7.4543832750671434e-05
-7.3893919654770921e-05
-7.3349095991737283e-05
-7.2741722491740196e-05
-7.2164617229905284e-05
-7.1588204956878190e-05
-7.1002851366944034e-05
-7.0436170862915560e-05
-6.9845484244302866e-05
-6.9290931320287405e-05
-6.8680021685828981e-05
-6.8159801328625399e-05
-6.7526335986947388e-05
-6.7021704255938269e-05
-6.6394250771082991e-05
-6.5884993451679138e-05
-6.5262864786048232e-05
-6.4754908755361798e-05
-6.4125509894307373e-05
-6.3635042515529518e-05
-6.2998743948483162e-05
-6.2509905433765758e-05
-6.1886394620480265e-05
-6.1387709282799635e-05
-6.0772857165293612e-05
-6.0268090502746464e-05
-5.9654607363377252e-05
-5.9157683970675612e-05
-5.8543900826758807e-05
-5.8037772925587723e-05
-5.7450026831609146e-05
-5.6917204070767104e-05
-5.6357729784316483e-05
-5.5803840795073248e-05
-5.5253995702323666e-05
-5.4694204163392113e-05
-5.4154505923564236e-05
-5.3581124413900569e-05
-5.3065771136985675e-05
-5.2462797509170431e-05
-5.1964494885325901e-05
-5.1361248933214874e-05
-5.0847435024598256e-05
-5.0273466624913972e-05
-4.9722307494942204e-05
-4.9187347474115224e-05
-4.8598417636632022e-05
-4.8093125198076477e-05
-4.7480998641189233e-05
-4.6964794768690123e-05
-4.6390093250526009e-05
-4.5838682196404182e-05
-4.5293500720885519e-05
-4.4710479228833907e-05
-4.4192687399623001e-05
-4.3579826648702965e-05
-4.3051708361521341e-05
-4.2476914598210878e-05
-4.1907805316777955e-05
-4.1371434085761904e-05
-4.0756687558175962e-05
-4.0219404594504237e-05
-3.9642271454947358e-05
-3.9060983810506939e-05
-3.8517909818433250e-05
-3.7896405753497652e-05
0.0000000000000000e+00
];
