%Vec Object:dSdr_b_aug_2380 1 MPI processes
%  type: seq
dSdr_b_aug_2380 = [
2.3964034847299454e+03
0.0000000000000000e+00
-1.4367154277506291e-06
-5.8905414049740070e-07
-3.6195329431474417e-07
-2.5512087514516410e-07
-1.9103506258840896e-07
-1.5144649775300749e-07
-1.2461617217020574e-07
-1.0436530237447414e-07
-8.9332253019049824e-08
-7.7811341250420143e-08
-6.8427608112254527e-08
-6.0826879153221673e-08
-5.4596556365277618e-08
-4.9344062826235279e-08
-4.4857061831014713e-08
-4.1029190878184977e-08
-3.7720068471705189e-08
-3.4801221708574264e-08
-3.2244253218559506e-08
-3.0016494513870571e-08
-3.3742904836789374e-07
-2.8699111512338929e-04
-6.1842949365637694e-04
-5.8139189215592000e-04
-5.4039420707712479e-04
-4.9884543126691903e-04
-4.5623973936115899e-04
-4.1075258374775029e-04
-3.7073284792041647e-04
-3.3229418556292561e-04
-2.9602558571754152e-04
-2.5778953010131839e-04
-2.2669584739980778e-04
-1.9963923994685624e-04
-1.7597505724936026e-04
-1.5362516360297772e-04
-1.3669655305437929e-04
-1.2385474732418665e-04
-1.1370787989053740e-04
-1.0552086849259814e-04
-1.0040931789335433e-04
-9.7279315996343121e-05
-9.5554041385531111e-05
-9.5119879873060081e-05
-9.5586702942133039e-05
-9.6584928314762919e-05
-9.8041387867699105e-05
-1.0001091939494258e-04
-1.0174293760817585e-04
-1.0356093862638597e-04
-1.0540813242450602e-04
-1.0718085535081015e-04
-1.0866190756565580e-04
-1.0998071964852263e-04
-1.1123799254445115e-04
-1.1224503053795050e-04
-1.1306329828597463e-04
-1.1371101293646395e-04
-1.1428431475610622e-04
-1.1464609526199905e-04
-1.1484222195323800e-04
-1.1498066279396358e-04
-1.1502079564400846e-04
-1.1492404210473129e-04
-1.1476086313179520e-04
-1.1453668668410863e-04
-1.1422495386261811e-04
-1.1385354503199842e-04
-1.1345928602897378e-04
-1.1301733573066380e-04
-1.1254130378632503e-04
-1.1199386548065304e-04
-1.1146273653611087e-04
-1.1090461334025846e-04
-1.1029186595146443e-04
-1.0970920246535907e-04
-1.0911621377496763e-04
-1.0844001910241618e-04
-1.0781870052143233e-04
-1.0719384467342048e-04
-1.0650505472499286e-04
-1.0587243712994675e-04
-1.0524335277005866e-04
-1.0451135487724726e-04
-1.0387968090046977e-04
-1.0322801112392953e-04
-1.0251873411262590e-04
-1.0188925019618315e-04
-1.0122156521013573e-04
-1.0051748041494951e-04
-9.9885216477782840e-05
-9.9195918787275660e-05
-9.8531529652139553e-05
-9.7910424334409356e-05
-9.7192769974237500e-05
-9.6559404478113080e-05
-9.5926691646871262e-05
-9.5197515237684864e-05
-9.4609037245211122e-05
-9.3945486378545630e-05
-9.3268415162701027e-05
-9.2680181294283256e-05
-9.1961199469404735e-05
-9.1354214494396359e-05
-9.0740946807231035e-05
-9.0047003175594187e-05
-8.9469501146754066e-05
-8.8799668497227451e-05
-8.8164988841396601e-05
-8.7581709993855226e-05
-8.6895159020122727e-05
-8.6323661828783150e-05
-8.5675456945611837e-05
-8.5064041690993970e-05
-8.4458445770434207e-05
-8.3815576552064672e-05
-8.3249432046284113e-05
-8.2583655874984117e-05
-8.2025209032713571e-05
-8.1401492477446954e-05
-8.0784663949722612e-05
-8.0235392370387639e-05
-7.9560024081795305e-05
-7.9036610857518411e-05
-7.8388903031926832e-05
-7.7829360706330801e-05
-7.7232718998613030e-05
-7.6636691142179189e-05
-7.6064754954506051e-05
-7.5459704946610875e-05
-7.4918866423275820e-05
-7.4280298621481791e-05
-7.3767783715116879e-05
-7.3130689706290384e-05
-7.2596821580290285e-05
-7.2001606966115393e-05
-7.1435999301334088e-05
-7.0871279969099329e-05
-7.0297771410617060e-05
-6.9742429251555684e-05
-6.9163991133223740e-05
-6.8620557942494998e-05
-6.8022106650559837e-05
-6.7512867372800429e-05
-6.6891986451238477e-05
-6.6398230660007855e-05
-6.5783496182209201e-05
-6.5284837397946334e-05
-6.4675874454290662e-05
-6.4178423825215654e-05
-6.3562252825402716e-05
-6.3082247742437896e-05
-6.2459261573520391e-05
-6.1980961665985220e-05
-6.1370631851435638e-05
-6.0882609778210223e-05
-6.0280934030685775e-05
-5.9787083384674249e-05
-5.9186652741084002e-05
-5.8700886557270810e-05
-5.8099992845724465e-05
-5.7605221773417916e-05
-5.7030323174284142e-05
-5.6509076039785658e-05
-5.5962265490025171e-05
-5.5420370811715895e-05
-5.4882935394028057e-05
-5.4335598302948411e-05
-5.3807995526457733e-05
-5.3247560740952573e-05
-5.2743903449481249e-05
-5.2154535339489544e-05
-5.1667686865607358e-05
-5.1078076181023764e-05
-5.0576124847981242e-05
-5.0015388977458914e-05
-4.9476810929133196e-05
-4.8954571220397967e-05
-4.8378979484522810e-05
-4.7885795959357500e-05
-4.7287884660536914e-05
-4.6783761061533858e-05
-4.6222924464446447e-05
-4.5684375280136961e-05
-4.5152330443626838e-05
-4.4583184140296974e-05
-4.4077909950395895e-05
-4.3479778735466792e-05
-4.2964453891939005e-05
-4.2403543136601592e-05
-4.1848313025812075e-05
-4.1325007416410417e-05
-4.0725352658609306e-05
-4.0201210775336397e-05
-3.9638273905916688e-05
-3.9071374055081511e-05
-3.8541250678870459e-05
-3.7933550324683865e-05
0.0000000000000000e+00
];
