%Vec Object:dSdr_b_aug_3160 1 MPI processes
%  type: seq
dSdr_b_aug_3160 = [
2.3710298652624815e+03
0.0000000000000000e+00
-1.2031543736316782e-06
-4.9481981711920052e-07
-3.0536833304999054e-07
-2.1589425052514698e-07
-1.6184540570502781e-07
-1.2844681454924062e-07
-1.0581027039531329e-07
-8.8739479517606192e-08
-7.6065233224431542e-08
-6.6351001872338467e-08
-5.8438157007235062e-08
-5.2028085822117703e-08
-4.6773323962251251e-08
-4.2342504088939675e-08
-3.8556624794930222e-08
-3.5326662903588372e-08
-3.2534152998239394e-08
-3.0070218813533377e-08
-2.8005637801453459e-08
-2.0892951075905545e-06
-5.4740779095716790e-04
-6.5810857664809919e-04
-6.1609146211422604e-04
-5.7366100926175168e-04
-5.3296753150931569e-04
-4.9188412263130186e-04
-4.4975344680268844e-04
-4.0476076749166250e-04
-3.6517373858709512e-04
-3.2714393379122209e-04
-2.9125606440289745e-04
-2.5341724604126324e-04
-2.2264462656825028e-04
-1.9586557008382995e-04
-1.7244342020448610e-04
-1.5032250742289232e-04
-1.3356748633608500e-04
-1.2085809106984241e-04
-1.1081858745304046e-04
-1.0272066999812572e-04
-9.7668135874671392e-05
-9.4578754511016858e-05
-9.2881202152251204e-05
-9.2463834236941760e-05
-9.2938953285554780e-05
-9.3940801189238215e-05
-9.5396955565809320e-05
-9.7364325144738226e-05
-9.9094787654725226e-05
-1.0091035945150416e-04
-1.0275627670781828e-04
-1.0452939242642327e-04
-1.0601209029735060e-04
-1.0733455258545322e-04
-1.0859805002640136e-04
-1.0961223511352056e-04
-1.1043883298764159e-04
-1.1109709753759245e-04
-1.1168276913188491e-04
-1.1205713442772438e-04
-1.1226725818652050e-04
-1.1242251306803156e-04
-1.1247804724250882e-04
-1.1239764643033331e-04
-1.1225260247783110e-04
-1.1204712683472242e-04
-1.1175353274584985e-04
-1.1140129188256011e-04
-1.1102745880727983e-04
-1.1060437875775999e-04
-1.1014730024016960e-04
-1.0962232677806697e-04
-1.0911056303635608e-04
-1.0857168801491165e-04
-1.0798175704247634e-04
-1.0741835968039474e-04
-1.0684456444302834e-04
-1.0619174723878623e-04
-1.0558975051945718e-04
-1.0498442893490224e-04
-1.0431835567622939e-04
-1.0370495337892334e-04
-1.0309522305852415e-04
-1.0238615155687315e-04
-1.0177361559875623e-04
-1.0114154711691354e-04
-1.0045424770033459e-04
-9.9843584326844451e-05
-9.9195809107001547e-05
-9.8513181907863457e-05
-9.7899576677137147e-05
-9.7230745808942750e-05
-9.6586491523464711e-05
-9.5983724703095161e-05
-9.5287202350136766e-05
-9.4673166833967166e-05
-9.4058840581992886e-05
-9.3351192271511207e-05
-9.2780838515207968e-05
-9.2136356255049305e-05
-9.1479554048787734e-05
-9.0909198250204115e-05
-9.0210882473416585e-05
-8.9622401905320578e-05
-8.9027422677103401e-05
-8.8353766500810983e-05
-8.7793809261907396e-05
-8.7143905553742048e-05
-8.6527985263663211e-05
-8.5962340346451042e-05
-8.5296349791559668e-05
-8.4741835549908661e-05
-8.4113314840245345e-05
-8.3520123686880020e-05
-8.2932608389908505e-05
-8.2309294588285190e-05
-8.1760166431708845e-05
-8.1114316181544281e-05
-8.0573241952074576e-05
-7.9968019625929887e-05
-7.9369933725524584e-05
-7.8837982331221050e-05
-7.8182412088056717e-05
-7.7675613205036896e-05
-7.7047631569882082e-05
-7.6504941608458818e-05
-7.5927330339491689e-05
-7.5349261180462077e-05
-7.4795084790391604e-05
-7.4209009590246844e-05
-7.3684866830630788e-05
-7.3066251893583271e-05
-7.2569978212512826e-05
-7.1952670088915648e-05
-7.1435711519055042e-05
-7.0859263793338078e-05
-7.0311402340303135e-05
-6.9764730728278591e-05
-6.9209504639007577e-05
-6.8671662896561272e-05
-6.8112129992585423e-05
-6.7585859802380603e-05
-6.7006637614258445e-05
-6.6514347333587422e-05
-6.5912890118042399e-05
-6.5435921049392096e-05
-6.4840818014024785e-05
-6.4358517793478432e-05
-6.3769875789037895e-05
-6.3288639982156321e-05
-6.2692885839505050e-05
-6.2229029054326250e-05
-6.1626590231835869e-05
-6.1164556415911731e-05
-6.0574571147556685e-05
-6.0103007582108935e-05
-5.9521669248891028e-05
-5.9044667238999098e-05
-5.8464382828975248e-05
-5.7995837569990492e-05
-5.7414838427059215e-05
-5.6937596406547521e-05
-5.6382527668080505e-05
-5.5879147317205077e-05
-5.5351883029359261e-05
-5.4828501391369128e-05
-5.4310220132646886e-05
-5.3782106326169401e-05
-5.3273172774746505e-05
-5.2732721134818224e-05
-5.2247116539910673e-05
-5.1678748465781549e-05
-5.1209579492619374e-05
-5.0641014843467620e-05
-5.0157373497687220e-05
-4.9617062156851758e-05
-4.9097903217935063e-05
-4.8595297597259544e-05
-4.8040293591486687e-05
-4.7565800694265254e-05
-4.6989831255651267e-05
-4.6504354403782899e-05
-4.5964919330426465e-05
-4.5446223770878703e-05
-4.4934457016866476e-05
-4.4386729205260362e-05
-4.3900778789136238e-05
-4.3325386230194680e-05
-4.2829812936181167e-05
-4.2290337224680672e-05
-4.1756538918036273e-05
-4.1253413685610832e-05
-4.0677073965869098e-05
-4.0173249780927370e-05
-3.9632287767719379e-05
-3.9087730005690934e-05
-3.8577975219741536e-05
-3.7993601975335655e-05
0.0000000000000000e+00
];
