%Vec Object:dSdr_b_aug_9700 1 MPI processes
%  type: seq
dSdr_b_aug_9700 = [
2.2748391336071581e+03
0.0000000000000000e+00
-6.3705577164849560e-07
-2.6404841319959892e-07
-1.6484096038818813e-07
-1.1741499632934401e-07
-8.8135935956433491e-08
-7.0025927507105809e-08
-5.7749955461321175e-08
-4.8527443897145038e-08
-4.1677426329035620e-08
-3.6425142112524339e-08
-3.2149172992866015e-08
-2.8684755775612485e-08
-2.5844010664577345e-08
-2.3448213542136431e-08
-2.1425423846457826e-08
-9.7578792679792892e-06
-8.0553274579549900e-04
-7.7749502084163160e-04
-7.3567821095962978e-04
-6.9716508333901291e-04
-6.5943529118954057e-04
-6.2183838690124866e-04
-5.8009820351403204e-04
-5.3978485425299600e-04
-5.0111822891058682e-04
-4.6205636688105892e-04
-4.2196240209740215e-04
-3.7908844086315715e-04
-3.4135538165310983e-04
-3.0507735457600317e-04
-2.7082074970726644e-04
-2.3468392031458519e-04
-2.0528691744066231e-04
-1.7969704660271768e-04
-1.5731190249757256e-04
-1.3617207357389822e-04
-1.2016080816087961e-04
-1.0801873436139702e-04
-9.8439238137484189e-05
-9.0723049548956577e-05
-8.5923375295578953e-05
-8.3008035102822154e-05
-8.1429260327913356e-05
-8.1083845409954630e-05
-8.1594508831305099e-05
-8.2611877405564381e-05
-8.4066723929781848e-05
-8.6024830193044913e-05
-8.7748626911831530e-05
-8.9553790284204181e-05
-9.1394237861626865e-05
-9.3169036288521587e-05
-9.4658784865897223e-05
-9.5996886497843226e-05
-9.7287053220214049e-05
-9.8331860323843420e-05
-9.9194149007066613e-05
-9.9897615140893405e-05
-1.0053628569977590e-04
-1.0096457121780924e-04
-1.0123466620311001e-04
-1.0146196182080996e-04
-1.0158348386279752e-04
-1.0157314727135598e-04
-1.0150580389549585e-04
-1.0138045297173687e-04
-1.0116457520036936e-04
-1.0089446027708726e-04
-1.0060814297569182e-04
-1.0026591331241592e-04
-9.9890041581691155e-05
-9.9461319817260228e-05
-9.9032527177359990e-05
-9.8576121858221457e-05
-9.8083948966829409e-05
-9.7603098448056436e-05
-9.7111538730796477e-05
-9.6558883734014224e-05
-9.6039672715148513e-05
-9.5518046882932760e-05
-9.4949304690562265e-05
-9.4418231521163843e-05
-9.3891424778023939e-05
-9.3280582828474530e-05
-9.2750044896344053e-05
-9.2201959378711084e-05
-9.1608824339690714e-05
-9.1078798752066507e-05
-9.0516328167352219e-05
-8.9925637382198267e-05
-8.9391976542710030e-05
-8.8810837056880595e-05
-8.8252851796536010e-05
-8.7728657414679780e-05
-8.7122676475731480e-05
-8.6591461471353831e-05
-8.6055913671289236e-05
-8.5440503857511901e-05
-8.4947804528676804e-05
-8.4385022944749507e-05
-8.3815064651262869e-05
-8.3321308629864054e-05
-8.2711537904927470e-05
-8.2202340697270441e-05
-8.1685719587574953e-05
-8.1098986360713404e-05
-8.0614200943866497e-05
-8.0049684110761318e-05
-7.9514139573721150e-05
-7.9024048409454662e-05
-7.8446150338889775e-05
-7.7964400683904961e-05
-7.7420218130744913e-05
-7.6905109360851643e-05
-7.6395061709304079e-05
-7.5855534401500467e-05
-7.5379313940306542e-05
-7.4818837637203293e-05
-7.4352197540518064e-05
-7.3826214987196415e-05
-7.3308433139263968e-05
-7.2850691252475733e-05
-7.2279947073561600e-05
-7.1844333468140889e-05
-7.1300870033505118e-05
-7.0830385179129380e-05
-7.0334311121128773e-05
-6.9833187230534537e-05
-6.9355103911803535e-05
-6.8850327575767503e-05
-6.8397718970451604e-05
-6.7864593452424314e-05
-6.7437906431766300e-05
-6.6905372299039007e-05
-6.6460863903193540e-05
-6.5964824216907894e-05
-6.5492997651352673e-05
-6.5023652763258828e-05
-6.4546759199568150e-05
-6.4083899232139722e-05
-6.3605367055131527e-05
-6.3152632968401035e-05
-6.2655799243967330e-05
-6.2236128165669692e-05
-6.1717893212352354e-05
-6.1312848082807877e-05
-6.0801857383685712e-05
-6.0389646642937094e-05
-5.9888071183924477e-05
-5.9476309003628679e-05
-5.8968032392100268e-05
-5.8573364224233391e-05
-5.8058962044601215e-05
-5.7666621564083616e-05
-5.7163804052708564e-05
-5.6762758269680881e-05
-5.6268557165478296e-05
-5.5863744500106831e-05
-5.5369778228290049e-05
-5.4975017446350708e-05
-5.4479258209525801e-05
-5.4077120902346671e-05
-5.3607014874007594e-05
-5.3180186328466344e-05
-5.2736669713977273e-05
-5.2292608880625037e-05
-5.1856395381175695e-05
-5.1410645553913322e-05
-5.0981702127398403e-05
-5.0526870251269793e-05
-5.0118614346120935e-05
-4.9640223113519765e-05
-4.9246804006977107e-05
-4.8768413474624044e-05
-4.8363223571549414e-05
-4.7910423710912243e-05
-4.7474468617815322e-05
-4.7055988115546982e-05
-4.6589195403717753e-05
-4.6194785790554985e-05
-4.5712830104294851e-05
-4.5307249252002059e-05
-4.4859513711520675e-05
-4.4425886230834800e-05
-4.4001006971356287e-05
-4.3545053877452213e-05
-4.3141904581619529e-05
-4.2663946387207785e-05
-4.2253011613754355e-05
-4.1805391368845904e-05
-4.1363440492255000e-05
-4.0946810116077490e-05
-4.0470411847118086e-05
-4.0053715890349115e-05
-3.9607043529556013e-05
-3.9158502090442878e-05
-3.8736829641039878e-05
-3.8256698173904101e-05
0.0000000000000000e+00
];
