%Vec Object:dSdr_b_aug_3030 1 MPI processes
%  type: seq
dSdr_b_aug_3030 = [
2.3758525826449404e+03
0.0000000000000000e+00
-1.2421331952165530e-06
-5.0990037448428004e-07
-3.1399902776399836e-07
-2.2155491149621519e-07
-1.6580857766467514e-07
-1.3136502499119030e-07
-1.0802190369292677e-07
-9.0425084851250818e-08
-7.7361793891379097e-08
-6.7349723750088893e-08
-5.9198149366573595e-08
-5.2595882760706670e-08
-4.7183853948878095e-08
-4.2621683331108585e-08
-3.8724884312293848e-08
-3.5400462955460299e-08
-3.2526579614244046e-08
-2.9991973710813257e-08
-2.7782907745994303e-08
-2.7554282777520749e-07
-3.3494017594027167e-04
-6.5726380731924894e-04
-6.1724877364623002e-04
-5.7479224863433043e-04
-5.3403234117370445e-04
-4.9288139555860315e-04
-4.5068262617225960e-04
-4.0561910875027075e-04
-3.6597009328228442e-04
-3.2788171864307102e-04
-2.9193930870781095e-04
-2.5404358515295774e-04
-2.2322497260045485e-04
-1.9640615627082117e-04
-1.7294933460477470e-04
-1.5079561975368420e-04
-1.3401573155539924e-04
-1.2128736817440778e-04
-1.1123248443977675e-04
-1.0312180407389047e-04
-9.8060815718919569e-05
-9.4965615393049598e-05
-9.3264091785848677e-05
-9.2844318181797445e-05
-9.3318248847228715e-05
-9.4319577850019153e-05
-9.5775775978546661e-05
-9.7743455296367274e-05
-9.9474140695754272e-05
-1.0129006051385181e-04
-1.0313616066536314e-04
-1.0490922014156536e-04
-1.0639168229190051e-04
-1.0771362170129148e-04
-1.0897622748165264e-04
-1.0998938874975753e-04
-1.1081479333084840e-04
-1.1147154659919671e-04
-1.1205544620936073e-04
-1.1242800871843154e-04
-1.1263612737754973e-04
-1.1278897362036906e-04
-1.1284230153076790e-04
-1.1275955816297014e-04
-1.1261191633641167e-04
-1.1240376176918866e-04
-1.1210756924556761e-04
-1.1175258249030173e-04
-1.1137582337281886e-04
-1.1095004013469265e-04
-1.1049024651218129e-04
-1.0996205492575645e-04
-1.0944751708981705e-04
-1.0890588473797696e-04
-1.0831268527550800e-04
-1.0774652800355138e-04
-1.0716998326524745e-04
-1.0651381718969391e-04
-1.0590905257407550e-04
-1.0530093266602195e-04
-1.0463160519360544e-04
-1.0401545026504426e-04
-1.0340294743811999e-04
-1.0269059168177353e-04
-1.0207531416244697e-04
-1.0144043775377509e-04
-1.0074998999961981e-04
-1.0013663054352979e-04
-9.9486003207134647e-05
-9.8800302161132137e-05
-9.8184024030899592e-05
-9.7512261246205886e-05
-9.6865122600104156e-05
-9.6259728750612794e-05
-9.5560179191581400e-05
-9.4943374613915045e-05
-9.4326414444823042e-05
-9.3615682186784266e-05
-9.3042732094483581e-05
-9.2395518211606221e-05
-9.1735812418675290e-05
-9.1162895541179535e-05
-9.0461619300738472e-05
-8.9870487929232112e-05
-8.9272888832510748e-05
-8.8596326426635698e-05
-8.8033855851380789e-05
-8.7381097271476026e-05
-8.6762489653920662e-05
-8.6194318630439926e-05
-8.5525382742728480e-05
-8.4968435649051017e-05
-8.4337095130522684e-05
-8.3741293326943555e-05
-8.3151187933043602e-05
-8.2525072766937671e-05
-8.1973506973021218e-05
-8.1324802282279710e-05
-8.0781239379592481e-05
-8.0173367705774161e-05
-7.9572596873821299e-05
-7.9038164316135349e-05
-7.8379757949861053e-05
-7.7870579016786149e-05
-7.7239771551449002e-05
-7.6694667442082947e-05
-7.6114330010712384e-05
-7.5533688218388918e-05
-7.4976967687620066e-05
-7.4388174293188694e-05
-7.3861639817706415e-05
-7.3240166576876746e-05
-7.2741566292925124e-05
-7.2121423785021367e-05
-7.1602042871494803e-05
-7.1022906734389163e-05
-7.0472503083849141e-05
-6.9923246082154438e-05
-6.9365400974214251e-05
-6.8825052243611258e-05
-6.8262811110216337e-05
-6.7734082266346701e-05
-6.7152105449570174e-05
-6.6657387170479198e-05
-6.6053147447517167e-05
-6.5573773625189264e-05
-6.4975858322044590e-05
-6.4491214680861646e-05
-6.3899661634784049e-05
-6.3416102996566155e-05
-6.2817424069539336e-05
-6.2351253980615442e-05
-6.1745871678290745e-05
-6.1281507681571910e-05
-6.0688607982065021e-05
-6.0214686668570539e-05
-5.9630434922328949e-05
-5.9151019273778432e-05
-5.8567848833665334e-05
-5.8096836600276841e-05
-5.7512987473685572e-05
-5.7033234333268523e-05
-5.6475324874858979e-05
-5.5969385016254236e-05
-5.5439320627298761e-05
-5.4913286895244080e-05
-5.4392261695874305e-05
-5.3861394040640643e-05
-5.3349786004769308e-05
-5.2806471650730077e-05
-5.2318280875720966e-05
-5.1746904397821467e-05
-5.1275202686308661e-05
-5.0703623020993430e-05
-5.0217358591670677e-05
-4.9674121236611624e-05
-4.9152180293125108e-05
-4.8646761849113060e-05
-4.8088808379502983e-05
-4.7611637751801573e-05
-4.7032524792315818e-05
-4.6544376405224013e-05
-4.6001875104175304e-05
-4.5480334978968858e-05
-4.4965662753833917e-05
-4.4414865970075689e-05
-4.3926146482170624e-05
-4.3347495412548912e-05
-4.2849091183833734e-05
-4.2306542872622769e-05
-4.1769671678243277e-05
-4.1263651633051007e-05
-4.0683965988770456e-05
-4.0177221470495363e-05
-3.9633093736190574e-05
-3.9085297550283155e-05
-3.8572518352164288e-05
-3.7984235982324746e-05
0.0000000000000000e+00
];
