%Vec Object:dSdr_b_aug_3250 1 MPI processes
%  type: seq
dSdr_b_aug_3250 = [
2.3688229334445423e+03
0.0000000000000000e+00
-1.1858142840667332e-06
-4.8813578373282816e-07
-3.0155984880738952e-07
-2.1340994813370876e-07
-1.6011707327012352e-07
-1.2718361571946334e-07
-1.0486138883346873e-07
-8.8024135021488215e-08
-7.5522464349126634e-08
-6.5940249742852868e-08
-5.8133003385620590e-08
-5.1807829751282528e-08
-4.6622454126764388e-08
-4.2249476793897931e-08
-3.8512335669944595e-08
-3.5323811028354986e-08
-3.2566928338177659e-08
-3.0133846082975163e-08
-2.8249897323540359e-08
-5.2854444678915927e-06
-6.1412213698322689e-04
-6.5802002002565176e-04
-6.1527003160918707e-04
-5.7287228673593327e-04
-5.3222553056720193e-04
-4.9118919970281944e-04
-4.4910597389855261e-04
-4.0416265622124668e-04
-3.6461882093613329e-04
-3.2662982890842393e-04
-2.9077996458364361e-04
-2.5298079902398292e-04
-2.2224022854940332e-04
-1.9548887760754616e-04
-1.7209088779858095e-04
-1.4999283222691604e-04
-1.3325513909531947e-04
-1.2055896123241436e-04
-1.1053017482327363e-04
-1.0244115084816145e-04
-9.7394507821267211e-05
-9.4309181240220065e-05
-9.2614396136180978e-05
-9.2198704559002273e-05
-9.2674651700070320e-05
-9.3676861186088711e-05
-9.5132985075853282e-05
-9.7100138822762546e-05
-9.8830446019107160e-05
-1.0064577530753144e-04
-1.0249156511885422e-04
-1.0426472002907743e-04
-1.0574758215582518e-04
-1.0707040879784862e-04
-1.0833452756796273e-04
-1.0934942607545358e-04
-1.1017685546299280e-04
-1.1083617310791019e-04
-1.1142307946043913e-04
-1.1179870097842821e-04
-1.1201022193554914e-04
-1.1216715521010989e-04
-1.1222422675870014e-04
-1.1214545829142618e-04
-1.1200222459533260e-04
-1.1179861570788775e-04
-1.1150683228454750e-04
-1.1115650478060831e-04
-1.1078471063673274e-04
-1.1036351422917811e-04
-1.0990832765712424e-04
-1.0938559665564504e-04
-1.0887576596446668e-04
-1.0833881231214770e-04
-1.0775115889632033e-04
-1.0718968470089594e-04
-1.0661780537694498e-04
-1.0596732174071404e-04
-1.0536725375293462e-04
-1.0476388210242976e-04
-1.0410007645225481e-04
-1.0348859224971528e-04
-1.0288079387344725e-04
-1.0217401091336380e-04
-1.0156338533611910e-04
-1.0093327348012502e-04
-1.0024816789517330e-04
-9.9639383211980973e-05
-9.8993595410332535e-05
-9.8313110136068511e-05
-9.7701367441104350e-05
-9.7034579597446297e-05
-9.6392335198620388e-05
-9.5791398950559496e-05
-9.5096986022088589e-05
-9.4484880049448204e-05
-9.3872389169562107e-05
-9.3166889822236384e-05
-9.2598345250534118e-05
-9.1955766445756372e-05
-9.1300987523038423e-05
-9.0732416341123522e-05
-9.0036163481009888e-05
-8.9449530051478190e-05
-8.8856376405715954e-05
-8.8184745354635442e-05
-8.7626539464268454e-05
-8.6978625094066088e-05
-8.6364577393302361e-05
-8.5800692722897150e-05
-8.5136754541238172e-05
-8.4583935564798687e-05
-8.3957379760436432e-05
-8.3366007765993687e-05
-8.2780297305882892e-05
-8.2158935557277707e-05
-8.1611506000283749e-05
-8.0967644787669396e-05
-8.0428304720765950e-05
-7.9824928518822092e-05
-7.9228713538101280e-05
-7.8698491073416846e-05
-7.8044897103661607e-05
-7.7539756692218491e-05
-7.6913744158062036e-05
-7.6372736428359286e-05
-7.5797024809796354e-05
-7.5220748318628690e-05
-7.4668344742081911e-05
-7.4084163639799442e-05
-7.3561687480749516e-05
-7.2945064273060317e-05
-7.2450411820318704e-05
-7.1835078758486311e-05
-7.1319808131207487e-05
-7.0745233750018867e-05
-7.0199143756408575e-05
-6.9654273701098997e-05
-6.9100872601827546e-05
-6.8564777784165432e-05
-6.8007132034278233e-05
-6.7482575088215739e-05
-6.6905272386202566e-05
-6.6414673988424240e-05
-6.5815155685403228e-05
-6.5339862302210734e-05
-6.4746718917032533e-05
-6.4266051643633798e-05
-6.3679438117198090e-05
-6.3199820910329137e-05
-6.2606104821816080e-05
-6.2143859997593583e-05
-6.1543472256651797e-05
-6.1083062161835925e-05
-6.0495107733251772e-05
-6.0025187098384544e-05
-5.9445878895249850e-05
-5.8970558761696166e-05
-5.8392285400719096e-05
-5.7925459183500175e-05
-5.7346445971476582e-05
-5.6870953754106029e-05
-5.6317864491339716e-05
-5.5816267661181897e-05
-5.5290954544724439e-05
-5.4769420943446973e-05
-5.4253051722093666e-05
-5.3726856856995229e-05
-5.3219786944056136e-05
-5.2681330104957047e-05
-5.2197527615725891e-05
-5.1631255861791458e-05
-5.1163851754467282e-05
-5.0597388032698147e-05
-5.0115574506644030e-05
-4.9577302073975618e-05
-4.9060081693580999e-05
-4.8559436106175634e-05
-4.8006487347083771e-05
-4.7533860345994012e-05
-4.6960081375524481e-05
-4.6476466100625341e-05
-4.5939167633187254e-05
-4.5422454218711729e-05
-4.4912712047593976e-05
-4.4367122746854873e-05
-4.3883101860227650e-05
-4.3309979876693283e-05
-4.2816379205704487e-05
-4.2279044502701782e-05
-4.1747387387201844e-05
-4.1246279230597464e-05
-4.0672270881473766e-05
-4.0170481414372481e-05
-3.9631724916971334e-05
-3.9089422843992105e-05
-3.8581772948765745e-05
-3.8000109843320910e-05
0.0000000000000000e+00
];
