%Vec Object:dSdr_b_aug_6430 1 MPI processes
%  type: seq
dSdr_b_aug_6430 = [
2.3119908630387140e+03
0.0000000000000000e+00
-8.0560611951748920e-07
-3.3186032300760674e-07
-2.0560719919187790e-07
-1.4552224423014625e-07
-1.0875933399764424e-07
-8.6032661107452947e-08
-7.0630943843928423e-08
-5.9060091605899131e-08
-5.0469266601105758e-08
-4.3883606222187738e-08
-3.8527404386976625e-08
-3.4189878038858203e-08
-3.0633978700114124e-08
-2.7637199929856757e-08
-2.5078266483797979e-08
-2.2895190576642033e-08
-4.2405490332627243e-08
-3.0488641343158729e-04
-7.5092087890607419e-04
-7.1324352519512091e-04
-6.7471810096758730e-04
-6.3632897777623327e-04
-5.9371740415903199e-04
-5.5258662190644842e-04
-5.1315355566405136e-04
-4.7332776461475693e-04
-4.3246416041440672e-04
-3.8878957176487189e-04
-3.5035592910724692e-04
-3.1341593517580430e-04
-2.7854290332356136e-04
-2.4176292135539716e-04
-2.1184609629817887e-04
-1.8580685224525088e-04
-1.6302984112568413e-04
-1.4151927712142363e-04
-1.2522695893615250e-04
-1.1287050388162026e-04
-1.0311717859436634e-04
-9.5256741088665638e-05
-9.0361515365071498e-05
-8.7380407981834345e-05
-8.5756749211933429e-05
-8.5384144681438279e-05
-8.5881376708399012e-05
-8.6892880497385256e-05
-8.8348221441317365e-05
-9.0309828351820898e-05
-9.2036144140684669e-05
-9.3845240849372828e-05
-9.5687755485246242e-05
-9.7461918193864359e-05
-9.8949002566703175e-05
-1.0028119448463384e-04
-1.0156128346064170e-04
-1.0259451913786296e-04
-1.0344332097765451e-04
-1.0412970630154719e-04
-1.0474834954842488e-04
-1.0515625962144664e-04
-1.0540369258457562e-04
-1.0560376531513746e-04
-1.0570035174136289e-04
-1.0566353914578156e-04
-1.0556683411417313e-04
-1.0541120548985649e-04
-1.0516596009550198e-04
-1.0486481121167585e-04
-1.0454542322206648e-04
-1.0417264160525680e-04
-1.0376608324246852e-04
-1.0330098963044740e-04
-1.0284084365177706e-04
-1.0235327446355875e-04
-1.0182416048547310e-04
-1.0131211694575321e-04
-1.0078948185072257e-04
-1.0019897728648235e-04
-9.9648482984611810e-05
-9.9095229975625592e-05
-9.8489708054258195e-05
-9.7927524131139179e-05
-9.7369382001474556e-05
-9.6721420798730480e-05
-9.6159897229207935e-05
-9.5580075999862466e-05
-9.4951357866029527e-05
-9.4390860651276588e-05
-9.3796154916525457e-05
-9.3170722945137569e-05
-9.2606852499692083e-05
-9.1992575951800571e-05
-9.1401991113718685e-05
-9.0848105561878745e-05
-9.0207910581815135e-05
-8.9645399133200638e-05
-8.9080082313471612e-05
-8.8429817159200064e-05
-8.7907773560095534e-05
-8.7314118689070397e-05
-8.6711343558663564e-05
-8.6188641783864546e-05
-8.5545411390175704e-05
-8.5006254348459401e-05
-8.4460023037369742e-05
-8.3840443105862085e-05
-8.3327251534212293e-05
-8.2730468452422241e-05
-8.2164551283064955e-05
-8.1645909638109840e-05
-8.1034722914288636e-05
-8.0525476755951834e-05
-7.9949424245082074e-05
-7.9404809466827891e-05
-7.8865488105499403e-05
-7.8294299303087014e-05
-7.7790528258305181e-05
-7.7197790588231707e-05
-7.6703023092642938e-05
-7.6147097171057253e-05
-7.5598969780926465e-05
-7.5113185376168365e-05
-7.4510386863186305e-05
-7.4047873543460702e-05
-7.3472472110386758e-05
-7.2974702164182683e-05
-7.2447816571481662e-05
-7.1917616362040775e-05
-7.1410778754506487e-05
-7.0875280948849242e-05
-7.0395640790107668e-05
-6.9830210261740650e-05
-6.9377227610800904e-05
-6.8812658814047903e-05
-6.8340772713199361e-05
-6.7814348179632801e-05
-6.7313789304790673e-05
-6.6815223943805397e-05
-6.6308729830477075e-05
-6.5817535503506227e-05
-6.5308394506766453e-05
-6.4827872352546774e-05
-6.4299905403302382e-05
-6.3852792735849035e-05
-6.3303109475928214e-05
-6.2870885481949360e-05
-6.2328110128805777e-05
-6.1889413730104297e-05
-6.1354937267573838e-05
-6.0916922145234024e-05
-6.0375589220541232e-05
-5.9954775805531303e-05
-5.9407106027900254e-05
-5.8988429569707176e-05
-5.8452672790600753e-05
-5.8024979477881972e-05
-5.7497850633934969e-05
-5.7065758775363575e-05
-5.6539174274483247e-05
-5.6116531515721867e-05
-5.5588561483626124e-05
-5.5158043292042154e-05
-5.4655831202414600e-05
-5.4200074925326973e-05
-5.3724911374347561e-05
-5.3250876432569809e-05
-5.2783650786375973e-05
-5.2306776863111767e-05
-5.1847606365711176e-05
-5.1360420057669925e-05
-5.0922935201350664e-05
-5.0410543031748244e-05
-4.9988499098045847e-05
-4.9476033030102374e-05
-4.9041197360872159e-05
-4.8555328061679973e-05
-4.8087931268573482e-05
-4.7637660882681281e-05
-4.7137534126621851e-05
-4.6712861836247553e-05
-4.6195379290184534e-05
-4.5759606331049645e-05
-4.5277218188712757e-05
-4.4811443846666995e-05
-4.4353729978113025e-05
-4.3863095181596257e-05
-4.3428654773515821e-05
-4.2913875271367307e-05
-4.2470953792806296e-05
-4.1988618596121787e-05
-4.1511954176127890e-05
-4.1062630321537526e-05
-4.0548452894783632e-05
-4.0098811549578842e-05
-3.9616470510555594e-05
-3.9131565044459534e-05
-3.8676380588692886e-05
-3.8155654347660769e-05
0.0000000000000000e+00
];
