%Vec Object:dSdr_b_aug_6150 1 MPI processes
%  type: seq
dSdr_b_aug_6150 = [
2.3170310888803301e+03
0.0000000000000000e+00
-8.3492414507020999e-07
-3.4490076002292630e-07
-2.1428130874912384e-07
-1.5213806182711700e-07
-1.1410673869825400e-07
-9.0593045174786268e-08
-7.4655315318958773e-08
-6.2664302033570412e-08
-5.3759712132957690e-08
-4.6933305330904064e-08
-4.1375011085303806e-08
-3.6872108319444661e-08
-3.3180307894956574e-08
-3.0067187204649173e-08
-2.7407026828247722e-08
-2.5137264475389764e-08
-2.4987415105479587e-08
-9.0607755268208294e-05
-7.5037805337495106e-04
-7.1488632384372763e-04
-6.7629794167061981e-04
-6.3782717126855857e-04
-5.9512550868080414e-04
-5.5391021127615208e-04
-5.1439790188727199e-04
-4.7449312740669190e-04
-4.3354994938060428e-04
-3.8979258304250297e-04
-3.5128650634129465e-04
-3.1427807098508432e-04
-2.7934130612624128e-04
-2.4249482798569921e-04
-2.1252425803072636e-04
-1.8643855288897766e-04
-1.6362102630161204e-04
-1.4207213169005700e-04
-1.2575075522545208e-04
-1.1337213511002982e-04
-1.0360083748218222e-04
-9.5725485946425971e-05
-9.0820381047545542e-05
-8.7832473899979245e-05
-8.6204174489265244e-05
-8.5828758588554120e-05
-8.6324601750178856e-05
-8.7335499113801168e-05
-8.8790891117038106e-05
-9.0752859904602942e-05
-9.2479436089769459e-05
-9.4288939419931184e-05
-9.6131667723794989e-05
-9.7905764661771543e-05
-9.9392573539679006e-05
-1.0072415441002458e-04
-1.0200320140322901e-04
-1.0303524066743478e-04
-1.0388264805909642e-04
-1.0456726735384961e-04
-1.0518383993087588e-04
-1.0558964334156903e-04
-1.0583473323350705e-04
-1.0603199134088196e-04
-1.0612599962844253e-04
-1.0608644963325316e-04
-1.0598670885238616e-04
-1.0582794976838155e-04
-1.0557966800997398e-04
-1.0527531047768565e-04
-1.0495250326136109e-04
-1.0457656283310889e-04
-1.0416683173466175e-04
-1.0369797758728161e-04
-1.0323458994282160e-04
-1.0274379867842823e-04
-1.0221086531211875e-04
-1.0169559668300729e-04
-1.0116974866209195e-04
-1.0057533078236849e-04
-1.0002160205997243e-04
-9.9465079075342192e-05
-9.8855754450688095e-05
-9.8290353945899807e-05
-9.7728972009849545e-05
-9.7077173001127454e-05
-9.6512445786587671e-05
-9.5929343361165180e-05
-9.5296946247385274e-05
-9.4733298532295634e-05
-9.4135259964986000e-05
-9.3506236059630226e-05
-9.2939242204801543e-05
-9.2321539575346926e-05
-9.1727584226781791e-05
-9.1170628868285513e-05
-9.0526896457172458e-05
-8.9961149230700335e-05
-8.9392754555742460e-05
-8.8738885666313065e-05
-8.8213808127259180e-05
-8.7616961235053274e-05
-8.7010793143372982e-05
-8.6485098642704664e-05
-8.5838408825003812e-05
-8.5296154210816091e-05
-8.4746861476507336e-05
-8.4123885496377633e-05
-8.3607756989301864e-05
-8.3007637872938782e-05
-8.2438580452819598e-05
-8.1916986950853800e-05
-8.1302358485810849e-05
-8.0790269442946040e-05
-8.0210921871784157e-05
-7.9663256444547075e-05
-7.9120908452106267e-05
-7.8546446142995868e-05
-7.8039826623616537e-05
-7.7443753426045995e-05
-7.6946077818795046e-05
-7.6387056030557837e-05
-7.5835791193350414e-05
-7.5347107453495397e-05
-7.4740994820237397e-05
-7.4275700321835397e-05
-7.3696996796990104e-05
-7.3196405828517840e-05
-7.2666334611211025e-05
-7.2133128183359132e-05
-7.1623317652877691e-05
-7.1084643535953746e-05
-7.0602208570588737e-05
-7.0033438008173078e-05
-6.9577736639469761e-05
-6.9009855761236087e-05
-6.8535139067085193e-05
-6.8005573029304573e-05
-6.7502043508895914e-05
-6.7000457030958477e-05
-6.6490902505247533e-05
-6.5996778679440721e-05
-6.5484473025829971e-05
-6.5001077856071914e-05
-6.4469892033273171e-05
-6.4019942175063972e-05
-6.3467007467371848e-05
-6.3031973448277593e-05
-6.2485911874516389e-05
-6.2044477125015960e-05
-6.1506599024359579e-05
-6.1065869614950361e-05
-6.0521118998017154e-05
-6.0097602434182513e-05
-5.9546493123493152e-05
-5.9125093800877751e-05
-5.8585931439784632e-05
-5.8155483056128397e-05
-5.7624949827568684e-05
-5.7190037595736020e-05
-5.6660080717512423e-05
-5.6234555270160896e-05
-5.5703254993695862e-05
-5.5269802539829774e-05
-5.4764271043768890e-05
-5.4305523976125762e-05
-5.3827088499777031e-05
-5.3349954594834467e-05
-5.2879522669375567e-05
-5.2399430901122934e-05
-5.1937135312708156e-05
-5.1446603975195495e-05
-5.1006097247723125e-05
-5.0490189842489716e-05
-5.0065186529221603e-05
-4.9549197548834912e-05
-4.9111296985749501e-05
-4.8622008842973503e-05
-4.8151361529923613e-05
-4.7697804660491701e-05
-4.7194231813987117e-05
-4.6766431033716571e-05
-4.6245275796553945e-05
-4.5806381786062910e-05
-4.5320411517295812e-05
-4.4851314242561871e-05
-4.4390206492031258e-05
-4.3895987051027913e-05
-4.3458312825931808e-05
-4.2939728121993353e-05
-4.2493501818983883e-05
-4.2007580502092203e-05
-4.1527331280952727e-05
-4.1074633346520486e-05
-4.0556559240787261e-05
-4.0103526886310913e-05
-3.9617525725094450e-05
-3.9128919525017471e-05
-3.8670436114954114e-05
-3.8146395306263232e-05
0.0000000000000000e+00
];
