%Vec Object:dSdr_b_aug_3140 1 MPI processes
%  type: seq
dSdr_b_aug_3140 = [
2.3716294274815646e+03
0.0000000000000000e+00
-1.2078499102471173e-06
-4.9660108695595859e-07
-3.0636319369917042e-07
-2.1652749449274896e-07
-1.6227336687005201e-07
-1.2874854573202083e-07
-1.0602674954234181e-07
-8.8893005437981671e-08
-7.6172281678587557e-08
-6.6422496135147015e-08
-5.8481369079061004e-08
-5.2048601488261456e-08
-4.6775294455358766e-08
-4.2329059963167653e-08
-3.8530240683148892e-08
-3.5289279283320423e-08
-3.2487319532498840e-08
-3.0015244588239665e-08
-2.7921815640641174e-08
-1.6213399576724455e-06
-5.2500152011542619e-04
-6.5806731954645844e-04
-6.1627436769489546e-04
-5.7383789776690173e-04
-5.3313397853978293e-04
-4.9204001047166001e-04
-4.4989869054230753e-04
-4.0489493823319279e-04
-3.6529821995713981e-04
-3.2725925987270879e-04
-2.9136286503098156e-04
-2.5351515158803157e-04
-2.2273534275063698e-04
-1.9595007124408430e-04
-1.7252250167695184e-04
-1.5039646147045106e-04
-1.3363755330481959e-04
-1.2092519305579388e-04
-1.1088328531140131e-04
-1.0278337283415250e-04
-9.7729517196682914e-05
-9.4639226248568586e-05
-9.2941053129489513e-05
-9.2523309173109377e-05
-9.2998242462503383e-05
-9.4000009256494085e-05
-9.5456170473954562e-05
-9.7423588471071899e-05
-9.9154085823338636e-05
-1.0096971202235225e-04
-1.0281565786928785e-04
-1.0458876479763472e-04
-1.0607142582387027e-04
-1.0739380637918454e-04
-1.0865716444193252e-04
-1.0967118949310960e-04
-1.1049760083956622e-04
-1.1115562915566346e-04
-1.1174102376486207e-04
-1.1211510726044835e-04
-1.1232491759474089e-04
-1.1247979597268362e-04
-1.1253498527791079e-04
-1.1245421829173087e-04
-1.1230876825575217e-04
-1.1210287386030655e-04
-1.1180887359073968e-04
-1.1145620351534165e-04
-1.1108191305895101e-04
-1.1065841046331554e-04
-1.1020090753738097e-04
-1.0967543103760864e-04
-1.0916323366640129e-04
-1.0862392763594693e-04
-1.0803348575305109e-04
-1.0746965697859483e-04
-1.0689543195593391e-04
-1.0624209127641560e-04
-1.0563966189638912e-04
-1.0503390289523982e-04
-1.0436732095717722e-04
-1.0375348838532935e-04
-1.0314332468356372e-04
-1.0243373980712841e-04
-1.0182077530459246e-04
-1.0118826790470089e-04
-1.0050047635903614e-04
-9.9889391550196690e-05
-9.9241170504735623e-05
-9.8558062820481429e-05
-9.7944039778246855e-05
-9.7274750610589489e-05
-9.6630045459240703e-05
-9.6026867997456915e-05
-9.5329872449995395e-05
-9.4715404090911398e-05
-9.4100666120939139e-05
-9.3392535746354807e-05
-9.2821776146511411e-05
-9.2176866895294217e-05
-9.1519610817381364e-05
-9.0948854686219568e-05
-9.0250076147306205e-05
-8.9661181221114172e-05
-8.9065792470546638e-05
-8.8391682009666855e-05
-8.7831331900678429e-05
-8.7180981935891419e-05
-8.6564641578689284e-05
-8.5998601795343537e-05
-8.5332150843449712e-05
-8.4777256312604447e-05
-8.4148294827051629e-05
-8.3554695592189446e-05
-8.2966775426430916e-05
-8.2343023731979294e-05
-8.1793514538216092e-05
-8.1147218098739048e-05
-8.0605754854417381e-05
-8.0000118397799072e-05
-7.9401612804527982e-05
-7.8869273569386254e-05
-7.8213259999938427e-05
-7.7706089081401087e-05
-7.7077665729260409e-05
-7.6534598402017739e-05
-7.5956560995346669e-05
-7.5378089697223413e-05
-7.4823515622032415e-05
-7.4237015529420944e-05
-7.3712498910808989e-05
-7.3093437180024766e-05
-7.2596799817847675e-05
-7.1979048639739707e-05
-7.1461711423096661e-05
-7.0884843460453995e-05
-7.0336584625936148e-05
-6.9789508880440870e-05
-6.9233873401243750e-05
-6.8695639780738281e-05
-6.8135683541950876e-05
-6.7609029028935149e-05
-6.7029376252927264e-05
-6.6536706441328139e-05
-6.5934814280113358e-05
-6.5457469313880761e-05
-6.4861926680627024e-05
-6.4379260149693645e-05
-6.3790163107654483e-05
-6.3308564208581627e-05
-6.2712352879974202e-05
-6.2248134491922486e-05
-6.1645235560986417e-05
-6.1182837503878339e-05
-6.0592396667869001e-05
-6.0120464551743374e-05
-5.9538670809670139e-05
-5.9061291512491944e-05
-5.8480555973875129e-05
-5.8011625090195951e-05
-5.7430180453023412e-05
-5.6952545906959583e-05
-5.6397033121824432e-05
-5.5893252681613712e-05
-5.5365550695933078e-05
-5.4841754495456691e-05
-5.4323044317208501e-05
-5.3794500042110224e-05
-5.3285148427526159e-05
-5.2744249301165027e-05
-5.2258240445486221e-05
-5.1689402110645399e-05
-5.1219837229490392e-05
-5.0650801284876617e-05
-5.0166749907642013e-05
-4.9625981181942789e-05
-4.9106387368055683e-05
-4.8603342053875928e-05
-4.8047876994222024e-05
-4.7572965517343239e-05
-4.6996504687369717e-05
-4.6510610219657018e-05
-4.5970695831295939e-05
-4.5451555601632588e-05
-4.4939334652125135e-05
-4.4391127080714477e-05
-4.3904743774652665e-05
-4.3328841807035662e-05
-4.2832825923706000e-05
-4.2292869822013205e-05
-4.1758591042228569e-05
-4.1255013112033652e-05
-4.0678150075426837e-05
-4.0173868908523484e-05
-3.9632411152864490e-05
-3.9087345270717894e-05
-3.8577112353866743e-05
-3.7992099447512492e-05
0.0000000000000000e+00
];
