%Vec Object:dSdr_b_aug_990 1 MPI processes
%  type: seq
dSdr_b_aug_990 = [
2.4683674194004125e+03
0.0000000000000000e+00
-2.4384055825246365e-06
-9.9460866108807909e-07
-6.0582784377162306e-07
-4.2516712405234927e-07
-3.1892220858355818e-07
-2.5334100998360878e-07
-2.0889467679684474e-07
-1.7518970752449650e-07
-1.5017270306019825e-07
-1.3100551739415069e-07
-1.1537243268616036e-07
-1.0270701755854541e-07
-9.2326138925272732e-08
-8.3571600540211019e-08
-7.6089843921086180e-08
-6.9707428503220587e-08
-6.4189807050540255e-08
-5.9320872844259667e-08
-5.5055727837887098e-08
-5.1294444224711215e-08
-4.7912925770417857e-08
-4.4889983092341274e-08
-4.2178382951610015e-08
-4.0327011255176300e-08
-6.8234372242865278e-07
-1.2915910047548690e-04
-4.4591706212933140e-04
-4.2621416845938415e-04
-3.8698838901615360e-04
-3.4754181411334069e-04
-3.1016992849165612e-04
-2.7075969295563425e-04
-2.3871433560504520e-04
-2.1083450510349201e-04
-1.8645233465659368e-04
-1.6342314105796094e-04
-1.4597954942327041e-04
-1.3274492454107289e-04
-1.2227954235916755e-04
-1.1382821677726889e-04
-1.0854158221470585e-04
-1.0529107126384931e-04
-1.0348355272499693e-04
-1.0299956916447081e-04
-1.0344177997450619e-04
-1.0442925777532265e-04
-1.0588662206312185e-04
-1.0786256680850843e-04
-1.0959919974964081e-04
-1.1142440698383455e-04
-1.1327538738371213e-04
-1.1504694454458859e-04
-1.1652311416942338e-04
-1.1783109681046931e-04
-1.1906990301322761e-04
-1.2005573742285035e-04
-1.2084929191680106e-04
-1.2146570794883107e-04
-1.2200231215466080e-04
-1.2232675718150580e-04
-1.2248135861658095e-04
-1.2256991711742546e-04
-1.2256435873649036e-04
-1.2241909145992191e-04
-1.2220211124183494e-04
-1.2192245504950890e-04
-1.2155691008584532e-04
-1.2112863581197181e-04
-1.2067377937880050e-04
-1.2017584687155022e-04
-1.1964358595186643e-04
-1.1902950137088837e-04
-1.1844092183243857e-04
-1.1782569522760889e-04
-1.1714525854741888e-04
-1.1650543820544552e-04
-1.1585550822448334e-04
-1.1510995957820869e-04
-1.1443131877098512e-04
-1.1374851057186335e-04
-1.1299232699546649e-04
-1.1230270333397514e-04
-1.1161620130890905e-04
-1.1081618768456220e-04
-1.1012773691979940e-04
-1.0941791596230743e-04
-1.0864343802100705e-04
-1.0795811918303621e-04
-1.0723136788845027e-04
-1.0646362485189860e-04
-1.0577600612419238e-04
-1.0502598952181268e-04
-1.0430186633877978e-04
-1.0362635620301646e-04
-1.0284600954119463e-04
-1.0215529780809237e-04
-1.0146803752383889e-04
-1.0067499373978811e-04
-1.0003274659073931e-04
-9.9312624979434349e-05
-9.8575421857090165e-05
-9.7934149267002229e-05
-9.7153857645311713e-05
-9.6491975804662898e-05
-9.5824451932761663e-05
-9.5070321709745984e-05
-9.4440769737786135e-05
-9.3711814101550507e-05
-9.3021481233785706e-05
-9.2385887997640132e-05
-9.1638340644586519e-05
-9.1016460329789150e-05
-9.0309858623324139e-05
-8.9644378134707056e-05
-8.8985142637259591e-05
-8.8284258586020730e-05
-8.7667631884845622e-05
-8.6942741714848376e-05
-8.6332755758560239e-05
-8.5654172602395379e-05
-8.4981740555860902e-05
-8.4381085410471736e-05
-8.3646982510655779e-05
-8.3074279750354661e-05
-8.2368050493445560e-05
-8.1758512501290591e-05
-8.1105413452420389e-05
-8.0456107788642869e-05
-7.9831483873308299e-05
-7.9170141581545589e-05
-7.8579772004107947e-05
-7.7882010336974533e-05
-7.7321312864902050e-05
-7.6625520381919405e-05
-7.6041486972782844e-05
-7.5390596950067023e-05
-7.4772341919380011e-05
-7.4154080746812633e-05
-7.3526333930011139e-05
-7.2919073632550819e-05
-7.2284549782958811e-05
-7.1690199485730912e-05
-7.1034701607059422e-05
-7.0475180128812574e-05
-6.9796675324789681e-05
-6.9253118779906845e-05
-6.8580144160580944e-05
-6.8032954872796313e-05
-6.7363706297576359e-05
-6.6818151640210110e-05
-6.6141410492753737e-05
-6.5613498782236932e-05
-6.4929555394218193e-05
-6.4402999453046743e-05
-6.3732314122417848e-05
-6.3195465238725088e-05
-6.2533455200427244e-05
-6.1989620426154427e-05
-6.1329422748031021e-05
-6.0792568056180569e-05
-6.0132654021284530e-05
-5.9585880430202532e-05
-5.8952153591556459e-05
-5.8377902126056359e-05
-5.7773104828407643e-05
-5.7176288738238108e-05
-5.6582030000575857e-05
-5.5977664624437106e-05
-5.5394677404435902e-05
-5.4774960320682507e-05
-5.4217747922553134e-05
-5.3566081055878286e-05
-5.3026785008936785e-05
-5.2374739544547282e-05
-5.1818470691029465e-05
-5.1197144442824453e-05
-5.0600959158919746e-05
-5.0020474877695346e-05
-4.9383809968269685e-05
-4.8835181987737613e-05
-4.8172181676909531e-05
-4.7612745559473748e-05
-4.6988425118800430e-05
-4.6390985741120648e-05
-4.5798793430802123e-05
-4.5166119024224166e-05
-4.4603534455409067e-05
-4.3937966798179155e-05
-4.3364073792477520e-05
-4.2739610173398419e-05
-4.2120851384702108e-05
-4.1537752827561722e-05
-4.0869045602999016e-05
-4.0284816694814663e-05
-3.9657031490499312e-05
-3.9024583223429428e-05
-3.8436096656527796e-05
-3.7770182901324558e-05
0.0000000000000000e+00
];
