%Vec Object:dSdr_b_aug_2010 1 MPI processes
%  type: seq
dSdr_b_aug_2010 = [
2.4094677393148604e+03
0.0000000000000000e+00
-1.5788783606112095e-06
-6.4755681487323209e-07
-3.9781445196904067e-07
-2.8055771541521406e-07
-2.1042785696163271e-07
-1.6710899756320505e-07
-1.3774894118355339e-07
-1.1556003980181331e-07
-9.9087377249825059e-08
-8.6463583973959652e-08
-7.6174718610292163e-08
-6.7839272649545201e-08
-6.1006540304293460e-08
-5.5244533335492270e-08
-5.0320544511189358e-08
-4.6119726114538314e-08
-4.2487868822668264e-08
-3.9282948145636091e-08
-3.6475283136236648e-08
-3.3999253433287399e-08
-3.2719828001957721e-08
-5.5061371692452831e-06
-5.0030198612589772e-04
-5.8315249223247091e-04
-5.4472478868596800e-04
-5.0299978285448931e-04
-4.6011551905327175e-04
-4.1433322641195425e-04
-3.7405493782202140e-04
-3.3537194779611134e-04
-2.9887582610575774e-04
-2.6040238395001731e-04
-2.2911683578950140e-04
-2.0189436553667557e-04
-1.7808554547652875e-04
-1.5559881425318461e-04
-1.3856646768208670e-04
-1.2564553423605228e-04
-1.1543450680189410e-04
-1.0719425336158654e-04
-1.0204743480983409e-04
-9.8893158250240918e-05
-9.7151316902908787e-05
-9.6707119544043888e-05
-9.7168984889383050e-05
-9.8165045364447082e-05
-9.9621687195817951e-05
-1.0159251059909184e-04
-1.0332545840830050e-04
-1.0514491103593045e-04
-1.0699286761385761e-04
-1.0876535574105962e-04
-1.1024542445838231e-04
-1.1156205514155566e-04
-1.1281560823111787e-04
-1.1381837511282513e-04
-1.1463166477946071e-04
-1.1527307482817257e-04
-1.1583898450178437e-04
-1.1619324437257783e-04
-1.1638100646240043e-04
-1.1650939929676654e-04
-1.1654032837334562e-04
-1.1643380250995895e-04
-1.1625978612626963e-04
-1.1602443415977727e-04
-1.1570186173148125e-04
-1.1531899825365985e-04
-1.1491253285248818e-04
-1.1445930581991325e-04
-1.1397194743371198e-04
-1.1341108428319365e-04
-1.1286838282013306e-04
-1.1229875704043150e-04
-1.1167237470651261e-04
-1.1107819783145733e-04
-1.1047373916931484e-04
-1.0978357418488786e-04
-1.0915070890160628e-04
-1.0851417942403434e-04
-1.0781181407414668e-04
-1.0716771351419930e-04
-1.0652706327862657e-04
-1.0578136469413655e-04
-1.0513825393529524e-04
-1.0447487052606253e-04
-1.0375245981940207e-04
-1.0311172884365165e-04
-1.0243214588528572e-04
-1.0171523814402075e-04
-1.0107182386107422e-04
-1.0037029530570581e-04
-9.9693873690908773e-05
-9.9061809383385664e-05
-9.8331526648595709e-05
-9.7686609658918224e-05
-9.7042909105195986e-05
-9.6300867620198623e-05
-9.5701558680309532e-05
-9.5026612525377487e-05
-9.4337428676428219e-05
-9.3738510986737016e-05
-9.3007179261555984e-05
-9.2389136170425886e-05
-9.1764939416684292e-05
-9.1058872130297310e-05
-9.0470885447685150e-05
-8.9789143389712678e-05
-8.9143253257469964e-05
-8.8549436487274881e-05
-8.7850598739010636e-05
-8.7268952648001654e-05
-8.6608984629999559e-05
-8.5986678771598512e-05
-8.5370277989070827e-05
-8.4715722581404844e-05
-8.4139409218642888e-05
-8.3461725447764299e-05
-8.2892896848342395e-05
-8.2258128265249832e-05
-8.1630099268830287e-05
-8.1070477264401402e-05
-8.0383277796798849e-05
-7.9849935956650210e-05
-7.9190439893288454e-05
-7.8620826712204149e-05
-7.8012812545065762e-05
-7.7406052696392074e-05
-7.6823503378548174e-05
-7.6207114158414530e-05
-7.5656298366895002e-05
-7.5005806873683784e-05
-7.4483586330390732e-05
-7.3834668418108702e-05
-7.3290695266724305e-05
-7.2684265697687861e-05
-7.2108053029565570e-05
-7.1532548515529986e-05
-7.0948114492056134e-05
-7.0382314219434521e-05
-6.9792578490266336e-05
-6.9238888826933471e-05
-6.8628946373236769e-05
-6.8109578513424741e-05
-6.7477090141133589e-05
-6.6973302746065831e-05
-6.6346836679857129e-05
-6.5838402161861960e-05
-6.5217295595537626e-05
-6.4710155137209200e-05
-6.4081783200800301e-05
-6.3592128049271853e-05
-6.2956862971204924e-05
-6.2468842609533741e-05
-6.1846355086111140e-05
-6.1348497580865233e-05
-6.0734668395879380e-05
-6.0230749189802702e-05
-5.9618279368746124e-05
-5.9122222159490695e-05
-5.8509439677873908e-05
-5.8004193460382367e-05
-5.7417444776479965e-05
-5.6885520689211570e-05
-5.6327029551490810e-05
-5.5774071744358865e-05
-5.5225190082312412e-05
-5.4666365453215414e-05
-5.4127606257938239e-05
-5.3555229882675373e-05
-5.3040784646500294e-05
-5.2438867307270295e-05
-5.1941453961285327e-05
-5.1339266620739969e-05
-5.0826373712622139e-05
-5.0253432676674296e-05
-4.9703250348145983e-05
-4.9169277950884825e-05
-4.8581383714541310e-05
-4.8077031470380183e-05
-4.7466008654423379e-05
-4.6950742806271261e-05
-4.6377117896942710e-05
-4.5826705628212637e-05
-4.5282544328472485e-05
-4.4700600426999761e-05
-4.4183780900138146e-05
-4.3572064313393643e-05
-4.3044940083381579e-05
-4.2471225257796696e-05
-4.1903195059558107e-05
-4.1367840458349724e-05
-4.0754269073344006e-05
-4.0218012048001343e-05
-3.9641991483368350e-05
-3.9061843147313013e-05
-3.8519837462586042e-05
-3.7899740235355330e-05
0.0000000000000000e+00
];
