%Vec Object:dSdr_b_aug_8450 1 MPI processes
%  type: seq
dSdr_b_aug_8450 = [
2.2871141330510827e+03
0.0000000000000000e+00
-6.8478680329059104e-07
-2.8213014065085406e-07
-1.7496069828837802e-07
-1.2381630678081755e-07
-9.2382479580655899e-08
-7.2947450263979184e-08
-5.9777296007264480e-08
-4.9898719538821780e-08
-4.2564375011338006e-08
-3.6941421002216796e-08
-3.2371449350631267e-08
-2.8671150105608704e-08
-2.5637505816964332e-08
-2.3081456253342925e-08
-2.0899547736568879e-08
-4.1744113203137280e-08
-3.9437593772015427e-04
-7.8256877887894353e-04
-7.4140342295238315e-04
-7.0261027633800315e-04
-6.6460597919180443e-04
-6.2674097120641746e-04
-5.8470597002984674e-04
-5.4411605965314514e-04
-5.0519012531808466e-04
-4.6586980413105986e-04
-4.2551544818920895e-04
-3.8237061165368580e-04
-3.4440052489660873e-04
-3.0789853537262684e-04
-2.7343337550172456e-04
-2.3707894905443543e-04
-2.0750607518407748e-04
-1.8176416815617491e-04
-1.5924644393348238e-04
-1.3798118472303965e-04
-1.2187483113796960e-04
-1.0966022606560392e-04
-1.0002191854335970e-04
-9.2256926472493821e-05
-8.7424924497141190e-05
-8.4487333466942826e-05
-8.2893373242169655e-05
-8.2538759345346830e-05
-8.3044878585461016e-05
-8.4060262980321471e-05
-8.5515276826717308e-05
-8.7474567504839708e-05
-8.9199216538316287e-05
-9.1005710710186083e-05
-9.2846857669034465e-05
-9.4621441047778785e-05
-9.6110288278413103e-05
-9.7446390512313027e-05
-9.8733147669353977e-05
-9.9774039850565404e-05
-1.0063176556867111e-04
-1.0132945279365552e-04
-1.0196134755596863e-04
-1.0238273949239743e-04
-1.0264516728026973e-04
-1.0286325262765798e-04
-1.0297633824810773e-04
-1.0295704407646836e-04
-1.0287976682069733e-04
-1.0274417209195765e-04
-1.0251835842055915e-04
-1.0223774382646611e-04
-1.0194023777042743e-04
-1.0158767151234999e-04
-1.0120141762066123e-04
-1.0076039022290040e-04
-1.0032098985530822e-04
-9.9854040911040434e-05
-9.9349369795257431e-05
-9.8857965787826861e-05
-9.8355892383632134e-05
-9.7790431796490013e-05
-9.7260636749896869e-05
-9.6728310540602428e-05
-9.6147124714136573e-05
-9.5605525887954674e-05
-9.5068117488114634e-05
-9.4444717033099649e-05
-9.3903695774083095e-05
-9.3344873157521837e-05
-9.2739699339221157e-05
-9.2199364328664354e-05
-9.1625987670290122e-05
-9.1023542947194107e-05
-9.0479661333555449e-05
-8.9887310630860120e-05
-8.9318295999940529e-05
-8.8784056245559922e-05
-8.8166499716351479e-05
-8.7624696228605299e-05
-8.7079076716859222e-05
-8.6451874342492521e-05
-8.5949247006708164e-05
-8.5376020101275208e-05
-8.4794958923471866e-05
-8.4291409716651445e-05
-8.3670318618598075e-05
-8.3150985132600321e-05
-8.2624346035278719e-05
-8.2026499818335053e-05
-8.1532103777221535e-05
-8.0956670338705390e-05
-8.0410849861245842e-05
-7.9911099242659556e-05
-7.9321938657400933e-05
-7.8830886138723816e-05
-7.8275921056166454e-05
-7.7750829548804465e-05
-7.7230877752927448e-05
-7.6680638444171653e-05
-7.6195096821565723e-05
-7.5623705563004280e-05
-7.5147549151294388e-05
-7.4611435887791527e-05
-7.4083387262612103e-05
-7.3616157777724392e-05
-7.3034568687420240e-05
-7.2589854126826929e-05
-7.2035585139944741e-05
-7.1555868945470457e-05
-7.1049370449916704e-05
-7.0538409194841769e-05
-7.0050597463396596e-05
-6.9535427160369933e-05
-6.9073672992613278e-05
-6.8529617749360218e-05
-6.8094034149501791e-05
-6.7550661756628935e-05
-6.7096890683653184e-05
-6.6590570916785050e-05
-6.6109023371458198e-05
-6.5629792343158998e-05
-6.5142884047828222e-05
-6.4670437736730356e-05
-6.4181549700002383e-05
-6.3719414094557937e-05
-6.3212047087561298e-05
-6.2783091712778023e-05
-6.2254216873898713e-05
-6.1839976333514526e-05
-6.1318231950934356e-05
-6.0897060329040290e-05
-6.0384353491365116e-05
-5.9963709162077025e-05
-5.9444248623591565e-05
-5.9040734740462357e-05
-5.8515077147163350e-05
-5.8113826418638042e-05
-5.7599864573816214e-05
-5.7189803132036581e-05
-5.6684461590668054e-05
-5.6270419552264588e-05
-5.5765417554809067e-05
-5.5361223455706284e-05
-5.4854566333967021e-05
-5.4442826908524366e-05
-5.3961858423047476e-05
-5.3525242737113701e-05
-5.3071018992395066e-05
-5.2616816989569596e-05
-5.2170111116989589e-05
-5.1713831034482079e-05
-5.1274660835273605e-05
-5.0808882430636427e-05
-5.0390737428608680e-05
-4.9900842587461005e-05
-4.9497738754572860e-05
-4.9007819348992747e-05
-4.8592599276687625e-05
-4.8128610900264305e-05
-4.7682017980579436e-05
-4.7252781825762423e-05
-4.6774710994885982e-05
-4.6370062359482756e-05
-4.5876086577872766e-05
-4.5460290477459477e-05
-4.5000830503504214e-05
-4.4556326265678494e-05
-4.4120337451503763e-05
-4.3652649727768984e-05
-4.3238912742772255e-05
-4.2748495558443590e-05
-4.2326737106999367e-05
-4.1867369583574388e-05
-4.1413671068917115e-05
-4.0985975172554477e-05
-4.0496788465571628e-05
-4.0068935276080971e-05
-3.9610175467883057e-05
-3.9149289111196972e-05
-3.8716160792085247e-05
-3.8221668998085233e-05
0.0000000000000000e+00
];
