%Vec Object:dSdr_b_aug_6060 1 MPI processes
%  type: seq
dSdr_b_aug_6060 = [
2.3181763543480142e+03
0.0000000000000000e+00
-8.4157513443718316e-07
-3.4774280205895642e-07
-2.1609945056947383e-07
-1.5347615327332262e-07
-1.1515549904247208e-07
-9.1462663194460671e-08
-7.5403155286687972e-08
-6.3318151839258750e-08
-5.4343529281063279e-08
-4.7463381502792278e-08
-4.1860548418162578e-08
-3.7321333079461766e-08
-3.3599693607713815e-08
-3.0461175381022171e-08
-2.7779071006355589e-08
-2.5490529172957277e-08
-2.4569505740066601e-08
-6.1809794319857641e-05
-7.4953729318507842e-04
-7.1548695173945676e-04
-6.7688099383233081e-04
-6.3838016253375005e-04
-5.9564524895735235e-04
-5.5439875649900851e-04
-5.1485719795215182e-04
-4.7492327017168638e-04
-4.3395072092508596e-04
-3.9016280079493958e-04
-3.5162998821038516e-04
-3.1459629067032938e-04
-2.7963600153502356e-04
-2.4276497921015466e-04
-2.1277457165245114e-04
-1.8667171740956577e-04
-1.6383923628888189e-04
-1.4227619358798664e-04
-1.2594409151492244e-04
-1.1355729012692109e-04
-1.0377935878907957e-04
-9.5898502388056404e-05
-9.0989751026788454e-05
-8.7999334050775752e-05
-8.6369321760328843e-05
-8.5992868230951828e-05
-8.6488198768955345e-05
-8.7498872257099917e-05
-8.8954283120664814e-05
-9.0916385493271888e-05
-9.2643057804953817e-05
-9.4452711233715744e-05
-9.6295518415044561e-05
-9.8069591086789133e-05
-9.9556298287216115e-05
-1.0088765362438625e-04
-1.0216631602295689e-04
-1.0319791369061734e-04
-1.0404480638929415e-04
-1.0472877383729743e-04
-1.0534458212243915e-04
-1.0574960795591855e-04
-1.0599383300981515e-04
-1.0619005222615172e-04
-1.0628310891036524e-04
-1.0624254852724818e-04
-1.0614168723543872e-04
-1.0598177268216676e-04
-1.0573237018533290e-04
-1.0542682832338069e-04
-1.0510275905129969e-04
-1.0472565268809267e-04
-1.0431475051507468e-04
-1.0384450833227656e-04
-1.0337992417035538e-04
-1.0288794361915340e-04
-1.0235360049413085e-04
-1.0183714146585657e-04
-1.0131010753530754e-04
-1.0071424522731920e-04
-1.0015932266122531e-04
-9.9601592709220378e-05
-9.8990864483905751e-05
-9.8424276719696112e-05
-9.7861698951751176e-05
-9.7208483385481255e-05
-9.6642573686344876e-05
-9.6058260151753310e-05
-9.5424505103862327e-05
-9.4859694520094167e-05
-9.4260425784002574e-05
-9.3630076073790858e-05
-9.3061929349656227e-05
-9.2442962132463456e-05
-9.1847762707816057e-05
-9.1289674264853789e-05
-9.0644636166026428e-05
-9.0077694594112843e-05
-8.9508163863808154e-05
-8.8852964813278555e-05
-8.8326767428327491e-05
-8.7728742340080653e-05
-8.7121321882745686e-05
-8.6594522745876565e-05
-8.5946556030579347e-05
-8.5403158080588233e-05
-8.4852735353290907e-05
-8.4228505867754553e-05
-8.3711293316918766e-05
-8.3109942846731997e-05
-8.2539726337597656e-05
-8.2017043284147016e-05
-8.1401144448023260e-05
-8.0888006075961798e-05
-8.0307442274475224e-05
-7.9758650830698895e-05
-7.9215185686825988e-05
-7.8639515102920106e-05
-7.8131844190636572e-05
-7.7534539825843999e-05
-7.7035790813159217e-05
-7.6475626317922508e-05
-7.5923203425892801e-05
-7.5433449519964025e-05
-7.4826113620523707e-05
-7.4359792568156474e-05
-7.3779870216851364e-05
-7.3278237987642206e-05
-7.2746990932423625e-05
-7.2212674886560827e-05
-7.1701767027547593e-05
-7.1161920509984106e-05
-7.0678453959759652e-05
-7.0108450565287473e-05
-6.9651745696361418e-05
-6.9082642303251452e-05
-6.8606880814578447e-05
-6.8076155222884354e-05
-6.7571529213332195e-05
-6.7068827616855665e-05
-6.6558143468119473e-05
-6.6062938340134237e-05
-6.5549464585793182e-05
-6.5065008961855741e-05
-6.4532635026095345e-05
-6.4081637936340565e-05
-6.3527503091737069e-05
-6.3091431867578804e-05
-6.2544157321413752e-05
-6.2101711821577221e-05
-6.1562578146415648e-05
-6.1120846868027050e-05
-6.0574834750059216e-05
-6.0150320427590404e-05
-5.9597941553262703e-05
-5.9175537193799631e-05
-5.8635117799500335e-05
-5.8203652490111893e-05
-5.7671862668950994e-05
-5.7235909406403884e-05
-5.6704707748055736e-05
-5.6278118267254489e-05
-5.5745588760291851e-05
-5.5311053234604787e-05
-5.4804296506111539e-05
-5.4344445499063001e-05
-5.3864802312972933e-05
-5.3386524538138538e-05
-5.2914909129807964e-05
-5.2433629607539238e-05
-5.1970180498855404e-05
-5.1478414457507211e-05
-5.1036792303222457e-05
-5.0519587363162409e-05
-5.0093491681667138e-05
-4.9576202324076351e-05
-4.9137170436526174e-05
-4.8646620317442535e-05
-4.8174773150081984e-05
-4.7720003143241225e-05
-4.7215158236235836e-05
-4.6786202611975648e-05
-4.6263691645887468e-05
-4.5823645502161642e-05
-4.5336352889764923e-05
-4.4866028911422485e-05
-4.4403668230753698e-05
-4.3908125396280897e-05
-4.3469257203943006e-05
-4.2949267535649936e-05
-4.2501820832433835e-05
-4.2014575095446553e-05
-4.1533001652673688e-05
-4.1079056816770145e-05
-4.0559542124240697e-05
-4.0105254377154191e-05
-3.9617895427894487e-05
-3.9127908748923185e-05
-3.8668166831903269e-05
-3.8142685187583451e-05
0.0000000000000000e+00
];
