%Vec Object:dSdr_b_aug_3640 1 MPI processes
%  type: seq
dSdr_b_aug_3640 = [
2.3615961093502515e+03
0.0000000000000000e+00
-1.1281111935748547e-06
-4.6461363699994774e-07
-2.8726193994252690e-07
-2.0338403106889911e-07
-1.5258375110360453e-07
-1.2118845873099863e-07
-9.9908764802841176e-08
-8.3863916009449250e-08
-7.1950386293639141e-08
-6.2818730379246497e-08
-5.5379329058423851e-08
-4.9352235524375919e-08
-4.4411169943010010e-08
-4.0244297319071235e-08
-3.6683369847281029e-08
-3.3645169910894691e-08
-3.1018255318995499e-08
-2.8700085404650882e-08
-3.2846113487058610e-08
-8.1984622102533245e-05
-6.8579288138486132e-04
-6.5531935255390948e-04
-6.1170987452208354e-04
-5.6950254166043877e-04
-5.2905682534141335e-04
-4.8822159638985444e-04
-4.4634100441251381e-04
-4.0160848081789995e-04
-3.6224909952419822e-04
-3.2443439427377050e-04
-2.8874682670306011e-04
-2.5111699436678586e-04
-2.2051328585594946e-04
-1.9388024858960022e-04
-1.7058543187609249e-04
-1.4858498565269585e-04
-1.3192128976743302e-04
-1.1928155547488772e-04
-1.0929853581634371e-04
-1.0124749055706684e-04
-9.6226004898510928e-05
-9.3157993909496510e-05
-9.1475026150675905e-05
-9.1066493279109777e-05
-9.1545976783814997e-05
-9.2549730448796634e-05
-9.4005724225413708e-05
-9.5971956359932700e-05
-9.7701600374450559e-05
-9.9515894121159868e-05
-1.0136113975308567e-04
-1.0313446208438958e-04
-1.0461802570110096e-04
-1.0594240832792942e-04
-1.0720918046629791e-04
-1.0822712560464504e-04
-1.0905810592361790e-04
-1.0972192073995614e-04
-1.1031410003580948e-04
-1.1069508615384047e-04
-1.1091257373365008e-04
-1.1107667444292220e-04
-1.1114031128932989e-04
-1.1106851369026628e-04
-1.1093301060970951e-04
-1.1073737349352070e-04
-1.1045332217357376e-04
-1.1011116549647810e-04
-1.0974807842128735e-04
-1.0933492593359191e-04
-1.0888781873995390e-04
-1.0837466395576949e-04
-1.0787308817688996e-04
-1.0734433955186671e-04
-1.0676641222499271e-04
-1.0621315073130730e-04
-1.0564945313515142e-04
-1.0500893477740595e-04
-1.0441710325553814e-04
-1.0382205861304318e-04
-1.0316793656695108e-04
-1.0256464340489364e-04
-1.0196509521160145e-04
-1.0126808524699564e-04
-1.0066561776823935e-04
-1.0004386149489015e-04
-9.9368124455389328e-05
-9.8767362538311978e-05
-9.8130061814033219e-05
-9.7458723421882010e-05
-9.6854934506088755e-05
-9.6196871200448952e-05
-9.5563209827259049e-05
-9.4970090860713464e-05
-9.4284686023700487e-05
-9.3680819979265217e-05
-9.3076166877383088e-05
-9.2379844466370587e-05
-9.1819025841971232e-05
-9.1184575550411312e-05
-9.0538436847738599e-05
-8.9977486682646883e-05
-8.9290043291155770e-05
-8.8711297871835607e-05
-8.8125940182618744e-05
-8.7462957214927436e-05
-8.6912230271984475e-05
-8.6272811159009499e-05
-8.5666760151968582e-05
-8.5110392427857804e-05
-8.4455218688081834e-05
-8.3909639159830693e-05
-8.3291474274078275e-05
-8.2707870802700963e-05
-8.2129867704486753e-05
-8.1516841988622837e-05
-8.0976666117863009e-05
-8.0341298875833040e-05
-7.9809364362424273e-05
-7.9213871833591705e-05
-7.8625646412640239e-05
-7.8102807153015966e-05
-7.7457652644099355e-05
-7.6959594552785415e-05
-7.6341990849620173e-05
-7.5808166904201780e-05
-7.5240567533737675e-05
-7.4671946431935823e-05
-7.4127113458438964e-05
-7.3551020890634140e-05
-7.3035661761579408e-05
-7.2427544012335020e-05
-7.1939814830603927e-05
-7.1332916048100236e-05
-7.0824853586592222e-05
-7.0258279110088818e-05
-6.9719753930135012e-05
-6.9182577215022445e-05
-6.8636969524429935e-05
-6.8108334744560310e-05
-6.7558747866140455e-05
-6.7041507125845424e-05
-6.6472401362901800e-05
-6.5989027946859868e-05
-6.5397789538421063e-05
-6.4929651963937929e-05
-6.4344877027720974e-05
-6.3871183049908956e-05
-6.3293231890395915e-05
-6.2820526706627923e-05
-6.2235513874195233e-05
-6.1780152716713104e-05
-6.1188523858168945e-05
-6.0735047644715105e-05
-6.0155765651281006e-05
-5.9692860922548275e-05
-5.9122222116778293e-05
-5.8654084194683876e-05
-5.8084398737803045e-05
-5.7624913433161380e-05
-5.7054380849588926e-05
-5.6586360895962891e-05
-5.6041724681970961e-05
-5.5547744087538941e-05
-5.5030763132938799e-05
-5.4517121257503719e-05
-5.4008917059476340e-05
-5.3490916688081411e-05
-5.2991805089790402e-05
-5.2461866664672148e-05
-5.1985759687672020e-05
-5.1428439836456559e-05
-5.0968572169103462e-05
-5.0411079973553091e-05
-4.9937071666772871e-05
-4.9407505846187843e-05
-4.8898563502462138e-05
-4.8406287606906719e-05
-4.7862115074401488e-05
-4.7397455628432607e-05
-4.6833030167830721e-05
-4.6357363801354280e-05
-4.5829188582562670e-05
-4.5320938632969079e-05
-4.4819840928503595e-05
-4.4283382311765012e-05
-4.3807599289698835e-05
-4.3244171017672125e-05
-4.2758990936976910e-05
-4.2230794780879294e-05
-4.1708275313389600e-05
-4.1215772114720722e-05
-4.0651706278884519e-05
-4.0158584044280831e-05
-3.9629206289857771e-05
-3.9096452307893796e-05
-3.8597552959501304e-05
-3.8026194417632389e-05
0.0000000000000000e+00
];
