%Vec Object:dSdr_b_aug_3390 1 MPI processes
%  type: seq
dSdr_b_aug_3390 = [
2.3660739810942191e+03
0.0000000000000000e+00
-1.1639989266006413e-06
-4.7945433316172555e-07
-2.9642280187714026e-07
-2.0991017368920299e-07
-1.5756329533891583e-07
-1.2521280210317398e-07
-1.0328513756398031e-07
-8.6744821747265436e-08
-7.4463099161958653e-08
-6.5049250461490492e-08
-5.7378247095998739e-08
-5.1163087625893064e-08
-4.6067753093458707e-08
-4.1770339563231886e-08
-3.8097396004906247e-08
-3.4963543807167141e-08
-3.2253805795164203e-08
-2.9862017737056765e-08
-2.8597480466205275e-08
-1.6292055507710288e-05
-6.6168109918675116e-04
-6.5728435105433236e-04
-6.1394631126523731e-04
-5.7161368146675488e-04
-5.3104184419011722e-04
-4.9008062931090726e-04
-4.4807309853653018e-04
-4.0320852458595281e-04
-3.6373359350887273e-04
-3.2580970765153946e-04
-2.9002047053306671e-04
-2.5228456071097523e-04
-2.2159511608336178e-04
-1.9488796213219047e-04
-1.7152851343366966e-04
-1.4946692059374691e-04
-1.3275686970829707e-04
-1.2008177677783802e-04
-1.1007008689095371e-04
-1.0199525015622474e-04
-9.6958004852631144e-05
-9.3879146636558934e-05
-9.2188775983332772e-05
-9.1775758584787049e-05
-9.2253026750216340e-05
-9.3255813064655276e-05
-9.4711888338177698e-05
-9.6678697798339413e-05
-9.8408757247751223e-05
-1.0022369969184700e-04
-1.0206928621162977e-04
-1.0384250365486575e-04
-1.0532562782089511e-04
-1.0664903570591101e-04
-1.0791414565551878e-04
-1.0893018224930212e-04
-1.0975893810888780e-04
-1.1041993570167288e-04
-1.1100881179784072e-04
-1.1138643729888164e-04
-1.1160018712958676e-04
-1.1175979785054701e-04
-1.1181932188624493e-04
-1.1174315740713585e-04
-1.1160281155909082e-04
-1.1140218062012452e-04
-1.1111328558057132e-04
-1.1076601034914686e-04
-1.1039746879513674e-04
-1.0997927725318911e-04
-1.0952710879269757e-04
-1.0900795505856862e-04
-1.0850120805122417e-04
-1.0796731944786064e-04
-1.0738329928534682e-04
-1.0682489300581015e-04
-1.0625607002739575e-04
-1.0560930899577010e-04
-1.0501231780151797e-04
-1.0441205676724476e-04
-1.0375186850025585e-04
-1.0314344412232542e-04
-1.0253872766386220e-04
-1.0183559547995337e-04
-1.0122801742172207e-04
-1.0060102685654468e-04
-9.9919420962504320e-05
-9.9313633243990139e-05
-9.8671015854101158e-05
-9.7993947466800229e-05
-9.7385175966051494e-05
-9.6721647239538303e-05
-9.6082609094835122e-05
-9.5484593051300216e-05
-9.4793545163640073e-05
-9.4184517278526292e-05
-9.3574954259873020e-05
-9.2872883026691550e-05
-9.2307224541098804e-05
-9.1667682205105966e-05
-9.1016130904298114e-05
-9.0450406613050863e-05
-8.9757444598996915e-05
-8.9173757797660649e-05
-8.8583516392771292e-05
-8.7915115901153110e-05
-8.7359703830476907e-05
-8.6714962930463675e-05
-8.6103902457617789e-05
-8.5542825801835973e-05
-8.4882161646427734e-05
-8.4332047023142492e-05
-8.3708625712631833e-05
-8.3120155711425745e-05
-8.2537324397389674e-05
-8.1919076639696962e-05
-8.1374356754877048e-05
-8.0733668532171138e-05
-8.0197094868739320e-05
-7.9596663675522567e-05
-7.9003433258434787e-05
-7.8475968848906264e-05
-7.7825527506937323e-05
-7.7323032752888785e-05
-7.6700161404652739e-05
-7.6161837235257283e-05
-7.5589156011898696e-05
-7.5015739252949097e-05
-7.4466163736129908e-05
-7.3885004170919145e-05
-7.3365186636064852e-05
-7.2751740710880552e-05
-7.2259674502376086e-05
-7.1647492133769053e-05
-7.1134914175628616e-05
-7.0563328223903631e-05
-7.0020064128292598e-05
-6.9478067983216917e-05
-6.8927578175715555e-05
-6.8394270116711058e-05
-6.7839634824610955e-05
-6.7317810908036608e-05
-6.6743570240445664e-05
-6.6255670795100112e-05
-6.5659245515694542e-05
-6.5186625245257528e-05
-6.4596607964389094e-05
-6.4118545625198382e-05
-6.3535167998966864e-05
-6.3058132838133388e-05
-6.2467667925056542e-05
-6.2007994554860266e-05
-6.1410878769814983e-05
-6.0953058887990347e-05
-6.0368344123215846e-05
-5.9901044343376994e-05
-5.9324974670460792e-05
-5.8852337517808724e-05
-5.8277272245974785e-05
-5.7813188295130143e-05
-5.7237343100300172e-05
-5.6764642218395780e-05
-5.6214710672146566e-05
-5.5715958961584556e-05
-5.5193758405795594e-05
-5.4675172838364593e-05
-5.4161853744826481e-05
-5.3638720018297863e-05
-5.3134623019387277e-05
-5.2599348326205481e-05
-5.2118420584022279e-05
-5.1555492914854668e-05
-5.1090904138280541e-05
-5.0527791839313926e-05
-5.0048894057284464e-05
-4.9513874096632652e-05
-4.8999746096902606e-05
-4.8502227136076932e-05
-4.7952556877272259e-05
-4.7482906301232633e-05
-4.6912621504223771e-05
-4.6431975718595529e-05
-4.5898085445372152e-05
-4.5384533783517906e-05
-4.4878021012835812e-05
-4.4335842787063060e-05
-4.3854899512799875e-05
-4.3285399066370101e-05
-4.2794944458329121e-05
-4.2261024181294412e-05
-4.1732781403784939e-05
-4.1234888988547847e-05
-4.0664596715129168e-05
-4.0166048180892457e-05
-3.9630801043565963e-05
-3.9092078221327322e-05
-3.8587732318043827e-05
-3.8010105853094245e-05
0.0000000000000000e+00
];
