%Vec Object:dSdr_b_aug_5590 1 MPI processes
%  type: seq
dSdr_b_aug_5590 = [
2.3229072209505175e+03
0.0000000000000000e+00
-8.6887043129750608e-07
-3.5903287308906689e-07
-2.2308357836910998e-07
-1.5844929701771300e-07
-1.1893557638165287e-07
-9.4505634178406177e-08
-7.7946139813203513e-08
-6.5480294504936201e-08
-5.6222692822558692e-08
-4.9125636895473970e-08
-4.3345104039882456e-08
-3.8661664417420071e-08
-3.4821726151570654e-08
-3.1583179456509697e-08
-2.8815320065625806e-08
-2.6453552730701945e-08
-2.4528166004554410e-08
-9.3225073765948278e-06
-7.2969917089936985e-04
-7.1844044147007652e-04
-6.7987189842598939e-04
-6.4121845687067751e-04
-5.9831290815849723e-04
-5.5690630227119627e-04
-5.1721461719007986e-04
-4.7713105485368859e-04
-4.3600775252798061e-04
-3.9206300955000825e-04
-3.5339297022313654e-04
-3.1622960996559822e-04
-2.8114857823315385e-04
-2.4415157844159005e-04
-2.1405935079859089e-04
-1.8786847568983360e-04
-1.6495923771772889e-04
-1.4332357737967041e-04
-1.2693642417624834e-04
-1.1450763092653559e-04
-1.0469565087567771e-04
-9.6786539763908297e-05
-9.1859072288786057e-05
-8.8855773183207118e-05
-8.7216969250224934e-05
-8.6835189929321271e-05
-8.7327889560471548e-05
-8.8337414154953420e-05
-8.9792921692524437e-05
-9.1755709595261448e-05
-9.3482875264170017e-05
-9.5293299122738240e-05
-9.7136511177536104e-05
-9.8910459317499562e-05
-1.0039664465728467e-04
-1.0172684242071748e-04
-1.0300353083295969e-04
-1.0403286194048743e-04
-1.0487711289730216e-04
-1.0555773463611083e-04
-1.0616962006645607e-04
-1.0657065485495991e-04
-1.0681044098129617e-04
-1.0700132791108034e-04
-1.0708950032819297e-04
-1.0704375395481737e-04
-1.0693714144610634e-04
-1.0677129624586018e-04
-1.0651614136381704e-04
-1.0620452072292042e-04
-1.0587397372823392e-04
-1.0549088299959852e-04
-1.0507397008110769e-04
-1.0459660356170561e-04
-1.0412587806348989e-04
-1.0362779328842300e-04
-1.0308621432746559e-04
-1.0256364536542276e-04
-1.0203052454450622e-04
-1.0142724845233259e-04
-1.0086619827266393e-04
-1.0030227334701786e-04
-9.9684340892205851e-05
-9.9111659308812454e-05
-9.8542943721814812e-05
-9.7882457422031807e-05
-9.7310478411051675e-05
-9.6719948643847362e-05
-9.6079223757585363e-05
-9.5508444543863994e-05
-9.4902861747933598e-05
-9.4265707108233003e-05
-9.3691643077620731e-05
-9.3066185138754879e-05
-9.2464600272163330e-05
-9.1900696071577830e-05
-9.1248956297976263e-05
-9.0675884535406314e-05
-9.0100522798766905e-05
-8.9438496459101673e-05
-8.8906551265590595e-05
-8.8302478873811884e-05
-8.7688630421343605e-05
-8.7156161537624819e-05
-8.6501640912602752e-05
-8.5952374582823235e-05
-8.5396151960077124e-05
-8.4765488629207943e-05
-8.4242712025517103e-05
-8.3635041406795251e-05
-8.3058875661286391e-05
-8.2530600285242044e-05
-8.1908181037294899e-05
-8.1389656790522931e-05
-8.0802850464214437e-05
-8.0248279534111998e-05
-7.9699080405429558e-05
-7.9117208129487611e-05
-7.8604140749777957e-05
-7.8000517193103040e-05
-7.7496258729410758e-05
-7.6930229080260793e-05
-7.6371862258661855e-05
-7.5876615527894378e-05
-7.5263000989478777e-05
-7.4791410959021434e-05
-7.4205232756063228e-05
-7.3698256063142110e-05
-7.3160973802460758e-05
-7.2620962436525501e-05
-7.2104422335137958e-05
-7.1558558253865330e-05
-7.1069796902138645e-05
-7.0493465768219814e-05
-7.0031610246878333e-05
-6.9456232068608586e-05
-6.8975107976435908e-05
-6.8438430757530852e-05
-6.7928176811752946e-05
-6.7419751660088636e-05
-6.6903269508858677e-05
-6.6402514393450312e-05
-6.5883045142061617e-05
-6.5393146535922287e-05
-6.4854674385685288e-05
-6.4398302180523011e-05
-6.3838007405255521e-05
-6.3396612527293698e-05
-6.2843112168886234e-05
-6.2395478797570156e-05
-6.1849900645816251e-05
-6.1403027079710837e-05
-6.0850540064520152e-05
-6.0420904549714395e-05
-5.9862009393513931e-05
-5.9434446483139632e-05
-5.8887575119487082e-05
-5.8450890234893342e-05
-5.7912650703404676e-05
-5.7471354139679962e-05
-5.6933763397589160e-05
-5.6501712546671399e-05
-5.5962873763466593e-05
-5.5522779145756243e-05
-5.5009733657456416e-05
-5.4544216446662207e-05
-5.4058374433884583e-05
-5.3574225498665340e-05
-5.3096535605625885e-05
-5.2609159672154680e-05
-5.2139789858705842e-05
-5.1641686417917083e-05
-5.1194339069583728e-05
-5.0670474225856996e-05
-5.0238771688419643e-05
-4.9714807821456428e-05
-4.9269969108849781e-05
-4.8772941557824614e-05
-4.8294935796913960e-05
-4.7833939002190356e-05
-4.7322564852783110e-05
-4.6887681598284371e-05
-4.6358211892204302e-05
-4.5912251965519003e-05
-4.5418171888025505e-05
-4.4941551277163251e-05
-4.4472759278086412e-05
-4.3970423361373744e-05
-4.3525426263942527e-05
-4.2998224528861429e-05
-4.2544512823554392e-05
-4.2050467819169212e-05
-4.1562095579300889e-05
-4.1101747934213517e-05
-4.0574834804002396e-05
-4.0114096400045480e-05
-3.9619755400600790e-05
-3.9122655550567493e-05
-3.8656376388585410e-05
-3.8123085466157664e-05
0.0000000000000000e+00
];
