%Vec Object:dSdr_b_aug_440 1 MPI processes
%  type: seq
dSdr_b_aug_440 = [
2.5329869029903916e+03
0.0000000000000000e+00
-4.0302661552178310e-06
-1.6330587320220767e-06
-9.8466886423198305e-07
-6.8725424811115690e-07
-5.1575287602437925e-07
-4.0998426302286431e-07
-3.3830747867299809e-07
-2.8371046863500408e-07
-2.4319536194210113e-07
-2.1216258560623940e-07
-1.8682784452215245e-07
-1.6630088509669941e-07
-1.4947855575871617e-07
-1.3529024563874594e-07
-1.2316306307065538e-07
-1.1281861811925727e-07
-1.0387626833100927e-07
-9.5984758797100809e-08
-8.9072279383585843e-08
-8.2976785554677530e-08
-7.7496815937342713e-08
-7.2598162684386956e-08
-6.8203592360587400e-08
-6.4215568009104379e-08
-6.0588955242553638e-08
-5.7292856038615295e-08
-5.4278155825852178e-08
-5.1663271846888655e-08
-6.4174632879806378e-08
-1.0708889250663785e-06
-2.7057025338891950e-05
-1.5671662593969696e-04
-2.1882983641726336e-04
-2.1231617202505755e-04
-1.9288275025344055e-04
-1.7097119407185875e-04
-1.5365391441233593e-04
-1.4029237362558393e-04
-1.2963871163662377e-04
-1.2099867932842364e-04
-1.1557978147436743e-04
-1.1223484100162480e-04
-1.1036146577542673e-04
-1.0983738405418936e-04
-1.1026007776174113e-04
-1.1123933369161496e-04
-1.1269815653167587e-04
-1.1468007729826884e-04
-1.1642096626194486e-04
-1.1825258205515333e-04
-1.2010694138649624e-04
-1.2187754024378181e-04
-1.2334950195143555e-04
-1.2464809938865086e-04
-1.2587088043271340e-04
-1.2683830837553208e-04
-1.2761040598636020e-04
-1.2819964502885643e-04
-1.2870438301032980e-04
-1.2899640739592335e-04
-1.2911494963811166e-04
-1.2916019176670564e-04
-1.2911495635141535e-04
-1.2892756103239435e-04
-1.2866386125693811e-04
-1.2833602794869791e-04
-1.2792375396726360e-04
-1.2744609929769978e-04
-1.2693862174181607e-04
-1.2639207583053864e-04
-1.2581098723366297e-04
-1.2513902894387667e-04
-1.2450056093423669e-04
-1.2383574735215302e-04
-1.2309653127038283e-04
-1.2240707759835192e-04
-1.2170770149043606e-04
-1.2090192795621233e-04
-1.2017351024054123e-04
-1.1944037795807541e-04
-1.1862567180822984e-04
-1.1788654579490729e-04
-1.1715018400285008e-04
-1.1629110760359116e-04
-1.1555335359600466e-04
-1.1479303592196341e-04
-1.1396193949716563e-04
-1.1322813531252221e-04
-1.1245009264433702e-04
-1.1162707075337619e-04
-1.1089138361771011e-04
-1.1008864058399323e-04
-1.0931264619495901e-04
-1.0858989258388640e-04
-1.0775510587146524e-04
-1.0701459643537857e-04
-1.0627996882323627e-04
-1.0543146460018394e-04
-1.0474252597323008e-04
-1.0397328021305908e-04
-1.0318386068177183e-04
-1.0249653117552079e-04
-1.0166300031586854e-04
-1.0095344800942393e-04
-1.0023880997005707e-04
-9.9432415814009546e-05
-9.8757665507488151e-05
-9.7977369543017918e-05
-9.7238709388512389e-05
-9.6557688192146977e-05
-9.5757173729359361e-05
-9.5091542509202127e-05
-9.4334231068834228e-05
-9.3621802259572011e-05
-9.2915988072405430e-05
-9.2164726007897769e-05
-9.1504262391329256e-05
-9.0728039739295516e-05
-9.0073299083293887e-05
-8.9347071754944594e-05
-8.8626355625671098e-05
-8.7981080868959827e-05
-8.7195974963322811e-05
-8.6580470989669359e-05
-8.5823423856859287e-05
-8.5170471486374261e-05
-8.4468346960707633e-05
-8.3772776831132078e-05
-8.3102400862477494e-05
-8.2392176448782296e-05
-8.1758795985041117e-05
-8.1009632578081655e-05
-8.0407095219326989e-05
-7.9660331197727033e-05
-7.9032736198903148e-05
-7.8333499857122894e-05
-7.7669527975245315e-05
-7.7004773236423793e-05
-7.6329928126756731e-05
-7.5677584271166822e-05
-7.4994357885111907e-05
-7.4355793335357899e-05
-7.3650758594208407e-05
-7.3047574241071707e-05
-7.2319031326900841e-05
-7.1732230034737119e-05
-7.1008682227411752e-05
-7.0419351302152710e-05
-6.9697753372517725e-05
-6.9110427489303607e-05
-6.8381090007484858e-05
-6.7811578572212321e-05
-6.7074702828186588e-05
-6.6506243851741971e-05
-6.5783148776154702e-05
-6.5203901336865705e-05
-6.4489500117105022e-05
-6.3902261954943223e-05
-6.3190165842552361e-05
-6.2608948926676515e-05
-6.1897785070731833e-05
-6.1305855770561345e-05
-6.0621046137766670e-05
-6.0000769287644269e-05
-5.9345620198428436e-05
-5.8701114319107972e-05
-5.8057514425398902e-05
-5.7403630124695863e-05
-5.6772551668884895e-05
-5.6101358868155662e-05
-5.5497644336035801e-05
-5.4791883041179780e-05
-5.4207047351466591e-05
-5.3500790222389375e-05
-5.2897358944918973e-05
-5.2223423813540026e-05
-5.1577220840188453e-05
-5.0946166302720194e-05
-5.0256475995519450e-05
-4.9659711599455522e-05
-4.8940201569594616e-05
-4.8332747112010432e-05
-4.7653315138321701e-05
-4.7004756213088804e-05
-4.6360356494174889e-05
-4.5672544301939301e-05
-4.5060227895447189e-05
-4.4336145023514550e-05
-4.3711450657848430e-05
-4.3031876682004744e-05
-4.2358057885748464e-05
-4.1723189876622096e-05
-4.0994753449239835e-05
-4.0358728384688904e-05
-3.9675325681382764e-05
-3.8987439572458292e-05
-3.8352446657682833e-05
-3.7658224511434513e-05
0.0000000000000000e+00
];
