%Vec Object:dSdr_b_aug_1370 1 MPI processes
%  type: seq
dSdr_b_aug_1370 = [
2.4416379776251661e+03
0.0000000000000000e+00
-1.9977557645462124e-06
-8.1741466776577829e-07
-5.0016940867857332e-07
-3.5202408443367382e-07
-2.6420394477690154e-07
-2.0997676837663628e-07
-1.7322355893687718e-07
-1.4539040443957467e-07
-1.2472895463710276e-07
-1.0889696884936649e-07
-9.5985788270895584e-08
-8.5524953194915868e-08
-7.6950336981827877e-08
-6.9718430747261546e-08
-6.3537282055679763e-08
-5.8264021124411599e-08
-5.3704912021810379e-08
-4.9681068397295240e-08
-4.6156010289304516e-08
-4.3047256949136824e-08
-4.0251801140085215e-08
-3.7760001793185659e-08
-5.5676031033543698e-08
-2.8718891805719917e-05
-4.9214181645434616e-04
-5.0913081728699134e-04
-4.6836544941584654e-04
-4.2211656719380445e-04
-3.8128941537466792e-04
-3.4207569213634309e-04
-3.0508417500052005e-04
-2.6609369031029164e-04
-2.3439022751931143e-04
-2.0680647671384239e-04
-1.8268260824258183e-04
-1.5989781782729755e-04
-1.4263951370568898e-04
-1.2954622443151354e-04
-1.1919544379859758e-04
-1.1083921862428053e-04
-1.0561557944824772e-04
-1.0240842781802727e-04
-1.0063050078460854e-04
-1.0016444330717909e-04
-1.0061550968960954e-04
-1.0160685453112005e-04
-1.0306389334375898e-04
-1.0503753065383037e-04
-1.0677250325591249e-04
-1.0859511772818874e-04
-1.1044473574617173e-04
-1.1221671239187452e-04
-1.1369463881791014e-04
-1.1500651794416082e-04
-1.1625196852473813e-04
-1.1724543204763003e-04
-1.1804787843744701e-04
-1.1867555578783734e-04
-1.1922536387748592e-04
-1.1956324229141438e-04
-1.1973278460043771e-04
-1.1983929086574984e-04
-1.1985017228062804e-04
-1.1972236034105787e-04
-1.1952473791242892e-04
-1.1926504343556097e-04
-1.1891886018056286e-04
-1.1851104619716499e-04
-1.1807799282843256e-04
-1.1760020282115115e-04
-1.1708817318791208e-04
-1.1649806805339823e-04
-1.1593015934067432e-04
-1.1533547864332069e-04
-1.1467939668698585e-04
-1.1406014146459770e-04
-1.1343069903993206e-04
-1.1271010405298060e-04
-1.1205208786404107e-04
-1.1139013100368437e-04
-1.1065819575241677e-04
-1.0998908295571561e-04
-1.0932323988969206e-04
-1.0854769842536481e-04
-1.0787967603184760e-04
-1.0719077795452459e-04
-1.0643975940430925e-04
-1.0577453005342774e-04
-1.0506903090423427e-04
-1.0432419219796334e-04
-1.0365649020625177e-04
-1.0292832035933939e-04
-1.0222568958235157e-04
-1.0156975441709313e-04
-1.0081196457425080e-04
-1.0014188613691697e-04
-9.9474252140611778e-05
-9.8704187966010943e-05
-9.8081287071092888e-05
-9.7381519721194922e-05
-9.6665952164829062e-05
-9.6043763002629260e-05
-9.5285530755165939e-05
-9.4643400903634585e-05
-9.3995398485179529e-05
-9.3262923484815856e-05
-9.2652099156848998e-05
-9.1944416056296619e-05
-9.1274107293746350e-05
-9.0657336848743177e-05
-8.9931736080286665e-05
-8.9327983684071556e-05
-8.8642393237443187e-05
-8.7996365495898564e-05
-8.7356429593153160e-05
-8.6676419360233437e-05
-8.6077956222446273e-05
-8.5374335351707517e-05
-8.4782893239201466e-05
-8.4124051161293392e-05
-8.3471625336892647e-05
-8.2889458067868195e-05
-8.2176487961266520e-05
-8.1621519641318754e-05
-8.0936346474330711e-05
-8.0344796988465622e-05
-7.9712011365817845e-05
-7.9081875126660371e-05
-7.8476208323855818e-05
-7.7835120068896045e-05
-7.7262571826900562e-05
-7.6586108188769455e-05
-7.6042746862761457e-05
-7.5368074164924040e-05
-7.4802090285162694e-05
-7.4171232342578166e-05
-7.3571919896812577e-05
-7.2972923141630526e-05
-7.2364691313466759e-05
-7.1776111221053592e-05
-7.1161767081712567e-05
-7.0585736814607377e-05
-6.9950764361144331e-05
-6.9409334470630431e-05
-6.8751562800902852e-05
-6.8225924615729960e-05
-6.7573904858692394e-05
-6.7044176889461768e-05
-6.6396619143576136e-05
-6.5868372354671592e-05
-6.5213424401780877e-05
-6.4702749530529702e-05
-6.4040738601195779e-05
-6.3531545211148864e-05
-6.2882575840047261e-05
-6.2363294867874366e-05
-6.1722993145836230e-05
-6.1197142680780429e-05
-6.0558449211386471e-05
-6.0039976177998304e-05
-5.9401297674580937e-05
-5.8873234594162120e-05
-5.8260674163879996e-05
-5.7705493649706294e-05
-5.7121559976892212e-05
-5.6544504590893665e-05
-5.5970690857767581e-05
-5.5386844222408751e-05
-5.4823784275283192e-05
-5.4225396904526413e-05
-5.3687453553632270e-05
-5.3058201693211468e-05
-5.2537776165070104e-05
-5.1908194605507075e-05
-5.1371469031321621e-05
-5.0771943012870759e-05
-5.0196484584236695e-05
-4.9636956430682974e-05
-4.9022265329531762e-05
-4.8493585878486667e-05
-4.7854004140212729e-05
-4.7314468911676877e-05
-4.6712989293123661e-05
-4.6136737789971749e-05
-4.5566185536218825e-05
-4.4956367288061911e-05
-4.4414401409183167e-05
-4.3773095342895291e-05
-4.3220272484999553e-05
-4.2618671573880868e-05
-4.2022765377358326e-05
-4.1461173050113628e-05
-4.0817299747747042e-05
-4.0254671880235588e-05
-3.9650185784924400e-05
-3.9041250677931335e-05
-3.8473562764070014e-05
-3.7827526239460640e-05
0.0000000000000000e+00
];
