%Vec Object:dSdr_b_aug_4110 1 MPI processes
%  type: seq
dSdr_b_aug_4110 = [
2.3483939329217314e+03
0.0000000000000000e+00
-1.0299926385361467e-06
-4.2457443890445972e-07
-2.6288875011445634e-07
-1.8627703450428971e-07
-1.3972608489216980e-07
-1.1095334079500665e-07
-9.1451225341191196e-08
-7.6757034927266192e-08
-6.5846050709126165e-08
-5.7482455404710616e-08
-5.0670113018040143e-08
-4.5151170874762046e-08
-4.0626608185683563e-08
-3.6811124124880090e-08
-3.3550642139321930e-08
-3.0768756046438314e-08
-2.8363456218915990e-08
-2.6307739356989810e-08
-2.8458290903316174e-06
-6.3236048377585444e-04
-6.8976456572359725e-04
-6.5156608972923664e-04
-6.0805532574622592e-04
-5.6606438100466827e-04
-5.2582441537755422e-04
-4.8519435626680842e-04
-4.4352047155381367e-04
-3.9900297807561098e-04
-3.5983175740408744e-04
-3.2219484123767662e-04
-2.8667283178150323e-04
-2.4921573541482475e-04
-2.1875163910435266e-04
-1.9223929302108927e-04
-1.6904972265852691e-04
-1.4714884722758021e-04
-1.3056063555522238e-04
-1.1797847906574474e-04
-1.0804214584485149e-04
-1.0002984249235579e-04
-9.5034019759849964e-05
-9.1983672347759272e-05
-9.0312759436726205e-05
-8.9911529162697872e-05
-9.0394620133631080e-05
-9.1399949047067411e-05
-9.2855810134726452e-05
-9.4821102175315713e-05
-9.6550069715986540e-05
-9.8363307144562761e-05
-1.0020799769261553e-04
-1.0198149083802209e-04
-1.0346577006719371e-04
-1.0479173997055036e-04
-1.0606121881939471e-04
-1.0708227183153931e-04
-1.0791687445752537e-04
-1.0858527683403714e-04
-1.0918283509666528e-04
-1.0956929372378739e-04
-1.0979286792688297e-04
-1.0996428019644564e-04
-1.1003461421665414e-04
-1.0996992748975071e-04
-1.0984231029978872e-04
-1.0965480510177833e-04
-1.0937864127255294e-04
-1.0904481962535548e-04
-1.0869061459733146e-04
-1.0828566768148768e-04
-1.0784680223056071e-04
-1.0734341610660385e-04
-1.0685026113103145e-04
-1.0632988242140589e-04
-1.0576187663737495e-04
-1.0521699288747527e-04
-1.0466164143839472e-04
-1.0403128861880329e-04
-1.0344785908150042e-04
-1.0286130878507562e-04
-1.0221706494190251e-04
-1.0162212742574138e-04
-1.0103099520922474e-04
-1.0034395463466023e-04
-9.9749809197384931e-05
-9.9136576418024159e-05
-9.8470396190719836e-05
-9.7877818262845324e-05
-9.7249175169181626e-05
-9.6587167471176862e-05
-9.5991492171017276e-05
-9.5342328728063538e-05
-9.4717422861488942e-05
-9.4132278269723683e-05
-9.3456062546571351e-05
-9.2860602016436785e-05
-9.2263944197335329e-05
-9.1576983137900793e-05
-9.1024045718100002e-05
-9.0397887283006395e-05
-8.9760562422811483e-05
-8.9207386415935411e-05
-8.8528929516368989e-05
-8.7958230613677515e-05
-8.7380825537543212e-05
-8.6726664433107393e-05
-8.6183566723638068e-05
-8.5552813576471475e-05
-8.4954919952942560e-05
-8.4406220224239199e-05
-8.3759987043840984e-05
-8.3221792436318829e-05
-8.2612187080389592e-05
-8.2036508236093956e-05
-8.1466367374607740e-05
-8.0861845199373770e-05
-8.0329068772556304e-05
-7.9702366182333496e-05
-7.9177986031616834e-05
-7.8590535592708128e-05
-7.8010460275952314e-05
-7.7495152580869762e-05
-7.6858607117464295e-05
-7.6367773659061520e-05
-7.5758747755561736e-05
-7.5232251945496855e-05
-7.4672927831530566e-05
-7.4112115946502153e-05
-7.3575005699418814e-05
-7.3007164196931497e-05
-7.2499065105973494e-05
-7.1899623723343004e-05
-7.1418956926429955e-05
-7.0820661900305524e-05
-7.0319952442500196e-05
-6.9761538618047297e-05
-6.9230730255528884e-05
-6.8701401466592614e-05
-6.8163743780989413e-05
-6.7642718935514705e-05
-6.7101352858223238e-05
-6.6591575328679906e-05
-6.6030831207458904e-05
-6.5554827943705324e-05
-6.4972035797793590e-05
-6.4511197810974909e-05
-6.3934959469397136e-05
-6.3468378896440356e-05
-6.2899264153871881e-05
-6.2433609869053211e-05
-6.1857475161903545e-05
-6.1409135974689280e-05
-6.0826441982665158e-05
-6.0380038960183828e-05
-5.9809603645687116e-05
-5.9353855777384191e-05
-5.8792060547776159e-05
-5.8331249129175508e-05
-5.7770324112947233e-05
-5.7318327197113129e-05
-5.6756445617127308e-05
-5.6296048036855355e-05
-5.5760034686026574e-05
-5.5273823322329127e-05
-5.4765341906656804e-05
-5.4259750278647604e-05
-5.3759875112106422e-05
-5.3250233828532180e-05
-5.2759240386259944e-05
-5.2237991463513551e-05
-5.1769734542653751e-05
-5.1221546373988231e-05
-5.0769366472376698e-05
-5.0221025951840333e-05
-4.9754979561906502e-05
-4.9234295145166658e-05
-4.8733796996370263e-05
-4.8250058767642208e-05
-4.7714838573930392e-05
-4.7258306510373140e-05
-4.6703422189545487e-05
-4.6235864083247323e-05
-4.5716994992160923e-05
-4.5217378041079165e-05
-4.4725097861948752e-05
-4.4197952608772562e-05
-4.3730571996729302e-05
-4.3177030960361326e-05
-4.2700439038004676e-05
-4.2181562866900985e-05
-4.1668361628972645e-05
-4.1184631932118739e-05
-4.0630701729927329e-05
-4.0146409994752847e-05
-3.9626579618933141e-05
-3.9103523313035993e-05
-3.8613431265202408e-05
-3.8051949751652533e-05
0.0000000000000000e+00
];
