%Vec Object:dSdr_b_aug_510 1 MPI processes
%  type: seq
dSdr_b_aug_510 = [
2.5213163649404901e+03
0.0000000000000000e+00
-3.6724410074718753e-06
-1.4900157269881046e-06
-9.0017944207861614e-07
-6.2894996786763418e-07
-4.7197571789457833e-07
-3.7514960369282881e-07
-3.0953173141413217e-07
-2.5959230672337054e-07
-2.2253190542916954e-07
-1.9414381439630894e-07
-1.7097194318360104e-07
-1.5219759220975138e-07
-1.3681120109343926e-07
-1.2383414547544570e-07
-1.1274243553601222e-07
-1.0328109439594052e-07
-9.5102050164650165e-08
-8.7884139585620669e-08
-8.1561613099607870e-08
-7.5986280297287918e-08
-7.0973870905412366e-08
-6.6493131355897579e-08
-6.2473432678787135e-08
-5.8825540728033241e-08
-5.5508192463869968e-08
-5.2493459532470411e-08
-4.9817746451203885e-08
-5.9861857293732637e-08
-1.4826748140221816e-06
-5.2114974336184165e-05
-2.3216643510211749e-04
-2.6329075521258437e-04
-2.4347617477033854e-04
-2.1778319778637163e-04
-1.9359662562280219e-04
-1.7030140026672391e-04
-1.5256400559683181e-04
-1.3907652988301889e-04
-1.2839506365768858e-04
-1.1976019775212727e-04
-1.1435104008822198e-04
-1.1101575437225862e-04
-1.0915019516541174e-04
-1.0863102621789825e-04
-1.0905589555399071e-04
-1.1003584191417921e-04
-1.1149394427379643e-04
-1.1347452826957690e-04
-1.1521449345815875e-04
-1.1704487183821061e-04
-1.1889857092060690e-04
-1.2066930195133832e-04
-1.2214198577577341e-04
-1.2344223022718804e-04
-1.2466783834476591e-04
-1.2563851781719629e-04
-1.2641440844224548e-04
-1.2700845345562181e-04
-1.2751882754902220e-04
-1.2781658648860394e-04
-1.2794150713439273e-04
-1.2799441153922792e-04
-1.2795619469315719e-04
-1.2777625155010108e-04
-1.2752081618294409e-04
-1.2720150512811283e-04
-1.2679749724639841e-04
-1.2632857769177727e-04
-1.2583040851672398e-04
-1.2529246204567455e-04
-1.2472001079217755e-04
-1.2405829003206837e-04
-1.2342864701225990e-04
-1.2277260508665767e-04
-1.2204378674338940e-04
-1.2136311292563573e-04
-1.2067248355608605e-04
-1.1987736345538905e-04
-1.1915775098972924e-04
-1.1843352074837202e-04
-1.1762916690098757e-04
-1.1689879756822040e-04
-1.1617125568063822e-04
-1.1532262714020323e-04
-1.1459359459027341e-04
-1.1384220949138515e-04
-1.1302112854382808e-04
-1.1229590113451246e-04
-1.1152693160990093e-04
-1.1071368822270872e-04
-1.0998650410714107e-04
-1.0919308806848937e-04
-1.0842626939012725e-04
-1.0771187287248656e-04
-1.0688671628258494e-04
-1.0615501576631789e-04
-1.0542876715528897e-04
-1.0459007355412601e-04
-1.0390939437410176e-04
-1.0314883837181470e-04
-1.0236865558679048e-04
-1.0168947325049078e-04
-1.0086536006834353e-04
-1.0016424035699985e-04
-9.9457936501428428e-05
-9.8660787489835162e-05
-9.7994032466712475e-05
-9.7222818265258189e-05
-9.6492706884583498e-05
-9.5819721588459773e-05
-9.5028576653527567e-05
-9.4370684671086732e-05
-9.3622343440929727e-05
-9.2918219470200010e-05
-9.2220644735072088e-05
-9.1478294198128445e-05
-9.0825585028485656e-05
-9.0058442740990988e-05
-8.9411618879737932e-05
-8.8693819474215115e-05
-8.7981644462554377e-05
-8.7344262600006460e-05
-8.6568178769059670e-05
-8.5960246023062095e-05
-8.5212188213232173e-05
-8.4566915531486414e-05
-8.3873463260996839e-05
-8.3186076978650721e-05
-8.2523794220344367e-05
-8.1822216755597470e-05
-8.1196444657406178e-05
-8.0456373906685768e-05
-7.9861237774194634e-05
-7.9123490312197915e-05
-7.8503601099810366e-05
-7.7812916879677657e-05
-7.7157031981182995e-05
-7.6500501619895363e-05
-7.5833987857901482e-05
-7.5189618953800758e-05
-7.4515007691506802e-05
-7.3884264313704454e-05
-7.3187992277865820e-05
-7.2592531556185853e-05
-7.1872840008513328e-05
-7.1293688377435183e-05
-7.0579086581647630e-05
-6.9997210176724360e-05
-6.9284872443548201e-05
-6.8704935548745324e-05
-6.7984901943075041e-05
-6.7422749149167457e-05
-6.6695236710320085e-05
-6.6134190017446047e-05
-6.5420365787745302e-05
-6.4848618272550236e-05
-6.4143484599977251e-05
-6.3563924094193623e-05
-6.2861008346937026e-05
-6.2287638680263050e-05
-6.1585540431902301e-05
-6.1001598719568160e-05
-6.0325825122574307e-05
-5.9713689670498312e-05
-5.9067447275696483e-05
-5.8431377180411921e-05
-5.7796505166021204e-05
-5.7151380166284285e-05
-5.6528808436029036e-05
-5.5866721021923797e-05
-5.5271232049020820e-05
-5.4575039297187031e-05
-5.3998258823470774e-05
-5.3301590875844791e-05
-5.2706501758607902e-05
-5.2041872154581477e-05
-5.1404516259567632e-05
-5.0782406446601225e-05
-5.0102095035654845e-05
-4.9513844570342385e-05
-4.8804329461696960e-05
-4.8205367649647532e-05
-4.7535682776571777e-05
-4.6896164452314498e-05
-4.6260997324052866e-05
-4.5582935490018361e-05
-4.4979412402947991e-05
-4.4265675461875245e-05
-4.3649961021606940e-05
-4.2980126976042282e-05
-4.2316035856820882e-05
-4.1690308134630857e-05
-4.0972410786792996e-05
-4.0345504632564957e-05
-3.9671861037393627e-05
-3.8993612280953373e-05
-3.8366369227050991e-05
-3.7674614584281557e-05
0.0000000000000000e+00
];
