%Vec Object:dSdr_b_aug_4570 1 MPI processes
%  type: seq
dSdr_b_aug_4570 = [
2.3419257649139308e+03
0.0000000000000000e+00
-9.8668885024053259e-07
-4.0712682053862706e-07
-2.5240647479748024e-07
-1.7902963347474688e-07
-1.3436890672226921e-07
-1.0676194214647959e-07
-8.8049301496600809e-08
-7.3950976783404074e-08
-6.3481766492120131e-08
-5.5456473730706868e-08
-4.8918855538813149e-08
-4.3622080563371001e-08
-3.9279467249736180e-08
-3.5617018195305958e-08
-3.2486903639404595e-08
-2.9816126969066196e-08
-2.7506765625725450e-08
-2.6715854274000622e-08
-4.0846245201269718e-05
-7.1486922842716307e-04
-6.8687958389114978e-04
-6.4799255687071373e-04
-6.0468198294509124e-04
-5.6289315810359323e-04
-5.2284304229033849e-04
-4.8240222206409616e-04
-4.4091899126684020e-04
-3.9659982802906895e-04
-3.5760215485674017e-04
-3.2012922014294868e-04
-2.8475991106963764e-04
-2.4746213550786659e-04
-2.1712680871800410e-04
-1.9072578060074985e-04
-1.6763328286512814e-04
-1.4582424529424902e-04
-1.2930565552364976e-04
-1.1677660517781767e-04
-1.0688333258202538e-04
-9.8906762312239556e-05
-9.3934609415239530e-05
-9.0900553730775805e-05
-8.9240759401026714e-05
-8.8846264524815771e-05
-8.9332682734289572e-05
-9.0339464496850343e-05
-9.1795203140279159e-05
-9.3759628038077864e-05
-9.5487971588050657e-05
-9.7300234684270220e-05
-9.9144413210045266e-05
-1.0091806385913951e-04
-1.0240300308360686e-04
-1.0373043695327244e-04
-1.0500241226616924e-04
-1.0602633184521907e-04
-1.0686427552802330e-04
-1.0753690924654837e-04
-1.0813942870147042e-04
-1.0853093470923692e-04
-1.0876012271991813e-04
-1.0893827860765507e-04
-1.0901478964626061e-04
-1.0895666152018565e-04
-1.0883631776020798e-04
-1.0865631291334438e-04
-1.0838742399178625e-04
-1.0806129003494151e-04
-1.0771527723215723e-04
-1.0731789860415506e-04
-1.0688663480335195e-04
-1.0639225866258845e-04
-1.0590687049240315e-04
-1.0539421165296576e-04
-1.0483535686286147e-04
-1.0429820020439352e-04
-1.0375054670429403e-04
-1.0312956992578180e-04
-1.0255388983922156e-04
-1.0197517418228640e-04
-1.0134004136125373e-04
-1.0075281055691243e-04
-1.0016944069784368e-04
-9.9491595251604626e-05
-9.8905125532329814e-05
-9.8299754278306347e-05
-9.7642388644190545e-05
-9.7057359104299712e-05
-9.6436701255875589e-05
-9.5783299594652364e-05
-9.5195107774906091e-05
-9.4554152997376693e-05
-9.3937322651390054e-05
-9.3359533113586423e-05
-9.2691792843428196e-05
-9.2104085023491460e-05
-9.1514801543084095e-05
-9.0836474798274003e-05
-9.0290806498860890e-05
-8.9672295949388143e-05
-8.9043100427508331e-05
-8.8497094819827096e-05
-8.7826926499924045e-05
-8.7263649202984890e-05
-8.6693579122059815e-05
-8.6047554754700088e-05
-8.5511493775794505e-05
-8.4888733576028052e-05
-8.4298363815871430e-05
-8.3756736569917258e-05
-8.3118749605394940e-05
-8.2587366390812994e-05
-8.1985655813525429e-05
-8.1417286153806390e-05
-8.0854396932206771e-05
-8.0257717895460757e-05
-7.9731766258154475e-05
-7.9113055405870809e-05
-7.8595642932483066e-05
-7.8015610020246506e-05
-7.7443051855973221e-05
-7.6934690811641105e-05
-7.6306085800133787e-05
-7.5821915898769944e-05
-7.5220801628683208e-05
-7.4701064840730931e-05
-7.4149373314140273e-05
-7.3595764171352271e-05
-7.3065776893658650e-05
-7.2505545667675363e-05
-7.2004142792576900e-05
-7.1412703958759219e-05
-7.0938551075853357e-05
-7.0348191628682985e-05
-6.9854264134766020e-05
-6.9303377199060571e-05
-6.8779686360879590e-05
-6.8257596023499985e-05
-6.7727270941399711e-05
-6.7213265040624032e-05
-6.6679481333955566e-05
-6.6176587422395677e-05
-6.5623555576535805e-05
-6.5154350101541690e-05
-6.4579348282459099e-05
-6.4125243002510949e-05
-6.3556878307140992e-05
-6.3096858720782789e-05
-6.2535894164706589e-05
-6.2076743218328833e-05
-6.1508797170577197e-05
-6.1066934643607207e-05
-6.0492481649944710e-05
-6.0052602535011746e-05
-5.9490326885162528e-05
-5.9041180101370509e-05
-5.8487541680477163e-05
-5.8033487820877915e-05
-5.7480642941550652e-05
-5.7035552905086405e-05
-5.6481650532780981e-05
-5.6028283420148515e-05
-5.5500223332076818e-05
-5.5021177899788414e-05
-5.4520536012680889e-05
-5.4022369522522206e-05
-5.3530176634850027e-05
-5.3028245361752964e-05
-5.2544739719880520e-05
-5.2031505583881100e-05
-5.1570489209945370e-05
-5.1030723696952413e-05
-5.0585634688625269e-05
-5.0045735302123002e-05
-4.9587032709768614e-05
-4.9074540196931096e-05
-4.8581830730284030e-05
-4.8105967434390940e-05
-4.7579004689561815e-05
-4.7129969239421763e-05
-4.6583885566001590e-05
-4.6123806588653933e-05
-4.5613521571876860e-05
-4.5121867974711186e-05
-4.4637721514950047e-05
-4.4119167537395960e-05
-4.3659538285684069e-05
-4.3115118537078322e-05
-4.2646450277025983e-05
-4.2136173599155563e-05
-4.1631571498158295e-05
-4.1155940521978212e-05
-4.0611368847739191e-05
-4.0135238218604403e-05
-3.9624243564307461e-05
-3.9110195303697182e-05
-3.8628405252625379e-05
-3.8076984832861657e-05
0.0000000000000000e+00
];
