%Vec Object:dSdr_b_aug_1340 1 MPI processes
%  type: seq
dSdr_b_aug_1340 = [
2.4431904965781923e+03
0.0000000000000000e+00
-2.0206672798816605e-06
-8.2653494148594583e-07
-5.0554888523512094e-07
-3.5570076666562905e-07
-2.6691612215490493e-07
-2.1209478838212885e-07
-1.7493919909410855e-07
-1.4680071365732593e-07
-1.2591297136841751e-07
-1.0990774187922660e-07
-9.6855810301876232e-08
-8.6281165075784031e-08
-7.7613354582584293e-08
-7.0303083197135537e-08
-6.4055198819050238e-08
-5.8725066004766862e-08
-5.4116865761148565e-08
-5.0049910569550326e-08
-4.6487125495563721e-08
-4.3345122127498994e-08
-4.0519920238995801e-08
-3.7998092851987657e-08
-4.6124749352340124e-08
-1.6516988953878847e-05
-4.6305853372446694e-04
-5.0838832861872980e-04
-4.6877484771489311e-04
-4.2256425317899264e-04
-3.8171038358663923e-04
-3.4246626503474625e-04
-3.0544594854082981e-04
-2.6642534506165762e-04
-2.3469753074801947e-04
-2.0709272700465895e-04
-1.8295049937218171e-04
-1.6014833973781718e-04
-1.4287686806074474e-04
-1.2977353483902842e-04
-1.1941461015916160e-04
-1.1105162679245319e-04
-1.0582351093966901e-04
-1.0261327805156653e-04
-1.0083324815529376e-04
-1.0036591680434535e-04
-1.0081635389806774e-04
-1.0180742395365638e-04
-1.0326448591495334e-04
-1.0523828721918008e-04
-1.0697337782861527e-04
-1.0879617656856267e-04
-1.1064589141790314e-04
-1.1241783826836488e-04
-1.1389563986359029e-04
-1.1520724210488254e-04
-1.1645222052415424e-04
-1.1744514190637235e-04
-1.1824695641723208e-04
-1.1887383350828951e-04
-1.1942270329249844e-04
-1.1975962709079282e-04
-1.1992810765666660e-04
-1.2003333849815874e-04
-1.2004305165030818e-04
-1.1991399928004288e-04
-1.1971500122483831e-04
-1.1945388820470923e-04
-1.1910632904417240e-04
-1.1869706108585667e-04
-1.1826245832002583e-04
-1.1778323692095270e-04
-1.1726976958616848e-04
-1.1667796039259779e-04
-1.1610858274230238e-04
-1.1551244198492867e-04
-1.1485462930064126e-04
-1.1423391265229966e-04
-1.1360301431389167e-04
-1.1288064603569821e-04
-1.1222116419257055e-04
-1.1155772556639009e-04
-1.1082406714714897e-04
-1.1015349677949498e-04
-1.0948618561844412e-04
-1.0870890507955677e-04
-1.0803943097719270e-04
-1.0734904604956021e-04
-1.0659636039524125e-04
-1.0592970341774034e-04
-1.0522269401907060e-04
-1.0447622765310422e-04
-1.0380711031078816e-04
-1.0307738795911753e-04
-1.0237322985321059e-04
-1.0171590360574330e-04
-1.0095651080087260e-04
-1.0028496609391120e-04
-9.9615937389626845e-05
-9.8844240207822645e-05
-9.8219964504561196e-05
-9.7518750711600601e-05
-9.6801645655954560e-05
-9.6178100358561698e-05
-9.5418300494522847e-05
-9.4774766997465944e-05
-9.4125377313557552e-05
-9.3391363415156706e-05
-9.2779208232488775e-05
-9.2070013428502767e-05
-9.1398281680510237e-05
-9.0780173619492421e-05
-9.0053013247163715e-05
-8.9447972614494165e-05
-8.8760889031502127e-05
-8.8113478906403454e-05
-8.7472171504042432e-05
-8.6790677901363110e-05
-8.6190923993772201e-05
-8.5485791648634232e-05
-8.4893031742491612e-05
-8.4232786790694990e-05
-8.3578939250416936e-05
-8.2995458164494693e-05
-8.2280986283382471e-05
-8.1724757688212579e-05
-8.1038088197474842e-05
-8.0445260380865679e-05
-7.9811031210514125e-05
-7.9179532720141730e-05
-7.8572518753699250e-05
-7.7929991171066086e-05
-7.7356176477366028e-05
-7.6678199321037906e-05
-7.6133606022365223e-05
-7.5457432472612348e-05
-7.4890165924090910e-05
-7.4257884425270776e-05
-7.3657225846434819e-05
-7.3056860087407314e-05
-7.2447241448684620e-05
-7.1857333867853299e-05
-7.1241555679773738e-05
-7.0664223519044378e-05
-7.0027792448145649e-05
-6.9485076897142303e-05
-6.8825831848650230e-05
-6.8298920312385831e-05
-6.7645411418832752e-05
-6.7114442576204873e-05
-6.6465343392341385e-05
-6.5935866633457364e-05
-6.5279369966855149e-05
-6.4767470171871066e-05
-6.4103900630657298e-05
-6.3593473381724959e-05
-6.2942960782121053e-05
-6.2422431355461149e-05
-6.1780586945737179e-05
-6.1253458433420353e-05
-6.0613236778514531e-05
-6.0093457457902222e-05
-5.9453269858993998e-05
-5.8923877118554801e-05
-5.8309812501260805e-05
-5.7753276708790166e-05
-5.7167860361290312e-05
-5.6589400675416405e-05
-5.6014134010658801e-05
-5.5428829200291457e-05
-5.4864353106178305e-05
-5.4264449921556298e-05
-5.3725137190525343e-05
-5.3094292380605116e-05
-5.2572525781231722e-05
-5.1941347783292721e-05
-5.1403233312847289e-05
-5.0802158000444290e-05
-5.0225226544096099e-05
-4.9664209055900633e-05
-4.9047956282327874e-05
-4.8517859063316465e-05
-4.7876612936633550e-05
-4.7335663269863518e-05
-4.6732560251318563e-05
-4.6154802764517890e-05
-4.5582712331281951e-05
-4.4971269400090933e-05
-4.4427837734242477e-05
-4.3784806849504180e-05
-4.3230485762750151e-05
-4.2627258927980474e-05
-4.2029727062129401e-05
-4.1466604005038211e-05
-4.0820962217838629e-05
-4.0256793266757080e-05
-3.9650640468662468e-05
-3.9040011006869907e-05
-3.8470779107301782e-05
-3.7822978574565230e-05
0.0000000000000000e+00
];
