%Vec Object:dSdr_b_aug_4990 1 MPI processes
%  type: seq
dSdr_b_aug_4990 = [
2.3333675390864209e+03
0.0000000000000000e+00
-9.2856421125121533e-07
-3.8201550948976910e-07
-2.3617928654341152e-07
-1.6696054106670237e-07
-1.2480708383830398e-07
-9.8752713292534768e-08
-8.1095705041885477e-08
-6.7817067240524027e-08
-5.7958788436589185e-08
-5.0402036742750137e-08
-4.4254345004484213e-08
-3.9275724212987002e-08
-3.5194391687400462e-08
-3.1754643080913237e-08
-2.8817295535394929e-08
-2.6311292356755587e-08
-2.4145830750565790e-08
-9.7945223922217758e-08
-3.5829062116959231e-04
-7.2080274993145330e-04
-6.8386745427380954e-04
-6.4502945067531215e-04
-6.0189514076435771e-04
-5.6027353719081594e-04
-5.2038025630373385e-04
-4.8009575851267903e-04
-4.3877001871094631e-04
-3.9461468750518749e-04
-3.5576037441508178e-04
-3.1842289767417106e-04
-2.8317972776136272e-04
-2.4601356017152408e-04
-2.1578460427021707e-04
-1.8947553106782211e-04
-1.6646322078712740e-04
-1.4473004643986582e-04
-1.2826896827405819e-04
-1.1578378660166679e-04
-1.0592608452586385e-04
-9.7979031822417970e-05
-9.3026431596525256e-05
-9.0005833867278209e-05
-8.8355224193622126e-05
-8.7966293227201910e-05
-8.8455460018617131e-05
-8.9463442011010672e-05
-9.0919079601990785e-05
-9.2882788282843551e-05
-9.4610616464536350e-05
-9.6422074786083745e-05
-9.8265830426568678e-05
-1.0003961125139607e-04
-1.0152509581891751e-04
-1.0285373917502597e-04
-1.0412777686526449e-04
-1.0515406436822087e-04
-1.0599476790890559e-04
-1.0667089691324960e-04
-1.0727751459281189e-04
-1.0767319006037775e-04
-1.0790701542905794e-04
-1.0809074196077268e-04
-1.0817235559790845e-04
-1.0811964527711772e-04
-1.0800530981046706e-04
-1.0783150070544938e-04
-1.0756862129512921e-04
-1.0724883783029211e-04
-1.0690959229310165e-04
-1.0651846552183806e-04
-1.0609348113600498e-04
-1.0560654777249370e-04
-1.0512757544332611e-04
-1.0462129367300766e-04
-1.0406999814084670e-04
-1.0353922451537603e-04
-1.0299792997436697e-04
-1.0238469835370254e-04
-1.0181541976854103e-04
-1.0124317598324694e-04
-1.0061556939790732e-04
-1.0003470478878184e-04
-9.9457747091002770e-05
-9.8787497355615162e-05
-9.8207368227770436e-05
-9.7608491052174540e-05
-9.6958406784256957e-05
-9.6379612652932719e-05
-9.5765551081609506e-05
-9.5119258506240714e-05
-9.4537248476838802e-05
-9.3903074533278745e-05
-9.3292915035882000e-05
-9.2721201200090126e-05
-9.2060462144807296e-05
-9.1479158513090440e-05
-9.0895966664263639e-05
-9.0224772362380794e-05
-8.9685108777952065e-05
-8.9072915816093686e-05
-8.8450435580331700e-05
-8.7910353120493041e-05
-8.7247031628511008e-05
-8.6689884989773884e-05
-8.6125874021526167e-05
-8.5486571050721996e-05
-8.4956322800484833e-05
-8.4340165218334140e-05
-8.3756010585463173e-05
-8.3220225600589025e-05
-8.2589050466810681e-05
-8.2063293837600685e-05
-8.1468104783321207e-05
-8.0905772912335437e-05
-8.0348873943898190e-05
-7.9758673771287546e-05
-7.9238359783747814e-05
-7.8626250546202629e-05
-7.8114593755175809e-05
-7.7540688125698166e-05
-7.6974339540297068e-05
-7.6471716807695767e-05
-7.5849671043077589e-05
-7.5371005600896964e-05
-7.4776426770897109e-05
-7.4262273300241977e-05
-7.3716886704773717e-05
-7.3169227415807530e-05
-7.2645124094392497e-05
-7.2091179367129939e-05
-7.1595307924132096e-05
-7.1010479626348172e-05
-7.0541707582204337e-05
-6.9957903348221714e-05
-6.9469578115395326e-05
-6.8924908789608420e-05
-6.8407097402037822e-05
-6.7890986406836978e-05
-6.7366718440373604e-05
-6.6858510553930909e-05
-6.6330990281870134e-05
-6.5833782594121876e-05
-6.5287121488109069e-05
-6.4823531333943680e-05
-6.4254964725664560e-05
-6.3806421001393732e-05
-6.3244560339141724e-05
-6.2789960453105216e-05
-6.2235728363342380e-05
-6.1781949491429352e-05
-6.1220767684951307e-05
-6.0784255188886298e-05
-6.0216609664648051e-05
-5.9782119602506350e-05
-5.9226584228122875e-05
-5.8782890241135191e-05
-5.8235989727461818e-05
-5.7787517911528660e-05
-5.7241347593088477e-05
-5.6801962935690665e-05
-5.6254651737650719e-05
-5.5807092080465495e-05
-5.5285601719145921e-05
-5.4812475624828581e-05
-5.4318309494508327e-05
-5.3826276439309096e-05
-5.3340429387024947e-05
-5.2844866842391511e-05
-5.2367546354982938e-05
-5.1860932674745373e-05
-5.1405897171122956e-05
-5.0873088990590944e-05
-5.0433857179292942e-05
-4.9900930329578674e-05
-4.9448293778355102e-05
-4.8942567844941912e-05
-4.8456291823613781e-05
-4.7986933161856941e-05
-4.7466790955434052e-05
-4.7023947469028900e-05
-4.6485132851740852e-05
-4.6031231157642636e-05
-4.5528036004258069e-05
-4.5042959315476205e-05
-4.4565530231941359e-05
-4.4054071246080042e-05
-4.3600842715371114e-05
-4.3063954675747057e-05
-4.2601827942981705e-05
-4.2098649758939038e-05
-4.1601143890018909e-05
-4.1132192646349853e-05
-4.0595335980472915e-05
-4.0125921314315921e-05
-3.9622178974189738e-05
-3.9115472792552546e-05
-3.8640261783470568e-05
-3.8095667273790835e-05
0.0000000000000000e+00
];
