%Vec Object:dSdr_b_aug_3970 1 MPI processes
%  type: seq
dSdr_b_aug_3970 = [
2.3516670630936319e+03
0.0000000000000000e+00
-1.0519600166154354e-06
-4.3288325657761739e-07
-2.6751348603510055e-07
-1.8920296306139578e-07
-1.4168583029241918e-07
-1.1231911823408706e-07
-9.2416019311646001e-08
-7.7426415499974556e-08
-6.6297416429329106e-08
-5.7767074274019838e-08
-5.0822324029096337e-08
-4.5197198027983382e-08
-4.0585896747404148e-08
-3.6698391258865396e-08
-3.3377526513597849e-08
-3.0544329110878930e-08
-2.8094969056978114e-08
-2.5949730684795090e-08
-6.8812897892744804e-07
-5.1238585236217560e-04
-6.9004580907661259e-04
-6.5269107905196208e-04
-6.0912750861172728e-04
-5.6707256066973206e-04
-5.2677224632834325e-04
-4.8608202512500899e-04
-4.4434752814576236e-04
-3.9976698193684186e-04
-3.6054058741102744e-04
-3.2285153860447740e-04
-2.8728098296017398e-04
-2.4977323564675987e-04
-2.1926820119225473e-04
-1.9272046512649717e-04
-1.6950003362930098e-04
-1.4756996128581455e-04
-1.3095961555705909e-04
-1.1836057567135631e-04
-1.0841055270781155e-04
-1.0038688917235721e-04
-9.5383541386308347e-05
-9.2328014557814848e-05
-9.0653566869216282e-05
-9.0250195312826511e-05
-9.0732228517358910e-05
-9.1737095566365334e-05
-9.3192995603240446e-05
-9.5158563345782430e-05
-9.6887729283984896e-05
-9.8701276488959321e-05
-1.0054612983557604e-04
-1.0231957292398967e-04
-1.0380364234367133e-04
-1.0512914683964953e-04
-1.0639783203072182e-04
-1.0741797375109155e-04
-1.0825151423773879e-04
-1.0891857143476392e-04
-1.0951455242190680e-04
-1.0989940634997286e-04
-1.1012119583131758e-04
-1.1029046419176524e-04
-1.1035883443460327e-04
-1.1029206261800412e-04
-1.1016213308102407e-04
-1.0997224339340847e-04
-1.0969376674674316e-04
-1.0935750105088204e-04
-1.0900069157320324e-04
-1.0859333856834785e-04
-1.0815205642176856e-04
-1.0764580586766863e-04
-1.0715018169021031e-04
-1.0662734870009337e-04
-1.0605643365558487e-04
-1.0550909332911875e-04
-1.0495129456822829e-04
-1.0431796094121606e-04
-1.0373206771851596e-04
-1.0314302665357232e-04
-1.0249588625685625e-04
-1.0189849864246875e-04
-1.0130489863685910e-04
-1.0061493476960993e-04
-1.0001834908729534e-04
-9.9402616991327313e-05
-9.8733634450018175e-05
-9.8138656757353526e-05
-9.7507475014071033e-05
-9.6842731305669930e-05
-9.6244676875789964e-05
-9.5592903753742784e-05
-9.4965430537153437e-05
-9.4377947644556719e-05
-9.3699037425577081e-05
-9.3101112172490401e-05
-9.2502109921419707e-05
-9.1812403861052857e-05
-9.1257155459990418e-05
-9.0628565625269672e-05
-8.9988656300924176e-05
-8.9433200693789396e-05
-8.8752108704265295e-05
-8.8179050338113246e-05
-8.7599313333505625e-05
-8.6942565412426496e-05
-8.6397230598012317e-05
-8.5763936347371748e-05
-8.5163650750521975e-05
-8.4612702550395337e-05
-8.3963847747710297e-05
-8.3423487673739801e-05
-8.2811372423543397e-05
-8.2233369855748401e-05
-8.1660923565128225e-05
-8.1053907912688401e-05
-8.0518961759943350e-05
-7.9889718449844966e-05
-7.9363123146416965e-05
-7.8773314539454202e-05
-7.8190849381724414e-05
-7.7673333218286717e-05
-7.7034263339112094e-05
-7.6541311412667339e-05
-7.5929770255062231e-05
-7.5401125626523390e-05
-7.4839374971930845e-05
-7.4276273201508296e-05
-7.3736898430113698e-05
-7.3166637479447224e-05
-7.2656409536379069e-05
-7.2054423994734367e-05
-7.1571686302331815e-05
-7.0970868407657599e-05
-7.0468002836020810e-05
-6.9907196072479860e-05
-6.9374124914848610e-05
-6.8842494885626391e-05
-6.8302506026793260e-05
-6.7779249725513681e-05
-6.7235473068907184e-05
-6.6723507105631417e-05
-6.6160311105212992e-05
-6.5682146693630292e-05
-6.5096877853612002e-05
-6.4633899408737269e-05
-6.4055157883311008e-05
-6.3586491444142228e-05
-6.3014785599475599e-05
-6.2547063774573590e-05
-6.1968325732703072e-05
-6.1517927485478760e-05
-6.0932613517614864e-05
-6.0484136412664705e-05
-5.9911106977927611e-05
-5.9453260489187181e-05
-5.8888872045107725e-05
-5.8425912257632029e-05
-5.7862418399638702e-05
-5.7408225640507692e-05
-5.6843807302757418e-05
-5.6381174584785493e-05
-5.5842632720827824e-05
-5.5354143148699443e-05
-5.4843169373465960e-05
-5.4335217125329584e-05
-5.3832899585895686e-05
-5.3320807109524435e-05
-5.2827433115197598e-05
-5.2303636097369416e-05
-5.1833077221469646e-05
-5.1282211277813944e-05
-5.0827776986532974e-05
-5.0276752802050587e-05
-4.9808371603032357e-05
-4.9285082738081340e-05
-4.8782108320480455e-05
-4.8295866388109636e-05
-4.7758020863897950e-05
-4.7299105333520364e-05
-4.6741422942808771e-05
-4.6271486871355845e-05
-4.5749888492965065e-05
-4.5247739543576303e-05
-4.4752873140578178e-05
-4.4222996113661036e-05
-4.3753150643232263e-05
-4.3196709067830728e-05
-4.2717597142870908e-05
-4.2195985796052629e-05
-4.1680049022906212e-05
-4.1193742130684444e-05
-4.0636832920441455e-05
-4.0149940478118389e-05
-3.9627289893356782e-05
-3.9101345950270835e-05
-3.8608547496642132e-05
-3.8043510216173077e-05
0.0000000000000000e+00
];
