%Vec Object:dSdr_b_aug_4600 1 MPI processes
%  type: seq
dSdr_b_aug_4600 = [
2.3415000658865201e+03
0.0000000000000000e+00
-9.8381638022667272e-07
-4.0592785644854295e-07
-2.5165817507670907e-07
-1.7849145731753650e-07
-1.3395542021358526e-07
-1.0642552596331650e-07
-8.7765194985906045e-08
-7.3706927960992958e-08
-6.3267507241763273e-08
-5.5265055148474301e-08
-4.8746225691747324e-08
-4.3464723559698216e-08
-3.9134645078923951e-08
-3.5482818921748191e-08
-3.2361836004192174e-08
-2.9698861650226634e-08
-2.7396265665487698e-08
-2.6878837795076859e-08
-4.7714310396978110e-05
-7.1603537935729846e-04
-6.8664858255643093e-04
-6.4775727941216896e-04
-6.0446056404935412e-04
-5.6268502190796670e-04
-5.2264736696747041e-04
-4.8221896700311433e-04
-4.4074824931868807e-04
-3.9644210300912342e-04
-3.5745582020936891e-04
-3.1999364802343198e-04
-2.8463436107191751e-04
-2.4734704214668271e-04
-2.1702016683356428e-04
-1.9062644480227436e-04
-1.6754031819402697e-04
-1.4573730817882521e-04
-1.2922328787343931e-04
-1.1669772302125669e-04
-1.0680727660599239e-04
-9.8833051591389046e-05
-9.3862452208053247e-05
-9.0829465793325847e-05
-8.9170401206594004e-05
-8.8776348393956959e-05
-8.9262984980775640e-05
-9.0269862099650754e-05
-9.1725592708786856e-05
-9.3689960695768750e-05
-9.5418263293435082e-05
-9.7230462443420528e-05
-9.9074607365470411e-05
-1.0084826835343868e-04
-1.0233325089647739e-04
-1.0366078085131688e-04
-1.0493292002626343e-04
-1.0595702775279879e-04
-1.0679519071164161e-04
-1.0746810213827520e-04
-1.0807094720666888e-04
-1.0846278448792119e-04
-1.0869234094809202e-04
-1.0887093943769065e-04
-1.0894785589069969e-04
-1.0889015822323426e-04
-1.0877029183792697e-04
-1.0859077925912897e-04
-1.0832236780916664e-04
-1.0799673841589001e-04
-1.0765126329059163e-04
-1.0725438138941487e-04
-1.0682361650507359e-04
-1.0632983171330915e-04
-1.0584495329912246e-04
-1.0533280113518713e-04
-1.0477454694893509e-04
-1.0423789743988685e-04
-1.0369074917650339e-04
-1.0307038777223323e-04
-1.0249521630256120e-04
-1.0191701485365835e-04
-1.0128248001295974e-04
-1.0069575502040450e-04
-1.0011289462528740e-04
-9.9435652679453899e-05
-9.8849686737739051e-05
-9.8244831456285729e-05
-9.7588044347050664e-05
-9.7003510227698504e-05
-9.6383376471877979e-05
-9.5730539647416211e-05
-9.5142838988140048e-05
-9.4502422966845126e-05
-9.3886122638445299e-05
-9.3308815832130593e-05
-9.2641631828152118e-05
-9.2054432838906423e-05
-9.1465633355680096e-05
-9.0787873303532323e-05
-9.0242682095543060e-05
-8.9624673496645113e-05
-8.8996011524138021e-05
-8.8450476528161991e-05
-8.7780852209041200e-05
-8.7218062011135068e-05
-8.6648473344760307e-05
-8.6002983012343001e-05
-8.5467383872094309e-05
-8.4845148269971569e-05
-8.4255272320245210e-05
-8.3714109259436830e-05
-8.3076663515201606e-05
-8.2545727349750175e-05
-8.1944534926995820e-05
-8.1376644987747647e-05
-8.0814231709801576e-05
-8.0218067438286844e-05
-7.9692563729318456e-05
-7.9074377395213844e-05
-7.8557422228245721e-05
-7.7977876147191231e-05
-7.7405811352788565e-05
-7.6897906234815047e-05
-7.6269822375389017e-05
-7.5786089820185018e-05
-7.5185494810724505e-05
-7.4666201634520082e-05
-7.4115011054016918e-05
-7.3561874645445083e-05
-7.3032354866257529e-05
-7.2472623121987839e-05
-7.1971659736419079e-05
-7.1380746130124195e-05
-7.0907020771767136e-05
-7.0317182156672000e-05
-6.9823699780065314e-05
-6.9273306852992491e-05
-6.8750083155772135e-05
-6.8228467896094751e-05
-6.7698624071102278e-05
-6.7185078841163512e-05
-6.6651792784404757e-05
-6.6149350661774215e-05
-6.5596824991731749e-05
-6.5128065672401359e-05
-6.4553575151770343e-05
-6.4099911755906137e-05
-6.3532063827362992e-05
-6.3072474854540192e-05
-6.2512045215240054e-05
-6.2053321098684422e-05
-6.1485912492656954e-05
-6.1044475044422385e-05
-6.0470562927474365e-05
-6.0031111992083503e-05
-5.9469371880637581e-05
-5.9020658341523570e-05
-5.8467555271390555e-05
-5.8013944926076765e-05
-5.7461630365095406e-05
-5.7016993642940956e-05
-5.6463614964438982e-05
-5.6010709277215588e-05
-5.5483171179771228e-05
-5.5004596063326718e-05
-5.4504468701756333e-05
-5.4006789539341266e-05
-5.3515100855966270e-05
-5.3013675606936188e-05
-5.2530661404556022e-05
-5.2017953295102627e-05
-5.1557412131915659e-05
-5.1018199413944116e-05
-5.0573575793083648e-05
-5.0034230413062391e-05
-4.9576009805410574e-05
-4.9064054939683814e-05
-4.8571856654550153e-05
-4.8096510199717945e-05
-4.7570089399797163e-05
-4.7121545957157790e-05
-4.6576039875855801e-05
-4.6116451753206339e-05
-4.5606730107849480e-05
-4.5115599138082074e-05
-4.4631986481406348e-05
-4.4113996329745678e-05
-4.3654875768075137e-05
-4.3111054607000495e-05
-4.2642906311826209e-05
-4.2133193926376318e-05
-4.1629156050802689e-05
-4.1154056387099382e-05
-4.0610098590076335e-05
-4.0134503028545208e-05
-3.9624087254544890e-05
-3.9110628017556575e-05
-3.8629376660258687e-05
-3.8078583613245598e-05
0.0000000000000000e+00
];
