%Vec Object:dSdr_b_aug_1620 1 MPI processes
%  type: seq
dSdr_b_aug_1620 = [
2.4274070424438296e+03
0.0000000000000000e+00
-1.7988792142419107e-06
-7.3668302154891812e-07
-4.5148248337376252e-07
-3.1797899972890628e-07
-2.3852970088243054e-07
-1.8946406832340506e-07
-1.5620935795340646e-07
-1.3105083486816449e-07
-1.1237455399390628e-07
-9.8063015691650547e-08
-8.6395654482577583e-08
-7.6943215860750687e-08
-6.9195103887800294e-08
-6.2660935861801467e-08
-5.7076840719903073e-08
-5.2312957582386585e-08
-4.8194341575040279e-08
-4.4559776721496998e-08
-4.1375769920689174e-08
-3.8567781690093337e-08
-3.6043609610658013e-08
-3.6304048603004079e-08
-7.8305291139960301e-06
-4.6776578376235491e-04
-5.4633821579962876e-04
-5.0793809686663124e-04
-4.6488799154260598e-04
-4.1875307056234618e-04
-3.7815652537588271e-04
-3.3917197058176473e-04
-3.0239494655689574e-04
-2.6362841121325883e-04
-2.3210597181543737e-04
-2.0467871483788392e-04
-1.8069131451396630e-04
-1.5803563321335678e-04
-1.4087520625669707e-04
-1.2785657571085538e-04
-1.1756633145717935e-04
-1.0926034133988775e-04
-1.0406997829266710e-04
-1.0088573039225820e-04
-9.9123434497878316e-05
-9.8666846127376748e-05
-9.9122590298408275e-05
-1.0011597783492239e-04
-1.0157284472969180e-04
-1.0354526319035461e-04
-1.0527935875706195e-04
-1.0710060365955935e-04
-1.0894950203034488e-04
-1.1072170026288048e-04
-1.1220055468513092e-04
-1.1351449205152151e-04
-1.1476345239014824e-04
-1.1576094583682846e-04
-1.1656808918949837e-04
-1.1720171510129680e-04
-1.1775849787267681e-04
-1.1810347219866491e-04
-1.1828090671857299e-04
-1.1839689352309772e-04
-1.1841645892375318e-04
-1.1829786740836980e-04
-1.1811047033565724e-04
-1.1786132022614636e-04
-1.1752536439709882e-04
-1.1712835814281466e-04
-1.1670682179619552e-04
-1.1623967165191613e-04
-1.1573832878110977e-04
-1.1516089029793580e-04
-1.1460390052518262e-04
-1.1402007278240307e-04
-1.1337685570996979e-04
-1.1276846359052766e-04
-1.1214984329750295e-04
-1.1144242956965328e-04
-1.1079530791273363e-04
-1.1014436534465142e-04
-1.0942523877415116e-04
-1.0876696042139557e-04
-1.0811203002712790e-04
-1.0734941547975457e-04
-1.0669218395451705e-04
-1.0601433795985963e-04
-1.0527571135214251e-04
-1.0462109388734160e-04
-1.0392682078807831e-04
-1.0319408086298158e-04
-1.0253689951587191e-04
-1.0182026980526756e-04
-1.0112899197654302e-04
-1.0048339686741945e-04
-9.9737522181579576e-05
-9.9078342840220584e-05
-9.8421076009346331e-05
-9.7663150323967876e-05
-9.7050468673376774e-05
-9.6361453028932383e-05
-9.5657314001653315e-05
-9.5045205253166211e-05
-9.4298625401299742e-05
-9.3666929118537784e-05
-9.3029238507491446e-05
-9.2308202434441183e-05
-9.1707270600244911e-05
-9.1010824280466241e-05
-9.0351092840759077e-05
-8.9744265149233244e-05
-8.9030257214018835e-05
-8.8436080518910568e-05
-8.7761588839430234e-05
-8.7125836612587154e-05
-8.6496095324960510e-05
-8.5827111258463017e-05
-8.5238242650578802e-05
-8.4545856850911646e-05
-8.3964210143586205e-05
-8.3315795885447740e-05
-8.2673937937651238e-05
-8.2101536510165103e-05
-8.1399729368133962e-05
-8.0854128902621238e-05
-8.0180078183351660e-05
-7.9598030756957303e-05
-7.8975975285272635e-05
-7.8355964901482598e-05
-7.7760311804603229e-05
-7.7129922329267892e-05
-7.6566787842218301e-05
-7.5901574451200994e-05
-7.5367370588807808e-05
-7.4703853984430649e-05
-7.4147404398476803e-05
-7.3527127991399017e-05
-7.2937821577697228e-05
-7.2349000855966077e-05
-7.1751077420464894e-05
-7.1172364763296759e-05
-7.0568680142213836e-05
-7.0002327055399647e-05
-6.9378196736948698e-05
-6.8846323356705044e-05
-6.8199503540135073e-05
-6.7683330361150175e-05
-6.7042379580552319e-05
-6.6521875194861809e-05
-6.5885775185013277e-05
-6.5366670922845557e-05
-6.4723234778345159e-05
-6.4221664914129500e-05
-6.3571239356652057e-05
-6.3071217378436791e-05
-6.2433719018064750e-05
-6.1923717935188008e-05
-6.1294883186472780e-05
-6.0778532564369408e-05
-6.0151198252854855e-05
-5.9642434954116475e-05
-5.9014973685435029e-05
-5.8496794049209533e-05
-5.7895414340935911e-05
-5.7350307666574575e-05
-5.6777394776755443e-05
-5.6210777578604389e-05
-5.5647763501119049e-05
-5.5074755471216382e-05
-5.4522221698870475e-05
-5.3935101313475266e-05
-5.3407336443509139e-05
-5.2789924852969151e-05
-5.2279467291810449e-05
-5.1661751832492786e-05
-5.1135349598057979e-05
-5.0547339107962314e-05
-4.9982829220069451e-05
-4.9434370716433484e-05
-4.8831286835138229e-05
-4.8313144792590762e-05
-4.7685933444095628e-05
-4.7156910461661257e-05
-4.6567496051638076e-05
-4.6002436623328954e-05
-4.5443315303809746e-05
-4.4845570375842513e-05
-4.4314495924899328e-05
-4.3686005585010049e-05
-4.3144312648348751e-05
-4.2554788560314892e-05
-4.1970953869732475e-05
-4.1420721899585201e-05
-4.0789966818944116e-05
-4.0238749595869307e-05
-3.9646571404239144e-05
-3.9050057991729400e-05
-3.8493360308578660e-05
-3.7857843590062036e-05
0.0000000000000000e+00
];
