%Vec Object:dSdr_b_aug_380 1 MPI processes
%  type: seq
dSdr_b_aug_380 = [
2.5446019811142510e+03
0.0000000000000000e+00
-4.4214093446207809e-06
-1.7892218310041749e-06
-1.0767453951147463e-06
-7.5074650422585275e-07
-5.6343640934008142e-07
-4.4793800670197013e-07
-3.6966916775313389e-07
-3.1000049080306164e-07
-2.6572364704152893e-07
-2.3181128180900897e-07
-2.0412105841387632e-07
-1.8168535182190919e-07
-1.6329918178747989e-07
-1.4779166646677001e-07
-1.3453666052305578e-07
-1.2323035648994868e-07
-1.1345662660639643e-07
-1.0483140236863968e-07
-9.7276321385658220e-08
-9.0614250752846815e-08
-8.4624976906421455e-08
-7.9271097074902108e-08
-7.4468187822304805e-08
-7.0109658118484200e-08
-6.6146160215984733e-08
-6.2543900889021802e-08
-5.9248070039809858e-08
-5.6215281520254893e-08
-5.3636526845642490e-08
-6.2415860840561698e-08
-5.2876584059069737e-07
-9.5982965621426752e-06
-7.5673606497398248e-05
-1.6021630414869822e-04
-1.7687688135398406e-04
-1.6618687910976862e-04
-1.5255998032758167e-04
-1.4053483002846972e-04
-1.3040428083642541e-04
-1.2198644701769222e-04
-1.1666729289343874e-04
-1.1336893632193461e-04
-1.1151818017499378e-04
-1.1100639994866933e-04
-1.1143693158298635e-04
-1.1242144552185868e-04
-1.1388455574253391e-04
-1.1586994766662180e-04
-1.1761305545553432e-04
-1.1944668323814384e-04
-1.2130216768621929e-04
-1.2307291585190121e-04
-1.2454432884809156e-04
-1.2584139413246605e-04
-1.2706143416879486e-04
-1.2802567715762870e-04
-1.2879404000994642e-04
-1.2937853367301922e-04
-1.2987769999175675e-04
-1.3016405259575286e-04
-1.3027628430004441e-04
-1.3031394437161323e-04
-1.3026176345696177e-04
-1.3006699321481952e-04
-1.2979511449688543e-04
-1.2945884696597979e-04
-1.2903839221872288e-04
-1.2855209257577944e-04
-1.2803540267717682e-04
-1.2748034604006110e-04
-1.2689070919970550e-04
-1.2620861898580664e-04
-1.2556141701768845e-04
-1.2488792225960163e-04
-1.2413841569538053e-04
-1.2344027273400695e-04
-1.2273224011124668e-04
-1.2191592303807241e-04
-1.2117879090019706e-04
-1.2043684840335931e-04
-1.1961189674003407e-04
-1.1886410437399144e-04
-1.1811901365781889e-04
-1.1724959717560693e-04
-1.1650321167571352e-04
-1.1573405357025110e-04
-1.1489304498421888e-04
-1.1415075249784322e-04
-1.1336373028087194e-04
-1.1253103075812723e-04
-1.1178692831581192e-04
-1.1097495450146482e-04
-1.1018987905558108e-04
-1.0945885455973662e-04
-1.0861453706713335e-04
-1.0786530958156952e-04
-1.0712238940359201e-04
-1.0626417576370329e-04
-1.0556706289199318e-04
-1.0478921702303195e-04
-1.0399065604505763e-04
-1.0329526342779595e-04
-1.0245241205735218e-04
-1.0173451415982564e-04
-1.0101162792569192e-04
-1.0019608401261289e-04
-9.9513420915811910e-05
-9.8724136890671554e-05
-9.7977016166255604e-05
-9.7288041982614102e-05
-9.6478254663977725e-05
-9.5804964059133881e-05
-9.5038774961510349e-05
-9.4318127002540741e-05
-9.3604158377943647e-05
-9.2844076734468667e-05
-9.2175938682632685e-05
-9.1390729357332943e-05
-9.0728153593905311e-05
-8.9993585303790099e-05
-8.9264416186154134e-05
-8.8611329977355711e-05
-8.7817295089335972e-05
-8.7194298012556085e-05
-8.6428354312183264e-05
-8.5767801497699042e-05
-8.5057094202232300e-05
-8.4353424672735112e-05
-8.3675039014256507e-05
-8.2956256936646584e-05
-8.2315346681996018e-05
-8.1557184511723586e-05
-8.0947322374244889e-05
-8.0191634911687873e-05
-7.9556413723147614e-05
-7.8848713461087587e-05
-7.8176737995184703e-05
-7.7503843692589201e-05
-7.6820753149004073e-05
-7.6160516575131726e-05
-7.5468763898894230e-05
-7.4822458869915748e-05
-7.4108751858398202e-05
-7.3497923590015385e-05
-7.2760620662606950e-05
-7.2166248665952534e-05
-7.1433847180691585e-05
-7.0837138682692852e-05
-7.0106376136019083e-05
-6.9511737540667082e-05
-6.8773192218136536e-05
-6.8196398110106874e-05
-6.7450255715732700e-05
-6.6874460984266232e-05
-6.6142190770905994e-05
-6.5555520848106552e-05
-6.4831947763687697e-05
-6.4237111228594235e-05
-6.3515929544430216e-05
-6.2926946423377291e-05
-6.2206810581688068e-05
-6.1606976199097990e-05
-6.0913223861842920e-05
-6.0284889722890456e-05
-5.9620925954114587e-05
-5.8968071457933980e-05
-5.8315833877606444e-05
-5.7653280806684605e-05
-5.7013783565125373e-05
-5.6333579512314286e-05
-5.5721724496402403e-05
-5.5006493615187212e-05
-5.4413686075426982e-05
-5.3697938991197416e-05
-5.3086251945389850e-05
-5.2403107661463247e-05
-5.1748149301925600e-05
-5.1108242795969052e-05
-5.0409270900162184e-05
-4.9804081033934350e-05
-4.9074679933214561e-05
-4.8458821297316298e-05
-4.7769743795115854e-05
-4.7112238746544628e-05
-4.6458703148910897e-05
-4.5761242992023778e-05
-4.5140226218016024e-05
-4.4405907018535351e-05
-4.3772329074926373e-05
-4.3083120625671148e-05
-4.2399681386820758e-05
-4.1755777286720329e-05
-4.1016925665830799e-05
-4.0371900521577172e-05
-3.9678884512870142e-05
-3.8981556827901474e-05
-3.8339165452638698e-05
-3.7643946339284779e-05
0.0000000000000000e+00
];
