%Vec Object:dSdr_b_aug_2110 1 MPI processes
%  type: seq
dSdr_b_aug_2110 = [
2.4060458927100153e+03
0.0000000000000000e+00
-1.5414443146720361e-06
-6.3279546463286380e-07
-3.8918783365674518e-07
-2.7474081609982498e-07
-2.0621193341899143e-07
-1.6387909314537995e-07
-1.3518633437338679e-07
-1.1349977127498542e-07
-9.7399055717234424e-08
-8.5059951831668778e-08
-7.5001141981495159e-08
-6.6851356327903013e-08
-6.0170555001667348e-08
-5.4535933991264700e-08
-4.9720044149610555e-08
-4.5611272686833306e-08
-4.2058763063046701e-08
-3.8923203270282455e-08
-3.6176184085307089e-08
-3.3753918430699504e-08
-3.5614515723862186e-08
-2.0791555859848813e-05
-5.7656936446991408e-04
-5.8356356484784476e-04
-5.4352019437365381e-04
-5.0181332315236179e-04
-4.5900707168301601e-04
-4.1330908340072447e-04
-3.7310473802558902e-04
-3.3449163093485332e-04
-2.9806058615200481e-04
-2.5965504258607298e-04
-2.2842437284138707e-04
-2.0124934358572977e-04
-1.7748189350928409e-04
-1.5503430134126896e-04
-1.3803162592683537e-04
-1.2513332502421808e-04
-1.1494064897856076e-04
-1.0671562410687300e-04
-1.0157889306084128e-04
-9.8431559636620757e-05
-9.6694456755296515e-05
-9.6253129855900706e-05
-9.6716413186093616e-05
-9.7713092826906661e-05
-9.9169682472372844e-05
-1.0114013631749306e-04
-1.0287281819427560e-04
-1.0469185558272330e-04
-1.0653959394684478e-04
-1.0831214919595350e-04
-1.0979249918522769e-04
-1.1110975377327139e-04
-1.1236437079312043e-04
-1.1336835929477368e-04
-1.1418307279454244e-04
-1.1482628609682805e-04
-1.1539431009048450e-04
-1.1575072103405356e-04
-1.1594087559389470e-04
-1.1607214239579129e-04
-1.1610570396883441e-04
-1.1600197322291079e-04
-1.1583105659931571e-04
-1.1559890110109702e-04
-1.1527942906247105e-04
-1.1489984189215220e-04
-1.1449686781882565e-04
-1.1404686620724844e-04
-1.1356274746016574e-04
-1.1300572414574214e-04
-1.1246633270682639e-04
-1.1189999694860392e-04
-1.1127751454601311e-04
-1.1068663076991298e-04
-1.1008545278676606e-04
-1.0939928364322460e-04
-1.0876972099058427e-04
-1.0813653049667144e-04
-1.0743804806658389e-04
-1.0679723191897904e-04
-1.0615988981057899e-04
-1.0541810996516540e-04
-1.0477827040984213e-04
-1.0411823739067403e-04
-1.0339958324831834e-04
-1.0276206921113982e-04
-1.0208588936916232e-04
-1.0137264931045537e-04
-1.0073242430404669e-04
-1.0003439408130425e-04
-9.9361414055983591e-05
-9.8732484292717490e-05
-9.8005813588854864e-05
-9.7364200614830112e-05
-9.6723642824033602e-05
-9.5985281072865689e-05
-9.5389070054429235e-05
-9.4717383241568967e-05
-9.4031663918353367e-05
-9.3435802077907796e-05
-9.2708002743165159e-05
-9.2093122559429796e-05
-9.1472051801782652e-05
-9.0769452194318053e-05
-9.0184464394680523e-05
-8.9506128736055785e-05
-8.8863445090908689e-05
-8.8272642440487782e-05
-8.7577319028347297e-05
-8.6998575787018483e-05
-8.6341972331261912e-05
-8.5722781469197435e-05
-8.5109471158884410e-05
-8.4458258305703538e-05
-8.3884853501955850e-05
-8.3210575615089337e-05
-8.2644716470012852e-05
-8.2013109056110648e-05
-8.1388283687015367e-05
-8.0831622175982202e-05
-8.0147806735603142e-05
-7.9617304741287780e-05
-7.8961180423490836e-05
-7.8394447773182812e-05
-7.7789686428996702e-05
-7.7185996213832334e-05
-7.6606482532270141e-05
-7.5993336626840595e-05
-7.5445374599775644e-05
-7.4798293598194094e-05
-7.4278849126807004e-05
-7.3633313165337308e-05
-7.3092230322262575e-05
-7.2489008530328221e-05
-7.1915829178259845e-05
-7.1343409516542921e-05
-7.0762100470728414e-05
-7.0199291502098023e-05
-6.9612787195288850e-05
-6.9062031163144856e-05
-6.8455375494211660e-05
-6.7938904687348499e-05
-6.7309736363598544e-05
-6.6808818285376607e-05
-6.6185707776568410e-05
-6.5680069392583146e-05
-6.5062436238572997e-05
-6.4558067346257966e-05
-6.3933185218612338e-05
-6.3446290263752543e-05
-6.2814537300324836e-05
-6.2329297271284756e-05
-6.1710287200360299e-05
-6.1215242919030542e-05
-6.0604889969831606e-05
-6.0103850673673257e-05
-5.9494824413228063e-05
-5.9001710751107789e-05
-5.8392328817102594e-05
-5.7890078817696032e-05
-5.7306719624990826e-05
-5.6777849487937515e-05
-5.6222699371532181e-05
-5.5672905983046734e-05
-5.5127298327438805e-05
-5.4571759523977691e-05
-5.4036191454537021e-05
-5.3467230794689751e-05
-5.2955871312757022e-05
-5.2357543514811879e-05
-5.1863152146689292e-05
-5.1264562225222564e-05
-5.0754799079822950e-05
-5.0185349250894550e-05
-4.9638486288516008e-05
-4.9107870018146030e-05
-4.8523494931282030e-05
-4.8022337591132670e-05
-4.7415065431985912e-05
-4.6902987047957385e-05
-4.6333020511598291e-05
-4.5786002090194722e-05
-4.5245307256527395e-05
-4.4667024838027127e-05
-4.4153508865895651e-05
-4.3545679696393065e-05
-4.3021932530151894e-05
-4.2451882858637668e-05
-4.1887517765382984e-05
-4.1355615168835393e-05
-4.0746032973629075e-05
-4.0213255356962378e-05
-3.9641002834710299e-05
-3.9064698844529504e-05
-3.8526246483846026e-05
-3.7910519162525139e-05
0.0000000000000000e+00
];
