%Vec Object:dSdr_b_aug_6610 1 MPI processes
%  type: seq
dSdr_b_aug_6610 = [
2.3072815190815259e+03
0.0000000000000000e+00
-7.8202943342062611e-07
-3.2254663253488209e-07
-2.0012725762992682e-07
-1.4183049224419370e-07
-1.0611396456889979e-07
-8.4032281599067792e-08
-6.9066999791485812e-08
-5.7822117304905425e-08
-4.9472729834339396e-08
-4.3072035290805070e-08
-3.7864870870083288e-08
-3.3647622260067394e-08
-3.0190258735210917e-08
-2.7276077200742994e-08
-2.4787205149774445e-08
-2.2665005020704026e-08
-2.5087806459181175e-07
-5.5468411882932155e-04
-7.5057478750935065e-04
-7.1229783766011822e-04
-6.7381433462726102e-04
-6.3547199388858285e-04
-5.9291195364191132e-04
-5.5182951500274227e-04
-5.1244177669242130e-04
-4.7266116502375782e-04
-4.3184307791989157e-04
-3.8821583902391986e-04
-3.4982362943674196e-04
-3.1292278476099673e-04
-2.7808620889858455e-04
-2.4134426349320192e-04
-2.1145818112413002e-04
-1.8544551334184666e-04
-1.6269167753226859e-04
-1.4120303907918052e-04
-1.2492734256324306e-04
-1.1258356617296050e-04
-1.0284052126366565e-04
-9.4988614743389852e-05
-9.0099040001836119e-05
-8.7121822136740029e-05
-8.5500817978285506e-05
-8.5129821481240566e-05
-8.5627847852636811e-05
-8.6639698491363214e-05
-8.8095010196046972e-05
-9.0056410076536929e-05
-9.1782576886501429e-05
-9.3591440975382870e-05
-9.5433833364291359e-05
-9.7208033670982176e-05
-9.8695275607371536e-05
-1.0002781703164961e-04
-1.0130850201437611e-04
-1.0234242203580298e-04
-1.0319202149861473e-04
-1.0387941699621588e-04
-1.0449924467500189e-04
-1.0490835976831408e-04
-1.0515713298261169e-04
-1.0535881569710787e-04
-1.0545687683611371e-04
-1.0542163005322772e-04
-1.0532666149400253e-04
-1.0517282351732762e-04
-1.0492931494858164e-04
-1.0463000143820336e-04
-1.0431256927627252e-04
-1.0394159452705762e-04
-1.0353685099660671e-04
-1.0307390844528247e-04
-1.0261561672882684e-04
-1.0212989059712621e-04
-1.0160296134493300e-04
-1.0109276258582054e-04
-1.0057196531371836e-04
-9.9983699203945415e-05
-9.9435055020842672e-05
-9.8883672468905479e-05
-9.8280325730462325e-05
-9.7719981722590120e-05
-9.7163692793175859e-05
-9.6517926853299484e-05
-9.5958235799538348e-05
-9.5380291445627463e-05
-9.4753677725281256e-05
-9.4194982627275812e-05
-9.3602183305436642e-05
-9.2978805956045598e-05
-9.2416722130954322e-05
-9.1804405335817310e-05
-9.1215748463142944e-05
-9.0663618871468553e-05
-9.0025447337534548e-05
-8.9464786785852028e-05
-8.8901230530303026e-05
-8.8253026749198841e-05
-8.7732718594081598e-05
-8.7140889594154210e-05
-8.6540055278029937e-05
-8.6019065378467726e-05
-8.5377813816582611e-05
-8.4840428623610001e-05
-8.4295948483855874e-05
-8.3678311132901243e-05
-8.3166799524187466e-05
-8.2571924694145547e-05
-8.2007803787105548e-05
-8.1490850640523536e-05
-8.0881632634437201e-05
-8.0374012641619183e-05
-7.9799844945800108e-05
-7.9256975176671661e-05
-7.8719385086190003e-05
-7.8150068769878412e-05
-7.7647927089070129e-05
-7.7057097382065889e-05
-7.6563993363734875e-05
-7.6009838316890864e-05
-7.5463505586811084e-05
-7.4979379639155007e-05
-7.4378476845329212e-05
-7.3917554396463244e-05
-7.3344041802178033e-05
-7.2847885518454749e-05
-7.2322822144771807e-05
-7.1794341532215511e-05
-7.1289204476501758e-05
-7.0755523563321383e-05
-7.0277482072424871e-05
-6.9713962088402260e-05
-6.9262534582194485e-05
-6.8699860341277509e-05
-6.8229593379956675e-05
-6.7704965830565143e-05
-6.7206106207800834e-05
-6.6709268968949016e-05
-6.6204525456019155e-05
-6.5715006845968240e-05
-6.5207676079418931e-05
-6.4728797333791650e-05
-6.4202671628485309e-05
-6.3757181878681596e-05
-6.3209358496870018e-05
-6.2778741882741059e-05
-6.2237846299461602e-05
-6.1800716283936852e-05
-6.1268185613187970e-05
-6.0831723110861182e-05
-6.0292345163047807e-05
-5.9873077998896175e-05
-5.9327375693703425e-05
-5.8910256766241607e-05
-5.8376448041852179e-05
-5.7950330685296121e-05
-5.7425149214251110e-05
-5.6994670668920394e-05
-5.6470015236165207e-05
-5.6049021439751055e-05
-5.5522956379707702e-05
-5.5094116656314089e-05
-5.4593803344665967e-05
-5.4139757876542317e-05
-5.3666465950637582e-05
-5.3194203701321923e-05
-5.2728812138119065e-05
-5.2253778918492303e-05
-5.1796396073962355e-05
-5.1311123232578429e-05
-5.0875366999364428e-05
-5.0364985671897429e-05
-4.9944634632805775e-05
-4.9434183818729926e-05
-4.9001101423176661e-05
-4.8517187876249297e-05
-4.8051650569541575e-05
-4.7603260261793492e-05
-4.7105104906694087e-05
-4.6682222373941511e-05
-4.6166840913330503e-05
-4.5732853537813767e-05
-4.5252514776092819e-05
-4.4788641622842238e-05
-4.4332869616613164e-05
-4.3844285920538353e-05
-4.3411696089976894e-05
-4.2899094224738740e-05
-4.2458064459673031e-05
-4.1977782325696319e-05
-4.1503170882962022e-05
-4.1055780534084142e-05
-4.0543837379383635e-05
-4.0096144424723425e-05
-3.9615912817980795e-05
-3.9133157872647219e-05
-3.8679955163100035e-05
-3.8161628986796772e-05
0.0000000000000000e+00
];
