%Vec Object:dSdr_b_aug_6940 1 MPI processes
%  type: seq
dSdr_b_aug_6940 = [
2.3027139576833174e+03
0.0000000000000000e+00
-7.6097095172672640e-07
-3.1472227285321876e-07
-1.9586316036001355e-07
-1.3921967811013474e-07
-1.0444832807108865e-07
-8.2947096060503668e-08
-6.8373061510326560e-08
-5.7413508937192520e-08
-4.9274349264826033e-08
-4.3034357503540531e-08
-3.7953775059417669e-08
-3.3837732218030604e-08
-3.0462961502773899e-08
-2.7617039717653539e-08
-2.5185065359248300e-08
-2.3121031467642816e-08
-2.0205284547286165e-06
-7.2271001022485265e-04
-7.4928297087789152e-04
-7.1047373270155111e-04
-6.7207657118998872e-04
-6.3382425751873296e-04
-5.9136330271193757e-04
-5.5037381506785441e-04
-5.1107322942659926e-04
-4.7137948480391578e-04
-4.3064891408533775e-04
-3.8711271525402263e-04
-3.4880016964168348e-04
-3.1197459781605845e-04
-2.7720811642637335e-04
-2.4053930449328154e-04
-2.1071233155502299e-04
-1.8475076236916120e-04
-1.6204148608002392e-04
-1.4059500422287615e-04
-1.2435126644498356e-04
-1.1203186751352027e-04
-1.0230858883739605e-04
-9.4473084965379867e-05
-8.9594375543015681e-05
-8.6624636275196094e-05
-8.5008735908897361e-05
-8.4640831143297513e-05
-8.5140384787371374e-05
-8.6152902292706545e-05
-8.7608157753218832e-05
-8.9569159548920878e-05
-9.1295039892346343e-05
-9.3103456698267467e-05
-9.4945614021631778e-05
-9.6719886599200069e-05
-9.8207431469121516e-05
-9.9540644877797632e-05
-1.0082247579662532e-04
-1.0185771160296720e-04
-1.0270884465545590e-04
-1.0339818241665669e-04
-1.0402028740907759e-04
-1.0443171940335205e-04
-1.0468306952789927e-04
-1.0488784777316586e-04
-1.0498874435575788e-04
-1.0495650817588626e-04
-1.0486487835007322e-04
-1.0471448327145442e-04
-1.0447431411531750e-04
-1.0417852949865069e-04
-1.0386485782872840e-04
-1.0349735716423862e-04
-1.0309610303318385e-04
-1.0263729635241865e-04
-1.0218256984752045e-04
-1.0170038738285133e-04
-1.0117765873045617e-04
-1.0067100695356863e-04
-1.0015374328655015e-04
-9.9569781081145233e-05
-9.9024694144455056e-05
-9.8476907943518936e-05
-9.7877743457570055e-05
-9.7320937078016105e-05
-9.6768211320188811e-05
-9.6126666240715938e-05
-9.5570498588459102e-05
-9.4996162927827300e-05
-9.4373595390154929e-05
-9.3818365245336080e-05
-9.3229231408559535e-05
-9.2609804507937001e-05
-9.2051155841627231e-05
-9.1442607088995282e-05
-9.0857657141059939e-05
-9.0308903756491766e-05
-8.9674622729523244e-05
-8.9117520922262988e-05
-8.8557349726359024e-05
-8.7913109375113699e-05
-8.7396137981093363e-05
-8.6807819610452326e-05
-8.6210716928635046e-05
-8.5693018479024362e-05
-8.5055571648591749e-05
-8.4521593217730783e-05
-8.3980480083105952e-05
-8.3366577763105615e-05
-8.2858296246444800e-05
-8.2267090443339833e-05
-8.1706423238409455e-05
-8.1192716595548950e-05
-8.0587283875186236e-05
-8.0082790537534289e-05
-7.9512246806426269e-05
-7.8972732195303617e-05
-7.8438470848044687e-05
-7.7872754792258279e-05
-7.7373745916601983e-05
-7.6786584682394913e-05
-7.6296679059633071e-05
-7.5745928904102550e-05
-7.5203046796955205e-05
-7.4722109593388218e-05
-7.4124851731116785e-05
-7.3666988077371356e-05
-7.3097107186322787e-05
-7.2604053519707517e-05
-7.2082493758309974e-05
-7.1557319445306639e-05
-7.1055452070970979e-05
-7.0525264529298131e-05
-7.0050296826390949e-05
-6.9490450280206324e-05
-6.9042012879926625e-05
-6.8482981336022506e-05
-6.8015827524853863e-05
-6.7494655070848519e-05
-6.6999062632119421e-05
-6.6505548087166894e-05
-6.6004170487334686e-05
-6.5517873811106578e-05
-6.5014023609703288e-05
-6.4538304679317743e-05
-6.4015719170609108e-05
-6.3573349838491180e-05
-6.3029102482541072e-05
-6.2601576412417206e-05
-6.2064295102452017e-05
-6.1630176806985791e-05
-6.1101387351866236e-05
-6.0667910108619686e-05
-6.0132291038335602e-05
-5.9715996888677056e-05
-5.9174077488148073e-05
-5.8759953265146362e-05
-5.8229890112660284e-05
-5.7806802889613357e-05
-5.7285365681952504e-05
-5.6857989099703049e-05
-5.6337042738440614e-05
-5.5919219451179116e-05
-5.5396817136407376e-05
-5.4971204657122242e-05
-5.4474542185338307e-05
-5.4023786148509187e-05
-5.3554092859855618e-05
-5.3085239032008919e-05
-5.2623373929780790e-05
-5.2151879904791941e-05
-5.1697934257446271e-05
-5.1216340522346837e-05
-5.0783907999198777e-05
-5.0277393015469527e-05
-4.9860297004055227e-05
-4.9353721031773777e-05
-4.8924009773590650e-05
-4.8443856684635215e-05
-4.7981894757181595e-05
-4.7537119436182660e-05
-4.7042754675194781e-05
-4.6623313509650489e-05
-4.6111972040401789e-05
-4.5681418068616237e-05
-4.5205019960602878e-05
-4.4744802583856312e-05
-4.4292764626506590e-05
-4.3808125104673641e-05
-4.3379094018187596e-05
-4.2870679907959185e-05
-4.2433288376814797e-05
-4.1956955045576839e-05
-4.1486292753198157e-05
-4.1042622658764925e-05
-4.0534979448605007e-05
-4.0091039345470810e-05
-3.9614875661879342e-05
-3.9136281296017356e-05
-3.8686961335910686e-05
-3.8173635161238745e-05
0.0000000000000000e+00
];
