%Vec Object:dSdr_b_aug_4260 1 MPI processes
%  type: seq
dSdr_b_aug_4260 = [
2.3460568812574384e+03
0.0000000000000000e+00
-1.0144129288541602e-06
-4.1844320830132892e-07
-2.5930348632699860e-07
-1.8387120429543068e-07
-1.3800265733805857e-07
-1.0965019896326028e-07
-9.0432305066328232e-08
-7.5950620637340281e-08
-6.5196875590488592e-08
-5.6953597610745386e-08
-5.0238120695705113e-08
-4.4797241432566883e-08
-4.0336520523981204e-08
-3.6574455534183892e-08
-3.3359194829114968e-08
-3.0615784340355035e-08
-2.8243615313853071e-08
-2.6341896406874313e-08
-7.7518864770990438e-06
-6.8219686741008184e-04
-6.8902690278708134e-04
-6.5040263508990201e-04
-6.0695373469207153e-04
-5.6502871595912074e-04
-5.2485074947821863e-04
-4.8428249248594243e-04
-4.4267087211867403e-04
-3.9821814995173320e-04
-3.5910360696642313e-04
-3.2152024437759823e-04
-2.8604810429247874e-04
-2.4864303941725776e-04
-2.1822099706330061e-04
-1.9174500555310209e-04
-1.6858713747622091e-04
-1.4671625474551065e-04
-1.3015078041450580e-04
-1.1758596749683537e-04
-1.0766369714980711e-04
-9.9663063618592718e-05
-9.4674971052162720e-05
-9.1629944239209635e-05
-8.9962662464074811e-05
-8.9563631851345384e-05
-9.0047809435895426e-05
-9.1053612818986702e-05
-9.2509433912099033e-05
-9.4474442752238156e-05
-9.6203206502420944e-05
-9.8016125725123812e-05
-9.9860649050315442e-05
-1.0163419362911407e-04
-1.0311868839737465e-04
-1.0444513640351269e-04
-1.0571543055174095e-04
-1.0673741970278935e-04
-1.0757311342611584e-04
-1.0824289771209919e-04
-1.0884207624769944e-04
-1.0923018326174209e-04
-1.0945559083741537e-04
-1.0962920545675169e-04
-1.0970155678492712e-04
-1.0963901198451039e-04
-1.0951377017227596e-04
-1.0932871446069747e-04
-1.0905492649196617e-04
-1.0872361551320399e-04
-1.0837208592625785e-04
-1.0796961068413576e-04
-1.0753322780255067e-04
-1.0703278418581462e-04
-1.0654216571661186e-04
-1.0602430818516384e-04
-1.0545929096022601e-04
-1.0491693074692340e-04
-1.0436409331704707e-04
-1.0373680255327351e-04
-1.0315590385485398e-04
-1.0257191221855240e-04
-1.0193064388058089e-04
-1.0133822324558345e-04
-1.0074962608318160e-04
-1.0006558848156629e-04
-9.9473949803473286e-05
-9.8863284464864118e-05
-9.8199982934221917e-05
-9.7609870181762645e-05
-9.6983834933750260e-05
-9.6324637821463581e-05
-9.5731406499062366e-05
-9.5084923867082838e-05
-9.4462655328636996e-05
-9.3879912772768719e-05
-9.3206464988963825e-05
-9.2613536362574542e-05
-9.2019286877485771e-05
-9.1335145638971822e-05
-9.0784582190681518e-05
-9.0160921426042621e-05
-8.9526251471227152e-05
-8.8975417196395548e-05
-8.8299667207787435e-05
-8.7731392077001471e-05
-8.7156382487249830e-05
-8.6504878704596645e-05
-8.5964079073340600e-05
-8.5335936288708777e-05
-8.4740499832801930e-05
-8.4194109858435961e-05
-8.3550569753853483e-05
-8.3014599633189783e-05
-8.2407572579645791e-05
-8.1834280792614559e-05
-8.1266508195293306e-05
-8.0664547457723183e-05
-8.0133999892989736e-05
-7.9509907270571388e-05
-7.8987802646749163e-05
-7.8402774647990081e-05
-7.7825154307524245e-05
-7.7312115272511501e-05
-7.6678163027937192e-05
-7.6189505776046423e-05
-7.5583063679822006e-05
-7.5058775253651462e-05
-7.4501943815307074e-05
-7.3943484225784043e-05
-7.3408700221784011e-05
-7.2843344108724270e-05
-7.2337431890449479e-05
-7.1740604006896705e-05
-7.1262064546070037e-05
-7.0666361147929640e-05
-7.0167866566923437e-05
-6.9611910899260759e-05
-6.9083427002093829e-05
-6.8556462171380375e-05
-6.8021199192532807e-05
-6.7502466618230266e-05
-6.6963576817619252e-05
-6.6456047364028663e-05
-6.5897821944420454e-05
-6.5424038726461222e-05
-6.4843790772729255e-05
-6.4385151577318921e-05
-6.3811484638915509e-05
-6.3347046776742705e-05
-6.2780593751069028e-05
-6.2317063350475642e-05
-6.1743602925224620e-05
-6.1297378909989030e-05
-6.0717376293352917e-05
-6.0273103873508818e-05
-5.9705333372710613e-05
-5.9251741312325807e-05
-5.8692609964340931e-05
-5.8234005456271941e-05
-5.7675719282706143e-05
-5.7225978043722333e-05
-5.6666702345535683e-05
-5.6208600804959116e-05
-5.5675184863824401e-05
-5.5191313781259054e-05
-5.4685392632923721e-05
-5.4182225940029405e-05
-5.3684859687394138e-05
-5.3177736375420651e-05
-5.2689188335777187e-05
-5.2170556921844921e-05
-5.1704664657466697e-05
-5.1159227203909247e-05
-5.0709363087928950e-05
-5.0163779321345474e-05
-4.9700131316089047e-05
-4.9182122264397511e-05
-4.8684167798674278e-05
-4.8203001425117144e-05
-4.7670478015086528e-05
-4.7216394264790334e-05
-4.6664384140580611e-05
-4.6199268653781834e-05
-4.5683203050276425e-05
-4.5186186884087731e-05
-4.4696563146538781e-05
-4.4172223789406016e-05
-4.3707374802507146e-05
-4.3156812831386751e-05
-4.2682808910432272e-05
-4.2166741546122354e-05
-4.1656349134602402e-05
-4.1175265052804166e-05
-4.0624392270689004e-05
-4.0142767582836616e-05
-3.9625826019528968e-05
-3.9105718442579306e-05
-3.8618356983173858e-05
-3.8060264054175923e-05
0.0000000000000000e+00
];
