%Vec Object:dSdr_b_aug_840 1 MPI processes
%  type: seq
dSdr_b_aug_840 = [
2.4815083822479560e+03
0.0000000000000000e+00
-2.6951399456094650e-06
-1.0977828515782152e-06
-6.6725362689303104e-07
-4.6769710424320176e-07
-3.5080448313332023e-07
-2.7866326664943199e-07
-2.2977184727518047e-07
-1.9266643216644527e-07
-1.6512690601874989e-07
-1.4402822184262121e-07
-1.2681738502493309e-07
-1.1287375299889553e-07
-1.0144555031920724e-07
-9.1807811705300023e-08
-8.3571292592150332e-08
-7.6545166794063075e-08
-7.0471179412139680e-08
-6.5111438827783548e-08
-6.0416432736013102e-08
-5.6276127041833757e-08
-5.2554011519586867e-08
-4.9226645420762132e-08
-4.6241554854824421e-08
-4.3536068997269535e-08
-4.3962051968212379e-08
-1.6795442870431432e-06
-1.5585601632359412e-04
-4.0341222645365489e-04
-3.8739936812292203e-04
-3.4995531807539463e-04
-3.1265923395322785e-04
-2.7308209406165583e-04
-2.4087388639113612e-04
-2.1284782117507922e-04
-1.8833697335617967e-04
-1.6518572800162110e-04
-1.4764954407856673e-04
-1.3434427087115889e-04
-1.2382159593816517e-04
-1.1532272379045137e-04
-1.1000459324855563e-04
-1.0673240347535281e-04
-1.0491008959992230e-04
-1.0441714320560177e-04
-1.0485492633143773e-04
-1.0584047065373763e-04
-1.0729799768924033e-04
-1.0927509614168100e-04
-1.1101255922723218e-04
-1.1283906281241219e-04
-1.1469072436533848e-04
-1.1646207173898568e-04
-1.1793736291504801e-04
-1.1924339725942963e-04
-1.2047888121125340e-04
-1.2146090100126926e-04
-1.2225000948200382e-04
-1.2286079478352022e-04
-1.2339079697100980e-04
-1.2370852522893200e-04
-1.2385565614831339e-04
-1.2393524067895844e-04
-1.2392146231866174e-04
-1.2376746729014876e-04
-1.2354080808822435e-04
-1.2325117094792108e-04
-1.2287594504291441e-04
-1.2243744053385560e-04
-1.2197168247443665e-04
-1.2146367862980796e-04
-1.2092130197999436e-04
-1.2029522757629425e-04
-1.1969631253768799e-04
-1.1907081289285444e-04
-1.1837819875165117e-04
-1.1772809576451358e-04
-1.1706792192085949e-04
-1.1630989634516427e-04
-1.1562094314449999e-04
-1.1492770919133223e-04
-1.1415940135625815e-04
-1.1345952217961346e-04
-1.1276269059204118e-04
-1.1195044079176717e-04
-1.1125177575983069e-04
-1.1053149327930061e-04
-1.0974528555090036e-04
-1.0904992188978732e-04
-1.0831254443918190e-04
-1.0753334914861573e-04
-1.0683577197462450e-04
-1.0607483190982422e-04
-1.0533996244337504e-04
-1.0465466476358880e-04
-1.0386303962276743e-04
-1.0316201117847893e-04
-1.0246493769008137e-04
-1.0166040402919112e-04
-1.0100848369315998e-04
-1.0027818489654369e-04
-9.9530163941896114e-05
-9.8879349598458851e-05
-9.8088028241155101e-05
-9.7416270358394110e-05
-9.6738985670724017e-05
-9.5974027738618382e-05
-9.5335111855525691e-05
-9.4595519852082075e-05
-9.3895174835111972e-05
-9.3250170120664561e-05
-9.2491649407554742e-05
-9.1860705079252624e-05
-9.1143597678915885e-05
-9.0468390758500334e-05
-8.9799505406317639e-05
-8.9088184383391705e-05
-8.8462475847719214e-05
-8.7726950964987156e-05
-8.7107693033401084e-05
-8.6419239281018828e-05
-8.5736804065809832e-05
-8.5126904930221860e-05
-8.4382235573334134e-05
-8.3800665544325330e-05
-8.3083908183178811e-05
-8.2465375889658379e-05
-8.1802120071864046e-05
-8.1143229644640779e-05
-8.0509127123192870e-05
-7.9837657759337653e-05
-7.9238377469553420e-05
-7.8529966732157860e-05
-7.7960601145471962e-05
-7.7254248716353803e-05
-7.6661190500145664e-05
-7.6000284389247331e-05
-7.5372558022628684e-05
-7.4744664597767107e-05
-7.4107160243279245e-05
-7.3490559803973836e-05
-7.2845946055941687e-05
-7.2242435707994102e-05
-7.1576675075072998e-05
-7.1008107770748944e-05
-7.0319236360454851e-05
-6.9766720607260572e-05
-6.9083268520411800e-05
-6.8527348550320160e-05
-6.7847254525486831e-05
-6.7293045915649518e-05
-6.6605408140468596e-05
-6.6068877997194187e-05
-6.5373968354562822e-05
-6.4838731130117350e-05
-6.4157187801610054e-05
-6.3611554960816842e-05
-6.2938690753910694e-05
-6.2385863830518584e-05
-6.1714914047428552e-05
-6.1168868540247950e-05
-6.0498336751053748e-05
-5.9942207929559329e-05
-5.9297897911456293e-05
-5.8714111009127150e-05
-5.8098881940822102e-05
-5.7492185553644428e-05
-5.6887704377137319e-05
-5.6273079706171420e-05
-5.5680128940576399e-05
-5.5049747102735580e-05
-5.4482900306532509e-05
-5.3820026074371886e-05
-5.3271294937622121e-05
-5.2608017708724978e-05
-5.2041977441132195e-05
-5.1409751334821055e-05
-5.0803202925639462e-05
-5.0212240932198827e-05
-4.9564589530878265e-05
-4.9005987772914077e-05
-4.8331278748732587e-05
-4.7761892874728064e-05
-4.7126152844262213e-05
-4.6518120528495995e-05
-4.5915109411386028e-05
-4.5271008442605441e-05
-4.4698116435431078e-05
-4.4020420433599328e-05
-4.3435995554796574e-05
-4.2800104892124009e-05
-4.2169925792617415e-05
-4.1576082768550683e-05
-4.0894971833858239e-05
-4.0299964098163717e-05
-3.9660568890080412e-05
-3.9016448507041667e-05
-3.8417800616148588e-05
-3.7743216913173588e-05
0.0000000000000000e+00
];
