%Vec Object:dSdr_b_aug_210 1 MPI processes
%  type: seq
dSdr_b_aug_210 = [
2.5911968072814111e+03
0.0000000000000000e+00
-6.4815218120012498e-06
-2.6085718986074999e-06
-1.5572926666985358e-06
-1.0813416804362820e-06
-8.1186883079738974e-07
-6.4583332630559160e-07
-5.3332823380518303e-07
-4.4723356410471320e-07
-3.8335806992404777e-07
-3.3444525120626524e-07
-2.9447722459496893e-07
-2.6209147605305544e-07
-2.3555361955157829e-07
-2.1316893431275764e-07
-1.9403371872559903e-07
-1.7771262965690722e-07
-1.6360441167197307e-07
-1.5115352292972535e-07
-1.4024790657723392e-07
-1.3063176921568657e-07
-1.2198689548469140e-07
-1.1425940003954303e-07
-1.0732739974641168e-07
-1.0103702087572762e-07
-9.5316958874429075e-08
-9.0118393273711176e-08
-8.5362210094575227e-08
-8.0982566837751364e-08
-7.6961268956860393e-08
-7.3255904674759496e-08
-6.9811064395569359e-08
-6.6622356207947456e-08
-6.3670681422826826e-08
-6.0985075408975334e-08
-5.9016430701821148e-08
-6.0171052789559558e-08
-7.5993856190274006e-08
-1.5893598488339666e-07
-4.8794466962758731e-07
-1.5629091950482238e-06
-4.7273694647786893e-06
-1.2821797830008711e-05
-2.9066668550114950e-05
-5.2103307082402515e-05
-7.4709781408754792e-05
-9.1702317375740743e-05
-1.0338515038736744e-04
-1.1156376292501845e-04
-1.1702203720034393e-04
-1.2105908272594210e-04
-1.2420813053770185e-04
-1.2672970346519030e-04
-1.2863449266450872e-04
-1.3017730744878676e-04
-1.3153017723343383e-04
-1.3256371391494394e-04
-1.3336392770938330e-04
-1.3395613213306411e-04
-1.3444829727083364e-04
-1.3472080867634590e-04
-1.3481305862384234e-04
-1.3482370531465855e-04
-1.3474584746496786e-04
-1.3452307159516645e-04
-1.3421967601882521e-04
-1.3385068672334467e-04
-1.3339838498702087e-04
-1.3287835628384933e-04
-1.3232568035419009e-04
-1.3173736078949506e-04
-1.3111430196170596e-04
-1.3039258775424207e-04
-1.2971122620852090e-04
-1.2900377597905408e-04
-1.2821401736675458e-04
-1.2748188502780778e-04
-1.2673999076321952e-04
-1.2588243020215814e-04
-1.2511120946825694e-04
-1.2433480356569923e-04
-1.2346977390645091e-04
-1.2268808080059378e-04
-1.2190884456339818e-04
-1.2099898009608977e-04
-1.2021883019157563e-04
-1.1941509036266594e-04
-1.1853530771148887e-04
-1.1775981094856813e-04
-1.1693766282034950e-04
-1.1606710666045328e-04
-1.1529008548814716e-04
-1.1444200301408501e-04
-1.1362140459320714e-04
-1.1285802631858186e-04
-1.1197642665035459e-04
-1.1119309619265610e-04
-1.1041773743276838e-04
-1.0952154284228505e-04
-1.0879245423542571e-04
-1.0798096685761294e-04
-1.0714664689016922e-04
-1.0641971346860743e-04
-1.0554040266068273e-04
-1.0478985897255148e-04
-1.0403470794152630e-04
-1.0318337254697960e-04
-1.0246975667885580e-04
-1.0164531369461798e-04
-1.0086509742850221e-04
-1.0014501324375001e-04
-9.9298952929547591e-05
-9.8595700832941336e-05
-9.7794784666925340e-05
-9.7041985562709428e-05
-9.6296118936037831e-05
-9.5501537426205879e-05
-9.4803379031585422e-05
-9.3983016219861647e-05
-9.3289791614245408e-05
-9.2522595712372639e-05
-9.1760360768255346e-05
-9.1076718268975527e-05
-9.0247755598925989e-05
-8.9595447547201893e-05
-8.8794702877257811e-05
-8.8104419213979674e-05
-8.7360138462022139e-05
-8.6624786309086313e-05
-8.5915068959065651e-05
-8.5162811661344630e-05
-8.4492446979795397e-05
-8.3699084140359799e-05
-8.3060569553451095e-05
-8.2269976087688291e-05
-8.1604923438270146e-05
-8.0864114999593538e-05
-8.0160832111380795e-05
-7.9456098501867530e-05
-7.8740754553316877e-05
-7.8049644350022595e-05
-7.7324539713171379e-05
-7.6647956397489091e-05
-7.5900326055307186e-05
-7.5259597139218951e-05
-7.4488027698696576e-05
-7.3864041480387101e-05
-7.3097007137774660e-05
-7.2471439954433390e-05
-7.1704828289211229e-05
-7.1081584786050224e-05
-7.0307021331689442e-05
-6.9701739888906601e-05
-6.8919349391745606e-05
-6.8314859760985655e-05
-6.7546699506908906e-05
-6.6930995521035248e-05
-6.6171545302435585e-05
-6.5546986780713564e-05
-6.4790265643278135e-05
-6.4170904149428752e-05
-6.3415673324308827e-05
-6.2784917478699297e-05
-6.2056184873086705e-05
-6.1396334080958718e-05
-6.0697891057272786e-05
-6.0012380553086474e-05
-5.9326356337227765e-05
-5.8629895203604039e-05
-5.7957467948536210e-05
-5.7242016519242061e-05
-5.6598320620899902e-05
-5.5846050309329131e-05
-5.5222062408371955e-05
-5.4469196982881331e-05
-5.3825219844952431e-05
-5.3106056662637475e-05
-5.2416855062335662e-05
-5.1742328273461603e-05
-5.1007056506637709e-05
-5.0368916727884965e-05
-4.9600834147613090e-05
-4.8952111948113467e-05
-4.8225317234969095e-05
-4.7532833503878010e-05
-4.6843580380228630e-05
-4.6108404146777621e-05
-4.5453383905800189e-05
-4.4679061526496134e-05
-4.4010783351921734e-05
-4.3283954538741871e-05
-4.2562975609928500e-05
-4.1883858581515947e-05
-4.1104470588492021e-05
-4.0424574639973149e-05
-3.9694565018305136e-05
-3.8961609619533702e-05
-3.8293954428364406e-05
-3.7614386559086718e-05
0.0000000000000000e+00
];
