%Vec Object:dSdr_b_aug_5520 1 MPI processes
%  type: seq
dSdr_b_aug_5520 = [
2.3236434161614284e+03
0.0000000000000000e+00
-8.7309757280553652e-07
-3.6073726916359878e-07
-2.2410899078925366e-07
-1.5915848155978189e-07
-1.1945926914705117e-07
-9.4914918054715715e-08
-7.8277952658619884e-08
-6.5753703759991195e-08
-5.6452805248051570e-08
-4.9322594933074826e-08
-4.3515152883513437e-08
-3.8809956520680127e-08
-3.4952202149486054e-08
-3.1698674859435892e-08
-2.8918057974712675e-08
-2.6545419307793788e-08
-2.4576827965122767e-08
-6.7693905795763752e-06
-7.2138317358916076e-04
-7.1886436442637151e-04
-6.8034083332853376e-04
-6.4166394950381932e-04
-5.9873162719509937e-04
-5.5729988992977888e-04
-5.1758464079748904e-04
-4.7747759162367705e-04
-4.3633062689497172e-04
-3.9236126879450915e-04
-3.5366969017592686e-04
-3.1648597788581305e-04
-2.8138599423455047e-04
-2.4436922085141444e-04
-2.1426101139172747e-04
-1.8805632041009362e-04
-1.6513503457974072e-04
-1.4348797607964482e-04
-1.2709218197689458e-04
-1.1465679762845255e-04
-1.0483947324633890e-04
-9.6925927237855248e-05
-9.1995522057512891e-05
-8.8990200957056551e-05
-8.7350017077751901e-05
-8.6967401815359654e-05
-8.7459688497808588e-05
-8.8469032777411247e-05
-8.9924555512576316e-05
-9.1887451038761214e-05
-9.3614694091862194e-05
-9.5425238879683113e-05
-9.7268514485427532e-05
-9.9042443080078898e-05
-1.0052854650916511e-04
-1.0185856257943349e-04
-1.0313494115323284e-04
-1.0416391649945802e-04
-1.0500775280587449e-04
-1.0568784939856991e-04
-1.0629911909321506e-04
-1.0669952744273984e-04
-1.0693861682979892e-04
-1.0712866679745993e-04
-1.0721607257413874e-04
-1.0716951220142231e-04
-1.0706199697461990e-04
-1.0689522089267183e-04
-1.0663916310910145e-04
-1.0632658833546063e-04
-1.0599502458928589e-04
-1.0561099454713761e-04
-1.0519313817446775e-04
-1.0471465341013012e-04
-1.0424296395999627e-04
-1.0374392105821193e-04
-1.0320120635119229e-04
-1.0267767836617257e-04
-1.0214360213919209e-04
-1.0153916236992450e-04
-1.0097715039220027e-04
-1.0041225309556358e-04
-9.9793189855612322e-05
-9.9219551778548362e-05
-9.8649872791595057e-05
-9.7988245268085787e-05
-9.7415313610116935e-05
-9.6823808135036433e-05
-9.6181989253931938e-05
-9.5610273196364458e-05
-9.5003699337445333e-05
-9.4365476587199550e-05
-9.3790483768523865e-05
-9.3164007037577285e-05
-9.2561419903746916e-05
-9.1996602854325032e-05
-9.1343811177148519e-05
-9.0769777211907257e-05
-9.0193500232959624e-05
-8.9530402273108926e-05
-8.8997554896117555e-05
-8.8392533311544303e-05
-8.7777675912244506e-05
-8.7244317097348454e-05
-8.6588767761760585e-05
-8.6038580323102837e-05
-8.5481447340866231e-05
-8.4849774144881337e-05
-8.4326124199856609e-05
-8.3717461562009734e-05
-8.3140362016234380e-05
-8.2611208861581011e-05
-8.1987766160896200e-05
-8.1468396539834240e-05
-8.0880610378289170e-05
-8.0325132292077508e-05
-7.9775033149257930e-05
-7.9192187447222115e-05
-7.8678273030535553e-05
-7.8073657604814836e-05
-7.7568534370075478e-05
-7.7001584118264002e-05
-7.6442284329262118e-05
-7.5946175437082838e-05
-7.5331575394803866e-05
-7.4859158338195185e-05
-7.4271998208079231e-05
-7.3764182640654168e-05
-7.3225953085711323e-05
-7.2685047774359907e-05
-7.2167623628302701e-05
-7.1620815021793607e-05
-7.1131222590532439e-05
-7.0553898245742476e-05
-7.0091234270664490e-05
-6.9514871193258781e-05
-6.9032905379182554e-05
-6.8495293984402130e-05
-6.7984156669692632e-05
-6.7474833140593961e-05
-6.6957440926552475e-05
-6.6455814677079784e-05
-6.5935404363813197e-05
-6.5444651419229816e-05
-6.4905222084379847e-05
-6.4448006193169597e-05
-6.3886744546152221e-05
-6.3444514059545349e-05
-6.2890036488439836e-05
-6.2441588820956329e-05
-6.1894999134559593e-05
-6.1447318427066219e-05
-6.0893815102249546e-05
-6.0463375757093443e-05
-5.9903457795336198e-05
-5.9475085190614080e-05
-5.8927201115823695e-05
-5.8489696958250812e-05
-5.7950445070016241e-05
-5.7508309812913509e-05
-5.6969716229876402e-05
-5.6536808153081031e-05
-5.5996979055344721e-05
-5.5556011872894921e-05
-5.5041979290028637e-05
-5.4575572701718756e-05
-5.4088757710000735e-05
-5.3603687226538739e-05
-5.3125043870938394e-05
-5.2636711032987333e-05
-5.2166411893845232e-05
-5.1667313722012702e-05
-5.1219067734803659e-05
-5.0694157538383481e-05
-5.0261574935519879e-05
-4.9736563422090077e-05
-4.9290813255202212e-05
-4.8792768989601417e-05
-4.8313796558371790e-05
-4.7851822388226928e-05
-4.7339423388162876e-05
-4.6903609711157364e-05
-4.6373047735852995e-05
-4.5926159555211769e-05
-4.5431014085973516e-05
-4.4953405120836740e-05
-4.4483603621521128e-05
-4.3980201414312070e-05
-4.3534242267072479e-05
-4.3005908454155820e-05
-4.2551213305303731e-05
-4.2056100971119939e-05
-4.1566661434254015e-05
-4.1105308581731342e-05
-4.0577233856356122e-05
-4.0115482415419357e-05
-3.9620044534139238e-05
-3.9121826123388685e-05
-3.8654515043174152e-05
-3.8119967338348053e-05
0.0000000000000000e+00
];
