%Vec Object:dSdr_b_aug_3850 1 MPI processes
%  type: seq
dSdr_b_aug_3850 = [
2.3558535770579483e+03
0.0000000000000000e+00
-1.0818181679456677e-06
-4.4464334943582679e-07
-2.7439209239747876e-07
-1.9382402386508484e-07
-1.4500403573749762e-07
-1.1483454686235521e-07
-9.4388192002293070e-08
-7.8991721067059351e-08
-6.7561416740287928e-08
-5.8800308991700857e-08
-5.1669496634224995e-08
-4.5894228639157457e-08
-4.1159969579897952e-08
-3.7169406248759763e-08
-3.3761134391828644e-08
-3.0853427236303497e-08
-2.8339774030799599e-08
-2.6125373646867376e-08
-1.2017507590790996e-07
-3.0901671501563661e-04
-6.8969158561530775e-04
-6.5360293605146353e-04
-6.1000589714915645e-04
-5.6789872850630720e-04
-5.2754896713949661e-04
-4.8680944507916048e-04
-4.4502527807078714e-04
-4.0039306193151897e-04
-3.6112145398996568e-04
-3.2338968395930964e-04
-2.8777934608827799e-04
-2.5023009176426822e-04
-2.1969150966425039e-04
-1.9311477251463105e-04
-1.6986905119663784e-04
-1.4791505281839669e-04
-1.3128656886176321e-04
-1.1867369351193685e-04
-1.0871245219048818e-04
-1.0067947930329091e-04
-9.5669964940206794e-05
-9.2610193714507742e-05
-9.0932849361460656e-05
-9.0527723068491864e-05
-9.1008889446317698e-05
-9.2013377993334497e-05
-9.3469309931242707e-05
-9.5435103587145870e-05
-9.7164432091429253e-05
-9.8978233135094847e-05
-1.0082321987714174e-04
-1.0259662193284322e-04
-1.0408051940823415e-04
-1.0540564250553544e-04
-1.0667367730668907e-04
-1.0769307224014833e-04
-1.0852574232526451e-04
-1.0919169717790377e-04
-1.0978638566305710e-04
-1.1016992458340256e-04
-1.1039025148743807e-04
-1.1055776296885320e-04
-1.1062452394591997e-04
-1.1055604345184443e-04
-1.1042421900671580e-04
-1.1023237529237114e-04
-1.0995200335255817e-04
-1.0961373482339175e-04
-1.0925479106870599e-04
-1.0884546633790643e-04
-1.0840220377363293e-04
-1.0789360589627074e-04
-1.0739595827412674e-04
-1.0687111406705879e-04
-1.0629781496247224e-04
-1.0574846153774790e-04
-1.0518865727093207e-04
-1.0455288095347609e-04
-1.0396496880736151e-04
-1.0337388662520324e-04
-1.0272437258205363e-04
-1.0212497717875415e-04
-1.0152935488719879e-04
-1.0083699546173707e-04
-1.0023841006518741e-04
-9.9620629847568156e-05
-9.8949350886853472e-05
-9.8352406652559319e-05
-9.7719144555532411e-05
-9.7052158761804964e-05
-9.6452154700310183e-05
-9.5798243018018300e-05
-9.5168665928707855e-05
-9.4579266862748103e-05
-9.3898148578765476e-05
-9.3298203553017107e-05
-9.2697280104435479e-05
-9.2005324591669594e-05
-9.1448182405061740e-05
-9.0817600106966759e-05
-9.0175572888816243e-05
-8.9618249215210746e-05
-8.8934997845558879e-05
-8.8360005967425069e-05
-8.7778358015004672e-05
-8.7119490272511232e-05
-8.6572322215616409e-05
-8.5936945604340488e-05
-8.5334699854824057e-05
-8.4781909097873397e-05
-8.4130905951830870e-05
-8.3588771341354016e-05
-8.2974599305895921e-05
-8.2394692514549284e-05
-8.1820356992216237e-05
-8.1211298008019051e-05
-8.0674573828611466e-05
-8.0043248472923883e-05
-7.9514837916996962e-05
-7.8923096860668266e-05
-7.8338673298563815e-05
-7.7819347360563674e-05
-7.7178208797048592e-05
-7.6683520848924345e-05
-7.6069918514876428e-05
-7.5539512993654239e-05
-7.4975773860980904e-05
-7.4410795597786112e-05
-7.3869565116387815e-05
-7.3297321500157510e-05
-7.2785349026925134e-05
-7.2181278623049619e-05
-7.1696843894601659e-05
-7.1093958584961928e-05
-7.0589326143617861e-05
-7.0026558438984952e-05
-6.9491632989837306e-05
-6.8958117164514011e-05
-6.8416217980672754e-05
-6.7891133070241449e-05
-6.7345381018039154e-05
-6.6831621701524393e-05
-6.6266416462082246e-05
-6.5786481057831600e-05
-6.5199182644388122e-05
-6.4734450162241434e-05
-6.4153657356576867e-05
-6.3683281617431015e-05
-6.3109452446873974e-05
-6.2640036340694719e-05
-6.2059164949700691e-05
-6.1607079371441055e-05
-6.1019618418756599e-05
-6.0569441673575448e-05
-5.9994286443342687e-05
-5.9534720207723066e-05
-5.8968206712059655e-05
-5.8503486412094236e-05
-5.7937887477237862e-05
-5.7481895303791655e-05
-5.6915398183539546e-05
-5.6450933853226068e-05
-5.5910319965817796e-05
-5.5419963489412649e-05
-5.4906947321003684e-05
-5.4397060638560167e-05
-5.3892741673029556e-05
-5.3378640545543882e-05
-5.2883315791095694e-05
-5.2357430719867847e-05
-5.1884985498892432e-05
-5.1331925241177111e-05
-5.0875643592503642e-05
-5.0322420278957514e-05
-4.9852125833657692e-05
-4.9326702769021642e-05
-4.8821699200193856e-05
-4.8333405645235249e-05
-4.7793408842346386e-05
-4.7332540248472559e-05
-4.6772565059361835e-05
-4.6300680475797991e-05
-4.5776845717044583e-05
-4.5272622097053521e-05
-4.4775636634837991e-05
-4.4243521338353025e-05
-4.3771656409824795e-05
-4.3212838465878304e-05
-4.2731662169384484e-05
-4.2207810359216068e-05
-4.1689633183718456e-05
-4.1201216209252745e-05
-4.0641868617905514e-05
-4.0152849590978906e-05
-3.9627896325178255e-05
-3.9099603943193727e-05
-3.8604638033718427e-05
-3.8036955070846824e-05
0.0000000000000000e+00
];
