%Vec Object:dSdr_b_aug_5090 1 MPI processes
%  type: seq
dSdr_b_aug_5090 = [
2.3303377566296126e+03
0.0000000000000000e+00
-9.1074138163384110e-07
-3.7511597759521826e-07
-2.3222180368449500e-07
-1.6436747723811593e-07
-1.2300119604762962e-07
-9.7431561225115183e-08
-8.0102318078488548e-08
-6.7067064088520523e-08
-5.7388847853422163e-08
-4.9970026875113041e-08
-4.3932808111706307e-08
-3.9043161170126550e-08
-3.5034696593965077e-08
-3.1655833115179122e-08
-2.8769921877223597e-08
-2.6307779864364712e-08
-2.4182965660290923e-08
-3.4722797001628597e-07
-5.1284647361428490e-04
-7.2074099520774389e-04
-6.8323305754639039e-04
-6.4442058340938768e-04
-6.0132275393699156e-04
-5.5973550209857193e-04
-5.1987443323124410e-04
-4.7962204200021274e-04
-4.3832864876195923e-04
-3.9420696649141427e-04
-3.5538209766790003e-04
-3.1807244220804002e-04
-2.8285517961771918e-04
-2.4571604258108801e-04
-2.1550893386642462e-04
-1.8921874699991779e-04
-1.6622290617470767e-04
-1.4450531314757890e-04
-1.2805604711535405e-04
-1.1557987549260581e-04
-1.0572947913124032e-04
-9.7788488942170110e-05
-9.2839904564182371e-05
-8.9822070903276477e-05
-8.8173347615154093e-05
-8.7785559377550208e-05
-8.8275290665262751e-05
-8.9283519142930595e-05
-9.0739135953169485e-05
-9.2702697506982464e-05
-9.4430419815706709e-05
-9.6241712825222177e-05
-9.8085381590096361e-05
-9.9859189174869272e-05
-1.0134478574028087e-04
-1.0267367746807148e-04
-1.0394813870512462e-04
-1.0497491253181338e-04
-1.0581618289798787e-04
-1.0649302977593591e-04
-1.0710048916544063e-04
-1.0749702097452053e-04
-1.0773179878555563e-04
-1.0791666944471551e-04
-1.0799933107947381e-04
-1.0794773349616738e-04
-1.0783463204584048e-04
-1.0766209545694157e-04
-1.0740045031386567e-04
-1.0708197114953891e-04
-1.0674411551289217e-04
-1.0635427278433068e-04
-1.0593057810155149e-04
-1.0544517338054598e-04
-1.0496751877499044e-04
-1.0446254676525960e-04
-1.0391280379981571e-04
-1.0338334116019552e-04
-1.0284335266074215e-04
-1.0223171178869951e-04
-1.0166374798302427e-04
-1.0109283343047684e-04
-1.0046677263045096e-04
-9.9887215549790027e-05
-9.9311574821404680e-05
-9.8642885140985771e-05
-9.8064058283241258e-05
-9.7466514902064960e-05
-9.6817926127175903e-05
-9.6240412663080207e-05
-9.5627705876712263e-05
-9.4982873410522379e-05
-9.4402133036121489e-05
-9.3769351783311414e-05
-9.3160562387167728e-05
-9.2590096417467102e-05
-9.1930795316472086e-05
-9.1350807017681222e-05
-9.0768866306869457e-05
-9.0099136911970943e-05
-8.9560706614118024e-05
-8.8949811201230962e-05
-8.8328710198880416e-05
-8.7789844277762091e-05
-8.7127929036305264e-05
-8.6572041556316504e-05
-8.6009275052397995e-05
-8.5371352570384840e-05
-8.4842298180590691e-05
-8.4227496691747537e-05
-8.3644618566879170e-05
-8.3110033508268760e-05
-8.2480257437687334e-05
-8.1955656437998370e-05
-8.1361806821719971e-05
-8.0800715036208464e-05
-8.0245046390172114e-05
-7.9656176894322159e-05
-7.9137020809314461e-05
-7.8526267460153539e-05
-7.8015792814231479e-05
-7.7443145651858301e-05
-7.6878072436225548e-05
-7.6376628281443285e-05
-7.5755929704145316e-05
-7.5278394809859684e-05
-7.4685158277882426e-05
-7.4172151551937402e-05
-7.3628059911302828e-05
-7.3081622649212951e-05
-7.2558727820365600e-05
-7.2006074262817970e-05
-7.1511338909008591e-05
-7.0927868334436778e-05
-7.0460201450058633e-05
-6.9877743577245101e-05
-6.9390568981981225e-05
-6.8847176678656094e-05
-6.8330572860392645e-05
-6.7815689951228962e-05
-6.7292666044830283e-05
-6.6785649002834959e-05
-6.6259415166816118e-05
-6.5763375364041553e-05
-6.5218022734097507e-05
-6.4755585903248836e-05
-6.4188341013623822e-05
-6.3740939571069638e-05
-6.3180414763831504e-05
-6.2726928025585098e-05
-6.2174078709312103e-05
-6.1721403204906679e-05
-6.1161610699689189e-05
-6.0726197045290892e-05
-6.0159949702684622e-05
-5.9726566498740540e-05
-5.9172415507361769e-05
-5.8729841473104608e-05
-5.8184324858535902e-05
-5.7736999543678292e-05
-5.7192200116895342e-05
-5.6753987295262875e-05
-5.6208029866055390e-05
-5.5761663013787674e-05
-5.5241522020550947e-05
-5.4769611715372038e-05
-5.4276775658205885e-05
-5.3786002370972914e-05
-5.3301458714383674e-05
-5.2807204271462481e-05
-5.2331154186466401e-05
-5.1825900319107616e-05
-5.1372093271313303e-05
-5.0840714106412730e-05
-5.0402685364108154e-05
-4.9871190669287316e-05
-4.9419800099943942e-05
-4.8915464042303947e-05
-4.8430509489191418e-05
-4.7962486933183261e-05
-4.7443745735921833e-05
-4.7002174180152481e-05
-4.6464852745362138e-05
-4.6012220032061343e-05
-4.5510481337475740e-05
-4.5026755809652520e-05
-4.4550706809879483e-05
-4.4040705561856897e-05
-4.3588792299560551e-05
-4.3053451997105660e-05
-4.2592669871910046e-05
-4.2090951048731540e-05
-4.1594904617040288e-05
-4.1127328126711092e-05
-4.0592060329343829e-05
-4.0124032063166538e-05
-3.9621792029811330e-05
-3.9116621035520992e-05
-3.8642837874590375e-05
-3.8100053121172240e-05
0.0000000000000000e+00
];
