%Vec Object:dSdr_b_aug_8180 1 MPI processes
%  type: seq
dSdr_b_aug_8180 = [
2.2921670353285122e+03
0.0000000000000000e+00
-7.1002059401051521e-07
-2.9353075274926796e-07
-1.8265957783830657e-07
-1.2976330801476987e-07
-9.7236011030843949e-08
-7.7121892352907026e-08
-6.3488972054674823e-08
-5.3246208713434410e-08
-4.5639813536181074e-08
-3.9808253987164926e-08
-3.5062551206298091e-08
-3.1218400287844689e-08
-2.8066674222054962e-08
-2.5409453771530113e-08
-2.3139366194208132e-08
-2.2956695882472710e-08
-1.4050433774512886e-04
-7.8300706982278932e-04
-7.4267612210471257e-04
-7.0382523589624215e-04
-6.6575973452265432e-04
-6.2783490419139121e-04
-5.8573411921426452e-04
-5.4508249870909638e-04
-5.0609870378046887e-04
-4.6672071163794221e-04
-4.2630825365787240e-04
-3.8310297573548651e-04
-3.4508000016250293e-04
-3.0852803709349014e-04
-2.7401634160220006e-04
-2.3761336196971756e-04
-2.0800124545086198e-04
-1.8222541415753587e-04
-1.5967810691593404e-04
-1.3838485985156530e-04
-1.2225728892313663e-04
-1.1002649969606456e-04
-1.0037506939721317e-04
-9.2599187622134706e-05
-8.7759972217948994e-05
-8.4817416237418865e-05
-8.3220067578901371e-05
-8.2863401023237535e-05
-8.3368506242865626e-05
-8.4383447839702058e-05
-8.5838498960743342e-05
-8.7798053861803352e-05
-8.9522893021275784e-05
-9.1329684088007276e-05
-9.3170987054364381e-05
-9.4945522404146586e-05
-9.6434168473542495e-05
-9.7769824537108152e-05
-9.9055820870493614e-05
-1.0009583946876754e-04
-1.0095254700623884e-04
-1.0164894473483267e-04
-1.0227932756311329e-04
-1.0269918128563130e-04
-1.0295989824158920e-04
-1.0317592844670216e-04
-1.0328713159780530e-04
-1.0326583867010197e-04
-1.0318634481387964e-04
-1.0304846433079091e-04
-1.0282043360998095e-04
-1.0253747617100410e-04
-1.0223747351286461e-04
-1.0188260079895799e-04
-1.0149403028470733e-04
-1.0105025707348605e-04
-1.0060848975281599e-04
-1.0013918815941852e-04
-9.9631728258053480e-05
-9.9137969401437523e-05
-9.8633550029542070e-05
-9.8065232074300563e-05
-9.7533075365302123e-05
-9.6998361532478659e-05
-9.6414399103497106e-05
-9.5870451640342260e-05
-9.5330677645640011e-05
-9.4704474957292795e-05
-9.4161114507269045e-05
-9.3599896074883019e-05
-9.2992035992314591e-05
-9.2449400595236421e-05
-9.1873590417735948e-05
-9.1268522988650170e-05
-9.0722360769599040e-05
-9.0127508460625288e-05
-8.9556032799575604e-05
-8.9019551578289671e-05
-8.8399412139336620e-05
-8.7855245998662485e-05
-8.7307379143320224e-05
-8.6677545446264337e-05
-8.6172702832445632e-05
-8.5597145224371171e-05
-8.5013606625103104e-05
-8.4507872234772591e-05
-8.3884255186547659e-05
-8.3362659961792347e-05
-8.2833785520545147e-05
-8.2233459628045595e-05
-8.1736919139771094e-05
-8.1159049846042888e-05
-8.0610936467467837e-05
-8.0109030506665500e-05
-7.9517356882831763e-05
-7.9024228589753904e-05
-7.8466857569876145e-05
-7.7939538585891597e-05
-7.7417376850409569e-05
-7.6864747342338135e-05
-7.6377125863703361e-05
-7.5803299120459310e-05
-7.5325019307913234e-05
-7.4786645551781083e-05
-7.4256306073117658e-05
-7.3786959596035988e-05
-7.3202950651906338e-05
-7.2756205372823422e-05
-7.2199525315148915e-05
-7.1717749309837476e-05
-7.1208924783679390e-05
-7.0695768494268899e-05
-7.0205786039693739e-05
-6.9688296506532611e-05
-6.9224501670112434e-05
-6.8678007652215499e-05
-6.8240438941256860e-05
-6.7694648183889123e-05
-6.7238810312347368e-05
-6.6730196730837478e-05
-6.6246480125743730e-05
-6.5765043185553256e-05
-6.5275900286126533e-05
-6.4801314959524544e-05
-6.4310116203314765e-05
-6.3845882824885484e-05
-6.3336165511543630e-05
-6.2905138521965703e-05
-6.2373889592505597e-05
-6.1957597273072041e-05
-6.1433453410390972e-05
-6.1010282343813070e-05
-6.0495091752482845e-05
-6.0072465549539495e-05
-5.9550509535727668e-05
-5.9145021912166658e-05
-5.8616852896663501e-05
-5.8213614032659557e-05
-5.7697165556137369e-05
-5.7285092463490245e-05
-5.6777265165432155e-05
-5.6361163795467605e-05
-5.5853699412838560e-05
-5.5447400482610182e-05
-5.4938311740867653e-05
-5.4524429828089179e-05
-5.4041037637329566e-05
-5.3602238190679196e-05
-5.3145625411109884e-05
-5.2689160665505338e-05
-5.2240113692580017e-05
-5.1781484066095900e-05
-5.1340032049877360e-05
-5.0871811238387699e-05
-5.0451459790103061e-05
-4.9958998267246777e-05
-4.9553733621423645e-05
-4.9061241933602102e-05
-4.8643784011049043e-05
-4.8177299346315710e-05
-4.7728333046470659e-05
-4.7296697256918350e-05
-4.6816110257981863e-05
-4.6409177362124325e-05
-4.5912519972370564e-05
-4.5494445062199309e-05
-4.5032369631000800e-05
-4.4585439206945906e-05
-4.4146972423343556e-05
-4.3676667470641346e-05
-4.3260569455926128e-05
-4.2767374089314917e-05
-4.2343202885676241e-05
-4.1881217324484547e-05
-4.1424901896338823e-05
-4.0994743204677170e-05
-4.0502712560258891e-05
-4.0072385470582623e-05
-3.9610956983795995e-05
-3.9147376619998348e-05
-3.8711862469119718e-05
-3.8215072837536837e-05
0.0000000000000000e+00
];
