%Vec Object:dSdr_b_aug_480 1 MPI processes
%  type: seq
dSdr_b_aug_480 = [
2.5260913063834919e+03
0.0000000000000000e+00
-3.8145579373981360e-06
-1.5467491858411276e-06
-9.3364187342728006e-07
-6.5199928748215309e-07
-4.8924525914424947e-07
-3.8886124617324208e-07
-3.2083282644067538e-07
-2.6904238302732835e-07
-2.3060915917752113e-07
-2.0117012431389982e-07
-1.7713940792842810e-07
-1.5766929161751670e-07
-1.4171288194135047e-07
-1.2825517832656084e-07
-1.1675276244366061e-07
-1.0694117603706907e-07
-9.8459442340068346e-08
-9.0974573147871444e-08
-8.4418254720894644e-08
-7.8636790392888832e-08
-7.3439200301493725e-08
-6.8792961701395853e-08
-6.4624809504971205e-08
-6.0842265616720141e-08
-5.7402515838657898e-08
-5.4276281325541452e-08
-5.1429830434514604e-08
-5.0868592829450468e-08
-2.8081076915176228e-07
-1.1873734971759153e-05
-1.3827669321072564e-04
-2.4158994828555675e-04
-2.3913538953655779e-04
-2.1709747121173020e-04
-1.9380378919578781e-04
-1.7075444699063508e-04
-1.5308184524259538e-04
-1.3960603292107206e-04
-1.2891955729198935e-04
-1.2027502544641670e-04
-1.1485823309136081e-04
-1.1151711625656398e-04
-1.0964733786160880e-04
-1.0912557905206701e-04
-1.0954921941970825e-04
-1.1052868103496511e-04
-1.1198695610604420e-04
-1.1396801346513435e-04
-1.1570831175384969e-04
-1.1753916930455762e-04
-1.1939312221050871e-04
-1.2116378938316402e-04
-1.2263617187471701e-04
-1.2393573884968384e-04
-1.2516018798308824e-04
-1.2612953560027729e-04
-1.2690387325662303e-04
-1.2749595103385647e-04
-1.2800401832139299e-04
-1.2829943026299275e-04
-1.2842174046912060e-04
-1.2847150903872961e-04
-1.2843041981365811e-04
-1.2824742684723554e-04
-1.2798860925490171e-04
-1.2766581045436091e-04
-1.2725841966002192e-04
-1.2678592524820089e-04
-1.2628394660627932e-04
-1.2574248080365999e-04
-1.2516649470669338e-04
-1.2450058422371323e-04
-1.2386732956554898e-04
-1.2320769782818607e-04
-1.2247462419582192e-04
-1.2179035721095585e-04
-1.2109614822695971e-04
-1.2029666819298517e-04
-1.1957345216655552e-04
-1.1884557875238113e-04
-1.1803698820978499e-04
-1.1730303519295600e-04
-1.1657188374667810e-04
-1.1571897940409096e-04
-1.1498637758479226e-04
-1.1423133681621827e-04
-1.1340615701914564e-04
-1.1267741955166784e-04
-1.1190473682922817e-04
-1.1108749157413535e-04
-1.1035682758462312e-04
-1.0955959445864362e-04
-1.0878902060630965e-04
-1.0807120393528240e-04
-1.0724210620238230e-04
-1.0650680062177337e-04
-1.0577712289144050e-04
-1.0493441427731487e-04
-1.0425035490563587e-04
-1.0348624260354660e-04
-1.0270227966012116e-04
-1.0201976307656466e-04
-1.0119179568941743e-04
-1.0048722491986671e-04
-9.9777510281054272e-05
-9.8976577673700266e-05
-9.8306550562761929e-05
-9.7531619629598944e-05
-9.6798009643870152e-05
-9.6121735637190822e-05
-9.5326756201911191e-05
-9.4665696918374371e-05
-9.3913684609159964e-05
-9.3206161863929502e-05
-9.2505215113688495e-05
-9.1759217513344847e-05
-9.1103334817614360e-05
-9.0332476369567167e-05
-8.9682412540873830e-05
-8.8961163987540538e-05
-8.8245493502737095e-05
-8.7604881453637209e-05
-8.6825105316536006e-05
-8.6214074026276562e-05
-8.5462337313710522e-05
-8.4813921699361544e-05
-8.4116920286381313e-05
-8.3426184743184818e-05
-8.2760589812545362e-05
-8.2055473526218968e-05
-8.1426587646204730e-05
-8.0682795703899862e-05
-8.0084630621668222e-05
-7.9343193132787936e-05
-7.8720150330662623e-05
-7.8025966130435906e-05
-7.7366771610257423e-05
-7.6706875398122257e-05
-7.6036952007097302e-05
-7.5389319329388364e-05
-7.4711182301309218e-05
-7.4077238083571564e-05
-7.3377379882857388e-05
-7.2778758238897315e-05
-7.2055444240395989e-05
-7.1473161958399760e-05
-7.0754898976822732e-05
-7.0169971781259898e-05
-6.9453844280046226e-05
-6.8870883412123235e-05
-6.8147042160593156e-05
-6.7581877811369805e-05
-6.6850533403157376e-05
-6.6286453199599615e-05
-6.5568834837300655e-05
-6.4994017941767397e-05
-6.4285091483796055e-05
-6.3702388857329292e-05
-6.2995716000706508e-05
-6.2419134803528678e-05
-6.1713326406447508e-05
-6.1126115725283615e-05
-6.0446644077040776e-05
-5.9831176703394826e-05
-5.9181289184665324e-05
-5.8541766682863057e-05
-5.7903322717471003e-05
-5.7254612902772633e-05
-5.6628559719649814e-05
-5.5962745843388153e-05
-5.5363890473454093e-05
-5.4663781697408078e-05
-5.4083704524154406e-05
-5.3383112087316107e-05
-5.2784608816487894e-05
-5.2116170784571883e-05
-5.1475194067296824e-05
-5.0849423451653679e-05
-5.0165273528636012e-05
-4.9573538514806330e-05
-4.8859932723287489e-05
-4.8257494999432931e-05
-4.7583820773190754e-05
-4.6940602168198464e-05
-4.6301656103997008e-05
-4.5619603325467552e-05
-4.5012480822064213e-05
-4.4294508848760741e-05
-4.3675118142142897e-05
-4.3001296382354257e-05
-4.2333221941277195e-05
-4.1703750299799263e-05
-4.0981534858892310e-05
-4.0350888683518069e-05
-3.9673236421116968e-05
-3.8991012118282519e-05
-3.8360508862143447e-05
-3.7667272732461585e-05
0.0000000000000000e+00
];
