%Vec Object:dSdr_b_aug_580 1 MPI processes
%  type: seq
dSdr_b_aug_580 = [
2.5110264779025592e+03
0.0000000000000000e+00
-3.3878196538957933e-06
-1.3761119539199012e-06
-8.3278784473312041e-07
-5.8241588768233740e-07
-4.3705402999633306e-07
-3.4737770881717528e-07
-2.8660415949334564e-07
-2.4038371511412638e-07
-2.0608186881685327e-07
-1.7980564140500468e-07
-1.5836033785169264e-07
-1.4098496296540801e-07
-1.2674478240740661e-07
-1.1473450471600542e-07
-1.0446918194499038e-07
-9.5712623654815509e-08
-8.8142742801632684e-08
-8.1462343249802621e-08
-7.5610578161869868e-08
-7.0450317251949312e-08
-6.5810969645059476e-08
-6.1663674223902278e-08
-5.7943078709409366e-08
-5.4566558353096126e-08
-5.1495975801306359e-08
-4.8720666148865593e-08
-5.0106915427338620e-08
-7.9966463026917602e-07
-4.8122701563461633e-05
-2.6900353023754639e-04
-3.0445842256166200e-04
-2.7560319926084060e-04
-2.4505605799556734e-04
-2.1714611801723979e-04
-1.9246320990726380e-04
-1.6907651483351934e-04
-1.5134691308746001e-04
-1.3788942297772786e-04
-1.2724151294670133e-04
-1.1863802174359787e-04
-1.1325043547173804e-04
-1.0993036674929289e-04
-1.0807534640719226e-04
-1.0756258286841582e-04
-1.0799058306910561e-04
-1.0897186234323730e-04
-1.1042976587249560e-04
-1.1240943364745333e-04
-1.1414874445649523e-04
-1.1597812798859186e-04
-1.1783130298383129e-04
-1.1960218597694020e-04
-1.2107552852355671e-04
-1.2237723997877457e-04
-1.2360535210432117e-04
-1.2457890741666717e-04
-1.2535815032342041e-04
-1.2595644117951288e-04
-1.2647179365539728e-04
-1.2677461756901387e-04
-1.2690517160966855e-04
-1.2696484315655656e-04
-1.2693282489112002e-04
-1.2675946323482506e-04
-1.2651132666327612e-04
-1.2619954211004532e-04
-1.2580283449905850e-04
-1.2534162942672117e-04
-1.2485168101670122e-04
-1.2432132920297623e-04
-1.2375650608090547e-04
-1.2310382667098360e-04
-1.2248197750475609e-04
-1.2183368233111041e-04
-1.2111404682886071e-04
-1.2044112700364036e-04
-1.1975822238060758e-04
-1.1897251094133792e-04
-1.1826067489787855e-04
-1.1754430656120449e-04
-1.1674909542955544e-04
-1.1602645962550475e-04
-1.1530670710372499e-04
-1.1446730567141238e-04
-1.1374597554379238e-04
-1.1300247931766348e-04
-1.1219024361734538e-04
-1.1147259085354908e-04
-1.1071163434643056e-04
-1.0990702692218591e-04
-1.0918735231513357e-04
-1.0840217348583248e-04
-1.0764345840899708e-04
-1.0693644252392403e-04
-1.0611979085366289e-04
-1.0539587000486354e-04
-1.0467702137499805e-04
-1.0384699210344338e-04
-1.0317360731950066e-04
-1.0242072575247438e-04
-1.0164870048660073e-04
-1.0097671340072543e-04
-1.0016091752914159e-04
-9.9467245144301954e-05
-9.8768301702665699e-05
-9.7979317628302666e-05
-9.7319623716478281e-05
-9.6556430160805822e-05
-9.5833868711989742e-05
-9.5167980399167779e-05
-9.4385110252751764e-05
-9.3734053253995120e-05
-9.2993634151910395e-05
-9.2296844680882936e-05
-9.1606546698865448e-05
-9.0872066464866630e-05
-9.0226205712465061e-05
-8.9467082838486724e-05
-8.8827250774176539e-05
-8.8116894573079792e-05
-8.7412262735372625e-05
-8.6781851562773606e-05
-8.6013735668187980e-05
-8.5412489544604481e-05
-8.4672370799511543e-05
-8.4033880571308931e-05
-8.3348087351867956e-05
-8.2667928783229674e-05
-8.2012793681560212e-05
-8.1318852820369414e-05
-8.0699800089361064e-05
-7.9967759568098281e-05
-7.9379159860616335e-05
-7.8649375417279971e-05
-7.8036291601307740e-05
-7.7353160282169349e-05
-7.6704417494606977e-05
-7.6055150586049275e-05
-7.5395994749366448e-05
-7.4758669017287822e-05
-7.4091666301867148e-05
-7.3467830286543599e-05
-7.2779297138131458e-05
-7.2190657637648546e-05
-7.1478783282412139e-05
-7.0906387547885739e-05
-7.0199686534432870e-05
-6.9624393689312388e-05
-6.8920234217306314e-05
-6.8346823011253074e-05
-6.7635006247398526e-05
-6.7079352345501245e-05
-6.6360109238992562e-05
-6.5805608818194925e-05
-6.5099972270632624e-05
-6.4534848434602362e-05
-6.3837899537942688e-05
-6.3265119684837763e-05
-6.2570311726536435e-05
-6.2003872499145262e-05
-6.1309780700963585e-05
-6.0732893380536521e-05
-6.0065100129355702e-05
-5.9460154922283928e-05
-5.8821778659276290e-05
-5.8193158815978567e-05
-5.7565995030222221e-05
-5.6928606020980476e-05
-5.6313547229533132e-05
-5.5659501482375059e-05
-5.5071277164075845e-05
-5.4383535156550223e-05
-5.3813868937432080e-05
-5.3125670008534145e-05
-5.2537948618059743e-05
-5.1881537583741377e-05
-5.1251995414534776e-05
-5.0637785611599615e-05
-4.9965757713727679e-05
-4.9385026923676859e-05
-4.8684339532391843e-05
-4.8092878786345891e-05
-4.7431802998223505e-05
-4.6800269969929650e-05
-4.6173257906637907e-05
-4.5503808692169851e-05
-4.4908053368149571e-05
-4.4203455920662006e-05
-4.3595675272944114e-05
-4.2934447282838608e-05
-4.2278952985430482e-05
-4.1661305846472646e-05
-4.0952728821017572e-05
-4.0333896755958073e-05
-3.9668909621722238e-05
-3.8999252492507117e-05
-3.8379080056028802e-05
-3.7690709640957203e-05
0.0000000000000000e+00
];
