%Vec Object:dSdr_b_aug_3860 1 MPI processes
%  type: seq
dSdr_b_aug_3860 = [
2.3555102820011998e+03
0.0000000000000000e+00
-1.0791784021932143e-06
-4.4353256210988064e-07
-2.7369361574810966e-07
-1.9331730850718662e-07
-1.4461089964920412e-07
-1.1451161038939141e-07
-9.4112903530296672e-08
-7.8753093505550725e-08
-6.7350052115636191e-08
-5.8609832089961880e-08
-5.1496253160112631e-08
-4.5734996998488094e-08
-4.1012227061390539e-08
-3.7031406653881794e-08
-3.3631517910780416e-08
-3.0730963529934845e-08
-2.8223501583263802e-08
-2.6015001065726245e-08
-1.3716582264029596e-07
-3.2600026457731303e-04
-6.8974653413887536e-04
-6.5353181353121131e-04
-6.0993695072743422e-04
-5.6783387116298432e-04
-5.2748799127156905e-04
-4.8675233952053399e-04
-4.4497207181455362e-04
-4.0034391197784578e-04
-3.6107585347592831e-04
-3.2334743723712387e-04
-2.8774022243416617e-04
-2.5019422657956340e-04
-2.1965827810640590e-04
-1.9308381765984937e-04
-1.6984008169540523e-04
-1.4788796160721741e-04
-1.3126090157488442e-04
-1.1864911236555704e-04
-1.0868875173157894e-04
-1.0065650966748539e-04
-9.5647479407988514e-05
-9.2588041387620302e-05
-9.0910924437849101e-05
-9.0505935902577661e-05
-9.0987170333713674e-05
-9.1991688598521906e-05
-9.3447618035873985e-05
-9.5413393960396480e-05
-9.7142709705967645e-05
-9.8956490825468613e-05
-1.0080146709844383e-04
-1.0257487237818314e-04
-1.0405878335446339e-04
-1.0538393639549735e-04
-1.0665202225715338e-04
-1.0767147581849766e-04
-1.0850421423560624e-04
-1.0917025562857068e-04
-1.0976504558211111e-04
-1.1014868773449030e-04
-1.1036912946130078e-04
-1.1053677886632099e-04
-1.1060366617866570e-04
-1.1053531982401345e-04
-1.1040364413812486e-04
-1.1021195382402103e-04
-1.0993173067356308e-04
-1.0959361937604293e-04
-1.0923484317184887e-04
-1.0882567323056082e-04
-1.0838256613809705e-04
-1.0787415253611567e-04
-1.0737666376351592e-04
-1.0685197744602972e-04
-1.0627886550072430e-04
-1.0572967011322045e-04
-1.0517002328757098e-04
-1.0453443873204834e-04
-1.0394668508038314e-04
-1.0335576313495797e-04
-1.0270643543344127e-04
-1.0210719765042741e-04
-1.0151173411722145e-04
-1.0081956275350098e-04
-1.0022113434329647e-04
-9.9603514912189494e-05
-9.8932416230366506e-05
-9.8335626378187924e-05
-9.7702527597982346e-05
-9.7035717817659230e-05
-9.6435866810736396e-05
-9.5782123014680147e-05
-9.5152711088483113e-05
-9.4563462450451464e-05
-9.3882517509083133e-05
-9.3282731044216894e-05
-9.2681958417951220e-05
-9.1990179496852229e-05
-9.1433185980594617e-05
-9.0802760099098777e-05
-9.0160899143996783e-05
-8.9603722120955482e-05
-8.8920640271174128e-05
-8.8345800181328460e-05
-8.7764302245802193e-05
-8.7105600917624715e-05
-8.6558576777416105e-05
-8.5923363639611069e-05
-8.5321271769721492e-05
-8.4768625660633449e-05
-8.4117791167936457e-05
-8.3575795865415439e-05
-8.2961785295588723e-05
-8.2382027993134935e-05
-8.1807840782759182e-05
-8.1198942207988474e-05
-8.0662357610449900e-05
-8.0031195703345639e-05
-7.9502927651632077e-05
-7.8911338299930960e-05
-7.8327068480008215e-05
-7.7807884616122618e-05
-7.7166908452168674e-05
-7.6672356788208028e-05
-7.6058916264273963e-05
-7.5528648979634897e-05
-7.4965065949907168e-05
-7.4400234998319136e-05
-7.3859150196965297e-05
-7.3287062227279839e-05
-7.2775226705953700e-05
-7.2171319971405136e-05
-7.1687018466311671e-05
-7.1084295456236190e-05
-7.0579801720391128e-05
-7.0017187956603370e-05
-6.9482408075828361e-05
-6.8949040292066036e-05
-6.8407291075350723e-05
-6.7882349716959532e-05
-6.7336752740073758e-05
-6.6823134207743450e-05
-6.6258086700325794e-05
-6.5778290324729338e-05
-6.5191151239482478e-05
-6.4726556454766153e-05
-6.4145924681199411e-05
-6.3675683127229578e-05
-6.3102020644454807e-05
-6.2632737544208886e-05
-6.2052033627622600e-05
-6.1600080509433179e-05
-6.1012788101335207e-05
-6.0562744782257697e-05
-5.9987756432846997e-05
-5.9528325201433893e-05
-5.8961978527819821e-05
-5.8497396431922519e-05
-5.7931962750562349e-05
-5.7476111834658088e-05
-5.6909777903138796e-05
-5.6445457357447588e-05
-5.5905006127520889e-05
-5.5414796205553272e-05
-5.4901940367743386e-05
-5.4392205540210384e-05
-5.3888043688202148e-05
-5.3374100240823821e-05
-5.2878928621150873e-05
-5.2353207461992550e-05
-5.1880910317356947e-05
-5.1328022311715742e-05
-5.0871885676600298e-05
-5.0318834990669301e-05
-4.9848690728637950e-05
-4.9323435191146678e-05
-4.8818590900673958e-05
-4.8330458385738329e-05
-4.7790630443178438e-05
-4.7329915145589375e-05
-4.6770119918681675e-05
-4.6298388264363785e-05
-4.5774729026824341e-05
-4.5270668224769387e-05
-4.4773849054360883e-05
-4.4241909393742512e-05
-4.3770202904908217e-05
-4.3211571392919515e-05
-4.2730556999459725e-05
-4.2206880862586921e-05
-4.1688879274902675e-05
-4.1200627529345848e-05
-4.0641470718343074e-05
-4.0152617588251560e-05
-3.9627843185690606e-05
-3.9099731102860428e-05
-3.8604923912619091e-05
-3.8037387753199099e-05
0.0000000000000000e+00
];
