%Vec Object:dSdr_b_aug_3150 1 MPI processes
%  type: seq
dSdr_b_aug_3150 = [
2.3713470967592989e+03
0.0000000000000000e+00
-1.2056384898460886e-06
-4.9576319256155211e-07
-3.0589594337602959e-07
-2.1623065995823274e-07
-1.6207323387145206e-07
-1.2860787341663827e-07
-1.0592623426013915e-07
-8.8822130338660827e-08
-7.6123288537842058e-08
-6.6390242706795981e-08
-5.8462426347892996e-08
-5.2040339500934088e-08
-4.6775759926525766e-08
-4.2336778381295917e-08
-3.8544046277093917e-08
-3.5308259497405971e-08
-3.2510745409248614e-08
-3.0042499041908790e-08
-2.7961940354313713e-08
-1.8270356981233957e-06
-5.3575863687175835e-04
-6.5808963872710381e-04
-6.1619021294013923e-04
-5.7375644244033049e-04
-5.3305732941157980e-04
-4.9196822379082156e-04
-4.4983180548820997e-04
-4.0483315231725430e-04
-3.6524089601806028e-04
-3.2720615196401117e-04
-2.9131368311228182e-04
-2.5347006587428058e-04
-2.2269356775419556e-04
-1.9591115827859707e-04
-1.7248608448972030e-04
-1.5036240547363532e-04
-1.3360528731609680e-04
-1.2089429244814434e-04
-1.1085349180940814e-04
-1.0275449804456516e-04
-9.7701250967132105e-05
-9.4611378884606556e-05
-9.2913491626935081e-05
-9.2495920838183999e-05
-9.2970939669918169e-05
-9.3972743815042722e-05
-9.5428901882162331e-05
-9.7396297582470114e-05
-9.9126778889786611e-05
-1.0094238003636267e-04
-1.0278831271708883e-04
-1.0456142369329648e-04
-1.0604410168658259e-04
-1.0736651987997800e-04
-1.0862994212691936e-04
-1.0964404087454806e-04
-1.1047053811740267e-04
-1.1112867521974962e-04
-1.1171419738103701e-04
-1.1208841064636609e-04
-1.1229836531322546e-04
-1.1245341707214164e-04
-1.1250876519008305e-04
-1.1242816682806170e-04
-1.1228290379415198e-04
-1.1207720223467099e-04
-1.1178338901238505e-04
-1.1143091659042115e-04
-1.1105683675905705e-04
-1.1063352874680584e-04
-1.1017622126142952e-04
-1.0965097641164649e-04
-1.0913897872773733e-04
-1.0859987117788537e-04
-1.0800966457026739e-04
-1.0744603446243109e-04
-1.0687200735668716e-04
-1.0621890773854834e-04
-1.0561667759976208e-04
-1.0501112002982243e-04
-1.0434477233978374e-04
-1.0373113791027226e-04
-1.0312117378162360e-04
-1.0241182531518851e-04
-1.0179905815844086e-04
-1.0116675288114729e-04
-1.0047918796202637e-04
-9.9868297225039136e-05
-9.9220281483178876e-05
-9.8537395063372067e-05
-9.7923564424246034e-05
-9.7254486304425319e-05
-9.6609988777816537e-05
-9.6007000417374893e-05
-9.5310222777158490e-05
-9.4695953742913571e-05
-9.4081405370100493e-05
-9.3373496986888887e-05
-9.2802924278816485e-05
-9.2158211658011234e-05
-9.1501164589092996e-05
-9.0930592811872845e-05
-9.0232027375983532e-05
-8.9643323262592566e-05
-8.9048123097994233e-05
-8.8374221836073319e-05
-8.7814052644849292e-05
-8.7163908182212694e-05
-8.6547761266614847e-05
-8.5981903320033075e-05
-8.5315664382061687e-05
-8.4760944975301847e-05
-8.4132186468010954e-05
-8.3538775155408800e-05
-8.2951041432624285e-05
-8.2327491388793167e-05
-8.1778157663613558e-05
-8.1132066695144113e-05
-8.0590782593012623e-05
-7.9985336844382710e-05
-7.9387024520687243e-05
-7.8854863886998938e-05
-7.8199054470385845e-05
-7.7692054875115954e-05
-7.7063834934510490e-05
-7.6520941385066789e-05
-7.5943100215708942e-05
-7.5364814103513002e-05
-7.4810423163101141e-05
-7.4224118734639687e-05
-7.3699774278718208e-05
-7.3080918297690464e-05
-7.2584448411397499e-05
-7.1966901260838510e-05
-7.1449738411910976e-05
-7.0873063969390166e-05
-7.0324988129736969e-05
-6.9778098488838187e-05
-6.9222651534590259e-05
-6.8684598374701170e-05
-6.8124837082462483e-05
-6.7598359551034208e-05
-6.7018905061766378e-05
-6.6526410025032244e-05
-6.5924718157197380e-05
-6.5447546292719217e-05
-6.4852206095258408e-05
-6.4369708251163521e-05
-6.3780820754943179e-05
-6.3299389060741257e-05
-6.2703388267293993e-05
-6.2239336398133401e-05
-6.1636649348211666e-05
-6.1174419025063204e-05
-6.0584187978905250e-05
-6.0112425581295211e-05
-5.9530841556148519e-05
-5.9053636000750998e-05
-5.8473108207740708e-05
-5.8004354905273019e-05
-5.7423115419171564e-05
-5.6945661632170639e-05
-5.6390353331576949e-05
-5.5886757133476086e-05
-5.5359256708742171e-05
-5.4835651415408688e-05
-5.4317138755661944e-05
-5.3788792712472569e-05
-5.3279633617091889e-05
-5.2738940559411682e-05
-5.2253117866921189e-05
-5.1684496088456191e-05
-5.1215113524014493e-05
-5.0646294612334538e-05
-5.0162432055750062e-05
-4.9621873957210297e-05
-4.9102480404666546e-05
-4.8599637570796580e-05
-4.8044384828076689e-05
-4.7569666108718630e-05
-4.6993431566266761e-05
-4.6507729412500452e-05
-4.5968035750815080e-05
-4.5449100293993194e-05
-4.4937088503996158e-05
-4.4389101864906251e-05
-4.3902917907969273e-05
-4.3327250527198095e-05
-4.2831438461096827e-05
-4.2291703585332877e-05
-4.1757646071657091e-05
-4.1254276620102463e-05
-4.0677654587839923e-05
-4.0173583887971999e-05
-3.9632354469636399e-05
-3.9087522677794682e-05
-3.8577510222534985e-05
-3.7992793380283953e-05
0.0000000000000000e+00
];
