%Vec Object:dSdr_b_aug_2690 1 MPI processes
%  type: seq
dSdr_b_aug_2690 = [
2.3858988229282063e+03
0.0000000000000000e+00
-1.3364382506024942e-06
-5.4960028410180317e-07
-3.3893952432999663e-07
-2.3965914421328907e-07
-1.7989148229493114e-07
-1.4296260454838755e-07
-1.1793206340991531e-07
-9.9032675192175348e-08
-8.5000211436343019e-08
-7.4245274000376866e-08
-6.5479631755130931e-08
-5.8377563530694575e-08
-5.2555365916415808e-08
-4.7644882619333970e-08
-4.3447910133363787e-08
-3.9867055434335139e-08
-3.6770892405554469e-08
-3.4038035204792798e-08
-3.1643884397919407e-08
-3.2015998032744354e-08
-2.3816613301728532e-05
-6.2935962368554539e-04
-6.2018542809428158e-04
-5.7815791475993212e-04
-5.3721429869890410e-04
-4.9586206969916378e-04
-4.5345980953546944e-04
-4.0818456956148735e-04
-3.6835028553506535e-04
-3.3008685427004776e-04
-2.9398143068627767e-04
-2.5591562596954292e-04
-2.2495954693696135e-04
-1.9802189434781265e-04
-1.7446144388464084e-04
-1.5220968858117010e-04
-1.3535547630444465e-04
-1.2257042003338285e-04
-1.1246956737251827e-04
-1.0432074050237265e-04
-9.9234483588135728e-05
-9.6121891094899715e-05
-9.4408497839051336e-05
-9.3981533790588737e-05
-9.4451912348958637e-05
-9.5451690230147172e-05
-9.6908018926284464e-05
-9.8876623808621180e-05
-1.0060797521166927e-04
-1.0242493504373830e-04
-1.0427158168284168e-04
-1.0604447290924267e-04
-1.0752623038979096e-04
-1.0884660686588326e-04
-1.1010654748703256e-04
-1.1111664860134835e-04
-1.1193848650532337e-04
-1.1259072268088522e-04
-1.1316932600266623e-04
-1.1353650016547294e-04
-1.1373862579972282e-04
-1.1388427290370321e-04
-1.1393100654588528e-04
-1.1384126155925765e-04
-1.1368585500831384e-04
-1.1346969347140973e-04
-1.1316573465073424e-04
-1.1280254092216509e-04
-1.1241703616922443e-04
-1.1198317337875317e-04
-1.1151526459325200e-04
-1.1097745443378924e-04
-1.1045462519482203e-04
-1.0990475154654606e-04
-1.0930178300759540e-04
-1.0872737673241419e-04
-1.0814261410251263e-04
-1.0747643870687196e-04
-1.0686340122141416e-04
-1.0624691750195030e-04
-1.0556786363009341e-04
-1.0494348145955128e-04
-1.0432269198734432e-04
-1.0360052004732967e-04
-1.0297704837496228e-04
-1.0233377945733838e-04
-1.0163392175736918e-04
-1.0101250407994608e-04
-1.0035335216045629e-04
-9.9658463812344963e-05
-9.9034196753706929e-05
-9.8353670877571309e-05
-9.7697911277622586e-05
-9.7084665601397966e-05
-9.6376068145927893e-05
-9.5750987228455421e-05
-9.5126154646460199e-05
-9.4406204902245714e-05
-9.3825494722286131e-05
-9.3170116419353640e-05
-9.2501732250683429e-05
-9.1921160702995049e-05
-9.1211036091370877e-05
-9.0611981877565694e-05
-9.0006552399263950e-05
-8.9321303721340403e-05
-8.8751321174541787e-05
-8.8090029824544979e-05
-8.7463390203092493e-05
-8.6887669042650840e-05
-8.6209930012372100e-05
-8.5645711506557635e-05
-8.5005943019579637e-05
-8.4402338392898293e-05
-8.3804491607807291e-05
-8.3170003602928277e-05
-8.2611152098585787e-05
-8.1953915934931382e-05
-8.1402914784759571e-05
-8.0787124632652463e-05
-8.0178328968691809e-05
-7.9636480612583607e-05
-7.8969597527543580e-05
-7.8453305011501166e-05
-7.7814051594061486e-05
-7.7261731991299759e-05
-7.6673246502103224e-05
-7.6084915529960287e-05
-7.5520590981069171e-05
-7.4923673350548795e-05
-7.4389990435571132e-05
-7.3759974195306615e-05
-7.3254420089004273e-05
-7.2625806077720445e-05
-7.2099185191348126e-05
-7.1512013846919355e-05
-7.0954012003468842e-05
-7.0397027716084199e-05
-6.9831354813831923e-05
-6.9283513134065858e-05
-6.8713177574632872e-05
-6.8177100252932117e-05
-6.7586890337169292e-05
-6.7084915211460542e-05
-6.6472359072807657e-05
-6.5985797887426213e-05
-6.5379477228642087e-05
-6.4887829549918765e-05
-6.4287575938138696e-05
-6.3797074812350812e-05
-6.3189654257615283e-05
-6.2716570170420657e-05
-6.2102390377284314e-05
-6.1631061955279428e-05
-6.1029451604152404e-05
-6.0548483489423692e-05
-5.9955524154880934e-05
-5.9468894678252064e-05
-5.8877098517553069e-05
-5.8398713069339672e-05
-5.7806345989400665e-05
-5.7319087721963345e-05
-5.6752688032040875e-05
-5.6239098462472721e-05
-5.5700665288134538e-05
-5.5166705167426181e-05
-5.4637479091361593e-05
-5.4098380978401871e-05
-5.3578779727970322e-05
-5.3026909611504584e-05
-5.2530989636275055e-05
-5.1950622053304309e-05
-5.1471350983470426e-05
-5.0890760581768284e-05
-5.0396656918749287e-05
-4.9844675015811909e-05
-4.9314420058893650e-05
-4.8800595619281354e-05
-4.8233827923395400e-05
-4.7748655419928655e-05
-4.7160148658098780e-05
-4.6664017436832515e-05
-4.6112353995112576e-05
-4.5582314696598016e-05
-4.5058961844222041e-05
-4.4498996531925745e-05
-4.4002005874206418e-05
-4.3413622214083092e-05
-4.2906765289988985e-05
-4.2355044878253224e-05
-4.1809005075476835e-05
-4.1294355578377413e-05
-4.0704704123888856e-05
-4.0189287736619583e-05
-3.9635801001142282e-05
-3.9078544881585511e-05
-3.8557343233292296e-05
-3.7960663575551118e-05
0.0000000000000000e+00
];
