%Vec Object:dSdr_b_aug_130 1 MPI processes
%  type: seq
dSdr_b_aug_130 = [
2.6280648825119547e+03
0.0000000000000000e+00
-8.8594325950311395e-06
-3.5490576784286385e-06
-2.1048464120183869e-06
-1.4568242344933728e-06
-1.0942074113148201e-06
-8.7093152857576134e-07
-7.1965612441971027e-07
-6.0350316912381068e-07
-5.1733846536091681e-07
-4.5136937822092935e-07
-3.9743017904357698e-07
-3.5372107440361146e-07
-3.1790711870699092e-07
-2.8769590230028279e-07
-2.6186790085707008e-07
-2.3983928050355615e-07
-2.2079791786601136e-07
-2.0399266702284332e-07
-1.8927359325329118e-07
-1.7629536583819580e-07
-1.6462803502616033e-07
-1.5419907364238096e-07
-1.4484397902265710e-07
-1.3635501853750174e-07
-1.2863588886464039e-07
-1.2162068830208091e-07
-1.1520264898924014e-07
-1.0929288536548215e-07
-1.0386678700987530e-07
-9.8867116467921029e-08
-9.4219100166459918e-08
-8.9916115612040838e-08
-8.5923270751681358e-08
-8.2189727282420199e-08
-7.8706626169730247e-08
-7.5453763414875728e-08
-7.2399919339438405e-08
-6.9531869302799963e-08
-6.6839674899138434e-08
-6.4305500918871578e-08
-6.1921216189169964e-08
-5.9700705337343975e-08
-5.7690420170659137e-08
-5.6064483797855561e-08
-5.5420187959014256e-08
-5.7728337366705846e-08
-7.0067390413927253e-08
-1.1997738544156546e-07
-3.0528857263099196e-07
-9.3572220558947963e-07
-2.9640517870512690e-06
-9.0295805502604066e-06
-2.4235692752277947e-05
-5.1265220324419622e-05
-8.1616320941396207e-05
-1.0472957404200824e-04
-1.1918430689562835e-04
-1.2761118667099897e-04
-1.3247350428218508e-04
-1.3516943702417806e-04
-1.3659726385003486e-04
-1.3733559049061939e-04
-1.3765379866708579e-04
-1.3764106019916594e-04
-1.3744264169576100e-04
-1.3712086094514364e-04
-1.3668474764467871e-04
-1.3616174234563642e-04
-1.3559444584002736e-04
-1.3498800527043855e-04
-1.3434354333364886e-04
-1.3359389078139558e-04
-1.3288775414336721e-04
-1.3215509945294451e-04
-1.3133497906090268e-04
-1.3057708716553851e-04
-1.2980941804679815e-04
-1.2892036310091496e-04
-1.2812308935573533e-04
-1.2732032048760609e-04
-1.2642461404476413e-04
-1.2561696742004343e-04
-1.2481158534273287e-04
-1.2387074492047054e-04
-1.2306473644151680e-04
-1.2223451096586116e-04
-1.2132503099117177e-04
-1.2052410256515823e-04
-1.1967505069749256e-04
-1.1877549910982942e-04
-1.1797326450124772e-04
-1.1709752528031089e-04
-1.1624971867027912e-04
-1.1546155956504073e-04
-1.1455140425834314e-04
-1.1374195319660823e-04
-1.1294174863525634e-04
-1.1201646318839978e-04
-1.1126288328689517e-04
-1.1042562892280372e-04
-1.0956392029760663e-04
-1.0881282904885733e-04
-1.0790559310092279e-04
-1.0713004525377715e-04
-1.0635018188416846e-04
-1.0547143297119422e-04
-1.0473410969163500e-04
-1.0388273766556595e-04
-1.0307717279324036e-04
-1.0233326078905705e-04
-1.0145941818094975e-04
-1.0073321795445730e-04
-9.9905703578337748e-05
-9.9128279242408931e-05
-9.8357981281381042e-05
-9.7536975604567167e-05
-9.6815824043327973e-05
-9.5968536458750496e-05
-9.5251837319505222e-05
-9.4459651300892678e-05
-9.3672090609166919e-05
-9.2965044494083523e-05
-9.2109329978519249e-05
-9.1434572155454680e-05
-9.0607172792384955e-05
-8.9894117793485419e-05
-8.9124122558370688e-05
-8.8364504181321675e-05
-8.7630789408936073e-05
-8.6852892918464809e-05
-8.6159968695954153e-05
-8.5339645132281015e-05
-8.4679185296278558e-05
-8.3861856839588487e-05
-8.3173955946060223e-05
-8.2407789562703764e-05
-8.1680528000954391e-05
-8.0951408357025215e-05
-8.0211361233537530e-05
-7.9496604691956175e-05
-7.8745955525041150e-05
-7.8046181963844116e-05
-7.7272569602889135e-05
-7.6608939783358266e-05
-7.5811125564231480e-05
-7.5164457916174137e-05
-7.4370898304045266e-05
-7.3723228487694475e-05
-7.2929160101957617e-05
-7.2284008465751904e-05
-7.1481858980067240e-05
-7.0854759600580199e-05
-7.0044607096536693e-05
-6.9418140722121298e-05
-6.8622492901295498e-05
-6.7984552606191565e-05
-6.7197624931588181e-05
-6.6550303446704292e-05
-6.5766363766750670e-05
-6.5123736859042309e-05
-6.4341628255566914e-05
-6.3687191392492487e-05
-6.2931669266913629e-05
-6.2247682041778431e-05
-6.1522833724026840e-05
-6.0812314688419386e-05
-6.0100416291473634e-05
-5.9377988349675685e-05
-5.8680343808252125e-05
-5.7937900665072665e-05
-5.7269822567503406e-05
-5.6489188589097349e-05
-5.5841325166557040e-05
-5.5060037001792585e-05
-5.4391335951209683e-05
-5.3644593926213715e-05
-5.2929174639627772e-05
-5.2228142735116995e-05
-5.1465081153924770e-05
-5.0801719219473498e-05
-5.0004027189102536e-05
-4.9330154400309673e-05
-4.8574495473960735e-05
-4.7855249695917698e-05
-4.7138674697581348e-05
-4.6374653990095572e-05
-4.5693643177072560e-05
-4.4888750051948815e-05
-4.4193982764466955e-05
-4.3438458519917028e-05
-4.2688891364147751e-05
-4.1983040202831150e-05
-4.1172966005085634e-05
-4.0466951431151991e-05
-3.9709681309003398e-05
-3.8951727518371047e-05
-3.8271158804204419e-05
-3.7637654464854651e-05
0.0000000000000000e+00
];
