%Vec Object:dSdr_b_aug_1970 1 MPI processes
%  type: seq
dSdr_b_aug_1970 = [
2.4112072792766894e+03
0.0000000000000000e+00
-1.5981155730225568e-06
-6.5498945553763357e-07
-4.0205317485917639e-07
-2.8333740042588852e-07
-2.1238286510985513e-07
-1.6855651337181827e-07
-1.3885326318011640e-07
-1.1640805884130121e-07
-9.9745868918257218e-08
-8.6977033786608051e-08
-7.6571802281393109e-08
-6.8142682467993606e-08
-6.1233338331249120e-08
-5.5407348323047831e-08
-5.0429329953010563e-08
-4.6182534313183379e-08
-4.2511098220160202e-08
-3.9271808578483846e-08
-3.6434107558039320e-08
-3.3931558350015978e-08
-3.2138168913498134e-08
-2.7416779932702366e-06
-4.4078372986120764e-04
-5.8247179889118963e-04
-5.4518388921724289e-04
-5.0346968392636421e-04
-4.6055538096160674e-04
-4.1473969075948137e-04
-3.7443206014517417e-04
-3.3572133493878101e-04
-2.9919938505504980e-04
-2.6069899474878564e-04
-2.2939166598373069e-04
-2.0215036694994703e-04
-1.7832512762223064e-04
-1.5582286255873943e-04
-1.3877873984884987e-04
-1.2584882380924683e-04
-1.1563051292419561e-04
-1.0738421544497604e-04
-1.0223339328508044e-04
-9.9076361083481025e-05
-9.7332639102934009e-05
-9.6887302502048675e-05
-9.7348605076081691e-05
-9.8344419821713274e-05
-9.9801082375135442e-05
-1.0177205246181518e-04
-1.0350510582543031e-04
-1.0532472326530132e-04
-1.0717276645791780e-04
-1.0894522795241596e-04
-1.1042518504324959e-04
-1.1174156811222801e-04
-1.1299469894622239e-04
-1.1399698098664926e-04
-1.1480970555553354e-04
-1.1545039991870353e-04
-1.1601547044778897e-04
-1.1636887658696032e-04
-1.1655568913731694e-04
-1.1668294133113571e-04
-1.1671282560410909e-04
-1.1660519039442797e-04
-1.1642994375522209e-04
-1.1619332315074194e-04
-1.1586952021673346e-04
-1.1548535641331649e-04
-1.1507750534735319e-04
-1.1462299818523403e-04
-1.1413435402647510e-04
-1.1357196689200948e-04
-1.1302795172112849e-04
-1.1245702017238172e-04
-1.1182909000320269e-04
-1.1123360613762716e-04
-1.1062784541402032e-04
-1.0993609452884569e-04
-1.0930191847287111e-04
-1.0866406381322986e-04
-1.0796015736404564e-04
-1.0731475325523969e-04
-1.0667279006416026e-04
-1.0592553617928749e-04
-1.0528112711935416e-04
-1.0461641398084233e-04
-1.0389251233909208e-04
-1.0325050459944749e-04
-1.0256957098501953e-04
-1.0185120758451978e-04
-1.0120652751621748e-04
-1.0050361051464110e-04
-9.9825822974308805e-05
-9.9192514603858327e-05
-9.8460798297215756e-05
-9.7814569983451017e-05
-9.7169622104901668e-05
-9.6426120177462425e-05
-9.5825581709698950e-05
-9.5149341959950028e-05
-9.4458783080242153e-05
-9.3858652558712383e-05
-9.3125918867923373e-05
-9.2506620454779919e-05
-9.1881183028504879e-05
-9.1173739459877285e-05
-9.0584562554453499e-05
-8.9901468535250818e-05
-8.9254305784469790e-05
-8.8659292744070283e-05
-8.7959060195515919e-05
-8.7376261996065859e-05
-8.6714958621292478e-05
-8.6091416455820891e-05
-8.5473789099484987e-05
-8.4817907069478378e-05
-8.4240439332021331e-05
-8.3561403804026832e-05
-8.2991396661162187e-05
-8.2355373445210648e-05
-8.1726072964821383e-05
-8.1165275973281269e-05
-8.0476733422907835e-05
-7.9942264479160796e-05
-7.9281430207345282e-05
-7.8710673775215969e-05
-7.8101368598439616e-05
-7.7493390445823891e-05
-7.6909636317087704e-05
-7.6291959860761422e-05
-7.5740011440995236e-05
-7.5088166360809091e-05
-7.4564844024300130e-05
-7.3914583852386560e-05
-7.3369463568509800e-05
-7.2761760867115220e-05
-7.2184344308076515e-05
-7.1607615448811523e-05
-7.1021941154696572e-05
-7.0454953664820385e-05
-6.9863935418051901e-05
-6.9309081426849770e-05
-6.8697834482480048e-05
-6.8177316811763219e-05
-6.7543510746316998e-05
-6.7038584548199292e-05
-6.6410786695323749e-05
-6.5901242419053884e-05
-6.5278757290236942e-05
-6.4770516823864458e-05
-6.4140759816749780e-05
-6.3650009168882412e-05
-6.3013350166386746e-05
-6.2524226315863171e-05
-6.1900358624129430e-05
-6.1401384574828827e-05
-6.0786175703484894e-05
-6.0281113485277403e-05
-5.9667276944959353e-05
-5.9170051465436436e-05
-5.8555919334370591e-05
-5.8049483940449765e-05
-5.7461389993544739e-05
-5.6928253814568153e-05
-5.6368436648767450e-05
-5.5814222903742628e-05
-5.5264041808298853e-05
-5.4703913053197937e-05
-5.4163887315346073e-05
-5.3590155258301075e-05
-5.3074485295901203e-05
-5.2471143280172950e-05
-5.1972530514232645e-05
-5.1368915363758960e-05
-5.0854780249271671e-05
-5.0280453548671804e-05
-4.9728953751432319e-05
-4.9193649288750181e-05
-4.8604358276574570e-05
-4.8098737936567815e-05
-4.7486226439873504e-05
-4.6969695421531216e-05
-4.6394618424535841e-05
-4.5842859031921767e-05
-4.5297321756554231e-05
-4.4713924439101966e-05
-4.4195793502065331e-05
-4.3582533702235160e-05
-4.3054068712346222e-05
-4.2478898637093540e-05
-4.1909412982936323e-05
-4.1372687144233762e-05
-4.0757530699199988e-05
-4.0219889803393086e-05
-3.9642368409863147e-05
-3.9060682919439154e-05
-3.8517234925013034e-05
-3.7895232627650591e-05
0.0000000000000000e+00
];
