%Vec Object:dSdr_b_aug_5490 1 MPI processes
%  type: seq
dSdr_b_aug_5490 = [
2.3240248322734046e+03
0.0000000000000000e+00
-8.7528433714111891e-07
-3.6161374818073842e-07
-2.2463278507795042e-07
-1.5951811829700998e-07
-1.1972285919647650e-07
-9.5119290003677433e-08
-7.8442241009197199e-08
-6.5887846208736670e-08
-5.6564611064929882e-08
-4.9417300366918918e-08
-4.3596009381189114e-08
-3.8879625810233638e-08
-3.5012713978233277e-08
-3.1751496837793112e-08
-2.8964341683995404e-08
-2.6586133996665549e-08
-2.4599270212362642e-08
-5.7279441699749521e-06
-7.1614902658023705e-04
-7.1906986865777399e-04
-6.8057609326268242e-04
-6.4188753696680224e-04
-5.9894177892270127e-04
-5.5749742846006160e-04
-5.1777035271816433e-04
-4.7765151568634486e-04
-4.3649267498456338e-04
-3.9251096274858397e-04
-3.5380857372965672e-04
-3.1661464691515426e-04
-2.8150515144551887e-04
-2.4447845385288048e-04
-2.1436222324557120e-04
-1.8815059818640348e-04
-1.6522326563108715e-04
-1.4357048648338893e-04
-1.2717035558145378e-04
-1.1473166321259740e-04
-1.0491165655284462e-04
-9.6995884704758321e-05
-9.2064005113460062e-05
-8.9057669189875210e-05
-8.7416792726567025e-05
-8.7033757911924252e-05
-8.7525837338871674e-05
-8.8535091120050190e-05
-8.9990621482955645e-05
-9.1953571024684628e-05
-9.3680852927088818e-05
-9.5491458397977885e-05
-9.7334765899583623e-05
-9.9108684684730204e-05
-1.0059474700360481e-04
-1.0192467188362135e-04
-1.0320089495205879e-04
-1.0422969174459311e-04
-1.0507331994133960e-04
-1.0575315296743198e-04
-1.0636411362927179e-04
-1.0676420757409425e-04
-1.0700294727328182e-04
-1.0719257717632942e-04
-1.0727959818229133e-04
-1.0723262926979298e-04
-1.0712466097596584e-04
-1.0695741769189699e-04
-1.0670090674923163e-04
-1.0638785310395046e-04
-1.0605577905828072e-04
-1.0567127758214326e-04
-1.0525294769731490e-04
-1.0477390169471733e-04
-1.0430172844476867e-04
-1.0380220466679005e-04
-1.0325891993782922e-04
-1.0273491062678722e-04
-1.0220035488908346e-04
-1.0159533107950690e-04
-1.0103283638296709e-04
-1.0046745106104137e-04
-9.9847820288990590e-05
-9.9273702155337328e-05
-9.8703539645583977e-05
-9.8041339350928209e-05
-9.7467929566987004e-05
-9.6875934391856230e-05
-9.6233566443406772e-05
-9.5661380191337469e-05
-9.5054308925756383e-05
-9.4415550099288261e-05
-9.3840091129242616e-05
-9.3213103074620227e-05
-9.2610012910801222e-05
-9.2044737709780024e-05
-9.1391418090528689e-05
-9.0816901203387448e-05
-9.0240164871574458e-05
-8.9576529074036614e-05
-8.9043228898301864e-05
-8.8437730921363819e-05
-8.7822367139602466e-05
-8.7288561675261296e-05
-8.6632496037948597e-05
-8.6081846302002793e-05
-8.5524256417510329e-05
-8.4892076378181543e-05
-8.4367988110020320e-05
-8.3758827585590301e-05
-8.3181259372816345e-05
-8.2651665667991329e-05
-8.2027709304439435e-05
-8.1507915396676107e-05
-8.0919637463541862e-05
-8.0363704082820261e-05
-7.9813153229989233e-05
-7.9229818973059992e-05
-7.8715479435178672e-05
-7.8110366198190663e-05
-7.7604808941665130e-05
-7.7037396646619820e-05
-7.6477628608617179e-05
-7.5981087004403996e-05
-7.5365992345487054e-05
-7.4893160210951970e-05
-7.4305507259316163e-05
-7.3797270667367153e-05
-7.3258565672879220e-05
-7.2717211697345053e-05
-7.2199343856210220e-05
-7.1652061199903094e-05
-7.1162051656344018e-05
-7.0584228826816762e-05
-7.0121159095146821e-05
-6.9544301704594085e-05
-6.9061913436891414e-05
-6.8523833186563736e-05
-6.8012252515908491e-05
-6.7502478098212677e-05
-6.6984629130772727e-05
-6.6482565665929562e-05
-6.5961683041072203e-05
-6.5470501310701387e-05
-6.4930591572380292e-05
-6.4472952241729589e-05
-6.3911205329335489e-05
-6.3468555457265086e-05
-6.2913587430734073e-05
-6.2464731074341666e-05
-6.1917633706596743e-05
-6.1469547901111203e-05
-6.0915534498408053e-05
-6.0484691717031431e-05
-5.9924260417117521e-05
-5.9495481433066460e-05
-5.8947089086412831e-05
-5.8509173742054216e-05
-5.7969413759804359e-05
-5.7526857568950772e-05
-5.6987760667780481e-05
-5.6554422355895254e-05
-5.6014096226907088e-05
-5.5572691110884141e-05
-5.5058163112809338e-05
-5.4591310152689480e-05
-5.4104006830245132e-05
-5.3618473828693913e-05
-5.3139351937434389e-05
-5.2650538836321942e-05
-5.2179773275561072e-05
-5.1680175855641565e-05
-5.1231478848205775e-05
-5.0706043996998047e-05
-5.0273019695671111e-05
-4.9747482376104640e-05
-4.9301274756793348e-05
-4.8802720209365444e-05
-4.8323262613023197e-05
-4.7860797904838188e-05
-4.7347884539133182e-05
-4.6911603889062181e-05
-4.6380493710870363e-05
-4.5933139645055294e-05
-4.5437459461926796e-05
-4.4959354446977121e-05
-4.4489046284314591e-05
-4.3985108910454019e-05
-4.3538666913209609e-05
-4.3009764913228881e-05
-4.2554576173889198e-05
-4.2058928144679029e-05
-4.1568952925200783e-05
-4.1107095545888988e-05
-4.0578437792846846e-05
-4.0116177864014133e-05
-3.9620189370658061e-05
-3.9121409358967548e-05
-3.8653579792178072e-05
-3.8118398254392602e-05
0.0000000000000000e+00
];
