%Vec Object:dSdr_b_aug_8580 1 MPI processes
%  type: seq
dSdr_b_aug_8580 = [
2.2841601894737223e+03
0.0000000000000000e+00
-6.7304793191107718e-07
-2.7778343611173917e-07
-1.7260151526733137e-07
-1.2238332138540652e-07
-9.1481088576517794e-08
-7.2372876738736657e-08
-5.9423296235908897e-08
-4.9705459396785707e-08
-4.2489803479267784e-08
-3.6957850119587716e-08
-3.2459657404951597e-08
-2.8816948305044853e-08
-2.5830527338927035e-08
-2.3313681566777284e-08
-2.1164806882303782e-08
-1.2607466582746881e-07
-5.5779474232496172e-04
-7.8223424999337499e-04
-7.4085482961318619e-04
-7.0208751512586883e-04
-6.6410956163053317e-04
-6.2627029309124805e-04
-5.8426359622911579e-04
-5.4370023741755734e-04
-5.0479919833834889e-04
-4.6550369081886438e-04
-4.2517433402964423e-04
-3.8205550319059738e-04
-3.4410817253712205e-04
-3.0762768478745232e-04
-2.7318254748187728e-04
-2.3684901169466501e-04
-2.0729302250084572e-04
-1.8156571184566216e-04
-1.5906071619625208e-04
-1.3780749906944323e-04
-1.2171027453677999e-04
-1.0950263291427651e-04
-9.9869971638945018e-05
-9.2109665002282226e-05
-8.7280766684709633e-05
-8.4345311868060829e-05
-8.2752809535268596e-05
-8.2399078791575120e-05
-8.2905634295248764e-05
-8.3921209177724809e-05
-8.5376206954366219e-05
-8.7335383915640994e-05
-8.9059951116482680e-05
-9.0866317518498236e-05
-9.2707397327822572e-05
-9.4482001348248384e-05
-9.5970935109837712e-05
-9.7307229294671163e-05
-9.8594313787617036e-05
-9.9635581822399725e-05
-1.0049374561039721e-04
-1.0119198764356470e-04
-1.0182453292156532e-04
-1.0224658668195499e-04
-1.0250975056583179e-04
-1.0272872015382349e-04
-1.0284261572075039e-04
-1.0282418153015250e-04
-1.0274785798629231e-04
-1.0261324672425523e-04
-1.0238838695888302e-04
-1.0210878039635377e-04
-1.0181234852822159e-04
-1.0146077464553293e-04
-1.0107551750392214e-04
-1.0063567152147214e-04
-1.0019728955985000e-04
-9.9731352867359638e-05
-9.9227881656950453e-05
-9.8737490848335732e-05
-9.8236426821783550e-05
-9.7672195649152555e-05
-9.7143416733417836e-05
-9.6612117825266067e-05
-9.6032126663374293e-05
-9.5491538364167588e-05
-9.4955147787786432e-05
-9.4332953025785951e-05
-9.3792938229884842e-05
-9.3235146440142101e-05
-9.2631128418007823e-05
-9.2091783174780842e-05
-9.1519453565900742e-05
-9.0918137292506505e-05
-9.0375236935424583e-05
-8.9783962577904013e-05
-8.9216006833807697e-05
-8.8682731496396891e-05
-8.8066286294499657e-05
-8.7525499365733063e-05
-8.6980846799722205e-05
-8.6354776583195259e-05
-8.5853102396626788e-05
-8.5280878306346147e-05
-8.4700883074315263e-05
-8.4198274074120315e-05
-8.3578269802139186e-05
-8.3059909461830869e-05
-8.2534232153580234e-05
-8.1937452852708713e-05
-8.1443979491306341e-05
-8.0869594114756348e-05
-8.0324760191498507e-05
-7.9825936940666100e-05
-7.9237857626855696e-05
-7.8747698241081392e-05
-7.8193768348468320e-05
-7.7669635246124235e-05
-7.7150634309864065e-05
-7.6601423419960437e-05
-7.6116776687070101e-05
-7.5546433332302683e-05
-7.5071190546308712e-05
-7.4536049894281231e-05
-7.4008986943880774e-05
-7.3542668327798724e-05
-7.2962120416791674e-05
-7.2518279604969521e-05
-7.1965048018731752e-05
-7.1486218090873973e-05
-7.0980720406675993e-05
-7.0470703600379478e-05
-6.9983825857712333e-05
-6.9469653440824624e-05
-6.9008777304727339e-05
-6.8465771383817203e-05
-6.8031041911796827e-05
-6.7488710060175671e-05
-6.7035828262820618e-05
-6.6530495448651508e-05
-6.6049881178970805e-05
-6.5571599282808382e-05
-6.5085652465268965e-05
-6.4614126504163117e-05
-6.4126232695796485e-05
-6.3664999696193617e-05
-6.3158643951455304e-05
-6.2730579928653009e-05
-6.2202726586821374e-05
-6.1789368865083620e-05
-6.1268656905108756e-05
-6.0848345585854493e-05
-6.0336707432141370e-05
-5.9916915847042031e-05
-5.9398529037837297e-05
-5.8995864401394342e-05
-5.8471287400957697e-05
-5.8070892115093514e-05
-5.7558000199221933e-05
-5.7148804320708183e-05
-5.6644532334780371e-05
-5.6231376378139698e-05
-5.5727433883853166e-05
-5.5324145447122459e-05
-5.4818534595814485e-05
-5.4407717039581115e-05
-5.3927791424203408e-05
-5.3492115371861752e-05
-5.3038919586072501e-05
-5.2585691207173968e-05
-5.2139992677007350e-05
-5.1684723574737821e-05
-5.1246535220548589e-05
-5.0781807763101193e-05
-5.0364612189514008e-05
-4.9875821781497017e-05
-4.9473647759341363e-05
-4.8984835216124544e-05
-4.8570578123435718e-05
-4.8107663937817931e-05
-4.7662092342458460e-05
-4.7233888827606296e-05
-4.6756900801328750e-05
-4.6353235215832531e-05
-4.5860413485053202e-05
-4.5445598166626504e-05
-4.4987263875970521e-05
-4.4543803951854061e-05
-4.4108881817529382e-05
-4.3642320806240669e-05
-4.3229600448095490e-05
-4.2740379586726784e-05
-4.2319660511862679e-05
-4.1861421116381727e-05
-4.1408850884592454e-05
-4.0982217975028423e-05
-4.0494259995579518e-05
-4.0067479534239412e-05
-3.9609883040193104e-05
-3.9150187932925552e-05
-3.8718176507841272e-05
-3.8225154224078157e-05
0.0000000000000000e+00
];
