%Vec Object:dSdr_b_aug_9420 1 MPI processes
%  type: seq
dSdr_b_aug_9420 = [
2.2764145907918992e+03
0.0000000000000000e+00
-6.4334014898285108e-07
-2.6661288589495740e-07
-1.6640858798022459e-07
-1.1851403226979193e-07
-8.8954843961394006e-08
-7.0671889746963436e-08
-5.8278752549109287e-08
-4.8967867171356988e-08
-4.2052282527790480e-08
-3.6749768702568659e-08
-3.2432939341512210e-08
-2.8935449244625575e-08
-2.6067606478199990e-08
-2.3648987246442322e-08
-2.1593342353581698e-08
-4.7046980336847431e-06
-7.9551464910899202e-04
-7.7876717793557207e-04
-7.3693340150017658e-04
-6.9835781962092379e-04
-6.6056788814417521e-04
-6.2291225777809129e-04
-5.8110749697472513e-04
-5.4073356927563873e-04
-5.0201014443140954e-04
-4.6289166905085990e-04
-4.2274066772881978e-04
-3.7980737349311471e-04
-3.4202239535299317e-04
-3.0569531114926562e-04
-2.7139302402836841e-04
-2.3520853179914773e-04
-2.0577300567939190e-04
-1.8014983265749620e-04
-1.5773564804224125e-04
-1.3656834465359028e-04
-1.2053625096381635e-04
-1.0837828978859958e-04
-9.8785911435050612e-05
-9.1059032845472880e-05
-8.6252277467912552e-05
-8.3332063407779428e-05
-8.1749962379259704e-05
-8.1402532493782335e-05
-8.1912200542206889e-05
-8.2929134490821168e-05
-8.4384017658104996e-05
-8.6342383350281323e-05
-8.8066366754891315e-05
-8.9871821621584076e-05
-9.1712422386801769e-05
-9.3487173703667276e-05
-9.4976724843461789e-05
-9.6314388519121117e-05
-9.7603808399985821e-05
-9.8647757968160912e-05
-9.9509047167818668e-05
-1.0021124747590139e-04
-1.0084843384918988e-04
-1.0127520938202727e-04
-1.0154362492817359e-04
-1.0176890310945830e-04
-1.0188857722037921e-04
-1.0187627854252426e-04
-1.0180675922995962e-04
-1.0167916448306397e-04
-1.0146111033272245e-04
-1.0118869554121774e-04
-1.0089992743353523e-04
-1.0055543362265439e-04
-1.0017728776350572e-04
-9.9745870549945216e-05
-9.9314754373214684e-05
-9.8856039558445797e-05
-9.8361129032614511e-05
-9.7877966857788328e-05
-9.7384104202762021e-05
-9.6828644245703838e-05
-9.6307114881587097e-05
-9.5783145218792992e-05
-9.5211677349801513e-05
-9.4678298620937864e-05
-9.4149169671208096e-05
-9.3535576883516276e-05
-9.3002742664027066e-05
-9.2452305272393669e-05
-9.1856533237050580e-05
-9.1324249454378034e-05
-9.0759389983220321e-05
-9.0166124593964286e-05
-8.9630224977284368e-05
-8.9046629765978110e-05
-8.8486228612102969e-05
-8.7959833873398123e-05
-8.7351317396046672e-05
-8.6817783070900406e-05
-8.6280029144669067e-05
-8.5662036266979905e-05
-8.5167162289340027e-05
-8.4602092743838868e-05
-8.4029702455769650e-05
-8.3533801318545577e-05
-8.2921550959944823e-05
-8.2410133484828326e-05
-8.1891318018303036e-05
-8.1302150583383302e-05
-8.0815260039331449e-05
-8.0248352014652123e-05
-7.9710556618446532e-05
-7.9218349631228659e-05
-7.8637984600593059e-05
-7.8154197230951471e-05
-7.7607652854593849e-05
-7.7090357449359820e-05
-7.6578140377682024e-05
-7.6036266695449824e-05
-7.5558004511789309e-05
-7.4995137378823943e-05
-7.4526412812950027e-05
-7.3998211212300937e-05
-7.3478180512708138e-05
-7.3018360447055569e-05
-7.2445240781069442e-05
-7.2007633687816579e-05
-7.1461803387492232e-05
-7.0989296485658108e-05
-7.0490939042088877e-05
-6.9987660359509526e-05
-6.9507446113831447e-05
-6.9000393066740530e-05
-6.8545781203149019e-05
-6.8010261620792488e-05
-6.7581625879718185e-05
-6.7046717717488788e-05
-6.6600180410659928e-05
-6.6101888959661697e-05
-6.5627933095903834e-05
-6.5156422732670006e-05
-6.4677335527056677e-05
-6.4212375752666572e-05
-6.3731575212669126e-05
-6.3276781803598038e-05
-6.2777640853439596e-05
-6.2355936129617598e-05
-6.1835370600386527e-05
-6.1428311295290931e-05
-6.0914965094101288e-05
-6.0500791549972005e-05
-5.9996777858251206e-05
-5.9583070120620826e-05
-5.9072343766580672e-05
-5.8675738022355729e-05
-5.8158870442180656e-05
-5.7764578250504274e-05
-5.7259319670408073e-05
-5.6856299087549756e-05
-5.6359657768799911e-05
-5.5952823492041392e-05
-5.5456439942758851e-05
-5.5059612878085653e-05
-5.4561466557737419e-05
-5.4157225994497269e-05
-5.3684740644037680e-05
-5.3255768316321254e-05
-5.2809906404313566e-05
-5.2363624243410828e-05
-5.1925112489152550e-05
-5.1477056110499699e-05
-5.1045872609214727e-05
-5.0588643003277648e-05
-5.0178220991560778e-05
-4.9697310009045665e-05
-4.9301769565682766e-05
-4.8820853754175040e-05
-4.8413466853389909e-05
-4.7958216272413204e-05
-4.7519931086911479e-05
-4.7099094688154362e-05
-4.6629831643897259e-05
-4.6233179310413803e-05
-4.5748590783498744e-05
-4.5340772437371285e-05
-4.4890468841781206e-05
-4.4454458998876720e-05
-4.4027146405848494e-05
-4.3568623088928632e-05
-4.3163154834209696e-05
-4.2682467839718750e-05
-4.2269162537768744e-05
-4.1818969561709264e-05
-4.1374446032347891e-05
-4.0955392665582731e-05
-4.0476194445854407e-05
-4.0057056632019759e-05
-3.9607740329066838e-05
-3.9156502751180628e-05
-3.8732343265240296e-05
-3.8249184913908139e-05
0.0000000000000000e+00
];
