%Vec Object:dSdr_b_aug_3760 1 MPI processes
%  type: seq
dSdr_b_aug_3760 = [
2.3587672251868030e+03
0.0000000000000000e+00
-1.1051449197291567e-06
-4.5473807947583037e-07
-2.8091826691758075e-07
-1.9868603141471735e-07
-1.4886869256177470e-07
-1.1808182521854750e-07
-9.7215772293776181e-08
-8.1492417065957202e-08
-6.9818508750098060e-08
-6.0870659334622626e-08
-5.3584212333564301e-08
-4.7681945969222276e-08
-4.2843437776306668e-08
-3.8763995304354261e-08
-3.5278759256734793e-08
-3.2305303625730526e-08
-2.9734617796002989e-08
-2.7467338956166312e-08
-4.8874273622855589e-08
-1.7599914401141402e-04
-6.8878480640945246e-04
-6.5431350265266158e-04
-6.1070035635660139e-04
-5.6855212688556515e-04
-5.2816326589117551e-04
-4.8738475273356270e-04
-4.4556130238273791e-04
-4.0088822120386909e-04
-3.6158085458990309e-04
-3.2381529693299878e-04
-2.8817349585310350e-04
-2.5059141422902634e-04
-2.2002629977622509e-04
-1.9342662608673052e-04
-1.7016090341674759e-04
-1.4818798229469262e-04
-1.3154515307936616e-04
-1.1892133545642531e-04
-1.0895122168771163e-04
-1.0091088615389970e-04
-9.5896494705738917e-05
-9.2833366610715212e-05
-9.1153731285105468e-05
-9.0747217148750130e-05
-9.1227697916447900e-05
-9.2231887062864940e-05
-9.3687844182536239e-05
-9.5653816462633044e-05
-9.7383273495103693e-05
-9.9197275255431165e-05
-1.0104236745976667e-04
-1.0281573702770743e-04
-1.0429949848228228e-04
-1.0562431990657770e-04
-1.0689184029516752e-04
-1.0791064457926518e-04
-1.0874262625180341e-04
-1.0940770925319694e-04
-1.1000137549525209e-04
-1.1038387440502609e-04
-1.1060304454148171e-04
-1.1076916650116433e-04
-1.1083465471570842e-04
-1.1076482283681585e-04
-1.1063149972030864e-04
-1.1043811057915490e-04
-1.1015623966491261e-04
-1.0981638710992554e-04
-1.0945575537275404e-04
-1.0904487121952530e-04
-1.0860004235915221e-04
-1.0808958800546699e-04
-1.0759034005854888e-04
-1.0706390519789235e-04
-1.0648872056349780e-04
-1.0593777499794406e-04
-1.0537638459527718e-04
-1.0473867637901470e-04
-1.0414916748590357e-04
-1.0355647100425262e-04
-1.0290507966901396e-04
-1.0230409632560919e-04
-1.0170687462862055e-04
-1.0101262058205615e-04
-1.0041245363213359e-04
-9.9793053576596730e-05
-9.9119958402852561e-05
-9.8521458851497258e-05
-9.7886551425141393e-05
-9.7217792390963514e-05
-9.6616246386781838e-05
-9.5960643340906707e-05
-9.5329402322002205e-05
-9.4738487775450957e-05
-9.4055623157920874e-05
-9.3454080716540551e-05
-9.2851637814205798e-05
-9.2157903235522446e-05
-9.1599263275080652e-05
-9.0967105164864310e-05
-9.0323402937925575e-05
-8.9764601840645086e-05
-8.9079642651545890e-05
-8.8503121590032736e-05
-8.7919962300091577e-05
-8.7259418025021024e-05
-8.6710800086926766e-05
-8.6073776570541136e-05
-8.5469980568695324e-05
-8.4915732564440989e-05
-8.4263030328983861e-05
-8.3719492267932949e-05
-8.3103693555426991e-05
-8.2522280746200505e-05
-8.1946451063008455e-05
-8.1335776042582144e-05
-8.0797645653283095e-05
-8.0164673643620893e-05
-7.9634827436851611e-05
-7.9041558040622369e-05
-7.8455585611403384e-05
-7.7934828355747605e-05
-7.7292053706875581e-05
-7.6795992771814842e-05
-7.6180760290887721e-05
-7.5648962113325808e-05
-7.5083650330501784e-05
-7.4517187985208473e-05
-7.3974489858874486e-05
-7.3400678190744986e-05
-7.2887326003985087e-05
-7.2281606723245681e-05
-7.1795829844585395e-05
-7.1191309457903709e-05
-7.0685279636949994e-05
-7.0120961065035103e-05
-6.9584569096825400e-05
-6.9049561836538904e-05
-6.8506151818862370e-05
-6.7979620703244886e-05
-6.7432306355280432e-05
-6.6917128718547956e-05
-6.6350334418818565e-05
-6.5868998380688262e-05
-6.5280094826839847e-05
-6.4813975122586320e-05
-6.4231560011091199e-05
-6.3759832434394660e-05
-6.3184323980574936e-05
-6.2713567917635954e-05
-6.2131009319191041e-05
-6.1677589284077534e-05
-6.1088430343201838e-05
-6.0636909409677500e-05
-6.0060072953620573e-05
-5.9599146632045993e-05
-5.9030952503638817e-05
-5.8564839881929429e-05
-5.7997576117844919e-05
-5.7540160861835105e-05
-5.6972019715165192e-05
-5.6506106844898012e-05
-5.5963854284823491e-05
-5.5472021366062945e-05
-5.4957389969113746e-05
-5.4445973447339966e-05
-5.3940071666191721e-05
-5.3424382016659790e-05
-5.2927514533614442e-05
-5.2399978160511923e-05
-5.1926041176120379e-05
-5.1371245600531428e-05
-5.0913503049800348e-05
-5.0358540641482552e-05
-4.9886733219590237e-05
-4.9359622453200880e-05
-4.8853014290090522e-05
-4.8363098399405958e-05
-4.7821400483656419e-05
-4.7358987584990684e-05
-4.6797199458787912e-05
-4.6323774293805894e-05
-4.5798171369996587e-05
-4.5292307585676133e-05
-4.4793646990299521e-05
-4.4259762462423511e-05
-4.3786301593526144e-05
-4.3225605772752815e-05
-4.2742798809540621e-05
-4.2217177746277175e-05
-4.1697232391635474e-05
-4.1207151936434490e-05
-4.0645884031329085e-05
-4.0155196449377088e-05
-3.9628446261195011e-05
-3.9098348176413513e-05
-3.8601813408141073e-05
-3.8032812041029740e-05
0.0000000000000000e+00
];
