%Vec Object:dSdr_b_aug_7770 1 MPI processes
%  type: seq
dSdr_b_aug_7770 = [
2.2960833837992086e+03
0.0000000000000000e+00
-7.2919574506193141e-07
-3.0180022231344642e-07
-1.8800452489953273e-07
-1.3373085629669770e-07
-1.0036417176811176e-07
-7.9729896079740495e-08
-6.5743165319732291e-08
-5.5226934967801463e-08
-4.7416640145878348e-08
-4.1428561865604736e-08
-3.6552868907765892e-08
-3.2602644298332002e-08
-2.9363723606286442e-08
-2.6632192907344183e-08
-2.4297800543554905e-08
-2.2571207800482780e-08
-3.7157734574017848e-05
-7.8149542352437605e-04
-7.4484424117940732e-04
-7.0590930664547096e-04
-6.6773895857617804e-04
-6.2971150721417618e-04
-5.8749787246406917e-04
-5.4674039038264308e-04
-5.0765733761565278e-04
-4.6818041293972279e-04
-4.2766828290566539e-04
-3.8435931983796706e-04
-3.4624561529965543e-04
-3.0960792430476558e-04
-2.7501639852409306e-04
-2.3853012751476324e-04
-2.0885069153562887e-04
-1.8301666428743255e-04
-1.6041860841805339e-04
-1.3907734927678014e-04
-1.2291338044503804e-04
-1.1065482783758284e-04
-1.0098088585911616e-04
-9.3186323173027834e-05
-8.8334733406474194e-05
-8.5383660266882705e-05
-8.3780498919997778e-05
-8.3420311161466409e-05
-8.3923676930993386e-05
-8.4937858990496453e-05
-8.6392974122230845e-05
-8.8352982355301634e-05
-9.0078147729572391e-05
-9.1885448166391251e-05
-9.3727018811664485e-05
-9.5501471818879260e-05
-9.6989772848008710e-05
-9.8324663563130268e-05
-9.9609354768312331e-05
-1.0064787480044533e-04
-1.0150283571666494e-04
-1.0219702138863600e-04
-1.0282481057438134e-04
-1.0324202556999833e-04
-1.0349980767683071e-04
-1.0371231237888632e-04
-1.0382028624009921e-04
-1.0379556453513797e-04
-1.0371226819602364e-04
-1.0357046659797842e-04
-1.0333863262210094e-04
-1.0305165612937104e-04
-1.0274737065157993e-04
-1.0238854130666511e-04
-1.0199599672001885e-04
-1.0154751317350847e-04
-1.0110168543905025e-04
-1.0062834796922621e-04
-1.0011610401377141e-04
-9.9618305505686715e-05
-9.9109861717794427e-05
-9.8536642056198972e-05
-9.8000434006711236e-05
-9.7461624297587619e-05
-9.6872898711783937e-05
-9.6324922251804108e-05
-9.5781090169317132e-05
-9.5150080354414226e-05
-9.4602707110970553e-05
-9.4037378746923223e-05
-9.3424910478033548e-05
-9.2878328854581791e-05
-9.2298344065972859e-05
-9.1688777481989387e-05
-9.1138702969701093e-05
-9.0539559247809949e-05
-8.9963861780711265e-05
-8.9423535406424695e-05
-8.8798965080682889e-05
-8.8250745896205902e-05
-8.7699023806087379e-05
-8.7064676171006290e-05
-8.6556033329570660e-05
-8.5976477480552402e-05
-8.5388688942950638e-05
-8.4879205938474944e-05
-8.4251255702188160e-05
-8.3725780535006775e-05
-8.3193071430533676e-05
-8.2588491731958120e-05
-8.2088272510436394e-05
-8.1506224582584587e-05
-8.0954177802546379e-05
-8.0448574417789484e-05
-7.9852589753654963e-05
-7.9355900531973686e-05
-7.8794402199932137e-05
-7.8263262046806379e-05
-7.7737309226042956e-05
-7.7180579403010640e-05
-7.6689389992509068e-05
-7.6111385248100826e-05
-7.5629462803471358e-05
-7.5087211238468091e-05
-7.4552941867607101e-05
-7.4079963751195446e-05
-7.3491803618226656e-05
-7.3041574698691570e-05
-7.2480758518404985e-05
-7.1995448964670662e-05
-7.1482634198690624e-05
-7.0965712388509534e-05
-7.0472006117755539e-05
-6.9950538009104071e-05
-6.9483242459427547e-05
-6.8932564790181281e-05
-6.8491590671933462e-05
-6.7941651274775231e-05
-6.7482267862417240e-05
-6.6969719300769598e-05
-6.6482281727524425e-05
-6.5997060599811964e-05
-6.5504084291368863e-05
-6.5025829533818923e-05
-6.4530666793266795e-05
-6.4062834731936348e-05
-6.3549085521933974e-05
-6.3114504720727322e-05
-6.2579183090768687e-05
-6.2159370984585227e-05
-6.1631110863615522e-05
-6.1204509784856397e-05
-6.0685058363500250e-05
-6.0259032287233942e-05
-5.9732795331210080e-05
-5.9323921782506608e-05
-5.8791444463735348e-05
-5.8384794975456275e-05
-5.7864080717561128e-05
-5.7448556654835612e-05
-5.6936465070137049e-05
-5.6516830928580085e-05
-5.6005142344647283e-05
-5.5595232581733988e-05
-5.5081972405996026e-05
-5.4664415052479504e-05
-5.4176864994363467e-05
-5.3734319291215128e-05
-5.3273608106987274e-05
-5.2813261598404679e-05
-5.2360198433984231e-05
-5.1897538120975082e-05
-5.1452171590504875e-05
-5.0979760764975560e-05
-5.0555624071480365e-05
-5.0058759313307442e-05
-4.9649787669362377e-05
-4.9152883097210985e-05
-4.8731585973684321e-05
-4.8260818734752963e-05
-4.7807780670704051e-05
-4.7372028037184167e-05
-4.6887124232934616e-05
-4.6476272304884716e-05
-4.5975014168104833e-05
-4.5553029411911446e-05
-4.5086466511916616e-05
-4.4635373165189777e-05
-4.4192654444352327e-05
-4.3717858416333745e-05
-4.3297708513860661e-05
-4.2799745200437397e-05
-4.2371432327571534e-05
-4.1904952034095578e-05
-4.1444142444383828e-05
-4.1009751816744737e-05
-4.0512831680158859e-05
-4.0078243049602076e-05
-3.9612204466940462e-05
-3.9143934320957734e-05
-3.8704135172341223e-05
-3.8202380891730758e-05
0.0000000000000000e+00
];
