%Vec Object:dSdr_b_aug_3630 1 MPI processes
%  type: seq
dSdr_b_aug_3630 = [
2.3618006348322474e+03
0.0000000000000000e+00
-1.1297618765931703e-06
-4.6531190380978774e-07
-2.8770320415090330e-07
-2.0370576807788740e-07
-1.5283462380323842e-07
-1.2139550553737373e-07
-1.0008604122807576e-07
-8.4018210919202973e-08
-7.2087571180164049e-08
-6.2942792971854286e-08
-5.5492533341120317e-08
-4.9456594915236947e-08
-4.4508265357125071e-08
-4.0335217722382722e-08
-3.6768962480241302e-08
-3.3726206954668964e-08
-3.1095339369716779e-08
-2.8773623194029161e-08
-3.2364173515334498e-08
-7.6901350232313272e-05
-6.8539553589172758e-04
-6.5540536691077354e-04
-6.1179835855745498e-04
-5.6958589159038079e-04
-5.2913519055495714e-04
-4.8829498767989968e-04
-4.4640938437615546e-04
-4.0167164767203594e-04
-3.6230770468232071e-04
-3.2448868917961030e-04
-2.8879710787977107e-04
-2.5116308779731764e-04
-2.2055599458057379e-04
-1.9392003132239177e-04
-1.7062266305580990e-04
-1.4861980287559081e-04
-1.3195427697938869e-04
-1.1931314679208672e-04
-1.0932899528489692e-04
-1.0127701078112797e-04
-9.6254902959820783e-05
-9.3186463741155989e-05
-9.1503203728551561e-05
-9.1094493814903782e-05
-9.1573889860885945e-05
-9.2577605335475801e-05
-9.4033602328306669e-05
-9.5999857253475414e-05
-9.7729517667594486e-05
-9.9543837022738330e-05
-1.0138909611139529e-04
-1.0316241430106096e-04
-1.0464596056829516e-04
-1.0597030471337831e-04
-1.0723701123088799e-04
-1.0825488102275694e-04
-1.0908577352354456e-04
-1.0974947712048217e-04
-1.1034152601151135e-04
-1.1072237945801272e-04
-1.1093971947784747e-04
-1.1110364293011770e-04
-1.1116711740524337e-04
-1.1109514741262825e-04
-1.1095945314927663e-04
-1.1076361888569899e-04
-1.1047937634418226e-04
-1.1013701759554792e-04
-1.0977371518714774e-04
-1.0936036376646957e-04
-1.0891305676293466e-04
-1.0839966515084927e-04
-1.0789788522100513e-04
-1.0736893367874121e-04
-1.0679076581754821e-04
-1.0623730121683749e-04
-1.0567340127967510e-04
-1.0503263647229648e-04
-1.0444060125573317e-04
-1.0384535067936595e-04
-1.0319098914969539e-04
-1.0258749341636926e-04
-1.0198774118916757e-04
-1.0129048953029126e-04
-1.0068782029496719e-04
-1.0006585738110979e-04
-9.9389888649724912e-05
-9.8788928322975528e-05
-9.8151417706245585e-05
-9.7479853104139760e-05
-9.6875867484787762e-05
-9.6217588414118717e-05
-9.5583714775611687e-05
-9.4990402481216795e-05
-9.4304774866682263e-05
-9.3700705042019206e-05
-9.3095858105411261e-05
-9.2399308741210597e-05
-9.1838299047757271e-05
-9.1203647731514964e-05
-9.0557295349386733e-05
-8.9996156710560690e-05
-8.9308495453969199e-05
-8.8729554957961242e-05
-8.8144004468618267e-05
-8.7480807627030813e-05
-8.6929895723861206e-05
-8.6290266516509615e-05
-8.5684017744978503e-05
-8.5127464120920298e-05
-8.4472073629633762e-05
-8.3926315064193806e-05
-8.3307942664473546e-05
-8.2724147071474902e-05
-8.2145953364208427e-05
-8.1532721491764639e-05
-8.0992366231736777e-05
-8.0356788927218165e-05
-7.9824671268751942e-05
-7.9228983770595064e-05
-7.8640560761658915e-05
-7.8117538909702790e-05
-7.7472175686410670e-05
-7.6973942443906237e-05
-7.6356130783886310e-05
-7.5822129178013386e-05
-7.5254329185445322e-05
-7.4685518760040100e-05
-7.4140498559782046e-05
-7.3564205956375641e-05
-7.3048670817815842e-05
-7.2440342722134653e-05
-7.1952442322742146e-05
-7.1345334954149678e-05
-7.0837094229337765e-05
-7.0270321909219133e-05
-6.9731609645814802e-05
-6.9194242668710893e-05
-6.8648442241373510e-05
-6.8119622969316069e-05
-6.7569836789089493e-05
-6.7052415113741200e-05
-6.6483106634530829e-05
-6.5999554539530753e-05
-6.5408111363337695e-05
-6.4939796820666126e-05
-6.4354814926746744e-05
-6.3880948494526049e-05
-6.3302783108563698e-05
-6.2829906985792302e-05
-6.2244678915788072e-05
-6.1789147520681435e-05
-6.1197302049003624e-05
-6.0743654356198069e-05
-6.0164157887668782e-05
-5.9701079651194477e-05
-5.9130226445616454e-05
-5.8661910903087151e-05
-5.8092013061981651e-05
-5.7632346212300243e-05
-5.7061603897749984e-05
-5.6593399150912624e-05
-5.6048553888277864e-05
-5.5554384940407936e-05
-5.5037197927126588e-05
-5.4523360885546503e-05
-5.4014954762726916e-05
-5.3496751737967642e-05
-5.2997443327485502e-05
-5.2467294238803960e-05
-5.1990996949596657e-05
-5.1433455715091599e-05
-5.0973401670397702e-05
-5.0415687607287499e-05
-4.9941486277235115e-05
-4.9411705141999104e-05
-4.8902558083502344e-05
-4.8410075207494230e-05
-4.7865685641914639e-05
-4.7400829163376475e-05
-4.6836172396397705e-05
-4.6360309462607859e-05
-4.5831908637025378e-05
-4.5323449401166819e-05
-4.4822137938684996e-05
-4.4285453545480185e-05
-4.3809466834934208e-05
-4.3245798881427045e-05
-4.2760410619714545e-05
-4.2231988549628457e-05
-4.1709243224473470e-05
-4.1216527396182729e-05
-4.0652215945470032e-05
-4.0158879806406708e-05
-3.9629270913994542e-05
-3.9096282517696655e-05
-3.8597171596590781e-05
-3.8025583970094438e-05
0.0000000000000000e+00
];
