%Vec Object:dSdr_b_aug_4710 1 MPI processes
%  type: seq
dSdr_b_aug_4710 = [
2.3398281397713904e+03
0.0000000000000000e+00
-9.7248260743721799e-07
-4.0113973406915854e-07
-2.4863250525543227e-07
-1.7628863909048380e-07
-1.3224355969395855e-07
-1.0501735379136976e-07
-8.6563301229257407e-08
-7.2663790332932058e-08
-6.2342549616576560e-08
-5.4430743397486053e-08
-4.7986802037205579e-08
-4.2766275326253764e-08
-3.8486272374498457e-08
-3.4876986701233964e-08
-3.1792677719887278e-08
-2.9161060594915660e-08
-2.6885694135521068e-08
-2.8145958135524288e-08
-8.4054833131080975e-05
-7.1887133977717791e-04
-6.8580723399237764e-04
-6.4691609071088258e-04
-6.0366918270455833e-04
-5.6194112093008012e-04
-5.2194800267161114e-04
-4.8156399404022092e-04
-4.4013799953874545e-04
-3.9587837709970797e-04
-3.5693280468959839e-04
-3.1950909890969526e-04
-2.8418563207472649e-04
-2.4693568626601368e-04
-2.1663901741785931e-04
-1.9027140810444281e-04
-1.6720805257365760e-04
-1.4542658567378859e-04
-1.2892889711607394e-04
-1.1641578978416311e-04
-1.0653544443540056e-04
-9.8569601610043654e-05
-9.3604554649882047e-05
-9.0575389920478615e-05
-8.8918933515437496e-05
-8.8526460688441197e-05
-8.9013877783045384e-05
-9.0021095719541462e-05
-9.1476797617398321e-05
-9.3440962203213970e-05
-9.5169118436716485e-05
-9.6981089039639294e-05
-9.8825113861694856e-05
-1.0059881180493372e-04
-1.0208394917587230e-04
-1.0341182255177478e-04
-1.0468454743611866e-04
-1.0570932757736233e-04
-1.0654827425385426e-04
-1.0722217824033726e-04
-1.0782618708729935e-04
-1.0821920837645196e-04
-1.0845008171539444e-04
-1.0863026211202841e-04
-1.0870862756013468e-04
-1.0865246839828204e-04
-1.0853430820146622e-04
-1.0835655504167770e-04
-1.0808985012650461e-04
-1.0776602409753187e-04
-1.0742247068911502e-04
-1.0702736414282264e-04
-1.0659838243930039e-04
-1.0610671119193815e-04
-1.0562365470014105e-04
-1.0511331344855224e-04
-1.0455720588442082e-04
-1.0402236898150167e-04
-1.0347702648801085e-04
-1.0285886449671043e-04
-1.0228551087796912e-04
-1.0170914726332415e-04
-1.0107674966785119e-04
-1.0049183250045529e-04
-9.9910792983673894e-05
-9.9235708012360255e-05
-9.8651542625205119e-05
-9.8048531484535981e-05
-9.7393812084594633e-05
-9.6811048650877833e-05
-9.6192788057666815e-05
-9.5541970019685953e-05
-9.4956024820064641e-05
-9.4317534370684134e-05
-9.3703128381352865e-05
-9.3127546908604184e-05
-9.2462351058884487e-05
-9.1876970684478312e-05
-9.1289901058498417e-05
-9.0614166425939270e-05
-9.0070680393283134e-05
-8.9454465818541523e-05
-8.8827710807223975e-05
-8.8283857826599910e-05
-8.7616177823084175e-05
-8.7055128567947113e-05
-8.6487260527393049e-05
-8.5843678891587557e-05
-8.5309730410839700e-05
-8.4689369775398359e-05
-8.4101258755623427e-05
-8.3561754740872727e-05
-8.2926243374354454e-05
-8.2396905008998028e-05
-8.1797564524516817e-05
-8.1231389156130316e-05
-8.0670676950296205e-05
-8.0076352503278137e-05
-7.9552449736701005e-05
-7.8936138085104621e-05
-7.8420817378736836e-05
-7.7843011282865965e-05
-7.7272709843595404e-05
-7.6766434253670854e-05
-7.6140213045856685e-05
-7.5658043611067895e-05
-7.5059304492910568e-05
-7.4541596830933392e-05
-7.3992196683590671e-05
-7.3440749875951808e-05
-7.2912900984680495e-05
-7.2354954439646449e-05
-7.1855561834899021e-05
-7.1266525445984756e-05
-7.0794328104279071e-05
-7.0206350996682292e-05
-6.9714459515024613e-05
-6.9165832225559685e-05
-6.8644278138015212e-05
-6.8124360854708094e-05
-6.7596237091872537e-05
-6.7084338346535925e-05
-6.6552830941402839e-05
-6.6052003558364998e-05
-6.5501287012292237e-05
-6.5034122298536506e-05
-6.4461459210525364e-05
-6.4009375152999598e-05
-6.3443374201434916e-05
-6.2985324284613411e-05
-6.2426806491912846e-05
-6.1969607907740113e-05
-6.1404120172485404e-05
-6.0964201997799239e-05
-6.0392223028343949e-05
-5.9954302448802028e-05
-5.9394476404819763e-05
-5.8947311324505133e-05
-5.8396121650779160e-05
-5.7944096468481125e-05
-5.7393677317039400e-05
-5.6950660783703764e-05
-5.6399153837345206e-05
-5.5947897328214193e-05
-5.5422224874896691e-05
-5.4945330711092507e-05
-5.4447042311782417e-05
-5.3951104903345382e-05
-5.3461218291962951e-05
-5.2961601618320337e-05
-5.2480343863824221e-05
-5.1969515819169113e-05
-5.1510673098919158e-05
-5.0973436117050542e-05
-5.0530475827437692e-05
-4.9993110510757318e-05
-4.9536612551558706e-05
-4.9026579275566921e-05
-4.8536207987131394e-05
-4.8062708754203501e-05
-4.7538224896624874e-05
-4.7091439911190287e-05
-4.6547998170491398e-05
-4.6090164374318330e-05
-4.5582456230433374e-05
-4.5093193129671818e-05
-4.4611488273428305e-05
-4.4095513211320206e-05
-4.3638210657849960e-05
-4.3096528779343373e-05
-4.2630238722434632e-05
-4.2122542948738921e-05
-4.1620521358521226e-05
-4.1147320207636594e-05
-4.0605555780017123e-05
-4.0131871476232384e-05
-3.9623522626664754e-05
-3.9112164243573156e-05
-3.8632825910070890e-05
-3.8084209527610889e-05
0.0000000000000000e+00
];
