%Vec Object:dSdr_b_aug_1150 1 MPI processes
%  type: seq
dSdr_b_aug_1150 = [
2.4561367801803162e+03
0.0000000000000000e+00
-2.2253381092037124e-06
-9.0917341007407739e-07
-5.5505818873560781e-07
-3.9012825875091440e-07
-2.9277367202970960e-07
-2.3267008165700381e-07
-1.9193486713093618e-07
-1.6106108252669038e-07
-1.3814381681774828e-07
-1.2058438642161307e-07
-1.0626249791559957e-07
-9.4658778127259993e-08
-8.5147686560721903e-08
-7.7126046520506160e-08
-7.0269996364784353e-08
-6.4421123230460620e-08
-5.9364494457002796e-08
-5.4901724452423566e-08
-5.0992240018898861e-08
-4.7544527670193463e-08
-4.4444446728672203e-08
-4.1672996372996005e-08
-3.9241676574684258e-08
-1.3033601895232885e-07
-5.7511124983764683e-05
-4.6898063711235601e-04
-4.6939739587871754e-04
-4.2535919114165165e-04
-3.8448006709809838e-04
-3.4504984677297004e-04
-3.0784080725716132e-04
-2.6862111396914242e-04
-2.3673213330107636e-04
-2.0898795472321829e-04
-1.8472417709557780e-04
-1.6180701922535525e-04
-1.4444836719230571e-04
-1.3127853435672613e-04
-1.2086568896514565e-04
-1.1245796040342381e-04
-1.0720020493857359e-04
-1.0396957129904042e-04
-1.0217561846568687e-04
-1.0169985280194533e-04
-1.0214612328947305e-04
-1.0313537386175547e-04
-1.0459258893389569e-04
-1.0656747586813132e-04
-1.0830334765001379e-04
-1.1012736627175727e-04
-1.1197772210710117e-04
-1.1374947157112113e-04
-1.1522644657000188e-04
-1.1653621548805603e-04
-1.1777806769385048e-04
-1.1876739954228821e-04
-1.1956503037704228e-04
-1.2018660897242597e-04
-1.2072926627863108e-04
-1.2105986961797340e-04
-1.2122132044798217e-04
-1.2131810680294945e-04
-1.2132008497302284e-04
-1.2118281980547392e-04
-1.2097471384430182e-04
-1.2070420876879196e-04
-1.2034753985880709e-04
-1.1992864526523436e-04
-1.1948378408490359e-04
-1.1899508557230651e-04
-1.1847209934993042e-04
-1.1786900774818436e-04
-1.1728990440657423e-04
-1.1668409673196323e-04
-1.1601482507076651e-04
-1.1538443246650170e-04
-1.1474389466564618e-04
-1.1400978561042177e-04
-1.1334059981719682e-04
-1.1266735056827700e-04
-1.1192228323419837e-04
-1.1124206243831377e-04
-1.1056503117023276e-04
-1.0977623640164591e-04
-1.0909715068468218e-04
-1.0839692147447914e-04
-1.0763319810183290e-04
-1.0695708895590666e-04
-1.0624008035481861e-04
-1.0548283742849183e-04
-1.0480434919801540e-04
-1.0406434787824898e-04
-1.0335007752952518e-04
-1.0268354119808416e-04
-1.0191353532008931e-04
-1.0123228256404667e-04
-1.0055401961137120e-04
-9.9771510433958939e-05
-9.9138132250427676e-05
-9.8427341729047862e-05
-9.7700057088816032e-05
-9.7067532996256530e-05
-9.6297354146219081e-05
-9.5644527292749294e-05
-9.4985952707898750e-05
-9.4241749963088804e-05
-9.3620783369384553e-05
-9.2901579774869482e-05
-9.2220426626539592e-05
-9.1593462387361651e-05
-9.0855976082589737e-05
-9.0242406211915661e-05
-8.9545436769627434e-05
-8.8888874070837471e-05
-8.8238486153076920e-05
-8.7547171358236053e-05
-8.6938871442048324e-05
-8.6223731830136182e-05
-8.5622246992085653e-05
-8.4952713806479483e-05
-8.4289453281336340e-05
-8.3697273596882124e-05
-8.2972858676292957e-05
-8.2408285976710223e-05
-8.1711709535725805e-05
-8.1110418076621053e-05
-8.0466631381876643e-05
-7.9826113623614482e-05
-7.9210180282870090e-05
-7.8558123119161692e-05
-7.7975923438165559e-05
-7.7287925500055967e-05
-7.6735175497440273e-05
-7.6049065030585819e-05
-7.5473306129735874e-05
-7.4831599482835215e-05
-7.4222028366990826e-05
-7.3612598648047881e-05
-7.2993798155162172e-05
-7.2395101488921271e-05
-7.1769828693915894e-05
-7.1183876911781104e-05
-7.0537788575038025e-05
-6.9986560886316630e-05
-6.9317560845131622e-05
-6.8782218676361612e-05
-6.8118850467484998e-05
-6.7579666032977303e-05
-6.6920361260214698e-05
-6.6382741109615465e-05
-6.5715990692389659e-05
-6.5195980926614880e-05
-6.4522092112312234e-05
-6.4003495746572337e-05
-6.3342765739403341e-05
-6.2813970575407286e-05
-6.2161912356823733e-05
-6.1626322193109915e-05
-6.0975982765273950e-05
-6.0447554842418489e-05
-5.9797375887491533e-05
-5.9259179822574674e-05
-5.8635156375893798e-05
-5.8069647675054440e-05
-5.7474414963715766e-05
-5.6886657844469176e-05
-5.6301771784153569e-05
-5.5706812888862842e-05
-5.5132961001430654e-05
-5.4523022176087761e-05
-5.3974643358791915e-05
-5.3333252286255098e-05
-5.2802607122568372e-05
-5.2160859870404462e-05
-5.1613550317611429e-05
-5.1002218032602115e-05
-5.0415534642337107e-05
-4.9844657362190871e-05
-4.9218065994310184e-05
-4.8678583101770086e-05
-4.8026318665014133e-05
-4.7476005800886224e-05
-4.6862156380688387e-05
-4.6274430261789919e-05
-4.5692158511450041e-05
-4.5069962174288999e-05
-4.4516829954957487e-05
-4.3862384688619156e-05
-4.3298151029630952e-05
-4.2684168555362213e-05
-4.2075886317568810e-05
-4.1502647163663205e-05
-4.0845324985081936e-05
-4.0270999282729425e-05
-3.9653896195402822e-05
-3.9032229330797701e-05
-3.8453283716917621e-05
-3.7796515129146128e-05
0.0000000000000000e+00
];
