%Vec Object:dSdr_b_aug_390 1 MPI processes
%  type: seq
dSdr_b_aug_390 = [
2.5425515437409076e+03
0.0000000000000000e+00
-4.3496689859191939e-06
-1.7605929947416253e-06
-1.0598763756829783e-06
-7.3911712328507901e-07
-5.5470125340732624e-07
-4.4098403892549838e-07
-3.6392195643012878e-07
-3.0518204589885071e-07
-2.6159407695284760e-07
-2.2820903094468098e-07
-2.0095019624530954e-07
-1.7886406885286124e-07
-1.6076430820897505e-07
-1.4549840535555456e-07
-1.3244996764445619e-07
-1.2131983408508317e-07
-1.1169837725438790e-07
-1.0320754313513406e-07
-9.5770163513903980e-08
-8.9211868773717113e-08
-8.3315883608547382e-08
-7.8045387318810571e-08
-7.3317272872461936e-08
-6.9026609078883779e-08
-6.5124819483211333e-08
-6.1578639508020344e-08
-5.8334127957306104e-08
-5.5351119377432235e-08
-5.3046301609182003e-08
-7.5292796786109758e-08
-1.0712100099039639e-06
-1.8591068931966985e-05
-1.0931320575861863e-04
-1.7797142624142743e-04
-1.8265808970259161e-04
-1.6808456203715988e-04
-1.5317277475413509e-04
-1.4067789537065828e-04
-1.3035959140641603e-04
-1.2185886235578080e-04
-1.1650112258641246e-04
-1.1318379277808121e-04
-1.1132324018358086e-04
-1.1080601294605419e-04
-1.1123325894620134e-04
-1.1221571668039067e-04
-1.1367739408530182e-04
-1.1566176880717782e-04
-1.1740423996146593e-04
-1.1923736577439807e-04
-1.2109256377345251e-04
-1.2286323298588766e-04
-1.2433471107935201e-04
-1.2563202686313293e-04
-1.2685253722567529e-04
-1.2781733292078197e-04
-1.2858634756010969e-04
-1.2917167186428887e-04
-1.2967181469300347e-04
-1.2995916187616617e-04
-1.3007250053309605e-04
-1.3011149084109420e-04
-1.3006052855759354e-04
-1.2986705235314041e-04
-1.2959660878842066e-04
-1.2926182122329977e-04
-1.2884280197693652e-04
-1.2835801929686843e-04
-1.2784294592312751e-04
-1.2728938269716760e-04
-1.2670124585224308e-04
-1.2602093352966139e-04
-1.2537526414610175e-04
-1.2470329271088270e-04
-1.2395559186143473e-04
-1.2325897364659548e-04
-1.2255246001945807e-04
-1.2173799306600474e-04
-1.2100239008491056e-04
-1.2026199355405945e-04
-1.1943883971439484e-04
-1.1869256807014140e-04
-1.1794900905549194e-04
-1.1708140699138183e-04
-1.1633653609602274e-04
-1.1556892925867510e-04
-1.1472966000141775e-04
-1.1398885699335687e-04
-1.1320341045573013e-04
-1.1237240910805813e-04
-1.1162978333513024e-04
-1.1081942928496463e-04
-1.1003594733040062e-04
-1.0930637416170764e-04
-1.0846372907537167e-04
-1.0771603138277618e-04
-1.0697456633633996e-04
-1.0611805644858831e-04
-1.0542237794621115e-04
-1.0464604117397493e-04
-1.0384908428288449e-04
-1.0315510653242749e-04
-1.0231389066985136e-04
-1.0159745720712489e-04
-1.0087601831719329e-04
-1.0006207994910762e-04
-9.9380805341596850e-05
-9.8593098487954387e-05
-9.7847462373979951e-05
-9.7159883733089199e-05
-9.6351723560021306e-05
-9.5679776978183076e-05
-9.4915145678935042e-05
-9.4195939967277369e-05
-9.3483402234631818e-05
-9.2724868198178974e-05
-9.2058076810360229e-05
-9.1274444412785158e-05
-9.0613243506994592e-05
-8.9880138838821530e-05
-8.9152453000797711e-05
-8.8500737498674336e-05
-8.7708269414905961e-05
-8.7086587182593685e-05
-8.6322204598497071e-05
-8.5662985463982993e-05
-8.4953784221303183e-05
-8.4251535925509175e-05
-8.3574555758944544e-05
-8.2857275328499565e-05
-8.2217686355681317e-05
-8.1461103233889005e-05
-8.0852526403857398e-05
-8.0098404772427372e-05
-7.9464521780633847e-05
-7.8758306703473186e-05
-7.8087735644353566e-05
-7.7416269608571734e-05
-7.6734625908136627e-05
-7.6075774283797118e-05
-7.5385517795714546e-05
-7.4740571040184437e-05
-7.4028385784918269e-05
-7.3418898823043670e-05
-7.2683133048265000e-05
-7.2090089511178332e-05
-7.1359241613985809e-05
-7.0763827685618028e-05
-7.0034673288330634e-05
-6.9441317880807819e-05
-6.8704388291858178e-05
-6.8128872100056283e-05
-6.7384355758203066e-05
-6.6809848257063878e-05
-6.6079188037575191e-05
-6.5493820562944854e-05
-6.4771856897331202e-05
-6.4178353673659825e-05
-6.3458766265192019e-05
-6.2871145904900237e-05
-6.2152584406450503e-05
-6.1554137152714289e-05
-6.0861954019378571e-05
-6.0235033716109903e-05
-5.9572616684662569e-05
-5.8921227142933660e-05
-5.8270505240316167e-05
-5.7609473300214637e-05
-5.6971453322377934e-05
-5.6292830494212547e-05
-5.5682403904142425e-05
-5.4968834669600417e-05
-5.4377425960651278e-05
-5.3663344092398662e-05
-5.3053105692111071e-05
-5.2371577344142448e-05
-5.1718155292184827e-05
-5.1079802036666502e-05
-5.0382458772298816e-05
-4.9778747304192144e-05
-4.9051081767127583e-05
-4.8436697773707495e-05
-4.7749312724794566e-05
-4.7093377385191474e-05
-4.6441444771827073e-05
-4.5745677427729495e-05
-4.5126187150447254e-05
-4.4393663914328272e-05
-4.3761644489337966e-05
-4.3074126211957960e-05
-4.2392374518742763e-05
-4.1750055165070684e-05
-4.1013029833871141e-05
-4.0369581835794672e-05
-3.9678248821973485e-05
-3.8982569579881077e-05
-3.8341453034254551e-05
-3.7646284272719003e-05
0.0000000000000000e+00
];
