%Vec Object:dSdr_b_aug_760 1 MPI processes
%  type: seq
dSdr_b_aug_760 = [
2.4893194363527191e+03
0.0000000000000000e+00
-2.8613371998272242e-06
-1.1648416213751964e-06
-7.0733995539469202e-07
-4.9559471120011719e-07
-3.7184165854523220e-07
-2.9547360713848289e-07
-2.4371768130608395e-07
-2.0441451007499655e-07
-1.7524412550797035e-07
-1.5289668217620446e-07
-1.3466368952114147e-07
-1.1989138491548156e-07
-1.0778408412313092e-07
-9.7573068294785020e-08
-8.8846010162807114e-08
-8.1401432880093484e-08
-7.4965627745953642e-08
-6.9286176750271827e-08
-6.4311104234474489e-08
-5.9923845263154973e-08
-5.5979456712891980e-08
-5.2453361038974539e-08
-4.9289998620581520e-08
-4.6419297916646673e-08
-4.3948601575666157e-08
-1.1244564273945242e-07
-1.7640007869008851e-05
-2.9915540732572681e-04
-3.7926447463064260e-04
-3.5035780003300955e-04
-3.1400516214021484e-04
-2.7446909856931385e-04
-2.4218793259009983e-04
-2.1407824745099362e-04
-1.8949015499901637e-04
-1.6626466505475422e-04
-1.4867195488895869e-04
-1.3532348801363587e-04
-1.2476575993059316e-04
-1.1623778795628985e-04
-1.1090037882967364e-04
-1.0761491848773318e-04
-1.0578354728927950e-04
-1.0528511400606138e-04
-1.0572018665905468e-04
-1.0670454745007414e-04
-1.0816217431389646e-04
-1.1013997926285273e-04
-1.1187795068000346e-04
-1.1370524801978891e-04
-1.1555732662711716e-04
-1.1732854552818699e-04
-1.1880329880992596e-04
-1.2010814019708923e-04
-1.2134158992801164e-04
-1.2232127402370826e-04
-1.2310766021324346e-04
-1.2371499783060783e-04
-1.2424095762196202e-04
-1.2455457322433695e-04
-1.2469712997549584e-04
-1.2477121978397715e-04
-1.2475240836609311e-04
-1.2459306937549313e-04
-1.2436048377958555e-04
-1.2406473535540876e-04
-1.2368358185941970e-04
-1.2323881343128851e-04
-1.2276638036520831e-04
-1.2225220989483398e-04
-1.2170363943841748e-04
-1.2107022373449673e-04
-1.2046498032671213e-04
-1.1983319055705854e-04
-1.1913312022733769e-04
-1.1847672123509180e-04
-1.1781027513284546e-04
-1.1704461000736718e-04
-1.1634934258796351e-04
-1.1564972500649430e-04
-1.1487399356046246e-04
-1.1416783499217847e-04
-1.1346467867452670e-04
-1.1264493673802278e-04
-1.1194001757110478e-04
-1.1121332956265452e-04
-1.1041993975716827e-04
-1.0971842571119287e-04
-1.0897454192966253e-04
-1.0818833449426603e-04
-1.0748465982390938e-04
-1.0671703139009830e-04
-1.0597558204034481e-04
-1.0528429150695791e-04
-1.0448576062343238e-04
-1.0377841532040099e-04
-1.0307533326741005e-04
-1.0226376442680966e-04
-1.0160592125792165e-04
-1.0086939103954570e-04
-1.0011474640511389e-04
-9.9458089716379788e-05
-9.8660014932712965e-05
-9.7982210025618192e-05
-9.7298948883880001e-05
-9.6527361247541367e-05
-9.5882711934993544e-05
-9.5136607387302961e-05
-9.4430132031971635e-05
-9.3779364748947718e-05
-9.3014125095118388e-05
-9.2377630904180204e-05
-9.1654090908410696e-05
-9.0972928551364090e-05
-9.0298134666884898e-05
-8.9580423165638672e-05
-8.8949153893127657e-05
-8.8207117457221810e-05
-8.7582182367452197e-05
-8.6887684925857672e-05
-8.6199124848480342e-05
-8.5583565690816547e-05
-8.4832426575025090e-05
-8.4245427188706247e-05
-8.3522223552540850e-05
-8.2898184121433247e-05
-8.2228709395490931e-05
-8.1563950295754839e-05
-8.0924044101623246e-05
-8.0246374014424375e-05
-7.9641637770491236e-05
-7.8926706695051202e-05
-7.8352033696319184e-05
-7.7639215500572499e-05
-7.7040631473354571e-05
-7.6373592597699761e-05
-7.5740067015150417e-05
-7.5106275847176205e-05
-7.4462797039139935e-05
-7.3840477715789613e-05
-7.3189686013915982e-05
-7.2580567052529240e-05
-7.1908522629657464e-05
-7.1334416653061165e-05
-7.0639197867647843e-05
-7.0081196480246768e-05
-6.9391329141597034e-05
-6.8830063465359910e-05
-6.8143328879090954e-05
-6.7583821547828729e-05
-6.6889511879196205e-05
-6.6347704767001601e-05
-6.5646080603504626e-05
-6.5105527932047519e-05
-6.4417336372838346e-05
-6.3866325224408088e-05
-6.3186815137682248e-05
-6.2628482438924446e-05
-6.1950949276509817e-05
-6.1399276360084596e-05
-6.0722243462751071e-05
-6.0160386571772578e-05
-5.9509596626232470e-05
-5.8919971327831192e-05
-5.8298355051856991e-05
-5.7685609128441664e-05
-5.7074868933434608e-05
-5.6453962687530641e-05
-5.5854911443178605e-05
-5.5217999794921078e-05
-5.4645254081519390e-05
-5.3975517833874871e-05
-5.3421009850279049e-05
-5.2750855708171084e-05
-5.2178832712808058e-05
-5.1539932972291487e-05
-5.0927039601367869e-05
-5.0329662526699713e-05
-4.9675284574752775e-05
-4.9110576400597081e-05
-4.8428698751225966e-05
-4.7853221334348945e-05
-4.7210489910481869e-05
-4.6595972496836366e-05
-4.5986338168794023e-05
-4.5335242111924027e-05
-4.4756040564198352e-05
-4.4070920552546432e-05
-4.3480049783295396e-05
-4.2837166044366790e-05
-4.2199999374071155e-05
-4.1599584789577730e-05
-4.0910890160113487e-05
-4.0309300599027234e-05
-3.9662829394382940e-05
-3.9011632078668183e-05
-3.8406959121746825e-05
-3.7728114761755731e-05
0.0000000000000000e+00
];
