%Vec Object:dSdr_b_aug_1940 1 MPI processes
%  type: seq
dSdr_b_aug_1940 = [
2.4127207502655792e+03
0.0000000000000000e+00
-1.6150968394573411e-06
-6.6156837994751033e-07
-4.0581728049456009e-07
-2.8581561901254931e-07
-2.1413371533866355e-07
-1.6985964308999698e-07
-1.3985353096491515e-07
-1.1718183724044964e-07
-1.0035209558979870e-07
-8.7454995931314386e-08
-7.6946724674896594e-08
-6.8434599238474190e-08
-6.1457333678319253e-08
-5.5574561187047601e-08
-5.0548536355678765e-08
-4.6260860457244732e-08
-4.2554202784064012e-08
-3.9284278170178096e-08
-3.6419780472044461e-08
-3.3893575826406126e-08
-3.1865099342778110e-08
-1.4885596093030505e-06
-3.8036680718841619e-04
-5.8167544305335619e-04
-5.4551152843554341e-04
-5.0381542029755838e-04
-4.6087949807062042e-04
-4.1503923024005583e-04
-3.7470997899324994e-04
-3.3597881472949124e-04
-2.9943783087436177e-04
-2.6091758121491398e-04
-2.2959420129906312e-04
-2.0233902645021658e-04
-1.7850168699168022e-04
-1.5598797431081699e-04
-1.3893517320998856e-04
-1.2599863747510750e-04
-1.1577495907166295e-04
-1.0752420745551325e-04
-1.0237043484833022e-04
-9.9211371884102312e-05
-9.7466263976096168e-05
-9.7020087813771231e-05
-9.7480975654716558e-05
-9.8476609310533083e-05
-9.9933287134484029e-05
-1.0190436531873119e-04
-1.0363749647005129e-04
-1.0545723536750121e-04
-1.0730534239006013e-04
-1.0907778425783914e-04
-1.1055765908538530e-04
-1.1187385967557303e-04
-1.1312667932917146e-04
-1.1412860406707121e-04
-1.1494091218870255e-04
-1.1558107912938365e-04
-1.1614553125319632e-04
-1.1649830823717337e-04
-1.1668442102702322e-04
-1.1681083262900830e-04
-1.1683994693689908e-04
-1.1673149419748455e-04
-1.1655534092498945e-04
-1.1631778540152466e-04
-1.1599307564971608e-04
-1.1560795357522271e-04
-1.1519908134745149e-04
-1.1474363079766785e-04
-1.1425403909236144e-04
-1.1369052886229358e-04
-1.1314554555820140e-04
-1.1257365172669818e-04
-1.1194458088483073e-04
-1.1134813383632092e-04
-1.1074141356227879e-04
-1.1004849395212592e-04
-1.0941335192607916e-04
-1.0877452067754585e-04
-1.0806947853779672e-04
-1.0742311376415385e-04
-1.0678018299431842e-04
-1.0603178293547139e-04
-1.0538641709628275e-04
-1.0472072401749019e-04
-1.0399572363542592e-04
-1.0335277498817145e-04
-1.0267084601180391e-04
-1.0195140986768523e-04
-1.0130579698236260e-04
-1.0060185676931348e-04
-9.9923062614097445e-05
-9.9288837435091841e-05
-9.8556064662002623e-05
-9.7908869971605753e-05
-9.7263002880578568e-05
-9.6518424684436638e-05
-9.5916980119719808e-05
-9.5239787058982672e-05
-9.4548214854528147e-05
-9.3947190539998805e-05
-9.3213423674883415e-05
-9.2593200155835454e-05
-9.1966848419808861e-05
-9.1258390603919664e-05
-9.0668336567239349e-05
-8.9984246224327681e-05
-8.9336145621046620e-05
-8.8740250993000574e-05
-8.8038990550457332e-05
-8.7455343308066663e-05
-8.6793055846060043e-05
-8.6168602587760119e-05
-8.5550071311581144e-05
-8.4893211631240881e-05
-8.4314893180783952e-05
-8.3634861479390163e-05
-8.3063985812552210e-05
-8.2427037998571102e-05
-8.1796800501777604e-05
-8.1235137606990368e-05
-8.0545605275816740e-05
-8.0010305716519362e-05
-7.9348485255973790e-05
-7.8776886308374762e-05
-7.8166629725892861e-05
-7.7557753747873229e-05
-7.6973111737264647e-05
-7.6354486656117552e-05
-7.5801703549397575e-05
-7.5148860947435718e-05
-7.4624726647674427e-05
-7.3973477301589750e-05
-7.3427511641873929e-05
-7.2818870709410273e-05
-7.2240566946596711e-05
-7.1662935809920243e-05
-7.1076347502129335e-05
-7.0508485096229607e-05
-6.9916521701848618e-05
-6.9360809662714424e-05
-6.8748601377893636e-05
-6.8227236357707328e-05
-6.7592459222322020e-05
-6.7086693786698950e-05
-6.6457914477721579e-05
-6.5947552368566506e-05
-6.5324051312410972e-05
-6.4815000198512737e-05
-6.4184222467844216e-05
-6.3692664497377126e-05
-6.3054978246634613e-05
-6.2565041183458250e-05
-6.1940156381036707e-05
-6.1440359498204122e-05
-6.0824133871295924e-05
-6.0318229314096487e-05
-5.9703385574330176e-05
-5.9205299141861753e-05
-5.8590172391092436e-05
-5.8082860637564142e-05
-5.7493775303418227e-05
-5.6959745877580390e-05
-5.6398951499824580e-05
-5.5843812195684752e-05
-5.5292673487263346e-05
-5.4731583661022631e-05
-5.4190624549105562e-05
-5.3615893427262484e-05
-5.3099320907398949e-05
-5.2494928981557359e-05
-5.1995432307768752e-05
-5.1390764938232298e-05
-5.0875714384798587e-05
-5.0300366524336106e-05
-4.9747895824190500e-05
-4.9211609701881403e-05
-4.8621289342261014e-05
-4.8114734485411253e-05
-4.7501125912955821e-05
-4.6983662534802845e-05
-4.6407515430404017e-05
-4.5854763283959527e-05
-4.5308211993588103e-05
-4.4723743593159661e-05
-4.4204646225719501e-05
-4.3590249171631131e-05
-4.3060796128286299e-05
-4.2484553631939489e-05
-4.1913995412638448e-05
-4.1376259085904110e-05
-4.0759934598598708e-05
-4.0221273966387628e-05
-3.9642646728333509e-05
-3.9059828834422997e-05
-3.8515319052889949e-05
-3.7891918768179443e-05
0.0000000000000000e+00
];
