%Vec Object:dSdr_b_aug_10000 1 MPI processes
%  type: seq
dSdr_b_aug_10000 = [
2.2731335108728185e+03
0.0000000000000000e+00
-6.3024705821254793e-07
-2.6123521798732684e-07
-1.6309808117070964e-07
-1.1617591017147793e-07
-8.7199778732862014e-08
-6.9276962678890025e-08
-5.7127925544119473e-08
-4.8001628008734679e-08
-4.1223078014252040e-08
-3.6025574881432680e-08
-3.1794369662306055e-08
-2.8366253825753989e-08
-2.5555277874700804e-08
-2.3184622043472478e-08
-2.1216091834910025e-08
-2.0936376791963093e-05
-8.1025061807405503e-04
-7.7608454861515387e-04
-7.3431315564741358e-04
-6.9586813223805730e-04
-6.5820373594299480e-04
-6.2067068882838152e-04
-5.7900072517227052e-04
-5.3875324726137055e-04
-5.0014838415624627e-04
-4.6114808194849870e-04
-4.2111613714886672e-04
-3.7830669300998687e-04
-3.4063008903530693e-04
-3.0440540534603766e-04
-2.7019847411814723e-04
-2.3411347201671184e-04
-2.0475835825862218e-04
-1.7920469931097103e-04
-1.5685113306765803e-04
-1.3574117913066518e-04
-1.1975256181990630e-04
-1.0762776352126953e-04
-9.8062274975337636e-05
-9.0357710403809999e-05
-8.5565735973047776e-05
-8.2655695492004036e-05
-8.1080537595770963e-05
-8.0737313699732257e-05
-8.1249059463583899e-05
-8.2266900638978830e-05
-8.3721707319526578e-05
-8.5679531487831384e-05
-8.7403125210426042e-05
-8.9207971620640974e-05
-9.1048252626616159e-05
-9.2823102280424339e-05
-9.4313065546749265e-05
-9.5651643401097099e-05
-9.6942622219239058e-05
-9.7988361784184612e-05
-9.8851737279208137e-05
-9.9556579838054748e-05
-1.0019686426050496e-04
-1.0062679169586130e-04
-1.0089871285809252e-04
-1.0112820218175148e-04
-1.0125173361416219e-04
-1.0124353054254835e-04
-1.0117855322150302e-04
-1.0105564217041010e-04
-1.0084213093473879e-04
-1.0057451682599874e-04
-1.0029086446509211e-04
-9.9951096774705998e-05
-9.9577697869734235e-05
-9.9151907063746420e-05
-9.8725640974941297e-05
-9.8271746938871169e-05
-9.7782550877060920e-05
-9.7304213990526391e-05
-9.6815158425474413e-05
-9.6265553466538931e-05
-9.5748863353547689e-05
-9.5229786139252836e-05
-9.4664007773824241e-05
-9.4135441607365224e-05
-9.3611159968795624e-05
-9.3003309206126663e-05
-9.2475268194692188e-05
-9.1929740041149434e-05
-9.1339472400493832e-05
-9.0811902313007266e-05
-9.0252029338701515e-05
-8.9664138108295485e-05
-8.9132911654487293e-05
-8.8554442458005150e-05
-8.7999084174831868e-05
-8.7477282401406502e-05
-8.6874058538209269e-05
-8.6345365500395670e-05
-8.5812216582153522e-05
-8.5199615522070903e-05
-8.4709280847423623e-05
-8.4148987130814719e-05
-8.3581673322123722e-05
-8.3090249841347554e-05
-8.2483175402645563e-05
-8.1976392453451873e-05
-8.1462157427700515e-05
-8.0878071092494353e-05
-8.0395574733713290e-05
-7.9833658017300688e-05
-7.9300561003296203e-05
-7.8812770527349706e-05
-7.8237554962071350e-05
-7.7758021062557768e-05
-7.7216406691695133e-05
-7.6703675609573617e-05
-7.6195986926441014e-05
-7.5659011002348109e-05
-7.5185010654586377e-05
-7.4627134074814485e-05
-7.4162760573176785e-05
-7.3639190951509885e-05
-7.3123854443649919e-05
-7.2668372311962675e-05
-7.2100211173014545e-05
-7.1666765231953204e-05
-7.1125875462611551e-05
-7.0657589327539945e-05
-7.0163998160804118e-05
-6.9665217332291694e-05
-6.9189451125440638e-05
-6.8687150422957214e-05
-6.8236720106053226e-05
-6.7706197828320571e-05
-6.7281629793067573e-05
-6.6751677115284115e-05
-6.6309374901865376e-05
-6.5815783723086407e-05
-6.5346272498267245e-05
-6.4879282288712981e-05
-6.4404774031341072e-05
-6.3944197336625403e-05
-6.3468131715562227e-05
-6.3017636879632294e-05
-6.2523311969384188e-05
-6.2105852221574413e-05
-6.1590151472758691e-05
-6.1187296502535884e-05
-6.0678867111887200e-05
-6.0268790669700658e-05
-5.9769866478157755e-05
-5.9360219843478743e-05
-5.8854607014798285e-05
-5.8462045714180071e-05
-5.7950324343431987e-05
-5.7560106099876929e-05
-5.7059942939530877e-05
-5.6661044499358203e-05
-5.6169496817269335e-05
-5.5766882396248708e-05
-5.5275544605253271e-05
-5.4883030641933567e-05
-5.4389867053694078e-05
-5.3990016768751843e-05
-5.3522497949272073e-05
-5.3098000492744380e-05
-5.2657034089454527e-05
-5.2215388665582873e-05
-5.1781674224074030e-05
-5.1338432476049800e-05
-5.0911924843708440e-05
-5.0459700191328162e-05
-5.0053799648866054e-05
-4.9578148320804713e-05
-4.9187035894921064e-05
-4.8711391278726272e-05
-4.8308590327067061e-05
-4.7858455308391312e-05
-4.7425033889101439e-05
-4.7009115118579359e-05
-4.6545008572107328e-05
-4.6153037624075368e-05
-4.5673944807824365e-05
-4.5270796934617458e-05
-4.4825853814532874e-05
-4.4394816834319810e-05
-4.3972583496918817e-05
-4.3519425170660460e-05
-4.3118797419096456e-05
-4.2643806411155705e-05
-4.2235449238576526e-05
-4.1790626448088619e-05
-4.1351472916388170e-05
-4.0937477107822676e-05
-4.0464123235982533e-05
-4.0050082172147678e-05
-3.9606284186628372e-05
-3.9160673226846766e-05
-3.8741701648501081e-05
-3.8264843047663456e-05
0.0000000000000000e+00
];
