%Vec Object:dSdr_b_aug_9670 1 MPI processes
%  type: seq
dSdr_b_aug_9670 = [
2.2750107319210451e+03
0.0000000000000000e+00
-6.3774053880500723e-07
-2.6432937242193044e-07
-1.6501372545410435e-07
-1.1753687293228348e-07
-8.8227314105016244e-08
-7.0098469060583916e-08
-5.7809730667735322e-08
-4.8577569162710587e-08
-4.1720388363625537e-08
-3.6462615178749350e-08
-3.2182172119753775e-08
-2.8714130612502167e-08
-2.5870414856347020e-08
-2.3472112770965186e-08
-2.1445171231763513e-08
-9.0202829237121919e-06
-8.0476896626547072e-04
-7.7763696308931431e-04
-7.3581682243628631e-04
-6.9729678806771127e-04
-6.5956035509209820e-04
-6.2195696613675914e-04
-5.8020965196612609e-04
-5.3988961349785548e-04
-5.0121671622684342e-04
-4.6214860282390945e-04
-4.2204833993755527e-04
-3.7916782702001326e-04
-3.4142903480508495e-04
-3.0514559072986785e-04
-2.7088394152424336e-04
-2.3474184909411390e-04
-2.0534059239680976e-04
-1.7974704425693380e-04
-1.5735869343345561e-04
-1.3621583071767675e-04
-1.2020226539957508e-04
-1.0805843728038978e-04
-9.8477518582791346e-05
-9.0760149580335631e-05
-8.5959693413305353e-05
-8.3043815037141385e-05
-8.1464672969807611e-05
-8.1119035554573277e-05
-8.1629589064571197e-05
-8.2646909646451826e-05
-8.4101760216840176e-05
-8.6059895126788037e-05
-8.7783712459807550e-05
-8.9588908019605086e-05
-9.1429372512336754e-05
-9.3204165737207511e-05
-9.4693892513055984e-05
-9.6031945784860845e-05
-9.7322030039292289e-05
-9.8366742451909468e-05
-9.9228920769893307e-05
-9.9932247128380210e-05
-1.0057075380013876e-04
-1.0099887258219894e-04
-1.0126878212004145e-04
-1.0149585496786678e-04
-1.0161717295714189e-04
-1.0160661970769903e-04
-1.0153903606000869e-04
-1.0141343736824781e-04
-1.0119731927621443e-04
-1.0092695039630742e-04
-1.0064036247136657e-04
-1.0029788279581714e-04
-9.9921759950714615e-05
-9.9492740548727784e-05
-9.9063691338663492e-05
-9.8607030999821403e-05
-9.8114555812677868e-05
-9.7633450035643373e-05
-9.7141636022815412e-05
-9.6588671296011879e-05
-9.6069204280249039e-05
-9.5547319636989713e-05
-9.4978276469277726e-05
-9.4446948714818426e-05
-9.3919885548404361e-05
-9.3308739845122810e-05
-9.2777948351778519e-05
-9.2229603134929669e-05
-9.1636176912846814e-05
-9.1105901970247680e-05
-9.0543167599321157e-05
-8.9952192520594161e-05
-8.9418284470294953e-05
-8.8836873817737462e-05
-8.8278621788997824e-05
-8.7754184438791524e-05
-8.7147923519992750e-05
-8.6616452411001984e-05
-8.6080661005526088e-05
-8.5464965964025572e-05
-8.4972026505580539e-05
-8.4408992279796723e-05
-8.3838765440009423e-05
-8.3344772550106983e-05
-8.2734728018455360e-05
-8.2225285643882563e-05
-8.1708422228381338e-05
-8.1121420210802770e-05
-8.0636402341086234e-05
-8.0071621467240977e-05
-7.9535828385280690e-05
-7.9045503587096312e-05
-7.8467333109264286e-05
-7.7985358445255228e-05
-7.7440915094278338e-05
-7.6925564871204539e-05
-7.6415277667419134e-05
-7.5875491267686770e-05
-7.5399045354918390e-05
-7.4838305051017992e-05
-7.4371434782569536e-05
-7.3845207197064365e-05
-7.3327177025887477e-05
-7.2869205661928131e-05
-7.2298199176403538e-05
-7.1862365445586618e-05
-7.1318640656333238e-05
-7.0847932522943746e-05
-7.0351606328388516e-05
-6.9850244500832561e-05
-6.9371925880370864e-05
-6.8866898144796072e-05
-6.8414068335211905e-05
-6.7880678459234723e-05
-6.7453776256502199e-05
-6.6920979978116386e-05
-6.6476247545374720e-05
-6.5979959214184237e-05
-6.5507897526751902e-05
-6.5038313522042674e-05
-6.4561177731497943e-05
-6.4098085898683235e-05
-6.3619303243954078e-05
-6.3166341762241620e-05
-6.2669253268778107e-05
-6.2249357630791592e-05
-6.1730865330066032e-05
-6.1325597790752825e-05
-6.0814346991822608e-05
-6.0401919513937627e-05
-5.9900074819816052e-05
-5.9488097806733731e-05
-5.8979550689160592e-05
-5.8584668569787369e-05
-5.8069994155118785e-05
-5.7677438162301570e-05
-5.7174351102668286e-05
-5.6773087257842119e-05
-5.6278616699705251e-05
-5.5873580803502825e-05
-5.5379347610521225e-05
-5.4984358665045913e-05
-5.4488335841145418e-05
-5.4085966287759431e-05
-5.3615597529383788e-05
-5.3188532262659802e-05
-5.2744756675216098e-05
-5.2300450557957294e-05
-5.1863983280126728e-05
-5.1417978758362917e-05
-5.0988787977851880e-05
-5.0533691339113051e-05
-5.0125196247721794e-05
-4.9646526778798295e-05
-4.9252873429613766e-05
-4.8774204050415891e-05
-4.8368771550087168e-05
-4.7915701075595084e-05
-4.7479488688675014e-05
-4.7060748043266998e-05
-4.6593682552061182e-05
-4.6199025293001400e-05
-4.5716778882935363e-05
-4.5310950961980601e-05
-4.4862931851599727e-05
-4.4429041305739832e-05
-4.4003893352846287e-05
-4.3547656450055679e-05
-4.3144251090706643e-05
-4.2665991577509228e-05
-4.2254795046850104e-05
-4.1806890717702624e-05
-4.1364655766488785e-05
-4.0947757843252778e-05
-4.0471050405086564e-05
-4.0054084825481112e-05
-3.9607120537431973e-05
-3.9158281433248410e-05
-3.8736334496843218e-05
-3.8255869526305368e-05
0.0000000000000000e+00
];
