%Vec Object:dSdr_b_aug_7780 1 MPI processes
%  type: seq
dSdr_b_aug_7780 = [
2.2960245495304166e+03
0.0000000000000000e+00
-7.2891188480103401e-07
-3.0168113614650518e-07
-1.8792966012945970e-07
-1.3367675778186690e-07
-1.0032256048895137e-07
-7.9696008601491573e-08
-6.5714521799057437e-08
-5.5202299630244823e-08
-4.7394986583488318e-08
-4.1409195309084820e-08
-3.6535383513391853e-08
-3.2586688391797742e-08
-2.9349023327646477e-08
-2.6618557047329868e-08
-2.4285079980327380e-08
-2.2566861618294246e-08
-3.8031681555442430e-05
-7.8156911366988283e-04
-7.4480382591831306e-04
-7.0587017511932219e-04
-6.6770179298146243e-04
-6.2967626858457550e-04
-5.8746475291371965e-04
-5.4670925868859272e-04
-5.0762806977379328e-04
-4.6815300284152304e-04
-4.2764274443767936e-04
-3.8433572835787209e-04
-3.4622372751773306e-04
-3.0958764631203569e-04
-2.7499761957548052e-04
-2.3851291260219425e-04
-2.0883474074028167e-04
-1.8300180628915357e-04
-1.6040470337181614e-04
-1.3906434579332125e-04
-1.2290106043994886e-04
-1.1064302917013730e-04
-1.0096950991343182e-04
-9.3175298015315850e-05
-8.8323940613025241e-05
-8.5373027407526278e-05
-8.3769975210440061e-05
-8.3409853572427096e-05
-8.3913252004895448e-05
-8.4927448326659578e-05
-8.6382562256175348e-05
-8.8342561976403484e-05
-9.0067721224839687e-05
-9.1875012096498076e-05
-9.3716577715199391e-05
-9.5491032268448680e-05
-9.6979339776559354e-05
-9.8314244863146802e-05
-9.9598960575723297e-05
-1.0063750874765516e-04
-1.0149250246161235e-04
-1.0218672967121662e-04
-1.0281456755997457e-04
-1.0323183210520547e-04
-1.0348966932221683e-04
-1.0370224022568497e-04
-1.0381027472605761e-04
-1.0378561740621368e-04
-1.0370239246960885e-04
-1.0356066450175326e-04
-1.0332890194288890e-04
-1.0304200091943999e-04
-1.0273779586389915e-04
-1.0237904081608742e-04
-1.0198657085405958e-04
-1.0153817575761872e-04
-1.0109242426911555e-04
-1.0061916258447791e-04
-1.0010700846338907e-04
-9.9609285811375599e-05
-9.9100917593456130e-05
-9.8527789975503145e-05
-9.7991658001582004e-05
-9.7452925204313229e-05
-9.6864289060488910e-05
-9.6316388256507664e-05
-9.5772632376297124e-05
-9.5141712829032539e-05
-9.4594414937331845e-05
-9.4029163749084364e-05
-9.3416782012165000e-05
-9.2870274490469508e-05
-9.2290368092191343e-05
-9.1680885992756581e-05
-9.1130884945081532e-05
-9.0531821806823823e-05
-8.9956203616277719e-05
-8.9415949445818729e-05
-8.8791462322739578e-05
-8.8243319245829386e-05
-8.7691669548847976e-05
-8.7057406675936162e-05
-8.6548835194713125e-05
-8.5969354424205618e-05
-8.5381645691491541e-05
-8.4872233078084905e-05
-8.4244364209935040e-05
-8.3718961899887636e-05
-8.3186324802309559e-05
-8.2581824981233475e-05
-8.2081674838578128e-05
-8.1499705376652067e-05
-8.0947732457604601e-05
-8.0442198502650135e-05
-7.9846294790800990e-05
-7.9349672435852702e-05
-7.8788251606047905e-05
-7.8257183206416149e-05
-7.7731301574273398e-05
-7.7174648746497390e-05
-7.6683526334259526e-05
-7.6105600043915601e-05
-7.5623746000250916e-05
-7.5081567252340391e-05
-7.4547371676569543e-05
-7.4074461754704564e-05
-7.3486379572339713e-05
-7.3036216068241312e-05
-7.2475477555634387e-05
-7.1990234354519820e-05
-7.1477494516848769e-05
-7.0960643415233349e-05
-7.0467007069927910e-05
-6.9945613670569502e-05
-6.9478383856939196e-05
-6.8927784747888334e-05
-6.8486874576040326e-05
-6.7937013081613738e-05
-6.7477696247077114e-05
-6.6965221576130091e-05
-6.6477853874857736e-05
-6.5992703806256508e-05
-6.5499799481218658e-05
-6.5021613627899740e-05
-6.4526525322678192e-05
-6.4058760837083103e-05
-6.3545087337670789e-05
-6.3110573269614176e-05
-6.2575328116479357e-05
-6.2155582104555493e-05
-6.1627399278323713e-05
-6.1200862608055227e-05
-6.0681491196214227e-05
-6.0255528962507176e-05
-5.9729372393668680e-05
-5.9320562425620333e-05
-5.8788166007833158e-05
-5.8381580564023751e-05
-5.7860946408665228e-05
-5.7445487148041784e-05
-5.6933475637837640e-05
-5.6513907834466102e-05
-5.6002298572331332e-05
-5.5592456613461762e-05
-5.5079274768690289e-05
-5.4661786432448179e-05
-5.4174314450598494e-05
-5.3731839094536046e-05
-5.3271204870043278e-05
-5.2810931253112321e-05
-5.2357943504704636e-05
-5.1895358879903534e-05
-5.1450065856219475e-05
-5.0977733710831291e-05
-5.0553668096815774e-05
-5.0056886022738857e-05
-4.9647983989088914e-05
-4.9151162282365569e-05
-4.8729937251797434e-05
-4.8259250431552659e-05
-4.7806288827744405e-05
-4.7370613501102102e-05
-4.6885790758805484e-05
-4.6475012423543475e-05
-4.5973840681007740e-05
-4.5551929345704659e-05
-4.5085450713555006e-05
-4.4634435540899163e-05
-4.4191796666285185e-05
-4.3717084975876631e-05
-4.3297011165129750e-05
-4.2799137391122941e-05
-4.2370902299686657e-05
-4.1904506420674835e-05
-4.1443781239615408e-05
-4.1009470104362461e-05
-4.0512641821106740e-05
-4.0078133276943502e-05
-3.9612181377845760e-05
-3.9143999542558146e-05
-3.8704281550854029e-05
-3.8202624188618745e-05
0.0000000000000000e+00
];
