%Vec Object:dSdr_b_aug_2300 1 MPI processes
%  type: seq
dSdr_b_aug_2300 = [
2.3998815405865234e+03
0.0000000000000000e+00
-1.4741654132168803e-06
-6.0491742450444181e-07
-3.7197407748086249e-07
-2.6244142649098794e-07
-1.9677017141287307e-07
-1.5620172457896898e-07
-1.2870599652838373e-07
-1.0793922179162499e-07
-9.2522182233100964e-08
-8.0706990286732325e-08
-7.1079284768903219e-08
-6.3279821507298627e-08
-5.6886406485765191e-08
-5.1495240179001470e-08
-4.6888543886959249e-08
-4.2958424603082339e-08
-3.9560655046843746e-08
-3.6562587667168815e-08
-3.3936146074378910e-08
-3.1625998685502296e-08
-9.3747085504689100e-08
-1.4474430433693598e-04
-6.1484529782273516e-04
-5.8215731510828498e-04
-5.4122914381852247e-04
-4.9963170715282496e-04
-4.5697255368790958e-04
-4.1142954577089760e-04
-3.7136092346113118e-04
-3.3287606807463920e-04
-2.9656445292472840e-04
-2.5828351705594374e-04
-2.2715356031438296e-04
-2.0006559488170624e-04
-1.7637406708358134e-04
-1.5399830297092271e-04
-1.3705008011978388e-04
-1.2419331451924518e-04
-1.1403431700222742e-04
-1.0583723966274353e-04
-1.0071902128599663e-04
-9.7584429992130382e-05
-9.5856023237816522e-05
-9.5419964305570469e-05
-9.5885850021783085e-05
-9.6883666053054928e-05
-9.8340160021757235e-05
-1.0030993574586658e-04
-1.0204212966750457e-04
-1.0386040508802874e-04
-1.0570774306084764e-04
-1.0748042156233008e-04
-1.0896128780648321e-04
-1.1027968744571691e-04
-1.1153625704890059e-04
-1.1254248752204077e-04
-1.1335981409192249e-04
-1.1400633677418022e-04
-1.1457824101576640e-04
-1.1493859965291428e-04
-1.1513314491654283e-04
-1.1526968606619246e-04
-1.1530807883664269e-04
-1.1520947772864717e-04
-1.1504424982257003e-04
-1.1481796051969603e-04
-1.1450417835122795e-04
-1.1413060389476250e-04
-1.1373403714039421e-04
-1.1328995485344865e-04
-1.1281178152321450e-04
-1.1226180510824114e-04
-1.1172848825537055e-04
-1.1116819037341705e-04
-1.1055286515489177e-04
-1.0996802490144103e-04
-1.0937286769443317e-04
-1.0869403179930805e-04
-1.0807053020289855e-04
-1.0744346734242539e-04
-1.0675211082794624e-04
-1.0611732225816349e-04
-1.0548605124863768e-04
-1.0475146309840907e-04
-1.0411762687879432e-04
-1.0346374251827725e-04
-1.0275198244633092e-04
-1.0212037215653342e-04
-1.0145043773576961e-04
-1.0074392863060016e-04
-1.0010955660517441e-04
-9.9417946543781832e-05
-9.8751282544523656e-05
-9.8128105316655211e-05
-9.7408063432838951e-05
-9.6772514008115789e-05
-9.6137723834893490e-05
-9.5406115151697139e-05
-9.4815589457276643e-05
-9.4149884198904533e-05
-9.3470522974615854e-05
-9.2880269228779304e-05
-9.2158952538028848e-05
-9.1549876921734148e-05
-9.0934542991517601e-05
-9.0238307268360941e-05
-8.9658823017332021e-05
-8.8986738781929287e-05
-8.8349939680341829e-05
-8.7764668540079723e-05
-8.7075794636176591e-05
-8.6502378701099349e-05
-8.5851949887339211e-05
-8.5238475662896521e-05
-8.4630836983043184e-05
-8.3985758381983192e-05
-8.3417691360303348e-05
-8.2749663947010994e-05
-8.2189254338396612e-05
-8.1563448295851983e-05
-8.0944502216875701e-05
-8.0393273795578414e-05
-7.9715668714391293e-05
-7.9190378395889715e-05
-7.8540441896730569e-05
-7.7978995585838208e-05
-7.7380203812097239e-05
-7.6782146976688291e-05
-7.6208204282413210e-05
-7.5601010495386878e-05
-7.5058285682210038e-05
-7.4417463600678533e-05
-7.3903113759874839e-05
-7.3263784338189320e-05
-7.2728005770476001e-05
-7.2130670872168584e-05
-7.1563058241146002e-05
-7.0996299878752102e-05
-7.0420725768895767e-05
-6.9863406416526713e-05
-6.9282832390407393e-05
-6.8737460130082530e-05
-6.8136836339395226e-05
-6.7625682172605653e-05
-6.7002606768723014e-05
-6.6506954425087523e-05
-6.5890001997652919e-05
-6.5389495038092773e-05
-6.4778236248083131e-05
-6.4278953687428911e-05
-6.3660476008452053e-05
-6.3178646514021095e-05
-6.2553338927898790e-05
-6.2073201305388049e-05
-6.1460572991632763e-05
-6.0970691470043544e-05
-6.0366718035468863e-05
-5.9870963870965201e-05
-5.9268257147901160e-05
-5.8780545392254080e-05
-5.8177404043989010e-05
-5.7680652597563103e-05
-5.7103513683423995e-05
-5.6580248030320305e-05
-5.6031229220261552e-05
-5.5487243024228426e-05
-5.4947643663479606e-05
-5.4398134829868749e-05
-5.3868422920227627e-05
-5.3305730567097288e-05
-5.2800033825765190e-05
-5.2208293291369177e-05
-5.1719447567493765e-05
-5.1127459303589350e-05
-5.0623439536268987e-05
-5.0060396360519369e-05
-4.9519624635597598e-05
-4.8995167003456360e-05
-4.8417249654088087e-05
-4.7921954909227812e-05
-4.7321565143555810e-05
-4.6815335449766900e-05
-4.6252081638803611e-05
-4.5711290267932638e-05
-4.5176955475199837e-05
-4.4605390619507305e-05
-4.4097934859540029e-05
-4.3497236717095490e-05
-4.2979683048643996e-05
-4.2416354189105056e-05
-4.1858707728404166e-05
-4.1333129362193509e-05
-4.0730851502321525e-05
-4.0204432147523295e-05
-3.9639045348114726e-05
-3.9069691200448753e-05
-3.8537463413355961e-05
-3.7928176098461659e-05
0.0000000000000000e+00
];
