%Vec Object:dSdr_b_aug_8390 1 MPI processes
%  type: seq
dSdr_b_aug_8390 = [
2.2886241282140327e+03
0.0000000000000000e+00
-6.9202845572375375e-07
-2.8531995991182342e-07
-1.7706576616794080e-07
-1.2540945271785363e-07
-9.3660167042863404e-08
-7.4029627872567078e-08
-6.0726532186224331e-08
-5.0744509081665286e-08
-4.3333096287978913e-08
-3.7651134409143165e-08
-3.3031927580262873e-08
-2.9291494228071393e-08
-2.6224982572908637e-08
-2.3640938758995830e-08
-2.1434780457804962e-08
-2.9858279388554105e-08
-3.1013179318259898e-04
-7.8270715173216904e-04
-7.4167453368232945e-04
-7.0286879645716448e-04
-6.6485147336712680e-04
-6.2697373644011415e-04
-5.8492473789631514e-04
-5.4432169694240457e-04
-5.0538345112778767e-04
-4.6605085881227143e-04
-4.2568414001710719e-04
-3.8252644286593566e-04
-3.4454510251642035e-04
-3.0803247970653125e-04
-2.7355741806560347e-04
-2.3719266055467070e-04
-2.0761143670073451e-04
-1.8186231132577554e-04
-1.5933829244796051e-04
-1.3806707806118563e-04
-1.2195620988634120e-04
-1.0973816117726950e-04
-1.0009706141297144e-04
-9.2329752249252855e-05
-8.7496215412281400e-05
-8.4557567947645223e-05
-8.2962886736782888e-05
-8.2607836077627938e-05
-8.3113739555045081e-05
-8.4129029730949020e-05
-8.5584051507442299e-05
-8.7543398405346676e-05
-8.9268087892493305e-05
-9.1074645236186193e-05
-9.2915825389142112e-05
-9.4690398547529251e-05
-9.6179202974657374e-05
-9.7515210272488715e-05
-9.8801805542107294e-05
-9.9842511843222046e-05
-1.0070002091402485e-04
-1.0139743376164199e-04
-1.0202900681671175e-04
-1.0245007145414797e-04
-1.0271213521369178e-04
-1.0292978327099670e-04
-1.0304246834244093e-04
-1.0302274887852955e-04
-1.0294499997794466e-04
-1.0280891888995821e-04
-1.0258263347825037e-04
-1.0230152037731636e-04
-1.0200348309824689e-04
-1.0165042607615520e-04
-1.0126367925720031e-04
-1.0082206760967230e-04
-1.0038216360559453e-04
-9.9914714068418496e-05
-9.9409449559358635e-05
-9.8917544490910450e-05
-9.8414971915493517e-05
-9.7848903342227073e-05
-9.7318605784933344e-05
-9.6785771540977688e-05
-9.6203994913568279e-05
-9.5661896348230466e-05
-9.5123984600968943e-05
-9.4499987891345216e-05
-9.3958468903083202e-05
-9.3399136508748497e-05
-9.2793391111552600e-05
-9.2252566628516701e-05
-9.1678672169935311e-05
-9.1075669391777866e-05
-9.0531302514660611e-05
-8.9938419524301547e-05
-8.9368881239444158e-05
-8.8834164549419877e-05
-8.8216058432944122e-05
-8.7673752223802099e-05
-8.7127654525988334e-05
-8.6499892263137480e-05
-8.5996793564144946e-05
-8.5423070735759750e-05
-8.4841482416524909e-05
-8.4337468250171577e-05
-8.3715839684839774e-05
-8.3196024950019760e-05
-8.2668910220125172e-05
-8.2070536382145682e-05
-8.1575684049325963e-05
-8.0999732313798186e-05
-8.0453423956859769e-05
-7.9953214728348287e-05
-7.9363519423143635e-05
-7.8872025224853144e-05
-7.8316548211181285e-05
-7.7790982745273884e-05
-7.7270560722352471e-05
-7.6719812831202284e-05
-7.6233828660523541e-05
-7.5661919183835471e-05
-7.5185310958673056e-05
-7.4648716711567164e-05
-7.4120180642658169e-05
-7.3652500707954122e-05
-7.3070396725462272e-05
-7.2625250072239788e-05
-7.2070468062020979e-05
-7.1590313584713789e-05
-7.1083320160543852e-05
-7.0571891850026229e-05
-7.0083618236042858e-05
-6.9567954451420845e-05
-6.9105766073912595e-05
-6.8561191912608143e-05
-6.8125185924462664e-05
-6.7581298956397251e-05
-6.7127088113838501e-05
-6.6620280273308315e-05
-6.6138271199461443e-05
-6.5658570801324894e-05
-6.5171187031093294e-05
-6.4698285584290546e-05
-6.4208905876992524e-05
-6.3746323911390327e-05
-6.3238456810638978e-05
-6.2809060641630011e-05
-6.2279680648273940e-05
-6.1865003534325195e-05
-6.1342748594978198e-05
-6.0921151535192978e-05
-6.0407916209222625e-05
-5.9986850180837451e-05
-5.9466858660008862e-05
-5.9062924808424073e-05
-5.8536732839712251e-05
-5.8135059079860861e-05
-5.7620568134597114e-05
-5.7210078658026432e-05
-5.6704208202505595e-05
-5.6289727984011393e-05
-5.5784202045484232e-05
-5.5379560085106765e-05
-5.4872385568612952e-05
-5.4460190269641260e-05
-5.3978706073672068e-05
-5.3541625732342922e-05
-5.3086893654470255e-05
-5.2632210190839770e-05
-5.2185006184811550e-05
-5.1728226172407548e-05
-5.1288570454317512e-05
-5.0822272360988379e-05
-5.0403657877792287e-05
-4.9913216905497823e-05
-4.9509653301815677e-05
-4.9019186574114339e-05
-4.8603490339952739e-05
-4.8138970812190639e-05
-4.7691872893939104e-05
-4.7262126154839195e-05
-4.6783519944797513e-05
-4.6378385276086285e-05
-4.5883838915517418e-05
-4.5467557944348712e-05
-4.5007541470297085e-05
-4.4562521007525891e-05
-4.4126004953128183e-05
-4.3657760361847621e-05
-4.3243521028220425e-05
-4.2752512741773830e-05
-4.2330240953987241e-05
-4.1870316429076732e-05
-4.1416061174985865e-05
-4.0987841368499488e-05
-4.0498049715140585e-05
-4.0069670430108150e-05
-3.9610343324170249e-05
-3.9148884889618562e-05
-3.8715252148603983e-05
-3.8220288621875257e-05
0.0000000000000000e+00
];
