%Vec Object:dSdr_b_aug_5690 1 MPI processes
%  type: seq
dSdr_b_aug_5690 = [
2.3219317869054862e+03
0.0000000000000000e+00
-8.6326103646317632e-07
-3.5675261785895338e-07
-2.2169923743303524e-07
-1.5748257878245572e-07
-1.1821469772498084e-07
-9.3936466238165678e-08
-7.7479757252572131e-08
-6.5091654955296398e-08
-5.5891729212921039e-08
-4.8838852563898332e-08
-4.3094284654424550e-08
-3.8439959403943080e-08
-3.4623875069804431e-08
-3.1405422188836643e-08
-2.8654711922245077e-08
-2.6307567826936205e-08
-2.4461764028097425e-08
-1.4153062866660186e-05
-7.3766877359637297e-04
-7.1783702784096210e-04
-6.7923130120150826e-04
-6.4061018344172753e-04
-5.9774119676740851e-04
-5.5636890494459724e-04
-5.1670939378803372e-04
-4.7665789994525483e-04
-4.3556690582682286e-04
-3.9165577188148758e-04
-3.5301514190484620e-04
-3.1587956993580290e-04
-2.8082441480237571e-04
-2.4385441350635299e-04
-2.1378400713973134e-04
-1.8761199596776160e-04
-1.6471920791798119e-04
-1.4309911041893468e-04
-1.2672375533923062e-04
-1.1430396145360191e-04
-1.0449927845370737e-04
-9.6596222667903167e-05
-9.1672766281431387e-05
-8.8672227970704970e-05
-8.7035308191463909e-05
-8.6654670250263467e-05
-8.7147933714633834e-05
-8.8157704508422781e-05
-8.9613191296184267e-05
-9.1575832287430018e-05
-9.3302892263536367e-05
-9.5113151008109685e-05
-9.6956276292154992e-05
-9.8730251119418891e-05
-1.0021654829900799e-04
-1.0154699414333942e-04
-1.0282410560364661e-04
-1.0385392246143118e-04
-1.0469873957455651e-04
-1.0538007833845452e-04
-1.0599280448321922e-04
-1.0639469460017832e-04
-1.0663543204167803e-04
-1.0682746174429282e-04
-1.0691668091828780e-04
-1.0687204596475676e-04
-1.0676666601081886e-04
-1.0660209181940914e-04
-1.0634816974258080e-04
-1.0603785185704451e-04
-1.0570869311618676e-04
-1.0532688490899297e-04
-1.0491126016552568e-04
-1.0443542047720749e-04
-1.0396601114123812e-04
-1.0346923457479079e-04
-1.0292920634061532e-04
-1.0240794681091930e-04
-1.0187613048387921e-04
-1.0127444325498763e-04
-1.0071470629669483e-04
-1.0015210902851004e-04
-9.9535720526903971e-05
-9.8964344922367059e-05
-9.8396944743936373e-05
-9.7738016650003321e-05
-9.7167338365683210e-05
-9.6578140812045274e-05
-9.5938909646181109e-05
-9.5369409581793978e-05
-9.4765179965008233e-05
-9.4129483703759521e-05
-9.3556687823258104e-05
-9.2932620924319527e-05
-9.2332404534941091e-05
-9.1769746721335598e-05
-9.1119443197478709e-05
-9.0547685208697411e-05
-8.9973573127035265e-05
-8.9313009957804184e-05
-8.8782296588985608e-05
-8.8179520207479914e-05
-8.7567049352274123e-05
-8.7035795564045912e-05
-8.6382679521319937e-05
-8.5834670856483705e-05
-8.5279691221662923e-05
-8.4650406741854537e-05
-8.4128822582179514e-05
-8.3522506447929849e-05
-8.2947615695938681e-05
-8.2420538822476627e-05
-8.1799516977866448e-05
-8.1282146989413668e-05
-8.0696678511908715e-05
-8.0143346195871661e-05
-7.9595375929735488e-05
-7.9014832751663917e-05
-7.8502921900461042e-05
-7.7900652623313853e-05
-7.7397574901892047e-05
-7.6832802226461461e-05
-7.6275709261167143e-05
-7.5781639709511652e-05
-7.5169370759701354e-05
-7.4698909935313671e-05
-7.4114072437384272e-05
-7.3608241128043616e-05
-7.3072252285267121e-05
-7.2533461495704558e-05
-7.2018128452388768e-05
-7.1473554008228004e-05
-7.0985927396946725e-05
-7.0410952374589726e-05
-6.9950200700834918e-05
-6.9376167285422380e-05
-6.8896192464560144e-05
-6.8360790751896555e-05
-6.7851742941491298e-05
-6.7344544417523173e-05
-6.6829304848976026e-05
-6.6329739163649255e-05
-6.5811554820472860e-05
-6.5322822711963817e-05
-6.4785657483596901e-05
-6.4330437231455823e-05
-6.3771462604666010e-05
-6.3331208650959500e-05
-6.2779042560336674e-05
-6.2332521013578308e-05
-6.1788323992120417e-05
-6.1342552481529286e-05
-6.0791453116263329e-05
-6.0362915136098203e-05
-5.9805416499194455e-05
-5.9378959129999591e-05
-5.8833470502852334e-05
-5.8397904237859357e-05
-5.7861046958925952e-05
-5.7420895530979073e-05
-5.6884674048662785e-05
-5.6453793637364746e-05
-5.5916307010497406e-05
-5.5477403775694023e-05
-5.4965706047131513e-05
-5.4501403174957807e-05
-5.4016889648557615e-05
-5.3533998977103985e-05
-5.3057610922952801e-05
-5.2571541527788386e-05
-5.2103440596960384e-05
-5.1606695341899308e-05
-5.1160574976676817e-05
-5.0638137436187192e-05
-5.0207636521626438e-05
-4.9685103089316146e-05
-4.9241508856816504e-05
-4.8745869506005427e-05
-4.8269183615422923e-05
-4.7809521307121164e-05
-4.7299546465362479e-05
-4.6865933587437432e-05
-4.6337955239570211e-05
-4.5893262726734129e-05
-4.5400637307200881e-05
-4.4925366167186274e-05
-4.4457952509234821e-05
-4.3957072471303352e-05
-4.3513388920855653e-05
-4.2987732880871205e-05
-4.2535363921401761e-05
-4.2042776189500811e-05
-4.1555861162146487e-05
-4.1096885929486985e-05
-4.0571558698932836e-05
-4.0112203279479449e-05
-3.9619359583027350e-05
-3.9123786229222736e-05
-3.8658913872118762e-05
-3.8127327441126164e-05
0.0000000000000000e+00
];
