%Vec Object:dSdr_b_aug_2170 1 MPI processes
%  type: seq
dSdr_b_aug_2170 = [
2.4042473541825270e+03
0.0000000000000000e+00
-1.5219098868037742e-06
-6.2487580259213176e-07
-3.8441097643384560e-07
-2.7140859521567889e-07
-2.0371247318764584e-07
-1.6189323051104970e-07
-1.3354852107164867e-07
-1.1212692765951371e-07
-9.6222826665900052e-08
-8.4034312682364412e-08
-7.4098431796599184e-08
-6.6048239626233193e-08
-5.9449052652953302e-08
-5.3883261542064876e-08
-4.9126197498228941e-08
-4.5067601165796964e-08
-4.1558462940068885e-08
-3.8461173386675763e-08
-3.5747674496310067e-08
-3.3355477644806888e-08
-4.0020077283366540e-08
-3.9780845952620239e-05
-5.9657511201662635e-04
-5.8329515692697766e-04
-5.4278840938431301e-04
-5.0111024921540919e-04
-4.5835108720264578e-04
-4.1270304774124997e-04
-3.7254246297402599e-04
-3.3397070916697032e-04
-2.9757817325761296e-04
-2.5921280820912212e-04
-2.2801461237712510e-04
-2.0086765599222828e-04
-1.7712468630647619e-04
-1.5470025439041563e-04
-1.3771513666917761e-04
-1.2483022841355457e-04
-1.1464841167386483e-04
-1.0643239820329835e-04
-1.0130163637550832e-04
-9.8158411513426367e-05
-9.6424112598595321e-05
-9.5984484287754885e-05
-9.6448606715557821e-05
-9.7445652758376824e-05
-9.8902211538118534e-05
-1.0087244671441193e-04
-1.0260497124089143e-04
-1.0442376292705847e-04
-1.0627137217657836e-04
-1.0804396715555436e-04
-1.0952448359552748e-04
-1.1084210738417632e-04
-1.1209735398597632e-04
-1.1310206538061966e-04
-1.1391762143107408e-04
-1.1456190180280419e-04
-1.1513117693700463e-04
-1.1548886076879489e-04
-1.1568043106153201e-04
-1.1581339851882819e-04
-1.1584851785814922e-04
-1.1574644110803580e-04
-1.1557735875020119e-04
-1.1534709474383689e-04
-1.1502945734303814e-04
-1.1465180890849255e-04
-1.1425090080756077e-04
-1.1380280781973131e-04
-1.1332060610961033e-04
-1.1276585499446766e-04
-1.1222842224218718e-04
-1.1166403333401370e-04
-1.1104385869124630e-04
-1.1045492358603509e-04
-1.0985568692432750e-04
-1.0917188229408362e-04
-1.0854427399799797e-04
-1.0791305929605920e-04
-1.0721687454421870e-04
-1.0657800192676437e-04
-1.0594261738153096e-04
-1.0520315642451431e-04
-1.0456525258294456e-04
-1.0390720213552294e-04
-1.0319077091560741e-04
-1.0255516048109790e-04
-1.0188099441118605e-04
-1.0116992467962400e-04
-1.0053158690690359e-04
-9.9835626799586960e-05
-9.9164683312325086e-05
-9.8537608395213341e-05
-9.7813075086821980e-05
-9.7173417242371038e-05
-9.6534719160951989e-05
-9.5798534867861014e-05
-9.5204157024100731e-05
-9.4534398904021617e-05
-9.3850729688098618e-05
-9.3256676123515902e-05
-9.2530967054494490e-05
-9.1917958497430129e-05
-9.1298737524405621e-05
-9.0598189889922704e-05
-9.0014976656555714e-05
-8.9338656709022453e-05
-8.8697870478337003e-05
-8.8108851410266498e-05
-8.7415607579924254e-05
-8.6838582077558704e-05
-8.6183969575843588e-05
-8.5566621988908146e-05
-8.4955140441680111e-05
-8.4305905519410648e-05
-8.3734221832788068e-05
-8.3061959351460736e-05
-8.2497857357754012e-05
-8.1868120540992196e-05
-8.1245190893253379e-05
-8.0690281230758436e-05
-8.0008468261913332e-05
-7.9479646723596052e-05
-7.8825517609518620e-05
-7.8260489490003041e-05
-7.7657652977781904e-05
-7.7055779193381204e-05
-7.6478061824865033e-05
-7.5866835124549126e-05
-7.5320561788866773e-05
-7.4675498917880370e-05
-7.4157697163600682e-05
-7.3514162443568404e-05
-7.2974789915839237e-05
-7.2373466298954330e-05
-7.1802081885657490e-05
-7.1231487658734354e-05
-7.0652027791364696e-05
-7.0090988900507558e-05
-6.9506396759602720e-05
-6.8957376677263596e-05
-6.8352665933949476e-05
-6.7837909431478076e-05
-6.7210705716310858e-05
-6.6711485529167143e-05
-6.6090360640353070e-05
-6.5586376841283539e-05
-6.4970799046277871e-05
-6.4468070200066931e-05
-6.3845253132955213e-05
-6.3359991495490610e-05
-6.2730316790804219e-05
-6.2246721993295960e-05
-6.1629769668763540e-05
-6.1136390080743835e-05
-6.0528094156442179e-05
-6.0028759012934625e-05
-5.9421770440229977e-05
-5.8930398585667720e-05
-5.8323028884564557e-05
-5.7822551857957623e-05
-5.7241198353020298e-05
-5.6714135348322332e-05
-5.6160962234791152e-05
-5.5613041343883704e-05
-5.5069371031534432e-05
-5.4515776562797162e-05
-5.3982096787513848e-05
-5.3415157317894357e-05
-5.2905623770772165e-05
-5.2309420015563884e-05
-5.1816816834557343e-05
-5.1220355607489182e-05
-5.0712444418593037e-05
-5.0145060420632339e-05
-4.9600161595277184e-05
-4.9071531204968859e-05
-4.8489238452981139e-05
-4.7989971564182544e-05
-4.7384918700137461e-05
-4.6874726325360993e-05
-4.6306924427156663e-05
-4.5761914078591096e-05
-4.5223270245299911e-05
-4.4647154168144242e-05
-4.4135592660254908e-05
-4.3530063342526311e-05
-4.3008313883885306e-05
-4.2440432176236360e-05
-4.1878234688451325e-05
-4.1348373073415474e-05
-4.0741148830453931e-05
-4.0210425847920271e-05
-3.9640395250244175e-05
-3.9066349521026273e-05
-3.8529953066858123e-05
-3.7916562531332897e-05
0.0000000000000000e+00
];
