%Vec Object:dSdr_b_aug_7280 1 MPI processes
%  type: seq
dSdr_b_aug_7280 = [
2.2997716049082665e+03
0.0000000000000000e+00
-7.4692492576637158e-07
-3.0911210282765902e-07
-1.9251947184534298e-07
-1.3693482141412760e-07
-1.0278611900923414e-07
-8.1668720916744214e-08
-6.7354386024851437e-08
-5.6589471209062706e-08
-4.8594462971302071e-08
-4.2464811383020754e-08
-3.7473383378975710e-08
-3.3429297017816590e-08
-3.0113406990557582e-08
-2.7316866095015043e-08
-2.4926813125762928e-08
-2.2932755218340886e-08
-7.6949165791657659e-06
-7.6671405953599044e-04
-7.4751198718403034e-04
-7.0855015416891717e-04
-6.7024767845173415e-04
-6.3209016236458920e-04
-5.8973348705442961e-04
-5.4884182197091527e-04
-5.0963295664866143e-04
-4.7003063174789377e-04
-4.2939216411791458e-04
-3.8595177672364731e-04
-3.4772307024263791e-04
-3.1097671628384997e-04
-2.7628400298512090e-04
-2.3969215740789223e-04
-2.0992739179204184e-04
-1.8401959924980242e-04
-1.6135721781754080e-04
-1.3995510195263675e-04
-1.2374499784864818e-04
-1.1145125398501149e-04
-1.0174877752664142e-04
-9.3930536174134351e-05
-8.9063261506303629e-05
-8.6101392602175739e-05
-8.4490863499446940e-05
-8.4126212521198069e-05
-8.4627373502451110e-05
-8.5640592845359203e-05
-8.7095789134585184e-05
-8.9056372002465557e-05
-9.0781950884216971e-05
-9.2589896982758418e-05
-9.4431806937269545e-05
-9.6206155588630840e-05
-9.7694019282526669e-05
-9.9027939906856609e-05
-1.0031097683180341e-04
-1.0134759739377177e-04
-1.0220034442092295e-04
-1.0289172624841854e-04
-1.0351622791646146e-04
-1.0393009824775863e-04
-1.0418416034503595e-04
-1.0439219636390123e-04
-1.0449607700137798e-04
-1.0446700921542911e-04
-1.0437889311081434e-04
-1.0423212137696536e-04
-1.0399546665618527e-04
-1.0370339588638154e-04
-1.0339368179938265e-04
-1.0302983729977177e-04
-1.0263225545070723e-04
-1.0217780140419241e-04
-1.0172682696640540e-04
-1.0124837389498121e-04
-1.0073006599802674e-04
-1.0022714710305099e-04
-9.9713602239574723e-05
-9.9134169507951420e-05
-9.8592826254948081e-05
-9.8048824891608437e-05
-9.7454061851511996e-05
-9.6900978509024334e-05
-9.6352002670201085e-05
-9.5714899667612488e-05
-9.5162440079749682e-05
-9.4591902245287640e-05
-9.3973592951755462e-05
-9.3422009359549500e-05
-9.2836733116959436e-05
-9.2221463708976216e-05
-9.1666430239152450e-05
-9.1061847012950637e-05
-9.0480798270475100e-05
-8.9935598040878956e-05
-8.9305411422932750e-05
-8.8752054874622959e-05
-8.8195446150042303e-05
-8.7555376952412194e-05
-8.7041917199811051e-05
-8.6457293449134420e-05
-8.5864117973142773e-05
-8.5349883475090352e-05
-8.4716440778490401e-05
-8.4186047654701186e-05
-8.3648477986442428e-05
-8.3038506446634291e-05
-8.2533624307579541e-05
-8.1946279821288690e-05
-8.1389247323214795e-05
-8.0878957329569588e-05
-8.0277508277652637e-05
-7.9776305459286584e-05
-7.9209575620727292e-05
-7.8673592007300994e-05
-7.8142833858473452e-05
-7.7580906748448718e-05
-7.7085194863970647e-05
-7.6501894362558179e-05
-7.6015354758759095e-05
-7.5468187940127860e-05
-7.4928937298188335e-05
-7.4451355955944457e-05
-7.3857934050861106e-05
-7.3403289498657362e-05
-7.2837230642927114e-05
-7.2347442196212756e-05
-7.1829569665748390e-05
-7.1307874929670773e-05
-7.0809448594815109e-05
-7.0282937506063221e-05
-6.9811204682200550e-05
-6.9255224092041026e-05
-6.8809933502646722e-05
-6.8254735562399212e-05
-6.7790858054571487e-05
-6.7273321770040684e-05
-6.6781167740844025e-05
-6.6291150024279654e-05
-6.5793314736826741e-05
-6.5310408847508498e-05
-6.4810221618759244e-05
-6.4337828100440925e-05
-6.3818968320343984e-05
-6.3379882937219828e-05
-6.2839399016048988e-05
-6.2415125454725809e-05
-6.1881647830610770e-05
-6.1450699087826652e-05
-6.0925846912812988e-05
-6.0495511373303243e-05
-5.9963848169389908e-05
-5.9550682835859183e-05
-5.9012744586576657e-05
-5.8601772004861233e-05
-5.8075650712572552e-05
-5.7655752414797577e-05
-5.7138255688218225e-05
-5.6714143623186673e-05
-5.6197100704273727e-05
-5.5782614070182157e-05
-5.5264066440643126e-05
-5.4841850319726698e-05
-5.4349030000377017e-05
-5.3901735764277586e-05
-5.3435829685313135e-05
-5.2970562879682578e-05
-5.2512409022779867e-05
-5.2044639640883667e-05
-5.1594311290013563e-05
-5.1116589434586077e-05
-5.0687654764428106e-05
-5.0185208700660881e-05
-4.9771538248980354e-05
-4.9269040126886208e-05
-4.8842876608095870e-05
-4.8366680973209419e-05
-4.7908481710139133e-05
-4.7467510723771805e-05
-4.6977135091576124e-05
-4.6561315507081294e-05
-4.6054225591623015e-05
-4.5627284767626453e-05
-4.5155033605220634e-05
-4.4698663321338508e-05
-4.4250554773235927e-05
-4.3770065720915624e-05
-4.3344779373453562e-05
-4.2840771836056504e-05
-4.2407208363161302e-05
-4.1935029647078504e-05
-4.1468521901408731e-05
-4.1028764771011074e-05
-4.0525643405595704e-05
-4.0085647194314328e-05
-3.9613754370478968e-05
-3.9139516772677641e-05
-3.8694221511191713e-05
-3.8185829683467113e-05
0.0000000000000000e+00
];
