%Vec Object:dSdr_b_aug_6110 1 MPI processes
%  type: seq
dSdr_b_aug_6110 = [
2.3175757360007301e+03
0.0000000000000000e+00
-8.3807737299667396e-07
-3.4625434465096097e-07
-2.1515126643848119e-07
-1.5278108932048130e-07
-1.1461260855087327e-07
-9.1013967819897806e-08
-7.5018476472211177e-08
-6.2982805223825726e-08
-5.4044928721300947e-08
-4.7192975780583735e-08
-4.1613477430229792e-08
-3.7093277174688183e-08
-3.3387260186678408e-08
-3.0262029030845223e-08
-2.7591394718365326e-08
-2.5312666711172855e-08
-2.4744730702302731e-08
-7.5906749131586558e-05
-7.5005243849431114e-04
-7.1516126863222971e-04
-6.7656434448556415e-04
-6.3807983248433890e-04
-5.9536297742912093e-04
-5.5413342703684290e-04
-5.1460775374092323e-04
-4.7468965915098117e-04
-4.3373306144796965e-04
-3.8996173511746313e-04
-3.5144344282191748e-04
-3.1442346520306361e-04
-2.7947595212950979e-04
-2.4261825977961535e-04
-2.1263862604698727e-04
-1.8654508550086050e-04
-1.6372072620463837e-04
-1.4216536734764192e-04
-1.2583909036505329e-04
-1.1345673223570873e-04
-1.0368240367338006e-04
-9.5804536970976750e-05
-9.0897766007433245e-05
-8.7908712121849335e-05
-8.6279630098010245e-05
-8.5903740105574381e-05
-8.6399349028478154e-05
-8.7410144124246654e-05
-8.8865544744322036e-05
-9.0827574566318883e-05
-9.2554194671198929e-05
-9.4363766580898929e-05
-9.6206530923431799e-05
-9.7980616773881785e-05
-9.9467379195176183e-05
-1.0079885701941727e-04
-1.0207772829153089e-04
-1.0310956579055529e-04
-1.0395673801937426e-04
-1.0464105948590538e-04
-1.0525728285867019e-04
-1.0566273099506010e-04
-1.0590742574333304e-04
-1.0610420918244342e-04
-1.0619778268338479e-04
-1.0615777104298900e-04
-1.0605751830183176e-04
-1.0589823128513077e-04
-1.0564943746251836e-04
-1.0534453881125595e-04
-1.0502115496302720e-04
-1.0464468182033753e-04
-1.0423441565915715e-04
-1.0376492731990590e-04
-1.0330099298790375e-04
-1.0280965833964927e-04
-1.0227608085613141e-04
-1.0176026833495319e-04
-1.0123387847319328e-04
-1.0063880063580885e-04
-1.0008452644750859e-04
-9.9527452000814243e-05
-9.8917486072568726e-05
-9.8351543110251875e-05
-9.7789614799918245e-05
-9.7137168567649709e-05
-9.6571901077197525e-05
-9.5988245297319352e-05
-9.5355227744947627e-05
-9.4791048716445545e-05
-9.4192448086386838e-05
-9.3562818422279298e-05
-9.2995297822732066e-05
-9.2377017404547841e-05
-9.1782493639007556e-05
-9.1225020575489143e-05
-9.0580691597101274e-05
-9.0014398675531413e-05
-8.9445484938151899e-05
-8.8791008299601983e-05
-8.8265419104206549e-05
-8.7668033895586074e-05
-8.7061293599533153e-05
-8.6535094391885229e-05
-8.5887821161183077e-05
-8.5345044158229242e-05
-8.4795235131463728e-05
-8.4171686426206339e-05
-8.3655062620822479e-05
-8.3054380900366825e-05
-8.2484793893860501e-05
-8.1962702577129557e-05
-8.1347493681049890e-05
-8.0834925200949144e-05
-8.0255021935594302e-05
-7.9706842032751927e-05
-7.9163983615167927e-05
-7.8588969246758890e-05
-7.8081869347229932e-05
-7.7485233630848846e-05
-7.6987067585956810e-05
-7.6427523696267469e-05
-7.5875729745216919e-05
-7.5386557047787332e-05
-7.4779885505694849e-05
-7.4314121976042934e-05
-7.3734861570877815e-05
-7.3233794851654786e-05
-7.2703186395449055e-05
-7.2169472984493456e-05
-7.1659161085965516e-05
-7.1119951300636594e-05
-7.0637045005437197e-05
-7.0067711163588297e-05
-6.9611551296885104e-05
-6.9043111853129958e-05
-6.8567917793680230e-05
-6.8037821957174971e-05
-6.7533791452275549e-05
-6.7031695478086406e-05
-6.6521624829053456e-05
-6.6027006957671022e-05
-6.5514167600332860e-05
-6.5030287910445463e-05
-6.4498559240376235e-05
-6.4048130903447703e-05
-6.3494647854770751e-05
-6.3059139938066865e-05
-6.2512524158814999e-05
-6.2070627598861844e-05
-6.1532175827886762e-05
-6.1090988665929032e-05
-6.0545661670878641e-05
-6.0121689232541926e-05
-5.9569999859973508e-05
-5.9148141337462964e-05
-5.8608404639670382e-05
-5.8177491624149114e-05
-5.7646384260232232e-05
-5.7210996383043736e-05
-5.6680470766622339e-05
-5.6254459164042285e-05
-5.5722597254048328e-05
-5.5288649946408159e-05
-5.4782558643601747e-05
-5.4323307187890686e-05
-5.3844319910975973e-05
-5.3366663373872005e-05
-5.2895690717188904e-05
-5.2415056266293605e-05
-5.1952233636668131e-05
-5.1461138165354612e-05
-5.1020121801701181e-05
-5.0503621555463498e-05
-5.0078119141692006e-05
-4.9561536021889718e-05
-4.9123118559544517e-05
-4.8633253823039450e-05
-4.8162058299953912e-05
-4.7707947151716231e-05
-4.7203793104856558e-05
-4.6775464680685496e-05
-4.6253690016034679e-05
-4.5814269601252244e-05
-4.5327695160008931e-05
-4.4858037411533957e-05
-4.4396357205575455e-05
-4.3901533116110758e-05
-4.3463313379283136e-05
-4.2944086762186507e-05
-4.2497302877101508e-05
-4.2010776457433850e-05
-4.1529922233026547e-05
-4.1076654636852340e-05
-4.0557922398981318e-05
-4.0104316571830179e-05
-3.9617695247410041e-05
-3.9128458752529734e-05
-3.8669401582806117e-05
-3.8144709116609093e-05
0.0000000000000000e+00
];
