%Vec Object:dSdr_b_aug_4910 1 MPI processes
%  type: seq
dSdr_b_aug_4910 = [
2.3357893139779144e+03
0.0000000000000000e+00
-9.4469473779871014e-07
-3.8899879357524566e-07
-2.4070202935471536e-07
-1.7033124492390521e-07
-1.2748209336120796e-07
-1.0099700937775768e-07
-8.3047250049458395e-08
-6.9541249498824086e-08
-5.9513597561526179e-08
-5.1827048792109644e-08
-4.5571343338933549e-08
-4.0504655236021559e-08
-3.6351079954429632e-08
-3.2849805678618518e-08
-2.9859245172898560e-08
-2.7307828895333966e-08
-2.5102402764802487e-08
-4.5809790904036707e-08
-2.3661236262047600e-04
-7.2066584350090064e-04
-6.8439316837001806e-04
-6.4553624356529895e-04
-6.0237160868418333e-04
-5.6072141092852398e-04
-5.2080131601886656e-04
-4.8049009196723448e-04
-4.3913742612583431e-04
-3.9495408476517344e-04
-3.5607526158325302e-04
-3.1871462576576342e-04
-2.8344989000308378e-04
-2.4626122157200576e-04
-2.1601407958019811e-04
-1.8968928496798545e-04
-1.6666326514541580e-04
-1.4491712056689874e-04
-1.2844620971975005e-04
-1.1595352787778687e-04
-1.0608974435520716e-04
-9.8137645069179793e-05
-9.3181701942009632e-05
-9.0158803314673881e-05
-8.8506623341686206e-05
-8.8116741108733919e-05
-8.8605437965971903e-05
-8.9613214743998785e-05
-9.1068869599272910e-05
-9.3032700718484213e-05
-9.4760617000863128e-05
-9.6572212903114731e-05
-9.8416040833833779e-05
-1.0018979939347404e-04
-1.0167519067329187e-04
-1.0300362725789052e-04
-1.0427731235812788e-04
-1.0530319501571783e-04
-1.0614342670085742e-04
-1.0681895811491791e-04
-1.0742487512083041e-04
-1.0781983773614927e-04
-1.0805287025697014e-04
-1.0823564437833347e-04
-1.0831638562650742e-04
-1.0826274902652264e-04
-1.0814738632587405e-04
-1.0797251793918494e-04
-1.0770861108701372e-04
-1.0738774188342713e-04
-1.0704733935235125e-04
-1.0665514370615783e-04
-1.0622908573392030e-04
-1.0574087988552711e-04
-1.0526081064558245e-04
-1.0475343859336919e-04
-1.0420085066206330e-04
-1.0366898573523177e-04
-1.0312660400882743e-04
-1.0251204820619669e-04
-1.0194167516237965e-04
-1.0136832488738648e-04
-1.0073943154911769e-04
-1.0015747851778137e-04
-9.9579424539080651e-05
-9.8907876172862338e-05
-9.8326663000402416e-05
-9.7726675538770775e-05
-9.7075346383273940e-05
-9.6495486190458434e-05
-9.5880296860454279e-05
-9.5232788852179988e-05
-9.4649721928443480e-05
-9.4014388672869657e-05
-9.3403088667540148e-05
-9.2830336075313795e-05
-9.2168400029872660e-05
-9.1586001480899632e-05
-9.1001768152275598e-05
-9.0329354424430216e-05
-8.9788664220262222e-05
-8.9175391148426812e-05
-8.8551762809841537e-05
-8.8010667678079348e-05
-8.7346175593819175e-05
-8.6787980805444072e-05
-8.6222933919648202e-05
-8.5582481801508298e-05
-8.5051239757749281e-05
-8.4433953335816291e-05
-8.3848736111937844e-05
-8.3311952284544625e-05
-8.2679612542213254e-05
-8.2152893944383140e-05
-8.1556589915182014e-05
-8.0993225772762263e-05
-8.0435302660036449e-05
-7.9843994805997386e-05
-7.9322716958425934e-05
-7.8709479053068205e-05
-7.8196838222241476e-05
-7.7621885021004339e-05
-7.7054474793844307e-05
-7.6550870991476877e-05
-7.5927703802974891e-05
-7.5448097272646765e-05
-7.4852401089129080e-05
-7.4337293048247157e-05
-7.3790828509235281e-05
-7.3242151983951941e-05
-7.2717042692724127e-05
-7.2162023173596971e-05
-7.1665206031606000e-05
-7.1079247541955577e-05
-7.0609555545791906e-05
-7.0024630578679610e-05
-6.9535347537815587e-05
-6.8989615198764313e-05
-6.8470798612743007e-05
-6.7953665340910436e-05
-6.7428361801172401e-05
-6.6919162639853856e-05
-6.6390571520804525e-05
-6.5892391671260690e-05
-6.5344641372873990e-05
-6.4880091179530400e-05
-6.4310424356891721e-05
-6.3860929786107998e-05
-6.3297957143594187e-05
-6.2842430664497166e-05
-6.2287047540170851e-05
-6.1832350218423923e-05
-6.1270011945635251e-05
-6.0832584769273629e-05
-6.0263775388968706e-05
-5.9828363975947977e-05
-5.9271676234587297e-05
-5.8827049999621540e-05
-5.8278997525074214e-05
-5.7829571365315126e-05
-5.7282259917713910e-05
-5.6841899831548188e-05
-5.6293461762628281e-05
-5.5844909226739034e-05
-5.5322295663459159e-05
-5.4848157564447208e-05
-5.4352884300627906e-05
-5.3859802639799561e-05
-5.3372870669733301e-05
-5.2876219295284927e-05
-5.2397841365584950e-05
-5.1890095822711785e-05
-5.1434037808150466e-05
-5.0900040175733539e-05
-5.0459807004522512e-05
-4.9925688111409162e-05
-4.9472014503652101e-05
-4.8965131749621286e-05
-4.8477755869841588e-05
-4.8007285186424914e-05
-4.7485976958639018e-05
-4.7042074928298864e-05
-4.6502017633037964e-05
-4.6047059936420229e-05
-4.5542652780059816e-05
-4.5056451814754186e-05
-4.4577874474083969e-05
-4.4065202717354783e-05
-4.3610880174487532e-05
-4.3072704845323319e-05
-4.2609460229264825e-05
-4.2105069111600873e-05
-4.1606350956738851e-05
-4.1136259050382349e-05
-4.0598085437671023e-05
-4.0127525944132142e-05
-3.9622549851277730e-05
-3.9114601542023257e-05
-3.8638302698443762e-05
-3.8092738049158044e-05
0.0000000000000000e+00
];
