%Vec Object:dSdr_b_aug_5240 1 MPI processes
%  type: seq
dSdr_b_aug_5240 = [
2.3271963732363856e+03
0.0000000000000000e+00
-8.9329041516913940e-07
-3.6865103589321854e-07
-2.2871674174165785e-07
-1.6223075192758434e-07
-1.2164135286192480e-07
-9.6548867862706690e-08
-7.9541373333111430e-08
-6.6740929986671751e-08
-5.7235760000980877e-08
-4.9949269454252046e-08
-4.4016291797355092e-08
-3.9210013560896111e-08
-3.5269618193728877e-08
-3.1947029969859429e-08
-2.9108040862180511e-08
-2.6685756128546818e-08
-2.4607381832643514e-08
-1.4022585298080520e-06
-6.4188026385166366e-04
-7.2029680108852293e-04
-6.8221950705819824e-04
-6.4345196240276302e-04
-6.0041224187455341e-04
-5.5887963612879978e-04
-5.1906980780070115e-04
-4.7886848929436113e-04
-4.3762655056028615e-04
-3.9355839451295509e-04
-3.5478036343845117e-04
-3.1751496400433303e-04
-2.8233891285803215e-04
-2.4524277402137597e-04
-2.1507041819131013e-04
-1.8881027430824371e-04
-1.6584063187309375e-04
-1.4414782445851761e-04
-1.2771734829428573e-04
-1.1525550919007324e-04
-1.0541673421571028e-04
-9.7485387821940001e-05
-9.2543191550524342e-05
-8.9529754755895684e-05
-8.7884032179815725e-05
-8.7498061698999217e-05
-8.7988690933563901e-05
-8.8997311489828358e-05
-9.0452895231837250e-05
-9.2416222735299555e-05
-9.4143776618640324e-05
-9.5954806652110122e-05
-9.7798337252495287e-05
-9.9572187403785634e-05
-1.0105796207242973e-04
-1.0238724888405562e-04
-1.0366238386102284e-04
-1.0468993128899332e-04
-1.0553210331315155e-04
-1.0621009212560689e-04
-1.0681889043955062e-04
-1.0721678444827307e-04
-1.0745307732935382e-04
-1.0763976797713881e-04
-1.0772409668460555e-04
-1.0767426915761776e-04
-1.0756313068514749e-04
-1.0739261831688271e-04
-1.0713293655116536e-04
-1.0681653216805430e-04
-1.0648088747887565e-04
-1.0609308730718962e-04
-1.0567144418543358e-04
-1.0518847111269112e-04
-1.0471291264137909e-04
-1.0421002409902642e-04
-1.0366275083896228e-04
-1.0313537361595635e-04
-1.0259746266814145e-04
-1.0198835223863483e-04
-1.0142247988442302e-04
-1.0085367977453239e-04
-1.0023007789296508e-04
-9.9652600729548937e-05
-9.9079054936365357e-05
-9.8412846873669192e-05
-9.7836091568694375e-05
-9.7240669886884473e-05
-9.6594460029517007e-05
-9.6018983754085301e-05
-9.5408432057382539e-05
-9.4765922222858726e-05
-9.4187201519793621e-05
-9.3556635654478500e-05
-9.2950025712190687e-05
-9.2381544753750378e-05
-9.1724531042212365e-05
-9.1146635075983743e-05
-9.0566684581261714e-05
-8.9899285450246883e-05
-8.9362816971789091e-05
-8.8753985603262316e-05
-8.8135078583886898e-05
-8.7598147843167542e-05
-8.6938469561583979e-05
-8.6384585058806149e-05
-8.5823798157362436e-05
-8.5188071655463177e-05
-8.4660916371297236e-05
-8.4048272056119825e-05
-8.3467424506571231e-05
-8.2934748202769274e-05
-8.2307197659272328e-05
-8.1784434950514924e-05
-8.1192716014082136e-05
-8.0633596865853168e-05
-8.0079885326770015e-05
-7.9493132574168663e-05
-7.8975818396077722e-05
-7.8367221895065409e-05
-7.7858627719454973e-05
-7.7287982434828795e-05
-7.6724937984494484e-05
-7.6225368625621465e-05
-7.5606813055812869e-05
-7.5131076555128050e-05
-7.4539975253251175e-05
-7.4028792685779555e-05
-7.3486760965360570e-05
-7.2942267615202412e-05
-7.2421295169002484e-05
-7.1870695510867013e-05
-7.1377767365995174e-05
-7.0796456559417623e-05
-7.0330547683963623e-05
-6.9750231505492539e-05
-6.9264887262101416e-05
-6.8723526354513278e-05
-6.8208843451198379e-05
-6.7695914093631918e-05
-6.7174869149290263e-05
-6.6669746418083627e-05
-6.6145558953022902e-05
-6.5651376939180497e-05
-6.5108105740267942e-05
-6.4647503535137949e-05
-6.4082361142363953e-05
-6.3636776761854922e-05
-6.3078376939059157e-05
-6.2626660919348824e-05
-6.2076011222542542e-05
-6.1625090879568228e-05
-6.1067508378428672e-05
-6.0633842686831096e-05
-6.0069819475375596e-05
-5.9638196987211537e-05
-5.9086248178117024e-05
-5.8645455690510816e-05
-5.8102140489601263e-05
-5.7656638953763317e-05
-5.7114020250739876e-05
-5.6677671510113716e-05
-5.6133867568609624e-05
-5.5689398155322177e-05
-5.5171403651327198e-05
-5.4701427348989356e-05
-5.4210707090500509e-05
-5.3721937767110685e-05
-5.3239467475687456e-05
-5.2747293885749688e-05
-5.2273264686469295e-05
-5.1770173934733730e-05
-5.1318321051951306e-05
-5.0789215090994621e-05
-5.0353100136529240e-05
-4.9823883646781927e-05
-4.9374475136480946e-05
-4.8872350039244940e-05
-4.8389497635086947e-05
-4.7923600519656444e-05
-4.7407088015877581e-05
-4.6967539835153629e-05
-4.6432593740484640e-05
-4.5981979739240446e-05
-4.5482558003484987e-05
-4.5000981959870427e-05
-4.4527128485177463e-05
-4.4019446332103966e-05
-4.3569625591037844e-05
-4.3036747684148135e-05
-4.2578104939287618e-05
-4.2078708199134589e-05
-4.1584984215073482e-05
-4.1119595849964953e-05
-4.0586857442769138e-05
-4.0121037718397488e-05
-3.9621193185297517e-05
-3.9118476485208108e-05
-3.8646999056824447e-05
-3.8107276329903837e-05
0.0000000000000000e+00
];
