%Vec Object:dSdr_b_aug_1640 1 MPI processes
%  type: seq
dSdr_b_aug_1640 = [
2.4264875014955460e+03
0.0000000000000000e+00
-1.7872381020651990e-06
-7.3212672292430363e-07
-4.4884471156790793e-07
-3.1621616415926979e-07
-2.3726199642465349e-07
-1.8850119804489773e-07
-1.5545275478338852e-07
-1.3044930029729118e-07
-1.1188779171439165e-07
-9.7664093767724697e-08
-8.6067584918151077e-08
-7.6672286009793082e-08
-6.8970924301105156e-08
-6.2475911259168250e-08
-5.6924997499485407e-08
-5.2189362540146175e-08
-4.8095087258289038e-08
-4.4481760176647607e-08
-4.1316319311465685e-08
-3.8524686498644652e-08
-3.6015296523342202e-08
-3.7464259896140196e-08
-1.1143297087130053e-05
-4.9220250619344660e-04
-5.4674774043082569e-04
-5.0768555851436986e-04
-4.6462122528226991e-04
-4.1850459522770869e-04
-3.7792582537357416e-04
-3.3895822064229072e-04
-3.0219699572768104e-04
-2.6344694667462110e-04
-2.3193783242520105e-04
-2.0452209475201784e-04
-1.8054473962132690e-04
-1.5789856181792160e-04
-1.4074533942383134e-04
-1.2773220436900737e-04
-1.1744641608322675e-04
-1.0914412367022551e-04
-1.0395621000634592e-04
-1.0077364799273748e-04
-9.9012502660993050e-05
-9.8556611275362626e-05
-9.9012699750463621e-05
-1.0000623762685675e-04
-1.0146309184817405e-04
-1.0343542057305151e-04
-1.0516945156594777e-04
-1.0699059564097252e-04
-1.0883944102485731e-04
-1.1061165555404038e-04
-1.1209057827160823e-04
-1.1340466712936911e-04
-1.1465388580364224e-04
-1.1565167587526585e-04
-1.1645916495310206e-04
-1.1709322871857519e-04
-1.1765052487491048e-04
-1.1799602150996278e-04
-1.1817403695352186e-04
-1.1829072159592876e-04
-1.1831092620202749e-04
-1.1819301337873558e-04
-1.1800636896954324e-04
-1.1775799500563900e-04
-1.1742279199304865e-04
-1.1702658127048434e-04
-1.1660589266549999e-04
-1.1613952569704675e-04
-1.1563896945443862e-04
-1.1506246333553177e-04
-1.1450627728145914e-04
-1.1392324840045496e-04
-1.1328097828426848e-04
-1.1267338577387115e-04
-1.1205556207420250e-04
-1.1134911859076723e-04
-1.1070279885667745e-04
-1.1005266702686321e-04
-1.0933448327629143e-04
-1.0867700242369050e-04
-1.0802287528785793e-04
-1.0726121226383878e-04
-1.0660477503147934e-04
-1.0592774255727682e-04
-1.0519002809616336e-04
-1.0453619176275249e-04
-1.0384274498645066e-04
-1.0311089562460553e-04
-1.0245448867721708e-04
-1.0173870840938161e-04
-1.0104826624543200e-04
-1.0040343224630870e-04
-9.9658434610753311e-05
-9.9000057529356720e-05
-9.8343553804091592e-05
-9.7586521608213392e-05
-9.6974592175107504e-05
-9.6286367943485826e-05
-9.5583070150579813e-05
-9.4971703404256116e-05
-9.4225981265279061e-05
-9.3595052979861195e-05
-9.2958121403601338e-05
-9.2237927330598708e-05
-9.1637723666406086e-05
-9.0942104467157660e-05
-9.0283151606588492e-05
-8.9677055784775564e-05
-8.8963901178662125e-05
-8.8370429335389366e-05
-8.7696754617863621e-05
-8.7061758754981410e-05
-8.6432767876529413e-05
-8.5764595428238115e-05
-8.5176433058542516e-05
-8.4484874254370706e-05
-8.3903948571471872e-05
-8.3256301888751387e-05
-8.2615221825791359e-05
-8.2043539246925623e-05
-8.1342553793322596e-05
-8.0797642881570182e-05
-8.0124410868596504e-05
-7.9543062874848144e-05
-7.8921797233463448e-05
-7.8302532199082326e-05
-7.7707616196639415e-05
-7.7078014242917687e-05
-7.6515572689365177e-05
-7.5851187412852519e-05
-7.5317657619183661e-05
-7.4654962199244496e-05
-7.4099214420221077e-05
-7.3479716905873308e-05
-7.2891147023396215e-05
-7.2303075346623230e-05
-7.1705910699086949e-05
-7.1127924372123156e-05
-7.0525024385314751e-05
-6.9959383625020665e-05
-6.9336051383656798e-05
-6.8804881448321031e-05
-6.8158867785830912e-05
-6.7643391317122033e-05
-6.7003255312733773e-05
-6.6483429867643035e-05
-6.5848173250893162e-05
-6.5329741963993809e-05
-6.4687153194005630e-05
-6.4186253544557106e-05
-6.3536680777913571e-05
-6.3037333903907846e-05
-6.2400679918109335e-05
-6.1891361926085965e-05
-6.1263371256709294e-05
-6.0747719917968182e-05
-6.0121221752059555e-05
-5.9613173188925501e-05
-5.8986537622011817e-05
-5.8469085510940802e-05
-5.7868528820138513e-05
-5.7324163689500623e-05
-5.6752062048432752e-05
-5.6186213217754881e-05
-5.5623994117439897e-05
-5.5051783934906666e-05
-5.4500025015890425e-05
-5.3913734017676898e-05
-5.3386718416254641e-05
-5.2770178421245190e-05
-5.2260454644014213e-05
-5.1643612694424980e-05
-5.1117970417131301e-05
-5.0530807648830341e-05
-4.9967103758568223e-05
-4.9419460179929782e-05
-4.8817230809474063e-05
-4.8299864548400392e-05
-4.7673563928364383e-05
-4.7145314926345036e-05
-4.6556788843692536e-05
-4.5992553517015903e-05
-4.5434273938032752e-05
-4.4837418111491187e-05
-4.4307145862552093e-05
-4.3679599509495229e-05
-4.3138726659109417e-05
-4.2550092639918724e-05
-4.1967148051897598e-05
-4.1417754513246505e-05
-4.0787968425525475e-05
-4.0237596644127958e-05
-3.9646334466127157e-05
-3.9050756822374092e-05
-3.8494928446519672e-05
-3.7860507547066739e-05
0.0000000000000000e+00
];
