%Vec Object:dSdr_b_aug_8880 1 MPI processes
%  type: seq
dSdr_b_aug_8880 = [
2.2802950564871176e+03
0.0000000000000000e+00
-6.5863880963289126e-07
-2.7265181982234318e-07
-1.6996403928019671e-07
-1.2090575885949495e-07
-9.0660956063529701e-08
-7.1955660075392758e-08
-5.9277054131855507e-08
-4.9753621488192308e-08
-4.2680806355956300e-08
-3.7257999013949347e-08
-3.2844485334530983e-08
-2.9269124310716062e-08
-2.6337615396003752e-08
-2.3865767770816686e-08
-2.1755415477559427e-08
-7.5280205265635593e-07
-7.2235136017232944e-04
-7.8117754686466030e-04
-7.3948892095927201e-04
-7.0078739067599841e-04
-6.6287496925439022e-04
-6.2509971502470627e-04
-5.8316341109089043e-04
-5.4266608610979608e-04
-5.0382696161409366e-04
-4.6459316576725411e-04
-4.2432598195222513e-04
-3.8127182736451308e-04
-3.4338109121441430e-04
-3.0695407844680164e-04
-2.7255873732551846e-04
-2.3627715667619371e-04
-2.0676315972650437e-04
-1.8107215031153446e-04
-1.5859881065007956e-04
-1.3737554222263500e-04
-1.2130102167184356e-04
-1.0911069817124136e-04
-9.9492079130200021e-05
-9.1743425183824759e-05
-8.6922245674269440e-05
-8.3992103629221135e-05
-8.2403227080440975e-05
-8.2051692743688386e-05
-8.2559333238632184e-05
-8.3575381866812096e-05
-8.5030339680298799e-05
-8.6989233829753808e-05
-8.8713597514692349e-05
-9.0519646154683475e-05
-9.2360558964815043e-05
-9.4135214322923388e-05
-9.5624363288875482e-05
-9.6961134857780849e-05
-9.8249033437565475e-05
-9.9291236222668944e-05
-1.0015048949308194e-04
-1.0085011133708877e-04
-1.0148427445074206e-04
-1.0190797417042176e-04
-1.0217296872833512e-04
-1.0239413742641792e-04
-1.0251004733365457e-04
-1.0249375191943856e-04
-1.0241980026090020e-04
-1.0228763488441654e-04
-1.0206514748706159e-04
-1.0178804790290664e-04
-1.0149428754416552e-04
-1.0114518170284189e-04
-1.0076240348243855e-04
-1.0032549568420943e-04
-9.9889646502028092e-05
-9.9426227283462063e-05
-9.8925740242064090e-05
-9.8437869262628925e-05
-9.7939315561970026e-05
-9.7378141947624568e-05
-9.6851890153025344e-05
-9.6323146146529509e-05
-9.5746126119679317e-05
-9.5208051004696466e-05
-9.4674191758907806e-05
-9.4054995559681695e-05
-9.3517483841143060e-05
-9.2962255721360654e-05
-9.2361112168350663e-05
-9.1824228479986592e-05
-9.1254502886888250e-05
-9.0655993071848568e-05
-9.0115533103286098e-05
-8.9526935619977012e-05
-8.8961613331111055e-05
-8.8430736502091782e-05
-8.7817055175073362e-05
-8.7278796432035041e-05
-8.6736548663445234e-05
-8.6113294127371568e-05
-8.5613990426227585e-05
-8.5044260340482063e-05
-8.4466916118813230e-05
-8.3966645415310893e-05
-8.3349344083049682e-05
-8.2833403958978909e-05
-8.2310118623011387e-05
-8.1715992745604201e-05
-8.1224814091367296e-05
-8.0653035248045898e-05
-8.0110654887999627e-05
-7.9614138003485755e-05
-7.9028747814966976e-05
-7.8540809653306819e-05
-7.7989454281119424e-05
-7.7467704734830817e-05
-7.6951068589178773e-05
-7.6404415379941539e-05
-7.5921994240313499e-05
-7.5354257025300156e-05
-7.4881286429039615e-05
-7.4348564664502155e-05
-7.3823953090058198e-05
-7.3359899807225542e-05
-7.2781941312056683e-05
-7.2340273515809491e-05
-7.1789621947859194e-05
-7.1312996167460056e-05
-7.0809987503841007e-05
-7.0302319544189197e-05
-6.9817764634094674e-05
-6.9306073962700158e-05
-6.8847381493599501e-05
-6.8306985240138856e-05
-6.7874379986189996e-05
-6.7334635963364710e-05
-6.6883965796675588e-05
-6.6381087536346282e-05
-6.5902794325472605e-05
-6.5426872923229516e-05
-6.4943317303255873e-05
-6.4474080254709907e-05
-6.3988659094607421e-05
-6.3529670877726562e-05
-6.3025830144518245e-05
-6.2599982915966109e-05
-6.2074670039513431e-05
-6.1663507889494278e-05
-6.1145363566684162e-05
-6.0727191821643527e-05
-6.0218211487080593e-05
-5.9800540678165051e-05
-5.9284824235680017e-05
-5.8884271676965640e-05
-5.8362382112818669e-05
-5.7964114313905939e-05
-5.7453883312936094e-05
-5.7046840091124801e-05
-5.6545228090938967e-05
-5.6134275820305636e-05
-5.5632968311436173e-05
-5.5231932257441925e-05
-5.4728923481335851e-05
-5.4320398613910565e-05
-5.3843066616686464e-05
-5.3409727432747579e-05
-5.2959088180479255e-05
-5.2508281203467182e-05
-5.2065087932837278e-05
-5.1612333136993841e-05
-5.1176586629426519e-05
-5.0714472875411140e-05
-5.0299638527282224e-05
-4.9813594841181702e-05
-4.9413733253831544e-05
-4.8927673472453662e-05
-4.8515811303856384e-05
-4.8055568623707866e-05
-4.7612537053381541e-05
-4.7186901704024888e-05
-4.6712606600841812e-05
-4.6311385846035485e-05
-4.5821434222781023e-05
-4.5409058088416135e-05
-4.4953523347410752e-05
-4.4512660601069645e-05
-4.4080391262177474e-05
-4.3616632338227899e-05
-4.3206440272144703e-05
-4.2720194590366076e-05
-4.2302060345655003e-05
-4.1846626470455595e-05
-4.1396862091886940e-05
-4.0972872560756701e-05
-4.0487970013813299e-05
-4.0063856750138416e-05
-3.9609152184126561e-05
-3.9152417078657331e-05
-3.8723175939958364e-05
-3.8233768727175690e-05
0.0000000000000000e+00
];
