%Vec Object:dSdr_b_aug_8930 1 MPI processes
%  type: seq
dSdr_b_aug_8930 = [
2.2798450591644723e+03
0.0000000000000000e+00
-6.5689466628638326e-07
-2.7198610844490666e-07
-1.6958779107165963e-07
-1.2066476367831975e-07
-9.0498562036991644e-08
-7.1841585756852108e-08
-5.9195571876537840e-08
-4.9696097980327423e-08
-4.2640957106276073e-08
-3.7231657320542690e-08
-3.2828869249828374e-08
-2.9262104767436514e-08
-2.6337611001754138e-08
-2.3871585049417984e-08
-2.1766527447199793e-08
-9.3158363542680141e-07
-7.3557596862209250e-04
-7.8097181095753494e-04
-7.3925222674951687e-04
-7.0056224523636762e-04
-6.6266117363768175e-04
-6.2489700485207590e-04
-5.8297289093069084e-04
-5.4248700109216718e-04
-5.0365859840487874e-04
-4.6443548922774547e-04
-4.2417907196598580e-04
-3.8113611742578483e-04
-3.4325518179930217e-04
-3.0683742934455721e-04
-2.7245071147502617e-04
-2.3617812794466319e-04
-2.0667140283047041e-04
-1.8098667977229998e-04
-1.5851882196952683e-04
-1.3730073978504654e-04
-1.2123015090322471e-04
-1.0904282639768443e-04
-9.9426639063536864e-05
-9.1680003024769823e-05
-8.6860160189529127e-05
-8.3930938163717750e-05
-8.2342689497297817e-05
-8.1991535516640657e-05
-8.2499363902923458e-05
-8.3515494572466899e-05
-8.4970445467860903e-05
-8.6929290644862704e-05
-8.8653619088871740e-05
-9.0459612703715274e-05
-9.2300496596316674e-05
-9.4075160846358689e-05
-9.5564347081034291e-05
-9.6901201320449040e-05
-9.8189240877790497e-05
-9.9231605535743820e-05
-1.0009104747401611e-04
-1.0079090826224394e-04
-1.0142535153903945e-04
-1.0184933629198347e-04
-1.0211464787032383e-04
-1.0233619739121126e-04
-1.0245245612444483e-04
-1.0243653108488617e-04
-1.0236299016866536e-04
-1.0223124834915647e-04
-1.0200917177764084e-04
-1.0173250632989576e-04
-1.0143920859953454e-04
-1.0109053015180877e-04
-1.0070818120905405e-04
-1.0027178221946836e-04
-9.9836371641577848e-05
-9.9373388376812209e-05
-9.8873418107227077e-05
-9.8385983489424070e-05
-9.7887864504686879e-05
-9.7327220371001136e-05
-9.6801406200744370e-05
-9.6273104629354854e-05
-9.5696599117134010e-05
-9.5158959212987630e-05
-9.4625538320454371e-05
-9.4006861385506767e-05
-9.3469783127565152e-05
-9.2914998961245103e-05
-9.2314353183073686e-05
-9.1777895764789938e-05
-9.1208621111850155e-05
-9.0610597294138210e-05
-9.0070559930235353e-05
-8.9482426004028299e-05
-8.8917559753354605e-05
-8.8387098276556170e-05
-8.7773895572609644e-05
-8.7236074638124989e-05
-8.6694243310814673e-05
-8.6071476369016617e-05
-8.5572583167300474e-05
-8.5003284970683457e-05
-8.4426399826769249e-05
-8.3926534048098966e-05
-8.3309700786234569e-05
-8.2794179773066219e-05
-8.2271308656962482e-05
-8.1677642275156966e-05
-8.1186860997278592e-05
-8.0615533529519582e-05
-8.0073578055065448e-05
-7.9577460565914820e-05
-7.8992536055476855e-05
-7.8504982545007655e-05
-7.7954073004654655e-05
-7.7432736220711334e-05
-7.6916509587764123e-05
-7.6370299294175342e-05
-7.5888263562296759e-05
-7.5320977654613804e-05
-7.4848400535239360e-05
-7.4316097651357633e-05
-7.3791910583618530e-05
-7.3328249590288934e-05
-7.2750739506288568e-05
-7.2309448012779912e-05
-7.1759243228587419e-05
-7.1282999142028444e-05
-7.0780421503981644e-05
-7.0273160295826874e-05
-6.9789007632333288e-05
-6.9277746726618874e-05
-6.8819432404646736e-05
-6.8279488069186061e-05
-6.7847250667498195e-05
-6.7307954780806010e-05
-6.6857667603646749e-05
-6.6355214400051489e-05
-6.5877323128423913e-05
-6.5401810494412002e-05
-6.4918668959615842e-05
-6.4449828283424059e-05
-6.3964835313323772e-05
-6.3506235826716795e-05
-6.3002830619512086e-05
-6.2577367274367041e-05
-6.2052494331685864e-05
-6.1641712389853679e-05
-6.1124012706076161e-05
-6.0706211471966015e-05
-6.0197691393218630e-05
-5.9780387839832956e-05
-5.9265133825894806e-05
-5.8864947016246012e-05
-5.8343522836431112e-05
-5.7945623454840232e-05
-5.7435853245281397e-05
-5.7029182799251768e-05
-5.6528031429349484e-05
-5.6117460771046126e-05
-5.5616609562858140e-05
-5.5215963553766431e-05
-5.4713405378921182e-05
-5.4305277535881961e-05
-5.3828394675023146e-05
-5.3395460165644670e-05
-5.2945263627292633e-05
-5.2494875963039140e-05
-5.2052116526567667e-05
-5.1599797131177409e-05
-5.1164473475741991e-05
-5.0702812333992333e-05
-5.0288386875801133e-05
-4.9802818835773663e-05
-4.9403357687992250e-05
-4.8917774597161416e-05
-4.8506327151187189e-05
-4.8046547088407577e-05
-4.7603955365631201e-05
-4.7178764735490165e-05
-4.6704935954064616e-05
-4.6304138556625709e-05
-4.5814683933561659e-05
-4.5402730172931101e-05
-4.4947680206431689e-05
-4.4507267184659332e-05
-4.4075457195263318e-05
-4.3612183465246571e-05
-4.3202429168638613e-05
-4.2716698628447210e-05
-4.2299011906769146e-05
-4.1844063739841789e-05
-4.1394785079241495e-05
-4.0971253053919200e-05
-4.0486879237186257e-05
-4.0063227231312833e-05
-3.9609022330539015e-05
-3.9152797398685006e-05
-3.8724029204274914e-05
-3.8235211884480544e-05
0.0000000000000000e+00
];
