%Vec Object:dSdr_b_aug_5710 1 MPI processes
%  type: seq
dSdr_b_aug_5710 = [
2.3217569836087787e+03
0.0000000000000000e+00
-8.6225504618795499e-07
-3.5634157727019565e-07
-2.2144829275635234e-07
-1.5730630302190092e-07
-1.1808247672765373e-07
-9.3831441179396033e-08
-7.7393164079127564e-08
-6.5019031891048632e-08
-5.5829475078748652e-08
-4.8784542581135358e-08
-4.3046453902447255e-08
-3.8397377781773010e-08
-3.4585595625589368e-08
-3.1370770867747895e-08
-2.8623161221820885e-08
-2.6278662159325797e-08
-2.4450693351811329e-08
-1.5237493689923401e-05
-7.3879107914637796e-04
-7.1772547705685106e-04
-6.7911542516137496e-04
-6.4050018409786663e-04
-5.9763780979966909e-04
-5.5627172326657575e-04
-5.1661803036779578e-04
-4.7657233571645374e-04
-4.3548718413867666e-04
-3.9158212797218956e-04
-3.5294681631365744e-04
-3.1581626951369696e-04
-2.8076579384389506e-04
-2.4380067489261178e-04
-2.1373421463453230e-04
-1.8756561477273280e-04
-1.6467580148839137e-04
-1.4305851833669976e-04
-1.2668529680205892e-04
-1.1426713034036698e-04
-1.0446376692209920e-04
-9.6561806167287331e-05
-9.1639075136741346e-05
-8.8639036081750045e-05
-8.7002457028528688e-05
-8.6622025491838741e-05
-8.7115390918569903e-05
-8.8125206234543888e-05
-8.9580689270036968e-05
-9.1543303703795390e-05
-9.3270344557230329e-05
-9.5080573443038311e-05
-9.6923683035722675e-05
-9.8697662689112034e-05
-1.0018398009359831e-04
-1.0151447080034735e-04
-1.0279165876372018e-04
-1.0382156346348376e-04
-1.0466648295902873e-04
-1.0534795138810226e-04
-1.0596082956572714e-04
-1.0636287435831485e-04
-1.0660378383345110e-04
-1.0679602019245707e-04
-1.0688542865954420e-04
-1.0684099469260052e-04
-1.0673583763100733e-04
-1.0657149328588478e-04
-1.0631779414668657e-04
-1.0600771184840173e-04
-1.0567880415613763e-04
-1.0529722787713934e-04
-1.0488183608424783e-04
-1.0440627250450638e-04
-1.0393710118025479e-04
-1.0344056118720947e-04
-1.0290081338285182e-04
-1.0237979064785240e-04
-1.0184821022244693e-04
-1.0124681031988807e-04
-1.0068731084148953e-04
-1.0012495366378772e-04
-9.9508844367078857e-05
-9.8937704932715193e-05
-9.8370542629705012e-05
-9.7711896318082892e-05
-9.7141453254140231e-05
-9.6552496614897215e-05
-9.5913535569946086e-05
-9.5344266823941943e-05
-9.4740281912917955e-05
-9.4104849381425131e-05
-9.3532282830232784e-05
-9.2908467483710433e-05
-9.2308498566558939e-05
-9.1746066146667610e-05
-9.1096022350862179e-05
-9.0524501941868823e-05
-8.9950615844896784e-05
-8.9290317271991943e-05
-8.8759826663476938e-05
-8.8157284649437406e-05
-8.7545062915691702e-05
-8.7014028862482517e-05
-8.6361166821125214e-05
-8.5813385589466782e-05
-8.5258630733666863e-05
-8.4629595602050920e-05
-8.4108227081153823e-05
-8.3502155888698557e-05
-8.2927495703543779e-05
-8.2400635564475530e-05
-8.1779866423006695e-05
-8.1262705167918533e-05
-8.0677478623851666e-05
-8.0124370295874808e-05
-7.9576622254356181e-05
-7.8996319427222683e-05
-7.8484617719917768e-05
-7.7882593347500470e-05
-7.7379729148737312e-05
-7.6815183781480569e-05
-7.6258321177367268e-05
-7.5764464504015535e-05
-7.5152438887286541e-05
-7.4682182265868686e-05
-7.4097587217885542e-05
-7.3591963037016053e-05
-7.3056208092892107e-05
-7.2517638029489007e-05
-7.2002523267714240e-05
-7.1458182038493687e-05
-7.0970760631000940e-05
-7.0396030844666836e-05
-6.9935478788107211e-05
-6.9361688556443283e-05
-6.8881921567094209e-05
-6.8346750513972705e-05
-6.7837920818242844e-05
-6.7330944114732269e-05
-6.6815929251904581e-05
-6.6316578660304074e-05
-6.5798626676894808e-05
-6.5310105515058249e-05
-6.4773176627353841e-05
-6.4318164691669959e-05
-6.3759428797407314e-05
-6.3319381165738873e-05
-6.2767456360942163e-05
-6.2321135873895931e-05
-6.1777188612767455e-05
-6.1331616395273323e-05
-6.0780767969326503e-05
-6.0352428464708592e-05
-5.9795182371034262e-05
-5.9368924925265207e-05
-5.8823686348892931e-05
-5.8388322372388743e-05
-5.7851715056706669e-05
-5.7411770712363602e-05
-5.6875796843704390e-05
-5.6445128091888393e-05
-5.5907885985721141e-05
-5.5469198197721914e-05
-5.4957744194775861e-05
-5.4493660920648588e-05
-5.4009387634498452e-05
-5.3526724504392544e-05
-5.3050571871601216e-05
-5.2564738747616350e-05
-5.2096867278387653e-05
-5.1600367634274274e-05
-5.1154469153608444e-05
-5.0632289723075648e-05
-5.0202006106942078e-05
-4.9679731350815544e-05
-4.9236362166885031e-05
-4.8740973854612265e-05
-4.8264526645907701e-05
-4.7805105662573594e-05
-4.7295383867836112e-05
-4.6862000721268449e-05
-4.6334292066463327e-05
-4.5889828749007775e-05
-4.5397466385497583e-05
-4.4922439279538208e-05
-4.4455274876247828e-05
-4.3954658114401950e-05
-4.3511212100698960e-05
-4.2985835578019823e-05
-4.2533709434229631e-05
-4.2041385227607564e-05
-4.1554733712985044e-05
-4.1096006655300904e-05
-4.0570966201580318e-05
-4.0111860855675030e-05
-3.9619287887725670e-05
-3.9123990496055697e-05
-3.8659372300365060e-05
-3.8128092816448190e-05
0.0000000000000000e+00
];
