%Vec Object:dSdr_b_aug_3980 1 MPI processes
%  type: seq
dSdr_b_aug_3980 = [
2.3513680316449504e+03
0.0000000000000000e+00
-1.0499532848595458e-06
-4.3213432490304571e-07
-2.6710385561841003e-07
-1.8894961809974546e-07
-1.4152096135022788e-07
-1.1220862153104186e-07
-9.2342218936897469e-08
-7.7379520668713997e-08
-6.6270368798316994e-08
-5.7755212237201516e-08
-5.0822469485907224e-08
-4.5206962849386425e-08
-4.0603522427340573e-08
-3.6722532090860675e-08
-3.3407116303350272e-08
-3.0578552555155593e-08
-2.8133172534034503e-08
-2.5993554439420332e-08
-7.8329489673959359e-07
-5.2544108211118599e-04
-6.9004684050469919e-04
-6.5261023022201319e-04
-6.0905011241040377e-04
-5.6699977671039240e-04
-5.2670381890664909e-04
-4.8601794101802386e-04
-4.4428781986335057e-04
-3.9971182566653950e-04
-3.6048941434704184e-04
-3.2280412919061333e-04
-2.8723707827681984e-04
-2.4973298764471521e-04
-2.1923090866831019e-04
-1.9268572753732002e-04
-1.6946752402083445e-04
-1.4753955951187661e-04
-1.3093081172356032e-04
-1.1833299071344033e-04
-1.0838395606344596e-04
-1.0036111266185608e-04
-9.5358308137083534e-05
-9.2303155229785569e-05
-9.0628962728957115e-05
-9.0225745759031945e-05
-9.0707855326893280e-05
-9.1712755718792373e-05
-9.3168652943014692e-05
-9.5134200780935918e-05
-9.6863352395563194e-05
-9.8676877235559803e-05
-1.0052171882857167e-04
-1.0229516553052171e-04
-1.0377925009626337e-04
-1.0510478819160705e-04
-1.0637353067913026e-04
-1.0739373818854028e-04
-1.0822735535496089e-04
-1.0889450966473773e-04
-1.0949060451756457e-04
-1.0987557429803856e-04
-1.1009749262468383e-04
-1.1026691576196770e-04
-1.1033542777664269e-04
-1.1026880649018718e-04
-1.1013904388994879e-04
-1.0994932634729305e-04
-1.0967101667140388e-04
-1.0933492742031258e-04
-1.0897830596745234e-04
-1.0857112666686286e-04
-1.0813001899042375e-04
-1.0762397523006151e-04
-1.0712852931328741e-04
-1.0660587350663517e-04
-1.0603516849240160e-04
-1.0548800551519350e-04
-1.0493038343470623e-04
-1.0429726500319427e-04
-1.0371154964300433e-04
-1.0312268839568879e-04
-1.0247575711204203e-04
-1.0187854637920595e-04
-1.0128512453241365e-04
-1.0059537170839061e-04
-9.9998962196404042e-05
-9.9383410535341935e-05
-9.8714630303452149e-05
-9.8119825858701968e-05
-9.7488827389874806e-05
-9.6824281204360585e-05
-9.6226398532478418e-05
-9.5574813812768277e-05
-9.4947525942668280e-05
-9.4360211860674970e-05
-9.3681496167304467e-05
-9.3083748851679400e-05
-9.2484915854039923e-05
-9.1795407965156419e-05
-9.1240326402620915e-05
-9.0611912099547356e-05
-8.9972189357520453e-05
-8.9416898323149834e-05
-8.8735996570696134e-05
-8.8163108543049063e-05
-8.7583539889201885e-05
-8.6926978719987014e-05
-8.6381805410764027e-05
-8.5748694611895163e-05
-8.5148581700801736e-05
-8.4597795826161972e-05
-8.3949130288200549e-05
-8.3408926547454156e-05
-8.2796992496022296e-05
-8.2219157686603785e-05
-8.1646877833606041e-05
-8.1040042194711683e-05
-8.0505252682667368e-05
-7.9876192796782979e-05
-7.9349757413572483e-05
-7.8760119051764837e-05
-7.8177826425690570e-05
-7.7660469699929353e-05
-7.7021582067914911e-05
-7.6528783081710651e-05
-7.5917423509742261e-05
-7.5388934012687997e-05
-7.4827358539229604e-05
-7.4264422084346010e-05
-7.3725210797577706e-05
-7.3155124516165472e-05
-7.2645050263008782e-05
-7.2043248394078704e-05
-7.1560660207357912e-05
-7.0960024448193929e-05
-7.0457314534692339e-05
-6.9896680526645232e-05
-6.9363772728819482e-05
-6.8832308834994559e-05
-6.8292488272604765e-05
-6.7769393068708693e-05
-6.7225790440976217e-05
-6.6713982469230330e-05
-6.6150963479385882e-05
-6.5672955089474987e-05
-6.5087865051671973e-05
-6.4625041134792064e-05
-6.4046480323840438e-05
-6.3577964471551551e-05
-6.3006445688638881e-05
-6.2538873127651698e-05
-6.1960323030726852e-05
-6.1510073435203704e-05
-6.0924948613735382e-05
-6.0476621245113012e-05
-5.9903779090147572e-05
-5.9446084109316367e-05
-5.8881882879770825e-05
-5.8419078191696882e-05
-5.7855769788729126e-05
-5.7401735556524416e-05
-5.6837500357637652e-05
-5.6375029003552166e-05
-5.5836669683414285e-05
-5.5348344584782040e-05
-5.4837550743428663e-05
-5.4329768918553240e-05
-5.3827627704564736e-05
-5.3315712190480872e-05
-5.2822510058719575e-05
-5.2298896999139116e-05
-5.1828504312018272e-05
-5.1277831689068781e-05
-5.0823560153019581e-05
-5.0272729714945752e-05
-4.9804517077543563e-05
-4.9281416240791337e-05
-4.8778620598136844e-05
-4.8292559421775645e-05
-4.7754903434950010e-05
-4.7296159981594178e-05
-4.6738679600646407e-05
-4.6268915211037345e-05
-4.5747513879225902e-05
-4.5245547735140323e-05
-4.4750868054389691e-05
-4.4221188260550042e-05
-4.3751520757457266e-05
-4.3195288608331077e-05
-4.2716358644782759e-05
-4.2194944804716210e-05
-4.1679205581086976e-05
-4.1193084833935372e-05
-4.0636390823253780e-05
-4.0149686354150880e-05
-3.9627239768028808e-05
-3.9101505140870048e-05
-3.8608904455809828e-05
-3.8044136572087200e-05
0.0000000000000000e+00
];
