%Vec Object:dSdr_b_aug_4240 1 MPI processes
%  type: seq
dSdr_b_aug_4240 = [
2.3463588898734579e+03
0.0000000000000000e+00
-1.0164284461025812e-06
-4.1924725424827710e-07
-2.5978117375396735e-07
-1.8419747028669506e-07
-1.3824079417598806e-07
-1.0983401636814655e-07
-9.0579360607596032e-08
-7.6070042964781392e-08
-6.5295828984881924e-08
-5.7036882403405422e-08
-5.0308728661724495e-08
-4.4857613487626494e-08
-4.0388515311877537e-08
-3.6619420250311140e-08
-3.3398187079298525e-08
-3.0649690601974338e-08
-2.8273135827595276e-08
-2.6343106150081149e-08
-6.8191687659323664e-06
-6.7739219826699871e-04
-6.8914966845038414e-04
-6.5056797045233991e-04
-6.0710998542160878e-04
-5.6517560883643072e-04
-5.2498884853429285e-04
-4.8441182588361635e-04
-4.4279137430835362e-04
-3.9832946536100223e-04
-3.5920688354654538e-04
-3.2161592523310490e-04
-2.8613671197090756e-04
-2.4872426725645934e-04
-2.1829626021648739e-04
-1.9181511238807697e-04
-1.6865274784608371e-04
-1.4677761112794557e-04
-1.3020891186695023e-04
-1.1764163903892897e-04
-1.0771737409667551e-04
-9.9715085386774586e-05
-9.4725896418918084e-05
-9.1680114963088572e-05
-9.0012318168604911e-05
-8.9612975568361536e-05
-9.0096999033948137e-05
-9.1102735120173023e-05
-9.2558561885379903e-05
-9.4523610892483561e-05
-9.6252403546922467e-05
-9.8065367901315400e-05
-9.9909914943958021e-05
-1.0168345222776413e-04
-1.0316791642492051e-04
-1.0449429661910950e-04
-1.0576447512962125e-04
-1.0678633150398497e-04
-1.0762187047263297e-04
-1.0829145874888045e-04
-1.0889040748162224e-04
-1.0927828069787910e-04
-1.0950342823857867e-04
-1.0967673048945172e-04
-1.0974879569433191e-04
-1.0968594709561595e-04
-1.0956036837345723e-04
-1.0937496524147773e-04
-1.0910084029424327e-04
-1.0876917321720214e-04
-1.0841726416104996e-04
-1.0801443835151802e-04
-1.0757770335644843e-04
-1.0707684239162807e-04
-1.0658586415924546e-04
-1.0606764903867453e-04
-1.0550220793408435e-04
-1.0495948979725909e-04
-1.0440629579333011e-04
-1.0377857072589956e-04
-1.0319731306819057e-04
-1.0261295852607203e-04
-1.0197126816004794e-04
-1.0137849054543258e-04
-1.0078953382578102e-04
-1.0010507030000833e-04
-9.9513076078011167e-05
-9.8902046588613199e-05
-9.8238336760432274e-05
-9.7647874362090565e-05
-9.7021469232518704e-05
-9.6361873483453530e-05
-9.5768295521639151e-05
-9.5121432659027257e-05
-9.4498790057610333e-05
-9.3915706810737622e-05
-9.3241866438642645e-05
-9.2648578702013310e-05
-9.2053987632905994e-05
-9.1369446447555288e-05
-9.0818546289429881e-05
-9.0194531269577590e-05
-8.9559484758620236e-05
-8.9008318346702731e-05
-8.8332184425615642e-05
-8.7763565521329127e-05
-8.7188216170231149e-05
-8.6536335488661428e-05
-8.5995209911435679e-05
-8.5366696888396364e-05
-8.4770911922346829e-05
-8.4224194346219631e-05
-8.3580272271609605e-05
-8.3043986643155534e-05
-8.2436593898278370e-05
-8.1862963545181112e-05
-8.1294855047303101e-05
-8.0692531010538891e-05
-8.0161667317266597e-05
-7.9537204512447580e-05
-7.9014777141392606e-05
-7.8429405558067642e-05
-7.7851437018540155e-05
-7.7338076209949996e-05
-7.6703756158677259e-05
-7.6214790246658353e-05
-7.5607981678487424e-05
-7.5083380170143236e-05
-7.4526195185490706e-05
-7.3967401960285212e-05
-7.3432288015767077e-05
-7.2866579390048230e-05
-7.2360356998733735e-05
-7.1763158431867435e-05
-7.1284317242369138e-05
-7.0688246263063515e-05
-7.0189437537340778e-05
-6.9633133219143564e-05
-6.9104319633686632e-05
-6.8577019513408051e-05
-6.8041416883659437e-05
-6.7522359187164192e-05
-6.6983118166255324e-05
-6.6475269858934843e-05
-6.5916687201840690e-05
-6.5442589105855082e-05
-6.4861980299103951e-05
-6.4403029240373320e-05
-6.3828997589662881e-05
-6.3364255818275741e-05
-6.2797425270527183e-05
-6.2333593631027623e-05
-6.1759753901668730e-05
-6.1313229883211046e-05
-6.0732845538203995e-05
-6.0288270926493211e-05
-5.9720122464686413e-05
-5.9266224637757090e-05
-5.8706715460875661e-05
-5.8247797938066112e-05
-5.7689137487136608e-05
-5.7239076316762092e-05
-5.6679431016325811e-05
-5.6221003819639045e-05
-5.5687219477825241e-05
-5.5203016464323231e-05
-5.4696732183489171e-05
-5.4193221552930937e-05
-5.3695499451707212e-05
-5.3188019006447694e-05
-5.2699124126480068e-05
-5.2180121461646783e-05
-5.1713893809673706e-05
-5.1168066212391007e-05
-5.0717873640607261e-05
-5.0171898874117525e-05
-4.9707910698084744e-05
-4.9189522190693694e-05
-4.8691206946509549e-05
-4.8209675799023125e-05
-4.7676769896367242e-05
-4.7222338895580472e-05
-4.6669921116663673e-05
-4.6204459188241833e-05
-4.5687995960695756e-05
-4.5190610921743538e-05
-4.4700610418973054e-05
-4.4175873100779578e-05
-4.3710665056449595e-05
-4.3159680569305214e-05
-4.2685309603537159e-05
-4.2168843884101724e-05
-4.1658053125944202e-05
-4.1176593864264290e-05
-4.0625287525042497e-05
-4.0143284704800105e-05
-3.9625933674639787e-05
-3.9105408432810182e-05
-3.8617661274826414e-05
-3.8059096209445592e-05
0.0000000000000000e+00
];
