%Vec Object:dSdr_b_aug_7150 1 MPI processes
%  type: seq
dSdr_b_aug_7150 = [
2.3008020127482064e+03
0.0000000000000000e+00
-7.5186286354244288e-07
-3.1110719886144732e-07
-1.9372408379584829e-07
-1.3776972409971272e-07
-1.0340253059290265e-07
-8.2150342270067192e-08
-6.7744739410267391e-08
-5.6911109246854045e-08
-4.8865157998143256e-08
-4.2696495312308290e-08
-3.7673414008714893e-08
-3.3603736462899406e-08
-3.0266890367679897e-08
-2.7452729756896486e-08
-2.5047672798937469e-08
-2.3023164753472960e-08
-4.8359027519848631e-06
-7.5606718551350953e-04
-7.4820498435709012e-04
-7.0927283225367802e-04
-6.7093453525172053e-04
-6.3274141368699984e-04
-5.9034557543173767e-04
-5.4941717241782130e-04
-5.1017386090531388e-04
-4.7053720270580070e-04
-4.2986414513419011e-04
-3.8638777510302774e-04
-3.4812758226594688e-04
-3.1135147749849069e-04
-2.7663106009158741e-04
-2.4001030927629240e-04
-2.1022218127769132e-04
-1.8429419255148378e-04
-1.6161419943708759e-04
-1.4019542162250237e-04
-1.2397268616380768e-04
-1.1166930736508043e-04
-1.0195901846443520e-04
-9.4134294047373355e-05
-8.9262725014492276e-05
-8.6297900341282042e-05
-8.4685354023420273e-05
-8.4319481062528236e-05
-8.4820038396665897e-05
-8.5832994158989792e-05
-8.7288212669680364e-05
-8.9248952868056943e-05
-9.0974644965157941e-05
-9.2782767840455166e-05
-9.4624770695453413e-05
-9.6399090776265732e-05
-9.7886834733168293e-05
-9.9220489757413798e-05
-1.0050307375814754e-04
-1.0153917426533605e-04
-1.0239131515297490e-04
-1.0308192931714960e-04
-1.0370553089705406e-04
-1.0411848549400826e-04
-1.0437152909121467e-04
-1.0457834163079845e-04
-1.0468110158592516e-04
-1.0465084388786598e-04
-1.0456140818114611e-04
-1.0441327567531902e-04
-1.0417530108424340e-04
-1.0388183555381162e-04
-1.0357063516945249e-04
-1.0320541757208464e-04
-1.0280645657238089e-04
-1.0235036786430839e-04
-1.0189798431205353e-04
-1.0141813064148713e-04
-1.0089816249961557e-04
-1.0039384169531617e-04
-9.9878900209747072e-05
-9.9297766403312255e-05
-9.8755017184320914e-05
-9.8209594399361553e-05
-9.7613178366224692e-05
-9.7058696811731259e-05
-9.6508312665218198e-05
-9.5869541410337040e-05
-9.5315689233569352e-05
-9.4743725099556974e-05
-9.4123816593378671e-05
-9.3570863513447257e-05
-9.2984138525032485e-05
-9.2367307742318938e-05
-9.1810916560781418e-05
-9.1204844054073789e-05
-9.0622330187271189e-05
-9.0075795546074242e-05
-8.9444071244892343e-05
-8.8889308139038030e-05
-8.8331361504045400e-05
-8.7689725801228695e-05
-8.7174947227738211e-05
-8.6588935937402075e-05
-8.5994285572618182e-05
-8.5478750164066144e-05
-8.4843803687842094e-05
-8.4312064077669645e-05
-8.3773163636589670e-05
-8.3161715865622909e-05
-8.2655557067261786e-05
-8.2066762437259713e-05
-8.1508364900392027e-05
-8.0996791760980518e-05
-8.0393846615371193e-05
-7.9891408020197122e-05
-7.9323245848448003e-05
-7.8785936144917145e-05
-7.8253862346190073e-05
-7.7690512271917915e-05
-7.7193562180086911e-05
-7.6608811754326242e-05
-7.6121008019324854e-05
-7.5572495454265004e-05
-7.5031880990989599e-05
-7.4553039332325580e-05
-7.3958176807565631e-05
-7.3502323300016277e-05
-7.2934829053067561e-05
-7.2443814330955923e-05
-7.1924557035986589e-05
-7.1401555521283450e-05
-7.0901836880810247e-05
-7.0373945075328013e-05
-6.9900997370811826e-05
-6.9343564894754742e-05
-6.8897092499318712e-05
-6.8340454823341058e-05
-6.7875346877714645e-05
-6.7356445005220441e-05
-6.6862999658161287e-05
-6.6371668684145821e-05
-6.5872503057430384e-05
-6.5388323735280436e-05
-6.4886760852502192e-05
-6.4413118453343930e-05
-6.3892859450820032e-05
-6.3452540758619349e-05
-6.2910643454243588e-05
-6.2485148391452564e-05
-6.1950242267606124e-05
-6.1518103178124684e-05
-6.0991772331185767e-05
-6.0560256903880062e-05
-6.0027108047890655e-05
-5.9612767666641170e-05
-5.9073334269428179e-05
-5.8661178067905432e-05
-5.8133576383769862e-05
-5.7712480464001720e-05
-5.7193503863582442e-05
-5.6768165787569927e-05
-5.6249656905052831e-05
-5.5833917168924866e-05
-5.5313921886954386e-05
-5.4890430241424496e-05
-5.4396166976544745e-05
-5.3947572638653859e-05
-5.3480244248432999e-05
-5.3013630313407312e-05
-5.2554082674375042e-05
-5.2084914478846846e-05
-5.1633227629221955e-05
-5.1154051664743147e-05
-5.0723803353955863e-05
-5.0219829181683867e-05
-4.9804872240003809e-05
-4.9300842656077944e-05
-4.8873346762437217e-05
-4.8395664881932863e-05
-4.7936052528236856e-05
-4.7493652802171735e-05
-4.7001779030179401e-05
-4.6584599341595633e-05
-4.6075912732408746e-05
-4.5647614973392128e-05
-4.5173806405903834e-05
-4.4715991330319274e-05
-4.4266407078150227e-05
-4.3784359303898191e-05
-4.3357666612986001e-05
-4.2852004181160479e-05
-4.2417003085952525e-05
-4.1943264117390957e-05
-4.1475196160751208e-05
-4.1033969572535362e-05
-4.0529150123377154e-05
-4.0087672962175776e-05
-3.9614176561685388e-05
-3.9138303546978931e-05
-3.8691499027247245e-05
-3.8181266033133097e-05
0.0000000000000000e+00
];
