%Vec Object:dSdr_b_aug_830 1 MPI processes
%  type: seq
dSdr_b_aug_830 = [
2.4825834938510206e+03
0.0000000000000000e+00
-2.7176856642870064e-06
-1.1069958485276515e-06
-6.7283736656700847e-07
-4.7163754359248217e-07
-3.5381560470199514e-07
-2.8110155404575997e-07
-2.3182175852156672e-07
-1.9441674478904593e-07
-1.6665470854830569e-07
-1.4538562322629225e-07
-1.2803466762122914e-07
-1.1397725499548632e-07
-1.0245576637162611e-07
-9.2739084994686349e-08
-8.4434814153878664e-08
-7.7350862293211788e-08
-7.1226826352033680e-08
-6.5822690654250849e-08
-6.1088775238602117e-08
-5.6914156417346348e-08
-5.3161041020404301e-08
-4.9805937433916138e-08
-4.6795963177608028e-08
-4.4066628414922538e-08
-4.3480850995312228e-08
-1.1237117395824940e-06
-1.2474812831731553e-04
-3.9748296962830142e-04
-3.8703862991591427e-04
-3.5009182560469970e-04
-3.1284406842725719e-04
-2.7326077799866158e-04
-2.4104119995082220e-04
-2.1300406159610857e-04
-1.8848329496747086e-04
-1.6532259469242608e-04
-1.4777922826939333e-04
-1.3446847170635627e-04
-1.2394134880115587e-04
-1.1543878486767839e-04
-1.1011820868523467e-04
-1.0684433550988697e-04
-1.0502087272067227e-04
-1.0452723031356558e-04
-1.0496466960152331e-04
-1.0595006376756524e-04
-1.0740760342946380e-04
-1.0938479146265840e-04
-1.1112231899973450e-04
-1.1294892323996471e-04
-1.1480063767439348e-04
-1.1657196873990967e-04
-1.1804719168244612e-04
-1.1935307471073785e-04
-1.2058830064776339e-04
-1.2157002418886374e-04
-1.2235878738792619e-04
-1.2296913540453547e-04
-1.2349862487894182e-04
-1.2381583151376951e-04
-1.2396238227581601e-04
-1.2404126989310504e-04
-1.2402685317398066e-04
-1.2387218035406100e-04
-1.2364476949042769e-04
-1.2335435723867367e-04
-1.2297837951909685e-04
-1.2253908054000331e-04
-1.2207247587120836e-04
-1.2156368989691800e-04
-1.2102052767003946e-04
-1.2039352214937307e-04
-1.1979380446733335e-04
-1.1916750702884741e-04
-1.1847394719965960e-04
-1.1782304567448421e-04
-1.1716207630454242e-04
-1.1640308178543134e-04
-1.1571332773504056e-04
-1.1501928413117470e-04
-1.1425003474059531e-04
-1.1354935913272494e-04
-1.1285172536421903e-04
-1.1203852531803286e-04
-1.1133906705815304e-04
-1.1061797214778377e-04
-1.0983085350015870e-04
-1.0913470976963829e-04
-1.0839650710612369e-04
-1.0761642244841785e-04
-1.0691807191333616e-04
-1.0615628354608860e-04
-1.0542057953763616e-04
-1.0473452176947934e-04
-1.0394202075743390e-04
-1.0324019113041220e-04
-1.0254235556130733e-04
-1.0173692961149687e-04
-1.0108425806872951e-04
-1.0035316892736978e-04
-9.9604307878414431e-05
-9.8952752539719502e-05
-9.8160574633153949e-05
-9.7488049794089247e-05
-9.6810007101846498e-05
-9.6044208312143716e-05
-9.5404565247749252e-05
-9.4664147246617907e-05
-9.3963024707038114e-05
-9.3317289105680857e-05
-9.2557916215404952e-05
-9.1926267992382125e-05
-9.1208344739521867e-05
-9.0532382482827847e-05
-8.9862747740598065e-05
-8.9150616202551833e-05
-8.8524202388600258e-05
-8.7787851634774683e-05
-8.7167873658965567e-05
-8.6478653375568555e-05
-8.5795441333609118e-05
-8.5184824328756909e-05
-8.4439334400849292e-05
-8.3857075758073839e-05
-8.3139500805350469e-05
-8.2520270032720362e-05
-8.1856225461284879e-05
-8.1196590701228342e-05
-8.0561752091717412e-05
-7.9889496280022103e-05
-7.9289524003958096e-05
-7.8580286282383917e-05
-7.8010247549759737e-05
-7.7303075058229151e-05
-7.6709315996089782e-05
-7.6047632058374537e-05
-7.5419170169453863e-05
-7.4790528726573598e-05
-7.4152266625127498e-05
-7.3534940853444339e-05
-7.2889543548338039e-05
-7.2285321853848982e-05
-7.1618764241467248e-05
-7.1049494462229384e-05
-7.0359818007961289e-05
-6.9806606507444286e-05
-6.9122340768757647e-05
-6.8565742799951910e-05
-6.7884806547460915e-05
-6.7329925898689091e-05
-6.6641441923265114e-05
-6.6104242501013196e-05
-6.5408481252785027e-05
-6.4872569870665154e-05
-6.4190183345302977e-05
-6.3643868375445783e-05
-6.2970161271704733e-05
-6.2416636054169668e-05
-6.1744851303329693e-05
-6.1198092077032623e-05
-6.0526735757134522e-05
-5.9969880452190777e-05
-5.9324748592621258e-05
-5.8740221217076887e-05
-5.8124182070633785e-05
-5.7516718435207290e-05
-5.6911443443419975e-05
-5.6296022098917088e-05
-5.5702297631762291e-05
-5.5071087642870949e-05
-5.4503492716451552e-05
-5.3839748207162253e-05
-5.3290284432101305e-05
-5.2626135047659125e-05
-5.2059336041946715e-05
-5.1426263576768001e-05
-5.0818910504271629e-05
-5.0227134964961108e-05
-4.9578630527218882e-05
-4.9019254400638853e-05
-4.8343636306569129e-05
-4.7773477994155268e-05
-4.7136851426014576e-05
-4.6527996824630764e-05
-4.5924145953159873e-05
-4.5279158128952130e-05
-4.4705466298962957e-05
-4.4026829243747401e-05
-4.3441587529405023e-05
-4.2804810871653804e-05
-4.2173746838154170e-05
-4.1579072219673475e-05
-4.0897002317233446e-05
-4.0301164509744334e-05
-3.9660880418830711e-05
-3.9015880753894599e-05
-3.8416520224640973e-05
-3.7741670731661161e-05
0.0000000000000000e+00
];
