%Vec Object:dSdr_b_aug_8440 1 MPI processes
%  type: seq
dSdr_b_aug_8440 = [
2.2874240791434841e+03
0.0000000000000000e+00
-6.8621191433592502e-07
-2.8273535339491750e-07
-1.7534615091151704e-07
-1.2409839586141205e-07
-9.2601969610758114e-08
-7.3128216280421488e-08
-5.9931776132536110e-08
-5.0033042554581232e-08
-4.2683710557252342e-08
-3.7049278570418191e-08
-3.2469843515375693e-08
-2.8761855918475021e-08
-2.5721914401663814e-08
-2.3160529623717138e-08
-2.0974026969242214e-08
-3.8390798066286335e-08
-3.7686565288210557e-04
-7.8259726155666153e-04
-7.4145620961950105e-04
-7.0266060153756826e-04
-6.6465376857817232e-04
-6.2678628269818859e-04
-5.8474855670866284e-04
-5.4415609025359904e-04
-5.0522775929069230e-04
-4.6590504933066230e-04
-4.2554828675994168e-04
-3.8240094669786254e-04
-3.4442866924727254e-04
-3.0792460978235287e-04
-2.7345752237182712e-04
-2.3710108481570752e-04
-2.0752658548583636e-04
-1.8178327328974847e-04
-1.5926432370898838e-04
-1.3799790522818787e-04
-1.2189067280498147e-04
-1.0967539737297190e-04
-1.0003654629569103e-04
-9.2271103165356830e-05
-8.7438802404743289e-05
-8.4501005723030810e-05
-8.2906905147297021e-05
-8.2552206228362246e-05
-8.3058283467554581e-05
-8.4073649521946989e-05
-8.5528664912835008e-05
-8.7487966535807157e-05
-8.9212623444931394e-05
-9.1019129914868770e-05
-9.2860283336099471e-05
-9.4634864725849725e-05
-9.6123703624604708e-05
-9.7459787378143442e-05
-9.8746513021626082e-05
-9.9787369018683095e-05
-1.0064505256326947e-04
-1.0134268637662065e-04
-1.0197451851375191e-04
-1.0239584673645109e-04
-1.0265820366061450e-04
-1.0287620388269634e-04
-1.0298921153006714e-04
-1.0296983456865737e-04
-1.0289246549983482e-04
-1.0275677609362698e-04
-1.0253087059056276e-04
-1.0225015895425589e-04
-1.0195254948726312e-04
-1.0159988769422124e-04
-1.0121353784645092e-04
-1.0077239671519931e-04
-1.0033289830678856e-04
-9.9865851914175726e-05
-9.9361065284953739e-05
-9.8869563738044789e-05
-9.8367393162245085e-05
-9.7801814220915579e-05
-9.7271921352624766e-05
-9.6739496246301101e-05
-9.6158195411008999e-05
-9.5616499302643868e-05
-9.5078992918210732e-05
-9.4455476392714546e-05
-9.3914358242766936e-05
-9.3355436389832598e-05
-9.2750151304566686e-05
-9.2209721010383651e-05
-9.1636243553929725e-05
-9.1033690196494962e-05
-9.0489714118573025e-05
-8.9897259797573113e-05
-8.9328143229043286e-05
-8.8793810631519648e-05
-8.8176147116354232e-05
-8.7634245765850089e-05
-8.7088533167538945e-05
-8.6461221801911186e-05
-8.5958502707740215e-05
-8.5385179262897762e-05
-8.4804015468432196e-05
-8.4300375749659349e-05
-8.3679180024846955e-05
-8.3159752855919039e-05
-8.2633021168959740e-05
-8.2035072241980054e-05
-8.1540587376237013e-05
-8.0965053042753873e-05
-8.0419137591587284e-05
-7.9919297697084613e-05
-7.9330033019860352e-05
-7.8838894521021321e-05
-7.8283829782706274e-05
-7.7758646011559483e-05
-7.7238602678291517e-05
-7.6688264365652248e-05
-7.6202636593808741e-05
-7.5631144455604577e-05
-7.5154900090993227e-05
-7.4618693196143183e-05
-7.4090549682044487e-05
-7.3623232509697351e-05
-7.3041543187178323e-05
-7.2596744512640172e-05
-7.2042375657335356e-05
-7.1562574143881327e-05
-7.1055979302326531e-05
-7.0544927127207208e-05
-7.0057025482701585e-05
-6.9541759115340470e-05
-6.9079920421466197e-05
-6.8535764162246996e-05
-6.8100098337496649e-05
-6.7556625774050025e-05
-6.7102769092616113e-05
-6.6596354314108391e-05
-6.6114716924574974e-05
-6.5635394525620375e-05
-6.5148393671174523e-05
-6.4675858760303604e-05
-6.4186875011689514e-05
-6.3724652514749524e-05
-6.3217188156130231e-05
-6.2788146973325541e-05
-6.2259173797641170e-05
-6.1844848270824310e-05
-6.1323004499762334e-05
-6.0901750059137865e-05
-6.0388940342281233e-05
-5.9968213922036687e-05
-5.9448650018816385e-05
-5.9045054381582897e-05
-5.8519292762979827e-05
-5.8117959684057258e-05
-5.7603894840727135e-05
-5.7193750074476955e-05
-5.6688305570793349e-05
-5.6274178232893685e-05
-5.5769074241125706e-05
-5.5364792957835719e-05
-5.4858035116024287e-05
-5.4446206946564960e-05
-5.3965138068761308e-05
-5.3528431929133796e-05
-5.3074109228056369e-05
-5.2619813499916341e-05
-5.2173010656323673e-05
-5.1716633252977424e-05
-5.1277368538142431e-05
-5.0811488966021208e-05
-5.0393252570059299e-05
-4.9903251413611494e-05
-4.9500058076668952e-05
-4.9010032123474087e-05
-4.8594719355783473e-05
-4.8130627579024008e-05
-4.7683936349667369e-05
-4.7254600797362420e-05
-4.6776425741677177e-05
-4.6371682486790132e-05
-4.5877595626627401e-05
-4.5461705131169387e-05
-4.5002136817046740e-05
-4.4557532077647445e-05
-4.4121440615522434e-05
-4.3653644473633718e-05
-4.3239809679902170e-05
-4.2749277404438945e-05
-4.2327418993335873e-05
-4.1867942999853921e-05
-4.1414136050698695e-05
-4.0986338086026836e-05
-4.0497033493390138e-05
-4.0069077690065243e-05
-3.9610207083301186e-05
-3.9149208585259403e-05
-3.8715979885820025e-05
-3.8221384626226931e-05
0.0000000000000000e+00
];
