%Vec Object:dSdr_b_aug_2470 1 MPI processes
%  type: seq
dSdr_b_aug_2470 = [
2.3921651227216139e+03
0.0000000000000000e+00
-1.3951416987290898e-06
-5.7261349463789401e-07
-3.5230705009308336e-07
-2.4859585694612584e-07
-1.8629727593681249e-07
-1.4780990650474709e-07
-1.2172504899885344e-07
-1.0203531440705150e-07
-8.7417945754484759e-08
-7.6215350501427024e-08
-6.7089034987884022e-08
-5.9696190515162297e-08
-5.3636102491963860e-08
-4.8526470983912887e-08
-4.4160826585624198e-08
-4.0436388162420682e-08
-3.7216523090866987e-08
-3.4375808049344951e-08
-3.1887245382469953e-08
-2.9859895091162087e-08
-1.9225492776271116e-06
-4.7366538989892956e-04
-6.2016218808646053e-04
-5.8049466690456974e-04
-5.3947910175705714e-04
-4.9798570559313974e-04
-4.5543857547013044e-04
-4.1001248881811388e-04
-3.7004619933645176e-04
-3.3165803809212616e-04
-2.9543646522380940e-04
-2.5724947547924867e-04
-2.2619544980224151e-04
-1.9917312483574851e-04
-1.7553883750150761e-04
-1.5321722707166180e-04
-1.3631005791349036e-04
-1.2348460723259958e-04
-1.1335100114022194e-04
-1.0517499442783257e-04
-1.0007073340859096e-04
-9.6945748863382384e-05
-9.5223898435797987e-05
-9.4791811222036263e-05
-9.5259658982340013e-05
-9.6258331792189981e-05
-9.7714753640672932e-05
-9.9684018119215400e-05
-1.0141584416672610e-04
-1.0323354512460934e-04
-1.0508058123937917e-04
-1.0685335267534036e-04
-1.0833460815145012e-04
-1.0965387109353768e-04
-1.1091191282584904e-04
-1.1191983360736538e-04
-1.1273913026932817e-04
-1.1338814801562995e-04
-1.1396297771828278e-04
-1.1432631266569568e-04
-1.1452416824015903e-04
-1.1466468591057699e-04
-1.1470672109492686e-04
-1.1461198740531233e-04
-1.1445104842711175e-04
-1.1422918185870894e-04
-1.1391968948673159e-04
-1.1355064822979068e-04
-1.1315891218144909e-04
-1.1271929268428759e-04
-1.1224560181556785e-04
-1.1170093830837629e-04
-1.1117220130195658e-04
-1.1061645558954893e-04
-1.1000652648030468e-04
-1.0942624270916699e-04
-1.0883562475002626e-04
-1.0816231760910949e-04
-1.0754338562023600e-04
-1.0692094259978571e-04
-1.0623495856521542e-04
-1.0560471439989250e-04
-1.0497802060681150e-04
-1.0424885452985478e-04
-1.0361954443755595e-04
-1.0297029576836576e-04
-1.0226373337976776e-04
-1.0163657413401248e-04
-1.0097134835712713e-04
-1.0026991395565793e-04
-9.9639954699566892e-05
-9.8953185024649979e-05
-9.8291282900604145e-05
-9.7672442712513685e-05
-9.6957398530174560e-05
-9.6326420629475653e-05
-9.5695978866909253e-05
-9.4969461559972945e-05
-9.4383222232174876e-05
-9.3722026677650386e-05
-9.3047459046003065e-05
-9.2461433438198888e-05
-9.1745004238885362e-05
-9.1140304888313772e-05
-9.0529296152202195e-05
-8.9837858383281353e-05
-8.9262523449197168e-05
-8.8595152379591504e-05
-8.7962789840311518e-05
-8.7381689098048923e-05
-8.6697677703034777e-05
-8.6128278209362624e-05
-8.5482504673092493e-05
-8.4873340420522743e-05
-8.4269977779997393e-05
-8.3629524004909852e-05
-8.3065481322429130e-05
-8.2402166358396136e-05
-8.1845865344411917e-05
-8.1224433157078490e-05
-8.0609919678921153e-05
-8.0062787452274035e-05
-7.9389864576308653e-05
-7.8868503520560700e-05
-7.8223232232351377e-05
-7.7665771475503702e-05
-7.7071480367572117e-05
-7.6477670731888806e-05
-7.5907928197362101e-05
-7.5305221918086417e-05
-7.4766445620952460e-05
-7.4130342355412015e-05
-7.3619833531851777e-05
-7.2985183434547018e-05
-7.2453403942320896e-05
-7.1860507375648013e-05
-7.1297091686751024e-05
-7.0734601572190842e-05
-7.0163351227208571e-05
-6.9610170684376347e-05
-6.9034067699951700e-05
-6.8492754448886740e-05
-6.7896678297337326e-05
-6.7389532526354259e-05
-6.6771050782433842e-05
-6.6279368454601472e-05
-6.5667058814045952e-05
-6.5170420608437851e-05
-6.4563967667662686e-05
-6.4068519863166252e-05
-6.3454870714430779e-05
-6.2976860239724087e-05
-6.2356412040362873e-05
-6.1880121291484029e-05
-6.1272304397879413e-05
-6.0786315251047656e-05
-6.0187151544528613e-05
-5.9695382013773638e-05
-5.9097439798160787e-05
-5.8613800715139507e-05
-5.8015364347912259e-05
-5.7522758437121357e-05
-5.6950309191399868e-05
-5.6431268936274924e-05
-5.5886872712492360e-05
-5.5347264740152425e-05
-5.4812195219368424e-05
-5.4267232565031470e-05
-5.3741935790784610e-05
-5.3183969302173359e-05
-5.2682541864894834e-05
-5.2095767660833740e-05
-5.1611102950313453e-05
-5.1024091859902834e-05
-5.0524402174015546e-05
-4.9966189139211098e-05
-4.9430009744723724e-05
-4.8910195249927111e-05
-4.8337146527956138e-05
-4.7846271699639413e-05
-4.7251070695046583e-05
-4.6749250398568500e-05
-4.6191057386136200e-05
-4.5654960615626256e-05
-4.5125420649653672e-05
-4.4558920115965220e-05
-4.4056033009980925e-05
-4.3460710748457329e-05
-4.2947825992698441e-05
-4.2389563409132530e-05
-4.1836981284302395e-05
-4.1316169428110853e-05
-4.0719396198746589e-05
-4.0197766699729632e-05
-3.9637549187089929e-05
-3.9073419796941285e-05
-3.8545842768766874e-05
-3.7941186117810875e-05
0.0000000000000000e+00
];
