%Vec Object:dSdr_b_aug_2410 1 MPI processes
%  type: seq
dSdr_b_aug_2410 = [
2.3948583450491619e+03
0.0000000000000000e+00
-1.4209834202355895e-06
-5.8264219520225262e-07
-3.5806194178761397e-07
-2.5239041068472026e-07
-1.8897653849891260e-07
-1.4980253250614274e-07
-1.2325321690449078e-07
-1.0321657335410105e-07
-8.8342541972587504e-08
-7.6943437956720882e-08
-6.7659285742674119e-08
-6.0139279137388704e-08
-5.3975117169383712e-08
-4.8778467509776114e-08
-4.4339242301753398e-08
-4.0552127771547186e-08
-3.7278245976449391e-08
-3.4390536515340309e-08
-3.1860844924070706e-08
-2.9682706422640490e-08
-6.3282412845526355e-07
-3.5732590182586564e-04
-6.1921983200730535e-04
-5.8108879277194217e-04
-5.4007972306895633e-04
-4.9854979452658291e-04
-4.5596423083917904e-04
-4.1049807527126028e-04
-3.7049671882866890e-04
-3.3207542308439346e-04
-2.9582299515012962e-04
-2.5760381258818632e-04
-2.2652376737280022e-04
-1.9947894917830836e-04
-1.7582504706928324e-04
-1.5348487961457577e-04
-1.3656364245347844e-04
-1.2372746099293072e-04
-1.1358515394844285e-04
-1.0540192690927255e-04
-1.0029288310068747e-04
-9.7164606609763634e-05
-9.5440509538587018e-05
-9.5007061361064335e-05
-9.5474236820520687e-05
-9.6472616073957292e-05
-9.7929062674212178e-05
-9.9898502380309524e-05
-1.0163045452237535e-04
-1.0344835236538198e-04
-1.0529549194902248e-04
-1.0706823156694724e-04
-1.0854935368946252e-04
-1.0986832082478403e-04
-1.1112585812049169e-04
-1.1213319969950855e-04
-1.1295182128317898e-04
-1.1359998405610915e-04
-1.1417381129900633e-04
-1.1453612636083375e-04
-1.1473284759567405e-04
-1.1487200263364698e-04
-1.1491278967415408e-04
-1.1481673073693340e-04
-1.1465432207063914e-04
-1.1443093996172079e-04
-1.1411997760286717e-04
-1.1374938295091571e-04
-1.1335599155977045e-04
-1.1291484279428981e-04
-1.1243961591588177e-04
-1.1189313182721380e-04
-1.1136282543927673e-04
-1.1080551982915815e-04
-1.1019374160381550e-04
-1.0961189647634715e-04
-1.0901972304943655e-04
-1.0834452136064375e-04
-1.0772402349730565e-04
-1.0709999738886757e-04
-1.0641217235678693e-04
-1.0578037095281537e-04
-1.0515210867715392e-04
-1.0442108460782499e-04
-1.0379022353948012e-04
-1.0313938634945529e-04
-1.0243104286041042e-04
-1.0180235836717896e-04
-1.0113551907017672e-04
-1.0043234570966919e-04
-9.9800874321436878e-05
-9.9112445981406654e-05
-9.8448912095848220e-05
-9.7828585725754071e-05
-9.7111828970385838e-05
-9.6479284536091339e-05
-9.5847352694736134e-05
-9.5119090714669048e-05
-9.4531382568750625e-05
-9.3868641660761786e-05
-9.3192431390982288e-05
-9.2604956910995331e-05
-9.1886852896738499e-05
-9.1280653914410406e-05
-9.0668163047284529e-05
-8.9975081145068995e-05
-8.9398324348109826e-05
-8.8729338199700027e-05
-8.8095455366021775e-05
-8.7512925536589303e-05
-8.6827247886513657e-05
-8.6256472062135308e-05
-8.5609103283130664e-05
-8.4998462114574026e-05
-8.4393634185670196e-05
-8.3751595602264304e-05
-8.3186173881907814e-05
-8.2521244083017488e-05
-8.1963535158738777e-05
-8.1340604163195293e-05
-8.0724571746111388e-05
-8.0176035857684524e-05
-7.9501508509555763e-05
-7.8978800994625935e-05
-7.8331931057263492e-05
-7.7773104551123973e-05
-7.7177271178743845e-05
-7.6582006134245150e-05
-7.6010824309958317e-05
-7.5406580274159943e-05
-7.4866450918110167e-05
-7.4228730632179589e-05
-7.3716905585931693e-05
-7.3080652000130248e-05
-7.2547502122055776e-05
-7.1953084647751516e-05
-7.1388230768432590e-05
-7.0824278028411178e-05
-7.0251546033192201e-05
-6.9696947218761168e-05
-6.9119312115117863e-05
-6.8576607936596276e-05
-6.7978973416507724e-05
-6.7470454060589451e-05
-6.6850398176361063e-05
-6.6357355413773338e-05
-6.5743454796658406e-05
-6.5245490854038191e-05
-6.4637391057620244e-05
-6.4140629164044437e-05
-6.3525325385036717e-05
-6.3046006211230605e-05
-6.2423892805031818e-05
-6.1946283809288116e-05
-6.1336818142457533e-05
-6.0849495153153593e-05
-6.0248683249407596e-05
-5.9755548257320422e-05
-5.9155973335686584e-05
-5.8670938617845264e-05
-5.8070889937052841e-05
-5.7576863417117329e-05
-5.7002807098478993e-05
-5.6482318859839844e-05
-5.5936338542315601e-05
-5.5395230207818507e-05
-5.4858608364711705e-05
-5.4312087782755102e-05
-5.3785277979386431e-05
-5.3225691974976112e-05
-5.2722801464658923e-05
-5.2134325324094858e-05
-5.1648227773857668e-05
-5.1059511005946915e-05
-5.0558337369441471e-05
-4.9998469007734130e-05
-4.9460715756431186e-05
-4.8939309969597631e-05
-4.8364592654148000e-05
-4.7872202959055092e-05
-4.7275223577068945e-05
-4.6771891917960085e-05
-4.6211964254094548e-05
-4.5674258231760855e-05
-4.5143074557256010e-05
-4.4574837816911717e-05
-4.4070384164581219e-05
-4.3473218465600545e-05
-4.2958732160765458e-05
-4.2398731307083537e-05
-4.1844410742155560e-05
-4.1321961176361823e-05
-4.0723295011084751e-05
-4.0200013307276438e-05
-3.9638004686408558e-05
-3.9072042850659850e-05
-3.8542753726318038e-05
-3.7935879512026368e-05
0.0000000000000000e+00
];
