%Vec Object:dSdr_b_aug_2210 1 MPI processes
%  type: seq
dSdr_b_aug_2210 = [
2.4030471651293801e+03
0.0000000000000000e+00
-1.5088263143920708e-06
-6.1948866273450040e-07
-3.8110686078143506e-07
-2.6906368892774676e-07
-2.0192389146867704e-07
-1.6044803657286536e-07
-1.3233622416673515e-07
-1.1109311136778951e-07
-9.5321614993490503e-08
-8.3234708673934171e-08
-7.3382247980008793e-08
-6.5399790488831974e-08
-5.8856157421773367e-08
-5.3337371581830729e-08
-4.8620639273182674e-08
-4.4596478363142901e-08
-4.1117153097680537e-08
-3.8046304149948416e-08
-3.5355988501913448e-08
-3.2984886687115877e-08
-4.5877561752390195e-08
-5.9391819196946464e-05
-6.0466241748172200e-04
-5.8300553014377192e-04
-5.4230902683683282e-04
-5.0065359703996813e-04
-4.5792521656431019e-04
-4.1230961740371179e-04
-3.7217744254166576e-04
-3.3363253476335165e-04
-2.9726499822582794e-04
-2.5892571643925256e-04
-2.2774860215904865e-04
-2.0061987023843622e-04
-1.7689279283536157e-04
-1.5448339618732635e-04
-1.3750967664262034e-04
-1.2463346268242224e-04
-1.1445869563400069e-04
-1.0624853222460535e-04
-1.0112164552268604e-04
-9.7981087879096289e-05
-9.6248609260378656e-05
-9.5810083652654620e-05
-9.6274750815763491e-05
-9.7272034727260428e-05
-9.8728573475664343e-05
-1.0069866670177884e-04
-1.0243108908443702e-04
-1.0424972126979940e-04
-1.0609724670500915e-04
-1.0786986748073891e-04
-1.0935049198205888e-04
-1.1066835545376129e-04
-1.1192401077395571e-04
-1.1292919146271648e-04
-1.1374529448691968e-04
-1.1439026758626832e-04
-1.1496035494396557e-04
-1.1531886511719900e-04
-1.1551135448390802e-04
-1.1564542598225063e-04
-1.1568155660109443e-04
-1.1558055360102144e-04
-1.1541266202148499e-04
-1.1518362594376606e-04
-1.1486717956272173e-04
-1.1449078972659958e-04
-1.1409122282407659e-04
-1.1364436888622362e-04
-1.1316341168787379e-04
-1.1261013565017015e-04
-1.1207397444776225e-04
-1.1151084940518349e-04
-1.1089217292509404e-04
-1.1030450286766410e-04
-1.0970652648246946e-04
-1.0902425688750582e-04
-1.0839791730091002e-04
-1.0776798525308399e-04
-1.0707329211877711e-04
-1.0643568121159841e-04
-1.0580156748654410e-04
-1.0506361191634063e-04
-1.0442696471060358e-04
-1.0377020131845095e-04
-1.0305521318564673e-04
-1.0242083854091190e-04
-1.0174797978093946e-04
-1.0103831899245062e-04
-1.0040120638291684e-04
-9.9706590162739028e-05
-9.9036968764642134e-05
-9.8411097985255533e-05
-9.7687952241130133e-05
-9.7049563636626547e-05
-9.6412072849981443e-05
-9.5677302129134237e-05
-9.5084114354185314e-05
-9.4415608311206308e-05
-9.3733269992124366e-05
-9.3140390331233799e-05
-9.2416038229259850e-05
-9.1804244702187052e-05
-9.1186224579624798e-05
-9.0487009053089620e-05
-8.9904947839543925e-05
-8.9229936459297730e-05
-8.8590381999549889e-05
-8.8002520804367638e-05
-8.7310627005110378e-05
-8.6734716631113148e-05
-8.6081396624617133e-05
-8.5465245662060148e-05
-8.4854951318262810e-05
-8.4207000436766565e-05
-8.3636434071422181e-05
-8.2965479958724094e-05
-8.2402518679092191e-05
-8.1773996223595010e-05
-8.1152297247311954e-05
-8.0598524856287761e-05
-7.9918011859301060e-05
-7.9390281245460606e-05
-7.8737447385102884e-05
-7.8173525818861026e-05
-7.7571938876060576e-05
-7.6971244288590894e-05
-7.6394693056855992e-05
-7.5784712272874611e-05
-7.5239535207633382e-05
-7.4595782473746035e-05
-7.4079047143977409e-05
-7.3436811596704562e-05
-7.2898549377044459e-05
-7.2298458023730750e-05
-7.1728238854491160e-05
-7.1158829669191854e-05
-7.0580570257315549e-05
-7.0020680470886504e-05
-6.9437329675764084e-05
-6.8889436542337920e-05
-6.8285988411636596e-05
-6.7772344806014972e-05
-6.7146416481038917e-05
-6.6648298535241032e-05
-6.6028462676583297e-05
-6.5525553004835833e-05
-6.4911309513172202e-05
-6.4409645355528538e-05
-6.3788168889394081e-05
-6.3303967571943574e-05
-6.2675642035890414e-05
-6.2193115292367198e-05
-6.1577498819625169e-05
-6.1085199919273019e-05
-6.0478239377754407e-05
-5.9980010537601226e-05
-5.9374344793514606e-05
-5.8884103686527213e-05
-5.8278040288235042e-05
-5.7778714240153235e-05
-5.7198662787941599e-05
-5.6672772936352911e-05
-5.6120883252457120e-05
-5.5574177947203759e-05
-5.5031765316408752e-05
-5.4479433066966055e-05
-5.3946979129221320e-05
-5.3381351769800581e-05
-5.2873003574817702e-05
-5.2278178696885051e-05
-5.1786736359276440e-05
-5.1191657025091984e-05
-5.0684948072870208e-05
-5.0118905152369212e-05
-4.9575281382880746e-05
-4.9047940159562838e-05
-4.8466999186257726e-05
-4.7968959502748060e-05
-4.7365347316234710e-05
-4.6856379246514957e-05
-4.6289982523181721e-05
-4.5746275695544030e-05
-4.5208963232729505e-05
-4.4634253379075005e-05
-4.4123960515926898e-05
-4.3519924017806932e-05
-4.2999471170699488e-05
-4.2432996511140007e-05
-4.1872205701758654e-05
-4.1343668345147543e-05
-4.0737973756713026e-05
-4.0208582829391268e-05
-3.9639991430850426e-05
-3.9067404823348851e-05
-3.8532323588772730e-05
-3.7920346474631411e-05
0.0000000000000000e+00
];
