%Vec Object:dSdr_b_aug_4490 1 MPI processes
%  type: seq
dSdr_b_aug_4490 = [
2.3429634721904199e+03
0.0000000000000000e+00
-9.9367581326853014e-07
-4.1002139981422149e-07
-2.5419891691350065e-07
-1.8030863053181499e-07
-1.3534423476316006e-07
-1.0754966264030278e-07
-8.8709749672171248e-08
-7.4514264201713319e-08
-6.3972845524745798e-08
-5.5892202676959703e-08
-4.9309177056639143e-08
-4.3975531370125561e-08
-3.9602670651819330e-08
-3.5914628039012963e-08
-3.2762553789463274e-08
-3.0073023763271088e-08
-2.7747416540623970e-08
-2.6472836665768918e-08
-2.7526574873184084e-05
-7.1088001000337031e-04
-6.8745520700003800e-04
-6.4859061495932933e-04
-6.0524500661750117e-04
-5.6342241114457927e-04
-5.2334060970954995e-04
-4.8286820697876243e-04
-4.4135315756707263e-04
-3.9700089460148024e-04
-3.5797425774226888e-04
-3.2047395583869665e-04
-2.8507916229608330e-04
-2.4775479737082132e-04
-2.1739797998179120e-04
-1.9097837378980712e-04
-1.6786967541248529e-04
-1.4604531084108643e-04
-1.2951510173464393e-04
-1.1697718839952278e-04
-1.0707672933046087e-04
-9.9094195495056121e-05
-9.4118092290349390e-05
-9.1081317644556157e-05
-8.9419667709715269e-05
-8.9024048746022959e-05
-8.9509911662183123e-05
-9.0516450952126591e-05
-9.1972210026832900e-05
-9.3936779640062582e-05
-9.5665227325768737e-05
-9.7477653027009585e-05
-9.9321917002391725e-05
-1.0109554136261058e-04
-1.0258037043665712e-04
-1.0390755997969177e-04
-1.0517911865070806e-04
-1.0620255977613084e-04
-1.0703994587969093e-04
-1.0771187343665304e-04
-1.0831356491515490e-04
-1.0870422855401309e-04
-1.0893247966385754e-04
-1.0910951009447083e-04
-1.0918499023708935e-04
-1.0912576753186957e-04
-1.0900420989373172e-04
-1.0882295329737921e-04
-1.0855285025100896e-04
-1.0822543327923237e-04
-1.0787805325882987e-04
-1.0747941154338937e-04
-1.0704687908737801e-04
-1.0655099925184203e-04
-1.0606431486328210e-04
-1.0555036763867514e-04
-1.0498998562030986e-04
-1.0445153937155959e-04
-1.0390260114481377e-04
-1.0328005957964044e-04
-1.0270308617118435e-04
-1.0212306297510709e-04
-1.0148640959685015e-04
-1.0089789260357187e-04
-1.0031322726873222e-04
-9.9633847228713170e-05
-9.9046096493153393e-05
-9.8439413213048777e-05
-9.7780576493524131e-05
-9.7194287187667464e-05
-9.6572296665367981e-05
-9.5917458725173756e-05
-9.5328017971981656e-05
-9.4685693233638454e-05
-9.4067515147552416e-05
-9.3488498109790187e-05
-9.2819343354078344e-05
-9.2230341668587929e-05
-9.1639827469735616e-05
-9.0960059726586344e-05
-9.0413178268971094e-05
-8.9793391348614538e-05
-8.9162839105713581e-05
-8.8615636816235111e-05
-8.7944085199169792e-05
-8.7379569296098400e-05
-8.6808275063615534e-05
-8.6160892740468520e-05
-8.5623657388036954e-05
-8.4999563229827473e-05
-8.4407937797585837e-05
-8.3865130211355381e-05
-8.3225767020001824e-05
-8.2693247039002403e-05
-8.2090218886919910e-05
-8.1520629383350293e-05
-8.0956529921651294e-05
-8.0358541928532979e-05
-7.9831451289102173e-05
-7.9211406680405319e-05
-7.8692831358059947e-05
-7.8111560520713650e-05
-7.7537747804559364e-05
-7.7028227420527893e-05
-7.6398297211927090e-05
-7.5913015216997668e-05
-7.5310580559359290e-05
-7.4789715745571147e-05
-7.4236750402105240e-05
-7.3681939180181381e-05
-7.3150763136768556e-05
-7.2589261817532138e-05
-7.2086741398548390e-05
-7.1493967004411985e-05
-7.1018727002435889e-05
-7.0427043171762614e-05
-6.9931983823478392e-05
-6.9379840711454718e-05
-6.8854962016648107e-05
-6.8331663640915232e-05
-6.7800114807295542e-05
-6.7284937502222014e-05
-6.6749888360016267e-05
-6.6245845629201618e-05
-6.5691526667899808e-05
-6.5221186697991557e-05
-6.4644884737457693e-05
-6.4189655824399349e-05
-6.3619977082403906e-05
-6.3158862521880992e-05
-6.2596537767027247e-05
-6.2136301467683542e-05
-6.1566988800563306e-05
-6.1124045373260805e-05
-6.0548217025560206e-05
-6.0107249125376645e-05
-5.9543611695729255e-05
-5.9093363246823196e-05
-5.8538363523116470e-05
-5.8083181884456734e-05
-5.7528988498727346e-05
-5.7082745763305446e-05
-5.6527511729375680e-05
-5.6072971292491269e-05
-5.5543583873448261e-05
-5.5063342509839919e-05
-5.4561392273843713e-05
-5.4061986593758123e-05
-5.3568511601919601e-05
-5.3065293597061282e-05
-5.2580538309148560e-05
-5.2065966578110862e-05
-5.1603741824336192e-05
-5.1062570648109095e-05
-5.0616298237998165e-05
-5.0074990106821842e-05
-4.9615061907775711e-05
-4.9101202247989518e-05
-4.8607192930881554e-05
-4.8130015392406027e-05
-4.7601674569187307e-05
-4.7151388021316083e-05
-4.6603835621959920e-05
-4.6142508474546742e-05
-4.5630790887996961e-05
-4.5137808322637250e-05
-4.4652304472779405e-05
-4.4132316756984049e-05
-4.3671393960598636e-05
-4.3125452063858587e-05
-4.2655461565388480e-05
-4.2143749911620194e-05
-4.1637712974326321e-05
-4.1160730804706646e-05
-4.0614597905228570e-05
-4.0137106294729907e-05
-3.9624638924014423e-05
-3.9109091331820390e-05
-3.8625927116364200e-05
-3.8072888165964153e-05
0.0000000000000000e+00
];
