%Vec Object:dSdr_b_aug_6240 1 MPI processes
%  type: seq
dSdr_b_aug_6240 = [
2.3158298744220851e+03
0.0000000000000000e+00
-8.2800476337211615e-07
-3.4188743062917093e-07
-2.1231653726341141e-07
-1.5066649642619885e-07
-1.1293594195821612e-07
-8.9608694678590950e-08
-7.3797847501134693e-08
-6.1905467876446548e-08
-5.3074472338340833e-08
-4.6304561448744112e-08
-4.0793383099597006e-08
-3.6328979382488134e-08
-3.2668835208207809e-08
-2.9582747449728871e-08
-2.6946035176133645e-08
-2.4696356125593621e-08
-2.5957996460475517e-08
-1.2958883688912680e-04
-7.5077906428705704e-04
-7.1435317078566559e-04
-6.7578329949405087e-04
-6.3733910078663512e-04
-5.9466678625187100e-04
-5.5347902159627756e-04
-5.1399252749128167e-04
-4.7411348368917266e-04
-4.3319622867738676e-04
-3.8946582908906978e-04
-3.5098334945483348e-04
-3.1399721047931366e-04
-2.7908120812534268e-04
-2.4225639265784129e-04
-2.1230333135172566e-04
-1.8623276198969241e-04
-1.6342843425837418e-04
-1.4189202673543276e-04
-1.2558011668177831e-04
-1.1320871734970762e-04
-1.0344327462828450e-04
-9.5572781682211512e-05
-9.0670895149594596e-05
-8.7685203177048562e-05
-8.6058415555651584e-05
-8.5683915468878275e-05
-8.6180211123407512e-05
-8.7191306035769113e-05
-8.8646681396783525e-05
-9.0608532286146160e-05
-9.2335023633599095e-05
-9.4144394490232471e-05
-9.5987053179943658e-05
-9.7761171538127467e-05
-9.9248070159074035e-05
-1.0057985008722583e-04
-1.0185923652556215e-04
-1.0289166554454847e-04
-1.0373952720569940e-04
-1.0442472182158945e-04
-1.0504196896363870e-04
-1.0544845866484928e-04
-1.0569431186350530e-04
-1.0589248689658946e-04
-1.0598733506969049e-04
-1.0594867684322298e-04
-1.0584992502548543e-04
-1.0569218575871150e-04
-1.0544489316409359e-04
-1.0514158092108378e-04
-1.0481988759507249e-04
-1.0444497622088708e-04
-1.0403627871261975e-04
-1.0356864964492398e-04
-1.0310631804650257e-04
-1.0261657644634481e-04
-1.0208488733259009e-04
-1.0157066934949555e-04
-1.0104586801200935e-04
-1.0045272498410699e-04
-9.9900049947668291e-05
-9.9344592232026633e-05
-9.8736506424682352e-05
-9.8172153794590488e-05
-9.7611827299273234e-05
-9.6961278543596007e-05
-9.6397594989445346e-05
-9.5815561488375614e-05
-9.5184362886549005e-05
-9.4621741518832516e-05
-9.4024788697865067e-05
-9.3396934947205198e-05
-9.2830958614226875e-05
-9.2214372109235618e-05
-9.1621514781555947e-05
-9.1065559482865889e-05
-9.0422979470930126e-05
-8.9858286373099204e-05
-8.9290894379985295e-05
-8.8638199489935924e-05
-8.8114110326280952e-05
-8.7518303308849795e-05
-8.6913240553688838e-05
-8.6388521003556609e-05
-8.5742958174158323e-05
-8.5201712666763601e-05
-8.4653417262863819e-05
-8.4031547625091388e-05
-8.3516375893645411e-05
-8.2917343568663569e-05
-8.2349309159033355e-05
-8.1828677293807684e-05
-8.1215170056667520e-05
-8.0704007150383101e-05
-8.0125733022507639e-05
-7.9579061415931997e-05
-7.9037699419836510e-05
-7.8464303532458485e-05
-7.7958611970944922e-05
-7.7363625399926573e-05
-7.6866897178766045e-05
-7.6308883942064878e-05
-7.5758641202375865e-05
-7.5270901989498001e-05
-7.4665869009183207e-05
-7.4201480545693397e-05
-7.3623852755269281e-05
-7.3124180801845880e-05
-7.2595147377252063e-05
-7.2062920296437759e-05
-7.1554078266311116e-05
-7.1016438908269361e-05
-7.0534914417872869e-05
-6.9967231951003139e-05
-6.9512416269689787e-05
-6.8945614380972730e-05
-6.8471819820465545e-05
-6.7943277202825171e-05
-6.7440715441616369e-05
-6.6940113165074675e-05
-6.6431555642363366e-05
-6.5938386171569133e-05
-6.5427111481231184e-05
-6.4944652265959960e-05
-6.4414515069097491e-05
-6.3965489494917339e-05
-6.3413614025316836e-05
-6.2979495440749551e-05
-6.2434504433478609e-05
-6.1993961769402564e-05
-6.1457191835632331e-05
-6.1017346672742618e-05
-6.0473709453209147e-05
-6.0051073507893503e-05
-5.9501084710370525e-05
-5.9080572429673991e-05
-5.8542519522097017e-05
-5.8112968673155227e-05
-5.7583544508831003e-05
-5.7149551086351335e-05
-5.6620692846229116e-05
-5.6196106509939921e-05
-5.5665891146951977e-05
-5.5233394606794002e-05
-5.4728944494892285e-05
-5.4271171757918133e-05
-5.3793802199415190e-05
-5.3317677866844821e-05
-5.2848290475637216e-05
-5.2369247010718533e-05
-5.1907969510316290e-05
-5.1418527912570173e-05
-5.0979005650269790e-05
-5.0464243437475422e-05
-5.0040204235826021e-05
-4.9525362954104561e-05
-4.9088460882512142e-05
-4.8600286542572949e-05
-4.8130698201483901e-05
-4.7678212025225170e-05
-4.7175761874274086e-05
-4.6748980331027050e-05
-4.6229021627095162e-05
-4.5791144451394459e-05
-4.5306341238107618e-05
-4.4838326598654418e-05
-4.4378324620121956e-05
-4.3885273127589614e-05
-4.3448652600919425e-05
-4.2931307794692226e-05
-4.2486158457402797e-05
-4.2001405860558540e-05
-4.1522325103798239e-05
-4.1070727263043690e-05
-4.0553923976808404e-05
-4.0101998584293367e-05
-3.9617193903702336e-05
-3.9129802061140693e-05
-3.8672418005449493e-05
-3.8149588173981169e-05
0.0000000000000000e+00
];
