%Vec Object:dSdr_b_aug_6100 1 MPI processes
%  type: seq
dSdr_b_aug_6100 = [
2.3176926282642976e+03
0.0000000000000000e+00
-8.3875920075112493e-07
-3.4654543688198137e-07
-2.1533730282104931e-07
-1.5291788894496648e-07
-1.1471976162496512e-07
-9.1102765841825838e-08
-7.5094797451641968e-08
-6.3049498354125196e-08
-5.4104448459401087e-08
-4.7246990942013792e-08
-4.1662931668758924e-08
-3.7139013203508248e-08
-3.3429940928716367e-08
-3.0302109598384527e-08
-2.7629229028349030e-08
-2.5348578750838339e-08
-2.4703986394261299e-08
-7.2991661933177033e-05
-7.4996647394077066e-04
-7.1522286372777231e-04
-6.7662413527359649e-04
-6.3813654056608764e-04
-5.9541627569204632e-04
-5.5418352631314951e-04
-5.1465485357812704e-04
-4.7473376937911123e-04
-4.3377415971972318e-04
-3.8999970016263678e-04
-3.5147866615895472e-04
-3.1445609795671637e-04
-2.7950617251848919e-04
-2.4264596321454482e-04
-2.1266429517782117e-04
-1.8656899602773787e-04
-1.6374310317583311e-04
-1.4218629346227074e-04
-1.2585891659127628e-04
-1.1347571948977166e-04
-1.0370071065455682e-04
-9.5822279439894799e-05
-9.0915134539370644e-05
-8.7925823276206548e-05
-8.6296565600192985e-05
-8.5920569201142048e-05
-8.6416125559584330e-05
-8.7426897693429844e-05
-8.8882300247601406e-05
-9.0844343768470477e-05
-9.2570973730929902e-05
-9.4380561032926579e-05
-9.6223333464187216e-05
-9.7997416826194211e-05
-9.9484168820686188e-05
-1.0081562351698323e-04
-1.0209445534973860e-04
-1.0312624756397925e-04
-1.0397336701212844e-04
-1.0465762163316208e-04
-1.0527376662941882e-04
-1.0567913502691786e-04
-1.0592374108788818e-04
-1.0612041799092731e-04
-1.0621389390696826e-04
-1.0617377865343479e-04
-1.0607341100625804e-04
-1.0591400549863867e-04
-1.0566509674667908e-04
-1.0536007664492499e-04
-1.0503656337555307e-04
-1.0465997066870798e-04
-1.0424958441632006e-04
-1.0377995373698091e-04
-1.0331589670465311e-04
-1.0282444009756137e-04
-1.0229071804627751e-04
-1.0177478345218795e-04
-1.0124827197791437e-04
-1.0065304601747381e-04
-1.0009864940304034e-04
-9.9541451184400836e-05
-9.8931341319885189e-05
-9.8365276606633876e-05
-9.7803225666277032e-05
-9.7150634169034360e-05
-9.6585245417295967e-05
-9.6001465440745086e-05
-9.5368308635110618e-05
-9.4804010356891718e-05
-9.4205283575635803e-05
-9.3575517953050781e-05
-9.3007879129204180e-05
-9.2389469030230019e-05
-9.1794817687326685e-05
-9.1237228428398058e-05
-9.0592765554508244e-05
-9.0026350155346838e-05
-8.9457319917901084e-05
-8.8802706874152753e-05
-8.8277002840934609e-05
-8.7679496810810100e-05
-8.7072628087310659e-05
-8.6546315601564272e-05
-8.5898911427720984e-05
-8.5356017178103897e-05
-8.4806092272953087e-05
-8.4182415023373295e-05
-8.3665680051600867e-05
-8.3064872058419471e-05
-8.2495166189792100e-05
-8.1972963141864786e-05
-8.1357623971924613e-05
-8.0844947885336195e-05
-8.0264919898140506e-05
-7.9716624524690609e-05
-7.9173651545594314e-05
-7.8598513271164986e-05
-7.8091305553523315e-05
-7.7494543583550500e-05
-7.6996267463205981e-05
-7.6436606391337017e-05
-7.5884693684218703e-05
-7.5395411243525635e-05
-7.4788614258079164e-05
-7.4322745457493678e-05
-7.3743360064257505e-05
-7.3242186565951464e-05
-7.2711457530059441e-05
-7.2177630330128869e-05
-7.1667205902883980e-05
-7.1127875890353436e-05
-7.0644863808312216e-05
-7.0075403542146241e-05
-6.9619140768623035e-05
-6.9050575958556535e-05
-6.8575274757642161e-05
-6.8045060011338743e-05
-6.7540917063798863e-05
-6.7038706736566572e-05
-6.6528520247085223e-05
-6.6033791490454364e-05
-6.5520832346860445e-05
-6.5036843909640986e-05
-6.4504993401101970e-05
-6.4054457672796952e-05
-6.3500851552619595e-05
-6.3065237272731960e-05
-6.2518497105728394e-05
-6.2076496895466511e-05
-6.1537916367982991e-05
-6.1096626466481364e-05
-6.0551170107168535e-05
-6.0127095350792829e-05
-5.9575275787158536e-05
-5.9153314200246137e-05
-5.8613448596355323e-05
-5.8182431297249793e-05
-5.7651195072418546e-05
-5.7215700439729276e-05
-5.6685047173736804e-05
-5.6258926456773239e-05
-5.5726938491787337e-05
-5.5292880117418024e-05
-5.4786663169610583e-05
-5.4327298507242054e-05
-5.3848187382240478e-05
-5.3370413543689709e-05
-5.2899319523330472e-05
-5.2418563270761832e-05
-5.1955622350059223e-05
-5.1464400262463955e-05
-5.1023269514132389e-05
-5.0506636208423997e-05
-5.0081021774576930e-05
-4.9564305303817826e-05
-4.9125771826512250e-05
-4.8635777676971903e-05
-4.8164459111325138e-05
-4.7710223558367533e-05
-4.7205939064341275e-05
-4.6777492213299852e-05
-4.6255578521443563e-05
-4.5816039957748458e-05
-4.5329329912860532e-05
-4.4859546368401855e-05
-4.4397737676957301e-05
-4.3902777876104866e-05
-4.3464435700228869e-05
-4.2945065006710785e-05
-4.2498155971775953e-05
-4.2011493735106071e-05
-4.1530503713846571e-05
-4.1077108249518751e-05
-4.0558228280921402e-05
-4.0104493713299404e-05
-3.9617733145830365e-05
-3.9128355075614448e-05
-3.8669168820092432e-05
-3.8144328447100137e-05
0.0000000000000000e+00
];
