%Vec Object:dSdr_b_aug_7090 1 MPI processes
%  type: seq
dSdr_b_aug_7090 = [
2.3013341065070495e+03
0.0000000000000000e+00
-7.5440696096954692e-07
-3.1212651103071148e-07
-1.9433375146701391e-07
-1.3818796249082990e-07
-1.0370805100700579e-07
-8.2386363916317093e-08
-6.7933729464869073e-08
-5.7064807116867283e-08
-4.8992711213036831e-08
-4.2804034200514822e-08
-3.7764763199160390e-08
-3.3682013132217883e-08
-3.0334468172534063e-08
-2.7511328855143965e-08
-2.5098643334673323e-08
-2.3061407834114922e-08
-3.7971972108316348e-06
-7.4874948409230395e-04
-7.4853569110950940e-04
-7.0962857008955436e-04
-6.7127273391873578e-04
-6.3306208200615359e-04
-5.9064696041174764e-04
-5.4970046808247618e-04
-5.1044019567819351e-04
-4.7078663217390643e-04
-4.3009654292911577e-04
-3.8660245547846950e-04
-3.4832675913678293e-04
-3.1153600542653737e-04
-2.7680194684932043e-04
-2.4016696344077496e-04
-2.1036733208426616e-04
-1.8442939899839049e-04
-1.6174073410293033e-04
-1.4031375214364523e-04
-1.2408479715702214e-04
-1.1177667423162056e-04
-1.0206253859991151e-04
-9.4234621977684898e-05
-8.9360938451089731e-05
-8.6394658392696563e-05
-8.4781118822371864e-05
-8.4414644172149469e-05
-8.4914904277949471e-05
-8.5927730256558029e-05
-8.7382959709132407e-05
-8.9343777375337891e-05
-9.1069525218506671e-05
-9.2877735136803372e-05
-9.4719783735112425e-05
-9.6494089748376172e-05
-9.7981774748274306e-05
-9.9315298994417651e-05
-1.0059765998079975e-04
-1.0163350441939426e-04
-1.0248534685134224e-04
-1.0317558302736456e-04
-1.0379874141485229e-04
-1.0421124511518242e-04
-1.0446378721501901e-04
-1.0466999732836705e-04
-1.0477220547303514e-04
-1.0474136187658148e-04
-1.0465127641365280e-04
-1.0450247388007296e-04
-1.0426384940077782e-04
-1.0396969710694969e-04
-1.0365776488761431e-04
-1.0329187119321270e-04
-1.0289223111646641e-04
-1.0243533752069007e-04
-1.0198226013736656e-04
-1.0150171682864519e-04
-1.0098093120186510e-04
-1.0047592011447589e-04
-9.9960290949011911e-05
-9.9378319553615499e-05
-9.8834878053684390e-05
-9.8288755378032034e-05
-9.7691525430982832e-05
-9.7136355413661012e-05
-9.6585277833270738e-05
-9.5945685151044952e-05
-9.5391147280178771e-05
-9.4818480853336355e-05
-9.4197784914077236e-05
-9.3644157514834455e-05
-9.3056719181118302e-05
-9.2439119596429901e-05
-9.1882059893710812e-05
-9.1275254083313575e-05
-9.0692018806837318e-05
-9.0144827117486301e-05
-8.9512345679485991e-05
-8.8956890001574398e-05
-8.8398284595523949e-05
-8.7755877564320639e-05
-8.7240449619082347e-05
-8.6653755120984552e-05
-8.6058378538620312e-05
-8.5542202577263736e-05
-8.4906515657933498e-05
-8.4374113053927943e-05
-8.3834557356333541e-05
-8.3222382706717984e-05
-8.2715595296582763e-05
-8.2126086632971365e-05
-8.1567016967426935e-05
-8.1054812022246251e-05
-8.0451130218176593e-05
-7.9948083141089636e-05
-7.9379215705776673e-05
-7.8841253051284936e-05
-7.8308531442258577e-05
-7.7744480717390759e-05
-7.7246920946916911e-05
-7.6661456595813340e-05
-7.6173030417643384e-05
-7.5623855223224369e-05
-7.5082569230609314e-05
-7.4603107007061175e-05
-7.4007535138469316e-05
-7.3551086355643950e-05
-7.2982885339385232e-05
-7.2491266813857799e-05
-7.1971327677333881e-05
-7.1447682720456024e-05
-7.0947327764113644e-05
-7.0418756110032592e-05
-6.9945210212912163e-05
-6.9387062845575564e-05
-6.8940008542918787e-05
-6.8382661958227243e-05
-6.7916948159687271e-05
-6.7397373887936133e-05
-6.6903292711387077e-05
-6.6411315105043226e-05
-6.5911494435102493e-05
-6.5426688089810695e-05
-6.4924447851302989e-05
-6.4450190518117553e-05
-6.3929242555092267e-05
-6.3488316596071678e-05
-6.2945723358707542e-05
-6.2519626843120734e-05
-6.1984017342959054e-05
-6.1551292140862588e-05
-6.1024233213345022e-05
-6.0592136823379915e-05
-6.0058256449948408e-05
-5.9643337489101496e-05
-5.9103167898651138e-05
-5.8690428896850742e-05
-5.8162098285248290e-05
-5.7740412670581381e-05
-5.7220707397773501e-05
-5.6794765648328699e-05
-5.6275534942685159e-05
-5.5859178193836573e-05
-5.5338470104861727e-05
-5.4914350405940256e-05
-5.4419376651652354e-05
-5.3970142158872761e-05
-5.3502113439157201e-05
-5.3034836193366137e-05
-5.2574602272236208e-05
-5.2104745317080034e-05
-5.1652389558436120e-05
-5.1172497607472735e-05
-5.0741602475100158e-05
-5.0236875879793388e-05
-4.9821285485005295e-05
-4.9316501826713742e-05
-4.8888349886643411e-05
-4.8409936195422987e-05
-4.7949628051561893e-05
-4.7506524829755727e-05
-4.7013913390038502e-05
-4.6596064000546757e-05
-4.6086591196335429e-05
-4.5657625296184765e-05
-4.5183049878036777e-05
-4.4724523400710672e-05
-4.4274212525141552e-05
-4.3791397249495378e-05
-4.3364012085235455e-05
-4.2857534794700291e-05
-4.2421825820424874e-05
-4.1947318587461022e-05
-4.1478482381226372e-05
-4.1036532220255177e-05
-4.0530876610168955e-05
-4.0088670173775571e-05
-3.9614384058213601e-05
-3.9137705499891541e-05
-3.8690157039662426e-05
-3.8179013214260932e-05
0.0000000000000000e+00
];
