%Vec Object:dSdr_b_aug_1630 1 MPI processes
%  type: seq
dSdr_b_aug_1630 = [
2.4269571584647028e+03
0.0000000000000000e+00
-1.7931828826392532e-06
-7.3445755491186781e-07
-4.5019686925737050e-07
-3.1712191386739385e-07
-2.3791496762850849e-07
-1.8899853238842319e-07
-1.5584477010005327e-07
-1.3076208129314915e-07
-1.1214192155634996e-07
-9.7873334530839214e-08
-8.6240595136242905e-08
-7.6816071146853607e-08
-6.9090796872066484e-08
-6.2575749297043767e-08
-5.7007850221872335e-08
-5.2257754280833368e-08
-4.8151016715878356e-08
-4.4526809763685561e-08
-4.1351857247376114e-08
-3.8551845305789012e-08
-3.6034866602906195e-08
-3.6819717494781849e-08
-9.3116269641821560e-06
-4.8020077594713344e-04
-5.4655237571977903e-04
-5.0781794158638181e-04
-4.6476018524608582e-04
-4.1863397718477230e-04
-3.7804594758136497e-04
-3.3906951677893849e-04
-3.0230006546920214e-04
-2.6354143226757043e-04
-2.3202537983207680e-04
-2.0460364424744980e-04
-1.8062105875092538e-04
-1.5796993263397560e-04
-1.4081295894349417e-04
-1.2779696247747763e-04
-1.1750885404293300e-04
-1.0920463629644420e-04
-1.0401544727902306e-04
-1.0083200745181704e-04
-9.9070263040870456e-05
-9.8614008746429838e-05
-9.9069917947762191e-05
-1.0006337754433132e-04
-1.0152023836417074e-04
-1.0349261381265800e-04
-1.0522667842776961e-04
-1.0704787500170696e-04
-1.0889674797472888e-04
-1.1066895401827228e-04
-1.1214784117536913e-04
-1.1346185115387610e-04
-1.1471093531685790e-04
-1.1570857094060385e-04
-1.1651588000490109e-04
-1.1714971578705838e-04
-1.1770674463219541e-04
-1.1805196930942768e-04
-1.1822968227553439e-04
-1.1834600356518512e-04
-1.1836587534747655e-04
-1.1824760914034103e-04
-1.1806057283160811e-04
-1.1781179474143701e-04
-1.1747619974968428e-04
-1.1707957480683762e-04
-1.1665844479673024e-04
-1.1619167004150616e-04
-1.1569070421454091e-04
-1.1511371262891736e-04
-1.1455710809176170e-04
-1.1397366325658751e-04
-1.1333090007589076e-04
-1.1272289122223729e-04
-1.1210465274953138e-04
-1.1139770407583068e-04
-1.1075096679373784e-04
-1.1010041282587072e-04
-1.0938173816451678e-04
-1.0872384206673399e-04
-1.0806929668747973e-04
-1.0730713822094914e-04
-1.0665028741338894e-04
-1.0597283135250518e-04
-1.0523464195099010e-04
-1.0458039889606152e-04
-1.0388652186703030e-04
-1.0315420880360008e-04
-1.0249739863905217e-04
-1.0178117608038970e-04
-1.0109029879958740e-04
-1.0044506850304441e-04
-9.9699614201889756e-05
-9.9040819396973464e-05
-9.8383918335213737e-05
-9.7626420914106646e-05
-9.7014099813774667e-05
-9.6325463506593794e-05
-9.5621727696906854e-05
-9.5009974602369346e-05
-9.4263805866520462e-05
-9.3632477697632075e-05
-9.2995150904557405e-05
-9.2274518416105147e-05
-9.1673935605881101e-05
-9.0977885738701927e-05
-9.0318527484902313e-05
-8.9712050590684200e-05
-8.8998451670274076e-05
-8.8404612822360053e-05
-8.7730512726311944e-05
-8.7095123037280402e-05
-8.6465741433240182e-05
-8.5797146388831198e-05
-8.5208616292651015e-05
-8.4516626885664203e-05
-8.3935325777333809e-05
-8.3287279430855371e-05
-8.2645794336194605e-05
-8.2073737464807508e-05
-8.1372324171705314e-05
-8.0827054220785770e-05
-8.0153395921060507e-05
-7.9571683744380939e-05
-7.8950006851501362e-05
-7.8330353726094507e-05
-7.7735053930855604e-05
-7.7105041927744210e-05
-7.6542239575271148e-05
-7.5877423113328464e-05
-7.5343542343321376e-05
-7.4680419346331948e-05
-7.4124306148151803e-05
-7.3504403077352711e-05
-7.2915449695362303e-05
-7.2326988003388235e-05
-7.1729428267633302e-05
-7.1151063752674076e-05
-7.0547755219910129e-05
-6.9981743563119327e-05
-6.9357995776363866e-05
-6.8826459569051849e-05
-6.8180026155628269e-05
-6.7664186921568699e-05
-6.7023626676863179e-05
-6.6503447718815238e-05
-6.5867751961425295e-05
-6.5348970267636701e-05
-6.4705940283974663e-05
-6.4204691665006069e-05
-6.3554674864525911e-05
-6.3054976475174397e-05
-6.2417882837774791e-05
-6.1908209171926637e-05
-6.1279779004706452e-05
-6.0763763561004044e-05
-6.0136830028257912e-05
-5.9628409314481654e-05
-5.9001343818713402e-05
-5.8483512897748167e-05
-5.7882527675818804e-05
-5.7337776436117166e-05
-5.6765252391772320e-05
-5.6199003485431916e-05
-5.5636370454273805e-05
-5.5063744846487376e-05
-5.4511582474893703e-05
-5.3924859629302854e-05
-5.3397453897023507e-05
-5.2780460077621250e-05
-5.2270354232308341e-05
-5.1653057461861903e-05
-5.1127019488788100e-05
-5.0539415327279030e-05
-4.9975291769077372e-05
-4.9427223874391403e-05
-4.8824549576481653e-05
-4.8306779381337539e-05
-4.7680004563001938e-05
-4.7151352565589790e-05
-4.6562363949613135e-05
-4.5997699531663871e-05
-4.5438981678120332e-05
-4.4841662918320376e-05
-4.4310972984922843e-05
-4.3682935124862513e-05
-4.3141635283745537e-05
-4.2552537840019024e-05
-4.1969129817357436e-05
-4.1419299760172804e-05
-4.0789009193224488e-05
-4.0238197301208259e-05
-3.9646458346284923e-05
-3.9050393838913197e-05
-3.8494113886850642e-05
-3.7859128048386582e-05
0.0000000000000000e+00
];
