%Vec Object:dSdr_b_aug_2140 1 MPI processes
%  type: seq
dSdr_b_aug_2140 = [
2.4050700917663294e+03
0.0000000000000000e+00
-1.5308565331779142e-06
-6.2852147063207658e-07
-3.8662215669979759e-07
-2.7296000710607526e-07
-2.0488280673897815e-07
-1.6282847494287497e-07
-1.3432440945648004e-07
-1.1278123485845998e-07
-9.6786879807942644e-08
-8.4529228973652139e-08
-7.4536803878277082e-08
-6.6440767505401181e-08
-5.9804001685631204e-08
-5.4206483769642618e-08
-4.9422268696344095e-08
-4.5340506150922077e-08
-4.1811332412289584e-08
-3.8696333742293857e-08
-3.5967318155411080e-08
-3.3561153268292198e-08
-3.7551484112197129e-08
-2.9747583675275519e-05
-5.8879925725284076e-04
-5.8344988800549172e-04
-5.4312487815810838e-04
-5.0143243979742689e-04
-4.5865164466915234e-04
-4.1298071618067587e-04
-3.7280008123669392e-04
-3.3420938051471232e-04
-2.9779920094723093e-04
-2.5941542726232674e-04
-2.2820235282180039e-04
-2.0104253425877328e-04
-1.7728834836556678e-04
-1.5485330509170414e-04
-1.3786014294297287e-04
-1.2496909856340370e-04
-1.1478230640326998e-04
-1.0656216416871879e-04
-1.0142866741685082e-04
-9.8283560129322462e-05
-9.6547976516908279e-05
-9.6107569960580827e-05
-9.6571307936773581e-05
-9.7568186103443526e-05
-9.9024759023661529e-05
-1.0099509438639988e-04
-1.0272769100506797e-04
-1.0454659526381255e-04
-1.0639426366883802e-04
-1.0816684044380656e-04
-1.0964728061998831e-04
-1.1096473525075713e-04
-1.1221969339552386e-04
-1.1322407358077817e-04
-1.1403924359818769e-04
-1.1468303506890724e-04
-1.1525173696607482e-04
-1.1560883759670587e-04
-1.1579975924102303e-04
-1.1593194750665961e-04
-1.1596635312202387e-04
-1.1586351855838017e-04
-1.1569359579252883e-04
-1.1546246515885863e-04
-1.1514398717964260e-04
-1.1476545047201718e-04
-1.1436359580188321e-04
-1.1391462833743626e-04
-1.1343154829608074e-04
-1.1287575612455842e-04
-1.1233742595834763e-04
-1.1177214505944427e-04
-1.1115091306752323e-04
-1.1056108513733991e-04
-1.0996095901798261e-04
-1.0927607103580097e-04
-1.0864756730973797e-04
-1.0801544735675894e-04
-1.0731820987488036e-04
-1.0667844678785774e-04
-1.0604216534352580e-04
-1.0530164193863475e-04
-1.0466285120874131e-04
-1.0400389240402832e-04
-1.0328644270507533e-04
-1.0264996009462427e-04
-1.0197487137233999e-04
-1.0126280725941407e-04
-1.0062360481056848e-04
-9.9926696235998628e-05
-9.9254819665669467e-05
-9.8626894911468701e-05
-9.7901382310064516e-05
-9.7260828681563989e-05
-9.6621278534873912e-05
-9.5884096593263179e-05
-9.5288878841678508e-05
-9.4618237050266590e-05
-9.3933628534512262e-05
-9.3338746470285385e-05
-9.2612079702005778e-05
-9.1998213619789876e-05
-9.1378145129017465e-05
-9.0676657339908292e-05
-9.0092631051676657e-05
-8.9415387563686531e-05
-8.8773731992634243e-05
-8.8183895738808409e-05
-8.7489699104315632e-05
-8.6911886583734537e-05
-8.6256361884546088e-05
-8.5638169762362366e-05
-8.5025850328888621e-05
-8.4375709175997228e-05
-8.3803236923406753e-05
-8.3130051041675469e-05
-8.2565143972164343e-05
-8.1934550102036492e-05
-8.1310751889748439e-05
-8.0755039581076882e-05
-8.0072309137841236e-05
-7.9542717663368001e-05
-7.8887674404834311e-05
-7.8321865318804130e-05
-7.7718146904441428e-05
-7.7115440884205781e-05
-7.6536900497224639e-05
-7.5924794472873191e-05
-7.5377747427891680e-05
-7.4731759908091381e-05
-7.4213205508618223e-05
-7.3568753877923084e-05
-7.3028597733469565e-05
-7.2426404427992561e-05
-7.1854197625997388e-05
-7.1282767038003317e-05
-7.0702459930923074e-05
-7.0140610042018490e-05
-6.9555141802408703e-05
-6.9005326358512434e-05
-6.8399724506993116e-05
-6.7884182560313522e-05
-6.7256078718828447e-05
-6.6756080607642925e-05
-6.6134045965753042e-05
-6.5629304084338945e-05
-6.5012784583928527e-05
-6.4509304316712633e-05
-6.3885541099314568e-05
-6.3399531123833642e-05
-6.2768904221926643e-05
-6.2284555627788478e-05
-6.1666660504317760e-05
-6.1172518202967017e-05
-6.0563279810422231e-05
-6.0063163874596067e-05
-5.9455241693544782e-05
-5.8963071794450462e-05
-5.8354780147859865e-05
-5.7853490797917773e-05
-5.7271218346509873e-05
-5.6743327367823573e-05
-5.6189248450694629e-05
-5.5640469637664508e-05
-5.5095911692961034e-05
-5.4541426388800168e-05
-5.4006881454493574e-05
-5.3439015936989156e-05
-5.2928645802660289e-05
-5.2331468876204136e-05
-5.1838046403642472e-05
-5.1240609874939352e-05
-5.0731850178209211e-05
-5.0163519681985325e-05
-4.9617720952323702e-05
-4.9088180696547191e-05
-4.8504933887393363e-05
-4.8004800858112956e-05
-4.7398731188544752e-05
-4.6887674712005220e-05
-4.6318881054791671e-05
-4.5772950683920619e-05
-4.5233367164044704e-05
-4.4656258559584192e-05
-4.4143801606995748e-05
-4.3537218607559504e-05
-4.3014553913786026e-05
-4.2445678983764887e-05
-4.1882488466754888e-05
-4.1351691883933979e-05
-4.0743387525861999e-05
-4.0211723545596177e-05
-3.9640675610691165e-05
-3.9065596670657597e-05
-3.8528262367642566e-05
-3.7913823071643204e-05
0.0000000000000000e+00
];
