%Vec Object:dSdr_b_aug_2700 1 MPI processes
%  type: seq
dSdr_b_aug_2700 = [
2.3856580892371448e+03
0.0000000000000000e+00
-1.3341659321818744e-06
-5.4867786711985083e-07
-3.3838203933248185e-07
-2.3926992244023170e-07
-1.7959966823322449e-07
-1.4273087633404635e-07
-1.1774105426742903e-07
-9.8872633111573900e-08
-8.4863148269474669e-08
-7.4125811683506686e-08
-6.5374532359384881e-08
-5.8284099777247480e-08
-5.2471437366229383e-08
-4.7568994819306593e-08
-4.3378893545757056e-08
-3.9803899570651934e-08
-3.6712802415923719e-08
-3.3984414654666585e-08
-3.1594193911000753e-08
-3.2244775385826015e-08
-2.6069852585052292e-05
-6.3179560585519814e-04
-6.2011594834799472e-04
-5.7804608334887406e-04
-5.3710780491743413e-04
-4.9576228332934757e-04
-4.5336683404137147e-04
-4.0809868208739635e-04
-3.6827060054948354e-04
-3.3001302990309588e-04
-2.9391306375938561e-04
-2.5585295309331243e-04
-2.2490147622293452e-04
-1.9796780208560582e-04
-1.7441082095247815e-04
-1.5216234789073910e-04
-1.3531062386807241e-04
-1.2252746558585995e-04
-1.1242815189188675e-04
-1.0428060210582842e-04
-9.9195191141206190e-05
-9.6083180907663343e-05
-9.4370185025803956e-05
-9.3943461698516080e-05
-9.4413959172080173e-05
-9.5413788978644857e-05
-9.6870113299895222e-05
-9.8838687192142184e-05
-1.0057001629513686e-04
-1.0238694130604769e-04
-1.0423356964668031e-04
-1.0600646650308561e-04
-1.0748824757238043e-04
-1.0880867637070964e-04
-1.1006870621503444e-04
-1.1107890977647693e-04
-1.1190086708534173e-04
-1.1255325448432594e-04
-1.1313203511586863e-04
-1.1349938967050809e-04
-1.1370171594037326e-04
-1.1384760405883837e-04
-1.1389455846545519e-04
-1.1380504788079971e-04
-1.1364990127946046e-04
-1.1343400780218880e-04
-1.1313030898387262e-04
-1.1276739001029946e-04
-1.1238217804417671e-04
-1.1194858574126969e-04
-1.1148094863566599e-04
-1.1094346049711952e-04
-1.1042090884046461e-04
-1.0987131109704356e-04
-1.0926866961063248e-04
-1.0869453949836852e-04
-1.0811005198983638e-04
-1.0744421168978543e-04
-1.0683145116632692e-04
-1.0621524745346143e-04
-1.0553651920551468e-04
-1.0491241246947962e-04
-1.0429190042052182e-04
-1.0357005711031173e-04
-1.0294685976472641e-04
-1.0230387181454651e-04
-1.0160432914421554e-04
-1.0098318124284170e-04
-1.0032431471247069e-04
-9.9629733940273863e-05
-9.9005734337903750e-05
-9.8325501835804619e-05
-9.7670030851356346e-05
-9.7057048041484137e-05
-9.6348753494903482e-05
-9.5723949655826326e-05
-9.5099380629400657e-05
-9.4379739471703826e-05
-9.3799289086855244e-05
-9.3144184115803280e-05
-9.2476090485789312e-05
-9.1895775204717557e-05
-9.1185946822953064e-05
-9.0587157853763771e-05
-8.9981990524652552e-05
-8.9297032649795718e-05
-8.8727301592342117e-05
-8.8066295906429236e-05
-8.7439925184210941e-05
-8.6864456790869643e-05
-8.6187012476358820e-05
-8.5623037406406630e-05
-8.4983551074985729e-05
-8.4380207674997020e-05
-8.3782620059973722e-05
-8.3148412365041091e-05
-8.2589804775322709e-05
-8.1932854232477141e-05
-8.1382102103662440e-05
-8.0766577050308760e-05
-8.0158050045677103e-05
-7.9616449959426684e-05
-7.8949850662221631e-05
-7.8433796298385398e-05
-7.7794825638807357e-05
-7.7242747600110632e-05
-7.6654534895786086e-05
-7.6066461346039360e-05
-7.5502391368491322e-05
-7.4905745725432416e-05
-7.4372302129805737e-05
-7.3742571896607788e-05
-7.3237250594251801e-05
-7.2608920196538020e-05
-7.2082541694062888e-05
-7.1495639356780266e-05
-7.0937891889969568e-05
-7.0381166301092162e-05
-6.9815755462276024e-05
-6.9268164635909155e-05
-6.8698100066435049e-05
-6.8162268761582246e-05
-6.7572334478469088e-05
-6.7070602302070313e-05
-6.6458324585539171e-05
-6.5972004023422123e-05
-6.5365964764500732e-05
-6.4874551571780060e-05
-6.4274589243222373e-05
-6.3784320543051735e-05
-6.3177192646467946e-05
-6.2704340031348918e-05
-6.2090454766846437e-05
-6.1619359505424041e-05
-6.1018040776003380e-05
-6.0537308580016418e-05
-5.9944640764994382e-05
-5.9458252799305143e-05
-5.8866745417770825e-05
-5.8388606816988778e-05
-5.7796524908880664e-05
-5.7309517905676105e-05
-5.6743402460127774e-05
-5.6230068995972423e-05
-5.5691916000958833e-05
-5.5158221249298101e-05
-5.4629269732220576e-05
-5.4090447169175026e-05
-5.3571113526772583e-05
-5.3019529852336568e-05
-5.2523868647923785e-05
-5.1943802083442958e-05
-5.1464784435233364e-05
-5.0884495711673996e-05
-5.0390654508089806e-05
-4.9838965374932967e-05
-4.9308988776212386e-05
-4.8795445776615128e-05
-4.8228973190738648e-05
-4.7744068604365924e-05
-4.7155876363764264e-05
-4.6660012431744663e-05
-4.6108655767405980e-05
-4.5578901059476513e-05
-4.5055838883191951e-05
-4.4496180595461188e-05
-4.3999466938537840e-05
-4.3411409231714266e-05
-4.2904835447577765e-05
-4.2353422313547108e-05
-4.1807689751546848e-05
-4.1293329572220777e-05
-4.0704012394228929e-05
-4.0188887367095536e-05
-3.9635715846809735e-05
-3.9078780460654953e-05
-3.8557872126814197e-05
-3.7961534024463320e-05
0.0000000000000000e+00
];
