%Vec Object:dSdr_b_aug_750 1 MPI processes
%  type: seq
dSdr_b_aug_750 = [
2.4903663359894872e+03
0.0000000000000000e+00
-2.8839754096180582e-06
-1.1737951897775895e-06
-7.1257367561642799e-07
-4.9915228769360357e-07
-3.7446233715840478e-07
-2.9751743855937728e-07
-2.4537083972281615e-07
-2.0577049798956612e-07
-1.7637989377085195e-07
-1.5386386240720485e-07
-1.3549387857258889e-07
-1.2061080424234441e-07
-1.0841279492295923e-07
-9.8125508772073063e-08
-8.9333506115239169e-08
-8.1833577642648176e-08
-7.5349989999943434e-08
-6.9628586077453912e-08
-6.4616794005627312e-08
-6.0197164688852448e-08
-5.6223823276720609e-08
-5.2671875766558134e-08
-4.9485325952041511e-08
-4.6593592827565929e-08
-4.4057325458719126e-08
-8.7383149360588126e-08
-1.2253104616274680e-05
-2.7156487275314972e-04
-3.7676066132303997e-04
-3.5022455061927403e-04
-3.1414621105645900e-04
-2.7463982253883047e-04
-2.4235390704458411e-04
-2.1423457246328258e-04
-1.8963690174858241e-04
-1.6640203729302783e-04
-1.4880215560547302e-04
-1.3544819796569555e-04
-1.2488600975921465e-04
-1.1635433354783919e-04
-1.1101447001971911e-04
-1.0772732000857623e-04
-1.0589479552716530e-04
-1.0539566359026831e-04
-1.0583039114258290e-04
-1.0681460127377821e-04
-1.0827224091028119e-04
-1.1025013588594771e-04
-1.1198817207948467e-04
-1.1381557054249700e-04
-1.1566770228951593e-04
-1.1743890484513963e-04
-1.1891358963237063e-04
-1.2021827909017212e-04
-1.2145146974173444e-04
-1.2243085635932048e-04
-1.2321689583033650e-04
-1.2382379433764149e-04
-1.2434923927207782e-04
-1.2466233106822697e-04
-1.2480430523139599e-04
-1.2487769520385227e-04
-1.2485824275007207e-04
-1.2469822312437921e-04
-1.2446488271085842e-04
-1.2416835591997781e-04
-1.2378644745329463e-04
-1.2334088121732840e-04
-1.2286759798447536e-04
-1.2235264209774717e-04
-1.2180328276283628e-04
-1.2116893202811863e-04
-1.2056288260265946e-04
-1.1993029168641069e-04
-1.1922927169253512e-04
-1.1857207080437865e-04
-1.1790482583058510e-04
-1.1713818768647434e-04
-1.1644211605096725e-04
-1.1574168541287415e-04
-1.1496500845125685e-04
-1.1425805010235499e-04
-1.1355408822942151e-04
-1.1273339204926562e-04
-1.1202767631825811e-04
-1.1130017246347079e-04
-1.1050586790516505e-04
-1.0980357050925618e-04
-1.0905885804216669e-04
-1.0827175749741979e-04
-1.0756730621311860e-04
-1.0679882590807250e-04
-1.0605653850439298e-04
-1.0536448468491336e-04
-1.0456507424379400e-04
-1.0385692438721733e-04
-1.0315307704692574e-04
-1.0234061216266467e-04
-1.0168201462576521e-04
-1.0094469073355369e-04
-1.0018920246294948e-04
-9.9531801653741984e-05
-9.8732866708384711e-05
-9.8054291611517113e-05
-9.7370269268176127e-05
-9.6597837228043997e-05
-9.5952457666979556e-05
-9.5205523637610764e-05
-9.4498267480737485e-05
-9.3846766239100959e-05
-9.3080670820359286e-05
-9.2443469766011039e-05
-9.1719110476474954e-05
-9.1037189577266702e-05
-9.0361643141434475e-05
-8.9643117704984033e-05
-8.9011140178415945e-05
-8.8268274386239494e-05
-8.7642616214053836e-05
-8.6947349006146106e-05
-8.6258008823646430e-05
-8.5641728765796532e-05
-8.4889765616320741e-05
-8.4302074708558588e-05
-8.3578050029531507e-05
-8.2953309170029520e-05
-8.2283042359901446e-05
-8.1617535784039383e-05
-8.0976890392456738e-05
-8.0298430536661955e-05
-7.9692999382588697e-05
-7.8977237829956913e-05
-7.8401888840000242e-05
-7.7688247117210706e-05
-7.7088959281608200e-05
-7.6421139291744282e-05
-7.5786875077654472e-05
-7.5152332728826318e-05
-7.4508092969302028e-05
-7.3885045245139275e-05
-7.3233466672046867e-05
-7.2623633353940310e-05
-7.1950788579115230e-05
-7.1375977153297405e-05
-7.0679949916406201e-05
-7.0121249834178954e-05
-6.9430565397944329e-05
-6.8868618847981803e-05
-6.8181038466164664e-05
-6.7620856244297436e-05
-6.6925696788160631e-05
-6.6383217554616484e-05
-6.5680738172807786e-05
-6.5139508477609221e-05
-6.4450470141509295e-05
-6.3898773961091116e-05
-6.3218417394876329e-05
-6.2659383426827571e-05
-6.1981011742916130e-05
-6.1428622062492644e-05
-6.0750761119283023e-05
-6.0188174640322366e-05
-5.9536559343144786e-05
-5.8946190400797790e-05
-5.8323760578289772e-05
-5.7710244113787657e-05
-5.7098706693835769e-05
-5.6477000346738163e-05
-5.5877172063230140e-05
-5.5239428689007955e-05
-5.4665931599963085e-05
-5.3995321304198560e-05
-5.3440077481222166e-05
-5.2769047380084044e-05
-5.2196262307457879e-05
-5.1556512481087046e-05
-5.0942810874915934e-05
-5.0344616620822204e-05
-4.9689381801627557e-05
-4.9123895726332825e-05
-4.8441104860217168e-05
-4.7864851383139351e-05
-4.7221229250303962e-05
-4.6605885566763067e-05
-4.5995407318288137e-05
-4.5343419896702779e-05
-4.4763414198085828e-05
-4.4077347941959097e-05
-4.3485655310716676e-05
-4.2841879720281016e-05
-4.2203821454353563e-05
-4.1602567552647721e-05
-4.0912903469001554e-05
-4.0310469815381421e-05
-3.9663086831076044e-05
-3.9010965682609175e-05
-3.8405462062288424e-05
-3.7725737904290184e-05
0.0000000000000000e+00
];
