%Vec Object:dSdr_b_aug_2660 1 MPI processes
%  type: seq
dSdr_b_aug_2660 = [
2.3865945077886522e+03
0.0000000000000000e+00
-1.3429977434066818e-06
-5.5225008147575179e-07
-3.4053241474835606e-07
-2.4076498215369679e-07
-1.8071591490883540e-07
-1.4361349941516268e-07
-1.1846538746007253e-07
-9.9476768753676606e-08
-8.5378119149117815e-08
-7.4572493978308578e-08
-6.5765563372171756e-08
-5.8630070682210823e-08
-5.2780490174353127e-08
-4.7846940092718919e-08
-4.3630280999372509e-08
-4.0032640631678794e-08
-3.6921976150552811e-08
-3.4176346065305835e-08
-3.1770975580563055e-08
-3.1485003781388587e-08
-1.8261965438627839e-05
-6.2114652341692053e-04
-6.2036342576560232e-04
-5.7847824665047966e-04
-5.3751991078606633e-04
-4.9614845448128244e-04
-4.5372664837858178e-04
-4.0843106592626201e-04
-3.6857898081258273e-04
-3.3029872961785336e-04
-2.9417764322286436e-04
-2.5609549662396945e-04
-2.2512620942071341e-04
-1.9817713870510671e-04
-1.7460673129091820e-04
-1.5234555597836813e-04
-1.3548420243127165e-04
-1.2269369894664085e-04
-1.1258842946269653e-04
-1.0443593737114003e-04
-9.9347252588388217e-05
-9.6232989014863736e-05
-9.4518455299364744e-05
-9.4090800383742792e-05
-9.4560837657219781e-05
-9.5560466513704728e-05
-9.7016807766551300e-05
-9.8985501591001076e-05
-1.0071691699575726e-04
-1.0253397676490102e-04
-1.0438067592113691e-04
-1.0615355099006823e-04
-1.0763524077159829e-04
-1.0895546708378624e-04
-1.1021515163554566e-04
-1.1122495872779402e-04
-1.1204645394109320e-04
-1.1269825610689261e-04
-1.1327635055140273e-04
-1.1364300699136092e-04
-1.1384455680320050e-04
-1.1398951219775373e-04
-1.1403561224794813e-04
-1.1394519452973221e-04
-1.1378904192565311e-04
-1.1357211105988642e-04
-1.1326740603463042e-04
-1.1290342376154379e-04
-1.1251707871287010e-04
-1.1208243962536239e-04
-1.1161375112082469e-04
-1.1107501676395725e-04
-1.1055139086608764e-04
-1.1000072537314575e-04
-1.0939681819605664e-04
-1.0882161933556849e-04
-1.0823606710959684e-04
-1.0756892999232898e-04
-1.0695509762815383e-04
-1.0633781029203596e-04
-1.0565782188212557e-04
-1.0503264921682135e-04
-1.0441106354214342e-04
-1.0368794843722479e-04
-1.0306368944918357e-04
-1.0241961415727743e-04
-1.0171885232475384e-04
-1.0109666039221820e-04
-1.0043668940826943e-04
-9.9740918319738236e-05
-9.9115883663747592e-05
-9.8434515806442426e-05
-9.7777927882322933e-05
-9.7163927781747687e-05
-9.6454460980198995e-05
-9.5828584849938747e-05
-9.5202995865558191e-05
-9.4482160480475921e-05
-9.3900704690643585e-05
-9.3244541927287405e-05
-9.2575323914825125e-05
-9.1994016883845952e-05
-9.1283042094708009e-05
-9.0683226630813439e-05
-9.0077044786256557e-05
-8.9390961505666044e-05
-8.8820257186289863e-05
-8.8158145982483783e-05
-8.7530734622183489e-05
-8.6954288022017350e-05
-8.6275703159647177e-05
-8.5710785994677836e-05
-8.5070207723312737e-05
-8.4465853377916169e-05
-8.3867262776598470e-05
-8.3231970284216610e-05
-8.2672418746653601e-05
-8.2014362853337063e-05
-8.1462647013669123e-05
-8.0846096030011327e-05
-8.0236529315719560e-05
-7.9693968426897062e-05
-7.9026270872785152e-05
-7.8509294861589358e-05
-7.7869229931108342e-05
-7.7316217041146641e-05
-7.6726948661338595e-05
-7.6137878888714986e-05
-7.5572823721828107e-05
-7.4975125489187936e-05
-7.4440755729308694e-05
-7.3809918650768897e-05
-7.3303696398718720e-05
-7.2674268418450704e-05
-7.2146951891915846e-05
-7.1559008498789451e-05
-7.1000276596084962e-05
-7.0442549845721689e-05
-6.9876124823165902e-05
-6.9327563195781849e-05
-6.8756449896947445e-05
-6.8219666508485656e-05
-6.7628665528810864e-05
-6.7125993140107999e-05
-6.6512637931749908e-05
-6.6025386159080724e-05
-6.5418257884440815e-05
-6.4925937232284477e-05
-6.4324847639457650e-05
-6.3833679453477406e-05
-6.3225418971611235e-05
-6.2751670560826331e-05
-6.2136645472221749e-05
-6.1664647880586986e-05
-6.1062200576781549e-05
-6.0580555376431109e-05
-5.9986759382405222e-05
-5.9499436770504625e-05
-5.8906811815038568e-05
-5.8427717915761590e-05
-5.7834532393959290e-05
-5.7346552999138136e-05
-5.6779337529015540e-05
-5.6265012937754422e-05
-5.5725775649709466e-05
-5.5191053920566336e-05
-5.4661039860889929e-05
-5.4121150920255018e-05
-5.3600781635142788e-05
-5.3048089430403666e-05
-5.2551426782905253e-05
-5.1970195276916367e-05
-5.1490196886492729e-05
-5.0908740668067766e-05
-5.0413883745423534e-05
-4.9861061591993322e-05
-4.9330007745285855e-05
-4.8815375570575486e-05
-4.8247760906154959e-05
-4.7761819476896815e-05
-4.7172410034787023e-05
-4.6675511687572951e-05
-4.6122967787815927e-05
-4.5592111705408900e-05
-4.5067924601479426e-05
-4.4507078114563807e-05
-4.4009292446269700e-05
-4.3419973276579195e-05
-4.2912303709249669e-05
-4.2359701367698713e-05
-4.1812779723929315e-05
-4.1297299797403931e-05
-4.0706688835133532e-05
-4.0190436023204894e-05
-3.9636044216432949e-05
-3.9077866728772844e-05
-3.8555820833038834e-05
-3.7958147929979265e-05
0.0000000000000000e+00
];
