%Vec Object:dSdr_b_aug_40 1 MPI processes
%  type: seq
dSdr_b_aug_40 = [
2.7160480231744359e+03
0.0000000000000000e+00
-1.9361526837828774e-05
-7.6602868726013400e-06
-4.4685375457899088e-06
-3.0692730446069419e-06
-2.3078299455627452e-06
-1.8398914310996091e-06
-1.5229740345337319e-06
-1.2773116758287507e-06
-1.0951374957165196e-06
-9.5572603274596773e-07
-8.4155179674725963e-07
-7.4901678877336656e-07
-6.7320985964934281e-07
-6.0925110916423697e-07
-5.5455931760660367e-07
-5.0791783927099512e-07
-4.6760415715208807e-07
-4.3202121185449909e-07
-4.0085793183465088e-07
-3.7338273492369355e-07
-3.4868325002151623e-07
-3.2660666550990643e-07
-3.0680468665891580e-07
-2.8883737125625195e-07
-2.7250042447064400e-07
-2.5765420071057856e-07
-2.4407276262779245e-07
-2.3156785358336511e-07
-2.2008701181854857e-07
-2.0950909991786514e-07
-1.9967607624561322e-07
-1.9057345787396196e-07
-1.8212738833989146e-07
-1.7423051497195223e-07
-1.6686376581948998e-07
-1.5998431609742895e-07
-1.5352615165706846e-07
-1.4746080177555215e-07
-1.4176592263432578e-07
-1.3639985015720147e-07
-1.3133240167968285e-07
-1.2655240401701770e-07
-1.2203299837128907e-07
-1.1774557255266276e-07
-1.1368512194235883e-07
-1.0983400309664269e-07
-1.0616647923426082e-07
-1.0268092377081874e-07
-9.9364846817217838e-08
-9.6197837096058000e-08
-9.3177967278484675e-08
-9.0296361373565130e-08
-8.7538352311353131e-08
-8.4900304737750705e-08
-8.2376335702518148e-08
-7.9955709855217477e-08
-7.7634113300099318e-08
-7.5407605747856049e-08
-7.3268227594017225e-08
-7.1211706941897152e-08
-6.9235905413454369e-08
-6.7336741770635885e-08
-6.5516997688167967e-08
-6.3799152553292612e-08
-6.2262053573771687e-08
-6.1185507691071035e-08
-6.1527942026965500e-08
-6.6600506556451608e-08
-8.8646683070906082e-08
-1.7421553500194056e-07
-4.7575422919078485e-07
-1.4363272227576976e-06
-4.2932940818241343e-06
-1.1967358925293689e-05
-2.8803022948667908e-05
-5.5040099730543670e-05
-8.2205785340564461e-05
-1.0240843712415111e-04
-1.1505262318359564e-04
-1.2231322047079015e-04
-1.2616410974190467e-04
-1.2813710752800984e-04
-1.2894983086246813e-04
-1.2893900406375319e-04
-1.2867122532040395e-04
-1.2813886163403051e-04
-1.2737861432279629e-04
-1.2665122185137229e-04
-1.2582097941460935e-04
-1.2490446923833277e-04
-1.2407493320491398e-04
-1.2315471280641296e-04
-1.2225633417192687e-04
-1.2141874296290572e-04
-1.2044777407412731e-04
-1.1958137643500633e-04
-1.1872607124577070e-04
-1.1773527883274499e-04
-1.1692630677827451e-04
-1.1603046383085549e-04
-1.1510627536329784e-04
-1.1429999964968112e-04
-1.1332886890270574e-04
-1.1249607693349804e-04
-1.1165960798828294e-04
-1.1071803984159635e-04
-1.0992638230867113e-04
-1.0901328018582248e-04
-1.0814960350399433e-04
-1.0735106308498622e-04
-1.0641352189202829e-04
-1.0563470627225922e-04
-1.0474620567700015e-04
-1.0391231849952240e-04
-1.0308600184106732e-04
-1.0220440755642055e-04
-1.0143053458162741e-04
-1.0052151022135850e-04
-9.9750985731956806e-05
-9.8901499110483731e-05
-9.8055868223569003e-05
-9.7295159440622078e-05
-9.6378104787461766e-05
-9.5651871619756510e-05
-9.4763355043821153e-05
-9.3998087550597038e-05
-9.3169131202539571e-05
-9.2353872732598932e-05
-9.1565134347016173e-05
-9.0728449756626150e-05
-8.9983799272202685e-05
-8.9101657604245146e-05
-8.8390880367631943e-05
-8.7512251733003148e-05
-8.6771963184552271e-05
-8.5947654559500862e-05
-8.5165413637115704e-05
-8.4380380741430112e-05
-8.3583693382943445e-05
-8.2814720178308953e-05
-8.2005502002527355e-05
-8.1252558102198517e-05
-8.0419374123889749e-05
-7.9703237971125870e-05
-7.8845250277340839e-05
-7.8146580193075936e-05
-7.7292204643079044e-05
-7.6593860353016806e-05
-7.5736840999578240e-05
-7.5041461746925636e-05
-7.4176065761874573e-05
-7.3498946572688132e-05
-7.2625145196946863e-05
-7.1948296052818338e-05
-7.1089629962982790e-05
-7.0400713142334658e-05
-6.9550791924130137e-05
-6.8851287965575805e-05
-6.8004950309208354e-05
-6.7308990792648094e-05
-6.6465267855462048e-05
-6.5756547866782769e-05
-6.4939616453406275e-05
-6.4200304921057698e-05
-6.3414931627112965e-05
-6.2647092352366895e-05
-6.1875890969081390e-05
-6.1093950183060467e-05
-6.0338514177374578e-05
-5.9534214157074869e-05
-5.8810266257343526e-05
-5.7964638266034456e-05
-5.7262076362181208e-05
-5.6415669388934061e-05
-5.5690336811950872e-05
-5.4880425154483162e-05
-5.4104966254084105e-05
-5.3343246322882211e-05
-5.2516564537603002e-05
-5.1795484565160561e-05
-5.0930035338020394e-05
-5.0198651430917106e-05
-4.9376996954637988e-05
-4.8596612768127547e-05
-4.7817663888420000e-05
-4.6987842671522007e-05
-4.6247657555736728e-05
-4.5373208742970684e-05
-4.4618404551338025e-05
-4.3798026905541234e-05
-4.2984216463540181e-05
-4.2218951856375710e-05
-4.1341411251640106e-05
-4.0580243800043285e-05
-3.9769113061842107e-05
-3.8972318004930872e-05
-3.8314126738247189e-05
-3.8059405031640066e-05
0.0000000000000000e+00
];
