%Vec Object:dSdr_b_aug_7790 1 MPI processes
%  type: seq
dSdr_b_aug_7790 = [
2.2959654904902695e+03
0.0000000000000000e+00
-7.2862690382120434e-07
-3.0156151538776062e-07
-1.8785441743587052e-07
-1.3362235616521010e-07
-1.0028069434597820e-07
-7.9661896397516740e-08
-6.5685674222571610e-08
-5.5177476911134804e-08
-4.7373158190772116e-08
-4.1389663599894327e-08
-3.6517741290886476e-08
-3.2570582545529611e-08
-2.9334178807139923e-08
-2.6604781896149412e-08
-2.4272224505707074e-08
-2.2562632518607043e-08
-3.8926454320276942e-05
-7.8164033863056890e-04
-7.4476343040877249e-04
-7.0583107760878526e-04
-6.6766465983496585e-04
-6.2964106072293971e-04
-5.8743166228086721e-04
-5.4667815417648201e-04
-5.0759882748644715e-04
-4.6812561667580494e-04
-4.2761722826824560e-04
-3.8431215747615998e-04
-3.4620185884653981e-04
-3.0956738602449184e-04
-2.7497885702312493e-04
-2.3849571272031378e-04
-2.0881880387187910e-04
-1.8298696126368754e-04
-1.6039081046632258e-04
-1.3905135366353027e-04
-1.2288875119164898e-04
-1.1063124080425042e-04
-1.0095814390019627e-04
-9.3164282483792777e-05
-8.8313157242872538e-05
-8.5362403831808055e-05
-8.3759460689236646e-05
-8.3399405114021761e-05
-8.3902836180949200e-05
-8.4917046752540370e-05
-8.6372159480888774e-05
-8.8332150695699511e-05
-9.0057303823655967e-05
-9.1864585138632399e-05
-9.3706145735047945e-05
-9.5480601833006947e-05
-9.6968915814423589e-05
-9.8303835259957469e-05
-9.9588575458564517e-05
-1.0062715174569200e-04
-1.0148217822875294e-04
-1.0217644693973605e-04
-1.0280433348899968e-04
-1.0322164754059067e-04
-1.0347953981965475e-04
-1.0369217686672931e-04
-1.0380027195331394e-04
-1.0377567896236622e-04
-1.0369252536594466e-04
-1.0355087096397691e-04
-1.0331917975979263e-04
-1.0303235413971461e-04
-1.0272822943618640e-04
-1.0236954862061904e-04
-1.0197715321806432e-04
-1.0152884649449546e-04
-1.0108317118534297e-04
-1.0060998521970910e-04
-1.0009792085456590e-04
-9.9600273992388939e-05
-9.9091981278475743e-05
-9.8518945623795828e-05
-9.7982889659022299e-05
-9.7444233706461231e-05
-9.6855686926516788e-05
-9.6307861712490613e-05
-9.5764181968016447e-05
-9.5133352609575556e-05
-9.4586130003826354e-05
-9.4020955923985704e-05
-9.3408660643473030e-05
-9.2862227158835273e-05
-9.2282399082459755e-05
-9.1673001393877690e-05
-9.1123073746588644e-05
-9.0524091121604717e-05
-8.9948552138413820e-05
-8.9408370108720345e-05
-8.8783966115652723e-05
-8.8235899079858656e-05
-8.7684321712799761e-05
-8.7050143528083043e-05
-8.6541643344771631e-05
-8.5962237587219810e-05
-8.5374608589693221e-05
-8.4865266305893429e-05
-8.4237478734825708e-05
-8.3712149218304529e-05
-8.3179584064741000e-05
-8.2575164051435279e-05
-8.2075082927313389e-05
-8.1493191862824565e-05
-8.0941292740273343e-05
-8.0435828154550861e-05
-7.9840005324239525e-05
-7.9343449777649494e-05
-7.8782106382390573e-05
-7.8251109673625386e-05
-7.7725299167903428e-05
-7.7168723268194458e-05
-7.6677667795695652e-05
-7.6099819890911732e-05
-7.5618034188486508e-05
-7.5075928194081324e-05
-7.4541806348992287e-05
-7.4068964562130563e-05
-7.3480960262283461e-05
-7.3030862116516695e-05
-7.2470201203777749e-05
-7.1985024297335976e-05
-7.1472359322558750e-05
-7.0955578867772971e-05
-7.0462012386854255e-05
-6.9940693631547935e-05
-6.9473529496568597e-05
-6.8923008879097413e-05
-6.8482162597827508e-05
-6.7932378938136606e-05
-6.7473128623292772e-05
-6.6960727778480692e-05
-6.6473429888192195e-05
-6.5988350816660097e-05
-6.5495518412150849e-05
-6.5017401402904057e-05
-6.4522387468014193e-05
-6.4054690499162846e-05
-6.3541092644225604e-05
-6.3106645251073494e-05
-6.2571476507953017e-05
-6.2151796532572602e-05
-6.1623690933590062e-05
-6.1197218615575408e-05
-6.0677927143364973e-05
-6.0252028696474266e-05
-5.9725952444621898e-05
-5.9317206001716555e-05
-5.8784890414266819e-05
-5.8378368959010529e-05
-5.7857814836230314e-05
-5.7442420321125788e-05
-5.6930488815475543e-05
-5.6510987292365618e-05
-5.5999457282755794e-05
-5.5589683068712649e-05
-5.5076579486509599e-05
-5.4659160107278949e-05
-5.4171766133493303e-05
-5.3729361063098216e-05
-5.3268803731102369e-05
-5.2808602942207365e-05
-5.2355690543907730e-05
-5.1893181541220512e-05
-5.1447961960117225e-05
-5.0975708426139066e-05
-5.0551713829519980e-05
-5.0055014367315756e-05
-4.9646181883148989e-05
-4.9149442969475397e-05
-4.8728289968876809e-05
-4.8257683497050139e-05
-4.7804798286674040e-05
-4.7369200199378356e-05
-4.6884458448152888e-05
-4.6473753641364112e-05
-4.5972668217548466e-05
-4.5550830238931372e-05
-4.5084435800925035e-05
-4.4633498733927648e-05
-4.4190939635652512e-05
-4.3716312209003265e-05
-4.3296314423281411e-05
-4.2798530110175983e-05
-4.2370372731823226e-05
-4.1904061192989001e-05
-4.1443420346067174e-05
-4.1009188632649316e-05
-4.0512452120762196e-05
-4.0078023590198877e-05
-3.9612158293759441e-05
-3.9144064680961674e-05
-3.8704427744076440e-05
-3.8202867049346638e-05
0.0000000000000000e+00
];
