%Vec Object:dSdr_b_aug_9470 1 MPI processes
%  type: seq
dSdr_b_aug_9470 = [
2.2761453104722536e+03
0.0000000000000000e+00
-6.4226668042655099e-07
-2.6617718469256629e-07
-1.6614381842669114e-07
-1.1832956876581880e-07
-8.8818269966176540e-08
-7.0564870472127657e-08
-5.8191747724220937e-08
-4.8895926658188407e-08
-4.1991513043297489e-08
-3.6697555042646874e-08
-3.2387671978148456e-08
-2.8895799680697214e-08
-2.6032557999701348e-08
-2.3617809216584844e-08
-2.1567078566399314e-08
-5.3351411493209637e-06
-7.9777171896227661e-04
-7.7855639070271564e-04
-7.3672305834665162e-04
-6.9815792622643868e-04
-6.6037807347105485e-04
-6.2273228514848216e-04
-5.8093834703119396e-04
-5.4057457181978319e-04
-5.0186066614212618e-04
-4.6275167873069552e-04
-4.2261023630078457e-04
-3.7968688582705527e-04
-3.4191060890665894e-04
-3.0559174630606569e-04
-2.7129711518489210e-04
-2.3512061088636820e-04
-2.0569154097098375e-04
-1.8007394914310227e-04
-1.5766463149758183e-04
-1.3650193262136249e-04
-1.2047332959316280e-04
-1.0831803102189113e-04
-9.8727811615776829e-05
-9.1002724589466682e-05
-8.6197155954704203e-05
-8.3277758717820920e-05
-8.1696215144187173e-05
-8.1349122951963833e-05
-8.1858957817301426e-05
-8.2875964605828707e-05
-8.4330841631955942e-05
-8.6289163845753981e-05
-8.8013115963182917e-05
-8.9818521977585815e-05
-9.1659097069644123e-05
-9.3433856281752167e-05
-9.4923440510553096e-05
-9.6261177584336239e-05
-9.7550722630151978e-05
-9.8594815914749011e-05
-9.9456272620259624e-05
-1.0015868507113082e-04
-1.0079612018266695e-04
-1.0122314877757238e-04
-1.0149184578498894e-04
-1.0171746207332730e-04
-1.0183744588348975e-04
-1.0182547603644963e-04
-1.0175632139439092e-04
-1.0162910269525417e-04
-1.0141141328954122e-04
-1.0113938393852928e-04
-1.0085102656741731e-04
-1.0050691221052508e-04
-1.0012914747807545e-04
-9.9698182001375715e-05
-9.9267455231820200e-05
-9.8809127471027828e-05
-9.8314675751997349e-05
-9.7831900993218773e-05
-9.7338424293121723e-05
-9.6783434426166412e-05
-9.6262293599157025e-05
-9.5738716744619002e-05
-9.5167705678390497e-05
-9.4634713343834362e-05
-9.4105973578344511e-05
-9.3492841810297012e-05
-9.2960392431181319e-05
-9.2410349195822043e-05
-9.1815019101096248e-05
-9.1283113774814941e-05
-9.0718654662937272e-05
-9.0125820757835430e-05
-8.9590296343261387e-05
-8.9007112692951687e-05
-8.8447116424540502e-05
-8.7921090448983536e-05
-8.7312998908671498e-05
-8.6779853284125693e-05
-8.6242469087936441e-05
-8.5624909112202801e-05
-8.5130399589237614e-05
-8.4565713488779655e-05
-8.3993730784601229e-05
-8.3498189152559751e-05
-8.2886354361799729e-05
-8.2375308986711309e-05
-8.1856861277788886e-05
-8.1268101797722712e-05
-8.0781564057064089e-05
-8.0215056778001561e-05
-7.9677638608763529e-05
-7.9185786217465692e-05
-7.8605834630674100e-05
-7.8122388766594013e-05
-7.7576240213936759e-05
-7.7059311272244303e-05
-7.6547457778969351e-05
-7.6005977331341577e-05
-7.5528057324922477e-05
-7.4965590876956221e-05
-7.4497215652351501e-05
-7.3969385947249578e-05
-7.3449732138184694e-05
-7.2990260359591529e-05
-7.2417538807270849e-05
-7.1980265807502120e-05
-7.1434832175965379e-05
-7.0962664153993550e-05
-7.0464689388576439e-05
-6.9961771832838368e-05
-6.9481914714402266e-05
-6.8975243226866988e-05
-6.8520967094215447e-05
-6.7985848738936493e-05
-6.7557539588670786e-05
-6.7023029295834799e-05
-6.6576832019148166e-05
-6.6078917946891337e-05
-6.5605318937415370e-05
-6.5134171491445302e-05
-6.4655451923636043e-05
-6.4190844061021984e-05
-6.3710423681515922e-05
-6.3255975399306643e-05
-6.2757221122742210e-05
-6.2335857222544174e-05
-6.1815682280224848e-05
-6.1408960535735605e-05
-6.0896009098895277e-05
-6.0482164505788475e-05
-5.9978559443449459e-05
-5.9565177766538485e-05
-5.9054861970840083e-05
-5.8658580949787219e-05
-5.8142126552126024e-05
-5.7748161452512197e-05
-5.7243311977105961e-05
-5.6840622355802728e-05
-5.6344389998596034e-05
-5.5937894528661935e-05
-5.5441916096848757e-05
-5.5045435325587663e-05
-5.4547689062441822e-05
-5.4143800989073517e-05
-5.3671714395074613e-05
-5.3243101349112579e-05
-5.2797632491312942e-05
-5.2351722608197922e-05
-5.1913596024162353e-05
-5.1465926206186680e-05
-5.1035118124611446e-05
-5.0578290360188437e-05
-5.0168231371697285e-05
-4.9687742680374434e-05
-4.9292557757201544e-05
-4.8812065163586413e-05
-4.8405046463231843e-05
-4.7950206604709557e-05
-4.7512311925368247e-05
-4.7091870357381795e-05
-4.6623021322545262e-05
-4.6226744852472785e-05
-4.5742597570262977e-05
-4.5335154211792626e-05
-4.4885281003543962e-05
-4.4449670427401319e-05
-4.4022765643728810e-05
-4.3564673078049525e-05
-4.3159593464923171e-05
-4.2679363798762432e-05
-4.2266455782153066e-05
-4.1816693979989171e-05
-4.1372601612773945e-05
-4.0953954328113359e-05
-4.0475225369973797e-05
-4.0056496810943707e-05
-3.9607623645544090e-05
-3.9156837990263785e-05
-3.8733095510687172e-05
-3.8250445498116778e-05
0.0000000000000000e+00
];
