%Vec Object:dSdr_b_aug_5330 1 MPI processes
%  type: seq
dSdr_b_aug_5330 = [
2.3259095173509154e+03
0.0000000000000000e+00
-8.8603358017583050e-07
-3.6585904679732710e-07
-2.2712712085819266e-07
-1.6119864465889827e-07
-1.2093013413858200e-07
-9.6035037269613341e-08
-7.9160837177083773e-08
-6.6459039598787134e-08
-5.7026721998749352e-08
-4.9795941188432401e-08
-4.3907414888899453e-08
-3.9136835857008804e-08
-3.5225599947960445e-08
-3.1927282551064914e-08
-2.9108706906546549e-08
-2.6703764655996289e-08
-2.4653330923054593e-08
-2.4884105962063610e-06
-6.7913179493031897e-04
-7.1990831156862702e-04
-6.8162885184008565e-04
-6.4288905679882574e-04
-5.9988313390652937e-04
-5.5838228425280582e-04
-5.1860223230664284e-04
-4.7843059263949484e-04
-4.3721855459787903e-04
-3.9318150313627048e-04
-3.5443068991295406e-04
-3.1719100806587602e-04
-2.8203890527108962e-04
-2.4496775308395995e-04
-2.1481559247490563e-04
-1.8857290684552163e-04
-1.6561848853502100e-04
-1.4394008426557914e-04
-1.2752052706550105e-04
-1.1506701671990839e-04
-1.0523499504159342e-04
-9.7309252747884158e-05
-9.2370768667973685e-05
-8.9359886938113756e-05
-8.7715908109692501e-05
-8.7330993951122585e-05
-8.7822144998234963e-05
-8.8830993402278882e-05
-9.0286557935259445e-05
-9.2249749436977853e-05
-9.3977205453255752e-05
-9.5788082675020501e-05
-9.7631533039292665e-05
-9.9405407885305692e-05
-1.0089128605623341e-04
-1.0222080245920784e-04
-1.0349632895683169e-04
-1.0452432593555520e-04
-1.0536702192508372e-04
-1.0604567432959335e-04
-1.0665525070807839e-04
-1.0705393630655191e-04
-1.0729110961158209e-04
-1.0747885787422246e-04
-1.0756415533552873e-04
-1.0751535640696255e-04
-1.0740535864130236e-04
-1.0723602256849459e-04
-1.0697748174150940e-04
-1.0666228303487400e-04
-1.0632792314961479e-04
-1.0594130992835594e-04
-1.0552085898941338e-04
-1.0503929897159718e-04
-1.0456495858487625e-04
-1.0406328076619936e-04
-1.0351744267626575e-04
-1.0299127730953104e-04
-1.0245457364758671e-04
-1.0184693368299137e-04
-1.0128227669182779e-04
-1.0071470530540131e-04
-1.0009253232531718e-04
-9.9516263822206256e-05
-9.8943935416410703e-05
-9.8279169445855986e-05
-9.7703617940452574e-05
-9.7109429198820928e-05
-9.6464601753468997e-05
-9.5890309308212430e-05
-9.5281009955041035e-05
-9.4639849824199225e-05
-9.4062302771785801e-05
-9.3433024289554808e-05
-9.2827680848939453e-05
-9.2260353399775712e-05
-9.1604668912291442e-05
-9.1027988820690213e-05
-9.0449194859755733e-05
-8.9783149867473917e-05
-8.9247821421202671e-05
-8.8640189488027826e-05
-8.8022557411905186e-05
-8.7486751221809363e-05
-8.6828372857683845e-05
-8.6275652302882726e-05
-8.5716015766083159e-05
-8.5081565367879040e-05
-8.4555513670872852e-05
-8.3944122908549232e-05
-8.3364455344343797e-05
-8.2832888234849451e-05
-8.2206630964951286e-05
-8.1684936503235677e-05
-8.1094455723726354e-05
-8.0536482892377102e-05
-7.9983908645343886e-05
-7.9398385950905961e-05
-7.8882142120987458e-05
-7.8274798983382496e-05
-7.7767297565409422e-05
-7.7197815589375278e-05
-7.6635950072204367e-05
-7.6137470173423191e-05
-7.5520159923874323e-05
-7.5045468485123861e-05
-7.4455607983897037e-05
-7.3945485450454057e-05
-7.3404650767321640e-05
-7.2861287040921067e-05
-7.2341431707557890e-05
-7.1792025587793108e-05
-7.1300147627109944e-05
-7.0720091879992018e-05
-7.0255204598007519e-05
-6.9676132976074923e-05
-6.9191852365160030e-05
-6.8651671918404654e-05
-6.8138105274439154e-05
-6.7626311141577529e-05
-6.7106416188093555e-05
-6.6602394255991241e-05
-6.6079395953512831e-05
-6.5586293515358969e-05
-6.5044231852489636e-05
-6.4584695762451603e-05
-6.4020775146946630e-05
-6.3576246674814841e-05
-6.3019081696716802e-05
-6.2568394654389953e-05
-6.2019023173006595e-05
-6.1569122766641653e-05
-6.1012824515079982e-05
-6.0580174576433150e-05
-6.0017443823408097e-05
-5.9586844498524789e-05
-5.9036175392568723e-05
-5.8596418172600333e-05
-5.8054382227475890e-05
-5.7609940500122209e-05
-5.7068589028931143e-05
-5.6633323515753288e-05
-5.6090770977924779e-05
-5.5647404175592027e-05
-5.5130657007209144e-05
-5.4661804562011832e-05
-5.4172313803078035e-05
-5.3684708990107559e-05
-5.3203443537867003e-05
-5.2712479137215885e-05
-5.2239624278451632e-05
-5.1737790516870798e-05
-5.1287073199600039e-05
-5.0759288198578080e-05
-5.0324285342138916e-05
-4.9796392713903215e-05
-4.9348135969325001e-05
-4.8847295650987018e-05
-4.8365664790522946e-05
-4.7901002749201644e-05
-4.7385785314903995e-05
-4.6947412884937587e-05
-4.6413847062421356e-05
-4.5964406083901839e-05
-4.5466330671921155e-05
-4.4986003615224384e-05
-4.4513425861873027e-05
-4.4007091210577998e-05
-4.3558486272243750e-05
-4.3027039055355223e-05
-4.2569639225821206e-05
-4.2071591470284328e-05
-4.1579216530922081e-05
-4.1115098913234091e-05
-4.0583829149370786e-05
-4.0119290856116481e-05
-3.9620834783712665e-05
-3.9119536653931806e-05
-3.8649377597097655e-05
-3.8111319696033381e-05
0.0000000000000000e+00
];
