%Vec Object:dSdr_b_aug_3200 1 MPI processes
%  type: seq
dSdr_b_aug_3200 = [
2.3699902775738146e+03
0.0000000000000000e+00
-1.1950044189636638e-06
-4.9170219225254912e-07
-3.0360867290883687e-07
-2.1475949286812466e-07
-1.6106642714965133e-07
-1.2788666911370925e-07
-1.0539795623193389e-07
-8.8436675836803978e-08
-7.5843313780267120e-08
-6.6190952838371689e-08
-5.8327463242363445e-08
-5.1957034028525440e-08
-4.6734664249425276e-08
-4.2330806829821550e-08
-3.8567603084025438e-08
-3.5356915389141229e-08
-3.2580968333968371e-08
-3.0131339176645028e-08
-2.8133588858051453e-08
-3.2395416145535725e-06
-5.8207407526614664e-04
-6.5811889451657243e-04
-6.1573455664154129e-04
-5.7331729968749200e-04
-5.3264415265739809e-04
-4.9158126016451064e-04
-4.4947126402393179e-04
-4.0450009758539882e-04
-3.6493189340244337e-04
-3.2691987570171856e-04
-2.9104856974994299e-04
-2.5322703294565886e-04
-2.2246838112643071e-04
-1.9570139932284769e-04
-1.7228977893015429e-04
-1.5017882782047617e-04
-1.3343135863528249e-04
-1.2072772380206484e-04
-1.1069289097821001e-04
-1.0259884949563445e-04
-9.7548882839826900e-05
-9.4461268637832657e-05
-9.2764922307711088e-05
-9.2348284975597825e-05
-9.2823764923384726e-05
-9.3825770410950723e-05
-9.5281911499115170e-05
-9.7249187012161701e-05
-9.8979581831658240e-05
-1.0079504793665455e-04
-1.0264090964838180e-04
-1.0441404244636780e-04
-1.0589681190252234e-04
-1.0721943298301808e-04
-1.0848320121185067e-04
-1.0949769722228758e-04
-1.1032465748725496e-04
-1.1098338099829605e-04
-1.1156959072647886e-04
-1.1194450351065571e-04
-1.1215523619837259e-04
-1.1231122255962389e-04
-1.1236742675477528e-04
-1.1228773735366244e-04
-1.1214348234995937e-04
-1.1193882026987695e-04
-1.1164601531743018e-04
-1.1129460833751237e-04
-1.1092166387266275e-04
-1.1049940475501745e-04
-1.1004315078822777e-04
-1.0951915463906420e-04
-1.0900823336264385e-04
-1.0847019571549460e-04
-1.0788125735161713e-04
-1.0731869814718175e-04
-1.0674573790645276e-04
-1.0609393772177102e-04
-1.0549278158553394e-04
-1.0488830982455065e-04
-1.0422322483888730e-04
-1.0361065848894443e-04
-1.0300177015170279e-04
-1.0229369604617949e-04
-1.0168199267351251e-04
-1.0105077693171508e-04
-1.0036443363464649e-04
-9.9754589035175935e-05
-9.9107679975346481e-05
-9.8425986273631457e-05
-9.7813192776454325e-05
-9.7145252302764583e-05
-9.6501873969575885e-05
-9.5899904952383630e-05
-9.5204301932504313e-05
-9.4591107353339871e-05
-9.3977580996412369e-05
-9.3270869250782932e-05
-9.2701303976484831e-05
-9.2057651283741743e-05
-9.1401730868768055e-05
-9.0832152845240737e-05
-9.0134736132697918e-05
-8.9547060588059013e-05
-8.8952876988687032e-05
-8.8280103406328464e-05
-8.7720909443485452e-05
-8.7071872732463954e-05
-8.6456768557833722e-05
-8.5891890794799179e-05
-8.5226794709141905e-05
-8.4673019301283832e-05
-8.4045354940443057e-05
-8.3452956616451187e-05
-8.2866227906997137e-05
-8.2243764852883399e-05
-8.1695376983348831e-05
-8.1050393599360195e-05
-8.0510075156079683e-05
-7.9905657411396725e-05
-7.9308386898906800e-05
-7.8777189010147318e-05
-7.8122480070367176e-05
-7.7616403985737668e-05
-7.6989280528101024e-05
-7.6447323720297091e-05
-7.5870540360762189e-05
-7.5293252485871565e-05
-7.4739848726980803e-05
-7.4154599016387527e-05
-7.3631182598054841e-05
-7.3013435700554005e-05
-7.2517868586582240e-05
-7.1901421238457677e-05
-7.1385198311254986e-05
-7.0809567030434345e-05
-7.0262477618574206e-05
-6.9716591164811772e-05
-6.9162160446541564e-05
-6.8625080052605483e-05
-6.8066369612148080e-05
-6.7540846091754771e-05
-6.6962460458215814e-05
-6.6470907537715543e-05
-6.5870295343272738e-05
-6.5394056575636636e-05
-6.4799807599379407e-05
-6.4318219053681163e-05
-6.3730461105077733e-05
-6.3249930720317402e-05
-6.2655064807124445e-05
-6.2191910550720559e-05
-6.1590365635423087e-05
-6.1129039473743180e-05
-6.0539939290894593e-05
-6.0069091751735648e-05
-5.9488638194918811e-05
-5.9012369184899628e-05
-5.8432961235524830e-05
-5.7965165174103912e-05
-5.7385031545045283e-05
-5.6908552128835522e-05
-5.6354346091169547e-05
-5.5851743039777206e-05
-5.5325329117433850e-05
-5.4802752896800516e-05
-5.4285304948544619e-05
-5.3758027461707769e-05
-5.3249906127981023e-05
-5.2710323869515545e-05
-5.2225504675659426e-05
-5.1658050228148957e-05
-5.1189650426975938e-05
-5.0622001413424754e-05
-5.0139156677521355e-05
-4.9599733944334450e-05
-4.9081419879378485e-05
-4.8579668492857516e-05
-4.8025560218648261e-05
-4.7551880531309900e-05
-4.6976865760151252e-05
-4.6492200239944168e-05
-4.5953696364817994e-05
-4.5435864689664971e-05
-4.4924980320017653e-05
-4.4378184551240651e-05
-4.3893075107250810e-05
-4.3318672167112817e-05
-4.2823958653094122e-05
-4.2285416130619586e-05
-4.1752551127150721e-05
-4.1250305160624092e-05
-4.0674981778139930e-05
-4.0172044816625774e-05
-3.9632044831850888e-05
-3.9088471888700793e-05
-3.8579639359433443e-05
-3.7996473351760715e-05
0.0000000000000000e+00
];
