%Vec Object:dSdr_b_aug_3990 1 MPI processes
%  type: seq
dSdr_b_aug_3990 = [
2.3511279220502579e+03
0.0000000000000000e+00
-1.0483449707052380e-06
-4.3153403851406110e-07
-2.6677548859069203e-07
-1.8874650165057941e-07
-1.4138875191239802e-07
-1.1211998481580140e-07
-9.2282987533138074e-08
-7.7341848023032688e-08
-6.6248597506347316e-08
-5.7745605787746553e-08
-5.0822480893103510e-08
-4.5214677942094023e-08
-4.0617531567645065e-08
-3.6741756651809430e-08
-3.3430701716135835e-08
-3.0605845170525464e-08
-2.8163648319394198e-08
-2.6028759835637886e-08
-8.6924257111802719e-07
-5.3566983422087685e-04
-6.9004467084826529e-04
-6.5254262930652040e-04
-6.0898544706926012e-04
-5.6693896605817975e-04
-5.2664664815677757e-04
-4.8596439908648573e-04
-4.4423793391031773e-04
-3.9966574289505299e-04
-3.6044665952317966e-04
-3.2276451887598153e-04
-2.8720039614598200e-04
-2.4969936065162069e-04
-2.1919975096062899e-04
-1.9265670446482383e-04
-1.6944036241445831e-04
-1.4751415898997967e-04
-1.3090674627227463e-04
-1.1830994362599519e-04
-1.0836173470677219e-04
-1.0033957652266135e-04
-9.5337225889900019e-05
-9.2282385391157879e-05
-9.0608406099076835e-05
-9.0205318285285302e-05
-9.0687491654347857e-05
-9.1692419904112202e-05
-9.3148314778486070e-05
-9.5113845986095503e-05
-9.6842985633170152e-05
-9.8656491788132311e-05
-1.0050132356103157e-04
-1.0227477328154813e-04
-1.0375887050242158e-04
-1.0508443666924766e-04
-1.0635322702808604e-04
-1.0737348950408900e-04
-1.0820717073543086e-04
-1.0887440618316892e-04
-1.0947059617025782e-04
-1.0985566274447487e-04
-1.1007768872096526e-04
-1.1024724117289633e-04
-1.1031587163781172e-04
-1.1024937611852566e-04
-1.1011975299303436e-04
-1.0993017927663450e-04
-1.0965200910382918e-04
-1.0931606727141478e-04
-1.0895960291222706e-04
-1.0855256874082544e-04
-1.0811160683317621e-04
-1.0760573584789015e-04
-1.0711043886709336e-04
-1.0658793109635784e-04
-1.0601740156121146e-04
-1.0547038675842102e-04
-1.0491291229352409e-04
-1.0427997365666360e-04
-1.0369440689968405e-04
-1.0310569588925034e-04
-1.0245893931816063e-04
-1.0186187636902003e-04
-1.0126860337293527e-04
-1.0057902687452593e-04
-9.9982764551858054e-05
-9.9367363643172661e-05
-9.8698752439687796e-05
-9.8104092742594252e-05
-9.7473247398672478e-05
-9.6808866242147659e-05
-9.6211127073450088e-05
-9.5559699762980414e-05
-9.4932566748903035e-05
-9.4345393707207656e-05
-9.3666840539004888e-05
-9.3069241889176128e-05
-9.2470550301478337e-05
-9.1781207984370660e-05
-9.1226265814094379e-05
-9.0597998167066715e-05
-8.9958431313328120e-05
-8.9403277778893120e-05
-8.8722534968474259e-05
-8.8149789257820082e-05
-8.7570361260006139e-05
-8.6913956121256196e-05
-8.6368917748489817e-05
-8.5735960222689493e-05
-8.5135991589266891e-05
-8.4585341336978624e-05
-8.3936833928797332e-05
-8.3396760803565505e-05
-8.2784978142677056e-05
-8.2207283494465432e-05
-8.1635142699251192e-05
-8.1028457460682342e-05
-8.0493798821138743e-05
-7.9864892185115452e-05
-7.9338590414456927e-05
-7.8749094291416513e-05
-7.8166945814633017e-05
-7.7649722298238135e-05
-7.7010986932712742e-05
-7.6518315727267262e-05
-7.5907107869283808e-05
-7.5378747983567170e-05
-7.4817318873075174e-05
-7.4254520538436042e-05
-7.3715445842197533e-05
-7.3145505495847334e-05
-7.2635559649875865e-05
-7.2033911238168329e-05
-7.1551447962987756e-05
-7.0950964377039085e-05
-7.0448384515029369e-05
-6.9887894843132078e-05
-6.9355123531654919e-05
-6.8823798442991480e-05
-6.8284118491205941e-05
-6.7761157883318050e-05
-6.7217700655967263e-05
-6.6706024685222001e-05
-6.6143153586827833e-05
-6.5665275552124333e-05
-6.5080334902438173e-05
-6.4617640092877324e-05
-6.4039230268043444e-05
-6.3570840230213290e-05
-6.2999477736363664e-05
-6.2532029884469442e-05
-6.1953636814462092e-05
-6.1503511416627401e-05
-6.0918544625860722e-05
-6.0470342361048442e-05
-5.9897656677366651e-05
-5.9440088280432660e-05
-5.8876043467528551e-05
-5.8413368364249590e-05
-5.7850214907921032e-05
-5.7396313124054189e-05
-5.6832230936682931e-05
-5.6369894401138528e-05
-5.5831687595278750e-05
-5.5343499913206915e-05
-5.4832856405598834e-05
-5.4325216968321672e-05
-5.3823223073092817e-05
-5.3311455409867808e-05
-5.2818396868242969e-05
-5.2294937504735028e-05
-5.1824683667127681e-05
-5.1274172562517434e-05
-5.0820037007335291e-05
-5.0269368443140786e-05
-4.9801296637738312e-05
-4.9278352897274870e-05
-4.8775706619698707e-05
-4.8289796463657814e-05
-4.7752298833816450e-05
-4.7293699149376478e-05
-4.6736387545848922e-05
-4.6266766594826416e-05
-4.5745529893486555e-05
-4.5243716481181900e-05
-4.4749192804685718e-05
-4.4219677796491680e-05
-4.3750158982244849e-05
-4.3194101805259007e-05
-4.2715323866390845e-05
-4.2194075037959248e-05
-4.1678500860107142e-05
-4.1192535627880084e-05
-4.0636021402615393e-05
-4.0149473963487880e-05
-3.9627197779602264e-05
-3.9101637954696696e-05
-3.8609202278957137e-05
-3.8044658274777451e-05
0.0000000000000000e+00
];
