%Vec Object:dSdr_b_aug_6920 1 MPI processes
%  type: seq
dSdr_b_aug_6920 = [
2.3029149789994435e+03
0.0000000000000000e+00
-7.6192157075767686e-07
-3.1509332706462977e-07
-1.9607843614047537e-07
-1.3936233404771090e-07
-1.0454868614912330e-07
-8.3021416390617330e-08
-6.8429790418979160e-08
-5.7457171659138303e-08
-4.9308353864655114e-08
-4.3060975174280688e-08
-3.7974473941611390e-08
-3.3853670220812305e-08
-3.0475009111775672e-08
-2.7625841180113570e-08
-2.5191128105407584e-08
-2.3123747445736942e-08
-1.8425366928096928e-06
-7.1797554343284856e-04
-7.4937719383310632e-04
-7.1058605071687929e-04
-6.7218344270558489e-04
-6.3392559065423573e-04
-5.9145854221924943e-04
-5.5046333824042553e-04
-5.1115739285286464e-04
-4.7145830604950709e-04
-4.3072235321707454e-04
-3.8718055557175569e-04
-3.4886311075613358e-04
-3.1203290977427258e-04
-2.7726211769017940e-04
-2.4058880816952305e-04
-2.1075820009901401e-04
-1.8479348843406236e-04
-1.6208147180824523e-04
-1.4063239739048620e-04
-1.2438669420321530e-04
-1.1206579609834452e-04
-1.0234130183144465e-04
-9.4504789223448830e-05
-8.9625411587787828e-05
-8.6655212409459423e-05
-8.5038998169523553e-05
-8.4670903266621561e-05
-8.5170362985004236e-05
-8.6182839478196060e-05
-8.7638098396675658e-05
-8.9599124673015910e-05
-9.1325022632826518e-05
-9.3133466945109821e-05
-9.4975638723861661e-05
-9.6749906856204352e-05
-9.8237433095570381e-05
-9.9570605177743446e-05
-1.0085236562284273e-04
-1.0188752051005928e-04
-1.0273855924884541e-04
-1.0342777756361439e-04
-1.0404974250459437e-04
-1.0446103201288731e-04
-1.0471222366134438e-04
-1.0491681153624638e-04
-1.0501753374340299e-04
-1.0498511241611239e-04
-1.0489327726341936e-04
-1.0474267045196900e-04
-1.0450229592719956e-04
-1.0420629428915318e-04
-1.0389239135493818e-04
-1.0352467703973795e-04
-1.0312320831615532e-04
-1.0266414728594819e-04
-1.0220920152622854e-04
-1.0172680113168528e-04
-1.0120381414913136e-04
-1.0069694423850813e-04
-1.0017946326042899e-04
-9.9595236371829036e-05
-9.9049930670198479e-05
-9.8501923299444317e-05
-9.7902501611710812e-05
-9.7345477673688958e-05
-9.6792532786550491e-05
-9.6150728130975862e-05
-9.5594343795199022e-05
-9.5019786205742063e-05
-9.4396969834372257e-05
-9.3841526600528603e-05
-9.3252167342343996e-05
-9.2632497495503659e-05
-9.2073637572481000e-05
-9.1464857091334988e-05
-9.0879679173527783e-05
-9.0330718157671607e-05
-8.9696197870829696e-05
-8.9138877206565185e-05
-8.8578497834968810e-05
-8.7934013739212285e-05
-8.7416837139796263e-05
-8.6828302871229930e-05
-8.6230970700135025e-05
-8.5713069831862282e-05
-8.5075389016801934e-05
-8.4541201075776854e-05
-8.3999880875975386e-05
-8.3385748857824006e-05
-8.2877268695912850e-05
-8.2285837253797626e-05
-8.1724957651992935e-05
-8.1211051354608953e-05
-8.0605385845518098e-05
-8.0100700223837689e-05
-7.9529933624996111e-05
-7.8990212677305930e-05
-7.8455746617943177e-05
-7.7889809152197379e-05
-7.7390607614325488e-05
-7.6803220775227381e-05
-7.6313118456549162e-05
-7.5762158905955788e-05
-7.5219064591337012e-05
-7.4737931285420511e-05
-7.4140449266037382e-05
-7.3682397501598264e-05
-7.3112293266961728e-05
-7.2619048794689444e-05
-7.2097273567098822e-05
-7.1571895922314022e-05
-7.1069827468168306e-05
-7.0539425090118701e-05
-7.0064268354532726e-05
-6.9504195898200348e-05
-6.9055574611574395e-05
-6.8496319048052574e-05
-6.8028973783536899e-05
-6.7507588847126769e-05
-6.7011795482246154e-05
-6.6518076597388320e-05
-6.6016491999754996e-05
-6.5529997180228421e-05
-6.5025932930133477e-05
-6.4550019676671896e-05
-6.4027216452075504e-05
-6.3584655219794118e-05
-6.3040187944551652e-05
-6.2612471811485310e-05
-6.2074968230121759e-05
-6.1640664719299134e-05
-6.1111645186084996e-05
-6.0677984354838250e-05
-6.0142134120343305e-05
-5.9725657135768342e-05
-5.9183505093462253e-05
-5.8769196701714439e-05
-5.8238903203436738e-05
-5.7815629632903068e-05
-5.7293962160007492e-05
-5.6866394812976739e-05
-5.6345220350833022e-05
-5.5927202083433214e-05
-5.5404574516899508e-05
-5.4978763568516535e-05
-5.4481876577288731e-05
-5.4030918247135226e-05
-5.3561003649601655e-05
-5.3091940210952609e-05
-5.2629858238809122e-05
-5.2158146560959147e-05
-5.1703989533581475e-05
-5.1222169541633647e-05
-5.0789532618117448e-05
-5.0282779863203309e-05
-4.9865483675780699e-05
-4.9358669410299515e-05
-4.8928750836239459e-05
-4.8448366489291166e-05
-4.7986184686380106e-05
-4.7541187054719097e-05
-4.7046589184260194e-05
-4.6626936386938532e-05
-4.6115346472645077e-05
-4.5684581361191106e-05
-4.5207940920139054e-05
-4.4747498731878153e-05
-4.4295231152022201e-05
-4.3810349088828972e-05
-4.3381099168824374e-05
-4.2872427548416252e-05
-4.2434812310466640e-05
-4.1958236185992111e-05
-4.1487331098612419e-05
-4.1043432317083397e-05
-4.0535524823608350e-05
-4.0091354181232065e-05
-3.9614940790451196e-05
-3.9136091543084547e-05
-3.8686535578791164e-05
-3.8172916704959324e-05
0.0000000000000000e+00
];
