%Vec Object:dSdr_b_aug_2560 1 MPI processes
%  type: seq
dSdr_b_aug_2560 = [
2.3891209866504018e+03
0.0000000000000000e+00
-1.3667145810820767e-06
-5.6166124202543488e-07
-3.4607690865654714e-07
-2.4453106297353681e-07
-1.8346158044391222e-07
-1.4573048242623650e-07
-1.2015684896362588e-07
-1.0084767246913021e-07
-8.6511595630904577e-08
-7.5524229565907191e-08
-6.6570234152004954e-08
-5.9315993838413270e-08
-5.3369224944413359e-08
-4.8354120062711807e-08
-4.4068182062009872e-08
-4.0411541314273080e-08
-3.7250000670573286e-08
-3.4459834666419436e-08
-3.2015451127409949e-08
-3.0476873776862149e-08
-6.6980305322714904e-06
-5.7331996218427223e-04
-6.2063775192722106e-04
-5.7954204303835863e-04
-5.3854335984951428e-04
-4.9710783323042270e-04
-4.5462056575958494e-04
-4.0925683658705201e-04
-3.6934511734863416e-04
-3.3100851884052831e-04
-2.9483496150729783e-04
-2.5669806905517122e-04
-2.2568453403743350e-04
-1.9869721221459855e-04
-1.7509344867973133e-04
-1.5280071601824521e-04
-1.3591543897467653e-04
-1.2310668714276776e-04
-1.1298662115482917e-04
-1.0482185045141030e-04
-9.9725032233185682e-05
-9.6605170491808985e-05
-9.4886816206501460e-05
-9.4456846871911957e-05
-9.4925740839342905e-05
-9.5924870467656734e-05
-9.7381253795245448e-05
-9.9350245587996773e-05
-1.0108187540889086e-04
-1.0289926997868725e-04
-1.0474614507646296e-04
-1.0651896602420843e-04
-1.0800042901821473e-04
-1.0932015228223344e-04
-1.1057897899845243e-04
-1.1158780111211771e-04
-1.1240814830475579e-04
-1.1305849652807864e-04
-1.1363488622070843e-04
-1.1399980827567277e-04
-1.1419942906691821e-04
-1.1434206721526512e-04
-1.1438604471453249e-04
-1.1429337332595882e-04
-1.1413472142191841e-04
-1.1391521328155792e-04
-1.1360800844897923e-04
-1.1324138452777397e-04
-1.1285222446292321e-04
-1.1241498475661180e-04
-1.1194368416961499e-04
-1.1140185378420707e-04
-1.1087555899358379e-04
-1.1032224079641558e-04
-1.0971518915220905e-04
-1.0913733510634150e-04
-1.0854913770893255e-04
-1.0787877879382683e-04
-1.0726228356121932e-04
-1.0664230408407068e-04
-1.0595918494227911e-04
-1.0533136409453935e-04
-1.0470711111641865e-04
-1.0398083637905601e-04
-1.0335393985887844e-04
-1.0270716318739513e-04
-1.0200337248200114e-04
-1.0137858677040945e-04
-1.0071587189446650e-04
-1.0001714359725257e-04
-9.9389537465696128e-05
-9.8705348944769900e-05
-9.8045986108063113e-05
-9.7429458661933227e-05
-9.6717079523035539e-05
-9.6088539404537955e-05
-9.5460416448001379e-05
-9.4736614137637984e-05
-9.4152660530672980e-05
-9.3493869798908036e-05
-9.2821858381204005e-05
-9.2238087455821089e-05
-9.1524264542797634e-05
-9.0921898864811283e-05
-9.0313196567372948e-05
-8.9624317339159759e-05
-8.9051195056532014e-05
-8.8386337314111163e-05
-8.7756340601992511e-05
-8.7177463753449890e-05
-8.6496045324359737e-05
-8.5928787626731869e-05
-8.5285496549529448e-05
-8.4678630620215408e-05
-8.4077548208530913e-05
-8.3439560654854626e-05
-8.2877663981373504e-05
-8.2216861964973885e-05
-8.1662751890287382e-05
-8.1043652094128617e-05
-8.0431502333963207e-05
-7.9886554435148061e-05
-7.9216128380916068e-05
-7.8696862636472908e-05
-7.8054079108439629e-05
-7.7498743681547221e-05
-7.6906852590003113e-05
-7.6315307809150635e-05
-7.5747805045649262e-05
-7.5147491767824423e-05
-7.4610821052384846e-05
-7.3977234135871268e-05
-7.3468773570926535e-05
-7.2836618764860224e-05
-7.2306971818068952e-05
-7.1716442033328712e-05
-7.1155264404951579e-05
-7.0595050375860829e-05
-7.0026105722053938e-05
-6.9475132242915926e-05
-6.8901413487739433e-05
-6.8362264748550780e-05
-6.7768613674600549e-05
-6.7263605427771592e-05
-6.6647573305011755e-05
-6.6158008037646963e-05
-6.5548174218366746e-05
-6.5053599077985206e-05
-6.4449708915670977e-05
-6.3956306050502604e-05
-6.3345231779020914e-05
-6.2869257856126124e-05
-6.2251400993106705e-05
-6.1777161654219174e-05
-6.1171910523823359e-05
-6.0687997056501838e-05
-6.0091398217207057e-05
-5.9601753570427346e-05
-5.9006352115489873e-05
-5.8524884871750767e-05
-5.7928957531674913e-05
-5.7438562324779874e-05
-5.6868613951434795e-05
-5.6351826999844687e-05
-5.5809895889681492e-05
-5.5272622731338245e-05
-5.4739968883490655e-05
-5.4197430625364106e-05
-5.3674488378451403e-05
-5.3119042128515124e-05
-5.2619891480002454e-05
-5.2035765776248781e-05
-5.1553330808237119e-05
-5.0968974041762128e-05
-5.0471593637646078e-05
-4.9915956575654956e-05
-4.9382226374876366e-05
-4.8864888207841923e-05
-4.8294436109874649e-05
-4.7805918684376219e-05
-4.7213485152045270e-05
-4.6714016813337866e-05
-4.6158523238191633e-05
-4.5624930769522032e-05
-4.5097948734512439e-05
-4.4534150085798286e-05
-4.4033700860743631e-05
-4.3441247389818340e-05
-4.2930855036036037e-05
-4.2375297658561732e-05
-4.1825421070167246e-05
-4.1307158101900843e-05
-4.0713331114874439e-05
-4.0194273572308858e-05
-3.9636844871723822e-05
-3.9075570377945993e-05
-3.8550666965915469e-05
-3.7949510771534638e-05
0.0000000000000000e+00
];
