%Vec Object:dSdr_b_aug_6440 1 MPI processes
%  type: seq
dSdr_b_aug_6440 = [
2.3117425217099576e+03
0.0000000000000000e+00
-8.0419686983334747e-07
-3.3123718569799274e-07
-2.0519485263790115e-07
-1.4520918924873695e-07
-1.0850730636277264e-07
-8.5818462565648089e-08
-7.0442478951695028e-08
-5.8891729262151111e-08
-5.0315892308459367e-08
-4.3741714065324793e-08
-3.8395119447413055e-08
-3.4065435893419877e-08
-3.0515966474754928e-08
-2.7524675256241101e-08
-2.4970500345368107e-08
-2.2791497495192076e-08
-4.5207618061679683e-08
-3.1801824367590735e-04
-7.5091110269704297e-04
-7.1319321751066463e-04
-6.7466994816993116e-04
-6.3628331654700743e-04
-5.9367448867544829e-04
-5.5254628223276559e-04
-5.1311563111877581e-04
-4.7329224728598801e-04
-4.3243106829298660e-04
-3.8875900249962992e-04
-3.5032756744655345e-04
-3.1338965943787016e-04
-2.7851857000581404e-04
-2.4174061467190024e-04
-2.1182542762142396e-04
-1.8578759958499843e-04
-1.6301182327400413e-04
-1.4150242748868733e-04
-1.2521099492567624e-04
-1.1285521540538884e-04
-1.0310243787020715e-04
-9.5242454906232509e-05
-9.0347530275227287e-05
-8.7366630132309426e-05
-8.5743112798412899e-05
-8.5370593955806323e-05
-8.5867868308694338e-05
-8.6879390581714737e-05
-8.8334729970467697e-05
-9.0296325852845158e-05
-9.2022633706272483e-05
-9.3831718022916125e-05
-9.5674226146949534e-05
-9.7448390861468170e-05
-9.8935483630672294e-05
-1.0026769417310228e-04
-1.0154781490670938e-04
-1.0258108704829098e-04
-1.0342993138722071e-04
-1.0411637053618281e-04
-1.0473507689228584e-04
-1.0514305117067666e-04
-1.0539055554583234e-04
-1.0559071405932325e-04
-1.0568737906092063e-04
-1.0565064989477406e-04
-1.0555403738541453e-04
-1.0539850416925297e-04
-1.0515335131646886e-04
-1.0485230022378521e-04
-1.0453301644410446e-04
-1.0416033110030420e-04
-1.0375386943446809e-04
-1.0328889043425395e-04
-1.0282884325389449e-04
-1.0234137226642593e-04
-1.0181237469374538e-04
-1.0130042944666526e-04
-1.0077789227328327e-04
-1.0018750697763275e-04
-9.9637111252794773e-05
-9.9083957904691128e-05
-9.8478551880003517e-05
-9.7916465990247382e-05
-9.7358422601847585e-05
-9.6710578365996914e-05
-9.6149152435566018e-05
-9.5569431208307375e-05
-9.4940825201229759e-05
-9.4380424005810471e-05
-9.3785819847410485e-05
-9.3160497349260865e-05
-9.2596722097062719e-05
-9.1982549967584224e-05
-9.1392067854096306e-05
-9.0838275862761413e-05
-9.0198188694704833e-05
-8.9635775864197058e-05
-8.9070552850143526e-05
-8.8420397528793531e-05
-8.7898446396644697e-05
-8.7304888810180596e-05
-8.6702217088615080e-05
-8.6179606524434046e-05
-8.5536481565073072e-05
-8.4997418929356116e-05
-8.4451280922789827e-05
-8.3831804493986379e-05
-8.3318702432593500e-05
-8.2722021024134933e-05
-8.2156199562109545e-05
-8.1637647881985465e-05
-8.1026566053430088e-05
-8.0517406539095318e-05
-7.9941454453232911e-05
-7.9396932650861187e-05
-7.8857703533492972e-05
-7.8286614498707617e-05
-7.7782930268478401e-05
-7.7190294256321252e-05
-7.6695615392798877e-05
-7.6139783824855903e-05
-7.5591752056358054e-05
-7.5106056015775781e-05
-7.4503358508577522e-05
-7.4040929952073155e-05
-7.3465629157858951e-05
-7.2967945189347805e-05
-7.2441156686236637e-05
-7.1911048098425101e-05
-7.1404301097848514e-05
-7.0868900097891579e-05
-7.0389345117546296e-05
-6.9824016384707977e-05
-6.9371116593123933e-05
-6.8806648739953025e-05
-6.8334848908170918e-05
-6.7808520119131194e-05
-6.7308051782056128e-05
-6.6809578496492399e-05
-6.6303177656585574e-05
-6.5812072613164152e-05
-6.5303028066737975e-05
-6.4822593474286110e-05
-6.4294724627738284e-05
-6.3847698430304341e-05
-6.3298114265807539e-05
-6.2865975913807505e-05
-6.2323300715676704e-05
-6.1884687774688905e-05
-6.1350314984963690e-05
-6.0912382586637957e-05
-6.0371153823941434e-05
-5.9950422793466029e-05
-5.9402857843456235e-05
-5.8984264370496879e-05
-5.8448611384222532e-05
-5.8021002038255705e-05
-5.7493976950529257e-05
-5.7061971048883658e-05
-5.6535489328552565e-05
-5.6112934425858448e-05
-5.5585065889944133e-05
-5.5154637126260571e-05
-5.4652526202377222e-05
-5.4196861075563812e-05
-5.3721797243300039e-05
-5.3247856748360123e-05
-5.2780728819828801e-05
-5.2303952966417777e-05
-5.1844877711908735e-05
-5.1357793349692327e-05
-5.0920400589865248e-05
-5.0408115552962322e-05
-4.9986161810643124e-05
-4.9473803108824234e-05
-4.9039060846167293e-05
-4.8553295740440899e-05
-4.8085998010217624e-05
-4.7635827782670609e-05
-4.7135806048682460e-05
-4.6711229099761494e-05
-4.6193858479879289e-05
-4.5758180633025327e-05
-4.5275901653608550e-05
-4.4810228572832583e-05
-4.4352618125107439e-05
-4.3862092559754045e-05
-4.3427750685718932e-05
-4.2913087125206227e-05
-4.2470266328910665e-05
-4.1988040374066400e-05
-4.1511485135170009e-05
-4.1062264006665305e-05
-4.0548205177387279e-05
-4.0098666914796440e-05
-3.9616436942156537e-05
-3.9131643232238247e-05
-3.8676556414064509e-05
-3.8155915722785282e-05
0.0000000000000000e+00
];
