%Vec Object:dSdr_b_aug_7840 1 MPI processes
%  type: seq
dSdr_b_aug_7840 = [
2.2955450651077554e+03
0.0000000000000000e+00
-7.2659601390571486e-07
-3.0070669990590331e-07
-1.8731520478225396e-07
-1.3323140281188678e-07
-9.9979032912759867e-08
-7.9415477999548505e-08
-6.5476771080072090e-08
-5.4997286494133403e-08
-4.7214334055923162e-08
-4.1247229372669670e-08
-3.6388804325243360e-08
-3.2452624750669058e-08
-2.9225236111673467e-08
-2.6503486668650408e-08
-2.4177510664570558e-08
-2.2536288404609990e-08
-4.5821468282108078e-05
-7.8207441487595803e-04
-7.4448128376054465e-04
-7.0555838694713689e-04
-6.6740567359921562e-04
-6.2939550249549708e-04
-5.8720087072724070e-04
-5.4646121487771993e-04
-5.0739487632694036e-04
-4.6793461108885837e-04
-4.2743926502228444e-04
-3.8414776169475452e-04
-3.4604933518062216e-04
-3.0942608007554230e-04
-2.7484799707057508e-04
-2.3837575165676559e-04
-2.0870765173133479e-04
-1.8288342421229176e-04
-1.6029391400243813e-04
-1.3896073968470635e-04
-1.2280289998934133e-04
-1.1054902251105575e-04
-1.0087887131750523e-04
-9.3087454345618703e-05
-8.8237948320793138e-05
-8.5288309400656097e-05
-8.3686126861936657e-05
-8.3326532043677041e-05
-8.3830190720599024e-05
-8.4844500678107483e-05
-8.6299605029028907e-05
-8.8259536922751698e-05
-8.9984647363360777e-05
-9.1791862024734460e-05
-9.3633387593520243e-05
-9.5407854465136806e-05
-9.6896213594968198e-05
-9.8231233187384077e-05
-9.9516144164484143e-05
-1.0055491654201462e-04
-1.0141017157418710e-04
-1.0210472973772632e-04
-1.0273295567107577e-04
-1.0315061500620086e-04
-1.0340889131718440e-04
-1.0362198968476975e-04
-1.0373050733165047e-04
-1.0370636300445572e-04
-1.0362370697214838e-04
-1.0348256565761291e-04
-1.0325137211862483e-04
-1.0296507240156387e-04
-1.0266150811550604e-04
-1.0230334503481826e-04
-1.0191146964939959e-04
-1.0146377928485220e-04
-1.0101863529085540e-04
-1.0054597742961180e-04
-1.0003453906981514e-04
-9.9537420806023713e-05
-9.9029654696904359e-05
-9.8457260442697447e-05
-9.7921734605874625e-05
-9.7383614608893604e-05
-9.6795691099890732e-05
-9.6248393090107411e-05
-9.5705244356513152e-05
-9.5075044022584359e-05
-9.4528346500841136e-05
-9.3963710215796013e-05
-9.3352017927974030e-05
-9.2806100816893793e-05
-9.2226818998804655e-05
-9.1618010035890443e-05
-9.1068594321931041e-05
-9.0470173239058820e-05
-8.9895186689746526e-05
-8.9355507807928724e-05
-8.8731683607493707e-05
-8.8184146922623747e-05
-8.7633074022674457e-05
-8.6999486498067104e-05
-8.6491483584048994e-05
-8.5912601006475408e-05
-8.5325528124299217e-05
-8.4816676356316368e-05
-8.4189455794052095e-05
-8.3664633977990918e-05
-8.3132570599994123e-05
-8.2528707208170612e-05
-8.2029107455787605e-05
-8.1447763176349341e-05
-8.0896378749533289e-05
-8.0391397981294103e-05
-7.9796139261726818e-05
-7.9300049671870054e-05
-7.8739246346071695e-05
-7.8208749647187148e-05
-7.7683435214795986e-05
-7.7127395851917145e-05
-7.6636807252573953e-05
-7.6059506050069970e-05
-7.5578196995526080e-05
-7.5036598422492147e-05
-7.4502990814018287e-05
-7.4030624236630304e-05
-7.3443163130644065e-05
-7.2993520828342731e-05
-7.2433401138025807e-05
-7.1948686605653161e-05
-7.1436543764186075e-05
-7.0920256037662065e-05
-7.0427176827863016e-05
-6.9906378679593262e-05
-6.9439672622174481e-05
-6.8889699446465655e-05
-6.8449298771755540e-05
-6.7900057972506309e-05
-6.7441271601081218e-05
-6.6929385658830807e-05
-6.6442574667110866e-05
-6.5957990766580762e-05
-6.5465659973851066e-05
-6.4988023119461053e-05
-6.4493527882506825e-05
-6.4026301810996293e-05
-6.3513231540548345e-05
-6.3079249173263156e-05
-6.2544613353977935e-05
-6.2125393952283060e-05
-6.1597826976848952e-05
-6.1171803485360427e-05
-6.0653069554349615e-05
-6.0227615990319975e-05
-5.9702099911489155e-05
-5.9293796526378773e-05
-5.8762044692318969e-05
-5.8355969526910089e-05
-5.7835973593537670e-05
-5.7421030647762992e-05
-5.6909657136071632e-05
-5.6490617886381420e-05
-5.5979640625631150e-05
-5.5570338899677965e-05
-5.5057781161805093e-05
-5.4640842725014357e-05
-5.4153992820566578e-05
-5.3712077959315385e-05
-5.3252056916103650e-05
-5.2792364068060128e-05
-5.2339977201115079e-05
-5.1877995626723405e-05
-5.1433288272720141e-05
-5.0961583015984572e-05
-5.0538083731878117e-05
-5.0041960448169080e-05
-4.9633613038463977e-05
-4.9137451566797864e-05
-4.8716800940799387e-05
-4.8246754860780388e-05
-4.7794402457956111e-05
-4.7359343077919377e-05
-4.6875166200556797e-05
-4.6464974219258312e-05
-4.5964490826780311e-05
-4.5543164475248546e-05
-4.5077357250285651e-05
-4.4626964931780592e-05
-4.4184962233807345e-05
-4.3710922504657455e-05
-4.3291454954557205e-05
-4.2794294585123382e-05
-4.2366679213810731e-05
-4.1900955901171791e-05
-4.1440903235792580e-05
-4.1007225438777389e-05
-4.0511128968468580e-05
-4.0077258461653599e-05
-3.9611997117275680e-05
-3.9144518685476354e-05
-3.8705446703880906e-05
-3.8204558281972622e-05
0.0000000000000000e+00
];
