%Vec Object:dSdr_b_aug_1490 1 MPI processes
%  type: seq
dSdr_b_aug_1490 = [
2.4353859423426638e+03
0.0000000000000000e+00
-1.9055937348010051e-06
-7.7947006785135362e-07
-4.7694381629484333e-07
-3.3552671185964947e-07
-2.5156611799233321e-07
-1.9972008307127579e-07
-1.6458185590282954e-07
-1.3799199493064792e-07
-1.1825432647666778e-07
-1.0313002757762417e-07
-9.0800984244575855e-08
-8.0813041485678528e-08
-7.2626254351149591e-08
-6.5722728130461052e-08
-5.9823586943183972e-08
-5.4791093029360707e-08
-5.0440449806689193e-08
-4.6601689163279708e-08
-4.3238895573877438e-08
-4.0273277073737982e-08
-3.7607276820298155e-08
-3.5319097880510794e-08
-3.4304116683739829e-07
-1.6876996389012948e-04
-5.3727289852827011e-04
-5.0931442603401457e-04
-4.6664796897101616e-04
-4.2040970602946786e-04
-3.7969605086002036e-04
-3.4059852612180401e-04
-3.0371607853129284e-04
-2.6483951633191120e-04
-2.3322814491694383e-04
-2.0572400769783213e-04
-1.8166956531349133e-04
-1.5895045724622159e-04
-1.4174194669939007e-04
-1.2868663897079886e-04
-1.1836665535024434e-04
-1.1003598654473252e-04
-1.0482927613915108e-04
-1.0163377647817495e-04
-9.9863801592830310e-05
-9.9402561422699123e-05
-9.9856007599673550e-05
-1.0084839166971331e-04
-1.0230534305827296e-04
-1.0427836033228076e-04
-1.0601288678800048e-04
-1.0783480454231551e-04
-1.0968405647926087e-04
-1.1145614588101573e-04
-1.1293454443652416e-04
-1.1424747068563263e-04
-1.1549470682647811e-04
-1.1649022053490451e-04
-1.1729505645512448e-04
-1.1792576006739012e-04
-1.1847911644201611e-04
-1.1882060481388241e-04
-1.1899416218530434e-04
-1.1910549155151427e-04
-1.1912079083158372e-04
-1.1899766966161441e-04
-1.1880524924652508e-04
-1.1855091907529663e-04
-1.1820993888587541e-04
-1.1780762318846555e-04
-1.1738042894794328e-04
-1.1690805182642904e-04
-1.1640145893802312e-04
-1.1581779778791461e-04
-1.1525544393623595e-04
-1.1466628453060301e-04
-1.1401674740575508e-04
-1.1340301863736556e-04
-1.1277908182283540e-04
-1.1206519261796351e-04
-1.1141271887146914e-04
-1.1075636537960965e-04
-1.1003094636592772e-04
-1.0936734544214617e-04
-1.0870705404619210e-04
-1.0793808896989774e-04
-1.0727555628021352e-04
-1.0659228079572349e-04
-1.0584756647254562e-04
-1.0518773575721551e-04
-1.0448794768366309e-04
-1.0374926404288697e-04
-1.0308691430033845e-04
-1.0236461535443391e-04
-1.0166776024547794e-04
-1.0101708543895537e-04
-1.0026535726447572e-04
-9.9600823589114464e-05
-9.8938463742744367e-05
-9.8174574853285591e-05
-9.7556872855347895e-05
-9.6862575280709553e-05
-9.6152821820260861e-05
-9.5535760919740424e-05
-9.4783456656833472e-05
-9.4146634729296022e-05
-9.3503878290395004e-05
-9.2777222675341934e-05
-9.2171431006910808e-05
-9.1469464452342771e-05
-9.0804536746022689e-05
-9.0192824529057748e-05
-8.9473121442753696e-05
-8.8874240541646311e-05
-8.8194296427984687e-05
-8.7553496201330086e-05
-8.6918746656825815e-05
-8.6244345821779778e-05
-8.5650763757240565e-05
-8.4952858561159134e-05
-8.4366399713914052e-05
-8.3712862632847641e-05
-8.3065813056983466e-05
-8.2488614012596139e-05
-8.1781322896359141e-05
-8.1231120330389325e-05
-8.0551605540998063e-05
-7.9964890083400046e-05
-7.9337563262569253e-05
-7.8712578398182730e-05
-7.8112005915501840e-05
-7.7476360501666091e-05
-7.6908601362721856e-05
-7.6237861116094225e-05
-7.5699158507936182e-05
-7.5030161301453021e-05
-7.4469027845644906e-05
-7.3843553095524165e-05
-7.3249331062704448e-05
-7.2655511205691427e-05
-7.2052523610997667e-05
-7.1468963420784516e-05
-7.0860042143839317e-05
-7.0288934988228200e-05
-6.9659478299339268e-05
-6.9122910129864194e-05
-6.8470710040588798e-05
-6.7949887023449330e-05
-6.7303498429921213e-05
-6.6778462806525908e-05
-6.6136733997964234e-05
-6.5613138316247626e-05
-6.4964046806772647e-05
-6.4458003952688097e-05
-6.3801886888272411e-05
-6.3297359294930343e-05
-6.2654225605945519e-05
-6.2139665613260075e-05
-6.1505197515557812e-05
-6.0984179924094921e-05
-6.0351265224903582e-05
-5.9837731839596692e-05
-5.9204759899436369e-05
-5.8681724833213439e-05
-5.8074852384390291e-05
-5.7524796737841860e-05
-5.6946469671800495e-05
-5.6374724500902142e-05
-5.5806404869099198e-05
-5.5228072144008419e-05
-5.4670367155923316e-05
-5.4077711612752717e-05
-5.3544946320455368e-05
-5.2921717918445148e-05
-5.2406363331652016e-05
-5.1782818346179781e-05
-5.1251344475075737e-05
-5.0657676649129177e-05
-5.0087787945298435e-05
-4.9533891104223595e-05
-4.8925104764594403e-05
-4.8401785789966549e-05
-4.7768496982690984e-05
-4.7234309329846062e-05
-4.6638967263269043e-05
-4.6068409032066342e-05
-4.5503671455430625e-05
-4.4899994540435593e-05
-4.4363568533883460e-05
-4.3728781023906402e-05
-4.3181618725545501e-05
-4.2586159544132187e-05
-4.1996391542201997e-05
-4.1440574304372528e-05
-4.0803368097812548e-05
-4.0246534441611796e-05
-3.9648290185405514e-05
-3.9045632583628000e-05
-3.8483417958110000e-05
-3.7842105403749633e-05
0.0000000000000000e+00
];
