%Vec Object:dSdr_b_aug_1710 1 MPI processes
%  type: seq
dSdr_b_aug_1710 = [
2.4236090416692618e+03
0.0000000000000000e+00
-1.7507345934478149e-06
-7.1758115047932910e-07
-4.4024764641405567e-07
-3.1033732881517372e-07
-2.3293123583230131e-07
-1.8512426040464140e-07
-1.5272171976134338e-07
-1.2820751042091524e-07
-1.1000858434523357e-07
-9.6062474364427722e-08
-8.4691351764557551e-08
-7.5478265557530153e-08
-6.7926102542776352e-08
-6.1556515912283972e-08
-5.6112383011009396e-08
-5.1467739327936145e-08
-4.7451997187817502e-08
-4.3907612428101735e-08
-4.0802497534199632e-08
-3.8064028502979299e-08
-3.5603974201844025e-08
-4.5969741181153468e-08
-3.2055757378018466e-05
-5.4422770990383048e-04
-5.4730474579312775e-04
-5.0674623620457974e-04
-4.6367329756133609e-04
-4.1762418924279159e-04
-3.7710860699341020e-04
-3.3820106612845584e-04
-3.0149580824217299e-04
-2.6280415783577700e-04
-2.3134224434752908e-04
-2.0396731065328608e-04
-1.8002553785160050e-04
-1.5741302356035575e-04
-1.4028532133957117e-04
-1.2729165254721507e-04
-1.1702164830257236e-04
-1.0873245399334798e-04
-1.0355321660664986e-04
-1.0037662639806892e-04
-9.8619556635627537e-05
-9.8166134147349636e-05
-9.8623442246157143e-05
-9.9617512681411734e-05
-1.0107432203153695e-04
-1.0304633291281035e-04
-1.0478013518953782e-04
-1.0660092212884072e-04
-1.0844957983793903e-04
-1.1022185210902913e-04
-1.1170101675810052e-04
-1.1301564224550470e-04
-1.1426577601495686e-04
-1.1526461681009772e-04
-1.1607333053464115e-04
-1.1670894528593725e-04
-1.1726805997629684e-04
-1.1761540675594939e-04
-1.1779547996959020e-04
-1.1791463651811252e-04
-1.1793710534065054e-04
-1.1782159660393144e-04
-1.1763761830435841e-04
-1.1739199362865315e-04
-1.1705945726679107e-04
-1.1666606450181414e-04
-1.1624837879341131e-04
-1.1578478601467602e-04
-1.1528701619068026e-04
-1.1471381272007801e-04
-1.1416047362257623e-04
-1.1358027449371963e-04
-1.1294135871340592e-04
-1.1233659860185602e-04
-1.1172159661863234e-04
-1.1101858996258116e-04
-1.1037511082286720e-04
-1.0972785081359326e-04
-1.0901300674639181e-04
-1.0835835082174609e-04
-1.0770706901091030e-04
-1.0694877649940504e-04
-1.0629515283386008e-04
-1.0562100205311149e-04
-1.0488651865804561e-04
-1.0423544921721829e-04
-1.0354492946514215e-04
-1.0281623468097588e-04
-1.0216257083386741e-04
-1.0144979948561116e-04
-1.0076231743643274e-04
-1.0012017946222417e-04
-9.9378288538093276e-05
-9.8722753243943816e-05
-9.8068952612354705e-05
-9.7315085359105214e-05
-9.6705820451423221e-05
-9.6020399581830642e-05
-9.5320081628080572e-05
-9.4711343218074805e-05
-9.3968659288703118e-05
-9.3340451420272078e-05
-9.2706208513531165e-05
-9.1988996991558715e-05
-9.1391372666774101e-05
-9.0698683311832821e-05
-9.0042488350984993e-05
-8.9438984973565566e-05
-8.8728853048163108e-05
-8.8137877945731455e-05
-8.7467097088166169e-05
-8.6834780433462513e-05
-8.6208447669906230e-05
-8.5543150152534887e-05
-8.4957489434000794e-05
-8.4268860030330725e-05
-8.3690488374560282e-05
-8.3045560612896886e-05
-8.2407235989149567e-05
-8.1838099729856248e-05
-8.1140024877334959e-05
-8.0597556515940659e-05
-7.9927224540375723e-05
-7.9348354089901578e-05
-7.8729886200396145e-05
-7.8113261356417129e-05
-7.7520956303252667e-05
-7.6894143922992935e-05
-7.6334156890382811e-05
-7.5672704976011097e-05
-7.5141562879645283e-05
-7.4481776273555738e-05
-7.3928514446285296e-05
-7.3311775938585496e-05
-7.2725815008534408e-05
-7.2140396610371400e-05
-7.1545919753034673e-05
-7.0970506243277150e-05
-7.0370385599406862e-05
-6.9807268051434243e-05
-6.9186762769670530e-05
-6.8658084585237624e-05
-6.8014926491927180e-05
-6.7501917917638495e-05
-6.6864668022956588e-05
-6.6347247526999596e-05
-6.5714978386268420e-05
-6.5198930916724533e-05
-6.4559343724435636e-05
-6.4060818112640194e-05
-6.3414266107924202e-05
-6.2917310589393716e-05
-6.2283647551402392e-05
-6.1776749203343190e-05
-6.1151748433825736e-05
-6.0638574094170468e-05
-6.0015037722447074e-05
-5.9509520890948459e-05
-5.8885810120628719e-05
-5.8370935041205594e-05
-5.7773293634920656e-05
-5.7231555188513037e-05
-5.6662327139988412e-05
-5.6099200004001499e-05
-5.5539796852882688e-05
-5.4970412782915580e-05
-5.4421398522648746e-05
-5.3838045349723070e-05
-5.3313683770789016e-05
-5.2700231101495925e-05
-5.2193106484667526e-05
-5.1579358627061331e-05
-5.1056408205076519e-05
-5.0472248163270187e-05
-4.9911399191238960e-05
-4.9366642139457399e-05
-4.8767439499720535e-05
-4.8252821072932814e-05
-4.7629746272414708e-05
-4.7104238668318231e-05
-4.6518858986000348e-05
-4.5957542508914562e-05
-4.5402244197435077e-05
-4.4808537317052331e-05
-4.4281106088999827e-05
-4.3656902834584671e-05
-4.3118933990422264e-05
-4.2533451558031589e-05
-4.1953658205222181e-05
-4.1407232122949136e-05
-4.0780874675101830e-05
-4.0233491515283822e-05
-3.9645462924612168e-05
-3.9053176234504455e-05
-3.8500360270261907e-05
-3.7869464694579216e-05
0.0000000000000000e+00
];
