%Vec Object:dSdr_b_aug_9660 1 MPI processes
%  type: seq
dSdr_b_aug_9660 = [
2.2750967217462421e+03
0.0000000000000000e+00
-6.3808366946427869e-07
-2.6447002371592460e-07
-1.6510012399895967e-07
-1.1759775662352589e-07
-8.8272913086134795e-08
-7.0134628488532697e-08
-5.7839492975288404e-08
-4.8602497786163224e-08
-4.1741729227635896e-08
-3.6481206972004520e-08
-3.2198523983531810e-08
-2.8728668199728664e-08
-2.5883465475761701e-08
-2.3483909788750014e-08
-2.1454951778088297e-08
-8.6710897587218485e-06
-8.0436075233117430e-04
-7.7770790730034161e-04
-7.3588621255970773e-04
-6.9736272138324425e-04
-6.5962296392073187e-04
-6.2201632864583134e-04
-5.8026544470015772e-04
-5.3994205751637389e-04
-5.0126602042566831e-04
-4.6219477749327443e-04
-4.2209136168408989e-04
-3.7920756889753846e-04
-3.4146590665605503e-04
-3.0517975075191966e-04
-2.7091557627706528e-04
-2.3477084909298711e-04
-2.0536746286914492e-04
-1.7977207381784081e-04
-1.5738211766400418e-04
-1.3623773618727888e-04
-1.2022301950286840e-04
-1.0807831314543893e-04
-9.8496682336594019e-05
-9.0778722401566075e-05
-8.5977874797063381e-05
-8.3061726998372902e-05
-8.1482401059051655e-05
-8.1136652258411958e-05
-8.1647150745173003e-05
-8.2664447301366038e-05
-8.4119299897329923e-05
-8.6077449148232356e-05
-8.7801276801042938e-05
-8.9606488474340806e-05
-9.1446961435127737e-05
-9.3221752055790927e-05
-9.4711467917475906e-05
-9.6049496979484788e-05
-9.7339539949254725e-05
-9.8384204958160482e-05
-9.9246328025683620e-05
-9.9949584410581141e-05
-1.0058800903803640e-04
-1.0101604434961794e-04
-1.0128586104973660e-04
-1.0151282237568764e-04
-1.0163403821317516e-04
-1.0162337650155149e-04
-1.0155567257025021e-04
-1.0142994984218443e-04
-1.0121371144209272e-04
-1.0094321542776482e-04
-1.0065649202469846e-04
-1.0031388718932872e-04
-9.9937638632676502e-05
-9.9508470228952452e-05
-9.9079292576091234e-05
-9.8622504570636295e-05
-9.8129878049794082e-05
-9.7648644486720770e-05
-9.7156703169791968e-05
-9.6603583387585415e-05
-9.6083988216011905e-05
-9.5561974008138252e-05
-9.4992780167744726e-05
-9.4461324964260175e-05
-9.3934133428584925e-05
-9.3322835661717896e-05
-9.2791917231901475e-05
-9.2243442005806851e-05
-9.1649870013200862e-05
-9.1119470239834667e-05
-9.0556603813651482e-05
-8.9965486413381236e-05
-8.9431454605714636e-05
-8.8849908203105619e-05
-8.8291522626184719e-05
-8.7766963642449392e-05
-8.7160562561620550e-05
-8.6628963242894178e-05
-8.6093049884967458e-05
-8.5477212054274132e-05
-8.4984152383415360e-05
-8.4420991681402951e-05
-8.3850630403387889e-05
-8.3356518933628524e-05
-8.2746337330308648e-05
-8.2236772221571915e-05
-8.1719787504220507e-05
-8.1132650926055754e-05
-8.0647516687013435e-05
-8.0082603630490410e-05
-7.9546686123287662e-05
-7.9056244364527714e-05
-7.8477937515611341e-05
-7.7995850208775332e-05
-7.7451276298575274e-05
-7.6935805200488297e-05
-7.6425398073329197e-05
-7.5885481968366539e-05
-7.5408923191223710e-05
-7.4848050724641256e-05
-7.4381065228822525e-05
-7.3854714976602433e-05
-7.3336560491156760e-05
-7.2878474247550494e-05
-7.2307336447478463e-05
-7.1871392518650182e-05
-7.1327536891431124e-05
-7.0856716981283061e-05
-7.0360264563459923e-05
-6.9858783621160834e-05
-6.9380347205191874e-05
-6.8875193615310071e-05
-6.8422253067615356e-05
-6.7888730850159754e-05
-6.7461720924115256e-05
-6.6928793411756712e-05
-6.6483948822849222e-05
-6.5987536016361725e-05
-6.5515356623458803e-05
-6.5045652913454366e-05
-6.4568395860583065e-05
-6.4105187952544909e-05
-6.3626279904984014e-05
-6.3173204585997991e-05
-6.2675988551410210e-05
-6.2255980495539584e-05
-6.1737359362915465e-05
-6.1331980481999450e-05
-6.0820599473278577e-05
-6.0408063493594180e-05
-5.9906084016415731e-05
-5.9493999454879096e-05
-5.8985316917999966e-05
-5.8590327691353937e-05
-5.8075516991820355e-05
-5.7682853110374201e-05
-5.7179631110916154e-05
-5.6778258101144025e-05
-5.6283652650402204e-05
-5.5878505001559758e-05
-5.5384138183914280e-05
-5.4989035016413981e-05
-5.4492880236943264e-05
-5.4090394417686634e-05
-5.3619894132786436e-05
-5.3192710359952394e-05
-5.2748805126834062e-05
-5.2304376216838782e-05
-5.1867781893812340e-05
-5.1421649868228988e-05
-5.0992335258662780e-05
-5.0537106075859652e-05
-5.0128491244309261e-05
-4.9649682486181358e-05
-4.9255911871674946e-05
-4.8777102897633913e-05
-4.8371548949538964e-05
-4.7918343001756580e-05
-4.7482001809748041e-05
-4.7063130932839671e-05
-4.6595928884244530e-05
-4.6201147649981821e-05
-4.5718755699273854e-05
-4.5312804092079612e-05
-4.4864643022396576e-05
-4.4430620782193770e-05
-4.4005338317367146e-05
-4.3548959335602721e-05
-4.3145425787002899e-05
-4.2667015429076565e-05
-4.2255687858763697e-05
-4.1807641312671148e-05
-4.1365264149250678e-05
-4.0948232287629705e-05
-4.0471370074211197e-05
-4.0054269516466084e-05
-3.9607159083549057e-05
-3.9158170960029323e-05
-3.8736086600602472e-05
-3.8255454615737422e-05
0.0000000000000000e+00
];
