%Vec Object:dSdr_b_aug_8170 1 MPI processes
%  type: seq
dSdr_b_aug_8170 = [
2.2923223440204574e+03
0.0000000000000000e+00
-7.1079724821768610e-07
-2.9387649812803357e-07
-1.8288988981876766e-07
-1.2993906322926905e-07
-9.7377979484489151e-08
-7.7242880635398642e-08
-6.3595661075213333e-08
-5.3341701480460218e-08
-4.5726938800543488e-08
-3.9888952398498395e-08
-3.5137854421545759e-08
-3.1289284703844848e-08
-2.8133922829124362e-08
-2.5473586881338239e-08
-2.3200785710931122e-08
-2.2887990243652726e-08
-1.3453629916569513e-04
-7.8301202214326891e-04
-7.4273900688999104e-04
-7.0388537520942691e-04
-6.6581684533960947e-04
-6.2788905382047029e-04
-5.8578501254790154e-04
-5.4513033739342961e-04
-5.0614367836750997e-04
-4.6676283151420657e-04
-4.2634749748475135e-04
-3.8313922771476019e-04
-3.4511363414643824e-04
-3.0855919738776745e-04
-2.7404519838403245e-04
-2.3763981536914364e-04
-2.0802575633936028e-04
-1.8224824579501103e-04
-1.5969947419585225e-04
-1.3840484173053625e-04
-1.2227622054349972e-04
-1.1004463020084243e-04
-1.0039255032476193e-04
-9.2616129509652591e-05
-8.7776557041416975e-05
-8.4833755296740833e-05
-8.3236238911851010e-05
-8.2879470750763217e-05
-8.3384525777616296e-05
-8.4399445457126877e-05
-8.5854498424465256e-05
-8.7814066405756636e-05
-8.9538914977553815e-05
-9.1345720741661476e-05
-9.3187031431287600e-05
-9.4961564404537620e-05
-9.6450200517267178e-05
-9.7785834496163238e-05
-9.9071793169490930e-05
-1.0011176852606287e-04
-1.0096842566420423e-04
-1.0166475956331621e-04
-1.0229506755139930e-04
-1.0271484513289122e-04
-1.0297547740315551e-04
-1.0319140587914344e-04
-1.0330251584846078e-04
-1.0328112398273334e-04
-1.0320152040518783e-04
-1.0306352677765051e-04
-1.0283538631323910e-04
-1.0255231290381345e-04
-1.0225218666421652e-04
-1.0189719978112222e-04
-1.0150851459432175e-04
-1.0106460546563433e-04
-1.0062272098112955e-04
-1.0015330293188228e-04
-9.9645704985877468e-05
-9.9151829564473389e-05
-9.8647294067441668e-05
-9.8078834672749948e-05
-9.7546561061753065e-05
-9.7011729041763641e-05
-9.6427629171189612e-05
-9.5883565450732058e-05
-9.5343674359312476e-05
-9.4717332960642396e-05
-9.4173856720874982e-05
-9.3612519695803289e-05
-9.3004526643374898e-05
-9.2461777377397041e-05
-9.1885846740845996e-05
-9.1280649488021884e-05
-9.0734374379189192e-05
-9.0139398240884753e-05
-8.9567800759021027e-05
-8.9031208585306750e-05
-8.8410941292527717e-05
-8.7866658200679414e-05
-8.7318680101995452e-05
-8.6688716154634653e-05
-8.6183763884713376e-05
-8.5608090906933264e-05
-8.5024429675211702e-05
-8.4518587118231995e-05
-8.3894845035435608e-05
-8.3373137854545897e-05
-8.2844152763651943e-05
-8.2243704127146026e-05
-8.1747057488649585e-05
-8.1169067620010728e-05
-8.0620840742723755e-05
-8.0118828092426913e-05
-7.9527030073055753e-05
-7.9033799029044807e-05
-7.8476308915161936e-05
-7.7948879670974755e-05
-7.7426608543360086e-05
-7.6873860720301843e-05
-7.6386136288659689e-05
-7.5812188988785544e-05
-7.5333804067768305e-05
-7.4795318417122887e-05
-7.4264865541063470e-05
-7.3795414272678656e-05
-7.3211285545619946e-05
-7.2764439745827259e-05
-7.2207640339945939e-05
-7.1725762373820210e-05
-7.1216822708949513e-05
-7.0703557765123304e-05
-7.0213467859528788e-05
-6.9695863524267407e-05
-6.9231967674486807e-05
-6.8685352937004177e-05
-6.8247685962801249e-05
-6.7701775496096831e-05
-6.7245835317747627e-05
-6.6737108192131708e-05
-6.6253284218234184e-05
-6.5771738085095108e-05
-6.5282484572398025e-05
-6.4807793364198276e-05
-6.4316480226980671e-05
-6.3852143008385175e-05
-6.3342309354455915e-05
-6.2911179819491472e-05
-6.2379813372078410e-05
-6.1963419489084544e-05
-6.1439156851612474e-05
-6.1015886811991684e-05
-6.0500573274261619e-05
-6.0077848967954721e-05
-5.9555769427472468e-05
-5.9150184103050860e-05
-5.8621890771432270e-05
-5.8218553493934920e-05
-5.7701981928311436e-05
-5.7289809258042048e-05
-5.6781858914083402e-05
-5.6365655606206883e-05
-5.5858069334421369e-05
-5.5451666213888454e-05
-5.4942457105697942e-05
-5.4528469138461576e-05
-5.4044956972839967e-05
-5.3606049428477866e-05
-5.3149318389990380e-05
-5.2692741636780935e-05
-5.2243578777389236e-05
-5.1784832846305190e-05
-5.1343267877778397e-05
-5.0874926164527240e-05
-5.0454465494289553e-05
-4.9961876917503786e-05
-4.9556505307934314e-05
-4.9063886288210575e-05
-4.8646317587701554e-05
-4.8179709351782399e-05
-4.7730625564073068e-05
-4.7298870986310920e-05
-4.6818159429837474e-05
-4.6411113454844207e-05
-4.5914323315842877e-05
-4.5496135593392138e-05
-4.5033930683806376e-05
-4.4586880147712853e-05
-4.4148290685527289e-05
-4.3677856156538740e-05
-4.3261641241754850e-05
-4.2768308317986574e-05
-4.2344017635090789e-05
-4.1881902416798793e-05
-4.1425457362800387e-05
-4.0995176635343697e-05
-4.0503005021770938e-05
-4.0072555156986142e-05
-3.9610993994501273e-05
-3.9147279050266899e-05
-3.8711643348162872e-05
-3.8214721599994686e-05
0.0000000000000000e+00
];
