%Vec Object:dSdr_b_aug_1040 1 MPI processes
%  type: seq
dSdr_b_aug_1040 = [
2.4640031224342051e+03
0.0000000000000000e+00
-2.3579240031667518e-06
-9.6182242015781247e-07
-5.8601055682994570e-07
-4.1123811218479512e-07
-3.0833273506860832e-07
-2.4481019329849874e-07
-2.0175948796739267e-07
-1.6912765716045049e-07
-1.4490744637589818e-07
-1.2635047075141587e-07
-1.1121813471301233e-07
-9.8959073770295885e-08
-8.8911304067678593e-08
-8.0438378045985118e-08
-7.3198018743917714e-08
-6.7021593904658288e-08
-6.1682189277652629e-08
-5.6971098361986610e-08
-5.2844264469790940e-08
-4.9204946490454257e-08
-4.5933454598847090e-08
-4.3008928678497440e-08
-4.0387568216835616e-08
-4.1447018765129533e-08
-3.5769555932406234e-06
-2.7648861486095054e-04
-4.6050188528139256e-04
-4.2647389377037918e-04
-3.8623758488202464e-04
-3.4674934603118746e-04
-3.0942375801484910e-04
-2.7007369389023180e-04
-2.3807833122030313e-04
-2.1024198806440206e-04
-1.8589779721547506e-04
-1.6290455075101173e-04
-1.4548821378780868e-04
-1.3227437927775521e-04
-1.2182585521143680e-04
-1.1338851921347550e-04
-1.0811115153308459e-04
-1.0486701895512250e-04
-1.0306385350454486e-04
-1.0258250701037216e-04
-1.0302602057977000e-04
-1.0401406730586159e-04
-1.0547138378115122e-04
-1.0744698915808036e-04
-1.0918337791631977e-04
-1.1100820380108504e-04
-1.1285898384291162e-04
-1.1463060276299783e-04
-1.1610703086837537e-04
-1.1741558674436319e-04
-1.1865537040722092e-04
-1.1964232713317841e-04
-1.2043718970201889e-04
-1.2105526235974934e-04
-1.2159380894999053e-04
-1.2192023012026552e-04
-1.2207702945532474e-04
-1.2216822818259521e-04
-1.2216508819743127e-04
-1.2202238870595533e-04
-1.2180825613176301e-04
-1.2153153642269328e-04
-1.2116883967736151e-04
-1.2074357522745640e-04
-1.2029192614605179e-04
-1.1979695671278559e-04
-1.1926767192728559e-04
-1.1865711485197202e-04
-1.1807157610476051e-04
-1.1745937191461730e-04
-1.1678251794348810e-04
-1.1614572284137533e-04
-1.1549880668984663e-04
-1.1475692885749244e-04
-1.1408132204134210e-04
-1.1340158118458767e-04
-1.1264896466296252e-04
-1.1196235825777494e-04
-1.1127889527412685e-04
-1.1048248163070800e-04
-1.0979703598613533e-04
-1.0909029289313887e-04
-1.0831926594885581e-04
-1.0763690237882087e-04
-1.0691327738448429e-04
-1.0614890369212955e-04
-1.0546421481914940e-04
-1.0471741198629573e-04
-1.0399645044523104e-04
-1.0332381988305843e-04
-1.0254679143882191e-04
-1.0185911496400919e-04
-1.0117474180235183e-04
-1.0038507843029303e-04
-9.9745677209614057e-05
-9.9028549801849990e-05
-9.8294529361331412e-05
-9.7656064021123636e-05
-9.6879017452123817e-05
-9.6220041238884632e-05
-9.5555389057905808e-05
-9.4804444413042508e-05
-9.4177647358434900e-05
-9.3451821004928766e-05
-9.2764433769554152e-05
-9.2131609446690165e-05
-9.1387290531304931e-05
-9.0768076910137339e-05
-9.0064566050124454e-05
-8.9401947143082815e-05
-8.8745550697463100e-05
-8.8047737273456850e-05
-8.7433782507937991e-05
-8.6712021141519124e-05
-8.6104763061218745e-05
-8.5429083899389997e-05
-8.4759594850730786e-05
-8.4161659347105556e-05
-8.3430665168074910e-05
-8.2860571214669535e-05
-8.2157439394263724e-05
-8.1550547582166747e-05
-8.0900436719514719e-05
-8.0253950953322142e-05
-7.9632115702902540e-05
-7.8973752859022727e-05
-7.8386004867118256e-05
-7.7691376222592981e-05
-7.7133228961070991e-05
-7.6440543278630734e-05
-7.5859165020436355e-05
-7.5211221790122735e-05
-7.4595753281111736e-05
-7.3980325972355154e-05
-7.3355449878451906e-05
-7.2750937502230218e-05
-7.2119382156961951e-05
-7.1527726795152688e-05
-7.0875248274362605e-05
-7.0318388124024280e-05
-6.9642933229700869e-05
-6.9102012526989595e-05
-6.8432120431212770e-05
-6.7887499748986519e-05
-6.7221441957661385e-05
-6.6678433328469313e-05
-6.6004898018630771e-05
-6.5479521882867055e-05
-6.4798804813396101e-05
-6.4274802934105653e-05
-6.3607312067790204e-05
-6.3073047448597579e-05
-6.2414230742929703e-05
-6.1873041479221217e-05
-6.1216007099652549e-05
-6.0681856360859284e-05
-6.0025066090076156e-05
-5.9481044816059353e-05
-5.8850431560621590e-05
-5.8278985420027695e-05
-5.7677257149272630e-05
-5.7083347831936535e-05
-5.6492096520624007e-05
-5.5890749405808800e-05
-5.5310693426648659e-05
-5.4694113873525588e-05
-5.4139735856829427e-05
-5.3491366135037416e-05
-5.2954845802955033e-05
-5.2306104628110250e-05
-5.1752710399571100e-05
-5.1134590747031176e-05
-5.0541454119906761e-05
-4.9964052174418850e-05
-4.9330619244697366e-05
-4.8784925250063699e-05
-4.8125369291510346e-05
-4.7568859958962841e-05
-4.6947898643897356e-05
-4.6353575069440182e-05
-4.5764564865429853e-05
-4.5135251171926804e-05
-4.4575697806167896e-05
-4.3913696706933490e-05
-4.3342900071455213e-05
-4.2721795446581263e-05
-4.2106392556419066e-05
-4.1526449288419310e-05
-4.0861382450155659e-05
-4.0280310260916975e-05
-3.9655914438268080e-05
-3.9026843968855152e-05
-3.8441188618179215e-05
-3.7776982002404434e-05
0.0000000000000000e+00
];
