%Vec Object:dSdr_b_aug_3350 1 MPI processes
%  type: seq
dSdr_b_aug_3350 = [
2.3668265892893651e+03
0.0000000000000000e+00
-1.1699911964642487e-06
-4.8186662457231956e-07
-2.9786895948158862e-07
-2.1090950225094385e-07
-1.5830326550345732e-07
-1.2579284258176428e-07
-1.0375686388471484e-07
-8.7134646023473035e-08
-7.4792199340824438e-08
-6.5331851582175877e-08
-5.7623060541065600e-08
-5.1377336919738952e-08
-4.6256970887111693e-08
-4.1938497979139406e-08
-3.8247608390779663e-08
-3.5098460865615105e-08
-3.2375517264015656e-08
-2.9972113794421856e-08
-2.8462613530321396e-08
-1.2037195864142495e-05
-6.5216902409328073e-04
-6.5755078901304665e-04
-6.1433312140706561e-04
-5.7198038020190840e-04
-5.3138668293395224e-04
-4.9040358354625812e-04
-4.4837400085284750e-04
-4.0348648689146545e-04
-3.6399148230470028e-04
-3.2604862940074426e-04
-2.9024173007022525e-04
-2.5248739227967047e-04
-2.2178305342196759e-04
-1.9506302378899081e-04
-1.7169234710725544e-04
-1.4962013176802463e-04
-1.3290202800941237e-04
-1.2022079251380885e-04
-1.1020412198485445e-04
-1.0212515215421048e-04
-9.7085169059457131e-05
-9.4004426446647177e-05
-9.2312769752942044e-05
-9.1898973298461676e-05
-9.2375856615028797e-05
-9.3378474883601138e-05
-9.4834564318832380e-05
-9.6801474077134127e-05
-9.8531605700088131e-05
-1.0034666084013369e-04
-1.0219230658286466e-04
-1.0396550580765872e-04
-1.0544855363397442e-04
-1.0677179218758552e-04
-1.0803661338109945e-04
-1.0905231842134105e-04
-1.0988068784589691e-04
-1.1054119602742218e-04
-1.1112949828767677e-04
-1.1150653997806423e-04
-1.1171964048191054e-04
-1.1187847119584184e-04
-1.1193728076036183e-04
-1.1186035767451579e-04
-1.1171917050752694e-04
-1.1151767203401054e-04
-1.1122793553603750e-04
-1.1087977110138888e-04
-1.1051028198687851e-04
-1.1009121505238200e-04
-1.0963816734075926e-04
-1.0911797145927773e-04
-1.0861032609789624e-04
-1.0807554456930391e-04
-1.0749046594945982e-04
-1.0693116590954105e-04
-1.0636145254147266e-04
-1.0571360702232598e-04
-1.0511571948140840e-04
-1.0451455224706399e-04
-1.0385331014616112e-04
-1.0324399436491319e-04
-1.0263838006713562e-04
-1.0193418432092540e-04
-1.0132571844459177e-04
-1.0069781856956549e-04
-1.0001519312838069e-04
-9.9408532319243353e-05
-9.8764991309416490e-05
-9.8086927497895594e-05
-9.7477290414133350e-05
-9.6812812225699710e-05
-9.6172840019195736e-05
-9.5573973247283777e-05
-9.4881945039513701e-05
-9.4272020430830999e-05
-9.3661604453163883e-05
-9.2958534524899223e-05
-9.2392035250655943e-05
-9.1751608315705584e-05
-9.1099116728492367e-05
-9.0532563067358777e-05
-8.9838642348135514e-05
-8.9254097120886918e-05
-8.8663007307965175e-05
-8.7993665674215195e-05
-8.7437439694647536e-05
-8.6791774284032265e-05
-8.6179843557492944e-05
-8.5617948857389840e-05
-8.4956330896884509e-05
-8.4405428428578627e-05
-8.3781093962154534e-05
-8.3191778538420930e-05
-8.2608108457670354e-05
-8.1988953517253627e-05
-8.1443444237669409e-05
-8.0801831644326431e-05
-8.0264452059034604e-05
-7.9663162911751214e-05
-7.9069063017317504e-05
-7.8540795118028917e-05
-7.7889435337504312e-05
-7.7386169837855918e-05
-7.6762383384348636e-05
-7.6223277427390080e-05
-7.5649713374810552e-05
-7.5075463505096875e-05
-7.4525064104561824e-05
-7.3943024290719684e-05
-7.3422432232965568e-05
-7.2808060686713750e-05
-7.2315241041322320e-05
-7.1702140797828243e-05
-7.1188778398541583e-05
-7.0616321843438784e-05
-7.0072234493905904e-05
-6.9529401107821658e-05
-6.8978063169125857e-05
-6.8443943258459901e-05
-6.7888430945681969e-05
-6.7365810830181659e-05
-6.6790678116477388e-05
-6.6301992399705152e-05
-6.5704666046261377e-05
-6.5231267032289468e-05
-6.4640339040225058e-05
-6.4161517819673924e-05
-6.3577197495999323e-05
-6.3099410121722716e-05
-6.2507998061305195e-05
-6.2047575563522892e-05
-6.1449506577285681e-05
-6.0990932103064943e-05
-6.0405273544759166e-05
-5.9937210245779241e-05
-5.9360197109771106e-05
-5.8886778339308354e-05
-5.8310778472796943e-05
-5.7845895633045043e-05
-5.7269127517636170e-05
-5.6795613452003761e-05
-5.6244761986238625e-05
-5.5745181423566670e-05
-5.5222074103673407e-05
-5.4702629702974327e-05
-5.4188422033883572e-05
-5.3664396524360953e-05
-5.3159433444679946e-05
-5.2623231716576937e-05
-5.2141466492699810e-05
-5.1577564612534912e-05
-5.1112155664457129e-05
-5.0548067017681353e-05
-5.0068319812396037e-05
-4.9532352331990981e-05
-4.9017323451845909e-05
-4.8518893634841993e-05
-4.7968268276482672e-05
-4.7497750604166586e-05
-4.6926447879693034e-05
-4.6444937022035963e-05
-4.5910053873765067e-05
-4.5395581134648136e-05
-4.4888127583301448e-05
-4.4344955656059659e-05
-4.3863115833364090e-05
-4.3292560389844702e-05
-4.2801189315838118e-05
-4.2266274412498270e-05
-4.1737037065068466e-05
-4.1238207984973557e-05
-4.0666833371348004e-05
-4.0167341072839063e-05
-3.9631072299225276e-05
-3.9091308303239331e-05
-3.8586004231738677e-05
-3.8007225057444906e-05
0.0000000000000000e+00
];
