%Vec Object:dSdr_b_aug_3560 1 MPI processes
%  type: seq
dSdr_b_aug_3560 = [
2.3631161535895621e+03
0.0000000000000000e+00
-1.1403465515843050e-06
-4.6975134484807118e-07
-2.9048432846338485e-07
-2.0571639231641454e-07
-1.5439016604559416e-07
-1.2266974332875717e-07
-1.0116928779397538e-07
-8.4954547247072609e-08
-7.2914604903343136e-08
-6.3686016621977587e-08
-5.6166617600159778e-08
-5.0074423843218157e-08
-4.5079911989039667e-08
-4.0867670755826954e-08
-3.7267666455542531e-08
-3.4196065760941877e-08
-3.1540186482961196e-08
-2.9196114230065142e-08
-3.0240845759071308e-08
-4.9639144067671296e-05
-6.8179111713349600e-04
-6.5598820595758837e-04
-6.1241153490099447e-04
-5.7016377356957639e-04
-5.2967852110031612e-04
-4.8880383279636638e-04
-4.4688348438928294e-04
-4.0210960353572389e-04
-3.6271403285258321e-04
-3.2486513299560691e-04
-2.8914572323042892e-04
-2.5148266816617276e-04
-2.2085210770205670e-04
-1.9419585760764422e-04
-1.7088079860816741e-04
-1.4886120169294297e-04
-1.3218298774594355e-04
-1.1953217937462043e-04
-1.0954018039973212e-04
-1.0148168381487574e-04
-9.6455262342359056e-05
-9.3383854073470824e-05
-9.1698567775032517e-05
-9.1288630375542453e-05
-9.1767420045808578e-05
-9.2770870737842839e-05
-9.4226890033237136e-05
-9.6193302976720893e-05
-9.7923077097595510e-05
-9.9737574007217230e-05
-1.0158292639849190e-04
-1.0335621587558841e-04
-1.0483964185571401e-04
-1.0616371919670626e-04
-1.0742997074597132e-04
-1.0844731813846262e-04
-1.0927760176950702e-04
-1.0994053424845630e-04
-1.1053167900274943e-04
-1.1091161259675691e-04
-1.1112792953745160e-04
-1.1129062401161594e-04
-1.1135297271614354e-04
-1.1127980746520116e-04
-1.1114278767155621e-04
-1.1094558652324186e-04
-1.1066001818254121e-04
-1.1031625840845177e-04
-1.0995146302704259e-04
-1.0953673234132616e-04
-1.0908803999286705e-04
-1.0857300637810248e-04
-1.0806981100528738e-04
-1.0753945257369791e-04
-1.0695961701201860e-04
-1.0640474420615770e-04
-1.0583944137497602e-04
-1.0519696785420971e-04
-1.0460352035791390e-04
-1.0400684197686280e-04
-1.0335082003169864e-04
-1.0274591980769382e-04
-1.0214475294892390e-04
-1.0144582554698898e-04
-1.0084175746951382e-04
-1.0021836185163716e-04
-9.9540786726996279e-05
-9.8938450763168986e-05
-9.8299484895430912e-05
-9.7626351908005886e-05
-9.7021002480616588e-05
-9.6361227442524159e-05
-9.5725882101252362e-05
-9.5131229403673908e-05
-9.4444057201794116e-05
-9.3838574504169733e-05
-9.3232383649958540e-05
-9.2534260747285029e-05
-9.1971926311465864e-05
-9.1335881226968735e-05
-9.0688047336708659e-05
-9.0125601949004566e-05
-8.9436430163836411e-05
-8.8856137138563910e-05
-8.8269249904134053e-05
-8.7604570206195896e-05
-8.7052375914415569e-05
-8.6411290055367836e-05
-8.5803670119083655e-05
-8.5245827590956107e-05
-8.4588934291814565e-05
-8.4041934404062904e-05
-8.3422123243332276e-05
-8.2836995609355637e-05
-8.2257480348314817e-05
-8.1642819126042103e-05
-8.1101220102471996e-05
-8.0464186367116544e-05
-7.9930798905046679e-05
-7.9333759621741289e-05
-7.8743966671745527e-05
-7.8219678848251190e-05
-7.7572868540956951e-05
-7.7073420918746254e-05
-7.6454167426843586e-05
-7.5918934043628345e-05
-7.5349743073335678e-05
-7.4779620006238567e-05
-7.4233301702373092e-05
-7.3655622187466681e-05
-7.3138866718023432e-05
-7.2529080222510461e-05
-7.2039992715561738e-05
-7.1431439152124687e-05
-7.0921962470008851e-05
-7.0353818435912570e-05
-6.9813809062210094e-05
-6.9275122936882262e-05
-6.8727986203056700e-05
-6.8197887786565465e-05
-6.7646719782091713e-05
-6.7128043624919512e-05
-6.6557329647758411e-05
-6.6072538713086469e-05
-6.5479675815168328e-05
-6.5010134293972606e-05
-6.4423717494548654e-05
-6.3948655379123670e-05
-6.3369004690930555e-05
-6.2894943391566456e-05
-6.2308223008722858e-05
-6.1851511299631921e-05
-6.1258163977578845e-05
-6.0803327361266750e-05
-6.0222343865811063e-05
-5.9758062642004742e-05
-5.9185722931138147e-05
-5.8716175886269469e-05
-5.8144805514162578e-05
-5.7683879951157048e-05
-5.7111683500854015e-05
-5.6642197519577257e-05
-5.6095902851462975e-05
-5.5600427984256755e-05
-5.5081812295089966e-05
-5.4566622098649903e-05
-5.4056815960603973e-05
-5.3537207868660726e-05
-5.3036534889085361e-05
-5.2504925194594823e-05
-5.2027308401303595e-05
-5.1468232235936105e-05
-5.1006885966875119e-05
-5.0447633613027768e-05
-4.9972093977599698e-05
-4.9440819982001659e-05
-4.8930253553599294e-05
-4.8436335596713256e-05
-4.7890441249334384e-05
-4.7424218655767116e-05
-4.6857958138180621e-05
-4.6380732306053504e-05
-4.5850767235779842e-05
-4.5340856902822248e-05
-4.4838063329077795e-05
-4.4299813483418252e-05
-4.3822414446152156e-05
-4.3257084590107721e-05
-4.2770252795193482e-05
-4.2240264193518518e-05
-4.1715952652069165e-05
-4.1221762202165665e-05
-4.0655747226146019e-05
-4.0160927041447712e-05
-3.9629713817811754e-05
-3.9095096363331388e-05
-3.8594507876181015e-05
-3.8021275132764933e-05
0.0000000000000000e+00
];
