%Vec Object:dSdr_b_aug_6640 1 MPI processes
%  type: seq
dSdr_b_aug_6640 = [
2.3066484838543656e+03
0.0000000000000000e+00
-7.7916811842527371e-07
-3.2152946215319629e-07
-1.9960659607031423e-07
-1.4153971460781401e-07
-1.0595264337948460e-07
-8.3950336860275906e-08
-6.9038481941388669e-08
-5.7831971266759089e-08
-4.9510798224351712e-08
-4.3131682326779617e-08
-3.7941273299965673e-08
-3.3737364797828701e-08
-3.0290891971197123e-08
-2.7385647167588021e-08
-2.4904154342699874e-08
-2.2788667965413031e-08
-3.3351862205837207e-07
-5.8468026970910289e-04
-7.5048175058559400e-04
-7.1212673348404866e-04
-6.7365108123591832e-04
-6.3531719469317200e-04
-5.9276646312248047e-04
-5.5169275691535234e-04
-5.1231320630565520e-04
-4.7254075550493159e-04
-4.3173089027262717e-04
-3.8811220428682495e-04
-3.4972747886409110e-04
-3.1283370582157858e-04
-2.7800371510137257e-04
-2.4126864034295495e-04
-2.1138811110865352e-04
-1.8538024386998916e-04
-1.6263059427973949e-04
-1.4114591629970578e-04
-1.2487322220149083e-04
-1.1253173599247950e-04
-1.0279054805482915e-04
-9.4940182508302791e-05
-9.0051628516266656e-05
-8.7075113221789463e-05
-8.5454588572059809e-05
-8.5083882530571122e-05
-8.5582052381705630e-05
-8.6593965667852542e-05
-8.8049272086152840e-05
-9.0010634565493102e-05
-9.1736774460706547e-05
-9.3545596526768790e-05
-9.5387966830132081e-05
-9.7162173924635045e-05
-9.8649444318978362e-05
-9.9982048872423638e-05
-1.0126284151061065e-04
-1.0229688514435340e-04
-1.0314662868158688e-04
-1.0383420664726260e-04
-1.0445424827097755e-04
-1.0486358102841194e-04
-1.0511259633394108e-04
-1.0531456986238124e-04
-1.0541289738102442e-04
-1.0537793343348573e-04
-1.0528327853639096e-04
-1.0512976400778713e-04
-1.0488656916507580e-04
-1.0458758718182459e-04
-1.0427050830500547e-04
-1.0389985993387080e-04
-1.0349544422030684e-04
-1.0303289021970307e-04
-1.0257493344243490e-04
-1.0208954022596734e-04
-1.0156300560563101e-04
-1.0105314007320165e-04
-1.0053267477107537e-04
-9.9944812998334131e-05
-9.9396503006253601e-05
-9.8845458319078944e-05
-9.8242504488918751e-05
-9.7682492829065268e-05
-9.7126538647362978e-05
-9.6481169242875980e-05
-9.5921809200586751e-05
-9.5344203871041211e-05
-9.4717970275731974e-05
-9.4159600698201634e-05
-9.3567145736154773e-05
-9.2944139517931343e-05
-9.2382378414252242e-05
-9.1770415613855218e-05
-9.1182106994112635e-05
-9.0630294585563481e-05
-8.9992488551511111e-05
-8.9432162331728253e-05
-8.8868924090981528e-05
-8.8221092660636902e-05
-8.7701097982849217e-05
-8.7109598794819063e-05
-8.6509115053506349e-05
-8.5988434374903916e-05
-8.5347540255074667e-05
-8.4810475116258791e-05
-8.4266311295650088e-05
-8.3649024838650273e-05
-8.3137816686530564e-05
-8.2543286549612867e-05
-8.1979490106628888e-05
-8.1462841958517080e-05
-8.0853979567689462e-05
-8.0346653313988865e-05
-7.9772826077867265e-05
-7.9230271514954426e-05
-7.8692994149114496e-05
-7.8124016065595604e-05
-7.7622168701729340e-05
-7.7031683635864310e-05
-7.6538880096479626e-05
-7.5985044928215335e-05
-7.5439036373044937e-05
-7.4955209997662004e-05
-7.4354649633431128e-05
-7.3894014548591289e-05
-7.3320843141162773e-05
-7.2824978338439293e-05
-7.2300244117928097e-05
-7.1772074121694368e-05
-7.1267244242163434e-05
-7.0733891520115898e-05
-7.0256138801916819e-05
-6.9692963925713062e-05
-6.9241817330588338e-05
-6.8679485309562229e-05
-6.8209510818973611e-05
-6.7685207864966545e-05
-6.7186655183966491e-05
-6.6690130101878286e-05
-6.6185702806029279e-05
-6.5696486886753993e-05
-6.5189483108549925e-05
-6.4710901217924637e-05
-6.4185108103236293e-05
-6.3739911507255424e-05
-6.3192424082191646e-05
-6.2762097815447385e-05
-6.2221541782250017e-05
-6.1784694708987917e-05
-6.1252515514249658e-05
-6.0816333468379166e-05
-6.0277308656021063e-05
-5.9858320798143605e-05
-5.9312973885848868e-05
-5.8896136302546513e-05
-5.8362679463957315e-05
-5.7936846780231074e-05
-5.7412017072278641e-05
-5.6981829948182237e-05
-5.6457522972651518e-05
-5.6036827037444060e-05
-5.5511106082774676e-05
-5.5082569551018095e-05
-5.4582599226678531e-05
-5.4128862792944275e-05
-5.3655908950574435e-05
-5.3183966914941284e-05
-5.2718906655183167e-05
-5.2244205935656877e-05
-5.1787146009316105e-05
-5.1302218813173687e-05
-5.0866774837412626e-05
-5.0356756746708947e-05
-4.9936711513897731e-05
-4.9426624736477913e-05
-4.8993859057114666e-05
-4.8510298802904587e-05
-4.8045097402685511e-05
-4.7597046723935829e-05
-4.7099247497500498e-05
-4.6676688286812749e-05
-4.6161686389923659e-05
-4.5728021594426686e-05
-4.5248053071467906e-05
-4.4784523398980729e-05
-4.4329102233718556e-05
-4.3840889128224531e-05
-4.3408633690010244e-05
-4.2896425327269529e-05
-4.2455737461516014e-05
-4.1975826437332946e-05
-4.1501586187547085e-05
-4.1054545607897577e-05
-4.0543006820798105e-05
-4.0095667090412310e-05
-3.9615818844452570e-05
-3.9133457313253346e-05
-3.8680626527364537e-05
-3.8162808160567355e-05
0.0000000000000000e+00
];
