%Vec Object:dSdr_b_aug_1070 1 MPI processes
%  type: seq
dSdr_b_aug_1070 = [
2.4615467791184233e+03
0.0000000000000000e+00
-2.3158785890140928e-06
-9.4522120141852777e-07
-5.7631453459187326e-07
-4.0467136818539256e-07
-3.0352676975798845e-07
-2.4108855855869277e-07
-1.9877210113905877e-07
-1.6669650136351972e-07
-1.4288839347602362e-07
-1.2464692346480764e-07
-1.0977041569016857e-07
-9.7718084658655601e-08
-8.7839590391380248e-08
-7.9508859480941263e-08
-7.2389436076325365e-08
-6.6316072212764240e-08
-6.1065610501481436e-08
-5.6432492436115265e-08
-5.2373900288188512e-08
-4.8794747460726422e-08
-4.5576990781524731e-08
-4.2700438733246233e-08
-4.0126073890831821e-08
-4.7089738962036817e-08
-8.9836183334383541e-06
-3.5877820383663727e-04
-4.6475234194612351e-04
-4.2631670115455671e-04
-3.8577804828058741e-04
-3.4629280016605272e-04
-3.0899704179722593e-04
-2.6968188543308457e-04
-2.3771517218224624e-04
-2.0990368174886748e-04
-1.8558118165583090e-04
-1.6260846128950384e-04
-1.4520768613710246e-04
-1.3200572219548959e-04
-1.2156682340603587e-04
-1.1313747482447317e-04
-1.0786539807834863e-04
-1.0462490721018814e-04
-1.0282422711547034e-04
-1.0234438620086306e-04
-1.0278864352028831e-04
-1.0377701501188605e-04
-1.0523430412506322e-04
-1.0720971567635334e-04
-1.0894596496075621e-04
-1.1077057305892868e-04
-1.1262123865483338e-04
-1.1439289278895195e-04
-1.1586946843083919e-04
-1.1717835155589419e-04
-1.1841869326374231e-04
-1.1940629074328892e-04
-1.2020190012760406e-04
-1.2082091860875657e-04
-1.2136057417863727e-04
-1.2168812360523388e-04
-1.2184617781061394e-04
-1.2193888395665425e-04
-1.2193712473685773e-04
-1.2179589130637831e-04
-1.2158338457990490e-04
-1.2130834144253674e-04
-1.2094727087489506e-04
-1.2052372487258361e-04
-1.2007390701817631e-04
-1.1958062934190817e-04
-1.1905304377081224e-04
-1.1844450071700935e-04
-1.1786069810146299e-04
-1.1725021955123179e-04
-1.1657541112169395e-04
-1.1594034327349171e-04
-1.1529514786151535e-04
-1.1455536587565786e-04
-1.1388149131119372e-04
-1.1320350174842951e-04
-1.1245292183286301e-04
-1.1176803812565886e-04
-1.1108631027836991e-04
-1.1029195204120468e-04
-1.0960822216629045e-04
-1.0890323637674179e-04
-1.0813417977676411e-04
-1.0745350351394906e-04
-1.0673166347816522e-04
-1.0596921351100974e-04
-1.0528619743614456e-04
-1.0454122950319305e-04
-1.0382207309998530e-04
-1.0315108662835868e-04
-1.0237595271942593e-04
-1.0169000922391952e-04
-1.0100728446350094e-04
-1.0021955113730175e-04
-9.9581774798019790e-05
-9.8866356936100195e-05
-9.8134153659809140e-05
-9.7497291155711118e-05
-9.6722097352601674e-05
-9.6064780103631426e-05
-9.5401767526687731e-05
-9.4652641700660207e-05
-9.4027417578414351e-05
-9.3303377902076261e-05
-9.2617672488634357e-05
-9.1986429089735745e-05
-9.1243953464999777e-05
-9.0626262405897436e-05
-8.9924516279078884e-05
-8.9263531206212416e-05
-8.8608755731703335e-05
-8.7912695497517835e-05
-8.7300266288343976e-05
-8.6580291328350279e-05
-8.5974590744306609e-05
-8.5300569634292006e-05
-8.4632760906934153e-05
-8.4036378199287175e-05
-8.3307158962321693e-05
-8.2738554524303164e-05
-8.2037191203960977e-05
-8.1431810246556643e-05
-8.0783405508248700e-05
-8.0138529782140558e-05
-7.9518286740024336e-05
-7.8861625033015148e-05
-7.8275373856186790e-05
-7.7582534033649757e-05
-7.7025842836762163e-05
-7.6334931006216583e-05
-7.5755068730125265e-05
-7.5108807996202294e-05
-7.4494930477461474e-05
-7.3881121189942934e-05
-7.3257884163086827e-05
-7.2654940741014479e-05
-7.2025080293371645e-05
-7.1434963635575585e-05
-7.0784209049861140e-05
-7.0228868417635633e-05
-6.9555154904925198e-05
-6.9015739172032558e-05
-6.8347607081929541e-05
-6.7804452984053726e-05
-6.7140217013452440e-05
-6.6598662081834820e-05
-6.5926957191983544e-05
-6.5403028789703827e-05
-6.4724153838921120e-05
-6.4201610253620210e-05
-6.3535943324436774e-05
-6.3003154249812121e-05
-6.2346160841897705e-05
-6.1806482098694391e-05
-6.1151253877077263e-05
-6.0618647035362885e-05
-5.9963640360169420e-05
-5.9421190607534997e-05
-5.8792355146464011e-05
-5.8222510805717100e-05
-5.7622534904043095e-05
-5.7030285325015752e-05
-5.6440751229821888e-05
-5.5841127528425485e-05
-5.5262745289909893e-05
-5.4647957273528289e-05
-5.4095197724283631e-05
-5.3448710705860835e-05
-5.2913775383381728e-05
-5.2266921035902477e-05
-5.1715168341606160e-05
-5.1098879797031138e-05
-5.0507484139646229e-05
-4.9931842437252878e-05
-4.9300255246959289e-05
-4.8756236912216948e-05
-4.8098648094169483e-05
-4.7543810487792137e-05
-4.6924767871120319e-05
-4.6332224222670321e-05
-4.5745031998640259e-05
-4.5117638525895686e-05
-4.4559817585526832e-05
-4.3899855064445207e-05
-4.3330829208157738e-05
-4.2711646293834176e-05
-4.2098164827741038e-05
-4.1520030797813358e-05
-4.0857054237848952e-05
-4.0277803634417009e-05
-3.9655378017658150e-05
-3.9028310817592949e-05
-3.8444482328236257e-05
-3.7782371430504231e-05
0.0000000000000000e+00
];
