%Vec Object:dSdr_b_aug_6500 1 MPI processes
%  type: seq
dSdr_b_aug_6500 = [
2.3100631430391527e+03
0.0000000000000000e+00
-7.9514426029597709e-07
-3.2740225951251875e-07
-2.0276033310351798e-07
-1.4343164658751041e-07
-1.0712563610377666e-07
-8.4681634216722207e-08
-6.9471855049641866e-08
-5.8048672295566079e-08
-4.9567702894623733e-08
-4.3066199910430475e-08
-3.7779545482105414e-08
-3.3498581650375988e-08
-2.9989041687701366e-08
-2.7031599508758119e-08
-2.4506538582552925e-08
-2.2352539386598258e-08
-7.7998610399038489e-08
-4.0882358805876265e-04
-7.5082525924665582e-04
-7.1287725035021950e-04
-6.7436772760147738e-04
-6.3599673660598075e-04
-5.9340514169160623e-04
-5.5229310160300024e-04
-5.1287760838609120e-04
-4.7306933276990880e-04
-4.3222337492688042e-04
-3.8856714312839285e-04
-3.5014956350379068e-04
-3.1322474720120425e-04
-2.7836584883361926e-04
-2.4160061311195329e-04
-2.1169570656712824e-04
-1.8566676576436161e-04
-1.6289873938870071e-04
-1.4139667561138190e-04
-1.2511080141410104e-04
-1.1275926170149784e-04
-1.0300992197600196e-04
-9.5152791817944654e-05
-9.0259756908735183e-05
-8.7280157447409295e-05
-8.5657527833999148e-05
-8.5285546739516502e-05
-8.5783086736174234e-05
-8.6794725007762196e-05
-8.8250054629394084e-05
-9.0211581290385707e-05
-9.1937839334063431e-05
-9.3746845870517679e-05
-9.5589313123304584e-05
-9.7363490418248108e-05
-9.8850635885005232e-05
-1.0018296331028980e-04
-1.0146328335768226e-04
-1.0249678435295238e-04
-1.0334589542660841e-04
-1.0403267238729128e-04
-1.0465177482795195e-04
-1.0506015207587319e-04
-1.0530810464126298e-04
-1.0550880154524587e-04
-1.0560595970181188e-04
-1.0556975415455303e-04
-1.0547372233344420e-04
-1.0531878792222444e-04
-1.0507421587514429e-04
-1.0477377854362103e-04
-1.0445514880498215e-04
-1.0408306768915258e-04
-1.0367721291487482e-04
-1.0321295324246660e-04
-1.0275352613871490e-04
-1.0226667148081600e-04
-1.0173840449354113e-04
-1.0122707615238965e-04
-1.0070515355834146e-04
-1.0011551681468564e-04
-9.9565739780681131e-05
-9.9013211924450125e-05
-9.8408533293673839e-05
-9.7847062682467601e-05
-9.7289639015101057e-05
-9.6642528887622961e-05
-9.6081715761175173e-05
-9.5502622172273155e-05
-9.4874719892679621e-05
-9.4314921335557928e-05
-9.3720954692581138e-05
-9.3096319271610022e-05
-9.2533141475772832e-05
-9.1919624698685493e-05
-9.1329787307803701e-05
-9.0776582519278473e-05
-9.0137172002938091e-05
-8.9575378122970173e-05
-8.9010743851321281e-05
-8.8361277864523291e-05
-8.7839907074589862e-05
-8.7246960068738727e-05
-8.6644937364248862e-05
-8.6122899258794260e-05
-8.5480436029765775e-05
-8.4941965908201145e-05
-8.4396413500971334e-05
-8.3777586679868770e-05
-8.3265046405418662e-05
-8.2669003125044688e-05
-8.2103782340667248e-05
-8.1585795301784077e-05
-8.0975371821175591e-05
-8.0466756103359649e-05
-7.9891434307770369e-05
-7.9347496043875136e-05
-7.8808845870740661e-05
-7.8238383003502806e-05
-7.7735243639042237e-05
-7.7143245657965463e-05
-7.6649123067807563e-05
-7.6093883687822534e-05
-7.5546452060740835e-05
-7.5061310614815178e-05
-7.4459247043780818e-05
-7.3997350480537960e-05
-7.3422681321717214e-05
-7.2925536967847747e-05
-7.2399357821809071e-05
-7.1869824273680031e-05
-7.1363645943891502e-05
-7.0828852519533571e-05
-7.0349832139295960e-05
-6.9785142299506918e-05
-6.9332762553512393e-05
-6.8768928246539031e-05
-6.8297669860269209e-05
-6.7771941988907408e-05
-6.7272041886945534e-05
-6.6774146490985908e-05
-6.6268331057149491e-05
-6.5777786378204650e-05
-6.5269347178142627e-05
-6.4789462145930200e-05
-6.4262209016498285e-05
-6.3815725526600439e-05
-6.3266763310141684e-05
-6.2835162469368909e-05
-6.2293115870799251e-05
-6.1855026730888997e-05
-6.1321304618137116e-05
-6.0883891417978312e-05
-6.0343316403169129e-05
-5.9923102440304647e-05
-5.9376195415979136e-05
-5.8958122781953435e-05
-5.8423121227104655e-05
-5.7996038880658992e-05
-5.7469664995361079e-05
-5.7038198584510535e-05
-5.6512361944199605e-05
-5.6090358452214552e-05
-5.5563126937058266e-05
-5.5133259449285734e-05
-5.4631783473084829e-05
-5.4176690435232361e-05
-5.3702252468311111e-05
-5.3228904754035722e-05
-5.2762390133936605e-05
-5.2286229801378448e-05
-5.1827752325453559e-05
-5.1341307812464857e-05
-5.0904493087138339e-05
-5.0392880457252998e-05
-4.9971492795999530e-05
-4.9459807969826476e-05
-4.9025651971574004e-05
-4.8540540835135065e-05
-4.8073864876849011e-05
-4.7624323300677276e-05
-4.7124960748439875e-05
-4.6700982229863833e-05
-4.6184314137345623e-05
-4.5749233298759982e-05
-4.5267639524177889e-05
-4.4802602069452970e-05
-4.4345640820093390e-05
-4.3855800943970665e-05
-4.3422077653228301e-05
-4.2908141974600509e-05
-4.2465953349236286e-05
-4.1984413376894567e-05
-4.1508543874758994e-05
-4.1059968185988868e-05
-4.0546654778955829e-05
-4.0097765245361266e-05
-3.9616235548201835e-05
-3.9132150056970407e-05
-3.8677695200737949e-05
-3.8157693459863081e-05
0.0000000000000000e+00
];
