%Vec Object:dSdr_b_aug_2630 1 MPI processes
%  type: seq
dSdr_b_aug_2630 = [
2.3873104175272792e+03
0.0000000000000000e+00
-1.3497359701045086e-06
-5.5495155953921823e-07
-3.4214270599964932e-07
-2.4187284470457543e-07
-1.8153435315797027e-07
-1.4425352788783918e-07
-1.1898459504521686e-07
-9.9904568944526150e-08
-8.5738161297168723e-08
-7.4880656173861973e-08
-6.6031584502330816e-08
-5.8862014828054247e-08
-5.2984529047436770e-08
-4.8027510754025859e-08
-4.3790862250443178e-08
-4.0176187033640931e-08
-3.7050817874891937e-08
-3.4292269670792599e-08
-3.1875567614173900e-08
-3.1090465977855573e-08
-1.3815883843926291e-05
-6.1065554589916700e-04
-6.2050488862477394e-04
-5.7879930534568186e-04
-5.3782721452032116e-04
-4.9643646185523022e-04
-4.5399500104385435e-04
-4.0867896084029100e-04
-3.6880897365106709e-04
-3.3051180709359218e-04
-2.9437496901829711e-04
-2.5627638781437463e-04
-2.2529381749826038e-04
-1.9833326387052881e-04
-1.7475284301046742e-04
-1.5248219423990767e-04
-1.3561365890327174e-04
-1.2281767729828283e-04
-1.1270796593069313e-04
-1.0455178782182833e-04
-9.9460661395455263e-05
-9.6344717260989858e-05
-9.4629036616022665e-05
-9.4200686914595069e-05
-9.4670380967832828e-05
-9.5669859955514657e-05
-9.7126213837216995e-05
-9.9094997109582385e-05
-1.0082647688020549e-04
-1.0264363715449270e-04
-1.0449038912698321e-04
-1.0626324794734275e-04
-1.0774486964680404e-04
-1.0906494494354824e-04
-1.1032437197395984e-04
-1.1133388337646479e-04
-1.1215503395528819e-04
-1.1280639964945538e-04
-1.1338398232955328e-04
-1.1375011810964853e-04
-1.1395108883258246e-04
-1.1409534859345347e-04
-1.1414081145706170e-04
-1.1404971719070413e-04
-1.1389281430078835e-04
-1.1367510974120629e-04
-1.1336965427785361e-04
-1.1300487898645807e-04
-1.1261768887473287e-04
-1.1218226908566285e-04
-1.1171279643834289e-04
-1.1117313264919428e-04
-1.1064870556407886e-04
-1.1009724373389140e-04
-1.0949239259297557e-04
-1.0891639665055214e-04
-1.0833005034856888e-04
-1.0766194605321158e-04
-1.0704731430036058e-04
-1.0642921878825714e-04
-1.0574829053807632e-04
-1.0512232289281917e-04
-1.0449993649828237e-04
-1.0377587287733615e-04
-1.0315082210661397e-04
-1.0250593586531949e-04
-1.0180426477048892e-04
-1.0118129418978735e-04
-1.0052049949422089e-04
-9.9823840656879974e-05
-9.9198034048405542e-05
-9.8515819432909468e-05
-9.7858398484772249e-05
-9.7243639679643054e-05
-9.6533298599502213e-05
-9.5906622744485346e-05
-9.5280273066214655e-05
-9.4558547015430455e-05
-9.3976341385266203e-05
-9.3319389710458327e-05
-9.2649333123112198e-05
-9.2067286435511538e-05
-9.1355456644942747e-05
-9.0754875611616124e-05
-9.0147937131943216e-05
-8.9461014512992062e-05
-8.8889584325814536e-05
-8.8226648616258338e-05
-8.7598461138199739e-05
-8.7021284982015450e-05
-8.6341849488256382e-05
-8.5776229699865696e-05
-8.5134837049428592e-05
-8.4529728731234634e-05
-8.3930390093295087e-05
-8.3294288548679707e-05
-8.2734033005736637e-05
-8.2075152731571804e-05
-8.1522718147179808e-05
-8.0905402014953403e-05
-8.0295059875123498e-05
-7.9751782410645647e-05
-7.9083265766052843e-05
-7.8565602381401600e-05
-7.7924721333214928e-05
-7.7371011222151939e-05
-7.6780955509323119e-05
-7.6191142744108461e-05
-7.5625352813656256e-05
-7.5026869549509311e-05
-7.4491809047435683e-05
-7.3860146472879359e-05
-7.3353252283873914e-05
-7.2723005715896440e-05
-7.2194989601915503e-05
-7.1606269779169278e-05
-7.1046803674612642e-05
-7.0488330248159379e-05
-6.9921148837464553e-05
-6.9371863177238694e-05
-6.8799967725745610e-05
-6.8262474263818354e-05
-6.7670677731462958e-05
-6.7167304123003395e-05
-6.6553145310556893e-05
-6.6065199031786385e-05
-6.5457258558397071e-05
-6.4964261113867111e-05
-6.4362330796072885e-05
-6.3870491764410697e-05
-6.3261386588997755e-05
-6.2786970084627677e-05
-6.2171094903571640e-05
-6.1698424344682851e-05
-6.1095135338488907e-05
-6.0612809209920875e-05
-6.0018171808244369e-05
-5.9530152127245359e-05
-5.8936693673303815e-05
-5.8456887302108602e-05
-5.7862878693292494e-05
-5.7374174078113967e-05
-5.6806138197605796e-05
-5.6291074412574051e-05
-5.5751028446531530e-05
-5.5215540785722158e-05
-5.4684734269410818e-05
-5.4144050011709680e-05
-5.3622908331691705e-05
-5.3069389371506171e-05
-5.2571979834880572e-05
-5.1989879500710033e-05
-5.1509149659300995e-05
-5.0926822707467093e-05
-5.0431208246725262e-05
-4.9877541070120596e-05
-4.9345683794983238e-05
-4.8830239295607911e-05
-4.8261772849455092e-05
-4.7775058122992329e-05
-4.7184740868759795e-05
-4.6687071031302160e-05
-4.6133641663972966e-05
-4.5601964146752432e-05
-4.5076938037795727e-05
-4.4515205351979009e-05
-4.4016620131787094e-05
-4.3426360105547073e-05
-4.2917873233748897e-05
-4.2364383890910715e-05
-4.1816575309506754e-05
-4.1300260107801110e-05
-4.0708683989069116e-05
-4.0191589672806496e-05
-3.9636287052108833e-05
-3.9077181673884594e-05
-3.8554283095251516e-05
-3.7955591889966854e-05
0.0000000000000000e+00
];
