%Vec Object:dSdr_b_aug_6890 1 MPI processes
%  type: seq
dSdr_b_aug_6890 = [
2.3031889653225548e+03
0.0000000000000000e+00
-7.6321437109880204e-07
-3.1559568000276683e-07
-1.9636831183803287e-07
-1.3955319721615127e-07
-1.0468198276458840e-07
-8.3119285329550747e-08
-6.8503730289157251e-08
-5.7513368801637929e-08
-4.9351440839429937e-08
-4.3094036234103370e-08
-3.7999514761488192e-08
-3.3872263943984241e-08
-3.0488335765751936e-08
-2.7634777271125185e-08
-2.5196364408075321e-08
-2.3124599801486710e-08
-1.6247953737738537e-06
-7.1111415738108700e-04
-7.4949938049218446e-04
-7.1073432327198229e-04
-6.7232454484406545e-04
-6.3405938075305470e-04
-5.9158428690823071e-04
-5.5058153565461438e-04
-5.1126851379581909e-04
-4.7156237371299552e-04
-4.3081931487741503e-04
-3.8727012511966230e-04
-3.4894621188751398e-04
-3.1210989903215761e-04
-2.7733341553953008e-04
-2.4065416785535527e-04
-2.1081876032087471e-04
-1.8484989964170426e-04
-1.6213426495017839e-04
-1.4068176757540583e-04
-1.2443346945871522e-04
-1.1211059199564347e-04
-1.0238449278462307e-04
-9.4546648342856113e-05
-8.9666388465442395e-05
-8.6695582067482127e-05
-8.5078953420339979e-05
-8.4710607479332673e-05
-8.5209943187733472e-05
-8.6222365532694772e-05
-8.7677629016842296e-05
-8.9638687615038826e-05
-9.1364608833828488e-05
-9.3173089462843814e-05
-9.5015280327122922e-05
-9.6789542590494600e-05
-9.8277044232021875e-05
-9.9610161750862490e-05
-1.0089182914957142e-04
-1.0192687719937064e-04
-1.0277779141584999e-04
-1.0346685202555802e-04
-1.0408863205669881e-04
-1.0449973344084808e-04
-1.0475071585341355e-04
-1.0495505238239606e-04
-1.0505554436176986e-04
-1.0502287858442632e-04
-1.0493077233873804e-04
-1.0477988597652785e-04
-1.0453924030365131e-04
-1.0424295213235295e-04
-1.0392874385998177e-04
-1.0356074746183894e-04
-1.0315899541183478e-04
-1.0269959856417567e-04
-1.0224436332238458e-04
-1.0176167519511960e-04
-1.0123834713936709e-04
-1.0073118922685202e-04
-1.0021342133306520e-04
-9.9628844983347685e-05
-9.9083250446433733e-05
-9.8534951065259169e-05
-9.7935189794097678e-05
-9.7377878613729135e-05
-9.6824644410227646e-05
-9.6182497036427460e-05
-9.5625826613481216e-05
-9.5050976011483852e-05
-9.4427831105079962e-05
-9.3872106529863109e-05
-9.3282449647868316e-05
-9.2662459039242654e-05
-9.2103320194050103e-05
-9.1494233761828960e-05
-9.0908754855480658e-05
-9.0359519704122761e-05
-8.9724683522557914e-05
-8.9167073901446657e-05
-8.8606419675563302e-05
-8.7961613764028825e-05
-8.7444166231987646e-05
-8.6855346913465884e-05
-8.6257711747739940e-05
-8.5739543626159808e-05
-8.5101553881262860e-05
-8.4567089324020232e-05
-8.4025495736124469e-05
-8.3411060447564290e-05
-8.2902318014393790e-05
-8.2310588661155522e-05
-8.1749428631799453e-05
-8.1235258730601875e-05
-8.0629285870621259e-05
-8.0124346376389397e-05
-7.9553285525327952e-05
-7.9013292151520041e-05
-7.8478555810827664e-05
-7.7912326017567728e-05
-7.7412870107811563e-05
-7.6825185402630108e-05
-7.6334823386383196e-05
-7.5783587371548036e-05
-7.5240212879456567e-05
-7.4758820659650782e-05
-7.4161042685679071e-05
-7.3702742558735482e-05
-7.3132343443612827e-05
-7.2638847050671552e-05
-7.2116787343114966e-05
-7.1591141239428423e-05
-7.1088807299647834e-05
-7.0558121273171150e-05
-7.0082714957778972e-05
-6.9522344232332935e-05
-6.9073480160589560e-05
-6.8513928824016898e-05
-6.8046330783681024e-05
-6.7524665306794681e-05
-6.7028606659147203e-05
-6.6534617984346242e-05
-6.6032760087548695e-05
-6.5546003659449899e-05
-6.5041656800910334e-05
-6.4565486982710453e-05
-6.4042396307858147e-05
-6.3599581709813252e-05
-6.3054824075160957e-05
-6.2626857002007059e-05
-6.2089059955736266e-05
-6.1654511905093499e-05
-6.1125188599789942e-05
-6.0691285377319004e-05
-6.0155129936724042e-05
-5.9738411555211964e-05
-5.9195952355977369e-05
-5.8781400806233795e-05
-5.8250803182400918e-05
-5.7827283577268655e-05
-5.7305312085176930e-05
-5.6877492871376502e-05
-5.6356017247621592e-05
-5.5937741547910482e-05
-5.5414816581443436e-05
-5.4988743594261038e-05
-5.4491560169963208e-05
-5.4040334751865880e-05
-5.3570127960153382e-05
-5.3100787772275442e-05
-5.2638419466691043e-05
-5.2166420421654442e-05
-5.1711984309095623e-05
-5.1229865590087373e-05
-5.0796958796591702e-05
-5.0289892112200402e-05
-4.9872331632171207e-05
-4.9365202747931263e-05
-4.8935010454435750e-05
-4.8454320777230361e-05
-4.7991848672373556e-05
-4.7546557523504998e-05
-4.7051651878100064e-05
-4.6631719662741680e-05
-4.6119801725752989e-05
-4.5688757845756785e-05
-4.5211797451397971e-05
-4.4751058443287657e-05
-4.4298487691365856e-05
-4.3813285398994777e-05
-4.3383746550815248e-05
-4.2874734936796252e-05
-4.2436824334942258e-05
-4.1959927645443251e-05
-4.1488701988737620e-05
-4.1044501261404253e-05
-4.0536244819042466e-05
-4.0091769770129128e-05
-3.9615026644401731e-05
-3.9135840777712118e-05
-3.8685972937514889e-05
-3.8171966123954063e-05
0.0000000000000000e+00
];
