%Vec Object:dSdr_b_aug_1670 1 MPI processes
%  type: seq
dSdr_b_aug_1670 = [
2.4251990354770251e+03
0.0000000000000000e+00
-1.7709195192100513e-06
-7.2567647137007122e-07
-4.4506734306197782e-07
-3.1365909104008292e-07
-2.3539788947709673e-07
-1.8706389669917668e-07
-1.5430436810004586e-07
-1.2951900931017917e-07
-1.1111903351244934e-07
-9.7018981335157888e-08
-8.5522565855892648e-08
-7.6208094944936086e-08
-6.8572890330277389e-08
-6.2133398037400415e-08
-5.6629652224043913e-08
-5.1934191165197145e-08
-4.7874561811003288e-08
-4.4291564992203512e-08
-4.1152650477602464e-08
-3.8384388607656850e-08
-3.5896389082712801e-08
-4.0023690889138845e-08
-1.8081174138920045e-05
-5.1992299983604883e-04
-5.4713080530271920e-04
-5.0728828907987045e-04
-4.6421352711423122e-04
-4.1812553197855050e-04
-3.7757393473574223e-04
-3.3863218986027969e-04
-3.0189506391305323e-04
-2.6317016129348672e-04
-2.3168137172329678e-04
-2.0428320428114827e-04
-1.8032117093669177e-04
-1.5768948867645553e-04
-1.4054725529507109e-04
-1.2754250243216764e-04
-1.1726351076960850e-04
-1.0896685841210598e-04
-1.0378268075961832e-04
-1.0060269020827661e-04
-9.8843299817355081e-05
-9.8388471537580230e-05
-9.8845085179898352e-05
-9.9838852372727415e-05
-1.0129568726858102e-04
-1.0326787912586320e-04
-1.0500181162988035e-04
-1.0682280191861126e-04
-1.0867156648646058e-04
-1.1044380587650394e-04
-1.1192283276738411e-04
-1.1323715269597324e-04
-1.1448676540885270e-04
-1.1548500792095833e-04
-1.1629302433092362e-04
-1.1692775595060871e-04
-1.1748583516776946e-04
-1.1783212847531604e-04
-1.1801102999521851e-04
-1.1812877904141613e-04
-1.1814995862000851e-04
-1.1803308099750663e-04
-1.1784758461654845e-04
-1.1760039449770695e-04
-1.1726633974646814e-04
-1.1687134243819167e-04
-1.1645194688243361e-04
-1.1598677448185972e-04
-1.1548741807295118e-04
-1.1491233407677555e-04
-1.1435737392417388e-04
-1.1377556353642743e-04
-1.1313473779978685e-04
-1.1252836492237380e-04
-1.1191175625586100e-04
-1.1120679267297711e-04
-1.1056169610094266e-04
-1.0991280087921894e-04
-1.0919605519895809e-04
-1.0853979076250116e-04
-1.0788688882581308e-04
-1.0712667714721325e-04
-1.0647145143892574e-04
-1.0579565981630951e-04
-1.0505933666271362e-04
-1.0440669175545506e-04
-1.0371450535816169e-04
-1.0298401436007720e-04
-1.0232878859388671e-04
-1.0161430396931475e-04
-1.0092513643324391e-04
-1.0028146334464905e-04
-9.9537803461662076e-05
-9.8880650056219996e-05
-9.8225310285332722e-05
-9.7469640916457586e-05
-9.6858858830223003e-05
-9.6171841729027189e-05
-9.5469827058146988e-05
-9.4859592076386949e-05
-9.4115178193830300e-05
-9.3485421323025517e-05
-9.2849647490902357e-05
-9.2130737707719605e-05
-9.1531644710031050e-05
-9.0837287105057703e-05
-9.0179521799267279e-05
-8.9574542287018628e-05
-8.8862689250668981e-05
-8.8270292506944414e-05
-8.7597863888872352e-05
-8.6964021696185988e-05
-8.6336175405162801e-05
-8.5669240905510326e-05
-8.5082155749837611e-05
-8.4391858348997509e-05
-8.3812032433302941e-05
-8.3165556521300351e-05
-8.2525662953836427e-05
-8.1955076823353598e-05
-8.1255344678155870e-05
-8.0711485531709680e-05
-8.0039502278458284e-05
-7.9459221118065819e-05
-7.8839160192201296e-05
-7.8221032027252021e-05
-7.7627240303011926e-05
-7.6998839543277370e-05
-7.6437454909801547e-05
-7.5774332742904881e-05
-7.5241831095059912e-05
-7.4580388214304705e-05
-7.4025710889657372e-05
-7.3407401407448822e-05
-7.2819954943661902e-05
-7.2233025772534088e-05
-7.1637018491426549e-05
-7.1060140023462688e-05
-7.0458436825904084e-05
-6.9893882564829653e-05
-6.9271767616648449e-05
-6.8741670633352709e-05
-6.8096886583532114e-05
-6.7582472794406264e-05
-6.6943579553651244e-05
-6.6424789684044894e-05
-6.5790819479571541e-05
-6.5273414669017233e-05
-6.4632118383759596e-05
-6.4132240999761707e-05
-6.3483968978893138e-05
-6.2985651827720361e-05
-6.2350285750043701e-05
-6.1842009662279083e-05
-6.1215306450173793e-05
-6.0700721713295786e-05
-6.0075498902813745e-05
-5.9568540509947329e-05
-5.8943164367844220e-05
-5.8426821933908141e-05
-5.7827520572690593e-05
-5.7284286500436469e-05
-5.6713422237185731e-05
-5.6148745377464481e-05
-5.5587738834746965e-05
-5.5016745586817332e-05
-5.4466168529005953e-05
-5.3881142570554383e-05
-5.3355269803974538e-05
-5.2740059225789339e-05
-5.2231454661968700e-05
-5.1615945045399582e-05
-5.1091461899079277e-05
-5.0505592125210441e-05
-4.9943117585191752e-05
-4.9396716970110058e-05
-4.8795790938471364e-05
-4.8279607926708563e-05
-4.7654696381935001e-05
-4.7127627868177613e-05
-4.6540456675642924e-05
-4.5977478264519287e-05
-4.5420482489945819e-05
-4.4824982685967162e-05
-4.4295933886617562e-05
-4.3669827207124940e-05
-4.3130204995244801e-05
-4.2542928280882304e-05
-4.1961340933288803e-05
-4.1413225637931053e-05
-4.0784916618625858e-05
-4.0235832871442092e-05
-3.9645965136543538e-05
-3.9051808966972975e-05
-3.8497290088792974e-05
-3.7864453003843389e-05
0.0000000000000000e+00
];
