%Vec Object:dSdr_b_aug_4190 1 MPI processes
%  type: seq
dSdr_b_aug_4190 = [
2.3471119601280097e+03
0.0000000000000000e+00
-1.0214430896421355e-06
-4.2123453628225659e-07
-2.6095288606869125e-07
-1.8499102998788131e-07
-1.3881484793596343e-07
-1.1027282617083539e-07
-9.0926676485100977e-08
-7.6348768208791818e-08
-6.5523774522428255e-08
-5.7225964990934489e-08
-5.0466445206727552e-08
-4.4990027991845862e-08
-4.0500230005746264e-08
-3.6713789126892996e-08
-3.3477845611566361e-08
-3.0716827964631558e-08
-2.8329483896595896e-08
-2.6341757015073700e-08
-4.9435779235493196e-06
-6.6339104600085920e-04
-6.8942145249045023e-04
-6.5096257510358156e-04
-6.0748325558529991e-04
-5.6552653199729995e-04
-5.2531876374462222e-04
-4.8472080016482297e-04
-4.4307925105111070e-04
-3.9859539510924856e-04
-3.5945360873136759e-04
-3.2184450442132372e-04
-2.8634839351253854e-04
-2.4891831854126898e-04
-2.1847606201642761e-04
-1.9198259587144926e-04
-1.6880948938484194e-04
-1.4692418999499800e-04
-1.3034778645420257e-04
-1.1777463696264540e-04
-1.0784560698158971e-04
-9.9839364090457305e-05
-9.4847555847170072e-05
-9.1799971568571668e-05
-9.0130944406390120e-05
-8.9730856476272794e-05
-9.0214511754611114e-05
-9.1220087072074727e-05
-9.2675927388325628e-05
-9.4641072353896939e-05
-9.6369934059520524e-05
-9.8183006233693742e-05
-1.0002760993764104e-04
-1.0180112979298689e-04
-1.0328552095656621e-04
-1.0461173915146312e-04
-1.0588164140716692e-04
-1.0690318058155339e-04
-1.0773834984386960e-04
-1.0840746985932309e-04
-1.0900586959828734e-04
-1.0939318427794494e-04
-1.0961771060178888e-04
-1.0979026661226978e-04
-1.0986164827622678e-04
-1.0979807391076617e-04
-1.0967169031985328e-04
-1.0948545720750201e-04
-1.0921052722818519e-04
-1.0887800944068251e-04
-1.0852519384306085e-04
-1.0812153053535216e-04
-1.0768395435140100e-04
-1.0718209635275545e-04
-1.0669025865506984e-04
-1.0617118926258324e-04
-1.0560473551996735e-04
-1.0506116231229256e-04
-1.0450711646282825e-04
-1.0387835385359902e-04
-1.0329623865077999e-04
-1.0271101713734702e-04
-1.0206831855651954e-04
-1.0147468812604863e-04
-1.0088487243325217e-04
-1.0019939138588031e-04
-9.9606547777698792e-05
-9.8994648341449654e-05
-9.8329963100799198e-05
-9.7738665406674535e-05
-9.7111376639399830e-05
-9.6450828556488596e-05
-9.5856422481337402e-05
-9.5208651257886148e-05
-9.4585115028719449e-05
-9.4001217880682216e-05
-9.3326439624852805e-05
-9.2732293982594188e-05
-9.2136886877802846e-05
-9.1451390229385740e-05
-9.0899685678606313e-05
-9.0274824353210514e-05
-8.9638878258881647e-05
-8.9086918378608344e-05
-8.8409867253041205e-05
-8.7840427082411007e-05
-8.7264266048716013e-05
-8.6611484965335239e-05
-8.6069580711569155e-05
-8.5440183198190757e-05
-8.4843565650127826e-05
-8.4296065441025205e-05
-8.3651230849666276e-05
-8.3114191479949048e-05
-8.2505925108018223e-05
-8.1931485928917559e-05
-8.1362574972802671e-05
-8.0759383023262376e-05
-8.0227764106485756e-05
-7.9602416945036319e-05
-7.9079218538536869e-05
-7.8493026140286410e-05
-7.7914225760936096e-05
-7.7400096244098165e-05
-7.6764897511164888e-05
-7.6275194217384712e-05
-7.5667510156794798e-05
-7.5142160702759104e-05
-7.4584131104547347e-05
-7.4024540831913387e-05
-7.3488638667538911e-05
-7.2922087897008564e-05
-7.2415124509958188e-05
-7.1817040390121308e-05
-7.1337478377964572e-05
-7.0740529256413737e-05
-7.0240970045933884e-05
-6.9683832810737653e-05
-6.9154231607862780e-05
-6.8626130488327910e-05
-6.8089716440577482e-05
-6.7569882035595810e-05
-6.7029801957704479e-05
-6.6521191916842250e-05
-6.5961755827540557e-05
-6.5486905495646213e-05
-6.4905434619788607e-05
-6.4445738526829329e-05
-6.3870835586757132e-05
-6.3405367783450877e-05
-6.2837635344880000e-05
-6.2373084052563718e-05
-6.1798338174828628e-05
-6.1351097455808346e-05
-6.0769801170351883e-05
-6.0324504629806854e-05
-5.9755453227686589e-05
-5.9300824931128857e-05
-5.8740413130073293e-05
-5.8280747822332797e-05
-5.7721193231354696e-05
-5.7270367752301531e-05
-5.6709839480200647e-05
-5.6250634298361670e-05
-5.5715969855963922e-05
-5.5230973866715851e-05
-5.4723822070515960e-05
-5.4219489780475004e-05
-5.3720917564457866e-05
-5.3212583935614880e-05
-5.2722860461098784e-05
-5.2202970885917424e-05
-5.1735941999664116e-05
-5.1189182356899127e-05
-5.0738205110464401e-05
-5.0191296252676255e-05
-4.9726495414911444e-05
-4.9207200394365867e-05
-4.8708023256417525e-05
-4.8225620669760399e-05
-4.7691800997908485e-05
-4.7236540419692821e-05
-4.6683148758723371e-05
-4.6216859183858363e-05
-4.5699446035137912e-05
-4.5201179759853849e-05
-4.4710279163995791e-05
-4.4184591114358331e-05
-4.3718525275132639e-05
-4.3166531387867261e-05
-4.2691283535472575e-05
-4.2173866121310432e-05
-4.1662123675520917e-05
-4.1179768050348222e-05
-4.0627425850221564e-05
-4.0144519511723659e-05
-3.9626189967364643e-05
-3.9104666277984103e-05
-3.8615995847278598e-05
-3.8056293013402146e-05
0.0000000000000000e+00
];
