%Vec Object:dSdr_b_aug_2620 1 MPI processes
%  type: seq
dSdr_b_aug_2620 = [
2.3875679931770042e+03
0.0000000000000000e+00
-1.3521571643832979e-06
-5.5591706999305478e-07
-3.4271474362774536e-07
-2.4226381631858627e-07
-1.8182123838527496e-07
-1.4447626934738375e-07
-1.1916391028882280e-07
-1.0005110320260543e-07
-8.5860406456128532e-08
-7.4984306885821871e-08
-6.6120161303794482e-08
-5.8938411769022566e-08
-5.3050955039090364e-08
-4.8085560984498973e-08
-4.3841788388529177e-08
-4.0221044285339699e-08
-3.7090439400312947e-08
-3.4327300180951605e-08
-3.1906574327485555e-08
-3.0976184287287170e-08
-1.2481523930231664e-05
-6.0632426863380855e-04
-6.2054411722919304e-04
-5.7891172443052630e-04
-5.3793509512484140e-04
-4.9653757872252847e-04
-4.5408921786288276e-04
-4.0876599511680965e-04
-3.6888972262882463e-04
-3.3058661719698071e-04
-2.9444424880966611e-04
-2.5633989752379000e-04
-2.2535266359365144e-04
-1.9838807838986491e-04
-1.7480414187343962e-04
-1.5253016703381772e-04
-1.3565911021772001e-04
-1.2286120527965006e-04
-1.1274993439565834e-04
-1.0459246215041796e-04
-9.9500478479857697e-05
-9.6383944311466806e-05
-9.4667860987222632e-05
-9.4239267350870409e-05
-9.4708840902413892e-05
-9.5708267271826659e-05
-9.7164625588552214e-05
-9.9133440265853682e-05
-1.0086494263519691e-04
-1.0268213819648098e-04
-1.0452890871187475e-04
-1.0630176182858139e-04
-1.0778335962427964e-04
-1.0910338190143160e-04
-1.1036271851718123e-04
-1.1137212610532626e-04
-1.1219315568524875e-04
-1.1284436813717658e-04
-1.1342177114116709e-04
-1.1378772412100132e-04
-1.1398849152909902e-04
-1.1413250705755467e-04
-1.1417774620961737e-04
-1.1408641441123400e-04
-1.1392924810111239e-04
-1.1371127190340949e-04
-1.1340555296617094e-04
-1.1304049925118784e-04
-1.1265301244298101e-04
-1.1221731855531891e-04
-1.1174757060051466e-04
-1.1120758049846686e-04
-1.1068287211668171e-04
-1.1013113069765197e-04
-1.0952594813791824e-04
-1.0894967234458377e-04
-1.0836304724794336e-04
-1.0769460338254138e-04
-1.0707969097009418e-04
-1.0646131171235167e-04
-1.0578005349047519e-04
-1.0515380673340955e-04
-1.0453113921130831e-04
-1.0380674257217575e-04
-1.0318141381196447e-04
-1.0253624285151896e-04
-1.0183425252058521e-04
-1.0121100856230922e-04
-1.0054992466693056e-04
-9.9852954146678868e-05
-9.9226876510809736e-05
-9.8544364603641302e-05
-9.7886651186779904e-05
-9.7271626004857961e-05
-9.6560977971371526e-05
-9.5934021338748145e-05
-9.5307404585469972e-05
-9.4585365827544869e-05
-9.4002896933448383e-05
-9.3345668277399735e-05
-9.2675317271342841e-05
-9.2093010895621333e-05
-9.1380880919587651e-05
-9.0780031099722835e-05
-9.0172826970008981e-05
-8.9485609665306359e-05
-8.8913924630082156e-05
-8.8250699441981483e-05
-8.7622239474061182e-05
-8.7044807175788545e-05
-8.6365073030813077e-05
-8.5799206555877406e-05
-8.5157527981907433e-05
-8.4552154949059551e-05
-8.3952553680022009e-05
-8.3316168082293811e-05
-8.2755665367884450e-05
-8.2096495658789791e-05
-8.1543808727593196e-05
-8.0926223956607468e-05
-8.0315609570348319e-05
-7.9772080520382484e-05
-7.9103276298442531e-05
-7.8585371581417132e-05
-7.7944203999509530e-05
-7.7390249098880265e-05
-7.6799916958666598e-05
-7.6209843333490933e-05
-7.5643795431860075e-05
-7.5045036548465288e-05
-7.4509733531009060e-05
-7.3877781130362945e-05
-7.3370651028296821e-05
-7.2740117059512079e-05
-7.2211855324797917e-05
-7.1622862902812856e-05
-7.1063139024551657e-05
-7.0504403445124505e-05
-6.9936956471271071e-05
-6.9387416607450528e-05
-6.8815246547186188e-05
-6.8277503783323825e-05
-6.7685427937050501e-05
-6.7181808135070601e-05
-6.6567367182363861e-05
-6.6079177066712558e-05
-6.5470951435489877e-05
-6.4977716373283297e-05
-6.4375490882273245e-05
-6.3883416320861951e-05
-6.3274014578998915e-05
-6.2799363510950243e-05
-6.2183189867974855e-05
-6.1710283034310673e-05
-6.1106698511771245e-05
-6.0624133313301060e-05
-6.0029200498734034e-05
-5.9540936080919757e-05
-5.8947184990907680e-05
-5.8467128475001275e-05
-5.7872830885475390e-05
-5.7383871649670725e-05
-5.6815547727936842e-05
-5.6300224416360325e-05
-5.5759894528357934e-05
-5.5224137953396955e-05
-5.4693053210166436e-05
-5.4152089721229780e-05
-5.3630676857658036e-05
-5.3076867628167883e-05
-5.2579195862774986e-05
-5.1996790487838146e-05
-5.1515803837755450e-05
-5.0933171175905829e-05
-5.0437290747181984e-05
-4.9883326887134416e-05
-4.9351187531946842e-05
-4.8835457828782165e-05
-4.8266692325577728e-05
-4.7779706097105784e-05
-4.7189070113180708e-05
-4.6691129407288342e-05
-4.6137389154217086e-05
-4.5605423232023051e-05
-4.5080102548414966e-05
-4.4518058717118064e-05
-4.4019192771120315e-05
-4.3428602405528359e-05
-4.2919828569532491e-05
-4.2366027787808913e-05
-4.1817907782664722e-05
-4.1301299284399357e-05
-4.0709384249238438e-05
-4.0191994394310277e-05
-3.9636371825662658e-05
-3.9076940314665281e-05
-3.8553741361203677e-05
-3.7954687290971120e-05
0.0000000000000000e+00
];
