%Vec Object:dSdr_b_aug_670 1 MPI processes
%  type: seq
dSdr_b_aug_670 = [
2.4993819786014878e+03
0.0000000000000000e+00
-3.0938832298042076e-06
-1.2583542105288935e-06
-7.6300594389360377e-07
-5.3420094930820359e-07
-4.0088349990696610e-07
-3.1862419626000947e-07
-2.6287614236695708e-07
-2.2051012616280358e-07
-1.8906735984869105e-07
-1.6498004944808393e-07
-1.4532386627713544e-07
-1.2939808473344548e-07
-1.1634559716612194e-07
-1.0533702096268060e-07
-9.5927868466386407e-08
-8.7901492913745129e-08
-8.0962720767119490e-08
-7.4839149045129238e-08
-6.9475061313191863e-08
-6.4744788339431751e-08
-6.0491881123929008e-08
-5.6689983297942626e-08
-5.3279213694444292e-08
-5.0183785724107061e-08
-4.7371627760863206e-08
-4.6102914517318568e-08
-4.6103592208577329e-07
-4.5547067299119629e-05
-3.1183783288160177e-04
-3.4380506665952792e-04
-3.1449066278594039e-04
-2.7592860805452101e-04
-2.4372983305336271e-04
-2.1555622406920535e-04
-1.9088414894953383e-04
-1.6757164527572764e-04
-1.4991140999235563e-04
-1.3651094434696044e-04
-1.2591086218739501e-04
-1.1734766972977877e-04
-1.1198691378288087e-04
-1.0868537619107640e-04
-1.0684302945978735e-04
-1.0633794691126814e-04
-1.0676973550333796e-04
-1.0775266292719011e-04
-1.0921041225006222e-04
-1.1118907500115738e-04
-1.1292766352436426e-04
-1.1475592398272041e-04
-1.1660850864809597e-04
-1.1837957180976042e-04
-1.1985367268043577e-04
-1.2115706704260125e-04
-1.2238804928556296e-04
-1.2336490019919567e-04
-1.2414798426256228e-04
-1.2475113985524139e-04
-1.2527219623970228e-04
-1.2558082321070967e-04
-1.2571783151954898e-04
-1.2578525626128536e-04
-1.2576033977252464e-04
-1.2559451858695257e-04
-1.2535474431124875e-04
-1.2505158293776554e-04
-1.2466323931105937e-04
-1.2421087278930627e-04
-1.2373034298394673e-04
-1.2320869243675318e-04
-1.2265260893375509e-04
-1.2201028828287600e-04
-1.2139736860570569e-04
-1.2075794895712217e-04
-1.2004883432275878e-04
-1.1938479831930822e-04
-1.1871074401051493e-04
-1.1793581216532260e-04
-1.1723288564242563e-04
-1.1652552476438570e-04
-1.1574078853134830e-04
-1.1502701310514172e-04
-1.1431618493456070e-04
-1.1348735509092504e-04
-1.1277484970264475e-04
-1.1204039183464052e-04
-1.1123829022171978e-04
-1.1052931580287228e-04
-1.0977753988894349e-04
-1.0898282677294063e-04
-1.0827175588344506e-04
-1.0749601450682202e-04
-1.0674658380658741e-04
-1.0604802398526070e-04
-1.0524111648663715e-04
-1.0452610888014093e-04
-1.0381573848214401e-04
-1.0299563602064227e-04
-1.0233060849883371e-04
-1.0158651961525250e-04
-1.0082384051326380e-04
-1.0016009710964567e-04
-9.9353830477092771e-05
-9.8668690581242078e-05
-9.7978180052061791e-05
-9.7198550641188055e-05
-9.6546946728288599e-05
-9.5792942520398690e-05
-9.5079031117716479e-05
-9.4421273903010037e-05
-9.3647884279264836e-05
-9.3004658203423628e-05
-9.2273315577727933e-05
-9.1584929330770605e-05
-9.0902968412703535e-05
-9.0177505279193676e-05
-8.9539490842133673e-05
-8.8789555906942217e-05
-8.8157734471997534e-05
-8.7455906089568171e-05
-8.6759916609442075e-05
-8.6137491896505345e-05
-8.5378505021490360e-05
-8.4784919874864099e-05
-8.4053896965758575e-05
-8.3423177428102149e-05
-8.2746159223893575e-05
-8.2074281479243668e-05
-8.1427335484787199e-05
-8.0742143978306945e-05
-8.0130789714526337e-05
-7.9407949530553706e-05
-7.8826838693059833e-05
-7.8106177584297948e-05
-7.7500890803009007e-05
-7.6826412943813841e-05
-7.6185852970252348e-05
-7.5544907899094291e-05
-7.4894182139310692e-05
-7.4264925868581136e-05
-7.3606640371972598e-05
-7.2990718221838818e-05
-7.2311051627369012e-05
-7.1730227301485813e-05
-7.1027309217878011e-05
-7.0462653817609012e-05
-6.9765004848729227e-05
-6.9197254893259950e-05
-6.8502465380077061e-05
-6.7936530763904325e-05
-6.7234128165425376e-05
-6.6685920156486585e-05
-6.5976151359404739e-05
-6.5429151120660934e-05
-6.4732895340681982e-05
-6.4175360379247495e-05
-6.3487788927345771e-05
-6.2922777802607076e-05
-6.2237259092448472e-05
-6.1678760214267257e-05
-6.0993841569327826e-05
-6.0425036622936541e-05
-5.9766386628681663e-05
-5.9169679457586761e-05
-5.8540315609660956e-05
-5.7920231712044755e-05
-5.7301899448175370e-05
-5.6673373779168842e-05
-5.6066922786908879e-05
-5.5422090623563028e-05
-5.4842189671918594e-05
-5.4164129967683695e-05
-5.3602614838732891e-05
-5.2924119195855399e-05
-5.2344839354049147e-05
-5.1697844723753379e-05
-5.1077255162246501e-05
-5.0472096869100144e-05
-4.9809559922731502e-05
-4.9237445008255387e-05
-4.8546872219326000e-05
-4.7964006209439183e-05
-4.7312794757251326e-05
-4.6690411538871125e-05
-4.6072743994785791e-05
-4.5413163796895569e-05
-4.4826309874233275e-05
-4.4132185941227656e-05
-4.3533498093531364e-05
-4.2882134136991445e-05
-4.2236494817069805e-05
-4.1628113612569617e-05
-4.0930227107005608e-05
-4.0320665412285724e-05
-3.9665632154640985e-05
-3.9005895558269954e-05
-3.8394040957509999e-05
-3.7710703678583952e-05
0.0000000000000000e+00
];
