%Vec Object:dSdr_b_aug_9330 1 MPI processes
%  type: seq
dSdr_b_aug_9330 = [
2.2769660102832045e+03
0.0000000000000000e+00
-6.4553651452310680e-07
-2.6750088442677915e-07
-1.6694588743698854e-07
-1.1888663294165521e-07
-8.9229400963837778e-08
-7.0885956243038849e-08
-5.8451866411373538e-08
-4.9110204292427352e-08
-4.2171805183785777e-08
-3.6851820869166812e-08
-3.2520827672006015e-08
-2.9011889418641769e-08
-2.6134672930930853e-08
-2.3708175365809031e-08
-2.1643115793837052e-08
-3.6330362548832472e-06
-7.9001763827714008e-04
-7.7918618316097517e-04
-7.3735532602732642e-04
-6.9875880881419927e-04
-6.6094865953020927e-04
-6.2327328586523527e-04
-5.8144681457367869e-04
-5.4105252081545661e-04
-5.0231000036474996e-04
-4.6317249196031778e-04
-4.2300231534163823e-04
-3.8004907375395377e-04
-3.4224664082228379e-04
-3.0590306394585789e-04
-2.7158541876210607e-04
-2.3538490261094434e-04
-2.0593642526792129e-04
-1.8030205624798578e-04
-1.5787810841040258e-04
-1.3670156829312328e-04
-1.2066247227809858e-04
-1.0849916987503603e-04
-9.8902460636996533e-05
-9.1171988141694051e-05
-8.6362852138365646e-05
-8.3440999517253659e-05
-8.1857780225020834e-05
-8.1509672921335389e-05
-8.2019006332340199e-05
-8.3035794162962219e-05
-8.4490689649592993e-05
-8.6449142560202912e-05
-8.8173188727495028e-05
-8.9978741592765683e-05
-9.1819393858836708e-05
-9.3594129337776382e-05
-9.5083614100530367e-05
-9.6421130538384319e-05
-9.7710299336323603e-05
-9.8753960607010638e-05
-9.9614913787181650e-05
-1.0031668853333966e-04
-1.0095337593360038e-04
-1.0137964381975296e-04
-1.0164749474993918e-04
-1.0187209468287768e-04
-1.0199114753199491e-04
-1.0197818921408001e-04
-1.0190793836643750e-04
-1.0177958926150416e-04
-1.0156080342739088e-04
-1.0128761543586565e-04
-1.0099802338380916e-04
-1.0065276838193243e-04
-1.0027385797630267e-04
-9.9841534571100475e-05
-9.9409637237114987e-05
-9.8950145985645481e-05
-9.8454315085753539e-05
-9.7970375747904591e-05
-9.7475738860883037e-05
-9.6919335895271597e-05
-9.6397027119265674e-05
-9.5872269476587603e-05
-9.5299885253665738e-05
-9.4765731411404280e-05
-9.4235821751625752e-05
-9.3621304150868313e-05
-9.3087697935198213e-05
-9.2536469859531731e-05
-9.1939811283967105e-05
-9.1406768311487360e-05
-9.0841105712962669e-05
-9.0246974759323919e-05
-8.9710322480986379e-05
-8.9125901671482295e-05
-8.8564688310638535e-05
-8.8037553826932663e-05
-8.7428184918818136e-05
-8.6893870853808441e-05
-8.6355375242968949e-05
-8.5736513956762193e-05
-8.5240908876988743e-05
-8.4675070134350555e-05
-8.4101862226205215e-05
-8.3605239915593831e-05
-8.2992155920980033e-05
-8.2479992007006197e-05
-8.1960438812600563e-05
-8.1370453013446080e-05
-8.0882854739906365e-05
-8.0315142812840756e-05
-7.9776590693050628e-05
-7.9283672380505446e-05
-7.8702477974627413e-05
-7.8218005539134868e-05
-7.7670667133835811e-05
-7.7152636596626809e-05
-7.6639690180609857e-05
-7.6097027663204653e-05
-7.5618079066290184e-05
-7.5054408152534845e-05
-7.4584982802247438e-05
-7.4056035172927285e-05
-7.3535248424648115e-05
-7.3074729689342883e-05
-7.2500811400702324e-05
-7.2062534110343873e-05
-7.1515908085813016e-05
-7.1042721385317626e-05
-7.0543596282988418e-05
-7.0039593173936251e-05
-6.9558662525047479e-05
-6.9050844063117263e-05
-6.8595558717651439e-05
-6.8059234267077586e-05
-6.7629943379382790e-05
-6.7094237084504337e-05
-6.6647017671526244e-05
-6.6147969192465800e-05
-6.5673297473051867e-05
-6.5201059091718594e-05
-6.4721234398521595e-05
-6.4255568683221052e-05
-6.3774005534918284e-05
-6.3318519795584240e-05
-6.2818603171724692e-05
-6.2396214750003415e-05
-6.1874865696886908e-05
-6.1467129239555729e-05
-6.0952991134467178e-05
-6.0538157709065922e-05
-6.0033324299955521e-05
-5.9618962479044337e-05
-5.9107412538083028e-05
-5.8710155393713432e-05
-5.8192458962477399e-05
-5.7797510618615589e-05
-5.7291431367633309e-05
-5.6887746870314705e-05
-5.6390285167824623e-05
-5.5982771238854912e-05
-5.5485575017096772e-05
-5.5088053281981236e-05
-5.4589104440123903e-05
-5.4184156776225352e-05
-5.3710871513550460e-05
-5.3281178460527911e-05
-5.2834528075099405e-05
-5.2387499118609065e-05
-5.1948214706311335e-05
-5.1499382880329319e-05
-5.1067446280665212e-05
-5.0609410573750050e-05
-5.0198260331168070e-05
-4.9716502225233795e-05
-4.9320248602168577e-05
-4.8838483808204859e-05
-4.8430358290873853e-05
-4.7974283793417706e-05
-4.7535215245607889e-05
-4.7113586809242366e-05
-4.6643493254609338e-05
-4.6246086932196783e-05
-4.5760613260273166e-05
-4.5352042681751832e-05
-4.4900875720909098e-05
-4.4464064940943295e-05
-4.4035934273999061e-05
-4.3576546861000966e-05
-4.3170298982394718e-05
-4.2688694576613607e-05
-4.2274592309712076e-05
-4.1823534386355204e-05
-4.1378145931246602e-05
-4.0958277946501382e-05
-4.0478138364149491e-05
-4.0058179552097964e-05
-3.9607974260016428e-05
-3.9155830015800021e-05
-3.8730833720410530e-05
-3.8246654098225324e-05
0.0000000000000000e+00
];
