%Vec Object:dSdr_b_aug_7410 1 MPI processes
%  type: seq
dSdr_b_aug_7410 = [
2.2987850322364866e+03
0.0000000000000000e+00
-7.4218958477516599e-07
-3.0718122832238967e-07
-1.9134176588733325e-07
-1.3610970998795943e-07
-1.0217024004779500e-07
-8.1182000967354697e-08
-6.6955177176993596e-08
-5.6256390606844628e-08
-4.8310448479552485e-08
-4.2218385167608969e-08
-3.7257558427347120e-08
-3.3238247218733942e-08
-2.9942657724641814e-08
-2.7163220285491264e-08
-2.4787767366396686e-08
-2.2833540412631515e-08
-1.1923867990044422e-05
-7.7344552664836131e-04
-7.4680376539479874e-04
-7.0783320710297024e-04
-6.6956645595019960e-04
-6.3144425585472672e-04
-5.8912642212960377e-04
-5.4827119346657622e-04
-5.0909649163178227e-04
-4.6952821825332804e-04
-4.2892405668214380e-04
-3.8551935661180028e-04
-3.4732187807531042e-04
-3.1060503075736913e-04
-2.7593979419640780e-04
-2.3937661662885203e-04
-2.0963502165816694e-04
-1.8374725954760688e-04
-1.6110234525643210e-04
-1.3971675459459998e-04
-1.2351917817832476e-04
-1.1123499017482110e-04
-1.0154026212922031e-04
-9.3728450547021953e-05
-8.8865435000184891e-05
-8.5906497607191333e-05
-8.4297969164534131e-05
-8.3934530140492567e-05
-8.4436289815198562e-05
-8.5449770575989832e-05
-8.6904944826654841e-05
-8.8865371655790626e-05
-9.0590838251836459e-05
-9.2398609024896546e-05
-9.4240426841786477e-05
-9.6014803829607564e-05
-9.7502786278160395e-05
-9.8836970323098577e-05
-1.0012045645537423e-04
-1.0115759280426590e-04
-1.0201094099654606e-04
-1.0270308418731820e-04
-1.0332847855661900e-04
-1.0374325710695132e-04
-1.0399832934556845e-04
-1.0420757880269063e-04
-1.0431257092514627e-04
-1.0428468328574978e-04
-1.0419787595329611e-04
-1.0405245382358886e-04
-1.0381710814094355e-04
-1.0352642068496788e-04
-1.0321818069727389e-04
-1.0285569802639813e-04
-1.0245948400926911e-04
-1.0200665120860122e-04
-1.0155707432065319e-04
-1.0108001035362452e-04
-1.0056334907589875e-04
-1.0006182058473988e-04
-9.9549660881238994e-05
-9.8971915263633734e-05
-9.8431966437808734e-05
-9.7889374830430445e-05
-9.7296251217184125e-05
-9.6744554611522215e-05
-9.6196975522350303e-05
-9.5561527080622450e-05
-9.5010448652627501e-05
-9.4441325412009783e-05
-9.3824602206300995e-05
-9.3274376862370996e-05
-9.2690537475675262e-05
-9.2076816628134043e-05
-9.1523129727216380e-05
-9.0920023558912962e-05
-9.0340427916407772e-05
-8.9796551146826330e-05
-8.9167889592258210e-05
-8.8615928057795629e-05
-8.8060646263321877e-05
-8.7422130714472020e-05
-8.6909978959123012e-05
-8.6326731360432935e-05
-8.5735018668624933e-05
-8.5222074404319353e-05
-8.4590123145621279e-05
-8.4061065457413937e-05
-8.3524815640135532e-05
-8.2916308215852218e-05
-8.2412692258375199e-05
-8.1826786014260730e-05
-8.1271107351908357e-05
-8.0762089973060086e-05
-8.0162124736178562e-05
-7.9662147552408372e-05
-7.9096838291666744e-05
-7.8562169884918115e-05
-7.8032716588244812e-05
-7.7472200763979815e-05
-7.6977716924682941e-05
-7.6395854447861304e-05
-7.5910568600327992e-05
-7.5364736483360414e-05
-7.4826838469646800e-05
-7.4350507100185754e-05
-7.3758513991369331e-05
-7.3305068472392663e-05
-7.2740433227375101e-05
-7.2251860991782640e-05
-7.1735361860809102e-05
-7.1214963178375300e-05
-7.0717818542932864e-05
-7.0192676839103042e-05
-6.9722148925114097e-05
-6.9167608304940257e-05
-6.8723489822244166e-05
-6.8169719801520245e-05
-6.7707062633009613e-05
-6.7190880728761662e-05
-6.6700007419282130e-05
-6.6211292181956181e-05
-6.5714776315352363e-05
-6.5233133407480338e-05
-6.4734310542426579e-05
-6.4263155655045078e-05
-6.3745683613591957e-05
-6.3307821417420853e-05
-6.2768739279428439e-05
-6.2345677194332145e-05
-6.1813616345833541e-05
-6.1383848180167179e-05
-6.0860462541165949e-05
-6.0431297205677723e-05
-5.9901107460605120e-05
-5.9489107530705463e-05
-5.8952652158142485e-05
-5.8542853481751327e-05
-5.8018200431155592e-05
-5.7599489925920635e-05
-5.7083460927222621e-05
-5.6660564810666115e-05
-5.6144975823492970e-05
-5.5731732006520671e-05
-5.5214620147747577e-05
-5.4793669082413269e-05
-5.4302279865461910e-05
-5.3856275060302450e-05
-5.3391779618691976e-05
-5.2927848885507084e-05
-5.2471077370822490e-05
-5.2004695321261152e-05
-5.1555714318618094e-05
-5.1079434636911433e-05
-5.0651802824769337e-05
-5.0150872326569133e-05
-4.9738477804786083e-05
-4.9237498573692744e-05
-4.8812656492638950e-05
-4.8337934903140806e-05
-4.7881137130544561e-05
-4.7441583154921327e-05
-4.6952693363523904e-05
-4.6538222716483352e-05
-4.6032716385697301e-05
-4.5607121354613396e-05
-4.5136414808861064e-05
-4.4681477451200681e-05
-4.4234832486334002e-05
-4.3755889351577859e-05
-4.3331997790944367e-05
-4.2829631547404839e-05
-4.2397493873934561e-05
-4.1926862572801060e-05
-4.1461902188562127e-05
-4.1023602391615326e-05
-4.0522165075308040e-05
-4.0083637499021402e-05
-3.9613334798827708e-05
-3.9140718572349824e-05
-3.8696918425348546e-05
-3.8190343285244108e-05
0.0000000000000000e+00
];
