%Vec Object:dSdr_b_aug_3520 1 MPI processes
%  type: seq
dSdr_b_aug_3520 = [
2.3638581770055921e+03
0.0000000000000000e+00
-1.1462962286399609e-06
-4.7221934212416383e-07
-2.9201274296382251e-07
-2.0680879983078817e-07
-1.5522629321238882e-07
-1.2334755733849666e-07
-1.0173968678105274e-07
-8.5442704386332367e-08
-7.3341629060459756e-08
-6.4066181033046230e-08
-5.6508278982092134e-08
-5.0384805198421860e-08
-4.5364629169792916e-08
-4.1130656374560063e-08
-3.7511989349553251e-08
-3.4424448244496552e-08
-3.1754761432513077e-08
-2.9398403860731855e-08
-2.9555761037597923e-08
-3.8087785055755012e-05
-6.7867714815470534e-04
-6.5632894225109125e-04
-6.1278475354395456e-04
-5.7051581004222824e-04
-5.3000951848013633e-04
-4.8911382198579931e-04
-4.4717230682793314e-04
-4.0237640690130228e-04
-3.6296156857633019e-04
-3.2509446312228195e-04
-2.8935810021054681e-04
-2.5167735698708525e-04
-2.2103250023679556e-04
-1.9436389136795394e-04
-1.7103805514442791e-04
-1.4900826218178028e-04
-1.3232231865284606e-04
-1.1966561431575998e-04
-1.0966883465091795e-04
-1.0160637089613789e-04
-9.6577321541466542e-05
-9.3504104523913509e-05
-9.1817583810720448e-05
-9.1406898627042907e-05
-9.1885318894600863e-05
-9.2888608282896067e-05
-9.4344641167317566e-05
-9.6311150378056287e-05
-9.8040993771398075e-05
-9.9855598849337224e-05
-1.0170100808252302e-04
-1.0347428006949791e-04
-1.0495763277204673e-04
-1.0628154757707054e-04
-1.0754752196018860e-04
-1.0856455110738354e-04
-1.0939446381511373e-04
-1.1005692652884710e-04
-1.1064752048256548e-04
-1.1102689370177703e-04
-1.1124258738188074e-04
-1.1140453316145684e-04
-1.1146619606397520e-04
-1.1139230264201600e-04
-1.1125447533385801e-04
-1.1105644147779855e-04
-1.1077006545868209e-04
-1.1042545217816720e-04
-1.1005974727579202e-04
-1.0964417634008538e-04
-1.0919464003779373e-04
-1.0867860611279413e-04
-1.0817454845032389e-04
-1.0764333293991998e-04
-1.0706248141283208e-04
-1.0650675072654464e-04
-1.0594059325042050e-04
-1.0529707877910313e-04
-1.0470277092008224e-04
-1.0410522271853446e-04
-1.0344818924593188e-04
-1.0284243340424891e-04
-1.0224040474990948e-04
-1.0154045648294966e-04
-1.0093553622888371e-04
-1.0031126780568839e-04
-9.9632714063952631e-05
-9.9029540060055517e-05
-9.8389687651435329e-05
-9.7715599201358719e-05
-9.7109418940159305e-05
-9.6448732556552699e-05
-9.5812490651846501e-05
-9.5217021378687876e-05
-9.4528908212015793e-05
-9.3922564790132997e-05
-9.3315555219333708e-05
-9.2616473714680949e-05
-9.2053332243895638e-05
-9.1416438073543214e-05
-9.0767701645909403e-05
-9.0204460184468662e-05
-8.9514368182623248e-05
-8.8933251194114985e-05
-8.8345549612161821e-05
-8.7679966555494264e-05
-8.7126991030252496e-05
-8.6485017776367302e-05
-8.5876562524050983e-05
-8.5317934793212275e-05
-8.4660125980867969e-05
-8.4112369877208570e-05
-8.3491682220648603e-05
-8.2905743104891782e-05
-8.2325422750782740e-05
-8.1709890765954460e-05
-8.1167534039292989e-05
-8.0529613043579118e-05
-7.9995452014725734e-05
-7.9397589221371522e-05
-7.8806961700651220e-05
-7.8281902644879717e-05
-7.7634210771292667e-05
-7.7134023346553678e-05
-7.6513891487879819e-05
-7.5977907703504680e-05
-7.5407869346810717e-05
-7.4836946615784402e-05
-7.4289837504590330e-05
-7.3711313080440750e-05
-7.3193814182908459e-05
-7.2583139227271997e-05
-7.2093328531891703e-05
-7.1483893943594855e-05
-7.0973664313646084e-05
-7.0404684628517397e-05
-6.9863885052418322e-05
-6.9324395299143519e-05
-6.8776444484476901e-05
-6.8245566810332307e-05
-6.7693556995455283e-05
-6.7174116605090253e-05
-6.6602546395372493e-05
-6.6117000756623013e-05
-6.5523272960920322e-05
-6.5052983961403648e-05
-6.4465693014117948e-05
-6.3989902485370737e-05
-6.3409346947441834e-05
-6.2934563635266936e-05
-6.2346934131636873e-05
-6.1889503371945475e-05
-6.1295241118681636e-05
-6.0839680206628997e-05
-6.0257790810237277e-05
-5.9792776722781815e-05
-5.9219531428530539e-05
-5.8749234148403150e-05
-5.8176966705768258e-05
-5.7715274330234831e-05
-5.7142192015533657e-05
-5.6671925501448022e-05
-5.6124747850214339e-05
-5.5628477411671397e-05
-5.5108991367453930e-05
-5.4592976823163462e-05
-5.4082317789570607e-05
-5.3561853724038645e-05
-5.3060349441992991e-05
-5.2527849938831928e-05
-5.2049429295785656e-05
-5.1489418041662106e-05
-5.1027284540445335e-05
-5.0467095049518017e-05
-4.9990740107602321e-05
-4.9458556649240387e-05
-4.8947125527334631e-05
-4.8452333304336275e-05
-4.7905522227063130e-05
-4.7438467377611536e-05
-4.6871229833350308e-05
-4.6393173699097994e-05
-4.5862255662021273e-05
-4.5351461286903437e-05
-4.4847764770609490e-05
-4.4308561202097539e-05
-4.3830301715247416e-05
-4.3263959351551869e-05
-4.2776248058316162e-05
-4.2245304995160644e-05
-4.1720039135669051e-05
-4.1224950090044633e-05
-4.0657896936324563e-05
-4.0162172036364158e-05
-3.9629980301924525e-05
-3.9094367972367910e-05
-3.8592872452381830e-05
-3.8018600765404432e-05
0.0000000000000000e+00
];
