%Vec Object:dSdr_b_aug_4880 1 MPI processes
%  type: seq
dSdr_b_aug_4880 = [
2.3365205058593183e+03
0.0000000000000000e+00
-9.4973730061993111e-07
-3.9123060070188839e-07
-2.4217779682380494e-07
-1.7145222027990632e-07
-1.2838665263080585e-07
-1.0176738807429749e-07
-8.3726290559676674e-08
-7.0148653302811658e-08
-6.0067531643483649e-08
-5.2339974946358369e-08
-4.6049865696707898e-08
-4.0955038007685048e-08
-3.6778348561501865e-08
-3.3257299234981588e-08
-3.0249544290458261e-08
-2.7683430628582715e-08
-2.5465154766258171e-08
-3.9293296698955986e-08
-2.0305919219520607e-04
-7.2056007273926413e-04
-6.8458675706355035e-04
-6.4572351813213069e-04
-6.0254768880910431e-04
-5.6088692426819575e-04
-5.2095692015016845e-04
-4.8063581931383833e-04
-4.3927320285837870e-04
-3.9507951024514887e-04
-3.5619162927149527e-04
-3.1882243493470356e-04
-2.8354972943544522e-04
-2.4635274573859796e-04
-2.1609888301249872e-04
-1.8976827849747897e-04
-1.6673719226507094e-04
-1.4498625449164954e-04
-1.2851170994229450e-04
-1.1601625638597641e-04
-1.0615022544300651e-04
-9.8196261174304507e-05
-9.3239082665790005e-05
-9.0215333732997810e-05
-8.8562573449845765e-05
-8.8172339672455645e-05
-8.8660862863307831e-05
-8.9668563803139045e-05
-9.1124225037927736e-05
-9.3088101404149645e-05
-9.4816050244014876e-05
-9.6627696989208992e-05
-9.8471551634633805e-05
-1.0024530196570677e-04
-1.0173065877041721e-04
-1.0305901894155765e-04
-1.0433257374059101e-04
-1.0535830678581311e-04
-1.0619836409479140e-04
-1.0687367466699064e-04
-1.0747933273621672e-04
-1.0787403191427205e-04
-1.0810677143510976e-04
-1.0828919358963779e-04
-1.0836961244318161e-04
-1.0831563353327853e-04
-1.0819989121444850e-04
-1.0802463136632491e-04
-1.0776034481918303e-04
-1.0743907437683242e-04
-1.0709824427444152e-04
-1.0670565362154926e-04
-1.0627919890154052e-04
-1.0579052280168503e-04
-1.0531004819436950e-04
-1.0480227322445657e-04
-1.0424920768237211e-04
-1.0371693946113186e-04
-1.0317415596137115e-04
-1.0255911080249964e-04
-1.0198833329749765e-04
-1.0141457411518191e-04
-1.0078520525269333e-04
-1.0020284999097391e-04
-9.9624390877674609e-05
-9.8952362597732260e-05
-9.8370748812649875e-05
-9.7770351040806660e-05
-9.7118561832573928e-05
-9.6538307672861556e-05
-9.5922701575553831e-05
-9.5274744399675713e-05
-9.4691286896782337e-05
-9.4055525213278528e-05
-9.3443803729116809e-05
-9.2870667260693717e-05
-9.2208288863196284e-05
-9.1625485683590301e-05
-9.1040867472337665e-05
-9.0368003101230467e-05
-8.9826933506029533e-05
-8.9213261275702856e-05
-8.8589208651693120e-05
-8.8047739283458865e-05
-8.7382814602712878e-05
-8.6824232466936184e-05
-8.6258802754167948e-05
-8.5617925964593687e-05
-8.5086316660969017e-05
-8.4468613072315697e-05
-8.3883003164201563e-05
-8.3345850211073659e-05
-8.2713080083551612e-05
-8.2186005986851113e-05
-8.1589289914769052e-05
-8.1025544292848874e-05
-8.0467242704009560e-05
-7.9875525502421516e-05
-7.9353891457015883e-05
-7.8740236448532379e-05
-7.8227231962370707e-05
-7.7651891627345950e-05
-7.7084089066780992e-05
-7.6580122706674766e-05
-7.5956541092076773e-05
-7.5476586779361964e-05
-7.4880477673977644e-05
-7.4365016868371822e-05
-7.3818153971585445e-05
-7.3269101523112351e-05
-7.2743620472285169e-05
-7.2188203760100678e-05
-7.1691037131802314e-05
-7.1104660975855729e-05
-7.0634629008280644e-05
-7.0049289870403173e-05
-6.9559652868301294e-05
-6.9013527689066879e-05
-6.8494339628534794e-05
-6.7976828570899853e-05
-6.7451142331544488e-05
-6.6941576841253280e-05
-6.6412589987083304e-05
-6.5914050871866947e-05
-6.5365898058779572e-05
-6.4900993079747930e-05
-6.4330919669211434e-05
-6.3881073709947007e-05
-6.3317690131422161e-05
-6.2861821226820698e-05
-6.2306012733861311e-05
-6.1850975996002522e-05
-6.1288210347287982e-05
-6.0850445147894303e-05
-6.0281205660801026e-05
-5.9845453759638073e-05
-5.9288340157361580e-05
-5.8843369407251356e-05
-5.8294891221908556e-05
-5.7845112381467982e-05
-5.7297379226042255e-05
-5.6856658667232761e-05
-5.6307804159760545e-05
-5.5858884702637287e-05
-5.5335856056751349e-05
-5.4861343968531401e-05
-5.4365661560380898e-05
-5.3872192384458924e-05
-5.3384859480084958e-05
-5.2887805725714789e-05
-5.2409037015555638e-05
-5.1900873190030462e-05
-5.1444437304234170e-05
-5.0910000107111144e-05
-5.0469396881394740e-05
-4.9934837466217122e-05
-4.9480780612540374e-05
-4.8973470353598206e-05
-4.8485688019769806e-05
-4.8014806387681345e-05
-4.7493067255879049e-05
-4.7048774040644989e-05
-4.6508257513758380e-05
-4.6052909572794144e-05
-4.5548054522522102e-05
-4.5061438084097394e-05
-4.4582436409682901e-05
-4.4069316479945265e-05
-4.3614589654358299e-05
-4.3075938619834197e-05
-4.2612280908083772e-05
-4.2107441576002592e-05
-4.1608275457293875e-05
-4.1137762073538933e-05
-4.0599101867759117e-05
-4.0128119444936072e-05
-3.9622687679306065e-05
-3.9114280901818480e-05
-3.8637581633364833e-05
-3.8091666920625921e-05
0.0000000000000000e+00
];
