%Vec Object:dSdr_b_aug_6010 1 MPI processes
%  type: seq
dSdr_b_aug_6010 = [
2.3187187906166046e+03
0.0000000000000000e+00
-8.4472341676663995e-07
-3.4907275040772557e-07
-2.1694039931380268e-07
-1.5408818879901911e-07
-1.1563039077275251e-07
-9.1852703890975405e-08
-7.5735557629659364e-08
-6.3606270583577729e-08
-5.4598682551351258e-08
-4.7693246364916168e-08
-4.2069538151814076e-08
-3.7513328768375819e-08
-3.3777732353209490e-08
-3.0627360671000207e-08
-2.7935041186042311e-08
-2.5637763212192856e-08
-2.4471949264447150e-08
-5.0899644206387652e-05
-7.4888566345405723e-04
-7.1579935815845616e-04
-6.7718604370848115e-04
-6.3866950787049785e-04
-5.9591719658799594e-04
-5.5465438171602860e-04
-5.1509751891016338e-04
-4.7514833702658199e-04
-4.3416041965236093e-04
-3.9035651262835124e-04
-3.5180971082347313e-04
-3.1476279515797614e-04
-2.7979019723563096e-04
-2.4290633246922092e-04
-2.1290554513068050e-04
-1.8679371783218902e-04
-1.6395341193633535e-04
-1.4238296642189610e-04
-1.2604525230636875e-04
-1.1365417016844175e-04
-1.0387276782388852e-04
-9.5989031070319378e-05
-9.1078371743224986e-05
-8.8086641531268223e-05
-8.6455732998649108e-05
-8.6078736543975589e-05
-8.6573798879549047e-05
-8.7584355208621164e-05
-8.9039775941760334e-05
-9.1001948212215728e-05
-9.2728670821930702e-05
-9.4538402788875897e-05
-9.6381251242783628e-05
-9.8155311218367820e-05
-9.9641965218081287e-05
-1.0097320254851084e-04
-1.0225166371336184e-04
-1.0328303032170033e-04
-1.0412965371419281e-04
-1.0481328009196952e-04
-1.0542868847132726e-04
-1.0583330744759822e-04
-1.0607707998611621e-04
-1.0627275561595613e-04
-1.0636531438587751e-04
-1.0632422533012216e-04
-1.0622277774513650e-04
-1.0606225860720315e-04
-1.0581226969815148e-04
-1.0550610815064308e-04
-1.0518137852375826e-04
-1.0480366209976605e-04
-1.0439214717673689e-04
-1.0392117872180805e-04
-1.0345596849715875e-04
-1.0296336566657224e-04
-1.0242828490294858e-04
-1.0191120301322795e-04
-1.0138354857033114e-04
-1.0078693048331576e-04
-1.0023138325348075e-04
-9.9673021770895111e-05
-9.9061559129066606e-05
-9.8494350146215986e-05
-9.7931146674183793e-05
-9.7277189911857166e-05
-9.6710661492434749e-05
-9.6125714260115048e-05
-9.5491248690130214e-05
-9.4925829649843892e-05
-9.4325917243307393e-05
-9.3694873822229528e-05
-9.3126123873630716e-05
-9.2506494976670137e-05
-9.1910644604726427e-05
-9.1351963289445430e-05
-9.0706242005802207e-05
-9.0138675507526282e-05
-8.9568550350422021e-05
-8.8912655309662347e-05
-8.8385871979290248e-05
-8.7787230414551390e-05
-8.7179154672251000e-05
-8.6651777548052712e-05
-8.6003142711770037e-05
-8.5459146525348627e-05
-8.4908132543076376e-05
-8.4283247176218789e-05
-8.3765467412769373e-05
-8.3163472651787720e-05
-8.2592649663534149e-05
-8.2069396515602934e-05
-8.1452832973385680e-05
-8.0939145552644921e-05
-8.0357945373528948e-05
-7.9808564755390178e-05
-7.9264515075683987e-05
-7.8688212276765233e-05
-7.8179991235988958e-05
-7.7582042677986555e-05
-7.7082732019004987e-05
-7.6521969616283553e-05
-7.5968940786199258e-05
-7.5478626928908037e-05
-7.4870650970363504e-05
-7.4403792786122692e-05
-7.3823232698725524e-05
-7.3321055642476966e-05
-7.2789193344381477e-05
-7.2254296704379086e-05
-7.1742814681524355e-05
-7.1202354719561680e-05
-7.0718348405047837e-05
-7.0147699946155836e-05
-6.9690470007866535e-05
-6.9120726948653104e-05
-6.8644418783855347e-05
-6.8113086469577500e-05
-6.7607886735292295e-05
-6.7104601666472544e-05
-6.6593326456083429e-05
-6.6097555549712286e-05
-6.5583470600701337e-05
-6.5098460106791757e-05
-6.4565464505156957e-05
-6.4113919463986720e-05
-6.3559156662076546e-05
-6.3122542732682875e-05
-6.2574633513159548e-05
-6.2131659150133732e-05
-6.1591868510524092e-05
-6.1149613015951443e-05
-6.0602940832477084e-05
-6.0177904444433386e-05
-5.9624861285862424e-05
-5.9201931052514638e-05
-5.8660853930269172e-05
-5.8228856526175539e-05
-5.7696409207504190e-05
-5.7259911237492921e-05
-5.6728058262234497e-05
-5.6300912037930184e-05
-5.5767739350039101e-05
-5.5332637119082398e-05
-5.4825239301407192e-05
-5.4364810670161171e-05
-5.3884535563197443e-05
-5.3405659270758924e-05
-5.2933424617664322e-05
-5.2451523615635486e-05
-5.1987470939380417e-05
-5.1495058851929820e-05
-5.1052853061529407e-05
-5.0534969199269195e-05
-5.0108301946154951e-05
-4.9590332178394754e-05
-4.9150708335025118e-05
-4.8659497897601813e-05
-4.8187022915859515e-05
-4.7731618143707283e-05
-4.7226107639687526e-05
-4.6796547749511889e-05
-4.6273327405576387e-05
-4.5832678411421133e-05
-4.5344693886080347e-05
-4.4873728034767735e-05
-4.4410711755217715e-05
-4.3914476448522610e-05
-4.3474983499137969e-05
-4.2954258664282697e-05
-4.2506173354782931e-05
-4.2018234568521999e-05
-4.1535968156442970e-05
-4.1081370770097786e-05
-4.0561102118220062e-05
-4.0106157192138787e-05
-3.9618087232998412e-05
-3.9127377033666298e-05
-3.8666973235934150e-05
-3.8140719683423340e-05
0.0000000000000000e+00
];
