%Vec Object:dSdr_b_aug_6720 1 MPI processes
%  type: seq
dSdr_b_aug_6720 = [
2.3053141709958340e+03
0.0000000000000000e+00
-7.7309947269542215e-07
-3.1933371882636431e-07
-1.9845320333092403e-07
-1.4086944324551889e-07
-1.0555599691051340e-07
-8.3721529502227684e-08
-6.8922674204347966e-08
-5.7797789983669991e-08
-4.9536659038102430e-08
-4.3203430658616177e-08
-3.8048836717852124e-08
-3.3873471198482540e-08
-3.0450277683374241e-08
-2.7564172356578401e-08
-2.5098526386848361e-08
-2.2997996972509199e-08
-6.1248620579893609e-07
-6.4172320842287940e-04
-7.5021253587427463e-04
-7.1169036371618701e-04
-6.7323501432238518e-04
-6.3492267789269955e-04
-5.9239567021667253e-04
-5.5134421923118263e-04
-5.1198553555452852e-04
-4.7223388330078529e-04
-4.3144497208728590e-04
-3.8784808379450014e-04
-3.4948243229125127e-04
-3.1260668180299795e-04
-2.7779347378020954e-04
-2.4107590934683925e-04
-2.1120953266564224e-04
-1.8521389994859209e-04
-1.6247491923118443e-04
-1.4100033479309080e-04
-1.2473529256632721e-04
-1.1239964304485112e-04
-1.0266318772998541e-04
-9.4816749463828408e-05
-8.9930796925215706e-05
-8.6956072257072517e-05
-8.5336769598645199e-05
-8.4966803806526506e-05
-8.5465339329025107e-05
-8.6477412279800095e-05
-8.7932705228571895e-05
-8.9893972391635950e-05
-9.1620043695552256e-05
-9.3428758666262734e-05
-9.5271072685570212e-05
-9.7045297081643089e-05
-9.8532640005244003e-05
-9.9865405449842083e-05
-1.0114647245740588e-04
-1.0218083112746332e-04
-1.0303094185010336e-04
-1.0371898484993656e-04
-1.0433957172886146e-04
-1.0474945921992952e-04
-1.0499909151309199e-04
-1.0520180620237351e-04
-1.0530081260936640e-04
-1.0526656948858313e-04
-1.0517271398243893e-04
-1.0502002378496045e-04
-1.0477762849589251e-04
-1.0447949143378611e-04
-1.0416331292957380e-04
-1.0379349635671379e-04
-1.0338991610825238e-04
-1.0292835235710132e-04
-1.0247124919669728e-04
-1.0198670443865900e-04
-1.0146117556598807e-04
-1.0095215928579525e-04
-1.0043254003304166e-04
-9.9845708742200403e-05
-9.9298250459964519e-05
-9.8748066845469519e-05
-9.8146114370187398e-05
-9.7586949723060595e-05
-9.7031848669935881e-05
-9.6387489864254653e-05
-9.5828973428425070e-05
-9.5252232126720761e-05
-9.4626967307218508e-05
-9.4069427341912111e-05
-9.3477850005381971e-05
-9.2855789641466423e-05
-9.2294851016392129e-05
-9.1683790396824796e-05
-9.1096369324524437e-05
-9.0545365279800542e-05
-8.9908490748252792e-05
-8.9349016597172842e-05
-8.8786588839851946e-05
-8.8139706371927453e-05
-8.7620510613479129e-05
-8.7029851974251059e-05
-8.6430261697192072e-05
-8.5910369089656146e-05
-8.5270385935735655e-05
-8.4734136477162056e-05
-8.4190778817786784e-05
-8.3574386638337106e-05
-8.3063951866450489e-05
-8.2470300203777027e-05
-8.1907330679904073e-05
-8.1391459841476387e-05
-8.0783503760721711e-05
-8.0276926121421090e-05
-7.9703966570383714e-05
-7.9162215332245943e-05
-7.8625734966720473e-05
-7.8057618892838685e-05
-7.7556521615917086e-05
-7.6966914891761845e-05
-7.6474877143648147e-05
-7.5921857207867223e-05
-7.5376674834716677e-05
-7.4893611939805932e-05
-7.4293924280883114e-05
-7.3834021562900105e-05
-7.3261719693573958e-05
-7.2766597750035560e-05
-7.2242702398883161e-05
-7.1715324029506704e-05
-7.1211277009378658e-05
-7.0678760704831093e-05
-7.0201743943395630e-05
-6.9639448597957475e-05
-6.9189017923689894e-05
-6.8627558073205695e-05
-6.8158328963973053e-05
-6.7634853263192859e-05
-6.7137082843904050e-05
-6.6641353314280530e-05
-6.6137731918904886e-05
-6.5649287427214185e-05
-6.5143117000656623e-05
-6.4665291664694883e-05
-6.4140346179303423e-05
-6.3695896705129196e-05
-6.3149265488088180e-05
-6.2719679190634215e-05
-6.2179988523175278e-05
-6.1743862546547419e-05
-6.1212579111452365e-05
-6.0777111826863976e-05
-6.0238987003100522e-05
-5.9820710974976165e-05
-5.9276269804295163e-05
-5.8860149244187730e-05
-5.8327589208905305e-05
-5.7902482031395582e-05
-5.7378548813751096e-05
-5.6949104394321970e-05
-5.6425685483457346e-05
-5.6005748665256712e-05
-5.5480904683808516e-05
-5.5053140853559451e-05
-5.4554044652421510e-05
-5.4101095810226082e-05
-5.3629003592815496e-05
-5.3157877639218718e-05
-5.2693661724038464e-05
-5.2219808398390881e-05
-5.1763571445215358e-05
-5.1279525143066227e-05
-5.0844876969521656e-05
-5.0335784604477558e-05
-4.9916518730899070e-05
-4.9407359715744099e-05
-4.8975401197908314e-05
-4.8492741321591972e-05
-4.8028395987512788e-05
-4.7581210859995172e-05
-4.7084319232814674e-05
-4.6662584008679884e-05
-4.6148549430334934e-05
-4.5715706722244601e-05
-4.5236681742692462e-05
-4.4774027412063967e-05
-4.4319500337758509e-05
-4.3832231644636947e-05
-4.3400828349765921e-05
-4.2889622754854658e-05
-4.2449806113059699e-05
-4.1970840713714465e-05
-4.1497546234405465e-05
-4.1051396719958016e-05
-4.0540887964149158e-05
-4.0094447588918625e-05
-3.9615574798724947e-05
-3.9134212574589362e-05
-3.8682320273138739e-05
-3.8165746111420590e-05
0.0000000000000000e+00
];
