%Vec Object:dSdr_b_aug_3540 1 MPI processes
%  type: seq
dSdr_b_aug_3540 = [
2.3634579994046394e+03
0.0000000000000000e+00
-1.1430891329943475e-06
-4.7089136478757465e-07
-2.9119187595038010e-07
-2.0622320635647094e-07
-1.5477888484932255e-07
-1.2298550155462487e-07
-1.0143553619122356e-07
-8.5182855673618495e-08
-7.3114706404716679e-08
-6.3864495478240087e-08
-5.6327316453290258e-08
-5.0220673883826982e-08
-4.5214305899331791e-08
-4.0992020960442063e-08
-3.7383386849574816e-08
-3.4304414172064824e-08
-3.1642147975016373e-08
-2.9292388209522463e-08
-2.9891267428389972e-08
-4.4001157843218254e-05
-6.8047444274369840e-04
-6.5614491962258728e-04
-6.1258151726627913e-04
-5.7032407589806310e-04
-5.2982924214182612e-04
-4.8894498763156198e-04
-4.4701500085672728e-04
-4.0223109352921011e-04
-3.6282674924758077e-04
-3.2496955939853741e-04
-2.8924242994969297e-04
-2.5157132051086207e-04
-2.2093425017520555e-04
-1.9427237246305847e-04
-1.7095240601119996e-04
-1.4892816628474245e-04
-1.3224643264148149e-04
-1.1959293951837438e-04
-1.0959876363701655e-04
-1.0153846058530385e-04
-9.6510842495958559e-05
-9.3438610605943041e-05
-9.1752762211615830e-05
-9.1342484305411686e-05
-9.1821105766488247e-05
-9.2824483008036065e-05
-9.4280508491074332e-05
-9.6246965270065714e-05
-9.7976770934286270e-05
-9.9791317098636297e-05
-1.0163669537296632e-04
-1.0340997688573468e-04
-1.0489336949850134e-04
-1.0621737282798228e-04
-1.0748349816841682e-04
-1.0850070064653575e-04
-1.0933081537606243e-04
-1.0999353394544868e-04
-1.1058442789039993e-04
-1.1096410631541250e-04
-1.1118013945181487e-04
-1.1134249300481665e-04
-1.1140452941965190e-04
-1.1133103259993570e-04
-1.1119364510124683e-04
-1.1099606477605340e-04
-1.1071012865567826e-04
-1.1036598023395112e-04
-1.1000077069845845e-04
-1.0958565740147409e-04
-1.0913658075519512e-04
-1.0862109164508775e-04
-1.0811750362516636e-04
-1.0758675491924323e-04
-1.0700645673358032e-04
-1.0645119328837543e-04
-1.0588550129113754e-04
-1.0524255376930814e-04
-1.0464871450334242e-04
-1.0405164004599350e-04
-1.0339515749770271e-04
-1.0278986766470706e-04
-1.0218830838382076e-04
-1.0148891612684984e-04
-1.0088446000730179e-04
-1.0026066695397881e-04
-9.9582646212071155e-05
-9.8979928643291797e-05
-9.8340559085567607e-05
-9.7666991024346689e-05
-9.7061263273410395e-05
-9.6401073250435896e-05
-9.5765319655368204e-05
-9.5170295126784134e-05
-9.4482694452773113e-05
-9.3876819820867301e-05
-9.3270256160734626e-05
-9.2571696754761490e-05
-9.2008994832297260e-05
-9.1372563113131149e-05
-9.0724318248850254e-05
-9.0161510365773114e-05
-8.9471919556245844e-05
-8.8891251336006992e-05
-8.8303993285163035e-05
-8.7638902239200821e-05
-8.7086352209630818e-05
-8.6444862271782202e-05
-8.5836861970992300e-05
-8.5278661897661943e-05
-8.4621351715913801e-05
-8.4074007482215363e-05
-8.3453797205594238e-05
-8.2868300060141617e-05
-8.2288418196744672e-05
-8.1673360469254356e-05
-8.1131416422549132e-05
-8.0493978669635149e-05
-7.9960238960836619e-05
-7.9362824688936041e-05
-7.8772651713821659e-05
-7.8248012706627797e-05
-7.7600800974600328e-05
-7.7101016480352828e-05
-7.6481363020630742e-05
-7.5945787939255081e-05
-7.5376211108179526e-05
-7.4805723910921699e-05
-7.4259045509787868e-05
-7.3680981262088646e-05
-7.3163887269707566e-05
-7.2553696210334522e-05
-7.2064279396660206e-05
-7.1455324655046363e-05
-7.0945505115145531e-05
-7.0376980564030003e-05
-6.9836611368531213e-05
-6.9297559308030944e-05
-6.8750051879268206e-05
-6.8219598624720410e-05
-6.7668047298548097e-05
-6.7149023144773252e-05
-6.6577919278732492e-05
-6.6092784686586098e-05
-6.5499527954049271e-05
-6.5029646065664607e-05
-6.4442831219571273e-05
-6.3967437418288147e-05
-6.3387374703213263e-05
-6.2912984632497996e-05
-6.2325850277942385e-05
-6.1868811146369417e-05
-6.1275047206816119e-05
-6.0819880779639600e-05
-6.0238484778670157e-05
-5.9773869842584759e-05
-5.9201117770820322e-05
-5.8731229103457387e-05
-5.8159450246836698e-05
-5.7698175512833327e-05
-5.7125575680800901e-05
-5.6655734280967876e-05
-5.6109037543152927e-05
-5.5613200409570786e-05
-5.5094188400984671e-05
-5.4578622834708360e-05
-5.4068428327542506e-05
-5.3548430464909021e-05
-5.3047378948767353e-05
-5.2515364076712993e-05
-5.2037381247632859e-05
-5.1477879286319545e-05
-5.1016174548458119e-05
-5.0456495466066923e-05
-4.9980584578210551e-05
-4.9448896455829787e-05
-4.8937936286603907e-05
-4.8443620230080447e-05
-4.7897308447155051e-05
-4.7430706883776880e-05
-4.6864001474632886e-05
-4.6386397562799914e-05
-4.5855998557283444e-05
-4.5345685674587489e-05
-4.4842480945238925e-05
-4.4303796821630100e-05
-4.3826005979638195e-05
-4.3260215079853568e-05
-4.2772982809202561e-05
-4.2242559599510386e-05
-4.1717813519112542e-05
-4.1223213909610235e-05
-4.0656726225076086e-05
-4.0161494123425963e-05
-3.9629835419674915e-05
-3.9094765133925912e-05
-3.8593764158081913e-05
-3.8020061163157213e-05
0.0000000000000000e+00
];
