%Vec Object:dSdr_b_aug_5370 1 MPI processes
%  type: seq
dSdr_b_aug_5370 = [
2.3253724294995000e+03
0.0000000000000000e+00
-8.8298239878585181e-07
-3.6466594763126423e-07
-2.2643430479318197e-07
-1.6073813219891105e-07
-1.2060417266015482e-07
-9.5791913124462628e-08
-7.8973700655631599e-08
-6.6313598940500589e-08
-5.6912112436379956e-08
-4.9704916565880465e-08
-4.3835319093627397e-08
-3.9079975795117893e-08
-3.5181193656750438e-08
-3.1893277673992321e-08
-2.9083487584662255e-08
-2.6686015649136563e-08
-2.4650218379347146e-08
-3.1590883958304882e-06
-6.9172233628951769e-04
-7.1970166163240826e-04
-6.8135002220167024e-04
-6.4262360970921090e-04
-5.9963362974303216e-04
-5.5814775499745371e-04
-5.1838174428576274e-04
-4.7822409985191593e-04
-4.3702616165943039e-04
-3.9300377774969609e-04
-3.5426579926558106e-04
-3.1703824469907747e-04
-2.8189743489129916e-04
-2.4483806530643061e-04
-2.1469542787320897e-04
-1.8846097478649170e-04
-1.6551373550183749e-04
-1.4384212312033376e-04
-1.2742771482219175e-04
-1.1497813195198110e-04
-1.0514929483047117e-04
-9.7226195183515218e-05
-9.2289461609969321e-05
-8.9279784736702361e-05
-8.7636628183599050e-05
-8.7252212140943752e-05
-8.7743609252800841e-05
-8.8752565100761236e-05
-9.0208120576544830e-05
-9.2171247946774625e-05
-9.3898657814082232e-05
-9.5709462998205369e-05
-9.7552875506718776e-05
-9.9326761998368799e-05
-1.0081268897702621e-04
-1.0214231364573601e-04
-1.0341802476779122e-04
-1.0444623373532791e-04
-1.0528917680429499e-04
-1.0596814212999160e-04
-1.0657808540982347e-04
-1.0697714428750979e-04
-1.0721473276202591e-04
-1.0740297974955457e-04
-1.0748873403278361e-04
-1.0744042014620067e-04
-1.0733096028787570e-04
-1.0716217890442994e-04
-1.0690417609412354e-04
-1.0658954593162413e-04
-1.0625579190349245e-04
-1.0586973839597343e-04
-1.0544984963810102e-04
-1.0496895595492691e-04
-1.0449518996340576e-04
-1.0399408306884319e-04
-1.0344892174207523e-04
-1.0292332783353100e-04
-1.0238719347455808e-04
-1.0178024691656814e-04
-1.0121616303722490e-04
-1.0064917106277167e-04
-1.0002767188980784e-04
-9.9451973337775999e-05
-9.8880218998358024e-05
-9.8216133055034760e-05
-9.7641149208584408e-05
-9.7047541867335230e-05
-9.6403366306690728e-05
-9.5829632103695267e-05
-9.5220923300657717e-05
-9.4580399630713943e-05
-9.4003406020329284e-05
-9.3374734611332123e-05
-9.2769988397200571e-05
-9.2203204892278828e-05
-9.1548147208372511e-05
-9.0972040469769770e-05
-9.0393791879299560e-05
-8.9728385439252555e-05
-8.9193594582011486e-05
-8.8586528249700515e-05
-8.7969497380538798e-05
-8.7434221478873249e-05
-8.6776456098444085e-05
-8.6224284410116138e-05
-8.5665190334497567e-05
-8.5031341690453404e-05
-8.4505810396417119e-05
-8.3895010754274691e-05
-8.3315899619050598e-05
-8.2784855556601163e-05
-8.2159208137420192e-05
-8.1638017413817533e-05
-8.1048120494430203e-05
-8.0490688215484205e-05
-7.9938650265133439e-05
-7.9353707611778794e-05
-7.8837968510751488e-05
-7.8231216403952799e-05
-7.7724230282185983e-05
-7.7155296871064734e-05
-7.6593987286664576e-05
-7.6096021129089876e-05
-7.5479298117528846e-05
-7.5005099483756876e-05
-7.4415824089258813e-05
-7.3906201420957231e-05
-7.3365931207669961e-05
-7.2823100161850755e-05
-7.2303771609460749e-05
-7.1754928309582786e-05
-7.1263545569261533e-05
-7.0684081652637915e-05
-7.0219676108879535e-05
-6.9641191364707032e-05
-6.9157412315736717e-05
-6.8617788522017860e-05
-6.8104748256479655e-05
-6.7593489445267330e-05
-6.7074136776479752e-05
-6.6570633932404964e-05
-6.6048196386250932e-05
-6.5555603028065178e-05
-6.5014111728717313e-05
-6.4555078371189442e-05
-6.3991733891588794e-05
-6.3547703338892424e-05
-6.2991120658681567e-05
-6.2540918836270749e-05
-6.1992150104450420e-05
-6.1542730654716175e-05
-6.0987037998097789e-05
-6.0554867043199122e-05
-5.9992745755980946e-05
-5.9562628909158878e-05
-5.9012563254101777e-05
-5.8573294219987989e-05
-5.8031861514717882e-05
-5.7587919545503546e-05
-5.7047165644090720e-05
-5.6612410932284463e-05
-5.6070448500237441e-05
-5.5627601639537406e-05
-5.5111442658458602e-05
-5.4643120173475763e-05
-5.4154209190961405e-05
-5.3667153508275318e-05
-5.3186456203464635e-05
-5.2696062001408346e-05
-5.2223760907938055e-05
-5.1722519885381039e-05
-5.1272338048430441e-05
-5.0745175951297338e-05
-5.0310697508436329e-05
-4.9783429151747702e-05
-4.9335715525587065e-05
-4.8835481048362625e-05
-4.8354426209572624e-05
-4.7890346569678362e-05
-4.7375739827223545e-05
-4.6937921822826400e-05
-4.6405006868016627e-05
-4.5956119026265019e-05
-4.5458678470508248e-05
-4.4978940368205066e-05
-4.4506964173376186e-05
-4.4001264925558312e-05
-4.3553233282682859e-05
-4.3022460686091470e-05
-4.2565646921800109e-05
-4.2068235235968892e-05
-4.1576496374876135e-05
-4.1112977882492282e-05
-4.0582400508705030e-05
-4.0118466224957117e-05
-3.9620664422304220e-05
-3.9120034232281477e-05
-3.8650494059245336e-05
-3.8113206293773031e-05
0.0000000000000000e+00
];
