%Vec Object:dSdr_b_aug_3080 1 MPI processes
%  type: seq
dSdr_b_aug_3080 = [
2.3737301478141253e+03
0.0000000000000000e+00
-1.2244344418843121e-06
-5.0287985243768242e-07
-3.0986082673254636e-07
-2.1874658840945052e-07
-1.6376714115941768e-07
-1.2979625428512656e-07
-1.0677313660180912e-07
-8.9416996348722880e-08
-7.6532038318857618e-08
-6.6656560062058800e-08
-5.8615472850014388e-08
-5.2102459403948427e-08
-4.6763540366990623e-08
-4.2262749055881770e-08
-3.8418114754669209e-08
-3.5138170812122876e-08
-3.2302686745467490e-08
-2.9801717025922441e-08
-2.7639528725766284e-08
-6.6702295743579949e-07
-4.3534135338507408e-04
-6.5777029054196821e-04
-6.1680746610081314e-04
-5.7435710363333689e-04
-5.3362264154560666e-04
-4.9249767739561372e-04
-4.5032510795489530e-04
-4.0528884671680308e-04
-3.6566368166102408e-04
-3.2759784279140925e-04
-2.9167641828281961e-04
-2.5380258999017935e-04
-2.2300167407463955e-04
-1.9619815603635633e-04
-1.7275467494202494e-04
-1.5061358125458628e-04
-1.3384326110861590e-04
-1.2112219604018098e-04
-1.1107323007505979e-04
-1.0296746046391083e-04
-9.7909725027099231e-05
-9.4816763655384583e-05
-9.3116768063494296e-05
-9.2697920099531908e-05
-9.3172308025843366e-05
-9.4173836694547435e-05
-9.5630017998529334e-05
-9.7597578148222108e-05
-9.9328177795617498e-05
-1.0114396371461597e-04
-1.0298999350177484e-04
-1.0476307462514912e-04
-1.0624562747961414e-04
-1.0756776808170799e-04
-1.0883071694980547e-04
-1.0984427215519344e-04
-1.1067013588154509e-04
-1.1132747064619683e-04
-1.1191205206240295e-04
-1.1228530822911286e-04
-1.1249419838894255e-04
-1.1264797140116997e-04
-1.1270214821338962e-04
-1.1262030618780852e-04
-1.1247366394167287e-04
-1.1226654013996617e-04
-1.1197134739954282e-04
-1.1161741718920579e-04
-1.1124178391992737e-04
-1.1081704078312588e-04
-1.1035829184692024e-04
-1.0983133849213234e-04
-1.0931786803942683e-04
-1.0877729662060918e-04
-1.0818535476866389e-04
-1.0762025942208444e-04
-1.0704477260403414e-04
-1.0638989506693206e-04
-1.0578619544941602e-04
-1.0517915224680076e-04
-1.0451107689147768e-04
-1.0389598108741933e-04
-1.0328454503222357e-04
-1.0257345295176630e-04
-1.0195923029729460e-04
-1.0132543428882735e-04
-1.0063619791385652e-04
-1.0002387582390246e-04
-9.9374345890400632e-05
-9.8689827561853629e-05
-9.8074577877579037e-05
-9.7403943200113420e-05
-9.6757914363226853e-05
-9.6153531310193215e-05
-9.5455146522646284e-05
-9.4839407390791855e-05
-9.4223460668281823e-05
-9.3513915014028967e-05
-9.2941963908281985e-05
-9.2295801064997616e-05
-9.1637212476879356e-05
-9.1065281018342585e-05
-9.0365143867085704e-05
-8.9775032437525688e-05
-8.9178441380020063e-05
-8.8502997195723295e-05
-8.7941493669519981e-05
-8.7289833550327419e-05
-8.6672259927834871e-05
-8.6105060866754348e-05
-8.5437258246116930e-05
-8.4881247233578380e-05
-8.4250991684523455e-05
-8.3656194372948658e-05
-8.3067085562823017e-05
-8.2442048269205454e-05
-8.1891420397448277e-05
-8.1243814001094944e-05
-8.0701208657406917e-05
-8.0094356364821058e-05
-7.9494618605607516e-05
-7.8961140717226098e-05
-7.8303825597114056e-05
-7.7795562428126420e-05
-7.7165842248478193e-05
-7.6621667022807197e-05
-7.6042378528006968e-05
-7.5462726599208972e-05
-7.4906984968855925e-05
-7.4319237445040061e-05
-7.3793623221669018e-05
-7.3173249760725596e-05
-7.2675544675401967e-05
-7.2056492743751850e-05
-7.1538043866576135e-05
-7.0959942139869764e-05
-7.0410516641321330e-05
-6.9862254410383537e-05
-6.9305417012434080e-05
-6.8766032885924573e-05
-6.8204833787605094e-05
-6.7677050949979461e-05
-6.7096134020843234e-05
-6.6602349952568169e-05
-6.5999180843642256e-05
-6.5520732287908733e-05
-6.4923899049201028e-05
-6.4440157075137131e-05
-6.3849724097949127e-05
-6.3367059204210509e-05
-6.2769505633251003e-05
-6.2304225622246680e-05
-6.1699975868658241e-05
-6.1236508442927837e-05
-6.0644730114355500e-05
-6.0171715977880421e-05
-5.9588585209897393e-05
-5.9110098242223311e-05
-5.8528038243105249e-05
-5.8057975211234849e-05
-5.7475222654793333e-05
-5.6996435700120894e-05
-5.6439619245778041e-05
-5.5934664189052888e-05
-5.5405677173398731e-05
-5.4880663865117802e-05
-5.4360694427760955e-05
-5.3830886345311035e-05
-5.3320307343735827e-05
-5.2778094446614553e-05
-5.2290898725199427e-05
-5.1720679756020582e-05
-5.1249952530078281e-05
-5.0679532911413756e-05
-5.0194277722284976e-05
-4.9652166160475656e-05
-4.9131295594778771e-05
-4.8626959380355464e-05
-4.8070140707209019e-05
-4.7594000313227450e-05
-4.7016096796496191e-05
-4.6528976234448002e-05
-4.5987654605617411e-05
-4.5467208842744690e-05
-4.4953654386635701e-05
-4.4404038244722246e-05
-4.3916383959106118e-05
-4.3338986343447948e-05
-4.2841670959342311e-05
-4.2300304339812112e-05
-4.1764614740796992e-05
-4.1259707444363581e-05
-4.0681307553550226e-05
-4.0175683992383465e-05
-3.9632769429645143e-05
-3.9086208852081101e-05
-3.8574563987420995e-05
-3.7987629342366057e-05
0.0000000000000000e+00
];
