%Vec Object:dSdr_b_aug_8430 1 MPI processes
%  type: seq
dSdr_b_aug_8430 = [
2.2875552495700836e+03
0.0000000000000000e+00
-6.8682582714902530e-07
-2.8300025969671543e-07
-1.7551756068473097e-07
-1.2422576806807937e-07
-9.2702473186696584e-08
-7.3212086110945224e-08
-6.0004347202842898e-08
-5.0096894767228515e-08
-4.2741074972016175e-08
-3.7101675414301056e-08
-3.2518123666032373e-08
-2.8806787076799696e-08
-2.5764103164488747e-08
-2.3200389911879309e-08
-2.1011877313792756e-08
-3.7140837509804341e-08
-3.6947609621786412e-04
-7.8260924304776548e-04
-7.4147882345575753e-04
-7.0268216231345309e-04
-6.6467424295223307e-04
-6.2680569546978465e-04
-5.8476680209060489e-04
-5.4417324053675578e-04
-5.0524388278832470e-04
-4.6592014940804582e-04
-4.2556235576712809e-04
-3.8241394312109496e-04
-3.4444072711335802e-04
-3.0793578082526091e-04
-2.7346786760044798e-04
-2.3711056842660644e-04
-2.0753537270243522e-04
-1.8179145849128934e-04
-1.5927198393138862e-04
-1.3800506878538054e-04
-1.2189745984229078e-04
-1.0968189720863955e-04
-1.0004281325649954e-04
-9.2277176879088847e-05
-8.7444748110068196e-05
-8.4506863321134843e-05
-8.2912702614822533e-05
-8.2557967269783613e-05
-8.3064026514402859e-05
-8.4079384711050376e-05
-8.5534400763490723e-05
-8.7493707075405588e-05
-8.9218367358551848e-05
-9.1024879097211761e-05
-9.2866035286991457e-05
-9.4640615824490159e-05
-9.6129451153523340e-05
-9.7465526989437903e-05
-9.8752239131505985e-05
-9.9793079626132712e-05
-1.0065074510227694e-04
-1.0134835603244972e-04
-1.0198016133905985e-04
-1.0240146226487532e-04
-1.0266378882889798e-04
-1.0288175258075664e-04
-1.0299472682213190e-04
-1.0297531439111618e-04
-1.0289790598685056e-04
-1.0276217601800841e-04
-1.0253623117153321e-04
-1.0225547795946748e-04
-1.0195782418816056e-04
-1.0160512146511301e-04
-1.0121873050691599e-04
-1.0077754064888246e-04
-1.0033800023688783e-04
-9.9870912094527419e-05
-9.9366075975942873e-05
-9.8874532640240984e-05
-9.8372320433258567e-05
-9.7806690785509610e-05
-9.7276756007519575e-05
-9.6744288530793259e-05
-9.6162938422334013e-05
-9.5621200635415791e-05
-9.5083652271496510e-05
-9.4460086017991477e-05
-9.3918926357116264e-05
-9.3359961988396370e-05
-9.2754629233092619e-05
-9.2214158116599290e-05
-9.1640637475283982e-05
-9.1038037575704719e-05
-9.0494021026503785e-05
-8.9901522312377748e-05
-8.9332362070777824e-05
-8.8797989696521822e-05
-8.8180280345428864e-05
-8.7638337067640811e-05
-8.7092584588310769e-05
-8.6465226527626226e-05
-8.5962468121465515e-05
-8.5389103316317095e-05
-8.4807895557887793e-05
-8.4304217061162797e-05
-8.3682976511202279e-05
-8.3163509205784055e-05
-8.2636737850731441e-05
-8.2038744919786638e-05
-8.1544221998990524e-05
-8.0968644439169781e-05
-8.0422688298509331e-05
-7.9922810155611649e-05
-7.9333500882365512e-05
-7.8842325547127790e-05
-7.8287218113394605e-05
-7.7761994813764585e-05
-7.7241912263222322e-05
-7.6691531534446938e-05
-7.6205866853771713e-05
-7.5634331495803776e-05
-7.5158049449621658e-05
-7.4621802440388919e-05
-7.4093618273128289e-05
-7.3626263532935833e-05
-7.3044531268031968e-05
-7.2599696556647852e-05
-7.2045284914820841e-05
-7.1565446848251147e-05
-7.1058810729283034e-05
-7.0547719601390114e-05
-7.0059779435533844e-05
-6.9544471911438282e-05
-6.9082597004138847e-05
-6.8538397466764024e-05
-6.8102696414503667e-05
-6.7559180935094931e-05
-6.7105287576535111e-05
-6.6598832092308144e-05
-6.6117156210934857e-05
-6.5637794666167609e-05
-6.5150754156739578e-05
-6.4678181287186834e-05
-6.4189156532855625e-05
-6.3726896809115555e-05
-6.3219390742273843e-05
-6.2790312796864948e-05
-6.2261297490882533e-05
-6.1846935553461284e-05
-6.1325049201539151e-05
-6.0903759279023385e-05
-6.0390905485796894e-05
-5.9970143895470765e-05
-5.9450535707864802e-05
-5.9046905044874327e-05
-5.8521098858888277e-05
-5.8119730498749859e-05
-5.7605621527960393e-05
-5.7195441063186703e-05
-5.6689952447562807e-05
-5.6275788564997120e-05
-5.5770640876026892e-05
-5.5366322240631888e-05
-5.4859521247561137e-05
-5.4447655057742372e-05
-5.3966543169120194e-05
-5.3529798276686875e-05
-5.3075433180030185e-05
-5.2621097297461900e-05
-5.2174252908907445e-05
-5.1717833810748677e-05
-5.1278528602959330e-05
-5.0812605688063412e-05
-5.0394330136633484e-05
-4.9904283432009249e-05
-4.9501051749356718e-05
-4.9010980148547963e-05
-4.8595627667995681e-05
-4.8131491592132870e-05
-4.7684758244739545e-05
-4.7255380108438066e-05
-4.6777160400709035e-05
-4.6372376609107184e-05
-4.5878242160859707e-05
-4.5462311225212803e-05
-4.5002696496662720e-05
-4.4558048701438020e-05
-4.4121913264327735e-05
-4.3654070675876310e-05
-4.3240193981672474e-05
-4.2749612402459879e-05
-4.2327711171735606e-05
-4.1868188714559231e-05
-4.1414335319998853e-05
-4.0986493642238587e-05
-4.0497138568267329e-05
-4.0069138841872893e-05
-3.9610220837886716e-05
-3.9149174448816240e-05
-3.8715903175663637e-05
-3.8221265888080825e-05
0.0000000000000000e+00
];
