%Vec Object:dSdr_b_aug_4530 1 MPI processes
%  type: seq
dSdr_b_aug_4530 = [
2.3424575759508930e+03
0.0000000000000000e+00
-9.9027189304833114e-07
-4.0861492805372395e-07
-2.5333040026924824e-07
-1.7969065379115755e-07
-1.3487426329948647e-07
-1.0717111385169957e-07
-8.8393211035658724e-08
-7.4245013081337737e-08
-6.3738729645748665e-08
-5.5685016527812974e-08
-4.9124061972119008e-08
-4.3808331037175992e-08
-3.9450164564747086e-08
-3.5774548377908285e-08
-3.2633129093513566e-08
-2.9952696585919715e-08
-2.7634967859717628e-08
-2.6568410055725409e-08
-3.3453612673018052e-05
-7.1305361206690525e-04
-6.8717338487278806e-04
-6.4829543242855598e-04
-6.0496707783221190e-04
-5.6316115185293416e-04
-5.2309499160898567e-04
-4.8263817919621301e-04
-4.4113883665660873e-04
-3.9680291296939830e-04
-3.5779057368214273e-04
-3.2030378125917175e-04
-2.8492156781527493e-04
-2.4761032840619470e-04
-2.1726411959010054e-04
-1.9085368423891295e-04
-1.6775298311168211e-04
-1.4593618452782623e-04
-1.2941171116529087e-04
-1.1687817293720153e-04
-1.0698126138330077e-04
-9.9001671389530122e-05
-9.4027518206232902e-05
-9.0992085742383963e-05
-8.9331351804266412e-05
-8.8936287732460203e-05
-8.9422424762161803e-05
-9.0429083745504466e-05
-9.1884832734249940e-05
-9.3849330910361099e-05
-9.5577727190438233e-05
-9.7390072623506060e-05
-9.9234294417544834e-05
-1.0100793175476127e-04
-1.0249281520306310e-04
-1.0382012535485079e-04
-1.0509188969576759e-04
-1.0611556700394318e-04
-1.0695322834963097e-04
-1.0762550449455350e-04
-1.0822760469340093e-04
-1.0861868415742972e-04
-1.0884739775679984e-04
-1.0902498375555647e-04
-1.0910097278730800e-04
-1.0904229040775761e-04
-1.0892133198579218e-04
-1.0874069330017727e-04
-1.0847118959169786e-04
-1.0814440596465659e-04
-1.0779770085460409e-04
-1.0739968264679550e-04
-1.0696777644689923e-04
-1.0647263889196089e-04
-1.0598659436582107e-04
-1.0547328313690884e-04
-1.0491365501617573e-04
-1.0437584535785284e-04
-1.0382754132074931e-04
-1.0320577219341713e-04
-1.0262943721764075e-04
-1.0205005947228720e-04
-1.0141415669868612e-04
-1.0082627461679144e-04
-1.0024224877786905e-04
-9.9563626271298135e-05
-9.8976507893816003e-05
-9.8370472279406225e-05
-9.7712361743288321e-05
-9.7126694305540718e-05
-9.6505361641490502e-05
-9.5851232702888277e-05
-9.5262408470580545e-05
-9.4620759996675793e-05
-9.4003247206043207e-05
-9.3424836108676643e-05
-9.2756379596585330e-05
-9.2168016612063642e-05
-9.1578109942349180e-05
-9.0899053530522352e-05
-9.0352770933669176e-05
-8.9733614078329571e-05
-8.9103731564277937e-05
-8.8557120002173183e-05
-8.7886251233016004e-05
-8.7322346752832057e-05
-8.6751656807904461e-05
-8.6104944823147075e-05
-8.5568289185930524e-05
-8.4944853520152835e-05
-8.4353847935170887e-05
-8.3811623009604966e-05
-8.3172939175892908e-05
-8.2640980345897772e-05
-8.2038602598580331e-05
-8.1469615256178689e-05
-8.0906113214812932e-05
-8.0308771372148831e-05
-7.9782242987263261e-05
-7.9162856771267700e-05
-7.8644855475235492e-05
-7.8064195724587149e-05
-7.7491002302718313e-05
-7.6982054212686087e-05
-7.6352778171558634e-05
-7.5868045148149270e-05
-7.5266262283852779e-05
-7.4745954306338803e-05
-7.4193617767167295e-05
-7.3639399936996014e-05
-7.3108810713440098e-05
-7.2547936360297833e-05
-7.2045967603347807e-05
-7.1453852492423721e-05
-7.0979149133607115e-05
-7.0388119068820129e-05
-6.9893618446710323e-05
-6.9342095430928555e-05
-6.8817803107183243e-05
-6.8295101064978417e-05
-6.7764156321491461e-05
-6.7249557265997839e-05
-6.6715132790788416e-05
-6.6211657160715338e-05
-6.5657973568363892e-05
-6.5188193628215390e-05
-6.4612533466816685e-05
-6.4157859221656270e-05
-6.3588829142974116e-05
-6.3128255103238144e-05
-6.2566601794107043e-05
-6.2106901266180588e-05
-6.1538263214277054e-05
-6.1095853360413648e-05
-6.0520703939668685e-05
-6.0080273505239467e-05
-5.9517308301864736e-05
-5.9067603676718777e-05
-5.8513275943837638e-05
-5.8058651019815915e-05
-5.7505123308115311e-05
-5.7059449588761609e-05
-5.6504872913668702e-05
-5.6050911674336088e-05
-5.5522179476397057e-05
-5.5042528470083069e-05
-5.4541224084964985e-05
-5.4042430116321684e-05
-5.3549588020043388e-05
-5.3047005195152125e-05
-5.2562866780322589e-05
-5.2048955337369705e-05
-5.1587327086219850e-05
-5.1046849799251820e-05
-5.0601161561772396e-05
-5.0060548841122566e-05
-4.9601225648850443e-05
-4.9088040865569326e-05
-4.8594673205026165e-05
-4.8118144427746281e-05
-4.7590483877715006e-05
-4.7140814920776943e-05
-4.6593987542170413e-05
-4.6133276541105445e-05
-4.5622266128019427e-05
-4.5129939595008732e-05
-4.4645105808302126e-05
-4.4125825844935862e-05
-4.3665541597316477e-05
-4.3120351098370477e-05
-4.2651013316992998e-05
-4.2140010035251391e-05
-4.1634681406246134e-05
-4.1158366263869644e-05
-4.0613004085492760e-05
-4.0136184374228568e-05
-3.9624444114489412e-05
-3.9109636909990163e-05
-3.8627151768545202e-05
-3.8074915698071136e-05
0.0000000000000000e+00
];
