%Vec Object:dSdr_b_aug_7690 1 MPI processes
%  type: seq
dSdr_b_aug_7690 = [
2.2967343406387845e+03
0.0000000000000000e+00
-7.3233252373152242e-07
-3.0311124756439779e-07
-1.8882551479029170e-07
-1.3432182053800831e-07
-1.0081706216925450e-07
-8.0097405446861541e-08
-6.6052722133449882e-08
-5.5492263263546333e-08
-4.7649076963935739e-08
-4.1635774847940507e-08
-3.6739362066805811e-08
-3.2772300243070491e-08
-2.9519560318049127e-08
-2.6776324008185946e-08
-2.4431875326463700e-08
-2.2625575413114013e-08
-2.8583909380432557e-05
-7.8047379637338006e-04
-7.4530165503952216e-04
-7.0635333488597264e-04
-6.6816069011611118e-04
-6.3011137293050282e-04
-5.8787369221179444e-04
-5.4709365319133892e-04
-5.0798945060650668e-04
-4.6849144542800364e-04
-4.2795807731397519e-04
-3.8462702105780937e-04
-3.4649398402859571e-04
-3.0983802616183116e-04
-2.7522949017500599e-04
-2.3872547147134725e-04
-2.0903169108769129e-04
-1.8318526346778038e-04
-1.6057639410006029e-04
-1.3922490459247514e-04
-1.2305318011953740e-04
-1.1078871166261118e-04
-1.0110997290449744e-04
-9.3311429697746936e-05
-8.8457203208380092e-05
-8.5504315237937221e-05
-8.3899915328142848e-05
-8.3538977275901871e-05
-8.4041972407039876e-05
-8.5055992627579746e-05
-8.6511121401620973e-05
-8.8471226233394134e-05
-9.0196461120003579e-05
-9.2003870095631592e-05
-9.3845497780184795e-05
-9.5619933244028748e-05
-9.7108160754089096e-05
-9.8442888390881385e-05
-9.9727301501564088e-05
-1.0076550222140678e-04
-1.0162009096971866e-04
-1.0231380529889889e-04
-1.0294104183360349e-04
-1.0335769457153048e-04
-1.0361485132299505e-04
-1.0382660481333191e-04
-1.0393389057974421e-04
-1.0390843827323520e-04
-1.0382433170347392e-04
-1.0368169459668421e-04
-1.0344905022553721e-04
-1.0316121735521988e-04
-1.0285601929668353e-04
-1.0249634687511728e-04
-1.0210295549539317e-04
-1.0165346827317554e-04
-1.0120677534801162e-04
-1.0073257791586357e-04
-1.0021931457666754e-04
-9.9720655301830866e-05
-9.9211353993530855e-05
-9.8637089878845019e-05
-9.8100018571857647e-05
-9.7560336115547769e-05
-9.6970595598684794e-05
-9.6421760642139895e-05
-9.5877063864390139e-05
-9.5245029749332447e-05
-9.4696801461906460e-05
-9.4130597355691491e-05
-9.3517147176722611e-05
-9.2969724693332481e-05
-9.2388850380645333e-05
-9.1778325118897287e-05
-9.1227416977132943e-05
-9.0627358843059120e-05
-9.0050761795567729e-05
-8.9509616097971346e-05
-8.8884101640988227e-05
-8.8335018835894108e-05
-8.7782475274219551e-05
-8.7147165811340296e-05
-8.6637713219236143e-05
-8.6057305426672472e-05
-8.5468611313685018e-05
-8.4958329555762381e-05
-8.4329456005246284e-05
-8.3803154101224359e-05
-8.3269627907981203e-05
-8.2664141809825337e-05
-8.2163138725017035e-05
-8.1580200415174719e-05
-8.1027315507222760e-05
-8.0520924276517066e-05
-7.9924021017340120e-05
-7.9426573034075237e-05
-7.8864195255671951e-05
-7.8332240888986446e-05
-7.7805480264932456e-05
-7.7247876748033400e-05
-7.6755927083648951e-05
-7.6177032092014362e-05
-7.5694333476375444e-05
-7.5151255628969746e-05
-7.4616148877786989e-05
-7.4142396932652392e-05
-7.3553352265540094e-05
-7.3102381052781958e-05
-7.2540683548615530e-05
-7.2054621067252502e-05
-7.1540956062000302e-05
-7.1023231895567162e-05
-7.0528732154942210e-05
-7.0006416292382558e-05
-6.9538374811464171e-05
-6.8986805690775347e-05
-6.8545105948985088e-05
-6.7994282560558298e-05
-6.7534143665002360e-05
-6.7020756638560961e-05
-6.6532526202052762e-05
-6.6046498740287388e-05
-6.5552705609663267e-05
-6.5073668970258182e-05
-6.4577661584493679e-05
-6.4109062716179234e-05
-6.3594454390128918e-05
-6.3159116342990739e-05
-6.2622926902404180e-05
-6.2202364800186883e-05
-6.1673227587170725e-05
-6.1245895641358578e-05
-6.0725536322531584e-05
-6.0298785801026656e-05
-5.9771636661848384e-05
-5.9362041639798352e-05
-5.8828646307579097e-05
-5.8421270082853226e-05
-5.7899646871824663e-05
-5.7483387475522857e-05
-5.6970387255908925e-05
-5.6550000350234069e-05
-5.6037411672407940e-05
-5.5626732511795441e-05
-5.5112583485384057e-05
-5.4694242967057005e-05
-5.4205806948571623e-05
-5.3762462990653118e-05
-5.3300878515758988e-05
-5.2839704878046590e-05
-5.2385785940163638e-05
-5.1922266764622126e-05
-5.1476066125076084e-05
-5.1002762486497176e-05
-5.0577819227323193e-05
-5.0080016221573694e-05
-4.9670254683241446e-05
-4.9172409805660126e-05
-4.8750294615886672e-05
-4.8278614835523301e-05
-4.7824709147803198e-05
-4.7388079283206886e-05
-4.6902255637893774e-05
-4.6490568623584244e-05
-4.5988330137548078e-05
-4.5565512245181278e-05
-4.5097993124255263e-05
-4.4646012704449247e-05
-4.4202387935233763e-05
-4.3726634892580696e-05
-4.3305621543431922e-05
-4.2806642185823863e-05
-4.2377446688812137e-05
-4.1910008500482101e-05
-4.1448241077080397e-05
-4.1012948394549349e-05
-4.0514985925618150e-05
-4.0079488461920509e-05
-3.9612466133854110e-05
-3.9143193648509393e-05
-3.8702472891708020e-05
-3.8199615163274227e-05
0.0000000000000000e+00
];
