%Vec Object:dSdr_b_aug_1260 1 MPI processes
%  type: seq
dSdr_b_aug_1260 = [
2.4483024455934496e+03
0.0000000000000000e+00
-2.0971240440169154e-06
-8.5655842603085259e-07
-5.2298189879912327e-07
-3.6741343681059010e-07
-2.7540478193136865e-07
-2.1859834611683308e-07
-1.8009899675266020e-07
-1.5094651939185122e-07
-1.2930791537506594e-07
-1.1272789440854519e-07
-9.9211231514981611e-08
-8.8261438981561485e-08
-7.9286554895581379e-08
-7.1718740807745526e-08
-6.5252240028773648e-08
-5.9735884075347964e-08
-5.4967086874501702e-08
-5.0759699023563079e-08
-4.7074063420989853e-08
-4.3823775135175573e-08
-4.0902107195596738e-08
-3.8290780260625756e-08
-3.7224586768605443e-08
-2.3742031447327166e-06
-3.0174456610798764e-04
-5.0306327675450581e-04
-4.6964513718859683e-04
-4.2373096395109016e-04
-3.8282197575467816e-04
-3.4349902651490083e-04
-3.0640274231112836e-04
-2.6730251272519582e-04
-2.3551029876706808e-04
-2.0784981463517233e-04
-1.8365903017015936e-04
-1.6081093167829539e-04
-1.4350463383282588e-04
-1.3037473589597585e-04
-1.1999427144884687e-04
-1.1161341368856115e-04
-1.0637345771681720e-04
-1.0315507538515593e-04
-1.0136948375603695e-04
-1.0089878322894711e-04
-1.0134755597505104e-04
-1.0233789929015656e-04
-1.0379502250455412e-04
-1.0576925757420500e-04
-1.0750466031938735e-04
-1.0932794644262824e-04
-1.1117791741866146e-04
-1.1294978548516161e-04
-1.1442725693972328e-04
-1.1573812687762281e-04
-1.1698185651826905e-04
-1.1797334403451936e-04
-1.1877348733325246e-04
-1.1939824787101200e-04
-1.1994463599030193e-04
-1.2027903498587005e-04
-1.2044470741075834e-04
-1.2054656495789758e-04
-1.2055318824040800e-04
-1.2042085512493144e-04
-1.2021821875367077e-04
-1.1995335390641774e-04
-1.1960215569063475e-04
-1.1918904219503077e-04
-1.1875034151351770e-04
-1.1826733430469895e-04
-1.1775006447171208e-04
-1.1715374830399935e-04
-1.1658048554214231e-04
-1.1598048315065483e-04
-1.1531809295591385e-04
-1.1469351106172524e-04
-1.1405876205466670e-04
-1.1333170369346952e-04
-1.1266834541981932e-04
-1.1200098774991219e-04
-1.1126277181544091e-04
-1.1058834639635591e-04
-1.0991715234878388e-04
-1.0913527222301874e-04
-1.0846195857288942e-04
-1.0776764115296862e-04
-1.0701054626329471e-04
-1.0634011343105176e-04
-1.0562910965324104e-04
-1.0487833837593999e-04
-1.0420547764717416e-04
-1.0347164915718769e-04
-1.0276345151465197e-04
-1.0210244610793268e-04
-1.0133881367816379e-04
-1.0066339089096725e-04
-9.9990673395751293e-05
-9.9214657158263681e-05
-9.8586745296657297e-05
-9.7881705879358051e-05
-9.7160534367168256e-05
-9.6533402293490626e-05
-9.5769456317334258e-05
-9.5122210385290828e-05
-9.4469151591214712e-05
-9.3731067534864475e-05
-9.3115392439881663e-05
-9.2402199404731727e-05
-9.1726704070411452e-05
-9.1105058212809196e-05
-9.0373772919263501e-05
-8.9765325092533831e-05
-8.9074292383999236e-05
-8.8423226059584494e-05
-8.7778291242421604e-05
-8.7092874345744297e-05
-8.6489706542745810e-05
-8.5780576571309734e-05
-8.5184331293950731e-05
-8.4520375947785717e-05
-8.3862768178148646e-05
-8.3275812239025595e-05
-8.2557368385913709e-05
-8.1997806546487266e-05
-8.1307179499122962e-05
-8.0710970684997555e-05
-8.0072923542389945e-05
-7.9437822096765817e-05
-7.8827245078958209e-05
-7.8180910684105275e-05
-7.7603746409562110e-05
-7.6921766218896468e-05
-7.6373914530153181e-05
-7.5693771445540866e-05
-7.5123112423138878e-05
-7.4487065824275440e-05
-7.3882846917526976e-05
-7.3278860340287224e-05
-7.2665573786592495e-05
-7.2072155189230279e-05
-7.1452584147667215e-05
-7.0871808663234783e-05
-7.0231519757907353e-05
-6.9685403816567039e-05
-6.9022261890496164e-05
-6.8491982518921831e-05
-6.7834535069591297e-05
-6.7300284289493635e-05
-6.6647108218688989e-05
-6.6114378358960940e-05
-6.5453785560185015e-05
-6.4938646009021390e-05
-6.4270954154343649e-05
-6.3757263514887055e-05
-6.3102669286265630e-05
-6.2578837863232702e-05
-6.1932913252851979e-05
-6.1402404471864238e-05
-6.0758140968465406e-05
-6.0234906685837337e-05
-5.9590727724644275e-05
-5.9057818200219112e-05
-5.8439775198092384e-05
-5.7879654859019881e-05
-5.7290317017961478e-05
-5.6708143124371255e-05
-5.6129033624247122e-05
-5.5539872105877617e-05
-5.4971650456930403e-05
-5.4367738107579542e-05
-5.3824803500813375e-05
-5.3189745499863707e-05
-5.2664431881975023e-05
-5.2029031446731957e-05
-5.1487243446635027e-05
-5.0882070362854728e-05
-5.0301242831869750e-05
-4.9736286121776133e-05
-4.9115902780331638e-05
-4.8582055573939463e-05
-4.7936407150539821e-05
-4.7391716229786472e-05
-4.6784319233020726e-05
-4.6202578253203434e-05
-4.5626419092275667e-05
-4.5010678535253759e-05
-4.4463369359841924e-05
-4.3815775664514559e-05
-4.3257490792008823e-05
-4.2649962031715403e-05
-4.2048128302797959e-05
-4.1480953513939344e-05
-4.0830629491052560e-05
-4.0262376672639621e-05
-3.9651801262085338e-05
-3.9036659706116134e-05
-3.8463257520513710e-05
-3.7810329555585443e-05
0.0000000000000000e+00
];
