%Vec Object:dSdr_b_aug_2190 1 MPI processes
%  type: seq
dSdr_b_aug_2190 = [
2.4035817178462271e+03
0.0000000000000000e+00
-1.5146584505969987e-06
-6.2189819784136095e-07
-3.8259003288620044e-07
-2.7012011114004855e-07
-2.0273246797966416e-07
-1.6110360442268776e-07
-1.3288799749157598e-07
-1.1156522604927332e-07
-9.5734530004115196e-08
-8.3602258112458400e-08
-7.3712505714328769e-08
-6.5699754052299672e-08
-5.9131270233709104e-08
-5.3591442916307128e-08
-4.8856641284112413e-08
-4.4817049501278495e-08
-4.1324360347868215e-08
-3.8241646413193768e-08
-3.5540925288626556e-08
-3.3160315619866643e-08
-4.2852014518721663e-08
-4.9867879469676822e-05
-6.0147392659735651e-04
-5.8314147152387183e-04
-5.4251971082502567e-04
-5.0085399203508548e-04
-4.5811208838729330e-04
-4.1248225342661556e-04
-3.7233761230100291e-04
-3.3378092456631592e-04
-2.9740241838778806e-04
-2.5905169135426892e-04
-2.2786532656081564e-04
-2.0072859780718413e-04
-1.7699454692446064e-04
-1.5457855285209787e-04
-1.3759983182634085e-04
-1.2471980283877053e-04
-1.1454194240961556e-04
-1.0632921201306584e-04
-1.0120062491868079e-04
-9.8058896908121803e-05
-9.6325619549115038e-05
-9.5886610078252643e-05
-9.6351038212670712e-05
-9.7348217747491279e-05
-9.8804765284912411e-05
-1.0077492079756341e-04
-1.0250738799998475e-04
-1.0432609017318319e-04
-1.0617365238523512e-04
-1.0794626184094148e-04
-1.0942683892484377e-04
-1.1074459722402198e-04
-1.1200007319952799e-04
-1.1300504796326463e-04
-1.1382091097690267e-04
-1.1446558010938078e-04
-1.1503531106586022e-04
-1.1539345864303520e-04
-1.1558554472289170e-04
-1.1571913177148234e-04
-1.1575481864406638e-04
-1.1565334448590100e-04
-1.1548493039664586e-04
-1.1525535550780163e-04
-1.1493838651113633e-04
-1.1456144440610170e-04
-1.1416128899009648e-04
-1.1371389136108800e-04
-1.1323238807507791e-04
-1.1267846477822369e-04
-1.1214174562387980e-04
-1.1157806600128530e-04
-1.1095873213233118e-04
-1.1037050697603110e-04
-1.0977197758564395e-04
-1.0908903442138146e-04
-1.0846213813012867e-04
-1.0783164325789334e-04
-1.0713629560673298e-04
-1.0649813106524577e-04
-1.0586345970850488e-04
-1.0512484357957179e-04
-1.0448764496617565e-04
-1.0383031681844645e-04
-1.0311469546381641e-04
-1.0247977855858821e-04
-1.0180634615534310e-04
-1.0109606712734173e-04
-1.0045841692027750e-04
-9.9763211006881049e-05
-9.9093009480493994e-05
-9.8466610329425442e-05
-9.7742855726707322e-05
-9.7103910183980778e-05
-9.6465889640367036e-05
-9.5730498648743587e-05
-9.5136788675563759e-05
-9.4467733225366303e-05
-9.3784810913325985e-05
-9.3191416147549034e-05
-9.2466468613075921e-05
-9.1854141935036835e-05
-9.1235594883446163e-05
-9.0535794832495502e-05
-8.9953228116662655e-05
-8.9277642541582094e-05
-8.8637547584955568e-05
-8.8049178319175896e-05
-8.7356692130929862e-05
-8.6780292442460363e-05
-8.6126405293534406e-05
-8.5509729256362705e-05
-8.4898913971791044e-05
-8.4250399657660971e-05
-8.3679343015612248e-05
-8.3007814795305133e-05
-8.2444352974299351e-05
-8.1815297661299148e-05
-8.1193058670666612e-05
-8.0638787248881735e-05
-7.9957703828770988e-05
-7.9429494521097237e-05
-7.8776092307920076e-05
-7.8211685190026896e-05
-7.7609549940502244e-05
-7.7008337925556941e-05
-7.6431274997103431e-05
-7.5820747509442084e-05
-7.5275089404593294e-05
-7.4630761787152438e-05
-7.4113558514093820e-05
-7.3470752894409577e-05
-7.2932003475523416e-05
-7.2331371409325383e-05
-7.1760640935178362e-05
-7.1190711757829257e-05
-7.0611925590368909e-05
-7.0051531581077317e-05
-6.9467636087865069e-05
-6.8919248453340050e-05
-6.8315246292784506e-05
-6.7801114352075698e-05
-6.7174626390514766e-05
-6.6676024785255903e-05
-6.6055623304892160e-05
-6.5552242310060294e-05
-6.4937413330987836e-05
-6.4435281992009200e-05
-6.3813217275135323e-05
-6.3328550693296398e-05
-6.2699633147075896e-05
-6.2216637745575359e-05
-6.1600435106130927e-05
-6.1107662004252736e-05
-6.0500115501881144e-05
-6.0001401220201448e-05
-5.9395155024106524e-05
-5.8904417749625749e-05
-5.8297781150878785e-05
-5.7797950058152716e-05
-5.7217327270527665e-05
-5.6690922644310658e-05
-5.6138469796901417e-05
-5.5591231097920501e-05
-5.5048266601971408e-05
-5.4495380496333977e-05
-5.3962388666712397e-05
-5.3396185559418473e-05
-5.2887317237710423e-05
-5.2291887315088787e-05
-5.1799935605511254e-05
-5.1204249903855320e-05
-5.0697013416967725e-05
-5.0130382039274676e-05
-4.9586198783031596e-05
-4.9058291881510468e-05
-4.8476757756787630e-05
-4.7978179584874437e-05
-4.7373935239927984e-05
-4.6864429956239744e-05
-4.6297416655187281e-05
-4.5753137856801733e-05
-4.5215241204993722e-05
-4.4639914319829969e-05
-4.4129064797750997e-05
-4.3524373278559198e-05
-4.3003351512581258e-05
-4.2436259485107865e-05
-4.1874851485245064e-05
-4.1345733127956602e-05
-4.0739367453557312e-05
-4.0209392222856706e-05
-3.9640169668626113e-05
-3.9066943570909417e-05
-3.8531287383063514e-05
-3.7918701575001854e-05
0.0000000000000000e+00
];
