%Vec Object:dSdr_b_aug_6470 1 MPI processes
%  type: seq
dSdr_b_aug_6470 = [
2.3108520239438903e+03
0.0000000000000000e+00
-7.9927988890286069e-07
-3.2911022268289292e-07
-2.0381636319039267e-07
-1.4418250313935935e-07
-1.0769462047747550e-07
-8.5138269041916128e-08
-6.9852310298373108e-08
-5.8371244047671761e-08
-4.9847288484939017e-08
-4.3312850941304906e-08
-3.7999260703373723e-08
-3.3696456791030033e-08
-3.0169017080608452e-08
-2.7196459570664243e-08
-2.4658459748414932e-08
-2.2493321430804505e-08
-5.9015473422832612e-08
-3.6589905419557803e-04
-7.5086973388439426e-04
-7.1302242299144667e-04
-6.7450654052332820e-04
-6.3612836504639201e-04
-5.9352885488558643e-04
-5.5240938946137256e-04
-5.1298693410165496e-04
-4.7317171916048001e-04
-4.3231877012126933e-04
-3.8865526564097619e-04
-3.5023132210676645e-04
-3.1330049267748152e-04
-2.7843599485537609e-04
-2.4166491691231034e-04
-2.1175528844776938e-04
-1.8572226566604091e-04
-1.6295067968175137e-04
-1.4144524825293692e-04
-1.2515682105280354e-04
-1.1280333396214921e-04
-1.0305241522278801e-04
-9.5193974748246807e-05
-9.0300071875432648e-05
-8.7319875001772436e-05
-8.5696837648305781e-05
-8.5324609567818583e-05
-8.5822027554079589e-05
-8.6833612548248168e-05
-8.8288946657796199e-05
-9.0250505114527595e-05
-9.1976786037849096e-05
-9.3785828300908179e-05
-9.5628314327694678e-05
-9.7402485845575942e-05
-9.8889607109246808e-05
-1.0022188085029055e-04
-1.0150210935229391e-04
-1.0253550523411872e-04
-1.0338449379535068e-04
-1.0407111559712108e-04
-1.0469003611374775e-04
-1.0509822827536943e-04
-1.0534597498386597e-04
-1.0554642460142495e-04
-1.0564335624853502e-04
-1.0560691019943217e-04
-1.0551061166406616e-04
-1.0535540221754600e-04
-1.0511056340207472e-04
-1.0480984416565530e-04
-1.0449091402110893e-04
-1.0411855537888163e-04
-1.0371242185483518e-04
-1.0324783178975683e-04
-1.0278811988012601e-04
-1.0230098213747351e-04
-1.0177237958679246e-04
-1.0126076789611947e-04
-1.0073856302120900e-04
-1.0014858246184101e-04
-9.9598521258455186e-05
-9.9045706109006726e-05
-9.8440693380692800e-05
-9.7878940167345099e-05
-9.7321231857369172e-05
-9.6673784548225540e-05
-9.6112689956240568e-05
-9.5533308088305757e-05
-9.4905082581153057e-05
-9.4345007227648038e-05
-9.3750747768902939e-05
-9.3125796768055315e-05
-9.2562344556006501e-05
-9.1948526770467871e-05
-9.1358393253538256e-05
-9.0804918758131863e-05
-9.0165197450412657e-05
-8.9603119281696773e-05
-8.9038214596044504e-05
-8.8388431992477361e-05
-8.7866794646877409e-05
-8.7273567196440927e-05
-8.6671246393008478e-05
-8.6148945352483146e-05
-8.5506178185215746e-05
-8.4967435916960109e-05
-8.4421614539038347e-05
-8.3802489347704768e-05
-8.3289691039790747e-05
-8.2693354661922825e-05
-8.2127857981165804e-05
-8.1609611597847857e-05
-8.0998885732514879e-05
-8.0490020244321719e-05
-7.9914408951105314e-05
-7.9370202663045777e-05
-7.8831286575907323e-05
-7.8260536104687701e-05
-7.7757146478663787e-05
-7.7164855444564315e-05
-7.6670477353234126e-05
-7.6114965976336758e-05
-7.5567258699098618e-05
-7.5081862523085366e-05
-7.4479507779750027e-05
-7.4017366867368061e-05
-7.3442407593038726e-05
-7.2945015389434261e-05
-7.2418556360412164e-05
-7.1888758691545989e-05
-7.1382319166301910e-05
-7.0847246677156154e-05
-7.0367980750368273e-05
-6.9802997461410093e-05
-6.9350378853847360e-05
-6.8786253553512294e-05
-6.8314746476467929e-05
-6.7788742598294077e-05
-6.7288581500778380e-05
-6.6790420674963874e-05
-6.6284336358791735e-05
-6.5793534299286548e-05
-6.5284817058134157e-05
-6.4804679607814725e-05
-6.4277143673856905e-05
-6.3830410913284970e-05
-6.3281163030302941e-05
-6.2849315305501578e-05
-6.2306979985267072e-05
-6.1868650258382958e-05
-6.1334629283488063e-05
-6.0896977610447884e-05
-6.0356102322910666e-05
-5.9935650865636324e-05
-5.9388441649554000e-05
-5.8970129788785953e-05
-5.8434829024897867e-05
-5.8007504621945713e-05
-5.7480831632623916e-05
-5.7049117427729774e-05
-5.6522984495261008e-05
-5.6100727734098285e-05
-5.5573203628233183e-05
-5.5143078339815338e-05
-5.4641310724782412e-05
-5.4185954919473502e-05
-5.3711229484907932e-05
-5.3237609498895512e-05
-5.2770813178197845e-05
-5.2294370128616644e-05
-5.1835618084517034e-05
-5.1348879679611432e-05
-5.0911799454010297e-05
-5.0399877977304591e-05
-4.9978230305133818e-05
-4.9466235956441117e-05
-4.9031810675587164e-05
-4.8546399158310848e-05
-4.8079437606743450e-05
-4.7629607276404829e-05
-4.7129941945713983e-05
-4.6705688550783841e-05
-4.6188697767177350e-05
-4.5753342700954237e-05
-4.5271434186215133e-05
-4.4806104759414052e-05
-4.4348845299173366e-05
-4.3858690445021956e-05
-4.3424682990070854e-05
-4.2910412933355580e-05
-4.2467933874320145e-05
-4.1986078727741110e-05
-4.1509894127433882e-05
-4.1061021790756664e-05
-4.0547365712142322e-05
-4.0098177733707222e-05
-3.9616325525044449e-05
-3.9131912891415505e-05
-3.8677162559277213e-05
-3.8156839607573759e-05
0.0000000000000000e+00
];
