%Vec Object:dSdr_b_aug_2250 1 MPI processes
%  type: seq
dSdr_b_aug_2250 = [
2.4017401863699979e+03
0.0000000000000000e+00
-1.4945352159952201e-06
-6.1352987335261386e-07
-3.7740354839118484e-07
-2.6640053968405481e-07
-1.9986711059446106e-07
-1.5876577871983565e-07
-1.3090814881245654e-07
-1.0986087972883665e-07
-9.4235031949301260e-08
-8.2259761981922789e-08
-7.2499375909940274e-08
-6.4591808942171667e-08
-5.8109636024226511e-08
-5.2642985062560446e-08
-4.7971122212828283e-08
-4.3985297802309520e-08
-4.0539200680646957e-08
-3.7497936063190758e-08
-3.4833578046880703e-08
-3.2486580902452907e-08
-5.7575350843122193e-08
-8.8521386389499946e-05
-6.1030110805113580e-04
-5.8265097269125142e-04
-5.4182377295166435e-04
-5.0019347806304012e-04
-4.5749622061008239e-04
-4.1191330702345974e-04
-3.7180975063653293e-04
-3.3329188541620676e-04
-2.9694953120434550e-04
-2.5863652355524860e-04
-2.2748064509971335e-04
-2.0037027100748550e-04
-1.7665920218384762e-04
-1.5426495082813694e-04
-1.3730271286965971e-04
-1.2443525682913551e-04
-1.1426759106200123e-04
-1.0606332052593258e-04
-1.0094033731159893e-04
-9.7802466409944124e-05
-9.6071821414310399e-05
-9.5634406585587179e-05
-9.6099622477252038e-05
-9.7097146005012451e-05
-9.8553664582354456e-05
-1.0052361482605250e-04
-1.0225593432353568e-04
-1.0407440584663829e-04
-1.0592184685960546e-04
-1.0769449362571577e-04
-1.0917522698377741e-04
-1.1049333189688152e-04
-1.1174939893030454e-04
-1.1275505235115317e-04
-1.1357170635527840e-04
-1.1421737725472612e-04
-1.1478828278275786e-04
-1.1514762534755645e-04
-1.1534104051645433e-04
-1.1547622413756360e-04
-1.1551337343875705e-04
-1.1541345204863672e-04
-1.1524675996365239e-04
-1.1501896080247801e-04
-1.1470371415892372e-04
-1.1432859213339388e-04
-1.1393037624587760e-04
-1.1348477042695131e-04
-1.1300506684926116e-04
-1.1245327668508693e-04
-1.1191839633921448e-04
-1.1135654441282830e-04
-1.1073937706023092e-04
-1.1015298130930794e-04
-1.0955627443214677e-04
-1.0887555110164228e-04
-1.0825048950810174e-04
-1.0762184950196016e-04
-1.0692865890197181e-04
-1.0629231893921207e-04
-1.0565948533524934e-04
-1.0492304616926085e-04
-1.0428766479636177e-04
-1.0363219787912374e-04
-1.0291866339490146e-04
-1.0228553358425083e-04
-1.0161399170200301e-04
-1.0090575016807064e-04
-1.0026987168833566e-04
-9.9576609190624645e-05
-9.8908319557649733e-05
-9.8283661728497038e-05
-9.7561913703508209e-05
-9.6924803628178416e-05
-9.6288528971931860e-05
-9.5555182168498415e-05
-9.4963193171990250e-05
-9.4295948368755344e-05
-9.3614950685438523e-05
-9.3023253518247458e-05
-9.2300268312907991e-05
-9.1689698706785391e-05
-9.1072888221849625e-05
-9.0375014550852901e-05
-8.9794113786981710e-05
-8.9120420549300327e-05
-8.8482106873746436e-05
-8.7895412024005705e-05
-8.7204878134485958e-05
-8.6630091048496544e-05
-8.5978072994867755e-05
-8.5363127412747063e-05
-8.4754028959315816e-05
-8.4107371514244986e-05
-8.3537930645714514e-05
-8.2868294475269629e-05
-8.2306482256395429e-05
-8.1679183047715347e-05
-8.1058723747800374e-05
-8.0506096949605656e-05
-7.9826893436492409e-05
-7.9300261729265217e-05
-7.8648732599907072e-05
-7.8085925683486578e-05
-7.7485597452933176e-05
-7.6886090690310386e-05
-7.6310714127645073e-05
-7.5701988376077812e-05
-7.5157915602078664e-05
-7.4515482591117608e-05
-7.3999821488190116e-05
-7.3358894619180722e-05
-7.2821750830919681e-05
-7.2222900756841038e-05
-7.1653855356920994e-05
-7.1085639883091949e-05
-7.0508589709319960e-05
-6.9949857434164296e-05
-6.9367757066429446e-05
-6.8820999126328812e-05
-6.8218822845276294e-05
-6.7706300277816154e-05
-6.7081656673293830e-05
-6.6584649031852471e-05
-6.5966111633158390e-05
-6.5464283945694209e-05
-6.4851384518049637e-05
-6.4350792836524140e-05
-6.3730666777744022e-05
-6.3247533535416435e-05
-6.2620567036467497e-05
-6.2139116158107908e-05
-6.1524845307646230e-05
-6.1033634997969588e-05
-6.0428019605567493e-05
-5.9930905158498499e-05
-5.9326571916740319e-05
-5.8837469824970669e-05
-5.8232722281237486e-05
-5.7734555626327472e-05
-5.7155815746327086e-05
-5.6631107623411939e-05
-5.6080510750906316e-05
-5.5535029915685844e-05
-5.4993884157965578e-05
-5.4442823351398201e-05
-5.3911604207351800e-05
-5.3347298544216545e-05
-5.2840144358347944e-05
-5.2246708428831284e-05
-5.1756435408430390e-05
-5.1162748055847188e-05
-5.0657250111811917e-05
-5.0092558052814395e-05
-4.9550218636345355e-05
-4.9024175975989975e-05
-4.8444596629808911e-05
-4.7947793082263917e-05
-4.7345632057537617e-05
-4.6837897184422355e-05
-4.6272915838462644e-05
-4.5730521974896538e-05
-4.5194550509574282e-05
-4.4621257027638687e-05
-4.4112241916488646e-05
-4.3509708936481297e-05
-4.2990561897571156e-05
-4.2425504192000915e-05
-4.1866129815458610e-05
-4.1338925632182945e-05
-4.0734770707802076e-05
-4.0206719650135803e-05
-3.9639574466154094e-05
-3.9068450161760427e-05
-3.8534672667019614e-05
-3.7924006886146396e-05
0.0000000000000000e+00
];
