%Vec Object:dSdr_b_aug_4500 1 MPI processes
%  type: seq
dSdr_b_aug_4500 = [
2.3428498384799113e+03
0.0000000000000000e+00
-9.9291157440854846e-07
-4.0970622233071537e-07
-2.5400468327177965e-07
-1.8017071168989872e-07
-1.3523955578694693e-07
-1.0746551338212560e-07
-8.8639523564294298e-08
-7.4454647230641067e-08
-6.3921109953575443e-08
-5.5846507445865261e-08
-4.9268428926794128e-08
-4.3938797601440309e-08
-3.9569229194266820e-08
-3.5883969639872034e-08
-3.2734280547305571e-08
-3.0046786750820409e-08
-2.7722942489270921e-08
-2.6491116033030363e-08
-2.8770582738296142e-05
-7.1141064772895066e-04
-6.8739187840572097e-04
-6.4852383371000470e-04
-6.0518212164453722e-04
-5.6336329768926711e-04
-5.2328503528043717e-04
-4.8281616007045050e-04
-4.4130466455185793e-04
-3.9695609856983324e-04
-3.5793269673046915e-04
-3.2043545153029605e-04
-2.8504350440578154e-04
-2.4772210930688193e-04
-2.1736769225143998e-04
-1.9095016108671879e-04
-1.6784327219574838e-04
-1.4602061953186430e-04
-1.2949170821526695e-04
-1.1695478480759092e-04
-1.0705512841202148e-04
-9.9073260660741369e-05
-9.4097598674896824e-05
-9.1061127715993584e-05
-8.9399685037729751e-05
-8.9004191625836920e-05
-8.9490116563969914e-05
-9.0496682936128014e-05
-9.1952439728685677e-05
-9.3916993178296671e-05
-9.5645429232749370e-05
-9.7457836772262834e-05
-9.9302091203378650e-05
-1.0107571849981877e-04
-1.0256055987674911e-04
-1.0388777670918776e-04
-1.0515938191571323e-04
-1.0618287648064360e-04
-1.0702032486150890e-04
-1.0769233129122182e-04
-1.0829411524826509e-04
-1.0868487297324600e-04
-1.0891322872762219e-04
-1.0909038486306607e-04
-1.0916598014867925e-04
-1.0910687969953825e-04
-1.0898545764209267e-04
-1.0880434085641248e-04
-1.0853437341841347e-04
-1.0820709974954226e-04
-1.0785987243673771e-04
-1.0746137179837347e-04
-1.0702898104123536e-04
-1.0653326915675619e-04
-1.0604672954578604e-04
-1.0553292622380366e-04
-1.0497271478501665e-04
-1.0443441257348702e-04
-1.0388561784075791e-04
-1.0326325105006273e-04
-1.0268642209570221e-04
-1.0210654494162859e-04
-1.0147006139790648e-04
-1.0088168806191990e-04
-1.0029716742167795e-04
-9.9617958783930483e-05
-9.9030351127931139e-05
-9.8423814390991523e-05
-9.7765141980289880e-05
-9.7178993380569315e-05
-9.6557151707610007e-05
-9.5902474188622441e-05
-9.5313172931720918e-05
-9.4671001207324349e-05
-9.4052973653390538e-05
-9.3474093717865641e-05
-9.2805096949226577e-05
-9.2216239778473646e-05
-9.1625863041380404e-05
-9.0946256246646684e-05
-9.0399510289326256e-05
-8.9779865929780296e-05
-8.9149465222090435e-05
-8.8602396592710715e-05
-8.7930999479259779e-05
-8.7366621918907774e-05
-8.6795464414717930e-05
-8.6148233764720664e-05
-8.5611129580732243e-05
-8.4987184415374659e-05
-8.4395699232019922e-05
-8.3853023480703708e-05
-8.3213814003209500e-05
-8.2681420990233522e-05
-8.2078540001073407e-05
-8.1509086744660630e-05
-8.0945122457462930e-05
-8.0347280664617451e-05
-7.9820317242925714e-05
-7.9200421604494250e-05
-7.8681976163428222e-05
-7.8100843592724255e-05
-7.7527171000329841e-05
-7.7017780105594243e-05
-7.6387997911266559e-05
-7.5902840128590048e-05
-7.5300552948105273e-05
-7.4779814126058842e-05
-7.4226991058088830e-05
-7.3672314099111218e-05
-7.3141270831693738e-05
-7.2579911372035034e-05
-7.2077515774095492e-05
-7.1484890551737600e-05
-7.1009771972563508e-05
-7.0418236065302142e-05
-6.9923303136411061e-05
-6.9371300329599972e-05
-6.8846554309216526e-05
-6.8323390862043065e-05
-6.7791978712037929e-05
-6.7276932243777275e-05
-6.6742024440973895e-05
-6.6238110024418678e-05
-6.5683934823984973e-05
-6.5213721568419572e-05
-6.4637564823668168e-05
-6.4182461411772102e-05
-6.3612929438672307e-05
-6.3151937178316064e-05
-6.2589764347189064e-05
-6.2129649273427707e-05
-6.1560489247177141e-05
-6.1117666548120902e-05
-6.0541991816882538e-05
-6.0101145525643496e-05
-5.9537660196344217e-05
-5.9087534794964700e-05
-5.8532687118351903e-05
-5.8077631443963767e-05
-5.7523588676032384e-05
-5.7077474688251233e-05
-5.6522389390736518e-05
-5.6067980005185391e-05
-5.5538740838850982e-05
-5.5058633051617705e-05
-5.4556828948209416e-05
-5.4057561676199008e-05
-5.3564229885615709e-05
-5.3061155598904027e-05
-5.2576539886966926e-05
-5.2062117555132177e-05
-5.1600027768248584e-05
-5.1059013593971591e-05
-5.0612873360945320e-05
-5.0071722575928821e-05
-4.9611931268008790e-05
-4.9098224308310461e-05
-4.8604360174860366e-05
-4.8127329427564581e-05
-4.7599142525579286e-05
-4.7148995716250347e-05
-4.6601607362933090e-05
-4.6140419627281140e-05
-4.5628862048661510e-05
-4.5136027919928674e-05
-4.4650675681447074e-05
-4.4130848104843799e-05
-4.3670069789521872e-05
-4.3124297907688450e-05
-4.2654455096549674e-05
-4.2142903723205615e-05
-4.1637027052540148e-05
-4.1160195810146870e-05
-4.0614237301749365e-05
-4.0136897725682566e-05
-3.9624594888451758e-05
-3.9109214850476942e-05
-3.8626204373298259e-05
-3.8073347557168009e-05
0.0000000000000000e+00
];
