%Vec Object:dSdr_b_aug_8600 1 MPI processes
%  type: seq
dSdr_b_aug_8600 = [
2.2837682709880528e+03
0.0000000000000000e+00
-6.7162047566314157e-07
-2.7730001822062338e-07
-1.7237218950191522e-07
-1.2227184392707405e-07
-9.1435355242712356e-08
-7.2367382270183868e-08
-5.9444835800353078e-08
-4.9746089013800826e-08
-4.2544440381320239e-08
-3.7023207553924333e-08
-3.2533210146490561e-08
-2.8896997968903875e-08
-2.5915886319000505e-08
-2.3403364989011840e-08
-2.1258078408357038e-08
-1.4989732706414936e-07
-5.7789251298800146e-04
-7.8217089457457728e-04
-7.4076118743456032e-04
-7.0199832320000605e-04
-6.6402486478057087e-04
-6.2618998781227727e-04
-5.8418812012516657e-04
-5.4362929144046411e-04
-5.0473249989424593e-04
-4.6544122598745529e-04
-4.2511613445799656e-04
-3.8200174061199255e-04
-3.4405829251798841e-04
-3.0758147331936799e-04
-2.7313975218788797e-04
-2.3680978068594483e-04
-2.0725667229240389e-04
-1.8153185201524568e-04
-1.5902902806727478e-04
-1.3777786551550378e-04
-1.2168219854769706e-04
-1.0947574500270023e-04
-9.9844047068555842e-05
-9.2084539842299018e-05
-8.7256171058886612e-05
-8.4321080714018539e-05
-8.2728827120340207e-05
-8.2375247055650104e-05
-8.2881876991885940e-05
-8.3897484373365391e-05
-8.5352479407074672e-05
-8.7311636965239917e-05
-8.9036190203139310e-05
-9.0842534804475291e-05
-9.2683603156201722e-05
-9.4458210697435352e-05
-9.5947159221784881e-05
-9.7283486155855641e-05
-9.8570626496838863e-05
-9.9611958657883890e-05
-1.0047019718701649e-04
-1.0116853387896970e-04
-1.0180119014449109e-04
-1.0222335682275992e-04
-1.0248664629602600e-04
-1.0270576674938841e-04
-1.0281980050589934e-04
-1.0280151304163357e-04
-1.0272535221623112e-04
-1.0259090874913484e-04
-1.0236621173524728e-04
-1.0208677715852341e-04
-1.0179052856437494e-04
-1.0143912399659414e-04
-1.0105403691648587e-04
-1.0061439250240425e-04
-1.0017618429715043e-04
-9.9710420310936316e-05
-9.9207153823597469e-05
-9.8716935882875762e-05
-9.8216044072281045e-05
-9.7652022657410676e-05
-9.7123417109929927e-05
-9.6592293475817107e-05
-9.6012506142763594e-05
-9.5472090255473895e-05
-9.4935873336288539e-05
-9.4313884284926374e-05
-9.3774041207755809e-05
-9.3216425293672658e-05
-9.2612604468900336e-05
-9.2073428095728284e-05
-9.1501277130050506e-05
-9.0900153388731784e-05
-9.0357420449725697e-05
-8.9766329734043259e-05
-8.9198554652914738e-05
-8.8665443860625994e-05
-8.8049188269034365e-05
-8.7508574781585842e-05
-8.6964087191777903e-05
-8.6338210139846766e-05
-8.5836698575869429e-05
-8.5264645582056972e-05
-8.4684832217541710e-05
-8.4182383632128887e-05
-8.3562564790402405e-05
-8.3044370484668700e-05
-8.2518857273258754e-05
-8.1922260005446771e-05
-8.1428944068448003e-05
-8.0854737508367862e-05
-8.0310071907400521e-05
-7.9811406880676909e-05
-7.9223512049365986e-05
-7.8733505046720204e-05
-7.8179751774357323e-05
-7.7655782191605107e-05
-7.7136943487562099e-05
-7.6587908062750770e-05
-7.6103414012754892e-05
-7.5533249447506294e-05
-7.5058162540945369e-05
-7.4523187832338650e-05
-7.3996293054137368e-05
-7.3530129847307774e-05
-7.2949759578541486e-05
-7.2506067842647759e-05
-7.1953013253983205e-05
-7.1474334537771753e-05
-7.0969007608422008e-05
-7.0459151940664082e-05
-6.9972433551887235e-05
-6.9458431390776221e-05
-6.8997705061253254e-05
-6.8454878171967523e-05
-6.8020294428418104e-05
-6.7478140110266874e-05
-6.7025410038071411e-05
-6.6520245614354057e-05
-6.6039790576951610e-05
-6.5561670618480497e-05
-6.5075887844968236e-05
-6.4604518910943843e-05
-6.4116794734411046e-05
-6.3655715734442077e-05
-6.3149532527713334e-05
-6.2721620584618062e-05
-6.2193941527203213e-05
-6.1780734429129703e-05
-6.1260198617759277e-05
-6.0840034080570323e-05
-6.0328578262181292e-05
-5.9908932169780740e-05
-5.9390728556916780e-05
-5.8988208816396844e-05
-5.8463816183257345e-05
-5.8063566850629610e-05
-5.7550857482795553e-05
-5.7141809284324444e-05
-5.6637719782831380e-05
-5.6224715007111023e-05
-5.5720953282296622e-05
-5.5317819367447032e-05
-5.4812387028032726e-05
-5.4401726758857003e-05
-5.3921979075455273e-05
-5.3486463341529596e-05
-5.3033442943739147e-05
-5.2580380682718829e-05
-5.2134854023390322e-05
-5.1679757412981147e-05
-5.1241736579767733e-05
-5.0777188433438725e-05
-5.0360154850621535e-05
-4.9871552879871270e-05
-4.9469537501961786e-05
-4.8980913811221756e-05
-4.8566821022763029e-05
-4.8104090116260224e-05
-4.7658692780748916e-05
-4.7230665457123921e-05
-4.6753862181932359e-05
-4.6350364328720345e-05
-4.5857739507065154e-05
-4.5443091536804068e-05
-4.4984949318845757e-05
-4.4541667586873646e-05
-4.4106927463965458e-05
-4.3640558710828107e-05
-4.3228011833890117e-05
-4.2738995120606146e-05
-4.2318453426714121e-05
-4.1860406570297783e-05
-4.1408028927684149e-05
-4.0981577504204600e-05
-4.0493829353531319e-05
-4.0067232223809885e-05
-3.9609834767325590e-05
-3.9150344093514657e-05
-3.8718526567988903e-05
-3.8225772775420248e-05
0.0000000000000000e+00
];
