%Vec Object:dSdr_b_aug_1380 1 MPI processes
%  type: seq
dSdr_b_aug_1380 = [
2.4411411470031312e+03
0.0000000000000000e+00
-1.9904161001982235e-06
-8.1446443528032200e-07
-4.9841013151119971e-07
-3.5080754857781941e-07
-2.6329589847255198e-07
-2.0925883886117573e-07
-1.7263443654271257e-07
-1.4489943241376248e-07
-1.2431077912575459e-07
-1.0853453549969202e-07
-9.5668806603698929e-08
-8.5244773617373957e-08
-7.6700307200238477e-08
-6.9493805292788328e-08
-6.3334345073597499e-08
-5.8079577502370154e-08
-5.3536446641981590e-08
-4.9526681133957246e-08
-4.6013950028715060e-08
-4.2916064184876355e-08
-4.0130362716223531e-08
-3.7648942917775422e-08
-6.0424116030138117e-08
-3.4052294411891200e-05
-4.9939780543445010e-04
-5.0928517486365464e-04
-4.6822415087990465e-04
-4.2196797953376631e-04
-3.8115009697476033e-04
-3.4194647270160733e-04
-3.0496448884152782e-04
-2.6598396923471123e-04
-2.3428856279671529e-04
-2.0671177693922107e-04
-1.8259398220780835e-04
-1.5981493802388338e-04
-1.4256099010249255e-04
-1.2947102365089402e-04
-1.1912293729925422e-04
-1.1076894792676269e-04
-1.0554678976315991e-04
-1.0234065750242883e-04
-1.0056342615736189e-04
-1.0009779011591566e-04
-1.0054906468724192e-04
-1.0154050043825406e-04
-1.0299753159502924e-04
-1.0497111465358232e-04
-1.0670604821781761e-04
-1.0852860173108479e-04
-1.1037818771622205e-04
-1.1215017422086361e-04
-1.1362814194619971e-04
-1.1494011267526867e-04
-1.1618571946174764e-04
-1.1717936234130497e-04
-1.1798201777577250e-04
-1.1860995987583824e-04
-1.1916007838433187e-04
-1.1949827261325811e-04
-1.1966816617758567e-04
-1.1977509439007105e-04
-1.1978636230038961e-04
-1.1965896073123880e-04
-1.1946179339948644e-04
-1.1920256821773377e-04
-1.1885684015173997e-04
-1.1844950718481752e-04
-1.1801696640117424e-04
-1.1753964993933940e-04
-1.1702809593909112e-04
-1.1643855455601190e-04
-1.1587113180980304e-04
-1.1527693414196475e-04
-1.1462142476018978e-04
-1.1400265301920950e-04
-1.1337369225244235e-04
-1.1265368392071387e-04
-1.1199615261216800e-04
-1.1133468596207265e-04
-1.1060332078403631e-04
-1.0993469019336189e-04
-1.0926933281508460e-04
-1.0849436668625973e-04
-1.0782682455916461e-04
-1.0713841837440869e-04
-1.0638795134967314e-04
-1.0572319429842805e-04
-1.0501819478279837e-04
-1.0427389455271177e-04
-1.0360666079944133e-04
-1.0287900456526942e-04
-1.0217687907904582e-04
-1.0152140411648128e-04
-1.0076414457903276e-04
-1.0009455122527534e-04
-9.9427378638288497e-05
-9.8657854708822111e-05
-9.8035408639700073e-05
-9.7336119814147581e-05
-9.6621060905638343e-05
-9.5999320391206431e-05
-9.5241606755284476e-05
-9.4599941269239005e-05
-9.3952397797040640e-05
-9.3220431907570464e-05
-9.2610047863663915e-05
-9.1902864876940453e-05
-9.1233026877977300e-05
-9.0616698954082994e-05
-8.9891614146405332e-05
-8.9288287934664775e-05
-8.8603191459555748e-05
-8.7957621049169189e-05
-8.7318138877173697e-05
-8.6638619384446042e-05
-8.6040583269432152e-05
-8.5337462436730903e-05
-8.4746456287295482e-05
-8.4088078319350285e-05
-8.3436122838364757e-05
-8.2854390216810948e-05
-8.2141916939135716e-05
-8.1587365553524222e-05
-8.0902687412169036e-05
-8.0311560833630144e-05
-7.9679252776971522e-05
-7.9049567208459937e-05
-7.8444346084901009e-05
-7.7803733999764208e-05
-7.7231604735195994e-05
-7.6555641811053998e-05
-7.6012688055783806e-05
-7.5338511881524123e-05
-7.4772952344206704e-05
-7.4142565353539167e-05
-7.3543698245929917e-05
-7.2945154395107648e-05
-7.2337381362229429e-05
-7.1749240439632038e-05
-7.1135370723285216e-05
-7.0559771158553870e-05
-6.9925281255930633e-05
-6.9384276697191565e-05
-6.8726992461734572e-05
-6.8201775536015283e-05
-6.7550248426112176e-05
-6.7020930971625046e-05
-6.6373883175659934e-05
-6.5846043294252751e-05
-6.5191607698087022e-05
-6.4681338064661890e-05
-6.4019842766492848e-05
-6.3511057570095862e-05
-6.2862598740745279e-05
-6.2343730790579183e-05
-6.1703939431073394e-05
-6.1178511777892013e-05
-6.0540323873072980e-05
-6.0022282993774081e-05
-5.9384103738989186e-05
-5.8856480544704059e-05
-5.8244417738722493e-05
-5.7689685585464128e-05
-5.7106242419558675e-05
-5.6529651611503694e-05
-5.5956318544804355e-05
-5.5372954310110113e-05
-5.4810362859112466e-05
-5.4212476956558526e-05
-5.3674986628969016e-05
-5.3046261754121091e-05
-5.2526279882511263e-05
-5.1897226461097035e-05
-5.1360960363331546e-05
-5.0761946884095835e-05
-5.0186975762362244e-05
-4.9627940308758494e-05
-4.9013765836857336e-05
-4.8485555405176807e-05
-4.7846524272113077e-05
-4.7307456954740336e-05
-4.6706514373131595e-05
-4.6130761056612689e-05
-4.5560717633415580e-05
-4.4951436823859701e-05
-4.4409955803698491e-05
-4.3769220272822945e-05
-4.3216892963797138e-05
-4.2615829810098264e-05
-4.2020461231919717e-05
-4.1459375027138546e-05
-4.0816086352445251e-05
-4.0253967605376217e-05
-3.9650031604125263e-05
-3.9041654269123587e-05
-3.8474469354166086e-05
-3.7828974876752537e-05
0.0000000000000000e+00
];
