%Vec Object:dSdr_b_aug_8060 1 MPI processes
%  type: seq
dSdr_b_aug_8060 = [
2.2935094566559628e+03
0.0000000000000000e+00
-7.1667970966329216e-07
-2.9646249395252353e-07
-1.8459241885793190e-07
-1.3122461418881946e-07
-9.8406961048313561e-08
-7.8112665583648670e-08
-6.4357023231586262e-08
-5.4018601939879707e-08
-4.6340769343994473e-08
-4.0454346124637342e-08
-3.5662755332642978e-08
-3.1781064704490721e-08
-2.8598456542424354e-08
-2.5914819819640480e-08
-2.3621772218091576e-08
-2.2580059297091853e-08
-9.4034199000491312e-05
-7.8296482702040163e-04
-7.4328467712595609e-04
-7.0440779752526240e-04
-6.6631296511096116e-04
-6.2835944993236913e-04
-5.8622712132368410e-04
-5.4554591052578501e-04
-5.0653437117329848e-04
-4.6712872553643755e-04
-4.2668840735298646e-04
-3.8345414749432738e-04
-3.4540581147949739e-04
-3.0882988585317190e-04
-2.7429587630463208e-04
-2.3786961517768178e-04
-2.0823868161315122e-04
-1.8244658346445550e-04
-1.5988509103471486e-04
-1.3857842363140978e-04
-1.2244067887838580e-04
-1.1020212926834561e-04
-1.0054440653438137e-04
-9.2763303095090265e-05
-8.7920628823511177e-05
-8.4975692135097125e-05
-8.3376718718201432e-05
-8.3019067916626871e-05
-8.3523686923315328e-05
-8.4538416211125660e-05
-8.5993485220229896e-05
-8.7953166831992058e-05
-8.9678097170924943e-05
-9.1485030612641066e-05
-9.3326408396986619e-05
-9.5100920727454180e-05
-9.6589470348893900e-05
-9.7924912480728190e-05
-9.9210544004000667e-05
-1.0025014372284353e-04
-1.0110636304499696e-04
-1.0180214246054377e-04
-1.0243180031548261e-04
-1.0285091646287463e-04
-1.0311081307211917e-04
-1.0332585783177349e-04
-1.0343615833462645e-04
-1.0341390699831575e-04
-1.0333335027582501e-04
-1.0319437376665020e-04
-1.0296527996386146e-04
-1.0268119912319511e-04
-1.0237999933591039e-04
-1.0202402066872297e-04
-1.0163433932603360e-04
-1.0118924948716675e-04
-1.0074634720410539e-04
-1.0027591750699833e-04
-9.9767120372299702e-05
-9.9272232356832865e-05
-9.8766688084711302e-05
-9.8197000010213342e-05
-9.7663710875146200e-05
-9.7127852167669621e-05
-9.6542558346680426e-05
-9.5997484702980981e-05
-9.5456576396293517e-05
-9.4829030025636230e-05
-9.4284547924269521e-05
-9.3722180688607219e-05
-9.3113032531289119e-05
-9.2569294089656735e-05
-9.1992317029803217e-05
-9.1385992002327091e-05
-9.0838736223707608e-05
-9.0242684384135891e-05
-8.9670028648917698e-05
-8.9132472635046280e-05
-8.8511094679981296e-05
-8.7965795637369657e-05
-8.7416851171434013e-05
-8.6785755743908944e-05
-8.6279850895030588e-05
-8.5703175703864614e-05
-8.5118449167762020e-05
-8.4611666970074270e-05
-8.3986838715186974e-05
-8.3464158974395482e-05
-8.2934212673501628e-05
-8.2332697763116462e-05
-8.1835129000567232e-05
-8.1256091700944089e-05
-8.0706878863591748e-05
-8.0203939404154703e-05
-7.9611060764462452e-05
-7.9116937125779408e-05
-7.8558412445523172e-05
-7.8030025373870279e-05
-7.7506803959746391e-05
-7.6953028337561566e-05
-7.6464409555861262e-05
-7.5889414983807576e-05
-7.5410116988128181e-05
-7.4870659312584135e-05
-7.4339221356261358e-05
-7.3868859768786078e-05
-7.3283690490512243e-05
-7.2835971469536044e-05
-7.2278135289053955e-05
-7.1795371591701595e-05
-7.1285431719749718e-05
-7.0771222897750310e-05
-7.0280199567832730e-05
-6.9761597949379638e-05
-6.9296824599117960e-05
-6.8749161173473861e-05
-6.8310640588549397e-05
-6.7763690209896352e-05
-6.7306861294533777e-05
-6.6797147813699354e-05
-6.6312391129671577e-05
-6.5829896439603303e-05
-6.5339682032028380e-05
-6.4864071032279242e-05
-6.4371764269795410e-05
-6.3906524993742240e-05
-6.3395680691517839e-05
-6.2963660346809297e-05
-6.2431273023204236e-05
-6.2013996859398187e-05
-6.1488702427536592e-05
-6.1064572610453990e-05
-6.0548191039643296e-05
-6.0124614510797630e-05
-5.9601461896022136e-05
-5.9195027845584879e-05
-5.8665654581484673e-05
-5.8261462387036330e-05
-5.7743821547912286e-05
-5.7330783847784411e-05
-5.6821764605318232e-05
-5.6404675763246112e-05
-5.5896030641283850e-05
-5.5488722419911925e-05
-5.4978467688858684e-05
-5.4563558426402666e-05
-5.4079004039129845e-05
-5.3639157449254148e-05
-5.3181399094920107e-05
-5.2723849330446234e-05
-5.2273679763911412e-05
-5.1813923492818702e-05
-5.1371377304994817e-05
-5.0901985315382676e-05
-5.0480575830262580e-05
-4.9986883531924257e-05
-4.9580582722966217e-05
-4.9086857565137220e-05
-4.8668326529237821e-05
-4.8200644822001627e-05
-4.7750540407126473e-05
-4.7317753904430855e-05
-4.6835960302652760e-05
-4.6427931992454303e-05
-4.5929988641157059e-05
-4.5510820894486118e-05
-4.5047491177548217e-05
-4.4599397193210550e-05
-4.4159741979330450e-05
-4.3688181767782879e-05
-4.3270951274693089e-05
-4.2776423305460778e-05
-4.2351094592832653e-05
-4.1887852890622704e-05
-4.1430281564774779e-05
-4.0998940405583865e-05
-4.0505543723953949e-05
-4.0074026543011654e-05
-3.9611311427292548e-05
-3.9146424397430075e-05
-3.8709724372307340e-05
-3.8211610167887059e-05
0.0000000000000000e+00
];
