%Vec Object:dSdr_b_aug_4140 1 MPI processes
%  type: seq
dSdr_b_aug_4140 = [
2.3479307221441668e+03
0.0000000000000000e+00
-1.0268728647883955e-06
-4.2336293036131317e-07
-2.6219184273781144e-07
-1.8581801758481750e-07
-1.3940372311575057e-07
-1.1071508107707912e-07
-9.1269801648128358e-08
-7.6617903159983371e-08
-6.5738180187563476e-08
-5.7398497638361621e-08
-5.0605317305450683e-08
-4.5101789615374027e-08
-4.0589825161595373e-08
-3.6784853347066983e-08
-3.3533239957566088e-08
-3.0758893722071427e-08
-2.8360077855034479e-08
-2.6325531328705538e-08
-3.4761283559496397e-06
-6.4465597908400164e-04
-6.8965810916331001e-04
-6.5135867650096733e-04
-6.0785853244442695e-04
-5.6587935550796436e-04
-5.2565046596803739e-04
-4.8503144804818891e-04
-4.4336868711726529e-04
-3.9886276530178347e-04
-3.5970167033340936e-04
-3.2207432173531482e-04
-2.8656122164878571e-04
-2.4911342092376988e-04
-2.1865683772696903e-04
-1.9215098653893446e-04
-1.6896707992122091e-04
-1.4707156281074170e-04
-1.3048741325877861e-04
-1.1790835527027226e-04
-1.0797453443996957e-04
-9.9964315949221884e-05
-9.4969874242512034e-05
-9.1920477376957328e-05
-9.0250213182758066e-05
-8.9849375886609964e-05
-9.0332660984809951e-05
-9.1338074663462667e-05
-9.2793928605184789e-05
-9.4759170050106692e-05
-9.6488101182097587e-05
-9.8301281761246285e-05
-1.0014594243365101e-04
-1.0191944476729696e-04
-1.0340376250291810e-04
-1.0472981782085193e-04
-1.0599944232587157e-04
-1.0702066258270667e-04
-1.0785546013737855e-04
-1.0852410938704363e-04
-1.0912195712808759e-04
-1.0950871024605892e-04
-1.0973261198847731e-04
-1.0990441771667892e-04
-1.0997511213705683e-04
-1.0991080807395291e-04
-1.0978361525483161e-04
-1.0959654766749848e-04
-1.0932080829538375e-04
-1.0898743518930277e-04
-1.0863370813971640e-04
-1.0822920279843809e-04
-1.0779078086863148e-04
-1.0728792043560620e-04
-1.0679521861723985e-04
-1.0627529032638147e-04
-1.0570781846065701e-04
-1.0516338555087611e-04
-1.0460848324159744e-04
-1.0397867747082083e-04
-1.0339570007823362e-04
-1.0280960689690809e-04
-1.0216589463993593e-04
-1.0157140677489726e-04
-1.0098072745617910e-04
-1.0029422337505275e-04
-9.9700525780575203e-05
-9.9087751685028765e-05
-9.8422085748697951e-05
-9.7829948234517478e-05
-9.7201771043178571e-05
-9.6540265467852704e-05
-9.5945026794345121e-05
-9.5296342289280108e-05
-9.4671907592205413e-05
-9.4087192134011401e-05
-9.3411470914598241e-05
-9.2816462719466706e-05
-9.2220235159126582e-05
-9.1533777872294239e-05
-9.0981264572254162e-05
-9.0355552356321229e-05
-8.9718701806027135e-05
-8.9165944159340870e-05
-8.8487970860691830e-05
-8.7917704974954910e-05
-8.7340727862451979e-05
-8.6687041499628365e-05
-8.6144354351421721e-05
-8.5514067556407566e-05
-8.4916612916128331e-05
-8.4368325834683090e-05
-8.3722573783515203e-05
-8.3184776589868958e-05
-8.2575631858426924e-05
-8.2000379471889161e-05
-8.1430661710698982e-05
-8.0826597147009495e-05
-8.0294218915735637e-05
-7.9667982607175566e-05
-7.9144008988870913e-05
-7.8556991329040664e-05
-7.7977354604083065e-05
-7.7462452214637845e-05
-7.6826370040643336e-05
-7.6335925370675913e-05
-7.5727361075182532e-05
-7.5201259623533149e-05
-7.4642380836535249e-05
-7.4081989198993182e-05
-7.3545294545028397e-05
-7.2977897067819688e-05
-7.2470188670894042e-05
-7.1871214200876427e-05
-7.1390927461549827e-05
-7.0793095440692565e-05
-7.0292781680001093e-05
-6.9734807015650195e-05
-6.9204413928713798e-05
-6.8675507470933929e-05
-6.8138277609850964e-05
-6.7617662288366428e-05
-6.7076738608422883e-05
-6.6567362707234962e-05
-6.6007068562779416e-05
-6.5531461919703151e-05
-6.4949124304584344e-05
-6.4488679141289873e-05
-6.3912900191895994e-05
-6.3446702423465546e-05
-6.2878063208039487e-05
-6.2412788364346649e-05
-6.1837131429176594e-05
-6.1389170126656650e-05
-6.0806956960489848e-05
-6.0360934579511021e-05
-5.9790975345578223e-05
-5.9335612621874664e-05
-5.8774293306384968e-05
-5.8313876162157599e-05
-5.7753422586823310e-05
-5.7301828657761854e-05
-5.6740412630183577e-05
-5.6280425247791411e-05
-5.5744875935919433e-05
-5.5259082674165224e-05
-5.4751058661968483e-05
-5.4245900259867074e-05
-5.3746473322494809e-05
-5.3237281886404144e-05
-5.2746725326996909e-05
-5.2225944034754573e-05
-5.1758109571440532e-05
-5.1210412831509293e-05
-5.0758646656876413e-05
-5.0210798644424426e-05
-4.9745180738691970e-05
-4.9224974290213735e-05
-4.8724930584555008e-05
-4.8241651832506524e-05
-4.7706913435083980e-05
-4.7250818778207354e-05
-4.6696447950808277e-05
-4.6229326235902788e-05
-4.5710958008145924e-05
-4.5211805708381047e-05
-4.4720000126006788e-05
-4.4193356173104243e-05
-4.3726427865380869e-05
-4.3173419075641548e-05
-4.2697289541845003e-05
-4.2178915217730346e-05
-4.1666215846283877e-05
-4.1182958882941459e-05
-4.0629575028811358e-05
-4.0145759980515838e-05
-3.9626446080947432e-05
-3.9103917383248497e-05
-3.8614315434197446e-05
-3.8053451385736687e-05
0.0000000000000000e+00
];
