%Vec Object:dSdr_b_aug_6590 1 MPI processes
%  type: seq
dSdr_b_aug_6590 = [
2.3077230746707623e+03
0.0000000000000000e+00
-7.8403151576898786e-07
-3.2325779532162597e-07
-2.0049083407130861e-07
-1.4203313195850316e-07
-1.0622598221933676e-07
-8.4088720512545906e-08
-6.9086017363464732e-08
-5.7814256267186868e-08
-4.9445095710436865e-08
-4.3029268817441243e-08
-3.7810349361410987e-08
-3.3583734387120427e-08
-3.0118716430526653e-08
-2.7198247216962873e-08
-2.4704177050622260e-08
-2.2577314115307924e-08
-2.0616861499433844e-07
-5.3285499813889015e-04
-7.5062951927674037e-04
-7.1240607366877134e-04
-6.7391764058748714e-04
-6.3556995056062056e-04
-5.9300401980846493e-04
-5.5191605530034444e-04
-5.1252313582599214e-04
-4.7273735997299015e-04
-4.3191407008166501e-04
-3.8828141891745967e-04
-3.4988447336267221e-04
-3.1297915376837988e-04
-2.7813841083816138e-04
-2.4139211769793370e-04
-2.1150252131368763e-04
-1.8548681575474352e-04
-1.6273033091196310e-04
-1.4123918627752146e-04
-1.2496158983620634e-04
-1.1261636422272683e-04
-1.0287214422466722e-04
-9.5019262578639461e-05
-9.0129041908509097e-05
-8.7151379458015891e-05
-8.5530071867405462e-05
-8.5158891570822948e-05
-8.5656827148764475e-05
-8.6668638144573877e-05
-8.8123953194762755e-05
-9.0085376742919700e-05
-9.1811560584751476e-05
-9.3620451265840222e-05
-9.5462857630683879e-05
-9.7237053642264368e-05
-9.8724277570692598e-05
-1.0005677904709881e-04
-1.0133739590578433e-04
-1.0237123770569149e-04
-1.0322074599856910e-04
-1.0390802603079125e-04
-1.0452771832565979e-04
-1.0493669568156007e-04
-1.0518531570102336e-04
-1.0538681438902425e-04
-1.0548470696349905e-04
-1.0544928120293726e-04
-1.0535411415888518e-04
-1.0520007150484478e-04
-1.0495636441084075e-04
-1.0465684111066142e-04
-1.0433918539055644e-04
-1.0396800410985733e-04
-1.0356305313745732e-04
-1.0309986471191230e-04
-1.0264136104649611e-04
-1.0215542424662793e-04
-1.0162824527206237e-04
-1.0111783564767057e-04
-1.0059682830553946e-04
-1.0000830633197339e-04
-9.9459450673359523e-05
-9.8907854321161578e-05
-9.8304258951015293e-05
-9.7743704633887035e-05
-9.7187203876679024e-05
-9.6541187009859878e-05
-9.5981286492594311e-05
-9.5403127604634874e-05
-9.4776273341795123e-05
-9.4217372254976636e-05
-9.3624355022836945e-05
-9.3000742822247707e-05
-9.2438454779581071e-05
-9.1825913977157964e-05
-9.1237036730603443e-05
-9.0684706425974982e-05
-9.0046303604313969e-05
-8.9485431487952113e-05
-8.8921673993159106e-05
-8.8273234589099963e-05
-8.7752728066045301e-05
-8.7160690361664535e-05
-8.6559634202322639e-05
-8.6038448628191784e-05
-8.5396970877503101e-05
-8.4859383154723954e-05
-8.4314702848684140e-05
-8.3696843452556692e-05
-8.3185139816933744e-05
-8.2590046865602186e-05
-8.2025720638175979e-05
-8.1508574489004687e-05
-8.0899131450106631e-05
-8.0391325579597404e-05
-7.9816942441373906e-05
-7.9273873210205639e-05
-7.8736085228017582e-05
-7.8166554878476483e-05
-7.7664226954327260e-05
-7.7073179158903017e-05
-7.6579884997910377e-05
-7.6025527532364381e-05
-7.5478989664860816e-05
-7.4994674148288362e-05
-7.4393554665500478e-05
-7.3932450373072721e-05
-7.3358721876219064e-05
-7.2862381143719092e-05
-7.2337109482363830e-05
-7.1808432312223347e-05
-7.1303100875837690e-05
-7.0769212283746489e-05
-7.0290988057872844e-05
-6.9727249690086131e-05
-6.9275644423708775e-05
-6.8712753626510822e-05
-6.8242301590087391e-05
-6.7717468637161875e-05
-6.7218414782040792e-05
-6.6721380010786971e-05
-6.6216436396077197e-05
-6.5726726243687503e-05
-6.5219188559319295e-05
-6.4740121964201983e-05
-6.4213785795961737e-05
-6.3768110538763855e-05
-6.3220074563917237e-05
-6.2789274218289634e-05
-6.2248163768108887e-05
-6.1810854707023316e-05
-6.1278101622649225e-05
-6.0841461647748257e-05
-6.0301860236208402e-05
-5.9882416327301633e-05
-5.9336489129855016e-05
-5.8919192168048140e-05
-5.8385160770662744e-05
-5.7958863273364465e-05
-5.7433459206938456e-05
-5.7002796250455321e-05
-5.6477920314238712e-05
-5.6056738031430281e-05
-5.5530455221729478e-05
-5.5101423638807628e-05
-5.4600893284970352e-05
-5.4146652259981079e-05
-5.3673146394928568e-05
-5.3200681514435732e-05
-5.2735080302446464e-05
-5.2259836676739625e-05
-5.1802249489501144e-05
-5.1316757923709743e-05
-5.0880804093768973e-05
-5.0370192909868730e-05
-4.9949648356189292e-05
-4.9438967179323064e-05
-4.9005684365208860e-05
-4.8521547254003939e-05
-4.8055797384853946e-05
-4.7607192158886561e-05
-4.7108811444375435e-05
-4.6685724311936964e-05
-4.6170102661666996e-05
-4.5735911155317078e-05
-4.5255338103887369e-05
-4.4791247592734548e-05
-4.4335253570291305e-05
-4.3846435359426183e-05
-4.3413633918906814e-05
-4.2900783036960914e-05
-4.2459536906989423e-05
-4.1979019919858256e-05
-4.1504173565476100e-05
-4.1056561852520504e-05
-4.0544362767879846e-05
-4.0096446217152661e-05
-3.9615971881634428e-05
-3.9132967689029843e-05
-3.8679528795439870e-05
-3.8160876852259957e-05
0.0000000000000000e+00
];
