%Vec Object:dSdr_b_aug_1830 1 MPI processes
%  type: seq
dSdr_b_aug_1830 = [
2.4187231003300849e+03
0.0000000000000000e+00
-1.6883891780116157e-06
-6.9178733446290096e-07
-4.2436376145606727e-07
-2.9900194839829929e-07
-2.2422350294342498e-07
-1.7803841889933864e-07
-1.4673617091285265e-07
-1.2306891227660602e-07
-1.0549949262507524e-07
-9.2035732458853654e-08
-8.1061716423055969e-08
-7.2171354362691625e-08
-6.4883928789828727e-08
-5.8738639746199831e-08
-5.3487272098215768e-08
-4.9007248566155197e-08
-4.5134094521200815e-08
-4.1716427609801394e-08
-3.8722439936830257e-08
-3.6082020955019766e-08
-3.3727877719214372e-08
-1.4349946626340144e-07
-1.3754272250148298e-04
-5.7450965951083989e-04
-5.4663797013209628e-04
-5.0514921093837623e-04
-4.6213638996366746e-04
-4.1620123836603719e-04
-3.7578814953881194e-04
-3.3697769703882507e-04
-3.0036287244400764e-04
-2.6176557961904131e-04
-2.3037993017079053e-04
-2.0307092487716931e-04
-1.7918664364565003e-04
-1.5662852060560286e-04
-1.3954205218128903e-04
-1.2657983569139205e-04
-1.1633533426973723e-04
-1.0806730303200649e-04
-1.0290208424456550e-04
-9.9735142942035371e-05
-9.7984658282545216e-05
-9.7535224951161804e-05
-9.7994503716200895e-05
-9.8989434702994152e-05
-1.0044617163056285e-04
-1.0241766903704651e-04
-1.0415110183827341e-04
-1.0597131180661198e-04
-1.0781966634456007e-04
-1.0959203196825028e-04
-1.1107158756645817e-04
-1.1238708015301806e-04
-1.1363869251829927e-04
-1.1463923104507530e-04
-1.1544992351187834e-04
-1.1608804427996983e-04
-1.1665009727196028e-04
-1.1700043342511954e-04
-1.1718383147773998e-04
-1.1730698199759652e-04
-1.1733310921856629e-04
-1.1722148487158357e-04
-1.1704181432020790e-04
-1.1680063178611211e-04
-1.1647240404446253e-04
-1.1608356437033500e-04
-1.1567073056433882e-04
-1.1521162015753938e-04
-1.1471835246334116e-04
-1.1415048521189015e-04
-1.1360174605611860e-04
-1.1302611907055439e-04
-1.1239262302091687e-04
-1.1179243932793547e-04
-1.1118199650284639e-04
-1.1048454286031408e-04
-1.0984565337954603e-04
-1.0920303348194526e-04
-1.0849358546808067e-04
-1.0784349388841318e-04
-1.0719680937842478e-04
-1.0644396276013527e-04
-1.0579488512599196e-04
-1.0512539040112913e-04
-1.0439612749428696e-04
-1.0374952862677409e-04
-1.0306373817788324e-04
-1.0234014036259488e-04
-1.0169090864599612e-04
-1.0098299892130187e-04
-1.0030029963993320e-04
-9.9662517734277700e-05
-9.8925646438720769e-05
-9.8274702725983755e-05
-9.7625269583558874e-05
-9.6876516044478388e-05
-9.6271556309672252e-05
-9.5590664928448996e-05
-9.4895161595782374e-05
-9.4290669871565248e-05
-9.3552894873936998e-05
-9.2929082468730403e-05
-9.2299183729499393e-05
-9.1586791209129207e-05
-9.0993334403018962e-05
-9.0305378889180227e-05
-8.9653639952417695e-05
-8.9054325267052663e-05
-8.8349077180863077e-05
-8.7762136138352955e-05
-8.7096030979353056e-05
-8.6468043202643814e-05
-8.5846005235631662e-05
-8.5185352831509566e-05
-8.4603734105022528e-05
-8.3919837822129972e-05
-8.3345592783324023e-05
-8.2705058062807859e-05
-8.2071185483467636e-05
-8.1506163386506651e-05
-8.0812791277597832e-05
-8.0274269414118752e-05
-7.9608623113147818e-05
-7.9033755698602193e-05
-7.8419808216481854e-05
-7.7807449201714747e-05
-7.7219362731297683e-05
-7.6597057542247062e-05
-7.6041036344445858e-05
-7.5384323943978083e-05
-7.4857039711721032e-05
-7.4201952954346161e-05
-7.3652707742498795e-05
-7.3040427033173205e-05
-7.2458681452823318e-05
-7.1877550022685332e-05
-7.1287415893729947e-05
-7.0716159345383451e-05
-7.0120529352344347e-05
-6.9561488614912277e-05
-6.8945550916873168e-05
-6.8420898706943729e-05
-6.7782354419403638e-05
-6.7273333270579297e-05
-6.6640746523371913e-05
-6.6127211746015997e-05
-6.5499769529642798e-05
-6.4987573630872057e-05
-6.4352836142461242e-05
-6.3858146294959624e-05
-6.3216474984837336e-05
-6.2723383205500212e-05
-6.2094552683744343e-05
-6.1591563774153081e-05
-6.0971393819789628e-05
-6.0462221580636711e-05
-5.9843470603181325e-05
-5.9342044295276508e-05
-5.8723059129380632e-05
-5.8212347753716710e-05
-5.7619416569375876e-05
-5.7081922036304970e-05
-5.6517336830011211e-05
-5.5958607099702841e-05
-5.5403753633464213e-05
-5.4838935656825394e-05
-5.4294355868413628e-05
-5.3715749256264226e-05
-5.3195675671433193e-05
-5.2587211075652789e-05
-5.2084285766166892e-05
-5.1475536862473081e-05
-5.0956935457936039e-05
-5.0377626678854510e-05
-4.9821390107217698e-05
-4.9281296475408064e-05
-4.8686983721808718e-05
-4.8176804487962901e-05
-4.7558941077871285e-05
-4.7037862060504920e-05
-4.6457565194520267e-05
-4.5900963694102618e-05
-4.5350480979841870e-05
-4.4761860313232079e-05
-4.4239017379020465e-05
-4.3620213073470589e-05
-4.3086932958865111e-05
-4.2506538136327155e-05
-4.1931830105656944e-05
-4.1390189675610953e-05
-4.0769358305301711e-05
-4.0226781610621139e-05
-3.9643936975550539e-05
-3.9056880899594988e-05
-3.8508688108563840e-05
-3.7882188036999295e-05
0.0000000000000000e+00
];
