%Vec Object:dSdr_b_aug_8550 1 MPI processes
%  type: seq
dSdr_b_aug_8550 = [
2.2847725034135988e+03
0.0000000000000000e+00
-6.7524662343070995e-07
-2.7850811731546749e-07
-1.7292921971771293e-07
-1.2252714182210999e-07
-9.1523135851395357e-08
-7.2352670825747347e-08
-5.9361283933886156e-08
-4.9614163673406346e-08
-4.2377032686748618e-08
-3.6828625330793505e-08
-3.2317948948670901e-08
-2.8665356795795431e-08
-2.5670845798112843e-08
-2.3147428486308739e-08
-2.0993137943968962e-08
-9.6962973654331391e-08
-5.2526061443856995e-04
-7.8232025795740173e-04
-7.4098617957333993e-04
-7.0221264150914725e-04
-6.6422838210354834e-04
-6.2638295266839511e-04
-5.8436948100176452e-04
-5.4379976691363836e-04
-5.0489276900613628e-04
-4.6559132218666803e-04
-4.2525598170029878e-04
-3.8213092624123302e-04
-3.4417814877683720e-04
-3.0769251444709227e-04
-2.7324258461895257e-04
-2.3690404852504419e-04
-2.0734401788038273e-04
-1.8161321349400609e-04
-1.5910517118218506e-04
-1.3784907170832830e-04
-1.2174966208068921e-04
-1.0954035371402724e-04
-9.9906340974978411e-05
-9.2144912851735002e-05
-8.7315271656436224e-05
-8.4379305525619655e-05
-8.2786454239893912e-05
-8.2432512110310632e-05
-8.2938963194609274e-05
-8.3954492485334431e-05
-8.5409494111182615e-05
-8.7368698294016395e-05
-8.9093285084574175e-05
-9.0899682070874944e-05
-9.2740777955113059e-05
-9.4515377036868603e-05
-9.6004290088564441e-05
-9.7340538330664022e-05
-9.8627544475415129e-05
-9.9668722548634065e-05
-1.0052678148310386e-04
-1.0122489072110749e-04
-1.0185728029499323e-04
-1.0227917564541347e-04
-1.0254216334111389e-04
-1.0276092128138751e-04
-1.0287462298377956e-04
-1.0285598295217834e-04
-1.0277943113282570e-04
-1.0264458447269060e-04
-1.0241949638508620e-04
-1.0213964854489415e-04
-1.0184295956377969e-04
-1.0149114815087797e-04
-1.0110565243140781e-04
-1.0066552367068094e-04
-1.0022689794823165e-04
-9.9760718967547885e-05
-9.9256960553003362e-05
-9.8766327229360710e-05
-9.8265021602743610e-05
-9.7700496162679738e-05
-9.7171474030767339e-05
-9.6639929232262786e-05
-9.6059652120423020e-05
-9.5518821945795215e-05
-9.4982187748213304e-05
-9.4359704396207455e-05
-9.3819448698036399e-05
-9.3261410173883059e-05
-9.2657115505296114e-05
-9.2117533355395858e-05
-9.1544953129462145e-05
-9.0943366755097957e-05
-9.0400231528556515e-05
-8.9808699541348504e-05
-8.9240490346825135e-05
-8.8706984170811064e-05
-8.8090272966131854e-05
-8.7549242718223909e-05
-8.7004358708044004e-05
-8.6378017503230207e-05
-8.5876115174751669e-05
-8.5303651054630502e-05
-8.4723400681879733e-05
-8.4220566637201709e-05
-8.3600302226471293e-05
-8.3081708957736999e-05
-8.2555801439212126e-05
-8.1958766765321704e-05
-8.1465072554700468e-05
-8.0890436317964621e-05
-8.0345366256602308e-05
-7.9846321034133950e-05
-7.9257982911315223e-05
-7.8767609748299174e-05
-7.8213432076385824e-05
-7.7689069573897690e-05
-7.7169841043102220e-05
-7.6620383994583182e-05
-7.6135523064009005e-05
-7.5564928886749213e-05
-7.5089467418495509e-05
-7.4554093965757299e-05
-7.4026795087454858e-05
-7.3560258449070190e-05
-7.2979461325008149e-05
-7.2535411375880432e-05
-7.1981931481098526e-05
-7.1502889419360015e-05
-7.0997152184425135e-05
-7.0486909317965817e-05
-6.9999808018805340e-05
-6.9485396751458242e-05
-6.9024310452446650e-05
-6.8481053369091465e-05
-6.8046119455791320e-05
-6.7503538543706829e-05
-6.7050443892207039e-05
-6.6544874844189352e-05
-6.6064037188591924e-05
-6.5585528110874642e-05
-6.5099351156922003e-05
-6.4627604903620713e-05
-6.4139473119791761e-05
-6.3678024074876555e-05
-6.3171426277548411e-05
-6.2743148903074799e-05
-6.2215051058656136e-05
-6.1801482027718779e-05
-6.1280522950078121e-05
-6.0860005710666596e-05
-6.0348111759678557e-05
-5.9928116063601973e-05
-5.9409472249392044e-05
-5.9006604338896686e-05
-5.8481768690232111e-05
-5.8081168647218195e-05
-5.7568020635470277e-05
-5.7158617577122421e-05
-5.6654089584423779e-05
-5.6240721536496401e-05
-5.5736525441107646e-05
-5.5333020225994586e-05
-5.4827158940633795e-05
-5.4416120726373209e-05
-5.3935945490359682e-05
-5.3500044527583721e-05
-5.3046602689719203e-05
-5.2593141263814878e-05
-5.2147201615616808e-05
-5.1691690524148824e-05
-5.1253267154006273e-05
-5.0788288140239434e-05
-5.0370865308681080e-05
-4.9881810540762525e-05
-4.9479413954907067e-05
-4.8990336468641797e-05
-4.8575848871194062e-05
-4.8112677560468889e-05
-4.7666861492439750e-05
-4.7238410794991980e-05
-4.6761163576704050e-05
-4.6357262673857116e-05
-4.5864164692475986e-05
-4.5449114592908741e-05
-4.4990510833631690e-05
-4.4546800911457391e-05
-4.4111623418387631e-05
-4.3644792669385646e-05
-4.3231828910709515e-05
-4.2742321619565485e-05
-4.2321353656816313e-05
-4.1862844094276721e-05
-4.1410003604154347e-05
-4.0983115978953868e-05
-4.0494863464565787e-05
-4.0067825534806267e-05
-3.9609949314507401e-05
-3.9149966348682627e-05
-3.8717679919420538e-05
-3.8224265091170544e-05
0.0000000000000000e+00
];
