%Vec Object:dSdr_b_aug_8380 1 MPI processes
%  type: seq
dSdr_b_aug_8380 = [
2.2888178335158459e+03
0.0000000000000000e+00
-6.9300058037373112e-07
-2.8576352771199278e-07
-1.7736798901553050e-07
-1.2564472728000506e-07
-9.3853437113183186e-08
-7.4196810025767283e-08
-6.0875939348284237e-08
-5.0879878727997644e-08
-4.3457983543408947e-08
-3.7767993567025936e-08
-3.3142007974704985e-08
-2.9396028030052355e-08
-2.6324971238893668e-08
-2.3737033963875805e-08
-2.1527481660980016e-08
-2.8968820065078605e-08
-2.9961537773096314e-04
-7.8272517808736556e-04
-7.4171312121233527e-04
-7.0290560277953286e-04
-6.6488642525117645e-04
-6.2700687606070699e-04
-5.8495588466132039e-04
-5.4435097426110992e-04
-5.0541097561730252e-04
-4.6607663621766129e-04
-4.2570815727930813e-04
-3.8254862911684355e-04
-3.4456568655351664e-04
-3.0805154984507263e-04
-2.7357507845435154e-04
-2.3720885007362679e-04
-2.0762643740334448e-04
-1.8187628432696592e-04
-1.5935136926268029e-04
-1.3807930701095923e-04
-1.2196779607794027e-04
-1.0974925708645459e-04
-1.0010775978047807e-04
-9.2340120724079008e-05
-8.7506365363628673e-05
-8.4567567490309416e-05
-8.2972783629866229e-05
-8.2617670786829713e-05
-8.3123543544894989e-05
-8.4138820306091676e-05
-8.5593843211146623e-05
-8.7553198112790380e-05
-8.9277893359062269e-05
-9.1084459696411156e-05
-9.2925644574625197e-05
-9.4700216277975602e-05
-9.6189014610674836e-05
-9.7525008392049925e-05
-9.8811580612769031e-05
-9.9852260449230574e-05
-1.0070973867499194e-04
-1.0140711245836600e-04
-1.0203863971055939e-04
-1.0245965774923036e-04
-1.0272166968024836e-04
-1.0293925547882515e-04
-1.0305188352294869e-04
-1.0303210350817417e-04
-1.0295428745769769e-04
-1.0281813712518139e-04
-1.0259178455006954e-04
-1.0231060047478647e-04
-1.0201248756358313e-04
-1.0165936066958663e-04
-1.0127254367080879e-04
-1.0083084884145098e-04
-1.0039087313266616e-04
-9.9923352324297407e-05
-9.9418003331582205e-05
-9.8926026925279641e-05
-9.8423383281059793e-05
-9.7857228146473551e-05
-9.7326859044914572e-05
-9.6793952470234864e-05
-9.6212091728269437e-05
-9.5669922013265021e-05
-9.5131938602663414e-05
-9.4507857002122677e-05
-9.3966267150347784e-05
-9.3406862177041464e-05
-9.2801035402013821e-05
-9.2260141231109409e-05
-9.1686173051389912e-05
-9.1083090820931608e-05
-9.0538654855016330e-05
-8.9945696081075504e-05
-8.9376083241530157e-05
-8.8841298648472880e-05
-8.8223114285306586e-05
-8.7680736501792524e-05
-8.7134570722730410e-05
-8.6506728746722460e-05
-8.6003562938045323e-05
-8.5429769503398811e-05
-8.4848106132940732e-05
-8.4344025768978020e-05
-8.3722320682545564e-05
-8.3202437430687301e-05
-8.2675254983312829e-05
-8.2076806026161795e-05
-8.1581888729354761e-05
-8.1005863202244304e-05
-8.0459485384249744e-05
-7.9959210861824053e-05
-7.9369439426526218e-05
-7.8877882345039952e-05
-7.8322332445932762e-05
-7.7796699500917650e-05
-7.7276210530005508e-05
-7.6725390230238485e-05
-7.6239343052702944e-05
-7.5667359795477421e-05
-7.5190687244071998e-05
-7.4654024517748990e-05
-7.4125419049604830e-05
-7.3657674983052486e-05
-7.3075497693563202e-05
-7.2630289521920518e-05
-7.2075434470696159e-05
-7.1595217593704483e-05
-7.1088153704937322e-05
-7.0576658898149376e-05
-7.0088319524439267e-05
-6.9572585481181946e-05
-6.9110335283792938e-05
-6.8565687242356886e-05
-6.8129621117389886e-05
-6.7585660887589064e-05
-6.7131387433581045e-05
-6.6624510104415743e-05
-6.6142435321309685e-05
-6.5662668097428369e-05
-6.5175216632155748e-05
-6.4702250386231515e-05
-6.4212800678332773e-05
-6.3750155163045747e-05
-6.3242216862328241e-05
-6.2812757935962237e-05
-6.2283306022291505e-05
-6.1868566751975684e-05
-6.1346239122962661e-05
-6.0924581492342831e-05
-6.0411270923769457e-05
-5.9990144856828179e-05
-5.9470077738499833e-05
-5.9066084094813470e-05
-5.8539816045511319e-05
-5.8138082057437015e-05
-5.7623515782612916e-05
-5.7212965365481334e-05
-5.6707019607049516e-05
-5.6292477003571959e-05
-5.5786876470216457e-05
-5.5382170746579533e-05
-5.4874922567301982e-05
-5.4462662364534743e-05
-5.3981104745570504e-05
-5.3543958250167555e-05
-5.3089153799696936e-05
-5.2634401789498439e-05
-5.2187126863145450e-05
-5.1730275674826155e-05
-5.1290550832497872e-05
-5.0824178750309639e-05
-5.0405497426399586e-05
-4.9914978700692616e-05
-4.9511349639107042e-05
-4.9020804988622217e-05
-4.8605040963200788e-05
-4.8140445815352452e-05
-4.7693276000695943e-05
-4.7263456570115019e-05
-4.6784774138916610e-05
-4.6379570274953302e-05
-4.5884942682560135e-05
-4.5468592682634266e-05
-4.5008496982571904e-05
-4.4563403028721230e-05
-4.4126811916204032e-05
-4.3658488050178228e-05
-4.3244177205932587e-05
-4.2753084775613953e-05
-4.2330739919686871e-05
-4.1870736115690712e-05
-4.1416401628634489e-05
-4.0988107277222310e-05
-4.0498229565700018e-05
-4.0069775493021428e-05
-3.9610367826867213e-05
-3.9148828386519244e-05
-3.8715125075243339e-05
-3.8220101017283402e-05
0.0000000000000000e+00
];
