%Vec Object:dSdr_b_aug_6190 1 MPI processes
%  type: seq
dSdr_b_aug_6190 = [
2.3165300521673412e+03
0.0000000000000000e+00
-8.3204787643336870e-07
-3.4365505025600585e-07
-2.1347337357665503e-07
-1.5153591816588601e-07
-1.1362975679093198e-07
-9.0193625458283745e-08
-7.4308662359353197e-08
-6.2358575359102506e-08
-5.3484510373056909e-08
-4.6681534727688901e-08
-4.1142744911133308e-08
-3.6655769517484830e-08
-3.2977063690826322e-08
-2.9875114714667953e-08
-2.7224633808241045e-08
-2.4963160338791657e-08
-2.5305494762526365e-08
-1.0577458571261072e-04
-7.5058860612488060e-04
-7.1465153988837344e-04
-6.7607102127710756e-04
-6.3761196331482012e-04
-5.9492324127618829e-04
-5.5372008406085740e-04
-5.1421915757012113e-04
-4.7432572868231528e-04
-4.3339398105702296e-04
-3.8964850534085546e-04
-3.5115283344569232e-04
-3.1415422937570411e-04
-2.7922661946146518e-04
-2.4238969318257422e-04
-2.1242684342868859e-04
-1.8634781220362603e-04
-1.6353610547278937e-04
-1.4199271687369888e-04
-1.2567551449463234e-04
-1.1330007828564950e-04
-1.0353136229921878e-04
-9.5658153092511200e-05
-9.0754467288215899e-05
-8.7767536891578140e-05
-8.6139904083308336e-05
-8.5764891997751257e-05
-8.6260934679295039e-05
-8.7271919148750355e-05
-8.8727303813214311e-05
-9.0689220614557478e-05
-9.2415759391138895e-05
-9.4225204308404030e-05
-9.6067901916351039e-05
-9.7842008298825565e-05
-9.9328856747293195e-05
-1.0066052538910238e-04
-1.0193972205567338e-04
-1.0297193317662540e-04
-1.0381954087195068e-04
-1.0450441384645830e-04
-1.0512128386350487e-04
-1.0552738988444289e-04
-1.0577281634587035e-04
-1.0597047875896812e-04
-1.0606485738243926e-04
-1.0602570060036473e-04
-1.0592639588917386e-04
-1.0576808647954363e-04
-1.0552024087931047e-04
-1.0521634425296551e-04
-1.0489402819131205e-04
-1.0451854151033362e-04
-1.0410926615927182e-04
-1.0364095219400766e-04
-1.0317803019857049e-04
-1.0268770176923416e-04
-1.0215531703908045e-04
-1.0164051167795297e-04
-1.0111512517774650e-04
-1.0052126942652656e-04
-9.9968005312512802e-05
-9.9411952043679448e-05
-9.8803173658591870e-05
-9.8238235199819531e-05
-9.7677318645928606e-05
-9.7026070919233298e-05
-9.6461803892477417e-05
-9.5879172794626014e-05
-9.5247304148326538e-05
-9.4684108987091314e-05
-9.4086549164804309e-05
-9.3458041223200674e-05
-9.2891496030725665e-05
-9.2274285541115551e-05
-9.1680814349876896e-05
-9.1124299954112645e-05
-9.0481075677672614e-05
-8.9915793254847424e-05
-8.9347840698764846e-05
-8.8694489468347189e-05
-8.8169847739932928e-05
-8.7573459366377249e-05
-8.6967778657889329e-05
-8.6442514048461902e-05
-8.5796321160998976e-05
-8.5254511498797982e-05
-8.4705658523842549e-05
-8.4083170370407250e-05
-8.3567463740604356e-05
-8.2967823830206033e-05
-8.2399217492731705e-05
-8.1878048011496137e-05
-8.1263913936732769e-05
-8.0752233261301783e-05
-8.0173359010439208e-05
-7.9626131794990407e-05
-7.9084218564331161e-05
-7.8510226479481604e-05
-7.8004016130601135e-05
-7.7408422066343709e-05
-7.6911164196211853e-05
-7.6352587115160529e-05
-7.5801772958067738e-05
-7.5313505694652103e-05
-7.4707869119802550e-05
-7.4242974125288298e-05
-7.3664744931041526e-05
-7.3164559189889834e-05
-7.2634945573299371e-05
-7.2102170975342643e-05
-7.1592787492069901e-05
-7.1054569638154573e-05
-7.0572536134502883e-05
-7.0004245353189957e-05
-6.9548934516452563e-05
-6.8981529404152483e-05
-6.8507219312464565e-05
-6.7978104538071632e-05
-6.7475001738118750e-05
-6.6973849230595551e-05
-6.6464734320009183e-05
-6.5971031304285440e-05
-6.5459180240138771e-05
-6.4976197767029135e-05
-6.4445474321832283e-05
-6.3995932014350082e-05
-6.3443464363572912e-05
-6.3008833993166997e-05
-6.2463244471441058e-05
-6.2022203075191642e-05
-6.1484813605990261e-05
-6.1044474093405058e-05
-6.0500214414290230e-05
-6.0077086147607136e-05
-5.9526470912380555e-05
-5.9105462719257737e-05
-5.8566789557077896e-05
-5.8136736929631040e-05
-5.7606692728388111e-05
-5.7172185633594916e-05
-5.6642713185498448e-05
-5.6217601827022564e-05
-5.5686779929085902e-05
-5.5253748973088364e-05
-5.4748694299454008e-05
-5.4290376850502305e-05
-5.3812411377036018e-05
-5.3335722630280108e-05
-5.2865751279058010e-05
-5.2386121747058130e-05
-5.1924275071965984e-05
-5.1434224241767139e-05
-5.0994151602331376e-05
-5.0478749155806204e-05
-5.0054170956285436e-05
-4.9538688040078334e-05
-4.9101227750513784e-05
-4.8612430726525418e-05
-4.8142250355653235e-05
-4.7689165597085229e-05
-4.7186087791675356e-05
-4.6758736434391261e-05
-4.6238108797291306e-05
-4.5799663152078084e-05
-4.5314207487428802e-05
-4.4845587594185455e-05
-4.4384967428659345e-05
-4.3891262990784868e-05
-4.3454053394718776e-05
-4.2936015426010936e-05
-4.2490264021198047e-05
-4.2004858068698838e-05
-4.1525124111817462e-05
-4.1072911314534560e-05
-4.0555397659710113e-05
-4.0102853568803078e-05
-3.9617380277028220e-05
-3.9129310165327413e-05
-3.8671313284548676e-05
-3.8147815936132738e-05
0.0000000000000000e+00
];
