%Vec Object:dSdr_b_aug_8030 1 MPI processes
%  type: seq
dSdr_b_aug_8030 = [
2.2938137549910734e+03
0.0000000000000000e+00
-7.1817370630431265e-07
-2.9711046916206938e-07
-1.8501355602210470e-07
-1.3153884442248075e-07
-9.8655855912233755e-08
-7.8321055933021341e-08
-6.4537850602917182e-08
-5.4178075094275023e-08
-4.6484312285990869e-08
-4.0585657735574949e-08
-3.5783888120892230e-08
-3.1893884686035671e-08
-2.8704440795950585e-08
-2.6014971677314609e-08
-2.3716870149286468e-08
-2.2545869354625825e-08
-8.5144133769340965e-05
-7.8291647377836337e-04
-7.4344328709785633e-04
-7.0455987012766350e-04
-6.6645738340981504e-04
-6.2849638021641356e-04
-5.8635581728606510e-04
-5.4566688207605813e-04
-5.0664810016715273e-04
-4.6723523571035459e-04
-4.2678764474615933e-04
-3.8354581928344588e-04
-3.4549086303936355e-04
-3.0890868209513709e-04
-2.7436884756215765e-04
-2.3793650890540572e-04
-2.0830066323541393e-04
-1.8250431869690890e-04
-1.5993912328725915e-04
-1.3862895256437735e-04
-1.2248855197986562e-04
-1.1024797655668432e-04
-1.0058861121074762e-04
-9.2806144679571077e-05
-8.7962567486596678e-05
-8.5017009325593360e-05
-8.3417611773482721e-05
-8.3059704039677569e-05
-8.3564196123532143e-05
-8.4578869989806991e-05
-8.6033943669261989e-05
-8.7993658359055880e-05
-8.9718612500685950e-05
-9.1525583109489420e-05
-9.3366980425305313e-05
-9.5141486747262995e-05
-9.6630011191921374e-05
-9.7965397478393191e-05
-9.9250933770077902e-05
-1.0029042414274439e-04
-1.0114651601881901e-04
-1.0184213402688169e-04
-1.0247160263113591e-04
-1.0289052623818016e-04
-1.0315020869988333e-04
-1.0336499621373222e-04
-1.0347506108458891e-04
-1.0345255956030488e-04
-1.0337172538154713e-04
-1.0323246275990008e-04
-1.0300309144457200e-04
-1.0271871734514307e-04
-1.0241720505292603e-04
-1.0206093768174470e-04
-1.0167096636246986e-04
-1.0122553282404409e-04
-1.0078233426429493e-04
-1.0031161008095764e-04
-9.9802463867671573e-05
-9.9307281090514325e-05
-9.8801443168387355e-05
-9.8231397430541590e-05
-9.7697812680895828e-05
-9.7161655109161390e-05
-9.6576013734395272e-05
-9.6030646106440919e-05
-9.5489441692874448e-05
-9.4861544560117010e-05
-9.4316769656792166e-05
-9.3754102531292034e-05
-9.3144618127950492e-05
-9.2600591741601954e-05
-9.2023310072463809e-05
-9.1416656754696952e-05
-9.0869115507344643e-05
-9.0272750535799504e-05
-8.9699786747616636e-05
-8.9161950164060288e-05
-8.8540248900024048e-05
-8.7994654118547073e-05
-8.7445428347333691e-05
-8.6814003550786780e-05
-8.6307821410292390e-05
-8.5730854479091278e-05
-8.5145817837385147e-05
-8.4638762114183229e-05
-8.4013617679181874e-05
-8.3490654830284820e-05
-8.2960428725170862e-05
-8.2358603426930128e-05
-8.1860766237925315e-05
-8.1281424035563061e-05
-8.0731924189332875e-05
-8.0228714939652122e-05
-7.9635521735876879e-05
-7.9141138266600108e-05
-7.8582312428392213e-05
-7.8053646537163440e-05
-7.7530148498614106e-05
-7.6976073688363425e-05
-7.6487194565051043e-05
-7.5911895136431380e-05
-7.5432331348510877e-05
-7.4892590720549435e-05
-7.4360866011448791e-05
-7.3890239433847747e-05
-7.3304767255446434e-05
-7.2856794043362917e-05
-7.2298656062105363e-05
-7.1815634532012128e-05
-7.1305403503915891e-05
-7.0790919922828768e-05
-7.0299624876914358e-05
-6.9780732953425559e-05
-6.9315704166344439e-05
-6.8767735471883876e-05
-6.8328966404353054e-05
-6.7781713311581236e-05
-6.7324625688453828e-05
-6.6814625083624308e-05
-6.6329596891459376e-05
-6.5846826080290388e-05
-6.5356331960067537e-05
-6.4880453212706651e-05
-6.4387857209866138e-05
-6.3922355348476449e-05
-6.3411216850565641e-05
-6.2978937194653839e-05
-6.2446252698034161e-05
-6.2028719705744731e-05
-6.1503124922615923e-05
-6.1078744827614136e-05
-6.0562052356558874e-05
-6.0138227748999048e-05
-5.9614762766444423e-05
-5.9208081655066402e-05
-5.8678394026756044e-05
-5.8273952969142017e-05
-5.7756000868544007e-05
-5.7342711361389445e-05
-5.6833380966530250e-05
-5.6416034348618076e-05
-5.5907080999210762e-05
-5.5499509306137071e-05
-5.4988950197968948e-05
-5.4573772749596978e-05
-5.4088914975184100e-05
-5.3648795032225714e-05
-5.3190737629603229e-05
-5.2732904624604713e-05
-5.2282442008712846e-05
-5.1822391630655985e-05
-5.1379559812665053e-05
-5.0909862090532692e-05
-5.0488176407742155e-05
-4.9994162818887180e-05
-4.9587591521871027e-05
-4.9093544369623847e-05
-4.8674733199418878e-05
-4.8206739006366761e-05
-4.7756337487998256e-05
-4.7323250592658604e-05
-4.6841142007863125e-05
-4.6432827739229534e-05
-4.5934548687091148e-05
-4.5515095652987660e-05
-4.5051438501651385e-05
-4.4603040764714825e-05
-4.4163075303880560e-05
-4.3691187397210494e-05
-4.3273661256577500e-05
-4.2778785392991808e-05
-4.2353154486255622e-05
-4.1889584831829657e-05
-4.1431685601239277e-05
-4.1000035680429206e-05
-4.0506282273186604e-05
-4.0074454215788438e-05
-3.9611402852548782e-05
-3.9146173916470697e-05
-3.8709162053744737e-05
-3.8210689991892129e-05
0.0000000000000000e+00
];
