%Vec Object:dSdr_b_aug_7230 1 MPI processes
%  type: seq
dSdr_b_aug_7230 = [
2.3001394677864832e+03
0.0000000000000000e+00
-7.4868907124799704e-07
-3.0982719863468493e-07
-1.9295279859090789e-07
-1.3723632077840792e-07
-1.0300959880750493e-07
-8.1844058838316330e-08
-6.7497119230147991e-08
-5.6707624639524652e-08
-4.8694388505135917e-08
-4.2550776511052137e-08
-3.7548007677638440e-08
-3.3494747922282354e-08
-3.0171344359558309e-08
-2.7368481563620116e-08
-2.4973040533291683e-08
-2.2967065487238147e-08
-6.5234924112233880e-06
-7.6339457043678334e-04
-7.4776624540998907e-04
-7.0881233892020588e-04
-6.7049684174212232e-04
-6.3232640910430913e-04
-5.8995552710894609e-04
-5.4905053504121157e-04
-5.0982917408236717e-04
-4.7021439449734136e-04
-4.2956337908381669e-04
-3.8610993869445402e-04
-3.4786981028089869e-04
-3.1111266397355593e-04
-2.7640990078357910e-04
-2.3980756959545850e-04
-2.1003432908469846e-04
-1.8411921021198706e-04
-1.6145043999838055e-04
-1.4004227987534133e-04
-1.2382759364441159e-04
-1.1153035462947836e-04
-1.0182504411544499e-04
-9.4004451006714657e-05
-8.9135618522900967e-05
-8.6172677389383017e-05
-8.4561416525357397e-05
-8.4196322262874513e-05
-8.4697264266146488e-05
-8.5710387992981891e-05
-8.7165592343160466e-05
-8.9126232283896558e-05
-9.0851852235380724e-05
-9.2659862461077634e-05
-9.4501806115946125e-05
-9.6276144403059197e-05
-9.7763964661340465e-05
-9.9097788937031281e-05
-1.0038066155998736e-04
-1.0141709346780618e-04
-1.0226962061287293e-04
-1.0296072396420586e-04
-1.0358489911790487e-04
-1.0399843725907297e-04
-1.0425212988711607e-04
-1.0445972207886714e-04
-1.0456319617965636e-04
-1.0453369674336265e-04
-1.0444510194229874e-04
-1.0429783657729482e-04
-1.0406070306277934e-04
-1.0376812633216317e-04
-1.0345787307865505e-04
-1.0309353047661605e-04
-1.0269544832939076e-04
-1.0224040129604626e-04
-1.0178891569047599e-04
-1.0130995454027384e-04
-1.0079104437591910e-04
-1.0028761692688706e-04
-9.9773565427340279e-05
-9.9193515616940688e-05
-9.8651662338294387e-05
-9.8107145342655352e-05
-9.7511782665837978e-05
-9.6958192110528808e-05
-9.6408705396591483e-05
-9.5770997221864682e-05
-9.5218032461006182e-05
-9.4646977224738035e-05
-9.4028087803763367e-05
-9.3476007418703670e-05
-9.2890205631738782e-05
-9.2274369822326264e-05
-9.1718843831493672e-05
-9.1113720356631435e-05
-9.0532140128345891e-05
-8.9986455830047972e-05
-8.9355711404956402e-05
-8.8801844616415469e-05
-8.8244750553911628e-05
-8.7604113093738201e-05
-8.7090174928094004e-05
-8.6505047836086627e-05
-8.5911337332159667e-05
-8.5396630918217430e-05
-8.4762642713297458e-05
-8.4231761140595430e-05
-8.3693708723646108e-05
-8.3083201668949353e-05
-8.2577856411324201e-05
-8.1989985873579175e-05
-8.1432458196555014e-05
-8.0921702731323293e-05
-8.0319710959223230e-05
-7.9818059852747271e-05
-7.9250810423647138e-05
-7.8714345760226933e-05
-7.8183110348674527e-05
-7.7620667046770459e-05
-7.7124505992484324e-05
-7.6540679519196617e-05
-7.6053681341501988e-05
-7.5506026342386272e-05
-7.4966280963143227e-05
-7.4488242430848165e-05
-7.3894297929237075e-05
-7.3439214818632134e-05
-7.2872635263040688e-05
-7.2382401974935610e-05
-7.1864027109865014e-05
-7.1341858329195053e-05
-7.0842963199949308e-05
-7.0315951244955818e-05
-6.9843777713241682e-05
-6.9287270439645913e-05
-6.8841551140486616e-05
-6.8285830924376913e-05
-6.7821507065219010e-05
-6.7303475402534575e-05
-6.6810852937269945e-05
-6.6320358825874289e-05
-6.5822040947023978e-05
-6.5338673109581802e-05
-6.4837986851136510e-05
-6.4365140291131384e-05
-6.3845772931712350e-05
-6.3406240155688111e-05
-6.2865243518260287e-05
-6.2440526847346408e-05
-6.1906531023334679e-05
-6.1475150472610490e-05
-6.0949761897330703e-05
-6.0518998343936714e-05
-5.9986796207655333e-05
-5.9573204616022219e-05
-5.9034723989677872e-05
-5.8623322040270499e-05
-5.8096663723815662e-05
-5.7676330978948053e-05
-5.7158297416120768e-05
-5.6733740605667038e-05
-5.6216165896566041e-05
-5.5801224689560092e-05
-5.5282151912370463e-05
-5.4859473084577729e-05
-5.4366129325055921e-05
-5.3918363466522458e-05
-5.3451941432651779e-05
-5.2986185944957142e-05
-5.2527526482339950e-05
-5.2059249669522196e-05
-5.1608428512293037e-05
-5.1130179167106281e-05
-5.0700767963269826e-05
-5.0197767565873234e-05
-4.9783630429665639e-05
-4.9280576757540987e-05
-4.8853929909172459e-05
-4.8377195126866645e-05
-4.7918483253985342e-05
-4.7476993981023721e-05
-4.6986074886839839e-05
-4.6569761913998250e-05
-4.6062092785458455e-05
-4.5634659722902769e-05
-4.5161843599915560e-05
-4.4704949207031895e-05
-4.4256305336417972e-05
-4.3775250846449088e-05
-4.3349454338224487e-05
-4.2844846476669600e-05
-4.2410761497523630e-05
-4.1938016791104894e-05
-4.1470943071674119e-05
-4.1030652891375646e-05
-4.0526915544306321e-05
-4.0086382126093533e-05
-3.9613907627654466e-05
-3.9139076845630674e-05
-3.8693234304250457e-05
-3.8184175729127348e-05
0.0000000000000000e+00
];
