%Vec Object:dSdr_b_aug_1800 1 MPI processes
%  type: seq
dSdr_b_aug_1800 = [
2.4201075491199535e+03
0.0000000000000000e+00
-1.7060738990814366e-06
-6.9921045539766570e-07
-4.2900402691870277e-07
-3.0236262427259453e-07
-2.2684063713565094e-07
-1.8019629220699670e-07
-1.4858226883966812e-07
-1.2467352373553923e-07
-1.0692442655785754e-07
-9.3322957342118140e-08
-8.2234977256421547e-08
-7.3251824636611153e-08
-6.5888237945649817e-08
-5.9678242047919861e-08
-5.4371077876071797e-08
-4.9843374510087256e-08
-4.5928875753008760e-08
-4.2474309148606527e-08
-3.9447943154933604e-08
-3.6778950733550674e-08
-3.4390178658414925e-08
-9.2180530197455886e-08
-9.6428023364079096e-05
-5.7016924383304190e-04
-5.4690792111315506e-04
-5.0555289494504238e-04
-4.6252014089577731e-04
-4.1655623625203893e-04
-3.7611755270552434e-04
-3.3728287789021956e-04
-3.0064549355377580e-04
-2.6202466234986091e-04
-2.3061998816338157e-04
-2.0329453645651866e-04
-1.7939591345488297e-04
-1.5682422204902152e-04
-1.3972746749790670e-04
-1.2675740495747786e-04
-1.1650654163307209e-04
-1.0823323107993743e-04
-1.0306451522422364e-04
-9.9895166909194383e-05
-9.8143039528018715e-05
-9.7692611055032432e-05
-9.8151398207964693e-05
-9.9146114510511576e-05
-1.0060286949249493e-04
-1.0257449497789558e-04
-1.0430801993726274e-04
-1.0612837382585257e-04
-1.0797680398291499e-04
-1.0974914631008889e-04
-1.1122860437451304e-04
-1.1254388064813689e-04
-1.1379512415771450e-04
-1.1479523916403728e-04
-1.1560543801030121e-04
-1.1624293362508463e-04
-1.1680425362678994e-04
-1.1715384404975155e-04
-1.1733641268768007e-04
-1.1745856687222224e-04
-1.1748378146966526e-04
-1.1737118812393114e-04
-1.1719044296350230e-04
-1.1694815229493420e-04
-1.1661884972705464e-04
-1.1622887424152947e-04
-1.1581483008311050e-04
-1.1535460150661494e-04
-1.1486021071407581e-04
-1.1429101229353356e-04
-1.1374112563962096e-04
-1.1316435809052544e-04
-1.1252951003943444e-04
-1.1192818471660310e-04
-1.1131660456750891e-04
-1.1061776567516833e-04
-1.0997773126184396e-04
-1.0933395384591861e-04
-1.0862315973749295e-04
-1.0797192954027688e-04
-1.0732409819163546e-04
-1.0656989302826810e-04
-1.0591968135647153e-04
-1.0524902514244269e-04
-1.0451845993764520e-04
-1.0387074584500091e-04
-1.0318377562865017e-04
-1.0245890632846169e-04
-1.0180856897679305e-04
-1.0109944647622667e-04
-1.0041555409032158e-04
-9.9776685523988868e-05
-9.9038562036934160e-05
-9.8386472912843708e-05
-9.7735950260892393e-05
-9.6985921059926781e-05
-9.6379887360976331e-05
-9.5697866059285324e-05
-9.5001161678491769e-05
-9.4395610582575677e-05
-9.3656611010254097e-05
-9.3031702119590764e-05
-9.2400719691102106e-05
-9.1687125030016930e-05
-9.1092628601322417e-05
-9.0403492190864964e-05
-8.9750641661405026e-05
-8.9150282071686902e-05
-8.8443815670667002e-05
-8.7855868298225779e-05
-8.7188596746971464e-05
-8.6559529095510076e-05
-8.5936419755684514e-05
-8.5274608589255783e-05
-8.4691981554353821e-05
-8.4006904555060109e-05
-8.3431630097517654e-05
-8.2789999496540935e-05
-8.2155016317906718e-05
-8.1588967909348569e-05
-8.0894422662215057e-05
-8.0354916312637864e-05
-7.9688101131609909e-05
-7.9112235127244495e-05
-7.8497159992560030e-05
-7.7883736832091611e-05
-7.7294598002108819e-05
-7.6671168457703934e-05
-7.6114157950723095e-05
-7.5456263240234573e-05
-7.4928016633250846e-05
-7.4271757460936809e-05
-7.3721510272738798e-05
-7.3108117530308177e-05
-7.2525320397940127e-05
-7.1943119550116699e-05
-7.1351902093760383e-05
-7.0779608559386960e-05
-7.0182858338781087e-05
-6.9622800610053763e-05
-6.9005723493339546e-05
-6.8480066974014369e-05
-6.7840371737839541e-05
-6.7330355896548188e-05
-6.6696605892534915e-05
-6.6182101794999077e-05
-6.5553455466909848e-05
-6.5040298767122737e-05
-6.4404351485223375e-05
-6.3908704780562414e-05
-6.3265815946950303e-05
-6.2771760332826118e-05
-6.2141724307129993e-05
-6.1637760163823658e-05
-6.1016385131092883e-05
-6.0506214544192667e-05
-5.9886269820503006e-05
-5.9383823108515968e-05
-5.8763659113274626e-05
-5.8251909080061326e-05
-5.7657802905759538e-05
-5.7119249708610444e-05
-5.6553506323390352e-05
-5.5993679641999395e-05
-5.5437691239007329e-05
-5.4871734234390474e-05
-5.4326048254249468e-05
-5.3746257599687468e-05
-5.3225114368506798e-05
-5.2615405489103663e-05
-5.2111432663813918e-05
-5.1501436770363895e-05
-5.0981750512878155e-05
-5.0401231597577088e-05
-4.9843844482755999e-05
-4.9302587588483359e-05
-4.8707055088706200e-05
-4.8195768549003472e-05
-4.7576605217099533e-05
-4.7054421571766781e-05
-4.6472856897278332e-05
-4.5915079376809098e-05
-4.5363395577539948e-05
-4.4773506365967839e-05
-4.4249519158474209e-05
-4.3629368442953771e-05
-4.3094919207096972e-05
-4.2513255936585657e-05
-4.1937280295351947e-05
-4.1394447433788259e-05
-4.0772239659114320e-05
-4.0228467416738712e-05
-3.9644335905044694e-05
-3.9055988451234896e-05
-3.8506680220944547e-05
-3.7879285319479226e-05
0.0000000000000000e+00
];
