%Vec Object:dSdr_b_aug_4330 1 MPI processes
%  type: seq
dSdr_b_aug_4330 = [
2.3450938951052408e+03
0.0000000000000000e+00
-1.0079729203305664e-06
-4.1585559783417058e-07
-2.5775363145433151e-07
-1.8280319466747251e-07
-1.3721591245719387e-07
-1.0903688845882199e-07
-8.9936421207737131e-08
-7.5543262100205587e-08
-6.4855131175042912e-08
-5.6662091877419189e-08
-4.9987368719648093e-08
-4.4579431180333063e-08
-4.0145682203799964e-08
-3.6406287501127374e-08
-3.3210323516697216e-08
-3.0483354279305067e-08
-2.8125374720784757e-08
-2.6340724837051698e-08
-1.1620043048519611e-05
-6.9474522770527280e-04
-6.8858913013079587e-04
-6.4985417087717922e-04
-6.0643590846988537e-04
-5.6454191410131732e-04
-5.2439309064380350e-04
-4.8385388296463171e-04
-4.4227152912914176e-04
-3.9784925185740866e-04
-3.5876134946553824e-04
-3.2120315902413072e-04
-2.8575445937342861e-04
-2.4837385120843759e-04
-2.1797157575676853e-04
-1.9151267222975108e-04
-1.6836970538975252e-04
-1.4651292032771566e-04
-1.2995813338127806e-04
-1.1740147257870099e-04
-1.0748581229855574e-04
-9.9490664012123306e-05
-9.4506204909037159e-05
-9.1463678974808534e-05
-8.9798103968953248e-05
-8.9400107280045990e-05
-8.9884795615602353e-05
-9.0890822019229858e-05
-9.2346624315994708e-05
-9.4311500044228232e-05
-9.6040168007697498e-05
-9.7852937664074733e-05
-9.9697382390184598e-05
-1.0147095114663365e-04
-1.0295554722791925e-04
-1.0428221996145743e-04
-1.0555289733182398e-04
-1.0657532650387252e-04
-1.0741153309485605e-04
-1.0808196694361492e-04
-1.0868190704433326e-04
-1.0907078886182216e-04
-1.0929705819065586e-04
-1.0947170799636266e-04
-1.0954500753413472e-04
-1.0948346951863363e-04
-1.0935934422188706e-04
-1.0917543985936205e-04
-1.0890276863314202e-04
-1.0857263776140967e-04
-1.0822236573060264e-04
-1.0782105226647240e-04
-1.0738583628412809e-04
-1.0688677575440491e-04
-1.0639734953685561e-04
-1.0588067705201915e-04
-1.0531706456023176e-04
-1.0477589050207361e-04
-1.0422423475397656e-04
-1.0359838326943579e-04
-1.0301867415850780e-04
-1.0243588518682208e-04
-1.0179601544588712e-04
-1.0120477783806135e-04
-1.0061737224443278e-04
-9.9934746150787894e-05
-9.9344285741850960e-05
-9.8734827194988132e-05
-9.8072878757769600e-05
-9.7483924728579370e-05
-9.6859115264162949e-05
-9.6201239230617733e-05
-9.5609156667775797e-05
-9.4963934115674397e-05
-9.4342905218460478e-05
-9.3761291708053355e-05
-9.3089144957510218e-05
-9.2497406419125343e-05
-9.1904288939801237e-05
-9.1221473120767823e-05
-9.0672025526611222e-05
-9.0049538758856001e-05
-8.9416116706723535e-05
-8.8866383131687738e-05
-8.8191905490311756e-05
-8.7624769621003700e-05
-8.7050885997665549e-05
-8.6400631253540663e-05
-8.5860911803160517e-05
-8.5233995984438846e-05
-8.4639714487248419e-05
-8.4094410181930669e-05
-8.3452135921545883e-05
-8.2917211391065249e-05
-8.2311396233837142e-05
-8.1739226451154254e-05
-8.1172567024589894e-05
-8.0571810256357612e-05
-8.0042310338281715e-05
-7.9419444496181364e-05
-7.8898409453130271e-05
-7.8314520089802547e-05
-7.7738053677750606e-05
-7.7226080995874960e-05
-7.6593347659003789e-05
-7.6105713303621360e-05
-7.5500485691025828e-05
-7.4977234815922210e-05
-7.4421575026099976e-05
-7.3864221101243769e-05
-7.3330530516363212e-05
-7.2766342627023745e-05
-7.2261458318587175e-05
-7.1665858874932532e-05
-7.1188319339478726e-05
-7.0593834100979793e-05
-7.0096380592657190e-05
-6.9541580348115082e-05
-6.9014189034225881e-05
-6.8488335349918257e-05
-6.7954197970325931e-05
-6.7436542846765080e-05
-6.6898816986072688e-05
-6.6392344209842904e-05
-6.5835302671448406e-05
-6.5362562955459432e-05
-6.4783510864323724e-05
-6.4325905180451635e-05
-6.3753446894634387e-05
-6.3290016183982715e-05
-6.2724814261548085e-05
-6.2262282163060123e-05
-6.1690078746981647e-05
-6.1244848938678292e-05
-6.0666111365471984e-05
-6.0222840405316959e-05
-5.9656322462839213e-05
-5.9203743709321146e-05
-5.8645864481293982e-05
-5.8188297299904678e-05
-5.7631251476808464e-05
-5.7182570486132261e-05
-5.6624519645141484e-05
-5.6167497324566009e-05
-5.5635302258034362e-05
-5.5152531189998986e-05
-5.4647813457473331e-05
-5.4145786568990975e-05
-5.3649599593459912e-05
-5.3143659815715644e-05
-5.2656261199701691e-05
-5.2138860105150088e-05
-5.1674079309757485e-05
-5.1129934786098433e-05
-5.0681159166590706e-05
-5.0136871166748293e-05
-4.9674350480619643e-05
-4.9157598937687793e-05
-4.8660840084038892e-05
-4.8180882562792111e-05
-4.7649626723985057e-05
-4.7196693752411279e-05
-4.6646034584631932e-05
-4.6182067193709106e-05
-4.5667319302685639e-05
-4.5171525565611903e-05
-4.4683150410564238e-05
-4.4160129875233564e-05
-4.3696470780193769e-05
-4.3147308996198317e-05
-4.2674521423699585e-05
-4.2159774158189391e-05
-4.1650701800091832e-05
-4.1170860969623571e-05
-4.0621424852439663e-05
-4.0141053064990133e-05
-3.9625468058818274e-05
-3.9106743741326997e-05
-3.8620658012230681e-05
-3.8064116575078705e-05
0.0000000000000000e+00
];
