%Vec Object:dSdr_b_aug_7860 1 MPI processes
%  type: seq
dSdr_b_aug_7860 = [
2.2953816511467503e+03
0.0000000000000000e+00
-7.2580539038693086e-07
-3.0037272287828397e-07
-1.8710375852952548e-07
-1.3307753965554380e-07
-9.9859909932684849e-08
-7.9317853452430610e-08
-6.5393749741315161e-08
-5.4925458186496661e-08
-4.7150837568916403e-08
-4.1190125021832913e-08
-3.6336970706311777e-08
-3.2405080717427387e-08
-2.9181215039058702e-08
-2.6462456307577425e-08
-2.4139056343618400e-08
-2.2528065056388938e-08
-4.8760500661880403e-05
-7.8221207838002752e-04
-7.4437438401445740e-04
-7.0545523536400673e-04
-6.6730770761333003e-04
-6.2930261590625459e-04
-5.8711356988477772e-04
-5.4637915388692940e-04
-5.0731772832137572e-04
-4.6786235996689954e-04
-4.2737194738822582e-04
-3.8408557618559988e-04
-3.4599164050165212e-04
-3.0937262868933391e-04
-2.7479849706066507e-04
-2.3833037433747129e-04
-2.0866560653737195e-04
-1.8284425955565213e-04
-1.6025726126127801e-04
-1.3892646340061946e-04
-1.2277042530671719e-04
-1.1051792203827043e-04
-1.0084888510995742e-04
-9.3058392790889403e-05
-8.8209499262197064e-05
-8.5260281917290965e-05
-8.3658387089981289e-05
-8.3298966560936717e-05
-8.3802711335258703e-05
-8.4817058887225064e-05
-8.6272160069285507e-05
-8.8232069523828824e-05
-8.9957163817267009e-05
-9.1764353265790180e-05
-9.3605865584822943e-05
-9.5380336531787272e-05
-9.6868712739807788e-05
-9.8203770214512904e-05
-9.9488745791510342e-05
-1.0052759234361449e-04
-1.0138293382839821e-04
-1.0207760148232931e-04
-1.0270595579350692e-04
-1.0312374573803335e-04
-1.0338216731565599e-04
-1.0359544018560781e-04
-1.0370411767314370e-04
-1.0368014306068665e-04
-1.0359767524049455e-04
-1.0345672801005295e-04
-1.0322572272141801e-04
-1.0293962193615947e-04
-1.0263626963757892e-04
-1.0227830239894292e-04
-1.0188662371888906e-04
-1.0143916650265737e-04
-1.0099422348769331e-04
-1.0052176539095383e-04
-1.0001056382836194e-04
-9.9513645515931514e-05
-9.9006078604063505e-05
-9.8433926970532598e-05
-9.7898601663654123e-05
-9.7360684401018134e-05
-9.6772996654879450e-05
-9.6225898069103168e-05
-9.5682950199434106e-05
-9.5052987804757422e-05
-9.4506488905002968e-05
-9.3942056050024163e-05
-9.3330591854480480e-05
-9.2784870070509670e-05
-9.2205794883931303e-05
-9.1597208616538999e-05
-9.1047986550113924e-05
-9.0449777880126280e-05
-8.9875000298352966e-05
-8.9335511740806629e-05
-8.8711906856831041e-05
-8.8164570786241031e-05
-8.7613688709589592e-05
-8.6980324612242262e-05
-8.6472509798814093e-05
-8.5893825122988380e-05
-8.5306962600934481e-05
-8.4798296378917201e-05
-8.4171290297399893e-05
-8.3646660527694937e-05
-8.3114786954861116e-05
-8.2511134114597137e-05
-8.2011716449287048e-05
-8.1430579000606491e-05
-8.0879389266226426e-05
-8.0374591510191522e-05
-7.9779546175140958e-05
-7.9283632841354047e-05
-7.8723033806042992e-05
-7.8192726244409553e-05
-7.7667599460221087e-05
-7.7111763051537389e-05
-7.6621351054923680e-05
-7.6044256651877558e-05
-7.5563127897517604e-05
-7.5021721265266939e-05
-7.4488308175551141e-05
-7.4016121354244000e-05
-7.3428865720597073e-05
-7.2979395848846778e-05
-7.2419480885136940e-05
-7.1934941253635627e-05
-7.1422995917984848e-05
-7.0906894574321251e-05
-7.0413999683126987e-05
-6.9893398463340587e-05
-6.9426865681561167e-05
-6.8877099585028386e-05
-6.8436867468585713e-05
-6.7887832015541298e-05
-6.7429221138614644e-05
-6.6917529967037143e-05
-6.6430903152988498e-05
-6.5946506559321326e-05
-6.5454365509792206e-05
-6.4976910282147954e-05
-6.4482611251521780e-05
-6.4015563304940822e-05
-6.3502692602308096e-05
-6.3068886138969196e-05
-6.2534451907201257e-05
-6.2115406725337557e-05
-6.1588043493426641e-05
-6.1162189778205962e-05
-6.0643666746644293e-05
-6.0218381467119033e-05
-5.9693077283262485e-05
-5.9284941492292795e-05
-5.8753402907539212e-05
-5.8347496558847577e-05
-5.7827711770111329e-05
-5.7412939638103489e-05
-5.6901777197110525e-05
-5.6482912810185490e-05
-5.5972144636080889e-05
-5.5563021636763646e-05
-5.5050670373769770e-05
-5.4633913861610887e-05
-5.4147269760619118e-05
-5.3705540329275553e-05
-5.3245722146386779e-05
-5.2786221435558758e-05
-5.2334033359745864e-05
-5.1872251294020044e-05
-5.1427737698569698e-05
-5.0956239836958241e-05
-5.0532927913153504e-05
-5.0037022578670333e-05
-4.9628858656527777e-05
-4.9132915612007508e-05
-4.8712455017611734e-05
-4.8242620915175866e-05
-4.7790470055696225e-05
-4.7355614450636960e-05
-4.6871651246194625e-05
-4.6461653249584622e-05
-4.5961397585382215e-05
-4.5540264765118718e-05
-4.5074679663028863e-05
-4.4624493404366231e-05
-4.4182701173610396e-05
-4.3708883750220786e-05
-4.3289616769742407e-05
-4.2792692416309381e-05
-4.2365282066676966e-05
-4.1899781258319478e-05
-4.1439951079454098e-05
-4.1006482806177870e-05
-4.0510628435517468e-05
-4.0076968999278143e-05
-3.9611936089297830e-05
-3.9144690315925655e-05
-3.8705831913634961e-05
-3.8205197126379094e-05
0.0000000000000000e+00
];
