%Vec Object:dSdr_b_aug_3780 1 MPI processes
%  type: seq
dSdr_b_aug_3780 = [
2.3582026280168484e+03
0.0000000000000000e+00
-1.1005535797466646e-06
-4.5273761287690424e-07
-2.7961664753520483e-07
-1.9771053209012575e-07
-1.4808919137941825e-07
-1.1742371306786168e-07
-9.6640228178067783e-08
-8.0981389827839879e-08
-6.9355598838160515e-08
-6.0444652007377331e-08
-5.3189044344933060e-08
-4.7311974448069258e-08
-4.2494164553674318e-08
-3.8432399274773082e-08
-3.4962501085917328e-08
-3.2002160447896096e-08
-2.9442864724660414e-08
-2.7186013441044762e-08
-5.5956453735737851e-08
-1.9955592192965403e-04
-6.8905206819586844e-04
-6.5415468257800041e-04
-6.1054412385643452e-04
-5.6840510936963999e-04
-5.2802504527559111e-04
-4.8725530530352402e-04
-4.4544069392317805e-04
-4.0077680760722430e-04
-3.6147748689503007e-04
-3.2371953164354948e-04
-2.8808480996220085e-04
-2.5051011466508023e-04
-2.1995097014070457e-04
-1.9335645730157369e-04
-1.7009523504823477e-04
-1.4812657165005615e-04
-1.3148697019862594e-04
-1.1886561464858719e-04
-1.0889749723024981e-04
-1.0085881833311842e-04
-9.5845524256130425e-05
-9.2783151475070520e-05
-9.1104031630584491e-05
-9.0697829766139089e-05
-9.1178464799289064e-05
-9.2182721311853284e-05
-9.3638672764819020e-05
-9.5604604852816963e-05
-9.7334032965125516e-05
-9.9147989562522830e-05
-1.0099305803672376e-04
-1.0276643491410412e-04
-1.0425022697368427e-04
-1.0557511627568014e-04
-1.0684275240959514e-04
-1.0786168959275565e-04
-1.0869382616165743e-04
-1.0935910533416379e-04
-1.0995300158635992e-04
-1.1033573450407831e-04
-1.1055516490940474e-04
-1.1072159952905762e-04
-1.1078737412208529e-04
-1.1071784631214224e-04
-1.1058486040490623e-04
-1.1039181899326552e-04
-1.1011028535649701e-04
-1.0977078921603236e-04
-1.0941053728422237e-04
-1.0900000400962861e-04
-1.0855552757451270e-04
-1.0804549093826953e-04
-1.0754660307326402e-04
-1.0702052611845151e-04
-1.0644576573870834e-04
-1.0589517841364615e-04
-1.0533414490032196e-04
-1.0469687137201030e-04
-1.0410772175581379e-04
-1.0351538850049660e-04
-1.0286441956639882e-04
-1.0226379351832327e-04
-1.0166693169642600e-04
-1.0097310395013964e-04
-1.0037329285850200e-04
-9.9754257275492787e-05
-9.9081570759775592e-05
-9.8483421163395133e-05
-9.7848883945281191e-05
-9.7180523900068077e-05
-9.6579324841555684e-05
-9.5924102361900123e-05
-9.5293235736407537e-05
-9.4702662181414792e-05
-9.4020190498657889e-05
-9.3419007484678697e-05
-9.2816906467891715e-05
-9.2123572188949364e-05
-9.1565269235951250e-05
-9.0933465692297419e-05
-9.0290140351788857e-05
-8.9731671683180753e-05
-8.9047096763097511e-05
-8.8470919776484914e-05
-8.7888100546027880e-05
-8.7227933500257912e-05
-8.6679641793634027e-05
-8.6042988840206373e-05
-8.5439541653904434e-05
-8.4885621538540848e-05
-8.4233301607809221e-05
-8.3690079331091819e-05
-8.3074646630126070e-05
-8.2493572683455506e-05
-8.1918079194925382e-05
-8.1307767791804973e-05
-8.0769953807713108e-05
-8.0137352304528468e-05
-7.9607829127350543e-05
-7.9014903616273467e-05
-7.8429279690954429e-05
-7.7908844489910062e-05
-7.7266437969535274e-05
-7.6770685964354585e-05
-7.6155820275743656e-05
-7.5624335453797301e-05
-7.5059377526212427e-05
-7.4493249107853275e-05
-7.3950881210006164e-05
-7.3377422362496972e-05
-7.2864380619174171e-05
-7.2259032345139520e-05
-7.1773557457972380e-05
-7.1169404972973026e-05
-7.0663689570448469e-05
-7.0099719952560182e-05
-6.9563657959565220e-05
-6.9028986280718002e-05
-6.8485916209344171e-05
-6.7959710498232396e-05
-6.7412747675814095e-05
-6.6897889169333289e-05
-6.6331452417342154e-05
-6.5850431529960977e-05
-6.5261889141995623e-05
-6.4796081570795224e-05
-6.4214031487530240e-05
-6.3742608082195478e-05
-6.3167477476881343e-05
-6.2697022912097214e-05
-6.2114843945186395e-05
-6.1661724170758181e-05
-6.1072947287192658e-05
-6.0621728804043870e-05
-6.0045270633725633e-05
-5.9584650339639614e-05
-5.9016834363588954e-05
-5.8551035022671817e-05
-5.7984145855142064e-05
-5.7527050801364973e-05
-5.6959279570596153e-05
-5.6493692630721301e-05
-5.5951808782033506e-05
-5.5460308071991082e-05
-5.4946040111505113e-05
-5.4434967813224873e-05
-5.3929422175623336e-05
-5.3414089953720885e-05
-5.2917569594634725e-05
-5.2390404775225841e-05
-5.1916803447617325e-05
-5.1362398330120381e-05
-5.0904984492557131e-05
-5.0350413392578996e-05
-4.9878946401407586e-05
-4.9352215380203823e-05
-4.8845968262988841e-05
-4.8356417410543063e-05
-4.7815102258868611e-05
-4.7353036842159584e-05
-4.6791656642496779e-05
-4.6318578123378582e-05
-4.5793373054217427e-05
-4.5287878325119208e-05
-4.4789594655021494e-05
-4.4256108227554290e-05
-4.3783006470832927e-05
-4.3222733204137067e-05
-4.2740293177557630e-05
-4.2215070242934090e-05
-4.1695522789264624e-05
-4.1205816699524763e-05
-4.0644980987087290e-05
-4.0154669021057211e-05
-3.9628323480780920e-05
-3.9098632393091897e-05
-3.8602452607934490e-05
-3.8033758439731009e-05
0.0000000000000000e+00
];
