%Vec Object:dSdr_b_aug_3060 1 MPI processes
%  type: seq
dSdr_b_aug_3060 = [
2.3745722553174573e+03
0.0000000000000000e+00
-1.2313040543366762e-06
-5.0555092718661602e-07
-3.1139871302480159e-07
-2.1976246632855222e-07
-1.6448413087483961e-07
-1.3032918489356280e-07
-1.0718156169356956e-07
-8.9732530698174189e-08
-7.6778832540999124e-08
-6.6850711135723111e-08
-5.8767341588509173e-08
-5.2220253969196345e-08
-4.6853436956529978e-08
-4.2329311539752388e-08
-3.8464938596644635e-08
-3.5168172144803687e-08
-3.2318181191346000e-08
-2.9804582961023723e-08
-2.7622457326810167e-08
-4.6827255878885164e-07
-3.9603568181861398e-04
-6.5759635146409360e-04
-6.1698818680994084e-04
-5.7453461775242942e-04
-5.3378975616797753e-04
-4.9265419354547319e-04
-4.5047093727178873e-04
-4.0542355840743918e-04
-3.6578866492093068e-04
-3.2771363385483606e-04
-2.9178364952419229e-04
-2.5390089029223982e-04
-2.2309275603007485e-04
-1.9628299791537925e-04
-1.7283407528569605e-04
-1.5068783350404404e-04
-1.3391361060938778e-04
-1.2118956860586489e-04
-1.1113818882028404e-04
-1.0303041614438007e-04
-9.7971353864744094e-05
-9.4877479240337864e-05
-9.3176860383294006e-05
-9.2757634860113813e-05
-9.3231836276005180e-05
-9.4233283505489434e-05
-9.5689471675565059e-05
-9.7657080436318580e-05
-9.9387715064425737e-05
-1.0120355560284209e-04
-1.0304961409393995e-04
-1.0482268638987530e-04
-1.0630520224888620e-04
-1.0762726078778333e-04
-1.0889006971475511e-04
-1.0990346423742452e-04
-1.1072914068304763e-04
-1.1138623826060097e-04
-1.1197054157368900e-04
-1.1234351480336287e-04
-1.1255209027425167e-04
-1.1270548526440711e-04
-1.1275931581611762e-04
-1.1267710613972528e-04
-1.1253005617209022e-04
-1.1232251192871955e-04
-1.1202691138401189e-04
-1.1167255021665857e-04
-1.1129645772181017e-04
-1.1087129033518557e-04
-1.1041211527886862e-04
-1.0988465685814727e-04
-1.0937075102726382e-04
-1.0882974686124669e-04
-1.0823729203860487e-04
-1.0767176354009441e-04
-1.0709584520392619e-04
-1.0644044208071778e-04
-1.0583630805776052e-04
-1.0522882567457692e-04
-1.0456023958914667e-04
-1.0394471177539154e-04
-1.0333284059144768e-04
-1.0262123306622363e-04
-1.0200658013955169e-04
-1.0137234344311929e-04
-1.0068261295469602e-04
-1.0006986773031845e-04
-9.9419890173597166e-05
-9.8734889422538475e-05
-9.8119220242013565e-05
-9.7448125417268279e-05
-9.6801643896617283e-05
-9.6196848546575831e-05
-9.5497988656499723e-05
-9.4881814936528106e-05
-9.4265454835980707e-05
-9.3555425173993541e-05
-9.2983066588265447e-05
-9.2336475032662096e-05
-9.1677430743489566e-05
-9.1105097338554889e-05
-9.0404495559861522e-05
-8.9813968102183477e-05
-8.9216965871547504e-05
-8.8541065571435954e-05
-8.7979167591815418e-05
-8.7327059417115324e-05
-8.6709064034179448e-05
-8.6141468515405211e-05
-8.5473203642066168e-05
-8.4916810807555710e-05
-8.4286112705953158e-05
-8.3690905668160171e-05
-8.3101390357407208e-05
-8.2475913405922918e-05
-8.1924902961273227e-05
-8.1276848577105528e-05
-8.0733852650769340e-05
-8.0126584558491739e-05
-7.9526425414998608e-05
-7.8992558122513787e-05
-7.8334797889451503e-05
-7.7826161185502089e-05
-7.7195997508411980e-05
-7.6651443396342491e-05
-7.6071727046288514e-05
-7.5491671357770456e-05
-7.4935530439443901e-05
-7.4347356310963087e-05
-7.3821366721733408e-05
-7.3200544666832893e-05
-7.2702474434871688e-05
-7.2082977663196377e-05
-7.1564148613385657e-05
-7.0985624956311974e-05
-7.0435800474812451e-05
-6.9887132482174282e-05
-6.9329884044645946e-05
-6.8790106461112912e-05
-6.8228482322152878e-05
-6.7700313613365588e-05
-6.7118964361377392e-05
-6.6624799233114048e-05
-6.6021193426052692e-05
-6.5542367458527301e-05
-6.4945092851050561e-05
-6.4460983090947071e-05
-6.3870093243002454e-05
-6.3387063794735182e-05
-6.2789051196243559e-05
-6.2323408126011318e-05
-6.1718696410741690e-05
-6.1254863277080660e-05
-6.0662627545932357e-05
-6.0189243375087731e-05
-5.9605655364366253e-05
-5.9126789590620598e-05
-5.8544276646409266e-05
-5.8073826437890837e-05
-5.7490626593709116e-05
-5.7011445534051120e-05
-5.6454183246008169e-05
-5.5948826490227020e-05
-5.5419400015837707e-05
-5.4893970477778703e-05
-5.4373570395920806e-05
-5.3843330114057291e-05
-5.3332331368907503e-05
-5.2789669186845232e-05
-5.2302067580995658e-05
-5.1731376461942569e-05
-5.1260251739264898e-05
-5.0689358933395073e-05
-5.0203692068808857e-05
-4.9661121288656281e-05
-4.9139814106388387e-05
-4.8635036438930904e-05
-4.8077754868347051e-05
-4.7601194224432402e-05
-4.7022797355369297e-05
-4.6535257517226097e-05
-4.5993454668678634e-05
-4.5472562475976760e-05
-4.4958552033006050e-05
-4.4408454245961001e-05
-4.3920365385795188e-05
-4.3342456385185143e-05
-4.2844696727343291e-05
-4.2302847914641585e-05
-4.1766676089964971e-05
-4.1261314535955641e-05
-4.0682389623162192e-05
-4.0176307898160286e-05
-3.9632896794799455e-05
-3.9085828606577222e-05
-3.8573710882480511e-05
-3.7986172330558737e-05
0.0000000000000000e+00
];
