%Vec Object:dSdr_b_aug_8250 1 MPI processes
%  type: seq
dSdr_b_aug_8250 = [
2.2912167878769965e+03
0.0000000000000000e+00
-7.0523087420862529e-07
-2.9137603251541151e-07
-1.8121043208936454e-07
-1.2864800992675403e-07
-9.6328598548641742e-08
-7.6343642319510407e-08
-6.2798800008424174e-08
-5.2625293184377877e-08
-4.5070685913986007e-08
-3.9278900440763426e-08
-3.4566698958541557e-08
-3.0750011382274725e-08
-2.7620880979415036e-08
-2.4983050291294656e-08
-2.2729880975092425e-08
-2.3601309244793107e-08
-1.8015247030369735e-04
-7.8294762056965565e-04
-7.4233163750770509e-04
-7.0349599829429049e-04
-6.6544707869655004e-04
-6.2753845955317857e-04
-5.8545550131486074e-04
-5.4482060362626009e-04
-5.0585248832978459e-04
-4.6649012443031080e-04
-4.2609341151340045e-04
-3.8290451259509294e-04
-3.4489586935582410e-04
-3.0835744861218607e-04
-2.7385836380403890e-04
-2.3746854159603076e-04
-2.0786705943996205e-04
-1.8210042128131686e-04
-1.5956113072997411e-04
-1.3827546810447235e-04
-1.2215364686339025e-04
-1.0992724337935083e-04
-1.0027936922031046e-04
-9.2506438444399695e-05
-8.7669177804304975e-05
-8.4727967271883863e-05
-8.3131536840730385e-05
-8.2775426530311633e-05
-8.3280806534401144e-05
-8.4295868120178654e-05
-8.5750909135380704e-05
-8.7710392429943913e-05
-8.9435180062919057e-05
-9.1241890670090974e-05
-9.3083151356175372e-05
-9.4857699717800848e-05
-9.6346400296639018e-05
-9.7682177264880947e-05
-9.8968379771035113e-05
-1.0000863509890677e-04
-1.0086561855062746e-04
-1.0156236571754499e-04
-1.0219315826256042e-04
-1.0261342882357150e-04
-1.0287460939588017e-04
-1.0309119652205818e-04
-1.0320290980174686e-04
-1.0318215851522627e-04
-1.0310326533383163e-04
-1.0296600426572447e-04
-1.0273857434155810e-04
-1.0245625178861384e-04
-1.0215692568322573e-04
-1.0180267799439507e-04
-1.0141473526033648e-04
-1.0097170613577911e-04
-1.0053058023443209e-04
-1.0006191618419977e-04
-9.9555212014568694e-05
-9.9062091297378275e-05
-9.8558307658140758e-05
-9.7990764019914407e-05
-9.7459247296773638e-05
-9.6925180484991940e-05
-9.6341970486415234e-05
-9.5798659479388220e-05
-9.5259526536252631e-05
-9.4634083224125009e-05
-9.4091356670495185e-05
-9.3530787479322210e-05
-9.2923655346555470e-05
-9.2381643330340845e-05
-9.1806492611298969e-05
-9.1202135908426398e-05
-9.0656591709793055e-05
-9.0062417310278164e-05
-8.9491608562932741e-05
-8.8955734755973571e-05
-8.8336295258904731e-05
-8.7792769372765261e-05
-8.7245511524309600e-05
-8.6616390888600444e-05
-8.6112148592256682e-05
-8.5537222580979721e-05
-8.4954355338275284e-05
-8.4449213110983468e-05
-8.3826280570155142e-05
-8.3305298254170143e-05
-8.2777029568975439e-05
-8.2177375643937881e-05
-8.1681416279650757e-05
-8.1104207078562524e-05
-8.0556715053496712e-05
-8.0055393169164223e-05
-7.9464400553914009e-05
-7.8971834775277088e-05
-7.8415115740654434e-05
-7.7888400380911975e-05
-7.7366837517332143e-05
-7.6814855729750718e-05
-7.6327797871723866e-05
-7.5754631120883453e-05
-7.5276926729194268e-05
-7.4739165544445343e-05
-7.4209446864661777e-05
-7.3740674071829477e-05
-7.3157320884430671e-05
-7.2711125910355522e-05
-7.2155099229375411e-05
-7.1673881412860548e-05
-7.1165687218399863e-05
-7.0653125762072945e-05
-7.0163731552518187e-05
-6.9646870508312803e-05
-6.9183628673566064e-05
-6.8637795540075995e-05
-6.8200764775301536e-05
-6.7655629371493319e-05
-6.7200351582740047e-05
-6.6692359603138409e-05
-6.6209230792690964e-05
-6.5728391633770476e-05
-6.5239854290969878e-05
-6.4765848617530746e-05
-6.4275276044598113e-05
-6.3811611143152973e-05
-6.3302530740900296e-05
-6.2872065139870783e-05
-6.2341459566965935e-05
-6.1925723260988427e-05
-6.1402229635378766e-05
-6.0979600400407092e-05
-6.0465082883667985e-05
-6.0042993751011654e-05
-5.9521713988545941e-05
-5.9116761231536208e-05
-5.8589272789160609e-05
-5.8186572692969343e-05
-5.7670798071970050e-05
-5.7259270119996996e-05
-5.6752116440788951e-05
-5.6336573132978533e-05
-5.5829776036303961e-05
-5.5424047498723003e-05
-5.4915617706546014e-05
-5.4502316391590432e-05
-5.4019581006351915e-05
-5.3581373343097297e-05
-5.3125407974655880e-05
-5.2669556416877132e-05
-5.2221143866512569e-05
-5.1763150951452265e-05
-5.1322317294122014e-05
-5.0854758360691394e-05
-5.0435004848499187e-05
-4.9943238883206238e-05
-4.9538559809814924e-05
-4.9046765200190467e-05
-4.8629913729808923e-05
-4.8164105553580994e-05
-4.7715782437853250e-05
-4.7284796950044650e-05
-4.6804891835925762e-05
-4.6398577984292804e-05
-4.5902647321520600e-05
-4.5485189990153658e-05
-4.5023823374025894e-05
-4.4577550484590058e-05
-4.4139755281268739e-05
-4.3670159664038108e-05
-4.3254701579662004e-05
-4.2762259219328607e-05
-4.2338742037105515e-05
-4.1877466191746074e-05
-4.1421860271198280e-05
-4.0992369475982636e-05
-4.0501110277822048e-05
-4.0071454843424301e-05
-3.9610751818773620e-05
-3.9147906353872247e-05
-3.8713052385524284e-05
-3.8216958065526701e-05
0.0000000000000000e+00
];
