%Vec Object:dSdr_b_aug_8090 1 MPI processes
%  type: seq
dSdr_b_aug_8090 = [
2.2932495799232361e+03
0.0000000000000000e+00
-7.1539976915977770e-07
-2.9590468048920433e-07
-1.8422819912783920e-07
-1.3095168429620063e-07
-9.8189958580910535e-08
-7.7930347863661341e-08
-6.4198316927597399e-08
-5.3878225014784897e-08
-4.6214072113795921e-08
-4.0338154300172386e-08
-3.5555320902496174e-08
-3.1680787032061586e-08
-2.8504065622570645e-08
-2.5825456385063684e-08
-2.3536770078612063e-08
-2.2621225423018577e-08
-1.0211169252917525e-04
-7.8299189194886928e-04
-7.4315526570062590e-04
-7.0428379855365646e-04
-6.6619520816922986e-04
-6.2824779863849070e-04
-5.8612218419579643e-04
-5.4544727178963183e-04
-5.0644163792938775e-04
-4.6704187843066151e-04
-4.2660749038475262e-04
-3.8337939942759613e-04
-3.4533646146725640e-04
-3.0876563635113250e-04
-2.7423637642403416e-04
-2.3781507084081992e-04
-2.0818814254722662e-04
-1.8239950685314534e-04
-1.5984103378809518e-04
-1.3853722294886406e-04
-1.2240164372849551e-04
-1.1016474594163574e-04
-1.0050836257368061e-04
-9.2728370582970327e-05
-8.7886432542538833e-05
-8.4942002595506574e-05
-8.3343375013430714e-05
-8.2985933711479505e-05
-8.3490656209505830e-05
-8.4505430687592257e-05
-8.5960495888845649e-05
-8.7920150529392091e-05
-8.9645061460053165e-05
-9.1451964596146124e-05
-9.3293326455064549e-05
-9.5067843684952633e-05
-9.6556413835375312e-05
-9.7891901502777243e-05
-9.9177610676853001e-05
-1.0021729955534793e-04
-1.0107362279571946e-04
-1.0176953382106135e-04
-1.0239934598877636e-04
-1.0281861913129191e-04
-1.0307869035393677e-04
-1.0329394486872337e-04
-1.0340443750308515e-04
-1.0338239016696491e-04
-1.0330205967909909e-04
-1.0316331646264822e-04
-1.0293444894021482e-04
-1.0265060721923959e-04
-1.0234966224458979e-04
-1.0199391898328777e-04
-1.0160447408402328e-04
-1.0115966449363804e-04
-1.0071700379108049e-04
-1.0024681421448098e-04
-9.9738301714233905e-05
-9.9243654043887000e-05
-9.8738349210453484e-05
-9.8168952770362510e-05
-9.7635904675805443e-05
-9.7100289658667347e-05
-9.6515279228837148e-05
-9.5970445296374323e-05
-9.5429778431543709e-05
-9.4802518068038167e-05
-9.4258274713937936e-05
-9.3696152004864091e-05
-9.3087278018505582e-05
-9.2543774363510297e-05
-9.1967045678381808e-05
-9.1360988334788528e-05
-9.0813965323972043e-05
-9.0218168808429931e-05
-8.9645764255869188e-05
-8.9108437015136116e-05
-8.8487322682274884e-05
-8.7942264781550383e-05
-8.7393549688427651e-05
-8.6762722824511705e-05
-8.6257044075888417e-05
-8.5680606766003943e-05
-8.5096133086132311e-05
-8.4589573917932885e-05
-8.3965003472414752e-05
-8.3442554574504989e-05
-8.2912836422564695e-05
-8.2311574598644657e-05
-8.1814224707743027e-05
-8.1235436022006373e-05
-8.0686457208246245e-05
-8.0183737732423329e-05
-7.9591115584498005e-05
-7.9097203808504339e-05
-7.8538924688757475e-05
-7.8010764963160585e-05
-7.7487769105140942e-05
-7.6934237437307831e-05
-7.6445830935015162e-05
-7.5871084939250152e-05
-7.5392003667294264e-05
-7.4852776707696594e-05
-7.4321572566065763e-05
-7.3851427048270466e-05
-7.3266504750996560e-05
-7.2818992994393559e-05
-7.2261402898477064e-05
-7.1778849434838985e-05
-7.1269146967987135e-05
-7.0755162181240899e-05
-7.0264360405202701e-05
-6.9745995497893379e-05
-6.9281430427670031e-05
-6.8734015914441148e-05
-6.8295697939151496e-05
-6.7748994389838689e-05
-6.7292376421644213e-05
-6.6782897058173036e-05
-6.6298361758465070e-05
-6.5816092214154235e-05
-6.5326105880842767e-05
-6.4850713199137339e-05
-6.4358642279729953e-05
-6.3893617112492841e-05
-6.3383012693784730e-05
-6.2951203788204926e-05
-6.2419058775797014e-05
-6.2001992026702868e-05
-6.1476942497484089e-05
-6.1053016753954736e-05
-6.0536888687315595e-05
-6.0113514438694923e-05
-5.9590616524749442e-05
-5.9184383924652582e-05
-5.8655266989223115e-05
-5.8251277714669100e-05
-5.7733890674235758e-05
-5.7321058294298522e-05
-5.6812292761592174e-05
-5.6395414106651867e-05
-5.5887020309448183e-05
-5.5479926919538752e-05
-5.4969920373675508e-05
-5.4555229786548102e-05
-5.4070922777199632e-05
-5.3631299075868782e-05
-5.3173784561641295e-05
-5.2716465747750020e-05
-5.2266535129813309e-05
-5.1807018669622564e-05
-5.1364705380807195e-05
-5.0895562681356430e-05
-5.0474378404041579e-05
-4.9980948081569462e-05
-4.9574867824779137e-05
-4.9081405216705520e-05
-4.8663102598267140e-05
-4.8195675687404210e-05
-4.7745813526300535e-05
-4.7313271959164091e-05
-4.6831735189621454e-05
-4.6423940045238794e-05
-4.5926270418876575e-05
-4.5507335290432845e-05
-4.5044272557548834e-05
-4.4596426247031667e-05
-4.4157024001913403e-05
-4.3685730985504467e-05
-4.3268741555535056e-05
-4.2774497249604557e-05
-4.2349414935276416e-05
-4.1886440631814590e-05
-4.1429136662413624e-05
-4.0998047244854719e-05
-4.0504941404288559e-05
-4.0073677661462258e-05
-3.9611236632948714e-05
-3.9146628208443877e-05
-3.8710181943424411e-05
-3.8212356826204570e-05
0.0000000000000000e+00
];
