%Vec Object:dSdr_b_aug_9490 1 MPI processes
%  type: seq
dSdr_b_aug_9490 = [
2.2760563372149049e+03
0.0000000000000000e+00
-6.4191189413065017e-07
-2.6603295242995543e-07
-1.6605601550583885e-07
-1.1826828145443275e-07
-8.8772806430312505e-08
-7.0529173592651498e-08
-5.8162665594689767e-08
-4.8871826405436430e-08
-4.1971107680467469e-08
-3.6679979775192514e-08
-3.2372395746584816e-08
-2.8882383244240292e-08
-2.6020664942332535e-08
-2.3607198090624152e-08
-2.1558143307272262e-08
-5.5610463060532553e-06
-7.9846130648938236e-04
-7.7848597519818445e-04
-7.3665304004851559e-04
-6.9809138809268795e-04
-6.6031489023925445e-04
-6.2267237801833658e-04
-5.8088204242697319e-04
-5.4052164665387582e-04
-5.0181090960220074e-04
-4.6270508043211675e-04
-4.2256681985155257e-04
-3.7964677933802682e-04
-3.4187339877527476e-04
-3.0555727288330816e-04
-2.7126519019948228e-04
-2.3509134482750486e-04
-2.0566442397598996e-04
-1.8004868994901956e-04
-1.5764099236199793e-04
-1.3647982618063988e-04
-1.2045238508198972e-04
-1.0829797280637802e-04
-9.8708472044787079e-05
-9.0983981372565588e-05
-8.6178807766511083e-05
-8.3259682423954568e-05
-8.1678324409219824e-05
-8.1331344624279076e-05
-8.1841235017633411e-05
-8.2858266052240228e-05
-8.4313141034176502e-05
-8.6271448775417477e-05
-8.7995390478347885e-05
-8.9800780231389968e-05
-9.1641346777677251e-05
-9.3416108617861926e-05
-9.4905703860936888e-05
-9.6243465366609404e-05
-9.7533052075834831e-05
-9.8577193199032037e-05
-9.9438705661883587e-05
-1.0014118872830298e-04
-1.0077870663684497e-04
-1.0120581946801698e-04
-1.0147461016488621e-04
-1.0170033899824634e-04
-1.0182042589737846e-04
-1.0180856550759659e-04
-1.0173953225268248e-04
-1.0161243872781381e-04
-1.0139487073391844e-04
-1.0112296968371500e-04
-1.0083474903366622e-04
-1.0049076098486695e-04
-1.0011312311730175e-04
-9.9682308009350256e-05
-9.9251710860984526e-05
-9.8793511938077556e-05
-9.8299212941151910e-05
-9.7816567140780939e-05
-9.7323218912731492e-05
-9.6768385523730797e-05
-9.6247374028293975e-05
-9.5723927927056731e-05
-9.5153068915852763e-05
-9.4620205199599295e-05
-9.4091594981091309e-05
-9.3478616671733170e-05
-9.2946295393664974e-05
-9.2396383360318507e-05
-9.1801200373484783e-05
-9.1269421023227522e-05
-9.0705095178144886e-05
-9.0112404900312708e-05
-8.9577005378515273e-05
-8.8993958723693743e-05
-8.8434097228699430e-05
-8.7908194002595631e-05
-8.7300243910228340e-05
-8.6767227671676208e-05
-8.6229966546788600e-05
-8.5612550670265212e-05
-8.5118162462600631e-05
-8.4553603998728760e-05
-8.3981756966186396e-05
-8.3486335001917164e-05
-8.2874638540394584e-05
-8.2363717025499411e-05
-8.1845391731315761e-05
-8.1256768046367102e-05
-8.0770347742669567e-05
-8.0203973859000187e-05
-7.9666681256549348e-05
-7.9174946898887287e-05
-7.8595132934322433e-05
-7.8111800746516604e-05
-7.7565783950903820e-05
-7.7048976993198594e-05
-7.6537244523540484e-05
-7.5995894971129873e-05
-7.5518088864565708e-05
-7.4955755791814824e-05
-7.4487496851740489e-05
-7.3959790938766333e-05
-7.3440262584498702e-05
-7.2980906739523156e-05
-7.2408317706503021e-05
-7.1971155915764816e-05
-7.1425854322574843e-05
-7.0953799102865676e-05
-7.0455951718760348e-05
-6.9953154370592344e-05
-6.9473416128387571e-05
-6.8966871649819126e-05
-6.8512707271254554e-05
-6.7977722471630959e-05
-6.7549522032994916e-05
-6.7015144178148757e-05
-6.6569060086615661e-05
-6.6071271631666119e-05
-6.5597791407561571e-05
-6.5126764765135347e-05
-6.4648167572186997e-05
-6.4183676849741800e-05
-6.3703383013498220e-05
-6.3249049612977020e-05
-6.2750424047678448e-05
-6.2329173596758095e-05
-6.1809128668322623e-05
-6.1402519286956811e-05
-6.0889699254535438e-05
-6.0475964158696986e-05
-5.9972495116002377e-05
-5.9559221974269915e-05
-5.9049042840304692e-05
-5.8652869909203401e-05
-5.8136553046778052e-05
-5.7742696825643279e-05
-5.7237983528095447e-05
-5.6835404073301092e-05
-5.6339307846303290e-05
-5.5932925154316809e-05
-5.5437081573143007e-05
-5.5040716071874418e-05
-5.4543102974966217e-05
-5.4139332234192968e-05
-5.3667378373455688e-05
-5.3238884920888236e-05
-5.2793546898251906e-05
-5.2347760934494023e-05
-5.1909762561294085e-05
-5.1462221416991170e-05
-5.1031538300616280e-05
-5.0574844296366226e-05
-5.0164906146680703e-05
-4.9684558022571938e-05
-4.9289491440681818e-05
-4.8809139722746793e-05
-4.8402243584517982e-05
-4.7947540442340457e-05
-4.7509775749984054e-05
-4.7089465608504107e-05
-4.6620754384129259e-05
-4.6224603026928532e-05
-4.5740602620925911e-05
-4.5333284083805302e-05
-4.4883554137680624e-05
-4.4448076464606794e-05
-4.4021307427546491e-05
-4.3563358245081708e-05
-4.3158407998193088e-05
-4.2678330561855707e-05
-4.2265554788636705e-05
-4.1815936510214625e-05
-4.1371987662733642e-05
-4.0953475549309769e-05
-4.0474902792569772e-05
-4.0056310460111318e-05
-3.9607584798730995e-05
-3.9156949569125698e-05
-3.8733345883791914e-05
-3.8250865007046393e-05
0.0000000000000000e+00
];
