%Vec Object:dSdr_b_aug_2880 1 MPI processes
%  type: seq
dSdr_b_aug_2880 = [
2.3811402609202655e+03
0.0000000000000000e+00
-1.2912622507514117e-06
-5.3082861245374336e-07
-3.2730682712042031e-07
-2.3132690133923061e-07
-1.7348841234286129e-07
-1.3775108817235247e-07
-1.1352910512684707e-07
-9.5250701009601990e-08
-8.1679913806661904e-08
-7.1278834770312150e-08
-6.2804429863549606e-08
-5.5939076810769131e-08
-5.0311105127497176e-08
-4.5565204879743246e-08
-4.1509699498236895e-08
-3.8049683820454392e-08
-3.5058211986403742e-08
-3.2418417364731365e-08
-3.0106876246305230e-08
-4.9144236019124782e-08
-1.1451627998771446e-04
-6.5322040637651407e-04
-6.1855991760824836e-04
-5.7613610730721995e-04
-5.3529904935216649e-04
-4.9406782974100426e-04
-4.5178805474781149e-04
-4.0664026292655688e-04
-3.6691750331036943e-04
-3.2875944931944838e-04
-2.9275215361423615e-04
-2.5478873115712799e-04
-2.2391540161083989e-04
-1.9704928384006360e-04
-1.7355121389515225e-04
-1.5135847515010411e-04
-1.3454900308868483e-04
-1.2179807373531194e-04
-1.1172489257758723e-04
-1.0359902841244408e-04
-9.8527982169761022e-05
-9.5425859059294853e-05
-9.3719610840044008e-05
-9.3296975125038478e-05
-9.3769491877466535e-05
-9.4770203437498078e-05
-9.6226453501432286e-05
-9.8194501194594252e-05
-9.9925451657443789e-05
-1.0174178541130631e-04
-1.0358810305790649e-04
-1.0536109553765717e-04
-1.0684327717799294e-04
-1.0816459445686988e-04
-1.0942613937947642e-04
-1.1043808256799202e-04
-1.1126206745520847e-04
-1.1191702272824472e-04
-1.1249881419397322e-04
-1.1286923191715759e-04
-1.1307496510567734e-04
-1.1322494579844070e-04
-1.1327564892134473e-04
-1.1319011862547430e-04
-1.1303938612579593e-04
-1.1282804446267590e-04
-1.1252876064092299e-04
-1.1217050717170294e-04
-1.1179026690024921e-04
-1.1136126769067234e-04
-1.1089824393624233e-04
-1.1036622378653206e-04
-1.0984838564210314e-04
-1.0930347292646955e-04
-1.0870638498447573e-04
-1.0813694428161186e-04
-1.0755712849621997e-04
-1.0689697831556798e-04
-1.0628892076982971e-04
-1.0567747173355128e-04
-1.0500427276998818e-04
-1.0438484307353123e-04
-1.0376904183398138e-04
-1.0305277884952635e-04
-1.0243423973332965e-04
-1.0179602277462721e-04
-1.0110182949112818e-04
-1.0048526254475900e-04
-9.9831242088096680e-05
-9.9141884133947158e-05
-9.8522426095071922e-05
-9.7847175254841753e-05
-9.7196605129543827e-05
-9.6588085943525507e-05
-9.5884934965794245e-05
-9.5264836079022355e-05
-9.4644742379519604e-05
-9.3930341199814594e-05
-9.3354302287043434e-05
-9.2703838647155610e-05
-9.2040678526244353e-05
-9.1464714795466337e-05
-9.0759916562494416e-05
-9.0165631594962652e-05
-8.9564915705327061e-05
-8.8884895828965856e-05
-8.8319435200570981e-05
-8.7663280250121440e-05
-8.7041475586559726e-05
-8.6470299318983895e-05
-8.5797859442351114e-05
-8.5238018048183322e-05
-8.4603322874893396e-05
-8.4004415248867603e-05
-8.3411228485012545e-05
-8.2781780608289494e-05
-8.2227314823356848e-05
-8.1575214279862792e-05
-8.1028690670784383e-05
-8.0417667140283703e-05
-7.9813702118961783e-05
-7.9276317791061090e-05
-7.8614537367369003e-05
-7.8102526958030873e-05
-7.7468357682060508e-05
-7.6920381532678107e-05
-7.6336800864544273e-05
-7.5753098487120685e-05
-7.5193351269167640e-05
-7.4601324121022894e-05
-7.4071944296949909e-05
-7.3447070618923039e-05
-7.2945702452275913e-05
-7.2322187966143887e-05
-7.1799925271704505e-05
-7.1217590819936140e-05
-7.0664162803940996e-05
-7.0111830053251983e-05
-6.9550869190569640e-05
-6.9007537987069605e-05
-6.8442074970211604e-05
-6.7910421159826800e-05
-6.7325167263705866e-05
-6.6827560492161299e-05
-6.6220010528108211e-05
-6.5737775871976229e-05
-6.5136514927841056e-05
-6.4649083425334929e-05
-6.4054067235032151e-05
-6.3567745236806100e-05
-6.2965586823586080e-05
-6.2496664716751483e-05
-6.1887780695170185e-05
-6.1420644611456706e-05
-6.0824277761073418e-05
-6.0347551575031028e-05
-5.9759833900807153e-05
-5.9277546900409117e-05
-5.8690943123127347e-05
-5.8216996100354767e-05
-5.7629756537407590e-05
-5.7147016107100239e-05
-5.6585727252714621e-05
-5.6076742561291905e-05
-5.5543347124135615e-05
-5.5014158439485353e-05
-5.4489869035539880e-05
-5.3955725407130158e-05
-5.3440935836267586e-05
-5.2894216038879866e-05
-5.2402948832005137e-05
-5.1827993645530653e-05
-5.1353279145311034e-05
-5.0778112980777282e-05
-5.0288728368924850e-05
-4.9742010498942406e-05
-4.9216760429581606e-05
-4.8707996270316366e-05
-4.8146534623410141e-05
-4.7666179197282082e-05
-4.7083327443048089e-05
-4.6592001929669536e-05
-4.6045854158113092e-05
-4.5520931529212909e-05
-4.5002804677892685e-05
-4.4448359202096492e-05
-4.3956348382950537e-05
-4.3373824534528700e-05
-4.2872057317318879e-05
-4.2325860178811621e-05
-4.1785342317547200e-05
-4.1275891435042347e-05
-4.0692245145493006e-05
-4.0182058900050048e-05
-3.9634224128839749e-05
-3.9082701332683426e-05
-3.8566678924814036e-05
-3.7975636049467118e-05
0.0000000000000000e+00
];
