%Vec Object:dSdr_b_aug_650 1 MPI processes
%  type: seq
dSdr_b_aug_650 = [
2.5018410665196816e+03
0.0000000000000000e+00
-3.1533746921569817e-06
-1.2820463112988332e-06
-7.7695510286276744e-07
-5.4376882517152733e-07
-4.0800611352886259e-07
-3.2424120517352664e-07
-2.6747319953632470e-07
-2.2432746212069944e-07
-1.9230657624068785e-07
-1.6777667744686480e-07
-1.4775965591197458e-07
-1.3154177288008467e-07
-1.1825001713928416e-07
-1.0703991246423086e-07
-9.7458794272060094e-08
-8.9285802911631577e-08
-8.2220378028888931e-08
-7.5985299483531088e-08
-7.0523581700505703e-08
-6.5707236187858994e-08
-6.1377135848280608e-08
-5.7506275299444408e-08
-5.4033649543383914e-08
-5.0882170820571241e-08
-4.8017330226832417e-08
-4.5918166115749760e-08
-1.9919412892172502e-07
-2.0945155408222027e-05
-2.6334523732353290e-04
-3.3814878852007083e-04
-3.1397951044767711e-04
-2.7618093392040352e-04
-2.4409754685190434e-04
-2.1592809202278170e-04
-1.9123974538922693e-04
-1.6790653986139119e-04
-1.5022951779706194e-04
-1.3681590387515534e-04
-1.2620502725672146e-04
-1.1763282597514035e-04
-1.1226609108165360e-04
-1.0896043284038014e-04
-1.0711527164505403e-04
-1.0660848385536088e-04
-1.0703943058010709e-04
-1.0802199091566934e-04
-1.0947977247712809e-04
-1.1145865613735859e-04
-1.1319740354340710e-04
-1.1502591168869739e-04
-1.1687862652284793e-04
-1.1864964975015459e-04
-1.2012358303133856e-04
-1.2142660559800229e-04
-1.2265695381002376e-04
-1.2363307671464757e-04
-1.2441531226160878e-04
-1.2501739323040860e-04
-1.2553718961801663e-04
-1.2584453469075807e-04
-1.2598011724745421e-04
-1.2604582930119711e-04
-1.2601934402390434e-04
-1.2585185714083223e-04
-1.2561023562418868e-04
-1.2530516937960218e-04
-1.2491497813821905e-04
-1.2446065916860366e-04
-1.2397804877985809e-04
-1.2345447611051484e-04
-1.2289646201294748e-04
-1.2225185309547711e-04
-1.2163696088043726e-04
-1.2099558061452874e-04
-1.2028414190260940e-04
-1.1961814344866395e-04
-1.1894213409101630e-04
-1.1816482101445978e-04
-1.1745992636354988e-04
-1.1675057572253503e-04
-1.1596352556558861e-04
-1.1524779286660903e-04
-1.1453499329125442e-04
-1.1370382816419573e-04
-1.1298937337533442e-04
-1.1225291891776344e-04
-1.1144857866610090e-04
-1.1073768718518169e-04
-1.0998388326133684e-04
-1.0918698447398425e-04
-1.0847401300748430e-04
-1.0769618687977609e-04
-1.0694470524321178e-04
-1.0624427746169565e-04
-1.0543521745679091e-04
-1.0471824089813999e-04
-1.0400599764269265e-04
-1.0318370232946099e-04
-1.0251682867257687e-04
-1.0177079746531036e-04
-1.0100605377153406e-04
-1.0034048931677013e-04
-9.9532117650510924e-05
-9.8845092905277513e-05
-9.8152719523287243e-05
-9.7371023642533379e-05
-9.6717632627067257e-05
-9.5961598467754816e-05
-9.5245776246520635e-05
-9.4586222849978561e-05
-9.3810738953267064e-05
-9.3165783004733351e-05
-9.2432435360602453e-05
-9.1742192818020912e-05
-9.1058390219161354e-05
-9.0330935183056602e-05
-8.9691187472406772e-05
-8.8939222895707937e-05
-8.8305631856764328e-05
-8.7601919649685225e-05
-8.6904021056847502e-05
-8.6279832120996516e-05
-8.5518828629231925e-05
-8.4923551157272640e-05
-8.4190518951070056e-05
-8.3558082843778131e-05
-8.2879126212098095e-05
-8.2205419207655124e-05
-8.1556664213604328e-05
-8.0869539947296809e-05
-8.0256485066866284e-05
-7.9531612499290796e-05
-7.8948847345100461e-05
-7.8226170862122973e-05
-7.7619161689085301e-05
-7.6942772251365648e-05
-7.6300404665654106e-05
-7.5657621271323365e-05
-7.5005033277544082e-05
-7.4373994433116501e-05
-7.3713783271181548e-05
-7.3096112917851765e-05
-7.2414487668355352e-05
-7.1831936939113002e-05
-7.1127040380202097e-05
-7.0560675107605048e-05
-6.9861026505434363e-05
-6.9291610291949732e-05
-6.8594750915775701e-05
-6.8027164685489818e-05
-6.7322682456585957e-05
-6.6772829612448878e-05
-6.6060967896539448e-05
-6.5512310827470010e-05
-6.4813982789483181e-05
-6.4254771402270767e-05
-6.3565128423107860e-05
-6.2998401138904099e-05
-6.2310830380321339e-05
-6.1750577426991526e-05
-6.1063632374446449e-05
-6.0493041974045752e-05
-5.9832372170711640e-05
-5.9233845152933606e-05
-5.8602490392277356e-05
-5.7980520830987649e-05
-5.7360237605341218e-05
-5.6729753940457901e-05
-5.6121401396166204e-05
-5.5474533854506233e-05
-5.4892794168601997e-05
-5.4212595527971936e-05
-5.3649279702543245e-05
-5.2968640466317037e-05
-5.2387495739849844e-05
-5.1738420860278388e-05
-5.1115853485004616e-05
-5.0508695508747002e-05
-4.9844061777854919e-05
-4.9270043355591382e-05
-4.8577235944597213e-05
-4.7992471009902438e-05
-4.7339080113448965e-05
-4.6714675216586345e-05
-4.6094942885421571e-05
-4.5433181908166078e-05
-4.4844360788996883e-05
-4.4147922135548065e-05
-4.3547224250048782e-05
-4.2893679405751985e-05
-4.2245860473569452e-05
-4.1635428626473063e-05
-4.0935174787841617e-05
-4.0323555822372638e-05
-3.9666306572298888e-05
-3.9004341902569612e-05
-3.8390546781340640e-05
-3.7705548394815228e-05
0.0000000000000000e+00
];
