%Vec Object:dSdr_b_aug_5320 1 MPI processes
%  type: seq
dSdr_b_aug_5320 = [
2.3260214241031476e+03
0.0000000000000000e+00
-8.8666780214584923e-07
-3.6610570196503725e-07
-2.2726941835377594e-07
-1.6129250809967312e-07
-1.2099600436456189e-07
-9.6083678407042925e-08
-7.9197837140542112e-08
-6.6487388398716947e-08
-5.7048676607113458e-08
-4.9813005109518034e-08
-4.3920561361546619e-08
-3.9146831605532739e-08
-3.5233020976472421e-08
-3.1932555679755705e-08
-2.9112168426440117e-08
-2.6705686276249817e-08
-2.4652460622192908e-08
-2.3675360441983096e-06
-6.7629131420153207e-04
-7.1994801582433618e-04
-6.8168460664383478e-04
-6.4294215533130476e-04
-5.9993304366338614e-04
-5.5842919850115002e-04
-5.1864633780558103e-04
-4.7847189859061262e-04
-4.3725704007423487e-04
-3.9321705457697425e-04
-3.5446367394617546e-04
-3.1722156620866878e-04
-2.8206720441203758e-04
-2.4499369528246066e-04
-2.1483962969716803e-04
-1.8859529726439849e-04
-1.6563944289160455e-04
-1.4395968000130422e-04
-1.2753909283642217e-04
-1.1508479685509157e-04
-1.0525213815136818e-04
-9.7325867233677212e-05
-9.2387032989831049e-05
-8.9375910245542410e-05
-8.7731766932658376e-05
-8.7346753133121799e-05
-8.7837854958531454e-05
-8.8846681870002135e-05
-9.0302248214803722e-05
-9.2265452545174415e-05
-9.3992917792950326e-05
-9.5803809429038976e-05
-9.7647267361715079e-05
-9.9421139878226592e-05
-1.0090700828589858e-04
-1.0223650303188411e-04
-1.0351199259804203e-04
-1.0453994717144221e-04
-1.0538259373626266e-04
-1.0606118354535400e-04
-1.0667068653045431e-04
-1.0706929745973986e-04
-1.0730638771602628e-04
-1.0749403621584926e-04
-1.0757924229642871e-04
-1.0753034634211454e-04
-1.0742024097573988e-04
-1.0725079394521065e-04
-1.0699214549563694e-04
-1.0667683305982890e-04
-1.0634235198146107e-04
-1.0595562679742279e-04
-1.0553506340214501e-04
-1.0505337009355025e-04
-1.0457891480723067e-04
-1.0407712278329579e-04
-1.0353114931650383e-04
-1.0300486963767596e-04
-1.0246805209475963e-04
-1.0186027342401947e-04
-1.0129550178997750e-04
-1.0072781450041446e-04
-1.0010550673478531e-04
-9.9529124221055116e-05
-9.8956680981434388e-05
-9.8291778981087424e-05
-9.7716113923571840e-05
-9.7121808881050378e-05
-9.6476851035418802e-05
-9.5902446921725367e-05
-9.5293029437385537e-05
-9.4651741991577852e-05
-9.4074084230945292e-05
-9.3444684312333140e-05
-9.2839221405038763e-05
-9.2271785147552738e-05
-9.1615975276911499e-05
-9.1039180494183896e-05
-9.0460277439631366e-05
-8.9794104714039998e-05
-8.9258668730715800e-05
-8.8650923657113088e-05
-8.8033171318062318e-05
-8.7497259051283414e-05
-8.6838758068460501e-05
-8.6285927720702700e-05
-8.5726182672234488e-05
-8.5091611901641338e-05
-8.4565456105398365e-05
-8.3953947097862973e-05
-8.3374168227926982e-05
-8.2842496490285127e-05
-8.2216117228396126e-05
-8.1694322001010878e-05
-8.1103724428560636e-05
-8.0545643467364497e-05
-7.9992961941780831e-05
-7.9407323218345067e-05
-7.8890978424563847e-05
-7.8283517059622897e-05
-7.7775912563945681e-05
-7.7206320855273752e-05
-7.6644344131630005e-05
-7.6145761466198822e-05
-7.5528333748012041e-05
-7.5053543730606791e-05
-7.4463566187068958e-05
-7.3953343662684412e-05
-7.3412396065356016e-05
-7.2868925783750558e-05
-7.2348965075314238e-05
-7.1799446371403390e-05
-7.1307469348898722e-05
-7.0727295214472607e-05
-7.0262311567576059e-05
-6.9683122549057968e-05
-6.9198741607775851e-05
-6.8658449810461657e-05
-6.8144777871941844e-05
-6.7632876655561273e-05
-6.7112873225697931e-05
-6.6608747457380722e-05
-6.6085636983533873e-05
-6.5592432711133450e-05
-6.5050256955110708e-05
-6.4590620300543112e-05
-6.4026584437198384e-05
-6.3581956363321747e-05
-6.3024674904764831e-05
-6.2573890801048999e-05
-6.2024398748135708e-05
-6.1574402133188203e-05
-6.1017982740915211e-05
-6.0585236988329511e-05
-6.0022384320277590e-05
-5.9591688482463151e-05
-5.9040898664672629e-05
-5.8601043790004558e-05
-5.8058887175256428e-05
-5.7614345478325643e-05
-5.7072874471722314e-05
-5.6637506779918303e-05
-5.6094836199735643e-05
-5.5651365390388186e-05
-5.5134500563405746e-05
-5.4665542107107020e-05
-5.4175935372040303e-05
-5.3688220713254285e-05
-5.3206841611080331e-05
-5.2715763150179890e-05
-5.2242797518405237e-05
-5.1740845187660218e-05
-5.1290020755004891e-05
-5.0762111150736767e-05
-5.0327003392626059e-05
-4.9798985887526883e-05
-4.9350620499596386e-05
-4.8849658991092427e-05
-4.8367912905387237e-05
-4.7903134362609098e-05
-4.7387794767711487e-05
-4.6949311432364313e-05
-4.6415615412515627e-05
-4.5966063786274704e-05
-4.5467861379651130e-05
-4.4987416510194405e-05
-4.4514718422642598e-05
-4.4008256666725928e-05
-4.3559537047317202e-05
-4.3027954880355138e-05
-4.2570437814387243e-05
-4.2072262818922488e-05
-4.1579760636699483e-05
-4.1115523166128558e-05
-4.0584114889742525e-05
-4.0119455757102420e-05
-3.9620868778494217e-05
-3.9119436975413952e-05
-3.8649153946741912e-05
-3.8110941070062900e-05
0.0000000000000000e+00
];
