%Vec Object:dSdr_b_aug_9960 1 MPI processes
%  type: seq
dSdr_b_aug_9960 = [
2.2734182881468532e+03
0.0000000000000000e+00
-6.3138446545728363e-07
-2.6170776265738578e-07
-1.6339255284258902e-07
-1.1638651388367563e-07
-8.7359820431299533e-08
-6.9405747271265731e-08
-5.7235505883948464e-08
-4.8093100820620797e-08
-4.1302579980462385e-08
-3.6095898682408046e-08
-3.1857178692973856e-08
-2.8422963664445573e-08
-2.5606984105552885e-08
-2.3232097431103858e-08
-2.1252392998976688e-08
-1.8481381270623009e-05
-8.0975296058492330e-04
-7.7631723689209286e-04
-7.3453712222839185e-04
-6.9608091617118836e-04
-6.5840579063332978e-04
-6.2086226681203895e-04
-5.7918078257987698e-04
-5.3892249750861628e-04
-5.0030750140326328e-04
-4.6129709940457197e-04
-4.2125497931764426e-04
-3.7843495020380488e-04
-3.4074908392040291e-04
-3.0451564846663048e-04
-2.7030056755002392e-04
-2.3420706240771496e-04
-2.0484507614045586e-04
-1.7928547610157684e-04
-1.5692672904732066e-04
-1.3581187368102334e-04
-1.1981954061723627e-04
-1.0769190801954380e-04
-9.8124121308770576e-05
-9.0417649646905903e-05
-8.5624411947372229e-05
-8.2713501970902716e-05
-8.1137750672649468e-05
-8.0794167307275455e-05
-8.1305735496891576e-05
-8.2323499135056818e-05
-8.3778312352454296e-05
-8.5736182802486412e-05
-8.7459809829507982e-05
-8.9264708241928434e-05
-9.1105016576320844e-05
-9.2879857825539284e-05
-9.4369785868944874e-05
-9.5708285591966728e-05
-9.6999131173847430e-05
-9.8044717754801461e-05
-9.8907914942378459e-05
-9.9612531678490481e-05
-1.0025255132293239e-04
-1.0068220937765537e-04
-1.0095383092876790e-04
-1.0118296034278372e-04
-1.0130616210521834e-04
-1.0129760899838501e-04
-1.0123224349134712e-04
-1.0110893214336322e-04
-1.0089503264280515e-04
-1.0062700823876814e-04
-1.0034291865529953e-04
-1.0000274704216146e-04
-9.9628942433866585e-05
-9.9202670761173686e-05
-9.8775990154616544e-05
-9.8321684105739677e-05
-9.7831999651396809e-05
-9.7353250366639029e-05
-9.6863783958711124e-05
-9.6313678596347664e-05
-9.5796574891790642e-05
-9.5277079539363203e-05
-9.4710814914680257e-05
-9.4181837437631581e-05
-9.3657141518639351e-05
-9.3048800007914292e-05
-9.2520349340043250e-05
-9.1974401613424792e-05
-9.1383663534033195e-05
-9.0855690585755556e-05
-9.0295391435383037e-05
-8.9707040896983622e-05
-8.9175415046524424e-05
-8.8596507749926146e-05
-8.8040718472640395e-05
-8.7518524156729899e-05
-8.6914847954840216e-05
-8.6385741151445155e-05
-8.5852198661475187e-05
-8.5239136784182330e-05
-8.4748414153348642e-05
-8.4187712265652964e-05
-8.3619964590479607e-05
-8.3128158422241953e-05
-8.2520641618278475e-05
-8.2013462574611999e-05
-8.1498836076831924e-05
-8.0914315480270249e-05
-8.0431443567978723e-05
-7.9869100264330398e-05
-7.9335601698313216e-05
-7.8847433760744851e-05
-7.8271778091172598e-05
-7.7791880664514920e-05
-7.7249844945723230e-05
-7.6736723769090225e-05
-7.6228648062632261e-05
-7.5691253546664706e-05
-7.5216888956773203e-05
-7.4658585854304335e-05
-7.4193840484548549e-05
-7.3669874986097752e-05
-7.3154137284379338e-05
-7.2698284406766950e-05
-7.2129699482275744e-05
-7.1695897904127255e-05
-7.1154585887295415e-05
-7.0685939020118734e-05
-7.0191940498704597e-05
-6.9692775256539882e-05
-6.9216628893549714e-05
-6.8713922027125905e-05
-6.8263134330105396e-05
-6.7732184952676961e-05
-6.7307269266838533e-05
-6.6776893063566213e-05
-6.6334228893615764e-05
-6.5840236001324975e-05
-6.5370344910959215e-05
-6.4902968381910721e-05
-6.4428068780112682e-05
-6.3967117481079599e-05
-6.3490647185400327e-05
-6.3039784967599998e-05
-6.2545048449653108e-05
-6.2127225900708834e-05
-6.1611109378548187e-05
-6.1207895080635314e-05
-6.0699045469841545e-05
-6.0288618864746351e-05
-5.9789259693971845e-05
-5.9379265973084162e-05
-5.8873216111847463e-05
-5.8480309148839553e-05
-5.7968147952170858e-05
-5.7577581524607102e-05
-5.7076982879147239e-05
-5.6677732135984718e-05
-5.6185749121192533e-05
-5.5782774046055932e-05
-5.5291005014355186e-05
-5.4898122427609698e-05
-5.4404532985285873e-05
-5.4004307480940862e-05
-5.3536364192053641e-05
-5.3111484286342636e-05
-5.2670099483671960e-05
-5.2228057776630772e-05
-5.1793933328208620e-05
-5.1350280093209275e-05
-5.0923372833335108e-05
-5.0470720427904984e-05
-5.0064433453913286e-05
-4.9588332604622528e-05
-4.9196841734261015e-05
-4.8720746610603577e-05
-4.8317553716814389e-05
-4.7866981492166721e-05
-4.7433144387014170e-05
-4.7016805327374636e-05
-4.6552258076704759e-05
-4.6159887030598241e-05
-4.5680324519361453e-05
-4.5276777481202708e-05
-4.4831376224722008e-05
-4.4399914236246610e-05
-4.3977246798128208e-05
-4.3523629951217346e-05
-4.3122588505766564e-05
-4.2647110690473430e-05
-4.2238330628672191e-05
-4.1793048880115387e-05
-4.1353436410347911e-05
-4.0939008372947703e-05
-4.0465155039314652e-05
-4.0050678427819454e-05
-3.9606408907022757e-05
-3.9160317261815382e-05
-3.8740902855349719e-05
-3.8263508835847341e-05
0.0000000000000000e+00
];
