%Vec Object:dSdr_b_aug_1230 1 MPI processes
%  type: seq
dSdr_b_aug_1230 = [
2.4505966319764652e+03
0.0000000000000000e+00
-2.1334292090089995e-06
-8.7126500471637613e-07
-5.3182466931303718e-07
-3.7358573636139560e-07
-2.8005769348436476e-07
-2.2231461078575843e-07
-1.8318043063966454e-07
-1.5354219733874119e-07
-1.3154309168354745e-07
-1.1468698746419066e-07
-1.0094446869726210e-07
-8.9811583836678439e-08
-8.0686646699314583e-08
-7.2992172172002254e-08
-6.6417303075806596e-08
-6.0808502061938760e-08
-5.5959771166042303e-08
-5.1681757572329804e-08
-4.7934253664165154e-08
-4.4629411836697138e-08
-4.1658644420131957e-08
-3.9003123644231023e-08
-3.7127919065336493e-08
-9.7604600373967360e-07
-2.1460416694386243e-04
-4.9876491936338150e-04
-4.6983608972761022e-04
-4.2416389076102470e-04
-3.8324414306546120e-04
-3.4389219463261465e-04
-3.0676711042905717e-04
-2.6763657719417442e-04
-2.3581984089569147e-04
-2.0813815189123772e-04
-1.8392887485393838e-04
-1.6106328067832292e-04
-1.4374371934623898e-04
-1.3060370426467094e-04
-1.2021503640801914e-04
-1.1182737118613168e-04
-1.0658290588780516e-04
-1.0336141981249342e-04
-1.0157370996222029e-04
-1.0110172624281790e-04
-1.0154986507784383e-04
-1.0253993156928469e-04
-1.0399707806713746e-04
-1.0597147829241740e-04
-1.0770699987446475e-04
-1.0953047157953287e-04
-1.1138054006573768e-04
-1.1315237809447031e-04
-1.1462972378500898e-04
-1.1594031479769121e-04
-1.1718356881539231e-04
-1.1817451022039742e-04
-1.1897401701655437e-04
-1.1959797144534177e-04
-1.2014341440420686e-04
-1.2047685181159904e-04
-1.2064145474043261e-04
-1.2074202755397194e-04
-1.2074747404589012e-04
-1.2061389144608107e-04
-1.2040986941028634e-04
-1.2014357566868682e-04
-1.1979099150821137e-04
-1.1937641342994617e-04
-1.1893615204807688e-04
-1.1845170300481810e-04
-1.1793298498203241e-04
-1.1733495232561397e-04
-1.1676020991136187e-04
-1.1615873680938717e-04
-1.1549460326335336e-04
-1.1486854928367125e-04
-1.1423233374332318e-04
-1.1350348915838329e-04
-1.1283865454047319e-04
-1.1216980429736233e-04
-1.1142985262832341e-04
-1.1075395900781911e-04
-1.1008128615810327e-04
-1.0929765427548878e-04
-1.0862287832920501e-04
-1.0792706321542283e-04
-1.0716828906463180e-04
-1.0649641819418893e-04
-1.0578389315338918e-04
-1.0503148234720502e-04
-1.0435719594620157e-04
-1.0362180363025721e-04
-1.0291206752708616e-04
-1.0224966091484023e-04
-1.0148441383424578e-04
-1.0080751407155675e-04
-1.0013339168495885e-04
-9.9355730532758987e-05
-9.8726433837531820e-05
-9.8019937433029800e-05
-9.7297217217143483e-05
-9.6668719125833931e-05
-9.5903194109419219e-05
-9.5254534303029846e-05
-9.4600078134815088e-05
-9.3860443965872772e-05
-9.3243428318898620e-05
-9.2528712564576807e-05
-9.1851783875699009e-05
-9.1228790655498675e-05
-9.0495934393474114e-05
-8.9886188944275481e-05
-8.9193652219353610e-05
-8.8541193439329338e-05
-8.7894877129524431e-05
-8.7207966054910066e-05
-8.6603498078226569e-05
-8.5892845619887654e-05
-8.5295272947930929e-05
-8.4629904507393686e-05
-8.3970864664052066e-05
-8.3382585336815390e-05
-8.2662628768519973e-05
-8.2101797473237855e-05
-8.1409663201400528e-05
-8.0812166745205735e-05
-8.0172665539316872e-05
-7.9536191919926395e-05
-7.8924257926053323e-05
-7.8276473719472091e-05
-7.7698033769790228e-05
-7.7014529037125690e-05
-7.6465436404107005e-05
-7.5783781536761173e-05
-7.5211830505324338e-05
-7.4574349983630558e-05
-7.3968775141969878e-05
-7.3363409592719044e-05
-7.2748726130966420e-05
-7.2153970380854608e-05
-7.1532954849874480e-05
-7.0950867995028097e-05
-7.0309109854040287e-05
-6.9761698895032435e-05
-6.9097072865774279e-05
-6.8565510877067909e-05
-6.7906563453587902e-05
-6.7371062772809197e-05
-6.6716334046946479e-05
-6.6182365271540592e-05
-6.5520212491173226e-05
-6.5003839109626591e-05
-6.4334577305697236e-05
-6.3819643838327196e-05
-6.3163495158992494e-05
-6.2638406209371186e-05
-6.1990927696849930e-05
-6.1459131584445795e-05
-6.0813328790978420e-05
-6.0288778735918167e-05
-5.9643079719083004e-05
-5.9108830884772691e-05
-5.8489272777402034e-05
-5.7927787330421179e-05
-5.7336956060833781e-05
-5.6753367689283673e-05
-5.6172794729948019e-05
-5.5582164476545032e-05
-5.5012516433235634e-05
-5.4407077303789275e-05
-5.3862763425592288e-05
-5.3226100964898492e-05
-5.2699436610900691e-05
-5.2062428225155494e-05
-5.1519241342677010e-05
-5.0912507827806407e-05
-5.0330196707434420e-05
-4.9763740005656386e-05
-4.9141783837408909e-05
-4.8606508789638047e-05
-4.7959184151976565e-05
-4.7413068837655141e-05
-4.6804037029086809e-05
-4.6220779590409597e-05
-4.5643071644636346e-05
-4.5025695308321556e-05
-4.4476910586853057e-05
-4.3827580684637404e-05
-4.3267788192473878e-05
-4.2658623706597407e-05
-4.2055155289260505e-05
-4.1486442684087530e-05
-4.0834343503758399e-05
-4.0264548519270525e-05
-3.9652312726095121e-05
-3.9035503847116733e-05
-3.8460657308155463e-05
-3.7806543332931825e-05
0.0000000000000000e+00
];
