%Vec Object:dSdr_b_aug_5620 1 MPI processes
%  type: seq
dSdr_b_aug_5620 = [
2.3226380011026113e+03
0.0000000000000000e+00
-8.6732303193829593e-07
-3.5840586845122931e-07
-2.2270427577052734e-07
-1.5818541859049869e-07
-1.1873954803891292e-07
-9.4351468165285813e-08
-7.7820329773032635e-08
-6.5375903971226686e-08
-5.6134188374856580e-08
-4.9049299488993706e-08
-4.3278659728108973e-08
-3.8603224869479377e-08
-3.4769843643628877e-08
-3.1536816449976923e-08
-2.8773663662673829e-08
-2.6415908648615612e-08
-2.4509543721926120e-08
-1.0469861289976830e-05
-7.3221454292105796e-04
-7.1827785937613278e-04
-6.7969667146523956e-04
-6.4105204107111691e-04
-5.9815649470107901e-04
-5.5675927672103637e-04
-5.1707639404460738e-04
-4.7700160526872989e-04
-4.3588714208639320e-04
-3.9195159414224693e-04
-3.5328960086576530e-04
-3.1613384315530839e-04
-2.8105989095432237e-04
-2.4407027763186385e-04
-2.1398402003203017e-04
-1.8779830587330407e-04
-1.6489356840542588e-04
-1.4326216587610664e-04
-1.2687824049982565e-04
-1.1445190936970227e-04
-1.0464192570568558e-04
-9.6734471259473650e-05
-9.1808101170731216e-05
-8.8805557385919037e-05
-8.7167268935052722e-05
-8.6785801882062775e-05
-8.7278655771235572e-05
-8.8288247722857668e-05
-8.9743749583448546e-05
-9.1706497283320498e-05
-9.3433634045341131e-05
-9.5244012730610414e-05
-9.7087201045897853e-05
-9.8861156487136957e-05
-1.0034737242491988e-04
-1.0167763806030676e-04
-1.0295444221345328e-04
-1.0398390621646637e-04
-1.0482831206691522e-04
-1.0550912997527423e-04
-1.0612124541510921e-04
-1.0652251421133295e-04
-1.0676256060621892e-04
-1.0695376018510717e-04
-1.0704221898249823e-04
-1.0699677668042373e-04
-1.0689050138409899e-04
-1.0672500391681718e-04
-1.0647018631568000e-04
-1.0615892209322309e-04
-1.0582875490834678e-04
-1.0544601506239188e-04
-1.0502945457333542e-04
-1.0455250577684353e-04
-1.0408214036503659e-04
-1.0358441350036092e-04
-1.0304325879989582e-04
-1.0252104808304233e-04
-1.0198828415620859e-04
-1.0138544275822447e-04
-1.0082475186038008e-04
-1.0026119016610118e-04
-9.9643680118613535e-05
-9.9071355835578018e-05
-9.8503000128795834e-05
-9.7842940135693405e-05
-9.7271316988133100e-05
-9.6681151698794116e-05
-9.6040835476756729e-05
-9.5470406223154770e-05
-9.4865193641024989e-05
-9.4228437996411011e-05
-9.3654720916661594e-05
-9.3029643549859365e-05
-9.2428433082439556e-05
-9.1864869878582292e-05
-9.1213523045915928e-05
-9.0640810716308579e-05
-9.0065790870483210e-05
-8.9404164836936079e-05
-8.8872556656084399e-05
-8.8268838837388117e-05
-8.7655367279245334e-05
-8.7123230831288992e-05
-8.6469094483378547e-05
-8.5920172235860398e-05
-8.5364289679917740e-05
-8.4734003586399331e-05
-8.4211553221296245e-05
-8.3604253173514970e-05
-8.3028436251162235e-05
-8.2500488771258506e-05
-8.1878451836346879e-05
-8.1360243381009120e-05
-8.0773803074320525e-05
-8.0219571014387709e-05
-7.9670708087974744e-05
-7.9089199437501617e-05
-7.8576448470324382e-05
-7.7973195428522940e-05
-7.7469260001963305e-05
-7.6903574245969073e-05
-7.6345555936401991e-05
-7.5850631267930345e-05
-7.5237384866656812e-05
-7.4766103773639186e-05
-7.4180292371735205e-05
-7.3673629042230533e-05
-7.3136700645406506e-05
-7.2597023214747666e-05
-7.2080813350189880e-05
-7.1535302098396373e-05
-7.1046851198253169e-05
-7.0470891080438354e-05
-7.0009337558761176e-05
-6.9434327291725839e-05
-6.8953517626612677e-05
-6.8417189371152662e-05
-6.7907265409771294e-05
-6.7399175848961772e-05
-6.6883033653683576e-05
-6.6382603952305053e-05
-6.5863486236634794e-05
-6.5373906770480289e-05
-6.4835792178641137e-05
-6.4379735134233342e-05
-6.3819801536010273e-05
-6.3378718801466416e-05
-6.2825583482982290e-05
-6.2378254293754746e-05
-6.1833054002957233e-05
-6.1386481946250159e-05
-6.0834374575714095e-05
-6.0405039333453908e-05
-5.9846526248468972e-05
-5.9419265801140709e-05
-5.8872772737901507e-05
-5.8436393894462167e-05
-5.7898532530991594e-05
-5.7457549262942199e-05
-5.6920333134207534e-05
-5.6488602501806935e-05
-5.5950133652671448e-05
-5.5510364983326198e-05
-5.4997688226251043e-05
-5.4532503244249162e-05
-5.4047024689748888e-05
-5.3563220000740880e-05
-5.3085886275561428e-05
-5.2598867795668224e-05
-5.2129845133660437e-05
-5.1632113276602890e-05
-5.1185101616532970e-05
-5.0661627266309602e-05
-5.0230253478918531e-05
-4.9706680962227837e-05
-4.9262182724957483e-05
-4.8765534969428889e-05
-4.8287890309808529e-05
-4.7827258615215785e-05
-4.7316267300324472e-05
-4.6881731606393733e-05
-4.6352669918940884e-05
-4.5907056742458638e-05
-4.5413374643084473e-05
-4.4937123232565686e-05
-4.4468708332623000e-05
-4.3966770728729236e-05
-4.3522133004205910e-05
-4.2995354155563638e-05
-4.2542009812923586e-05
-4.2048363505455352e-05
-4.1560389947773069e-05
-4.1100417787236884e-05
-4.0573938553759226e-05
-4.0113578539801820e-05
-3.9619647224397701e-05
-3.9122965090230871e-05
-3.8657071051585215e-05
-3.8124247727087063e-05
0.0000000000000000e+00
];
