%Vec Object:dSdr_b_aug_1690 1 MPI processes
%  type: seq
dSdr_b_aug_1690 = [
2.4243922910111692e+03
0.0000000000000000e+00
-1.7606856356480486e-06
-7.2158862602305881e-07
-4.4264458510588188e-07
-3.1199742219460080e-07
-2.3417005254821935e-07
-1.8610338676223093e-07
-1.5352490361208105e-07
-1.2887682096605495e-07
-1.1057859940182448e-07
-9.6556452093505191e-08
-8.5123347791432714e-08
-7.5860077537043327e-08
-6.8266801243898483e-08
-6.1862574375795146e-08
-5.6388869985187539e-08
-5.1719011360328724e-08
-4.7681483860760586e-08
-4.4117905456841017e-08
-4.0995984568382990e-08
-3.8242699504145898e-08
-3.5768632762852420e-08
-4.2516820931639857e-08
-2.4276758188385816e-05
-5.3352722183551784e-04
-5.4725775551281582e-04
-5.0701841140990281e-04
-4.6394269378852388e-04
-4.1787408084653529e-04
-3.7734053787673495e-04
-3.3841594794130467e-04
-3.0169480617086170e-04
-2.6298658210250334e-04
-2.3151127297578965e-04
-2.0412475906652304e-04
-1.8017288796186602e-04
-1.5755081993102746e-04
-1.4041587505836883e-04
-1.2741668171988138e-04
-1.1714219794701418e-04
-1.0884928638111678e-04
-1.0366758665588879e-04
-1.0048930164026770e-04
-9.8731075224140434e-05
-9.8276952057041065e-05
-9.8733914022087216e-05
-9.9727833313335994e-05
-1.0118465539477342e-04
-1.0315675647726233e-04
-1.0489062366104295e-04
-1.0671151195313996e-04
-1.0856022292201470e-04
-1.1033247880354458e-04
-1.1181157479003999e-04
-1.1312604797938429e-04
-1.1437592204197004e-04
-1.1537446463892534e-04
-1.1618283080581642e-04
-1.1681800538418349e-04
-1.1737660397122379e-04
-1.1772342567654032e-04
-1.1790291489160246e-04
-1.1802136990934578e-04
-1.1804319614372631e-04
-1.1792700512361841e-04
-1.1774227017829168e-04
-1.1749586525069504e-04
-1.1716257208960633e-04
-1.1676837958439109e-04
-1.1634984164988337e-04
-1.1588546155234942e-04
-1.1538690093901378e-04
-1.1481276017254291e-04
-1.1425861310502126e-04
-1.1367761088879997e-04
-1.1303774314371162e-04
-1.1243217919370669e-04
-1.1181637640372449e-04
-1.1111239437178329e-04
-1.1046810906777155e-04
-1.0982003403219352e-04
-1.0910424215873041e-04
-1.0844878451598812e-04
-1.0779669519836216e-04
-1.0703744613129640e-04
-1.0638302397198965e-04
-1.0570805535137711e-04
-1.0497265498749165e-04
-1.0432080029914528e-04
-1.0362944985402718e-04
-1.0289985979691561e-04
-1.0224541745459859e-04
-1.0153179217133744e-04
-1.0084347003802791e-04
-1.0020056692867348e-04
-9.9457794316143493e-05
-9.8801452519360218e-05
-9.8146884746529313e-05
-9.7392119278817921e-05
-9.6782098175626465e-05
-9.6095881708852719e-05
-9.5394718073829322e-05
-9.4785233739439677e-05
-9.4041687563217979e-05
-9.3412707637827722e-05
-9.2777701684104954e-05
-9.2059643711274667e-05
-9.1461287367529455e-05
-9.0767766519972841e-05
-9.0110788864578345e-05
-8.9506549749022286e-05
-8.8795559983967690e-05
-8.8203876304191411e-05
-8.7532274166469870e-05
-8.6899197150021835e-05
-8.6272110011037826e-05
-8.5605996585630783e-05
-8.5019625896270000e-05
-8.4330165126067985e-05
-8.3751068635148012e-05
-8.3105369241278745e-05
-8.2466262621456679e-05
-8.1896403714475048e-05
-8.1197502830816348e-05
-8.0654341271588778e-05
-7.9983186262907885e-05
-7.9403612683626108e-05
-7.8784350789785549e-05
-7.8166976657620537e-05
-7.7573930614954236e-05
-7.6946326551485090e-05
-7.6385642923962788e-05
-7.5723358519068755e-05
-7.5191538792468153e-05
-7.4530926662758022e-05
-7.3976959320608572e-05
-7.3359437804801378e-05
-7.2772736452230579e-05
-7.2186565051778536e-05
-7.1591325397772325e-05
-7.1015181720849140e-05
-7.0414272297646637e-05
-6.9850438660535688e-05
-6.9229131085902696e-05
-6.8699745741229634e-05
-6.8055777235762524e-05
-6.7542068271867622e-05
-6.6903999297742827e-05
-6.6385896276287192e-05
-6.5752779288417071e-05
-6.5236055290780238e-05
-6.4595616249490213e-05
-6.4096416885301715e-05
-6.3449007587320619e-05
-6.2951373401836416e-05
-6.2316861532137478e-05
-6.1809276489125788e-05
-6.1183427185634157e-05
-6.0669549873937587e-05
-6.0045172945058711e-05
-5.9538937608781717e-05
-5.8914396781740404e-05
-5.8398790341869545e-05
-5.7800321578962151e-05
-5.7257837681304406e-05
-5.6687794109069654e-05
-5.6123894558560410e-05
-5.5563692243846558e-05
-5.4993506126440522e-05
-5.4443712935984845e-05
-5.3859526012699869e-05
-5.3334411227639351e-05
-5.2720082381267888e-05
-5.2212220130063809e-05
-5.1597594177264642e-05
-5.1073879816485038e-05
-5.0488867611961301e-05
-4.9927208427155944e-05
-4.9381632194174574e-05
-4.8781570585967288e-05
-4.8266172344743872e-05
-4.7642182081195413e-05
-4.7115896497875974e-05
-4.6529623902292495e-05
-4.5967479098468697e-05
-4.5411334755518135e-05
-4.4816734269028866e-05
-4.4288496840739632e-05
-4.3663344919474762e-05
-4.3124552054962273e-05
-4.2538175386008151e-05
-4.1957487967687462e-05
-4.1410220089766926e-05
-4.0782890157744014e-05
-4.0234659750342507e-05
-3.9645715149491666e-05
-3.9052498076680118e-05
-3.8498837304708298e-05
-3.7866995149814163e-05
0.0000000000000000e+00
];
