%Vec Object:dSdr_b_aug_2940 1 MPI processes
%  type: seq
dSdr_b_aug_2940 = [
2.3794298696582564e+03
0.0000000000000000e+00
-1.2749144268016170e-06
-5.2382614541414315e-07
-3.2283107685534634e-07
-2.2802349825363439e-07
-1.7087941266234868e-07
-1.3557166877986250e-07
-1.1164164164083528e-07
-9.3590347249251205e-08
-8.0188775506178203e-08
-6.9917455783366708e-08
-6.1550995615102596e-08
-5.4773708335887518e-08
-4.9218069144328144e-08
-4.4533805652558948e-08
-4.0531636569216588e-08
-3.7117228183253858e-08
-3.4165349847349794e-08
-3.1561051333213947e-08
-2.9281918968585167e-08
-7.4528849918884105e-08
-1.7494418161066578e-04
-6.5538909001589744e-04
-6.1805560519063638e-04
-5.7560700119268018e-04
-5.3479999005429481e-04
-4.9360038422887709e-04
-4.5135252411801854e-04
-4.0623793574217916e-04
-3.6654423077666720e-04
-3.2841362994087925e-04
-2.9243189875536148e-04
-2.5449514917264611e-04
-2.2364337772354305e-04
-1.9679589637638855e-04
-1.7331407795339893e-04
-1.5113671433949639e-04
-1.3433889810526760e-04
-1.2159685958053362e-04
-1.1153088747355231e-04
-1.0341100561380200e-04
-9.8343922103508503e-05
-9.5244526516958123e-05
-9.3540139757256239e-05
-9.3118631689489764e-05
-9.3591705509493185e-05
-9.4592660333773289e-05
-9.6048889931868716e-05
-9.8016792484083732e-05
-9.9747638510588565e-05
-1.0156380917360720e-04
-1.0341004112585030e-04
-1.0518305999891293e-04
-1.0666535215566647e-04
-1.0798691454709869e-04
-1.0924887743778902e-04
-1.1026130053869020e-04
-1.1108584477319165e-04
-1.1174150844139650e-04
-1.1232413049899207e-04
-1.1269539325072671e-04
-1.1290206629578445e-04
-1.1305317599304857e-04
-1.1310491326176670e-04
-1.1302048099395182e-04
-1.1287096619585171e-04
-1.1266088022406234e-04
-1.1236281435017079e-04
-1.1200584793491968e-04
-1.1162697920908815e-04
-1.1119924707690103e-04
-1.1073749597002912e-04
-1.1020698424547497e-04
-1.0969044639769512e-04
-1.0914682612066572e-04
-1.0855127021045964e-04
-1.0798312315470161e-04
-1.0740459613728909e-04
-1.0674601566430561e-04
-1.0613925550835323e-04
-1.0552911812361384e-04
-1.0485744449868455e-04
-1.0423930503629337e-04
-1.0362480334660703e-04
-1.0291007978104629e-04
-1.0229282570957756e-04
-1.0165592490264571e-04
-1.0096320732984019e-04
-1.0034790411073702e-04
-9.9695220518212076e-05
-9.9007303358664560e-05
-9.8389098180090613e-05
-9.7715221607846218e-05
-9.7066003459830331e-05
-9.6458715633151198e-05
-9.5756983587648431e-05
-9.5138182634186714e-05
-9.4519323522345924e-05
-9.3806367870660410e-05
-9.3231545930197996e-05
-9.2582362670772742e-05
-9.1920563530170716e-05
-9.1345800237652660e-05
-9.0642389644386543e-05
-9.0049347170966405e-05
-8.9449859275368826e-05
-8.8771201617494138e-05
-8.8206919048599650e-05
-8.7552102243684146e-05
-8.6931557193327608e-05
-8.6361564970369027e-05
-8.5690505640203469e-05
-8.5131804579769002e-05
-8.4498431116416902e-05
-8.3900747162227683e-05
-8.3308774436135794e-05
-8.2680639623519027e-05
-8.2127316414400128e-05
-8.1476553812618368e-05
-8.0931196700806496e-05
-8.0321414979392367e-05
-7.9718708445951545e-05
-7.9182487094573852e-05
-7.8522036025534110e-05
-7.8011141197810086e-05
-7.7378296451404728e-05
-7.6831451865536101e-05
-7.6249149009694376e-05
-7.5666652481214217e-05
-7.5108097756704343e-05
-7.4517344684809373e-05
-7.3989085908118116e-05
-7.3365551978417766e-05
-7.2865274338272627e-05
-7.2243088387918044e-05
-7.1721961095131201e-05
-7.1140886757054531e-05
-7.0588650320084671e-05
-7.0037529393178580e-05
-6.9477796116360809e-05
-6.8935639986638639e-05
-6.8371446369680462e-05
-6.7840944976114043e-05
-6.7256982226785103e-05
-6.6760513501701397e-05
-6.6154267750086402e-05
-6.5673160243265549e-05
-6.5073217459054051e-05
-6.4586884355389423e-05
-6.3993232620627034e-05
-6.3507999368110158e-05
-6.2907211849301298e-05
-6.2439374019687823e-05
-6.1831869652431744e-05
-6.1365825753348030e-05
-6.0770824937911800e-05
-6.0295203854071940e-05
-5.9708851733375294e-05
-5.9227696027949998e-05
-5.8642444964063979e-05
-5.8169654230664392e-05
-5.7583750479068234e-05
-5.7102187023560087e-05
-5.6542229631276351e-05
-5.6034444586859338e-05
-5.5502361563930439e-05
-5.4974415913597392e-05
-5.4451412588944141e-05
-5.3918559677163556e-05
-5.3405023615618217e-05
-5.2859645546597253e-05
-5.2369590440743870e-05
-5.1796045249736226e-05
-5.1322517777633886e-05
-5.0748764680439685e-05
-5.0260609411883454e-05
-4.9715262855379668e-05
-4.9191316575498452e-05
-4.8683870624017772e-05
-4.8123791196838948e-05
-4.7644690584781214e-05
-4.7063311919735300e-05
-4.6573238207252652e-05
-4.6028527161561860e-05
-4.5504937265770126e-05
-4.4988171573957526e-05
-4.4435163732416369e-05
-4.3944449768248637e-05
-4.3363451887169941e-05
-4.2863009818960646e-05
-4.2318250500710748e-05
-4.1779169687980004e-05
-4.1271070945025941e-05
-4.0688985753570222e-05
-4.0180156556444815e-05
-3.9633784208910352e-05
-3.9083733672958803e-05
-3.8569000334423715e-05
-3.7979105100160234e-05
0.0000000000000000e+00
];
