%Vec Object:dSdr_b_aug_2400 1 MPI processes
%  type: seq
dSdr_b_aug_2400 = [
2.3953578131877011e+03
0.0000000000000000e+00
-1.4259866244545204e-06
-5.8465407906873361e-07
-3.5926498464711663e-07
-2.5322136703097014e-07
-1.8959316750866054e-07
-1.5028700494292321e-07
-1.2364815615813502e-07
-1.0354364442968880e-07
-8.8619278469420098e-08
-7.7181620966025930e-08
-6.7866101288440503e-08
-6.0320708251491283e-08
-5.4135745607457352e-08
-4.8921582167335407e-08
-4.4467419011696203e-08
-4.0667564814468147e-08
-3.7382675632441515e-08
-3.4485278987018241e-08
-3.1947102061141387e-08
-2.9751308660438364e-08
-5.1570825187118700e-07
-3.3454957547653905e-04
-6.1899101582672280e-04
-5.8118718919831689e-04
-5.4018109521312356e-04
-4.9864506696365254e-04
-4.5605301544960030e-04
-4.1058009237597342e-04
-3.7057281303962797e-04
-3.3214592078123457e-04
-2.9588828133457425e-04
-2.5766366131138916e-04
-2.2657922131947536e-04
-1.9953060395293785e-04
-1.7587338885127312e-04
-1.5353008706183913e-04
-1.3660647377422715e-04
-1.2376847985310876e-04
-1.1362470319131757e-04
-1.0544025661633450e-04
-1.0033040497782543e-04
-9.7201572464053530e-05
-9.5477095924125692e-05
-9.5043417871245749e-05
-9.5510479772389106e-05
-9.6508809438631388e-05
-9.7965260214923110e-05
-9.9934729512937833e-05
-1.0166670294862447e-04
-1.0348463404220523e-04
-1.0533179109835148e-04
-1.0710452533874127e-04
-1.0858562493432777e-04
-1.0990454210410893e-04
-1.1116199419626408e-04
-1.1216923794373368e-04
-1.1298774550236841e-04
-1.1363576386556902e-04
-1.1420942178799574e-04
-1.1457156458620587e-04
-1.1476809422592464e-04
-1.1490701910952034e-04
-1.1494759533321242e-04
-1.1485131255621642e-04
-1.1468865565377695e-04
-1.1446501756417430e-04
-1.1415380691884331e-04
-1.1378294989259099e-04
-1.1338927890790238e-04
-1.1294787184332434e-04
-1.1247238552720428e-04
-1.1192559393582864e-04
-1.1139502247365414e-04
-1.1083745339118760e-04
-1.1022536284365730e-04
-1.0964325399755284e-04
-1.0905081784661410e-04
-1.0837529616217092e-04
-1.0775453381713523e-04
-1.0713024031961398e-04
-1.0644210433676500e-04
-1.0581003990980153e-04
-1.0518151271198639e-04
-1.0445017482150626e-04
-1.0381905178797986e-04
-1.0316794629136648e-04
-1.0245930196847708e-04
-1.0183035985574940e-04
-1.0116324802974263e-04
-1.0045978095324434e-04
-9.9828054160808387e-05
-9.9139345666702537e-05
-9.8475536171182371e-05
-9.7854958779943543e-05
-9.7137912765351368e-05
-9.6505103738308645e-05
-9.5872920217691631e-05
-9.5144363556617193e-05
-9.4556407322430770e-05
-9.3893405399579619e-05
-9.3216917683688869e-05
-9.2629198485267824e-05
-9.1910811590186392e-05
-9.1304359315997954e-05
-9.0691618112941205e-05
-8.9998258512175968e-05
-8.9421261558801456e-05
-8.8752002619238939e-05
-8.8117863003803453e-05
-8.7535091797793374e-05
-8.6849132712794470e-05
-8.6278124422600427e-05
-8.5630486202903234e-05
-8.5019595579416887e-05
-8.4414520159522085e-05
-8.3772213897895405e-05
-8.3206559254559535e-05
-8.2541356705928637e-05
-8.1983409982079852e-05
-8.1360225834090991e-05
-8.0743936864420362e-05
-8.0195163894103788e-05
-7.9520365546634098e-05
-7.8997430611567890e-05
-7.8350290658457067e-05
-7.7791233474065548e-05
-7.7195139609554191e-05
-7.6599628743126929e-05
-7.6028203819504552e-05
-7.5423700053082641e-05
-7.4883342162430301e-05
-7.4245348758061321e-05
-7.3733301399029168e-05
-7.3096776980482021e-05
-7.2563395641423963e-05
-7.1968721282612697e-05
-7.1403624490032095e-05
-7.0839424709655035e-05
-7.0266442460818141e-05
-6.9711604097674957e-05
-6.9133710216182391e-05
-6.8590771107608097e-05
-6.7992873376271744e-05
-6.7484122019661173e-05
-6.6863800260484114e-05
-6.6370527718514574e-05
-6.5756358382972996e-05
-6.5258170521761849e-05
-6.4649792569008047e-05
-6.4152808724473448e-05
-6.3537225476272702e-05
-6.3057685262190419e-05
-6.2435290600734863e-05
-6.1957458952426874e-05
-6.1347714806417094e-05
-6.0860166530836454e-05
-6.0259076245669372e-05
-5.9765710627299628e-05
-5.9165859941317035e-05
-5.8680589501395534e-05
-5.8080268501284418e-05
-5.7586002041771016e-05
-5.7011674289766404e-05
-5.6490941488868823e-05
-5.5944693620212277e-05
-5.5403331877686307e-05
-5.4866447850968339e-05
-5.4319664139407023e-05
-5.3792598790733722e-05
-5.3232739256093354e-05
-5.2729601640189155e-05
-5.2140838050653856e-05
-5.1654498503927140e-05
-5.1065493658244504e-05
-5.0564069396011634e-05
-5.0003921464952873e-05
-4.9465902407398916e-05
-4.8944227872482959e-05
-4.8369228756387799e-05
-4.7876583229710384e-05
-4.7279303514252000e-05
-4.6775716627576540e-05
-4.6215496030601953e-05
-4.5677518266013252e-05
-4.5146057042931974e-05
-4.4577527148864799e-05
-4.4072809022138440e-05
-4.3475332114429775e-05
-4.2960575501351871e-05
-4.2400281314005253e-05
-4.1845667487659414e-05
-4.1322941834543768e-05
-4.0723956750679221e-05
-4.0200397296787172e-05
-3.9638088538855550e-05
-3.9071822284394905e-05
-3.8542258301446345e-05
-3.7935085814623232e-05
0.0000000000000000e+00
];
