%Vec Object:dSdr_b_aug_160 1 MPI processes
%  type: seq
dSdr_b_aug_160 = [
2.6121200804734030e+03
0.0000000000000000e+00
-7.7316477368627354e-06
-3.1036207139232760e-06
-1.8459685177375385e-06
-1.2794363266923510e-06
-9.6080671923571582e-07
-7.6455661892088419e-07
-6.3158551701613597e-07
-5.2963888283844434e-07
-4.5400824509260994e-07
-3.9609969606511763e-07
-3.4876421332528023e-07
-3.1040738550407897e-07
-2.7897793711916526e-07
-2.5246613193971363e-07
-2.2980172451548730e-07
-2.1047095201761288e-07
-1.9376138183581465e-07
-1.7901436575942959e-07
-1.6609783595086422e-07
-1.5470878659135124e-07
-1.4447009410338566e-07
-1.3531803921106537e-07
-1.2710826462827698e-07
-1.1965849613480579e-07
-1.1288424937712282e-07
-1.0672769741122306e-07
-1.0109514298207258e-07
-9.5908592878535616e-08
-9.1146471581287162e-08
-8.6758548829390182e-08
-8.2679192559022095e-08
-7.8902620730000086e-08
-7.5398218099265744e-08
-7.2121403816145660e-08
-6.9064783002654850e-08
-6.6212596995725441e-08
-6.3546350465455753e-08
-6.1088563748998732e-08
-5.8943412146971181e-08
-5.7454537378095015e-08
-5.7770440086373731e-08
-6.3654366507312225e-08
-8.8248317818338047e-08
-1.7886880898413347e-07
-4.8272499209991344e-07
-1.4261598667872437e-06
-4.2284995000284770e-06
-1.1888608487928896e-05
-2.8862133526789095e-05
-5.5291502095274960e-05
-8.2460948500702669e-05
-1.0270463561662889e-04
-1.1569707683084972e-04
-1.2374950246085527e-04
-1.2880209730567937e-04
-1.3192269064654644e-04
-1.3389437358291373e-04
-1.3513815928380718e-04
-1.3598876862831380e-04
-1.3645723270504806e-04
-1.3665354137605817e-04
-1.3671525395427353e-04
-1.3666131499241401e-04
-1.3644598252600574e-04
-1.3613985306102036e-04
-1.3576277551616110e-04
-1.3530006105864762e-04
-1.3476727401988392e-04
-1.3419999625313692e-04
-1.3359778017874168e-04
-1.3296047923128188e-04
-1.3222165443996944e-04
-1.3152548128441132e-04
-1.3080325670729792e-04
-1.2999594084631597e-04
-1.2924897205214997e-04
-1.2849228699094993e-04
-1.2761670213009988e-04
-1.2683058191081091e-04
-1.2603911055591221e-04
-1.2515655934124562e-04
-1.2436004482366107e-04
-1.2356587970307499e-04
-1.2263833045641665e-04
-1.2184341787594693e-04
-1.2102455791673049e-04
-1.2012782205629398e-04
-1.1933780733064968e-04
-1.1850030102119490e-04
-1.1761319271061427e-04
-1.1682177838507838e-04
-1.1595790801949332e-04
-1.1512177778439822e-04
-1.1434425336530872e-04
-1.1344635270718179e-04
-1.1264811130487388e-04
-1.1185856932452692e-04
-1.1094576822178583e-04
-1.1020269876743978e-04
-1.0937650228707573e-04
-1.0852654746079790e-04
-1.0778582350153847e-04
-1.0689057158204720e-04
-1.0612575422663464e-04
-1.0535649611291210e-04
-1.0448951166417611e-04
-1.0376236237540080e-04
-1.0292254689954521e-04
-1.0212786033383828e-04
-1.0139417399056422e-04
-1.0053225410240101e-04
-9.9815902016760051e-05
-9.8999802209158550e-05
-9.8232945738878762e-05
-9.7473132431402589e-05
-9.6663466629795709e-05
-9.5952182531218824e-05
-9.5116449653196203e-05
-9.4409824551959097e-05
-9.3628362981225269e-05
-9.2851670771437427e-05
-9.2154668255676380e-05
-9.1310434227082369e-05
-9.0645310658262593e-05
-8.9829350085777110e-05
-8.9126067335965769e-05
-8.8367107397733545e-05
-8.7617902795281903e-05
-8.6894486439753507e-05
-8.6127592927948436e-05
-8.5444350051836547e-05
-8.4635596595453193e-05
-8.3984554477719138e-05
-8.3178699248781933e-05
-8.2500603586668574e-05
-8.1745319467067869e-05
-8.1028348251987792e-05
-8.0309693769896505e-05
-7.9580247904664387e-05
-7.8875639076273786e-05
-7.8135952225837606e-05
-7.7446130636918103e-05
-7.6683668329237395e-05
-7.6029866301097088e-05
-7.5243314886292982e-05
-7.4606380830691903e-05
-7.3824204382019951e-05
-7.3186019753485130e-05
-7.2403734247436754e-05
-7.1767984313470459e-05
-7.0977673182869578e-05
-7.0359936779234420e-05
-6.9561698128610619e-05
-6.8944662859788417e-05
-6.8160811092002032e-05
-6.7532413267752149e-05
-6.6757277278385824e-05
-6.6119724246214469e-05
-6.5347465103839390e-05
-6.4714822237732291e-05
-6.3944247890933430e-05
-6.3299973379013071e-05
-6.2555947584043580e-05
-6.1882318093223814e-05
-6.1168801154646511e-05
-6.0469014042447536e-05
-5.9768219020359467e-05
-5.9056934156903062e-05
-5.8370110986358469e-05
-5.7639250644751476e-05
-5.6981635390352009e-05
-5.6213172696057357e-05
-5.5575554376977581e-05
-5.4806462603940062e-05
-5.4148370460781494e-05
-5.3413462344387640e-05
-5.2709292621435370e-05
-5.2019633381832521e-05
-5.1268495476454114e-05
-5.0615954965541780e-05
-4.9830966674019866e-05
-4.9167883585271226e-05
-4.8424607326066624e-05
-4.7716841191108775e-05
-4.7011984928504689e-05
-4.6260334825080538e-05
-4.5590467869960123e-05
-4.4798681918018337e-05
-4.4115267819412454e-05
-4.3372038689889533e-05
-4.2634713293682731e-05
-4.1940296603480568e-05
-4.1143332731845225e-05
-4.0448431704255815e-05
-3.9702687700434949e-05
-3.8955095225344254e-05
-3.8279042237332796e-05
-3.7620371039408930e-05
0.0000000000000000e+00
];
