%Vec Object:dSdr_b_aug_8700 1 MPI processes
%  type: seq
dSdr_b_aug_8700 = [
2.2822432817294703e+03
0.0000000000000000e+00
-6.6602612384174890e-07
-2.7536683776491302e-07
-1.7142389746891441e-07
-1.2178075682514306e-07
-9.1200850665948310e-08
-7.2289945644516879e-08
-5.9472917779952123e-08
-4.9849115309593506e-08
-4.2702448733824007e-08
-3.7223233498520454e-08
-3.2765515010099748e-08
-2.9154894659683141e-08
-2.6194648116976373e-08
-2.3699134240940066e-08
-2.1568108516148685e-08
-3.0105882094289297e-07
-6.4974751510481319e-04
-7.8184681932246469e-04
-7.4031324824965926e-04
-7.0157180960797887e-04
-6.6361984790654744e-04
-6.2580597127060800e-04
-5.8382719648948243e-04
-5.4329003067889593e-04
-5.0441355065874310e-04
-4.6514252171261353e-04
-4.2483782647781323e-04
-3.8174465014497117e-04
-3.4381976828849742e-04
-3.0736049194575026e-04
-2.7293510681436229e-04
-2.3662217957418386e-04
-2.0708284704172122e-04
-1.8136993564614614e-04
-1.5887749668076743e-04
-1.3763615901917652e-04
-1.2154794025837563e-04
-1.0934716804945259e-04
-9.9720076772205049e-05
-9.1964392295688205e-05
-8.7138555721412848e-05
-8.4205208267922328e-05
-8.2614144136450732e-05
-8.2261284616237158e-05
-8.2768270488525937e-05
-8.3784033282782030e-05
-8.5239015203263387e-05
-8.7198079980031591e-05
-8.8922566450239389e-05
-9.0728806805014754e-05
-9.2569820368873095e-05
-9.4344444749709246e-05
-9.5833463871432601e-05
-9.7169947412967215e-05
-9.8457354819332481e-05
-9.9498993630226114e-05
-1.0035758957058929e-04
-1.0105637891806907e-04
-1.0168956592554562e-04
-1.0211227257096504e-04
-1.0237616260913157e-04
-1.0259600449539450e-04
-1.0271069906985739e-04
-1.0269311324576411e-04
-1.0261773053357924e-04
-1.0248408945620556e-04
-1.0226017071400828e-04
-1.0198155856942522e-04
-1.0168618638211688e-04
-1.0133559147262417e-04
-1.0095131761992907e-04
-1.0051263709775468e-04
-1.0007525978849382e-04
-9.9610321677291442e-05
-9.9108034167648244e-05
-9.8618642874706320e-05
-9.8118574594149114e-05
-9.7555556232988919e-05
-9.7027779725350886e-05
-9.6497494244762109e-05
-9.5918681613782247e-05
-9.5379090194515481e-05
-9.4843703696055473e-05
-9.4222698344476871e-05
-9.3683676419588843e-05
-9.3126901535570822e-05
-9.2524023700838015e-05
-9.1985654858361203e-05
-9.1414358158832659e-05
-9.0814155095743663e-05
-9.0272222743589096e-05
-8.9682010195490082e-05
-8.9115099038259855e-05
-8.8582775093583595e-05
-8.7967426210927221e-05
-8.7427642112798223e-05
-8.6883943434206816e-05
-8.6258990086112637e-05
-8.5758256176725410e-05
-8.5187021359225392e-05
-8.4608077678367618e-05
-8.4106396188221116e-05
-8.3487464065742142e-05
-8.2970063729738229e-05
-8.2445335222518893e-05
-8.1849608430080876e-05
-8.1357045288517660e-05
-8.0783693820891516e-05
-8.0239833129426113e-05
-7.9741924723236794e-05
-7.9154912079386282e-05
-7.8665633765766585e-05
-7.8112725083912969e-05
-7.7589537444402491e-05
-7.7071474527428969e-05
-7.6523278168714055e-05
-7.6039514241108024e-05
-7.5470204639367606e-05
-7.4995863141665491e-05
-7.4461681967159695e-05
-7.3935591381151937e-05
-7.3470171333762403e-05
-7.2890650542195622e-05
-7.2447671680284708e-05
-7.1895463485906015e-05
-7.1417507856848261e-05
-7.0912997469349347e-05
-7.0403912358348088e-05
-6.9917955992270184e-05
-6.9404767986465968e-05
-6.8944758025549525e-05
-6.8402787257384947e-05
-6.7968900379557814e-05
-6.7427595018237877e-05
-6.6975590488332128e-05
-6.6471231299628465e-05
-6.5991537703303092e-05
-6.5514192122883164e-05
-6.5029193800096309e-05
-6.4558575761376904e-05
-6.4071662756113272e-05
-6.3611320174465578e-05
-6.3105962036846954e-05
-6.2678777330209463e-05
-6.2151931692224017e-05
-6.1739444868700620e-05
-6.1219751390719201e-05
-6.0800288757893980e-05
-6.0289704858000774e-05
-5.9870754503130412e-05
-5.9353426925152063e-05
-5.8951600068873868e-05
-5.8428089070778080e-05
-5.8028537677615783e-05
-5.7516701244446411e-05
-5.7108359242885313e-05
-5.6605142371516605e-05
-5.6192860533576973e-05
-5.5689963237694510e-05
-5.5287568236252859e-05
-5.4782989529790855e-05
-5.4373081397324735e-05
-5.3894184572905959e-05
-5.3459435469445264e-05
-5.3007253765471631e-05
-5.2554985867543890e-05
-5.2110281081931460e-05
-5.1656009313412862e-05
-5.1218789551769589e-05
-5.0755098856515379e-05
-5.0338839897989799e-05
-4.9851139017414700e-05
-4.9449882259283439e-05
-4.8962161641997716e-05
-4.8548854536684940e-05
-4.8087000049369331e-05
-4.7642436001485277e-05
-4.7215251198973922e-05
-4.6739331374826309e-05
-4.6336635586695997e-05
-4.5844952348847518e-05
-4.5431104598655671e-05
-4.4973880826483852e-05
-4.4531451157150258e-05
-4.4097581350747362e-05
-4.3632131901338198e-05
-4.3220414521678148e-05
-4.2732373930443653e-05
-4.2312680328837554e-05
-4.1855554004213000e-05
-4.1404097063448288e-05
-4.0978513137696749e-05
-4.0491767828971210e-05
-4.0066046484481993e-05
-3.9609599184616426e-05
-3.9151082625122285e-05
-3.8720182534062472e-05
-3.8228660578327777e-05
0.0000000000000000e+00
];
