%Vec Object:dSdr_b_aug_190 1 MPI processes
%  type: seq
dSdr_b_aug_190 = [
2.5988256562127299e+03
0.0000000000000000e+00
-6.9082810299532688e-06
-2.7777381719308216e-06
-1.6560674061901924e-06
-1.1491628389840778e-06
-8.6285655661936064e-07
-6.8647248474792738e-07
-5.6695754876440752e-07
-4.7543806625696920e-07
-4.0753964754192951e-07
-3.5554813979541683e-07
-3.1305899210145387e-07
-2.7862998075005676e-07
-2.5041823168599131e-07
-2.2662126536719877e-07
-2.0627838964338110e-07
-1.8892740308349258e-07
-1.7392900982395199e-07
-1.6069239047030478e-07
-1.4909863870218149e-07
-1.3887580639323882e-07
-1.2968551728668432e-07
-1.2147052519731025e-07
-1.1410125726995726e-07
-1.0741411866031458e-07
-1.0133329631960881e-07
-9.5806889827110362e-08
-9.0750793592123762e-08
-8.6095006168624884e-08
-8.1820178748989596e-08
-7.7881223483321178e-08
-7.4219218016696192e-08
-7.0829026959759937e-08
-6.7683641859063469e-08
-6.4747810383981255e-08
-6.2048305927120821e-08
-5.9747519077466380e-08
-5.8607350137747074e-08
-6.1656545932456006e-08
-8.0006743605131525e-08
-1.5526362452684932e-07
-4.2170414037257804e-07
-1.2495615429395524e-06
-3.6270041816556594e-06
-9.9154208045680191e-06
-2.3833535104518374e-05
-4.6323997516248954e-05
-7.1222713947637043e-05
-9.1550159923825921e-05
-1.0536104735279106e-04
-1.1456631694926706e-04
-1.2078033256345353e-04
-1.2508392746901029e-04
-1.2801848541077362e-04
-1.3015277078086369e-04
-1.3184006779353157e-04
-1.3306209203105509e-04
-1.3396768954780666e-04
-1.3461754752199713e-04
-1.3514019898815458e-04
-1.3542823447948725e-04
-1.3552723311138729e-04
-1.3553912190372247e-04
-1.3546027664754808e-04
-1.3523477234772047e-04
-1.3492731770091675e-04
-1.3455364547779544e-04
-1.3409655844205483e-04
-1.3357130589621745e-04
-1.3301296712312443e-04
-1.3241937703851938e-04
-1.3179099708154264e-04
-1.3106295368688918e-04
-1.3037613023764413e-04
-1.2966324602596679e-04
-1.2886704178384777e-04
-1.2812946565927765e-04
-1.2738214712901792e-04
-1.2651797896575509e-04
-1.2574129671938156e-04
-1.2495936905354487e-04
-1.2408791789715002e-04
-1.2330079299821038e-04
-1.2251608570521791e-04
-1.2159974032196217e-04
-1.2081418038773054e-04
-1.2000489956239178e-04
-1.1911890417622138e-04
-1.1833808711524986e-04
-1.1751031078637983e-04
-1.1663368888443399e-04
-1.1585139316416156e-04
-1.1499752502403942e-04
-1.1417123478069601e-04
-1.1340267248009502e-04
-1.1251509911586318e-04
-1.1172630436190828e-04
-1.1094574798941300e-04
-1.1004346774037560e-04
-1.0930925568293116e-04
-1.0849237796939094e-04
-1.0765232840429527e-04
-1.0692034125972744e-04
-1.0603518862357840e-04
-1.0527941416310753e-04
-1.0451909340654408e-04
-1.0366202321127093e-04
-1.0294344784289670e-04
-1.0211337140735129e-04
-1.0132785230928699e-04
-1.0060278343366558e-04
-9.9750911169882098e-05
-9.9042858408186646e-05
-9.8236377995972223e-05
-9.7478427383152405e-05
-9.6727449809544955e-05
-9.5927340460528359e-05
-9.5224371975681643e-05
-9.4398376598330632e-05
-9.3700241200866450e-05
-9.2927817453004741e-05
-9.2160284449401261e-05
-9.1471745991157050e-05
-9.0637186925983081e-05
-8.9980182453078703e-05
-8.9173861709633995e-05
-8.8478814352646869e-05
-8.7729154212657008e-05
-8.6988725639197264e-05
-8.6273988099559427e-05
-8.5516367159568711e-05
-8.4841283083656623e-05
-8.4042280139945644e-05
-8.3399174662410382e-05
-8.2602988310861975e-05
-8.1933155864247917e-05
-8.1187042607854386e-05
-8.0478743436910989e-05
-7.9768908324320435e-05
-7.9048396525623554e-05
-7.8352339554885184e-05
-7.7621891054622009e-05
-7.6940456378229308e-05
-7.6187390644992124e-05
-7.5541870890882346e-05
-7.4764811083385342e-05
-7.4136079932302757e-05
-7.3363496536755745e-05
-7.2733305493114254e-05
-7.1960949909898362e-05
-7.1333123224693527e-05
-7.0552788789438251e-05
-6.9942943021410176e-05
-6.9154744716399654e-05
-6.8545657524562848e-05
-6.7771746858604758e-05
-6.7151390994487487e-05
-6.6386192460758482e-05
-6.5756871867152529e-05
-6.4994456555751262e-05
-6.4370227855733124e-05
-6.3609374116007820e-05
-6.2973664092284793e-05
-6.2239327003431343e-05
-6.1574426725316680e-05
-6.0870459557708523e-05
-6.0179717082990393e-05
-5.9488279780230935e-05
-5.8786386152315591e-05
-5.8108683167178806e-05
-5.7387584765134553e-05
-5.6738787705513444e-05
-5.5980583061817627e-05
-5.5351599640295194e-05
-5.4592787311197243e-05
-5.3943636924096426e-05
-5.3218703087201731e-05
-5.2524015612995455e-05
-5.1843942911988768e-05
-5.1102856305486723e-05
-5.0459438647655043e-05
-4.9685160119262226e-05
-4.9031174471768811e-05
-4.8298339047291514e-05
-4.7600253906973549e-05
-4.6905281658553820e-05
-4.6164066971689561e-05
-4.5503604281173312e-05
-4.4722879798939813e-05
-4.4049051410883652e-05
-4.3316207843294784e-05
-4.2589232110403443e-05
-4.1904499063540897e-05
-4.1118655973350239e-05
-4.0433238040525717e-05
-3.9697420083254887e-05
-3.8959010469582996e-05
-3.8288023650694098e-05
-3.7614766626567217e-05
0.0000000000000000e+00
];
