%Vec Object:dSdr_b_aug_2970 1 MPI processes
%  type: seq
dSdr_b_aug_2970 = [
2.3783288365230401e+03
0.0000000000000000e+00
-1.2644512126848725e-06
-5.1932452393623617e-07
-3.1994104162670560e-07
-2.2588164473798292e-07
-1.6918168744109009e-07
-1.3414872415428175e-07
-1.1040545493840315e-07
-9.2499671833677407e-08
-7.9206523598814368e-08
-6.9018324829902011e-08
-6.0721097623503096e-08
-5.4000301643118037e-08
-4.8491046119920055e-08
-4.3846320733981125e-08
-3.9878381075930582e-08
-3.6493227353425282e-08
-3.3566735863468004e-08
-3.0985210859273219e-08
-2.8727522823468127e-08
-1.0631737274637846e-07
-2.2057424745079910e-04
-6.5620676408581469e-04
-6.1777906599070329e-04
-5.7532423028184231e-04
-5.3453347075012900e-04
-4.9335075549272603e-04
-4.5111993919735714e-04
-4.0602308236251469e-04
-3.6634489334259066e-04
-3.2822895321038222e-04
-2.9226087414978822e-04
-2.5433836857813693e-04
-2.2349810971485106e-04
-1.9666058070189985e-04
-1.7318744101493927e-04
-1.5101828812125312e-04
-1.3422669640391222e-04
-1.2148940581261550e-04
-1.1142728352907293e-04
-1.0331059637763406e-04
-9.8245629071621541e-05
-9.5147690058957433e-05
-9.3444297370345845e-05
-9.3023391500287613e-05
-9.3496762815973325e-05
-9.4497847554320943e-05
-9.5954066227008479e-05
-9.7921891275114882e-05
-9.9652681535771599e-05
-1.0146876510681171e-04
-1.0331495130122357e-04
-1.0508798427135105e-04
-1.0657033545007088e-04
-1.0789202874142194e-04
-1.0915421484259812e-04
-1.1016689423138146e-04
-1.1099173717359568e-04
-1.1164777914545165e-04
-1.1223084476450606e-04
-1.1260255878380253e-04
-1.1280973374040072e-04
-1.1296144635648635e-04
-1.1301373588877294e-04
-1.1292988999829642e-04
-1.1278102548580633e-04
-1.1257161008821717e-04
-1.1227419463122295e-04
-1.1191791553685577e-04
-1.1153977926176994e-04
-1.1111272377644065e-04
-1.1065165229649486e-04
-1.1012194611278761e-04
-1.0960610265867859e-04
-1.0906317257763455e-04
-1.0846843481436284e-04
-1.0790097860118067e-04
-1.0732313982050346e-04
-1.0666539761214800e-04
-1.0605933029800415e-04
-1.0544989336941131e-04
-1.0477903431710068e-04
-1.0416158387406347e-04
-1.0354777617892714e-04
-1.0283387470420620e-04
-1.0221730688099973e-04
-1.0158110893344121e-04
-1.0088917942963287e-04
-1.0027455107440522e-04
-9.9622581402720106e-05
-9.8935433665644330e-05
-9.8317897548442837e-05
-9.7644754872250593e-05
-9.6996258716525299e-05
-9.6389628467772359e-05
-9.5688654169292110e-05
-9.5070546347125536e-05
-9.4452346538604354e-05
-9.3740162837415068e-05
-9.3165990792399507e-05
-9.2517491289159835e-05
-9.1856418946695880e-05
-9.1282296719916810e-05
-9.0579627161543904e-05
-8.9987248213117978e-05
-8.9388416098132789e-05
-8.8710485899424750e-05
-8.8146832444927273e-05
-8.7492730243617740e-05
-8.6872857859706914e-05
-8.6303497946197639e-05
-8.5633175864099404e-05
-8.5075083770273685e-05
-8.4442416134771351e-05
-8.3845385652691742e-05
-8.3254061253232981e-05
-8.2626627651115087e-05
-8.2073914606909480e-05
-8.1423866499339046e-05
-8.0879132327452011e-05
-8.0270013764024550e-05
-7.9667979294297572e-05
-7.9132379002837917e-05
-7.8472637843131791e-05
-7.7962338764000951e-05
-7.7330201350106571e-05
-7.6783961047350899e-05
-7.6202340575432778e-05
-7.5620488001683521e-05
-7.5062570098053015e-05
-7.4472497415109849e-05
-7.3944837306365093e-05
-7.3322018835581465e-05
-7.2822323563743644e-05
-7.2200847085333714e-05
-7.1680326124936116e-05
-7.1099924719571862e-05
-7.0548324615265335e-05
-6.9997850832160166e-05
-6.9438773117278403e-05
-6.8897244505842793e-05
-6.8333728779961791e-05
-6.7803842804949448e-05
-6.7220569559526573e-05
-6.6724708579221780e-05
-6.6119159308888708e-05
-6.5638653726798413e-05
-6.5039414872324685e-05
-6.4553668339694924e-05
-6.3960745257086787e-05
-6.3476093420721124e-05
-6.2876037992092842e-05
-6.2408779192139972e-05
-6.1802011593075731e-05
-6.1336550945522680e-05
-6.0742279624681688e-05
-6.0267248690304031e-05
-5.9681625806634317e-05
-5.9201074237705275e-05
-5.8616545553180575e-05
-5.8144372303401796e-05
-5.7559181904490645e-05
-5.7078246978176407e-05
-5.6519000614893064e-05
-5.6011856206325806e-05
-5.5480474039317983e-05
-5.4953192193604077e-05
-5.4430875660118654e-05
-5.3898712015178802e-05
-5.3385845349605384e-05
-5.2841183787160435e-05
-5.2351775962395366e-05
-5.1778983731631918e-05
-5.1306090147936716e-05
-5.0733091648076874e-05
-5.0245592861903102e-05
-4.9700978600653388e-05
-4.9177728553833541e-05
-4.8670986532071556e-05
-4.8111645214182186e-05
-4.7633214669276451e-05
-4.7052622629643077e-05
-4.6563217362129287e-05
-4.6019273506945249e-05
-4.5496395255404862e-05
-4.4980356373878236e-05
-4.4428116162756405e-05
-4.3938094624251074e-05
-4.3357911484971557e-05
-4.2858176868226515e-05
-4.2314185098840208e-05
-4.1775871314515302e-05
-4.1268494084189061e-05
-4.0687241697304015e-05
-4.0179135791531580e-05
-3.9633541856237517e-05
-3.9084272089336698e-05
-3.8570211788203923e-05
-3.7980847613822831e-05
0.0000000000000000e+00
];
