%Vec Object:dSdr_b_aug_9640 1 MPI processes
%  type: seq
dSdr_b_aug_9640 = [
2.2751828608108126e+03
0.0000000000000000e+00
-6.3842738826306930e-07
-2.6461082656737508e-07
-1.6518655612680143e-07
-1.1765862013879239e-07
-8.8318464225974321e-08
-7.0170723426724242e-08
-5.7869179814644877e-08
-4.8627343859916520e-08
-4.1762982500816359e-08
-3.6499707392045168e-08
-3.2214781909258662e-08
-2.8743109948125744e-08
-2.5896418765993348e-08
-2.3495608398277795e-08
-2.1464670977022873e-08
-8.3343424459806046e-06
-8.0393402421203002e-04
-7.7777882900913946e-04
-7.3595565815953842e-04
-6.9742870795010624e-04
-6.5968562332115741e-04
-6.2207573910456047e-04
-5.8032128250041267e-04
-5.3999454389621877e-04
-5.0131536444964397e-04
-4.6224098945992311e-04
-4.2213441818112071e-04
-3.7924734287627098e-04
-3.4150280829000365e-04
-3.0521393836646052e-04
-2.7094723658260578e-04
-2.3479987251638702e-04
-2.0539435504588271e-04
-1.7979712359616375e-04
-1.5740556081526787e-04
-1.3625965935083555e-04
-1.2024379037009020e-04
-1.0809820506503861e-04
-9.8515861569731846e-05
-9.0797310224805173e-05
-8.5996070866652805e-05
-8.3079653427811813e-05
-8.1500143467995461e-05
-8.1154283191971544e-05
-8.1664726611062669e-05
-8.2681999122165091e-05
-8.4136853745345994e-05
-8.6095017348789121e-05
-8.7818855329716876e-05
-8.9624083129545370e-05
-9.1464564565219285e-05
-9.3239352579574931e-05
-9.4729057518288561e-05
-9.6067062350950548e-05
-9.7357064002711588e-05
-9.8401681569606928e-05
-9.9263749342054039e-05
-9.9966935696840889e-05
-1.0060527821372511e-04
-1.0103322998739563e-04
-1.0130295377480452e-04
-1.0152980348880122e-04
-1.0165091709198741e-04
-1.0164014683057459e-04
-1.0157232251850510e-04
-1.0144647565395510e-04
-1.0123011684861710e-04
-1.0095949359718882e-04
-1.0067263460655628e-04
-1.0032990451027056e-04
-9.9953530140525212e-05
-9.9524212614707962e-05
-9.9094906415312325e-05
-9.8637990640111444e-05
-9.8145212663341706e-05
-9.7663851211005060e-05
-9.7171782487153233e-05
-9.6618507524297981e-05
-9.6098784093389569e-05
-9.5576640216256305e-05
-9.5007295581465222e-05
-9.4475712826021604e-05
-9.3948392817385420e-05
-9.3336942864116225e-05
-9.2805897395294295e-05
-9.2257292054928860e-05
-9.1663574174056600e-05
-9.1133049469093355e-05
-9.0570050880984127e-05
-8.9978791044214139e-05
-8.9444635379222183e-05
-8.8862953116906529e-05
-8.8304433883930588e-05
-8.7779753168423083e-05
-8.7173211812344330e-05
-8.6641484180328859e-05
-8.6105448771436763e-05
-8.5489468036222891e-05
-8.4996288055846886e-05
-8.4433000775440119e-05
-8.3862504950604351e-05
-8.3368274805211361e-05
-8.2757956019497732e-05
-8.2248268077460542e-05
-8.1731161960279193e-05
-8.1143890712835783e-05
-8.0658640010478885e-05
-8.0093594664506148e-05
-7.9557552631551263e-05
-7.9066993817740374e-05
-7.8488550487585838e-05
-7.8006350446934653e-05
-7.7461645872058807e-05
-7.6946053801317058e-05
-7.6435526653916301e-05
-7.5895480738953058e-05
-7.5418809006276102e-05
-7.4857804270253700e-05
-7.4390703453995437e-05
-7.3864230435969442e-05
-7.3345951535847494e-05
-7.2887750319792133e-05
-7.2316481099107401e-05
-7.1880426883257661e-05
-7.1336440312383962e-05
-7.0865508535190202e-05
-7.0368929792142626e-05
-6.9867329638891352e-05
-6.9388775332260099e-05
-6.8883495786411150e-05
-6.8430444411156889e-05
-6.7896789745328502e-05
-6.7469672008957772e-05
-6.6936613156621516e-05
-6.6491656320951238e-05
-6.5995118938622888e-05
-6.5522821745175609e-05
-6.5052998233180578e-05
-6.4575619820036155e-05
-6.4112295743015335e-05
-6.3633262201330193e-05
-6.3180072953121613e-05
-6.2682729274385489e-05
-6.2262608709823277e-05
-6.1743858641235473e-05
-6.1338368328785089e-05
-6.0826857005094247e-05
-6.0414212435965033e-05
-5.9912098066858858e-05
-5.9499905869995234e-05
-5.8991087804420938e-05
-5.8595991383988686e-05
-5.8081044289502379e-05
-5.7688272432278431e-05
-5.7184915383996203e-05
-5.6783433121101459e-05
-5.6288692668789690e-05
-5.5883433177039560e-05
-5.5388932626793215e-05
-5.4993715145001208e-05
-5.4497428303369242e-05
-5.4094826124324704e-05
-5.3624194206658547e-05
-5.3196891831985042e-05
-5.2752856848465714e-05
-5.2308305046544409e-05
-5.1871583575699238e-05
-5.1425323943298784e-05
-5.0995885404646399e-05
-5.0540523570710489e-05
-5.0131788902275271e-05
-4.9652840742424307e-05
-4.9258952767866205e-05
-4.8780004086214024e-05
-4.8374328592242332e-05
-4.7920987061726146e-05
-4.7484516960574163e-05
-4.7065515746952521e-05
-4.6598177030645958e-05
-4.6203271721016521e-05
-4.5720734112081037e-05
-4.5314658718708466e-05
-4.4866355575020315e-05
-4.4432201534057255e-05
-4.4006784448591911e-05
-4.3550263273025866e-05
-4.3146601431550114e-05
-4.2668040106946795e-05
-4.2256581391000172e-05
-4.1808392512908667e-05
-4.1365873022163717e-05
-4.0948707113612525e-05
-4.0471689999380426e-05
-4.0054454353577005e-05
-3.9607197656124732e-05
-3.9158060389442179e-05
-3.8735838486243600e-05
-3.8255039300147127e-05
0.0000000000000000e+00
];
