%Vec Object:dSdr_b_aug_6290 1 MPI processes
%  type: seq
dSdr_b_aug_6290 = [
2.3149292733626007e+03
0.0000000000000000e+00
-8.2276269775188773e-07
-3.3956697578371808e-07
-2.1078001877207148e-07
-1.4949936971289138e-07
-1.1199590108817754e-07
-8.8809553846503954e-08
-7.3094677279322654e-08
-6.1277401622409324e-08
-5.2502501701397861e-08
-4.5775657014978718e-08
-4.0300589722698618e-08
-3.5865742421561583e-08
-3.2229906443448027e-08
-2.9164629835820902e-08
-2.6546024195128160e-08
-2.4311858882900528e-08
-2.7326251173119658e-08
-1.6451025924359806e-04
-7.5090499753082817e-04
-7.1401917775934976e-04
-6.7546196927004230e-04
-6.3703437529484693e-04
-5.9438038439879593e-04
-5.5320980972931532e-04
-5.1373943330989549e-04
-4.7387645436936508e-04
-4.3297538430269567e-04
-3.8926182131127058e-04
-3.5079407442419866e-04
-3.1382185611640958e-04
-2.7891881675978444e-04
-2.4210752630544145e-04
-2.1216539646218873e-04
-1.8610427707039815e-04
-1.6330818999766038e-04
-1.4177957874315599e-04
-1.2547357900910390e-04
-1.1310668794754853e-04
-1.0334490071668545e-04
-9.5477441214651194e-05
-9.0577564059371866e-05
-8.7593255125884137e-05
-8.5967411387596554e-05
-8.5593483108609261e-05
-8.6090061259588220e-05
-8.7101279514094370e-05
-8.8556644487852270e-05
-9.0518421771098288e-05
-9.2244860153330066e-05
-9.4054148303310080e-05
-9.5896763532270481e-05
-9.7670895266484812e-05
-9.9157849920375669e-05
-1.0048975413159098e-04
-1.0176935250320881e-04
-1.0280202486597982e-04
-1.0365017015031837e-04
-1.0433572396745581e-04
-1.0495339227324440e-04
-1.0536031045886458e-04
-1.0560664022664258e-04
-1.0580538774026486e-04
-1.0590076029408802e-04
-1.0586265884134335e-04
-1.0576452448027805e-04
-1.0560742193378853e-04
-1.0536074692102441e-04
-1.0505808730159394e-04
-1.0473708942992000e-04
-1.0436282054283649e-04
-1.0395476835376621e-04
-1.0348790416102571e-04
-1.0302623190196834e-04
-1.0253714565669130e-04
-1.0200623338833008e-04
-1.0149267137301925e-04
-1.0096852352930771e-04
-1.0037617645126869e-04
-9.9824159280576303e-05
-9.9269366662454509e-05
-9.8662054306916831e-05
-9.8098355914257493e-05
-9.7538688380190443e-05
-9.6888920216113715e-05
-9.6325888268168272e-05
-9.5744522146771414e-05
-9.5114071832161270e-05
-9.4552091261285948e-05
-9.3955816322693637e-05
-9.3328693154448673e-05
-9.2763352108110497e-05
-9.2147462451936104e-05
-9.1555290670159762e-05
-9.0999959755691331e-05
-9.0358099240556559e-05
-8.9794064284632848e-05
-8.9227298312786519e-05
-8.8575336405512548e-05
-8.8051864330931738e-05
-8.7456706555729693e-05
-8.6852333913287646e-05
-8.6328223069861117e-05
-8.5683363871397070e-05
-8.5142748396016050e-05
-8.4595075671581752e-05
-8.3973896774487409e-05
-8.3459322402257399e-05
-8.2860968611349198e-05
-8.2293572914409185e-05
-8.1773541443372726e-05
-8.1160734240605533e-05
-8.0650149564074581e-05
-8.0072545636394928e-05
-7.9526494517888468e-05
-7.8985748124755074e-05
-7.8413018053634430e-05
-7.7907905858940835e-05
-7.7313597718947684e-05
-7.6817460994516818e-05
-7.6260077442965308e-05
-7.5710472845788164e-05
-7.5223323344510612e-05
-7.4618964441195291e-05
-7.4155141656884543e-05
-7.3578185496900439e-05
-7.3079087326706694e-05
-7.2550701843743267e-05
-7.2019086214180627e-05
-7.1510848863186473e-05
-7.0973855552533563e-05
-7.0492899513271528e-05
-6.9925896394278810e-05
-6.9471633688015648e-05
-6.8905505461796149e-05
-6.8432286631350516e-05
-6.7904382981594415e-05
-6.7402425436510690e-05
-6.6902437641697910e-05
-6.6394502593299283e-05
-6.5901928969646858e-05
-6.5391297956502432e-05
-6.4909423099959011e-05
-6.4379940607785943e-05
-6.3931492105827816e-05
-6.3380277966445386e-05
-6.2946730928807270e-05
-6.2402408324461879e-05
-6.1962422629220615e-05
-6.1426344573886017e-05
-6.0987051485462172e-05
-6.0444109409816032e-05
-6.0022023273626667e-05
-5.9472734062461501e-05
-5.9052775601094847e-05
-5.8515415374552128e-05
-5.8086424895778229e-05
-5.7557693169141496e-05
-5.7124273399232192e-05
-5.6596101086895648e-05
-5.6172101078079849e-05
-5.5642563073494515e-05
-5.5210663350987064e-05
-5.4706888393435742e-05
-5.4249723972053384e-05
-5.3773019910913970e-05
-5.3297525896208506e-05
-5.2828790650756234e-05
-5.2350401684304829e-05
-5.1889759816993331e-05
-5.1400998587201456e-05
-5.0962090964360648e-05
-5.0448043739629129e-05
-5.0024606468019034e-05
-4.9510481737066930e-05
-4.9074203058111570e-05
-4.8586724103486033e-05
-4.8117796912529835e-05
-4.7665979202485601e-05
-4.7164229982664373e-05
-4.6738084773786331e-05
-4.6218873094622381e-05
-4.5781630745351701e-05
-4.5297556142554260e-05
-4.4830217399132912e-05
-4.4370905752957408e-05
-4.3878583400432993e-05
-4.3442620666674870e-05
-4.2926049884083730e-05
-4.2481572814514309e-05
-4.1997549727270484e-05
-4.1519198253370365e-05
-4.1068286901782402e-05
-4.0552276512840403e-05
-4.0101041375902800e-05
-3.9616982128572752e-05
-3.9130345088761162e-05
-3.8673637907877096e-05
-3.8151513558045653e-05
0.0000000000000000e+00
];
