%Vec Object:dSdr_b_aug_9400 1 MPI processes
%  type: seq
dSdr_b_aug_9400 = [
2.2765963175453398e+03
0.0000000000000000e+00
-6.4406430126670018e-07
-2.6690619732746984e-07
-1.6658642092116317e-07
-1.1863762318571558e-07
-8.9046118643038237e-08
-7.0743223574792722e-08
-5.8336584464740477e-08
-4.9015544857519348e-08
-4.2092431730916402e-08
-3.6784152411332787e-08
-3.2462645694846882e-08
-2.8961373997205047e-08
-2.6090434475762005e-08
-2.3669211452043517e-08
-2.1610373779074415e-08
-4.3210885229102204e-06
-7.9383873114759218e-04
-7.7890726662193906e-04
-7.3707386458774470e-04
-6.9849130909026519e-04
-6.6069464705616069e-04
-6.2303244413918250e-04
-5.8122045590762710e-04
-5.4083974834120995e-04
-5.0210996656373003e-04
-4.6298515508369780e-04
-4.2282777029953338e-04
-3.7988783558424820e-04
-3.4209704673867708e-04
-3.0576447211916162e-04
-2.7145707229444171e-04
-2.3526724569670975e-04
-2.0582740810074819e-04
-1.8020050793764877e-04
-1.5778307314270258e-04
-1.3661269484427658e-04
-1.2057827007829189e-04
-1.0841853080669534e-04
-9.8824710700376399e-05
-9.1096635698483514e-05
-8.6289087809871977e-05
-8.3368328272279943e-05
-8.1785854973418062e-05
-8.1438199575200213e-05
-8.1947756222712658e-05
-8.2964641528589908e-05
-8.4419528796975343e-05
-8.6377923524182140e-05
-8.8101927822496786e-05
-8.9907415312935252e-05
-9.1748033222792549e-05
-9.3522779267198259e-05
-9.5012308310047012e-05
-9.6349922970187930e-05
-9.7639259265462606e-05
-9.8683112859308870e-05
-9.9544290197970412e-05
-1.0024634883635240e-04
-1.0088336910136173e-04
-1.0130997563845735e-04
-1.0157820322377309e-04
-1.0180325561597137e-04
-1.0192272290864351e-04
-1.0191020463640686e-04
-1.0184044179558722e-04
-1.0171259592266643e-04
-1.0149429819457007e-04
-1.0122162600453879e-04
-1.0093258360551899e-04
-1.0058783639391977e-04
-1.0020943601701086e-04
-9.9777717131972881e-05
-9.9346340907750604e-05
-9.8887367616963946e-05
-9.8392150698323899e-05
-9.7908729805687412e-05
-9.7414609408590701e-05
-9.6858835523694529e-05
-9.6337046693119256e-05
-9.5812814711578688e-05
-9.5241041788081504e-05
-9.4707405023728626e-05
-9.4178016175382951e-05
-9.3564115517136859e-05
-9.3031024299881061e-05
-9.2480323689289438e-05
-9.1884256524433751e-05
-9.1351720007240529e-05
-9.0786593174735074e-05
-9.0193039638829757e-05
-8.9656889460852231e-05
-8.9073019407651870e-05
-8.8512347869826988e-05
-8.7985706869783619e-05
-8.7376906617969011e-05
-8.6843112717182317e-05
-8.6305111883916704e-05
-8.5686829912765144e-05
-8.5191712551000074e-05
-8.4626386939536753e-05
-8.4053724465495396e-05
-8.3557583249431458e-05
-8.2945055373148340e-05
-8.2433389408309311e-05
-8.1914328351948443e-05
-8.1324888483326160e-05
-8.0837762335912901e-05
-8.0270586691884841e-05
-7.9732539382168177e-05
-7.9240095594532866e-05
-7.8659454464627111e-05
-7.8175439036355993e-05
-7.7628630327522731e-05
-7.7111090196631238e-05
-7.6598630326001789e-05
-7.6056494040301200e-05
-7.5578003349460548e-05
-7.5014868637626519e-05
-7.4545910780409166e-05
-7.4017460826589581e-05
-7.3497178438160194e-05
-7.3037125785168982e-05
-7.2463740257459457e-05
-7.2025910055387713e-05
-7.1479814858234339e-05
-7.1007081651220757e-05
-7.0508468653818400e-05
-7.0004948809447679e-05
-6.9524496072924716e-05
-6.9017188219002904e-05
-6.8562352153092791e-05
-6.8026564629864011e-05
-6.7597710790282938e-05
-6.7062536929454365e-05
-6.6615772549283672e-05
-6.6117229083416073e-05
-6.5643034911095602e-05
-6.5171282190418253e-05
-6.4691949474967380e-05
-6.4226754692637151e-05
-6.3745700280106655e-05
-6.3290676394084567e-05
-6.2791277221919386e-05
-6.2369344894863373e-05
-6.1848518530297376e-05
-6.1441233801021780e-05
-6.0927623974788805e-05
-6.0513230755989324e-05
-6.0008944180106331e-05
-5.9595018697959557e-05
-5.9084018171589889e-05
-5.8687195576066270e-05
-5.8170052071128957e-05
-5.7775541446199109e-05
-5.7270009664524584e-05
-5.6866768064350423e-05
-5.6369853639614557e-05
-5.5962793106439630e-05
-5.5466139018255065e-05
-5.5069080697593496e-05
-5.4570667217605121e-05
-5.4166191260356107e-05
-5.3693439618893415e-05
-5.3264227361521493e-05
-5.2818102966491793e-05
-5.2371572197132257e-05
-5.1932803224800945e-05
-5.1484488699521921e-05
-5.1053054491585507e-05
-5.0595556534418518e-05
-5.0184892094459142e-05
-4.9703699104337959e-05
-4.9307921243277011e-05
-4.8826722805298426e-05
-4.8419090018892817e-05
-4.7963565155928608e-05
-4.7525019188943128e-05
-4.7103919120701152e-05
-4.6634379599374701e-05
-4.6237476262847483e-05
-4.5752593071007077e-05
-4.5344524306623391e-05
-4.4893933296640084e-05
-4.4457656821737886e-05
-4.4030071891888361e-05
-4.3571260917409491e-05
-4.3165533126019680e-05
-4.2684540725489429e-05
-4.2270970114258409e-05
-4.1820489197776278e-05
-4.1375677735470707e-05
-4.0956353183716897e-05
-4.0476841586505471e-05
-4.0057430466073194e-05
-3.9607818225576305e-05
-3.9156278833576084e-05
-3.8731840816886655e-05
-3.8248342715518207e-05
0.0000000000000000e+00
];
