%Vec Object:dSdr_b_aug_460 1 MPI processes
%  type: seq
dSdr_b_aug_460 = [
2.5295176366992132e+03
0.0000000000000000e+00
-3.9203669003676830e-06
-1.5891473130991574e-06
-9.5874954003008254e-07
-6.6937365768044766e-07
-5.0232717033406019e-07
-3.9930069948678865e-07
-3.2948179964102821e-07
-2.7631335331406807e-07
-2.3685785075246635e-07
-2.0663622013886354e-07
-1.8196488328906643e-07
-1.6197549268282174e-07
-1.4559359777705280e-07
-1.3177680809741013e-07
-1.1996723135764428e-07
-1.0989365521892236e-07
-1.0118542821191815e-07
-9.3500526664098936e-08
-8.6768998202640993e-08
-8.0833047863670612e-08
-7.5496487557740686e-08
-7.0726015550066103e-08
-6.6446424209092758e-08
-6.2562723234402091e-08
-5.9030965614401099e-08
-5.5821079837158703e-08
-5.2888058220521377e-08
-5.0766513440913003e-08
-1.0732410553072747e-07
-3.6388786874884588e-06
-6.9984173280407993e-05
-2.1012406220576775e-04
-2.3226551074544789e-04
-2.1558977270871599e-04
-1.9362294404892455e-04
-1.7095957358312442e-04
-1.5340371966988985e-04
-1.3996250801277837e-04
-1.2928327257955696e-04
-1.2063683492860492e-04
-1.1521700973170521e-04
-1.1187297829594573e-04
-1.1000086682965241e-04
-1.0947764503094765e-04
-1.0990063351450102e-04
-1.1087988359414186e-04
-1.1233836288543261e-04
-1.1431980672182457e-04
-1.1606037239719610e-04
-1.1789158972282606e-04
-1.1974573450869210e-04
-1.2151636264383616e-04
-1.2298853413649470e-04
-1.2428762033264294e-04
-1.2551124440463227e-04
-1.2647964314015770e-04
-1.2725287392883566e-04
-1.2784354926412834e-04
-1.2834997187663458e-04
-1.2864371042202105e-04
-1.2876415935525186e-04
-1.2881169201044943e-04
-1.2876855471048571e-04
-1.2858338714060748e-04
-1.2832215793030698e-04
-1.2799687227140009e-04
-1.2758706936635283e-04
-1.2711202598233857e-04
-1.2660733108558128e-04
-1.2606335590193305e-04
-1.2548484936398594e-04
-1.2481595149457103e-04
-1.2418012163909216e-04
-1.2351793026766356e-04
-1.2278182249945873e-04
-1.2209499348868504e-04
-1.2139823214229488e-04
-1.2059564335931834e-04
-1.1986985789666279e-04
-1.1913938680202948e-04
-1.1832777538291503e-04
-1.1759126710318039e-04
-1.1685754194476716e-04
-1.1600158884189951e-04
-1.1526644203817621e-04
-1.1450879467966487e-04
-1.1368069229448592e-04
-1.1294945206216660e-04
-1.1217412173122688e-04
-1.1135402303863406e-04
-1.1062087780670922e-04
-1.0982092299680632e-04
-1.0904767160646852e-04
-1.0832741627557118e-04
-1.0749550840434359e-04
-1.0675763231789200e-04
-1.0602550953506180e-04
-1.0517993811176899e-04
-1.0449346857432731e-04
-1.0372682054089836e-04
-1.0294016225313481e-04
-1.0225526827116172e-04
-1.0142455274281007e-04
-1.0071752128596594e-04
-1.0000537467695692e-04
-9.9201744274916113e-05
-9.8529384087425769e-05
-9.7751803035531822e-05
-9.7015698461101109e-05
-9.6337079525774281e-05
-9.5539366000237856e-05
-9.4876048356476109e-05
-9.4121418480712840e-05
-9.3411472329133288e-05
-9.2708121252899994e-05
-9.1959523210334302e-05
-9.1301377716719934e-05
-9.0527869558897742e-05
-8.9875495558104185e-05
-8.9151787682292100e-05
-8.8433624843969492e-05
-8.7790709597518939e-05
-8.7008300760756121e-05
-8.6395060137883634e-05
-8.5640700282989433e-05
-8.4990043686741654e-05
-8.4290511654287401e-05
-8.3597388012599487e-05
-8.2929431434341383e-05
-8.2221791930912650e-05
-8.1590685900933635e-05
-8.0844240641934507e-05
-8.0243915791743692e-05
-7.9499847225113259e-05
-7.8874555845601715e-05
-7.8177876083619137e-05
-7.7516321732473611e-05
-7.6854025597074163e-05
-7.6181671068537634e-05
-7.5531711252451093e-05
-7.4851060279666382e-05
-7.4214833798187589e-05
-7.3512418588286073e-05
-7.2911543144378642e-05
-7.2185646265671065e-05
-7.1601131769641904e-05
-7.0880258290777857e-05
-7.0293155825713904e-05
-6.9574326147044561e-05
-6.8989209133505299e-05
-6.8262652959895725e-05
-6.7695341321941530e-05
-6.6961264651447700e-05
-6.6395021507656012e-05
-6.5674697865202402e-05
-6.5097692457348301e-05
-6.4386061683970597e-05
-6.3801118684081492e-05
-6.3091766954987322e-05
-6.2512895898843041e-05
-6.1804442119527871e-05
-6.1214900631081513e-05
-6.0532792233605855e-05
-5.9914949174157786e-05
-5.9262462653473389e-05
-5.8620478567411575e-05
-5.7979487785337047e-05
-5.7328221988458883e-05
-5.6699686530199064e-05
-5.6031215690122663e-05
-5.5429960100613149e-05
-5.4727059219659598e-05
-5.4144631546414498e-05
-5.3441240996706510e-05
-5.2840303510278734e-05
-5.2169150156799912e-05
-5.1525591908561186e-05
-5.0897211282462348e-05
-5.0210324673064952e-05
-4.9616105395285978e-05
-4.8899583204551323e-05
-4.8294667485392996e-05
-4.7618149246327330e-05
-4.6972292839410846e-05
-4.6330653013564086e-05
-4.5645755471161263e-05
-4.5036067584052308e-05
-4.4315077323830524e-05
-4.3693067152331476e-05
-4.3016404472950910e-05
-4.2345493168396578e-05
-4.1713356830969116e-05
-4.0988069840184357e-05
-4.0354768950709158e-05
-3.9674280286720096e-05
-3.8989268002820066e-05
-3.8356571620436535e-05
-3.7662979463525862e-05
0.0000000000000000e+00
];
