%Vec Object:dSdr_b_aug_7590 1 MPI processes
%  type: seq
dSdr_b_aug_7590 = [
2.2974560527357876e+03
0.0000000000000000e+00
-7.3580445755434503e-07
-3.0455287113828151e-07
-1.8972210986776313e-07
-1.3496275850774541e-07
-1.0130501444230606e-07
-8.0490799448666498e-08
-6.6381964892803160e-08
-5.5772675973304660e-08
-4.7893197825369071e-08
-4.1852071721154795e-08
-3.6932857140138082e-08
-3.2947284102307824e-08
-2.9679357437977343e-08
-2.6923275109415392e-08
-2.4567808634437783e-08
-2.2695336676403788e-08
-2.1164344541092392e-05
-7.7878887863208819e-04
-7.4582522411430793e-04
-7.0686468600287720e-04
-6.6864639328433095e-04
-6.3057189390194987e-04
-5.8830651971186624e-04
-5.4750050211088100e-04
-5.0837194151134347e-04
-4.6884965814771251e-04
-4.2829183036835185e-04
-3.8493532962743016e-04
-3.4678002757883921e-04
-3.1010303195450262e-04
-2.7547490549826898e-04
-2.3895044696794972e-04
-2.0924014628951760e-04
-1.8337943729625607e-04
-1.6075811413994508e-04
-1.3939484243053610e-04
-1.2321418591932604e-04
-1.1094290419373670e-04
-1.0125864103667100e-04
-9.3455513507639492e-05
-8.8598250333500546e-05
-8.5643272242419343e-05
-8.4037445893589353e-05
-8.3675643736701939e-05
-8.4178212008129645e-05
-8.5192045840980744e-05
-8.6647190327194013e-05
-8.8607406411114222e-05
-9.0332721354751704e-05
-9.2140255333792733e-05
-9.3981948710210618e-05
-9.5756363969906429e-05
-9.7244506809168708e-05
-9.8579046630727009e-05
-9.9863139463288820e-05
-1.0090097243488182e-04
-1.0175513256170639e-04
-1.0244830405074271e-04
-1.0307490410347158e-04
-1.0349090929552929e-04
-1.0374734583219854e-04
-1.0395823416034115e-04
-1.0406472745561846e-04
-1.0403843372340394e-04
-1.0395339401997313e-04
-1.0380979466698424e-04
-1.0357621697256249e-04
-1.0328739782161152e-04
-1.0298114875387658e-04
-1.0262050537022329e-04
-1.0222613874823594e-04
-1.0177549560374288e-04
-1.0132780624794617e-04
-1.0085261840664074e-04
-1.0033818105437928e-04
-9.9838530443930955e-05
-9.9328241538798587e-05
-9.8752774538938648e-05
-9.8214709027765108e-05
-9.7674021438098950e-05
-9.7083112036255712e-05
-9.6533288358635654e-05
-9.5987595720833165e-05
-9.5354381930502614e-05
-9.4805168898295168e-05
-9.4237956209416591e-05
-9.3623375175355079e-05
-9.3074984282788884e-05
-9.2493085514966375e-05
-9.1881456154552590e-05
-9.1329587930821167e-05
-9.0728476678243335e-05
-9.0150843593865697e-05
-8.9608754290578036e-05
-8.8982152487969174e-05
-8.8432075060461654e-05
-8.7878585418981847e-05
-8.7242168229553934e-05
-8.6731783056468484e-05
-8.6150394089797071e-05
-8.5560657035439321e-05
-8.5049455361820006e-05
-8.4419518440303402e-05
-8.3892264392414309e-05
-8.3357797166874607e-05
-8.2751267178139619e-05
-8.2249361326456228e-05
-8.1665397573319235e-05
-8.1111547402513986e-05
-8.0604248818161390e-05
-8.0006287622989261e-05
-7.9507965782209722e-05
-7.8944575154932966e-05
-7.8411683067294545e-05
-7.7883992104900971e-05
-7.7325382364227312e-05
-7.6832557123641734e-05
-7.6252636843889121e-05
-7.5769044320470104e-05
-7.5225014852532031e-05
-7.4688943699472733e-05
-7.4214300544135997e-05
-7.3624237168580658e-05
-7.3172411064712756e-05
-7.2609698549331005e-05
-7.2122768929312378e-05
-7.1608124712646686e-05
-7.1089476481147584e-05
-7.0594062909796820e-05
-7.0070770698171892e-05
-6.9601870136245161e-05
-6.9049274340503652e-05
-6.8606738905856410e-05
-6.8054897434181448e-05
-6.7593888456715222e-05
-6.7079535779337088e-05
-6.6590392210695898e-05
-6.6103436102623510e-05
-6.5608702246614117e-05
-6.5128765122219180e-05
-6.4631784967577590e-05
-6.4162302975824970e-05
-6.3646705214975575e-05
-6.3210495055744404e-05
-6.2673306166876832e-05
-6.2251880302167150e-05
-6.1721732951550392e-05
-6.1293559273862272e-05
-6.0772154339129110e-05
-6.0344569481655209e-05
-5.9816369790770472e-05
-5.9405943855416633e-05
-5.8871491256770153e-05
-5.8463278057249398e-05
-5.7940608014414672e-05
-5.7523501742051293e-05
-5.7009455057071502e-05
-5.6588201200717593e-05
-5.6074575894072927e-05
-5.5663010626001949e-05
-5.5147837919399934e-05
-5.4728595438109844e-05
-5.4239139068075605e-05
-5.3794875768159293e-05
-5.3332285533171431e-05
-5.2870159299067508e-05
-5.2415254775332401e-05
-5.1950746456229973e-05
-5.1503585181320221e-05
-5.1029253298546982e-05
-5.0603381125238611e-05
-5.0104497548604950e-05
-4.9693826296013153e-05
-4.9194898477228473e-05
-4.8771841127607463e-05
-4.8299110381112223e-05
-4.7844205458295564e-05
-4.7406565293555360e-05
-4.6919682274220223e-05
-4.6507033496662645e-05
-4.6003665948962567e-05
-4.5579888537985286e-05
-4.5111268142190413e-05
-4.4658266083260641e-05
-4.4213597819892539e-05
-4.3736742583947820e-05
-4.3314734800315503e-05
-4.2814585259912054e-05
-4.2384373233890435e-05
-4.1915831821195821e-05
-4.1452961233486134e-05
-4.1016629609976881e-05
-4.0517466615575143e-05
-4.0080922323661431e-05
-3.9612766781269616e-05
-3.9142339389390309e-05
-3.8700555753223598e-05
-3.8196419348388017e-05
0.0000000000000000e+00
];
