%Vec Object:dSdr_b_aug_1460 1 MPI processes
%  type: seq
dSdr_b_aug_1460 = [
2.4370101499123584e+03
0.0000000000000000e+00
-1.9292615138241829e-06
-7.8936072168134318e-07
-4.8309360933282877e-07
-3.3996267434628972e-07
-2.5501259834196192e-07
-2.0255569424018620e-07
-1.6700289677238104e-07
-1.4009191070275272e-07
-1.2011539633211208e-07
-1.0480808783497938e-07
-9.2327707374871134e-08
-8.2216599308415180e-08
-7.3928749952611451e-08
-6.6939414255504095e-08
-6.0966332525370999e-08
-5.5870675517394707e-08
-5.1465285218597855e-08
-4.7577708667561082e-08
-4.4172096812802682e-08
-4.1168705704549622e-08
-3.8468397033224048e-08
-3.6103334728287851e-08
-1.8825151712661468e-07
-1.1634173885885798e-04
-5.3223934298794523e-04
-5.0949267064096524e-04
-4.6704491877422262e-04
-4.2079120889679033e-04
-3.8005121127564066e-04
-3.4092768838144585e-04
-3.0402092378824561e-04
-2.6511897484450965e-04
-2.3348708300845793e-04
-2.0596520604126436e-04
-1.8189529398268553e-04
-1.5916155045012355e-04
-1.4194194480603956e-04
-1.2887817395688849e-04
-1.1855132808507365e-04
-1.1021496475642109e-04
-1.0500448224008188e-04
-1.0180638625181758e-04
-1.0003463943807394e-04
-9.9572325848688799e-05
-1.0002524173695254e-04
-1.0101739422583790e-04
-1.0247436507627414e-04
-1.0444752048998126e-04
-1.0618214634072085e-04
-1.0800421932373476e-04
-1.0985355281716140e-04
-1.1162561708108231e-04
-1.1310391042352511e-04
-1.1441660333944124e-04
-1.1566344160778537e-04
-1.1665849848003499e-04
-1.1746280195157619e-04
-1.1809283123797497e-04
-1.1864539696892304e-04
-1.1898608095570072e-04
-1.1915874367639873e-04
-1.1926899834352528e-04
-1.1928331322026688e-04
-1.1915914683823233e-04
-1.1896556729511457e-04
-1.1871004183375186e-04
-1.1836790228236308e-04
-1.1796436144157586e-04
-1.1753586165437645e-04
-1.1706227841898623e-04
-1.1655447410047059e-04
-1.1596937708547932e-04
-1.1540578548520464e-04
-1.1481539581107717e-04
-1.1416440035083943e-04
-1.1354944016396842e-04
-1.1292427657556092e-04
-1.1220889317227885e-04
-1.1155518444508392e-04
-1.1089758239692628e-04
-1.1017071141982985e-04
-1.0950588232715462e-04
-1.0884435389470131e-04
-1.0807392345240396e-04
-1.0741016753386036e-04
-1.0672563920999775e-04
-1.0597952016447394e-04
-1.0531848651246922e-04
-1.0461742588377968e-04
-1.0387737075732527e-04
-1.0321382839878622e-04
-1.0249022129371232e-04
-1.0179207924416779e-04
-1.0114023231242120e-04
-1.0038715346343490e-04
-9.9721384291665265e-05
-9.9057849247209947e-05
-9.8292584367071470e-05
-9.7673723939147370e-05
-9.6978207578709923e-05
-9.6267158612002850e-05
-9.5648955024100102e-05
-9.4895329878187868e-05
-9.4257325230729598e-05
-9.3613399874490670e-05
-9.2885447574903425e-05
-9.2278534521617574e-05
-9.1575294197457713e-05
-9.0909167475959431e-05
-9.0296328177187117e-05
-8.9575310960347487e-05
-8.8975344585720249e-05
-8.8294142347708631e-05
-8.7652177318703537e-05
-8.7016272142530687e-05
-8.6340621413322062e-05
-8.5745951741449499e-05
-8.5046772970620425e-05
-8.4459203745601037e-05
-8.3804484598019372e-05
-8.3156237079306370e-05
-8.2577931008772577e-05
-8.1869374492436056e-05
-8.1318110015456566e-05
-8.0637334419154187e-05
-8.0049541837792697e-05
-7.9420998680176773e-05
-7.8794865980609343e-05
-7.8193158375901181e-05
-7.7556300182112891e-05
-7.6987473930518690e-05
-7.6315458391528122e-05
-7.5775717723732645e-05
-7.5105455898510180e-05
-7.4543241667164885e-05
-7.3916567429267285e-05
-7.3321211146605393e-05
-7.2726237769206879e-05
-7.2122081650630957e-05
-7.1537402922683678e-05
-7.0927273319976644e-05
-7.0355069194354659e-05
-6.9724383479746871e-05
-6.9186732020028982e-05
-6.8533290468862100e-05
-6.8011394535331024e-05
-6.7363751204322907e-05
-6.6837670032926871e-05
-6.6194642419554290e-05
-6.5670010379790302e-05
-6.5019613937727542e-05
-6.4512538980431868e-05
-6.3855108646493513e-05
-6.3349541424570561e-05
-6.2705107432065214e-05
-6.2189495516602668e-05
-6.1553727575728952e-05
-6.1031633131064495e-05
-6.0397430813668862e-05
-5.9882796785842119e-05
-5.9248553319508755e-05
-5.8724397923846660e-05
-5.8116258092424674e-05
-5.7565060539106648e-05
-5.6985484226453928e-05
-5.6412555853875584e-05
-5.5843012049081521e-05
-5.5263450740177946e-05
-5.4704552589337186e-05
-5.4110619912830272e-05
-5.3576700883001095e-05
-5.2952130375394885e-05
-5.2435645929571652e-05
-5.1810755928333865e-05
-5.1278111934706600e-05
-5.0683138856553123e-05
-5.0112009187690814e-05
-4.9556857670639212e-05
-4.8946755740192101e-05
-4.8422242470037861e-05
-4.7787551619461590e-05
-4.7252172594397515e-05
-4.6655463166226800e-05
-4.6083636610753241e-05
-4.5517603712407781e-05
-4.4912558762167123e-05
-4.4374898832055984e-05
-4.3738659460620267e-05
-4.3190236661144727e-05
-4.2593410033325080e-05
-4.2002275778407823e-05
-4.1445173839945511e-05
-4.0806485289106347e-05
-4.0248365829540833e-05
-3.9648740349041422e-05
-3.9044704437543698e-05
-3.8481327838892480e-05
-3.7839269564687732e-05
0.0000000000000000e+00
];
