%Vec Object:dSdr_b_aug_3400 1 MPI processes
%  type: seq
dSdr_b_aug_3400 = [
2.3659465543376064e+03
0.0000000000000000e+00
-1.1629832362280637e-06
-4.7904355525142332e-07
-2.9617527305364784e-07
-2.0973818414874907e-07
-1.5743523460019204e-07
-1.2511183665971323e-07
-1.0320252773095413e-07
-8.6676118130154122e-08
-7.4404709994784742e-08
-6.4998760725056287e-08
-5.7334187849646976e-08
-5.1124233170342289e-08
-4.6033162462600180e-08
-4.1739339782111729e-08
-3.8069459949688899e-08
-3.4938219834209694e-08
-3.2230738188186688e-08
-2.9840938200128000e-08
-2.8626262447345464e-08
-1.7139003561353553e-05
-6.6307052262128368e-04
-6.5723532143059876e-04
-6.1387976149937062e-04
-5.7155065929023307e-04
-5.3098258096279550e-04
-4.9002512718622471e-04
-4.4802138620491765e-04
-4.0316075466828404e-04
-3.6368927337502286e-04
-3.2576864714741675e-04
-2.8998244541311887e-04
-2.5224970257612653e-04
-2.2156281763401940e-04
-1.9485787646567266e-04
-1.7150035738056860e-04
-1.4944059009712322e-04
-1.3273192315852643e-04
-1.2005788587409196e-04
-1.1004705194805877e-04
-1.0197292551703608e-04
-9.6936150723519869e-05
-9.3857616355249926e-05
-9.2167466717847001e-05
-9.1754583206054687e-05
-9.2231917510721877e-05
-9.3234732705209164e-05
-9.4690805545034909e-05
-9.6657597768344121e-05
-9.8387644814270140e-05
-1.0020256789076358e-04
-1.0204814423274873e-04
-1.0382136480703608e-04
-1.0530450209264993e-04
-1.0662793907860528e-04
-1.0789309865317262e-04
-1.0890919222699213e-04
-1.0973801449839462e-04
-1.1039909620022527e-04
-1.1098807091445955e-04
-1.1136579674780334e-04
-1.1157965817025102e-04
-1.1173940294136141e-04
-1.1179904976430389e-04
-1.1172301565753678e-04
-1.1158281439650201e-04
-1.1138233254990367e-04
-1.1109358212133908e-04
-1.1074645970621067e-04
-1.1037808099765491e-04
-1.0996003989850641e-04
-1.0950802254398733e-04
-1.0898904791072957e-04
-1.0848245529231342e-04
-1.0794872014489714e-04
-1.0736488188626287e-04
-1.0680662920621066e-04
-1.0623795924798557e-04
-1.0559138459372784e-04
-1.0499454744341466e-04
-1.0439444214646387e-04
-1.0373443498878083e-04
-1.0312616380521770e-04
-1.0252160164724699e-04
-1.0181865224450476e-04
-1.0121122676454053e-04
-1.0058439247111485e-04
-9.9902961793944814e-05
-9.9297324122622074e-05
-9.8654865463790946e-05
-9.7977968147663439e-05
-9.7369345403868222e-05
-9.6705979849563619e-05
-9.6067102230410268e-05
-9.5469232390959561e-05
-9.4778352978719990e-05
-9.4169479202315767e-05
-9.3560062771087528e-05
-9.2858163171181290e-05
-9.2292649181478380e-05
-9.1653258870460128e-05
-9.1001869164938662e-05
-9.0436287407145893e-05
-8.9743490153781412e-05
-8.9159950879393079e-05
-8.8569855279802708e-05
-8.7901616530539320e-05
-8.7346344336244712e-05
-8.6701762320328521e-05
-8.6090851407106869e-05
-8.5529915338387782e-05
-8.4869415101553801e-05
-8.4319435875375564e-05
-8.3696171497554527e-05
-8.3107846788575527e-05
-8.2525159622889600e-05
-8.1907067771378353e-05
-8.1362483549957831e-05
-8.0721954187296750e-05
-8.0185519027591785e-05
-7.9585235280223247e-05
-7.8992154289347945e-05
-7.8464827965575400e-05
-7.7814544464178194e-05
-7.7312182168534727e-05
-7.6689468088013172e-05
-7.6151278274676912e-05
-7.5578748772141933e-05
-7.5005475189533573e-05
-7.4456041263326950e-05
-7.3875032975436543e-05
-7.3355348548167330e-05
-7.2742061697902689e-05
-7.2250124973175981e-05
-7.1638100348253721e-05
-7.1125657202191682e-05
-7.0554220870186062e-05
-7.0011098256930591e-05
-6.9469245998003064e-05
-6.8918901948202886e-05
-6.8385733411973151e-05
-6.7831248842447714e-05
-6.7309561758611229e-05
-6.6735474395836339e-05
-6.6247710077104135e-05
-6.5651439654014420e-05
-6.5178953216480024e-05
-6.4589092448142946e-05
-6.4111160528380610e-05
-6.3527944911746751e-05
-6.3051039024395792e-05
-6.2460736885667335e-05
-6.2001192258628754e-05
-6.1404240288309958e-05
-6.0946550088808376e-05
-6.0361997521986196e-05
-5.9894828958574960e-05
-5.9318921426817744e-05
-5.8846418600973869e-05
-5.8271513946185155e-05
-5.7807567290315422e-05
-5.7231880706221155e-05
-5.6759319575946994e-05
-5.6209546124660045e-05
-5.5710936858435936e-05
-5.5188892136748273e-05
-5.4670454166114530e-05
-5.4157287780800739e-05
-5.3634307313709258e-05
-5.3130359157095159e-05
-5.2595243781616388e-05
-5.2114459966718362e-05
-5.1551699722771656e-05
-5.1087251898534414e-05
-5.0524307391952698e-05
-5.0045555589328307e-05
-4.9510698466658160e-05
-4.8996725289527916e-05
-4.8499362865649662e-05
-4.7949856747273533e-05
-4.7480355187545201e-05
-4.6910245328203996e-05
-4.6429748210745882e-05
-4.5896028569426388e-05
-4.5382635200271830e-05
-4.4876284108176006e-05
-4.4334276655451077e-05
-4.3853487457268806e-05
-4.3284168316809276e-05
-4.2793871206182000e-05
-4.2260121857595146e-05
-4.1732049996718204e-05
-4.1234318543323153e-05
-4.0664212261326377e-05
-4.0165825892506056e-05
-3.9630754280899565e-05
-3.9092210285259276e-05
-3.8588028749255062e-05
-3.8010598781653753e-05
0.0000000000000000e+00
];
