%Vec Object:dSdr_b_aug_330 1 MPI processes
%  type: seq
dSdr_b_aug_330 = [
2.5557698364885377e+03
0.0000000000000000e+00
-4.8414134895102832e-06
-1.9566689041402738e-06
-1.1752727063510787e-06
-8.1862506677426187e-07
-6.1442821627187128e-07
-4.8853927852606922e-07
-4.0323087036437015e-07
-3.3813836184510872e-07
-2.8983872721081887e-07
-2.5284711410089200e-07
-2.2263744534555523e-07
-1.9816005198736910e-07
-1.7810115370222209e-07
-1.6118252266842425e-07
-1.4672105524085082e-07
-1.3438583468412861e-07
-1.2372276508415375e-07
-1.1431264553931248e-07
-1.0607014173828389e-07
-9.8801981148801981e-08
-9.2267872347947557e-08
-8.6427008579142234e-08
-8.1187277357789043e-08
-7.6432396309437401e-08
-7.2108511318525668e-08
-6.8178739874381084e-08
-6.4583277678735100e-08
-6.1272400845805613e-08
-5.8235921048801880e-08
-5.5631007875071831e-08
-5.9539345782730708e-08
-2.2511438900461614e-07
-2.7782327570346378e-06
-2.3071703638845994e-05
-8.2253345531473076e-05
-1.2688948686702200e-04
-1.3729881623823791e-04
-1.3448980000729379e-04
-1.2811180450596164e-04
-1.2138939660638060e-04
-1.1687528827843490e-04
-1.1398382873479318e-04
-1.1234962931239028e-04
-1.1195926317118502e-04
-1.1246077773294230e-04
-1.1348786569159589e-04
-1.1497753294578919e-04
-1.1697966206857948e-04
-1.1873299371115087e-04
-1.2057340370456663e-04
-1.2243285914316477e-04
-1.2420546363410516e-04
-1.2567736597710386e-04
-1.2697356922950192e-04
-1.2819134963159404e-04
-1.2915276668271344e-04
-1.2991769767378407e-04
-1.3049775123301146e-04
-1.3099166482979032e-04
-1.3127265365519143e-04
-1.3137890594926765e-04
-1.3140937411072322e-04
-1.3135060268980829e-04
-1.3114883252485785e-04
-1.3086918953282000e-04
-1.3052491479717155e-04
-1.3009669317536897e-04
-1.2960218573178551e-04
-1.2907674923618356e-04
-1.2851361209733080e-04
-1.2791585909964820e-04
-1.2722414907305319e-04
-1.2656865458857675e-04
-1.2588691742258885e-04
-1.2512764048058154e-04
-1.2442124740282714e-04
-1.2370499578076127e-04
-1.2287866806080257e-04
-1.2213326194285761e-04
-1.2138295451565842e-04
-1.2054827516826133e-04
-1.1979225446286325e-04
-1.1903887599888818e-04
-1.1815964204410887e-04
-1.1740506130440535e-04
-1.1662750958090457e-04
-1.1577708981641879e-04
-1.1502673804451720e-04
-1.1423119012463318e-04
-1.1338930209988860e-04
-1.1263720967861524e-04
-1.1181647162860011e-04
-1.1102277410349106e-04
-1.1028389675180363e-04
-1.0943053018783122e-04
-1.0867302528345040e-04
-1.0792223166512769e-04
-1.0705479934685080e-04
-1.0634992537588244e-04
-1.0556391407767089e-04
-1.0475667370285045e-04
-1.0405362552171552e-04
-1.0320192474148266e-04
-1.0247610307810631e-04
-1.0174538555199985e-04
-1.0092115435325462e-04
-1.0023097841697303e-04
-9.9433160630379679e-05
-9.8678006974369886e-05
-9.7981481786953698e-05
-9.7162890307358980e-05
-9.6482327462399267e-05
-9.5707709428386029e-05
-9.4979257757635602e-05
-9.4257546863180149e-05
-9.3489091427411891e-05
-9.2813666847712080e-05
-9.2019925082439729e-05
-9.1349910240895498e-05
-9.0607422586721795e-05
-8.9870227741165585e-05
-8.9209724915620430e-05
-8.8407212365522407e-05
-8.7777100931643546e-05
-8.7002710346927159e-05
-8.6334941261440458e-05
-8.5616085020183102e-05
-8.4904725484416003e-05
-8.4218734996227887e-05
-8.3491827812372501e-05
-8.2843768372849633e-05
-8.2077062293770911e-05
-8.1460245623436638e-05
-8.0696085769540478e-05
-8.0053623875937525e-05
-7.9337887585392475e-05
-7.8658313166183488e-05
-7.7977690809604469e-05
-7.7286771700042225e-05
-7.6619041455394394e-05
-7.5919193567626421e-05
-7.5265539321999080e-05
-7.4543598343720702e-05
-7.3925512482583342e-05
-7.3179892273305127e-05
-7.2578332186197097e-05
-7.1837524479691906e-05
-7.1233811277725297e-05
-7.0494347381827059e-05
-6.9892765742214701e-05
-6.9145478038127925e-05
-6.8561769413608465e-05
-6.7806828808273241e-05
-6.7224069169080327e-05
-6.6483087640789489e-05
-6.5889370475116058e-05
-6.5157089193899214e-05
-6.4555038427985831e-05
-6.3825230491046327e-05
-6.3228873803307677e-05
-6.2500219569146584e-05
-6.1892879778740009e-05
-6.1190636868361245e-05
-6.0554652829226811e-05
-5.9882320063494534e-05
-5.9221539089654387e-05
-5.8561100587429632e-05
-5.7890317099250222e-05
-5.7242826808092028e-05
-5.6554067207584496e-05
-5.5934483422556377e-05
-5.5210261879442653e-05
-5.4609885740166201e-05
-5.3885128724843017e-05
-5.3265603592567176e-05
-5.2573716079922083e-05
-5.1910445381190108e-05
-5.1262134905130129e-05
-5.0554351223110956e-05
-4.9941162512421382e-05
-4.9202371180128836e-05
-4.8578534194997056e-05
-4.7880299937018231e-05
-4.7214302427517659e-05
-4.6552094517797395e-05
-4.5845476265547588e-05
-4.5216201632026283e-05
-4.4472167028500640e-05
-4.3830159091734312e-05
-4.3131809274073133e-05
-4.2439244340753208e-05
-4.1786773095603481e-05
-4.1038051428497321e-05
-4.0384511682435224e-05
-3.9682424001096031e-05
-3.8976250975724856e-05
-3.8327170381651348e-05
-3.7632788938799904e-05
0.0000000000000000e+00
];
