%Vec Object:dSdr_b_aug_5140 1 MPI processes
%  type: seq
dSdr_b_aug_5140 = [
2.3290861726563326e+03
0.0000000000000000e+00
-9.0380268591679832e-07
-3.7257402719294056e-07
-2.3086462925760067e-07
-1.6355758122748912e-07
-1.2250085384777711e-07
-9.7121291525341821e-08
-7.9920191808671191e-08
-6.6978097572076497e-08
-5.7368515275737008e-08
-5.0002199959686000e-08
-4.4006201109617536e-08
-3.9149496092092950e-08
-3.5167940971231001e-08
-3.1811294018363205e-08
-2.8943872086472250e-08
-2.6497448764113014e-08
-2.4389051789695759e-08
-6.0388279522531617e-07
-5.6985145874076425e-04
-7.2063098820651932e-04
-6.8289277870591197e-04
-6.4409491777950778e-04
-6.0101661701058055e-04
-5.5944773835086908e-04
-5.1960389784183819e-04
-4.7936867855281646e-04
-4.3809258562125158e-04
-3.9398890022245215e-04
-3.5517977943619040e-04
-3.1788500397317981e-04
-2.8268159771441069e-04
-2.4555691776273340e-04
-2.1536149384893195e-04
-1.8908140819523137e-04
-1.6609437593321475e-04
-1.4438511645809379e-04
-1.2794216805618017e-04
-1.1547081538944360e-04
-1.0562432643265702e-04
-9.7686578731465880e-05
-9.2740142195599625e-05
-8.9723786870922229e-05
-8.8076072496320526e-05
-8.7688895432422808e-05
-8.8178928630331819e-05
-8.9187288932478757e-05
-9.0642894622088409e-05
-9.2606377480007878e-05
-9.4334043157847828e-05
-9.6145247746243302e-05
-9.7988870041434742e-05
-9.9762691949856203e-05
-1.0124834839658172e-04
-1.0257737296016905e-04
-1.0385206072433568e-04
-1.0487909465417271e-04
-1.0572066817948364e-04
-1.0639789900370125e-04
-1.0700580857253997e-04
-1.0740279838673498e-04
-1.0763808560184219e-04
-1.0782356818646949e-04
-1.0790679033253903e-04
-1.0785578788628463e-04
-1.0774334643815591e-04
-1.0757149044285151e-04
-1.0731050543635606e-04
-1.0699272386544216e-04
-1.0665561160477774e-04
-1.0626645563502666e-04
-1.0584345073851994e-04
-1.0535886359874901e-04
-1.0488191376614562e-04
-1.0437764227046147e-04
-1.0382872968207703e-04
-1.0329996821191063e-04
-1.0276067823753527e-04
-1.0214988816396726e-04
-1.0158262755685700e-04
-1.0101242393311638e-04
-1.0038718988339223e-04
-9.9808332123234910e-05
-9.9233395764787780e-05
-9.8565540466770407e-05
-9.7987410117219003e-05
-9.7390580104791814e-05
-9.6742791181920763e-05
-9.6165962671953815e-05
-9.5553980481029847e-05
-9.4909928942147253e-05
-9.4329867632133563e-05
-9.3697831248442442e-05
-9.3089774639618417e-05
-9.2519976080724587e-05
-9.1861444057757816e-05
-9.1282159253918915e-05
-9.0700887703922681e-05
-9.0031941802534783e-05
-8.9494171117821865e-05
-8.8883969688908105e-05
-8.8263606359404166e-05
-8.7725391095147930e-05
-8.7064227976468424e-05
-8.6509013948367182e-05
-8.5946913037158757e-05
-8.5309728899511067e-05
-8.4781313037363555e-05
-8.4167236845185698e-05
-8.3585041451417352e-05
-8.3051098164772739e-05
-8.2422070373033482e-05
-8.1898087453591333e-05
-8.1304954226124514e-05
-8.0744525691517306e-05
-8.0189515074707252e-05
-7.9601357281866377e-05
-7.9082820492932846e-05
-7.8472792331082529e-05
-7.7962949947245618e-05
-7.7390975867229692e-05
-7.6826584774240234e-05
-7.6325770973705435e-05
-7.5705792930201284e-05
-7.5228862701796900e-05
-7.4636344088682197e-05
-7.4123950691459267e-05
-7.3580551648622599e-05
-7.3034767979435639e-05
-7.2512519504812568e-05
-7.1960556520775341e-05
-7.1466428796907957e-05
-7.0883684391594035e-05
-7.0416608594906551e-05
-6.9834870814578401e-05
-6.9348311630587967e-05
-6.8805602334608978e-05
-6.8289644377280494e-05
-6.7775418302345731e-05
-6.7253059773850977e-05
-6.6746679647890282e-05
-6.6221133854425511e-05
-6.5725718688183752e-05
-6.5181065888959041e-05
-6.4719245906663618e-05
-6.4152707930714001e-05
-6.3705917431452016e-05
-6.3146107098890610e-05
-6.2693215722189370e-05
-6.2141105974890891e-05
-6.1689020601466549e-05
-6.1129971156935256e-05
-6.0695145213294406e-05
-6.0129645681420351e-05
-5.9696854476276870e-05
-5.9143443916050911e-05
-5.8701468884667793e-05
-5.8156692443039217e-05
-5.7709980330887471e-05
-5.7165914120842212e-05
-5.6728328052747629e-05
-5.6183094683149200e-05
-5.5737365800565767e-05
-5.5217946514254022e-05
-5.4746686472895957e-05
-5.4254561804166711e-05
-5.3764462303952697e-05
-5.3280615769166476e-05
-5.2787060966000133e-05
-5.2311690358626840e-05
-5.1807163790655105e-05
-5.1354013788229642e-05
-5.0823398938312152e-05
-5.0386013666775246e-05
-4.9855284969885894e-05
-4.9404560827489107e-05
-4.8900968160328243e-05
-4.8416720413739052e-05
-4.7949412496914391e-05
-4.7431420656902581e-05
-4.6990529427090014e-05
-4.6454006660569197e-05
-4.6002052711132033e-05
-4.5501093062565619e-05
-4.5018090276491050e-05
-4.4542779504930630e-05
-4.4033558040927314e-05
-4.3582348393749346e-05
-4.3047836083198873e-05
-4.2587773365102939e-05
-4.2086835409830116e-05
-4.1591570016058357e-05
-4.1124729476430800e-05
-4.0590312501752316e-05
-4.0123027419673657e-05
-3.9621593934717609e-05
-3.9117250523978690e-05
-3.8644249328813378e-05
-3.8102529890400332e-05
0.0000000000000000e+00
];
