%Vec Object:dSdr_b_aug_2270 1 MPI processes
%  type: seq
dSdr_b_aug_2270 = [
2.4010043434516870e+03
0.0000000000000000e+00
-1.4864728684993849e-06
-6.1013585370392263e-07
-3.7527332101832061e-07
-2.6485380606164815e-07
-1.9866188730447740e-07
-1.5777159081677469e-07
-1.3005725546526891e-07
-1.0912084496677206e-07
-9.3577500497802314e-08
-8.1665478069033553e-08
-7.1957435769784181e-08
-6.4092495697546215e-08
-5.7645318045904831e-08
-5.2208406672874090e-08
-4.7562194956282398e-08
-4.3598295620537028e-08
-4.0171215671376137e-08
-3.7146929836682452e-08
-3.4497474467753034e-08
-3.2164662862710583e-08
-6.8241226148273840e-08
-1.0872938345806957e-04
-6.1247218462860925e-04
-5.8245031409014190e-04
-5.4157403046882653e-04
-4.9995730334238700e-04
-4.5727605329030891e-04
-4.1170991660034203e-04
-3.7162104767645397e-04
-3.3311706096493928e-04
-2.9678763055506087e-04
-2.5848810703213199e-04
-2.2734312699439018e-04
-2.0024217430614000e-04
-1.7653932123043271e-04
-1.5415284257515733e-04
-1.3719649707045768e-04
-1.2433353567403116e-04
-1.1416951434963753e-04
-1.0596826809064177e-04
-1.0084728818363785e-04
-9.7710796145106341e-05
-9.5981092184518863e-05
-9.5544247421235808e-05
-9.6009744929028898e-05
-9.7007391433622089e-05
-9.8463899662499415e-05
-1.0043377652987716e-04
-1.0216604322893433e-04
-1.0398443230172786e-04
-1.0583182999124575e-04
-1.0760449009852251e-04
-1.0908527932524276e-04
-1.1040350815046414e-04
-1.1165978648100841e-04
-1.1266568251417723e-04
-1.1348261928800851e-04
-1.1412864830649099e-04
-1.1469997372855664e-04
-1.1505974348574602e-04
-1.1525363378613797e-04
-1.1538938816012419e-04
-1.1542706025964133e-04
-1.1532769396275337e-04
-1.1516161747039609e-04
-1.1493445310719478e-04
-1.1461982218079948e-04
-1.1424535080820299e-04
-1.1384782827478897e-04
-1.1340286300278673e-04
-1.1292380279546405e-04
-1.1237277519596595e-04
-1.1183855219810329e-04
-1.1127735364724670e-04
-1.1066096079338404e-04
-1.1007521902892272e-04
-1.0947916368822518e-04
-1.0879923390279119e-04
-1.0817482818757249e-04
-1.0754685126960316e-04
-1.0685443178453799e-04
-1.0621874408262821e-04
-1.0558656744901643e-04
-1.0485090651607052e-04
-1.0421617478066125e-04
-1.0356137322666970e-04
-1.0284858476864608e-04
-1.0221609381872800e-04
-1.0154522777060185e-04
-1.0083771461151852e-04
-1.0020246949888052e-04
-9.9509901744364711e-05
-9.8842295585790639e-05
-9.8218260254215884e-05
-9.7497229551855719e-05
-9.6860775629713645e-05
-9.6225125103086766e-05
-9.5492509067475402e-05
-9.4901135295342602e-05
-9.4234537771924098e-05
-9.3554228114797172e-05
-9.2963137813845430e-05
-9.2240854112007883e-05
-9.1630912632915842e-05
-9.1014722944693957e-05
-9.0317537925858286e-05
-8.9737232714939900e-05
-8.9064215959696171e-05
-8.8426539065516356e-05
-8.7840442794510164e-05
-8.7150606822642053e-05
-8.6576396217872645e-05
-8.5925046337899651e-05
-8.5310719367524555e-05
-8.4702234655485272e-05
-8.4056241013294808e-05
-8.3487377759490879e-05
-8.2818417968510909e-05
-8.2257195457554461e-05
-8.1630524029751100e-05
-8.1010700942481248e-05
-8.0458662072368739e-05
-7.9780130597683653e-05
-7.9254062858729801e-05
-7.8603203328538068e-05
-7.8040968459838547e-05
-7.7441286211192515e-05
-7.6842389050356676e-05
-7.6267615337792107e-05
-7.5659533679484030e-05
-7.5116027637004952e-05
-7.4474271919021702e-05
-7.3959162118192204e-05
-7.3318906873829956e-05
-7.2782337073778458e-05
-7.2184124034521842e-05
-7.1615681022578823e-05
-7.1048078171261187e-05
-7.0471648588341749e-05
-6.9913510357270082e-05
-6.9332051718990723e-05
-6.8785876369119268e-05
-6.8184352811457874e-05
-6.7672405569535785e-05
-6.7048421293675685e-05
-6.6551983468951371e-05
-6.5934112449986005e-05
-6.5432840044907150e-05
-6.4820630401261946e-05
-6.4320589122238982e-05
-6.3701156102637834e-05
-6.3218571003941534e-05
-6.2592301972817926e-05
-6.2111403235742515e-05
-6.1497822968171648e-05
-6.1007171330286703e-05
-6.0402246277590839e-05
-5.9905703743950128e-05
-5.9302054350995990e-05
-5.8813536808516137e-05
-5.8209464569279501e-05
-5.7711892921231174e-05
-5.7133826147376072e-05
-5.6609724493377529e-05
-5.6059791098040408e-05
-5.5514938666123498e-05
-5.4974443072833366e-05
-5.4424034775373661e-05
-5.3893449331119066e-05
-5.3329821966210696e-05
-5.2823280547571630e-05
-5.2230557428858273e-05
-5.1740884501559007e-05
-5.1147911514077247e-05
-5.0643035056600895e-05
-5.0079036256373574e-05
-4.9537355963925183e-05
-4.9011979717905892e-05
-4.8433099148186882e-05
-4.7936929970667880e-05
-4.7335513664677992e-05
-4.6828411643683407e-05
-4.6264156640034842e-05
-4.5722436551240294e-05
-4.5187153237257186e-05
-4.4614586575410223e-05
-4.4106227125533693e-05
-4.3504465646232052e-05
-4.2985988606837041e-05
-4.2421657889896280e-05
-4.1863010156491285e-05
-4.1336489762829432e-05
-4.0733124386663653e-05
-4.0205759947961600e-05
-3.9639355129627356e-05
-3.9068977359942069e-05
-3.8535857885353477e-05
-3.7925806114740139e-05
0.0000000000000000e+00
];
