%Vec Object:dSdr_b_aug_180 1 MPI processes
%  type: seq
dSdr_b_aug_180 = [
2.6030315967127749e+03
0.0000000000000000e+00
-7.1587503469217430e-06
-2.8769408388984682e-06
-1.7139262364380883e-06
-1.1888707217788567e-06
-8.9271215706968529e-07
-7.1027231560411337e-07
-5.8665541718563657e-07
-4.9195849921618518e-07
-4.2170381939365926e-07
-3.6790915484925367e-07
-3.2394322574168579e-07
-2.8831732787250224e-07
-2.5912506984876891e-07
-2.3450082912818481e-07
-2.1345053054622800e-07
-1.9549625468784310e-07
-1.7997642073684533e-07
-1.6627954109381155e-07
-1.5428269961168691e-07
-1.4370448478052374e-07
-1.3419471115525341e-07
-1.2569416244661257e-07
-1.1806876114180601e-07
-1.1114921895862527e-07
-1.0485708117422341e-07
-9.9138642503759660e-08
-9.3906873910509448e-08
-8.9089338048228659e-08
-8.4666008961474246e-08
-8.0590231644753208e-08
-7.6801037176141298e-08
-7.3293079752967373e-08
-7.0038029660409494e-08
-6.6995555831682514e-08
-6.4166488996346979e-08
-6.1577241334783258e-08
-5.9392181781167938e-08
-5.8318144043999860e-08
-6.0764851594822049e-08
-7.5151567982301159e-08
-1.3284690774924467e-07
-3.3524905786296136e-07
-9.6520812578814364e-07
-2.8143880419421673e-06
-7.8870748549530509e-06
-1.9893961506814056e-05
-4.1371150376206795e-05
-6.7572400579265718e-05
-8.9814889768730799e-05
-1.0535970262910979e-04
-1.1559719415517541e-04
-1.2228579197060897e-04
-1.2660379604786934e-04
-1.2953239202843269e-04
-1.3166875498299354e-04
-1.3314405556935510e-04
-1.3419186280072123e-04
-1.3492065111437478e-04
-1.3548643042617065e-04
-1.3579774850733500e-04
-1.3590870090573879e-04
-1.3592587383789330e-04
-1.3584906119171059e-04
-1.3562350275314941e-04
-1.3531463073495045e-04
-1.3493884492839301e-04
-1.3447938958485590e-04
-1.3395141628860791e-04
-1.3339005291306057e-04
-1.3279361787639108e-04
-1.3216234489047990e-04
-1.3143084368713720e-04
-1.3074103176986411e-04
-1.3002517058452139e-04
-1.2922543195376199e-04
-1.2848486998885204e-04
-1.2773457557901236e-04
-1.2686678165653767e-04
-1.2608710239011566e-04
-1.2530214448278350e-04
-1.2442716919956607e-04
-1.2363706329066251e-04
-1.2284935340628998e-04
-1.2192945117815169e-04
-1.2114092211314633e-04
-1.2032860027227926e-04
-1.1943919520101794e-04
-1.1865545824156104e-04
-1.1782459302880568e-04
-1.1694464210956895e-04
-1.1615945159628462e-04
-1.1530240814991864e-04
-1.1447299410353847e-04
-1.1370158668995194e-04
-1.1281073482414134e-04
-1.1201894113854584e-04
-1.1123553219646329e-04
-1.1032991199843289e-04
-1.0959288807328004e-04
-1.0877305202308548e-04
-1.0792985793033875e-04
-1.0719509719336797e-04
-1.0630673843511173e-04
-1.0554809321379343e-04
-1.0478493520034139e-04
-1.0392471762237766e-04
-1.0320342037359918e-04
-1.0237025217847355e-04
-1.0158182277223569e-04
-1.0085401819147732e-04
-9.9998956204669942e-05
-9.9288268735585545e-05
-9.8478734545812672e-05
-9.7717956675122137e-05
-9.6964174104990355e-05
-9.6161030959882949e-05
-9.5455422595751524e-05
-9.4626335946456158e-05
-9.3925505402808288e-05
-9.3150212502549222e-05
-9.2379771812122884e-05
-9.1688546348849131e-05
-9.0850915864097384e-05
-9.0191333897483926e-05
-8.9381952887886357e-05
-8.8684291117149477e-05
-8.7931678656867678e-05
-8.7188464038775863e-05
-8.6470971315607254e-05
-8.5710406697982452e-05
-8.5032732522335753e-05
-8.4230634173302710e-05
-8.3585009122474105e-05
-8.2785753280983760e-05
-8.2113297585855228e-05
-8.1364272938567176e-05
-8.0653220731626419e-05
-7.9940585812779644e-05
-7.9217237795621312e-05
-7.8518465942096967e-05
-7.7785084624626007e-05
-7.7100987428142998e-05
-7.6344938646817552e-05
-7.5696789590208973e-05
-7.4916716564302631e-05
-7.4285381306243075e-05
-7.3509752485998348e-05
-7.2877023784683831e-05
-7.2101515832628761e-05
-7.1471173817121240e-05
-7.0687672162923393e-05
-7.0075321416205523e-05
-6.9283935683810672e-05
-6.8672325275865022e-05
-6.7895258686148972e-05
-6.7272349799262177e-05
-6.6503996496560205e-05
-6.5872062407865167e-05
-6.5106522046301204e-05
-6.4479622156424392e-05
-6.3715682481204115e-05
-6.3077253541994331e-05
-6.2339840640215411e-05
-6.1672169147681052e-05
-6.0965170267749732e-05
-6.0271556437082167e-05
-5.9577148383419425e-05
-5.8872273360119657e-05
-5.8191675022383407e-05
-5.7467477530389543e-05
-5.6815880976430584e-05
-5.6054419733111761e-05
-5.5422694991323937e-05
-5.4660619252723950e-05
-5.4008630108774465e-05
-5.3280529715685302e-05
-5.2582831721648204e-05
-5.1899715159306590e-05
-5.1155437050670496e-05
-5.0509122598540810e-05
-4.9731443950966052e-05
-4.9074570016867466e-05
-4.8338419805284919e-05
-4.7637261070589671e-05
-4.6939150745558884e-05
-4.6194622892019274e-05
-4.5531174343909076e-05
-4.4746937631879922e-05
-4.4070064954853938e-05
-4.3333922762436117e-05
-4.2603659178491575e-05
-4.1915848727546530e-05
-4.1126470277159072e-05
-4.0438033745659771e-05
-3.9699049903122928e-05
-3.8957693571259412e-05
-3.8285009697882766e-05
-3.7615913115055449e-05
0.0000000000000000e+00
];
