%Vec Object:dSdr_b_aug_1850 1 MPI processes
%  type: seq
dSdr_b_aug_1850 = [
2.4177845098295688e+03
0.0000000000000000e+00
-1.6764477009459503e-06
-6.8675135602555665e-07
-4.2120049795711620e-07
-2.9670034542597571e-07
-2.2242363007809081e-07
-1.7654850406757314e-07
-1.4545670796156019e-07
-1.2195276529585556e-07
-1.0450488981742261e-07
-9.1134279835496432e-08
-8.0237471992627198e-08
-7.1410001606080760e-08
-6.4174196488412643e-08
-5.8072795431518649e-08
-5.2859305285782225e-08
-4.8411647631228951e-08
-4.4566561506504441e-08
-4.1173972823616152e-08
-3.8201987297411114e-08
-3.5580979226645075e-08
-3.3253960205734908e-08
-2.0099674445565151e-07
-1.7016548643995655e-04
-5.7650912738082226e-04
-5.4645425149395363e-04
-5.0490479082455594e-04
-4.6190499105521046e-04
-4.1598723842762371e-04
-3.7558958366995494e-04
-3.3679373301585076e-04
-3.0019250756778475e-04
-2.6160940374993230e-04
-2.3023522246433850e-04
-2.0293613111055294e-04
-1.7906049513389565e-04
-1.5651055113775892e-04
-1.3943028321616600e-04
-1.2647279634567205e-04
-1.1623212989597923e-04
-1.0796728104430368e-04
-1.0280417030112512e-04
-9.9638679955312172e-05
-9.7889185536606760e-05
-9.7440352083608676e-05
-9.7899927198312478e-05
-9.8894987601961127e-05
-1.0035171365080535e-04
-1.0232313385545572e-04
-1.0405651110757864e-04
-1.0587663432429752e-04
-1.0772494328244015e-04
-1.0949732295266964e-04
-1.1097693734757208e-04
-1.1229256033100936e-04
-1.1354439504609678e-04
-1.1454518887455369e-04
-1.1535617889937705e-04
-1.1599467651364018e-04
-1.1655717135607449e-04
-1.1690795703921861e-04
-1.1709185506687739e-04
-1.1721560618192919e-04
-1.1724228353629857e-04
-1.1713124330574240e-04
-1.1695222053289930e-04
-1.1671170598648221e-04
-1.1638412615412984e-04
-1.1599597115128321e-04
-1.1558386695003056e-04
-1.1512543057992869e-04
-1.1463283989338227e-04
-1.1406577507515090e-04
-1.1351772763524339e-04
-1.1294278818524983e-04
-1.1231010712655525e-04
-1.1171061161188157e-04
-1.1110085436950372e-04
-1.1040423575998746e-04
-1.0976603644833038e-04
-1.0912411430659473e-04
-1.0841547772274626e-04
-1.0776607250543995e-04
-1.0712007931346158e-04
-1.0636805163038627e-04
-1.0571965759773937e-04
-1.0505086302221559e-04
-1.0432238514462291e-04
-1.0367645853831114e-04
-1.0299137925692253e-04
-1.0226854789659739e-04
-1.0161998266027915e-04
-1.0091280400056434e-04
-1.0023082392628006e-04
-9.9593697063030798e-05
-9.8857580592259686e-05
-9.8207327336963243e-05
-9.7558550954233438e-05
-9.6810566387911266e-05
-9.6206254041974394e-05
-9.5526043779768012e-05
-9.4831264441647752e-05
-9.4227411309024699e-05
-9.3490374487765045e-05
-9.2867223046409010e-05
-9.2237977557427088e-05
-9.1526309690131291e-05
-9.0933479570751361e-05
-9.0246235903967384e-05
-8.9595167037652656e-05
-8.8996482222835949e-05
-8.8291968539435745e-05
-8.7705634114665319e-05
-8.7040232059356682e-05
-8.6412895233370222e-05
-8.5791503092043535e-05
-8.5131549192210313e-05
-8.4550538275997880e-05
-8.3867353731344619e-05
-8.3293729228123108e-05
-8.2653855106462103e-05
-8.2020651998503422e-05
-8.1456248564068973e-05
-8.0763583625103363e-05
-8.0225655211584572e-05
-7.9560713513664294e-05
-7.8986448050750492e-05
-7.8373180319590358e-05
-7.7761462773634669e-05
-7.7174010667297127e-05
-7.6552383241517658e-05
-7.5996958400781204e-05
-7.5340958698717425e-05
-7.4814254587283200e-05
-7.4159874563429074e-05
-7.3611233344249885e-05
-7.2999622970021581e-05
-7.2418511266558085e-05
-7.1838024482718830e-05
-7.1248543384803861e-05
-7.0677911932738106e-05
-7.0082957214110883e-05
-6.9524529519927777e-05
-6.8909278664588204e-05
-6.8385231853042926e-05
-6.7747381358289959e-05
-6.7238959810570278e-05
-6.6607074275322581e-05
-6.6094123804349254e-05
-6.5467407427153120e-05
-6.4955790699120197e-05
-6.4321782474568073e-05
-6.3827669420151890e-05
-6.3186732033202814e-05
-6.2694221252722842e-05
-6.2066117408332187e-05
-6.1563716368478135e-05
-6.0944272834484075e-05
-6.0435702397750118e-05
-5.9817671009068161e-05
-5.9316859798603895e-05
-5.8698585228858829e-05
-5.8188499953142483e-05
-5.7596277049769264e-05
-5.7059420675704690e-05
-5.6495533615673140e-05
-5.5937465122744766e-05
-5.5383295791102578e-05
-5.4819164414515841e-05
-5.4275251431556928e-05
-5.3697358552472419e-05
-5.3177929741485429e-05
-5.2570215189980018e-05
-5.2067921311392982e-05
-5.1459924080186086e-05
-5.0941976609950135e-05
-5.0363397283917419e-05
-4.9807854239945869e-05
-4.9268461799996121e-05
-4.8674884282926955e-05
-4.8165372502161153e-05
-4.7548292648709051e-05
-4.7027879458078779e-05
-4.6448346775898476e-05
-4.5892454118538679e-05
-4.5342695343095102e-05
-4.4754839262335042e-05
-4.4232685979590188e-05
-4.3614693140743342e-05
-4.3082117578105948e-05
-4.2502487115017350e-05
-4.1928542838408558e-05
-4.1387620684459072e-05
-4.0767618213242796e-05
-4.0225760890229833e-05
-3.9643689609337448e-05
-3.9057406908944069e-05
-3.8509872232632028e-05
-3.7883835511761119e-05
0.0000000000000000e+00
];
