%Vec Object:dSdr_b_aug_7030 1 MPI processes
%  type: seq
dSdr_b_aug_7030 = [
2.3018359048792554e+03
0.0000000000000000e+00
-7.5680061702403701e-07
-3.1307928260725453e-07
-1.9489937102913433e-07
-1.3857277838573110e-07
-1.0398670285425293e-07
-8.2599585443984140e-08
-6.8102691697421096e-08
-5.7200643311613501e-08
-4.9104021511460494e-08
-4.2896573970576028e-08
-3.7842155689278608e-08
-3.3747186782686677e-08
-3.0389645776813723e-08
-2.7558129779487406e-08
-2.5138339730753259e-08
-2.3090469350856807e-08
-3.0202944176894570e-06
-7.4052755402055311e-04
-7.4882699099797093e-04
-7.0994996842891809e-04
-6.7157835331612813e-04
-6.3335186070697909e-04
-5.9091931333477574e-04
-5.4995647421133664e-04
-5.1068087473838937e-04
-4.7101203439629211e-04
-4.3030655411944877e-04
-3.8679645594669356e-04
-3.4850674953432588e-04
-3.1170275799780370e-04
-2.7695637228613190e-04
-2.4030852729261756e-04
-2.1049850068326323e-04
-1.8455158116657897e-04
-1.6185507983133368e-04
-1.4042068402269438e-04
-1.2418610862771653e-04
-1.1187369857153188e-04
-1.0215608675980414e-04
-9.4325285433934764e-05
-8.9449691100192933e-05
-8.6482095852306577e-05
-8.4867658708657321e-05
-8.4500640329180894e-05
-8.5000631838419793e-05
-8.6013340535421359e-05
-8.7468579876009837e-05
-8.9429467547909297e-05
-9.1155265767479276e-05
-9.2963554344067405e-05
-9.4805644279453380e-05
-9.6579937580290652e-05
-9.8067569302780436e-05
-9.9400975368552720e-05
-1.0068313482345363e-04
-1.0171874786029483e-04
-1.0257032058648219e-04
-1.0326021518565290e-04
-1.0388297307280555e-04
-1.0429506931110456e-04
-1.0454715822269493e-04
-1.0475282394044334e-04
-1.0485453342991813e-04
-1.0482316037397614e-04
-1.0473248774514335e-04
-1.0458307972682610e-04
-1.0434386796222400e-04
-1.0404909506018977e-04
-1.0373650150275063e-04
-1.0336999683927560e-04
-1.0296974309995128e-04
-1.0251212215033631e-04
-1.0205841777197338e-04
-1.0157725125699513e-04
-1.0105572689311901e-04
-1.0055009201637394e-04
-1.0003384141439458e-04
-9.9451113114269518e-05
-9.8907046020284324e-05
-9.8360290873153797e-05
-9.7762325415519716e-05
-9.7206533254230721e-05
-9.6654829037773733e-05
-9.6014494055192014e-05
-9.5459336542395048e-05
-9.4886035473857154e-05
-9.4264627953945723e-05
-9.3710391191773293e-05
-9.3122308228848756e-05
-9.2504013899625721e-05
-9.1946350073994346e-05
-9.1338881597876378e-05
-9.0754994404301705e-05
-9.0207208959280962e-05
-8.9574043318584308e-05
-8.9017961783290940e-05
-8.8458761064848267e-05
-8.7815657006444107e-05
-8.7299642242974533e-05
-8.6712330349362536e-05
-8.6116297505059962e-05
-8.5599542694619202e-05
-8.4963186658158310e-05
-8.4430184925759442e-05
-8.3890037091486198e-05
-8.3277205582684186e-05
-8.2769850114159128e-05
-8.2179696199257045e-05
-8.1620019150124826e-05
-8.1107243260465219e-05
-8.0502895759010094e-05
-7.9999298814633293e-05
-7.9429794052583006e-05
-7.8891241345124347e-05
-7.8357934328599117e-05
-7.7793250445908131e-05
-7.7295139726653477e-05
-7.6709030221580230e-05
-7.6220041559508912e-05
-7.5670267565794294e-05
-7.5128374731432370e-05
-7.4648351721454744e-05
-7.4052138839070125e-05
-7.3595152123270824e-05
-7.3026312419499913e-05
-7.2534148254288004e-05
-7.2013592957223039e-05
-7.1489366540076888e-05
-7.0988436563361340e-05
-7.0459250549921248e-05
-6.9985164083048230e-05
-6.9426370688961388e-05
-6.8978790533455689e-05
-6.8420803328338135e-05
-6.7954542037918300e-05
-6.7434360138293622e-05
-6.6939704380833138e-05
-6.6447142431408162e-05
-6.5946729817728680e-05
-6.5461356849569685e-05
-6.4958504504235748e-05
-6.4483691472730039e-05
-6.3962120915912843e-05
-6.3520646187430118e-05
-6.2977424055201629e-05
-6.2550784023912635e-05
-6.2014538902806405e-05
-6.1581284047553293e-05
-6.1053567174639665e-05
-6.0620945785122446e-05
-6.0086404360328567e-05
-5.9670962553649623e-05
-5.9130127686676700e-05
-5.8716862024668225e-05
-5.8187872702232620e-05
-5.7765654197044979e-05
-5.7245290443839510e-05
-5.6818803172058277e-05
-5.6298920175354149e-05
-5.5882005849699141e-05
-5.5360653617325396e-05
-5.4935966364479467e-05
-5.4440350561047395e-05
-5.3990537578418226e-05
-5.3521875990949989e-05
-5.3053999329939012e-05
-5.2593145235115685e-05
-5.2122665867424580e-05
-5.1669705634468225e-05
-5.1189166666687620e-05
-5.0757687019806369e-05
-5.0252280480861287e-05
-4.9836117652231119e-05
-4.9330652557977669e-05
-4.8901907766921350e-05
-4.8422832758677688e-05
-4.7961895848331847e-05
-4.7518156896592284e-05
-4.7024878846526419e-05
-4.6606424266318706e-05
-4.6096240998571658e-05
-4.5666671316667721e-05
-4.5191402915444012e-05
-4.4732233562160733e-05
-4.4281266054760388e-05
-4.3797757206250895e-05
-4.3369746268873348e-05
-4.2862532607684177e-05
-4.2426183935433552e-05
-4.1950982433205890e-05
-4.1481451966969206e-05
-4.1038847912554001e-05
-4.0532436655125480e-05
-4.0089571140098210e-05
-3.9614571284154433e-05
-3.9137164571117498e-05
-3.8688943247042356e-05
-3.8176973205931914e-05
0.0000000000000000e+00
];
