%Vec Object:dSdr_b_aug_1080 1 MPI processes
%  type: seq
dSdr_b_aug_1080 = [
2.4607942671338265e+03
0.0000000000000000e+00
-2.3032153549041897e-06
-9.4024798629823407e-07
-5.7342770799042346e-07
-4.0272981964424673e-07
-3.0211636924145322e-07
-2.4000517886151136e-07
-1.9791010626941195e-07
-1.6600179570428326e-07
-1.4231757530437119e-07
-1.2417094049860743e-07
-1.0937116564553895e-07
-9.7380789407458905e-08
-8.7553009186996853e-08
-7.9264826189738364e-08
-7.2181534400392191e-08
-6.6138949438970889e-08
-6.0915033741967497e-08
-5.6305140669297660e-08
-5.2266866145042743e-08
-4.8705621329149315e-08
-4.5503825898008954e-08
-4.2641515126592667e-08
-4.0082144587980256e-08
-5.0450168457851337e-08
-1.1846953752388189e-05
-3.8074110585309271e-04
-4.6576911144737422e-04
-4.2623209549814576e-04
-3.8562026848204615e-04
-3.4613882056458195e-04
-3.0885345029489132e-04
-2.6955009258127882e-04
-2.3759302612412405e-04
-2.0978989698196908e-04
-1.8547469288157707e-04
-1.6250887634866430e-04
-1.4511333523408376e-04
-1.3191536379494713e-04
-1.2147970232359570e-04
-1.1305304018553727e-04
-1.0778274296067229e-04
-1.0454347692180500e-04
-1.0274363273419792e-04
-1.0226429819406580e-04
-1.0270880565852684e-04
-1.0369728637636000e-04
-1.0515456628334371e-04
-1.0712991264109975e-04
-1.0886611501261015e-04
-1.1069064985884248e-04
-1.1254127695992246e-04
-1.1431294293511879e-04
-1.1578956819610877e-04
-1.1709856138396458e-04
-1.1833909077912562e-04
-1.1932690376396361e-04
-1.2012276432580986e-04
-1.2074210091779274e-04
-1.2128212947358234e-04
-1.2161005836949322e-04
-1.2176853462894309e-04
-1.2186174776968960e-04
-1.2186045294685968e-04
-1.2171971260118003e-04
-1.2150775270131679e-04
-1.2123327345077237e-04
-1.2087274982076542e-04
-1.2044978178965173e-04
-1.2000057983803366e-04
-1.1950787115609985e-04
-1.1898085708752342e-04
-1.1837299141663080e-04
-1.1778977272016235e-04
-1.1717987456037419e-04
-1.1650575411505177e-04
-1.1587126720017404e-04
-1.1522665053057592e-04
-1.1448757344822765e-04
-1.1381428149808095e-04
-1.1313688095419925e-04
-1.1238698601766483e-04
-1.1170268171153338e-04
-1.1102153744890650e-04
-1.1022787051396480e-04
-1.0954471770998508e-04
-1.0884032296060845e-04
-1.0807192905374205e-04
-1.0739182028894330e-04
-1.0667058059474790e-04
-1.0590877764110954e-04
-1.0522632418446455e-04
-1.0448197339011561e-04
-1.0376342411545641e-04
-1.0309299060679358e-04
-1.0231849389389019e-04
-1.0163313325761835e-04
-1.0095096290992611e-04
-1.0016387872316514e-04
-9.9526648886258482e-05
-9.8811806002515164e-05
-9.8080213903602523e-05
-9.7443890486583880e-05
-9.6669319829921721e-05
-9.6012560547219320e-05
-9.5350099425001367e-05
-9.4601585329733560e-05
-9.3976890238297979e-05
-9.3253451482412487e-05
-9.2568311723105172e-05
-9.1937600042915662e-05
-9.1195744379719563e-05
-9.0578565410213114e-05
-8.9877412823396283e-05
-8.9216977264848521e-05
-8.8562746978322753e-05
-8.7867276401771687e-05
-8.7255360289412661e-05
-8.6535986158958040e-05
-8.5930809414224365e-05
-8.5257345963797799e-05
-8.4590102386047924e-05
-8.3994241936888190e-05
-8.3265619673711402e-05
-8.2697516210844860e-05
-8.1996747697697883e-05
-8.1391874892650575e-05
-8.0744043982469818e-05
-8.0099709768189893e-05
-7.9480002240446792e-05
-7.8823912684229869e-05
-7.8238164937908850e-05
-7.7545926757714749e-05
-7.6989725285632094e-05
-7.6299410062546442e-05
-7.5720057663614823e-05
-7.5074362811297559e-05
-7.4461020397611596e-05
-7.3847755306594002e-05
-7.3225069554734047e-05
-7.2622653826376378e-05
-7.1993363431553190e-05
-7.1403764293440582e-05
-7.0753589526969252e-05
-7.0198759961657983e-05
-6.9525632136226308e-05
-6.8986722577335104e-05
-6.8319182438575458e-05
-6.7776521604553315e-05
-6.7112898375980219e-05
-6.6571832374174412e-05
-6.5900743118817135e-05
-6.5377301640666974e-05
-6.4699046259300832e-05
-6.4176993150269750e-05
-6.3511939675770499e-05
-6.2979646879709962e-05
-6.2323266711780421e-05
-6.1784096011141301e-05
-6.1129475265255852e-05
-6.0597387692253182e-05
-5.9942980904856678e-05
-5.9401059712511454e-05
-5.8772822188715987e-05
-5.8203516592680212e-05
-5.7604130077666851e-05
-5.7012438730915349e-05
-5.6423482200240917e-05
-5.5824438148321674e-05
-5.5246618853311294e-05
-5.4632433400037004e-05
-5.4080218205617824e-05
-5.3434364414610498e-05
-5.2899962196012681e-05
-5.2253742465428571e-05
-5.1702541888991701e-05
-5.1086869224230217e-05
-5.0496059132140610e-05
-4.9921009479760549e-05
-4.9290043097875025e-05
-4.8746588371342801e-05
-4.8089661200991081e-05
-4.7535385889487565e-05
-4.6916988639713460e-05
-4.6325043692659992e-05
-4.5738462979680284e-05
-4.5111715419462579e-05
-4.4554477248193690e-05
-4.3895200492537698e-05
-4.3326770367599192e-05
-4.2708234001745361e-05
-4.2095399068581426e-05
-4.1517873968007261e-05
-4.0855601083008495e-05
-4.0276964191150849e-05
-3.9655203133037259e-05
-3.9028813776993436e-05
-3.8445611202151210e-05
-3.7784266332932890e-05
0.0000000000000000e+00
];
