%Vec Object:dSdr_b_aug_1790 1 MPI processes
%  type: seq
dSdr_b_aug_1790 = [
2.4204756468486962e+03
0.0000000000000000e+00
-1.7107788693472601e-06
-7.0117358246260857e-07
-4.3022364814472034e-07
-3.0324063240117007e-07
-2.2752063173238947e-07
-1.8075401319211448e-07
-1.4905700398345175e-07
-1.2508414467254001e-07
-1.0728736232558565e-07
-9.3649347947972244e-08
-8.2531187591953107e-08
-7.3523479312409567e-08
-6.6139740887629389e-08
-5.9912642292202028e-08
-5.4590749609017839e-08
-5.0050462251424899e-08
-4.6125055320216437e-08
-4.2660769321417077e-08
-3.9625875732599461e-08
-3.6949357308982704e-08
-3.4552179341401591e-08
-8.3133962324277792e-08
-8.7019615551871276e-05
-5.6863066119034909e-04
-5.4697610487457508e-04
-5.0566876220401065e-04
-4.6263072287494855e-04
-4.1665856066985801e-04
-3.7621250202208342e-04
-3.3737084544350354e-04
-3.0072695835069060e-04
-2.6209934227101677e-04
-2.3068918425039273e-04
-2.0335899190429722e-04
-1.7945623492159624e-04
-1.5688063246612627e-04
-1.3978091296335264e-04
-1.2680858881777116e-04
-1.1655589169043034e-04
-1.0828105938782115e-04
-1.0311133551160198e-04
-9.9941293382304301e-05
-9.8188692492153670e-05
-9.7737977173687848e-05
-9.8196622622440604e-05
-9.9191277044617261e-05
-1.0064803723250056e-04
-1.0261969963810797e-04
-1.0435325116344099e-04
-1.0617364653820657e-04
-1.0802209849373356e-04
-1.0979443410709183e-04
-1.1127386405883924e-04
-1.1258907798187752e-04
-1.1384021517077170e-04
-1.1484020809931772e-04
-1.1565026466155217e-04
-1.1628758007819680e-04
-1.1684868879804961e-04
-1.1719806426680963e-04
-1.1738039382867139e-04
-1.1750226082257698e-04
-1.1752721235912580e-04
-1.1741433970238853e-04
-1.1723328478908215e-04
-1.1699067470392568e-04
-1.1666106232050393e-04
-1.1627075944057580e-04
-1.1585636640143068e-04
-1.1539581551568116e-04
-1.1490110099319291e-04
-1.1433151886675443e-04
-1.1378130144964076e-04
-1.1320420513626703e-04
-1.1256896737434195e-04
-1.1196731297982807e-04
-1.1135540500019985e-04
-1.1065616681324954e-04
-1.1001580237621477e-04
-1.0937169130871251e-04
-1.0866050919210049e-04
-1.0800895079139240e-04
-1.0736078886957045e-04
-1.0660619211209052e-04
-1.0595565355403896e-04
-1.0528466254379343e-04
-1.0455372195500100e-04
-1.0390568640168145e-04
-1.0321837612040502e-04
-1.0249314031803686e-04
-1.0184248426992271e-04
-1.0113301218988854e-04
-1.0044877589467246e-04
-9.9809594101237992e-05
-9.9071109673244079e-05
-9.8418690387291530e-05
-9.7767853687017047e-05
-9.7017456779815899e-05
-9.6411113513461620e-05
-9.5728766514968525e-05
-9.5031715934790204e-05
-9.4425859477368458e-05
-9.3686506924202820e-05
-9.3061281974080325e-05
-9.2429987174598595e-05
-9.1716045999170985e-05
-9.1121249901570883e-05
-9.0431773100325296e-05
-8.9778602156749695e-05
-8.9177941375669504e-05
-8.8471123798134301e-05
-8.7882886353299496e-05
-8.7215278592098742e-05
-8.6585899669087315e-05
-8.5962481508408898e-05
-8.5300336331295049e-05
-8.4717418653677015e-05
-8.4032001315435402e-05
-8.3456430130177971e-05
-8.2814483644001120e-05
-8.2179180337522436e-05
-8.1612836096807827e-05
-8.0917952695099972e-05
-8.0378162569445802e-05
-7.9711010461227109e-05
-7.9134856615403819e-05
-7.8519456437237668e-05
-7.7905726538956690e-05
-7.7316284368474667e-05
-7.6692530730936985e-05
-7.6135235057548948e-05
-7.5476999548597598e-05
-7.4948475538967838e-05
-7.4291878420387953e-05
-7.3741342414425763e-05
-7.3127629130610028e-05
-7.2544528890353553e-05
-7.1962019784902232e-05
-7.1370490061437221e-05
-7.0797897617715772e-05
-7.0200824493567006e-05
-6.9640473618861676e-05
-6.9023068066730413e-05
-6.8497122056911837e-05
-6.7857095061756858e-05
-6.7346792501931743e-05
-6.6712707191080443e-05
-6.6197923688418643e-05
-6.5568930277041442e-05
-6.5055496627657922e-05
-6.4419200624605370e-05
-6.3923278107037729e-05
-6.3280038323991865e-05
-6.2785704885528611e-05
-6.2155321374847189e-05
-6.1651076121309610e-05
-6.1029353726081549e-05
-6.0518895366206984e-05
-5.9898606546247969e-05
-5.9395865703364182e-05
-5.8775361911350456e-05
-5.8263312485425788e-05
-5.7668867620741708e-05
-5.7130009263686976e-05
-5.6563932033430157e-05
-5.6003789155546044e-05
-5.5447473606542045e-05
-5.4881188276316851e-05
-5.4335183435227749e-05
-5.3755051479055505e-05
-5.3233599920266578e-05
-5.2623532373930355e-05
-5.2119257599088640e-05
-5.1508902257476965e-05
-5.0988903286706501e-05
-5.0408035544598707e-05
-4.9850316779518590e-05
-4.9308724567495002e-05
-4.8712840467145313e-05
-4.8201234735888918e-05
-4.7581696689056581e-05
-4.7059194619294826e-05
-4.6477264480601864e-05
-4.5919147949618064e-05
-4.5367117909604932e-05
-4.4776863005032426e-05
-4.4252545916444770e-05
-4.3632007041292759e-05
-4.3097220731248008e-05
-4.2515191729480764e-05
-4.1938850558714989e-05
-4.1395673774777175e-05
-4.0773068939055098e-05
-4.0228951567423932e-05
-3.9644448178949148e-05
-3.9055726489524996e-05
-3.8506091108460742e-05
-3.7878408289033400e-05
0.0000000000000000e+00
];
