%Vec Object:dSdr_b_aug_5340 1 MPI processes
%  type: seq
dSdr_b_aug_5340 = [
2.3257992046333602e+03
0.0000000000000000e+00
-8.8540785591668419e-07
-3.6561523055148570e-07
-2.2698613635673124e-07
-1.6110539421229257e-07
-1.2086449301949772e-07
-9.5986390738263576e-08
-7.9123674586402123e-08
-6.6430417701133769e-08
-5.7004413581003524e-08
-4.9778461958581425e-08
-4.3893806526681143e-08
-3.9126341590066063e-08
-3.5217650706647638e-08
-3.1921457308560645e-08
-2.9104674022231445e-08
-2.6701255479007052e-08
-2.4653655617169295e-08
-2.6135441392047293e-06
-6.8185797412871737e-04
-7.1986804143941670e-04
-6.8157309015256964e-04
-6.4283595854023299e-04
-5.9983322453075849e-04
-5.5833537036569935e-04
-5.1855812714739409e-04
-4.7838928700649042e-04
-4.3718006941788795e-04
-3.9314595196929985e-04
-3.5439770613366646e-04
-3.1716045015830422e-04
-2.8201060634793553e-04
-2.4494181108506352e-04
-2.1479155543754598e-04
-1.8855051659883752e-04
-1.6559753433954434e-04
-1.4392048868047127e-04
-1.2750196143724495e-04
-1.1504923672132820e-04
-1.0521785206350809e-04
-9.7292638389706159e-05
-9.2354504471039937e-05
-8.9343863753762757e-05
-8.7700049408552042e-05
-8.7315234890197990e-05
-8.7806435158653339e-05
-8.8815305055124738e-05
-9.0270867776317846e-05
-9.2234046449501239e-05
-9.3961493234369570e-05
-9.5772356041938232e-05
-9.7615798837883219e-05
-9.9389676013393924e-05
-1.0087556394751484e-04
-1.0220510200732217e-04
-1.0348066543613845e-04
-1.0450870481986917e-04
-1.0535145023373373e-04
-1.0603016523318770e-04
-1.0663981500449998e-04
-1.0703857527159235e-04
-1.0727583162473382e-04
-1.0746367964942873e-04
-1.0754906849076343e-04
-1.0750036658720330e-04
-1.0739047642143242e-04
-1.0722125130549629e-04
-1.0696281810027495e-04
-1.0664773312193997e-04
-1.0631349442885861e-04
-1.0592699316952022e-04
-1.0550665468605037e-04
-1.0502522795798900e-04
-1.0455100246998388e-04
-1.0404943885568839e-04
-1.0350373614157249e-04
-1.0297768508605314e-04
-1.0244109530420586e-04
-1.0183359404468891e-04
-1.0126905169552245e-04
-1.0070159621134194e-04
-1.0007955801576579e-04
-9.9503403522397909e-05
-9.8931189949544949e-05
-9.8266560007735860e-05
-9.7691122053570820e-05
-9.7097049611935283e-05
-9.6452352565859825e-05
-9.5878171788180922e-05
-9.5268990565269319e-05
-9.4627957748414133e-05
-9.4050521403368366e-05
-9.3421364356584141e-05
-9.2816140381727985e-05
-9.2248921740049238e-05
-9.1593362634757525e-05
-9.1016797233399641e-05
-9.0438112365244080e-05
-8.9772195105288676e-05
-8.9236974195242851e-05
-8.8629455401623483e-05
-8.8011943587499526e-05
-8.7476243473266654e-05
-8.6817987726891047e-05
-8.6265376964197475e-05
-8.5705848938228207e-05
-8.5071518911481939e-05
-8.4545571312908072e-05
-8.3934298794882079e-05
-8.3354742535546005e-05
-8.2823280053390054e-05
-8.2197144774540012e-05
-8.1675551077713959e-05
-8.1085187090242564e-05
-8.0527322387903655e-05
-7.9974855418590458e-05
-7.9389448752252949e-05
-7.8873305885415171e-05
-7.8266080974231795e-05
-7.7758682633164957e-05
-7.7189310388918732e-05
-7.6627556077359896e-05
-7.6129178944432774e-05
-7.5511986162611982e-05
-7.5037393301752894e-05
-7.4447649841930661e-05
-7.3937627298654150e-05
-7.3396905528842733e-05
-7.2853648356821209e-05
-7.2333898397713875e-05
-7.1784604861222390e-05
-7.1292825961592356e-05
-7.0712888600864735e-05
-7.0248097683044063e-05
-6.9669143456786218e-05
-6.9184963175459278e-05
-6.8644894078398138e-05
-6.8131432728169177e-05
-6.7619745677994250e-05
-6.7099959200046691e-05
-6.6596041103351446e-05
-6.6073154971369480e-05
-6.5580154366669382e-05
-6.5038206796065755e-05
-6.4578771269773814e-05
-6.4014965901211106e-05
-6.3570537030046968e-05
-6.3013488531499950e-05
-6.2562898549804049e-05
-6.2013647639010228e-05
-6.1563843440474994e-05
-6.1007666328678676e-05
-6.0575112203219570e-05
-6.0012503364267986e-05
-5.9582000551557917e-05
-5.9031452156490632e-05
-5.8591792590453557e-05
-5.8049877314005459e-05
-5.7605535555440451e-05
-5.7064303618720783e-05
-5.6629140283361217e-05
-5.6086705786954825e-05
-5.5643442990811780e-05
-5.5126813480096002e-05
-5.4658067045155890e-05
-5.4168692261431725e-05
-5.3681197293398385e-05
-5.3200045490180781e-05
-5.2709195148862246e-05
-5.2236451062213817e-05
-5.1734735868838279e-05
-5.1284125666077573e-05
-5.0756465267287025e-05
-5.0321567311651393e-05
-4.9793799559249656e-05
-4.9345651457112528e-05
-4.8844932327922949e-05
-4.8363416691717980e-05
-4.7898871150849626e-05
-4.7383775876088410e-05
-4.6945514350509279e-05
-4.6412078724159423e-05
-4.5962748392320302e-05
-4.5464799973780866e-05
-4.4984590728670375e-05
-4.4512133308271624e-05
-4.4005925760224952e-05
-4.3557435501593457e-05
-4.3026123233115252e-05
-4.2568840638306595e-05
-4.2070920120639872e-05
-4.1578672421671533e-05
-4.1114674653806324e-05
-4.0583543398139386e-05
-4.0119125938020646e-05
-3.9620800761143060e-05
-3.9119636283026860e-05
-3.8649601139079130e-05
-3.8111697903571930e-05
0.0000000000000000e+00
];
