%Vec Object:dSdr_b_aug_1200 1 MPI processes
%  type: seq
dSdr_b_aug_1200 = [
2.4527774835017594e+03
0.0000000000000000e+00
-2.1692347741267124e-06
-8.8607178865055489e-07
-5.4092506831085968e-07
-3.8008285839778847e-07
-2.8506406055930332e-07
-2.2640127228116808e-07
-1.8664324545500778e-07
-1.5652311623965416e-07
-1.3416585833118170e-07
-1.1703540894582859e-07
-1.0306671032788637e-07
-9.1749971769559633e-08
-8.2474246745262885e-08
-7.4651969418429967e-08
-6.7967208118037882e-08
-6.2264583108209893e-08
-5.7334597996425542e-08
-5.2984330105240508e-08
-4.9173483567824337e-08
-4.5812781171051151e-08
-4.2791425671752107e-08
-4.0090510060449235e-08
-3.7878907956406214e-08
-4.2331315227346998e-07
-1.3950513978895640e-04
-4.9199373955484513e-04
-4.6989464673849229e-04
-4.2460120291999150e-04
-3.8368040354334047e-04
-3.4429941449377026e-04
-3.0714461926844433e-04
-2.6798270875297953e-04
-2.3614056809537784e-04
-2.0843690889997429e-04
-1.8420847130018228e-04
-1.6132474930975657e-04
-1.4399144523611796e-04
-1.3084094742770924e-04
-1.2044377972383483e-04
-1.1204906104091879e-04
-1.0679992345254371e-04
-1.0357522145662555e-04
-1.0178531681757128e-04
-1.0131200350963207e-04
-1.0175948549873041e-04
-1.0274926513538937e-04
-1.0420643573058463e-04
-1.0618100705258342e-04
-1.0791665174124741e-04
-1.0974031571109717e-04
-1.1159048520920041e-04
-1.1336229209440874e-04
-1.1483950745771818e-04
-1.1614980944876058e-04
-1.1739257064015221e-04
-1.1838294618479149e-04
-1.1918179346384844e-04
-1.1980491264122035e-04
-1.2034937627312883e-04
-1.2068181733299652e-04
-1.2084531210792872e-04
-1.2094455375261080e-04
-1.2094878091982526e-04
-1.2081390367541684e-04
-1.2060844589411122e-04
-1.2034067161550346e-04
-1.1998665142011266e-04
-1.1957055582761754e-04
-1.1912867734076505e-04
-1.1864273435415147e-04
-1.1812251580334812e-04
-1.1752270462488279e-04
-1.1694642908343930e-04
-1.1634343211963910e-04
-1.1567749221891071e-04
-1.1504991295303507e-04
-1.1441217787950227e-04
-1.1368148251875260e-04
-1.1301511820252123e-04
-1.1234472144590788e-04
-1.1160297131509564e-04
-1.1092555643385110e-04
-1.1025135133965913e-04
-1.0946590439448713e-04
-1.0878961330634257e-04
-1.0809224637408518e-04
-1.0733173227647524e-04
-1.0665837139913763e-04
-1.0594427011928530e-04
-1.0519016053460745e-04
-1.0451439693972173e-04
-1.0377738428398584e-04
-1.0306605412301642e-04
-1.0240219566805347e-04
-1.0163527558641329e-04
-1.0095684548690338e-04
-1.0028126743107544e-04
-9.9501901914510180e-05
-9.8871170340369803e-05
-9.8163164298747271e-05
-9.7438839417616184e-05
-9.6808925948791233e-05
-9.6041764834543908e-05
-9.5391640064706771e-05
-9.4735736029554965e-05
-9.3994495736038599e-05
-9.3376091097823033e-05
-9.2659797602362732e-05
-9.1981383766356136e-05
-9.1356994498412357e-05
-9.0622510502728578e-05
-9.0011420543618866e-05
-8.9317325456694295e-05
-8.8663423906957715e-05
-8.8015676186631824e-05
-8.7327216944380225e-05
-8.6721401814980945e-05
-8.6009171857333780e-05
-8.5410223828348295e-05
-8.4743391234347949e-05
-8.4082867572514249e-05
-8.3493217039931392e-05
-8.2771693098008617e-05
-8.2209546478906667e-05
-8.1515850522907198e-05
-8.0917019899979164e-05
-8.0276012092473834e-05
-7.9638116720425980e-05
-7.9024776721035506e-05
-7.8375490318768071e-05
-7.7795728602839936e-05
-7.7110644244344083e-05
-7.6560265831496612e-05
-7.5877044559276467e-05
-7.5303754838636848e-05
-7.4664788586148193e-05
-7.4057808820096293e-05
-7.3451014477304621e-05
-7.2834883638232004e-05
-7.2238742425837532e-05
-7.1616230217694639e-05
-7.1032784615507352e-05
-7.0389504157917663e-05
-6.9840751396264554e-05
-6.9174587646895458e-05
-6.8641696705363129e-05
-6.7981195118623351e-05
-6.7444399385143650e-05
-6.6788061912957330e-05
-6.6252809468448165e-05
-6.5589040352295248e-05
-6.5071388572559424e-05
-6.4400500107110556e-05
-6.3884278921091749e-05
-6.3226519641288896e-05
-6.2700127745890464e-05
-6.2051039204117850e-05
-6.1517909267225560e-05
-6.0870511588078634e-05
-6.0344598243447650e-05
-5.9697324274634422e-05
-5.9161687767340880e-05
-5.8540559842184349e-05
-5.7977659997701752e-05
-5.7385281376393052e-05
-5.6800227460268975e-05
-5.6218138209118035e-05
-5.5625986202117017e-05
-5.5054860280929838e-05
-5.4447839266450684e-05
-5.3902096348354987e-05
-5.3263771530613460e-05
-5.2735707719272389e-05
-5.2097033378545241e-05
-5.1552397174567544e-05
-5.0944046966331261e-05
-5.0360198786845606e-05
-4.9792188049751884e-05
-4.9168602403142256e-05
-4.8631848127326666e-05
-4.7982786949923780e-05
-4.7435196055272076e-05
-4.6824470697999889e-05
-4.6239642405213107e-05
-4.5660330195131193e-05
-4.5041259568606746e-05
-4.4490946724021026e-05
-4.3839818826425235e-05
-4.3278465464117697e-05
-4.2667607790339701e-05
-4.2062447886937395e-05
-4.1492145164580804e-05
-4.0838211673860627e-05
-4.0266826947980982e-05
-3.9652885606287996e-05
-3.9034380785600038e-05
-3.8458126766461338e-05
-3.7803258518976297e-05
0.0000000000000000e+00
];
