%Vec Object:dSdr_b_aug_2530 1 MPI processes
%  type: seq
dSdr_b_aug_2530 = [
2.3900468304422052e+03
0.0000000000000000e+00
-1.3753613403650466e-06
-5.6502357462953485e-07
-3.4801117175219047e-07
-2.4580987154619015e-07
-1.8436711455052098e-07
-1.4640626123480623e-07
-1.2067726899480227e-07
-1.0125202084853953e-07
-8.6830103334775314e-08
-7.5777056904756385e-08
-6.6770305766800878e-08
-5.9473586948061221e-08
-5.3492083761845821e-08
-4.8447955957408726e-08
-4.4137493043026470e-08
-4.0459989081047387e-08
-3.7280492211032348e-08
-3.4474718491544177e-08
-3.2016690630800393e-08
-3.0263669927899020e-08
-4.5944537356502564e-06
-5.4774660424008808e-04
-6.2057698832241226e-04
-5.7987203514941153e-04
-5.3886474248064794e-04
-4.9740924087975341e-04
-4.5490141502380586e-04
-4.0951627615574813e-04
-3.6958582118201536e-04
-3.3123151954153580e-04
-2.9504147694630863e-04
-2.5688738449985510e-04
-2.2585994775065949e-04
-1.9886060823509318e-04
-1.7524636490907824e-04
-1.5294371759156750e-04
-1.3605092428900089e-04
-1.2323643921067920e-04
-1.1311172447372616e-04
-1.0494309609023085e-04
-9.9843722520172719e-05
-9.6722101955364046e-05
-9.5002547331034129e-05
-9.4571850858741265e-05
-9.5040385627344196e-05
-9.6039358412970723e-05
-9.7495754963515316e-05
-9.9464840375555503e-05
-1.0119653756512558e-04
-1.0301403732562168e-04
-1.0486096770369466e-04
-1.0663377165063959e-04
-1.0811516339547803e-04
-1.0943472861470958e-04
-1.1069328581962527e-04
-1.1170179847592098e-04
-1.1252178498674030e-04
-1.1317167641375597e-04
-1.1374753051110134e-04
-1.1411190766051209e-04
-1.1431092239571406e-04
-1.1445283251557661e-04
-1.1449614315544861e-04
-1.1440276371249292e-04
-1.1424332658234715e-04
-1.1402300871784702e-04
-1.1371501849935770e-04
-1.1334756462928777e-04
-1.1295752014661303e-04
-1.1251946338182853e-04
-1.1204734213436695e-04
-1.1150453904758659e-04
-1.1097740576463647e-04
-1.1042325412365481e-04
-1.0981521455497035e-04
-1.0923652630657571e-04
-1.0864749785282221e-04
-1.0797612671750057e-04
-1.0735879486846749e-04
-1.0673796957808567e-04
-1.0605386682700562e-04
-1.0542521397678359e-04
-1.0480012298883286e-04
-1.0407285556216880e-04
-1.0344513038539142e-04
-1.0279750499813262e-04
-1.0209276268535013e-04
-1.0146716206357314e-04
-1.0080358511501359e-04
-1.0010392772579438e-04
-9.9475513691401772e-05
-9.8790438977768870e-05
-9.8130204322664471e-05
-9.7512882838304669e-05
-9.6799588704882239e-05
-9.6170211617852388e-05
-9.5541292541116086e-05
-9.4816558085673698e-05
-9.4231819717791745e-05
-9.3572203333812696e-05
-9.2899314286674450e-05
-9.2314769257265130e-05
-9.1600051523450251e-05
-9.0996884621638861e-05
-9.0387390450591618e-05
-8.9697632794145918e-05
-8.9123750838151954e-05
-8.8458030190750764e-05
-8.7827221215104013e-05
-8.7247580833366023e-05
-8.6565272156768092e-05
-8.5997279112715155e-05
-8.5353135728592842e-05
-8.4745480712072676e-05
-8.4143615425580842e-05
-8.3504781139937949e-05
-8.2942147673592558e-05
-8.2280482882661420e-05
-8.1725620589089660e-05
-8.1105720009223755e-05
-8.0492758709822142e-05
-7.9947060862168141e-05
-7.9275777569981848e-05
-7.8755792438923116e-05
-7.8112154784097391e-05
-7.7556089664250946e-05
-7.6963374571187708e-05
-7.6371052194116912e-05
-7.5802780446453818e-05
-7.5201645575585232e-05
-7.4664251947550241e-05
-7.4029801088932351e-05
-7.3520637292216179e-05
-7.2887625773920077e-05
-7.2357246657059278e-05
-7.1765904281492204e-05
-7.1203958256449711e-05
-7.0642962775542347e-05
-7.0073226505368272e-05
-6.9521495271876476e-05
-6.8946957935811715e-05
-6.8407066051697678e-05
-6.7812582372419285e-05
-6.7306840246515997e-05
-6.6689967091971837e-05
-6.6199674971457599e-05
-6.5588991125159235e-05
-6.5093707670080286e-05
-6.4488937625677901e-05
-6.3994832669135828e-05
-6.3382874361834113e-05
-6.2906201227446500e-05
-6.2287454677863917e-05
-6.1812511026342455e-05
-6.1206378989678409e-05
-6.0721752877514221e-05
-6.0124273439778472e-05
-5.9633899254960585e-05
-5.9037625478472914e-05
-5.8555412575748506e-05
-5.7958623809597304e-05
-5.7467469600673238e-05
-5.6896662601466037e-05
-5.6379102022503832e-05
-5.5836324564152483e-05
-5.5298249793933210e-05
-5.4764766573098245e-05
-5.4221395947407085e-05
-5.3697645321577585e-05
-5.3141333799275254e-05
-5.2641401463046983e-05
-5.2056366451900601e-05
-5.1573165950035563e-05
-5.0987897878364783e-05
-5.0489724633919747e-05
-4.9933203169350421e-05
-4.9398632094668894e-05
-4.8880443739365842e-05
-4.8309100153665961e-05
-4.7819773374929558e-05
-4.7226389702609468e-05
-4.6726113886631516e-05
-4.6169693538053665e-05
-4.5635241297787008e-05
-4.5107381085838647e-05
-4.4542654845877659e-05
-4.4041368683021321e-05
-4.3447930347190236e-05
-4.2936682378744619e-05
-4.2380196360203926e-05
-4.1829391071497291e-05
-4.1310253271388531e-05
-4.0715415176857634e-05
-4.0195475303797843e-05
-3.9637090395778502e-05
-3.9074838455012402e-05
-3.8549024790981035e-05
-3.7946707726018373e-05
0.0000000000000000e+00
];
