%Vec Object:dSdr_b_aug_5820 1 MPI processes
%  type: seq
dSdr_b_aug_5820 = [
2.3206232247326684e+03
0.0000000000000000e+00
-8.5572534877106686e-07
-3.5365845551116687e-07
-2.1980015483240569e-07
-1.5614118402806517e-07
-1.1720306484693079e-07
-9.3128469049700193e-08
-7.6809819313239086e-08
-6.4526564697528892e-08
-5.5404493857861641e-08
-4.8411277601782123e-08
-4.2715455894141391e-08
-3.8100651392849450e-08
-3.4316968796743561e-08
-3.1125870456534071e-08
-2.8398567590382827e-08
-2.6071399528344746e-08
-2.4396764721151861e-08
-2.4363275661484430e-05
-7.4430992495271562e-04
-7.1699180991568188e-04
-6.7836739016148215e-04
-6.3979025435826264e-04
-5.9697055907958802e-04
-5.5564452103688692e-04
-5.1602837867769573e-04
-4.7602011151059222e-04
-4.3497266718897241e-04
-3.9110683648555986e-04
-3.5250584879566838e-04
-3.1540773400562220e-04
-2.8038745919229519e-04
-2.4345385047455135e-04
-2.1341285806203306e-04
-1.8726627450299003e-04
-1.6439566009916255e-04
-1.4279654050329909e-04
-1.2643708868510933e-04
-1.1402942547771044e-04
-1.0423457852599377e-04
-9.6339685007302889e-05
-9.1421635361956614e-05
-8.8424818461100644e-05
-8.6790438424932928e-05
-8.6411339005895861e-05
-8.6905362489644538e-05
-8.7915465148681902e-05
-8.9370923986026315e-05
-9.1333367003085014e-05
-9.3060284441029819e-05
-9.4870320621492021e-05
-9.6713328944009015e-05
-9.8487339745279538e-05
-9.9973787679970348e-05
-1.0130456792531477e-04
-1.0258224963329471e-04
-1.0361272125801236e-04
-1.0445830152123584e-04
-1.0514060679852053e-04
-1.0575446618347158e-04
-1.0615750923954954e-04
-1.0639952900526105e-04
-1.0659309910712106e-04
-1.0668372925579636e-04
-1.0664059243925175e-04
-1.0653687390591839e-04
-1.0637401296919150e-04
-1.0612175265051076e-04
-1.0581319081229719e-04
-1.0548590336627455e-04
-1.0510582393209902e-04
-1.0469193558237555e-04
-1.0421815398384310e-04
-1.0375051876692795e-04
-1.0325550559844665e-04
-1.0271756766419768e-04
-1.0219807318197150e-04
-1.0166801524558999e-04
-1.0106846972263732e-04
-1.0051050291920797e-04
-9.9949695264980599e-05
-9.9335387932826186e-05
-9.8765772720592611e-05
-9.8200145645224683e-05
-9.7543317932554969e-05
-9.6974392960833168e-05
-9.6386991162512371e-05
-9.5749773454837891e-05
-9.5181997617912672e-05
-9.4579592016951619e-05
-9.3945861574757714e-05
-9.3374775095322009e-05
-9.2752583246577631e-05
-9.2154211494015185e-05
-9.1593233745886378e-05
-9.0944866212711180e-05
-9.0374879123344731e-05
-8.9802451512240700e-05
-8.9143860621384525e-05
-8.8614807688817415e-05
-8.8013778262291620e-05
-8.7403164337000473e-05
-8.6873548434679296e-05
-8.6222325696290279e-05
-8.5676012298778069e-05
-8.5122708147415899e-05
-8.4495282287557949e-05
-8.3975305480752302e-05
-8.3370815121540276e-05
-8.2797642994878492e-05
-8.2272181640907571e-05
-8.1653043423737858e-05
-8.1137229315783287e-05
-8.0553564189271513e-05
-8.0001901460916299e-05
-7.9455587637911290e-05
-7.8876836015008707e-05
-7.8366484104372354e-05
-7.7766040325956781e-05
-7.7264554183996068e-05
-7.6701475844074589e-05
-7.6146099971137663e-05
-7.5653617195968082e-05
-7.5043162029937000e-05
-7.4574223316834068e-05
-7.3991193019860556e-05
-7.3486905628233193e-05
-7.2952660245794197e-05
-7.2415514729930530e-05
-7.1901808738332557e-05
-7.1358972658162024e-05
-7.0872875618146575e-05
-7.0299728563882888e-05
-6.9840464819392065e-05
-6.9268244074578949e-05
-6.8789818411787486e-05
-6.8256136015350477e-05
-6.7748714012804803e-05
-6.7243168919273378e-05
-6.6729604287643664e-05
-6.6231641892251872e-05
-6.5715189538584240e-05
-6.5228029808207056e-05
-6.4692626242576035e-05
-6.4238958763141325e-05
-6.3681763627815484e-05
-6.3243047580555778e-05
-6.2692680013435863e-05
-6.2247657148167482e-05
-6.1705321818394815e-05
-6.1261035821055440e-05
-6.0711806935517594e-05
-6.0284748374617458e-05
-5.9729132172802844e-05
-5.9304165015178036e-05
-5.8760540244521102e-05
-5.8326481820015401e-05
-5.7791487745107774e-05
-5.7352879899949047e-05
-5.6818504107905617e-05
-5.6389201387508122e-05
-5.5853537396177629e-05
-5.5416240082542537e-05
-5.4906359062912255e-05
-5.4443693054771898e-05
-5.3960970257542995e-05
-5.3479775658642934e-05
-5.3005142413886244e-05
-5.2520834162485368e-05
-5.2054443617277536e-05
-5.1559529123548713e-05
-5.1115062665029871e-05
-5.0594549052067250e-05
-5.0165667859214246e-05
-4.9645062574586195e-05
-4.9203145832167038e-05
-4.8709377698091360e-05
-4.8234470918384928e-05
-4.7776607421876366e-05
-4.7268518766525229e-05
-4.6836618281435825e-05
-4.6310650196668935e-05
-4.5867666079758799e-05
-4.5377001449217607e-05
-4.4903549308536449e-05
-4.4437993561881824e-05
-4.3939075947092359e-05
-4.3497162957535494e-05
-4.2973590393043302e-05
-4.2523031331697131e-05
-4.2032407855636593e-05
-4.1547456975758937e-05
-4.1090331540658874e-05
-4.0567141801879490e-05
-4.0109650216255124e-05
-3.9618824155895587e-05
-3.9125307051921611e-05
-3.8662327084879177e-05
-3.8133017382466955e-05
0.0000000000000000e+00
];
