%Vec Object:dSdr_b_aug_9160 1 MPI processes
%  type: seq
dSdr_b_aug_9160 = [
2.2780835030993003e+03
0.0000000000000000e+00
-6.4997423108394884e-07
-2.6927814695181842e-07
-1.6800986042802386e-07
-1.1961593185973557e-07
-8.9760305003093641e-08
-7.1294535040139143e-08
-5.8777685159174776e-08
-4.9374057502878601e-08
-4.2389763469769123e-08
-3.7034648377341969e-08
-3.2675271654930153e-08
-2.9143424857941287e-08
-2.6247462881567922e-08
-2.3805243633270143e-08
-2.1723166366395244e-08
-2.1453013064291114e-06
-7.7457779592450982e-04
-7.7996914473111960e-04
-7.3816190405025044e-04
-6.9952548672162177e-04
-6.6167668289590382e-04
-6.2396356065890922e-04
-5.8209557957000302e-04
-5.4166234652177475e-04
-5.0288331584813863e-04
-4.6370941687673054e-04
-4.2350257766977554e-04
-3.8051119734719559e-04
-3.4267539138094195e-04
-3.0630028101207908e-04
-2.7195327167562098e-04
-2.3572211826912900e-04
-2.0624887865699950e-04
-1.8059310314821607e-04
-1.5815048832397451e-04
-1.3695628786002668e-04
-1.2090380361025708e-04
-1.0873028894065479e-04
-9.9125299182141854e-05
-9.1387955247581500e-05
-8.6574267559800163e-05
-8.3649282059810483e-05
-8.2063924681433518e-05
-8.1714522174961755e-05
-8.2223215769729180e-05
-8.3239724227572302e-05
-8.4694643268831200e-05
-8.6653262938860923e-05
-8.8377429106874204e-05
-9.0183169342817045e-05
-9.2023920077291749e-05
-9.3798625274899375e-05
-9.5287983127030751e-05
-9.6625218050900175e-05
-9.7913906786104398e-05
-9.8957016840913831e-05
-9.9817327562172424e-05
-1.0051828864696034e-04
-1.0115402202603163e-04
-1.0157931930720792e-04
-1.0184609070887361e-04
-1.0206939385159083e-04
-1.0218725886702751e-04
-1.0217303933735693e-04
-1.0210138981684787e-04
-1.0197159840222927e-04
-1.0175141361093990e-04
-1.0147674728441697e-04
-1.0118557987568790e-04
-1.0083886949969762e-04
-1.0045849730436421e-04
-1.0002444128818295e-04
-9.9591050405190522e-05
-9.9130074630263552e-05
-9.8632484003028615e-05
-9.8147058753012608e-05
-9.7650941557858348e-05
-9.7092735588426038e-05
-9.6568936600482583e-05
-9.6042672364115853e-05
-9.5468536100201830e-05
-9.4932900264582085e-05
-9.4401497910815828e-05
-9.3785212095448908e-05
-9.3250129846439106e-05
-9.2697390006823817e-05
-9.2099036393166584e-05
-9.1564541872744991e-05
-9.0997343718985873e-05
-9.0401557832422958e-05
-8.9863466487761807e-05
-8.9277467159470537e-05
-8.8714700883464430e-05
-8.8186152029690078e-05
-8.7575153299729940e-05
-8.7039348395678807e-05
-8.6499434706298857e-05
-8.5878913049257667e-05
-8.5381910124312992e-05
-8.4814600699965930e-05
-8.4239829526871853e-05
-8.3741828354468633e-05
-8.3127150472916495e-05
-8.2613559390333903e-05
-8.2092595682441808e-05
-8.1501045195524072e-05
-8.1012093764517068e-05
-8.0442844800303605e-05
-7.9902845847809487e-05
-7.9408567502655962e-05
-7.8825787356292677e-05
-7.8340005095515574e-05
-7.7791148530788418e-05
-7.7271712443373379e-05
-7.6757371542933149e-05
-7.6213200796423851e-05
-7.5732939798021671e-05
-7.5167732079588919e-05
-7.4696966850585668e-05
-7.4166592836893638e-05
-7.3644360546271605e-05
-7.3182505975602865e-05
-7.2607060744472025e-05
-7.2167502057395700e-05
-7.1619354632113992e-05
-7.1144868177009120e-05
-7.0644275334211427e-05
-7.0138887143514627e-05
-6.9656586753213479e-05
-6.9147304841111061e-05
-6.8690731818525763e-05
-6.8152868484102689e-05
-6.7722324975731695e-05
-6.7185092675198951e-05
-6.6736569095729152e-05
-6.6236073201734666e-05
-6.5760032787779484e-05
-6.5286402457674511e-05
-6.4805167710332222e-05
-6.4338152257165283e-05
-6.3855131024642095e-05
-6.3398321570575932e-05
-6.2896921881836686e-05
-6.2473226250187499e-05
-6.1950379122856889e-05
-6.1541347970690645e-05
-6.1025695769035572e-05
-6.0609600670338442e-05
-6.0103199986084310e-05
-5.9687587577436901e-05
-5.9174462962876456e-05
-5.8775960360818246e-05
-5.8256679191075003e-05
-5.7860476303732869e-05
-5.7352827954454226e-05
-5.6947874072379798e-05
-5.6448843820564738e-05
-5.6040030416686848e-05
-5.5541280389256778e-05
-5.5142430464773840e-05
-5.4641947225522839e-05
-5.4235647605989591e-05
-5.3760832934738367e-05
-5.3329761876080023e-05
-5.2881603952614520e-05
-5.2433147144791412e-05
-5.1992385432873348e-05
-5.1542070974163418e-05
-5.1108694472214096e-05
-5.0649117523552673e-05
-5.0236574924436974e-05
-4.9753197142868568e-05
-4.9355579940396613e-05
-4.8872191916091562e-05
-4.8462654184547880e-05
-4.8005004381764400e-05
-4.7564438066739669e-05
-4.7141295275965430e-05
-4.6669613807792682e-05
-4.6270765878147715e-05
-4.5783599831986143e-05
-4.5373591003541788e-05
-4.4920773309306798e-05
-4.4482431155785992e-05
-4.4052736348876646e-05
-4.3591696801245342e-05
-4.3183958294113106e-05
-4.2700599811341669e-05
-4.2284973753012831e-05
-4.1832262051761674e-05
-4.1385219850515611e-05
-4.0963794291535058e-05
-4.0481854777081304e-05
-4.0060326118357348e-05
-3.9608420882311293e-05
-3.9154542642466157e-05
-3.8727945048508258e-05
-3.8241805620845244e-05
0.0000000000000000e+00
];
