%Vec Object:dSdr_b_aug_6820 1 MPI processes
%  type: seq
dSdr_b_aug_6820 = [
2.3039778527095982e+03
0.0000000000000000e+00
-7.6691542525574049e-07
-3.1701788621049772e-07
-1.9717783134829679e-07
-1.4007747862228867e-07
-1.0504115038648811e-07
-8.3376901209218492e-08
-6.8692797463453293e-08
-5.7651825080546381e-08
-4.9452532595179032e-08
-4.3166561666741774e-08
-3.8049279777780730e-08
-3.3903761202404760e-08
-3.0504916730596073e-08
-2.7638953768653884e-08
-2.5190118908363070e-08
-2.3106719965779495e-08
-1.1308985249968271e-06
-6.8868224555636987e-04
-7.4981122732662310e-04
-7.1112936209306453e-04
-6.7270060144574925e-04
-6.3441595142008306e-04
-5.9191941538344129e-04
-5.5089654950971154e-04
-5.1156466779207711e-04
-4.7183972965983352e-04
-4.3107773225815210e-04
-3.8750884140994986e-04
-3.4916768887569889e-04
-3.1231508695893796e-04
-2.7752343500715460e-04
-2.4082836122450572e-04
-2.1098016239700485e-04
-1.8500024397116499e-04
-1.6227496659053530e-04
-1.4081334652050770e-04
-1.2455813252670501e-04
-1.1222997977647643e-04
-1.0249960314817594e-04
-9.4658209169346287e-05
-8.9775597997923166e-05
-8.6803173256418099e-05
-8.5185440152308635e-05
-8.4816425157605298e-05
-8.5315430361398840e-05
-8.6327708393820968e-05
-8.7782984046778329e-05
-8.9744128788199804e-05
-9.1470111996228633e-05
-9.3278689415308448e-05
-9.5120931145886820e-05
-9.6895177768025980e-05
-9.8382613853033787e-05
-9.9715585952782636e-05
-1.0099700536924923e-04
-1.0203176868159715e-04
-1.0288235102772380e-04
-1.0357099133003600e-04
-1.0419227854893771e-04
-1.0460287855422477e-04
-1.0485330332192736e-04
-1.0505696997648987e-04
-1.0515684836442153e-04
-1.0512353109114622e-04
-1.0503070234207285e-04
-1.0487907093525913e-04
-1.0463770261209252e-04
-1.0434065078677731e-04
-1.0402562874248961e-04
-1.0365688055106534e-04
-1.0325437339370201e-04
-1.0279408154220196e-04
-1.0233807478732532e-04
-1.0185461980923458e-04
-1.0133038274227804e-04
-1.0082245726156465e-04
-1.0030392469440821e-04
-9.9718416978399586e-05
-9.9172052652153340e-05
-9.8622975019422546e-05
-9.8022308707501068e-05
-9.7464231983204131e-05
-9.6910226708209597e-05
-9.6267165938924065e-05
-9.5709733050761248e-05
-9.5134101526400596e-05
-9.4510081024838492e-05
-9.3953606632659551e-05
-9.3363156538574523e-05
-9.2742311051653931e-05
-9.2182428837040401e-05
-9.1572526999293444e-05
-9.0986245913327596e-05
-9.0436280149726835e-05
-8.9800602061323878e-05
-8.9242222326860546e-05
-8.8680835573062738e-05
-8.8035171974176212e-05
-8.7517002366044110e-05
-8.6927423346548643e-05
-8.6328980654542208e-05
-8.5810100262677738e-05
-8.5171287173276642e-05
-8.4636085392185856e-05
-8.4093763183871401e-05
-8.3478519634030510e-05
-8.2969078208476124e-05
-8.2376554877254508e-05
-8.1814647466261540e-05
-8.1299775021212526e-05
-8.0692983024848662e-05
-8.0187366922038376e-05
-7.9615521844511060e-05
-7.9074802414079377e-05
-7.8539345732938360e-05
-7.7972336842836506e-05
-7.7472202993692567e-05
-7.6883724430540880e-05
-7.6392670281148263e-05
-7.5840697447461674e-05
-7.5296576240195092e-05
-7.4814493975865467e-05
-7.4215927238322643e-05
-7.3756965187868828e-05
-7.3185780171815644e-05
-7.2691612372314640e-05
-7.2168794482765970e-05
-7.1642432895631318e-05
-7.1139391396598560e-05
-7.0607949404298515e-05
-7.0131877921068386e-05
-6.9570712263454542e-05
-6.9121201132733086e-05
-6.8560861516363085e-05
-6.8092589790306205e-05
-6.7570176630706906e-05
-6.7073410964434995e-05
-6.6578703258689522e-05
-6.6076116978341804e-05
-6.5588663323875017e-05
-6.5083563271130707e-05
-6.4606709669113620e-05
-6.4082852895886052e-05
-6.3639363039746369e-05
-6.3093831553361380e-05
-6.2665195686883416e-05
-6.2126616512229771e-05
-6.1691416725904614e-05
-6.1161283821995169e-05
-6.0726734590139186e-05
-6.0189765729050929e-05
-5.9772403988034801e-05
-5.9229126169005600e-05
-5.8813926566228258e-05
-5.8282518401616808e-05
-5.7858343076817085e-05
-5.7335561327346528e-05
-5.6907070850198303e-05
-5.6384792584884267e-05
-5.5965830788743034e-05
-5.5442113206066946e-05
-5.5015341845372668e-05
-5.4517368381599713e-05
-5.4065431133140593e-05
-5.3594445599102568e-05
-5.3124367831935824e-05
-5.2661236403614738e-05
-5.2188471480654922e-05
-5.1733291562855410e-05
-5.1250376689920920e-05
-5.0816750650821872e-05
-5.0308847295468650e-05
-4.9890582434034079e-05
-4.9382615041394248e-05
-4.8951693242116184e-05
-4.8470189811236893e-05
-4.8006944005074320e-05
-4.7560870585354273e-05
-4.7065144669576270e-05
-4.6644467758725616e-05
-4.6131675586768612e-05
-4.5699888740696505e-05
-4.5222075615562140e-05
-4.4760545529445956e-05
-4.4307166768151136e-05
-4.3821111004294304e-05
-4.3390802103478854e-05
-4.2880884335435341e-05
-4.2442186518591971e-05
-4.1964435440609541e-05
-4.1492355370837922e-05
-4.1047349844068430e-05
-4.0538163296021782e-05
-4.0092876787418963e-05
-3.9615254558532950e-05
-3.9135170890263675e-05
-3.8684469994860058e-05
-3.8169419364869267e-05
0.0000000000000000e+00
];
