%Vec Object:dSdr_b_aug_8200 1 MPI processes
%  type: seq
dSdr_b_aug_8200 = [
2.2919194405957496e+03
0.0000000000000000e+00
-7.0877877469969365e-07
-2.9297576334451673e-07
-1.8228855111568041e-07
-1.2947926346861501e-07
-9.7005943762391599e-08
-7.6925350237644935e-08
-6.3315284117608307e-08
-5.3090443827738112e-08
-4.5497446483313860e-08
-3.9676177426001626e-08
-3.4939124214910158e-08
-3.1102060106525850e-08
-2.7956165176805934e-08
-2.5303944212283905e-08
-2.3038214186409085e-08
-2.3084539584503850e-08
-1.5032508130741150e-04
-7.8299580285645252e-04
-7.4257979910556258e-04
-7.0373314181689341e-04
-6.6567227834868998e-04
-6.2775198261073590e-04
-5.8565618413409983e-04
-5.4500924134058169e-04
-5.0602983232326724e-04
-4.6665621171810499e-04
-4.2624815795181130e-04
-3.8304746156993090e-04
-3.4502849504199659e-04
-3.0848032003667866e-04
-2.7397215200970521e-04
-2.3757285277632820e-04
-2.0796371090521146e-04
-1.8219045111851341e-04
-1.5964538630836614e-04
-1.3835426076591254e-04
-1.2222829814195958e-04
-1.0999873569647654e-04
-1.0034830012214091e-04
-9.2573243801562227e-05
-8.7734575184463424e-05
-8.4792395552882899e-05
-8.3195303740919181e-05
-8.2838792777963836e-05
-8.3343974860103373e-05
-8.4358950019878935e-05
-8.5813998313757792e-05
-8.7773533184680084e-05
-8.9498357930908412e-05
-9.1305126491179152e-05
-9.3146417630642504e-05
-9.4920956619820107e-05
-9.6409617936300305e-05
-9.7745307819144747e-05
-9.9031361823028550e-05
-1.0007144663930037e-04
-1.0092823135533178e-04
-1.0162472682876418e-04
-1.0225522426307579e-04
-1.0267519458359830e-04
-1.0293604122235571e-04
-1.0315222720954480e-04
-1.0326357305378227e-04
-1.0324243163408885e-04
-1.0316310579873403e-04
-1.0302539857840215e-04
-1.0279753591258323e-04
-1.0251475606409669e-04
-1.0221494265141500e-04
-1.0186024476964932e-04
-1.0147184985814614e-04
-1.0102828478306084e-04
-1.0058669688034854e-04
-1.0011757362061730e-04
-9.9610325112707633e-05
-9.9116744756588354e-05
-9.8612503212017002e-05
-9.8044401848947820e-05
-9.7512424156860172e-05
-9.6977891308914658e-05
-9.6394139350027908e-05
-9.5850369916465635e-05
-9.5310775236948130e-05
-9.4684784961482238e-05
-9.4141601825137989e-05
-9.3580564998600472e-05
-9.2972908538346095e-05
-9.2430447513590320e-05
-9.1854821799963981e-05
-9.1249953175355167e-05
-9.0703963829129330e-05
-9.0109301145188851e-05
-8.9538012033426754e-05
-8.9001700718189673e-05
-8.8381757067254244e-05
-8.7837770018685377e-05
-8.7290073514920970e-05
-8.6660439275639478e-05
-8.6155764582765350e-05
-8.5580383645106098e-05
-8.4997032837981154e-05
-8.4491464087681277e-05
-8.3868038510161806e-05
-8.3346614728481631e-05
-8.2817909729491964e-05
-8.2217771799990280e-05
-8.1721393863934711e-05
-8.1143709211633721e-05
-8.0595769638238689e-05
-8.0094027055560777e-05
-7.9502543923733431e-05
-7.9009572977380930e-05
-7.8452384331107941e-05
-7.7925234193096241e-05
-7.7403239974349885e-05
-7.6850791646863417e-05
-7.6363327824412080e-05
-7.5789685694569771e-05
-7.5311566838954123e-05
-7.4773364431517973e-05
-7.4243198602981514e-05
-7.3774012597092520e-05
-7.3190187081502547e-05
-7.2743595734025632e-05
-7.2187098439137448e-05
-7.1705478570617372e-05
-7.1196830361151570e-05
-7.0683840458691521e-05
-7.0194022548268536e-05
-6.9676708816321706e-05
-6.9213068665780950e-05
-6.8666759510781344e-05
-6.8229341274378806e-05
-6.7683733832850913e-05
-6.7228052627940147e-05
-6.6719612921182337e-05
-6.6236060734301507e-05
-6.5754791005800554e-05
-6.5265817492968413e-05
-6.4791394307290849e-05
-6.4300370707347554e-05
-6.3836296343613768e-05
-6.3326757187379403e-05
-6.2895887229712374e-05
-6.2364818260314244e-05
-6.1948681469296450e-05
-6.1424719491327004e-05
-6.1001699986210862e-05
-6.0486697667720582e-05
-6.0064221694435195e-05
-5.9542454842075659e-05
-5.9137116831743640e-05
-5.8609138186620588e-05
-5.8206050027149915e-05
-5.7689790041954840e-05
-5.7277869436500179e-05
-5.6770230563598352e-05
-5.6354285295266784e-05
-5.5847007566419973e-05
-5.5440868186958548e-05
-5.4931963767164931e-05
-5.4518244259773007e-05
-5.4035035791300411e-05
-5.3596401878941664e-05
-5.3139970193911402e-05
-5.2683676969964885e-05
-5.2234807458484768e-05
-5.1776355933784379e-05
-5.1335076885787060e-05
-5.0867041215821371e-05
-5.0446857023233459e-05
-4.9954590062887003e-05
-4.9549489214583675e-05
-4.9057192514843247e-05
-4.8639904230555049e-05
-4.8173608794807224e-05
-4.7724822408241320e-05
-4.7293368523102594e-05
-4.6812972263292328e-05
-4.6406212529042450e-05
-4.5909758422369900e-05
-4.5491856264748649e-05
-4.5029979107337455e-05
-4.4583232613611556e-05
-4.4144953690124867e-05
-4.3674847159694387e-05
-4.3258928154816945e-05
-4.2765943429990083e-05
-4.2341955183165141e-05
-4.1880168162278250e-05
-4.1424051223156049e-05
-4.0994079392117630e-05
-4.0502264592394997e-05
-4.0072125468930783e-05
-3.9610900073223298e-05
-3.9147525626112070e-05
-3.8712197127942467e-05
-3.8215607237609635e-05
0.0000000000000000e+00
];
