%Vec Object:dSdr_b_aug_6970 1 MPI processes
%  type: seq
dSdr_b_aug_6970 = [
2.3023899305584760e+03
0.0000000000000000e+00
-7.5943511498036354e-07
-3.1411993237741483e-07
-1.9551170881391540e-07
-1.3898523380926253e-07
-1.0428216686871395e-07
-8.2822980405476505e-08
-6.8277360459294688e-08
-5.7338952051214391e-08
-4.9215427556710282e-08
-4.2987395951437497e-08
-3.7916413138054726e-08
-3.3808097213842535e-08
-3.0439642256784435e-08
-2.7598995822442270e-08
-2.5171477871712345e-08
-2.3113096214340685e-08
-2.3440457026488102e-06
-7.2981791385599707e-04
-7.4912300991113612e-04
-7.1028657184536129e-04
-6.7189851242948999e-04
-6.3365542661924200e-04
-5.9120462439893101e-04
-5.5022466072648186e-04
-5.1093300494541092e-04
-4.7124816091703063e-04
-4.3052655732519227e-04
-3.8699968666426610e-04
-3.4869530360251324e-04
-3.1187744440275278e-04
-2.7711814505052018e-04
-2.4045682653705023e-04
-2.1063591008364346e-04
-1.8467957657453476e-04
-1.6197486595363649e-04
-1.4053270355529504e-04
-1.2429224034115504e-04
-1.1197533917880781e-04
-1.0225408579553918e-04
-9.4420262576015707e-05
-8.9542666462293899e-05
-8.6573693450286762e-05
-8.4958316028218564e-05
-8.4590728049929875e-05
-8.5090438183481470e-05
-8.6103024019166903e-05
-8.7558273718389538e-05
-8.9519234727076935e-05
-9.1245085719975536e-05
-9.3053456697672117e-05
-9.4895589936999430e-05
-9.6669869920836381e-05
-9.8157445831110028e-05
-9.9490728093884132e-05
-1.0077267642884915e-04
-1.0180804705436728e-04
-1.0265933724273753e-04
-1.0334887401338598e-04
-1.0397121234523994e-04
-1.0438288173505771e-04
-1.0463449589626115e-04
-1.0483959131719722e-04
-1.0494077842627569e-04
-1.0490885072009793e-04
-1.0481756298892322e-04
-1.0466752067787171e-04
-1.0442769368591483e-04
-1.0413227064809619e-04
-1.0381898428707764e-04
-1.0345183958554369e-04
-1.0305094298657841e-04
-1.0259256007678441e-04
-1.0213819887186038e-04
-1.0165637949965402e-04
-1.0113408125047571e-04
-1.0062779290571478e-04
-1.0011089130010976e-04
-9.9527370082742484e-05
-9.8982647629849578e-05
-9.8435229919402299e-05
-9.7836493956739067e-05
-9.7280050050821889e-05
-9.6727689383828313e-05
-9.6086576783465703e-05
-9.5530770147119419e-05
-9.4956804241541924e-05
-9.4334651285088924e-05
-9.3779776167408948e-05
-9.3191017904712092e-05
-9.2571995776173085e-05
-9.2013699084196823e-05
-9.1405536413896412e-05
-9.0820966285993062e-05
-9.0272558835395391e-05
-8.9638676438726509e-05
-8.9081939268651920e-05
-8.8522114913753674e-05
-8.7878280664616183e-05
-8.7361651162831588e-05
-8.6773692499195971e-05
-8.6176972168906991e-05
-8.5659610968517641e-05
-8.5022553979290962e-05
-8.4488924612806778e-05
-8.3948156468946649e-05
-8.3334636848472502e-05
-8.2826686294143337e-05
-8.2235856427627710e-05
-8.1675543096632126e-05
-8.1162169097669874e-05
-8.0557124226025728e-05
-8.0052951252311945e-05
-7.9482778840581908e-05
-7.8943608006299136e-05
-7.8409687729353596e-05
-7.7844340564144196e-05
-7.7345652682537423e-05
-7.6758867328085518e-05
-7.6269289419879756e-05
-7.5718888136920380e-05
-7.5176359588122950e-05
-7.4695749110173594e-05
-7.4098864715520265e-05
-7.3641314472525706e-05
-7.3071805693662847e-05
-7.2579069927870919e-05
-7.2057869154166219e-05
-7.1533033611706647e-05
-7.1031501255940446e-05
-7.0501671652616236e-05
-7.0027018896569082e-05
-6.9467548738701712e-05
-6.9019417711010107e-05
-6.8460759405599133e-05
-6.7993924574366772e-05
-6.7473106136748976e-05
-6.6977848460556824e-05
-6.6484674365801261e-05
-6.5983641644478877e-05
-6.5497675094284850e-05
-6.4994181518848111e-05
-6.4518786349644221e-05
-6.3996563576812146e-05
-6.3554513969044606e-05
-6.3010633020037262e-05
-6.2583423613287589e-05
-6.2046512629119921e-05
-6.1612702920450977e-05
-6.1084296797845605e-05
-6.0651125430054492e-05
-6.0115891501866154e-05
-5.9699901972950050e-05
-5.9158370176255919e-05
-5.8744552796279311e-05
-5.8214873422304176e-05
-5.7792096672268631e-05
-5.7271043108880893e-05
-5.6843984359296708e-05
-5.6323418036275263e-05
-5.5905919604851071e-05
-5.5383892581387018e-05
-5.4958610770881128e-05
-5.4462322370278171e-05
-5.4011903373746795e-05
-5.3542578807138974e-05
-5.3074074211204958e-05
-5.2612570435253304e-05
-5.2141439041008214e-05
-5.1687845573226206e-05
-5.1206628803905325e-05
-5.0774536831503742e-05
-5.0268417997515629e-05
-4.9851655498593231e-05
-4.9345476545732945e-05
-4.8916110695686291e-05
-4.8436342904734177e-05
-4.7974747310821303e-05
-4.7530342380595623e-05
-4.7036366002177765e-05
-4.6617277435199161e-05
-4.6106349898896385e-05
-4.5676147705543639e-05
-4.5200153347004509e-05
-4.4740310526972830e-05
-4.4288655141665317e-05
-4.3804419715618336e-05
-4.3375753224911531e-05
-4.2867768148935344e-05
-4.2430749331503319e-05
-4.1954820512593184e-05
-4.1484562733617575e-05
-4.1041273644494870e-05
-4.0534070741311296e-05
-4.0090514714866971e-05
-3.9614767023845423e-05
-3.9136597221733465e-05
-3.8687670203805163e-05
-3.8174830289315197e-05
0.0000000000000000e+00
];
