%Vec Object:dSdr_b_aug_6360 1 MPI processes
%  type: seq
dSdr_b_aug_6360 = [
2.3136342111576059e+03
0.0000000000000000e+00
-8.1516449694782109e-07
-3.3615637878714661e-07
-2.0849248542065392e-07
-1.4774180363915918e-07
-1.1056643534278930e-07
-8.7583789315208489e-08
-7.2007729812432831e-08
-6.0299693761742952e-08
-5.1606430097302794e-08
-4.4942237778200832e-08
-3.9519931092502298e-08
-3.5128308511417305e-08
-3.1528007028126273e-08
-2.8493201635944760e-08
-2.5901160281104317e-08
-2.3689749365177802e-08
-3.1112606611807208e-08
-2.2218716827558652e-04
-7.5095523198520165e-04
-7.1362708738603048e-04
-6.7508558164401449e-04
-6.3667744854755900e-04
-5.9404492044114827e-04
-5.5289448049172601e-04
-5.1344298279575734e-04
-4.7359882070455611e-04
-4.3271670814063357e-04
-3.8902286593334753e-04
-3.5057237558154634e-04
-3.1361646261596633e-04
-2.7872860687730411e-04
-2.4193315833088980e-04
-2.1200383255862385e-04
-1.8595378195864544e-04
-1.6316734720524909e-04
-1.4164786775292115e-04
-1.2534879080164924e-04
-1.1298718029743990e-04
-1.0322967475959749e-04
-9.5365768345258273e-05
-9.0468244785301311e-05
-8.7485555815288590e-05
-8.5860817655803587e-05
-8.5487559182957076e-05
-8.5984468188431053e-05
-8.6995830919225762e-05
-8.8451183731374797e-05
-9.0412874804404956e-05
-9.2139251152722256e-05
-9.3948442432276785e-05
-9.5791006759451849e-05
-9.7565154164774769e-05
-9.9052174453684517e-05
-1.0038422424134596e-04
-1.0166407085431636e-04
-1.0269702824947079e-04
-1.0354550574544380e-04
-1.0423148029896732e-04
-1.0484964191796976e-04
-1.0525706199137874e-04
-1.0550394996865209e-04
-1.0570336803316654e-04
-1.0579935479824044e-04
-1.0576190549871033e-04
-1.0566449436900429e-04
-1.0550813761736541e-04
-1.0526218598243735e-04
-1.0496029078531594e-04
-1.0464010750377063e-04
-1.0426659116598348e-04
-1.0385929484340609e-04
-1.0339332655333399e-04
-1.0293242658257114e-04
-1.0244410795850281e-04
-1.0191410561372150e-04
-1.0140131193744660e-04
-1.0087792953492042e-04
-1.0028651475751787e-04
-9.9735268148863296e-05
-9.9181254563362724e-05
-9.8574848156302266e-05
-9.8011916075744254e-05
-9.7453020386787111e-05
-9.6804166533990432e-05
-9.6241897816115427e-05
-9.5661313400303326e-05
-9.5031739558641397e-05
-9.4470509556721858e-05
-9.3875028625525051e-05
-9.3248761192461939e-05
-9.2684164260907023e-05
-9.2069090827562162e-05
-9.1477722029449418e-05
-9.0923122459668298e-05
-9.0282104695010366e-05
-8.9718840624285686e-05
-8.9152807914567606e-05
-8.8501704553919247e-05
-8.7978955279129837e-05
-8.7384557964380823e-05
-8.6780993653718584e-05
-8.6257595790822152e-05
-8.5613560758055125e-05
-8.5073683241609276e-05
-8.4526739864020564e-05
-8.3906370034165153e-05
-8.3392495351028618e-05
-8.2794936329679691e-05
-8.2228288759311532e-05
-8.1708960532197601e-05
-8.1096973282337304e-05
-8.0587065888384273e-05
-8.0010246968667184e-05
-7.9464922630059223e-05
-7.8924897294855122e-05
-7.8352947096706980e-05
-7.7848513516339942e-05
-7.7255000025003970e-05
-7.6759556122674239e-05
-7.6202910123461431e-05
-7.5654052984746722e-05
-7.5167594214561447e-05
-7.4564024859870618e-05
-7.4100864657308059e-05
-7.3524695180223997e-05
-7.3026269084013320e-05
-7.2498642537078458e-05
-7.1967743102149988e-05
-7.1460214013541111e-05
-7.0923977420058219e-05
-7.0443687209076675e-05
-6.9877479812171150e-05
-6.9423864806890869e-05
-6.8858525643344319e-05
-6.8385981166822123e-05
-6.7858825941672599e-05
-6.7357576116241125e-05
-6.6858308065167725e-05
-6.6351102122185629e-05
-6.5859226415349476e-05
-6.5349349342504198e-05
-6.4868158946186646e-05
-6.4339443310687484e-05
-6.3891670734069443e-05
-6.3341231211662381e-05
-6.2908353627361146e-05
-6.2364813924063037e-05
-6.1925480606521392e-05
-6.1390212948956544e-05
-6.0951566505159731e-05
-6.0409438651813037e-05
-5.9987996506538176e-05
-5.9439526720799468e-05
-5.9020216947143817e-05
-5.8483668057383029e-05
-5.8055333938895801e-05
-5.7527413263528067e-05
-5.7094665411119928e-05
-5.6567296524389396e-05
-5.6143983278630272e-05
-5.5615238661586948e-05
-5.5184037988561453e-05
-5.4681053836115884e-05
-5.4224601930844450e-05
-5.3748677362531009e-05
-5.3273921634128006e-05
-5.2805950241421851e-05
-5.2328327882677712e-05
-5.1868430525132640e-05
-5.1380466202243476e-05
-5.0942278497186908e-05
-5.0429068727619273e-05
-5.0006336484507096e-05
-4.9493051035970367e-05
-4.9057502521107498e-05
-4.8570838053530642e-05
-4.8102685247157046e-05
-4.7651650487942470e-05
-4.7150722241273082e-05
-4.6725322338769518e-05
-4.6206985612187207e-05
-4.5770486790541887e-05
-4.5287265556279429e-05
-4.4820718425923110e-05
-4.4362215288281255e-05
-4.3870746881372374e-05
-4.3435554500208790e-05
-4.2919890177678112e-05
-4.2476200334965622e-05
-4.1993031453548271e-05
-4.1515533816544209e-05
-4.1065426013114834e-05
-4.0550343525419993e-05
-4.0099915544809633e-05
-3.9616726985845053e-05
-3.9130968849875103e-05
-3.8675039862975962e-05
-3.8153663957269121e-05
0.0000000000000000e+00
];
