%Vec Object:dSdr_b_aug_2340 1 MPI processes
%  type: seq
dSdr_b_aug_2340 = [
2.3982640128448879e+03
0.0000000000000000e+00
-1.4565258580969990e-06
-5.9740204840220460e-07
-3.6719937530118201e-07
-2.5893403161090882e-07
-1.9400846046021277e-07
-1.5390103279161455e-07
-1.2671847546360253e-07
-1.0619517108249305e-07
-9.0959441538772246e-08
-7.9283229369832604e-08
-6.9771002578839159e-08
-6.2065689034766896e-08
-5.5749568071683479e-08
-5.0424206621904429e-08
-4.5874395155787035e-08
-4.1992891751513306e-08
-3.8637299699206358e-08
-3.5676995872580610e-08
-3.3083688152921945e-08
-3.0808918311218998e-08
-1.6362414747381516e-07
-2.0630284094465894e-04
-6.1698359845932201e-04
-5.8177659279052760e-04
-5.4080477927335535e-04
-4.9923178396463241e-04
-4.5659980758677807e-04
-4.1108520793578355e-04
-3.7104145172820770e-04
-3.3258009249818150e-04
-2.9629035715816464e-04
-2.5803224970953918e-04
-2.2692074382301588e-04
-1.9984872868258929e-04
-1.7617111001860418e-04
-1.5380850496471494e-04
-1.3687025794621418e-04
-1.2402110171041620e-04
-1.1386827418196045e-04
-1.0567631690162585e-04
-1.0056149010185529e-04
-9.7429233212932762e-05
-9.5702419629050854e-05
-9.5267325822821002e-05
-9.5733688325293424e-05
-9.6731712568836882e-05
-9.8188189031958925e-05
-1.0015784054494990e-04
-1.0188994509225631e-04
-1.0370808093759577e-04
-1.0555534557574172e-04
-1.0732804667403271e-04
-1.0880900751255597e-04
-1.1012761694201108e-04
-1.1138454427634668e-04
-1.1239118549618814e-04
-1.1320899079803975e-04
-1.1385611977709304e-04
-1.1442873489927381e-04
-1.1478981677251150e-04
-1.1498516643213696e-04
-1.1512267386305917e-04
-1.1516195172812035e-04
-1.1506429038927218e-04
-1.1490010467670157e-04
-1.1467489008139938e-04
-1.1436215031694371e-04
-1.1398967740993915e-04
-1.1359428449741830e-04
-1.1315128665030724e-04
-1.1267420253984523e-04
-1.1212551713870157e-04
-1.1159331316931040e-04
-1.1103412144533620e-04
-1.1042010744450334e-04
-1.0983637440358922e-04
-1.0924232022045181e-04
-1.0856482778791485e-04
-1.0794243658620160e-04
-1.0731649632655928e-04
-1.0662644530048841e-04
-1.0599276100088851e-04
-1.0536260223460351e-04
-1.0462933162343956e-04
-1.0399659523250582e-04
-1.0334383732408887e-04
-1.0263334026536809e-04
-1.0200281155917813e-04
-1.0133402131739647e-04
-1.0062874534183007e-04
-9.9995445599260717e-05
-9.9305011729446853e-05
-9.8639504843887847e-05
-9.8017381496810549e-05
-9.7298554031157177e-05
-9.6664115465615240e-05
-9.6030381936099623e-05
-9.5300010433418641e-05
-9.4710526306248291e-05
-9.4045916883056145e-05
-9.3367720475636456e-05
-9.2778494144039704e-05
-9.2058365086971050e-05
-9.1450352879078497e-05
-9.0836069947067827e-05
-9.0141000100336409e-05
-8.9562524110149371e-05
-8.8891585147903113e-05
-8.8255864106164241e-05
-8.7671606349132668e-05
-8.6983914007790397e-05
-8.6411474045124548e-05
-8.5762176437611032e-05
-8.5149749511826837e-05
-8.4543149885115529e-05
-8.3899195090488338e-05
-8.3332105959936240e-05
-8.2665223644880293e-05
-8.2105812400848187e-05
-8.1481069179719761e-05
-8.0863200196947102e-05
-8.0312967126788687e-05
-7.9636499794123806e-05
-7.9112164262932165e-05
-7.8463361382539708e-05
-7.7902883537139651e-05
-7.7305185398296846e-05
-7.6708160606641808e-05
-7.6135238525507683e-05
-7.5529135175541443e-05
-7.4987369827030293e-05
-7.4347694388881761e-05
-7.3834277890732288e-05
-7.3196085515757461e-05
-7.2661278697603096e-05
-7.2065022285573176e-05
-7.1498429484176995e-05
-7.0932708278083012e-05
-7.0358184814587021e-05
-6.9801871165089128e-05
-6.9222383572241375e-05
-6.8677997623091091e-05
-6.8078478877734919e-05
-6.7568298722626605e-05
-6.6946339546052440e-05
-6.6451651887138499e-05
-6.5835827623699359e-05
-6.5336260741758113e-05
-6.4726169738041551e-05
-6.4227818992606189e-05
-6.3610514610046453e-05
-6.3129613105708534e-05
-6.2505486312527627e-05
-6.2026283446960610e-05
-6.1414824268856829e-05
-6.0925888558928642e-05
-6.0323083846895686e-05
-5.9828297910393745e-05
-5.9226748919129584e-05
-5.8740026781977837e-05
-5.8138028698045349e-05
-5.7642284572346063e-05
-5.7066285198320268e-05
-5.6544046268191277e-05
-5.5996150693543599e-05
-5.5453228351596779e-05
-5.4914729684195583e-05
-5.4366325511135503e-05
-5.3837686415659033e-05
-5.3276142378134235e-05
-5.2771483006403733e-05
-5.2180949209676034e-05
-5.1693119390317180e-05
-5.1102340486085127e-05
-5.0599372831232170e-05
-5.0037503270042436e-05
-4.9497847362227962e-05
-4.8974517880324435e-05
-4.8397783457878777e-05
-4.7903562588083370e-05
-4.7304433498289301e-05
-4.6799275072556445e-05
-4.6237250780770388e-05
-4.5697599900941836e-05
-4.5164429897131948e-05
-4.4594095240694732e-05
-4.4087749138112756e-05
-4.3488356665200068e-05
-4.2971936689012662e-05
-4.2409837797777273e-05
-4.1853420411261794e-05
-4.1328998077512281e-05
-4.0728054448869879e-05
-4.0202793510710677e-05
-3.9638652830088181e-05
-3.9070546974287183e-05
-3.8539389344765695e-05
-3.7930907884859621e-05
0.0000000000000000e+00
];
