%Vec Object:dSdr_b_aug_1730 1 MPI processes
%  type: seq
dSdr_b_aug_1730 = [
2.4228355127820441e+03
0.0000000000000000e+00
-1.7408918781101919e-06
-7.1358575179381219e-07
-4.3783698760913049e-07
-3.0865238414311582e-07
-2.3166243945956358e-07
-1.8411209167698586e-07
-1.5188348666174221e-07
-1.2750207496843339e-07
-1.0940170864776235e-07
-9.5531087717596977e-08
-8.4221681639763448e-08
-7.5058621528889264e-08
-6.7547459659713609e-08
-6.1212477073761855e-08
-5.5797945108769658e-08
-5.1178554312076936e-08
-4.7184647901613009e-08
-4.3659552321671255e-08
-4.0571336059268021e-08
-3.7847769448678095e-08
-3.5402102896661595e-08
-5.0840886090678684e-08
-4.1782329971104376e-05
-5.5266428525563196e-04
-5.4728755137172175e-04
-5.0647304291818454e-04
-4.6340587562074937e-04
-4.1737631124404357e-04
-3.7687855992634648e-04
-3.3798793118052585e-04
-3.0129842824871993e-04
-2.6262321678063990e-04
-2.3117459001773408e-04
-2.0381114238088836e-04
-1.7987938577256350e-04
-1.5727634753851227e-04
-1.4015582907907274e-04
-1.2716763991274909e-04
-1.1690207877360518e-04
-1.0861657149664587e-04
-1.0343977642858951e-04
-1.0026486724842040e-04
-9.8508944737147087e-05
-9.8056217232923203e-05
-9.8513868653642665e-05
-9.9508089006471650e-05
-1.0096488573133675e-04
-1.0293680714727186e-04
-1.0467054504696828e-04
-1.0649123145965561e-04
-1.0833983634402592e-04
-1.1011212487331920e-04
-1.1159135762837656e-04
-1.1290613417703978e-04
-1.1415652554319370e-04
-1.1515566211320762e-04
-1.1596472057066974e-04
-1.1660077191702292e-04
-1.1716039851538094e-04
-1.1750826610105187e-04
-1.1768891856576329e-04
-1.1780877094183595e-04
-1.1783187712852734e-04
-1.1771704512831679e-04
-1.1753381732304932e-04
-1.1728896655573841e-04
-1.1695718084025183e-04
-1.1656458131351492e-04
-1.1614774090240298e-04
-1.1568492904141202e-04
-1.1518794357748783e-04
-1.1461566978214821e-04
-1.1406313208560983e-04
-1.1348372951478410e-04
-1.1284575795932754e-04
-1.1224179515072263e-04
-1.1162758746337651e-04
-1.1092554825288951e-04
-1.1028286872299397e-04
-1.0963641711349621e-04
-1.0892251314637642e-04
-1.0826865242147650e-04
-1.0761817155196991e-04
-1.0686082781865921e-04
-1.0620799615471597e-04
-1.0553465656440782e-04
-1.0480108268261461e-04
-1.0415079210480670e-04
-1.0346109629177279e-04
-1.0273328950140743e-04
-1.0208039781989169e-04
-1.0136847346361704e-04
-1.0068182466816104e-04
-1.0004044560805759e-04
-9.9299429203618554e-05
-9.8644693854747895e-05
-9.7991654127047048e-05
-9.7238677785129094e-05
-9.6630162924620303e-05
-9.5945531183244041e-05
-9.5246052034338117e-05
-9.4638053483385768e-05
-9.3896224789676982e-05
-9.3268782700379812e-05
-9.2635296636049813e-05
-9.1918924682215329e-05
-9.1322026424071716e-05
-9.0630161800613155e-05
-8.9974743169966135e-05
-8.9371969548118543e-05
-8.8662688486983271e-05
-8.8072416200114649e-05
-8.7402449944584942e-05
-8.6770887468811951e-05
-8.6145302946517396e-05
-8.5480814702686283e-05
-8.4895858181851787e-05
-8.4208053384496047e-05
-8.3630400669890262e-05
-8.2986238265877820e-05
-8.2348689279397548e-05
-8.1780269791517732e-05
-8.1083014253230780e-05
-8.0541233452832071e-05
-7.9871717817825208e-05
-7.9293544778523401e-05
-7.8675864436790840e-05
-7.8059982787984843e-05
-7.7468412698796481e-05
-7.6842385563997579e-05
-7.6283089461699375e-05
-7.5622463268249366e-05
-7.5091993291645539e-05
-7.4433025496165031e-05
-7.3880463446541849e-05
-7.3264501579576181e-05
-7.2679275050896040e-05
-7.2094603531557743e-05
-7.1500883267759039e-05
-7.0926193987295010e-05
-7.0326855708268787e-05
-6.9764448425949820e-05
-6.9144738912611925e-05
-6.8616762137429699e-05
-6.7974407865699260e-05
-6.7462093984986161e-05
-6.6825656508563941e-05
-6.6308912987212595e-05
-6.5677484798393882e-05
-6.5162108354647843e-05
-6.4523366083449747e-05
-6.4025508744160431e-05
-6.3379807060303276e-05
-6.2883524688689619e-05
-6.2250703578606382e-05
-6.1744486339941189e-05
-6.1120327202748888e-05
-6.0607850116954097e-05
-5.9985147465302972e-05
-5.9480343293758071e-05
-5.8857455828061395e-05
-5.8343306159332621e-05
-5.7746485379099881e-05
-5.7205486319102602e-05
-5.6637067159382785e-05
-5.6074706153213471e-05
-5.5516095663127676e-05
-5.4947507114167032e-05
-5.4399265445166131e-05
-5.3816739237401491e-05
-5.3293124733744749e-05
-5.2680541110038867e-05
-5.2174148121918362e-05
-5.1561271210725525e-05
-5.1039078506013536e-05
-5.0455763686763354e-05
-4.9895718327016280e-05
-4.9351773781335422e-05
-4.8753423109318766e-05
-4.8239578137511975e-05
-4.7617411334373018e-05
-4.7092675358229141e-05
-4.6508181298598255e-05
-4.5947686377019375e-05
-4.5393227174324081e-05
-4.4800406580508151e-05
-4.4273774930988568e-05
-4.3650512544777518e-05
-4.3113360910957836e-05
-4.2528765296914941e-05
-4.1949858536739884e-05
-4.1404267113200291e-05
-4.0778873795992073e-05
-4.0232330266270926e-05
-3.9645208912416843e-05
-3.9053842214454373e-05
-3.8501856233057074e-05
-3.7871857150761729e-05
0.0000000000000000e+00
];
