%Vec Object:dSdr_b_aug_9360 1 MPI processes
%  type: seq
dSdr_b_aug_9360 = [
2.2767800490066611e+03
0.0000000000000000e+00
-6.4479614609548629e-07
-2.6720209924528142e-07
-1.6676547137792046e-07
-1.1876179644906001e-07
-8.9137623323339657e-08
-7.0814572486582469e-08
-5.8394287689193535e-08
-4.9062992872436952e-08
-4.2132277637747288e-08
-3.6818176889142987e-08
-3.2491950487103642e-08
-2.8986863997822635e-08
-2.6112800925457557e-08
-2.3688952622668983e-08
-2.1626979306731898e-08
-3.9644840840569920e-06
-7.9201111801864468e-04
-7.7904695180751663e-04
-7.3721450814558890e-04
-6.9862497400383582e-04
-6.6082157260643364e-04
-6.2315278849881656e-04
-5.8133356333780399e-04
-5.4094606699114488e-04
-5.0220991992349783e-04
-4.6307876401445138e-04
-4.2291498737636511e-04
-3.7996840345182003e-04
-3.4217179626195356e-04
-3.0583372400886023e-04
-2.7152120475907335e-04
-2.3532603678017651e-04
-2.0588188204632353e-04
-1.8025124983604116e-04
-1.5783056058865658e-04
-1.3665710333811835e-04
-1.2062034443144533e-04
-1.0845882472595079e-04
-9.8863560971508630e-05
-9.1134287984477423e-05
-8.6325946542971523e-05
-8.3404640810834561e-05
-8.1821794752247751e-05
-8.1473913544838109e-05
-8.1983358645001505e-05
-8.3000195244207505e-05
-8.4455086619098386e-05
-8.6413510419518040e-05
-8.8137535639015632e-05
-8.9943055796098118e-05
-9.1783690873143659e-05
-9.3558431638167497e-05
-9.5047938555029905e-05
-9.6385504135223672e-05
-9.7674756735032466e-05
-9.8718514228387179e-05
-9.9579579559004334e-05
-1.0028149634144995e-04
-1.0091835027981699e-04
-1.0134478759901128e-04
-1.0161282697640469e-04
-1.0183765328269497e-04
-1.0195691348523587e-04
-1.0194417532993906e-04
-1.0187416864072191e-04
-1.0174607131164519e-04
-1.0152752968558606e-04
-1.0125459975865107e-04
-1.0096528270770912e-04
-1.0062028176226982e-04
-1.0024162653301017e-04
-9.9809605579915213e-05
-9.9377968966341091e-05
-9.8918736859742443e-05
-9.8423213145507120e-05
-9.7939533194947882e-05
-9.7445154716951219e-05
-9.6889066491524431e-05
-9.6367017853394050e-05
-9.5842523208260552e-05
-9.5270444829229970e-05
-9.4736549690172174e-05
-9.4206900601545446e-05
-9.3592691668015188e-05
-9.3059343115141162e-05
-9.2508378939561115e-05
-9.1912016257212397e-05
-9.1379226673251194e-05
-9.0813832127922001e-05
-9.0219990066566557e-05
-8.9683588997900977e-05
-8.9099443741496410e-05
-8.8538501464272096e-05
-8.8011613879152354e-05
-8.7402529479821425e-05
-8.6868475662153283e-05
-8.6330227597266752e-05
-8.5711656152607013e-05
-8.5216295086761292e-05
-8.4650713072707297e-05
-8.4077778054872458e-05
-8.3581396444355735e-05
-8.2968590685559665e-05
-8.2456675904328097e-05
-8.1937368935273836e-05
-8.1347656274801774e-05
-8.0860294214297465e-05
-8.0292850599102475e-05
-7.9754551044703420e-05
-7.9261870145347471e-05
-7.8680952553205271e-05
-7.8196708766493231e-05
-7.7649635377686772e-05
-7.7131850199415648e-05
-7.6619147210645210e-05
-7.6076747976251487e-05
-7.5598028477829392e-05
-7.5034625835361047e-05
-7.4565434380109575e-05
-7.4036735746628085e-05
-7.3516201338485535e-05
-7.3055915792390202e-05
-7.2482264053448637e-05
-7.2044210449253025e-05
-7.1497850007030294e-05
-7.1024890197329984e-05
-7.0526021310136444e-05
-7.0022259986936237e-05
-6.9541568446041408e-05
-6.9034005450312365e-05
-6.8578944887340306e-05
-6.8042889070996427e-05
-6.7613816846189259e-05
-6.7078376937466060e-05
-6.6631385185435420e-05
-6.6132589373391586e-05
-6.5658156579220009e-05
-6.5186161182487749e-05
-6.4706582634443580e-05
-6.4241152535223138e-05
-6.3759843916409679e-05
-6.3304589250442645e-05
-6.2804931516802337e-05
-6.2382771287295750e-05
-6.1861683744490398e-05
-6.1454173294682313e-05
-6.0940299496833512e-05
-6.0525686314569006e-05
-6.0021126495778499e-05
-5.9606982982857151e-05
-5.9095707923718292e-05
-5.8698668191811201e-05
-5.8181248399367181e-05
-5.7786519054018427e-05
-5.7280713711599871e-05
-5.6877250803546115e-05
-5.6380062913782838e-05
-5.5972775826738823e-05
-5.5475850843984007e-05
-5.5078560963307134e-05
-5.4579879972450803e-05
-5.4175168311723881e-05
-5.3702150029169964e-05
-5.3272697526708161e-05
-5.2826310303571465e-05
-5.2379530598908155e-05
-5.1940504070336653e-05
-5.1491931059041373e-05
-5.1060245814841785e-05
-5.0602479153634407e-05
-5.0191571966697937e-05
-4.9710096598200464e-05
-4.9314081007286222e-05
-4.8832599571244015e-05
-4.8424720575920265e-05
-4.7968921070333779e-05
-4.7530113978970170e-05
-4.7108749894543560e-05
-4.6638933532599567e-05
-4.6241778862956687e-05
-4.5756600618703400e-05
-4.5348281106724724e-05
-4.4897402304348567e-05
-4.4460858846739039e-05
-4.4033001221819212e-05
-4.3573902211338419e-05
-4.3167914541734526e-05
-4.2686616333223110e-05
-4.2272780063348583e-05
-4.1822010827132194e-05
-4.1376911052282624e-05
-4.0957314957483137e-05
-4.0477489568445955e-05
-4.0057804778245597e-05
-3.9607896204101913e-05
-3.9156054586153539e-05
-3.8731337630082501e-05
-3.8247499105488941e-05
0.0000000000000000e+00
];
