%Vec Object:dSdr_b_aug_2900 1 MPI processes
%  type: seq
dSdr_b_aug_2900 = [
2.3805982841399791e+03
0.0000000000000000e+00
-1.2860814658282155e-06
-5.2861842506485703e-07
-3.2589983659100227e-07
-2.3029239774623435e-07
-1.7267413479449034e-07
-1.3707302589581226e-07
-1.1294360466776181e-07
-9.4737084842640152e-08
-8.1219846094919378e-08
-7.0859831057863146e-08
-6.2419541116067193e-08
-5.5582009983565348e-08
-4.9976889940354193e-08
-4.5250450685885309e-08
-4.1211773230134222e-08
-3.7766147750224095e-08
-3.4787167897302814e-08
-3.2158562117311009e-08
-2.9857144583579555e-08
-5.5007750280000397e-08
-1.3211252723476316e-04
-6.5406815406846529e-04
-6.1838987350873757e-04
-5.7595540894175726e-04
-5.3512855220936434e-04
-4.9390813072566666e-04
-4.5163925907448977e-04
-4.0650281094788230e-04
-3.6678997763072568e-04
-3.2864130280098070e-04
-2.9264274101927537e-04
-2.5468843114718494e-04
-2.2382246676102798e-04
-1.9696271598290915e-04
-1.7347019824718880e-04
-1.5128271229936243e-04
-1.3447722236292921e-04
-1.2172933049354701e-04
-1.1165861225300141e-04
-1.0353479189662258e-04
-9.8465099490539857e-05
-9.5363908216812129e-05
-9.3658295949789174e-05
-9.3236045485468690e-05
-9.3708752554334771e-05
-9.4709547222255740e-05
-9.6165790292764618e-05
-9.8133788398195907e-05
-9.9864703179847417e-05
-1.0168098121374630e-04
-1.0352726958238166e-04
-1.0530027107811529e-04
-1.0678249047456097e-04
-1.0810389149337475e-04
-1.0936557921075528e-04
-1.1037768635690468e-04
-1.1120186234011882e-04
-1.1185705963030774e-04
-1.1243913486079388e-04
-1.1280984128092579e-04
-1.1301589556372283e-04
-1.1316626197176457e-04
-1.1321731840219805e-04
-1.1313216323880149e-04
-1.1298184675713793e-04
-1.1277093409097732e-04
-1.1247206637143231e-04
-1.1211425261400074e-04
-1.1173448091185505e-04
-1.1130591459767330e-04
-1.1084332563325660e-04
-1.1031182082517695e-04
-1.0979442691688044e-04
-1.0924995575275946e-04
-1.0865339121747327e-04
-1.0808439247900781e-04
-1.0750501699110222e-04
-1.0684540308885076e-04
-1.0623778878619925e-04
-1.0562678786544500e-04
-1.0495411002196414e-04
-1.0433512112391656e-04
-1.0371976386546306e-04
-1.0300402681152237e-04
-1.0238592672085769e-04
-1.0174815941518140e-04
-1.0105447029679800e-04
-1.0043833509301837e-04
-9.9784771365609684e-05
-9.9095905647775820e-05
-9.8476875638916638e-05
-9.7802094306685369e-05
-9.7151986073952626e-05
-9.6543887572313525e-05
-9.5841221361807796e-05
-9.5221565903904143e-05
-9.4601893991712497e-05
-9.3887986665485877e-05
-9.3312363521878266e-05
-9.2662337314215447e-05
-9.1999642161989651e-05
-9.1424088551925189e-05
-9.0719764395620135e-05
-9.0125903916879235e-05
-8.9525607562188311e-05
-8.8846053077538956e-05
-8.8280994924346931e-05
-8.7625297141291690e-05
-8.7003922815140716e-05
-8.6433151067564671e-05
-8.5761182844286011e-05
-8.5201731036623691e-05
-8.4567487415644309e-05
-8.3968997847966818e-05
-8.3376225851065005e-05
-8.2747226572890399e-05
-8.2193151140489478e-05
-8.1541507694806183e-05
-8.0995382610843025e-05
-8.0384783335190111e-05
-7.9781248266910137e-05
-7.9244261261322244e-05
-7.8582935001770291e-05
-7.8071305722660639e-05
-7.7437588962397052e-05
-7.6889999403358792e-05
-7.6306855290353241e-05
-7.5723564882338923e-05
-7.5164225071002377e-05
-7.4572633201633383e-05
-7.4043636375207463e-05
-7.3419220412346899e-05
-7.2918224816141650e-05
-7.2295164214526795e-05
-7.1773289421815973e-05
-7.1191385478707971e-05
-7.0638364557056171e-05
-7.0086445817190787e-05
-6.9525904350341991e-05
-6.8982974602351755e-05
-6.8417945266822586e-05
-6.7886685171413265e-05
-6.7301872386342620e-05
-6.6804654420298218e-05
-6.6197550031132894e-05
-6.5715700457633251e-05
-6.5114889853507137e-05
-6.4627833611335115e-05
-6.4033283577651895e-05
-6.3547333541922753e-05
-6.2945643485209116e-05
-6.2477091814341305e-05
-6.1868679142137070e-05
-6.1401916196003047e-05
-6.0806016042159761e-05
-6.0329667407025361e-05
-5.9742416265008586e-05
-5.9260515764235064e-05
-5.8674374132605844e-05
-5.8200822148792783e-05
-5.7614038957256659e-05
-5.7131700633152690e-05
-5.6570866664537928e-05
-5.6062291825397594e-05
-5.5529344766753656e-05
-5.5000580757679511e-05
-5.4476730735500787e-05
-5.3943028073407587e-05
-5.3428666757514507e-05
-5.2882405354767797e-05
-5.2391552256650506e-05
-5.1817078788489508e-05
-5.1342769831868416e-05
-5.0768086436077160e-05
-5.0279121825583588e-05
-4.9732872460713502e-05
-4.9208067828200488e-05
-4.8699754032630621e-05
-4.8138764619809802e-05
-4.7658837901892845e-05
-4.7076489429711577e-05
-4.6585591598885733e-05
-4.6039934690754683e-05
-4.5515467400202926e-05
-4.4997805603084164e-05
-4.4443851314105847e-05
-4.3952283592807463e-05
-4.3370281127075313e-05
-4.2868966698404543e-05
-4.2323260862532558e-05
-4.1783234071548700e-05
-4.1274245300558611e-05
-4.0691132597526343e-05
-4.0181410384135122e-05
-3.9634075978603319e-05
-3.9083057745599736e-05
-3.8567480176581119e-05
-3.7976853023276456e-05
0.0000000000000000e+00
];
