%Vec Object:dSdr_b_aug_3170 1 MPI processes
%  type: seq
dSdr_b_aug_3170 = [
2.3707057468813414e+03
0.0000000000000000e+00
-1.2006157337889951e-06
-4.9385276641483928e-07
-3.0482537138041923e-07
-2.1554637116411392e-07
-1.6160843007388507e-07
-1.2827804303422874e-07
-1.0568756691585247e-07
-8.8650847368172855e-08
-7.6001760095356412e-08
-6.6306773561922448e-08
-5.8409258412767937e-08
-5.2011494137460497e-08
-4.6766787855017860e-08
-4.2344331617692869e-08
-3.8565479311230165e-08
-3.5341490088178065e-08
-3.2554111636059507e-08
-3.0094603353593846e-08
-2.8048251637124956e-08
-2.3958930898845489e-06
-5.5880782768394322e-04
-6.5812070098150710e-04
-6.1598578102446406e-04
-5.7355904730825059e-04
-5.3287159522908475e-04
-4.9179427270094845e-04
-4.4966973188526857e-04
-4.0468343477896671e-04
-3.6510199058850836e-04
-3.2707746267511101e-04
-2.9119450714745808e-04
-2.5336081569095727e-04
-2.2259233999007136e-04
-1.9581686569111311e-04
-1.7239783958574405e-04
-1.5027988212508328e-04
-1.3352710145462054e-04
-1.2081941513117245e-04
-1.1078129719453985e-04
-1.0268452962100022e-04
-9.7632757185839964e-05
-9.4543900084339614e-05
-9.2846705516817505e-05
-9.2429554342750325e-05
-9.2904780458705709e-05
-9.3906675112373115e-05
-9.5362825546392585e-05
-9.7330167218589824e-05
-9.9060609646636834e-05
-1.0087615008768925e-04
-1.0272205086540061e-04
-1.0449517165070211e-04
-1.0597789075857903e-04
-1.0730040015529631e-04
-1.0856397793048552e-04
-1.0957825525881003e-04
-1.1040496064297062e-04
-1.1106336135239177e-04
-1.1164919259428461e-04
-1.1202372031289625e-04
-1.1223402472200929e-04
-1.1238949661089024e-04
-1.1244522955973798e-04
-1.1236503980117603e-04
-1.1222022990536109e-04
-1.1201499562122352e-04
-1.1172163564470870e-04
-1.1136964216881149e-04
-1.1099607271677149e-04
-1.1057323621232764e-04
-1.1011640231347393e-04
-1.0959171878990122e-04
-1.0908020498158438e-04
-1.0854157838320951e-04
-1.0795194188706142e-04
-1.0738879318043314e-04
-1.0681524566077581e-04
-1.0616273017480384e-04
-1.0556098283049460e-04
-1.0495591336233933e-04
-1.0429013329372054e-04
-1.0367697899621606e-04
-1.0306749846616715e-04
-1.0235872286113881e-04
-1.0174643390539000e-04
-1.0111461840517275e-04
-1.0042760263973413e-04
-9.9817182171192665e-05
-9.9169663914258868e-05
-9.8487313654983355e-05
-9.7873949240525379e-05
-9.7205382524870139e-05
-9.6561388107385720e-05
-9.5958857970579963e-05
-9.5262608355370132e-05
-9.4648822319215223e-05
-9.4034733371401816e-05
-9.3327362910792180e-05
-9.2757243072743147e-05
-9.2113006919658684e-05
-9.1456466313690881e-05
-9.0886341257026418e-05
-9.0188292204874498e-05
-8.9600050462419693e-05
-8.9005307272771239e-05
-8.8331912934899883e-05
-8.7772182136489795e-05
-8.7122535639702660e-05
-8.6506857465904231e-05
-8.5941440139706104e-05
-8.5275714946278367e-05
-8.4721419893869611e-05
-8.4093153236516788e-05
-8.3500197291207429e-05
-8.2912915350525352e-05
-8.2289853939489037e-05
-8.1740945403279669e-05
-8.1095352325606402e-05
-8.0554502314635282e-05
-7.9949518683037428e-05
-7.9351674683116646e-05
-7.8819946830719357e-05
-7.8164632109756986e-05
-7.7658047658771102e-05
-7.7030320618470141e-05
-7.6487848161168294e-05
-7.5910482507449926e-05
-7.5332645131396170e-05
-7.4778697957214954e-05
-7.4192867654425057e-05
-7.3668940377926069e-05
-7.3050582961519552e-05
-7.2554518897180930e-05
-7.1937466139212244e-05
-7.1420725811902622e-05
-7.0844520300283382e-05
-7.0296887888148969e-05
-6.9750449208464996e-05
-6.9195459081313170e-05
-6.8657843207588188e-05
-6.8098554303270043e-05
-6.7572505627068992e-05
-6.6993531619011928e-05
-6.6501460090490113e-05
-6.5900253566748669e-05
-6.5423501156023554e-05
-6.4828651493786067e-05
-6.4346562405375224e-05
-6.3758182673177036e-05
-6.3277156143443631e-05
-6.2681665511248505e-05
-6.2218017144865951e-05
-6.1615843517263307e-05
-6.1154019640732404e-05
-6.0564296950171922e-05
-6.0092945807868900e-05
-5.9511869960761686e-05
-5.9035085409592959e-05
-5.8455061018692522e-05
-5.7986738023817478e-05
-5.7405995652490979e-05
-5.6928979873491145e-05
-5.6374167072118008e-05
-5.5871017322426446e-05
-5.5344005312237918e-05
-5.4820862617212022e-05
-5.4302828576527197e-05
-5.3774962880853958e-05
-5.3266270289984528e-05
-5.2726076569388271e-05
-5.2240704979490896e-05
-5.1672607951013258e-05
-5.1203667168350037e-05
-5.0635374161065628e-05
-5.0151969145976681e-05
-4.9611921428895108e-05
-4.9093013139449123e-05
-4.8590660945319533e-05
-4.8035922677333534e-05
-4.7561671036516271e-05
-4.6985984820773601e-05
-4.6500748668860697e-05
-4.5961589856717726e-05
-4.5443150589094639e-05
-4.4931645616220127e-05
-4.4384194319019928e-05
-4.3898493400881802e-05
-4.3323394440891460e-05
-4.2828076229467621e-05
-4.2288877382935625e-05
-4.1755355981436321e-05
-4.1252491632983799e-05
-4.0676453479370518e-05
-4.0172892588217213e-05
-3.9632216128245227e-05
-3.9087950849334863e-05
-3.8578470562961422e-05
-3.7994460233339614e-05
0.0000000000000000e+00
];
