%Vec Object:dSdr_b_aug_3710 1 MPI processes
%  type: seq
dSdr_b_aug_3710 = [
2.3600841556778660e+03
0.0000000000000000e+00
-1.1158623928673157e-06
-4.5938135920545746e-07
-2.8392287951582028e-07
-2.0092645032349197e-07
-1.5065107574107728e-07
-1.1958058507749824e-07
-9.8521641547852342e-08
-8.2647899367374605e-08
-7.0861850606608404e-08
-6.1827980208714725e-08
-5.4469769795718527e-08
-4.8508890962646300e-08
-4.3622222629111417e-08
-3.9501674423866464e-08
-3.5980800188341686e-08
-3.2976859508850923e-08
-3.0379691388141283e-08
-2.8088333256213851e-08
-3.8556854468180553e-08
-1.2687897483245283e-04
-6.8783749540043222e-04
-6.5473701848663775e-04
-6.1112061816255331e-04
-5.6894768079661612e-04
-5.2853515399396743e-04
-4.8773303632130177e-04
-4.4588580435810289e-04
-4.0118798401656371e-04
-3.6185896956733506e-04
-3.2407295732003624e-04
-2.8841210882122811e-04
-2.5081015397252778e-04
-2.2022897717521978e-04
-1.9361541799974729e-04
-1.7033758676810552e-04
-1.4835321005846953e-04
-1.3170169640754886e-04
-1.1907125447367304e-04
-1.0909576944092590e-04
-1.0105097665768882e-04
-9.6033632688976019e-05
-9.2968472393865529e-05
-9.1287450149189065e-05
-9.0880095837322559e-05
-9.1360161552790384e-05
-9.2364169453087032e-05
-9.3820141824844586e-05
-9.5786222248598710e-05
-9.7515757096687105e-05
-9.9329880374324477e-05
-1.0117503642980364e-04
-1.0294838633528451e-04
-1.0443206544948906e-04
-1.0575670424926894e-04
-1.0702391322334447e-04
-1.0804235993981231e-04
-1.0887392485983653e-04
-1.0953848005707560e-04
-1.1013152744956806e-04
-1.1051339675329385e-04
-1.1073186662992056e-04
-1.1089714736438909e-04
-1.1096186506748493e-04
-1.1089121507993893e-04
-1.1075698468937454e-04
-1.1056265996902601e-04
-1.1027988159701527e-04
-1.0993907009524942e-04
-1.0957741647718133e-04
-1.0916558827155839e-04
-1.0871981119748603e-04
-1.0820823295878444e-04
-1.0770801619757280e-04
-1.0718061837719270e-04
-1.0660429226898115e-04
-1.0605238284334167e-04
-1.0549003221600860e-04
-1.0485115445445681e-04
-1.0426067891268869e-04
-1.0366700515632062e-04
-1.0301447733396063e-04
-1.0241253267334887e-04
-1.0181434271826415e-04
-1.0111894169359963e-04
-1.0051781729281386e-04
-9.9897436609419526e-05
-9.9223241924845955e-05
-9.8623800805818285e-05
-9.7987897319267483e-05
-9.7318064789237051e-05
-9.6715585313802009e-05
-9.6058958339235504e-05
-9.5426709999758710e-05
-9.4834878001778344e-05
-9.4150956177365487e-05
-9.3548446682128209e-05
-9.2945083922914474e-05
-9.2250272321601934e-05
-9.1690725629053085e-05
-9.1057613542676007e-05
-9.0412897286501029e-05
-8.9853201775513895e-05
-8.9167208694027834e-05
-8.8589761884079739e-05
-8.8005687649348374e-05
-8.7344128422498339e-05
-8.6794632744369862e-05
-8.6156612212366258e-05
-8.5551877706981593e-05
-8.4996747503316133e-05
-8.4343016660363304e-05
-8.3798628967685673e-05
-8.3181845485113523e-05
-8.2599520951313907e-05
-8.2022786721568569e-05
-8.1411133372816098e-05
-8.0872151681281394e-05
-8.0238182807656748e-05
-7.9707467475390349e-05
-7.9113272840929374e-05
-7.8526362746486725e-05
-7.8004738988500866e-05
-7.7360973873560060e-05
-7.6864081748757233e-05
-7.6247862396710485e-05
-7.5715221121705191e-05
-7.5148957275470853e-05
-7.4581596484660136e-05
-7.4038009863554619e-05
-7.3463248915549764e-05
-7.2949061466467532e-05
-7.2342343975327354e-05
-7.1855754574539024e-05
-7.1250244331570598e-05
-7.0743368553204472e-05
-7.0178111104292478e-05
-6.9640831322339151e-05
-6.9104921164465244e-05
-6.8560596505248442e-05
-6.8033189873346677e-05
-6.7484929729281511e-05
-6.6968893457263997e-05
-6.6401137158174524e-05
-6.5918953191572183e-05
-6.5329077903501261e-05
-6.4862118389758924e-05
-6.4278721151909466e-05
-6.3806175186751328e-05
-6.3229650112852306e-05
-6.2758082853500154e-05
-6.2174502837305056e-05
-6.1720274934935724e-05
-6.1130088049243385e-05
-6.0677753356598352e-05
-6.0099899102885678e-05
-5.9638149397336327e-05
-5.9068937829590195e-05
-5.8601982308030412e-05
-5.8033710671000982e-05
-5.7575433892015955e-05
-5.7006297465170540e-05
-5.6539507659204722e-05
-5.5996263058882847e-05
-5.5503536311277940e-05
-5.4987927065335564e-05
-5.4475584387194868e-05
-5.3968724377547944e-05
-5.3452073043809569e-05
-5.2954271598079376e-05
-5.2425735531957471e-05
-5.1950895435615212e-05
-5.1395049301246555e-05
-5.0936422317658588e-05
-5.0380407059528055e-05
-4.9907683674238738e-05
-4.9379551164598610e-05
-4.8871971566591048e-05
-4.8381073496053261e-05
-4.7838345703926482e-05
-4.7374997852251597e-05
-4.6812112137802596e-05
-4.6337754255664830e-05
-4.5811080825683791e-05
-4.5304224009461613e-05
-4.4804549192251104e-05
-4.4269593449688295e-05
-4.3795166239496923e-05
-4.3233333346875654e-05
-4.2749538902443137e-05
-4.2222846359201266e-05
-4.1701830023765742e-05
-4.1210741730875688e-05
-4.0648310090590434e-05
-4.0156610424863739e-05
-3.9628768835891166e-05
-3.9097570000229256e-05
-3.8600064069027281e-05
-3.8030150612594547e-05
0.0000000000000000e+00
];
