%Vec Object:dSdr_b_aug_6870 1 MPI processes
%  type: seq
dSdr_b_aug_6870 = [
2.3034256461388759e+03
0.0000000000000000e+00
-7.6432823925805206e-07
-3.1602628248364445e-07
-1.9661523182399231e-07
-1.3971456043706892e-07
-1.0479370406097470e-07
-8.3200464804605166e-08
-6.8564286840241327e-08
-5.7558664197029232e-08
-4.9385464254068867e-08
-4.3119440655859224e-08
-3.8018037177323282e-08
-3.3885258233790085e-08
-3.0496814908984962e-08
-2.7639496813448014e-08
-2.5197920198447143e-08
-2.3122520084307168e-08
-1.4574559253594424e-06
-7.0480303273379012e-04
-7.4959913513045727e-04
-7.1085785158344283e-04
-6.7244211752559980e-04
-6.3417086095982013e-04
-5.9168906330557178e-04
-5.5068002330718399e-04
-5.1136110499917873e-04
-4.7164908779159635e-04
-4.3090010789939191e-04
-3.8734475868526931e-04
-3.4901545566368055e-04
-3.1217405010733676e-04
-2.7739282426492959e-04
-2.4070862862306632e-04
-2.1086922194901635e-04
-1.8489690411566256e-04
-1.6217825468127218e-04
-1.4072290513736667e-04
-1.2447244480318147e-04
-1.1214791804557901e-04
-1.0242048151949223e-04
-9.4581527331082360e-05
-8.9700532328330367e-05
-8.6729219966421911e-05
-8.5112246015742657e-05
-8.4743690898036059e-05
-8.5242923275562362e-05
-8.6255300501757301e-05
-8.7710567790321838e-05
-8.9671653320697525e-05
-9.1397593920048347e-05
-9.3206104809944484e-05
-9.5048311577253149e-05
-9.6822568950386453e-05
-9.8310050095895828e-05
-9.9643122150048263e-05
-1.0092471201817506e-04
-1.0195967104604946e-04
-1.0281048150471507e-04
-1.0349941070717898e-04
-1.0412103666276893e-04
-1.0453198129305115e-04
-1.0478278936044452e-04
-1.0498691645619872e-04
-1.0508721659895849e-04
-1.0505434713434235e-04
-1.0496201500122285e-04
-1.0481089570417433e-04
-1.0457002409793834e-04
-1.0427349717365707e-04
-1.0395903447916908e-04
-1.0359080303624770e-04
-1.0318881490533801e-04
-1.0272913823877293e-04
-1.0227366178689967e-04
-1.0179073390718790e-04
-1.0126712165319601e-04
-1.0075972376395369e-04
-1.0024171679849359e-04
-9.9656849261322192e-05
-9.9111014053253929e-05
-9.8562471355250617e-05
-9.7962427127192862e-05
-9.7404876602977643e-05
-9.6851401327463515e-05
-9.6208968384701865e-05
-9.5652059580455070e-05
-9.5076964826617277e-05
-9.4453546169355942e-05
-9.3897587167258295e-05
-9.3307682291097501e-05
-9.2687424408643553e-05
-9.2128053152368869e-05
-9.1518711787303957e-05
-9.0932982083133528e-05
-9.0383518509168915e-05
-8.9748419109245188e-05
-8.9190568715684468e-05
-8.8629685468267767e-05
-8.7984611404671835e-05
-8.7466938118811114e-05
-8.6877881283234202e-05
-8.6279993648096006e-05
-8.5761602838460934e-05
-8.5123355678657565e-05
-8.4588660631741827e-05
-8.4046839243994749e-05
-8.3432151256230180e-05
-8.2923190286278791e-05
-8.2331212699445142e-05
-8.1769819004632135e-05
-8.1255429456303412e-05
-8.0649200497071290e-05
-8.0144049464257137e-05
-7.9572743428369541e-05
-7.9032523056272988e-05
-7.8497561504428597e-05
-7.7931088130098213e-05
-7.7431420265689827e-05
-7.6843487364436903e-05
-7.6352908955926765e-05
-7.5801442578044418e-05
-7.5257834628865926e-05
-7.4776226669794998e-05
-7.4178202092497380e-05
-7.3719695018197932e-05
-7.3149050194741281e-05
-7.2655343889613225e-05
-7.2133047139924121e-05
-7.1607177343614370e-05
-7.1104622188673726e-05
-7.0573699812943709e-05
-7.0098085535875507e-05
-6.9537466278527083e-05
-6.9088399906764401e-05
-6.8528602118125926e-05
-6.8060793453040259e-05
-6.7538894216584951e-05
-6.7042614522810012e-05
-6.6548401046287556e-05
-6.6046315423719788e-05
-6.5559341011003127e-05
-6.5054758669758666e-05
-6.4578375069697269e-05
-6.4055044877712694e-05
-6.3612019163338586e-05
-6.3067019587506866e-05
-6.2638843419210278e-05
-6.2100801844108030e-05
-6.1666050031321007e-05
-6.1136473608750842e-05
-6.0702368414441995e-05
-6.0165958661691613e-05
-5.9749039136822269e-05
-5.9206323999902478e-05
-5.8791569839399429e-05
-5.8260718803756942e-05
-5.7836994190935869e-05
-5.7314769375650470e-05
-5.6886740294511501e-05
-5.6365013728626329e-05
-5.5946523524095341e-05
-5.5423350749893107e-05
-5.4997059419533105e-05
-5.4499628993122027e-05
-5.4048181024645030e-05
-5.3577730762843797e-05
-5.3108159974326978e-05
-5.2645553082076145e-05
-5.2173314588992236e-05
-5.1718645929328608e-05
-5.1236278296659618e-05
-5.0803146634562770e-05
-5.0295818369096399e-05
-4.9878037667748545e-05
-4.9370646628035361e-05
-4.8940226258278703e-05
-4.8459282165144112e-05
-4.7996568166605966e-05
-4.7551032444894820e-05
-4.7055870346356620e-05
-4.6635705306101605e-05
-4.6123514044417640e-05
-4.5692237880491566e-05
-4.5215010884960739e-05
-4.4754024551370958e-05
-4.4301201180758692e-05
-4.3815732056577392e-05
-4.3385952457632436e-05
-4.2876657542112855e-05
-4.2438500825512812e-05
-4.1961337021280858e-05
-4.1489844244414878e-05
-4.1045391911987398e-05
-4.0536844694293827e-05
-4.0092115975551301e-05
-3.9615098055574774e-05
-3.9135631608993247e-05
-3.8685503637861179e-05
-3.8171172183601765e-05
0.0000000000000000e+00
];
