%Vec Object:dSdr_b_aug_3820 1 MPI processes
%  type: seq
dSdr_b_aug_3820 = [
2.3569213822828788e+03
0.0000000000000000e+00
-1.0902213109122674e-06
-4.4824315257509450e-07
-2.7669661088710356e-07
-1.9552509883407679e-07
-1.4634500427145425e-07
-1.1595274402031761e-07
-9.5355048311387309e-08
-7.9841241292235308e-08
-6.8323573862241407e-08
-5.9495520195322030e-08
-5.2309125139427717e-08
-4.6488569690775471e-08
-4.1717159794150996e-08
-3.7694991517739666e-08
-3.4259421099334354e-08
-3.1328411861119896e-08
-2.8794568770682346e-08
-2.6561220712522086e-08
-8.1942185895701690e-08
-2.5742739888559585e-04
-6.8947049907784749e-04
-6.5383609463737203e-04
-6.1023256895289082e-04
-5.6811197135729023e-04
-5.2774944863211344e-04
-4.8699720147070088e-04
-4.4520021401770626e-04
-4.0055466123570574e-04
-3.6127138315660001e-04
-3.2352858625553284e-04
-2.8790798010683711e-04
-2.5034801232264443e-04
-2.1980077117043676e-04
-1.9321654849182573e-04
-1.6996429956759581e-04
-1.4800412559574363e-04
-1.3137095994559470e-04
-1.1875451349470331e-04
-1.0879037657694893e-04
-1.0075500082940533e-04
-9.5743894789535958e-05
-9.2683028022054573e-05
-9.1004935991456472e-05
-9.0599356764621336e-05
-9.1080299388200675e-05
-9.2084690223632665e-05
-9.3540630380089412e-05
-9.5506482331730617e-05
-9.7235852782490741e-05
-9.9049719331922810e-05
-1.0089474049267067e-04
-1.0266813194592227e-04
-1.0415198502995830e-04
-1.0547700967397230e-04
-1.0674487659250394e-04
-1.0776407876281777e-04
-1.0859652417895206e-04
-1.0926219449587493e-04
-1.0985654936367929e-04
-1.1023974886811379e-04
-1.1045969824733625e-04
-1.1062675625121528e-04
-1.1069310185183006e-04
-1.1062418032226799e-04
-1.1049186677345962e-04
-1.1029951869641588e-04
-1.1001865755401386e-04
-1.0967987206503166e-04
-1.0932037742341246e-04
-1.0891054376232035e-04
-1.0846677002445799e-04
-1.0795756627080692e-04
-1.0745939636953389e-04
-1.0693403303961106e-04
-1.0636011857686478e-04
-1.0581024554391938e-04
-1.0524992362864256e-04
-1.0461351682012917e-04
-1.0402508356250907e-04
-1.0343347454045104e-04
-1.0278334782757758e-04
-1.0218343418697634e-04
-1.0158728991632839e-04
-1.0089431216568992e-04
-1.0029521061618187e-04
-9.9676901751158349e-05
-9.9005030054380566e-05
-9.8407578229576506e-05
-9.7773779165791051e-05
-9.7106214660455686e-05
-9.6505707373288103e-05
-9.5851243700577731e-05
-9.5221123574155590e-05
-9.4631229918635694e-05
-9.3949541704335798e-05
-9.3349075348851673e-05
-9.2747656014038229e-05
-9.2055119888474120e-05
-9.1497488891053680e-05
-9.0866392313680898e-05
-9.0223818442576318e-05
-8.9666012599547143e-05
-8.8982203868913677e-05
-8.8406712929145400e-05
-8.7824571739236607e-05
-8.7165156846485069e-05
-8.6617515608876586e-05
-8.5981601516511041e-05
-8.5378849829335709e-05
-8.4825583487678193e-05
-8.4174025829763618e-05
-8.3631433191587459e-05
-8.3016730276627465e-05
-8.2436331983890365e-05
-8.1861508829805392e-05
-8.1251922438819663e-05
-8.0714739331180750e-05
-8.0082876576348112e-05
-7.9553997483892226e-05
-7.8961757641192451e-05
-7.8376828593486653e-05
-7.7857035533124467e-05
-7.7215363019612240e-05
-7.6720226985830899e-05
-7.6106092639854060e-05
-7.5575232613704998e-05
-7.5010980233620675e-05
-7.4445517627943407e-05
-7.3903808168461745e-05
-7.3331052805500891e-05
-7.2818630051317481e-05
-7.2214021522806890e-05
-7.1729148772507501e-05
-7.1125729841919926e-05
-7.0620641354136450e-05
-7.0057367511101016e-05
-6.9521963451283394e-05
-6.8987960883774019e-05
-6.8445568626766278e-05
-6.7920011735251931e-05
-6.7373749814845786e-05
-6.6859527617732604e-05
-6.6293803775251676e-05
-6.5813411262473920e-05
-6.5225588998094899e-05
-6.4760403784456592e-05
-6.4179081525774260e-05
-6.3708264603157670e-05
-6.3133887384512260e-05
-6.2664033972241383e-05
-6.2082611947017724e-05
-6.1630090857589618e-05
-6.1042075752271144e-05
-6.0591460319948754e-05
-6.0015756407597182e-05
-5.9555746296495571e-05
-5.8988684312241257e-05
-5.8523509616343329e-05
-5.7957367350472728e-05
-5.7500910742014398e-05
-5.6933877079873307e-05
-5.6468940006276114e-05
-5.5927791324175710e-05
-5.5436952998250785e-05
-5.4923409686276212e-05
-5.4413023727704753e-05
-5.3908188196754655e-05
-5.3393568641475814e-05
-5.2897740404251430e-05
-5.2371316416404509e-05
-5.1898384345440406e-05
-5.1344757751656786e-05
-5.0887999324704126e-05
-5.0334208442285157e-05
-4.9863420223543551e-05
-4.9337446362331820e-05
-4.8831919119587494e-05
-4.8343096100469279e-05
-4.7802544123624176e-05
-4.7341171531157638e-05
-4.6780604672747653e-05
-4.6308217305031484e-05
-4.5783805487827369e-05
-4.5279046582864212e-05
-4.4781514422519018e-05
-4.4248821717113089e-05
-4.3776435933262045e-05
-4.3217005119753190e-05
-4.2735296630134345e-05
-4.2210867394104253e-05
-4.1692113137341231e-05
-4.1203153241426464e-05
-4.0643178892854913e-05
-4.0153615242562415e-05
-3.9628075396917917e-05
-3.9099193411878377e-05
-3.8603714656516524e-05
-3.8035596971127341e-05
0.0000000000000000e+00
];
