%Vec Object:dSdr_b_aug_8410 1 MPI processes
%  type: seq
dSdr_b_aug_8410 = [
2.2881551003453801e+03
0.0000000000000000e+00
-6.8970672292533857e-07
-2.8427105370503391e-07
-1.7635733205441881e-07
-1.2486210587686564e-07
-9.3213363424020970e-08
-7.3645226234366216e-08
-6.0384618970484530e-08
-5.0436006238820884e-08
-4.3049522170152433e-08
-3.7386647190850194e-08
-3.2783500638786850e-08
-2.9056191461962949e-08
-2.6000429367231858e-08
-2.3425576629198541e-08
-2.1227414110217279e-08
-3.2497157283284786e-08
-3.3593769139621986e-04
-7.8266396386987742e-04
-7.4158557923411424e-04
-7.0278395875222465e-04
-6.6477091020206451e-04
-6.2689735049550259e-04
-5.8485294542964675e-04
-5.4425421350149099e-04
-5.0532000791161545e-04
-4.6599144257876982e-04
-4.2562878086717257e-04
-3.8247530414864113e-04
-3.4449765685943011e-04
-3.0798852354546212e-04
-2.7351671134081342e-04
-2.3715534414597643e-04
-2.0757686048267660e-04
-1.8183010393229236e-04
-1.5930815074877990e-04
-1.3803889066004078e-04
-1.2192950402528260e-04
-1.0971258540478726e-04
-1.0007240196281301e-04
-9.2305853193127779e-05
-8.7472820047822662e-05
-8.4534519270909164e-05
-8.2940074664730184e-05
-8.2585167337447457e-05
-8.3091141621945394e-05
-8.4106462718265231e-05
-8.5561481893177044e-05
-8.7520810342426152e-05
-8.9245486554751652e-05
-9.1052023168225525e-05
-9.2893192428625612e-05
-9.4667768941593741e-05
-9.6156587415999786e-05
-9.7492625869256358e-05
-9.8779274265500418e-05
-9.9820041566813891e-05
-1.0067762173457401e-04
-1.0137512462422997e-04
-1.0200680325342828e-04
-1.0242797530000558e-04
-1.0269015852201291e-04
-1.0290795008390156e-04
-1.0302076660267952e-04
-1.0300118670601327e-04
-1.0292359258405144e-04
-1.0278767110346471e-04
-1.0256154050168479e-04
-1.0228059099457602e-04
-1.0198272804569789e-04
-1.0162983207646810e-04
-1.0124324702027322e-04
-1.0080182710454121e-04
-1.0036208837764149e-04
-9.9894803118815594e-05
-9.9389733342141698e-05
-9.8897992705653586e-05
-9.8395583942021523e-05
-9.7829714890020487e-05
-9.7299582240412111e-05
-9.6766914716921051e-05
-9.6185331971148529e-05
-9.5643397403937753e-05
-9.5105650838939266e-05
-9.4481849800659657e-05
-9.3940494150940217e-05
-9.3381329049062824e-05
-9.2775771225452497e-05
-9.2235107371352857e-05
-9.1661382837937122e-05
-9.1058563195263532e-05
-9.0514355565813020e-05
-8.9921647254910213e-05
-8.9352280816221670e-05
-8.8817720640922465e-05
-8.8199794881079415e-05
-8.7657653648712377e-05
-8.7111712875982407e-05
-8.6484134350264116e-05
-8.5981190337313065e-05
-8.5407630254593541e-05
-8.4826214925829416e-05
-8.4322353343873946e-05
-8.3700901157624517e-05
-8.3181244352816330e-05
-8.2654285709857545e-05
-8.2056085019730597e-05
-8.1561382426818918e-05
-8.0985600779293716e-05
-8.0439452528322140e-05
-7.9939393800458668e-05
-7.9349873972727009e-05
-7.8858524719110945e-05
-7.8303215704352735e-05
-7.7777805776005053e-05
-7.7257538066081324e-05
-7.6706957074891717e-05
-7.6221118133871338e-05
-7.5649378719270347e-05
-7.5172918764352661e-05
-7.4636482360174842e-05
-7.4108106254191578e-05
-7.3640574142218976e-05
-7.3058639130326494e-05
-7.2613634275599075e-05
-7.2059020622674842e-05
-7.1579009975268523e-05
-7.1072178970288161e-05
-7.0560903931894182e-05
-7.0072781892444998e-05
-6.9557280052129204e-05
-6.9095234167839133e-05
-6.8550830298235330e-05
-6.8114962923881208e-05
-6.7571244822312699e-05
-6.7117178297499433e-05
-6.6610530626515682e-05
-6.6128673010963285e-05
-6.5649126644371105e-05
-6.5161898909149910e-05
-6.4689146822701597e-05
-6.4199928465276328e-05
-6.3737492980151143e-05
-6.3229789993465610e-05
-6.2800538478347031e-05
-6.2271324259781285e-05
-6.1856790414609210e-05
-6.1334703022866192e-05
-6.0913245577451147e-05
-6.0400183683594584e-05
-5.9979256042588738e-05
-5.9459438772278616e-05
-5.9055642740084134e-05
-5.8529626135328700e-05
-5.8128091199941401e-05
-5.7613773887499147e-05
-5.7203424877287752e-05
-5.6697727993376881e-05
-5.6283391570512197e-05
-5.5778037571497793e-05
-5.5373542583696275e-05
-5.4866537858313280e-05
-5.4454492161153293e-05
-5.3973177203439930e-05
-5.3536249345688665e-05
-5.3081684084910899e-05
-5.2627158619650078e-05
-5.2180118083301545e-05
-5.1723502129983121e-05
-5.1284005741620177e-05
-5.0817878191267087e-05
-5.0399417774415983e-05
-4.9909156022247726e-05
-4.9505743297848396e-05
-4.9015456180606782e-05
-4.8599916204144474e-05
-4.8135570979439679e-05
-4.7688638781338129e-05
-4.7259059594932731e-05
-4.6780629073806822e-05
-4.6375653899624032e-05
-4.5881294777729417e-05
-4.5465172917553173e-05
-4.5005339059475605e-05
-4.4560487993945824e-05
-4.4124144949399834e-05
-4.3656083087696428e-05
-4.3242008588463996e-05
-4.2751194256882997e-05
-4.2329090896334039e-05
-4.1869349117021664e-05
-4.1415276505817648e-05
-4.0987228542146768e-05
-4.0497635279268225e-05
-4.0069428424350201e-05
-3.9610287092316969e-05
-3.9149015554505533e-05
-3.8715545983657947e-05
-3.8220724681147661e-05
0.0000000000000000e+00
];
