%Vec Object:dSdr_b_aug_4080 1 MPI processes
%  type: seq
dSdr_b_aug_4080 = [
2.3490162051034763e+03
0.0000000000000000e+00
-1.0341910080948219e-06
-4.2619108962478554e-07
-2.6380911968720716e-07
-1.8687584025763872e-07
-1.4014081735947139e-07
-1.1125483356911615e-07
-9.1676220540067132e-08
-7.6925289721829750e-08
-6.5972388966009360e-08
-5.7576734775051381e-08
-5.0738778983534587e-08
-4.5199255420777273e-08
-4.0657876883475302e-08
-3.6828385273767922e-08
-3.3556111093169513e-08
-3.0764203276177215e-08
-2.8350291283834794e-08
-2.6270752423952829e-08
-2.1736918199239009e-06
-6.1389525357532940e-04
-6.8987759402676775e-04
-6.5182503376333759e-04
-6.0830133435192592e-04
-5.6629568632737251e-04
-5.2604187441948657e-04
-4.8539801241458212e-04
-4.4371022154816148e-04
-3.9917826200754389e-04
-3.5999438290849103e-04
-3.2234550605458022e-04
-2.8681235874359305e-04
-2.4934364163228448e-04
-2.1887015296586491e-04
-1.9234968743029473e-04
-1.6915303665998617e-04
-1.4724546264081306e-04
-1.3065217279673548e-04
-1.1806614278356968e-04
-1.0812666875224682e-04
-1.0011175905529653e-04
-9.5114209863780879e-05
-9.2062674147112104e-05
-9.0390950257437523e-05
-8.9989228711350120e-05
-9.0472076999030128e-05
-9.1477299945801505e-05
-9.2933169967516176e-05
-9.4898525259888547e-05
-9.6627538316720866e-05
-9.8440846814983139e-05
-1.0028557471199880e-04
-1.0205905637145266e-04
-1.0354328746311193e-04
-1.0486915058774039e-04
-1.0613844734810210e-04
-1.0715929128331983e-04
-1.0799365022380413e-04
-1.0866174397754447e-04
-1.0925894035537438e-04
-1.0964503083144955e-04
-1.0986819556865650e-04
-1.1003911596471280e-04
-1.1010899943872748e-04
-1.1004383433322445e-04
-1.0991568662550031e-04
-1.0972763435822266e-04
-1.0945093990336333e-04
-1.0911655752242577e-04
-1.0876175496023464e-04
-1.0835625601972033e-04
-1.0791683611067253e-04
-1.0741279280578751e-04
-1.0691907132573884e-04
-1.0639812953503055e-04
-1.0582945628478512e-04
-1.0528400892704623e-04
-1.0472809599573984e-04
-1.0409705929509549e-04
-1.0351306451902957e-04
-1.0292594277022301e-04
-1.0228103437623453e-04
-1.0168553473861205e-04
-1.0109383634186885e-04
-1.0040612508180531e-04
-9.9811419783696922e-05
-9.9197613590839737e-05
-9.8530790433955370e-05
-9.7937661932572835e-05
-9.7308436401340057e-05
-9.6645800985678047e-05
-9.6049579846291155e-05
-9.5399817669637306e-05
-9.4774322780839869e-05
-9.4188641717153889e-05
-9.3511807800985791e-05
-9.2915781794160782e-05
-9.2318586096500169e-05
-9.1630995256776544e-05
-9.1077527632952340e-05
-9.0450811366682367e-05
-8.9812893558215037e-05
-8.9259194547380844e-05
-8.8580133084575758e-05
-8.8008892855084953e-05
-8.7430952769452711e-05
-8.6776198177040286e-05
-8.6232587213264163e-05
-8.5601251066012594e-05
-8.5002808657039778e-05
-8.4453593066257399e-05
-8.3806758412528529e-05
-8.3268066986603902e-05
-8.2657885790896759e-05
-8.2081673819615301e-05
-8.1511004028397054e-05
-8.0905909779941296e-05
-8.0372635557521049e-05
-7.9745350055310141e-05
-7.9220461686827919e-05
-7.8632470218450740e-05
-7.8051846605578843e-05
-7.7536032226345261e-05
-7.6898907591628149e-05
-7.6407588097689527e-05
-7.5797985124838603e-05
-7.5270996316035183e-05
-7.4711115486097637e-05
-7.4149778237660727e-05
-7.3612148445719176e-05
-7.3043751854522080e-05
-7.2535164345745545e-05
-7.1935139262286620e-05
-7.1453997344463562e-05
-7.0855123502178412e-05
-7.0353919372033143e-05
-6.9794956540919175e-05
-6.9263629030443650e-05
-6.8733772273170293e-05
-6.8195579751807657e-05
-6.7674042948574265e-05
-6.7132123817598434e-05
-6.6621844200828991e-05
-6.6060537550652890e-05
-6.5584038459886887e-05
-6.5000678091871073e-05
-6.4539349024939172e-05
-6.3962536383862329e-05
-6.3495477255788493e-05
-6.2925768042915953e-05
-6.2459639407622558e-05
-6.1882907423788428e-05
-6.1434095831791404e-05
-6.0850800745290281e-05
-6.0403921871607925e-05
-5.9832891394800969e-05
-5.9376662045781907e-05
-5.8814271861869100e-05
-5.8352967549086938e-05
-5.7791453170572407e-05
-5.7338952468847986e-05
-5.6776488887837968e-05
-5.6315578506752023e-05
-5.5778985046782139e-05
-5.5292251001036435e-05
-5.4783197771277267e-05
-5.4277064554151740e-05
-5.3776629042394604e-05
-5.3266425390387196e-05
-5.2774885786994236e-05
-5.2253052264483610e-05
-5.1784267215699381e-05
-5.1235464696069141e-05
-5.0782767580463975e-05
-5.0233811359168123e-05
-4.9767229306280195e-05
-4.9245947364806266e-05
-4.8744881100306695e-05
-4.8260568462840746e-05
-4.7724745957423570e-05
-4.7267667074229757e-05
-4.6712140814681553e-05
-4.6244037156132032e-05
-4.5724541913292619e-05
-4.5224344078518816e-05
-4.4731470580558220e-05
-4.4203698622977011e-05
-4.3735752554214055e-05
-4.3181546117899653e-05
-4.2704376120299453e-05
-4.2184872535618547e-05
-4.1671043844350915e-05
-4.1186723089638833e-05
-4.0632109759717991e-05
-4.0147221904706504e-05
-3.9626745503488528e-05
-3.9103028844214745e-05
-3.8612321927134915e-05
-3.8050056876155658e-05
0.0000000000000000e+00
];
