%Vec Object:dSdr_b_aug_8640 1 MPI processes
%  type: seq
dSdr_b_aug_8640 = [
2.2831224320281722e+03
0.0000000000000000e+00
-6.6926561288853775e-07
-2.7649701989445595e-07
-1.7198678817961965e-07
-1.2208016923436591e-07
-9.1351957699693670e-08
-7.2350247153696794e-08
-5.9472206565102131e-08
-4.9804941093036345e-08
-4.2626381985246833e-08
-3.7122803712139510e-08
-3.2646317729931527e-08
-2.9020810200289250e-08
-2.6048432825911772e-08
-2.3543020835407778e-08
-2.1403655359958189e-08
-2.0065217325033115e-07
-6.0967251801896845e-04
-7.8205042576656801e-04
-7.4058924226583591e-04
-7.0183457664286250e-04
-6.6386937096111706e-04
-6.2604255642312778e-04
-5.8404955454946094e-04
-5.4349904266205132e-04
-5.0461004910453420e-04
-4.6532654763146568e-04
-4.2500928663541908e-04
-3.8190303860489896e-04
-3.4396671845007609e-04
-3.0749663429457117e-04
-2.7306118487116184e-04
-2.3673775699291604e-04
-2.0718993741978834e-04
-1.8146968919387828e-04
-1.5897085224281099e-04
-1.3772346165779641e-04
-1.2163065420144597e-04
-1.0942638183184760e-04
-9.9796452482684735e-05
-9.2038412884521401e-05
-8.7211016264873741e-05
-8.4276595049337445e-05
-8.2684798112753061e-05
-8.2331494678507326e-05
-8.2838261264817894e-05
-8.3853928311587633e-05
-8.5308918310144212e-05
-8.7268040247077567e-05
-8.8992567850910531e-05
-9.0798872429325445e-05
-9.2639919746301505e-05
-9.4414533752259846e-05
-9.5903509379858300e-05
-9.7239896438041333e-05
-9.8527139310298080e-05
-9.9568589199766009e-05
-1.0042696494573794e-04
-1.0112547542057444e-04
-1.0175833544821765e-04
-1.0218070942977630e-04
-1.0244422947137660e-04
-1.0266362689654924e-04
-1.0277791435374736e-04
-1.0275989626257849e-04
-1.0268403416963109e-04
-1.0254989875535648e-04
-1.0232550053492406e-04
-1.0204638170600267e-04
-1.0175046958097451e-04
-1.0139937585675897e-04
-1.0101460099018143e-04
-1.0057532663275918e-04
-1.0013743742440798e-04
-9.9671990507628610e-05
-9.9169099868610044e-05
-9.8679199293962580e-05
-9.8178623652405320e-05
-9.7614987329232183e-05
-9.7086700066152114e-05
-9.6555898215278915e-05
-9.5976485089262152e-05
-9.5436385731247967e-05
-9.4900487626450275e-05
-9.4278876236459592e-05
-9.3739348415468912e-05
-9.3182055389023531e-05
-9.2578596596372910e-05
-9.2039730250000217e-05
-9.1467907253684462e-05
-9.0867136978325231e-05
-9.0324711400071119e-05
-8.9733957829890045e-05
-8.9166514425942362e-05
-8.8633705719630686e-05
-8.8017798231092114e-05
-8.7477503162236976e-05
-8.6933318450869694e-05
-8.6307796026514316e-05
-8.5806583019248627e-05
-8.5234844139196712e-05
-8.4655364663250966e-05
-8.4153210580554613e-05
-8.3533732167627295e-05
-8.3015842682338708e-05
-8.2490630734248987e-05
-8.1894367659004870e-05
-8.1401340734798641e-05
-8.0827462461393620e-05
-8.0283105880844989e-05
-7.9784731335505495e-05
-7.9197175193215235e-05
-7.8707447948473484e-05
-7.8154018930960773e-05
-7.7630349551489493e-05
-7.7111808687264425e-05
-7.6563095396252101e-05
-7.6078881654495517e-05
-7.5509045326456941e-05
-7.5034244596996656e-05
-7.4499574541652839e-05
-7.3972988508667204e-05
-7.3507110615226627e-05
-7.2927066477347324e-05
-7.2483648427753403e-05
-7.1930918786421521e-05
-7.1452517677524430e-05
-7.0947504234596294e-05
-7.0437944398698705e-05
-6.9951518565355487e-05
-6.9437828974409821e-05
-6.8977377672934295e-05
-6.8434879465383130e-05
-6.8000563262200268e-05
-6.7458734875262548e-05
-6.7006283353034966e-05
-6.6501428074854907e-05
-6.6021265369692512e-05
-6.5543442710191036e-05
-6.5057961102763372e-05
-6.4586880452219468e-05
-6.4099467700378938e-05
-6.3638671425939562e-05
-6.3132804979608271e-05
-6.2705172236889359e-05
-6.2177813145663607e-05
-6.1764882575289016e-05
-6.1244670152362177e-05
-6.0824775090309690e-05
-6.0313654018726956e-05
-5.9894275033827377e-05
-5.9376407748140355e-05
-5.8974154019751923e-05
-5.8450099863941407e-05
-5.8050118484237858e-05
-5.7537744253515514e-05
-5.7128967178219958e-05
-5.6625212696957101e-05
-5.6212485471692120e-05
-5.5709055618595685e-05
-5.5306205387601676e-05
-5.4801100775225315e-05
-5.4390729266766732e-05
-5.3911308245505671e-05
-5.3476086836740016e-05
-5.3023388430845753e-05
-5.2570631142262381e-05
-5.2125420017435565e-05
-5.1670640081037867e-05
-5.1232926796144814e-05
-5.0768707843482029e-05
-5.0351971655586895e-05
-4.9863715632699577e-05
-4.9461991505652883e-05
-4.8973714524603947e-05
-4.8559923377644021e-05
-4.8097528948344547e-05
-4.7652451531323586e-05
-4.7224747671521795e-05
-4.6748283574433250e-05
-4.6345093654276152e-05
-4.5852830330451552e-05
-4.5438489586604264e-05
-4.4980699985357004e-05
-4.4537745385825840e-05
-4.4103339405161088e-05
-4.3637323603930479e-05
-4.3225095203642604e-05
-4.2736453263683794e-05
-4.2316237196187279e-05
-4.1858543786335037e-05
-4.1406519669380000e-05
-4.0980401367517324e-05
-4.0493038337706450e-05
-4.0066777618994572e-05
-3.9609745273291349e-05
-3.9150629277772160e-05
-3.8719165933969412e-05
-3.8226895502788876e-05
0.0000000000000000e+00
];
