%Vec Object:dSdr_b_aug_2650 1 MPI processes
%  type: seq
dSdr_b_aug_2650 = [
2.3868421847368058e+03
0.0000000000000000e+00
-1.3453303816322182e-06
-5.5318768635143774e-07
-3.4109291556341136e-07
-2.4115179934975819e-07
-1.8100258088349539e-07
-1.4383842072897102e-07
-1.1864848881411742e-07
-9.9628197126051443e-08
-8.5506064178241823e-08
-7.4682457297114379e-08
-6.5860906582291568e-08
-5.8713587051721747e-08
-5.2854320268307309e-08
-4.7912619533835449e-08
-4.3689013307494767e-08
-4.0085451598088567e-08
-3.6969674343190150e-08
-3.4219548672356396e-08
-3.1810233063170066e-08
-3.1333949800403209e-08
-1.6591501796064493e-05
-6.1776485412922853e-04
-6.2041752864751970e-04
-5.7859056745356691e-04
-5.3762729498281492e-04
-4.9624909111644299e-04
-4.5382041694570904e-04
-4.0851768606994365e-04
-3.6865934556113073e-04
-3.3037318375230202e-04
-2.9424659336095305e-04
-2.5615870413624213e-04
-2.2518477551035246e-04
-1.9823169240331897e-04
-1.7465778606267485e-04
-1.5239330050788414e-04
-1.3552943747971967e-04
-1.2273701981478226e-04
-1.1263019823533154e-04
-1.0447641816519561e-04
-9.9386880216467151e-05
-9.6272029416498780e-05
-9.4557094937589375e-05
-9.4129197247786416e-05
-9.4599114592195562e-05
-9.5598691080923040e-05
-9.7055036746527545e-05
-9.9023761826000210e-05
-1.0075519972151821e-04
-1.0257229460935214e-04
-1.0441901222062000e-04
-1.0619188161189744e-04
-1.0767354760383933e-04
-1.0899372114780871e-04
-1.1025331571559842e-04
-1.1126301948701795e-04
-1.1208439427708694e-04
-1.1273604392970234e-04
-1.1331395955209187e-04
-1.1368043406151741e-04
-1.1388178152640971e-04
-1.1402649385060694e-04
-1.1407237125331993e-04
-1.1398171713362491e-04
-1.1382530236254168e-04
-1.1360810115049426e-04
-1.1330313390501446e-04
-1.1293887453322089e-04
-1.1255223420017328e-04
-1.1211732231773795e-04
-1.1164835981578211e-04
-1.1110930069104977e-04
-1.1058539484295690e-04
-1.1003445109160165e-04
-1.0943021407202840e-04
-1.0885473669286184e-04
-1.0826890699857469e-04
-1.0760143192720238e-04
-1.0698732023842128e-04
-1.0636975050713552e-04
-1.0568943369558644e-04
-1.0506398324614940e-04
-1.0444211778164903e-04
-1.0371867124351132e-04
-1.0309413558856885e-04
-1.0244977693241060e-04
-1.0174869738285866e-04
-1.0112623337295767e-04
-1.0046597456531404e-04
-9.9769893277086333e-05
-9.9144588883252530e-05
-9.8462925149287210e-05
-9.7806046147585826e-05
-9.7191780938279184e-05
-9.6482008643818709e-05
-9.5855853071529116e-05
-9.5229998283316315e-05
-9.4508851679260262e-05
-9.3927133878111244e-05
-9.3270695451144121e-05
-9.2601184421431431e-05
-9.2019618937613497e-05
-9.1308345391484389e-05
-9.0708262420193471e-05
-9.0101816190034988e-05
-8.9415439625548581e-05
-8.8844481671360409e-05
-8.8182082366446133e-05
-8.7554399812909744e-05
-8.6977698289279580e-05
-8.6298816196902009e-05
-8.5733653519293261e-05
-8.5092790685268308e-05
-8.4488172884642266e-05
-8.3889320902255638e-05
-8.3253745708553850e-05
-8.2693948175512121e-05
-8.2035604224722336e-05
-8.1483637239234964e-05
-8.0866818895232055e-05
-8.0256981229649154e-05
-7.9714169952919945e-05
-7.9046186189937629e-05
-7.8528969994794032e-05
-7.7888619894172245e-05
-7.7335363379329289e-05
-7.6745819887430569e-05
-7.6156490496268555e-05
-7.5591178586222391e-05
-7.4993206045712778e-05
-7.4458594924769073e-05
-7.3827469399130320e-05
-7.3321012356976470e-05
-7.2691298343541128e-05
-7.2163737365230594e-05
-7.1575522669942393e-05
-7.1016534220379128e-05
-7.0458546564420576e-05
-6.9891857242624636e-05
-6.9343042621667077e-05
-6.8771656020889381e-05
-6.8234624516655713e-05
-6.7643345552726952e-05
-6.7140428141929757e-05
-6.6526792136020006e-05
-6.6039297687118387e-05
-6.5431885611768548e-05
-6.4939328472983333e-05
-6.4337945111721907e-05
-6.3846542517036678e-05
-6.3237986880073353e-05
-6.2764005022201904e-05
-6.2148682892005221e-05
-6.1676450150335624e-05
-6.1073708736621233e-05
-6.0591825604510237e-05
-5.9997735603582037e-05
-5.9510169419931295e-05
-5.8917253221213168e-05
-5.8437910368125485e-05
-5.7844437241096205e-05
-5.7356204437881775e-05
-5.6788702297806626e-05
-5.6274119415560817e-05
-5.5734599557178087e-05
-5.5199610194244136e-05
-5.4669319232371692e-05
-5.4129152390059694e-05
-5.3608513212811027e-05
-5.3055532121142382e-05
-5.2558608493861520e-05
-5.1977073399858064e-05
-5.1496819424174825e-05
-5.0915058952065834e-05
-5.0419937328814493e-05
-4.9866819905580678e-05
-4.9335485323281801e-05
-4.8820569304500728e-05
-4.8252657008936430e-05
-4.7766445372925283e-05
-4.7176718721638401e-05
-4.6679550799402844e-05
-4.6126697498573518e-05
-4.5595554389888285e-05
-4.5071074120639059e-05
-4.4509917978264899e-05
-4.4011852931603569e-05
-4.3422205009386276e-05
-4.2914249862685890e-05
-4.2361337589965832e-05
-4.1814106040028554e-05
-4.1298334263813159e-05
-4.0707386076015831e-05
-4.0190839259443130e-05
-3.9636129259323186e-05
-3.9077627685836649e-05
-3.8555284238359086e-05
-3.7957257622544028e-05
0.0000000000000000e+00
];
