%Vec Object:dSdr_b_aug_4670 1 MPI processes
%  type: seq
dSdr_b_aug_4670 = [
2.3404777139796538e+03
0.0000000000000000e+00
-9.7689751825370735e-07
-4.0301638108382584e-07
-2.4982576389371875e-07
-1.7716261838632350e-07
-1.3292650223638731e-07
-1.0558208304695494e-07
-8.7047704136937168e-08
-7.3086214127651629e-08
-6.2718812449463608e-08
-5.4771594051074094e-08
-4.8298332628894600e-08
-4.3053913376055456e-08
-3.8754283155651421e-08
-3.5128303609049792e-08
-3.2029582471764445e-08
-2.9385638617104778e-08
-2.7099560267108415e-08
-2.7502931041661606e-08
-6.8061599577599698e-05
-7.1803572103703304e-04
-6.8611902093591284e-04
-6.4722539271169224e-04
-6.0396013001403671e-04
-5.6221461135040455e-04
-5.2220511943668914e-04
-4.8180479061804706e-04
-4.4036235392883651e-04
-3.9608562729090614e-04
-3.5712508797045153e-04
-3.1968724026630791e-04
-2.8435060439837114e-04
-2.4708691860648654e-04
-2.1677914454825418e-04
-1.9040193506413854e-04
-1.6733020789495026e-04
-1.4554082080935003e-04
-1.2903712799105523e-04
-1.1651944073279115e-04
-1.0663538179263360e-04
-9.8666457309636143e-05
-9.3699369036714448e-05
-9.0668799288941491e-05
-8.9011384002094017e-05
-8.8618330302760794e-05
-8.9105460447797439e-05
-9.0112553083919518e-05
-9.1568265536344813e-05
-9.3532504900424501e-05
-9.5260714942878126e-05
-9.7072769568936132e-05
-9.8916838544229943e-05
-1.0069052290043107e-04
-1.0217560334927030e-04
-1.0350335046804807e-04
-1.0477586001955472e-04
-1.0580039295135254e-04
-1.0663905149878964e-04
-1.0731259057666349e-04
-1.0791617156756469e-04
-1.0830875756348195e-04
-1.0853914676021531e-04
-1.0871874557867306e-04
-1.0879657831283189e-04
-1.0873985352908179e-04
-1.0862106606283630e-04
-1.0844266606384086e-04
-1.0817533375202463e-04
-1.0785084472757297e-04
-1.0750658481227888e-04
-1.0711082556809041e-04
-1.0668118828946325e-04
-1.0618874001105549e-04
-1.0570501370114843e-04
-1.0519400667922946e-04
-1.0463710992324009e-04
-1.0410160662727378e-04
-1.0355560025403119e-04
-1.0293662966270196e-04
-1.0236260772270466e-04
-1.0178556844009509e-04
-1.0115238510015411e-04
-1.0056680329745133e-04
-9.9985094346453771e-05
-9.9309216377293748e-05
-9.8724389027828884e-05
-9.8120699900671276e-05
-9.7465220320655968e-05
-9.6881805905757299e-05
-9.6262856656413430e-05
-9.5611296424598006e-05
-9.5024705841504945e-05
-9.4385507468025878e-05
-9.3770405037150323e-05
-9.3194189256604016e-05
-9.2528262474799280e-05
-9.1942213498323534e-05
-9.1354507901454679e-05
-9.0678028636500074e-05
-9.0133915707114220e-05
-8.9517041571034352e-05
-8.8889585477921009e-05
-8.8345114115338593e-05
-8.7676719296916577e-05
-8.7115029995582822e-05
-8.6546529378165986e-05
-8.5902246022599637e-05
-8.5367690687721830e-05
-8.4746640733049115e-05
-8.4157880848303803e-05
-8.3617766896194263e-05
-8.2981544368357314e-05
-8.2451618582311025e-05
-8.1851597244843587e-05
-8.1284791525774370e-05
-8.0723453931945139e-05
-8.0128453085558793e-05
-7.9603961743020133e-05
-7.8986960876734156e-05
-7.8471039271683251e-05
-7.7892593481718812e-05
-7.7321643756527429e-05
-7.6814769081365379e-05
-7.6187863081959899e-05
-7.5705118976235013e-05
-7.5105697551901556e-05
-7.4587406986107585e-05
-7.4037348597793572e-05
-7.3485280619578564e-05
-7.2956817437422761e-05
-7.2398214575683834e-05
-7.1898244483800821e-05
-7.1308517948332162e-05
-7.0835758841471507e-05
-7.0247097362986034e-05
-6.9754620999376254e-05
-6.9205344584960215e-05
-6.8683176676575015e-05
-6.8162635143585880e-05
-6.7633879011390715e-05
-6.7121374947000040e-05
-6.6589213632483715e-05
-6.6087792601261268e-05
-6.5536410942858617e-05
-6.5068659983125382e-05
-6.4495325051791851e-05
-6.4042660361190420e-05
-6.3475980380988859e-05
-6.3017364640693870e-05
-6.2458143970506690e-05
-6.2000384534785364e-05
-6.1434190604416116e-05
-6.0993713879248620e-05
-6.0421024201306909e-05
-5.9982540997022763e-05
-5.9422011259271443e-05
-5.8974276898861433e-05
-5.8422383778152111e-05
-5.7969775821813463e-05
-5.7418659836260437e-05
-5.6975047651979126e-05
-5.6422852576483387e-05
-5.5970989758831596e-05
-5.5444631414746632e-05
-5.4967119260895570e-05
-5.4468154780427042e-05
-5.3971577028950862e-05
-5.3481027899117036e-05
-5.2980746316232864e-05
-5.2498842817009093e-05
-5.1987323580846243e-05
-5.1527856441397879e-05
-5.0989893095547273e-05
-5.0546321295808745e-05
-5.0008228024876988e-05
-4.9551096748653848e-05
-4.9040357016629657e-05
-4.8549314049163335e-05
-4.8075135702137173e-05
-4.7549939746065783e-05
-4.7102508281847821e-05
-4.6558307607446178e-05
-4.6099828853487784e-05
-4.5591380469458840e-05
-4.5101430671423261e-05
-4.4619024439993216e-05
-4.4102308562034524e-05
-4.3644337652887581e-05
-4.3101869310712607e-05
-4.2634896122922678e-05
-4.2126459006330343e-05
-4.1623696212720380e-05
-4.1149797187748575e-05
-4.0607226537444856e-05
-4.0132839825706504e-05
-3.9623731545715873e-05
-3.9111601779522730e-05
-3.8631562899753139e-05
-3.8082161001884397e-05
0.0000000000000000e+00
];
