%Vec Object:dSdr_b_aug_8270 1 MPI processes
%  type: seq
dSdr_b_aug_8270 = [
2.2909099744973059e+03
0.0000000000000000e+00
-7.0367138928180406e-07
-2.9066664491252230e-07
-1.8072856178239970e-07
-1.2827391831852038e-07
-9.6022017493028239e-08
-7.6079029393761545e-08
-6.2562819148374306e-08
-5.2411926085162952e-08
-4.4874236640278337e-08
-3.9095441276228057e-08
-3.4394218786305787e-08
-3.0586538446713648e-08
-2.7464816648169430e-08
-2.4833351658011885e-08
-2.2585745803412927e-08
-2.3918642577147993e-08
-1.9402691050909271e-04
-7.8292172342708604e-04
-7.4223426867393231e-04
-7.0340299747508625e-04
-6.6535876235728625e-04
-6.2745472241902483e-04
-5.8537679972421001e-04
-5.4474662575303417e-04
-5.0578293950374691e-04
-4.6642499013514646e-04
-4.2603272474722053e-04
-3.8284845242822160e-04
-3.4484385766282407e-04
-3.0830926223794392e-04
-2.7381373958606142e-04
-2.3742763397302649e-04
-2.0782915571942838e-04
-1.8206511435760243e-04
-1.5952808829102009e-04
-1.3824456805184286e-04
-1.2212437093224625e-04
-1.0989920629476224e-04
-1.0025233664340491e-04
-9.2480239440113728e-05
-8.7643530965295332e-05
-8.4702700483885621e-05
-8.3106529426157022e-05
-8.2750576239725917e-05
-8.3256033863297573e-05
-8.4271129343346993e-05
-8.5726167504639254e-05
-8.7685630573068057e-05
-8.9410403651898635e-05
-9.1217091532262107e-05
-9.3058340275965177e-05
-9.4832892313562669e-05
-9.6321608290160689e-05
-9.7657419411064571e-05
-9.8943680155482450e-05
-9.9984002353043592e-05
-1.0084106374307833e-04
-1.0153790961647871e-04
-1.0216881789511733e-04
-1.0258920620130842e-04
-1.0285051773231895e-04
-1.0306726217298999e-04
-1.0317911954951419e-04
-1.0315852126129929e-04
-1.0307979775357778e-04
-1.0294271165272837e-04
-1.0271545143654712e-04
-1.0243330822088710e-04
-1.0213417322251940e-04
-1.0178010208552991e-04
-1.0139233668145447e-04
-1.0094951774019827e-04
-1.0050857302166860e-04
-1.0004008905926284e-04
-9.9533598362246304e-05
-9.9040657901353229e-05
-9.8537053838439588e-05
-9.7969728922701668e-05
-9.7438392977309112e-05
-9.6904508930593610e-05
-9.6321511472130005e-05
-9.5778380245838861e-05
-9.5239428381479433e-05
-9.4614199571442433e-05
-9.4071652075595195e-05
-9.3511266276513947e-05
-9.2904339768863723e-05
-9.2362503839862241e-05
-9.1787539399106199e-05
-9.1183383456030964e-05
-9.0638013830616470e-05
-9.0044030921078923e-05
-8.9473410557919437e-05
-8.8937708328178778e-05
-8.8318466544629146e-05
-8.7775121512207772e-05
-8.7228035690803719e-05
-8.6599116474490563e-05
-8.6095043750680984e-05
-8.5520296147417551e-05
-8.4937618543705747e-05
-8.4432643585452774e-05
-8.3809904398262142e-05
-8.3289095211371388e-05
-8.2760997634838212e-05
-8.2161533521245183e-05
-8.1665738307724444e-05
-8.1088715563797215e-05
-8.0541399053232976e-05
-8.0040242153731054e-05
-7.9449441903739720e-05
-7.8957035019242006e-05
-7.8400500151726575e-05
-7.7873955298400922e-05
-7.7352561598849958e-05
-7.6800762773646569e-05
-7.6313864122195700e-05
-7.5740883800201904e-05
-7.5263341948303929e-05
-7.4725753797273800e-05
-7.4196210475269652e-05
-7.3727599731668170e-05
-7.3144431776650502e-05
-7.2698392247827536e-05
-7.2142550126903858e-05
-7.1661489982587087e-05
-7.1153473838635797e-05
-7.0641080405452401e-05
-7.0151852358107773e-05
-6.9635168843877132e-05
-6.9172083216104710e-05
-6.8626436763282134e-05
-6.8189557952784636e-05
-6.7644607667330305e-05
-6.7189488085768684e-05
-6.6681671690679064e-05
-6.6198708915175022e-05
-6.5718038612058493e-05
-6.5229672321415319e-05
-6.4755830383175807e-05
-6.4265434688794043e-05
-6.3801930365547861e-05
-6.3293029872154696e-05
-6.2862722846984399e-05
-6.2332299003607124e-05
-6.1916719755153747e-05
-6.1393409802546213e-05
-6.0970933619146207e-05
-6.0456606226313295e-05
-6.0034668800205417e-05
-5.9513580058963560e-05
-5.9108778385979767e-05
-5.8581482185509769e-05
-5.8178934275320605e-05
-5.7663349998670379e-05
-5.7251976032756317e-05
-5.6745012630982902e-05
-5.6329626959119450e-05
-5.5823018350931225e-05
-5.5417450932224911e-05
-5.4909207273631390e-05
-5.4496069960096894e-05
-5.4013520102699331e-05
-5.3575479600336402e-05
-5.3119697105937371e-05
-5.2664018755040939e-05
-5.2215785409635767e-05
-5.1757972345986679e-05
-5.1317313355885338e-05
-5.0849941382428790e-05
-5.0430356768323919e-05
-4.9938787276172072e-05
-4.9534273608116568e-05
-4.9042675900736241e-05
-4.8625995733062704e-05
-4.8160378642505838e-05
-4.7712237204501965e-05
-4.7281435404530705e-05
-4.6801722898989843e-05
-4.6395583904661214e-05
-4.5899858515667630e-05
-4.5482575625903635e-05
-4.5021409221779850e-05
-4.4575322057562679e-05
-4.4137716545002872e-05
-4.3668321280703616e-05
-4.3253043940930166e-05
-4.2760814261110521e-05
-4.2337481792511185e-05
-4.1876406383177377e-05
-4.1421000825299310e-05
-4.0991698615649042e-05
-4.0500657213045157e-05
-4.0071191312857737e-05
-3.9610692866784232e-05
-3.9148054257766132e-05
-3.8713384712552803e-05
-3.8217475838148862e-05
0.0000000000000000e+00
];
