%Vec Object:dSdr_b_aug_3550 1 MPI processes
%  type: seq
dSdr_b_aug_3550 = [
2.3633126166342049e+03
0.0000000000000000e+00
-1.1419231133597405e-06
-4.7040718744437122e-07
-2.9089170343340131e-07
-2.0600843014618211e-07
-1.5461432611577797e-07
-1.2285196582858624e-07
-1.0132305083846683e-07
-8.5086494418044539e-08
-7.3030331764934314e-08
-6.3789309157862244e-08
-5.6259682698158688e-08
-5.0159176777484841e-08
-4.5157844005267807e-08
-4.0939823639281475e-08
-3.7334852820858685e-08
-3.4259009295495718e-08
-3.1599453850759336e-08
-2.9252106979879305e-08
-3.0032188709388572e-08
-4.6330806261327618e-05
-6.8105742715259172e-04
-6.5607815494488889e-04
-6.1250877917114698e-04
-5.7025547371687549e-04
-5.2976474012894040e-04
-4.8888457952898381e-04
-4.4695871755419544e-04
-4.0217910111945695e-04
-3.6277851155475712e-04
-3.2492486946031861e-04
-2.8920104369888246e-04
-2.5153338118061064e-04
-2.2089909678558032e-04
-1.9423962744804165e-04
-1.7092176117151065e-04
-1.4889950836549160e-04
-1.3221928099851947e-04
-1.1956693683188255e-04
-1.0957369257140238e-04
-1.0151416260863281e-04
-9.6487056619006588e-05
-9.3415177202823879e-05
-9.1729569360922154e-05
-9.1319437176678848e-05
-9.1798130623923466e-05
-9.2801539299005838e-05
-9.4257562133959107e-05
-9.6224000153224024e-05
-9.7953792318271582e-05
-9.9768317403678764e-05
-1.0161368460115970e-04
-1.0338696952227684e-04
-1.0487037641478315e-04
-1.0619441141797303e-04
-1.0746059077021952e-04
-1.0847785526533957e-04
-1.0930804227731293e-04
-1.0997085239066024e-04
-1.1056185367103419e-04
-1.1094164129719388e-04
-1.1115779588941943e-04
-1.1132029534179674e-04
-1.1138246540209377e-04
-1.1130911048016191e-04
-1.1117188034315987e-04
-1.1097446228910100e-04
-1.1068868356234716e-04
-1.1034470146482289e-04
-1.0997966916919647e-04
-1.0956471961309532e-04
-1.0911580742951041e-04
-1.0860051325148012e-04
-1.0809709326738484e-04
-1.0756651158180672e-04
-1.0698641137898960e-04
-1.0643131511035960e-04
-1.0586578965918439e-04
-1.0522304498909751e-04
-1.0462937338342654e-04
-1.0403246842945385e-04
-1.0337618299918286e-04
-1.0277105990180027e-04
-1.0216966856041744e-04
-1.0147047524109545e-04
-1.0086618518659855e-04
-1.0024256221828436e-04
-9.9564732181091375e-05
-9.8962177922548689e-05
-9.8322981126533246e-05
-9.7649599257868506e-05
-9.7044033412884968e-05
-9.6384020985300754e-05
-9.5748442105028604e-05
-9.5153576703862361e-05
-9.4466159397226971e-05
-9.3860452496068256e-05
-9.3254048380566181e-05
-9.2555675778929774e-05
-9.1993131124694637e-05
-9.1356864868285303e-05
-9.0708795882935646e-05
-9.0146143132048559e-05
-8.9456731646650768e-05
-8.8876223993475793e-05
-8.8289124635862904e-05
-8.7624209628889524e-05
-8.7071811839564399e-05
-8.6430494829797320e-05
-8.5822657308407877e-05
-8.5264610248810295e-05
-8.4607478474633027e-05
-8.4060281605945558e-05
-8.3440242133496671e-05
-8.2854903122841421e-05
-8.2275178149230157e-05
-8.1660290108660552e-05
-8.1118493716794124e-05
-8.0481228865752864e-05
-7.9947639903174095e-05
-7.9350386110022729e-05
-7.8760375769060871e-05
-7.8235887053161989e-05
-7.7588847113411376e-05
-7.7089206785677184e-05
-7.6469724494715891e-05
-7.5934295645251859e-05
-7.5364883945727655e-05
-7.4794552580285012e-05
-7.4248028285066195e-05
-7.3670128686206728e-05
-7.3153179566869277e-05
-7.2543161643161868e-05
-7.2053885758393901e-05
-7.1445102703530309e-05
-7.0935429891798846e-05
-7.0367068185358061e-05
-6.9826852977883792e-05
-6.9287957521669202e-05
-6.8740608734162154e-05
-6.8210307334814905e-05
-6.7658920053605549e-05
-6.7140044827200218e-05
-6.6569107816580119e-05
-6.6084120294840020e-05
-6.5491032106337066e-05
-6.5021295880268921e-05
-6.4434651380788880e-05
-6.3959399526574546e-05
-6.3379513141040460e-05
-6.2905263770115337e-05
-6.2318306577396819e-05
-6.1861407568374676e-05
-6.1267821922945064e-05
-6.0812796640437191e-05
-6.0231577173848462e-05
-5.9767105052069934e-05
-5.9194529452796915e-05
-5.8724786984981403e-05
-5.8153182941924004e-05
-5.7692057637900782e-05
-5.7119630435683617e-05
-5.6649941139516470e-05
-5.6103416470021516e-05
-5.5607734370679472e-05
-5.5088891969565976e-05
-5.4573487045244285e-05
-5.4063458743173684e-05
-5.3543627685450287e-05
-5.3042738166511868e-05
-5.2510896692853992e-05
-5.2033070511209557e-05
-5.1473750772078275e-05
-5.1012199443335266e-05
-5.0452702982263930e-05
-4.9976950974392316e-05
-4.9445440080367864e-05
-4.8934648415219856e-05
-4.8440502728180710e-05
-4.7894369589700498e-05
-4.7427930209148199e-05
-4.6861415194512361e-05
-4.6383973084689140e-05
-4.5853759784984937e-05
-4.5343619176570038e-05
-4.4840590404559149e-05
-4.4302092133796981e-05
-4.3824468968175958e-05
-4.3258875376330259e-05
-4.2771814493554376e-05
-4.2241577279455444e-05
-4.1717017165986528e-05
-4.1222592663576574e-05
-4.0656307284742212e-05
-4.0161251477150617e-05
-3.9629783440520421e-05
-3.9094906991720249e-05
-3.8594082669549087e-05
-3.8020581595698690e-05
0.0000000000000000e+00
];
