%Vec Object:dSdr_b_aug_5440 1 MPI processes
%  type: seq
dSdr_b_aug_5440 = [
2.3245798676576792e+03
0.0000000000000000e+00
-8.7846106958291553e-07
-3.6287997184859851e-07
-2.2538472752793842e-07
-1.6003082125563084e-07
-1.2009591148828364e-07
-9.5406269326756814e-08
-7.8670979579381382e-08
-6.6072880515966361e-08
-5.6717278156603495e-08
-4.9545192781957821e-08
-4.3703878547766558e-08
-3.8971333485724303e-08
-3.5091196952984675e-08
-3.1818888174331794e-08
-2.9022316396180330e-08
-2.6636091367884938e-08
-2.4626522968445395e-08
-4.4864111795232139e-06
-7.0726570399417697e-04
-7.1934886932572769e-04
-6.8090663816163183e-04
-6.4220180132888737e-04
-5.9923716080772951e-04
-5.5777508173165480e-04
-5.1803138292124589e-04
-4.7789597728671791e-04
-4.3672044413087030e-04
-3.9272136735215023e-04
-3.5400378361090742e-04
-3.1679549961656446e-04
-2.8167263466616880e-04
-2.4463198795003893e-04
-2.1450448309680482e-04
-1.8828311173958303e-04
-1.6534728011803577e-04
-1.4368646022708590e-04
-1.2728023367115213e-04
-1.1483689166393150e-04
-1.0501311488812282e-04
-9.7094214477427018e-05
-9.2160262505503146e-05
-8.9152500182076384e-05
-8.7510650246984479e-05
-8.7127025724588890e-05
-8.7618813840637595e-05
-8.8627940420684133e-05
-9.0083481505129088e-05
-9.2046506969480169e-05
-9.3773843505558083e-05
-9.5584534242603808e-05
-9.7427886576129840e-05
-9.9201791573517970e-05
-1.0068779610951507e-04
-1.0201759281583224e-04
-1.0329359731150707e-04
-1.0432214313532234e-04
-1.0516547882048551e-04
-1.0584494138665210e-04
-1.0645546768281416e-04
-1.0685511971146719e-04
-1.0709336790165302e-04
-1.0728240737659110e-04
-1.0736888756231389e-04
-1.0732134442057252e-04
-1.0721273931161323e-04
-1.0704483934457968e-04
-1.0678769145730837e-04
-1.0647396472682067e-04
-1.0614117342200524e-04
-1.0575600931472574e-04
-1.0533701387775192e-04
-1.0485717901824919e-04
-1.0438432575614256e-04
-1.0388412607541120e-04
-1.0334004014351047e-04
-1.0281535429740677e-04
-1.0228012457617943e-04
-1.0167427985991926e-04
-1.0111110667066164e-04
-1.0054503539739024e-04
-9.9924606922042314e-05
-9.9349814037583855e-05
-9.8778971905050372e-05
-9.8115966543273279e-05
-9.7541884722150013e-05
-9.6949201241708976e-05
-9.6306061543358743e-05
-9.5733214402296413e-05
-9.5125443999231229e-05
-9.4485931682760713e-05
-9.3909817506602816e-05
-9.3282110753255300e-05
-9.2678313548000249e-05
-9.2112394385068740e-05
-9.1458332708865860e-05
-9.0883137043524441e-05
-9.0305755061363785e-05
-8.9641363297897033e-05
-8.9107426684045327e-05
-8.8501259106607682e-05
-8.7885183571274680e-05
-8.7350750311993873e-05
-8.6693958978926723e-05
-8.6142659453961683e-05
-8.5584427363545213e-05
-8.4951534922850190e-05
-8.4426830562920937e-05
-8.3816970226396537e-05
-8.3238743271593218e-05
-8.2708530344736844e-05
-8.2083851994528835e-05
-8.1563461724125884e-05
-8.0974492573912337e-05
-8.0417919247068248e-05
-7.9866733486314923e-05
-7.9282712533615095e-05
-7.8767775460147525e-05
-7.8161962516937165e-05
-7.7655795214462843e-05
-7.7087733487470660e-05
-7.6527307294935030e-05
-7.6030157485731665e-05
-7.5414367610818949e-05
-7.4940952057154993e-05
-7.4352606412719013e-05
-7.3843778043288533e-05
-7.3304404787494649e-05
-7.2762420185139049e-05
-7.2243928701607065e-05
-7.1695979737347075e-05
-7.1205383915205257e-05
-7.0626860432820287e-05
-7.0163220383750419e-05
-6.9585668203777837e-05
-6.9102686149896426e-05
-6.8563946892464462e-05
-6.8051743056033861e-05
-6.7541334884952203e-05
-6.7022843920748872e-05
-6.6520165921122565e-05
-6.5998619431441755e-05
-6.5506835014601442e-05
-6.4966250037782499e-05
-6.4508015535290705e-05
-6.3945586550653166e-05
-6.3502347204868334e-05
-6.2946689811145586e-05
-6.2497259015708602e-05
-6.1949448068610778e-05
-6.1500792871348387e-05
-6.0946062520769353e-05
-6.0514652683319775e-05
-5.9953499852992493e-05
-5.9524149676131340e-05
-5.8975042920040179e-05
-5.8536549625652055e-05
-5.7996075483923669e-05
-5.7552927643013505e-05
-5.7013123295147669e-05
-5.6579180259536906e-05
-5.6038155520436902e-05
-5.5596134859922662e-05
-5.5080910523144872e-05
-5.4613430158002921e-05
-5.4125440454500869e-05
-5.3639257353205199e-05
-5.3159462848433080e-05
-5.2669974705650766e-05
-5.2198553558359880e-05
-5.1698254412120100e-05
-5.1248923465705097e-05
-5.0722751177275723e-05
-5.0289106039177235e-05
-4.9762829663928138e-05
-4.9315979064430513e-05
-4.8816707281527740e-05
-4.8336567752743019e-05
-4.7873413559948318e-05
-4.7359777218183467e-05
-4.6922840205175402e-05
-4.6390959489918352e-05
-4.5942950589603060e-05
-4.5446518828261181e-05
-4.4967716579403208e-05
-4.4496696264082321e-05
-4.3992006673320637e-05
-4.3544885992367730e-05
-4.3015185360057592e-05
-4.2559302836284929e-05
-4.2062901838298875e-05
-4.1572173661976104e-05
-4.1109607108586516e-05
-4.0580129828220102e-05
-4.0117155114761580e-05
-3.9620392569761133e-05
-3.9120822913165682e-05
-3.8652263796356648e-05
-3.8116187191452327e-05
0.0000000000000000e+00
];
