%Vec Object:dSdr_b_aug_1110 1 MPI processes
%  type: seq
dSdr_b_aug_1110 = [
2.4586814698876988e+03
0.0000000000000000e+00
-2.2678693300183495e-06
-9.2628701695569769e-07
-5.6526980934490396e-07
-3.9720321360003686e-07
-2.9807126091437110e-07
-2.3687237673643082e-07
-1.9539501634112276e-07
-1.6395458305033010e-07
-1.4061697407037307e-07
-1.2273567341439623e-07
-1.0815102287448695e-07
-9.6334460722056421e-08
-8.6648979442074079e-08
-7.8480311010839813e-08
-7.1498647830599834e-08
-6.5542649874088626e-08
-6.0393440857645937e-08
-5.5849025631826443e-08
-5.1868039160640660e-08
-4.8357284302877090e-08
-4.5200569108813519e-08
-4.2378491871524268e-08
-3.9866556712750068e-08
-6.8572837002513827e-08
-2.5138522396147203e-05
-4.3110095709981289e-04
-4.6796614383381568e-04
-4.2590128452797417e-04
-3.8512947844818402e-04
-3.4566599162736918e-04
-3.0841325973586124e-04
-2.6914618968047071e-04
-2.3721871017167703e-04
-2.0944120924245313e-04
-1.8514836467989880e-04
-1.6220370492416741e-04
-1.4482420330837593e-04
-1.3163846667131488e-04
-1.2121272575787405e-04
-1.1279429604850024e-04
-1.0752945204985128e-04
-1.0429393942164148e-04
-1.0249665682006669e-04
-1.0201887403674242e-04
-1.0246414806109772e-04
-1.0345296350300893e-04
-1.0491021520601407e-04
-1.0688536179041111e-04
-1.0862142040758100e-04
-1.1044573078488790e-04
-1.1229623992737632e-04
-1.1406794219429847e-04
-1.1554471951467803e-04
-1.1685404998675720e-04
-1.1809515454075885e-04
-1.1908362793014740e-04
-1.1988025821141817e-04
-1.2050056963476690e-04
-1.2104174118235766e-04
-1.2137083293807844e-04
-1.2153060255489886e-04
-1.2162536934739864e-04
-1.2162549763842030e-04
-1.2148626831829621e-04
-1.2127598413173904e-04
-1.2100323287421498e-04
-1.2064438529762798e-04
-1.2022318841987548e-04
-1.1977587386018968e-04
-1.1928490882250563e-04
-1.1875964608431367e-04
-1.1815385620644784e-04
-1.1757242688993375e-04
-1.1696430729669163e-04
-1.1629229513128745e-04
-1.1565958844647862e-04
-1.1501674529281084e-04
-1.1427982833825202e-04
-1.1360832176925829e-04
-1.1293272623293200e-04
-1.1218493036686196e-04
-1.1150240159516964e-04
-1.1082304568701798e-04
-1.1003149719940165e-04
-1.0935011278911457e-04
-1.0864752924110678e-04
-1.0788116611077716e-04
-1.0720279640423547e-04
-1.0648339641484612e-04
-1.0572357618875355e-04
-1.0504284683633459e-04
-1.0430038721993499e-04
-1.0358369844825251e-04
-1.0291495945582335e-04
-1.0214241538535757e-04
-1.0145884088039779e-04
-1.0077836949179272e-04
-9.9993274547163923e-05
-9.9357719428281696e-05
-9.8644638526137210e-05
-9.7914919354942257e-05
-9.7280247909887921e-05
-9.6507586840322189e-05
-9.5852537404471689e-05
-9.5191766175079345e-05
-9.4445126684161569e-05
-9.3822052768966101e-05
-9.3100455490002323e-05
-9.2417049136342272e-05
-9.1787966869199294e-05
-9.1048011032805420e-05
-9.0432401324376296e-05
-8.9733067597463166e-05
-8.9074315985057288e-05
-8.8421756387053698e-05
-8.7728092773046214e-05
-8.7117749008027286e-05
-8.6400216075543267e-05
-8.5796644597689207e-05
-8.5124890053893347e-05
-8.4459378335316172e-05
-8.3865118308653494e-05
-8.3138325427564483e-05
-8.2571757165771751e-05
-8.1872811395200260e-05
-8.1269495785108657e-05
-8.0623423328617824e-05
-7.9980748536883834e-05
-7.9362682052947151e-05
-7.8708345810075866e-05
-7.8124140788632501e-05
-7.7433746296401564e-05
-7.6879045548944316e-05
-7.6190558584638722e-05
-7.5612768665597041e-05
-7.4968807914665145e-05
-7.4357105289714142e-05
-7.3745507847495020e-05
-7.3124511435788075e-05
-7.2523712784321444e-05
-7.1896169272737636e-05
-7.1308156033666052e-05
-7.0659758078626961e-05
-7.0106494638109222e-05
-6.9435161605919132e-05
-6.8897803177453543e-05
-6.8232077027377688e-05
-6.7690927761176122e-05
-6.7029182232422957e-05
-6.6489614516617246e-05
-6.5820411824323656e-05
-6.5298462485392387e-05
-6.4622105724834370e-05
-6.4101555639694020e-05
-6.3438382047113914e-05
-6.2907610054930454e-05
-6.2253109110260718e-05
-6.1715495262562570e-05
-6.1062736074853324e-05
-6.0532239755496891e-05
-5.9879671272411497e-05
-5.9339369805845331e-05
-5.8712964607798520e-05
-5.8145309945376913e-05
-5.7547729551712603e-05
-5.6957748854907579e-05
-5.6370562215374764e-05
-5.5773294442519136e-05
-5.5197200230914077e-05
-5.4584861270800749e-05
-5.4034314192756066e-05
-5.3390400859473479e-05
-5.2857632275137119e-05
-5.2213357255038205e-05
-5.1663848573820948e-05
-5.1050063194181951e-05
-5.0461047486237656e-05
-4.9887812084777766e-05
-4.9258748075271855e-05
-4.8717020428150763e-05
-4.8062120762214412e-05
-4.7509568484792649e-05
-4.6893148822677245e-05
-4.6303038442371370e-05
-4.5718331527351983e-05
-4.5093563155169914e-05
-4.4538110633937815e-05
-4.3880935096092728e-05
-4.3314330209664014e-05
-4.2697774693053625e-05
-4.2086920389189637e-05
-4.1511260410688499e-05
-4.0851142514953383e-05
-4.0274384058036093e-05
-3.9654655415697806e-05
-3.9030334570271597e-05
-3.8449025584007864e-05
-3.7789897693264226e-05
0.0000000000000000e+00
];
