%Vec Object:dSdr_b_aug_6380 1 MPI processes
%  type: seq
dSdr_b_aug_6380 = [
2.3132385424915842e+03
0.0000000000000000e+00
-8.1284196175297654e-07
-3.3510804074581264e-07
-2.0778576025513033e-07
-1.4719636859268047e-07
-1.1012114135569134e-07
-8.7200671956894985e-08
-7.1666982744588379e-08
-5.9992356449365649e-08
-5.1324057506761580e-08
-4.4679013802581922e-08
-3.9272855131620179e-08
-3.4894460661820143e-08
-3.1305025439766866e-08
-2.8279538719452197e-08
-2.5695622960690673e-08
-2.3491168449050205e-08
-3.2956973720880707e-08
-2.4128386364502086e-04
-7.5095344468434691e-04
-7.1352492660132539e-04
-6.7498764045122053e-04
-6.3658457304031815e-04
-5.9395762977357898e-04
-5.5281242905461678e-04
-5.1336584376792576e-04
-4.7352657798506979e-04
-4.3264939832840890e-04
-3.8896068764070825e-04
-3.5051468758950433e-04
-3.1356301741571448e-04
-2.7867911258619253e-04
-2.4188778624145452e-04
-2.1196179219937724e-04
-1.8591462179478615e-04
-1.6313069865818913e-04
-1.4161359537965117e-04
-1.2531631979631125e-04
-1.1295608333870569e-04
-1.0319969193463321e-04
-9.5336710064885901e-05
-9.0439798931349713e-05
-8.7457531490632687e-05
-8.5833081013206739e-05
-8.5459996830807063e-05
-8.5956991928555666e-05
-8.6968392254380085e-05
-8.8423741903016740e-05
-9.0385410544438393e-05
-9.2111770751912136e-05
-9.3920936825737776e-05
-9.5763487908786165e-05
-9.7537639392598015e-05
-9.9024676760894509e-05
-1.0035676442960154e-04
-1.0163667563772936e-04
-1.0266970720125044e-04
-1.0351827114223611e-04
-1.0420435517535204e-04
-1.0482264515920700e-04
-1.0523019582873740e-04
-1.0547722905734305e-04
-1.0567682160544287e-04
-1.0577296819394242e-04
-1.0573568859067526e-04
-1.0563846565235152e-04
-1.0548230296321343e-04
-1.0523653955791744e-04
-1.0493484327023856e-04
-1.0461487195252742e-04
-1.0424155143485530e-04
-1.0383445179555258e-04
-1.0336871662735985e-04
-1.0290801761292694e-04
-1.0241989873077925e-04
-1.0189013315624563e-04
-1.0137753940868933e-04
-1.0085435618078543e-04
-1.0026318399626759e-04
-9.9712137894726545e-05
-9.9158327020463201e-05
-9.8552156349265567e-05
-9.7989423669923457e-05
-9.7430728821929017e-05
-9.6782112881058609e-05
-9.6220042762428564e-05
-9.5639661753343892e-05
-9.5010315977673090e-05
-9.4449281280477361e-05
-9.3854006956932697e-05
-9.3227962193837227e-05
-9.2663558887538737e-05
-9.2048697842516341e-05
-9.1457537987954670e-05
-9.0903128720529658e-05
-9.0262330246970894e-05
-8.9699266767401243e-05
-8.9133424858981372e-05
-8.8482544899718240e-05
-8.7959983703832763e-05
-8.7365784267493058e-05
-8.6762430291707396e-05
-8.6239217952461484e-05
-8.5595397374661425e-05
-8.5055711881415962e-05
-8.4508958286140935e-05
-8.3888798982528271e-05
-8.3375106364431484e-05
-8.2777754148937997e-05
-8.2211301247499672e-05
-8.1692156010444719e-05
-8.1080382119361682e-05
-8.0570650960059588e-05
-7.9994036306107419e-05
-7.9448901081817562e-05
-7.8909063372008920e-05
-7.8337316103463492e-05
-7.7833059104282434e-05
-7.7239752387301994e-05
-7.6744488763133965e-05
-7.6188034681322006e-05
-7.5639372037597898e-05
-7.5153093001480178e-05
-7.4549729093956819e-05
-7.4086741300779586e-05
-7.3510776525253162e-05
-7.3012525308323111e-05
-7.2485096242971662e-05
-7.1954383167874080e-05
-7.1447038375062685e-05
-7.0910998685722875e-05
-7.0430881728817754e-05
-6.9864881385446460e-05
-6.9411434917295459e-05
-6.8846301074449779e-05
-6.8373932070438481e-05
-6.7846971591520129e-05
-6.7345905920640234e-05
-6.6846825152827986e-05
-6.6339808929067587e-05
-6.5848114825912352e-05
-6.5338433934523585e-05
-6.4857421640304979e-05
-6.4328905547185209e-05
-6.3881308851732377e-05
-6.3331070890983249e-05
-6.2898367503808682e-05
-6.2355031517633862e-05
-6.1915867953973429e-05
-6.1380811168385132e-05
-6.0942332986576735e-05
-6.0400417000348034e-05
-5.9979142426440999e-05
-5.9430885861642219e-05
-5.9011744881473303e-05
-5.8475407107823112e-05
-5.8047243779185954e-05
-5.7519534145487318e-05
-5.7086961130979446e-05
-5.6559801301579328e-05
-5.6136666756455765e-05
-5.5608128584636787e-05
-5.5177109809159158e-05
-5.4674331429760188e-05
-5.4218064925961154e-05
-5.3742343186930562e-05
-5.3267779565409510e-05
-5.2800006932027431e-05
-5.2322584049310452e-05
-5.1862880417553375e-05
-5.1375123454415407e-05
-5.0937123075681838e-05
-5.0424131216391435e-05
-5.0001582424703733e-05
-4.9488515361229940e-05
-4.9053156837566229e-05
-4.8566704302219060e-05
-4.8098752992522989e-05
-4.7647921958351914e-05
-4.7147207329631261e-05
-4.6722001355039376e-05
-4.6203892290181377e-05
-4.5767586930962881e-05
-4.5284587738906015e-05
-4.4818246579186584e-05
-4.4359953805616675e-05
-4.3868707582069144e-05
-4.3433715627651039e-05
-4.2918287141135032e-05
-4.2474802099307580e-05
-4.1991855432970592e-05
-4.1514579893509780e-05
-4.1064681067867317e-05
-4.0549839856685439e-05
-4.0099621625345928e-05
-3.9616659118560127e-05
-3.9131128597747734e-05
-3.8675399055531612e-05
-3.8154201676234036e-05
0.0000000000000000e+00
];
