%Vec Object:dSdr_b_aug_2710 1 MPI processes
%  type: seq
dSdr_b_aug_2710 = [
2.3854576439790194e+03
0.0000000000000000e+00
-1.3322729192921089e-06
-5.4790766688662553e-07
-3.3791538485959681e-07
-2.3894326336525641e-07
-1.7935412738530024e-07
-1.4253537953337609e-07
-1.1757947580135366e-07
-9.8736874495415104e-08
-8.4746552775075739e-08
-7.4023895350086835e-08
-6.5284604870520825e-08
-5.8203887891880301e-08
-5.2399188306460086e-08
-4.7503463876324839e-08
-4.3319106961434805e-08
-3.9749013355274187e-08
-3.6662153005486272e-08
-3.3937506105260126e-08
-3.1550576560455959e-08
-3.2456618497172435e-08
-2.8089481293742797e-05
-6.3367823335244830e-04
-6.2005543326343544e-04
-5.7795284500954374e-04
-5.3701908695625200e-04
-4.9567915582508987e-04
-4.5328938050882893e-04
-4.0802713326200233e-04
-3.6820421872693518e-04
-3.2995153028685272e-04
-2.9385611048019802e-04
-2.5580074326033851e-04
-2.2485310023511292e-04
-1.9792274035921003e-04
-1.7436864936199071e-04
-1.5212291058166707e-04
-1.3527325940659480e-04
-1.2249168224973291e-04
-1.1239365059686361e-04
-1.0424716468961368e-04
-9.9162458445934396e-05
-9.6050933265684734e-05
-9.4338268417506717e-05
-9.3911745623829229e-05
-9.4382342160151441e-05
-9.5382215223371056e-05
-9.6838535900213295e-05
-9.8807083976193652e-05
-1.0053839450215527e-04
-1.0235529050524234e-04
-1.0420190360238885e-04
-1.0597480514895658e-04
-1.0745660586898481e-04
-1.0877707825457404e-04
-1.1003718242659755e-04
-1.1104747133195153e-04
-1.1186952811151754e-04
-1.1252204148766224e-04
-1.1310096982768615e-04
-1.1346847465833093e-04
-1.1367096806832846e-04
-1.1381705696468922e-04
-1.1386419527983440e-04
-1.1377487996447685e-04
-1.1361994991498873e-04
-1.1340427974562833e-04
-1.1310079752309609e-04
-1.1273810743504125e-04
-1.1235313937588976e-04
-1.1191977240350148e-04
-1.1145236162168773e-04
-1.1091514174364165e-04
-1.1039282132783536e-04
-1.0984345342780702e-04
-1.0924108439352292e-04
-1.0866718433963459e-04
-1.0808292602182134e-04
-1.0741736487419343e-04
-1.0680483507477126e-04
-1.0618886462228929e-04
-1.0551040763633319e-04
-1.0488653035187927e-04
-1.0426624941121704e-04
-1.0354467986708210e-04
-1.0292171105026156e-04
-1.0227895716088934e-04
-1.0157967692697049e-04
-1.0095875376336115e-04
-1.0030012497728030e-04
-9.9605800432150715e-05
-9.8982023635045861e-05
-9.8302035529078589e-05
-9.7646804976680860e-05
-9.7034041148414625e-05
-9.6325998941037484e-05
-9.5701425922974038e-05
-9.5077076452334356e-05
-9.4357692363580372e-05
-9.3777458401856018e-05
-9.3122581130751858e-05
-9.2454729534843742e-05
-9.1874627737449703e-05
-9.1165046130859710e-05
-9.0566478124503558e-05
-8.9961529179556553e-05
-8.9276813559074482e-05
-8.8707292005576704e-05
-8.8046524292986701e-05
-8.7420377578065466e-05
-8.6845119753130697e-05
-8.6167920952473831e-05
-8.5604148677499324e-05
-8.4964897396622475e-05
-8.4361771612300666e-05
-8.3764399899682860e-05
-8.3130425717789036e-05
-8.2572021321879437e-05
-8.1915308716298731e-05
-8.1364764035473142e-05
-8.0749459823415152e-05
-8.0141156626252296e-05
-7.9599763361949127e-05
-7.8933400475043221e-05
-7.8417544504607952e-05
-7.7778809397311720e-05
-7.7226932594276349e-05
-7.6638947134205260e-05
-7.6051088030945849e-05
-7.5487230124803129e-05
-7.4890811061710573e-05
-7.4357566831767809e-05
-7.3728074857609758e-05
-7.3222947493260687e-05
-7.2594853360673632e-05
-7.2068676776811786e-05
-7.1481998536712221e-05
-7.0924462979105480e-05
-7.0367952899780037e-05
-6.9802760373680896e-05
-6.9255378521469716e-05
-6.8685539700961206e-05
-6.8149913341166384e-05
-6.7560208674630185e-05
-6.7058678887854686e-05
-6.6446633111677796e-05
-6.5960513001458301e-05
-6.5354708163493569e-05
-6.4863490310008176e-05
-6.4263770635773000e-05
-6.3773695558412395e-05
-6.3166811461543303e-05
-6.2694151674870736e-05
-6.2080511768275532e-05
-6.1609610741919168e-05
-6.1008534948775648e-05
-6.0527999285535665e-05
-5.9935574321656647e-05
-5.9449387547292786e-05
-5.8858120734027740e-05
-5.8380187770151783e-05
-5.7788343425193227e-05
-5.7301545738299927e-05
-5.6735667083272855e-05
-5.6222546968368979e-05
-5.5684627377449759e-05
-5.5151153692117024e-05
-5.4622430897066990e-05
-5.4083837881528249e-05
-5.3564727170597470e-05
-5.3013382117340498e-05
-5.2517936482492477e-05
-5.1938120682104084e-05
-5.1459314147240552e-05
-5.0879276737230352e-05
-5.0385654175902141e-05
-4.9834208935067846e-05
-4.9304464223007942e-05
-4.8791155677321221e-05
-4.8224928933107009e-05
-4.7740247535166810e-05
-4.7152317306590893e-05
-4.6656676039708035e-05
-4.6105574936045278e-05
-4.5576057305782920e-05
-4.5053237276431593e-05
-4.4493834754394218e-05
-4.3997351851283812e-05
-4.3409565677588542e-05
-4.2903227759843618e-05
-4.2352070598798675e-05
-4.1806593976874663e-05
-4.1292474803394373e-05
-4.0703436078348541e-05
-4.0188553741731520e-05
-3.9635644761606128e-05
-3.9078976455032439e-05
-3.8558312162566411e-05
-3.7962256968196931e-05
0.0000000000000000e+00
];
