%Vec Object:dSdr_b_aug_4860 1 MPI processes
%  type: seq
dSdr_b_aug_4860 = [
2.3369805306116928e+03
0.0000000000000000e+00
-9.5291825513915392e-07
-3.9263650521238290e-07
-2.4310618281819908e-07
-1.7215654752554445e-07
-1.2895441000408056e-07
-1.0225046580427270e-07
-8.4151719933607256e-08
-7.0528886710266421e-08
-6.0414025402747781e-08
-5.2660584725575242e-08
-4.6348764713694243e-08
-4.1236175597259798e-08
-3.7044890530277323e-08
-3.3511351623289370e-08
-3.0492735104994305e-08
-2.7917331691143234e-08
-2.5690942435464214e-08
-3.6332666755469650e-08
-1.8307761069294296e-04
-7.2046631016724715e-04
-6.8472076826377334e-04
-6.4585339975281977e-04
-6.0266981091166010e-04
-5.6100171777471292e-04
-5.2106484102412980e-04
-4.8073689003960717e-04
-4.3936737223053657e-04
-3.9516650039633853e-04
-3.5627233729511331e-04
-3.1889720710655137e-04
-2.8361897411183934e-04
-2.4641622327377692e-04
-2.1615769931071133e-04
-1.8982306527563973e-04
-1.6678846518060700e-04
-1.4503420303557018e-04
-1.2855713829313168e-04
-1.1605976238483652e-04
-1.0619217271969139e-04
-9.8236914972602403e-05
-9.3278879652649357e-05
-9.0254540982056888e-05
-8.8601378219340437e-05
-8.8210900625369540e-05
-8.8699303368907983e-05
-8.9706951711134798e-05
-9.1162617371408748e-05
-9.3126525120000667e-05
-9.4854496541144990e-05
-9.6666178549798399e-05
-9.8510051724134636e-05
-1.0028379634881229e-04
-1.0176912925015089e-04
-1.0309743641779336e-04
-1.0437090084553340e-04
-1.0539653012601223e-04
-1.0623646649496392e-04
-1.0691162390032712e-04
-1.0751710238164467e-04
-1.0791161885026187e-04
-1.0814415515821977e-04
-1.0832633320271991e-04
-1.0840652845632799e-04
-1.0835231213396650e-04
-1.0823630652723358e-04
-1.0806077517706186e-04
-1.0779622528871746e-04
-1.0747467656318466e-04
-1.0713354991432835e-04
-1.0674068530060475e-04
-1.0631395541210683e-04
-1.0582495316458592e-04
-1.0534419741055642e-04
-1.0483614299302502e-04
-1.0428274619902422e-04
-1.0375019826882982e-04
-1.0320713611508664e-04
-1.0259175155811948e-04
-1.0202069353491240e-04
-1.0144665075076338e-04
-1.0081695208355316e-04
-1.0023431785080223e-04
-9.9655577752227388e-05
-9.8983216623144780e-05
-9.8401324989045287e-05
-9.7800642642279322e-05
-9.7148534359742529e-05
-9.6568006960227345e-05
-9.5952111809637184e-05
-9.5303843108868343e-05
-9.4720114715804091e-05
-9.4084055891630709e-05
-9.3472042086454156e-05
-9.2898639376706857e-05
-9.2235954181375229e-05
-9.1652870365999646e-05
-9.1067985215407196e-05
-9.0394808295968747e-05
-8.9853475570173609e-05
-8.9239526499241019e-05
-8.8615179607474094e-05
-8.8073450683494995e-05
-8.7408225970771040e-05
-8.6849375186048741e-05
-8.6283679959496532e-05
-8.5642508634455549e-05
-8.5110644613742135e-05
-8.4492651694620784e-05
-8.3906769436099571e-05
-8.3369360471780972e-05
-8.2736291845971084e-05
-8.2208971189163497e-05
-8.1611969340256461e-05
-8.1047959139044214e-05
-8.0489395053994815e-05
-7.9897393944964836e-05
-7.9375512854657645e-05
-7.8761568559740751e-05
-7.8248311856442336e-05
-7.7672703020535705e-05
-7.7104628352834702e-05
-7.6600410536823576e-05
-7.5976541492463274e-05
-7.5496345971441732e-05
-7.4899950479550591e-05
-7.4384245010064793e-05
-7.3837105827859515e-05
-7.3287792653690180e-05
-7.2762053764847913e-05
-7.2206361575040680e-05
-7.1708952556612512e-05
-7.1122286723566020e-05
-7.0652018965001743e-05
-7.0066392574351515e-05
-6.9576510078469398e-05
-6.9030112440515755e-05
-6.8510666739648267e-05
-6.7992893664400221e-05
-6.7466941999390215e-05
-6.6957122437458748e-05
-6.6427861116684733e-05
-6.5929072828667927e-05
-6.5380640846893646e-05
-6.4915489802155036e-05
-6.4345134397896344e-05
-6.3895044729056068e-05
-6.3331376141101522e-05
-6.2875269743250750e-05
-6.2319166230909840e-05
-6.1863894086942151e-05
-6.1300832026623149e-05
-6.0862832387253858e-05
-6.0293294594459450e-05
-5.9857306543577062e-05
-5.9299897580310380e-05
-5.8854687887416986e-05
-5.8305914445135694e-05
-5.7855890998517792e-05
-5.7307865362341699e-05
-5.6866894793075112e-05
-5.6317751459297589e-05
-5.5868577519078222e-05
-5.5345260987187272e-05
-5.4870489513642425e-05
-5.4374523337854604e-05
-5.3880785395399059e-05
-5.3393174417341893e-05
-5.2895841586524788e-05
-5.2416801844705611e-05
-5.1908347912910048e-05
-5.1451649948441861e-05
-5.0916907884253858e-05
-5.0476048000784041e-05
-4.9941183054016588e-05
-4.9486860392918885e-05
-4.8979253629871560e-05
-4.8491189391531470e-05
-4.8020022737117383e-05
-4.7497984742065691e-05
-4.7053420210488982e-05
-4.6512585171702569e-05
-4.6056966564601531e-05
-4.5551800863232574e-05
-4.5064896257668478e-05
-4.4585600268402388e-05
-4.4072169486696102e-05
-4.3617162245677721e-05
-4.3078181254022455e-05
-4.2614237000950978e-05
-4.2109086758947207e-05
-4.1609609886596521e-05
-4.1138804091340263e-05
-4.0599806264415924e-05
-4.0128530287047583e-05
-3.9622782071286002e-05
-3.9114056437404783e-05
-3.8637076971006550e-05
-3.8090906269007806e-05
0.0000000000000000e+00
];
