%Vec Object:dSdr_b_aug_2180 1 MPI processes
%  type: seq
dSdr_b_aug_2180 = [
2.4039330332098220e+03
0.0000000000000000e+00
-1.5184871949126182e-06
-6.2347291290380886e-07
-3.8355470814549977e-07
-2.7080390654639030e-07
-2.0325343127337001e-07
-1.6152406654210840e-07
-1.3324030042621088e-07
-1.1186532015843681e-07
-9.5995838312521305e-08
-8.3833847836051558e-08
-7.3919706399776213e-08
-6.5887154664134436e-08
-5.9302432354675773e-08
-5.3748868490824198e-08
-4.9002283808434647e-08
-4.4952632269531073e-08
-4.1451234663564341e-08
-3.8360800095610780e-08
-3.5653309938925617e-08
-3.3266551096404779e-08
-4.1246178869247757e-08
-4.4309489707750817e-05
-5.9902811410153425e-04
-5.8322518047196673e-04
-5.4266085221731574e-04
-5.0098849525062052e-04
-4.5823752789608623e-04
-4.1259813788079540e-04
-3.7244512866548002e-04
-3.3388053346404420e-04
-2.9749466374799567e-04
-2.5913625391804727e-04
-2.2794367957635825e-04
-2.0080158282656958e-04
-1.7706285088925903e-04
-1.5464242819497598e-04
-1.3766034984867280e-04
-1.2477775996585215e-04
-1.1459782305783121e-04
-1.0638336953215499e-04
-1.0125364102374704e-04
-9.8111127387020023e-05
-9.6377313861880973e-05
-9.5937979591218228e-05
-9.6402247274605295e-05
-9.7399356745639615e-05
-9.8855910183423640e-05
-1.0082610750753209e-04
-1.0255860479644554e-04
-1.0437735395056979e-04
-1.0622494085019374e-04
-1.0799754270760846e-04
-1.0947808796227150e-04
-1.1079577566316191e-04
-1.1205113125122723e-04
-1.1305596778497291e-04
-1.1387166968816775e-04
-1.1451613477856652e-04
-1.1508562649556966e-04
-1.1544353067481408e-04
-1.1563534604251883e-04
-1.1576860789709718e-04
-1.1580399689845169e-04
-1.1570220646842894e-04
-1.1553344163678712e-04
-1.1530350506294064e-04
-1.1498618525274655e-04
-1.1460887242896266e-04
-1.1420832196446071e-04
-1.1376055937470177e-04
-1.1327868951911373e-04
-1.1272433173984890e-04
-1.1218723805191550e-04
-1.1162318615908358e-04
-1.1100341100798562e-04
-1.1041481323329965e-04
-1.0981591262986735e-04
-1.0913251732207615e-04
-1.0850524733443504e-04
-1.0787437465786218e-04
-1.0717858765241911e-04
-1.0654005147557056e-04
-1.0590500580014946e-04
-1.0516594626118876e-04
-1.0452837750710610e-04
-1.0387067025866428e-04
-1.0315462384431615e-04
-1.0251934293859506e-04
-1.0184552546865726e-04
-1.0113483143801440e-04
-1.0049682036048134e-04
-9.9801218606616359e-05
-9.9130627660303311e-05
-9.8503873831822699e-05
-9.7779710523586229e-05
-9.7140391127610478e-05
-9.6502014976672956e-05
-9.5766207618894845e-05
-9.5172147112256814e-05
-9.4502722864125299e-05
-9.3819408537850526e-05
-9.3225667999994867e-05
-9.2500320772349707e-05
-9.1887636208526084e-05
-9.1268735447711704e-05
-9.0568543025814287e-05
-8.9985636983759874e-05
-8.9309665971599138e-05
-8.8669208198187058e-05
-8.8080497882175317e-05
-8.7387614043723808e-05
-8.6810885895389521e-05
-8.6156618043378716e-05
-8.5539589541766488e-05
-8.4928424567706117e-05
-8.4279532040733448e-05
-8.3708146292900271e-05
-8.3036232694006597e-05
-8.2472434876889916e-05
-8.1843021875075762e-05
-8.1220420391475928e-05
-8.0665813987593191e-05
-7.9984347662156779e-05
-7.9455817023831163e-05
-7.8802033295051553e-05
-7.8237300243041302e-05
-7.7634796934188273e-05
-7.7033237588037087e-05
-7.6455831175227521e-05
-7.5844936704211566e-05
-7.5298955694065453e-05
-7.4654242177128320e-05
-7.4136724789849594e-05
-7.3493536500193523e-05
-7.2954460041226799e-05
-7.2353465013088829e-05
-7.1782391317507774e-05
-7.1212113087394370e-05
-7.0632973327024417e-05
-7.0072240850201412e-05
-6.9487979719887880e-05
-6.8939260143721328e-05
-6.8334886081924468e-05
-6.7820426338593875e-05
-6.7193562712164129e-05
-6.6694636442844317e-05
-6.6073855279957956e-05
-6.5570157902010434e-05
-6.4954935905248674e-05
-6.4452490963311251e-05
-6.3830031373773212e-05
-6.3345052475719365e-05
-6.2715737533239341e-05
-6.2232427537479835e-05
-6.1615831424212110e-05
-6.1122740006820078e-05
-6.0514800168764422e-05
-6.0015760026479930e-05
-5.9409124192477103e-05
-5.8918053857358915e-05
-5.8311032488347182e-05
-5.7810862375947207e-05
-5.7229856069887264e-05
-5.6703105892458141e-05
-5.6150275011986629e-05
-5.5602678263299401e-05
-5.5059343318310910e-05
-5.4506085427025008e-05
-5.3972732527929466e-05
-5.3406142939604512e-05
-5.2896925473281990e-05
-5.2301089403374887e-05
-5.1808795768104327e-05
-5.1212703030809990e-05
-5.0705112425755761e-05
-5.0138086034414815e-05
-4.9593527211018363e-05
-4.9065240585812467e-05
-4.8483308295057258e-05
-4.7984368649914286e-05
-4.7379699953514869e-05
-4.6869834050416847e-05
-4.6302406854624879e-05
-4.5757744103181675e-05
-4.5219455294764199e-05
-4.4643714204444161e-05
-4.4132491000039811e-05
-4.3527359766837264e-05
-4.3005956078078576e-05
-4.2438449596386727e-05
-4.1876627247500675e-05
-4.1347118812021611e-05
-4.0740302550063202e-05
-4.0209934915828864e-05
-3.9640288359537027e-05
-3.9066632292547511e-05
-3.8530588182994028e-05
-3.7917583255317981e-05
0.0000000000000000e+00
];
