%Vec Object:dSdr_b_aug_4370 1 MPI processes
%  type: seq
dSdr_b_aug_4370 = [
2.3445614396785541e+03
0.0000000000000000e+00
-1.0044051572983695e-06
-4.1441079881217590e-07
-2.5688068567216316e-07
-1.8219598783416946e-07
-1.3676433083818034e-07
-1.0868131439988462e-07
-8.9645882295711249e-08
-7.5301908632319378e-08
-6.4650258190377096e-08
-5.6485158601094883e-08
-4.9833165648908371e-08
-4.4443622624857730e-08
-4.0024942011582763e-08
-3.6298234316295649e-08
-3.3113091828193412e-08
-3.0395348177465255e-08
-2.8045338077116876e-08
-2.6348416356276115e-08
-1.4487493123553749e-05
-7.0008552166779591e-04
-6.8832176158758888e-04
-6.4954095277313740e-04
-6.0614047332072010e-04
-5.6426418599822982e-04
-5.2413198930460520e-04
-4.8360935470925386e-04
-4.4204369787564690e-04
-3.9763878987823949e-04
-3.5856608634982019e-04
-3.2102225700091243e-04
-2.8558693047475909e-04
-2.4822027523379924e-04
-2.1782927710029578e-04
-1.9138012252684344e-04
-1.6824565706900606e-04
-1.4639691494091069e-04
-1.2984822530912624e-04
-1.1729621541210892e-04
-1.0738432627586444e-04
-9.9392307405067018e-05
-9.4409921247838984e-05
-9.1368822103180721e-05
-8.9704220835539871e-05
-8.9306814016592957e-05
-8.9791793743586600e-05
-9.0797947384560509e-05
-9.2253738958151206e-05
-9.4218538744160447e-05
-9.5947152060216572e-05
-9.7759836387173967e-05
-9.9604236272016035e-05
-1.0137781882220853e-04
-1.0286247270436439e-04
-1.0418927364864437e-04
-1.0546016965329687e-04
-1.0648284986427393e-04
-1.0731934907862772e-04
-1.0799015348885036e-04
-1.0859052807434973e-04
-1.0897985192903756e-04
-1.0920661290160982e-04
-1.0938185329666097e-04
-1.0945569380263716e-04
-1.0939473017329553e-04
-1.0927124186572702e-04
-1.0908799436579179e-04
-1.0881596025797683e-04
-1.0848650265527345e-04
-1.0813694807947828e-04
-1.0773629742743193e-04
-1.0730174717902431e-04
-1.0680347572148235e-04
-1.0631472970168423e-04
-1.0579873330434024e-04
-1.0523592223397352e-04
-1.0469542489569922e-04
-1.0414444331508456e-04
-1.0351941296106734e-04
-1.0294038252814146e-04
-1.0235827969494408e-04
-1.0171920787501212e-04
-1.0112864520185814e-04
-1.0054191941654910e-04
-9.9860098609597968e-05
-9.9270310421248063e-05
-9.8661540367487839e-05
-9.8000363890726779e-05
-9.7412070930835920e-05
-9.6787960794513062e-05
-9.6130838456579207e-05
-9.5539411278597816e-05
-9.4894907621254212e-05
-9.4274585958406009e-05
-9.3693616585446057e-05
-9.3022212094386221e-05
-9.2431152519306981e-05
-9.1838680866357391e-05
-9.1156621219528122e-05
-9.0607810236971762e-05
-8.9985993252175657e-05
-8.9353283147573079e-05
-8.8804177538456456e-05
-8.8130425790544084e-05
-8.7563939887254006e-05
-8.6990698644618970e-05
-8.6341156495905202e-05
-8.5802053305050318e-05
-8.5175837489023481e-05
-8.4582214913253559e-05
-8.4037529998558003e-05
-8.3395977921459208e-05
-8.2861649915994941e-05
-8.2256526164181567e-05
-8.1684996501755163e-05
-8.1118972155956313e-05
-8.0518902270525482e-05
-7.9990000050687561e-05
-7.9367834105302976e-05
-7.8847409274290076e-05
-7.8264169519642879e-05
-7.7688361441441601e-05
-7.7176997130077367e-05
-7.6544959198318285e-05
-7.6057908420827297e-05
-7.5453373689756884e-05
-7.4930714753053512e-05
-7.4375723406441919e-05
-7.3819000280037392e-05
-7.3285933507230880e-05
-7.2722412107121946e-05
-7.2218114236764842e-05
-7.1623215636591701e-05
-7.1146246573699080e-05
-7.0552456313606934e-05
-7.0055596752970463e-05
-6.9501455694852794e-05
-6.8974687716185235e-05
-6.8449467957543817e-05
-6.7915972749262897e-05
-6.7398932327533299e-05
-6.6861870512252976e-05
-6.6356000586190926e-05
-6.5799634469824970e-05
-6.5327490087382968e-05
-6.4749120253831334e-05
-6.4292104203769528e-05
-6.3720335472493256e-05
-6.3257479356739071e-05
-6.2692991207532152e-05
-6.2231028655343026e-05
-6.1659542381760002e-05
-6.1214879783267370e-05
-6.0636863936381494e-05
-6.0194164323847606e-05
-5.9628360984592918e-05
-5.9176360337638638e-05
-5.8619195462698940e-05
-5.8162220091519164e-05
-5.7605881906708700e-05
-5.7157805803334095e-05
-5.6600453761553573e-05
-5.6144047151727635e-05
-5.5612548612139531e-05
-5.5130405118462339e-05
-5.4626373952270301e-05
-5.4124997338739703e-05
-5.3629483157981964e-05
-5.3124218603558237e-05
-5.2637475750294911e-05
-5.2120776570557461e-05
-5.1656629883892747e-05
-5.1113222995151468e-05
-5.0665068377966785e-05
-5.0121519631172770e-05
-4.9659642095956469e-05
-4.9143607978944052e-05
-4.8647531237865943e-05
-4.8168263382720890e-05
-4.7637730709631798e-05
-4.7185454271515027e-05
-4.6635565840971399e-05
-4.6172253451701844e-05
-4.5658257330336607e-05
-4.5163161001268911e-05
-4.4675498173790518e-05
-4.4153230036882835e-05
-4.3690249781490959e-05
-4.3141886810479114e-05
-4.2669793163874126e-05
-4.2155799008812698e-05
-4.1647479725372812e-05
-4.1168348137025436e-05
-4.0619731580223835e-05
-4.0140074462763136e-05
-3.9625263158988552e-05
-3.9107327512805000e-05
-3.8621968201334314e-05
-3.8066304422101098e-05
0.0000000000000000e+00
];
