%Vec Object:dSdr_b_aug_4060 1 MPI processes
%  type: seq
dSdr_b_aug_4060 = [
2.3494350819071119e+03
0.0000000000000000e+00
-1.0370080633408250e-06
-4.2726685430997505e-07
-2.6441524339297690e-07
-1.8726522783766207e-07
-1.4040651774827215e-07
-1.1144447178891360e-07
-9.1814495018326312e-08
-7.7025588523591926e-08
-6.6044649109590662e-08
-5.7627552303593801e-08
-5.0772515432168626e-08
-4.5219281008626881e-08
-4.0666703029222224e-08
-3.6827897777874779e-08
-3.3547799297431645e-08
-3.0749243804348887e-08
-2.8329622656619572e-08
-2.6236460217530252e-08
-1.8125981034010917e-06
-6.0022762291121387e-04
-6.8993550106525149e-04
-6.5198663892250314e-04
-6.0845507143325074e-04
-5.6644023968791262e-04
-5.2617777474740486e-04
-4.8552528667363654e-04
-4.4382880520066321e-04
-3.9928780513965451e-04
-3.6009601519596500e-04
-3.2243966354779743e-04
-2.8689955566919422e-04
-2.4942357620962561e-04
-2.1894421781953275e-04
-1.9241867805744423e-04
-1.6921760240825139e-04
-1.4730584212702136e-04
-1.3070937869524404e-04
-1.1812092793550568e-04
-1.0817949106454250e-04
-1.0016295254086260e-04
-9.5164324404443438e-05
-9.2112046060909740e-05
-9.0439815353096189e-05
-9.0037786788562069e-05
-9.0520483412620989e-05
-9.1525640136367391e-05
-9.2981515741912931e-05
-9.4946910563789512e-05
-9.6675952066267652e-05
-9.8489304979737142e-05
-1.0033405621827563e-04
-1.0210753070000634e-04
-1.0359173170861323e-04
-1.0491752810252822e-04
-1.0618671106756121e-04
-1.0720742434108443e-04
-1.0804163099133731e-04
-1.0870953187247001e-04
-1.0930650209176919e-04
-1.0969236249321222e-04
-1.0991527133617770e-04
-1.1008588433760720e-04
-1.1015548624436067e-04
-1.1009002217780663e-04
-1.0996154292482223e-04
-1.0977314876846262e-04
-1.0949612270091870e-04
-1.0916138989131412e-04
-1.0880621390213803e-04
-1.0840036997565719e-04
-1.0796060355985218e-04
-1.0745614955191036e-04
-1.0696207403677055e-04
-1.0644078035040410e-04
-1.0587168996933101e-04
-1.0532589038673508e-04
-1.0476962655896018e-04
-1.0413816246908450e-04
-1.0355381444890600e-04
-1.0296633557280342e-04
-1.0232101186994636e-04
-1.0172516093635396e-04
-1.0113310870712613e-04
-1.0044497830433098e-04
-9.9849923123019552e-05
-9.9235758577261100e-05
-9.8568533623617443e-05
-9.7975061043109474e-05
-9.7345471519404302e-05
-9.6682443813619163e-05
-9.6085881553775656e-05
-9.5435745200424368e-05
-9.4809882204096538e-05
-9.4223865874018341e-05
-9.3546645620115707e-05
-9.2950266220455399e-05
-9.2352734377326311e-05
-9.1664749958432522e-05
-9.1110950985313867e-05
-9.0483886104198501e-05
-8.9845597734517079e-05
-8.9291571873947634e-05
-8.8612132591187959e-05
-8.8040554061157093e-05
-8.7462279622961921e-05
-8.6807154132041857e-05
-8.6263222411532250e-05
-8.5631521920152381e-05
-8.5032736549376484e-05
-8.4483198572140309e-05
-8.3835988029475102e-05
-8.3296986118377937e-05
-8.2686445053337243e-05
-8.2109899905944843e-05
-8.1538899561676956e-05
-8.0933447797779725e-05
-8.0399862479479465e-05
-7.9772212688166905e-05
-7.9247006710504774e-05
-7.8658677127371011e-05
-7.8077710858470725e-05
-7.7561579828475731e-05
-7.6924093242369132e-05
-7.6432470001946151e-05
-7.5822506391317584e-05
-7.5295209484390938e-05
-7.4734980736443764e-05
-7.4173315163678205e-05
-7.3635360683690484e-05
-7.3066617191423113e-05
-7.2557724447336514e-05
-7.1957334581743471e-05
-7.1475895738465879e-05
-7.0876660166693017e-05
-7.0375146892471578e-05
-6.9815840961213828e-05
-6.9284189010689732e-05
-6.8754002301092692e-05
-6.8215475535627135e-05
-6.7693618785815695e-05
-6.7151354025484338e-05
-6.6640760630678870e-05
-6.6079102429589511e-05
-6.5602293473071853e-05
-6.5018577996201661e-05
-6.4556942030056835e-05
-6.3979770482053611e-05
-6.3512412282198545e-05
-6.2942331556691493e-05
-6.2475906477264494e-05
-6.1898801226926178e-05
-6.1449694406720019e-05
-6.0866023667758579e-05
-6.0418847411997741e-05
-5.9847444989975645e-05
-5.9390914740683806e-05
-5.8828152741500640e-05
-5.8366540395578095e-05
-5.7804657696446489e-05
-5.7351842154778686e-05
-5.6789014853469001e-05
-5.6327783998513087e-05
-5.5790828000490138e-05
-5.5303767305524330e-05
-5.4794356721571353e-05
-5.4287885039189414e-05
-5.3787099340538703e-05
-5.3276544237154207e-05
-5.2784663311003713e-05
-5.2262464443518037e-05
-5.1793349341551384e-05
-5.1244162883770158e-05
-5.0791142535325999e-05
-5.0241801531998301e-05
-4.9774884716265297e-05
-4.9253229351367526e-05
-4.8751808042248653e-05
-4.8267136427021349e-05
-4.7730937505550024e-05
-4.7273516885443436e-05
-4.6717589443977671e-05
-4.6249144839243698e-05
-4.5729258278882834e-05
-4.5228697415581626e-05
-4.4735453116327273e-05
-4.4207289491282514e-05
-4.3738990029085629e-05
-4.3184367736513263e-05
-4.2706836451088203e-05
-4.2186940737464645e-05
-4.1672719881456499e-05
-4.1188029689846596e-05
-4.0632989354208584e-05
-4.0147728813663425e-05
-3.9626848422146316e-05
-3.9102718525648633e-05
-3.8611625795698187e-05
-3.8048862807927161e-05
0.0000000000000000e+00
];
