%Vec Object:dSdr_b_aug_5420 1 MPI processes
%  type: seq
dSdr_b_aug_5420 = [
2.3248015196080059e+03
0.0000000000000000e+00
-8.7972748806437757e-07
-3.6338223729253053e-07
-2.2568128135582351e-07
-1.6023172669840920e-07
-1.2024109986069616e-07
-9.5517127122482266e-08
-7.8758614966559447e-08
-6.6143124390805370e-08
-5.6774647409344111e-08
-4.9592709142787516e-08
-4.3743446250343936e-08
-3.9004490273405308e-08
-3.5119109356936961e-08
-3.1842406933148853e-08
-2.9042110020984505e-08
-2.6652714555562232e-08
-2.4635160105217175e-08
-4.0680138092363411e-06
-7.0326974088199602e-04
-7.1945312553250529e-04
-6.8103423638218332e-04
-6.4232315708233269e-04
-5.9935122570716132e-04
-5.5788230055495126e-04
-5.1813218256665529e-04
-4.7799037878650880e-04
-4.3680839965810794e-04
-3.9280261737263791e-04
-3.5407916602435446e-04
-3.1686533784906036e-04
-2.8173731012843883e-04
-2.4469127680675537e-04
-2.1455941828097013e-04
-1.8833428328485479e-04
-1.6539516965659667e-04
-1.4373124474525580e-04
-1.2732266428623883e-04
-1.1487752677066302e-04
-1.0505229412359219e-04
-9.7132185584472599e-05
-9.2197433340366667e-05
-8.9189120197158639e-05
-8.7546894345491753e-05
-8.7163042101080196e-05
-8.7654717724414485e-05
-8.8663795184396968e-05
-9.0119340409180806e-05
-9.2082395191970406e-05
-9.3809752825509054e-05
-9.5620476489125441e-05
-9.7463846135043282e-05
-9.9237745808267085e-05
-1.0072372803078607e-04
-1.0205347524150962e-04
-1.0332939533297061e-04
-1.0435784424253870e-04
-1.0520106697122257e-04
-1.0588038648030679e-04
-1.0649074504153356e-04
-1.0689022641944744e-04
-1.0712828480812581e-04
-1.0731709628287355e-04
-1.0740336762501757e-04
-1.0735560273848681e-04
-1.0724675171643508e-04
-1.0707859816417071e-04
-1.0682120431388547e-04
-1.0650721766421089e-04
-1.0617414938201514e-04
-1.0578872939254471e-04
-1.0536947694540038e-04
-1.0488933746025930e-04
-1.0441622160414077e-04
-1.0391576091619199e-04
-1.0337136559108503e-04
-1.0284641849365004e-04
-1.0231092850636995e-04
-1.0170476678809907e-04
-1.0114133159152557e-04
-1.0057499543075217e-04
-9.9954258913595450e-05
-9.9379205466821601e-05
-9.8808100890591217e-05
-9.8144784643380964e-05
-9.7570443307811442e-05
-9.6977494030816788e-05
-9.6334056312860912e-05
-9.5760953962354238e-05
-9.5152913579810977e-05
-9.4513110294947364e-05
-9.3936743103854048e-05
-9.3308758817196763e-05
-9.2704688580260721e-05
-9.2138520744456743e-05
-9.1484172514883950e-05
-9.0908714732004922e-05
-9.0331083424930592e-05
-8.9666399737058726e-05
-8.9132217355716148e-05
-8.8525791204743890e-05
-8.7909440818017439e-05
-8.7374765128902829e-05
-8.6717693560531492e-05
-8.6166143112501208e-05
-8.5607663027276008e-05
-8.4974495485020611e-05
-8.4449553214555495e-05
-8.3839422638007499e-05
-8.3260941302782017e-05
-8.2730489256628540e-05
-8.2105532103396569e-05
-8.1584911541061298e-05
-8.0995675469885137e-05
-8.0438855020850512e-05
-7.9887424083526464e-05
-7.9303137955763928e-05
-7.8787970137424756e-05
-7.8181886995040584e-05
-7.7675484116680301e-05
-7.7107171604505351e-05
-7.6546491258429886e-05
-7.6049106584215659e-05
-7.5433048244113017e-05
-7.4959407396799494e-05
-7.4370794261470160e-05
-7.3861737370746076e-05
-7.3322106058546765e-05
-7.2779877932792222e-05
-7.2261145622936688e-05
-7.1712939356606003e-05
-7.1222117136597585e-05
-7.0643323089482327e-05
-7.0179462806123970e-05
-6.9601642325647179e-05
-6.9118430974756070e-05
-6.8579437234540425e-05
-6.8066992755871564e-05
-6.7556339853994287e-05
-6.7037600975742602e-05
-6.6534685666790906e-05
-6.6012882818468560e-05
-6.5520865667664175e-05
-6.4980019940131568e-05
-6.4521555605530795e-05
-6.3958863231263055e-05
-6.3515396253746887e-05
-6.2959472653344826e-05
-6.2509820032004060e-05
-6.1961733528419631e-05
-6.1512858454284089e-05
-6.0957851246443979e-05
-6.0526222434084453e-05
-5.9964790976886925e-05
-5.9535220227643893e-05
-5.8985837594528843e-05
-5.8547121118379032e-05
-5.8006371196131226e-05
-5.7562994883041376e-05
-5.7022917346858751e-05
-5.6588740790514428e-05
-5.6047446275427420e-05
-5.5605187915616316e-05
-5.5089694679967671e-05
-5.4621972035420529e-05
-5.4133717278285349e-05
-5.3647283133765893e-05
-5.3167228891812826e-05
-5.2677480074173615e-05
-5.2205805764832243e-05
-5.1705235639134731e-05
-5.1255659890068508e-05
-5.0729202831980278e-05
-5.0295317950733293e-05
-4.9768756180774703e-05
-4.9321657287143134e-05
-4.8822108535560626e-05
-4.8341705670704220e-05
-4.7878285225429258e-05
-4.7364369698009147e-05
-4.6927179222648353e-05
-4.6395000955344262e-05
-4.5946739182659184e-05
-4.5450017190137809e-05
-4.4970945695538662e-05
-4.4499650373167297e-05
-4.3994670303760013e-05
-4.3547287539333369e-05
-4.3017278503425344e-05
-4.2561128063316903e-05
-4.2064436292985439e-05
-4.1573417346916022e-05
-4.1110576927778240e-05
-4.0580783162052917e-05
-4.0117532400648452e-05
-3.9620470899731857e-05
-3.9120596211997570e-05
-3.8651755086624188e-05
-3.8115331324047113e-05
0.0000000000000000e+00
];
