%Vec Object:dSdr_b_aug_6550 1 MPI processes
%  type: seq
dSdr_b_aug_6550 = [
2.3086885955976713e+03
0.0000000000000000e+00
-7.8843610029444763e-07
-3.2482506549598117e-07
-2.0129410219386872e-07
-1.4248258409697486e-07
-1.0647604286955758e-07
-8.4216439528114437e-08
-6.9131317904715954e-08
-5.7800294224446945e-08
-4.9387502264085330e-08
-4.2938254972013504e-08
-3.7693334391851801e-08
-3.3445973047717682e-08
-2.9963976368101912e-08
-2.7029532942826038e-08
-2.4523883230071030e-08
-2.2386768054277292e-08
-1.3560889432588239e-07
-4.8287364710955017e-04
-7.5072538589426418e-04
-7.1261513734019574e-04
-6.7411726787330070e-04
-6.3575924210065491e-04
-5.9318192855334015e-04
-5.5208328585103878e-04
-5.1268035428995279e-04
-4.7288459916176357e-04
-4.3205125539827255e-04
-3.8840814556103499e-04
-3.5000204821719470e-04
-3.1308808128526036e-04
-2.7823928590847572e-04
-2.4148459120026919e-04
-2.1158820432887911e-04
-1.8556662856671362e-04
-1.6280502472894819e-04
-1.4130903714646722e-04
-1.2502776928700394e-04
-1.1267974319290953e-04
-1.0293325245201967e-04
-9.5078486471973490e-05
-9.0187017609059158e-05
-8.7208496041652262e-05
-8.5586602098971026e-05
-8.5215066628598109e-05
-8.5712826757801538e-05
-8.6724561148240943e-05
-8.8179882663923570e-05
-9.0141351948142887e-05
-9.1867568702943956e-05
-9.3676510771385015e-05
-9.5518944143836560e-05
-9.7293131856023853e-05
-9.8780320986268868e-05
-1.0011274526773024e-04
-1.0139323048385273e-04
-1.0242692112872443e-04
-1.0327625324501928e-04
-1.0396331015215275e-04
-1.0458274083125564e-04
-1.0499145202345405e-04
-1.0523977600931548e-04
-1.0544091908451801e-04
-1.0553848592494151e-04
-1.0550271430792293e-04
-1.0540716371174237e-04
-1.0525272553914333e-04
-1.0500863481486782e-04
-1.0470870611681670e-04
-1.0439061839279985e-04
-1.0401903801057394e-04
-1.0361368617727692e-04
-1.0315002262425106e-04
-1.0269110938856312e-04
-1.0220476549341647e-04
-1.0167710395519032e-04
-1.0116628685461032e-04
-1.0064487357303526e-04
-1.0005585716810698e-04
-9.9506592854090492e-05
-9.8954583354108415e-05
-9.8350507527906249e-05
-9.7789546809012669e-05
-9.7232636715630056e-05
-9.6586134957426798e-05
-9.6025829672737999e-05
-9.5447256219032843e-05
-9.4819937131674834e-05
-9.4260637991945510e-05
-9.3667199669779283e-05
-9.3043133642548983e-05
-9.2480450969688292e-05
-9.1867477295415871e-05
-9.1278174198182425e-05
-9.0725456035689269e-05
-9.0086606273460734e-05
-8.9525325329340664e-05
-8.8961178959671739e-05
-8.8312284237623812e-05
-8.7791394388213521e-05
-8.7198953383110672e-05
-8.6597468533631459e-05
-8.6075904837665615e-05
-8.5433989999444165e-05
-8.4896010907765829e-05
-8.4350943800111500e-05
-8.3732655323594899e-05
-8.3220580614890781e-05
-8.2625066165666292e-05
-8.2060343176827921e-05
-8.1542824069158140e-05
-8.0932946176526821e-05
-8.0424781115675655e-05
-7.9849981656240332e-05
-7.9306526984309207e-05
-7.8768356595881637e-05
-7.8198412648200494e-05
-7.7695724827136036e-05
-7.7104255597310094e-05
-7.6610594004330844e-05
-7.6055845384556659e-05
-7.5508911109152909e-05
-7.5024229269289160e-05
-7.4422691056409674e-05
-7.3961235369166871e-05
-7.3387089661813355e-05
-7.2890392500168152e-05
-7.2364718343353158e-05
-7.1835661344984777e-05
-7.1329954287044643e-05
-7.0795664375853922e-05
-7.0317087032561223e-05
-6.9752926659584331e-05
-6.9300977889095170e-05
-6.8737668618120887e-05
-6.8266858942188778e-05
-6.7741629067063388e-05
-6.7242199876928205e-05
-6.6744783393651906e-05
-6.6239453101818815e-05
-6.5749372812596939e-05
-6.5241435279766015e-05
-6.4762005683848480e-05
-6.4235262816549039e-05
-6.3789229084400750e-05
-6.3240782294266703e-05
-6.2809626905395571e-05
-6.2268101245872926e-05
-6.1830446196632643e-05
-6.1297263319582833e-05
-6.0860280396128581e-05
-6.0320247162657459e-05
-5.9900461711596154e-05
-5.9354099931685493e-05
-5.8936458935666955e-05
-5.8401997244261824e-05
-5.7975351642300530e-05
-5.7449517431776745e-05
-5.7018498118410216e-05
-5.6493196080450795e-05
-5.6071649565680099e-05
-5.5544945975595649e-05
-5.5115543642365822e-05
-5.4614593875151912e-05
-5.4159974954995264e-05
-5.3686055672752237e-05
-5.3213199226532082e-05
-5.2747192887891283e-05
-5.2271542672044557e-05
-5.1813560611421563e-05
-5.1327646380903715e-05
-5.0891310713260254e-05
-5.0380255352784458e-05
-4.9959336849386296e-05
-4.9448210517044719e-05
-4.9014540411506867e-05
-4.8529971281750445e-05
-4.8063810653674597e-05
-4.7614790116071699e-05
-4.7115973912844995e-05
-4.6692491407260261e-05
-4.6176405608973573e-05
-4.5741819633888146e-05
-4.5260793833548765e-05
-4.4796283291143869e-05
-4.4339860233946972e-05
-4.3850588833689323e-05
-4.3417378462045423e-05
-4.2904046359755540e-05
-4.2462382099914190e-05
-4.1981411247386029e-05
-4.1506110901318638e-05
-4.1058071354948004e-05
-4.0545377605436339e-05
-4.0097028805118697e-05
-3.9616085107082102e-05
-3.9132598601591070e-05
-3.8678701428140761e-05
-3.8159409976714698e-05
0.0000000000000000e+00
];
