%Vec Object:dSdr_b_aug_5350 1 MPI processes
%  type: seq
dSdr_b_aug_5350 = [
2.3256904097691458e+03
0.0000000000000000e+00
-8.8479025070054864e-07
-3.6537413946571023e-07
-2.2684642255157612e-07
-1.6101274705815728e-07
-1.2079908867872607e-07
-9.5937757052041599e-08
-7.9086374662609977e-08
-6.6401552783471652e-08
-5.6981784901587134e-08
-4.9760603606924823e-08
-4.3879774384369377e-08
-3.9115388402109577e-08
-3.5209214050610010e-08
-3.1915121691018551e-08
-2.9100112242016764e-08
-2.6698201823288913e-08
-2.4653480038875560e-08
-2.7430544123587763e-06
-6.8447520325200868e-04
-7.1982722380324192e-04
-6.8151732409192384e-04
-6.4278286274787948e-04
-5.9978331759320911e-04
-5.5828845877340977e-04
-5.1851402414565485e-04
-4.7834798339402334e-04
-4.3714158612043609e-04
-3.9311040254131041e-04
-3.5436472396773306e-04
-3.1712989374538649e-04
-2.8198230880889790e-04
-2.4491587035494676e-04
-2.1476751957574616e-04
-1.8852812744712578e-04
-1.6557658116876547e-04
-1.4390089405356664e-04
-1.2748339671678864e-04
-1.1503145759210275e-04
-1.0520070992360856e-04
-9.7276024843851269e-05
-9.2338241069306264e-05
-8.9327841352835336e-05
-8.7684191482805031e-05
-8.7299476599814890e-05
-8.7790726087227382e-05
-8.8799617475096541e-05
-9.0255178384613297e-05
-9.2218344229913769e-05
-9.3945781783844715e-05
-9.5756630178013921e-05
-9.7600065405948914e-05
-9.9373944910859707e-05
-1.0085984260771127e-04
-1.0218940232330753e-04
-1.0346500268152186e-04
-1.0449308446819565e-04
-1.0533587930398941e-04
-1.0601465689533495e-04
-1.0662438005589286e-04
-1.0702321498796101e-04
-1.0726055438515692e-04
-1.0744850216703334e-04
-1.0753398238393284e-04
-1.0748537750063755e-04
-1.0737559492949972e-04
-1.0720648076501146e-04
-1.0694815517629371e-04
-1.0663318392070006e-04
-1.0629906641387358e-04
-1.0591267711098243e-04
-1.0549245107748690e-04
-1.0501115763266300e-04
-1.0453704703775759e-04
-1.0403559762225883e-04
-1.0349003027734155e-04
-1.0296409352744791e-04
-1.0242761762012948e-04
-1.0182025505890784e-04
-1.0125582734613341e-04
-1.0068848775853089e-04
-1.0006658434087233e-04
-9.9490543851671784e-05
-9.8918445106145644e-05
-9.8253951186429706e-05
-9.7678626777951435e-05
-9.7084670630623172e-05
-9.6440103977446490e-05
-9.5866034861885128e-05
-9.5256971763455698e-05
-9.4616066254359695e-05
-9.4038740611267080e-05
-9.3409704993990391e-05
-9.2804600479051670e-05
-9.2237490639536680e-05
-9.1582056910303759e-05
-9.1005606193580887e-05
-9.0427030412867910e-05
-8.9761240878990917e-05
-8.9226127499910982e-05
-8.8618721840310884e-05
-8.8001330282299286e-05
-8.7465736238737202e-05
-8.6807603104109497e-05
-8.6255102128149775e-05
-8.5695682607697917e-05
-8.5061472946518772e-05
-8.4535629441280229e-05
-8.3924475161763565e-05
-8.3345030201848925e-05
-8.2813672341909057e-05
-8.2187659048134132e-05
-8.1666166111265273e-05
-8.1075918910113683e-05
-8.0518162331491352e-05
-7.9965802634646488e-05
-7.9380511990728502e-05
-7.8864470082028908e-05
-7.8257363391477885e-05
-7.7750068122270024e-05
-7.7180805604439565e-05
-7.6619162493047303e-05
-7.6120888120942019e-05
-7.5503812801098113e-05
-7.5029318513301918e-05
-7.4439692089153019e-05
-7.3929769531146111e-05
-7.3389160669126371e-05
-7.2846010046265022e-05
-7.2326365456253094e-05
-7.1777184497520981e-05
-7.1285504654090915e-05
-7.0705685673955339e-05
-7.0240991115577553e-05
-6.9662154279244163e-05
-6.9178074322589825e-05
-6.8638116569768096e-05
-6.8124760508116267e-05
-6.7613180535381611e-05
-6.7093502527655044e-05
-6.6589688261278789e-05
-6.6066914294296157e-05
-6.5574015518058619e-05
-6.5032182034129154e-05
-6.4572847066653058e-05
-6.4009156939383557e-05
-6.3564827664303755e-05
-6.3007895639597319e-05
-6.2557402713771108e-05
-6.2008272367655129e-05
-6.1558564372229420e-05
-6.1002508394257333e-05
-6.0570050077283884e-05
-6.0007563146425173e-05
-5.9577156841150109e-05
-5.9026729151047951e-05
-5.8587167234145877e-05
-5.8045372620450423e-05
-5.7601130825762346e-05
-5.7060018417643237e-05
-5.6624957255079083e-05
-5.6082640794293573e-05
-5.5639481999224388e-05
-5.5122970140389706e-05
-5.4654329710488426e-05
-5.4165070896265191e-05
-5.3677685767757536e-05
-5.3196647607962282e-05
-5.2705911320352140e-05
-5.2233278000352108e-05
-5.1731681369328523e-05
-5.1281178275780124e-05
-5.0753642473060586e-05
-5.0318849413026564e-05
-4.9791206530270769e-05
-4.9343167065172736e-05
-4.8842569119104671e-05
-4.8361168701411639e-05
-4.7896739655171614e-05
-4.7381766533827297e-05
-4.6943615907046448e-05
-4.6410310470302534e-05
-4.5961090779509692e-05
-4.5463269347936182e-05
-4.4983177908336310e-05
-4.4510840814626487e-05
-4.4004760363147249e-05
-4.3556384778034854e-05
-4.3025207450632744e-05
-4.2568042083867935e-05
-4.2070248796580643e-05
-4.1578128330034357e-05
-4.1114250403617024e-05
-4.0583257645539446e-05
-4.0118961006391975e-05
-3.9620766707269176e-05
-3.9119735850053995e-05
-3.8649824544741203e-05
-3.8112075604075250e-05
0.0000000000000000e+00
];
