%Vec Object:dSdr_b_aug_8520 1 MPI processes
%  type: seq
dSdr_b_aug_8520 = [
2.2854329123080001e+03
0.0000000000000000e+00
-6.7773088193096469e-07
-2.7938015854087288e-07
-1.7336754444626808e-07
-1.2276383178589982e-07
-9.1645970963646298e-08
-7.2405656667757633e-08
-5.9367221839460478e-08
-4.9586441912210011e-08
-4.2324521484217296e-08
-3.6757099804033900e-08
-3.2231679973528173e-08
-2.8567318385247614e-08
-2.5563152519525419e-08
-2.3031786857187458e-08
-2.0870858916119105e-08
-7.4151917725578764e-08
-4.8906454485786108e-04
-7.8240011606912441e-04
-7.4111328595606650e-04
-7.0233374740576876e-04
-6.6434338492602830e-04
-6.2649199254831585e-04
-5.8447196374564778e-04
-5.4389609857597397e-04
-5.0498333329571110e-04
-4.6567613800422035e-04
-4.2533500607466567e-04
-3.8220392599028159e-04
-3.4424587672000472e-04
-3.0775526116923261e-04
-2.7330069280156495e-04
-2.3695731705938346e-04
-2.0739337481591970e-04
-1.8165918895168671e-04
-1.5914819786699600e-04
-1.3788930865562293e-04
-1.2178778414010200e-04
-1.0957686258136352e-04
-9.9941541801528200e-05
-9.2179028224462819e-05
-8.7348668018857398e-05
-8.4412207002238759e-05
-8.2819017974238845e-05
-8.2464871250333450e-05
-8.2971221268702297e-05
-8.3986706431649077e-05
-8.5441711781718239e-05
-8.7400942310273454e-05
-8.9125548059838545e-05
-9.0931974647809211e-05
-9.2773086089364073e-05
-9.4547680390224116e-05
-9.6036573396691388e-05
-9.7372777171103285e-05
-9.8659707484205611e-05
-9.9700798486086574e-05
-1.0055875593576122e-04
-1.0125673664420487e-04
-1.0188897551706964e-04
-1.0231071754574567e-04
-1.0257353471405313e-04
-1.0279208780709328e-04
-1.0290560187312525e-04
-1.0288676261416660e-04
-1.0280998985262285e-04
-1.0267491535769436e-04
-1.0244960628309019e-04
-1.0216952491696600e-04
-1.0187258708412908e-04
-1.0152054577216020e-04
-1.0113481914064033e-04
-1.0069441668693955e-04
-1.0025555503494848e-04
-9.9789141550815018e-05
-9.9285105159836862e-05
-9.8794237113450527e-05
-9.8292697648943878e-05
-9.7727887396216020e-05
-9.7198629861573326e-05
-9.6666847073045942e-05
-9.6086293198964051e-05
-9.5545228920340225e-05
-9.5008358927711184e-05
-9.4385596258830299e-05
-9.3845107397620792e-05
-9.3286830066721752e-05
-9.2682267640150363e-05
-9.2142456195648911e-05
-9.1569633404330901e-05
-9.0967785607241625e-05
-9.0424423057595493e-05
-8.9832641718700900e-05
-8.9264187216486974e-05
-8.8730457618292719e-05
-8.8113488957649043e-05
-8.7572223208056673e-05
-8.7027115190124019e-05
-8.6400511703188556e-05
-8.5898388563142216e-05
-8.5325692125256698e-05
-8.4745194809344304e-05
-8.4242142951122101e-05
-8.3621626760159307e-05
-8.3102808046782079e-05
-8.2576677714667063e-05
-8.1979395872827136e-05
-8.1485487908885897e-05
-8.0910608872030915e-05
-8.0365310259944778e-05
-7.9866050198366877e-05
-7.9277461581824270e-05
-7.8786881510630496e-05
-7.8232464020641564e-05
-7.7707879488266441e-05
-7.7188430676008548e-05
-7.6638735378002152e-05
-7.6153667132111314e-05
-7.5582830191376103e-05
-7.5107157067286841e-05
-7.4571558293560770e-05
-7.4044031068338533e-05
-7.3577283412656601e-05
-7.2996245082949639e-05
-7.2551992715820589e-05
-7.1998272490656650e-05
-7.1519025111249415e-05
-7.1013056022426531e-05
-7.0502594359458619e-05
-7.0015276686980727e-05
-6.9500634243207265e-05
-6.9039344534240832e-05
-6.8495844358796234e-05
-6.8060712573055366e-05
-6.7517890602895858e-05
-6.7064589936364686e-05
-6.6558792244937156e-05
-6.6077738381006956e-05
-6.5599009421796493e-05
-6.5112609726072579e-05
-6.4640650258809517e-05
-6.4152288145908086e-05
-6.3690629997895806e-05
-6.3183797925143745e-05
-6.2755314054604931e-05
-6.2226979563772975e-05
-6.1813206013516955e-05
-6.1292007758190190e-05
-6.0871291215734931e-05
-6.0359149686577209e-05
-5.9938956438246210e-05
-5.9420063876888727e-05
-5.9016999224358534e-05
-5.8491913238577872e-05
-5.8091115017879122e-05
-5.7577719139260932e-05
-5.7168115558519695e-05
-5.6663339785378710e-05
-5.6249766461420458e-05
-5.5745324914277025e-05
-5.5341609886830794e-05
-5.4835506214990654e-05
-5.4424254433639399e-05
-5.3943837598682045e-05
-5.3507718953021216e-05
-5.3054038970309615e-05
-5.2600351986941904e-05
-5.2154178969625140e-05
-5.1698433666066780e-05
-5.1259782833216984e-05
-5.0794560347657084e-05
-5.0376917562637436e-05
-4.9887606931470765e-05
-4.9484994936039279e-05
-4.8995661022858738e-05
-4.8580950330633136e-05
-4.8117530160632870e-05
-4.7671477479972944e-05
-4.7242787547351314e-05
-4.6765289471403767e-05
-4.6361160819322091e-05
-4.5867795471925085e-05
-4.5452518144884723e-05
-4.4993653586747916e-05
-4.4549701713121220e-05
-4.4114277082963187e-05
-4.3647185284001911e-05
-4.3233985971288715e-05
-4.2744201486610175e-05
-4.2322992675758128e-05
-4.1864221684089994e-05
-4.1411119698314873e-05
-4.0983985655773889e-05
-4.0495448243539770e-05
-4.0068161401610992e-05
-3.9610014958505180e-05
-3.9149754481207058e-05
-3.8717204973603963e-05
-3.8223426655630594e-05
0.0000000000000000e+00
];
