%Vec Object:dSdr_b_aug_9000 1 MPI processes
%  type: seq
dSdr_b_aug_9000 = [
2.2792415172694855e+03
0.0000000000000000e+00
-6.5453805519142015e-07
-2.7107473398092257e-07
-1.6906421849482774e-07
-1.2032258535202296e-07
-9.0262350337545995e-08
-7.1670565931236933e-08
-5.9068558309423858e-08
-4.9601593664608218e-08
-4.2570459373201586e-08
-3.7179513169574374e-08
-3.2791367292924415e-08
-2.9236360111834190e-08
-2.6321467042174854e-08
-2.3863431088500658e-08
-2.1765817879625838e-08
-1.2399778757190593e-06
-7.5117620629316397e-04
-7.8066331092949105e-04
-7.3890714395992115e-04
-7.0023405645019726e-04
-6.6234952976864682e-04
-6.2460151993186776e-04
-5.8269517504875093e-04
-5.4222595389576925e-04
-5.0341318008686325e-04
-4.6420564856732856e-04
-4.2396492540711360e-04
-3.8093829686066267e-04
-3.4307164718140148e-04
-3.0666739322380773e-04
-2.7229324522536172e-04
-2.3603377654161521e-04
-2.0653765137698836e-04
-1.8086209176394538e-04
-1.5840222471193261e-04
-1.3719170236743499e-04
-1.2112684456853327e-04
-1.0894389161353600e-04
-9.9331248910001756e-05
-9.1587554318352330e-05
-8.6769659915797418e-05
-8.3841778976399971e-05
-8.2254445556750961e-05
-8.1903846010873951e-05
-8.2411948281494406e-05
-8.3428198540863764e-05
-8.4883139352379537e-05
-8.6841913144043402e-05
-8.8566190218727399e-05
-9.0372103625327443e-05
-9.2212945365997240e-05
-9.3987622577876303e-05
-9.5476863138410496e-05
-9.6813837884570994e-05
-9.8102082941168030e-05
-9.9144683556845605e-05
-1.0000440051115308e-04
-1.0070460960183814e-04
-1.0133946126474276e-04
-1.0176386150282006e-04
-1.0202963519306348e-04
-1.0225173982877468e-04
-1.0236850703598083e-04
-1.0235312188126285e-04
-1.0228017969267670e-04
-1.0214905528036464e-04
-1.0192757755821100e-04
-1.0165154493899145e-04
-1.0135892156909378e-04
-1.0101086612108190e-04
-1.0062914292436088e-04
-1.0019348561088831e-04
-9.9758714374205870e-05
-9.9296366587099549e-05
-9.8797149601317509e-05
-9.8310351055647306e-05
-9.7812865744140241e-05
-9.7252993419570519e-05
-9.6727817162061945e-05
-9.6200160515940160e-05
-9.5624404997262158e-05
-9.5087399487764029e-05
-9.4554617570480841e-05
-9.3936697552509722e-05
-9.3400251137925824e-05
-9.2846114110120806e-05
-9.2246193924367027e-05
-9.1710357868022557e-05
-9.1141740537910697e-05
-9.0544425144862043e-05
-9.0005003799919556e-05
-8.9417545587893428e-05
-8.8853344091294003e-05
-8.8323488061770782e-05
-8.7710983033237818e-05
-8.7173800279999455e-05
-8.6632575987452537e-05
-8.6010519798135481e-05
-8.5512224969918525e-05
-8.4943556325915948e-05
-8.4367340366677063e-05
-8.3868064835484777e-05
-8.3251913866612368e-05
-8.2737003779559650e-05
-8.2214736460038389e-05
-8.1621739871982131e-05
-8.1131537838382710e-05
-8.0560868328018688e-05
-8.0019532197275528e-05
-7.9523996895443356e-05
-7.8939751190780055e-05
-7.8452758375457837e-05
-7.7902498711556590e-05
-7.7381763599600228e-05
-7.6866133901730245e-05
-7.6320569233745048e-05
-7.5839095299826668e-05
-7.5272467250061335e-05
-7.4800463690789936e-05
-7.4268771397373564e-05
-7.3745203121026868e-05
-7.3282113956985051e-05
-7.2705257509235170e-05
-7.2264514541550397e-05
-7.1714961021375148e-05
-7.1239273319090396e-05
-7.0737323974790514e-05
-7.0230655676747770e-05
-6.9747089356699850e-05
-6.9236454908213935e-05
-6.8778691800557809e-05
-6.8239406213129589e-05
-6.7807705019211722e-05
-6.7269062367819089e-05
-6.6819333463594504e-05
-6.6317499853100719e-05
-6.5840194476859279e-05
-6.5365277692651421e-05
-6.4882739758013262e-05
-6.4414476862487347e-05
-6.3930108052737621e-05
-6.3472075207140718e-05
-6.2969304853754734e-05
-6.2544401084460948e-05
-6.2020169420661778e-05
-6.1609941697399434e-05
-6.1092890151208824e-05
-6.0675629000230635e-05
-6.0167779823192784e-05
-5.9751011607609003e-05
-5.9236431662481733e-05
-5.8836777994679182e-05
-5.8316032192212284e-05
-5.7918669841876733e-05
-5.7409571314654729e-05
-5.7003444253045425e-05
-5.6502964330570314e-05
-5.6092949937430940e-05
-5.5592763865481690e-05
-5.5192686413422571e-05
-5.4690785066869172e-05
-5.4283235954593268e-05
-5.3807007786618255e-05
-5.3374663159364392e-05
-5.2925111951988287e-05
-5.2475335507447706e-05
-5.2033208458066877e-05
-5.1581523732845158e-05
-5.1146816456169716e-05
-5.0685815073602619e-05
-5.0271985641700670e-05
-4.9787110936378339e-05
-4.9388233496787656e-05
-4.8903345262891976e-05
-4.8492502344801325e-05
-4.8033396624519739e-05
-4.7591446053092132e-05
-4.7166903675320469e-05
-4.6693754635338689e-05
-4.6293574350990926e-05
-4.5804844187574043e-05
-4.5393506105144336e-05
-4.4939162775936384e-05
-4.4499405299220260e-05
-4.4068264883669529e-05
-4.3605698398611289e-05
-4.3196582215610261e-05
-4.2711602569235019e-05
-4.2294568171739351e-05
-4.1840327984618156e-05
-4.1391757309046078e-05
-4.0968892130508734e-05
-4.0485288957940518e-05
-4.0062309198717821e-05
-3.9608832435320481e-05
-3.9153350720548648e-05
-3.8725270661069816e-05
-3.8237306489782433e-05
0.0000000000000000e+00
];
