%Vec Object:dSdr_b_aug_4800 1 MPI processes
%  type: seq
dSdr_b_aug_4800 = [
2.3382748810291309e+03
0.0000000000000000e+00
-9.6185138360337184e-07
-3.9655553522869011e-07
-2.4567601798726239e-07
-1.7409382893395423e-07
-1.3050753307735795e-07
-1.0356545959042292e-07
-8.5304634981086490e-08
-7.1555104649887578e-08
-6.1345684408173760e-08
-5.3519683095514883e-08
-4.7147138873098450e-08
-4.1984894021763679e-08
-3.7752791637341752e-08
-3.4184352856719910e-08
-3.1135416337677064e-08
-2.8534067769464655e-08
-2.6285047988744721e-08
-3.1068766379658262e-08
-1.3242057614535778e-04
-7.2002539422819296e-04
-6.8515702304533120e-04
-6.4627779749198229e-04
-6.0306888154921070e-04
-5.6137684068892487e-04
-5.2141750552550984e-04
-4.8106716957973118e-04
-4.3967509947806890e-04
-3.9545076733299249e-04
-3.5653607544953433e-04
-3.1914154804029007e-04
-2.8384525225440130e-04
-2.4662365550735024e-04
-2.1634989951797935e-04
-1.9000209778564356e-04
-1.6695601506235458e-04
-1.4519088950820094e-04
-1.2870558925860682e-04
-1.1620193147365460e-04
-1.0632924820468568e-04
-9.8369763620106011e-05
-9.3408928407767789e-05
-9.0382662591014922e-05
-8.8728184606628928e-05
-8.8336910271703353e-05
-8.8824919421519078e-05
-8.9832395889932615e-05
-9.1288076016581075e-05
-9.3252086321513733e-05
-9.4980131538386007e-05
-9.6791928785182988e-05
-9.8635862512335337e-05
-1.0040958849320215e-04
-1.0189484331257184e-04
-1.0322297725186592e-04
-1.0449614636643924e-04
-1.0552143656621939e-04
-1.0636097772886618e-04
-1.0703563461674847e-04
-1.0764052624145364e-04
-1.0803444565290338e-04
-1.0826631790202798e-04
-1.0844769824370338e-04
-1.0852716281742951e-04
-1.0847217067850180e-04
-1.0835530469895178e-04
-1.0817888613388753e-04
-1.0791347569844668e-04
-1.0759101759832893e-04
-1.0724892189405098e-04
-1.0685516203013968e-04
-1.0642753294522513e-04
-1.0593746491093855e-04
-1.0545579042471476e-04
-1.0494682282705571e-04
-1.0439234356666396e-04
-1.0385888160238679e-04
-1.0331490886190402e-04
-1.0269841521824906e-04
-1.0212644051640637e-04
-1.0155147097681461e-04
-1.0092069457204978e-04
-1.0033714871647549e-04
-9.9757490412876514e-05
-9.9084041597640943e-05
-9.8501242007165078e-05
-9.7899629725109872e-05
-9.7246478769784286e-05
-9.6665058475842018e-05
-9.6048218755423348e-05
-9.5398932051994325e-05
-9.4814318442527790e-05
-9.4177288620514779e-05
-9.3564319567122941e-05
-9.2990046832575215e-05
-9.2326359081479161e-05
-9.1742358202971628e-05
-9.1156600746539258e-05
-9.0482402479857485e-05
-8.9940209894464869e-05
-8.9325356161789490e-05
-8.8700047659299970e-05
-8.8157470556692166e-05
-8.7491265396832162e-05
-8.6931536718575913e-05
-8.6364973843632405e-05
-8.5722840032925846e-05
-8.5190143645372970e-05
-8.4571205249440057e-05
-8.3984433001698544e-05
-8.3446187441620277e-05
-8.2812143380277045e-05
-8.2284017011928094e-05
-8.1686081298809322e-05
-8.1121206502862591e-05
-8.0561784630061597e-05
-7.9968855765510989e-05
-7.9446167379353146e-05
-7.8831277751395578e-05
-7.8317196850331448e-05
-7.7740710604502119e-05
-7.7171746742311537e-05
-7.6666707216025922e-05
-7.6041898905706502e-05
-7.5560915161520799e-05
-7.4963583812788647e-05
-7.4447078827930119e-05
-7.3899036797199502e-05
-7.3348871620666203e-05
-7.2822290165841809e-05
-7.2265697767083791e-05
-7.1767496663264056e-05
-7.1179884220070770e-05
-7.0708845940750854e-05
-7.0122280862119847e-05
-6.9631596138487029e-05
-6.9084308156526356e-05
-6.8564020535213032e-05
-6.8045391235363350e-05
-6.7518572208860006e-05
-6.7007922388111384e-05
-6.6477764161639112e-05
-6.5978161623038098e-05
-6.5428817369891793e-05
-6.4962862227826876e-05
-6.4391585320300624e-05
-6.3940699253324190e-05
-6.3376099307113623e-05
-6.2919216824640787e-05
-6.2362149243224167e-05
-6.1906107834756193e-05
-6.1342077155527881e-05
-6.0903311408491532e-05
-6.0332798806925226e-05
-5.9896039060853182e-05
-5.9337664911147413e-05
-5.8891674395461590e-05
-5.8341936106261357e-05
-5.7891113329477230e-05
-5.7342131917889773e-05
-5.6900344357664827e-05
-5.6350257189797367e-05
-5.5900251642186238e-05
-5.5375994348107092e-05
-5.4900375246683193e-05
-5.4403481765784208e-05
-5.3908865538296295e-05
-5.3420345860580992e-05
-5.2922101052520294e-05
-5.2442175621455655e-05
-5.1932773667266777e-05
-5.1475219268182676e-05
-5.0939480943760845e-05
-5.0497782337571090e-05
-4.9961918955949895e-05
-4.9506727669217888e-05
-4.8998151967299558e-05
-4.8509166496180693e-05
-4.8037068417505508e-05
-4.7514053764829814e-05
-4.7068602589383134e-05
-4.6526726674897754e-05
-4.6070223536436443e-05
-4.5564042631928850e-05
-4.5076196285905559e-05
-4.4595938453004362e-05
-4.4081491769410106e-05
-4.3625568063879732e-05
-4.3085508681444824e-05
-4.2620627866952591e-05
-4.2114461364165937e-05
-4.1613968640274039e-05
-4.1142206770788710e-05
-4.0602104855001928e-05
-4.0129868279167330e-05
-3.9623083568278596e-05
-3.9113310865897297e-05
-3.8635401393571889e-05
-3.8088317642174152e-05
0.0000000000000000e+00
];
