%Vec Object:dSdr_b_aug_2040 1 MPI processes
%  type: seq
dSdr_b_aug_2040 = [
2.4082561075000940e+03
0.0000000000000000e+00
-1.5655223764778875e-06
-6.4234930305551781e-07
-3.9481190016811209e-07
-2.7856345062011917e-07
-2.0900533510446339e-07
-1.6603842205393156e-07
-1.3691643518469733e-07
-1.1490596930266556e-07
-9.8565319183336432e-08
-8.6042548696609332e-08
-7.5834989127597311e-08
-6.7565059677881419e-08
-6.0785915905184454e-08
-5.5068736133225733e-08
-5.0182678585520620e-08
-4.6014140551273364e-08
-4.2410082165942629e-08
-3.9229368189050049e-08
-3.6442856463869306e-08
-3.3985526926444429e-08
-3.3353431120715750e-08
-8.8936067696271891e-06
-5.3373577279971812e-04
-5.8344991947725702e-04
-5.4434207230724555e-04
-5.0261716136136819e-04
-4.5975778078024974e-04
-4.1400267817306069e-04
-3.7374825367289430e-04
-3.3508781873908984e-04
-2.9861270110919465e-04
-2.6016117375493922e-04
-2.2889333803520259e-04
-2.0168617973845027e-04
-1.7789071216719026e-04
-1.5541661338373312e-04
-1.3839384341294905e-04
-1.2548021479842229e-04
-1.1527511041882074e-04
-1.0703977211798194e-04
-1.0189620938585887e-04
-9.8744173774928571e-05
-9.7003861801405201e-05
-9.6560590902075274e-05
-9.7022913909159918e-05
-9.8019174220833694e-05
-9.9475799204789444e-05
-1.0144650332641892e-04
-1.0317936530025753e-04
-1.0499868390286986e-04
-1.0684657004743924e-04
-1.0861907983579108e-04
-1.1009923933321601e-04
-1.1141607138411575e-04
-1.1266996786323132e-04
-1.1367312903024713e-04
-1.1448687824819929e-04
-1.1512887030938745e-04
-1.1569546239463522e-04
-1.1605041653945647e-04
-1.1623895081631302e-04
-1.1636827124486371e-04
-1.1640004997902738e-04
-1.1629442626050454e-04
-1.1612141034755260e-04
-1.1588709006518012e-04
-1.1556551831092319e-04
-1.1518371228605655e-04
-1.1477837373736384e-04
-1.1432618773384281e-04
-1.1383987496573026e-04
-1.1328025115157531e-04
-1.1273861802398967e-04
-1.1217005412378505e-04
-1.1154493052256200e-04
-1.1095181652036424e-04
-1.1034841672238899e-04
-1.0965954142635723e-04
-1.0902774209146401e-04
-1.0839229028055442e-04
-1.0769117818962896e-04
-1.0704813769894340e-04
-1.0640855518682063e-04
-1.0566412140559043e-04
-1.0502206645282981e-04
-1.0435976440778232e-04
-1.0363856616127506e-04
-1.0299887347723324e-04
-1.0232038890090677e-04
-1.0160466493249834e-04
-1.0096228001317344e-04
-1.0026188057170183e-04
-9.9586569756465970e-05
-9.8955517147296385e-05
-9.8226400223440819e-05
-9.7582549630391020e-05
-9.6939863427695255e-05
-9.6199009605292573e-05
-9.5600700543513057e-05
-9.4926806366812914e-05
-9.4238740721175736e-05
-9.3640809331204964e-05
-9.2910617713171646e-05
-9.2293595475666083e-05
-9.1670407662141045e-05
-9.0965459596820366e-05
-9.0378440827664554e-05
-8.9697798212352977e-05
-8.9052942999454064e-05
-8.8460099060593662e-05
-8.7762395592411589e-05
-8.7181686419450161e-05
-8.6522804340903421e-05
-8.5901503872585193e-05
-8.5286100564805489e-05
-8.4632623993447528e-05
-8.4057249391529724e-05
-8.3380664897129221e-05
-8.2812794713040973e-05
-8.2179046422796936e-05
-8.1552051422968363e-05
-8.0993384941726229e-05
-8.0307277696241967e-05
-7.9774852439391222e-05
-7.9116444634218163e-05
-7.8547761167884072e-05
-7.7940796875739334e-05
-7.7335027776271413e-05
-7.6753458234784483e-05
-7.6138115820892802e-05
-7.5588221105258663e-05
-7.4938830376025922e-05
-7.4417505832797011e-05
-7.3769679472821532e-05
-7.3226639192299885e-05
-7.2621244959713898e-05
-7.2046011319423840e-05
-7.1471502467004901e-05
-7.0888077055996515e-05
-7.0323242251665692e-05
-6.9734549490910259e-05
-6.9181806681659541e-05
-6.8572925065209594e-05
-6.8054492253668717e-05
-6.7423075454936510e-05
-6.6920214156298438e-05
-6.6294831124601663e-05
-6.5787299082874378e-05
-6.5167313589877286e-05
-6.4661067678546168e-05
-6.4033822107802178e-05
-6.3545057833987493e-05
-6.2910926321287585e-05
-6.2423803336694118e-05
-6.1802438191483155e-05
-6.1305488679605323e-05
-6.0692781480550960e-05
-6.0189791791693533e-05
-5.9578433410890108e-05
-5.9083326258799657e-05
-5.8471641335233573e-05
-5.7967362175526016e-05
-5.7381707481817893e-05
-5.6850769086627885e-05
-5.6293356295915932e-05
-5.5741419836401850e-05
-5.5193594892865971e-05
-5.4635830797677406e-05
-5.4098101571890787e-05
-5.3526827655045392e-05
-5.3013378380580193e-05
-5.2412619605492712e-05
-5.1916181639142206e-05
-5.1315155408021303e-05
-5.0803272671030091e-05
-5.0231458467248385e-05
-4.9682347510110894e-05
-4.9149458351684894e-05
-4.8562699974379823e-05
-4.8059378940099407e-05
-4.7449566712692506e-05
-4.6935329683701594e-05
-4.6362885590561544e-05
-4.5813568769402625e-05
-4.5270526367262208e-05
-4.4689764322337780e-05
-4.4174011148047154e-05
-4.3563549389172477e-05
-4.3037515305406901e-05
-4.2464983667960080e-05
-4.1898136729890340e-05
-4.1363896748679752e-05
-4.0751613605847261e-05
-4.0216480729397143e-05
-3.9641678408129798e-05
-3.9062775295397766e-05
-3.8521928948186860e-05
-3.7903308608140757e-05
0.0000000000000000e+00
];
