%Vec Object:dSdr_b_aug_8990 1 MPI processes
%  type: seq
dSdr_b_aug_8990 = [
2.2793239420992404e+03
0.0000000000000000e+00
-6.5486094097868966e-07
-2.7120034328824808e-07
-1.6913689959104762e-07
-1.2037049711197388e-07
-9.0295757755932498e-08
-7.1695046969332609e-08
-5.9087011641879005e-08
-4.9615584108508407e-08
-4.2581152609946465e-08
-3.7187685170141024e-08
-3.2797523621248537e-08
-2.9240896544996020e-08
-2.6324680298132066e-08
-2.3865541737631597e-08
-2.1766887588329480e-08
-1.1924841027652991e-06
-7.4918822075202161e-04
-7.8070764575821822e-04
-7.3895610413944037e-04
-7.0028061596252075e-04
-6.6239374204770350e-04
-6.2464343977332282e-04
-5.8273457403308507e-04
-5.4226298812778495e-04
-5.0344799708188252e-04
-4.6423825559193993e-04
-4.2399530594166066e-04
-3.8096636125989147e-04
-3.4309768486254791e-04
-3.0669151590079777e-04
-2.7231558464047386e-04
-2.3605425538030414e-04
-2.0655662642254368e-04
-1.8087976681030460e-04
-1.5841876612685167e-04
-1.3720717128334913e-04
-1.2114150042745648e-04
-1.0895792728953817e-04
-9.9344781716515781e-05
-9.1600669827783047e-05
-8.6782499005060549e-05
-8.3854427808461766e-05
-8.2266964544605890e-05
-8.1916286342177609e-05
-8.2424349757361564e-05
-8.3440583050741775e-05
-8.4895525292810991e-05
-8.6854309211741097e-05
-8.8578593574061693e-05
-9.0384518359620168e-05
-9.2225366080277426e-05
-9.4000041453267747e-05
-9.5489274306686367e-05
-9.6826231956786201e-05
-9.8114447859608180e-05
-9.9157015000433607e-05
-1.0001669293876642e-04
-1.0071685261648298e-04
-1.0135164634247580e-04
-1.0177598763651732e-04
-1.0204169576788135e-04
-1.0226372165057978e-04
-1.0238041672161540e-04
-1.0236495497453140e-04
-1.0229192784567464e-04
-1.0216071584306092e-04
-1.0193915316336667e-04
-1.0166303076605086e-04
-1.0137031172601052e-04
-1.0102216789429871e-04
-1.0064035592426326e-04
-1.0020459339071316e-04
-9.9769731451996804e-05
-9.9307293510969032e-05
-9.8807969658352532e-05
-9.8321080874426130e-05
-9.7823505664990866e-05
-9.7263523845435773e-05
-9.6738257088548564e-05
-9.6210508948195656e-05
-9.5634647029464159e-05
-9.5097551519692587e-05
-9.4564678952294449e-05
-9.3946651552056514e-05
-9.3410115499146598e-05
-9.2855886663121984e-05
-9.2255863539053757e-05
-9.1719939331359624e-05
-9.1151228748200403e-05
-9.0553812852390647e-05
-9.0014304114097778e-05
-8.9426750039880512e-05
-8.8862454235978682e-05
-8.8332512312887473e-05
-8.7719908306568825e-05
-8.7182635015860811e-05
-8.6641324604531933e-05
-8.6019167582212624e-05
-8.5520787863970307e-05
-8.4952029906626894e-05
-8.4375719011530034e-05
-8.3876359743138688e-05
-8.3260111978757863e-05
-8.2745115220869881e-05
-8.2222762241967339e-05
-8.1629670631644605e-05
-8.1139386421848943e-05
-8.0568623568417623e-05
-8.0027199572653892e-05
-7.9531581677102069e-05
-7.8947239671656804e-05
-7.8460167311664636e-05
-7.7909815451125057e-05
-7.7388994981198898e-05
-7.6873280597374052e-05
-7.6327624335810782e-05
-7.5846070700769477e-05
-7.5279349322051966e-05
-7.4807264392986837e-05
-7.4275485476354473e-05
-7.3751829413344570e-05
-7.3288659125056950e-05
-7.2711709947274419e-05
-7.2270889161358607e-05
-7.1721243247695085e-05
-7.1245476612317158e-05
-7.0743438133275371e-05
-7.0236685720294277e-05
-6.9753036216906963e-05
-6.9242312894223198e-05
-6.8784471586926625e-05
-6.8245092544269904e-05
-6.7813315279659689e-05
-6.7274579955119336e-05
-6.6824771849863574e-05
-6.6322850338971999e-05
-6.5845461842959266e-05
-6.5370460526767755e-05
-6.4887836960619399e-05
-6.4419492096541787e-05
-6.3935034738449846e-05
-6.3476921504662534e-05
-6.2974061085875233e-05
-6.2549077930711242e-05
-6.2024755290001279e-05
-6.1614448940896689e-05
-6.1097305444765727e-05
-6.0679967673311645e-05
-6.0172023316835312e-05
-5.9755179153988173e-05
-5.9240503580113964e-05
-5.8840774276584687e-05
-5.8319932234129676e-05
-5.7922493696286481e-05
-5.7413299878886114e-05
-5.7007095728461282e-05
-5.6506520549136298e-05
-5.6096427239819870e-05
-5.5596146806378734e-05
-5.5195988694323273e-05
-5.4693994164912970e-05
-5.4286362949318720e-05
-5.3810041901437027e-05
-5.3377613588848751e-05
-5.2927970829726218e-05
-5.2478107672736986e-05
-5.2035890907938574e-05
-5.1584116143408211e-05
-5.1149321422392745e-05
-5.0688226441199152e-05
-5.0274312452331322e-05
-4.9789339385104479e-05
-4.9390379136105147e-05
-4.8905392324365466e-05
-4.8494463643237769e-05
-4.8035262255475206e-05
-4.7593220725340501e-05
-4.7168586381470811e-05
-4.6695340908121441e-05
-4.6295073075383956e-05
-4.5806240134572418e-05
-4.5394814707383140e-05
-4.4940371129281055e-05
-4.4500520652077411e-05
-4.4069285245875789e-05
-4.3606618425938879e-05
-4.3197411715705670e-05
-4.2712325542378462e-05
-4.2295198602041646e-05
-4.1840857976686414e-05
-4.1392186862675913e-05
-4.0969227082751746e-05
-4.0485514584744955e-05
-4.0062439462239443e-05
-3.9608859412158081e-05
-3.9153272285706944e-05
-3.8725094677947908e-05
-3.8237009876930897e-05
0.0000000000000000e+00
];
