%Vec Object:dSdr_b_aug_5890 1 MPI processes
%  type: seq
dSdr_b_aug_5890 = [
2.3199867073643763e+03
0.0000000000000000e+00
-8.5205448912489865e-07
-3.5213809682859304e-07
-2.1885834383293913e-07
-1.5546961388560204e-07
-1.1669191874838051e-07
-9.2716446289659590e-08
-7.6465039472639818e-08
-6.4233031860645941e-08
-5.5149044370436936e-08
-4.8185021626273412e-08
-4.2513128111638862e-08
-3.7917748301916703e-08
-3.4150000383271825e-08
-3.0972379837306368e-08
-2.8256635707879144e-08
-2.5939338781014627e-08
-2.4389715251782930e-08
-3.1427402729171100e-05
-7.4634807702824335e-04
-7.1658183345337044e-04
-6.7795750181409904e-04
-6.3940134509946859e-04
-5.9660503180790066e-04
-5.5530093281339846e-04
-5.1570536105044061e-04
-4.7571759706686341e-04
-4.3469080919067801e-04
-3.9084646662282288e-04
-3.5226428197649351e-04
-3.1518393379436249e-04
-2.8018020333875977e-04
-2.4326385626953812e-04
-2.1323681541971545e-04
-1.8710229263065579e-04
-1.6424219558223646e-04
-1.4265302617954285e-04
-1.2630111756163336e-04
-1.1389920815113610e-04
-1.0410902661246553e-04
-9.6218004602699318e-05
-9.1302519471373524e-05
-8.8307467702011417e-05
-8.6674292311796923e-05
-8.6295922641861647e-05
-8.6790306616995304e-05
-8.7800566686280142e-05
-8.9256012317524158e-05
-9.1218361382251807e-05
-9.2945211212349963e-05
-9.4755141827207581e-05
-9.6598094673274590e-05
-9.8372122538111195e-05
-9.9858641979045368e-05
-1.0118958083713365e-04
-1.0246753302410935e-04
-1.0349831521678940e-04
-1.0434425745601678e-04
-1.0502702116811528e-04
-1.0564141806936212e-04
-1.0604500798527164e-04
-1.0628763598045207e-04
-1.0648193672136367e-04
-1.0657323612069717e-04
-1.0653080989743216e-04
-1.0642787940570424e-04
-1.0626583109640041e-04
-1.0601435897940809e-04
-1.0570663006591098e-04
-1.0538023020855145e-04
-1.0500097076239165e-04
-1.0458790601532326e-04
-1.0411510060561161e-04
-1.0364830688512947e-04
-1.0315413012787314e-04
-1.0261718366027542e-04
-1.0209852637165340e-04
-1.0156930247142947e-04
-1.0097077279790189e-04
-1.0041364561059488e-04
-9.9853686802280718e-05
-9.9240366606008902e-05
-9.8671586379331353e-05
-9.8106800318457202e-05
-9.7450968854164184e-05
-9.6882875509962324e-05
-9.6296325470493534e-05
-9.5660062782027883e-05
-9.5093104777015046e-05
-9.4491564339364980e-05
-9.3858766320279553e-05
-9.3288490640327918e-05
-9.2667188161398625e-05
-9.2069691353042024e-05
-9.1509510489999428e-05
-9.0862061231795755e-05
-9.0292914111667026e-05
-8.9721285475051994e-05
-8.9063630071061295e-05
-8.8535364713081288e-05
-8.7935163898456402e-05
-8.7325430748080564e-05
-8.6796591724192974e-05
-8.6146267013752673e-05
-8.5600757711699503e-05
-8.5048248271955392e-05
-8.4421703988616165e-05
-8.3902489577873058e-05
-8.3298865216248772e-05
-8.2726508264154906e-05
-8.2201813179812991e-05
-8.1583568400651411e-05
-8.1068492274483970e-05
-8.0485682509424722e-05
-7.9934811696194102e-05
-7.9389283553618745e-05
-7.8811381697191894e-05
-7.8301769219772292e-05
-7.7702191307863196e-05
-7.7201460080324541e-05
-7.6639185393847053e-05
-7.6084623968329044e-05
-7.5592893829436780e-05
-7.4983298973279453e-05
-7.4515082224586868e-05
-7.3932909115131452e-05
-7.3429354031082097e-05
-7.2895935602842107e-05
-7.2359570469497395e-05
-7.1846636217404012e-05
-7.1304624674126696e-05
-7.0819253136889014e-05
-7.0246973120330184e-05
-6.9788415127059792e-05
-6.9217054164065822e-05
-6.8739363294396458e-05
-6.8206496400120028e-05
-6.7699845547040388e-05
-6.7195084704850728e-05
-6.6682314525458327e-05
-6.6185112598853910e-05
-6.5669481758467006e-05
-6.5183067834836709e-05
-6.4648499857002938e-05
-6.4195568885090990e-05
-6.3639217794018922e-05
-6.3201231202923228e-05
-6.2651716707263884e-05
-6.2207404693031537e-05
-6.1665952396482181e-05
-6.1222371004212938e-05
-6.0674029320183727e-05
-6.0247672473826855e-05
-5.9692949144115256e-05
-5.9268688819968806e-05
-5.8725948109200685e-05
-5.8292604879824035e-05
-5.7758494555267417e-05
-5.7320618858380862e-05
-5.6787118509528312e-05
-5.6358564115408518e-05
-5.5823764631904137e-05
-5.5387229034566340e-05
-5.4878209711561158e-05
-5.4416320096346248e-05
-5.3934446672948014e-05
-5.3454056550477849e-05
-5.2980255641995865e-05
-5.2496782731271685e-05
-5.2031203451138908e-05
-5.1537157318699630e-05
-5.1093475336032681e-05
-5.0573874274432023e-05
-5.0145761342528059e-05
-4.9626070610544324e-05
-4.9184949529168917e-05
-4.8692068943831920e-05
-4.8218006025067643e-05
-4.7760995733590704e-05
-4.7253801726089654e-05
-4.6822713454900146e-05
-4.6297698868431199e-05
-4.5855525067983396e-05
-4.5365790467287502e-05
-4.4893201101677857e-05
-4.4428526584919524e-05
-4.3930539769436810e-05
-4.3489466572380201e-05
-4.2966882216892477e-05
-4.2517181595898325e-05
-4.2027489765798625e-05
-4.1543470466928712e-05
-4.1087222353077331e-05
-4.0565046356853044e-05
-4.0108438644623265e-05
-3.9618569264541328e-05
-3.9126026793260804e-05
-3.8663942496473098e-05
-3.8135702436117248e-05
0.0000000000000000e+00
];
