%Vec Object:dSdr_b_aug_4170 1 MPI processes
%  type: seq
dSdr_b_aug_4170 = [
2.3473959994287679e+03
0.0000000000000000e+00
-1.0233297236609270e-06
-4.2197700103133328e-07
-2.6138710153249870e-07
-1.8528241730006072e-07
-1.3902355575030982e-07
-1.1043061243246240e-07
-9.1050027371739510e-08
-7.6446376014833038e-08
-6.5602334714120853e-08
-5.7289950501813376e-08
-5.0518697631827171e-08
-4.5032825215240737e-08
-4.0535294790178507e-08
-3.6742384187220244e-08
-3.3500964121126669e-08
-3.0735287079585944e-08
-2.8343931099243545e-08
-2.6338361798070926e-08
-4.3761265627062628e-06
-6.5731868328620252e-04
-6.8951060626765430e-04
-6.5110410665900423e-04
-6.0761727133992955e-04
-5.6565252765424141e-04
-5.2543721679244740e-04
-4.8483173456760463e-04
-4.4318261057418033e-04
-3.9869087476420567e-04
-3.5954219316149420e-04
-3.2192657369681856e-04
-2.8642439584059838e-04
-2.4898799088673577e-04
-2.1854061821326005e-04
-1.9204272928777770e-04
-1.6886576600351827e-04
-1.4697681779862070e-04
-1.3039764810662041e-04
-1.1782238865182945e-04
-1.0789164782720031e-04
-9.9883985223361721e-05
-9.4891236552718762e-05
-9.1843004987511958e-05
-9.0173536072763862e-05
-8.9773180539026650e-05
-9.0256703623482095e-05
-9.1262221218567060e-05
-9.2718066400415022e-05
-9.4683245819293308e-05
-9.6412132317385779e-05
-9.8225243203775765e-05
-1.0006986725124904e-04
-1.0184338084939127e-04
-1.0332774579143621e-04
-1.0465390582166696e-04
-1.0592370889072120e-04
-1.0694513417749415e-04
-1.0778017070062795e-04
-1.0844912259882384e-04
-1.0904732521932299e-04
-1.0943443936157570e-04
-1.0965874264325412e-04
-1.0983103072291640e-04
-1.0990216696750981e-04
-1.0983833202218148e-04
-1.0971165945058479e-04
-1.0952512834183139e-04
-1.0924990932298305e-04
-1.0891708609538013e-04
-1.0856394501225856e-04
-1.0815998100895801e-04
-1.0772210280346899e-04
-1.0721988682888681e-04
-1.0672774054796085e-04
-1.0620836443740885e-04
-1.0564154711627159e-04
-1.0509766690333929e-04
-1.0454331520643535e-04
-1.0391418007727967e-04
-1.0333175698086942e-04
-1.0274622418904388e-04
-1.0210316361765047e-04
-1.0150922699181793e-04
-1.0091910289248793e-04
-1.0023325651284303e-04
-9.9640107940696842e-05
-9.9027896157759585e-05
-9.8362860704330593e-05
-9.7771263104935309e-05
-9.7143657075564099e-05
-9.6482767065698586e-05
-9.5888063664340375e-05
-9.5239966301879469e-05
-9.4616109223938586e-05
-9.4031919851932140e-05
-9.3356804857702965e-05
-9.2762351191993676e-05
-9.2166651097229718e-05
-9.1480811398525800e-05
-9.0928818038092581e-05
-9.0303652853967710e-05
-8.9667383772596690e-05
-8.9115139004610532e-05
-8.8437758564988784e-05
-8.7868023526071573e-05
-8.7291571065375612e-05
-8.6638466700711463e-05
-8.6096282870290637e-05
-8.5466567788588279e-05
-8.4869651309351683e-05
-8.4321870102966831e-05
-8.3676707880705458e-05
-8.3139397887104359e-05
-8.2530817847261591e-05
-8.1956088266429389e-05
-8.1386889194936835e-05
-8.0783385629197332e-05
-8.0251495556231048e-05
-7.9625830874537043e-05
-7.9102355634917636e-05
-7.8515868530254528e-05
-7.7936769486421122e-05
-7.7422363971722897e-05
-7.6786849756299756e-05
-7.6296881712195405e-05
-7.5688883313992572e-05
-7.5163265316584049e-05
-7.4604932467512214e-05
-7.4045056022299321e-05
-7.3508870854745075e-05
-7.2942017719675696e-05
-7.2434788284712250e-05
-7.1836386215004118e-05
-7.1356565398125372e-05
-7.0759300987457429e-05
-7.0259472322112173e-05
-6.9702036035516643e-05
-6.9172152045675022e-05
-6.8643763334591879e-05
-6.8107057954663750e-05
-6.7586944679217853e-05
-6.7046563345617721e-05
-6.6537679810992347e-05
-6.5977937304671170e-05
-6.5502816889091416e-05
-6.4921036494984996e-05
-6.4461072904134964e-05
-6.3885857135441537e-05
-6.3420128656873809e-05
-6.2852072402388623e-05
-6.2387262725244159e-05
-6.1812191502989990e-05
-6.1364693458922085e-05
-6.0783069749455890e-05
-6.0337514006531506e-05
-5.9768138411880130e-05
-5.9313247846646506e-05
-5.8752511966333676e-05
-5.8292578172951027e-05
-5.7732702548887984e-05
-5.7281602651364104e-05
-5.6720757356131618e-05
-5.6261272845479021e-05
-5.5726292410481870e-05
-5.5241011710163358e-05
-5.4733548440128523e-05
-5.4228921140201553e-05
-5.3730043697827219e-05
-5.3221403740585883e-05
-5.2731382766268504e-05
-5.2211174753345914e-05
-5.1743858190524011e-05
-5.1196763904524485e-05
-5.0745504927063251e-05
-5.0198260691407788e-05
-4.9733168073720136e-05
-4.9213547576839101e-05
-4.8714060982423052e-05
-4.8231345512034984e-05
-4.7697197758036584e-05
-4.7241639325734887e-05
-4.6687897999010427e-05
-4.6221311262661299e-05
-4.5703557050351985e-05
-4.5204974371609380e-05
-4.4713750601139108e-05
-4.4187721194679418e-05
-4.3721347365393879e-05
-4.3168991053775189e-05
-4.2693428352279421e-05
-4.2175669226144921e-05
-4.1663585065381319e-05
-4.1180907580051703e-05
-4.0628193419225831e-05
-4.0144962608379055e-05
-3.9626281606007349e-05
-3.9104399153059851e-05
-3.8615396441242602e-05
-3.8055280902181114e-05
0.0000000000000000e+00
];
