%Vec Object:dSdr_b_aug_2060 1 MPI processes
%  type: seq
dSdr_b_aug_2060 = [
2.4075457700007723e+03
0.0000000000000000e+00
-1.5576836634350540e-06
-6.3926384519784995e-07
-3.9301285043875170e-07
-2.7735324729070822e-07
-2.0813017122657452e-07
-1.6536958023970603e-07
-1.3638721250721984e-07
-1.1448180050527173e-07
-9.8218924041667473e-08
-8.5755677877297683e-08
-7.5596190567746979e-08
-6.7365046596941946e-08
-6.0617638343266009e-08
-5.4927056837159168e-08
-5.0063559849743604e-08
-4.5914229419481474e-08
-4.2326725056719756e-08
-3.9160472482690704e-08
-3.6386602978397122e-08
-3.3940469843033958e-08
-3.3871523643997738e-08
-1.1735917735036027e-05
-5.5000839615065324e-04
-5.8354743917259555e-04
-5.4409349189484294e-04
-5.0237188535066316e-04
-4.5952861081670408e-04
-4.1379093659545401e-04
-3.7355179973600188e-04
-3.3490581309658955e-04
-2.9844415012601143e-04
-2.6000666081600095e-04
-2.2875017121765909e-04
-2.0155282135482627e-04
-1.7776590703450686e-04
-1.5529990025725960e-04
-1.3828326480299296e-04
-1.2537431547051926e-04
-1.1517300524343155e-04
-1.0694081545153093e-04
-1.0179933831268632e-04
-9.8648738195875814e-05
-9.6909405900671083e-05
-9.6466728468977897e-05
-9.6929344644321850e-05
-9.7925732968282228e-05
-9.9382347162472968e-05
-1.0135297487755146e-04
-1.0308578186953784e-04
-1.0490501462108658e-04
-1.0675285564964983e-04
-1.0852537931523765e-04
-1.1000559696544791e-04
-1.1132255800857293e-04
-1.1257667445525113e-04
-1.1358008819221061e-04
-1.1439413178773768e-04
-1.1503649667172404e-04
-1.1560352589285079e-04
-1.1595892477218222e-04
-1.1614795369246637e-04
-1.1627786831414746e-04
-1.1631019131726463e-04
-1.1620514548962446e-04
-1.1603277045247140e-04
-1.1579911104032977e-04
-1.1547818029205144e-04
-1.1509705164420578e-04
-1.1469243492803077e-04
-1.1424091578073827e-04
-1.1375527280845619e-04
-1.1319644288097251e-04
-1.1265549410134187e-04
-1.1208761041353816e-04
-1.1146329312368589e-04
-1.1087085997015478e-04
-1.1026813845304308e-04
-1.0958008929768760e-04
-1.0894897278156370e-04
-1.0831421131170339e-04
-1.0761390200992086e-04
-1.0697154057197511e-04
-1.0633264201562825e-04
-1.0558901843428782e-04
-1.0494763980333641e-04
-1.0428603045192977e-04
-1.0356560887564631e-04
-1.0292658129412550e-04
-1.0224880031262637e-04
-1.0153383463814415e-04
-1.0089210910220861e-04
-1.0019243294153236e-04
-9.9517833675447635e-05
-9.8887429133771572e-05
-9.8159058997860084e-05
-9.7515891510535063e-05
-9.6873855074543525e-05
-9.6133762037677164e-05
-9.5536093471621002e-05
-9.4862873164427183e-05
-9.4175523810065146e-05
-9.3578224217454354e-05
-9.2848762921754732e-05
-9.2232394615894344e-05
-9.1609853102601972e-05
-9.0905621980489747e-05
-9.0319223230916866e-05
-8.9639284889241457e-05
-8.8995092618115120e-05
-8.8402871849039806e-05
-8.7705894970464154e-05
-8.7125785962186789e-05
-8.6467599507462103e-05
-8.5846943065186738e-05
-8.5232178713081903e-05
-8.4579393215451578e-05
-8.4004619958634658e-05
-8.3328739631347053e-05
-8.2761483382482468e-05
-8.2128388664535177e-05
-8.1502056015224313e-05
-8.0944001616532703e-05
-8.0258594019283391e-05
-7.9726755901079498e-05
-7.9069045204904230e-05
-7.8500957288839558e-05
-7.7894665518438546e-05
-7.7289531066265424e-05
-7.6708589143148340e-05
-7.6093917285173537e-05
-7.5544612585876997e-05
-7.4895926976429841e-05
-7.4375176386601578e-05
-7.3728049245594916e-05
-7.3185606536873052e-05
-7.2580875512822762e-05
-7.2006269011220229e-05
-7.1432397952624131e-05
-7.0849618631360547e-05
-7.0285402279727347e-05
-6.9697377616196986e-05
-6.9145241335790832e-05
-6.8537039262756103e-05
-6.8019205417525695e-05
-6.7388475039517243e-05
-6.6886206972749604e-05
-6.6261517703254704e-05
-6.5754563762860797e-05
-6.5135296398604044e-05
-6.4629623509185194e-05
-6.4003099457172008e-05
-6.3514905854676753e-05
-6.2881500472474413e-05
-6.2394952322336725e-05
-6.1774306141254513e-05
-6.1277938264144008e-05
-6.0665949777691956e-05
-6.0163555510986156e-05
-5.9552909087226885e-05
-5.9058410514332505e-05
-5.8447428654918315e-05
-5.7943768964184792e-05
-5.7358815048772033e-05
-5.6828508058754029e-05
-5.6271786025250798e-05
-5.5720503810358499e-05
-5.5173355768782437e-05
-5.4616271019229581e-05
-5.4079201559943129e-05
-5.3508633843598230e-05
-5.2995822550180160e-05
-5.2395805914290424e-05
-5.1899992743401379e-05
-5.1299710280435926e-05
-5.0788474623698500e-05
-5.0217382229006310e-05
-4.9668957553017482e-05
-4.9136762276253199e-05
-4.8550731485835710e-05
-4.8048071000941425e-05
-4.7439034225328698e-05
-4.6925456208410901e-05
-4.6353768488449554e-05
-4.5805153350509672e-05
-4.5262827646511318e-05
-4.4682822620821556e-05
-4.4167752465727117e-05
-4.3558094442148619e-05
-4.3032758581280986e-05
-4.2460984734332376e-05
-4.1894895583964677e-05
-4.1361369343609068e-05
-4.0749911024930888e-05
-4.0215497612322957e-05
-3.9641474508215166e-05
-3.9063366585129584e-05
-3.8523255931479294e-05
-3.7905544628644128e-05
0.0000000000000000e+00
];
