%Vec Object:dSdr_b_aug_2230 1 MPI processes
%  type: seq
dSdr_b_aug_2230 = [
2.4024065576371827e+03
0.0000000000000000e+00
-1.5018269881095199e-06
-6.1657975828777638e-07
-3.7930515416328871e-07
-2.6777239364324933e-07
-2.0092974387788798e-07
-1.5963739126326422e-07
-1.3165009787795155e-07
-1.1050279122857765e-07
-9.4802527981274325e-08
-8.2770216496699997e-08
-7.2962731032395668e-08
-6.5016839094983089e-08
-5.8503209893894358e-08
-5.3009859140369388e-08
-4.8315000483664369e-08
-4.4309525452200234e-08
-4.0846391767957197e-08
-3.7789944688780324e-08
-3.5112263489071521e-08
-3.2752814947805631e-08
-5.0696356265777002e-08
-7.2602313190769929e-05
-6.0776036807646129e-04
-5.8283382345285901e-04
-5.4206513526732750e-04
-5.0042211296500718e-04
-4.5770937886177473e-04
-4.1211022379363828e-04
-3.7199244753471488e-04
-3.3346114553972649e-04
-2.9710627886244518e-04
-2.5878021625530843e-04
-2.2761378625278878e-04
-2.0049429061752959e-04
-1.7677526753358226e-04
-1.5437349086346665e-04
-1.3740554799377325e-04
-1.2453374036321065e-04
-1.1436254614784540e-04
-1.0615534759099116e-04
-1.0103042483129297e-04
-9.7891218954371806e-05
-9.6159662876713967e-05
-9.5721696128800194e-05
-9.6186639370019524e-05
-9.7184043837461625e-05
-9.8640572436288913e-05
-1.0061059372332517e-04
-1.0234296434097566e-04
-1.0416151569226833e-04
-1.0600899865171229e-04
-1.0778163250308478e-04
-1.0926231177228865e-04
-1.1058029671861259e-04
-1.1183615918146688e-04
-1.1284157771308657e-04
-1.1365795794864508e-04
-1.1430328212827626e-04
-1.1487378112759587e-04
-1.1523271009758712e-04
-1.1542566525823294e-04
-1.1556029629311439e-04
-1.1559693943631457e-04
-1.1549648062109233e-04
-1.1532919253711198e-04
-1.1510077878290271e-04
-1.1478493601967392e-04
-1.1440918405067776e-04
-1.1401029687750461e-04
-1.1356407089941232e-04
-1.1308374442890337e-04
-1.1253121597130639e-04
-1.1199569919979938e-04
-1.1143321469382697e-04
-1.1081529749350786e-04
-1.1022826857148703e-04
-1.0963093090369837e-04
-1.0894943927687807e-04
-1.0832374268055605e-04
-1.0769446069120967e-04
-1.0700052351953621e-04
-1.0636355205627419e-04
-1.0573008239217038e-04
-1.0499288976290959e-04
-1.0435687942934936e-04
-1.0370076832618146e-04
-1.0298651156039823e-04
-1.0235276322283687e-04
-1.0168056701702215e-04
-1.0097162029106640e-04
-1.0033512860314331e-04
-9.9641193474652779e-05
-9.8972242120975599e-05
-9.8346981607206634e-05
-9.7624539090592573e-05
-9.6986793746187954e-05
-9.6349914825193038e-05
-9.5615860512885406e-05
-9.5023275873409445e-05
-9.4355404391836776e-05
-9.3673740580411092e-05
-9.3081455861935303e-05
-9.2357791480110005e-05
-9.1746613738543181e-05
-9.1129202215195436e-05
-9.0430661810013258e-05
-8.9849184448005101e-05
-8.9174836258528432e-05
-8.8535906068594534e-05
-8.7948631691263837e-05
-8.7257422096900409e-05
-8.6682076877459688e-05
-8.6029411916330932e-05
-8.5413867411120284e-05
-8.4804174749955225e-05
-8.4156874628994486e-05
-8.3586874529536782e-05
-8.2916583506885554e-05
-8.2354200348760698e-05
-8.1726293339656083e-05
-8.1105218075893596e-05
-8.0552022061591293e-05
-7.9872167899055170e-05
-7.9344990172947546e-05
-7.8692812755749866e-05
-7.8129451998088423e-05
-7.7528498345248931e-05
-7.6928401382545832e-05
-7.6352441156582378e-05
-7.5743091811211258e-05
-7.5198470342891134e-05
-7.4555381595040228e-05
-7.4039186736062689e-05
-7.3397609618008826e-05
-7.2859910109595056e-05
-7.2260443275364890e-05
-7.1690814659313898e-05
-7.1122006060579191e-05
-7.0544355047127611e-05
-6.9985047634098992e-05
-6.9402325960792602e-05
-6.8855003972065424e-05
-6.8252195741311760e-05
-6.7739116158595041e-05
-6.7113834209236851e-05
-6.6616274885938136e-05
-6.5997092315651256e-05
-6.5494727017914464e-05
-6.4881159759206628e-05
-6.4380035191849953e-05
-6.3759238150237971e-05
-6.3275574208882340e-05
-6.2647932439251487e-05
-6.2165946991269444e-05
-6.1551007535713529e-05
-6.1059256333524623e-05
-6.0452972571227062e-05
-5.9955304411190887e-05
-5.9350309083550027e-05
-5.8860641044808940e-05
-5.8255239687194968e-05
-5.7756496960193572e-05
-5.7177105394280785e-05
-5.6651810101533039e-05
-5.6100570865111186e-05
-5.5554481623194916e-05
-5.5012706389928045e-05
-5.4461013837354391e-05
-5.3929181157536392e-05
-5.3364218779147338e-05
-5.2856471322779677e-05
-5.2262345262627247e-05
-5.1771491241095161e-05
-5.1177112251438825e-05
-5.0671012591854998e-05
-5.0105649328219959e-05
-4.9562671754072253e-05
-4.9035983876147824e-05
-4.8455727978258129e-05
-4.7958310233324602e-05
-4.7355428171570312e-05
-4.6847080564236814e-05
-4.6281395964926171e-05
-4.5738349736906104e-05
-4.5201711981014059e-05
-4.4627714760944216e-05
-4.4118064793430075e-05
-4.3514784786916703e-05
-4.2994988968485035e-05
-4.2429227272672968e-05
-4.1869149187117868e-05
-4.1341282699793726e-05
-4.0736362932522595e-05
-4.0207646416993707e-05
-3.9639783172217356e-05
-3.9067933409259015e-05
-3.8533511280708084e-05
-3.7922210774688034e-05
0.0000000000000000e+00
];
