%Vec Object:dSdr_b_aug_4830 1 MPI processes
%  type: seq
dSdr_b_aug_4830 = [
2.3376565641830193e+03
0.0000000000000000e+00
-9.5759012183529943e-07
-3.9469270086303181e-07
-2.4445861217636010e-07
-1.7317890771641782e-07
-1.2977600051336447e-07
-1.0294758662227884e-07
-8.4764111858412275e-08
-7.1074959699605807e-08
-6.0910594646636987e-08
-5.3119168841044181e-08
-4.6775527358206269e-08
-4.1636910280115942e-08
-3.7424231163299471e-08
-3.3872392090935273e-08
-3.0837868690779309e-08
-2.8248855052741357e-08
-2.6010589092873707e-08
-3.3127407465287530e-08
-1.5552934884492997e-04
-7.2027542385624691e-04
-6.8493713684552085e-04
-6.4606356342132121e-04
-6.0286742685029869e-04
-5.6118747489593138e-04
-5.2123947695999478e-04
-4.8090044116718946e-04
-4.3951975568938854e-04
-3.9530726654519739e-04
-3.5640293779745766e-04
-3.1901820230040089e-04
-2.8373102479334187e-04
-2.4651894165117120e-04
-2.1625287494225418e-04
-1.8991172039630453e-04
-1.6687143421963697e-04
-1.4511179262421806e-04
-1.2863064974179080e-04
-1.1613016311148400e-04
-1.0626005114495607e-04
-9.8302700310322572e-05
-9.3343278511411447e-05
-9.0317985536831691e-05
-8.8664171488861648e-05
-8.8273299355951513e-05
-8.8761507194963477e-05
-8.9769070426134001e-05
-9.1224743249149095e-05
-9.3188701781749333e-05
-9.4916709745023140e-05
-9.6728448817717691e-05
-9.8572351976512312e-05
-1.0034608736832457e-04
-1.0183138160366937e-04
-1.0315960298982411e-04
-1.0443292118095784e-04
-1.0545838255161833e-04
-1.0629812321796176e-04
-1.0697303277170745e-04
-1.0757822064715417e-04
-1.0797244145871968e-04
-1.0820464893109966e-04
-1.0838643196088068e-04
-1.0846626538886785e-04
-1.0841166488967491e-04
-1.0829523323472573e-04
-1.0811926254440921e-04
-1.0785428652156574e-04
-1.0753228748266296e-04
-1.0719068096709938e-04
-1.0679737303428573e-04
-1.0637019787257420e-04
-1.0588066785797510e-04
-1.0539945715682562e-04
-1.0489095054150603e-04
-1.0433701772086792e-04
-1.0380401717003113e-04
-1.0326050410274433e-04
-1.0264457033705367e-04
-1.0207305838366198e-04
-1.0149855667939806e-04
-1.0086832432725064e-04
-1.0028523866792123e-04
-9.9706043883319935e-05
-9.9033144142876195e-05
-9.8450802897785076e-05
-9.7849660056298333e-05
-9.7197035452570605e-05
-9.6616065900606300e-05
-9.5999703008430956e-05
-9.5350930202876071e-05
-9.4766763459457133e-05
-9.4130223806817651e-05
-9.3517736972233693e-05
-9.2943903434861814e-05
-9.2280721783904554e-05
-9.1697183848002875e-05
-9.1111866740239438e-05
-9.0438184059833310e-05
-8.9896425540129672e-05
-8.9282028489797412e-05
-8.8657205418153951e-05
-8.8115056484730473e-05
-8.7449346264528168e-05
-8.6890060755839206e-05
-8.6323935878615144e-05
-8.5682287940445396e-05
-8.5150011740136840e-05
-8.4531550630503644e-05
-8.3945227658371589e-05
-8.3407404420346329e-05
-8.2773852768775789e-05
-8.2246133131825075e-05
-8.1648668842863189e-05
-8.1084230503151747e-05
-8.0525241650353691e-05
-7.9932781126237524e-05
-7.9410500271270739e-05
-7.8796087857071494e-05
-7.8282423019460451e-05
-7.7706379699123466e-05
-7.7137864711399981e-05
-7.6633239992870313e-05
-7.6008905833610223e-05
-7.5528319992561649e-05
-7.4931461073940371e-05
-7.4415359692653156e-05
-7.3867773429116436e-05
-7.3318038352130531e-05
-7.2791882233277740e-05
-7.2235744269247553e-05
-7.1737943018305704e-05
-7.1150808433647155e-05
-7.0680159121174117e-05
-7.0094067901909569e-05
-6.9603788151151430e-05
-6.9056949624051782e-05
-6.8537087012908893e-05
-6.8018889944123804e-05
-6.7492508770708299e-05
-6.6982278073256387e-05
-6.6452572614113007e-05
-6.5953381117721214e-05
-6.5404497388681389e-05
-6.4938948163388333e-05
-6.4368136440358677e-05
-6.3917652403560704e-05
-6.3353522616783008e-05
-6.2897031910065198e-05
-6.2340451000878275e-05
-6.1884797925344795e-05
-6.1321256215199438e-05
-6.0882877207554361e-05
-6.0312856699841216e-05
-5.9876486513858768e-05
-5.9318599600626234e-05
-5.8873003252815833e-05
-5.8323752028779328e-05
-5.7873332762670839e-05
-5.7324833836959334e-05
-5.6883458702864426e-05
-5.6333847992896799e-05
-5.5884262250073459e-05
-5.5360479863309853e-05
-5.4885288654145007e-05
-5.4388863287468856e-05
-5.3894690428483234e-05
-5.3406629472995209e-05
-5.2908845041856906e-05
-5.2429366717413891e-05
-5.1920443336425789e-05
-5.1463321276289676e-05
-5.0928085876440139e-05
-5.0486810668523539e-05
-4.9951451309796924e-05
-4.9496698517267467e-05
-4.8988611949102102e-05
-4.8500091529681498e-05
-4.8028463648012814e-05
-4.7505942027295647e-05
-4.7060938444709380e-05
-4.6519587981908597e-05
-4.6063531372075121e-05
-4.5557862962162406e-05
-4.5070492027919073e-05
-4.4590719757508224e-05
-4.4076785928792305e-05
-4.3621324885317021e-05
-4.3081809912921556e-05
-4.2617401919627959e-05
-4.2111748483106119e-05
-4.1611768636974597e-05
-4.1140489497806908e-05
-4.0600945081203784e-05
-4.0129193660197513e-05
-3.9622932609740195e-05
-3.9113689388415368e-05
-3.8636251954383105e-05
-3.8089642760039272e-05
0.0000000000000000e+00
];
