%Vec Object:dSdr_b_aug_4280 1 MPI processes
%  type: seq
dSdr_b_aug_4280 = [
2.3457614014549972e+03
0.0000000000000000e+00
-1.0124387390581137e-06
-4.1765282372031497e-07
-2.5883200095635906e-07
-1.8354773320969424e-07
-1.3776545786630248e-07
-1.0946618512545551e-07
-9.0284293488262475e-08
-7.5829710642845721e-08
-6.5096046803504438e-08
-5.6868142441173626e-08
-5.0165120101118884e-08
-4.4734302606409091e-08
-4.0281818202216488e-08
-3.6526670600557312e-08
-3.3317292242898934e-08
-3.0578892294584954e-08
-2.8211045726717977e-08
-2.6340519424901763e-08
-8.7831624941552168e-06
-6.8647899175300591e-04
-6.8889971295848802e-04
-6.5023748463941369e-04
-6.0679773361596719e-04
-5.6488205953877729e-04
-5.2471287277864741e-04
-4.8415336733260858e-04
-4.4255056395437424e-04
-3.9810701377643537e-04
-3.5900049667634155e-04
-3.2142471758099794e-04
-2.8595963928455511e-04
-2.4856194236640210e-04
-2.1814585509345795e-04
-1.9167501159895924e-04
-1.6852163274715752e-04
-1.4665499715431021e-04
-1.3009274256095191e-04
-1.1753038559238399e-04
-1.0761010662890152e-04
-9.9611125611358763e-05
-9.4624127681043819e-05
-9.1579854295837480e-05
-8.9913086710854376e-05
-8.9514367583355204e-05
-8.9998699039227505e-05
-9.1004569610553886e-05
-9.2460385040795017e-05
-9.4425353778726859e-05
-9.6154088671546547e-05
-9.7966962834981981e-05
-9.9811462480950926e-05
-1.0158501434344880e-04
-1.0306953963368604e-04
-1.0439605534227606e-04
-1.0566646494193487e-04
-1.0668858665594032e-04
-1.0752443488520144e-04
-1.0819441486495755e-04
-1.0879382283364918e-04
-1.0918216326896245e-04
-1.0940783046091385e-04
-1.0958175694580844e-04
-1.0965439393655463e-04
-1.0959215244538577e-04
-1.0946724700044581e-04
-1.0928253815034875e-04
-1.0900908661723720e-04
-1.0867813116366649e-04
-1.0832698043467455e-04
-1.0792485519584089e-04
-1.0748882386043411e-04
-1.0698879691972364e-04
-1.0649853763446304e-04
-1.0598103711641021e-04
-1.0541644308870030e-04
-1.0487444022275494e-04
-1.0432195879250667e-04
-1.0369510163348813e-04
-1.0311456131646426e-04
-1.0253093200120673e-04
-1.0189008501191266e-04
-1.0129802078179865e-04
-1.0070978259767177e-04
-1.0002617023432842e-04
-9.9434886527779908e-05
-9.8824584753586645e-05
-9.8161690862965601e-05
-9.7571927193555364e-05
-9.6946261231523178e-05
-9.6287462114344832e-05
-9.5694576873289720e-05
-9.5048473859558948e-05
-9.4426578781957047e-05
-9.3844176368205039e-05
-9.3171120540547846e-05
-9.2578550446289332e-05
-9.1984641995172239e-05
-9.1300900059511578e-05
-9.0750672779262080e-05
-9.0127365699075744e-05
-8.9493071694025071e-05
-8.8942569021816255e-05
-8.8267202347250121e-05
-8.7699270436405341e-05
-8.7124600061189419e-05
-8.6473472570471833e-05
-8.5932998360193497e-05
-8.5305225217780430e-05
-8.4710136710824661e-05
-8.4164073810848739e-05
-8.3520915061162409e-05
-8.2985259940503291e-05
-8.2378597989282728e-05
-8.1805644223160746e-05
-8.1238206985532701e-05
-8.0636608962137232e-05
-8.0106377016968584e-05
-7.9482653980848651e-05
-7.8960871584592384e-05
-7.8376186617139720e-05
-7.7798913915292595e-05
-7.7286196135443639e-05
-7.6652611105401943e-05
-7.6164262016721279e-05
-7.5558185802307117e-05
-7.5034209954216746e-05
-7.4477731492904157e-05
-7.3919605001768269e-05
-7.3385150406994723e-05
-7.2820146239184212e-05
-7.2314543694474342e-05
-7.1718085897218720e-05
-7.1239847679218119e-05
-7.0644511270298162e-05
-7.0146330328367919e-05
-6.9590722749620924e-05
-6.9062568009879905e-05
-6.8535937929014017e-05
-6.8001014054166090e-05
-6.7482606078392567e-05
-6.6944066932532123e-05
-6.6436855819143999e-05
-6.5878987061884005e-05
-6.5405518214883279e-05
-6.4825630533074907e-05
-6.4367302698859836e-05
-6.3793999885586116e-05
-6.3329865443232530e-05
-6.2763789331603126e-05
-6.2300559684849556e-05
-6.1727477952882526e-05
-6.1281553457737524e-05
-6.0701931954874669e-05
-6.0257961240151498e-05
-5.9690568091786889e-05
-5.9237281305677342e-05
-5.8678527178082258e-05
-5.8220235180643333e-05
-5.7662322681734277e-05
-5.7212900858900159e-05
-5.6653994167829970e-05
-5.6196217758918219e-05
-5.5663169625104231e-05
-5.5179629938919497e-05
-5.4674071338204372e-05
-5.4171248029041167e-05
-5.3674237051924478e-05
-5.3167470298001668e-05
-5.2679268540119823e-05
-5.2161007779042287e-05
-5.1695450362052547e-05
-5.1150402423828564e-05
-5.0700866234513724e-05
-5.0155672837993434e-05
-4.9692364455449006e-05
-4.9174734248167469e-05
-4.8677139979614524e-05
-4.8196337792160445e-05
-4.7664196258328887e-05
-4.7210459198865791e-05
-4.6658856072265037e-05
-4.6194086468472497e-05
-4.5678417847851621e-05
-4.5181769959343218e-05
-4.4692522379051011e-05
-4.4168580340465193e-05
-4.3704089830799267e-05
-4.3153949692718792e-05
-4.2680312222164658e-05
-4.2164642566948704e-05
-4.1654647854350026e-05
-4.1173938339217355e-05
-4.0623498402158331e-05
-4.0142251215093794e-05
-3.9625718417938150e-05
-3.9106027745073547e-05
-3.8619051114580163e-05
-3.8061428236622399e-05
0.0000000000000000e+00
];
