%Vec Object:dSdr_b_aug_9740 1 MPI processes
%  type: seq
dSdr_b_aug_9740 = [
2.2746679338063004e+03
0.0000000000000000e+00
-6.3637257160192446e-07
-2.6376774582790918e-07
-1.6466814155361704e-07
-1.1729291017333778e-07
-8.8044272728180670e-08
-6.9953055946846137e-08
-5.7689820995908978e-08
-4.8476942020774726e-08
-4.1634075648481795e-08
-3.6387271494993485e-08
-3.2115771083443291e-08
-2.8654974611856641e-08
-2.5817197506583776e-08
-2.3423903817416573e-08
-2.1405438096645132e-08
-1.0551070965957150e-05
-8.0623084762127992e-04
-7.7735302780496194e-04
-7.3553982758954638e-04
-6.9703359728662219e-04
-6.5931043495702122e-04
-6.2172000456820419e-04
-5.7998694012363682e-04
-5.3968026896230659e-04
-5.0101990513386674e-04
-4.6196428409724072e-04
-4.2187660695818170e-04
-3.7900918652805529e-04
-3.4128185080314010e-04
-3.0500923172912864e-04
-2.7075766282107244e-04
-2.3462608772647267e-04
-2.0523333161239700e-04
-1.7964713197015587e-04
-1.5726518925852857e-04
-1.3612838908928868e-04
-1.2011941976231651e-04
-1.0797909736945720e-04
-9.8401021257186992e-05
-9.0686011122491361e-05
-8.5887117484389363e-05
-8.2972314581384303e-05
-8.1393906489014031e-05
-8.1048713698879930e-05
-8.1559486849084643e-05
-8.2576903336041308e-05
-8.4031745820817142e-05
-8.5989823484974363e-05
-8.7713599623767989e-05
-8.9518730862173115e-05
-9.1359161552383169e-05
-9.3133965172671919e-05
-9.4623735515380472e-05
-9.5961885427171400e-05
-9.7252134480548533e-05
-9.8297036117959424e-05
-9.9159434983164536e-05
-9.9863040660237048e-05
-1.0050187483411074e-04
-1.0093032681125338e-04
-1.0120060693607812e-04
-1.0142812495374355e-04
-1.0154985070961424e-04
-1.0153973041641314e-04
-1.0147262691341139e-04
-1.0134752334623479e-04
-1.0113188549647922e-04
-1.0086202410812593e-04
-1.0057597698090360e-04
-1.0023399691475429e-04
-9.9858375881430072e-05
-9.9429951260325447e-05
-9.9001414764552642e-05
-9.8545264041655225e-05
-9.8053392944050160e-05
-9.7572797259679831e-05
-9.7081491415728112e-05
-9.6529145634657244e-05
-9.6010190187603077e-05
-9.5488822736672943e-05
-9.4920381019871218e-05
-9.4389562012792960e-05
-9.3863011267133255e-05
-9.3252472566929918e-05
-9.2722187774972272e-05
-9.2174361525321550e-05
-9.1581517185851006e-05
-9.1051740539145135e-05
-9.0489533302623071e-05
-8.9899126338969439e-05
-8.9365712299795924e-05
-8.8784843530418945e-05
-8.8227124595497271e-05
-8.7703172778539601e-05
-8.7097471354531669e-05
-8.6566512029502589e-05
-8.6031207430339551e-05
-8.5416082370661314e-05
-8.4923622772698198e-05
-8.4361093411111244e-05
-8.3791403217998715e-05
-8.3297883671778491e-05
-8.2688386298895004e-05
-8.2179433851048837e-05
-8.1663054644805208e-05
-8.1076589762328079e-05
-8.0592036412358091e-05
-8.0027783181547377e-05
-7.9492486776712868e-05
-7.9002628858409872e-05
-7.8425002742773994e-05
-7.7943477723180576e-05
-7.7399555534777179e-05
-7.6884687817125566e-05
-7.6374879320033708e-05
-7.5835610673930743e-05
-7.5359615289943895e-05
-7.4799402549258087e-05
-7.4332992242130466e-05
-7.3807254314110318e-05
-7.3289720377075492e-05
-7.2832207586405486e-05
-7.2261725278535273e-05
-7.1826331432986998e-05
-7.1283128918982709e-05
-7.0812866972859957e-05
-7.0317044632734762e-05
-6.9816158284001476e-05
-6.9338309876276066e-05
-6.8833784522322943e-05
-6.8381396753959108e-05
-6.7848535154908077e-05
-6.7422062959008211e-05
-6.6889790536638920e-05
-6.6445505805669340e-05
-6.5949714351406128e-05
-6.5478122517300828e-05
-6.5009016348761511e-05
-6.4532364609699310e-05
-6.4069736122636804e-05
-6.3591454007422675e-05
-6.3138946938076662e-05
-6.2642367559619786e-05
-6.2222920668121128e-05
-6.1704942634877033e-05
-6.1300119545781083e-05
-6.0789388514561028e-05
-6.0377394151047082e-05
-5.9876087480067766e-05
-5.9464539775818455e-05
-5.8956533221147828e-05
-5.8562078649509966e-05
-5.8047948252855383e-05
-5.7655822926767206e-05
-5.7153274516052075e-05
-5.6752446432718234e-05
-5.6258514335006967e-05
-5.5853924529777397e-05
-5.5360224735886854e-05
-5.4965691738601803e-05
-5.4470195651148398e-05
-5.4068290204513345e-05
-5.3598446469927947e-05
-5.3171854252473578e-05
-5.2728596180892327e-05
-5.2284780224129421e-05
-5.1848820081637170e-05
-5.1403324525928776e-05
-5.0974628042649533e-05
-5.0520060489461060e-05
-5.0112043373351864e-05
-4.9633929915023494e-05
-4.9240744662122299e-05
-4.8762632513542849e-05
-4.8357684804839887e-05
-4.7905155108647175e-05
-4.7469456882074520e-05
-4.7051236090907872e-05
-4.6584715705424735e-05
-4.6190553326852338e-05
-4.5708887881545010e-05
-4.5303553687534796e-05
-4.4856101245940728e-05
-4.4422736393438160e-05
-4.3998125381003419e-05
-4.3542455624468788e-05
-4.3139561966647162e-05
-4.2661904590283007e-05
-4.2251231138873990e-05
-4.1803894505795897e-05
-4.1362227231174640e-05
-4.0945863956431734e-05
-4.0469774341225121e-05
-4.0053347556188891e-05
-3.9606966631728315e-05
-3.9158722350230487e-05
-3.8737323894882058e-05
-3.8257525179128189e-05
0.0000000000000000e+00
];
