%Vec Object:dSdr_b_aug_8070 1 MPI processes
%  type: seq
dSdr_b_aug_8070 = [
2.2934470168070570e+03
0.0000000000000000e+00
-7.1637249797376295e-07
-2.9632882106078792e-07
-1.8450527108809050e-07
-1.3115940099197782e-07
-9.8355174564817655e-08
-7.8069204728987347e-08
-6.4319229083473779e-08
-5.3985203790768465e-08
-4.6310651414846742e-08
-4.0426746957779104e-08
-3.5637254569162662e-08
-3.1757278329394332e-08
-2.8576080097402691e-08
-2.5893647050980633e-08
-2.3601643180948145e-08
-2.2588838215060933e-08
-9.5934146645748476e-05
-7.8297243017939292e-04
-7.4325307350642169e-04
-7.0437750937550538e-04
-6.6628420158615831e-04
-6.2833217778335466e-04
-5.8620148918914065e-04
-5.4552181684796458e-04
-5.0651171998186294e-04
-4.6710751210387084e-04
-4.2666864242659272e-04
-3.8343588939512840e-04
-3.4538887191897660e-04
-3.0881419215261064e-04
-2.7428134275530523e-04
-2.3785629207857779e-04
-2.0822633684888155e-04
-1.8243508444568747e-04
-1.5987432953151620e-04
-1.3856835987779580e-04
-1.2243114408175141e-04
-1.1019299794910247e-04
-1.0053560237110741e-04
-9.2754770416275507e-05
-8.7912275977868360e-05
-8.4967463067004651e-05
-8.3368574124342094e-05
-8.3010974495503667e-05
-8.3515618781183684e-05
-8.4530359107224309e-05
-8.5985427186177963e-05
-8.7945102209875816e-05
-8.9670027808089545e-05
-9.1476953847308623e-05
-9.3318327741637394e-05
-9.5092841268829681e-05
-9.6581395904699272e-05
-9.7916849159147026e-05
-9.9202499649531225e-05
-1.0024212114665959e-04
-1.0109836585203373e-04
-1.0179417741481835e-04
-1.0242387296247064e-04
-1.0284302745777457e-04
-1.0310296671839274e-04
-1.0331806271322019e-04
-1.0342841014646284e-04
-1.0340620863962021e-04
-1.0332570717758867e-04
-1.0318678765290905e-04
-1.0295774912177610e-04
-1.0267372668891600e-04
-1.0237258914264900e-04
-1.0201666797610968e-04
-1.0162704438752214e-04
-1.0118202300265515e-04
-1.0073917972847686e-04
-1.0026880868364660e-04
-9.9760081074278523e-05
-9.9265251765947424e-05
-9.8759765979554586e-05
-9.8190149140200644e-05
-9.7656918882136492e-05
-9.7121119698902056e-05
-9.6535895099549775e-05
-9.5990880008149190e-05
-9.5450030676508103e-05
-9.4822554166482920e-05
-9.4278130381945740e-05
-9.3715822874785692e-05
-9.3106741686962470e-05
-9.2563060594743146e-05
-9.1986144203354644e-05
-9.1379884560838050e-05
-9.0832685638497624e-05
-9.0236696164840599e-05
-8.9664101783955071e-05
-8.9126601650627092e-05
-8.8505288088404349e-05
-8.7960047947551980e-05
-8.7411159508653661e-05
-8.6780129680950554e-05
-8.6274280059728346e-05
-8.5697662973881268e-05
-8.5112998200919431e-05
-8.4606270480807154e-05
-8.3981505198915912e-05
-8.3458881844233025e-05
-8.2928991271420866e-05
-8.2327538180399618e-05
-8.1830022879842492e-05
-8.1251046307118349e-05
-8.0701890632790905e-05
-8.0199004906963991e-05
-7.9606188918414898e-05
-7.9112117029700720e-05
-7.8553652330507027e-05
-7.8025320790824635e-05
-7.7502154471459933e-05
-7.6948438438005691e-05
-7.6459871508056525e-05
-7.5884937653708943e-05
-7.5405692595368847e-05
-7.4866291274925848e-05
-7.4334910430612285e-05
-7.3864601620719019e-05
-7.3279492670489231e-05
-7.2831824276282464e-05
-7.2274048204883193e-05
-7.1791335859597747e-05
-7.1281453976660853e-05
-7.0767299877916832e-05
-7.0276330665159346e-05
-6.9757786866210661e-05
-6.9293064390817320e-05
-6.8745461764984194e-05
-6.8306990669868980e-05
-6.7760100582211954e-05
-6.7303323193188875e-05
-6.6793666898297161e-05
-6.6308964290024230e-05
-6.5826524594473997e-05
-6.5336365896738309e-05
-6.4860808223768672e-05
-6.4368559068743941e-05
-6.3903372091311811e-05
-6.3392586383481829e-05
-6.2960617685291445e-05
-6.2428289549070626e-05
-6.2011064537300024e-05
-6.1485829925822928e-05
-6.1061749956120538e-05
-6.0545430306715746e-05
-6.0121903187227024e-05
-5.9598812786147442e-05
-5.9192427942358286e-05
-5.8663117289577285e-05
-5.8258974660725971e-05
-5.7741395814950655e-05
-5.7328408266733914e-05
-5.6819450995891050e-05
-5.6402413494531089e-05
-5.5893829761631287e-05
-5.5486574015404833e-05
-5.4976379906545659e-05
-5.4561524058149383e-05
-5.4077030095893806e-05
-5.3637237949209986e-05
-5.3179539155733134e-05
-5.2722045803706566e-05
-5.2271934603226565e-05
-5.1812236908823943e-05
-5.1369747609380194e-05
-5.0900416511888880e-05
-5.0479062036487772e-05
-4.9985433728915451e-05
-4.9579186792491814e-05
-4.9085525765613543e-05
-4.8667050523456512e-05
-4.8199431053338379e-05
-4.7749385811905433e-05
-4.7316659137728060e-05
-4.6834928270388432e-05
-4.6426956913839162e-05
-4.5929080423263881e-05
-4.5509969496541201e-05
-4.5046704993845056e-05
-4.4598671507040154e-05
-4.4159078084099572e-05
-4.3687583138526348e-05
-4.3270411528448753e-05
-4.2775952847969942e-05
-4.2350684321857494e-05
-4.1887507936045926e-05
-4.1430001916674679e-05
-4.0998722250515108e-05
-4.0505396613537381e-05
-4.0073941343203305e-05
-3.9611293186236577e-05
-3.9146474229683281e-05
-3.8709836246513291e-05
-3.8211792963749361e-05
0.0000000000000000e+00
];
