%Vec Object:dSdr_b_aug_5760 1 MPI processes
%  type: seq
dSdr_b_aug_5760 = [
2.3212342523382013e+03
0.0000000000000000e+00
-8.5924561521556633e-07
-3.5510826138240462e-07
-2.2069289100687505e-07
-1.5677387445833545e-07
-1.1768177910613090e-07
-9.3512080085940025e-08
-7.7128939616959720e-08
-6.4796647920042540e-08
-5.5638154487388126e-08
-4.8617024083809495e-08
-4.2898369597466905e-08
-3.8265045132543984e-08
-3.4466175591320105e-08
-3.1262247498258927e-08
-2.8523957530267779e-08
-2.6187410706681824e-08
-2.4421133507284432e-08
-1.8960404983200778e-05
-7.4168437085462690e-04
-7.1738840661127623e-04
-6.7876901848605402e-04
-6.4017139017944825e-04
-5.9732878144934170e-04
-5.5598124282988650e-04
-5.1634494096762637e-04
-4.7631658036190920e-04
-4.3524889240248113e-04
-3.9136200299190677e-04
-3.5274258802677020e-04
-3.1562706168448913e-04
-2.8059057314307260e-04
-2.4364004774097561e-04
-2.1358538257975064e-04
-1.8742697927826875e-04
-1.6454605770229835e-04
-1.4293718676203901e-04
-1.2657034249002980e-04
-1.1415704047206750e-04
-1.0435762134295994e-04
-9.6458933685337748e-05
-9.1538370776542041e-05
-8.8539824019655990e-05
-8.6904263412057174e-05
-8.6524448827960068e-05
-8.7018119024972102e-05
-8.8028067419952181e-05
-8.9483539239922880e-05
-9.1446074292397990e-05
-9.3173057987456658e-05
-9.4983197624213362e-05
-9.6826260314847177e-05
-9.8600254393867636e-05
-1.0008663225160437e-04
-1.0141725705425059e-04
-1.0269467368883988e-04
-1.0372484095235319e-04
-1.0457006647366695e-04
-1.0525192247788539e-04
-1.0586525508868927e-04
-1.0626776221379329e-04
-1.0650918590530773e-04
-1.0670203996968000e-04
-1.0679201424244237e-04
-1.0674818103355062e-04
-1.0664369020730718e-04
-1.0648003288318597e-04
-1.0622700011469283e-04
-1.0591762199740749e-04
-1.0558946470078806e-04
-1.0520858166569624e-04
-1.0479388617264381e-04
-1.0431914789396873e-04
-1.0385068799754769e-04
-1.0335485513313099e-04
-1.0281594554622333e-04
-1.0229563060131553e-04
-1.0176475529659168e-04
-1.0116421422546720e-04
-1.0060542458524521e-04
-1.0004378504888772e-04
-9.9428510308275004e-05
-9.8858076797267040e-05
-9.8291625514673571e-05
-9.7633821463145734e-05
-9.7064081483579166e-05
-9.6475844948384752e-05
-9.5837691307078799e-05
-9.5269113982207474e-05
-9.4665860507799120e-05
-9.4031216276499905e-05
-9.3459335201000245e-05
-9.2836271756051924e-05
-9.2237042544599765e-05
-9.1675283836734246e-05
-9.1026016379844278e-05
-9.0455206107599873e-05
-8.9881995489103113e-05
-8.9222487806605839e-05
-8.8692663038730633e-05
-8.8090821559654026e-05
-8.7479344461197217e-05
-8.6948967205885527e-05
-8.6296864386089644e-05
-8.5749762962475257e-05
-8.5195679981318214e-05
-8.4567390162708597e-05
-8.4046666195849870e-05
-8.3441327145481308e-05
-8.2867356135006283e-05
-8.2341143824824991e-05
-8.1721130024456397e-05
-8.1204592682814153e-05
-8.0620089288710686e-05
-8.0067650471152261e-05
-7.9520566669042403e-05
-7.8940982261711218e-05
-7.8429905694953135e-05
-7.7828613353827080e-05
-7.7326387383919550e-05
-7.6762521451045735e-05
-7.6206347406892515e-05
-7.5713127036388745e-05
-7.5101828753218597e-05
-7.4632182503678497e-05
-7.4048312149518750e-05
-7.3543307084982236e-05
-7.3008251274476571e-05
-7.2470340971506661e-05
-7.1955878663091882e-05
-7.1412234523835492e-05
-7.0925426479707048e-05
-7.0351429714896483e-05
-6.9891474323115289e-05
-6.9318410978628438e-05
-6.8839265207023317e-05
-6.8304783605651411e-05
-6.7796605864501200e-05
-6.7290292192314589e-05
-6.6775948984987025e-05
-6.6277241318204164e-05
-6.5759983868583208e-05
-6.5272093235824641e-05
-6.4735870780981090e-05
-6.4281481512536254e-05
-6.3723459200519040e-05
-6.3284028274672208e-05
-6.2732824684037688e-05
-6.2287105173476707e-05
-6.1743904457173553e-05
-6.1298927935659337e-05
-6.0748829578581938e-05
-6.0321083326239748e-05
-5.9764592095581161e-05
-5.9338932229849942e-05
-5.8794441066421016e-05
-5.8359681739219813e-05
-5.7823821574848204e-05
-5.7384496212604506e-05
-5.6849262472191961e-05
-5.6419226379958097e-05
-5.5882715157026180e-05
-5.5444671349059793e-05
-5.4933945852774925e-05
-5.4470518966893018e-05
-5.3986963769453615e-05
-5.3504980770437732e-05
-5.3029531822428459e-05
-5.2544404923344126e-05
-5.2077219324842572e-05
-5.1581453822552129e-05
-5.1136218564416036e-05
-5.0614810635717894e-05
-5.0185176533870199e-05
-4.9663674971942042e-05
-4.9220978467685788e-05
-4.8726340520190469e-05
-4.8250606741552868e-05
-4.7791907088484644e-05
-4.7282941661615849e-05
-4.6850245191183587e-05
-4.6323342659638779e-05
-4.5879564415801842e-05
-4.5387988336579079e-05
-4.4913690656987576e-05
-4.4447271284182038e-05
-4.3947441462811888e-05
-4.3504705452652595e-05
-4.2980164414052317e-05
-4.2528764049824755e-05
-4.2037227522159822e-05
-4.1551363645174244e-05
-4.1093378373811240e-05
-4.0569195078640942e-05
-4.0110837164271405e-05
-3.9619073325824370e-05
-3.9124600605064435e-05
-3.8660741567501280e-05
-3.8130376675237668e-05
0.0000000000000000e+00
];
