%Vec Object:dSdr_b_aug_290 1 MPI processes
%  type: seq
dSdr_b_aug_290 = [
2.5659350380300748e+03
0.0000000000000000e+00
-5.2591896788839920e-06
-2.1230292143388620e-06
-1.2730010981523176e-06
-8.8590959588458111e-07
-6.6498776062577826e-07
-5.2880955760662844e-07
-4.3653048751922201e-07
-3.6606255981933322e-07
-3.1377614203204122e-07
-2.7373298637227266e-07
-2.4102598478837853e-07
-2.1452474999459550e-07
-1.9280776710059627e-07
-1.7449030105580526e-07
-1.5883279307836444e-07
-1.4547754858922751e-07
-1.3393282065629060e-07
-1.2374453353085117e-07
-1.1482050086227539e-07
-1.0695145204067476e-07
-9.9877155883069390e-08
-9.3553460398602328e-08
-8.7880635105082409e-08
-8.2732775880008398e-08
-7.8051564736286708e-08
-7.3797065845700822e-08
-6.9904532021238305e-08
-6.6320087440681079e-08
-6.3028964202364962e-08
-6.0001383636965053e-08
-5.7353326503977552e-08
-5.8401507578796897e-08
-1.1680307296110330e-07
-8.3502286308270745e-07
-5.7442983726117905e-06
-2.6107821491635570e-05
-6.6076196808159514e-05
-9.7936815113297096e-05
-1.1044999734162892e-04
-1.1288378260385227e-04
-1.1279606728863135e-04
-1.1216111587230556e-04
-1.1173485472691827e-04
-1.1202083401037551e-04
-1.1291294727400661e-04
-1.1417060086002462e-04
-1.1579861126489584e-04
-1.1788387147679411e-04
-1.1968729545128570e-04
-1.2155822918552709e-04
-1.2343573380148290e-04
-1.2521851365560808e-04
-1.2669583965251258e-04
-1.2799417016108220e-04
-1.2921157937799893e-04
-1.3017140130130699e-04
-1.3093377860996693e-04
-1.3151012918811761e-04
-1.3199946843833870e-04
-1.3227570533243127e-04
-1.3237660466954221e-04
-1.3240059761966994e-04
-1.3233588104062118e-04
-1.3212778719729628e-04
-1.3184112428509434e-04
-1.3148960720113975e-04
-1.3105435922774382e-04
-1.3055242558707438e-04
-1.3001907484771330e-04
-1.2944862594369154e-04
-1.2884352875513981e-04
-1.2814311377136174e-04
-1.2748011536067372e-04
-1.2679091958098086e-04
-1.2602280133090546e-04
-1.2530894263546499e-04
-1.2458525354791991e-04
-1.2374986707796312e-04
-1.2299697373655422e-04
-1.2223909678301187e-04
-1.2139561473833791e-04
-1.2063214810868818e-04
-1.1987126996115524e-04
-1.1898315205860838e-04
-1.1822115534714486e-04
-1.1743600813759192e-04
-1.1657707208588685e-04
-1.1581942736946276e-04
-1.1501616443924503e-04
-1.1416596163036564e-04
-1.1340663898158151e-04
-1.1257797007109107e-04
-1.1177647032456889e-04
-1.1103048683022250e-04
-1.1016893165552854e-04
-1.0940393641723643e-04
-1.0864601802973390e-04
-1.0777024362208490e-04
-1.0705834654086633e-04
-1.0626494625742314e-04
-1.0544985181008891e-04
-1.0473987603404983e-04
-1.0388016733521842e-04
-1.0314717537853917e-04
-1.0240937123996935e-04
-1.0157727883121905e-04
-1.0088030445403206e-04
-1.0007476438358802e-04
-9.9312341650335207e-05
-9.8608983487560395e-05
-9.7782425037587598e-05
-9.7095281474129979e-05
-9.6313036015076810e-05
-9.5577522692092757e-05
-9.4848805745205512e-05
-9.4072772785943232e-05
-9.3390754560364277e-05
-9.2589291710473177e-05
-9.1912545179448349e-05
-9.1162891220452396e-05
-9.0418433820714880e-05
-8.9751219632546052e-05
-8.8941035569357682e-05
-8.8304486291856311e-05
-8.7522452046152877e-05
-8.6848152895354681e-05
-8.6121922601950062e-05
-8.5403604314048667e-05
-8.4710732151540370e-05
-8.3976472490343411e-05
-8.3321943695782892e-05
-8.2547506162134281e-05
-8.1924396281007409e-05
-8.1152569691221550e-05
-8.0503555628440676e-05
-7.9780547473267023e-05
-7.9094096704419129e-05
-7.8406481174721793e-05
-7.7708477938941958e-05
-7.7033966619537863e-05
-7.6326793317775676e-05
-7.5666488767607798e-05
-7.4937096896930764e-05
-7.4312443681827500e-05
-7.3559297204087111e-05
-7.2951232673788710e-05
-7.2202818235818603e-05
-7.1592766510528282e-05
-7.0845428639708339e-05
-7.0237564127989709e-05
-6.9482365308476147e-05
-6.8892399615714723e-05
-6.8129497362114951e-05
-6.7540435055576451e-05
-6.6791570629227997e-05
-6.6191476404735191e-05
-6.5451315055655183e-05
-6.4842736131132762e-05
-6.4105122288777110e-05
-6.3502093268792987e-05
-6.2765730745752306e-05
-6.2151599332410396e-05
-6.1441673321993142e-05
-6.0798766924481261e-05
-6.0118861092470930e-05
-5.9450907503519829e-05
-5.8783048050917157e-05
-5.8104816935795946e-05
-5.7450093829272552e-05
-5.6753592421686696e-05
-5.6127015008458574e-05
-5.5394657963362720e-05
-5.4787433183771753e-05
-5.4054523287236623e-05
-5.3427905719748247e-05
-5.2728106743891057e-05
-5.2057314546302436e-05
-5.1401399711067845e-05
-5.0685642706396614e-05
-5.0065216390585052e-05
-4.9317928484983141e-05
-4.8686872671305845e-05
-4.7980353398211598e-05
-4.7306672198822603e-05
-4.6636618108248299e-05
-4.5921714431001530e-05
-4.5284969445169305e-05
-4.4532146187625468e-05
-4.3882513631065845e-05
-4.3175896755705289e-05
-4.2475080888806418e-05
-4.1814867226773795e-05
-4.1057229496978242e-05
-4.0396010026661431e-05
-3.9685759292073562e-05
-3.8971680266622746e-05
-3.8316823277954595e-05
-3.7624671487852542e-05
0.0000000000000000e+00
];
