%Vec Object:dSdr_b_aug_870 1 MPI processes
%  type: seq
dSdr_b_aug_870 = [
2.4785478438319224e+03
0.0000000000000000e+00
-2.6346286108841757e-06
-1.0733132363257758e-06
-6.5258816663098170e-07
-4.5746771847458606e-07
-3.4307682156110769e-07
-2.7247716738106552e-07
-2.2463054272696410e-07
-1.8832706214916915e-07
-1.6138269433561755e-07
-1.4073974554727686e-07
-1.2390214443020000e-07
-1.1026116149035758e-07
-9.9080996860726331e-08
-8.9652711332324800e-08
-8.1595484569443157e-08
-7.4722313965018227e-08
-6.8780597404702727e-08
-6.3537793080150651e-08
-5.8945229389414669e-08
-5.4895254855643267e-08
-5.1254482841003170e-08
-4.7999850852060397e-08
-4.5080010615326814e-08
-4.2441473320308002e-08
-4.9383794691115623e-08
-5.0629233765267735e-06
-2.5145747216007939e-04
-4.1408713702707447e-04
-3.8789731193897758e-04
-3.4954330802561289e-04
-3.1216893710423734e-04
-2.7261539311638437e-04
-2.4043818600480234e-04
-2.1244124210293872e-04
-1.8795628008567568e-04
-1.6482965749487041e-04
-1.4731216764632759e-04
-1.3402116269587845e-04
-1.2351006050656787e-04
-1.1502079313988830e-04
-1.0970902520129286e-04
-1.0644121492094776e-04
-1.0462188999837743e-04
-1.0413075429289404e-04
-1.0456943191705986e-04
-1.0555536685846577e-04
-1.0701286102922079e-04
-1.0898972642235045e-04
-1.1072702181823722e-04
-1.1255326352850702e-04
-1.1440478749305178e-04
-1.1617617727150755e-04
-1.1765164593868962e-04
-1.1895807391115618e-04
-1.2019422906588568e-04
-1.2117701952919785e-04
-1.2196702624065827e-04
-1.2257894911675687e-04
-1.2311028510433503e-04
-1.2342937034411335e-04
-1.2357801052166186e-04
-1.2365940804824765e-04
-1.2364729035680417e-04
-1.2349505858018624e-04
-1.2327035480426613e-04
-1.2298273409435732e-04
-1.2260946400975852e-04
-1.2217302629295799e-04
-1.2170947066457141e-04
-1.2120350150984161e-04
-1.2066316851806390e-04
-1.2003951638946807e-04
-1.1944268940792418e-04
-1.1881926520116169e-04
-1.1812911124224964e-04
-1.1748108563324647e-04
-1.1682298133240198e-04
-1.1606747643906638e-04
-1.1538060662590070e-04
-1.1468947896199998e-04
-1.1392362055969810e-04
-1.1322581327909712e-04
-1.1253106854698388e-04
-1.1172129078940527e-04
-1.1102468931990538e-04
-1.1030652035396639e-04
-1.0952268236367071e-04
-1.0882934803230988e-04
-1.0809411735625386e-04
-1.0731723573427601e-04
-1.0662167043929178e-04
-1.0586293721265629e-04
-1.0513023878937483e-04
-1.0444691846140854e-04
-1.0365757188143457e-04
-1.0295862769485104e-04
-1.0226353674205220e-04
-1.0146132434986108e-04
-1.0081135826206645e-04
-1.0008311553174842e-04
-9.9337280068249138e-05
-9.8688393413468443e-05
-9.7899300357319846e-05
-9.7229537697316942e-05
-9.6554224947570686e-05
-9.5791454494138035e-05
-9.5154430362662124e-05
-9.4416987180737856e-05
-9.3718664894615615e-05
-9.3075561569288168e-05
-9.2319257767088837e-05
-9.1690144610046022e-05
-9.0975159639162108e-05
-9.0301917716100163e-05
-8.9634981890495102e-05
-8.8925769412857408e-05
-8.8301895648043314e-05
-8.7568519259289103e-05
-8.6951134511849428e-05
-8.6264674880941970e-05
-8.5584260570229550e-05
-8.4976228964482188e-05
-8.4233694311106606e-05
-8.3653915703643886e-05
-8.2939285297238538e-05
-8.2322570088759351e-05
-8.1661366205570821e-05
-8.1004412152115794e-05
-8.0372224557533574e-05
-7.9702801127856738e-05
-7.9105321034494150e-05
-7.8399061688301378e-05
-7.7831447286141699e-05
-7.7127228242028435e-05
-7.6535993271073069e-05
-7.5877110670457572e-05
-7.5251297759075265e-05
-7.4625350298463764e-05
-7.3989817218717691e-05
-7.3375103728445817e-05
-7.2732528399941092e-05
-7.2130868616658000e-05
-7.1467181323527792e-05
-7.0900441506213942e-05
-7.0213664415168256e-05
-6.9662958648436564e-05
-6.8981623276203526e-05
-6.8427467122417868e-05
-6.7749564152703832e-05
-6.7197103855747299e-05
-6.6511667472874119e-05
-6.5976878464350612e-05
-6.5284184278005568e-05
-6.4750700883170324e-05
-6.4071351137263434e-05
-6.3527492865775268e-05
-6.2856821464437037e-05
-6.2305811167048930e-05
-6.1637033565777158e-05
-6.1092844816117308e-05
-6.0424458061300956e-05
-5.9870219208131574e-05
-5.9228047233496292e-05
-5.8646186699234124e-05
-5.8033065078536850e-05
-5.7428364722118758e-05
-5.6825948693453289e-05
-5.6213396610664258e-05
-5.5622458677962152e-05
-5.4994231328699254e-05
-5.4429330854130066e-05
-5.3768720715209996e-05
-5.3221895615272054e-05
-5.2560887386249536e-05
-5.1996821075865869e-05
-5.1366796885489442e-05
-5.0762341938881391e-05
-5.0173496535231743e-05
-4.9528064482190791e-05
-4.8971477446215141e-05
-4.8299133604335155e-05
-4.7731757509520355e-05
-4.7098324140131283e-05
-4.6492431402094096e-05
-4.5891605393968427e-05
-4.5249812182990505e-05
-4.4679001668831703e-05
-4.4003754783409797e-05
-4.3421456158829815e-05
-4.2787872099493480e-05
-4.2159997492799088e-05
-4.1568321231222773e-05
-4.0889710206242822e-05
-4.0296870331189132e-05
-3.9659802904879349e-05
-3.9018002739467410e-05
-3.8421301079017881e-05
-3.7747900719119525e-05
0.0000000000000000e+00
];
