%Vec Object:dSdr_b_aug_7830 1 MPI processes
%  type: seq
dSdr_b_aug_7830 = [
2.2956059398242660e+03
0.0000000000000000e+00
-7.2689027415555364e-07
-3.0083079537040703e-07
-1.8739363842251941e-07
-1.3328838158059408e-07
-1.0002307810794931e-07
-7.9451520378967194e-08
-6.5507378041551982e-08
-5.5023730148499563e-08
-4.7237679099875775e-08
-4.1268197324117233e-08
-3.6407813371495754e-08
-3.2470039916517106e-08
-2.9241342379354320e-08
-2.6518482165092195e-08
-2.4191549787132605e-08
-2.2539620110821513e-08
-4.4764506004429004e-05
-7.8201895526640926e-04
-7.4452151764802801e-04
-7.0559723270735130e-04
-6.6744256673604912e-04
-6.2943048277881546e-04
-5.8723374746693399e-04
-5.4649211833472362e-04
-5.0742392959636094e-04
-4.6796182023439638e-04
-4.2746461625905882e-04
-3.8417118021788943e-04
-3.4607106249611764e-04
-3.0944620940382100e-04
-2.7486663834485719e-04
-2.3839284036154527e-04
-2.0872348558663431e-04
-1.8289817328223919e-04
-1.6030771710684094e-04
-1.3897364783598486e-04
-1.2281512967317573e-04
-1.1056073467941100e-04
-1.0089016386324814e-04
-9.3098398675122993e-05
-8.8248661989576044e-05
-8.5298864307863529e-05
-8.3696573419512983e-05
-8.3336912965437262e-05
-8.3840539218809710e-05
-8.4854835018558704e-05
-8.6309940562837470e-05
-8.8269880906945795e-05
-8.9994997428437295e-05
-9.1802221584713604e-05
-9.3643752143252450e-05
-9.5418217480117099e-05
-9.6906570178448561e-05
-9.8241575504712526e-05
-9.9526462154039954e-05
-1.0056520659807740e-04
-1.0142042907293521e-04
-1.0211494600334309e-04
-1.0274312359070461e-04
-1.0316073373945753e-04
-1.0341895534428323e-04
-1.0363198799578956e-04
-1.0374044544806601e-04
-1.0371623720777814e-04
-1.0363351029641031e-04
-1.0349229589149607e-04
-1.0326103145904964e-04
-1.0297465682600272e-04
-1.0267101270730107e-04
-1.0231277587418843e-04
-1.0192082641123750e-04
-1.0147304824504943e-04
-1.0102782856409824e-04
-1.0055509547327828e-04
-1.0004356793770480e-04
-9.9546374373963916e-05
-9.9038533248885284e-05
-9.8466047625837046e-05
-9.7930446271174819e-05
-9.7392249926196728e-05
-9.6804237630940048e-05
-9.6256864519807435e-05
-9.5713640142599583e-05
-9.5083350202809674e-05
-9.4536577881750106e-05
-9.3971864986712951e-05
-9.3360086801321191e-05
-9.2814096131745057e-05
-9.2234736498013928e-05
-9.1625843669885693e-05
-9.1076355029965015e-05
-9.0477853954242288e-05
-8.9902788709564057e-05
-8.9363038153279721e-05
-8.8739131360171782e-05
-8.8191519125699225e-05
-8.7640374363356281e-05
-8.7006702697974881e-05
-8.6498628946901854e-05
-8.5919671841246564e-05
-8.5332519739284910e-05
-8.4823598096299928e-05
-8.4196296762450583e-05
-8.3671402623400961e-05
-8.3139267766430168e-05
-8.2535325082712941e-05
-8.2035656757927173e-05
-8.1454234587813377e-05
-8.0902776841518026e-05
-8.0397727152463618e-05
-7.9802388074155960e-05
-7.9306232107788843e-05
-7.8745351847975918e-05
-7.8214783921637097e-05
-7.7689398822574921e-05
-7.7133283028901512e-05
-7.6642627922508683e-05
-7.6065248841127850e-05
-7.5583871887101442e-05
-7.5042201030838708e-05
-7.4508520168284516e-05
-7.4036085896318359e-05
-7.3448547411240474e-05
-7.2998840173085964e-05
-7.2438643384510111e-05
-7.1953862985992218e-05
-7.1441645765546772e-05
-7.0925287848857857e-05
-7.0432139226276903e-05
-6.9911266916454680e-05
-6.9444495604935923e-05
-6.8894444445013840e-05
-6.8453980292722326e-05
-6.7904662161871862e-05
-6.7445809700743834e-05
-6.6933850409563262e-05
-6.6446970058129358e-05
-6.5962315619462887e-05
-6.5469913371099327e-05
-6.4992208117653689e-05
-6.4497638991105433e-05
-6.4030345839291309e-05
-6.3517200413341720e-05
-6.3083151802157832e-05
-6.2548440066775404e-05
-6.2129155055408049e-05
-6.1601511351936280e-05
-6.1175423924184123e-05
-6.0656610570281857e-05
-6.0231093631772332e-05
-5.9705497755140184e-05
-5.9297131255536277e-05
-5.8765299113645762e-05
-5.8359160373332840e-05
-5.7839084924735274e-05
-5.7424077651985669e-05
-5.6912624652913548e-05
-5.6493519551430391e-05
-5.5982463550476962e-05
-5.5573094517635151e-05
-5.5060459023124555e-05
-5.4643452075108195e-05
-5.4156524666882661e-05
-5.3714539974346907e-05
-5.3254442535720703e-05
-5.2794677330476323e-05
-5.2342215600543388e-05
-5.1880158892936248e-05
-5.1435378571167508e-05
-5.0963595211253677e-05
-5.0540025368909156e-05
-5.0043820007441217e-05
-4.9635403497944809e-05
-4.9139159768546190e-05
-4.8718437578334370e-05
-4.8248311669443647e-05
-4.7795883367195241e-05
-4.7360747247320865e-05
-4.6876489902664906e-05
-4.6466224868485905e-05
-4.5965655715603063e-05
-4.5544256481974314e-05
-4.5078365607584502e-05
-4.4627895688874874e-05
-4.4185813730942794e-05
-4.3711690283581504e-05
-4.3292147200959963e-05
-4.2794897950277493e-05
-4.2367205370003233e-05
-4.1901398264750935e-05
-4.1441261813666828e-05
-4.1007505112951759e-05
-4.0511317471729575e-05
-4.0077367480359520e-05
-3.9612020114642549e-05
-3.9144454076490015e-05
-3.8705301693127948e-05
-3.8204317916014432e-05
0.0000000000000000e+00
];
