%Vec Object:dSdr_b_aug_740 1 MPI processes
%  type: seq
dSdr_b_aug_740 = [
2.4914585996179130e+03
0.0000000000000000e+00
-2.9078931564685569e-06
-1.1832989562261512e-06
-7.1815818218302475e-07
-5.0297032970232969e-07
-3.7729186083151836e-07
-2.9973824147500658e-07
-2.4717931532452577e-07
-2.0726463614598338e-07
-1.7764101190053277e-07
-1.5494658216173907e-07
-1.3643137040471592e-07
-1.2143078803043701e-07
-1.0913653256991217e-07
-9.8768238501784374e-08
-8.9907171863595827e-08
-8.2348366405189865e-08
-7.5813930408839024e-08
-7.0047809258722933e-08
-6.4996868203855638e-08
-6.0542723170060356e-08
-5.6538460163274376e-08
-5.2958892266185368e-08
-4.9747566493508504e-08
-4.6833358833720278e-08
-4.4244561082614127e-08
-7.0878684404832873e-08
-8.3094561209460256e-06
-2.4029110645809181e-04
-3.7364245534576108e-04
-3.5001635703462038e-04
-3.1427593469623408e-04
-2.7480918008023110e-04
-2.4252030086512109e-04
-2.1439165900375538e-04
-1.8978445731211534e-04
-1.6654019586304514e-04
-1.4893311173650136e-04
-1.3557363537444197e-04
-1.2500696267345898e-04
-1.1647156134535340e-04
-1.1112922943636505e-04
-1.0784038006307957e-04
-1.0600669565277231e-04
-1.0550686102999106e-04
-1.0594124149352263e-04
-1.0692530009999761e-04
-1.0838295259289686e-04
-1.1036093812581743e-04
-1.1209903947551959e-04
-1.1392653965249429e-04
-1.1577872484776525e-04
-1.1754991095888209e-04
-1.1902452684668227e-04
-1.2032906348142616e-04
-1.2156199353202650e-04
-1.2254108092505530e-04
-1.2332677164275720e-04
-1.2393322846407286e-04
-1.2445815552188661e-04
-1.2477072043978868e-04
-1.2491210859866505e-04
-1.2498479463185662e-04
-1.2496469738369070e-04
-1.2480399313247816e-04
-1.2456989347621331e-04
-1.2427258375573055e-04
-1.2388991589262901e-04
-1.2344354717212607e-04
-1.2296940878903749e-04
-1.2245366288199885e-04
-1.2190351004445413e-04
-1.2126821879839965e-04
-1.2066135863097206e-04
-1.2002796187204567e-04
-1.1932598664783040e-04
-1.1866797916355436e-04
-1.1799993063582106e-04
-1.1723231377021703e-04
-1.1653543320497577e-04
-1.1583418474479307e-04
-1.1505655672597248e-04
-1.1434879390895336e-04
-1.1364402175939288e-04
-1.1282236574285043e-04
-1.1211584877931276e-04
-1.1138752429637909e-04
-1.1059229962412687e-04
-1.0988921428714770e-04
-1.0914366827770576e-04
-1.0835566938935944e-04
-1.0765043693959426e-04
-1.0688109977060537e-04
-1.0613796940142932e-04
-1.0544514782240939e-04
-1.0464485266897077e-04
-1.0393589354357220e-04
-1.0323127643084856e-04
-1.0241791025162941e-04
-1.0175855392557136e-04
-1.0102043170875232e-04
-1.0026409485895557e-04
-9.9605945569519703e-05
-9.8806145422721962e-05
-9.8126795623489280e-05
-9.7442007618743506e-05
-9.6668726227436670e-05
-9.6022612139420096e-05
-9.5274843768510759e-05
-9.4566802235498005e-05
-9.3914562735130814e-05
-9.3147606537636137e-05
-9.2509694478591853e-05
-9.1784511095267427e-05
-9.1101827225335358e-05
-9.0425523813755001e-05
-8.9706179673542169e-05
-8.9073489743632535e-05
-8.8329789736295159e-05
-8.7703404245575948e-05
-8.7007362761734526e-05
-8.6317237903937809e-05
-8.5700232722698720e-05
-8.4947440712066218e-05
-8.4359054231809483e-05
-8.3634203700045065e-05
-8.3008757303230273e-05
-8.2337693768779073e-05
-8.1671435338145928e-05
-8.1030046418981941e-05
-8.0350792168233071e-05
-7.9744662033549876e-05
-7.9028065138966516e-05
-7.8452036198278831e-05
-7.7737566124538664e-05
-7.7137570358204287e-05
-7.6468964678867618e-05
-7.5833957507026118e-05
-7.5198659577675877e-05
-7.4553654409830053e-05
-7.3929874018868947e-05
-7.3277503966031352e-05
-7.2666952107777654e-05
-7.1993302293749548e-05
-7.1417781287609109e-05
-7.0720940864874753e-05
-7.0161537996635761e-05
-6.9470031678002314e-05
-6.8907400267916545e-05
-6.8218969137953865e-05
-6.7658108074526374e-05
-6.6962093855348081e-05
-6.6418938566117322e-05
-6.5715598959121331e-05
-6.5173688277641689e-05
-6.4483798207814135e-05
-6.3931412986596833e-05
-6.3250204986463180e-05
-6.2690465645850096e-05
-6.2011250533472684e-05
-6.1458139895881222e-05
-6.0779446062173372e-05
-6.0216125728000020e-05
-5.9563680251484264e-05
-5.8972563316921569e-05
-5.8349315190795040e-05
-5.7735023680961802e-05
-5.7122684376397790e-05
-5.6500173252691434e-05
-5.5899563390907638e-05
-5.5260983432602913e-05
-5.4686730582038447e-05
-5.4015241135458555e-05
-5.3459257182036332e-05
-5.2787346012413066e-05
-5.2213794422883660e-05
-5.1573189558651147e-05
-5.0958675014227533e-05
-5.0359658829666180e-05
-4.9703562165280840e-05
-4.9137293679628576e-05
-4.8453584303168748e-05
-4.7876550285136794e-05
-4.7232032303320207e-05
-4.6615857602671380e-05
-4.6004530602849739e-05
-4.5351646733917640e-05
-4.4770832346551071e-05
-4.4083814524298925e-05
-4.3491295503429290e-05
-4.2846623221797529e-05
-4.2207668669373335e-05
-4.1605571299918233e-05
-4.0914933254374728e-05
-4.0311652477114317e-05
-3.9663355855992049e-05
-3.9010312896166328e-05
-3.8403994682191693e-05
-3.7723497134474047e-05
0.0000000000000000e+00
];
