%Vec Object:dSdr_b_aug_8860 1 MPI processes
%  type: seq
dSdr_b_aug_8860 = [
2.2804729566328156e+03
0.0000000000000000e+00
-6.5932489914719229e-07
-2.7291141745322597e-07
-1.7010913936051809e-07
-1.2099739556051504e-07
-9.0721627708866449e-08
-7.1997305237906383e-08
-5.9305871979221912e-08
-4.9773040240318730e-08
-4.2693295967508093e-08
-3.7265194108091051e-08
-3.2847489327349968e-08
-2.9268773145708089e-08
-2.6334527334562508e-08
-2.3860412647753361e-08
-2.1748024325545501e-08
-6.9203067296358011e-07
-7.1674562762181538e-04
-7.8125324427619160e-04
-7.3957758665464625e-04
-7.0087173928253302e-04
-6.6295506584817447e-04
-6.2517565855844297e-04
-5.8323478774662939e-04
-5.4273317869267740e-04
-5.0389003736830648e-04
-4.6465223785718140e-04
-4.2438102045019296e-04
-3.8132266986579778e-04
-3.4342826203800599e-04
-3.0699777997777230e-04
-2.7259920823305227e-04
-2.3631425689428788e-04
-2.0679753561704130e-04
-1.8110417107527606e-04
-1.5862877768486181e-04
-1.3740356627825476e-04
-1.2132757276314175e-04
-1.0913612571609641e-04
-9.9516595658018624e-05
-9.1767185720783645e-05
-8.6945505438301756e-05
-8.4015018716408727e-05
-8.2425906937242901e-05
-8.2074230103593678e-05
-8.2581800206831882e-05
-8.3597818099041262e-05
-8.5052778504415865e-05
-8.7011691001043898e-05
-8.8736067888755881e-05
-9.0542137143495360e-05
-9.2383060787387994e-05
-9.4157712814277588e-05
-9.5646847817896805e-05
-9.6983588415094796e-05
-9.8271434178961821e-05
-9.9313576319909292e-05
-1.0017275890765407e-04
-1.0087229123340583e-04
-1.0150634938650339e-04
-1.0192994232107889e-04
-1.0219481811018386e-04
-1.0241584413647207e-04
-1.0253162335922715e-04
-1.0251518918751611e-04
-1.0244108364810217e-04
-1.0230875958984545e-04
-1.0208611828032222e-04
-1.0180885605090327e-04
-1.0151492237263665e-04
-1.0116565641218016e-04
-1.0078271736680048e-04
-1.0034561894802601e-04
-9.9909605446724705e-05
-9.9446022902020242e-05
-9.8945342256743788e-05
-9.8457307798379215e-05
-9.7958591235340254e-05
-9.7397219255860581e-05
-9.6870803509267083e-05
-9.6341893748465662e-05
-9.5764680963368728e-05
-9.5226442800587781e-05
-9.4692419329722483e-05
-9.4073028592834581e-05
-9.3535354482209067e-05
-9.2979960039281571e-05
-9.2378629999432887e-05
-9.1841586612843970e-05
-9.1271692079095693e-05
-9.0673000189555732e-05
-9.0132381895982716e-05
-8.9543610745200134e-05
-8.8978117605752029e-05
-8.8447085168783500e-05
-8.7833224529961963e-05
-8.7294801765909613e-05
-8.6752397981363467e-05
-8.6128960772505444e-05
-8.5629503281464710e-05
-8.5059611392356894e-05
-8.4482095181343528e-05
-8.3981672776401071e-05
-8.3364196085783322e-05
-8.2848098945588448e-05
-8.2324658425879838e-05
-8.1730360402585073e-05
-8.1239032874873789e-05
-8.0667084927763449e-05
-8.0124545388156302e-05
-7.9627878873765663e-05
-7.9042314223146275e-05
-7.8554231955380407e-05
-7.8002709556310466e-05
-7.7480805372324003e-05
-7.6964015806422703e-05
-7.6417196662824477e-05
-7.5934631133649854e-05
-7.5366724840406754e-05
-7.4893606831570388e-05
-7.4360728137163289e-05
-7.3835957525101147e-05
-7.3371757274532645e-05
-7.2793630786152321e-05
-7.2351822011466340e-05
-7.1801003059998123e-05
-7.1324234281431220e-05
-7.0821064137955640e-05
-7.0313243792509051e-05
-6.9828538184338101e-05
-6.9316686505091962e-05
-6.8857852366563339e-05
-6.8317286806082698e-05
-6.7884543739583553e-05
-6.7344631826579104e-05
-6.6893818176296378e-05
-6.6390780672274648e-05
-6.5912336878465704e-05
-6.5436262334867942e-05
-6.4952551581592844e-05
-6.4483166035694009e-05
-6.3997584458041931e-05
-6.3538450606841527e-05
-6.3034446707713971e-05
-6.2608455660674469e-05
-6.2082977966967858e-05
-6.1671673375346151e-05
-6.1153362472495340e-05
-6.0735051918836980e-05
-6.0225899153542163e-05
-5.9808090755610696e-05
-5.9292201068394906e-05
-5.8891511485042304e-05
-5.8369447568799510e-05
-5.7971041745604096e-05
-5.7460638113228505e-05
-5.7053455234269149e-05
-5.6551670663033939e-05
-5.6140575424710262e-05
-5.5639096966827431e-05
-5.5237914785945555e-05
-5.4734737196050801e-05
-5.4326063586924152e-05
-5.3848563324707184e-05
-5.3415072532981448e-05
-5.2964267421815300e-05
-5.2513303352927498e-05
-5.2069947550099194e-05
-5.1617029635245481e-05
-5.1181124709769126e-05
-5.0718841388461627e-05
-5.0303853853198008e-05
-4.9817631970355741e-05
-4.9417620361679776e-05
-4.8931381992202975e-05
-4.8519364451199872e-05
-4.8058948455270410e-05
-4.7615752099624337e-05
-4.7189950139769534e-05
-4.6715480332822212e-05
-4.6314100970398936e-05
-4.5823963149806327e-05
-4.5411428776119214e-05
-4.4955712417754827e-05
-4.4514681185012064e-05
-4.4082239753588113e-05
-4.3618299054404594e-05
-4.3207942979822538e-05
-4.2721504302196255e-05
-4.2303202393527750e-05
-4.1847586547436178e-05
-4.1397640192567690e-05
-4.0973479251747075e-05
-4.0488378606670621e-05
-4.0064092513855370e-05
-3.9609200710849023e-05
-3.9152274384126965e-05
-3.8722855809777970e-05
-3.8233226261005535e-05
0.0000000000000000e+00
];
