%Vec Object:dSdr_b_aug_6230 1 MPI processes
%  type: seq
dSdr_b_aug_6230 = [
2.3159350222398939e+03
0.0000000000000000e+00
-8.2861369432240860e-07
-3.4215487780266535e-07
-2.1249233532833879e-07
-1.5079914578615311e-07
-1.1304216823885670e-07
-8.9698533128259596e-08
-7.3876528142648278e-08
-6.1975444542499807e-08
-5.3137950901613924e-08
-4.6363051177975085e-08
-4.0847700382289018e-08
-3.6379884123668764e-08
-3.2716933444588347e-08
-2.9628445708905741e-08
-2.6989648250100906e-08
-2.4738182784010528e-08
-2.5841159316870305e-08
-1.2582093542460717e-04
-7.5075668615270528e-04
-7.1439577336018280e-04
-6.7582434080520394e-04
-6.3737802200022843e-04
-5.9470336708289796e-04
-5.5351340682725033e-04
-5.1402485408200247e-04
-4.7414375838656476e-04
-4.3322443614364416e-04
-3.8949188609161192e-04
-3.5100752470900760e-04
-3.1401960770839908e-04
-2.7910194964830641e-04
-2.4227540669081893e-04
-2.1232094915740819e-04
-1.8624917279254862e-04
-1.6344379251839527e-04
-1.4190638921259054e-04
-1.2559372425998008e-04
-1.1322174910650070e-04
-1.0345583948550398e-04
-9.5584959091117694e-05
-9.0682815909752965e-05
-8.7696947287908876e-05
-8.6070039108683259e-05
-8.5695465990121068e-05
-8.6191725560374276e-05
-8.7202804718986118e-05
-8.8658181406936135e-05
-9.0620041697882678e-05
-9.2346539810521884e-05
-9.4155921231095459e-05
-9.5998585472020784e-05
-9.7772702121893610e-05
-9.9259593586135654e-05
-1.0059135764029558e-04
-1.0187071700945497e-04
-1.0290311494732671e-04
-1.0375094038265029e-04
-1.0443608911945352e-04
-1.0505328246821851e-04
-1.0545971744110026e-04
-1.0570550976976404e-04
-1.0590361168253066e-04
-1.0599839287888361e-04
-1.0595966353824518e-04
-1.0586083285556303e-04
-1.0570301226340440e-04
-1.0545564078784963e-04
-1.0515224518817261e-04
-1.0483046303492709e-04
-1.0445546959876352e-04
-1.0404668966678914e-04
-1.0357896290505478e-04
-1.0311654709218680e-04
-1.0262672178649280e-04
-1.0209493344977702e-04
-1.0158063168286361e-04
-1.0105574687755684e-04
-1.0046250218655340e-04
-9.9909743123878454e-05
-9.9354200458316001e-05
-9.8746015861438688e-05
-9.8181579668533606e-05
-9.7621169007054099e-05
-9.6970520549903761e-05
-9.6406753769010220e-05
-9.5824635026533022e-05
-9.5193340849323465e-05
-9.4630637635507417e-05
-9.4033598231657583e-05
-9.3405651166975583e-05
-9.2839593691681154e-05
-9.2222918181309466e-05
-9.1629973291911340e-05
-9.1073938243425552e-05
-9.0431266333382081e-05
-8.9866489174028144e-05
-8.9299017222012106e-05
-8.8646228711349181e-05
-8.8122060729673156e-05
-8.7526170787418660e-05
-8.6921019887206902e-05
-8.6396222589649570e-05
-8.5750569888577000e-05
-8.5209243909970729e-05
-8.4660868973968309e-05
-8.4038911110935420e-05
-8.3523663081427947e-05
-8.2924544090276950e-05
-8.2356428100688548e-05
-8.1835719549755112e-05
-8.1222122900309019e-05
-8.0710886139281343e-05
-8.0132526409684680e-05
-7.9585775550896295e-05
-7.9044334926536264e-05
-7.8470853997380895e-05
-7.7965088435886696e-05
-7.7370015211854521e-05
-7.6873211441412577e-05
-7.6315117777792175e-05
-7.5764793530953297e-05
-7.5276978996803413e-05
-7.4671859919590982e-05
-7.4207399204368417e-05
-7.3629685629534520e-05
-7.3129940389284642e-05
-7.2600824205946320e-05
-7.2068519027135508e-05
-7.1559599763983239e-05
-7.1021877889131883e-05
-7.0540280792949072e-05
-6.9972511555941122e-05
-6.9517625245528168e-05
-6.8950737312837529e-05
-6.8476869216832923e-05
-6.7948244986600512e-05
-6.7445606051483008e-05
-6.6944925289859504e-05
-6.6436288261200851e-05
-6.5943042685426173e-05
-6.5431685780982990e-05
-6.4949151928094364e-05
-6.4418931108628451e-05
-6.3969831827493087e-05
-6.3417871889030598e-05
-6.2983680303219889e-05
-6.2438603923713556e-05
-6.1997990120380415e-05
-6.1461131815940650e-05
-6.1021216138918087e-05
-6.0477490131620278e-05
-6.0054783961503182e-05
-5.9504705808781353e-05
-5.9084122791063171e-05
-5.8545981410260963e-05
-5.8116358987565732e-05
-5.7586846381075212e-05
-5.7152779688321669e-05
-5.6623833837493434e-05
-5.6199172611991190e-05
-5.5668870732798394e-05
-5.5236297963535502e-05
-5.4731761616908288e-05
-5.4273911182205541e-05
-5.3796456622380401e-05
-5.3320251781781498e-05
-5.2850781094539909e-05
-5.2371654033052980e-05
-5.1910295345639929e-05
-5.1420766847054422e-05
-5.0981166079082580e-05
-5.0466312543478919e-05
-5.0042196459363575e-05
-4.9527263655102771e-05
-4.9090281959575601e-05
-4.8602018800297751e-05
-4.8132346012467897e-05
-4.7679774454889550e-05
-4.7177234775856883e-05
-4.6750371955009258e-05
-4.6230317835240307e-05
-4.5792359574028367e-05
-4.5307463296249046e-05
-4.4839362324842874e-05
-4.4379272169902463e-05
-4.3886127543471505e-05
-4.3449422994773475e-05
-4.2931979319484793e-05
-4.2486744108074311e-05
-4.2001898323039443e-05
-4.1522724402805495e-05
-4.1071038857682995e-05
-4.0554134264413882e-05
-4.0102120653482529e-05
-3.9617220661807210e-05
-3.9129732198175894e-05
-3.8672261087583328e-05
-3.8149337950531082e-05
0.0000000000000000e+00
];
