%Vec Object:dSdr_b_aug_5000 1 MPI processes
%  type: seq
dSdr_b_aug_5000 = [
2.3330239605050087e+03
0.0000000000000000e+00
-9.2640391380032526e-07
-3.8112407269447645e-07
-2.3562934094046517e-07
-1.6656978084394272e-07
-1.2451049055133787e-07
-9.8514278899408085e-08
-8.0896708115938097e-08
-6.7648096921987543e-08
-5.7812118201743091e-08
-5.0272451550625411e-08
-4.4138745056499980e-08
-3.9171466783605251e-08
-3.5099431149705289e-08
-3.1667536282636234e-08
-2.8736914776666575e-08
-2.6236648746248251e-08
-2.4076305954526029e-08
-1.1183756654051549e-07
-3.7620647919712482e-04
-7.2080665731895008e-04
-6.8380003140268019e-04
-6.4496461625422196e-04
-6.0183418869646382e-04
-5.6021624309897833e-04
-5.2032639239025060e-04
-4.8004531354868172e-04
-4.3872301825343107e-04
-3.9457127023975606e-04
-3.5572009259703612e-04
-3.1838557847545858e-04
-2.8314516736906099e-04
-2.4598187819479546e-04
-2.1575524874538606e-04
-1.8944818670126013e-04
-1.6643763021116322e-04
-1.4470611507866679e-04
-1.2824629475690865e-04
-1.1576207254209934e-04
-1.0590514843383897e-04
-9.7958741312950383e-05
-9.3006568725985126e-05
-8.9986265337274154e-05
-8.8335856542226822e-05
-8.7947047264579745e-05
-8.8436274170327681e-05
-8.9444282412842480e-05
-9.0899917793431002e-05
-9.2863610809533251e-05
-9.4591427719301372e-05
-9.6402868439308302e-05
-9.8246614830591327e-05
-1.0002039850231334e-04
-1.0150589500242044e-04
-1.0283456480855093e-04
-1.0410864760269483e-04
-1.0513498689439810e-04
-1.0597575079616443e-04
-1.0665195624625456e-04
-1.0725866355850188e-04
-1.0765443021677970e-04
-1.0788835700963212e-04
-1.0807220537752921e-04
-1.0815393061417939e-04
-1.0810133878684030e-04
-1.0798713472828941e-04
-1.0781346113109801e-04
-1.0755071315550760e-04
-1.0723106858305695e-04
-1.0689197105356334e-04
-1.0650098101742117e-04
-1.0607613396944961e-04
-1.0558936338785814e-04
-1.0511053138033049e-04
-1.0460438908368628e-04
-1.0405325888101629e-04
-1.0352262485965958e-04
-1.0298146939624218e-04
-1.0236840717089037e-04
-1.0179926859377506e-04
-1.0122716635559722e-04
-1.0059972437752560e-04
-1.0001899900424957e-04
-9.9442181547658865e-05
-9.8772097939033289e-05
-9.8192107487080432e-05
-9.7593372344298771e-05
-9.6943447328061064e-05
-9.6364789572150108e-05
-9.5750872268845705e-05
-9.5104735177202362e-05
-9.4522860350539577e-05
-9.3888834711456143e-05
-9.3278821113055110e-05
-9.2707240159706621e-05
-9.2046654228897625e-05
-9.1465490664015825e-05
-9.0882432046032172e-05
-9.0211393738729467e-05
-8.9671861484202011e-05
-8.9059806695129549e-05
-8.8437473330316206e-05
-8.7897520416455144e-05
-8.7234348672381629e-05
-8.6677336118109715e-05
-8.6113457669536269e-05
-8.5474301703325248e-05
-8.4944180584070557e-05
-8.4328167408683361e-05
-8.3744148707708382e-05
-8.3208491499731722e-05
-8.2577465348448596e-05
-8.2051831779063816e-05
-8.1456785357919852e-05
-8.0894585540239262e-05
-8.0337817585460962e-05
-7.9747759112983120e-05
-7.9227568427276418e-05
-7.8615603574554816e-05
-7.8104072666864167e-05
-7.7530301048050717e-05
-7.6964088273213707e-05
-7.6461591044030123e-05
-7.5839688737628524e-05
-7.5361143684245097e-05
-7.4766707791778863e-05
-7.4252676434645988e-05
-7.3707427735218085e-05
-7.3159898576350909e-05
-7.2635923943790547e-05
-7.2082116709429100e-05
-7.1586366245181442e-05
-7.1001682527380025e-05
-7.0533028168345881e-05
-6.9949367304370747e-05
-6.9461164599413951e-05
-6.8916631259876378e-05
-6.8398948462625772e-05
-6.7882968242500674e-05
-6.7358832752102764e-05
-6.6850751674896289e-05
-6.6323368391335200e-05
-6.5826285067843561e-05
-6.5279763297237112e-05
-6.4816295956602417e-05
-6.4247870093788316e-05
-6.3799448007161944e-05
-6.3237729595610155e-05
-6.2783248244692907e-05
-6.2229163401741184e-05
-6.1775502023324886e-05
-6.1214468158628767e-05
-6.0778072673964807e-05
-6.0210576036968153e-05
-5.9776203839700603e-05
-5.9220815882976013e-05
-5.8777241155045995e-05
-5.8230488007261591e-05
-5.7782138277181396e-05
-5.7236113939209032e-05
-5.6796854065180452e-05
-5.6249687023886155e-05
-5.5802254382638427e-05
-5.5280907709025253e-05
-5.4807911077701013e-05
-5.4313886579906806e-05
-5.3821987670304055e-05
-5.3336279409090739e-05
-5.2840856156270481e-05
-5.2363670945746519e-05
-5.1857202062978012e-05
-5.1402297368422760e-05
-5.0869641353369451e-05
-5.0430537646406789e-05
-4.9897763294876842e-05
-4.9445259415843473e-05
-4.8939681476315063e-05
-4.8453546162995091e-05
-4.7984329766391413e-05
-4.7464336734523300e-05
-4.7021628675263346e-05
-4.6482973042670486e-05
-4.6029206455305538e-05
-4.5526166368290547e-05
-4.5041233527552708e-05
-4.4563951364993071e-05
-4.4052647559980977e-05
-4.3599559026912117e-05
-4.3062835722752715e-05
-4.2600852071520761e-05
-4.2097829154191257e-05
-4.1600478508059566e-05
-4.1131673386667238e-05
-4.0594985500929694e-05
-4.0125717792525992e-05
-3.9622134199620811e-05
-3.9115588876336468e-05
-3.8640522542425748e-05
-3.8096081495809920e-05
0.0000000000000000e+00
];
