%Vec Object:dSdr_b_aug_7380 1 MPI processes
%  type: seq
dSdr_b_aug_7380 = [
2.2990515095311416e+03
0.0000000000000000e+00
-7.4346906258293470e-07
-3.0770451695792074e-07
-1.9166198560890751e-07
-1.3633483276538311e-07
-1.0233885442036987e-07
-8.1315725491516087e-08
-6.7065257188738639e-08
-5.6348582025956302e-08
-4.8389363166774849e-08
-4.2287127578609435e-08
-3.7318010322393684e-08
-3.3291983941361020e-08
-2.9990890953960049e-08
-2.7206813657543521e-08
-2.4827396855209666e-08
-2.2861077466121152e-08
-1.0602169664229785e-05
-7.7190447325410248e-04
-7.4699793578316472e-04
-7.0802811202878824e-04
-6.6975163415827332e-04
-6.3161983383362057e-04
-5.8929144172357041e-04
-5.4842630848014700e-04
-5.0924231992070118e-04
-4.6966479025330443e-04
-4.2905130320205830e-04
-3.8563690217978814e-04
-3.4743093489280458e-04
-3.1070606672956887e-04
-2.7603336111566332e-04
-2.3946239066951507e-04
-2.0971449717909475e-04
-1.8382129015889794e-04
-1.6117162774215794e-04
-1.3978154500354060e-04
-1.2358056316253514e-04
-1.1129377757173222e-04
-1.0159694326055977e-04
-9.3783383861885278e-05
-8.8919210550212661e-05
-8.5959476279040520e-05
-8.4350403993180249e-05
-8.3986635521317394e-05
-8.4488232452015232e-05
-8.5501642151046699e-05
-8.6956822392445957e-05
-8.8917291637837228e-05
-9.0642788756672502e-05
-9.2450607188744715e-05
-9.4292450051537458e-05
-9.6066819336569617e-05
-9.7554769503789527e-05
-9.8888881942581539e-05
-1.0017224596596147e-04
-1.0120924210750417e-04
-1.0206242688392025e-04
-1.0275436311186841e-04
-1.0337951481649744e-04
-1.0379404648393340e-04
-1.0404884413392529e-04
-1.0425776373984180e-04
-1.0436245372524301e-04
-1.0433424528438935e-04
-1.0424708218593954e-04
-1.0410129319080318e-04
-1.0386559166986331e-04
-1.0357452818509322e-04
-1.0326588749021936e-04
-1.0290303463088311e-04
-1.0250644879343278e-04
-1.0205317528646757e-04
-1.0160321849992561e-04
-1.0112577693004439e-04
-1.0060866804872824e-04
-1.0010676160149338e-04
-9.9594225367359888e-05
-9.9016021138390885e-05
-9.8475693262812901e-05
-9.7932718438830180e-05
-9.7339149177112812e-05
-9.6787075612181616e-05
-9.6239116841935322e-05
-9.5603218637830929e-05
-9.5051764766562166e-05
-9.4482256994250189e-05
-9.3865102639318943e-05
-9.3314508080216606e-05
-9.2730278110292894e-05
-9.2116136314667708e-05
-9.1562083373402991e-05
-9.0958575693685640e-05
-9.0378585052295721e-05
-8.9834348524100551e-05
-8.9205272408699870e-05
-8.8652931665012178e-05
-8.8097289168643519e-05
-8.7458351288538367e-05
-8.6945843977847992e-05
-8.6362222297192587e-05
-8.5770111974032396e-05
-8.5256816983081960e-05
-8.4624460304038139e-05
-8.4095039601887349e-05
-8.3558431007056571e-05
-8.2949525589520672e-05
-8.2445565443545706e-05
-8.1859268239379700e-05
-8.1303221561340107e-05
-8.0793858245240403e-05
-8.0193489660152590e-05
-7.9693179309847295e-05
-7.9127483890790464e-05
-7.8592457968960751e-05
-7.8062649971896088e-05
-7.7501750515194130e-05
-7.7006932854089251e-05
-7.6424679476364997e-05
-7.5939052817931716e-05
-7.5392857886526316e-05
-7.4854592185364031e-05
-7.4377921033475300e-05
-7.3785539532310199e-05
-7.3331768077901255e-05
-7.2766745850134232e-05
-7.2277843009611282e-05
-7.1760970544899132e-05
-7.1240219553793591e-05
-7.0742726511616879e-05
-7.0217212565337723e-05
-6.9746357118459512e-05
-6.9191425068567756e-05
-6.8746987969931799e-05
-6.8192829795190595e-05
-6.7729840899578405e-05
-6.7213290831623495e-05
-6.6722069381726712e-05
-6.6233000089052966e-05
-6.5736125561832384e-05
-6.5254139335372784e-05
-6.4754945592806039e-05
-6.4283454006083116e-05
-6.3765604733063250e-05
-6.3327410035719136e-05
-6.2787946848410109e-05
-6.2364555445491862e-05
-6.1832109472256361e-05
-6.1402020388133340e-05
-6.0878236097936702e-05
-6.0448752663732786e-05
-5.9918162385622674e-05
-5.9505845661909823e-05
-5.8968987196233649e-05
-5.8558869415002039e-05
-5.8033817249564028e-05
-5.7614783864505898e-05
-5.7098355890641245e-05
-5.6675129240586598e-05
-5.6159145028484063e-05
-5.5745563374266552e-05
-5.5228061227303142e-05
-5.4806766279609186e-05
-5.4314988043487293e-05
-5.3868632729979359e-05
-5.3403753832260581e-05
-5.2939459912092333e-05
-5.2482312632832989e-05
-5.2015553462232475e-05
-5.1566206207514274e-05
-5.1089534497152225e-05
-5.0661548526814209e-05
-5.0160206049742340e-05
-4.9747464689713334e-05
-4.9246072575823819e-05
-4.8820871286082647e-05
-4.8345749004300394e-05
-4.7888570262186654e-05
-4.7448631098175879e-05
-4.6959337408232141e-05
-4.6544500077383861e-05
-4.6038563278263797e-05
-4.5612602418295393e-05
-4.5141475997125911e-05
-4.4686149125185249e-05
-4.4239106312636897e-05
-4.3759742949307651e-05
-4.3335472242513070e-05
-4.2832659844721342e-05
-4.2400134595759309e-05
-4.1929082660915328e-05
-4.1463701658652864e-05
-4.1025005717968580e-05
-4.0523110632510712e-05
-4.0084183849243065e-05
-3.9613448929728036e-05
-3.9140392020367985e-05
-3.8696185615685010e-05
-3.8189117506197626e-05
0.0000000000000000e+00
];
