%Vec Object:dSdr_b_aug_6780 1 MPI processes
%  type: seq
dSdr_b_aug_6780 = [
2.3044524345355735e+03
0.0000000000000000e+00
-7.6912463900241160e-07
-3.1785439149754625e-07
-1.9764517992779654e-07
-1.4037316933240388e-07
-1.0523803337355691e-07
-8.3513060229252598e-08
-6.8787998683839503e-08
-5.7716953767190604e-08
-4.9495483417998404e-08
-4.3192561839831173e-08
-3.8061845034289562e-08
-3.3905564736561632e-08
-3.0497938176199714e-08
-2.7624694470535943e-08
-2.5169766083680103e-08
-2.3079962559729423e-08
-9.0938882067320667e-07
-6.7327071406864765e-04
-7.4997111129857864e-04
-7.1134395295605220e-04
-6.7290496531662199e-04
-6.3460972701834869e-04
-5.9210153840834356e-04
-5.5106774139721004e-04
-5.1172561043207705e-04
-4.7199045664206914e-04
-4.3121816721979479e-04
-3.8763856996274843e-04
-3.4928804885995992e-04
-3.1242659477572821e-04
-2.7762669963925495e-04
-2.4092302528260301e-04
-2.1106787512326967e-04
-1.8508194744827015e-04
-1.6235142982081756e-04
-1.4088485209060259e-04
-1.2462587971539478e-04
-1.1229486015010910e-04
-1.0256215899168219e-04
-9.4718836043801731e-05
-8.9834947111152046e-05
-8.6861642862074941e-05
-8.5243309549593623e-05
-8.4873930963205464e-05
-8.5372756557286676e-05
-8.6384956164671994e-05
-8.7840238431200401e-05
-8.9801429987020060e-05
-9.1527446883101019e-05
-9.3336076902450854e-05
-9.5178346276350614e-05
-9.6952584398763149e-05
-9.8439984857925000e-05
-9.9772877931089839e-05
-1.0105416258377806e-04
-1.0208877115798925e-04
-1.0293917315193277e-04
-1.0362758504160163e-04
-1.0424860444564074e-04
-1.0465893198057991e-04
-1.0490905370058424e-04
-1.0511235631713421e-04
-1.0521190125360332e-04
-1.0517822992994795e-04
-1.0508500854201786e-04
-1.0493297224648882e-04
-1.0469121120461687e-04
-1.0439374437742568e-04
-1.0407828009506407e-04
-1.0370912334737706e-04
-1.0330620583273915e-04
-1.0284542759827174e-04
-1.0238900157054025e-04
-1.0190512985326277e-04
-1.0138039879112856e-04
-1.0087205618136883e-04
-1.0035310805833875e-04
-9.9767094198439720e-05
-9.9220311536081453e-05
-9.8670810968501488e-05
-9.8069652819093988e-05
-9.7511160065807338e-05
-9.6956735757908712e-05
-9.6313178610817784e-05
-9.5755331366762758e-05
-9.5179275456112121e-05
-9.4554779119041652e-05
-9.3997897244562829e-05
-9.3407016085417932e-05
-9.2785706021406919e-05
-9.2225419828357129e-05
-9.1615074864695263e-05
-9.1028357840328939e-05
-9.0477995031080312e-05
-8.9841859414817343e-05
-8.9283061168121748e-05
-8.8721276327612803e-05
-8.8075146625063842e-05
-8.7556584610181784e-05
-8.6966592736931376e-05
-8.6367711200817160e-05
-8.5848443730997132e-05
-8.5209183201190631e-05
-8.4673580781316032e-05
-8.4130862609682749e-05
-8.3515179816295523e-05
-8.3005358528552261e-05
-8.2412403715932913e-05
-8.1850090145973596e-05
-8.1334835908712370e-05
-8.0727598758802740e-05
-8.0221614958105614e-05
-7.9649343698558488e-05
-7.9108229698067264e-05
-7.8572381553278900e-05
-7.8004949268805401e-05
-7.7504446998544402e-05
-7.6915537019194797e-05
-7.6424106735190604e-05
-7.5871733482777695e-05
-7.5327206478702306e-05
-7.4844749214797533e-05
-7.4245753829553228e-05
-7.3786432061671923e-05
-7.3214819953592634e-05
-7.2720287283162721e-05
-7.2197057365229984e-05
-7.1670306953906584e-05
-7.1166880937025858e-05
-7.0635028120688263e-05
-7.0158595156896654e-05
-6.9596997499268138e-05
-6.9147134729097515e-05
-6.8586366727885117e-05
-6.8117728892264239e-05
-6.7594909409990486e-05
-6.7097759519626417e-05
-6.6602661061781877e-05
-6.6099678946721142e-05
-6.5611846389670460e-05
-6.5106337019034502e-05
-6.4629111819669769e-05
-6.4104838715857150e-05
-6.3660981895591388e-05
-6.3115029865097193e-05
-6.2686030547702703e-05
-6.2147026331032854e-05
-6.1711472363611394e-05
-6.1180899489174652e-05
-6.0745999188106456e-05
-6.0208588279481630e-05
-5.9790876909279032e-05
-5.9247154217155543e-05
-5.8831602434489494e-05
-5.8299753787220432e-05
-5.7875222116110495e-05
-5.7352000037943433e-05
-5.6923144767333907e-05
-5.6400430312021437e-05
-5.5981095661427650e-05
-5.5456947336880327e-05
-5.5029796449764685e-05
-5.4531393644341492e-05
-5.4079069556336712e-05
-5.3607660819892835e-05
-5.3137182219998018e-05
-5.2673636077484170e-05
-5.2200454942963952e-05
-5.1744870808749407e-05
-5.1261523270794746e-05
-5.0827506361814952e-05
-5.0319148322508468e-05
-4.9900500668748064e-05
-4.9392077593281380e-05
-4.8960759347640247e-05
-4.8478813686265812e-05
-4.8015147415487166e-05
-4.7568648873768589e-05
-4.7072477185019600e-05
-4.6651395571345676e-05
-4.6138128298686512e-05
-4.5705937688315480e-05
-4.5227661147158687e-05
-4.4765701148618578e-05
-4.4311883272217130e-05
-4.3825363685264495e-05
-4.3394636292189143e-05
-4.2884226065021593e-05
-4.2445100420729672e-05
-4.1966885003136358e-05
-4.1494340569512315e-05
-4.1048897623742375e-05
-4.0539205530127124e-05
-4.0093477898432454e-05
-3.9615377670464664e-05
-3.9134805550894126e-05
-3.8683650396157127e-05
-3.8168024303333866e-05
0.0000000000000000e+00
];
