%Vec Object:dSdr_b_aug_2810 1 MPI processes
%  type: seq
dSdr_b_aug_2810 = [
2.3830655286511210e+03
0.0000000000000000e+00
-1.3096113527062652e-06
-5.3856427241121016e-07
-3.3217276289305760e-07
-2.3486385058753688e-07
-1.7624371357471267e-07
-1.4002321458945856e-07
-1.1547309510995323e-07
-9.6941124609203878e-08
-8.3181604166839831e-08
-7.2635814948886981e-08
-6.4041684758797211e-08
-5.7078829216173713e-08
-5.1370800802052758e-08
-4.6556866423773484e-08
-4.2442681110799102e-08
-3.8932502664106027e-08
-3.5897515829578684e-08
-3.3218870497590292e-08
-3.0872588348095067e-08
-3.7505396730481880e-08
-6.4618638538701403e-05
-6.4819646184396517e-04
-6.1922573800120111e-04
-5.7687662209636925e-04
-5.3599861136959870e-04
-4.9472311891001169e-04
-4.5239860622147299e-04
-4.0720426805469849e-04
-3.6744077795926793e-04
-3.2924423854297635e-04
-2.9320110500793820e-04
-2.5520029095840729e-04
-2.2429674001351511e-04
-1.9740449661568416e-04
-1.7388364433695722e-04
-1.5166935183037375e-04
-1.3484353994809545e-04
-1.2208014691334927e-04
-1.1199685969080223e-04
-1.0386260918608985e-04
-9.8786007764159066e-05
-9.5680061065074687e-05
-9.3971203358944171e-05
-9.3546986859800125e-05
-9.4018722700655498e-05
-9.5019093256870833e-05
-9.6475372028862849e-05
-9.8443623206698926e-05
-1.0017472009053983e-04
-1.0199128248973135e-04
-1.0383772028186790e-04
-1.0561067577520130e-04
-1.0709270249927271e-04
-1.0841367617629278e-04
-1.0967463517737623e-04
-1.1068590560648602e-04
-1.1150910637717003e-04
-1.1216306858895777e-04
-1.1274369569060505e-04
-1.1311292881106910e-04
-1.1331734446088001e-04
-1.1346574245600569e-04
-1.1351499585940638e-04
-1.1342792628970063e-04
-1.1327548675073286e-04
-1.1306238479177674e-04
-1.1276139358491177e-04
-1.1240133585346109e-04
-1.1201917290888197e-04
-1.1158839740775573e-04
-1.1112358958500216e-04
-1.1058945484134653e-04
-1.1006979386938021e-04
-1.0952306934186726e-04
-1.0892383371231346e-04
-1.0835257950322516e-04
-1.0777095705136270e-04
-1.0710860636657920e-04
-1.0649873006758463e-04
-1.0588544228495357e-04
-1.0521010501606635e-04
-1.0458886659738903e-04
-1.0397124357606513e-04
-1.0325282254752843e-04
-1.0263248198355298e-04
-1.0199241996938050e-04
-1.0129615795139731e-04
-1.0067781944116996e-04
-1.0002192489306622e-04
-9.9330547151641851e-05
-9.8709332782618946e-05
-9.8032155415907316e-05
-9.7379690012469204e-05
-9.6769444637456921e-05
-9.6064304520118059e-05
-9.5442386117027659e-05
-9.4820561702762079e-05
-9.4104134099819023e-05
-9.3526389166483461e-05
-9.2874130614999806e-05
-9.2209062591287931e-05
-9.1631416014831908e-05
-9.0924672506285142e-05
-9.0328645736620499e-05
-8.9726208371902497e-05
-8.9044278856721023e-05
-8.8477166754266577e-05
-8.7819135911703286e-05
-8.7195565447249063e-05
-8.6622729315085332e-05
-8.5948354106111740e-05
-8.5386914123743279e-05
-8.4750366098457688e-05
-8.4149743055852142e-05
-8.3554854380924739e-05
-8.2923565772199183e-05
-8.2367498255578675e-05
-8.1713522105016700e-05
-8.1165363229629832e-05
-8.0552598856177860e-05
-7.9946869610479705e-05
-7.9407854951545127e-05
-7.8744210958137993e-05
-7.8230636658446518e-05
-7.7594610576627685e-05
-7.7045048132283442e-05
-7.6459676149029040e-05
-7.5874283338731166e-05
-7.5312864410306043e-05
-7.4719051184000574e-05
-7.4188099806356364e-05
-7.3561347986866993e-05
-7.3058451052288622e-05
-7.2433074142713808e-05
-7.1909219771344398e-05
-7.1325118813818781e-05
-7.0770020367698022e-05
-7.0215988806382522e-05
-6.9653307036628237e-05
-6.9108328540258952e-05
-6.8541085998425334e-05
-6.8007816656442613e-05
-6.7420752748584400e-05
-6.6921550590025238e-05
-6.6312172297285012e-05
-6.5828357529653568e-05
-6.5225248703614004e-05
-6.4736277392751061e-05
-6.4139348419744814e-05
-6.3651500144456467e-05
-6.3047419921013199e-05
-6.2576977800157146e-05
-6.1966159686854122e-05
-6.1497492502680657e-05
-6.0899210651506493e-05
-6.0420935254718852e-05
-5.9831303252818144e-05
-5.9347430321194964e-05
-5.8758930214099686e-05
-5.8283362219197979e-05
-5.7694250018077103e-05
-5.7209859614789765e-05
-5.6646704216209753e-05
-5.6136037765000795e-05
-5.5600802482324924e-05
-5.5069871210698768e-05
-5.4543778874336469e-05
-5.4007825809701241e-05
-5.3491278958894077e-05
-5.2942678207189928e-05
-5.2449711761328321e-05
-5.1872779910676148e-05
-5.1396401310139322e-05
-5.0819254163375055e-05
-5.0328146117749949e-05
-4.9779505783002637e-05
-4.9252427898116884e-05
-4.8741815699291911e-05
-4.8178416262325863e-05
-4.7696301634824538e-05
-4.7111384666120290e-05
-4.6618304128842031e-05
-4.6070142061908513e-05
-4.5543350880554234e-05
-4.5023315575233086e-05
-4.4466854369544693e-05
-4.3973025084213014e-05
-4.3388361458815528e-05
-4.2884735811753275e-05
-4.2336522037232177e-05
-4.1793988235342867e-05
-4.1282639828413574e-05
-4.0696802023475496e-05
-4.0184708365688623e-05
-3.9634814349890886e-05
-3.9081208185991125e-05
-3.8563323885410458e-05
-3.7970380289467449e-05
0.0000000000000000e+00
];
