%Vec Object:dSdr_b_aug_6460 1 MPI processes
%  type: seq
dSdr_b_aug_6460 = [
2.3111785637294624e+03
0.0000000000000000e+00
-8.0105493486350006e-07
-3.2986790491321771e-07
-2.0430103961030040e-07
-1.4453901783921743e-07
-1.0797364674740907e-07
-8.5369353126550771e-08
-7.0050839928570226e-08
-5.8544711685341997e-08
-5.0002111368700716e-08
-4.3453392009616734e-08
-3.8127993619366707e-08
-3.3815585731508598e-08
-3.0280275604067246e-08
-2.7301039176324139e-08
-2.4757287262555114e-08
-2.2587213445215579e-08
-5.3174022987927227e-08
-3.4822838900581011e-04
-7.5088598436733414e-04
-7.1308368328836945e-04
-6.7456513903484604e-04
-6.3618393099313048e-04
-5.9358107947718388e-04
-5.5245847950322524e-04
-5.1303308512882335e-04
-4.7321494080600636e-04
-4.3235904048760957e-04
-3.8869246590098316e-04
-3.5026583589037623e-04
-3.1333246806683235e-04
-2.7846560647845501e-04
-2.4169206228752871e-04
-2.1178044050167890e-04
-1.8574569454473820e-04
-1.6297260590020514e-04
-1.4146575284368387e-04
-1.2517624791358198e-04
-1.1282193875255830e-04
-1.0307035344522017e-04
-9.5211359830733820e-05
-9.0317090553002904e-05
-8.7336641485477305e-05
-8.5713432007299980e-05
-8.5341099662293184e-05
-8.5838466142017632e-05
-8.6850028644232694e-05
-8.8305364647623121e-05
-9.0266936525672719e-05
-9.1993227106222850e-05
-9.3802284450181123e-05
-9.5644778401451566e-05
-9.7418947479803323e-05
-9.8906058525644866e-05
-1.0023830960408554e-04
-1.0151849945989396e-04
-1.0255185096836407e-04
-1.0340078781183919e-04
-1.0408734411366455e-04
-1.0470618783195039e-04
-1.0511430186040510e-04
-1.0536196166767505e-04
-1.0556230689519177e-04
-1.0565914292276737e-04
-1.0562259534698035e-04
-1.0552618422042107e-04
-1.0537085866925864e-04
-1.0512590723924097e-04
-1.0482506899853495e-04
-1.0450601204010182e-04
-1.0413353624164779e-04
-1.0372728504535192e-04
-1.0326255550765600e-04
-1.0280272336924094e-04
-1.0231546612414773e-04
-1.0178672191768884e-04
-1.0127499061301574e-04
-1.0075266657528157e-04
-1.0016254087678403e-04
-9.9612359713171475e-05
-9.9059423284827980e-05
-9.8454269519944682e-05
-9.7892397008255701e-05
-9.7334568538131301e-05
-9.6686978890525756e-05
-9.6125765479583344e-05
-9.5546261917025160e-05
-9.4917899961631991e-05
-9.4357707760309186e-05
-9.3763324691705858e-05
-9.3138240471269716e-05
-9.2574672416333224e-05
-9.1960727562418943e-05
-9.1370469038146445e-05
-9.0816880687882856e-05
-9.0177028181897531e-05
-8.9614830002613920e-05
-8.9049811163601940e-05
-8.8399894902950021e-05
-8.7878145032793719e-05
-8.7284799194838481e-05
-8.6682352551019866e-05
-8.6159940514868446e-05
-8.5517045042331154e-05
-8.4978187889825089e-05
-8.4432252967792744e-05
-8.3813001821942179e-05
-8.3300094587282809e-05
-8.2703634480952597e-05
-8.2138021332627944e-05
-8.1619665469084168e-05
-8.1008811954522532e-05
-8.0499841027894045e-05
-7.9924107525595621e-05
-7.9379788093424653e-05
-7.8840759752787034e-05
-7.8269887872104213e-05
-7.7766392600318724e-05
-7.7173977856088868e-05
-7.6679491907264368e-05
-7.6123865709018662e-05
-7.5576042068276105e-05
-7.5090538360220743e-05
-7.4488060700877439e-05
-7.4025816638538500e-05
-7.3450734894341680e-05
-7.2953238063180244e-05
-7.2426660883862624e-05
-7.1896751718777521e-05
-7.1390201932053319e-05
-7.0855011638243983e-05
-7.0375642056025631e-05
-6.9810534890205029e-05
-6.9357815449200996e-05
-6.8793567308555049e-05
-6.8321955248869939e-05
-6.7795834856890173e-05
-6.7295563582378220e-05
-6.6797290707682378e-05
-6.6291092885419116e-05
-6.5800182175066767e-05
-6.5291347561308071e-05
-6.4811103554967769e-05
-6.4283448237672464e-05
-6.3836610249964876e-05
-6.3287241775432336e-05
-6.2855289830916137e-05
-6.2312832629514566e-05
-6.1874401341240051e-05
-6.1340254204483247e-05
-6.0902501862579306e-05
-6.0361499817857757e-05
-5.9940948104783619e-05
-5.9393611321447848e-05
-5.8975198473717133e-05
-5.8439771401726703e-05
-5.8012344817242928e-05
-5.7485545564393245e-05
-5.7053726755976597e-05
-5.6527468747165652e-05
-5.6105105071353052e-05
-5.5577457451729620e-05
-5.5147223335868658e-05
-5.4645332609051144e-05
-5.4189865879803519e-05
-5.3715019094519317e-05
-5.3241284172752631e-05
-5.2774368936121650e-05
-5.2297806541559801e-05
-5.1838938592698064e-05
-5.1352076125910160e-05
-5.0914883823854077e-05
-5.0402831972657226e-05
-4.9981074541882359e-05
-4.9468949534025119e-05
-4.9034410581394193e-05
-4.8548872264932047e-05
-4.8081790157172849e-05
-4.7631837936837774e-05
-4.7132044796820877e-05
-4.6707675372054409e-05
-4.6190548375144112e-05
-4.5755077555477975e-05
-4.5273036186962449e-05
-4.4807583519915621e-05
-4.4350198188590438e-05
-4.3859910389017741e-05
-4.3425783001169726e-05
-4.2911371821062102e-05
-4.2468770198711267e-05
-4.1986782058701619e-05
-4.1510464517811037e-05
-4.1061467062410224e-05
-4.0547666493570657e-05
-4.0098352799777797e-05
-3.9616364937505123e-05
-3.9131815251573039e-05
-3.8676943136252236e-05
-3.8156500288494197e-05
0.0000000000000000e+00
];
