%Vec Object:dSdr_b_aug_5980 1 MPI processes
%  type: seq
dSdr_b_aug_5980 = [
2.3190245312162488e+03
0.0000000000000000e+00
-8.4649423621485818e-07
-3.4981701841732008e-07
-2.1740857145271446e-07
-1.5442718577314972e-07
-1.1589218197530521e-07
-9.2066743866795649e-08
-7.5917171770025915e-08
-6.3763023733796359e-08
-5.4736936753155943e-08
-4.7817312092624222e-08
-4.2181912727190476e-08
-3.7616192485644791e-08
-3.3872787101784061e-08
-3.0715790145871171e-08
-2.8017768018274053e-08
-2.5715614699798100e-08
-2.4436320154177712e-08
-4.5468238812527397e-05
-7.4842042464119923e-04
-7.1598213781133037e-04
-6.7736521183700180e-04
-6.3883946100318407e-04
-5.9607693097438511e-04
-5.5480452877990983e-04
-5.1523867668260026e-04
-4.7528053496756234e-04
-4.3428359078702422e-04
-3.9047029351074530e-04
-3.5191527483088402e-04
-3.1486059520984368e-04
-2.7988076745177762e-04
-2.4298935939590861e-04
-2.1298247526560485e-04
-1.8686537744624731e-04
-1.6402047549719356e-04
-1.4244568177789911e-04
-1.2610467130621283e-04
-1.1371107477600318e-04
-1.0392763365964016e-04
-9.6042205067931846e-05
-9.1130425055429740e-05
-8.8137923485758391e-05
-8.6506488525859998e-05
-8.6129173172367805e-05
-8.6624077973617461e-05
-8.7634565487038782e-05
-8.9089992017541951e-05
-9.1052205344272722e-05
-9.2778957497859373e-05
-9.4588735596132735e-05
-9.6431608292598067e-05
-9.8205660810991808e-05
-9.9692283562271029e-05
-1.0102345157901124e-04
-1.0230179454497838e-04
-1.0333302543568484e-04
-1.0417949064541924e-04
-1.0486291668824291e-04
-1.0547809017428390e-04
-1.0588247017415731e-04
-1.0612597691794733e-04
-1.0632133326044215e-04
-1.0641359956957659e-04
-1.0637219998644650e-04
-1.0627040802940675e-04
-1.0610953377549042e-04
-1.0585920042445389e-04
-1.0555267489111781e-04
-1.0522755739043557e-04
-1.0484948263394577e-04
-1.0443760779881760e-04
-1.0396621275210508e-04
-1.0350063479584335e-04
-1.0300766645588227e-04
-1.0247215242412634e-04
-1.0195470468313223e-04
-1.0142668576876552e-04
-1.0082962375841643e-04
-1.0027370961870107e-04
-9.9714977192829084e-05
-9.9103083175413906e-05
-9.8535509306230684e-05
-9.7971938313239608e-05
-9.7317546193195940e-05
-9.6750654354900269e-05
-9.6165334906368939e-05
-9.5530451995707425e-05
-9.4964675565197527e-05
-9.4364385084749861e-05
-9.3732934197427007e-05
-9.3163829931754209e-05
-9.2543812382719971e-05
-9.1947579662655907e-05
-9.1388550110850332e-05
-9.0742427543668688e-05
-9.0174493981231849e-05
-8.9604019674555419e-05
-8.8947715828719258e-05
-8.8420588330499780e-05
-8.7821584664781851e-05
-8.7213124026478452e-05
-8.6685407408741130e-05
-8.6036380136940671e-05
-8.5492032563225175e-05
-8.4940671294364832e-05
-8.4315400681216608e-05
-8.3797287752990351e-05
-8.3194914553669127e-05
-8.2623735336594768e-05
-8.2100147331153750e-05
-8.1483193359221232e-05
-8.0969183442681052e-05
-8.0387609473197958e-05
-7.9837882790554052e-05
-7.9293489770893426e-05
-7.8716815626601668e-05
-7.8208271455765764e-05
-7.7609944516734825e-05
-7.7110303962460167e-05
-7.6549190365645653e-05
-7.5995805624527179e-05
-7.5505162867494030e-05
-7.4896810956170593e-05
-7.4429637275712142e-05
-7.3848702600002417e-05
-7.3346205527614661e-05
-7.2813981853085932e-05
-7.2278744188346202e-05
-7.1766924917728375e-05
-7.1226104635703868e-05
-7.0741781278750766e-05
-7.0170753927081180e-05
-6.9713215577740068e-05
-6.9143096796560579e-05
-6.8666467529498348e-05
-6.8134778843347246e-05
-6.7629242119196639e-05
-6.7125614335039740e-05
-6.6613991951560911e-05
-6.6117888722774440e-05
-6.5603444775100392e-05
-6.5118108366061901e-05
-6.4584747615260095e-05
-6.4132880722720355e-05
-6.3577749076222713e-05
-6.3140816376908439e-05
-6.2592534367963764e-05
-6.2149249365434583e-05
-6.1609072843237490e-05
-6.1166509438665559e-05
-6.0619449551111150e-05
-6.0194106516261428e-05
-5.9640673175620416e-05
-5.9217434058554689e-05
-5.8675970605205932e-05
-5.8243660663437367e-05
-5.7710827148987563e-05
-5.7274009232892690e-05
-5.6741773692140436e-05
-5.6314300452090124e-05
-5.5780749977516950e-05
-5.5345314879512986e-05
-5.4837540503747517e-05
-5.4376772591934373e-05
-5.3896126312035654e-05
-5.3416898466772496e-05
-5.2944300086268633e-05
-5.2462034044014027e-05
-5.1997626848610315e-05
-5.1504835291263390e-05
-5.1062286688788872e-05
-5.0544004046012612e-05
-5.0117001067033724e-05
-4.9598631644607504e-05
-4.9158660102084178e-05
-4.8667061811158385e-05
-4.8194218067695276e-05
-4.7738440450880821e-05
-4.7232538992323929e-05
-4.6802624171557562e-05
-4.6278987156932897e-05
-4.5837984062971242e-05
-4.5349593124561173e-05
-4.4878250251706096e-05
-4.4414848887699770e-05
-4.3918206837246205e-05
-4.3478346916886663e-05
-4.2957190257882659e-05
-4.2508729838697290e-05
-4.2020383960983987e-05
-4.1537710499187728e-05
-4.1082729795705412e-05
-4.0562018247587173e-05
-4.0106687244951376e-05
-3.9618199534830186e-05
-3.9127064096259231e-05
-3.8666270786134244e-05
-3.8139559884109874e-05
0.0000000000000000e+00
];
