%Vec Object:dSdr_b_aug_8710 1 MPI processes
%  type: seq
dSdr_b_aug_8710 = [
2.2821176134385391e+03
0.0000000000000000e+00
-6.6555849880097039e-07
-2.7520063823227455e-07
-1.7133873145856413e-07
-1.2173326708749407e-07
-9.1174697133771298e-08
-7.2276864158363003e-08
-5.9468624321555717e-08
-4.9851120368731295e-08
-4.2709079093489049e-08
-3.7233396123038458e-08
-3.2778414577297678e-08
-2.9169968852787824e-08
-2.6211493739475986e-08
-2.3717429407989679e-08
-2.1587637581058178e-08
-3.1921839710055936e-07
-6.5513757461476004e-04
-7.8181336041411350e-04
-7.4026934595802178e-04
-7.0153001836689417e-04
-6.6358016309664067e-04
-6.2576834414042022e-04
-5.8379183207320738e-04
-5.4325678885822136e-04
-5.0438229902396374e-04
-4.6511325374168632e-04
-4.2481055699829928e-04
-3.8171945962308404e-04
-3.4379639694345207e-04
-3.0733883950383466e-04
-2.7291505502399831e-04
-2.3660379783289762e-04
-2.0706581510161043e-04
-1.8135407057483493e-04
-1.5886264916189298e-04
-1.3762227417315963e-04
-1.2153478521039683e-04
-1.0933456967631889e-04
-9.9707929773356707e-05
-9.1952619861675677e-05
-8.7127031401263189e-05
-8.4193854721778568e-05
-8.2602907137563708e-05
-8.2250118218818110e-05
-8.2757138967129844e-05
-8.3772916989450881e-05
-8.5227897625440098e-05
-8.7186953311471743e-05
-8.8911433239846643e-05
-9.0717663380354547e-05
-9.2558671576227508e-05
-9.4333297607313108e-05
-9.5822323646451915e-05
-9.7158822533033418e-05
-9.8446256107582569e-05
-9.9487924964996921e-05
-1.0034655592578234e-04
-1.0104538962605599e-04
-1.0167862863722517e-04
-1.0210138819043938e-04
-1.0236533707385903e-04
-1.0258524964846447e-04
-1.0270000897203831e-04
-1.0268249189687203e-04
-1.0260718542670985e-04
-1.0247362297002810e-04
-1.0224978048538965e-04
-1.0197124892521215e-04
-1.0167596261105001e-04
-1.0132544703447744e-04
-1.0094125286426531e-04
-1.0050266678735312e-04
-1.0006537089190055e-04
-9.9600513702557741e-05
-9.9098322116159706e-05
-9.8609011820757349e-05
-9.8109024232280020e-05
-9.7546104153506665e-05
-9.7018408877733414e-05
-9.6488205522049671e-05
-9.5909488395390204e-05
-9.5369977760119642e-05
-9.4834672628856768e-05
-9.4213763663294209e-05
-9.3674822197389814e-05
-9.3118129720221989e-05
-9.2515344282585897e-05
-9.1977054564406382e-05
-9.1405841568522657e-05
-9.0805728716448616e-05
-9.0263874808204649e-05
-8.9673748305740960e-05
-8.9106921798485833e-05
-8.8574674951585815e-05
-8.7959414911077774e-05
-8.7419712079148153e-05
-8.6876090700417730e-05
-8.6251227859806894e-05
-8.5750570147430011e-05
-8.5179415497368369e-05
-8.4600557030702661e-05
-8.4098950702883910e-05
-8.3480105463847786e-05
-8.2962782923473607e-05
-8.2438131303994125e-05
-8.1842489803315887e-05
-8.1350000422955343e-05
-8.0776732739909222e-05
-8.0232950915917338e-05
-7.9735116645727997e-05
-7.9148190441243431e-05
-7.8658983526818830e-05
-7.8106157600494559e-05
-7.7583046578112196e-05
-7.7065059675158324e-05
-7.6516945530689251e-05
-7.6033253142688230e-05
-7.5464027312888179e-05
-7.4989758852533718e-05
-7.4455655430937976e-05
-7.3929643642119261e-05
-7.3464296411741126e-05
-7.2884858854498305e-05
-7.2441949842173278e-05
-7.1889824579990364e-05
-7.1411939801161695e-05
-7.0907509420914947e-05
-7.0398499811375731e-05
-6.9912618110588162e-05
-6.9399509878168621e-05
-6.8939570109148026e-05
-6.8397683226288210e-05
-6.7963864629480019e-05
-6.7422642451480638e-05
-6.6970709012386471e-05
-6.6466428722979993e-05
-6.5986809734914484e-05
-6.5509540030407788e-05
-6.5024618570362459e-05
-6.4554074106564790e-05
-6.4067240582285710e-05
-6.3606970157084483e-05
-6.3101692862144846e-05
-6.2674579412314653e-05
-6.2147815435196064e-05
-6.1735399186254220e-05
-6.1215788242550905e-05
-6.0796394384389829e-05
-6.0285895917572026e-05
-5.9867013733068313e-05
-5.9349771991499322e-05
-5.8948013026012220e-05
-5.8424588413028671e-05
-5.8025105405974369e-05
-5.7513354505397527e-05
-5.7105081698971715e-05
-5.6601950330356478e-05
-5.6189739327839083e-05
-5.5686926731111862e-05
-5.5284604130430809e-05
-5.4780109065209759e-05
-5.4370274629127656e-05
-5.3891461174155446e-05
-5.3456787187151656e-05
-5.3004687660560394e-05
-5.2552497596335014e-05
-5.2107873339963730e-05
-5.1653682391497565e-05
-5.1216541120732280e-05
-5.0752934440563635e-05
-5.0336751381458511e-05
-4.9849138791731793e-05
-4.9447956364688766e-05
-4.8960324232389112e-05
-4.8547094109723589e-05
-4.8085325495524927e-05
-4.7640843094422067e-05
-4.7213740843260758e-05
-4.6737907580705498e-05
-4.6335290379483475e-05
-4.5843699398682681e-05
-4.5429930053923980e-05
-4.4972796270831690e-05
-4.4530450085562613e-05
-4.4096665551049168e-05
-4.3631306172437748e-05
-4.3219670062761205e-05
-4.2731725106424192e-05
-4.2312114592421717e-05
-4.1855078449528705e-05
-4.1403711701562609e-05
-4.0978212746538119e-05
-4.0491565654608862e-05
-4.0065930049226683e-05
-3.9609575715921008e-05
-3.9151154320514658e-05
-3.8720343327263024e-05
-3.8228937838364409e-05
0.0000000000000000e+00
];
