%Vec Object:dSdr_b_aug_4250 1 MPI processes
%  type: seq
dSdr_b_aug_4250 = [
2.3462070025629846e+03
0.0000000000000000e+00
-1.0154151208872025e-06
-4.1884339193193861e-07
-2.5954149557583775e-07
-1.8403396182053096e-07
-1.3812160051731839e-07
-1.0974213515226107e-07
-9.0505962637264786e-08
-7.6010533191022994e-08
-6.5246605883633967e-08
-5.6995533318235734e-08
-5.0273747904834700e-08
-4.4827774121742792e-08
-4.0362883520519965e-08
-3.6597318653884251e-08
-3.3379083835650751e-08
-3.0633140497696336e-08
-2.8258787106260379e-08
-2.6342573715699403e-08
-7.2737779052814372e-06
-6.7986403830997788e-04
-6.8908886820838596e-04
-6.5048528169534480e-04
-6.0703183032222413e-04
-5.6510213421404575e-04
-5.2491977250241240e-04
-4.8434713436322849e-04
-4.4273110008657426e-04
-3.9827378629221237e-04
-3.5915522543522929e-04
-3.2156806644231296e-04
-2.8609239112589165e-04
-2.4868363774710890e-04
-2.1825861419535724e-04
-1.9178004551568693e-04
-1.6861993006921024e-04
-1.4674692116117615e-04
-1.3017983498395228e-04
-1.1761379258342831e-04
-1.0769052532162684e-04
-9.9689064518698693e-05
-9.4700423961963882e-05
-9.1655019972447662e-05
-8.9987480786477028e-05
-8.9588294239872698e-05
-9.0072394794291077e-05
-9.1078164542044863e-05
-9.2533988470097159e-05
-9.4499017386006051e-05
-9.6227795582620466e-05
-9.8040737362662929e-05
-9.9885272542044105e-05
-1.0165881347453678e-04
-1.0314329296308798e-04
-1.0446970707643938e-04
-1.0573994342807829e-04
-1.0676186621625431e-04
-1.0759748259173612e-04
-1.0826716891066688e-04
-1.0886623258884137e-04
-1.0925422274890813e-04
-1.0947950035700949e-04
-1.0965295885204643e-04
-1.0972516717351163e-04
-1.0966247053220214e-04
-1.0953706032976361e-04
-1.0935183097442191e-04
-1.0907787458127266e-04
-1.0874638562157556e-04
-1.0839466637299921e-04
-1.0799201591427571e-04
-1.0755545704371259e-04
-1.0705480483307770e-04
-1.0656400655130913e-04
-1.0604597029391036e-04
-1.0548074121046831e-04
-1.0493820210402926e-04
-1.0438518645571035e-04
-1.0375767862326289e-04
-1.0317660051405454e-04
-1.0259242749472973e-04
-1.0195094822365031e-04
-1.0135834916732883e-04
-1.0076957229532778e-04
-1.0008532181342763e-04
-9.9493505431558536e-05
-9.8882658087470293e-05
-9.8219152486471356e-05
-9.7628864978104856e-05
-9.7002644860319322e-05
-9.6343248506048065e-05
-9.5749843930441420e-05
-9.5103171256193512e-05
-9.4480715757967046e-05
-9.3897802922152619e-05
-9.3224158919563992e-05
-9.2631050806913569e-05
-9.2036630595404451e-05
-9.1352289460232397e-05
-9.0801557721469173e-05
-9.0177719897395169e-05
-8.9542861736808150e-05
-8.8991861457005206e-05
-8.8315919575962846e-05
-8.7747472624419986e-05
-8.7172293219064289e-05
-8.6520601059345814e-05
-8.5979638517741703e-05
-8.5351310684978114e-05
-8.4755700040902048e-05
-8.4209146328468351e-05
-8.3565415312227185e-05
-8.3029287498093428e-05
-8.2422077669163111e-05
-8.1848616664078653e-05
-8.1280676180944876e-05
-8.0678533863527227e-05
-8.0147828295172905e-05
-7.9523550652616242e-05
-7.9001284717115483e-05
-7.8416084992024394e-05
-7.7838290618743001e-05
-7.7325090758848308e-05
-7.6690954681473740e-05
-7.6202143158716164e-05
-7.5595517896879933e-05
-7.5071072989687983e-05
-7.4514064846041851e-05
-7.3955438502743413e-05
-7.3420489591821035e-05
-7.2854957289980674e-05
-7.2348890044732325e-05
-7.1751876890737483e-05
-7.1273186623481066e-05
-7.0677299505341305e-05
-7.0178647912162077e-05
-6.9622517986258383e-05
-6.9093869308214061e-05
-6.8566736896981403e-05
-6.8031304157862484e-05
-6.7512409084935862e-05
-6.6973343741583643e-05
-6.6465654922368637e-05
-6.5907250952531465e-05
-6.5433310356009401e-05
-6.4852882045039745e-05
-6.4394086977796243e-05
-6.3820237753182629e-05
-6.3355647994737125e-05
-6.2789006280545689e-05
-6.2325325318305874e-05
-6.1751675313821816e-05
-6.1305301354567030e-05
-6.0725107946961122e-05
-6.0280684489242629e-05
-5.9712725080451125e-05
-5.9258980195415185e-05
-5.8699660005539840e-05
-5.8240899050194994e-05
-5.7682425809777237e-05
-5.7232524666515126e-05
-5.6673064238104363e-05
-5.6214799931975905e-05
-5.5681199861250214e-05
-5.5197162876917581e-05
-5.4691060232061738e-05
-5.4187721636358283e-05
-5.3690177527707340e-05
-5.3182875717663823e-05
-5.2694154324396897e-05
-5.2175337356320872e-05
-5.1709277462512895e-05
-5.1163645011972176e-05
-5.0713616731156671e-05
-5.0167837539670873e-05
-4.9704019514347329e-05
-4.9185820807628101e-05
-4.8687686021935876e-05
-4.8206337331466619e-05
-4.7673622748582352e-05
-4.7219365439693517e-05
-4.6667151566422708e-05
-4.6201862925350147e-05
-4.5685598586179159e-05
-4.5188398054478771e-05
-4.4698586006689406e-05
-4.4174047745537871e-05
-4.3709019298951480e-05
-4.3158246151078215e-05
-4.2684058778360556e-05
-4.2167792313230905e-05
-4.1657200805214861e-05
-4.1175929206029800e-05
-4.0624839729423471e-05
-4.0143026049322840e-05
-3.9625879833675175e-05
-3.9105563509784237e-05
-3.8618009290126335e-05
-3.8059680463604520e-05
0.0000000000000000e+00
];
