%Vec Object:dSdr_b_aug_8100 1 MPI processes
%  type: seq
dSdr_b_aug_8100 = [
2.2931403595169159e+03
0.0000000000000000e+00
-7.1486037742232107e-07
-2.9566870417941175e-07
-1.8407354214967418e-07
-1.3083538036853432e-07
-9.8097190892948257e-08
-7.7852174856549611e-08
-6.4130076988033735e-08
-5.3817705695632129e-08
-4.6159313195760094e-08
-4.0287816303114701e-08
-3.5508671265279246e-08
-3.1637150719005640e-08
-2.8462905896318050e-08
-2.5786411422662954e-08
-2.3499559603779154e-08
-2.2641868452882510e-08
-1.0563976752887076e-04
-7.8299990993744054e-04
-7.4310254822409702e-04
-7.0423330502111478e-04
-6.6614725663331775e-04
-6.2820233337214241e-04
-5.8607945298980179e-04
-5.4540710533742078e-04
-5.0640387623955769e-04
-4.6700651362143993e-04
-4.2657454037222758e-04
-3.8334896143923556e-04
-3.4530822160806611e-04
-3.0873947345874740e-04
-2.7421214761395906e-04
-2.3779285996629464e-04
-2.0816756264983128e-04
-1.8238033689368246e-04
-1.5982309333712180e-04
-1.3852044571267957e-04
-1.2238574831375555e-04
-1.1014952316229147e-04
-1.0049368519414242e-04
-9.2714145793808131e-05
-8.7872507552497875e-05
-8.4928283954376367e-05
-8.3329797199002383e-05
-8.2972441206922347e-05
-8.3477205847809380e-05
-8.4491998727721321e-05
-8.5947062378273413e-05
-8.7906706035961935e-05
-8.9631609063503756e-05
-9.1438499859300708e-05
-9.3279855233060395e-05
-9.5054374458057079e-05
-9.6542952968059009e-05
-9.7878459178240583e-05
-9.9164199972331975e-05
-1.0020392515734008e-04
-1.0106029071379531e-04
-1.0175625533167096e-04
-1.0238613033678346e-04
-1.0280546740896852e-04
-1.0306560973550161e-04
-1.0328094966427983e-04
-1.0339152053612186e-04
-1.0336955627063689e-04
-1.0328931790708669e-04
-1.0315066968917456e-04
-1.0292189430993641e-04
-1.0263814996032954e-04
-1.0233730874759024e-04
-1.0198166134518657e-04
-1.0159231272751904e-04
-1.0114761725647677e-04
-1.0070505492727257e-04
-1.0023496312964283e-04
-9.9726566534776422e-05
-9.9232016734840091e-05
-9.8726809402675786e-05
-9.8157531718311568e-05
-9.7624581777409233e-05
-9.7089065992816143e-05
-9.6504170962038346e-05
-9.5959434641804678e-05
-9.5418866094169826e-05
-9.4791722195028722e-05
-9.4247576060515554e-05
-9.3685552924490273e-05
-9.3076790582632347e-05
-9.2533382534581028e-05
-9.1956754989568597e-05
-9.1350806649001851e-05
-9.0803878422947016e-05
-9.0208185877315832e-05
-8.9635883608276369e-05
-8.9098649525717601e-05
-8.8477642541882155e-05
-8.7932682836008844e-05
-8.7384061145450467e-05
-8.6753343642540775e-05
-8.6247756963641660e-05
-8.5671416520839670e-05
-8.5087045806114822e-05
-8.4580577457013962e-05
-8.3956111993502058e-05
-8.3433757096592639e-05
-8.2904131848628930e-05
-8.2302973083448630e-05
-8.1805712318757141e-05
-8.1227024870635065e-05
-8.0678141352963123e-05
-8.0175511456232262e-05
-7.9582993753613264e-05
-7.9089168249712910e-05
-7.8530989124080895e-05
-7.8002921975558659e-05
-7.7480017965815478e-05
-7.6926585637945692e-05
-7.6438265577360399e-05
-7.5863620803794685e-05
-7.5384627783411337e-05
-7.4845494773081913e-05
-7.4314385842588003e-05
-7.3844328310040930e-05
-7.3259506585399888e-05
-7.2812079228312448e-05
-7.2254589340047632e-05
-7.1772121485063495e-05
-7.1262515691449771e-05
-7.0748622133440800e-05
-7.0257910575827415e-05
-6.9739642059116991e-05
-6.9275161802100814e-05
-6.8727848647937237e-05
-6.8289613176856834e-05
-6.7743010138366795e-05
-6.7286478069369444e-05
-6.6777094040265105e-05
-6.6292648890032603e-05
-6.5810471026736260e-05
-6.5320577566939050e-05
-6.4845273786065142e-05
-6.4353298903622338e-05
-6.3888360923125217e-05
-6.3377854186793549e-05
-6.2946131380821997e-05
-6.2414085039340020e-05
-6.1997103565544130e-05
-6.1472153762598327e-05
-6.1048311119230112e-05
-6.0532286281416896e-05
-6.0108994402890998e-05
-5.9586200204952539e-05
-5.9180049636999283e-05
-5.8651037080462559e-05
-5.8247130436365281e-05
-5.7729846744647667e-05
-5.7317097972709935e-05
-5.6808435752446972e-05
-5.6391642687248197e-05
-5.5883351231310380e-05
-5.5476345322313200e-05
-5.4966439839303470e-05
-5.4551838298358905e-05
-5.4067632023167399e-05
-5.3628099083651462e-05
-5.3170683862827153e-05
-5.2713459093690657e-05
-5.2263625777290694e-05
-5.1804206969809517e-05
-5.1361988519092989e-05
-5.0892947332371761e-05
-5.0471854761185848e-05
-4.9978531117140646e-05
-4.9572540670616885e-05
-4.9079184974531666e-05
-4.8660975369131604e-05
-4.8193652213019118e-05
-4.7743888699095197e-05
-4.7311446871196583e-05
-4.6830014685243592e-05
-4.6422314487196894e-05
-4.5924756323105303e-05
-4.5505915917860408e-05
-4.5042961902047882e-05
-4.4595216445165734e-05
-4.4155917209592721e-05
-4.3684732995529986e-05
-4.3267841726337337e-05
-4.2773712927841184e-05
-4.2348730945577565e-05
-4.1885865524649500e-05
-4.1428670418910969e-05
-4.0997683503986693e-05
-4.0504696083117230e-05
-4.0073535520996526e-05
-3.9611206064281013e-05
-3.9146711007694175e-05
-3.8710367843891815e-05
-3.8212659210770788e-05
0.0000000000000000e+00
];
