%Vec Object:dSdr_b_aug_5260 1 MPI processes
%  type: seq
dSdr_b_aug_5260 = [
2.3268568158386847e+03
0.0000000000000000e+00
-8.9138367489622790e-07
-3.6792408445441170e-07
-2.2830753597466288e-07
-1.6196876494757637e-07
-1.2146381034658530e-07
-9.6423246062868355e-08
-7.9450797229673572e-08
-6.6676199561085028e-08
-5.7190104844780526e-08
-4.9918198640389282e-08
-4.3996820231682856e-08
-3.9199846170041650e-08
-3.5267047858489682e-08
-3.1950771117567825e-08
-2.9117077877463026e-08
-2.6699290460684848e-08
-2.4627501433491895e-08
-1.6316306112308526e-06
-6.5268410103687423e-04
-7.2020844800924565e-04
-6.8207445266710591e-04
-6.4331363722312448e-04
-6.0028222038573608e-04
-5.5875741825421404e-04
-5.1895490709089390e-04
-4.7876088178076299e-04
-4.3752629076063853e-04
-3.9346577826882050e-04
-3.5469443563427352e-04
-3.1743535596944053e-04
-2.8226518982531608e-04
-2.4517519113947923e-04
-2.1500779802772211e-04
-1.8875194428810571e-04
-1.6578604298769206e-04
-1.4409677496262036e-04
-1.2766898199479592e-04
-1.1520918957690126e-04
-1.0537207413896375e-04
-9.7442104881307706e-05
-9.2500820833483376e-05
-8.9488011913218412e-05
-8.7842717840651101e-05
-8.7457006937254360e-05
-8.7947764400280883e-05
-8.8956440946905650e-05
-9.0412019968220465e-05
-9.2375314050652219e-05
-9.4102843884141766e-05
-9.5913836365810526e-05
-9.7757347248913712e-05
-9.9531203468372040e-05
-1.0101700357118088e-04
-1.0234634680175960e-04
-1.0362157798973618e-04
-1.0464923588891816e-04
-1.0549153667072629e-04
-1.0616968855233114e-04
-1.0677867806558201e-04
-1.0717676659726882e-04
-1.0741327583118909e-04
-1.0760022637423350e-04
-1.0768479314050020e-04
-1.0763521837836403e-04
-1.0752436021995744e-04
-1.0735413691121503e-04
-1.0709473551655322e-04
-1.0677862741298527e-04
-1.0644329844793043e-04
-1.0605578995409331e-04
-1.0563443979601186e-04
-1.0515181396342576e-04
-1.0467655482081929e-04
-1.0417396379831274e-04
-1.0362704321295650e-04
-1.0309996378811042e-04
-1.0256234951536648e-04
-1.0195360043381395e-04
-1.0138802673951342e-04
-1.0081952857271518e-04
-1.0019627782542171e-04
-9.9619097674811459e-05
-9.9045851039022834e-05
-9.8379997352044513e-05
-9.7803537865430145e-05
-9.7208419162907476e-05
-9.6562549015629442e-05
-9.5987363651330675e-05
-9.5377119702053464e-05
-9.4734941539952535e-05
-9.4156509246548763e-05
-9.3526259739181957e-05
-9.2919961023490343e-05
-9.2351763525217075e-05
-9.1695076453524727e-05
-9.1117479272944060e-05
-9.0537812981622686e-05
-8.9870746612921991e-05
-8.9334558282811252e-05
-8.8726021660223342e-05
-8.8107427941940634e-05
-8.7570773545225924e-05
-8.6911414701818060e-05
-8.6357816224460674e-05
-8.5797312010491979e-05
-8.5161899094849956e-05
-8.4635015003199047e-05
-8.4022678732691960e-05
-8.3442121149530964e-05
-8.2909717416128107e-05
-8.2282484678179341e-05
-8.1759984477556254e-05
-8.1168569802446552e-05
-8.0609732347014886e-05
-8.0056300283002328e-05
-7.9469849801569399e-05
-7.8952798647944150e-05
-7.8344510145064776e-05
-7.7836184500755865e-05
-7.7265825084439789e-05
-7.6703070341956978e-05
-7.6203768704068541e-05
-7.5585519155898557e-05
-7.5110039465929105e-05
-7.4519243075052487e-05
-7.4008320997502247e-05
-7.3466583433796776e-05
-7.2922367674351825e-05
-7.2401669744466646e-05
-7.1851363383243472e-05
-7.1358693307821842e-05
-7.0777690916194811e-05
-7.0312033084389544e-05
-6.9732022739914595e-05
-6.9246939870732857e-05
-6.8705869046440659e-05
-6.8191460449735494e-05
-6.7678810059270623e-05
-6.7158047710631977e-05
-6.6653195486881200e-05
-6.6129300243487885e-05
-6.5635383521729719e-05
-6.5092409551011261e-05
-6.4632069330209854e-05
-6.4067227173764157e-05
-6.3621902269423949e-05
-6.3063805894128194e-05
-6.2612342732659354e-05
-6.2062007141166540e-05
-6.1611337434799493e-05
-6.1054070521816036e-05
-6.0620654438757952e-05
-6.0056948832704825e-05
-5.9625577774099322e-05
-5.9073943435979874e-05
-5.8633405352455024e-05
-5.8090404512621995e-05
-5.7645163411496196e-05
-5.7102856114851709e-05
-5.6666773563893832e-05
-5.6123277139246954e-05
-5.5679078678927943e-05
-5.5161390692172396e-05
-5.4691690563842575e-05
-5.4201272439669205e-05
-5.3712789280392641e-05
-5.3230615063398999e-05
-5.2738738616927883e-05
-5.2264997997523245e-05
-5.1762216135829811e-05
-5.1310642304597342e-05
-5.0781860953599490e-05
-5.0346019284020597e-05
-4.9817128117460760e-05
-4.9368002640119025e-05
-4.8866193262287551e-05
-4.8383641038463008e-05
-4.7918047428497488e-05
-4.7401853173538303e-05
-4.6962593920863901e-05
-4.6427987013158272e-05
-4.5977661270396158e-05
-4.5478570380222986e-05
-4.4997301263604432e-05
-4.4523761286455927e-05
-4.4016410271264465e-05
-4.3566888306277442e-05
-4.3034361983509012e-05
-4.2576024682545952e-05
-4.2076959455961479e-05
-4.1583567006999469e-05
-4.1118490947182900e-05
-4.0586113494231402e-05
-4.0120608753148031e-05
-3.9621105576411009e-05
-3.9118737812521372e-05
-3.8647585315904771e-05
-3.8108276804405801e-05
0.0000000000000000e+00
];
