%Vec Object:dSdr_b_aug_8510 1 MPI processes
%  type: seq
dSdr_b_aug_8510 = [
2.2856501753070456e+03
0.0000000000000000e+00
-6.7856990786230172e-07
-2.7968429414245806e-07
-1.7352787795663813e-07
-1.2285717894383109e-07
-9.1701076949152212e-08
-7.2437266900661661e-08
-5.9382982870130355e-08
-4.9590737703685931e-08
-4.2320356572455847e-08
-3.6746443243220974e-08
-3.2215935298880755e-08
-2.8547496583870160e-08
-2.5539983960398229e-08
-2.3005846347359111e-08
-2.0842590019091810e-08
-6.8179413539346304e-08
-4.7697465824751256e-04
-7.8242417541693845e-04
-7.4115270677895320e-04
-7.0237131185527742e-04
-6.6437905637855091e-04
-6.2652581442192536e-04
-5.8450375173455264e-04
-5.4392597862878273e-04
-5.0501142443113778e-04
-4.6570244608493892e-04
-4.2535951777204496e-04
-3.8222656897633414e-04
-3.4426688450316415e-04
-3.0777472388281748e-04
-2.7331871673820523e-04
-2.3697383983964558e-04
-2.0740868430087046e-04
-1.8167344957376386e-04
-1.5916154384206508e-04
-1.3790178931326306e-04
-1.2179960880427964e-04
-1.0958818686753265e-04
-9.9952460360980437e-05
-9.2189610099069648e-05
-8.7359026871655483e-05
-8.4422412351633591e-05
-8.2829118562953335e-05
-8.2474908377853470e-05
-8.2981227047545055e-05
-8.3996698522707572e-05
-8.5451705027729833e-05
-8.7410943727953103e-05
-8.9135555358037287e-05
-9.0941991127471296e-05
-9.2783107394415120e-05
-9.4557700212180768e-05
-9.6046587000876964e-05
-9.7382776982269360e-05
-9.8669683773873812e-05
-9.9710747767894851e-05
-1.0056867373894270e-04
-1.0126661458021505e-04
-1.0189880670857240e-04
-1.0232050118014403e-04
-1.0258326545431943e-04
-1.0280175500788547e-04
-1.0291521087305678e-04
-1.0289630981783881e-04
-1.0281946852475189e-04
-1.0268432336016186e-04
-1.0245894574007415e-04
-1.0217879193910381e-04
-1.0188177691756585e-04
-1.0152966429577951e-04
-1.0114386604006187e-04
-1.0070337869254300e-04
-1.0026444386021383e-04
-9.9797957637972386e-05
-9.9293835024516139e-05
-9.8802894171973993e-05
-9.8301282175873358e-05
-9.7736383580195426e-05
-9.7207053028694709e-05
-9.6675196420635635e-05
-9.6094556700657434e-05
-9.5553419807860700e-05
-9.5016476676729826e-05
-9.4393627369475071e-05
-9.3853066186101451e-05
-9.3294714782317419e-05
-9.2690069302839992e-05
-9.2150186735901783e-05
-9.1577288705961204e-05
-9.0975359821032089e-05
-9.0431926760500375e-05
-8.9840068077862338e-05
-8.9271537486429800e-05
-8.8737738587413818e-05
-8.8120690069294530e-05
-8.7579351272054897e-05
-8.7034173771582471e-05
-8.6407488930329845e-05
-8.5905297299128876e-05
-8.5332528801184538e-05
-8.4751954888765663e-05
-8.4248835469378057e-05
-8.3628241181492495e-05
-8.3109352540008315e-05
-8.2583153095854548e-05
-8.1985794587789089e-05
-8.1491820322108523e-05
-8.0916865973831620e-05
-8.0371496470138933e-05
-7.9872169769952677e-05
-7.9283503455627685e-05
-7.8792859205867953e-05
-7.8238367329408812e-05
-7.7713713928156548e-05
-7.7194196789221887e-05
-7.6644427591288542e-05
-7.6159295040587611e-05
-7.5588382799788973e-05
-7.5112644024565958e-05
-7.4576975361110860e-05
-7.4049377307450591e-05
-7.3582564198730420e-05
-7.3001451052164072e-05
-7.2557135899359830e-05
-7.2003341128850531e-05
-7.1524030064255747e-05
-7.1017989059315447e-05
-7.0507459530313644e-05
-7.0020074743437063e-05
-6.9505360593742941e-05
-6.9044007791323005e-05
-6.8500432213858018e-05
-6.8065239052342801e-05
-6.7522342311143496e-05
-6.7068977743192822e-05
-6.6563109131473965e-05
-6.6081988204369523e-05
-6.5603191042574367e-05
-6.5116722257122157e-05
-6.4644696655485157e-05
-6.4156263099465906e-05
-6.3694540092126882e-05
-6.3187635352239085e-05
-6.2759087431042752e-05
-6.2230679537607952e-05
-6.1816842549871213e-05
-6.1295570106855362e-05
-6.0874791744851626e-05
-6.0362573422328855e-05
-5.9942318897574949e-05
-5.9423349180294376e-05
-5.9020223502650687e-05
-5.8495059867729502e-05
-5.8094200176669467e-05
-5.7580727415176624e-05
-5.7171061636814039e-05
-5.6666209007612306e-05
-5.6252572011592805e-05
-5.5748054330697448e-05
-5.5344274224144020e-05
-5.4838095369396292e-05
-5.4426777344317351e-05
-5.3946285570751401e-05
-5.3510099404810874e-05
-5.3056345554932164e-05
-5.2602588608759419e-05
-5.2156343205675976e-05
-5.1700525254907490e-05
-5.1261803868401799e-05
-5.0796505863612290e-05
-5.0378794854230372e-05
-4.9889404860340358e-05
-4.9486726050110394e-05
-4.8997312599506547e-05
-4.8582532708873734e-05
-4.8119035348969070e-05
-4.7672909277152257e-05
-4.7244145140117478e-05
-4.6766569254859219e-05
-4.6362369961421715e-05
-4.5868921684652714e-05
-4.5453573878662432e-05
-4.4994628428893765e-05
-4.4550601510184400e-05
-4.4115100227139095e-05
-4.3647927460648304e-05
-4.3234655089834408e-05
-4.2744784632959140e-05
-4.2323501125649997e-05
-4.1864649056954807e-05
-4.1411465978363094e-05
-4.0984255527636112e-05
-4.0495629784698795e-05
-4.0068265798401582e-05
-3.9610035652183058e-05
-3.9149689340175071e-05
-3.8717058916188729e-05
-3.8223171496197563e-05
0.0000000000000000e+00
];
