%Vec Object:dSdr_b_aug_9890 1 MPI processes
%  type: seq
dSdr_b_aug_9890 = [
2.2737951399046824e+03
0.0000000000000000e+00
-6.3288905331923073e-07
-2.6233117431520348e-07
-1.6377993584750875e-07
-1.1666276540525334e-07
-8.7569159450545880e-08
-6.9573729662416592e-08
-5.7375438416993397e-08
-4.8211748413214172e-08
-4.1405412962605244e-08
-3.6186607930523114e-08
-3.1937971061964826e-08
-2.8495710485879654e-08
-2.5673131817102899e-08
-2.3292668478406285e-08
-2.1299701279418682e-08
-1.5639753341524308e-05
-8.0894242038026358e-04
-7.7662800032939896e-04
-7.3483688535237192e-04
-6.9636571674335282e-04
-6.5867623070231735e-04
-6.2111868433530623e-04
-5.7942178038983565e-04
-5.3914903047630382e-04
-5.0052047185836657e-04
-4.6149655179593922e-04
-4.2144081259720792e-04
-3.7860661602509863e-04
-3.4090835260596809e-04
-3.0466320335425205e-04
-2.7043721448793457e-04
-2.3433232847461574e-04
-2.0496114367571781e-04
-1.7939359178410753e-04
-1.5702791047414563e-04
-1.3590649479044875e-04
-1.1990918837751643e-04
-1.0777776221264089e-04
-9.8206899523458745e-05
-9.0497875316805214e-05
-8.5702946795383455e-05
-8.2790873042917933e-05
-8.1214327505859860e-05
-8.0870263008854390e-05
-8.1381593524314683e-05
-8.2399253382840908e-05
-8.3854075349540613e-05
-8.5812007745392433e-05
-8.7535679348754329e-05
-8.9340647363584649e-05
-9.1180992275737506e-05
-9.2955822275872182e-05
-9.4445703175181922e-05
-9.5784098323396642e-05
-9.7074765575248960e-05
-9.8120147394833212e-05
-9.8983105926861667e-05
-9.9687420410588879e-05
-1.0032708566297096e-04
-1.0075638316524448e-04
-1.0102760370191450e-04
-1.0125625139494267e-04
-1.0137901191066548e-04
-1.0136999029925540e-04
-1.0130410522474807e-04
-1.0118025809946150e-04
-1.0096583892583964e-04
-1.0069726536213534e-04
-1.0041259057820177e-04
-1.0007187833472551e-04
-9.9697530712887500e-05
-9.9270615424236993e-05
-9.8843380006466956e-05
-9.8388522499117290e-05
-9.7898184355864969e-05
-9.7418883096778586e-05
-9.6928866796252156e-05
-9.6378091669018816e-05
-9.5860434392895942e-05
-9.5340379383551354e-05
-9.4773463925237753e-05
-9.4243935929609921e-05
-9.3718685517052791e-05
-9.3109687164671674e-05
-9.2580688192188808e-05
-9.2034178888073903e-05
-9.1442811150034209e-05
-9.0914298992788729e-05
-9.0353429427129822e-05
-8.9764464128017164e-05
-8.9232303705158653e-05
-8.8652810033545208e-05
-8.8096443892256670e-05
-8.7573724177916821e-05
-8.6969442543379248e-05
-8.6439781935502503e-05
-8.5905712669516959e-05
-8.5292034011489936e-05
-8.4800792120771903e-05
-8.4239543916527558e-05
-8.3671215532833408e-05
-8.3178897156607667e-05
-8.2570788268919137e-05
-8.2063079072658323e-05
-8.1547928609190882e-05
-8.0962826775573475e-05
-8.0479452203731749e-05
-7.9916537934448761e-05
-7.9382501911195107e-05
-7.8893828760160899e-05
-7.8317584033056470e-05
-7.7837200043536241e-05
-7.7294600371659460e-05
-7.6780957073077223e-05
-7.6272363355295915e-05
-7.5734408575086202e-05
-7.5259556465358919e-05
-7.4700682483639291e-05
-7.4235439387041708e-05
-7.3710944027357219e-05
-7.3194669347764773e-05
-7.2738320245313998e-05
-7.2169168105112099e-05
-7.1734890524543295e-05
-7.1193013350608265e-05
-7.0723883661585928e-05
-7.0229339916347234e-05
-6.9729660155774253e-05
-6.9253004972839207e-05
-6.8749754476328149e-05
-6.8298488443934674e-05
-6.7766967414962566e-05
-6.7341586416234071e-05
-6.6810643345316398e-05
-6.6367494714680500e-05
-6.5872964148981433e-05
-6.5402564627602480e-05
-6.4934671029269692e-05
-6.4459247632560129e-05
-6.3997794944413157e-05
-6.3520783012031788e-05
-6.3069429071987903e-05
-6.2574141637760318e-05
-6.2155833497665842e-05
-6.1639160483704502e-05
-6.1235465243668967e-05
-6.0726053189254671e-05
-6.0315157908632928e-05
-5.9815216539936788e-05
-5.9404758261529984e-05
-5.8898123454094127e-05
-5.8504753839274973e-05
-5.7992003957626066e-05
-5.7600971503184307e-05
-5.7099789982691205e-05
-5.6700067699596020e-05
-5.6207502013761005e-05
-5.5804044221121702e-05
-5.5311697995299322e-05
-5.4918322024524842e-05
-5.4424162597798540e-05
-5.4023434881028643e-05
-5.3554923461048741e-05
-5.3129531666198852e-05
-5.2687586856852731e-05
-5.2245014744563235e-05
-5.1810341522344192e-05
-5.1366137532552176e-05
-5.0938695391138985e-05
-5.0485470459570473e-05
-5.0078666266205087e-05
-4.9601963755125491e-05
-4.9209966355627079e-05
-4.8733268250119697e-05
-4.8329550761217995e-05
-4.7878393358049256e-05
-4.7443999877931197e-05
-4.7027098282060620e-05
-4.6561961170551276e-05
-4.6169054612812209e-05
-4.5688863437895781e-05
-4.5284782136890832e-05
-4.4838767687139044e-05
-4.4406736845606525e-05
-4.3983488384466707e-05
-4.3529257829451510e-05
-4.3127662673986101e-05
-4.2651533289555232e-05
-4.2242187209267565e-05
-4.1796291165043679e-05
-4.1356064425119992e-05
-4.0941057864524078e-05
-4.0466536016291894e-05
-4.0051476429689882e-05
-3.9606575752715028e-05
-3.9159840670469058e-05
-3.8739833381224425e-05
-3.8261721773303029e-05
0.0000000000000000e+00
];
