%Vec Object:dSdr_b_aug_9180 1 MPI processes
%  type: seq
dSdr_b_aug_9180 = [
2.2779665393935215e+03
0.0000000000000000e+00
-6.4951093171541624e-07
-2.6909381915094584e-07
-1.6790033938679037e-07
-1.1954148827923719e-07
-8.9706595968475314e-08
-7.1253604764317881e-08
-5.8745396531037560e-08
-4.9348222611881200e-08
-4.2368705746530042e-08
-3.7017246427768823e-08
-3.2660816272991683e-08
-2.9131345311036423e-08
-2.6237326581902566e-08
-2.3796734716450628e-08
-2.1716332907127222e-08
-2.2672162473871184e-06
-7.7649788521780641e-04
-7.7989199411163926e-04
-7.3808110356851837e-04
-6.9944867470265537e-04
-6.6160374351581801e-04
-6.2389440324056252e-04
-5.8203058094529999e-04
-5.4160124915612472e-04
-5.0282587637758122e-04
-4.6365562331315092e-04
-4.2345245726651930e-04
-3.8046489799680762e-04
-3.4263243561628008e-04
-3.0626048453264788e-04
-2.7191641713908903e-04
-2.3568833322542220e-04
-2.0621757450156226e-04
-1.8056394367129596e-04
-1.5812319905968299e-04
-1.3693076795487748e-04
-1.2087962504885137e-04
-1.0870713352830507e-04
-9.9102973380600542e-05
-9.1366317883469851e-05
-8.6553086220946015e-05
-8.3628414598567005e-05
-8.2043271431258099e-05
-8.1693998688846999e-05
-8.2202756385644856e-05
-8.3219292833320449e-05
-8.4674209514649766e-05
-8.6632812477311632e-05
-8.8356966622632664e-05
-9.0162688086207704e-05
-9.2003428955278802e-05
-9.3778137186694102e-05
-9.5267507753754834e-05
-9.6604770881994522e-05
-9.7893507713820075e-05
-9.8936672993962685e-05
-9.9797048082033113e-05
-1.0049809068611103e-04
-1.0113391964687346e-04
-1.0155931417124511e-04
-1.0182619372896388e-04
-1.0204962679480411e-04
-1.0216761081720020e-04
-1.0215351764610844e-04
-1.0208200825616676e-04
-1.0195236134401476e-04
-1.0173231671177807e-04
-1.0145779849703388e-04
-1.0116678892051415e-04
-1.0082022435589267e-04
-1.0043999861469444e-04
-1.0000611618575740e-04
-9.9572874938807997e-05
-9.9112047895674401e-05
-9.8614633572423110e-05
-9.8129357193331576e-05
-9.7633388307643058e-05
-9.7075362977991890e-05
-9.6551713291758820e-05
-9.6025599998362696e-05
-9.5451639268353657e-05
-9.4916151911039951e-05
-9.4384899107657544e-05
-9.3768790446602284e-05
-9.3233856078776153e-05
-9.2681267700129942e-05
-9.2083083909359339e-05
-9.1548734816970629e-05
-9.0981690507790081e-05
-9.0386070426046300e-05
-8.9848123258909275e-05
-8.9262282079638578e-05
-8.8699671387471523e-05
-8.8171264236946336e-05
-8.7560428795970473e-05
-8.7024773256461925e-05
-8.6485001641875610e-05
-8.5864646334469754e-05
-8.5367783457174445e-05
-8.4800621377843888e-05
-8.4226006825523480e-05
-8.3728143798865646e-05
-8.3113625606049511e-05
-8.2600177508986163e-05
-8.2079355117967433e-05
-8.1487961394372424e-05
-8.0999145533839742e-05
-8.0430050562682555e-05
-7.9890196565819756e-05
-7.9396054479949384e-05
-7.8813433206145251e-05
-7.8327782174467011e-05
-7.7779077711472350e-05
-7.7259782443668085e-05
-7.6745581254177993e-05
-7.6201561614498828e-05
-7.5721432103302008e-05
-7.5156378354636179e-05
-7.4685747365734587e-05
-7.4155516258992299e-05
-7.3633428794725480e-05
-7.3171708059062087e-05
-7.2596415809623950e-05
-7.2156985503441052e-05
-7.1608990504635868e-05
-7.1134634269669867e-05
-7.0634188477218738e-05
-7.0128939055426996e-05
-6.9646775897119859e-05
-6.9137640605528760e-05
-6.8681196593060179e-05
-6.8143487436717116e-05
-6.7713069426220761e-05
-6.7175990013524237e-05
-6.6727597096215123e-05
-6.6227246216191317e-05
-6.5751342929349117e-05
-6.5277852056158558e-05
-6.4796758579675998e-05
-6.4329878354388599e-05
-6.3847003204775069e-05
-6.3390326371376635e-05
-6.2889075268317445e-05
-6.2465510603749446e-05
-6.1942813565859454e-05
-6.1533912126911255e-05
-6.1018411619949420e-05
-6.0602442926101937e-05
-6.0096199264411248e-05
-5.9680712149972773e-05
-5.9167745299216268e-05
-5.8769367477398885e-05
-5.8250245079847366e-05
-5.7854167883038091e-05
-5.7346676738989333e-05
-5.6941850034372090e-05
-5.6442976932789710e-05
-5.6034293721053121e-05
-5.5535699366719108e-05
-5.5136982511232510e-05
-5.4636653000601451e-05
-5.4230488831171201e-05
-5.3755827388725258e-05
-5.3324894390080199e-05
-5.2876887504256514e-05
-5.2428573750408397e-05
-5.1987960046607739e-05
-5.1537794130335125e-05
-5.1104561889741160e-05
-5.0645139355465176e-05
-5.0232736254194814e-05
-4.9749520745182863e-05
-4.9352040157446173e-05
-4.8868814761860837e-05
-4.8459418517714589e-05
-4.8001926542158186e-05
-4.7561510285972881e-05
-4.7138519215902438e-05
-4.6666996838223128e-05
-4.6268293340931093e-05
-4.5781296851071909e-05
-4.5371432118709179e-05
-4.4918779808965630e-05
-4.4480591081563395e-05
-4.4051052983683781e-05
-4.3590178961249453e-05
-4.3182589798476444e-05
-4.2699407054754384e-05
-4.2283933663908138e-05
-4.1831387653762070e-05
-4.1384511141202290e-05
-4.0963241636827057e-05
-4.0481482460480273e-05
-4.0060111091854865e-05
-3.9608376188249142e-05
-3.9154671712848861e-05
-3.8728234658542047e-05
-3.8242292157782407e-05
0.0000000000000000e+00
];
