%Vec Object:dSdr_b_aug_9230 1 MPI processes
%  type: seq
dSdr_b_aug_9230 = [
2.2776235226875160e+03
0.0000000000000000e+00
-6.4815043578662402e-07
-2.6855079525631495e-07
-1.6757650493278229e-07
-1.1932046408858485e-07
-8.9546427846574769e-08
-7.1130950383031774e-08
-5.8648116391772221e-08
-4.9269916051847069e-08
-4.2304447741898377e-08
-3.6963740563254870e-08
-3.2615986780097387e-08
-2.9093514992722634e-08
-2.6205222224466090e-08
-2.3769429028649762e-08
-2.1694072007617406e-08
-2.6657677330875621e-06
-7.8169995640204010e-04
-7.7965892724864638e-04
-7.3783894619010586e-04
-6.9921848303905053e-04
-6.6138515757223273e-04
-6.2368715114447003e-04
-5.8183579199081771e-04
-5.4141815155930645e-04
-5.0265374082128175e-04
-4.6349441387118532e-04
-4.2330225561214286e-04
-3.8032614733683588e-04
-3.4250370506927892e-04
-3.0614122178384894e-04
-2.7180597085338474e-04
-2.3558708564652703e-04
-2.0612376168962045e-04
-1.8047655806738779e-04
-1.5804141813986696e-04
-1.3685428947974790e-04
-1.2080716633479764e-04
-1.0863774100424918e-04
-9.9036067047918844e-05
-9.1301474671461207e-05
-8.6489609632990904e-05
-8.3565878644260868e-05
-8.1981377428268896e-05
-8.1632493564991849e-05
-8.2141443363872578e-05
-8.3158063692001508e-05
-8.4612973301106359e-05
-8.6571526194909770e-05
-8.8295644310478513e-05
-9.0101309516759740e-05
-9.1942020821071221e-05
-9.3716738144294584e-05
-9.5206146815703796e-05
-9.6543494467302336e-05
-9.7832375435914082e-05
-9.8875706216275744e-05
-9.9736274199904354e-05
-1.0043756110235729e-04
-1.0107367650394130e-04
-1.0149936244834723e-04
-1.0176656612993751e-04
-1.0199038855155915e-04
-1.0210872921599568e-04
-1.0209501471840369e-04
-1.0202392527408150e-04
-1.0189471140931947e-04
-1.0167508680806629e-04
-1.0140101245716216e-04
-1.0111047587483238e-04
-1.0076434828014345e-04
-1.0038456143513214e-04
-9.9951199215328796e-05
-9.9518406400164543e-05
-9.9058025078932121e-05
-9.8561139106389988e-05
-9.8076308866155092e-05
-9.7580784436735807e-05
-9.7023300451374184e-05
-9.6500098194986635e-05
-9.5974437249987925e-05
-9.5401002562894670e-05
-9.4865960167833514e-05
-9.4335155539522408e-05
-9.3719577777444244e-05
-9.3185086582400317e-05
-9.2632952104502027e-05
-9.2035277241767747e-05
-9.1501363970525137e-05
-9.0934780705325562e-05
-9.0339657510211035e-05
-8.9802142416666342e-05
-8.9216775181003176e-05
-8.8654630745062878e-05
-8.8126648253184411e-05
-8.7516302159343153e-05
-8.6981094237967811e-05
-8.6441748395481852e-05
-8.5821891607415954e-05
-8.5325448427236818e-05
-8.4758727913891100e-05
-8.4184582725286704e-05
-8.3687133696074462e-05
-8.3073094061098654e-05
-8.2560074465399906e-05
-8.2039675575115088e-05
-8.1448751642431262e-05
-8.0960342061729782e-05
-8.0391708579503500e-05
-7.9852288988067452e-05
-7.9358555246260965e-05
-7.8776410084359773e-05
-7.8291152322208774e-05
-7.7742903680189397e-05
-7.7224030422916998e-05
-7.6710247921504360e-05
-7.6166681121263532e-05
-7.5686945653088896e-05
-7.5122353323557684e-05
-7.4652124627600330e-05
-7.4122321786761875e-05
-7.3600668340498721e-05
-7.3139348683781168e-05
-7.2564514892398783e-05
-7.2125469320188281e-05
-7.1577931115555314e-05
-7.1103965126442090e-05
-7.0603960016890610e-05
-7.0099126460035051e-05
-6.9617374560824679e-05
-6.9108678663990541e-05
-6.8652621271161557e-05
-6.8115374158219945e-05
-6.7685332241814504e-05
-6.7148711005896982e-05
-6.6700709659093353e-05
-6.6200793359317203e-05
-6.5725301017257017e-05
-6.5252228070833545e-05
-6.4771557957181170e-05
-6.4305082985015861e-05
-6.3822645619061725e-05
-6.3366366225450766e-05
-6.2865560406390105e-05
-6.2442388226113539e-05
-6.1920140978713529e-05
-6.1511628266454623e-05
-6.0996582360628826e-05
-6.0580992478895284e-05
-6.0075219384986743e-05
-5.9660107754272249e-05
-5.9147613692656231e-05
-5.8749609814290599e-05
-5.8230963227829390e-05
-5.7835262702446389e-05
-5.7328242673584275e-05
-5.6923797096428423e-05
-5.6425394945211269e-05
-5.6017101895382291e-05
-5.5518974064699728e-05
-5.5120655992522470e-05
-5.4620787178296060e-05
-5.4215028927904223e-05
-5.3740826683999667e-05
-5.3310307425805912e-05
-5.2862753171996304e-05
-5.2414868124571500e-05
-5.1974697973840516e-05
-5.1524977211888594e-05
-5.1092177295988415e-05
-5.0633217513162383e-05
-5.0221232461194634e-05
-4.9738503253101257e-05
-4.9341432074482842e-05
-4.8858694047133403e-05
-4.8449721814537560e-05
-4.7992702817975452e-05
-4.7552736260319315e-05
-4.7130199869044435e-05
-4.6659154256019560e-05
-4.6260883595573121e-05
-4.5774395234355896e-05
-4.5364962330946309e-05
-4.4912805647510496e-05
-4.4475076709236467e-05
-4.4046008238601280e-05
-4.3585630263626103e-05
-4.3178488657024952e-05
-4.2695832569110134e-05
-4.2280816692266821e-05
-4.1828767224707329e-05
-4.1382387246245288e-05
-4.0961585402423852e-05
-4.0480366656429914e-05
-4.0059466641255561e-05
-3.9608242163413011e-05
-3.9155058365687893e-05
-3.8729102243285827e-05
-3.8243748958813221e-05
0.0000000000000000e+00
];
