%Vec Object:dSdr_b_aug_3950 1 MPI processes
%  type: seq
dSdr_b_aug_3950 = [
2.3522502200372660e+03
0.0000000000000000e+00
-1.0558516395637453e-06
-4.3431952484543529e-07
-2.6828735947111054e-07
-1.8967198507139988e-07
-1.4198291743282105e-07
-1.1251058362555829e-07
-9.2536223598344144e-08
-7.7494584558581005e-08
-6.6327221349833570e-08
-5.7767522068752405e-08
-5.0799644605223805e-08
-4.5156011414504080e-08
-4.0529585317116711e-08
-3.6629567156070448e-08
-3.3298262406385241e-08
-3.0456185090946160e-08
-2.7999198943897638e-08
-2.5843907117677017e-08
-5.3483155662265113e-07
-4.8600455122361970e-04
-6.9003306799632846e-04
-6.5283898974443993e-04
-6.0926927690751196e-04
-5.6720588459683099e-04
-5.2689759017374486e-04
-4.8619941298534767e-04
-4.4445690046474251e-04
-3.9986801597884450e-04
-3.6063432510123324e-04
-3.2293838212185184e-04
-2.8736140658719417e-04
-2.4984696104340585e-04
-2.1933651280798530e-04
-1.9278409666648812e-04
-1.6955958400157237e-04
-1.4762565057154572e-04
-1.3101237776960004e-04
-1.1841110517390176e-04
-1.0845927183889474e-04
-1.0043410600002573e-04
-9.5429763080158398e-05
-9.2373551312235438e-05
-9.0698636176412539e-05
-9.0294981452984435e-05
-9.0776874777913138e-05
-9.1781680751065430e-05
-9.3237585941273801e-05
-9.5203190145949702e-05
-9.6932382323034329e-05
-9.8745970495850164e-05
-1.0059084537340711e-04
-1.0236428184399222e-04
-1.0384832351953707e-04
-1.0517376647024123e-04
-1.0644234670716348e-04
-1.0746236791698806e-04
-1.0829576794447206e-04
-1.0896264725214510e-04
-1.0955841966300900e-04
-1.0994306137588715e-04
-1.1016461484139848e-04
-1.1033359968589886e-04
-1.1040171023394814e-04
-1.1033466267974637e-04
-1.1020442735199578e-04
-1.1001422233321443e-04
-1.0973543983348099e-04
-1.0939885093005088e-04
-1.0904169703304580e-04
-1.0863402584053681e-04
-1.0819242410358863e-04
-1.0768579474944432e-04
-1.0718984403805529e-04
-1.0666668648719613e-04
-1.0609538671403053e-04
-1.0554772152316421e-04
-1.0498959912307542e-04
-1.0435587130580473e-04
-1.0376965227859095e-04
-1.0318028182752362e-04
-1.0253275838252461e-04
-1.0193504676034521e-04
-1.0134112040747372e-04
-1.0065076995581619e-04
-1.0005386156871736e-04
-9.9437798956182426e-05
-9.8768445828989408e-05
-9.8173150784747857e-05
-9.7541633323343144e-05
-9.6876527797233475e-05
-9.6278158744563978e-05
-9.5626040511212232e-05
-9.4998227781051969e-05
-9.4410435664980016e-05
-9.3731169118298305e-05
-9.3132917923300428e-05
-9.2533605637930082e-05
-9.1843536570876917e-05
-9.1287982559141629e-05
-9.0659071189036586e-05
-9.0018820087378436e-05
-8.9463063019000534e-05
-8.8781622557253012e-05
-8.8208252168517478e-05
-8.7628206782616917e-05
-8.6971116773035446e-05
-8.6425486117087326e-05
-8.5791855823235744e-05
-8.5191253904519661e-05
-8.4640008359686915e-05
-8.3990806865715640e-05
-8.3450160423783072e-05
-8.2837713257535736e-05
-8.2259403393398559e-05
-8.1686652225758865e-05
-8.1079306828250023e-05
-8.0544073744242517e-05
-7.9914494441545901e-05
-7.9387606199447374e-05
-7.8797485741060856e-05
-7.8214704543342836e-05
-7.7696896325178368e-05
-7.7057492609450197e-05
-7.6564260530118117e-05
-7.5952386747467893e-05
-7.5423457952408064e-05
-7.4861386404468427e-05
-7.4297981812387572e-05
-7.3758307573118824e-05
-7.3187726666976174e-05
-7.2677217197693840e-05
-7.2074895208392131e-05
-7.1591883654099477e-05
-7.0990732127210158e-05
-7.0487581424076139e-05
-6.9926458210529857e-05
-6.9393087813531543e-05
-6.8861153460744929e-05
-6.8320856319934080e-05
-6.7797304923560863e-05
-6.7253209483973951e-05
-6.6740954114878021e-05
-6.6177433869792348e-05
-6.5698983660649604e-05
-6.5113387294251762e-05
-6.4650125787825468e-05
-6.4071053232815430e-05
-6.3602110951341219e-05
-6.3030062450404099e-05
-6.2562067206557351e-05
-6.1982984890579483e-05
-6.1532314345684295e-05
-6.0946653902853952e-05
-6.0497902513415110e-05
-5.9924530022725319e-05
-5.9466406004288996e-05
-5.8901674623808142e-05
-5.8438430727503725e-05
-5.7874597155901051e-05
-5.7420114009465323e-05
-5.6855360200636371e-05
-5.6392431898563854e-05
-5.5853555653390313e-05
-5.5364764800859667e-05
-5.4853461424949029e-05
-5.4345196997453420e-05
-5.3842556467084560e-05
-5.3330139832984607e-05
-5.2836451022262507e-05
-5.2312317031120530e-05
-5.1841453731669079e-05
-5.1290233664198117e-05
-5.0835501238156988e-05
-5.0284122149471305e-05
-4.9815432178938920e-05
-4.9291798883350389e-05
-4.8788496984570171e-05
-4.8301923941362665e-05
-4.7763731219953751e-05
-4.7304500474941058e-05
-4.6746448038190589e-05
-4.6276197473215367e-05
-4.5754238136895514e-05
-4.5251754314089988e-05
-4.4756545859572925e-05
-4.4226307523636892e-05
-4.3756136029576145e-05
-4.3199310797200995e-05
-4.2719865514781070e-05
-4.2197892319854856e-05
-4.1681593597664142e-05
-4.1194945610838973e-05
-4.0637642022560357e-05
-4.0150404960931115e-05
-3.9627380161356183e-05
-3.9101051658905198e-05
-3.8607887731234143e-05
-3.8042339902866249e-05
0.0000000000000000e+00
];
