%Vec Object:dSdr_b_aug_6540 1 MPI processes
%  type: seq
dSdr_b_aug_6540 = [
2.3089568334297715e+03
0.0000000000000000e+00
-7.8970260917675351e-07
-3.2529422142453480e-07
-2.0154868454904196e-07
-1.4263753037060142e-07
-1.0657405423876365e-07
-8.4279449556063098e-08
-6.9170702728044070e-08
-5.7822443523910550e-08
-4.9396927542023300e-08
-4.2937928062999254e-08
-3.7685313140031302e-08
-3.3431780731468762e-08
-2.9944727280347018e-08
-2.7006087793804439e-08
-2.4496924658749199e-08
-2.2356731864997517e-08
-1.2113855075082231e-07
-4.6861343152125118e-04
-7.5074768761049032e-04
-7.1266862529731096e-04
-6.7416836103739079e-04
-6.3580769016651851e-04
-5.9322746326449739e-04
-5.5212608754102153e-04
-5.1272059344464936e-04
-4.7292228417947533e-04
-4.3208636718647798e-04
-3.8844058051330414e-04
-3.5003214082262587e-04
-3.1311596065556555e-04
-2.7826510430288429e-04
-2.4150825926305279e-04
-2.1161013440671250e-04
-1.8558705620079529e-04
-1.6282414218670208e-04
-1.4132691508042064e-04
-1.2504470754331662e-04
-1.1269596468278625e-04
-1.0294889275863316e-04
-9.5093644494339278e-05
-9.0201856163514541e-05
-8.7223114709830490e-05
-8.5601070693389831e-05
-8.5229444317760745e-05
-8.5727159541327118e-05
-8.6738874324524342e-05
-8.8194197494457545e-05
-9.0155678483851316e-05
-9.1881903662019911e-05
-9.3690858882275406e-05
-9.5533299166880920e-05
-9.7307484754452964e-05
-9.8794664977955136e-05
-1.0012706950151823e-04
-1.0140752102414931e-04
-1.0244117298147965e-04
-1.0329046000615030e-04
-1.0397745980543382e-04
-1.0459682352526941e-04
-1.0500546659424091e-04
-1.0525371481183928e-04
-1.0545476686982766e-04
-1.0555225034022564e-04
-1.0551639020309091e-04
-1.0542074143899060e-04
-1.0526620203542062e-04
-1.0502201312308442e-04
-1.0472198066568779e-04
-1.0440378237279026e-04
-1.0403209984280053e-04
-1.0362664541132745e-04
-1.0316286025211768e-04
-1.0270384218922141e-04
-1.0221739410034983e-04
-1.0168960905265015e-04
-1.0117868766087446e-04
-1.0065717048127757e-04
-1.0006802752950864e-04
-9.9518658622469895e-05
-9.8966543379571604e-05
-9.8362344583441931e-05
-9.7801279848401160e-05
-9.7244264987773863e-05
-9.6597639124312688e-05
-9.6037230241722838e-05
-9.5458550682304193e-05
-9.4831112625656957e-05
-9.4271711606667220e-05
-9.3678165508896891e-05
-9.3053983327339888e-05
-9.2491199651060257e-05
-9.1878115185791220e-05
-9.1288703094553577e-05
-9.0735885662069282e-05
-9.0096921507948479e-05
-8.9535535926683405e-05
-8.8971290026720819e-05
-8.8322278768655985e-05
-8.7801290809032151e-05
-8.7208746581506641e-05
-8.6607152011286160e-05
-8.6085491537433802e-05
-8.5443464829235122e-05
-8.4905385569044900e-05
-8.4360219461896313e-05
-8.3741821164779685e-05
-8.3229651482160047e-05
-8.2634029153079455e-05
-8.2069204615587741e-05
-8.1551590051369112e-05
-8.0941600860556321e-05
-8.0433343867204236e-05
-7.9858437852866479e-05
-7.9314884529708233e-05
-7.8776616266665648e-05
-7.8206566461066818e-05
-7.7703786526632084e-05
-7.7112209433164960e-05
-7.6618453798194555e-05
-7.6063605064984017e-05
-7.5516569331405886e-05
-7.5031793733272529e-05
-7.4430148349035398e-05
-7.3968602724468419e-05
-7.3394350234675946e-05
-7.2897561847168335e-05
-7.2371784674081234e-05
-7.1842630461085093e-05
-7.1336827265108422e-05
-7.0802434638724131e-05
-7.0323766917231812e-05
-6.9759498534717517e-05
-6.9307461846506398e-05
-6.8744045469796186e-05
-6.8273144258232979e-05
-6.7747812793430515e-05
-6.7248287538668172e-05
-6.6750773358604975e-05
-6.6245344099239960e-05
-6.5755169075839805e-05
-6.5247129204355054e-05
-6.4767606700737824e-05
-6.4240759741394696e-05
-6.3794634259931759e-05
-6.3246082324260267e-05
-6.2814836064387764e-05
-6.2273204134776701e-05
-6.1835460532207726e-05
-6.1302167652513403e-05
-6.0865096953702493e-05
-6.0324953198251288e-05
-5.9905080331864617e-05
-5.9358607323459518e-05
-5.8940878274298437e-05
-5.8406306452075219e-05
-5.7979571755217907e-05
-5.7453627452324758e-05
-5.7022516932010175e-05
-5.6497105836336858e-05
-5.6075466099060113e-05
-5.5548654813345213e-05
-5.5119157589411713e-05
-5.4618100476511135e-05
-5.4163384837066500e-05
-5.3689359743945977e-05
-5.3216403079658904e-05
-5.2750293052197304e-05
-5.2274538773024046e-05
-5.1816455648018861e-05
-5.1330433240178201e-05
-5.0893999844795386e-05
-5.0382830801452488e-05
-4.9961816589468982e-05
-4.9450576324088824e-05
-4.9016807095635550e-05
-4.8532127395610400e-05
-4.8065861638822427e-05
-4.7616734807615233e-05
-4.7117807147023226e-05
-4.6694223451891244e-05
-4.6178018862201146e-05
-4.5743331930430772e-05
-4.5262190257929977e-05
-4.4797572218426151e-05
-4.4341039361281962e-05
-4.3851651980891012e-05
-4.3418336959404237e-05
-4.2904881709034351e-05
-4.2463110453876890e-05
-4.1982023467340646e-05
-4.1506606966381722e-05
-4.1058457978403626e-05
-4.0545637713534559e-05
-4.0097178430326455e-05
-3.9616114872199008e-05
-3.9132505497717501e-05
-3.8678492651396313e-05
-3.8159046150282135e-05
0.0000000000000000e+00
];
