%Vec Object:dSdr_b_aug 1 MPI processes
%  type: seq
dSdr_b_aug = [
0.0000000000000000e+00
0.0000000000000000e+00
7.5851111824641781e-01
0.0000000000000000e+00
-1.8959154711177290e-02
-7.8465104976489473e-03
-4.8914785648897906e-03
-3.4784305414780094e-03
-2.6060415587041271e-03
-2.0664905065179420e-03
-1.7007990171782677e-03
-1.4263049979364260e-03
-1.2224532507001124e-03
-1.0661570038677435e-03
-9.3899731511933493e-04
-8.3599726011055918e-04
-7.5154744170846373e-04
-6.8035094035659828e-04
-6.1953035196521151e-04
-5.7245966922726452e-04
-3.1249069252434308e-01
-1.6136601775402397e+00
-1.5431907768390063e+00
-1.4782636170252637e+00
-1.4173943355345282e+00
-1.3602469868830220e+00
-1.3023800048013945e+00
-1.2498422859210481e+00
-1.2021710107333903e+00
-1.1571436401518784e+00
-1.1134962003659070e+00
-1.0689709335905704e+00
-1.0307225514379696e+00
-9.9435745622338068e-01
-9.5973676760326931e-01
-9.2290569296660685e-01
-8.9103560392638825e-01
-8.6109085781287198e-01
-8.3246747588920178e-01
-8.0231880944532086e-01
-7.7511837944666384e-01
-7.5005586464124707e-01
-7.2601195134566932e-01
-7.0055994637781271e-01
-6.7743489012384994e-01
-6.5616695217090393e-01
-6.3569608875939398e-01
-6.1356743193787788e-01
-5.9403566832030918e-01
-5.7577286220389312e-01
-5.5809663090278139e-01
-5.3841382738458221e-01
-5.2203093467220829e-01
-5.0618718871605717e-01
-4.9000989053856175e-01
-4.7357499639192019e-01
-4.5926020836193937e-01
-4.4539124988168727e-01
-4.3022363049813028e-01
-4.1668558668558148e-01
-4.0408126977339764e-01
-3.9127621809646101e-01
-3.7789002691656925e-01
-3.6638979499443358e-01
-3.5521163584286974e-01
-3.4267071031862872e-01
-3.3187652022651115e-01
-3.2162956771937773e-01
-3.1067939326335475e-01
-3.0016470279346441e-01
-2.9074133497705879e-01
-2.8107161048245499e-01
-2.7093857834066465e-01
-2.6224779391735220e-01
-2.5360388294146663e-01
-2.4392977755214076e-01
-2.3589381106606394e-01
-2.2804878664972963e-01
-2.1892603622940779e-01
-2.1146097950184581e-01
-2.0418463769657755e-01
-1.9576984002504066e-01
-1.8876078959090511e-01
-1.8199812090376905e-01
-1.7414689041467390e-01
-1.6763069061409105e-01
-1.6133266726261808e-01
-1.5392900676939716e-01
-1.4793019617953490e-01
-1.4192081063007297e-01
-1.3513575063263575e-01
-1.2953717401175416e-01
-1.2373808923747966e-01
-1.1757610537917904e-01
-1.1234513672449857e-01
-1.0669324553194069e-01
-1.0115321796507017e-01
-9.6261417975783137e-02
-9.0706574611128882e-02
-8.5782660421812679e-02
-8.1150867390199902e-02
-7.5762811742189684e-02
-7.1391161679882173e-02
-6.6737861438359691e-02
-6.2006373635111758e-02
-5.7914343868572686e-02
-5.3220333565299975e-02
-4.9125764175400322e-02
-4.5120296324684728e-02
-4.0725877622892585e-02
-3.7070697586580457e-02
-3.2960373036439589e-02
-2.9213318460461372e-02
-2.5668575552628997e-02
-2.1712517998580202e-02
-1.8455996809810329e-02
-1.4770358447763197e-02
-1.1456020601534183e-02
-8.2392026792074899e-03
-4.7881837255004476e-03
-1.9012321068766149e-03
-2.4019671329687164e-09
-2.9146976286638198e-10
-1.0554743427843131e-10
-5.5893369628864520e-11
-3.6666243005628742e-11
-2.5152617384353853e-11
-1.9675120710219207e-11
-1.5371768754650535e-11
-1.2918917845213941e-11
-1.0974526344800248e-11
-9.5880357735090122e-12
-8.5813159426435513e-12
-7.7085781581391163e-12
-7.1473483147591810e-12
-6.5607278325564100e-12
-6.2207589316275916e-12
-5.8463141550019179e-12
-5.6189493357669690e-12
-5.3897434948045658e-12
-5.2366231797657342e-12
-5.1053075233468484e-12
-5.0095246911489971e-12
-4.9496973324981995e-12
-4.9019528908759622e-12
-4.8981356846581183e-12
-4.8939712640574857e-12
-4.9378214879931403e-12
-4.9758619348711559e-12
-5.0638868605343022e-12
-5.1450734817112895e-12
-5.2776418393352120e-12
-5.4059474906922776e-12
-5.5863124475078180e-12
-5.7686245044203707e-12
-6.0035089734463447e-12
-6.2498267725145957e-12
-6.5501265351539745e-12
-6.8744491038839659e-12
-7.2564385279511471e-12
-7.6787845919160309e-12
-8.1653751396578999e-12
-8.7141362260891292e-12
-9.3386511055823966e-12
-1.0053742824035717e-11
-1.0864970527896141e-11
-1.1803226815153465e-11
-1.2873886595313113e-11
-1.4119102185450506e-11
-1.5557909302821898e-11
-1.7234963323588358e-11
-1.9210745673217189e-11
-2.1512338808117958e-11
-2.4295537266680663e-11
-2.7524760865249523e-11
-3.1562590862743079e-11
-3.6250386868314037e-11
-4.2235955653105447e-11
-4.9360670008024121e-11
-5.8469293141584465e-11
-6.9826000994712912e-11
-8.4286201268750940e-11
-1.0334188198460713e-10
-1.2751801341313993e-10
-1.6152800826102914e-10
-2.0547958820895683e-10
-2.6894610787571233e-10
-3.5734089511790708e-10
-4.8653476038698495e-10
-6.8525470940807718e-10
-9.8346915095143292e-10
-1.4962733684232502e-09
-2.3343859645117214e-09
-3.8883722799402243e-09
-6.9412619365769207e-09
-1.3278510888142984e-08
-2.9548257939954728e-08
-7.3658517454785336e-08
-2.3526616110683199e-07
-1.0730703617803277e-06
-8.7533770249816294e-06
-3.2013511967558529e-04
0.0000000000000000e+00
];
