%Vec Object:dSdr_b_aug 1 MPI processes
%  type: seq
dSdr_b_aug = [
0.0000000000000000e+00
0.0000000000000000e+00
7.4348703947132044e-01
0.0000000000000000e+00
-1.8527144542001481e-02
-7.6937186931672653e-03
-4.8183303039854141e-03
-3.4375049361703067e-03
-2.5784038037662514e-03
-2.0468428463742434e-03
-1.6865355790381131e-03
-1.4164367180791177e-03
-1.2158052461216414e-03
-1.0619490903328733e-03
-9.3678048015414313e-04
-8.3537904632066315e-04
-7.5222818694683114e-04
-6.8237364855915712e-04
-1.3588654506558789e-01
-1.7186477730443319e+00
-1.6440484604231278e+00
-1.5691675677161576e+00
-1.4967842360745629e+00
-1.4337600877432153e+00
-1.3747008025180141e+00
-1.3192514975699881e+00
-1.2631013535903357e+00
-1.2121204922775024e+00
-1.1658601575389966e+00
-1.1221635694376033e+00
-1.0798039436109448e+00
-1.0365895012228827e+00
-9.9946581602894324e-01
-9.6416825718768384e-01
-9.3056217248295814e-01
-8.9480757480941087e-01
-8.6386781866299078e-01
-8.3479577601624966e-01
-8.0700515057763744e-01
-7.7773129614920611e-01
-7.5131901171247994e-01
-7.2698166869954017e-01
-7.0363230136964505e-01
-6.7891360104259235e-01
-6.5645393779743533e-01
-6.3579719782476707e-01
-6.1591372287334401e-01
-5.9441835303186963e-01
-5.7544507336562112e-01
-5.5770385188034233e-01
-5.4053174281255967e-01
-5.2140880007011037e-01
-5.0549181639486274e-01
-4.9009808645803099e-01
-4.7437949900398668e-01
-4.5840986365611652e-01
-4.4450017915513040e-01
-4.3102329178584686e-01
-4.1628360882291221e-01
-4.0312735949546152e-01
-3.9087828028365590e-01
-3.7843368642690089e-01
-3.6542380780120148e-01
-3.5424686475537648e-01
-3.4338271001314480e-01
-3.3119353303061266e-01
-3.2070210573688340e-01
-3.1074243550835390e-01
-3.0009894898828277e-01
-2.8987862592105801e-01
-2.8071905388227653e-01
-2.7131985558797106e-01
-2.6147014637432864e-01
-2.5302239416411793e-01
-2.4462012375518705e-01
-2.3521632098130327e-01
-2.2740493854917004e-01
-2.1977912806493763e-01
-2.1091123393853276e-01
-2.0365477012122679e-01
-1.9658174407143697e-01
-1.8840210266061952e-01
-1.8158895647566095e-01
-1.7501532699855174e-01
-1.6738367596091597e-01
-1.6104973897144886e-01
-1.5492791692607769e-01
-1.4773158475398593e-01
-1.4190076077003094e-01
-1.3605974275424365e-01
-1.2946501001706553e-01
-1.2402347124586538e-01
-1.1838719696164818e-01
-1.1239842712371498e-01
-1.0731450117498315e-01
-1.0182172468012954e-01
-9.6437817969919917e-02
-9.1683896598302853e-02
-8.6285983612247139e-02
-8.1501226535446808e-02
-7.7000429645368795e-02
-7.1765221879715846e-02
-6.7517530371842702e-02
-6.2996480311939954e-02
-5.8399734866214671e-02
-5.4424245031451733e-02
-4.9864426199197120e-02
-4.5886953885198388e-02
-4.1996241823956698e-02
-3.7728190498679315e-02
-3.4178084091236537e-02
-3.0186448152652808e-02
-2.6547725792503807e-02
-2.3105649653603278e-02
-1.9264749570744776e-02
-1.6102980443100021e-02
-1.2525206701479386e-02
-9.3080112851655784e-03
-6.1857843160446017e-03
-2.8369252632613868e-03
-4.3860885790752288e-05
-3.9892548772006569e-09
-2.2372063653368472e-09
-1.5544369899283603e-09
-1.2092702047955291e-09
-1.0126028765962250e-09
-8.5601416716221566e-10
-7.6124705042199345e-10
-6.7228930517215042e-10
-6.1063691681927672e-10
-5.5437159314814743e-10
-5.0776702643868409e-10
-4.6813408474995862e-10
-4.3072746356874267e-10
-4.0068816177786819e-10
-3.6969409979415844e-10
-3.4522984579624715e-10
-3.2001450710095089e-10
-2.9898724716578616e-10
-2.7826889321344042e-10
-2.5999641224120840e-10
-2.4267738329238403e-10
-2.2680377850770408e-10
-2.1220414400835622e-10
-1.9846312821825419e-10
-1.8609022041078932e-10
-1.7427250157911065e-10
-1.6376310266072575e-10
-1.5366442721930840e-10
-1.4474550342376966e-10
-1.3616679315846716e-10
-1.2862974875867696e-10
-1.2140327566009587e-10
-1.1506574112409623e-10
-1.0904383353374845e-10
-1.0375937788359454e-10
-9.8805938055357421e-11
-9.4458639669799768e-11
-9.0453376248070101e-11
-8.6953930215553317e-11
-8.3803671577666509e-11
-8.1078598858094495e-11
-7.8716939111730346e-11
-7.6721492310369155e-11
-7.5104931401736615e-11
-7.3825482165987563e-11
-7.2937633817439481e-11
-7.2399530996384016e-11
-7.2266833165217437e-11
-7.2534323434888438e-11
-7.3232464390663111e-11
-7.4436985621642633e-11
-7.6118257925362247e-11
-7.8491285737066410e-11
-8.1410027329752555e-11
-8.5344035443794130e-11
-8.9974562617901666e-11
-9.6036762044456244e-11
-1.0323807853063522e-10
-1.1237904982210071e-10
-1.2362718899655972e-10
-1.3763180637972069e-10
-1.5557529594734098e-10
-1.7777951889777771e-10
-2.0758284774394798e-10
-2.4513918239552727e-10
-2.9654951159855989e-10
-3.6550386701361898e-10
-4.8200373506885543e-10
-6.7898029484014645e-10
-9.7461262715992700e-10
-1.4826416447390693e-09
-2.3128394300351244e-09
-3.8508509488950915e-09
-6.8690519260953929e-09
-1.3126913854248516e-08
-2.9146286648851342e-08
-7.2454419505201412e-08
-2.3023975714008545e-07
-1.0407016528608041e-06
-8.3566484694591987e-06
-2.9562729796338294e-04
0.0000000000000000e+00
];
