%Vec Object:sol 1 MPI processes
%  type: mpi
sol = [
0.0000000000000000e+00
-3.3492323184202725e-03
-3.3275536362737351e-03
-3.3063066181102272e-03
-3.2856436783554070e-03
-3.2659193416125234e-03
-3.2456933101060238e-03
-3.2263644195376713e-03
-3.2073997792704946e-03
-3.1889066844530147e-03
-3.1712099801694525e-03
-3.1534917343909439e-03
-3.1365306390710428e-03
-3.1194698060444614e-03
-3.1026892904438353e-03
-3.0865645238110488e-03
-3.0705649619844518e-03
-3.0550674505885095e-03
-3.0400540828079011e-03
-3.0251395684599250e-03
-3.0103085432946894e-03
-2.9957550983346110e-03
-2.9814590164680753e-03
-2.9676469914507917e-03
-2.9539810993788594e-03
-2.9406622557735696e-03
-2.9277706728399176e-03
-2.9145171583380303e-03
-2.9016494861612428e-03
-2.8891263770792091e-03
-2.8766983817329101e-03
-2.8646489505895134e-03
-2.8528699276750137e-03
-2.8412236402103729e-03
-2.8295545408375889e-03
-2.8180788170132781e-03
-2.8067588138679616e-03
-2.7957564431671062e-03
-2.7849614827189680e-03
-2.7743189479164823e-03
-2.7639667508399142e-03
-2.7535004915464354e-03
-2.7431149720068635e-03
-2.7330041464360619e-03
-2.7231034958685781e-03
-2.7133205448125423e-03
-2.7037918389371520e-03
-2.6944871552692178e-03
-2.6850017854519255e-03
-2.6756730146875515e-03
-2.6665767508481826e-03
-2.6575731252609868e-03
-2.6487773192226160e-03
-2.6401999222704846e-03
-2.6317558603819809e-03
-2.6232417904348509e-03
-2.6148321651331794e-03
-2.6066065402087471e-03
-2.5984823986704127e-03
-2.5905601845413093e-03
-2.5828330179319906e-03
-2.5752210703737493e-03
-2.5675790197621597e-03
-2.5600048855082781e-03
-2.5526084886514015e-03
-2.5453090471441297e-03
-2.5381948954629470e-03
-2.5312611503738001e-03
-2.5244693985229105e-03
-2.5176420500071205e-03
-2.5108601422404349e-03
-2.5042547180461972e-03
-2.4977790864157555e-03
-2.4914445810527005e-03
-2.4852825447650513e-03
-2.4792900612677568e-03
-2.4732823373219150e-03
-2.4672828053468282e-03
-2.4614551669999004e-03
-2.4557972181419511e-03
-2.4502791698103334e-03
-2.4448982287671077e-03
-2.4396858608902632e-03
-2.4345062042968714e-03
-2.4293565215949085e-03
-2.4243329069231390e-03
-2.4194810180348612e-03
-2.4147999088379641e-03
-2.4102889134621015e-03
-2.4059195111952856e-03
-2.4015663302518063e-03
-2.3972724398966397e-03
-2.3931546954319379e-03
-2.3892131645765467e-03
-2.3854157829526789e-03
-2.3817912796804583e-03
-2.3783469518882314e-03
-2.3749282118504145e-03
-2.3716048502216147e-03
0.0000000000000000e+00
4.6506386045980674e-01
3.6295486983223779e-01
7.2925299968229737e+01
];
