%Vec Object:sol 1 MPI processes
%  type: mpi
sol = [
0.0000000000000000e+00
-4.1837928902026299e-03
-4.1491056991682382e-03
-4.1151542262419655e-03
-4.0817289803889373e-03
-4.0494308087545101e-03
-4.0172878842685399e-03
-3.9865487813601575e-03
-3.9563991642271529e-03
-3.9263908119081302e-03
-3.8975598691547734e-03
-3.8688375344795925e-03
-3.8412285711480697e-03
-3.8140093298972529e-03
-3.7869532155244317e-03
-3.7608598401006189e-03
-3.7350410214564600e-03
-3.7099770881948674e-03
-3.6852363998573640e-03
-3.6605981494983288e-03
-3.6367671809827422e-03
-3.6133988468273650e-03
-3.5904389811098492e-03
-3.5676939964586546e-03
-3.5452356182938717e-03
-3.5233153371846760e-03
-3.5020298907332470e-03
-3.4807795547460683e-03
-3.4597761677825898e-03
-3.4392943219851979e-03
-3.4190188141884855e-03
-3.3993020754069236e-03
-3.3798027552562936e-03
-3.3603179167590218e-03
-3.3413484001744609e-03
-3.3227459681604396e-03
-3.3044132925981080e-03
-3.2862946404260017e-03
-3.2683533062230633e-03
-3.2506830921812178e-03
-3.2334520206838279e-03
-3.2165449715364077e-03
-3.1995999077174915e-03
-3.1829623551019805e-03
-3.1666587408188409e-03
-3.1505747555734169e-03
-3.1348758563838810e-03
-3.1192270692453825e-03
-3.1036908541409777e-03
-3.0885232617420357e-03
-3.0737091341535281e-03
-3.0590780136195315e-03
-3.0444737249635404e-03
-3.0301588400245836e-03
-3.0160818424025972e-03
-3.0022648376386483e-03
-2.9887717243842838e-03
-2.9752848388931684e-03
-2.9619487741515652e-03
-2.9489290599400181e-03
-2.9362164963243139e-03
-2.9237150043526254e-03
-2.9112124318639030e-03
-2.8989622129821273e-03
-2.8869958270970530e-03
-2.8752168408566095e-03
-2.8637296603056792e-03
-2.8522936442004140e-03
-2.8410417649209316e-03
-2.8300142939070355e-03
-2.8192706625048609e-03
-2.8088058532853536e-03
-2.7983616338417669e-03
-2.7880804913015342e-03
-2.7780782237112021e-03
-2.7683508555860509e-03
-2.7588477002472313e-03
-2.7494165278128253e-03
-2.7401604978582639e-03
-2.7311777999441682e-03
-2.7224332278668246e-03
-2.7139232485112034e-03
-2.7055500820955397e-03
-2.6973253910420533e-03
-2.6893632501781058e-03
-2.6816212793890262e-03
-2.6741521918958607e-03
-2.6668546350943449e-03
-2.6596817675935028e-03
-2.6527501449429250e-03
-2.6460743638118049e-03
-2.6396743558965820e-03
-2.6334820645151939e-03
-2.6273946846636842e-03
-2.6215488512436138e-03
-2.6159771954916613e-03
-2.6106875176887252e-03
-2.6056416108700283e-03
-2.6006861597207970e-03
0.0000000000000000e+00
5.3143506142556995e-01
3.6295486983223779e-01
7.2925299968229737e+01
];
