%Vec Object:sol 1 MPI processes
%  type: mpi
sol = [
0.0000000000000000e+00
-3.9670134015696371e-03
-3.9371782091041016e-03
-3.9079694369778522e-03
-3.8789588992587283e-03
-3.8512272713153140e-03
-3.8236053251018112e-03
-3.7972650296570990e-03
-3.7714613820440247e-03
-3.7457216045423064e-03
-3.7210577445541825e-03
-3.6964662229519913e-03
-3.6728938362196569e-03
-3.6498879338133713e-03
-3.6267981965112392e-03
-3.6045485749277889e-03
-3.5825324336245783e-03
-3.5612045028175880e-03
-3.5405384618269662e-03
-3.5196401130695950e-03
-3.4993793156008904e-03
-3.4795338144418589e-03
-3.4600646381328878e-03
-3.4412420585843012e-03
-3.4223361079385971e-03
-3.4037441876281849e-03
-3.3857344617208075e-03
-3.3678544442033113e-03
-3.3505140239479124e-03
-3.3334244052246305e-03
-3.3162565008654095e-03
-3.2996004457851282e-03
-3.2833241674519093e-03
-3.2672614038181244e-03
-3.2515525841966290e-03
-3.2358398260573834e-03
-3.2203627492344718e-03
-3.2053123122530039e-03
-3.1905553274072930e-03
-3.1760233813664745e-03
-3.1614762497934024e-03
-3.1472168170734666e-03
-3.1331696592435138e-03
-3.1194880807065228e-03
-3.1060940371835893e-03
-3.0925909663197383e-03
-3.0793337178098984e-03
-3.0663849828911406e-03
-3.0535782100749712e-03
-3.0410922312472054e-03
-3.0287430904486143e-03
-3.0163445797371223e-03
-3.0042290619121991e-03
-2.9924075672934174e-03
-2.9807788321876178e-03
-2.9693049635708185e-03
-2.9578243093670523e-03
-2.9465926239473838e-03
-2.9355122094119500e-03
-2.9246997584660450e-03
-2.9141460651771786e-03
-2.9034730928265964e-03
-2.8929746142134357e-03
-2.8827290450259523e-03
-2.8727180639675706e-03
-2.8628465987780576e-03
-2.8530447714548083e-03
-2.8433422115066351e-03
-2.8338354614251540e-03
-2.8245029645330840e-03
-2.8154029105071391e-03
-2.8064614155038528e-03
-2.7974649903535933e-03
-2.7886591224231317e-03
-2.7800792920470684e-03
-2.7717211979163075e-03
-2.7635343418412300e-03
-2.7552764551008330e-03
-2.7472133061180164e-03
-2.7393688454134357e-03
-2.7317078204863493e-03
-2.7242263075433443e-03
-2.7168003686369765e-03
-2.7094762168099968e-03
-2.7023583121978082e-03
-2.6954042167503245e-03
-2.6886658998371660e-03
-2.6820719668908155e-03
-2.6754985590201363e-03
-2.6691087758379940e-03
-2.6629168336835714e-03
-2.6569422764825099e-03
-2.6511843226182034e-03
-2.6453992139467359e-03
-2.6397851877358689e-03
-2.6343862615374703e-03
-2.6292099850476446e-03
-2.6242565145647313e-03
-2.6193629971254045e-03
0.0000000000000000e+00
5.1515583512132823e-01
3.6295486983223779e-01
7.2925299968229737e+01
];
