%Vec Object:sol 1 MPI processes
%  type: mpi
sol = [
0.0000000000000000e+00
-3.3845688071273332e-04
-3.3626268918948314e-04
-3.3411242124142836e-04
-3.3196702497525837e-04
-3.2991461448303585e-04
-3.2786291771051262e-04
-3.2590892411703330e-04
-3.2399189178355448e-04
-3.2212267818047748e-04
-3.2032512459895723e-04
-3.1848184464663699e-04
-3.1671654549602388e-04
-3.1499207204043573e-04
-3.1329810814076093e-04
-3.1167051322373711e-04
-3.1005559115111260e-04
-3.0847492517419646e-04
-3.0691160903261692e-04
-3.0535941837191800e-04
-3.0386325724762129e-04
-3.0239617586833121e-04
-3.0095508527906120e-04
-2.9956291337195740e-04
-2.9816469243364597e-04
-2.9677794432946767e-04
-2.9543536472396162e-04
-2.9409904707526966e-04
-2.9280366923292218e-04
-2.9154306206133693e-04
-2.9029200219300667e-04
-2.8905615216706822e-04
-2.8782949750835528e-04
-2.8661709127521842e-04
-2.8543996152467945e-04
-2.8428627675979967e-04
-2.8314824095767682e-04
-2.8204222094143841e-04
-2.8093305630609512e-04
-2.7982504238338487e-04
-2.7874708943913685e-04
-2.7768990335319522e-04
-2.7664716792520058e-04
-2.7563208156892847e-04
-2.7463812525396335e-04
-2.7363154079220397e-04
-2.7263930676406492e-04
-2.7167032894026614e-04
-2.7071045016490960e-04
-2.6977507650645827e-04
-2.6886306872277957e-04
-2.6796029978597336e-04
-2.6705382308359982e-04
-2.6616046344959417e-04
-2.6528111323875629e-04
-2.6441767541719090e-04
-2.6357558625254412e-04
-2.6275194665752367e-04
-2.6193842250383733e-04
-2.6112037225916663e-04
-2.6031526456314673e-04
-2.5952226302089146e-04
-2.5874555890713054e-04
-2.5798815671804155e-04
-2.5724856072279357e-04
-2.5651860147333328e-04
-2.5578194874968912e-04
-2.5505898649565590e-04
-2.5435076925152156e-04
-2.5365548983150211e-04
-2.5297826859094072e-04
-2.5231872031293985e-04
-2.5167223917327140e-04
-2.5101341347865167e-04
-2.5037008438331271e-04
-2.4974422158298296e-04
-2.4913148669738198e-04
-2.4853333199117132e-04
-2.4795236631901588e-04
-2.4738778215467269e-04
-2.4681066573527900e-04
-2.4624768579815443e-04
-2.4570200605075304e-04
-2.4517346721836448e-04
-2.4466113106157638e-04
-2.4416134567064663e-04
-2.4367456797099636e-04
-2.4318316112614412e-04
-2.4270916587080794e-04
-2.4224969440658846e-04
-2.4180604888249138e-04
-2.4138000497003298e-04
-2.4097155778911731e-04
-2.4057219468097502e-04
-2.4017093670566402e-04
-2.3978732030237098e-04
-2.3942207199566793e-04
-2.3907526830382753e-04
-2.3874699812544972e-04
0.0000000000000000e+00
4.6809019149668901e-01
3.6295485309822773e-01
7.2925365311217348e+01
];
