%Vec Object:sol 1 MPI processes
%  type: mpi
sol = [
0.0000000000000000e+00
-3.3980980087233528e-03
-3.3760568549449149e-03
-3.3540414657605442e-03
-3.3324616114286973e-03
-3.3118532679914854e-03
-3.2912524644388582e-03
-3.2716336666401354e-03
-3.2523865653111546e-03
-3.2336204342990685e-03
-3.2151305116072640e-03
-3.1966311434015308e-03
-3.1789153350666351e-03
-3.1616097647438829e-03
-3.1446107780725447e-03
-3.1282785592323041e-03
-3.1119632480228585e-03
-3.0957793022937082e-03
-3.0800988950799323e-03
-3.0645301477006592e-03
-3.0495240640758671e-03
-3.0348099400880129e-03
-3.0203567474830100e-03
-3.0062117120114636e-03
-2.9919474636138691e-03
-2.9780454590990911e-03
-2.9645867761762079e-03
-2.9511907277946716e-03
-2.9382055682588152e-03
-2.9255693328128808e-03
-2.9127986457243497e-03
-2.9002254058939931e-03
-2.8879348772719677e-03
-2.8757870610539482e-03
-2.8639931070974112e-03
-2.8524342081546446e-03
-2.8410320846134689e-03
-2.8296900693178381e-03
-2.8184319639578711e-03
-2.8073355161973893e-03
-2.7965404416327808e-03
-2.7859534267158071e-03
-2.7755110600562547e-03
-2.7653458602673107e-03
-2.7551100505321100e-03
-2.7449142049188078e-03
-2.7349821956577751e-03
-2.7252831466802394e-03
-2.7156749373930026e-03
-2.7063122383422706e-03
-2.6971836173735274e-03
-2.6878486756712230e-03
-2.6786840980150039e-03
-2.6697460394379648e-03
-2.6609480848584994e-03
-2.6523093702049728e-03
-2.6438845021960608e-03
-2.6356443518371323e-03
-2.6271922432110060e-03
-2.6189391419235964e-03
-2.6108880690117928e-03
-2.6029579241795744e-03
-2.5951907423539399e-03
-2.5876166556833119e-03
-2.5801970425344506e-03
-2.5725939726971600e-03
-2.5651822840080433e-03
-2.5579568802545360e-03
-2.5508787022932209e-03
-2.5439296093570955e-03
-2.5371609891622700e-03
-2.5305109497140545e-03
-2.5237613784787889e-03
-2.5171577504230630e-03
-2.5107317037005934e-03
-2.5044801671792200e-03
-2.4983596430891188e-03
-2.4923847416395283e-03
-2.4864864175787758e-03
-2.4805805435621658e-03
-2.4748187790070873e-03
-2.4691982000390350e-03
-2.4637505739281990e-03
-2.4584743203388626e-03
-2.4533600396845273e-03
-2.4482337631953973e-03
-2.4431565942326173e-03
-2.4382542669362894e-03
-2.4335260094453148e-03
-2.4289428557890780e-03
-2.4245178811580972e-03
-2.4202689109264724e-03
-2.4160093367683803e-03
-2.4118634031883644e-03
-2.4078648290927610e-03
-2.4040426081327619e-03
-2.4004040358376229e-03
-2.3969498852904163e-03
-2.3936791318260368e-03
0.0000000000000000e+00
4.6924906213063716e-01
3.6295486983223779e-01
7.2925299968229737e+01
];
