%Vec Object:sol 1 MPI processes
%  type: mpi
sol = [
0.0000000000000000e+00
-3.8119812701299357e-04
-3.7842844599825356e-04
-3.7571805653802506e-04
-3.7308457209578446e-04
-3.7055700813372686e-04
-3.6798644294600301e-04
-3.6553599252872224e-04
-3.6313510689178432e-04
-3.6079609100996381e-04
-3.5855638640596197e-04
-3.5627692382466958e-04
-3.5407896139263593e-04
-3.5193361049050669e-04
-3.4982884503401086e-04
-3.4780551916059550e-04
-3.4578710930071557e-04
-3.4379382425739298e-04
-3.4186264748616604e-04
-3.3994877080159954e-04
-3.3810335385548915e-04
-3.3629536179521891e-04
-3.3448381114694123e-04
-3.3272076185424066e-04
-3.3097947750873309e-04
-3.2928296921485933e-04
-3.2764023656114115e-04
-3.2599882768511406e-04
-3.2437051254072572e-04
-3.2278593872797076e-04
-3.2121630392308519e-04
-3.1969401177189290e-04
-3.1820646384633539e-04
-3.1671108980273655e-04
-3.1524234340479324e-04
-3.1380362372825809e-04
-3.1238599244930295e-04
-3.1100784491735280e-04
-3.0965587853281278e-04
-3.0828446530177598e-04
-3.0694980765421959e-04
-3.0564144553931589e-04
-3.0435215716056080e-04
-3.0309673035061119e-04
-3.0185282875223716e-04
-3.0060169813030173e-04
-2.9938264233612293e-04
-2.9819209010568411e-04
-2.9701402685937373e-04
-2.9586570857696108e-04
-2.9471859431384398e-04
-2.9357552047041408e-04
-2.9245862847366970e-04
-2.9136901170421072e-04
-2.9029692882514099e-04
-2.8924090763929447e-04
-2.8818003656137342e-04
-2.8714218987453249e-04
-2.8611795496579168e-04
-2.8511861717841629e-04
-2.8414331016363809e-04
-2.8316831842318450e-04
-2.8219540934337111e-04
-2.8124602364246198e-04
-2.8031840915932577e-04
-2.7940338969947783e-04
-2.7851086274954790e-04
-2.7761572292157535e-04
-2.7673215015775349e-04
-2.7586459155924063e-04
-2.7501869062609887e-04
-2.7419394870862918e-04
-2.7338108472812014e-04
-2.7255996556190698e-04
-2.7175994535140290e-04
-2.7098062015695691e-04
-2.7021711033984859e-04
-2.6947098397642888e-04
-2.6873150199659037e-04
-2.6799763968050140e-04
-2.6728082860899034e-04
-2.6658069618308979e-04
-2.6590070310101861e-04
-2.6524061154856946e-04
-2.6457669911805417e-04
-2.6392350361227130e-04
-2.6329056312984252e-04
-2.6267771042420303e-04
-2.6208481025536491e-04
-2.6150326382238474e-04
-2.6091931228936264e-04
-2.6035582423039984e-04
-2.5981273274441923e-04
-2.5928998755120146e-04
-2.5878395960969244e-04
-2.5828286035066585e-04
-2.5779244367734200e-04
-2.5732308841311760e-04
-2.5687483484783863e-04
0.0000000000000000e+00
5.0320330296593108e-01
3.6295485309822773e-01
7.2925365311217348e+01
];
