%Vec Object:sol 1 MPI processes
%  type: mpi
sol = [
0.0000000000000000e+00
-1.6176367389796938e-02
-1.4541303482416192e-02
-1.2813271663629180e-02
-1.1291011576750543e-02
-3.4631436665406769e-03
-3.9002725470565188e-03
-3.8625570902251134e-03
-3.8251187978663773e-03
-3.7883230830400819e-03
-3.7525702397294531e-03
-3.7166042914912592e-03
-3.6812983009487372e-03
-3.6464583096249919e-03
-3.6119404587356720e-03
-3.5781533792736070e-03
-3.5440539594453787e-03
-3.5105151442898258e-03
-3.4775033796237745e-03
-3.4445267344058676e-03
-3.4118640324727503e-03
-3.3793486742393565e-03
-3.3470574166526066e-03
-3.3152674266607447e-03
-3.2834807103135225e-03
-3.2517533993253796e-03
-3.2204635487672190e-03
-3.1891579517299481e-03
-3.1582507427623504e-03
-3.1274672276317226e-03
-3.0965965788622499e-03
-3.0661021842784283e-03
-3.0358557967642055e-03
-3.0056977163644867e-03
-2.9756142265045344e-03
-2.9456964391720440e-03
-2.9158965649821915e-03
-2.8863986639967535e-03
-2.8570763336594625e-03
-2.8276133549202929e-03
-2.7984162997831234e-03
-2.7693927442392530e-03
-2.7404731427582733e-03
-2.7117982938210453e-03
-2.6830880305415000e-03
-2.6544264096081210e-03
-2.6259882505073186e-03
-2.5977373093798743e-03
-2.5695227105320515e-03
-2.5413784511784132e-03
-2.5133222344470951e-03
-2.4852970115419285e-03
-2.4574123336668944e-03
-2.4296684619199821e-03
-2.4019655473196747e-03
-2.3741341030516184e-03
-2.3464039285620232e-03
-2.3187365818484146e-03
-2.2910456136996790e-03
-2.2634265467282241e-03
-2.2358511620984558e-03
-2.2081601989347170e-03
-2.1805601277386207e-03
-2.1531193496598221e-03
-2.1258778955248500e-03
-2.0988274934739897e-03
-2.0721115239605687e-03
-2.0456569398663925e-03
-2.0196165862971811e-03
-1.9940208439397397e-03
-1.9689323472186437e-03
-1.9443423408677842e-03
-1.9202549248201030e-03
-1.8966630044609137e-03
-1.8735434147499823e-03
-1.8510063428079297e-03
-1.8290796391487484e-03
-1.8078209465658638e-03
-1.7872719099862983e-03
-1.7674554126920787e-03
-1.7484093597869605e-03
-1.7300808444834770e-03
-1.7125496811827364e-03
-1.6957837391101058e-03
-1.6797934702392446e-03
-1.6645352733090867e-03
-1.6499873133385932e-03
-1.6360976735786739e-03
-1.6227670754171552e-03
-1.6099938720986237e-03
-1.5977321255712122e-03
-1.5859050544936055e-03
-1.5744806383622336e-03
-1.5634224893619913e-03
-1.5526557745274528e-03
-1.5421781588018917e-03
-1.5319082912236747e-03
-1.5217735873403020e-03
-1.5118129784486361e-03
0.0000000000000000e+00
5.6355396127442048e-01
3.6153984872351624e-01
6.5540372906032175e+01
];
