%Vec Object:sol 1 MPI processes
%  type: mpi
sol = [
0.0000000000000000e+00
-3.5673800619296422e-04
-4.2329419045879907e-04
-4.1904903764942563e-04
-4.1487132920660347e-04
-4.1083318091844254e-04
-4.0682760358792385e-04
-4.0298341714685220e-04
-3.9919611152886936e-04
-3.9546622789277477e-04
-3.9187417318301243e-04
-3.8831056903039838e-04
-3.8487779897646501e-04
-3.8147137378248254e-04
-3.7813384370010474e-04
-3.7491059691786415e-04
-3.7173153128507185e-04
-3.6861763898199081e-04
-3.6557002032973400e-04
-3.6256245971559673e-04
-3.5965110726552454e-04
-3.5680086926437500e-04
-3.5396070610239726e-04
-3.5120585351669102e-04
-3.4849311246734388e-04
-3.4584708848927617e-04
-3.4326089448979242e-04
-3.4067608007277885e-04
-3.3816288952218614e-04
-3.3571283792438293e-04
-3.3329429213045431e-04
-3.3091471171406553e-04
-3.2857455678768761e-04
-3.2626987147345304e-04
-3.2402553399874521e-04
-3.2182658023124932e-04
-3.1962962369348541e-04
-3.1748437476706556e-04
-3.1538085640326669e-04
-3.1331196532328212e-04
-3.1129207812550624e-04
-3.0927855294469119e-04
-3.0729735882540623e-04
-3.0536366211648139e-04
-3.0346934811992281e-04
-3.0159881641758814e-04
-2.9974430355796100e-04
-2.9793064862501380e-04
-2.9614108627608804e-04
-2.9439326780414404e-04
-2.9268118605247387e-04
-2.9096699504204277e-04
-2.8929042619764140e-04
-2.8765246977316536e-04
-2.8604307375584240e-04
-2.8446175890123652e-04
-2.8289144352986020e-04
-2.8135510888690384e-04
-2.7984320164205028e-04
-2.7836713362814475e-04
-2.7692601950016048e-04
-2.7548483052797652e-04
-2.7407395242187997e-04
-2.7269756334296865e-04
-2.7135395081365535e-04
-2.7003400359226098e-04
-2.6872783291818474e-04
-2.6744990166465885e-04
-2.6620134048348752e-04
-2.6498020031297086e-04
-2.6379219071545569e-04
-2.6262382330714649e-04
-2.6147271364965061e-04
-2.6035109806242290e-04
-2.5926251226060569e-04
-2.5820670041394757e-04
-2.5717307640871922e-04
-2.5615280238123355e-04
-2.5516576844877370e-04
-2.5421182234940765e-04
-2.5328779104343523e-04
-2.5239348267024948e-04
-2.5151230571651597e-04
-2.5066327694912177e-04
-2.4984696446122846e-04
-2.4905954201273026e-04
-2.4830609453340547e-04
-2.4757476160421245e-04
-2.4686884780962195e-04
-2.4619433991646990e-04
-2.4555276071838462e-04
-2.4494613553930792e-04
-2.4437069592739578e-04
-2.4381449008003026e-04
-2.4329049431344988e-04
-2.4280195479222354e-04
-2.4234979745004086e-04
-2.4193426634396310e-04
-2.4153979904816659e-04
0.0000000000000000e+00
5.4832168018549965e-01
3.6280759926656098e-01
7.2099521562049645e+01
];
