%Vec Object:sol 1 MPI processes
%  type: mpi
sol = [
0.0000000000000000e+00
-1.5171057878069981e-02
-1.3468839882381694e-02
-1.1456654140291754e-02
-3.9961940804775654e-03
-3.9577675542366896e-03
-3.9178104420014058e-03
-3.8793622047755740e-03
-3.8416028607119409e-03
-3.8042365193915626e-03
-3.7680191166586394e-03
-3.7319516058621992e-03
-3.6970313556017403e-03
-3.6625209987975961e-03
-3.6283110967513686e-03
-3.5950665795697668e-03
-3.5620974703025024e-03
-3.5298222496354340e-03
-3.4978818469779010e-03
-3.4661691990440029e-03
-3.4352309532581548e-03
-3.4047241201342667e-03
-3.3743639239105952e-03
-3.3445175116088035e-03
-3.3149179997883499e-03
-3.2858052901437113e-03
-3.2572692939314965e-03
-3.2284902269962882e-03
-3.2002475019363460e-03
-3.1724611800268399e-03
-3.1448286345756521e-03
-3.1175921615428409e-03
-3.0904725111570528e-03
-3.0635509472228938e-03
-3.0370674445337723e-03
-3.0108812358904612e-03
-2.9847710820638997e-03
-2.9588823030396900e-03
-2.9332630849717711e-03
-2.9078488621773696e-03
-2.8827941306039159e-03
-2.8578684609610388e-03
-2.8329781611970907e-03
-2.8084245509604581e-03
-2.7841343790073430e-03
-2.7600052508028714e-03
-2.7361048720729894e-03
-2.7123169037271085e-03
-2.6886634483359135e-03
-2.6653107555053915e-03
-2.6422472611235879e-03
-2.6193141814592172e-03
-2.5964310991493330e-03
-2.5738346580395613e-03
-2.5514375288627662e-03
-2.5292628023733171e-03
-2.5073696332527291e-03
-2.4856086424446737e-03
-2.4639431260561570e-03
-2.4425666785397072e-03
-2.4214767751647897e-03
-2.4005979048537908e-03
-2.3799779592540743e-03
-2.3594758079153772e-03
-2.3392564114393115e-03
-2.3192579433330314e-03
-2.2995754584819910e-03
-2.2802128863190717e-03
-2.2611270165857006e-03
-2.2421772872933099e-03
-2.2235809091104568e-03
-2.2053477637003355e-03
-2.1874493164760595e-03
-2.1699137703534719e-03
-2.1527860824493068e-03
-2.1359398570590343e-03
-2.1195107585453110e-03
-2.1035373701650197e-03
-2.0880691900803084e-03
-2.0731303307481900e-03
-2.0587231144033988e-03
-2.0447743107196311e-03
-2.0314044412656886e-03
-2.0186748275750127e-03
-2.0066045833134908e-03
-1.9951862257216791e-03
-1.9844836392066763e-03
-1.9744864979447836e-03
-1.9651338717973461e-03
-1.9565181772076209e-03
-1.9486584179951910e-03
-1.9415727449700010e-03
-1.9352658702073014e-03
-1.9297385023764161e-03
-1.9248967025101539e-03
-1.9208031184917670e-03
-1.9174967860669104e-03
-1.9149728291039758e-03
-1.9132344867973585e-03
0.0000000000000000e+00
5.5786205301261615e-01
3.6217324094459363e-01
6.8698290566223477e+01
];
