%Vec Object:sol 1 MPI processes
%  type: mpi
sol = [
0.0000000000000000e+00
-1.6694750685922449e-02
-1.5103307924894380e-02
-1.3350362933396432e-02
-1.1761165744301631e-02
-1.0488153823276534e-02
-3.4845471010418504e-03
-3.8731632036038848e-03
-3.8349808219487187e-03
-3.7973917857787457e-03
-3.7608246113025271e-03
-3.7240638637544886e-03
-3.6878927744109181e-03
-3.6521530693699122e-03
-3.6166969310775744e-03
-3.5819479690969835e-03
-3.5468357445738946e-03
-3.5122381532749877e-03
-3.4781181433542773e-03
-3.4439772386825273e-03
-3.4100856938100183e-03
-3.3763009474772330e-03
-3.3426770696608609e-03
-3.3094901097172127e-03
-3.2761994188310632e-03
-3.2429466698475915e-03
-3.2100593514837921e-03
-3.1770806279440445e-03
-3.1444241127809225e-03
-3.1117623705615590e-03
-3.0789951342612412e-03
-3.0465228257582277e-03
-3.0142156508604161e-03
-2.9818836243401476e-03
-2.9495445255985657e-03
-2.9173241168765425e-03
-2.8851334690234466e-03
-2.8531535553823271e-03
-2.8211966578868962e-03
-2.7890648228299534e-03
-2.7571033381348030e-03
-2.7251968524620858e-03
-2.6932570363193240e-03
-2.6613584765326839e-03
-2.6292301429386806e-03
-2.5969031686410115e-03
-2.5644249977454844e-03
-2.5316351126694081e-03
-2.4982269279204819e-03
-2.4640035014592875e-03
-2.4288783309863622e-03
-2.3925551183894924e-03
-2.3550071188295314e-03
-2.3162060375766895e-03
-2.2761521433876035e-03
-2.2349952833016040e-03
-2.1932782777905092e-03
-2.1513715278460802e-03
-2.1095931853109830e-03
-2.0684321032843535e-03
-2.0282451089162130e-03
-1.9893667549110159e-03
-1.9522941350423846e-03
-1.9173712999825347e-03
-1.8848721056761992e-03
-1.8549124836901513e-03
-1.8275301690711522e-03
-1.8025936781146297e-03
-1.7798747733740587e-03
-1.7588008591160034e-03
-1.7395993965859547e-03
-1.7219537516439517e-03
-1.7058015324593642e-03
-1.6908969717312173e-03
-1.6769353897686987e-03
-1.6638159470770868e-03
-1.6514195130710380e-03
-1.6395841001729729e-03
-1.6281584259530330e-03
-1.6170696837873246e-03
-1.6062944469904705e-03
-1.5956936704441961e-03
-1.5851857584421062e-03
-1.5746839064870505e-03
-1.5641896498634297e-03
-1.5536559295751746e-03
-1.5429895146273482e-03
-1.5321362329928146e-03
-1.5210408105398492e-03
-1.5097711548215779e-03
-1.4982117930213393e-03
-1.4862433770117809e-03
-1.4738402189893418e-03
-1.4609784527631479e-03
-1.4475328648998679e-03
-1.4334440458839116e-03
-1.4185828123737805e-03
-1.4027606911237779e-03
-1.3859026278168500e-03
0.0000000000000000e+00
5.6648919112283480e-01
3.6099511194292838e-01
6.2999684169846581e+01
];
