%Vec Object:sol 1 MPI processes
%  type: mpi
sol = [
0.0000000000000000e+00
-3.3362547312543920e-03
-3.3146737564134507e-03
-3.2935218295111405e-03
-3.2729506599015580e-03
-3.2533131825676766e-03
-3.2336055954983746e-03
-3.2143557926882951e-03
-3.1954681959577755e-03
-3.1770496183484713e-03
-3.1594234813232479e-03
-3.1417755639351935e-03
-3.1248810622217299e-03
-3.1083091066593863e-03
-3.0915889961308650e-03
-3.0755215402052212e-03
-3.0595785109613829e-03
-3.0441350981530650e-03
-3.0291734872422964e-03
-3.0143100837119177e-03
-2.9999438096951518e-03
-2.9854350366345182e-03
-2.9711824173021734e-03
-2.9574117232807283e-03
-2.9437864879010137e-03
-2.9305068095419723e-03
-2.9176525958356445e-03
-2.9048441426822598e-03
-2.8920094972904489e-03
-2.8795181381249600e-03
-2.8671216385544622e-03
-2.8551023061315489e-03
-2.8433524400878801e-03
-2.8317349366723545e-03
-2.8204572318241724e-03
-2.8090405969241521e-03
-2.7977434939947411e-03
-2.7867630545866315e-03
-2.7759894970802563e-03
-2.7653680544335942e-03
-2.7550360967274284e-03
-2.7449022599157222e-03
-2.7346115066970707e-03
-2.7245159322164957e-03
-2.7146300916099774e-03
-2.7048618571757456e-03
-2.6953472463963650e-03
-2.6860561481139716e-03
-2.6768491376125635e-03
-2.6676487079888892e-03
-2.6585615660881705e-03
-2.6495671268046963e-03
-2.6407801362690947e-03
-2.6322111392443372e-03
-2.6237753740378450e-03
-2.6154917557400740e-03
-2.6072399637549299e-03
-2.5990185025256355e-03
-2.5908986059737810e-03
-2.5829803475292193e-03
-2.5752568656542958e-03
-2.5676486159231697e-03
-2.5601970748886926e-03
-2.5528042760574019e-03
-2.5454077957571264e-03
-2.5381084056325235e-03
-2.5309941211484510e-03
-2.5240600690655040e-03
-2.5172679655267806e-03
-2.5106000749971821e-03
-2.5040157221750542e-03
-2.4974065771997006e-03
-2.4909272772423311e-03
-2.4845891087114337e-03
-2.4784232984396398e-03
-2.4724269323274082e-03
-2.4665573142824745e-03
-2.4607633044572141e-03
-2.4549287665926538e-03
-2.4492638601859278e-03
-2.4437388875673469e-03
-2.4383510562028558e-03
-2.4331317169349323e-03
-2.4280794057878145e-03
-2.4231335890638824e-03
-2.4181001475259874e-03
-2.4132383832776143e-03
-2.4085473429536911e-03
-2.4040263527216558e-03
-2.3996469762830957e-03
-2.3954221621101317e-03
-2.3913198396177328e-03
-2.3871892746410578e-03
-2.3832348664705075e-03
-2.3794246432137425e-03
-2.3757872314971980e-03
-2.3723298947741890e-03
-2.3690534736043444e-03
-2.3658968782314196e-03
0.0000000000000000e+00
4.6395285456364554e-01
3.6295486983223779e-01
7.2925299968229737e+01
];
