%Vec Object:sol 1 MPI processes
%  type: mpi
sol = [
0.0000000000000000e+00
-3.3800929647522659e-04
-3.3581839253603779e-04
-3.3367127345899819e-04
-3.3154399504406885e-04
-3.2949443339975256e-04
-3.2744556835495006e-04
-3.2549423995226656e-04
-3.2357980366316466e-04
-3.2171310089393703e-04
-3.1992692452591221e-04
-3.1809154110133095e-04
-3.1632828163244268e-04
-3.1460578422994045e-04
-3.1291374918194581e-04
-3.1128798337732297e-04
-3.0967487189933779e-04
-3.0811035774604725e-04
-3.0654861531009955e-04
-3.0499798433031332e-04
-3.0350330467637066e-04
-3.0203766587457299e-04
-3.0059798303639740e-04
-2.9920715084188088e-04
-2.9782437731646364e-04
-2.9643881240963609e-04
-2.9509735898640345e-04
-2.9376216364641807e-04
-2.9246785516966439e-04
-2.9120827311956949e-04
-2.8995822933052895e-04
-2.8873718114100233e-04
-2.8751137177240096e-04
-2.8629979789023392e-04
-2.8512345870525171e-04
-2.8397053880765467e-04
-2.8283325258433254e-04
-2.8172794442068582e-04
-2.8063301590709858e-04
-2.7952559152973760e-04
-2.7844819635722696e-04
-2.7739154841773461e-04
-2.7634933961125091e-04
-2.7533475064285746e-04
-2.7434127117369862e-04
-2.7334841937128756e-04
-2.7235654686882585e-04
-2.7138791011330606e-04
-2.7042837004014687e-04
-2.6949331262892122e-04
-2.6858159987155444e-04
-2.6767912143817603e-04
-2.6678590916238856e-04
-2.6589272654076841e-04
-2.6501354664868430e-04
-2.6415027004778957e-04
-2.6330832620038161e-04
-2.6248481974823555e-04
-2.6167142906072461e-04
-2.6086621577156734e-04
-2.6006113502592226e-04
-2.5926815752298532e-04
-2.5849146867661067e-04
-2.5773406884084044e-04
-2.5699446405951317e-04
-2.5626450957096092e-04
-2.5554030777251804e-04
-2.5481725720499445e-04
-2.5410894554422344e-04
-2.5341356665166078e-04
-2.5273623367115018e-04
-2.5207656046117189e-04
-2.5142984122205448e-04
-2.5078323738390369e-04
-2.5013970622078582e-04
-2.4951363494201664e-04
-2.4890069301652940e-04
-2.4830233324664973e-04
-2.4772116324722488e-04
-2.4715696260834102e-04
-2.4659096482391437e-04
-2.4602761729963161e-04
-2.4548157733253614e-04
-2.4495268615994147e-04
-2.4444000689821747e-04
-2.4393989226997750e-04
-2.4345694910547056e-04
-2.4297276096284484e-04
-2.4249829176468119e-04
-2.4203836285319015e-04
-2.4159427564636373e-04
-2.4116780483900724e-04
-2.4075894674363172e-04
-2.4036770280184294e-04
-2.3996901362153040e-04
-2.3958484255320767e-04
-2.3921905734505437e-04
-2.3887173320275389e-04
-2.3854295790983292e-04
0.0000000000000000e+00
4.6770681634936268e-01
3.6295485309822773e-01
7.2925365311217348e+01
];
