%Vec Object:sol 1 MPI processes
%  type: mpi
sol = [
0.0000000000000000e+00
-6.1698198319291241e-09
-6.6972521930908173e-09
-6.8727573735573157e-09
-6.9934046883882016e-09
-7.0664100283382989e-09
-7.0882187553479606e-09
-7.1089988528545670e-09
-7.1126065896447278e-09
-7.1093913179070590e-09
-7.1036929945691647e-09
-7.1469653318679073e-09
-2.3906439446342006e-04
-1.0687745426934099e-02
-8.9265926111087024e-03
-7.1216833777837324e-03
-5.6120961053657912e-03
-4.2896911097219399e-03
-3.3659898264185510e-03
-2.7066346733052222e-03
-2.3478315157787998e-03
-2.1722741043207496e-03
-2.1363178075953755e-03
-2.1732744488615783e-03
-2.2440047903706131e-03
-2.3240394966968295e-03
-2.3974054744135046e-03
-2.4567236792107420e-03
-2.5022415268582628e-03
-2.5307056738341645e-03
-2.5476948401436600e-03
-2.5522222840347552e-03
-2.5484079394233281e-03
-2.5374291598817674e-03
-2.5208904823426316e-03
-2.5004794637024834e-03
-2.4767876882950089e-03
-2.4511004891100193e-03
-2.4236799793612854e-03
-2.3950456476423197e-03
-2.3659510094249272e-03
-2.3362791816766404e-03
-2.3058334909917830e-03
-2.2758328484247443e-03
-2.2459941618220721e-03
-2.2151098590908660e-03
-2.1850658544502921e-03
-2.1553658933891086e-03
-2.1257346209978597e-03
-2.0954112082907542e-03
-2.0661274700843335e-03
-2.0370008528275726e-03
-2.0081904326701987e-03
-1.9792307536585195e-03
-1.9501847505456675e-03
-1.9220336163403530e-03
-1.8939948657554261e-03
-1.8659674668046074e-03
-1.8383359641682771e-03
-1.8106718759553207e-03
-1.7829627009257483e-03
-1.7558845412951165e-03
-1.7290654827440720e-03
-1.7022964823509797e-03
-1.6755585375274177e-03
-1.6492066830823069e-03
-1.6230274629414503e-03
-1.5967811039269083e-03
-1.5707591731862047e-03
-1.5450178043948154e-03
-1.5192160607994697e-03
-1.4934837353991974e-03
-1.4680523516327970e-03
-1.4428395798465686e-03
-1.4176004251835442e-03
-1.3923652437597088e-03
-1.3673355289092240e-03
-1.3424511316532093e-03
-1.3175466618081076e-03
-1.2925100127690276e-03
-1.2676822705001126e-03
-1.2429995093001045e-03
-1.2183176052975617e-03
-1.1935599826757891e-03
-1.1688667504013281e-03
-1.1442495126239584e-03
-1.1196309578369794e-03
-1.0949816380299293e-03
-1.0702180824739803e-03
-1.0453898973012880e-03
-1.0203757591982397e-03
-9.9555107745851325e-04
-9.7065929669133775e-04
-9.4572630783713776e-04
-9.2065058524100156e-04
-8.9513108743988776e-04
-8.6964910730082936e-04
-8.4419848911400006e-04
-8.1864111554609575e-04
0.0000000000000000e+00
8.1735216144868750e-01
2.8066242545703557e-01
6.0114128551760313e+00
];
