%Vec Object:sol 1 MPI processes
%  type: mpi
sol = [
0.0000000000000000e+00
-4.2677509886619091e-03
-4.2282968759653223e-03
-4.1896981325300429e-03
-4.1517169674340675e-03
-4.1150229935082916e-03
-4.0785798015711321e-03
-4.0436624695378304e-03
-4.0092957722815160e-03
-3.9753160539032018e-03
-3.9426199045834685e-03
-3.9101143298061573e-03
-3.8788205358793746e-03
-3.8477841005113305e-03
-3.8172232001608308e-03
-3.7877121748306187e-03
-3.7585498333632277e-03
-3.7300737382792264e-03
-3.7020190568124627e-03
-3.6742771225156384e-03
-3.6474151739392417e-03
-3.6210826065220590e-03
-3.5948935774536691e-03
-3.5693323745813500e-03
-3.5441179806897931e-03
-3.5195020837275178e-03
-3.4955603169841607e-03
-3.4713953887312598e-03
-3.4478885596323661e-03
-3.4249571524346606e-03
-3.4022836166629970e-03
-3.3800748783848408e-03
-3.3580577826629243e-03
-3.3363475063770570e-03
-3.3151996088966683e-03
-3.2944647377963271e-03
-3.2738151526526594e-03
-3.2535144348289102e-03
-3.2335973472805281e-03
-3.2139937614683745e-03
-3.1948700489279080e-03
-3.1758293307197968e-03
-3.1569905061690248e-03
-3.1386049005034814e-03
-3.1205913642704587e-03
-3.1028359021140089e-03
-3.0851950221672669e-03
-3.0679016917684941e-03
-3.0508298646755067e-03
-3.0341614713661064e-03
-3.0178810366940896e-03
-3.0015085266693730e-03
-2.9854820968683552e-03
-2.9698307229063226e-03
-2.9544517428639881e-03
-2.9393667123352217e-03
-2.9243394475966544e-03
-2.9096304588804227e-03
-2.8951524732060692e-03
-2.8810229475343496e-03
-2.8672326858007295e-03
-2.8534136980802711e-03
-2.8398758123637821e-03
-2.8266719306866196e-03
-2.8137839993954620e-03
-2.8011175427645157e-03
-2.7885365321453867e-03
-2.7762408827596797e-03
-2.7642240945523599e-03
-2.7524653009633371e-03
-2.7410227849838987e-03
-2.7296955610473443e-03
-2.7185645863759731e-03
-2.7077099179747123e-03
-2.6971672394070006e-03
-2.6869329293600593e-03
-2.6768083534206293e-03
-2.6668628266201676e-03
-2.6572276758676907e-03
-2.6479002496282602e-03
-2.6388465637512178e-03
-2.6299633616734246e-03
-2.6212504623052088e-03
-2.6128468016544419e-03
-2.6047417902038683e-03
-2.5968945625010000e-03
-2.5893064414424785e-03
-2.5818494319122228e-03
-2.5747042007581637e-03
-2.5678385249674777e-03
-2.5612670122514033e-03
-2.5550077744494414e-03
-2.5488437062931623e-03
-2.5429973007693499e-03
-2.5374324897750843e-03
-2.5321814365136352e-03
-2.5272521674513035e-03
-2.5224742779885235e-03
-2.5179788082597423e-03
0.0000000000000000e+00
5.3977162290952629e-01
3.6295486983223779e-01
7.2925299968229737e+01
];
