%Vec Object:sol 1 MPI processes
%  type: mpi
sol = [
0.0000000000000000e+00
-3.6721960508233727e-04
-3.6462674772823811e-04
-3.6208847184504675e-04
-3.5962164712818298e-04
-3.5726551292466081e-04
-3.5491403827654601e-04
-3.5262299260832629e-04
-3.5036938528226909e-04
-3.4817335547397931e-04
-3.4607081609044682e-04
-3.4397043807637078e-04
-3.4195746395441508e-04
-3.3993909000997212e-04
-3.3795821961398077e-04
-3.3605413713187342e-04
-3.3416770654140200e-04
-3.3234065246561271e-04
-3.3056392622324228e-04
-3.2875806791894847e-04
-3.2701687188432680e-04
-3.2531064324554861e-04
-3.2363589975002043e-04
-3.2201759109546388e-04
-3.2040835307309593e-04
-3.1880334127608529e-04
-3.1724920813620063e-04
-3.1570443112867230e-04
-3.1420680428431274e-04
-3.1274946273482016e-04
-3.1129372727848757e-04
-3.0984944259008200e-04
-3.0843798411064644e-04
-3.0704408115520384e-04
-3.0569056794654549e-04
-3.0436446148598962e-04
-3.0304606547877893e-04
-3.0173475159553544e-04
-3.0044874102045380e-04
-2.9918190863787141e-04
-2.9794931844659000e-04
-2.9674079376784744e-04
-2.9553891771419134e-04
-2.9434082584548356e-04
-2.9316784986773884e-04
-2.9200977653922851e-04
-2.9088150744515523e-04
-2.8977964476234556e-04
-2.8867932898133893e-04
-2.8758022360815723e-04
-2.8650825812696928e-04
-2.8544805961659388e-04
-2.8441217766257411e-04
-2.8340170173650551e-04
-2.8239902319601072e-04
-2.8138873496428549e-04
-2.8040305626635988e-04
-2.7943878864253134e-04
-2.7848687293543085e-04
-2.7755822677248823e-04
-2.7664501601084424e-04
-2.7572040692862624e-04
-2.7481464343744884e-04
-2.7393091775559957e-04
-2.7306756322638512e-04
-2.7221573669833002e-04
-2.7137907582119181e-04
-2.7053837855810491e-04
-2.6971457798831639e-04
-2.6890568746557465e-04
-2.6811718246625674e-04
-2.6734860206230647e-04
-2.6658971561976594e-04
-2.6582288853227275e-04
-2.6507598273158603e-04
-2.6434862678454183e-04
-2.6363611773434499e-04
-2.6293998771325500e-04
-2.6225837081128285e-04
-2.6157250262613018e-04
-2.6090274451657136e-04
-2.6024875048860424e-04
-2.5961388747368353e-04
-2.5899795013664223e-04
-2.5839528118297216e-04
-2.5778454955181649e-04
-2.5719312697652398e-04
-2.5662086619997209e-04
-2.5606765114999163e-04
-2.5553035380443921e-04
-2.5500518763904063e-04
-2.5447874264504993e-04
-2.5397183835136915e-04
-2.5348444051667332e-04
-2.5301304429168025e-04
-2.5256071791048245e-04
-2.5212183605077799e-04
-2.5168449535343992e-04
-2.5126746932278637e-04
0.0000000000000000e+00
4.9207866944880485e-01
3.6295485309822773e-01
7.2925365311217348e+01
];
