%Vec Object:sol 1 MPI processes
%  type: mpi
sol = [
0.0000000000000000e+00
-3.8612758390770452e-04
-3.8331306935211951e-04
-3.8052913654202617e-04
-3.7778953771631544e-04
-3.7517163597821903e-04
-3.7256244601803441e-04
-3.7007541180782909e-04
-3.6762821193335129e-04
-3.6519509910920610e-04
-3.6286453355009025e-04
-3.6053941595457514e-04
-3.5831149536430756e-04
-3.5613702345720132e-04
-3.5395700182030569e-04
-3.5185218578208833e-04
-3.4976871405124053e-04
-3.4775071528654296e-04
-3.4579571201261687e-04
-3.4383418522024003e-04
-3.4191518478111856e-04
-3.4003540712180315e-04
-3.3819110243102037e-04
-3.3640855759835275e-04
-3.3464558719464068e-04
-3.3288238642467367e-04
-3.3117482589025164e-04
-3.2947897694521490e-04
-3.2783469463520780e-04
-3.2623464363118129e-04
-3.2462224945082284e-04
-3.2304075875248665e-04
-3.2149543821966816e-04
-3.1997013611666003e-04
-3.1848887123030444e-04
-3.1703209006373508e-04
-3.1556029639211408e-04
-3.1412936155673444e-04
-3.1272634274337983e-04
-3.1134475248468277e-04
-3.1000040250063677e-04
-3.0865675820874154e-04
-3.0731888577030032e-04
-3.0601605173749124e-04
-3.0474066729838253e-04
-3.0348196145662377e-04
-3.0225033219386796e-04
-3.0101530462021736e-04
-2.9979359140223737e-04
-2.9860264307621887e-04
-2.9744104067208507e-04
-2.9629261322678253e-04
-2.9514853539971356e-04
-2.9401887631830471e-04
-2.9290754949636043e-04
-2.9181663841605182e-04
-2.9075222176519656e-04
-2.8970800950252600e-04
-2.8864680242785315e-04
-2.8761131698041333e-04
-2.8660065906926013e-04
-2.8560560986564158e-04
-2.8463084723304318e-04
-2.8366214637832164e-04
-2.8270124569320201e-04
-2.8175355261256133e-04
-2.8082906449390573e-04
-2.7992713677943757e-04
-2.7904317199525070e-04
-2.7814498795728041e-04
-2.7726912973971492e-04
-2.7641508001391988e-04
-2.7557745731842607e-04
-2.7475748938400536e-04
-2.7394519213800044e-04
-2.7313830031333933e-04
-2.7234777596347884e-04
-2.7157519651410292e-04
-2.7082343166084482e-04
-2.7009220122091909e-04
-2.6935219014777583e-04
-2.6862722184189090e-04
-2.6792294988176632e-04
-2.6723913015385661e-04
-2.6657464804894155e-04
-2.6591487369974402e-04
-2.6525932012071303e-04
-2.6462436743002941e-04
-2.6400986937704090e-04
-2.6341254039447193e-04
-2.6283377211145016e-04
-2.6225298671025900e-04
-2.6168969504472502e-04
-2.6114722188614529e-04
-2.6062189338486890e-04
-2.6011688492248399e-04
-2.5962369546093998e-04
-2.5913608826732821e-04
-2.5867002628576985e-04
0.0000000000000000e+00
5.0701327899984361e-01
3.6295485309822773e-01
7.2925365311217348e+01
];
