%Vec Object:sol 1 MPI processes
%  type: mpi
sol = [
0.0000000000000000e+00
-4.1606503308213552e-04
-4.1265085933833695e-04
-4.0930974011528298e-04
-4.0606108738249890e-04
-4.0290584547901276e-04
-3.9974329157027290e-04
-3.9672021831042511e-04
-3.9375773170968395e-04
-3.9086666389878753e-04
-3.8803220079446695e-04
-3.8520855835298191e-04
-3.8249561754634463e-04
-3.7984538815907912e-04
-3.7722325725072034e-04
-3.7466001074899134e-04
-3.7212408628289634e-04
-3.6966326165316897e-04
-3.6727461668307397e-04
-3.6487424330040934e-04
-3.6253504005730116e-04
-3.6024186655596053e-04
-3.5799057564916671e-04
-3.5580930027750881e-04
-3.5361154811917606e-04
-3.5146118420666019e-04
-3.4937398735574479e-04
-3.4730261636778512e-04
-3.4528647113933700e-04
-3.4327806905772208e-04
-3.4129012270204574e-04
-3.3935774856548448e-04
-3.3746713515751673e-04
-3.3559110567148165e-04
-3.3373179774660508e-04
-3.3190892474246870e-04
-3.3011276626058507e-04
-3.2836312436423145e-04
-3.2663216761917655e-04
-3.2490048282843374e-04
-3.2321237639751946e-04
-3.2155634585545655e-04
-3.1992459874920584e-04
-3.1831672054612333e-04
-3.1671912462924369e-04
-3.1514313514354174e-04
-3.1360526430903891e-04
-3.1210164947970430e-04
-3.1059810503180848e-04
-3.0911129599215325e-04
-3.0765940414204069e-04
-3.0622537686711464e-04
-3.0482306112235844e-04
-3.0343695439235413e-04
-3.0205609447078453e-04
-3.0070074582336562e-04
-2.9937728495767500e-04
-2.9808215880684140e-04
-2.9679006418708269e-04
-2.9551152682828763e-04
-2.9426315766803131e-04
-2.9303532610591243e-04
-2.9183294065380393e-04
-2.9064615276957231e-04
-2.8946925374573671e-04
-2.8831047341931017e-04
-2.8718025252260802e-04
-2.8607793435375667e-04
-2.8498808138067571e-04
-2.8390108117329528e-04
-2.8284179893287291e-04
-2.8180971733299801e-04
-2.8079927317237592e-04
-2.7980380098856721e-04
-2.7881506718896573e-04
-2.7785309805058902e-04
-2.7691279853843121e-04
-2.7599583076209872e-04
-2.7510024841240069e-04
-2.7420895450356832e-04
-2.7334068374414530e-04
-2.7249506868303532e-04
-2.7167573817243846e-04
-2.7088060720738283e-04
-2.7008661956458448e-04
-2.6931380859538241e-04
-2.6856745256648406e-04
-2.6784739273335494e-04
-2.6715368977203935e-04
-2.6645867453935104e-04
-2.6578743464173322e-04
-2.6514290103498079e-04
-2.6452500627317907e-04
-2.6393367004257470e-04
-2.6334503687862413e-04
-2.6277895956231895e-04
-2.6224016290908483e-04
-2.6172867598351230e-04
-2.6124454427013845e-04
0.0000000000000000e+00
5.2974202548932525e-01
3.6295485309822773e-01
7.2925365311217348e+01
];
