%Vec Object:sol 1 MPI processes
%  type: mpi
sol = [
0.0000000000000000e+00
-4.1087403336659035e-03
-4.0761877650718325e-03
-4.0437554275097745e-03
-4.0122350743316930e-03
-3.9820714826356036e-03
-3.9520424162774615e-03
-3.9230842956088858e-03
-3.8943668771685598e-03
-3.8663815448361548e-03
-3.8395341875962887e-03
-3.8127782518794138e-03
-3.7866879247339868e-03
-3.7610356847722934e-03
-3.7358718295658110e-03
-3.7116389587041479e-03
-3.6876620715573464e-03
-3.6639213007175165e-03
-3.6408373670455338e-03
-3.6179803604953049e-03
-3.5959040293034291e-03
-3.5742423687363089e-03
-3.5524996681625758e-03
-3.5314517563215350e-03
-3.5106730718816887e-03
-3.4904115614609113e-03
-3.4706800647618754e-03
-3.4507000710863492e-03
-3.4313008278384848e-03
-3.4124030246437710e-03
-3.3936955898333956e-03
-3.3754116354195347e-03
-3.3571991722454301e-03
-3.3392283925772750e-03
-3.3217532467788267e-03
-3.3046272124167054e-03
-3.2876247527689959e-03
-3.2707826850929328e-03
-3.2542632282093688e-03
-3.2379974221508549e-03
-3.2221517920014930e-03
-3.2064828044634590e-03
-3.1907779826555668e-03
-3.1754689219517427e-03
-3.1604751675522358e-03
-3.1456830283448480e-03
-3.1311380000122848e-03
-3.1166674635879164e-03
-3.1023626220505252e-03
-3.0884066968743518e-03
-3.0747844768140892e-03
-3.0612260250056740e-03
-3.0477173427716914e-03
-3.0345299413337429e-03
-3.0215601584478551e-03
-3.0088297939103014e-03
-2.9963272097719546e-03
-2.9838331847971333e-03
-2.9715146087674286e-03
-2.9594906750238467e-03
-2.9477519777491136e-03
-2.9361563033782974e-03
-2.9245266502192606e-03
-2.9131765202671770e-03
-2.9020872827590131e-03
-2.8911621673431993e-03
-2.8804915802200406e-03
-2.8697934211337575e-03
-2.8593171087304718e-03
-2.8490408376972550e-03
-2.8390239132495567e-03
-2.8292610370519141e-03
-2.8194251444280342e-03
-2.8097864082335566e-03
-2.8004009547842137e-03
-2.7912645213011801e-03
-2.7823259351857934e-03
-2.7733767122479773e-03
-2.7646228618782086e-03
-2.7561153473702206e-03
-2.7478185099183870e-03
-2.7397285055413998e-03
-2.7317010823685530e-03
-2.7238313351443427e-03
-2.7161957849188420e-03
-2.7087515369872538e-03
-2.7015513631621500e-03
-2.6944548050881656e-03
-2.6874835243775306e-03
-2.6807238662535245e-03
-2.6741902948487690e-03
-2.6679026586928201e-03
-2.6617595774920274e-03
-2.6557155429575313e-03
-2.6498825219865652e-03
-2.6442931948495491e-03
-2.6389552515161479e-03
-2.6338016596944244e-03
-2.6287279314246960e-03
0.0000000000000000e+00
5.2583127888621795e-01
3.6295486983223779e-01
7.2925299968229737e+01
];
