%Vec Object:sol 1 MPI processes
%  type: mpi
sol = [
0.0000000000000000e+00
-3.5812000681964887e-04
-3.5566149892995145e-04
-3.5325383781881366e-04
-3.5091344694346662e-04
-3.4867661344795191e-04
-3.4638545457270147e-04
-3.4420218903101561e-04
-3.4206163116209346e-04
-3.3997529905751514e-04
-3.3797814631124546e-04
-3.3598157244973920e-04
-3.3401936648966703e-04
-3.3209927171099613e-04
-3.3021432491932436e-04
-3.2840266112845812e-04
-3.2660688611123128e-04
-3.2486758691268605e-04
-3.2314422032404436e-04
-3.2142289660875130e-04
-3.1976333738265055e-04
-3.1813672935330069e-04
-3.1653972182150292e-04
-3.1499662934968348e-04
-3.1344465335649512e-04
-3.1191219518839910e-04
-3.1042836870326824e-04
-3.0895280581154621e-04
-3.0752231632051857e-04
-3.0613026238286429e-04
-3.0473535231437357e-04
-3.0335397094968829e-04
-3.0200385671637218e-04
-3.0067016449226492e-04
-2.9937515987816138e-04
-2.9810622929693059e-04
-2.9685197620960940e-04
-2.9559562374793319e-04
-2.9436337067187277e-04
-2.9314926761006484e-04
-2.9196801731277137e-04
-2.9080972538944106e-04
-2.8966766999380861e-04
-2.8852533554207951e-04
-2.8739947318707896e-04
-2.8628771434220380e-04
-2.8520460726353606e-04
-2.8414685858078046e-04
-2.8309946417049044e-04
-2.8206018241930898e-04
-2.8102962737528141e-04
-2.8001021835298096e-04
-2.7901421245681685e-04
-2.7804268864526580e-04
-2.7708652239994894e-04
-2.7613999329696172e-04
-2.7519091234728520e-04
-2.7426247831024167e-04
-2.7334585858674053e-04
-2.7245172457493905e-04
-2.7157930246462727e-04
-2.7072016460179932e-04
-2.6984856820694151e-04
-2.6899644052120195e-04
-2.6816403572891282e-04
-2.6734272158321533e-04
-2.6654186630851448e-04
-2.6576091303011552e-04
-2.6497606237932419e-04
-2.6419503294514992e-04
-2.6343379795469991e-04
-2.6269191528836258e-04
-2.6196439255428568e-04
-2.6125240894087477e-04
-2.6054846155249082e-04
-2.5984540966124604e-04
-2.5915679721552105e-04
-2.5848412865238574e-04
-2.5783012206453553e-04
-2.5719451730544851e-04
-2.5657096190000585e-04
-2.5593823854733752e-04
-2.5532420294028868e-04
-2.5472866223621142e-04
-2.5415060598445811e-04
-2.5358617595655812e-04
-2.5304019175193681e-04
-2.5248945231307073e-04
-2.5195410571233578e-04
-2.5143436510033568e-04
-2.5093157319527567e-04
-2.5044756755526840e-04
-2.4998231773361166e-04
-2.4951891340693234e-04
-2.4906274400729011e-04
-2.4862530633487358e-04
-2.4820733766152642e-04
-2.4780889390155507e-04
-2.4743004431962125e-04
0.0000000000000000e+00
4.8465699800552781e-01
3.6295485309822773e-01
7.2925365311217348e+01
];
