%Vec Object:sol 1 MPI processes
%  type: mpi
sol = [
0.0000000000000000e+00
-4.0606990838225245e-04
-4.0290281721190162e-04
-3.9980457792396066e-04
-3.9678282339493430e-04
-3.9383862911404567e-04
-3.9090763673285401e-04
-3.8811037028463482e-04
-3.8537034005829647e-04
-3.8267948077604064e-04
-3.8005999304769689e-04
-3.7744953098588045e-04
-3.7494533815049123e-04
-3.7250080803505738e-04
-3.7007599573707904e-04
-3.6771253018512531e-04
-3.6537438106489081e-04
-3.6310817727146591e-04
-3.6091114353539868e-04
-3.5870564801181420e-04
-3.5655333833506332e-04
-3.5444478010783443e-04
-3.5237594792192828e-04
-3.5037448933443243e-04
-3.4836862962366543e-04
-3.4639377693208146e-04
-3.4447958995423723e-04
-3.4257971910252213e-04
-3.4073609233024481e-04
-3.3891258260027892e-04
-3.3708948927762254e-04
-3.3531971823964608e-04
-3.3358973425240992e-04
-3.3188252699993407e-04
-3.3019760837358313e-04
-3.2852899548969092e-04
-3.2688538191069790e-04
-3.2528625074405848e-04
-3.2371798533915039e-04
-3.2215161653676637e-04
-3.2060758507886225e-04
-3.1909379811409353e-04
-3.1760255735930525e-04
-3.1614948608016359e-04
-3.1470861365655750e-04
-3.1326649106607813e-04
-3.1186051331984324e-04
-3.1048685199028448e-04
-3.0912854159718489e-04
-3.0779034013920321e-04
-3.0646147207617368e-04
-3.0514861665853065e-04
-3.0386545965133599e-04
-3.0261312046740870e-04
-3.0137265026875827e-04
-3.0012914680129459e-04
-2.9891542549182192e-04
-2.9772793594909683e-04
-2.9655675520806130e-04
-2.9541002698608830e-04
-2.9426152728819844e-04
-2.9313140327101703e-04
-2.9202450436064206e-04
-2.9094426617046475e-04
-2.8988897960167373e-04
-2.8881842466828658e-04
-2.8777298886223954e-04
-2.8675307642116198e-04
-2.8575404640927929e-04
-2.8477372743789800e-04
-2.8379412816325402e-04
-2.8283308681876926e-04
-2.8189114964207156e-04
-2.8096957880055783e-04
-2.8007197676659513e-04
-2.7918002880373616e-04
-2.7829618468815825e-04
-2.7743296955910963e-04
-2.7659333833220936e-04
-2.7577695527690980e-04
-2.7496802007661805e-04
-2.7416347667675987e-04
-2.7338236021440346e-04
-2.7262441237060247e-04
-2.7188847563941915e-04
-2.7116326143309923e-04
-2.7044185196703604e-04
-2.6974373332166643e-04
-2.6906874707659397e-04
-2.6841349862771123e-04
-2.6777721069035825e-04
-2.6714097032279045e-04
-2.6652826431066372e-04
-2.6593902477177825e-04
-2.6536946085841193e-04
-2.6482284228271976e-04
-2.6427723091585392e-04
-2.6375371211443424e-04
-2.6325435595803311e-04
0.0000000000000000e+00
5.2226243338567779e-01
3.6295485309822773e-01
7.2925365311217348e+01
];
