%Vec Object:sol 1 MPI processes
%  type: mpi
sol = [
0.0000000000000000e+00
-4.2482326893789182e-04
-4.2108514021577798e-04
-4.1742406729475468e-04
-4.1385990687120382e-04
-4.1043881366051624e-04
-4.0698592924606904e-04
-4.0365900740433523e-04
-4.0039607562550875e-04
-3.9721088208764425e-04
-3.9413013795830073e-04
-3.9101554007107926e-04
-3.8801605804758544e-04
-3.8508263031331838e-04
-3.8220153378388383e-04
-3.7937768173748273e-04
-3.7656770207914814e-04
-3.7383640752180613e-04
-3.7118079470626041e-04
-3.6854358808933416e-04
-3.6594375682841740e-04
-3.6339310080209740e-04
-3.6088743286036431e-04
-3.5845538758003641e-04
-3.5602926959576520e-04
-3.5363467864996855e-04
-3.5130673223868008e-04
-3.4899756250178845e-04
-3.4675043940532641e-04
-3.4452097970270445e-04
-3.4230568159832704e-04
-3.4014944069242302e-04
-3.3803833640844567e-04
-3.3595286852552991e-04
-3.3388071548726015e-04
-3.3184842354186449e-04
-3.2984623818020810e-04
-3.2789406965583136e-04
-3.2596804671877934e-04
-3.2404183010176284e-04
-3.2216272359959200e-04
-3.2031919806961990e-04
-3.1850345866015959e-04
-3.1671636917086741e-04
-3.1494307985890073e-04
-3.1319494622700504e-04
-3.1148846815549274e-04
-3.0981978007218905e-04
-3.0815406791018848e-04
-3.0651064853645833e-04
-3.0490567685861875e-04
-3.0332215709871454e-04
-3.0177387514225063e-04
-3.0024341195275539e-04
-2.9872511341600495e-04
-2.9723586924395760e-04
-2.9578200362718055e-04
-2.9435997534135299e-04
-2.9294196774865510e-04
-2.9154508278787181e-04
-2.9018182666271553e-04
-2.8884264391708159e-04
-2.8753239041929104e-04
-2.8623835961368911e-04
-2.8496202557614259e-04
-2.8370734670814371e-04
-2.8248464088673030e-04
-2.8129325025813930e-04
-2.8011509491639814e-04
-2.7894752624405786e-04
-2.7781106654211274e-04
-2.7670520139355057e-04
-2.7562443992662261e-04
-2.7455979438770564e-04
-2.7350913824955711e-04
-2.7248863154888988e-04
-2.7149325655936282e-04
-2.7052465503616264e-04
-2.6957912679499599e-04
-2.6864453512573275e-04
-2.6773641714174159e-04
-2.6685442014406187e-04
-2.6600212205728848e-04
-2.6517648490845963e-04
-2.6435790511681782e-04
-2.6356401896094006e-04
-2.6280002717514380e-04
-2.6206578739965824e-04
-2.6136131684276529e-04
-2.6066052536664956e-04
-2.5998707694100445e-04
-2.5934383004553598e-04
-2.5873073972218567e-04
-2.5814777858681288e-04
-2.5757326585501057e-04
-2.5702409666539141e-04
-2.5650577351217209e-04
-2.5601834415351623e-04
-2.5556187044999199e-04
0.0000000000000000e+00
5.3618891223717713e-01
3.6295485309822773e-01
7.2925365311217348e+01
];
