%Vec Object:sol 1 MPI processes
%  type: mpi
sol = [
0.0000000000000000e+00
-4.2344311140427911e-03
-4.1978587222390147e-03
-4.1617584178386775e-03
-4.1266241194984690e-03
-4.0929155332511055e-03
-4.0592660552769780e-03
-4.0264902113588972e-03
-3.9943518308531278e-03
-3.9629877151831638e-03
-3.9328163472534226e-03
-3.9023638504189040e-03
-3.8728400487564735e-03
-3.8439731773580016e-03
-3.8156261208913624e-03
-3.7882045776283374e-03
-3.7605557156298627e-03
-3.7336887665286372e-03
-3.7075735284302393e-03
-3.6817085661369781e-03
-3.6564141344395877e-03
-3.6313264111706052e-03
-3.6066830272380918e-03
-3.5827696358703425e-03
-3.5591507120883705e-03
-3.5356873476797787e-03
-3.5127890304132046e-03
-3.4900720064932559e-03
-3.4679683672249038e-03
-3.4463556061849008e-03
-3.4245505908500982e-03
-3.4033286696874250e-03
-3.3825505698568724e-03
-3.3620419122151247e-03
-3.3419226391038083e-03
-3.3219023844883034e-03
-3.3021753356796005e-03
-3.2829405957162808e-03
-3.2640591686016272e-03
-3.2452589191388236e-03
-3.2267240242168905e-03
-3.2085370942458195e-03
-3.1906201519184946e-03
-3.1731320912455319e-03
-3.1557502835864765e-03
-3.1384794652857557e-03
-3.1216178748526236e-03
-3.1051269212811036e-03
-3.0888354267938076e-03
-3.0726675802717355e-03
-3.0567858484974700e-03
-3.0411117207386875e-03
-3.0257834475295653e-03
-3.0108125384942191e-03
-2.9958341768303773e-03
-2.9810708578736356e-03
-2.9666555316043512e-03
-2.9525528660563393e-03
-2.9386638131951807e-03
-2.9248576479316340e-03
-2.9113200723733571e-03
-2.8980180170800874e-03
-2.8850003009240205e-03
-2.8723015009124581e-03
-2.8596753155020562e-03
-2.8471931533439374e-03
-2.8350264373486140e-03
-2.8231686727888811e-03
-2.8115741085719594e-03
-2.8000226079967936e-03
-2.7886959841274088e-03
-2.7776715153581925e-03
-2.7668941817013660e-03
-2.7563769418799890e-03
-2.7459913176104728e-03
-2.7357999634959455e-03
-2.7258562824739913e-03
-2.7161767654804467e-03
-2.7067910164944920e-03
-2.6975690348434692e-03
-2.6884786068217476e-03
-2.6796458879318761e-03
-2.6711067618156560e-03
-2.6628590907217201e-03
-2.6548033667227831e-03
-2.6468327163433180e-03
-2.6391575287909707e-03
-2.6317762932060304e-03
-2.6246878456752270e-03
-2.6178088036029764e-03
-2.6110206750470646e-03
-2.6045308871423299e-03
-2.5983389618895966e-03
-2.5924445860832004e-03
-2.5867965409128958e-03
-2.5812290423675778e-03
-2.5759662313466882e-03
-2.5710085277777140e-03
-2.5663564898333190e-03
0.0000000000000000e+00
5.3516048776198621e-01
3.6295486983223779e-01
7.2925299968229737e+01
];
