%Vec Object:sol 1 MPI processes
%  type: mpi
sol = [
0.0000000000000000e+00
-1.2729079347674516e-03
-4.1452819365315612e-04
-4.1052905161809416e-04
-4.0664223650101812e-04
-4.0291254688486406e-04
-3.9920181392868353e-04
-3.9559708258184916e-04
-3.9206724003813755e-04
-3.8862502248670155e-04
-3.8531116152191368e-04
-3.8197450019623869e-04
-3.7874764963385775e-04
-3.7559342366798234e-04
-3.7249759348814720e-04
-3.6948858812868650e-04
-3.6647937321242555e-04
-3.6355269324031694e-04
-3.6070505164725126e-04
-3.5788653787339737e-04
-3.5511646724122330e-04
-3.5238735250101239e-04
-3.4970532979631245e-04
-3.4709815006624172e-04
-3.4451563591096835e-04
-3.4195381304780696e-04
-3.3945901029498602e-04
-3.3698417507569041e-04
-3.3457139662046930e-04
-3.3219340410999850e-04
-3.2981801483015133e-04
-3.2750113608990693e-04
-3.2522905766664816e-04
-3.2298470435586585e-04
-3.2076637754796191e-04
-3.1857649579911351e-04
-3.1641638138060985e-04
-3.1430529050522314e-04
-3.1222970660841958e-04
-3.1015237135671654e-04
-3.0811679438877697e-04
-3.0611610802691396e-04
-3.0414280035297175e-04
-3.0221220703976868e-04
-3.0028524984656348e-04
-2.9838215780664512e-04
-2.9651992322876386e-04
-2.9469488605210465e-04
-2.9289068761662279e-04
-2.9109540879356460e-04
-2.8933761969414043e-04
-2.8760166054954043e-04
-2.8590084046770597e-04
-2.8423634927199093e-04
-2.8257240127006706e-04
-2.8093579397705804e-04
-2.7933491777487021e-04
-2.7776653941442218e-04
-2.7622138927849794e-04
-2.7469005440216898e-04
-2.7318771073574303e-04
-2.7171111319106351e-04
-2.7026505437112246e-04
-2.6885297356495704e-04
-2.6745880695855443e-04
-2.6607834521971609e-04
-2.6473204104143560e-04
-2.6341947247814892e-04
-2.6213652663167284e-04
-2.6087410389635048e-04
-2.5962946385729241e-04
-2.5841869636000807e-04
-2.5723685080803171e-04
-2.5608536371345180e-04
-2.5496783450584148e-04
-2.5386249596032369e-04
-2.5278647464990013e-04
-2.5174203539119172e-04
-2.5073216013242472e-04
-2.4975679571572477e-04
-2.4880048574788216e-04
-2.4786727080750709e-04
-2.4696944465916082e-04
-2.4610703216373930e-04
-2.4527923280892263e-04
-2.4447913470993697e-04
-2.4369838162796456e-04
-2.4295415080308088e-04
-2.4224657095601215e-04
-2.4157281917144691e-04
-2.4093450705990878e-04
-2.4032010405176384e-04
-2.3973802762030212e-04
-2.3919432603888702e-04
-2.3868587520096865e-04
-2.3821603084043529e-04
-2.3778142374233384e-04
-2.3737270699841377e-04
-2.3700480809983704e-04
0.0000000000000000e+00
5.4760924189209659e-01
3.6283001459018083e-01
7.2224323584760029e+01
];
