%Vec Object:sol 1 MPI processes
%  type: mpi
sol = [
0.0000000000000000e+00
-3.3448899210115131e-04
-3.3232443260549559e-04
-3.3020295222895691e-04
-3.2813976881755836e-04
-3.2617028166432015e-04
-3.2416507373077665e-04
-3.2223486934209307e-04
-3.2034102081236808e-04
-3.1849424103476989e-04
-3.1672696645449600e-04
-3.1495752760881410e-04
-3.1326367619702420e-04
-3.1157398819836390e-04
-3.0989798580411483e-04
-3.0828745129745023e-04
-3.0668940688107225e-04
-3.0514148053839975e-04
-3.0364188352956407e-04
-3.0215213692299310e-04
-3.0068459613930308e-04
-2.9923073912092234e-04
-2.9780257092115183e-04
-2.9642273111031532e-04
-2.9505747704443617e-04
-2.9372687357887608e-04
-2.9243893135636200e-04
-2.9112844345451392e-04
-2.8984274275639871e-04
-2.8859145128451273e-04
-2.8734965826141825e-04
-2.8614567053614811e-04
-2.8496868791452225e-04
-2.8380496439512118e-04
-2.8265228790711367e-04
-2.8150546668338663e-04
-2.8037420209490755e-04
-2.7927466401220328e-04
-2.7819584493887767e-04
-2.7713225371503425e-04
-2.7609766329697675e-04
-2.7506474249491754e-04
-2.7402670723472588e-04
-2.7301611411920926e-04
-2.7202651932483078e-04
-2.7104868691040412e-04
-2.7009625371241311e-04
-2.6916620102051061e-04
-2.6823089340949813e-04
-2.6729833007239033e-04
-2.6638899749231281e-04
-2.6548892611640555e-04
-2.6460961950043545e-04
-2.6375213506973178e-04
-2.6290797594881319e-04
-2.6206935133857404e-04
-2.6122853654202892e-04
-2.6040610958991183e-04
-2.5959382856008992e-04
-2.5880172544867121e-04
-2.5802911291713512e-04
-2.5726801766882203e-04
-2.5651618869710913e-04
-2.5575878467028808e-04
-2.5501914443917453e-04
-2.5428919910520394e-04
-2.5357777144009898e-04
-2.5288437350747602e-04
-2.5220516833272778e-04
-2.5153443843631480e-04
-2.5085614007627500e-04
-2.5019548151852903e-04
-2.4954779879065100e-04
-2.4891422369922010e-04
-2.4829788667260391e-04
-2.4769849616270578e-04
-2.4710939276467340e-04
-2.4650923009923243e-04
-2.4592624965300079e-04
-2.4536023093757529e-04
-2.4480819814604038e-04
-2.4426987202669920e-04
-2.4374839533255541e-04
-2.4324172934494313e-04
-2.4272651319875841e-04
-2.4222383819741600e-04
-2.4173832848304680e-04
-2.4126988903246848e-04
-2.4081845286151653e-04
-2.4038117060864292e-04
-2.3995693448719489e-04
-2.3952713907336812e-04
-2.3911495008964077e-04
-2.3872037379886639e-04
-2.3834020674151925e-04
-2.3797731826172673e-04
-2.3763243697804700e-04
-2.3730138324487318e-04
-2.3696853453220997e-04
0.0000000000000000e+00
4.6469217173680283e-01
3.6295485309822773e-01
7.2925365311217348e+01
];
