%Vec Object:sol 1 MPI processes
%  type: mpi
sol = [
0.0000000000000000e+00
-3.9833427828622611e-03
-3.9533246961134276e-03
-3.9234686651053461e-03
-3.8942873181259247e-03
-3.8663918419723870e-03
-3.8386070108958896e-03
-3.8121106427195886e-03
-3.7856925655864685e-03
-3.7598066541794889e-03
-3.7350020287098469e-03
-3.7102701940756912e-03
-3.6865624897869827e-03
-3.6630120222155217e-03
-3.6397547039999784e-03
-3.6173834380559110e-03
-3.5952466273833400e-03
-3.5738011011412236e-03
-3.5526776361791022e-03
-3.5315668585294666e-03
-3.5112001181416253e-03
-3.4912502895083604e-03
-3.4716782392742139e-03
-3.4524924964304065e-03
-3.4333168771961322e-03
-3.4146322954514445e-03
-3.3965320954604046e-03
-3.3785618839906311e-03
-3.3609558673643662e-03
-3.3435318348155186e-03
-3.3262828034358064e-03
-3.3095473936217076e-03
-3.2931930040953823e-03
-3.2769634766556151e-03
-3.2608505631463902e-03
-3.2450677891255400e-03
-3.2295213081137085e-03
-3.2144028402118024e-03
-3.1995776330382471e-03
-3.1845705999718182e-03
-3.1699629642883147e-03
-3.1556438094526946e-03
-3.1415374545948976e-03
-3.1277977875664442e-03
-3.1140435077895851e-03
-3.1003882502124843e-03
-3.0870799579082973e-03
-3.0740810307201519e-03
-3.0612243575896718e-03
-3.0484917356961953e-03
-3.0359013684138516e-03
-3.0234597993787989e-03
-3.0113019830944015e-03
-2.9994390123544187e-03
-2.9876718847016747e-03
-2.9758715940201444e-03
-2.9643559500203620e-03
-2.9530899302106319e-03
-2.9419755555650396e-03
-2.9311275787117686e-03
-2.9202118573539038e-03
-2.9094680665452642e-03
-2.8989440394202128e-03
-2.8886736562487888e-03
-2.8786385748011418e-03
-2.8685146146234450e-03
-2.8585519606803447e-03
-2.8488316201612678e-03
-2.8393077096211220e-03
-2.8299586457181843e-03
-2.8207115761810248e-03
-2.8115262394756858e-03
-2.8025196781775947e-03
-2.7937043420564801e-03
-2.7851158465189334e-03
-2.7767091599553936e-03
-2.7682292239913303e-03
-2.7599429824629726e-03
-2.7518796492717614e-03
-2.7440358543762474e-03
-2.7363762871879865e-03
-2.7286632996190705e-03
-2.7211284981025099e-03
-2.7138123365510114e-03
-2.7067032996723186e-03
-2.6997588682855680e-03
-2.6928838868630232e-03
-2.6861085774624880e-03
-2.6795514027894256e-03
-2.6731786580415978e-03
-2.6670045979537735e-03
-2.6609796690034173e-03
-2.6549870295448671e-03
-2.6492156860526946e-03
-2.6436279960474615e-03
-2.6382563213721995e-03
-2.6331077426108903e-03
-2.6279372400627322e-03
-2.6229937299073543e-03
0.0000000000000000e+00
5.1639112050218838e-01
3.6295486983223779e-01
7.2925299968229737e+01
];
