%Vec Object:sol 1 MPI processes
%  type: mpi
sol = [
0.0000000000000000e+00
-3.5030481320876628e-03
-3.4796472840951630e-03
-3.4567137916582521e-03
-3.4338321794132381e-03
-3.4119760316214240e-03
-3.3901447104784099e-03
-3.3693482065676682e-03
-3.3489526082012781e-03
-3.3290705360084953e-03
-3.3096748716039213e-03
-3.2901025010237256e-03
-3.2713555260443440e-03
-3.2530464137100843e-03
-3.2350674266860184e-03
-3.2177909146033452e-03
-3.2005220097567032e-03
-3.1834288480945020e-03
-3.1668676206184749e-03
-3.1504324253628941e-03
-3.1345894893520052e-03
-3.1190582353948296e-03
-3.1038062747453465e-03
-3.0886893307461383e-03
-3.0736590773041256e-03
-3.0590117728288651e-03
-3.0448307804029945e-03
-3.0307223375578411e-03
-3.0170460759114579e-03
-3.0035919779426400e-03
-2.9899607041572822e-03
-2.9767419520393434e-03
-2.9638216253115497e-03
-2.9510549390888209e-03
-2.9386596558829072e-03
-2.9265128250707661e-03
-2.9141997781593574e-03
-2.9021615121533769e-03
-2.8903529695060472e-03
-2.8787161867053221e-03
-2.8673950932340680e-03
-2.8562931973025361e-03
-2.8452309113674865e-03
-2.8341989092394624e-03
-2.8233972217250759e-03
-2.8127287791229138e-03
-2.8023360232025474e-03
-2.7921869343359457e-03
-2.7821348881319260e-03
-2.7720679166144354e-03
-2.7621685260462350e-03
-2.7523743173246702e-03
-2.7428053484748575e-03
-2.7334723350557455e-03
-2.7242861179674295e-03
-2.7151907257144891e-03
-2.7060627461756841e-03
-2.6971336879068049e-03
-2.6883171801948443e-03
-2.6797177961446483e-03
-2.6713280694060032e-03
-2.6630644687351442e-03
-2.6547533587213943e-03
-2.6465492837840785e-03
-2.6385358478445801e-03
-2.6306286156754055e-03
-2.6229194659418854e-03
-2.6154030689890381e-03
-2.6079918032023536e-03
-2.6004653652017401e-03
-2.5931309582223751e-03
-2.5859843528937012e-03
-2.5789767174418093e-03
-2.5721196845721202e-03
-2.5654457011511497e-03
-2.5587691806796993e-03
-2.5521300593094667e-03
-2.5456458777345964e-03
-2.5393433580096930e-03
-2.5332200243634749e-03
-2.5272447097490786e-03
-2.5213746020966554e-03
-2.5154526898691788e-03
-2.5097111861471888e-03
-2.5041402365448906e-03
-2.4987020434802231e-03
-2.4934439272136085e-03
-2.4883647435919370e-03
-2.4832873382981974e-03
-2.4782781710012592e-03
-2.4734347657967698e-03
-2.4687752352271540e-03
-2.4642993545404314e-03
-2.4600070471418383e-03
-2.4558029492265094e-03
-2.4515925538226525e-03
-2.4475731836953820e-03
-2.4437454589578533e-03
-2.4401101289762035e-03
0.0000000000000000e+00
4.7813984054367215e-01
3.6295486983223779e-01
7.2925299968229737e+01
];
