%Vec Object:sol 1 MPI processes
%  type: mpi
sol = [
0.0000000000000000e+00
-4.1087397087892020e-04
-4.0761871030730630e-04
-4.0437547613339227e-04
-4.0122344048013222e-04
-3.9820708114339320e-04
-3.9520417463835431e-04
-3.9230836002318874e-04
-3.8943661924278336e-04
-3.8663808760041078e-04
-3.8395335399818604e-04
-3.8127776295906123e-04
-3.7866872985744610e-04
-3.7610350752603560e-04
-3.7358712150663194e-04
-3.7116382988485526e-04
-3.6876612843035589e-04
-3.6639206208829029e-04
-3.6408367381809671e-04
-3.6179797413151733e-04
-3.5959033978708905e-04
-3.5742416913853658e-04
-3.5524989709284139e-04
-3.5314510435343320e-04
-3.5106723494220408e-04
-3.4904108349335521e-04
-3.4706793147181315e-04
-3.4506993250519121e-04
-3.4313000873657513e-04
-3.4124022901189694e-04
-3.3936948608258375e-04
-3.3754108883844551e-04
-3.3571984289521218e-04
-3.3392276517067531e-04
-3.3217525070770680e-04
-3.3046264728687726e-04
-3.2876239913910135e-04
-3.2707819229318470e-04
-3.2542624648068940e-04
-3.2379966572467948e-04
-3.2221510254510163e-04
-3.2064820163807265e-04
-3.1907771934626546e-04
-3.1754681317135185e-04
-3.1604743763386477e-04
-3.1456822362243300e-04
-3.1311371882498468e-04
-3.1166666513784389e-04
-3.1023618094163708e-04
-3.0884058838028617e-04
-3.0747836632986632e-04
-3.0612251932794434e-04
-3.0477165109206244e-04
-3.0345291092198862e-04
-3.0215593259538814e-04
-3.0088289608636102e-04
-2.9963263591070005e-04
-2.9838323332325828e-04
-2.9715137556145276e-04
-2.9594898192133746e-04
-2.9477511177411318e-04
-2.9361554212496515e-04
-2.9245257593342699e-04
-2.9131756172064279e-04
-2.9020863640762964e-04
-2.8911612310609998e-04
-2.8804906140532973e-04
-2.8697924536058729e-04
-2.8593161741748537e-04
-2.8490400079985150e-04
-2.8390233212875456e-04
-2.8292603566713740e-04
-2.8194245527409379e-04
-2.8097855840054285e-04
-2.8004000193159519e-04
-2.7912635384930303e-04
-2.7823249849256727e-04
-2.7733757541305982e-04
-2.7646219574814675e-04
-2.7561144854515706e-04
-2.7478176716180526e-04
-2.7397276746509374e-04
-2.7317002373479417e-04
-2.7238304835140037e-04
-2.7161949257091002e-04
-2.7087506724241586e-04
-2.7015504969270259e-04
-2.6944539289293709e-04
-2.6874826531812838e-04
-2.6807230016583674e-04
-2.6741894375756115e-04
-2.6679018089031237e-04
-2.6617587228005066e-04
-2.6557146944840857e-04
-2.6498816786166128e-04
-2.6442923559703439e-04
-2.6389544170816749e-04
-2.6338008198518851e-04
-2.6287270975667573e-04
0.0000000000000000e+00
5.2583136491844318e-01
3.6295485309822773e-01
7.2925365311217348e+01
];
