%Vec Object:sol 1 MPI processes
%  type: mpi
sol = [
0.0000000000000000e+00
-4.2344306067035998e-04
-4.1978581475845324e-04
-4.1617578250836542e-04
-4.1266235125569060e-04
-4.0929149124384264e-04
-4.0592653850466445e-04
-4.0264895234756889e-04
-3.9943511212402162e-04
-3.9629869852460725e-04
-3.9328156296557508e-04
-3.9023630628358516e-04
-3.8728392544939614e-04
-3.8439723743969152e-04
-3.8156253007878707e-04
-3.7882037010944541e-04
-3.7605548057013911e-04
-3.7336878153342880e-04
-3.7075725309349705e-04
-3.6817075238780757e-04
-3.6564130227831462e-04
-3.6313252898141510e-04
-3.6066819435314444e-04
-3.5827686472438859e-04
-3.5591495324004000e-04
-3.5356862981336266e-04
-3.5127878577550061e-04
-3.4900707728145741e-04
-3.4679671218296079e-04
-3.4463543498831342e-04
-3.4245493582181805e-04
-3.4033274582668350e-04
-3.3825493726000736e-04
-3.3620407214560372e-04
-3.3419214260637026e-04
-3.3219011678250094e-04
-3.3021741118610025e-04
-3.2829393611541507e-04
-3.2640579178338125e-04
-3.2452576300677727e-04
-3.2267227181999466e-04
-3.2085357802976979e-04
-3.1906188440006332e-04
-3.1731307885815232e-04
-3.1557489878446547e-04
-3.1384781931536460e-04
-3.1216166241335608e-04
-3.1051256606613129e-04
-3.0888341308397895e-04
-3.0726662851998887e-04
-3.0567845632018046e-04
-3.0411104468123872e-04
-3.0257822204416676e-04
-3.0108112541251335e-04
-2.9958328771331939e-04
-2.9810694728363762e-04
-2.9666541412252170e-04
-2.9525515532466390e-04
-2.9386625472063417e-04
-2.9248563657983690e-04
-2.9113187546725737e-04
-2.8980167250684786e-04
-2.8849990732394997e-04
-2.8723003007832294e-04
-2.8596741428400481e-04
-2.8471919658305491e-04
-2.8350252288950983e-04
-2.8231674506004042e-04
-2.8115728898805650e-04
-2.8000213829564079e-04
-2.7886947753244409e-04
-2.7776703156189990e-04
-2.7668929808739531e-04
-2.7563757343194442e-04
-2.7459900922014862e-04
-2.7357987368004284e-04
-2.7258550600964488e-04
-2.7161755527325293e-04
-2.7067898156493925e-04
-2.6975678378503900e-04
-2.6884774184527549e-04
-2.6796447051419389e-04
-2.6711055820170484e-04
-2.6628579124609431e-04
-2.6548021792023395e-04
-2.6468315319714636e-04
-2.6391563493967428e-04
-2.6317751203664504e-04
-2.6246866804053307e-04
-2.6178076359373688e-04
-2.6110195156041691e-04
-2.6045297355439643e-04
-2.5983378176362964e-04
-2.5924434487168389e-04
-2.5867954004588003e-04
-2.5812279087048461e-04
-2.5759651045943727e-04
-2.5710074082415432e-04
-2.5663553779592385e-04
0.0000000000000000e+00
5.3516058545566125e-01
3.6295485309822773e-01
7.2925365311217348e+01
];
