%Vec Object:sol 1 MPI processes
%  type: mpi
sol = [
0.0000000000000000e+00
-3.6318069233616518e-04
-3.6068180953326726e-04
-3.5819581146896609e-04
-3.5575669273967860e-04
-3.5342666129103479e-04
-3.5110108519262968e-04
-3.4888538172253965e-04
-3.4671323189098744e-04
-3.4455603512472527e-04
-3.4247402748773811e-04
-3.4039413838350300e-04
-3.3840180156024673e-04
-3.3645650058201514e-04
-3.3454695686920184e-04
-3.3267368688422280e-04
-3.3080322110855135e-04
-3.2899144397592844e-04
-3.2723619000569679e-04
-3.2549513749269786e-04
-3.2381679610371636e-04
-3.2213772766191012e-04
-3.2047499834193447e-04
-3.1886813639711087e-04
-3.1728007926925834e-04
-3.1573269390766071e-04
-3.1423460284071955e-04
-3.1271583505980291e-04
-3.1122714497508106e-04
-3.0977842498334704e-04
-3.0834239222349546e-04
-3.0694986006203916e-04
-3.0558893521879588e-04
-3.0422128294350015e-04
-3.0287434219473887e-04
-3.0155467906855203e-04
-3.0025383742266431e-04
-2.9898935167987825e-04
-2.9774915526863973e-04
-2.9650979854165438e-04
-2.9528190530349341e-04
-2.9407800637292516e-04
-2.9289126085950808e-04
-2.9173578302073787e-04
-2.9060450457370467e-04
-2.8947565602086684e-04
-2.8835054779687214e-04
-2.8725176045282574e-04
-2.8616406120096399e-04
-2.8510392329971255e-04
-2.8407006701231007e-04
-2.8304104078498860e-04
-2.8200702886381496e-04
-2.8099835793551523e-04
-2.8000576104491188e-04
-2.7903123922310292e-04
-2.7808056827351857e-04
-2.7714934692592389e-04
-2.7619820874733188e-04
-2.7527031032837903e-04
-2.7436485008745245e-04
-2.7347316003104103e-04
-2.7259969068036750e-04
-2.7174761861030862e-04
-2.7088712358124407e-04
-2.7003499988322195e-04
-2.6920398829594143e-04
-2.6839350952466981e-04
-2.6759937564850979e-04
-2.6681963043482566e-04
-2.6603702335960570e-04
-2.6526713944388138e-04
-2.6451212449701042e-04
-2.6377316119477608e-04
-2.6305358045931101e-04
-2.6235302640001634e-04
-2.6164883902802497e-04
-2.6095054468909794e-04
-2.6027141832971962e-04
-2.5961118403972468e-04
-2.5896660474312777e-04
-2.5833734736662622e-04
-2.5771257962775606e-04
-2.5709359613205931e-04
-2.5649252786895518e-04
-2.5590545781754766e-04
-2.5533725232741516e-04
-2.5478777571145679e-04
-2.5424569437349398e-04
-2.5370454211833486e-04
-2.5318071439939141e-04
-2.5267606269423741e-04
-2.5219054734721932e-04
-2.5172414425693484e-04
-2.5126415538469812e-04
-2.5080716880886540e-04
-2.5037001789499866e-04
-2.4995275083422976e-04
-2.4955542935896390e-04
0.0000000000000000e+00
4.8876560315035833e-01
3.6295485309822773e-01
7.2925365311217348e+01
];
