%Vec Object:sol 1 MPI processes
%  type: mpi
sol = [
0.0000000000000000e+00
-1.5793656541062111e-03
-1.4133448460316306e-03
-1.2416714306777152e-03
-6.9953783013414943e-04
-4.0080718253830455e-04
-3.9629839895631211e-04
-3.9193736737909646e-04
-3.8766010979232883e-04
-3.8347719659367891e-04
-3.7938590331081562e-04
-3.7532461595539917e-04
-3.7139438999595441e-04
-3.6754521900205596e-04
-3.6372593809325972e-04
-3.6001033035377875e-04
-3.5633708489507066e-04
-3.5275299616945033e-04
-3.4923476578473084e-04
-3.4573019379119136e-04
-3.4231614397392009e-04
-3.3895751728627553e-04
-3.3564913511014186e-04
-3.3238007053704594e-04
-3.2914558154677881e-04
-3.2596901655446094e-04
-3.2285843044734810e-04
-3.1975331281252446e-04
-3.1668767628423940e-04
-3.1367371651470238e-04
-3.1068056735390363e-04
-3.0774052534790735e-04
-3.0481837368688265e-04
-3.0190896226406979e-04
-2.9904568879007755e-04
-2.9621392672925500e-04
-2.9340393806407002e-04
-2.9061030209674368e-04
-2.8783801900727189e-04
-2.8508568875291811e-04
-2.8236797464433209e-04
-2.7967387855796935e-04
-2.7697578389918314e-04
-2.7430280002775593e-04
-2.7165295939872897e-04
-2.6901576779203237e-04
-2.6640551003185220e-04
-2.6380501208409624e-04
-2.6120341478731571e-04
-2.5862650701344791e-04
-2.5607276802089502e-04
-2.5352738694539985e-04
-2.5099845311533312e-04
-2.4847385667870110e-04
-2.4596222343674780e-04
-2.4346541879025169e-04
-2.4098878132773201e-04
-2.3852938451304612e-04
-2.3606904874538354e-04
-2.3362002014328242e-04
-2.3119034150335054e-04
-2.2877262112923967e-04
-2.2637144225261697e-04
-2.2399040980935242e-04
-2.2161870488575749e-04
-2.1925563146363105e-04
-2.1691723297246978e-04
-2.1460540845134722e-04
-2.1231970330989384e-04
-2.1006198430905388e-04
-2.0783446252769567e-04
-2.0563930225529661e-04
-2.0348510793346308e-04
-2.0137705667382252e-04
-1.9932112473985974e-04
-1.9732024138636786e-04
-1.9537387397295991e-04
-1.9347529182215894e-04
-1.9163693577285527e-04
-1.8985965248045301e-04
-1.8814213804188451e-04
-1.8648360589690761e-04
-1.8488586495621454e-04
-1.8334692540569750e-04
-1.8185813167331615e-04
-1.8042658781643959e-04
-1.7905719603993517e-04
-1.7775024009161297e-04
-1.7650355938007061e-04
-1.7531939967634013e-04
-1.7419886276934102e-04
-1.7313720610161970e-04
-1.7213977022276789e-04
-1.7121030260109832e-04
-1.7034766529846931e-04
-1.6955761232519031e-04
-1.6883901182892665e-04
-1.6819196103362173e-04
-1.6761808127246024e-04
0.0000000000000000e+00
5.6139270856711243e-01
3.6180267941408928e-01
6.6823355356822020e+01
];
