%Vec Object:sol 1 MPI processes
%  type: mpi
sol = [
0.0000000000000000e+00
-1.7465307455846596e-03
-1.5946786935571188e-03
-1.4156576652718967e-03
-1.2446926268937953e-03
-1.1132604595731112e-03
-1.0029853678980003e-03
-6.8120839033880261e-04
-3.9655204392045310e-04
-3.9448189376582201e-04
-3.8960274160990902e-04
-3.8475966887948384e-04
-3.8006007999544835e-04
-3.7543362734209206e-04
-3.7085353906057936e-04
-3.6639222478152607e-04
-3.6197512281918918e-04
-3.5763556948382839e-04
-3.5335597567255926e-04
-3.4910940415405046e-04
-3.4495029124531715e-04
-3.4083439773983405e-04
-3.3673234060923181e-04
-3.3270002211119396e-04
-3.2869182129142472e-04
-3.2473009944124535e-04
-3.2079394189400836e-04
-3.1685891434278171e-04
-3.1296838296606934e-04
-3.0911044891057926e-04
-3.0523772849082038e-04
-3.0136442007189148e-04
-2.9747159005075560e-04
-2.9349509176543234e-04
-2.8936910144698882e-04
-2.8490622941309494e-04
-2.7986088694173186e-04
-2.7393405472246027e-04
-2.6681234016513711e-04
-2.5842626780799163e-04
-2.4912240199359071e-04
-2.3954410092901014e-04
-2.3029072765168540e-04
-2.2174441853208067e-04
-2.1409701065369828e-04
-2.0743622097299744e-04
-2.0179113664159793e-04
-1.9710750703818566e-04
-1.9323669097947118e-04
-1.9012388130387156e-04
-1.8763088967412288e-04
-1.8564353238231720e-04
-1.8405683895213968e-04
-1.8277212805959932e-04
-1.8172737913573826e-04
-1.8086272611263758e-04
-1.8013075818859020e-04
-1.7949129297477285e-04
-1.7892222544100536e-04
-1.7840283752352347e-04
-1.7790112358745760e-04
-1.7742790584799351e-04
-1.7695877449384390e-04
-1.7647795166543883e-04
-1.7598577191836612e-04
-1.7548325849997044e-04
-1.7496159493310981e-04
-1.7441134262805887e-04
-1.7383244386193225e-04
-1.7323006502067108e-04
-1.7259780491190655e-04
-1.7192265477262034e-04
-1.7122707282548466e-04
-1.7050428134148226e-04
-1.6973773281612713e-04
-1.6893651700678128e-04
-1.6810519196121577e-04
-1.6723705252071706e-04
-1.6632725317401362e-04
-1.6537925869106269e-04
-1.6440082469864587e-04
-1.6338421063482846e-04
-1.6232667065142737e-04
-1.6122517881063874e-04
-1.6008556062961036e-04
-1.5890676500585153e-04
-1.5768145127383157e-04
-1.5640734360380462e-04
-1.5508199467653054e-04
-1.5371648555747260e-04
-1.5230065908261605e-04
-1.5082488857457233e-04
-1.4929025807062783e-04
-1.4769719826563985e-04
-1.4603600833179876e-04
-1.4430442873100758e-04
-1.4249640189793267e-04
-1.4059894983208803e-04
-1.3861534641471460e-04
0.0000000000000000e+00
5.7085557985380142e-01
3.5942143032468737e-01
5.6464906709175182e+01
];
