%Vec Object:sol 1 MPI processes
%  type: mpi
sol = [
0.0000000000000000e+00
-3.6664758951582814e-04
-3.6405869144124107e-04
-3.6152424940769312e-04
-3.5906110543698671e-04
-3.5670843181412841e-04
-3.5436036738892708e-04
-3.5209082054384690e-04
-3.4984017992185224e-04
-3.4764702074362776e-04
-3.4554718811661330e-04
-3.4344952556958521e-04
-3.4144042012263908e-04
-3.3944108066885886e-04
-3.3746241480483432e-04
-3.3556041813702402e-04
-3.3367606719802263e-04
-3.3185101273675103e-04
-3.3008305782094606e-04
-3.2828976663859094e-04
-3.2655018315703413e-04
-3.2484554707217552e-04
-3.2317238192774251e-04
-3.2155559249719021e-04
-3.1995771524524508e-04
-3.1836149433228899e-04
-3.1680857644300836e-04
-3.1526505056527794e-04
-3.1376864823059227e-04
-3.1231252061464832e-04
-3.1086908961211251e-04
-3.0943173112140391e-04
-3.0802123262380353e-04
-3.0662832135434611e-04
-3.0527578935479348e-04
-3.0395067540309368e-04
-3.0264443850493638e-04
-3.0133941875361010e-04
-3.0005417010177767e-04
-2.9878812563538943e-04
-2.9755632209916736e-04
-2.9634860022650049e-04
-2.9515804215619559e-04
-2.9396638569744539e-04
-2.9279398503433460e-04
-2.9163651854775813e-04
-2.9050885931310264e-04
-2.8940761164535263e-04
-2.8831739174782484e-04
-2.8722528751047198e-04
-2.8615372420512250e-04
-2.8509395598330813e-04
-2.8405850986984471e-04
-2.8304846840446771e-04
-2.8205447785455102e-04
-2.8105194193362392e-04
-2.8006649878153288e-04
-2.7910247100868110e-04
-2.7815081536140563e-04
-2.7722243152801664e-04
-2.7631651183203333e-04
-2.7540040841571349e-04
-2.7449471381834375e-04
-2.7361106025383832e-04
-2.7274778373046025e-04
-2.7189605496495689e-04
-2.7106544329314614e-04
-2.7023388337854646e-04
-2.6940998195039087e-04
-2.6860100494425967e-04
-2.6781241843678850e-04
-2.6704376379917984e-04
-2.6628993578015959e-04
-2.6553266082677987e-04
-2.6478549843843405e-04
-2.6405789516617810e-04
-2.6334515209313659e-04
-2.6264880010082612e-04
-2.6197160971463664e-04
-2.6129537174109801e-04
-2.6062521067656062e-04
-2.5997082887027932e-04
-2.5933558618968232e-04
-2.5871927870586386e-04
-2.5812086947431858e-04
-2.5751942818540494e-04
-2.5692746769295761e-04
-2.5635468021794347e-04
-2.5580094735619326e-04
-2.5526314636925833e-04
-2.5474264698127950e-04
-2.5422460966626289e-04
-2.5371703828127950e-04
-2.5322898640343558e-04
-2.5275695140127344e-04
-2.5230399574427143e-04
-2.5187086603840474e-04
-2.5144040292126728e-04
-2.5102258953870008e-04
0.0000000000000000e+00
4.9159936672553750e-01
3.6295485309822773e-01
7.2925365311217348e+01
];
