%Vec Object:sol 1 MPI processes
%  type: mpi
sol = [
0.0000000000000000e+00
-3.3448905458741932e-03
-3.3232449452517379e-03
-3.3020301340955828e-03
-3.2813982895877067e-03
-3.2617034027912139e-03
-3.2416513436331119e-03
-3.2223492892465449e-03
-3.2034107922676216e-03
-3.1849429846623643e-03
-3.1672702343998960e-03
-3.1495758503488100e-03
-3.1326373526544393e-03
-3.1157404754329761e-03
-3.0989804386700290e-03
-3.0828750852877479e-03
-3.0668946329836366e-03
-3.0514153600380341e-03
-3.0364193811737352e-03
-3.0215219825548956e-03
-3.0068465158323127e-03
-2.9923079392430714e-03
-2.9780262512379119e-03
-2.9642278445824815e-03
-2.9505752941848787e-03
-2.9372692528250722e-03
-2.9243898360336888e-03
-2.9112849392220878e-03
-2.8984279081322390e-03
-2.8859149791490429e-03
-2.8734970416164135e-03
-2.8614571618773730e-03
-2.8496873359886076e-03
-2.8380500819501749e-03
-2.8265233443613650e-03
-2.8150551208122308e-03
-2.8037424664208855e-03
-2.7927470802708277e-03
-2.7819588861729212e-03
-2.7713229706325692e-03
-2.7609770627928421e-03
-2.7506478760429263e-03
-2.7402675233922109e-03
-2.7301615896694149e-03
-2.7202656375855641e-03
-2.7104873086326057e-03
-2.7009629720052440e-03
-2.6916624426356504e-03
-2.6823093780357159e-03
-2.6729837409644455e-03
-2.6638904120440563e-03
-2.6548896951075398e-03
-2.6460966256468665e-03
-2.6375217781791555e-03
-2.6290801833310641e-03
-2.6206939528761420e-03
-2.6122858008162633e-03
-2.6040615274678064e-03
-2.5959387135925617e-03
-2.5880176790377203e-03
-2.5802915502147320e-03
-2.5726805940920832e-03
-2.5651623152986272e-03
-2.5575882711945828e-03
-2.5501918648671040e-03
-2.5428924074819225e-03
-2.5357781267076659e-03
-2.5288441428807937e-03
-2.5220520862945643e-03
-2.5153447964585372e-03
-2.5085618076553747e-03
-2.5019552166445809e-03
-2.4954783838286605e-03
-2.4891426271799817e-03
-2.4829792506585505e-03
-2.4769853387324975e-03
-2.4710943112865448e-03
-2.4650926765141207e-03
-2.4592628629578049e-03
-2.4536026655823428e-03
-2.4480823258032432e-03
-2.4426990502447498e-03
-2.4374842656917687e-03
-2.4324181816678726e-03
-2.4272654469490130e-03
-2.4222387063199168e-03
-2.4173836157962529e-03
-2.4126992258804978e-03
-2.4081848670151305e-03
-2.4038120457863048e-03
-2.3995696969389205e-03
-2.3952717421789468e-03
-2.3911498510821565e-03
-2.3872040866502043e-03
-2.3834024146853210e-03
-2.3797735290501669e-03
-2.3763247148121960e-03
-2.3730141862737808e-03
-2.3696856959938830e-03
0.0000000000000000e+00
4.6469210106966252e-01
3.6295486983223779e-01
7.2925299968229737e+01
];
