%Vec Object:sol 1 MPI processes
%  type: mpi
sol = [
0.0000000000000000e+00
-3.4967200018702741e-10
-3.9220839182097721e-10
-2.4247891115838703e-03
-2.1151261022622201e-03
-1.8869022164148222e-03
-1.6941555482253854e-03
-1.5313651889652155e-03
-1.3826511915204455e-03
-1.2499704866326693e-03
-1.1194184531908048e-03
-9.9006595642826909e-04
-8.5852831774352388e-04
-7.1992619854513472e-04
-5.8634549401265007e-04
-4.5147861977502612e-04
-3.3782940732772845e-04
-2.3777792442429021e-04
-1.6781967635871929e-04
-1.1795732325822010e-04
-9.1236135495162933e-05
-7.8770369324495689e-05
-7.7169097712257996e-05
-8.1403171471994677e-05
-8.8360447212158623e-05
-9.6144205755816837e-05
-1.0348008933279583e-04
-1.0974363932810715e-04
-1.1501946799819727e-04
-1.1888464974567295e-04
-1.2192169547904404e-04
-1.2393465380761313e-04
-1.2525393818245279e-04
-1.2606102234515067e-04
-1.2633667900640840e-04
-1.2631133259796077e-04
-1.2603122070152579e-04
-1.2551282202318266e-04
-1.2486238512601815e-04
-1.2411589734550733e-04
-1.2325791396587625e-04
-1.2234361116716569e-04
-1.2137738386118104e-04
-1.2037514379292582e-04
-1.1935260139994577e-04
-1.1827577843537446e-04
-1.1718839906257151e-04
-1.1608851052571750e-04
-1.1498099858259567e-04
-1.1381741585037895e-04
-1.1265283629087750e-04
-1.1148541228399440e-04
-1.1030319208754779e-04
-1.0907407572147242e-04
-1.0782277063936366e-04
-1.0657709482488257e-04
-1.0529842046470923e-04
-1.0398338589030046e-04
-1.0265685341013687e-04
-1.0129350148573294e-04
-9.9877661431022467e-05
-9.8467151325918475e-05
-9.7026663823788042e-05
-9.5536822598394974e-05
-9.4004813303871762e-05
-9.2453792900778323e-05
-9.0861743972969408e-05
-8.9211583163598598e-05
-8.7514778083453559e-05
-8.5776990829353609e-05
-8.3968679957773253e-05
-8.2069969367749946e-05
-8.0105480306239842e-05
-7.8041460445972441e-05
-7.5809191256385694e-05
-7.3365328827262416e-05
-7.0633400834815778e-05
4.4388830307718688e-03
1.9546237945254948e-03
-1.2554872867979392e-04
-1.3084395478061184e-04
-1.3396770170159258e-04
-1.3546519234085917e-04
-1.3573489985673574e-04
-1.3511096266152715e-04
-1.3386710575911051e-04
-1.3223176535323835e-04
-1.3039590912119909e-04
-1.2850337818714772e-04
-1.2666603200576544e-04
-1.2492501135978872e-04
-1.2328695015350596e-04
-1.2172900124074707e-04
-1.2021379661194409e-04
-1.1868673139237855e-04
-1.1710236997725386e-04
-1.1542757724096216e-04
-1.1362551170946230e-04
-1.1167897714563171e-04
0.0000000000000000e+00
6.4857468044961830e-01
3.2190326368763489e-01
1.3010430857186225e+01
];
