%Vec Object:sol 1 MPI processes
%  type: mpi
sol = [
0.0000000000000000e+00
-3.4879567332604439e-04
-3.4646719248920675e-04
-3.4418609779439537e-04
-3.4195655427177147e-04
-3.3978084436400626e-04
-3.3760755818030918e-04
-3.3553718149299968e-04
-3.3350665616310466e-04
-3.3152719031245462e-04
-3.2963276242292357e-04
-3.2769456141921674e-04
-3.2582727109400846e-04
-3.2400354273575636e-04
-3.2221265512915058e-04
-3.2049166233470884e-04
-3.1878493622825873e-04
-3.1711527404450663e-04
-3.1546478882182085e-04
-3.1382685312572616e-04
-3.1224786743740021e-04
-3.1069990926349035e-04
-3.0917975440803287e-04
-3.0771112831238481e-04
-3.0622046049023698e-04
-3.0475992489810590e-04
-3.0334582492126655e-04
-3.0193896773464765e-04
-3.0057515115905790e-04
-2.9924796395269343e-04
-2.9791898522690195e-04
-2.9660017431888799e-04
-2.9531110837264531e-04
-2.9403737421033831e-04
-2.9280065097036633e-04
-2.9158870026255499e-04
-2.9039346059855757e-04
-2.8920285828135464e-04
-2.8802410870971582e-04
-2.8686250724026664e-04
-2.8573238229624004e-04
-2.8462412570598558e-04
-2.8353120836404667e-04
-2.8246169012772349e-04
-2.8138289330008098e-04
-2.8031741558561039e-04
-2.7927943986012126e-04
-2.7826577731520367e-04
-2.7726182754080487e-04
-2.7628345327751231e-04
-2.7530981320122170e-04
-2.7433116099380710e-04
-2.7337499833578487e-04
-2.7244239253960419e-04
-2.7152446541241134e-04
-2.7062316773414336e-04
-2.6974429739168971e-04
-2.6885231065381835e-04
-2.6797088820744745e-04
-2.6711115905023348e-04
-2.6627237776098001e-04
-2.6544622369995414e-04
-2.6463699848893298e-04
-2.6383574293697152e-04
-2.6303421422151730e-04
-2.6224333403912172e-04
-2.6147225240388166e-04
-2.6072043614784195e-04
-2.5998387243454793e-04
-2.5926064653278286e-04
-2.5853227530602918e-04
-2.5781698281559774e-04
-2.5711560261378725e-04
-2.5642929478674907e-04
-2.5576129180632690e-04
-2.5511127144557991e-04
-2.5446773499804434e-04
-2.5381841325619012e-04
-2.5318726392023494e-04
-2.5257403865607399e-04
-2.5197563123915745e-04
-2.5139173602619665e-04
-2.5082563338897743e-04
-2.5025794075021377e-04
-2.4969957993467752e-04
-2.4915452124134785e-04
-2.4862747770166952e-04
-2.4811833451130822e-04
-2.4762700673989813e-04
-2.4714521238412325e-04
-2.4665938720972710e-04
-2.4619196047678073e-04
-2.4574290793448537e-04
-2.4531221966679075e-04
-2.4489656151253605e-04
-2.4449894473368473e-04
-2.4410166752373799e-04
-2.4371710223719073e-04
-2.4335178094751507e-04
0.0000000000000000e+00
4.7688205340446332e-01
3.6295485309822773e-01
7.2925365311217348e+01
];
