%Vec Object:sol 1 MPI processes
%  type: mpi
sol = [
0.0000000000000000e+00
-4.2082739326841770e-04
-4.1729367990783853e-04
-4.1379470851812182e-04
-4.1036114047016012e-04
-4.0706913417632633e-04
-4.0379273038884103e-04
-4.0065359384461460e-04
-3.9751629525610369e-04
-3.9445588849393429e-04
-3.9151395185977814e-04
-3.8858293453253350e-04
-3.8573418009613401e-04
-3.8292040861739705e-04
-3.8015819234686474e-04
-3.7749280793460311e-04
-3.7485498848682602e-04
-3.7224453065118037e-04
-3.6970211244434303e-04
-3.6718433450643763e-04
-3.6474775358841249e-04
-3.6234649450303248e-04
-3.5994812796875616e-04
-3.5762209736441589e-04
-3.5532498663163144e-04
-3.5308205446240264e-04
-3.5087886304428144e-04
-3.4866899448854994e-04
-3.4651975688222329e-04
-3.4442306583912859e-04
-3.4234733397601113e-04
-3.4029463037460152e-04
-3.3827386981878817e-04
-3.3627933402885426e-04
-3.3433677565129620e-04
-3.3243153978554911e-04
-3.3051404761214709e-04
-3.2864247070278082e-04
-3.2680540716529876e-04
-3.2499590489917546e-04
-3.2322732258262363e-04
-3.2145604059369498e-04
-3.1971086898396878e-04
-3.1800768754335589e-04
-3.1633840437196749e-04
-3.1468425104209220e-04
-3.1303984655139591e-04
-3.1143156753838774e-04
-3.0984226135166303e-04
-3.0829037351140840e-04
-3.0676503666504917e-04
-3.0523348190280338e-04
-3.0373554309632059e-04
-3.0227236864852107e-04
-3.0083360211537104e-04
-2.9941156908432076e-04
-2.9799992857733912e-04
-2.9661857192620877e-04
-2.9525756094560062e-04
-2.9392884841343629e-04
-2.9262227285118168e-04
-2.9131598169503353e-04
-2.9003714535378921e-04
-2.8878923634716045e-04
-2.8757043232996015e-04
-2.8636341701692661e-04
-2.8516480554963369e-04
-2.8399614665164109e-04
-2.8285284724964966e-04
-2.8173277856474211e-04
-2.8063638356294992e-04
-2.7954631650858077e-04
-2.7848002171471705e-04
-2.7743880430735945e-04
-2.7642629412767276e-04
-2.7543929652725451e-04
-2.7445178379729063e-04
-2.7348978545869409e-04
-2.7255628146865494e-04
-2.7165098218304232e-04
-2.7077025686018686e-04
-2.6988877386021742e-04
-2.6903550148433088e-04
-2.6821051446749232e-04
-2.6741270219976531e-04
-2.6663779850635724e-04
-2.6586974560645354e-04
-2.6512693640243608e-04
-2.6441254777270236e-04
-2.6372325406908846e-04
-2.6306051778894737e-04
-2.6240874274287377e-04
-2.6177961378662235e-04
-2.6117937006540231e-04
-2.6060428497404816e-04
-2.6005761572374896e-04
-2.5952609515750719e-04
-2.5901508383632739e-04
-2.5853373974776345e-04
0.0000000000000000e+00
5.3323185302585330e-01
3.6295485309822773e-01
7.2925365311217348e+01
];
