%Vec Object:sol 1 MPI processes
%  type: mpi
sol = [
0.0000000000000000e+00
-1.5736950867906699e-03
-1.4073130378785680e-03
-1.2356943696492401e-03
-2.9173054896113905e-04
-3.9867064505098908e-04
-3.9479945098116494e-04
-3.9098612386874617e-04
-3.8719820054485779e-04
-3.8345607179891779e-04
-3.7980405898902013e-04
-3.7610014566487489e-04
-3.7247279670976781e-04
-3.6888812907137658e-04
-3.6533454302692424e-04
-3.6183881119124006e-04
-3.5833054638424429e-04
-3.5488432167776057e-04
-3.5149853275910544e-04
-3.4812252047450049e-04
-3.4477821175237330e-04
-3.4147180186369332e-04
-3.3820021107460699e-04
-3.3499197353250828e-04
-3.3178431851372457e-04
-3.2860856673875899e-04
-3.2549100546656618e-04
-3.2238623507333046e-04
-3.1933589594605228e-04
-3.1630015142496940e-04
-3.1328094588914775e-04
-3.1031366341188548e-04
-3.0738518941901034e-04
-3.0447300568456055e-04
-3.0158289796830372e-04
-2.9872644302446257e-04
-2.9589447500483933e-04
-2.9310522315327412e-04
-2.9033712706761483e-04
-2.8757298292299733e-04
-2.8484813373142370e-04
-2.8215181421255932e-04
-2.7947673791713237e-04
-2.7683068363644193e-04
-2.7419359883991661e-04
-2.7157478828038228e-04
-2.6898874908487725e-04
-2.6643180519099680e-04
-2.6388834111167682e-04
-2.6135225029727982e-04
-2.5884531874254728e-04
-2.5635260551838402e-04
-2.5388601390960561e-04
-2.5144643219400422e-04
-2.4901280639911128e-04
-2.4659120884440010e-04
-2.4419578675873471e-04
-2.4182359650407273e-04
-2.3946643510114747e-04
-2.3713443826967612e-04
-2.3480980327009266e-04
-2.3250168743406193e-04
-2.3021570374806867e-04
-2.2795518780599047e-04
-2.2571931362399259e-04
-2.2350059082665015e-04
-2.2129364942111477e-04
-2.1911540263622989e-04
-2.1696393059485603e-04
-2.1483960460469306e-04
-2.1274941616994782e-04
-2.1069557828223219e-04
-2.0866472880199277e-04
-2.0667205296776334e-04
-2.0472565986337984e-04
-2.0282877552635397e-04
-2.0098135115475800e-04
-1.9918825988417382e-04
-1.9745001785641375e-04
-1.9576572432283381e-04
-1.9414352861050883e-04
-1.9258474458695555e-04
-1.9109300518421439e-04
-1.8966792402855644e-04
-1.8830985281860176e-04
-1.8700998880430642e-04
-1.8577474746122964e-04
-1.8460849760610696e-04
-1.8350897864073017e-04
-1.8247616830763057e-04
-1.8151093904689112e-04
-1.8061429447818576e-04
-1.7978216437423891e-04
-1.7901648947983079e-04
-1.7832034042352131e-04
-1.7769949257547300e-04
-1.7715345857614669e-04
-1.7668286686723942e-04
-1.7629034468948950e-04
0.0000000000000000e+00
5.6107274738003543e-01
3.6183819732843697e-01
6.6999666786069341e+01
];
