%Vec Object:sol 1 MPI processes
%  type: mpi
sol = [
0.0000000000000000e+00
-3.5542487196254613e-04
-3.5298593723131241e-04
-3.5059742831717103e-04
-3.4827561110047821e-04
-3.4605832537275288e-04
-3.4384370966914358e-04
-3.4170074662069161e-04
-3.3957587842436607e-04
-3.3750480512316619e-04
-3.3552216908577131e-04
-3.3354016142358111e-04
-3.3164212082261059e-04
-3.2976851196268744e-04
-3.2789621599709846e-04
-3.2609662710622811e-04
-3.2431284957127183e-04
-3.2258511432707555e-04
-3.2091136685706822e-04
-3.1924443814042536e-04
-3.1759485046896796e-04
-3.1597800329722546e-04
-3.1439057133480423e-04
-3.1285666591317522e-04
-3.1134013758759660e-04
-3.0986237176468587e-04
-3.0839441145145383e-04
-3.0692657471223023e-04
-3.0550351743492183e-04
-3.0411865224533861e-04
-3.0274534451578411e-04
-3.0141373349294612e-04
-3.0009116495956472e-04
-2.9876334403954529e-04
-2.9747397883031691e-04
-2.9621055480687550e-04
-2.9496482626991332e-04
-2.9375396539425461e-04
-2.9256026312165351e-04
-2.9135045910327201e-04
-2.9017334025902908e-04
-2.8901908917846345e-04
-2.8788103481106650e-04
-2.8677300994375002e-04
-2.8568811315033598e-04
-2.8458731566000849e-04
-2.8350707137731688e-04
-2.8245209351361529e-04
-2.8140748717377009e-04
-2.8038939303589547e-04
-2.7939657700565491e-04
-2.7839964421329607e-04
-2.7740542916268151e-04
-2.7643561625208214e-04
-2.7548114623802218e-04
-2.7454399221375926e-04
-2.7362982663638278e-04
-2.7273417841729484e-04
-2.7181841202205081e-04
-2.7092507336750471e-04
-2.7005339015006002e-04
-2.6919487962862840e-04
-2.6835391195999156e-04
-2.6753361019389728e-04
-2.6671151192660651e-04
-2.6589016900843964e-04
-2.6508925181916115e-04
-2.6430820703985709e-04
-2.6354294229873060e-04
-2.6279155050543633e-04
-2.6205031059189362e-04
-2.6130765768025510e-04
-2.6057938818584256e-04
-2.5986667221035762e-04
-2.5917278829856776e-04
-2.5849739953395551e-04
-2.5783624942211393e-04
-2.5716316734124669e-04
-2.5650775641734922e-04
-2.5587074995097258e-04
-2.5524897890188882e-04
-2.5464212300212608e-04
-2.5405347096545664e-04
-2.5346607792808823e-04
-2.5288591961599365e-04
-2.5231941229419486e-04
-2.5177133955903798e-04
-2.5124157576727899e-04
-2.5073002533975504e-04
-2.5022545319881677e-04
-2.4972003029928119e-04
-2.4923339026591243e-04
-2.4876550124510144e-04
-2.4831634650146711e-04
-2.4788253192144650e-04
-2.4746589016769681e-04
-2.4704474692743687e-04
-2.4664312945769392e-04
-2.4626110479246871e-04
0.0000000000000000e+00
4.8244591381094087e-01
3.6295485309822773e-01
7.2925365311217348e+01
];
