%Vec Object:sol 1 MPI processes
%  type: mpi
sol = [
0.0000000000000000e+00
-4.2567790097662768e-03
-4.2173604414159184e-03
-4.1781178629563724e-03
-4.1399377062379256e-03
-4.1032805014207686e-03
-4.0668614155447372e-03
-4.0315286498806965e-03
-3.9967043864111082e-03
-3.9627323383397825e-03
-3.9300304722968745e-03
-3.8973551607585821e-03
-3.8654552671774996e-03
-3.8342778216796688e-03
-3.8036825378249665e-03
-3.7741236807958189e-03
-3.7444840632050629e-03
-3.7155579419514933e-03
-3.6874364743129835e-03
-3.6596154598988579e-03
-3.6325494632377920e-03
-3.6056189935141768e-03
-3.5791771205663900e-03
-3.5535070860646762e-03
-3.5281723116429441e-03
-3.5031422800350194e-03
-3.4786226655116551e-03
-3.4543208352382513e-03
-3.4306656004023475e-03
-3.4075749019827992e-03
-3.3843327478430513e-03
-3.3616712275381074e-03
-3.3394820271942676e-03
-3.3175908813717391e-03
-3.2961772455666095e-03
-3.2748464763439830e-03
-3.2538344128555854e-03
-3.2333374583707517e-03
-3.2132170717322482e-03
-3.1932590771310576e-03
-3.1735498613177579e-03
-3.1542097781963644e-03
-3.1351612234798458e-03
-3.1165606546485398e-03
-3.0981441623350193e-03
-3.0798216997948756e-03
-3.0619263930050516e-03
-3.0444198360136819e-03
-3.0271330832032373e-03
-3.0100494372308747e-03
-2.9932276500426562e-03
-2.9766332062372007e-03
-2.9604020487442096e-03
-2.9445454077986978e-03
-2.9287690316692292e-03
-2.9131774830568149e-03
-2.8979511078600743e-03
-2.8830552825225607e-03
-2.8683929559478729e-03
-2.8539092092620360e-03
-2.8396538664632836e-03
-2.8256539544150405e-03
-2.8119575396564032e-03
-2.7985987123803598e-03
-2.7854207262659070e-03
-2.7723387665881086e-03
-2.7595916974871371e-03
-2.7471734848941967e-03
-2.7350397498634416e-03
-2.7230723769460373e-03
-2.7112686155919847e-03
-2.6997883620175568e-03
-2.6885783086536609e-03
-2.6776515297520821e-03
-2.6669935209309883e-03
-2.6564568081251772e-03
-2.6461924136410311e-03
-2.6362168836881242e-03
-2.6265595406189022e-03
-2.6172182192477442e-03
-2.6079259419324362e-03
-2.5989167136683503e-03
-2.5902271574466734e-03
-2.5818556329156102e-03
-2.5737918749398564e-03
-2.5658243865015013e-03
-2.5581249475396979e-03
-2.5507476016065752e-03
-2.5436916801283337e-03
-2.5369255291946163e-03
-2.5303537416069446e-03
-2.5240013134583588e-03
-2.5179768966574669e-03
-2.5122806661120618e-03
-2.5068771997065571e-03
-2.5017463169089166e-03
-2.4967916461044225e-03
-2.4921743036267047e-03
-2.4878953887786412e-03
0.0000000000000000e+00
5.4241640691211801e-01
3.6295486983223779e-01
7.2925299968229737e+01
];
