%Vec Object:sol 1 MPI processes
%  type: mpi
sol = [
0.0000000000000000e+00
-1.5102191152626667e-02
-1.3394617520140218e-02
-7.7309795298436297e-03
-4.0524215358111832e-03
-4.0094791206884564e-03
-3.9663624644566209e-03
-3.9248072078244250e-03
-3.8840641393727889e-03
-3.8442730397323403e-03
-3.8055131073077230e-03
-3.7668805541767863e-03
-3.7295564683004958e-03
-3.6930439161574572e-03
-3.6570365871586071e-03
-3.6218402378514611e-03
-3.5870695447978193e-03
-3.5531920650636491e-03
-3.5201671777101225e-03
-3.4871021630570585e-03
-3.4549144201770016e-03
-3.4232887495512054e-03
-3.3921750821247266e-03
-3.3616869622364047e-03
-3.3313172756961203e-03
-3.3015452003831614e-03
-3.2724549069903467e-03
-3.2435799065096207e-03
-3.2150564361642969e-03
-3.1869889056706756e-03
-3.1591605557438705e-03
-3.1319006046276331e-03
-3.1050708334086586e-03
-3.0781750352107560e-03
-3.0517850506894743e-03
-3.0257576049815284e-03
-2.9999967291777715e-03
-2.9746480825144838e-03
-2.9493515687554531e-03
-2.9243115536722224e-03
-2.8996803135413834e-03
-2.8753486227301160e-03
-2.8512120303214347e-03
-2.8272032918979133e-03
-2.8034973684165627e-03
-2.7799893272321742e-03
-2.7568284756466490e-03
-2.7339793326350832e-03
-2.7110452187664000e-03
-2.6884339950455217e-03
-2.6661414808512684e-03
-2.6440169967254200e-03
-2.6221852301694945e-03
-2.6005044492897712e-03
-2.5789695961150440e-03
-2.5576800920464929e-03
-2.5366947094884770e-03
-2.5159859337739940e-03
-2.4954273907177838e-03
-2.4750098267763932e-03
-2.4548978932313744e-03
-2.4350143484287725e-03
-2.4154068535037956e-03
-2.3961108957733768e-03
-2.3770077637027117e-03
-2.3580574986932310e-03
-2.3394368348308328e-03
-2.3211482963958765e-03
-2.3031622366656867e-03
-2.2854705722909628e-03
-2.2680019336378948e-03
-2.2508571564878611e-03
-2.2340452654605572e-03
-2.2175903882197742e-03
-2.2015364003852398e-03
-2.1858959207956673e-03
-2.1705280586205491e-03
-2.1555474868160981e-03
-2.1410380800788134e-03
-2.1270184547787733e-03
-2.1134840709778062e-03
-2.1004561369195995e-03
-2.0879084135961910e-03
-2.0758811643482099e-03
-2.0644567597755672e-03
-2.0536275075242320e-03
-2.0434602221282554e-03
-2.0339771008570985e-03
-2.0251664355892176e-03
-2.0169479061150851e-03
-2.0094562232672451e-03
-2.0027187576007882e-03
-1.9967468582805523e-03
-1.9915477303329211e-03
-1.9870996758696038e-03
-1.9833495660780335e-03
-1.9803595617374201e-03
-1.9781585895376551e-03
-1.9767476430285202e-03
0.0000000000000000e+00
5.5746733583480323e-01
3.6220744135382854e-01
6.8875387306405202e+01
];
