%Vec Object:sol 1 MPI processes
%  type: mpi
sol = [
0.0000000000000000e+00
-3.4486205297897530e-04
-3.4256418725300543e-04
-3.4031287786599648e-04
-3.3812386492826455e-04
-3.3603375748684426e-04
-3.3394335913563693e-04
-3.3189769374329236e-04
-3.2989113288618449e-04
-3.2793485435021524e-04
-3.2606238886092047e-04
-3.2418904611883245e-04
-3.2239533783361932e-04
-3.2061963070440972e-04
-3.1884745620481322e-04
-3.1714425088666566e-04
-3.1545510774233916e-04
-3.1381894322229779e-04
-3.1223384213215305e-04
-3.1065996950790773e-04
-3.0910304716345258e-04
-3.0756894568223980e-04
-3.0606232951750791e-04
-3.0460656814291218e-04
-3.0316673217298983e-04
-3.0176354145050463e-04
-3.0039712595733310e-04
-2.9900102371482700e-04
-2.9764751013437794e-04
-2.9633025329045282e-04
-2.9502349285044378e-04
-2.9375644373342744e-04
-2.9251791635263527e-04
-2.9127316575896633e-04
-2.9004405929002384e-04
-2.8883952603634653e-04
-2.8765159479237013e-04
-2.8649693225112527e-04
-2.8536415391155069e-04
-2.8424762267899073e-04
-2.8313092239358852e-04
-2.8202795569880386e-04
-2.8094026880584870e-04
-2.7988129478261824e-04
-2.7884436844866626e-04
-2.7781995251897467e-04
-2.7681930310144155e-04
-2.7580909503123669e-04
-2.7480862753532441e-04
-2.7383358267734926e-04
-2.7288278109920404e-04
-2.7194181555705244e-04
-2.7102252751399629e-04
-2.7011391599802753e-04
-2.6919792138385419e-04
-2.6829852075165722e-04
-2.6742123636214356e-04
-2.6656310160956808e-04
-2.6571562081796320e-04
-2.6488910530495554e-04
-2.6406253713168556e-04
-2.6323693271661306e-04
-2.6242823893735063e-04
-2.6163950374248759e-04
-2.6086919465836885e-04
-2.6010900483932985e-04
-2.5936810917970315e-04
-2.5861774009307596e-04
-2.5788052536889887e-04
-2.5715673883377566e-04
-2.5645157603678125e-04
-2.5576463052720750e-04
-2.5509109772469947e-04
-2.5442552177189139e-04
-2.5375596190137483e-04
-2.5310437622434701e-04
-2.5246634522884493e-04
-2.5184333973865064e-04
-2.5123800561184154e-04
-2.5065010673543732e-04
-2.5006141776321306e-04
-2.4947504586232222e-04
-2.4890643617877617e-04
-2.4835542096221514e-04
-2.4782104103036239e-04
-2.4729957995219974e-04
-2.4679576616894172e-04
-2.4628551755626911e-04
-2.4579083248774006e-04
-2.4531104308861548e-04
-2.4484746183305305e-04
-2.4440188239850815e-04
-2.4397428893015136e-04
-2.4355700414785986e-04
-2.4313721499658991e-04
-2.4273543317579450e-04
-2.4235238843758560e-04
-2.4198815021180971e-04
-2.4164280071675652e-04
0.0000000000000000e+00
4.7360438771742452e-01
3.6295485309822773e-01
7.2925365311217348e+01
];
