%Vec Object:sol 1 MPI processes
%  type: mpi
sol = [
0.0000000000000000e+00
-2.0028541532448626e-03
-1.8743838498583546e-03
-1.6896181895902688e-03
-1.4792443618639468e-03
-1.3184549995622764e-03
-1.1826739028078970e-03
-1.0710811059786809e-03
-9.7131978203259244e-04
-8.8365516924042171e-04
-7.9673612693318590e-04
-7.0912103692916660e-04
-6.1917768421794917e-04
-5.2354630556538816e-04
-4.3147787126292779e-04
-3.4120156956374037e-04
-2.7290457262911419e-04
-2.2205404423241169e-04
-1.9009259466536130e-04
-1.6758608309241213e-04
-1.5542217331479034e-04
-1.4965081637355516e-04
-1.4858510393450146e-04
-1.5016276242484674e-04
-1.5300670396125701e-04
-1.5638431616935532e-04
-1.5973263794628482e-04
-1.6266252711976854e-04
-1.6525474848641338e-04
-1.6719697280180492e-04
-1.6875760893232715e-04
-1.6981353869081046e-04
-1.7050258562493914e-04
-1.7092367537185595e-04
-1.7103158976562808e-04
-1.7097065770108955e-04
-1.7075467863730316e-04
-1.7038231300203996e-04
-1.6993767834338247e-04
-1.6943423632297623e-04
-1.6885709445719753e-04
-1.6825962789286620e-04
-1.6764937871155384e-04
-1.6702512278866022e-04
-1.6641070270092775e-04
-1.6580750872230432e-04
-1.6521808328424201e-04
-1.6465856344874394e-04
-1.6413262723858715e-04
-1.6363888959517031e-04
-1.6317658558635652e-04
-1.6276102575580264e-04
-1.6238962486176366e-04
-1.6204926964192087e-04
-1.6175277684167557e-04
-1.6149991030226858e-04
-1.6128202820713818e-04
-1.6109297223051899e-04
-1.6093958729338420e-04
-1.6081624555509938e-04
-1.6070472435012365e-04
-1.6063005769468734e-04
-1.6057152940795620e-04
-1.6051618306289902e-04
-1.6046668401341560e-04
-1.6042701669919854e-04
-1.6038614774663260e-04
-1.6033260415618548e-04
-1.6026627471717021e-04
-1.6018997131859151e-04
-1.6009300985586085e-04
-1.5996057642618080e-04
-1.5981318402559055e-04
-1.5964089020621566e-04
-1.5942361883235421e-04
-1.5916783537047537e-04
-1.5887648131722269e-04
-1.5854043074987409e-04
-1.5815192801114331e-04
-1.5771159883915933e-04
-1.5722659412682294e-04
-1.5668725956734472e-04
-1.5608862199489136e-04
-1.5542574275402422e-04
-1.5470349531452958e-04
-1.5391947030900951e-04
-1.5306510090640704e-04
-1.5213675683854828e-04
-1.5113024385842808e-04
-1.5005522041222754e-04
-1.4890014581252998e-04
-1.4765627024108550e-04
-1.4632212009679430e-04
-1.4489673772353907e-04
-1.4336876107128808e-04
-1.4173302124997775e-04
-1.3998388106118955e-04
-1.3810684020540764e-04
-1.3610185261816383e-04
0.0000000000000000e+00
5.8538046708155478e-01
3.5164332048668506e-01
3.5896186617681224e+01
];
