%Vec Object:sol 1 MPI processes
%  type: mpi
sol = [
0.0000000000000000e+00
-3.6839564577938964e-04
-3.6579557624219819e-04
-3.6325018304723619e-04
-3.6077641264252816e-04
-3.5841366497636496e-04
-3.5602698499691759e-04
-3.5372152569804703e-04
-3.5146190517849652e-04
-3.4925998667618957e-04
-3.4715182126046743e-04
-3.4504572551311843e-04
-3.4299119589911671e-04
-3.4096759168447856e-04
-3.3898163636014798e-04
-3.3707266768615132e-04
-3.3518132931385124e-04
-3.3334950453696715e-04
-3.3153261639963641e-04
-3.2972236446017142e-04
-3.2797693987604668e-04
-3.2626654380142292e-04
-3.2458768830863328e-04
-3.2296558348418781e-04
-3.2131734069476174e-04
-3.1970872558605417e-04
-3.1815111858582581e-04
-3.1660285002931200e-04
-3.1510185121512554e-04
-3.1364018047197868e-04
-3.1214811648053794e-04
-3.1070102453485183e-04
-3.0928682201760343e-04
-3.0789018709080526e-04
-3.0653403498440699e-04
-3.0520200565556838e-04
-3.0385094681161472e-04
-3.0253750314686930e-04
-3.0124939883065331e-04
-2.9998048978712214e-04
-2.9874589236342897e-04
-2.9753078253626957e-04
-2.9629880111277146e-04
-2.9509916411290409e-04
-2.9392467630785113e-04
-2.9276509221532599e-04
-2.9163536378939704e-04
-2.9052684988763676e-04
-2.8939821116058442e-04
-2.8829806748735071e-04
-2.8722510047656153e-04
-2.8616388901236078e-04
-2.8512702418258804e-04
-2.8411014144066058e-04
-2.8308046076645126e-04
-2.8206957463796099e-04
-2.8108332340731851e-04
-2.8011849968820470e-04
-2.7916601705016447e-04
-2.7823133262085966e-04
-2.7729216913405160e-04
-2.7636735907556151e-04
-2.7546139926752731e-04
-2.7457749278953869e-04
-2.7371396897710577e-04
-2.7285645046699317e-04
-2.7199476436883197e-04
-2.7115422600665091e-04
-2.7033058084157075e-04
-2.6952183749486274e-04
-2.6873348888454266e-04
-2.6795944312362478e-04
-2.6717651592982663e-04
-2.6641014939291559e-04
-2.6566370778169634e-04
-2.6493681974200899e-04
-2.6422476963561112e-04
-2.6352311118296766e-04
-2.6281861089258760e-04
-2.6213350016561412e-04
-2.6146449074308824e-04
-2.6081123682193316e-04
-2.6017711606832579e-04
-2.5955524045767218e-04
-2.5893113469663574e-04
-2.5832141793275323e-04
-2.5773100943786989e-04
-2.5715976274543996e-04
-2.5660756266593197e-04
-2.5606342790437253e-04
-2.5551867141661950e-04
-2.5499350357342229e-04
-2.5448787540714458e-04
-2.5400175382558887e-04
-2.5353162572822573e-04
-2.5307097297580121e-04
-2.5261490478814921e-04
-2.5217909796717257e-04
-2.5176360641158941e-04
0.0000000000000000e+00
4.9304139380753154e-01
3.6295485309822773e-01
7.2925365311217348e+01
];
