%Vec Object:sol 1 MPI processes
%  type: mpi
sol = [
0.0000000000000000e+00
-3.6034360100360984e-04
-3.5786716713922173e-04
-3.5544207206892475e-04
-3.5307348959237128e-04
-3.5076270503196246e-04
-3.4845624222766151e-04
-3.4625853690020572e-04
-3.4410390557522707e-04
-3.4200394791386222e-04
-3.3998482480266241e-04
-3.3792022282336319e-04
-3.3594234290312597e-04
-3.3401104645091771e-04
-3.3211515902084533e-04
-3.3029308442082504e-04
-3.2848281294268556e-04
-3.2668262631952100e-04
-3.2493847969605169e-04
-3.2320842559206182e-04
-3.2154055325721612e-04
-3.1990584883128667e-04
-3.1830115829410341e-04
-3.1670482376948346e-04
-3.1512538177125358e-04
-3.1358631560239044e-04
-3.1209617565349678e-04
-3.1061432044599674e-04
-3.0917780932377569e-04
-3.0774451323771821e-04
-3.0631495565728976e-04
-3.0492860846973059e-04
-3.0357367789723185e-04
-3.0223522238786836e-04
-3.0093565249986659e-04
-2.9963669261674059e-04
-2.9834051797171480e-04
-2.9708049651840080e-04
-2.9584465887176284e-04
-2.9462701907200238e-04
-2.9344237374830280e-04
-2.9226458315830488e-04
-2.9108104908379996e-04
-2.8992864360252404e-04
-2.8880035331414170e-04
-2.8768617578345089e-04
-2.8660075002430587e-04
-2.8553334336372236e-04
-2.8444767505154278e-04
-2.8338947804051727e-04
-2.8235748169178022e-04
-2.8133661395438601e-04
-2.8033920837412330e-04
-2.7936627914648920e-04
-2.7837535490183798e-04
-2.7740180114489726e-04
-2.7645204853314338e-04
-2.7552296977754722e-04
-2.7460567942367832e-04
-2.7371091376262251e-04
-2.7281336862184920e-04
-2.7192168360715098e-04
-2.7104820506710639e-04
-2.7019608103128086e-04
-2.6936368655920587e-04
-2.6854234376642172e-04
-2.6772503678378328e-04
-2.6691380797923617e-04
-2.6611893418014847e-04
-2.6533847178675859e-04
-2.6457781157354112e-04
-2.6383651084928555e-04
-2.6310017788555215e-04
-2.6235984292908269e-04
-2.6163888993305381e-04
-2.6093696353717932e-04
-2.6024944936100820e-04
-2.5957786185888503e-04
-2.5892162891802243e-04
-2.5825944242432563e-04
-2.5761294668950923e-04
-2.5698181056239404e-04
-2.5636935536068174e-04
-2.5577539017393935e-04
-2.5519907306589254e-04
-2.5461109137618301e-04
-2.5404042764562499e-04
-2.5348851982632024e-04
-2.5295525920216501e-04
-2.5243757333573121e-04
-2.5193679645416111e-04
-2.5143489915694154e-04
-2.5094637931574580e-04
-2.5047699380867562e-04
-2.5002330097363679e-04
-2.4958832732340929e-04
-2.4917281939913961e-04
-2.4876066155962690e-04
-2.4835979982459270e-04
0.0000000000000000e+00
4.8646203912926100e-01
3.6295485309822773e-01
7.2925365311217348e+01
];
