%Vec Object:sol 1 MPI processes
%  type: mpi
sol = [
0.0000000000000000e+00
-3.4061631084831581e-10
-3.8172936155105032e-10
-3.8604581389922852e-10
-1.4633601516261935e-04
-2.0481899570995049e-03
-1.8391381618198725e-03
-1.6622708877385164e-03
-1.5009320516513728e-03
-1.3571114209532358e-03
-1.2159354946475534e-03
-1.0765742220328757e-03
-9.3530532562737282e-04
-7.8700392630174276e-04
-6.4450171148682856e-04
-5.0096872482434135e-04
-3.8023655953498637e-04
-2.7407439262482986e-04
-1.9986177719041659e-04
-1.4694871836352409e-04
-1.1848965055180193e-04
2.1339340710794383e-02
-5.4915971854201475e-04
-4.0849739115408239e-04
-3.2941970114325349e-04
-3.0305065403798536e-04
-2.9767273662564104e-04
-2.9815742468482432e-04
-3.0006585035652892e-04
-3.0173534053021180e-04
-3.0295918582980792e-04
-3.0353189605660305e-04
-3.0352952108805977e-04
-3.0301374775425991e-04
-3.0197625370663580e-04
-3.0054476876717175e-04
-2.9872902867320402e-04
-2.9656239481620989e-04
-2.9412110206842186e-04
-2.9141943257805216e-04
-2.8847527204822613e-04
-2.8533609472469111e-04
-2.8197005542466457e-04
-2.7844047196884554e-04
-2.7477307676180315e-04
-2.7096576524829162e-04
-2.6705117338293949e-04
-2.6305046861396461e-04
-2.5896244141236321e-04
-2.5480924004308181e-04
-2.5060394083437277e-04
-2.4635508216178179e-04
-2.4208101256317414e-04
-2.3777958068249449e-04
-2.3346412358681489e-04
-2.2915117256913105e-04
-2.2484329420227226e-04
-2.2054043951270634e-04
-2.1625789418688033e-04
-2.1200373816006527e-04
-2.0776987612062341e-04
-2.0358877339606951e-04
-1.9945239025837417e-04
-1.9535866122045615e-04
-1.9131909497645434e-04
-1.8734760476322071e-04
-1.8344563072456908e-04
-1.7961047654249082e-04
-1.7585336781379904e-04
-1.7218672815071866e-04
-1.6860948717832208e-04
-1.6511746931391948e-04
-1.6174049745268073e-04
-1.5847780414430943e-04
-1.5531763284650944e-04
-1.5227419742992810e-04
-1.4935850051030078e-04
-1.4656807578390665e-04
-1.4389960303553200e-04
-1.4135702098037908e-04
-1.3895227343293349e-04
-1.3667706602048712e-04
-1.3452616594588092e-04
-1.3249301104789862e-04
-1.3058118901939077e-04
-1.2878473423286814e-04
-1.2709022411989509e-04
-1.2548813060736169e-04
-1.2396736909881174e-04
-1.2253166913676636e-04
-1.2116173780042740e-04
-1.1984369625710518e-04
-1.1856857364996522e-04
-1.1733003801108365e-04
-1.1611145063058969e-04
-1.1490265159847348e-04
-1.1369802835292924e-04
-1.1248284301925276e-04
-1.1125930787551298e-04
0.0000000000000000e+00
6.8324855598274536e-01
3.3316597391775160e-01
1.7618808564753927e+01
];
