%Vec Object:sol 1 MPI processes
%  type: mpi
sol = [
0.0000000000000000e+00
-1.5736936801186662e-02
-1.4073115449629060e-02
-1.2356928998822077e-02
-2.9172998341705347e-03
-3.9867027691234637e-03
-3.9479911662489639e-03
-3.9098582345939289e-03
-3.8719794244477680e-03
-3.8345585196894382e-03
-3.7980387492253563e-03
-3.7610000022685122e-03
-3.7247268625089673e-03
-3.6888805203687965e-03
-3.6533449710763068e-03
-3.6183879697824113e-03
-3.5833055819809402e-03
-3.5488435719651197e-03
-3.5149858980609082e-03
-3.4812259987772117e-03
-3.4477830867137627e-03
-3.4147191459378487e-03
-3.3820033816694827e-03
-3.3499211377960160e-03
-3.3178447324727742e-03
-3.2860873068555449e-03
-3.2549117333760731e-03
-3.2238640231599799e-03
-3.1933608771658301e-03
-3.1630033074676453e-03
-3.1328113576985458e-03
-3.1031385948644768e-03
-3.0738538691381266e-03
-3.0447320520783517e-03
-3.0158309695475019e-03
-2.9872664148918740e-03
-2.9589467285490298e-03
-2.9310542019578049e-03
-2.9033732511386532e-03
-2.8757317963273364e-03
-2.8484832893430913e-03
-2.8215200778561522e-03
-2.7947692978639010e-03
-2.7683087564590392e-03
-2.7419378909533960e-03
-2.7157497683785248e-03
-2.6898893604351709e-03
-2.6643199067730113e-03
-2.6388852695967391e-03
-2.6135243494636818e-03
-2.5884550240162013e-03
-2.5635278842422323e-03
-2.5388619635923599e-03
-2.5144661455028094e-03
-2.4901299054995770e-03
-2.4659139348722253e-03
-2.4419597155708626e-03
-2.4182378025021599e-03
-2.3946661817543496e-03
-2.3713463084031002e-03
-2.3480999067581536e-03
-2.3250187860516876e-03
-2.3021589899952788e-03
-2.2795538583815101e-03
-2.2571951411438388e-03
-2.2350079531248978e-03
-2.2129385726631502e-03
-2.1911561432688838e-03
-2.1696414619978292e-03
-2.1483982376301917e-03
-2.1274963911673702e-03
-2.1069580614217725e-03
-2.0866496082750019e-03
-2.0667228918139582e-03
-2.0472590026474244e-03
-2.0282901941309629e-03
-2.0098159820150620e-03
-1.9918851010234597e-03
-1.9745027213800728e-03
-1.9576598183049824e-03
-1.9414378934959290e-03
-1.9258500861499873e-03
-1.9109327265421873e-03
-1.8966819521323750e-03
-1.8831012804719032e-03
-1.8701026907025845e-03
-1.8577503248856291e-03
-1.8460878781391661e-03
-1.8350927447414660e-03
-1.8247647013092875e-03
-1.8151124720533821e-03
-1.8061460929804682e-03
-1.7978248657651177e-03
-1.7901681876899987e-03
-1.7832067696994963e-03
-1.7769983650256233e-03
-1.7715381000021359e-03
-1.7668322588899658e-03
-1.7629071135810248e-03
0.0000000000000000e+00
5.6107266799641897e-01
3.6183822254191622e-01
6.6999640178875367e+01
];
