%Vec Object:sol 1 MPI processes
%  type: mpi
sol = [
0.0000000000000000e+00
-3.6721967295859428e-03
-3.6462681001026014e-03
-3.6208853268901724e-03
-3.5962171344107495e-03
-3.5726559526510476e-03
-3.5491410662467507e-03
-3.5262306889563013e-03
-3.5036943698221919e-03
-3.4817339314226633e-03
-3.4607084640683799e-03
-3.4397046488821937e-03
-3.4195758953345012e-03
-3.3993912238617962e-03
-3.3795825702954371e-03
-3.3605417884354054e-03
-3.3416775168061568e-03
-3.3234070017898899e-03
-3.3056397799075647e-03
-3.2875812079948058e-03
-3.2701692537089586e-03
-3.2531069695336725e-03
-3.2363595340468817e-03
-3.2201764451974826e-03
-3.2040840825357658e-03
-3.1880339601033066e-03
-3.1724926240439232e-03
-3.1570448493030527e-03
-3.1420685763082776e-03
-3.1274951562747229e-03
-3.1129378165650704e-03
-3.0984949648856222e-03
-3.0843803754648574e-03
-3.0704413412723001e-03
-3.0569062044617495e-03
-3.0436451349096050e-03
-3.0304611872792519e-03
-3.0173480424431219e-03
-3.0044879303461349e-03
-2.9918195998359649e-03
-2.9794936910404316e-03
-2.9674084372954589e-03
-2.9553896863519164e-03
-2.9434087600541461e-03
-2.9316789924774883e-03
-2.9200982513321386e-03
-2.9088155526600084e-03
-2.8977969183487462e-03
-2.8867937688675620e-03
-2.8758027076203358e-03
-2.8650830453589896e-03
-2.8544810529361705e-03
-2.8441222263287844e-03
-2.8340174602607565e-03
-2.8239906828733266e-03
-2.8138877939321897e-03
-2.8040310005714554e-03
-2.7943883181607916e-03
-2.7848691551292147e-03
-2.7755826876170214e-03
-2.7664505878044099e-03
-2.7572044911885149e-03
-2.7481468507617752e-03
-2.7393095885111605e-03
-2.7306760378092653e-03
-2.7221577669939339e-03
-2.7137911658048231e-03
-2.7053841876006446e-03
-2.6971461766226402e-03
-2.6890572662088244e-03
-2.6811722110293185e-03
-2.6734864016491641e-03
-2.6658975445109801e-03
-2.6582292682434238e-03
-2.6507602051794687e-03
-2.6434866408110661e-03
-2.6363615454526278e-03
-2.6294002402515895e-03
-2.6225840782220572e-03
-2.6157253914285972e-03
-2.6090278058116556e-03
-2.6024878612963022e-03
-2.5961392271154275e-03
-2.5899798496705931e-03
-2.5839531669529562e-03
-2.5778458464704897e-03
-2.5719316167341156e-03
-2.5662090049948455e-03
-2.5606768505688610e-03
-2.5553038732643403e-03
-2.5500522182388286e-03
-2.5447877638990115e-03
-2.5397187161657368e-03
-2.5348447328432406e-03
-2.5301307659419559e-03
-2.5256074986370826e-03
-2.5212186882355024e-03
-2.5168452783528045e-03
-2.5126750145494431e-03
0.0000000000000000e+00
4.9207859860244019e-01
3.6295486983223779e-01
7.2925299968229737e+01
];
