%Vec Object:sol 1 MPI processes
%  type: mpi
sol = [
0.0000000000000000e+00
-4.2622198981305632e-03
-4.2227858657148936e-03
-4.1839766856556302e-03
-4.1457662035008884e-03
-4.1090852103507769e-03
-4.0726487766689565e-03
-4.0377319374522089e-03
-4.0029173168245509e-03
-3.9689362474979450e-03
-3.9362326081706887e-03
-3.9037140042205167e-03
-3.8720975033186564e-03
-3.8409283678885217e-03
-3.8103487343555472e-03
-3.7808131292494111e-03
-3.7516106983369038e-03
-3.7227135915871555e-03
-3.6946287917855010e-03
-3.6668516173024744e-03
-3.6399488990262597e-03
-3.6133458306803396e-03
-3.5869594238898371e-03
-3.5613522897122761e-03
-3.5360872099407222e-03
-3.5114156988600544e-03
-3.4870549359901702e-03
-3.4628330484843526e-03
-3.4392643989960957e-03
-3.4162665607789544e-03
-3.3934682124054628e-03
-3.3709034724668904e-03
-3.3488166331015136e-03
-3.3270328275474708e-03
-3.3058073046288274e-03
-3.2848411980758792e-03
-3.2639414625213856e-03
-3.2435612161975519e-03
-3.2235613122829207e-03
-3.2038719529098605e-03
-3.1844488668483139e-03
-3.1652303105875854e-03
-3.1463057186253661e-03
-3.1278316362784281e-03
-3.1097273050368556e-03
-3.0916364793292322e-03
-3.0738644670187058e-03
-3.0564824581904874e-03
-3.0393206860284275e-03
-3.0225607549667476e-03
-3.0059352670266325e-03
-2.9894587036827756e-03
-2.9733452951208050e-03
-2.9576060484754045e-03
-2.9421388183563544e-03
-2.9267218494330931e-03
-2.9116022218999269e-03
-2.8968117748276634e-03
-2.8822528490010393e-03
-2.8680427100594222e-03
-2.8539518588874642e-03
-2.8400420427657936e-03
-2.8264333181366101e-03
-2.8131597417575989e-03
-2.8002035287348747e-03
-2.7872839358953601e-03
-2.7746064145779724e-03
-2.7622547240747186e-03
-2.7501841285429572e-03
-2.7383740368385322e-03
-2.7267374907097956e-03
-2.7153032054140773e-03
-2.7041352354606027e-03
-2.6932465982428149e-03
-2.6826729762137375e-03
-2.6723127761002045e-03
-2.6620681090152401e-03
-2.6521080249610252e-03
-2.6424618760924083e-03
-2.6331271784670700e-03
-2.6240222788906408e-03
-2.6150050185305821e-03
-2.6063029404863958e-03
-2.5979143689528849e-03
-2.5898289779283713e-03
-2.5820063786375792e-03
-2.5742736319114162e-03
-2.5668550079414737e-03
-2.5597530481914141e-03
-2.5529357477025571e-03
-2.5464177200694607e-03
-2.5400530286172861e-03
-2.5339566639033442e-03
-2.5281831845982484e-03
-2.5226968363981895e-03
-2.5175297430593958e-03
-2.5125791958648227e-03
-2.5078569965578165e-03
-2.5034673360490932e-03
0.0000000000000000e+00
5.4108406140550014e-01
3.6295486983223779e-01
7.2925299968229737e+01
];
