%Vec Object:sol 1 MPI processes
%  type: mpi
sol = [
0.0000000000000000e+00
-4.2677486852971526e-04
-4.2282946559257486e-04
-4.1896959870887224e-04
-4.1517148471267959e-04
-4.1150209319293243e-04
-4.0785777911662470e-04
-4.0436605024695885e-04
-4.0092938030673929e-04
-3.9753141139815048e-04
-3.9426179864385930e-04
-3.9101124280435911e-04
-3.8788186497808533e-04
-3.8477821840377549e-04
-3.8172212895822407e-04
-3.7877102664524387e-04
-3.7585479232497680e-04
-3.7300717911129016e-04
-3.7020171048793283e-04
-3.6742751667156169e-04
-3.6474132162983699e-04
-3.6210806497656936e-04
-3.5948915953196473e-04
-3.5693304004175266e-04
-3.5441160174621552e-04
-3.5195001338241704e-04
-3.4955583546447243e-04
-3.4713934442466180e-04
-3.4478866343220154e-04
-3.4249552475879448e-04
-3.4022817336781200e-04
-3.3800729932564660e-04
-3.3580559223966540e-04
-3.3363456715251286e-04
-3.3151977990798201e-04
-3.2944629517995242e-04
-3.2738133654901784e-04
-3.2535126680289676e-04
-3.2335955993955095e-04
-3.2139920332912002e-04
-3.1948683447856455e-04
-3.1758276337282742e-04
-3.1569888448596244e-04
-3.1386032752563054e-04
-3.1205897594293263e-04
-3.1028342669966991e-04
-3.0851933769774162e-04
-3.0679000151330558e-04
-3.0508281722768573e-04
-3.0341598393236475e-04
-3.0178796187500790e-04
-3.0015069147347186e-04
-2.9854804451519691e-04
-2.9698290848030108e-04
-2.9544501484894334e-04
-2.9393653678481480e-04
-2.9243378831181810e-04
-2.9096288996577661e-04
-2.8951509452087416e-04
-2.8810214833660460e-04
-2.8672313713470551e-04
-2.8534122426347622e-04
-2.8398743366543492e-04
-2.8266704908908746e-04
-2.8137826103393610e-04
-2.8011161806046640e-04
-2.7885352025924830e-04
-2.7762395660802392e-04
-2.7642227780512197e-04
-2.7524639828290122e-04
-2.7410214673560535e-04
-2.7296942349743772e-04
-2.7185632664313892e-04
-2.7077086040070835e-04
-2.6971659300048338e-04
-2.6869316225663903e-04
-2.6768070353406619e-04
-2.6668615080917935e-04
-2.6572263558248879e-04
-2.6478989274243296e-04
-2.6388452390616556e-04
-2.6299620233071651e-04
-2.6212491212157079e-04
-2.6128454575701345e-04
-2.6047404431837244e-04
-2.5968932131545440e-04
-2.5893050809341423e-04
-2.5818480734510245e-04
-2.5747028487838123e-04
-2.5678371865676014e-04
-2.5612656983824204e-04
-2.5550061164649482e-04
-2.5488423982310927e-04
-2.5429959815151095e-04
-2.5374311696973708e-04
-2.5321801216050615e-04
-2.5272508596634047e-04
-2.5224729727285627e-04
-2.5179775129609977e-04
0.0000000000000000e+00
5.3977174052575938e-01
3.6295485309822773e-01
7.2925365311217348e+01
];
