%Vec Object:sol 1 MPI processes
%  type: mpi
sol = [
0.0000000000000000e+00
-4.1393257115147344e-03
-4.1056078685160645e-03
-4.0726179304693289e-03
-4.0405487587791391e-03
-4.0098489138410140e-03
-3.9787879006887069e-03
-3.9489563980283421e-03
-3.9197291705295335e-03
-3.8912400429436081e-03
-3.8638460396085103e-03
-3.8359946481327707e-03
-3.8092458501684367e-03
-3.7831224752146444e-03
-3.7574907545762574e-03
-3.7325934298616690e-03
-3.7076017090451599e-03
-3.6833585809983756e-03
-3.6598349515232875e-03
-3.6365392342369756e-03
-3.6137200214605169e-03
-3.5911401010829173e-03
-3.5689780659510463e-03
-3.5475149124367215e-03
-3.5263222815042562e-03
-3.5052699429033176e-03
-3.4847349969288365e-03
-3.4643580708669632e-03
-3.4445651517176590e-03
-3.4252764923287421e-03
-3.4057564096077108e-03
-3.3867536376433263e-03
-3.3681668256462620e-03
-3.3498231965236481e-03
-3.3319639509793489e-03
-3.3140416766917094e-03
-3.2963850142157265e-03
-3.2791912990303438e-03
-3.2623224057474341e-03
-3.2456646720071848e-03
-3.2290721812679945e-03
-3.2127982291510972e-03
-3.1967649202676979e-03
-3.1811302698461627e-03
-3.1657546182778263e-03
-3.1502632946469687e-03
-3.1351502854810578e-03
-3.1203769006790311e-03
-3.1057718695450182e-03
-3.0914581067318075e-03
-3.0771848961624625e-03
-3.0630871734103095e-03
-3.0493031176834669e-03
-3.0358440910612495e-03
-3.0225531459596431e-03
-3.0092201300338768e-03
-2.9962021296232643e-03
-2.9834634982441963e-03
-2.9709044866027307e-03
-2.9586068061959502e-03
-2.9463155593778194e-03
-2.9342252939522696e-03
-2.9223849580212380e-03
-2.9108292302634136e-03
-2.8995227319702872e-03
-2.8880967844811104e-03
-2.8769515563509002e-03
-2.8660803791665619e-03
-2.8554369489489375e-03
-2.8449999829805862e-03
-2.8345428553423653e-03
-2.8243447726416927e-03
-2.8143575728455882e-03
-2.8045941220072252e-03
-2.7950907377251246e-03
-2.7855981246816910e-03
-2.7762807238185853e-03
-2.7671904960249252e-03
-2.7583572566401578e-03
-2.7497778519311447e-03
-2.7412114809814360e-03
-2.7328010059981681e-03
-2.7246467017651307e-03
-2.7167461789066307e-03
-2.7090880416140552e-03
-2.7014627658740703e-03
-2.6940023168661119e-03
-2.6867975069313271e-03
-2.6798469159666836e-03
-2.6731167447267713e-03
-2.6664908000461288e-03
-2.6600044587665943e-03
-2.6537767889041487e-03
-2.6478072212690299e-03
-2.6420579536480812e-03
-2.6364633154051832e-03
-2.6309890954018629e-03
-2.6257799411379167e-03
-2.6208361583177735e-03
0.0000000000000000e+00
5.2812945566224812e-01
3.6295486983223779e-01
7.2925299968229737e+01
];
