%Vec Object:sol 1 MPI processes
%  type: mpi
sol = [
0.0000000000000000e+00
-3.8258581636770699e-03
-3.7980361056590543e-03
-3.7708103369799174e-03
-3.7443577662245888e-03
-3.7185619460233087e-03
-3.6927478981288765e-03
-3.6681407387656310e-03
-3.6440317603563892e-03
-3.6205445350699977e-03
-3.5977939400464393e-03
-3.5747693919157136e-03
-3.5527059365293733e-03
-3.5311709363870626e-03
-3.5100436070192227e-03
-3.4897302025999324e-03
-3.4690807703474558e-03
-3.4490793200170579e-03
-3.4297014255034270e-03
-3.4104971489089726e-03
-3.3919801773151419e-03
-3.3735743547292441e-03
-3.3552781719302363e-03
-3.3375938582963908e-03
-3.3201278325790599e-03
-3.3031111289883040e-03
-3.2866289783436381e-03
-3.2697907133501804e-03
-3.2534638519037193e-03
-3.2375757834925997e-03
-3.2218373796871341e-03
-3.2065739355373311e-03
-3.1914535660636160e-03
-3.1762951999905870e-03
-3.1615740428074485e-03
-3.1471539108247188e-03
-3.1329450955437034e-03
-3.1191322433407826e-03
-3.1052166984729982e-03
-3.0914734735618533e-03
-3.0781003837290436e-03
-3.0649907928695253e-03
-3.0520722331113192e-03
-3.0393702459332603e-03
-3.0266722051657067e-03
-3.0141407118875643e-03
-3.0019306431687347e-03
-2.9900061662245575e-03
-2.9782065753340102e-03
-2.9664429511113938e-03
-2.9548663217893317e-03
-2.9434215865004284e-03
-2.9322390699084593e-03
-2.9213297545418711e-03
-2.9105595079287226e-03
-2.8996780620881503e-03
-2.8890606681126491e-03
-2.8786737589210462e-03
-2.8684229079498380e-03
-2.8584213621961102e-03
-2.8485008549355068e-03
-2.8385651551593610e-03
-2.8288320205550220e-03
-2.8193343668748076e-03
-2.8100546339695442e-03
-2.8009007775852955e-03
-2.7917030649470286e-03
-2.7826868009612738e-03
-2.7738514681094227e-03
-2.7651762706691094e-03
-2.7567178319238329e-03
-2.7484004909166596e-03
-2.7400169829722805e-03
-2.7318099687907620e-03
-2.7238140402397067e-03
-2.7160251544486331e-03
-2.7083943711163189e-03
-2.7007622404692242e-03
-2.6932267643389215e-03
-2.6858958919240704e-03
-2.6787354780959576e-03
-2.6717418142889258e-03
-2.6649489352976673e-03
-2.6580848282260136e-03
-2.6514130032585220e-03
-2.6448931417033970e-03
-2.6385758862936736e-03
-2.6324595641696348e-03
-2.6264386019658032e-03
-2.6204287966285441e-03
-2.6146045658093711e-03
-2.6089850225421642e-03
-2.6035695198047713e-03
-2.5983575765338033e-03
-2.5931072324094713e-03
-2.5880112531349022e-03
-2.5831257214229695e-03
-2.5784509155843596e-03
-2.5739872576225247e-03
0.0000000000000000e+00
5.0427541442034529e-01
3.6295486983223779e-01
7.2925299968229737e+01
];
