%Vec Object:sol 1 MPI processes
%  type: mpi
sol = [
0.0000000000000000e+00
-3.5757056462854169e-03
-3.5511656605895061e-03
-3.5271329093792634e-03
-3.5037713177595874e-03
-3.4814620407522859e-03
-3.4587418007493960e-03
-3.4369445723680448e-03
-3.4155734385207305e-03
-3.3947433629133656e-03
-3.3748032557770740e-03
-3.3548687271736871e-03
-3.3354455196444458e-03
-3.3162723407706438e-03
-3.2974498801608748e-03
-3.2793588414716766e-03
-3.2614263154029750e-03
-3.2440574743814276e-03
-3.2270129854092455e-03
-3.2098215167066630e-03
-3.1932466351981279e-03
-3.1770007189205777e-03
-3.1610503292525136e-03
-3.1456382159621133e-03
-3.1302998311116730e-03
-3.1149921422891067e-03
-3.1001700946642016e-03
-3.0854306950693516e-03
-3.0711414486176551e-03
-3.0572360962317067e-03
-3.0434465654398846e-03
-3.0296604317553038e-03
-3.0161712893767372e-03
-3.0028463174759934e-03
-2.9899078091448770e-03
-2.9772298165872601e-03
-2.9647293599815916e-03
-2.9523008516861076e-03
-2.9399866424475933e-03
-2.9278538295478616e-03
-2.9160492061173502e-03
-2.9044739805879952e-03
-2.8930610207860813e-03
-2.8817983951409851e-03
-2.8705458298397646e-03
-2.8594342791054702e-03
-2.8486089992652932e-03
-2.8380371024573979e-03
-2.8275687712003726e-03
-2.8173315983387932e-03
-2.8070302532464835e-03
-2.7968404074518163e-03
-2.7868844467933639e-03
-2.7771731409233285e-03
-2.7676153750360354e-03
-2.7582310081350381e-03
-2.7488124370259729e-03
-2.7395294738911916e-03
-2.7303646697167975e-03
-2.7214245646259220e-03
-2.7127014072037122e-03
-2.7041098974219767e-03
-2.6955406644462517e-03
-2.6870192284107483e-03
-2.6786949146260408e-03
-2.6704815459079960e-03
-2.6624726909212481e-03
-2.6546628066109502e-03
-2.6469559070501406e-03
-2.6391445139170681e-03
-2.6315310793614327e-03
-2.6241111921713636e-03
-2.6168349994777598e-03
-2.6097142764871634e-03
-2.6027819919353669e-03
-2.5957801653115962e-03
-2.5888913008662437e-03
-2.5821619622938673e-03
-2.5756192804970175e-03
-2.5692606418066866e-03
-2.5630542149987848e-03
-2.5568285851429984e-03
-2.5506837280773915e-03
-2.5447237932748864e-03
-2.5389386607062208e-03
-2.5332897687940698e-03
-2.5278252194645035e-03
-2.5224484753501079e-03
-2.5170897961422811e-03
-2.5118871222678256e-03
-2.5068538739024446e-03
-2.5020084113215528e-03
-2.4973504313080424e-03
-2.4928439457088548e-03
-2.4882760991695070e-03
-2.4838955496303515e-03
-2.4797096644853067e-03
-2.4757190044261694e-03
-2.4719242624795137e-03
0.0000000000000000e+00
4.8421087967388360e-01
3.6295486983223779e-01
7.2925299968229737e+01
];
