%Vec Object:sol 1 MPI processes
%  type: mpi
sol = [
0.0000000000000000e+00
-5.4473296309543609e-10
-6.0468985386881736e-10
-6.2000769376836486e-10
-6.3080684126985842e-10
-6.3785375306303997e-10
-6.4052228102193015e-10
-6.4311128899312973e-10
-6.4420261622716439e-10
-1.4529476001146899e-07
-1.5281154639382977e-03
-1.3615294300960543e-03
-1.1882073571820627e-03
-1.0079567101210576e-03
-8.3606720013588726e-04
-6.6398814645132666e-04
-5.1992464076516202e-04
-3.9363332105539760e-04
-3.0540542357660280e-04
-2.4244069086437647e-04
-2.0825336691010667e-04
-1.9163857930387771e-04
-1.8841173583034418e-04
-1.9220706871617821e-04
-1.9925887465171510e-04
-2.0722194756172684e-04
-2.1455869592325495e-04
-2.2055221735543351e-04
-2.2523834344117852e-04
-2.2827375497996218e-04
-2.3022091691218786e-04
-2.3096324456118352e-04
-2.3089772644739387e-04
-2.3015395943620066e-04
-2.2885929943578767e-04
-2.2719401145105116e-04
-2.2521500114961528e-04
-2.2303024993398262e-04
-2.2068092769638516e-04
-2.1821621952517516e-04
-2.1569490784748553e-04
-2.1311788452820586e-04
-2.1047017808173310e-04
-2.0785433856390959e-04
-2.0525045966033248e-04
-2.0255415549373001e-04
-1.9992749607051431e-04
-1.9732997941864945e-04
-1.9474038622380581e-04
-1.9208812742037287e-04
-1.8952482116439963e-04
-1.8697853084179990e-04
-1.8446029760539717e-04
-1.8192672097961177e-04
-1.7938782867129129e-04
-1.7692889693167118e-04
-1.7447945674422684e-04
-1.7203103952705988e-04
-1.6961978003691159e-04
-1.6720647563930172e-04
-1.6478777074047798e-04
-1.6242927603500815e-04
-1.6009465929360978e-04
-1.5776388522717572e-04
-1.5543709913678458e-04
-1.5314759719276726e-04
-1.5087454002150370e-04
-1.4859625780195142e-04
-1.4633910936131376e-04
-1.4410951615538442e-04
-1.4187613962609913e-04
-1.3964848631168090e-04
-1.3745164732264649e-04
-1.3527716456672310e-04
-1.3310037634678494e-04
-1.3092598681997629e-04
-1.2877288877027497e-04
-1.2663459860975777e-04
-1.2449572434994815e-04
-1.2234738394279357e-04
-1.2022114672820196e-04
-1.1811013145289049e-04
-1.1600115071204247e-04
-1.1388749639052985e-04
-1.1178257882604807e-04
-1.0968772350705246e-04
-1.0759487336341083e-04
-1.0550137960971528e-04
-1.0340013288183590e-04
-1.0129790501276073e-04
-9.9182630213754229e-05
-9.7085838999486649e-05
-9.4985980413293911e-05
-9.2886195712968731e-05
-9.0776951800184620e-05
-8.8632232418337669e-05
-8.6494042463983165e-05
-8.4360798257132743e-05
-8.2222510561947564e-05
0.0000000000000000e+00
7.8050817395548988e-01
2.8667620226777440e-01
6.5968873356044249e+00
];
