%Vec Object:sol 1 MPI processes
%  type: mpi
sol = [
0.0000000000000000e+00
-4.1720703764830617e-03
-4.1376664688496457e-03
-4.1039956969102240e-03
-4.0711676796728593e-03
-4.0391398718385022e-03
-4.0072669054348432e-03
-3.9767932370215510e-03
-3.9469272864832254e-03
-3.9174724995514202e-03
-3.8888951844860764e-03
-3.8604263106730968e-03
-3.8330676397503450e-03
-3.8063378094138210e-03
-3.7795915412645767e-03
-3.7537383544081386e-03
-3.7281590671362809e-03
-3.7033327219774138e-03
-3.6791277534333872e-03
-3.6547213573071427e-03
-3.6311202395529429e-03
-3.6079805621697155e-03
-3.5852607986869185e-03
-3.5630191938048100e-03
-3.5407807311560848e-03
-3.5190789519395356e-03
-3.4980103822223291e-03
-3.4771006906311880e-03
-3.4564680049691495e-03
-3.4361941626297743e-03
-3.4161256967640895e-03
-3.3966144228543159e-03
-3.3775220487394491e-03
-3.3583082569548207e-03
-3.3395349732030866e-03
-3.3211274239278638e-03
-3.3029883765614779e-03
-3.2853163213024269e-03
-3.2675724584992497e-03
-3.2500861573295904e-03
-3.2330373391577611e-03
-3.2163108624578629e-03
-3.1998019519758210e-03
-3.1833376313287328e-03
-3.1672052872066606e-03
-3.1512905727783219e-03
-3.1357587687154765e-03
-3.1205228750664279e-03
-3.1051456232827467e-03
-3.0901346336518823e-03
-3.0754746688668728e-03
-3.0609952094460065e-03
-3.0467787766421828e-03
-3.0326067063337239e-03
-3.0186698194185732e-03
-3.0049901422283805e-03
-2.9916315106571722e-03
-2.9785057997211571e-03
-2.9652947343393635e-03
-2.9523970182354520e-03
-2.9398033760881393e-03
-2.9274176071345252e-03
-2.9152481552720548e-03
-2.9031037020287006e-03
-2.8912397932546875e-03
-2.8795598545096573e-03
-2.8681683189585275e-03
-2.8570364035936111e-03
-2.8458698024865173e-03
-2.8349240464135570e-03
-2.8242585870004969e-03
-2.8138683644150599e-03
-2.8036974036103248e-03
-2.7934810528871608e-03
-2.7835387587886000e-03
-2.7738676385550875e-03
-2.7644168654240783e-03
-2.7552031192054427e-03
-2.7460138440267212e-03
-2.7370673297710413e-03
-2.7283549138180153e-03
-2.7198729954509525e-03
-2.7116578791228185e-03
-2.7035027221369618e-03
-2.6955519086530317e-03
-2.6878169533807537e-03
-2.6803505921454292e-03
-2.6731512522435224e-03
-2.6660495738228080e-03
-2.6591033147012866e-03
-2.6524083988285728e-03
-2.6459847323876498e-03
-2.6398317492863726e-03
-2.6338148191401406e-03
-2.6279274839905251e-03
-2.6223096514704455e-03
-2.6169690816451488e-03
-2.6119060795570140e-03
-2.6070167427672997e-03
0.0000000000000000e+00
5.3057687212414884e-01
3.6295486983223779e-01
7.2925299968229737e+01
];
