%Vec Object:sol 1 MPI processes
%  type: mpi
sol = [
0.0000000000000000e+00
-8.7479294962330961e-03
-4.1896530045223875e-03
-4.1474763486700362e-03
-4.1062649057246048e-03
-4.0667333226938477e-03
-4.0275909075742876e-03
-3.9899220742381208e-03
-3.9526807648979723e-03
-3.9164216641844329e-03
-3.8815540913086865e-03
-3.8469854340700597e-03
-3.8132228895024880e-03
-3.7802402008208016e-03
-3.7479393704178739e-03
-3.7167647619773393e-03
-3.6857896242251369e-03
-3.6554452311091216e-03
-3.6259791670714024e-03
-3.5968870006967239e-03
-3.5687237886230052e-03
-3.5407185312558388e-03
-3.5132103160928209e-03
-3.4865217576467320e-03
-3.4602173634925249e-03
-3.4344208869758375e-03
-3.4090356886551688e-03
-3.3839065538938274e-03
-3.3594524192488394e-03
-3.3355888794996953e-03
-3.3117690116337053e-03
-3.2884070366841463e-03
-3.2655353024387719e-03
-3.2429798100088486e-03
-3.2209887788863267e-03
-3.1991133678606282e-03
-3.1774937091432563e-03
-3.1563943588687913e-03
-3.1356775446431638e-03
-3.1152736716078288e-03
-3.0950106621856783e-03
-3.0751042854860731e-03
-3.0554912290390686e-03
-3.0363236697555102e-03
-3.0175079880669087e-03
-2.9986394943475642e-03
-2.9801933616108315e-03
-2.9621314638810878e-03
-2.9442882387114943e-03
-2.9268240582681999e-03
-2.9094569004516173e-03
-2.8923151797280908e-03
-2.8755317017324345e-03
-2.8591176419009382e-03
-2.8429744928245401e-03
-2.8268421769296272e-03
-2.8110698435459521e-03
-2.7956253330384765e-03
-2.7804146261905202e-03
-2.7655522711481470e-03
-2.7507997935656298e-03
-2.7362687986216085e-03
-2.7220425932304587e-03
-2.7081552024960450e-03
-2.6945905238398913e-03
-2.6810900800762999e-03
-2.6678459623081024e-03
-2.6549361026607507e-03
-2.6423185643366458e-03
-2.6299747906443588e-03
-2.6178630225004431e-03
-2.6059456682491649e-03
-2.5943115654917101e-03
-2.5829746703983840e-03
-2.5719707590934806e-03
-2.5612733659707296e-03
-2.5506639504068482e-03
-2.5403623177373868e-03
-2.5303981385266538e-03
-2.5207704734772881e-03
-2.5114484000231608e-03
-2.5022699255516740e-03
-2.4933822429746965e-03
-2.4848385433605190e-03
-2.4766302928363420e-03
-2.4687200602530675e-03
-2.4610852027560741e-03
-2.4536712784016730e-03
-2.4466114602141485e-03
-2.4398766808783573e-03
-2.4334825987343085e-03
-2.4274498674982515e-03
-2.4215941543717584e-03
-2.4160956515241528e-03
-2.4109330525904243e-03
-2.4061392651560888e-03
-2.4017241809124808e-03
-2.3975909446254701e-03
-2.3937535880462404e-03
0.0000000000000000e+00
5.4775590278607067e-01
3.6282541674829449e-01
7.2198539463011400e+01
];
