%Vec Object:sol 1 MPI processes
%  type: mpi
sol = [
0.0000000000000000e+00
-3.4681252459449274e-04
-3.4449941329600702e-04
-3.4223326929121384e-04
-3.4002993802219816e-04
-3.3791996713553409e-04
-3.3575976986828759e-04
-3.3370172753426379e-04
-3.3168321602617827e-04
-3.2971536824776384e-04
-3.2783192998347716e-04
-3.2594764355068793e-04
-3.2411041938996087e-04
-3.2229627931536773e-04
-3.2051474522868046e-04
-3.1880263665425950e-04
-3.1710469031673489e-04
-3.1546007197476577e-04
-3.1386264468699995e-04
-3.1223220215087152e-04
-3.1066035018555339e-04
-3.0911934603682686e-04
-3.0760598739317159e-04
-3.0614378663160267e-04
-3.0469759592287782e-04
-3.0326544685710811e-04
-3.0185674796737584e-04
-3.0045528615921176e-04
-2.9909664162941989e-04
-2.9777444325828148e-04
-2.9646277567338766e-04
-2.9519091471658549e-04
-2.9391049437416724e-04
-2.9264067817986864e-04
-2.9140770524357191e-04
-2.9019940880320666e-04
-2.8900777174201538e-04
-2.8784955749512869e-04
-2.8670315754106924e-04
-2.8554440405782994e-04
-2.8441700710187586e-04
-2.8331141380840097e-04
-2.8222113186432017e-04
-2.8115967137507051e-04
-2.8012032962163291e-04
-2.7907111014843983e-04
-2.7803489771534941e-04
-2.7702293599122141e-04
-2.7602070680259744e-04
-2.7504398159090338e-04
-2.7409157809685095e-04
-2.7314916107296734e-04
-2.7219531131141982e-04
-2.7126364957791971e-04
-2.7034666972338718e-04
-2.6944630609286542e-04
-2.6856810904248674e-04
-2.6770909518095847e-04
-2.6685088846226617e-04
-2.6599146706949282e-04
-2.6515296074955646e-04
-2.6432709249244195e-04
-2.6351814139640654e-04
-2.6272917018341761e-04
-2.6195863259536380e-04
-2.6117814013882132e-04
-2.6040672433744243e-04
-2.5965456038292003e-04
-2.5891765706692528e-04
-2.5819415687109186e-04
-2.5748928596379584e-04
-2.5680212267599489e-04
-2.5609998350017277e-04
-2.5541292965414300e-04
-2.5474417491156489e-04
-2.5409339693025537e-04
-2.5345615640945732e-04
-2.5283393358885883e-04
-2.5221831847784145e-04
-2.5160384640291454e-04
-2.5100421314240584e-04
-2.5041911283231347e-04
-2.4985177103056328e-04
-2.4930201677003200e-04
-2.4876884212811742e-04
-2.4822727021873899e-04
-2.4769856258534959e-04
-2.4718776361503286e-04
-2.4669478859612584e-04
-2.4621668301370251e-04
-2.4575477114954796e-04
-2.4530447246842144e-04
-2.4485335859878967e-04
-2.4442062345581494e-04
-2.4400294748072902e-04
-2.4360327241705371e-04
-2.4322233141157873e-04
-2.4286019603788711e-04
-2.4249887025417618e-04
0.0000000000000000e+00
4.7522939859038393e-01
3.6295485309822773e-01
7.2925365311217348e+01
];
