%Vec Object:sol 1 MPI processes
%  type: mpi
sol = [
0.0000000000000000e+00
-4.2521742712197980e-04
-4.2125083777985013e-04
-4.1734554925258543e-04
-4.1354335347096885e-04
-4.0989045253410041e-04
-4.0623321310040455e-04
-4.0268744729662388e-04
-3.9921077590316349e-04
-3.9581683101187640e-04
-3.9254721463274092e-04
-3.8923544519162395e-04
-3.8604310166822259e-04
-3.8292099602054320e-04
-3.7985522716288140e-04
-3.7686207485404597e-04
-3.7387713083521197e-04
-3.7097437725647480e-04
-3.6815064097833278e-04
-3.6535523603341448e-04
-3.6259581471306904e-04
-3.5988850626698514e-04
-3.5722901493664543e-04
-3.5464573466452659e-04
-3.5207597378498188e-04
-3.4953748549099986e-04
-3.4706786527980706e-04
-3.4461942229693419e-04
-3.4223505937445422e-04
-3.3987431209505427e-04
-3.3752816522643222e-04
-3.3524282702531967e-04
-3.3300441080012040e-04
-3.3079479251522064e-04
-3.2860106645868521e-04
-3.2644882633573098e-04
-3.2432837115814434e-04
-3.2225934217508035e-04
-3.2021937351240433e-04
-3.1818165479968177e-04
-3.1619234732459863e-04
-3.1424004084116663e-04
-3.1231702829158218e-04
-3.1042583375068028e-04
-3.0855014056848425e-04
-3.0670110976455377e-04
-3.0489498393731525e-04
-3.0312795563877529e-04
-3.0136822908017534e-04
-2.9963156242748953e-04
-2.9793464548639710e-04
-2.9626080099948214e-04
-2.9462358604199330e-04
-2.9300939757110451e-04
-2.9140732638251187e-04
-2.8983587924967091e-04
-2.8830128309863902e-04
-2.8680009990579987e-04
-2.8530985869986287e-04
-2.8383935397019325e-04
-2.8240410925533822e-04
-2.8099482077072673e-04
-2.7961627944049700e-04
-2.7826227638796599e-04
-2.7692336237077964e-04
-2.7560821291250533e-04
-2.7432694537750916e-04
-2.7307896443515853e-04
-2.7185443563865810e-04
-2.7063664995207826e-04
-2.6945207647802042e-04
-2.6830026364811459e-04
-2.6717591342793114e-04
-2.6607978429951917e-04
-2.6499218932447458e-04
-2.6393710082923429e-04
-2.6290968893237878e-04
-2.6191160448730172e-04
-2.6094577052823508e-04
-2.5999335311272567e-04
-2.5906529968559546e-04
-2.5816611996212313e-04
-2.5729933392446241e-04
-2.5646478528366348e-04
-2.5564938867011307e-04
-2.5485124098043743e-04
-2.5408584467653941e-04
-2.5335310683612182e-04
-2.5265296883413512e-04
-2.5197661873904790e-04
-2.5131554765161633e-04
-2.5068774797257459e-04
-2.5009323335417356e-04
-2.4953203584483270e-04
-2.4900062097514775e-04
-2.4848194793337095e-04
-2.4799696049873936e-04
-2.4754625693648816e-04
-2.4712996732748088e-04
0.0000000000000000e+00
5.4376055546242541e-01
3.6295115304924269e-01
7.2904440630173227e+01
];
