%Vec Object:sol 1 MPI processes
%  type: mpi
sol = [
0.0000000000000000e+00
-3.4299530779245920e-03
-3.4070904087180574e-03
-3.3846911628418958e-03
-3.3629116586141455e-03
-3.3421156134403134e-03
-3.3213280944899785e-03
-3.3015343906275616e-03
-3.2816055118781761e-03
-3.2621334449855688e-03
-3.2434951388302350e-03
-3.2248491238044889e-03
-3.2069953115034739e-03
-3.1895562323588172e-03
-3.1722828009505366e-03
-3.1553230197344422e-03
-3.1385039901103955e-03
-3.1222124061974659e-03
-3.1064292279544678e-03
-3.0907584159970748e-03
-3.0756556696055959e-03
-3.0605696131288033e-03
-3.0455619216708013e-03
-3.0310605916197267e-03
-3.0167184067069410e-03
-3.0027412626795484e-03
-2.9892110249198755e-03
-2.9757430960778760e-03
-2.9623149286479643e-03
-2.9491863329386588e-03
-2.9361628458906175e-03
-2.9235348720638857e-03
-2.9111911581418222e-03
-2.8989903160490582e-03
-2.8871035143259232e-03
-2.8750926237268871e-03
-2.8632475429109295e-03
-2.8517339655821229e-03
-2.8404386681508977e-03
-2.8293051150045556e-03
-2.8184743819738432e-03
-2.8077275713475872e-03
-2.7968761844872282e-03
-2.7863110406108763e-03
-2.7759658389188016e-03
-2.7657457108022743e-03
-2.7557903101227683e-03
-2.7460684906924679e-03
-2.7362437209135443e-03
-2.7265094264450093e-03
-2.7170169547469651e-03
-2.7076229956443918e-03
-2.6984453089510933e-03
-2.6894945724377319e-03
-2.6806835882777374e-03
-2.6717794344163093e-03
-2.6630148352289082e-03
-2.6544414683815575e-03
-2.6459748257084211e-03
-2.6377175607161041e-03
-2.6296625381364530e-03
-2.6217285553215720e-03
-2.6136510594113060e-03
-2.6057658321518387e-03
-2.5980646779839079e-03
-2.5904648762376989e-03
-2.5830566173098992e-03
-2.5758347844251693e-03
-2.5686993806388293e-03
-2.5614589800504665e-03
-2.5544045897288770e-03
-2.5475321733619848e-03
-2.5407939279547456e-03
-2.5342013580188973e-03
-2.5277864025497572e-03
-2.5214192728509701e-03
-2.5150307328681266e-03
-2.5087925120623514e-03
-2.5027309322394773e-03
-2.4968436606046169e-03
-2.4911001959688015e-03
-2.4854976160247452e-03
-2.4798744401599467e-03
-2.4743509802507939e-03
-2.4689938128165147e-03
-2.4637659019783641e-03
-2.4587137899330425e-03
-2.4538364355431983e-03
-2.4491270789358081e-03
-2.4443123407374354e-03
-2.4396596808357162e-03
-2.4351869661032215e-03
-2.4308940512449287e-03
-2.4267809351907403e-03
-2.4228148356982616e-03
-2.4189331374116214e-03
-2.4150811792731574e-03
-2.4114172681668961e-03
-2.4079422099596531e-03
0.0000000000000000e+00
4.7200356022994960e-01
3.6295486983223779e-01
7.2925299968229737e+01
];
