%Vec Object:sol 1 MPI processes
%  type: mpi
sol = [
0.0000000000000000e+00
-4.2521759981758236e-03
-4.2125101096624849e-03
-4.1734572081864362e-03
-4.1354352299993553e-03
-4.0989061958166964e-03
-4.0623338104174974e-03
-4.0268761188953965e-03
-3.9921093672883991e-03
-3.9581698769148516e-03
-3.9254752823410406e-03
-3.8923560266925553e-03
-3.8604326140401616e-03
-3.8292115761894632e-03
-3.7985539015007921e-03
-3.7686224227117720e-03
-3.7387729909657131e-03
-3.7097454660367617e-03
-3.6815081207341943e-03
-3.6535540189651132e-03
-3.6259599146211477e-03
-3.5988868362190163e-03
-3.5722919324821562e-03
-3.5464591353763135e-03
-3.5207615468954407e-03
-3.4953766494342535e-03
-3.4706804303249530e-03
-3.4461959946892212e-03
-3.4223523699611733e-03
-3.3987449169185419e-03
-3.3752834512503107e-03
-3.3524300828111030e-03
-3.3300459296104336e-03
-3.3079497691620107e-03
-3.2860124952930189e-03
-3.2644900760548643e-03
-3.2432855069038551e-03
-3.2225952039429797e-03
-3.2021955324440369e-03
-3.1818183419488068e-03
-3.1619252674935081e-03
-3.1424022047710164e-03
-3.1231720814989170e-03
-3.1042601565979349e-03
-3.0855032252222474e-03
-3.0670129171662258e-03
-3.0489516583617699e-03
-3.0312813744316101e-03
-3.0136841245209968e-03
-2.9963174541902827e-03
-2.9793482795689363e-03
-2.9626098287987780e-03
-2.9462376736924057e-03
-2.9300958061388512e-03
-2.9140750879188835e-03
-2.8983606095457676e-03
-2.8830146409041637e-03
-2.8680028018278174e-03
-2.8531003929509547e-03
-2.8383953378837315e-03
-2.8240428827505525e-03
-2.8099499893196106e-03
-2.7961645667490750e-03
-2.7826245421790343e-03
-2.7692353908260530e-03
-2.7560838839885702e-03
-2.7432711948117243e-03
-2.7307913693220580e-03
-2.7185460758626387e-03
-2.7063681970574426e-03
-2.6945224388005089e-03
-2.6830042879173676e-03
-2.6717607683827390e-03
-2.6607994833283415e-03
-2.6499235452946946e-03
-2.6393726942208870e-03
-2.6290986251908512e-03
-2.6191178150976888e-03
-2.6094594272696283e-03
-2.5999352920893217e-03
-2.5906547019283652e-03
-2.5816628326453574e-03
-2.5729949162682283e-03
-2.5646493959462949e-03
-2.5564954231706394e-03
-2.5485139392042414e-03
-2.5408599719045663e-03
-2.5335325870428243e-03
-2.5265311959269802e-03
-2.5197676888072365e-03
-2.5131569631866536e-03
-2.5068789647256858e-03
-2.5009338563135833e-03
-2.4953220119781332e-03
-2.4900084390799483e-03
-2.4848211004566516e-03
-2.4799710564740859e-03
-2.4754639461086370e-03
-2.4713010186418788e-03
0.0000000000000000e+00
5.4376043706177135e-01
3.6295117353406886e-01
7.2904396506021911e+01
];
