%Vec Object:sol 1 MPI processes
%  type: mpi
sol = [
0.0000000000000000e+00
-4.1308443925073353e-04
-4.2127530692474889e-04
-4.1730366794078515e-04
-4.1343639147596085e-04
-4.0966256196707328e-04
-4.0590501325232743e-04
-4.0229886596105134e-04
-3.9876217082568226e-04
-3.9527586074742738e-04
-3.9188857569164709e-04
-3.8851841523848338e-04
-3.8526739439753499e-04
-3.8207863675929253e-04
-3.7889837614758917e-04
-3.7582078070793620e-04
-3.7277583423634016e-04
-3.6981196435628341e-04
-3.6689320322816886e-04
-3.6398538400816348e-04
-3.6116347551859375e-04
-3.5839269100680296e-04
-3.5566473339268171e-04
-3.5296978100263156e-04
-3.5030839207470416e-04
-3.4770582970640787e-04
-3.4517181501951788e-04
-3.4263906909981614e-04
-3.4014769789742654e-04
-3.3771386044718270e-04
-3.3530633314095938e-04
-3.3296024387045918e-04
-3.3063144411035804e-04
-3.2832449241672112e-04
-3.2607495210318544e-04
-3.2386825733729134e-04
-3.2169488623693218e-04
-3.1953765022991641e-04
-3.1742013335018404e-04
-3.1533624847859994e-04
-3.1330249045438642e-04
-3.1130272657231762e-04
-3.0930434858189544e-04
-3.0735364618915737e-04
-3.0544266373489111e-04
-3.0356021336984238e-04
-3.0171504545599832e-04
-2.9988572189602864e-04
-2.9808133959889009e-04
-2.9631973703127512e-04
-2.9459936348438006e-04
-2.9289622556590521e-04
-2.9120830692940214e-04
-2.8956021814108274e-04
-2.8794185697256615e-04
-2.8635529185695984e-04
-2.8480103435623910e-04
-2.8325842742508360e-04
-2.8174132579519764e-04
-2.8026117128985889e-04
-2.7881702936685297e-04
-2.7739736553996063e-04
-2.7598470434122950e-04
-2.7460744102145396e-04
-2.7326379013782105e-04
-2.7194452261572721e-04
-2.7065960472332629e-04
-2.6938514781747790e-04
-2.6813847401052778e-04
-2.6691970685197020e-04
-2.6573452175725210e-04
-2.6458246596860346e-04
-2.6344155538623109e-04
-2.6232293958615015e-04
-2.6123752645984864e-04
-2.6018498701357650e-04
-2.5916056813825484e-04
-2.5815608377134278e-04
-2.5717150540659065e-04
-2.5621985247054887e-04
-2.5529786502014317e-04
-2.5440528675854657e-04
-2.5354287739573646e-04
-2.5269432810374028e-04
-2.5187803455145640e-04
-2.5109008483726366e-04
-2.5033554721317079e-04
-2.4961437450205702e-04
-2.4890984350987839e-04
-2.4823164068142308e-04
-2.4758559262214172e-04
-2.4697368701707192e-04
-2.4639599072120126e-04
-2.4584343525504710e-04
-2.4531082946653164e-04
-2.4481265637314080e-04
-2.4434979000027851e-04
-2.4392241393741352e-04
-2.4352863222871856e-04
0.0000000000000000e+00
5.4659426525041122e-01
3.6286195340485872e-01
7.2402711272222746e+01
];
