%Vec Object:sol 1 MPI processes
%  type: mpi
sol = [
0.0000000000000000e+00
-3.7117111446245446e-09
-4.1933862441389139e-09
-9.3742852729071235e-08
-2.1951245682434999e-02
-1.9583931086036298e-02
-1.7584191820196271e-02
-1.5893892220176058e-02
-1.4350792569913210e-02
-1.2974607730426187e-02
-1.1621996924520952e-02
-1.0284107995327930e-02
-8.9255977477171611e-03
-7.4965844358362860e-03
-6.1212327499221815e-03
-4.7341515002934003e-03
-3.5662645232696858e-03
-2.5386651864268586e-03
-1.8202276876541478e-03
-1.3080864357184147e-03
-1.0331776330007798e-03
-9.0424812464843054e-04
-8.8656659106426294e-04
-9.2846216548622955e-04
-9.9814051143268809e-04
-1.0761732801539458e-03
-1.1495466202042001e-03
-1.2119221966053969e-03
-1.2640969504610501e-03
-1.3019263068048284e-03
-1.3312165472610198e-03
-1.3500933391904656e-03
-1.3619329923432195e-03
-1.3685005472351393e-03
-1.3697602803098676e-03
-1.3679699066633290e-03
-1.3636091494804016e-03
-1.3569446186089311e-03
-1.3489793090427807e-03
-1.3400952846076282e-03
-1.3302244076757929e-03
-1.3198724657943637e-03
-1.3090745929890636e-03
-1.2980902224998603e-03
-1.2870513906704235e-03
-1.2755602134205952e-03
-1.2641866493815919e-03
-1.2528844898521288e-03
-1.2416889882468280e-03
-1.2301086955640009e-03
-1.2188038888543272e-03
-1.2076971778407759e-03
-1.1967027523700235e-03
-1.1855063480272800e-03
-1.1743511694448457e-03
-1.1635773262878046e-03
-1.1527818965837101e-03
-1.1419386626339333e-03
-1.1313111810722413e-03
-1.1206444499594129e-03
-1.1098135685849067e-03
-1.0993897614469310e-03
-1.0890353962402027e-03
-1.0785754514306225e-03
-1.0680839254532952e-03
-1.0577995244180456e-03
-1.0475247861009046e-03
-1.0371238928002578e-03
-1.0267426977987591e-03
-1.0164703450148160e-03
-1.0060920963977963e-03
-9.9555569280841130e-04
-9.8518705838407058e-04
-9.7488593804352988e-04
-9.6438759641655106e-04
-9.5380104496625207e-04
-9.4326546654442667e-04
-9.3269371535342174e-04
-9.2197197988703702e-04
-9.1110155931204090e-04
-9.0030964871573756e-04
-8.8951058491124535e-04
-8.7862531129236782e-04
-8.6762958333374076e-04
-8.5665671624619963e-04
-8.4574712306869422e-04
-8.3482985283812048e-04
-8.2391834801431028e-04
-8.1301742919122236e-04
-8.0232772921470764e-04
-7.9177346802270822e-04
-7.8150395314436716e-04
-7.7153325606773302e-04
-7.6200635242439877e-04
-7.5292947582063447e-04
-7.4430392076460104e-04
-7.3644405842842751e-04
-7.2940695119029595e-04
2.8765816141053679e-02
0.0000000000000000e+00
6.6574991866483391e-01
3.1641653192099478e-01
1.1455798399667566e+01
];
