%Vec Object:sol 1 MPI processes
%  type: mpi
sol = [
0.0000000000000000e+00
-3.8258574497380195e-04
-3.7980354103353553e-04
-3.7708096622201740e-04
-3.7443571591575691e-04
-3.7185612942715703e-04
-3.6927472749914583e-04
-3.6681401454672150e-04
-3.6440311964976315e-04
-3.6205440004658033e-04
-3.5977934127444258e-04
-3.5747688989126340e-04
-3.5527054839429084e-04
-3.5311705339387300e-04
-3.5100432691069651e-04
-3.4897277777371378e-04
-3.4690804403128924e-04
-3.4490789458398012e-04
-3.4297010241648269e-04
-3.4104967337925178e-04
-3.3919797592626879e-04
-3.3735739210422907e-04
-3.3552777525998789e-04
-3.3375934606417058e-04
-3.3201274641847306e-04
-3.3031107988540126e-04
-3.2866271899936365e-04
-3.2697903559970068e-04
-3.2534634413790390e-04
-3.2375753283879146e-04
-3.2218368877382723e-04
-3.2065734155938116e-04
-3.1914530173254776e-04
-3.1762946540743779e-04
-3.1615735246997304e-04
-3.1471534531193538e-04
-3.1329447383555259e-04
-3.1191318909582990e-04
-3.1052163380964400e-04
-3.0914730280728539e-04
-3.0780998928408448e-04
-3.0649902874255354e-04
-3.0520717350251405e-04
-3.0393697517454857e-04
-3.0266717398595461e-04
-3.0141402781182582e-04
-3.0019302405115997e-04
-2.9900057932492923e-04
-2.9782062262551697e-04
-2.9664426008277421e-04
-2.9548659804346520e-04
-2.9434212508490132e-04
-2.9322387357596385e-04
-2.9213294173376016e-04
-2.9105591477589281e-04
-2.8996776912930714e-04
-2.8890602845722211e-04
-2.8786733627481087e-04
-2.8684225020082294e-04
-2.8584209525708875e-04
-2.8485004315190665e-04
-2.8385647532807006e-04
-2.8288316587263355e-04
-2.8193340644138744e-04
-2.8100544072117296e-04
-2.8009003351786474e-04
-2.7917028440972746e-04
-2.7826865233401984e-04
-2.7738511500162422e-04
-2.7651759308023656e-04
-2.7567174877365908e-04
-2.7484001432482170e-04
-2.7400166561192127e-04
-2.7318096701129470e-04
-2.7238137744076401e-04
-2.7160249243395317e-04
-2.7083941739509384e-04
-2.7007620714100986e-04
-2.6932266342392187e-04
-2.6858958037738592e-04
-2.6787354343117665e-04
-2.6717418135610040e-04
-2.6649465693280231e-04
-2.6580848156632629e-04
-2.6514129397609720e-04
-2.6448930304123465e-04
-2.6385757367972199e-04
-2.6324593892969349e-04
-2.6264384048967348e-04
-2.6204286020269709e-04
-2.6146043854132341e-04
-2.6089848638203417e-04
-2.6035693809378901e-04
-2.5983572027124053e-04
-2.5931070608397840e-04
-2.5880110403463379e-04
-2.5831254676066644e-04
-2.5784506311305269e-04
-2.5739869585131764e-04
0.0000000000000000e+00
5.0427548642026365e-01
3.6295485309822773e-01
7.2925365311217348e+01
];
