%Vec Object:sol 1 MPI processes
%  type: mpi
sol = [
0.0000000000000000e+00
-3.7959823783541374e-09
-4.2901837963841881e-09
-4.3909466693444092e-09
-2.2560324470545647e-02
-2.0128266073473608e-02
-1.8073498131773211e-02
-1.6335689913956206e-02
-1.4749982304914627e-02
-1.3336200984983466e-02
-1.1947735274230932e-02
-1.0576067417651833e-02
-9.1847148471962143e-03
-7.7229671346430630e-03
-6.3175059617579452e-03
-4.9011771263614938e-03
-3.7093854421009625e-03
-2.6611622793179753e-03
-1.9283650741187155e-03
-1.4059251506107885e-03
-1.1251473538337786e-03
-9.9295592041067238e-04
-9.7399597254385433e-04
-1.0155460734919840e-03
-1.0852980629588510e-03
-1.1634709468126717e-03
-1.2368438628759628e-03
-1.2990056855402357e-03
-1.3507149288607650e-03
-1.3878893946942330e-03
-1.4163194784627795e-03
-1.4341929859992906e-03
-1.4449383165211277e-03
-1.4502794889795843e-03
-1.4502956513915784e-03
-1.4472047887266466e-03
-1.4414946553811204e-03
-1.4335033954055816e-03
-1.4241825093923380e-03
-1.4139240952752259e-03
-1.4027180217351842e-03
-1.3910271618594453e-03
-1.3788712226778200e-03
-1.3665776896877131e-03
-1.3542506723202700e-03
-1.3414370222388512e-03
-1.3288002495929550e-03
-1.3162644541288634e-03
-1.3038452004118688e-03
-1.2910346337824869e-03
-1.2785705191502240e-03
-1.2663220720193500e-03
-1.2542237102123439e-03
-1.2419544482198306e-03
-1.2297487645507898e-03
-1.2179953213207622e-03
-1.2062693786760725e-03
-1.1945443263616895e-03
-1.1830967709333365e-03
-1.1716650029866484e-03
-1.1601380271232514e-03
-1.1490983116394552e-03
-1.1382117054685879e-03
-1.1273070943250269e-03
-1.1164574389008349e-03
-1.1059136017701071e-03
-1.0954825480180154e-03
-1.0850275134449330e-03
-1.0747077502949085e-03
-1.0646129505488371e-03
-1.0545247165011128e-03
-1.0444079963215262e-03
-1.0345793071293498e-03
-1.0249406493169377e-03
-1.0152330938961902e-03
-1.0055577511959280e-03
-9.9605207624441278e-04
-9.8662706236187447e-04
-9.7716193930606960e-04
-9.6764334822605587e-04
-9.5828804853139338e-04
-9.4900009362271708e-04
-9.3968118247260814e-04
-9.3028707427967976e-04
-9.2092002482824708e-04
-9.1158768324826563e-04
-9.0218416624613502e-04
-8.9267914328545854e-04
-8.8302939140627492e-04
-8.7335477735044900e-04
-8.6351669428472503e-04
-8.5359663579083738e-04
-8.4350396224135355e-04
-8.3326909314616708e-04
-8.2278913375700296e-04
-8.1191629672049679e-04
-8.0082460472690690e-04
-7.8942191532662450e-04
-7.7770741409098328e-04
0.0000000000000000e+00
6.7043528731854152e-01
3.1334559734906425e-01
1.0716439339315491e+01
];
