%Vec Object:sol 1 MPI processes
%  type: mpi
sol = [
0.0000000000000000e+00
-3.6352633536923233e-10
-4.0995730070991847e-10
-1.8962300747567067e-05
-2.1521576453355671e-03
-1.9199955765591486e-03
-1.7239033876012605e-03
-1.5582246974341807e-03
-1.4069203089023476e-03
-1.2719538904720686e-03
-1.1392220242110341e-03
-1.0078159056345288e-03
-8.7428158689047152e-04
-7.3368934886212456e-04
-5.9827811133311573e-04
-4.6163311869506656e-04
-3.4653066115585229e-04
-2.4522552399988012e-04
-1.7439468007924235e-04
-1.2390696940048278e-04
-9.6830009563654765e-05
-8.4167064446050990e-05
-8.2489008027289583e-05
-8.6702858224039399e-05
-9.3665412446903947e-05
-1.0145869458669864e-04
-1.0879590586157595e-04
-1.1504832619600718e-04
-1.2029834114264074e-04
-1.2412705719429032e-04
-1.2711618876539417e-04
-1.2907386460313890e-04
-1.3033397662358720e-04
-1.3107584539576525e-04
-1.3128769107801147e-04
-1.3119797003055325e-04
-1.3085394308812420e-04
-1.3027705011433644e-04
-1.2957102453003660e-04
-1.2877313568478149e-04
-1.2787221159770774e-04
-1.2692156177509582e-04
-1.2592545215381961e-04
-1.2490467300650752e-04
-1.2387400882124162e-04
-1.2279710405739823e-04
-1.2172394721869138e-04
-1.2065153614100703e-04
-1.1958429369529250e-04
-1.1847366600536739e-04
-1.1737976845236095e-04
-1.1629810702915074e-04
-1.1521822907992293e-04
-1.1410853790778137e-04
-1.1299349574004668e-04
-1.1190343929607307e-04
-1.1079905312078501e-04
-1.0967728828945089e-04
-1.0856337365929449e-04
-1.0743186541472542e-04
-1.0626875272644741e-04
-1.0513070776167719e-04
-1.0398333585473460e-04
-1.0280843421380424e-04
-1.0161336451803748e-04
-1.0042144760758687e-04
-9.9212397761489082e-05
-9.7972184085743830e-05
-9.6714743905925869e-05
-9.5449154792310114e-05
-9.4153579028763499e-05
-9.2820845689487198e-05
-9.1485268634492440e-05
-9.0136083458999415e-05
-8.8744431418789896e-05
-8.7321113239360014e-05
-8.5879556688675730e-05
-8.4408841684287570e-05
-8.2894276518692976e-05
-8.1332347599687464e-05
-7.9742610440327813e-05
-7.8108095214850142e-05
-7.6409538069864834e-05
-7.4627125948239701e-05
-7.2753018938415939e-05
-7.0756043026329798e-05
-6.8572377979799458e-05
-6.6110513391200377e-05
-6.3201003616458648e-05
4.2576089810793787e-03
1.6072653237708151e-03
-1.1963411690611212e-04
-1.2225698385281243e-04
-1.2302096963037149e-04
-1.2239235774779900e-04
-1.2075154659621729e-04
-1.1843720788357012e-04
-1.1574021788870133e-04
-1.1291302286355467e-04
0.0000000000000000e+00
6.6235873705635440e-01
3.1913636511252430e-01
1.2184865968889163e+01
];
