%Vec Object:sol 1 MPI processes
%  type: mpi
sol = [
0.0000000000000000e+00
-3.5491610636044697e-03
-3.5248034075733058e-03
-3.5009489185061950e-03
-3.4777599940119582e-03
-3.4556144142812431e-03
-3.4334954149231379e-03
-3.4122589793005886e-03
-3.3910337590753992e-03
-3.3703456135041172e-03
-3.3505404069621683e-03
-3.3307416012187249e-03
-3.3117811662194989e-03
-3.2932295054665006e-03
-3.2745244651783598e-03
-3.2565455301810449e-03
-3.2387247261085809e-03
-3.2214636980782219e-03
-3.2047419578614591e-03
-3.1881475311514706e-03
-3.1717682122621629e-03
-3.1556124954740944e-03
-3.1397508236816404e-03
-3.1244238976740049e-03
-3.1092707883595581e-03
-3.0945049710018862e-03
-3.0799958900901989e-03
-3.0653282556630814e-03
-3.0511080418953091e-03
-3.0372695047822537e-03
-3.0235467349287049e-03
-3.0102406418916683e-03
-2.9971804985853656e-03
-2.9839112680524978e-03
-2.9710263733608248e-03
-2.9584008512387287e-03
-2.9459523582423216e-03
-2.9338523347259694e-03
-2.9219832235067248e-03
-2.9099853912790095e-03
-2.8982203696371390e-03
-2.8866839736828012e-03
-2.8753095580607551e-03
-2.8642352128074610e-03
-2.8533921041974269e-03
-2.8425396679411775e-03
-2.8317420758676212e-03
-2.8211969928308117e-03
-2.8107556977181999e-03
-2.8005793763571625e-03
-2.7906557252598747e-03
-2.7808367704655569e-03
-2.7708988135978769e-03
-2.7612040236701645e-03
-2.7516627116886050e-03
-2.7422945555967857e-03
-2.7331561822337082e-03
-2.7242169568327968e-03
-2.7151909612913570e-03
-2.7062586263276920e-03
-2.6975427817959017e-03
-2.6889587154145869e-03
-2.6805500619084071e-03
-2.6723480051251765e-03
-2.6642689669264786e-03
-2.6560557107097853e-03
-2.6480466825556546e-03
-2.6402363554154503e-03
-2.6325838590753404e-03
-2.6250701436275137e-03
-2.6177484999076331e-03
-2.6103682186858230e-03
-2.6030836726173212e-03
-2.5959546838364126e-03
-2.5890139768363651e-03
-2.5822581653548258e-03
-2.5756418369276032e-03
-2.5690477013114795e-03
-2.5624903986080443e-03
-2.5561171054791919e-03
-2.5498961872964985e-03
-2.5438244554867005e-03
-2.5379347620231442e-03
-2.5321914739937982e-03
-2.5263860782205804e-03
-2.5207172912086280e-03
-2.5152328886519173e-03
-2.5099316169123098e-03
-2.5048125216294856e-03
-2.4998453868551795e-03
-2.4948358178983432e-03
-2.4899641624333874e-03
-2.4852800839706432e-03
-2.4807834127615965e-03
-2.4764402481761033e-03
-2.4722805456940181e-03
-2.4681814579761620e-03
-2.4641586274847162e-03
-2.4603317981115413e-03
0.0000000000000000e+00
4.8200781127614450e-01
3.6295486983223779e-01
7.2925299968229737e+01
];
