%Vec Object:sol 1 MPI processes
%  type: mpi
sol = [
0.0000000000000000e+00
-3.8051037796421209e-04
-3.7774692956649505e-04
-3.7504260592757051e-04
-3.7241498224910747e-04
-3.6990489600839124e-04
-3.6734797169303080e-04
-3.6490251125059113e-04
-3.6250649293509022e-04
-3.6017219656915832e-04
-3.5793698639792829e-04
-3.5568191770992547e-04
-3.5348809037248906e-04
-3.5134676427071089e-04
-3.4924594013041436e-04
-3.4722638915236513e-04
-3.4522651478466999e-04
-3.4324137218307829e-04
-3.4131340697913007e-04
-3.3940271900705711e-04
-3.3756036307208085e-04
-3.3575536756530531e-04
-3.3396598656003704e-04
-3.3220562531315599e-04
-3.3046699935168253e-04
-3.2877307316828765e-04
-3.2713282816615777e-04
-3.2550304510586771e-04
-3.2388665622959509e-04
-3.2230414132865530e-04
-3.2073655221386254e-04
-3.1921623091304372e-04
-3.1773060356036760e-04
-3.1625564227288303e-04
-3.1478859434684294e-04
-3.1335153735150933e-04
-3.1193554908662464e-04
-3.1055899046663108e-04
-3.0920914078587581e-04
-3.0785675881267032e-04
-3.0652335044882188e-04
-3.0521621539601485e-04
-3.0392814580944657e-04
-3.0267390411136541e-04
-3.0144629466619902e-04
-3.0019879329114957e-04
-2.9898062728987978e-04
-2.9779094549629105e-04
-2.9661375915488933e-04
-2.9546629189049277e-04
-2.9433748934357324e-04
-2.9319511863955272e-04
-2.9207891143407440e-04
-2.9098995832241173e-04
-2.8991853388307573e-04
-2.8886670909723886e-04
-2.8781992819971655e-04
-2.8678245078326826e-04
-2.8575859073145848e-04
-2.8475961498177605e-04
-2.8378465944483043e-04
-2.8282495277785806e-04
-2.8185409889098915e-04
-2.8090484062632642e-04
-2.7997735023173776e-04
-2.7906246425909011e-04
-2.7817006179326685e-04
-2.7729157733666110e-04
-2.7640800612679510e-04
-2.7554045109001675e-04
-2.7469454551209212e-04
-2.7386979048424066e-04
-2.7306088396729074e-04
-2.7225188618445892e-04
-2.7145161207394066e-04
-2.7067202883709847e-04
-2.6990826467339439e-04
-2.6916188587929382e-04
-2.6843599664174626e-04
-2.6770381110008379e-04
-2.6698653661010377e-04
-2.6628594506217013e-04
-2.6560549010909169e-04
-2.6494494083697124e-04
-2.6429629323830659e-04
-2.6364254136625285e-04
-2.6300903852986634e-04
-2.6239561565395475e-04
-2.6180213645383651e-04
-2.6122536467359213e-04
-2.6065082409989929e-04
-2.6008652939154533e-04
-2.5954262579789764e-04
-2.5901906362156465e-04
-2.5851221988356044e-04
-2.5802491765085052e-04
-2.5753423668733219e-04
-2.5706393435212066e-04
-2.5661473233264608e-04
0.0000000000000000e+00
5.0267194291823647e-01
3.6295485309822773e-01
7.2925365311217348e+01
];
