%Vec Object:sol 1 MPI processes
%  type: mpi
sol = [
0.0000000000000000e+00
-3.7659436061567215e-04
-3.7389702250879191e-04
-3.7122126820256078e-04
-3.6862124740012460e-04
-3.6613731582215049e-04
-3.6366000533669183e-04
-3.6129940417046330e-04
-3.5893145105467700e-04
-3.5661953621961371e-04
-3.5440557157546515e-04
-3.5219538614353910e-04
-3.5007809225932743e-04
-3.4799268935812526e-04
-3.4591014660986379e-04
-3.4390802190089026e-04
-3.4192537327035747e-04
-3.4000511243230998e-04
-3.3814490146302182e-04
-3.3626424926062941e-04
-3.3443622360738789e-04
-3.3264527551269887e-04
-3.3088779130647708e-04
-3.2918938247277813e-04
-3.2750918293702520e-04
-3.2582701555814331e-04
-3.2419809313043429e-04
-3.2257970346379874e-04
-3.2101066051809139e-04
-3.1948386722566624e-04
-3.1795517257113634e-04
-3.1644412413710308e-04
-3.1496757023708030e-04
-3.1350980367241216e-04
-3.1209424585564325e-04
-3.1070753450805952e-04
-3.0931437634412648e-04
-3.0794497782544561e-04
-3.0660219146761970e-04
-3.0527971288343771e-04
-3.0399297816616379e-04
-3.0273152682462850e-04
-3.0145304468502822e-04
-3.0020417542697708e-04
-2.9898159104594052e-04
-2.9777479787772006e-04
-2.9659905722813189e-04
-2.9544547520268539e-04
-2.9427237249252840e-04
-2.9312887025465889e-04
-2.9201359974234296e-04
-2.9091078887641939e-04
-2.8983328493152903e-04
-2.8876883060720792e-04
-2.8770004341146480e-04
-2.8665084200359077e-04
-2.8562717508912668e-04
-2.8462575192399203e-04
-2.8363728260740947e-04
-2.8265270557117450e-04
-2.8167909301116931e-04
-2.8072044752344754e-04
-2.7978134792707994e-04
-2.7886505019554178e-04
-2.7796981817387867e-04
-2.7706032945827461e-04
-2.7616812411533235e-04
-2.7529774418681040e-04
-2.7444483862621008e-04
-2.7360736702148085e-04
-2.7278898690760804e-04
-2.7196336524952855e-04
-2.7115361826290501e-04
-2.7036095032240500e-04
-2.6958878246228146e-04
-2.6883672627821297e-04
-2.6809150149054774e-04
-2.6734329531922623e-04
-2.6661529491873385e-04
-2.6590719670704270e-04
-2.6521564121465685e-04
-2.6454026935014349e-04
-2.6386983952220264e-04
-2.6320645300018607e-04
-2.6256187726027687e-04
-2.6193205519566199e-04
-2.6132199171002851e-04
-2.6073151271269781e-04
-2.6013974428923669e-04
-2.5955911233818029e-04
-2.5899658664774053e-04
-2.5845406179270916e-04
-2.5793148157395116e-04
-2.5742716462863306e-04
-2.5691558319208455e-04
-2.5642385937901520e-04
-2.5595273798578353e-04
-2.5550225356492178e-04
-2.5507245496597544e-04
0.0000000000000000e+00
4.9953211484866772e-01
3.6295485309822773e-01
7.2925365311217348e+01
];
