%Vec Object:sol 1 MPI processes
%  type: mpi
sol = [
0.0000000000000000e+00
-3.8684895542583433e-04
-3.8402786205603376e-04
-3.8121621511832054e-04
-3.7847056447701466e-04
-3.7584691451624772e-04
-3.7323201839683118e-04
-3.7073957679746242e-04
-3.6826612998427873e-04
-3.6582804647657379e-04
-3.6349274766399564e-04
-3.6116291773905299e-04
-3.5893050681596553e-04
-3.5673991213295138e-04
-3.5454695114640395e-04
-3.5243831384593991e-04
-3.5035106349450744e-04
-3.4832942238409908e-04
-3.4637090617920316e-04
-3.4438563198672852e-04
-3.4246344563164583e-04
-3.4058055221918541e-04
-3.3873319446322170e-04
-3.3694771278361369e-04
-3.3516195345073796e-04
-3.3339608521064682e-04
-3.3168595273413331e-04
-3.2998753950036589e-04
-3.2834078021913479e-04
-3.2673675546315335e-04
-3.2510417485019113e-04
-3.2352064705342342e-04
-3.2197333820335744e-04
-3.2044606563960302e-04
-3.1896289464134695e-04
-3.1748511384299417e-04
-3.1601162086755951e-04
-3.1457903896072950e-04
-3.1317440123558707e-04
-3.1179120862861049e-04
-3.1044074055751650e-04
-3.0908152717608003e-04
-3.0774240829575334e-04
-3.0643836472635184e-04
-3.0516179439761835e-04
-3.0390190745116508e-04
-3.0265072907579720e-04
-3.0141472141232935e-04
-3.0019202379288153e-04
-2.9900011844655075e-04
-2.9783758465464849e-04
-2.9668385929598577e-04
-2.9552534303614554e-04
-2.9439505684700982e-04
-2.9328310645464233e-04
-2.9219157990892656e-04
-2.9112656724223756e-04
-2.9006406653353398e-04
-2.8900240619444576e-04
-2.8796648287675249e-04
-2.8695540197008816e-04
-2.8595993017024678e-04
-2.8498196620282794e-04
-2.8399841938760303e-04
-2.8303738352292981e-04
-2.8208954985273801e-04
-2.8116493288452590e-04
-2.8026288785781047e-04
-2.7936174699603458e-04
-2.7846357043834262e-04
-2.7758772780845205e-04
-2.7673370146837859e-04
-2.7589610170848086e-04
-2.7507517990739270e-04
-2.7424725115517888e-04
-2.7344063407183807e-04
-2.7265037740657646e-04
-2.7187805955964322e-04
-2.7112655248268173e-04
-2.7038124635730005e-04
-2.6963957312370497e-04
-2.6891509576632477e-04
-2.6821130951461215e-04
-2.6752797422112721e-04
-2.6686375780534988e-04
-2.6618853611883942e-04
-2.6553364818645870e-04
-2.6489936191137779e-04
-2.6428553066512443e-04
-2.6368886453228955e-04
-2.6309814413037427e-04
-2.6251487923044999e-04
-2.6195249213543139e-04
-2.6141092480117922e-04
-2.6088649990410606e-04
-2.6038211113528530e-04
-2.5987443928205171e-04
-2.5938793174579622e-04
-2.5892297594513371e-04
0.0000000000000000e+00
5.0757103021839101e-01
3.6295485309822773e-01
7.2925365311217348e+01
];
