%Vec Object:sol 1 MPI processes
%  type: mpi
sol = [
0.0000000000000000e+00
-3.5081196986839238e-04
-3.4846802466430640e-04
-3.4615450664730261e-04
-3.4386282040388627e-04
-3.4167388485184009e-04
-3.3948745549945350e-04
-3.3740470562384334e-04
-3.3536213389056006e-04
-3.3337141155079209e-04
-3.3141257768936738e-04
-3.2945273271494708e-04
-3.2757557667189603e-04
-3.2574228802094277e-04
-3.2394207325370900e-04
-3.2221222643301253e-04
-3.2046731176788707e-04
-3.1875602030904699e-04
-3.1709800486476227e-04
-3.1545260900929181e-04
-3.1386652955762420e-04
-3.1231166255853230e-04
-3.1077773496093536e-04
-3.0925605561520921e-04
-3.0775164194420351e-04
-3.0628557161393343e-04
-3.0486619301516580e-04
-3.0345406753540184e-04
-3.0208520967328883e-04
-3.0072338162335431e-04
-2.9935917659657863e-04
-2.9803626927682274e-04
-2.9674323318960627e-04
-2.9546556827486528e-04
-2.9422508384379037e-04
-2.9300158080252980e-04
-2.9176248023726168e-04
-2.9055798123015539e-04
-2.8937646910020658e-04
-2.8821213951640308e-04
-2.8707940705408627e-04
-2.8596860287166822e-04
-2.8484714320769637e-04
-2.8374345040171900e-04
-2.8266280141903469e-04
-2.8159547542095764e-04
-2.8055573702945254e-04
-2.7954037967181943e-04
-2.7852874613457660e-04
-2.7751341933862937e-04
-2.7652326905147981e-04
-2.7554362880790722e-04
-2.7458652179461544e-04
-2.7365302137855865e-04
-2.7273419446972023e-04
-2.7181042433382235e-04
-2.7089751955071769e-04
-2.7000451036955880e-04
-2.6912274835339206e-04
-2.6826270533802265e-04
-2.6742363382699526e-04
-2.6659327634764277e-04
-2.6575233606060248e-04
-2.6493203423261989e-04
-2.6413079682819339e-04
-2.6334016943975420e-04
-2.6256935234428183e-04
-2.6181780755117195e-04
-2.6106327818798184e-04
-2.6031079845699072e-04
-2.5957752094904626e-04
-2.5886302278635252e-04
-2.5816241465456604e-04
-2.5747686150806646e-04
-2.5680655981657536e-04
-2.5612898065342977e-04
-2.5546540468971855e-04
-2.5481731625492861e-04
-2.5418739212750057e-04
-2.5357538571163139e-04
-2.5297817175880385e-04
-2.5237843858767994e-04
-2.5178662095900182e-04
-2.5121284283959587e-04
-2.5065611750737051e-04
-2.5011266047742257e-04
-2.4958720983538757e-04
-2.4907519742749820e-04
-2.4855957458375311e-04
-2.4805919543265787e-04
-2.4757538658881536e-04
-2.4710996096256134e-04
-2.4666289497207933e-04
-2.4623417297688717e-04
-2.4580165312920309e-04
-2.4538120220133340e-04
-2.4497984934614169e-04
-2.4459765920402274e-04
-2.4423470863286617e-04
0.0000000000000000e+00
4.7856273259362914e-01
3.6295485309822773e-01
7.2925365311217348e+01
];
