%Vec Object:sol 1 MPI processes
%  type: mpi
sol = [
0.0000000000000000e+00
-3.8051044405806658e-03
-3.7774698957861353e-03
-3.7504266001667113e-03
-3.7241503078997221e-03
-3.6990495730784734e-03
-3.6734802593986282e-03
-3.6490257374535754e-03
-3.6250656343558355e-03
-3.6017227430327112e-03
-3.5793707019413901e-03
-3.5568200800812117e-03
-3.5348818273332546e-03
-3.5134685587835655e-03
-3.4924602737516899e-03
-3.4722646746599660e-03
-3.4522648596497841e-03
-3.4324144931773852e-03
-3.4131348898992307e-03
-3.3940280133794264e-03
-3.3756044228184174e-03
-3.3575544108077975e-03
-3.3396605499153805e-03
-3.3220568554012818e-03
-3.3046705121925254e-03
-3.2877311726618123e-03
-3.2713286593595335e-03
-3.2550309417994040e-03
-3.2388668760887475e-03
-3.2230417072947951e-03
-3.2073658133559787e-03
-3.1921626082685533e-03
-3.1773063496512307e-03
-3.1625567752106816e-03
-3.1478863198635722e-03
-3.1335157792667621e-03
-3.1193559329149496e-03
-3.1055903915583917e-03
-3.0920919493528476e-03
-3.0785682116360670e-03
-3.0652341986180200e-03
-3.0521629202765058e-03
-3.0392822898413149e-03
-3.0267399201728651e-03
-3.0144612670235655e-03
-3.0019887964227009e-03
-2.9898070462611357e-03
-2.9779101220275424e-03
-2.9661381498853018e-03
-2.9546633762348486e-03
-2.9433752828247196e-03
-2.9319515112800252e-03
-2.9207893989641755e-03
-2.9098998538570550e-03
-2.8991856228028491e-03
-2.8886674122649099e-03
-2.8781996914740201e-03
-2.8678250120420987e-03
-2.8575865272141890e-03
-2.8475968962299071e-03
-2.8378474627738883e-03
-2.8282473990449580e-03
-2.8185418749359929e-03
-2.8090491595485212e-03
-2.7997741159948185e-03
-2.7906251259471370e-03
-2.7817009908482617e-03
-2.7729160770292340e-03
-2.7640803087450264e-03
-2.7554047307809587e-03
-2.7469456754549005e-03
-2.7386981527344890e-03
-2.7306091306227333e-03
-2.7225192445189373e-03
-2.7145165920100557e-03
-2.7067208629259886e-03
-2.6990833289791722e-03
-2.6916196386529102e-03
-2.6843582093854716e-03
-2.6770389106176044e-03
-2.6698660621053086e-03
-2.6628600278759251e-03
-2.6560553582388432e-03
-2.6494497534655008e-03
-2.6429631929503678e-03
-2.6364255933244859e-03
-2.6300905011010000e-03
-2.6239562240988599e-03
-2.6180213970680871e-03
-2.6122536280036310e-03
-2.6065082112589478e-03
-2.6008652243858410e-03
-2.5954261649315307e-03
-2.5901905503114440e-03
-2.5851221815321127e-03
-2.5802526635661017e-03
-2.5753423226300086e-03
-2.5706392056870460e-03
-2.5661471512005681e-03
0.0000000000000000e+00
5.0267187086828391e-01
3.6295486983223779e-01
7.2925299968229737e+01
];
