%Vec Object:sol 1 MPI processes
%  type: mpi
sol = [
0.0000000000000000e+00
-3.4534667289736555e-04
-3.4304503266064816e-04
-3.4079005064381455e-04
-3.3859749294899493e-04
-3.3650402785733954e-04
-3.3439479911458246e-04
-3.3234596092062010e-04
-3.3033642040357098e-04
-3.2837725660369140e-04
-3.2650205355322208e-04
-3.2462597968280758e-04
-3.2282966783192280e-04
-3.2103610389785714e-04
-3.1926156146119898e-04
-3.1755610194697114e-04
-3.1586473104176354e-04
-3.1422642774044172e-04
-3.1263927310944606e-04
-3.1105610373495393e-04
-3.0948958557866540e-04
-3.0795378210785756e-04
-3.0644550576251533e-04
-3.0498816113110766e-04
-3.0354676415093309e-04
-3.0214206582465869e-04
-3.0075944663732494e-04
-2.9936200228240008e-04
-2.9800720234106766e-04
-2.9668870426418834e-04
-2.9538070802202884e-04
-2.9411247024308939e-04
-2.9287275448847453e-04
-2.9161243149468651e-04
-2.9038233492932776e-04
-2.8917683360417694e-04
-2.8798794760235885e-04
-2.8683236932899777e-04
-2.8569869811172850e-04
-2.8457506430154268e-04
-2.8344971215395616e-04
-2.8234611511913070e-04
-2.8125780815629263e-04
-2.8019824387499247e-04
-2.7916074739348882e-04
-2.7813576669634670e-04
-2.7712069934107545e-04
-2.7611005705620930e-04
-2.7510915201326168e-04
-2.7413368752406136e-04
-2.7318248272523198e-04
-2.7224111140669675e-04
-2.7132146192001129e-04
-2.7039884813448049e-04
-2.6948257238391699e-04
-2.6858289427445918e-04
-2.6770534272131034e-04
-2.6684694716776723e-04
-2.6599920126018115e-04
-2.6517071811250610e-04
-2.6433241707139586e-04
-2.6350676383220608e-04
-2.6269801977940458e-04
-2.6190923469347852e-04
-2.6113887180495083e-04
-2.6037861058973472e-04
-2.5962667783455790e-04
-2.5887432692770933e-04
-2.5813724004315747e-04
-2.5741356661280719e-04
-2.5670851314011110e-04
-2.5602167693091258e-04
-2.5534825046173243e-04
-2.5466993094974580e-04
-2.5400053296019013e-04
-2.5334911147872479e-04
-2.5271124092649715e-04
-2.5208839392720783e-04
-2.5148322024702173e-04
-2.5089488904104319e-04
-2.5029444407612123e-04
-2.4970839891008347e-04
-2.4914011340067542e-04
-2.4858941767165016e-04
-2.4805534915975488e-04
-2.4753418356642014e-04
-2.4702051730094582e-04
-2.4650849578592544e-04
-2.4601430126241597e-04
-2.4553498693684843e-04
-2.4507186945729194e-04
-2.4462674524005371e-04
-2.4419956542001990e-04
-2.4377055203617359e-04
-2.4335127617929693e-04
-2.4295000462327157e-04
-2.4256747193441522e-04
-2.4220375029720994e-04
-2.4185892378094371e-04
0.0000000000000000e+00
4.7400808302035252e-01
3.6295485309822773e-01
7.2925365311217348e+01
];
