%Vec Object:sol 1 MPI processes
%  type: mpi
sol = [
0.0000000000000000e+00
-4.0084002361326246e-04
-3.9775478357820872e-04
-3.9472280115031776e-04
-3.9177719205221923e-04
-3.8896123859930780e-04
-3.8615649871691821e-04
-3.8342626304296645e-04
-3.8074470076422868e-04
-3.7813255743570886e-04
-3.7562937128009813e-04
-3.7313354098368308e-04
-3.7068748753274380e-04
-3.6829522089713255e-04
-3.6594904616557198e-04
-3.6369210111007380e-04
-3.6145876187790277e-04
-3.5924590558548356e-04
-3.5709603600628720e-04
-3.5496704180124441e-04
-3.5291293044571563e-04
-3.5090076409520656e-04
-3.4888329974022925e-04
-3.4692485490411205e-04
-3.4499156499321959e-04
-3.4310765599437264e-04
-3.4128251989089031e-04
-3.3943390474507691e-04
-3.3762972460535357e-04
-3.3587350462191380e-04
-3.3413484275167257e-04
-3.3244781009086595e-04
-3.3076992124257996e-04
-3.2909885363826592e-04
-3.2747527317291368e-04
-3.2588484714726127e-04
-3.2431813935292236e-04
-3.2277298353412944e-04
-3.2123747531114953e-04
-3.1972578402446713e-04
-3.1825425332726587e-04
-3.1681168599383613e-04
-3.1537681216536651e-04
-3.1395329710754382e-04
-3.1255966236638360e-04
-3.1118473038188859e-04
-3.0984464620548976e-04
-3.0852971792340886e-04
-3.0719785855804757e-04
-3.0589917853415767e-04
-3.0463218049619752e-04
-3.0338013088970984e-04
-3.0215660794030214e-04
-3.0092893166896084e-04
-2.9971979379614659e-04
-2.9853301290180866e-04
-2.9737483871312536e-04
-2.9624175545387604e-04
-2.9509925650195396e-04
-2.9397539770400870e-04
-2.9287834833998457e-04
-2.9179858595175377e-04
-2.9074092113733779e-04
-2.8969274218389798e-04
-2.8865266614627147e-04
-2.8762735444258096e-04
-2.8662709477823432e-04
-2.8565120964568248e-04
-2.8468723284678048e-04
-2.8371848111896132e-04
-2.8277382791859658e-04
-2.8185272970579023e-04
-2.8094964038329751e-04
-2.8006555050255009e-04
-2.7917558965787276e-04
-2.7830856388480593e-04
-2.7745944459671440e-04
-2.7662984541554570e-04
-2.7582270463166232e-04
-2.7501659651292098e-04
-2.7422263984925297e-04
-2.7344740505808810e-04
-2.7269446839095956e-04
-2.7196357448616303e-04
-2.7124010579881677e-04
-2.7052016747749547e-04
-2.6982258157836941e-04
-2.6914715713759836e-04
-2.6849373752715943e-04
-2.6785239991708221e-04
-2.6721196445491795e-04
-2.6659401407653919e-04
-2.6599846385195260e-04
-2.6542524627131970e-04
-2.6487021409138433e-04
-2.6431246068709394e-04
-2.6377765593377131e-04
-2.6326585485262228e-04
-2.6277708251649939e-04
0.0000000000000000e+00
5.1828824692433584e-01
3.6295485309822773e-01
7.2925365311217348e+01
];
