%Vec Object:sol 1 MPI processes
%  type: mpi
sol = [
0.0000000000000000e+00
-3.7854064259461415e-04
-3.7579124640575094e-04
-3.7310068553599214e-04
-3.7048641697271813e-04
-3.6798903793857886e-04
-3.6549837199847273e-04
-3.6307104105484238e-04
-3.6068640481203744e-04
-3.5836320636339653e-04
-3.5613857642470244e-04
-3.5391775685723133e-04
-3.5176928511552769e-04
-3.4963739502962894e-04
-3.4754586808188978e-04
-3.4553522290138849e-04
-3.4354414700610411e-04
-3.4161580771773837e-04
-3.3970569805542151e-04
-3.3780284478415485e-04
-3.3596802197521193e-04
-3.3417044255240993e-04
-3.3240647132375643e-04
-3.3069181181553654e-04
-3.2895969144971479e-04
-3.2727211959727022e-04
-3.2563802457274136e-04
-3.2401445142788072e-04
-3.2244043475761279e-04
-3.2088293566216844e-04
-3.1932069487082245e-04
-3.1780556062300732e-04
-3.1632502704623732e-04
-3.1486330002223245e-04
-3.1344390194912227e-04
-3.1201489063813719e-04
-3.1060309102527728e-04
-3.0923060145772815e-04
-3.0788476835208413e-04
-3.0655925344359730e-04
-3.0526037952527743e-04
-3.0395655787477424e-04
-3.0267178872323089e-04
-3.0142075048311852e-04
-3.0019602505290509e-04
-2.9898706737000185e-04
-2.9778920863305058e-04
-2.9660198838470851e-04
-2.9542728100874553e-04
-2.9428221855405348e-04
-2.9316542816449736e-04
-2.9206106109730103e-04
-2.9095285824172219e-04
-2.8986552757378033e-04
-2.8879571972506503e-04
-2.8774549184361033e-04
-2.8672082484542587e-04
-2.8571486048428296e-04
-2.8469203952529023e-04
-2.8369405986306581e-04
-2.8272005750663837e-04
-2.8176099188806830e-04
-2.8082146687317787e-04
-2.7989254583410785e-04
-2.7896542217976998e-04
-2.7805092003420443e-04
-2.7715887012757091e-04
-2.7628865077431299e-04
-2.7543589315889388e-04
-2.7457856745002988e-04
-2.7373239131071734e-04
-2.7290735304663774e-04
-2.7209817493035934e-04
-2.7130607398202148e-04
-2.7053453190698190e-04
-2.6975588760064662e-04
-2.6899127665015098e-04
-2.6824405828878277e-04
-2.6751705508831102e-04
-2.6680996183968175e-04
-2.6611322507197457e-04
-2.6541133881649175e-04
-2.6472957790316961e-04
-2.6406771127334539e-04
-2.6342465084881463e-04
-2.6279632405088339e-04
-2.6217392261639391e-04
-2.6155864999286824e-04
-2.6096331687287247e-04
-2.6038469636657232e-04
-2.5982417583726768e-04
-2.5928365181987538e-04
-2.5874169696158062e-04
-2.5821575781654937e-04
-2.5770654407770673e-04
-2.5721718790585750e-04
-2.5674843994760564e-04
-2.5629608379417509e-04
-2.5584402682342090e-04
0.0000000000000000e+00
5.0109188101016056e-01
3.6295485309822773e-01
7.2925365311217348e+01
];
