%Vec Object:sol 1 MPI processes
%  type: mpi
sol = [
0.0000000000000000e+00
-2.9312270938946450e-10
-2.3402415691627463e-03
-2.1454035296860565e-03
-1.8734730712045996e-03
-1.6709481931043702e-03
-1.5000330511033143e-03
-1.3560907832583110e-03
-1.2242806413607923e-03
-1.1065155412018452e-03
-9.9018618617184497e-04
-8.7420688615238702e-04
-7.5553789645901924e-04
-6.2942932224184923e-04
-5.0677543896644110e-04
-3.8173151946786435e-04
-2.7466134209481921e-04
-1.7727658191571925e-04
-1.0095999382093091e-04
7.3985468807881809e-03
5.7136530150324175e-04
-2.5759030138772834e-05
-3.7300991514269389e-05
-4.8849112647847362e-05
-6.0479718824741810e-05
-7.1913794191334076e-05
-8.2760061567148176e-05
-9.2741540797895586e-05
-1.0198555646773536e-04
-1.1021606032143538e-04
-1.1778831962432663e-04
-1.2458563721660465e-04
-1.3078782249446036e-04
-1.3652475703639596e-04
-1.4175060464430379e-04
-1.4662727882658387e-04
-1.5117390424816178e-04
-1.5538481608295976e-04
-1.5934695236767679e-04
-1.6307138934249876e-04
-1.6653785366001886e-04
-1.6979712177391472e-04
-1.7285254248850909e-04
-1.7569918468311692e-04
-1.7835754714072739e-04
-1.8082531554453656e-04
-1.8310435697375718e-04
-1.8520934803409710e-04
-1.8714061000120328e-04
-1.8890071840987804e-04
-1.9048997480862294e-04
-1.9192201448935717e-04
-1.9320065134375295e-04
-1.9431787966962485e-04
-1.9528786625250179e-04
-1.9611731373850395e-04
-1.9680571172114953e-04
-1.9735224678328598e-04
-1.9776973719857476e-04
-1.9806322023817614e-04
-1.9822269165748561e-04
-1.9827869299539019e-04
-1.9822141787053673e-04
-1.9804753805855851e-04
-1.9776737569145641e-04
-1.9739227080573462e-04
-1.9692211181994136e-04
-1.9635310071232303e-04
-1.9569313811372140e-04
-1.9493041574596723e-04
-1.9408256472895811e-04
-1.9314464640931149e-04
-1.9214300683047277e-04
-1.9107499510522945e-04
-1.8992795476361111e-04
-1.8871378937471340e-04
-1.8744097067282939e-04
-1.8610641276387170e-04
-1.8470763919556970e-04
-1.8324952490809317e-04
-1.8174379128654112e-04
-1.8018531256649154e-04
-1.7857344608565844e-04
-1.7690642286316208e-04
-1.7519283336848694e-04
-1.7343318971632971e-04
-1.7162264722309366e-04
-1.6976027396418782e-04
-1.6784398355427203e-04
-1.6588543463699857e-04
-1.6387565195540778e-04
-1.6180903100155409e-04
-1.5968541264324275e-04
-1.5750536551892665e-04
-1.5525886564767322e-04
-1.5294184219127174e-04
-1.5055066884606978e-04
-1.4807225622601476e-04
-1.4550654497683091e-04
0.0000000000000000e+00
6.2061911230938516e-01
3.4291483237289611e-01
2.4500709116672482e+01
];
