%Vec Object:sol 1 MPI processes
%  type: mpi
sol = [
0.0000000000000000e+00
-9.1976548690434179e-10
-9.1006073590814466e-10
-9.3984821813709325e-10
-9.5897061372293343e-10
-9.6679564169492061e-10
-9.6609626514964712e-10
-9.6516207951280010e-10
-9.6158614769737133e-10
-9.5700734970349046e-10
-9.5202435061981029e-10
-9.4568522317047935e-10
-9.3931913311419074e-10
-9.3248605037042692e-10
-9.2527757102755236e-10
-9.1798805811136209e-10
-9.1031022928330872e-10
-9.0253943727507501e-10
-8.9465680908477816e-10
-8.8653156622860783e-10
-8.7836500546128835e-10
-8.7006118506761312e-10
-8.6163560608196723e-10
-8.5315705153591741e-10
-8.4454121214588546e-10
-8.3585022956451376e-10
-8.2709893358154001e-10
-8.1821639619917248e-10
-8.0927340165702587e-10
-8.0025591067210603e-10
-7.9112712451812640e-10
-7.8193075370024114e-10
-7.7264890989616983e-10
-7.6326499186423650e-10
-7.5380304326504733e-10
-7.4424727092398197e-10
-7.3459224401258614e-10
-7.2488796052332096e-10
-7.1550514801648329e-10
-7.1024913935405083e-10
-7.4529130121735325e-10
-1.1838946693344760e-09
-5.8177327960608092e-09
-4.4571228484536756e-08
-3.3462226159779531e-07
-2.3595353026307515e-06
-1.4805910292965287e-05
-6.6110414427306765e-05
-1.5406616933836691e-04
-2.1229353502916692e-04
-2.3588638465084922e-04
-2.4325942428136453e-04
-2.4402819217159721e-04
-2.4207300258619860e-04
-2.3897245664614221e-04
-2.3551080526007458e-04
-2.3185966474880407e-04
-2.2811975437733741e-04
-2.2438614279794619e-04
-2.2062756643454143e-04
-2.1685861792807649e-04
-2.1315708449311187e-04
-2.0948539058495414e-04
-2.0582112032002295e-04
-2.0215699355420993e-04
-1.9853503892067342e-04
-1.9493257446253170e-04
-1.9131908863408373e-04
-1.8773175393331840e-04
-1.8417389039330034e-04
-1.8060354511178323e-04
-1.7704361661652888e-04
-1.7351172366483387e-04
-1.7000027715161691e-04
-1.6648524132662675e-04
-1.6296488807477377e-04
-1.5946295461866301e-04
-1.5597476436933263e-04
-1.5248050335745487e-04
-1.4896231228070199e-04
-1.4546154986036129e-04
-1.4197321883180954e-04
-1.3847940923463693e-04
-1.3496975256672671e-04
-1.3145997444708910e-04
-1.2795076397298608e-04
-1.2443532056377756e-04
-1.2090985423237680e-04
-1.1736248399047989e-04
-1.1379299903772158e-04
-1.1018907705126364e-04
-1.0660541995067857e-04
-1.0300465275589700e-04
-9.9387788017376181e-05
-9.5742904462433936e-05
-9.2028226163826254e-05
-8.8309368820282404e-05
-8.4588481014807355e-05
-8.0840836982021429e-05
0.0000000000000000e+00
9.3229939547884011e-01
2.6855100031696000e-01
5.0463940468839370e+00
];
