%Vec Object:sol 1 MPI processes
%  type: mpi
sol = [
0.0000000000000000e+00
-4.1291119607390235e-03
-4.0956168408748106e-03
-4.0628224179264953e-03
-4.0309458388577170e-03
-4.0004343922161022e-03
-3.9698514879661067e-03
-3.9402017066752703e-03
-3.9111546123158820e-03
-3.8828436676703439e-03
-3.8556769265734366e-03
-3.8282311701166925e-03
-3.8016507578461181e-03
-3.7756943848604868e-03
-3.7502286540823074e-03
-3.7256984170655019e-03
-3.7009421243958899e-03
-3.6768567915222840e-03
-3.6534895139828660e-03
-3.6303499042302937e-03
-3.6079575423924592e-03
-3.5855285582643646e-03
-3.5635167846612141e-03
-3.5422025861310165e-03
-3.5211585338691836e-03
-3.5005193983975334e-03
-3.4801280692483560e-03
-3.4598945858946672e-03
-3.4402440631261769e-03
-3.4210968968828807e-03
-3.4019764885356608e-03
-3.3831109361544221e-03
-3.3646606015655554e-03
-3.3464529738027990e-03
-3.3287429468498116e-03
-3.3111906199231136e-03
-3.2936633116402167e-03
-3.2765980733728030e-03
-3.2598569543283700e-03
-3.2433708700271243e-03
-3.2271023201757357e-03
-3.2109494136112367e-03
-3.1950364649538311e-03
-3.1795212540626436e-03
-3.1643232026764777e-03
-3.1491253726276696e-03
-3.1341247455855476e-03
-3.1194627608901889e-03
-3.1049682493957034e-03
-3.0908249215265680e-03
-3.0768263782642215e-03
-3.0628315167359589e-03
-3.0491491296243648e-03
-3.0357905064668459e-03
-3.0226519191090514e-03
-3.0095837504187503e-03
-2.9966578309585418e-03
-2.9840098367807091e-03
-2.9715399877511214e-03
-2.9593677375535422e-03
-2.9473377269630700e-03
-2.9353274494726862e-03
-2.9235653439520829e-03
-2.9120859969050824e-03
-2.9008708660939160e-03
-2.8897067766891680e-03
-2.8786277479720696e-03
-2.8678205827136452e-03
-2.8572388409626743e-03
-2.8468608155774503e-03
-2.8366617597661054e-03
-2.8265151462110723e-03
-2.8165768181422513e-03
-2.8068596168771228e-03
-2.7973998266042008e-03
-2.7881426780518846e-03
-2.7788608496193672e-03
-2.7698034343376942e-03
-2.7610002056255630e-03
-2.7524479584520056e-03
-2.7440942384749064e-03
-2.7357026132342919e-03
-2.7275642479803377e-03
-2.7196767105044355e-03
-2.7120285540356550e-03
-2.7045770180047805e-03
-2.6971325924811250e-03
-2.6899249157916632e-03
-2.6829683430582957e-03
-2.6762290067443980e-03
-2.6697214544338477e-03
-2.6632625446890001e-03
-2.6570124738927959e-03
-2.6510171911796770e-03
-2.6452388177177696e-03
-2.6397100861002710e-03
-2.6342707241585944e-03
-2.6290188533888634e-03
-2.6240288964433848e-03
0.0000000000000000e+00
5.2734811052098218e-01
3.6295486983223779e-01
7.2925299968229737e+01
];
