%Vec Object:sol 1 MPI processes
%  type: mpi
sol = [
0.0000000000000000e+00
-2.9305708181629018e-09
-2.3402622566845787e-02
-2.1454237699197153e-02
-1.8734905777703491e-02
-1.6709638379043466e-02
-1.5000471143173662e-02
-1.3561034810214452e-02
-1.2242921145232051e-02
-1.1065259338667277e-02
-9.9019555068286576e-03
-8.7421530471867726e-03
-7.5554547728668622e-03
-6.2943619718701695e-03
-5.0678179854905742e-03
-3.8173751944357297e-03
-2.7466736701570356e-03
-1.7728353217402980e-03
-1.0097149808064286e-03
7.3982011957244687e-02
5.7235208291335831e-03
-2.5760206749795227e-04
-3.7302494558388800e-04
-4.8850861931875504e-04
-6.0481654111980835e-04
-7.1915875105897631e-04
-8.2762264668083873e-04
-9.2743852440315517e-04
-1.0198796856789145e-03
-1.1021857087349779e-03
-1.1779092434298561e-03
-1.2458833568716340e-03
-1.3079061287143352e-03
-1.3652763669284606e-03
-1.4175357184358882e-03
-1.4663033015315861e-03
-1.5117703545553588e-03
-1.5538802272784908e-03
-1.5935022856817644e-03
-1.6307472813082077e-03
-1.6654124783386820e-03
-1.6980056305799809e-03
-1.7285602188155467e-03
-1.7570269313581732e-03
-1.7836107522490752e-03
-1.8082885372080930e-03
-1.8310789607558092e-03
-1.8521287921520707e-03
-1.8714412450658120e-03
-1.8890420876707876e-03
-1.9049343391758309e-03
-1.9192543570692251e-03
-1.9320402919569884e-03
-1.9432120960515174e-03
-1.9529114418438162e-03
-1.9612053632022531e-03
-1.9680887654981603e-03
-1.9735535195474644e-03
-1.9777278122509153e-03
-1.9806620239166805e-03
-1.9822561158349375e-03
-1.9828155040054031e-03
-1.9822421282026776e-03
-1.9805027070207751e-03
-1.9777004626853152e-03
-1.9739488136799035e-03
-1.9692467142554170e-03
-1.9635561741922518e-03
-1.9569555112767122e-03
-1.9493284864295333e-03
-1.9408492575913950e-03
-1.9314694420414361e-03
-1.9214525044045747e-03
-1.9107718650207136e-03
-1.8993009419465863e-03
-1.8871587711612136e-03
-1.8744300716503682e-03
-1.8610839854991473e-03
-1.8470957485012265e-03
-1.8325141097857698e-03
-1.8174562826254713e-03
-1.8018710093270951e-03
-1.7857518633820888e-03
-1.7690811545540469e-03
-1.7519447872845989e-03
-1.7343478823082952e-03
-1.7162419929123479e-03
-1.6976177995777296e-03
-1.6784544380088024e-03
-1.6588684940848557e-03
-1.6387702151287348e-03
-1.6181035556934961e-03
-1.5968669239567644e-03
-1.5750660055751833e-03
-1.5526005599785656e-03
-1.5294298782260484e-03
-1.5055176962644010e-03
-1.4807331193035255e-03
-1.4550755522744086e-03
0.0000000000000000e+00
6.2062027288613120e-01
3.4291464360646923e-01
2.4500512256006218e+01
];
