%Vec Object:sol 1 MPI processes
%  type: mpi
sol = [
0.0000000000000000e+00
-3.4583326706411630e-04
-3.4352781300268600e-04
-3.4126911971818968e-04
-3.3907297960099396e-04
-3.3697612063671574e-04
-3.3484783983736755e-04
-3.3279590338236640e-04
-3.3078334198867801e-04
-3.2882125255315501e-04
-3.2694327292652698e-04
-3.2506443074063036e-04
-3.2326340770681732e-04
-3.2145409085304616e-04
-3.1967726471535693e-04
-3.1796963580586431e-04
-3.1627612028148068e-04
-3.1463575897753909e-04
-3.1304662874341642e-04
-3.1144637637172984e-04
-3.0987808724824593e-04
-3.0834055614182269e-04
-3.0683058971790305e-04
-3.0537162720469896e-04
-3.0392862900206720e-04
-3.0252239115880332e-04
-3.0112344515848146e-04
-2.9972462898305397e-04
-2.9836850974081182e-04
-2.9704873672683964e-04
-2.9573947354835596e-04
-2.9447002328366148e-04
-2.9322103449961983e-04
-2.9195326282915543e-04
-2.9072224620439860e-04
-2.8951585371561904e-04
-2.8832609205803274e-04
-2.8716967670378349e-04
-2.8603518923654909e-04
-2.8489651737027030e-04
-2.8377048493346792e-04
-2.8266622430004462e-04
-2.8157726094974107e-04
-2.8051706550092639e-04
-2.7947895193370791e-04
-2.7845332099490981e-04
-2.7742375028072747e-04
-2.7641263323444423e-04
-2.7541124905576585e-04
-2.7443532539545869e-04
-2.7348368132396186e-04
-2.7254187120260041e-04
-2.7161641202001568e-04
-2.7068526049991000e-04
-2.6976878193342945e-04
-2.6886890784107208e-04
-2.6799117531106225e-04
-2.6713260999669238e-04
-2.6628469371315364e-04
-2.6544266953677152e-04
-2.6460429995073145e-04
-2.6377857548988095e-04
-2.6296976235057324e-04
-2.6218091348450325e-04
-2.6141048944272784e-04
-2.6065017825804273e-04
-2.5988504941729871e-04
-2.5913273694584514e-04
-2.5839568515452293e-04
-2.5767204195485807e-04
-2.5696702085757720e-04
-2.5628021826940082e-04
-2.5560325079845983e-04
-2.5491578886485227e-04
-2.5424662568260281e-04
-2.5359543872308647e-04
-2.5295779886003579e-04
-2.5233518202820671e-04
-2.5173024301389159e-04
-2.5112963633567339e-04
-2.5052936186864755e-04
-2.4994363251225647e-04
-2.4937566651736293e-04
-2.4882529441997288e-04
-2.4829155216706948e-04
-2.4777066062191700e-04
-2.4724488224155654e-04
-2.4673323159845668e-04
-2.4623941161245483e-04
-2.4576047385703887e-04
-2.4529773812297936e-04
-2.4485300524930772e-04
-2.4441925630033415e-04
-2.4398547164953754e-04
-2.4356675749504303e-04
-2.4316604735115377e-04
-2.4278407146259039e-04
-2.4242089824985587e-04
-2.4207664153818762e-04
0.0000000000000000e+00
4.7441347505093723e-01
3.6295485309822773e-01
7.2925365311217348e+01
];
