%Vec Object:sol 1 MPI processes
%  type: mpi
sol = [
0.0000000000000000e+00
-1.6931876467694187e-03
-1.5362928805093806e-03
-1.3596654578884601e-03
-1.1973888059327420e-03
-1.0706048846697482e-03
-3.9768951035457431e-04
-3.9691731762370760e-04
-3.9262636004534784e-04
-3.8832219303508089e-04
-3.8409402524374652e-04
-3.7983747863388134e-04
-3.7568145467117950e-04
-3.7157719421010329e-04
-3.6749124637770595e-04
-3.6347065768587453e-04
-3.5946887592408201e-04
-3.5553571186296048e-04
-3.5165634353561542e-04
-3.4776684595954276e-04
-3.4395209755771133e-04
-3.4017761826523582e-04
-3.3643915286924765e-04
-3.3272928490964989e-04
-3.2904195614047926e-04
-3.2540148562122646e-04
-3.2181668381232978e-04
-3.1822274440217066e-04
-3.1466530855976736e-04
-3.1115049235116347e-04
-3.0764752155034835e-04
-3.0418896481901304e-04
-3.0073290775202373e-04
-2.9728985241891129e-04
-2.9388400334074338e-04
-2.9050038709174577e-04
-2.8712424702853113e-04
-2.8375501825819699e-04
-2.8039994505552095e-04
-2.7704919628025531e-04
-2.7371236018114696e-04
-2.7036696491570991e-04
-2.6697919910930650e-04
-2.6356475270118175e-04
-2.6009135422627185e-04
-2.5651549640136806e-04
-2.5280925826704170e-04
-2.4890483446219584e-04
-2.4476243701207387e-04
-2.4037145366670538e-04
-2.3573316985234458e-04
-2.3087349307999438e-04
-2.2586999628198547e-04
-2.2080443057904397e-04
-2.1576758712940392e-04
-2.1083981739785930e-04
-2.0609915575379678e-04
-2.0161014325083135e-04
-1.9742472426992461e-04
-1.9358624420182474e-04
-1.9011371132947197e-04
-1.8701583145139546e-04
-1.8425024680043442e-04
-1.8175596968040764e-04
-1.7954679322501721e-04
-1.7758769597427582e-04
-1.7584002554985447e-04
-1.7426762500378430e-04
-1.7284223745880510e-04
-1.7154210285854840e-04
-1.7034119278007992e-04
-1.6920936912016699e-04
-1.6814981050062319e-04
-1.6714289676366645e-04
-1.6616196698748556e-04
-1.6520650082680406e-04
-1.6427182566015829e-04
-1.6334493262249903e-04
-1.6241538449110175e-04
-1.6148119931644521e-04
-1.6054484205047271e-04
-1.5959509524520615e-04
-1.5862622937836364e-04
-1.5763316195488108e-04
-1.5661892348944623e-04
-1.5558031465057274e-04
-1.5450886724316018e-04
-1.5340079460235816e-04
-1.5225227684516706e-04
-1.5107242436907992e-04
-1.4984990713067688e-04
-1.4857397945248997e-04
-1.4724444141386755e-04
-1.4585969324336915e-04
-1.4440822519588069e-04
-1.4288543813294682e-04
-1.4128045355421849e-04
-1.3957550215978735e-04
-1.3776585775438540e-04
0.0000000000000000e+00
5.6783283366377113e-01
3.6063826367936103e-01
6.1417384717367526e+01
];
