%Vec Object:sol 1 MPI processes
%  type: mpi
sol = [
0.0000000000000000e+00
-3.8757477128767539e-03
-3.8473985911783291e-03
-3.8190751537456502e-03
-3.7915580361574069e-03
-3.7652639715418722e-03
-3.7390578590709420e-03
-3.7140792905991289e-03
-3.6890807463825911e-03
-3.6646501352088647e-03
-3.6412497493161270e-03
-3.6179042508794369e-03
-3.5955351676909158e-03
-3.5733778518296667e-03
-3.5514069821489529e-03
-3.5302811572368409e-03
-3.5093696454958703e-03
-3.4891156161749601e-03
-3.4693676702005709e-03
-3.4494036296820337e-03
-3.4301499667198183e-03
-3.4112899495243472e-03
-3.3927859257780230e-03
-3.3749018336078716e-03
-3.3568150658080773e-03
-3.3391298079592569e-03
-3.3220028631336883e-03
-3.3049931807294162e-03
-3.2885009104711570e-03
-3.2722403504219246e-03
-3.2558922599404245e-03
-3.2400354450242176e-03
-3.2245413160904195e-03
-3.2092477359831782e-03
-3.1943816169289832e-03
-3.1794069989973849e-03
-3.1646552165195208e-03
-3.1503130685999418e-03
-3.1362506437863286e-03
-3.1224028342937441e-03
-3.1086938625820367e-03
-3.0950880351545470e-03
-3.0816832487057092e-03
-3.0686295906763345e-03
-3.0558509061803167e-03
-3.0431967670386416e-03
-3.0305310928905125e-03
-3.0181613764109568e-03
-3.0059247113359915e-03
-2.9939962389453029e-03
-2.9823617346907212e-03
-2.9706336212830991e-03
-2.9590408449735863e-03
-2.9477305699704545e-03
-2.9366036922137398e-03
-2.9256811382725565e-03
-2.9149794037586700e-03
-2.9042153387277385e-03
-2.8935943616401716e-03
-2.8832309081422585e-03
-2.8731160277239336e-03
-2.8631572427674137e-03
-2.8531987503052068e-03
-2.8433607178281546e-03
-2.8337478938544442e-03
-2.8242670499758903e-03
-2.8150185053067499e-03
-2.8059597222679380e-03
-2.7968119817200127e-03
-2.7878305419244023e-03
-2.7790725444679898e-03
-2.7705328160040057e-03
-2.7621573843969881e-03
-2.7537800915025498e-03
-2.7455026878508947e-03
-2.7374384917215368e-03
-2.7295379241861085e-03
-2.7218168036807371e-03
-2.7142765183682293e-03
-2.7066886309744988e-03
-2.6992765770347598e-03
-2.6920365073194947e-03
-2.6850034299153798e-03
-2.6781749394679710e-03
-2.6713789791928517e-03
-2.6646286695392826e-03
-2.6580862314527325e-03
-2.6517498854686651e-03
-2.6456181846529507e-03
-2.6396314995062076e-03
-2.6335983246359874e-03
-2.6277747769545786e-03
-2.6221601114703847e-03
-2.6167537524659358e-03
-2.6115188750263979e-03
-2.6063294550743620e-03
-2.6012600198140759e-03
-2.5964058704863084e-03
-2.5917673474523352e-03
0.0000000000000000e+00
5.0813220045271901e-01
3.6295486983223779e-01
7.2925299968229737e+01
];
