%Vec Object:sol 1 MPI processes
%  type: mpi
sol = [
0.0000000000000000e+00
-3.4171259880255598e-10
-3.8305916573082971e-10
-2.3753795481001702e-03
-2.0723882793837558e-03
-1.8487094211799390e-03
-1.6598237925410987e-03
-1.5003668340360609e-03
-1.3546423872726713e-03
-1.2245996070313640e-03
-1.0965633021010432e-03
-9.6958087468912836e-04
-8.4034758930930965e-04
-7.0404224508384882e-04
-5.7257408515134112e-04
-4.3975899865616167e-04
-3.2778581550478049e-04
-2.2917816942851540e-04
-1.6022103434152097e-04
-1.1107009721701472e-04
-8.4746114427203923e-05
-7.2494277500136315e-05
-7.0971941412930313e-05
-7.5222955417237478e-05
-8.2168570590975229e-05
-8.9934608033478597e-05
-9.7259898415612018e-05
-1.0352393591143125e-04
-1.0881372739027237e-04
-1.1270059316350238e-04
-1.1576783998709009e-04
-1.1781385828033923e-04
-1.1916450138503592e-04
-1.2000327757896194e-04
-1.2030151270175846e-04
-1.2029163884755941e-04
-1.2001825854358581e-04
-1.1949171539934503e-04
-1.1882119608123931e-04
-1.1804126147560247e-04
-1.1713167616724103e-04
-1.1615037364225260e-04
-1.1510247798470788e-04
-1.1399953023795515e-04
-1.1285974716224249e-04
-1.1165300736031025e-04
-1.1041864283447326e-04
-1.0915858833840282e-04
-1.0788116497948960e-04
-1.0654184724943369e-04
-1.0519547120199547e-04
-1.0384866636726464e-04
-1.0249559654569083e-04
-1.0111191624609436e-04
-9.9733381982408691e-05
-9.8399351250650965e-05
-9.7087908400071474e-05
-9.5814144859809248e-05
-9.4625173417983203e-05
-9.3522171548193623e-05
-9.2514917509912707e-05
-9.1690307531893842e-05
-9.1037269683766031e-05
-9.0554547987974714e-05
-9.0256658199663919e-05
-9.0155637296299520e-05
1.2261247917451186e-03
5.1471014151279549e-03
-1.6234162879094654e-04
-1.5671696637954480e-04
-1.4972865547766836e-04
-1.4254275257938087e-04
-1.3630385115806710e-04
-1.3179192657188283e-04
-1.2918410083782048e-04
-1.2813084925033730e-04
-1.2803911367633187e-04
-1.2836202276115578e-04
-1.2873528334259328e-04
-1.2897445116937396e-04
-1.2902185123859938e-04
-1.2886319595960545e-04
-1.2851843928904445e-04
-1.2801629908315424e-04
-1.2739787534295268e-04
-1.2668952614096137e-04
-1.2590567643538012e-04
-1.2505845011277360e-04
-1.2415273303703012e-04
-1.2320515279365626e-04
-1.2220616291579739e-04
-1.2115080204627835e-04
-1.2003522224168993e-04
-1.1885759418401978e-04
-1.1760434201160489e-04
-1.1626770147507089e-04
-1.1484437409545481e-04
-1.1331956560309012e-04
-1.1169205891018493e-04
0.0000000000000000e+00
6.4551185990622406e-01
3.2494329722606852e-01
1.4032738845780621e+01
];
