%Vec Object:sol 1 MPI processes
%  type: mpi
sol = [
0.0000000000000000e+00
-4.0700203482960740e-03
-4.0382083011847375e-03
-4.0070870657492770e-03
-3.9764736603508282e-03
-3.9469014960103396e-03
-3.9174618980487141e-03
-3.8893634437504126e-03
-3.8618390482635123e-03
-3.8345526188150732e-03
-3.8082407519953666e-03
-3.7820194252285873e-03
-3.7568636146615470e-03
-3.7323059926399286e-03
-3.7076955949328981e-03
-3.6839542457404581e-03
-3.6604666446213604e-03
-3.6377002218547097e-03
-3.6156190072936822e-03
-3.5932251884122713e-03
-3.5716050663869505e-03
-3.5504233615306093e-03
-3.5296397269536008e-03
-3.5094902381690041e-03
-3.4891399918434529e-03
-3.4693026592840749e-03
-3.4500731520926511e-03
-3.4309869875382738e-03
-3.4124112516896337e-03
-3.3939099520188970e-03
-3.3755974597348844e-03
-3.3578191377330781e-03
-3.3404393742710540e-03
-3.3232382254674404e-03
-3.3061314838557388e-03
-3.2893709314250389e-03
-3.2728607910822690e-03
-3.2567962733289074e-03
-3.2410067109288126e-03
-3.2250821096291037e-03
-3.2095741008274998e-03
-3.1943691438726719e-03
-3.1793901749927011e-03
-3.1647833274183112e-03
-3.1501022505165980e-03
-3.1356202532809006e-03
-3.1215005685865846e-03
-3.1077048942285330e-03
-3.0940633658572241e-03
-3.0804101406059509e-03
-3.0670671472274426e-03
-3.0538849915064748e-03
-3.0410007544078642e-03
-3.0284256721186788e-03
-3.0157617244076901e-03
-3.0032789276996192e-03
-2.9910949108812560e-03
-2.9791741442288713e-03
-2.9674172972070636e-03
-2.9557027579823129e-03
-2.9441767922330372e-03
-2.9328354148273187e-03
-2.9217271686461056e-03
-2.9108864258012442e-03
-2.9001088605154239e-03
-2.8893592311956622e-03
-2.8788726127128659e-03
-2.8686421626243422e-03
-2.8586214967681535e-03
-2.8486567537184073e-03
-2.8387744488315870e-03
-2.8291401486429165e-03
-2.8196979837322791e-03
-2.8104606408509308e-03
-2.8013840278540815e-03
-2.7923396169459028e-03
-2.7834864699274051e-03
-2.7748408805776379e-03
-2.7664324666335518e-03
-2.7582272622660251e-03
-2.7499773395040440e-03
-2.7419271369228861e-03
-2.7341126849414676e-03
-2.7265314422402461e-03
-2.7191718655279855e-03
-2.7117419310023201e-03
-2.7045325292785593e-03
-2.6975576413143707e-03
-2.6908157074406907e-03
-2.6842727759610789e-03
-2.6777458216547491e-03
-2.6713978580423709e-03
-2.6652868246670358e-03
-2.6594120363333906e-03
-2.6537355576896266e-03
-2.6481388005059939e-03
-2.6426876575927211e-03
-2.6374794595429474e-03
-2.6325144466559486e-03
0.0000000000000000e+00
5.2295390759850202e-01
3.6295486983223779e-01
7.2925299968229737e+01
];
