%Vec Object:sol 1 MPI processes
%  type: mpi
sol = [
0.0000000000000000e+00
-3.4117782152640362e-04
-3.3893560615614200e-04
-3.3670732564822930e-04
-3.3454055361743822e-04
-3.3247144130800520e-04
-3.3040312591378602e-04
-3.2843351284195260e-04
-3.2650126897073965e-04
-3.2457250518523617e-04
-3.2271679536347069e-04
-3.2086031002204044e-04
-3.1908254952391345e-04
-3.1734600853741983e-04
-3.1564027460899646e-04
-3.1399618755311115e-04
-3.1232050320898961e-04
-3.1069727533936613e-04
-3.0912461681934878e-04
-3.0756316400669186e-04
-3.0605821642219419e-04
-3.0458258082626872e-04
-3.0311740699541669e-04
-3.0167161907105060e-04
-3.0024171503723090e-04
-2.9884816512964829e-04
-2.9749911058751105e-04
-2.9615631757208430e-04
-2.9485476147084736e-04
-2.9356520680426834e-04
-2.9226608274371282e-04
-2.9100636849610490e-04
-2.8977500298070329e-04
-2.8855792779881667e-04
-2.8737634653226360e-04
-2.8621832808475172e-04
-2.8504776407964956e-04
-2.8389855863772347e-04
-2.8277115625727922e-04
-2.8165993244887025e-04
-2.8057891473164793e-04
-2.7951873280554143e-04
-2.7847304334902549e-04
-2.7742294136006676e-04
-2.7638981629460812e-04
-2.7536922769134931e-04
-2.7437506393063708e-04
-2.7340422606422234e-04
-2.7244244639569002e-04
-2.7150472115116639e-04
-2.7055633915948481e-04
-2.6961785476524799e-04
-2.6870097914943154e-04
-2.6780677168467600e-04
-2.6692655579960682e-04
-2.6606225053839560e-04
-2.6521396575308989e-04
-2.6435704464641900e-04
-2.6351082900659802e-04
-2.6268552678818075e-04
-2.6188042247228598e-04
-2.6108738031236365e-04
-2.6031062450935870e-04
-2.5954334643056614e-04
-2.5877314939898359e-04
-2.5801311903749305e-04
-2.5727222961490306e-04
-2.5654997179316407e-04
-2.5584242707359816e-04
-2.5514777645046442e-04
-2.5445697154582601e-04
-2.5376915218270729e-04
-2.5309477267564275e-04
-2.5243497627564372e-04
-2.5179293972609320e-04
-2.5116835639697385e-04
-2.5055686439119033e-04
-2.4994119720502482e-04
-2.4933404168430372e-04
-2.4874432518811782e-04
-2.4816901131434769e-04
-2.4760780785442436e-04
-2.4706390250598661e-04
-2.4653708375688718e-04
-2.4600294738938617e-04
-2.4547876914705858e-04
-2.4497217826888239e-04
-2.4448307065589599e-04
-2.4401136949724419e-04
-2.4355416808559575e-04
-2.4310911627275396e-04
-2.4266005161731636e-04
-2.4222897195704120e-04
-2.4181587479000052e-04
-2.4141749481519057e-04
-2.4103674165710259e-04
-2.4067434797045052e-04
-2.4031947571577226e-04
-2.3996975256364888e-04
0.0000000000000000e+00
4.7042117922252807e-01
3.6295485309822773e-01
7.2925365311217348e+01
];
