%Vec Object:sol 1 MPI processes
%  type: mpi
sol = [
0.0000000000000000e+00
-3.5593665115443494e-03
-3.5349591280735607e-03
-3.5110553546109815e-03
-3.4878182250076394e-03
-3.4656268726813771e-03
-3.4434609190181257e-03
-3.4218435848179926e-03
-3.4005762871802906e-03
-3.3798467145438309e-03
-3.3600019610452395e-03
-3.3401624577340258e-03
-3.3211631295324731e-03
-3.3022423346295853e-03
-3.2835011306155868e-03
-3.2654874283537532e-03
-3.2476313512759835e-03
-3.2303359643431357e-03
-3.2135807383402871e-03
-3.1967307624750406e-03
-3.1802183253143834e-03
-3.1640333101790792e-03
-3.1481424460094464e-03
-3.1327872680133699e-03
-3.1176056854760300e-03
-3.1027333737494362e-03
-3.0879590339792772e-03
-3.0732671556261940e-03
-3.0590234253774868e-03
-3.0451619171436629e-03
-3.0314158984013533e-03
-3.0180872841591719e-03
-3.0046928768550549e-03
-2.9914035204915900e-03
-2.9784991127110045e-03
-2.9658543236002217e-03
-2.9533865805739666e-03
-2.9412678885000006e-03
-2.9291677144962897e-03
-2.9170609140007483e-03
-2.9052812780726183e-03
-2.8937304742607346e-03
-2.8823416764101016e-03
-2.8712534174032381e-03
-2.8603256213999844e-03
-2.8492324240559797e-03
-2.8384247830180605e-03
-2.8278699512588857e-03
-2.8174187780402697e-03
-2.8072329392802063e-03
-2.7973000956117368e-03
-2.7871787538915182e-03
-2.7772330400792303e-03
-2.7675315287550525e-03
-2.7579834960761288e-03
-2.7486087026542109e-03
-2.7394639568806660e-03
-2.7303601429280434e-03
-2.7212003898926971e-03
-2.7122650355849926e-03
-2.7035463497974721e-03
-2.6949593867801524e-03
-2.6865479114353192e-03
-2.6783045072070006e-03
-2.6699803501699483e-03
-2.6617673575520988e-03
-2.6537586905611317e-03
-2.6459488131221733e-03
-2.6382967476503059e-03
-2.6307833982321129e-03
-2.6232324666766189e-03
-2.6158073913282527e-03
-2.6085260987255576e-03
-2.6014003012535094e-03
-2.5944628205718449e-03
-2.5877102702735215e-03
-2.5809732723326866e-03
-2.5742352318037618e-03
-2.5676838080860784e-03
-2.5613163916664815e-03
-2.5551012745709365e-03
-2.5490352700593523e-03
-2.5431187926427245e-03
-2.5371468863135535e-03
-2.5313498688485578e-03
-2.5256893251555234e-03
-2.5202131637083397e-03
-2.5149201366199254e-03
-2.5098092954194498e-03
-2.5046357813055431e-03
-2.4995868999863856e-03
-2.4947258962149982e-03
-2.4900524566419152e-03
-2.4855664191375582e-03
-2.4812338043801057e-03
-2.4769424138034678e-03
-2.4727372269741131e-03
-2.4687273560272684e-03
-2.4649134771553018e-03
0.0000000000000000e+00
4.8288493959315909e-01
3.6295486983223779e-01
7.2925299968229737e+01
];
