%Vec Object:sol 1 MPI processes
%  type: mpi
sol = [
0.0000000000000000e+00
-3.3711922782342398e-03
-3.3493489554857841e-03
-3.3279416842731031e-03
-3.3070279016086035e-03
-3.2865888777324566e-03
-3.2661565011169076e-03
-3.2466961839056380e-03
-3.2276034041262766e-03
-3.2089862530270993e-03
-3.1911719732292177e-03
-3.1731571874870144e-03
-3.1555674762990208e-03
-3.1383840655121982e-03
-3.1215042689534556e-03
-3.1052851097364545e-03
-3.0891920545951662e-03
-3.0736047008998600e-03
-3.0582863345779412e-03
-3.0428117939624733e-03
-3.0278952018275664e-03
-3.0132682492269467e-03
-2.9989001834759121e-03
-2.9850193083387181e-03
-2.9712852875354461e-03
-2.9576686289081856e-03
-2.9442762885284112e-03
-2.9309465395749115e-03
-2.9180247071675541e-03
-2.9054493679060260e-03
-2.8929693457014930e-03
-2.8808700511348414e-03
-2.8688126890858423e-03
-2.8567128977984102e-03
-2.8449647728314210e-03
-2.8334504826178428e-03
-2.8220923804878634e-03
-2.8110534684573094e-03
-2.8002227853943843e-03
-2.7893250160089243e-03
-2.7785614502174121e-03
-2.7680051453631014e-03
-2.7575931827125283e-03
-2.7474570198435821e-03
-2.7375317230003910e-03
-2.7277242227740097e-03
-2.7179648891357982e-03
-2.7082846328563988e-03
-2.6986954839045428e-03
-2.6893509031080268e-03
-2.6802395350916291e-03
-2.6712206341074950e-03
-2.6624101234708725e-03
-2.6536241154323419e-03
-2.6448351140554226e-03
-2.6362051482186990e-03
-2.6277883710680932e-03
-2.6195558955447139e-03
-2.6114247074986059e-03
-2.6034958835710873e-03
-2.5955777531426064e-03
-2.5876479152353625e-03
-2.5798809846687915e-03
-2.5723068850755349e-03
-2.5649107065300247e-03
-2.5576111937414304e-03
-2.5504972263584481e-03
-2.5433843928848450e-03
-2.5362987080406857e-03
-2.5293424730212866e-03
-2.5225666910522124e-03
-2.5159675033075072e-03
-2.5094979578388021e-03
-2.5031694690868644e-03
-2.4968331536668093e-03
-2.4905677044339204e-03
-2.4844336810485768e-03
-2.4784455713036447e-03
-2.4726293845893613e-03
-2.4669829184123340e-03
-2.4614762249473418e-03
-2.4559176402863246e-03
-2.4504506368937169e-03
-2.4451551729098978e-03
-2.4400218917714420e-03
-2.4350143930605547e-03
-2.4301786034287209e-03
-2.4255135852611675e-03
-2.4208123212001546e-03
-2.4162045304612647e-03
-2.4117552183302248e-03
-2.4074820841000154e-03
-2.4033850869894509e-03
-2.3994643352925169e-03
-2.3956885706384163e-03
-2.3918491979114799e-03
-2.3881813252339878e-03
-2.3846981040474011e-03
-2.3814003886326496e-03
0.0000000000000000e+00
4.6694437084990315e-01
3.6295486983223779e-01
7.2925299968229737e+01
];
