%Vec Object:sol 1 MPI processes
%  type: mpi
sol = [
0.0000000000000000e+00
-4.0515052371618230e-04
-4.0199698717627655e-04
-3.9891207726346003e-04
-3.9591465757507461e-04
-3.9299725699129632e-04
-3.9007857543653948e-04
-3.8729324273628353e-04
-3.8456498509087562e-04
-3.8190683060044286e-04
-3.7930237578119065e-04
-3.7670281240686880e-04
-3.7420924508718131e-04
-3.7177519122997708e-04
-3.6938549462977015e-04
-3.6703195614889354e-04
-3.6470367625076347e-04
-3.6244716815170421e-04
-3.6025966419402008e-04
-3.5808791615811811e-04
-3.5594468811093045e-04
-3.5384511087716063e-04
-3.5178516671790767e-04
-3.4979244023034418e-04
-3.4781902243738509e-04
-3.4585250297759329e-04
-3.4394651470475091e-04
-3.4205480630243519e-04
-3.4021921546646103e-04
-3.3842688979569320e-04
-3.3661145319316226e-04
-3.3484922441086795e-04
-3.3312669500122985e-04
-3.3142688717873321e-04
-3.2977199784883212e-04
-3.2811038189982540e-04
-3.2647371045909491e-04
-3.2488143118171626e-04
-3.2331995320031742e-04
-3.2178225052616232e-04
-3.2024489484732614e-04
-3.1873744871730814e-04
-3.1725250190942322e-04
-3.1580564851966115e-04
-3.1438886612279249e-04
-3.1295623735832286e-04
-3.1155591707491821e-04
-3.1018784706110167e-04
-3.0883508678599650e-04
-3.0751581555327402e-04
-3.0619975691734098e-04
-3.0489190426821858e-04
-3.0361368090817185e-04
-3.0236620015296060e-04
-3.0113917163854454e-04
-2.9991212906303754e-04
-2.9870270252256516e-04
-2.9751942852502801e-04
-2.9635239206496697e-04
-2.9521343695355635e-04
-2.9408510907556171e-04
-2.9295852199541836e-04
-2.9185506456538851e-04
-2.9077816015651679e-04
-2.8972595262583239e-04
-2.8867826820212501e-04
-2.8763565128905779e-04
-2.8661844383062686e-04
-2.8562201036774185e-04
-2.8464417304825652e-04
-2.8368608018185964e-04
-2.8272711477422596e-04
-2.8178715157188181e-04
-2.8086745244863533e-04
-2.7997161750504759e-04
-2.7909930396013944e-04
-2.7821744058516675e-04
-2.7735540293946463e-04
-2.7651684012905083e-04
-2.7570141153575534e-04
-2.7490556121315053e-04
-2.7410746201177340e-04
-2.7332664171748227e-04
-2.7256886649712465e-04
-2.7183297551624348e-04
-2.7111468332764743e-04
-2.7040367512623888e-04
-2.6970491582275385e-04
-2.6902915476286095e-04
-2.6837299597177105e-04
-2.6773787822945600e-04
-2.6711550428115818e-04
-2.6650117184922218e-04
-2.6591015527991220e-04
-2.6533866078172420e-04
-2.6478994793263384e-04
-2.6425920610748251e-04
-2.6373315904217070e-04
-2.6323111004319374e-04
0.0000000000000000e+00
5.2158061463760463e-01
3.6295485309822773e-01
7.2925365311217348e+01
];
