%Vec Object:sol 1 MPI processes
%  type: mpi
sol = [
0.0000000000000000e+00
-4.1131503151839384e-09
-4.6664576572239235e-09
-4.7758404994224208e-09
-4.8566477187925578e-09
-2.1571182193350715e-02
-1.9383592076065412e-02
-1.7518581850241917e-02
-1.5818793481908955e-02
-1.4304349399341549e-02
-1.2819883916553095e-02
-1.1357774617600330e-02
-9.8784883184192852e-03
-8.3290958337300328e-03
-6.8430179680209983e-03
-5.3483801384464277e-03
-4.0925847582794104e-03
-2.9891423000887301e-03
-2.2178976748815481e-03
-1.6678834989362552e-03
-1.3713916653228220e-03
-1.2304664751058435e-03
-1.2080835230998837e-03
-1.2487085192547493e-03
-1.3186575476363781e-03
-1.3972053982939392e-03
-1.4705769191518476e-03
-1.5321660491197796e-03
-1.5826283688691813e-03
-1.6180486086908379e-03
-1.6441745333479656e-03
-1.6593601972778318e-03
-1.6671732734011028e-03
-1.6692276831881650e-03
-1.6659097852100646e-03
-1.6593307416029042e-03
-1.6499992227032489e-03
-1.6384441400342851e-03
-1.6254781634559578e-03
-1.6115190597946576e-03
-1.5967105109044011e-03
-1.5813986522709191e-03
-1.5655596434758568e-03
-1.5497005398970949e-03
-1.5338475217970490e-03
-1.5173955710136534e-03
-1.5012544696494871e-03
-1.4852637668466531e-03
-1.4693805718957443e-03
-1.4530462542693212e-03
-1.4371989813177250e-03
-1.4215568177535459e-03
-1.4060997274962094e-03
-1.3904780120644895e-03
-1.3748920462024873e-03
-1.3598503289592907e-03
-1.3448567033293335e-03
-1.3298703000915908e-03
-1.3151902859524856e-03
-1.3005223552161281e-03
-1.2857765139238470e-03
-1.2715552708381865e-03
-1.2575183349598439e-03
-1.2434886409827517e-03
-1.2295224747736302e-03
-1.2158936322973083e-03
-1.2024072886716007e-03
-1.1889085979139376e-03
-1.1755861482543037e-03
-1.1625258135968409e-03
-1.1494880581874125e-03
-1.1364748557807494e-03
-1.1237890836888005e-03
-1.1113401223656644e-03
-1.0988770017233921e-03
-1.0864914835636086e-03
-1.0743388065063179e-03
-1.0623415629392816e-03
-1.0503765696070724e-03
-1.0384174136964972e-03
-1.0267117094554796e-03
-1.0151775290313024e-03
-1.0037158156510205e-03
-9.9228491699357023e-04
-9.8100281342944459e-04
-9.6988715605337975e-04
-9.5884860452432209e-04
-9.4786856748437637e-04
-9.3690908411277543e-04
-9.2608637514965798e-04
-9.1528150892301039e-04
-9.0464861816455923e-04
-8.9408214564661611e-04
-8.8362822798252057e-04
-8.7320804746011298e-04
-8.6267091286614829e-04
-8.5227260457441782e-04
-8.4197121144129769e-04
-8.3176917632214427e-04
0.0000000000000000e+00
6.9398257714265976e-01
3.0569846442875631e-01
9.1825727976127478e+00
];
