%Vec Object:sol 1 MPI processes
%  type: mpi
sol = [
0.0000000000000000e+00
-3.5593664976868715e-04
-3.5349588993162449e-04
-3.5110550008337840e-04
-3.4878177963265351e-04
-3.4656263938668197e-04
-3.4434603992600200e-04
-3.4218430470658189e-04
-3.4005757536871578e-04
-3.3798461806013318e-04
-3.3600014223865107e-04
-3.3401619122488296e-04
-3.3211625770997709e-04
-3.3022417520037629e-04
-3.2835005441419259e-04
-3.2654868399473522e-04
-3.2476307627767785e-04
-3.2303353771831190e-04
-3.2135801536113890e-04
-3.1967301590837355e-04
-3.1802177261646504e-04
-3.1640327159651225e-04
-3.1481418579563957e-04
-3.1327866880764257e-04
-3.1176051165391456e-04
-3.1027327986000292e-04
-3.0879584778289955e-04
-3.0732666218926319e-04
-3.0590229153816572e-04
-3.0451614281880800e-04
-3.0314154204902474e-04
-3.0180867108073838e-04
-3.0046923926931425e-04
-2.9914030385150742e-04
-2.9784986226569514e-04
-2.9658538222956140e-04
-2.9533860693522232e-04
-2.9412673707005166e-04
-2.9291671760398930e-04
-2.9170603774448991e-04
-2.9052807470252153e-04
-2.8937299519415471e-04
-2.8823411658010490e-04
-2.8712529214279504e-04
-2.8603251258338061e-04
-2.8492319490099001e-04
-2.8384243300908038e-04
-2.8278695198688612e-04
-2.8174183634092047e-04
-2.8072325304315232e-04
-2.7972996156606201e-04
-2.7871783342559774e-04
-2.7772326204552814e-04
-2.7675310988692001e-04
-2.7579830523372789e-04
-2.7486082461122753e-04
-2.7394634910710375e-04
-2.7303596583465398e-04
-2.7211999062156143e-04
-2.7122645577447519e-04
-2.7035458821578451e-04
-2.6949589330076335e-04
-2.6865474744463863e-04
-2.6783040746107697e-04
-2.6699799373411983e-04
-2.6617669635405441e-04
-2.6537583122589051e-04
-2.6459484448373619e-04
-2.6382963818210518e-04
-2.6307830317882870e-04
-2.6232320983881171e-04
-2.6158070317963266e-04
-2.6085257400610914e-04
-2.6013999374647448e-04
-2.5944624479084968e-04
-2.5877098870485222e-04
-2.5809728662638072e-04
-2.5742348159563935e-04
-2.5676833840266992e-04
-2.5613159615544472e-04
-2.5551008413497055e-04
-2.5490348377599285e-04
-2.5431183544391789e-04
-2.5371464614952651e-04
-2.5313494649942129e-04
-2.5256889488959569e-04
-2.5202128171038419e-04
-2.5149198116623903e-04
-2.5098088514116906e-04
-2.5046354612503233e-04
-2.4995865745803099e-04
-2.4947255573138348e-04
-2.4900521062048883e-04
-2.4855660629820786e-04
-2.4812334471958084e-04
-2.4769420519353183e-04
-2.4727368724892330e-04
-2.4687270089768573e-04
-2.4649131360126431e-04
0.0000000000000000e+00
4.8288500939934464e-01
3.6295485309822773e-01
7.2925365311217348e+01
];
