%Vec Object:sol 1 MPI processes
%  type: mpi
sol = [
0.0000000000000000e+00
-3.4979968878032523e-04
-3.4746350934787692e-04
-3.4517492417989723e-04
-3.4290569361298612e-04
-3.4072334279919742e-04
-3.3854345501513735e-04
-3.3646685766765153e-04
-3.3443027121266580e-04
-3.3244493945851970e-04
-3.3052416779261992e-04
-3.2856954609636666e-04
-3.2669732496091850e-04
-3.2486881871217642e-04
-3.2307327399326661e-04
-3.2134786862110298e-04
-3.1963695943703117e-04
-3.1793158513319616e-04
-3.1627728703529018e-04
-3.1463558499699080e-04
-3.1305302394449747e-04
-3.1150158913530190e-04
-3.0997804492513206e-04
-3.0848340822113850e-04
-3.0698183419685147e-04
-3.0551850277530811e-04
-3.0410173779813350e-04
-3.0269222475344927e-04
-3.0132587200511793e-04
-2.9999615341786871e-04
-2.9863479404589798e-04
-2.9731393167654093e-04
-2.9602288015964304e-04
-2.9474718171729382e-04
-2.9350857925716063e-04
-2.9229479599147999e-04
-2.9107924130127423e-04
-2.8987616667357636e-04
-2.8869604748620205e-04
-2.8753309716456608e-04
-2.8640168922553432e-04
-2.8529219065123333e-04
-2.8419812844568713e-04
-2.8309844474705637e-04
-2.8201868896205845e-04
-2.8095226503625488e-04
-2.7991339520009098e-04
-2.7889888069287786e-04
-2.7789407887438184e-04
-2.7690202746402345e-04
-2.7591237207137399e-04
-2.7493324204153481e-04
-2.7397662507110647e-04
-2.7304358965143287e-04
-2.7212523039079706e-04
-2.7122347320317268e-04
-2.7031721007386489e-04
-2.6942435127516731e-04
-2.6854275156754711e-04
-2.6768285529094510e-04
-2.6684391769365371e-04
-2.6601759757527427e-04
-2.6520022081527426e-04
-2.6437976715163895e-04
-2.6357837641688382e-04
-2.6278761595010310e-04
-2.6201666136055926e-04
-2.6126498093494556e-04
-2.6052857251798023e-04
-2.5978443748532601e-04
-2.5905076962869908e-04
-2.5833588320041292e-04
-2.5763489971988542e-04
-2.5694897992000767e-04
-2.5628136367839862e-04
-2.5562668863637000e-04
-2.5496249180861555e-04
-2.5431379354908586e-04
-2.5368326264346404e-04
-2.5307065207354624e-04
-2.5247284982601984e-04
-2.5188956183486762e-04
-2.5130595991437781e-04
-2.5073136252833750e-04
-2.5017382693737602e-04
-2.4962957702803713e-04
-2.4910333830514180e-04
-2.4859499627028051e-04
-2.4809960914720853e-04
-2.4759821984568481e-04
-2.4711341376922416e-04
-2.4664699930936307e-04
-2.4619895311488589e-04
-2.4576926640794828e-04
-2.4535458457393975e-04
-2.4493938914715174e-04
-2.4453685099143558e-04
-2.4415348100095504e-04
-2.4378935450572188e-04
0.0000000000000000e+00
4.7771887955831688e-01
3.6295485309822773e-01
7.2925365311217348e+01
];
