%Vec Object:sol 1 MPI processes
%  type: mpi
sol = [
0.0000000000000000e+00
-3.4171215624513028e-09
-3.8305803537828325e-09
-2.3753796462123274e-02
-2.0723883642447958e-02
-1.8487094970162824e-02
-1.6598238607109381e-02
-1.5003668955870264e-02
-1.3546424428874521e-02
-1.2245996574083104e-02
-1.0965633474826342e-02
-9.6958091536473497e-03
-8.4034762540930036e-03
-7.0404227662334935e-03
-5.7257411249612925e-03
-4.3975902192613502e-03
-3.2778583544140695e-03
-2.2917818647665840e-03
-1.6022104934343868e-03
-1.1107011067959449e-03
-8.4746126895007931e-04
-7.2494289276953182e-04
-7.0971952766658321e-04
-7.5222966475039794e-04
-8.2168581379194611e-04
-8.9934618481351343e-04
-9.7259908371841760e-04
-1.0352394514960780e-03
-1.0881373561089801e-03
-1.1270059995695456e-03
-1.1576784483189875e-03
-1.1781386047597937e-03
-1.1916450002188389e-03
-1.2000327148540759e-03
-1.2030150035026695e-03
-1.2029161829554291e-03
-1.2001822734071064e-03
-1.1949167043729242e-03
-1.1882113350170209e-03
-1.1804117654630865e-03
-1.1713156303537191e-03
-1.1615022521870402e-03
-1.1510228577252108e-03
-1.1399928405220034e-03
-1.1285943501440057e-03
-1.1165261520829333e-03
-1.1041815450320827e-03
-1.0915798547207209e-03
-1.0788042742832888e-03
-1.0654095260784460e-03
-1.0519439628223781e-03
-1.0384738861159530e-03
-1.0249409539446553e-03
-1.0111017546873063e-03
-9.9731395260903018e-04
-9.8397128209105076e-04
-9.7085481041769264e-04
-9.5811579324752046e-04
-9.4622580702902561e-04
-9.3519717450053167e-04
-9.2512853363671012e-04
-9.1688935858882513e-04
-9.1036998027607880e-04
-9.0555830562458694e-04
-9.0259992031766433e-04
-9.0161519106651291e-04
1.2244479937968986e-02
5.1487192706751818e-02
-1.6235897225625241e-03
-1.5672376287872794e-03
-1.4972614489847786e-03
-1.4253353949459366e-03
-1.3629163721976534e-03
-1.3178041375420263e-03
-1.2917562292959716e-03
-1.2812590362533593e-03
-1.2803699145665247e-03
-1.2836167770007663e-03
-1.2873583609170711e-03
-1.2897532549039498e-03
-1.2902273181138013e-03
-1.2886394204202067e-03
-1.2851901008829397e-03
-1.2801670358946274e-03
-1.2739814305308393e-03
-1.2668969152662974e-03
-1.2590577142111026e-03
-1.2505850082935167e-03
-1.2415275888969103e-03
-1.2320516679819287e-03
-1.2220617267816004e-03
-1.2115081105395626e-03
-1.2003523114414839e-03
-1.1885760197613475e-03
-1.1760434696081960e-03
-1.1626770178281634e-03
-1.1484436829151590e-03
-1.1331955267740623e-03
-1.1169203825071154e-03
0.0000000000000000e+00
6.4551186598781130e-01
3.2494327961718067e-01
1.4032721859602844e+01
];
