%Vec Object:sol 1 MPI processes
%  type: mpi
sol = [
0.0000000000000000e+00
-3.5491603553878192e-04
-3.5248027164947880e-04
-3.5009482449036759e-04
-3.4777593386796569e-04
-3.4556137783199440e-04
-3.4334947998037642e-04
-3.4122583612624866e-04
-3.3910331652840136e-04
-3.3703450449048411e-04
-3.3505398637004416e-04
-3.3307410823466482e-04
-3.3117806690150832e-04
-3.2932290013049965e-04
-3.2745239708447098e-04
-3.2565450352683978e-04
-3.2387242176007571e-04
-3.2214631612002088e-04
-3.2047413783358836e-04
-3.1881469821352801e-04
-3.1717676166752383e-04
-3.1556119487049562e-04
-3.1397503120887731e-04
-3.1244234076281002e-04
-3.1092703085650600e-04
-3.0945044931043642e-04
-3.0799953886138210e-04
-3.0653277517636341e-04
-3.0511075373250960e-04
-3.0372690025378849e-04
-3.0235462382578390e-04
-3.0102401531021305e-04
-2.9971799985086786e-04
-2.9839107735407075e-04
-2.9710258772108956e-04
-2.9584003414946647e-04
-2.9459518184792987e-04
-2.9338517459050472e-04
-2.9219826490674950e-04
-2.9099848087761620e-04
-2.8982198602118522e-04
-2.8866835175548494e-04
-2.8753091379642024e-04
-2.8642348159849579e-04
-2.8533917226111234e-04
-2.8425392820940722e-04
-2.8317417011796135e-04
-2.8211966299383431e-04
-2.8107553471493145e-04
-2.8005790353262091e-04
-2.7906553818956854e-04
-2.7808347486469063e-04
-2.7708984520483619e-04
-2.7612036559888150e-04
-2.7516623290539037e-04
-2.7422941597927259e-04
-2.7331557788648340e-04
-2.7242165388587683e-04
-2.7151905190876853e-04
-2.7062581680419820e-04
-2.6975423142604047e-04
-2.6889582459853123e-04
-2.6805495978809518e-04
-2.6723475544639097e-04
-2.6642685250406799e-04
-2.6560553046104860e-04
-2.6480463276102315e-04
-2.6402360680946764e-04
-2.6325836527023457e-04
-2.6250700198386732e-04
-2.6177479051463530e-04
-2.6103680696117364e-04
-2.6030834292923964e-04
-2.5959543500538083e-04
-2.5890135683486696e-04
-2.5822577002647802e-04
-2.5756413317019921e-04
-2.5690471620825516e-04
-2.5624898527070334e-04
-2.5561165622586384e-04
-2.5498956555219628e-04
-2.5438239444917254e-04
-2.5379342827121161e-04
-2.5321910269941506e-04
-2.5263856901328697e-04
-2.5207169773639002e-04
-2.5152326624120635e-04
-2.5099314838904386e-04
-2.5048124692699376e-04
-2.4998447160845782e-04
-2.4948357562175983e-04
-2.4899640225047151e-04
-2.4852798569814145e-04
-2.4807831096912712e-04
-2.4764398875247239e-04
-2.4722801304604336e-04
-2.4681810008080052e-04
-2.4641581400986081e-04
-2.4603312975069055e-04
0.0000000000000000e+00
4.8200788175415471e-01
3.6295485309822773e-01
7.2925365311217348e+01
];
