%Vec Object:sol 1 MPI processes
%  type: mpi
sol = [
0.0000000000000000e+00
-3.3362541148529299e-04
-3.3146731497322497e-04
-3.2935212323111708e-04
-3.2729500719389475e-04
-3.2533126035566356e-04
-3.2336049992065410e-04
-3.2143552055348016e-04
-3.1954676177372139e-04
-3.1770490488379087e-04
-3.1594229202472866e-04
-3.1417750110949191e-04
-3.1248805173090882e-04
-3.1083085451926416e-04
-3.0915884424232082e-04
-3.0755209937212072e-04
-3.0595779711222750e-04
-3.0441345641866145e-04
-3.0291729581722487e-04
-3.0143095584636895e-04
-2.9999432644578185e-04
-2.9854344927349435e-04
-2.9711818729751839e-04
-2.9574111766793104e-04
-2.9437859374148732e-04
-2.9305062540867325e-04
-2.9176520356796786e-04
-2.9048435211325948e-04
-2.8920089149641725e-04
-2.8795175673981469e-04
-2.8671210970770007e-04
-2.8551018196101060e-04
-2.8433520429366329e-04
-2.8317346681563086e-04
-2.8204568030218999e-04
-2.8090403390310581e-04
-2.7977431329121062e-04
-2.7867626193919066e-04
-2.7759890072879835e-04
-2.7653675191178541e-04
-2.7550355195384132e-04
-2.7449018740665477e-04
-2.7346109342175846e-04
-2.7245154185245467e-04
-2.7146296277719563e-04
-2.7048614313181024e-04
-2.6953468473429746e-04
-2.6860557653592593e-04
-2.6768487168984300e-04
-2.6676483071656721e-04
-2.6585611535636169e-04
-2.6495667023957511e-04
-2.6407797035490151e-04
-2.6322107029057729e-04
-2.6237749395113927e-04
-2.6154913402998581e-04
-2.6072395268811230e-04
-2.5990180748761545e-04
-2.5908981878634428e-04
-2.5829799370797636e-04
-2.5752564606002138e-04
-2.5676482144627367e-04
-2.5601966741598995e-04
-2.5528038654327897e-04
-2.5454073870870335e-04
-2.5381079989801505e-04
-2.5309937172456249e-04
-2.5240596686232564e-04
-2.5172675688025251e-04
-2.5105996823155649e-04
-2.5040153189376344e-04
-2.4974061784662361e-04
-2.4909268826823588e-04
-2.4845887179459220e-04
-2.4784229111638525e-04
-2.4724265484857597e-04
-2.4665569339934513e-04
-2.4607629144609189e-04
-2.4549283799075604e-04
-2.4492634768719188e-04
-2.4437385073533953e-04
-2.4383506787995131e-04
-2.4331313423664726e-04
-2.4280790343919232e-04
-2.4231332085227690e-04
-2.4180997703312742e-04
-2.4132380094995823e-04
-2.4085469723715019e-04
-2.4040259850349155e-04
-2.3996466114112864e-04
-2.3954218002922753e-04
-2.3913194691585764e-04
-2.3871889072435488e-04
-2.3832345023206333e-04
-2.3794242823442602e-04
-2.3757868737679113e-04
-2.3723295396875469e-04
-2.3690531210578282e-04
-2.3658965180600836e-04
0.0000000000000000e+00
4.6395292520137205e-01
3.6295485309822773e-01
7.2925365311217348e+01
];
