%Vec Object:sol 1 MPI processes
%  type: mpi
sol = [
0.0000000000000000e+00
-1.5106142135861575e-02
-1.3398684721145299e-02
-3.0006110263235564e-03
-4.0576047241220803e-03
-4.0182391855221183e-03
-3.9787802044933141e-03
-3.9401476767484808e-03
-3.9018046003554967e-03
-3.8640759791228911e-03
-3.8274045717320059e-03
-3.7904905047203489e-03
-3.7543484779707435e-03
-3.7187822735355969e-03
-3.6836712824566370e-03
-3.6494238321655853e-03
-3.6150176855533900e-03
-3.5813616397599576e-03
-3.5484341730505162e-03
-3.5157496256781533e-03
-3.4835819509674089e-03
-3.4517624695053805e-03
-3.4203932046202898e-03
-3.3897556549440312e-03
-3.3593751117893867e-03
-3.3292210471980500e-03
-3.2997340562244651e-03
-3.2704534654151396e-03
-3.2417953114990878e-03
-3.2135077210466247e-03
-3.1852829072979713e-03
-3.1576475481605803e-03
-3.1304672623558151e-03
-3.1035751244445622e-03
-3.0769790919352807e-03
-3.0506860054175361e-03
-3.0246982567105349e-03
-2.9992005247166135e-03
-2.9740603327183014e-03
-2.9489636117094931e-03
-2.9242679772971958e-03
-2.8999186044765335e-03
-2.8758416503018081e-03
-2.8521818660816518e-03
-2.8286418008935566e-03
-2.8052908476954405e-03
-2.7823340051610977e-03
-2.7597348418786226e-03
-2.7373371707062216e-03
-2.7151439367014548e-03
-2.6932227598803421e-03
-2.6715107415386315e-03
-2.6501325401507674e-03
-2.6290989775332070e-03
-2.6082382228173736e-03
-2.5875068945425410e-03
-2.5671157590981251e-03
-2.5470355933032143e-03
-2.5271818406009013e-03
-2.5076619975975558e-03
-2.4882826188172623e-03
-2.4691374732779235e-03
-2.4502950551125381e-03
-2.4317896817123911e-03
-2.4136104294276823e-03
-2.3956253791871432e-03
-2.3778503938873680e-03
-2.3604259733064339e-03
-2.3433198459945868e-03
-2.3265214202940927e-03
-2.3100884862653397e-03
-2.2939358771253754e-03
-2.2780332073672380e-03
-2.2624894378700669e-03
-2.2473453163302411e-03
-2.2326092385219344e-03
-2.2182522890079083e-03
-2.2042105208834087e-03
-2.1905479654140787e-03
-2.1773490985619757e-03
-2.1646027329730632e-03
-2.1523243605593343e-03
-2.1405625583449843e-03
-2.1292645622517023e-03
-2.1184367381130902e-03
-2.1081472994181182e-03
-2.0984611846271419e-03
-2.0893993577824803e-03
-2.0809791534037547e-03
-2.0731619826377789e-03
-2.0659106781613910e-03
-2.0593639056197383e-03
-2.0535376163478901e-03
-2.0484447168841314e-03
-2.0440680310217806e-03
-2.0404508505344750e-03
-2.0374727159595280e-03
-2.0352611158600828e-03
-2.0338255290026676e-03
0.0000000000000000e+00
5.5749010939385524e-01
3.6220547067911135e-01
6.8865163830139124e+01
];
