%Vec Object:sol 1 MPI processes
%  type: mpi
sol = [
0.0000000000000000e+00
-2.1343727873543144e-02
-2.0178853695077319e-02
-1.8300170421202588e-02
-1.6006830240619878e-02
-1.4271683690770538e-02
-1.2808748232751124e-02
-1.1578622592168700e-02
-1.0443557428566633e-02
-9.4362280402002542e-03
-8.4538700457753389e-03
-7.4771613489705482e-03
-6.4731569973822617e-03
-5.3950858272881061e-03
-4.3397686420912152e-03
-3.2597170295378323e-03
-2.3309844793088625e-03
-1.4807103081766651e-03
4.6731808442633622e-03
-4.0441602126750186e-04
-3.1266758790628424e-04
-3.1680219635039268e-04
-3.6485070473102842e-04
-4.3462975768964558e-04
-5.1570648917692943e-04
-6.0130315233681262e-04
-6.8523615222079075e-04
-7.6338922755905217e-04
-8.3626397831122268e-04
-9.0038200501609260e-04
-9.5935860055781875e-04
-1.0116313447621780e-03
-1.0590581793517866e-03
-1.1029881972209193e-03
-1.1428040521525610e-03
-1.1802282296746237e-03
-1.2154550552034209e-03
-1.2483348229997109e-03
-1.2797907012871629e-03
-1.3099370240574764e-03
-1.3384762621618741e-03
-1.3659403334333245e-03
-1.3923613073980640e-03
-1.4176075314723626e-03
-1.4418795778100308e-03
-1.4651510279364934e-03
-1.4873603764739899e-03
-1.5086308298843895e-03
-1.5289766302839540e-03
-1.5483259592124243e-03
-1.5666511493141453e-03
-1.5840982387123038e-03
-1.6006234661167539e-03
-1.6160961068229604e-03
-1.6306537551955878e-03
-1.6443091220502565e-03
-1.6570000987855592e-03
-1.6686938132877516e-03
-1.6794915729498921e-03
-1.6893827069695961e-03
-1.6982314667002892e-03
-1.7063295232078478e-03
-1.7135274530074031e-03
-1.7197530927986300e-03
-1.7250855300093260e-03
-1.7296162785646718e-03
-1.7332997402998696e-03
-1.7360753085135041e-03
-1.7379966439920636e-03
-1.7391442751910817e-03
-1.7394680090611881e-03
-1.7388715714928827e-03
-1.7376027323995535e-03
-1.7356108497093136e-03
-1.7327440947516161e-03
-1.7291055232906594e-03
-1.7247623753449538e-03
-1.7196630279849578e-03
-1.7137655336761121e-03
-1.7071056929274437e-03
-1.6997844355184310e-03
-1.6917345814325461e-03
-1.6829339654658487e-03
-1.6733541776280364e-03
-1.6630661888027780e-03
-1.6520638975678012e-03
-1.6402830404480741e-03
-1.6277027655997006e-03
-1.6142926985030942e-03
-1.6001588721309596e-03
-1.5851983237666206e-03
-1.5693370816022203e-03
-1.5525641304123393e-03
-1.5348729912213130e-03
-1.5161513032505652e-03
-1.4963464751314038e-03
-1.4754032604607195e-03
-1.4531734942353327e-03
-1.4296433889392697e-03
0.0000000000000000e+00
5.9283313535870719e-01
3.4826700014971174e-01
3.0578113512145045e+01
];
