%Vec Object:sol 1 MPI processes
%  type: mpi
sol = [
0.0000000000000000e+00
-3.9049648348521153e-03
-3.8757518346682882e-03
-3.8471730518093526e-03
-3.8194092747727399e-03
-3.7928808983465154e-03
-3.7662829933558491e-03
-3.7404667594495328e-03
-3.7151799327455157e-03
-3.6905485742298703e-03
-3.6669569676472179e-03
-3.6433929147294520e-03
-3.6202674990719521e-03
-3.5976990965943161e-03
-3.5755634846516473e-03
-3.5542800018116189e-03
-3.5332123372414509e-03
-3.5123799774466119e-03
-3.4920881547375717e-03
-3.4719869031377055e-03
-3.4526013637721071e-03
-3.4336120732333117e-03
-3.4147273714429738e-03
-3.3962281430908680e-03
-3.3779630671242266e-03
-3.3601680462229614e-03
-3.3429349324608413e-03
-3.3257332494472823e-03
-3.3086740803504600e-03
-3.2920726640173837e-03
-3.2756332174959774e-03
-3.2596878026367702e-03
-3.2441068123311924e-03
-3.2283621464868073e-03
-3.2129970439688047e-03
-3.1979470950288884e-03
-3.1831204547887338e-03
-3.1687053789365978e-03
-3.1543822011716096e-03
-3.1400559876711663e-03
-3.1261142741054299e-03
-3.1124479699977795e-03
-3.0989829427375813e-03
-3.0858461815105377e-03
-3.0726228069854725e-03
-3.0595752028025765e-03
-3.0468611753504990e-03
-3.0344439733324311e-03
-3.0221595602874999e-03
-3.0099449026461610e-03
-2.9979033328939261e-03
-2.9860012854780894e-03
-2.9743714922893416e-03
-2.9630249906873129e-03
-2.9517828342392801e-03
-2.9404795181204352e-03
-2.9294497734197048e-03
-2.9186592665281902e-03
-2.9080116994150041e-03
-2.8976223373486107e-03
-2.8872203835280624e-03
-2.8769120202847636e-03
-2.8668139291674181e-03
-2.8569595331533189e-03
-2.8473308568278274e-03
-2.8377237174339672e-03
-2.8281487013663018e-03
-2.8188065195290358e-03
-2.8096520427955906e-03
-2.8006640483917581e-03
-2.7919000936854148e-03
-2.7830836820894604e-03
-2.7744086942099702e-03
-2.7659165177322184e-03
-2.7576422791790100e-03
-2.7495817979053200e-03
-2.7415537585452577e-03
-2.7335532836203300e-03
-2.7257670470867330e-03
-2.7181917540096941e-03
-2.7107926177437555e-03
-2.7035619277899574e-03
-2.6962688281004918e-03
-2.6891858419660426e-03
-2.6823017707352328e-03
-2.6755746981875694e-03
-2.6690560658394350e-03
-2.6625910534944269e-03
-2.6562227349897303e-03
-2.6500311810686117e-03
-2.6440304853397856e-03
-2.6382400215246549e-03
-2.6326198229386266e-03
-2.6269939013507299e-03
-2.6215442205426817e-03
-2.6163027341714949e-03
-2.6112769834993441e-03
-2.6064671998705601e-03
-2.6016886500476693e-03
0.0000000000000000e+00
5.1041301804713335e-01
3.6295486983223779e-01
7.2925299968229737e+01
];
