%Vec Object:sol 1 MPI processes
%  type: mpi
sol = [
0.0000000000000000e+00
-3.4829683411238349e-04
-3.4597225747133717e-04
-3.4369496680688701e-04
-3.4148078126702906e-04
-3.3931276710002281e-04
-3.3714269535969031e-04
-3.3507535035050550e-04
-3.3304778105691261e-04
-3.3107117399548816e-04
-3.2917943857706217e-04
-3.2725981927479394e-04
-3.2539499462976598e-04
-3.2357365253996354e-04
-3.2178509061860431e-04
-3.2006630417977158e-04
-3.1836175739776909e-04
-3.1670964457714619e-04
-3.1506115825315694e-04
-3.1342509952408964e-04
-3.1184790067851666e-04
-3.1030168503849275e-04
-3.0878323450223477e-04
-3.0731617074470627e-04
-3.0584241209350723e-04
-3.0438329977857314e-04
-3.0297056594494044e-04
-3.0156507938898454e-04
-3.0020258486280750e-04
-2.9887668381483500e-04
-2.9756140991644601e-04
-2.9624614253206174e-04
-2.9495804132188548e-04
-2.9368527148096056e-04
-2.9244947614263884e-04
-2.9123843160813766e-04
-2.9004408439913459e-04
-2.8886900473398586e-04
-2.8769100777778901e-04
-2.8653014684973540e-04
-2.8540073002847062e-04
-2.8429316355701203e-04
-2.8320092846203338e-04
-2.8213764756098342e-04
-2.8106811546422926e-04
-2.8000307653789914e-04
-2.7896551887438432e-04
-2.7795225751570715e-04
-2.7694871241482869e-04
-2.7597072001950810e-04
-2.7501149949686767e-04
-2.7403312767989695e-04
-2.7307723352091743e-04
-2.7214488175874625e-04
-2.7122720470446786e-04
-2.7032614828079507e-04
-2.6944729524558229e-04
-2.6856944737032852e-04
-2.6768809460628708e-04
-2.6682842321315738e-04
-2.6598969104066567e-04
-2.6516359103972737e-04
-2.6435442260016744e-04
-2.6356551113059884e-04
-2.6276508561223788e-04
-2.6197410428869069e-04
-2.6120292458838316e-04
-2.6045101326453230e-04
-2.5971436343014056e-04
-2.5899110880580624e-04
-2.5827585595798659e-04
-2.5756039979087775e-04
-2.5685886516757913e-04
-2.5617240700920779e-04
-2.5550425028048333e-04
-2.5485406955407208e-04
-2.5421737610921739e-04
-2.5357377185174972e-04
-2.5294228998154131e-04
-2.5232872998115784e-04
-2.5172999200089166e-04
-2.5114577154146178e-04
-2.5057930900066475e-04
-2.5002411929626780e-04
-2.4946536278220303e-04
-2.4891991656474170e-04
-2.4839248692299276e-04
-2.4788295753907152e-04
-2.4739124171860403e-04
-2.4691443500794041e-04
-2.4643534160738418e-04
-2.4596737644518095e-04
-2.4551778483502043e-04
-2.4508655785803889e-04
-2.4467036679204184e-04
-2.4427216735177645e-04
-2.4388680939398059e-04
-2.4350162673982310e-04
-2.4313569438080761e-04
0.0000000000000000e+00
4.7646626769803474e-01
3.6295485309822773e-01
7.2925365311217348e+01
];
