%Vec Object:sol 1 MPI processes
%  type: mpi
sol = [
0.0000000000000000e+00
-4.2743647317903602e-03
-4.2348442273752850e-03
-4.1961786902207938e-03
-4.1585673226190540e-03
-4.1218266680093495e-03
-4.0853143666854672e-03
-4.0503343910086908e-03
-4.0160706794148586e-03
-3.9823144383442808e-03
-3.9495662501262182e-03
-3.9170166018686284e-03
-3.8856873618177924e-03
-3.8550377684352789e-03
-3.8244485285539864e-03
-3.7949177388558004e-03
-3.7657434529662971e-03
-3.7374108021825847e-03
-3.7095990720438427e-03
-3.6818573422657116e-03
-3.6550031131408903e-03
-3.6286851499175580e-03
-3.6028592858014744e-03
-3.5773463007837576e-03
-3.5521555936099077e-03
-3.5275694297104386e-03
-3.5036831348551028e-03
-3.4798878190498879e-03
-3.4564174284000509e-03
-3.4335276201756066e-03
-3.4109001086302607e-03
-3.3888871484347096e-03
-3.3671080025567349e-03
-3.3454476226603574e-03
-3.3243538352573641e-03
-3.3036768201055344e-03
-3.2833180141004286e-03
-3.2631608640547568e-03
-3.2433032582007246e-03
-3.2237621205856762e-03
-3.2047039878989663e-03
-3.1860130362912401e-03
-3.1672537531470236e-03
-3.1489333713824600e-03
-3.1309873414531461e-03
-3.1133011826291689e-03
-3.0960129479412008e-03
-3.0787865182405351e-03
-3.0617827653798228e-03
-3.0451839017355581e-03
-3.0289741999067837e-03
-3.0129381245977802e-03
-2.9969778545465460e-03
-2.9813933031149239e-03
-2.9660812818404331e-03
-2.9510632383916882e-03
-2.9363530300610028e-03
-2.9217054306568562e-03
-2.9072882480537139e-03
-2.8932191974074604e-03
-2.8794889145446257e-03
-2.8659645491163586e-03
-2.8524795238282362e-03
-2.8393276677885415e-03
-2.8264907082486681e-03
-2.8138736666718043e-03
-2.8015628695623285e-03
-2.7893089201039469e-03
-2.7773321788273258e-03
-2.7656115485134008e-03
-2.7542054056546236e-03
-2.7431088856876514e-03
-2.7320171418275673e-03
-2.7211862049553942e-03
-2.7106649366585339e-03
-2.7004495335161190e-03
-2.6904904339012494e-03
-2.6806004362917354e-03
-2.6709696265089788e-03
-2.6616434670715884e-03
-2.6525876561878823e-03
-2.6437989306970769e-03
-2.6351579923601979e-03
-2.6267359539957004e-03
-2.6186087720799747e-03
-2.6107352418088614e-03
-2.6031671505670566e-03
-2.5957969470933383e-03
-2.5886077255919109e-03
-2.5816935561013971e-03
-2.5750689796368346e-03
-2.5687537534396514e-03
-2.5626881915563442e-03
-2.5567696177248955e-03
-2.5511275742905780e-03
-2.5457942509068614e-03
-2.5407775851328702e-03
-2.5360622880212613e-03
-2.5314653257318713e-03
0.0000000000000000e+00
5.3847375057516145e-01
3.6295486983223779e-01
7.2925299968229737e+01
];
