%Vec Object:sol 1 MPI processes
%  type: mpi
sol = [
0.0000000000000000e+00
-1.7465303953944914e-02
-1.5946783109409376e-02
-1.4156572940537966e-02
-1.2446923193034734e-02
-1.1132601883689240e-02
-1.0029851192834071e-02
-6.8119146307735702e-03
-3.9655276550898408e-03
-3.9448217354647397e-03
-3.8960300358390682e-03
-3.8475991190502720e-03
-3.8006030176713406e-03
-3.7543382877988007e-03
-3.7085371683226987e-03
-3.6639237868141168e-03
-3.6197525297663514e-03
-3.5763567860457313e-03
-3.5335606200026320e-03
-3.4910946843845093e-03
-3.4495033435863165e-03
-3.4083442281522751e-03
-3.3673234647239353e-03
-3.3270000985196114e-03
-3.2869179204228554e-03
-3.2473005435594755e-03
-3.2079388421192433e-03
-3.1685884317690875e-03
-3.1296829955265778e-03
-3.0911035462204599e-03
-3.0523762705489529e-03
-3.0136431205763604e-03
-2.9747147985572904e-03
-2.9349498749687759e-03
-2.8936901808228853e-03
-2.8490619523758678e-03
-2.7986094198463886e-03
-2.7393425429480269e-03
-2.6681273456267856e-03
-2.5842686844592976e-03
-2.4912316350405800e-03
-2.3954494175266960e-03
-2.3029157661328208e-03
-2.2174522705542894e-03
-2.1409774471734368e-03
-2.0743685588068862e-03
-2.0179165856920736e-03
-1.9710792741980494e-03
-1.9323700280518424e-03
-1.9012409522074141e-03
-1.8763101863219047e-03
-1.8564358917253711e-03
-1.8405683546248695e-03
-1.8277207483994339e-03
-1.8172728489548149e-03
-1.8086259825004761e-03
-1.8013060287026545e-03
-1.7949111530297759e-03
-1.7892202956818386e-03
-1.7840262689075464e-03
-1.7790090108744160e-03
-1.7742767377369245e-03
-1.7695853480631486e-03
-1.7647770601122682e-03
-1.7598552168528836e-03
-1.7548300484909937e-03
-1.7496133884269101e-03
-1.7441108490683101e-03
-1.7383218529492840e-03
-1.7322980617228208e-03
-1.7259754631872811e-03
-1.7192239690718219e-03
-1.7122681609705629e-03
-1.7050402611019930e-03
-1.6973747940365301e-03
-1.6893626571217312e-03
-1.6810494304150122e-03
-1.6723680621759467e-03
-1.6632700971369048e-03
-1.6537901829267970e-03
-1.6440058756404981e-03
-1.6338397695660691e-03
-1.6232644061680629e-03
-1.6122495261300487e-03
-1.6008533845021293e-03
-1.5890654703383906e-03
-1.5768123769583794e-03
-1.5640713461190013e-03
-1.5508179047479687e-03
-1.5371628636210743e-03
-1.5230046511639174e-03
-1.5082470005366830e-03
-1.4929007522671250e-03
-1.4769702134796647e-03
-1.4603583760536257e-03
-1.4430426448136212e-03
-1.4249624440058370e-03
-1.4059879936349424e-03
-1.3861520326269015e-03
0.0000000000000000e+00
5.7085556000984183e-01
3.5942146521906687e-01
5.6464930931977484e+01
];
