%Vec Object:sol 1 MPI processes
%  type: mpi
sol = [
0.0000000000000000e+00
-1.8259660483921188e-02
-1.6813791084136144e-02
-1.5006580410283368e-02
-1.3156298204383122e-02
-1.1752948639236283e-02
-1.0592850499863632e-02
-9.6335586695525353e-03
-8.7285811276476121e-03
-4.2001837529321295e-03
-4.0050554455764841e-03
-3.9810653279178229e-03
-3.9266244579611934e-03
-3.8724299440498137e-03
-3.8185737250132665e-03
-3.7653358724960848e-03
-3.7120787570080931e-03
-3.6595229864965885e-03
-3.6076467013223378e-03
-3.5556698494540431e-03
-3.5043421743677209e-03
-3.4534109948968074e-03
-3.4027740060894752e-03
-3.3522457336649793e-03
-3.3004457340944505e-03
-3.2441446120446034e-03
-3.1729158170446027e-03
-3.0637333878295839e-03
-2.8929410535715270e-03
-2.6754879846736328e-03
-2.4638905572869621e-03
-2.2895945808767745e-03
-2.1555522109625706e-03
-2.0564234152027714e-03
-1.9851188868614733e-03
-1.9356969111386632e-03
-1.9023921345143486e-03
-1.8802875474959633e-03
-1.8662880255763095e-03
-1.8577568042664799e-03
-1.8526412908086902e-03
-1.8500549441426344e-03
-1.8490666362504719e-03
-1.8489433610503201e-03
-1.8493932428478750e-03
-1.8500644992896235e-03
-1.8506684885550638e-03
-1.8511646208174226e-03
-1.8514176809185812e-03
-1.8513568267497268e-03
-1.8508351568675095e-03
-1.8499513802988177e-03
-1.8486658906062858e-03
-1.8468478059329128e-03
-1.8446021263045281e-03
-1.8419146385771795e-03
-1.8387528016468426e-03
-1.8350766375271593e-03
-1.8309728362045834e-03
-1.8264559619697847e-03
-1.8213876652243271e-03
-1.8160386278979119e-03
-1.8102747995316195e-03
-1.8040303579799940e-03
-1.7973843701064138e-03
-1.7904175383248045e-03
-1.7830911742852788e-03
-1.7753483775611778e-03
-1.7672307397793377e-03
-1.7588180984672297e-03
-1.7500660347452345e-03
-1.7408680433997673e-03
-1.7314676477705908e-03
-1.7218113676477906e-03
-1.7117445198579612e-03
-1.7013679559218524e-03
-1.6907398756460836e-03
-1.6798017741373689e-03
-1.6685099129190352e-03
-1.6569019373623647e-03
-1.6450664208139513e-03
-1.6329310744040283e-03
-1.6204711192548758e-03
-1.6076588495726710e-03
-1.5945584728508468e-03
-1.5811630970808826e-03
-1.5674031998339178e-03
-1.5532586737648012e-03
-1.5387059557459425e-03
-1.5238582386106040e-03
-1.5086164378180905e-03
-1.4928965103496745e-03
-1.4767074693952692e-03
-1.4600576239676805e-03
-1.4428537916562104e-03
-1.4250730286498386e-03
-1.4066706762715776e-03
-1.3875266809353051e-03
-1.3676800755640056e-03
0.0000000000000000e+00
5.7535688085968462e-01
3.5734356373901582e-01
4.9358935409145090e+01
];
