%Vec Object:sol 1 MPI processes
%  type: mpi
sol = [
0.0000000000000000e+00
-4.0084009315988298e-03
-3.9775485649171721e-03
-3.9472287432721354e-03
-3.9177726532382143e-03
-3.8896131169254139e-03
-3.8615657146537823e-03
-3.8342633797632348e-03
-3.8074477500218903e-03
-3.7813263100078499e-03
-3.7562944450038791e-03
-3.7313361373428546e-03
-3.7068756158532387e-03
-3.6829529369666737e-03
-3.6594911849696784e-03
-3.6369217353094539e-03
-3.6145883334176791e-03
-3.5924597961726991e-03
-3.5709610886143247e-03
-3.5496711355825898e-03
-3.5291300116910449e-03
-3.5090083387954705e-03
-3.4888337075675850e-03
-3.4692492480646623e-03
-3.4499163366549486e-03
-3.4310772338924408e-03
-3.4128258603476724e-03
-3.3943397188410753e-03
-3.3762979062015907e-03
-3.3587356961500407e-03
-3.3413490680545524e-03
-3.3244787327322903e-03
-3.3076998564403170e-03
-3.2909891718130848e-03
-3.2747533586701431e-03
-3.2588490898714777e-03
-3.2431820032699024e-03
-3.2277304571551100e-03
-3.2123753656200893e-03
-3.1972584433949680e-03
-3.1825431270543075e-03
-3.1681174444686123e-03
-3.1537687156502950e-03
-3.1395335566367761e-03
-3.1255972023968162e-03
-3.1118478783691843e-03
-3.0984470363059208e-03
-3.0852977754606613e-03
-3.0719791904955914e-03
-3.0589923992318342e-03
-3.0463224143676415e-03
-3.0338018658272702e-03
-3.0215664116775738e-03
-3.0092898732873973e-03
-2.9971985289211052e-03
-2.9853307060836633e-03
-2.9737489373957782e-03
-2.9624180793223305e-03
-2.9509930855607684e-03
-2.9397544831800491e-03
-2.9287839798446532e-03
-2.9179863495091790e-03
-2.9074096969066592e-03
-2.8969279210543522e-03
-2.8865271571455655e-03
-2.8762740361961102e-03
-2.8662714346559901e-03
-2.8565125768639206e-03
-2.8468728143759337e-03
-2.8371852851029216e-03
-2.8277387371425898e-03
-2.8185277338962779e-03
-2.8094968129451676e-03
-2.8006564086960222e-03
-2.7917563031759104e-03
-2.7830860596793020e-03
-2.7745948748689542e-03
-2.7662988867904930e-03
-2.7582274799941441e-03
-2.7501664105253651e-03
-2.7422268415871992e-03
-2.7344744906824168e-03
-2.7269451205538210e-03
-2.7196361777287788e-03
-2.7124015016363728e-03
-2.7052021139766179e-03
-2.6982262501535795e-03
-2.6914720002053703e-03
-2.6849377974287039e-03
-2.6785244248815942e-03
-2.6721200593967757e-03
-2.6659405413974714e-03
-2.6599850200777937e-03
-2.6542528180235705e-03
-2.6487028967137117e-03
-2.6431249591994566e-03
-2.6377769252397404e-03
-2.6326589204704377e-03
-2.6277711975785777e-03
0.0000000000000000e+00
5.1828816752959517e-01
3.6295486983223779e-01
7.2925299968229737e+01
];
