%Vec Object:sol 1 MPI processes
%  type: mpi
sol = [
0.0000000000000000e+00
-3.6318076075658673e-03
-3.6068187658684120e-03
-3.5819587987841722e-03
-3.5575675979280159e-03
-3.5342672703811166e-03
-3.5110114967179056e-03
-3.4888544498682620e-03
-3.4671329398640771e-03
-3.4455609859884956e-03
-3.4247408983471830e-03
-3.4039419964820355e-03
-3.3840186179880747e-03
-3.3645655984500871e-03
-3.3454701520533258e-03
-3.3267374667870307e-03
-3.3080328001850920e-03
-3.2899150205053123e-03
-3.2723624729190828e-03
-3.2549519402925906e-03
-3.2381685193246549e-03
-3.2213778499993618e-03
-3.2047505498843149e-03
-3.1886819238284804e-03
-3.1728013461535362e-03
-3.1573274863261548e-03
-3.1423465695820888e-03
-3.1271589061852272e-03
-3.1122719988699119e-03
-3.0977847924656861e-03
-3.0834244582870203e-03
-3.0694991300132500e-03
-3.0558898748124039e-03
-3.0422133643787735e-03
-3.0287439495050362e-03
-3.0155473107881096e-03
-3.0025388868104921e-03
-2.9898940218172358e-03
-2.9774920500193433e-03
-2.9650984890830408e-03
-2.9528195481782040e-03
-2.9407805500249826e-03
-2.9289130857211580e-03
-2.9173582979674555e-03
-2.9060455041106216e-03
-2.8947570264014097e-03
-2.8835059351893636e-03
-2.8725180536958725e-03
-2.8616410544924854e-03
-2.8510396707408631e-03
-2.8407011057211278e-03
-2.8304108606965520e-03
-2.8200707463950452e-03
-2.8099840467373663e-03
-2.8000580925026221e-03
-2.7903128937047774e-03
-2.7808062069407291e-03
-2.7714940314312740e-03
-2.7619826661089177e-03
-2.7527036827863080e-03
-2.7436490515327224e-03
-2.7347320734255665e-03
-2.7259972302807359e-03
-2.7174762611613034e-03
-2.7088715446417339e-03
-2.7003504291465592e-03
-2.6920403653608229e-03
-2.6839355851979922e-03
-2.6759942288143413e-03
-2.6681967455955279e-03
-2.6603706573023363e-03
-2.6526717886206181e-03
-2.6451216167152642e-03
-2.6377319692382343e-03
-2.6305361542160502e-03
-2.6235306106593393e-03
-2.6164887494579438e-03
-2.6095058062962839e-03
-2.6027145425364436e-03
-2.5961121983886361e-03
-2.5896664028644545e-03
-2.5833738253214279e-03
-2.5771261616207505e-03
-2.5709363217101713e-03
-2.5649256344245056e-03
-2.5590549298652289e-03
-2.5533728717681533e-03
-2.5478781033498534e-03
-2.5424572935923320e-03
-2.5370457692978528e-03
-2.5318074900304273e-03
-2.5267609704287216e-03
-2.5219058138198310e-03
-2.5172417790242391e-03
-2.5126418966816850e-03
-2.5080720265924037e-03
-2.5037005135828015e-03
-2.4995278393479515e-03
-2.4955546210616996e-03
0.0000000000000000e+00
4.8876553152928481e-01
3.6295486983223779e-01
7.2925299968229737e+01
];
