%Vec Object:sol 1 MPI processes
%  type: mpi
sol = [
0.0000000000000000e+00
-3.3535904441288881e-04
-3.3318787872221531e-04
-3.3105996523828007e-04
-3.2899056804703685e-04
-3.2700731408468115e-04
-3.2497528090777564e-04
-3.2303980560964682e-04
-3.2114081535533325e-04
-3.1928905476441414e-04
-3.1751705532504583e-04
-3.1574289826779320e-04
-3.1403238403643487e-04
-3.1232223595771753e-04
-3.1064225326939252e-04
-3.0902793148327356e-04
-3.0742613530681146e-04
-3.0587460197160872e-04
-3.0437153558113251e-04
-3.0286537956270254e-04
-3.0137978097676454e-04
-2.9992298941261921e-04
-2.9849194726340461e-04
-2.9710935679785238e-04
-2.9574137936574110e-04
-2.9440813675981340e-04
-2.9310590305382507e-04
-2.9177745633779026e-04
-2.9048959995068787e-04
-2.8923622655218875e-04
-2.8799235696997137e-04
-2.8678637520692665e-04
-2.8560745103571849e-04
-2.8443229038095441e-04
-2.8326063861786819e-04
-2.8211228170577291e-04
-2.8097949595779935e-04
-2.7987849433043922e-04
-2.7879824011706325e-04
-2.7773322779435988e-04
-2.7669041523117183e-04
-2.7563691979327600e-04
-2.7459782893037851e-04
-2.7358621964060120e-04
-2.7259563193358493e-04
-2.7161680662955392e-04
-2.7066341617193831e-04
-2.6972823040484858e-04
-2.6877064832371643e-04
-2.6783745224822226e-04
-2.6692751173291269e-04
-2.6602682274368838e-04
-2.6514691824027658e-04
-2.6428885888347861e-04
-2.6344217588147395e-04
-2.6257991284245894e-04
-2.6173881260590636e-04
-2.6091611030057394e-04
-2.6010354459865851e-04
-2.5931117263980021e-04
-2.5853830615479693e-04
-2.5777676064186539e-04
-2.5700034666225398e-04
-2.5624295001191772e-04
-2.5550332429235439e-04
-2.5477338219967574e-04
-2.5406196830009173e-04
-2.5336859445289394e-04
-2.5268973543624565e-04
-2.5199464657352840e-04
-2.5131659641727946e-04
-2.5065619234934401e-04
-2.5000876017441844e-04
-2.4937543508734363e-04
-2.4875935569853842e-04
-2.4816049907899648e-04
-2.4754775567658769e-04
-2.4694804492855798e-04
-2.4636552028571687e-04
-2.4579996100405167e-04
-2.4524838489210592e-04
-2.4471051256880238e-04
-2.4418978447060449e-04
-2.4366013748827460e-04
-2.4314551357418093e-04
-2.4264348522327228e-04
-2.4215862286373481e-04
-2.4169083154266578e-04
-2.4124004449061265e-04
-2.4080331931923944e-04
-2.4035699021496341e-04
-2.3992804482949573e-04
-2.3951670424590652e-04
-2.3912297505979238e-04
-2.3874364726321571e-04
-2.3838159687821137e-04
-2.3803514347014309e-04
-2.3768485225441152e-04
-2.3735305046766069e-04
0.0000000000000000e+00
4.6543715342265002e-01
3.6295485309822773e-01
7.2925365311217348e+01
];
