%Vec Object:sol 1 MPI processes
%  type: mpi
sol = [
0.0000000000000000e+00
-4.1958480240704048e-03
-4.1608513497699553e-03
-4.1265400915104309e-03
-4.0925364073978029e-03
-4.0599434736721248e-03
-4.0275062108952198e-03
-3.9964774295939056e-03
-3.9657164648710915e-03
-3.9354256123716709e-03
-3.9063158188581571e-03
-3.8773149571647977e-03
-3.8494308423078312e-03
-3.8216219512924306e-03
-3.7942973090993202e-03
-3.7679381926685749e-03
-3.7418545352531458e-03
-3.7163595934847199e-03
-3.6912213033834440e-03
-3.6663283762098870e-03
-3.6422449825845812e-03
-3.6186256753555517e-03
-3.5951154631562190e-03
-3.5721265319986731e-03
-3.5494253552499433e-03
-3.5272639743874549e-03
-3.5057393368595870e-03
-3.4839592446171980e-03
-3.4627233541545573e-03
-3.4420107687899472e-03
-3.4215058389765202e-03
-3.4015200011305005e-03
-3.3815562394348435e-03
-3.3618525795364334e-03
-3.3426661554691564e-03
-3.3238486031873450e-03
-3.3051905603184851e-03
-3.2867026436438859e-03
-3.2685572460432353e-03
-3.2506848524402124e-03
-3.2332536745037664e-03
-3.2159910478268693e-03
-3.1987480132531364e-03
-3.1819220617816989e-03
-3.1654322328706795e-03
-3.1491642466664016e-03
-3.1331007022701589e-03
-3.1172063135247383e-03
-3.1014985708795540e-03
-3.0861619028873604e-03
-3.0711812176616310e-03
-3.0561937607528696e-03
-3.0413812146551505e-03
-3.0269130148106384e-03
-3.0126854656372603e-03
-2.9987207407265286e-03
-2.9848939055390415e-03
-2.9712244354021000e-03
-2.9577547539157275e-03
-2.9446044492447824e-03
-2.9317644021995388e-03
-2.9189633653556829e-03
-2.9062951121532690e-03
-2.8939323531905689e-03
-2.8818567832702515e-03
-2.8699721530011683e-03
-2.8582286765855961e-03
-2.8466373277744950e-03
-2.8352955059068674e-03
-2.8241818293824970e-03
-2.8133557177390535e-03
-2.8026846867621543e-03
-2.7920911001857863e-03
-2.7817440051514314e-03
-2.7716797156561155e-03
-2.7618943308571212e-03
-2.7522399220892453e-03
-2.7426625346122849e-03
-2.7333656450520280e-03
-2.7243462756756614e-03
-2.7155693501229837e-03
-2.7069660386858110e-03
-2.6984484777206937e-03
-2.6902090787870492e-03
-2.6822366756203034e-03
-2.6744890399533544e-03
-2.6669857950493998e-03
-2.6595459819222659e-03
-2.6523855596069634e-03
-2.6454711251262617e-03
-2.6388173112908658e-03
-2.6324421481260293e-03
-2.6261114663462372e-03
-2.6200647207715805e-03
-2.6142645252626401e-03
-2.6087435038021794e-03
-2.6035095046274500e-03
-2.5983576146756597e-03
-2.5934707477362957e-03
0.0000000000000000e+00
5.3231898732872418e-01
3.6295486983223779e-01
7.2925299968229737e+01
];
