%Vec Object:sol 1 MPI processes
%  type: mpi
sol = [
0.0000000000000000e+00
-3.3579667247157878e-03
-3.3362225262586987e-03
-3.3149117324216266e-03
-3.2941872214540622e-03
-3.2741800035989096e-03
-3.2538317695076937e-03
-3.2344507377383295e-03
-3.2154352390578751e-03
-3.1968928816523221e-03
-3.1791494611309711e-03
-3.1613845358171881e-03
-3.1441141095569693e-03
-3.1269920639767613e-03
-3.1101721868591497e-03
-3.0940099485351554e-03
-3.0779732073335049e-03
-3.0624398896027024e-03
-3.0473920017886412e-03
-3.0321729594859092e-03
-3.0173016484187120e-03
-3.0027188370694373e-03
-2.9883939062765458e-03
-2.9745541975930725e-03
-2.9608608409339614e-03
-2.9475153401291080e-03
-2.9343428737914549e-03
-2.9210468956496192e-03
-2.9081573676648133e-03
-2.8956131296872570e-03
-2.8831640464091822e-03
-2.8710943477904430e-03
-2.8592955807627573e-03
-2.8473998095419405e-03
-2.8356752184601347e-03
-2.8241838455855773e-03
-2.8128483520033806e-03
-2.8018310834114629e-03
-2.7910215249103460e-03
-2.7803645486666416e-03
-2.7697979720676981e-03
-2.7592575380417685e-03
-2.7488612717762430e-03
-2.7387401131969942e-03
-2.7288293788863245e-03
-2.7190363578484225e-03
-2.7094979524633529e-03
-2.7000126725998802e-03
-2.6904333923157323e-03
-2.6810981917684499e-03
-2.6719957528542520e-03
-2.6629858591387091e-03
-2.6541839862323923e-03
-2.6456007540331073e-03
-2.6370059769341768e-03
-2.6283805708355039e-03
-2.6199680431959805e-03
-2.6117396071696996e-03
-2.6036125491260493e-03
-2.5956875642663140e-03
-2.5879577607692389e-03
-2.5802196422131593e-03
-2.5724528911672067e-03
-2.5648787837462658e-03
-2.5574824562932174e-03
-2.5501829399450378e-03
-2.5430687858380820e-03
-2.5361351047074009e-03
-2.5292350041378527e-03
-2.5222752596206384e-03
-2.5154958650314705e-03
-2.5088929670224959e-03
-2.5024197720573539e-03
-2.4960876466334015e-03
-2.4899280128402373e-03
-2.4838370089887542e-03
-2.4776961975909347e-03
-2.4717013489602593e-03
-2.4658783751736173e-03
-2.4602250739622820e-03
-2.4547115948542497e-03
-2.4493351444322183e-03
-2.4440249618124456e-03
-2.4387198089145627e-03
-2.4335768691353772e-03
-2.4285598586776700e-03
-2.4237145430332251e-03
-2.4190399802711412e-03
-2.4145355090597976e-03
-2.4100587221469105e-03
-2.4055972278345418e-03
-2.4013119026942142e-03
-2.3972026800876327e-03
-2.3932696340115320e-03
-2.3894806359631890e-03
-2.3858644832694307e-03
-2.3822912473112695e-03
-2.3787928299890231e-03
-2.3754798744976859e-03
0.0000000000000000e+00
4.6581173387948405e-01
3.6295486983223779e-01
7.2925299968229737e+01
];
