%Vec Object:sol 1 MPI processes
%  type: mpi
sol = [
0.0000000000000000e+00
-4.0336193966069179e-04
-4.0023185479785524e-04
-3.9717014018747818e-04
-3.9419554258085879e-04
-3.9135053899810206e-04
-3.8845375281652242e-04
-3.8568969534537767e-04
-3.8298250269498923e-04
-3.8034521593166500e-04
-3.7781036429329992e-04
-3.7523075800221920e-04
-3.7275667257416934e-04
-3.7034186103127677e-04
-3.6797337138195813e-04
-3.6568470001169598e-04
-3.6337447473191987e-04
-3.6113571969908511e-04
-3.5896568004248596e-04
-3.5681652324445339e-04
-3.5473255980999027e-04
-3.5264934304182570e-04
-3.5060560966857933e-04
-3.4862881797742215e-04
-3.4667720641123998e-04
-3.4476677617970188e-04
-3.4287563315822569e-04
-3.4099872941025243e-04
-3.3917772184659852e-04
-3.3740485106763181e-04
-3.3564410778898392e-04
-3.3389544258198843e-04
-3.3218633031270015e-04
-3.3049985710795958e-04
-3.2886105856764624e-04
-3.2725396175598562e-04
-3.2562965512336460e-04
-3.2404957372740806e-04
-3.2250017104216310e-04
-3.2097465469912951e-04
-3.1948947105418682e-04
-3.1799597641202389e-04
-3.1652196286143029e-04
-3.1508588657291664e-04
-3.1367981496887372e-04
-3.1229252146988240e-04
-3.1090987455929282e-04
-3.0955153160920650e-04
-3.0820840597725412e-04
-3.0689861425752798e-04
-3.0562065590729532e-04
-3.0433440499918172e-04
-3.0306472111108211e-04
-3.0182562890599920e-04
-3.0060686340093536e-04
-2.9941057715129725e-04
-2.9822671254853348e-04
-2.9705073251264709e-04
-2.9589086814965057e-04
-2.9475892674497682e-04
-2.9365397081776185e-04
-2.9255688273650902e-04
-2.9145946684559657e-04
-2.9038844206196335e-04
-2.8934195171162247e-04
-2.8831037967879931e-04
-2.8730105168373531e-04
-2.8628856558281398e-04
-2.8529669024795015e-04
-2.8432324643958034e-04
-2.8337411513526891e-04
-2.8244876022829712e-04
-2.8151528846380854e-04
-2.8059863047317195e-04
-2.7970563603807496e-04
-2.7883586873828634e-04
-2.7798422722044423e-04
-2.7713312199521557e-04
-2.7629605849690799e-04
-2.7548191353023936e-04
-2.7468712718048448e-04
-2.7391130413062948e-04
-2.7314543670887813e-04
-2.7238760836663205e-04
-2.7165143947361465e-04
-2.7093264724317490e-04
-2.7023647646083198e-04
-2.6955619580242132e-04
-2.6887878607970823e-04
-2.6822074550734900e-04
-2.6758350634607678e-04
-2.6696903831795258e-04
-2.6637618971947166e-04
-2.6578189117711006e-04
-2.6520687433324793e-04
-2.6465439066152181e-04
-2.6412520181817050e-04
-2.6361932377445591e-04
-2.6311600222173634e-04
0.0000000000000000e+00
5.2024353630069897e-01
3.6295485309822773e-01
7.2925365311217348e+01
];
