%Vec Object:sol 1 MPI processes
%  type: mpi
sol = [
0.0000000000000000e+00
-4.1188321265142559e-03
-4.0858161768524189e-03
-4.0532077562581747e-03
-4.0215142428281147e-03
-3.9911816564275433e-03
-3.9609840395220921e-03
-3.9315828397014814e-03
-3.9027048089481514e-03
-3.8745609022200534e-03
-3.8475580846056012e-03
-3.8205548989192154e-03
-3.7941329666319043e-03
-3.7683335909800162e-03
-3.7430237410994095e-03
-3.7186471377100329e-03
-3.6943168730909238e-03
-3.6703804145092550e-03
-3.6471604649625706e-03
-3.6241678313710386e-03
-3.6019575871074619e-03
-3.5799011146180264e-03
-3.5580288752904044e-03
-3.5368528581295289e-03
-3.5159465744106820e-03
-3.4955585337188471e-03
-3.4754462455374880e-03
-3.4553440198844460e-03
-3.4358237314424927e-03
-3.4168059307853162e-03
-3.3979789741663447e-03
-3.3793276209308398e-03
-3.3610004701924105e-03
-3.3429156408579580e-03
-3.3253275679850638e-03
-3.3080895112066527e-03
-3.2907333854847571e-03
-3.2737839563117331e-03
-3.2571580669313155e-03
-3.2407867013925840e-03
-3.2248366796473874e-03
-3.2088285970259972e-03
-3.1930241207906722e-03
-3.1776165996792506e-03
-3.1625255153044183e-03
-3.1476370790769130e-03
-3.1327679864357493e-03
-3.1182063909924625e-03
-3.1038115635207693e-03
-3.0897669693273513e-03
-3.0760574203704694e-03
-3.0621904185226313e-03
-3.0485996451801952e-03
-3.0353315321270803e-03
-3.0222823655024662e-03
-3.0094740072651267e-03
-2.9966790129600115e-03
-2.9841125667858228e-03
-2.9717229833959267e-03
-2.9596295810172023e-03
-2.9478229898282303e-03
-2.9359515128196635e-03
-2.9242596853472896e-03
-2.9128490090011925e-03
-2.9017008814088215e-03
-2.8907185245152143e-03
-2.8797892180484758e-03
-2.8690397704021842e-03
-2.8585138881124170e-03
-2.8481897989146320e-03
-2.8381268685957143e-03
-2.8281425406858408e-03
-2.8182481448429542e-03
-2.8085727455964458e-03
-2.7991525595816510e-03
-2.7899833733646510e-03
-2.7808767243756296e-03
-2.7718481810876409e-03
-2.7630714078087418e-03
-2.7545431209808550e-03
-2.7462277217787539e-03
-2.7380230642797226e-03
-2.7298970843554773e-03
-2.7220191850021599e-03
-2.7143778463567165e-03
-2.7069302306735473e-03
-2.6996679053891948e-03
-2.6924560105495445e-03
-2.6854922196512948e-03
-2.6787425983528972e-03
-2.6722216560729696e-03
-2.6659222928039953e-03
-2.6596504749465434e-03
-2.6536303339068541e-03
-2.6478239711714559e-03
-2.6422641637062769e-03
-2.6369587929593223e-03
-2.6316699680772829e-03
-2.6266367114700269e-03
0.0000000000000000e+00
5.2658241877172196e-01
3.6295486983223779e-01
7.2925299968229737e+01
];
