%Vec Object:sol 1 MPI processes
%  type: mpi
sol = [
0.0000000000000000e+00
-3.8757469908689375e-04
-3.8473978654246776e-04
-3.8190744495852550e-04
-3.7915573501997262e-04
-3.7652633003994721e-04
-3.7390572007873460e-04
-3.7140786466507790e-04
-3.6890800804407532e-04
-3.6646494751518149e-04
-3.6412490940837192e-04
-3.6179035987037831e-04
-3.5955345171139656e-04
-3.5733771788471884e-04
-3.5514063122153516e-04
-3.5302804927189431e-04
-3.5093689898430533e-04
-3.4891149732555642e-04
-3.4693670213109128e-04
-3.4494030004356959e-04
-3.4301493579123670e-04
-3.4112893596444392e-04
-3.3927853511938412e-04
-3.3749012703435170e-04
-3.3568144985734007e-04
-3.3391292536418877e-04
-3.3220023172654968e-04
-3.3049926407186252e-04
-3.2885003758096042e-04
-3.2722398025874909e-04
-3.2558917210766600e-04
-3.2400349173868244e-04
-3.2245408016224339e-04
-3.2092472360472035e-04
-3.1943811134142676e-04
-3.1794065110822502e-04
-3.1646547437115400e-04
-3.1503126100342836e-04
-3.1362501984140537e-04
-3.1224024009875645e-04
-3.1086934226614101e-04
-3.0950876056032062e-04
-3.0816828286850504e-04
-3.0686291794925787e-04
-3.0558505032999184e-04
-3.0431963552469206e-04
-3.0305306890334355e-04
-3.0181609802644265e-04
-3.0059243227559870e-04
-2.9939958578312676e-04
-2.9823613609908882e-04
-2.9706332389956778e-04
-2.9590404702782737e-04
-2.9477302028286265e-04
-2.9366033325968971e-04
-2.9256807861680864e-04
-2.9149790439330514e-04
-2.9042149867072225e-04
-2.8935940174430670e-04
-2.8832305717624149e-04
-2.8731156991461035e-04
-2.8631569220147381e-04
-2.8531984228672628e-04
-2.8433603984358313e-04
-2.8337475824610298e-04
-2.8242667465484215e-04
-2.8150182098231775e-04
-2.8059594207826671e-04
-2.7968116883568783e-04
-2.7878302566123058e-04
-2.7790722670763919e-04
-2.7705325463519870e-04
-2.7621571223053926e-04
-2.7537798234017978e-04
-2.7455024270099459e-04
-2.7374382378176243e-04
-2.7295376769027055e-04
-2.7218165627279764e-04
-2.7142762706248655e-04
-2.7066883892469128e-04
-2.6992763410977461e-04
-2.6920362769499898e-04
-2.6850032048954774e-04
-2.6781747196443504e-04
-2.6713787520672792e-04
-2.6646284475112975e-04
-2.6580860143326276e-04
-2.6517496730797235e-04
-2.6456179768455878e-04
-2.6396312841851772e-04
-2.6335981138534385e-04
-2.6277745706615240e-04
-2.6221599096143248e-04
-2.6167535548969178e-04
-2.6115186813742869e-04
-2.6063292538888277e-04
-2.6012598223634661e-04
-2.5964056764837817e-04
-2.5917671566885628e-04
0.0000000000000000e+00
5.0813227301788133e-01
3.6295485309822773e-01
7.2925365311217348e+01
];
