%Vec Object:sol 1 MPI processes
%  type: mpi
sol = [
0.0000000000000000e+00
-1.5421734734846712e-03
-1.3737893569686307e-03
-1.2021840856269372e-03
-3.9163650850967035e-04
-3.9548769754972689e-04
-3.9155912353318166e-04
-3.8777267914538006e-04
-3.8400070135075141e-04
-3.8029973094714186e-04
-3.7671544632514493e-04
-3.7313973465162635e-04
-3.6964263462016626e-04
-3.6618962020298928e-04
-3.6278382028366970e-04
-3.5946938443449336e-04
-3.5616512236616373e-04
-3.5289980860732470e-04
-3.4970178343489736e-04
-3.4652160651401379e-04
-3.4341407759122143e-04
-3.4031217137406745e-04
-3.3723817072315730e-04
-3.3422652547837600e-04
-3.3123487002744421e-04
-3.2827789892041177e-04
-3.2534725678389539e-04
-3.2242493628448817e-04
-3.1955193780441681e-04
-3.1672032486650608e-04
-3.1388057474593070e-04
-3.1107208572016699e-04
-3.0829615112570803e-04
-3.0553637286708055e-04
-3.0281690075305810e-04
-3.0010006687150310e-04
-2.9739465953678790e-04
-2.9472626315135296e-04
-2.9208209097266624e-04
-2.8945589252234231e-04
-2.8683984872480923e-04
-2.8424327202711448e-04
-2.8166389895179270e-04
-2.7911632269773267e-04
-2.7659339935476752e-04
-2.7406604957278891e-04
-2.7156275494549413e-04
-2.6908677044352005e-04
-2.6662311492473478e-04
-2.6418838853812284e-04
-2.6177016027765111e-04
-2.5935403835110132e-04
-2.5696434891561021e-04
-2.5460237919257359e-04
-2.5225948808182659e-04
-2.4993689934418547e-04
-2.4762213898168773e-04
-2.4533266983230943e-04
-2.4306048819060309e-04
-2.4081614411854905e-04
-2.3859933440634955e-04
-2.3639508889774084e-04
-2.3420486575200731e-04
-2.3204350363375536e-04
-2.2991017936185910e-04
-2.2779783264146884e-04
-2.2571588134279386e-04
-2.2365618291838118e-04
-2.2161737522931912e-04
-2.1960727834376603e-04
-2.1763222265001601e-04
-2.1569360481326561e-04
-2.1378922096222639e-04
-2.1191673353457719e-04
-2.1007851592087911e-04
-2.0828625263369019e-04
-2.0653911477932515e-04
-2.0484162787522670e-04
-2.0319919501311543e-04
-2.0161450833857097e-04
-2.0007530262250908e-04
-1.9859733876403251e-04
-1.9718590337784492e-04
-1.9584249849149897e-04
-1.9456852906422464e-04
-1.9336253500088104e-04
-1.9222588603490216e-04
-1.9115599306844671e-04
-1.9015955112565585e-04
-1.8923571770141325e-04
-1.8838548594154726e-04
-1.8760984678430290e-04
-1.8690903012222215e-04
-1.8627758808742359e-04
-1.8571379523270342e-04
-1.8522736163197815e-04
-1.8481742673356864e-04
-1.8448394888488103e-04
-1.8422824537484464e-04
0.0000000000000000e+00
5.5929027655439423e-01
3.6203617394325910e-01
6.7995603446897249e+01
];
