%Vec Object:sol 1 MPI processes
%  type: mpi
sol = [
0.0000000000000000e+00
-4.0515058925411820e-03
-4.0199705394324122e-03
-3.9891214431229784e-03
-3.9591472241239456e-03
-3.9299732166449951e-03
-3.9007863313492040e-03
-3.8729329017680725e-03
-3.8456501906089066e-03
-3.8190694030951562e-03
-3.7930241202587468e-03
-3.7670286158626863e-03
-3.7420930369063575e-03
-3.7177525574895970e-03
-3.6938556476253737e-03
-3.6703202697826415e-03
-3.6470374634634999e-03
-3.6244723673831288e-03
-3.6025973097839718e-03
-3.5808798368901721e-03
-3.5594475402639884e-03
-3.5384517547341538e-03
-3.5178523030172343e-03
-3.4979250308167747e-03
-3.4781908715637287e-03
-3.4585256730822900e-03
-3.4394657877267086e-03
-3.4205487018411423e-03
-3.4021927921094098e-03
-3.3842695566392543e-03
-3.3661151888598030e-03
-3.3484928990839546e-03
-3.3312676025686865e-03
-3.3142695211237465e-03
-3.2977206444885971e-03
-3.2811044781301192e-03
-3.2647377545094373e-03
-3.2488149503745569e-03
-3.2332001592205702e-03
-3.2178240399313657e-03
-3.2024495344877254e-03
-3.1873750207454792e-03
-3.1725254887159161e-03
-3.1580568813676917e-03
-3.1438896270840509e-03
-3.1295628312401204e-03
-3.1155597385755444e-03
-3.1018791216714300e-03
-3.0883515594961500e-03
-3.0751588446342451e-03
-3.0619983215922322e-03
-3.0489198092725676e-03
-3.0361375657200905e-03
-3.0236627365275094e-03
-3.0113924254002336e-03
-2.9991220003179934e-03
-2.9870277218905371e-03
-2.9751949750398948e-03
-2.9635246091647281e-03
-2.9521350602958484e-03
-2.9408518037277323e-03
-2.9295859363855032e-03
-2.9185513643589216e-03
-2.9077823208705140e-03
-2.8972602443762116e-03
-2.8867834122515215e-03
-2.8763572379720886e-03
-2.8661851567271064e-03
-2.8562208146326374e-03
-2.8464424342654901e-03
-2.8368615148451387e-03
-2.8272718609721986e-03
-2.8178722401933560e-03
-2.8086752800860894e-03
-2.7997169941915709e-03
-2.7909935367592125e-03
-2.7821752443473119e-03
-2.7735548109596069e-03
-2.7651691599087868e-03
-2.7570148636553104e-03
-2.7490562887747551e-03
-2.7410753630782336e-03
-2.7332671442338750e-03
-2.7256893712081509e-03
-2.7183304443567156e-03
-2.7111475118440434e-03
-2.7040374405589381e-03
-2.6970498491293770e-03
-2.6902922407745821e-03
-2.6837306546430976e-03
-2.6773794773107705e-03
-2.6711557501773765e-03
-2.6650124222733769e-03
-2.6591022518135904e-03
-2.6533873008949584e-03
-2.6479001655892011e-03
-2.6425927509982046e-03
-2.6373322730260966e-03
-2.6323117762457522e-03
0.0000000000000000e+00
5.2158053192869447e-01
3.6295486983223779e-01
7.2925299968229737e+01
];
