%Vec Object:sol 1 MPI processes
%  type: mpi
sol = [
0.0000000000000000e+00
-3.5234615009739189e-04
-3.4998431964579910e-04
-3.4761635156539455e-04
-3.4531425673655166e-04
-3.4311550001183734e-04
-3.4091930648069561e-04
-3.3882737205727761e-04
-3.3677585432059949e-04
-3.3472920024445158e-04
-3.3276096733040120e-04
-3.3079335502817679e-04
-3.2890885947909129e-04
-3.2706845948007732e-04
-3.2526130732805800e-04
-3.2349839380504768e-04
-3.2172574690624359e-04
-3.2000865147784312e-04
-3.1834508286078490e-04
-3.1669418545066016e-04
-3.1510288229010929e-04
-3.1353621688133960e-04
-3.1195711833868718e-04
-3.1043114125341251e-04
-3.0892248465298858e-04
-3.0745232599997186e-04
-3.0602905193001512e-04
-3.0461303737228112e-04
-3.0320818308600817e-04
-3.0182926064568422e-04
-3.0046192932495122e-04
-2.9913604590681435e-04
-2.9784013001367366e-04
-2.9655961475803951e-04
-2.9530424097486585e-04
-2.9404525408146647e-04
-2.9280395780061639e-04
-2.9159736518877385e-04
-2.9041380967676861e-04
-2.8924746241811039e-04
-2.8811280876726370e-04
-2.8696783597332161e-04
-2.8583285669724295e-04
-2.8472779614289583e-04
-2.8364581951717869e-04
-2.8257716471287003e-04
-2.8153616028313901e-04
-2.8050610278038845e-04
-2.7946355619507196e-04
-2.7844745589241017e-04
-2.7745657703740151e-04
-2.7647619117035098e-04
-2.7551837214582093e-04
-2.7458415519280622e-04
-2.7363417060837408e-04
-2.7269805843273455e-04
-2.7178490027607787e-04
-2.7089165288147218e-04
-2.7000963308256509e-04
-2.6914935728200969e-04
-2.6829637086482096e-04
-2.6743802723799620e-04
-2.6659724119252692e-04
-2.6577710724513527e-04
-2.6497604784367021e-04
-2.6418557822884556e-04
-2.6341512961808777e-04
-2.6263450903125208e-04
-2.6186866233550898e-04
-2.6111673653326058e-04
-2.6038401831359842e-04
-2.5967008174694996e-04
-2.5897001761809749e-04
-2.5827047719231464e-04
-2.5757527514385335e-04
-2.5689856557544990e-04
-2.5623583420683268e-04
-2.5558857177668970e-04
-2.5495946588905175e-04
-2.5434649720023299e-04
-2.5372274360806971e-04
-2.5311393585455147e-04
-2.5252333523800911e-04
-2.5195075946908606e-04
-2.5139521984423707e-04
-2.5085291929599873e-04
-2.5031150195639531e-04
-2.4977909111538888e-04
-2.4926490376409971e-04
-2.4876593548883410e-04
-2.4828352038905419e-04
-2.4781948129409776e-04
-2.4736701714871508e-04
-2.4691457703376321e-04
-2.4647752157611194e-04
-2.4605882910502293e-04
-2.4565924058420085e-04
-2.4527882599221601e-04
-2.4491768899328369e-04
0.0000000000000000e+00
4.7984171274876125e-01
3.6295485309822773e-01
7.2925365311217348e+01
];
