%Vec Object:sol 1 MPI processes
%  type: mpi
sol = [
0.0000000000000000e+00
-1.4800869765640193e-02
-1.3065654957272589e-02
-3.9470097327507806e-03
-4.0200753048839997e-03
-3.9816123201921834e-03
-3.9433343705282467e-03
-3.9065033648192317e-03
-3.8698913442487578e-03
-3.8339418163215303e-03
-3.7991844683994773e-03
-3.7645372210177858e-03
-3.7307780103646286e-03
-3.6973831640611833e-03
-3.6644849891138078e-03
-3.6325264426777834e-03
-3.6007945654314717e-03
-3.5693553006891669e-03
-3.5386171779707961e-03
-3.5080847364245367e-03
-3.4783100145795382e-03
-3.4487192981294151e-03
-3.4193208116007202e-03
-3.3905824784657593e-03
-3.3620795198034815e-03
-3.3340565848153964e-03
-3.3062382939746384e-03
-3.2785268532214040e-03
-3.2513554837522579e-03
-3.2246464692695072e-03
-3.1980026229920465e-03
-3.1716030761499703e-03
-3.1455831941806997e-03
-3.1197787538547643e-03
-3.0944366750384621e-03
-3.0692647194118334e-03
-3.0441594335490086e-03
-3.0194886293163628e-03
-2.9951237823093225e-03
-2.9710025755300172e-03
-2.9471174639980266e-03
-2.9234055175690922e-03
-2.8999325490930853e-03
-2.8768488208359929e-03
-2.8540820769505444e-03
-2.8313842056123190e-03
-2.8089322029628203e-03
-2.7868260978771001e-03
-2.7649119854004449e-03
-2.7433611917909583e-03
-2.7220691326295520e-03
-2.7008233455379483e-03
-2.6799150428146465e-03
-2.6593575136668770e-03
-2.6390608142821668e-03
-2.6190307147894031e-03
-2.5991334564149497e-03
-2.5795598795411907e-03
-2.5602255438771254e-03
-2.5412400754118961e-03
-2.5225993481044194e-03
-2.5040869990821369e-03
-2.4858153693598103e-03
-2.4678971964546157e-03
-2.4503212453166933e-03
-2.4330092029717205e-03
-2.4160453808744421e-03
-2.3992591076485693e-03
-2.3828043449771841e-03
-2.3666690702150522e-03
-2.3509105117680883e-03
-2.3355313286082245e-03
-2.3204326371062036e-03
-2.3055747844796218e-03
-2.2911194992712618e-03
-2.2770722681925530e-03
-2.2634001241192904e-03
-2.2501273549877404e-03
-2.2372134955387563e-03
-2.2246563194325470e-03
-2.2125311989120390e-03
-2.2008487244946011e-03
-2.1896531544628698e-03
-2.1789575593355280e-03
-2.1686978274194470e-03
-2.1588458659713410e-03
-2.1495484441043954e-03
-2.1408227509833867e-03
-2.1326845442992582e-03
-2.1251267331631411e-03
-2.1181266373637968e-03
-2.1116788543107242e-03
-2.1058953161204644e-03
-2.1007913720193249e-03
-2.0963519727750291e-03
-2.0926224371266276e-03
-2.0895867613484626e-03
-2.0871742305372263e-03
-2.0855050650200953e-03
0.0000000000000000e+00
5.5573154962867077e-01
3.6235790812856788e-01
6.9662846019752635e+01
];
