%Vec Object:sol 1 MPI processes
%  type: mpi
sol = [
0.0000000000000000e+00
-7.2732690219372099e-10
-7.6024697724744373e-10
-7.7983973083294762e-10
-7.9215605643146044e-10
-7.9774553338129949e-10
-7.9699574291637795e-10
-7.9602046668438241e-10
-7.9294778185279335e-10
-7.8901967971507232e-10
-7.8473092499634978e-10
-7.7929308310141494e-10
-7.7379421780455797e-10
-7.6787538418073267e-10
-7.6161020061217578e-10
-7.5525289206420482e-10
-7.5320680023742114e-10
-1.5490492527675337e-09
-4.5785279538866256e-08
-8.6718185524237304e-07
-9.8009367539430571e-06
-6.1763341740561086e-05
-1.5855202775376647e-04
-2.1806411359492062e-04
-2.4578817477185463e-04
-2.6105974618673519e-04
-2.7086457874940268e-04
-2.7754332698372904e-04
-2.8219138758561366e-04
-2.8488129270607152e-04
-2.8628867083525100e-04
-2.8637809061083551e-04
-2.8559361126679185e-04
-2.8404176545909283e-04
-2.8192679093124541e-04
-2.7940306204547293e-04
-2.7653275908019986e-04
-2.7347085502943890e-04
-2.7022436102598570e-04
-2.6684878044562444e-04
-2.6344074888638952e-04
-2.5997241975497483e-04
-2.5641809422436568e-04
-2.5292450642842368e-04
-2.4945255391747661e-04
-2.4586045103958148e-04
-2.4237085513004235e-04
-2.3892242106323243e-04
-2.3547950088426991e-04
-2.3195895541689286e-04
-2.2856166354612856e-04
-2.2517840901815060e-04
-2.2183135026253856e-04
-2.1846990187926804e-04
-2.1509556084324541e-04
-2.1182294294277935e-04
-2.0856380711477997e-04
-2.0530595054878644e-04
-2.0209080730842249e-04
-1.9887084660586977e-04
-1.9564752272699482e-04
-1.9249101422167753e-04
-1.8936302604055682e-04
-1.8624153768539704e-04
-1.8312202144123472e-04
-1.8004281600909894e-04
-1.7698192554055380e-04
-1.7391240881239241e-04
-1.7086701633691772e-04
-1.6785032351840660e-04
-1.6482469782124661e-04
-1.6180757919796498e-04
-1.5881962970795390e-04
-1.5585290555451679e-04
-1.5288311560822412e-04
-1.4991115228659896e-04
-1.4695877892111623e-04
-1.4402058263139595e-04
-1.4107855107606840e-04
-1.3811848256567062e-04
-1.3517774729101306e-04
-1.3225058038044709e-04
-1.2932099599579532e-04
-1.2638011699555657e-04
-1.2344272568646844e-04
-1.2050977083357562e-04
-1.1757393953374534e-04
-1.1463190675775107e-04
-1.1167373563462372e-04
-1.0870206032223704e-04
-1.0570466301687640e-04
-1.0272680483609624e-04
-9.9737558033211651e-05
-9.6738802464752817e-05
-9.3719589878450341e-05
-9.0644565360942803e-05
-8.7569724784753727e-05
-8.4495696083607729e-05
-8.1403757644791977e-05
0.0000000000000000e+00
8.6493575248679022e-01
2.7391258197843693e-01
5.4430166859088578e+00
];
