%Vec Object:sol 1 MPI processes
%  type: mpi
sol = [
0.0000000000000000e+00
-3.6491395575653750e-03
-3.6237045448527807e-03
-3.5984831759105912e-03
-3.5739699763981249e-03
-3.5505545295452939e-03
-3.5271844244351472e-03
-3.5049198446324291e-03
-3.4827273990929858e-03
-3.4608884085898560e-03
-3.4399772965297420e-03
-3.4190876782039517e-03
-3.3990786230243706e-03
-3.3795426486491155e-03
-3.3599857331851443e-03
-3.3410342742699740e-03
-3.3222585443201148e-03
-3.3040727831697629e-03
-3.2864551764668760e-03
-3.2689802157273963e-03
-3.2517667210858422e-03
-3.2347724663986453e-03
-3.2180917346239356e-03
-3.2019722931930323e-03
-3.1860415609823306e-03
-3.1705193524974333e-03
-3.1551511840380393e-03
-3.1397555551262316e-03
-3.1248293524490985e-03
-3.1103044148918326e-03
-3.0959065263534680e-03
-3.0819453894816301e-03
-3.0679972891705354e-03
-3.0540971992109589e-03
-3.0405996132691153e-03
-3.0273755648515324e-03
-3.0143400809247976e-03
-3.0016693783467474e-03
-2.9889796536073238e-03
-2.9763398876206781e-03
-2.9640416653572421e-03
-2.9519838639610134e-03
-2.9400977534041407e-03
-2.9285251658155011e-03
-2.9169756252945961e-03
-2.9054149472665909e-03
-2.8941517569067237e-03
-2.8831522616046584e-03
-2.8722634232228256e-03
-2.8616507614686120e-03
-2.8511241695967290e-03
-2.8405347979005057e-03
-2.8301883838446978e-03
-2.8200957190673880e-03
-2.8101637114264599e-03
-2.8004124684566614e-03
-2.7907625201864894e-03
-2.7811253740942276e-03
-2.7716122560374418e-03
-2.7623316391489996e-03
-2.7532754639496525e-03
-2.7443566468638536e-03
-2.7355186289842893e-03
-2.7266809446018789e-03
-2.7180469708539493e-03
-2.7095287730263280e-03
-2.7012215747179427e-03
-2.6931195951280813e-03
-2.6851113908391349e-03
-2.6770166253684935e-03
-2.6691257002084069e-03
-2.6614340021750625e-03
-2.6538906442155480e-03
-2.6465075263201639e-03
-2.6392753821409972e-03
-2.6319903592858665e-03
-2.6248541012563334e-03
-2.6178818120948504e-03
-2.6111010247118443e-03
-2.6045089865016128e-03
-2.5980512506308638e-03
-2.5914949622820298e-03
-2.5851300310208267e-03
-2.5789543875697402e-03
-2.5729576527084453e-03
-2.5671005108969130e-03
-2.5614240299870672e-03
-2.5556799942938061e-03
-2.5501264698177578e-03
-2.5447323251571569e-03
-2.5395111506600421e-03
-2.5344815574870581e-03
-2.5296415484993839e-03
-2.5247415773096311e-03
-2.5200014124941821e-03
-2.5154519931708838e-03
-2.5111007291937059e-03
-2.5069481117980350e-03
-2.5029917037110256e-03
0.0000000000000000e+00
4.9017307807526461e-01
3.6295486983223779e-01
7.2925299968229737e+01
];
