%Vec Object:sol 1 MPI processes
%  type: mpi
sol = [
0.0000000000000000e+00
-3.6260811517896125e-04
-3.6011370331001197e-04
-3.5765001367107436e-04
-3.5521496777476892e-04
-3.5288877970932921e-04
-3.5056701804138721e-04
-3.4835490130842567e-04
-3.4618623863885749e-04
-3.4405009379447890e-04
-3.4197115167834159e-04
-3.3989431239852473e-04
-3.3790485332776162e-04
-3.3596233412227876e-04
-3.3405549695193911e-04
-3.3220216499210887e-04
-3.3033410533963307e-04
-3.2852462510690766e-04
-3.2677156392334553e-04
-3.2503267546391646e-04
-3.2335638394691296e-04
-3.2169635317621527e-04
-3.2003543889071677e-04
-3.1843029751056661e-04
-3.1684393098743463e-04
-3.1529816874714277e-04
-3.1380161927019816e-04
-3.1230109969570717e-04
-3.1081374997298411e-04
-3.0936631177190988e-04
-3.0793154836945331e-04
-3.0654022206800315e-04
-3.0518046034219552e-04
-3.0383033934247648e-04
-3.0248437727543111e-04
-3.0116566447489090e-04
-2.9986575935971407e-04
-2.9860216880646780e-04
-2.9736284715623266e-04
-2.9614041671750563e-04
-2.9491324661277339e-04
-2.9371005998373947e-04
-2.9252402829350996e-04
-2.9136924506249480e-04
-2.9023865504897698e-04
-2.8912219260761963e-04
-2.8800158242595373e-04
-2.8690320795376795e-04
-2.8581594122911112e-04
-2.8475622828730881e-04
-2.8372278978005497e-04
-2.8270046158600617e-04
-2.8167588260975341e-04
-2.8066740673623531e-04
-2.7967501181766361e-04
-2.7870069405777197e-04
-2.7775021870935830e-04
-2.7682044233539601e-04
-2.7588325677662404e-04
-2.7495532075198298e-04
-2.7404981197230667e-04
-2.7315807201109892e-04
-2.7228454110786497e-04
-2.7143238702450749e-04
-2.7058671443891652e-04
-2.6973444849324351e-04
-2.6890327836194604e-04
-2.6809262705228119e-04
-2.6729831375802993e-04
-2.6651838552145936e-04
-2.6575017934068421e-04
-2.6498000691639254e-04
-2.6422470393951553e-04
-2.6348545132256638e-04
-2.6276557507645893e-04
-2.6206471960334079e-04
-2.6137457024241577e-04
-2.6067589374351808e-04
-2.5999638289110220e-04
-2.5933576253593562e-04
-2.5869080080890904e-04
-2.5806116623436115e-04
-2.5744979778522404e-04
-2.5683066758401508e-04
-2.5622913265765533e-04
-2.5564161102996168e-04
-2.5507296379563560e-04
-2.5452305752193599e-04
-2.5399185784808571e-04
-2.5345269548282865e-04
-2.5292827010182250e-04
-2.5242303701752185e-04
-2.5193695468397220e-04
-2.5146999716322855e-04
-2.5101869231629922e-04
-2.5056547748506208e-04
-2.5012760366594210e-04
-2.4970962528885317e-04
-2.4931160366348622e-04
0.0000000000000000e+00
4.8830067407041022e-01
3.6295485309822773e-01
7.2925365311217348e+01
];
