%Vec Object:sol 1 MPI processes
%  type: mpi
sol = [
0.0000000000000000e+00
-3.9589558179358103e-04
-3.9292107560463075e-04
-3.9001114782961146e-04
-3.8713948134728180e-04
-3.8437426321900176e-04
-3.8161996115625808e-04
-3.7899348272711012e-04
-3.7642079268566665e-04
-3.7387636607638165e-04
-3.7141663248377110e-04
-3.6896410286863066e-04
-3.6661323210378634e-04
-3.6431886562938445e-04
-3.6203836355053735e-04
-3.5981912859387111e-04
-3.5762318476948210e-04
-3.5549590156420675e-04
-3.5343465523771469e-04
-3.5137208951477268e-04
-3.4935098267380171e-04
-3.4737131896107534e-04
-3.4542921005627729e-04
-3.4355162554526131e-04
-3.4168719273534810e-04
-3.3983235510709161e-04
-3.3803562593007626e-04
-3.3625185216489434e-04
-3.3452193707667337e-04
-3.3283797722916234e-04
-3.3112517784256434e-04
-3.2946331485792684e-04
-3.2783936908493163e-04
-3.2623674687692222e-04
-3.2468006525259975e-04
-3.2312216586563060e-04
-3.2157765080568796e-04
-3.2007573452552749e-04
-3.1860312304545949e-04
-3.1715315150908374e-04
-3.1572141082046774e-04
-3.1429812628453027e-04
-3.1289604767084081e-04
-3.1153047659305286e-04
-3.1019362251700268e-04
-3.0886570618227224e-04
-3.0754230169769613e-04
-3.0624971388858386e-04
-3.0497131711979138e-04
-3.0372496376000887e-04
-3.0250926981875166e-04
-3.0127376947446994e-04
-3.0006408385455248e-04
-2.9888376945285923e-04
-2.9772271280066056e-04
-2.9658303700992811e-04
-2.9544967386243984e-04
-2.9432793737941128e-04
-2.9322131060566199e-04
-2.9214144187260951e-04
-2.9108741034368718e-04
-2.9004008751298268e-04
-2.8899136888037048e-04
-2.8796790656693668e-04
-2.8696787136086270e-04
-2.8598177152749948e-04
-2.8501987806590695e-04
-2.8405138449114244e-04
-2.8310142574998286e-04
-2.8216886946324523e-04
-2.8125952179684088e-04
-2.8037284944528698e-04
-2.7948468656939545e-04
-2.7860438308544602e-04
-2.7774664365153771e-04
-2.7691103694097233e-04
-2.7609251891326124e-04
-2.7528445096115198e-04
-2.7447809196396995e-04
-2.7369356399955299e-04
-2.7292734758161899e-04
-2.7217905269453737e-04
-2.7145238014987977e-04
-2.7072069145473479e-04
-2.7000841698257360e-04
-2.6931249579034271e-04
-2.6863811302127466e-04
-2.6798508221448413e-04
-2.6733694554129540e-04
-2.6669703404913757e-04
-2.6607685715718959e-04
-2.6547836319235275e-04
-2.6490147316777829e-04
-2.6433852365021756e-04
-2.6377581098893210e-04
-2.6323455263304387e-04
-2.6271550362496238e-04
-2.6221868165633488e-04
-2.6174394223505635e-04
0.0000000000000000e+00
5.1454651424799913e-01
3.6295485309822773e-01
7.2925365311217348e+01
];
