%Vec Object:sol 1 MPI processes
%  type: mpi
sol = [
0.0000000000000000e+00
-1.4372747783721134e-03
-3.0871786954883617e-04
-4.1288148881932587e-04
-4.0882510182985724e-04
-4.0490230919546926e-04
-4.0098716275988755e-04
-3.9720192707374066e-04
-3.9342630434297985e-04
-3.8972645199133766e-04
-3.8614578487567992e-04
-3.8257700630159070e-04
-3.7908040545718493e-04
-3.7564246088534061e-04
-3.7226030655580989e-04
-3.6897991075725300e-04
-3.6571309283435976e-04
-3.6250011984939303e-04
-3.5936783643013325e-04
-3.5626692201136563e-04
-3.5325365429300675e-04
-3.5025367421333731e-04
-3.4730017186476996e-04
-3.4442556737345902e-04
-3.4158711774287894e-04
-3.3879669813558633e-04
-3.3604901099323475e-04
-3.3332616442262173e-04
-3.3067004611905717e-04
-3.2807257070174145e-04
-3.2547896095426015e-04
-3.2293412078444401e-04
-3.2043863468646840e-04
-3.1797547363450913e-04
-3.1556924773204313e-04
-3.1317556209871855e-04
-3.1081064117377842e-04
-3.0849851199163354e-04
-3.0622566362808161e-04
-3.0398538734087579e-04
-3.0176154677842532e-04
-2.9957541722751811e-04
-2.9741988078462958e-04
-2.9530982039037722e-04
-2.9323694629787849e-04
-2.9116166299132635e-04
-2.8912954451734528e-04
-2.8713685157224773e-04
-2.8516743619681664e-04
-2.8323851001972350e-04
-2.8132227499616595e-04
-2.7942860482569611e-04
-2.7757178556388841e-04
-2.7575289328922431e-04
-2.7396235725950306e-04
-2.7218202652879434e-04
-2.7043331332850175e-04
-2.6871859233346991e-04
-2.6702884290785651e-04
-2.6537518543883761e-04
-2.6374437407576077e-04
-2.6212945320173981e-04
-2.6054668086628025e-04
-2.5899943139081363e-04
-2.5748626980434919e-04
-2.5599505394087197e-04
-2.5452077811737066e-04
-2.5308211755099852e-04
-2.5167521497770722e-04
-2.5029846965015414e-04
-2.4895755760632137e-04
-2.4763756584197927e-04
-2.4634307193939953e-04
-2.4508177720476606e-04
-2.4385731175660493e-04
-2.4266972905127797e-04
-2.4151164192584969e-04
-2.4037213977454592e-04
-2.3927089317226315e-04
-2.3820809417786563e-04
-2.3718110659977980e-04
-2.3619011836055020e-04
-2.3522862175177981e-04
-2.3429910893260132e-04
-2.3340961113530977e-04
-2.3255699493123571e-04
-2.3174651900957472e-04
-2.3097871074306909e-04
-2.3023866601308291e-04
-2.2953774174802770e-04
-2.2888025783678265e-04
-2.2826877677214688e-04
-2.2770413165697841e-04
-2.2718446323227232e-04
-2.2669602365663996e-04
-2.2625722755618017e-04
-2.2586973997240140e-04
-2.2553464819501773e-04
-2.2525309769364069e-04
0.0000000000000000e+00
5.5325480776454194e-01
3.6254183750127422e-01
7.0644290687993674e+01
];
