%Vec Object:sol 1 MPI processes
%  type: mpi
sol = [
0.0000000000000000e+00
-3.6664766233750826e-03
-3.6405876259235246e-03
-3.6152431899035605e-03
-3.5906117360240226e-03
-3.5670849881870165e-03
-3.5436043356476864e-03
-3.5209088798015733e-03
-3.4984024599616333e-03
-3.4764708514066541e-03
-3.4554725055112568e-03
-3.4344958644603424e-03
-3.4144048056997407e-03
-3.3944114073091998e-03
-3.3746247371927249e-03
-3.3556047717519522e-03
-3.3367612670945628e-03
-3.3185107176570898e-03
-3.3008311399005327e-03
-3.2828982559341829e-03
-3.2655023991404737e-03
-3.2484560018153160e-03
-3.2317243142746155e-03
-3.2155564008871651e-03
-3.1995776791635764e-03
-3.1836154655422084e-03
-3.1680863228529953e-03
-3.1526510957238141e-03
-3.1376870625492610e-03
-3.1231256983414351e-03
-3.1086913674874465e-03
-3.0943177970793622e-03
-3.0802128848401483e-03
-3.0662837803590989e-03
-3.0527584276969599e-03
-3.0395072114455849e-03
-3.0264447407958714e-03
-3.0133946368029432e-03
-3.0005422001555494e-03
-2.9878817617779662e-03
-2.9755636967179230e-03
-2.9634863946705749e-03
-2.9515808032864188e-03
-2.9396642739430807e-03
-2.9279403499239257e-03
-2.9163657020059033e-03
-2.9050890871773548e-03
-2.8940765671075031e-03
-2.8831743842645642e-03
-2.8722533268852862e-03
-2.8615377135398521e-03
-2.8509400257552037e-03
-2.8405855451771071e-03
-2.8304851354744587e-03
-2.8205452865321646e-03
-2.8105198716222349e-03
-2.8006654216695308e-03
-2.7910251563398581e-03
-2.7815086124956560e-03
-2.7722247857498495e-03
-2.7631656026202663e-03
-2.7540045457270092e-03
-2.7449475767647607e-03
-2.7361110356455285e-03
-2.7274782714776439e-03
-2.7189609777314079e-03
-2.7106548300011163e-03
-2.7023392452097689e-03
-2.6941002158695415e-03
-2.6860104381115015e-03
-2.6781245779478428e-03
-2.6704380252649102e-03
-2.6628996905745748e-03
-2.6553269910808176e-03
-2.6478553582750561e-03
-2.6405793086493705e-03
-2.6334518739600525e-03
-2.6264883466137240e-03
-2.6197163996968019e-03
-2.6129540671009739e-03
-2.6062524535312680e-03
-2.5997086258059115e-03
-2.5933561999409867e-03
-2.5871931198840036e-03
-2.5812089836012770e-03
-2.5751946178890332e-03
-2.5692750099228332e-03
-2.5635471278827372e-03
-2.5580098077819338e-03
-2.5526318083780404e-03
-2.5474267924336861e-03
-2.5422464735113514e-03
-2.5371707592272701e-03
-2.5322902253589030e-03
-2.5275698667694656e-03
-2.5230403200603140e-03
-2.5187090506182644e-03
-2.5144044098732226e-03
-2.5102262645216636e-03
0.0000000000000000e+00
4.9159929539430242e-01
3.6295486983223779e-01
7.2925299968229737e+01
];
