%Vec Object:sol 1 MPI processes
%  type: mpi
sol = [
0.0000000000000000e+00
-1.4544638441460987e-03
-1.2773634193639274e-03
-4.0531964159960679e-04
-4.0165917086982481e-04
-3.9784466403524970e-04
-3.9404688556437595e-04
-3.9039189917949103e-04
-3.8679890569559572e-04
-3.8323805572376994e-04
-3.7978583687118682e-04
-3.7634427094882092e-04
-3.7301387014189631e-04
-3.6972356756248342e-04
-3.6645671837866485e-04
-3.6328484392316769e-04
-3.6013930109031798e-04
-3.5706716247193887e-04
-3.5402162442184007e-04
-3.5099905133757759e-04
-3.4805481908572864e-04
-3.4515483441264507e-04
-3.4227529259765944e-04
-3.3944252808377047e-04
-3.3663645352146238e-04
-3.3388155295165404e-04
-3.3118711374217907e-04
-3.2847469846491642e-04
-3.2581327260860750e-04
-3.2320101457448665e-04
-3.2060751376302961e-04
-3.1806246777516895e-04
-3.1552604774556011e-04
-3.1301342683028157e-04
-3.1054914021394416e-04
-3.0811905997296700e-04
-3.0570447869590698e-04
-3.0331130038628384e-04
-3.0094994063481397e-04
-2.9861394106314466e-04
-2.9631919603737521e-04
-2.9404423302368117e-04
-2.9177398354061755e-04
-2.8954299412670430e-04
-2.8734385856108059e-04
-2.8516614951696614e-04
-2.8301674682704544e-04
-2.8088240278940343e-04
-2.7876689273085930e-04
-2.7668739419567026e-04
-2.7464275518586194e-04
-2.7261393311109626e-04
-2.7059629144051653e-04
-2.6861325327664365e-04
-2.6665573699311907e-04
-2.6472609749158697e-04
-2.6283044208066372e-04
-2.6094593083496174e-04
-2.5908140272674538e-04
-2.5725133785457549e-04
-2.5545534146093323e-04
-2.5368533372389755e-04
-2.5193668986670382e-04
-2.5021075876120703e-04
-2.4851871740903147e-04
-2.4685263974633874e-04
-2.4522221847621912e-04
-2.4362744937928455e-04
-2.4204723962331295e-04
-2.4049633007724742e-04
-2.3898272462927471e-04
-2.3750663528140478e-04
-2.3606396211130310e-04
-2.3465266703724655e-04
-2.3326614723994448e-04
-2.3191962133672580e-04
-2.3060956012537306e-04
-2.2933822797632872e-04
-2.2810903842448765e-04
-2.2691564800435062e-04
-2.2575319767162590e-04
-2.2463274742547373e-04
-2.2355845107100732e-04
-2.2253127802854250e-04
-2.2155155156077045e-04
-2.2060897626811465e-04
-2.1970965528401201e-04
-2.1886309255425004e-04
-2.1807059790282589e-04
-2.1733104046895175e-04
-2.1664724215028042e-04
-2.1601453368509085e-04
-2.1543519138089758e-04
-2.1491824824892343e-04
-2.1446217237596963e-04
-2.1407151742422527e-04
-2.1374807463715663e-04
-2.1348573683075656e-04
-2.1328573432335290e-04
0.0000000000000000e+00
5.5424910570435437e-01
3.6248191806783170e-01
7.0322327027682391e+01
];
