%Vec Object:sol 1 MPI processes
%  type: mpi
sol = [
0.0000000000000000e+00
-1.4331924112665363e-03
-1.1992303232658159e-03
-4.0649802568261569e-04
-4.0248928195247760e-04
-3.9862164066902900e-04
-3.9473632237851686e-04
-3.9100624387343854e-04
-3.8734963778801239e-04
-3.8377899046803234e-04
-3.8028914986743174e-04
-3.7681211829054177e-04
-3.7345452315287546e-04
-3.7016702516473902e-04
-3.6691229699473653e-04
-3.6373321112362404e-04
-3.6058640898696287e-04
-3.5751892375508255e-04
-3.5452726996848094e-04
-3.5151754772750363e-04
-3.4859030668518589e-04
-3.4571122597282846e-04
-3.4287583700051011e-04
-3.4009398373863219e-04
-3.3731780463403611e-04
-3.3459565786509056e-04
-3.3193663439582083e-04
-3.2929431997567708e-04
-3.2668112170937402e-04
-3.2411021924914571e-04
-3.2156006966492843e-04
-3.1906449650833074e-04
-3.1660958429560244e-04
-3.1414473812727293e-04
-3.1172984638699967e-04
-3.0935068245849901e-04
-3.0699795187965180e-04
-3.0468525814709540e-04
-3.0237796893350287e-04
-3.0009725770447038e-04
-2.9785901574342228e-04
-2.9565242927292589e-04
-2.9346398269497920e-04
-2.9129172956836677e-04
-2.8915229180569607e-04
-2.8703513607135638e-04
-2.8495579985401314e-04
-2.8290666025635684e-04
-2.8085311973054906e-04
-2.7883632048146003e-04
-2.7685505587939335e-04
-2.7489388297492762e-04
-2.7296580451884273e-04
-2.7104710801355948e-04
-2.6915387737368976e-04
-2.6728888005672988e-04
-2.6545820672117262e-04
-2.6365895863324679e-04
-2.6186606981673765e-04
-2.6010056909465544e-04
-2.5836922923791044e-04
-2.5666382423751328e-04
-2.5498917797177258e-04
-2.5334234558140880e-04
-2.5171363414797787e-04
-2.5011054937500193e-04
-2.4854282599373368e-04
-2.4701038488484273e-04
-2.4550968072194890e-04
-2.4402363369730072e-04
-2.4256975258938869e-04
-2.4115269933694682e-04
-2.3976821488168594e-04
-2.3841805268667732e-04
-2.3710321665556494e-04
-2.3581093881423781e-04
-2.3455381793090375e-04
-2.3333399235896341e-04
-2.3215475526804265e-04
-2.3101660192058549e-04
-2.2991002111076044e-04
-2.2883269384931410e-04
-2.2779912319816336e-04
-2.2681002441756896e-04
-2.2586541692551072e-04
-2.2496272898335718e-04
-2.2409771423779855e-04
-2.2327463474210388e-04
-2.2250147162514958e-04
-2.2177669696137205e-04
-2.2110286951143669e-04
-2.2048302436801051e-04
-2.1990727035278945e-04
-2.1938376132075177e-04
-2.1891551853088262e-04
-2.1850696686091724e-04
-2.1816001146220522e-04
-2.1787599306711500e-04
-2.1764391666715646e-04
0.0000000000000000e+00
5.5301906025422998e-01
3.6255604811342135e-01
7.0720976449785638e+01
];
