%Vec Object:sol 1 MPI processes
%  type: mpi
sol = [
0.0000000000000000e+00
-1.5793657329819227e-02
-1.4133449312643371e-02
-1.2416715181107858e-02
-6.9950565359935598e-03
-4.0080767110038445e-03
-3.9629885583123319e-03
-3.9193781023335820e-03
-3.8766055067009941e-03
-3.8347764594237059e-03
-3.7938635696711329e-03
-3.7532506841158131e-03
-3.7139483387206118e-03
-3.6754564771773208e-03
-3.6372635095393989e-03
-3.6001072319234717e-03
-3.5633745917121322e-03
-3.5275335425659395e-03
-3.4923511268020323e-03
-3.4573052731335361e-03
-3.4231646467533690e-03
-3.3895782776074391e-03
-3.3564944155243318e-03
-3.3238035803108954e-03
-3.2914585399917576e-03
-3.2596927697762707e-03
-3.2285867941669304e-03
-3.1975355300835062e-03
-3.1668790562023106e-03
-3.1367393550245986e-03
-3.1068077654817575e-03
-3.0774072535324462e-03
-3.0481856730260153e-03
-3.0190914784147187e-03
-2.9904586695082120e-03
-2.9621409808286950e-03
-2.9340410320790101e-03
-2.9061046362215573e-03
-2.8783817544289613e-03
-2.8508584066125947e-03
-2.8236812257776216e-03
-2.7967402304567685e-03
-2.7697592727739216e-03
-2.7430294091563591e-03
-2.7165309827038475e-03
-2.6901590509917314e-03
-2.6640564621550253e-03
-2.6380514924928323e-03
-2.6120355161363871e-03
-2.5862664389689352e-03
-2.5607290534372489e-03
-2.5352752507139939e-03
-2.5099859393554369e-03
-2.4847399897643964e-03
-2.4596236755573503e-03
-2.4346556507152694e-03
-2.4098893011281135e-03
-2.3852953614023880e-03
-2.3606920492057109e-03
-2.3362017979111035e-03
-2.3119050495343076e-03
-2.2877278869581014e-03
-2.2637161423681913e-03
-2.2399058649111283e-03
-2.2161888771681485e-03
-2.1925581939096247e-03
-2.1691742613319047e-03
-2.1460560690842886e-03
-2.1231990703674251e-03
-2.1006219321827871e-03
-2.0783467749963388e-03
-2.0563952200185714e-03
-2.0348533218489664e-03
-2.0137728517112068e-03
-1.9932135726135158e-03
-1.9732047774742383e-03
-1.9537411404339164e-03
-1.9347553640097046e-03
-1.9163718420455722e-03
-1.8985990522726881e-03
-1.8814239554773417e-03
-1.8648386801750963e-03
-1.8488613115413010e-03
-1.8334719606327805e-03
-1.8185841034809519e-03
-1.8042687409956645e-03
-1.7905748910303646e-03
-1.7775053953164334e-03
-1.7650386549480318e-03
-1.7531971273915649e-03
-1.7419918297077658e-03
-1.7313753403028571e-03
-1.7214010553679702e-03
-1.7121064547588481e-03
-1.7034801596375144e-03
-1.6955797106991861e-03
-1.6883937901707149e-03
-1.6819233710023928e-03
-1.6761846696908464e-03
0.0000000000000000e+00
5.6139271301493743e-01
3.6180269532065917e-01
6.6823282600296452e+01
];
