%Vec Object:sol 1 MPI processes
%  type: mpi
sol = [
0.0000000000000000e+00
-3.4344559170833337e-04
-3.4115667280990459e-04
-3.3891418663316639e-04
-3.3673378706739870e-04
-3.3465189923242154e-04
-3.3257086801542556e-04
-3.3057836173016285e-04
-3.2857923772180233e-04
-3.2663024151778717e-04
-3.2476473840759278e-04
-3.2289844618479447e-04
-3.2111148006502458e-04
-3.1936603098721032e-04
-3.1762209318640883e-04
-3.1592477556161279e-04
-3.1424152487548172e-04
-3.1261106824906224e-04
-3.1103149589838455e-04
-3.0946314054030395e-04
-3.0795164143453764e-04
-3.0642704382572231e-04
-3.0492517961313860e-04
-3.0347398592000499e-04
-3.0203869136445567e-04
-3.0063991825960177e-04
-2.9928586642731292e-04
-2.9792964327750657e-04
-2.9657984628302271e-04
-2.9526618802233926e-04
-2.9396301952546366e-04
-2.9269942443818165e-04
-2.9146426209583382e-04
-2.9024337433399976e-04
-2.8903970935387002e-04
-2.8783792946618402e-04
-2.8665272166929928e-04
-2.8550068054603641e-04
-2.8437046949935144e-04
-2.8325642906543982e-04
-2.8217268901710831e-04
-2.8108343182448254e-04
-2.7999772093772665e-04
-2.7894065426069622e-04
-2.7790559541902615e-04
-2.7688304723272355e-04
-2.7588699647226498e-04
-2.7491426768082343e-04
-2.7391767935431498e-04
-2.7294382598813753e-04
-2.7199417593744139e-04
-2.7105437857858803e-04
-2.7013622467098877e-04
-2.6924078214290688e-04
-2.6835403300349192e-04
-2.6745534077906219e-04
-2.6657873128503064e-04
-2.6572124785691008e-04
-2.6487442713216467e-04
-2.6404854578928157e-04
-2.6324288626969501e-04
-2.6243693887420750e-04
-2.6162847301665668e-04
-2.6083993800433633e-04
-2.6006980432620750e-04
-2.5930979381416376e-04
-2.5856894045849660e-04
-2.5784673470677784e-04
-2.5712033855993834e-04
-2.5639634941345378e-04
-2.5569096932135320e-04
-2.5500379560387679e-04
-2.5433004282053481e-04
-2.5367086263154449e-04
-2.5302941572362799e-04
-2.5238020524322180e-04
-2.5174150012818571e-04
-2.5111783076520752e-04
-2.5051183339371127e-04
-2.4992327439142547e-04
-2.4934909941024382e-04
-2.4878420035607569e-04
-2.4821463076531305e-04
-2.4766265182262740e-04
-2.4712730347315170e-04
-2.4660487797841923e-04
-2.4610003558611800e-04
-2.4561267277114525e-04
-2.4512992962530774e-04
-2.4464888907556629e-04
-2.4418405804086236e-04
-2.4373722541195649e-04
-2.4330837594507598e-04
-2.4289750764913578e-04
-2.4250133757298684e-04
-2.4210160876495917e-04
-2.4171693773368069e-04
-2.4135107515294219e-04
-2.4100410541664808e-04
0.0000000000000000e+00
4.7240246094043836e-01
3.6295485309822773e-01
7.2925365311217348e+01
];
