%Vec Object:sol 1 MPI processes
%  type: mpi
sol = [
0.0000000000000000e+00
-3.3711916492819749e-04
-3.3493483370590201e-04
-3.3279410761025315e-04
-3.3070272767172251e-04
-3.2865882631818457e-04
-3.2661558967329938e-04
-3.2466955893858620e-04
-3.2276028192424497e-04
-3.2089856775491314e-04
-3.1911714068018311e-04
-3.1731566052269587e-04
-3.1555669031374891e-04
-3.1383835011847391e-04
-3.1215037131574727e-04
-3.1052845620906002e-04
-3.0891915146853075e-04
-3.0736041682297231e-04
-3.0582857887870789e-04
-3.0428112553800203e-04
-3.0278946703767609e-04
-3.0132677248266890e-04
-2.9988996660379301e-04
-2.9850187976741935e-04
-2.9712847833590129e-04
-2.9576681098746787e-04
-2.9442757760087261e-04
-2.9309460333514566e-04
-2.9180242069693196e-04
-2.9054488734928108e-04
-2.8929688568766332e-04
-2.8808695680509854e-04
-2.8688121910973194e-04
-2.8567124053420349e-04
-2.8449642856906676e-04
-2.8334500005161047e-04
-2.8220919031191635e-04
-2.8110529954645033e-04
-2.8002223176293127e-04
-2.7893245335789264e-04
-2.7785609729340661e-04
-2.7680046730344730e-04
-2.7575927151647346e-04
-2.7474565568716181e-04
-2.7375312642886576e-04
-2.7277237679061375e-04
-2.7179644220162892e-04
-2.7082841708235637e-04
-2.6986950268489122e-04
-2.6893504510558576e-04
-2.6802390880586888e-04
-2.6712201918636821e-04
-2.6624096843368670e-04
-2.6536236667645965e-04
-2.6448346708342633e-04
-2.6362047103683752e-04
-2.6277879388129151e-04
-2.6195554690851416e-04
-2.6114242866307532e-04
-2.6034954650962163e-04
-2.5955773273948421e-04
-2.5876474945644474e-04
-2.5798805688856424e-04
-2.5723064746007937e-04
-2.5649103021478062e-04
-2.5576107963480664e-04
-2.5504968311238911e-04
-2.5433839912081951e-04
-2.5362983094808796e-04
-2.5293420781256231e-04
-2.5225663005006780e-04
-2.5159671181337515e-04
-2.5094975798667417e-04
-2.5031691028858046e-04
-2.4968327727334204e-04
-2.4905673256477560e-04
-2.4844333033122293e-04
-2.4784451915104181e-04
-2.4726289985644819e-04
-2.4669825226327689e-04
-2.4614758474864095e-04
-2.4559172392333905e-04
-2.4504502585319870e-04
-2.4451548227381702e-04
-2.4400215761287124e-04
-2.4350141162023234e-04
-2.4301783620240869e-04
-2.4255130750396256e-04
-2.4208120642680219e-04
-2.4162042313517177e-04
-2.4117548676815692e-04
-2.4074816760019974e-04
-2.4033846123729769e-04
-2.3994637754581172e-04
-2.3956891023487240e-04
-2.3918486410952827e-04
-2.3881808649315353e-04
-2.3846977061054442e-04
-2.3814000224942446e-04
0.0000000000000000e+00
4.6694444169495547e-01
3.6295485309822773e-01
7.2925365311217348e+01
];
