%Vec Object:sol 1 MPI processes
%  type: mpi
sol = [
0.0000000000000000e+00
-3.9858733816547150e-09
-4.5185701107677493e-09
-4.6239187185899920e-09
-1.9179597469067043e-06
-2.0811518600524475e-02
-1.8687678367111969e-02
-1.6890237046910728e-02
-1.5251047665975816e-02
-1.3790075016523101e-02
-1.2356604012672976e-02
-1.0942536642573993e-02
-9.5099601903586174e-03
-8.0071240606540469e-03
-6.5638692781305689e-03
-5.1108286966587597e-03
-3.8890316796282511e-03
-2.8149213659975350e-03
-2.0640997700268611e-03
-1.5287328646972382e-03
-1.2405882292884473e-03
-1.1043023561216078e-03
-1.0837376825223216e-03
-1.1248540885462628e-03
-1.1946984510645866e-03
-1.2730471216726774e-03
-1.3464193836277187e-03
-1.4083127243514472e-03
-1.4594374020838589e-03
-1.4957894757765700e-03
-1.5231393553308127e-03
-1.5397527885281515e-03
-1.5491234676364301e-03
-1.5529237965653392e-03
-1.5513769472463087e-03
-1.5466508277812375e-03
-1.5392430013834967e-03
-1.5295810496894157e-03
-1.5185513948818598e-03
-1.5065581771839278e-03
-1.4936633854083857e-03
-1.4802751807955574e-03
-1.4663928755568308e-03
-1.4524281652001565e-03
-1.4384486599837666e-03
-1.4239300517804841e-03
-1.4096513617983812e-03
-1.3954971247787009e-03
-1.3814555885500659e-03
-1.3669952060727422e-03
-1.3529478245442722e-03
-1.3391119626370953e-03
-1.3254435845776952e-03
-1.3116084908263610e-03
-1.2978254575716755e-03
-1.2845396496670451e-03
-1.2712932504110493e-03
-1.2580534298677532e-03
-1.2451078928485979e-03
-1.2321802765566249e-03
-1.2191701671010430e-03
-1.2066701694343474e-03
-1.1943441717365681e-03
-1.1820193296626332e-03
-1.1697619307092838e-03
-1.1578347885637852e-03
-1.1460454565772262e-03
-1.1342503239226865e-03
-1.1226240232911609e-03
-1.1112562252944983e-03
-1.0999207506156132e-03
-1.0886021881044762e-03
-1.0776126898465654e-03
-1.0668601888657917e-03
-1.0560925095952143e-03
-1.0454091976563290e-03
-1.0349588100353588e-03
-1.0246610618176596e-03
-1.0143977717973927e-03
-1.0041532815210428e-03
-9.9416193973729354e-04
-9.8433853030095329e-04
-9.7458903876752163e-04
-9.6487538989359009e-04
-9.5531146573880150e-04
-9.4591446943004601e-04
-9.3659203674926724e-04
-9.2732548162326916e-04
-9.1808120100271313e-04
-9.0898267486927420e-04
-8.9990923922397457e-04
-8.9098345936972296e-04
-8.8211765947610835e-04
-8.7335845589879405e-04
-8.6462731858571150e-04
-8.5579058858224050e-04
-8.4707143016470520e-04
-8.3841988912613510e-04
-8.2985425606052249e-04
0.0000000000000000e+00
6.8691766906558371e-01
3.0969654631258536e-01
9.9357995697759947e+00
];
