%Vec Object:sol 1 MPI processes
%  type: mpi
sol = [
0.0000000000000000e+00
-1.4066762912967965e-03
-4.0289767631069119e-04
-4.0978697993565279e-04
-4.0590372397462335e-04
-4.0214325320214663e-04
-3.9840377571159844e-04
-3.9481172482786847e-04
-3.9127003178984776e-04
-3.8776846668688459e-04
-3.8438932954092093e-04
-3.8102419229622451e-04
-3.7777385577795667e-04
-3.7454256236181804e-04
-3.7135935291787768e-04
-3.6827401717563014e-04
-3.6521719760381123e-04
-3.6221529153047954e-04
-3.5926066368160677e-04
-3.5633061228839384e-04
-3.5348088609173111e-04
-3.5067700470347776e-04
-3.4787472768909108e-04
-3.4513916305898223e-04
-3.4243168746458534e-04
-3.3977710309258632e-04
-3.3717309312641350e-04
-3.3455638806935119e-04
-3.3199890478039353e-04
-3.2949281729451063e-04
-3.2700746933493228e-04
-3.2455525479862011e-04
-3.2213019313717179e-04
-3.1973154864914062e-04
-3.1738444118976905e-04
-3.1507470995405213e-04
-3.1276528905162211e-04
-3.1049729249773899e-04
-3.0826476669957350e-04
-3.0606127392739341e-04
-3.0390316072848169e-04
-3.0174980413663160e-04
-2.9962211783554843e-04
-2.9753805515947483e-04
-2.9549008910421915e-04
-2.9346754625042798e-04
-2.9145779072323983e-04
-2.8948525317573604e-04
-2.8753539445662535e-04
-2.8562577688874102e-04
-2.8375512431071901e-04
-2.8188272313196447e-04
-2.8004431957838293e-04
-2.7824419835641363e-04
-2.7647282095201469e-04
-2.7473241784713799e-04
-2.7300993918719281e-04
-2.7131520722695706e-04
-2.6964607021962386e-04
-2.6801376883427315e-04
-2.6641762694343274e-04
-2.6483707518015878e-04
-2.6327687093267608e-04
-2.6175289942142961e-04
-2.6026367413773099e-04
-2.5880059068024045e-04
-2.5736990038761724e-04
-2.5595591240180850e-04
-2.5457408431287637e-04
-2.5322271902081950e-04
-2.5190746896314729e-04
-2.5062814742991824e-04
-2.4936445013746264e-04
-2.4812819473518964e-04
-2.4692867728726462e-04
-2.4576584195604612e-04
-2.4463543822455565e-04
-2.4353458991605820e-04
-2.4245592824242144e-04
-2.4141505402005319e-04
-2.4040916298419338e-04
-2.3943830434874531e-04
-2.3850609617934434e-04
-2.3760000238219904e-04
-2.3672621266226758e-04
-2.3588771626430335e-04
-2.3508965824343918e-04
-2.3433237889568337e-04
-2.3361523776153798e-04
-2.3291981891898912e-04
-2.3226533113445503e-04
-2.3165414360037031e-04
-2.3108685975798218e-04
-2.3056413209686681e-04
-2.3007610183789688e-04
-2.2962369618852494e-04
-2.2921874851400195e-04
-2.2886213847502710e-04
-2.2855480908251706e-04
0.0000000000000000e+00
5.5149093190674303e-01
3.6264819568524403e-01
7.1221308244698875e+01
];
