%Vec Object:sol 1 MPI processes
%  type: mpi
sol = [
0.0000000000000000e+00
-3.4209831900253109e-03
-3.3981886991169270e-03
-3.3758459601342509e-03
-3.3541206852274220e-03
-3.3333754676479347e-03
-3.3126385300738951e-03
-3.2928920229592438e-03
-3.2733146605705529e-03
-3.2538848459839915e-03
-3.2352861352564714e-03
-3.2166797147087458e-03
-3.1988630312781621e-03
-3.1814598372998260e-03
-3.1643656818301420e-03
-3.1475925159491994e-03
-3.1308032169224303e-03
-3.1145400051768228e-03
-3.0987839439045014e-03
-3.0831402200958637e-03
-3.0680631799865775e-03
-3.0532800427822276e-03
-3.0383104562734537e-03
-3.0238296934523580e-03
-3.0095080663209931e-03
-2.9955508634989113e-03
-2.9820397075249641e-03
-2.9685911234374773e-03
-2.9554697225845647e-03
-2.9423572493336284e-03
-2.9293500672858807e-03
-2.9167377435614541e-03
-2.9044093423859127e-03
-2.8922238756142727e-03
-2.8803939723507422e-03
-2.8686364593377002e-03
-2.8568030292937725e-03
-2.8453007004111599e-03
-2.8340165610456622e-03
-2.8228942259645885e-03
-2.8120743708575273e-03
-2.8014630430276233e-03
-2.7907723206798199e-03
-2.7802148701183867e-03
-2.7698773041069350e-03
-2.7596650017168854e-03
-2.7497172270073431e-03
-2.7400029108943747e-03
-2.7303789989226949e-03
-2.7207275064423317e-03
-2.7112396740940261e-03
-2.7018506550524320e-03
-2.6926779002183934e-03
-2.6837320632797554e-03
-2.6749261733499683e-03
-2.6662794647436131e-03
-2.6575302850262907e-03
-2.6489592932363850e-03
-2.6404952786839237e-03
-2.6322405792654200e-03
-2.6241880085421669e-03
-2.6162559865631355e-03
-2.6084411424798378e-03
-2.6005564397024506e-03
-2.5928556995605395e-03
-2.5852564266316989e-03
-2.5778485918999399e-03
-2.5706270945933499e-03
-2.5635526569600313e-03
-2.5565055378176764e-03
-2.5494488859824859e-03
-2.5425741842555003e-03
-2.5358337413734504e-03
-2.5292390267303150e-03
-2.5228218938438342e-03
-2.5165792755394750e-03
-2.5103104209604878e-03
-2.5040676233542476e-03
-2.4980014789725124e-03
-2.4921096530616379e-03
-2.4863617110179779e-03
-2.4807547306694194e-03
-2.4753206865935082e-03
-2.4698432784518516e-03
-2.4644793331507486e-03
-2.4592447765118949e-03
-2.4541860328196616e-03
-2.4493020548389034e-03
-2.4445920814757127e-03
-2.4400058638017214e-03
-2.4353443680897040e-03
-2.4308628367635523e-03
-2.4265611152695099e-03
-2.4224391932124506e-03
-2.4184643553002605e-03
-2.4146657750587020e-03
-2.4109505706569811e-03
-2.4072756625611773e-03
-2.4037896007391519e-03
0.0000000000000000e+00
4.7120959291239228e-01
3.6295486983223779e-01
7.2925299968229737e+01
];
