%Vec Object:sol 1 MPI processes
%  type: mpi
sol = [
0.0000000000000000e+00
-4.6202641305765676e-09
-5.2261831704850406e-09
-5.3522577349751716e-09
-5.4431250921552876e-09
-5.5062456388959245e-09
-2.3112304479901385e-08
-1.8984424273178393e-02
-1.7146869995478681e-02
-1.5507345049157037e-02
-1.3903592775321735e-02
-1.2329103316905936e-02
-1.0740552880828771e-02
-9.0822553174233021e-03
-7.4960052790060032e-03
-5.9040627622593891e-03
-4.5687380803239074e-03
-3.3966815840268034e-03
-2.5776632096920090e-03
-1.9933859953008208e-03
-1.6773683140006894e-03
-1.5255907878567951e-03
-1.4989545010309102e-03
-1.5384299862144853e-03
-1.6086238498234115e-03
-1.6876376242501332e-03
-1.7610074114124393e-03
-1.8218849285156424e-03
-1.8707978539369424e-03
-1.9040383388148545e-03
-1.9273011761897912e-03
-1.9391469882852244e-03
-1.9433165042857619e-03
-1.9412868429716991e-03
-1.9338260906873737e-03
-1.9229126688563632e-03
-1.9090812297040455e-03
-1.8930977166105862e-03
-1.8756022772860193e-03
-1.8570445540382946e-03
-1.8377593258778393e-03
-1.8179476370424788e-03
-1.7975314882557733e-03
-1.7772410016313870e-03
-1.7570054439822807e-03
-1.7360309811541709e-03
-1.7155332755131568e-03
-1.6952466477621632e-03
-1.6750553629611426e-03
-1.6543374302948033e-03
-1.6342797140778582e-03
-1.6144120695939853e-03
-1.5947705872792900e-03
-1.5749692949524878e-03
-1.5551654992345993e-03
-1.5360158223107843e-03
-1.5169343834934876e-03
-1.4978614609899563e-03
-1.4791229755057305e-03
-1.4603825759618560e-03
-1.4415745514797737e-03
-1.4233244720280429e-03
-1.4052821371411722e-03
-1.3872604654266828e-03
-1.3692921498862146e-03
-1.3516764419569689e-03
-1.3342126791540971e-03
-1.3167194035826810e-03
-1.2994174738999134e-03
-1.2823834458651890e-03
-1.2653460103177032e-03
-1.2483471962830702e-03
-1.2316675238967464e-03
-1.2152189740769637e-03
-1.1987524525401208e-03
-1.1823404830491834e-03
-1.1661528032950849e-03
-1.1501174195201994e-03
-1.1340979293869152e-03
-1.1180410752114067e-03
-1.1022237706190966e-03
-1.0865697398579641e-03
-1.0709658169272538e-03
-1.0553594210203454e-03
-1.0398754837166110e-03
-1.0245297809188389e-03
-1.0092367644471494e-03
-9.9397446722672834e-04
-9.7869069801988662e-04
-9.6348083628048102e-04
-9.4822524036087782e-04
-9.3314742376889883e-04
-9.1809456251548552e-04
-9.0310650187352547e-04
-8.8809737141371089e-04
-8.7286943920828191e-04
-8.5774922194398315e-04
-8.4270609775827742e-04
-8.2769855183646560e-04
0.0000000000000000e+00
7.3067213190175995e-01
2.9697886618217917e-01
7.8280165551582517e+00
];
