%Vec Object:sol 1 MPI processes
%  type: mpi
sol = [
0.0000000000000000e+00
-3.7148536291765782e-03
-3.6885920609100419e-03
-3.6628844524430387e-03
-3.6379008269498254e-03
-3.6134265334428380e-03
-3.5890156976843141e-03
-3.5657512729183154e-03
-3.5429506508682491e-03
-3.5207336216599816e-03
-3.4992881086115448e-03
-3.4774777010539298e-03
-3.4565808561230009e-03
-3.4361806471480526e-03
-3.4161608395873043e-03
-3.3969185603263067e-03
-3.3775577750629706e-03
-3.3585772090234034e-03
-3.3401882214473071e-03
-3.3219561463523877e-03
-3.3043782625609371e-03
-3.2871537094612433e-03
-3.2698682858812679e-03
-3.2530541045916435e-03
-3.2364422703189703e-03
-3.2202567135238345e-03
-3.2045853818942560e-03
-3.1890077812979853e-03
-3.1734725906489105e-03
-3.1583338630345142e-03
-3.1433330291330149e-03
-3.1287855411392560e-03
-3.1145691910999030e-03
-3.1004840815751591e-03
-3.0864288539322869e-03
-3.0726596680171240e-03
-3.0590897094811345e-03
-3.0458982751732527e-03
-3.0329615470383979e-03
-3.0201226322815722e-03
-3.0073281492141589e-03
-2.9947847440354521e-03
-2.9824222319656053e-03
-2.9703848572071928e-03
-2.9586000751316622e-03
-2.9468321028652661e-03
-2.9351252515862490e-03
-2.9236921757485696e-03
-2.9123769143768320e-03
-2.9013478101174157e-03
-2.8905915910541979e-03
-2.8797912532112935e-03
-2.8690470801068582e-03
-2.8585657040926422e-03
-2.8482522403660664e-03
-2.8381270249023174e-03
-2.8282489520075811e-03
-2.8184007657061599e-03
-2.8085304230728325e-03
-2.7989005260922921e-03
-2.7895027340672464e-03
-2.7802483498021043e-03
-2.7711827203803345e-03
-2.7621332793115443e-03
-2.7531799802482026e-03
-2.7443477682961878e-03
-2.7357333648779171e-03
-2.7273307733352448e-03
-2.7190971508580740e-03
-2.7107893532420089e-03
-2.7026115982874748e-03
-2.6946391987526367e-03
-2.6868203333474537e-03
-2.6791670162293990e-03
-2.6717131731532093e-03
-2.6642138632344352e-03
-2.6568206666477152e-03
-2.6495965010419997e-03
-2.6425692549703547e-03
-2.6357360359885382e-03
-2.6290637381828426e-03
-2.6222881558480853e-03
-2.6156938233286866e-03
-2.6092937100649412e-03
-2.6030771764913537e-03
-2.5970041967768266e-03
-2.5911058455187290e-03
-2.5851543562196246e-03
-2.5793978318960323e-03
-2.5738045666811940e-03
-2.5683882733863934e-03
-2.5631677549384476e-03
-2.5580876137089297e-03
-2.5530041901126168e-03
-2.5480844842506473e-03
-2.5433593826004399e-03
-2.5388363372673222e-03
-2.5345157754236942e-03
-2.5303023446139232e-03
0.0000000000000000e+00
4.9548668862709894e-01
3.6295486983223779e-01
7.2925299968229737e+01
];
