%Vec Object:sol 1 MPI processes
%  type: mpi
sol = [
0.0000000000000000e+00
-3.6491388624285549e-04
-3.6237038346667436e-04
-3.5984824792418066e-04
-3.5739692935597353e-04
-3.5505538607449367e-04
-3.5271837698696846e-04
-3.5049192039751745e-04
-3.4827267467841150e-04
-3.4608877695312454e-04
-3.4399766697294413e-04
-3.4190870630501673e-04
-3.3990780195443523e-04
-3.3795420543670742e-04
-3.3599851278958212e-04
-3.3410336797923615e-04
-3.3222579609104455e-04
-3.3040722094812076e-04
-3.2864546092296047e-04
-3.2689796579559593e-04
-3.2517661429477178e-04
-3.2347718952023709e-04
-3.2180911701571379e-04
-3.2019717366092330e-04
-3.1860410119003281e-04
-3.1705188171039951e-04
-3.1551506340833603e-04
-3.1397550172935351e-04
-3.1248288254555779e-04
-3.1103038990930776e-04
-3.0959060215167829e-04
-3.0819448995977417e-04
-3.0679967892489717e-04
-3.0540967110921185e-04
-3.0405991336947399e-04
-3.0273750917601995e-04
-3.0143396139733792e-04
-3.0016689158221695e-04
-2.9889791798629880e-04
-2.9763394197173363e-04
-2.9640412036202574e-04
-2.9519834079680450e-04
-2.9400973024521155e-04
-2.9285247196828837e-04
-2.9169751664023780e-04
-2.9054144935754874e-04
-2.8941513087381380e-04
-2.8831518193938975e-04
-2.8722629872853146e-04
-2.8616503315957525e-04
-2.8511237223911244e-04
-2.8405343565268069e-04
-2.8301879479598814e-04
-2.8200952882840175e-04
-2.8101632854841897e-04
-2.8004120473349564e-04
-2.7907620901270711e-04
-2.7811249490615432e-04
-2.7716118359571594e-04
-2.7623312240850805e-04
-2.7532750540575757e-04
-2.7443562423490119e-04
-2.7355182153266820e-04
-2.7266805364375556e-04
-2.7180465678150966e-04
-2.7095283747836929e-04
-2.7012211809837036e-04
-2.6931192056871023e-04
-2.6851109917382088e-04
-2.6770162306795971e-04
-2.6691253100185513e-04
-2.6614336166636465e-04
-2.6538902636543711e-04
-2.6465071510741464e-04
-2.6392749995634673e-04
-2.6319899834212790e-04
-2.6248537330419340e-04
-2.6178814528087928e-04
-2.6111006760982670e-04
-2.6045086509258721e-04
-2.5980509187262506e-04
-2.5914946510784896e-04
-2.5851297462272841e-04
-2.5789541367957308e-04
-2.5729574460851671e-04
-2.5671003618911708e-04
-2.5614224421075730e-04
-2.5556798893380112e-04
-2.5501263592425324e-04
-2.5447322269340274e-04
-2.5395110805162519e-04
-2.5344815274637499e-04
-2.5296394311325420e-04
-2.5247415893451202e-04
-2.5200014322067588e-04
-2.5154520396806752e-04
-2.5111008297516756e-04
-2.5069483013285979e-04
-2.5029897907054109e-04
0.0000000000000000e+00
4.9017314954450253e-01
3.6295485309822773e-01
7.2925365311217348e+01
];
