%Vec Object:sol 1 MPI processes
%  type: mpi
sol = [
0.0000000000000000e+00
-6.1698131572183993e-10
-6.6972455344723864e-10
-6.8727497165250933e-10
-6.9933960661511583e-10
-7.0664004999190187e-10
-7.0882083712503055e-10
-7.1089875825598806e-10
-7.1125944355953392e-10
-7.1093782664727638e-10
-7.1036790269509345e-10
-7.1469707503269320e-10
-2.3913741609319103e-05
-1.0687749316259860e-03
-8.9265852105088750e-04
-7.1216770221953175e-04
-5.6120906585107558e-04
-4.2896864477311549e-04
-3.3659857109267041e-04
-2.7066309497601613e-04
-2.3478280155970414e-04
-2.1722707282829706e-04
-2.1363144802127810e-04
-2.1732711346287800e-04
-2.2440014733370790e-04
-2.3240361743333650e-04
-2.3974021520700776e-04
-2.4567203650077831e-04
-2.5022382303792128e-04
-2.5307024022904210e-04
-2.5476916013515195e-04
-2.5522190834485878e-04
-2.5484047805172325e-04
-2.5374260476951550e-04
-2.5208874175473254e-04
-2.5004764484897856e-04
-2.4767847245585263e-04
-2.4510975760319315e-04
-2.4236771180975001e-04
-2.3950428389838156e-04
-2.3659482519767613e-04
-2.3362764757037865e-04
-2.3058308373784673e-04
-2.2758302455035852e-04
-2.2459916090344939e-04
-2.2151073580378887e-04
-2.1850634032341979e-04
-2.1553634913171275e-04
-2.1257322682079969e-04
-2.0954089056465853e-04
-2.0661252156049285e-04
-2.0369986466852881e-04
-2.0081882743945234e-04
-1.9792286431948470e-04
-1.9501826883309685e-04
-1.9220316011182801e-04
-1.8939928972955085e-04
-1.8659655450919786e-04
-1.8383340888818104e-04
-1.8106700472556044e-04
-1.7829609186946621e-04
-1.7558828051514864e-04
-1.7290637924197172e-04
-1.7022948376924308e-04
-1.6755569386510839e-04
-1.6492051298133852e-04
-1.6230259551719561e-04
-1.5967796418532866e-04
-1.5707577566356179e-04
-1.5450164333013830e-04
-1.5192147354607557e-04
-1.4934824556536171e-04
-1.4680511175760912e-04
-1.4428383915437727e-04
-1.4175992826788509e-04
-1.3923641473168719e-04
-1.3673344786269140e-04
-1.3424501275670621e-04
-1.3175457041064961e-04
-1.2925091019468931e-04
-1.2676814067173444e-04
-1.2429986926522184e-04
-1.2183168360418859e-04
-1.1935592611942527e-04
-1.1688660769974571e-04
-1.1442488876222007e-04
-1.1196303815198519e-04
-1.0949811107180732e-04
-1.0702176046518066e-04
-1.0453894696918838e-04
-1.0203753825335944e-04
-9.9555075167803437e-05
-9.7065902227535988e-05
-9.4572608533894081e-05
-9.2065041529599347e-05
-8.9513097122261427e-05
-8.6964904517744927e-05
-8.4419848132336083e-05
-8.1864116283110610e-05
0.0000000000000000e+00
8.1735187983770230e-01
2.8066248416390432e-01
6.0114150596249756e+00
];
