%Vec Object:sol 1 MPI processes
%  type: mpi
sol = [
0.0000000000000000e+00
-1.8575759909257134e-03
-1.7158691455984052e-03
-1.5344968945595117e-03
-1.3446262744859802e-03
-1.1998884942266204e-03
-1.0810216136698820e-03
-9.8312653208388820e-04
-8.9298142260256258e-04
-8.0537179809616981e-04
-3.4800912029472913e-04
-3.9686225443270840e-04
-3.9509171082727831e-04
-3.8962842487974894e-04
-3.8409941661927873e-04
-3.7861547083933514e-04
-3.7309677630276633e-04
-3.6758395959458033e-04
-3.6210701065774489e-04
-3.5661420648871078e-04
-3.5114172114284722e-04
-3.4558360296630010e-04
-3.3962942852617075e-04
-3.3190117429018857e-04
-3.1801669112970979e-04
-2.9244177193495742e-04
-2.6031588160619761e-04
-2.3300508401764909e-04
-2.1349590678087607e-04
-2.0060889598669130e-04
-1.9264705832838441e-04
-1.8799597796718582e-04
-1.8547103416772221e-04
-1.8424911044741943e-04
-1.8372777202864689e-04
-1.8367289377815946e-04
-1.8386426739613334e-04
-1.8415320273302007e-04
-1.8452022513199866e-04
-1.8490925427711738e-04
-1.8525974488576015e-04
-1.8558970168465344e-04
-1.8588150009740808e-04
-1.8611512265369226e-04
-1.8630004097796118e-04
-1.8642831997784702e-04
-1.8649262022265830e-04
-1.8650368507526071e-04
-1.8645868882288664e-04
-1.8635849116746718e-04
-1.8619579175385001e-04
-1.8598448741056323e-04
-1.8572449635286008e-04
-1.8540530827005947e-04
-1.8503949407473261e-04
-1.8462806094651682e-04
-1.8416862468698060e-04
-1.8365816978267458e-04
-1.8310644070265177e-04
-1.8251532219305146e-04
-1.8187159229057258e-04
-1.8120309364078762e-04
-1.8049663853861016e-04
-1.7974584673686913e-04
-1.7895883526073680e-04
-1.7814412009072356e-04
-1.7729787776771066e-04
-1.7641443721398990e-04
-1.7549831215189397e-04
-1.7455756381022769e-04
-1.7358760820267467e-04
-1.7257801429464373e-04
-1.7155326233228151e-04
-1.7050801069104350e-04
-1.6942672412373333e-04
-1.6831950091654977e-04
-1.6719232112681162e-04
-1.6603935454410600e-04
-1.6485612478477801e-04
-1.6364629261645273e-04
-1.6241893730906037e-04
-1.6116681762368295e-04
-1.5988736043793202e-04
-1.5857776287051990e-04
-1.5724453537182230e-04
-1.5588702428884007e-04
-1.5449827228575144e-04
-1.5307627227798866e-04
-1.5161864027022506e-04
-1.5013674422182378e-04
-1.4862067737468439e-04
-1.4706239159765033e-04
-1.4546271047659979e-04
-1.4382260912484927e-04
-1.4213291423058002e-04
-1.4039131337106992e-04
-1.3859389708814927e-04
-1.3672899639731112e-04
-1.3480077955941986e-04
0.0000000000000000e+00
5.7714809788035093e-01
3.5639142774116261e-01
4.6574694202188859e+01
];
