%Vec Object:sol 1 MPI processes
%  type: mpi
sol = [
0.0000000000000000e+00
-3.9999682057379496e-04
-3.9694586816058444e-04
-3.9392354754084628e-04
-3.9098734320534780e-04
-3.8818043081611408e-04
-3.8538467697847708e-04
-3.8268695947314235e-04
-3.8001368702765347e-04
-3.7740964105701378e-04
-3.7491426566074932e-04
-3.7242621152679844e-04
-3.7001114902187503e-04
-3.6762605008976840e-04
-3.6528692368651338e-04
-3.6303680730964482e-04
-3.6081023197818420e-04
-3.5862702152903586e-04
-3.5648339226505919e-04
-3.5436058898049259e-04
-3.5231249811640806e-04
-3.5030625797886461e-04
-3.4831723315331746e-04
-3.4636429251852746e-04
-3.4443645856461710e-04
-3.4255790555771167e-04
-3.4073800706236544e-04
-3.3891675550240150e-04
-3.3711749177668963e-04
-3.3536610290758065e-04
-3.3363224945995507e-04
-3.3194993337732834e-04
-3.3029838677792249e-04
-3.2863174799702729e-04
-3.2701252116266907e-04
-3.2542640159897724e-04
-3.2386397074863526e-04
-3.2234425731935665e-04
-3.2081272606642255e-04
-3.1930498563700210e-04
-3.1783734828049289e-04
-3.1639863600337823e-04
-3.1498125617778882e-04
-3.1356836376742045e-04
-3.1217814478988427e-04
-3.1080660803030710e-04
-3.0946986814434600e-04
-3.0816415518919053e-04
-3.0684978208921039e-04
-3.0555400933070562e-04
-3.0428986540210334e-04
-3.0304063818799857e-04
-3.0181987177252769e-04
-3.0061480379956759e-04
-2.9940817774676206e-04
-2.9822386216887153e-04
-2.9706809928467032e-04
-2.9593738020260700e-04
-2.9481665230816581e-04
-2.9369490606394013e-04
-2.9259992687115393e-04
-2.9152220607864672e-04
-2.9046654680767978e-04
-2.8943636476521441e-04
-2.8840089586316096e-04
-2.8737715988511801e-04
-2.8637843325096001e-04
-2.8540403558815136e-04
-2.8444936800846050e-04
-2.8349256376910653e-04
-2.8254896948770413e-04
-2.8162887752724761e-04
-2.8072674566006160e-04
-2.7984382570593402e-04
-2.7897253520844912e-04
-2.7810602001209210e-04
-2.7725735838666485e-04
-2.7642816040072482e-04
-2.7562135932473520e-04
-2.7483338030335992e-04
-2.7403949750129923e-04
-2.7326428081117391e-04
-2.7251130063106379e-04
-2.7178029979218311e-04
-2.7107012456118552e-04
-2.7035374320125182e-04
-2.6965558524266227e-04
-2.6897952353095538e-04
-2.6832540008083373e-04
-2.6768984018510388e-04
-2.6705903440267645e-04
-2.6643992102488704e-04
-2.6584313777377983e-04
-2.6526861474620043e-04
-2.6471258118748741e-04
-2.6416977423053420e-04
-2.6363320037374108e-04
-2.6311955457483259e-04
-2.6262886043000334e-04
0.0000000000000000e+00
5.1764974310821832e-01
3.6295485309822773e-01
7.2925365311217348e+01
];
