%Vec Object:sol 1 MPI processes
%  type: mpi
sol = [
0.0000000000000000e+00
-3.6352648149146484e-09
-4.0995762319225940e-09
-1.8961023660896131e-04
-2.1521579947513005e-02
-1.9199958888156635e-02
-1.7239036682907535e-02
-1.5582249508704534e-02
-1.4069205378965869e-02
-1.2719540978992560e-02
-1.1392222110700569e-02
-1.0078160731164208e-02
-8.7428173553239352e-03
-7.3368947872604947e-03
-5.9827822392480587e-03
-4.6163321450893805e-03
-3.4653074325698822e-03
-2.4522559427059155e-03
-1.7439474211338485e-03
-1.2390702552842285e-03
-9.6830062327130930e-04
-8.4167115340904436e-04
-8.2489058191122775e-04
-8.6702908191836723e-04
-9.3665462459333135e-04
-1.0145874468257085e-03
-1.0879595596143569e-03
-1.1504837617921668e-03
-1.2029839086709158e-03
-1.2412710655459690e-03
-1.2711623764815399e-03
-1.2907391293206535e-03
-1.3033402435422765e-03
-1.3107589246246494e-03
-1.3128773748428927e-03
-1.3119801576091346e-03
-1.3085398813652525e-03
-1.3027709452189333e-03
-1.2957106831568493e-03
-1.2877317888211359e-03
-1.2787225428480529e-03
-1.2692160401866681e-03
-1.2592549402778445e-03
-1.2490471464298417e-03
-1.2387405035909071e-03
-1.2279714563215121e-03
-1.2172398905123851e-03
-1.2065157847389047e-03
-1.1958433680392131e-03
-1.1847371021305010e-03
-1.1737981418785926e-03
-1.1629815476214172e-03
-1.1521827937737096e-03
-1.1410859144130264e-03
-1.1299355329089577e-03
-1.1190350180198050e-03
-1.1079912167581937e-03
-1.0967736417371529e-03
-1.0856345836351715e-03
-1.0743196068894972e-03
-1.0626886063501760e-03
-1.0513083066500666e-03
-1.0398347652098257e-03
-1.0280859588889292e-03
-1.0161355096690449e-03
-1.0042166316008203e-03
-9.9212647486415502e-04
-9.7972473901910846e-04
-9.6715080657672615e-04
-9.5449546372388197e-04
-9.4154034690022365e-04
-9.2821376248269807e-04
-9.1485886431004807e-04
-9.0136802844661577e-04
-8.8745269350423424e-04
-8.7322089388042049e-04
-8.5880693782052538e-04
-8.4410166386218450e-04
-8.2895820362243779e-04
-8.1334147835257118e-04
-7.9744710576510616e-04
-7.8110547573626845e-04
-7.6412406759930672e-04
-7.4630491147997878e-04
-7.2756982835912453e-04
-7.0760742602949029e-04
-6.8578011318484863e-04
-6.6117394824066582e-04
-6.3209711206924730e-04
4.2565084996958255e-02
1.6084340775903351e-02
-1.1964972325197009e-03
-1.2226919173614127e-03
-1.2303004761616892e-03
-1.2239851945579558e-03
-1.2075505275853738e-03
-1.1843843861320091e-03
-1.1573973205681247e-03
-1.1291159481712513e-03
0.0000000000000000e+00
6.6235876973848329e-01
3.1913635268989032e-01
1.2184868135986623e+01
];
