%Vec Object:sol 1 MPI processes
%  type: mpi
sol = [
0.0000000000000000e+00
-3.6375576938301493e-04
-3.6125232237232442e-04
-3.5874382580240391e-04
-3.5630053709755592e-04
-3.5396656097208274e-04
-3.5163706350148225e-04
-3.4941766098492866e-04
-3.4724106457526026e-04
-3.4506356278462999e-04
-3.4297846799332055e-04
-3.4089549703431726e-04
-3.3890023973803568e-04
-3.3695210240145533e-04
-3.3503690705620525e-04
-3.3314654996407080e-04
-3.3127370015200439e-04
-3.2945963293298320e-04
-3.2770217740874332e-04
-3.2595893607699136e-04
-3.2427614642066799e-04
-3.2258039557927695e-04
-3.2091589932083093e-04
-3.1930734989559856e-04
-3.1771762103751153e-04
-3.1616861873012250e-04
-3.1466870601697811e-04
-3.1313198739744546e-04
-3.1164205341373014e-04
-3.1019214229455297e-04
-3.0875492693163334e-04
-3.0736127367350457e-04
-3.0599926136044852e-04
-3.0461406361711752e-04
-3.0326621586980262e-04
-3.0194567790119148e-04
-3.0064398030569921e-04
-2.9937868611187884e-04
-2.9813770865183033e-04
-2.9688143667212232e-04
-2.9565293132990966e-04
-2.9444844175217244e-04
-2.9326111628675514e-04
-2.9210509195423516e-04
-2.9097328920428078e-04
-2.8982809840599457e-04
-2.8870260853292376e-04
-2.8760346101051008e-04
-2.8651539935544226e-04
-2.8545492260365735e-04
-2.8442074892929485e-04
-2.8337588968799937e-04
-2.8234167659162471e-04
-2.8133281927165483e-04
-2.8034003619317732e-04
-2.7936533088333403e-04
-2.7841448715736614e-04
-2.7746788457269259e-04
-2.7651666552173151e-04
-2.7558868766399812e-04
-2.7468314632417409e-04
-2.7379135825491402e-04
-2.7291777793269674e-04
-2.7205389353315948e-04
-2.7119027226927823e-04
-2.7033825611168726e-04
-2.6950733822540791e-04
-2.6869694101411550e-04
-2.6790287247692527e-04
-2.6711567831496892e-04
-2.6632610967167609e-04
-2.6555646805086772e-04
-2.6480167817709402e-04
-2.6406292537563015e-04
-2.6334354604335601e-04
-2.6263923804432991e-04
-2.6192490177106729e-04
-2.6122697799559064e-04
-2.6054821129953336e-04
-2.5988832637161799e-04
-2.5924408273668382e-04
-2.5861404914147556e-04
-2.5797663687480705e-04
-2.5735816524763660e-04
-2.5675760260420176e-04
-2.5617103052808063e-04
-2.5560332741535869e-04
-2.5505437812087017e-04
-2.5449882178403489e-04
-2.5395826713349467e-04
-2.5343504355599327e-04
-2.5293100317957230e-04
-2.5244610545508946e-04
-2.5198032015196972e-04
-2.5150715447191875e-04
-2.5105084097100871e-04
-2.5061436631312227e-04
-2.5019777854852330e-04
-2.4980113923879548e-04
0.0000000000000000e+00
4.8923265733298749e-01
3.6295485309822773e-01
7.2925365311217348e+01
];
