%Vec Object:sol 1 MPI processes
%  type: mpi
sol = [
0.0000000000000000e+00
-3.7724765981069137e-04
-3.7452510336860562e-04
-3.7184432225672578e-04
-3.6923945812529513e-04
-3.6675094595219147e-04
-3.6426908240354554e-04
-3.6188954621037652e-04
-3.5951268476690337e-04
-3.5719698989286798e-04
-3.5497944582550494e-04
-3.5276568784227457e-04
-3.5064501011771999e-04
-3.4853705142385351e-04
-3.4645143870793289e-04
-3.4444639722611934e-04
-3.4246086305517431e-04
-3.4053783315988805e-04
-3.3867098384909953e-04
-3.3677290186348227e-04
-3.3494261912116186e-04
-3.3314947108138091e-04
-3.3138983727708444e-04
-3.2968937787157087e-04
-3.2798857807439139e-04
-3.2630458898519761e-04
-3.2467392457994146e-04
-3.2305379231937792e-04
-3.2148307887065665e-04
-3.1995467321876877e-04
-3.1840615060562023e-04
-3.1689369247520771e-04
-3.1541576559169989e-04
-3.1395663385109032e-04
-3.1253976085207044e-04
-3.1114921978405336e-04
-3.0973959950808029e-04
-3.0836921277704448e-04
-3.0702545019079160e-04
-3.0570199516341778e-04
-3.0441430984104776e-04
-3.0313841592907005e-04
-3.0185522809573221e-04
-3.0060572312521960e-04
-2.9938250840937000e-04
-2.9817507501853481e-04
-2.9699871339224348e-04
-2.9582734029188411e-04
-2.9465374482577807e-04
-2.9350976796716887e-04
-2.9239404043817675e-04
-2.9129076482072594e-04
-2.9021280622543340e-04
-2.8913103645068549e-04
-2.8806191452708047e-04
-2.8701238097871430e-04
-2.8598839449257623e-04
-2.8498665867442488e-04
-2.8399422560907562e-04
-2.8299657582790986e-04
-2.8202289521035679e-04
-2.8106417015794625e-04
-2.8012498722760270e-04
-2.7920860850451330e-04
-2.7830217655517003e-04
-2.7738767834878923e-04
-2.7649562623410122e-04
-2.7562539835453739e-04
-2.7477263761078091e-04
-2.7393530181461323e-04
-2.7310109682598710e-04
-2.7227571550780127e-04
-2.7146620196607266e-04
-2.7067376437434835e-04
-2.6990183058251066e-04
-2.6915000781079705e-04
-2.6838930181009467e-04
-2.6764140649546158e-04
-2.6691371982685505e-04
-2.6620593820204566e-04
-2.6551469708131499e-04
-2.6483695418147972e-04
-2.6415420274467056e-04
-2.6349134515535756e-04
-2.6284729450592331e-04
-2.6221798824623525e-04
-2.6160843980071476e-04
-2.6100881863395551e-04
-2.6041219086603219e-04
-2.5983228141829680e-04
-2.5927047281761208e-04
-2.5872866241178353e-04
-2.5820679461387820e-04
-2.5768818243308508e-04
-2.5717738403831724e-04
-2.5668644160702737e-04
-2.5621610304822970e-04
-2.5576640533036052e-04
-2.5533762038643679e-04
0.0000000000000000e+00
5.0004948649831571e-01
3.6295485309822773e-01
7.2925365311217348e+01
];
