%Vec Object:sol 1 MPI processes
%  type: mpi
sol = [
0.0000000000000000e+00
-3.8830503940542063e-04
-3.8544181757591494e-04
-3.8260306470539113e-04
-3.7984516085729425e-04
-3.7720987063449569e-04
-3.7458341932611198e-04
-3.7206683438882474e-04
-3.6955371775956820e-04
-3.6710568517196973e-04
-3.6476091879006909e-04
-3.6242166634181081e-04
-3.6018028544778410e-04
-3.5793926500397297e-04
-3.5573805766678083e-04
-3.5362154065128951e-04
-3.5152650192564981e-04
-3.4949735224990583e-04
-3.4749840209495625e-04
-3.4549857424855503e-04
-3.4356992308493233e-04
-3.4168070769925610e-04
-3.3982715487633849e-04
-3.3802206542064177e-04
-3.3620410405184125e-04
-3.3443293778089836e-04
-3.3271769718942957e-04
-3.3101418729916302e-04
-3.2936248958603375e-04
-3.2771428432680976e-04
-3.2607725422671295e-04
-3.2448942500626951e-04
-3.2293791352211687e-04
-3.2140647541499951e-04
-3.1989845529320005e-04
-3.1839917014090606e-04
-3.1692218636745670e-04
-3.1548621944657812e-04
-3.1407825364123689e-04
-3.1268976405833787e-04
-3.1130033318704981e-04
-3.0993839082563216e-04
-3.0859656147961948e-04
-3.0728988198305688e-04
-3.0601072332256927e-04
-3.0472537283968409e-04
-3.0345769666445755e-04
-3.0221963963055095e-04
-3.0099488288904942e-04
-2.9980097265140627e-04
-2.9863171169136171e-04
-2.9744450439362594e-04
-2.9628447264355983e-04
-2.9515271066809769e-04
-2.9403929189704918e-04
-2.9294631370729011e-04
-2.9185749518744212e-04
-2.9078053307906335e-04
-2.8971787544982200e-04
-2.8868098624029774e-04
-2.8766897001143249e-04
-2.8666713236033379e-04
-2.8565875788761719e-04
-2.8467470783278420e-04
-2.8371318899070319e-04
-2.8276486447094125e-04
-2.8183978371480208e-04
-2.8091640888969438e-04
-2.8000155132969857e-04
-2.7910332560345636e-04
-2.7822745615133955e-04
-2.7737342600424406e-04
-2.7653051648508033e-04
-2.7568123640484639e-04
-2.7485370727563577e-04
-2.7404750965644744e-04
-2.7325767916955578e-04
-2.7248580109156395e-04
-2.7171533103686172e-04
-2.7095691199448334e-04
-2.7021608220086801e-04
-2.6949245719574098e-04
-2.6878954400736700e-04
-2.6810171899463816e-04
-2.6741166218612847e-04
-2.6673728541792998e-04
-2.6608370687878166e-04
-2.6545074936200293e-04
-2.6483826917292656e-04
-2.6422412756548148e-04
-2.6362161420919388e-04
-2.6304007451637601e-04
-2.6247943458042496e-04
-2.6193963749729859e-04
-2.6141050125730076e-04
-2.6088312548247782e-04
-2.6037726962027007e-04
-2.5989295397364678e-04
-2.5943021352489823e-04
0.0000000000000000e+00
5.0869710594206252e-01
3.6295485309822773e-01
7.2925365311217348e+01
];
