%Vec Object:sol 1 MPI processes
%  type: mpi
sol = [
0.0000000000000000e+00
-3.7959816246809052e-10
-4.2901828732110612e-10
-4.3909459666878558e-10
-2.2560314772664680e-03
-2.0128257402399316e-03
-1.8073490337286715e-03
-1.6335682876266319e-03
-1.4749975945956063e-03
-1.3336195224923398e-03
-1.1947730085328351e-03
-1.0576062766835500e-03
-9.1847107195475815e-04
-7.7229635284423127e-04
-6.3175028351912239e-04
-4.9011744656991211e-04
-3.7093831622326190e-04
-2.6611603279801376e-04
-1.9283633515263088e-04
-1.4059235920730676e-04
-1.1251458887877154e-04
-9.9295450732681990e-05
-9.7399457982526503e-05
-1.0155446862774120e-04
-1.0852966745718527e-04
-1.1634695561948373e-04
-1.2368424722664439e-04
-1.2990042983380639e-04
-1.3507135490770702e-04
-1.3878880253477319e-04
-1.4163181228246639e-04
-1.4341916463506479e-04
-1.4449369943173108e-04
-1.4502781863294438e-04
-1.4502943685756767e-04
-1.4472035266611629e-04
-1.4414934148572668e-04
-1.4335021760793817e-04
-1.4241813117448965e-04
-1.4139229196342512e-04
-1.4027168675118264e-04
-1.3910260291582287e-04
-1.3788701118601753e-04
-1.3665766000442689e-04
-1.3542496036022966e-04
-1.3414359750968819e-04
-1.3287992232076094e-04
-1.3162634481775080e-04
-1.3038442149124871e-04
-1.2910336690454270e-04
-1.2785695742830304e-04
-1.2663211470160561e-04
-1.2542228047803612e-04
-1.2419535622194288e-04
-1.2297478980230641e-04
-1.2179944735718486e-04
-1.2062685494081195e-04
-1.1945435153299375e-04
-1.1830959777240228e-04
-1.1716642273399607e-04
-1.1601372686066573e-04
-1.1490975696578332e-04
-1.1382109794082512e-04
-1.1273063835455895e-04
-1.1164567427968538e-04
-1.1059129195356648e-04
-1.0954818787814464e-04
-1.0850268563559145e-04
-1.0747071042487355e-04
-1.0646123143788132e-04
-1.0545240890622308e-04
-1.0444073761390723e-04
-1.0345786927273796e-04
-1.0249400390657419e-04
-1.0152324859792729e-04
-1.0055571437343008e-04
-9.9605146714552785e-05
-9.8662644932549665e-05
-9.7716131988871761e-05
-9.6764271990238678e-05
-9.5828740848188072e-05
-9.4899943877021912e-05
-9.3968050954576108e-05
-9.3028637977548805e-05
-9.2091930497904500e-05
-9.1158693401344450e-05
-9.0218338321651086e-05
-8.9267832168492031e-05
-8.8302852606394688e-05
-8.7335386285038044e-05
-8.6351572460692118e-05
-8.5359560406622888e-05
-8.4350286108132158e-05
-8.3326791447749522e-05
-8.2278786847678716e-05
-8.1191493464999469e-05
-8.0082313426523596e-05
-7.8942032305865872e-05
-7.7770568495743762e-05
0.0000000000000000e+00
6.7043521268076767e-01
3.1334562362709112e-01
1.0716439857484806e+01
];
