%Vec Object:sol 1 MPI processes
%  type: mpi
sol = [
0.0000000000000000e+00
-3.5440919361554505e-03
-3.5197687747452028e-03
-3.4959476784280161e-03
-3.4727907707489021e-03
-3.4506752035408199e-03
-3.4285860382045480e-03
-3.4075447742437214e-03
-3.3863455498737587e-03
-3.3656824349167446e-03
-3.3459007280546463e-03
-3.3261254189232989e-03
-3.3071870633652328e-03
-3.2886927090173472e-03
-3.2701355217495121e-03
-3.2521740707444876e-03
-3.2343706161984073e-03
-3.2171261401155371e-03
-3.2004202061428513e-03
-3.1838415360834829e-03
-3.1676384661547545e-03
-3.1514962565504473e-03
-3.1356478344105620e-03
-3.1203335174744633e-03
-3.1051929705261079e-03
-3.0904393232429857e-03
-3.0760999313413349e-03
-3.0614430041429174e-03
-3.0472330705226566e-03
-3.0334044932498233e-03
-3.0196917830983975e-03
-3.0063953712248697e-03
-2.9933997246151213e-03
-2.9802383678607190e-03
-2.9673604481562635e-03
-2.9547418145011834e-03
-2.9423002455405810e-03
-2.9302069129544207e-03
-2.9183444392444050e-03
-2.9065051655363882e-03
-2.8947456330127540e-03
-2.8832147226409417e-03
-2.8718459023714411e-03
-2.8607770827326702e-03
-2.8499395901295170e-03
-2.8392353966649286e-03
-2.8284479310835106e-03
-2.8179066192073961e-03
-2.8074693849643555e-03
-2.7972970982563508e-03
-2.7873774163247960e-03
-2.7775621978159792e-03
-2.7677734371498084e-03
-2.7580806245420036e-03
-2.7485413386775441e-03
-2.7391752318167589e-03
-2.7300388469049118e-03
-2.7211015879415818e-03
-2.7122206246453550e-03
-2.7032894227659817e-03
-2.6945746788851590e-03
-2.6859917903095062e-03
-2.6775843210741783e-03
-2.6693834021185594e-03
-2.6613731757989534e-03
-2.6532320791371440e-03
-2.6452221231274900e-03
-2.6374108393405434e-03
-2.6297574052508784e-03
-2.6222427890717115e-03
-2.6149202018318804e-03
-2.6076767749206057e-03
-2.6003905055090675e-03
-2.5932598255255968e-03
-2.5863174219256362e-03
-2.5795599308100891e-03
-2.5729420402959623e-03
-2.5664788409639630e-03
-2.5599215739788902e-03
-2.5535454698526320e-03
-2.5473218515145459e-03
-2.5412474805102401e-03
-2.5353551334520064e-03
-2.5296429839874240e-03
-2.5239328938686527e-03
-2.5182594913512480e-03
-2.5127704377180533e-03
-2.5074644724540330e-03
-2.5023406346790984e-03
-2.4973687402244063e-03
-2.4924856312675686e-03
-2.4876085017194551e-03
-2.4829188977045884e-03
-2.4784166432317788e-03
-2.4740678743645048e-03
-2.4699025030066901e-03
-2.4659270386277114e-03
-2.4618978198063819e-03
-2.4580645365730718e-03
0.0000000000000000e+00
4.8157124154314562e-01
3.6295486983223779e-01
7.2925299968229737e+01
];
