%Vec Object:sol 1 MPI processes
%  type: mpi
sol = [
0.0000000000000000e+00
-3.4437952344434371e-04
-3.4208548598263071e-04
-3.3983790278259483e-04
-3.3765248730628725e-04
-3.3556578850159807e-04
-3.3347982685925443e-04
-3.3145174662628827e-04
-3.2944811813368418e-04
-3.2749467537742635e-04
-3.2562489686306282e-04
-3.2375423290231933e-04
-3.2196306460341803e-04
-3.2020508579942513e-04
-3.1843522623795128e-04
-3.1673422428764422e-04
-3.1504726176202530e-04
-3.1341319442220215e-04
-3.1183011180248500e-04
-3.1025822925670509e-04
-3.0871821241693098e-04
-3.0718586747998408e-04
-3.0568097147787277e-04
-3.0422685721269010e-04
-3.0278864695715377e-04
-3.0138702515195866e-04
-3.0003015378092795e-04
-2.9864205828087097e-04
-2.9728979162655701e-04
-2.9597373001009225e-04
-2.9466815426584862e-04
-2.9340223806602480e-04
-2.9216481069726678e-04
-2.9093554274696584e-04
-2.8970738999178664e-04
-2.8850378870350844e-04
-2.8731677918927817e-04
-2.8616300397996271e-04
-2.8503109402521252e-04
-2.8391537411923449e-04
-2.8281364097350477e-04
-2.8171137412666338e-04
-2.8062438059781508e-04
-2.7956607594121119e-04
-2.7852980500953041e-04
-2.7750604444297009e-04
-2.7650881199923095e-04
-2.7551010893326418e-04
-2.7451004335994069e-04
-2.7353538669422904e-04
-2.7258496100958189e-04
-2.7164437911802905e-04
-2.7072546751126108e-04
-2.6982969456376948e-04
-2.6891497528391584e-04
-2.6801577767029234e-04
-2.6713869078309602e-04
-2.6628074953360140e-04
-2.6543346797582387e-04
-2.6460714980117335e-04
-2.6379402033153168e-04
-2.6296852000521530e-04
-2.6215992415115440e-04
-2.6137127403192149e-04
-2.6060103648077923e-04
-2.5984091232498819e-04
-2.5909995984916629e-04
-2.5836277974595193e-04
-2.5762554103036286e-04
-2.5690172255939223e-04
-2.5619651518142133e-04
-2.5550951342035415e-04
-2.5483591772070110e-04
-2.5417685694543567e-04
-2.5351328113531243e-04
-2.5286144757812707e-04
-2.5222316738310281e-04
-2.5159991204968570e-04
-2.5099432595852893e-04
-2.5040617676376752e-04
-2.4982977846763093e-04
-2.4924309263418159e-04
-2.4867416697525789e-04
-2.4812283121737356e-04
-2.4758812430524625e-04
-2.4706633086052035e-04
-2.4656212380403991e-04
-2.4606398214767312e-04
-2.4556892106687201e-04
-2.4508875133638679e-04
-2.4462478718649495e-04
-2.4417882236230646e-04
-2.4375084232380672e-04
-2.4334075607549506e-04
-2.4292500670584482e-04
-2.4252266174238288e-04
-2.4213905880270258e-04
-2.4177426946446338e-04
-2.4142837682470566e-04
0.0000000000000000e+00
4.7320240831619448e-01
3.6295485309822773e-01
7.2925365311217348e+01
];
