%Vec Object:sol 1 MPI processes
%  type: mpi
sol = [
0.0000000000000000e+00
-4.1720698027280335e-04
-4.1376658748087469e-04
-4.1039950859428592e-04
-4.0711670245132010e-04
-4.0391392136896495e-04
-4.0072662541428174e-04
-3.9767926044422962e-04
-3.9469266872908885e-04
-3.9174719113304067e-04
-3.8888946475917088e-04
-3.8604258211312795e-04
-3.8330671758404945e-04
-3.8063364528286323e-04
-3.7795910291973142e-04
-3.7537377959618711e-04
-3.7281584395933062e-04
-3.7033320218060980e-04
-3.6791269615384824e-04
-3.6547205148894054e-04
-3.6311193622492961e-04
-3.6079796663870278e-04
-3.5852599018018638e-04
-3.5630182914573422e-04
-3.5407798564631387e-04
-3.5190781140278707e-04
-3.4980095832999055e-04
-3.4770999174057565e-04
-3.4564672681958972e-04
-3.4361934506138054e-04
-3.4161249591906995e-04
-3.3966135796283624e-04
-3.3775208345278892e-04
-3.3583073409722486e-04
-3.3395340925240026e-04
-3.3211264586726665e-04
-3.3029872225122533e-04
-3.2853157069395126e-04
-3.2675712105706666e-04
-3.2500850483410459e-04
-3.2330363109570883e-04
-3.2163098744354831e-04
-3.1998009590002093e-04
-3.1833366408666783e-04
-3.1672042929588410e-04
-3.1512895726623576e-04
-3.1357577626199535e-04
-3.1205218446941809e-04
-3.1051445894107938e-04
-3.0901335972762856e-04
-3.0754736308035905e-04
-3.0609941703760307e-04
-3.0467777191367127e-04
-3.0326056491518323e-04
-3.0186687628903214e-04
-3.0049890866967895e-04
-2.9916304565024055e-04
-2.9785047305981469e-04
-2.9652936678731425e-04
-2.9523959548273721e-04
-2.9398023161938041e-04
-2.9274165512986567e-04
-2.9152470884266532e-04
-2.9031026408590381e-04
-2.8912387384569623e-04
-2.8795588068968812e-04
-2.8681672795473741e-04
-2.8570353591070074e-04
-2.8458687695390156e-04
-2.8349230268419855e-04
-2.8242575820126977e-04
-2.8138673727708357e-04
-2.8036946470837653e-04
-2.7934800494869473e-04
-2.7835377578764691e-04
-2.7738666837858107e-04
-2.7644160244254761e-04
-2.7552025653467861e-04
-2.7460130066650788e-04
-2.7370663802866058e-04
-2.7283538889973991e-04
-2.7198718939500988e-04
-2.7116566602758933e-04
-2.7035016232706540e-04
-2.6955508837618668e-04
-2.6878159651624818e-04
-2.6803496212559464e-04
-2.6731502787758339e-04
-2.6660485790835176e-04
-2.6591023042716564e-04
-2.6524073834183589e-04
-2.6459837211352787e-04
-2.6398307483377619e-04
-2.6338138200140222e-04
-2.6279264971456484e-04
-2.6223086742400986e-04
-2.6169681115271326e-04
-2.6119051153448649e-04
-2.6070157845326284e-04
0.0000000000000000e+00
5.3057696307463564e-01
3.6295485309822773e-01
7.2925365311217348e+01
];
