%Vec Object:sol 1 MPI processes
%  type: mpi
sol = [
0.0000000000000000e+00
-3.3623579576107308e-04
-3.3405809107755775e-04
-3.3192381521906166e-04
-3.2984827982735458e-04
-3.2782998552264382e-04
-3.2579234266449307e-04
-3.2385158307323645e-04
-3.2194744545456679e-04
-3.2009070698755659e-04
-3.1831399561310224e-04
-3.1653514152143796e-04
-3.1479146401896580e-04
-3.1307717950220340e-04
-3.1139316411064140e-04
-3.0977501655138936e-04
-3.0816944344069140e-04
-3.0661429284060883e-04
-3.0510775995467568e-04
-3.0357001552555873e-04
-3.0208133491628394e-04
-3.0062154928714961e-04
-2.9918759337481122e-04
-2.9780223400113309e-04
-2.9643153591011646e-04
-2.9509567274879113e-04
-2.9376333458676156e-04
-2.9243257881641474e-04
-2.9114252785918972e-04
-2.8988705752555811e-04
-2.8864111987814454e-04
-2.8743317658355564e-04
-2.8625236066708493e-04
-2.8504830494519620e-04
-2.8387504740064970e-04
-2.8272514279697981e-04
-2.8159084716415731e-04
-2.8048841646898247e-04
-2.7940678370869690e-04
-2.7834042324586232e-04
-2.7726986557660553e-04
-2.7621529142940666e-04
-2.7517514818483035e-04
-2.7416254700019324e-04
-2.7317101087133400e-04
-2.7219125610684057e-04
-2.7123698709784704e-04
-2.7027506091776784e-04
-2.6931680572439049e-04
-2.6838298067255917e-04
-2.6747245277711261e-04
-2.6657118256408023e-04
-2.6569073179955283e-04
-2.6483216202923183e-04
-2.6395972956761875e-04
-2.6309703586426089e-04
-2.6225564499678973e-04
-2.6143267531150509e-04
-2.6061984557768732e-04
-2.5982723775792984e-04
-2.5905416091576145e-04
-2.5826780140669319e-04
-2.5749111394701496e-04
-2.5673370221565003e-04
-2.5599407853826200e-04
-2.5526413655987214e-04
-2.5455274206817856e-04
-2.5385940481199436e-04
-2.5315722492737198e-04
-2.5246135762454049e-04
-2.5178353401696926e-04
-2.5112336871866130e-04
-2.5047617702444720e-04
-2.4984309680867108e-04
-2.4922727277089309e-04
-2.4860634014093095e-04
-2.4799247106368014e-04
-2.4739320195402560e-04
-2.4681112768482402e-04
-2.4624602815146617e-04
-2.4569491480493197e-04
-2.4515750466786622e-04
-2.4461494948489586e-04
-2.4408473272910075e-04
-2.4357074270632510e-04
-2.4306934809617745e-04
-2.4258513163637638e-04
-2.4211800021393782e-04
-2.4166792508203641e-04
-2.4120893180761772e-04
-2.4076315516236452e-04
-2.4033499998765928e-04
-2.3992445710116714e-04
-2.3953153178609381e-04
-2.3915300593139847e-04
-2.3879126392406476e-04
-2.3842349832979516e-04
-2.3807418599539428e-04
-2.3774341303665390e-04
0.0000000000000000e+00
4.6618788964302210e-01
3.6295485309822773e-01
7.2925365311217348e+01
];
