%Vec Object:sol 1 MPI processes
%  type: mpi
sol = [
0.0000000000000000e+00
-1.2728907265691996e-02
-4.1452865647531268e-03
-4.1052947361791296e-03
-4.0664262990136452e-03
-4.0291291241231217e-03
-3.9920216089601957e-03
-3.9559741114193218e-03
-3.9206755237589453e-03
-3.8862531996356978e-03
-3.8531144523849411e-03
-3.8197477443849487e-03
-3.7874791183619160e-03
-3.7559367470057807e-03
-3.7249783418330843e-03
-3.6948882243481151e-03
-3.6647959865918445e-03
-3.6355291058653011e-03
-3.6070526161278756e-03
-3.5788674111457016e-03
-3.5511666723691761e-03
-3.5238754691133780e-03
-3.4970551917480604e-03
-3.4709833494269418e-03
-3.4451581941524626e-03
-3.4195399289522217e-03
-3.3945918691586099e-03
-3.3698434884850349e-03
-3.3457156791079213e-03
-3.3219357567270185e-03
-3.2981818444777181e-03
-3.2750130403052138e-03
-3.2522922416172106e-03
-3.2298486960310371e-03
-3.2076654396694659e-03
-3.1857666125075152e-03
-3.1641654600163458e-03
-3.1430545440822638e-03
-3.1222986985983488e-03
-3.1015253603903100e-03
-3.0811695843761910e-03
-3.0611627151295685e-03
-3.0414296338029936e-03
-3.0221236979352337e-03
-3.0028541439315552e-03
-2.9838232242327162e-03
-2.9652008796269675e-03
-2.9469505078799068e-03
-2.9289085241636305e-03
-2.9109557571154851e-03
-2.8933778698917454e-03
-2.8760182801718963e-03
-2.8590100803581923e-03
-2.8423651698380706e-03
-2.8257257073344014e-03
-2.8093596355788851e-03
-2.7933508747160908e-03
-2.7776670925069623e-03
-2.7622155930644566e-03
-2.7469022614912985e-03
-2.7318788279400933e-03
-2.7171128562713531e-03
-2.7026522722803968e-03
-2.6885314685956107e-03
-2.6745898200500407e-03
-2.6607852062235093e-03
-2.6473221677173185e-03
-2.6341964850893698e-03
-2.6213670294379945e-03
-2.6087428168449721e-03
-2.5962964187479947e-03
-2.5841887456886361e-03
-2.5723702914704398e-03
-2.5608554216717911e-03
-2.5496801297418227e-03
-2.5386267562677359e-03
-2.5278665431368113e-03
-2.5174221503867253e-03
-2.5073233970529479e-03
-2.4975697517869225e-03
-2.4880066606225949e-03
-2.4786745097152359e-03
-2.4696962465729552e-03
-2.4610721196715677e-03
-2.4527941238169843e-03
-2.4447931487869478e-03
-2.4369856144825972e-03
-2.4295433023377175e-03
-2.4224674995380292e-03
-2.4157299768847056e-03
-2.4093468504666244e-03
-2.4032028221196229e-03
-2.3973820511110269e-03
-2.3919450280314100e-03
-2.3868605117488007e-03
-2.3821620595734921e-03
-2.3778159860801148e-03
-2.3737288082787112e-03
-2.3700498081212847e-03
0.0000000000000000e+00
5.4760919632961291e-01
3.6283003277401515e-01
7.2224266592522881e+01
];
