%Vec Object:sol 1 MPI processes
%  type: mpi
sol = [
0.0000000000000000e+00
-4.2482332031804210e-03
-4.2108519407125433e-03
-4.1742412374424316e-03
-4.1385996600154362e-03
-4.1043887554481811e-03
-4.0698599743007576e-03
-4.0365907839258258e-03
-4.0039614948167582e-03
-3.9721095887156740e-03
-3.9413022097677690e-03
-3.9101562589428738e-03
-3.8801614659765755e-03
-3.8508272147441862e-03
-3.8220162739147369e-03
-3.7937778070434784e-03
-3.7656780304410925e-03
-3.7383651034001114e-03
-3.7118089929183908e-03
-3.6854369737767722e-03
-3.6594386795016864e-03
-3.6339321398981242e-03
-3.6088754837987035e-03
-3.5845550564967484e-03
-3.5602939325224442e-03
-3.5363480446207259e-03
-3.5130685963186128e-03
-3.4899769086826934e-03
-3.4675056845012422e-03
-3.4452111176299831e-03
-3.4230581379839915e-03
-3.4014957244967469e-03
-3.3803846719764946e-03
-3.3595300057310011e-03
-3.3388084646716995e-03
-3.3184855378945726e-03
-3.2984636807396189e-03
-3.2789419951591240e-03
-3.2596817895124389e-03
-3.2404196249395693e-03
-3.2216285610283221e-03
-3.2031933054220553e-03
-3.1850359089616678e-03
-3.1671650320569968e-03
-3.1494321333582326e-03
-3.1319507910751308e-03
-3.1148860040360171e-03
-3.0981991164496492e-03
-3.0815420146288767e-03
-3.0651078138035199e-03
-3.0490580906058998e-03
-3.0332228871148489e-03
-3.0177400621570374e-03
-3.0024354429307380e-03
-2.9872524524540162e-03
-2.9723600059254158e-03
-2.9578213452104434e-03
-2.9436010579842521e-03
-2.9294209941008328e-03
-2.9154521398547131e-03
-2.9018195740700644e-03
-2.8884277421337562e-03
-2.8753252027368670e-03
-2.8623849054581637e-03
-2.8496215603530037e-03
-2.8370747670116354e-03
-2.8248477043127289e-03
-2.8129337938622313e-03
-2.8011522510964322e-03
-2.7894765595251583e-03
-2.7781119570751463e-03
-2.7670532996619283e-03
-2.7562456786868052e-03
-2.7455992300353493e-03
-2.7350926616629061e-03
-2.7248875876566122e-03
-2.7149338306888034e-03
-2.7052478081213095e-03
-2.6957925300069895e-03
-2.6864466047827867e-03
-2.6773654163154670e-03
-2.6685454384909337e-03
-2.6600224523786629e-03
-2.6517660926133300e-03
-2.6435803056789799e-03
-2.6356414730183994e-03
-2.6280016104229952e-03
-2.6206593006265532e-03
-2.6136136615325617e-03
-2.6066066906696018e-03
-2.5998721114948663e-03
-2.5934395762941460e-03
-2.5873086270199433e-03
-2.5814789804927581e-03
-2.5757338434611791e-03
-2.5702421320308376e-03
-2.5650588801334260e-03
-2.5601845676543719e-03
-2.5556198161512914e-03
0.0000000000000000e+00
5.3618881258533757e-01
3.6295486983223779e-01
7.2925299968229737e+01
];
