%Vec Object:sol 1 MPI processes
%  type: mpi
sol = [
0.0000000000000000e+00
-1.9434823006214651e-02
-1.8096025270052690e-02
-1.6262374414156219e-02
-1.4243618314934972e-02
-1.2690883721806457e-02
-1.1399038545911596e-02
-1.0351466700623663e-02
-9.4011944214644257e-03
-8.5551819684184967e-03
-7.7119320390059923e-03
-6.8514454743257803e-03
-5.7771890679558756e-03
-3.5863885786757551e-03
-3.1540404478623317e-03
-3.4881535151615926e-03
-3.5042704207597104e-03
-3.3928160479506694e-03
-3.1531440807330445e-03
-2.7608141406833767e-03
-2.3285810335007436e-03
-1.9625862397219911e-03
-1.7264853494552493e-03
-1.6199827329535052e-03
-1.5938674910297155e-03
-1.6075970994677397e-03
-1.6372399662753624e-03
-1.6703694124281525e-03
-1.7037544997942640e-03
-1.7324537814025218e-03
-1.7581211297302767e-03
-1.7790965455176165e-03
-1.7964268426566303e-03
-1.8109098803174015e-03
-1.8219943479156197e-03
-1.8310028581352098e-03
-1.8379921227753449e-03
-1.8429032027015644e-03
-1.8465053194662560e-03
-1.8488730068581534e-03
-1.8498353611290934e-03
-1.8498734702784847e-03
-1.8490207864557896e-03
-1.8472505455244695e-03
-1.8447695834914416e-03
-1.8415689855127021e-03
-1.8376709486857047e-03
-1.8332296881886452e-03
-1.8282600015900731e-03
-1.8227915832955638e-03
-1.8168119300785801e-03
-1.8104758503007282e-03
-1.8038046342859129e-03
-1.7967074797939078e-03
-1.7893318801752258e-03
-1.7817185475852628e-03
-1.7738438725980702e-03
-1.7656916008928062e-03
-1.7573774009516253e-03
-1.7489182936583541e-03
-1.7401913418023157e-03
-1.7314934921850073e-03
-1.7226898176130937e-03
-1.7137157105887770e-03
-1.7046548219043949e-03
-1.6955998123402238e-03
-1.6865038473921484e-03
-1.6773053758184836e-03
-1.6680505768891700e-03
-1.6588141182970202e-03
-1.6495360139121441e-03
-1.6401062055749621e-03
-1.6307632121755683e-03
-1.6214404101003422e-03
-1.6119659790836275e-03
-1.6024280977204371e-03
-1.5928753990670035e-03
-1.5832332820560806e-03
-1.5734378900966665e-03
-1.5635069308144892e-03
-1.5535182862287053e-03
-1.5433803492367344e-03
-1.5330461288829476e-03
-1.5224680716371525e-03
-1.5116935852745373e-03
-1.5006971947521669e-03
-1.4893887310555769e-03
-1.4777282351603820e-03
-1.4656712280526733e-03
-1.4533121859216683e-03
-1.4405314063159491e-03
-1.4272349461221029e-03
-1.4134090515126546e-03
-1.3990456862332649e-03
-1.3840350493797479e-03
-1.3683327519917936e-03
-1.3518893910317779e-03
-1.3345732570504553e-03
-1.3164086357401710e-03
0.0000000000000000e+00
5.8201608661751392e-01
3.5372770356747707e-01
4.0020080616766599e+01
];
