%Vec Object:sol 1 MPI processes
%  type: mpi
sol = [
0.0000000000000000e+00
-3.5337942174919537e-04
-3.5097647896143992e-04
-3.4860133095321072e-04
-3.4629232858230519e-04
-3.4408706132533736e-04
-3.4188439662165065e-04
-3.3978638367542944e-04
-3.3770503741176243e-04
-3.3564389590296363e-04
-3.3367058558344599e-04
-3.3169790718906800e-04
-3.2980863515512897e-04
-3.2796361232612363e-04
-3.2614485315574760e-04
-3.2435255632992226e-04
-3.2257601988537593e-04
-3.2085521026478501e-04
-3.1918809336651383e-04
-3.1753367786634687e-04
-3.1593903481493013e-04
-3.1433737390310681e-04
-3.1275531928587563e-04
-3.1122653310683028e-04
-3.0971509960332766e-04
-3.0824226366943163e-04
-3.0681643720959618e-04
-3.0537871252365025e-04
-3.0395970414989331e-04
-3.0257875359554032e-04
-3.0120939511234419e-04
-2.9988157784964026e-04
-2.9858378521439166e-04
-2.9730019266471764e-04
-2.9601388647725876e-04
-2.9475347915702192e-04
-2.9351077318336529e-04
-2.9230283312073276e-04
-2.9111795670523356e-04
-2.8995029674675144e-04
-2.8879069080684508e-04
-2.8763857620896899e-04
-2.8650267194906806e-04
-2.8539672383747709e-04
-2.8431387820092844e-04
-2.8324434461936520e-04
-2.8219601049924077e-04
-2.8114250810147215e-04
-2.8009942608603751e-04
-2.7908281019695065e-04
-2.7809143242436883e-04
-2.7711052250861950e-04
-2.7615218867636760e-04
-2.7519224317210035e-04
-2.7423860536447496e-04
-2.7330229404474489e-04
-2.7238894727800228e-04
-2.7149551357833835e-04
-2.7061328642354586e-04
-2.6974315921686156e-04
-2.6887169568947018e-04
-2.6801344027863890e-04
-2.6717273520298609e-04
-2.6635268206440395e-04
-2.6555169530834177e-04
-2.6476124637736021e-04
-2.6396431645773127e-04
-2.6318297374850326e-04
-2.6241742440065023e-04
-2.6166577183041692e-04
-2.6093332286605467e-04
-2.6021965446615690e-04
-2.5950716177768106e-04
-2.5879365211060586e-04
-2.5809897160974341e-04
-2.5742278061615520e-04
-2.5676055380363704e-04
-2.5611378659106212e-04
-2.5548445432130518e-04
-2.5484619444154997e-04
-2.5422318517714704e-04
-2.5361510687818274e-04
-2.5302522993755536e-04
-2.5245337240087265e-04
-2.5189854554467261e-04
-2.5134000072776373e-04
-2.5079021566155641e-04
-2.5025874288939323e-04
-2.4974548588506515e-04
-2.4924743341987174e-04
-2.4876592348230269e-04
-2.4829560023165555e-04
-2.4782554420500969e-04
-2.4737423013636935e-04
-2.4693828076966542e-04
-2.4652068132827843e-04
-2.4612217411147772e-04
-2.4574305601493426e-04
-2.4535905346121333e-04
0.0000000000000000e+00
4.8070313203291859e-01
3.6295485309822773e-01
7.2925365311217348e+01
];
