%Vec Object:sol 1 MPI processes
%  type: mpi
sol = [
0.0000000000000000e+00
-3.7982985736375729e-04
-3.7707173929951086e-04
-3.7437273791781961e-04
-3.7175036748103167e-04
-3.6924537414221133e-04
-3.6671367395027293e-04
-3.6427300769215429e-04
-3.6188171079849898e-04
-3.5955202245761781e-04
-3.5732121756501946e-04
-3.5509033039056025e-04
-3.5290056467924218e-04
-3.5076318695108019e-04
-3.4866621932611242e-04
-3.4665034628247703e-04
-3.4465400682341896e-04
-3.4269193171730954e-04
-3.4076721459358261e-04
-3.3885973973803949e-04
-3.3702046324557503e-04
-3.3521848258358694e-04
-3.3345015736095061e-04
-3.3169339090219037e-04
-3.2995731639783791e-04
-3.2826587508739323e-04
-3.2662802833395956e-04
-3.2500065505248376e-04
-3.2340531723050475e-04
-3.2182490523751094e-04
-3.2025940676889448e-04
-3.1874110105281107e-04
-3.1725743771576380e-04
-3.1579256747887527e-04
-3.1433745796309744e-04
-3.1290197650192872e-04
-3.1148754247785522e-04
-3.1011248251584469e-04
-3.0876409907283956e-04
-3.0743120984275558e-04
-3.0609906317202224e-04
-3.0479316103236012e-04
-3.0350630699077643e-04
-3.0225323531291997e-04
-3.0102650457550397e-04
-2.9979809286503873e-04
-2.9858087325296154e-04
-2.9739210635644731e-04
-2.9621583250266322e-04
-2.9506924602405011e-04
-2.9395097168665130e-04
-2.9281695706173888e-04
-2.9170133057737722e-04
-2.9061293730927288e-04
-2.8954206775679567e-04
-2.8849078809540932e-04
-2.8746158236594559e-04
-2.8642449533349738e-04
-2.8540102723871629e-04
-2.8440242443740629e-04
-2.8342782196035091e-04
-2.8246815117448766e-04
-2.8151466318541594e-04
-2.8056558137453281e-04
-2.7963825315729929e-04
-2.7872353085598366e-04
-2.7783127819128400e-04
-2.7696087260972773e-04
-2.7608575475621296e-04
-2.7521809712381467e-04
-2.7437208148988553e-04
-2.7354720897691646e-04
-2.7273818393415964e-04
-2.7194522177375030e-04
-2.7114471442363236e-04
-2.7036489060064270e-04
-2.6960088393589892e-04
-2.6885425581065229e-04
-2.6812784255502353e-04
-2.6741152993988023e-04
-2.6669386170003612e-04
-2.6599287159876885e-04
-2.6531200911052453e-04
-2.6465104432123963e-04
-2.6400888738180637e-04
-2.6336328666793117e-04
-2.6272914187873219e-04
-2.6211507422555343e-04
-2.6152094721215951e-04
-2.6094352606816150e-04
-2.6038375325443153e-04
-2.5981871761888834e-04
-2.5927406989546435e-04
-2.5874975886843268e-04
-2.5824216492998444e-04
-2.5775442969719456e-04
-2.5727779946256785e-04
-2.5680656052638967e-04
-2.5635641348889922e-04
0.0000000000000000e+00
5.0214364712960158e-01
3.6295485309822773e-01
7.2925365311217348e+01
];
