%Vec Object:sol 1 MPI processes
%  type: mpi
sol = [
0.0000000000000000e+00
-3.4163719071795190e-04
-3.3937634861640637e-04
-3.3714503075720880e-04
-3.3497533677926685e-04
-3.3290347271939223e-04
-3.3083241952767652e-04
-3.2886023784353549e-04
-3.2692008938674320e-04
-3.2497932639687327e-04
-3.2312154007283677e-04
-3.2126298055891071e-04
-3.1948326985568371e-04
-3.1774484299075946e-04
-3.1603727115798877e-04
-3.1437660343535930e-04
-3.1269929776102742e-04
-3.1107452344046816e-04
-3.0950038963402962e-04
-3.0793747361505607e-04
-3.0643114216776928e-04
-3.0495416069352952e-04
-3.0347311620505725e-04
-3.0202617553161404e-04
-3.0059513152925338e-04
-2.9920048381953457e-04
-2.9785038492414296e-04
-2.9650654576390194e-04
-2.9520400494226819e-04
-2.9389921813830969e-04
-2.9259923493808228e-04
-2.9133870137301813e-04
-2.9010653936138297e-04
-2.8888867006340922e-04
-2.8770632642198665e-04
-2.8654522683547594e-04
-2.8536242551302238e-04
-2.8421271146164269e-04
-2.8308480880330245e-04
-2.8197308624696121e-04
-2.8089159137029243e-04
-2.7983094138733799e-04
-2.7877607775486077e-04
-2.7772071213181989e-04
-2.7668732731572445e-04
-2.7566647324969723e-04
-2.7467205683696564e-04
-2.7370097458122495e-04
-2.7273893937724544e-04
-2.7178758180002369e-04
-2.7083904309524719e-04
-2.6990038969079510e-04
-2.6898334896358647e-04
-2.6808898263215228e-04
-2.6720860375974430e-04
-2.6634413507744804e-04
-2.6548258579223204e-04
-2.6462559004698777e-04
-2.6377929279069534e-04
-2.6295391604952927e-04
-2.6214874427419883e-04
-2.6135563200854224e-04
-2.6057881089287853e-04
-2.5979862300575316e-04
-2.5902845127403991e-04
-2.5826844397431199e-04
-2.5752758849074422e-04
-2.5680537612239428e-04
-2.5609788326330613e-04
-2.5540325174562697e-04
-2.5469990796002373e-04
-2.5401220923564435e-04
-2.5333795127101906e-04
-2.5267827884359491e-04
-2.5203637150488021e-04
-2.5141192061023756e-04
-2.5079728260146613e-04
-2.5017276377271044e-04
-2.4956591151113809e-04
-2.4897649093346997e-04
-2.4840146083073494e-04
-2.4784052818886367e-04
-2.4729688566001775e-04
-2.4676113518764842e-04
-2.4622443878822897e-04
-2.4570068414856311e-04
-2.4519450812983049e-04
-2.4470580625951191e-04
-2.4423450298395382e-04
-2.4377769041632164e-04
-2.4332103965413486e-04
-2.4287241052682609e-04
-2.4244176835353841e-04
-2.4202911485603473e-04
-2.4163118601442014e-04
-2.4125090076097575e-04
-2.4088897673267993e-04
-2.4052274535572908e-04
-2.4017355549278908e-04
0.0000000000000000e+00
4.7081472800442609e-01
3.6295485309822773e-01
7.2925365311217348e+01
];
