%Vec Object:sol 1 MPI processes
%  type: mpi
sol = [
0.0000000000000000e+00
-3.5867214896499565e-04
-3.5620918082513733e-04
-3.5379718039996324e-04
-3.5145260051863296e-04
-3.4919453764426802e-04
-3.4689953289405420e-04
-3.4471263192860423e-04
-3.4256852475486572e-04
-3.4047874880369832e-04
-3.3847831798192743e-04
-3.3646559013299817e-04
-3.3449639004921530e-04
-3.3257350980526968e-04
-3.3068583592097474e-04
-3.2887157130898737e-04
-3.2707322078417349e-04
-3.2532664870685692e-04
-3.2358916598895895e-04
-3.2186571033745282e-04
-3.2020412278364652e-04
-3.1857554085867705e-04
-3.1697660875035460e-04
-3.1543166981777717e-04
-3.1386151420710731e-04
-3.1232740811754789e-04
-3.1084200976257321e-04
-3.0936488372633963e-04
-3.0793290061591655e-04
-3.0653941048739471e-04
-3.0512702770950947e-04
-3.0374439226040417e-04
-3.0239306239298751e-04
-3.0105816853960511e-04
-2.9976201176553312e-04
-2.9849195765208368e-04
-2.9722087009146595e-04
-2.9596355798053813e-04
-2.9473036618423175e-04
-2.9351533664624034e-04
-2.9233319594703809e-04
-2.9117403504006937e-04
-2.9002322893313556e-04
-2.8887272161475181e-04
-2.8774628207668007e-04
-2.8663395494820011e-04
-2.8555031324910236e-04
-2.8449206188629520e-04
-2.8344419915218128e-04
-2.8238928449365077e-04
-2.8135836512034688e-04
-2.8033859835225233e-04
-2.7934225620063549e-04
-2.7837041666265729e-04
-2.7741393956549573e-04
-2.7645229207775982e-04
-2.7550301284581097e-04
-2.7457438496593801e-04
-2.7365756162538830e-04
-2.7276322811092921e-04
-2.7189060750242678e-04
-2.7101858905269897e-04
-2.7014511817699007e-04
-2.6929298508506443e-04
-2.6846057101417875e-04
-2.6763923478091559e-04
-2.6683836078348900e-04
-2.6605367474107923e-04
-2.6525840839446304e-04
-2.6447757528985140e-04
-2.6371654325095084e-04
-2.6297487076142349e-04
-2.6224755895380166e-04
-2.6153577435662588e-04
-2.6081802872380074e-04
-2.6011526924156714e-04
-2.5942694788274858e-04
-2.5875457137651553e-04
-2.5810086095363243e-04
-2.5746555502981905e-04
-2.5682852015420255e-04
-2.5619615982161448e-04
-2.5558248201188225e-04
-2.5498729168686523e-04
-2.5440957493906254e-04
-2.5384546614256578e-04
-2.5328948420815417e-04
-2.5273599988385640e-04
-2.5220116130091899e-04
-2.5168190857241204e-04
-2.5117958794226836e-04
-2.5069604084190339e-04
-2.5022630858468307e-04
-2.4975504046731277e-04
-2.4929947955274780e-04
-2.4886263849236296e-04
-2.4844525635384454e-04
-2.4804738977462695e-04
-2.4766826871496661e-04
0.0000000000000000e+00
4.8510516071978699e-01
3.6295485309822773e-01
7.2925365311217348e+01
];
