%Vec Object:sol 1 MPI processes
%  type: mpi
sol = [
0.0000000000000000e+00
-3.7982993612863131e-03
-3.7707181935569710e-03
-3.7437281759780763e-03
-3.7175044420245020e-03
-3.6924544584266048e-03
-3.6671374227555298e-03
-3.6427307018717468e-03
-3.6188176835186005e-03
-3.5955207626479288e-03
-3.5732126880026957e-03
-3.5509038245467505e-03
-3.5290061580203667e-03
-3.5076323760310836e-03
-3.4866626981944820e-03
-3.4665039688329220e-03
-3.4465405785092766e-03
-3.4269198587197655e-03
-3.4076727007399674e-03
-3.3885979675185732e-03
-3.3702052080080078e-03
-3.3521853676614240e-03
-3.3345019981381660e-03
-3.3169344615246433e-03
-3.2995737383123731e-03
-3.2826593080921792e-03
-3.2662808146018628e-03
-3.2500070592573877e-03
-3.2340536847865180e-03
-3.2182495534177733e-03
-3.2025945606179596e-03
-3.1874114971069322e-03
-3.1725748580717470e-03
-3.1579261500978618e-03
-3.1433750680158958e-03
-3.1290202470756752e-03
-3.1148759002797913e-03
-3.1011252939191132e-03
-3.0876414525367025e-03
-3.0743125709309237e-03
-3.0609910964763008e-03
-3.0479320671386516e-03
-3.0350635185852071e-03
-3.0225327934778183e-03
-3.0102654775633520e-03
-2.9979813686260475e-03
-2.9858091633861664e-03
-2.9739214853220764e-03
-2.9621587377622791e-03
-2.9506928641127306e-03
-2.9395101119895572e-03
-2.9281699731321846e-03
-2.9170136996640541e-03
-2.9061297586557996e-03
-2.8954210550564182e-03
-2.8849082505708894e-03
-2.8746162008528981e-03
-2.8642453227833778e-03
-2.8540106343081960e-03
-2.8440245990069388e-03
-2.8342785671971616e-03
-2.8246818525550282e-03
-2.8151469806256568e-03
-2.8056561561004148e-03
-2.7963828679118947e-03
-2.7872356393642719e-03
-2.7783131077259997e-03
-2.7696090474047682e-03
-2.7608578786967441e-03
-2.7521812985498518e-03
-2.7437211387201709e-03
-2.7354724102867595e-03
-2.7273821565722647e-03
-2.7194525448532522e-03
-2.7114474675302017e-03
-2.7036492252026797e-03
-2.6960091541242391e-03
-2.6885428680715365e-03
-2.6812787303300977e-03
-2.6741156112924584e-03
-2.6669389228153517e-03
-2.6599290154881374e-03
-2.6531203841759967e-03
-2.6465107298370497e-03
-2.6400891540139760e-03
-2.6336331527898765e-03
-2.6272916986102139e-03
-2.6211510160080620e-03
-2.6152097400249600e-03
-2.6094355229267425e-03
-2.6038378010822464e-03
-2.5981874392768025e-03
-2.5927409568034967e-03
-2.5874978415270423e-03
-2.5824218973900630e-03
-2.5775445405866069e-03
-2.5727782453738007e-03
-2.5680658520200361e-03
-2.5635643780013602e-03
0.0000000000000000e+00
5.0214357560512146e-01
3.6295486983223779e-01
7.2925299968229737e+01
];
