%Vec Object:sol 1 MPI processes
%  type: mpi
sol = [
0.0000000000000000e+00
-1.7742587476843484e-03
-1.6249557631770576e-03
-1.4452066152192008e-03
-1.2691954207216915e-03
-1.1349582924859408e-03
-1.0227249266735806e-03
-9.2545364812362011e-04
-3.1054558508861055e-04
-3.9401469110117622e-04
-3.8993818486530117e-04
-3.8567198950799656e-04
-3.8142505753978307e-04
-3.7718906015095941e-04
-3.7295114319377097e-04
-3.6875300992101896e-04
-3.6449731783135767e-04
-3.6027128569023379e-04
-3.5607319499267694e-04
-3.5184842080316823e-04
-3.4762906994033501e-04
-3.4341507287482284e-04
-3.3920374064740511e-04
-3.3502494424901964e-04
-3.3080426822513646e-04
-3.2659945499331945e-04
-3.2242150674913965e-04
-3.1822055400874011e-04
-3.1400953131025867e-04
-3.0975869507665290e-04
-3.0538164667659890e-04
-3.0076258349451317e-04
-2.9559658011829148e-04
-2.8935371985985993e-04
-2.8145507856908332e-04
-2.7147688017853248e-04
-2.5975908728744532e-04
-2.4745858008177779e-04
-2.3572445485129908e-04
-2.2520105043154977e-04
-2.1610674046096314e-04
-2.0849210885843446e-04
-2.0229886358253123e-04
-1.9732298169795190e-04
-1.9342597592728969e-04
-1.9042614573497267e-04
-1.8813241610132156e-04
-1.8639207347820436e-04
-1.8506763237347170e-04
-1.8405727711409548e-04
-1.8326907128208571e-04
-1.8265185190843199e-04
-1.8215651367704336e-04
-1.8173559091214247e-04
-1.8137159605801032e-04
-1.8104043884570811e-04
-1.8072306368704285e-04
-1.8040263392135001e-04
-1.8007675076550433e-04
-1.7973909368111058e-04
-1.7936949795147267e-04
-1.7898917446662090e-04
-1.7858071443160878e-04
-1.7813428236400263e-04
-1.7765513484038742e-04
-1.7714864638321409e-04
-1.7660908789483555e-04
-1.7602954558786139e-04
-1.7541245038092516e-04
-1.7476468491624120e-04
-1.7408116525581975e-04
-1.7335016968465512e-04
-1.7259528668847328e-04
-1.7181056350481662e-04
-1.7098011275042113e-04
-1.7011363839149643e-04
-1.6921632509526120e-04
-1.6828189536503818e-04
-1.6730581613144891e-04
-1.6629178566230461e-04
-1.6524801821916180e-04
-1.6416702029970951e-04
-1.6304622722703330e-04
-1.6188276406310171e-04
-1.6068269008702948e-04
-1.5944510157002412e-04
-1.5816282090309135e-04
-1.5683368376418445e-04
-1.5545528425698661e-04
-1.5403878499404378e-04
-1.5257412645250888e-04
-1.5105209038626406e-04
-1.4947369043891373e-04
-1.4783947169679727e-04
-1.4613984045860052e-04
-1.4437252949764222e-04
-1.4253201457896874e-04
-1.4060565625198166e-04
-1.3859700376069704e-04
0.0000000000000000e+00
5.7242682184539317e-01
3.5879769439581638e-01
5.4167333310518323e+01
];
