%Vec Object:sol 1 MPI processes
%  type: mpi
sol = [
0.0000000000000000e+00
-3.6962223809723989e-03
-3.6701177977751446e-03
-3.6445628325061899e-03
-3.6197276258029963e-03
-3.5959558060721323e-03
-3.5716789021592700e-03
-3.5485409007607821e-03
-3.5258634276170938e-03
-3.5037655734536464e-03
-3.4826092271491838e-03
-3.4612893181074997e-03
-3.4404946100624338e-03
-3.4201934773804938e-03
-3.4002703764706784e-03
-3.3811201726673310e-03
-3.3621469947047477e-03
-3.3435006312876338e-03
-3.3251907986933554e-03
-3.3070370774103022e-03
-3.2895339541703381e-03
-3.2723822902279496e-03
-3.2555470589709316e-03
-3.2389548953644706e-03
-3.2224053533986071e-03
-3.2062800079469722e-03
-3.1906663464731739e-03
-3.1751461830593782e-03
-3.1601002241564225e-03
-3.1451028923621346e-03
-3.1301499890184939e-03
-3.1156484533759591e-03
-3.1014767451818716e-03
-3.0874811256245450e-03
-3.0738915680676615e-03
-3.0602045146928547e-03
-3.0466695665077861e-03
-3.0335118517542826e-03
-3.0206082127633058e-03
-3.0078970147646962e-03
-2.9955299191328781e-03
-2.9830254333880674e-03
-2.9706877760813846e-03
-2.9586743907079687e-03
-2.9469130706446119e-03
-2.9353009989283199e-03
-2.9239787305589036e-03
-2.9125628878470286e-03
-2.9012650049874637e-03
-2.8902525690307390e-03
-2.8795123486728734e-03
-2.8688896308912714e-03
-2.8584842150339369e-03
-2.8480131995878497e-03
-2.8377100042846857e-03
-2.8275948474670723e-03
-2.8177263238302577e-03
-2.8080722648188010e-03
-2.7985017458378040e-03
-2.7888762348625838e-03
-2.7794824674970652e-03
-2.7702321437847385e-03
-2.7611703810627801e-03
-2.7523293188041107e-03
-2.7436410900124864e-03
-2.7348080002747338e-03
-2.7261924617607491e-03
-2.7177884879852972e-03
-2.7095534162039220e-03
-2.7014672840499103e-03
-2.6935230852107215e-03
-2.6855447156798446e-03
-2.6777199429052069e-03
-2.6700607064617521e-03
-2.6626007597061636e-03
-2.6553363897123491e-03
-2.6481461649096811e-03
-2.6409117726331711e-03
-2.6338741654428335e-03
-2.6270304507016754e-03
-2.6203476627457722e-03
-2.6138223453555081e-03
-2.6073998687189625e-03
-2.6009853369106145e-03
-2.5947543890482982e-03
-2.5886671753071748e-03
-2.5827730391980515e-03
-2.5770705236502186e-03
-2.5714519752614139e-03
-2.5658398438008650e-03
-2.5604048605960507e-03
-2.5551657461233882e-03
-2.5501220214456284e-03
-2.5452733662994572e-03
-2.5404550747447452e-03
-2.5357073164172395e-03
-2.5311617577567862e-03
-2.5268188127371889e-03
-2.5226790334279417e-03
0.0000000000000000e+00
4.9401198208129826e-01
3.6295486983223779e-01
7.2925299968229737e+01
];
