%Vec Object:sol 1 MPI processes
%  type: mpi
sol = [
0.0000000000000000e+00
-3.5702342234653272e-03
-3.5457381120384307e-03
-3.5217480179960525e-03
-3.4984275671748745e-03
-3.4761572366263861e-03
-3.4536466172451373e-03
-3.4318848950792794e-03
-3.4105483461021814e-03
-3.3897517318734948e-03
-3.3698433545773575e-03
-3.3499404413891280e-03
-3.3307153203178679e-03
-3.3115701853127055e-03
-3.2927751057836257e-03
-3.2747101316825933e-03
-3.2568033720548162e-03
-3.2394592942067016e-03
-3.2226036895910428e-03
-3.2054347163015325e-03
-3.1888813166729762e-03
-3.1726563653836711e-03
-3.1567264779481488e-03
-3.1413339934468301e-03
-3.1261155883184322e-03
-3.1108861421258551e-03
-3.0960797859304620e-03
-3.0813559789324759e-03
-3.0670816063186846e-03
-3.0531905160956622e-03
-3.0394150998761592e-03
-3.0258012852974821e-03
-3.0123240972970817e-03
-2.9990108665128939e-03
-2.9860835340660709e-03
-2.9734163675368963e-03
-2.9609265334491117e-03
-2.9486638952074895e-03
-2.9363585446818647e-03
-2.9242344548484566e-03
-2.9124381984158908e-03
-2.9008711460971133e-03
-2.8894662803342283e-03
-2.8783629784173508e-03
-2.8671178760757239e-03
-2.8560127036260101e-03
-2.8451935697602721e-03
-2.8346276219837650e-03
-2.8241652593167191e-03
-2.8139686464731706e-03
-2.8037860841464359e-03
-2.7935995678579836e-03
-2.7836467855357531e-03
-2.7739384872767069e-03
-2.7643836895336373e-03
-2.7550022185858754e-03
-2.7457330740187848e-03
-2.7364518256417242e-03
-2.7272887728373952e-03
-2.7183502990702981e-03
-2.7096286602404846e-03
-2.7010386750924813e-03
-2.6926147072209809e-03
-2.6840937577326863e-03
-2.6757698668731155e-03
-2.6675569710146564e-03
-2.6595484999195717e-03
-2.6517389104901935e-03
-2.6440871180856405e-03
-2.6363608001750533e-03
-2.6287454494557179e-03
-2.6213235765052433e-03
-2.6140453905885244e-03
-2.6069226451956333e-03
-2.5999882599609214e-03
-2.5931230946922364e-03
-2.5862312894736751e-03
-2.5794990044539462e-03
-2.5729533366876901e-03
-2.5665916797669441e-03
-2.5603822503673080e-03
-2.5542900508280851e-03
-2.5481414982896971e-03
-2.5421778911620032e-03
-2.5363891280953230e-03
-2.5307367031758479e-03
-2.5252686590766203e-03
-2.5199837531872712e-03
-2.5146589657502553e-03
-2.5094510872546252e-03
-2.5044127316618601e-03
-2.4995622333342992e-03
-2.4948992861105728e-03
-2.4904237350297414e-03
-2.4859464054548695e-03
-2.4815592820704676e-03
-2.4773668981041622e-03
-2.4733698074880114e-03
-2.4695686966701349e-03
0.0000000000000000e+00
4.8376687315145217e-01
3.6295486983223779e-01
7.2925299968229737e+01
];
