%Vec Object:sol 1 MPI processes
%  type: mpi
sol = [
0.0000000000000000e+00
-3.7274322845019244e-04
-3.7010655331867119e-04
-3.6752556857042143e-04
-3.6497914474852196e-04
-3.6252261482527023e-04
-3.6007250177514137e-04
-3.5773754265330956e-04
-3.5544919165008516e-04
-3.5321968298807874e-04
-3.5102973572524916e-04
-3.4884140874901951e-04
-3.4674482171306897e-04
-3.4469811045366569e-04
-3.4268960346376260e-04
-3.4074545780408662e-04
-3.3878020167199400e-04
-3.3687662444361553e-04
-3.3503242545000761e-04
-3.3320397013400613e-04
-3.3144117420353872e-04
-3.2968862832613880e-04
-3.2794453108134122e-04
-3.2625891021505866e-04
-3.2459357456402312e-04
-3.2297100048960274e-04
-3.2140001477831470e-04
-3.1980491373543684e-04
-3.1824595513706551e-04
-3.1672889183505281e-04
-3.1522563971459871e-04
-3.1376786046644805e-04
-3.1234330149214351e-04
-3.1089690990305163e-04
-3.0948881392320142e-04
-3.0810939320558489e-04
-3.0674993488380875e-04
-3.0542843035180189e-04
-3.0412898242725020e-04
-3.0281220561032045e-04
-3.0153094128458971e-04
-3.0027482840044281e-04
-2.9903682474174704e-04
-2.9783140394714703e-04
-2.9664225406527556e-04
-2.9543946553912151e-04
-2.9426756888537513e-04
-2.9312309146092917e-04
-2.9199038591503338e-04
-2.9088634312863544e-04
-2.8979613258632927e-04
-2.8869577463301149e-04
-2.8762064218469533e-04
-2.8657182070733678e-04
-2.8553979177009265e-04
-2.8452659652143116e-04
-2.8352095776478783e-04
-2.8252061989418202e-04
-2.8153328736653301e-04
-2.8057001874366055e-04
-2.7962997840062678e-04
-2.7870426950499976e-04
-2.7777708687340110e-04
-2.7686078138016947e-04
-2.7596554212931429e-04
-2.7508239003607929e-04
-2.7422102820070236e-04
-2.7338085554735100e-04
-2.7253438070302851e-04
-2.7169599177189662e-04
-2.7087862387749128e-04
-2.7008179916476879e-04
-2.6930032348575249e-04
-2.6853541111784515e-04
-2.6776448814728717e-04
-2.6701049117855386e-04
-2.6627184737485252e-04
-2.6555009610290746e-04
-2.6484803249350700e-04
-2.6416442247468349e-04
-2.6347027615337423e-04
-2.6279223718489529e-04
-2.6213382660230787e-04
-2.6149482481220169e-04
-2.6087416621748175e-04
-2.6026297002656578e-04
-2.5964944860951437e-04
-2.5905554218060191e-04
-2.5848112336719539e-04
-2.5792301521813601e-04
-2.5738259527097103e-04
-2.5685264650349046e-04
-2.5632586812053429e-04
-2.5581900511482513e-04
-2.5532850050214708e-04
-2.5485745310680565e-04
-2.5440661159517662e-04
-2.5396230863874422e-04
-2.5352745558900871e-04
0.0000000000000000e+00
4.9648259173559545e-01
3.6295485309822773e-01
7.2925365311217348e+01
];
