%Vec Object:sol 1 MPI processes
%  type: mpi
sol = [
0.0000000000000000e+00
-1.8938232741755007e-02
-1.7554189823847995e-02
-1.5732215615721076e-02
-1.3782596359825290e-02
-1.2285846648578980e-02
-1.1057576397566290e-02
-1.0054294849352878e-02
-9.1341112254105846e-03
-8.3119314641875285e-03
-7.4180497766233224e-03
-4.1224262148720917e-03
-3.7735054230892437e-03
-3.9125574911189221e-03
-3.8572960547104906e-03
-3.7949532499356267e-03
-3.7321586185623023e-03
-3.6696987150781030e-03
-3.6070266536986310e-03
-3.5407930713331646e-03
-3.4563013384838271e-03
-3.2901296942622732e-03
-2.9339329565863021e-03
-2.4865751604840588e-03
-2.1384395631785023e-03
-1.9217481258984950e-03
-1.8089472515375367e-03
-1.7617298200547230e-03
-1.7504542307130225e-03
-1.7544690870859693e-03
-1.7663584693049707e-03
-1.7798612062468705e-03
-1.7934436986377670e-03
-1.8064552342116759e-03
-1.8175386487687113e-03
-1.8275095382329571e-03
-1.8361199061122846e-03
-1.8431090822458732e-03
-1.8491140712365603e-03
-1.8541165429505236e-03
-1.8578745270301943e-03
-1.8608211541940221e-03
-1.8629538815132351e-03
-1.8642052412977139e-03
-1.8647576373475715e-03
-1.8645879285914169e-03
-1.8636844518673370e-03
-1.8621867399182469e-03
-1.8600917069548299e-03
-1.8574231169607045e-03
-1.8541378512639101e-03
-1.8503807122624691e-03
-1.8461619751671471e-03
-1.8413820460677149e-03
-1.8361735287139140e-03
-1.8305595218993272e-03
-1.8245147962084910e-03
-1.8180130127564231e-03
-1.8111577653370672e-03
-1.8039664343045992e-03
-1.7963097928138411e-03
-1.7884728818590532e-03
-1.7803226861532369e-03
-1.7717952040511044e-03
-1.7629726724112899e-03
-1.7539441625830916e-03
-1.7446695524285460e-03
-1.7350914144100330e-03
-1.7252576827827360e-03
-1.7152488522616295e-03
-1.7050160157206292e-03
-1.6944560595858575e-03
-1.6838146162520941e-03
-1.6730368840035847e-03
-1.6619650486031869e-03
-1.6506992013137424e-03
-1.6392995421032543e-03
-1.6277061889001315e-03
-1.6158714996214588e-03
-1.6038293730983790e-03
-1.5916711160337909e-03
-1.5793219411258993e-03
-1.5667527190890644e-03
-1.5539328749722226e-03
-1.5409259380701733e-03
-1.5277231916659578e-03
-1.5142519527967166e-03
-1.5004893050426216e-03
-1.4864082108043913e-03
-1.4721199069146101e-03
-1.4575219269513686e-03
-1.4425339370456786e-03
-1.4271601279255471e-03
-1.4114084309716109e-03
-1.3951852153075990e-03
-1.3784638111278091e-03
-1.3612074172898593e-03
-1.3432994478522837e-03
-1.3247813682327493e-03
0.0000000000000000e+00
5.7920209562721681e-01
3.5523925057411737e-01
4.3535596026497515e+01
];
