%Vec Object:sol 1 MPI processes
%  type: mpi
sol = [
0.0000000000000000e+00
-3.4026408380837100e-04
-3.3805691482774447e-04
-3.3583679978062362e-04
-3.3367586823993174e-04
-3.3161226027624447e-04
-3.2954942293988358e-04
-3.2758495347086494e-04
-3.2565771862302413e-04
-3.2376387243402668e-04
-3.2191254306487377e-04
-3.2006043165666093e-04
-3.1828679541858086e-04
-3.1655424686438259e-04
-3.1485240610815780e-04
-3.1321734617528496e-04
-3.1156933893028427e-04
-3.0994930086570823e-04
-3.0837969031806021e-04
-3.0682126141580690e-04
-3.0531918090092084e-04
-3.0384633795078913e-04
-3.0239962527131304e-04
-3.0096941740102401e-04
-2.9954178228630752e-04
-2.9815041927547307e-04
-2.9680344736017044e-04
-2.9546274304828449e-04
-2.9416318107767668e-04
-2.9289855004337010e-04
-2.9160639046336094e-04
-2.9034819609694641e-04
-2.8911830200500704e-04
-2.8790268878493028e-04
-2.8672250027449804e-04
-2.8556583854797617e-04
-2.8442423256519488e-04
-2.8327625948744559e-04
-2.8214992940369472e-04
-2.8103976853594530e-04
-2.7995976625933656e-04
-2.7890057764910428e-04
-2.7785585226729816e-04
-2.7683386218052867e-04
-2.7580146605368886e-04
-2.7478161130652025e-04
-2.7378814860187816e-04
-2.7281798611495137e-04
-2.7185689299238913e-04
-2.7092035663607247e-04
-2.6999854707344386e-04
-2.6906041889431409e-04
-2.6814388346011906e-04
-2.6724999739464003e-04
-2.6637010664640095e-04
-2.6550612525279245e-04
-2.6466351848902911e-04
-2.6382743805926004e-04
-2.6298126480538944e-04
-2.6215599745456006e-04
-2.6135092195722723e-04
-2.6055792280045364e-04
-2.5978121306335916e-04
-2.5902381329002028e-04
-2.5826918472117617e-04
-2.5750895080776926e-04
-2.5676785881122686e-04
-2.5604540001068218e-04
-2.5533766496162343e-04
-2.5464283847196001e-04
-2.5396606656115047e-04
-2.5328871709742322e-04
-2.5261392437557267e-04
-2.5195372803045045e-04
-2.5131129590156214e-04
-2.5068632045826308e-04
-2.5007444624148238e-04
-2.4947713154125706e-04
-2.4887525912094277e-04
-2.4828492117649097e-04
-2.4770899443818639e-04
-2.4714718756566132e-04
-2.4660268228190297e-04
-2.4607532174001566e-04
-2.4556407621773057e-04
-2.4503984221926098e-04
-2.4453252508356316e-04
-2.4404269536802117e-04
-2.4357027396414602e-04
-2.4311235952178455e-04
-2.4267025996777407e-04
-2.4224051356799901e-04
-2.4180849802598852e-04
-2.4139446766950146e-04
-2.4099516411014109e-04
-2.4061348988568755e-04
-2.4025017539857027e-04
-2.3990529816338108e-04
-2.3956708306674523e-04
0.0000000000000000e+00
4.6963835301859058e-01
3.6295485309822773e-01
7.2925365311217348e+01
];
