%Vec Object:sol 1 MPI processes
%  type: mpi
sol = [
0.0000000000000000e+00
-3.8830511349859259e-03
-3.8544189388980514e-03
-3.8260314069807730e-03
-3.7984523683528264e-03
-3.7720994684245870e-03
-3.7458349579284609e-03
-3.7206691326657263e-03
-3.6955379541166607e-03
-3.6710575971156132e-03
-3.6476098730485241e-03
-3.6242172484219275e-03
-3.6018032902715687e-03
-3.5793932409774209e-03
-3.5573812471782146e-03
-3.5362161158471370e-03
-3.5152657374226469e-03
-3.4949742304465851e-03
-3.4749847305974098e-03
-3.4549864261762524e-03
-3.4356998870149103e-03
-3.4168077046750635e-03
-3.3982721464142955e-03
-3.3802212401367357e-03
-3.3620415894868951e-03
-3.3443298873014758e-03
-3.3271774437110091e-03
-3.3101423175844503e-03
-3.2936254674809568e-03
-3.2771432927273351e-03
-3.2607730024670815e-03
-3.2448947304060016e-03
-3.2293796349291081e-03
-3.2140652670948622e-03
-3.1989850911331051e-03
-3.1839922364302509e-03
-3.1692223885973593e-03
-3.1548627044839018e-03
-3.1407830287738412e-03
-3.1268981320083642e-03
-3.1130038043104594e-03
-3.0993843626899767e-03
-3.0859660526551167e-03
-3.0728992427021813e-03
-3.0601076427585971e-03
-3.0472541428165521e-03
-3.0345773700901882e-03
-3.0221967897693428e-03
-3.0099492130850557e-03
-2.9980101019885046e-03
-2.9863175000228344e-03
-2.9744454185051052e-03
-2.9628450925460233e-03
-2.9515274643713645e-03
-2.9403932683407350e-03
-2.9294634780724959e-03
-2.9185752997515093e-03
-2.9078056701245143e-03
-2.8971790855317273e-03
-2.8868101853509361e-03
-2.8766900151758618e-03
-2.8666716454764964e-03
-2.8565878927713380e-03
-2.8467473842083047e-03
-2.8371321876984731e-03
-2.8276489344739959e-03
-2.8183981196489172e-03
-2.8091643768693251e-03
-2.8000157935041564e-03
-2.7910335287987548e-03
-2.7822748271427770e-03
-2.7737345189855060e-03
-2.7653054310305659e-03
-2.7568126243281777e-03
-2.7485373273610329e-03
-2.7404753452982765e-03
-2.7325770339719450e-03
-2.7248582480432098e-03
-2.7171535525903753e-03
-2.7095693552086023e-03
-2.7021610491452810e-03
-2.6949247901820812e-03
-2.6878956492066191e-03
-2.6810174029144604e-03
-2.6741168271111628e-03
-2.6673730530284408e-03
-2.6608372623028449e-03
-2.6545076818357827e-03
-2.6483828710822314e-03
-2.6422414674360521e-03
-2.6362163306334263e-03
-2.6304009305417671e-03
-2.6247945291138809e-03
-2.6193965575345688e-03
-2.6141052069587746e-03
-2.6088314497240256e-03
-2.6037728913759586e-03
-2.5989297344023382e-03
-2.5943023282230860e-03
0.0000000000000000e+00
5.0869703317332482e-01
3.6295486983223779e-01
7.2925299968229737e+01
];
