%Vec Object:sol 1 MPI processes
%  type: mpi
sol = [
0.0000000000000000e+00
-3.7465414820081000e-04
-3.7200152659499271e-04
-3.6937139804806284e-04
-3.6678588780768637e-04
-3.6431567317512224e-04
-3.6185197991365180e-04
-3.5950421658031403e-04
-3.5720346483010990e-04
-3.5490665058891585e-04
-3.5270364497129702e-04
-3.5050437914622095e-04
-3.4839742791577369e-04
-3.4634066805324716e-04
-3.4430622378504036e-04
-3.4231289180663028e-04
-3.4033893289998939e-04
-3.3842700794385486e-04
-3.3657479828785067e-04
-3.3473841512742490e-04
-3.3293737308610357e-04
-3.3115328223490254e-04
-3.2940250251247587e-04
-3.2771050250435355e-04
-3.2603887379724133e-04
-3.2441019580692679e-04
-3.2279188837350248e-04
-3.2117870956734616e-04
-3.1961466266848499e-04
-3.1809269072663216e-04
-3.1658455356047352e-04
-3.1511615761860306e-04
-3.1364356837306558e-04
-3.1218973387029422e-04
-3.1077794802321146e-04
-3.0939491964696752e-04
-3.0803189271694313e-04
-3.0669216409857507e-04
-3.0535229336473328e-04
-3.0403269472979293e-04
-3.0274872062976906e-04
-3.0148995774732025e-04
-3.0024932917697208e-04
-2.9901951576362070e-04
-2.9779897499865017e-04
-2.9659422270509093e-04
-2.9542044223269086e-04
-2.9427414449912726e-04
-2.9313960639876452e-04
-2.9200618777746034e-04
-2.9089211237379983e-04
-2.8979052669308438e-04
-2.8871421407320103e-04
-2.8766426874777547e-04
-2.8663130792909452e-04
-2.8558448096441881e-04
-2.8456137921281427e-04
-2.8356051198597041e-04
-2.8257263060555332e-04
-2.8160884649978518e-04
-2.8066435988105358e-04
-2.7970581554371816e-04
-2.7876681748689638e-04
-2.7785060381570772e-04
-2.7695546241629661e-04
-2.7607237305962240e-04
-2.7520186991525743e-04
-2.7433113825961816e-04
-2.7347789102929218e-04
-2.7264009517290064e-04
-2.7182331570495716e-04
-2.7102707185717366e-04
-2.7023211789115677e-04
-2.6943858898168465e-04
-2.6866556098015801e-04
-2.6791264596824757e-04
-2.6717504790926805e-04
-2.6645432244311459e-04
-2.6573466303420827e-04
-2.6502522638236268e-04
-2.6433235773451859e-04
-2.6365569849121426e-04
-2.6299866778844289e-04
-2.6236104721956069e-04
-2.6171860611896137e-04
-2.6108701918201808e-04
-2.6047520497313290e-04
-2.5988300403219323e-04
-2.5931028892930947e-04
-2.5875208751881588e-04
-2.5818750511926374e-04
-2.5764293148194896e-04
-2.5711830742809619e-04
-2.5661359016222046e-04
-2.5612520865584608e-04
-2.5564863718591913e-04
-2.5517501822689065e-04
-2.5472203887349929e-04
-2.5428974568418198e-04
0.0000000000000000e+00
4.9799563972497840e-01
3.6295485309822773e-01
7.2925365311217348e+01
];
