%Vec Object:sol 1 MPI processes
%  type: mpi
sol = [
0.0000000000000000e+00
-3.9196242417487186e-04
-3.8902971204216583e-04
-3.8616059907205003e-04
-3.8337325688504682e-04
-3.8070991069802347e-04
-3.7799571837607233e-04
-3.7540426323966468e-04
-3.7286586972565722e-04
-3.7039320677418990e-04
-3.6802487878310390e-04
-3.6561610520238503e-04
-3.6329495495895475e-04
-3.6102963306186315e-04
-3.5880766585537891e-04
-3.5667117664589797e-04
-3.5452490456415242e-04
-3.5242304323486944e-04
-3.5038650171196489e-04
-3.4836898813519693e-04
-3.4642324868629535e-04
-3.4450057072817178e-04
-3.4258032080119452e-04
-3.4072394982734782e-04
-3.3889099054887491e-04
-3.3710513757930063e-04
-3.3537349376102006e-04
-3.3360854071677696e-04
-3.3189695467096390e-04
-3.3023123996291418e-04
-3.2858170258227750e-04
-3.2698168767653231e-04
-3.2538559144113053e-04
-3.2379867505224683e-04
-3.2225731711860682e-04
-3.2074752361707458e-04
-3.1926007845174686e-04
-3.1779722519054181e-04
-3.1633792236955473e-04
-3.1490112240333234e-04
-3.1350285382651460e-04
-3.1213216969246756e-04
-3.1077998495579245e-04
-3.0942564604506515e-04
-3.0809983887088345e-04
-3.0679161726448475e-04
-3.0551682317289479e-04
-3.0427177131901083e-04
-3.0301515560148055e-04
-3.0177785448744915e-04
-3.0057092539689757e-04
-2.9937795343850163e-04
-2.9821226225307240e-04
-2.9706508417147497e-04
-2.9591132171704774e-04
-2.9477882316692486e-04
-2.9367373762599424e-04
-2.9259262219405799e-04
-2.9152580335163608e-04
-2.9045548312035558e-04
-2.8940679117665926e-04
-2.8837443180524991e-04
-2.8736313608641650e-04
-2.8637625906606322e-04
-2.8539696702633703e-04
-2.8441453625296942e-04
-2.8345609323188539e-04
-2.8252097356498934e-04
-2.8160465166917931e-04
-2.8070320679805149e-04
-2.7979586497285994e-04
-2.7891105440795282e-04
-2.7804331608835022e-04
-2.7719388520134204e-04
-2.7636628804077234e-04
-2.7554144135546392e-04
-2.7472311873883598e-04
-2.7392336691190654e-04
-2.7314508011931106e-04
-2.7238793113476572e-04
-2.7164203733070922e-04
-2.7089225222804797e-04
-2.7016378713087152e-04
-2.6945638960576183e-04
-2.6876892540680778e-04
-2.6809718822618422e-04
-2.6742440172486327e-04
-2.6676798592256104e-04
-2.6613261168693340e-04
-2.6551494950237923e-04
-2.6491641453025623e-04
-2.6432802713634843e-04
-2.6374605874308584e-04
-2.6318546956614073e-04
-2.6264253727226433e-04
-2.6212046727215670e-04
-2.6161898492050537e-04
-2.6111537595597715e-04
-2.6063385044516315e-04
0.0000000000000000e+00
5.1157402430147580e-01
3.6295485309822773e-01
7.2925365311217348e+01
];
