%Vec Object:sol 1 MPI processes
%  type: mpi
sol = [
0.0000000000000000e+00
-3.5978404211126813e-03
-3.5731220405752161e-03
-3.5489158232703743e-03
-3.5253869137012476e-03
-3.5023798208073074e-03
-3.4793538031987594e-03
-3.4574132164791856e-03
-3.4359024803609596e-03
-3.4149373859991045e-03
-3.3948693154273097e-03
-3.3743363260858696e-03
-3.3545863850218175e-03
-3.3353014516924137e-03
-3.3163699816937354e-03
-3.2981753345834629e-03
-3.2801404793331144e-03
-3.2622893293413968e-03
-3.2448694320079369e-03
-3.2275902486918816e-03
-3.2109318248792398e-03
-3.1946045105801296e-03
-3.1785746248014766e-03
-3.1627978048317088e-03
-3.1470200655834466e-03
-3.1316454426528729e-03
-3.1167593176127722e-03
-3.1019559747524554e-03
-3.0876053563753886e-03
-3.0734493856753070e-03
-3.0591665129300906e-03
-3.0453151708150382e-03
-3.0317776171557504e-03
-3.0184046793439688e-03
-3.0054200969083403e-03
-2.9926010653206288e-03
-2.9796488972690834e-03
-2.9670578568049182e-03
-2.9547084422600661e-03
-2.9425408895123661e-03
-2.9307029318923032e-03
-2.9190892875836779e-03
-2.9072616521894287e-03
-2.8957444221640234e-03
-2.8844681797890919e-03
-2.8733330492522343e-03
-2.8624851876801055e-03
-2.8518915111761405e-03
-2.8411185426148056e-03
-2.8305403135777127e-03
-2.8202238962582991e-03
-2.8100187825951888e-03
-2.8000481035652665e-03
-2.7903227035803745e-03
-2.7805656403195687e-03
-2.7708314464432384e-03
-2.7613351073269292e-03
-2.7520454093503260e-03
-2.7428736382928516e-03
-2.7339269716894041e-03
-2.7251000319702952e-03
-2.7161831749802213e-03
-2.7074483827538732e-03
-2.6989270883521054e-03
-2.6906030642553347e-03
-2.6823896559770304e-03
-2.6743613571758723e-03
-2.6662481601087851e-03
-2.6582985733633055e-03
-2.6504931881174312e-03
-2.6428858366868029e-03
-2.6354720983361095e-03
-2.6282018551265739e-03
-2.6208446713116948e-03
-2.6136325460999221e-03
-2.6066107394614340e-03
-2.5997331632403500e-03
-2.5930149305345078e-03
-2.5864833380142872e-03
-2.5799645837059335e-03
-2.5734953488944796e-03
-2.5671797586471466e-03
-2.5610509512585368e-03
-2.5551069839011170e-03
-2.5493377015945807e-03
-2.5435928043403915e-03
-2.5378808072131893e-03
-2.5323562865949023e-03
-2.5270181705195605e-03
-2.5218357889387200e-03
-2.5168226486573389e-03
-2.5119335866120389e-03
-2.5070421006093526e-03
-2.5023419282769440e-03
-2.4977986843826155e-03
-2.4934425830080071e-03
-2.4892810432468647e-03
-2.4852868685442909e-03
-2.4812710829279676e-03
0.0000000000000000e+00
4.8600755846743593e-01
3.6295486983223779e-01
7.2925299968229737e+01
];
