%Vec Object:sol 1 MPI processes
%  type: mpi
sol = [
0.0000000000000000e+00
-3.5647874966597869e-03
-3.5403353635125893e-03
-3.5163880384863214e-03
-3.4931088504174378e-03
-3.4708776027173381e-03
-3.4485757465934543e-03
-3.4268496982263830e-03
-3.4055479168248709e-03
-3.3847849685736987e-03
-3.3649085617028511e-03
-3.3450375520713881e-03
-3.3260084259705038e-03
-3.3068929546557018e-03
-3.2881253098159965e-03
-3.2700865002333254e-03
-3.2522056210112001e-03
-3.2348864225653761e-03
-3.2181083192950564e-03
-3.2010721761620664e-03
-3.1845391576385846e-03
-3.1683340573133347e-03
-3.1524235467447121e-03
-3.1370495618726116e-03
-3.1218493978699934e-03
-3.1067988109222205e-03
-3.0920082618575810e-03
-3.0773002098193106e-03
-3.0630409424563959e-03
-3.0491644251664216e-03
-3.0354034934601932e-03
-3.0219615880769683e-03
-3.0084968748713124e-03
-2.9951960103374860e-03
-2.9822805881447247e-03
-2.9696250820100008e-03
-2.9571467926692695e-03
-2.9450179996198603e-03
-2.9327537951711869e-03
-2.9206383282951837e-03
-2.9088503888741457e-03
-2.8972914916278784e-03
-2.8858947072112782e-03
-2.8747987809011762e-03
-2.8637125144387802e-03
-2.8526129033008244e-03
-2.8417990997696941e-03
-2.8312383089943230e-03
-2.8207811592395582e-03
-2.8105895730488688e-03
-2.8005606537676157e-03
-2.7903781104951656e-03
-2.7804292080285476e-03
-2.7707246811888501e-03
-2.7611736801228699e-03
-2.7517960008967340e-03
-2.7426485400725660e-03
-2.7333968723371898e-03
-2.7242354236714015e-03
-2.7152985049597148e-03
-2.7065783762844223e-03
-2.6979899711173654e-03
-2.6895771173923565e-03
-2.6811900593961494e-03
-2.6728655635889602e-03
-2.6646521736119963e-03
-2.6566431839725271e-03
-2.6488330561947344e-03
-2.6411807620461310e-03
-2.6335945439711827e-03
-2.6259779441141651e-03
-2.6185548470613017e-03
-2.6112755311786416e-03
-2.6041517343820091e-03
-2.5972163310848512e-03
-2.5904659360601033e-03
-2.5835936197767329e-03
-2.5768585274318825e-03
-2.5703101014533073e-03
-2.5639457254226345e-03
-2.5577336438109199e-03
-2.5516706593737295e-03
-2.5456221347360990e-03
-2.5396539694068246e-03
-2.5338606581311821e-03
-2.5282037298647035e-03
-2.5227311504677861e-03
-2.5174416667557258e-03
-2.5122460238852064e-03
-2.5070328596707675e-03
-2.5019891984511969e-03
-2.4971333448056605e-03
-2.4924649875649563e-03
-2.4879839674766518e-03
-2.4836329647755736e-03
-2.4792397047087257e-03
-2.4750411369307708e-03
-2.4710378111663981e-03
-2.4672304092744186e-03
0.0000000000000000e+00
4.8332488287216402e-01
3.6295486983223779e-01
7.2925299968229737e+01
];
