%Vec Object:sol 1 MPI processes
%  type: mpi
sol = [
0.0000000000000000e+00
-3.5337948920410593e-03
-3.5097654764432856e-03
-3.4860139812886532e-03
-3.4629239427619342e-03
-3.4408712556735768e-03
-3.4188445944666268e-03
-3.3978644516518388e-03
-3.3770510030006469e-03
-3.3564395763743420e-03
-3.3367064632894208e-03
-3.3169796711890213e-03
-3.2980869443918442e-03
-3.2796367107790375e-03
-3.2614491371448940e-03
-3.2435261614314559e-03
-3.2257607864202395e-03
-3.2085526758036257e-03
-3.1918814901120978e-03
-3.1753373221070948e-03
-3.1593909290504995e-03
-3.1433742871837078e-03
-3.1275537361446643e-03
-3.1122658734222381e-03
-3.0971515347711096e-03
-3.0824231674600284e-03
-3.0681648914867841e-03
-3.0537876537659594e-03
-3.0395975569148192e-03
-3.0257880398571221e-03
-3.0120944454975788e-03
-2.9988162652990571e-03
-2.9858383329222772e-03
-2.9730024215239245e-03
-2.9601393544550960e-03
-2.9475352758591036e-03
-2.9351082102957228e-03
-2.9230288036265106e-03
-2.9111800337504154e-03
-2.8995034271502569e-03
-2.8879073796074313e-03
-2.8763862266922360e-03
-2.8650271788859807e-03
-2.8539676941109348e-03
-2.8431392354053777e-03
-2.8324438981703081e-03
-2.8219605726687910e-03
-2.8114255464165958e-03
-2.8009947219891731e-03
-2.7908285562121566e-03
-2.7809147703618167e-03
-2.7711056671551916e-03
-2.7615223569791366e-03
-2.7519228868926934e-03
-2.7423865090582971e-03
-2.7330233988667810e-03
-2.7238899303158085e-03
-2.7149555857645833e-03
-2.7061332993098246e-03
-2.6974320201187552e-03
-2.6887173568740028e-03
-2.6801347724989041e-03
-2.6717276971293985e-03
-2.6635271626121492e-03
-2.6555173430584532e-03
-2.6476131383406242e-03
-2.6396435629987788e-03
-2.6318300820583488e-03
-2.6241745851972682e-03
-2.6166580765315827e-03
-2.6093336076802977e-03
-2.6021969401491128e-03
-2.5950720359943420e-03
-2.5879369432909014e-03
-2.5809901376872115e-03
-2.5742282240811651e-03
-2.5676059503703364e-03
-2.5611382714074084e-03
-2.5548449537446611e-03
-2.5484623464517931e-03
-2.5422322453908649e-03
-2.5361514553052500e-03
-2.5302526818166689e-03
-2.5245341064591299e-03
-2.5189858248476893e-03
-2.5134003929744267e-03
-2.5079025333760523e-03
-2.5025878010980708e-03
-2.4974552302438188e-03
-2.4924747074638511e-03
-2.4876596124165313e-03
-2.4829563984793720e-03
-2.4782558514431685e-03
-2.4737427332610432e-03
-2.4693832763562754e-03
-2.4652073398359342e-03
-2.4612223551320838e-03
-2.4574297084128433e-03
-2.4535912375396956e-03
0.0000000000000000e+00
4.8070306127816265e-01
3.6295486983223779e-01
7.2925299968229737e+01
];
