%Vec Object:sol 1 MPI processes
%  type: mpi
sol = [
0.0000000000000000e+00
-3.7274330088877578e-03
-3.7010662853434258e-03
-3.6752564770848712e-03
-3.6497923188048330e-03
-3.6252270877670718e-03
-3.6007260378425640e-03
-3.5773765326577180e-03
-3.5544931026633237e-03
-3.5321960139457651e-03
-3.5102985340284146e-03
-3.4884151391504038e-03
-3.4674491392956835e-03
-3.4469819048021542e-03
-3.4268967287245460e-03
-3.4074552090364264e-03
-3.3878025813120442e-03
-3.3687667617553459e-03
-3.3503247412193424e-03
-3.3320401714786677e-03
-3.3144122073012674e-03
-3.2968867818960099e-03
-3.2794458227143695e-03
-3.2625896344242876e-03
-3.2459363031783787e-03
-3.2297105893569259e-03
-3.2140007556271445e-03
-3.1980497827120307e-03
-3.1824601944124781e-03
-3.1672895282981285e-03
-3.1522569263909748e-03
-3.1376789831066409e-03
-3.1234330538391581e-03
-3.1089694983951277e-03
-3.0948886881307916e-03
-3.0810945576588253e-03
-3.0675000014520168e-03
-3.0542849511965005e-03
-3.0412904664169913e-03
-3.0281226647835813e-03
-3.0153099852465713e-03
-3.0027488214142977e-03
-2.9903687534457409e-03
-2.9783145187794458e-03
-2.9664230150715371e-03
-2.9543951119132533e-03
-2.9426761311686245e-03
-2.9312313455794768e-03
-2.9199042807945635e-03
-2.9088638448155507e-03
-2.8979617480903996e-03
-2.8869581618612083e-03
-2.8762068313215035e-03
-2.8657186107506616e-03
-2.8553983155094670e-03
-2.8452663567472797e-03
-2.8352099880251756e-03
-2.8252066018126273e-03
-2.8153332684429959e-03
-2.8057005732981476e-03
-2.7963001600884913e-03
-2.7870430607832889e-03
-2.7777712415055023e-03
-2.7686081817456295e-03
-2.7596557903567082e-03
-2.7508242797087985e-03
-2.7422106834245614e-03
-2.7338089988522296e-03
-2.7253442682456728e-03
-2.7169603864923269e-03
-2.7087866931286494e-03
-2.7008183856540081e-03
-2.6930034926229331e-03
-2.6853540693939958e-03
-2.6776451554874109e-03
-2.6701053207223626e-03
-2.6627189330415794e-03
-2.6555014111826242e-03
-2.6484807245889777e-03
-2.6416457684148706e-03
-2.6347030920018072e-03
-2.6279226937895818e-03
-2.6213385744356982e-03
-2.6149485422116742e-03
-2.6087419431936854e-03
-2.6026299826230844e-03
-2.5964947597415756e-03
-2.5905556885075058e-03
-2.5848114946085020e-03
-2.5792304079233653e-03
-2.5738262031707944e-03
-2.5685267213669612e-03
-2.5632589325708254e-03
-2.5581902980714392e-03
-2.5532852477378768e-03
-2.5485747696340870e-03
-2.5440663507973259e-03
-2.5396233290193907e-03
-2.5352747954535669e-03
0.0000000000000000e+00
4.9648251902789731e-01
3.6295486983223779e-01
7.2925299968229737e+01
];
