%Vec Object:sol 1 MPI processes
%  type: mpi
sol = [
0.0000000000000000e+00
-1.9434819442199062e-03
-1.8096021381312432e-03
-1.6262370609471646e-03
-1.4243615014357836e-03
-1.2690880779478190e-03
-1.1399036098410438e-03
-1.0351464716164761e-03
-9.4011928140583343e-04
-8.5551807076605663e-04
-7.7119311383158217e-04
-6.8514445770945730e-04
-5.7771811687308864e-04
-3.5863620399970766e-04
-3.1540604245431286e-04
-3.4881696786051033e-04
-3.5042842167793775e-04
-3.3928300259497427e-04
-3.1531583140291189e-04
-2.7608266705505115e-04
-2.3285907209456963e-04
-1.9625936832556659e-04
-1.7264915572671322e-04
-1.6199886058904735e-04
-1.5938734591118453e-04
-1.6076032919851301e-04
-1.6372464057867213e-04
-1.6703760908644088e-04
-1.7037614077840981e-04
-1.7324609111626463e-04
-1.7581284728285186e-04
-1.7791040974522720e-04
-1.7964345986032262e-04
-1.8109178337281386e-04
-1.8220024943685210e-04
-1.8310111911244806e-04
-1.8380006342692587e-04
-1.8429118857325779e-04
-1.8465141647678695e-04
-1.8488820035299973e-04
-1.8498444990999605e-04
-1.8498827373545485e-04
-1.8490301685220414e-04
-1.8472600292752754e-04
-1.8447791538636572e-04
-1.8415786251051009e-04
-1.8376806411652221e-04
-1.8332394158011143e-04
-1.8282697442329040e-04
-1.8228013213542589e-04
-1.8168216437840776e-04
-1.8104855173532405e-04
-1.8038142330424744e-04
-1.7967169882689388e-04
-1.7893412748786201e-04
-1.7817278055867793e-04
-1.7738529709789033e-04
-1.7657005162119161e-04
-1.7573861096137060e-04
-1.7489267728091080e-04
-1.7401995689819450e-04
-1.7315014449429742e-04
-1.7226974745870909e-04
-1.7137230513602502e-04
-1.7046618267478180e-04
-1.6956064625102537e-04
-1.6865101258044856e-04
-1.6773112665648192e-04
-1.6680560656876596e-04
-1.6588191924276510e-04
-1.6495406624459315e-04
-1.6401104195872638e-04
-1.6307669845068223e-04
-1.6214437356904017e-04
-1.6119688550380730e-04
-1.6024305231465244e-04
-1.5928773752938591e-04
-1.5832348126674061e-04
-1.5734389807646695e-04
-1.5635075892252528e-04
-1.5535185223837733e-04
-1.5433801752673580e-04
-1.5330455589237466e-04
-1.5224671217723231e-04
-1.5116922736386104e-04
-1.5006955414086190e-04
-1.4893867579240393e-04
-1.4777259659243792e-04
-1.4656686880950973e-04
-1.4533094023794731e-04
-1.4405284079664339e-04
-1.4272317636914412e-04
-1.4134057172582743e-04
-1.3990422341870050e-04
-1.3840315153670630e-04
-1.3683291735017269e-04
-1.3518858078913617e-04
-1.3345697113013231e-04
-1.3164051718470008e-04
0.0000000000000000e+00
5.8201606642156811e-01
3.5372765763395803e-01
4.0020027028921028e+01
];
