%Vec Object:sol 1 MPI processes
%  type: mpi
sol = [
0.0000000000000000e+00
-3.7211276101100890e-03
-3.6948136527313259e-03
-3.6690551247897597e-03
-3.6438319329478775e-03
-3.6193123203354174e-03
-3.5948565177729417e-03
-3.5715496782693077e-03
-3.5487077681607541e-03
-3.5264508158876842e-03
-3.5047799583989023e-03
-3.4829331480127615e-03
-3.4620018134501637e-03
-3.4415681809071294e-03
-3.4215157822682480e-03
-3.4022425057872422e-03
-3.3826668168997678e-03
-3.3636581509079782e-03
-3.3452421853927663e-03
-3.3269834140340513e-03
-3.3093800471460243e-03
-3.2920604916199625e-03
-3.2746416673653696e-03
-3.2578066271218391e-03
-3.2411741668537148e-03
-3.2249686243133709e-03
-3.2092780994556146e-03
-3.1935248978658564e-03
-3.1779524540020677e-03
-3.1627982976684768e-03
-3.1477820725447653e-03
-3.1332198004619311e-03
-3.1189890589510324e-03
-3.1047156365232517e-03
-3.0906479436690884e-03
-3.0768665891664844e-03
-3.0632846222762148e-03
-3.0500816653813889e-03
-3.0371336947408569e-03
-3.0241130387916302e-03
-3.0113091626097705e-03
-2.9987566191693330e-03
-2.9863851154142270e-03
-2.9743391499867555e-03
-2.9625460625505758e-03
-2.9506024563959207e-03
-2.9388889575414552e-03
-2.9274495220696179e-03
-2.9161279335812710e-03
-2.9050928156108794e-03
-2.8943308750729721e-03
-2.8833605574752172e-03
-2.8726120500352668e-03
-2.8621265576572719e-03
-2.8518090375890272e-03
-2.8416798538892290e-03
-2.8317881411808335e-03
-2.8217862626749458e-03
-2.8119145260559466e-03
-2.8022833229152692e-03
-2.7928842917946191e-03
-2.7836285883896862e-03
-2.7745171276857897e-03
-2.7653542194824043e-03
-2.7564018836208353e-03
-2.7475704573591666e-03
-2.7389568111179123e-03
-2.7305549400427863e-03
-2.7222461740411307e-03
-2.7138610000702569e-03
-2.7056858979651413e-03
-2.6977160662855089e-03
-2.6898996083095138e-03
-2.6822485583756534e-03
-2.6746914876128788e-03
-2.6671488992403157e-03
-2.6597597577431137e-03
-2.6525394623849565e-03
-2.6455159461637244e-03
-2.6386863229172393e-03
-2.6318824057771674e-03
-2.6250970471472955e-03
-2.6185079792134715e-03
-2.6121130181305297e-03
-2.6059015295294553e-03
-2.5998334563889997e-03
-2.5937920700606367e-03
-2.5878462289329468e-03
-2.5820953381514716e-03
-2.5765076725623747e-03
-2.5710969877881739e-03
-2.5658821358637055e-03
-2.5606618609720364e-03
-2.5555850161391707e-03
-2.5506719530387950e-03
-2.5459536511231225e-03
-2.5414376447294991e-03
-2.5371246927473013e-03
-2.5327745060748997e-03
0.0000000000000000e+00
4.9598333488627633e-01
3.6295486983223779e-01
7.2925299968229737e+01
];
