%Vec Object:sol 1 MPI processes
%  type: mpi
sol = [
0.0000000000000000e+00
-4.9410163314711266e-09
-5.5522034100519097e-09
-5.6841356564185345e-09
-5.7768076334767059e-09
-5.8379449014500837e-09
-5.8602768965738673e-09
-7.6342766022238184e-09
-1.7591634192703612e-02
-1.6242227410070007e-02
-1.4565611474681196e-02
-1.2922470964640493e-02
-1.1267172992169812e-02
-9.5423472211988523e-03
-7.8949037530661823e-03
-6.2435195061831044e-03
-4.8596117711726125e-03
-3.6456401647221868e-03
-2.7974376465073562e-03
-2.1922297440211719e-03
-1.8642840653541690e-03
-1.7058770376044844e-03
-1.6766424627994172e-03
-1.7154157313609784e-03
-1.7857591599287073e-03
-1.8650575584468799e-03
-1.9384262860176248e-03
-1.9988690908611184e-03
-2.0468355180867934e-03
-2.0787444285789805e-03
-2.1002582558781418e-03
-2.1100638108361843e-03
-2.1120075396644832e-03
-2.1074829907823606e-03
-2.0974914413210278e-03
-2.0839302237341600e-03
-2.0673498621248342e-03
-2.0486610984687226e-03
-2.0283986897251605e-03
-2.0070317503724602e-03
-1.9850117973155561e-03
-1.9624512410976323e-03
-1.9392389977462643e-03
-1.9162414569246066e-03
-1.8933286827214986e-03
-1.8695914966091181e-03
-1.8464324178326633e-03
-1.8235214848899481e-03
-1.8006984635788089e-03
-1.7773026573976410e-03
-1.7546728552670331e-03
-1.7322239386360334e-03
-1.7100262846442274e-03
-1.6876717621434711e-03
-1.6652913681943714e-03
-1.6436322108040501e-03
-1.6220535986635745e-03
-1.6004842932747126e-03
-1.5792665588907704e-03
-1.5580383596471357e-03
-1.5367488187713887e-03
-1.5160375939184537e-03
-1.4955484311034893e-03
-1.4750881263663931e-03
-1.4546749606994932e-03
-1.4346237371667563e-03
-1.4147302266092174e-03
-1.3947967136448268e-03
-1.3750637694722298e-03
-1.3556022564588475e-03
-1.3361214542425251e-03
-1.3166878592214015e-03
-1.2975683319349967e-03
-1.2786764394351411e-03
-1.2597642303020489e-03
-1.2408924725469930e-03
-1.2222397568914776e-03
-1.2037373917373783e-03
-1.1852408933405684e-03
-1.1666805977594980e-03
-1.1483513089722377e-03
-1.1301801942492980e-03
-1.1120454569680215e-03
-1.0938878268485627e-03
-1.0758364667140556e-03
-1.0579059894413442e-03
-1.0400131431207188e-03
-1.0221338750976429e-03
-1.0042072738499865e-03
-9.8631595786832652e-04
-9.6833981668170243e-04
-9.5054471022316457e-04
-9.3274889563807570e-04
-9.1498832792699311e-04
-8.9717277220444211e-04
-8.7907569528909105e-04
-8.6106676330582259e-04
-8.4312217521594480e-04
-8.2517348477333119e-04
0.0000000000000000e+00
7.5091599835919609e-01
2.9206177987104720e-01
7.1992482115805227e+00
];
