%Vec Object:sol 1 MPI processes
%  type: mpi
sol = [
0.0000000000000000e+00
-4.9410144829245988e-10
-5.5522028305507721e-10
-5.6841362827058118e-10
-5.7768095761464867e-10
-5.8379482461338911e-10
-5.8602816919377509e-10
-7.6348117934383889e-10
-1.7591711031450556e-03
-1.6242217922283070e-03
-1.4565602926458917e-03
-1.2922463302864203e-03
-1.1267166192262090e-03
-9.5423412803268383e-04
-7.8948986023454678e-04
-6.2435151229958176e-04
-4.8596080153072180e-04
-3.6456369500795710e-04
-2.7974348087010230e-04
-2.1922271764792138e-04
-1.8642816518308687e-04
-1.7058747096838732e-04
-1.6766401684286311e-04
-1.7154134460575511e-04
-1.7857568726939893e-04
-1.8650552675369638e-04
-1.9384239951215034e-04
-1.9988668055782172e-04
-2.0468332450252237e-04
-2.0787421727114686e-04
-2.1002560225941448e-04
-2.1100616038968525e-04
-2.1120053614653611e-04
-2.1074808447983537e-04
-2.0974893280153455e-04
-2.0839281446177952e-04
-2.0673478185034757e-04
-2.0486590897785204e-04
-2.0283967167631167e-04
-2.0070298136840435e-04
-1.9850098959388215e-04
-1.9624493752153405e-04
-1.9392371679681115e-04
-1.9162396621008487e-04
-1.8933269224669997e-04
-1.8695897720278287e-04
-1.8464307276160351e-04
-1.8235198285591759e-04
-1.8006968412301633e-04
-1.7773010696265495e-04
-1.7546713007075710e-04
-1.7322224174071184e-04
-1.7100247964213050e-04
-1.6876703068890227e-04
-1.6652899462095397e-04
-1.6436308212226401e-04
-1.6220522413266586e-04
-1.6004829681720651e-04
-1.5792652658008457e-04
-1.5580370986808219e-04
-1.5367475898471163e-04
-1.5160363967734293e-04
-1.4955472655528185e-04
-1.4750869923042291e-04
-1.4546738582061077e-04
-1.4346226661215991e-04
-1.4147291869378480e-04
-1.3947957054826751e-04
-1.3750627927001634e-04
-1.3556013110314170e-04
-1.3361205403649676e-04
-1.3166869767821345e-04
-1.2975674810001631e-04
-1.2786756200495631e-04
-1.2597634424962509e-04
-1.2408917165027442e-04
-1.2222390326769632e-04
-1.2037366993769262e-04
-1.1852402329642716e-04
-1.1666799697086051e-04
-1.1483507133569739e-04
-1.1301796311355395e-04
-1.1120449265332323e-04
-1.0938873293560144e-04
-1.0758360023731320e-04
-1.0579055584756610e-04
-1.0400127457252231e-04
-1.0221335114933559e-04
-1.0042069443709006e-04
-9.8631566301306777e-05
-9.6833955695498934e-05
-9.5054448558329737e-05
-9.3274870641620663e-05
-9.1498817450455183e-05
-8.9717265501969607e-05
-8.7907561515193836e-05
-8.6106672046867990e-05
-8.4312216984350465e-05
-8.2517351737785311e-05
0.0000000000000000e+00
7.5091581084962011e-01
2.9206182192938207e-01
7.1992489793856018e+00
];
