%Vec Object:sol 1 MPI processes
%  type: mpi
sol = [
0.0000000000000000e+00
-1.6694764313084675e-03
-1.5103322818958598e-03
-1.3350377034295076e-03
-1.1761177897775829e-03
-1.0488169683583579e-03
-3.4844968542084538e-04
-3.8731631962349446e-04
-3.8349810051096350e-04
-3.7973921414786831e-04
-3.7608251239796940e-04
-3.7240644923637600e-04
-3.6878935228314884e-04
-3.6521539174729346e-04
-3.6166978591353402e-04
-3.5819489360999274e-04
-3.5468367562170697e-04
-3.5122391944761538e-04
-3.4781192007507310e-04
-3.4439783002947910e-04
-3.4100867270376965e-04
-3.3763019653901326e-04
-3.3426780641184313e-04
-3.3094910737388754e-04
-3.2762003246301972e-04
-3.2429475340854679e-04
-3.2100601700250675e-04
-3.1770813973669578e-04
-3.1444248306226836e-04
-3.1117630140285518e-04
-3.0789957234137670e-04
-3.0465233601641417e-04
-3.0142161305837762e-04
-2.9818840296358011e-04
-2.9495448778164829e-04
-2.9173244172445552e-04
-2.8851337189772952e-04
-2.8531537565034353e-04
-2.8211967924742171e-04
-2.7890649116015485e-04
-2.7571033818936744e-04
-2.7251968511025513e-04
-2.6932569882873474e-04
-2.6613583599620848e-04
-2.6292299691965112e-04
-2.5969029261751152e-04
-2.5644246687418889e-04
-2.5316346712735122e-04
-2.4982263386433111e-04
-2.4640027019665680e-04
-2.4288772835069701e-04
-2.3925537636544994e-04
-2.3550054004443653e-04
-2.3162039120638300e-04
-2.2761495757161711e-04
-2.2349922937657936e-04
-2.1932748959480056e-04
-2.1513678012884536e-04
-2.1095891729344671e-04
-2.0684278701161137e-04
-2.0282407354024721e-04
-1.9893623728684773e-04
-1.9522898535262307e-04
-1.9173672113718048e-04
-1.8848682954520420e-04
-1.8549090197243545e-04
-1.8275270976727200e-04
-1.8025910347964171e-04
-1.7798723422779211e-04
-1.7587987932565920e-04
-1.7395976806696951e-04
-1.7219523585536409e-04
-1.7058004332111141e-04
-1.6908961358477658e-04
-1.6769347862703821e-04
-1.6638155459957758e-04
-1.6514192904554210e-04
-1.6395840310988842e-04
-1.6281584871573389e-04
-1.6170698542828597e-04
-1.6062947079098185e-04
-1.5956940039725233e-04
-1.5851861478262440e-04
-1.5746843352466353e-04
-1.5641901051814287e-04
-1.5536563983807768e-04
-1.5429899841570415e-04
-1.5321366913584734e-04
-1.5210412468397977e-04
-1.5097715595831519e-04
-1.4982121570428773e-04
-1.4862436903963422e-04
-1.4738404749343369e-04
-1.4609786440393486e-04
-1.4475329845875187e-04
-1.4334440874670467e-04
-1.4185827699174692e-04
-1.4027605583931716e-04
-1.3859023990843612e-04
0.0000000000000000e+00
5.6648926833492985e-01
3.6099507717273210e-01
6.2999664009861625e+01
];
