%Vec Object:sol 1 MPI processes
%  type: mpi
sol = [
0.0000000000000000e+00
-4.2518704440127342e-03
-4.2131630419348243e-03
-4.1737920965599700e-03
-4.1354502790887093e-03
-4.0985171517945659e-03
-4.0612405678976905e-03
-4.0254696324347073e-03
-3.9903880155313636e-03
-3.9561323901877010e-03
-3.9226730184330561e-03
-3.8892440607762070e-03
-3.8570105266666510e-03
-3.8254786326314609e-03
-3.7943327636209248e-03
-3.7638453005307691e-03
-3.7336945200506077e-03
-3.7043655108849674e-03
-3.6758267194950114e-03
-3.6471653440528604e-03
-3.6192788582201148e-03
-3.5919140860574414e-03
-3.5650283086945179e-03
-3.5387947981026014e-03
-3.5125384582723423e-03
-3.4868762537579264e-03
-3.4619039530016560e-03
-3.4371455306599504e-03
-3.4127738015539205e-03
-3.3887946991903342e-03
-3.3650753926274791e-03
-3.3419663072950050e-03
-3.3193290481272424e-03
-3.2966384888963641e-03
-3.2744617850559259e-03
-3.2527031012379668e-03
-3.2312658751075768e-03
-3.2103114338710111e-03
-3.1893996585786906e-03
-3.1688103581463231e-03
-3.1487088661743550e-03
-3.1289815834846398e-03
-3.1094661996234558e-03
-3.0901436873016913e-03
-3.0712048202905331e-03
-3.0525375501669295e-03
-3.0343037982881278e-03
-3.0163576270652347e-03
-2.9984247916362834e-03
-2.9809090693406616e-03
-2.9637955830989853e-03
-2.9469183197146113e-03
-2.9303044830517877e-03
-2.9138784815726541e-03
-2.8977422836892201e-03
-2.8819174352140218e-03
-2.8664658902182701e-03
-2.8512638613251936e-03
-2.8361100240058210e-03
-2.8213222035712712e-03
-2.8068915731948229e-03
-2.7927255261491904e-03
-2.7788143356493882e-03
-2.7650380872859827e-03
-2.7515968176788181e-03
-2.7383979839471937e-03
-2.7255421254228827e-03
-2.7130087016363790e-03
-2.7005287070675701e-03
-2.6883274696090924e-03
-2.6764621756677929e-03
-2.6649282920541192e-03
-2.6536731091168137e-03
-2.6425023335087286e-03
-2.6316276295777507e-03
-2.6210815552221568e-03
-2.6108160812449133e-03
-2.6008475680681328e-03
-2.5910643700787438e-03
-2.5815177761246361e-03
-2.5722664630518847e-03
-2.5633075482020349e-03
-2.5546760741161382e-03
-2.5462977416931426e-03
-2.5380893064089862e-03
-2.5301613194278062e-03
-2.5225644694905026e-03
-2.5152979260441698e-03
-2.5083556409586107e-03
-2.5015063166718985e-03
-2.4949741322300521e-03
-2.4887787347893783e-03
-2.4829204175509617e-03
-2.4773996659603914e-03
-2.4720351743983209e-03
-2.4669492065976652e-03
-2.4622098578866753e-03
-2.4578185360475406e-03
-2.4537768584648001e-03
0.0000000000000000e+00
5.4512227071636887e-01
3.6290830019730208e-01
7.2662593271984349e+01
];
