%Vec Object:sol 1 MPI processes
%  type: mpi
sol = [
0.0000000000000000e+00
-3.4072015528867775e-03
-3.3849649561333087e-03
-3.3627125606510294e-03
-3.3410740894082571e-03
-3.3204105080015455e-03
-3.2997547471119459e-03
-3.2800843233736221e-03
-3.2607869205399922e-03
-3.2416742226016840e-03
-3.2231389885197513e-03
-3.2045959685840226e-03
-3.1868389469542242e-03
-3.1694934607716762e-03
-3.1524555491007069e-03
-3.1360864813281767e-03
-3.1194408284719627e-03
-3.1032238917386113e-03
-3.0875119406547379e-03
-3.0719119274553505e-03
-3.0568761793210186e-03
-3.0421331743365207e-03
-3.0276394631373548e-03
-3.0131930050851189e-03
-2.9989052521028005e-03
-2.9849806100066614e-03
-2.9715003766642937e-03
-2.9580827653120896e-03
-2.9450770241033638e-03
-2.9323328533599697e-03
-2.9193500664653435e-03
-2.9067609463314802e-03
-2.8944550362424485e-03
-2.8822919451555904e-03
-2.8704834074440360e-03
-2.8589102791266373e-03
-2.8473506717598823e-03
-2.8358643622859304e-03
-2.8245959344064438e-03
-2.8134892292393872e-03
-2.8026843407045333e-03
-2.7920877009777927e-03
-2.7816357281563006e-03
-2.7712758948515749e-03
-2.7609484128527659e-03
-2.7507463421617838e-03
-2.7408083795386604e-03
-2.7311035715307020e-03
-2.7214894264756882e-03
-2.7121210296907291e-03
-2.7027673828411685e-03
-2.6933840181133234e-03
-2.6842167036575035e-03
-2.6752760252873923e-03
-2.6664753364957269e-03
-2.6578338090610092e-03
-2.6494061727401785e-03
-2.6409138775907682e-03
-2.6324514448736128e-03
-2.6241981934103631e-03
-2.6161469766368085e-03
-2.6082165378813926e-03
-2.6004490611897953e-03
-2.5928747898405504e-03
-2.5852008227710346e-03
-2.5775989637508985e-03
-2.5701885816985402e-03
-2.5629645779315226e-03
-2.5558878032139790e-03
-2.5489400753439004e-03
-2.5421562880370259e-03
-2.5352762544803360e-03
-2.5285306980587416e-03
-2.5219310203810795e-03
-2.5155089342641457e-03
-2.5092613606235575e-03
-2.5031446965089496e-03
-2.4971095645883903e-03
-2.4910355647766919e-03
-2.4851358956644834e-03
-2.4793802151151898e-03
-2.4737655970827176e-03
-2.4683238888295574e-03
-2.4630535118798694e-03
-2.4578302825702947e-03
-2.4525852511876663e-03
-2.4475160424511869e-03
-2.4426216047678450e-03
-2.4379011734105005e-03
-2.4333257253593876e-03
-2.4289083774854847e-03
-2.4244957028925680e-03
-2.4201797065354306e-03
-2.4160435901467640e-03
-2.4120547734034167e-03
-2.4082423704044433e-03
-2.4046137738452981e-03
-2.4011698805679266e-03
-2.3976751133799952e-03
0.0000000000000000e+00
4.7002897948916211e-01
3.6295486983223779e-01
7.2925299968229737e+01
];
