%Vec Object:sol 1 MPI processes
%  type: mpi
sol = [
0.0000000000000000e+00
-3.9430371345714754e-03
-3.9134640384127914e-03
-3.8845328899365199e-03
-3.8564267942319862e-03
-3.8289356202815096e-03
-3.8015441482328097e-03
-3.7754243921504439e-03
-3.7498396803581796e-03
-3.7249175639398587e-03
-3.7005150569275965e-03
-3.6761183098366263e-03
-3.6527332693768997e-03
-3.6299105761132731e-03
-3.6075246118019264e-03
-3.5855846423587540e-03
-3.5637344621434692e-03
-3.5425678644196127e-03
-3.5220587688060937e-03
-3.5017411433428758e-03
-3.4818545995917399e-03
-3.4621511305225504e-03
-3.4428217816398596e-03
-3.4241350917764914e-03
-3.4056837624991004e-03
-3.3875401778900964e-03
-3.3696524513658951e-03
-3.3518940169068156e-03
-3.3346721902447465e-03
-3.3179115398276715e-03
-3.3012711508239355e-03
-3.2847213499926507e-03
-3.2685495236852323e-03
-3.2525903836251092e-03
-3.2370890962812138e-03
-3.2219048971812336e-03
-3.2065980876015230e-03
-3.1916368672346251e-03
-3.1769679039344747e-03
-3.1625247838888127e-03
-3.1484687341390718e-03
-3.1344819829692695e-03
-3.1205107227429709e-03
-3.1069035154168831e-03
-3.0935827184626957e-03
-3.0804382974276364e-03
-3.0675535236038051e-03
-3.0546686009893078e-03
-3.0419253394791301e-03
-3.0295015878363299e-03
-3.0173827165606453e-03
-3.0054037327158882e-03
-2.9933885255148071e-03
-2.9816180085567856e-03
-2.9700396175343200e-03
-2.9586745028785939e-03
-2.9475845004016061e-03
-2.9365582386136364e-03
-2.9255175841502545e-03
-2.9147438499754026e-03
-2.9042278299052982e-03
-2.8938755573031209e-03
-2.8836816893659245e-03
-2.8734655020256003e-03
-2.8634829754103711e-03
-2.8536394342638651e-03
-2.8440365871084151e-03
-2.8346678016770775e-03
-2.8252416750028531e-03
-2.8159265788361572e-03
-2.8068429068859131e-03
-2.7979853325901826e-03
-2.7892990531935041e-03
-2.7806696603204705e-03
-2.7720957301359153e-03
-2.7637424993321234e-03
-2.7555596417235158e-03
-2.7475631419218013e-03
-2.7397646314851944e-03
-2.7319158274740933e-03
-2.7242495295983454e-03
-2.7167617881838132e-03
-2.7094880213048836e-03
-2.7024257313684398e-03
-2.6953751261251332e-03
-2.6884042601235413e-03
-2.6816480168278434e-03
-2.6751045364975770e-03
-2.6687722985620616e-03
-2.6625297077664655e-03
-2.6563091066161143e-03
-2.6503046188596289e-03
-2.6445154499003289e-03
-2.6389409899926189e-03
-2.6335440579199070e-03
-2.6281071677005299e-03
-2.6228897905400820e-03
-2.6178939398056942e-03
-2.6131198795652489e-03
0.0000000000000000e+00
5.1334296400879975e-01
3.6295486983223779e-01
7.2925299968229737e+01
];
