%Vec Object:sol 1 MPI processes
%  type: mpi
sol = [
0.0000000000000000e+00
-3.4254640526087097e-04
-3.4026300770972895e-04
-3.3802585857790391e-04
-3.3585056534706208e-04
-3.3377344437156699e-04
-3.3169716148988239e-04
-3.2972008967822376e-04
-3.2774474160723844e-04
-3.2579958489665253e-04
-3.2393767171224122e-04
-3.2207498895498945e-04
-3.2029140499282774e-04
-3.1854923521571540e-04
-3.1683790526621533e-04
-3.1514409797727316e-04
-3.1346364471960403e-04
-3.1183587017379446e-04
-3.1025887398819995e-04
-3.0869311256047724e-04
-3.0718408720517061e-04
-3.0569143374106268e-04
-3.0419176760398709e-04
-3.0274268300712953e-04
-3.0130951017226108e-04
-2.9991280836888420e-04
-2.9856075254732091e-04
-2.9721494003889294e-04
-2.9588750872618861e-04
-2.9457546811791958e-04
-2.9327394825845958e-04
-2.9201194799049411e-04
-2.9077835863611798e-04
-2.8955906264558186e-04
-2.8837536675284365e-04
-2.8718481241104117e-04
-2.8600086153219006e-04
-2.8485004638836636e-04
-2.8372106054129714e-04
-2.8260825912816847e-04
-2.8152573157252183e-04
-2.8046410591016894e-04
-2.7938069624841680e-04
-2.7832455405815725e-04
-2.7729041167223821e-04
-2.7626879204079561e-04
-2.7527363884353887e-04
-2.7430183959401949e-04
-2.7333331833575127e-04
-2.7236019374064514e-04
-2.7141124478056376e-04
-2.7047215822223811e-04
-2.6955469313227469e-04
-2.6865991477701632e-04
-2.6777911394663116e-04
-2.6690228874063721e-04
-2.6602603796752473e-04
-2.6516890540924051e-04
-2.6432244924604173e-04
-2.6349691872346379e-04
-2.6269159724002437e-04
-2.6189831811558096e-04
-2.6110379370285523e-04
-2.6031531939156181e-04
-2.5954524064629377e-04
-2.5878529828478580e-04
-2.5804450072313572e-04
-2.5732233657591112e-04
-2.5661486667533095e-04
-2.5589743479572898e-04
-2.5519183784971858e-04
-2.5450443351144155e-04
-2.5383044857822396e-04
-2.5317103286342331e-04
-2.5252937669216496e-04
-2.5190497544940745e-04
-2.5126595981550466e-04
-2.5064191433952105e-04
-2.5003553299899603e-04
-2.4944658185859468e-04
-2.4887201363471220e-04
-2.4831153565424684e-04
-2.4776133001701734e-04
-2.4720870058245127e-04
-2.4667270084659324e-04
-2.4614963158361438e-04
-2.4564414165409795e-04
-2.4515612721814418e-04
-2.4468550990905933e-04
-2.4421518666920895e-04
-2.4374946917559676e-04
-2.4330175182743421e-04
-2.4287202186279336e-04
-2.4246028122530930e-04
-2.4206325806982949e-04
-2.4168395927899293e-04
-2.4130087302318622e-04
-2.4093390116152881e-04
-2.4058583109707235e-04
0.0000000000000000e+00
4.7160599999978908e-01
3.6295485309822773e-01
7.2925365311217348e+01
];
