%Vec Object:sol 1 MPI processes
%  type: mpi
sol = [
0.0000000000000000e+00
-3.9049640584954770e-04
-3.8757510667403281e-04
-3.8471722923885297e-04
-3.8194085241366422e-04
-3.7928801568755740e-04
-3.7662822357845024e-04
-3.7404660127659064e-04
-3.7151791973113844e-04
-3.6905478501572783e-04
-3.6669562546953028e-04
-3.6433921881606887e-04
-3.6202667830319225e-04
-3.5976983901947869e-04
-3.5755627870979643e-04
-3.5542793125326960e-04
-3.5332116560040847e-04
-3.5123792796414477e-04
-3.4920874633855215e-04
-3.4719862183818544e-04
-3.4526006857594880e-04
-3.4336114024719969e-04
-3.4147266886650558e-04
-3.3962274711911103e-04
-3.3779624088078598e-04
-3.3601674046929305e-04
-3.3429343110884930e-04
-3.3257326313905207e-04
-3.3086734881087324e-04
-3.2920720980608731e-04
-3.2756326762039650e-04
-3.2596872820743873e-04
-3.2441063044414455e-04
-3.2283616461916656e-04
-3.2129965617103573e-04
-3.1979466257884708e-04
-3.1831199954595479e-04
-3.1687049282779389e-04
-3.1543817439240056e-04
-3.1400555409871056e-04
-3.1261138395474752e-04
-3.1124475490644531e-04
-3.0989825365137412e-04
-3.0858457735671624e-04
-3.0726224145563260e-04
-3.0595748254351929e-04
-3.0468608123518425e-04
-3.0344436239999797e-04
-3.0221592241726349e-04
-3.0099445636416652e-04
-2.9979030078200312e-04
-2.9860009753908927e-04
-2.9743711986483643e-04
-2.9630247151174325e-04
-2.9517825622719978e-04
-2.9404792654506238e-04
-2.9294495382468591e-04
-2.9186590447380552e-04
-2.9080114844988952e-04
-2.8976221212366477e-04
-2.8872201546468199e-04
-2.8769117837722398e-04
-2.8668136754517778e-04
-2.8569592546863416e-04
-2.8473305493678593e-04
-2.8377233678216293e-04
-2.8281483316294217e-04
-2.8188061464864901e-04
-2.8096516942557680e-04
-2.8006637634493198e-04
-2.7919000651739249e-04
-2.7830834062544821e-04
-2.7744083772974186e-04
-2.7659161966193604e-04
-2.7576419781878003e-04
-2.7495815294176890e-04
-2.7415535130678287e-04
-2.7335530705897485e-04
-2.7257668594741954e-04
-2.7181915821887064e-04
-2.7107924503497882e-04
-2.7035618684507964e-04
-2.6962686536291698e-04
-2.6891856716687135e-04
-2.6823015975810968e-04
-2.6755745180005594e-04
-2.6690558765377439e-04
-2.6625908427478970e-04
-2.6562225163634628e-04
-2.6500309572221790e-04
-2.6440302600298820e-04
-2.6382397992348995e-04
-2.6326195963138329e-04
-2.6269936861724900e-04
-2.6215440190637093e-04
-2.6163025463393953e-04
-2.6112768067515572e-04
-2.6064670322250422e-04
-2.6016884791768427e-04
0.0000000000000000e+00
5.1041309088152098e-01
3.6295485309822773e-01
7.2925365311217348e+01
];
