%Vec Object:sol 1 MPI processes
%  type: mpi
sol = [
0.0000000000000000e+00
-3.5647868398377839e-04
-3.5403347277225327e-04
-3.5163874253810629e-04
-3.4931082625735082e-04
-3.4708770435369239e-04
-3.4485751943677827e-04
-3.4268491834720297e-04
-3.4055474425554269e-04
-3.3847845343722458e-04
-3.3649081590519242e-04
-3.3450371560976583e-04
-3.3260051011821693e-04
-3.3068925728451612e-04
-3.2881249421618696e-04
-3.2700861210878699e-04
-3.2522052221076067e-04
-3.2348860048141939e-04
-3.2181078987177189e-04
-3.2010717077681519e-04
-3.1845386809559027e-04
-3.1683335767302730e-04
-3.1524230643653400e-04
-3.1370490779959059e-04
-3.1218489116639054e-04
-3.1067982998737799e-04
-3.0920077446183557e-04
-3.0772996833590850e-04
-3.0630404034784055e-04
-3.0491638705193637e-04
-3.0354029213070785e-04
-3.0219609792234625e-04
-3.0084962531394440e-04
-2.9951953854713608e-04
-2.9822799780157176e-04
-2.9696245152209175e-04
-2.9571463116932935e-04
-2.9450180464787396e-04
-2.9327533165975279e-04
-2.9206377873917093e-04
-2.9088498280153508e-04
-2.8972909390079043e-04
-2.8858941787602183e-04
-2.8747982836757889e-04
-2.8637120307464868e-04
-2.8526124458029583e-04
-2.8417986598567967e-04
-2.8312378761614307e-04
-2.8207807222667170e-04
-2.8105891213679762e-04
-2.8005601628472172e-04
-2.7903775921618828e-04
-2.7804286638432360e-04
-2.7707241217246251e-04
-2.7611731282650741e-04
-2.7517954962128611e-04
-2.7426487669595008e-04
-2.7333963586043288e-04
-2.7242348728841181e-04
-2.7152979579296680e-04
-2.7065778576793650e-04
-2.6979894926600886e-04
-2.6895766813489898e-04
-2.6811896489723332e-04
-2.6728651851466137e-04
-2.6646518164879634e-04
-2.6566428357455477e-04
-2.6488327031977128e-04
-2.6411803900777898e-04
-2.6335941257822962e-04
-2.6259774819469917e-04
-2.6185543339477397e-04
-2.6112749678412729e-04
-2.6041511338798293e-04
-2.5972157242102652e-04
-2.5904664152619927e-04
-2.5835930009559209e-04
-2.5768579207548870e-04
-2.5703095383865194e-04
-2.5639452199109115e-04
-2.5577331976420502e-04
-2.5516702628751908e-04
-2.5456217686305383e-04
-2.5396536314919093e-04
-2.5338603386251140e-04
-2.5282034206661804e-04
-2.5227308453816723e-04
-2.5174413616049101e-04
-2.5122457039398956e-04
-2.5070325357069332e-04
-2.5019888698086829e-04
-2.4971330116168883e-04
-2.4924646504974042e-04
-2.4879836275064034e-04
-2.4836326117967785e-04
-2.4792393512368827e-04
-2.4750407840569948e-04
-2.4710374599312105e-04
-2.4672300606514845e-04
0.0000000000000000e+00
4.8332495376441759e-01
3.6295485309822773e-01
7.2925365311217348e+01
];
