%Vec Object:sol 1 MPI processes
%  type: mpi
sol = [
0.0000000000000000e+00
-3.3535910706037589e-03
-3.3318794023220180e-03
-3.3106002563742095e-03
-3.2899062736340590e-03
-3.2700737496544957e-03
-3.2497534069720552e-03
-3.2303986434233790e-03
-3.2114087305888436e-03
-3.1928911147031933e-03
-3.1751711107344933e-03
-3.1574295309820064e-03
-3.1403244036877628e-03
-3.1232229137323746e-03
-3.1064230777638731e-03
-3.0902798509765753e-03
-3.0742618803645317e-03
-3.0587465382451119e-03
-3.0437158655991468e-03
-3.0286543218168414e-03
-3.0137983273168293e-03
-2.9992304036329793e-03
-2.9849199745338962e-03
-2.9710940625647794e-03
-2.9574142809960218e-03
-2.9440818475983082e-03
-2.9310595274657796e-03
-2.9177750530202497e-03
-2.9048964825184966e-03
-2.8923627423388509e-03
-2.8799240405284155e-03
-2.8678642169657708e-03
-2.8560749691937588e-03
-2.8443233783670679e-03
-2.8326068543703875e-03
-2.8211232791334378e-03
-2.8097954156394299e-03
-2.7987853933488602e-03
-2.7879828450774768e-03
-2.7773327155076397e-03
-2.7669046017372197e-03
-2.7563696397178202e-03
-2.7459787226551879e-03
-2.7358626204357348e-03
-2.7259567329874076e-03
-2.7161684683025397e-03
-2.7066345505983819e-03
-2.6972826940327736e-03
-2.6877068548341069e-03
-2.6783748720166319e-03
-2.6692754404554521e-03
-2.6602685189217679e-03
-2.6514694359349774e-03
-2.6428887968021550e-03
-2.6344230271215046e-03
-2.6257992866147678e-03
-2.6173882688262681e-03
-2.6091612227090665e-03
-2.6010355385095900e-03
-2.5931117939888442e-03
-2.5853831183085337e-03
-2.5777695618855218e-03
-2.5700035619139220e-03
-2.5624296599956746e-03
-2.5550335259801691e-03
-2.5477342967840733e-03
-2.5406204294533062e-03
-2.5336870463612804e-03
-2.5268956871993061e-03
-2.5199476723846525e-03
-2.5131669093294744e-03
-2.5065627238407768e-03
-2.5000883832673256e-03
-2.4937552351821843e-03
-2.4875946532664215e-03
-2.4816037111911357e-03
-2.4754786731722195e-03
-2.4694813464649482e-03
-2.4636559846598158e-03
-2.4580003903343990e-03
-2.4524847442400589e-03
-2.4471062441386586e-03
-2.4418963747785214e-03
-2.4366024153373521e-03
-2.4314558348865565e-03
-2.4264352891287277e-03
-2.4215864821429726e-03
-2.4169084609411626e-03
-2.4124005608646749e-03
-2.4080345552930562e-03
-2.4035699710271987e-03
-2.3992804723999149e-03
-2.3951670587582553e-03
-2.3912297735748057e-03
-2.3874365047555231e-03
-2.3838160059941847e-03
-2.3803519731273987e-03
-2.3768485857254881e-03
-2.3735305757210429e-03
0.0000000000000000e+00
4.6543708311651250e-01
3.6295486983223779e-01
7.2925299968229737e+01
];
