%Vec Object:sol 1 MPI processes
%  type: mpi
sol = [
0.0000000000000000e+00
-3.8541070323529891e-03
-3.8260275049119478e-03
-3.7984636095662553e-03
-3.7711279991764885e-03
-3.7450063389327924e-03
-3.7189713724668080e-03
-3.6941549906694465e-03
-3.6698419501629402e-03
-3.6456620657958775e-03
-3.6224024902953324e-03
-3.5991971965696453e-03
-3.5769616771030919e-03
-3.5552594240143760e-03
-3.5337057293532248e-03
-3.5126957903966467e-03
-3.4918988656163106e-03
-3.4717553105860564e-03
-3.4522404211812471e-03
-3.4328612425218790e-03
-3.4137031307355406e-03
-3.3949365423101121e-03
-3.3765240551904474e-03
-3.3587280093553551e-03
-3.3411516059337482e-03
-3.3237197154213031e-03
-3.3066686420798299e-03
-3.2897346211915712e-03
-3.2733154124082371e-03
-3.2573378127857375e-03
-3.2414304069786053e-03
-3.2256360160055242e-03
-3.2102028452485579e-03
-3.1949696840927167e-03
-3.1801762578743216e-03
-3.1656853436474288e-03
-3.1511163597541078e-03
-3.1368223950005163e-03
-3.1228073188309356e-03
-3.1090063708776772e-03
-3.0955773694865607e-03
-3.0823415826576658e-03
-3.0689755425544639e-03
-3.0559595165891122e-03
-3.0432177482149205e-03
-3.0306427147764317e-03
-3.0183904329170825e-03
-3.0061804134764634e-03
-2.9939720595084317e-03
-2.9820710868288499e-03
-2.9704633229435157e-03
-2.9589873343597180e-03
-2.9477339599861836e-03
-2.9364438774603526e-03
-2.9253370806572370e-03
-2.9144343598520887e-03
-2.9037963902703015e-03
-2.8933894019927842e-03
-2.8829288250942584e-03
-2.8725773189733489e-03
-2.8624739569745143e-03
-2.8525266987619842e-03
-2.8427822411864977e-03
-2.8332704723727613e-03
-2.8236636138554878e-03
-2.8141884338996506e-03
-2.8049452258276080e-03
-2.7959275493999593e-03
-2.7870908965086242e-03
-2.7782776420650170e-03
-2.7695181844697970e-03
-2.7609767784547755e-03
-2.7525996830389315e-03
-2.7443991423727596e-03
-2.7364100068337184e-03
-2.7283697862560759e-03
-2.7204611880832512e-03
-2.7127319993773950e-03
-2.7052108341601424e-03
-2.6978945323277415e-03
-2.6906552179703585e-03
-2.6834009191560111e-03
-2.6763534551122892e-03
-2.6695103994528596e-03
-2.6628606262388680e-03
-2.6563627247071890e-03
-2.6498566531755253e-03
-2.6434996956938689e-03
-2.6373471974203986e-03
-2.6313663455449668e-03
-2.6255711607538236e-03
-2.6199146634214537e-03
-2.6142732188703575e-03
-2.6088398833516071e-03
-2.6035779645757896e-03
-2.5985191694242156e-03
-2.5936710412301175e-03
-2.5888486248308164e-03
-2.5841769605884058e-03
0.0000000000000000e+00
5.0645890001717453e-01
3.6295486983223779e-01
7.2925299968229737e+01
];
