%Vec Object:sol 1 MPI processes
%  type: mpi
sol = [
0.0000000000000000e+00
-3.9273690821956322e-03
-3.8979607527163760e-03
-3.8691903208925393e-03
-3.8412399225843589e-03
-3.8143457819121195e-03
-3.7870991717400878e-03
-3.7611175194741144e-03
-3.7356678771963939e-03
-3.7108772433248789e-03
-3.6870420249766542e-03
-3.6627677309094462e-03
-3.6395002749341127e-03
-3.6167924683903722e-03
-3.5945192915016093e-03
-3.5731029298446109e-03
-3.5513751386300287e-03
-3.5303088061322640e-03
-3.5098971449125244e-03
-3.4896762065469303e-03
-3.4701746096663802e-03
-3.4506941431669408e-03
-3.4314507270786412e-03
-3.4128474080360387e-03
-3.3944786366715734e-03
-3.3765818623872727e-03
-3.3590219095008173e-03
-3.3413370670234244e-03
-3.3241868786230708e-03
-3.3074962312213381e-03
-3.2909675812478672e-03
-3.2748517169360679e-03
-3.2587418576579077e-03
-3.2428441663438804e-03
-3.2274028287301907e-03
-3.2122776324949166e-03
-3.1973762444004665e-03
-3.1825229080876460e-03
-3.1679056822785235e-03
-3.1535137780600133e-03
-3.1395077930158458e-03
-3.1257780550221579e-03
-3.1120389150700134e-03
-3.0984750227783537e-03
-3.0851968272790865e-03
-3.0720946731141014e-03
-3.0593272759537912e-03
-3.0467910274544897e-03
-3.0340836336448418e-03
-3.0216949337451750e-03
-3.0096103268648119e-03
-2.9976653771377243e-03
-2.9859935591520642e-03
-2.9743201365647789e-03
-2.9627695822032037e-03
-2.9514318383851417e-03
-2.9403685076998315e-03
-2.9295451144315536e-03
-2.9187216409631727e-03
-2.9079687978418546e-03
-2.8974730509868881e-03
-2.8871407164118134e-03
-2.8770191907309625e-03
-2.8671309177586567e-03
-2.8571624896237503e-03
-2.8473328032283941e-03
-2.8377432223771633e-03
-2.8283871119320486e-03
-2.8192191630182113e-03
-2.8100235860218535e-03
-2.8009471750145096e-03
-2.7920963185409666e-03
-2.7834163585666013e-03
-2.7749196813810295e-03
-2.7665720842498681e-03
-2.7582197518266449e-03
-2.7500374177805123e-03
-2.7420409974024183e-03
-2.7342594863419109e-03
-2.7266896173718394e-03
-2.7190622038998479e-03
-2.7115675757153602e-03
-2.7042863958208789e-03
-2.6972161505454083e-03
-2.6903454982877221e-03
-2.6835128424284979e-03
-2.6767435792339313e-03
-2.6701865387262031e-03
-2.6638401792808248e-03
-2.6576711639520502e-03
-2.6516780264916628e-03
-2.6456543497739818e-03
-2.6398454000262995e-03
-2.6342505178983959e-03
-2.6288324442941650e-03
-2.6236232919795073e-03
-2.6184577729554811e-03
-2.6134348407045684e-03
-2.6086330515659459e-03
0.0000000000000000e+00
5.1215902619987230e-01
3.6295486983223779e-01
7.2925299968229737e+01
];
