%Vec Object:sol 1 MPI processes
%  type: mpi
sol = [
0.0000000000000000e+00
-3.3405647147495576e-03
-3.3189515937431312e-03
-3.2977683894210028e-03
-3.2771670439982700e-03
-3.2575010187931930e-03
-3.2376216776735774e-03
-3.2183458943113807e-03
-3.1994329871379056e-03
-3.1809899277333575e-03
-3.1633406092917934e-03
-3.1456695774314267e-03
-3.1287531873390459e-03
-3.1120192118138743e-03
-3.0952792259078972e-03
-3.0791928966730454e-03
-3.0632312193690828e-03
-3.0477699258866261e-03
-3.0327911650364168e-03
-3.0179107820352551e-03
-3.0033902352068495e-03
-2.9888665358783085e-03
-2.9745993336852935e-03
-2.9608147073580410e-03
-2.9471757085680196e-03
-2.9338827087019258e-03
-2.9210157151228809e-03
-2.9080591074844798e-03
-2.8952129998325192e-03
-2.8827105342441616e-03
-2.8703029390424895e-03
-2.8582728971723809e-03
-2.8465125539476627e-03
-2.8348846144171085e-03
-2.8234998425010313e-03
-2.8120393840320454e-03
-2.8007343297887129e-03
-2.7897461675216268e-03
-2.7789649683042836e-03
-2.7683358922081102e-03
-2.7579964895553329e-03
-2.7478038512612703e-03
-2.7374288842232034e-03
-2.7273280686744617e-03
-2.7174370550556151e-03
-2.7076636087866460e-03
-2.6981439317952018e-03
-2.6888478864181349e-03
-2.6796268400982107e-03
-2.6703048230537945e-03
-2.6612149483399724e-03
-2.6522177482306360e-03
-2.6434281231185802e-03
-2.6348566420711732e-03
-2.6264184492800820e-03
-2.6181324952010226e-03
-2.6097540297061010e-03
-2.6015312260040469e-03
-2.5934100086914148e-03
-2.5854905780415866e-03
-2.5777660698519398e-03
-2.5701568475885255e-03
-2.5627044405360285e-03
-2.5551889622875204e-03
-2.5477925326815162e-03
-2.5404932035850403e-03
-2.5333790941277569e-03
-2.5264453260879735e-03
-2.5196535714490532e-03
-2.5129860752789797e-03
-2.5062827204389493e-03
-2.4996747836291927e-03
-2.4931967238124831e-03
-2.4868598429905928e-03
-2.4806954064145025e-03
-2.4747004993192182e-03
-2.4688323789431232e-03
-2.4629226486918509e-03
-2.4570903139519893e-03
-2.4514276810232265e-03
-2.4459050223802270e-03
-2.4405195458037246e-03
-2.4353026409729781e-03
-2.4302528461449262e-03
-2.4251943623261668e-03
-2.4201640613625694e-03
-2.4153055123328077e-03
-2.4106177658826441e-03
-2.4061001525740007e-03
-2.4017242100339048e-03
-2.3975029060864009e-03
-2.3932907111696091e-03
-2.3891643218470343e-03
-2.3852141806062679e-03
-2.3814082866761527e-03
-2.3777753022214245e-03
-2.3743225032614862e-03
-2.3710507356726877e-03
-2.3677869174195680e-03
0.0000000000000000e+00
4.6432177599258662e-01
3.6295486983223779e-01
7.2925299968229737e+01
];
