%Vec Object:sol 1 MPI processes
%  type: mpi
sol = [
0.0000000000000000e+00
-3.9122344095028905e-03
-3.8829587722691923e-03
-3.8543191247806972e-03
-3.8264966479576207e-03
-3.7999126491359940e-03
-3.7730410825168176e-03
-3.7471740507648726e-03
-3.7218376154657309e-03
-3.6971580985161287e-03
-3.6735206072814361e-03
-3.6496958367007908e-03
-3.6265281835473713e-03
-3.6039185336800535e-03
-3.5817423705672780e-03
-3.5604199322993770e-03
-3.5392125242849413e-03
-3.5182343765303744e-03
-3.4979087570221759e-03
-3.4777737083498774e-03
-3.4583554927406232e-03
-3.4393339494588676e-03
-3.4202100816048886e-03
-3.4016814462314595e-03
-3.3833869712219531e-03
-3.3655630591457124e-03
-3.3483017543694303e-03
-3.3308683997877895e-03
-3.3137830611838217e-03
-3.2971559167325449e-03
-3.2806906017061412e-03
-3.2647198632012636e-03
-3.2489888421040852e-03
-3.2331469928170483e-03
-3.2177601710594770e-03
-3.2026886993299706e-03
-3.1878405750204028e-03
-3.1734044266994665e-03
-3.1588647895308603e-03
-3.1445193157827083e-03
-3.1305587099673291e-03
-3.1168736956438230e-03
-3.1033900156454005e-03
-3.0900431968105334e-03
-3.0768032597608512e-03
-3.0637390935396593e-03
-3.0510088095667240e-03
-3.0385756047130942e-03
-3.0262161358344470e-03
-3.0138584865917971e-03
-3.0018042085670836e-03
-2.9898894243222804e-03
-2.9782471177897643e-03
-2.9668883632136449e-03
-2.9554496681845825e-03
-2.9441357703695946e-03
-2.9330956848527333e-03
-2.9222950376877237e-03
-2.9116373846842362e-03
-2.9011263914408467e-03
-2.8906479943697208e-03
-2.8803328194684404e-03
-2.8702280929575057e-03
-2.8603673033638032e-03
-2.8507324426456106e-03
-2.8409417300540645e-03
-2.8313621374073130e-03
-2.8220155825690375e-03
-2.8128568727999398e-03
-2.8038647545739373e-03
-2.7949516203095502e-03
-2.7861049202272032e-03
-2.7774288267624248e-03
-2.7689356559697700e-03
-2.7606605995472593e-03
-2.7525850511507140e-03
-2.7444011292507842e-03
-2.7364027388783467e-03
-2.7286187625000643e-03
-2.7210459171457192e-03
-2.7136493798778825e-03
-2.7062533821926456e-03
-2.6989642876833800e-03
-2.6918856373841938e-03
-2.6850061032112570e-03
-2.6782837227075583e-03
-2.6717170161805800e-03
-2.6651462349097828e-03
-2.6587856570026848e-03
-2.6526020213530998e-03
-2.6466094506902263e-03
-2.6408273548754213e-03
-2.6350527176476359e-03
-2.6294366379595612e-03
-2.6239969719907500e-03
-2.6187657255408369e-03
-2.6137504583872363e-03
-2.6088535191024585e-03
-2.6040248571748952e-03
0.0000000000000000e+00
5.1099209908643961e-01
3.6295486983223779e-01
7.2925299968229737e+01
];
