%Vec Object:sol 1 MPI processes
%  type: mpi
sol = [
0.0000000000000000e+00
-1.6931872858944128e-02
-1.5362924850759921e-02
-1.3596650825985362e-02
-1.1973884835335588e-02
-1.0706045869538782e-02
-3.9767287710504593e-03
-3.9691724806887136e-03
-3.9262628982496125e-03
-3.8832213653057601e-03
-3.8409398997538138e-03
-3.7983746310584093e-03
-3.7568145781533752e-03
-3.7157721393661410e-03
-3.6749128283699146e-03
-3.6347070612527863e-03
-3.5946893425587742e-03
-3.5553577816897085e-03
-3.5165641864552291e-03
-3.4776692567724354e-03
-3.4395218057442683e-03
-3.4017770377227988e-03
-3.3643923753238132e-03
-3.3272937300561109e-03
-3.2904204217519568e-03
-3.2540156932649570e-03
-3.2181676450975380e-03
-3.1822282329850974e-03
-3.1466538202817272e-03
-3.1115055998264876e-03
-3.0764758607536150e-03
-3.0418903592374594e-03
-3.0073296422262774e-03
-2.9728990208682704e-03
-2.9388404934636032e-03
-2.9050042941626852e-03
-2.8712428691583403e-03
-2.8375505348875786e-03
-2.8039997597050542e-03
-2.7704922358748121e-03
-2.7371238494591828e-03
-2.7036699059475697e-03
-2.6697922631421082e-03
-2.6356478522002978e-03
-2.6009139751111184e-03
-2.5651555780292650e-03
-2.5280934712274558e-03
-2.4890496339669468e-03
-2.4476261577496537e-03
-2.4037169199345844e-03
-2.3573347289098470e-03
-2.3087385949405576e-03
-2.2587041988734943e-03
-2.2080489858565928e-03
-2.1576808623777958e-03
-2.1084033323688477e-03
-2.0609967304291302e-03
-2.0161064613901957e-03
-1.9742519744462960e-03
-1.9358667588371477e-03
-1.9011409245178897e-03
-1.8701615747171337e-03
-1.8425053317188919e-03
-1.8175620370587202e-03
-1.7954697791732982e-03
-1.7758783521216038e-03
-1.7584012395484192e-03
-1.7426768696999304e-03
-1.7284226744328152e-03
-1.7154210493956921e-03
-1.7034117073489812e-03
-1.6920932640995803e-03
-1.6814975008968246e-03
-1.6714282141054222e-03
-1.6616187900740629e-03
-1.6520640236939333e-03
-1.6427171860846251e-03
-1.6334481868814348e-03
-1.6241526521697180e-03
-1.6148107606273104e-03
-1.6054471601011308e-03
-1.5959496756532891e-03
-1.5862610099077132e-03
-1.5763303378957168e-03
-1.5661879638970387e-03
-1.5558018939333068e-03
-1.5450874458437065e-03
-1.5340067525179859e-03
-1.5225216146338538e-03
-1.5107231358935692e-03
-1.4984980144850933e-03
-1.4857387939941292e-03
-1.4724434746098323e-03
-1.4585960578284156e-03
-1.4440814455597617e-03
-1.4288536454966534e-03
-1.4128038711381152e-03
-1.3957544280715497e-03
-1.3776580523208802e-03
0.0000000000000000e+00
5.6783281321461354e-01
3.6063829212233123e-01
6.1417375646235925e+01
];
