%Vec Object:sol 1 MPI processes
%  type: mpi
sol = [
0.0000000000000000e+00
-3.6839571503580314e-03
-3.6579564443140729e-03
-3.6325025009748130e-03
-3.6077647843222919e-03
-3.5841372934100955e-03
-3.5602704980178170e-03
-3.5372158847209968e-03
-3.5146196559586022e-03
-3.4926004447221790e-03
-3.4715187632784919e-03
-3.4504577825666153e-03
-3.4299124832785008e-03
-3.4096764244222091e-03
-3.3898168675599379e-03
-3.3707271963142964e-03
-3.3518138549379086e-03
-3.3334957323857737e-03
-3.3153268396666474e-03
-3.2972243634918456e-03
-3.2797701756174646e-03
-3.2626662682102509e-03
-3.2458777417931212e-03
-3.2296550473553355e-03
-3.2131743036479302e-03
-3.1970881285532456e-03
-3.1815120005513875e-03
-3.1660292395320026e-03
-3.1510191706147638e-03
-3.1364027018813056e-03
-3.1214817141409367e-03
-3.1070107542573036e-03
-3.0928686978065308e-03
-3.0789023255381196e-03
-3.0653407881040162e-03
-3.0520205020398974e-03
-3.0385099053803666e-03
-3.0253754629210321e-03
-3.0124944154278546e-03
-2.9998053215962578e-03
-2.9874593444457471e-03
-2.9753082610008133e-03
-2.9629884437625655e-03
-2.9509920707450005e-03
-2.9392471895840966e-03
-2.9276513454686336e-03
-2.9163540579250176e-03
-2.9052689320750126e-03
-2.8939825410305479e-03
-2.8829811004689849e-03
-2.8722514265121469e-03
-2.8616393079669957e-03
-2.8512706557294472e-03
-2.8411018399237976e-03
-2.8308050289026655e-03
-2.8206961633221702e-03
-2.8108336467409191e-03
-2.8011854052839109e-03
-2.7916605746319497e-03
-2.7823137407793049e-03
-2.7729221014177064e-03
-2.7636739963533326e-03
-2.7546143938445857e-03
-2.7457753246925265e-03
-2.7371400822290351e-03
-2.7285649067132450e-03
-2.7199480412391751e-03
-2.7115426531603595e-03
-2.7033061971150894e-03
-2.6952187593296891e-03
-2.6873352690013016e-03
-2.6795948204677523e-03
-2.6717655441665243e-03
-2.6641018744486223e-03
-2.6566374540521560e-03
-2.6493685694794528e-03
-2.6422480644188234e-03
-2.6352314886592672e-03
-2.6281864816185044e-03
-2.6213353701779276e-03
-2.6146452717720975e-03
-2.6081127283895059e-03
-2.6017715169502935e-03
-2.5955527695602325e-03
-2.5893117079583959e-03
-2.5832145363265139e-03
-2.5773104473421253e-03
-2.5715979762377370e-03
-2.5660759708297843e-03
-2.5606346327131445e-03
-2.5551870637687767e-03
-2.5499353817618280e-03
-2.5448790970673181e-03
-2.5400178786805943e-03
-2.5353165937598743e-03
-2.5307100709494896e-03
-2.5261493849827584e-03
-2.5217913132255451e-03
-2.5176363942187789e-03
0.0000000000000000e+00
4.9304132264136380e-01
3.6295486983223779e-01
7.2925299968229737e+01
];
