%Vec Object:sol 1 MPI processes
%  type: mpi
sol = [
0.0000000000000000e+00
-3.3222553548427420e-09
-2.0040983142383894e-08
-2.3209849901655016e-02
-2.0253403081269845e-02
-1.8066648477668402e-02
-1.6220296479897298e-02
-1.4662422667170400e-02
-1.3238088695312475e-02
-1.1966700510342555e-02
-1.0714031881259786e-02
-9.4702985371837179e-03
-8.2033330186530931e-03
-6.8655615343239853e-03
-5.5741208228247859e-03
-4.2684936335391829e-03
-3.1670354796872612e-03
-2.1964604751304900e-03
-1.5172059265819353e-03
-1.0323589287745624e-03
-7.7202664814221718e-04
-6.5045255727117803e-04
-6.3527397684633050e-04
-6.7762773413650916e-04
-7.4677587171084216e-04
-8.2401069708886961e-04
-8.9676965626191976e-04
-9.5884299822918649e-04
-1.0111527719513624e-03
-1.0493030805039927e-03
-1.0791730626350104e-03
-1.0986561543234431e-03
-1.1109692886974631e-03
-1.1179784709385301e-03
-1.1192751109235968e-03
-1.1172236886038585e-03
-1.1122494004194312e-03
-1.1043827299750180e-03
-1.0947608029714003e-03
-1.0837129834683995e-03
-1.0709753215100918e-03
-1.0571618555273437e-03
-1.0423151192103959e-03
-1.0264944874633821e-03
-1.0098896104200723e-03
-9.9217921021021397e-04
-9.7367846987304473e-04
-9.5437264128287738e-04
-9.3425905441408587e-04
-9.1275535615329860e-04
-8.9020851987294588e-04
-8.6643420104503459e-04
-8.4096481634939838e-04
-8.1283827713522869e-04
-7.8134909952664038e-04
-7.4507033329889111e-04
4.1102508727717875e-02
1.4670900459698467e-02
-1.1534802754207627e-03
-1.2132255245260503e-03
-1.2543841347302639e-03
-1.2818975122097800e-03
-1.2988504469641342e-03
-1.3077491671255061e-03
-1.3108470399705639e-03
-1.3101021880361735e-03
-1.3069829084913875e-03
-1.3026281925884781e-03
-1.2980108624389959e-03
-1.2937783669683387e-03
-1.2901272481645597e-03
-1.2870094562942051e-03
-1.2845846712772914e-03
-1.2825845942226145e-03
-1.2806025329581815e-03
-1.2785409949275979e-03
-1.2763163856209488e-03
-1.2737543307718678e-03
-1.2707246029970711e-03
-1.2672183245054779e-03
-1.2633547356473726e-03
-1.2590607569223900e-03
-1.2543151330898915e-03
-1.2490939343326208e-03
-1.2434937742613905e-03
-1.2375143483065562e-03
-1.2310903560873181e-03
-1.2241980248876073e-03
-1.2167973867681983e-03
-1.2090052706413546e-03
-1.2007066693889084e-03
-1.1918491978481409e-03
-1.1824137121646862e-03
-1.1724055864826067e-03
-1.1617162112547428e-03
-1.1502928591001038e-03
-1.1381224200416695e-03
-1.1250789217625266e-03
-1.1111784686659379e-03
0.0000000000000000e+00
6.4214015277519554e-01
3.2815704414249897e-01
1.5271530462115614e+01
];
