%Vec Object:sol 1 MPI processes
%  type: mpi
sol = [
0.0000000000000000e+00
-1.5892414048684200e-03
-1.4238210062640353e-03
-1.2518756702117704e-03
-1.0759626967604837e-03
-3.9311551890509677e-04
-3.9037836035034487e-04
-3.8640744461447926e-04
-3.8248718506758998e-04
-3.7861814480697983e-04
-3.7487201639806964e-04
-3.7113970594244755e-04
-3.6751462554423137e-04
-3.6391527334283749e-04
-3.6036666114815753e-04
-3.5691244930797909e-04
-3.5348326598286939e-04
-3.5009226391290545e-04
-3.4676237131719604e-04
-3.4345191200010959e-04
-3.4021522018188785e-04
-3.3700362510115508e-04
-3.3380341562111622e-04
-3.3066570305808073e-04
-3.2754799030302245e-04
-3.2447391392784777e-04
-3.2142369672066954e-04
-3.1837440690061163e-04
-3.1537291263194372e-04
-3.1241095744024362e-04
-3.0945392776791930e-04
-3.0651197686529469e-04
-3.0359965704010347e-04
-3.0070034111720506e-04
-2.9783753737410611e-04
-2.9498792954828429e-04
-2.9213231040548150e-04
-2.8930874064630118e-04
-2.8650420363024101e-04
-2.8371215714419575e-04
-2.8093863300449143e-04
-2.7816535180879323e-04
-2.7540273449294130e-04
-2.7266477944289856e-04
-2.6994412603796597e-04
-2.6722612783904975e-04
-2.6451109513703474e-04
-2.6181501883036184e-04
-2.5912293402681388e-04
-2.5645073585246346e-04
-2.5379701443140767e-04
-2.5112970745645399e-04
-2.4847517909772928e-04
-2.4583783306149126e-04
-2.4320880913136948e-04
-2.4058982019087803e-04
-2.3798159297714529e-04
-2.3537169240983534e-04
-2.3276644399947117e-04
-2.3017566585774578e-04
-2.2759889673479455e-04
-2.2502914390554415e-04
-2.2246571840146828e-04
-2.1990887479420799e-04
-2.1737025055595526e-04
-2.1484566877171091e-04
-2.1234716995816242e-04
-2.0987867771307274e-04
-2.0744025697768648e-04
-2.0502595921439775e-04
-2.0265723397273658e-04
-2.0033725007649258e-04
-1.9806670510438235e-04
-1.9584905356168292e-04
-1.9368699741286057e-04
-1.9157513498162834e-04
-1.8951198757991561e-04
-1.8750463990331297e-04
-1.8555402337527642e-04
-1.8365863354175918e-04
-1.8181891143820387e-04
-1.8003489259313515e-04
-1.7830566120693197e-04
-1.7663050555112773e-04
-1.7501731489936201e-04
-1.7346550872870579e-04
-1.7197928502483249e-04
-1.7055849912434910e-04
-1.6919988889730611e-04
-1.6790611522626644e-04
-1.6666906783520941e-04
-1.6549321978938231e-04
-1.6437838879953490e-04
-1.6332381316561749e-04
-1.6232568631576800e-04
-1.6138716947087720e-04
-1.6050463224597834e-04
-1.5967456657225713e-04
-1.5889571162721602e-04
0.0000000000000000e+00
5.6194997555755410e-01
3.6174085961523789e-01
6.6518173417500478e+01
];
