%Vec Object:sol 1 MPI processes
%  type: mpi
sol = [
0.0000000000000000e+00
-4.1188314984830563e-04
-4.0858155114905661e-04
-4.0532070951491414e-04
-4.0215135977579364e-04
-3.9911810358697890e-04
-3.9609833674820891e-04
-3.9315822027771762e-04
-3.9027041612277780e-04
-3.8745602500963401e-04
-3.8475574369591163e-04
-3.8205542319585413e-04
-3.7941323104700021e-04
-3.7683329431419907e-04
-3.7430230977896357e-04
-3.7186464950866188e-04
-3.6943162011545078e-04
-3.6703797387004739e-04
-3.6471597839931355e-04
-3.6241671447849938e-04
-3.6019568950233658e-04
-3.5799003922317639e-04
-3.5580281497930768e-04
-3.5368521312774740e-04
-3.5159458488594967e-04
-3.4955578126523527e-04
-3.4754455068738629e-04
-3.4553432887920570e-04
-3.4358230046550734e-04
-3.4168052008036058e-04
-3.3979782433625038e-04
-3.3793268471729853e-04
-3.3609996780896537e-04
-3.3429148283733512e-04
-3.3253267572541667e-04
-3.3080887757915375e-04
-3.2907325747126440e-04
-3.2737831611708972e-04
-3.2571572946251673e-04
-3.2407859106323904e-04
-3.2248357293049957e-04
-3.2088278351271194e-04
-3.1930234337088613e-04
-3.1776159418653863e-04
-3.1625248338909437e-04
-3.1476359926257822e-04
-3.1327672784738466e-04
-3.1182056961209082e-04
-3.1038108273926670e-04
-3.0897661517328940e-04
-3.0760564826060537e-04
-3.0621895449454392e-04
-3.0485988030455380e-04
-3.0353306774099682e-04
-3.0222814942131233e-04
-3.0094731702601284e-04
-2.9966781011978646e-04
-2.9841116586576811e-04
-2.9717220976135890e-04
-2.9596287134753285e-04
-2.9478221268882868e-04
-2.9359506418475209e-04
-2.9242588118494903e-04
-2.9128481290416694e-04
-2.9016999974145467e-04
-2.8907176388635013e-04
-2.8797883199481645e-04
-2.8690388752932654e-04
-2.8585129967332034e-04
-2.8481889109024152e-04
-2.8381259828837797e-04
-2.8281416422966399e-04
-2.8182472476177438e-04
-2.8085718495804771e-04
-2.7991516650418700e-04
-2.7899824804942727e-04
-2.7808758217969426e-04
-2.7718472813675947e-04
-2.7630705114290382e-04
-2.7545422280175796e-04
-2.7462268320924409e-04
-2.7380221656683886e-04
-2.7298961893756831e-04
-2.7220182939506068e-04
-2.7143769595448097e-04
-2.7069293484356221e-04
-2.6996670163783622e-04
-2.6924551271167757e-04
-2.6854913421241427e-04
-2.6787417268129372e-04
-2.6722207898255185e-04
-2.6659214181180835e-04
-2.6596495958437061e-04
-2.6536294327614491e-04
-2.6478230080276857e-04
-2.6422630514694916e-04
-2.6369587363089651e-04
-2.6316688409818735e-04
-2.6266357195330313e-04
0.0000000000000000e+00
5.2658250525302785e-01
3.6295485309822773e-01
7.2925365311217348e+01
];
