%Vec Object:sol 1 MPI processes
%  type: mpi
sol = [
0.0000000000000000e+00
-1.3567347537216983e-02
-4.1332984703338323e-03
-4.0943926862948713e-03
-4.0564502830677572e-03
-4.0199676610951128e-03
-3.9830999620420089e-03
-3.9476825654115293e-03
-3.9129277333387561e-03
-3.8789699323345333e-03
-3.8458914187155871e-03
-3.8127397768490967e-03
-3.7807461973500779e-03
-3.7494223598278382e-03
-3.7185483773994640e-03
-3.6882354973049656e-03
-3.6582294145122052e-03
-3.6290082135577864e-03
-3.6005401981032319e-03
-3.5720263006192706e-03
-3.5441727308242882e-03
-3.5168055994541712e-03
-3.4898826295051292e-03
-3.4636601568138348e-03
-3.4373240032316149e-03
-3.4115441326080702e-03
-3.3864146858459377e-03
-3.3614671917537252e-03
-3.3369675072528289e-03
-3.3127506112271055e-03
-3.2887606858083823e-03
-3.2653424092203925e-03
-3.2423599358815092e-03
-3.2194034191795140e-03
-3.1968376755163756e-03
-3.1746554381154521e-03
-3.1527624134907459e-03
-3.1313514402525372e-03
-3.1100032519585739e-03
-3.0888824733348577e-03
-3.0682159097767535e-03
-3.0478929549625235e-03
-3.0278393134167006e-03
-3.0079111541423003e-03
-2.9883110625983835e-03
-2.9689572792371798e-03
-2.9500090322130200e-03
-2.9314303219924176e-03
-2.9127759529524472e-03
-2.8944950198415342e-03
-2.8765930674578312e-03
-2.8589093894556728e-03
-2.8415768941004440e-03
-2.8243608586594453e-03
-2.8073844310198956e-03
-2.7907048419343584e-03
-2.7743838364360516e-03
-2.7583896366468528e-03
-2.7424361510423188e-03
-2.7267690650182815e-03
-2.7114512552754541e-03
-2.6963946147410718e-03
-2.6816471341922304e-03
-2.6671147735494618e-03
-2.6527975070336075e-03
-2.6387275052022771e-03
-2.6250040399502178e-03
-2.6116232996176623e-03
-2.5984914975184107e-03
-2.5854689703703284e-03
-2.5727942219231749e-03
-2.5604649613169598e-03
-2.5484324423499676e-03
-2.5367112576744387e-03
-2.5251475137706794e-03
-2.5139060560455586e-03
-2.5029716727994777e-03
-2.4923622542402961e-03
-2.4821077885796481e-03
-2.4721152062847792e-03
-2.4623364896047646e-03
-2.4528868539290078e-03
-2.4438021265515333e-03
-2.4350830978441657e-03
-2.4267223540842303e-03
-2.4184906065051900e-03
-2.4106317988127337e-03
-2.4031517394783449e-03
-2.3960522504574084e-03
-2.3893060652873809e-03
-2.3828397046526651e-03
-2.3766673479842636e-03
-2.3708931211986689e-03
-2.3655205808820797e-03
-2.3605198986437459e-03
-2.3559255536623235e-03
-2.3515736219675266e-03
-2.3476395791675411e-03
-2.3441375970373033e-03
0.0000000000000000e+00
5.4870240909796952e-01
3.6279563835374062e-01
7.2032902884445008e+01
];
