%Vec Object:sol 1 MPI processes
%  type: mpi
sol = [
0.0000000000000000e+00
-1.6399431940688732e-03
-1.4781841478565716e-03
-1.3044884265644386e-03
-1.1497058216963169e-03
-4.1973633468561080e-04
-3.9747559418131146e-04
-3.9316661599249868e-04
-3.8889661238034198e-04
-3.8469803640871642e-04
-3.8058622714345013e-04
-3.7646305637853655e-04
-3.7245237403679622e-04
-3.6850544429229841e-04
-3.6459038530498240e-04
-3.6074798332298182e-04
-3.5693471797803162e-04
-3.5319902957730686e-04
-3.4953192054744441e-04
-3.4585623470223065e-04
-3.4226260537248670e-04
-3.3871655564085958e-04
-3.3521364041878262e-04
-3.3175405366176272e-04
-3.2831375723688246e-04
-3.2492623210015248e-04
-3.2160001358434015e-04
-3.1828207392955277e-04
-3.1499345584135713e-04
-3.1175276724117228e-04
-3.0852932493847840e-04
-3.0535553112987234e-04
-3.0220206706901392e-04
-2.9905335895550125e-04
-2.9594737916013901e-04
-2.9286947013644471e-04
-2.8980982778170378e-04
-2.8676785652045840e-04
-2.8373953805216394e-04
-2.8072713632851606e-04
-2.7774490140816004e-04
-2.7478162597228874e-04
-2.7181439198828823e-04
-2.6886318574863809e-04
-2.6592921320305908e-04
-2.6300153078005615e-04
-2.6009342006566279e-04
-2.5719210668018622e-04
-2.5427674200817572e-04
-2.5137504533601123e-04
-2.4848360873351084e-04
-2.4558565673208916e-04
-2.4268994419532065e-04
-2.3977767273116241e-04
-2.3685205399371690e-04
-2.3391403153616468e-04
-2.3096608441310447e-04
-2.2800375666157070e-04
-2.2501790699276097e-04
-2.2200677570012755e-04
-2.1898928480463905e-04
-2.1596523065315262e-04
-2.1294664097569704e-04
-2.0994466653634266e-04
-2.0696658899556133e-04
-2.0400291711815765e-04
-2.0107732343596380e-04
-1.9819537400903159e-04
-1.9536165456165405e-04
-1.9258196022785143e-04
-1.8986784493733535e-04
-1.8722428786582701e-04
-1.8466030494271310e-04
-1.8219381753330888e-04
-1.7982948016342430e-04
-1.7757568647648614e-04
-1.7543595134668572e-04
-1.7341015850672796e-04
-1.7149408134459754e-04
-1.6967860609248396e-04
-1.6796473755912626e-04
-1.6634247770885093e-04
-1.6480389465188333e-04
-1.6333832002398492e-04
-1.6194150553914139e-04
-1.6060416720373099e-04
-1.5931756049406836e-04
-1.5806956503277054e-04
-1.5685403345516282e-04
-1.5567130436410244e-04
-1.5451031149090591e-04
-1.5336007864164895e-04
-1.5221657021480660e-04
-1.5107503061622047e-04
-1.4992527673568482e-04
-1.4876211757435984e-04
-1.4757744444865366e-04
-1.4636202581400442e-04
-1.4511452429222189e-04
0.0000000000000000e+00
5.6481629959963819e-01
3.6137107821018111e-01
6.4736658521179663e+01
];
