%Vec Object:sol 1 MPI processes
%  type: mpi
sol = [
0.0000000000000000e+00
-3.5389913924670360e-04
-3.5147563809053784e-04
-3.4909700796192277e-04
-3.4678465577883964e-04
-3.4457623611003607e-04
-3.4237043757592703e-04
-3.4026948808713232e-04
-3.3816869486434067e-04
-3.3610490789299727e-04
-3.3412910852852852e-04
-3.3215394715325856e-04
-3.3026233840992650e-04
-3.2841505624617225e-04
-3.2657780577114213e-04
-3.2478353483663536e-04
-3.2300504532540534e-04
-3.2128236916674323e-04
-3.1961346745616639e-04
-3.1795728105446958e-04
-3.1635461428516568e-04
-3.1474183677861510e-04
-3.1315840599080414e-04
-3.1162831591695416e-04
-3.1011559238923572e-04
-3.0864151505490396e-04
-3.0721450954436351e-04
-3.0575992363630200e-04
-3.0433988812946866e-04
-3.0295795259309557e-04
-3.0158760896708306e-04
-3.0025885263615691e-04
-2.9896014846644495e-04
-2.9766029728718434e-04
-2.9637322595913373e-04
-2.9511207008795491e-04
-2.9386862023293654e-04
-2.9265996761941820e-04
-2.9147439297592140e-04
-2.9030606415518328e-04
-2.8913082770282909e-04
-2.8797825977188850e-04
-2.8684190224730072e-04
-2.8573552075972019e-04
-2.8465225105473883e-04
-2.8358228827347757e-04
-2.8251880857364705e-04
-2.8146499956058192e-04
-2.8042159766014137e-04
-2.7940467212681663e-04
-2.7841299358986508e-04
-2.7743177107806812e-04
-2.7646769110204633e-04
-2.7549860177899301e-04
-2.7454487148394501e-04
-2.7360846222276294e-04
-2.7269502006757043e-04
-2.7180149011610309e-04
-2.7091915520403642e-04
-2.7003475323199636e-04
-2.6916326648129428e-04
-2.6830497644238829e-04
-2.6746423209244381e-04
-2.6664414146394295e-04
-2.6584312072425756e-04
-2.6504299061023517e-04
-2.6424192914707858e-04
-2.6346073896207000e-04
-2.6269534391828303e-04
-2.6194384391554665e-04
-2.6121155306134511e-04
-2.6049804577139282e-04
-2.5977204669388549e-04
-2.5905875831371000e-04
-2.5836430348803111e-04
-2.5768834227309366e-04
-2.5702634320419276e-04
-2.5637980370463886e-04
-2.5573730303162141e-04
-2.5509934856513623e-04
-2.5447664166044663e-04
-2.5386886296066753e-04
-2.5327928794489029e-04
-2.5270773522311212e-04
-2.5214964451201631e-04
-2.5158191462308898e-04
-2.5103262481318008e-04
-2.5050164848276389e-04
-2.4998888860575184e-04
-2.4949132919323410e-04
-2.4901030957613402e-04
-2.4852748792643560e-04
-2.4805799630248120e-04
-2.4760724423208698e-04
-2.4717185066863451e-04
-2.4675480370978120e-04
-2.4635684412616804e-04
-2.4596611375385949e-04
-2.4558211667380798e-04
0.0000000000000000e+00
4.8113637912975116e-01
3.6295485309822773e-01
7.2925365311217348e+01
];
