%Vec Object:sol 1 MPI processes
%  type: mpi
sol = [
0.0000000000000000e+00
-3.7148530386229005e-04
-3.6885915855168017e-04
-3.6628841049686094e-04
-3.6378960938743032e-04
-3.6134262365607601e-04
-3.5890153268967504e-04
-3.5657508485143776e-04
-3.5429501892530302e-04
-3.5207331363033302e-04
-3.4992875854443305e-04
-3.4774771742580683e-04
-3.4565803326426742e-04
-3.4361801322024913e-04
-3.4161603365574105e-04
-3.3969180705889799e-04
-3.3775572742707460e-04
-3.3585767169556522e-04
-3.3401877310979287e-04
-3.3219556474779988e-04
-3.3043777416476994e-04
-3.2871531623362082e-04
-3.2698676512750414e-04
-3.2530533949349280e-04
-3.2364414648005329e-04
-3.2202557975372575e-04
-3.2045843538049422e-04
-3.1890087912359201e-04
-3.1734715400716238e-04
-3.1583329326015358e-04
-3.1433322194490823e-04
-3.1287848393099228e-04
-3.1145685777279430e-04
-3.1004835163544862e-04
-3.0864283376239461e-04
-3.0726591852933742e-04
-3.0590892489269908e-04
-3.0458978288743925e-04
-3.0329611100130520e-04
-3.0201221835734668e-04
-3.0073277056265893e-04
-2.9947843050108833e-04
-2.9824217974944238e-04
-2.9703844275215103e-04
-2.9585996505791020e-04
-2.9468316660442856e-04
-2.9351248201401183e-04
-2.9236917492342926e-04
-2.9123764922225356e-04
-2.9013473916661111e-04
-2.8905911755804927e-04
-2.8797908320612472e-04
-2.8690466622150005e-04
-2.8585652901290967e-04
-2.8482518308891425e-04
-2.8381266202752811e-04
-2.8282485522091561e-04
-2.8184003558909325e-04
-2.8085300185151744e-04
-2.7989001268550605e-04
-2.7895023405841846e-04
-2.7802479630765212e-04
-2.7711823452495233e-04
-2.7621328904231339e-04
-2.7531795948027905e-04
-2.7443473828254962e-04
-2.7357329733054977e-04
-2.7273303678004775e-04
-2.7190967433038653e-04
-2.7107889413461038e-04
-2.7026112147474779e-04
-2.6946388479171858e-04
-2.6868200237064644e-04
-2.6791667565800159e-04
-2.6717128308335159e-04
-2.6642134934499524e-04
-2.6568201385824620e-04
-2.6495958046930798e-04
-2.6425683810379723e-04
-2.6357349833213941e-04
-2.6290646757874919e-04
-2.6222871226064780e-04
-2.6156929999102325e-04
-2.6092930767270542e-04
-2.6030766982484586e-04
-2.5970038342992927e-04
-2.5911055515353176e-04
-2.5851541144948555e-04
-2.5793976214360132e-04
-2.5738043730239030e-04
-2.5683880872856552e-04
-2.5631675706280744e-04
-2.5580874167963324e-04
-2.5530039909430835e-04
-2.5480842827695305e-04
-2.5433591794486716e-04
-2.5388361335962751e-04
-2.5345155727811333e-04
-2.5303021359367921e-04
0.0000000000000000e+00
4.9548676121929819e-01
3.6295485309822773e-01
7.2925365311217348e+01
];
