%Vec Object:sol 1 MPI processes
%  type: mpi
sol = [
0.0000000000000000e+00
-3.6433353368731005e-04
-3.6181269507041462e-04
-3.5929475781875639e-04
-3.5684747628340592e-04
-3.5450973750179865e-04
-3.5217650420672558e-04
-3.4995359293829472e-04
-3.4775573968927017e-04
-3.4557504707836756e-04
-3.4348695796753548e-04
-3.4140100370637854e-04
-3.3940293228045925e-04
-3.3745207291545186e-04
-3.3551667934304547e-04
-3.3362393147420242e-04
-3.3174872169507348e-04
-3.2993239940866333e-04
-3.2817278836841450e-04
-3.2642741445762546e-04
-3.2472538066422051e-04
-3.2302778146467605e-04
-3.2136148244081103e-04
-3.1975121758348162e-04
-3.1815979438431130e-04
-3.1660915585756403e-04
-3.1509081458839513e-04
-3.1355262221936157e-04
-3.1206130059717885e-04
-3.1061004563900176e-04
-3.0917148241556551e-04
-3.0777652861403032e-04
-3.0639947539559681e-04
-3.0501044538429128e-04
-3.0366161170786437e-04
-3.0234009928779935e-04
-3.0103742483957615e-04
-2.9977118093339359e-04
-2.9851931738325864e-04
-2.9725600979441796e-04
-2.9602681824258714e-04
-2.9482164691900292e-04
-2.9363363392703723e-04
-2.9247693964041540e-04
-2.9133851027413066e-04
-2.9018287110686426e-04
-2.8905695516832024e-04
-2.8795738883252280e-04
-2.8686889282891038e-04
-2.8580799341403702e-04
-2.8477135259735107e-04
-2.8371266643956487e-04
-2.8267826740672813e-04
-2.8166923430950996e-04
-2.8067627400534515e-04
-2.7970139621386124e-04
-2.7875064784049856e-04
-2.7778838465888754e-04
-2.7683716378177947e-04
-2.7590919947736845e-04
-2.7500368636489445e-04
-2.7411192877833441e-04
-2.7323838559213946e-04
-2.7235951531157798e-04
-2.7149602931979603e-04
-2.7064414576801897e-04
-2.6981337186461716e-04
-2.6900312908717441e-04
-2.6820921861377904e-04
-2.6740744226294631e-04
-2.6661813233348877e-04
-2.6584875585072213e-04
-2.6509423095550570e-04
-2.6435574545420826e-04
-2.6363664139497970e-04
-2.6291812946686302e-04
-2.6220415928944089e-04
-2.6150660276456732e-04
-2.6082820859281739e-04
-2.6016870126680246e-04
-2.5952483575374010e-04
-2.5888093578030027e-04
-2.5824397964144453e-04
-2.5762596602280796e-04
-2.5702585783945634e-04
-2.5643972842207181e-04
-2.5587245858471960e-04
-2.5531087162615550e-04
-2.5475494261250790e-04
-2.5421496956826964e-04
-2.5369230877056789e-04
-2.5318881758040106e-04
-2.5270445709655589e-04
-2.5222760002720630e-04
-2.5175290913090733e-04
-2.5129730615763737e-04
-2.5086153146794383e-04
-2.5044563415751694e-04
-2.5004967684916029e-04
0.0000000000000000e+00
4.8970186659908227e-01
3.6295485309822773e-01
7.2925365311217348e+01
];
