%Vec Object:sol 1 MPI processes
%  type: mpi
sol = [
0.0000000000000000e+00
-3.6900737414145905e-04
-3.6640213355285914e-04
-3.6385171168150035e-04
-3.6137308872543581e-04
-3.5900574295218656e-04
-3.5659595592620242e-04
-3.5428629053812962e-04
-3.5202257116309546e-04
-3.4981668389163812e-04
-3.4770474874196871e-04
-3.4559434167908516e-04
-3.4351866088134196e-04
-3.4149180012724839e-04
-3.3950266527406949e-04
-3.3759066769120004e-04
-3.3569633564898730e-04
-3.3385257636133495e-04
-3.3202422577728358e-04
-3.3021145808761592e-04
-3.2846362970834794e-04
-3.2675088329201511e-04
-3.2506972242151458e-04
-3.2343045246299745e-04
-3.2177759933053359e-04
-3.2016709383453958e-04
-3.1860766921757658e-04
-3.1705758253408031e-04
-3.1555483537048102e-04
-3.1407424306065896e-04
-3.1258059293473692e-04
-3.1113200825565618e-04
-3.0971635633544962e-04
-3.0831828974595772e-04
-3.0696076487700055e-04
-3.0561047634153414e-04
-3.0425822274368836e-04
-3.0294363512528289e-04
-3.0165441734932968e-04
-3.0038441569053842e-04
-2.9914877307050497e-04
-2.9791605608605763e-04
-2.9668319396691486e-04
-2.9548271680527563e-04
-2.9430741793318605e-04
-2.9314703542495052e-04
-2.9201654622185760e-04
-2.9089102922765983e-04
-2.8976178147519557e-04
-2.8866106122614097e-04
-2.8758754854051147e-04
-2.8652579788972135e-04
-2.8548842038756919e-04
-2.8445508712344027e-04
-2.8342504377349646e-04
-2.8241381035043885e-04
-2.8142723690315351e-04
-2.8046211149712830e-04
-2.7950933443969149e-04
-2.7855870692845857e-04
-2.7761939566696751e-04
-2.7669444470560195e-04
-2.7578835822678277e-04
-2.7490434483475658e-04
-2.7404073557082010e-04
-2.7316774245994790e-04
-2.7230608644623373e-04
-2.7146559368472375e-04
-2.7064200334803336e-04
-2.6983332137793346e-04
-2.6904505299249986e-04
-2.6825598330085021e-04
-2.6747324893402477e-04
-2.6670708154237586e-04
-2.6596085048442050e-04
-2.6523418393116483e-04
-2.6452236169985496e-04
-2.6380608227691103e-04
-2.6310192153963113e-04
-2.6241715949803032e-04
-2.6174850405692610e-04
-2.6109560922878285e-04
-2.6046182328217044e-04
-2.5982572878503843e-04
-2.5920208788454821e-04
-2.5859283993124286e-04
-2.5800291326073588e-04
-2.5743216314813859e-04
-2.5688047331107178e-04
-2.5632240566949172e-04
-2.5577821882658789e-04
-2.5525363334640000e-04
-2.5474859954861763e-04
-2.5426308433571302e-04
-2.5379381580654915e-04
-2.5331935461949567e-04
-2.5286403219200351e-04
-2.5242897790130075e-04
-2.5201424447949394e-04
0.0000000000000000e+00
4.9352548240009292e-01
3.6295485309822773e-01
7.2925365311217348e+01
];
