%Vec Object:sol 1 MPI processes
%  type: mpi
sol = [
0.0000000000000000e+00
-3.9916153939476926e-03
-3.9614426708354921e-03
-3.9313126520712062e-03
-3.9020412837623432e-03
-3.8740592798649385e-03
-3.8461883759707814e-03
-3.8195307031642714e-03
-3.7928778774845070e-03
-3.7669155009332272e-03
-3.7420370886409190e-03
-3.7172316623608759e-03
-3.6933860040043397e-03
-3.6696043716046662e-03
-3.6462814174980538e-03
-3.6238465346374524e-03
-3.6016465998956718e-03
-3.5801069713230970e-03
-3.5587316955368428e-03
-3.5375644027624445e-03
-3.5171427651781656e-03
-3.4971389237509918e-03
-3.4775136497435868e-03
-3.4580545943691042e-03
-3.4388294686205382e-03
-3.4200963673266501e-03
-3.4019488257081170e-03
-3.3839314770316162e-03
-3.3660622860481586e-03
-3.3485949293318436e-03
-3.3313027942162374e-03
-3.3145251880379455e-03
-3.2981292358858672e-03
-3.2816457590132027e-03
-3.2654942343752521e-03
-3.2496733237851040e-03
-3.2340890060756980e-03
-3.2189333745467957e-03
-3.2038636111961713e-03
-3.1888216052709095e-03
-3.1741800484570335e-03
-3.1598273562293208e-03
-3.1456877292414583e-03
-3.1317981365980691e-03
-3.1179273015001134e-03
-3.1042430863840197e-03
-3.0909063380562874e-03
-3.0778794066724782e-03
-3.0649670341392830e-03
-3.0520370347078495e-03
-3.0394228767373251e-03
-3.0269576990462777e-03
-3.0147767006407991e-03
-3.0028910105909900e-03
-2.9909062487651177e-03
-2.9790855997799373e-03
-2.9675500357329680e-03
-2.9562644966874222e-03
-2.9451308675951843e-03
-2.9340729469689848e-03
-2.9231405377413747e-03
-2.9123803538052234e-03
-2.9018403184927189e-03
-2.8915543798120214e-03
-2.8814041346488053e-03
-2.8711804505527085e-03
-2.8612063192221286e-03
-2.8514749376286862e-03
-2.8419403728681932e-03
-2.8325686801613527e-03
-2.8231422853448843e-03
-2.8139503996217094e-03
-2.8049376587691239e-03
-2.7961165459203866e-03
-2.7875227405933997e-03
-2.7789316238588635e-03
-2.7704487052419460e-03
-2.7621599003128357e-03
-2.7540944796173978e-03
-2.7462490888899814e-03
-2.7384550663899138e-03
-2.7307010276920217e-03
-2.7231687379851424e-03
-2.7158556174159579e-03
-2.7087501671481111e-03
-2.7017560827415194e-03
-2.6947683399820470e-03
-2.6880009567741034e-03
-2.6814523443527342e-03
-2.6750887840021604e-03
-2.6689245660256478e-03
-2.6627402743903371e-03
-2.6567600919197676e-03
-2.6510018982572200e-03
-2.6454280151255098e-03
-2.6400708339596505e-03
-2.6347714099618381e-03
-2.6296170133636404e-03
-2.6246914719369892e-03
0.0000000000000000e+00
5.1701735418026196e-01
3.6295486983223779e-01
7.2925299968229737e+01
];
