%Vec Object:sol 1 MPI processes
%  type: mpi
sol = [
0.0000000000000000e+00
-3.4534673719717039e-03
-3.4304509615860450e-03
-3.4079011339938612e-03
-3.3859755499889301e-03
-3.3650408919075159e-03
-3.3439486215577378e-03
-3.3234602275299101e-03
-3.3033648062411715e-03
-3.2837731476548812e-03
-3.2650210939515036e-03
-3.2462603348919076e-03
-3.2282973090825380e-03
-3.2103615860800080e-03
-3.1926161656575464e-03
-3.1755615781231539e-03
-3.1586478738394657e-03
-3.1422648408946448e-03
-3.1263932901744859e-03
-3.1105616115164854e-03
-3.0948964197566394e-03
-3.0795383732456810e-03
-3.0644555964256786e-03
-3.0498821349016622e-03
-3.0354681475178247e-03
-3.0214211442297174e-03
-3.0075949505715890e-03
-2.9936204791142268e-03
-2.9800724544931292e-03
-2.9668874586225623e-03
-2.9538075045473238e-03
-2.9411251786731745e-03
-2.9287284260215637e-03
-2.9161248051224396e-03
-2.9038237810690153e-03
-2.8917687546554062e-03
-2.8798799044250896e-03
-2.8683241401072598e-03
-2.8569874453315282e-03
-2.8457511376836276e-03
-2.8344976205646700e-03
-2.8234616466996766e-03
-2.8125785665436931e-03
-2.8019829080575742e-03
-2.7916079252613161e-03
-2.7813581074199708e-03
-2.7712074290419360e-03
-2.7611010035983870e-03
-2.7510919613841895e-03
-2.7413373375749519e-03
-2.7318253234599930e-03
-2.7224116507975449e-03
-2.7132148961814579e-03
-2.7039890212438703e-03
-2.6948262098666744e-03
-2.6858293808902532e-03
-2.6770538297627984e-03
-2.6684698512549152e-03
-2.6599923791655617e-03
-2.6517075563830639e-03
-2.6433245426942236e-03
-2.6350680080990882e-03
-2.6269805653372073e-03
-2.6190927123727011e-03
-2.6113890827989760e-03
-2.6037864724574628e-03
-2.5962671650414915e-03
-2.5887436626799792e-03
-2.5813728031355136e-03
-2.5741360750338679e-03
-2.5670855337251715e-03
-2.5602171360289772e-03
-2.5534827932667137e-03
-2.5466996627005346e-03
-2.5400056905777999e-03
-2.5334914521966227e-03
-2.5271127060131123e-03
-2.5208841863844558e-03
-2.5148323936506796e-03
-2.5089503891192527e-03
-2.5029446308506170e-03
-2.4970842246990303e-03
-2.4914014056511904e-03
-2.4858944741032985e-03
-2.4805538025253651e-03
-2.4753421508319539e-03
-2.4702054938031178e-03
-2.4650852624280135e-03
-2.4601432935882632e-03
-2.4553501284076576e-03
-2.4507189493702453e-03
-2.4462677492355133e-03
-2.4419964032166485e-03
-2.4377058342334307e-03
-2.4335130378563938e-03
-2.4295003286343053e-03
-2.4256750242477353e-03
-2.4220378299246387e-03
-2.4185895768482077e-03
0.0000000000000000e+00
4.7400801213599375e-01
3.6295486983223779e-01
7.2925299968229737e+01
];
