%Vec Object:sol 1 MPI processes
%  type: mpi
sol = [
0.0000000000000000e+00
-4.2743626113052422e-04
-4.2348421077429143e-04
-4.1961763711063552e-04
-4.1585662097984771e-04
-4.1218243182924801e-04
-4.0853122265614527e-04
-4.0503322716551319e-04
-4.0160685631114812e-04
-3.9823123100387188e-04
-3.9495641642475028e-04
-3.9170145649141346e-04
-3.8856853722404503e-04
-3.8550357877262020e-04
-3.8244465873832329e-04
-3.7949158343118848e-04
-3.7657415849699495e-04
-3.7374089722618523e-04
-3.7095972498219144e-04
-3.6818555566053499e-04
-3.6550013672802863e-04
-3.6286835291259370e-04
-3.6028575988703785e-04
-3.5773446986305701e-04
-3.5521539159005653e-04
-3.5275677617485168e-04
-3.5036814795472079e-04
-3.4798861472222048e-04
-3.4564157690175992e-04
-3.4335259759578243e-04
-3.4108984808562645e-04
-3.3888855360429486e-04
-3.3671063781810925e-04
-3.3454460076433860e-04
-3.3243522249292302e-04
-3.3036752100963656e-04
-3.2833164028263709e-04
-3.2631592339899142e-04
-3.2433016443283389e-04
-3.2237605233908530e-04
-3.2047023085115791e-04
-3.1860120671962434e-04
-3.1672520703504407e-04
-3.1489317907818296e-04
-3.1309857641442735e-04
-3.1132996103777302e-04
-3.0960113737707451e-04
-3.0787849674511128e-04
-3.0617812370364281e-04
-3.0451823925441320e-04
-3.0289727066261661e-04
-3.0129366269119207e-04
-2.9969763695509427e-04
-2.9813918299715725e-04
-2.9660798201513794e-04
-2.9510617879552987e-04
-2.9363515741176943e-04
-2.9217039862141004e-04
-2.9072868149980681e-04
-2.8932177754867995e-04
-2.8794875033347293e-04
-2.8659631325557439e-04
-2.8524781164472704e-04
-2.8393262675024684e-04
-2.8264893121749378e-04
-2.8138722717881750e-04
-2.8015614604192632e-04
-2.7893075155744718e-04
-2.7773307910902657e-04
-2.7656101845906786e-04
-2.7542039962474743e-04
-2.7431079082250280e-04
-2.7320157344387506e-04
-2.7211848595704990e-04
-2.7106635839944406e-04
-2.7004481824468619e-04
-2.6904890947117331e-04
-2.6805991032849679e-04
-2.6709683081943000e-04
-2.6616421614613495e-04
-2.6525863606002251e-04
-2.6437976431572716e-04
-2.6351567007339274e-04
-2.6267346690728323e-04
-2.6186074935547594e-04
-2.6107339695255293e-04
-2.6031658842371239e-04
-2.5957956783762443e-04
-2.5886064630681430e-04
-2.5816922999850791e-04
-2.5750677300076166e-04
-2.5687525104187332e-04
-2.5626869458495274e-04
-2.5567683792742323e-04
-2.5511263432975587e-04
-2.5457930275596500e-04
-2.5407763696208509e-04
-2.5360610717392482e-04
-2.5314641179434108e-04
0.0000000000000000e+00
5.3847386519286944e-01
3.6295485309822773e-01
7.2925365311217348e+01
];
