%Vec Object:sol 1 MPI processes
%  type: mpi
sol = [
0.0000000000000000e+00
-4.2630591658104444e-04
-4.2249877342559575e-04
-4.1876823623069817e-04
-4.1513437417445146e-04
-4.1162255445879609e-04
-4.0808137140913839e-04
-4.0468544066683154e-04
-4.0135369301963101e-04
-3.9810007138141741e-04
-3.9491270774966679e-04
-3.9173127077854952e-04
-3.8866586947313494e-04
-3.8566742777590288e-04
-3.8270056386030413e-04
-3.7979845781035986e-04
-3.7692756250143453e-04
-3.7413673092167378e-04
-3.7142303880137738e-04
-3.6869283838116674e-04
-3.6603856145241631e-04
-3.6343507964183073e-04
-3.6087824849115720e-04
-3.5838679399237676e-04
-3.5588836284518581e-04
-3.5344857477373980e-04
-3.5107718277094946e-04
-3.4872629932503394e-04
-3.4641504887876219e-04
-3.4413866037494171e-04
-3.4188755873884585e-04
-3.3969715081481286e-04
-3.3755347980618077e-04
-3.3540512305557115e-04
-3.3330408288700930e-04
-3.3124435331375587e-04
-3.2921613327222953e-04
-3.2723889154845072e-04
-3.2525973123456389e-04
-3.2331208500158224e-04
-3.2141268000282860e-04
-3.1954994123327798e-04
-3.1770960141401516e-04
-3.1588326800946281e-04
-3.1409440735971942e-04
-3.1233155888126543e-04
-3.1061113584643856e-04
-3.0891929637144524e-04
-3.0722411679629392e-04
-3.0556952800353038e-04
-3.0395395270490908e-04
-3.0236039191793522e-04
-3.0079116961003220e-04
-2.9923759833396527e-04
-2.9771133459098457e-04
-2.9621451894059633e-04
-2.9475343117353262e-04
-2.9331328442153072e-04
-2.9187595501593941e-04
-2.9047346756085063e-04
-2.8910486791830411e-04
-2.8776061474035207e-04
-2.8643572979857723e-04
-2.8512421223313167e-04
-2.8384413514968170e-04
-2.8258594989763838e-04
-2.8135993772057910e-04
-2.8015801379716070e-04
-2.7896291688358468e-04
-2.7779328137144771e-04
-2.7665494890974585e-04
-2.7554741129823962e-04
-2.7446085225689160e-04
-2.7337900301595741e-04
-2.7232791892826876e-04
-2.7130720348834790e-04
-2.7031186632686633e-04
-2.6934274862199827e-04
-2.6837929353395508e-04
-2.6744604050276348e-04
-2.6653953163942393e-04
-2.6565942649300867e-04
-2.6480930222792717e-04
-2.6396773652171611e-04
-2.6315231500070223e-04
-2.6236190423821666e-04
-2.6160169172150606e-04
-2.6087154249787554e-04
-2.6015491016265246e-04
-2.5945846708428738e-04
-2.5879059150525478e-04
-2.5815325560605521e-04
-2.5754642710865356e-04
-2.5695819591164325e-04
-2.5638643605649787e-04
-2.5584511602287890e-04
-2.5533502203136630e-04
-2.5485621138906080e-04
-2.5440101107596287e-04
0.0000000000000000e+00
5.3727390229551619e-01
3.6295485309822773e-01
7.2925365311217348e+01
];
