%Vec Object:sol 1 MPI processes
%  type: mpi
sol = [
0.0000000000000000e+00
-4.3496635736488732e-09
-4.9334039533206917e-09
-5.0506323219253265e-09
-5.1357401128110932e-09
-6.4908300545417216e-09
-2.0147436619106018e-02
-1.8209538554038923e-02
-1.6443112778788280e-02
-1.4869869061100473e-02
-1.3329327703933833e-02
-1.1814389299999881e-02
-1.0283738714341566e-02
-8.6831507301811696e-03
-7.1499826416581537e-03
-5.6096025736754760e-03
-4.3164210368303903e-03
-3.1807236094553723e-03
-2.3870208860864756e-03
-1.8208999005688124e-03
-1.5152291054938841e-03
-1.3692023097425022e-03
-1.3448198954949203e-03
-1.3849045148301375e-03
-1.4549686385756119e-03
-1.5337355167343223e-03
-1.6071062226525503e-03
-1.6683608285492154e-03
-1.7180947891404892e-03
-1.7524903417779005e-03
-1.7772703495961154e-03
-1.7908859730736272e-03
-1.7969862376448578e-03
-1.7971207548127938e-03
-1.7918553306484099e-03
-1.7832387268268022e-03
-1.7717918275852328e-03
-1.7581549714298275e-03
-1.7430597267900998e-03
-1.7269388449289073e-03
-1.7100258411085791e-03
-1.6925986444555877e-03
-1.6746079548595205e-03
-1.6566656897773137e-03
-1.6387524711511451e-03
-1.6201745197700146e-03
-1.6019854098633371e-03
-1.5839752234356611e-03
-1.5660668262254529e-03
-1.5476718024863354e-03
-1.5298452302352356e-03
-1.5122166982768520e-03
-1.4947925552050117e-03
-1.4772060505313599e-03
-1.4596373129831040e-03
-1.4426644732374323e-03
-1.4257491958268285e-03
-1.4088417490710999e-03
-1.3922538765405916e-03
-1.3756715073050723e-03
-1.3590160627086122e-03
-1.3429008924217398e-03
-1.3269810470760159e-03
-1.3110747562716447e-03
-1.2952272146410249e-03
-1.2797241834346465e-03
-1.2643680940626599e-03
-1.2489915911117261e-03
-1.2337984336862498e-03
-1.2188701162521719e-03
-1.2039521678052700e-03
-1.1890653932615878e-03
-1.1745021617105876e-03
-1.1601730781860267e-03
-1.1458280570317148e-03
-1.1315498194832128e-03
-1.1175004237112445e-03
-1.1036050115150622e-03
-1.0897341907354294e-03
-1.0758489352206233e-03
-1.0622106396930050e-03
-1.0487400417662344e-03
-1.0353314620323809e-03
-1.0219381224370139e-03
-1.0086812841870966e-03
-9.9557773204672888e-04
-9.8253992594696444e-04
-9.6954770793925850e-04
-9.5655644740172885e-04
-9.4367259122993816e-04
-9.3077690833595498e-04
-9.1805617868426237e-04
-9.0538266342181145e-04
-8.9279958197554816e-04
-8.8022484930882995e-04
-8.6748571637170185e-04
-8.5487126941460271e-04
-8.4234496909184710e-04
-8.2988866126909523e-04
0.0000000000000000e+00
7.1193594898078638e-01
3.0149180591268376e-01
8.4856030291042028e+00
];
