%Vec Object:sol 1 MPI processes
%  type: mpi
sol = [
0.0000000000000000e+00
-3.9670126878778208e-04
-3.9371775096861680e-04
-3.9079687270292040e-04
-3.8789582126085644e-04
-3.8512266170710497e-04
-3.8236047179922305e-04
-3.7972644917520077e-04
-3.7714581965532870e-04
-3.7457210926653857e-04
-3.7210572139797425e-04
-3.6964657261391728e-04
-3.6728934320975128e-04
-3.6498876397416411e-04
-3.6267977458391022e-04
-3.6045480069382094e-04
-3.5825317987198032e-04
-3.5612038401073367e-04
-3.5405378205750676e-04
-3.5196394434555472e-04
-3.4993786730307791e-04
-3.4795332032045475e-04
-3.4600640568094467e-04
-3.4412415025507549e-04
-3.4223355503521511e-04
-3.4037436452554398e-04
-3.3857339303692169e-04
-3.3678539212009132e-04
-3.3505135081062377e-04
-3.3334238819682872e-04
-3.3162559881738077e-04
-3.2995999475748109e-04
-3.2833236890818918e-04
-3.2672609519895349e-04
-3.2515521479969901e-04
-3.2358394356395994e-04
-3.2203624178118550e-04
-3.2053120567906366e-04
-3.1905551700695228e-04
-3.1760204740835724e-04
-3.1614761117833577e-04
-3.1472166034941736e-04
-3.1331693917971919e-04
-3.1194877757266494e-04
-3.1060937163499821e-04
-3.0925905980165071e-04
-3.0793333347241665e-04
-3.0663845879966528e-04
-3.0535778033981574e-04
-3.0410918113623519e-04
-3.0287426470979143e-04
-3.0163441224788861e-04
-3.0042285929082372e-04
-2.9924070909322363e-04
-2.9807783557768782e-04
-2.9693044820166143e-04
-2.9578238525335517e-04
-2.9465922084858536e-04
-2.9355118531382941e-04
-2.9246994758865273e-04
-2.9141456790400224e-04
-2.9034728199785442e-04
-2.8929742913871750e-04
-2.8827286850764802e-04
-2.8727176818500836e-04
-2.8628462071473708e-04
-2.8530443645492510e-04
-2.8433418075847011e-04
-2.8338350599203604e-04
-2.8245025620462968e-04
-2.8154025032072757e-04
-2.8064609888663018e-04
-2.7974645641573701e-04
-2.7886587146009554e-04
-2.7800789377938301e-04
-2.7717209557117040e-04
-2.7635344863246865e-04
-2.7552762122667906e-04
-2.7472129665545662e-04
-2.7393684705432719e-04
-2.7317074486193769e-04
-2.7242259591348346e-04
-2.7168000408881588e-04
-2.7094759216631008e-04
-2.7023580434466435e-04
-2.6954039639026921e-04
-2.6886656479757550e-04
-2.6820716831352893e-04
-2.6754982271279227e-04
-2.6691083584238411e-04
-2.6629162877791227e-04
-2.6569415660020488e-04
-2.6511853655832740e-04
-2.6453985056471512e-04
-2.6397846659814440e-04
-2.6343858889485053e-04
-2.6292097168956598e-04
-2.6242563162675420e-04
-2.6193628121154439e-04
0.0000000000000000e+00
5.1515591044923215e-01
3.6295485309822773e-01
7.2925365311217348e+01
];
