%Vec Object:sol 1 MPI processes
%  type: mpi
sol = [
0.0000000000000000e+00
-4.0988250200330147e-03
-4.0665463423367161e-03
-4.0344573965705021e-03
-4.0031004694029097e-03
-3.9730961762176617e-03
-3.9432259333389503e-03
-3.9146959697323770e-03
-3.8861294944958057e-03
-3.8582930481528867e-03
-3.8315914522694997e-03
-3.8049810580868724e-03
-3.7793016695693757e-03
-3.7537881755204017e-03
-3.7287618658452927e-03
-3.7046642304301713e-03
-3.6808220106318724e-03
-3.6574768641689025e-03
-3.6345217383443357e-03
-3.6117930971638580e-03
-3.5898433822808490e-03
-3.5683349289564723e-03
-3.5469447786779726e-03
-3.5260163127001183e-03
-3.5053566006697204e-03
-3.4852130452995185e-03
-3.4656811802588933e-03
-3.4459835064160511e-03
-3.4266956829869118e-03
-3.4079083977306781e-03
-3.3893111768989394e-03
-3.3712514925650153e-03
-3.3532746343478011e-03
-3.3354079109902245e-03
-3.3180359620461138e-03
-3.3010125070985163e-03
-3.2842413346135971e-03
-3.2676070103355272e-03
-3.2511842007037599e-03
-3.2350145446314012e-03
-3.2192642798772077e-03
-3.2038193800139744e-03
-3.1883085951246197e-03
-3.1730888946662214e-03
-3.1581838098138316e-03
-3.1434797599202867e-03
-3.1291407618447118e-03
-3.1148607973774177e-03
-3.1006377748320373e-03
-3.0867627989585012e-03
-3.0732206304514113e-03
-3.0598415022790189e-03
-3.0465278979321885e-03
-3.0334139227968914e-03
-3.0205166595495651e-03
-3.0078578315192134e-03
-2.9955008630493459e-03
-2.9832117695468771e-03
-2.9709575924923553e-03
-2.9589968723131564e-03
-2.9473201505793101e-03
-2.9358311763673286e-03
-2.9244199194147346e-03
-2.9131240305330887e-03
-2.9020876239440468e-03
-2.8912139139570083e-03
-2.8806070206289424e-03
-2.8701423967017123e-03
-2.8597089450162153e-03
-2.8494738564646457e-03
-2.8394963476611117e-03
-2.8297710626787893e-03
-2.8201657579012473e-03
-2.8105585654060405e-03
-2.8012027229072979e-03
-2.7920939169593785e-03
-2.7831809460852897e-03
-2.7744446912911598e-03
-2.7657101480031781e-03
-2.7572198861385891e-03
-2.7489382304553981e-03
-2.7408613197717150e-03
-2.7330254827642869e-03
-2.7251656273235398e-03
-2.7175342068467465e-03
-2.7100919219500835e-03
-2.7028914890341658e-03
-2.6959311050512563e-03
-2.6889925958112899e-03
-2.6822225605332498e-03
-2.6756762872155631e-03
-2.6693735882930055e-03
-2.6633137121250222e-03
-2.6573213262576817e-03
-2.6514628962899193e-03
-2.6458457333512092e-03
-2.6404774949778886e-03
-2.6353583542901866e-03
-2.6303505788433643e-03
0.0000000000000000e+00
5.2509373356601441e-01
3.6295486983223779e-01
7.2925299968229737e+01
];
