%Vec Object:sol 1 MPI processes
%  type: mpi
sol = [
0.0000000000000000e+00
-3.6549683171622042e-03
-3.6293055264603213e-03
-3.6040421073155198e-03
-3.5794884652652621e-03
-3.5560348953558312e-03
-3.5326269333338638e-03
-3.5103267845633715e-03
-3.4879193537224002e-03
-3.4660481327704394e-03
-3.4451065865745960e-03
-3.4241866131432932e-03
-3.4041488676591213e-03
-3.3845640302990134e-03
-3.3648251045751520e-03
-3.3458501873185336e-03
-3.3270512115943477e-03
-3.3088431544151960e-03
-3.2912041372136660e-03
-3.2736618789525884e-03
-3.2563016262965178e-03
-3.2392898388960054e-03
-3.2225918868611738e-03
-3.2064559602577570e-03
-3.1905088118656610e-03
-3.1749207376167684e-03
-3.1594180645686263e-03
-3.1440093220813058e-03
-3.1290704795723700e-03
-3.1145332536146558e-03
-3.1001229578890995e-03
-3.0861093537508052e-03
-3.0720241774540198e-03
-3.0581146251533690e-03
-3.0446078694320532e-03
-3.0313747315240829e-03
-3.0183301034873264e-03
-3.0056275046900956e-03
-2.9927893703352291e-03
-2.9801430805026256e-03
-2.9678385179425495e-03
-2.9557744131020942e-03
-2.9438819476725257e-03
-2.9323015077902326e-03
-2.9205880659187136e-03
-2.9090235339098813e-03
-2.8977566713595799e-03
-2.8867536459773542e-03
-2.8758611905758719e-03
-2.8652451065264402e-03
-2.8545576139047887e-03
-2.8439660160913256e-03
-2.8336175131202651e-03
-2.8235229287024576e-03
-2.8135890381411318e-03
-2.8038359893157554e-03
-2.7940297547502471e-03
-2.7843920920866609e-03
-2.7748784204263727e-03
-2.7655973823934314e-03
-2.7565409114918928e-03
-2.7476217970185323e-03
-2.7386318033190598e-03
-2.7297949610000918e-03
-2.7211619067611607e-03
-2.7126445824853600e-03
-2.7043383605749060e-03
-2.6962374585903092e-03
-2.6880813881290560e-03
-2.6799886564253944e-03
-2.6720998439658376e-03
-2.6644103380300201e-03
-2.6568691841804869e-03
-2.6494883069175454e-03
-2.6421121155075608e-03
-2.6348303526003963e-03
-2.6276973576716154e-03
-2.6207283639809488e-03
-2.6139509509109562e-03
-2.6073623691753112e-03
-2.6007641819006974e-03
-2.5942122187256572e-03
-2.5878516826532303e-03
-2.5816805092039393e-03
-2.5756883120774377e-03
-2.5698357277721550e-03
-2.5640221647111050e-03
-2.5582836067797837e-03
-2.5527356350541789e-03
-2.5473470810153296e-03
-2.5421315569760365e-03
-2.5371076991368160e-03
-2.5321342111341489e-03
-2.5272405045068318e-03
-2.5225070782229214e-03
-2.5179644737670127e-03
-2.5136201248505351e-03
-2.5094745335701033e-03
-2.5053872771987058e-03
0.0000000000000000e+00
4.9064643814761844e-01
3.6295486983223779e-01
7.2925299968229737e+01
];
