%Vec Object:sol 1 MPI processes
%  type: mpi
sol = [
0.0000000000000000e+00
-3.8904008514220991e-03
-3.8614843561984614e-03
-3.8330331018934108e-03
-3.8053924953373166e-03
-3.7789810886679292e-03
-3.7526584533140233e-03
-3.7272234737974375e-03
-3.7020399419732488e-03
-3.6775087607149918e-03
-3.6540125582882063e-03
-3.6305715842671628e-03
-3.6079328111483667e-03
-3.5854483729506120e-03
-3.5633949755854172e-03
-3.5421901704052795e-03
-3.5212004603240670e-03
-3.5008613356565534e-03
-3.4806391400196658e-03
-3.4606070591064941e-03
-3.4412880441717928e-03
-3.4223640128808351e-03
-3.4037971598009252e-03
-3.3855130890296332e-03
-3.3673050996121689e-03
-3.3495657857768343e-03
-3.3323866441740554e-03
-3.3153248436941663e-03
-3.2986327275561756e-03
-3.2820781974170509e-03
-3.2656856727514998e-03
-3.2497858944277595e-03
-3.2342497700900770e-03
-3.2189145413878402e-03
-3.2036188650422649e-03
-3.1886076997554675e-03
-3.1738197111082066e-03
-3.1594424183700354e-03
-3.1453454223063972e-03
-3.1312519083534197e-03
-3.1173424035218973e-03
-3.1037080130148047e-03
-3.0902748502329930e-03
-3.0771935640168764e-03
-3.0643547763080804e-03
-3.0513337927628999e-03
-3.0386458719480983e-03
-3.0262543689276874e-03
-3.0139958106495091e-03
-3.0020459821246187e-03
-2.9901587745145616e-03
-2.9782775917057865e-03
-2.9666683328343066e-03
-2.9553419695156776e-03
-2.9441990740376738e-03
-2.9331994822119354e-03
-2.9221851925624212e-03
-2.9114099044573335e-03
-2.9007776149478437e-03
-2.8904031691993301e-03
-2.8802776098761133e-03
-2.8700766623197607e-03
-2.8599889250573735e-03
-2.8501445617372446e-03
-2.8405256237859552e-03
-2.8310386020370757e-03
-2.8217117851976163e-03
-2.8123747879542881e-03
-2.8032253172707664e-03
-2.7942421902835165e-03
-2.7854827556192722e-03
-2.7769418485902122e-03
-2.7683413552177663e-03
-2.7598492686882327e-03
-2.7515748122388297e-03
-2.7435137975400517e-03
-2.7356165157256156e-03
-2.7278203808850116e-03
-2.7200293189753623e-03
-2.7124489270696542e-03
-2.7050445045850445e-03
-2.6978122148420321e-03
-2.6907871947975505e-03
-2.6837480582777903e-03
-2.6768529570931759e-03
-2.6701147299326091e-03
-2.6635846485268269e-03
-2.6572609520571114e-03
-2.6510533502658068e-03
-2.6448462169115119e-03
-2.6388297061188852e-03
-2.6330231133381860e-03
-2.6274257115152123e-03
-2.6220369430468367e-03
-2.6165945895866584e-03
-2.6113313117780185e-03
-2.6062834312471123e-03
-2.6014511613814441e-03
-2.5968348630126480e-03
0.0000000000000000e+00
5.0926543344025255e-01
3.6295486983223779e-01
7.2925299968229737e+01
];
