%Vec Object:sol 1 MPI processes
%  type: mpi
sol = [
0.0000000000000000e+00
-3.6779421409450326e-03
-3.6519804355348178e-03
-3.6265657701167976e-03
-3.6018671083616520e-03
-3.5782775305659899e-03
-3.5546337137834245e-03
-3.5316153460668359e-03
-3.5090552133124030e-03
-3.4870715892027435e-03
-3.4660241822006450e-03
-3.4449978718526027e-03
-3.4246671840922338e-03
-3.4044625557825029e-03
-3.3846339433450724e-03
-3.3655739273735319e-03
-3.3466900402069309e-03
-3.3284003288967575e-03
-3.3104370852735489e-03
-3.2923605481900427e-03
-3.2749311516010074e-03
-3.2578514342536218e-03
-3.2410865515622852e-03
-3.2248864920675965e-03
-3.2086030293400842e-03
-3.1925372460966097e-03
-3.1769806771046998e-03
-3.1615173947519559e-03
-3.1465260502544791e-03
-3.1319379038629736e-03
-3.1171950362503492e-03
-3.1027390049545357e-03
-3.0886114888297833e-03
-3.0746595453622185e-03
-3.0611119380363747e-03
-3.0478386341633978e-03
-3.0344751592474872e-03
-3.0213514860924573e-03
-3.0084810591745775e-03
-2.9958025432708494e-03
-2.9834668487410954e-03
-2.9713720513405498e-03
-2.9591797611790106e-03
-2.9471909438167987e-03
-2.9354535356208513e-03
-2.9238652481484908e-03
-2.9125753524389380e-03
-2.9015498231123931e-03
-2.8903788355968438e-03
-2.8793823537856941e-03
-2.8686575605047474e-03
-2.8580504874755773e-03
-2.8476868383405965e-03
-2.8375775308408578e-03
-2.8273883949601936e-03
-2.8172823075422893e-03
-2.8074225536940480e-03
-2.7977771036995212e-03
-2.7882552293076249e-03
-2.7789662817188227e-03
-2.7696769127836052e-03
-2.7604296311386882e-03
-2.7513709379931349e-03
-2.7425328083002195e-03
-2.7338985542143535e-03
-2.7253796130019946e-03
-2.7168603291913129e-03
-2.7084539715604363e-03
-2.7002166678442396e-03
-2.6921285265724551e-03
-2.6842443881189750e-03
-2.6765596404014305e-03
-2.6688223873102190e-03
-2.6611562167790951e-03
-2.6536893768724806e-03
-2.6464181524859750e-03
-2.6392954498483919e-03
-2.6323366173048902e-03
-2.6253760208376537e-03
-2.6185208772320293e-03
-2.6118268877850272e-03
-2.6052905931180964e-03
-2.5989457160266022e-03
-2.5927902057736466e-03
-2.5866227460231315e-03
-2.5805202088059385e-03
-2.5746108590160807e-03
-2.5688932289980185e-03
-2.5633661636967203e-03
-2.5579983463268501e-03
-2.5526092724998902e-03
-2.5473509120183466e-03
-2.5422880659655613e-03
-2.5374203996419587e-03
-2.5327128246951931e-03
-2.5281960739311615e-03
-2.5236730933541509e-03
-2.5193071364924525e-03
-2.5151444526297835e-03
0.0000000000000000e+00
4.9255951185252950e-01
3.6295486983223779e-01
7.2925299968229737e+01
];
