%Vec Object:sol 1 MPI processes
%  type: mpi
sol = [
0.0000000000000000e+00
-4.0424308229459132e-04
-4.0110253727659368e-04
-3.9803039114629066e-04
-3.9504545481167721e-04
-3.9216540666879330e-04
-3.8925857893159610e-04
-3.8648471510549927e-04
-3.8376775492417789e-04
-3.8112078536093837e-04
-3.7855192264493650e-04
-3.7596295792020055e-04
-3.7347970882366520e-04
-3.7105581674407414e-04
-3.6867830584424343e-04
-3.6635669631156025e-04
-3.6403783893384611e-04
-3.6179058598381515e-04
-3.5961218017680559e-04
-3.5745468074204801e-04
-3.5533890579884377e-04
-3.5324778943510605e-04
-3.5119623085968691e-04
-3.4921175331068172e-04
-3.4725250419181654e-04
-3.4531139117767527e-04
-3.4341305153845318e-04
-3.4152897762284478e-04
-3.3970091715942996e-04
-3.3792109515008554e-04
-3.3613077500962095e-04
-3.3437551691833418e-04
-3.3265989053228096e-04
-3.3096694893500363e-04
-3.2932177744249427e-04
-3.2768620414308605e-04
-3.2605585040667586e-04
-3.2446980504693019e-04
-3.2291449786658530e-04
-3.2138312620113809e-04
-3.1987339216690049e-04
-3.1837158914007263e-04
-3.1689222911922721e-04
-3.1545087841182808e-04
-3.1403959132699649e-04
-3.1263369250886621e-04
-3.1123847244772171e-04
-3.0987542417103953e-04
-3.0852762963057018e-04
-3.0721323758813962e-04
-3.0592287517111530e-04
-3.0461955794928910e-04
-3.0334579226028174e-04
-3.0210268974906283e-04
-3.0087997424330066e-04
-2.9967757543031054e-04
-2.9847211447039072e-04
-2.9729273651053659e-04
-2.9612953768708725e-04
-2.9499434352117768e-04
-2.9388615201150471e-04
-2.9276630882604717e-04
-2.9166604361741333e-04
-2.9059225301024253e-04
-2.8954308013217316e-04
-2.8850889557513812e-04
-2.8747780190724516e-04
-2.8646306342358045e-04
-2.8546901466623237e-04
-2.8449347609652069e-04
-2.8354233661924855e-04
-2.8259950245519119e-04
-2.8166123000744148e-04
-2.8074311945009529e-04
-2.7984876065586975e-04
-2.7897772025840448e-04
-2.7811566007575133e-04
-2.7725454259231109e-04
-2.7641678205827657e-04
-2.7560203816288584e-04
-2.7480675188945391e-04
-2.7402721114205543e-04
-2.7324656629754910e-04
-2.7248885597569997e-04
-2.7175292219715040e-04
-2.7103448486741398e-04
-2.7033875724548974e-04
-2.6964147764947047e-04
-2.6896490230639747e-04
-2.6830782313371675e-04
-2.6767167241285584e-04
-2.6705841697395946e-04
-2.6644965648883197e-04
-2.6585696282952056e-04
-2.6528366953642744e-04
-2.6473303058838519e-04
-2.6420580800652740e-04
-2.6368884167014725e-04
-2.6318420630875894e-04
0.0000000000000000e+00
5.2090799648753661e-01
3.6295485309822773e-01
7.2925365311217348e+01
];
