%Vec Object:sol 1 MPI processes
%  type: mpi
sol = [
0.0000000000000000e+00
-3.5978397804632798e-04
-3.5731214433943812e-04
-3.5489152615750654e-04
-3.5253863521125318e-04
-3.5023792551438484e-04
-3.4793532266128474e-04
-3.4574126237512775e-04
-3.4359018714095568e-04
-3.4149367631587093e-04
-3.3948686829583932e-04
-3.3743356683404183e-04
-3.3545857305486030e-04
-3.3353008023684393e-04
-3.3163693392218384e-04
-3.2981747006897337e-04
-3.2801398558410976e-04
-3.2622886950752275e-04
-3.2448688115971911e-04
-3.2275896430697246e-04
-3.2109312343620337e-04
-3.1946039349643550e-04
-3.1785740633850224e-04
-3.1627972351469801e-04
-3.1470195080508220e-04
-3.1316448956886467e-04
-3.1167587795947685e-04
-3.1019554442359809e-04
-3.0876048321845710e-04
-3.0734488473732141e-04
-3.0591659791489732e-04
-3.0453146405464787e-04
-3.0317770899423118e-04
-3.0184041552042026e-04
-3.0054195762530342e-04
-2.9926005301731816e-04
-2.9796483679892931e-04
-2.9670573347506148e-04
-2.9547079288247451e-04
-2.9425403857822008e-04
-2.9307024381262573e-04
-2.9190886323535414e-04
-2.9072611731841599e-04
-2.8957439632644694e-04
-2.8844677381958928e-04
-2.8733326217660927e-04
-2.8624847707260127e-04
-2.8518911018376747e-04
-2.8411181237283169e-04
-2.8305398991750839e-04
-2.8202234831063060e-04
-2.8100183682368062e-04
-2.8000476866175950e-04
-2.7903222836864834e-04
-2.7805652016027661e-04
-2.7708310061148205e-04
-2.7613346660047329e-04
-2.7520449673285041e-04
-2.7428731953660639e-04
-2.7339265270769921e-04
-2.7250995696399794e-04
-2.7161827085971812e-04
-2.7074479110897830e-04
-2.6989266108610430e-04
-2.6906025816483765e-04
-2.6823891707712671e-04
-2.6743608600324811e-04
-2.6662476722003162e-04
-2.6582981032964836e-04
-2.6504927448511341e-04
-2.6428854269151618e-04
-2.6354717220931423e-04
-2.6282014798761688e-04
-2.6208442966464007e-04
-2.6136321525855623e-04
-2.6066103266745791e-04
-2.5997327374628523e-04
-2.5930145003452156e-04
-2.5864829116024559e-04
-2.5799641548810266e-04
-2.5734949344488226e-04
-2.5671793603025255e-04
-2.5610505687720321e-04
-2.5551066156918927e-04
-2.5493373455016770e-04
-2.5435924477316821e-04
-2.5378804578109237e-04
-2.5323559421137524e-04
-2.5270178294056062e-04
-2.5218354502326253e-04
-2.5168223118601329e-04
-2.5119332401226719e-04
-2.5070417561155246e-04
-2.5023415859840183e-04
-2.4977983445446949e-04
-2.4934422458764083e-04
-2.4892807090493751e-04
-2.4852865264972292e-04
-2.4812707443367272e-04
0.0000000000000000e+00
4.8600762974397455e-01
3.6295485309822773e-01
7.2925365311217348e+01
];
