%Vec Object:sol 1 MPI processes
%  type: mpi
sol = [
0.0000000000000000e+00
-1.6447662400638568e-03
-1.4834120882708691e-03
-1.3094716456594762e-03
-1.1540117286669440e-03
-9.2255423979502240e-04
-3.9158200797426905e-04
-3.8855976643202604e-04
-3.8436961116070090e-04
-3.8023160725523104e-04
-3.7623071440671295e-04
-3.7225538154361923e-04
-3.6840525861322028e-04
-3.6458841671911603e-04
-3.6082756241722649e-04
-3.5716902521415667e-04
-3.5354182661927338e-04
-3.4996517490745591e-04
-3.4644860247606298e-04
-3.4295493832939484e-04
-3.3953796588576021e-04
-3.3615136191173656e-04
-3.3277505355363857e-04
-3.2946177899895586e-04
-3.2616822398156431e-04
-3.2291745467419162e-04
-3.1969082992487841e-04
-3.1646249209378916e-04
-3.1327938571900824e-04
-3.1013273349349312e-04
-3.0698697751910486e-04
-3.0385399142269311e-04
-3.0074619212501664e-04
-2.9764659450144405e-04
-2.9457821967383884e-04
-2.9151641987221677e-04
-2.8844498414250816e-04
-2.8539918441776311e-04
-2.8236571018738495e-04
-2.7933767897352074e-04
-2.7631953224640452e-04
-2.7329598082706784e-04
-2.7027449503118714e-04
-2.6726804107341580e-04
-2.6426819179176195e-04
-2.6125831079442378e-04
-2.5823889988980117e-04
-2.5522098163670141e-04
-2.5218592932635251e-04
-2.4914419953026511e-04
-2.4608810734643756e-04
-2.4298056830144305e-04
-2.3983728929415489e-04
-2.3665481574359167e-04
-2.3341770531170149e-04
-2.3012318719372007e-04
-2.2677516777926164e-04
-2.2336231529048337e-04
-2.1990272220705223e-04
-2.1642049756341592e-04
-2.1293033782315366e-04
-2.0944371231368831e-04
-2.0597969151890652e-04
-2.0254596183331573e-04
-1.9916930085592567e-04
-1.9586728899544995e-04
-1.9266833482769111e-04
-1.8959215337926869e-04
-1.8665872892183169e-04
-1.8388313024228164e-04
-1.8127031672535512e-04
-1.7882352853162056e-04
-1.7654970638170995e-04
-1.7443931265615674e-04
-1.7247348996198372e-04
-1.7064453733688128e-04
-1.6893992090730015e-04
-1.6731274391925598e-04
-1.6577950554083306e-04
-1.6433076646848999e-04
-1.6295976886498045e-04
-1.6165045872749737e-04
-1.6039208921769674e-04
-1.5917331030698288e-04
-1.5799084200599089e-04
-1.5683490981160465e-04
-1.5569613266769544e-04
-1.5456766771115661e-04
-1.5344152722393105e-04
-1.5232110280404535e-04
-1.5119449333733003e-04
-1.5004966414157122e-04
-1.4888336463995933e-04
-1.4769051196106313e-04
-1.4645806177191403e-04
-1.4518199068915512e-04
-1.4385006672608985e-04
-1.4244658488267781e-04
-1.4096602056407460e-04
0.0000000000000000e+00
5.6508942689621999e-01
3.6129801604344608e-01
6.4393375219908933e+01
];
