%Vec Object:sol 1 MPI processes
%  type: mpi
sol = [
0.0000000000000000e+00
-1.7020527108175761e-03
-1.5460074976987384e-03
-1.3688967950875159e-03
-1.2052709223182914e-03
-1.0777411162122001e-03
-8.8689060377127678e-04
-3.8809592535799431e-04
-3.8921708463226151e-04
-3.8485801637044685e-04
-3.8063662326564207e-04
-3.7643987780534957e-04
-3.7236253973085267e-04
-3.6832092764992779e-04
-3.6433680811755572e-04
-3.6045332392763623e-04
-3.5659738172734109e-04
-3.5277641374956994e-04
-3.4902558763235612e-04
-3.4529283791424707e-04
-3.4163235377290992e-04
-3.3798010339901330e-04
-3.3435003629991524e-04
-3.3077734057041636e-04
-3.2721790554978645e-04
-3.2368246044913097e-04
-3.2017103368396453e-04
-3.1665777809142769e-04
-3.1318274535973559e-04
-3.0973691633551145e-04
-3.0626408091748245e-04
-3.0281785805028001e-04
-2.9938894035481213e-04
-2.9595983329445209e-04
-2.9254903802497560e-04
-2.8912114696649229e-04
-2.8568721784450997e-04
-2.8225855392936838e-04
-2.7881116397754585e-04
-2.7531451871809081e-04
-2.7174132012591643e-04
-2.6805470269076597e-04
-2.6418301145607196e-04
-2.6005550390978573e-04
-2.5556960859104689e-04
-2.5061823277620297e-04
-2.4520401144792047e-04
-2.3937773007342420e-04
-2.3326140718405195e-04
-2.2704853861060082e-04
-2.2090570233300553e-04
-2.1496387424288282e-04
-2.0935571620453734e-04
-2.0417221036412214e-04
-1.9947850869346087e-04
-1.9531028427313021e-04
-1.9167072047826251e-04
-1.8847163289618273e-04
-1.8569427909658891e-04
-1.8331155858468116e-04
-1.8125447731290610e-04
-1.7948605721923222e-04
-1.7794669027643728e-04
-1.7658752507326280e-04
-1.7537729360535002e-04
-1.7428980846227014e-04
-1.7329654008544143e-04
-1.7237045065564792e-04
-1.7149570559610338e-04
-1.7066371480300996e-04
-1.6985823961857073e-04
-1.6905783483405417e-04
-1.6827582053170138e-04
-1.6750012354481417e-04
-1.6670970441976464e-04
-1.6590905868385988e-04
-1.6509863670724929e-04
-1.6426883290871259e-04
-1.6341235646120451e-04
-1.6253033279744556e-04
-1.6162803043439543e-04
-1.6069643157042815e-04
-1.5973157336737943e-04
-1.5872940144231388e-04
-1.5769449081791430e-04
-1.5662487472037950e-04
-1.5551263431736403e-04
-1.5435481717610680e-04
-1.5314836857827370e-04
-1.5190381038464483e-04
-1.5061062269009862e-04
-1.4925828763978635e-04
-1.4784751939158819e-04
-1.4637794088158599e-04
-1.4483910263294697e-04
-1.4322786828681363e-04
-1.4153570696515258e-04
-1.3974744468712156e-04
-1.3786297220635897e-04
0.0000000000000000e+00
5.6833517920140564e-01
3.6036851448747959e-01
6.0262006385744137e+01
];
