%Vec Object:sol 1 MPI processes
%  type: mpi
sol = [
0.0000000000000000e+00
-2.0028559867379035e-02
-1.8743858504041800e-02
-1.6896201468819642e-02
-1.4792460550868362e-02
-1.3184565231178931e-02
-1.1826752542467876e-02
-1.0710822246106715e-02
-9.7132069469157874e-03
-8.8365593061709817e-03
-7.9673675078847633e-03
-7.0912151895142468e-03
-6.1917800295235295e-03
-5.2354648109876672e-03
-4.3147805892948185e-03
-3.4120175144005840e-03
-2.7290417081037863e-03
-2.2205262901975379e-03
-1.9009070028349979e-03
-1.6758418885559636e-03
-1.5542039786969905e-03
-1.4964908086009280e-03
-1.4858333023167161e-03
-1.5016090761662882e-03
-1.5300475122564069e-03
-1.5638226041186619e-03
-1.5973047910509363e-03
-1.6266026803706726e-03
-1.6525239235264926e-03
-1.6719452297778679e-03
-1.6875507059020349e-03
-1.6981091641760130e-03
-1.7049988516213649e-03
-1.7092090386329642e-03
-1.7102875422280834e-03
-1.7096776657981800e-03
-1.7075174146802749e-03
-1.7037933942398529e-03
-1.6993467926110406e-03
-1.6943122356371668e-03
-1.6885407981385055e-03
-1.6825662407045400e-03
-1.6764639909163047e-03
-1.6702218044647003e-03
-1.6640781108215668e-03
-1.6580468160506789e-03
-1.6521533367799932e-03
-1.6465590413683193e-03
-1.6413007086565426e-03
-1.6363644768390194e-03
-1.6317426867759903e-03
-1.6275884382330483e-03
-1.6238758640791651e-03
-1.6204738187373178e-03
-1.6175104587769456e-03
-1.6149834069317836e-03
-1.6128062306660475e-03
-1.6109173336080770e-03
-1.6093851515828425e-03
-1.6081533924451445e-03
-1.6070398172410999e-03
-1.6062947551817545e-03
-1.6057110338574452e-03
-1.6051590800359853e-03
-1.6046655397523898e-03
-1.6042702506611057e-03
-1.6038628738156055e-03
-1.6033286754313480e-03
-1.6026665402339910e-03
-1.6019045852698314e-03
-1.6009359690425278e-03
-1.5996125523626424e-03
-1.5981394656065422e-03
-1.5964172858070052e-03
-1.5942452539417426e-03
-1.5916880269221420e-03
-1.5887750221238697e-03
-1.5854149834399552e-03
-1.5815303577485951e-03
-1.5771274057325365e-03
-1.5722776392156448e-03
-1.5668845185916130e-03
-1.5608983157778086e-03
-1.5542696472955124e-03
-1.5470472507673027e-03
-1.5392070352441244e-03
-1.5306633354316658e-03
-1.5213798511613094e-03
-1.5113146421527927e-03
-1.5005642946286349e-03
-1.4890134037423050e-03
-1.4765744726652622e-03
-1.4632327666291743e-03
-1.4489787097181431e-03
-1.4336986817975327e-03
-1.4173409942807595e-03
-1.3998492744101165e-03
-1.3810785182649910e-03
-1.3610282632695566e-03
0.0000000000000000e+00
5.8538057097874152e-01
3.5164333927744340e-01
3.5896187540958529e+01
];
