%Vec Object:sol 1 MPI processes
%  type: mpi
sol = [
0.0000000000000000e+00
-4.0890729689050412e-04
-4.0569574718222931e-04
-4.0253022556440159e-04
-3.9941014090913001e-04
-3.9642491178924224e-04
-3.9345303985035309e-04
-3.9061606368474491e-04
-3.8779944677342721e-04
-3.8502984518096320e-04
-3.8237342371422742e-04
-3.7972610474568699e-04
-3.7718590446609077e-04
-3.7465964798377173e-04
-3.7216983815761579e-04
-3.6977267889913584e-04
-3.6740101924484574e-04
-3.6510181403229529e-04
-3.6282106860750931e-04
-3.6055999819205445e-04
-3.5837665856418380e-04
-3.5623735978618893e-04
-3.5413507608260018e-04
-3.5205330314622694e-04
-3.4999835419372813e-04
-3.4799491199609682e-04
-3.4605250762173860e-04
-3.4411816955702654e-04
-3.4219975683024827e-04
-3.4033128986893862e-04
-3.3848177975640003e-04
-3.3668590289785650e-04
-3.3492229544620892e-04
-3.3314529843940413e-04
-3.3141766640308384e-04
-3.2972479494458459e-04
-3.2805707643953968e-04
-3.2642640404144824e-04
-3.2479306582570711e-04
-3.2318496354689886e-04
-3.2161869143746129e-04
-3.2008286192020336e-04
-3.1856321872042670e-04
-3.1704946102401125e-04
-3.1556706665049371e-04
-3.1410469022435667e-04
-3.1267870781660463e-04
-3.1128076930150107e-04
-3.0986593914485400e-04
-3.0848580374319900e-04
-3.0713883882978323e-04
-3.0580808589421592e-04
-3.0450542099757063e-04
-3.0320071776552892e-04
-3.0191758955707001e-04
-3.0065820672970901e-04
-2.9942890718477074e-04
-2.9822617417813113e-04
-2.9700775508193335e-04
-2.9581739862681128e-04
-2.9465533332026104e-04
-2.9351193273282526e-04
-2.9239207286625550e-04
-2.9127198664489730e-04
-2.9017311976426590e-04
-2.8909039787505445e-04
-2.8803422242756736e-04
-2.8700391522348779e-04
-2.8597262254959131e-04
-2.8495285295228659e-04
-2.8395869744269204e-04
-2.8298961580898517e-04
-2.8204002076090363e-04
-2.8109389295661913e-04
-2.8016093777173922e-04
-2.7925252240038637e-04
-2.7836352303293809e-04
-2.7749557778507548e-04
-2.7663911782323675e-04
-2.7579151173972970e-04
-2.7496457963219521e-04
-2.7415792836686187e-04
-2.7337517033914065e-04
-2.7260801862687590e-04
-2.7184502379333964e-04
-2.7110073492614151e-04
-2.7038041963841903e-04
-2.6968389444599606e-04
-2.6900715000288125e-04
-2.6832903609176650e-04
-2.6767308126333413e-04
-2.6704126402887258e-04
-2.6643350712386352e-04
-2.6584962362020818e-04
-2.6526142280340750e-04
-2.6469708521961364e-04
-2.6415741450736626e-04
-2.6364242200964920e-04
-2.6315211844854064e-04
0.0000000000000000e+00
5.2436896270072142e-01
3.6295485309822773e-01
7.2925365311217348e+01
];
