%Vec Object:sol 1 MPI processes
%  type: mpi
sol = [
0.0000000000000000e+00
-4.0168166298193879e-03
-3.9857185046283721e-03
-3.9553000027629888e-03
-3.9257476983419314e-03
-3.8974954576836657e-03
-3.8691917007017945e-03
-3.8417254735977455e-03
-3.8148252728338349e-03
-3.7886209221567103e-03
-3.7635087377860597e-03
-3.7382839866945908e-03
-3.7136970706922201e-03
-3.6897007696204132e-03
-3.6661662323001875e-03
-3.6435258364343475e-03
-3.6209422471422201e-03
-3.5986936478537958e-03
-3.5771300195486279e-03
-3.5557752572037780e-03
-3.5351706649106567e-03
-3.5148333305407451e-03
-3.4945233341083862e-03
-3.4748808430074495e-03
-3.4554900626313097e-03
-3.4365937962613485e-03
-3.4181738356223578e-03
-3.3995222750814397e-03
-3.3814282682864422e-03
-3.3638145106001534e-03
-3.3463763779616826e-03
-3.3293926794666332e-03
-3.3124089983460718e-03
-3.2956515361433122e-03
-3.2793696026615503e-03
-3.2634196118521714e-03
-3.2477001086624975e-03
-3.2319976774444793e-03
-3.2166013912359554e-03
-3.2014435202448958e-03
-3.1866878248660510e-03
-3.1722221473201484e-03
-3.1576239837524597e-03
-3.1433515683005854e-03
-3.1293783496516491e-03
-3.1155923743650380e-03
-3.1021553852194797e-03
-3.0887652977547556e-03
-3.0754130466844071e-03
-3.0623930110952892e-03
-3.0496901826643193e-03
-3.0371369340598253e-03
-3.0246854479707964e-03
-3.0123632302777926e-03
-3.0002434234044557e-03
-2.9883474294402543e-03
-2.9767379062159709e-03
-2.9652739215931855e-03
-2.9537338443972293e-03
-2.9424717643971960e-03
-2.9314782765339888e-03
-2.9206580564859557e-03
-2.9100285466071483e-03
-2.8993658139347778e-03
-2.8889471279619607e-03
-2.8786765186703525e-03
-2.8686570316331216e-03
-2.8588819100850882e-03
-2.8490389086907007e-03
-2.8393379154714377e-03
-2.8298785384125555e-03
-2.8206553570171702e-03
-2.8116128591687073e-03
-2.8025780169500000e-03
-2.7936691714589984e-03
-2.7849909696810722e-03
-2.7764924618888767e-03
-2.7681898313229817e-03
-2.7600019487751684e-03
-2.7518688126622151e-03
-2.7439276002257170e-03
-2.7361743288309500e-03
-2.7286448340548210e-03
-2.7212952620129247e-03
-2.7139288443491531e-03
-2.7067345102618021e-03
-2.6997645633666553e-03
-2.6930171178881886e-03
-2.6864906336533786e-03
-2.6799130506736566e-03
-2.6735195756307957e-03
-2.6673518795847736e-03
-2.6614091323441534e-03
-2.6556906729405493e-03
-2.6499856043422075e-03
-2.6444245671944366e-03
-2.6390944062154274e-03
-2.6339952343409061e-03
-2.6291273149493806e-03
0.0000000000000000e+00
5.1893325139369750e-01
3.6295486983223779e-01
7.2925299968229737e+01
];
