%Vec Object:sol 1 MPI processes
%  type: mpi
sol = [
0.0000000000000000e+00
-3.4780008036728875e-03
-3.4547932336167647e-03
-3.4320574251749951e-03
-3.4099523702557596e-03
-3.3884660390271766e-03
-3.3667984326684092e-03
-3.3461561330582956e-03
-3.3259107333285295e-03
-3.3061739268342751e-03
-3.2872842622407995e-03
-3.2682733789521816e-03
-3.2496502811773680e-03
-3.2314612368319960e-03
-3.2135994058711207e-03
-3.1964341552228794e-03
-3.1794110402129615e-03
-3.1629229794281253e-03
-3.1466008764414995e-03
-3.1302586241793240e-03
-3.1145040694802381e-03
-3.0990588924133238e-03
-3.0838909620827444e-03
-3.0692361209064029e-03
-3.0546659475526126e-03
-3.0400888259509121e-03
-3.0259748161749361e-03
-3.0119331839347074e-03
-2.9983208046011835e-03
-2.9850737612758527e-03
-2.9719321142037021e-03
-2.9589405476586140e-03
-2.9460696399208372e-03
-2.9333518205305635e-03
-2.9210032462477671e-03
-2.9089019148516755e-03
-2.8969674767069975e-03
-2.8853681852313417e-03
-2.8735981573306054e-03
-2.8619964059567004e-03
-2.8507089007592072e-03
-2.8396397963036954e-03
-2.8287239660098502e-03
-2.8180968909863441e-03
-2.8075509302063705e-03
-2.7969055554715708e-03
-2.7865347933763089e-03
-2.7764068425925972e-03
-2.7663761045770060e-03
-2.7566007165100519e-03
-2.7470687974075550e-03
-2.7373719170717048e-03
-2.7278151617449514e-03
-2.7184937100897073e-03
-2.7093190057628194e-03
-2.7003104817763979e-03
-2.6915238204363074e-03
-2.6828842146647321e-03
-2.6740716877450932e-03
-2.6654758897775082e-03
-2.6570893925796837e-03
-2.6488292168889709e-03
-2.6407382771522973e-03
-2.6328472926955460e-03
-2.6249802804211605e-03
-2.6170699189488611e-03
-2.6093574959243095e-03
-2.6018377061442525e-03
-2.5944705474432827e-03
-2.5872374109727515e-03
-2.5801907061615442e-03
-2.5730591632370935e-03
-2.5660413328339568e-03
-2.5591743534461066e-03
-2.5524904449379612e-03
-2.5459863746171664e-03
-2.5396176333152124e-03
-2.5333085981769660e-03
-2.5269908632141939e-03
-2.5208524222100717e-03
-2.5148622821565248e-03
-2.5090173812552991e-03
-2.5033500653754144e-03
-2.4978586385377781e-03
-2.4923311649871129e-03
-2.4868722565987451e-03
-2.4815935611490346e-03
-2.4764939250622640e-03
-2.4715724878264208e-03
-2.4667996289783212e-03
-2.4621304083504167e-03
-2.4574458375259964e-03
-2.4529450912340886e-03
-2.4486280762171524e-03
-2.4444615378663888e-03
-2.4404749868828387e-03
-2.4366757982767174e-03
-2.4328829504077464e-03
-2.4292174517079939e-03
0.0000000000000000e+00
4.7605217938360972e-01
3.6295486983223779e-01
7.2925299968229737e+01
];
