%Vec Object:sol 1 MPI processes
%  type: mpi
sol = [
0.0000000000000000e+00
-3.4437958705982536e-03
-3.4208554845385794e-03
-3.3983796410558694e-03
-3.3765254774854162e-03
-3.3556584895457135e-03
-3.3347989238888317e-03
-3.3145180908183860e-03
-3.2944817991484542e-03
-3.2749473734714806e-03
-3.2562495915337848e-03
-3.2375429524735548e-03
-3.2196312662618846e-03
-3.2020514948283914e-03
-3.1843528868490015e-03
-3.1673428507705522e-03
-3.1504732045089254e-03
-3.1341325055001751e-03
-3.1183016487747210e-03
-3.1025827878665120e-03
-3.0871825997263415e-03
-3.0718591060457314e-03
-3.0568101058685996e-03
-3.0422689375463672e-03
-3.0278868404401025e-03
-3.0138706896419370e-03
-3.0003027504051354e-03
-2.9864210300094983e-03
-2.9728982852791144e-03
-2.9597376527697233e-03
-2.9466819106569947e-03
-2.9340227766232792e-03
-2.9216485312977100e-03
-2.9093558943002525e-03
-2.8970743819188198e-03
-2.8850383764623083e-03
-2.8731682826243976e-03
-2.8616305281661870e-03
-2.8503114250867201e-03
-2.8391542199204100e-03
-2.8281369010859266e-03
-2.8171142281482198e-03
-2.8062442881463452e-03
-2.7956612320241144e-03
-2.7852985019235434e-03
-2.7750608557229541e-03
-2.7650885513647977e-03
-2.7551015498581042e-03
-2.7451009784201638e-03
-2.7353544990889032e-03
-2.7258503501276063e-03
-2.7164446708918917e-03
-2.7072557217805446e-03
-2.6982941982292541e-03
-2.6891508058314072e-03
-2.6801586379230180e-03
-2.6713876101063915e-03
-2.6628080806563679e-03
-2.6543351862162302e-03
-2.6460719555533650e-03
-2.6379406454255382e-03
-2.6296856256390754e-03
-2.6215996572934090e-03
-2.6137131486710448e-03
-2.6060107645904601e-03
-2.5984095097668549e-03
-2.5909999552957965e-03
-2.5836281573952649e-03
-2.5762557344822428e-03
-2.5690175173747852e-03
-2.5619654258099852e-03
-2.5550954220459432e-03
-2.5483595346301653e-03
-2.5417693218150145e-03
-2.5351331752156612e-03
-2.5286147629416094e-03
-2.5222319396503304e-03
-2.5159993956680895e-03
-2.5099435577420103e-03
-2.5040620931219009e-03
-2.4982981485037257e-03
-2.4924313120181976e-03
-2.4867420730816333e-03
-2.4812287289867042e-03
-2.4758816685000965e-03
-2.4706637351660371e-03
-2.4656216508710835e-03
-2.4606402191030517e-03
-2.4556895740563502e-03
-2.4508878271145653e-03
-2.4462481234609470e-03
-2.4417884076174527e-03
-2.4375085491631352e-03
-2.4334085619949950e-03
-2.4292502086205284e-03
-2.4252268209682235e-03
-2.4213908572521775e-03
-2.4177430138200701e-03
-2.4142841126385877e-03
0.0000000000000000e+00
4.7320233743002094e-01
3.6295486983223779e-01
7.2925299968229737e+01
];
