%Vec Object:sol 1 MPI processes
%  type: mpi
sol = [
0.0000000000000000e+00
-3.7529763179525291e-04
-3.7263969583730040e-04
-3.6998480674682469e-04
-3.6739443526143269e-04
-3.6491961699873098e-04
-3.6245134607791905e-04
-3.6009925504297910e-04
-3.5777849584649478e-04
-3.5547434327709663e-04
-3.5326771898475920e-04
-3.5106483859460050e-04
-3.4895445680177539e-04
-3.4689436504067118e-04
-3.4483771393361721e-04
-3.4284141460486133e-04
-3.4086452126942961e-04
-3.3894977901676560e-04
-3.3709486400246031e-04
-3.3525610650226673e-04
-3.3343366207255396e-04
-3.3164727986603146e-04
-3.2989426031659322e-04
-3.2820011831929382e-04
-3.2652637127538532e-04
-3.2488274188214656e-04
-3.2325734094742310e-04
-3.2164247119586029e-04
-3.2007680241990377e-04
-3.1855326452721742e-04
-3.1704356584338759e-04
-3.1555576503823916e-04
-3.1408184928827124e-04
-3.1262669806353150e-04
-3.1121364738258300e-04
-3.0982938242106787e-04
-3.0846513217341735e-04
-3.0710666700122977e-04
-3.0576577321758371e-04
-3.0444516180367292e-04
-3.0316021276861232e-04
-3.0190049556592041e-04
-3.0065823808714351e-04
-2.9941108292745095e-04
-2.9818988065990289e-04
-2.9698446743943929e-04
-2.9581005248096117e-04
-2.9466314081170037e-04
-2.9351986383309219e-04
-2.9237724646275756e-04
-2.9126282666317539e-04
-2.9016088433416018e-04
-2.8908422286247478e-04
-2.8803393662718877e-04
-2.8698582783228316e-04
-2.8593707917611504e-04
-2.8491384484369812e-04
-2.8391284356265472e-04
-2.8292481463665072e-04
-2.8196088967570343e-04
-2.8100000463690664e-04
-2.8004143071301357e-04
-2.7910240394169328e-04
-2.7818616863096204e-04
-2.7729101028601562e-04
-2.7640786713277281e-04
-2.7552139064518399e-04
-2.7465074428367547e-04
-2.7379758090133240e-04
-2.7295986616571145e-04
-2.7214317515241723e-04
-2.7134657123388512e-04
-2.7053656640998151e-04
-2.6974333098018816e-04
-2.6897059845512931e-04
-2.6821797943175430e-04
-2.6748066949813310e-04
-2.6675441676541614e-04
-2.6602556390239220e-04
-2.6531661659072751e-04
-2.6462422338795091e-04
-2.6394802443398111e-04
-2.6329144309421916e-04
-2.6264298450339374e-04
-2.6199728115088028e-04
-2.6136634868457044e-04
-2.6075517731541207e-04
-2.6016361054491009e-04
-2.5959152470728352e-04
-2.5901897348115633e-04
-2.5845509035766036e-04
-2.5791121810036155e-04
-2.5738730172708232e-04
-2.5688330352207706e-04
-2.5639568894255104e-04
-2.5590499694148921e-04
-2.5543216733966528e-04
-2.5497999390409516e-04
-2.5454852232087091e-04
0.0000000000000000e+00
4.9850518406890931e-01
3.6295485309822773e-01
7.2925365311217348e+01
];
