%Vec Object:sol 1 MPI processes
%  type: mpi
sol = [
0.0000000000000000e+00
-3.9916146955198609e-04
-3.9614419580490210e-04
-3.9313119541215555e-04
-3.9020406002378228e-04
-3.8740586103315955e-04
-3.8461877201478758e-04
-3.8195300335956863e-04
-3.7928772216189725e-04
-3.7669148583730611e-04
-3.7420364587866721e-04
-3.7172310443743875e-04
-3.6933853708076428e-04
-3.6696037466578093e-04
-3.6462807963940768e-04
-3.6238459103650228e-04
-3.6016459620937528e-04
-3.5801062814903010e-04
-3.5587309601304863e-04
-3.5375636023654089e-04
-3.5171418856897834e-04
-3.4971379704933233e-04
-3.4775132143194387e-04
-3.4580536654721936e-04
-3.4388286588139875e-04
-3.4200956735016126e-04
-3.4019482220156496e-04
-3.3839309337964200e-04
-3.3660617705120381e-04
-3.3485944402666278e-04
-3.3313023129168242e-04
-3.3145247030046593e-04
-3.2981287415337340e-04
-3.2816452343928891e-04
-3.2654937010063046e-04
-3.2496727842135201e-04
-3.2340884631445994e-04
-3.2189328307486413e-04
-3.2038630469183776e-04
-3.1888210432191351e-04
-3.1741794889324259e-04
-3.1598267991970466e-04
-3.1456871747467249e-04
-3.1317975670541400e-04
-3.1179267363896061e-04
-3.1042425279215506e-04
-3.0909057895485496e-04
-3.0778788723675581e-04
-3.0649665017128662e-04
-3.0520365255101906e-04
-3.0394223926681987e-04
-3.0269572380132748e-04
-3.0147762545522280e-04
-3.0028905513035018e-04
-2.9909057999478989e-04
-2.9790851494613694e-04
-2.9675495755268491e-04
-2.9562640242831415e-04
-2.9451303848471681e-04
-2.9340724427889055e-04
-2.9231400326707943e-04
-2.9123798527194689e-04
-2.9018398256792395e-04
-2.8915538989069620e-04
-2.8814036539488600e-04
-2.8711799877389522e-04
-2.8612058769532568e-04
-2.8514745186786531e-04
-2.8419399803315273e-04
-2.8325680581848519e-04
-2.8231419165504669e-04
-2.8139500390011367e-04
-2.8049373052789874e-04
-2.7961161970510345e-04
-2.7875223964211985e-04
-2.7789312699442765e-04
-2.7704483546550965e-04
-2.7621595492754921e-04
-2.7540941248137659e-04
-2.7462487275121250e-04
-2.7384546862371019e-04
-2.7307006398072630e-04
-2.7231683423371297e-04
-2.7158552123846192e-04
-2.7087497496622922e-04
-2.7017556375417311e-04
-2.6947678791570793e-04
-2.6880004891801138e-04
-2.6814518995736317e-04
-2.6750884302575870e-04
-2.6689245530966775e-04
-2.6627399327745175e-04
-2.6567596830529824e-04
-2.6510014906949047e-04
-2.6454276375100796e-04
-2.6400704930794290e-04
-2.6347710893205513e-04
-2.6296167164313307e-04
-2.6246911890116808e-04
0.0000000000000000e+00
5.1701743136740086e-01
3.6295485309822773e-01
7.2925365311217348e+01
];
