%Vec Object:sol 1 MPI processes
%  type: mpi
sol = [
0.0000000000000000e+00
-3.4730523711878116e-04
-3.4498830107104343e-04
-3.4271843832442623e-04
-3.4051152214823848e-04
-3.3838226494524155e-04
-3.3621879655578861e-04
-3.3415767703822878e-04
-3.3213617572292028e-04
-3.3016544524076938e-04
-3.2827928736486704e-04
-3.2639214982833431e-04
-3.2453683309610740e-04
-3.2272026801318784e-04
-3.2093637902503116e-04
-3.1922204284254492e-04
-3.1752190449396781e-04
-3.1587519127453280e-04
-3.1426041605026929e-04
-3.1262809365488779e-04
-3.1105445529781432e-04
-3.0951171202343104e-04
-3.0799665422616364e-04
-3.0653282794501646e-04
-3.0508502475270994e-04
-3.0363629112567731e-04
-3.0222621595840150e-04
-3.0082337386340055e-04
-2.9946339944019709e-04
-2.9813991201802664e-04
-2.9682695770675470e-04
-2.9554376920405565e-04
-2.9425770794292810e-04
-2.9298694480453562e-04
-2.9175306206212693e-04
-2.9054387467990835e-04
-2.8935135412641534e-04
-2.8819228927921413e-04
-2.8703061422710735e-04
-2.8587112955981225e-04
-2.8474302976155624e-04
-2.8363674954058848e-04
-2.8254578878616316e-04
-2.8148367844402098e-04
-2.8044341796640537e-04
-2.7937979537458044e-04
-2.7834315353315951e-04
-2.7733077910512818e-04
-2.7632813125746161e-04
-2.7535100057149577e-04
-2.7439819979395517e-04
-2.7344283189628459e-04
-2.7248745027807521e-04
-2.7155558512652057e-04
-2.7063839265326853e-04
-2.6973781365023013e-04
-2.6885940950452549e-04
-2.6800020262805773e-04
-2.6712820130481081e-04
-2.6626866490951732e-04
-2.6543005138874237e-04
-2.6460407215735143e-04
-2.6379501174250312e-04
-2.6300593707975658e-04
-2.6223262167131094e-04
-2.6144152657605279e-04
-2.6067021729575594e-04
-2.5991816356609615e-04
-2.5918137014087708e-04
-2.5845797851463544e-04
-2.5775322310991081e-04
-2.5705311954058694e-04
-2.5635117647335274e-04
-2.5566432171158615e-04
-2.5499577446345630e-04
-2.5434521337565027e-04
-2.5370819478698608e-04
-2.5308608930879291e-04
-2.5245791748126391e-04
-2.5184370123953798e-04
-2.5124432787790085e-04
-2.5065949035976861e-04
-2.5009241775266855e-04
-2.4954293904014876e-04
-2.4900254886212227e-04
-2.4845627375976831e-04
-2.4792802229835399e-04
-2.4741767740074633e-04
-2.4692515131581627e-04
-2.4644748403050308e-04
-2.4598600404337139e-04
-2.4552370040766003e-04
-2.4507307455979606e-04
-2.4464081886970622e-04
-2.4422361186680067e-04
-2.4382440132445180e-04
-2.4344392405366066e-04
-2.4307640643076654e-04
-2.4270924255182197e-04
0.0000000000000000e+00
4.7563995673062248e-01
3.6295485309822773e-01
7.2925365311217348e+01
];
