%Vec Object:sol 1 MPI processes
%  type: mpi
sol = [
0.0000000000000000e+00
-4.0700197105242216e-04
-4.0382076591047441e-04
-4.0070864213478458e-04
-3.9764729866297868e-04
-3.9469008287103366e-04
-3.9174612431941609e-04
-3.8893628081346855e-04
-3.8618384389972035e-04
-3.8345520078069567e-04
-3.8082401655270450e-04
-3.7820188481451901e-04
-3.7568630152683548e-04
-3.7323052085634677e-04
-3.7076949787832837e-04
-3.6839536613259943e-04
-3.6604660598973959e-04
-3.6376996213202916e-04
-3.6156183611119166e-04
-3.5932245255021369e-04
-3.5716043922181466e-04
-3.5504226821463515e-04
-3.5296390475519457e-04
-3.5094895381801569e-04
-3.4891392983723576e-04
-3.4693019732064215e-04
-3.4500724732937496e-04
-3.4309863153413560e-04
-3.4124105621258092e-04
-3.3939092673896352e-04
-3.3755967789696271e-04
-3.3578184598317777e-04
-3.3404386983870168e-04
-3.3232375292438531e-04
-3.3061307886954138e-04
-3.2893702365228479e-04
-3.2728600954262844e-04
-3.2567955754776240e-04
-3.2410059884131558e-04
-3.2250813805302707e-04
-3.2095733613032781e-04
-3.1943683892152267e-04
-3.1793894002531088e-04
-3.1647825098070521e-04
-3.1501014116052929e-04
-3.1356194071708877e-04
-3.1214997530370315e-04
-3.1077041861543131e-04
-3.0940634437412841e-04
-3.0804094388038947e-04
-3.0670663556343734e-04
-3.0538841661872186e-04
-3.0409999040746400e-04
-3.0284248157347950e-04
-3.0157609139083876e-04
-3.0032781840405928e-04
-2.9910942028100974e-04
-2.9791734465893532e-04
-2.9674165906520627e-04
-2.9557020256706039e-04
-2.9441760453552065e-04
-2.9328346556014754e-04
-2.9217264025394973e-04
-2.9108856583684803e-04
-2.9001080806705971e-04
-2.8893584567633683e-04
-2.8788718443755970e-04
-2.8686413998383297e-04
-2.8586207385007656e-04
-2.8486559866882917e-04
-2.8387736837907082e-04
-2.8291393843412271e-04
-2.8196972195910445e-04
-2.8104598766183080e-04
-2.8013832496907469e-04
-2.7923388377697509e-04
-2.7834856877843368e-04
-2.7748400920358217e-04
-2.7664316666892224e-04
-2.7582264323120344e-04
-2.7499764893182377e-04
-2.7419262720904250e-04
-2.7341118328748712e-04
-2.7265306721772486e-04
-2.7191718153989677e-04
-2.7117411459519255e-04
-2.7045316612172519e-04
-2.6975567600345227e-04
-2.6908148467287985e-04
-2.6842719706878356e-04
-2.6777450144934860e-04
-2.6713970823995085e-04
-2.6652860779760454e-04
-2.6594113100325068e-04
-2.6537348434667470e-04
-2.6481380799583249e-04
-2.6426869390941806e-04
-2.6374787425261344e-04
-2.6325137328036716e-04
0.0000000000000000e+00
5.2295399140862198e-01
3.6295485309822773e-01
7.2925365311217348e+01
];
