%Vec Object:sol 1 MPI processes
%  type: mpi
sol = [
0.0000000000000000e+00
-3.4026416177618804e-03
-3.3805680207867053e-03
-3.3583689330821112e-03
-3.3367595956764096e-03
-3.3161234658226151e-03
-3.2954950286487390e-03
-3.2758502680601750e-03
-3.2565778586931687e-03
-3.2376393698398320e-03
-3.2191260334659406e-03
-3.2006048863862072e-03
-3.1828684997841010e-03
-3.1655429974940283e-03
-3.1485245794292509e-03
-3.1321739748091126e-03
-3.1156939246288406e-03
-3.0994935457694596e-03
-3.0837974444898994e-03
-3.0682131608854219e-03
-3.0531923610496105e-03
-3.0384639350710813e-03
-3.0239968084498866e-03
-3.0096947453112049e-03
-2.9954183796388322e-03
-2.9815047243836796e-03
-2.9680349678797980e-03
-2.9546278749844777e-03
-2.9416321953892200e-03
-2.9289858694711781e-03
-2.9160642897394159e-03
-2.9034823837789372e-03
-2.8911834669915139e-03
-2.8790273413219166e-03
-2.8672254434114735e-03
-2.8556587932335800e-03
-2.8442440487719662e-03
-2.8327629957869247e-03
-2.8214997129981274e-03
-2.8103981110429322e-03
-2.7995980875688987e-03
-2.7890061962230770e-03
-2.7785589347116809e-03
-2.7683390428911779e-03
-2.7580150725263907e-03
-2.7478165164213134e-03
-2.7378818814956301e-03
-2.7281802495925218e-03
-2.7185693121440880e-03
-2.7092039431012827e-03
-2.6999858592502970e-03
-2.6906045727425913e-03
-2.6814392139915648e-03
-2.6725003490966769e-03
-2.6637014373969130e-03
-2.6550616191405025e-03
-2.6466355469496475e-03
-2.6382747536204234e-03
-2.6298130165897456e-03
-2.6215603392335091e-03
-2.6135095811554150e-03
-2.6055795873977453e-03
-2.5978124890119522e-03
-2.5902384917822902e-03
-2.5826922329101930e-03
-2.5750898965618669e-03
-2.5676789798943795e-03
-2.5604543950906718e-03
-2.5533770465631460e-03
-2.5464287808443413e-03
-2.5396610564640096e-03
-2.5328875655580645e-03
-2.5261396207938427e-03
-2.5195376325460091e-03
-2.5131132805897602e-03
-2.5068634933288992e-03
-2.5007447234164518e-03
-2.4947716017272650e-03
-2.4887528358732169e-03
-2.4828494585850090e-03
-2.4770902099524291e-03
-2.4714721824511407e-03
-2.4660272134604112e-03
-2.4607537737176017e-03
-2.4556426470406880e-03
-2.4503989731993782e-03
-2.4453256256091408e-03
-2.4404272390043820e-03
-2.4357029826665056e-03
-2.4311238196288937e-03
-2.4267028161707263e-03
-2.4224053602044005e-03
-2.4180852016473754e-03
-2.4139448946818376e-03
-2.4099518552086097e-03
-2.4061351088292219e-03
-2.4025019599999129e-03
-2.3990531844244479e-03
-2.3956710532585007e-03
0.0000000000000000e+00
4.6963828230127924e-01
3.6295486983223779e-01
7.2925299968229737e+01
];
