%Vec Object:sol 1 MPI processes
%  type: mpi
sol = [
0.0000000000000000e+00
-3.4879573906677905e-03
-3.4646725753766979e-03
-3.4418616260309450e-03
-3.4195662201260578e-03
-3.3978091278987605e-03
-3.3760762748011033e-03
-3.3553725126042109e-03
-3.3350672499468390e-03
-3.3152725499476666e-03
-3.2963280645884174e-03
-3.2769462549761519e-03
-3.2582733621366569e-03
-3.2400360544757802e-03
-3.2221271369242271e-03
-3.2049171616453194e-03
-3.1878498564152846e-03
-3.1711532224701351e-03
-3.1546483511057351e-03
-3.1382689980080634e-03
-3.1224791767198606e-03
-3.1069996718829664e-03
-3.0917982504268544e-03
-3.0771114883613227e-03
-3.0622053204264624e-03
-3.0475998244797117e-03
-3.0334587351136524e-03
-3.0193901156729147e-03
-3.0057519336473141e-03
-2.9924800673394860e-03
-2.9791903176851447e-03
-2.9660022339494550e-03
-2.9531116000119715e-03
-2.9403742767173027e-03
-2.9280070469165820e-03
-2.9158875139975947e-03
-2.9039350384749995e-03
-2.8920291045449807e-03
-2.8802416275315410e-03
-2.8686256050923149e-03
-2.8573243333653423e-03
-2.8462417394942777e-03
-2.8353125370717534e-03
-2.8246173459445466e-03
-2.8138293540798335e-03
-2.8031745578922739e-03
-2.7927947872080200e-03
-2.7826581554449268e-03
-2.7726186600991105e-03
-2.7628348918435795e-03
-2.7530985383640298e-03
-2.7433120311708028e-03
-2.7337504552678573e-03
-2.7244245008392074e-03
-2.7152454051565808e-03
-2.7062326898879851e-03
-2.6974421956453727e-03
-2.6885241438261184e-03
-2.6797096569332493e-03
-2.6711121858760344e-03
-2.6627242594472050e-03
-2.6544626486205516e-03
-2.6463703609385250e-03
-2.6383577791162008e-03
-2.6303424625666815e-03
-2.6224336314871997e-03
-2.6147227891060759e-03
-2.6072046168961302e-03
-2.5998390096879042e-03
-2.5926073133693077e-03
-2.5853230482511640e-03
-2.5781700903054114e-03
-2.5711562952437082e-03
-2.5642932402764333e-03
-2.5576132366292893e-03
-2.5511130529062122e-03
-2.5446777204218150e-03
-2.5381845191667688e-03
-2.5318730463537004e-03
-2.5257408238775363e-03
-2.5197567922741367e-03
-2.5139178920222092e-03
-2.5082565589917864e-03
-2.5025799333644396e-03
-2.4969962541391499e-03
-2.4915456060723563e-03
-2.4862751239973714e-03
-2.4811836584563434e-03
-2.4762703534497955e-03
-2.4714524049719178e-03
-2.4665941428477648e-03
-2.4619198788481079e-03
-2.4574293794584739e-03
-2.4531225590556619e-03
-2.4489660907137402e-03
-2.4449895637202361e-03
-2.4410171242234637e-03
-2.4371713277929995e-03
-2.4335180428517469e-03
0.0000000000000000e+00
4.7688198248635566e-01
3.6295486983223779e-01
7.2925299968229737e+01
];
