%Vec Object:sol 1 MPI processes
%  type: mpi
sol = [
0.0000000000000000e+00
-3.8188998098982597e-03
-3.7911404926840708e-03
-3.7639757713424970e-03
-3.7375821652540575e-03
-3.7120472809514518e-03
-3.6862875094670635e-03
-3.6617317430684476e-03
-3.6376728824174523e-03
-3.6142342368792059e-03
-3.5917315194042587e-03
-3.5687516232211420e-03
-3.5467306819100576e-03
-3.5252370109931990e-03
-3.5041500885783319e-03
-3.4838793007920532e-03
-3.4634611115129453e-03
-3.4434938844113768e-03
-3.4241489661287492e-03
-3.4049773494946273e-03
-3.3864916729188410e-03
-3.3683111601630058e-03
-3.3500434815002759e-03
-3.3323865498087846e-03
-3.3149475735714615e-03
-3.2979571239028791e-03
-3.2815053700557023e-03
-3.2648770349411748e-03
-3.2485718093884486e-03
-3.2327046760185127e-03
-3.2169870603061027e-03
-3.2017436257992674e-03
-3.1868302400902462e-03
-3.1716897089908410e-03
-3.1569857406798319e-03
-3.1425824054584941e-03
-3.1283901579577055e-03
-3.1145932968204876e-03
-3.1008774200097194e-03
-3.0871482606927383e-03
-3.0737887625588239e-03
-3.0606924831956929e-03
-3.0477870838618612e-03
-3.0352207187131037e-03
-3.0225905473696040e-03
-3.0100688451267900e-03
-2.9978682385261527e-03
-2.9859529562300722e-03
-2.9741625739368944e-03
-2.9625849108530227e-03
-2.9510156407318083e-03
-2.9395783031989611e-03
-2.9284029929748149e-03
-2.9175006689578361e-03
-2.9067737573212366e-03
-2.8960349791241295e-03
-2.8854217527749639e-03
-2.8750389219660858e-03
-2.8647922250938096e-03
-2.8547947338008624e-03
-2.8450388628892733e-03
-2.8351148634187221e-03
-2.8253835874872449e-03
-2.8158877290309662e-03
-2.8066097204933662e-03
-2.7974576405853952e-03
-2.7884290155082425e-03
-2.7794131452997528e-03
-2.7705781650266795e-03
-2.7619033015740630e-03
-2.7534450804786621e-03
-2.7451985093446324e-03
-2.7369071953519627e-03
-2.7286978773518769e-03
-2.7206995728011061e-03
-2.7129082416921641e-03
-2.7052750169948578e-03
-2.6978021534414479e-03
-2.6902631334572700e-03
-2.6829286784611178e-03
-2.6757646840910167e-03
-2.6687674298320535e-03
-2.6619715911723749e-03
-2.6552612230227473e-03
-2.6485836069699590e-03
-2.6420579786197635e-03
-2.6357349086476045e-03
-2.6296127234760819e-03
-2.6236900753276145e-03
-2.6177250073007039e-03
-2.6118926813857193e-03
-2.6062649989869692e-03
-2.6008413020220484e-03
-2.5956210983051537e-03
-2.5905171431467688e-03
-2.5854119867894242e-03
-2.5805172108145503e-03
-2.5758330829710168e-03
-2.5713600153999118e-03
0.0000000000000000e+00
5.0373773837959690e-01
3.6295486983223779e-01
7.2925299968229737e+01
];
