%Vec Object:sol 1 MPI processes
%  type: mpi
sol = [
0.0000000000000000e+00
-3.5183272661691415e-04
-3.4948112830064041e-04
-3.4712709838527098e-04
-3.4482844013935014e-04
-3.4263292259400667e-04
-3.4043994821388761e-04
-3.3835103756141744e-04
-3.3630246257944791e-04
-3.3427502600421010e-04
-3.3230937458730375e-04
-3.3034433660853341e-04
-3.2846226991447425e-04
-3.2662422085349421e-04
-3.2481936049252240e-04
-3.2307468848091666e-04
-3.2130408153033583e-04
-3.1958893788939884e-04
-3.1792723762091846e-04
-3.1627819205663733e-04
-3.1468864832664094e-04
-3.1313040907243327e-04
-3.1156187565816682e-04
-3.1003727302626299e-04
-3.0852997444460605e-04
-3.0706112453676634e-04
-3.0563909762856329e-04
-3.0422433178630190e-04
-3.0283612675820236e-04
-3.0145825156282011e-04
-3.0009196833969163e-04
-2.9876708878696288e-04
-2.9747215072950338e-04
-2.9619260901839721e-04
-2.9495030623123784e-04
-2.9369502081465183e-04
-2.9245439802803831e-04
-2.9124845065619002e-04
-2.9006552975183978e-04
-2.8889981335968311e-04
-2.8776575809358269e-04
-2.8663621829657179e-04
-2.8550172749566941e-04
-2.8439713385380600e-04
-2.8331561391412946e-04
-2.8224742095686177e-04
-2.8120686442192211e-04
-2.8019081485163223e-04
-2.7914948056155460e-04
-2.7813361687081383e-04
-2.7714296394724090e-04
-2.7616281086652474e-04
-2.7520521295500280e-04
-2.7427124561018625e-04
-2.7333567406845718e-04
-2.7239967977531453e-04
-2.7148662723066572e-04
-2.7059347584393491e-04
-2.6971155417625790e-04
-2.6885136436109334e-04
-2.6801226591891762e-04
-2.6715403978883469e-04
-2.6631322463204914e-04
-2.6549305292826252e-04
-2.6469194649452772e-04
-2.6390142847127396e-04
-2.6313072481382168e-04
-2.6236391534742654e-04
-2.6159789375691187e-04
-2.6084578966478257e-04
-2.6011288578961191e-04
-2.5939875882198212e-04
-2.5869850746498482e-04
-2.5801222340081728e-04
-2.5731676275538902e-04
-2.5663979612442980e-04
-2.5597681567610716e-04
-2.5532931017003239e-04
-2.5469996360342291e-04
-2.5408852883536186e-04
-2.5347586736524264e-04
-2.5286664323729852e-04
-2.5227563165424550e-04
-2.5170265035737123e-04
-2.5114671160296074e-04
-2.5060402261865546e-04
-2.5007522964983397e-04
-2.4954237667630360e-04
-2.4902775352436695e-04
-2.4852835909101921e-04
-2.4804552544025973e-04
-2.4758107284420476e-04
-2.4713498010057024e-04
-2.4668801623909005e-04
-2.4625037139257028e-04
-2.4583108766572051e-04
-2.4543089922504662e-04
-2.4504986906916982e-04
-2.4468807346965697e-04
0.0000000000000000e+00
4.7941363844575485e-01
3.6295485309822773e-01
7.2925365311217348e+01
];
