%Vec Object:sol 1 MPI processes
%  type: mpi
sol = [
0.0000000000000000e+00
-3.7401398719728389e-03
-3.7136667010512769e-03
-3.6876116745994760e-03
-3.6618050150334838e-03
-3.6371486485395348e-03
-3.6125571026699621e-03
-3.5891221991238413e-03
-3.5661555740976649e-03
-3.5434203624080001e-03
-3.5214273663088181e-03
-3.4994715544314171e-03
-3.4784369314797602e-03
-3.4579031531585098e-03
-3.4377530445935450e-03
-3.4178760036248880e-03
-3.3981649819187967e-03
-3.3790731349057305e-03
-3.3605773352980376e-03
-3.3422395439339034e-03
-3.3244389924964660e-03
-3.3066209320424052e-03
-3.2891354362417518e-03
-3.2722367098047445e-03
-3.2555413905231948e-03
-3.2392750749693881e-03
-3.2232930456903000e-03
-3.2071794389923660e-03
-3.1915563760714911e-03
-3.1763534278874258e-03
-3.1612887179257136e-03
-3.1466799954539553e-03
-3.1320868378404251e-03
-3.1175613761979240e-03
-3.1034558874055364e-03
-3.0896377041939355e-03
-3.0760194255709358e-03
-3.0627816282812292e-03
-3.0494186745295818e-03
-3.0362314750908741e-03
-3.0234001941461509e-03
-3.0108208730726198e-03
-2.9984228571731495e-03
-2.9863039272602131e-03
-2.9741050893894198e-03
-2.9620641574086811e-03
-2.9503326975598102e-03
-2.9388758687109895e-03
-2.9275366746230407e-03
-2.9163764127539248e-03
-2.9052401484374445e-03
-2.8942288216303059e-03
-2.8834700316287426e-03
-2.8729746759847824e-03
-2.8626472655198347e-03
-2.8523493597358155e-03
-2.8421206541498776e-03
-2.8321141560664290e-03
-2.8222375437285912e-03
-2.8126017662994112e-03
-2.8031984501966545e-03
-2.7937356896887188e-03
-2.7843453550725978e-03
-2.7751828324231675e-03
-2.7662310329415315e-03
-2.7573999023274981e-03
-2.7487867943951465e-03
-2.7401441127913014e-03
-2.7316092684714459e-03
-2.7232291092494460e-03
-2.7150592001446176e-03
-2.7070947346706327e-03
-2.6992835934956600e-03
-2.6913602120609685e-03
-2.6836260787331265e-03
-2.6760931660068771e-03
-2.6687135662375010e-03
-2.6615027520811799e-03
-2.6544561983875242e-03
-2.6473574236868282e-03
-2.6404243732338624e-03
-2.6336534361892741e-03
-2.6270787244037463e-03
-2.6206980537419261e-03
-2.6144206542878749e-03
-2.6080997648994897e-03
-2.6019765487809259e-03
-2.5960494257734096e-03
-2.5903171356927296e-03
-2.5847478338004177e-03
-2.5792268482683176e-03
-2.5737740084424161e-03
-2.5685207152777762e-03
-2.5634665476123777e-03
-2.5585758502768051e-03
-2.5538797133977699e-03
-2.5492057641921186e-03
-2.5446673312854787e-03
-2.5403358549812220e-03
0.0000000000000000e+00
4.9748862483384421e-01
3.6295486983223779e-01
7.2925299968229737e+01
];
