%Vec Object:sol 1 MPI processes
%  type: mpi
sol = [
0.0000000000000000e+00
-3.3107557180896787e-09
-2.4816254969637647e-02
-2.2920733963633973e-02
-2.0003335454915529e-02
-1.7843174724940652e-02
-1.6019414448432346e-02
-1.4481045036073351e-02
-1.3074203528524554e-02
-1.1818250373043390e-02
-1.0580301779250021e-02
-9.3504361530086233e-03
-8.0969530414176198e-03
-6.7726119686967205e-03
-5.4934889481214905e-03
-4.1997420318700268e-03
-3.1078643788346027e-03
-2.1454412931169028e-03
-1.4718306376599035e-03
-9.9121016063974518e-04
-7.3395579578573256e-04
1.2249533480992445e-02
-5.7656710717385697e-04
-6.1952899191645050e-04
-6.8735223228770547e-04
-7.6368420046855760e-04
-8.3681181613609742e-04
-9.0059271982578576e-04
-9.5577348395366267e-04
-9.9794715953518856e-04
-1.0324259643833119e-03
-1.0570840934843941e-03
-1.0747570240892867e-03
-1.0869234619118903e-03
-1.0929400721783301e-03
-1.0947512413268582e-03
-1.0922927978630251e-03
-1.0851736934045790e-03
-1.0739134793986162e-03
-1.0580000750499557e-03
-1.0362339569485665e-03
-1.0078120459143444e-03
-9.7056636627181959e-04
-9.2096609907375241e-04
-8.5198323218664042e-04
2.5807162343327080e-02
1.7431639632503493e-02
-1.1637807215592786e-03
-1.2019906974384820e-03
-1.2271831629098991e-03
-1.2425092166211767e-03
-1.2505591801559883e-03
-1.2535099710878495e-03
-1.2531305278407263e-03
-1.2511921358695248e-03
-1.2490491418227655e-03
-1.2474377059639239e-03
-1.2467763776770923e-03
-1.2473054334998111e-03
-1.2488265245613715e-03
-1.2509022004127599e-03
-1.2535523103628268e-03
-1.2562665634425121e-03
-1.2587017664946940e-03
-1.2607743513654956e-03
-1.2625058044714037e-03
-1.2637793193215649e-03
-1.2645114404118709e-03
-1.2647970577867832e-03
-1.2647402703453378e-03
-1.2642826194544795e-03
-1.2633498679650906e-03
-1.2622318557504791e-03
-1.2608680996177325e-03
-1.2590784766075835e-03
-1.2569722515619617e-03
-1.2546261348758934e-03
-1.2519737807601199e-03
-1.2489487620178619e-03
-1.2455720024004272e-03
-1.2419632349964908e-03
-1.2380375912189505e-03
-1.2337556209172768e-03
-1.2290788429598508e-03
-1.2240875204412136e-03
-1.2187729190754433e-03
-1.2130613024307650e-03
-1.2069275947750471e-03
-1.2003358062884163e-03
-1.1934062016809056e-03
-1.1860271231961209e-03
-1.1781462898254476e-03
-1.1697525065221901e-03
-1.1608578261567777e-03
-1.1513620694136770e-03
-1.1412207159438104e-03
-1.1304263792443075e-03
-1.1188625848919064e-03
-1.1065612827297429e-03
0.0000000000000000e+00
6.2906793265669458e-01
3.3127763049201930e-01
1.6665226091503840e+01
];
