%Vec Object:sol 1 MPI processes
%  type: mpi
sol = [
0.0000000000000000e+00
-3.5234621769435321e-03
-3.4998438924931899e-03
-3.4761642032944632e-03
-3.4531432450936434e-03
-3.4311556653457637e-03
-3.4091937140339544e-03
-3.3882743512202362e-03
-3.3677591625211629e-03
-3.3472926308487920e-03
-3.3276102929612433e-03
-3.3079341590629410e-03
-3.2890891903080192e-03
-3.2706851758852948e-03
-3.2526136403631112e-03
-3.2349845161931384e-03
-3.2172580368105010e-03
-3.2000870746953227e-03
-3.1834513829363600e-03
-3.1669424048690171e-03
-3.1510293703412439e-03
-3.1353627356079904e-03
-3.1195717472343189e-03
-3.1043119732395105e-03
-3.0892254036469537e-03
-3.0745238127857532e-03
-3.0602910663826968e-03
-3.0461309126530822e-03
-3.0320823802977293e-03
-3.0182931428583198e-03
-3.0046198143555002e-03
-2.9913609632793350e-03
-2.9784017866261404e-03
-2.9655966168192259e-03
-2.9530428833896972e-03
-2.9404530049634402e-03
-2.9280400412924801e-03
-2.9159741248774578e-03
-2.9041385879761943e-03
-2.8924751312628147e-03
-2.8811285473960492e-03
-2.8696788796872797e-03
-2.8583290659802965e-03
-2.8472784375056558e-03
-2.8364586568982515e-03
-2.8257721039262906e-03
-2.8153620600579461e-03
-2.8050615014342836e-03
-2.7946360264085044e-03
-2.7844750003130779e-03
-2.7745661722302951e-03
-2.7647622607908100e-03
-2.7551840182441175e-03
-2.7458422322311792e-03
-2.7363420056410620e-03
-2.7269809257788749e-03
-2.7178493885637129e-03
-2.7089169484383040e-03
-2.7000967713606996e-03
-2.6914940250609459e-03
-2.6829641873431682e-03
-2.6743807691093136e-03
-2.6659729441871529e-03
-2.6577716640795606e-03
-2.6497611521393225e-03
-2.6418565418233155e-03
-2.6341502128348392e-03
-2.6263458509837088e-03
-2.6186872762160958e-03
-2.6111679137444978e-03
-2.6038406501408188e-03
-2.5967012283620822e-03
-2.5897005516575715e-03
-2.5827051471347018e-03
-2.5757531159263545e-03
-2.5689860157335938e-03
-2.5623587008636929e-03
-2.5558860767272173e-03
-2.5495950180096259e-03
-2.5434653430542074e-03
-2.5372278047565153e-03
-2.5311397234213445e-03
-2.5252337125629726e-03
-2.5195079501226206e-03
-2.5139525494167732e-03
-2.5085295379193451e-03
-2.5031153709145883e-03
-2.4977912564394639e-03
-2.4926493800171857e-03
-2.4876596990537074e-03
-2.4828355559715970e-03
-2.4781951808761967e-03
-2.4736705762682357e-03
-2.4691462095714615e-03
-2.4647756929520349e-03
-2.4605887939137022e-03
-2.4565928902924644e-03
-2.4527886287600449e-03
-2.4491767778375465e-03
0.0000000000000000e+00
4.7984164186087896e-01
3.6295486983223779e-01
7.2925299968229737e+01
];
