%Vec Object:sol 1 MPI processes
%  type: mpi
sol = [
0.0000000000000000e+00
-3.4254647194928924e-03
-3.4026307151968269e-03
-3.3802591953844257e-03
-3.3585062347123358e-03
-3.3377349963196411e-03
-3.3169721376981728e-03
-3.2972013833878497e-03
-3.2774479038546653e-03
-3.2579963118891477e-03
-3.2393771696565903e-03
-3.2207503631219467e-03
-3.2029146053320881e-03
-3.1854931003236289e-03
-3.1683813185785824e-03
-3.1514417192528383e-03
-3.1346369713095143e-03
-3.1183591224587010e-03
-3.1025891169185510e-03
-3.0869314882139313e-03
-3.0718412323567728e-03
-3.0569147207765244e-03
-3.0419180593132251e-03
-3.0274272106755821e-03
-3.0130954768393691e-03
-2.9991284511246634e-03
-2.9856078841489688e-03
-2.9721497505448011e-03
-2.9588754552038270e-03
-2.9457550503729233e-03
-2.9327398593291983e-03
-2.9201198709514244e-03
-2.9077839962744030e-03
-2.8955910534671104e-03
-2.8837539838232531e-03
-2.8718485786579252e-03
-2.8600090697752027e-03
-2.8485009336205883e-03
-2.8372111183786889e-03
-2.8260831772503000e-03
-2.8152579886543340e-03
-2.8046414496620091e-03
-2.7938076450004399e-03
-2.7832461246594443e-03
-2.7729046103435783e-03
-2.7626883479893172e-03
-2.7527367754130662e-03
-2.7430187627840992e-03
-2.7333335616734722e-03
-2.7236023191260675e-03
-2.7141128381636295e-03
-2.7047219835459801e-03
-2.6955473439379107e-03
-2.6865995705742498e-03
-2.6777915706720553e-03
-2.6690233415488621e-03
-2.6602608339733659e-03
-2.6516895031258041e-03
-2.6432249299273279e-03
-2.6349696070557308e-03
-2.6269163703823229e-03
-2.6189835649599986e-03
-2.6110382950340931e-03
-2.6031535234829744e-03
-2.5954527144281111e-03
-2.5878532827230119e-03
-2.5804453241075405e-03
-2.5732237400368659e-03
-2.5661492094064355e-03
-2.5589747112095274e-03
-2.5519186591335639e-03
-2.5450445759200363e-03
-2.5383047136487802e-03
-2.5317105579495693e-03
-2.5252940044029159e-03
-2.5190505668041289e-03
-2.5126598800658769e-03
-2.5064194460146395e-03
-2.5003556488980847e-03
-2.4944661488459099e-03
-2.4887204741810007e-03
-2.4831157003092109e-03
-2.4776136616217435e-03
-2.4720873709948659e-03
-2.4667273764015130e-03
-2.4614966851943011e-03
-2.4564417858223115e-03
-2.4515616412475114e-03
-2.4468555024698413e-03
-2.4421522870014842e-03
-2.4374951468620182e-03
-2.4330179973903916e-03
-2.4287207001792285e-03
-2.4246032610216457e-03
-2.4206329427602772e-03
-2.4168389678821483e-03
-2.4130091346197769e-03
-2.4093395268885141e-03
-2.4058588742483233e-03
0.0000000000000000e+00
4.7160592946414071e-01
3.6295486983223779e-01
7.2925299968229737e+01
];
