%Vec Object:sol 1 MPI processes
%  type: mpi
sol = [
0.0000000000000000e+00
-3.6203809473076679e-03
-3.5954811630707186e-03
-3.5710661060019558e-03
-3.5467560378830230e-03
-3.5235322794889543e-03
-3.5003525156200488e-03
-3.4782669580786085e-03
-3.4566149773611558e-03
-3.4354629450514891e-03
-3.4147040455825999e-03
-3.3939660622992144e-03
-3.3741002180157236e-03
-3.3547028721337543e-03
-3.3356616587077079e-03
-3.3173269917444086e-03
-3.2986707068258752e-03
-3.2805992121831542e-03
-3.2630909616533951e-03
-3.2457242486236279e-03
-3.2289824718129863e-03
-3.2125724639498108e-03
-3.1959823461100382e-03
-3.1799491398745547e-03
-3.1641035104077505e-03
-3.1486633822563107e-03
-3.1337147027816242e-03
-3.1188489958012358e-03
-3.1040333793693749e-03
-3.0895724061068383e-03
-3.0752381870069755e-03
-3.0613378309443107e-03
-3.0477528093248020e-03
-3.0343329680326200e-03
-3.0209779542336710e-03
-3.0078003318722711e-03
-2.9948107068212032e-03
-2.9821838519896388e-03
-2.9697994928228771e-03
-2.9575974842132105e-03
-2.9454790945795529e-03
-2.9334530617511467e-03
-2.9215984754066026e-03
-2.9100560260788811e-03
-2.8987552506733977e-03
-2.8875956573285026e-03
-2.8765512768960653e-03
-2.8655712363532234e-03
-2.8547022335861628e-03
-2.8441084842932181e-03
-2.8337772231840593e-03
-2.8235570345880724e-03
-2.8134677471155097e-03
-2.8033846760613132e-03
-2.7934623850546345e-03
-2.7837208122311950e-03
-2.7742175306523114e-03
-2.7649211632928060e-03
-2.7557013793192506e-03
-2.7464224563627008e-03
-2.7373677889412952e-03
-2.7284509380268284e-03
-2.7197162559397929e-03
-2.7111953815587711e-03
-2.7028720018263531e-03
-2.6943633708023606e-03
-2.6860505127171228e-03
-2.6779429518739915e-03
-2.6699989370465946e-03
-2.6621989543442284e-03
-2.6545971432899058e-03
-2.6469574837752479e-03
-2.6394019751413682e-03
-2.6320071111399059e-03
-2.6248060938550638e-03
-2.6177953619839979e-03
-2.6109285836427233e-03
-2.6040444191933573e-03
-2.5972453855835917e-03
-2.5906353320595313e-03
-2.5841819679000293e-03
-2.5778819624395098e-03
-2.5717686550089337e-03
-2.5657092308579554e-03
-2.5596885431353644e-03
-2.5538080463555950e-03
-2.5481162623896304e-03
-2.5426118278140050e-03
-2.5372936854407154e-03
-2.5320358928000819e-03
-2.5267856188768158e-03
-2.5217271847520328e-03
-2.5168601837799436e-03
-2.5121843647878278e-03
-2.5076651818804262e-03
-2.5032632896922133e-03
-2.4988777300439307e-03
-2.4946910788001039e-03
-2.4907039407553763e-03
0.0000000000000000e+00
4.8783774519623097e-01
3.6295486983223779e-01
7.2925299968229737e+01
];
