%Vec Object:sol 1 MPI processes
%  type: mpi
sol = [
0.0000000000000000e+00
-3.8541063168048232e-04
-3.8260268137376720e-04
-3.7984629135912371e-04
-3.7711273236708178e-04
-3.7450056810446538e-04
-3.7189707297074657e-04
-3.6941543613752361e-04
-3.6698413414988542e-04
-3.6456614334631971e-04
-3.6224018672327909e-04
-3.5991965818872639e-04
-3.5769610690755834e-04
-3.5552588208043217e-04
-3.5337051074853677e-04
-3.5126951724969005e-04
-3.4918982522330161e-04
-3.4717547026412920e-04
-3.4522398198992121e-04
-3.4328606272078087e-04
-3.4137025254576346e-04
-3.3949359483583918e-04
-3.3765234736448096e-04
-3.3587274409908001e-04
-3.3411510513431158e-04
-3.3237191539548731e-04
-3.3066680948006227e-04
-3.2897340877553977e-04
-3.2733148922338125e-04
-3.2573373052368612e-04
-3.2414298916788825e-04
-3.2256355123169299e-04
-3.2102023525008996e-04
-3.1949692016498978e-04
-3.1801757850626733e-04
-3.1656848792544759e-04
-3.1511158859246180e-04
-3.1368219294893582e-04
-3.1228068611778884e-04
-3.1090059208157861e-04
-3.0955769268665529e-04
-3.0823411298284368e-04
-3.0689750974296121e-04
-3.0559590792299371e-04
-3.0432173187527932e-04
-3.0306422933818204e-04
-3.0183900194607192e-04
-3.0061799926050934e-04
-2.9939716482170969e-04
-2.9820706856946341e-04
-2.9704629327484194e-04
-2.9589869560540927e-04
-2.9477335787875838e-04
-2.9364435106887202e-04
-2.9253367297163885e-04
-2.9144340264252491e-04
-2.9037960764097639e-04
-2.8933891103326807e-04
-2.8829285437045676e-04
-2.8725770670516630e-04
-2.8624737391738940e-04
-2.8525265207126536e-04
-2.8427821095580421e-04
-2.8332689821712522e-04
-2.8236634825837124e-04
-2.8141882621050092e-04
-2.8049450163951546e-04
-2.7959273031258471e-04
-2.7870906139772277e-04
-2.7782773149336552e-04
-2.7695178348851755e-04
-2.7609764264642500e-04
-2.7525993614389697e-04
-2.7443988983248902e-04
-2.7364098791270782e-04
-2.7283695266599865e-04
-2.7204608501576875e-04
-2.7127316327745692e-04
-2.7052104745350165e-04
-2.6978942017332906e-04
-2.6906549140225480e-04
-2.6834006575859128e-04
-2.6763532311621776e-04
-2.6695102023423418e-04
-2.6628604399018082e-04
-2.6563625202426146e-04
-2.6498564581162360e-04
-2.6434994972823376e-04
-2.6373469857674859e-04
-2.6313661178651302e-04
-2.6255709200331129e-04
-2.6199144039423675e-04
-2.6142729597173399e-04
-2.6088396305843715e-04
-2.6035777216309693e-04
-2.5985189365956607e-04
-2.5936708177987718e-04
-2.5888484078037606e-04
-2.5841767560304821e-04
0.0000000000000000e+00
5.0645897231627157e-01
3.6295485309822773e-01
7.2925365311217348e+01
];
