%Vec Object:sol 1 MPI processes
%  type: mpi
sol = [
0.0000000000000000e+00
-3.8328570908473035e-03
-3.8049711921170448e-03
-3.7776832863409752e-03
-3.7510671229308104e-03
-3.7251134499459168e-03
-3.6992452241682359e-03
-3.6745867919024408e-03
-3.6504278312488145e-03
-3.6268921836272398e-03
-3.6038924810641781e-03
-3.5808235064283701e-03
-3.5587178064236951e-03
-3.5371417900723584e-03
-3.5159744145240152e-03
-3.4954231939603045e-03
-3.4747374870983030e-03
-3.4547011531026058e-03
-3.4352897013358681e-03
-3.4160522607789329e-03
-3.3975035779926126e-03
-3.3788707611532094e-03
-3.3605458349350902e-03
-3.3428339879909078e-03
-3.3253408427651857e-03
-3.3082978971275224e-03
-3.2915981154266419e-03
-3.2747362817503525e-03
-3.2583867658356760e-03
-3.2424768058582458e-03
-3.2267167061598404e-03
-3.2114323876240376e-03
-3.1961029323413197e-03
-3.1809259277963773e-03
-3.1661867970302522e-03
-3.1517490925643808e-03
-3.1375229343506583e-03
-3.1235490052933736e-03
-3.1095785062263000e-03
-3.0958216629172210e-03
-3.0824354062062953e-03
-3.0693129048311053e-03
-3.0563815614246749e-03
-3.0434855501697104e-03
-3.0307767341619580e-03
-3.0182345069461078e-03
-3.0060140271836048e-03
-2.9940794036166568e-03
-2.9821959303697669e-03
-2.9703197984437745e-03
-2.9587361318105273e-03
-2.9472843190578679e-03
-2.9360949171479624e-03
-2.9251789329008547e-03
-2.9142272779407270e-03
-2.9033405620340108e-03
-2.8927180600743854e-03
-2.8823261546731690e-03
-2.8720702683711335e-03
-2.8620622415315967e-03
-2.8519682267340103e-03
-2.8420302016876182e-03
-2.8322947815723988e-03
-2.8227949391520365e-03
-2.8135130908637953e-03
-2.8042320820368112e-03
-2.7949909669722712e-03
-2.7859750980761574e-03
-2.7771401531718749e-03
-2.7684653142764732e-03
-2.7600073060190249e-03
-2.7515249618788088e-03
-2.7431430337144899e-03
-2.7349375926190504e-03
-2.7269432947941859e-03
-2.7191561008476158e-03
-2.7114746431498088e-03
-2.7037354166964413e-03
-2.6962040010152996e-03
-2.6888772211891136e-03
-2.6817208804199707e-03
-2.6747312593002432e-03
-2.6677832633600382e-03
-2.6609235615331090e-03
-2.6542570054328045e-03
-2.6477423586964643e-03
-2.6414303754310436e-03
-2.6353196240144396e-03
-2.6291470538173391e-03
-2.6231445442329534e-03
-2.6173276487334333e-03
-2.6117155031547506e-03
-2.6063074617229402e-03
-2.6009959493340398e-03
-2.5957066583659986e-03
-2.5906203774569052e-03
-2.5857445983804000e-03
-2.5810796062963525e-03
-2.5766258288304118e-03
0.0000000000000000e+00
5.0481632782443342e-01
3.6295486983223779e-01
7.2925299968229737e+01
];
