%Vec Object:sol 1 MPI processes
%  type: mpi
sol = [
0.0000000000000000e+00
-1.5106152259945617e-03
-1.3398695709449032e-03
-3.0007144719589079e-04
-4.0576077568920256e-04
-4.0182415633022259e-04
-3.9787820216740554e-04
-3.9401489592760623e-04
-3.9018054295779473e-04
-3.8640763935170359e-04
-3.8274046089395360e-04
-3.7904901663755799e-04
-3.7543478345140061e-04
-3.7187813574815975e-04
-3.6836701247252516e-04
-3.6494224284012338e-04
-3.6150160964099775e-04
-3.5813598897215345e-04
-3.5484322845933601e-04
-3.5157476195135060e-04
-3.4835798153927335e-04
-3.4517602527287607e-04
-3.4203909219404969e-04
-3.3897533199096883e-04
-3.3593727085921480e-04
-3.3292186155746477e-04
-3.2997316052412232e-04
-3.2704510027714416e-04
-3.2417928428486297e-04
-3.2135052285842645e-04
-3.1852804199579470e-04
-3.1576450713550401e-04
-3.1304648015465262e-04
-3.1035726848325612e-04
-3.0769766540567116e-04
-3.0506835938731155e-04
-3.0246958717963470e-04
-2.9991981681991563e-04
-2.9740580047143479e-04
-2.9489612904351541e-04
-2.9242656835981010e-04
-2.8999163400652206e-04
-2.8758394140337079e-04
-2.8521796539296012e-04
-2.8286395903542844e-04
-2.8052886573661927e-04
-2.7823318367767931e-04
-2.7597326956213476e-04
-2.7373350434101851e-04
-2.7151418069723261e-04
-2.6932206416311623e-04
-2.6715086338224825e-04
-2.6501304443367021e-04
-2.6290968967861915e-04
-2.6082361451816311e-04
-2.5875048337183792e-04
-2.5671137011349027e-04
-2.5470335138864789e-04
-2.5271797371539311e-04
-2.5076599560110185e-04
-2.4882804928847172e-04
-2.4691353640798170e-04
-2.4502929597536305e-04
-2.4317875750528778e-04
-2.4136082980032910e-04
-2.3956232107913070e-04
-2.3778482053831210e-04
-2.3604237684434216e-04
-2.3433176260372410e-04
-2.3265191845369513e-04
-2.3100862330184899e-04
-2.2939335942284068e-04
-2.2780309039862552e-04
-2.2624871127684709e-04
-2.2473429685916887e-04
-2.2326068675424559e-04
-2.2182498945021715e-04
-2.2042080940128152e-04
-2.1905455155642973e-04
-2.1773466261173111e-04
-2.1646002385495848e-04
-2.1523218449348303e-04
-2.1405600226300184e-04
-2.1292620018183709e-04
-2.1184341610448837e-04
-2.1081447076133416e-04
-2.0984585801257891e-04
-2.0893967424229405e-04
-2.0809765286015165e-04
-2.0731593435951851e-04
-2.0659080331104259e-04
-2.0593612591964173e-04
-2.0535349796100077e-04
-2.0484421042877437e-04
-2.0440654257462343e-04
-2.0404481599605974e-04
-2.0374701146667391e-04
-2.0352585149323719e-04
-2.0338229130809570e-04
0.0000000000000000e+00
5.5749016746673996e-01
3.6220544924153281e-01
6.8865207708707388e+01
];
