%Vec Object:sol 1 MPI processes
%  type: mpi
sol = [
0.0000000000000000e+00
-1.5421717964782545e-02
-1.3737875689670128e-02
-1.2021821884315272e-02
-3.9163839993767973e-03
-3.9548787125302355e-03
-3.9155929415301350e-03
-3.8777284060477223e-03
-3.8400085928220347e-03
-3.8029987751246877e-03
-3.7671558324995752e-03
-3.7313986483837702e-03
-3.6964276263293291e-03
-3.6618974343175324e-03
-3.6278393861933467e-03
-3.5946949774929467e-03
-3.5616523354540203e-03
-3.5289991536369531e-03
-3.4970188670065084e-03
-3.4652170700975029e-03
-3.4341417564914328e-03
-3.4031227043503595e-03
-3.3723826836811114e-03
-3.3422662231706720e-03
-3.3123496687021596e-03
-3.2827799872026963e-03
-3.2534735727697160e-03
-3.2242503765531187e-03
-3.1955204028507270e-03
-3.1672042870628629e-03
-3.1388068248278927e-03
-3.1107219527263378e-03
-3.0829626263552041e-03
-3.0553648637128036e-03
-3.0281701669007273e-03
-3.0010018811804742e-03
-2.9739478432203753e-03
-2.9472639082580468e-03
-2.9208222070517152e-03
-2.8945602531917692e-03
-2.8683998640780970e-03
-2.8424341343433858e-03
-2.8166404298885948e-03
-2.7911646873148331e-03
-2.7659354788969479e-03
-2.7406620308440348e-03
-2.7156291192022659e-03
-2.6908693069100957e-03
-2.6662327817382637e-03
-2.6418855461302908e-03
-2.6177033101875097e-03
-2.5935421164653425e-03
-2.5696452473516766e-03
-2.5460255755989487e-03
-2.5225966906150007e-03
-2.4993708449460865e-03
-2.4762232684563366e-03
-2.4533286045198897e-03
-2.4306068157860842e-03
-2.4081634027905163e-03
-2.3859953336341868e-03
-2.3639529205750176e-03
-2.3420507179531202e-03
-2.3204371267378436e-03
-2.2991039152753892e-03
-2.2779804804021211e-03
-2.2571610007804739e-03
-2.2365640622162473e-03
-2.2161760201142369e-03
-2.1960750867517816e-03
-2.1763245658278627e-03
-2.1569384237760513e-03
-2.1378946216804705e-03
-2.1191697933547714e-03
-2.1007876520329149e-03
-2.0828650523519805e-03
-2.0653937042252640e-03
-2.0484188604297441e-03
-2.0319945470520591e-03
-2.0161478449816361e-03
-2.0007556866689165e-03
-1.9859760891994438e-03
-1.9718617669972731e-03
-1.9584277455754343e-03
-1.9456880770778206e-03
-1.9336281620016714e-03
-1.9222617049133178e-03
-1.9115628026401025e-03
-1.9015984130136001e-03
-1.8923601109689333e-03
-1.8838578282703482e-03
-1.8761014745525475e-03
-1.8690933486529236e-03
-1.8627789762717959e-03
-1.8571410929210052e-03
-1.8522768039473659e-03
-1.8481775037040103e-03
-1.8448427753416311e-03
-1.8422857911550405e-03
0.0000000000000000e+00
5.5929018144142739e-01
3.6203620095410094e-01
6.7995588550775665e+01
];
