%Vec Object:sol 1 MPI processes
%  type: mpi
sol = [
0.0000000000000000e+00
-3.8469815932906243e-03
-3.8189675266228152e-03
-3.7915548817795746e-03
-3.7644018684728177e-03
-3.7383363156378107e-03
-3.7123570432218422e-03
-3.6875934093132056e-03
-3.6633318206195898e-03
-3.6394088996464726e-03
-3.6161954114884384e-03
-3.5930360024834735e-03
-3.5708441805903765e-03
-3.5491844156630204e-03
-3.5278757631959949e-03
-3.5069040874056209e-03
-3.4861449968850216e-03
-3.4660379225964419e-03
-3.4465582317292597e-03
-3.4272531583773255e-03
-3.4082876882637969e-03
-3.3895511417913666e-03
-3.3711680837913041e-03
-3.3534003291272453e-03
-3.3358518915237753e-03
-3.3186433885058126e-03
-3.3016170230537548e-03
-3.2847076490927045e-03
-3.2683122402641343e-03
-3.2523577427623195e-03
-3.2365533315119122e-03
-3.2208917273764764e-03
-3.2054775495634720e-03
-3.1902632165861770e-03
-3.1754879933959591e-03
-3.1610149180408766e-03
-3.1466523780091264e-03
-3.1323740626399582e-03
-3.1183743635211582e-03
-3.1045886337143285e-03
-3.0911743944742093e-03
-3.0780244295619437e-03
-3.0647848118756328e-03
-3.0517800959409115e-03
-3.0390494058201174e-03
-3.0264854047365322e-03
-3.0142438213608220e-03
-3.0022258548398134e-03
-2.9900265746032619e-03
-2.9781344070199654e-03
-2.9665351972995679e-03
-2.9550677872919769e-03
-2.9438632034090553e-03
-2.9327174461770827e-03
-2.9216161426686683e-03
-2.9107188450843988e-03
-2.9000861189073849e-03
-2.8896842459013744e-03
-2.8794036153491158e-03
-2.8690558282591350e-03
-2.8589560656870285e-03
-2.8490124344885000e-03
-2.8392715482024608e-03
-2.8297665133058397e-03
-2.8203301647545405e-03
-2.8108560159239532e-03
-2.8016137675605812e-03
-2.7925969808582059e-03
-2.7837612077783189e-03
-2.7750855810145230e-03
-2.7663564855927164e-03
-2.7578134184671576e-03
-2.7494346887809466e-03
-2.7412325109940593e-03
-2.7332416671659921e-03
-2.7253653489129367e-03
-2.7174538804514837e-03
-2.7097218029988926e-03
-2.7021976701926244e-03
-2.6948783108124547e-03
-2.6877294355764211e-03
-2.6805394814789691e-03
-2.6734864766602535e-03
-2.6666377986358136e-03
-2.6599823297897385e-03
-2.6534787134720851e-03
-2.6471272279299410e-03
-2.6407634009748969e-03
-2.6346039527937659e-03
-2.6286161083307535e-03
-2.6228138573304756e-03
-2.6172164137736775e-03
-2.6116579262714205e-03
-2.6062150324559358e-03
-2.6009435065936673e-03
-2.5958749994059302e-03
-2.5910170332191073e-03
-2.5863406737524509e-03
-2.5816580780723465e-03
0.0000000000000000e+00
5.0590803223310732e-01
3.6295486983223779e-01
7.2925299968229737e+01
];
