%Vec Object:sol 1 MPI processes
%  type: mpi
sol = [
0.0000000000000000e+00
-3.9430362941308153e-04
-3.9134630745677834e-04
-3.8845317304384025e-04
-3.8564259146150998e-04
-3.8289344913557875e-04
-3.8015432727613952e-04
-3.7754236966751358e-04
-3.7498391288542991e-04
-3.7249168330399311e-04
-3.7005145472513969e-04
-3.6761177434582471e-04
-3.6527326597665606e-04
-3.6299099380445794e-04
-3.6075239703827605e-04
-3.5855839711976587e-04
-3.5637338038099693e-04
-3.5425672229069828e-04
-3.5220581452184463e-04
-3.5017405369211420e-04
-3.4818539871336911e-04
-3.4621505319673779e-04
-3.4428211950848184e-04
-3.4241345159904968e-04
-3.4056831974007889e-04
-3.3875396035553843e-04
-3.3696518915314345e-04
-3.3518934753642439e-04
-3.3346716720185869e-04
-3.3179110508689010e-04
-3.3012706780984708e-04
-3.2847209185028834e-04
-3.2685491362488729e-04
-3.2525900382405121e-04
-3.2370887829530478e-04
-3.2219044261338819e-04
-3.2065977766165626e-04
-3.1916365441819733e-04
-3.1769675572237472e-04
-3.1625244093571719e-04
-3.1484683314093404e-04
-3.1344815387213641e-04
-3.1205102583293961e-04
-3.1069030363328922e-04
-3.0935822315809013e-04
-3.0804378116120384e-04
-3.0675530344624169e-04
-3.0546681416215540e-04
-3.0419249315440425e-04
-3.0295012589480361e-04
-3.0173825000139655e-04
-3.0054033486640269e-04
-2.9933883167426452e-04
-2.9816177095757113e-04
-2.9700392616623632e-04
-2.9586741171340442e-04
-2.9475841046489027e-04
-2.9365578313116618e-04
-2.9255171894998451e-04
-2.9147434737745743e-04
-2.9042274759604765e-04
-2.8938752288596798e-04
-2.8836813754215356e-04
-2.8734652216951640e-04
-2.8634827338426381e-04
-2.8536392361843668e-04
-2.8440364344848841e-04
-2.8346674986491470e-04
-2.8252415061564033e-04
-2.8159263634409547e-04
-2.8068426505940038e-04
-2.7979850453569452e-04
-2.7892987460129956e-04
-2.7806693366363777e-04
-2.7720954099945074e-04
-2.7637421928359667e-04
-2.7555593574387814e-04
-2.7475628867649392e-04
-2.7397643972075617e-04
-2.7319156295683777e-04
-2.7242493675932620e-04
-2.7167616578682865e-04
-2.7094879136426933e-04
-2.7024255801620038e-04
-2.6953750345952855e-04
-2.6884041759581514e-04
-2.6816479337092732e-04
-2.6751044541233754e-04
-2.6687722209562488e-04
-2.6625296296042329e-04
-2.6563090483068297e-04
-2.6503045863859360e-04
-2.6445154432110861e-04
-2.6389409939609718e-04
-2.6335422366240493e-04
-2.6281071928852077e-04
-2.6228898294032826e-04
-2.6178939763282208e-04
-2.6131199128536767e-04
0.0000000000000000e+00
5.1334303680452886e-01
3.6295485309822773e-01
7.2925365311217348e+01
];
