%Vec Object:sol 1 MPI processes
%  type: mpi
sol = [
0.0000000000000000e+00
-1.7944529009103427e-02
-1.6469937417479028e-02
-1.4668514495294717e-02
-1.2872057677829438e-02
-1.1508044010959628e-02
-1.0371942247571675e-02
-9.4281385462460527e-03
-7.2478957914948660e-03
-3.8397815701227992e-03
-3.9425117503987875e-03
-3.8911174794647937e-03
-3.8409635458047419e-03
-3.7916688774502281e-03
-3.7428658352572815e-03
-3.6952801439656176e-03
-3.6481221199051493e-03
-3.6016953884717693e-03
-3.5558209688026166e-03
-3.5101873057152575e-03
-3.4653277299242610e-03
-3.4207389697571344e-03
-3.3762013681460628e-03
-3.3322133121431591e-03
-3.2882795769322388e-03
-3.2445003030204850e-03
-3.2003246094566020e-03
-3.1545879860133187e-03
-3.1051480871394917e-03
-3.0462278033577587e-03
-2.9671069009255852e-03
-2.8562153758966181e-03
-2.7122141009754998e-03
-2.5530822150908647e-03
-2.4026859103079938e-03
-2.2729262091158034e-03
-2.1656809689159532e-03
-2.0799861607544460e-03
-2.0137128539926535e-03
-1.9631447387124441e-03
-1.9256875378655749e-03
-1.8985886356902521e-03
-1.8791897676097475e-03
-1.8653898433041588e-03
-1.8557432816989909e-03
-1.8490209739718167e-03
-1.8442757428575722e-03
-1.8409704231635675e-03
-1.8385939649193767e-03
-1.8368011365742045e-03
-1.8352294668747896e-03
-1.8338213484500403e-03
-1.8324145191478979e-03
-1.8307884408138252e-03
-1.8289773358517137e-03
-1.8269046332754673e-03
-1.8244985486570312e-03
-1.8216868810683987e-03
-1.8185277957087932e-03
-1.8150165427351431e-03
-1.8109977571750730e-03
-1.8067260132569685e-03
-1.8020571046845717e-03
-1.7969168683246183e-03
-1.7913775655690066e-03
-1.7855119813510632e-03
-1.7792767253465070e-03
-1.7726118954606456e-03
-1.7655532507853601e-03
-1.7581775906692259e-03
-1.7504393563055180e-03
-1.7422280798372394e-03
-1.7337848670145543e-03
-1.7250544258344707e-03
-1.7158809090867459e-03
-1.7063639290104339e-03
-1.6965590691254808e-03
-1.6864062238348501e-03
-1.6758613330281529e-03
-1.6649620740854473e-03
-1.6537940225915240e-03
-1.6422838739856788e-03
-1.6304066238106050e-03
-1.6181341303825297e-03
-1.6055288780153518e-03
-1.5925829145007240e-03
-1.5792256878243295e-03
-1.5654363455697997e-03
-1.5511910301983769e-03
-1.5366020427840582e-03
-1.5215694997341566e-03
-1.5060051864478334e-03
-1.4899185232987295e-03
-1.4733161566542520e-03
-1.4561032537350426e-03
-1.4382568189810609e-03
-1.4197266274590167e-03
-1.4003892402350358e-03
-1.3802815390711058e-03
0.0000000000000000e+00
5.7357114885283156e-01
3.5818050461014528e-01
5.2037771915033602e+01
];
