%Vec Object:sol 1 MPI processes
%  type: mpi
sol = [
0.0000000000000000e+00
-3.8398982048878636e-03
-3.8119483378799748e-03
-3.7845981731216781e-03
-3.7577144610452537e-03
-3.7317049356991152e-03
-3.7057812724582994e-03
-3.6810703147881563e-03
-3.6568601101076795e-03
-3.6331925806262662e-03
-3.6100251453999644e-03
-3.5869115883927502e-03
-3.5647634472953903e-03
-3.5431461643383312e-03
-3.5219384293960114e-03
-3.5011477059998263e-03
-3.4804252784276504e-03
-3.4603535361459243e-03
-3.4409079172684960e-03
-3.4216366060424276e-03
-3.4029021466806869e-03
-3.3841957935041318e-03
-3.3658423243243928e-03
-3.3481030322796423e-03
-3.3305827384085421e-03
-3.3135134085231647e-03
-3.2965944790951177e-03
-3.2797087247816441e-03
-3.2633361061821715e-03
-3.2474037167082429e-03
-3.2316212986145897e-03
-3.2161721484197298e-03
-3.2007772523530878e-03
-3.1855820368253485e-03
-3.1708253087297587e-03
-3.1563703649881056e-03
-3.1421271622431965e-03
-3.1279503653664129e-03
-3.1139650811735902e-03
-3.1001936132394755e-03
-3.0867931867621392e-03
-3.0736567785644613e-03
-3.0606145719105941e-03
-3.0476214940490160e-03
-3.0349022064777046e-03
-3.0223495573802007e-03
-3.0101189894888329e-03
-2.9981745528709475e-03
-2.9861019546486090e-03
-2.9742176309314151e-03
-2.9626260210824820e-03
-2.9511662413951910e-03
-2.9399690835850423e-03
-2.9290075471858092e-03
-2.9179120924775126e-03
-2.9070205810624492e-03
-2.8963934732101119e-03
-2.8859971068058974e-03
-2.8757367566933723e-03
-2.8655520462733627e-03
-2.8554550753395777e-03
-2.8455143043884857e-03
-2.8357762621540059e-03
-2.8262739858403020e-03
-2.8169898622421030e-03
-2.8075370933717176e-03
-2.7982950708548130e-03
-2.7892784488943692e-03
-2.7804428432709055e-03
-2.7717674052265043e-03
-2.7632059512661894e-03
-2.7546617717359870e-03
-2.7462819318791625e-03
-2.7380786074649322e-03
-2.7300865109345434e-03
-2.7223016005467880e-03
-2.7144587450171290e-03
-2.7067228883983865e-03
-2.6991948992286193e-03
-2.6918716064234863e-03
-2.6847187689536928e-03
-2.6776867983414250e-03
-2.6706287281968669e-03
-2.6637749330566760e-03
-2.6571143049950318e-03
-2.6506055422436028e-03
-2.6442994621806849e-03
-2.6380377007046369e-03
-2.6318707001145580e-03
-2.6258753040054005e-03
-2.6200654737390727e-03
-2.6144603873842192e-03
-2.6090513736855506e-03
-2.6035998262268559e-03
-2.5983196513185546e-03
-2.5932424467791011e-03
-2.5883757167280887e-03
-2.5837197494432548e-03
-2.5791529223748925e-03
0.0000000000000000e+00
5.0536052867418291e-01
3.6295486983223779e-01
7.2925299968229737e+01
];
