%Vec Object:sol 1 MPI processes
%  type: mpi
sol = [
0.0000000000000000e+00
-3.3756340252619579e-04
-3.3537579326329420e-04
-3.3323187863830119e-04
-3.3112259347134411e-04
-3.2907586842857169e-04
-3.2702982358846192e-04
-3.2508114934638380e-04
-3.2316929774920306e-04
-3.2130509437116781e-04
-3.1952131235434017e-04
-3.1770291041223556e-04
-3.1594180660561913e-04
-3.1422140007838150e-04
-3.1253140681128421e-04
-3.1090758160675925e-04
-3.0929639090388248e-04
-3.0773585080211540e-04
-3.0618798171386816e-04
-3.0463890822811552e-04
-3.0314571178741004e-04
-3.0168152195416721e-04
-3.0024325870953210e-04
-2.9885378439768853e-04
-2.9747901529758223e-04
-2.9610202049873256e-04
-2.9476162780879187e-04
-2.9342750095022788e-04
-2.9213422181854622e-04
-2.9087564019632283e-04
-2.8962660413139288e-04
-2.8841566629656472e-04
-2.8719526573515948e-04
-2.8598443032694945e-04
-2.8480880921556408e-04
-2.8365660436023977e-04
-2.8252004198911642e-04
-2.8141544633073341e-04
-2.8033173421315879e-04
-2.7922779471444313e-04
-2.7815086876352039e-04
-2.7709469633628369e-04
-2.7605297516856086e-04
-2.7503886721581974e-04
-2.7404587065866343e-04
-2.7306477315440828e-04
-2.7207514621382890e-04
-2.7110679414003153e-04
-2.7014755507381529e-04
-2.6921279266408087e-04
-2.6830136884480673e-04
-2.6739919091680784e-04
-2.6651803846076163e-04
-2.6562616336069740e-04
-2.6474712276451174e-04
-2.6388398739973578e-04
-2.6304217790630211e-04
-2.6221880116421113e-04
-2.6140554527591473e-04
-2.6061270437648928e-04
-2.5980805659482436e-04
-2.5901509525174337e-04
-2.5823841988432917e-04
-2.5748102593209138e-04
-2.5674142036057019e-04
-2.5601146785497129e-04
-2.5529946863105417e-04
-2.5457651905239168e-04
-2.5386810753173235e-04
-2.5317262840172337e-04
-2.5249518788318664e-04
-2.5183539960758943e-04
-2.5118856285089741e-04
-2.5055400764666802e-04
-2.4991028465604222e-04
-2.4928401533970044e-04
-2.4867087385812067e-04
-2.4807231100663479e-04
-2.4749093110254820e-04
-2.4692651403408197e-04
-2.4637225575561473e-04
-2.4580862857728379e-04
-2.4526230405269003e-04
-2.4473312336898312e-04
-2.4422015041040420e-04
-2.4371974154219846e-04
-2.4323649513950527e-04
-2.4276377263921761e-04
-2.4228893529099042e-04
-2.4182863463549916e-04
-2.4138416939667543e-04
-2.4095731076339129e-04
-2.4054805334108959e-04
-2.4015640587339497e-04
-2.3976892690623957e-04
-2.3938430384623429e-04
-2.3901805479869289e-04
-2.3867025547168449e-04
-2.3834099393512564e-04
0.0000000000000000e+00
4.6732490301228768e-01
3.6295485309822773e-01
7.2925365311217348e+01
];
