%Vec Object:sol 1 MPI processes
%  type: mpi
sol = [
0.0000000000000000e+00
-1.4066741940963433e-02
-4.0290122045990237e-03
-4.0978718805502251e-03
-4.0590393030000820e-03
-4.0214345373145253e-03
-3.9840397064917566e-03
-3.9481191462311964e-03
-3.9127021992277763e-03
-3.8776864829735843e-03
-3.8438950168883891e-03
-3.8102435299142865e-03
-3.7777401061564386e-03
-3.7454271096885078e-03
-3.7135949803908169e-03
-3.6827415769110751e-03
-3.6521733231358981e-03
-3.6221542474661763e-03
-3.5926079473878368e-03
-3.5633074204180328e-03
-3.5348101254715192e-03
-3.5067712762601594e-03
-3.4787485758424265e-03
-3.4513929602168897e-03
-3.4243182002149362e-03
-3.3977723452296923e-03
-3.3717322745503058e-03
-3.3455652449529650e-03
-3.3199904462236332e-03
-3.2949296117423510e-03
-3.2700761743957871e-03
-3.2455540949394108e-03
-3.2213035160798646e-03
-3.1973171018003150e-03
-3.1738460490895138e-03
-3.1507487515122696e-03
-3.1276545760622674e-03
-3.1049746392387643e-03
-3.0826494495010790e-03
-3.0606146207294402e-03
-3.0390335098302696e-03
-3.0175000136684798e-03
-2.9962230871057208e-03
-2.9753823626313303e-03
-2.9549026260405715e-03
-2.9346774562850524e-03
-2.9145797372882669e-03
-2.8948544937609194e-03
-2.8753560005396932e-03
-2.8562598240289530e-03
-2.8375532630138599e-03
-2.8188292719524724e-03
-2.8004452418753305e-03
-2.7824440138737331e-03
-2.7647302173939747e-03
-2.7473261734688257e-03
-2.7301014013398290e-03
-2.7131540868437958e-03
-2.6964627220639904e-03
-2.6801397110052675e-03
-2.6641782923842541e-03
-2.6483727865240481e-03
-2.6327707404998342e-03
-2.6175310211847638e-03
-2.6026387643253916e-03
-2.5880079261238090e-03
-2.5737010324462690e-03
-2.5595611494735209e-03
-2.5457428658136219e-03
-2.5322292103007668e-03
-2.5190767072496433e-03
-2.5062834895433162e-03
-2.4936465251080087e-03
-2.4812839684613024e-03
-2.4692887915397309e-03
-2.4576604360488264e-03
-2.4463563968279618e-03
-2.4353479217314590e-03
-2.4245613029200740e-03
-2.4141525585731657e-03
-2.4040936460309934e-03
-2.3943850575054481e-03
-2.3850629737360938e-03
-2.3760020421485241e-03
-2.3672641425104878e-03
-2.3588791758886014e-03
-2.3508985927509487e-03
-2.3433257959511351e-03
-2.3361543883091964e-03
-2.3292001951645807e-03
-2.3226553119990870e-03
-2.3165434306757055e-03
-2.3108705854828497e-03
-2.3056433011619465e-03
-2.3007629961304663e-03
-2.2962389294428104e-03
-2.2921894413631700e-03
-2.2886233283684531e-03
-2.2855500204528633e-03
0.0000000000000000e+00
5.5149081112715048e-01
3.6264821974939404e-01
7.1221283961735637e+01
];
