%Vec Object:sol 1 MPI processes
%  type: mpi
sol = [
0.0000000000000000e+00
-4.0251748134834796e-03
-3.9939748646726208e-03
-3.9634566266792369e-03
-3.9338071479006762e-03
-3.9054613657125291e-03
-3.8768205560308043e-03
-3.8492665928020003e-03
-3.8222801665386678e-03
-3.7959914159580439e-03
-3.7707976083335669e-03
-3.7452515214063922e-03
-3.7205876412548075e-03
-3.6965157368701765e-03
-3.6729066348457360e-03
-3.6501937275626416e-03
-3.6273025912751749e-03
-3.6049854455059123e-03
-3.5833546863098522e-03
-3.5619331011112671e-03
-3.5412632282955554e-03
-3.5206305321278820e-03
-3.5002587087962266e-03
-3.4805556297911010e-03
-3.4611045794382296e-03
-3.4421488935144650e-03
-3.4234443583537324e-03
-3.4047364965820127e-03
-3.3865870882735611e-03
-3.3689186622101620e-03
-3.3514259679776363e-03
-3.3341670454307723e-03
-3.3171321597472224e-03
-3.3003236602478243e-03
-3.2839913538203237e-03
-3.2679913780217875e-03
-3.2520053766078839e-03
-3.2362557683975049e-03
-3.2208126115613766e-03
-3.2056080682211904e-03
-3.1908062163641076e-03
-3.1761348777363777e-03
-3.1614418306911570e-03
-3.1471275546411251e-03
-3.1331128170001342e-03
-3.1192855005743952e-03
-3.1057133082628956e-03
-3.0921722323897201e-03
-3.0787830022775357e-03
-3.0657264728964854e-03
-3.0529876471455286e-03
-3.0403700973378554e-03
-3.0277110900532454e-03
-3.0153573970424486e-03
-3.0032064999098518e-03
-2.9912798674850841e-03
-2.9796402851776770e-03
-2.9679489295513458e-03
-2.9563815991664249e-03
-2.9450928527392410e-03
-2.9340732975576614e-03
-2.9232274999095227e-03
-2.9123794948351851e-03
-2.9016941743754375e-03
-2.8912534980428148e-03
-2.8809613901966029e-03
-2.8709210534956712e-03
-2.8609772950072606e-03
-2.8510767420013260e-03
-2.8413597720867239e-03
-2.8318850890031210e-03
-2.8226472940017836e-03
-2.8135139306937240e-03
-2.8043597274593447e-03
-2.7954412846235882e-03
-2.7867542266042434e-03
-2.7782475748673869e-03
-2.7699278067431377e-03
-2.7615634970750225e-03
-2.7534274655148412e-03
-2.7454841321936335e-03
-2.7377295304057384e-03
-2.7301995510201058e-03
-2.7226730309600168e-03
-2.7153093026962409e-03
-2.7081184367145133e-03
-2.7011528061803842e-03
-2.6944105409354422e-03
-2.6877381472803965e-03
-2.6811480794608745e-03
-2.6747650156113039e-03
-2.6686086062900093e-03
-2.6626780357916187e-03
-2.6568806425195999e-03
-2.6511128339857105e-03
-2.6455692392521172e-03
-2.6402574391980608e-03
-2.6351775680532549e-03
-2.6302907106313866e-03
0.0000000000000000e+00
5.1958499161679950e-01
3.6295486983223779e-01
7.2925299968229737e+01
];
