%Vec Object:sol 1 MPI processes
%  type: mpi
sol = [
0.0000000000000000e+00
-3.5670479146398593e-03
-4.2329442223844171e-03
-4.1904934045250020e-03
-4.1487168347856167e-03
-4.1083356082526681e-03
-4.0682799612623086e-03
-4.0298381559733523e-03
-3.9919651700156666e-03
-3.9546663421708133e-03
-3.9187458015414621e-03
-3.8831097881475490e-03
-3.8487818248515221e-03
-3.8147178018280753e-03
-3.7813424003226353e-03
-3.7491098609563410e-03
-3.7173191401540335e-03
-3.6861801895175755e-03
-3.6557039376137689e-03
-3.6256282573687154e-03
-3.5965146129778476e-03
-3.5680121732970995e-03
-3.5396104779552569e-03
-3.5120619164713289e-03
-3.4849344262266151e-03
-3.4584741019198580e-03
-3.4326121092230072e-03
-3.4067638855238475e-03
-3.3816319030209401e-03
-3.3571313119920929e-03
-3.3329457810942448e-03
-3.3091499329080103e-03
-3.2857483162220301e-03
-3.2627013970371434e-03
-3.2402579569445703e-03
-3.2182683574681300e-03
-3.1962987553680283e-03
-3.1748462092205309e-03
-3.1538109693357752e-03
-3.1331220039371457e-03
-3.1129231024123512e-03
-3.0927878023238710e-03
-3.0729758151492453e-03
-3.0536388039067055e-03
-3.0346956217183660e-03
-3.0159902840354003e-03
-2.9974451173013401e-03
-2.9793085323400080e-03
-2.9614128754482608e-03
-2.9439346594843136e-03
-2.9268138303001076e-03
-2.9096718922336294e-03
-2.8929061777979975e-03
-2.8765265895281033e-03
-2.8604326070819377e-03
-2.8446194534104403e-03
-2.8289162777465245e-03
-2.8135529070937590e-03
-2.7984338100550421e-03
-2.7836731233134254e-03
-2.7692620046446377e-03
-2.7548500773365812e-03
-2.7407412735571449e-03
-2.7269773778986089e-03
-2.7135412468136852e-03
-2.7003417658538523e-03
-2.6872800623783570e-03
-2.6745007402197416e-03
-2.6620151197063878e-03
-2.6498037101858902e-03
-2.6379236071400894e-03
-2.6262399382993473e-03
-2.6147288349330738e-03
-2.6035126724713040e-03
-2.5926268084162187e-03
-2.5820686851563937e-03
-2.5717324527263184e-03
-2.5615297093730650e-03
-2.5516593641134681e-03
-2.5421198932922919e-03
-2.5328795742263592e-03
-2.5239364900316416e-03
-2.5151247207648593e-03
-2.5066344290995378e-03
-2.4984713039275883e-03
-2.4905970748201433e-03
-2.4830625922305509e-03
-2.4757492640543354e-03
-2.4686901195669084e-03
-2.4619450347965238e-03
-2.4555292368493376e-03
-2.4494629785657513e-03
-2.4437085832294809e-03
-2.4381465168916354e-03
-2.4329065509478614e-03
-2.4280211470787774e-03
-2.4234995646211727e-03
-2.4193442441291946e-03
-2.4153995681420073e-03
0.0000000000000000e+00
5.4832168698535888e-01
3.6280761580296056e-01
7.2099455593138373e+01
];
