%Vec Object:sol 1 MPI processes
%  type: mpi
sol = [
0.0000000000000000e+00
-4.0606997133802690e-03
-4.0290287945299970e-03
-3.9980463949550009e-03
-3.9678288736423742e-03
-3.9383869243620273e-03
-3.9090769944981540e-03
-3.8811043244736760e-03
-3.8537040170982324e-03
-3.8267954480533930e-03
-3.8006005659937643e-03
-3.7744959411159240e-03
-3.7494540090749332e-03
-3.7250087046802566e-03
-3.7007606015782030e-03
-3.6771259427928614e-03
-3.6537444484714032e-03
-3.6310824075562482e-03
-3.6091120673758699e-03
-3.5870571346615704e-03
-3.5655340348360338e-03
-3.5444484497262120e-03
-3.5237601251897704e-03
-3.5037455367439192e-03
-3.4836869611558291e-03
-3.4639384315309036e-03
-3.4447965593415496e-03
-3.4257978486702438e-03
-3.4073615787355649e-03
-3.3891265021115079e-03
-3.3708955664036601e-03
-3.3531978538208318e-03
-3.3358980119944878e-03
-3.3188259374228651e-03
-3.3019767707167520e-03
-3.2852906396624438e-03
-3.2688545019212210e-03
-3.2528631885890102e-03
-3.2371805330829555e-03
-3.2215168639869252e-03
-3.2060765480105952e-03
-3.1909386772406554e-03
-3.1760262688866467e-03
-3.1614955555706492e-03
-3.1470868444822371e-03
-3.1326656177662971e-03
-3.1186058394697788e-03
-3.1048692253236167e-03
-3.0912861206966041e-03
-3.0779041239180709e-03
-3.0646154421599785e-03
-3.0514868865455696e-03
-3.0386553148781378e-03
-3.0261319213686559e-03
-3.0137272347805426e-03
-3.0012921985406605e-03
-2.9891549851274036e-03
-2.9772800920591929e-03
-2.9655682920969261e-03
-2.9541010418886035e-03
-2.9426160731316517e-03
-2.9313148765566710e-03
-2.9202459422165228e-03
-2.9094436019429645e-03
-2.8988892853080523e-03
-2.8881852128829016e-03
-2.8777308214630775e-03
-2.8675316547173489e-03
-2.8575413195408572e-03
-2.8477380170314846e-03
-2.8379420856564975e-03
-2.8283316355552481e-03
-2.8189122307676565e-03
-2.8096965010094167e-03
-2.8007204693611624e-03
-2.7918010040752193e-03
-2.7829625668448197e-03
-2.7743304218095792e-03
-2.7659341160425144e-03
-2.7577702903357876e-03
-2.7496809482995530e-03
-2.7416355134938066e-03
-2.7338243457638960e-03
-2.7262448625950775e-03
-2.7188854899856106e-03
-2.7116333553052312e-03
-2.7044192578124905e-03
-2.6974380717533983e-03
-2.6906882136483825e-03
-2.6841357372484457e-03
-2.6777728790159157e-03
-2.6714104809742205e-03
-2.6652834126924944e-03
-2.6593909798943690e-03
-2.6536952551010559e-03
-2.6482288885292834e-03
-2.6427729833847328e-03
-2.6375378941314496e-03
-2.6325443740863727e-03
0.0000000000000000e+00
5.2226235019944567e-01
3.6295486983223779e-01
7.2925299968229737e+01
];
