%Vec Object:sol 1 MPI processes
%  type: mpi
sol = [
0.0000000000000000e+00
-4.1958474860882269e-04
-4.1608507944441617e-04
-4.1265394763680141e-04
-4.0925357561424707e-04
-4.0599427734571206e-04
-4.0275054500932901e-04
-3.9964766008882837e-04
-3.9657155388661802e-04
-3.9354246359908439e-04
-3.9063148230653250e-04
-3.8773140012196816e-04
-3.8494325148467537e-04
-3.8216209111397543e-04
-3.7942961938523486e-04
-3.7679370645731062e-04
-3.7418534289655210e-04
-3.7163584991991807e-04
-3.6912202576430420e-04
-3.6663273802812791e-04
-3.6422440371280924e-04
-3.6186247875082063e-04
-3.5951146095781366e-04
-3.5721257550668976e-04
-3.5494246649696136e-04
-3.5272633697703805e-04
-3.5057379827848175e-04
-3.4839585889731952e-04
-3.4627225876749865e-04
-3.4420098976684662e-04
-3.4215048826479871e-04
-3.4015189590811442e-04
-3.3815551579586726e-04
-3.3618514764708322e-04
-3.3426650439102781e-04
-3.3238474919319931e-04
-3.3051894326324276e-04
-3.2867015243718346e-04
-3.2685561355233310e-04
-3.2506837497948385e-04
-3.2332525782954982e-04
-3.2159899356283230e-04
-3.1987469043073271e-04
-3.1819209544787391e-04
-3.1654311264925610e-04
-3.1491631405329649e-04
-3.1330995651982207e-04
-3.1172051751994067e-04
-3.1014974304700892e-04
-3.0861607599654754e-04
-3.0711800738406178e-04
-3.0561925969802662e-04
-3.0413800511889274e-04
-3.0269118510776099e-04
-3.0126843004379364e-04
-2.9987195742085375e-04
-2.9848927244235273e-04
-2.9712232579882670e-04
-2.9577535802919062e-04
-2.9446032796776278e-04
-2.9317632380572548e-04
-2.9189621934322288e-04
-2.9062939488545462e-04
-2.8939311971900705e-04
-2.8818556334124983e-04
-2.8699710092728356e-04
-2.8582275234207918e-04
-2.8466361802170916e-04
-2.8352943630022303e-04
-2.8241806901250100e-04
-2.8133545815528358e-04
-2.8026835456746319e-04
-2.7920899632584895e-04
-2.7817428736818286e-04
-2.7716785911423460e-04
-2.7618932147313314e-04
-2.7522388001814121e-04
-2.7426614227350928e-04
-2.7333645430758938e-04
-2.7243451834107189e-04
-2.7155682672967723e-04
-2.7069649530165007e-04
-2.6984474007704759e-04
-2.6902080095367662e-04
-2.6822356125229306e-04
-2.6744879809684202e-04
-2.6669847266905331e-04
-2.6595449135245850e-04
-2.6523844902482226e-04
-2.6454700565454862e-04
-2.6388162498917108e-04
-2.6324407539388703e-04
-2.6261104132288093e-04
-2.6200636949660417e-04
-2.6142635666511594e-04
-2.6087426588970692e-04
-2.6035084645834614e-04
-2.5983567921315792e-04
-2.5934698570847598e-04
0.0000000000000000e+00
5.3231908098712033e-01
3.6295485309822773e-01
7.2925365311217348e+01
];
