%Vec Object:sol 1 MPI processes
%  type: mpi
sol = [
0.0000000000000000e+00
-1.3815205705828048e-02
-4.1330010844375046e-03
-4.0958897211722115e-03
-4.0578200642686591e-03
-4.0207267138911169e-03
-3.9836706366713822e-03
-3.9480625420747805e-03
-3.9130950461613743e-03
-3.8786653667884858e-03
-3.8451230346192890e-03
-3.8117120969737156e-03
-3.7794435102170218e-03
-3.7478197330810962e-03
-3.7162156428782074e-03
-3.6855961859885646e-03
-3.6552714746002496e-03
-3.6257208734473594e-03
-3.5966615926665414e-03
-3.5676387753718554e-03
-3.5394380246258489e-03
-3.5117158673423476e-03
-3.4844307026339911e-03
-3.4574404417276289e-03
-3.4307372975914720e-03
-3.4045846598646304e-03
-3.3790770425418553e-03
-3.3536161068204538e-03
-3.3284850788036628e-03
-3.3038858433499740e-03
-3.2795098523407990e-03
-3.2557015240375644e-03
-3.2321008973420508e-03
-3.2086201791158534e-03
-3.1856640446179777e-03
-3.1630886640519884e-03
-3.1408002272200562e-03
-3.1187155611511488e-03
-3.0969126160789347e-03
-3.0753996413053031e-03
-3.0543390416365680e-03
-3.0336208239922862e-03
-3.0128796205882544e-03
-2.9925366781596101e-03
-2.9725481909266527e-03
-2.9528062537589085e-03
-2.9334696972404947e-03
-2.9142242206509962e-03
-2.8951730928917121e-03
-2.8765150914832867e-03
-2.8582372017919053e-03
-2.8401798815324121e-03
-2.8222328813878161e-03
-2.8046211470599907e-03
-2.7872867851327240e-03
-2.7702524429891995e-03
-2.7535798114362224e-03
-2.7370492593784108e-03
-2.7206911789294094e-03
-2.7046933193468057e-03
-2.6890491782009113e-03
-2.6736716172111466e-03
-2.6584888963382411e-03
-2.6435349081808460e-03
-2.6289215972565665e-03
-2.6145623418768402e-03
-2.6005559158703700e-03
-2.5868582247492167e-03
-2.5732842355182901e-03
-2.5600083918033692e-03
-2.5470877753506101e-03
-2.5345204325675406e-03
-2.5222583871858857e-03
-2.5101467773790366e-03
-2.4983497770134011e-03
-2.4869129306469878e-03
-2.4757929138368990e-03
-2.4650078043649422e-03
-2.4545204770610881e-03
-2.4442642378771787e-03
-2.4343486866208399e-03
-2.4247736495792167e-03
-2.4155749994969485e-03
-2.4067539459883694e-03
-2.3981457492651252e-03
-2.3898408882640689e-03
-2.3819267728345051e-03
-2.3744056437834875e-03
-2.3672801589782401e-03
-2.3604762639762656e-03
-2.3539232422854941e-03
-2.3477829741586831e-03
-2.3420598139587030e-03
-2.3367585420092200e-03
-2.3318510687833412e-03
-2.3272506188159047e-03
-2.3230375068953859e-03
-2.3192765739715408e-03
-2.3159752989259240e-03
0.0000000000000000e+00
5.5004708723829909e-01
3.6273533313022799e-01
7.1699213154913636e+01
];
