%Vec Object:sol 1 MPI processes
%  type: mpi
sol = [
0.0000000000000000e+00
-3.8469808737550201e-04
-3.8189668258451821e-04
-3.7915541989450583e-04
-3.7644011751369080e-04
-3.7383356379750300e-04
-3.7123563813925702e-04
-3.6875927626243629e-04
-3.6633311878328664e-04
-3.6394082536505694e-04
-3.6161947771222805e-04
-3.5930353786694206e-04
-3.5708435662603916e-04
-3.5491838100569603e-04
-3.5278751423643612e-04
-3.5069034752269629e-04
-3.4861443934808143e-04
-3.4660373282195548e-04
-3.4465576467793330e-04
-3.4272525835651256e-04
-3.4082871018872911e-04
-3.3895505667737790e-04
-3.3711675201960841e-04
-3.3533997767927536e-04
-3.3358513502145231e-04
-3.3186428369975891e-04
-3.3016164821466428e-04
-3.2847071186010339e-04
-3.2683117203592986e-04
-3.2523572341977173e-04
-3.2365528338791394e-04
-3.2208912192666008e-04
-3.2054770502818294e-04
-3.1902627266899343e-04
-3.1754875128078912e-04
-3.1610144461773553e-04
-3.1466518957673430e-04
-3.1323735882966011e-04
-3.1183738969587212e-04
-3.1045881754098641e-04
-3.0911739454316374e-04
-3.0780239872664668e-04
-3.0647843626806855e-04
-3.0517796551638051e-04
-3.0390489747675982e-04
-3.0264849843745958e-04
-3.0142434121604772e-04
-3.0022254403950252e-04
-2.9900261717932390e-04
-2.9781340157293421e-04
-2.9665348173851076e-04
-2.9550674185682159e-04
-2.9438628455914409e-04
-2.9327170838738906e-04
-2.9216157912972685e-04
-2.9107185038348792e-04
-2.9000857865478063e-04
-2.8896839206061191e-04
-2.8794032794842193e-04
-2.8690554936297753e-04
-2.8589557279974865e-04
-2.8490120889725231e-04
-2.8392711902311147e-04
-2.8297661399247502e-04
-2.8203297657184990e-04
-2.8108556122014179e-04
-2.8016133802746319e-04
-2.7925966476105221e-04
-2.7837609880585157e-04
-2.7750855599707931e-04
-2.7663562545698260e-04
-2.7578130784561825e-04
-2.7494343022008085e-04
-2.7412321191519755e-04
-2.7332412940066767e-04
-2.7253649921727508e-04
-2.7174535569704121e-04
-2.7097215092797202e-04
-2.7021973983288748e-04
-2.6948780494625527e-04
-2.6877291909051872e-04
-2.6805392318983212e-04
-2.6734862424727983e-04
-2.6666375707768303e-04
-2.6599821022263404e-04
-2.6534784832366748e-04
-2.6471269822200778e-04
-2.6407631529021697e-04
-2.6346037041802544e-04
-2.6286158616197077e-04
-2.6228136154612415e-04
-2.6172161791889663e-04
-2.6116576852414813e-04
-2.6062147982459303e-04
-2.6009432801772582e-04
-2.5958747806918930e-04
-2.5910168213953797e-04
-2.5863404562626681e-04
-2.5816578651367529e-04
0.0000000000000000e+00
5.0590810451163781e-01
3.6295485309822773e-01
7.2925365311217348e+01
];
