%Vec Object:sol 1 MPI processes
%  type: mpi
sol = [
0.0000000000000000e+00
-3.4632190912105439e-04
-3.4401266800469755e-04
-3.4175029155423408e-04
-3.3955059926569315e-04
-3.3745038848678451e-04
-3.3530299846204308e-04
-3.3324800421545054e-04
-3.3123246468059911e-04
-3.2926749415086189e-04
-3.2738678404970254e-04
-3.2550521968112867e-04
-3.2368613447351788e-04
-3.2187440624150874e-04
-3.2009522904474238e-04
-3.1838536464395221e-04
-3.1668964003355138e-04
-3.1504715876288993e-04
-3.1345599467548301e-04
-3.1183851274177964e-04
-3.1026839539049914e-04
-3.0872908329590472e-04
-3.0721737818134983e-04
-3.0575675543663715e-04
-3.0431212129346680e-04
-3.0289644410222487e-04
-3.0148908282936641e-04
-3.0008895218593628e-04
-2.9873157825314361e-04
-2.9741059978238024e-04
-2.9610014100950148e-04
-2.9482954858309728e-04
-2.9356485287637283e-04
-2.9229608484274800e-04
-2.9106411645427488e-04
-2.8985679901686505e-04
-2.8866612722463754e-04
-2.8750883971997407e-04
-2.8637345996793102e-04
-2.8521966007859012e-04
-2.8409289834667938e-04
-2.8298792562905561e-04
-2.8189826028978819e-04
-2.8083739371111984e-04
-2.7979863233808423e-04
-2.7876406985127275e-04
-2.7772832524449825e-04
-2.7671681470299033e-04
-2.7571503791545094e-04
-2.7473874196580890e-04
-2.7378674326909583e-04
-2.7284457604308628e-04
-2.7190504964984556e-04
-2.7097365484369450e-04
-2.7005693606982448e-04
-2.6915682852363143e-04
-2.6827887757431340e-04
-2.6742010523045682e-04
-2.6657195677368925e-04
-2.6571627934566752e-04
-2.6487778689702590e-04
-2.6405194151902644e-04
-2.6324301636193760e-04
-2.6245406926144691e-04
-2.6168355933945872e-04
-2.6091635618178495e-04
-2.6014490131917730e-04
-2.5939269674445895e-04
-2.5865575571542074e-04
-2.5793222268148561e-04
-2.5722731684341290e-04
-2.5654063383986198e-04
-2.5585083934498784e-04
-2.5516356538927249e-04
-2.5449459392339004e-04
-2.5384360450297655e-04
-2.5320616575648733e-04
-2.5258375972790560e-04
-2.5197907752343070e-04
-2.5136590348502901e-04
-2.5076590438591367e-04
-2.5018045577897800e-04
-2.4961277542604506e-04
-2.4906269058850433e-04
-2.4852923440027989e-04
-2.4799987768842307e-04
-2.4747079060707998e-04
-2.4695961354477775e-04
-2.4646625817547219e-04
-2.4598777061186835e-04
-2.4552547142837948e-04
-2.4508118317239107e-04
-2.4463552232382530e-04
-2.4420222599383763e-04
-2.4378398849865627e-04
-2.4338375029935155e-04
-2.4300224631816666e-04
-2.4263954852348765e-04
-2.4228986885228962e-04
0.0000000000000000e+00
4.7482057095937374e-01
3.6295485309822773e-01
7.2925365311217348e+01
];
