%Vec Object:sol 1 MPI processes
%  type: mpi
sol = [
0.0000000000000000e+00
-3.3667670477646942e-03
-3.3449569659240647e-03
-3.3235820563115486e-03
-3.3027956713974206e-03
-3.2824362095107405e-03
-3.2620313798970074e-03
-3.2425969943884643e-03
-3.2235294838176753e-03
-3.2049367745712477e-03
-3.1871456213265819e-03
-3.1692990243350934e-03
-3.1517302789137343e-03
-3.1345671865571538e-03
-3.1177072146272591e-03
-3.1015068634048970e-03
-3.0854323984522464e-03
-3.0698628540573275e-03
-3.0547038340511140e-03
-3.0392452924899623e-03
-3.0243438961565232e-03
-3.0097317251734828e-03
-2.9953780684990536e-03
-2.9815109043863138e-03
-2.9677903854879624e-03
-2.9543261767149128e-03
-2.9409453512931373e-03
-2.9276270554166491e-03
-2.9147161325225024e-03
-2.9021512462362718e-03
-2.8896815684021963e-03
-2.8775921127937318e-03
-2.8656808177362513e-03
-2.8535894938561362e-03
-2.8418494099119625e-03
-2.8303428933799052e-03
-2.8189924006438005e-03
-2.8079607135341697e-03
-2.7971370205713921e-03
-2.7863797816195489e-03
-2.7756218739205794e-03
-2.7650710247252275e-03
-2.7546643959234520e-03
-2.7445332719079852e-03
-2.7346128033766009e-03
-2.7248100416554046e-03
-2.7151860598162041e-03
-2.7055092562889346e-03
-2.6959235305718671e-03
-2.6865821465645342e-03
-2.6774737621198387e-03
-2.6684578097739549e-03
-2.6596500633167832e-03
-2.6509947772428970e-03
-2.6422075071081135e-03
-2.6335791774255287e-03
-2.6251638725612388e-03
-2.6169327397546844e-03
-2.6088028663510125e-03
-2.6008752016022179e-03
-2.5930836112365583e-03
-2.5851540364315614e-03
-2.5773872873251567e-03
-2.5698132494066969e-03
-2.5624170288716538e-03
-2.5551174671453645e-03
-2.5480033341631690e-03
-2.5410132515933234e-03
-2.5339265719959867e-03
-2.5269693154509531e-03
-2.5201924229130970e-03
-2.5135920379103843e-03
-2.5071212621336396e-03
-2.5007914943308263e-03
-2.4945745604802966e-03
-2.4883070570827083e-03
-2.4821709622701196e-03
-2.4761807448524442e-03
-2.4703623821287313e-03
-2.4647136724140818e-03
-2.4592047015022452e-03
-2.4537624767954854e-03
-2.4482925461518164e-03
-2.4429941094492968e-03
-2.4378578203799405e-03
-2.4328473192854589e-03
-2.4280084799210800e-03
-2.4233403637402449e-03
-2.4187527701444991e-03
-2.4141413089119363e-03
-2.4096882991890166e-03
-2.4054114073154766e-03
-2.4013105728517259e-03
-2.3973858762300123e-03
-2.3936051241710975e-03
-2.3898777244744699e-03
-2.3862050478257887e-03
-2.3827169206774978e-03
-2.3794142148630217e-03
0.0000000000000000e+00
4.6656535858235115e-01
3.6295486983223779e-01
7.2925299968229737e+01
];
