%Vec Object:sol 1 MPI processes
%  type: mpi
sol = [
0.0000000000000000e+00
-1.4327158053577819e-02
-7.8821802318394668e-03
-4.1114997133807748e-03
-4.0690150560689711e-03
-4.0281677070289935e-03
-3.9875762634498753e-03
-3.9481310601253454e-03
-3.9095041150875856e-03
-3.8718253203657137e-03
-3.8355044230872189e-03
-3.7990045338631099e-03
-3.7637217548802775e-03
-3.7292382748738973e-03
-3.6954110885427660e-03
-3.6624632697066823e-03
-3.6296670860916092e-03
-3.5977636125149159e-03
-3.5667154173913635e-03
-3.5360226436905234e-03
-3.5058090090456630e-03
-3.4761512529235109e-03
-3.4470188300579829e-03
-3.4186836407610745e-03
-3.3905592470487014e-03
-3.3627950995331135e-03
-3.3357393913157761e-03
-3.3089230259436401e-03
-3.2827586817086776e-03
-3.2568969704106902e-03
-3.2311909477623444e-03
-3.2060914992412845e-03
-3.1814602554436204e-03
-3.1571261432623119e-03
-3.1330071935930944e-03
-3.1092694798274092e-03
-3.0858410518755357e-03
-3.0629084519788658e-03
-3.0403155083769014e-03
-3.0177170369840339e-03
-2.9955786776340054e-03
-2.9737895100890904e-03
-2.9522746101928285e-03
-2.9311520444821630e-03
-2.9101099739060336e-03
-2.8893148077990837e-03
-2.8689209630983546e-03
-2.8488920881246768e-03
-2.8290589757775774e-03
-2.8093393265224173e-03
-2.7899917785092665e-03
-2.7708594105631222e-03
-2.7520714798474595e-03
-2.7336398612451351e-03
-2.7152495547218716e-03
-2.6971164465110667e-03
-2.6793358852265242e-03
-2.6618776168597725e-03
-2.6446534980361547e-03
-2.6276350727885978e-03
-2.6108644969655452e-03
-2.5943567216025376e-03
-2.5781594461936857e-03
-2.5623074051734219e-03
-2.5467417719607635e-03
-2.5312540442281655e-03
-2.5161194313124730e-03
-2.5013361585827635e-03
-2.4868673730345237e-03
-2.4726985628640919e-03
-2.4587388973912995e-03
-2.4450840308353982e-03
-2.4317478585745328e-03
-2.4187470006671458e-03
-2.4061186524616590e-03
-2.3938385394258904e-03
-2.3817294916597415e-03
-2.3699807214322913e-03
-2.3586241371015238e-03
-2.3476631480724305e-03
-2.3370733475764961e-03
-2.3267745382004944e-03
-2.3167937610269356e-03
-2.3072350756558530e-03
-2.2980962369407742e-03
-2.2893484885622415e-03
-2.2810459192842453e-03
-2.2730728028839881e-03
-2.2655141012491546e-03
-2.2584005070487613e-03
-2.2517549674066790e-03
-2.2456054012163881e-03
-2.2399627963376602e-03
-2.2346860486840299e-03
-2.2298972529778485e-03
-2.2256514196745520e-03
-2.2219668645989095e-03
-2.2188562206331055e-03
-2.2163140406064007e-03
0.0000000000000000e+00
5.5299109922364564e-01
3.6255774950288205e-01
7.0730012035902192e+01
];
