%Vec Object:sol 1 MPI processes
%  type: mpi
sol = [
0.0000000000000000e+00
-3.7337699715283331e-04
-3.7073506016404401e-04
-3.6814896199385843e-04
-3.6557831346507261e-04
-3.6311720878465025e-04
-3.6066255529322637e-04
-3.5832331099567509e-04
-3.5603078406032282e-04
-3.5378032587866958e-04
-3.5158469216992305e-04
-3.4939276083202083e-04
-3.4729275626720735e-04
-3.4524273000290437e-04
-3.4323098812330457e-04
-3.4126513275841450e-04
-3.3929696913566744e-04
-3.3739060340739222e-04
-3.3554372874227881e-04
-3.3371262548092520e-04
-3.3194729954828952e-04
-3.3017398930640357e-04
-3.2842761351544136e-04
-3.2673981419706008e-04
-3.2507232871747287e-04
-3.2344767511087056e-04
-3.2186941522875987e-04
-3.2025981176262282e-04
-3.1869918917645811e-04
-3.1718051713595761e-04
-3.1567565841366697e-04
-3.1421632931917569e-04
-3.1277621757553752e-04
-3.1132501912650858e-04
-3.0991575912831963e-04
-3.0853519387993253e-04
-3.0717459810848929e-04
-3.0585199731172913e-04
-3.0453421497635998e-04
-3.0321649927989892e-04
-3.0193433300341251e-04
-3.0067733882029225e-04
-2.9943846399275862e-04
-2.9823220832050521e-04
-2.9702531662806662e-04
-2.9582184511323274e-04
-2.9464929611739435e-04
-2.9350419128786916e-04
-2.9237085656031451e-04
-2.9126620647814300e-04
-2.9015880846709459e-04
-2.8905798476064305e-04
-2.8798240476845540e-04
-2.8693315758682186e-04
-2.8590071060845024e-04
-2.8488704603487838e-04
-2.8386486801312887e-04
-2.8286435293448976e-04
-2.8187683882354906e-04
-2.8091340050358043e-04
-2.7997319989037485e-04
-2.7904314066543685e-04
-2.7810413198260669e-04
-2.7718789615444387e-04
-2.7629272525140416e-04
-2.7540962620707784e-04
-2.7454831729697754e-04
-2.7369983518054784e-04
-2.7284623228273150e-04
-2.7200809439431345e-04
-2.7119096834578960e-04
-2.7039437373813899e-04
-2.6961310621471317e-04
-2.6883613552699636e-04
-2.6806245495214519e-04
-2.6730888821643298e-04
-2.6657065200033604e-04
-2.6584929209186916e-04
-2.6514761121773758e-04
-2.6444931847024962e-04
-2.6375551557408436e-04
-2.6307793156046214e-04
-2.6241997289614506e-04
-2.6178142148435289e-04
-2.6116121160901155e-04
-2.6053550755052076e-04
-2.5992251563211778e-04
-2.5932914124565854e-04
-2.5875525947069677e-04
-2.5819769171477790e-04
-2.5765795081722238e-04
-2.5711369035654299e-04
-2.5658756337450906e-04
-2.5608135822387398e-04
-2.5559151100813094e-04
-2.5512112347447969e-04
-2.5466757624617744e-04
-2.5421288769503507e-04
-2.5377889472971021e-04
0.0000000000000000e+00
4.9698434148122006e-01
3.6295485309822773e-01
7.2925365311217348e+01
];
