%Vec Object:sol 1 MPI processes
%  type: mpi
sol = [
0.0000000000000000e+00
-1.8938233982592899e-03
-1.7554191177739586e-03
-1.5732216940679538e-03
-1.3782597515305667e-03
-1.2285847663998377e-03
-1.1057577312235407e-03
-1.0054295739876542e-03
-9.1341121265053600e-04
-8.3119324075666128e-04
-7.4180519230045345e-04
-4.1224507198362370e-04
-3.7735043867342407e-04
-3.9125615951246062e-04
-3.8573006758347905e-04
-3.7949581879107730e-04
-3.7321638788087775e-04
-3.6697042993238130e-04
-3.6070325518121484e-04
-3.5407991301165519e-04
-3.4563067421508354e-04
-3.2901313366779928e-04
-2.9339277529665263e-04
-2.4865683087440962e-04
-2.1384344315425309e-04
-1.9217454673529146e-04
-1.8089470675864823e-04
-1.7617314150966627e-04
-1.7504569502078859e-04
-1.7544725760190594e-04
-1.7663625037957491e-04
-1.7798656272511424e-04
-1.7934483997471105e-04
-1.8064601479922943e-04
-1.8175437329371873e-04
-1.8275147643455106e-04
-1.8361252531603074e-04
-1.8431145350066805e-04
-1.8491196167829888e-04
-1.8541221699957167e-04
-1.8578802267840201e-04
-1.8608269181435278e-04
-1.8629597012680089e-04
-1.8642111100704054e-04
-1.8647635481625245e-04
-1.8645938737379104e-04
-1.8636904250975511e-04
-1.8621927346841087e-04
-1.8600977157883790e-04
-1.8574291331075962e-04
-1.8541438684140167e-04
-1.8503867228497105e-04
-1.8461679723386789e-04
-1.8413880229736323e-04
-1.8361794777625997e-04
-1.8305654360413614e-04
-1.8245206684194856e-04
-1.8180188356690304e-04
-1.8111635314344268e-04
-1.8039721363746782e-04
-1.7963154236795001e-04
-1.7884784340767342e-04
-1.7803281525975899e-04
-1.7718005777583959e-04
-1.7629779463356745e-04
-1.7539493297138133e-04
-1.7446746062046455e-04
-1.7350963482870135e-04
-1.7252624905138959e-04
-1.7152535277758737e-04
-1.7050205532652296e-04
-1.6944604538346279e-04
-1.6838188620510331e-04
-1.6730409766453299e-04
-1.6619689839088685e-04
-1.6507029754328555e-04
-1.6393031516935577e-04
-1.6277096312350116e-04
-1.6158747725010999e-04
-1.6038324747667370e-04
-1.5916740454541051e-04
-1.5793246979593751e-04
-1.5667553036853159e-04
-1.5539352882901975e-04
-1.5409281818647098e-04
-1.5277252684131108e-04
-1.5142538658500414e-04
-1.5004910585206669e-04
-1.4864098095305854e-04
-1.4721213564455125e-04
-1.4575232336998234e-04
-1.4425351085592289e-04
-1.4271611723882510e-04
-1.4114093573536533e-04
-1.3951860333457543e-04
-1.3784645311789694e-04
-1.3612080507556342e-04
-1.3433000069376031e-04
-1.3247818656306692e-04
0.0000000000000000e+00
5.7920210265857552e-01
3.5523920163810291e-01
4.3535534965743054e+01
];
