%Vec Object:sol 1 MPI processes
%  type: mpi
sol = [
0.0000000000000000e+00
-4.2567767266364300e-04
-4.2173578615583928e-04
-4.1781156567689831e-04
-4.1399355378901072e-04
-4.1032783712419520e-04
-4.0668593228788594e-04
-4.0315265538145765e-04
-3.9967023253479494e-04
-3.9627303108045640e-04
-3.9300284773615600e-04
-3.8973531621970824e-04
-3.8654533017796680e-04
-3.8342758875383663e-04
-3.8036806314840975e-04
-3.7741218000164790e-04
-3.7444821736373909e-04
-3.7155560748432340e-04
-3.6874346244713992e-04
-3.6596136230517397e-04
-3.6325476041217016e-04
-3.6056171392988284e-04
-3.5791752654461425e-04
-3.5535052248427686e-04
-3.5281704438388953e-04
-3.5031403874144962e-04
-3.4786208047745949e-04
-3.4543190538076390e-04
-3.4306639501670603e-04
-3.4075731381663876e-04
-3.3843310811057850e-04
-3.3616694409468919e-04
-3.3394801765991540e-04
-3.3175890180313307e-04
-3.2961753756201550e-04
-3.2748446374203290e-04
-3.2538326059665217e-04
-3.2333356789476434e-04
-3.2132153135602782e-04
-3.1932573119046605e-04
-3.1735481081071100e-04
-3.1542080341173976e-04
-3.1351594866242140e-04
-3.1165589238047635e-04
-3.0981424151486518e-04
-3.0798199583113969e-04
-3.0619246569841239e-04
-3.0444181053516087e-04
-3.0271313579366752e-04
-3.0100476984669199e-04
-2.9932259172291928e-04
-2.9766314794415333e-04
-2.9604003279657467e-04
-2.9445436930309753e-04
-2.9287673056597503e-04
-2.9131757636261912e-04
-2.8979493949035846e-04
-2.8830535759268098e-04
-2.8683912556261895e-04
-2.8539074991949787e-04
-2.8396521628334552e-04
-2.8256522571175764e-04
-2.8119558486346976e-04
-2.7985970276776296e-04
-2.7854190309262004e-04
-2.7723370781237316e-04
-2.7595900158245481e-04
-2.7471718100127837e-04
-2.7350380817801607e-04
-2.7230707025369442e-04
-2.7112669492286432e-04
-2.6997867043749511e-04
-2.6885766602183247e-04
-2.6776498905605270e-04
-2.6669918779706096e-04
-2.6564551711886770e-04
-2.6461907759749734e-04
-2.6362152299641220e-04
-2.6265578371424735e-04
-2.6172168370311048e-04
-2.6079242405944536e-04
-2.5989150779718863e-04
-2.5902255545144474e-04
-2.5818540477929170e-04
-2.5737903007312305e-04
-2.5658228112520232e-04
-2.5581233800392271e-04
-2.5507460416113637e-04
-2.5436901283802459e-04
-2.5369239866782306e-04
-2.5303521979149423e-04
-2.5239997794570428e-04
-2.5179753714881648e-04
-2.5122791488425914e-04
-2.5068756896552512e-04
-2.5017448055531633e-04
-2.4967901421752710e-04
-2.4921728077056130e-04
-2.4878939017424379e-04
0.0000000000000000e+00
5.4241652739748669e-01
3.6295485309822773e-01
7.2925365311217348e+01
];
