%Vec Object:sol 1 MPI processes
%  type: mpi
sol = [
0.0000000000000000e+00
-3.3405640953380861e-04
-3.3189509823380002e-04
-3.2977677857111382e-04
-3.2771664476372481e-04
-3.2575004294298801e-04
-3.2376210694792286e-04
-3.2183452933581342e-04
-3.1994323934549616e-04
-3.1809893413616317e-04
-3.1633400302593837e-04
-3.1456690058962648e-04
-3.1287526230639612e-04
-3.1120186295145876e-04
-3.0952786515194214e-04
-3.0791923301358058e-04
-3.0632306607095936e-04
-3.0477693751338104e-04
-3.0327906223143154e-04
-3.0179102470745015e-04
-3.0033896844190722e-04
-2.9888659934894189e-04
-2.9745987998435716e-04
-2.9608141820319398e-04
-2.9471751916986948e-04
-2.9338822001619906e-04
-2.9210152144767460e-04
-2.9080585949607776e-04
-2.8952124958109179e-04
-2.8827100389936379e-04
-2.8703024528189779e-04
-2.8582724201363456e-04
-2.8465120862276627e-04
-2.8348841562032882e-04
-2.8234993744173393e-04
-2.8120389260036016e-04
-2.8007338817664647e-04
-2.7897457294209283e-04
-2.7789645399365416e-04
-2.7683354731456529e-04
-2.7579960790788952e-04
-2.7478034299006118e-04
-2.7374284687837092e-04
-2.7273276566802299e-04
-2.7174366433333359e-04
-2.7076631936033134e-04
-2.6981435091236384e-04
-2.6888474530282087e-04
-2.6796260468992347e-04
-2.6703043236273705e-04
-2.6612144192378226e-04
-2.6522172089364117e-04
-2.6434276093163366e-04
-2.6348562121591306e-04
-2.6264181920049274e-04
-2.6181323728643069e-04
-2.6097537836988462e-04
-2.6015308320487436e-04
-2.5934095496743580e-04
-2.5854900999989881e-04
-2.5777655864659690e-04
-2.5701563432458334e-04
-2.5627039396380847e-04
-2.5551885090697925e-04
-2.5477921543253391e-04
-2.5404928576568472e-04
-2.5333787482502619e-04
-2.5264449582454500e-04
-2.5196531711005132e-04
-2.5129857611055570e-04
-2.5062822776028326e-04
-2.4996743497921950e-04
-2.4931963002279784e-04
-2.4868594312719180e-04
-2.4806950140628830e-04
-2.4747001439908274e-04
-2.4688320045335627e-04
-2.4629222829911746e-04
-2.4570899160007617e-04
-2.4514272727699232e-04
-2.4459046195683014e-04
-2.4405191619810467e-04
-2.4353022921431774e-04
-2.4302524787684596e-04
-2.4251940006155112e-04
-2.4201636648960248e-04
-2.4153050981060012e-04
-2.4106173488896350e-04
-2.4060997499944151e-04
-2.4017238458814093e-04
-2.3975025453950270e-04
-2.3932903656501042e-04
-2.3891639646937056e-04
-2.3852138265939519e-04
-2.3814079356640621e-04
-2.3777749410548786e-04
-2.3743221108241371e-04
-2.3710504777709124e-04
-2.3677864894367653e-04
0.0000000000000000e+00
4.6432184668134580e-01
3.6295485309822773e-01
7.2925365311217348e+01
];
