%Vec Object:sol 1 MPI processes
%  type: mpi
sol = [
0.0000000000000000e+00
-3.7024012397519424e-04
-3.6762448493704483e-04
-3.6506395229658853e-04
-3.6257557459022953e-04
-3.6017505974500686e-04
-3.5774291964750797e-04
-3.5542492056895377e-04
-3.5315308497864639e-04
-3.5093934537215149e-04
-3.4881996042939221e-04
-3.4666579736323280e-04
-3.4458290740244562e-04
-3.4254947921871808e-04
-3.4055393502234856e-04
-3.3863583545888035e-04
-3.3673543818550086e-04
-3.3484978288072609e-04
-3.3301610653027787e-04
-3.3119806793758736e-04
-3.2944520847952942e-04
-3.2772755709268111e-04
-3.2603958803208301e-04
-3.2436240241770953e-04
-3.2270539207338765e-04
-3.2109086699576934e-04
-3.1952759050367737e-04
-3.1797366697127550e-04
-3.1645902643455658e-04
-3.1494844694570756e-04
-3.1345162970253905e-04
-3.1200000780403795e-04
-3.1058140488891877e-04
-3.0918041935120897e-04
-3.0780760667359277e-04
-3.0643312167367125e-04
-3.0507852488680033e-04
-3.0376168464541251e-04
-3.0247026257093000e-04
-3.0119808431609656e-04
-2.9994494131046378e-04
-2.9869232990893413e-04
-2.9745779067369020e-04
-2.9625569919003908e-04
-2.9507882518206205e-04
-2.9391687318269078e-04
-2.9276746779834686e-04
-2.9162530008262341e-04
-2.9049492470258536e-04
-2.8939311990567890e-04
-2.8831856214576557e-04
-2.8725575628613711e-04
-2.8619855882145562e-04
-2.8515108175057851e-04
-2.8412039563228237e-04
-2.8310852653033649e-04
-2.8212134408803907e-04
-2.8115562657702567e-04
-2.8018242357953258e-04
-2.7921969244132383e-04
-2.7828015484369602e-04
-2.7735496775830345e-04
-2.7644865070063421e-04
-2.7556442472884661e-04
-2.7467993919960980e-04
-2.7379662795526047e-04
-2.7293508778670995e-04
-2.7209471940551895e-04
-2.7127125036596463e-04
-2.7046268440588810e-04
-2.6965304469255160e-04
-2.6885538094026178e-04
-2.6807308199986655e-04
-2.6730734417852264e-04
-2.6656154796182436e-04
-2.6583529892952173e-04
-2.6510148888655581e-04
-2.6437836127504114e-04
-2.6367492481796183e-04
-2.6299089213679814e-04
-2.6232296402898479e-04
-2.6167079863645442e-04
-2.6101409638203176e-04
-2.6037307826003598e-04
-2.5975042991328596e-04
-2.5914215925314704e-04
-2.5855320687266425e-04
-2.5798370053531572e-04
-2.5740753694473897e-04
-2.5684694090666088e-04
-2.5630405834381698e-04
-2.5578076156209311e-04
-2.5527700096162178e-04
-2.5479072802953463e-04
-2.5429726909364944e-04
-2.5382327960197848e-04
-2.5336950143077617e-04
-2.5293597607401353e-04
-2.5252275904617903e-04
0.0000000000000000e+00
4.9450111942828906e-01
3.6295485309822773e-01
7.2925365311217348e+01
];
