%Vec Object:sol 1 MPI processes
%  type: mpi
sol = [
0.0000000000000000e+00
-4.0424314562761080e-03
-4.0110259981504777e-03
-3.9803045294099270e-03
-3.9504551592063194e-03
-3.9216547007860396e-03
-3.8925864167184930e-03
-3.8648477721742749e-03
-3.8376781645071269e-03
-3.8112084635614630e-03
-3.7855198593780620e-03
-3.7596302070221719e-03
-3.7347977112568197e-03
-3.7105587858679190e-03
-3.6867836730810730e-03
-3.6635675997093217e-03
-3.6403790220298437e-03
-3.6179064892226018e-03
-3.5961224286069357e-03
-3.5745474299863915e-03
-3.5533897029838687e-03
-3.5324785349123062e-03
-3.5119629459151526e-03
-3.4921181688254703e-03
-3.4725256746164388e-03
-3.4531145652132926e-03
-3.4341311642498572e-03
-3.4152904219699591e-03
-3.3970098152788014e-03
-3.3792115916408483e-03
-3.3613084102268147e-03
-3.3437558253921118e-03
-3.3265995584608223e-03
-3.3096701397772417e-03
-3.2932184221576423e-03
-3.2768627080094885e-03
-3.2605591679958539e-03
-3.2446987118211201e-03
-3.2291456379090915e-03
-3.2138319197851494e-03
-3.1987345921225844e-03
-3.1837165602132222e-03
-3.1689229581700336e-03
-3.1545094492665677e-03
-3.1403965769217319e-03
-3.1263376058478470e-03
-3.1123854043637561e-03
-3.0987549214935447e-03
-3.0852769771298684e-03
-3.0721330592147701e-03
-3.0592294567292392e-03
-3.0461962891563440e-03
-3.0334586368705643e-03
-3.0210276142387136e-03
-3.0088004561744409e-03
-2.9967764717287113e-03
-2.9847218332670865e-03
-2.9729280046295538e-03
-2.9612959455155661e-03
-2.9499439180982931e-03
-2.9388625625376241e-03
-2.9276635872046083e-03
-2.9166610204226424e-03
-2.9059231808392059e-03
-2.8954314979564165e-03
-2.8850897116895315e-03
-2.8747787650624966e-03
-2.8646313794697103e-03
-2.8546908881585315e-03
-2.8449354937532543e-03
-2.8354240852478210e-03
-2.8259957426843567e-03
-2.8166130028480685e-03
-2.8074318851347970e-03
-2.7984882887779989e-03
-2.7897778802660604e-03
-2.7811572907156215e-03
-2.7725461189592347e-03
-2.7641685209272302e-03
-2.7560210936355173e-03
-2.7480682456745868e-03
-2.7402728647768718e-03
-2.7324664201697092e-03
-2.7248892944763399e-03
-2.7175298819297222e-03
-2.7103453466169234e-03
-2.7033882128691790e-03
-2.6964152941894165e-03
-2.6896497065218863e-03
-2.6830789826055861e-03
-2.6767174776201890e-03
-2.6705849221813063e-03
-2.6644972900203736e-03
-2.6585703379910400e-03
-2.6528373816761025e-03
-2.6473309658070813e-03
-2.6420587188006948e-03
-2.6368890453207995e-03
-2.6318426800051526e-03
0.0000000000000000e+00
5.2090791423921823e-01
3.6295486983223779e-01
7.2925299968229737e+01
];
