%Vec Object:sol 1 MPI processes
%  type: mpi
sol = [
0.0000000000000000e+00
-3.8612765689007692e-03
-3.8331314111172249e-03
-3.8052920960561145e-03
-3.7778960931211156e-03
-3.7517170599821355e-03
-3.7256251434211103e-03
-3.7007547836565100e-03
-3.6762827923738023e-03
-3.6519516465116360e-03
-3.6286459751146811e-03
-3.6053947857186295e-03
-3.5831155687514951e-03
-3.5613708323162722e-03
-3.5395706337749844e-03
-3.5185224611750227e-03
-3.4976877343030877e-03
-3.4775077399580752e-03
-3.4579577027172713e-03
-3.4383424521373159e-03
-3.4191524437406067e-03
-3.4003546623396197e-03
-3.3819116091655314e-03
-3.3640861528490087e-03
-3.3464564599725308e-03
-3.3288244404490862e-03
-3.3117488220703751e-03
-3.2947903187090510e-03
-3.2783474812690862e-03
-3.2623469567728274e-03
-3.2462230204019140e-03
-3.2304080993265155e-03
-3.2149548805932653e-03
-3.1997018469274510e-03
-3.1848891862127711e-03
-3.1703213821728565e-03
-3.1556034347781903e-03
-3.1412940764359593e-03
-3.1272638789226308e-03
-3.1134479674969915e-03
-3.1000044592348493e-03
-3.0865680257946598e-03
-3.0731892932956430e-03
-3.0601609451269924e-03
-3.0474070930736731e-03
-3.0348200270640608e-03
-3.0225037436376508e-03
-3.0101534600546365e-03
-2.9979363199939325e-03
-2.9860268288221517e-03
-2.9744107968317415e-03
-2.9629265143062372e-03
-2.9514857436362648e-03
-2.9401891441587940e-03
-2.9290758671090744e-03
-2.9181667472563378e-03
-2.9075225714296259e-03
-2.8970804543666543e-03
-2.8864683734668496e-03
-2.8761135085526111e-03
-2.8660069187206902e-03
-2.8560564157110342e-03
-2.8463087782517396e-03
-2.8366217731502353e-03
-2.8270127558443253e-03
-2.8175358166116857e-03
-2.8082909314906413e-03
-2.7992716595876808e-03
-2.7904318151813043e-03
-2.7814501652997166e-03
-2.7726915600228448e-03
-2.7641510548439326e-03
-2.7557748330037696e-03
-2.7475751711005638e-03
-2.7394522391446193e-03
-2.7313833532041747e-03
-2.7234781367163965e-03
-2.7157523464031844e-03
-2.7082346529774793e-03
-2.7009219053856412e-03
-2.6935222566263047e-03
-2.6862726232291618e-03
-2.6792299028973099e-03
-2.6723916800949206e-03
-2.6657468238589764e-03
-2.6591490536295131e-03
-2.6525934749377826e-03
-2.6462438963551914e-03
-2.6400988501454592e-03
-2.6341254791995947e-03
-2.6283378287019613e-03
-2.6225299472081511e-03
-2.6168971016880668e-03
-2.6114724208917846e-03
-2.6062191650384307e-03
-2.6011690920015600e-03
-2.5962372094761820e-03
-2.5913611326722334e-03
-2.5867005075621962e-03
0.0000000000000000e+00
5.0701320652493753e-01
3.6295486983223779e-01
7.2925299968229737e+01
];
