%Vec Object:sol 1 MPI processes
%  type: mpi
sol = [
0.0000000000000000e+00
-3.4681258920014478e-03
-3.4449947677590680e-03
-3.4223333169127092e-03
-3.4002999939719311e-03
-3.3792003017910593e-03
-3.3575983193493276e-03
-3.3370178867305387e-03
-3.3168327625299220e-03
-3.2971542754858941e-03
-3.2783198832992359e-03
-3.2594770113055552e-03
-3.2411047859398573e-03
-3.2229633790640025e-03
-3.2051480326378318e-03
-3.1880269425406506e-03
-3.1710474765652410e-03
-3.1546012927514016e-03
-3.1386270444807990e-03
-3.1223226223138310e-03
-3.1066041069531102e-03
-3.0911940694595807e-03
-3.0760604847448873e-03
-3.0614384739239033e-03
-3.0469765550030399e-03
-3.0326550615055133e-03
-3.0185680276850896e-03
-3.0045533402883436e-03
-2.9909667961225813e-03
-2.9777446811141989e-03
-2.9646278437680416e-03
-2.9519101886810403e-03
-2.9391050380841743e-03
-2.9264070283031175e-03
-2.9140774194457179e-03
-2.9019945414037948e-03
-2.8900782256522099e-03
-2.8784961115997832e-03
-2.8670321376516599e-03
-2.8554445948143973e-03
-2.8441706074565968e-03
-2.8331146520978782e-03
-2.8222118109692052e-03
-2.8115971909145237e-03
-2.8012037689317155e-03
-2.7907115868735042e-03
-2.7803494772695235e-03
-2.7702298989258178e-03
-2.7602076707870008e-03
-2.7504405018676033e-03
-2.7409165482545029e-03
-2.7314909086966514e-03
-2.7219538735099003e-03
-2.7126371475171911e-03
-2.7034672408067124e-03
-2.6944635192837096e-03
-2.6856814910687929e-03
-2.6770913191931705e-03
-2.6685092538067390e-03
-2.6599150373614417e-03
-2.6515299771231369e-03
-2.6432712967490806e-03
-2.6351817814689203e-03
-2.6272920549598533e-03
-2.6195866969401607e-03
-2.6117817725084067e-03
-2.6040676320010394e-03
-2.5965459988327622e-03
-2.5891769635230737e-03
-2.5819419551362200e-03
-2.5748932391870885e-03
-2.5680216155379693e-03
-2.5610002223215847e-03
-2.5541296855541534e-03
-2.5474421415181687e-03
-2.5409343643696060e-03
-2.5345619581767028e-03
-2.5283397241638358e-03
-2.5221835692632233e-03
-2.5160388278664516e-03
-2.5100424671899925e-03
-2.5041914330851869e-03
-2.4985179906343584e-03
-2.4930204461253245e-03
-2.4876891474130921e-03
-2.4822729951958313e-03
-2.4769859212286347e-03
-2.4718779533323704e-03
-2.4669482262658637e-03
-2.4621671844733007e-03
-2.4575480660454356e-03
-2.4530450772084914e-03
-2.4485339133320646e-03
-2.4442065330504610e-03
-2.4400297519476402e-03
-2.4360330024663346e-03
-2.4322236341479315e-03
-2.4286023604019064e-03
-2.4249890503149477e-03
0.0000000000000000e+00
4.7522932766631604e-01
3.6295486983223779e-01
7.2925299968229737e+01
];
