%Vec Object:sol 1 MPI processes
%  type: mpi
sol = [
0.0000000000000000e+00
-3.6900744142002498e-03
-3.6640219762667891e-03
-3.6385177232832462e-03
-3.6137314554758959e-03
-3.5900579348713173e-03
-3.5659600679313879e-03
-3.5428633654220002e-03
-3.5202261171795304e-03
-3.4981671864030926e-03
-3.4770477763071857e-03
-3.4559472336058777e-03
-3.4351868882861840e-03
-3.4149183253570879e-03
-3.3950270194105740e-03
-3.3759070809903481e-03
-3.3569637917835880e-03
-3.3385262463566760e-03
-3.3202427587673386e-03
-3.3021150947115923e-03
-3.2846368190861700e-03
-3.2675093592103512e-03
-3.2506977515694992e-03
-3.2343050716175771e-03
-3.2177765361113830e-03
-3.2016714752678820e-03
-3.1860772218736170e-03
-3.1705763467938892e-03
-3.1555488660808878e-03
-3.1407429526062441e-03
-3.1258064415277008e-03
-3.1113205854317468e-03
-3.0971640573788607e-03
-3.0831833831746164e-03
-3.0696081268327367e-03
-3.0561052572875120e-03
-3.0425827142717874e-03
-3.0294368311325976e-03
-3.0165446467741663e-03
-3.0038446241670348e-03
-2.9914881908435016e-03
-2.9791610335931961e-03
-2.9668324058350535e-03
-2.9548276281313145e-03
-2.9430746338596110e-03
-2.9314708041689504e-03
-2.9201659123579767e-03
-2.9089107510317219e-03
-2.8976182695511100e-03
-2.8866110630828465e-03
-2.8758759313402371e-03
-2.8652584184797360e-03
-2.8548846443955068e-03
-2.8445513196968344e-03
-2.8342508856110202e-03
-2.8241385493500935e-03
-2.8142728112901410e-03
-2.8046215514318249e-03
-2.7950937665696535e-03
-2.7855875132697721e-03
-2.7761943997561588e-03
-2.7669448884272176e-03
-2.7578840216017754e-03
-2.7490438838581295e-03
-2.7404077470429859e-03
-2.7316778591874565e-03
-2.7230612888289787e-03
-2.7146563518007597e-03
-2.7064204432024996e-03
-2.6983336239759384e-03
-2.6904509101213100e-03
-2.6825602346582933e-03
-2.6747328699847491e-03
-2.6670711850417016e-03
-2.6596088763876403e-03
-2.6523422295603896e-03
-2.6452240228142247e-03
-2.6380612096896855e-03
-2.6310195633604478e-03
-2.6241719138515814e-03
-2.6174853355641846e-03
-2.6109563695215815e-03
-2.6046188448462910e-03
-2.5982575972812835e-03
-2.5920212129351685e-03
-2.5859287333858841e-03
-2.5800294250440106e-03
-2.5743218270869346e-03
-2.5688047937768013e-03
-2.5632243066518144e-03
-2.5577826006663758e-03
-2.5525368962427547e-03
-2.5474867225435309e-03
-2.5426317586645449e-03
-2.5379367864432228e-03
-2.5331943963164535e-03
-2.5286409186522532e-03
-2.5242901933704366e-03
-2.5201427643959050e-03
0.0000000000000000e+00
4.9352541108164316e-01
3.6295486983223779e-01
7.2925299968229737e+01
];
