%Vec Object:sol 1 MPI processes
%  type: mpi
sol = [
0.0000000000000000e+00
-1.4372740561552111e-02
-3.0870124008887802e-03
-4.1288132051846144e-03
-4.0882498845987887e-03
-4.0490225196595031e-03
-4.0098715695673776e-03
-3.9720196970745225e-03
-3.9342638454470183e-03
-3.8972656369465957e-03
-3.8614592302546359e-03
-3.8257716668843177e-03
-3.7908058817492456e-03
-3.7564265925856188e-03
-3.7226051813714525e-03
-3.6898013366225757e-03
-3.6571332896937160e-03
-3.6250036449270409e-03
-3.5936808791201614e-03
-3.5626717798171881e-03
-3.5325391290984653e-03
-3.5025393866915757e-03
-3.4730043743455247e-03
-3.4442583230544286e-03
-3.4158738126629840e-03
-3.3879696303150161e-03
-3.3604927447426851e-03
-3.3332642634558629e-03
-3.3067030612473256e-03
-3.2807282830557430e-03
-3.2547921818194283e-03
-3.2293437466836316e-03
-3.2043888498306805e-03
-3.1797572015531289e-03
-3.1556949037583135e-03
-3.1317580338412155e-03
-3.1081088000328126e-03
-3.0849875225839795e-03
-3.0622591523318710e-03
-3.0398558524686150e-03
-3.0176179413880537e-03
-2.9957564679373022e-03
-2.9742010288380805e-03
-2.9531003940782554e-03
-2.9323716591620123e-03
-2.9116188162501637e-03
-2.8912976098950782e-03
-2.8713706243407950e-03
-2.8516763725515981e-03
-2.8323870913872112e-03
-2.8132247415343248e-03
-2.7942881027159497e-03
-2.7757199306423300e-03
-2.7575309941212846e-03
-2.7396256087660743e-03
-2.7218222931664196e-03
-2.7043351427356943e-03
-2.6871879195837648e-03
-2.6702904159056108e-03
-2.6537538344158164e-03
-2.6374457295424759e-03
-2.6212965166565274e-03
-2.6054687903085474e-03
-2.5899962936153059e-03
-2.5748646767729606e-03
-2.5599525303797838e-03
-2.5452097723707738e-03
-2.5308231677159654e-03
-2.5167541436835602e-03
-2.5029866927224402e-03
-2.4895775751864581e-03
-2.4763776718070324e-03
-2.4634327361756805e-03
-2.4508197925698261e-03
-2.4385751421207276e-03
-2.4266993193126263e-03
-2.4151184621557971e-03
-2.4037234446580760e-03
-2.3927109827039691e-03
-2.3820829968218670e-03
-2.3718131249785214e-03
-2.3619032462745032e-03
-2.3522882919744695e-03
-2.3429931664044881e-03
-2.3340981907258866e-03
-2.3255720305448667e-03
-2.3174672725388185e-03
-2.3097891902581322e-03
-2.3023887496917842e-03
-2.2953795051855017e-03
-2.2888046631545484e-03
-2.2826898486030104e-03
-2.2770433924295974e-03
-2.2718467081442872e-03
-2.2669623040965682e-03
-2.2625743331565174e-03
-2.2586994456964323e-03
-2.2553485145518893e-03
-2.2525329943546626e-03
0.0000000000000000e+00
5.5325476605114721e-01
3.6254185678980844e-01
7.0644240513273672e+01
];
