%Vec Object:sol 1 MPI processes
%  type: mpi
sol = [
0.0000000000000000e+00
-1.5171070285894227e-03
-1.3468853246786201e-03
-1.1456735855238170e-03
-3.9961900925854286e-04
-3.9577643022891811e-04
-3.9178073974735738e-04
-3.8793593394212107e-04
-3.8416002193765111e-04
-3.8042339478292750e-04
-3.7680167060495315e-04
-3.7319493639468540e-04
-3.6970292456004345e-04
-3.6625189568420649e-04
-3.6283091375410170e-04
-3.5950646989281199e-04
-3.5620956681323699e-04
-3.5298204961992205e-04
-3.4978801667121196e-04
-3.4661675861060370e-04
-3.4352294020780741e-04
-3.4047226279101088e-04
-3.3743624668587121e-04
-3.3445161252931594e-04
-3.3149167034320624e-04
-3.2858041154717392e-04
-3.2572666856847535e-04
-3.2284890741033647e-04
-3.2002462658792388e-04
-3.1724598944798011e-04
-3.1448273215819089e-04
-3.1175908115855258e-04
-3.0904711541430920e-04
-3.0635495867928358e-04
-3.0370660824803738e-04
-3.0108798722821455e-04
-2.9847696856659682e-04
-2.9588809028195515e-04
-2.9332616786209315e-04
-2.9078474473054935e-04
-2.8827927069621800e-04
-2.8578670080211074e-04
-2.8329766967014893e-04
-2.8084230715663580e-04
-2.7841328834674072e-04
-2.7600037382553567e-04
-2.7361033236692416e-04
-2.7123153368959542e-04
-2.6886618620562534e-04
-2.6653091483823345e-04
-2.6422456319689561e-04
-2.6193125135725708e-04
-2.5964294080893508e-04
-2.5738329429088102e-04
-2.5514357882508080e-04
-2.5292610334669020e-04
-2.5073678303702936e-04
-2.4856067811072425e-04
-2.4639412061901178e-04
-2.4425646921942296e-04
-2.4214747647682239e-04
-2.4005960655583357e-04
-2.3799762058129170e-04
-2.3594738884522663e-04
-2.3392542535389813e-04
-2.3192557467526130e-04
-2.2995732660322326e-04
-2.2802106886640584e-04
-2.2611247870008266e-04
-2.2421750268467297e-04
-2.2235786126274191e-04
-2.2053454291452216e-04
-2.1874469433309145e-04
-2.1699113586347470e-04
-2.1527836228828160e-04
-2.1359373601205028e-04
-2.1195082254562070e-04
-2.1035348025999300e-04
-2.0880665895468072e-04
-2.0731276986369064e-04
-2.0587204529766683e-04
-2.0447716138305089e-04
-2.0314017193512974e-04
-2.0186720822707734e-04
-2.0066018165795302e-04
-1.9951834397714888e-04
-1.9844808356699658e-04
-1.9744836714835664e-04
-1.9651310292095135e-04
-1.9565153186015767e-04
-1.9486555431886738e-04
-1.9415698533610222e-04
-1.9352629608679944e-04
-1.9297355740672588e-04
-1.9248937493252443e-04
-1.9208001441717402e-04
-1.9174937891197708e-04
-1.9149698080833389e-04
-1.9132314405414098e-04
0.0000000000000000e+00
5.5786212404896751e-01
3.6217321838293987e-01
6.8698328253056204e+01
];
