%Vec Object:sol 1 MPI processes
%  type: mpi
sol = [
0.0000000000000000e+00
-1.5892401866448750e-02
-1.4238197135011255e-02
-1.2518744108370684e-02
-1.0759560872471527e-02
-3.9311612636028521e-03
-3.9037866740297220e-03
-3.8640772918108004e-03
-3.8248745171151383e-03
-3.7861839234952501e-03
-3.7487224659103033e-03
-3.7113992028108482e-03
-3.6751482846319725e-03
-3.6391546347153739e-03
-3.6036683956571277e-03
-3.5691261626878664e-03
-3.5348342288342239e-03
-3.5009241430583055e-03
-3.4676251357721529e-03
-3.4345204568294952e-03
-3.4021534562567596e-03
-3.3700374570014933e-03
-3.3380352993766182e-03
-3.3066581240038632e-03
-3.2754809533936131e-03
-3.2447401353616341e-03
-3.2142379515646773e-03
-3.1837450080628824e-03
-3.1537300285657791e-03
-3.1241104526518880e-03
-3.0945401604111676e-03
-3.0651206356614733e-03
-3.0359974214873957e-03
-3.0070042470845939e-03
-2.9783761975886330e-03
-2.9498801321371781e-03
-2.9213239382422942e-03
-2.8930882426794723e-03
-2.8650428777896690e-03
-2.8371224202765285e-03
-2.8093872062631780e-03
-2.7816544026936698e-03
-2.7540282384278898e-03
-2.7266486993945249e-03
-2.6994421837040891e-03
-2.6722622490065605e-03
-2.6451119614224606e-03
-2.6181512320630298e-03
-2.5912303935154432e-03
-2.5645084155861979e-03
-2.5379712522716311e-03
-2.5112982111019978e-03
-2.4847529883573545e-03
-2.4583795813157613e-03
-2.4320893695112420e-03
-2.4058995034604851e-03
-2.3798172815927623e-03
-2.3537183246470418e-03
-2.3276658960471020e-03
-2.3017581723370623e-03
-2.2759905398690920e-03
-2.2502930712867491e-03
-2.2246588889817086e-03
-2.1990905155776308e-03
-2.1737043369696478e-03
-2.1484585824215275e-03
-2.1234736563669485e-03
-2.0987887940231852e-03
-2.0744046545012143e-03
-2.0502617296506930e-03
-2.0265745264348642e-03
-2.0033747341512646e-03
-1.9806693292703874e-03
-1.9584928584625277e-03
-1.9368723434768566e-03
-1.9157537769178092e-03
-1.8951223546356674e-03
-1.8750489325932167e-03
-1.8555428246431567e-03
-1.8365889849950260e-03
-1.8181918216120859e-03
-1.8003516883342617e-03
-1.7830594342023688e-03
-1.7663079243146599e-03
-1.7501760595140710e-03
-1.7346580342261118e-03
-1.7197958290247285e-03
-1.7055879971268140e-03
-1.6920019147568716e-03
-1.6790642697637644e-03
-1.6666937660086152e-03
-1.6549353282858004e-03
-1.6437870605233616e-03
-1.6332413510114759e-03
-1.6232601371345349e-03
-1.6138750331836894e-03
-1.6050497369005012e-03
-1.5967491721009469e-03
-1.5889607246101119e-03
0.0000000000000000e+00
5.6194990682980916e-01
3.6174088363999107e-01
6.6518141166114219e+01
];
