%Vec Object:sol 1 MPI processes
%  type: mpi
sol = [
0.0000000000000000e+00
-3.5702335574418632e-04
-3.5457374585358067e-04
-3.5217473763222127e-04
-3.4984269364460660e-04
-3.4761566158300828e-04
-3.4536459808594949e-04
-3.4318842666232371e-04
-3.4105477239863190e-04
-3.3897511145505567e-04
-3.3698427405430217e-04
-3.3499398295244368e-04
-3.3307146857521422e-04
-3.3115695524043925e-04
-3.2927744751348953e-04
-3.2747095048890119e-04
-3.2568027520223726e-04
-3.2394586851756772e-04
-3.2226030743466707e-04
-3.2054341241313436e-04
-3.1888807537705949e-04
-3.1726558366029903e-04
-3.1567259845641135e-04
-3.1413335306272627e-04
-3.1261149523404785e-04
-3.1108856721270568e-04
-3.0960793004123754e-04
-3.0813554727936274e-04
-3.0670810815920966e-04
-3.0531899786453060e-04
-3.0394145575719366e-04
-3.0258007259669330e-04
-3.0123235480209088e-04
-2.9990103333344000e-04
-2.9860830219440650e-04
-2.9734158806127650e-04
-2.9609260751930268e-04
-2.9486634503529289e-04
-2.9363581350245620e-04
-2.9242340830870536e-04
-2.9124378663402019e-04
-2.9008708531084987e-04
-2.8894660206332557e-04
-2.8783605352250086e-04
-2.8671176221717001e-04
-2.8560124291389269e-04
-2.8451932696822187e-04
-2.8346272970904146e-04
-2.8241649128522129e-04
-2.8139682797031265e-04
-2.8037856864382665e-04
-2.7935991568285855e-04
-2.7836463649493940e-04
-2.7739380605174425e-04
-2.7643832597269062e-04
-2.7550017888490290e-04
-2.7457326314519364e-04
-2.7364513904371517e-04
-2.7272883493711426e-04
-2.7183498926174011e-04
-2.7096282771766473e-04
-2.7010383230527483e-04
-2.6926136551742928e-04
-2.6840934167201468e-04
-2.6757695155516518e-04
-2.6675566142182110e-04
-2.6595481407238269e-04
-2.6517385515998200e-04
-2.6440867780020756e-04
-2.6363604336991165e-04
-2.6287450871080272e-04
-2.6213232173926684e-04
-2.6140450319875796e-04
-2.6069222840220674e-04
-2.5999878934219984e-04
-2.5931227086495366e-04
-2.5862308929595044e-04
-2.5794985952082484e-04
-2.5729529135948726e-04
-2.5665912431371564e-04
-2.5603818027189685e-04
-2.5542895851984562e-04
-2.5481410363450220e-04
-2.5421774463463981e-04
-2.5363887178640965e-04
-2.5307363474218815e-04
-2.5252683751547140e-04
-2.5199833387942137e-04
-2.5146586868479411e-04
-2.5094507528829738e-04
-2.5044123591170072e-04
-2.4995618425156622e-04
-2.4948988949854593e-04
-2.4904233541124825e-04
-2.4859460312179858e-04
-2.4815589268325388e-04
-2.4773665618596838e-04
-2.4733694869433459e-04
-2.4695683861665897e-04
0.0000000000000000e+00
4.8376694408627485e-01
3.6295485309822773e-01
7.2925365311217348e+01
];
