%Vec Object:sol 1 MPI processes
%  type: mpi
sol = [
0.0000000000000000e+00
-3.3935710121645035e-04
-3.3715628457956203e-04
-3.3497310840326073e-04
-3.3281812900504723e-04
-3.3076013247890104e-04
-3.2870287477592444e-04
-3.2674364899787931e-04
-3.2482151948710214e-04
-3.2294737785913658e-04
-3.2111557945959518e-04
-3.1926783397403656e-04
-3.1749831945148375e-04
-3.1576976657260805e-04
-3.1407182908370433e-04
-3.1244047445369165e-04
-3.1082185318539107e-04
-3.0920857552411144e-04
-3.0764201902249290e-04
-3.0608662505583458e-04
-3.0458742632417089e-04
-3.0311739115372507e-04
-3.0167341991551579e-04
-3.0027451127397396e-04
-2.9884926485759404e-04
-2.9746020071831658e-04
-2.9611541469374929e-04
-2.9477689175106298e-04
-2.9347940718665448e-04
-2.9221677314743359e-04
-2.9095469972126103e-04
-2.8969822219228922e-04
-2.8846998615612900e-04
-2.8725601067357363e-04
-2.8607738126023771e-04
-2.8492223343583474e-04
-2.8378274970763224e-04
-2.8266296399567824e-04
-2.8153773866231745e-04
-2.8042866750566976e-04
-2.7934970305283375e-04
-2.7829152630374799e-04
-2.7724780437994633e-04
-2.7623177114281886e-04
-2.7522209832694754e-04
-2.7420289218292750e-04
-2.7321004670485116e-04
-2.7224047825977823e-04
-2.7127999329388673e-04
-2.7034403845147529e-04
-2.6943147181161245e-04
-2.6851143842595177e-04
-2.6759517996484725e-04
-2.6670155621075187e-04
-2.6582193486416580e-04
-2.6495822455718511e-04
-2.6411587610971146e-04
-2.6329198379143560e-04
-2.6245978707672561e-04
-2.6163450876326953e-04
-2.6082941804808082e-04
-2.6003641911588946e-04
-2.5925971389338215e-04
-2.5850231478611793e-04
-2.5776272307020894e-04
-2.5701257455736754e-04
-2.5627123868942491e-04
-2.5554853744003808e-04
-2.5484056974184050e-04
-2.5414552355498398e-04
-2.5346853111389491e-04
-2.5280920611189491e-04
-2.5214057797086592e-04
-2.5147993482414483e-04
-2.5083706175946778e-04
-2.5021165355885349e-04
-2.4959936759278540e-04
-2.4900166554810165e-04
-2.4842118240343239e-04
-2.4783282950803905e-04
-2.4725627448494140e-04
-2.4669385976781887e-04
-2.4614875420778955e-04
-2.4562079647156204e-04
-2.4510904482367296e-04
-2.4460806205125508e-04
-2.4409998144160687e-04
-2.4360938883463037e-04
-2.4313620567594472e-04
-2.4267753745899396e-04
-2.4223468918509208e-04
-2.4180944050208276e-04
-2.4139492125314229e-04
-2.4097992410090981e-04
-2.4057966588599537e-04
-2.4019704225564442e-04
-2.3983278151376325e-04
-2.3948696048778340e-04
-2.3915966832248217e-04
0.0000000000000000e+00
4.6886136544607693e-01
3.6295485309822773e-01
7.2925365311217348e+01
];
