%Vec Object:sol 1 MPI processes
%  type: mpi
sol = [
0.0000000000000000e+00
-4.2622174857655758e-04
-4.2227833990307389e-04
-4.1839740964267496e-04
-4.1457635069062302e-04
-4.1090823875702791e-04
-4.0726458352208575e-04
-4.0377324254384846e-04
-4.0029144117954211e-04
-3.9689335583140600e-04
-3.9362301374933246e-04
-3.9037117268787754e-04
-3.8720953447491459e-04
-3.8409263256200283e-04
-3.8103467752072430e-04
-3.7808112289617696e-04
-3.7516088081759630e-04
-3.7227117373408438e-04
-3.6946269684580776e-04
-3.6668498209190009e-04
-3.6399471235051497e-04
-3.6133440449554664e-04
-3.5869576357651297e-04
-3.5613504829401017e-04
-3.5360853739822303e-04
-3.5114138681710527e-04
-3.4870530952838474e-04
-3.4628312603639071e-04
-3.4392626511853264e-04
-3.4162648351058523e-04
-3.3934664670048182e-04
-3.3709017242114470e-04
-3.3488148773036367e-04
-3.3270310638860745e-04
-3.3058055352954091e-04
-3.2848394003379464e-04
-3.2639396668979133e-04
-3.2435594259071633e-04
-3.2235595303836250e-04
-3.2038701823031141e-04
-3.1844470877008687e-04
-3.1652285470184621e-04
-3.1463039700005988e-04
-3.1278298998809573e-04
-3.1097255777498247e-04
-3.0916347412975243e-04
-3.0738627383365664e-04
-3.0564807414284524e-04
-3.0393189887444906e-04
-3.0225590845086122e-04
-3.0059335756818810e-04
-2.9894570123758954e-04
-2.9733436047208649e-04
-2.9576043638056623e-04
-2.9421371601255354e-04
-2.9267201592785144e-04
-2.9116005406332727e-04
-2.8968101100478451e-04
-2.8822512008861041e-04
-2.8680410734492411e-04
-2.8539501951893402e-04
-2.8400403692628562e-04
-2.8264316422744334e-04
-2.8131580699869457e-04
-2.8002018642834479e-04
-2.7872822664655781e-04
-2.7746047536453440e-04
-2.7622530694753901e-04
-2.7501824790662782e-04
-2.7383723927602415e-04
-2.7267358401797506e-04
-2.7153015639637623e-04
-2.7041336050657289e-04
-2.6932449808409300e-04
-2.6826713738368270e-04
-2.6723111799333970e-04
-2.6620665322041906e-04
-2.6521064700470008e-04
-2.6424603467912794e-04
-2.6331256792549318e-04
-2.6240208023795188e-04
-2.6150035753293616e-04
-2.6063015167091192e-04
-2.5979129210111553e-04
-2.5898274043670646e-04
-2.5820034026776062e-04
-2.5742720666863486e-04
-2.5668535831349485e-04
-2.5597516641171891e-04
-2.5529343628405085e-04
-2.5464163222677246e-04
-2.5400516019289461e-04
-2.5339552232409111e-04
-2.5281817372122011e-04
-2.5226953892576329e-04
-2.5175283011975885e-04
-2.5125777538684025e-04
-2.5078555642379127e-04
-2.5034659136192290e-04
0.0000000000000000e+00
5.4108418273597814e-01
3.6295485309822773e-01
7.2925365311217348e+01
];
