%Vec Object:sol 1 MPI processes
%  type: mpi
sol = [
0.0000000000000000e+00
-3.4730530529028607e-03
-3.4498837121188898e-03
-3.4271850988050034e-03
-3.4051159415015354e-03
-3.3838233852806696e-03
-3.3621886668116340e-03
-3.3415774050291796e-03
-3.3213622823714158e-03
-3.3016548129510409e-03
-3.2827930016888327e-03
-3.2639228411146023e-03
-3.2453684646184798e-03
-3.2272030303180216e-03
-3.2093642837696967e-03
-3.1922210049075768e-03
-3.1752196569171491e-03
-3.1587525253094725e-03
-3.1426047756736302e-03
-3.1262815179471308e-03
-3.1105451015318551e-03
-3.0951176493071975e-03
-3.0799670792265783e-03
-3.0653288677740254e-03
-3.0508509731066043e-03
-3.0363634822743852e-03
-3.0222626416243088e-03
-3.0082341767796224e-03
-2.9946344184328443e-03
-2.9813995475752846e-03
-2.9682700159939482e-03
-2.9554381639513797e-03
-2.9425775616010205e-03
-2.9298699356296778e-03
-2.9175311079960966e-03
-2.9054392286480542e-03
-2.8935140130935109e-03
-2.8819233485388620e-03
-2.8703065893895528e-03
-2.8587117085744343e-03
-2.8474306708097872e-03
-2.8363678215971209e-03
-2.8254581588104824e-03
-2.8148369924728103e-03
-2.8044371670099977e-03
-2.7937981368176853e-03
-2.7834317529572376e-03
-2.7733080367604926e-03
-2.7632815798887592e-03
-2.7535102896820217e-03
-2.7439822957326652e-03
-2.7344286498220032e-03
-2.7248748501538535e-03
-2.7155562194053464e-03
-2.7063843190054675e-03
-2.6973785526469276e-03
-2.6885945244499395e-03
-2.6800023786516867e-03
-2.6712824577578447e-03
-2.6626870809062760e-03
-2.6543009233006283e-03
-2.6460411096862263e-03
-2.6379504905410930e-03
-2.6300597370674810e-03
-2.6223265988802257e-03
-2.6144156561520599e-03
-2.6067025774517516e-03
-2.5991820585121168e-03
-2.5918141446821855e-03
-2.5845802477569117e-03
-2.5775327071402079e-03
-2.5705316853248308e-03
-2.5635122397106372e-03
-2.5566436487581960e-03
-2.5499580939557774e-03
-2.5434523493281544e-03
-2.5370819656563449e-03
-2.5308617650627399e-03
-2.5245791926579281e-03
-2.5184372178579406e-03
-2.5124436048298499e-03
-2.5065952953000053e-03
-2.5009245932146413e-03
-2.4954298012942367e-03
-2.4900258913414437e-03
-2.4845631120052366e-03
-2.4792805729519246e-03
-2.4741771136610456e-03
-2.4692518660935857e-03
-2.4644752373805551e-03
-2.4598604806006733e-03
-2.4552373972040686e-03
-2.4507310773716723e-03
-2.4464084881474896e-03
-2.4422364076017722e-03
-2.4382443051141974e-03
-2.4344395413148051e-03
-2.4307643848724683e-03
-2.4270927495976748e-03
0.0000000000000000e+00
4.7563988580874073e-01
3.6295486983223779e-01
7.2925299968229737e+01
];
