%Vec Object:sol 1 MPI processes
%  type: mpi
sol = [
0.0000000000000000e+00
-3.9751425078662821e-03
-3.9452167631028054e-03
-3.9156863814334862e-03
-3.8865912778288498e-03
-3.8587785263388338e-03
-3.8310759081402182e-03
-3.8046582981882343e-03
-3.7785492152395631e-03
-3.7527369868471444e-03
-3.7280033015449181e-03
-3.7033421302304927e-03
-3.6797025293414591e-03
-3.6564465959956151e-03
-3.6332530531396536e-03
-3.6109434884859038e-03
-3.5888678374735054e-03
-3.5674818801313662e-03
-3.5466401834745526e-03
-3.5255852314594639e-03
-3.5052727351209539e-03
-3.4853763150015705e-03
-3.4658569276760885e-03
-3.4469418931116196e-03
-3.4278153514787431e-03
-3.4091789476625553e-03
-3.3911258385502410e-03
-3.3732025934326702e-03
-3.3558199755525675e-03
-3.3384759537673568e-03
-3.3212687783445282e-03
-3.3045743698009475e-03
-3.2882603915353036e-03
-3.2721602555029110e-03
-3.2562060891911104e-03
-3.2404591077225906e-03
-3.2249481369723810e-03
-3.2098645090415773e-03
-3.1950747827452809e-03
-3.1803058774381369e-03
-3.1657287297313587e-03
-3.1514396744349222e-03
-3.1373631584304391e-03
-3.1236527769481809e-03
-3.1101293921429623e-03
-3.0965010256702756e-03
-3.0832191434266199e-03
-3.0702462056660966e-03
-3.0574153914052949e-03
-3.0449045432938472e-03
-3.0323386111494794e-03
-3.0199199040496158e-03
-3.0077845784877602e-03
-2.9959436826460552e-03
-2.9842957877694361e-03
-2.9726110134448321e-03
-2.9611134904735216e-03
-2.9498652449366125e-03
-2.9387684373798615e-03
-2.9279399633217614e-03
-2.9172268651828496e-03
-2.9064966694032439e-03
-2.8959859209930698e-03
-2.8857284330196702e-03
-2.8757058750746383e-03
-2.8657798912035577e-03
-2.8558275782602383e-03
-2.8461172029036947e-03
-2.8366029292425030e-03
-2.8272631852546844e-03
-2.8181562604090633e-03
-2.8090276688416097e-03
-2.8000264845060049e-03
-2.7912161625904082e-03
-2.7826322487817458e-03
-2.7742704520133912e-03
-2.7659302926812007e-03
-2.7576447011460978e-03
-2.7495815812482193e-03
-2.7417375532634829e-03
-2.7340773417723115e-03
-2.7265382629046643e-03
-2.7190006189483640e-03
-2.7116811800801332e-03
-2.7045684343151325e-03
-2.6976199051681267e-03
-2.6908876422515921e-03
-2.6841294503062601e-03
-2.6775642690023030e-03
-2.6711831063317881e-03
-2.6650001863751183e-03
-2.6590350715784998e-03
-2.6531306827429256e-03
-2.6473465761143382e-03
-2.6417456695072361e-03
-2.6363602495824007e-03
-2.6311978951204336e-03
-2.6261773881041959e-03
-2.6212163513345582e-03
0.0000000000000000e+00
5.1577072104289301e-01
3.6295486983223779e-01
7.2925299968229737e+01
];
