%Vec Object:sol 1 MPI processes
%  type: mpi
sol = [
0.0000000000000000e+00
-3.7337705781762378e-03
-3.7073510904026981e-03
-3.6814899790283328e-03
-3.6557836418652997e-03
-3.6311726946304575e-03
-3.6066262320616246e-03
-3.5832338378154571e-03
-3.5603085973288096e-03
-3.5378040533481300e-03
-3.5158477154062788e-03
-3.4939283906019591e-03
-3.4729283247709611e-03
-3.4524280340115184e-03
-3.4323105794696863e-03
-3.4126520059271112e-03
-3.3929703190798259e-03
-3.3739066063400267e-03
-3.3554378040613225e-03
-3.3371267248589443e-03
-3.3194734784974750e-03
-3.3017403643960126e-03
-3.2842766310987493e-03
-3.2673986697654145e-03
-3.2507238440301423e-03
-3.2344773293162426e-03
-3.2186947631143159e-03
-3.2025987307525228e-03
-3.1869924994353594e-03
-3.1718057676675408e-03
-3.1567571651088004e-03
-3.1421638567667096e-03
-3.1277627408296655e-03
-3.1132507389080972e-03
-3.0991581233667251e-03
-3.0853524578056462e-03
-3.0717464897292222e-03
-3.0585204739621979e-03
-3.0453426710868163e-03
-3.0321655092243114e-03
-3.0193438413175003e-03
-3.0067738919171169e-03
-2.9943851310634262e-03
-2.9823225542100549e-03
-2.9702536250902668e-03
-2.9582188699843331e-03
-2.9464933312865534e-03
-2.9350422309566224e-03
-2.9237088401382681e-03
-2.9126623578063370e-03
-2.9015883502936501e-03
-2.8905801408606615e-03
-2.8798244005567891e-03
-2.8693320331264153e-03
-2.8590077518333306e-03
-2.8488722117939189e-03
-2.8386493489537422e-03
-2.8286440251998916e-03
-2.8187687991788586e-03
-2.8091343755014173e-03
-2.7997323500679946e-03
-2.7904317622898058e-03
-2.7810416687121210e-03
-2.7718793047302494e-03
-2.7629275901782185e-03
-2.7540965942631068e-03
-2.7454834999413331e-03
-2.7369986879049700e-03
-2.7284626546748504e-03
-2.7200812723302088e-03
-2.7119100091114834e-03
-2.7039440607272494e-03
-2.6961313830124573e-03
-2.6883616819219384e-03
-2.6806248710157517e-03
-2.6730891959754885e-03
-2.6657068226217623e-03
-2.6584932082554607e-03
-2.6514763803958223e-03
-2.6444934439726498e-03
-2.6375553931235565e-03
-2.6307795350066221e-03
-2.6241999401498484e-03
-2.6178144346226105e-03
-2.6116123701450094e-03
-2.6053553825196945e-03
-2.5992255343051489e-03
-2.5932918838426997e-03
-2.5875531684741741e-03
-2.5819775796869209e-03
-2.5765789147250773e-03
-2.5711375888908105e-03
-2.5658762340414029e-03
-2.5608140804566936e-03
-2.5559155099755693e-03
-2.5512115516201140e-03
-2.5466760274791803e-03
-2.5421290996204510e-03
-2.5377891476855755e-03
0.0000000000000000e+00
4.9698426938183676e-01
3.6295486983223779e-01
7.2925299968229737e+01
];
