%Vec Object:sol 1 MPI processes
%  type: mpi
sol = [
0.0000000000000000e+00
-3.0677934572936953e-10
-3.4064592480870523e-10
-2.4224363496038507e-03
-2.1130906482603774e-03
-1.8850832262845860e-03
-1.6925204459923902e-03
-1.5298888450265744e-03
-1.3813172294915670e-03
-1.2487621597870396e-03
-1.1183299417508086e-03
-9.8909032315389121e-04
-8.5766243280743283e-04
-7.1916970130604945e-04
-5.8568961234050948e-04
-4.5092047068202124e-04
-3.3735112588700444e-04
-2.3736851834299408e-04
-1.6745815994071139e-04
-1.1763004086776297e-04
-9.0928208331576038e-05
1.6223730881809999e-02
-2.4306899514481430e-04
-2.1221044084459502e-04
-1.9536874370138446e-04
-1.8999897187892939e-04
-1.9091760975204115e-04
-1.9452118676680587e-04
-1.9921469381363089e-04
-2.0390889452270196e-04
-2.0846525103440826e-04
-2.1259286330876619e-04
-2.1632203458929591e-04
-2.1968886395801147e-04
-2.2262991872412164e-04
-2.2525990358697261e-04
-2.2757470649887099e-04
-2.2957384681713186e-04
-2.3132628263494270e-04
-2.3283518321189111e-04
-2.3409194185102449e-04
-2.3513991392162351e-04
-2.3597874904825425e-04
-2.3661530630003291e-04
-2.3706799933399130e-04
-2.3733115984955606e-04
-2.3741797688763157e-04
-2.3734360030744204e-04
-2.3710393628345423e-04
-2.3671165711364157e-04
-2.3616959013804400e-04
-2.3548674879257244e-04
-2.3467444364558875e-04
-2.3372727268719995e-04
-2.3265708369141393e-04
-2.3147472268393503e-04
-2.3018236737137459e-04
-2.2876708930219476e-04
-2.2722933204482435e-04
-2.2559923113437048e-04
-2.2386786427923820e-04
-2.2206556206755588e-04
-2.2018487971832250e-04
-2.1822389192227353e-04
-2.1619335418035190e-04
-2.1410520329211708e-04
-2.1196129891877088e-04
-2.0975818156828446e-04
-2.0750484526735325e-04
-2.0521224768106972e-04
-2.0287914988542446e-04
-2.0049928792603694e-04
-1.9809946080288088e-04
-1.9567777222592308e-04
-1.9322229035588674e-04
-1.9074544164836616e-04
-1.8825657786713656e-04
-1.8575351629010668e-04
-1.8323437543101036e-04
-1.8070463714223793e-04
-1.7817745545237185e-04
-1.7564879706917380e-04
-1.7311913941547158e-04
-1.7058797136274904e-04
-1.6806571762446461e-04
-1.6555469329859295e-04
-1.6305203847904689e-04
-1.6055895890788356e-04
-1.5807571887083504e-04
-1.5561691374756442e-04
-1.5317647568908124e-04
-1.5075270759688984e-04
-1.4834892785152041e-04
-1.4596999853423774e-04
-1.4361045520748601e-04
-1.4127083228089888e-04
-1.3895362134928491e-04
-1.3665179545976533e-04
-1.3437206320137502e-04
0.0000000000000000e+00
6.4842880735813102e-01
3.3777626771626046e-01
2.0390642833360008e+01
];
