%Vec Object:sol 1 MPI processes
%  type: mpi
sol = [
0.0000000000000000e+00
-3.3667664836823589e-04
-3.3449564814602852e-04
-3.3235816546766007e-04
-3.3027953492830987e-04
-3.2824357832238687e-04
-3.2620308787942835e-04
-3.2425964317019942e-04
-3.2235288749862665e-04
-3.2049361355326937e-04
-3.1871449671975539e-04
-3.1692983438071700e-04
-3.1517296080277231e-04
-3.1345665331280282e-04
-3.1177065835332981e-04
-3.1015062568252535e-04
-3.0854318165200679e-04
-3.0698622953197272e-04
-3.0547032732646938e-04
-3.0392447502090717e-04
-3.0243433694564681e-04
-3.0097312113686888e-04
-2.9953775652626351e-04
-2.9815104097789450e-04
-2.9677898980328050e-04
-2.9543256740375466e-04
-2.9409448542638443e-04
-2.9276265635146673e-04
-2.9147156453793361e-04
-2.9021507636348978e-04
-2.8896810902573231e-04
-2.8775916390467245e-04
-2.8656803285663187e-04
-2.8535890094891252e-04
-2.8418489303344444e-04
-2.8303424185925109e-04
-2.8189919306495091e-04
-2.8079602483050255e-04
-2.7971365600871307e-04
-2.7863793073513006e-04
-2.7756214046755905e-04
-2.7650705604463269e-04
-2.7546639365609766e-04
-2.7445328173924654e-04
-2.7346123536465297e-04
-2.7248095966647879e-04
-2.7151856021778107e-04
-2.7055088035840043e-04
-2.6959230827517175e-04
-2.6865817035654285e-04
-2.6774733238839045e-04
-2.6684573762666584e-04
-2.6596496344936997e-04
-2.6509943368110983e-04
-2.6422070715747669e-04
-2.6335787467510793e-04
-2.6251634467041088e-04
-2.6169323186795823e-04
-2.6088024500356622e-04
-2.6008747900146489e-04
-2.5930831890704317e-04
-2.5851536191947607e-04
-2.5773868749756461e-04
-2.5698128418969558e-04
-2.5624166261506778e-04
-2.5551170691656547e-04
-2.5480029408613810e-04
-2.5410128485105047e-04
-2.5339261736869725e-04
-2.5269689218350628e-04
-2.5201920338990331e-04
-2.5135916533980038e-04
-2.5071208820214003e-04
-2.5007911185133847e-04
-2.4945741752561398e-04
-2.4883066761871201e-04
-2.4821705856403531e-04
-2.4761803724286598e-04
-2.4703620138478316e-04
-2.4647133082035782e-04
-2.4592043412686180e-04
-2.4537621075433483e-04
-2.4482921808791346e-04
-2.4429937480842118e-04
-2.4378574628969727e-04
-2.4328469657561205e-04
-2.4280081305464520e-04
-2.4233400188858228e-04
-2.4187524180215689e-04
-2.4141409615811450e-04
-2.4096879564389348e-04
-2.4054110690579610e-04
-2.4013102390698355e-04
-2.3973855468902900e-04
-2.3936047991582129e-04
-2.3898773791339919e-04
-2.3862047068801465e-04
-2.3827165836339299e-04
-2.3794138813920535e-04
0.0000000000000000e+00
4.6656542911078902e-01
3.6295485309822773e-01
7.2925365311217348e+01
];
