%Vec Object:sol 1 MPI processes
%  type: mpi
sol = [
0.0000000000000000e+00
-3.4486211567543623e-03
-3.4256424766364495e-03
-3.4031293567343842e-03
-3.3812391961413942e-03
-3.3603380830479045e-03
-3.3394352332362584e-03
-3.3189774421100385e-03
-3.2989118478672073e-03
-3.2793490669279527e-03
-3.2606244084873513e-03
-3.2418909713129193e-03
-3.2239538766603640e-03
-3.2061968131275737e-03
-3.1884750604541079e-03
-3.1714430096813880e-03
-3.1545515969941366e-03
-3.1381899933513834e-03
-3.1223390513720403e-03
-3.1066002908245582e-03
-3.0910311161748221e-03
-3.0756900244060656e-03
-3.0606238138640232e-03
-3.0460661746005819e-03
-3.0316678061453502e-03
-3.0176358992891989e-03
-3.0039717690579851e-03
-2.9900107490803810e-03
-2.9764756114468512e-03
-2.9633030352540991e-03
-2.9502354171638389e-03
-2.9375649081253619e-03
-2.9251796217205231e-03
-2.9127321228842747e-03
-2.9004410525271013e-03
-2.8883957291296388e-03
-2.8765164453260017e-03
-2.8649698699542304e-03
-2.8536421518669227e-03
-2.8424764579602787e-03
-2.8313098312225129e-03
-2.8202800753898529e-03
-2.8094031337748977e-03
-2.7988133444532565e-03
-2.7884440542384451e-03
-2.7781998846717294e-03
-2.7681934082220273e-03
-2.7580913341629511e-03
-2.7480866682927634e-03
-2.7383362290493321e-03
-2.7288282218093144e-03
-2.7194185735173230e-03
-2.7102256966730002e-03
-2.7011396022690697e-03
-2.6919796528973240e-03
-2.6829856400896737e-03
-2.6742127866145478e-03
-2.6656314288399496e-03
-2.6571566170710747e-03
-2.6488915445465316e-03
-2.6406258324713806e-03
-2.6323698282404435e-03
-2.6242829328224312e-03
-2.6163956091506974e-03
-2.6086925132728037e-03
-2.6010905498446307e-03
-2.5936804131057667e-03
-2.5861778931243595e-03
-2.5788057863696976e-03
-2.5715679074777890e-03
-2.5645162406453949e-03
-2.5576467403931689e-03
-2.5509113698475817e-03
-2.5442555914781326e-03
-2.5375599689201182e-03
-2.5310440963843281e-03
-2.5246637786389813e-03
-2.5184337254571579e-03
-2.5123804000077490e-03
-2.5065014727736028e-03
-2.5006145859615921e-03
-2.4947508966954549e-03
-2.4890648292746186e-03
-2.4835546868416988e-03
-2.4782108526819734e-03
-2.4729961300202306e-03
-2.4679573010695632e-03
-2.4628555105790711e-03
-2.4579087632846759e-03
-2.4531108971184352e-03
-2.4484750692754320e-03
-2.4440192402862522e-03
-2.4397432727901102e-03
-2.4355704011258653e-03
-2.4313724825526504e-03
-2.4273546436955535e-03
-2.4235241810965178e-03
-2.4198817882514151e-03
-2.4164282866634182e-03
0.0000000000000000e+00
4.7360431674954545e-01
3.6295486983223779e-01
7.2925299968229737e+01
];
