%Vec Object:sol 1 MPI processes
%  type: mpi
sol = [
0.0000000000000000e+00
-3.9351726265521791e-04
-3.9056829793428943e-04
-3.8768331827714259e-04
-3.8488058086112454e-04
-3.8216150128465132e-04
-3.7942967601918944e-04
-3.7682467390863365e-04
-3.7427301670853419e-04
-3.7178743291497687e-04
-3.6937569063911140e-04
-3.6694217952990145e-04
-3.6460958959471968e-04
-3.6233309398146172e-04
-3.6010016121627820e-04
-3.5793340214785088e-04
-3.5575362266749791e-04
-3.5364204764399426e-04
-3.5159607773414608e-04
-3.4956921509334107e-04
-3.4760668795024303e-04
-3.4564083397200314e-04
-3.4371232132872093e-04
-3.4184794693783895e-04
-3.4000706849711252e-04
-3.3821346255506350e-04
-3.3643286733424192e-04
-3.3466076091837277e-04
-3.3294221940759639e-04
-3.3126971639730923e-04
-3.2961343661028366e-04
-3.2797811246939267e-04
-3.2636403235114362e-04
-3.2477119612104693e-04
-3.2322407045558488e-04
-3.2170860580060741e-04
-3.2020102584470576e-04
-3.1870759421310266e-04
-3.1724334783873068e-04
-3.1580165661778477e-04
-3.1439861142192033e-04
-3.1302221670075010e-04
-3.1162743205060528e-04
-3.1026898447947531e-04
-3.0893913765764927e-04
-3.0762690702389921e-04
-3.0634819434403475e-04
-3.0507339958389435e-04
-3.0380088614567280e-04
-3.0256027884931371e-04
-3.0135011642589543e-04
-3.0015392781002515e-04
-2.9897306926611282e-04
-2.9779749516971565e-04
-2.9664111379039881e-04
-2.9550603671824364e-04
-2.9439843784130593e-04
-2.9331501836344818e-04
-2.9221288084950767e-04
-2.9113662102391193e-04
-2.9008610464453517e-04
-2.8905194764413696e-04
-2.8803889769370329e-04
-2.8703108194739601e-04
-2.8603354246443691e-04
-2.8504988912170579e-04
-2.8409027561545122e-04
-2.8315403870387608e-04
-2.8222994639545956e-04
-2.8129889913092876e-04
-2.8039096714691371e-04
-2.7950561704676523e-04
-2.7863737513890755e-04
-2.7778748158716212e-04
-2.7693507720822632e-04
-2.7609980309981395e-04
-2.7528154645373642e-04
-2.7448190293275973e-04
-2.7370377785831225e-04
-2.7293421499544529e-04
-2.7216726328823846e-04
-2.7141814673696302e-04
-2.7069040074199983e-04
-2.6998377447173989e-04
-2.6929524256303624e-04
-2.6859759308944163e-04
-2.6792137843314312e-04
-2.6726641156238335e-04
-2.6663253934440772e-04
-2.6601642451771134e-04
-2.6540133658066526e-04
-2.6479991670299473e-04
-2.6421999664757388e-04
-2.6366151162433355e-04
-2.6312073187232564e-04
-2.6259230733035937e-04
-2.6206924221524978e-04
-2.6156829337959444e-04
-2.6108948874035759e-04
0.0000000000000000e+00
5.1274873645811891e-01
3.6295485309822773e-01
7.2925365311217348e+01
];
