%Vec Object:sol 1 MPI processes
%  type: mpi
sol = [
0.0000000000000000e+00
-3.9509640631297267e-03
-3.9213051697091850e-03
-3.8922900696552942e-03
-3.8638840419425863e-03
-3.8363086368576353e-03
-3.8088418935648630e-03
-3.7826500248974251e-03
-3.7569945527363797e-03
-3.7318453211648821e-03
-3.7073133185931790e-03
-3.6828531130954183e-03
-3.6594070328805199e-03
-3.6365246438290729e-03
-3.6140014581558639e-03
-3.5918656657570377e-03
-3.5699623447310925e-03
-3.5487441726666292e-03
-3.5281850013111991e-03
-3.5078177563336076e-03
-3.4876675492893170e-03
-3.4679187102914523e-03
-3.4485447805026456e-03
-3.4298148670396057e-03
-3.4113207747165438e-03
-3.3929237702851355e-03
-3.3749970869696457e-03
-3.3571998373757065e-03
-3.3399401817555997e-03
-3.3231425222005088e-03
-3.3062577900753180e-03
-3.2896737826954986e-03
-3.2734683325763209e-03
-3.2574758271096860e-03
-3.2419419262523664e-03
-3.2266005740351133e-03
-3.2111858038629633e-03
-3.1961963528252145e-03
-3.1814995315178392e-03
-3.1670288080172001e-03
-3.1529408482573952e-03
-3.1387342699170681e-03
-3.1247394980931644e-03
-3.1111092520480165e-03
-3.0977657540577417e-03
-3.0845987778363752e-03
-3.0714965320332954e-03
-3.0585914907278189e-03
-3.0458281699544342e-03
-3.0333847447386467e-03
-3.0212465705757234e-03
-3.0091048103647240e-03
-2.9970253691637460e-03
-2.9852391659183301e-03
-2.9736452484220833e-03
-2.9622648177940834e-03
-2.9511361259213090e-03
-2.9399327592978782e-03
-2.9288803206576949e-03
-2.9180950952617107e-03
-2.9075678774165650e-03
-2.8972045627661861e-03
-2.8868160396733162e-03
-2.8765908173339059e-03
-2.8665995144069034e-03
-2.8567473225462677e-03
-2.8471361243137482e-03
-2.8376410464410057e-03
-2.8281472961076358e-03
-2.8188272672368306e-03
-2.8097389437614015e-03
-2.8008770058362753e-03
-2.7921779807874138e-03
-2.7833777704613671e-03
-2.7748028646993029e-03
-2.7664489423033646e-03
-2.7582656191548925e-03
-2.7502689188769595e-03
-2.7422969011051839e-03
-2.7344497995170402e-03
-2.7267854606557538e-03
-2.7192999477551826e-03
-2.7120287488273868e-03
-2.7048813808161487e-03
-2.6977533861898741e-03
-2.6907886144264940e-03
-2.6840389112467392e-03
-2.6775024855692207e-03
-2.6711778596307527e-03
-2.6647754336006587e-03
-2.6585644581807923e-03
-2.6525701093280530e-03
-2.6467915336107748e-03
-2.6412280596824281e-03
-2.6356790486362813e-03
-2.6302534633805001e-03
-2.6250495945983466e-03
-2.6200675916606356e-03
-2.6153077547581044e-03
0.0000000000000000e+00
5.1394220708368787e-01
3.6295486983223779e-01
7.2925299968229737e+01
];
