%Vec Object:sol 1 MPI processes
%  type: mpi
sol = [
0.0000000000000000e+00
-3.7659443413521278e-03
-3.7389709982067918e-03
-3.7122134526693848e-03
-3.6862132212142087e-03
-3.6613738517555314e-03
-3.6366006515500919e-03
-3.6129945090361622e-03
-3.5893151363329259e-03
-3.5661960831443362e-03
-3.5440564891789299e-03
-3.5219546559512654e-03
-3.5007817155726195e-03
-3.4799276935759929e-03
-3.4591022375186679e-03
-3.4390809554350568e-03
-3.4192544310760993e-03
-3.4000517843895475e-03
-3.3814496400145170e-03
-3.3626431072500576e-03
-3.3443628226631004e-03
-3.3264533174070764e-03
-3.3088784547030442e-03
-3.2918943492737164e-03
-3.2750923614493204e-03
-3.2582706769042707e-03
-3.2419814453285276e-03
-3.2257975449856645e-03
-3.2101071158752766e-03
-3.1948391878281967e-03
-3.1795522711014377e-03
-3.1644418008518280e-03
-3.1496762803250402e-03
-3.1350986360295179e-03
-3.1209430794501333e-03
-3.1070759847805279e-03
-3.0931444294122834e-03
-3.0794504359494992e-03
-3.0660225384062005e-03
-3.0527976809258854e-03
-3.0399302071808503e-03
-3.0273154377535856e-03
-3.0145308717682610e-03
-3.0020422866967565e-03
-2.9898164942338129e-03
-2.9777485759718112e-03
-2.9659911573514416e-03
-2.9544553263113468e-03
-2.9427242634551716e-03
-2.9312892039188763e-03
-2.9201364648950485e-03
-2.9091083284692788e-03
-2.8983332685657013e-03
-2.8876887276472656e-03
-2.8770008491154422e-03
-2.8665088331078811e-03
-2.8562721636567847e-03
-2.8462579299308871e-03
-2.8363732312560739e-03
-2.8265274605631281e-03
-2.8167913094257571e-03
-2.8072048147343071e-03
-2.7978137648845712e-03
-2.7886507239628174e-03
-2.7796985152506192e-03
-2.7706035271092382e-03
-2.7616815325221910e-03
-2.7529777826358500e-03
-2.7444487618272237e-03
-2.7360740656870632e-03
-2.7278902851968273e-03
-2.7196340657564830e-03
-2.7115365864515150e-03
-2.7036098939823617e-03
-2.6958882011350761e-03
-2.6883676255558052e-03
-2.6809153791023032e-03
-2.6734333066948828e-03
-2.6661532928818148e-03
-2.6590723002815351e-03
-2.6521567320318077e-03
-2.6454029960673343e-03
-2.6386986889629697e-03
-2.6320647899434977e-03
-2.6256189893995568e-03
-2.6193207197920130e-03
-2.6132200391089239e-03
-2.6073153834253030e-03
-2.6013975617680792e-03
-2.5955912725600183e-03
-2.5899660501555663e-03
-2.5845408307212429e-03
-2.5793150487932472e-03
-2.5742719022506561e-03
-2.5691560924407213e-03
-2.5642388545433991e-03
-2.5595276387810882e-03
-2.5550227922742762e-03
-2.5507248040680854e-03
0.0000000000000000e+00
4.9953204190064493e-01
3.6295486983223779e-01
7.2925299968229737e+01
];
