%Vec Object:sol 1 MPI processes
%  type: mpi
sol = [
0.0000000000000000e+00
-1.7020519821531223e-02
-1.5460066993007324e-02
-1.3688960368625250e-02
-1.2052702803261067e-02
-1.0777405429373924e-02
-8.8687991802671277e-03
-3.8809710122066931e-03
-3.8921739505014727e-03
-3.8485829355799982e-03
-3.8063686831264279e-03
-3.7644009216559996e-03
-3.7236272757501018e-03
-3.6832108809210368e-03
-3.6433694266220108e-03
-3.6045343372593827e-03
-3.5659747988822012e-03
-3.5277648313773611e-03
-3.4902563896185702e-03
-3.4529287204245447e-03
-3.4163237182360715e-03
-3.3798010877633534e-03
-3.3435002809174309e-03
-3.3077732010428950e-03
-3.2721787415280583e-03
-3.2368242143780510e-03
-3.2017098602726869e-03
-3.1665772276244079e-03
-3.1318268340057116e-03
-3.0973684876085547e-03
-3.0626401045586536e-03
-3.0281778358942457e-03
-2.9938886272877041e-03
-2.9595975316909391e-03
-2.9254895807935789e-03
-2.8912106621717852e-03
-2.8568713750005068e-03
-2.8225847555856140e-03
-2.7881108985149628e-03
-2.7531445423475266e-03
-2.7174126905925070e-03
-2.6805467379870146e-03
-2.6418301761910621e-03
-2.6005556253598399e-03
-2.5556974191889756e-03
-2.5061845850599279e-03
-2.4520434122575676e-03
-2.3937816156516267e-03
-2.3326192360557394e-03
-2.2704911421834928e-03
-2.2090631005546009e-03
-2.1496448620814345e-03
-2.0935630995766973e-03
-2.0417276912871561e-03
-1.9947901856162123e-03
-1.9531072793402232e-03
-1.9167109071875446e-03
-1.8847194878697485e-03
-1.8569452633762230e-03
-1.8331173827548116e-03
-1.8125459984594527e-03
-1.7948613273152693e-03
-1.7794672579976604e-03
-1.7658752523862791e-03
-1.7537726223262994e-03
-1.7428974911657751e-03
-1.7329645670217935e-03
-1.7237034709181645e-03
-1.7149558532437901e-03
-1.7066358076473481e-03
-1.6985809429768850e-03
-1.6905768037636792e-03
-1.6827565856232173e-03
-1.6749995553207275e-03
-1.6670953166955476e-03
-1.6590888233158395e-03
-1.6509845774552150e-03
-1.6426865223862972e-03
-1.6341217490039605e-03
-1.6253015110600539e-03
-1.6162784922530513e-03
-1.6069625144905881e-03
-1.5973139489733142e-03
-1.5872922515154507e-03
-1.5769431719184889e-03
-1.5662470421421298e-03
-1.5551246737258789e-03
-1.5435465423477481e-03
-1.5314821001318540e-03
-1.5190365656957811e-03
-1.5061047398918048e-03
-1.4925814439291569e-03
-1.4784738191655792e-03
-1.4637780945836042e-03
-1.4483897750684146e-03
-1.4322774965035722e-03
-1.4153559492299241e-03
-1.3974733917905943e-03
-1.3786287300613482e-03
0.0000000000000000e+00
5.6833513791096935e-01
3.6036854842275939e-01
6.0262020428439875e+01
];
