%Vec Object:sol 1 MPI processes
%  type: mpi
sol = [
0.0000000000000000e+00
-3.4929670182765292e-03
-3.4696436029917127e-03
-3.4467951081776755e-03
-3.4243015775991931e-03
-3.4025111444043461e-03
-3.3807451395753275e-03
-3.3600101177955885e-03
-3.3396743845145902e-03
-3.3198501859077532e-03
-3.3008299972872137e-03
-3.2813101941191122e-03
-3.2626129256265245e-03
-3.2443519753325577e-03
-3.2264199668832648e-03
-3.2091880470657289e-03
-3.1920990207493761e-03
-3.1752251703591684e-03
-3.1587012701031654e-03
-3.1423030314124446e-03
-3.1264952004332832e-03
-3.1109981091106001e-03
-3.0957794716604220e-03
-3.0810031033645662e-03
-3.0660020967726185e-03
-3.0513829776442529e-03
-3.0372288591392874e-03
-3.0231471993481750e-03
-3.0094965173516836e-03
-2.9962125897543576e-03
-2.9827605841524097e-03
-2.9695619571226935e-03
-2.9566610703951703e-03
-2.9439135714428330e-03
-2.9315365684576839e-03
-2.9194074822483321e-03
-2.9074083564790600e-03
-2.8953848042724329e-03
-2.8835905781402389e-03
-2.8719678818214236e-03
-2.8606602254122979e-03
-2.8495714030162800e-03
-2.8386360433067612e-03
-2.8277908679249842e-03
-2.8169981191941578e-03
-2.8063386203469819e-03
-2.7959544258938131e-03
-2.7858136291159081e-03
-2.7757700414542371e-03
-2.7659824773274282e-03
-2.7561011975673513e-03
-2.7463119801701820e-03
-2.7367478833171875e-03
-2.7274195722155285e-03
-2.7182381116205479e-03
-2.7092230051020154e-03
-2.7003010630859844e-03
-2.6913735098587572e-03
-2.6825586606357642e-03
-2.6739607958007981e-03
-2.6655724618768481e-03
-2.6573103490692969e-03
-2.6492175497615789e-03
-2.6410687571088369e-03
-2.6330538007881279e-03
-2.6251452463603212e-03
-2.6174347237126498e-03
-2.6099169115751503e-03
-2.6025516545061492e-03
-2.5952433090279570e-03
-2.5879048847776264e-03
-2.5807542794818532e-03
-2.5737427800686654e-03
-2.5668819808351761e-03
-2.5602042366572571e-03
-2.5537063141557680e-03
-2.5471423940845160e-03
-2.5406520470798145e-03
-2.5343434082411380e-03
-2.5282139995670551e-03
-2.5222327254185513e-03
-2.5163965252839172e-03
-2.5106866034048281e-03
-2.5049367896890404e-03
-2.4993576234778325e-03
-2.4939113929571244e-03
-2.4886452932174341e-03
-2.4835581752951537e-03
-2.4786491836193796e-03
-2.4737088593028171e-03
-2.4688553618144099e-03
-2.4641858087719412e-03
-2.4596999676226249e-03
-2.4553977538408047e-03
-2.4512458012619863e-03
-2.4472136826869132e-03
-2.4431823092595931e-03
-2.4393426451653826e-03
-2.4356954292961367e-03
0.0000000000000000e+00
4.7729952318053759e-01
3.6295486983223779e-01
7.2925299968229737e+01
];
