%Vec Object:sol 1 MPI processes
%  type: mpi
sol = [
0.0000000000000000e+00
-3.6034366820850497e-03
-3.5786723296616658e-03
-3.5544213654976975e-03
-3.5307355542461248e-03
-3.5076276953333197e-03
-3.4845630543463234e-03
-3.4625859886899301e-03
-3.4410396637027476e-03
-3.4200400761494787e-03
-3.3998488601163540e-03
-3.3792028317457478e-03
-3.3594240267395643e-03
-3.3401110605188644e-03
-3.3211521906938062e-03
-3.3029314578505776e-03
-3.2848287912569181e-03
-3.2668269652355703e-03
-3.2493855580353142e-03
-3.2320850955710472e-03
-3.2154064657367010e-03
-3.1990595120393096e-03
-3.1830104820355092e-03
-3.1670492496924958e-03
-3.1512546988338051e-03
-3.1358639107747178e-03
-3.1209624094704694e-03
-3.1061437883703824e-03
-3.0917786033061623e-03
-3.0774456355272665e-03
-3.0631500192076417e-03
-3.0492865258265663e-03
-3.0357372121964468e-03
-3.0223526578376319e-03
-3.0093569643596533e-03
-2.9963673902709152e-03
-2.9834056491888916e-03
-2.9708054386514541e-03
-2.9584470639904123e-03
-2.9462706651194855e-03
-2.9344242082061005e-03
-2.9226463121282287e-03
-2.9108109626195455e-03
-2.8992868971445518e-03
-2.8880039815910438e-03
-2.8768621915223089e-03
-2.8660079174717252e-03
-2.8553338505277492e-03
-2.8444771523529811e-03
-2.8338951752126485e-03
-2.8235752236362736e-03
-2.8133665959945834e-03
-2.8033926601234785e-03
-2.7936647242432708e-03
-2.7837541026480357e-03
-2.7740184166400797e-03
-2.7645208192901144e-03
-2.7552300088568883e-03
-2.7460571139660281e-03
-2.7371094545833642e-03
-2.7281340333911636e-03
-2.7192171771734312e-03
-2.7104823946139281e-03
-2.7019611619727765e-03
-2.6936372267047696e-03
-2.6854238075269417e-03
-2.6772507565253232e-03
-2.6691384698671193e-03
-2.6611897297318045e-03
-2.6533851001239819e-03
-2.6457784893927903e-03
-2.6383654715910060e-03
-2.6310021452045571e-03
-2.6235987848363452e-03
-2.6163892465955918e-03
-2.6093699787671605e-03
-2.6024948399223486e-03
-2.5957789775343043e-03
-2.5892166867051286e-03
-2.5825948647954290e-03
-2.5761299716906324e-03
-2.5698186970901779e-03
-2.5636942494197735e-03
-2.5577547006602791e-03
-2.5519898791102431e-03
-2.5461117071979640e-03
-2.5404049397600966e-03
-2.5348857288566380e-03
-2.5295530087953056e-03
-2.5243760669703599e-03
-2.5193684235044565e-03
-2.5143492579566464e-03
-2.5094640567410323e-03
-2.5047702164062188e-03
-2.5002333094411955e-03
-2.4958835929068954e-03
-2.4917284998364438e-03
-2.4876069697993557e-03
-2.4835983546424218e-03
0.0000000000000000e+00
4.8646196756498328e-01
3.6295486983223779e-01
7.2925299968229737e+01
];
