%Vec Object:sol 1 MPI processes
%  type: mpi
sol = [
0.0000000000000000e+00
-3.0678061264368652e-09
-3.4064757718012950e-09
-2.4224558620910226e-02
-2.1131075285538207e-02
-1.8850983114140477e-02
-1.6925340061148628e-02
-1.5299010885451613e-02
-1.3813282922177622e-02
-1.2487721806038507e-02
-1.1183389689222716e-02
-9.8909841421161836e-03
-8.5766961370738071e-03
-7.1917597503912229e-03
-5.8569505165509518e-03
-4.5092509948459992e-03
-3.3735509232059807e-03
-2.3737191352220903e-03
-1.6746115779749575e-03
-1.1763275445668461e-03
-9.0930760822426212e-04
1.6224450334489524e-01
-2.4311994593774278e-03
-2.1224683423404756e-03
-1.9539147570725411e-03
-1.9001268148420877e-03
-1.9092650440840253e-03
-1.9452762821982219e-03
-1.9921985458855817e-03
-2.0391336236621161e-03
-2.0846932123828000e-03
-2.1259669421728068e-03
-2.1632571284938363e-03
-2.1969243884668267e-03
-2.2263342085823696e-03
-2.2526335194701049e-03
-2.2757811354570784e-03
-2.2957722168614912e-03
-2.3132963163187649e-03
-2.3283851073084530e-03
-2.3409525139857076e-03
-2.3514320770333936e-03
-2.3598202820720093e-03
-2.3661857144344255e-03
-2.3707125020797134e-03
-2.3733439542846708e-03
-2.3742119575982379e-03
-2.3734680054276927e-03
-2.3710711518954231e-03
-2.3671481218958024e-03
-2.3617271837390844e-03
-2.3548984673481457e-03
-2.3467750804689034e-03
-2.3373030034677411e-03
-2.3266007117867769e-03
-2.3147766667589225e-03
-2.3018526487937779e-03
-2.2876996324075515e-03
-2.2723215588765474e-03
-2.2560200232742337e-03
-2.2387058048105790e-03
-2.2206822101075584e-03
-2.2018747955519155e-03
-2.1822643113076127e-03
-2.1619583145109774e-03
-2.1410761747662492e-03
-2.1196364924578087e-03
-2.0976046745495251e-03
-2.0750706629469730e-03
-2.0521440359816106e-03
-2.0288124067287167e-03
-2.0050131369030656e-03
-1.9810142171962576e-03
-1.9567966861147152e-03
-1.9322412267749904e-03
-1.9074721043442120e-03
-1.8825828370054125e-03
-1.8575515984974905e-03
-1.8323595748082312e-03
-1.8070615849548404e-03
-1.7817891695695459e-03
-1.7565019964344967e-03
-1.7312048405733976e-03
-1.7058925910594220e-03
-1.6806694955731115e-03
-1.6555587055242856e-03
-1.6305316227638227e-03
-1.6056003053355858e-03
-1.5807673966442919e-03
-1.5561788510159026e-03
-1.5317739909611904e-03
-1.5075358464748290e-03
-1.4834976021923729e-03
-1.4597078797418466e-03
-1.4361120356697363e-03
-1.4127154151779983e-03
-1.3895429352220547e-03
-1.3665243273997395e-03
-1.3437266783005192e-03
0.0000000000000000e+00
6.4843001710356907e-01
3.3777609665245606e-01
2.0390509903142082e+01
];
