%Vec Object:sol 1 MPI processes
%  type: mpi
sol = [
0.0000000000000000e+00
-1.7313023493543363e-02
-1.5780318617558825e-02
-1.3995446327062610e-02
-1.2311686403310734e-02
-1.1010279380067356e-02
-9.9048852262759099e-03
-3.0499761888971902e-03
-3.9242551201998828e-03
-3.8846935256928324e-03
-3.8454168630143947e-03
-3.8054734582750496e-03
-3.7660096056400735e-03
-3.7267317818744368e-03
-3.6875152609893705e-03
-3.6486104099519232e-03
-3.6093741284793442e-03
-3.5705100387336181e-03
-3.5320009074951892e-03
-3.4931948423228016e-03
-3.4546243010550883e-03
-3.4161818614379222e-03
-3.3778392403680580e-03
-3.3398342996164279e-03
-3.3015175986288517e-03
-3.2634492485485549e-03
-3.2257316779557366e-03
-3.1879088861577155e-03
-3.1501674829492459e-03
-3.1126046579611029e-03
-3.0749988913959139e-03
-3.0376814793827952e-03
-3.0004542472138961e-03
-2.9629401901436320e-03
-2.9255358893186833e-03
-2.8879447560663761e-03
-2.8497842634821863e-03
-2.8106250374470617e-03
-2.7694561562019489e-03
-2.7251055868666519e-03
-2.6760364132285804e-03
-2.6203566459685325e-03
-2.5567734432743886e-03
-2.4857772245795912e-03
-2.4098461027062036e-03
-2.3323868433562235e-03
-2.2567615923787211e-03
-2.1853088708317062e-03
-2.1193927330125854e-03
-2.0602372822647848e-03
-2.0084241995747404e-03
-1.9640024265509797e-03
-1.9261068717852010e-03
-1.8941319832770237e-03
-1.8675668753556311e-03
-1.8455045527285840e-03
-1.8271532023691767e-03
-1.8117544894933901e-03
-1.7987322879375310e-03
-1.7876033951766928e-03
-1.7778138582784863e-03
-1.7692472439025256e-03
-1.7614962281322516e-03
-1.7542721056189934e-03
-1.7474687037251078e-03
-1.7409967376495470e-03
-1.7346965943609877e-03
-1.7284144775739176e-03
-1.7220973870724001e-03
-1.7157509356635187e-03
-1.7092762217047338e-03
-1.7025179658032559e-03
-1.6956730479506671e-03
-1.6886541345247754e-03
-1.6812806903257948e-03
-1.6736292063291153e-03
-1.6657316638458183e-03
-1.6575105152441725e-03
-1.6489091045643136e-03
-1.6399561257893058e-03
-1.6307208912290155e-03
-1.6211208614895880e-03
-1.6111246279068624e-03
-1.6006989535637675e-03
-1.5898976903688381e-03
-1.5787069860115975e-03
-1.5670511634421230e-03
-1.5549059364841809e-03
-1.5422455769632405e-03
-1.5291790152289506e-03
-1.5156034920378986e-03
-1.5014189109713012e-03
-1.4866357886704898e-03
-1.4712560532052867e-03
-1.4551802655381045e-03
-1.4383846703617293e-03
-1.4208007431043856e-03
-1.4022917659566438e-03
-1.3828812993008338e-03
0.0000000000000000e+00
5.6999264378620418e-01
3.5985497814778095e-01
5.8154620314481356e+01
];
