%Vec Object:sol 1 MPI processes
%  type: mpi
sol = [
0.0000000000000000e+00
-3.9122336240670307e-04
-3.8829579945313101e-04
-3.8543183543078688e-04
-3.8264958842860542e-04
-3.7999118917181194e-04
-3.7730403052855605e-04
-3.7471732794955092e-04
-3.7218368497557084e-04
-3.6971573381741884e-04
-3.6735198524926496e-04
-3.6496950644671132e-04
-3.6265274203898840e-04
-3.6039177826281541e-04
-3.5817416358137534e-04
-3.5604192189267177e-04
-3.5392118154415605e-04
-3.5182337010091917e-04
-3.4979081195733903e-04
-3.4777731112058580e-04
-3.4583549317112515e-04
-3.4393334037047566e-04
-3.4202095464191213e-04
-3.4016809210795680e-04
-3.3833864499107345e-04
-3.3655625408366818e-04
-3.3483012398308171e-04
-3.3308678701190857e-04
-3.3137825375248393e-04
-3.2971554001061257e-04
-3.2806900942339696e-04
-3.2647193691487072e-04
-3.2489883497901188e-04
-3.2331465309073736e-04
-3.2177597484478525e-04
-3.2026883210596602e-04
-3.1878402422672253e-04
-3.1734041164914684e-04
-3.1588644563551398e-04
-3.1445189560798593e-04
-3.1305583270220836e-04
-3.1168732973759535e-04
-3.1033896140893988e-04
-3.0900427869647653e-04
-3.0768028675490721e-04
-3.0637387231200001e-04
-3.0510084612993087e-04
-3.0385752765126788e-04
-3.0262158081959006e-04
-3.0138581724858916e-04
-3.0018039045222826e-04
-2.9898891270545324e-04
-2.9782468240610875e-04
-2.9668880696993399e-04
-2.9554493560781308e-04
-2.9441354522288246e-04
-2.9330953585161591e-04
-2.9222947031539272e-04
-2.9116370454699468e-04
-2.9011260406794787e-04
-2.8906476588245387e-04
-2.8803325116272851e-04
-2.8702278212277725e-04
-2.8603670688243462e-04
-2.8507322159307343e-04
-2.8409414940110686e-04
-2.8313618770452545e-04
-2.8220152990658285e-04
-2.8128565747897761e-04
-2.8038644546360631e-04
-2.7949513153213327e-04
-2.7861046330128865e-04
-2.7774285604292956e-04
-2.7689354096939299e-04
-2.7606603702468816e-04
-2.7525848217855458e-04
-2.7444009093809449e-04
-2.7364025254026210e-04
-2.7286185531867651e-04
-2.7210457106449475e-04
-2.7136491756437394e-04
-2.7062531676978524e-04
-2.6989640763472046e-04
-2.6918854301334844e-04
-2.6850059010545747e-04
-2.6782835264556825e-04
-2.6717168139410772e-04
-2.6651460387028562e-04
-2.6587854657860485e-04
-2.6526018336538610e-04
-2.6466092650218644e-04
-2.6408271701105877e-04
-2.6350525206165386e-04
-2.6294364398672952e-04
-2.6239967720986335e-04
-2.6187655234448241e-04
-2.6137502543707459e-04
-2.6088533027353604e-04
-2.6040246419168527e-04
0.0000000000000000e+00
5.1099217149695675e-01
3.6295485309822773e-01
7.2925365311217348e+01
];
