%Vec Object:sol 1 MPI processes
%  type: mpi
sol = [
0.0000000000000000e+00
-3.7117112624641970e-10
-4.1933861370901664e-10
-9.3746213324162764e-09
-2.1951243560964177e-03
-1.9583929190174570e-03
-1.7584190115993382e-03
-1.5893890681443156e-03
-1.4350791179577787e-03
-1.2974606471035897e-03
-1.1621995790009941e-03
-1.0284106978464837e-03
-8.9255968452406570e-04
-7.4965836473698351e-04
-6.1212320663239490e-04
-4.7341509185607351e-04
-3.5662640247951214e-04
-2.5386647597826987e-04
-1.8202273110600774e-04
-1.3080860949560495e-04
-1.0331773126789792e-04
-9.0424781568727543e-05
-8.8656628655501150e-05
-9.2846186217980921e-05
-9.9814020786903682e-05
-1.0761729761017457e-04
-1.1495463161523951e-04
-1.2119218932962560e-04
-1.2640966487710307e-04
-1.3019260073927433e-04
-1.3312162508397269e-04
-1.3500930462565853e-04
-1.3619327032116107e-04
-1.3685002623616791e-04
-1.3697599997496349e-04
-1.3679696306077605e-04
-1.3636088780908794e-04
-1.3569443517950035e-04
-1.3489790468902967e-04
-1.3400950271627639e-04
-1.3302241547777418e-04
-1.3198722174258691e-04
-1.3090743491781683e-04
-1.2980899830288995e-04
-1.2870511554082334e-04
-1.2755599824150433e-04
-1.2641864223401352e-04
-1.2528842665678817e-04
-1.2416887685608033e-04
-1.2301084793489160e-04
-1.2188036756860658e-04
-1.2076969674494316e-04
-1.1967025443788616e-04
-1.1855061420375937e-04
-1.1743509650384565e-04
-1.1635771228259953e-04
-1.1527816934355321e-04
-1.1419384590943267e-04
-1.1313109763096048e-04
-1.1206442430640710e-04
-1.1098133584781157e-04
-1.0993895469005885e-04
-1.0890351758605946e-04
-1.0785752236309979e-04
-1.0680836884567435e-04
-1.0577992761990646e-04
-1.0475245243519997e-04
-1.0371236149067389e-04
-1.0267424007742466e-04
-1.0164700255004325e-04
-1.0060917505721582e-04
-9.9555531625645664e-05
-9.8518664620649715e-05
-9.7488548466199051e-05
-9.6438709538464130e-05
-9.5380048899735279e-05
-9.4326484740677425e-05
-9.3269302363715599e-05
-9.2197120481037919e-05
-9.1110068860015577e-05
-9.0030866856039482e-05
-8.8950947954311423e-05
-8.7862406266719112e-05
-8.6762817088127065e-05
-8.5665511676703612e-05
-8.4574531038172088e-05
-8.3482779714785695e-05
-8.2391601565007746e-05
-8.1301478219549802e-05
-8.0232472581297581e-05
-7.9177006136101519e-05
-7.8150009200232145e-05
-7.7152888449044161e-05
-7.6200141096794264e-05
-7.5292390120792587e-05
-7.4429764655138214e-05
-7.3643701979238097e-05
-7.2939908484721670e-05
2.8767839434497310e-03
0.0000000000000000e+00
6.6574990234486475e-01
3.1641652329520675e-01
1.1455791063492233e+01
];
