%Vec Object:sol 1 MPI processes
%  type: mpi
sol = [
0.0000000000000000e+00
-3.3890618386456851e-03
-3.3670864482760595e-03
-3.3454373968438461e-03
-3.3239174530963261e-03
-3.3033656567017220e-03
-3.2828210937307324e-03
-3.2632551764501098e-03
-3.2440595215217959e-03
-3.2253428761044108e-03
-3.2071966167899137e-03
-3.1887415715415360e-03
-3.1710675599051141e-03
-3.1538024587642994e-03
-3.1368429530021008e-03
-3.1205481713580578e-03
-3.1043803402276211e-03
-3.0884110992405126e-03
-3.0727617911339628e-03
-3.0572239040507726e-03
-3.0422471325520957e-03
-3.0275615807668411e-03
-3.0131363149974453e-03
-2.9992009441483268e-03
-2.9850633037182325e-03
-2.9711837823219577e-03
-2.9577465347374976e-03
-2.9443719587094351e-03
-2.9314073230486876e-03
-2.9187908476414953e-03
-2.9062699454029338e-03
-2.8937626029337141e-03
-2.8814874922048084e-03
-2.8693550178419121e-03
-2.8575757605175662e-03
-2.8460312536866894e-03
-2.8346434358119763e-03
-2.8235761860067382e-03
-2.8123416147867205e-03
-2.8012556439290372e-03
-2.7904706088350481e-03
-2.7798934250145759e-03
-2.7694608211283381e-03
-2.7593049312574854e-03
-2.7493463188105922e-03
-2.7391577688085770e-03
-2.7292326497559711e-03
-2.7195401516852125e-03
-2.7099385127108064e-03
-2.7005819881824422e-03
-2.6914591662833532e-03
-2.6823926118071197e-03
-2.6732319359212310e-03
-2.6642974551536343e-03
-2.6555029515746235e-03
-2.6468674826442698e-03
-2.6384454834263819e-03
-2.6302079304088219e-03
-2.6220155975512087e-03
-2.6137632973158901e-03
-2.6057127575795989e-03
-2.5977831167575773e-03
-2.5900163378841413e-03
-2.5824425038070277e-03
-2.5750466432474511e-03
-2.5676709665480419e-03
-2.5602568707005315e-03
-2.5530290351348096e-03
-2.5459484965266281e-03
-2.5389971569524431e-03
-2.5322262773513665e-03
-2.5256319934983101e-03
-2.5190680574898347e-03
-2.5124598485940087e-03
-2.5060292622288149e-03
-2.4997732287385115e-03
-2.4936483484382112e-03
-2.4876691915044040e-03
-2.4818619041274653e-03
-2.4760978576342059e-03
-2.4703296171818389e-03
-2.4647027105243759e-03
-2.4592488259136615e-03
-2.4539663815208381e-03
-2.4488459949743957e-03
-2.4438511142937762e-03
-2.4388677368845087e-03
-2.4339572930380362e-03
-2.4292210155918994e-03
-2.4246300001991247e-03
-2.4201972886238009e-03
-2.4159406625938310e-03
-2.4118600779168909e-03
-2.4077534138865391e-03
-2.4037453166282619e-03
-2.3999136976589996e-03
-2.3962658342674874e-03
-2.3928024963254459e-03
-2.3895245774758754e-03
0.0000000000000000e+00
4.6847497986208153e-01
3.6295486983223779e-01
7.2925299968229737e+01
];
