%Vec Object:sol 1 MPI processes
%  type: mpi
sol = [
0.0000000000000000e+00
-1.4331914643691981e-02
-1.1992164979714042e-02
-4.0649842279655065e-03
-4.0248965141760316e-03
-3.9862199044755483e-03
-3.9473665124186560e-03
-3.9100655344100899e-03
-3.8734992935087215e-03
-3.8377926536448184e-03
-3.8028941291084134e-03
-3.7681236730672252e-03
-3.7345475928078284e-03
-3.7016724937936809e-03
-3.6691251319341516e-03
-3.6373341760678533e-03
-3.6058661035537919e-03
-3.5751913768394899e-03
-3.5452743589459200e-03
-3.5151775199345325e-03
-3.4859048592486819e-03
-3.4571139787431095e-03
-3.4287600572610369e-03
-3.4009415260653490e-03
-3.3731797114056163e-03
-3.3459582215894733e-03
-3.3193679668734981e-03
-3.2929448048564145e-03
-3.2668128305513061e-03
-3.2411037907663243e-03
-3.2156022789960438e-03
-3.1906465273266074e-03
-3.1660975578852854e-03
-3.1414489578664717e-03
-3.1173000526616488e-03
-3.0935084204022642e-03
-3.0699811196719675e-03
-3.0468542078200809e-03
-3.0237813201769658e-03
-3.0009742130212911e-03
-2.9785917993380021e-03
-2.9565259412403736e-03
-2.9346415015355444e-03
-2.9129189769943665e-03
-2.8915246057921434e-03
-2.8703530539084731e-03
-2.8495596960432306e-03
-2.8290683220462175e-03
-2.8085329267253821e-03
-2.7883649620085008e-03
-2.7685523729302323e-03
-2.7489407081460774e-03
-2.7296597584326628e-03
-2.7104730004101842e-03
-2.6915406535217537e-03
-2.6728906478057108e-03
-2.6545839121837507e-03
-2.6365914470506020e-03
-2.6186625940676335e-03
-2.6010076070069974e-03
-2.5836942267864291e-03
-2.5666401936226498e-03
-2.5498937469604441e-03
-2.5334254513957391e-03
-2.5171383521092241e-03
-2.5011075193642073e-03
-2.4854303005777826e-03
-2.4701059045491550e-03
-2.4550988779628857e-03
-2.4402384338230161e-03
-2.4256996372450318e-03
-2.4115291191520206e-03
-2.3976842888894269e-03
-2.3841826810613951e-03
-2.3710343446520492e-03
-2.3581115795266545e-03
-2.3455403836902056e-03
-2.3333421406623658e-03
-2.3215497821044611e-03
-2.3101682604950774e-03
-2.2991024721475900e-03
-2.2883292097313538e-03
-2.2779935127001166e-03
-2.2681025334869561e-03
-2.2586564661631441e-03
-2.2496295932264393e-03
-2.2409794583168846e-03
-2.2327486669673742e-03
-2.2250170379811860e-03
-2.2177692919230934e-03
-2.2110310162841412e-03
-2.2048325618971446e-03
-2.1990750228744462e-03
-2.1938399253111553e-03
-2.1891574880877657e-03
-2.1850719599255039e-03
-2.1816023923727302e-03
-2.1787621927859472e-03
-2.1764414159916798e-03
0.0000000000000000e+00
5.5301900545704363e-01
3.6255606819276981e-01
7.0720930691882231e+01
];
