%Vec Object:sol 1 MPI processes
%  type: mpi
sol = [
0.0000000000000000e+00
-3.6203802734516272e-04
-3.5954805069221112e-04
-3.5710654401727707e-04
-3.5467553895511978e-04
-3.5235316480104241e-04
-3.5003519003854941e-04
-3.4782663582389790e-04
-3.4566143919703376e-04
-3.4354623479752107e-04
-3.4147034613455339e-04
-3.3939654897003263e-04
-3.3740996557656287e-04
-3.3547023191640187e-04
-3.3356611142743405e-04
-3.3173264327202614e-04
-3.2986701588747923e-04
-3.2805986791985996e-04
-3.2630904509150491e-04
-3.2457237722995097e-04
-3.2289820484154472e-04
-3.2125693527944809e-04
-3.1959819140158619e-04
-3.1799486652615177e-04
-3.1641030359797986e-04
-3.1486629548860338e-04
-3.1337143748621686e-04
-3.1188487170519946e-04
-3.1040330225953061e-04
-3.0895719379919561e-04
-3.0752376499277776e-04
-3.0613372562870561e-04
-3.0477522185468986e-04
-3.0343323986902046e-04
-3.0209773730058054e-04
-3.0077997838967233e-04
-2.9948101889916125e-04
-2.9821833593191157e-04
-2.9697990199883934e-04
-2.9575970251615531e-04
-2.9454786302061871e-04
-2.9334526063202115e-04
-2.9215980274008540e-04
-2.9100555847975208e-04
-2.8987548158522530e-04
-2.8875952288298038e-04
-2.8765508389534125e-04
-2.8655708059701306e-04
-2.8547018116654928e-04
-2.8441080713129092e-04
-2.8337768191472713e-04
-2.8235566390750485e-04
-2.8134673428867568e-04
-2.8033842779170873e-04
-2.7934619902261044e-04
-2.7837204163986797e-04
-2.7742171271469659e-04
-2.7649207424877530e-04
-2.7557009124719057e-04
-2.7464219403567502e-04
-2.7373672011581248e-04
-2.7284502547049601e-04
-2.7197154593443658e-04
-2.7111944754464973e-04
-2.7028729301095222e-04
-2.6943624784751900e-04
-2.6860497656208172e-04
-2.6779423517402838e-04
-2.6699984615738534e-04
-2.6621985674137033e-04
-2.6545966974971300e-04
-2.6469571685868630e-04
-2.6394016674923367e-04
-2.6320067929344094e-04
-2.6248057582463260e-04
-2.6177950100158567e-04
-2.6109282235078300e-04
-2.6040440337013471e-04
-2.5972449975472591e-04
-2.5906349470493541e-04
-2.5841815893467071e-04
-2.5778815917212010e-04
-2.5717682916658459e-04
-2.5657088536555666e-04
-2.5596881729123179e-04
-2.5538076827170346e-04
-2.5481159047657586e-04
-2.5426114757920714e-04
-2.5372933390216531e-04
-2.5320355401796770e-04
-2.5267852711186999e-04
-2.5217268410803384e-04
-2.5168598437646703e-04
-2.5121840282473970e-04
-2.5076648487764685e-04
-2.5032629481488213e-04
-2.4988773921517352e-04
-2.4946907445615743e-04
-2.4907036101388578e-04
0.0000000000000000e+00
4.8783781691227851e-01
3.6295485309822773e-01
7.2925365311217348e+01
];
