%Vec Object:sol 1 MPI processes
%  type: mpi
sol = [
0.0000000000000000e+00
-4.0794751989997984e-03
-4.0475152229844441e-03
-4.0162483583237049e-03
-3.9852281123211094e-03
-3.9555190207825920e-03
-3.9259430209874586e-03
-3.8977120716382511e-03
-3.8699470482637002e-03
-3.8423840795709010e-03
-3.8159498522058258e-03
-3.7896064128607083e-03
-3.7643313065365441e-03
-3.7394532359150559e-03
-3.7146769468656003e-03
-3.6908248035672298e-03
-3.6672269727869326e-03
-3.6443520478615272e-03
-3.6219139719215229e-03
-3.5994160362694170e-03
-3.5776935543967354e-03
-3.5564104602435077e-03
-3.5355263316528339e-03
-3.5150331631188365e-03
-3.4945868712263381e-03
-3.4746546186601585e-03
-3.4553315292065348e-03
-3.4361521462040862e-03
-3.4172452073832856e-03
-3.3986554308906643e-03
-3.3802549400397870e-03
-3.3623898062395330e-03
-3.3449241644072864e-03
-3.3274040885827760e-03
-3.3102155802995316e-03
-3.2933740865804086e-03
-3.2767836782222151e-03
-3.2606399326826586e-03
-3.2445439267131107e-03
-3.2285439736227449e-03
-3.2129615696098990e-03
-3.1976829945398817e-03
-3.1826310703985841e-03
-3.1677298273970226e-03
-3.1529798403414477e-03
-3.1384295185637543e-03
-3.1242423483645088e-03
-3.1103799853629014e-03
-3.0964753460431265e-03
-3.0827406714223965e-03
-3.0693368538095094e-03
-3.0560944668056298e-03
-3.0431507981498198e-03
-3.0303601371227682e-03
-3.0175874412205934e-03
-3.0050511953131232e-03
-2.9928146120634666e-03
-2.9808421626851449e-03
-2.9689201637332790e-03
-2.9570671844443377e-03
-2.9454958565573756e-03
-2.9341100203471634e-03
-2.9229583129014892e-03
-2.9120051109967088e-03
-2.9010584260336500e-03
-2.8902720137830231e-03
-2.8797497642191346e-03
-2.8694848840635835e-03
-2.8594055311798438e-03
-2.8492412095371873e-03
-2.8393316753516505e-03
-2.8296715020257514e-03
-2.8202048252664513e-03
-2.8109443836800176e-03
-2.8016565358427790e-03
-2.7925939824376147e-03
-2.7837241564233166e-03
-2.7750633934125702e-03
-2.7666413500804159e-03
-2.7582391349345640e-03
-2.7499805526830668e-03
-2.7419231825801067e-03
-2.7341030865677949e-03
-2.7265177419315890e-03
-2.7189909167571699e-03
-2.7115471809644907e-03
-2.7043414183300580e-03
-2.6973717529192474e-03
-2.6906366550408806e-03
-2.6839842868876061e-03
-2.6774116558031095e-03
-2.6710784813589929e-03
-2.6649839429417890e-03
-2.6591273911086865e-03
-2.6533948817391174e-03
-2.6477255439487034e-03
-2.6423008253301326e-03
-2.6371208456144983e-03
-2.6321858702003419e-03
0.0000000000000000e+00
5.2365583619518097e-01
3.6295486983223779e-01
7.2925299968229737e+01
];
