%Vec Object:sol 1 MPI processes
%  type: mpi
sol = [
0.0000000000000000e+00
-4.2630595103202180e-03
-4.2249881648629035e-03
-4.1876828784350329e-03
-4.1513443434687885e-03
-4.1162262681667221e-03
-4.0808145196569662e-03
-4.0468552866629306e-03
-4.0135378687146802e-03
-3.9810016873306686e-03
-3.9491281373918302e-03
-3.9173137967149626e-03
-3.8866597994059449e-03
-3.8566753935487543e-03
-3.8270067974880569e-03
-3.7979857482552757e-03
-3.7692768070822671e-03
-3.7413685042109570e-03
-3.7142315972723320e-03
-3.6869296321011564e-03
-3.6603868711950070e-03
-3.6343520596677547e-03
-3.6087837519357614e-03
-3.5838692371886519e-03
-3.5588849272106650e-03
-3.5344870500738199e-03
-3.5107731365374645e-03
-3.4872643110885290e-03
-3.4641518434886352e-03
-3.4413879694828193e-03
-3.4188769651912502e-03
-3.3969729000705739e-03
-3.3755362064392157e-03
-3.3540526804973049e-03
-3.3330423013609306e-03
-3.3124450380141710e-03
-3.2921628857721318e-03
-3.2723898398312867e-03
-3.2525988916523320e-03
-3.2331223825192005e-03
-3.2141283036346132e-03
-3.1955008980700497e-03
-3.1770975096884336e-03
-3.1588341677531821e-03
-3.1409455553539872e-03
-3.1233170653320952e-03
-3.1061128296826176e-03
-3.0891944484628415e-03
-3.0722426455374366e-03
-3.0556967497575383e-03
-3.0395409883194088e-03
-3.0236053714324316e-03
-3.0079131568077348e-03
-2.9923774339755721e-03
-2.9771147864296739e-03
-2.9621466198663099e-03
-2.9475357322909053e-03
-2.9331342714759962e-03
-2.9187609673354763e-03
-2.9047360829026077e-03
-2.8910500767958319e-03
-2.8776075354969275e-03
-2.8643586919930102e-03
-2.8512435068307057e-03
-2.8384427267832014e-03
-2.8258608653353957e-03
-2.8136007350582060e-03
-2.8015815019852698e-03
-2.7896305251764362e-03
-2.7779341632029031e-03
-2.7665508325742326e-03
-2.7554754510284670e-03
-2.7446098681840679e-03
-2.7337913687560476e-03
-2.7232805184121208e-03
-2.7130733508894814e-03
-2.7031199622466699e-03
-2.6934287782021051e-03
-2.6837942102485332e-03
-2.6744616715438795e-03
-2.6653965874334083e-03
-2.6565955479044977e-03
-2.6480942976290726e-03
-2.6396786445832912e-03
-2.6315244021797883e-03
-2.6236202746969394e-03
-2.6160181426775871e-03
-2.6087166522218044e-03
-2.6015503429192731e-03
-2.5945859129468105e-03
-2.5879071533257722e-03
-2.5815337862244532e-03
-2.5754654903509763e-03
-2.5695831758077042e-03
-2.5638655649233223e-03
-2.5584523529522916e-03
-2.5533514023175856e-03
-2.5485632860501070e-03
-2.5440112826368186e-03
0.0000000000000000e+00
5.3727379930990149e-01
3.6295486983223779e-01
7.2925299968229737e+01
];
