%Vec Object:sol 1 MPI processes
%  type: mpi
sol = [
0.0000000000000000e+00
-3.5030474663585618e-04
-3.4796466247777140e-04
-3.4567131800349195e-04
-3.4338315083227771e-04
-3.4119753686936901e-04
-3.3901440540942137e-04
-3.3693475551025407e-04
-3.3489519612985540e-04
-3.3290699247351337e-04
-3.3096742257368030e-04
-3.2901018771884245e-04
-3.2713549245776623e-04
-3.2530458336609426e-04
-3.2350668665456263e-04
-3.2177903722769430e-04
-3.2005214578347880e-04
-3.1834283034569492e-04
-3.1668670724081273e-04
-3.1504318579635664e-04
-3.1345888821914019e-04
-3.1190575640948400e-04
-3.1038056678683683e-04
-3.0886886564069455e-04
-3.0736584860941606e-04
-3.0590112417843178e-04
-3.0448302910255205e-04
-3.0307218770930235e-04
-3.0170456367805819e-04
-3.0035915358897367e-04
-2.9899602772391349e-04
-2.9767415339950208e-04
-2.9638212010573301e-04
-2.9510544780388055e-04
-2.9386591047934934e-04
-2.9265118826684677e-04
-2.9141992227476059e-04
-2.9021610614113547e-04
-2.8903525673064470e-04
-2.8787158009021364e-04
-2.8673947071764286e-04
-2.8562928035635513e-04
-2.8452304875780358e-04
-2.8341984691500496e-04
-2.8233967584180347e-04
-2.8127282819615933e-04
-2.8023354796922822e-04
-2.7921863347970464e-04
-2.7821345384936816e-04
-2.7720673255084101e-04
-2.7621680133538257e-04
-2.7523738694494869e-04
-2.7428049457619647e-04
-2.7334719577130120e-04
-2.7242857486902225e-04
-2.7151903365440474e-04
-2.7060623421687376e-04
-2.6971332639547704e-04
-2.6883167366745583e-04
-2.6797173409998261e-04
-2.6713276208476688e-04
-2.6630641352629140e-04
-2.6547529086888181e-04
-2.6465488381938174e-04
-2.6385354222916308e-04
-2.6306282139286887e-04
-2.6229190840420716e-04
-2.6154026983095022e-04
-2.6079914207655455e-04
-2.6004649772199551e-04
-2.5931305614324327e-04
-2.5859839514989021e-04
-2.5789763257004684e-04
-2.5721193280973947e-04
-2.5654453370873540e-04
-2.5587688192103396e-04
-2.5521296710937717e-04
-2.5456454904075290e-04
-2.5393429882077318e-04
-2.5332196788439853e-04
-2.5272443866509222e-04
-2.5213742805772792e-04
-2.5154523702688780e-04
-2.5097108535788993e-04
-2.5041398760757943e-04
-2.4987016442025781e-04
-2.4934434904618315e-04
-2.4883645439841272e-04
-2.4832868822648391e-04
-2.4782777470452774e-04
-2.4734343787084963e-04
-2.4687748786327701e-04
-2.4642990178863351e-04
-2.4600067184919131e-04
-2.4558026129223748e-04
-2.4515922160517188e-04
-2.4475728429082337e-04
-2.4437451160716495e-04
-2.4401097864200399e-04
0.0000000000000000e+00
4.7813991153062568e-01
3.6295485309822773e-01
7.2925365311217348e+01
];
