%Vec Object:sol 1 MPI processes
%  type: mpi
sol = [
0.0000000000000000e+00
-3.3623585793086733e-03
-3.3405815190184194e-03
-3.3192387476682675e-03
-3.2984833818842968e-03
-3.2783004544212537e-03
-3.2579240154714632e-03
-3.2385164102787900e-03
-3.2194750255692683e-03
-3.2009076326715282e-03
-3.1831405103234108e-03
-3.1653519588365187e-03
-3.1479151972086689e-03
-3.1307723383260989e-03
-3.1139321700874171e-03
-3.0977506811633239e-03
-3.0816949400083440e-03
-3.0661434306288276e-03
-3.0510781265247395e-03
-3.0357006965559359e-03
-3.0208139038208721e-03
-3.0062160561591211e-03
-2.9918764928885504e-03
-2.9780228771994692e-03
-2.9643158557711691e-03
-2.9509572207270791e-03
-2.9376338872905776e-03
-2.9243263878464113e-03
-2.9114259074494320e-03
-2.8988711990335057e-03
-2.8864117826303327e-03
-2.8743322794471337e-03
-2.8625240851789645e-03
-2.8504835606147465e-03
-2.8387510339255885e-03
-2.8272520090303114e-03
-2.8159090431818124e-03
-2.8048846977941481e-03
-2.7940683084826563e-03
-2.7834046730169787e-03
-2.7726991158493189e-03
-2.7621534079959919e-03
-2.7517519906273065e-03
-2.7416259730152644e-03
-2.7317105869872982e-03
-2.7219130013091662e-03
-2.7123702966010315e-03
-2.7027510335708143e-03
-2.6931684898481721e-03
-2.6838302417719240e-03
-2.6747249579743772e-03
-2.6657122460261220e-03
-2.6569077291620775e-03
-2.6483220419585753e-03
-2.6395977046770928e-03
-2.6309707604224952e-03
-2.6225568493782789e-03
-2.6143271512494466e-03
-2.6061988527157974e-03
-2.5982727751186815e-03
-2.5905420200680721e-03
-2.5826784244247368e-03
-2.5749115466455123e-03
-2.5673374278115846e-03
-2.5599411888174305e-03
-2.5526417658876142e-03
-2.5455278188212947e-03
-2.5385944546196296e-03
-2.5315726524032301e-03
-2.5246139720573801e-03
-2.5178357298769449e-03
-2.5112340702567472e-03
-2.5047621467215982e-03
-2.4984313410775240e-03
-2.4922731141635147e-03
-2.4860637815285582e-03
-2.4799250858302379e-03
-2.4739323895470087e-03
-2.4681116371103097e-03
-2.4624606265758538e-03
-2.4569494757291153e-03
-2.4515753899524572e-03
-2.4461498844667116e-03
-2.4408477789531753e-03
-2.4357079285500134e-03
-2.4306940084970431e-03
-2.4258518363194448e-03
-2.4211804705509244e-03
-2.4166792442804662e-03
-2.4120897634510360e-03
-2.4076320170023252e-03
-2.4033504509924919e-03
-2.3992449878414007e-03
-2.3953156927914647e-03
-2.3915303964813480e-03
-2.3879125524679020e-03
-2.3842352436517292e-03
-2.3807420759213620e-03
-2.3774343232640053e-03
0.0000000000000000e+00
4.6618781878818177e-01
3.6295486983223779e-01
7.2925299968229737e+01
];
