%Vec Object:sol 1 MPI processes
%  type: mpi
sol = [
0.0000000000000000e+00
-3.6147083511581276e-03
-3.5898550369349923e-03
-3.5655176291841065e-03
-3.5413954125478515e-03
-3.5182109106875630e-03
-3.4950701775230695e-03
-3.4730214684909996e-03
-3.4514054278725224e-03
-3.4303384751501660e-03
-3.4097359947007936e-03
-3.3890287434804752e-03
-3.3691920373171121e-03
-3.3498229894494409e-03
-3.3308094401369886e-03
-3.3125367810252753e-03
-3.2940414619734462e-03
-3.2759927267750500e-03
-3.2585063187738641e-03
-3.2411612700403653e-03
-3.2244401305555228e-03
-3.2080517061268670e-03
-3.1916473065156927e-03
-3.1756305335585355e-03
-3.1598011189487652e-03
-3.1443766080909634e-03
-3.1294428006347821e-03
-3.1145919115877314e-03
-3.0999559506757340e-03
-3.0855073899442071e-03
-3.0711854878980177e-03
-3.0572968416437952e-03
-3.0437231194463954e-03
-3.0303144140811544e-03
-3.0171322612440902e-03
-3.0039638050547261e-03
-2.9909831916758310e-03
-2.9783649145848547e-03
-2.9659888973356148e-03
-2.9537950945155191e-03
-2.9418435070117130e-03
-2.9298240253838553e-03
-2.9179759274547664e-03
-2.9064396868791098e-03
-2.8951449561888587e-03
-2.8839914052968796e-03
-2.8731085926165692e-03
-2.8621331559458537e-03
-2.8512688552191660e-03
-2.8406796556394221e-03
-2.8303528124184758e-03
-2.8201371421830868e-03
-2.8101563514840908e-03
-2.8001243630639524e-03
-2.7902041966949361e-03
-2.7804647712156793e-03
-2.7709635627889604e-03
-2.7616692275289896e-03
-2.7524926635216530e-03
-2.7433229964740355e-03
-2.7342680290860380e-03
-2.7253508943577134e-03
-2.7166158547184465e-03
-2.7080944855906262e-03
-2.6997704936716749e-03
-2.6914084204661144e-03
-2.6830939181842093e-03
-2.6749845805073519e-03
-2.6670387097957149e-03
-2.6592368225752494e-03
-2.6516329874515386e-03
-2.6441356704279884e-03
-2.6365771754353860e-03
-2.6291793136939369e-03
-2.6219752441405111e-03
-2.6149614137213379e-03
-2.6080915604583654e-03
-2.6013462684087358e-03
-2.5945433726860356e-03
-2.5879294898277561e-03
-2.5814724001046261e-03
-2.5751688172122667e-03
-2.5690520919354506e-03
-2.5631203668904706e-03
-2.5571031626374558e-03
-2.5512177272819293e-03
-2.5455212150164632e-03
-2.5400122121725754e-03
-2.5346896276698312e-03
-2.5295226647657210e-03
-2.5243089542050456e-03
-2.5192445099484111e-03
-2.5143716024170534e-03
-2.5096899760812764e-03
-2.5051651272676137e-03
-2.5008274056190290e-03
-2.4965008804308407e-03
-2.4923069809729714e-03
-2.4883127024876131e-03
0.0000000000000000e+00
4.8737703590560866e-01
3.6295486983223779e-01
7.2925299968229737e+01
];
