%Vec Object:sol 1 MPI processes
%  type: mpi
sol = [
0.0000000000000000e+00
-3.4389916294765265e-04
-3.4160884205370668e-04
-3.3936488793148315e-04
-3.3718298562091783e-04
-3.3509962377320588e-04
-3.3301699254447613e-04
-3.3100752673777473e-04
-3.2900688244040483e-04
-3.2705633351006776e-04
-3.2518930315697303e-04
-3.2332137857012978e-04
-3.2153280684266605e-04
-3.1978566320935294e-04
-3.1802501220754405e-04
-3.1632617812145711e-04
-3.1464135355803110e-04
-3.1300933587635510e-04
-3.1142822047398655e-04
-3.0985828686504581e-04
-3.0833504402351803e-04
-3.0680442020099540e-04
-3.0530120808692216e-04
-3.0384870626279056e-04
-3.0241209202239454e-04
-3.0101202086521794e-04
-2.9965670487197625e-04
-2.9828464484181900e-04
-2.9693369220218190e-04
-2.9561890313017409e-04
-2.9431459294799051e-04
-2.9304988986746035e-04
-2.9181363844694161e-04
-2.9059170200745687e-04
-2.8937268896042965e-04
-2.8816998320938957e-04
-2.8698385307822187e-04
-2.8583091769909179e-04
-2.8469982517600198e-04
-2.8358490879274811e-04
-2.8249798529170753e-04
-2.8139638176529749e-04
-2.8031004399797771e-04
-2.7925236842671287e-04
-2.7821670840416532e-04
-2.7719355262677855e-04
-2.7619690679423663e-04
-2.7521252574193799e-04
-2.7421294591707413e-04
-2.7323875229591288e-04
-2.7228876816763847e-04
-2.7134862481005881e-04
-2.7043013091646527e-04
-2.6953436568118589e-04
-2.6863387642809086e-04
-2.6773494318142483e-04
-2.6685810230645722e-04
-2.6600039357246668e-04
-2.6515334175507694e-04
-2.6432723504644793e-04
-2.6352131360601313e-04
-2.6270206820214420e-04
-2.6189348912671674e-04
-2.6110484336290394e-04
-2.6033460239570681e-04
-2.5957447920705375e-04
-2.5883352005272303e-04
-2.5810927509396293e-04
-2.5737195301582977e-04
-2.5664805542180088e-04
-2.5594276709145426e-04
-2.5525568395325896e-04
-2.5458201401206342e-04
-2.5392290972477507e-04
-2.5327193013842939e-04
-2.5261993116874182e-04
-2.5198149350609772e-04
-2.5135808475603506e-04
-2.5075234517444288e-04
-2.5016404296220165e-04
-2.4959011352341826e-04
-2.4901301340870424e-04
-2.4844373841151422e-04
-2.4789205631331414e-04
-2.4735700619122984e-04
-2.4683487676651798e-04
-2.4633033550929960e-04
-2.4584333914545731e-04
-2.4534863009202548e-04
-2.4486800069085262e-04
-2.4440358086775209e-04
-2.4395716028843915e-04
-2.4352872389919532e-04
-2.4311827018928079e-04
-2.4271410897365309e-04
-2.4231125863548498e-04
-2.4192714552102786e-04
-2.4156183821048488e-04
-2.4121541800756029e-04
0.0000000000000000e+00
4.7280210825213864e-01
3.6295485309822773e-01
7.2925365311217348e+01
];
