%Vec Object:sol 1 MPI processes
%  type: mpi
sol = [
0.0000000000000000e+00
-3.3107533209504654e-10
-2.4816253077205130e-03
-2.2920738656621981e-03
-2.0003339514063417e-03
-1.7843178352411548e-03
-1.6019417709189365e-03
-1.4481047980231128e-03
-1.3074206188741864e-03
-1.1818252782715437e-03
-1.0580303949984252e-03
-9.3504380986393697e-04
-8.0969547682162367e-04
-6.7726134776372002e-04
-5.4934902577686553e-04
-4.1997431503554809e-04
-3.1078653446693226e-04
-2.1454421304585990e-04
-1.4718313867430907e-04
-9.9121084218374653e-05
-7.3395642147974061e-05
1.2249857321082658e-03
-5.7656782346285396e-05
-6.1952941539467125e-05
-6.8735230612361874e-05
-7.6368393113095757e-05
-8.3681121379898835e-05
-9.0059177242693219e-05
-9.5577215490792253e-05
-9.9794538513187602e-05
-1.0324236539584220e-04
-1.0570811290372882e-04
-1.0747532595688075e-04
-1.0869187232736145e-04
-1.0929341467677180e-04
-1.0947438805312490e-04
-1.0922837028916301e-04
-1.0851624951974802e-04
-1.0738997233664872e-04
-1.0579831759082833e-04
-1.0362131157166031e-04
-1.0077861242788728e-04
-9.7053358353734769e-05
-9.2092328811311768e-05
-8.5192342956192925e-05
2.5814522327782031e-03
1.7423638819766922e-03
-1.1636829123038899e-04
-1.2019116642510680e-04
-1.2271218624198662e-04
-1.2424644850651047e-04
-1.2505294394540649e-04
-1.2534931186821761e-04
-1.2531239979776592e-04
-1.2511930898859906e-04
-1.2490547460536502e-04
-1.2474454397983851e-04
-1.2467842782156404e-04
-1.2473122140417887e-04
-1.2488315533452202e-04
-1.2509053689489490e-04
-1.2535538515371703e-04
-1.2562668766081874e-04
-1.2587012806017267e-04
-1.2607734400126033e-04
-1.2625047473627159e-04
-1.2637782970360939e-04
-1.2645105493647787e-04
-1.2647963327645008e-04
-1.2647397075122744e-04
-1.2642821951398687e-04
-1.2633495519913889e-04
-1.2622316195410273e-04
-1.2608679200912850e-04
-1.2590783372734939e-04
-1.2569721419818629e-04
-1.2546260493000584e-04
-1.2519737166567224e-04
-1.2489487188605650e-04
-1.2455719807283964e-04
-1.2419632355709385e-04
-1.2380376147508689e-04
-1.2337556678658802e-04
-1.2290789135904127e-04
-1.2240876146857619e-04
-1.2187730367237506e-04
-1.2130614430947879e-04
-1.2069277580325840e-04
-1.2003359917975188e-04
-1.1934064090974762e-04
-1.1860273522179096e-04
-1.1781465400549548e-04
-1.1697527776978295e-04
-1.1608581180927655e-04
-1.1513623820716260e-04
-1.1412210494248588e-04
-1.1304267336604441e-04
-1.1188629604872787e-04
-1.1065616799881656e-04
0.0000000000000000e+00
6.2906796260683484e-01
3.3127765252509739e-01
1.6665261798729556e+01
];
