%Vec Object:sol 1 MPI processes
%  type: mpi
sol = [
0.0000000000000000e+00
-4.3496621404968868e-10
-4.9334023626337641e-10
-5.0506306689112453e-10
-5.1357384131395920e-10
-6.4910804889099362e-10
-2.0147426596592915e-03
-1.8209529279656321e-03
-1.6443104398848473e-03
-1.4869861470399048e-03
-1.3329320865913157e-03
-1.1814383171078276e-03
-1.0283733274858789e-03
-8.6831459778710022e-04
-7.1499785214175862e-04
-5.6095990674112552e-04
-4.3164180323827908e-04
-3.1807210379507022e-04
-2.3870186160262791e-04
-1.8208978467025274e-04
-1.5152271748324712e-04
-1.3692004475576925e-04
-1.3448180601477772e-04
-1.3849026867362812e-04
-1.4549668089367923e-04
-1.5337336841556086e-04
-1.6071043900848370e-04
-1.6683590004717231e-04
-1.7180929708392317e-04
-1.7524885372308322e-04
-1.7772685631143020e-04
-1.7908842076658267e-04
-1.7969844952273634e-04
-1.7971190381652939e-04
-1.7918536401414557e-04
-1.7832370636690535e-04
-1.7717901928211347e-04
-1.7581533646084032e-04
-1.7430581485488461e-04
-1.7269372957042216e-04
-1.7100243201309081e-04
-1.6925971518711624e-04
-1.6746064911560526e-04
-1.6566642540350726e-04
-1.6387510630620658e-04
-1.6201731402171700e-04
-1.6019840577999775e-04
-1.5839738984787716e-04
-1.5660655284520513e-04
-1.5476705323727154e-04
-1.5298439866887517e-04
-1.5122154813926666e-04
-1.4947913647234319e-04
-1.4772048864224597e-04
-1.4596361754876751e-04
-1.4426633616626325e-04
-1.4257481100455233e-04
-1.4088406890751335e-04
-1.3922528421526610e-04
-1.3756704986139857e-04
-1.3590150796490466e-04
-1.3428999347834885e-04
-1.3269801147112095e-04
-1.3110738490955891e-04
-1.2952263327179402e-04
-1.2797233266680826e-04
-1.2643672623930853e-04
-1.2489907846474497e-04
-1.2337976523320269e-04
-1.2188693599716101e-04
-1.2039514367625769e-04
-1.1890646873674261e-04
-1.1745014810179187e-04
-1.1601724227307105e-04
-1.1458274268381922e-04
-1.1315492146968203e-04
-1.1174998443866240e-04
-1.1036044576715208e-04
-1.0897336624771655e-04
-1.0758484328205866e-04
-1.0622101632393514e-04
-1.0487395913116710e-04
-1.0353310377188739e-04
-1.0219377244751244e-04
-1.0086809127443674e-04
-9.9557738730198279e-05
-9.8253960805622383e-05
-9.6954741707928806e-05
-9.5655618383625656e-05
-9.4367235536057658e-05
-9.3077670056628648e-05
-9.1805599898080748e-05
-9.0538251204924124e-05
-8.9279945923869002e-05
-8.8022475555809445e-05
-8.6748565225463171e-05
-8.5487123513271784e-05
-8.4234496477645406e-05
-8.2988868732948722e-05
0.0000000000000000e+00
7.1193583950538930e-01
3.0149184199882217e-01
8.4856037655445586e+00
];
