%Vec Object:sol 1 MPI processes
%  type: mpi
sol = [
0.0000000000000000e+00
-3.7790085154706145e-03
-3.7515644760510885e-03
-3.7247072582578746e-03
-3.6986110736886455e-03
-3.6736810823516960e-03
-3.6488178971796075e-03
-3.6247835832219398e-03
-3.6009755135061614e-03
-3.5777804593356034e-03
-3.5555689925225020e-03
-3.5333955058678497e-03
-3.5121383960617239e-03
-3.4908498172918985e-03
-3.4699641026706128e-03
-3.4498856484301366e-03
-3.4300025806152791e-03
-3.4107457219574415e-03
-3.3918614971229222e-03
-3.3728568273878922e-03
-3.3545313173902942e-03
-3.3365777143898154e-03
-3.3189597427014340e-03
-3.3019344925988643e-03
-3.2847192549392110e-03
-3.2678609637980388e-03
-3.2515367047289637e-03
-3.2353177423337146e-03
-3.2195936769870192e-03
-3.2042185039192674e-03
-3.1886102997199938e-03
-3.1734725913388187e-03
-3.1586805506372971e-03
-3.1440765304610080e-03
-3.1298955989386293e-03
-3.1157986373323743e-03
-3.1016919057475947e-03
-3.0879778969653939e-03
-3.0745302921237503e-03
-3.0612858156620253e-03
-3.0483993674583539e-03
-3.0354547427816031e-03
-3.0226147049966568e-03
-3.0101117365381323e-03
-2.9978717827718270e-03
-2.9857895721920697e-03
-2.9739920122455500e-03
-2.9621255704589625e-03
-2.9503844086105520e-03
-2.9389395457975948e-03
-2.9277772694398293e-03
-2.9167393426919983e-03
-2.9058336288412113e-03
-2.8949646507662615e-03
-2.8842709673545905e-03
-2.8737731069294566e-03
-2.8635307701575146e-03
-2.8535109551867839e-03
-2.8434176137062698e-03
-2.8334397465523170e-03
-2.8237016185362579e-03
-2.8141129637170048e-03
-2.8047197374002669e-03
-2.7955546263547719e-03
-2.7863255602709894e-03
-2.7771802927249248e-03
-2.7682595338319560e-03
-2.7595570606358606e-03
-2.7510292362270786e-03
-2.7426172839042791e-03
-2.7341542145864687e-03
-2.7259024622222384e-03
-2.7178092914296129e-03
-2.7098868037237957e-03
-2.7021693341232572e-03
-2.6945406590020535e-03
-2.6868919814778771e-03
-2.6794171367906291e-03
-2.6721443386292757e-03
-2.6650705625833743e-03
-2.6581621336031203e-03
-2.6512333160490860e-03
-2.6444106903759116e-03
-2.6377870475416294e-03
-2.6313515422332840e-03
-2.6250635300279009e-03
-2.6189732565657952e-03
-2.6128290738357675e-03
-2.6068689102508973e-03
-2.6010760147868448e-03
-2.5954642125528712e-03
-2.5900524849940322e-03
-2.5847780536001302e-03
-2.5795112985571816e-03
-2.5744118427031932e-03
-2.5695109376514427e-03
-2.5648160607261339e-03
-2.5603275669761937e-03
-2.5559053612436815e-03
0.0000000000000000e+00
5.0056933627368116e-01
3.6295486983223779e-01
7.2925299968229737e+01
];
