%Vec Object:sol 1 MPI processes
%  type: mpi
sol = [
0.0000000000000000e+00
-3.7918356138258089e-04
-3.7642932739508881e-04
-3.7373408065918248e-04
-3.7111531291234999e-04
-3.6861370180575327e-04
-3.6610541616674969e-04
-3.6366784043484734e-04
-3.6127960740015209e-04
-3.5895293713127970e-04
-3.5672503258830495e-04
-3.5450093491406722e-04
-3.5232977947903315e-04
-3.5019501687240509e-04
-3.4810067591110037e-04
-3.4608735456744476e-04
-3.4409361396483618e-04
-3.4215342347395153e-04
-3.4023107198201809e-04
-3.3832600118012475e-04
-3.3648905745972300e-04
-3.3468939200370239e-04
-3.3292336272635893e-04
-3.3118784001073137e-04
-3.2945388112502207e-04
-3.2776451510839401e-04
-3.2612868845448322e-04
-3.2450336584744085e-04
-3.2292769255363671e-04
-3.2135000961842919e-04
-3.1978627515522723e-04
-3.1826969251052043e-04
-3.1678773034309700e-04
-3.1532456483817896e-04
-3.1388940016997791e-04
-3.1245542318562522e-04
-3.1104248845673012e-04
-3.0966888643503597e-04
-3.0832194080856681e-04
-3.0699530321103024e-04
-3.0567749684491056e-04
-3.0437270423831672e-04
-3.0308695258305312e-04
-3.0183494860878442e-04
-3.0060926329120678e-04
-2.9939936906420660e-04
-2.9818314160277908e-04
-2.9699521983438603e-04
-2.9581979438385075e-04
-2.9467402846738473e-04
-2.9355654832941707e-04
-2.9244059948618946e-04
-2.9132562390124381e-04
-2.9023786064260470e-04
-2.8916761641746422e-04
-2.8811695380575843e-04
-2.8709186573346626e-04
-2.8606864681726088e-04
-2.8504552677984175e-04
-2.8404726165337529e-04
-2.8307298795360357e-04
-2.8211365147445263e-04
-2.8117384246215832e-04
-2.8022813813266995e-04
-2.7930087517959705e-04
-2.7838623054353190e-04
-2.7749405157233558e-04
-2.7662371557920937e-04
-2.7576501231776419e-04
-2.7489732376455186e-04
-2.7405127392739111e-04
-2.7322636339288474e-04
-2.7241730366208067e-04
-2.7162531034506020e-04
-2.7083969990514907e-04
-2.7005960325556704e-04
-2.6929532795156848e-04
-2.6854843211235845e-04
-2.6782174706800686e-04
-2.6711497192814950e-04
-2.6640283222543034e-04
-2.6570134966318184e-04
-2.6501999345448005e-04
-2.6435853351748813e-04
-2.6371588133287786e-04
-2.6308534912408731e-04
-2.6245062500485701e-04
-2.6183597954609352e-04
-2.6124127615150049e-04
-2.6066328451872066e-04
-2.6010339564720209e-04
-2.5955255914272824e-04
-2.5900713692361937e-04
-2.5848205430156822e-04
-2.5797369635139668e-04
-2.5748519970795434e-04
-2.5701731787713239e-04
-2.5655077221133348e-04
-2.5609966679656217e-04
0.0000000000000000e+00
5.0161675690146990e-01
3.6295485309822773e-01
7.2925365311217348e+01
];
