%Vec Object:sol 1 MPI processes
%  type: mpi
sol = [
0.0000000000000000e+00
-3.5867221583748212e-03
-3.5620924636576411e-03
-3.5379724466496304e-03
-3.5145266358405538e-03
-3.4919460222588052e-03
-3.4689959642221252e-03
-3.4471269456024488e-03
-3.4256858667110384e-03
-3.4047881021894077e-03
-3.3847837914518517e-03
-3.3646565372367904e-03
-3.3449645380823883e-03
-3.3257357391619853e-03
-3.3068590046459595e-03
-3.2887163621388503e-03
-3.2707328575458878e-03
-3.2532671546573297e-03
-3.2358923134326485e-03
-3.2186577310741060e-03
-3.2020418149488711e-03
-3.1857559380372639e-03
-3.1697665423546730e-03
-3.1543171893047383e-03
-3.1386155978698044e-03
-3.1232745903756244e-03
-3.1084206426785482e-03
-3.0936494005717550e-03
-3.0793295727666991e-03
-3.0653946633556078e-03
-3.0512708386906512e-03
-3.0374444625359143e-03
-3.0239311403103143e-03
-3.0105821786460163e-03
-2.9976205899779006e-03
-2.9849200312532641e-03
-2.9722091601305871e-03
-2.9596360302816204e-03
-2.9473041095145810e-03
-2.9351538184024012e-03
-2.9233324241691636e-03
-2.9117408375523130e-03
-2.9002328254207881e-03
-2.8887277889841369e-03
-2.8774634269166099e-03
-2.8663401689058279e-03
-2.8555037209684795e-03
-2.8449211056677951e-03
-2.8344420811141574e-03
-2.8238933298842419e-03
-2.8135842196380986e-03
-2.8033865636924475e-03
-2.7934231105060411e-03
-2.7837046653354188e-03
-2.7741398441110967e-03
-2.7645233433744743e-03
-2.7550305217789737e-03
-2.7457442257284898e-03
-2.7365759854916763e-03
-2.7276326518878603e-03
-2.7189064537265369e-03
-2.7101862965314225e-03
-2.7014516036416689e-03
-2.6929302906271847e-03
-2.6846061680380201e-03
-2.6763928219283801e-03
-2.6683840938822208e-03
-2.6605372520842217e-03
-2.6525845829609000e-03
-2.6447762328250090e-03
-2.6371658770509461e-03
-2.6297490997452462e-03
-2.6224759169898222e-03
-2.6153581455624414e-03
-2.6081806113938282e-03
-2.6011530646524034e-03
-2.5942698884614322e-03
-2.5875461450965208e-03
-2.5810090479692323e-03
-2.5746559848280680e-03
-2.5682856369580271e-03
-2.5619620176678933e-03
-2.5558252217965280e-03
-2.5498733011413179e-03
-2.5440961181292985e-03
-2.5384550172371772e-03
-2.5328951995375595e-03
-2.5273603493894468e-03
-2.5220119594208459e-03
-2.5168194299497785e-03
-2.5117962226541553e-03
-2.5069607511952999e-03
-2.5022634395656077e-03
-2.4975507575515045e-03
-2.4929951471058969e-03
-2.4886267346858090e-03
-2.4844529109822764e-03
-2.4804742424092011e-03
-2.4766830395432145e-03
0.0000000000000000e+00
4.8510508946279807e-01
3.6295486983223779e-01
7.2925299968229737e+01
];
