%Vec Object:sol 1 MPI processes
%  type: mpi
sol = [
0.0000000000000000e+00
-4.1606508917510637e-03
-4.1265091585025700e-03
-4.0930979661136140e-03
-4.0606114520695480e-03
-4.0290590649375282e-03
-3.9974335389033186e-03
-3.9672028165381864e-03
-3.9375779604062678e-03
-3.9086673239806507e-03
-3.8803227048543067e-03
-3.8520862935484323e-03
-3.8249568990589250e-03
-3.7984546177701412e-03
-3.7722333496252036e-03
-3.7466008900634540e-03
-3.7212416439410326e-03
-3.6966333853736505e-03
-3.6727468912086682e-03
-3.6487431483065466e-03
-3.6253510481489277e-03
-3.6024192406241716e-03
-3.5799062723763991e-03
-3.5580944728159634e-03
-3.5361160323830296e-03
-3.5146124631799764e-03
-3.4937405736544208e-03
-3.4730269340393608e-03
-3.4528655610321980e-03
-3.4327815779879632e-03
-3.4129021369328078e-03
-3.3935784060326107e-03
-3.3746722738747649e-03
-3.3559119987986732e-03
-3.3373189134085169e-03
-3.3190901768333668e-03
-3.3011285863330810e-03
-3.2836321638312497e-03
-3.2663226175888753e-03
-3.2490057694094716e-03
-3.2321247064432718e-03
-3.2155644039797895e-03
-3.1992469353251405e-03
-3.1831681748740038e-03
-3.1671922186584235e-03
-3.1514323275928695e-03
-3.1360536240468929e-03
-3.1210174828415265e-03
-3.1059820570646227e-03
-3.0911139709128461e-03
-3.0765950551658065e-03
-3.0622547833920812e-03
-3.0482316285049740e-03
-3.0343705839700162e-03
-3.0205619858859785e-03
-3.0070084993053755e-03
-2.9937738900978816e-03
-2.9808226300762786e-03
-2.9679016987548493e-03
-2.9551163261753361e-03
-2.9426326344394482e-03
-2.9303543179776312e-03
-2.9183304625117500e-03
-2.9064625899909045e-03
-2.8946935974578565e-03
-2.8831057916462086e-03
-2.8718035793467516e-03
-2.8607803930717039e-03
-2.8498818757724761e-03
-2.8390118682343423e-03
-2.8284190410786231e-03
-2.8180982209830368e-03
-2.8079937758677580e-03
-2.7980390645050289e-03
-2.7881517230832500e-03
-2.7785320283180877e-03
-2.7691290301435599e-03
-2.7599593500096864e-03
-2.7510035380646784e-03
-2.7420905995260134e-03
-2.7334078956684381e-03
-2.7249517537101062e-03
-2.7167584646573214e-03
-2.7088071938594234e-03
-2.7008673594996688e-03
-2.6931393112110060e-03
-2.6856758316660145e-03
-2.6784753192075255e-03
-2.6715364925373429e-03
-2.6645880695793261e-03
-2.6578755017222714e-03
-2.6514300170643497e-03
-2.6452509765693293e-03
-2.6393378984731698e-03
-2.6334512210891554e-03
-2.6277904632888258e-03
-2.6224025522906579e-03
-2.6172877397924008e-03
-2.6124464119907358e-03
0.0000000000000000e+00
5.2974193510294287e-01
3.6295486983223779e-01
7.2925299968229737e+01
];
