%Vec Object:sol 1 MPI processes
%  type: mpi
sol = [
0.0000000000000000e+00
-4.1393250741166037e-04
-4.1056072329741044e-04
-4.0726172947929057e-04
-4.0405481209898408e-04
-4.0098482791815174e-04
-3.9787872337881551e-04
-3.9489557366525959e-04
-3.9197285143907862e-04
-3.8912393923120540e-04
-3.8638453661209854e-04
-3.8359939837372082e-04
-3.8092451961527560e-04
-3.7831218318699786e-04
-3.7574901206080123e-04
-3.7325927741876014e-04
-3.7076010540461026e-04
-3.6833579187741907e-04
-3.6598342737348551e-04
-3.6365385439523650e-04
-3.6137192728127160e-04
-3.5911393285002535e-04
-3.5689772705107072e-04
-3.5475141000404639e-04
-3.5263214520873389e-04
-3.5052690940638666e-04
-3.4847341774977186e-04
-3.4643573328676082e-04
-3.4445645595244581e-04
-3.4252757247908803e-04
-3.4057558083008734e-04
-3.3867529017264799e-04
-3.3681660148286252e-04
-3.3498223570202403e-04
-3.3319628255081322e-04
-3.3140408137864952e-04
-3.2963841556133311e-04
-3.2791904485928228e-04
-3.2623215633068768e-04
-3.2456638147716473e-04
-3.2290713279272331e-04
-3.2127973773712367e-04
-3.1967640682792483e-04
-3.1811294164498747e-04
-3.1657537432971613e-04
-3.1502624178280004e-04
-3.1351494068035857e-04
-3.1203760202865147e-04
-3.1057709876941428e-04
-3.0914572053308614e-04
-3.0771839942487155e-04
-3.0630862712394173e-04
-3.0493022154336582e-04
-3.0358431888527249e-04
-3.0225522266630469e-04
-3.0092192113485904e-04
-2.9962012114854590e-04
-2.9834625804873072e-04
-2.9709035689200712e-04
-2.9586058718710959e-04
-2.9463146241817705e-04
-2.9342243566064428e-04
-2.9223840164748882e-04
-2.9108282811182137e-04
-2.8995217544287063e-04
-2.8880957844068224e-04
-2.8769505164937133e-04
-2.8660792687316690e-04
-2.8554357128899606e-04
-2.8449992982008590e-04
-2.8345416840043432e-04
-2.8243438072355747e-04
-2.8143567439711803e-04
-2.8045933481578669e-04
-2.7950897352522846e-04
-2.7855973561534593e-04
-2.7762799312317253e-04
-2.7671896324788598e-04
-2.7583563245349928e-04
-2.7497768928138537e-04
-2.7412104718820880e-04
-2.7328000026915626e-04
-2.7246457195908712e-04
-2.7167452196467744e-04
-2.7090870994351488e-04
-2.7014618249885535e-04
-2.6940013823399108e-04
-2.6867965752567136e-04
-2.6798459871056190e-04
-2.6731158193593998e-04
-2.6664898674096734e-04
-2.6600035327455676e-04
-2.6537758704496366e-04
-2.6478063105230286e-04
-2.6420570515049219e-04
-2.6364624098834075e-04
-2.6309881976689246e-04
-2.6257790502460539e-04
-2.6208352741131924e-04
0.0000000000000000e+00
5.2812954363888576e-01
3.6295485309822773e-01
7.2925365311217348e+01
];
