%Vec Object:sol 1 MPI processes
%  type: mpi
sol = [
0.0000000000000000e+00
-3.9273683509603071e-04
-3.8979600440461993e-04
-3.8691896336950004e-04
-3.8412392550786863e-04
-3.8143451053994755e-04
-3.7870985087111409e-04
-3.7611168639313232e-04
-3.7356672213314254e-04
-3.7108765776794849e-04
-3.6870413163440013e-04
-3.6627669988772987e-04
-3.6394995241627391e-04
-3.6167917235956597e-04
-3.5945186096102296e-04
-3.5731027502054866e-04
-3.5513744627579485e-04
-3.5303080977694071e-04
-3.5098964620198814e-04
-3.4896755728704572e-04
-3.4701740272149236e-04
-3.4506935828092840e-04
-3.4314501994391799e-04
-3.4128469019341275e-04
-3.3944781431491887e-04
-3.3765813750295440e-04
-3.3590214061510383e-04
-3.3413365666985615e-04
-3.3241863832981469e-04
-3.3074957444245679e-04
-3.2909671075361625e-04
-3.2748512414553264e-04
-3.2587414031459976e-04
-3.2428437328862276e-04
-3.2274024111838900e-04
-3.2122772185206526e-04
-3.1973758152120262e-04
-3.1825224880254973e-04
-3.1679052712338754e-04
-3.1535133637839249e-04
-3.1395073709529980e-04
-3.1257776264709329e-04
-3.1120384671289849e-04
-3.0984745791915125e-04
-3.0851963942127357e-04
-3.0720942559689000e-04
-3.0593268785174591e-04
-3.0467906351984225e-04
-3.0340832632140606e-04
-3.0216945831198968e-04
-3.0096099927822122e-04
-2.9976650565459218e-04
-2.9859932516220812e-04
-2.9743198228707299e-04
-2.9627692781597481e-04
-2.9514315414738517e-04
-2.9403682153405087e-04
-2.9295448253540633e-04
-2.9187213407459847e-04
-2.9079685022069817e-04
-2.8974727618276809e-04
-2.8871404364115203e-04
-2.8770189230329735e-04
-2.8671304943700122e-04
-2.8571622243554003e-04
-2.8473325404396551e-04
-2.8377429629695321e-04
-2.8283868559081350e-04
-2.8192189099630362e-04
-2.8100233220037157e-04
-2.8009469141383319e-04
-2.7920960619769826e-04
-2.7834161087932687e-04
-2.7749194421162267e-04
-2.7665718467183059e-04
-2.7582195334047654e-04
-2.7500372199923249e-04
-2.7420408165725768e-04
-2.7342593098692432e-04
-2.7266894181917619e-04
-2.7190620188505970e-04
-2.7115673908004303e-04
-2.7042861989930064e-04
-2.6972159389215334e-04
-2.6903452751064289e-04
-2.6835126029275426e-04
-2.6767433404162295e-04
-2.6701863060543988e-04
-2.6638399570514797e-04
-2.6576709548705536e-04
-2.6516778198473821e-04
-2.6456541577271072e-04
-2.6398452218661669e-04
-2.6342503525737625e-04
-2.6288322905901177e-04
-2.6236231485290604e-04
-2.6184576260749351e-04
-2.6134347004082986e-04
-2.6086329160633019e-04
0.0000000000000000e+00
5.1215909815329941e-01
3.6295485309822773e-01
7.2925365311217348e+01
];
