%Vec Object:sol 1 MPI processes
%  type: mpi
sol = [
0.0000000000000000e+00
-4.0794746572158622e-04
-4.0475147806421513e-04
-4.0162479760220347e-04
-3.9852276375138977e-04
-3.9555184567961510e-04
-3.9259423965132126e-04
-3.8977114143422714e-04
-3.8699463502808387e-04
-3.8423833846678023e-04
-3.8159491678734343e-04
-3.7896057421574772e-04
-3.7643306495559669e-04
-3.7394525638447359e-04
-3.7146762856798922e-04
-3.6908241509531843e-04
-3.6672263266110270e-04
-3.6443514061208082e-04
-3.6219133071918830e-04
-3.5994153740685644e-04
-3.5776928940781886e-04
-3.5564098013174264e-04
-3.5355256737219705e-04
-3.5150324814559009e-04
-3.4945861905322207e-04
-3.4746539386736947e-04
-3.4553308496349081e-04
-3.4361514668961382e-04
-3.4172445053748824e-04
-3.3986547297102212e-04
-3.3802542397769322e-04
-3.3623891069379499e-04
-3.3449234660086697e-04
-3.3274033694937372e-04
-3.3102148626118922e-04
-3.2933733703355392e-04
-3.2767829634627643e-04
-3.2606392192261575e-04
-3.2445431939875479e-04
-3.2285432424423982e-04
-3.2129608399773032e-04
-3.1976822664530653e-04
-3.1826303438013242e-04
-3.1677290830298761e-04
-3.1529790977802118e-04
-3.1384287775918190e-04
-3.1242416087943255e-04
-3.1103792470206536e-04
-3.0964745903025578e-04
-3.0827399167205596e-04
-3.0693360997722423e-04
-3.0560937132782204e-04
-3.0431500454040065e-04
-3.0303593688802940e-04
-3.0175866739333575e-04
-3.0050504284206400e-04
-2.9928138453747053e-04
-2.9808413961890623e-04
-2.9689193813072401e-04
-2.9570664030766086e-04
-2.9454950765728162e-04
-2.9341092418776465e-04
-2.9229575356810899e-04
-2.9120043187390727e-04
-2.9010576327648333e-04
-2.8902712166985358e-04
-2.8797489593907020e-04
-2.8694840670170999e-04
-2.8594046840820853e-04
-2.8492403491964810e-04
-2.8393308162332479e-04
-2.8296706834552663e-04
-2.8202041288189649e-04
-2.8109439218215786e-04
-2.8016558201966074e-04
-2.7925931401177271e-04
-2.7837232715320387e-04
-2.7750625117944254e-04
-2.7666404961349043e-04
-2.7582382925289185e-04
-2.7499797396540553e-04
-2.7419223969575563e-04
-2.7341023211327486e-04
-2.7265169880493157e-04
-2.7189901540396568e-04
-2.7115464166350587e-04
-2.7043406493741217e-04
-2.6973709783706791e-04
-2.6906358758048806e-04
-2.6839834941435529e-04
-2.6774108634744872e-04
-2.6710776920555590e-04
-2.6649831588379443e-04
-2.6591266136816242e-04
-2.6533941009042257e-04
-2.6477247712094820e-04
-2.6423000606258724e-04
-2.6371200885725194e-04
-2.6321851202521277e-04
0.0000000000000000e+00
5.2365592030306840e-01
3.6295485309822773e-01
7.2925365311217348e+01
];
