%Vec Object:sol 1 MPI processes
%  type: mpi
sol = [
0.0000000000000000e+00
-3.4117788691676700e-03
-3.3893567352535708e-03
-3.3670739218383465e-03
-3.3454061899346656e-03
-3.3247150523832690e-03
-3.3040318831696436e-03
-3.2843357413407138e-03
-3.2650133154989171e-03
-3.2457256649889997e-03
-3.2271685526689946e-03
-3.2086036901744978e-03
-3.1908260763934509e-03
-3.1734606559940919e-03
-3.1564033042404188e-03
-3.1399624438014544e-03
-3.1232055862813915e-03
-3.1069732943987969e-03
-3.0912466975347207e-03
-3.0756321595260907e-03
-3.0605826756732921e-03
-3.0458263133251997e-03
-3.0311745917699158e-03
-3.0167167080966490e-03
-3.0024176640042087e-03
-2.9884821614289433e-03
-2.9749916123969346e-03
-2.9615636781866956e-03
-2.9485481123614809e-03
-2.9356525804364693e-03
-2.9226613328273946e-03
-2.9100641822330142e-03
-2.8977505171485451e-03
-2.8855797520931092e-03
-2.8737639203649020e-03
-2.8621837111077525e-03
-2.8504780724260192e-03
-2.8389859999853550e-03
-2.8277119647313800e-03
-2.8165997325789614e-03
-2.8057895889277797e-03
-2.7951878368813873e-03
-2.7847308068349222e-03
-2.7742299285110931e-03
-2.7638985982965333e-03
-2.7536926656197983e-03
-2.7437510086243621e-03
-2.7340426284768508e-03
-2.7244248392723743e-03
-2.7150476139129647e-03
-2.7055638030163238e-03
-2.6961789652017614e-03
-2.6870102117742783e-03
-2.6780681367176728e-03
-2.6692659749145693e-03
-2.6606229174796769e-03
-2.6521400794038458e-03
-2.6435708613208259e-03
-2.6351086975874446e-03
-2.6268556680406631e-03
-2.6188046177099259e-03
-2.6108741893006641e-03
-2.6031066249840463e-03
-2.5954338528348829e-03
-2.5877318772648547e-03
-2.5801315691674760e-03
-2.5727226712784572e-03
-2.5655000901390495e-03
-2.5584246404421439e-03
-2.5514781320925949e-03
-2.5445700944992898e-03
-2.5376918986273439e-03
-2.5309481015704997e-03
-2.5243501373764087e-03
-2.5179297753384600e-03
-2.5116839499667760e-03
-2.5055690213005516e-03
-2.4994123678134463e-03
-2.4933407941120644e-03
-2.4874436018604592e-03
-2.4816904215456742e-03
-2.4760783296090111e-03
-2.4706392157017522e-03
-2.4653715056829292e-03
-2.4600296673064066e-03
-2.4547879377487909e-03
-2.4497220796581834e-03
-2.4448310383715964e-03
-2.4401140448917754e-03
-2.4355420360945754e-03
-2.4310915274859059e-03
-2.4266008742875535e-03
-2.4222900698642347e-03
-2.4181590908295891e-03
-2.4141752848988144e-03
-2.4103677482852372e-03
-2.4067438069021677e-03
-2.4031950893362670e-03
-2.3996978544660115e-03
0.0000000000000000e+00
4.7042110837110379e-01
3.6295486983223779e-01
7.2925299968229737e+01
];
