%Vec Object:sol 1 MPI processes
%  type: mpi
sol = [
0.0000000000000000e+00
-3.8977407364935426e-04
-3.8685936568394540e-04
-3.8400790209743561e-04
-3.8123772123858311e-04
-3.7859077014450583e-04
-3.7595272278018047e-04
-3.7338221007534228e-04
-3.7085867133104572e-04
-3.6840052655495644e-04
-3.6604612212248077e-04
-3.6369726035263004e-04
-3.6140764627097457e-04
-3.5915494567865185e-04
-3.5694544248799634e-04
-3.5482098062427210e-04
-3.5271807003507840e-04
-3.5065952879062936e-04
-3.4863379456362360e-04
-3.4662709998227220e-04
-3.4469184808398400e-04
-3.4279616156260799e-04
-3.4093145572649717e-04
-3.3908445640318252e-04
-3.3726085396762934e-04
-3.3548418980183342e-04
-3.3376363087516298e-04
-3.3205480271850389e-04
-3.3036297338750477e-04
-3.2870516960090265e-04
-3.2706356543813414e-04
-3.2547130063709993e-04
-3.2391544037372217e-04
-3.2236300562351911e-04
-3.2082851846583732e-04
-3.1932552468613777e-04
-3.1784485756571485e-04
-3.1640530700226553e-04
-3.1499368168020058e-04
-3.1356345999588507e-04
-3.1217098711846283e-04
-3.1080604457634382e-04
-3.0946123026485376e-04
-3.0815163751854229e-04
-3.0684740732426591e-04
-3.0554401389023053e-04
-3.0427395340518659e-04
-3.0303355576421706e-04
-3.0180644533740026e-04
-3.0060495283565282e-04
-2.9940193377575076e-04
-2.9821287465782545e-04
-2.9705102386289826e-04
-2.9591748180309864e-04
-2.9480228960977810e-04
-2.9368325114542302e-04
-2.9258108432113713e-04
-2.9150282902977540e-04
-2.9043887012995058e-04
-2.8940071291883837e-04
-2.8837923656500306e-04
-2.8734902218670078e-04
-2.8633982394069062e-04
-2.8535497649141733e-04
-2.8439268314859060e-04
-2.8344357989507795e-04
-2.8249300288183164e-04
-2.8155906063793198e-04
-2.8064387727077237e-04
-2.7974533315196839e-04
-2.7886917429518018e-04
-2.7800505958279199e-04
-2.7713764892468195e-04
-2.7628851135367064e-04
-2.7546115376911518e-04
-2.7465515823666661e-04
-2.7386554061434450e-04
-2.7306914425798747e-04
-2.7229027973865489e-04
-2.7153249865607894e-04
-2.7079232632829919e-04
-2.7006937902711542e-04
-2.6935599327930184e-04
-2.6864716679074756e-04
-2.6795822192583741e-04
-2.6728497319264676e-04
-2.6663255794167105e-04
-2.6600096784941890e-04
-2.6536434090535156e-04
-2.6474440457841360e-04
-2.6414354349790461e-04
-2.6356368790023691e-04
-2.6300476361091940e-04
-2.6245346385106206e-04
-2.6190740020595445e-04
-2.6138213255125551e-04
-2.6087841211621131e-04
-2.6039626042071134e-04
-2.5993320101096276e-04
0.0000000000000000e+00
5.0983747249081623e-01
3.6295485309822773e-01
7.2925365311217348e+01
];
