%Vec Object:sol 1 MPI processes
%  type: mpi
sol = [
0.0000000000000000e+00
-3.3492317447990637e-04
-3.3275531150299946e-04
-3.3063061283963499e-04
-3.2856431856126449e-04
-3.2659185913259156e-04
-3.2456927983874639e-04
-3.2263639211354195e-04
-3.2073992678350780e-04
-3.1889061572967222e-04
-3.1712094618505419e-04
-3.1534912808543509e-04
-3.1365307463499800e-04
-3.1194693205766023e-04
-3.1026887226737925e-04
-3.0865639129536886e-04
-3.0705643037727114e-04
-3.0550667071894229e-04
-3.0400532006067343e-04
-3.0251385563456100e-04
-3.0103076612718912e-04
-2.9957543712064264e-04
-2.9814583818081754e-04
-2.9676463995360354e-04
-2.9539805336219297e-04
-2.9406617445425475e-04
-2.9277706695316109e-04
-2.9145165941157284e-04
-2.9016488576509434e-04
-2.8891257591381685e-04
-2.8766978260243652e-04
-2.8646484956899193e-04
-2.8528696062720917e-04
-2.8412232966845680e-04
-2.8295542689637295e-04
-2.8180784822065509e-04
-2.8067584415960597e-04
-2.7957560522067778e-04
-2.7849610782629074e-04
-2.7743185168848408e-04
-2.7639661698864658e-04
-2.7535000749048636e-04
-2.7431146040609987e-04
-2.7330037905029292e-04
-2.7231031262475670e-04
-2.7133201460263268e-04
-2.7037914061470804e-04
-2.6944867819764153e-04
-2.6850013121070649e-04
-2.6756725532573432e-04
-2.6665763022071183e-04
-2.6575726856738728e-04
-2.6487768856146870e-04
-2.6401994960945069e-04
-2.6317554617557014e-04
-2.6232413439081779e-04
-2.6148317106804777e-04
-2.6066060870379360e-04
-2.5984819522398837e-04
-2.5905597467984742e-04
-2.5828325864455591e-04
-2.5752206334970606e-04
-2.5675785759039240e-04
-2.5600044402421577e-04
-2.5526080427464248e-04
-2.5453086049096217e-04
-2.5381944605265295e-04
-2.5312607213664096e-04
-2.5244689582216214e-04
-2.5176416168790235e-04
-2.5108597131661786e-04
-2.5042542907681810e-04
-2.4977786634081323e-04
-2.4914441649883214e-04
-2.4852821342469174e-04
-2.4792896413783794e-04
-2.4732819219408357e-04
-2.4672823930582736e-04
-2.4614547560352197e-04
-2.4557968110269448e-04
-2.4502787692172375e-04
-2.4448978332299249e-04
-2.4396854545402166e-04
-2.4345058050444086e-04
-2.4293561273716594e-04
-2.4243325178734744e-04
-2.4194806393944325e-04
-2.4147995463150954e-04
-2.4102885686016785e-04
-2.4059191725355801e-04
-2.4015660008290480e-04
-2.3972721161376071e-04
-2.3931543711143809e-04
-2.3892128376118738e-04
-2.3854154555250786e-04
-2.3817909606975234e-04
-2.3783466757817555e-04
-2.3749278808136859e-04
-2.3716045104040653e-04
0.0000000000000000e+00
4.6506393082972042e-01
3.6295485309822773e-01
7.2925365311217348e+01
];
