%Vec Object:sol 1 MPI processes
%  type: mpi
sol = [
0.0000000000000000e+00
-3.7465422337057824e-03
-3.7200160543781682e-03
-3.6937148223839152e-03
-3.6678597290638808e-03
-3.6431575648088123e-03
-3.6185205736925853e-03
-3.5950428250050306e-03
-3.5720344917365985e-03
-3.5490671733282037e-03
-3.5270372139649462e-03
-3.5050445958129776e-03
-3.4839750866557033e-03
-3.4634074705961714e-03
-3.4430630241853214e-03
-3.4231296734077263e-03
-3.4033900549977117e-03
-3.3842707793527872e-03
-3.3657486591346787e-03
-3.3473848027032785e-03
-3.3293743763773138e-03
-3.3115334293370192e-03
-3.2940255793884638e-03
-3.2771055073083366e-03
-3.2603891256741211e-03
-3.2441024582823253e-03
-3.2279192877043140e-03
-3.2117875872814763e-03
-3.1961471802616349e-03
-3.1809274995415631e-03
-3.1658461470820548e-03
-3.1511622114494243e-03
-3.1364363116068456e-03
-3.1218979515673919e-03
-3.1077800732319705e-03
-3.0939497665607232e-03
-3.0803194726391802e-03
-3.0669221801299094e-03
-3.0535234457438852e-03
-3.0403274314660259e-03
-3.0274876615372058e-03
-3.0149000033656676e-03
-3.0024936896873378e-03
-2.9901955445117540e-03
-2.9779901146880878e-03
-2.9659425801462805e-03
-2.9542047807925688e-03
-2.9427418341663736e-03
-2.9313964970364877e-03
-2.9200623741716478e-03
-2.9089216863359461e-03
-2.8979059298302836e-03
-2.8871429259840222e-03
-2.8766435961350978e-03
-2.8663122975255591e-03
-2.8558457508540834e-03
-2.8456146158188575e-03
-2.8356058207226150e-03
-2.8257268948497635e-03
-2.8160889615223717e-03
-2.8066440394487213e-03
-2.7970585446093908e-03
-2.7876685280876991e-03
-2.7785063664100620e-03
-2.7695549347544956e-03
-2.7607240277692825e-03
-2.7520190000719777e-03
-2.7433116733694739e-03
-2.7347791920877304e-03
-2.7264012262920969e-03
-2.7182334276939250e-03
-2.7102709909335942e-03
-2.7023214649916551e-03
-2.6943861878465339e-03
-2.6866559255979351e-03
-2.6791267983139835e-03
-2.6717508420048245e-03
-2.6645435748843087e-03
-2.6573470362259294e-03
-2.6502526638575931e-03
-2.6433239492034406e-03
-2.6365572965777770e-03
-2.6299868842183539e-03
-2.6236105366713794e-03
-2.6171862843461578e-03
-2.6108705224163805e-03
-2.6047524380856707e-03
-2.5988304495298850e-03
-2.5931032934222898e-03
-2.5875212692916504e-03
-2.5818754137354304e-03
-2.5764296417572770e-03
-2.5711833653307052e-03
-2.5661361591642743e-03
-2.5612523142506732e-03
-2.5564865877691512e-03
-2.5517503785519400e-03
-2.5472205710240919e-03
-2.5428976307435474e-03
0.0000000000000000e+00
4.9799556695300007e-01
3.6295486983223779e-01
7.2925299968229737e+01
];
