%Vec Object:sol 1 MPI processes
%  type: mpi
sol = [
0.0000000000000000e+00
-1.4327152354974588e-03
-7.8825642405884759e-04
-4.1114948522567570e-04
-4.0690103480530413e-04
-4.0281631214414507e-04
-3.9875717516409164e-04
-3.9481266711687517e-04
-3.9094998529608260e-04
-3.8718211798397526e-04
-3.8355003923493743e-04
-3.7990005652442784e-04
-3.7637178789202513e-04
-3.7292344938001431e-04
-3.6954074187617005e-04
-3.6624597103503370e-04
-3.6296637036354722e-04
-3.5977603778243464e-04
-3.5667121589093423e-04
-3.5360192253669248e-04
-3.5058059289029889e-04
-3.4761484013786867e-04
-3.4470160329414261e-04
-3.4186808694051566e-04
-3.3905565029949996e-04
-3.3627924339542533e-04
-3.3357368097858541e-04
-3.3089205239520314e-04
-3.2827562518301679e-04
-3.2568945834180363e-04
-3.2311886289027633e-04
-3.2060892466589025e-04
-3.1814580530725527e-04
-3.1571239798019156e-04
-3.1330050672883741e-04
-3.1092674020394897e-04
-3.0858390070282306e-04
-3.0629064397515719e-04
-3.0403135098332597e-04
-3.0177150713599828e-04
-2.9955767404218062e-04
-2.9737875970158251e-04
-2.9522727180345909e-04
-2.9311501517757435e-04
-2.9101080975829814e-04
-2.8893129453270625e-04
-2.8689191118171960e-04
-2.8488902454924732e-04
-2.8290571223982014e-04
-2.8093374780013993e-04
-2.7899899329974771e-04
-2.7708575665463862e-04
-2.7520696359455978e-04
-2.7336380162479805e-04
-2.7152476924157570e-04
-2.6971145816584056e-04
-2.6793340168886038e-04
-2.6618757441364233e-04
-2.6446516200791091e-04
-2.6276331748191674e-04
-2.6108625923557355e-04
-2.5943548094603823e-04
-2.5781575256299223e-04
-2.5623054753391315e-04
-2.5467398196014310e-04
-2.5312520817282060e-04
-2.5161174581422982e-04
-2.5013341743408121e-04
-2.4868653774656545e-04
-2.4726965558292274e-04
-2.4587368678309732e-04
-2.4450819901140734e-04
-2.4317458067440881e-04
-2.4187449378083054e-04
-2.4061165786592393e-04
-2.3938364449598208e-04
-2.3817273869902383e-04
-2.3699786068295090e-04
-2.3586220129085935e-04
-2.3476610146238414e-04
-2.3370712050480537e-04
-2.3267723785317987e-04
-2.3167915937557468e-04
-2.3072329016865896e-04
-2.2980940570082114e-04
-2.2893463034504385e-04
-2.2810437298859869e-04
-2.2730706030621025e-04
-2.2655118997752806e-04
-2.2583983052909740e-04
-2.2517527668689246e-04
-2.2456032035294844e-04
-2.2399606032640572e-04
-2.2346838560912620e-04
-2.2298950692012994e-04
-2.2256492467345929e-04
-2.2219647044924095e-04
-2.2188540753333185e-04
-2.2163119068262493e-04
0.0000000000000000e+00
5.5299106640169904e-01
3.6255773470691399e-01
7.0730086528615672e+01
];
