%Vec Object:sol 1 MPI processes
%  type: mpi
sol = [
0.0000000000000000e+00
-3.3579660986294169e-04
-3.3362219096830920e-04
-3.3149111251787664e-04
-3.2941866233601540e-04
-3.2741793907484554e-04
-3.2538311660643631e-04
-3.2344501433232092e-04
-3.2154346534420109e-04
-3.1968923046322111e-04
-3.1791488924768241e-04
-3.1613839753596930e-04
-3.1441135366200534e-04
-3.1269914994993127e-04
-3.1101716307452802e-04
-3.0940094006028790e-04
-3.0779726674303896e-04
-3.0624393574875847e-04
-3.0473914771581066e-04
-3.0321724199591234e-04
-3.0173011164143806e-04
-3.0027183123376998e-04
-2.9883933885781455e-04
-2.9745536866480004e-04
-2.9608603364687558e-04
-2.9475148417166549e-04
-2.9343423602087209e-04
-2.9210463879748958e-04
-2.9081568655893615e-04
-2.8956126329531369e-04
-2.8831635547951209e-04
-2.8710938610007316e-04
-2.8592950983957158e-04
-2.8473993131325498e-04
-2.8356747264129218e-04
-2.8241833577773270e-04
-2.8128478684101256e-04
-2.8018306040326018e-04
-2.7910210497620978e-04
-2.7803640777075803e-04
-2.7697974913894159e-04
-2.7592570622111436e-04
-2.7488608011167289e-04
-2.7387396480721947e-04
-2.7288289196883864e-04
-2.7190359049653008e-04
-2.7094975062132447e-04
-2.7000122039416729e-04
-2.6904329309951515e-04
-2.6810977377498619e-04
-2.6719953060463193e-04
-2.6629854193611636e-04
-2.6541835531247694e-04
-2.6456003270255751e-04
-2.6370055336205872e-04
-2.6283801336488422e-04
-2.6199676124147845e-04
-2.6117391828321766e-04
-2.6036121310690606e-04
-2.5956871521117284e-04
-2.5879573539470664e-04
-2.5802192250011741e-04
-2.5724524791020302e-04
-2.5648783769602237e-04
-2.5574820547763982e-04
-2.5501825435899055e-04
-2.5430683944591061e-04
-2.5361347181138312e-04
-2.5292346116202470e-04
-2.5222748716556927e-04
-2.5154954813211701e-04
-2.5088925872928703e-04
-2.5024193960294352e-04
-2.4960872740137211e-04
-2.4899276433615585e-04
-2.4838366331386274e-04
-2.4776958243839098e-04
-2.4717009779216386e-04
-2.4658780058499889e-04
-2.4602247058627468e-04
-2.4547112274094890e-04
-2.4493347769506099e-04
-2.4440245811889835e-04
-2.4387194286001524e-04
-2.4335764900812321e-04
-2.4285594820308134e-04
-2.4237141701135886e-04
-2.4190396124670909e-04
-2.4145351475576249e-04
-2.4100583451301417e-04
-2.4055968589178865e-04
-2.4013115424887795e-04
-2.3972023283500111e-04
-2.3932692898444733e-04
-2.3894802982847151e-04
-2.3858641530954253e-04
-2.3822909199447859e-04
-2.3787925127828882e-04
-2.3754795643698130e-04
0.0000000000000000e+00
4.6581180454669407e-01
3.6295485309822773e-01
7.2925365311217348e+01
];
