%Vec Object:sol 1 MPI processes
%  type: mpi
sol = [
0.0000000000000000e+00
-3.4929663588622933e-04
-3.4696429524612579e-04
-3.4467944664931863e-04
-3.4243009196592756e-04
-3.4025104966519591e-04
-3.3807445026387767e-04
-3.3600094922189535e-04
-3.3396737707970455e-04
-3.3198495841939090e-04
-3.3008293823297551e-04
-3.2813095904260005e-04
-3.2626123317075061e-04
-3.2443513896604384e-04
-3.2264193887237820e-04
-3.2091874778062058e-04
-3.1920984685027099e-04
-3.1752245932617523e-04
-3.1587006997315455e-04
-3.1423024698098555e-04
-3.1264946475260486e-04
-3.1109975642678119e-04
-3.0957789347229236e-04
-3.0810025531940267e-04
-3.0660015557732568e-04
-3.0513824459741051e-04
-3.0372283357145896e-04
-3.0231466811634863e-04
-3.0094959986796976e-04
-2.9962120865117920e-04
-2.9827600631955235e-04
-2.9695614547915273e-04
-2.9566605810769426e-04
-2.9439130921297979e-04
-2.9315360983890473e-04
-2.9194070221858436e-04
-2.9074078890111007e-04
-2.8953843498752619e-04
-2.8835901376716999e-04
-2.8719674555047295e-04
-2.8606598128365942e-04
-2.8495710035244582e-04
-2.8386356561223454e-04
-2.8277904548348838e-04
-2.8169976883181619e-04
-2.8063381519856064e-04
-2.7959538917168478e-04
-2.7858129955629938e-04
-2.7757692821390572e-04
-2.7659821579033501e-04
-2.7561004176217512e-04
-2.7463113254067582e-04
-2.7367473303561730e-04
-2.7274190927856104e-04
-2.7182376821603503e-04
-2.7092226111264284e-04
-2.7003006827957664e-04
-2.6913731577131315e-04
-2.6825583349368614e-04
-2.6739604919107280e-04
-2.6655721661444259e-04
-2.6573100282228647e-04
-2.6492168615588259e-04
-2.6410684263500047e-04
-2.6330534995683898e-04
-2.6251449414881783e-04
-2.6174344010194983e-04
-2.6099165685538516e-04
-2.6025512932420362e-04
-2.5952429182083124e-04
-2.5879044787168256e-04
-2.5807538565730007e-04
-2.5737423367232335e-04
-2.5668815149859907e-04
-2.5602037555926227e-04
-2.5537060559483859e-04
-2.5471419292213515e-04
-2.5406516257676129e-04
-2.5343430348291623e-04
-2.5282136671942530e-04
-2.5222324225358751e-04
-2.5163962394522243e-04
-2.5106863095954710e-04
-2.5049364874053342e-04
-2.4993573007151611e-04
-2.4939110390630420e-04
-2.4886449024330397e-04
-2.4835577532344273e-04
-2.4786489599356774e-04
-2.4737084204453681e-04
-2.4688549498162043e-04
-2.4641854296574266e-04
-2.4596996160889442e-04
-2.4553974202471616e-04
-2.4512454763347616e-04
-2.4472133510753660e-04
-2.4431819777534665e-04
-2.4393423129559697e-04
-2.4356950978450583e-04
0.0000000000000000e+00
4.7729959412849882e-01
3.6295485309822773e-01
7.2925365311217348e+01
];
