%Vec Object:sol 1 MPI processes
%  type: mpi
sol = [
0.0000000000000000e+00
-3.6962216893034655e-04
-3.6701171191383267e-04
-3.6445621666127067e-04
-3.6197269722714414e-04
-3.5959551383207909e-04
-3.5716782467778584e-04
-3.5485402573327720e-04
-3.5258627958098694e-04
-3.5037649529688170e-04
-3.4826086175675138e-04
-3.4612886948403546e-04
-3.4404939978639390e-04
-3.4201928761766107e-04
-3.4002697863191384e-04
-3.3811195937451390e-04
-3.3621464273043251e-04
-3.3435000528090513e-04
-3.3251902331817642e-04
-3.3070365252702504e-04
-3.2895334154636779e-04
-3.2723817642427741e-04
-3.2555465406090253e-04
-3.2389543653637626e-04
-3.2224048258716186e-04
-3.2062794772751049e-04
-3.1906658061403446e-04
-3.1751456261651606e-04
-3.1600996343831357e-04
-3.1451023181095460e-04
-3.1301494434940642e-04
-3.1156479480974185e-04
-3.1014762999793499e-04
-3.0874807695229232e-04
-3.0738912934383895e-04
-3.0602040500094164e-04
-3.0466689085936088e-04
-3.0335109998640169e-04
-3.0206071464755705e-04
-3.0078957066622753e-04
-2.9955314040912799e-04
-2.9830241555807950e-04
-2.9706867889775561e-04
-2.9586736410280314e-04
-2.9469125018145848e-04
-2.9353005634867287e-04
-2.9239777113895641e-04
-2.9125625645642076e-04
-2.9012646938580478e-04
-2.8902522613675005e-04
-2.8795120391041416e-04
-2.8688893167177945e-04
-2.8584838793089585e-04
-2.8480128582632821e-04
-2.8377096577716639e-04
-2.8275944965467102e-04
-2.8177259692995990e-04
-2.8080719075969309e-04
-2.7985013718492504e-04
-2.7888758601683859e-04
-2.7794820928298832e-04
-2.7702317698398128e-04
-2.7611700083889583e-04
-2.7523289479163839e-04
-2.7436407072383074e-04
-2.7348076203635501e-04
-2.7261920850162481e-04
-2.7177881146725773e-04
-2.7095530464806412e-04
-2.7014669180338121e-04
-2.6935227095009086e-04
-2.6855443440932124e-04
-2.6777195755171753e-04
-2.6700603433245878e-04
-2.6626004007916800e-04
-2.6553360349239780e-04
-2.6481458007576259e-04
-2.6409114126530673e-04
-2.6338738095740626e-04
-2.6270300989272578e-04
-2.6203473150951276e-04
-2.6138220019262046e-04
-2.6073995160681305e-04
-2.6009849878285416e-04
-2.5947540427785561e-04
-2.5886668310376161e-04
-2.5827726962115337e-04
-2.5770701815760951e-04
-2.5714516276627617e-04
-2.5658394976007154e-04
-2.5604045161365042e-04
-2.5551654043183764e-04
-2.5501216835826422e-04
-2.5452730304220667e-04
-2.5404547223303051e-04
-2.5357069672664464e-04
-2.5311614123415106e-04
-2.5268184712599982e-04
-2.5226786958271581e-04
0.0000000000000000e+00
4.9401205352590571e-01
3.6295485309822773e-01
7.2925365311217348e+01
];
