%Vec Object:sol 1 MPI processes
%  type: mpi
sol = [
0.0000000000000000e+00
-3.7086115497400482e-04
-3.6824028422099514e-04
-3.6567466446294405e-04
-3.6318137860844501e-04
-3.6075737011678370e-04
-3.5832072926154950e-04
-3.5599848030499017e-04
-3.5372250498452880e-04
-3.5150475963904447e-04
-3.4938175343679251e-04
-3.4720514700734028e-04
-3.4511884993736793e-04
-3.4308211748647794e-04
-3.4108334826270275e-04
-3.3916217820222501e-04
-3.3724743772876956e-04
-3.3535215697512520e-04
-3.3351592359996609e-04
-3.3169535311472432e-04
-3.2994007911052486e-04
-3.2822007261425987e-04
-3.2651191171708191e-04
-3.2483264909439927e-04
-3.2317358757636430e-04
-3.2155707868758508e-04
-3.1999190176941770e-04
-3.1843608500433691e-04
-3.1690207901320232e-04
-3.1538987296139594e-04
-3.1389144157290428e-04
-3.1243827455254385e-04
-3.1101817427522217e-04
-3.0961571275986665e-04
-3.0822426969274314e-04
-3.0684853123253265e-04
-3.0549270253717100e-04
-3.0417468295431966e-04
-3.0288211270167176e-04
-3.0160879502671035e-04
-3.0033770523422737e-04
-2.9908416633789943e-04
-2.9784871832777901e-04
-2.9664576358671329e-04
-2.9546806234554372e-04
-2.9430533643588948e-04
-2.9313852617054363e-04
-2.9199570170073324e-04
-2.9086467898849211e-04
-2.8976226143593540e-04
-2.8868712149313070e-04
-2.8762342197934153e-04
-2.8654983042428520e-04
-2.8550201783999975e-04
-2.8447099798399334e-04
-2.8345879850293852e-04
-2.8247129704003673e-04
-2.8150278954568934e-04
-2.8051594236154129e-04
-2.7955312409356814e-04
-2.7861350058344084e-04
-2.7768821481966179e-04
-2.7678179322971957e-04
-2.7589269965766088e-04
-2.7499737806048957e-04
-2.7411416576811196e-04
-2.7325271928456797e-04
-2.7241243910659498e-04
-2.7158904685201405e-04
-2.7077367984235903e-04
-2.6995575764837682e-04
-2.6915835869083016e-04
-2.6837630783123085e-04
-2.6761080375950968e-04
-2.6686523292824660e-04
-2.6613028916966033e-04
-2.6539067077615641e-04
-2.6466794618838026e-04
-2.6396489939475642e-04
-2.6328124153817144e-04
-2.6261366766374051e-04
-2.6195070600228555e-04
-2.6129082695531376e-04
-2.6065036233685965e-04
-2.6002825086200205e-04
-2.5942049757619629e-04
-2.5883205211819276e-04
-2.5824918987488329e-04
-2.5767288030708371e-04
-2.5711290932611586e-04
-2.5657064804115239e-04
-2.5604797583144150e-04
-2.5554484870606492e-04
-2.5504478320968093e-04
-2.5455204579792173e-04
-2.5407878971838251e-04
-2.5362575957362508e-04
-2.5319299768274529e-04
-2.5278053752923112e-04
0.0000000000000000e+00
4.9499267912419287e-01
3.6295485309822773e-01
7.2925365311217348e+01
];
