%Vec Object:sol 1 MPI processes
%  type: mpi
sol = [
0.0000000000000000e+00
-3.6090600943071978e-03
-3.5842514138744569e-03
-3.5599573738231234e-03
-3.5360540153277563e-03
-3.5129079510212657e-03
-3.4898053670231622e-03
-3.4677925624836707e-03
-3.4462114427106253e-03
-3.4251782126411595e-03
-3.4047818841843711e-03
-3.3841052259951962e-03
-3.3642974175648443e-03
-3.3449563214216350e-03
-3.3259699828479660e-03
-3.3077231114680304e-03
-3.2894243597729523e-03
-3.2713987937290374e-03
-3.2539345362535693e-03
-3.2366113622735002e-03
-3.2199109842194614e-03
-3.2035427286745423e-03
-3.1873258580538454e-03
-3.1713266303754219e-03
-3.1555144856054399e-03
-3.1401066033354299e-03
-3.1251886478936256e-03
-3.1103535336486376e-03
-3.0958972328332308e-03
-3.0814620332621531e-03
-3.0671534012703264e-03
-3.0532774337519511e-03
-3.0397160028137167e-03
-3.0263194543903122e-03
-3.0133102536508785e-03
-3.0001521415556477e-03
-2.9871816437180452e-03
-2.9745730887535209e-03
-2.9622065922265922e-03
-2.9500222024103355e-03
-2.9381681249023607e-03
-2.9262254081083060e-03
-2.9143838149799750e-03
-2.9028538048944102e-03
-2.8915651349453375e-03
-2.8804176250210450e-03
-2.8695578924997946e-03
-2.8587243876999997e-03
-2.8478634184781631e-03
-2.8372773441815179e-03
-2.8269534317803798e-03
-2.8167407213982500e-03
-2.8067627236384699e-03
-2.7968853890570303e-03
-2.7869667994128338e-03
-2.7772288922232255e-03
-2.7677290547650103e-03
-2.7584359879124750e-03
-2.7492607218417972e-03
-2.7402413032281180e-03
-2.7311864579521493e-03
-2.7222694869572799e-03
-2.7135345907555665e-03
-2.7050133023858920e-03
-2.6966893569634809e-03
-2.6884736180788223e-03
-2.6801583914407069e-03
-2.6720482652240083e-03
-2.6641016746825892e-03
-2.6562991637308466e-03
-2.6486947242495298e-03
-2.6412839307421439e-03
-2.6337797906123678e-03
-2.6263794606668288e-03
-2.6191729821723460e-03
-2.6121567999417734e-03
-2.6052847070013011e-03
-2.5985718676511224e-03
-2.5918720910235275e-03
-2.5852540510637530e-03
-2.5787928447547630e-03
-2.5724851407776055e-03
-2.5663641772801873e-03
-2.5604280162628045e-03
-2.5545456562819286e-03
-2.5486550892177113e-03
-2.5429533050340927e-03
-2.5374389334738832e-03
-2.5321109101162924e-03
-2.5269384929612164e-03
-2.5218563196214628e-03
-2.5167856868580324e-03
-2.5119065624406283e-03
-2.5072186854198405e-03
-2.5026875910305235e-03
-2.4983435822012188e-03
-2.4941458864985136e-03
-2.4899449783771263e-03
-2.4859436471309998e-03
0.0000000000000000e+00
4.8691847015328016e-01
3.6295486983223779e-01
7.2925299968229737e+01
];
