%Vec Object:sol 1 MPI processes
%  type: mpi
sol = [
0.0000000000000000e+00
-3.8328563845690478e-04
-3.8049705111445022e-04
-3.7776826288005004e-04
-3.7510664598861069e-04
-3.7251128058731690e-04
-3.6992445962047372e-04
-3.6745861771685226e-04
-3.6504272272325602e-04
-3.6268915817016839e-04
-3.6038918576331475e-04
-3.5808228791861795e-04
-3.5587171754135127e-04
-3.5371411568525823e-04
-3.5159737833230948e-04
-3.4954225490406335e-04
-3.4747368640098504e-04
-3.4547005677534523e-04
-3.4352891732295149e-04
-3.4160518101309273e-04
-3.3975028812998481e-04
-3.3788702748869636e-04
-3.3605452605784363e-04
-3.3428333513652541e-04
-3.3253401717871911e-04
-3.3082972195069393e-04
-3.2915974367762012e-04
-3.2747356477874715e-04
-3.2583861992364270e-04
-3.2424763263617121e-04
-3.2267163247830309e-04
-3.2114316392799122e-04
-3.1961025786136514e-04
-3.1809255223817166e-04
-3.1661863498545702e-04
-3.1517486199933106e-04
-3.1375224524162501e-04
-3.1235485084460358e-04
-3.1095780220859594e-04
-3.0958211957632939e-04
-3.0824349569601129e-04
-3.0693124730788970e-04
-3.0563811829117276e-04
-3.0434851423599387e-04
-3.0307763487051902e-04
-3.0182341400408579e-04
-3.0060136736621119e-04
-2.9940790590169249e-04
-2.9821955752946347e-04
-2.9703194482540201e-04
-2.9587357866838452e-04
-2.9472839804086732e-04
-2.9360945874263249e-04
-2.9251786164922013e-04
-2.9142269629485543e-04
-2.9033402707540014e-04
-2.8927177991853559e-04
-2.8823259324385121e-04
-2.8720700941799562e-04
-2.8620602979681254e-04
-2.8519680496656084e-04
-2.8420299814394201e-04
-2.8322945303755275e-04
-2.8227946688805271e-04
-2.8135128123857621e-04
-2.8042317900221975e-04
-2.7949906811550873e-04
-2.7859748198146435e-04
-2.7771398780858061e-04
-2.7684650310470663e-04
-2.7600069998182883e-04
-2.7515246728811860e-04
-2.7431427603551373e-04
-2.7349373224171196e-04
-2.7269430221864537e-04
-2.7191558252400355e-04
-2.7114743543463275e-04
-2.7037351326034213e-04
-2.6962037271202068e-04
-2.6888769628641328e-04
-2.6817206420631649e-04
-2.6747310423309287e-04
-2.6677830603851231e-04
-2.6609233825724220e-04
-2.6542568455577341e-04
-2.6477422062955869e-04
-2.6414302062744555e-04
-2.6353186620114473e-04
-2.6291468681157462e-04
-2.6231443648021816e-04
-2.6173274468280439e-04
-2.6117152629487539e-04
-2.6063071772767978e-04
-2.6009956153250031e-04
-2.5957062996946877e-04
-2.5906200248291172e-04
-2.5857443006877646e-04
-2.5810794305434088e-04
-2.5766256905775315e-04
0.0000000000000000e+00
5.0481640002921646e-01
3.6295485309822773e-01
7.2925365311217348e+01
];
