%Vec Object:sol 1 MPI processes
%  type: mpi
sol = [
0.0000000000000000e+00
-8.7483493127190736e-04
-4.1896481094092538e-04
-4.1474716480407520e-04
-4.1062595008741805e-04
-4.0667276714834410e-04
-4.0275855181911381e-04
-3.9899170293304371e-04
-3.9526760216831118e-04
-3.9164171166640671e-04
-3.8815496867321270e-04
-3.8469811636523775e-04
-3.8132187216461365e-04
-3.7802361786087911e-04
-3.7479354939401124e-04
-3.7167610276068943e-04
-3.6857859940624734e-04
-3.6554417347183860e-04
-3.6259757988646896e-04
-3.5968837552864035e-04
-3.5687206598293835e-04
-3.5407154832565215e-04
-3.5132073735842114e-04
-3.4865189143354553e-04
-3.4602146136749901e-04
-3.4344181977398306e-04
-3.4090330833150024e-04
-3.3839040279599669e-04
-3.3594499682311257e-04
-3.3355864991339011e-04
-3.3117666732398782e-04
-3.2884047618183919e-04
-3.2655330872255467e-04
-3.2429776508070314e-04
-3.2209866718922736e-04
-3.1991112867768681e-04
-3.1774916731247869e-04
-3.1563923641672256e-04
-3.1356755883157347e-04
-3.1152717509040618e-04
-3.0950087537309035e-04
-3.0751024078424079e-04
-3.0554893798882815e-04
-3.0363218462451324e-04
-3.0175061682008019e-04
-2.9986376955345854e-04
-2.9801915819333062e-04
-2.9621297017307232e-04
-2.9442864927197338e-04
-2.9268223097107202e-04
-2.9094551664853404e-04
-2.8923134592715274e-04
-2.8755299879801641e-04
-2.8591158959588369e-04
-2.8429728527130493e-04
-2.8268404302693152e-04
-2.8110681446439186e-04
-2.7956236429598088e-04
-2.7804129387322553e-04
-2.7655505859153906e-04
-2.7507980963198419e-04
-2.7362671038597792e-04
-2.7220409004840315e-04
-2.7081535111778479e-04
-2.6945888333520450e-04
-2.6810883768898407e-04
-2.6678442594850471e-04
-2.6549343999273550e-04
-2.6423168615891991e-04
-2.6299730878984737e-04
-2.6178613079302047e-04
-2.6059439541892358e-04
-2.5943098520097473e-04
-2.5829729575405682e-04
-2.5719690468814792e-04
-2.5612716436041784e-04
-2.5506622292130324e-04
-2.5403605978299482e-04
-2.5303964200416374e-04
-2.5207687565884562e-04
-2.5114466849411371e-04
-2.5022682029304441e-04
-2.4933805228864655e-04
-2.4848368258895999e-04
-2.4766285780038883e-04
-2.4687183480567431e-04
-2.4610834845264270e-04
-2.4536695632470720e-04
-2.4466097484894409e-04
-2.4398749732039462e-04
-2.4334808958229823e-04
-2.4274481702192939e-04
-2.4215924563339032e-04
-2.4160939615601115e-04
-2.4109313715762798e-04
-2.4061375939075851e-04
-2.4017225200153171e-04
-2.3975892875743423e-04
-2.3937519421369624e-04
0.0000000000000000e+00
5.4775585391824944e-01
3.6282540153606113e-01
7.2198613025915890e+01
];
