%Vec Object:sol 1 MPI processes
%  type: mpi
sol = [
0.0000000000000000e+00
-3.9999688991544900e-03
-3.9694593907647121e-03
-3.9392361712483146e-03
-3.9098741152123161e-03
-3.8818049793084334e-03
-3.8538474294712920e-03
-3.8268702674135930e-03
-3.8001375317977719e-03
-3.7740970612728819e-03
-3.7491432969348503e-03
-3.7242627456099608e-03
-3.7001121367887481e-03
-3.6762611379445799e-03
-3.6528698650097335e-03
-3.6303686930881105e-03
-3.6081029324087259e-03
-3.5862708486092158e-03
-3.5648345494367251e-03
-3.5436065106186098e-03
-3.5231255967416919e-03
-3.5030631909213437e-03
-3.4831729620226539e-03
-3.4636435528578218e-03
-3.4443652118181681e-03
-3.4255796816224956e-03
-3.4073806979267171e-03
-3.3891682064323223e-03
-3.3711755725773897e-03
-3.3536616886650243e-03
-3.3363231604328714e-03
-3.3195000077099646e-03
-3.3029845727423099e-03
-3.2863181990530964e-03
-3.2701259512887639e-03
-3.2542647868439621e-03
-3.2386405269182023e-03
-3.2234419721371794e-03
-3.2081280629819406e-03
-3.1930505693235803e-03
-3.1783741301629792e-03
-3.1639869613459730e-03
-3.1498131363653652e-03
-3.1356842020568657e-03
-3.1217819976255205e-03
-3.1080666233371736e-03
-3.0946992218565065e-03
-3.0816420906388557e-03
-3.0684983739953176e-03
-3.0555406411489562e-03
-3.0428991944201596e-03
-3.0304069133113647e-03
-3.0181992399455739e-03
-3.0061485688706448e-03
-2.9940823039223820e-03
-2.9822391489386160e-03
-2.9706815268345072e-03
-2.9593743479782919e-03
-2.9481670988225775e-03
-2.9369496466595188e-03
-2.9259998520462954e-03
-2.9152226163491283e-03
-2.9046659581777805e-03
-2.8943639005300720e-03
-2.8840094413234633e-03
-2.8737721235990643e-03
-2.8637848614091882e-03
-2.8540408641455272e-03
-2.8444941556545074e-03
-2.8349260929779602e-03
-2.8254901202410783e-03
-2.8162891789288696e-03
-2.8072678479143442e-03
-2.7984386449878039e-03
-2.7897257576641752e-03
-2.7810606157506854e-03
-2.7725740130080398e-03
-2.7642820469422893e-03
-2.7562140466436428e-03
-2.7483342725772345e-03
-2.7403954367159009e-03
-2.7326432483643784e-03
-2.7251134110422301e-03
-2.7178033569827346e-03
-2.7107015853766758e-03
-2.7035377929680079e-03
-2.6965562489225780e-03
-2.6897956579497672e-03
-2.6832544364327102e-03
-2.6768988378612362e-03
-2.6705907823011397e-03
-2.6643996321859794e-03
-2.6584317799252578e-03
-2.6526865291017004e-03
-2.6471261740482360e-03
-2.6416980987757350e-03
-2.6363323460622972e-03
-2.6311958773584422e-03
-2.6262889286150655e-03
0.0000000000000000e+00
5.1764966516810873e-01
3.6295486983223779e-01
7.2925299968229737e+01
];
