%Vec Object:sol 1 MPI processes
%  type: mpi
sol = [
0.0000000000000000e+00
-1.8259663955411615e-03
-1.6813794871939870e-03
-1.5006584131631183e-03
-1.3156301369842346e-03
-1.1752951365443533e-03
-1.0592852984340681e-03
-9.6335610015145187e-04
-8.7285842815107352e-04
-4.2002772466367256e-04
-4.0050550225337377e-04
-3.9810675466020473e-04
-3.9266265370899525e-04
-3.8724319137472824e-04
-3.8185756251484589e-04
-3.7653377198374111e-04
-3.7120806032690779e-04
-3.6595248613003028e-04
-3.6076486310295409e-04
-3.5556718376603255e-04
-3.5043442598276366e-04
-3.4534131931392040e-04
-3.4027763252915958e-04
-3.3522481399796193e-04
-3.3004481446957472e-04
-3.2441466339429937e-04
-3.1729162666888609e-04
-3.0637298201392652e-04
-2.8929315427400751e-04
-2.6754747565288023e-04
-2.4638776050796122e-04
-2.2895836245296716e-04
-2.1555435993818938e-04
-2.0564171836407938e-04
-1.9851146916684352e-04
-1.9356945242933655e-04
-1.9023911933346700e-04
-1.8802877237891378e-04
-1.8662890574094025e-04
-1.8577584889531619e-04
-1.8526434747089692e-04
-1.8500575114049558e-04
-1.8490694996068572e-04
-1.8489464543506163e-04
-1.8493965155951580e-04
-1.8500679121840390e-04
-1.8506720116516200e-04
-1.8511682304811491e-04
-1.8514213581112760e-04
-1.8513605563602725e-04
-1.8508389270015374e-04
-1.8499551805913010e-04
-1.8486697128579640e-04
-1.8468516432697694e-04
-1.8446059724970890e-04
-1.8419184886975284e-04
-1.8387566513851502e-04
-1.8350804829063075e-04
-1.8309766736274770e-04
-1.8264597883585107e-04
-1.8213914777918263e-04
-1.8160424239267500e-04
-1.8102785766660126e-04
-1.8040341140548445e-04
-1.7973881029598540e-04
-1.7904212458538240e-04
-1.7830948546666332e-04
-1.7753520289177607e-04
-1.7672343603563601e-04
-1.7588216865177455e-04
-1.7500695885763778e-04
-1.7408715614304146e-04
-1.7314711283164674e-04
-1.7218148090859610e-04
-1.7117479206602744e-04
-1.7013713144669359e-04
-1.6907431903290986e-04
-1.6798050434168116e-04
-1.6685131352311020e-04
-1.6569051110108284e-04
-1.6450695441480359e-04
-1.6329341457859328e-04
-1.6204741370327150e-04
-1.6076618119636806e-04
-1.5945613780735132e-04
-1.5811659432516406e-04
-1.5674059851071082e-04
-1.5532613961975983e-04
-1.5387086132063468e-04
-1.5238608287576903e-04
-1.5086189582315973e-04
-1.4928989587325236e-04
-1.4767098431163123e-04
-1.4600599201433019e-04
-1.4428560071170110e-04
-1.4250751598223401e-04
-1.4066727194853140e-04
-1.3875286322125605e-04
-1.3676819302427961e-04
0.0000000000000000e+00
5.7535690053131583e-01
3.5734351950818799e-01
4.9358887074248273e+01
];
