%Vec Object:sol 1 MPI processes
%  type: mpi
sol = [
0.0000000000000000e+00
-3.7211269065073356e-04
-3.6948129507122620e-04
-3.6690544224484480e-04
-3.6438312015989551e-04
-3.6193115849419451e-04
-3.5948557767667634e-04
-3.5715489312320976e-04
-3.5487070169835705e-04
-3.5264500655755480e-04
-3.5047791940260090e-04
-3.4829324100266656e-04
-3.4620011238466365e-04
-3.4415675698539383e-04
-3.4215152890867127e-04
-3.4022421659530715e-04
-3.3826663181336491e-04
-3.3636575542217234e-04
-3.3452415319833769e-04
-3.3269827357005027e-04
-3.3093793672933283e-04
-3.2920598039860378e-04
-3.2746410042843767e-04
-3.2578059935493310e-04
-3.2411735641829067e-04
-3.2249680513672890e-04
-3.2092775535470672e-04
-3.1935243545841115e-04
-3.1779519306058017e-04
-3.1627977904726744e-04
-3.1477815784501103e-04
-3.1332193171310058e-04
-3.1189885850480117e-04
-3.1047151452971814e-04
-3.0906474621094515e-04
-3.0768661183689218e-04
-3.0632841639479416e-04
-3.0500812212403555e-04
-3.0371332642465461e-04
-3.0241126042697652e-04
-3.0113087375700066e-04
-2.9987561966934894e-04
-2.9863846839899998e-04
-2.9743386931516114e-04
-2.9625455361918058e-04
-2.9506019124941760e-04
-2.9388883809136531e-04
-2.9274489212269386e-04
-2.9161273390145796e-04
-2.9050922831836475e-04
-2.8943310896553323e-04
-2.8833600016231074e-04
-2.8726114303979233e-04
-2.8621259388303567e-04
-2.8518084623578203e-04
-2.8416793486442995e-04
-2.8317868390321897e-04
-2.8217858538931884e-04
-2.8119141420903250e-04
-2.8022829615420900e-04
-2.7928839490794921e-04
-2.7836282601867500e-04
-2.7745167955062520e-04
-2.7653538949043048e-04
-2.7564015642481078e-04
-2.7475701415020568e-04
-2.7389564976438381e-04
-2.7305546282977534e-04
-2.7222458498695206e-04
-2.7138606773959912e-04
-2.7056855769573714e-04
-2.6977157472754477e-04
-2.6898992918075851e-04
-2.6822482451054606e-04
-2.6746911653326659e-04
-2.6671485806901871e-04
-2.6597594424162830e-04
-2.6525391496753920e-04
-2.6455156352231060e-04
-2.6386860125786251e-04
-2.6318820729496681e-04
-2.6250967140251021e-04
-2.6185076463755086e-04
-2.6121126879042868e-04
-2.6059012069553343e-04
-2.5998331536036671e-04
-2.5937917733069295e-04
-2.5878459647014012e-04
-2.5820951144579139e-04
-2.5765074915268303e-04
-2.5710968406903888e-04
-2.5658818634721135e-04
-2.5606616814842118e-04
-2.5555847678820876e-04
-2.5506715931805825e-04
-2.5459531185275064e-04
-2.5414368359872973e-04
-2.5371245659990053e-04
-2.5327734757027903e-04
0.0000000000000000e+00
4.9598340710133526e-01
3.6295485309822773e-01
7.2925365311217348e+01
];
