%Vec Object:sol 1 MPI processes
%  type: mpi
sol = [
0.0000000000000000e+00
-4.1308942735191817e-03
-4.2127554125269877e-03
-4.1730387622400606e-03
-4.1343658538052211e-03
-4.0966276049208585e-03
-4.0590521056859301e-03
-4.0229905792175122e-03
-3.9876235668855151e-03
-3.9527604526490992e-03
-3.9188875587399382e-03
-3.8851859162155611e-03
-3.8526756744030337e-03
-3.8207881051610035e-03
-3.7889854755101260e-03
-3.7582095042895270e-03
-3.7277600293138704e-03
-3.6981213267408726e-03
-3.6689337503572022e-03
-3.6398555647925829e-03
-3.6116364915952976e-03
-3.5839286625549728e-03
-3.5566491369140711e-03
-3.5296996352829411e-03
-3.5030857708310071e-03
-3.4770601737865938e-03
-3.4517200543351880e-03
-3.4263926510294052e-03
-3.4014789657128997e-03
-3.3771406175684749e-03
-3.3530653692179012e-03
-3.3296044986203220e-03
-3.3063165447349079e-03
-3.2832470403448936e-03
-3.2607516501430654e-03
-3.2386847496524165e-03
-3.2169510340618263e-03
-3.1953787165163259e-03
-3.1742035151592846e-03
-3.1533646682399491e-03
-3.1330270898576660e-03
-3.1130294695499955e-03
-3.0930456815870234e-03
-3.0735386467251559e-03
-3.0544288090720963e-03
-3.0356042904942275e-03
-3.0171526145660833e-03
-2.9988593606652169e-03
-2.9808155182776078e-03
-2.9631994723812193e-03
-2.9459957160657825e-03
-2.9289643332287654e-03
-2.9120851245617242e-03
-2.8956042143433876e-03
-2.8794205804568399e-03
-2.8635549074933113e-03
-2.8480123274270581e-03
-2.8325862370116705e-03
-2.8174151999106238e-03
-2.8026136337746905e-03
-2.7881721925951020e-03
-2.7739755466326338e-03
-2.7598489138162415e-03
-2.7460762646149169e-03
-2.7326397426142130e-03
-2.7194470490910293e-03
-2.7065978501139881e-03
-2.6938532816692343e-03
-2.6813865288871602e-03
-2.6691988373727681e-03
-2.6573469695377505e-03
-2.6458263996748522e-03
-2.6344172955277516e-03
-2.6232311262814122e-03
-2.6123769827456392e-03
-2.6018515757694305e-03
-2.5916073749953556e-03
-2.5815625307955728e-03
-2.5717167363103872e-03
-2.5622001967011529e-03
-2.5529803123632592e-03
-2.5440545202514435e-03
-2.5354304272372733e-03
-2.5269449249897416e-03
-2.5187819803365722e-03
-2.5109024742089713e-03
-2.5033570891370778e-03
-2.4961453533321430e-03
-2.4891000434906353e-03
-2.4823180063552330e-03
-2.4758575169372523e-03
-2.4697384520312271e-03
-2.4639614801801541e-03
-2.4584359245490156e-03
-2.4531098573248641e-03
-2.4481281169792357e-03
-2.4434994437652854e-03
-2.4392256735153574e-03
-2.4352878537755125e-03
0.0000000000000000e+00
5.4659412063839663e-01
3.6286197470883264e-01
7.2402671820425425e+01
];
