%Vec Object:sol 1 MPI processes
%  type: mpi
sol = [
0.0000000000000000e+00
-1.3567369875443591e-03
-4.1332964468618490e-04
-4.0943906778923911e-04
-4.0564484310447445e-04
-4.0199664535997158e-04
-3.9830981283313008e-04
-3.9476806346138164e-04
-3.9129258524492756e-04
-3.8789681324500599e-04
-3.8458896577613788e-04
-3.8127380718426491e-04
-3.7807445331622348e-04
-3.7494207261648229e-04
-3.7185467369549590e-04
-3.6882338781871036e-04
-3.6582278144634982e-04
-3.6290066308150467e-04
-3.6005386312169970e-04
-3.5720247198834363e-04
-3.5441711642360274e-04
-3.5168040457883565e-04
-3.4898810878523977e-04
-3.4636585997121626e-04
-3.4373224580499330e-04
-3.4115425986849996e-04
-3.3864131615701256e-04
-3.3614656743599294e-04
-3.3369659688740563e-04
-3.3127490693228676e-04
-3.2887591329926706e-04
-3.2653408386250642e-04
-3.2423583442467413e-04
-3.2194017885985612e-04
-3.1968360450148914e-04
-3.1746538254878487e-04
-3.1527608141428500e-04
-3.1313498184445173e-04
-3.1100016720110672e-04
-3.0888809259905066e-04
-3.0682143652090643e-04
-3.0478912874591803e-04
-3.0278372509070351e-04
-3.0079094555869747e-04
-2.9883094937556512e-04
-2.9689557813506080e-04
-2.9500077250919546e-04
-2.9314283426645375e-04
-2.9127745804970786e-04
-2.8944933657347954e-04
-2.8765912294170982e-04
-2.8589074627160968e-04
-2.8415751959423276e-04
-2.8243589572729164e-04
-2.8073826161513341e-04
-2.7907031097788116e-04
-2.7743821340561346e-04
-2.7583879262241967e-04
-2.7424343927033373e-04
-2.7267672784884219e-04
-2.7114494528790336e-04
-2.6963928023244078e-04
-2.6816453133104664e-04
-2.6671129328255757e-04
-2.6527956644774184e-04
-2.6387256661087824e-04
-2.6250022086478022e-04
-2.6116214772167295e-04
-2.5984896674039750e-04
-2.5854671336466212e-04
-2.5727923624092489e-04
-2.5604630697768346e-04
-2.5484305426078238e-04
-2.5367094361470222e-04
-2.5251455990675184e-04
-2.5139041472485509e-04
-2.5029697953482571e-04
-2.4923604003648813e-04
-2.4821059438918209e-04
-2.4721133467801512e-04
-2.4623346174188913e-04
-2.4528849526639568e-04
-2.4438001621880401e-04
-2.4350810008083709e-04
-2.4267210467219876e-04
-2.4184885049028030e-04
-2.4106298360211651e-04
-2.4031498408327479e-04
-2.3960503761220946e-04
-2.3893041949947616e-04
-2.3828378240329964e-04
-2.3766654607866160e-04
-2.3708912406008122e-04
-2.3655187480481582e-04
-2.3605181978042722e-04
-2.3559236138003049e-04
-2.3515719215492909e-04
-2.3476377506112100e-04
-2.3441357266846928e-04
0.0000000000000000e+00
5.4870251187990704e-01
3.6279561836895946e-01
7.2032949476525800e+01
];
