%Vec Object:sol 1 MPI processes
%  type: mpi
sol = [
0.0000000000000000e+00
-3.8119819813269284e-03
-3.7842851573541532e-03
-3.7571812492574767e-03
-3.7308463916482962e-03
-3.7055707652945882e-03
-3.6798650999702678e-03
-3.6553605825613714e-03
-3.6313517130557955e-03
-3.6079615412383534e-03
-3.5855644824119405e-03
-3.5627698679998312e-03
-3.5407902305351815e-03
-3.5193367086434934e-03
-3.4982890414873347e-03
-3.4780557705359491e-03
-3.4578716829784879e-03
-3.4379388205493136e-03
-3.4186270412466216e-03
-3.3994882631135019e-03
-3.3810340826995150e-03
-3.3629541517913720e-03
-3.3448386563363817e-03
-3.3272081531663922e-03
-3.3097952995872143e-03
-3.2928302066073671e-03
-3.2764028700757656e-03
-3.2599887915185167e-03
-3.2437056292867637e-03
-3.2278598797962090e-03
-3.2121635192903122e-03
-3.1969405835870694e-03
-3.1820650875220295e-03
-3.1671113454415749e-03
-3.1524238550376948e-03
-3.1380366244382822e-03
-3.1238602676888533e-03
-3.1100787346825349e-03
-3.0965606625592331e-03
-3.0828449287155280e-03
-3.0694983899300127e-03
-3.0564147922459203e-03
-3.0435219215400682e-03
-3.0309676591572733e-03
-3.0185286617562417e-03
-3.0060173537130815e-03
-2.9938267929724991e-03
-2.9819212678084696e-03
-2.9701406326008454e-03
-2.9586574457506429e-03
-2.9471863197898535e-03
-2.9357555806963603e-03
-2.9245866610393637e-03
-2.9136904948945191e-03
-2.9029696685346205e-03
-2.8924094744922526e-03
-2.8818007647015980e-03
-2.8714222965542718e-03
-2.8611799428928325e-03
-2.8511865564704881e-03
-2.8414334735606243e-03
-2.8316835520705054e-03
-2.8219544417072253e-03
-2.8124605645791722e-03
-2.8031844023404789e-03
-2.7940341965763107e-03
-2.7851089192796716e-03
-2.7761575223584412e-03
-2.7673217862875504e-03
-2.7586462002932373e-03
-2.7501871967313620e-03
-2.7419397866035511e-03
-2.7338111703831547e-03
-2.7255999885890908e-03
-2.7175997952683831e-03
-2.7098065501148169e-03
-2.7021714556035394e-03
-2.6947101910205968e-03
-2.6873153736031523e-03
-2.6799767330349385e-03
-2.6728085946387129e-03
-2.6658072349444156e-03
-2.6590072686875146e-03
-2.6524064051374734e-03
-2.6457672282315940e-03
-2.6392352955973103e-03
-2.6329059130206444e-03
-2.6267774002214630e-03
-2.6208484025407961e-03
-2.6150329448134725e-03
-2.6091934171175082e-03
-2.6035585199637098e-03
-2.5981275867946745e-03
-2.5929001167713460e-03
-2.5878398209343923e-03
-2.5828288255209742e-03
-2.5779246472069392e-03
-2.5732310858686538e-03
-2.5687485443718350e-03
0.0000000000000000e+00
5.0320323093386721e-01
3.6295486983223779e-01
7.2925299968229737e+01
];
