%Vec Object:sol 1 MPI processes
%  type: mpi
sol = [
0.0000000000000000e+00
-4.1837923491187031e-04
-4.1491051589358631e-04
-4.1151536860259484e-04
-4.0817284057966343e-04
-4.0494302322263812e-04
-4.0172873035275805e-04
-3.9865481937909238e-04
-3.9563985353024018e-04
-3.9263901709631760e-04
-3.8975592131997022e-04
-3.8688368614165958e-04
-3.8412278804355606e-04
-3.8140085907062963e-04
-3.7869524658159316e-04
-3.7608590866117621e-04
-3.7350402709956275e-04
-3.7099763126172022e-04
-3.6852356050722104e-04
-3.6605973361774090e-04
-3.6367663563718986e-04
-3.6133980182835698e-04
-3.5904381263007561e-04
-3.5676931437327085e-04
-3.5452347661808260e-04
-3.5233144827663895e-04
-3.5020290307701533e-04
-3.4807786617340386e-04
-3.4597752653140715e-04
-3.4392934091507236e-04
-3.4190178908879526e-04
-3.3993011418725298e-04
-3.3798017947749774e-04
-3.3603169463412153e-04
-3.3413474179125953e-04
-3.3227449713433150e-04
-3.3044122835855191e-04
-3.2862935943380958e-04
-3.2683522517999215e-04
-3.2506820355915084e-04
-3.2334509750833398e-04
-3.2165439487409343e-04
-3.1995988564193493e-04
-3.1829612941835703e-04
-3.1666576534397910e-04
-3.1505735986811934e-04
-3.1348746376237853e-04
-3.1192259381164592e-04
-3.1036898353923751e-04
-3.0885223044223976e-04
-3.0737081991039956e-04
-3.0590765500109954e-04
-3.0444727321046896e-04
-3.0301578178617303e-04
-3.0160808192813157e-04
-3.0022638567155996e-04
-2.9887701048150734e-04
-2.9752838330669403e-04
-2.9619477127055383e-04
-2.9489279808293188e-04
-2.9362154215772739e-04
-2.9237135473867787e-04
-2.9112113944271061e-04
-2.8989611895941837e-04
-2.8869947771969400e-04
-2.8752157175157420e-04
-2.8637284333330826e-04
-2.8522924917164628e-04
-2.8410406688296203e-04
-2.8300132104920817e-04
-2.8192695739050395e-04
-2.8088047737415811e-04
-2.7983605125486976e-04
-2.7880793719361048e-04
-2.7780771197649244e-04
-2.7683497696270534e-04
-2.7588466273742901e-04
-2.7494154524490756e-04
-2.7401594268823234e-04
-2.7311767312504368e-04
-2.7224321622069459e-04
-2.7139221881867723e-04
-2.7055490168428062e-04
-2.6973243343490294e-04
-2.6893622020078615e-04
-2.6816202391319105e-04
-2.6741511590937852e-04
-2.6668535998729606e-04
-2.6596807396063709e-04
-2.6527491240516701e-04
-2.6460733501074688e-04
-2.6396733493783348e-04
-2.6334810545802691e-04
-2.6273936822466729e-04
-2.6215478564537055e-04
-2.6159762083069439e-04
-2.6106865380601995e-04
-2.6056406290174628e-04
-2.6006851856027780e-04
0.0000000000000000e+00
5.3143515342649261e-01
3.6295485309822773e-01
7.2925365311217348e+01
];
