%Vec Object:sol 1 MPI processes
%  type: mpi
sol = [
0.0000000000000000e+00
-3.9858723072051012e-10
-4.5185687769870701e-10
-4.6239172715360099e-10
-1.9182981546490291e-07
-2.0811508652259217e-03
-1.8687669424545716e-03
-1.6890228972612350e-03
-1.5251040370381809e-03
-1.3790068408041747e-03
-1.2356598059476990e-03
-1.0942531306721154e-03
-9.5099554547327912e-04
-8.0071199232821923e-04
-6.5638656910398899e-04
-5.1108256440972560e-04
-3.8890290639493995e-04
-2.8149191272397299e-04
-2.0640977937072747e-04
-1.5287310765965722e-04
-1.2405865484501946e-04
-1.1043007348992560e-04
-1.0837360846649133e-04
-1.1248524970035771e-04
-1.1946968581768135e-04
-1.2730455262254594e-04
-1.3464177881900518e-04
-1.4083111328229951e-04
-1.4594358190666003e-04
-1.4957879047337877e-04
-1.5231378000156302e-04
-1.5397512515600445e-04
-1.5491219506837462e-04
-1.5529223020480660e-04
-1.5513754754870857e-04
-1.5466493798322779e-04
-1.5392415781540815e-04
-1.5295796507869836e-04
-1.5185500208613614e-04
-1.5065568284253504e-04
-1.4936620612416996e-04
-1.4802738813480949e-04
-1.4663916012532004e-04
-1.4524269152396327e-04
-1.4384474340981457e-04
-1.4239288507360227e-04
-1.4096501846853031e-04
-1.3954959712631756e-04
-1.3814544586985967e-04
-1.3669941002992828e-04
-1.3529467418966132e-04
-1.3391109031968355e-04
-1.3254425481170517e-04
-1.3116074773171580e-04
-1.2978244672206651e-04
-1.2845386818674550e-04
-1.2712923050475579e-04
-1.2580525069273967e-04
-1.2451069921695434e-04
-1.2321793982069415e-04
-1.2191693110121492e-04
-1.2066693354089006e-04
-1.1943433596281950e-04
-1.1820185393758829e-04
-1.1697611622736620e-04
-1.1578340418635089e-04
-1.1460447315221558e-04
-1.1342496205610124e-04
-1.1226233414853353e-04
-1.1112555649482447e-04
-1.0999201117954878e-04
-1.0886015706427567e-04
-1.0776120936853163e-04
-1.0668596139155077e-04
-1.0560919557365030e-04
-1.0454086648538306e-04
-1.0349582981521592e-04
-1.0246605706596638e-04
-1.0143973012146713e-04
-1.0041528314778267e-04
-9.9416151000472622e-05
-9.8433812058126009e-05
-9.7458864879791917e-05
-9.6487501942447743e-05
-9.5531111443699366e-05
-9.4591413692139291e-05
-9.3659172258314091e-05
-9.2732518530585053e-05
-9.1808092205054558e-05
-9.0898241285208064e-05
-8.9990899363680843e-05
-8.9098322925721258e-05
-8.8211744405504929e-05
-8.7335825434154692e-05
-8.6462713000293206e-05
-8.5579041222877490e-05
-8.4707126482746288e-05
-8.3841973341380462e-05
-8.2985410872198317e-05
0.0000000000000000e+00
6.8691757822288513e-01
3.0969657761607938e-01
9.9358004143371463e+00
];
