%Vec Object:sol 1 MPI processes
%  type: mpi
sol = [
0.0000000000000000e+00
-4.2211148387919959e-04
-4.1853458017819631e-04
-4.1496761208286733e-04
-4.1149690037035745e-04
-4.0816824766253061e-04
-4.0485523187709833e-04
-4.0164531937493726e-04
-3.9847240875718487e-04
-3.9537664341909292e-04
-3.9239973299764146e-04
-3.8942984514286466e-04
-3.8651681972918318e-04
-3.8366921681171160e-04
-3.8087335271779827e-04
-3.7817463368897207e-04
-3.7547706604355570e-04
-3.7282770501933696e-04
-3.7025316964157338e-04
-3.6770341557577587e-04
-3.6523512398245803e-04
-3.6277038732850558e-04
-3.6034118861014657e-04
-3.5798459683817111e-04
-3.5565712546444206e-04
-3.5337697593682595e-04
-3.5112031902579343e-04
-3.4888144199561822e-04
-3.4670348603641350e-04
-3.4457836173989808e-04
-3.4245601409234615e-04
-3.4036432539833508e-04
-3.3831657887111951e-04
-3.3629533575150995e-04
-3.3432637649071119e-04
-3.3236861290965211e-04
-3.3042347094391238e-04
-3.2852707163326817e-04
-3.2666550901210798e-04
-3.2483184892930503e-04
-3.2301171743510498e-04
-3.2121746391904760e-04
-3.1944969221130246e-04
-3.1772429544084374e-04
-3.1603327823988362e-04
-3.1433098376288055e-04
-3.1266597565303834e-04
-3.1103750557044809e-04
-3.0942843362884588e-04
-3.0785702661481265e-04
-3.0628762671070176e-04
-3.0473815015408657e-04
-3.0322271307461158e-04
-3.0174246501601666e-04
-3.0028577631671503e-04
-2.9882469802366426e-04
-2.9739787561984516e-04
-2.9600177080058932e-04
-2.9462646232684221e-04
-2.9328256272501824e-04
-2.9194087294889511e-04
-2.9062218962887845e-04
-2.8933140886335391e-04
-2.8807200101363747e-04
-2.8684183733432880e-04
-2.8560261150819421e-04
-2.8439444045765715e-04
-2.8321668235878789e-04
-2.8206476179225455e-04
-2.8093666160539316e-04
-2.7981142173834860e-04
-2.7871455128311291e-04
-2.7764193842938853e-04
-2.7659488076761120e-04
-2.7557695353603115e-04
-2.7456499098567848e-04
-2.7357340651705926e-04
-2.7260780076208502e-04
-2.7167114734455607e-04
-2.7076315672157759e-04
-2.6986134194494343e-04
-2.6897820550297674e-04
-2.6812401740071131e-04
-2.6729856218213761e-04
-2.6650073495132926e-04
-2.6571127771301070e-04
-2.6494133124562759e-04
-2.6420037486103682e-04
-2.6348829023172996e-04
-2.6280176242652470e-04
-2.6213102041761180e-04
-2.6147709667388659e-04
-2.6085255233169091e-04
-2.6025735206423439e-04
-2.5968778649018568e-04
-2.5913942580376353e-04
-2.5860568000834490e-04
-2.5810202642167698e-04
-2.5762851498757400e-04
0.0000000000000000e+00
5.3417728940491693e-01
3.6295485309822773e-01
7.2925365311217348e+01
];
