%Vec Object:sol 1 MPI processes
%  type: mpi
sol = [
0.0000000000000000e+00
-3.8977414844823797e-03
-3.8685943671885816e-03
-3.8400796921201409e-03
-3.8123778446150281e-03
-3.7859083006504856e-03
-3.7595279431300189e-03
-3.7338227258794398e-03
-3.7085873693207105e-03
-3.6840059542967711e-03
-3.6604619370742136e-03
-3.6369733371863339e-03
-3.6140772277546227e-03
-3.5915502191743659e-03
-3.5694551765299916e-03
-3.5482105410319883e-03
-3.5271814138938102e-03
-3.5065960004896251e-03
-3.4863386331692218e-03
-3.4662716625647096e-03
-3.4469191198506369e-03
-3.4279622322567187e-03
-3.4093151743802555e-03
-3.3908451611308322e-03
-3.3726091175774911e-03
-3.3548424569024996e-03
-3.3376368480715550e-03
-3.3205485469685633e-03
-3.3036302520615393e-03
-3.2870521912226167e-03
-3.2706361238392899e-03
-3.2547134475772008e-03
-3.2391548154754274e-03
-3.2236304591799925e-03
-3.2082855673615626e-03
-3.1932556293507862e-03
-3.1784489998534665e-03
-3.1640536161618841e-03
-3.1499391633436394e-03
-3.1356351298740160e-03
-3.1217102561355028e-03
-3.1080607666120726e-03
-3.0946126011398515e-03
-3.0815166703441971e-03
-3.0684743890164287e-03
-3.0554404589814787e-03
-3.0427398568511808e-03
-3.0303358809736394e-03
-3.0180647752658168e-03
-3.0060498636736814e-03
-2.9940196693444255e-03
-2.9821290739384262e-03
-2.9705105611877764e-03
-2.9591751347816503e-03
-2.9480232062587849e-03
-2.9368328296599652e-03
-2.9258111521392404e-03
-2.9150285871515293e-03
-2.9043889833593834e-03
-2.8940073941333879e-03
-2.8837926269634361e-03
-2.8734904652489156e-03
-2.8633984682039978e-03
-2.8535499860700806e-03
-2.8439270556856774e-03
-2.8344360289406941e-03
-2.8249302751266465e-03
-2.8155908572694548e-03
-2.8064390382165163e-03
-2.7974536164427880e-03
-2.7886920459934085e-03
-2.7800509227835384e-03
-2.7713768117870780e-03
-2.7628854109580988e-03
-2.7546117838516872e-03
-2.7465517475398359e-03
-2.7386555268641018e-03
-2.7306915930673937e-03
-2.7229030032264482e-03
-2.7153252231237202e-03
-2.7079235123560891e-03
-2.7006940428647951e-03
-2.6935602016248915e-03
-2.6864719573421532e-03
-2.6795825565279438e-03
-2.6728501535334456e-03
-2.6663261224023731e-03
-2.6600087150564214e-03
-2.6536439425983247e-03
-2.6474444291281806e-03
-2.6414357046459416e-03
-2.6356370722074147e-03
-2.6300477829827406e-03
-2.6245347717018860e-03
-2.6190741228693999e-03
-2.6138214413930750e-03
-2.6087842355219590e-03
-2.6039627178771180e-03
-2.5993321338805861e-03
0.0000000000000000e+00
5.0983739986761767e-01
3.6295486983223779e-01
7.2925299968229737e+01
];
