%Vec Object:sol 1 MPI processes
%  type: mpi
sol = [
0.0000000000000000e+00
-1.7944534196810812e-03
-1.6469943078299772e-03
-1.4668520060912261e-03
-1.2872062312448821e-03
-1.1508048021395859e-03
-1.0371945827198595e-03
-9.4281419495891451e-04
-7.2480037098805370e-04
-3.8397625913366571e-04
-3.9425095928643389e-04
-3.8911158140687683e-04
-3.8409623263621059e-04
-3.7916680635986214e-04
-3.7428654249793805e-04
-3.6952801125726009e-04
-3.6481224420398803e-04
-3.6016960191784882e-04
-3.5558219029112255e-04
-3.5101885187610631e-04
-3.4653291984887571e-04
-3.4207406519201085e-04
-3.3762032610780597e-04
-3.3322153945079726e-04
-3.2882818258911627e-04
-3.2445026695182051e-04
-3.2003270555109459e-04
-3.1545903748257198e-04
-3.1051500790168612e-04
-3.0462286345928275e-04
-2.9671051988126667e-04
-2.8562097377629212e-04
-2.7122046355884969e-04
-2.5530709915340806e-04
-2.4026749808555122e-04
-2.2729165244930646e-04
-2.1656728938446591e-04
-2.0799798414309381e-04
-2.0137081538037206e-04
-1.9631416074461172e-04
-1.9256857486640985e-04
-1.8985879504541204e-04
-1.8791899684224780e-04
-1.8653907458386667e-04
-1.8557447358297260e-04
-1.8490228607951880e-04
-1.8442779689423097e-04
-1.8409729154220719e-04
-1.8385966659561072e-04
-1.8368040010604560e-04
-1.8352324596105073e-04
-1.8338244410577887e-04
-1.8324176892579888e-04
-1.8307916704198514e-04
-1.8289806102111115e-04
-1.8269079407322238e-04
-1.8245018795964838e-04
-1.8216902275406682e-04
-1.8185311510252812e-04
-1.8150199013993031e-04
-1.8110011145299105e-04
-1.8067293652434201e-04
-1.8020604479005247e-04
-1.7969201998122646e-04
-1.7913808826671709e-04
-1.7855152816171244e-04
-1.7792800067195321e-04
-1.7726151559410616e-04
-1.7655564885765080e-04
-1.7581808040517381e-04
-1.7504425437251162e-04
-1.7422312396851391e-04
-1.7337879978260748e-04
-1.7250575261371870e-04
-1.7158839774955364e-04
-1.7063669640662277e-04
-1.6965620693816812e-04
-1.6864091878955248e-04
-1.6758642594620344e-04
-1.6649649613419327e-04
-1.6537968691386298e-04
-1.6422866782821332e-04
-1.6304093842781751e-04
-1.6181368453013477e-04
-1.6055315456367321e-04
-1.5925855329567155e-04
-1.5792282552437836e-04
-1.5654388599681412e-04
-1.5511934893812731e-04
-1.5366044443334168e-04
-1.5215718411210034e-04
-1.5060074652169196e-04
-1.4899207366514237e-04
-1.4733183015276297e-04
-1.4561053267659401e-04
-1.4382588164133905e-04
-1.4197285454163215e-04
-1.4003910745373044e-04
-1.3802832849061186e-04
0.0000000000000000e+00
5.7357117824962145e-01
3.5818046247493951e-01
5.2037722679603952e+01
];
