%Vec Object:sol 1 MPI processes
%  type: mpi
sol = [
0.0000000000000000e+00
-3.5286173430388332e-04
-3.5047935612379962e-04
-3.4810776575080105e-04
-3.4580218422682128e-04
-3.4360013853365081e-04
-3.4140067540601373e-04
-3.3930566708711507e-04
-3.3724375585498606e-04
-3.3518533051013992e-04
-3.3321458148655972e-04
-3.3124445931271526e-04
-3.2935759903936982e-04
-3.2751491154637961e-04
-3.2570552422363290e-04
-3.2392434766803532e-04
-3.2214972060891806e-04
-3.2043073340330723e-04
-3.1876535700778416e-04
-3.1711266832579546e-04
-3.1551966622570915e-04
-3.1393551256708361e-04
-3.1235490576999176e-04
-3.1082749419053247e-04
-3.0931741927949077e-04
-3.0784589199019672e-04
-3.0642131157260081e-04
-3.0500042736844861e-04
-3.0358250522880134e-04
-3.0220259928234934e-04
-3.0083428506989893e-04
-2.9950746542727904e-04
-2.9821064190671255e-04
-2.9692922482092325e-04
-2.9565778002810358e-04
-2.9439805335724313e-04
-2.9315602329274277e-04
-2.9194872860428990e-04
-2.9076448477667241e-04
-2.8959745313704454e-04
-2.8845341803904054e-04
-2.8730179632721994e-04
-2.8616638659695451e-04
-2.8506091456319916e-04
-2.8397853681118231e-04
-2.8290947706837311e-04
-2.8186807833105324e-04
-2.8082304469847726e-04
-2.7978020052796699e-04
-2.7876381294718804e-04
-2.7777265582174811e-04
-2.7679198026338639e-04
-2.7583387915260750e-04
-2.7488852720335453e-04
-2.7393502830250975e-04
-2.7299885982085849e-04
-2.7208564955297926e-04
-2.7119234781801903e-04
-2.7031025755914085e-04
-2.6944992751185297e-04
-2.6858284877984378e-04
-2.6772453394284090e-04
-2.6688376788340474e-04
-2.6606365076382296e-04
-2.6526260312310690e-04
-2.6447212712284721e-04
-2.6368894610283034e-04
-2.6290745987389677e-04
-2.6214177908109648e-04
-2.6139000741663828e-04
-2.6065744439664456e-04
-2.5994366945819407e-04
-2.5924382749659055e-04
-2.5853089440239544e-04
-2.5783596685368835e-04
-2.5715953941623729e-04
-2.5649708927553841e-04
-2.5585010743836746e-04
-2.5522128401874903e-04
-2.5459532393677111e-04
-2.5397191986823299e-04
-2.5336345613950474e-04
-2.5277319875870511e-04
-2.5220096572678040e-04
-2.5164576749128493e-04
-2.5109999223358709e-04
-2.5054978588696269e-04
-2.5001789792693073e-04
-2.4950423169043718e-04
-2.4900577997588044e-04
-2.4852388039884812e-04
-2.4806036556214640e-04
-2.4759551917599324e-04
-2.4714364589637026e-04
-2.4670714729565504e-04
-2.4628900040728842e-04
-2.4588994198481871e-04
-2.4551003633379361e-04
-2.4513844655959838e-04
0.0000000000000000e+00
4.8027156091649875e-01
3.6295485309822773e-01
7.2925365311217348e+01
];
