%Vec Object:sol 1 MPI processes
%  type: mpi
sol = [
0.0000000000000000e+00
-3.6260818343051512e-03
-3.6011377012214177e-03
-3.5765008176758457e-03
-3.5521503443591749e-03
-3.5288884497514154e-03
-3.5056708193766687e-03
-3.4835496387299182e-03
-3.4618629989607002e-03
-3.4405015630515653e-03
-3.4197121290277751e-03
-3.3989437237430891e-03
-3.3790491209640915e-03
-3.3596239171215284e-03
-3.3405555337983808e-03
-3.3220222263461003e-03
-3.3033416182322306e-03
-3.2852468047188787e-03
-3.2677161820374914e-03
-3.2503272868496585e-03
-3.2335643613938532e-03
-3.2169640658667488e-03
-3.2003549128877327e-03
-3.1843034894427353e-03
-3.1684398151318083e-03
-3.1529821843969030e-03
-3.1380166822891627e-03
-3.1230115008156877e-03
-3.1081379984833290e-03
-3.0936636132965030e-03
-3.0793159784570810e-03
-3.0654027175364032e-03
-3.0518051058562030e-03
-3.0383039244417029e-03
-3.0248443167967473e-03
-3.0116572058011505e-03
-2.9986581749420825e-03
-2.9860222914793715e-03
-2.9736290962500359e-03
-2.9614048260052143e-03
-2.9491331299470011e-03
-2.9371012504105318e-03
-2.9252408928347978e-03
-2.9136929817894738e-03
-2.9023869528820075e-03
-2.8912221649053747e-03
-2.8800162155435431e-03
-2.8690325722628631e-03
-2.8581599594348678e-03
-2.8475628510003471e-03
-2.8372284649621922e-03
-2.8270051532385439e-03
-2.8167593590649430e-03
-2.8066745637877854e-03
-2.7967505828403235e-03
-2.7870073801424967e-03
-2.7775026083615164e-03
-2.7682048328590159e-03
-2.7588329835119894e-03
-2.7495536179185593e-03
-2.7404985264856503e-03
-2.7315811238158541e-03
-2.7228458115353591e-03
-2.7143242667362925e-03
-2.7058675451298374e-03
-2.6973448792936864e-03
-2.6890331703260588e-03
-2.6809266481705491e-03
-2.6729835046984188e-03
-2.6651842103085580e-03
-2.6575021486953906e-03
-2.6498004089962990e-03
-2.6422473620312330e-03
-2.6348548168833928e-03
-2.6276560337024791e-03
-2.6206474566004569e-03
-2.6137459522003301e-03
-2.6067591626691877e-03
-2.5999640300291777e-03
-2.5933578044412997e-03
-2.5869081698434299e-03
-2.5806118148283368e-03
-2.5745002848076965e-03
-2.5683069102914410e-03
-2.5622916418817296e-03
-2.5564164964785216e-03
-2.5507300661685981e-03
-2.5452309932165718e-03
-2.5399182321894833e-03
-2.5345274212787258e-03
-2.5292832061449074e-03
-2.5242308511976112e-03
-2.5193699599076274e-03
-2.5147002900403935e-03
-2.5101872561873180e-03
-2.5056550492399505e-03
-2.5012763561161186e-03
-2.4970966044798536e-03
-2.4931164033252704e-03
0.0000000000000000e+00
4.8830060257454388e-01
3.6295486983223779e-01
7.2925299968229737e+01
];
