%Vec Object:sol 1 MPI processes
%  type: mpi
sol = [
0.0000000000000000e+00
-1.7742579304627106e-02
-1.6249548712116289e-02
-1.4452057406853533e-02
-1.2691946946890820e-02
-1.1349576499895184e-02
-1.0227243389719125e-02
-9.2545264587823549e-03
-3.1054660634813199e-03
-3.9401425099139815e-03
-3.8993774070291919e-03
-3.8567155902808027e-03
-3.8142464100818698e-03
-3.7718865856684477e-03
-3.7295075699277113e-03
-3.6875264118854572e-03
-3.6449696464798884e-03
-3.6027094780810005e-03
-3.5607287194061583e-03
-3.5184811402153844e-03
-3.4762877679946074e-03
-3.4341479288139431e-03
-3.3920347298788348e-03
-3.3502468764014998e-03
-3.3080402395498465e-03
-3.2659921970875673e-03
-3.2242127969643038e-03
-3.1822033509031102e-03
-3.1400932323347643e-03
-3.0975849888534505e-03
-3.0538147148721499e-03
-3.0076245094990714e-03
-2.9559653632969473e-03
-2.8935383806615203e-03
-2.8145545217171278e-03
-2.7147756133239294e-03
-2.5976001870981883e-03
-2.4745962321557897e-03
-2.3572548437921295e-03
-2.2520199725378368e-03
-2.1610756783972192e-03
-2.0849279456175733e-03
-2.0229939918066753e-03
-1.9732338922186319e-03
-1.9342625584115750e-03
-1.9042631556600248e-03
-1.8813249422912860e-03
-1.8639207655174526e-03
-1.8506757458465282e-03
-1.8405717030398679e-03
-1.8326892510924469e-03
-1.8265167412136484e-03
-1.8215631042684730e-03
-1.8173536722988673e-03
-1.8137135598241764e-03
-1.8104018562126358e-03
-1.8072279996462276e-03
-1.8040236188179158e-03
-1.8007647219674392e-03
-1.7973881002708264e-03
-1.7936921043899664e-03
-1.7898888411463192e-03
-1.7858042209487220e-03
-1.7813398876755126e-03
-1.7765484061193651e-03
-1.7714835206722661e-03
-1.7660879394003552e-03
-1.7602925240646488e-03
-1.7541215833101046e-03
-1.7476439431762004e-03
-1.7408087639606668e-03
-1.7334988281962249e-03
-1.7259500205827917e-03
-1.7181028133029228e-03
-1.7097983322814517e-03
-1.7011336171617313e-03
-1.6921605145015584e-03
-1.6828162492123851e-03
-1.6730554905582135e-03
-1.6629152212677906e-03
-1.6524775838891127e-03
-1.6416676433267784e-03
-1.6304597528321047e-03
-1.6188251631183480e-03
-1.6068244669721959e-03
-1.5944486271869320e-03
-1.5816258676590977e-03
-1.5683345452594687e-03
-1.5545506012036386e-03
-1.5403856617717618e-03
-1.5257391318430373e-03
-1.5105188288784168e-03
-1.4947348896077715e-03
-1.4783927651111173e-03
-1.4613965186201882e-03
-1.4437234781990629e-03
-1.4253184015476359e-03
-1.4060548943792988e-03
-1.3859684495693186e-03
0.0000000000000000e+00
5.7242677553650889e-01
3.5879773751315430e-01
5.4167390197280433e+01
];
