%Vec Object:sol 1 MPI processes
%  type: mpi
sol = [
0.0000000000000000e+00
-3.4299523998777295e-04
-3.4070897782211050e-04
-3.3846906088344758e-04
-3.3629112262212541e-04
-3.3421153661625198e-04
-3.3213281178965737e-04
-3.3015332615558488e-04
-3.2816055133428126e-04
-3.2621331750679961e-04
-3.2434946867336334e-04
-3.2248485567381094e-04
-3.2069946791793381e-04
-3.1895555707046967e-04
-3.1722821113701506e-04
-3.1553223428149881e-04
-3.1385033363010402e-04
-3.1222117820006869e-04
-3.1064286378885763e-04
-3.0907578641594670e-04
-3.0756551606291309e-04
-3.0605691299934325e-04
-3.0455614923028751e-04
-3.0310602198921495e-04
-3.0167180915947878e-04
-3.0027409927781368e-04
-2.9892107701514812e-04
-2.9757421512817628e-04
-2.9623146608620152e-04
-2.9491860561201222e-04
-2.9361625308546932e-04
-2.9235345093661603e-04
-2.9111907496890744e-04
-2.8989898694810047e-04
-2.8871030200510015e-04
-2.8750921112864584e-04
-2.8632470210551789e-04
-2.8517334415351542e-04
-2.8404381475990651e-04
-2.8293046022280949e-04
-2.8184738800076590e-04
-2.8077270633520028e-04
-2.7968756925591956e-04
-2.7863105670991253e-04
-2.7759653859544956e-04
-2.7657452803142671e-04
-2.7557899034856543e-04
-2.7460681085550529e-04
-2.7362433444586459e-04
-2.7265090681217270e-04
-2.7170166050273828e-04
-2.7076226401487270e-04
-2.6984449291082483e-04
-2.6894941486651743e-04
-2.6806831433366180e-04
-2.6717790116850555e-04
-2.6630144686234881e-04
-2.6544411270661969e-04
-2.6459744709855017e-04
-2.6377171445570168e-04
-2.6296619964589525e-04
-2.6217281214903121e-04
-2.6136504782661442e-04
-2.6057653588622173e-04
-2.5980642602624430e-04
-2.5904644840166945e-04
-2.5830562345606625e-04
-2.5758344038965490e-04
-2.5686989866491788e-04
-2.5614585877798329e-04
-2.5544042021501649e-04
-2.5475317942292013e-04
-2.5407935609573075e-04
-2.5342010059189882e-04
-2.5277860665308909e-04
-2.5214189543819619e-04
-2.5150304259309223e-04
-2.5087922088723848e-04
-2.5027306197808826e-04
-2.4968433221581255e-04
-2.4910998159444555e-04
-2.4854972349776250e-04
-2.4798740743572217e-04
-2.4743506847188030e-04
-2.4689935747864160e-04
-2.4637657091340143e-04
-2.4587136357777004e-04
-2.4538363217620359e-04
-2.4491255153735123e-04
-2.4443121955260448e-04
-2.4396594762177869e-04
-2.4351867166290696e-04
-2.4308937691794368e-04
-2.4267806309125243e-04
-2.4228145180403793e-04
-2.4189327988351081e-04
-2.4150808379491532e-04
-2.4114169264991954e-04
-2.4079418699435195e-04
0.0000000000000000e+00
4.7200363006730311e-01
3.6295485309822773e-01
7.2925365311217348e+01
];
