%Vec Object:sol 1 MPI processes
%  type: mpi
sol = [
0.0000000000000000e+00
-3.4072009130524746e-04
-3.3849643057500673e-04
-3.3627119271889495e-04
-3.3410734722386310e-04
-3.3204099061848668e-04
-3.2997541594942246e-04
-3.2800837483020926e-04
-3.2607863561199554e-04
-3.2416736416568409e-04
-3.2231384148300607e-04
-3.2045954009400580e-04
-3.1868383851061668e-04
-3.1694929058173030e-04
-3.1524550031353222e-04
-3.1360859460427440e-04
-3.1194402812544553e-04
-3.1032233584526325e-04
-3.0875114241992856e-04
-3.0719114302564732e-04
-3.0568757030140865e-04
-3.0421327202883827e-04
-3.0276385196884476e-04
-3.0131925456707768e-04
-2.9989047849956737e-04
-2.9849801371069828e-04
-2.9714998997462102e-04
-2.9580822861839082e-04
-2.9450765445174562e-04
-2.9323323546460891e-04
-2.9193495709644164e-04
-2.9067604553458502e-04
-2.8944545508201655e-04
-2.8822914660723371e-04
-2.8704829351629442e-04
-2.8589098138709427e-04
-2.8473501945942066e-04
-2.8358638924110349e-04
-2.8245954716997728e-04
-2.8134887737307697e-04
-2.8026838926677015e-04
-2.7920872610317328e-04
-2.7816352972679287e-04
-2.7712754483177990e-04
-2.7609479780531097e-04
-2.7507459202026299e-04
-2.7408079713171112e-04
-2.7311031775346570e-04
-2.7214890465172012e-04
-2.7121206624740096e-04
-2.7027670088081829e-04
-2.6933836496283419e-04
-2.6842163343276861e-04
-2.6752756475975479e-04
-2.6664749431851132e-04
-2.6578333950522017e-04
-2.6494057361002246e-04
-2.6409134071057568e-04
-2.6324509621735142e-04
-2.6241977105844112e-04
-2.6161465171286441e-04
-2.6082161437922805e-04
-2.6004488006094899e-04
-2.5928747632428045e-04
-2.5852005391982004e-04
-2.5775985419604976e-04
-2.5701880949707015e-04
-2.5629640740503336e-04
-2.5558873101638009e-04
-2.5489396069417001e-04
-2.5421558347621864e-04
-2.5352758298047978e-04
-2.5285302984941606e-04
-2.5219306415894210e-04
-2.5155085721036163e-04
-2.5092610116729769e-04
-2.5031443582436555e-04
-2.4971092220278559e-04
-2.4910352303918144e-04
-2.4851355688425931e-04
-2.4793798953959918e-04
-2.4737652839299038e-04
-2.4683235815131107e-04
-2.4630532095470373e-04
-2.4578299767401079e-04
-2.4525849498142254e-04
-2.4475157462627807e-04
-2.4426213153597414e-04
-2.4379008930332073e-04
-2.4333254559440729e-04
-2.4289081184080378e-04
-2.4244954358922758e-04
-2.4201794320767228e-04
-2.4160432843929779e-04
-2.4120543906015849e-04
-2.4082418288135743e-04
-2.4046129349327230e-04
-2.4011705751788862e-04
-2.3976740386268385e-04
0.0000000000000000e+00
4.7002905026214536e-01
3.6295485309822773e-01
7.2925365311217348e+01
];
