%Vec Object:sol 1 MPI processes
%  type: mpi
sol = [
0.0000000000000000e+00
-3.5542494239768959e-03
-3.5298600500325941e-03
-3.5059749348598295e-03
-3.4827567374006766e-03
-3.4605838556845108e-03
-3.4384376749394719e-03
-3.4170080468276598e-03
-3.3957593419666550e-03
-3.3750485865785148e-03
-3.3552222043236194e-03
-3.3354021063268097e-03
-3.3164216799639445e-03
-3.2976855999368748e-03
-3.2789626223806477e-03
-3.2609667186733683e-03
-3.2431289340164693e-03
-3.2258515806710660e-03
-3.2091141165115833e-03
-3.1924448761044772e-03
-3.1759490378387815e-03
-3.1597806155217608e-03
-3.1439063457433473e-03
-3.1285673215777428e-03
-3.1134020187494932e-03
-3.0986242683770666e-03
-3.0839447725587682e-03
-3.0692664170481527e-03
-3.0550358046594495e-03
-3.0411870917655998e-03
-3.0274539526143661e-03
-3.0141377903579467e-03
-3.0009120926705875e-03
-2.9876338582958779e-03
-2.9747401934986056e-03
-2.9621059519160660e-03
-2.9496486762355619e-03
-2.9375400884654149e-03
-2.9256031160010904e-03
-2.9135051157049567e-03
-2.9017339676097567e-03
-2.8901914823367555e-03
-2.8788109278473930e-03
-2.8677306181422169e-03
-2.8568816268601232e-03
-2.8458736775782028e-03
-2.8350712813270305e-03
-2.8245215000198593e-03
-2.8140753999150218e-03
-2.8038944105777293e-03
-2.7939662067524135e-03
-2.7839968562714534e-03
-2.7740546873309506e-03
-2.7643565511724149e-03
-2.7548118516515924e-03
-2.7454403160736317e-03
-2.7362986662074294e-03
-2.7273422046974029e-03
-2.7181845450075419e-03
-2.7092511619112463e-03
-2.7005343323446922e-03
-2.6919492278550451e-03
-2.6835395481182227e-03
-2.6753365238376087e-03
-2.6671155487763862e-03
-2.6589021102406676e-03
-2.6508929275172199e-03
-2.6430824706488183e-03
-2.6354298184572268e-03
-2.6279159019583997e-03
-2.6205035269512979e-03
-2.6130770123965232e-03
-2.6057943418056509e-03
-2.5986672231500881e-03
-2.5917284516478738e-03
-2.5849746719338413e-03
-2.5783617594413756e-03
-2.5716323574068232e-03
-2.5650781290464946e-03
-2.5587079870753975e-03
-2.5524902267877129e-03
-2.5464216355949062e-03
-2.5405350952191993e-03
-2.5346611644402840e-03
-2.5288595729557823e-03
-2.5231944923906841e-03
-2.5177137577945654e-03
-2.5124161128877503e-03
-2.5073006017520870e-03
-2.5022549024594945e-03
-2.4972006673648940e-03
-2.4923342615084023e-03
-2.4876553657896222e-03
-2.4831638126704427e-03
-2.4788256610848020e-03
-2.4746592490036243e-03
-2.4704478111052309e-03
-2.4664316314639534e-03
-2.4626113805638937e-03
0.0000000000000000e+00
4.8244584347020630e-01
3.6295486983223779e-01
7.2925299968229737e+01
];
