%Vec Object:sol 1 MPI processes
%  type: mpi
sol = [
0.0000000000000000e+00
-3.4209854481912774e-04
-3.3981875439510864e-04
-3.3758450059211977e-04
-3.3541198728279716e-04
-3.3333747532836506e-04
-3.3126378832391785e-04
-3.2928914231934280e-04
-3.2733140690479863e-04
-3.2538842823777605e-04
-3.2352855954610239e-04
-3.2166791955366361e-04
-3.1988625276644565e-04
-3.1814593391626543e-04
-3.1643651469206313e-04
-3.1475919733256599e-04
-3.1308026393287510e-04
-3.1145393647489465e-04
-3.0987832112951120e-04
-3.0831393666006402e-04
-3.0680621871430043e-04
-3.0532811666733042e-04
-3.0383094629873929e-04
-3.0238288679788937e-04
-3.0095073854657781e-04
-2.9955502926645077e-04
-2.9820392131329023e-04
-2.9685906777977540e-04
-2.9554692837435899e-04
-2.9423568232919212e-04
-2.9293496439967661e-04
-2.9167373169571107e-04
-2.9044089095679114e-04
-2.8922234362827026e-04
-2.8803935289577681e-04
-2.8686359954479396e-04
-2.8568025705829079e-04
-2.8453002516081849e-04
-2.8340161271513977e-04
-2.8228938107553356e-04
-2.8120739752938003e-04
-2.8014626605037135e-04
-2.7907719556853025e-04
-2.7802145275442329e-04
-2.7698769697240814e-04
-2.7596646563243104e-04
-2.7497168447286830e-04
-2.7400024593546464e-04
-2.7303786505912287e-04
-2.7207270270222203e-04
-2.7112392391763441e-04
-2.7018502041887106e-04
-2.6926773657529133e-04
-2.6837313757027757e-04
-2.6749252736555149e-04
-2.6662806555096378e-04
-2.6575293416017962e-04
-2.6489585498572205e-04
-2.6404946906056072e-04
-2.6322400980960370e-04
-2.6241875947890435e-04
-2.6162556118545241e-04
-2.6084407728069929e-04
-2.6005560780704469e-04
-2.5928553383134907e-04
-2.5852560610333756e-04
-2.5778482189927693e-04
-2.5706267124159699e-04
-2.5635522618971089e-04
-2.5565051176792465e-04
-2.5494484574053430e-04
-2.5425737525715811e-04
-2.5358333144919420e-04
-2.5292386132147904e-04
-2.5228214993691178e-04
-2.5165788604507603e-04
-2.5103100716154547e-04
-2.5040673165196379e-04
-2.4980012219350868e-04
-2.4921094494106228e-04
-2.4863615453838632e-04
-2.4807545506565860e-04
-2.4753198387203560e-04
-2.4698431053134115e-04
-2.4644791925983352e-04
-2.4592446075526403e-04
-2.4541858128831388e-04
-2.4493017823624670e-04
-2.4445917649832023e-04
-2.4400055030588023e-04
-2.4353439871307092e-04
-2.4308624451270245e-04
-2.4265607193519714e-04
-2.4224387963828192e-04
-2.4184639590060837e-04
-2.4146653930839942e-04
-2.4109501802830366e-04
-2.4072752845232824e-04
-2.4037892309532847e-04
0.0000000000000000e+00
4.7120966270632642e-01
3.6295485309822773e-01
7.2925365311217348e+01
];
