%Vec Object:sol 1 MPI processes
%  type: mpi
sol = [
0.0000000000000000e+00
-7.2732837972751044e-09
-7.6024818665290057e-09
-7.7984102410140399e-09
-7.9215741210384501e-09
-7.9774692460893903e-09
-7.9699715424357654e-09
-7.9602189883713065e-09
-7.9294923112318562e-09
-7.8902114544906877e-09
-7.8473240740814666e-09
-7.7929458085958144e-09
-7.7379573172434575e-09
-7.6787691431273853e-09
-7.6161174723880407e-09
-7.5525445198837347e-09
-7.5320541816434742e-09
-1.5484973642443121e-08
-4.5757398051195828e-07
-8.6666241432555687e-06
-9.7954965765012996e-05
-6.1740055444658895e-04
-1.5852949290536705e-03
-2.1805548204524325e-03
-2.4578543139326245e-03
-2.6105907244605006e-03
-2.7086460758230070e-03
-2.7754358843980376e-03
-2.8219172257919513e-03
-2.8488164899202646e-03
-2.8628903103362947e-03
-2.8637844890470670e-03
-2.8559396563300871e-03
-2.8404211481846040e-03
-2.8192713504601482e-03
-2.7940340061770666e-03
-2.7653309188044096e-03
-2.7347118214398041e-03
-2.7022468232316653e-03
-2.6684909583599022e-03
-2.6344105852635817e-03
-2.5997272361471405e-03
-2.5641839220454880e-03
-2.5292479871627748e-03
-2.4945284057572305e-03
-2.4586073188843437e-03
-2.4237113038260080e-03
-2.3892269079746819e-03
-2.3547976508451270e-03
-2.3195921398616441e-03
-2.2856191670687595e-03
-2.2517865675102311e-03
-2.2183159262036149e-03
-2.1847013886818287e-03
-2.1509579241417377e-03
-2.1182316923680339e-03
-2.0856402815778133e-03
-2.0530616634243499e-03
-2.0209101788877214e-03
-1.9887105195489823e-03
-1.9564772285795753e-03
-1.9249120917737908e-03
-1.8936321585111264e-03
-1.8624172236804031e-03
-1.8312220098289493e-03
-1.8004299042940345e-03
-1.7698209485162702e-03
-1.7391257299217415e-03
-1.7086717540482162e-03
-1.6785047748182889e-03
-1.6482484664677123e-03
-1.6180772290373536e-03
-1.5881976828322107e-03
-1.5585303899197684e-03
-1.5288324390291738e-03
-1.4991127540890370e-03
-1.4695889685995731e-03
-1.4402069538276367e-03
-1.4107865861881655e-03
-1.3811858484421976e-03
-1.3517784428740878e-03
-1.3225067208396512e-03
-1.2932108237753721e-03
-1.2638019801263398e-03
-1.2344280129697946e-03
-1.2050984101645893e-03
-1.1757400424972338e-03
-1.1463196597081711e-03
-1.1167378929037677e-03
-1.0870210833948527e-03
-1.0570470531342114e-03
-1.0272684141874430e-03
-9.9737588848023079e-04
-9.6738827449594238e-04
-9.3719608961976848e-04
-9.0644578411261108e-04
-8.7569731760745383e-04
-8.4495696958450351e-04
-8.1403752335064590e-04
0.0000000000000000e+00
8.6493634849271339e-01
2.7391252959291446e-01
5.4430148717814930e+00
];
