%Vec Object:sol 1 MPI processes
%  type: mpi
sol = [
0.0000000000000000e+00
-3.7918363698733154e-03
-3.7642940254776565e-03
-3.7373415537301641e-03
-3.7111538718726956e-03
-3.6861377564412446e-03
-3.6610549210403351e-03
-3.6366791577352856e-03
-3.6127968207651739e-03
-3.5895301106791556e-03
-3.5672510570630193e-03
-3.5450100708502310e-03
-3.5232985297846912e-03
-3.5019508909850290e-03
-3.4810074670062669e-03
-3.4608742374514279e-03
-3.4409368133394669e-03
-3.4215349108934513e-03
-3.4023113732518195e-03
-3.3832606407767263e-03
-3.3648911782669035e-03
-3.3468944992623259e-03
-3.3292341859566853e-03
-3.3118789688250231e-03
-3.2945393869001460e-03
-3.2776457662219462e-03
-3.2612875921393157e-03
-3.2450345386660557e-03
-3.2292775096335554e-03
-3.2135009553034589e-03
-3.1978633981667431e-03
-3.1826974417981774e-03
-3.1678777450897177e-03
-3.1532460492746492e-03
-3.1388943999861307e-03
-3.1245546184655972e-03
-3.1104252639555154e-03
-3.0966892377935844e-03
-3.0832197752171291e-03
-3.0699533922519196e-03
-3.0567753392032070e-03
-3.0437274080242138e-03
-3.0308698940645423e-03
-3.0183498762441584e-03
-3.0060930884635152e-03
-2.9939941356570900e-03
-2.9818318732781554e-03
-2.9699525761116593e-03
-2.9581982875000090e-03
-2.9467406157555674e-03
-2.9355658123199758e-03
-2.9244063435049468e-03
-2.9132565950376089e-03
-2.9023789731408719e-03
-2.8916765441318018e-03
-2.8811699320258248e-03
-2.8709190626978781e-03
-2.8606868919752964e-03
-2.8504556796381570e-03
-2.8404729949095134e-03
-2.8307302011135052e-03
-2.8211367664698664e-03
-2.8117388337712754e-03
-2.8022816419402802e-03
-2.7930090767484001e-03
-2.7838626811883633e-03
-2.7749409181938652e-03
-2.7662375623885046e-03
-2.7576505316949276e-03
-2.7489736249010268e-03
-2.7405131014840165e-03
-2.7322639706391259e-03
-2.7241733493700159e-03
-2.7162533949251261e-03
-2.7083972873670975e-03
-2.7005963062053705e-03
-2.6929535425602035e-03
-2.6854845781198598e-03
-2.6782177259267121e-03
-2.6711499642224912e-03
-2.6640285885602332e-03
-2.6570137627205518e-03
-2.6502002041473428e-03
-2.6435856119610148e-03
-2.6371590996769789e-03
-2.6308537998580750e-03
-2.6245065671166579e-03
-2.6183601177151199e-03
-2.6124130844556960e-03
-2.6066331636967538e-03
-2.6010342654040198e-03
-2.5955258977027997e-03
-2.5900716597559428e-03
-2.5848208175944208e-03
-2.5797372230198269e-03
-2.5748522432419403e-03
-2.5701734010059774e-03
-2.5655079520352235e-03
-2.5609968870448654e-03
0.0000000000000000e+00
5.0161668426065009e-01
3.6295486983223779e-01
7.2925299968229737e+01
];
