%Vec Object:sol 1 MPI processes
%  type: mpi
sol = [
0.0000000000000000e+00
-3.9589565379084101e-03
-3.9292114577345518e-03
-3.9001121623739518e-03
-3.8713955076692627e-03
-3.8437433095516345e-03
-3.8162002728003969e-03
-3.7899354732347486e-03
-3.7642085586320605e-03
-3.7387643046395726e-03
-3.7141669558475106e-03
-3.6896416477500242e-03
-3.6661329290490589e-03
-3.6431892541415939e-03
-3.6203842478314289e-03
-3.5981918887185455e-03
-3.5762324411587410e-03
-3.5549595997012655e-03
-3.5343471266935174e-03
-3.5137214819632137e-03
-3.4935104011757476e-03
-3.4737137498324598e-03
-3.4542926439461671e-03
-3.4355167786869882e-03
-3.4168724474288041e-03
-3.3983240405386318e-03
-3.3803567111213057e-03
-3.3625189267711057e-03
-3.3452197176395485e-03
-3.3283816740964818e-03
-3.3112521146190345e-03
-3.2946335205602324e-03
-3.2783940863364875e-03
-3.2623678770912021e-03
-3.2468010507714956e-03
-3.2312220928316809e-03
-3.2157769394007022e-03
-3.2007577703593807e-03
-3.1860316492170653e-03
-3.1715319296619373e-03
-3.1572145414265765e-03
-3.1429817008362167e-03
-3.1289609263997768e-03
-3.1153052351676059e-03
-3.1019367219507392e-03
-3.0886576094923809e-03
-3.0754235998799321e-03
-3.0624977501070259e-03
-3.0497137903226111e-03
-3.0372502249491969e-03
-3.0250923969422417e-03
-3.0127382746560414e-03
-3.0006414218659641e-03
-2.9888382413005769e-03
-2.9772276183995458e-03
-2.9658307987985343e-03
-2.9544971222682818e-03
-2.9432797054762569e-03
-2.9322133966740199e-03
-2.9214146807953569e-03
-2.9108743516903933e-03
-2.9004011435477609e-03
-2.8899139885672732e-03
-2.8796794329872684e-03
-2.8696791935913586e-03
-2.8598183529199759e-03
-2.8501989614734212e-03
-2.8405144917678592e-03
-2.8310147381817091e-03
-2.8216890535646320e-03
-2.8125954982895301e-03
-2.8037287321696571e-03
-2.7948470927630234e-03
-2.7860440500751611e-03
-2.7774666566216916e-03
-2.7691105981068323e-03
-2.7609254363293988e-03
-2.7528448031082144e-03
-2.7447812662894965e-03
-2.7369360641157389e-03
-2.7292739974598655e-03
-2.7217911443483496e-03
-2.7145230361455362e-03
-2.7072075380960578e-03
-2.7000846838729667e-03
-2.6931253607226815e-03
-2.6863814417947343e-03
-2.6798510705918484e-03
-2.6733696693609621e-03
-2.6669705244655615e-03
-2.6607687316797758e-03
-2.6547837686838323e-03
-2.6490148415618904e-03
-2.6433853255990931e-03
-2.6377581591809510e-03
-2.6323455330368056e-03
-2.6271550102608611e-03
-2.6221868002453625e-03
-2.6174412018227055e-03
0.0000000000000000e+00
5.1454644004964034e-01
3.6295486983223779e-01
7.2925299968229737e+01
];
