%Vec Object:sol 1 MPI processes
%  type: mpi
sol = [
0.0000000000000000e+00
-3.7529770176121940e-03
-3.7263976384634715e-03
-3.6998487429968242e-03
-3.6739449951601649e-03
-3.6491967837432131e-03
-3.6245140499936985e-03
-3.6009931192076063e-03
-3.5777855356612280e-03
-3.5547439958720697e-03
-3.5326777432482495e-03
-3.5106489360481065e-03
-3.4895451253869332e-03
-3.4689442314428669e-03
-3.4483777935439357e-03
-3.4284148869725751e-03
-3.4086460918752782e-03
-3.3894988708916864e-03
-3.3709499879253273e-03
-3.3525596768322944e-03
-3.3343379866303284e-03
-3.3164738811458146e-03
-3.2989434707942559e-03
-3.2820019016982275e-03
-3.2652643351938453e-03
-3.2488280036790051e-03
-3.2325739593948946e-03
-3.2164252405492764e-03
-3.2007685377776823e-03
-3.1855331453206422e-03
-3.1704361440190866e-03
-3.1555581397384375e-03
-3.1408189645838638e-03
-3.1262674349404910e-03
-3.1121369129573210e-03
-3.0982942519548013e-03
-3.0846517409891996e-03
-3.0710670666393050e-03
-3.0576580871663150e-03
-3.0444519291200024e-03
-3.0316023873030212e-03
-3.0190051488191965e-03
-3.0065854231282395e-03
-2.9941110354199051e-03
-2.9818990862113147e-03
-2.9698450066066610e-03
-2.9581008930671367e-03
-2.9466317997672120e-03
-2.9351990603528177e-03
-2.9237728936165456e-03
-2.9126286982908262e-03
-2.9016092752214605e-03
-2.8908426595643751e-03
-2.8803397959474160e-03
-2.8698587187575768e-03
-2.8593712300602381e-03
-2.8491388830451355e-03
-2.8391288630943020e-03
-2.8292485609676043e-03
-2.8196092957430527e-03
-2.8100004289544384e-03
-2.8004146522468171e-03
-2.7910243361623545e-03
-2.7818619267726383e-03
-2.7729102877654486e-03
-2.7640790832708828e-03
-2.7552140560257250e-03
-2.7465075951073523e-03
-2.7379759577088000e-03
-2.7295987894246769e-03
-2.7214318354223501e-03
-2.7134687721093930e-03
-2.7053657634482538e-03
-2.6974334709627922e-03
-2.6897061875009757e-03
-2.6821800214802444e-03
-2.6748069325747120e-03
-2.6675444181027594e-03
-2.6602558819310562e-03
-2.6531663966569419e-03
-2.6462424502080874e-03
-2.6394804464266544e-03
-2.6329146207660428e-03
-2.6264300350206963e-03
-2.6199730002968691e-03
-2.6136636830724406e-03
-2.6075519862465511e-03
-2.6016363437336241e-03
-2.5959155098645940e-03
-2.5901900478718367e-03
-2.5845512422850224e-03
-2.5791125271373036e-03
-2.5738733352531308e-03
-2.5688332621185222e-03
-2.5639565679681803e-03
-2.5590502653126189e-03
-2.5543221145879202e-03
-2.5498004571937465e-03
-2.5454857718780906e-03
0.0000000000000000e+00
4.9850511157266958e-01
3.6295486983223779e-01
7.2925299968229737e+01
];
