%Vec Object:sol 1 MPI processes
%  type: mpi
sol = [
0.0000000000000000e+00
-4.0251741116846166e-04
-3.9939741612810377e-04
-3.9634559217327357e-04
-3.9338064416681985e-04
-3.9054606586603476e-04
-3.8768198199445495e-04
-3.8492658580940029e-04
-3.8222794340896218e-04
-3.7959906866648872e-04
-3.7707968830790297e-04
-3.7452507738656982e-04
-3.7205868999763052e-04
-3.6965150024323147e-04
-3.6729059076734107e-04
-3.6501930079009548e-04
-3.6273018537242966e-04
-3.6049847162141993e-04
-3.5833539651439580e-04
-3.5619323879123048e-04
-3.5412625227753943e-04
-3.5206298099307973e-04
-3.5002579942139460e-04
-3.4805549225024285e-04
-3.4611038792740879e-04
-3.4421482004219308e-04
-3.4234436496013206e-04
-3.4047357955350262e-04
-3.3865863951109407e-04
-3.3689179772314256e-04
-3.3514252916782314e-04
-3.3341663567608329e-04
-3.3171314810825691e-04
-3.3003229920156957e-04
-3.2839906963361159e-04
-3.2679907315931071e-04
-3.2520047210132379e-04
-3.2362551243368096e-04
-3.2208119788550469e-04
-3.2056074465408254e-04
-3.1908056052596171e-04
-3.1761342569542830e-04
-3.1614412177057168e-04
-3.1471269466338007e-04
-3.1331122106607190e-04
-3.1192848921197502e-04
-3.1057126750894701e-04
-3.0921715885811577e-04
-3.0787823438233205e-04
-3.0657257973981314e-04
-3.0529869556449848e-04
-3.0403693796704967e-04
-3.0277103798216854e-04
-3.0153567226441917e-04
-3.0032059049504888e-04
-2.9912794120708650e-04
-2.9796399645909101e-04
-2.9679484732158694e-04
-2.9563810195103586e-04
-2.9450922101131253e-04
-2.9340726350144297e-04
-2.9232268444397331e-04
-2.9123788443774327e-04
-2.9016935488332575e-04
-2.8912528954669450e-04
-2.8809608051722071e-04
-2.8709204791737544e-04
-2.8609766989560532e-04
-2.8510761438292663e-04
-2.8413591669410450e-04
-2.8318844735716062e-04
-2.8226466666644672e-04
-2.8135132776390949e-04
-2.8043590649127158e-04
-2.7954406165227633e-04
-2.7867535588383134e-04
-2.7782469151895053e-04
-2.7699271507822026e-04
-2.7615628674459677e-04
-2.7534268692861618e-04
-2.7454835709643326e-04
-2.7377289949247533e-04
-2.7301990129805268e-04
-2.7226724960270859e-04
-2.7153087547462332e-04
-2.7081178656919333e-04
-2.7011522127519866e-04
-2.6944099310913629e-04
-2.6877375170341721e-04
-2.6811474485565292e-04
-2.6747643903418233e-04
-2.6686079912633710e-04
-2.6626774340134980e-04
-2.6568800440917770e-04
-2.6511122497654369e-04
-2.6455686677131221e-04
-2.6402568785411880e-04
-2.6351770163800394e-04
-2.6302901551658879e-04
0.0000000000000000e+00
5.1958507340941062e-01
3.6295485309822773e-01
7.2925365311217348e+01
];
