%Vec Object:sol 1 MPI processes
%  type: mpi
sol = [
0.0000000000000000e+00
-1.8575756549100948e-02
-1.7158687789678606e-02
-1.5344965352806109e-02
-1.3446259636718253e-02
-1.1998882285294318e-02
-1.0810213761856194e-02
-9.8312630878285498e-03
-8.9298120631459855e-03
-8.0537129096166053e-03
-3.4800547845980768e-03
-3.9686202459741091e-03
-3.9509127366470723e-03
-3.8962799257201155e-03
-3.8409898965534846e-03
-3.7861504651275266e-03
-3.7309635355140900e-03
-3.6758353475538413e-03
-3.6210658161810907e-03
-3.5661377147839508e-03
-3.5114128072802225e-03
-3.4558315935945974e-03
-3.3962900842601580e-03
-3.3190089935224874e-03
-3.1801691518869289e-03
-2.9244277878714671e-03
-2.6031717470583874e-03
-2.3300618718761438e-03
-2.1349672138826019e-03
-2.0060941796706294e-03
-1.9264733990577833e-03
-1.8799606632389767e-03
-1.8547098227247830e-03
-1.8424895719659487e-03
-1.8372754534844444e-03
-1.8367261334610093e-03
-1.8386394731505281e-03
-1.8415285308002217e-03
-1.8451985294169657e-03
-1.8490886459910569e-03
-1.8525934137713720e-03
-1.8558928711722097e-03
-1.8588107664588944e-03
-1.8611469196252891e-03
-1.8629960439112965e-03
-1.8642787865007365e-03
-1.8649217502460054e-03
-1.8650323676374144e-03
-1.8645823811698548e-03
-1.8635803865769606e-03
-1.8619533792731582e-03
-1.8598403280035971e-03
-1.8572404139603974e-03
-1.8540485337492515e-03
-1.8503903967831282e-03
-1.8462760741945932e-03
-1.8416817238425913e-03
-1.8365771907121295e-03
-1.8310599194859688e-03
-1.8251487573181775e-03
-1.8187114844964761e-03
-1.8120265276256747e-03
-1.8049620094063271e-03
-1.7974541272533888e-03
-1.7895840515154988e-03
-1.7814369420152186e-03
-1.7729745638765258e-03
-1.7641402064133944e-03
-1.7549790067205788e-03
-1.7455715770854565e-03
-1.7358720775515035e-03
-1.7257761976099712e-03
-1.7155287397974991e-03
-1.7050762877372329e-03
-1.6942634887724794e-03
-1.6831913257852615e-03
-1.6719195992407332e-03
-1.6603900068506920e-03
-1.6485577846872231e-03
-1.6364595404471272e-03
-1.6241860666397097e-03
-1.6116649507113444e-03
-1.5988704612976453e-03
-1.5857745695605663e-03
-1.5724423798281167e-03
-1.5588673554930892e-03
-1.5449799229634688e-03
-1.5307600112999915e-03
-1.5161837805468077e-03
-1.5013649103045724e-03
-1.4862043328585219e-03
-1.4706215665312059e-03
-1.4546248473141263e-03
-1.4382239263697051e-03
-1.4213270706420580e-03
-1.4039111560981727e-03
-1.3859370880058327e-03
-1.3672881766001979e-03
-1.3480061049662515e-03
0.0000000000000000e+00
5.7714807883960928e-01
3.5639147574983937e-01
4.6574753022271736e+01
];
