%Vec Object:sol 1 MPI processes
%  type: mpi
sol = [
0.0000000000000000e+00
-3.3756346544473689e-03
-3.3537585504634028e-03
-3.3323193930478788e-03
-3.3112265572022123e-03
-3.2907592958434546e-03
-3.2702988370954095e-03
-3.2508120850431471e-03
-3.2316935600688848e-03
-3.2130515178716988e-03
-3.1952136898221475e-03
-3.1770296875459425e-03
-3.1594186413497088e-03
-3.1422145674099723e-03
-3.1253146249061838e-03
-3.1090763612796769e-03
-3.0929644403701446e-03
-3.0773590236493681e-03
-3.0618803421043153e-03
-3.0463895931741548e-03
-3.0314576165484781e-03
-3.0168157112327385e-03
-3.0024330814715891e-03
-2.9885383567455717e-03
-2.9747907093903014e-03
-2.9610207406753084e-03
-2.9476167913411355e-03
-2.9342755057931557e-03
-2.9213426931092089e-03
-2.9087568433299260e-03
-2.8962664320978460e-03
-2.8841572690570323e-03
-2.8719531231781305e-03
-2.8598448652885394e-03
-2.8480887133274370e-03
-2.8365666764098595e-03
-2.8252010048548039e-03
-2.8141549223010759e-03
-2.8033173183668147e-03
-2.7922784251350327e-03
-2.7815093016404918e-03
-2.7709476546819889e-03
-2.7605304834416953e-03
-2.7503894166667287e-03
-2.7404594326652172e-03
-2.7306473398374174e-03
-2.7207521386743440e-03
-2.7110685859225467e-03
-2.7014761751237761e-03
-2.6921285704592812e-03
-2.6830144059914397e-03
-2.6739927504389905e-03
-2.6651796550907778e-03
-2.6562624233982292e-03
-2.6474718212707114e-03
-2.6388403328020766e-03
-2.6304221907485527e-03
-2.6221884944281439e-03
-2.6140561767746969e-03
-2.6061265467678075e-03
-2.5980812752298696e-03
-2.5901513682356474e-03
-2.5823844590676030e-03
-2.5748104335960990e-03
-2.5674143207302701e-03
-2.5601147421193226e-03
-2.5529966830533943e-03
-2.5457652839572745e-03
-2.5386812378300483e-03
-2.5317264984268785e-03
-2.5249521316320044e-03
-2.5183542769677040e-03
-2.5118859295769807e-03
-2.5055404054767903e-03
-2.4991031850705942e-03
-2.4928404980688271e-03
-2.4867090869291953e-03
-2.4807234602325311e-03
-2.4749096616683152e-03
-2.4692654904445921e-03
-2.4637229193442138e-03
-2.4580866454956404e-03
-2.4526233977600234e-03
-2.4473315881183354e-03
-2.4422018554971781e-03
-2.4371977636920236e-03
-2.4323652965802089e-03
-2.4276380810131751e-03
-2.4228897044227737e-03
-2.4182866948713588e-03
-2.4138420396930351e-03
-2.4095734507755544e-03
-2.4054808740670039e-03
-2.4015643964786296e-03
-2.3976896128661391e-03
-2.3938433793484508e-03
-2.3901808862349968e-03
-2.3867028902717418e-03
-2.3834102719589795e-03
0.0000000000000000e+00
4.6732483208421521e-01
3.6295486983223779e-01
7.2925299968229737e+01
];
