%Vec Object:sol 1 MPI processes
%  type: mpi
sol = [
0.0000000000000000e+00
-1.6399429439107313e-02
-1.4781838770930854e-02
-1.3044881680006972e-02
-1.1497055954322728e-02
-4.1971412680421386e-03
-3.9747564480749255e-03
-3.9316669322988565e-03
-3.8889671497602351e-03
-3.8469816068310578e-03
-3.8058637321222778e-03
-3.7646321805336058e-03
-3.7245254867718895e-03
-3.6850562940038663e-03
-3.6459058181671500e-03
-3.6074818580265509e-03
-3.5693492452584063e-03
-3.5319923850932046e-03
-3.4953213316023250e-03
-3.4585644672964397e-03
-3.4226281561549787e-03
-3.3871676303129593e-03
-3.3521384405125207e-03
-3.3175425531458084e-03
-3.2831395364192372e-03
-3.2492642272248019e-03
-3.2160019801174477e-03
-3.1828225420989912e-03
-3.1499362935696541e-03
-3.1175293387034507e-03
-3.0852948460593039e-03
-3.0535568383071323e-03
-3.0220221542101716e-03
-2.9905350052251483e-03
-2.9594751418924830e-03
-2.9286959890229957e-03
-2.8980995058150152e-03
-2.8676797566974973e-03
-2.8373965187674897e-03
-2.8072724521613951e-03
-2.7774500577859274e-03
-2.7478172626976831e-03
-2.7181449052124918e-03
-2.6886328115876888e-03
-2.6592930602589355e-03
-2.6300162155362913e-03
-2.6009350929152263e-03
-2.5719219638320498e-03
-2.5427683060671538e-03
-2.5137513308523423e-03
-2.4848369702018397e-03
-2.4558574944337948e-03
-2.4269004524365440e-03
-2.3977777438868278e-03
-2.3685215892830292e-03
-2.3391414428480177e-03
-2.3096620707458737e-03
-2.2800389021795831e-03
-2.2501805356763896e-03
-2.2200693451011359e-03
-2.1898945623782706e-03
-2.1596541497746996e-03
-2.1294683926428408e-03
-2.0994488132599332e-03
-2.0696681756678134e-03
-2.0400316077030345e-03
-2.0107757814810789e-03
-1.9819564192458216e-03
-1.9536193566562026e-03
-1.9258225262200127e-03
-1.8986814585836085e-03
-1.8722459486523000e-03
-1.8466061348688452e-03
-1.8219412400600394e-03
-1.7982978140783717e-03
-1.7757597971815092e-03
-1.7543623417004602e-03
-1.7341042880538644e-03
-1.7149433871506345e-03
-1.6967885000121292e-03
-1.6796496809832852e-03
-1.6634269494267614e-03
-1.6480409947846309e-03
-1.6333851379905025e-03
-1.6194168994212064e-03
-1.6060434484110554e-03
-1.5931772363958390e-03
-1.5806973004400383e-03
-1.5685419226990000e-03
-1.5567145971487827e-03
-1.5451046525136124e-03
-1.5336023247736884e-03
-1.5221672570412627e-03
-1.5107518935533269e-03
-1.4992544045986562e-03
-1.4876228837117135e-03
-1.4757762414677421e-03
-1.4636221677289413e-03
-1.4511472905665347e-03
0.0000000000000000e+00
5.6481628543448748e-01
3.6137109658415789e-01
6.4736603544280499e+01
];
