%Vec Object:sol 1 MPI processes
%  type: mpi
sol = [
0.0000000000000000e+00
-4.1497274089489491e-03
-4.1158040177315235e-03
-4.0826108796915015e-03
-4.0503413903233516e-03
-4.0193064947530522e-03
-3.9878945262612920e-03
-3.9578747126605808e-03
-3.9284605564926800e-03
-3.8997862194310290e-03
-3.8719189937053379e-03
-3.8438875109138163e-03
-3.8169610846004514e-03
-3.7906611326122691e-03
-3.7648534891669377e-03
-3.7394974650975408e-03
-3.7143343639509888e-03
-3.6899210256945082e-03
-3.6662282467854624e-03
-3.6427028493294989e-03
-3.6194999510107233e-03
-3.5967566349747698e-03
-3.5744314691097934e-03
-3.5528060907380134e-03
-3.5312909837531517e-03
-3.5099691755933918e-03
-3.4892777472647187e-03
-3.4687441684342736e-03
-3.4487953248363143e-03
-3.4291231877776360e-03
-3.4094160340872397e-03
-3.3902633197149053e-03
-3.3715271354858903e-03
-3.3530344882651973e-03
-3.3347702505364192e-03
-3.3167035760249498e-03
-3.2989031012910087e-03
-3.2815665331324406e-03
-3.2645556322014060e-03
-3.2475075728211739e-03
-3.2307781537289628e-03
-3.2143683138922499e-03
-3.1982001564835683e-03
-3.1824319582037870e-03
-3.1666826228900513e-03
-3.1510633858956192e-03
-3.1358239135455619e-03
-3.1209255565193615e-03
-3.1061969796886300e-03
-3.0915276108175109e-03
-3.0771372681870999e-03
-3.0629240326864255e-03
-3.0490262437436115e-03
-3.0354553386169958e-03
-3.0218283239723592e-03
-3.0083902633494617e-03
-2.9952692055278227e-03
-2.9824295562550581e-03
-2.9697716031447828e-03
-2.9571586754284264e-03
-2.9447758384528165e-03
-2.9325961962780329e-03
-2.9206687596456237e-03
-2.9090282604391517e-03
-2.8974282951000625e-03
-2.8859252597681008e-03
-2.8747053285661027e-03
-2.8637618536001210e-03
-2.8530485397156818e-03
-2.8423478948776016e-03
-2.8318222598596012e-03
-2.8215658213711827e-03
-2.8115228367557731e-03
-2.8017062758150055e-03
-2.7919908520882331e-03
-2.7824192927700135e-03
-2.7730612693457907e-03
-2.7639333391905347e-03
-2.7550653666925402e-03
-2.7463276227771127e-03
-2.7376725314906133e-03
-2.7292405250149989e-03
-2.7210678471072895e-03
-2.7131521757161152e-03
-2.7053900188677739e-03
-2.6976674950999076e-03
-2.6902057123310511e-03
-2.6830029694283513e-03
-2.6760579081789681e-03
-2.6692774517816874e-03
-2.6625480155931199e-03
-2.6560815367801002e-03
-2.6498773356547251e-03
-2.6439348957000086e-03
-2.6381870707106593e-03
-2.6324860637548663e-03
-2.6270536773976678e-03
-2.6218901238377421e-03
-2.6169957507760325e-03
0.0000000000000000e+00
5.2892735978972527e-01
3.6295486983223779e-01
7.2925299968229737e+01
];
