%Vec Object:sol 1 MPI processes
%  type: mpi
sol = [
0.0000000000000000e+00
-3.7401391843813763e-04
-3.7136660330801513e-04
-3.6876109947015645e-04
-3.6618043443315576e-04
-3.6371479782169484e-04
-3.6125564222253215e-04
-3.5891214964573550e-04
-3.5661548378076833e-04
-3.5434195565884924e-04
-3.5214265102815001e-04
-3.4994706485217997e-04
-3.4784359851840261e-04
-3.4579021911773530e-04
-3.4377536907863971e-04
-3.4178750387510513e-04
-3.3981640618419994e-04
-3.3790722848550626e-04
-3.3605765667749809e-04
-3.3422388574519608e-04
-3.3244383599852033e-04
-3.3066203665355997e-04
-3.2891349260740502e-04
-3.2722362431210686e-04
-3.2555409554387086e-04
-3.2392746602009155e-04
-3.2232926114056658e-04
-3.2071790029432134e-04
-3.1915559264951757e-04
-3.1763529529285541e-04
-3.1612882072994282e-04
-3.1466794745041307e-04
-3.1320862112712878e-04
-3.1175606956126045e-04
-3.1034551575694395e-04
-3.0896369395270399e-04
-3.0760186581358702e-04
-3.0627822013479087e-04
-3.0494178874317291e-04
-3.0362306966553895e-04
-3.0233994583098189e-04
-3.0108201957838746e-04
-2.9984222428519511e-04
-2.9863033549817718e-04
-2.9741045690577267e-04
-2.9620636793058609e-04
-2.9503322521580271e-04
-2.9388754473625177e-04
-2.9275362703909006e-04
-2.9163760033058258e-04
-2.9052397468748865e-04
-2.8942284247337357e-04
-2.8834696368280205e-04
-2.8729742810469855e-04
-2.8626468696938469e-04
-2.8523489551743195e-04
-2.8421202505042587e-04
-2.8321137573168915e-04
-2.8222371557782688e-04
-2.8126013972243531e-04
-2.8031981061067484e-04
-2.7937353584754561e-04
-2.7843450559598780e-04
-2.7751825686262138e-04
-2.7662307986690713e-04
-2.7573996786687741e-04
-2.7487863155962908e-04
-2.7401437942215054e-04
-2.7316088443795245e-04
-2.7232285372325986e-04
-2.7150584508623798e-04
-2.7070937966073910e-04
-2.6992845587883420e-04
-2.6913592405522561e-04
-2.6836252843426267e-04
-2.6760925371532060e-04
-2.6687130749753483e-04
-2.6615023648491422e-04
-2.6544558705981293e-04
-2.6473571418722666e-04
-2.6404241175924273e-04
-2.6336531926603700e-04
-2.6270784839136182e-04
-2.6206978109663586e-04
-2.6144203923697610e-04
-2.6080994973367471e-04
-2.6019762767521859e-04
-2.5960491518909647e-04
-2.5903168636214958e-04
-2.5847475629243365e-04
-2.5792265644526577e-04
-2.5737737340296939e-04
-2.5685204499174358e-04
-2.5634662857133551e-04
-2.5585755791197932e-04
-2.5538794039213806e-04
-2.5492055050765715e-04
-2.5446671035687175e-04
-2.5403356424736462e-04
0.0000000000000000e+00
4.9748869748051305e-01
3.6295485309822773e-01
7.2925365311217348e+01
];
