%Vec Object:sol 1 MPI processes
%  type: mpi
sol = [
0.0000000000000000e+00
-3.8904001125960832e-04
-3.8614836039533267e-04
-3.8330323637425945e-04
-3.8053917709085093e-04
-3.7789803775594322e-04
-3.7526577552985508e-04
-3.7272227630156884e-04
-3.7020392443482220e-04
-3.6775080759889034e-04
-3.6540118861714638e-04
-3.6305709246099152e-04
-3.6079321397065092e-04
-3.5854477140803638e-04
-3.5633943290300002e-04
-3.5421895357928493e-04
-3.5211998372525579e-04
-3.5008607158416654e-04
-3.4806385182465716e-04
-3.4606064495911083e-04
-3.4412874459291610e-04
-3.4223634248047534e-04
-3.4037965806220491e-04
-3.3855124962554097e-04
-3.3673045132735725e-04
-3.3495652045716665e-04
-3.3323860674520353e-04
-3.3153242721649389e-04
-3.2986321440168728e-04
-3.2820776274409787e-04
-3.2656851238809670e-04
-3.2497853742492652e-04
-3.2342492808455989e-04
-3.2189140235737803e-04
-3.2036183781219258e-04
-3.1886072035910258e-04
-3.1738192080482463e-04
-3.1594419163795829e-04
-3.1453449292720111e-04
-3.1312514120516256e-04
-3.1173419245025780e-04
-3.1037075518438001e-04
-3.0902744061843792e-04
-3.0771931357555503e-04
-3.0643543454276481e-04
-3.0513333751623948e-04
-3.0386454665168089e-04
-3.0262539748308003e-04
-3.0139954273136109e-04
-3.0020456091171425e-04
-2.9901583955848070e-04
-2.9782772229003932e-04
-2.9666679739669794e-04
-2.9553416204256732e-04
-2.9441987345698851e-04
-2.9331991369410887e-04
-2.9221848568948365e-04
-2.9114095782527429e-04
-2.9007772980807142e-04
-2.8904028615399645e-04
-2.8802773112644449e-04
-2.8700763580427857e-04
-2.8599886296476419e-04
-2.8501442748836463e-04
-2.8405253451145265e-04
-2.8310383311193192e-04
-2.8217115076028745e-04
-2.8123745174452031e-04
-2.8032250534647577e-04
-2.7942419328866623e-04
-2.7854825044601439e-04
-2.7769416037190802e-04
-2.7683411034583382e-04
-2.7598490240037638e-04
-2.7515745750354801e-04
-2.7435135682075896e-04
-2.7356162944744107e-04
-2.7278201547208049e-04
-2.7200291005993310e-04
-2.7124487158460616e-04
-2.7050442997908871e-04
-2.6978120156820416e-04
-2.6907869993556655e-04
-2.6837478530922866e-04
-2.6768527526007318e-04
-2.6701145251153345e-04
-2.6635844428998096e-04
-2.6572607463327833e-04
-2.6510531350426320e-04
-2.6448460091272328e-04
-2.6388295116742911e-04
-2.6330229361865807e-04
-2.6274255477034766e-04
-2.6220367615085392e-04
-2.6165944207602831e-04
-2.6113311354841056e-04
-2.6062832421975022e-04
-2.6014509622977072e-04
-2.5968346596588055e-04
0.0000000000000000e+00
5.0926550605751730e-01
3.6295485309822773e-01
7.2925365311217348e+01
];
