%Vec Object:sol 1 MPI processes
%  type: mpi
sol = [
0.0000000000000000e+00
-4.0988244054524333e-04
-4.0665457350412185e-04
-4.0344567685186774e-04
-4.0030998515723959e-04
-3.9730955707990585e-04
-3.9432253437396078e-04
-3.9146950273367948e-04
-3.8861288846246043e-04
-3.8582924296374295e-04
-3.8315908278443967e-04
-3.8049804297390525e-04
-3.7793010106795826e-04
-3.7537875159486154e-04
-3.7287612065055862e-04
-3.7046635719486170e-04
-3.6808213533988041e-04
-3.6574761807027154e-04
-3.6345210567614947e-04
-3.6117924172697345e-04
-3.5898427036411192e-04
-3.5683342511825693e-04
-3.5469440767350863e-04
-3.5260156121387173e-04
-3.5053559018579018e-04
-3.4852123484750122e-04
-3.4656804847704281e-04
-3.4459827894167265e-04
-3.4266949670034018e-04
-3.4079076817989773e-04
-3.3893104608222099e-04
-3.3712507799834538e-04
-3.3532738993559419e-04
-3.3354071792652932e-04
-3.3180352315510570e-04
-3.3010117734903239e-04
-3.2842405950291579e-04
-3.2676062508655516e-04
-3.2511834422451277e-04
-3.2350137863745490e-04
-3.2192635212872363e-04
-3.2038186157201263e-04
-3.1883078215607540e-04
-3.1730881253957228e-04
-3.1581830425277607e-04
-3.1434789924124481e-04
-3.1291399981993491e-04
-3.1148600177538098e-04
-3.1006370000948648e-04
-3.0867620240923480e-04
-3.0732198529437294e-04
-3.0598407232848600e-04
-3.0465270973452433e-04
-3.0334131211050768e-04
-3.0205158575094521e-04
-3.0078570289321632e-04
-2.9955000588896682e-04
-2.9832109477974139e-04
-2.9709567697831177e-04
-2.9589960492649845e-04
-2.9473193278453376e-04
-2.9358303544162217e-04
-2.9244190809630930e-04
-2.9131231933661862e-04
-2.9020867879984909e-04
-2.8912130792155272e-04
-2.8806061869497077e-04
-2.8701415479811393e-04
-2.8597080974247476e-04
-2.8494730097556513e-04
-2.8394955012994586e-04
-2.8297702160206536e-04
-2.8201648964149988e-04
-2.8105577024423970e-04
-2.8012018575352754e-04
-2.7920930481095441e-04
-2.7831800723967468e-04
-2.7744437977495205e-04
-2.7657092450344371e-04
-2.7572189688771507e-04
-2.7489372906398519e-04
-2.7408603430773844e-04
-2.7330256171222524e-04
-2.7251646682173528e-04
-2.7175333095079505e-04
-2.7100910497540967e-04
-2.7028905993799483e-04
-2.6959301858032932e-04
-2.6889917176780052e-04
-2.6822217309726626e-04
-2.6756754780127919e-04
-2.6693727828261659e-04
-2.6633128969472244e-04
-2.6573205000678200e-04
-2.6514620659181479e-04
-2.6458449029905418e-04
-2.6404766697576238e-04
-2.6353575371028371e-04
-2.6303497591636756e-04
0.0000000000000000e+00
5.2509381894480223e-01
3.6295485309822773e-01
7.2925365311217348e+01
];
