%Vec Object:sol 1 MPI processes
%  type: mpi
sol = [
0.0000000000000000e+00
-3.3890612034799512e-04
-3.3670858230921107e-04
-3.3454367544092446e-04
-3.3239168210028958e-04
-3.3033650348530155e-04
-3.2828204822632013e-04
-3.2632545754841780e-04
-3.2440589313837060e-04
-3.2253422972385314e-04
-3.2071960264373013e-04
-3.1887409936251726e-04
-3.1710669943457519e-04
-3.1538019052800009e-04
-3.1368424109082520e-04
-3.1205476394074690e-04
-3.1043798165165286e-04
-3.0884105580756611e-04
-3.0727612531281778e-04
-3.0572233660466674e-04
-3.0422465918950465e-04
-3.0275610364588094e-04
-3.0131357689747076e-04
-2.9992004112501172e-04
-2.9850627460371512e-04
-2.9711832419245329e-04
-2.9577460241789210e-04
-2.9443714910434030e-04
-2.9314069107469633e-04
-2.9187905001619706e-04
-2.9062695042625483e-04
-2.8937622006232903e-04
-2.8814869796276447e-04
-2.8693543801769979e-04
-2.8575749743243821e-04
-2.8460302868653738e-04
-2.8346422555623041e-04
-2.8235773462608214e-04
-2.8123404435368224e-04
-2.8012547169860969e-04
-2.7904698791678351e-04
-2.7798928410455696e-04
-2.7694603376930270e-04
-2.7593045132903818e-04
-2.7493459230069960e-04
-2.7391573959294983e-04
-2.7292322885943938e-04
-2.7195397953687372e-04
-2.7099381573020693e-04
-2.7005816316189832e-04
-2.6914588077217100e-04
-2.6823922344659118e-04
-2.6732315568511994e-04
-2.6642970747481061e-04
-2.6555025703176022e-04
-2.6468671010336259e-04
-2.6384451019568345e-04
-2.6302075494951418e-04
-2.6220152020606376e-04
-2.6137629034094813e-04
-2.6057123655661026e-04
-2.5977827269218665e-04
-2.5900159504747074e-04
-2.5824421190587146e-04
-2.5750462613437490e-04
-2.5676705731139877e-04
-2.5602564809483019e-04
-2.5530286495014542e-04
-2.5459481155380340e-04
-2.5389967812466344e-04
-2.5322259076821809e-04
-2.5256316306699006e-04
-2.5190676878558758e-04
-2.5124594869114846e-04
-2.5060289083334448e-04
-2.4997728820856684e-04
-2.4936480079353827e-04
-2.4876688553558430e-04
-2.4818615697610639e-04
-2.4760975192657692e-04
-2.4703292767861579e-04
-2.4647023670610902e-04
-2.4592484786697846e-04
-2.4539660307855307e-04
-2.4488456427020940e-04
-2.4438507657176522e-04
-2.4388673802755123e-04
-2.4339569502204218e-04
-2.4292206957051920e-04
-2.4246297115429341e-04
-2.4201970354929413e-04
-2.4159404402702444e-04
-2.4118596743598892e-04
-2.4077531567204277e-04
-2.4037450073756308e-04
-2.3999133337325421e-04
-2.3962654244149135e-04
-2.3928020550291083e-04
-2.3895241220610677e-04
0.0000000000000000e+00
4.6847505091119385e-01
3.6295485309822773e-01
7.2925365311217348e+01
];
