%Vec Object:sol 1 MPI processes
%  type: mpi
sol = [
0.0000000000000000e+00
-3.5183279352408890e-03
-3.4948119425373052e-03
-3.4712716561734543e-03
-3.4482850619311518e-03
-3.4263298766999016e-03
-3.4044001230850371e-03
-3.3835110056585145e-03
-3.3630252434042802e-03
-3.3427508892050401e-03
-3.3230943608088892e-03
-3.3034439674513895e-03
-3.2846232885475200e-03
-3.2662427880603413e-03
-3.2481941767213314e-03
-3.2307474739663813e-03
-3.2130413986233911e-03
-3.1958899558694625e-03
-3.1792729453086334e-03
-3.1627824803786854e-03
-3.1468870351450857e-03
-3.1313046457202140e-03
-3.1156193206150996e-03
-3.1003732928014689e-03
-3.0853003074750268e-03
-3.0706118080895423e-03
-3.0563915371393008e-03
-3.0422438747759427e-03
-3.0283618370691191e-03
-3.0145830704202056e-03
-3.0009202116866511e-03
-2.9876713725174851e-03
-2.9747219283786869e-03
-2.9619264340040021e-03
-2.9495036481211392e-03
-2.9369505584555928e-03
-2.9245443947946786e-03
-2.9124849694382735e-03
-2.9006557862994611e-03
-2.8889986290880298e-03
-2.8776580708301802e-03
-2.8663626804405016e-03
-2.8550177662392926e-03
-2.8439718361462515e-03
-2.8331566646325377e-03
-2.8224747951935670e-03
-2.8120693337432231e-03
-2.8019081785389871e-03
-2.7914954951406448e-03
-2.7813367341746800e-03
-2.7714301244631452e-03
-2.7616285449477873e-03
-2.7520525385365765e-03
-2.7427128516013762e-03
-2.7333571434479615e-03
-2.7239972007400293e-03
-2.7148666807371895e-03
-2.7059351808178655e-03
-2.6971159940059196e-03
-2.6885141558841480e-03
-2.6801227927911535e-03
-2.6715409206545058e-03
-2.6631327031435359e-03
-2.6549309511427499e-03
-2.6469198683426172e-03
-2.6390146781468992e-03
-2.6313076357617538e-03
-2.6236395536526559e-03
-2.6159793344805713e-03
-2.6084582905690104e-03
-2.6011292488304113e-03
-2.5939879760532116e-03
-2.5869854592600514e-03
-2.5801226338314658e-03
-2.5731680195215153e-03
-2.5663983505518706e-03
-2.5597685432404002e-03
-2.5532934848262823e-03
-2.5470000150015857e-03
-2.5408856627114882e-03
-2.5347590545184893e-03
-2.5286668062155155e-03
-2.5227566821980300e-03
-2.5170268604313155e-03
-2.5114674645846029e-03
-2.5060405683220593e-03
-2.5007526476897106e-03
-2.4954241193485046e-03
-2.4902778939238585e-03
-2.4852839583152414e-03
-2.4804556277061036e-03
-2.4758110958508547e-03
-2.4713501511114508e-03
-2.4668805311109450e-03
-2.4625040782194560e-03
-2.4583112245216850e-03
-2.4543093209823436e-03
-2.4504990035185219e-03
-2.4468810372940894e-03
0.0000000000000000e+00
4.7941356755168640e-01
3.6295486983223779e-01
7.2925299968229737e+01
];
