%Vec Object:sol 1 MPI processes
%  type: mpi
sol = [
0.0000000000000000e+00
-3.3935716422432796e-03
-3.3715634609588385e-03
-3.3497317128731237e-03
-3.3281819090842310e-03
-3.3076019385922415e-03
-3.2870293613516764e-03
-3.2674371087285689e-03
-3.2482158236706899e-03
-3.2294744214268400e-03
-3.2111564755880895e-03
-3.1926790294689840e-03
-3.1749838816173218e-03
-3.1576983290505321e-03
-3.1407188967619419e-03
-3.1244052446348699e-03
-3.1082187773276439e-03
-3.0920862678885442e-03
-3.0764207969938644e-03
-3.0608669004713600e-03
-3.0458749211169493e-03
-3.0311745549318138e-03
-3.0167348154061637e-03
-3.0027457188669020e-03
-2.9884932219795494e-03
-2.9746025506903139e-03
-2.9611546648353115e-03
-2.9477694144169351e-03
-2.9347945521592984e-03
-2.9221681988331975e-03
-2.9095474748289025e-03
-2.8969826913825682e-03
-2.8847003244082256e-03
-2.8725605639680490e-03
-2.8607742648591090e-03
-2.8492227820096690e-03
-2.8378279403181738e-03
-2.8266300978236646e-03
-2.8153778399312664e-03
-2.8042871238243309e-03
-2.7934974747861204e-03
-2.7829157027701333e-03
-2.7724784789068483e-03
-2.7623181416907595e-03
-2.7522214258333226e-03
-2.7420293593961114e-03
-2.7321009000405585e-03
-2.7224052113290556e-03
-2.7128003576742535e-03
-2.7034408055925381e-03
-2.6943151360444713e-03
-2.6851148113897949e-03
-2.6759522233302645e-03
-2.6670159818517128e-03
-2.6582197642494626e-03
-2.6495826570895652e-03
-2.6411591687804967e-03
-2.6329202422600700e-03
-2.6245982872629176e-03
-2.6163455006682559e-03
-2.6082945897411653e-03
-2.6003645955825897e-03
-2.5925975365565109e-03
-2.5850235357916312e-03
-2.5776276061676871e-03
-2.5701261227305586e-03
-2.5627127499143194e-03
-2.5554857246078526e-03
-2.5484060405263900e-03
-2.5414555827903023e-03
-2.5346856797090942e-03
-2.5280924677691073e-03
-2.5214062186400136e-03
-2.5147998159175508e-03
-2.5083711169577674e-03
-2.5021170508313182e-03
-2.4959941667603899e-03
-2.4900170514588721e-03
-2.4842118808401444e-03
-2.4783287091315761e-03
-2.4725632586702294e-03
-2.4669391380442033e-03
-2.4614880647106747e-03
-2.4562084468248099e-03
-2.4510908816107748e-03
-2.4460810190244250e-03
-2.4410001710143919e-03
-2.4360942106239742e-03
-2.4313623522713200e-03
-2.4267756499218385e-03
-2.4223471522896774e-03
-2.4180946545020910e-03
-2.4139494660844938e-03
-2.4097994882201503e-03
-2.4057969007658620e-03
-2.4019706595399298e-03
-2.3983280470577834e-03
-2.3948698312421406e-03
-2.3915969038046914e-03
0.0000000000000000e+00
4.6886129429037071e-01
3.6295486983223779e-01
7.2925299968229737e+01
];
