%Vec Object:sol 1 MPI processes
%  type: mpi
sol = [
0.0000000000000000e+00
-3.9196249806801179e-03
-3.8902978302508993e-03
-3.8616066448282351e-03
-3.8337331296562842e-03
-3.8070996455202072e-03
-3.7799577651795057e-03
-3.7540432985846820e-03
-3.7286594072863432e-03
-3.7039327893909815e-03
-3.6802494991533771e-03
-3.6561617622234335e-03
-3.6329502282759336e-03
-3.6102969769223484e-03
-3.5880772745041640e-03
-3.5667123558774405e-03
-3.5452496352496392e-03
-3.5242310029031708e-03
-3.5038655720031940e-03
-3.4836904231205254e-03
-3.4642330175065736e-03
-3.4450062493748550e-03
-3.4258037404521057e-03
-3.4072400214229738e-03
-3.3889104193353119e-03
-3.3710518802108820e-03
-3.3537354525470949e-03
-3.3360859115313482e-03
-3.3189700401623414e-03
-3.3023128819403133e-03
-3.2858174969456260e-03
-3.2698173370699162e-03
-3.2538563816376367e-03
-3.2379872056958834e-03
-3.2225736144401540e-03
-3.2074756674012970e-03
-3.1926012036037951e-03
-3.1779726771818031e-03
-3.1633796366805638e-03
-3.1490116251580232e-03
-3.1350289280949891e-03
-3.1213220761792718e-03
-3.1078002363244379e-03
-3.0942568383437829e-03
-3.0809987592080954e-03
-3.0679165375934710e-03
-3.0551685933102972e-03
-3.0427180735319651e-03
-3.0301519334955747e-03
-3.0177789243853452e-03
-3.0057096360122039e-03
-2.9937799176065036e-03
-2.9821230030829225e-03
-2.9706512284027992e-03
-2.9591135846480268e-03
-2.9477885684295506e-03
-2.9367376708301601e-03
-2.9259264675747477e-03
-2.9152583581898667e-03
-2.9045550760717566e-03
-2.8940681896804559e-03
-2.8837446217544896e-03
-2.8736316783471213e-03
-2.8637629101605209e-03
-2.8539699964502561e-03
-2.8441456732677842e-03
-2.8345612232674330e-03
-2.8252100055958522e-03
-2.8160467668553392e-03
-2.8070323148075087e-03
-2.7979588828772081e-03
-2.7891107674482257e-03
-2.7804333782892291e-03
-2.7719390670130598e-03
-2.7636630959928139e-03
-2.7554146437404211e-03
-2.7472314195876816e-03
-2.7392339024133205e-03
-2.7314510329921179e-03
-2.7238795376241932e-03
-2.7164206018401743e-03
-2.7089227354027577e-03
-2.7016380658601885e-03
-2.6945640726771056e-03
-2.6876894204830950e-03
-2.6809720938656407e-03
-2.6742441874231071e-03
-2.6676800312043238e-03
-2.6613262984824144e-03
-2.6551496868634948e-03
-2.6491643439132901e-03
-2.6432804813860933e-03
-2.6374607941069541e-03
-2.6318548951285697e-03
-2.6264255624342883e-03
-2.6212048517073286e-03
-2.6161900295176414e-03
-2.6111539312612211e-03
-2.6063386701392147e-03
0.0000000000000000e+00
5.1157395261314209e-01
3.6295486983223779e-01
7.2925299968229737e+01
];
