%Vec Object:sol 1 MPI processes
%  type: mpi
sol = [
0.0000000000000000e+00
-3.5132130527175393e-04
-3.4897352174147439e-04
-3.4663977885316072e-04
-3.4434459373163304e-04
-3.4215235381549597e-04
-3.3996263823539533e-04
-3.3787679311443315e-04
-3.3583120354178849e-04
-3.3382294373853893e-04
-3.3185992125516221e-04
-3.2989750707429374e-04
-3.2801792118680793e-04
-3.2618227599643892e-04
-3.2437975897954411e-04
-3.2264768046026497e-04
-3.2088472450128634e-04
-3.1917147201332365e-04
-3.1751157735234316e-04
-3.1586432027319871e-04
-3.1427647372699594e-04
-3.1271988799417086e-04
-3.1116866965817636e-04
-3.0964549855262355e-04
-3.0813961311946630e-04
-3.0667212361796696e-04
-3.0525139076216051e-04
-3.0383791406907970e-04
-3.0246631637168567e-04
-3.0108951189563514e-04
-2.9972428878692836e-04
-2.9840041222512420e-04
-2.9710643722451560e-04
-2.9582784124326523e-04
-2.9458646652104326e-04
-2.9334710188435887e-04
-2.9210724163812309e-04
-2.9090201481250263e-04
-2.8971978922955158e-04
-2.8855475179932370e-04
-2.8742133826647619e-04
-2.8630717496036680e-04
-2.8517319551062359e-04
-2.8406908415905475e-04
-2.8298802650922263e-04
-2.8192028822759626e-04
-2.8088015513887539e-04
-2.7986441652253549e-04
-2.7883800742293331e-04
-2.7782239908444626e-04
-2.7683197870945740e-04
-2.7585205932638743e-04
-2.7489468125712041e-04
-2.7396091971507912e-04
-2.7303971360456898e-04
-2.7210383427597973e-04
-2.7119088887940892e-04
-2.7029784075969842e-04
-2.6941602992482002e-04
-2.6855594314636447e-04
-2.6771683242095919e-04
-2.6687260816423455e-04
-2.6603170361709348e-04
-2.6521143923546588e-04
-2.6441023923342319e-04
-2.6361963827093858e-04
-2.6284884972987060e-04
-2.6209557780998503e-04
-2.6132939651154867e-04
-2.6057714132829413e-04
-2.5984408764221961e-04
-2.5912981231918336e-04
-2.5842942022174489e-04
-2.5774407852788788e-04
-2.5706067039967960e-04
-2.5638337424513114e-04
-2.5572007331419686e-04
-2.5507225368127506e-04
-2.5444259515936164e-04
-2.5383085031392417e-04
-2.5323103755631610e-04
-2.5262144698676153e-04
-2.5203007193960476e-04
-2.5145673000253997e-04
-2.5090043442885923e-04
-2.5035739698280371e-04
-2.4983236272609820e-04
-2.4930787185019511e-04
-2.4879271901754680e-04
-2.4829280171209726e-04
-2.4780944895580237e-04
-2.4734447698658687e-04
-2.4689786386648393e-04
-2.4646315087351842e-04
-2.4602493415742705e-04
-2.4560507890280077e-04
-2.4520431891239926e-04
-2.4482271731720369e-04
-2.4446035016376105e-04
0.0000000000000000e+00
4.7898731545432460e-01
3.6295485309822773e-01
7.2925365311217348e+01
];
