%Vec Object:sol 1 MPI processes
%  type: mpi
sol = [
0.0000000000000000e+00
-1.3815223853437604e-03
-4.1329991851428975e-04
-4.0958882434196514e-04
-4.0578185983636782e-04
-4.0207252485456704e-04
-3.9836691930573661e-04
-3.9480611064218160e-04
-3.9130936131584248e-04
-3.8786639021387424e-04
-3.8451215735523328e-04
-3.8117106405326348e-04
-3.7794420588837559e-04
-3.7478182551476384e-04
-3.7162141699326765e-04
-3.6855947143052745e-04
-3.6552699962824403e-04
-3.6257193745187140e-04
-3.5966600263131121e-04
-3.5676371658031235e-04
-3.5394364178069517e-04
-3.5117144205772273e-04
-3.4844293350177981e-04
-3.4574389642946893e-04
-3.4307356601224028e-04
-3.4045830221740678e-04
-3.3790754491580207e-04
-3.3536145238036196e-04
-3.3284835126534413e-04
-3.3038842791152114e-04
-3.2795082819118623e-04
-3.2556999442181632e-04
-3.2320992849390012e-04
-3.2086185603981545e-04
-3.1856624223763815e-04
-3.1630870397475643e-04
-3.1407985984819339e-04
-3.1187138991456111e-04
-3.0969109336779203e-04
-3.0753979348705298e-04
-3.0543373191777501e-04
-3.0336191051966274e-04
-3.0128778930751108e-04
-2.9925349767492566e-04
-2.9725464978908598e-04
-2.9528045198301008e-04
-2.9334679177583960e-04
-2.9142224428927723e-04
-2.8951713384062932e-04
-2.8765133184479723e-04
-2.8582353942251533e-04
-2.8401780472311834e-04
-2.8222310202587572e-04
-2.8046192851326706e-04
-2.7872849271344519e-04
-2.7702505886476698e-04
-2.7535779575035331e-04
-2.7370473872441052e-04
-2.7206893012998853e-04
-2.7046914347137032e-04
-2.6890472862143178e-04
-2.6736697179619202e-04
-2.6584869798237042e-04
-2.6435329872082346e-04
-2.6289196733756927e-04
-2.6145604157667653e-04
-2.6005539876683718e-04
-2.5868562821095492e-04
-2.5732822911368693e-04
-2.5600064457704250e-04
-2.5470858278573956e-04
-2.5345184838726785e-04
-2.5222564376028024e-04
-2.5101448165042341e-04
-2.4983478163522231e-04
-2.4869109705581694e-04
-2.4757909547093291e-04
-2.4650058464610201e-04
-2.4545185107897367e-04
-2.4442622733451282e-04
-2.4343467239624521e-04
-2.4247716890706919e-04
-2.4155730414241773e-04
-2.4067519905954503e-04
-2.3981437884718963e-04
-2.3898389311608159e-04
-2.3819248198006756e-04
-2.3744036952483589e-04
-2.3672782153319404e-04
-2.3604743181288205e-04
-2.3539213025779642e-04
-2.3477810411566809e-04
-2.3420578883019032e-04
-2.3367566243741962e-04
-2.3318491599163326e-04
-2.3272487131156518e-04
-2.3230356119988932e-04
-2.3192746908787070e-04
-2.3159734287480103e-04
0.0000000000000000e+00
5.5004719163176852e-01
3.6273531004752835e-01
7.1699242762376983e+01
];
