%Vec Object:sol 1 MPI processes
%  type: mpi
sol = [
0.0000000000000000e+00
-1.5102188480091195e-03
-1.3394614598221009e-03
-7.7313332597857590e-04
-4.0524165474893116e-04
-4.0094739555191340e-04
-3.9663575692945743e-04
-3.9248027411341047e-04
-3.8840597493355504e-04
-3.8442685482101708e-04
-3.8055085452625456e-04
-3.7668760698958398e-04
-3.7295521172243533e-04
-3.6930397134374770e-04
-3.6570324996869846e-04
-3.6218362982038250e-04
-3.5870657503422751e-04
-3.5531884120507649e-04
-3.5201636616965886e-04
-3.4870987496412941e-04
-3.4549111343265402e-04
-3.4232855853137721e-04
-3.3921720342510071e-04
-3.3616839993431746e-04
-3.3313144232333515e-04
-3.3015424553597977e-04
-3.2724522655319573e-04
-3.2435773639540814e-04
-3.2150539623006729e-04
-3.1869865196449039e-04
-3.1591582489211317e-04
-3.1318983584913758e-04
-3.1050686746215446e-04
-3.0781728989233230e-04
-3.0517829868162628e-04
-3.0257555960161003e-04
-2.9999947680517272e-04
-2.9746461442466679e-04
-2.9493496703917650e-04
-2.9243096910783114e-04
-2.8996784824343596e-04
-2.8753468185159812e-04
-2.8512102289721152e-04
-2.8272015065709252e-04
-2.8034955930035185e-04
-2.7799875570983835e-04
-2.7568267085281603e-04
-2.7339775685085774e-04
-2.7110434420336919e-04
-2.6884322232805441e-04
-2.6661397125331970e-04
-2.6440152280899943e-04
-2.6221834561388716e-04
-2.6005026499458921e-04
-2.5789677836930399e-04
-2.5576782642475692e-04
-2.5366928646399921e-04
-2.5159840704604499e-04
-2.4954254938671261e-04
-2.4750079091346146e-04
-2.4548959533430724e-04
-2.4350123849166774e-04
-2.4154048650045575e-04
-2.3961088809598981e-04
-2.3770057092186917e-04
-2.3580554159584565e-04
-2.3394347227353397e-04
-2.3211461539270542e-04
-2.3031600629478969e-04
-2.2854683665754074e-04
-2.2679996847741143e-04
-2.2508548748119552e-04
-2.2340429505972507e-04
-2.2175880399414490e-04
-2.2015340186101916e-04
-2.1858935056512914e-04
-2.1705256015811466e-04
-2.1555449978848993e-04
-2.1410355601221665e-04
-2.1270159049025018e-04
-2.1134814925970847e-04
-2.1004535317003414e-04
-2.0879057759035934e-04
-2.0758785041027406e-04
-2.0644540791426398e-04
-2.0536248087879631e-04
-2.0434575075530640e-04
-2.0339743726416513e-04
-2.0251636895447556e-04
-2.0169451506777579e-04
-2.0094534600190365e-04
-2.0027159877630162e-04
-1.9967440827747243e-04
-1.9915449497493896e-04
-1.9870968905562596e-04
-1.9833467717542171e-04
-1.9803567631467860e-04
-1.9781557862401559e-04
-1.9767448345193135e-04
0.0000000000000000e+00
5.5746732053192094e-01
3.6220742627518815e-01
6.8875464153331436e+01
];
