%Vec Object:sol 1 MPI processes
%  type: mpi
sol = [
0.0000000000000000e+00
-3.4979975345738926e-03
-3.4746357223052562e-03
-3.4517498963579185e-03
-3.4290575687749274e-03
-3.4072340561117267e-03
-3.3854351819106931e-03
-3.3646692179213357e-03
-3.3443033677548590e-03
-3.3244500696023131e-03
-3.3052424031398374e-03
-3.2856962134691883e-03
-3.2669740277614921e-03
-3.2486889776955031e-03
-3.2307335086743843e-03
-3.2134793656381339e-03
-3.1963684257543985e-03
-3.1793165255511163e-03
-3.1627735941251742e-03
-3.1463565536722416e-03
-3.1305308880993483e-03
-3.1150164724411092e-03
-3.0997809639262438e-03
-3.0848345613717319e-03
-3.0698187728900417e-03
-3.0551854289444349e-03
-3.0410177780737235e-03
-3.0269226934818783e-03
-3.0132592905949868e-03
-2.9999635883902090e-03
-2.9863485170295808e-03
-2.9731397630006358e-03
-2.9602291975726058e-03
-2.9474722097760533e-03
-2.9350862087011787e-03
-2.9229484168513797e-03
-2.9107929256230814e-03
-2.8987622184592104e-03
-2.8869610537186658e-03
-2.8753315543846763e-03
-2.8640174423932045e-03
-2.8529223716960367e-03
-2.8419808748610460e-03
-2.8309849409559333e-03
-2.8201874733586596e-03
-2.8095232691573435e-03
-2.7991345658693236e-03
-2.7889893887755191e-03
-2.7789413213262552e-03
-2.7690207674740115e-03
-2.7591241545918705e-03
-2.7493328031362066e-03
-2.7397665993254441e-03
-2.7304362395899943e-03
-2.7212526854058813e-03
-2.7122354866345412e-03
-2.7031724708048697e-03
-2.6942438164310493e-03
-2.6854277947540922e-03
-2.6768288334557467e-03
-2.6684394732327628e-03
-2.6601762939542383e-03
-2.6520025672880348e-03
-2.6437980579685208e-03
-2.6357841802484984e-03
-2.6278766072680261e-03
-2.6201670919257670e-03
-2.6126503078798633e-03
-2.6052860482333462e-03
-2.5978448610572153e-03
-2.5905081382480597e-03
-2.5833592246227817e-03
-2.5763493473570029e-03
-2.5694901194141303e-03
-2.5628139411661538e-03
-2.5562672030423721e-03
-2.5496252469275030e-03
-2.5431382872925404e-03
-2.5368330084473032e-03
-2.5307069342126254e-03
-2.5247289342820666e-03
-2.5188959490771005e-03
-2.5130600585045043e-03
-2.5073140710392267e-03
-2.5017386893840489e-03
-2.4962961609010987e-03
-2.4910337451191228e-03
-2.4859502977828065e-03
-2.4809964147591229e-03
-2.4759825025303965e-03
-2.4711344305014915e-03
-2.4664702879430753e-03
-2.4619898490068717e-03
-2.4576930358236708e-03
-2.4535464478506993e-03
-2.4493942551354194e-03
-2.4453687997175915e-03
-2.4415350567129597e-03
-2.4378937712450548e-03
0.0000000000000000e+00
4.7771880852855203e-01
3.6295486983223779e-01
7.2925299968229737e+01
];
