%Vec Object:sol 1 MPI processes
%  type: mpi
sol = [
0.0000000000000000e+00
-3.5389922768355041e-03
-3.5147571316079505e-03
-3.4909707463122767e-03
-3.4678471904558265e-03
-3.4457629862821148e-03
-3.4237050062048014e-03
-3.4026955214419385e-03
-3.3816876148063260e-03
-3.3610497430632135e-03
-3.3412917442835694e-03
-3.3215401211003290e-03
-3.3026240197991403e-03
-3.2841511801353731e-03
-3.2657786776898075e-03
-3.2478359451910115e-03
-3.2300510266793326e-03
-3.2128242428263666e-03
-3.1961352059007020e-03
-3.1795733256737946e-03
-3.1635466683540806e-03
-3.1474188860537329e-03
-3.1315845749497482e-03
-3.1162836723331233e-03
-3.1011564310574036e-03
-3.0864156386029408e-03
-3.0721455439811020e-03
-3.0575997298490998e-03
-3.0433993781856425e-03
-3.0295800125904738e-03
-3.0158765616285677e-03
-3.0025889847965599e-03
-2.9896019334976487e-03
-2.9766034361299802e-03
-2.9637327222586459e-03
-2.9511211679543862e-03
-2.9386866796745118e-03
-2.9266001722781159e-03
-2.9147444589421663e-03
-2.9030611762926456e-03
-2.8913088267652678e-03
-2.8797831166068985e-03
-2.8684195245840521e-03
-2.8573557006765851e-03
-2.8465229987762429e-03
-2.8358233656369052e-03
-2.8251885738447440e-03
-2.8146504695208156e-03
-2.8042164365601856e-03
-2.7940471673242252e-03
-2.7841303678399106e-03
-2.7743181287573191e-03
-2.7646773321845335e-03
-2.7549864285210421e-03
-2.7454491187445767e-03
-2.7360850225289345e-03
-2.7269505972848380e-03
-2.7180152856527309e-03
-2.7091919021738800e-03
-2.7003479184645107e-03
-2.6916330506420081e-03
-2.6830501440809561e-03
-2.6746426984769586e-03
-2.6664417988447437e-03
-2.6584316079873685e-03
-2.6504303447377037e-03
-2.6424197564953651e-03
-2.6346078770039189e-03
-2.6269539361163754e-03
-2.6194389234363742e-03
-2.6121159726674626e-03
-2.6049808499098519e-03
-2.5977209220918490e-03
-2.5905880803220199e-03
-2.5836435449016013e-03
-2.5768839244096646e-03
-2.5702639141121299e-03
-2.5637984952151965e-03
-2.5573734706316430e-03
-2.5509938989004394e-03
-2.5447668080724691e-03
-2.5386890027322253e-03
-2.5327932351452676e-03
-2.5270776892227969e-03
-2.5214967732555471e-03
-2.5158194517331941e-03
-2.5103265323762080e-03
-2.5050167548576899e-03
-2.4998891581557766e-03
-2.4949135955477388e-03
-2.4901034671641854e-03
-2.4852752062946592e-03
-2.4805802692061387e-03
-2.4760727557024292e-03
-2.4717188418756412e-03
-2.4675483997059332e-03
-2.4635688310344645e-03
-2.4596615502983721e-03
-2.4558215841381657e-03
0.0000000000000000e+00
4.8113630830232335e-01
3.6295486983223779e-01
7.2925299968229737e+01
];
