%Vec Object:sol 1 MPI processes
%  type: mpi
sol = [
0.0000000000000000e+00
-3.4344565951914931e-03
-3.4115673769850780e-03
-3.3891424872544988e-03
-3.3673384653460938e-03
-3.3465195628210455e-03
-3.3257092285761628e-03
-3.3057841711237805e-03
-3.2857929122268319e-03
-3.2663029324411781e-03
-3.2476478837435000e-03
-3.2289849428217832e-03
-3.2111152607474476e-03
-3.1936607460379498e-03
-3.1762213646013568e-03
-3.1592481597216807e-03
-3.1424156275417919e-03
-3.1261110479733588e-03
-3.1103153373156930e-03
-3.0946318431739946e-03
-3.0795169582962557e-03
-3.0642708963281610e-03
-3.0492521937337353e-03
-3.0347402430010123e-03
-3.0203873087312782e-03
-3.0063995989762123e-03
-2.9928591026007799e-03
-2.9792969094326088e-03
-2.9657989504934461e-03
-2.9526623727248059e-03
-2.9396306874507274e-03
-2.9269947326514634e-03
-2.9146431031857687e-03
-2.9024342187090424e-03
-2.8903975798318261e-03
-2.8783797756069531e-03
-2.8665276945384990e-03
-2.8550072829266865e-03
-2.8437051750094490e-03
-2.8325647758370405e-03
-2.8217273818134190e-03
-2.8108348323922748e-03
-2.7999777198198729e-03
-2.7894070321569510e-03
-2.7790563929669123e-03
-2.7688308165227838e-03
-2.7588701612525795e-03
-2.7491432501280709e-03
-2.7391769955098025e-03
-2.7294385989566701e-03
-2.7199421813160801e-03
-2.7105442458516486e-03
-2.7013627145571536e-03
-2.6924082798410044e-03
-2.6835407874456966e-03
-2.6745538462819149e-03
-2.6657877340298761e-03
-2.6572128853442154e-03
-2.6487446668492522e-03
-2.6404858451552610e-03
-2.6324292444331464e-03
-2.6243697834381742e-03
-2.6162851239556065e-03
-2.6083997752241492e-03
-2.6006984419917238e-03
-2.5930983420751419e-03
-2.5856898142856900e-03
-2.5784677610734539e-03
-2.5712038134856402e-03
-2.5639639125281085e-03
-2.5569100884560766e-03
-2.5500383108309739e-03
-2.5433007256599992e-03
-2.5367088587180220e-03
-2.5302946936754892e-03
-2.5238022891797855e-03
-2.5174152955250799e-03
-2.5111786520702062e-03
-2.5051187120291459e-03
-2.4992331389250035e-03
-2.4934913931923311e-03
-2.4878424117180703e-03
-2.4821467083113026e-03
-2.4766269106976549e-03
-2.4712734195055036e-03
-2.4660491570328669e-03
-2.4610007243248346e-03
-2.4561270841218746e-03
-2.4512996491315403e-03
-2.4464892208069552e-03
-2.4418408849072779e-03
-2.4373725387921764e-03
-2.4330840472344432e-03
-2.4289754193781063e-03
-2.4250138444846603e-03
-2.4210164367638866e-03
-2.4171696623382756e-03
-2.4135110180885781e-03
-2.4100413175158638e-03
0.0000000000000000e+00
4.7240239110890170e-01
3.6295486983223779e-01
7.2925299968229737e+01
];
