%Vec Object:sol 1 MPI processes
%  type: mpi
sol = [
0.0000000000000000e+00
-3.3845693968254020e-03
-3.3626274087796421e-03
-3.3411241624375543e-03
-3.3196708165928314e-03
-3.2991467945430800e-03
-3.2786298730622804e-03
-3.2590899546261392e-03
-3.2399196274952116e-03
-3.2212274732046592e-03
-3.2032519361078326e-03
-3.1848191058909841e-03
-3.1671660836035610e-03
-3.1499213203595639e-03
-3.1329816559849313e-03
-3.1167056851953388e-03
-3.1005564466613624e-03
-3.0847497957454352e-03
-3.0691166222900751e-03
-3.0535947059508561e-03
-3.0386330868599036e-03
-3.0239622666590861e-03
-3.0095513554343144e-03
-2.9956296318906657e-03
-2.9816474348132935e-03
-2.9677799493594116e-03
-2.9543541487392182e-03
-2.9409909674241379e-03
-2.9280371839621802e-03
-2.9154311069991318e-03
-2.9029205028310678e-03
-2.8905620171408401e-03
-2.8782954645149104e-03
-2.8661713960859824e-03
-2.8544000925519591e-03
-2.8428632390788628e-03
-2.8314828756249339e-03
-2.8204226707884169e-03
-2.8093310378145176e-03
-2.7982508935489201e-03
-2.7874713593592647e-03
-2.7768994936380733e-03
-2.7664721339975972e-03
-2.7563212643009452e-03
-2.7463816958637386e-03
-2.7363158640762207e-03
-2.7263935202590361e-03
-2.7167037388166142e-03
-2.7071049486269618e-03
-2.6977512104179066e-03
-2.6886311310406184e-03
-2.6796034260840717e-03
-2.6705386799722405e-03
-2.6616050741602622e-03
-2.6528115634556295e-03
-2.6441771795915475e-03
-2.6357562871883282e-03
-2.6275198975838558e-03
-2.6193846909109914e-03
-2.6112041650467616e-03
-2.6031530728300389e-03
-2.5952230406365139e-03
-2.5874559768002147e-03
-2.5798819247445487e-03
-2.5724859299705197e-03
-2.5651864481685840e-03
-2.5578198792111317e-03
-2.5505903465442969e-03
-2.5435082583057269e-03
-2.5365555323484247e-03
-2.5297833597440981e-03
-2.5231878715921657e-03
-2.5167219513920337e-03
-2.5101347809306247e-03
-2.5037014607685966e-03
-2.4974427696426373e-03
-2.4913153445549202e-03
-2.4853337230435614e-03
-2.4795240030734810e-03
-2.4738781261009111e-03
-2.4681069282452054e-03
-2.4624771084547129e-03
-2.4570203010853349e-03
-2.4517349105390696e-03
-2.4466115518150785e-03
-2.4416137038586021e-03
-2.4367459466783756e-03
-2.4318318858443681e-03
-2.4270919405258427e-03
-2.4224972322521086e-03
-2.4180607822079109e-03
-2.4138003468874032e-03
-2.4097158774114636e-03
-2.4057222594553057e-03
-2.4017096798367942e-03
-2.3978735153786903e-03
-2.3942210312704192e-03
-2.3907529926282937e-03
-2.3874702884172008e-03
0.0000000000000000e+00
4.6809012067509509e-01
3.6295486983223779e-01
7.2925299968229737e+01
];
