%Vec Object:sol 1 MPI processes
%  type: mpi
sol = [
0.0000000000000000e+00
-1.4800888820041280e-03
-1.3065675845183396e-03
-3.9469781192449699e-04
-4.0200731853019226e-04
-3.9816102969853704e-04
-3.9433324252720158e-04
-3.9065014948883823e-04
-3.8698895211591096e-04
-3.8339400777429109e-04
-3.7991828167096778e-04
-3.7645356570349968e-04
-3.7307764988542670e-04
-3.6973817319575889e-04
-3.6644836293557055e-04
-3.6325251482271896e-04
-3.6007932999343776e-04
-3.5693540856003049e-04
-3.5386160025438631e-04
-3.5080835869483591e-04
-3.4783088737332107e-04
-3.4487181203161140e-04
-3.4193196161152876e-04
-3.3905812987258246e-04
-3.3620784958428589e-04
-3.3340555291528885e-04
-3.3062372140066804e-04
-3.2785255914115504e-04
-3.2513541849800128e-04
-3.2246451697979102e-04
-3.1980012936244742e-04
-3.1716017273642860e-04
-3.1455818149716462e-04
-3.1197773379015349e-04
-3.0944352200901670e-04
-3.0692632041686211e-04
-3.0441578792301361e-04
-3.0194870358529741e-04
-2.9951221507587398e-04
-2.9710009072856747e-04
-2.9471157403273673e-04
-2.9234037607753970e-04
-2.8999307608353704e-04
-2.8768470027699348e-04
-2.8540802308226805e-04
-2.8313823148207184e-04
-2.8089302880573763e-04
-2.7868241602420010e-04
-2.7649100264282744e-04
-2.7433592131209769e-04
-2.7220671196087533e-04
-2.7008213160273977e-04
-2.6799129977106640e-04
-2.6593554541868750e-04
-2.6390587415493896e-04
-2.6190286145316764e-04
-2.5991313446979865e-04
-2.5795577567220651e-04
-2.5602234103211261e-04
-2.5412379312955116e-04
-2.5225971934733215e-04
-2.5040848207933178e-04
-2.4858131809854793e-04
-2.4678949978179611e-04
-2.4503190361825427e-04
-2.4330069830498513e-04
-2.4160431378909898e-04
-2.3992568533857749e-04
-2.3828020789596049e-04
-2.3666667920128388e-04
-2.3509082209179595e-04
-2.3355290246117682e-04
-2.3204303094397408e-04
-2.3055724433218190e-04
-2.2911171442177361e-04
-2.2770698987811209e-04
-2.2633977400786129e-04
-2.2501249566091031e-04
-2.2372110747633783e-04
-2.2246538850569726e-04
-2.2125287509477414e-04
-2.2008462635015615e-04
-2.1896506812590008e-04
-2.1789550750888579e-04
-2.1686953260351339e-04
-2.1588433563627651e-04
-2.1495459274809770e-04
-2.1408202289600184e-04
-2.1326820186454924e-04
-2.1251242058504532e-04
-2.1181241045394045e-04
-2.1116763243285311e-04
-2.1058927910404902e-04
-2.1007888538385653e-04
-2.0963494633935691e-04
-2.0926199383717927e-04
-2.0895842699539824e-04
-2.0871717530862526e-04
-2.0855026026255112e-04
0.0000000000000000e+00
5.5573165981721528e-01
3.6235788215911818e-01
6.9662865640685879e+01
];
