%Vec Object:sol 1 MPI processes
%  type: mpi
sol = [
0.0000000000000000e+00
-3.6607801702853294e-03
-3.6349325796740141e-03
-3.6096282443645821e-03
-3.5850352685431108e-03
-3.5615446583757426e-03
-3.5380998813632067e-03
-3.5156200065959318e-03
-3.4931449820716017e-03
-3.4712435967047422e-03
-3.4502736546972715e-03
-3.4293253336337066e-03
-3.4092608971557710e-03
-3.3894721536123747e-03
-3.3697092910987313e-03
-3.3507117721092170e-03
-3.3318904479296783e-03
-3.3136610549209461e-03
-3.2960016651952220e-03
-3.2782644755064067e-03
-3.2608863320379585e-03
-3.2438571561740942e-03
-3.2271422600092508e-03
-3.2109902704981290e-03
-3.1950272759629708e-03
-3.1792525720029984e-03
-3.1637366231012415e-03
-3.1483146092044227e-03
-3.1333631515230976e-03
-3.1188138457816888e-03
-3.1043915320937590e-03
-3.0901984395249656e-03
-3.0761034106326301e-03
-3.0621841054086535e-03
-3.0486680793114767e-03
-3.0354259343024475e-03
-3.0223724194468364e-03
-3.0094965910423999e-03
-2.9966513355654499e-03
-2.9839979937644769e-03
-2.9716866881675658e-03
-2.9596159725445003e-03
-2.9477169031656512e-03
-2.9359690391016343e-03
-2.9242500407876547e-03
-2.9126803207825264e-03
-2.9014083907949661e-03
-2.8904003623260030e-03
-2.8795027205791236e-03
-2.8687452828430487e-03
-2.8580327182480174e-03
-2.8474381374465024e-03
-2.8370866176045651e-03
-2.8269889984282072e-03
-2.8170519105154383e-03
-2.8071854542080438e-03
-2.7973325169553271e-03
-2.7876936695426669e-03
-2.7781785796266475e-03
-2.7688960667193599e-03
-2.7598380615596030e-03
-2.7508315247981880e-03
-2.7417746783785914e-03
-2.7329381488646106e-03
-2.7243053016742622e-03
-2.7157879548399418e-03
-2.7074816314461691e-03
-2.6993163160777987e-03
-2.6910760172701312e-03
-2.6829849566317055e-03
-2.6750977117226626e-03
-2.6674096711966754e-03
-2.6598698134904894e-03
-2.6524434638501206e-03
-2.6449692765627164e-03
-2.6376905851596003e-03
-2.6305604814394960e-03
-2.6235942280907042e-03
-2.6168194510720090e-03
-2.6101996551304981e-03
-2.6034942381625722e-03
-2.5969465674458092e-03
-2.5905902041505075e-03
-2.5844230875194836e-03
-2.5784348228538529e-03
-2.5725595099563535e-03
-2.5666348668816679e-03
-2.5609018550803815e-03
-2.5553593043396061e-03
-2.5499760089977451e-03
-2.5447656054582153e-03
-2.5397209717846377e-03
-2.5346389281594639e-03
-2.5297519572436405e-03
-2.5250250938883157e-03
-2.5204889259798219e-03
-2.5161509020859957e-03
-2.5119787621280922e-03
-2.5077929483249620e-03
0.0000000000000000e+00
4.9112186298240734e-01
3.6295486983223779e-01
7.2925299968229737e+01
];
