%Vec Object:sol 1 MPI processes
%  type: mpi
sol = [
0.0000000000000000e+00
-3.3800936136424136e-03
-3.3581845799536807e-03
-3.3367133898446113e-03
-3.3154406263504210e-03
-3.2949449941634002e-03
-3.2744563176729008e-03
-3.2549429974162675e-03
-3.2357985899672164e-03
-3.2171315133856155e-03
-3.1992699863930634e-03
-3.1809159248749131e-03
-3.1632833621505077e-03
-3.1460584171123817e-03
-3.1291380876973213e-03
-3.1128804411667166e-03
-3.0967493281487640e-03
-3.0811042149681985e-03
-3.0654867668002228e-03
-3.0499804404569919e-03
-3.0350336250206914e-03
-3.0203772173075624e-03
-3.0059803695888969e-03
-2.9920720296821206e-03
-2.9782442997483421e-03
-2.9643886360502516e-03
-2.9509740892422289e-03
-2.9376221251320917e-03
-2.9246790313347481e-03
-2.9120832031685842e-03
-2.8995827587369833e-03
-2.8873722911877666e-03
-2.8751141920503177e-03
-2.8629984482168528e-03
-2.8512350516729339e-03
-2.8397058482000619e-03
-2.8283329815660960e-03
-2.8172798956373579e-03
-2.8063306248672340e-03
-2.7952563764774866e-03
-2.7844824201538011e-03
-2.7739159361750321e-03
-2.7634938435556070e-03
-2.7533479493827852e-03
-2.7434131503320334e-03
-2.7334846456602254e-03
-2.7235659161378789e-03
-2.7138795441523241e-03
-2.7042841390526552e-03
-2.6949335606494692e-03
-2.6858164288361534e-03
-2.6767916403000577e-03
-2.6678595304410022e-03
-2.6589276999581229e-03
-2.6501358969228143e-03
-2.6415031268882424e-03
-2.6330836843798367e-03
-2.6248486157033611e-03
-2.6167147044440222e-03
-2.6086625831990445e-03
-2.6006117711925795e-03
-2.5926819919726207e-03
-2.5849150996071052e-03
-2.5773410975327565e-03
-2.5699450460089286e-03
-2.5626454971124772e-03
-2.5554034876862277e-03
-2.5481729775490812e-03
-2.5410898565302090e-03
-2.5341360630213748e-03
-2.5273627283681176e-03
-2.5207659910969093e-03
-2.5142987927612875e-03
-2.5078327634257378e-03
-2.5013974436267077e-03
-2.4951367211841335e-03
-2.4890072904359293e-03
-2.4830236792360619e-03
-2.4772119640828465e-03
-2.4715699440205413e-03
-2.4659099623216352e-03
-2.4602764743588304e-03
-2.4548160659750560e-03
-2.4495271516643997e-03
-2.4444003643819745e-03
-2.4393992312523975e-03
-2.4345697942709872e-03
-2.4297279618399345e-03
-2.4249832824135083e-03
-2.4203840016023817e-03
-2.4159431253055830e-03
-2.4116783887371891e-03
-2.4075897419132261e-03
-2.4036772777694883e-03
-2.3996904460783191e-03
-2.3958488249493071e-03
-2.3921910242922467e-03
-2.3887178075008668e-03
-2.3854300621015349e-03
0.0000000000000000e+00
4.6770674528856959e-01
3.6295486983223779e-01
7.2925299968229737e+01
];
