%Vec Object:sol 1 MPI processes
%  type: mpi
sol = [
0.0000000000000000e+00
-3.4061858934857315e-09
-3.8173438731220026e-09
-3.8605357752310302e-09
-1.4627813961639576e-03
-2.0481908188446724e-02
-1.8391389364483389e-02
-1.6622715871553315e-02
-1.5009326836147868e-02
-1.3571119933971643e-02
-1.2159360103289584e-02
-1.0765746842384041e-02
-9.3530573583965604e-03
-7.8700428469171448e-03
-6.4450202221000182e-03
-5.0096898924519755e-03
-3.8023678611192849e-03
-2.7407458655188646e-03
-1.9986194838438795e-03
-1.4694887325348031e-03
-1.1848979615040765e-03
2.1339378096833320e-01
-5.4916341516809001e-03
-4.0850022386398465e-03
-3.2942111690832891e-03
-3.0305136944886344e-03
-2.9767322124074989e-03
-2.9815782538108481e-03
-3.0006620810180684e-03
-3.0173566664136791e-03
-3.0295948330265592e-03
-3.0353216593681383e-03
-3.0352976410401682e-03
-3.0301396485903644e-03
-3.0197644630583025e-03
-3.0054493865053320e-03
-2.9872917800172934e-03
-2.9656252611069988e-03
-2.9412121811319041e-03
-2.9141953637197844e-03
-2.8847536676776019e-03
-2.8533618395799628e-03
-2.8197014223301899e-03
-2.7844055966781312e-03
-2.7477316860526598e-03
-2.7096586437839625e-03
-2.6705128280432250e-03
-2.6305059114229250e-03
-2.5896257962498503e-03
-2.5480939628080923e-03
-2.5060411715581168e-03
-2.4635528029796237e-03
-2.4208123393855887e-03
-2.3777982638671135e-03
-2.3346439433384568e-03
-2.2915146872050569e-03
-2.2484361576568697e-03
-2.2054078611447557e-03
-2.1625826507472978e-03
-2.1200413224603584e-03
-2.0777029196454139e-03
-2.0358920919226562e-03
-1.9945284390243622e-03
-1.9535913032104699e-03
-1.9131957686064425e-03
-1.8734809650192226e-03
-1.8344612921700719e-03
-1.7961097851913101e-03
-1.7585386989047687e-03
-1.7218722687379387e-03
-1.6860997910250479e-03
-1.6511795104898566e-03
-1.6174096569798908e-03
-1.5847825578001002e-03
-1.5531806500436514e-03
-1.5227460751979041e-03
-1.4935888627799130e-03
-1.4656843537241048e-03
-1.4389993501199481e-03
-1.4135732434588900e-03
-1.3895254764027883e-03
-1.3667731097778690e-03
-1.3452638199838735e-03
-1.3249319893167350e-03
-1.3058134982952530e-03
-1.2878486936354428e-03
-1.2709033521985430e-03
-1.2548821950462555e-03
-1.2396743773326593e-03
-1.2253171950748713e-03
-1.2116177191922918e-03
-1.1984371611412957e-03
-1.1856858115879938e-03
-1.1733003499107661e-03
-1.1611143879048668e-03
-1.1490263253507984e-03
-1.1369800357448714e-03
-1.1248281395789257e-03
-1.1125927591245513e-03
0.0000000000000000e+00
6.8324889761041707e-01
3.3316597146372545e-01
1.7618795849543101e+01
];
