%Vec Object:sol 1 MPI processes
%  type: mpi
sol = [
0.0000000000000000e+00
-4.1291132157552306e-04
-4.0956162794574035e-04
-4.0628217343583741e-04
-4.0309451056458996e-04
-4.0004336550431132e-04
-3.9698507413080233e-04
-3.9402009949217147e-04
-3.9111539397000824e-04
-3.8828430326091028e-04
-3.8556763230795276e-04
-3.8282305561593988e-04
-3.8016501428081293e-04
-3.7756937378709938e-04
-3.7502279338319782e-04
-3.7256976684278399e-04
-3.7009413807850280e-04
-3.6768561250517004e-04
-3.6534888833415579e-04
-3.6303492799674269e-04
-3.6079568813459457e-04
-3.5855278781545463e-04
-3.5635160834476847e-04
-3.5422018658269003e-04
-3.5211577986005881e-04
-3.5005186286659001e-04
-3.4801272945969813e-04
-3.4598938100835778e-04
-3.4402432886874144e-04
-3.4210961251411327e-04
-3.4019756968056800e-04
-3.3831101481556809e-04
-3.3646598169344923e-04
-3.3464521918879331e-04
-3.3287421668757564e-04
-3.3111898236594205e-04
-3.2936625156149526e-04
-3.2765972762700493e-04
-3.2598561551437909e-04
-3.2433700682878841e-04
-3.2271014953874031e-04
-3.2109485867889287e-04
-3.1950356361552367e-04
-3.1795204232113573e-04
-3.1643223691678790e-04
-3.1491245186279375e-04
-3.1341238902456430e-04
-3.1194619043537267e-04
-3.1049673919794282e-04
-3.0908240627203627e-04
-3.0768255008688689e-04
-3.0628306387468470e-04
-3.0491482512007848e-04
-3.0357896275950508e-04
-3.0226510393504104e-04
-3.0095828535045625e-04
-2.9966569336975599e-04
-2.9840089389072825e-04
-2.9715390893154703e-04
-2.9593668389769987e-04
-2.9473368171207799e-04
-2.9353265403603984e-04
-2.9235644356076729e-04
-2.9120850897637948e-04
-2.9008699607511172e-04
-2.8897058566474494e-04
-2.8786268305309965e-04
-2.8678196676044048e-04
-2.8572379277934959e-04
-2.8468599039121616e-04
-2.8366608352886407e-04
-2.8265142229673727e-04
-2.8165758958070494e-04
-2.8068586948119248e-04
-2.7973989036084103e-04
-2.7881417388387535e-04
-2.7788599048129650e-04
-2.7698024795294102e-04
-2.7609992349095469e-04
-2.7524469646891684e-04
-2.7440932024455324e-04
-2.7357015449535937e-04
-2.7275631563131609e-04
-2.7196756296039051e-04
-2.7120275637055382e-04
-2.7045771168050607e-04
-2.6971316436802476e-04
-2.6899239198267767e-04
-2.6829673505852014e-04
-2.6762280060714207e-04
-2.6697204201435990e-04
-2.6632616113085686e-04
-2.6570116170614806e-04
-2.6510163668948131e-04
-2.6452380005941820e-04
-2.6397092517486888e-04
-2.6342698610680063e-04
-2.6290179662588316e-04
-2.6240279995362365e-04
0.0000000000000000e+00
5.2734819696462221e-01
3.6295485309822773e-01
7.2925365311217348e+01
];
