%Vec Object:sol 1 MPI processes
%  type: mpi
sol = [
0.0000000000000000e+00
-4.1131492370043563e-10
-4.6664563960307237e-10
-4.7758392119778380e-10
-4.8566465897036707e-10
-2.1571174311353540e-03
-1.9383582673326283e-03
-1.7518573360450400e-03
-1.5818785810892693e-03
-1.4304342450796126e-03
-1.2819877657013195e-03
-1.1357769007171294e-03
-9.8784833391041748e-04
-8.3290914834542942e-04
-6.8430141963432144e-04
-5.3483769288040141e-04
-4.0925820080010838e-04
-2.9891399461273450e-04
-2.2178955968631296e-04
-1.6678816188222512e-04
-1.3713898979908308e-04
-1.2304647704575067e-04
-1.2080818430188124e-04
-1.2487068458133510e-04
-1.3186558727806935e-04
-1.3972037207470852e-04
-1.4705752416150530e-04
-1.5321643756933536e-04
-1.5826267043919293e-04
-1.6180469568042330e-04
-1.6441728979983049e-04
-1.6593585812193687e-04
-1.6671716783880249e-04
-1.6692261117650013e-04
-1.6659082377160298e-04
-1.6593292191443863e-04
-1.6499977262363281e-04
-1.6384426691461664e-04
-1.6254767187301802e-04
-1.6115176416307310e-04
-1.5967091185978432e-04
-1.5813972859556047e-04
-1.5655583035982423e-04
-1.5496992256152498e-04
-1.5338462328289720e-04
-1.5173943081677146e-04
-1.5012532319674818e-04
-1.4852625539779756e-04
-1.4693793839108904e-04
-1.4530450916042944e-04
-1.4371978429723162e-04
-1.4215557038148793e-04
-1.4060986377265356e-04
-1.3904769464364477e-04
-1.3748910049364595e-04
-1.3598493114210685e-04
-1.3448557094025351e-04
-1.3298693297687634e-04
-1.3151893390712883e-04
-1.3005214318579026e-04
-1.2857756140287663e-04
-1.2715543942138312e-04
-1.2575174814708683e-04
-1.2434878105487590e-04
-1.2295216674554108e-04
-1.2158928480063122e-04
-1.2024065273530229e-04
-1.1889078596665077e-04
-1.1755854329903569e-04
-1.1625251212824142e-04
-1.1494873889720525e-04
-1.1364742095816758e-04
-1.1237884605533182e-04
-1.1113395223251462e-04
-1.0988764247984290e-04
-1.0864909298850382e-04
-1.0743382761215792e-04
-1.0623410558628215e-04
-1.0503760859305264e-04
-1.0384169536651549e-04
-1.0267112731446375e-04
-1.0151771164828213e-04
-1.0037154269872887e-04
-9.9228455239839795e-05
-9.8100247304579009e-05
-9.6988684003275691e-05
-9.5884831299543598e-05
-9.4786830059260038e-05
-9.3690884208358095e-05
-9.2608615832640110e-05
-9.1528131765010437e-05
-9.0464845238292856e-05
-8.9408200556598830e-05
-8.8362811384510786e-05
-8.7320795954484991e-05
-8.6267085171808753e-05
-8.5227257032489181e-05
-8.4197120415073712e-05
-8.3176919629871174e-05
0.0000000000000000e+00
6.9398248061514256e-01
3.0569849726995918e-01
9.1825732501937587e+00
];
