%Vec Object:sol 1 MPI processes
%  type: mpi
sol = [
0.0000000000000000e+00
-3.5812007668293180e-03
-3.5566157075744599e-03
-3.5325391143798974e-03
-3.5091352200653657e-03
-3.4867669190039282e-03
-3.4638553266225546e-03
-3.4420226515126705e-03
-3.4206170299221064e-03
-3.3997536341802484e-03
-3.3797819902005428e-03
-3.3598160878957990e-03
-3.3401941894378282e-03
-3.3209933298886411e-03
-3.3021439076537013e-03
-3.2840272838621288e-03
-3.2660695256001284e-03
-3.2486765123708418e-03
-3.2314428416036988e-03
-3.2142295748304318e-03
-3.1976339539320771e-03
-3.1813678484726381e-03
-3.1653977528911335e-03
-3.1499668133486772e-03
-3.1344470648587593e-03
-3.1191224776185378e-03
-3.1042842107931808e-03
-3.0895285823320353e-03
-3.0752236892264803e-03
-3.0613031519100497e-03
-3.0473540722179638e-03
-3.0335402576272767e-03
-3.0200391117773838e-03
-3.0067021828146965e-03
-2.9937521264033770e-03
-2.9810628066179179e-03
-2.9685202773684334e-03
-2.9559567332848274e-03
-2.9436341828544630e-03
-2.9314931350204504e-03
-2.9196806206250921e-03
-2.9080976991124300e-03
-2.8966771384750633e-03
-2.8852538020138602e-03
-2.8739951640854209e-03
-2.8628775703826059e-03
-2.8520464999070767e-03
-2.8414690156690495e-03
-2.8309950735274291e-03
-2.8206022770016523e-03
-2.8102967244898721e-03
-2.8001026311188729e-03
-2.7901425698223831e-03
-2.7804273330090477e-03
-2.7708656790825449e-03
-2.7614004228143974e-03
-2.7519096462725206e-03
-2.7426253533825084e-03
-2.7334592140065921e-03
-2.7245179303325654e-03
-2.7157937428492125e-03
-2.7072012296955280e-03
-2.6984863910519880e-03
-2.6899650524319441e-03
-2.6816409199284150e-03
-2.6734276935029130e-03
-2.6654190677160411e-03
-2.6576094813388113e-03
-2.6497609505986785e-03
-2.6419506346717458e-03
-2.6343382743474488e-03
-2.6269194456745170e-03
-2.6196442226581141e-03
-2.6125243957171606e-03
-2.6054849480563707e-03
-2.5984544466071736e-03
-2.5915683438189146e-03
-2.5848416835574824e-03
-2.5783016458314793e-03
-2.5719456274810289e-03
-2.5657101129084340e-03
-2.5593828991706518e-03
-2.5532425486024337e-03
-2.5472871229157219e-03
-2.5415065049521068e-03
-2.5358620969744435e-03
-2.5304020778736482e-03
-2.5248948521507785e-03
-2.5195414748947478e-03
-2.5143441074875145e-03
-2.5093161929365827e-03
-2.5044761187381992e-03
-2.4998235832318703e-03
-2.4951895228388838e-03
-2.4906277924549892e-03
-2.4862533817282054e-03
-2.4820736657339662e-03
-2.4780892042337234e-03
-2.4743006898003722e-03
0.0000000000000000e+00
4.8465692664833931e-01
3.6295486983223779e-01
7.2925299968229737e+01
];
