%Vec Object:sol 1 MPI processes
%  type: mpi
sol = [
0.0000000000000000e+00
-4.0890735872772628e-03
-4.0569580829301075e-03
-4.0253028920504133e-03
-3.9941020407535336e-03
-3.9642497470260205e-03
-3.9345310274285956e-03
-3.9061612682760238e-03
-3.8779951337212324e-03
-3.8502991263128271e-03
-3.8237349252090813e-03
-3.7972617546046736e-03
-3.7718597705685259e-03
-3.7465972293252354e-03
-3.7216991021993425e-03
-3.6977274358114807e-03
-3.6740106901367118e-03
-3.6510186272777014e-03
-3.6282112078167509e-03
-3.6056006479848364e-03
-3.5837673172531134e-03
-3.5623743453361218e-03
-3.5413515226476893e-03
-3.5205337712424880e-03
-3.4999842583362541e-03
-3.4799498165202663e-03
-3.4605257582437194e-03
-3.4411823917666561e-03
-3.4219982591407192e-03
-3.4033135874637992e-03
-3.3848184864083810e-03
-3.3668597191555418e-03
-3.3492236686013675e-03
-3.3314537000080557e-03
-3.3141773810043892e-03
-3.2972486675143563e-03
-3.2805714832456305e-03
-3.2642647805862057e-03
-3.2479313982244937e-03
-3.2318503750553783e-03
-3.2161876534843228e-03
-3.2008293577663782e-03
-3.1856329447946053e-03
-3.1704953667404836e-03
-3.1556714218930167e-03
-3.1410476564737622e-03
-3.1267878312624731e-03
-3.1128084635959033e-03
-3.0986601608079824e-03
-3.0848588063523029e-03
-3.0713891584293646e-03
-3.0580816334509018e-03
-3.0450550116765634e-03
-3.0320079969019132e-03
-3.0191767430141517e-03
-3.0065829521872607e-03
-2.9942899901155506e-03
-2.9822623500633601e-03
-2.9700784404999092e-03
-2.9581748106024841e-03
-2.9465541180032514e-03
-2.9351201279234638e-03
-2.9239215380589250e-03
-2.9127206598266011e-03
-2.9017319400275053e-03
-2.8909047079985883e-03
-2.8803429615766284e-03
-2.8700399262649320e-03
-2.8597270225529472e-03
-2.8495293494224662e-03
-2.8395878075041822e-03
-2.8298969930211589e-03
-2.8204010365197553e-03
-2.8109397626102559e-03
-2.8016102002968229e-03
-2.7925260374462731e-03
-2.7836360370094952e-03
-2.7749565799030842e-03
-2.7663919893030136e-03
-2.7579159265080301e-03
-2.7496466041130726e-03
-2.7415800902000926e-03
-2.7337525086085670e-03
-2.7260810023784087e-03
-2.7184510531971656e-03
-2.7110081648420606e-03
-2.7038050141022277e-03
-2.6968397665984934e-03
-2.6900723406296221e-03
-2.6832912102497464e-03
-2.6767316722386618e-03
-2.6704135113807780e-03
-2.6643359566202707e-03
-2.6584970497768074e-03
-2.6526150609665266e-03
-2.6469716029106321e-03
-2.6415748191514379e-03
-2.6364248512244681e-03
-2.6315219867918491e-03
0.0000000000000000e+00
5.2436887780839059e-01
3.6295486983223779e-01
7.2925299968229737e+01
];
