%Vec Object:sol 1 MPI processes
%  type: mpi
sol = [
0.0000000000000000e+00
-3.9351733654318516e-03
-3.9056836999279377e-03
-3.8768338854975968e-03
-3.8488064939410393e-03
-3.8216157073040517e-03
-3.7942974378074134e-03
-3.7682474007489268e-03
-3.7427308137916158e-03
-3.7178749621300218e-03
-3.6937575515655113e-03
-3.6694224294548101e-03
-3.6460965211902049e-03
-3.6233315583346711e-03
-3.6010022260706555e-03
-3.5793346553724529e-03
-3.5575368579344067e-03
-3.5364211044608541e-03
-3.5159613993628156e-03
-3.4956927613033037e-03
-3.4760674911603392e-03
-3.4564089190457854e-03
-3.4371237475909274e-03
-3.4184799484895086e-03
-3.4000711072572293e-03
-3.3821351916665456e-03
-3.3643290962930682e-03
-3.3466080677386273e-03
-3.3294226865073643e-03
-3.3126976789718899e-03
-3.2961348897870063e-03
-3.2797816638420419e-03
-3.2636408492297073e-03
-3.2477124675062688e-03
-3.2322411884310536e-03
-3.2170865186028114e-03
-3.2020107146621250e-03
-3.1870763766712320e-03
-3.1724338926435798e-03
-3.1580169611901414e-03
-3.1439864902998360e-03
-3.1302226878180831e-03
-3.1162746885533086e-03
-3.1026902060863814e-03
-3.0893917295921175e-03
-3.0762694135393334e-03
-3.0634822757094802e-03
-3.0507343321283034e-03
-3.0380091843750464e-03
-3.0256030983415376e-03
-3.0135014631605035e-03
-3.0015395715240582e-03
-2.9897310072305320e-03
-2.9779752914358792e-03
-2.9664115365597779e-03
-2.9550608786040339e-03
-2.9439850837769837e-03
-2.9331497750022012e-03
-2.9221295169814259e-03
-2.9113667086135427e-03
-2.9008614178906503e-03
-2.8905197765759978e-03
-2.8803892408669901e-03
-2.8703110818891269e-03
-2.8603356814536772e-03
-2.8504991462299234e-03
-2.8409030087513608e-03
-2.8315406337130998e-03
-2.8222997137269125e-03
-2.8129892256022557e-03
-2.8039098879695341e-03
-2.7950563715714262e-03
-2.7863739465964731e-03
-2.7778750298773289e-03
-2.7693509744475468e-03
-2.7609982328676221e-03
-2.7528156756291586e-03
-2.7448192520466968e-03
-2.7370380102485405e-03
-2.7293423947433539e-03
-2.7216728750922444e-03
-2.7141817013934658e-03
-2.7069042291713646e-03
-2.6998379519016474e-03
-2.6929526301246250e-03
-2.6859761210027166e-03
-2.6792139617467961e-03
-2.6726642823116293e-03
-2.6663255511909698e-03
-2.6601643969500883e-03
-2.6540135255614600e-03
-2.6479993251361566e-03
-2.6422001237963347e-03
-2.6366152735997420e-03
-2.6312074767381017e-03
-2.6259232441245110e-03
-2.6206925934983685e-03
-2.6156831048921377e-03
-2.6108950570176864e-03
0.0000000000000000e+00
5.1274866447769862e-01
3.6295486983223779e-01
7.2925299968229737e+01
];
