%Vec Object:sol 1 MPI processes
%  type: mpi
sol = [
0.0000000000000000e+00
-4.1497267743252603e-04
-4.1158033725528033e-04
-4.0826102247804139e-04
-4.0503407269876370e-04
-4.0193057926195638e-04
-3.9878938197277181e-04
-3.9578740030433551e-04
-3.9284598447754659e-04
-3.8997855061229174e-04
-3.8719182489984570e-04
-3.8438867657934858e-04
-3.8169603397188959e-04
-3.7906603894800536e-04
-3.7648527496724225e-04
-3.7394967005263517e-04
-3.7143336044409081e-04
-3.6899202716552206e-04
-3.6662274973476758e-04
-3.6427020760162055e-04
-3.6194991793574242e-04
-3.5967558633678192e-04
-3.5744306965170301e-04
-3.5528053166900735e-04
-3.5312901831498444e-04
-3.5099683745219652e-04
-3.4892769460494644e-04
-3.4687433673690117e-04
-3.4487945239213978e-04
-3.4291223616861506e-04
-3.4094152080680446e-04
-3.3902624930454075e-04
-3.3715263072997521e-04
-3.3530336576613554e-04
-3.3347693943676528e-04
-3.3167027163943306e-04
-3.2989022378023024e-04
-3.2815656657180902e-04
-3.2645547611999853e-04
-3.2475066779783895e-04
-3.2307772571109377e-04
-3.2143674159625677e-04
-3.1981992573342405e-04
-3.1824310576260750e-04
-3.1666817011785517e-04
-3.1510624632219349e-04
-3.1358229904652378e-04
-3.1209246340183484e-04
-3.1061960581679207e-04
-3.0915266698754412e-04
-3.0771363260170842e-04
-3.0629230889575641e-04
-3.0490252982324150e-04
-3.0354543911493095e-04
-3.0218273551181390e-04
-3.0083892913573910e-04
-2.9952682310186346e-04
-2.9824285792535125e-04
-2.9697706229316382e-04
-2.9571576747933377e-04
-2.9447748340396309e-04
-2.9325951892504961e-04
-2.9206677516131513e-04
-2.9090272528787170e-04
-2.8974272738199855e-04
-2.8859242409589193e-04
-2.8747043124200089e-04
-2.8637608401751053e-04
-2.8530475291395639e-04
-2.8423468731459078e-04
-2.8318212419241356e-04
-2.8215648075461259e-04
-2.8115218272976888e-04
-2.8017052708603795e-04
-2.7919898382516286e-04
-2.7824182836662338e-04
-2.7730602647518137e-04
-2.7639323387181292e-04
-2.7550643696629563e-04
-2.7463266167505331e-04
-2.7376715294217494e-04
-2.7292395277636182e-04
-2.7210668552139446e-04
-2.7131511895153916e-04
-2.7053890267507679e-04
-2.6976665091576037e-04
-2.6902047324591573e-04
-2.6830019954952140e-04
-2.6760569400770680e-04
-2.6692764784016181e-04
-2.6625470482804104e-04
-2.6560805755716170e-04
-2.6498763806252648e-04
-2.6439339469514818e-04
-2.6381861179597627e-04
-2.6324851178145445e-04
-2.6270527384002592e-04
-2.6218891919207169e-04
-2.6169948260809054e-04
0.0000000000000000e+00
5.2892744939258607e-01
3.6295485309822773e-01
7.2925365311217348e+01
];
