%Vec Object:sol 1 MPI processes
%  type: mpi
sol = [
0.0000000000000000e+00
-3.6090594185421551e-04
-3.5842507528235153e-04
-3.5599567268254038e-04
-3.5360533573845836e-04
-3.5129073068147386e-04
-3.4898047363563129e-04
-3.4677919448493713e-04
-3.4462108375374404e-04
-3.4251776191601989e-04
-3.4047812791441253e-04
-3.3841046321500209e-04
-3.3642968345478567e-04
-3.3449557488331546e-04
-3.3259694202481671e-04
-3.3077225583244628e-04
-3.2894237918156449e-04
-3.2713982342507818e-04
-3.2539339842169347e-04
-3.2366108167176559e-04
-3.2199104441573041e-04
-3.2035421932747937e-04
-3.1873253051010488e-04
-3.1713260814279532e-04
-3.1555139405949870e-04
-3.1401060626727009e-04
-3.1251881126559715e-04
-3.1103530059888436e-04
-3.0958966957878210e-04
-3.0814615124382451e-04
-3.0671529034187217e-04
-3.0532769676235526e-04
-3.0397155791737391e-04
-3.0263190854968219e-04
-3.0133081595312949e-04
-3.0001518012030641e-04
-2.9871812846264380e-04
-2.9745727166665846e-04
-2.9622062064671429e-04
-2.9500217923222259e-04
-2.9381676537758490e-04
-2.9262249712678107e-04
-2.9143833919093780e-04
-2.9028533811323011e-04
-2.8915647032886569e-04
-2.8804171838168319e-04
-2.8695574410494452e-04
-2.8587239172260233e-04
-2.8478629476280502e-04
-2.8372768766086169e-04
-2.8269529706604132e-04
-2.8167402691139904e-04
-2.8067622816517918e-04
-2.7968849434539567e-04
-2.7869663638543755e-04
-2.7772284651893697e-04
-2.7677286347555923e-04
-2.7584355737986205e-04
-2.7492603131569119e-04
-2.7402408857420140e-04
-2.7311860490001748e-04
-2.7222690909157869e-04
-2.7135342147007515e-04
-2.7050129567068762e-04
-2.6966890554651758e-04
-2.6884717796127577e-04
-2.6801581044959017e-04
-2.6720479567946757e-04
-2.6641013597845063e-04
-2.6562988506444586e-04
-2.6486944113916013e-04
-2.6412834649169772e-04
-2.6337794538170930e-04
-2.6263791107190816e-04
-2.6191726127821572e-04
-2.6121564133640848e-04
-2.6052843099055319e-04
-2.5985714636248735e-04
-2.5918716762391228e-04
-2.5852536403795176e-04
-2.5787924429924514e-04
-2.5724847502491579e-04
-2.5663637981986705e-04
-2.5604276476484878e-04
-2.5545452878085169e-04
-2.5486547281089260e-04
-2.5429529502078068e-04
-2.5374385839447178e-04
-2.5321105651627185e-04
-2.5269381521342304e-04
-2.5218559701072426e-04
-2.5167853411301063e-04
-2.5119062203301606e-04
-2.5072183467856365e-04
-2.5026872557804740e-04
-2.4983432502668080e-04
-2.4941455469381724e-04
-2.4899446422801301e-04
-2.4859433145538417e-04
0.0000000000000000e+00
4.8691854153982422e-01
3.6295485309822773e-01
7.2925365311217348e+01
];
