%Vec Object:sol 1 MPI processes
%  type: mpi
sol = [
0.0000000000000000e+00
-3.6375583654077314e-03
-3.6125238700877812e-03
-3.5874388991748948e-03
-3.5630059899980442e-03
-3.5396662150392172e-03
-3.5163712309270673e-03
-3.4941771968567069e-03
-3.4724114102050742e-03
-3.4506362280030943e-03
-3.4297852754300332e-03
-3.4089555565979504e-03
-3.3890029708087241e-03
-3.3695215820152696e-03
-3.3503696352386787e-03
-3.3314660462734139e-03
-3.3127375304620693e-03
-3.2945968418045925e-03
-3.2770222720632427e-03
-3.2595898468545360e-03
-3.2427619638579889e-03
-3.2258044500973275e-03
-3.2091594861955674e-03
-3.1930739945161346e-03
-3.1771767114372558e-03
-3.1616866947081646e-03
-3.1466878782068302e-03
-3.1313204331131429e-03
-3.1164211092603710e-03
-3.1019219956268966e-03
-3.0875498164868063e-03
-3.0736132354014663e-03
-3.0599931278041631e-03
-3.0461411528196966e-03
-3.0326627226107431e-03
-3.0194573684331821e-03
-3.0064403975124752e-03
-2.9937874462890482e-03
-2.9813776536677305e-03
-2.9688149312845254e-03
-2.9565298577298262e-03
-2.9444849457386218e-03
-2.9326116786706985e-03
-2.9210514255099806e-03
-2.9097333902283083e-03
-2.8982814912383395e-03
-2.8870265844025715e-03
-2.8760351001693297e-03
-2.8651544739562106e-03
-2.8545496965977674e-03
-2.8442079502417040e-03
-2.8337593646710832e-03
-2.8234172248749237e-03
-2.8133286435352931e-03
-2.8034008052700088e-03
-2.7936537453510015e-03
-2.7841453020289392e-03
-2.7746792848635246e-03
-2.7651670886430918e-03
-2.7558873042501579e-03
-2.7468318850507327e-03
-2.7379139985998892e-03
-2.7291781896808197e-03
-2.7205393544323057e-03
-2.7119031359727776e-03
-2.7033829686198027e-03
-2.6950737840244128e-03
-2.6869698061831510e-03
-2.6790291150111719e-03
-2.6711571810691943e-03
-2.6632614881831073e-03
-2.6555650651297995e-03
-2.6480171589904939e-03
-2.6406296228388333e-03
-2.6334358204482371e-03
-2.6263927432505227e-03
-2.6192493688128675e-03
-2.6122701180322366e-03
-2.6054824369691090e-03
-2.5988835732639061e-03
-2.5924411238050079e-03
-2.5861408135403716e-03
-2.5797666713454847e-03
-2.5735819731218966e-03
-2.5675763866386068e-03
-2.5617107299550574e-03
-2.5560337737653188e-03
-2.5505441726211275e-03
-2.5449887497604302e-03
-2.5395831406966429e-03
-2.5343508366393532e-03
-2.5293103642982486e-03
-2.5244613103632772e-03
-2.5198034209659853e-03
-2.5150717987453375e-03
-2.5105087186186588e-03
-2.5061440032488648e-03
-2.5019781384743598e-03
-2.4980117475010290e-03
0.0000000000000000e+00
4.8923258587864266e-01
3.6295486983223779e-01
7.2925299968229737e+01
];
