%Vec Object:sol 1 MPI processes
%  type: mpi
sol = [
0.0000000000000000e+00
-4.2518681496037526e-04
-4.2131613056646506e-04
-4.1737903682292085e-04
-4.1354485577524159e-04
-4.0985153948351329e-04
-4.0612388149364494e-04
-4.0254678826811012e-04
-3.9903862698224498e-04
-3.9561306491458527e-04
-3.9226712466655894e-04
-3.8892422960822742e-04
-3.8570087671348636e-04
-3.8254768737098696e-04
-3.7943309655138628e-04
-3.7638434977233448e-04
-3.7336927177148495e-04
-3.7043637123636449e-04
-3.6758249191530529e-04
-3.6471635155785955e-04
-3.6192770286315012e-04
-3.5919122597792704e-04
-3.5650264924092141e-04
-3.5387929623406064e-04
-3.5125366279475137e-04
-3.4868744201455997e-04
-3.4619021064992385e-04
-3.4371436635578681e-04
-3.4127718867607598e-04
-3.3887927817707918e-04
-3.3650735040120978e-04
-3.3419644543417103e-04
-3.3193271668724249e-04
-3.2966366135630734e-04
-3.2744598769267883e-04
-3.2527011684887623e-04
-3.2312639492534083e-04
-3.2103095061914485e-04
-3.1893977496487452e-04
-3.1688084578146620e-04
-3.1487069660059212e-04
-3.1289796797038415e-04
-3.1094642711390120e-04
-3.0901417581095632e-04
-3.0712028929272094e-04
-3.0525356267842107e-04
-3.0343018802414962e-04
-3.0163556958139124e-04
-2.9984228676598919e-04
-2.9809071528452436e-04
-2.9637936741909644e-04
-2.9469164184621423e-04
-2.9303025717793325e-04
-2.9138765786211975e-04
-2.8977403892066489e-04
-2.8819155493117646e-04
-2.8664640130741519e-04
-2.8512619772242862e-04
-2.8361081501691670e-04
-2.8213203406691546e-04
-2.8068897220191941e-04
-2.7927236874419014e-04
-2.7788124949647156e-04
-2.7650362590377975e-04
-2.7515949997823511e-04
-2.7383961734186410e-04
-2.7255403199308092e-04
-2.7130068890663631e-04
-2.7005269081113590e-04
-2.6883256929126077e-04
-2.6764604202948652e-04
-2.6649265425323591e-04
-2.6536713653801128e-04
-2.6425005956330687e-04
-2.6316259095525554e-04
-2.6210798371738509e-04
-2.6108143644898489e-04
-2.6008458616438455e-04
-2.5910626699082999e-04
-2.5815160941765347e-04
-2.5722647963662007e-04
-2.5633058932999093e-04
-2.5546744287291596e-04
-2.5462960952001609e-04
-2.5380876691604831e-04
-2.5301596919585241e-04
-2.5225628522603752e-04
-2.5152963192833150e-04
-2.5083540357040792e-04
-2.5015047221732859e-04
-2.4949725483300295e-04
-2.4887771612748641e-04
-2.4829188542336959e-04
-2.4773981127710037e-04
-2.4720336234275138e-04
-2.4669476660544622e-04
-2.4622083276005098e-04
-2.4578170157930370e-04
-2.4537753481215476e-04
0.0000000000000000e+00
5.4512239102919990e-01
3.6290827965502853e-01
7.2662637029444952e+01
];
