%Vec Object:sol 1 MPI processes
%  type: mpi
sol = [
0.0000000000000000e+00
-3.9509633384590285e-04
-3.9213044623755085e-04
-3.8922893797030671e-04
-3.8638833427097113e-04
-3.8363079564362096e-04
-3.8088412327200513e-04
-3.7826493843314582e-04
-3.7569939330295141e-04
-3.7318446969381437e-04
-3.7073127138646241e-04
-3.6828525230755244e-04
-3.6594064476565047e-04
-3.6365240460684684e-04
-3.6140007968594014e-04
-3.5918649267150814e-04
-3.5699614788603517e-04
-3.5487431239642869e-04
-3.5281837123762980e-04
-3.5078178745874414e-04
-3.4876663114849981e-04
-3.4679177874433605e-04
-3.4485441032573705e-04
-3.4298143627408794e-04
-3.4113203330989609e-04
-3.3929234159784505e-04
-3.3749967564107797e-04
-3.3571995031511171e-04
-3.3399398305758758e-04
-3.3231421507724524e-04
-3.3062573820783348e-04
-3.2896733658075144e-04
-3.2734679170075514e-04
-3.2574754247602920e-04
-3.2419415501957718e-04
-3.2266002194356530e-04
-3.2111855054377703e-04
-3.1961961274201331e-04
-3.1814993979577071e-04
-3.1670287877229401e-04
-3.1529364307752018e-04
-3.1387343047018987e-04
-3.1247394652460188e-04
-3.1111091650402032e-04
-3.0977656195856486e-04
-3.0845985836314735e-04
-3.0714963055452385e-04
-3.0585912327572292e-04
-3.0458278789137477e-04
-3.0333844211810856e-04
-3.0212462175488561e-04
-3.0091044219363077e-04
-2.9970249640288424e-04
-2.9852387527349932e-04
-2.9736448369789954e-04
-2.9622644183227754e-04
-2.9511357329287422e-04
-2.9399323966444990e-04
-2.9288799935151151e-04
-2.9180948035429960e-04
-2.9075676128478850e-04
-2.8972042582684431e-04
-2.8868157849165242e-04
-2.8765905603991073e-04
-2.8665992475697898e-04
-2.8567470469576732e-04
-2.8471358473114824e-04
-2.8376407697384547e-04
-2.8281470437107524e-04
-2.8188270554036518e-04
-2.8097387908783113e-04
-2.8008769323772329e-04
-2.7921753733484118e-04
-2.7833777580837124e-04
-2.7748028304150384e-04
-2.7664488967627193e-04
-2.7582655654267204e-04
-2.7502688292848010e-04
-2.7422968243871119e-04
-2.7344497192630877e-04
-2.7267853756032546e-04
-2.7192998605629631e-04
-2.7120286632993824e-04
-2.7048812847596401e-04
-2.6977532789108097e-04
-2.6907884591204995e-04
-2.6840386320628310e-04
-2.6775019578143873e-04
-2.6711756791017287e-04
-2.6647749478739090e-04
-2.6585642637884756e-04
-2.6525700706302689e-04
-2.6467915595458581e-04
-2.6412280785313908e-04
-2.6356790706282430e-04
-2.6302534680690943e-04
-2.6250495775943209e-04
-2.6200675561758127e-04
-2.6153077091935461e-04
0.0000000000000000e+00
5.1394228074474757e-01
3.6295485309822773e-01
7.2925365311217348e+01
];
