%Vec Object:sol 1 MPI processes
%  type: mpi
sol = [
0.0000000000000000e+00
-3.4967220539647732e-09
-3.9220876795737493e-09
-2.4247894988243316e-02
-2.1151264372908631e-02
-1.8869025158142615e-02
-1.6941558173575722e-02
-1.5313654319663278e-02
-1.3826514110859119e-02
-1.2499706855191042e-02
-1.1194186323559620e-02
-9.9006611701414598e-03
-8.5852846026516147e-03
-7.1992632306195105e-03
-5.8634560196848427e-03
-4.5147871164428807e-03
-3.3782948605046888e-03
-2.3777799180844626e-03
-1.6781973585560999e-03
-1.1795737711062441e-03
-9.1236186146973061e-04
-7.8770418212233888e-04
-7.7169145921716085e-04
-8.1403219512066183e-04
-8.8360495313979362e-04
-9.6144253961468178e-04
-1.0348013757452703e-03
-1.0974368750266519e-03
-1.1501951598458335e-03
-1.1888469746422891e-03
-1.2192174284703079e-03
-1.2393470078627265e-03
-1.2525398477270012e-03
-1.2606106853820850e-03
-1.2633672487502414e-03
-1.2631137821288900e-03
-1.2603126616306543e-03
-1.2551286750286847e-03
-1.2486243080343361e-03
-1.2411594344938993e-03
-1.2325796081210057e-03
-1.2234365911125093e-03
-1.2137743332580472e-03
-1.2037519532898035e-03
-1.1935265564858523e-03
-1.1827583613830031e-03
-1.1718846115914042e-03
-1.1608857811562195e-03
-1.1498107295262636e-03
-1.1381749854376681e-03
-1.1265292916831043e-03
-1.1148551749556228e-03
-1.1030331218770868e-03
-1.0907421376091641e-03
-1.0782293018068096e-03
-1.0657728004825320e-03
-1.0529863632897081e-03
-1.0398363822372455e-03
-1.0265714899449216e-03
-1.0129384835792772e-03
-9.9878069110740384e-04
-9.8467630703601454e-04
-9.7027227791489129e-04
-9.5537486425079370e-04
-9.4005594881657237e-04
-9.2454712975931729e-04
-9.0862827192620353e-04
-8.9212858846302446e-04
-8.7516280783236813e-04
-8.5778761546953747e-04
-8.3970769202729677e-04
-8.2072440060187133e-04
-8.0108405439443967e-04
-7.8044921925618700e-04
-7.5813329376856929e-04
-7.3370405855975064e-04
-7.0639512071999006e-04
4.4378526077004481e-02
1.9557220294369373e-02
-1.2556299965839355e-03
-1.3085567233221084e-03
-1.3397708396679204e-03
-1.3547239955097933e-03
-1.3574010879238707e-03
-1.3511439538182186e-03
-1.3386903454013677e-03
-1.3223250070275891e-03
-1.3039577613277974e-03
-1.2850268847278659e-03
-1.2666505776626799e-03
-1.2492396585737171e-03
-1.2328597746705061e-03
-1.2172817692195691e-03
-1.2021313915202192e-03
-1.1868622080399383e-03
-1.1710196790411158e-03
-1.1542724338169830e-03
-1.1362521367129193e-03
-1.1167869326264880e-03
0.0000000000000000e+00
6.4857470445996324e-01
3.2190324363788131e-01
1.3010417489307281e+01
];
