%Vec Object:sol 1 MPI processes
%  type: mpi
sol = [
0.0000000000000000e+00
-3.4829688581267835e-03
-3.4597229161871584e-03
-3.4369497894347883e-03
-3.4148087416696138e-03
-3.3931278093178923e-03
-3.3714272961338555e-03
-3.3507539855704774e-03
-3.3304783802419850e-03
-3.3107123564826042e-03
-3.2917950112657910e-03
-3.2725988479164795e-03
-3.2539505784101781e-03
-3.2357371238096104e-03
-3.2178514641751834e-03
-3.2006635546349355e-03
-3.1836180370978092e-03
-3.1670979133724140e-03
-3.1506120299776242e-03
-3.1342514609975685e-03
-3.1184794907926018e-03
-3.1030173562130170e-03
-3.0878328798302750e-03
-3.0731622753012774e-03
-3.0584247462244647e-03
-3.0438336514022877e-03
-3.0297063343741578e-03
-3.0156514677763808e-03
-3.0020264771642635e-03
-2.9887673485611611e-03
-2.9756137479647077e-03
-2.9624619358678095e-03
-2.9495810186068597e-03
-2.9368533416502833e-03
-2.9244953656354343e-03
-2.9123848762078884e-03
-2.9004413508462732e-03
-2.8886905376805457e-03
-2.8769105391319091e-03
-2.8653019209988668e-03
-2.8540077680656896e-03
-2.8429321430305122e-03
-2.8320098497665409e-03
-2.8213765763017654e-03
-2.8106817261249958e-03
-2.8000312644265121e-03
-2.7896556282521272e-03
-2.7795229722489259e-03
-2.7694874943873606e-03
-2.7597075548623021e-03
-2.7501153579302848e-03
-2.7403316351042699e-03
-2.7307726922725837e-03
-2.7214491782514695e-03
-2.7122724206370451e-03
-2.7032618861740506e-03
-2.6944733421263929e-03
-2.6856949389335166e-03
-2.6768814398971403e-03
-2.6682847944840609e-03
-2.6598975800355964e-03
-2.6516367177922238e-03
-2.6435451828507807e-03
-2.6356537303889615e-03
-2.6276518346260839e-03
-2.6197418662578416e-03
-2.6120299206123373e-03
-2.6045106813745579e-03
-2.5971440826955809e-03
-2.5899114775176459e-03
-2.5827588953081290e-03
-2.5756042935711813e-03
-2.5685889180061998e-03
-2.5617243215635827e-03
-2.5550427674545005e-03
-2.5485410236123231e-03
-2.5421745304158748e-03
-2.5357380575681226e-03
-2.5294231723737518e-03
-2.5232875536741564e-03
-2.5173001782279512e-03
-2.5114579875572646e-03
-2.5057933736828603e-03
-2.5002414995180847e-03
-2.4946539459586958e-03
-2.4891995054858130e-03
-2.4839252499746123e-03
-2.4788300255315643e-03
-2.4739129710974290e-03
-2.4691444299375677e-03
-2.4643539672601117e-03
-2.4596741966993550e-03
-2.4551781997686662e-03
-2.4508658838494845e-03
-2.4467039554252478e-03
-2.4427219617790576e-03
-2.4388683927149394e-03
-2.4350165694760647e-03
-2.4313572479622743e-03
0.0000000000000000e+00
4.7646619722454669e-01
3.6295486983223779e-01
7.2925299968229737e+01
];
