%Vec Object:sol 1 MPI processes
%  type: mpi
sol = [
0.0000000000000000e+00
-3.5081203903882573e-03
-3.4846809617171178e-03
-3.4615458412091673e-03
-3.4386290256674273e-03
-3.4167397358899885e-03
-3.3948755287409624e-03
-3.3740481339183275e-03
-3.3536225237941653e-03
-3.3337114899198838e-03
-3.3141269723333958e-03
-3.2945283821782978e-03
-3.2757566863283599e-03
-3.2574236847337009e-03
-3.2394214461647962e-03
-3.2221229117268186e-03
-3.2046737393157708e-03
-3.1875607922787464e-03
-3.1709806165592901e-03
-3.1545266444144762e-03
-3.1386658412317792e-03
-3.1231171650438262e-03
-3.1077779044030506e-03
-3.0925611023737087e-03
-3.0775169538423499e-03
-3.0628562356126419e-03
-3.0486624342664550e-03
-3.0345411698956375e-03
-3.0208526336494585e-03
-3.0072343145149906e-03
-2.9935922571010377e-03
-2.9803631846058777e-03
-2.9674328258991493e-03
-2.9546561777457152e-03
-2.9422513327288539e-03
-2.9300163193059208e-03
-2.9176253096091765e-03
-2.9055803129401521e-03
-2.8937651802890527e-03
-2.8821218654851849e-03
-2.8707945120431499e-03
-2.8596864869593992e-03
-2.8484718780852503e-03
-2.8374349657106228e-03
-2.8266284818054726e-03
-2.8159552205136110e-03
-2.8055578314420452e-03
-2.7954042516172848e-03
-2.7852879271518883e-03
-2.7751346533815007e-03
-2.7652331439209240e-03
-2.7554367321302440e-03
-2.7458656482812829e-03
-2.7365306263883427e-03
-2.7273423851859411e-03
-2.7181046649471683e-03
-2.7089756278431726e-03
-2.7000455423538149e-03
-2.6912279232844233e-03
-2.6826274902698741e-03
-2.6742367699841385e-03
-2.6659332036737919e-03
-2.6575237927524828e-03
-2.6493207642935132e-03
-2.6413083767953941e-03
-2.6334020859942312e-03
-2.6256938972257717e-03
-2.6181784772839468e-03
-2.6106331539358604e-03
-2.6031083586667246e-03
-2.5957755854851385e-03
-2.5886306033151606e-03
-2.5816245199461294e-03
-2.5747689870590255e-03
-2.5680659847580455e-03
-2.5612901971068911e-03
-2.5546544428969890e-03
-2.5481735611402809e-03
-2.5418743128176186e-03
-2.5357542239209537e-03
-2.5297820921961942e-03
-2.5237847659933138e-03
-2.5178666135547453e-03
-2.5121288342088784e-03
-2.5065615674075173e-03
-2.5011269742911107e-03
-2.4958724407578956e-03
-2.4907523000778950e-03
-2.4855960465525804e-03
-2.4805922382925192e-03
-2.4757541495796314e-03
-2.4710999219906588e-03
-2.4666293373121250e-03
-2.4623423254223273e-03
-2.4580169306829026e-03
-2.4538123430240450e-03
-2.4497987779881492e-03
-2.4459768621509057e-03
-2.4423473509928378e-03
0.0000000000000000e+00
4.7856266151014554e-01
3.6295486983223779e-01
7.2925299968229737e+01
];
