%Vec Object:sol 1 MPI processes
%  type: mpi
sol = [
0.0000000000000000e+00
-3.6549676292012219e-04
-3.6293048433499461e-04
-3.6040414630738118e-04
-3.5794878749263878e-04
-3.5560343690510998e-04
-3.5326264666511660e-04
-3.5103257005770225e-04
-3.4879188795041821e-04
-3.4660476161302344e-04
-3.4451060217371087e-04
-3.4241860103760856e-04
-3.4041482424476514e-04
-3.3845633741617042e-04
-3.3648244538007709e-04
-3.3458495499797672e-04
-3.3270505922545839e-04
-3.3088425547704125e-04
-3.2912035570568070e-04
-3.2736612947098428e-04
-3.2563010588307811e-04
-3.2392892862296668e-04
-3.2225913471745489e-04
-3.2064554319790142e-04
-3.1905082937955004e-04
-3.1749202080174818e-04
-3.1594175440708165e-04
-3.1440088103092356e-04
-3.1290699762877945e-04
-3.1145327587295138e-04
-3.1001224714504729e-04
-3.0861088563162410e-04
-3.0720236891645041e-04
-3.0581141462544776e-04
-3.0446074001926608e-04
-3.0313742722704447e-04
-3.0183296546713303e-04
-3.0056270485375022e-04
-2.9927889265935062e-04
-2.9801426508747469e-04
-2.9678381055007878e-04
-2.9557740233957831e-04
-2.9438815909624998e-04
-2.9322997992271003e-04
-2.9205876695078840e-04
-2.9090230964482579e-04
-2.8977562504621247e-04
-2.8867533304912458e-04
-2.8758611149417727e-04
-2.8652446143217304e-04
-2.8545575518973008e-04
-2.8439657314488921e-04
-2.8336171173518038e-04
-2.8235224700992031e-04
-2.8135885127876021e-04
-2.8038354950950256e-04
-2.7940292489476672e-04
-2.7843916686844854e-04
-2.7748780331528201e-04
-2.7655970070123782e-04
-2.7565405500462034e-04
-2.7476214356228544e-04
-2.7386314055501864e-04
-2.7297945385220551e-04
-2.7211614840622463e-04
-2.7126441702953261e-04
-2.7043379576738253e-04
-2.6962370670410575e-04
-2.6880809922741447e-04
-2.6799882699960500e-04
-2.6720994590318507e-04
-2.6644099508120304e-04
-2.6568687945959912e-04
-2.6494879213366957e-04
-2.6421117154382329e-04
-2.6348299568146978e-04
-2.6276969658440728e-04
-2.6207279758870506e-04
-2.6139505682481020e-04
-2.6073619900874326e-04
-2.6007637929198479e-04
-2.5942118308303844e-04
-2.5878512980072625e-04
-2.5816801286420501e-04
-2.5756879365783467e-04
-2.5698353554167455e-04
-2.5640217822604956e-04
-2.5582832248917007e-04
-2.5527352553699406e-04
-2.5473467047705631e-04
-2.5421311860363406e-04
-2.5371073325979217e-04
-2.5321338368079532e-04
-2.5272401326184964e-04
-2.5225067098017814e-04
-2.5179641091490604e-04
-2.5136197653285878e-04
-2.5094741769828124e-04
-2.5053869119638791e-04
0.0000000000000000e+00
4.9064650943182792e-01
3.6295485309822773e-01
7.2925365311217348e+01
];
