%Vec Object:sol 1 MPI processes
%  type: mpi
sol = [
0.0000000000000000e+00
-3.7594437241642914e-03
-3.7327211735205478e-03
-3.7060137103147525e-03
-3.6800616811437691e-03
-3.6552678290539134e-03
-3.6305397868725124e-03
-3.6069761575645530e-03
-3.5835331519641599e-03
-3.5604527545462163e-03
-3.5383497535803549e-03
-3.5162844209746975e-03
-3.4951461529269040e-03
-3.4745120958953215e-03
-3.4537225628790791e-03
-3.4337302767595661e-03
-3.4139325312210760e-03
-3.3947575424961795e-03
-3.3761819624846291e-03
-3.3575899699878546e-03
-3.3393334198601921e-03
-3.3214470599921839e-03
-3.3038948276860069e-03
-3.2869323634959202e-03
-3.2701741165849481e-03
-3.2535341285753268e-03
-3.2372622720738807e-03
-3.2210957857913168e-03
-3.2054220908954312e-03
-3.1901703543817726e-03
-3.1750571404365294e-03
-3.1599834926247317e-03
-3.1452306306403504e-03
-3.1306655863565951e-03
-3.1165221418492060e-03
-3.1026669065746704e-03
-3.0889247053582768e-03
-3.0752407253474522e-03
-3.0618226453928629e-03
-3.0486075060262318e-03
-3.0357493700334339e-03
-3.0231437407538518e-03
-3.0105424949030675e-03
-2.9980613829283373e-03
-2.9858428868289504e-03
-2.9737822672388651e-03
-2.9620318899595908e-03
-2.9505567577472100e-03
-2.9389480363844634e-03
-2.9275172509606495e-03
-2.9163686465189229e-03
-2.9053447689215950e-03
-2.8945738743859249e-03
-2.8840669309926834e-03
-2.8734150594424395e-03
-2.8629247498976420e-03
-2.8526897260608319e-03
-2.8426771212350138e-03
-2.8327941759329883e-03
-2.8231146168056203e-03
-2.8133789777461228e-03
-2.8037930937810686e-03
-2.7944026663370898e-03
-2.7852401941783540e-03
-2.7762885153172069e-03
-2.7673557634140893e-03
-2.7584332840509505e-03
-2.7497290154271238e-03
-2.7411995020060740e-03
-2.7328243638308162e-03
-2.7246594371082397e-03
-2.7165407977556540e-03
-2.7084405865182822e-03
-2.7005112161128638e-03
-2.6927868433611864e-03
-2.6852635892639851e-03
-2.6778933574105241e-03
-2.6704784475828263e-03
-2.6631937263298607e-03
-2.6561081048678452e-03
-2.6491880649922249e-03
-2.6424300641103215e-03
-2.6358684602883933e-03
-2.6292352322772111e-03
-2.6227834924469101e-03
-2.6164795175637173e-03
-2.6103732293284716e-03
-2.6044630199893713e-03
-2.5986910495938570e-03
-2.5928784725435402e-03
-2.5872470060781467e-03
-2.5818155475117303e-03
-2.5765835228796974e-03
-2.5715505226302782e-03
-2.5665601823407023e-03
-2.5616347030614972e-03
-2.5569152456015464e-03
-2.5524021511335294e-03
-2.5480959022958576e-03
0.0000000000000000e+00
4.9901726785243761e-01
3.6295486983223779e-01
7.2925299968229737e+01
];
