%Vec Object:sol 1 MPI processes
%  type: mpi
sol = [
0.0000000000000000e+00
-5.4473329757335278e-09
-6.0469016356021799e-09
-6.2000800968534281e-09
-6.3080715886817106e-09
-6.3785406782960699e-09
-6.4052258948217263e-09
-6.4311159089840462e-09
-6.4420291043684567e-09
-1.4525864221814153e-06
-1.5281150901448626e-02
-1.3615303030820949e-02
-1.1882081322489644e-02
-1.0079573872735996e-02
-8.3606778722539743e-03
-6.6398864605589809e-03
-5.1992506886633545e-03
-3.9363368746692185e-03
-3.0540574703558487e-03
-2.4244098351809741e-03
-2.0825364200848188e-03
-1.9163884464509491e-03
-1.8841199734748685e-03
-1.9220732919980527e-03
-1.9925913535547017e-03
-2.0722220868438835e-03
-2.1455895704434172e-03
-2.2055247783660131e-03
-2.2523860252933064e-03
-2.2827401210830374e-03
-2.3022117146640837e-03
-2.3096349611258418e-03
-2.3089797472292777e-03
-2.3015420403979018e-03
-2.2885954031463579e-03
-2.2719424843292996e-03
-2.2521523408569866e-03
-2.2303047888854333e-03
-2.2068115257857547e-03
-2.1821644027282612e-03
-2.1569512457023710e-03
-2.1311809720522849e-03
-2.1047038664353279e-03
-2.0785454314153581e-03
-2.0525066029768425e-03
-2.0255435206497688e-03
-1.9992768872480696e-03
-1.9733016821056335e-03
-1.9474057114236771e-03
-1.9208830839771418e-03
-1.8952499835621168e-03
-1.8697870423453099e-03
-1.8446046723603596e-03
-1.8192688685244010e-03
-1.7938799075197778e-03
-1.7692905531895050e-03
-1.7447961145621320e-03
-1.7203119056492047e-03
-1.6961992742589337e-03
-1.6720661936677243e-03
-1.6478791081572998e-03
-1.6242941248799652e-03
-1.6009479214541119e-03
-1.5776401448985341e-03
-1.5543722480118875e-03
-1.5314771927263816e-03
-1.5087465852532697e-03
-1.4859637271428892e-03
-1.4633922069574744e-03
-1.4410962391709266e-03
-1.4187624379169122e-03
-1.3964858689386875e-03
-1.3745174431389581e-03
-1.3527725796192431e-03
-1.3310046614246104e-03
-1.3092607299540380e-03
-1.2877297131768928e-03
-1.2663467752637480e-03
-1.2449579962094883e-03
-1.2234745552928013e-03
-1.2022121461760930e-03
-1.1811019563771085e-03
-1.1600121117204868e-03
-1.1388755309571070e-03
-1.1178263175254100e-03
-1.0968777262936543e-03
-1.0759491865932889e-03
-1.0550142105404320e-03
-1.0340017043650228e-03
-1.0129793862093319e-03
-9.9182659817903009e-04
-9.7085864604368037e-04
-9.4986001981160067e-04
-9.2886213200339316e-04
-9.0776965157111542e-04
-8.8632241552506731e-04
-8.6494047346620886e-04
-8.4360798869466554e-04
-8.2222506845589308e-04
0.0000000000000000e+00
7.8050835908136318e-01
2.8667615465592450e-01
6.5968861392740514e+00
];
