%Vec Object:sol 1 MPI processes
%  type: mpi
sol = [
0.0000000000000000e+00
-3.8684902879803961e-03
-3.8402793449252431e-03
-3.8121628932171153e-03
-3.7847063770054508e-03
-3.7584698674653890e-03
-3.7323208957045074e-03
-3.7073964682440464e-03
-3.6826620124204863e-03
-3.6582811619526681e-03
-3.6349281563658070e-03
-3.6116298373648765e-03
-3.5893057064632621e-03
-3.5673997604457508e-03
-3.5454701271362007e-03
-3.5243837326986772e-03
-3.5035112119488477e-03
-3.4832947899223862e-03
-3.4637096202662122e-03
-3.4438568869982525e-03
-3.4246350128586895e-03
-3.4058060744492132e-03
-3.3873324967099239e-03
-3.3694776814399479e-03
-3.3516201059496042e-03
-3.3339614221426549e-03
-3.3168600931702632e-03
-3.2998759536212925e-03
-3.2834083509332818e-03
-3.2673681111904025e-03
-3.2510422911110610e-03
-3.2352069984019310e-03
-3.2197338949374243e-03
-3.2044611545679908e-03
-3.1896294304078767e-03
-3.1748516277357421e-03
-3.1601166852029904e-03
-3.1457908543333431e-03
-3.1317444661994927e-03
-3.1179125300692914e-03
-3.1044078577058213e-03
-3.0908157147845079e-03
-3.0774245173438787e-03
-3.0643840733881379e-03
-3.0516183621143366e-03
-3.0390194848235585e-03
-3.0265077101244795e-03
-3.0141476256098400e-03
-3.0019206415819156e-03
-2.9900015803162759e-03
-2.9783762345990412e-03
-2.9668389891293525e-03
-2.9552538183850244e-03
-2.9439509483308204e-03
-2.9328314362236352e-03
-2.9219161625749254e-03
-2.9112660277085143e-03
-2.9006410275848999e-03
-2.8900244157697022e-03
-2.8796651741944206e-03
-2.8695543567518059e-03
-2.8595996303921391e-03
-2.8498199968828033e-03
-2.8399845201762496e-03
-2.8303741530050961e-03
-2.8208958077850332e-03
-2.8116496295631662e-03
-2.8026291706603991e-03
-2.7936177671016179e-03
-2.7846359922205125e-03
-2.7758775561636528e-03
-2.7673372823238730e-03
-2.7589612732988756e-03
-2.7507520558134324e-03
-2.7424727533841178e-03
-2.7344065650815627e-03
-2.7265039775730294e-03
-2.7187807739304771e-03
-2.7112656728347268e-03
-2.7038125970250257e-03
-2.6963958255523382e-03
-2.6891510153810214e-03
-2.6821131342349069e-03
-2.6752798172006717e-03
-2.6686400185921967e-03
-2.6618854156753948e-03
-2.6553364771500555e-03
-2.6489936079046972e-03
-2.6428553033284309e-03
-2.6368886472067465e-03
-2.6309814577680233e-03
-2.6251487877880734e-03
-2.6195248788038802e-03
-2.6141091516038929e-03
-2.6088648387569534e-03
-2.6038237511326022e-03
-2.5987442022802304e-03
-2.5938791597551326e-03
-2.5892296210292330e-03
0.0000000000000000e+00
5.0757095762731874e-01
3.6295486983223779e-01
7.2925299968229737e+01
];
