%Vec Object:sol 1 MPI processes
%  type: mpi
sol = [
0.0000000000000000e+00
-1.6447655837223921e-02
-1.4834113765081558e-02
-1.3094709700894941e-02
-1.1540111488757426e-02
-9.2253924697241751e-03
-3.9158272728210073e-03
-3.8856021879007593e-03
-3.8437003267340914e-03
-3.8023199432760937e-03
-3.7623106787374565e-03
-3.7225570285091100e-03
-3.6840554968058212e-03
-3.6458868231801921e-03
-3.6082780189022894e-03
-3.5716924065101927e-03
-3.5354201998112830e-03
-3.4996535052349621e-03
-3.4644875943273291e-03
-3.4295507809552934e-03
-3.3953808984020402e-03
-3.3615147369316909e-03
-3.3277515204139852e-03
-3.2946186541362105e-03
-3.2616829946901108e-03
-3.2291752031116459e-03
-3.1969088889535285e-03
-3.1646254311606136e-03
-3.1327942967530058e-03
-3.1013277121072452e-03
-3.0698701184073054e-03
-3.0385402097874519e-03
-3.0074621760312241e-03
-2.9764661654699291e-03
-2.9457823889216706e-03
-2.9151643877823302e-03
-2.8844500129748670e-03
-2.8539920032622144e-03
-2.8236572532684030e-03
-2.7933769379768561e-03
-2.7631954902389800e-03
-2.7329599812273182e-03
-2.7027451326670036e-03
-2.6726806068372577e-03
-2.6426821324824893e-03
-2.6125833636192531e-03
-2.5823892847571970e-03
-2.5522101406483845e-03
-2.5218596665058514e-03
-2.4914424310131114e-03
-2.4608815887138475e-03
-2.4298063146719223e-03
-2.3983736498241212e-03
-2.3665490677666967e-03
-2.3341781466094326e-03
-2.3012331773034039e-03
-2.2677532334353595e-03
-2.2336249611795969e-03
-2.1990292915019323e-03
-2.1642073064443677e-03
-2.1293059647859163e-03
-2.0944399535175236e-03
-2.0597999723784865e-03
-2.0254628860926936e-03
-1.9916964383102412e-03
-1.9586764291990972e-03
-1.9266869341023720e-03
-1.8959250978057614e-03
-1.8665907633493657e-03
-1.8388346299693192e-03
-1.8127062902480772e-03
-1.7882381656333822e-03
-1.7654996666535392e-03
-1.7443954103149035e-03
-1.7247367886862937e-03
-1.7064467181380728e-03
-1.6894028408123178e-03
-1.6731284820118858e-03
-1.6577962297317638e-03
-1.6433088190137759e-03
-1.6295987569516128e-03
-1.6165055519960744e-03
-1.6039217565469214e-03
-1.5917338782474460e-03
-1.5799091197672478e-03
-1.5683497383797750e-03
-1.5569619212171606e-03
-1.5456772416536950e-03
-1.5344158219047167e-03
-1.5232115765043039e-03
-1.5119454944061193e-03
-1.5004972288748110e-03
-1.4888342733932623e-03
-1.4769058002342657e-03
-1.4645813631094587e-03
-1.4518207308856443e-03
-1.4385015846314101e-03
-1.4244668766944136e-03
-1.4096613628996227e-03
0.0000000000000000e+00
5.6508938972462108e-01
3.6129804147705474e-01
6.4393353399931470e+01
];
