%Vec Object:sol 1 MPI processes
%  type: mpi
sol = [
0.0000000000000000e+00
-3.6147076772428401e-04
-3.5898543816351608e-04
-3.5655169917449904e-04
-3.5413947653535426e-04
-3.5182102799040236e-04
-3.4950695619853563e-04
-3.4730208667964107e-04
-3.4514048386108246e-04
-3.4303378956952800e-04
-3.4097354006147037e-04
-3.3890281576987112e-04
-3.3691914585337157e-04
-3.3498224166006945e-04
-3.3308088722812140e-04
-3.3125362173527367e-04
-3.2940408790425255e-04
-3.2759921477084302e-04
-3.2585057432505472e-04
-3.2411606980362121e-04
-3.2244395621879095e-04
-3.2080511417926041e-04
-3.1916467251581629e-04
-3.1756299578352597e-04
-3.1598005495483874e-04
-3.1443760456787762e-04
-3.1294422458153859e-04
-3.1145913650005040e-04
-3.0999553925380001e-04
-3.0855068413299097e-04
-3.0711849490706460e-04
-3.0572963126698262e-04
-3.0437226002163933e-04
-3.0303139043216668e-04
-3.0171317415497956e-04
-3.0039632932270190e-04
-2.9909826859851856e-04
-2.9783644130036268e-04
-2.9659883975930985e-04
-2.9537945942161562e-04
-2.9418429858151765e-04
-2.9298234993335059e-04
-2.9179753948712625e-04
-2.9064391470304756e-04
-2.8951444097975303e-04
-2.8839908551753316e-04
-2.8731080272299364e-04
-2.8621326006576743e-04
-2.8512683211777369e-04
-2.8406791564631207e-04
-2.8303523630074400e-04
-2.8201367562284138e-04
-2.8101559961891368e-04
-2.8001239782589088e-04
-2.7902037657589107e-04
-2.7804643079559332e-04
-2.7709630821834782e-04
-2.7616687429451661e-04
-2.7524921849252792e-04
-2.7433225176634433e-04
-2.7342675690402606e-04
-2.7253504549783582e-04
-2.7166154359774367e-04
-2.7080940859327987e-04
-2.6997701105051800e-04
-2.6914080317962618e-04
-2.6830935420128885e-04
-2.6749842158137411e-04
-2.6670383558174401e-04
-2.6592364789868175e-04
-2.6516326543619945e-04
-2.6441353344231426e-04
-2.6365768513184632e-04
-2.6291790021141511e-04
-2.6219749453202957e-04
-2.6149611269611216e-04
-2.6080912832974085e-04
-2.6013459824314586e-04
-2.5945430801039963e-04
-2.5879291710931686e-04
-2.5814720216115605e-04
-2.5751683235542287e-04
-2.5690513951274080e-04
-2.5631192014819083e-04
-2.5571024418198488e-04
-2.5512172051280239e-04
-2.5455208187901920e-04
-2.5400119078913770e-04
-2.5346894062118670e-04
-2.5295225152331452e-04
-2.5243087365241527e-04
-2.5192442373424040e-04
-2.5143712942477377e-04
-2.5096896491512920e-04
-2.5051647925285262e-04
-2.5008270400435963e-04
-2.4965005550545133e-04
-2.4923066743826950e-04
-2.4883124072577550e-04
0.0000000000000000e+00
4.8737710733364731e-01
3.6295485309822773e-01
7.2925365311217348e+01
];
