%Vec Object:sol 1 MPI processes
%  type: mpi
sol = [
0.0000000000000000e+00
-3.8188990966939450e-04
-3.7911397945242345e-04
-3.7639750878915745e-04
-3.7375814961783957e-04
-3.7120465997840741e-04
-3.6862868427651053e-04
-3.6617310904804161e-04
-3.6376722436944748e-04
-3.6142336117742991e-04
-3.5917308830312692e-04
-3.5687510006358018e-04
-3.5467300728328954e-04
-3.5252364151996897e-04
-3.5041495058583488e-04
-3.4838787308827493e-04
-3.4634605313357196e-04
-3.4434933170988214e-04
-3.4241484113576220e-04
-3.4049768069487242e-04
-3.3864911421654974e-04
-3.3683106190496244e-04
-3.3500429516188313e-04
-3.3323860304202872e-04
-3.3149470638395290e-04
-3.2979566228112016e-04
-3.2815048764176457e-04
-3.2648765271821924e-04
-3.2485713067819912e-04
-3.2327041770642908e-04
-3.2169865636015154e-04
-3.2017431301335628e-04
-3.1868297254268965e-04
-3.1716891949779339e-04
-3.1569852281934657e-04
-3.1425818965835330e-04
-3.1283896560987544e-04
-3.1145928065620215e-04
-3.1008769299134748e-04
-3.0871477931056668e-04
-3.0737883208968234e-04
-3.0606920670679037e-04
-3.0477866867532986e-04
-3.0352203156374394e-04
-3.0225901527236490e-04
-3.0100684512334374e-04
-2.9978678386798703e-04
-2.9859525499411255e-04
-2.9741621646276438e-04
-2.9625844874413043e-04
-2.9510152252570611e-04
-2.9395779003607342e-04
-2.9284026062471771e-04
-2.9175003005199780e-04
-2.9067734081626853e-04
-2.8960346340713437e-04
-2.8854214270753224e-04
-2.8750386148061020e-04
-2.8647919354443722e-04
-2.8547944605149088e-04
-2.8450375682930975e-04
-2.8351145954172760e-04
-2.8253833186910190e-04
-2.8158874594749365e-04
-2.8066094506292425e-04
-2.7974573710906256e-04
-2.7884287329396943e-04
-2.7794128645656770e-04
-2.7705778864890095e-04
-2.7619030254304416e-04
-2.7534448068463181e-04
-2.7451982382698876e-04
-2.7369069124640635e-04
-2.7286975957159683e-04
-2.7206992913155576e-04
-2.7129079588958567e-04
-2.7052747313871528e-04
-2.6978018508650863e-04
-2.6902628265911346e-04
-2.6829283678162679e-04
-2.6757643714438574e-04
-2.6687671183515477e-04
-2.6619712853516220e-04
-2.6552609176491737e-04
-2.6485833186153958e-04
-2.6420577115390229e-04
-2.6357346635051161e-04
-2.6296124949997020e-04
-2.6236898431303366e-04
-2.6177247814726697e-04
-2.6118924530821460e-04
-2.6062647618018786e-04
-2.6008410550967429e-04
-2.5956208440601052e-04
-2.5905168737201152e-04
-2.5854117173815017e-04
-2.5805169439125248e-04
-2.5758328197957026e-04
-2.5713597560846925e-04
0.0000000000000000e+00
5.0373781040333043e-01
3.6295485309822773e-01
7.2925365311217348e+01
];
