%Vec Object:sol 1 MPI processes
%  type: mpi
sol = [
0.0000000000000000e+00
-3.4163725562322842e-03
-3.3937641507452189e-03
-3.3714509596952124e-03
-3.3497540081240903e-03
-3.3290353564179782e-03
-3.3083248137889833e-03
-3.2886029866578651e-03
-3.2692015175190057e-03
-3.2497938774113757e-03
-3.2312160044257899e-03
-3.2126303998885118e-03
-3.1948332838434238e-03
-3.1774490063545663e-03
-3.1603732790872001e-03
-3.1437666154191324e-03
-3.1269935473967276e-03
-3.1107457912322688e-03
-3.0950044384097440e-03
-3.0793752618413456e-03
-3.0643119300047539e-03
-3.0495420976845008e-03
-3.0347316593596781e-03
-3.0202622412626857e-03
-3.0059517977564522e-03
-2.9920053273249296e-03
-2.9785043546797295e-03
-2.9650659827189559e-03
-2.9520404696678662e-03
-2.9389927103628658e-03
-2.9259928426595247e-03
-2.9133874747501575e-03
-2.9010658326814767e-03
-2.8888871283354765e-03
-2.8770636886546672e-03
-2.8654527132560268e-03
-2.8536247028704167e-03
-2.8421275650001043e-03
-2.8308485396441696e-03
-2.8197313133756135e-03
-2.8089163619736237e-03
-2.7983098577758331e-03
-2.7877612336066251e-03
-2.7772075703081391e-03
-2.7668737143792185e-03
-2.7566651654894196e-03
-2.7467209929153496e-03
-2.7370101619308071e-03
-2.7273898018385792e-03
-2.7178762360770886e-03
-2.7083908417982515e-03
-2.6990043014147617e-03
-2.6898338890741181e-03
-2.6808902222946475e-03
-2.6720864318781966e-03
-2.6634417443324393e-03
-2.6548262672500015e-03
-2.6462563092482807e-03
-2.6377933360008823e-03
-2.6295395682489650e-03
-2.6214878526675859e-03
-2.6135567385604944e-03
-2.6057885334026753e-03
-2.5979866677546767e-03
-2.5902849388727330e-03
-2.5826848462175110e-03
-2.5752762524332271e-03
-2.5680540638949546e-03
-2.5609790503067437e-03
-2.5540330014244806e-03
-2.5469992966359015e-03
-2.5401223819025427e-03
-2.5333798575375242e-03
-2.5267831650540866e-03
-2.5203641038113261e-03
-2.5141195939435445e-03
-2.5079732193290980e-03
-2.5017280201203654e-03
-2.4956594863293235e-03
-2.4897652702587278e-03
-2.4840149600751657e-03
-2.4784056255407372e-03
-2.4729691933823173e-03
-2.4676116943759246e-03
-2.4622447245773397e-03
-2.4570071732577165e-03
-2.4519454100511797e-03
-2.4470583911795993e-03
-2.4423453616331525e-03
-2.4377772430722189e-03
-2.4332107626069003e-03
-2.4287244886445755e-03
-2.4244180811710718e-03
-2.4202915452660374e-03
-2.4163122179813239e-03
-2.4125092528273621e-03
-2.4088900067685561e-03
-2.4052277386507667e-03
-2.4017359597834410e-03
0.0000000000000000e+00
4.7081465723830079e-01
3.6295486983223779e-01
7.2925299968229737e+01
];
