%Vec Object:sol 1 MPI processes
%  type: mpi
sol = [
0.0000000000000000e+00
-3.4780001555371250e-04
-3.4547926000898661e-04
-3.4320568060767224e-04
-3.4099517643908890e-04
-3.3884654186100411e-04
-3.3667978229060506e-04
-3.3461555328417934e-04
-3.3259101415319991e-04
-3.3061733423934167e-04
-3.2872836844078274e-04
-3.2682727831577003e-04
-3.2496496929598328e-04
-3.2314606570432481e-04
-3.2135988351629253e-04
-3.1964335931984297e-04
-3.1794104849281493e-04
-3.1629224289377364e-04
-3.1466003135296203e-04
-3.1302580702556918e-04
-3.1145035228845991e-04
-3.0990583534129247e-04
-3.0838904322004918e-04
-3.0692356020513669e-04
-3.0546654201677440e-04
-3.0400883129859992e-04
-3.0259743183189055e-04
-3.0119327017631172e-04
-2.9983203389904632e-04
-2.9850733139474183e-04
-2.9719316872710424e-04
-2.9589401226233383e-04
-2.9460692383778404e-04
-2.9333514405927176e-04
-2.9210028769483882e-04
-2.9089015258183413e-04
-2.8969669974620633e-04
-2.8853657671599288e-04
-2.8735976874004818e-04
-2.8619960447864195e-04
-2.8507085781891411e-04
-2.8396394830049995e-04
-2.8287236515777699e-04
-2.8180965724602914e-04
-2.8075505854829001e-04
-2.7969052001226136e-04
-2.7865344196506921e-04
-2.7764064416711744e-04
-2.7663756714674156e-04
-2.7566002600204839e-04
-2.7470684086533189e-04
-2.7373714499668607e-04
-2.7278147236386112e-04
-2.7184933088198187e-04
-2.7093186345488509e-04
-2.7003101293262752e-04
-2.6915234759243936e-04
-2.6828838540639006e-04
-2.6740713205731186e-04
-2.6654755113001506e-04
-2.6570889986562789e-04
-2.6488288033507467e-04
-2.6407378399034728e-04
-2.6328468288177345e-04
-2.6249797680890941e-04
-2.6170693801313554e-04
-2.6093569393200806e-04
-2.6018371533483557e-04
-2.5944700401369459e-04
-2.5872370189740422e-04
-2.5801909954480904e-04
-2.5730587659954251e-04
-2.5660408328874852e-04
-2.5591738239167180e-04
-2.5524899311854375e-04
-2.5459859012589881e-04
-2.5396172103188695e-04
-2.5333082112395807e-04
-2.5269905198781412e-04
-2.5208521086174813e-04
-2.5148619776800806e-04
-2.5090170575365890e-04
-2.5033496860956908e-04
-2.4978581677662461e-04
-2.4923307711090172e-04
-2.4868719198093493e-04
-2.4815932518307732e-04
-2.4764936244235755e-04
-2.4715721868982994e-04
-2.4667993262901755e-04
-2.4621300949144816e-04
-2.4574455281124892e-04
-2.4529447856731003e-04
-2.4486277685807260e-04
-2.4444612151090610e-04
-2.4404746306052084e-04
-2.4366754131539947e-04
-2.4328826068059257e-04
-2.4292171532199137e-04
0.0000000000000000e+00
4.7605225024576936e-01
3.6295485309822773e-01
7.2925365311217348e+01
];
