%Vec Object:sol 1 MPI processes
%  type: mpi
sol = [
0.0000000000000000e+00
-3.6433360282657756e-03
-3.6181276547589234e-03
-3.5929482674020856e-03
-3.5684754375925579e-03
-3.5450980357637080e-03
-3.5217656891138051e-03
-3.4995365631890481e-03
-3.4775580430453667e-03
-3.4557511038251624e-03
-3.4348702000362719e-03
-3.4140106450534593e-03
-3.3940299188327133e-03
-3.3745213135675180e-03
-3.3551673901646263e-03
-3.3362399002281871e-03
-3.3174877916856212e-03
-3.2993245585421311e-03
-3.2817284382233346e-03
-3.2642746893761869e-03
-3.2472543637786207e-03
-3.2302783622741187e-03
-3.2136153630055353e-03
-3.1975127057424701e-03
-3.1815984651974985e-03
-3.1660920713941147e-03
-3.1509086707786961e-03
-3.1355267381556898e-03
-3.1206135130926850e-03
-3.1061009546338859e-03
-3.0917153133427793e-03
-3.0777657660343632e-03
-3.0639952437326247e-03
-3.0501049331573119e-03
-3.0366165854608753e-03
-3.0234014497694923e-03
-3.0103746931474645e-03
-2.9977122412394174e-03
-2.9851936103645798e-03
-2.9725605196547619e-03
-2.9602685885390984e-03
-2.9482168590529729e-03
-2.9363367124983003e-03
-2.9247697531072192e-03
-2.9133854611038340e-03
-2.9018290555938185e-03
-2.8905698863281749e-03
-2.8795742196939928e-03
-2.8686892666864787e-03
-2.8580802948751380e-03
-2.8477139471408458e-03
-2.8371271582987275e-03
-2.8267832772462605e-03
-2.8166930973795180e-03
-2.8067636862714861e-03
-2.7970151279924629e-03
-2.7875053534921418e-03
-2.7778850542578633e-03
-2.7683726316398540e-03
-2.7590927843865569e-03
-2.7500374639716904e-03
-2.7411197087427860e-03
-2.7323841281871207e-03
-2.7235954703810480e-03
-2.7149606563160464e-03
-2.7064418501325706e-03
-2.6981341257026285e-03
-2.6900317030057433e-03
-2.6820926053429763e-03
-2.6740748308373610e-03
-2.6661817165565976e-03
-2.6584879419436764e-03
-2.6509426873357355e-03
-2.6435578290583610e-03
-2.6363667842993219e-03
-2.6291816767406483e-03
-2.6220419715208580e-03
-2.6150664029684404e-03
-2.6082824585057039e-03
-2.6016873829541342e-03
-2.5952487255578725e-03
-2.5888097365501864e-03
-2.5824401725575100e-03
-2.5762600328817359e-03
-2.5702589465860385e-03
-2.5643976469463875e-03
-2.5587249422531193e-03
-2.5531090928432591e-03
-2.5475497950343496e-03
-2.5421500565666120e-03
-2.5369234405203528e-03
-2.5318885209849530e-03
-2.5270449095931426e-03
-2.5222763323245862e-03
-2.5175294170208889e-03
-2.5129733804735909e-03
-2.5086156275248785e-03
-2.5044566508941810e-03
-2.5004970793131524e-03
0.0000000000000000e+00
4.8970179520363405e-01
3.6295486983223779e-01
7.2925299968229737e+01
];
