%Vec Object:sol 1 MPI processes
%  type: mpi
sol = [
0.0000000000000000e+00
-3.8398974885144873e-04
-3.8119476390039472e-04
-3.7845974908089902e-04
-3.7577137660386225e-04
-3.7317042559469765e-04
-3.7057806070888848e-04
-3.6810696626719418e-04
-3.6568594701849409e-04
-3.6331919269536603e-04
-3.6100245026961383e-04
-3.5869109561355414e-04
-3.5647628251222156e-04
-3.5431455521847612e-04
-3.5219378268159526e-04
-3.5011470913329641e-04
-3.4804246754481142e-04
-3.4603529456203765e-04
-3.4409073398764320e-04
-3.4216360420386542e-04
-3.4029015735611976e-04
-3.3841952320536376e-04
-3.3658417717743723e-04
-3.3481024849664546e-04
-3.3305821927414350e-04
-3.3135128685234637e-04
-3.2965939259586608e-04
-3.2797081842030680e-04
-3.2633355757030378e-04
-3.2474031942097585e-04
-3.2316207829856625e-04
-3.2161716199110001e-04
-3.2007767308781172e-04
-3.1855815224623042e-04
-3.1708248012951481e-04
-3.1563698643207122e-04
-3.1421266745628904e-04
-3.1279498711791906e-04
-3.1139646043536071e-04
-3.1001931519436001e-04
-3.0867927386864002e-04
-3.0736563418609604e-04
-3.0606141281973629e-04
-3.0476210608118321e-04
-3.0349017843194642e-04
-3.0223491474823399e-04
-3.0101185932436818e-04
-2.9981741704832965e-04
-2.9861015714842084e-04
-2.9742172634135709e-04
-2.9626256696817764e-04
-2.9511659060200285e-04
-2.9399687632707724e-04
-2.9290072241747438e-04
-2.9179117794125305e-04
-2.9070202729727647e-04
-2.8963931632195155e-04
-2.8859967860143341e-04
-2.8757364145356654e-04
-2.8655516566119301e-04
-2.8554546449754091e-04
-2.8455138334367052e-04
-2.8357757693137033e-04
-2.8262735230556274e-04
-2.8169899567454112e-04
-2.8075366213330144e-04
-2.7982945776235677e-04
-2.7892779885938787e-04
-2.7804424366460940e-04
-2.7717670540185126e-04
-2.7632056342261595e-04
-2.7546614915720014e-04
-2.7462816766346993e-04
-2.7380783658336155e-04
-2.7300862731986634e-04
-2.7223013651929857e-04
-2.7144584983802497e-04
-2.7067226449351998e-04
-2.6991946547015350e-04
-2.6918713577508854e-04
-2.6847185147713213e-04
-2.6776865263969895e-04
-2.6706284528606108e-04
-2.6637746567665017e-04
-2.6571140305019995e-04
-2.6506052721184467e-04
-2.6442991977390423e-04
-2.6380374318122767e-04
-2.6318704391462585e-04
-2.6258750513065264e-04
-2.6200652291892242e-04
-2.6144601504609521e-04
-2.6090511318797161e-04
-2.6035995905141651e-04
-2.5983194208282877e-04
-2.5932422207398015e-04
-2.5883754944691385e-04
-2.5837195303424801e-04
-2.5791526917912306e-04
0.0000000000000000e+00
5.0536060096946267e-01
3.6295485309822773e-01
7.2925365311217348e+01
];
