%Vec Object:sol 1 MPI processes
%  type: mpi
sol = [
0.0000000000000000e+00
-3.5757049799479534e-04
-3.5511650103614892e-04
-3.5271322748079234e-04
-3.5037706982878584e-04
-3.4814614348986904e-04
-3.4587411833292828e-04
-3.4369439682181219e-04
-3.4155728467670515e-04
-3.3947427827388135e-04
-3.3748026863991703e-04
-3.3548681678855364e-04
-3.3354449457523831e-04
-3.3162717764282919e-04
-3.2974493251351799e-04
-3.2793582957496483e-04
-3.2614257793325190e-04
-3.2440569484948030e-04
-3.2270124491853603e-04
-3.2098209921860711e-04
-3.1932461221148486e-04
-3.1770002160227555e-04
-3.1610498334608408e-04
-3.1456377211496172e-04
-3.1302993064349314e-04
-3.1149915942697278e-04
-3.1001695030854646e-04
-3.0854300365065946e-04
-3.0711407029272768e-04
-3.0572352614156010e-04
-3.0434464005491869e-04
-3.0296595980785812e-04
-3.0161705665912017e-04
-3.0028457027989769e-04
-2.9899072800963799e-04
-2.9772293473109444e-04
-2.9647289252094928e-04
-2.9523004182858021e-04
-2.9399862150898969e-04
-2.9278534006414454e-04
-2.9160487713990514e-04
-2.9044735381253471e-04
-2.8930605702401027e-04
-2.8817979197591335e-04
-2.8705453487232668e-04
-2.8594337942723874e-04
-2.8486085135840696e-04
-2.8380366195647722e-04
-2.8275682952180026e-04
-2.8173311170245723e-04
-2.8070297869730042e-04
-2.7968399586489676e-04
-2.7868840157071231e-04
-2.7771727246839824e-04
-2.7676149670274159e-04
-2.7582305803139666e-04
-2.7488120303416602e-04
-2.7395290756034388e-04
-2.7303642719753396e-04
-2.7214241629160162e-04
-2.7127009993948464e-04
-2.7041094829877588e-04
-2.6955402234526580e-04
-2.6870187812656868e-04
-2.6786944610430021e-04
-2.6704810844912396e-04
-2.6624722195697846e-04
-2.6546623235896053e-04
-2.6469553985765854e-04
-2.6391439973888698e-04
-2.6315305639024444e-04
-2.6241106947547262e-04
-2.6168345467007993e-04
-2.6097139053857379e-04
-2.6027818635434782e-04
-2.5957797973486408e-04
-2.5888908686005105e-04
-2.5821615031516117e-04
-2.5756188215839148e-04
-2.5692602005299365e-04
-2.5630537988812478e-04
-2.5568281842933561e-04
-2.5506833522436059e-04
-2.5447234385557021e-04
-2.5389383222048484e-04
-2.5332894416560343e-04
-2.5278248994623306e-04
-2.5224481469201138e-04
-2.5170894687621525e-04
-2.5118867939258267e-04
-2.5068535435723366e-04
-2.5020080787510818e-04
-2.4973500968035180e-04
-2.4928435986423054e-04
-2.4882757517885324e-04
-2.4838952027911478e-04
-2.4797093190163005e-04
-2.4757186611018827e-04
-2.4719239219947377e-04
0.0000000000000000e+00
4.8421095050622642e-01
3.6295485309822773e-01
7.2925365311217348e+01
];
