%Vec Object:sol 1 MPI processes
%  type: mpi
sol = [
0.0000000000000000e+00
-3.5286180113544160e-03
-3.5047942394674614e-03
-3.4810783194733578e-03
-3.4580224900215275e-03
-3.4360020213503257e-03
-3.4140073808092536e-03
-3.3930572907654032e-03
-3.3724381981795628e-03
-3.3518539385629441e-03
-3.3321464400478144e-03
-3.3124452055962486e-03
-3.2935765847712396e-03
-3.2751496885566785e-03
-3.2570558544902646e-03
-3.2392440551902964e-03
-3.2214977872990101e-03
-3.2043079148756991e-03
-3.1876541448967641e-03
-3.1711272474197294e-03
-3.1551972136428194e-03
-3.1393556847934411e-03
-3.1235496046355797e-03
-3.1082754786893449e-03
-3.0931747214738578e-03
-3.0784594422855419e-03
-3.0642136331120525e-03
-3.0500048071855392e-03
-3.0358255810865394e-03
-3.0220265163278730e-03
-3.0083433676872575e-03
-2.9950751632403538e-03
-2.9821069188125768e-03
-2.9692927409120584e-03
-2.9565782998241638e-03
-2.9439810237197922e-03
-2.9315607144222932e-03
-2.9194877600897851e-03
-2.9076453164197471e-03
-2.8959749973041429e-03
-2.8845346639840047e-03
-2.8730184476208841e-03
-2.8616643500468763e-03
-2.8506096253269179e-03
-2.8397858368290692e-03
-2.8290952228672041e-03
-2.8186812777049540e-03
-2.8082309109916004e-03
-2.7978024794377593e-03
-2.7876386060803342e-03
-2.7777270269594995e-03
-2.7679202544561134e-03
-2.7583392199847546e-03
-2.7488856887746549e-03
-2.7393506721642494e-03
-2.7299889655631091e-03
-2.7208568567422837e-03
-2.7119238636579639e-03
-2.7031030352604132e-03
-2.6944996893572062e-03
-2.6858289566367797e-03
-2.6772457270926083e-03
-2.6688380338187045e-03
-2.6606368585895433e-03
-2.6526263907146225e-03
-2.6447216424497710e-03
-2.6368898586676174e-03
-2.6290750075008687e-03
-2.6214182161887283e-03
-2.6139005302218371e-03
-2.6065749571407689e-03
-2.5994373055056321e-03
-2.5924384995160655e-03
-2.5853095548508732e-03
-2.5783601671872901e-03
-2.5715958234902676e-03
-2.5649712821860207e-03
-2.5585014429739344e-03
-2.5522132000527580e-03
-2.5459536042752640e-03
-2.5397195588121517e-03
-2.5336349164911845e-03
-2.5277323360003517e-03
-2.5220099979406394e-03
-2.5164580085606128e-03
-2.5110002643578639e-03
-2.5054982031333926e-03
-2.5001793338593234e-03
-2.4950426889493783e-03
-2.4900581893728727e-03
-2.4852391926126088e-03
-2.4806039461145500e-03
-2.4759555868796128e-03
-2.4714368492011049e-03
-2.4670718383169926e-03
-2.4628903429418925e-03
-2.4588997379465121e-03
-2.4551006658664700e-03
-2.4513847698669254e-03
0.0000000000000000e+00
4.8027149010329123e-01
3.6295486983223779e-01
7.2925299968229737e+01
];
