%Vec Object:sol 1 MPI processes
%  type: mpi
sol = [
0.0000000000000000e+00
-3.4583333150332127e-03
-3.4352787661294554e-03
-3.4126918255834083e-03
-3.3907304173498346e-03
-3.3697618208905983e-03
-3.3484790329651524e-03
-3.3279596619856548e-03
-3.3078340418725154e-03
-3.2882131413318910e-03
-3.2694333384836157e-03
-3.2506449089690927e-03
-3.2326347221972892e-03
-3.2145415151953842e-03
-3.1967732411741761e-03
-3.1796969362052462e-03
-3.1627617615668478e-03
-3.1463581258742096e-03
-3.1304667983763457e-03
-3.1144642718639900e-03
-3.0987813585028915e-03
-3.0834060338394242e-03
-3.0683063721912507e-03
-3.0537167751907806e-03
-3.0392868566477657e-03
-3.0252244458750734e-03
-3.0112350270952580e-03
-2.9972467896802399e-03
-2.9836855582979207e-03
-2.9704878160517322e-03
-2.9573951894496936e-03
-2.9447007016285744e-03
-2.9322108512901228e-03
-2.9195331512956941e-03
-2.9072229977692272e-03
-2.8951590792457411e-03
-2.8832614607840119e-03
-2.8716972957039937e-03
-2.8603524029047508e-03
-2.8489656724719481e-03
-2.8377053117598903e-03
-2.8266626637542874e-03
-2.8157729910377712e-03
-2.8051710139283701e-03
-2.7947898942305197e-03
-2.7845339889878665e-03
-2.7742378849209015e-03
-2.7641266871217193e-03
-2.7541128579949025e-03
-2.7443536504407869e-03
-2.7348372413299443e-03
-2.7254191659790619e-03
-2.7161646076891109e-03
-2.7068530997362166e-03
-2.6976883117433010e-03
-2.6886895595648816e-03
-2.6799122148179581e-03
-2.6713265348329192e-03
-2.6628473420899496e-03
-2.6544270838020929e-03
-2.6460433606977037e-03
-2.6377860971396909e-03
-2.6296979647522480e-03
-2.6218095042695416e-03
-2.6141053321156885e-03
-2.6065021380773765e-03
-2.5988509343943351e-03
-2.5913277284544565e-03
-2.5839571687821896e-03
-2.5767207238956966e-03
-2.5696705183371393e-03
-2.5628025069466820e-03
-2.5560328640621857e-03
-2.5491582630840716e-03
-2.5424666489135741e-03
-2.5359547961476383e-03
-2.5295784133413709e-03
-2.5233522583457649e-03
-2.5173028693341055e-03
-2.5112968235512646e-03
-2.5052940687408450e-03
-2.4994367486920028e-03
-2.4937570422548425e-03
-2.4882532525089636e-03
-2.4829157447056461e-03
-2.4777072382383748e-03
-2.4724490521774388e-03
-2.4673326224257919e-03
-2.4623944756658402e-03
-2.4576051196470291e-03
-2.4529777539373122e-03
-2.4485303930411296e-03
-2.4441928696980072e-03
-2.4398549752457752e-03
-2.4356678004264754e-03
-2.4316606989662932e-03
-2.4278409936329599e-03
-2.4242093869447732e-03
-2.4207667076266604e-03
0.0000000000000000e+00
4.7441340411744015e-01
3.6295486983223779e-01
7.2925299968229737e+01
];
