%Vec Object:sol 1 MPI processes
%  type: mpi
sol = [
0.0000000000000000e+00
-3.5922683348205104e-04
-3.5675945110266754e-04
-3.5434315979762714e-04
-3.5199444276564577e-04
-3.4971511912844507e-04
-3.4741633028696154e-04
-3.4522586237000418e-04
-3.4307828133986099e-04
-3.4098514510302262e-04
-3.3898152926988397e-04
-3.3694856408987811e-04
-3.3497646278976431e-04
-3.3305076799898010e-04
-3.3116034558482421e-04
-3.2934346460752260e-04
-3.2754252599663574e-04
-3.2577670306851243e-04
-3.2403693644073657e-04
-3.2231121419056008e-04
-3.2064745884839002e-04
-3.1901675691631563e-04
-3.1741574677080121e-04
-3.1585648119930517e-04
-3.1428045373123304e-04
-3.1274467668565277e-04
-3.1125767513673217e-04
-3.0977894636998067e-04
-3.0834542334974655e-04
-3.0694751933698386e-04
-3.0552059644127494e-04
-3.0413677088224692e-04
-3.0278428797364033e-04
-3.0144825444633765e-04
-3.0015100733809733e-04
-2.9887988616825330e-04
-2.9759194012484298e-04
-2.9633373209121629e-04
-2.9509966634796628e-04
-2.9388377618920090e-04
-2.9270081153310267e-04
-2.9154084731355126e-04
-2.9037375453501121e-04
-2.8922258654588798e-04
-2.8809550110553037e-04
-2.8698252566719724e-04
-2.8589825307975819e-04
-2.8483937980353525e-04
-2.8377784603676921e-04
-2.8272040044095012e-04
-2.8168911951442348e-04
-2.8066897503449583e-04
-2.7967226161407422e-04
-2.7870006222085087e-04
-2.7773965620922817e-04
-2.7676647942685793e-04
-2.7581707992503320e-04
-2.7488834069860148e-04
-2.7397140269382059e-04
-2.7307696663623332e-04
-2.7220424566481316e-04
-2.7131752474171235e-04
-2.7044405034033265e-04
-2.6959192117117505e-04
-2.6875951693407089e-04
-2.6793818408253308e-04
-2.6713731990556517e-04
-2.6633831453052269e-04
-2.6554314474938785e-04
-2.6476239968750400e-04
-2.6400145385833826e-04
-2.6325986473501087e-04
-2.6253262668313616e-04
-2.6181085266905371e-04
-2.6108934052663130e-04
-2.6038685726489035e-04
-2.5969880030349556e-04
-2.5902667905554843e-04
-2.5837321992660357e-04
-2.5773495478116507e-04
-2.5708766138012252e-04
-2.5645574195220415e-04
-2.5584250781204344e-04
-2.5524776734524274e-04
-2.5467050938751245e-04
-2.5410690834122768e-04
-2.5353769119865617e-04
-2.5298473538895046e-04
-2.5245043725305233e-04
-2.5193173116551425e-04
-2.5142996387626776e-04
-2.5094697910669285e-04
-2.5046438108315905e-04
-2.4999375382083399e-04
-2.4953883447672464e-04
-2.4910264000664991e-04
-2.4868591099701985e-04
-2.4828870474943865e-04
-2.4789699262991831e-04
0.0000000000000000e+00
4.8555537134227378e-01
3.6295485309822773e-01
7.2925365311217348e+01
];
