%Vec Object:sol 1 MPI processes
%  type: mpi
sol = [
0.0000000000000000e+00
-3.4632197509189620e-03
-3.4401273425843362e-03
-3.4175035794827748e-03
-3.3955066525165451e-03
-3.3745044435374745e-03
-3.3530306259464859e-03
-3.3324806453353811e-03
-3.3123252115599636e-03
-3.2926754740597022e-03
-3.2738683504050592e-03
-3.2550526946174330e-03
-3.2368618640364138e-03
-3.2187445863504031e-03
-3.2009528236471001e-03
-3.1838541896420003e-03
-3.1668969494270719e-03
-3.1504721332659370e-03
-3.1345604660510816e-03
-3.1183856956014796e-03
-3.1026845250376350e-03
-3.0872913970665028e-03
-3.0721743338489350e-03
-3.0575680934892208e-03
-3.0431217412643296e-03
-3.0289649835050217e-03
-3.0148913677653382e-03
-3.0008900622511825e-03
-2.9873163264814021e-03
-2.9741065458666911e-03
-2.9610019600845752e-03
-2.9482960332191332e-03
-2.9356490832662232e-03
-2.9229613775176699e-03
-2.9106416513586309e-03
-2.8985684165325587e-03
-2.8866616235705030e-03
-2.8750886699295767e-03
-2.8637352074323262e-03
-2.8521968805220932e-03
-2.8409293285839238e-03
-2.8298796648265124e-03
-2.8189830605493999e-03
-2.8083744264190700e-03
-2.7979868286341315e-03
-2.7876412251058615e-03
-2.7772837758431703e-03
-2.7671686643926403e-03
-2.7571508907065262e-03
-2.7473879271430867e-03
-2.7378679372554466e-03
-2.7284462605062128e-03
-2.7190510055299798e-03
-2.7097370402081409e-03
-2.7005698207976272e-03
-2.6915686943711050e-03
-2.6827891114639853e-03
-2.6742012934152038e-03
-2.6657199515067818e-03
-2.6571630388065740e-03
-2.6487781962525334e-03
-2.6405198030448195e-03
-2.6324305878350205e-03
-2.6245411317688924e-03
-2.6168360311198628e-03
-2.6091640013281014e-03
-2.6014494338860309e-03
-2.5939273672969223e-03
-2.5865579377758051e-03
-2.5793225934450984e-03
-2.5722735300498212e-03
-2.5654067041105386e-03
-2.5585087831203916e-03
-2.5516360647365025e-03
-2.5449463819207595e-03
-2.5384365207992616e-03
-2.5320621471825976e-03
-2.5258380414009476e-03
-2.5197907606288720e-03
-2.5136594887092312e-03
-2.5076595383791943e-03
-2.5018050298711361e-03
-2.4961281804703247e-03
-2.4906272814868525e-03
-2.4852926730837303e-03
-2.4799990805002732e-03
-2.4747081799664900e-03
-2.4695963943962519e-03
-2.4646628479772703e-03
-2.4598780114663378e-03
-2.4552550996766800e-03
-2.4508121494507045e-03
-2.4463556312498895e-03
-2.4420225963363677e-03
-2.4378401868680312e-03
-2.4338377965993129e-03
-2.4300227625671960e-03
-2.4263957935548824e-03
-2.4228990122872962e-03
0.0000000000000000e+00
4.7482050016682936e-01
3.6295486983223779e-01
7.2925299968229737e+01
];
