%Vec Object:sol 1 MPI processes
%  type: mpi
sol = [
0.0000000000000000e+00
-3.7086122247291650e-03
-3.6824034906078940e-03
-3.6567472739259636e-03
-3.6318144094865277e-03
-3.6075743648983178e-03
-3.5832080031451660e-03
-3.5599856089825379e-03
-3.5372260165065532e-03
-3.5150487993837326e-03
-3.4938172181495134e-03
-3.4720526696007639e-03
-3.4511894295872112e-03
-3.4308219147602976e-03
-3.4108341003436832e-03
-3.3916223272606660e-03
-3.3724749064234752e-03
-3.3535220795213520e-03
-3.3351597380627969e-03
-3.3169540314346496e-03
-3.2994012920437902e-03
-3.2822012282348613e-03
-3.2651196411183294e-03
-3.2483270146041634e-03
-3.2317363986332482e-03
-3.2155713084219260e-03
-3.1999195373534732e-03
-3.1843613669112359e-03
-3.1690213240225212e-03
-3.1538992585947636e-03
-3.1389149382739919e-03
-3.1243832594926861e-03
-3.1101822452087851e-03
-3.0961576128128647e-03
-3.0822431929955164e-03
-3.0684857968685921e-03
-3.0549275010048815e-03
-3.0417473033575570e-03
-3.0288216111067582e-03
-3.0160885802850953e-03
-3.0033775886728481e-03
-2.9908422077730241e-03
-2.9784877155799917e-03
-2.9664581110653426e-03
-2.9546809694316486e-03
-2.9430531627221753e-03
-2.9313855845805393e-03
-2.9199574272679159e-03
-2.9086472155827096e-03
-2.8976230228585937e-03
-2.8868716316784219e-03
-2.8762379208862568e-03
-2.8654986307377673e-03
-2.8550204238801894e-03
-2.8447102047624382e-03
-2.8345882120648100e-03
-2.8247132073679344e-03
-2.8150281590343029e-03
-2.8051596978213829e-03
-2.7955315246252894e-03
-2.7861352977505767e-03
-2.7768824470304669e-03
-2.7678182369698947e-03
-2.7589273202551518e-03
-2.7499741076708125e-03
-2.7411419871070535e-03
-2.7325275236658427e-03
-2.7241247223424429e-03
-2.7158907994591494e-03
-2.7077371417895436e-03
-2.6995579176009119e-03
-2.6915839249206023e-03
-2.6837634124076263e-03
-2.6761083670037238e-03
-2.6686526534115212e-03
-2.6613032243085668e-03
-2.6539070344516785e-03
-2.6466797828784126e-03
-2.6396493096856807e-03
-2.6328127264514697e-03
-2.6261369833438719e-03
-2.6195073722075084e-03
-2.6129085798185284e-03
-2.6065039339396275e-03
-2.6002828222011481e-03
-2.5942052957264642e-03
-2.5883208538930807e-03
-2.5824922692145431e-03
-2.5767291961806549e-03
-2.5711295135235532e-03
-2.5657069297609254e-03
-2.5604802336427063e-03
-2.5554489605072719e-03
-2.5504483287262895e-03
-2.5455209251324905e-03
-2.5407883069292338e-03
-2.5362579173817440e-03
-2.5319301828037907e-03
-2.5278056661605926e-03
0.0000000000000000e+00
4.9499260722896243e-01
3.6295486983223779e-01
7.2925299968229737e+01
];
