%Vec Object:sol 1 MPI processes
%  type: mpi
sol = [
0.0000000000000000e+00
-3.3980973883994273e-04
-3.3760562631755955e-04
-3.3540408758354857e-04
-3.3324610503637986e-04
-3.3118527325876052e-04
-3.2912519453775547e-04
-3.2716331406675589e-04
-3.2523859799782649e-04
-3.2336184391229403e-04
-3.2151299305183091e-04
-3.1966306424673465e-04
-3.1789148609950575e-04
-3.1616092945191708e-04
-3.1446103031211798e-04
-3.1282780775841447e-04
-3.1119627370795216e-04
-3.0957787877020272e-04
-3.0800983787840456e-04
-3.0645296315548915e-04
-3.0495235496399715e-04
-3.0348094287106086e-04
-3.0203562403102692e-04
-3.0062111879536319e-04
-2.9919469455052524e-04
-2.9780449471848968e-04
-2.9645862706371550e-04
-2.9511902288565983e-04
-2.9382050761392602e-04
-2.9255688478174057e-04
-2.9127981480594019e-04
-2.9002249166593536e-04
-2.8879343970301534e-04
-2.8757865903747382e-04
-2.8639926463571808e-04
-2.8524337573339732e-04
-2.8410316427596166e-04
-2.8296896165042409e-04
-2.8184315166714471e-04
-2.8073350711292611e-04
-2.7965399948704097e-04
-2.7859529744889329e-04
-2.7755106001540282e-04
-2.7653454010607986e-04
-2.7551095707567378e-04
-2.7449137376458241e-04
-2.7349817514237576e-04
-2.7252827391727007e-04
-2.7156745822794177e-04
-2.7063119493532804e-04
-2.6971832941520199e-04
-2.6878483776348553e-04
-2.6786837341658665e-04
-2.6697456066957333e-04
-2.6609475696262185e-04
-2.6523087410305104e-04
-2.6438837080229827e-04
-2.6356432355500851e-04
-2.6271914818804041e-04
-2.6189385841562528e-04
-2.6108876485643674e-04
-2.6029575887776387e-04
-2.5951904552670328e-04
-2.5876163931306000e-04
-2.5801967747845204e-04
-2.5725937064004326e-04
-2.5651820147039490e-04
-2.5579566059260423e-04
-2.5508784223415626e-04
-2.5439293239419667e-04
-2.5371606988321816e-04
-2.5305106410603706e-04
-2.5237610662354648e-04
-2.5171574350317592e-04
-2.5107313854560233e-04
-2.5044798462574015e-04
-2.4983593196077684e-04
-2.4923844157502138e-04
-2.4864860758840176e-04
-2.4805801997897974e-04
-2.4748184334545019e-04
-2.4691978535362551e-04
-2.4637502278991997e-04
-2.4584739767485089e-04
-2.4533597008180585e-04
-2.4482334190681067e-04
-2.4431562595894781e-04
-2.4382539428172647e-04
-2.4335256950350356e-04
-2.4289425475479176e-04
-2.4245175722007253e-04
-2.4202685838002467e-04
-2.4160090044958766e-04
-2.4118630611196074e-04
-2.4078644715720882e-04
-2.4040422335993078e-04
-2.4004036462960522e-04
-2.3969494854473195e-04
-2.3936787168453910e-04
0.0000000000000000e+00
4.6924913324749024e-01
3.6295485309822773e-01
7.2925365311217348e+01
];
