%Vec Object:sol 1 MPI processes
%  type: mpi
sol = [
0.0000000000000000e+00
-3.3222525702282341e-10
-2.0042566681061039e-09
-2.3209844476859013e-03
-2.0253398389152603e-03
-1.8066644284542497e-03
-1.6220292710668242e-03
-1.4662419263910239e-03
-1.3238085620270979e-03
-1.1966697724913849e-03
-1.0714029372029612e-03
-9.4702962881589720e-04
-8.2033310226138471e-04
-6.8655597903673920e-04
-5.5741193102934819e-04
-4.2684923442621296e-04
-3.1670343690296118e-04
-2.1964595111559918e-04
-1.5172050511674467e-04
-1.0323580951969365e-04
-7.7202581117182814e-05
-6.5045169651896384e-05
-6.3527309517002987e-05
-6.7762683984557109e-05
-7.4677496642071181e-05
-8.2400977737605828e-05
-8.9676871631005735e-05
-9.5884203023824456e-05
-1.0111517681178763e-04
-1.0493020291658478e-04
-1.0791719518795607e-04
-1.0986549679120506e-04
-1.1109680071426935e-04
-1.1179770717870134e-04
-1.1192735648686115e-04
-1.1172219617377523e-04
-1.1122474518574772e-04
-1.1043805088983758e-04
-1.0947582496164891e-04
-1.0837100263310552e-04
-1.0709718725987699e-04
-1.0571578104034359e-04
-1.0423103527308666e-04
-1.0264888477114925e-04
-1.0098829158223449e-04
-9.9217124046601383e-05
-9.7366895898896684e-05
-9.5436126726372803e-05
-9.3424542843459235e-05
-9.1273898308189788e-05
-8.9018880381314136e-05
-8.6641028985887908e-05
-8.4093600084628469e-05
-8.1280242718620696e-05
-7.8130475665756470e-05
-7.4501316093558416e-05
4.1109691142136558e-03
1.4663115593650093e-03
-1.1533853328365676e-04
-1.2131471058377114e-04
-1.2543207755709787e-04
-1.2818482040415771e-04
-1.2988140999348771e-04
-1.3077244224880876e-04
-1.3108322327753152e-04
-1.3100954059562595e-04
-1.3069821200626202e-04
-1.3026314124831977e-04
-1.2980163090083640e-04
-1.2937845837213726e-04
-1.2901331728224302e-04
-1.2870144312200046e-04
-1.2845884007467846e-04
-1.2825870648347718e-04
-1.2806039157011535e-04
-1.2785415509170746e-04
-1.2763163914091151e-04
-1.2737540293303350e-04
-1.2707241795771823e-04
-1.2672179019791640e-04
-1.2633543819837802e-04
-1.2590604988769875e-04
-1.2543149707811832e-04
-1.2490938539582680e-04
-1.2434937571112717e-04
-1.2375143766571263e-04
-1.2310904159244912e-04
-1.2241981068375116e-04
-1.2167974858060766e-04
-1.2090053850240788e-04
-1.2007067996342867e-04
-1.1918493456605947e-04
-1.1824138800324581e-04
-1.1724057771890091e-04
-1.1617164277438488e-04
-1.1502931043829868e-04
-1.1381226970966273e-04
-1.1250792337417900e-04
-1.1111788191268929e-04
0.0000000000000000e+00
6.4214011914834845e-01
3.2815707265678445e-01
1.5271559278699531e+01
];
