%Vec Object:sol 1 MPI processes
%  type: mpi
sol = [
0.0000000000000000e+00
-3.7724773088026547e-03
-3.7452517612208808e-03
-3.7184439392972755e-03
-3.6923952877594749e-03
-3.6675101564732676e-03
-3.6426915119686797e-03
-3.6188961675156415e-03
-3.5951275446105351e-03
-3.5719705878995921e-03
-3.5497951397004592e-03
-3.5276575525230499e-03
-3.5064507680907702e-03
-3.4853711977731101e-03
-3.4645150624183800e-03
-3.4444646389943548e-03
-3.4246092880179458e-03
-3.4053789790701610e-03
-3.3867104977819223e-03
-3.3677296656953446e-03
-3.3494268253027289e-03
-3.3314953312580686e-03
-3.3138989790177198e-03
-3.2968943703061064e-03
-3.2798863772578878e-03
-3.2630464715447710e-03
-3.2467398132998830e-03
-3.2305384770128774e-03
-3.2148313293662071e-03
-3.1995472604570397e-03
-3.1840620431598885e-03
-3.1689374515032811e-03
-3.1541581731698680e-03
-3.1395668472922540e-03
-3.1253981100700253e-03
-3.1114927122756872e-03
-3.0973965047016820e-03
-3.0836926341570952e-03
-3.0702550067360137e-03
-3.0570204567024243e-03
-3.0441436057110638e-03
-3.0313846885888195e-03
-3.0185528157083488e-03
-3.0060577725247281e-03
-2.9938256316646115e-03
-2.9817513017707494e-03
-2.9699876844489939e-03
-2.9582739600037709e-03
-2.9465379820665179e-03
-2.9350981729574900e-03
-2.9239408363945052e-03
-2.9129079967539721e-03
-2.9021283548982604e-03
-2.8913107050550254e-03
-2.8806195448454809e-03
-2.8701242456759964e-03
-2.8598843959991059e-03
-2.8498670357193865e-03
-2.8399427054334814e-03
-2.8299661851463112e-03
-2.8202293532968562e-03
-2.8106420775179039e-03
-2.8012502261169220e-03
-2.7920864217204941e-03
-2.7830221054665548e-03
-2.7738771188002449e-03
-2.7649565991285838e-03
-2.7562543262421488e-03
-2.7477267265736119e-03
-2.7393533747640448e-03
-2.7310113385052145e-03
-2.7227575143175123e-03
-2.7146623520345084e-03
-2.7067379293133427e-03
-2.6990185229462667e-03
-2.6915002549940245e-03
-2.6838932497004449e-03
-2.6764143655652671e-03
-2.6691375445987379e-03
-2.6620597517426846e-03
-2.6551473449535142e-03
-2.6483699185042412e-03
-2.6415423838832661e-03
-2.6349137815384113e-03
-2.6284732454354143e-03
-2.6221801522352596e-03
-2.6160846374580541e-03
-2.6100884084755199e-03
-2.6041221049949393e-03
-2.5983229885999199e-03
-2.5927048854445084e-03
-2.5872867710578654e-03
-2.5820680939879735e-03
-2.5768820052274356e-03
-2.5717740760234187e-03
-2.5668647632971654e-03
-2.5621615843084591e-03
-2.5576649691156118e-03
-2.5533758451073874e-03
0.0000000000000000e+00
5.0004941367701172e-01
3.6295486983223779e-01
7.2925299968229737e+01
];
