%Vec Object:sol 1 MPI processes
%  type: mpi
sol = [
0.0000000000000000e+00
-3.7854071580444896e-03
-3.7579131730945468e-03
-3.7310075459846474e-03
-3.7048648491889513e-03
-3.6798910574485670e-03
-3.6549844136642916e-03
-3.6307111056808621e-03
-3.6068647341523977e-03
-3.5836327483184248e-03
-3.5613864519994059e-03
-3.5391782600424945e-03
-3.5176935689764321e-03
-3.4963746667077511e-03
-3.4754593919024729e-03
-3.4553529307282944e-03
-3.4354421586406357e-03
-3.4161587529256288e-03
-3.3970576625397620e-03
-3.3780291155119037e-03
-3.3596808734436476e-03
-3.3417050667004689e-03
-3.3240653442292625e-03
-3.3069187630250475e-03
-3.2895975543086502e-03
-3.2727218327678800e-03
-3.2563808800167033e-03
-3.2401451441744018e-03
-3.2244049679333196e-03
-3.2088299784042160e-03
-3.1932075391548271e-03
-3.1780561503350646e-03
-3.1632507535769433e-03
-3.1486334152222915e-03
-3.1344396422276688e-03
-3.1201493177880442e-03
-3.1060313672924417e-03
-3.0923065098084636e-03
-3.0788482020442766e-03
-3.0655930605768076e-03
-3.0526043335947451e-03
-3.0395661015986401e-03
-3.0267183883762234e-03
-3.0142079808026618e-03
-3.0019607001257019e-03
-2.9898710971868105e-03
-2.9778925020685493e-03
-2.9660202776684028e-03
-2.9542731862714894e-03
-2.9428225495310620e-03
-2.9316546393960809e-03
-2.9206109549935301e-03
-2.9095289427822995e-03
-2.8986556281008174e-03
-2.8879575458729233e-03
-2.8774552663992188e-03
-2.8672085969356173e-03
-2.8571489682555906e-03
-2.8469207562021844e-03
-2.8369409543273624e-03
-2.8272009225589496e-03
-2.8176102555642385e-03
-2.8082149928074138e-03
-2.7989257844341386e-03
-2.7896545356222648e-03
-2.7805095050075696e-03
-2.7715890021743645e-03
-2.7628868126170604e-03
-2.7543592498918273e-03
-2.7457860291258958e-03
-2.7373242965592144e-03
-2.7290739394880874e-03
-2.7209821598598439e-03
-2.7130610933901811e-03
-2.7053451408863608e-03
-2.6975592384926514e-03
-2.6899131795489091e-03
-2.6824409873403036e-03
-2.6751709229604209e-03
-2.6680999548201155e-03
-2.6611325707175263e-03
-2.6541136882618347e-03
-2.6472960675067454e-03
-2.6406773948436818e-03
-2.6342467859661253e-03
-2.6279635117713602e-03
-2.6217395023709449e-03
-2.6155867606777036e-03
-2.6096334099246655e-03
-2.6038471853466875e-03
-2.5982419684124239e-03
-2.5928368020034192e-03
-2.5874171922712469e-03
-2.5821578139802038e-03
-2.5770656984421157e-03
-2.5721721589492021e-03
-2.5674846973789572e-03
-2.5629611585817765e-03
-2.5584405927908151e-03
0.0000000000000000e+00
5.0109180827922961e-01
3.6295486983223779e-01
7.2925299968229737e+01
];
