%Vec Object:sol 1 MPI processes
%  type: mpi
sol = [
0.0000000000000000e+00
-3.7790077731526497e-04
-3.7515637416761077e-04
-3.7247065312327830e-04
-3.6986103533438231e-04
-3.6736803679481803e-04
-3.6488171881703335e-04
-3.6247828531846244e-04
-3.6009747886275807e-04
-3.5777797395362894e-04
-3.5555682780138769e-04
-3.5333947974106441e-04
-3.5121376704040034e-04
-3.4908491010023350e-04
-3.4699633977779506e-04
-3.4498849572105693e-04
-3.4300019055511307e-04
-3.4107450652956934e-04
-3.3918608414786782e-04
-3.3728561927838562e-04
-3.3545307023957565e-04
-3.3365771151586777e-04
-3.3189591524407700e-04
-3.3019338957431335e-04
-3.2847186519003620e-04
-3.2678603608793160e-04
-3.2515360958460573e-04
-3.2353171249733728e-04
-3.2195930516794579e-04
-3.2042178537666381e-04
-3.1886096499213478e-04
-3.1734719477451921e-04
-3.1586799195605175e-04
-3.1440759180540449e-04
-3.1298950105077434e-04
-3.1157980504632190e-04
-3.1016913495843609e-04
-3.0879773713237752e-04
-3.0745297940113224e-04
-3.0612853394508614e-04
-3.0483989050526111e-04
-3.0354542872439302e-04
-3.0226142657308188e-04
-3.0101113071664455e-04
-2.9978713591295606e-04
-2.9857891523463637e-04
-2.9739915792899297e-04
-2.9621251422147293e-04
-2.9503839862059732e-04
-2.9389391300213937e-04
-2.9277768602928382e-04
-2.9167389391364232e-04
-2.9058332128919573e-04
-2.8949642352277537e-04
-2.8842705486258735e-04
-2.8737726820133648e-04
-2.8635303378077124e-04
-2.8535105172949036e-04
-2.8434171621100535e-04
-2.8334393099516082e-04
-2.8237012188796554e-04
-2.8141126327096538e-04
-2.8047195172774470e-04
-2.7955545591937719e-04
-2.7863253311557557e-04
-2.7771799597199251e-04
-2.7682591415106585e-04
-2.7595566435899700e-04
-2.7510288196450734e-04
-2.7426168710646979e-04
-2.7341538295365354e-04
-2.7259021099363740e-04
-2.7178089731943024e-04
-2.7098865183432149e-04
-2.7021690787858388e-04
-2.6945404186348260e-04
-2.6868917610838418e-04
-2.6794169288845674e-04
-2.6721441342209337e-04
-2.6650703507240389e-04
-2.6581619017766126e-04
-2.6512330335932705e-04
-2.6444103459312011e-04
-2.6377866070916505e-04
-2.6313509631626069e-04
-2.6250627643824851e-04
-2.6189744839068594e-04
-2.6128282819131381e-04
-2.6068683019681179e-04
-2.6010755449280842e-04
-2.5954638420017291e-04
-2.5900521833507634e-04
-2.5847777871551786e-04
-2.5795110636634837e-04
-2.5744116288659724e-04
-2.5695107378601538e-04
-2.5648158704312442e-04
-2.5603273833864381e-04
-2.5559051705620767e-04
0.0000000000000000e+00
5.0056940928555282e-01
3.6295485309822773e-01
7.2925365311217348e+01
];
