%Vec Object:sol 1 MPI processes
%  type: mpi
sol = [
0.0000000000000000e+00
-9.1976719725646131e-09
-9.1006206823687294e-09
-9.3984969819220873e-09
-9.5897221123876278e-09
-9.6679730792884933e-09
-9.6609798067330531e-09
-9.6516384629219251e-09
-9.6158796204302688e-09
-9.5700921178654289e-09
-9.5202626156019328e-09
-9.4568718217716059e-09
-9.3932114199370509e-09
-9.3248810994589173e-09
-9.2527968229237291e-09
-9.1799022260690706e-09
-9.1031244787392485e-09
-9.0254171145257551e-09
-8.9465914027282264e-09
-8.8653395555524831e-09
-8.7836745453105004e-09
-8.7006369525600567e-09
-8.6163817882524737e-09
-8.5315968846947454e-09
-8.4454391470039343e-09
-8.3585299938357786e-09
-8.2710177238701750e-09
-8.1821930553849106e-09
-8.0927638335511116e-09
-8.0025896655753639e-09
-7.9113025635437162e-09
-7.8193396347601537e-09
-7.7265219960283536e-09
-7.6326836350991143e-09
-7.5380649899378147e-09
-7.4425081289882629e-09
-7.3459587289875016e-09
-7.2489166169759638e-09
-7.1550874337982962e-09
-7.1025084083484192e-09
-7.4527387451843671e-09
-1.1836727760955669e-08
-5.8154777716468958e-08
-4.4553072870110027e-07
-3.3448691036756276e-06
-2.3585995794005029e-05
-1.4800508480442459e-04
-6.6093289019297351e-04
-1.5404812755454660e-03
-2.1228467826761707e-03
-2.3588275502714326e-03
-2.4325801422395970e-03
-2.4402769779775673e-03
-2.4207289044535863e-03
-2.3897250560453867e-03
-2.3551092207182442e-03
-2.3185980937811459e-03
-2.2811990931328511e-03
-2.2438630028280698e-03
-2.2062772293475366e-03
-2.1685877183583598e-03
-2.1315723508526668e-03
-2.0948553752646176e-03
-2.0582126345187108e-03
-2.0215713278198422e-03
-1.9853517421786629e-03
-1.9493270581759183e-03
-1.9131921601919313e-03
-1.8773187735803343e-03
-1.8417400986044572e-03
-1.8060366059389626e-03
-1.7704372812690084e-03
-1.7351183119463428e-03
-1.7000038069494893e-03
-1.6648534087948948e-03
-1.6296498361411580e-03
-1.5946304613584418e-03
-1.5597485186122162e-03
-1.5248058680762792e-03
-1.4896239164600897e-03
-1.4546162512687642e-03
-1.4197328999120847e-03
-1.3847947626447941e-03
-1.3496981543374799e-03
-1.3146003312483200e-03
-1.2795081843319947e-03
-1.2443537078181883e-03
-1.2090990018031966e-03
-1.1736252562610382e-03
-1.1379303629802837e-03
-1.1018910987247547e-03
-1.0660544833806227e-03
-1.0300467666760345e-03
-9.9387807405194764e-04
-9.5742919271000722e-04
-9.2028236290789549e-04
-8.8309374233750185e-04
-8.4588481693959310e-04
-8.0840832862130816e-04
0.0000000000000000e+00
9.3229991803992807e-01
2.6855096936058492e-01
5.0463911889887365e+00
];
