%Vec Object:sol 1 MPI processes
%  type: mpi
sol = [
0.0000000000000000e+00
-4.0336200729349202e-03
-4.0023192011061715e-03
-3.9717020333039062e-03
-3.9419560375335118e-03
-3.9135060139129365e-03
-3.8845381367738838e-03
-3.8568975497170637e-03
-3.8298256138181524e-03
-3.8034527396330797e-03
-3.7781042470917152e-03
-3.7523081818253146e-03
-3.7275673271468953e-03
-3.7034192128382990e-03
-3.6797343185625505e-03
-3.6568476339735615e-03
-3.6337453837569631e-03
-3.6113578359552351e-03
-3.5896574415212176e-03
-3.5681658749496495e-03
-3.5473262658324710e-03
-3.5264940971367672e-03
-3.5060567614168376e-03
-3.4862888416677690e-03
-3.4667727224226932e-03
-3.4476684392956525e-03
-3.4287570041659689e-03
-3.4099879616467403e-03
-3.3917778810264258e-03
-3.3740491682898712e-03
-3.3564417523438686e-03
-3.3389550940079332e-03
-3.3218639637475253e-03
-3.3049992219684253e-03
-3.2886112240670643e-03
-3.2725402617590532e-03
-3.2562971799203031e-03
-3.2404963566279471e-03
-3.2250023371436991e-03
-3.2097472081368465e-03
-3.1948953976050501e-03
-3.1799604403287955e-03
-3.1652202659612320e-03
-3.1508594914587858e-03
-3.1367987801373858e-03
-3.1229258552538715e-03
-3.1090994135293407e-03
-3.0955159892170339e-03
-3.0820847344437182e-03
-3.0689868159921498e-03
-3.0562072294788023e-03
-3.0433447339492763e-03
-3.0306478906556929e-03
-3.0182569644650785e-03
-3.0060693057266052e-03
-2.9941064400199184e-03
-2.9822678093154417e-03
-2.9705080066337567e-03
-2.9589093612745854e-03
-2.9475899457803187e-03
-2.9365403849129631e-03
-2.9255695174493089e-03
-2.9145953545745831e-03
-2.9038851008875381e-03
-2.8934201893704809e-03
-2.8831044592767599e-03
-2.8730111842732290e-03
-2.8628863157918144e-03
-2.8529675613237293e-03
-2.8432331302269786e-03
-2.8337418276225988e-03
-2.8244882781383773e-03
-2.8151535702017139e-03
-2.8059869749026147e-03
-2.7970570187802191e-03
-2.7883593423843494e-03
-2.7798429303354543e-03
-2.7713318971716878e-03
-2.7629612674450249e-03
-2.7548198210242962e-03
-2.7468719581880364e-03
-2.7391137257692473e-03
-2.7314550612136169e-03
-2.7238767723898648e-03
-2.7165150772178064e-03
-2.7093271476981116e-03
-2.7023654315850285e-03
-2.6955626275936831e-03
-2.6887885198236179e-03
-2.6822081032195238e-03
-2.6758357014148343e-03
-2.6696910130063864e-03
-2.6637625337350796e-03
-2.6578195473412974e-03
-2.6520693811443070e-03
-2.6465445477427316e-03
-2.6412526615388495e-03
-2.6361938816695917e-03
-2.6311606774546180e-03
0.0000000000000000e+00
5.2024345436051334e-01
3.6295486983223779e-01
7.2925299968229737e+01
];
