%Vec Object:sol 1 MPI processes
%  type: mpi
sol = [
0.0000000000000000e+00
-4.2082744735756489e-03
-4.1729373753920012e-03
-4.1379477147180212e-03
-4.1036120631592664e-03
-4.0706920301978667e-03
-4.0379280205515185e-03
-4.0065367120061890e-03
-3.9751637425759819e-03
-3.9445596818687891e-03
-3.9151403098566726e-03
-3.8858301137692742e-03
-3.8573425546972735e-03
-3.8292047712019488e-03
-3.8015825244408158e-03
-3.7749285937988828e-03
-3.7485510574062427e-03
-3.7224458611840637e-03
-3.6970217795518549e-03
-3.6718440964011887e-03
-3.6474783653677265e-03
-3.6234658588667167e-03
-3.5994822300255179e-03
-3.5762219466266608e-03
-3.5532508553534118e-03
-3.5308215547969731e-03
-3.5087896949260742e-03
-3.4866910515451515e-03
-3.4651987282053637e-03
-3.4442318730640749e-03
-3.4234744593282991e-03
-3.4029476493565897e-03
-3.3827400734198856e-03
-3.3627946987984580e-03
-3.3433690184604382e-03
-3.3243145882962096e-03
-3.3051417515373178e-03
-3.2864260573061922e-03
-3.2680554182790617e-03
-3.2499603558372738e-03
-3.2322745051416436e-03
-3.2145616413486416e-03
-3.1971098923675935e-03
-3.1800780565965688e-03
-3.1633852130227560e-03
-3.1468436941014285e-03
-3.1303996477337302e-03
-3.1143168583504929e-03
-3.0984237979077085e-03
-3.0829049208328349e-03
-3.0676515714801325e-03
-3.0523360229892690e-03
-3.0373566329540426e-03
-3.0227248856836853e-03
-3.0083372169751035e-03
-2.9941169006173548e-03
-2.9800004904687949e-03
-2.9661869182111000e-03
-2.9525768023472075e-03
-2.9392896710032880e-03
-2.9262239258854199e-03
-2.9131610076083459e-03
-2.9003726372071538e-03
-2.8878935401779817e-03
-2.8757054932492831e-03
-2.8636353484055451e-03
-2.8516492268540095e-03
-2.8399626310884741e-03
-2.8285296304857398e-03
-2.8173289373231171e-03
-2.8063649950379362e-03
-2.7954643184288511e-03
-2.7848013645137464e-03
-2.7743891841275460e-03
-2.7642640749792483e-03
-2.7543941023521279e-03
-2.7445189616967423e-03
-2.7348989601556663e-03
-2.7255638972179140e-03
-2.7165108802114043e-03
-2.7077050741351979e-03
-2.6988887206284406e-03
-2.6903559274279636e-03
-2.6821059676404202e-03
-2.6741277362603531e-03
-2.6663791490903633e-03
-2.6586982061795709e-03
-2.6512702516760952e-03
-2.6441264819252021e-03
-2.6372336212246378e-03
-2.6306063066055007e-03
-2.6240885636951809e-03
-2.6177972560903701e-03
-2.6117947841874539e-03
-2.6060438986536183e-03
-2.6005771800430310e-03
-2.5952619656146440e-03
-2.5901518411218820e-03
-2.5853383918020968e-03
0.0000000000000000e+00
5.3323175835122938e-01
3.6295486983223779e-01
7.2925299968229737e+01
];
