%Vec Object:sol 1 MPI processes
%  type: mpi
sol = [
0.0000000000000000e+00
-1.6176384334288783e-03
-1.4541321658772407e-03
-1.2813289202410166e-03
-1.1291027780086095e-03
-3.4630749583294270e-04
-3.9002719538794924e-04
-3.8625567069486657e-04
-3.8251186141086878e-04
-3.7883230677277765e-04
-3.7525703652547973e-04
-3.7166045066496607e-04
-3.6812986086402332e-04
-3.6464586878039417e-04
-3.6119408866439913e-04
-3.5781538125466438e-04
-3.5440544058630455e-04
-3.5105155882208091e-04
-3.4775038074081455e-04
-3.4445271341885142e-04
-3.4118643699756611e-04
-3.3793489655014312e-04
-3.3470576544216151e-04
-3.3152676048311800e-04
-3.2834808005361457e-04
-3.2517534220101208e-04
-3.2204635034178611e-04
-3.1891578414343076e-04
-3.1582505732632781e-04
-3.1274669800748030e-04
-3.0965962692321934e-04
-3.0661017968190024e-04
-3.0358553336227951e-04
-3.0056972203214934e-04
-2.9756136401397278e-04
-2.9456958326328772e-04
-2.9158959309272161e-04
-2.8863978679665499e-04
-2.8570754672199147e-04
-2.8276124484024224e-04
-2.7984154770080134e-04
-2.7693918707466573e-04
-2.7404721782716752e-04
-2.7117973027285518e-04
-2.6830869767606149e-04
-2.6544253686811237e-04
-2.6259871835009226e-04
-2.5977361965078390e-04
-2.5695215607216318e-04
-2.5413772604425909e-04
-2.5133210244412512e-04
-2.4852957802255391e-04
-2.4574110762691845e-04
-2.4296671734805808e-04
-2.4019642082423481e-04
-2.3741327243259993e-04
-2.3464025053728343e-04
-2.3187351088630956e-04
-2.2910440851531865e-04
-2.2634249566804975e-04
-2.2358494918060923e-04
-2.2081584582098079e-04
-2.1805583157987818e-04
-2.1531174703843923e-04
-2.1258759533456244e-04
-2.0988254537579725e-04
-2.0721093823295115e-04
-2.0456547501475025e-04
-2.0196143529433642e-04
-1.9940185297311666e-04
-1.9689299547208427e-04
-1.9443398723197874e-04
-1.9202523812578734e-04
-1.8966603791827687e-04
-1.8735407199332453e-04
-1.8510035859494256e-04
-1.8290768321656975e-04
-1.8078181038795837e-04
-1.7872690469696823e-04
-1.7674525452371291e-04
-1.7484064983090691e-04
-1.7300780085852666e-04
-1.7125468808621973e-04
-1.6957809812906291e-04
-1.6797907592726541e-04
-1.6645326106798835e-04
-1.6499846966472220e-04
-1.6360950976892035e-04
-1.6227645307684524e-04
-1.6099913544620131e-04
-1.5977296249007701e-04
-1.5859025583613682e-04
-1.5744781332255767e-04
-1.5634199606692599e-04
-1.5526532061824094e-04
-1.5421755332372294e-04
-1.5319055869457865e-04
-1.5217707867258874e-04
-1.5118100598814798e-04
0.0000000000000000e+00
5.6355405709166773e-01
3.6153981943125646e-01
6.5540377129883922e+01
];
