%Vec Object:sol 1 MPI processes
%  type: mpi
sol = [
0.0000000000000000e+00
-3.7024019451894919e-03
-3.6762455550809581e-03
-3.6506402285544962e-03
-3.6257564503538379e-03
-3.6017513259844944e-03
-3.5774299190924085e-03
-3.5542499190063135e-03
-3.5315315491199341e-03
-3.5093941330108106e-03
-3.4882002557786616e-03
-3.4666586142677158e-03
-3.4458296704610648e-03
-3.4254953383074044e-03
-3.4055398440485658e-03
-3.3863588008146224e-03
-3.3673551690814986e-03
-3.3484982817105747e-03
-3.3301615477860681e-03
-3.3119811967414190e-03
-3.2944526343657125e-03
-3.2772761448871179e-03
-3.2603964912168468e-03
-3.2436246413123939e-03
-3.2270545361542703e-03
-3.2109092772536125e-03
-3.1952764994112042e-03
-3.1797372480131996e-03
-3.1645908450079379e-03
-3.1494850312910327e-03
-3.1345168403149317e-03
-3.1200006037481742e-03
-3.1058145583120127e-03
-3.0918046882938959e-03
-3.0780765673743314e-03
-3.0643317054402856e-03
-3.0507857269362060e-03
-3.0376173150218071e-03
-3.0247030856227993e-03
-3.0119812951022720e-03
-2.9994498751542936e-03
-2.9869237544074704e-03
-2.9745783563918820e-03
-2.9625574368513825e-03
-2.9507886929587665e-03
-2.9391691700976414e-03
-2.9276751218775725e-03
-2.9162534418720417e-03
-2.9049496844451173e-03
-2.8939316324415724e-03
-2.8831860508328933e-03
-2.8725579886396515e-03
-2.8619860250254131e-03
-2.8515112495749229e-03
-2.8412043835909511e-03
-2.8310856873993923e-03
-2.8212138573779680e-03
-2.8115566810829710e-03
-2.8018246605794224e-03
-2.7921973480622467e-03
-2.7828019707546938e-03
-2.7735500978611038e-03
-2.7644869233495739e-03
-2.7556446425979881e-03
-2.7467998126495261e-03
-2.7379666958186476e-03
-2.7293512915866811e-03
-2.7209476103026253e-03
-2.7127129298498377e-03
-2.7046272632442665e-03
-2.6965308769222570e-03
-2.6885542179618492e-03
-2.6807312125792693e-03
-2.6730738235598173e-03
-2.6656158588894293e-03
-2.6583536041561466e-03
-2.6510153142971777e-03
-2.6437840592526394e-03
-2.6367496933231726e-03
-2.6299093231370841e-03
-2.6232299389205350e-03
-2.6167080849088756e-03
-2.6101413102939688e-03
-2.6037312897964127e-03
-2.5975049522583733e-03
-2.5914224160438429e-03
-2.5855331222462237e-03
-2.5798356248324271e-03
-2.5740763464454698e-03
-2.5684700716892368e-03
-2.5630410234857271e-03
-2.5578079079409863e-03
-2.5527702087174754e-03
-2.5479074349083895e-03
-2.5429728138583380e-03
-2.5382329021073351e-03
-2.5336951118341373e-03
-2.5293598537960461e-03
-2.5252276805738006e-03
0.0000000000000000e+00
4.9450104778361770e-01
3.6295486983223779e-01
7.2925299968229737e+01
];
