%Vec Object:sol 1 MPI processes
%  type: mpi
sol = [
0.0000000000000000e+00
-4.6202622559939011e-10
-5.2261812660323208e-10
-5.3522558188805110e-10
-5.4431231896279042e-10
-5.5062437729870251e-10
-2.3116603157588221e-09
-1.8984414866748209e-03
-1.7146860743001949e-03
-1.5507336668092299e-03
-1.3903585225308441e-03
-1.2329096549824937e-03
-1.0740546874973026e-03
-9.0822500702903797e-04
-7.4960007297554066e-04
-5.9040588909139427e-04
-4.5687347630455298e-04
-3.3966787447705038e-04
-2.5776607032673596e-04
-1.9933837275807372e-04
-1.6773661823138978e-04
-1.5255887317765525e-04
-1.4989524745827426e-04
-1.5384279677748376e-04
-1.6086218296779652e-04
-1.6876356008586657e-04
-1.7610053880331373e-04
-1.8218829100940864e-04
-1.8707958463095640e-04
-1.9040363463737511e-04
-1.9272992036949873e-04
-1.9391450390587151e-04
-1.9433145804433608e-04
-1.9412849475825298e-04
-1.9338242241605594e-04
-1.9229108325264339e-04
-1.9090794247242086e-04
-1.8930959424828727e-04
-1.8756005347143312e-04
-1.8570428435044363e-04
-1.8377576465321632e-04
-1.8179459890464218e-04
-1.7975298721478343e-04
-1.7772394163960759e-04
-1.7570038892794450e-04
-1.7360294579588399e-04
-1.7155317826695888e-04
-1.6952451848474629e-04
-1.6750539300603457e-04
-1.6543360279337984e-04
-1.6342783410502285e-04
-1.6144107260047838e-04
-1.5947692728418192e-04
-1.5749680096336629e-04
-1.5551642433003364e-04
-1.5360145949960713e-04
-1.5169331846579545e-04
-1.4978602906245839e-04
-1.4791218334147976e-04
-1.4603814622433630e-04
-1.4415734660616338e-04
-1.4233234146781575e-04
-1.4052811076962549e-04
-1.3872594637932348e-04
-1.3692911761351397e-04
-1.3516754959817814e-04
-1.3342117608890604e-04
-1.3167185131473955e-04
-1.2994166111891865e-04
-1.2823826108388601e-04
-1.2653452031570624e-04
-1.2483464168895156e-04
-1.2316667723287299e-04
-1.2152182503740751e-04
-1.1987517567293341e-04
-1.1823398152910042e-04
-1.1661521636497919e-04
-1.1501168080091900e-04
-1.1340973461251684e-04
-1.1180405205003070e-04
-1.1022232445559866e-04
-1.0865692425010342e-04
-1.0709653484332499e-04
-1.0553589816217709e-04
-1.0398750735984300e-04
-1.0245294002785193e-04
-1.0092364134569210e-04
-9.9397414608177960e-05
-9.7869040701518701e-05
-9.6348057585645189e-05
-9.4822501096328908e-05
-9.3314722536094725e-05
-9.1809439538963346e-05
-9.0310636636662707e-05
-8.8809726791290897e-05
-8.7286936842889687e-05
-8.5774918410893596e-05
-8.4270609301302261e-05
-8.2769858063344641e-05
0.0000000000000000e+00
7.3067200561671686e-01
2.9697890839373509e-01
7.8280180658123024e+00
];
