%Vec Object:sol 1 MPI processes
%  type: mpi
sol = [
0.0000000000000000e+00
-3.6779414489158100e-04
-3.6519798063714380e-04
-3.6265651970004341e-04
-3.6018665793368054e-04
-3.5782770300578484e-04
-3.5546331999085237e-04
-3.5316148310533639e-04
-3.5090546873098809e-04
-3.4870710472225373e-04
-3.4660236236564888e-04
-3.4449972995600966e-04
-3.4246665787419044e-04
-3.4044619472511862e-04
-3.3846333366829596e-04
-3.3655733266835339e-04
-3.3466894485058361e-04
-3.3283997479632502e-04
-3.3104364954899775e-04
-3.2923599708688174e-04
-3.2749305865105004e-04
-3.2578508807990186e-04
-3.2410860089272347e-04
-3.2248859593084081e-04
-3.2086024846145379e-04
-3.1925367099033380e-04
-3.1769801485906357e-04
-3.1615168731941539e-04
-3.1465255349639879e-04
-3.1319373942351815e-04
-3.1171945121618786e-04
-3.1027384859858676e-04
-3.0886109745828060e-04
-3.0746590355227617e-04
-3.0611114323262902e-04
-3.0478381323872092e-04
-3.0344746428519301e-04
-3.0213509738280547e-04
-3.0084805510459048e-04
-2.9958020393580816e-04
-2.9834663491675665e-04
-2.9713715562995358e-04
-2.9591792535869866e-04
-2.9471904416450553e-04
-2.9354530391873304e-04
-2.9238647578087488e-04
-2.9125748685354685e-04
-2.9015493459833876e-04
-2.8903783492413066e-04
-2.8793818751544697e-04
-2.8686570898441981e-04
-2.8580500250025145e-04
-2.8476863841896691e-04
-2.8375770850692201e-04
-2.8273879421231922e-04
-2.8172818632824767e-04
-2.8074221178458846e-04
-2.7977766760354660e-04
-2.7882548095414805e-04
-2.7789658694842028e-04
-2.7696764930408238e-04
-2.7604292183262298e-04
-2.7513705316370250e-04
-2.7425324079135524e-04
-2.7338981593044329e-04
-2.7253792230824453e-04
-2.7168599298971229e-04
-2.7084535765583450e-04
-2.7002162767303199e-04
-2.6921281389985583e-04
-2.6842440037803586e-04
-2.6765592590403535e-04
-2.6688219955346167e-04
-2.6611558278908889e-04
-2.6536889908364812e-04
-2.6464177693548722e-04
-2.6392950697526406e-04
-2.6323362404269526e-04
-2.6253756348464720e-04
-2.6185204952128467e-04
-2.6118265101413035e-04
-2.6052902203373347e-04
-2.5989453486518804e-04
-2.5927898443588523e-04
-2.5866223791023838e-04
-2.5805198490149453e-04
-2.5746105066819111e-04
-2.5688928842865054e-04
-2.5633658266496794e-04
-2.5579980169585908e-04
-2.5526089393684387e-04
-2.5473505867921266e-04
-2.5422877485473951e-04
-2.5374200896764119e-04
-2.5327125215226728e-04
-2.5281957768457188e-04
-2.5236727908441989e-04
-2.5193068389309936e-04
-2.5151441591684154e-04
0.0000000000000000e+00
4.9255958264924105e-01
3.6295485309822773e-01
7.2925365311217348e+01
];
