%Vec Object:sol 1 MPI processes
%  type: mpi
sol = [
0.0000000000000000e+00
-1.7313033070412288e-03
-1.5780329092050769e-03
-1.3995456422654462e-03
-1.2311694881571489e-03
-1.1010287020388418e-03
-9.9048940252349413e-04
-3.0499643544149144e-04
-3.9242591057646597e-04
-3.8846974237336310e-04
-3.8454206184757234e-04
-3.8054770358809183e-04
-3.7660130136979583e-04
-3.7267350110554265e-04
-3.6875183065777391e-04
-3.6486132500888392e-04
-3.6093767876471319e-04
-3.5705125227176836e-04
-3.5320032237463645e-04
-3.4931969773240696e-04
-3.4546262863272790e-04
-3.4161837070283390e-04
-3.3778409563287444e-04
-3.3398358743450869e-04
-3.3015190635195751e-04
-3.2634506133342474e-04
-3.2257329521464054e-04
-3.1879100786298719e-04
-3.1501685810278663e-04
-3.1126056909687829e-04
-3.0749998663994371e-04
-3.0376824023535548e-04
-3.0004551014769295e-04
-2.9629409961496738e-04
-2.9255366398072747e-04
-2.8879454301403612e-04
-2.8497848158974619e-04
-2.8106253633042652e-04
-2.7694561278780922e-04
-2.7251049747524443e-04
-2.6760349048890057e-04
-2.6203539028526367e-04
-2.5567692187594817e-04
-2.4857715685103822e-04
-2.4098393418856261e-04
-2.3323794474404508e-04
-2.2567539947743458e-04
-2.1853014186706905e-04
-2.1193857154894291e-04
-2.0602309627837159e-04
-2.0084187525612192e-04
-1.9639979303445797e-04
-1.9261031695335680e-04
-1.8941291611572261e-04
-1.8675648560678278e-04
-1.8455032463999120e-04
-1.8271525115781082e-04
-1.8117543144019959e-04
-1.7987325411490947e-04
-1.7876040044831161e-04
-1.7778147655954561e-04
-1.7692484034381541e-04
-1.7614976004933419e-04
-1.7542736575895538e-04
-1.7474704053441873e-04
-1.7409985629482651e-04
-1.7346985204791629e-04
-1.7284164845021341e-04
-1.7220994578359198e-04
-1.7157530585809431e-04
-1.7092783810419493e-04
-1.7025201538139068e-04
-1.6956752556073683e-04
-1.6886563538963531e-04
-1.6812829145031698e-04
-1.6736314292824808e-04
-1.6657338802829875e-04
-1.6575127202612250e-04
-1.6489112939728121e-04
-1.6399582955637865e-04
-1.6307230377564993e-04
-1.6211229814093827e-04
-1.6111267180583957e-04
-1.6007010109070639e-04
-1.5898997120635230e-04
-1.5787089692364707e-04
-1.5670531056475749e-04
-1.5549078350461792e-04
-1.5422474292614652e-04
-1.5291808186738799e-04
-1.5156052440441130e-04
-1.5014206091061780e-04
-1.4866374304397183e-04
-1.4712576360713617e-04
-1.4551817872138158e-04
-1.4383861285021377e-04
-1.4208021358216931e-04
-1.4022930918030702e-04
-1.3828825574823856e-04
0.0000000000000000e+00
5.6999269805471564e-01
3.5985493911361827e-01
5.8154585157740655e+01
];
