%Vec Object:sol 1 MPI processes
%  type: mpi
sol = [
0.0000000000000000e+00
-3.6607793638946523e-04
-3.6349318708722565e-04
-3.6096275504078027e-04
-3.5850345892763340e-04
-3.5615439935338545e-04
-3.5380992308539064e-04
-3.5156193439904839e-04
-3.4931443337261799e-04
-3.4712429622715471e-04
-3.4502730338850743e-04
-3.4293247262115657e-04
-3.4092603029493623e-04
-3.3894715492960406e-04
-3.3697087002759600e-04
-3.3507111939300426e-04
-3.3318898818102165e-04
-3.3136605004849739e-04
-3.2960011221126723e-04
-3.2782639142215302e-04
-3.2608857814003339e-04
-3.2438566163473436e-04
-3.2271417311541836e-04
-3.2109897524922954e-04
-3.1950267679395128e-04
-3.1792520468012006e-04
-3.1637361070571376e-04
-3.1483141013129981e-04
-3.1333626519062320e-04
-3.1188133559084886e-04
-3.1043910503697258e-04
-3.0901979421669149e-04
-3.0761029175930914e-04
-3.0621836182531111e-04
-3.0486675988976232e-04
-3.0354254619874093e-04
-3.0223719564178680e-04
-3.0094961004166969e-04
-2.9966508516805020e-04
-2.9839975176032969e-04
-2.9716862200255872e-04
-2.9596155133474069e-04
-2.9477164514744283e-04
-2.9359685670679760e-04
-2.9242495725809945e-04
-2.9126798577287425e-04
-2.9014079330409910e-04
-2.8903999092594942e-04
-2.8795022704692909e-04
-2.8687448210085214e-04
-2.8580322587370619e-04
-2.8474376817833768e-04
-2.8370861669463690e-04
-2.8269885524293779e-04
-2.8170514685630065e-04
-2.8071850050578618e-04
-2.7973320738005833e-04
-2.7876932317448706e-04
-2.7781781477358126e-04
-2.7688956411818765e-04
-2.7598376426918981e-04
-2.7508310976017195e-04
-2.7417742581621488e-04
-2.7329377343321420e-04
-2.7243048921737645e-04
-2.7157875502324094e-04
-2.7074812316823225e-04
-2.6993159103417494e-04
-2.6910756166404533e-04
-2.6829845613393600e-04
-2.6750973213828211e-04
-2.6674092859953267e-04
-2.6598694340901531e-04
-2.6524430777350393e-04
-2.6449688960616220e-04
-2.6376902107363889e-04
-2.6305601126995151e-04
-2.6235938653476604e-04
-2.6168190955257436e-04
-2.6101992366954837e-04
-2.6034938821853349e-04
-2.5969462168415726e-04
-2.5905898587817651e-04
-2.5844227480623430e-04
-2.5784344911807119e-04
-2.5725589999501516e-04
-2.5666345318592045e-04
-2.5609015217558295e-04
-2.5553589734872960e-04
-2.5499756819098246e-04
-2.5447652842881449e-04
-2.5397204688611667e-04
-2.5346386017445922e-04
-2.5297516311733725e-04
-2.5250247690985177e-04
-2.5204886027930542e-04
-2.5161505805761065e-04
-2.5119783886945235e-04
-2.5077926245168069e-04
0.0000000000000000e+00
4.9112193429810985e-01
3.6295485309822773e-01
7.2925365311217348e+01
];
