%Vec Object:sol 1 MPI processes
%  type: mpi
sol = [
0.0000000000000000e+00
-2.1343550156895275e-03
-2.0178659786364867e-03
-1.8299980705018990e-03
-1.6006666147709127e-03
-1.4271537046949029e-03
-1.2808616200650799e-03
-1.1578501865761540e-03
-1.0443448805344327e-03
-9.4361359887084554e-04
-8.4537950552007540e-04
-7.4770996213670640e-04
-6.4731053232170539e-04
-5.3950428786546107e-04
-4.3397332948588051e-04
-3.2596894691961270e-04
-2.3309630707468243e-04
-1.4806939071149858e-04
4.6679532224416201e-04
-4.0441573041872019e-05
-3.1266420463393515e-05
-3.1679817502546742e-05
-3.6484666494595162e-05
-4.3462580956509792e-05
-5.1570263002396279e-05
-6.0129931701820898e-05
-6.8523222513004286e-05
-7.6338507940309388e-05
-8.3625949397836009e-05
-9.0037706265550524e-05
-9.5935311938096578e-05
-1.0116252414635196e-04
-1.0590513963796537e-04
-1.1029806923761200e-04
-1.1427957889669002e-04
-1.1802191886368855e-04
-1.2154452255982206e-04
-1.2483242000120080e-04
-1.2797792902612994e-04
-1.3099248376640304e-04
-1.3384633162527636e-04
-1.3659266506285957e-04
-1.3923469148516295e-04
-1.4175924592151016e-04
-1.4418638594859384e-04
-1.4651346988440702e-04
-1.4873434742261268e-04
-1.5086133931235186e-04
-1.5289587003887006e-04
-1.5483075735815742e-04
-1.5666323484808645e-04
-1.5840790641575948e-04
-1.6006039565828655e-04
-1.6160762990355965e-04
-1.6306336870220591e-04
-1.6442888308759748e-04
-1.6569796185475960e-04
-1.6686731773839908e-04
-1.6794708146947493e-04
-1.6893618560975726e-04
-1.6982105516615673e-04
-1.7063085734147078e-04
-1.7135064948482464e-04
-1.7197321506323999e-04
-1.7250646274030563e-04
-1.7295954389917031e-04
-1.7332789845337827e-04
-1.7360546562515059e-04
-1.7379761143905149e-04
-1.7391238864884845e-04
-1.7394477775260609e-04
-1.7388515126363837e-04
-1.7375828616239696e-04
-1.7355911812004564e-04
-1.7327246412009620e-04
-1.7290862970119008e-04
-1.7247433884363264e-04
-1.7196442917305409e-04
-1.7137470585969157e-04
-1.7070874892571942e-04
-1.6997665136760852e-04
-1.6917169514566745e-04
-1.6829166368874127e-04
-1.6733371600929838e-04
-1.6630494919692596e-04
-1.6520475312522479e-04
-1.6402670140229172e-04
-1.6276870884070226e-04
-1.6142773800077856e-04
-1.6001439220726224e-04
-1.5851837516403787e-04
-1.5693228970341261e-04
-1.5525503431613810e-04
-1.5348596114681716e-04
-1.5161383416121806e-04
-1.4963339423871970e-04
-1.4753911682378786e-04
-1.4531618549330807e-04
-1.4296322165384794e-04
0.0000000000000000e+00
5.9283212830504584e-01
3.4826716738211100e-01
3.0578365311249325e+01
];
