%Vec Object:sol 1 MPI processes
%  type: mpi
sol = [
0.0000000000000000e+00
-3.5440912686760955e-04
-3.5197681620143678e-04
-3.4959471211875746e-04
-3.4727902705788217e-04
-3.4506747634290886e-04
-3.4285856635941545e-04
-3.4075419592141323e-04
-3.3863451666939215e-04
-3.3656819936688550e-04
-3.3459002430308673e-04
-3.3261249079610057e-04
-3.3071865502351332e-04
-3.2886922410014656e-04
-3.2701349663068527e-04
-3.2521734970829188e-04
-3.2343700451718560e-04
-3.2171255840619562e-04
-3.2004196707885278e-04
-3.1838410223262613e-04
-3.1676379576185920e-04
-3.1514957684240026e-04
-3.1356473645743156e-04
-3.1203330636145479e-04
-3.1051925297365053e-04
-3.0904388914182918e-04
-3.0760994810489464e-04
-3.0614425474616340e-04
-3.0472325952186886e-04
-3.0334039849081145e-04
-3.0196912278852861e-04
-3.0063947618481197e-04
-2.9933993799975591e-04
-2.9802377537186482e-04
-2.9673599026763467e-04
-2.9547413291472550e-04
-2.9422998043242461e-04
-2.9302064981119792e-04
-2.9183440323410028e-04
-2.9065047325019607e-04
-2.8947451730856568e-04
-2.8832142088459358e-04
-2.8718452925166209e-04
-2.8607763043452450e-04
-2.8499385140213216e-04
-2.8392370196210118e-04
-2.8284468182443109e-04
-2.8179057972252760e-04
-2.8074687255486176e-04
-2.7972965301796597e-04
-2.7873768966142230e-04
-2.7775616695185603e-04
-2.7677729416060735e-04
-2.7580801378724083e-04
-2.7485408571060869e-04
-2.7391747588518557e-04
-2.7300383892726329e-04
-2.7211011531743826e-04
-2.7122202026872355e-04
-2.7032890308179312e-04
-2.6945743130467624e-04
-2.6859914380673302e-04
-2.6775839575373658e-04
-2.6693829860410085e-04
-2.6613725421987004e-04
-2.6532316591666054e-04
-2.6452217680851358e-04
-2.6374105086005771e-04
-2.6297570766664266e-04
-2.6222424545171519e-04
-2.6149198629264264e-04
-2.6076764139276693e-04
-2.6003901422797323e-04
-2.5932594576298190e-04
-2.5863170343897140e-04
-2.5795594850176821e-04
-2.5729414534891859e-04
-2.5664783116124783e-04
-2.5599209790059342e-04
-2.5535450188711277e-04
-2.5473214581054341e-04
-2.5412471049305815e-04
-2.5353547663256728e-04
-2.5296427214168354e-04
-2.5239325279508712e-04
-2.5182591373705109e-04
-2.5127701067125674e-04
-2.5074641672627864e-04
-2.5023403546813473e-04
-2.4973684830773127e-04
-2.4924853765218832e-04
-2.4876082651704648e-04
-2.4829186844750042e-04
-2.4784164616721614e-04
-2.4740677376095286e-04
-2.4699024304717678e-04
-2.4659249913590184e-04
-2.4618977741515136e-04
-2.4580644617821926e-04
0.0000000000000000e+00
4.8157131230926409e-01
3.6295485309822773e-01
7.2925365311217348e+01
];
