%Vec Object:sol 1 MPI processes
%  type: mpi
sol = [
0.0000000000000000e+00
-3.4389899901189980e-03
-3.4160873182128939e-03
-3.3936481792369586e-03
-3.3718294530188822e-03
-3.3509960482815898e-03
-3.3301698874580827e-03
-3.3100753504336903e-03
-3.2900689736002574e-03
-3.2705635307038938e-03
-3.2518932720405585e-03
-3.2332140916729599e-03
-3.2153284950654903e-03
-3.1978578431722158e-03
-3.1802506070141368e-03
-3.1632621844933139e-03
-3.1464139204272785e-03
-3.1300937597663054e-03
-3.1142826373686443e-03
-3.0985833348171257e-03
-3.0833509572519716e-03
-3.0680447379258101e-03
-3.0530126244845404e-03
-3.0384876026976373e-03
-3.0241214468577191e-03
-3.0101207157441109e-03
-2.9965675531719482e-03
-2.9828469396596768e-03
-2.9693374050196431e-03
-2.9561895189309105e-03
-2.9431464396215841e-03
-2.9304994547571725e-03
-2.9181370125183279e-03
-2.9059173416805064e-03
-2.8937275123472033e-03
-2.8817003588465892e-03
-2.8698389896936547e-03
-2.8583095947612314e-03
-2.8469986498164800e-03
-2.8358494818160507e-03
-2.8249802706575952e-03
-2.8139642465583475e-03
-2.8031008821903206e-03
-2.7925241393939068e-03
-2.7821675498774382e-03
-2.7719359987915669e-03
-2.7619695417197185e-03
-2.7521257502692710e-03
-2.7421299472411174e-03
-2.7323880028815107e-03
-2.7228881525311272e-03
-2.7134867115314299e-03
-2.7043017680922813e-03
-2.6953440376640170e-03
-2.6863391746467053e-03
-2.6773497851852361e-03
-2.6685813318187016e-03
-2.6600042213745750e-03
-2.6515337189012872e-03
-2.6432727339977154e-03
-2.6352140871177599e-03
-2.6270210731581005e-03
-2.6189351925475497e-03
-2.6110487094788640e-03
-2.6033463082685122e-03
-2.5957450983573466e-03
-2.5883355308899355e-03
-2.5810931156918784e-03
-2.5737199078394442e-03
-2.5664809377548602e-03
-2.5594280543932636e-03
-2.5525572192103764e-03
-2.5458205156070699e-03
-2.5392294819447259e-03
-2.5327196946779004e-03
-2.5261997101271283e-03
-2.5198153380075515e-03
-2.5135812469828465e-03
-2.5075238285426882e-03
-2.5016407507953997e-03
-2.4959014454717645e-03
-2.4901304514808177e-03
-2.4844377438997872e-03
-2.4789209393253908e-03
-2.4735704500378620e-03
-2.4683491856392083e-03
-2.4633038487010487e-03
-2.4584335869529479e-03
-2.4534867835979391e-03
-2.4486803903960917e-03
-2.4440361424418722e-03
-2.4395719132178141e-03
-2.4352875376169726e-03
-2.4311830044636612e-03
-2.4271414050407803e-03
-2.4231129075980716e-03
-2.4192717792118016e-03
-2.4156187061644581e-03
-2.4121545022515595e-03
0.0000000000000000e+00
4.7280204188491071e-01
3.6295486983223779e-01
7.2925299968229737e+01
];
