%Vec Object:sol 1 MPI processes
%  type: mpi
sol = [
0.0000000000000000e+00
-3.5922690051112169e-03
-3.5675951655584261e-03
-3.5434322371444005e-03
-3.5199450518924921e-03
-3.4971518273429311e-03
-3.4741639244530382e-03
-3.4522592315157463e-03
-3.4307834081409067e-03
-3.4098520334796055e-03
-3.3898158637410618e-03
-3.3694862258482092e-03
-3.3497652028241010e-03
-3.3305082459962401e-03
-3.3116040140840643e-03
-3.2934351977728198e-03
-3.2754258062881263e-03
-3.2577675955782546e-03
-3.2403699265443706e-03
-3.2231127030702780e-03
-3.2064751503112303e-03
-3.1901681329570696e-03
-3.1741580343555551e-03
-3.1585654032220850e-03
-3.1428051308478948e-03
-3.1274473614008626e-03
-3.1125773445507348e-03
-3.0977900518938824e-03
-3.0834548119239064e-03
-3.0694757762308243e-03
-3.0552065248669173e-03
-3.0413682409111825e-03
-3.0278433793594051e-03
-3.0144830116732905e-03
-3.0015105157354190e-03
-2.9887993454786044e-03
-2.9759198458294417e-03
-2.9633377736455651e-03
-2.9509971322993723e-03
-2.9388382473167275e-03
-2.9270086138868117e-03
-2.9154089797673423e-03
-2.9037380722451473e-03
-2.8922263905534385e-03
-2.8809555314613729e-03
-2.8698257709628260e-03
-2.8589830389226674e-03
-2.8483943010109182e-03
-2.8377789765920342e-03
-2.8272045187782181e-03
-2.8168917091603717e-03
-2.8066902643667062e-03
-2.7967231288019943e-03
-2.7870011298912509e-03
-2.7773970741796152e-03
-2.7676652862717046e-03
-2.7581712608642913e-03
-2.7488838280213435e-03
-2.7397144007901158e-03
-2.7307699959857085e-03
-2.7220428383424805e-03
-2.7131755751303587e-03
-2.7044408584411361e-03
-2.6959195970198821e-03
-2.6875955781036935e-03
-2.6793822625118427e-03
-2.6713736230622150e-03
-2.6633835764488002e-03
-2.6554318652438832e-03
-2.6476243973921950e-03
-2.6400149204820738e-03
-2.6325990114002386e-03
-2.6253266156436483e-03
-2.6181088779248891e-03
-2.6108937513346746e-03
-2.6038689208709282e-03
-2.5969883617775707e-03
-2.5902671688871489e-03
-2.5837326062108767e-03
-2.5773500035284145e-03
-2.5708771090247814e-03
-2.5645579502015865e-03
-2.5584256277431982e-03
-2.5524782074769080e-03
-2.5467055541311683e-03
-2.5410689760862778e-03
-2.5353773643111560e-03
-2.5298478600153150e-03
-2.5245048775586801e-03
-2.5193177863280076e-03
-2.5143000733689239e-03
-2.5094701819178629e-03
-2.5046441753309172e-03
-2.4999378711466854e-03
-2.4953886589663401e-03
-2.4910267054338874e-03
-2.4868594123854566e-03
-2.4828873493665687e-03
-2.4789702377529662e-03
0.0000000000000000e+00
4.8555530019936505e-01
3.6295486983223779e-01
7.2925299968229737e+01
];
