%Vec Object:sol 1 MPI processes
%  type: mpi
sol = [
0.0000000000000000e+00
-3.9751417952700233e-04
-3.9452160664810360e-04
-3.9156856724479320e-04
-3.8865905847591787e-04
-3.8587778487928490e-04
-3.8310752458389872e-04
-3.8046576507582623e-04
-3.7785485559589264e-04
-3.7527363421458452e-04
-3.7280026707543800e-04
-3.7033415125784788e-04
-3.6797019237153739e-04
-3.6564459762470047e-04
-3.6332524424980789e-04
-3.6109428843378793e-04
-3.5888672366488783e-04
-3.5674812788276682e-04
-3.5466395542309948e-04
-3.5255845938846129e-04
-3.5052720856667961e-04
-3.4853756519467280e-04
-3.4658562525332091e-04
-3.4469411908056658e-04
-3.4278146585885638e-04
-3.4091782882445919e-04
-3.3911252491653383e-04
-3.3732021258450122e-04
-3.3558197032333324e-04
-3.3384754839168782e-04
-3.3212682074036773e-04
-3.3045737513254984e-04
-3.2882597635915486e-04
-3.2721596395924359e-04
-3.2562054819275995e-04
-3.2404585325124160e-04
-3.2249475949026288e-04
-3.2098639980581215e-04
-3.1950742990418648e-04
-3.1803053927188395e-04
-3.1657282658913133e-04
-3.1514392298834828e-04
-3.1373627334182054e-04
-3.1236523734135907e-04
-3.1101289961507422e-04
-3.0965006595276849e-04
-3.0832188115495430e-04
-3.0702459107050724e-04
-3.0574151311822895e-04
-3.0449022176744445e-04
-3.0323383634258750e-04
-3.0199196390904583e-04
-3.0077842927074045e-04
-2.9959433775291177e-04
-2.9842954707420973e-04
-2.9726106601610784e-04
-2.9611131239766215e-04
-2.9498648668840460e-04
-2.9387680479995708e-04
-2.9279395624785110e-04
-2.9172264416526096e-04
-2.9064962366051454e-04
-2.8959854821956638e-04
-2.8857279936724017e-04
-2.8757054428195844e-04
-2.8657794610752998e-04
-2.8558271753270561e-04
-2.8461168367902452e-04
-2.8366026059597208e-04
-2.8272629015582001e-04
-2.8181558605445761e-04
-2.8090273942873073e-04
-2.8000261923723040e-04
-2.7912158480260729e-04
-2.7826319149867434e-04
-2.7742701053188592e-04
-2.7659299213655801e-04
-2.7576443252075327e-04
-2.7495812001427039e-04
-2.7417371636949476e-04
-2.7340769395099105e-04
-2.7265378334259764e-04
-2.7190001802889489e-04
-2.7116807516061934e-04
-2.7045680577225076e-04
-2.6976196545024545e-04
-2.6908877644095662e-04
-2.6841291994956991e-04
-2.6775639063390675e-04
-2.6711827084840040e-04
-2.6649997976632608e-04
-2.6590347120330701e-04
-2.6531303481342356e-04
-2.6473462751988082e-04
-2.6417453969267032e-04
-2.6363599990855821e-04
-2.6311976608186794e-04
-2.6261771529151470e-04
-2.6212161233438625e-04
0.0000000000000000e+00
5.1577079651041191e-01
3.6295485309822773e-01
7.2925365311217348e+01
];
