%Vec Object:sol 1 MPI processes
%  type: mpi
sol = [
0.0000000000000000e+00
-3.5132137290307293e-03
-3.4897358928207317e-03
-3.4663984893876830e-03
-3.4434466350353383e-03
-3.4215242307502106e-03
-3.3996270664159345e-03
-3.3787686018507410e-03
-3.3583126860945874e-03
-3.3382300850460646e-03
-3.3185998230126942e-03
-3.2989756367603823e-03
-3.2801797313995115e-03
-3.2618232421341479e-03
-3.2437980645109274e-03
-3.2264777604676851e-03
-3.2088477235366819e-03
-3.1917151894516544e-03
-3.1751162636809091e-03
-3.1586437223312478e-03
-3.1427652834673521e-03
-3.1271994448366838e-03
-3.1116872881422970e-03
-3.0964555775683444e-03
-3.0813967169558386e-03
-3.0667218111028586e-03
-3.0525144691181689e-03
-3.0383796876791947e-03
-3.0246637165783105e-03
-3.0108956577534723e-03
-2.9972434137740139e-03
-2.9840046366317787e-03
-2.9710648764417870e-03
-2.9582789076324553e-03
-2.9458651524086016e-03
-2.9334715176322990e-03
-2.9210729080680355e-03
-2.9090206331522229e-03
-2.8971983709706766e-03
-2.8855479905416218e-03
-2.8742138493097836e-03
-2.8630722283784112e-03
-2.8517324280981685e-03
-2.8406913090469792e-03
-2.8298807271942925e-03
-2.8192033391352903e-03
-2.8088020031564668e-03
-2.7986446120871044e-03
-2.7883805327771527e-03
-2.7782244441312779e-03
-2.7683202349169330e-03
-2.7585210352745666e-03
-2.7489472484785449e-03
-2.7396096267936769e-03
-2.7303975751556391e-03
-2.7210387754490551e-03
-2.7119093153189656e-03
-2.7029788282566152e-03
-2.6941607143690324e-03
-2.6855598415562042e-03
-2.6771687301581351e-03
-2.6687264992093906e-03
-2.6603174512345013e-03
-2.6521148054486901e-03
-2.6441028037124683e-03
-2.6361967923874503e-03
-2.6284889050293535e-03
-2.6209561973677929e-03
-2.6132943808656207e-03
-2.6057718246162011e-03
-2.5984412823434194e-03
-2.5912985224131389e-03
-2.5842945928114648e-03
-2.5774411653351624e-03
-2.5706070871195259e-03
-2.5638341143028806e-03
-2.5572010938576758e-03
-2.5507228881968304e-03
-2.5444262966761873e-03
-2.5383088457279442e-03
-2.5323107323793562e-03
-2.5262148318570942e-03
-2.5203010891212568e-03
-2.5145676778451026e-03
-2.5090047277517885e-03
-2.5035743543889489e-03
-2.4983240055081023e-03
-2.4930791099039662e-03
-2.4879275750017173e-03
-2.4829283904441615e-03
-2.4780948485373217e-03
-2.4734451145789066e-03
-2.4689789714952182e-03
-2.4646318446067644e-03
-2.4602496718607167e-03
-2.4560511159885099e-03
-2.4520435140362525e-03
-2.4482274962974488e-03
-2.4446038224262587e-03
0.0000000000000000e+00
4.7898724447132379e-01
3.6295486983223779e-01
7.2925299968229737e+01
];
