%Vec Object:sol 1 MPI processes
%  type: mpi
sol = [
0.0000000000000000e+00
-1.4544621783294435e-02
-1.2773612764743918e-02
-4.0531986668733266e-03
-4.0165932997728226e-03
-3.9784481760359791e-03
-3.9404703480723372e-03
-3.9039204536264684e-03
-3.8679904995744204e-03
-3.8323820224742894e-03
-3.7978598293215964e-03
-3.7634441682275906e-03
-3.7301401585163518e-03
-3.6972371604769862e-03
-3.6645686632404985e-03
-3.6328499135985593e-03
-3.6013944834724365e-03
-3.5706730432341184e-03
-3.5402177297478234e-03
-3.5099919860739387e-03
-3.4805496576804954e-03
-3.4515498096756125e-03
-3.4227544197928637e-03
-3.3944267771333090e-03
-3.3663660344798165e-03
-3.3388170318195123e-03
-3.3118726424792477e-03
-3.2847485163420374e-03
-3.2581342586639416e-03
-3.2320116788080583e-03
-3.2060766709139997e-03
-3.1806262345263599e-03
-3.1552620345162976e-03
-3.1301358264724010e-03
-3.1054929626438362e-03
-3.0811921639565263e-03
-3.0570463775641834e-03
-3.0331146006800751e-03
-3.0095010109419192e-03
-2.9861410244853416e-03
-2.9631935849671947e-03
-2.9404439863175112e-03
-2.9177415041619316e-03
-2.8954316238175705e-03
-2.8734402828796668e-03
-2.8516632078672572e-03
-2.8301692148288505e-03
-2.8088257905618899e-03
-2.7876707065508789e-03
-2.7668757383451916e-03
-2.7464293659472555e-03
-2.7261411795169951e-03
-2.7059647807184117e-03
-2.6861344172225865e-03
-2.6665592726370828e-03
-2.6472628959538194e-03
-2.6283063602440307e-03
-2.6094612804512043e-03
-2.5908160168127766e-03
-2.5725153849054990e-03
-2.5545554368972870e-03
-2.5368553747112791e-03
-2.5193689646326022e-03
-2.5021096698232600e-03
-2.4851892736501143e-03
-2.4685285134985872e-03
-2.4522243164400866e-03
-2.4362766450833732e-03
-2.4204745733617150e-03
-2.4049654959041912e-03
-2.3898294582668628e-03
-2.3750685803528870e-03
-2.3606418647539431e-03
-2.3465289408719061e-03
-2.3326637588709444e-03
-2.3191985146032773e-03
-2.3060979159037305e-03
-2.2933846068383399e-03
-2.2810927231585818e-03
-2.2691588390124280e-03
-2.2575343463957205e-03
-2.2463298542073277e-03
-2.2355869003656261e-03
-2.2253151789240464e-03
-2.2155179223525474e-03
-2.2060921833284342e-03
-2.1970989787555638e-03
-2.1886333552198043e-03
-2.1807084108578251e-03
-2.1733128368806036e-03
-2.1664748521656504e-03
-2.1601477700427742e-03
-2.1543543411018111e-03
-2.1491849018430483e-03
-2.1446241330942001e-03
-2.1407175714608390e-03
-2.1374831294651828e-03
-2.1348597406751512e-03
-2.1328596976402342e-03
0.0000000000000000e+00
5.5424900924406661e-01
3.6248194061234873e-01
7.0322290034330109e+01
];
