%Vec Object:sol 1 MPI processes
%  type: mpi
sol = [
0.0000000000000000e+00
-4.0168159224942239e-04
-3.9857178049834430e-04
-3.9552993104077051e-04
-3.9257470129075520e-04
-3.8974947788935222e-04
-3.8691909997239093e-04
-3.8417247793595368e-04
-3.8148245851159294e-04
-3.7886202407584624e-04
-3.7635080625933025e-04
-3.7382832907525271e-04
-3.7136963812888104e-04
-3.6897000866384556e-04
-3.6661655556385490e-04
-3.6435251660252906e-04
-3.6209415575599380e-04
-3.5986929647271093e-04
-3.5771293425966246e-04
-3.5557745861142676e-04
-3.5351699992768298e-04
-3.5148326459299414e-04
-3.4945226540602034e-04
-3.4748801664986710e-04
-3.4554893884756864e-04
-3.4365931230987475e-04
-3.4181731393076513e-04
-3.3995215768414485e-04
-3.3814275663257256e-04
-3.3638138033348928e-04
-3.3463756644183391e-04
-3.3293919381784744e-04
-3.3124082520393790e-04
-3.2956507877194896e-04
-3.2793688572759931e-04
-3.2634188775422290e-04
-3.2476993298487510e-04
-3.2319969761715234e-04
-3.2166007350769080e-04
-3.2014429214395087e-04
-3.1866872902021142e-04
-3.1722214944535050e-04
-3.1576234583022001e-04
-3.1433510077719627e-04
-3.1293777597310858e-04
-3.1155917669168010e-04
-3.1021547719805665e-04
-3.0887646711088326e-04
-3.0754124319143123e-04
-3.0623924133704814e-04
-3.0496896037446466e-04
-3.0371363730420837e-04
-3.0246848847101875e-04
-3.0123626778585379e-04
-3.0002428769940962e-04
-2.9883468841495334e-04
-2.9767373575882180e-04
-2.9652733499396593e-04
-2.9537332639169208e-04
-2.9424711749545670e-04
-2.9314776807705623e-04
-2.9206574607216508e-04
-2.9100279461017486e-04
-2.8993652389940576e-04
-2.8889465968154359e-04
-2.8786760500705257e-04
-2.8686566395075118e-04
-2.8588813954255165e-04
-2.8490385200967210e-04
-2.8393374687791574e-04
-2.8298780465557460e-04
-2.8206548384174658e-04
-2.8116123306527085e-04
-2.8025774779963586e-04
-2.7936686442177420e-04
-2.7849904584855968e-04
-2.7764919671114752e-04
-2.7681893501292366e-04
-2.7600014630956617e-04
-2.7518683279405579e-04
-2.7439271073264698e-04
-2.7361738178237896e-04
-2.7286442950340918e-04
-2.7212946751009495e-04
-2.7139282209808017e-04
-2.7067338622701069e-04
-2.6997639252030197e-04
-2.6930165572189405e-04
-2.6864903764792355e-04
-2.6799124977737319e-04
-2.6735189640837075e-04
-2.6673512760707133e-04
-2.6614085700385427e-04
-2.6556901671880419e-04
-2.6499851349387065e-04
-2.6444241432201700e-04
-2.6390940181938657e-04
-2.6339948724334614e-04
-2.6291269695493047e-04
0.0000000000000000e+00
5.1893333159489585e-01
3.6295485309822773e-01
7.2925365311217348e+01
];
