%Vec Object:sol 1 MPI processes
%  type: mpi
sol = [
0.0000000000000000e+00
-3.9833420779284041e-04
-3.9533240111933336e-04
-3.9234679710326595e-04
-3.8942866429959378e-04
-3.8663911846292451e-04
-3.8386063700894708e-04
-3.8121100169183353e-04
-3.7856919274182948e-04
-3.7598060289771227e-04
-3.7350014148477526e-04
-3.7102695901206030e-04
-3.6865618945169172e-04
-3.6630114093024949e-04
-3.6397540977958922e-04
-3.6173828373645757e-04
-3.5952460312321062e-04
-3.5738005087239654e-04
-3.5526770234059664e-04
-3.5315662489487882e-04
-3.5111995114546181e-04
-3.4912496856408828e-04
-3.4716776383750627e-04
-3.4524918760131204e-04
-3.4333162611204437e-04
-3.4146316845089366e-04
-3.3965314907625582e-04
-3.3785612871294805e-04
-3.3609552590366715e-04
-3.3435312392186210e-04
-3.3262822237811680e-04
-3.3095468339450706e-04
-3.2931924695093085e-04
-3.2769629534955985e-04
-3.2608500788672490e-04
-3.2450673518766445e-04
-3.2295209264810777e-04
-3.2144025221389651e-04
-3.1995752256584292e-04
-3.1845703049296532e-04
-3.1699626346143106e-04
-3.1556434504722799e-04
-3.1415370726529653e-04
-3.1277973992042220e-04
-3.1140430803815205e-04
-3.1003878161782700e-04
-3.0870795195173936e-04
-3.0740805885286698e-04
-3.0612239120334607e-04
-3.0484912712720600e-04
-3.0359009046567126e-04
-3.0234593401257272e-04
-3.0113015335419944e-04
-2.9994385791023092e-04
-2.9876714598159212e-04
-2.9758712034863723e-04
-2.9643556056942541e-04
-2.9530896468128639e-04
-2.9419753518330810e-04
-2.9311253999640154e-04
-2.9202116757417904e-04
-2.9094678312200750e-04
-2.8989437664258855e-04
-2.8886733571684993e-04
-2.8786382621961444e-04
-2.8685142695489366e-04
-2.8585516054228379e-04
-2.8488312557353436e-04
-2.8393073351904970e-04
-2.8299582600363812e-04
-2.8207111671771915e-04
-2.8115258189104257e-04
-2.8025192480778653e-04
-2.7937039068592662e-04
-2.7851154134946629e-04
-2.7767087261303320e-04
-2.7682288158075547e-04
-2.7599426140237029e-04
-2.7518793322310023e-04
-2.7440355917819831e-04
-2.7363759187009251e-04
-2.7286630453562228e-04
-2.7211282103713506e-04
-2.7138120172187120e-04
-2.7067029595587101e-04
-2.6997585205964413e-04
-2.6928835313376725e-04
-2.6861082356114974e-04
-2.6795510809480411e-04
-2.6731783603330372e-04
-2.6670043269142379e-04
-2.6609794144628516e-04
-2.6549868042841421e-04
-2.6492154891265707e-04
-2.6436278221391709e-04
-2.6382561549371023e-04
-2.6331064338178280e-04
-2.6279371013059467e-04
-2.6229936156699934e-04
0.0000000000000000e+00
5.1639119652665799e-01
3.6295485309822773e-01
7.2925365311217348e+01
];
