%Vec Object:sol 1 MPI processes
%  type: mpi
sol = [
0.0000000000000000e+00
-4.2211153662347484e-03
-4.1853463935637896e-03
-4.1496767397868608e-03
-4.1149696474358207e-03
-4.0816831406224477e-03
-4.0485530091431982e-03
-4.0164539391867437e-03
-3.9847248578121367e-03
-3.9537672202630218e-03
-3.9239981235028813e-03
-3.8942992758216281e-03
-3.8651690119860635e-03
-3.8366929657725150e-03
-3.8087343025956411e-03
-3.7817470913140924e-03
-3.7547714293237793e-03
-3.7282778251258200e-03
-3.7025325201041201e-03
-3.6770351014195147e-03
-3.6523525045234562e-03
-3.6277048723108388e-03
-3.6034127930906447e-03
-3.5798468597331816e-03
-3.5565721743130063e-03
-3.5337707551191086e-03
-3.5112042410765294e-03
-3.4888155203227252e-03
-3.4670359983764885e-03
-3.4457847770082198e-03
-3.4245613284501759e-03
-3.4036444325970588e-03
-3.3831669516469947e-03
-3.3629545081026758e-03
-3.3432649200515136e-03
-3.3236872914360277e-03
-3.3042358929087803e-03
-3.2852719632327373e-03
-3.2666564480875867e-03
-3.2483199463359913e-03
-3.2301186029162618e-03
-3.2121759830771261e-03
-3.1944981779693043e-03
-3.1772440782372080e-03
-3.1603328540313700e-03
-3.1433109671038018e-03
-3.1266609795310919e-03
-3.1103762934682668e-03
-3.0942855409506827e-03
-3.0785734691029299e-03
-3.0628774227645004e-03
-3.0473826576150474e-03
-3.0322282902274680e-03
-3.0174258130882402e-03
-3.0028589459928780e-03
-2.9882481641729077e-03
-2.9739799405397922e-03
-2.9600188923529303e-03
-2.9462658078291833e-03
-2.9328268293245352e-03
-2.9194099352690458e-03
-2.9062231108602219e-03
-2.8933153204275413e-03
-2.8807212716942861e-03
-2.8684196548405209e-03
-2.8560274845623561e-03
-2.8439458306567579e-03
-2.8321682946250044e-03
-2.8206490759123894e-03
-2.8093669590117895e-03
-2.7981156055761807e-03
-2.7871468175966209e-03
-2.7764205398279622e-03
-2.7659498073168243e-03
-2.7557708321737599e-03
-2.7456508252365216e-03
-2.7357350493447128e-03
-2.7260790758849170e-03
-2.7167126151085613e-03
-2.7076327646628293e-03
-2.6986146246284369e-03
-2.6897832404238504e-03
-2.6812413301089025e-03
-2.6729867507191887e-03
-2.6650084579531151e-03
-2.6571138863677375e-03
-2.6494144167689615e-03
-2.6420048507961535e-03
-2.6348840025953914e-03
-2.6280187217299906e-03
-2.6213113093473401e-03
-2.6147720650928951e-03
-2.6085266133008384e-03
-2.6025746017317073e-03
-2.5968789372481146e-03
-2.5913953325628620e-03
-2.5860578663783472e-03
-2.5810213225015183e-03
-2.5762862002520737e-03
0.0000000000000000e+00
5.3417719306198808e-01
3.6295486983223779e-01
7.2925299968229737e+01
];
