%Vec Object:sol 1 MPI processes
%  type: mpi
sol = [
0.0000000000000000e+00
-3.7594430324189537e-04
-3.7327204793429088e-04
-3.7060130427007850e-04
-3.6800610411447381e-04
-3.6552672175831221e-04
-3.6305392040410315e-04
-3.6069756007410005e-04
-3.5835325877846909e-04
-3.5604521905122251e-04
-3.5383491513626931e-04
-3.5162837078378409e-04
-3.4951451981563210e-04
-3.4745106311430732e-04
-3.4537216293402731e-04
-3.4337296222340354e-04
-3.4139320206501528e-04
-3.3947570997559101e-04
-3.3761815465409582e-04
-3.3575895362747112e-04
-3.3393329792244254e-04
-3.3214466036322551e-04
-3.3038943469202711e-04
-3.2869318477712504e-04
-3.2701735521508221e-04
-3.2535334833793761e-04
-3.2372615535368416e-04
-3.2210949866111533e-04
-3.2054212142437001e-04
-3.1901694191930377e-04
-3.1750576696486325e-04
-3.1599825449930244e-04
-3.1452297548491238e-04
-3.1306648016318024e-04
-3.1165214503756008e-04
-3.1026662998590227e-04
-3.0889241502668572e-04
-3.0752402252516597e-04
-3.0618221852899720e-04
-3.0486070726684053e-04
-3.0357489520709598e-04
-3.0231433280561508e-04
-3.0105420668137669e-04
-2.9980609438789605e-04
-2.9858424300023708e-04
-2.9737817872191395e-04
-2.9620313839677764e-04
-2.9505562349433685e-04
-2.9389474696139638e-04
-2.9275166808605631e-04
-2.9163681024348939e-04
-2.9053442977253804e-04
-2.8945735466500284e-04
-2.8840670150529591e-04
-2.8734147204458380e-04
-2.8629242733042994e-04
-2.8526891854726736e-04
-2.8426765651297538e-04
-2.8327936340093732e-04
-2.8231140892746566e-04
-2.8133784859385967e-04
-2.8037926374625675e-04
-2.7944022418809224e-04
-2.7852397967121565e-04
-2.7762881397897583e-04
-2.7673553907193446e-04
-2.7584329269857193e-04
-2.7497286731113731e-04
-2.7411991753150647e-04
-2.7328240551737420e-04
-2.7246591483988576e-04
-2.7165405166977092e-04
-2.7084403314836010e-04
-2.7005109863656614e-04
-2.6927866333104208e-04
-2.6852633859039519e-04
-2.6778931088750286e-04
-2.6704782216843692e-04
-2.6631934669675263e-04
-2.6561077588128294e-04
-2.6491875548604590e-04
-2.6424292736991158e-04
-2.6358689870881527e-04
-2.6292344105440760e-04
-2.6227829406611137e-04
-2.6164791227595101e-04
-2.6103729222121119e-04
-2.6044627606611849e-04
-2.5986908049100229e-04
-2.5928782440961542e-04
-2.5872467891453998e-04
-2.5818153400029246e-04
-2.5765833234957155e-04
-2.5715503286577457e-04
-2.5665599866488007e-04
-2.5616345123237536e-04
-2.5569150600425738e-04
-2.5524019703315900e-04
-2.5480957254015422e-04
0.0000000000000000e+00
4.9901734062767911e-01
3.6295485309822773e-01
7.2925365311217348e+01
];
