%Vec Object:dSdr_b_aug 1 MPI processes
%  type: seq
dSdr_b_aug = [
0.0000000000000000e+00
0.0000000000000000e+00
6.7891019795185681e-01
0.0000000000000000e+00
-1.7038201735691538e-02
-7.0883225952055456e-03
-4.4458272768209163e-03
-3.1690740260384904e-03
-2.3714057390723008e-03
-1.8773336700455216e-03
-1.5424880092070948e-03
-1.2134188839416868e-01
-2.1267767726849431e+00
-2.0082217976403389e+00
-1.8999158248176458e+00
-1.8008876560831053e+00
-1.7082028267039107e+00
-1.6180382006040310e+00
-1.5407459059500910e+00
-1.4691177592268010e+00
-1.4026680583575870e+00
-1.3386646398315740e+00
-1.2768026435061306e+00
-1.2229368935337908e+00
-1.1724533689686596e+00
-1.1250480440258235e+00
-1.0770308911895856e+00
-1.0334251620844110e+00
-9.9384872211194797e-01
-9.5645630467742204e-01
-9.2019729893005475e-01
-8.8319247313449945e-01
-8.5139668108592226e-01
-8.2115623566028595e-01
-7.9235651417065323e-01
-7.6170139041679930e-01
-7.3516879710059091e-01
-7.1023091594202947e-01
-6.8638521561050503e-01
-6.6125551095325064e-01
-6.3857682114395153e-01
-6.1767475422160234e-01
-5.9761558262367642e-01
-5.7637068490670373e-01
-5.5706311419241805e-01
-5.3930201249307130e-01
-5.2220176944202035e-01
-5.0370770919835950e-01
-4.8738257139442859e-01
-4.7211677357094062e-01
-4.5734085078041581e-01
-4.4088410277505674e-01
-4.2719749374191629e-01
-4.1397274439904641e-01
-4.0048524511485856e-01
-3.8680859238181819e-01
-3.7494867459148307e-01
-3.6351466011656230e-01
-3.5106562834809463e-01
-3.4007730513871809e-01
-3.2998648389587037e-01
-3.1986906763234002e-01
-3.0944291645792033e-01
-3.0078758517145249e-01
-2.9260549513400902e-01
-2.8354604020689367e-01
-2.7618631586108267e-01
-2.6951452872285581e-01
-2.6252303160683760e-01
-2.5613640918228381e-01
-2.5082673153016966e-01
-2.4548156089399256e-01
-2.3993946876992212e-01
-2.3561657776142944e-01
-2.3133886813448776e-01
-2.2632294548862922e-01
-2.2251246879451192e-01
-2.1871032128026471e-01
-2.1391316401176122e-01
-2.1019691367041377e-01
-2.0640196836583291e-01
-2.0167686388817546e-01
-1.9777409705122143e-01
-1.9380230260917050e-01
-1.8894295219266913e-01
-1.8482320893947810e-01
-1.8061858512617235e-01
-1.7555829664565395e-01
-1.7127256676930885e-01
-1.6678605812938652e-01
-1.6170222580071053e-01
-1.5725263932089939e-01
-1.5253570365220159e-01
-1.4752179518137393e-01
-1.4298841786868990e-01
-1.3811017648078558e-01
-1.3325526543184918e-01
-1.2871619158724945e-01
-1.2374534707823960e-01
-1.1912456711449768e-01
-1.1461987617581895e-01
-1.0968420353354953e-01
-1.0531835667084438e-01
-1.0219218822226157e-01
-1.0041558909045285e-01
-9.8890843083259267e-02
-9.6967993640336064e-02
-9.5285565339503511e-02
-9.3535134687166552e-02
-9.1526716761907184e-02
-8.9791327699814544e-02
-8.7750305312654195e-02
-8.5822792918261670e-02
-8.3887806983086871e-02
-8.1711450546722936e-02
-7.9782936119740980e-02
-7.7594290581874267e-02
-7.5526997279917504e-02
-7.3429283748854032e-02
-7.1199733072030272e-02
-6.9155761922839634e-02
-6.6882076676803209e-02
-6.4797001256479872e-02
-6.2618823976234916e-02
-6.0456626626272644e-02
-5.8371202399239187e-02
-5.6167614933898685e-02
-5.4146749280198060e-02
-5.1992273443128297e-02
-4.9992765487721053e-02
-4.7946701094202744e-02
-4.5962414688732571e-02
-4.4028494175851481e-02
-4.2082419540293813e-02
-4.0260999160775329e-02
-3.8378020563560981e-02
-3.6651874192733351e-02
-3.4881264059040462e-02
-3.3236155624102363e-02
-3.1590233113512993e-02
-3.0034186624209969e-02
-2.8511585995760133e-02
-2.7053001864338851e-02
-2.5654048775710554e-02
-2.4300204276653397e-02
-2.3021828737123270e-02
-2.1778837446150463e-02
-2.0617098441264053e-02
-1.9487143584855988e-02
-1.8438096025884258e-02
-1.7419705021415328e-02
-1.6479596271425426e-02
-1.5570627008763334e-02
-1.4733794745857070e-02
-1.3930814324856565e-02
-1.3191680051445869e-02
-1.2489339911225325e-02
-1.1842516494806568e-02
-1.1234255812401775e-02
-1.0674571895022338e-02
-1.0154076023660764e-02
-9.6757218935950573e-03
-9.2371019113058964e-03
-8.8351032448872342e-03
-8.4726115043388117e-03
-8.1430258852887346e-03
-7.8514737385953874e-03
-7.5918511304791676e-03
-7.3678099767962033e-03
-7.1767121478377343e-03
-7.0185733630879496e-03
-6.8970423703109398e-03
-6.8060826562565306e-03
-6.7585480465054710e-03
-6.7389550316824852e-03
-6.7749665442820286e-03
-6.8387826061407407e-03
-6.9695649115321537e-03
-7.1403976865826351e-03
-7.3854498048517118e-03
-7.6997913814961785e-03
-8.0979023024312386e-03
-8.6119682856409963e-03
-9.2272705585510050e-03
-1.0033822977025901e-02
-1.0987079706291453e-02
-1.2210184912431867e-02
-1.3710243313325991e-02
-1.5585203021976917e-02
-1.7974877842118687e-02
-2.0930233019789513e-02
-2.4805953595556519e-02
-2.9695151300363262e-02
-3.6147815835013537e-02
-4.4779524076775074e-02
-5.6541945551813168e-02
-7.3561291105338059e-02
-9.9098920201475371e-02
-1.4119584003431032e-01
-2.1964122350197371e-01
-3.9902809020134022e-01
-1.0200321677233981e+00
0.0000000000000000e+00
];
