%Vec Object:dSdr_b_aug 1 MPI processes
%  type: seq
dSdr_b_aug = [
0.0000000000000000e+00
0.0000000000000000e+00
6.9176651129700573e-01
0.0000000000000000e+00
-1.7302563382885355e-02
-7.2155394517791792e-03
-4.5404615683888429e-03
-3.2471367663806589e-03
-2.4360352437666440e-03
-1.9336476186086417e-03
-1.5930967239522421e-03
-1.3390399228858860e-03
-1.8298373442356673e-03
-2.0887040466091462e+00
-1.9795178294825544e+00
-1.8764149282706282e+00
-1.7799013974467308e+00
-1.6860021321709679e+00
-1.6055002872730144e+00
-1.5308944577558410e+00
-1.4616806743809903e+00
-1.3950149281669437e+00
-1.3305808001617350e+00
-1.2744761297858949e+00
-1.2218961202162646e+00
-1.1725243126952045e+00
-1.1225189169083587e+00
-1.0771102158560835e+00
-1.0358997882271215e+00
-9.9696621286025655e-01
-9.5921581039402237e-01
-9.2069294147822567e-01
-8.8759465798820425e-01
-8.5611791768664380e-01
-8.2614320132926145e-01
-7.9424142696948641e-01
-7.6663142992090394e-01
-7.4068288470909038e-01
-7.1587278228817219e-01
-6.8972997180603257e-01
-6.6613854315144871e-01
-6.4439666627839387e-01
-6.2353315203027881e-01
-6.0143902595327292e-01
-5.8136087421741489e-01
-5.6289167612001867e-01
-5.4511052626199386e-01
-5.2588175693200379e-01
-5.0890735002155152e-01
-4.9303293478154059e-01
-4.7766513220015666e-01
-4.6054598979849704e-01
-4.4629654353661147e-01
-4.3251346823308096e-01
-4.1843665457902379e-01
-4.0413222919582975e-01
-3.9167263337541075e-01
-3.7959930367815237e-01
-3.6639171106222446e-01
-3.5460264776423783e-01
-3.4362604689033516e-01
-3.3247310089336912e-01
-3.2081231498207979e-01
-3.1079559248878164e-01
-3.0105959586408232e-01
-2.9013534259658685e-01
-2.8073551444762240e-01
-2.7181449184440254e-01
-2.6228236338123218e-01
-2.5313323599108362e-01
-2.4493983246936660e-01
-2.3653630621904320e-01
-2.2773494588366716e-01
-2.2019810762068839e-01
-2.1270960669190395e-01
-2.0433303972717162e-01
-1.9739426614129701e-01
-1.9063183655871782e-01
-1.8277063992862011e-01
-1.7636554471220159e-01
-1.7013671678951986e-01
-1.6293542935073721e-01
-1.5697070865158189e-01
-1.5123289464701253e-01
-1.4457134606636465e-01
-1.3908192242596260e-01
-1.3379357537742695e-01
-1.2757327557891809e-01
-1.2257815445143189e-01
-1.1758561848893481e-01
-1.1195034759450891e-01
-1.0734207338128363e-01
-1.0257475821909198e-01
-9.7519933153248306e-02
-9.3261923444227901e-02
-8.8663506100688710e-02
-8.4176415774518787e-02
-8.0235406995645339e-02
-7.5764878259204832e-02
-7.1827095375962199e-02
-6.8132243239178103e-02
-6.3853233842384435e-02
-6.0398544321028362e-02
-5.6991400933345496e-02
-5.3863437282981201e-02
-5.1307578602999178e-02
-4.8407091163990015e-02
-4.6039514334593613e-02
-4.3812836269327284e-02
-4.1426691813090381e-02
-3.9601592567975422e-02
-3.7569020632161977e-02
-3.5836607331571721e-02
-3.4269117554969308e-02
-3.2545354227891753e-02
-3.1235474906125854e-02
-2.9750826625190230e-02
-2.8487614589776358e-02
-2.7285904534215425e-02
-2.6017957875778226e-02
-2.4995029625172548e-02
-2.3804818765314605e-02
-2.2829744666392510e-02
-2.1808404082134289e-02
-2.0825746798073145e-02
-1.9931669890184793e-02
-1.8956557447954953e-02
-1.8138107251938457e-02
-1.7227375557217810e-02
-1.6434665891696974e-02
-1.5614619362217129e-02
-1.4836575864799974e-02
-1.4093495361619284e-02
-1.3341026178686020e-02
-1.2664515558823057e-02
-1.1948511562399549e-02
-1.1321678598816748e-02
-1.0666639305954668e-02
-1.0077677910080114e-02
-9.4856239523759614e-03
-8.9368510559476415e-03
-8.4029138874696825e-03
-7.8974553445009203e-03
-7.4184169319779459e-03
-6.9582778694404143e-03
-6.5303875268585216e-03
-6.1166188410785799e-03
-5.7362557852219569e-03
-5.3681524784735951e-03
-5.0320112908607923e-03
-4.7074560176522361e-03
-4.4125119177300031e-03
-4.1290953225210682e-03
-3.8719094471693950e-03
-3.6268356328969364e-03
-3.4041698186315964e-03
-3.1941723862353101e-03
-3.0030073944530651e-03
-2.8246402076037612e-03
-2.6621772162475485e-03
-2.5122646420162207e-03
-2.3756944744102362e-03
-2.2513824936183260e-03
-2.1382962829126083e-03
-2.0369720005843695e-03
-1.9454004683905951e-03
-1.8647986171805905e-03
-1.7933212630857815e-03
-1.7318214081595137e-03
-1.6794372234147689e-03
-1.6360622238548912e-03
-1.6025749378965565e-03
-1.5772671936053839e-03
-1.5635413720819381e-03
-1.5571983032846223e-03
-1.5656837876810901e-03
-1.5815536703170379e-03
-1.6155130747753310e-03
-1.6604385419339404e-03
-1.7260187667592069e-03
-1.8113920231824325e-03
-1.9213730549790019e-03
-2.0663970105910283e-03
-2.2437124075738637e-03
-2.4833804125444182e-03
-2.7750996574654983e-03
-3.1649140401731556e-03
-3.6639970904746616e-03
-4.3203736567941605e-03
-5.2082778106458489e-03
-6.3732819689673445e-03
-8.0171471646630858e-03
-1.0224940537522528e-02
-1.3342001842738550e-02
-1.7761745406513242e-02
-2.4060170586343351e-02
-3.3586788983281914e-02
-4.8274392841852483e-02
-7.3310727879162318e-02
-1.2190697371211905e-01
-2.4050125171440115e-01
-7.0495913225401896e-01
0.0000000000000000e+00
];
