%Vec Object:dSdr_b_aug 1 MPI processes
%  type: seq
dSdr_b_aug = [
0.0000000000000000e+00
0.0000000000000000e+00
6.1039363791491552e-01
0.0000000000000000e+00
-1.4091116096328063e-02
-2.8504601006727837e-01
-2.4627919786905696e+00
-2.2978530291968857e+00
-2.1466003331406869e+00
-2.0088029838873132e+00
-1.8839962159754524e+00
-1.7682293306408265e+00
-1.6599988917020516e+00
-1.5667667973402424e+00
-1.4817574871154913e+00
-1.4041384064988869e+00
-1.3315659896449152e+00
-1.2610200606935256e+00
-1.2006063623695695e+00
-1.1448662292808127e+00
-1.0951816156662249e+00
-1.0591940969367155e+00
-1.0665895581120932e+00
-1.1493662570879939e+00
-1.2685069366045287e+00
-1.3657951987111474e+00
-1.4198793334176285e+00
-1.4392486479993123e+00
-1.4354677921582888e+00
-1.4149742144194810e+00
-1.3867432992698328e+00
-1.3534820863052042e+00
-1.3208414332810969e+00
-1.2862984310813554e+00
-1.2506642209272791e+00
-1.2146232556585224e+00
-1.1814936348484082e+00
-1.1486466856067949e+00
-1.1157897942807888e+00
-1.0832143798143428e+00
-1.0526580008657092e+00
-1.0233740888572609e+00
-9.9422358769339469e-01
-9.6514172427237643e-01
-9.3783822582299847e-01
-9.1184939105890406e-01
-8.8603068141862329e-01
-8.5995570773134200e-01
-8.3590759482582666e-01
-8.1269997101529956e-01
-7.8966373068383833e-01
-7.6627649012603460e-01
-7.4518631241933153e-01
-7.2420415269548044e-01
-7.0337656774224799e-01
-6.8296667574066838e-01
-6.6397575104454332e-01
-6.4511626913534503e-01
-6.2605939565899771e-01
-6.0823144551004960e-01
-5.9102381610553312e-01
-5.7389190654010303e-01
-5.5681190531681435e-01
-5.4103878530174743e-01
-5.2543180903692766e-01
-5.0943529013041811e-01
-4.9468012672709261e-01
-4.8031034525618871e-01
-4.6576635124287336e-01
-4.5173336227062333e-01
-4.3847176226370194e-01
-4.2518465021008883e-01
-4.1190138251419445e-01
-3.9962659891091956e-01
-3.8743734872491453e-01
-3.7492007702705205e-01
-3.6353016863146442e-01
-3.5228209267983907e-01
-3.4055804467127665e-01
-3.2995468358568236e-01
-3.1950165349484172e-01
-3.0862385580846258e-01
-2.9871578301178525e-01
-2.8899906611128673e-01
-2.7886691646633960e-01
-2.6964686196465631e-01
-2.6060246391725034e-01
-2.5113329705440679e-01
-2.4258919606136997e-01
-2.3410391271412589e-01
-2.2536330729637932e-01
-2.1740117242435661e-01
-2.0941461272523348e-01
-2.0138628885829180e-01
-1.9397146887222058e-01
-1.8643460391503786e-01
-1.7909655713564440e-01
-1.7219562813041928e-01
-1.6506571905197043e-01
-1.5839300592846964e-01
-1.5195161021671427e-01
-1.4525393208199081e-01
-1.3918470755336732e-01
-1.3519564462266673e-01
-1.3327761400101817e-01
-1.3152852601914505e-01
-1.2936522078913859e-01
-1.2737829042303592e-01
-1.2528269543559903e-01
-1.2291536329742897e-01
-1.2076897666390372e-01
-1.1830718624279264e-01
-1.1593229418930824e-01
-1.1352407395183116e-01
-1.1087056852975180e-01
-1.0844038312360355e-01
-1.0574412778926044e-01
-1.0315812882324960e-01
-1.0053154553180470e-01
-9.7769672510962607e-02
-9.5185862511212999e-02
-9.2370043586312817e-02
-8.9739900726211269e-02
-8.7014115910677675e-02
-8.4304240104061817e-02
-8.1670997364867035e-02
-7.8918642544306611e-02
-7.6353895498156715e-02
-7.3652166343558353e-02
-7.1114086148271582e-02
-6.8527114105827305e-02
-6.6008167766479428e-02
-6.3543622202522437e-02
-6.1067456476060267e-02
-5.8727452240819940e-02
-5.6321122833287329e-02
-5.4087879951436782e-02
-5.1805834765004853e-02
-4.9664211390019718e-02
-4.7521177012221354e-02
-4.5480548409939613e-02
-4.3476654776348850e-02
-4.1546351102951268e-02
-3.9684199733371603e-02
-3.7873469903571738e-02
-3.6151109964531920e-02
-3.4468903596772148e-02
-3.2883560343839109e-02
-3.1334556369307508e-02
-2.9883768179900978e-02
-2.8468387460425206e-02
-2.7150315770440050e-02
-2.5868899789097375e-02
-2.4679086838203333e-02
-2.3530743837939256e-02
-2.2465035474231738e-02
-2.1446345066510976e-02
-2.0500988991499269e-02
-1.9606754221919896e-02
-1.8778353747147560e-02
-1.8003698840257668e-02
-1.7287675785009313e-02
-1.6628191510245267e-02
-1.6021079974397189e-02
-1.5472205335704923e-02
-1.4971927078916104e-02
-1.4529518919564390e-02
-1.4136120990268876e-02
-1.3798465050181260e-02
-1.3513202587414922e-02
-1.3281086398471517e-02
-1.3108868514550228e-02
-1.2987357126880201e-02
-1.2938175433896935e-02
-1.2936485155023297e-02
-1.3028048878096350e-02
-1.3167522820703527e-02
-1.3419045992259059e-02
-1.3738478472246336e-02
-1.4180695707684337e-02
-1.4736762611646767e-02
-1.5428097356004599e-02
-1.6302955276610010e-02
-1.7335376923446513e-02
-1.8657352778948092e-02
-2.0196878104098828e-02
-2.2125976696626869e-02
-2.4446088272551868e-02
-2.7283069950111833e-02
-3.0814156287202660e-02
-3.5100998085166091e-02
-4.0585541462732667e-02
-4.7399030565703680e-02
-5.6226605173915173e-02
-6.7858949256943177e-02
-8.3518206738141296e-02
-1.0581841464227551e-01
-1.3883618185648267e-01
-1.9218169387985978e-01
-2.8892922682654598e-01
-5.0135989312044882e-01
-1.1902939858157444e+00
0.0000000000000000e+00
];
