%Vec Object:dSdr_b_aug 1 MPI processes
%  type: seq
dSdr_b_aug = [
0.0000000000000000e+00
0.0000000000000000e+00
9.6189162732794986e-01
0.0000000000000000e+00
-2.9131217092643963e-02
-1.1197449341912590e-02
-6.3209199731524782e-03
-4.2833130551983680e-03
-3.2270824845623569e-03
-2.5812943868802883e-03
-2.1446449118602603e-03
-1.7980381010892657e-03
-1.5411963008308105e-03
-1.3448297253131831e-03
-1.1834951016676182e-03
-1.0526979136702517e-03
-9.4558262678825188e-04
-8.5519106560421210e-04
-7.7787452265551155e-04
-7.1195235894229165e-04
-6.5498417946553114e-04
-6.0470430436590928e-04
-5.6067653235370384e-04
-5.2186531090457633e-04
-4.8698502103201315e-04
-4.5581329305612614e-04
-4.2785674473409585e-04
-4.0249740793481503e-04
-3.7944409975638636e-04
-3.5849654143266642e-04
-3.3933730835609581e-04
-3.2170173729428159e-04
-3.0551178443071847e-04
-2.9059669062027105e-04
-2.7673657345273991e-04
-2.6390686963114190e-04
-2.5200325670850850e-04
-2.4087690985469861e-04
-2.3049841129232205e-04
-2.2080683691729183e-04
-2.1171056014611332e-04
-2.0316862432580716e-04
-1.9514859927948625e-04
-1.8759250158367817e-04
-1.8045793290377373e-04
-1.7372806603269198e-04
-1.6736537049359007e-04
-1.6133017122588712e-04
-1.5561432799085254e-04
-1.5019304919215999e-04
-1.4503095460855658e-04
-1.4012472391779457e-04
-1.3545674649748904e-04
-1.3099904639029465e-04
-1.2674815541903028e-04
-1.2269149860245299e-04
-1.1880894211960950e-04
-1.1509496036409495e-04
-1.1154112259059937e-04
-1.0813272657373694e-04
-1.0486403685871121e-04
-1.0173332862370130e-04
-9.8757730691520124e-05
-9.6114530337387959e-05
-9.4897910917130906e-05
-1.0141411818935387e-04
-1.5405633760094618e-04
-4.8168926152712460e-04
-2.1247062190230892e-03
-9.2209683328023529e-03
-3.5108890060632017e-02
-1.0102837253239874e-01
-1.9382858562538069e-01
-2.6541282132340077e-01
-3.0160123660676169e-01
-3.1407479874896266e-01
-3.1646822578661116e-01
-3.1290879525275933e-01
-3.0458688677383899e-01
-2.9675894666356534e-01
-2.8828890468786877e-01
-2.7785718012235672e-01
-2.6900325086415644e-01
-2.6032190333473948e-01
-2.5012543563126660e-01
-2.4163324100676267e-01
-2.3339750517719532e-01
-2.2368851549871313e-01
-2.1581627907942944e-01
-2.0792236750249832e-01
-1.9900135987928488e-01
-1.9163901856148308e-01
-1.8400939427798746e-01
-1.7589857039805937e-01
-1.6901278950601070e-01
-1.6156959567041698e-01
-1.5427165004476817e-01
-1.4782718543319004e-01
-1.4050490015595374e-01
-1.3401364482689504e-01
-1.2790636081749757e-01
-1.2079659613187475e-01
-1.1502863658887104e-01
-1.0888559167520413e-01
-1.0263626508362617e-01
-9.7231434121283281e-02
-9.1025762902815235e-02
-8.5612096582496300e-02
-8.0313900847769445e-02
-7.4495943963689443e-02
-6.9657102485159536e-02
-6.4209741292924075e-02
-5.9242319287897229e-02
-5.4541035865420771e-02
-4.9287740708653549e-02
-4.4963866280300649e-02
-4.0063205521081786e-02
-3.5654713301543982e-02
-3.1372720574255469e-02
-2.6772632745630635e-02
-2.2923983577142017e-02
-1.8422389915981902e-02
-1.4644463618136370e-02
-1.0662275690056960e-02
-6.7671335293608302e-03
-3.2478680346596416e-03
-4.0408736726568573e-08
-1.3931496058531691e-09
-3.8062992934196315e-10
-1.9867082308005070e-10
-1.2076316131214021e-10
-8.3918724458313060e-11
-6.3647580274415133e-11
-4.9713922649418818e-11
-4.1820981240103450e-11
-3.4880887380103167e-11
-3.0990826469799620e-11
-2.7253084536584495e-11
-2.4949634069971477e-11
-2.2824067496993160e-11
-2.1342932694946741e-11
-2.0089399059454282e-11
-1.9113659915109706e-11
-1.8385976113442697e-11
-1.7753965013489815e-11
-1.7373031120247131e-11
-1.6998453314518217e-11
-1.6868555592002481e-11
-1.6703761983186017e-11
-1.6773778521271102e-11
-1.6794310750710793e-11
-1.7041158004210078e-11
-1.7241595842790722e-11
-1.7659571632488558e-11
-1.8048768412610635e-11
-1.8647747576409614e-11
-1.9247212664587731e-11
-2.0052797338895952e-11
-2.0898193707455496e-11
-2.1954168145223717e-11
-2.3101019178825837e-11
-2.4472182214652665e-11
-2.6002691276019230e-11
-2.7786381807957814e-11
-2.9818876484660919e-11
-3.2160503545596824e-11
-3.4866401144007842e-11
-3.7986822323597815e-11
-4.1624075354734267e-11
-4.5856394429465663e-11
-5.0813378183514273e-11
-5.6683478458346939e-11
-6.3571991004337850e-11
-7.1937593714597350e-11
-8.1738292889609849e-11
-9.4045975245596926e-11
-1.0850239396632489e-10
-1.2707588948996502e-10
-1.4946187042104824e-10
-1.7836062533692383e-10
-2.1486729674624191e-10
-2.6199107589925893e-10
-3.2499097808851739e-10
-4.0636220184063445e-10
-5.2270895736313904e-10
-6.7637636974786072e-10
-9.0281349183217119e-10
-1.2259175471490330e-09
-1.7102918747882344e-09
-2.4759346912588896e-09
-3.6604913243028456e-09
-5.7644001761935688e-09
-9.3291919300424028e-09
-1.6206089395256564e-08
-3.0335933758324559e-08
-6.1158519986740074e-08
-1.4561194734552167e-07
-3.9193995085297629e-07
-1.3937951595573960e-06
-7.4692438400005313e-06
-7.8384937267181903e-05
-2.2492063200577096e-03
0.0000000000000000e+00
];
