%Vec Object:dSdr_b_aug 1 MPI processes
%  type: seq
dSdr_b_aug = [
0.0000000000000000e+00
0.0000000000000000e+00
7.0275769187107817e-01
0.0000000000000000e+00
-1.7523182349984623e-02
-7.3055595912003245e-03
-4.5975205768634154e-03
-3.2887745530381903e-03
-2.4674027298081215e-03
-1.9587520238077217e-03
-1.6139564914282075e-03
-1.3564895830639615e-03
-1.1651749822620980e-03
-1.1175654316335050e-03
-1.9883026876919621e+00
-1.9347311893015855e+00
-1.8352809389218507e+00
-1.7384970774247759e+00
-1.6555161969303223e+00
-1.5786104277138724e+00
-1.5072616871569180e+00
-1.4385395695241998e+00
-1.3721187360973330e+00
-1.3142847344568325e+00
-1.2600854113725648e+00
-1.2091947035181154e+00
-1.1576535997554047e+00
-1.1108522930749321e+00
-1.0683797823862922e+00
-1.0282558251198550e+00
-9.8935347602179802e-01
-9.4965807889860354e-01
-9.1555375817700335e-01
-8.8312211049552536e-01
-8.5223983454901242e-01
-8.1937515403338801e-01
-7.9093297622024850e-01
-7.6420379961137619e-01
-7.3864879827104335e-01
-7.1172347031837413e-01
-6.8742704712003477e-01
-6.6503650558972882e-01
-6.4355172142293815e-01
-6.2080165590776770e-01
-6.0012831152481649e-01
-5.8111239811094995e-01
-5.6280583050531297e-01
-5.4301058733686480e-01
-5.2553661771814220e-01
-5.0919564613197266e-01
-4.9337690728382722e-01
-4.7575697065902506e-01
-4.6109076976914876e-01
-4.4690515610988218e-01
-4.3241802672914342e-01
-4.1769742840273011e-01
-4.0487528776895587e-01
-3.9245095733642593e-01
-3.7886011544856468e-01
-3.6672883430799286e-01
-3.5543342878126222e-01
-3.4395652253308251e-01
-3.3195689517722837e-01
-3.2164785576143307e-01
-3.1162667949614886e-01
-3.0038180903261652e-01
-2.9070318088130770e-01
-2.8151475069382342e-01
-2.7169466598673608e-01
-2.6226472043071775e-01
-2.5381348845110596e-01
-2.4514074362835275e-01
-2.3605190143268057e-01
-2.2825691736247092e-01
-2.2050375797548027e-01
-2.1182612190243777e-01
-2.0461827748384165e-01
-1.9758171157745968e-01
-1.8939893069489178e-01
-1.8270353653456214e-01
-1.7617759031155675e-01
-1.6863078076784682e-01
-1.6234529707864520e-01
-1.5628112960556095e-01
-1.4924131515043124e-01
-1.4339927233562311e-01
-1.3775334344219109e-01
-1.3111700515191960e-01
-1.2574077065852240e-01
-1.2035570697989215e-01
-1.1427653469506535e-01
-1.0926135562579922e-01
-1.0406740322702576e-01
-9.8549588487132855e-02
-9.3866463051122145e-02
-8.8807617395812569e-02
-8.3850205959582425e-02
-7.9473877369699922e-02
-7.4505959698854013e-02
-7.0103676916491595e-02
-6.5963698412092917e-02
-6.1150067253548865e-02
-5.7245793328814243e-02
-5.3097616419743553e-02
-4.8890317547400364e-02
-4.5258659925618776e-02
-4.1099258238095217e-02
-3.7482032726411645e-02
-3.3954505251142256e-02
-3.0099009407871597e-02
-2.6913614700393884e-02
-2.3355386758135102e-02
-2.0150890661017169e-02
-1.7168911343222380e-02
-1.3922397049708574e-02
-1.1370004341567198e-02
-8.6746766674900919e-03
-6.5538990796083279e-03
-4.8820967550480309e-03
-3.5688016650608002e-03
-2.8216922652446190e-03
-2.2177985066486358e-03
-1.8706663002059883e-03
-1.5972930743061941e-03
-1.3936955518141659e-03
-1.2463585292432321e-03
-1.1091180395696753e-03
-1.0141004747979358e-03
-9.1809509045911813e-04
-8.4552686398629590e-04
-7.7620240925373857e-04
-7.1592477167304127e-04
-6.6252674348967595e-04
-6.1113667896279275e-04
-5.6805509909149438e-04
-5.2373305391928036e-04
-4.8721297362754414e-04
-4.4990358233435633e-04
-4.1781643828241118e-04
-3.8632370646814998e-04
-3.5805431053084318e-04
-3.3121009134253040e-04
-3.0642365452484340e-04
-2.8346991489442265e-04
-2.6188122137109723e-04
-2.4223078100441928e-04
-2.2358398458588674e-04
-2.0677551232871396e-04
-1.9079224524890586e-04
-1.7645621348802827e-04
-1.6284497749617031e-04
-1.5067586459913495e-04
-1.3916990246359495e-04
-1.2888495280449986e-04
-1.1923304507885450e-04
-1.1058677064872073e-04
-1.0254726048156510e-04
-9.5325828012263124e-05
-8.8674611522572040e-05
-8.2691617284850268e-05
-7.7234420707849159e-05
-7.2320421162600521e-05
-6.7891245112747052e-05
-6.3904833544038117e-05
-6.0360641810623160e-05
-5.7187135011174793e-05
-5.4408943547125290e-05
-5.1961582568820888e-05
-4.9861315589398746e-05
-4.8075463522376389e-05
-4.6593752538124419e-05
-4.5437294402236143e-05
-4.4550479576689781e-05
-4.4030517260574363e-05
-4.3750981274048880e-05
-4.3929768012706605e-05
-4.4348075002499962e-05
-4.5323001634736088e-05
-4.6649075077663480e-05
-4.8620466423665931e-05
-5.1224971767364117e-05
-5.4625343253025429e-05
-5.9170279737226605e-05
-6.4818991426447410e-05
-7.2589861234144173e-05
-8.2269837467944311e-05
-9.5562762808533357e-05
-1.1318565857565074e-04
-1.3740389572410052e-04
-1.7210319176278388e-04
-2.2103379348698503e-04
-2.9728237164010395e-04
-4.1301825489392657e-04
-6.0521623344183487e-04
-9.3931317497111897e-04
-1.5426887348151622e-03
-2.7584153387962269e-03
-5.1871203440436312e-03
-1.0364270386712031e-02
-2.1906309800986751e-02
-5.2959868232774432e-02
-2.0116829510892739e-01
0.0000000000000000e+00
];
