%Vec Object:dSdr_b_aug 1 MPI processes
%  type: seq
dSdr_b_aug = [
0.0000000000000000e+00
0.0000000000000000e+00
7.1722063592730567e-01
0.0000000000000000e+00
-1.7826538864964454e-02
-7.4177229761088620e-03
-4.6593203664443842e-03
-3.3281984131639645e-03
-2.4940611126211222e-03
-1.9776920864754887e-03
-1.6276993418041985e-03
-1.3661151680422817e-03
-1.1717822150938669e-03
-1.0227243304979212e-03
-9.0160001611328964e-04
-2.1396964640445562e-01
-1.8873156641485977e+00
-1.7881798629189174e+00
-1.7028532012997406e+00
-1.6237706801419967e+00
-1.5504013325205506e+00
-1.4797329887909554e+00
-1.4114318639084447e+00
-1.3519611533610729e+00
-1.2962292443138501e+00
-1.2439009874229539e+00
-1.1909064292370464e+00
-1.1427871058550958e+00
-1.0991201101779189e+00
-1.0578695287342679e+00
-1.0178769321186572e+00
-9.7707180827772722e-01
-9.4201533443807106e-01
-9.0867992493908634e-01
-8.7693869898851395e-01
-8.4316268629861268e-01
-8.1393289995306251e-01
-7.8646490315824513e-01
-7.6020490024833454e-01
-7.3253896704223465e-01
-7.0757530933265356e-01
-6.8457084610525398e-01
-6.6249806769225406e-01
-6.3912719532671725e-01
-6.1789053724182874e-01
-5.9835719097158613e-01
-5.7955334736090136e-01
-5.5922197108009530e-01
-5.4127519567033489e-01
-5.2449265680691848e-01
-5.0824713413640277e-01
-4.9015322614374307e-01
-4.7509259226522715e-01
-4.6052600045429831e-01
-4.4565053210237460e-01
-4.3053605129434791e-01
-4.1737095488588039e-01
-4.0461470176851022e-01
-3.9066157408034896e-01
-3.7820707033200324e-01
-3.6661092484614261e-01
-3.5482885935761183e-01
-3.4251065034826983e-01
-3.3192791846728215e-01
-3.2164090985665283e-01
-3.1009825334413338e-01
-3.0016330986597450e-01
-2.9073166997158034e-01
-2.8065188169495681e-01
-2.7097261150203683e-01
-2.6229790114972329e-01
-2.5339593515541087e-01
-2.4406697882782749e-01
-2.3606592446628658e-01
-2.2810779401993064e-01
-2.1920081252365656e-01
-2.1180221986191120e-01
-2.0457932875742951e-01
-1.9617986525764891e-01
-1.8930679917239868e-01
-1.8260747134027702e-01
-1.7486005151507134e-01
-1.6840698104492083e-01
-1.6218080921121639e-01
-1.5495274927527392e-01
-1.4895381476598707e-01
-1.4315585403952588e-01
-1.3634059513904775e-01
-1.3081856333666320e-01
-1.2528704455056133e-01
-1.1904217898008190e-01
-1.1388932397063718e-01
-1.0855234824989959e-01
-1.0288200552258518e-01
-9.8068406043239839e-02
-9.2868151435758481e-02
-8.7771270406624385e-02
-8.3270847457746364e-02
-7.8161461990525705e-02
-7.3632568480354543e-02
-6.9372638669980044e-02
-6.4418481226551055e-02
-6.0398737733156009e-02
-5.6120940961555031e-02
-5.1772122122023229e-02
-4.8011137574447464e-02
-4.3698357643991097e-02
-3.9936565063263173e-02
-3.6257322708738486e-02
-3.2222264366680534e-02
-2.8866114229584319e-02
-2.5093783722167490e-02
-2.1655638961623497e-02
-1.8404181615304202e-02
-1.4778006310591119e-02
-1.1794500397183966e-02
-8.4229601453765790e-03
-5.4001973954999451e-03
-2.5032666654449327e-03
-2.4358957504757404e-04
-7.2603050875634918e-05
-3.9900064085502110e-05
-2.9378770861633287e-05
-2.3100113840563409e-05
-1.9160402255531594e-05
-1.6599140275322785e-05
-1.4385069474410176e-05
-1.2932203048192562e-05
-1.1519879251066179e-05
-1.0483843035596118e-05
-9.5167173037667296e-06
-8.6914648559468115e-06
-7.9711353069201418e-06
-7.2878157573636984e-06
-6.7204711878231382e-06
-6.1444540950681610e-06
-5.6731161172868798e-06
-5.1973438802099516e-06
-4.7909841244839988e-06
-4.3963107708944808e-06
-4.0447823847152628e-06
-3.7140698501163165e-06
-3.4113610147817889e-06
-3.1333916278521674e-06
-2.8744125058089939e-06
-2.6405617014502535e-06
-2.4208082989273495e-06
-2.2242707009429133e-06
-2.0391852464752227e-06
-1.8744782484638557e-06
-1.7195679018996214e-06
-1.5821586801885350e-06
-1.4534045625169939e-06
-1.3392258461181158e-06
-1.2329728563961379e-06
-1.1385526282121850e-06
-1.0514372097102716e-06
-9.7381510935166538e-07
-9.0283426146845839e-07
-8.3949415214307946e-07
-7.8211085711215287e-07
-7.3085083865201158e-07
-6.8495356053970864e-07
-6.4397854385081345e-07
-6.0780388877777588e-07
-5.7569141991502201e-07
-5.4781503675305388e-07
-5.2351065861506595e-07
-5.0290055532192333e-07
-4.8564412966065684e-07
-4.7162422077738820e-07
-4.6104989384417310e-07
-4.5336794850580049e-07
-4.4957231478263165e-07
-4.4840545196398146e-07
-4.5212116052657468e-07
-4.5852512878521275e-07
-4.7094267324757446e-07
-4.8732509476044813e-07
-5.1083824385744591e-07
-5.4148528488545733e-07
-5.8115715918573226e-07
-6.3378847165761454e-07
-6.9924094331089983e-07
-7.8893652256010404e-07
-9.0112521088727931e-07
-1.0553341066578606e-06
-1.2607153887004914e-06
-1.5444391280141336e-06
-1.9534174116024551e-06
-2.5353736252015822e-06
-3.4513474279539201e-06
-4.8625182921542696e-06
-7.2543748872131453e-06
-1.1547912758201132e-05
-1.9730315401008251e-05
-3.8022844918830677e-05
-8.2335966902945300e-05
-2.1795260140979768e-04
-7.5693190766715191e-04
-3.5530024386291885e-03
-2.2942908920125519e-02
0.0000000000000000e+00
];
