%Vec Object:dSdr_b_aug 1 MPI processes
%  type: seq
dSdr_b_aug = [
0.0000000000000000e+00
0.0000000000000000e+00
8.1362527084834524e-01
0.0000000000000000e+00
-2.0984956624325753e-02
-8.5900501358829231e-03
-5.2602028411651725e-03
-3.7035461465964631e-03
-2.7791357101908743e-03
-2.2082981049166236e-03
-1.8214091039318067e-03
-1.5285462826056260e-03
-1.3111435962568526e-03
-1.1445542561268390e-03
-1.0087163502154675e-03
-8.9866124166324739e-04
-8.0845017078266194e-04
-7.3236807118490146e-04
-6.6734309170201603e-04
-6.1186904869186978e-04
-5.6390815725534287e-04
-5.2158000956832021e-04
-4.8449883863727815e-04
-4.5179686681854145e-04
-4.2239161968660112e-04
-3.9610287758879093e-04
-3.7255953743842293e-04
-4.6293593531527330e-04
-1.6303019336827651e-01
-1.2200537376290050e+00
-1.2269046374302226e+00
-1.1799205018253063e+00
-1.1379068147590472e+00
-1.0978856232958054e+00
-1.0597858340764075e+00
-1.0192631941132837e+00
-9.8420269407583072e-01
-9.5126516528469818e-01
-9.1978599175347331e-01
-8.8663731242164934e-01
-8.5673407647150035e-01
-8.2918471297767404e-01
-8.0275897695101062e-01
-7.7479223382603957e-01
-7.4938533008793173e-01
-7.2602139678157496e-01
-7.0353618862297762e-01
-6.7923578675642871e-01
-6.5778880150236518e-01
-6.3773731337341222e-01
-6.1833228430741605e-01
-5.9672953813661544e-01
-5.7874889311522304e-01
-5.6136189727317565e-01
-5.4361153278757379e-01
-5.2558111702483712e-01
-5.0987709888272204e-01
-4.9466360266336706e-01
-4.7802845215614670e-01
-4.6318111256399336e-01
-4.4935857155089065e-01
-4.3531739440797868e-01
-4.2064070693954242e-01
-4.0803181372525038e-01
-3.9577683271336245e-01
-3.8202964884224533e-01
-3.7019718803559332e-01
-3.5896505245824906e-01
-3.4696314685937601e-01
-3.3543897629117397e-01
-3.2511096817679547e-01
-3.1451352268569960e-01
-3.0340888557329565e-01
-2.9388466579798650e-01
-2.8441209190542510e-01
-2.7381103243427846e-01
-2.6500489527196863e-01
-2.5640811605927766e-01
-2.4641138198714613e-01
-2.3823099336767284e-01
-2.3025741673375583e-01
-2.2103619314786313e-01
-2.1335532434670382e-01
-2.0594437970871662e-01
-1.9734014120379634e-01
-1.9019890392656494e-01
-1.8329662994075457e-01
-1.7518197452977624e-01
-1.6860708416693665e-01
-1.6202031255971847e-01
-1.5458255974567947e-01
-1.4844545018514388e-01
-1.4208803631647807e-01
-1.3533204644132313e-01
-1.2959682144922222e-01
-1.2339927532734009e-01
-1.1732385969882712e-01
-1.1195923003502338e-01
-1.0586622261955220e-01
-1.0046509451043444e-01
-9.5384074130769908e-02
-8.9471854802713344e-02
-8.4675111608822684e-02
-7.9568284481976809e-02
-7.4374724251823204e-02
-6.9883043991430055e-02
-6.4728850953826120e-02
-6.0232721040486721e-02
-5.5833722026776555e-02
-5.1005953116086494e-02
-4.6990446032863765e-02
-4.2473105632687136e-02
-3.8354551467189815e-02
-3.4457739012191423e-02
-3.0106781226162303e-02
-2.6525339186980683e-02
-2.2469824458354416e-02
-1.8822399117323401e-02
-1.5281302428315824e-02
-1.1480414390661210e-02
-8.3004151143929988e-03
-4.5857915299342879e-03
-1.4692036947042133e-03
-2.6599944059295443e-09
-3.6042810360215545e-10
-1.5044996596510544e-10
-7.8422062338093377e-11
-5.3209867324324920e-11
-3.6990883273020066e-11
-2.8887334181248968e-11
-2.3084144201618270e-11
-1.9242605263010038e-11
-1.6599614796503527e-11
-1.4426420674157836e-11
-1.3056085556199220e-11
-1.1691473086956565e-11
-1.0893470911797469e-11
-1.0052015027794970e-11
-9.5281626117987273e-12
-9.0144714329125465e-12
-8.6588402910991231e-12
-8.3517925231995046e-12
-8.1166834101108613e-12
-7.9514499760185518e-12
-7.8103544179224701e-12
-7.7498517633215943e-12
-7.6885744018773647e-12
-7.7122582459489749e-12
-7.7237783375555252e-12
-7.8213731824416888e-12
-7.9036200483517932e-12
-8.0723752923182036e-12
-8.2288085531626062e-12
-8.4711341899766790e-12
-8.7100484918312703e-12
-9.0340048045817599e-12
-9.3684972004371495e-12
-9.7885542295001606e-12
-1.0237626572697456e-11
-1.0776209622666696e-11
-1.1367655148489204e-11
-1.2056650821005223e-11
-1.2830311509761684e-11
-1.3716487339763863e-11
-1.4728538893631288e-11
-1.5880629512850699e-11
-1.7211084697997958e-11
-1.8731864058366507e-11
-2.0499033589580851e-11
-2.2541675155962043e-11
-2.4921393440513173e-11
-2.7723837417959119e-11
-3.0987693842350059e-11
-3.4931144329727444e-11
-3.9505457937492930e-11
-4.5220040524509136e-11
-5.1851360689683443e-11
-6.0312487107314113e-11
-7.0376527088354882e-11
-8.3235034639687956e-11
-9.9255999521690959e-11
-1.1964004086154046e-10
-1.4649179354823701e-10
-1.8052406611610550e-10
-2.2840807790406334e-10
-2.9021935444553874e-10
-3.7949858797580297e-10
-5.0378653845320696e-10
-6.8543939330730501e-10
-9.6504989852925929e-10
-1.3845522339044699e-09
-2.1075685056949709e-09
-3.2899386330293308e-09
-5.4886682587910784e-09
-9.8246073522851493e-09
-1.8862445294540778e-08
-4.2297578372657569e-08
-1.0647020278255647e-07
-3.4622101964878799e-07
-1.6307648013420622e-06
-1.4085322177182485e-05
-5.5234737931179824e-04
0.0000000000000000e+00
];
