%Vec Object:dSdr_b_aug 1 MPI processes
%  type: seq
dSdr_b_aug = [
0.0000000000000000e+00
0.0000000000000000e+00
8.6225452071931430e-01
0.0000000000000000e+00
-2.3215074978226016e-02
-9.3548827017162581e-03
-5.5948817654362633e-03
-3.8884861244414359e-03
-2.9192093336699370e-03
-2.3218913331440696e-03
-1.9171439529798026e-03
-1.6076801834502149e-03
-1.3780747995026064e-03
-1.2022462352183681e-03
-1.0585958552861822e-03
-9.4219918744626826e-04
-8.4681862369187695e-04
-7.6636663421536988e-04
-6.9759507785721445e-04
-6.3893683494646114e-04
-5.8823135803287878e-04
-5.4348277930503920e-04
-5.0428763160075267e-04
-4.6972665374843040e-04
-4.3865632262037383e-04
-4.1088296558853898e-04
-3.8596855086559575e-04
-3.6336000722012241e-04
-3.4280112965378613e-04
-3.2411651469301786e-04
-3.0702178448894200e-04
-2.9128027583008798e-04
-2.7682669795701741e-04
-2.6350864033580508e-04
-2.5113603304724176e-04
-2.4173912534503360e-04
-6.5119526959962401e-04
-5.7306178126407328e-02
-7.0632535144870612e-01
-9.2526336979467538e-01
-9.1894064583829016e-01
-8.9237523041988609e-01
-8.6441662942685804e-01
-8.3448193093707634e-01
-8.0724823889178754e-01
-7.8220001835564146e-01
-7.5809506023837903e-01
-7.3204812663904817e-01
-7.0906087582668165e-01
-6.8757088140294054e-01
-6.6677550504014649e-01
-6.4362868702470166e-01
-6.2436308466551560e-01
-6.0573496362982426e-01
-5.8671949412708324e-01
-5.6740591416146791e-01
-5.5058463732864016e-01
-5.3428982531649216e-01
-5.1647444425249067e-01
-5.0057413148497198e-01
-4.8577185974912962e-01
-4.7073655511124518e-01
-4.5502201359928163e-01
-4.4152150323416145e-01
-4.2840051126358353e-01
-4.1368321993742374e-01
-4.0101575212413715e-01
-3.8899130414694588e-01
-3.7614356630248891e-01
-3.6380754299101381e-01
-3.5275199729610374e-01
-3.4140845207763654e-01
-3.2952242250106861e-01
-3.1932793021371231e-01
-3.0918892194509923e-01
-2.9784237954321335e-01
-2.8841684914112853e-01
-2.7921548727074125e-01
-2.6851587060850790e-01
-2.5976019167541603e-01
-2.5122587890716874e-01
-2.4135610459732523e-01
-2.3313494030807927e-01
-2.2520263366859614e-01
-2.1599280464048104e-01
-2.0834889440641033e-01
-2.0096066483834554e-01
-1.9227420708532053e-01
-1.8523601704043330e-01
-1.7818489519467842e-01
-1.7022222828322139e-01
-1.6365201526375203e-01
-1.5684557729550017e-01
-1.4961187091014699e-01
-1.4347110866843624e-01
-1.3683473135500082e-01
-1.3032874143790127e-01
-1.2458384873095417e-01
-1.1805803448257575e-01
-1.1227311738141441e-01
-1.0683081560965485e-01
-1.0049704892799508e-01
-9.5358433762161826e-02
-8.9886867263952910e-02
-8.4321694925637930e-02
-7.9508604060122098e-02
-7.3984318627327295e-02
-6.9165241985070777e-02
-6.4449753685674696e-02
-5.9273471880439813e-02
-5.4968179272602134e-02
-5.0123504965473638e-02
-4.5706180251231764e-02
-4.1526223724637538e-02
-3.6857676929830441e-02
-3.3014926150133808e-02
-2.8661950960379819e-02
-2.4746656685771452e-02
-2.0944788144594911e-02
-1.6862601077217793e-02
-1.3447239715019883e-02
-9.4555470192494041e-03
-6.1057382211692716e-03
-2.5772670002440156e-03
-1.5386009342320292e-08
-7.6764209717029308e-10
-2.2585976684067644e-10
-1.2304756035534626e-10
-7.3344195089726427e-11
-5.2511529964830974e-11
-3.9231818966306613e-11
-3.1143853323182499e-11
-2.5898012249059470e-11
-2.1802235366989076e-11
-1.9289346739941886e-11
-1.6886878262020536e-11
-1.5490145399057547e-11
-1.4065303980735204e-11
-1.3173545479625531e-11
-1.2317674151596102e-11
-1.1718412781911047e-11
-1.1202548176387325e-11
-1.0801322479825865e-11
-1.0507941554621962e-11
-1.0253244188542017e-11
-1.0117073729348706e-11
-9.9807592885573710e-12
-9.9656908472758093e-12
-9.9325038636804810e-12
-1.0019475359963675e-11
-1.0082543859702139e-11
-1.0264249105801645e-11
-1.0425008354197960e-11
-1.0701761229351184e-11
-1.0968405212651885e-11
-1.1348243327473284e-11
-1.1735289456888268e-11
-1.2234581589034274e-11
-1.2764003313603126e-11
-1.3409116287244633e-11
-1.4113824667088703e-11
-1.4942662834311366e-11
-1.5870357166548107e-11
-1.6938972526197385e-11
-1.8157154706587234e-11
-1.9548248904816466e-11
-2.1170620637935371e-11
-2.3029492085001995e-11
-2.5189739499454397e-11
-2.7689776624372877e-11
-3.0604050985690443e-11
-3.4038027907035115e-11
-3.8041364868129101e-11
-4.2879188081401915e-11
-4.8497903012461739e-11
-5.5517514586510377e-11
-6.3673754585908139e-11
-7.4083161326845065e-11
-8.6478177529060619e-11
-1.0232480711954404e-10
-1.2208774787330251e-10
-1.4725593479404697e-10
-1.8044406300151790e-10
-2.2255327030393256e-10
-2.8188055687884440e-10
-3.5856057124144611e-10
-4.6950071438674790e-10
-6.2419982975124285e-10
-8.5074068621752120e-10
-1.2003001829610781e-09
-1.7259252678787965e-09
-2.6351900917721659e-09
-4.1268683751494560e-09
-6.9139129127740744e-09
-1.2441409855360543e-08
-2.4036587218324118e-08
-5.4430145179482875e-08
-1.3864269850646921e-07
-4.5954040345324323e-07
-2.2349148034657025e-06
-2.0408812440875207e-05
-8.2790300378878206e-04
0.0000000000000000e+00
];
