%Vec Object:dSdr_b_aug 1 MPI processes
%  type: seq
dSdr_b_aug = [
0.0000000000000000e+00
0.0000000000000000e+00
8.3646650858870608e-01
0.0000000000000000e+00
-2.1981672558498790e-02
-8.9377888606556877e-03
-5.4166150432731781e-03
-3.7915626891439182e-03
-2.8459298462197202e-03
-2.2624962555307052e-03
-1.8671007166112322e-03
-1.5665050608464366e-03
-1.3434141465668292e-03
-1.1725150296979828e-03
-1.0330374215699774e-03
-9.2002749016737080e-04
-8.2740703139758175e-04
-7.4928716385211684e-04
-6.8251398842894280e-04
-6.2555383620562747e-04
-5.7631156952877205e-04
-5.3285205455132570e-04
-4.9478258254502083e-04
-4.6121145654340714e-04
-4.3102669382262163e-04
-4.0404273325710094e-04
-3.7983486096979389e-04
-3.5786449182366502e-04
-3.3788373013901243e-04
-3.1972409589719938e-04
-3.0359293839247683e-04
-6.2996407864581566e-04
-1.3383802613593193e-01
-1.0263860655943069e+00
-1.0913746971060310e+00
-1.0559121009134356e+00
-1.0200967944409198e+00
-9.8604428145403999e-01
-9.5346721410483171e-01
-9.1916171874944264e-01
-8.8821596576991080e-01
-8.5970734787163283e-01
-8.3236286451887231e-01
-8.0342610346104959e-01
-7.7713901535924457e-01
-7.5296658700789043e-01
-7.2970437913620911e-01
-7.0456626299591485e-01
-6.8238051307735215e-01
-6.6163907081565354e-01
-6.4156718695258519e-01
-6.1922385501785771e-01
-6.0062690377207928e-01
-5.8264462494153479e-01
-5.6428747583120265e-01
-5.4564161370643838e-01
-5.2940172273743080e-01
-5.1366959305758286e-01
-4.9646836646190212e-01
-4.8111598745114137e-01
-4.6682353642575042e-01
-4.5230554413743973e-01
-4.3713106890115044e-01
-4.2409452776030848e-01
-4.1142418037201545e-01
-3.9721170226110786e-01
-3.8497874580605584e-01
-3.7336659225795094e-01
-3.6095899887677946e-01
-3.4904543816524275e-01
-3.3836848011843246e-01
-3.2741318169963407e-01
-3.1593376414616464e-01
-3.0608806056398813e-01
-2.9629584375238566e-01
-2.8533722717835430e-01
-2.7623400950630717e-01
-2.6734725340345461e-01
-2.5701339469039253e-01
-2.4855707870995755e-01
-2.4031455535622595e-01
-2.3078226640217930e-01
-2.2284225485768500e-01
-2.1518124857182472e-01
-2.0628654976321240e-01
-1.9890421469186242e-01
-1.9176886109046601e-01
-1.8337995122750664e-01
-1.7658284768914664e-01
-1.6977335902780238e-01
-1.6208384082583988e-01
-1.5573900115441275e-01
-1.4916622113550645e-01
-1.4218110332774794e-01
-1.3625136985202471e-01
-1.2984334642499992e-01
-1.2356141376395806e-01
-1.1801439792714109e-01
-1.1171380268469655e-01
-1.0612859725033114e-01
-1.0087429490081883e-01
-9.4759888153534005e-02
-8.9799172362708193e-02
-8.4517404755543715e-02
-7.9145607708385551e-02
-7.4499768856413642e-02
-6.9168067918471646e-02
-6.4517042654578249e-02
-5.9966245490108892e-02
-5.4971318909373221e-02
-5.0816821650983557e-02
-4.6142481700215725e-02
-4.1880627868016163e-02
-3.7848010690098438e-02
-3.3344727288597172e-02
-2.9637953377967045e-02
-2.5439767161822384e-02
-2.1663863147075409e-02
-1.7997691270544416e-02
-1.4061880969514700e-02
-1.0768988729166569e-02
-6.9214451296268249e-03
-3.6927666180963659e-03
-2.9583414970393938e-04
-1.1401361696049847e-09
-2.9889330670992158e-10
-1.2759995861816796e-10
-7.9385742628814941e-11
-5.1754128094774077e-11
-3.8926765858620237e-11
-3.0195544191176609e-11
-2.4624392588277911e-11
-2.0890840294541944e-11
-1.7892620789381023e-11
-1.6024345543654300e-11
-1.4199300812966738e-11
-1.3133698383968526e-11
-1.2027862812210981e-11
-1.1336766075885495e-11
-1.0666033919634161e-11
-1.0198496512505550e-11
-9.7951359994456641e-12
-9.4834267477500977e-12
-9.2593710586139157e-12
-9.0661142178217113e-12
-8.9716514316302146e-12
-8.8765495640068152e-12
-8.8841070431685513e-12
-8.8765430611685383e-12
-8.9718859241475513e-12
-9.0477279804264420e-12
-9.2261076702836306e-12
-9.3880551265960792e-12
-9.6510450479502231e-12
-9.9075615351153881e-12
-1.0263404295254841e-11
-1.0628514875233253e-11
-1.1092838555380011e-11
-1.1587273174173193e-11
-1.2184726732413268e-11
-1.2839134750742360e-11
-1.3604938309595912e-11
-1.4463476646845755e-11
-1.5449483002640410e-11
-1.6574508900557781e-11
-1.7857061179743203e-11
-1.9337430724968942e-11
-2.1030842072239821e-11
-2.2998119699569131e-11
-2.5272583461869774e-11
-2.7922125032573647e-11
-3.1042092361687291e-11
-3.4675805627191940e-11
-3.9065037271155445e-11
-4.4156551566254694e-11
-5.0515506326107737e-11
-5.7894165961070425e-11
-6.7306939933933242e-11
-7.8501181691281937e-11
-9.2801576887581881e-11
-1.1061630242112517e-10
-1.3327871022582359e-10
-1.6313014915655211e-10
-2.0095463514918568e-10
-2.5418214089888995e-10
-3.2287179684298568e-10
-4.2210482776392569e-10
-5.6024327376105480e-10
-7.6216341768318499e-10
-1.0730892519510426e-09
-1.5396012371076721e-09
-2.3444139999671917e-09
-3.6610535002546684e-09
-6.1125132438174331e-09
-1.0954526061308254e-08
-2.1064902395392352e-08
-4.7385142674410262e-08
-1.1975238850734934e-07
-3.9225219889096221e-07
-1.8720181385090380e-06
-1.6561115152103652e-05
-6.6372984746729041e-04
0.0000000000000000e+00
];
