%Vec Object:dSdr_b_aug 1 MPI processes
%  type: seq
dSdr_b_aug = [
0.0000000000000000e+00
0.0000000000000000e+00
8.9154869925927915e-01
0.0000000000000000e+00
-2.4766856967030595e-02
-9.8650766835407539e-03
-5.8057635316139146e-03
-4.0031000625555266e-03
-3.0072640307418851e-03
-2.3945953287129455e-03
-1.9795569816723896e-03
-1.6596272906108738e-03
-1.4223369169143710e-03
-1.2407004324040223e-03
-1.0920938623460688e-03
-9.7166748393034822e-04
-8.7300242042935941e-04
-7.8977016740298868e-04
-7.1861079771388069e-04
-6.5792279079671557e-04
-6.0546724574345667e-04
-5.5917335236535136e-04
-5.1862817348235037e-04
-4.8287980446299429e-04
-4.5074498386916555e-04
-4.2202215931818108e-04
-3.9625774525634943e-04
-3.7288047461116452e-04
-3.5162446571375546e-04
-3.3230732715561591e-04
-3.1463540944117775e-04
-2.9836428608223832e-04
-2.8342507264324213e-04
-2.6966018011018633e-04
-2.5686461759515187e-04
-2.4501899882599972e-04
-2.3402719295034810e-04
-2.2374998315444715e-04
-2.1416226908496462e-04
-2.0520830793045692e-04
-1.9680887233444768e-04
-1.8936566077869035e-04
-2.0774995060291517e-04
-1.7915241209666964e-03
-5.8300217822700381e-02
-4.7778064936527487e-01
-7.2583001485775400e-01
-7.4981751599946311e-01
-7.3557876109979836e-01
-7.1522002280572194e-01
-6.9405845794425547e-01
-6.7013543637950268e-01
-6.5016631712156359e-01
-6.3084188687427123e-01
-6.1111215771940708e-01
-5.9107293887406909e-01
-5.7361957907903749e-01
-5.5671292909679782e-01
-5.3822970961424188e-01
-5.2173356005370264e-01
-5.0637689396316143e-01
-4.9077904732665817e-01
-4.7447722010502236e-01
-4.6047217433458687e-01
-4.4686113656684728e-01
-4.3159489478422075e-01
-4.1845492521013444e-01
-4.0598213487561019e-01
-3.9265576962426513e-01
-3.7986034673626479e-01
-3.6839311251681572e-01
-3.5662737508824738e-01
-3.4429918235178497e-01
-3.3372540586737370e-01
-3.2320928526805959e-01
-3.1144089967264238e-01
-3.0166487590066715e-01
-2.9212140145776200e-01
-2.8102404766907674e-01
-2.7194283169379230e-01
-2.6309121759188930e-01
-2.5285445069167262e-01
-2.4432755172878759e-01
-2.3610022422424570e-01
-2.2654771230904566e-01
-2.1861935669985258e-01
-2.1095614154408740e-01
-2.0194612039996324e-01
-1.9464576482380358e-01
-1.8733188298152928e-01
-1.7907218507805753e-01
-1.7225689355319229e-01
-1.6519636814516986e-01
-1.5769233828017437e-01
-1.5132209632381105e-01
-1.4443739940855882e-01
-1.3768776219398884e-01
-1.3172769159742370e-01
-1.2495696674780683e-01
-1.1895487655961584e-01
-1.1330813798407166e-01
-1.0673583207929851e-01
-1.0140376324840469e-01
-9.5725803291431807e-02
-8.9950348533771887e-02
-8.4955382561948470e-02
-7.9221674708825587e-02
-7.4219853771589489e-02
-6.9325275254051189e-02
-6.3951782234096172e-02
-5.9482510230368546e-02
-5.4452609295313738e-02
-4.9866221050827463e-02
-4.5526043596038492e-02
-4.0677784958214142e-02
-3.6687169572525838e-02
-3.2165873445348145e-02
-2.8099003842244903e-02
-2.4149577623900256e-02
-1.9908221923284210e-02
-1.6359694247641322e-02
-1.2211282007389905e-02
-8.7298682023878079e-03
-5.0617737629744921e-03
-1.4757559298346637e-03
-4.5944288523581057e-09
-5.0851859867898831e-10
-2.2033628017763102e-10
-1.1492768794345780e-10
-7.6926017988393107e-11
-5.4743433939741929e-11
-4.2026373011433816e-11
-3.4113479902106333e-11
-2.8141866849942103e-11
-2.4552966043727751e-11
-2.1203388436726040e-11
-1.9273023120009139e-11
-1.7339014194355831e-11
-1.6132180314536121e-11
-1.4987692668061937e-11
-1.4186432427978016e-11
-1.3499963081046279e-11
-1.2965301257023844e-11
-1.2571205250271332e-11
-1.2228725619220093e-11
-1.2036916077799668e-11
-1.1846107670850596e-11
-1.1807218733645309e-11
-1.1745867500606825e-11
-1.1833667608901423e-11
-1.1891177215440908e-11
-1.2094937533967164e-11
-1.2271526923248469e-11
-1.2590443487344315e-11
-1.2894914031280683e-11
-1.3337859449240995e-11
-1.3786926582177447e-11
-1.4373010578013992e-11
-1.4992581657576426e-11
-1.5753066571693912e-11
-1.6582344803026679e-11
-1.7562536310235209e-11
-1.8658659836418021e-11
-1.9925822373337146e-11
-2.1370015424760752e-11
-2.3023686345823793e-11
-2.4932243483225505e-11
-2.7122138614996690e-11
-2.9668081485672909e-11
-3.2617574271962640e-11
-3.6058331749418890e-11
-4.0115732690383090e-11
-4.4850826532289048e-11
-5.0576249882247487e-11
-5.7234689733345656e-11
-6.5557292184115236e-11
-7.5242374222240920e-11
-8.7611036631627450e-11
-1.0236158980262182e-10
-1.2123933205467200e-10
-1.4481703864081908e-10
-1.7488738908754144e-10
-2.1459977711771313e-10
-2.6508190199118174e-10
-3.3632533224834163e-10
-4.2861538790031415e-10
-5.6242431151210206e-10
-7.4949203933204364e-10
-1.0241821710156916e-09
-1.4493419547326391e-09
-2.0908450551561060e-09
-3.2049270296447882e-09
-5.0407112737848060e-09
-8.4882951614422921e-09
-1.5367578919728296e-08
-2.9899027874944966e-08
-6.8349672283631922e-08
-1.7606296052078563e-07
-5.9303818330319978e-07
-2.9558679632316714e-06
-2.8079978270275740e-05
-1.1093796700234800e-03
0.0000000000000000e+00
];
