%Vec Object:dSdr_b_aug 1 MPI processes
%  type: seq
dSdr_b_aug = [
0.0000000000000000e+00
0.0000000000000000e+00
6.5214583948589855e-01
0.0000000000000000e+00
-1.6646687278667638e-02
-6.8992751834780573e-03
-4.2978875241113084e-03
-3.0466559324003996e-03
-2.2751039287222993e-03
-2.3475145746701420e+00
-2.2533736624726592e+00
-2.1162041803777458e+00
-1.9876254583001616e+00
-1.8766110730222272e+00
-1.7752505054689818e+00
-1.6826050156362464e+00
-1.5959162913109510e+00
-1.5116004576584352e+00
-1.4393346089069230e+00
-1.3723697710137335e+00
-1.3102488635749412e+00
-1.2504148903379229e+00
-1.1925810858685988e+00
-1.1422216887343555e+00
-1.0950214504436873e+00
-1.0506958162741040e+00
-1.0057924330951449e+00
-9.6501032240737827e-01
-9.2799285606751603e-01
-8.9301403247420919e-01
-8.5909068999605021e-01
-8.2446325821304445e-01
-7.9470728653589084e-01
-7.6640321481036200e-01
-7.3944510929052898e-01
-7.1074685148683514e-01
-6.8591440039362339e-01
-6.6259306119516514e-01
-6.4033932207642330e-01
-6.1698232849236334e-01
-5.9612654576879309e-01
-5.7731284944284011e-01
-5.5992107240494204e-01
-5.4244516080556915e-01
-5.2827771709073490e-01
-5.1753414547591592e-01
-5.0972852558891180e-01
-5.0330969325522390e-01
-5.0139914644744121e-01
-5.0242415766383108e-01
-5.0504742769965438e-01
-5.0701872250297519e-01
-5.1120272217355378e-01
-5.1474235199316387e-01
-5.1686241696689705e-01
-5.1753509011559551e-01
-5.1793970871709627e-01
-5.1664823636598700e-01
-5.1309478447524093e-01
-5.0902906370377687e-01
-5.0392842977545338e-01
-4.9730932007728124e-01
-4.8928693091941694e-01
-4.8137936267213216e-01
-4.7255260918138087e-01
-4.6233458660473281e-01
-4.5259450697071008e-01
-4.4255988583911360e-01
-4.3174618662652609e-01
-4.2095999331209000e-01
-4.1054556191117691e-01
-3.9974335363892949e-01
-3.8863531014511060e-01
-3.7830024216352642e-01
-3.6782524277488915e-01
-3.5681522774339930e-01
-3.4679072011632528e-01
-3.3676067013135874e-01
-3.2611052771542265e-01
-3.1649309263556752e-01
-3.0692535252346498e-01
-2.9683217622749464e-01
-2.8764994234420521e-01
-2.7858945536292135e-01
-2.6904055387619508e-01
-2.6036552829243970e-01
-2.5181612644536183e-01
-2.4278678611571261e-01
-2.3465922984011250e-01
-2.2655179927025962e-01
-2.1815008717355780e-01
-2.1051036263083128e-01
-2.0281583362106484e-01
-1.9505324406174820e-01
-1.8789132741119488e-01
-1.8058246381662141e-01
-1.7345670415931239e-01
-1.6675690942948604e-01
-1.5980679898353622e-01
-1.5330711887388102e-01
-1.4702749100891227e-01
-1.4047394025284604e-01
-1.3454791390630733e-01
-1.3058385634559300e-01
-1.2858383394529971e-01
-1.2675954294511751e-01
-1.2451841947679995e-01
-1.2246165680303628e-01
-1.2029905312215988e-01
-1.1786602122107792e-01
-1.1566278234778930e-01
-1.1314535967766326e-01
-1.1072172945949837e-01
-1.0827050808582017e-01
-1.0557727816299489e-01
-1.0311574518481706e-01
-1.0039200080297268e-01
-9.7785661488017081e-02
-9.5144378491893583e-02
-9.2373312349113695e-02
-8.9787309840466276e-02
-8.6974081122873179e-02
-8.4353427943528153e-02
-8.1642311207467441e-02
-7.8952992511765421e-02
-7.6345837091562035e-02
-7.3624832241789354e-02
-7.1096592338930717e-02
-6.8436732171236483e-02
-6.5944666624695752e-02
-6.3408962555402890e-02
-6.0945326217875524e-02
-5.8540074486400202e-02
-5.6127870943567366e-02
-5.3854249912597033e-02
-5.1519539575830789e-02
-4.9359130843473806e-02
-4.7154751853652456e-02
-4.5091832416428806e-02
-4.3031338521739654e-02
-4.1074276429141923e-02
-3.9156718823851737e-02
-3.7314011829785984e-02
-3.5540689856929167e-02
-3.3820457428829061e-02
-3.2188444693209695e-02
-3.0598260218296227e-02
-2.9103780373980870e-02
-2.7647019629085407e-02
-2.6286523225318045e-02
-2.4962468045914413e-02
-2.3732901685618431e-02
-2.2540549102923697e-02
-2.1436464554084413e-02
-2.0373529346042429e-02
-1.9389715789590055e-02
-1.8451554769199269e-02
-1.7583135136018623e-02
-1.6763498943320087e-02
-1.6005904242648201e-02
-1.5298835005322232e-02
-1.4646501059202687e-02
-1.4046495999332130e-02
-1.3494890170084329e-02
-1.2996408476463554e-02
-1.2542281467852152e-02
-1.2140277758783090e-02
-1.1782310025000502e-02
-1.1473972401733984e-02
-1.1212020623695916e-02
-1.0996847146204584e-02
-1.0834058464711296e-02
-1.0715393019004595e-02
-1.0659461697002251e-02
-1.0644435123520927e-02
-1.0709948063486897e-02
-1.0816435784173507e-02
-1.1019620034793108e-02
-1.1281058591473795e-02
-1.1648683834789491e-02
-1.2114862751916236e-02
-1.2698721945465691e-02
-1.3443239632817211e-02
-1.4326128778517357e-02
-1.5465861070232513e-02
-1.6799135486767515e-02
-1.8482445074781646e-02
-2.0518639306471055e-02
-2.3024458439389359e-02
-2.6164720312533932e-02
-2.9996155095985202e-02
-3.4932518532567680e-02
-4.1089776197012769e-02
-4.9108673174595358e-02
-5.9721086428573301e-02
-7.4060280066494039e-02
-9.4584012394847622e-02
-1.2511096130639779e-01
-1.7476947864381970e-01
-2.6565861894499887e-01
-4.6790925267551714e-01
-1.1374635772835542e+00
0.0000000000000000e+00
];
