%Vec Object:dSdr_b_aug 1 MPI processes
%  type: seq
dSdr_b_aug = [
0.0000000000000000e+00
0.0000000000000000e+00
9.2471812280991050e-01
0.0000000000000000e+00
-2.6712845344125258e-02
-1.0478005031961902e-02
-6.0482181967586816e-03
-4.1345755066886439e-03
-3.1097600394945891e-03
-2.4808370999649830e-03
-2.0550301280256428e-03
-1.7227835129942927e-03
-1.4764589169259793e-03
-1.2880075202805472e-03
-1.1335390047162914e-03
-1.0083398983675063e-03
-9.0578547589044726e-04
-8.1925832169306326e-04
-7.4526596917269376e-04
-6.8216966993364897e-04
-6.2763759164087519e-04
-5.7950906752572424e-04
-5.3736097250289285e-04
-5.0020283919105805e-04
-4.6680384042975515e-04
-4.3695334239532457e-04
-4.1017944543817814e-04
-3.8588916374777889e-04
-3.6380510271163995e-04
-3.4373673645781642e-04
-3.2537937971382195e-04
-3.0847926335147367e-04
-2.9296340227223368e-04
-2.7866811384007288e-04
-2.6538147541852234e-04
-2.5308181818083645e-04
-2.4166922481704328e-04
-2.3100000401362906e-04
-2.2104711871228703e-04
-2.1175239700284873e-04
-2.0302742097398578e-04
-1.9483333914515572e-04
-1.8713944784499331e-04
-1.7988986040778517e-04
-1.7304392403101412e-04
-1.6658594110063803e-04
-1.6047980185820683e-04
-1.5468731316529633e-04
-1.4920268467688523e-04
-1.4403821790961519e-04
-1.3987021290914813e-04
-1.4929025183699757e-04
-4.1586609339696538e-04
-4.7415235020957175e-03
-5.1430945254413309e-02
-2.6417314243073464e-01
-4.7601449079494362e-01
-5.4228068591286893e-01
-5.4926620996514552e-01
-5.4046955493904758e-01
-5.2726993382342535e-01
-5.1201488083264479e-01
-4.9541914984304192e-01
-4.8099303770166235e-01
-4.6689783365110349e-01
-4.5105427611237836e-01
-4.3740856390488947e-01
-4.2445167403232870e-01
-4.1060640450660213e-01
-3.9731217820317111e-01
-3.8539765733791592e-01
-3.7317305691386460e-01
-3.6036421752151998e-01
-3.4937812118149847e-01
-3.3845202550117537e-01
-3.2622502608030701e-01
-3.1606795495752243e-01
-3.0615254254366314e-01
-2.9462277541411763e-01
-2.8518764049862788e-01
-2.7599106088716913e-01
-2.6535530460893070e-01
-2.5649601498338243e-01
-2.4794794467188971e-01
-2.3802287237978606e-01
-2.2978527144662264e-01
-2.2182309551370230e-01
-2.1246130047728087e-01
-2.0487592201099236e-01
-1.9727637097573403e-01
-1.8869374489004376e-01
-1.8161200725262003e-01
-1.7427524133034994e-01
-1.6647731933590473e-01
-1.5985759006108527e-01
-1.5270292334311467e-01
-1.4568839599362290e-01
-1.3949438683168050e-01
-1.3245739839733997e-01
-1.2621920048991786e-01
-1.2035020091561320e-01
-1.1351855830686604e-01
-1.0797616920422014e-01
-1.0207382103241922e-01
-9.6069750073389526e-02
-9.0877051969547651e-02
-8.4915662922676508e-02
-7.9715164914580069e-02
-7.4625882008743677e-02
-6.9037983724119456e-02
-6.4390435670603874e-02
-5.9159159028175541e-02
-5.4388967428299878e-02
-4.9874600238884785e-02
-4.4830961744412694e-02
-4.0679590481484423e-02
-3.5975298935425164e-02
-3.1743639848272082e-02
-2.7633792728191772e-02
-2.3219394490287707e-02
-1.9526095913628940e-02
-1.5207316179438077e-02
-1.1582865380126811e-02
-7.7632277089710626e-03
-4.0277693877914678e-03
-6.5515316899409900e-04
-1.8031535607329791e-09
-4.7681264878217398e-10
-1.9954716867551585e-10
-1.2113977022395035e-10
-8.0716393959627259e-11
-5.9343658335864917e-11
-4.6735869076804339e-11
-3.7610494646219965e-11
-3.2266672921754647e-11
-2.7416304659933811e-11
-2.4652852172749458e-11
-2.1939455161816564e-11
-2.0253484837878264e-11
-1.8675558625161137e-11
-1.7571488103635688e-11
-1.6630489593086903e-11
-1.5896555212491300e-11
-1.5350899207031771e-11
-1.4876117197477269e-11
-1.4597424741101839e-11
-1.4321748563620653e-11
-1.4240373777508654e-11
-1.4130559422444674e-11
-1.4209216602087311e-11
-1.4248550768683312e-11
-1.4470931145710992e-11
-1.4657093410924645e-11
-1.5020069481351664e-11
-1.5361795832598918e-11
-1.5874509753434467e-11
-1.6390485146079201e-11
-1.7074706429666327e-11
-1.7794906836726221e-11
-1.8687134835407831e-11
-1.9657590802395452e-11
-2.0811245717232682e-11
-2.2099516258987673e-11
-2.3594303907735676e-11
-2.5296831422610470e-11
-2.7251042799094567e-11
-2.9506329713707586e-11
-3.2098316054391321e-11
-3.5112942916696257e-11
-3.8609226081326661e-11
-4.2690970779984803e-11
-4.7507965212790895e-11
-5.3135604350191099e-11
-5.9944257451672626e-11
-6.7873281613749747e-11
-7.7788907541848324e-11
-8.9345979231815421e-11
-1.0411515826597046e-10
-1.2175606124759718e-10
-1.4435689144523387e-10
-1.7262691848190844e-10
-2.0873570268170134e-10
-2.5649655938123393e-10
-3.1732632060966740e-10
-4.0332113350409241e-10
-5.1497707776004436e-10
-6.7721740347905141e-10
-9.0462754877323165e-10
-1.2394894068640740e-09
-1.7594164251016696e-09
-2.5466622298145943e-09
-3.9193842236929395e-09
-6.1916016314646102e-09
-1.0481363590895767e-08
-1.9095034008814540e-08
-3.7421049775384687e-08
-8.6391394380289096e-08
-2.2515970794102505e-07
-7.7142800057637200e-07
-3.9480940595461500e-06
-3.9162805995565146e-05
-1.4663785152781098e-03
0.0000000000000000e+00
];
