%Vec Object:dSdr_b_aug 1 MPI processes
%  type: seq
dSdr_b_aug = [
0.0000000000000000e+00
0.0000000000000000e+00
7.2857872837794613e-01
0.0000000000000000e+00
-1.8132154723407973e-02
-7.5475997675540718e-03
-4.7416341062016488e-03
-3.3897967017449426e-03
-2.5441826457977298e-03
-2.0207713976849273e-03
-1.6659668160248727e-03
-1.4003508340884173e-03
-1.2030141289191729e-03
-1.0516581909608799e-03
-9.2854751549217222e-04
-8.2880624723919165e-04
-6.6441277878224684e-03
-1.8245864956158462e+00
-1.7531528500772549e+00
-1.6717848659960646e+00
-1.5962672983701740e+00
-1.5235297310378597e+00
-1.4532294840867879e+00
-1.3920186309781613e+00
-1.3346572836091775e+00
-1.2808006279477642e+00
-1.2262607569351371e+00
-1.1767401180917991e+00
-1.1318031478907062e+00
-1.0893547420571135e+00
-1.0482029967478130e+00
-1.0062180141446961e+00
-9.7014921331260706e-01
-9.3585292638056328e-01
-9.0319846683369398e-01
-8.6845352811969234e-01
-8.3838635832771202e-01
-8.1013284973243604e-01
-7.8312329090784649e-01
-7.5466994814773858e-01
-7.2899688842188104e-01
-7.0533970520418099e-01
-6.8264177281146976e-01
-6.5861086026890414e-01
-6.3677528853509668e-01
-6.1669180899117071e-01
-5.9735926282392982e-01
-5.7645787128317472e-01
-5.5800841000732815e-01
-5.4075639797216091e-01
-5.2405711986208126e-01
-5.0545928683210717e-01
-4.8997929284031538e-01
-4.7500764606270601e-01
-4.5971929676674916e-01
-4.4418604119209620e-01
-4.3065631511220936e-01
-4.1754716267737918e-01
-4.0320885373586751e-01
-3.9041070058438337e-01
-3.7849480917433442e-01
-3.6638829921005667e-01
-3.5373137507625579e-01
-3.4285765409587382e-01
-3.3228801324538976e-01
-3.2042875144517563e-01
-3.1022129420253036e-01
-3.0053107439772514e-01
-2.9017523941405621e-01
-2.8023101209822171e-01
-2.7131886180667719e-01
-2.6217339790914396e-01
-2.5258942550230279e-01
-2.4436962028445167e-01
-2.3619399159811352e-01
-2.2704371349279995e-01
-2.1944297498436782e-01
-2.1202277162888464e-01
-2.0339391461100867e-01
-1.9633309615469810e-01
-1.8945076586779150e-01
-1.8149168432956309e-01
-1.7486228243598326e-01
-1.6846595833063652e-01
-1.6104025721926266e-01
-1.5487726981585281e-01
-1.4892071209471189e-01
-1.4191883915142128e-01
-1.3624557468261200e-01
-1.3056247346039335e-01
-1.2414625416060873e-01
-1.1885200574275191e-01
-1.1336843612952374e-01
-1.0754212872201442e-01
-1.0259611838479667e-01
-9.7252580157258850e-02
-9.2015103700960318e-02
-8.7390502669054529e-02
-8.2139779198024551e-02
-7.7485541585496101e-02
-7.3107609750493338e-02
-6.8015762391188686e-02
-6.3884335176070312e-02
-5.9487326256120771e-02
-5.5016959321762995e-02
-5.1150775421525470e-02
-4.6716818368183914e-02
-4.2849174509993072e-02
-3.9066094928534717e-02
-3.4916566886759114e-02
-3.1465011767833978e-02
-2.7584696980141335e-02
-2.4047582258438598e-02
-2.0701800071118548e-02
-1.6968909610909338e-02
-1.3896011837143491e-02
-1.0419410104504808e-02
-7.2933356402113646e-03
-4.2598621317717876e-03
-1.0073008432071801e-03
-9.9411281799971334e-07
-3.6199335091842412e-07
-2.4168368908767328e-07
-1.8064053903826133e-07
-1.4564327581872412e-07
-1.2414145530338154e-07
-1.0622037327393990e-07
-9.4844986644660089e-08
-8.3970020417731765e-08
-7.6165032999382587e-08
-6.8955675043830525e-08
-6.2876799772748118e-08
-5.7623562878423002e-08
-5.2661648883573590e-08
-4.8586574206403381e-08
-4.4443111410067028e-08
-4.1089744046413571e-08
-3.7695255580177301e-08
-3.4818519043944702e-08
-3.2020604921271566e-08
-2.9539263392243744e-08
-2.7205148824431443e-08
-2.5072068996000562e-08
-2.3115991003565265e-08
-2.1292470198405196e-08
-1.9649630074450247e-08
-1.8102411425243786e-08
-1.6722539937138882e-08
-1.5418674478188598e-08
-1.4261947364639371e-08
-1.3169439746536736e-08
-1.2203565666233255e-08
-1.1294301239266107e-08
-1.0490686136864108e-08
-9.7394464564459931e-09
-9.0740884454978693e-09
-8.4578624615750199e-09
-7.9106675865581533e-09
-7.4090842091913455e-09
-6.9633180710730908e-09
-6.5594708793121564e-09
-6.2006849021156617e-09
-5.8808368004033837e-09
-5.5976702694152366e-09
-5.3506651000944650e-09
-5.1346634991148642e-09
-4.9519358894149482e-09
-4.7976777082656784e-09
-4.6739103295848514e-09
-4.5785302189129933e-09
-4.5115515130976873e-09
-4.4759622177983553e-09
-4.4677542581320590e-09
-4.4977565368886092e-09
-4.5550079949230005e-09
-4.6636382999973722e-09
-4.8030307688815662e-09
-5.0096524553508766e-09
-5.2642369846571482e-09
-5.6035019317536283e-09
-6.0307049761915018e-09
-6.5710455825648097e-09
-7.2737057624984517e-09
-8.1437063177267509e-09
-9.3220597340309117e-09
-1.0799253007487827e-08
-1.2823555837069014e-08
-1.5526192587773345e-08
-1.9270406530453665e-08
-2.4682321920014314e-08
-3.2426295233819322e-08
-4.4660801802836401e-08
-6.3625269811924582e-08
-9.5946726664909936e-08
-1.5430668731996620e-07
-2.6627442765375653e-07
-5.1848463441116826e-07
-1.1357988946478150e-06
-3.0640277441626181e-06
-1.1257235833249924e-05
-6.9555981688800312e-05
-1.3627636399525243e-03
0.0000000000000000e+00
];
