%Vec Object:dSdr_b_aug 1 MPI processes
%  type: seq
dSdr_b_aug = [
0.0000000000000000e+00
0.0000000000000000e+00
7.7480046608340924e-01
0.0000000000000000e+00
-1.9519487310266655e-02
-8.0666406057428898e-03
-5.0134884219302667e-03
-3.5612615058078570e-03
-2.6727504799185400e-03
-2.1234079394998502e-03
-1.7510502753033069e-03
-1.4708072591400304e-03
-1.2626896332463306e-03
-1.1031421248661785e-03
-9.7320283180872243e-04
-8.6792737773371703e-04
-7.8161273046218238e-04
-7.0881865682832269e-04
-6.4660683843553615e-04
-5.9352290197650745e-04
-5.4762104903519754e-04
-5.0954641085794634e-04
-7.7707454923152106e-02
-1.4999764566031575e+00
-1.4626357500839395e+00
-1.4039800866439822e+00
-1.3442863718576550e+00
-1.2900877410330716e+00
-1.2409111325183402e+00
-1.1944639469011893e+00
-1.1494425354339410e+00
-1.1035187488956262e+00
-1.0640704269123340e+00
-1.0265663764964046e+00
-9.9086320627199842e-01
-9.5288363512092999e-01
-9.2002097054582443e-01
-8.8914513393772043e-01
-8.5963328117953053e-01
-8.2855127541799567e-01
-8.0050997138980640e-01
-7.7467376933792897e-01
-7.4988884358610342e-01
-7.2365447468160760e-01
-6.9981950943553684e-01
-6.7789948321414206e-01
-6.5680193397339215e-01
-6.3399762231094370e-01
-6.1387001120719498e-01
-5.9505072552641314e-01
-5.7683664533177725e-01
-5.5655652558711721e-01
-5.3967655372760004e-01
-5.2335268491282283e-01
-5.0668598755893024e-01
-4.8975470815045963e-01
-4.7500771449566637e-01
-4.6072045470796924e-01
-4.4509626939436864e-01
-4.3115088847201138e-01
-4.1816756789310106e-01
-4.0497794324373437e-01
-3.9119026372309518e-01
-3.7934511439803276e-01
-3.6783194346198628e-01
-3.5491573700615409e-01
-3.4379852884665302e-01
-3.3324507444908313e-01
-3.2196769425280486e-01
-3.1113894282936105e-01
-3.0143413091694365e-01
-2.9147578166794841e-01
-2.8104047197887005e-01
-2.7209039614794911e-01
-2.6318867853074612e-01
-2.5322618701476907e-01
-2.4495061149945277e-01
-2.3687170744950559e-01
-2.2747705062540344e-01
-2.1978944585525365e-01
-2.1229618621505755e-01
-2.0363050013704742e-01
-1.9641243922991730e-01
-1.8944808438768537e-01
-1.8136258442505590e-01
-1.7465192823415798e-01
-1.6816591551975524e-01
-1.6054105632388913e-01
-1.5436302065690896e-01
-1.4817400363747293e-01
-1.4118588339983587e-01
-1.3541976296451139e-01
-1.2944697557785687e-01
-1.2310018962567068e-01
-1.1771234101422190e-01
-1.1189069030924699e-01
-1.0618409737629517e-01
-1.0114519464101136e-01
-9.5422922289618198e-02
-9.0350541386583258e-02
-8.5578988584271931e-02
-8.0027859656984349e-02
-7.5523958268488525e-02
-7.0729560807181485e-02
-6.5854317348356950e-02
-6.1637952104262220e-02
-5.6800774128924834e-02
-5.2581275112967778e-02
-4.8453375703616748e-02
-4.3924137377640532e-02
-4.0156856046710689e-02
-3.5919904903676539e-02
-3.2057273279120675e-02
-2.8402998267734663e-02
-2.4324083606207574e-02
-2.0966476554471786e-02
-1.7165765935898209e-02
-1.3747800271719872e-02
-1.0430091717844803e-02
-6.8702023859950195e-03
-3.8919334729171297e-03
-4.1680201070445465e-04
-1.0638402274578923e-09
-2.2264942119054676e-10
-9.7627590285968223e-11
-5.8511230305584622e-11
-3.7677739222306909e-11
-2.8446022068744377e-11
-2.1556043239424919e-11
-1.7759808041733941e-11
-1.4833142358341621e-11
-1.2788249302663167e-11
-1.1325246642999889e-11
-1.0076221616807996e-11
-9.2765134340314895e-12
-8.4530347694864829e-12
-7.9733971203159830e-12
-7.4524739989547740e-12
-7.1328470267688047e-12
-6.8134599223477390e-12
-6.5969822638707224e-12
-6.4106299650257597e-12
-6.2719302626531331e-12
-6.1808410398047008e-12
-6.1058372198801444e-12
-6.0879991462529205e-12
-6.0695834682524762e-12
-6.1129749990000134e-12
-6.1483485200515326e-12
-6.2475367641361604e-12
-6.3370506178160894e-12
-6.4917117122638510e-12
-6.6396395254468822e-12
-6.8531636136752996e-12
-7.0674422164204315e-12
-7.3475607384355625e-12
-7.6399574819813198e-12
-7.9995346288366222e-12
-8.3866796830253384e-12
-8.8451242384204733e-12
-9.3509457959803290e-12
-9.9356590728755328e-12
-1.0594194949405219e-11
-1.1345125754763677e-11
-1.2204270339237857e-11
-1.3179973517923599e-11
-1.4307931330228062e-11
-1.5595767016609295e-11
-1.7093186397980662e-11
-1.8823649994270669e-11
-2.0840414801150091e-11
-2.3216189457738647e-11
-2.5983667988288853e-11
-2.9329465975532055e-11
-3.3211393510481277e-11
-3.8064163652551297e-11
-4.3697682399708453e-11
-5.0889479009051632e-11
-5.9448740378092763e-11
-7.0389904570075066e-11
-8.4029590387249117e-11
-1.0139408427451870e-10
-1.2427612972326865e-10
-1.5330070794036697e-10
-1.9413698537277876e-10
-2.4689856808645691e-10
-3.2310094114075051e-10
-4.2923308738303953e-10
-5.8437254371236422e-10
-8.2308925754026131e-10
-1.1813629254154114e-09
-1.7979843649753791e-09
-2.8061741152141478e-09
-4.6776144378617798e-09
-8.3593951926936154e-09
-1.6014001858303668e-08
-3.5732240389762246e-08
-8.9374708513440897e-08
-2.8716134144043387e-07
-1.3232717304197536e-06
-1.0985157566098545e-05
-4.0787754363686194e-04
0.0000000000000000e+00
];
