%Vec Object:dSdr_b_aug 1 MPI processes
%  type: seq
dSdr_b_aug = [
0.0000000000000000e+00
0.0000000000000000e+00
7.9314663317470180e-01
0.0000000000000000e+00
-2.0142030573361086e-02
-8.2737601383775401e-03
-5.0989357331397882e-03
-3.6003257480434602e-03
-2.6960723075440240e-03
-2.1373529904739567e-03
-1.7586918470819288e-03
-1.4732062148096407e-03
-1.2612641035896651e-03
-1.0988250291490661e-03
-9.6654909740221534e-04
-8.5940750330021831e-04
-7.7158001875976914e-04
-6.9753725786104634e-04
-6.3428594002813015e-04
-5.8032462518307036e-04
-5.3367498610517553e-04
-4.9252619084893211e-04
-4.5647826545680862e-04
-4.2471229859391733e-04
-6.7713450926225598e-04
-5.3029552817938053e-01
-1.3767385107649615e+00
-1.3327575153828946e+00
-1.2822477476359917e+00
-1.2342930705752024e+00
-1.1878055912121155e+00
-1.1403892720145323e+00
-1.0996603373537286e+00
-1.0609407582857173e+00
-1.0240823297201846e+00
-9.8487704775033091e-01
-9.5095507657220990e-01
-9.1908555204427578e-01
-8.8862549623360487e-01
-8.5654740125183282e-01
-8.2760868850911362e-01
-8.0094678178245982e-01
-7.7537102296209737e-01
-7.4830168909751094e-01
-7.2370908535317446e-01
-7.0109312911705968e-01
-6.7932676066384834e-01
-6.5580136818664447e-01
-6.3503784945200159e-01
-6.1562467090397988e-01
-5.9683658108886595e-01
-5.7591898594248514e-01
-5.5850851522474820e-01
-5.4167224385294721e-01
-5.2448324383972766e-01
-5.0702220589349267e-01
-4.9181394847210219e-01
-4.7708026404210868e-01
-4.6096881663388206e-01
-4.4658871234113073e-01
-4.3320090681210938e-01
-4.1960085339372077e-01
-4.0538469236149827e-01
-3.9317143603203586e-01
-3.8130072967922202e-01
-3.6798401106796647e-01
-3.5652206753615290e-01
-3.4564150438722013e-01
-3.3401491949942186e-01
-3.2285099194154626e-01
-3.1284581375172743e-01
-3.0257943473036980e-01
-2.9182152447699994e-01
-2.8259472442036182e-01
-2.7341786714115468e-01
-2.6314760038861584e-01
-2.5461630630484877e-01
-2.4628779827602565e-01
-2.3660295387942454e-01
-2.2867783856084853e-01
-2.2095307710719750e-01
-2.1201963454157474e-01
-2.0457851079057085e-01
-1.9739890985845182e-01
-1.8906338965400551e-01
-1.8214520318950622e-01
-1.7545856202530039e-01
-1.6759763210453771e-01
-1.6122832150259478e-01
-1.5484759580165028e-01
-1.4764276278784588e-01
-1.4169783401214447e-01
-1.3553966535192943e-01
-1.2899565230404150e-01
-1.2344037613145857e-01
-1.1743755227525576e-01
-1.1155319506898610e-01
-1.0635729928380956e-01
-1.0045634088566932e-01
-9.5225511172118193e-02
-9.0304801908701451e-02
-8.4579635364053204e-02
-7.9934590728792748e-02
-7.4989608672129518e-02
-6.9960942707661275e-02
-6.5611880840204168e-02
-6.0621907541190755e-02
-5.6269077444626961e-02
-5.2010512791046307e-02
-4.7337387818306417e-02
-4.3450465644351573e-02
-3.9078371151266812e-02
-3.5092388388847241e-02
-3.1321213253167945e-02
-2.7111176532526211e-02
-2.3645682411379876e-02
-1.9722156648973522e-02
-1.6193589769657988e-02
-1.2768202954454791e-02
-9.0921367619617669e-03
-6.0165895007062500e-03
-2.4250708068469921e-03
-1.8185174883735870e-08
-4.6471151759836912e-10
-1.4492213647145014e-10
-7.5871523166635714e-11
-4.4820897079870467e-11
-3.2329175517534987e-11
-2.3588105688934868e-11
-1.8973149671060223e-11
-1.5531561470576507e-11
-1.3184729871341329e-11
-1.1535096401495044e-11
-1.0151096811160074e-11
-9.2705289736664345e-12
-8.3782813953754248e-12
-7.8568550429354976e-12
-7.2987417734095561e-12
-6.9533004049798879e-12
-6.6112875116906304e-12
-6.3766078022202551e-12
-6.1740923679096180e-12
-6.0208492048323395e-12
-5.9161577967235901e-12
-5.8280156397749506e-12
-5.7970486887337834e-12
-5.7654562387302246e-12
-5.7949222087004163e-12
-5.8159905767435486e-12
-5.8995109346639171e-12
-5.9726595729112852e-12
-6.1090678379136056e-12
-6.2376280384137539e-12
-6.4294296277895392e-12
-6.6202657093992189e-12
-6.8741270835560669e-12
-7.1377013086387222e-12
-7.4651098149076241e-12
-7.8163816029189059e-12
-8.2348899550616351e-12
-8.6955499686538401e-12
-9.2300123135912615e-12
-9.8310249103575488e-12
-1.0517777340264620e-11
-1.1302739353106590e-11
-1.2195102077915718e-11
-1.3226079013945776e-11
-1.4403674177211122e-11
-1.5772324853103343e-11
-1.7353909819863594e-11
-1.9196548520824922e-11
-2.1366534525832653e-11
-2.3893579462229495e-11
-2.6947320468576619e-11
-3.0489174796840911e-11
-3.4914815741136031e-11
-4.0050047112141859e-11
-4.6603069137878665e-11
-5.4397604823082599e-11
-6.4356882674926267e-11
-7.6765737955091685e-11
-9.2554401127905510e-11
-1.1335105815040557e-10
-1.3971066566154834e-10
-1.7678927602667067e-10
-2.2465483113161263e-10
-2.9376757055542416e-10
-3.8996430985148069e-10
-5.3051384948814699e-10
-7.4672915473602394e-10
-1.0710091500870458e-09
-1.6292655311737590e-09
-2.5415620928865299e-09
-4.2355480499630967e-09
-7.5699394655482318e-09
-1.4505911737692782e-08
-3.2417294917304772e-08
-8.1254626509406781e-08
-2.6230299469060239e-07
-1.2200090054736641e-06
-1.0310314256420106e-05
-4.0356370145479948e-04
0.0000000000000000e+00
];
