%Vec Object:dSdr_b_aug 1 MPI processes
%  type: seq
dSdr_b_aug = [
0.0000000000000000e+00
0.0000000000000000e+00
9.9574222600055029e-01
0.0000000000000000e+00
-3.1781641800551902e-02
-1.2037951033167507e-02
-6.7008238538612437e-03
-4.5125334773560045e-03
-3.3940817116518505e-03
-2.7092915112065415e-03
-2.2471727397843301e-03
-1.8864481828601504e-03
-1.6192708164338148e-03
-1.4151481535465665e-03
-1.2469786574275082e-03
-1.1105856317380066e-03
-9.9890875308748382e-04
-9.0463707340766007e-04
-8.2396488749913218e-04
-7.5518693397374115e-04
-6.9575310121667753e-04
-6.4328263175948144e-04
-5.9733865276940178e-04
-5.5684150287240309e-04
-5.2044181916717752e-04
-4.8791275823319700e-04
-4.5874084667711239e-04
-4.3227914484221373e-04
-4.0822356177882185e-04
-3.8636681938515512e-04
-3.6637722475278358e-04
-3.4797725893017848e-04
-3.3108697349757646e-04
-3.1552829492985498e-04
-3.0107016590762972e-04
-2.8768828703106978e-04
-2.7527400518371863e-04
-2.6367081194064935e-04
-2.5284874186141070e-04
-2.4274456149395160e-04
-2.3326196804528894e-04
-2.2435831308851157e-04
-2.1600027210309282e-04
-2.0812697904497814e-04
-2.0069387501145565e-04
-1.9368402436132853e-04
-1.8705811840336809e-04
-1.8077418722454132e-04
-1.7482441785889147e-04
-1.6918294686387635e-04
-1.6381211202475790e-04
-1.5870916522348934e-04
-1.5385579244303054e-04
-1.4922209885398610e-04
-1.4480504286652022e-04
-1.4059160858882861e-04
-1.3656026732762513e-04
-1.3270557917267263e-04
-1.2901892338432948e-04
-1.2548451009631819e-04
-1.2209594345495697e-04
-1.1884745583818034e-04
-1.1572725994593980e-04
-1.1272880909808281e-04
-1.0984820365270665e-04
-1.0707649237535018e-04
-1.0440740841032370e-04
-1.0183828410597641e-04
-9.9362206764251488e-05
-9.6973404326041243e-05
-9.4670025107093216e-05
-9.2446637514001403e-05
-9.0298063269803224e-05
-8.8222989889620113e-05
-8.6217081905511038e-05
-8.4275804921415655e-05
-8.2398281235433602e-05
-8.0581235621006992e-05
-7.8821460152553983e-05
-7.7120367320915987e-05
-7.5480634891617851e-05
-7.3912991174339388e-05
-7.2452507525572055e-05
-7.1178122625416564e-05
-7.0267770274122613e-05
-7.0135913236859973e-05
-7.1634628174421956e-05
-7.6539138447738388e-05
-8.8923094166729172e-05
-1.1692885102499853e-04
-1.7641108247240257e-04
-2.9695303453010824e-04
-5.2098728954219240e-04
-9.1504184220558837e-04
-1.5879098585558186e-03
-2.6679678025309304e-03
-4.3483643157951066e-03
-6.8600631724191454e-03
-1.0326511847566829e-02
-1.4964087501634478e-02
-2.0660936154347054e-02
-2.6908817394605513e-02
-3.3653492875447791e-02
-3.9891854156549660e-02
-4.5220444122930248e-02
-4.9681976897386425e-02
-5.2393279012681919e-02
-5.4246515470983518e-02
-5.4932336622570924e-02
-5.4232336119847832e-02
-5.3319341530602860e-02
-5.1232417719279680e-02
-4.8945616329197895e-02
-4.6385519864936033e-02
-4.3005679067067690e-02
-4.0099160555151954e-02
-3.6457756192245762e-02
-3.3054856754068052e-02
-2.9601527512861266e-02
-2.5749851704142471e-02
-2.2470686578221231e-02
-1.8529771591463275e-02
-1.5185564503967656e-02
-1.1610800363540959e-02
-8.0853634991146228e-03
-4.8812103938645898e-03
-1.2625584296175323e-03
-2.6276741693686302e-08
-3.0458702043760853e-09
-1.3238311660467134e-09
-7.4263965871006453e-10
-5.0182103354905757e-10
-3.8095228919957974e-10
-3.0241000749303305e-10
-2.6326196476945793e-10
-2.2930556308185527e-10
-2.1602220170315397e-10
-2.0346602440801087e-10
-2.0233260492944125e-10
-2.0367807053345506e-10
-2.1268598017624391e-10
-2.2719947311610274e-10
-2.4940373316311489e-10
-2.8212594218119643e-10
-3.2639802571314665e-10
-3.9099036994767303e-10
-4.7814819909227463e-10
-6.0674988875233125e-10
-7.8512560838635089e-10
-1.0540741479395028e-09
-1.4412686957516152e-09
-2.0405021950138148e-09
-2.9372525433443616e-09
-4.3621266752116696e-09
-6.5739435462777965e-09
-1.0175442188989077e-08
-1.5951524315731710e-08
-2.5563380063650871e-08
-4.1419838534783712e-08
-6.8308611075966148e-08
-1.1374625975174120e-07
-1.9204690479921235e-07
-3.2707653467578026e-07
-5.6293868708568552e-07
-9.7640222361762699e-07
-1.7061507840615783e-06
-2.9986255544149446e-06
-5.2850338490032794e-06
-9.3050183246997727e-06
-1.6206221632267931e-05
-2.7503847864552795e-05
-4.4471672106211575e-05
-6.7038303904967602e-05
-9.3593120042416081e-05
-1.2161196511686454e-04
-1.4963686234557004e-04
-1.7643358188037088e-04
-2.0222069932270421e-04
-2.2687851123859412e-04
-2.5108027841764581e-04
-2.7517732709148577e-04
-2.9977871809452818e-04
-3.2547502329394618e-04
-3.5278974766708287e-04
-3.8253175768180253e-04
-4.1529408665503642e-04
-4.5210855616306135e-04
-4.9398621634428230e-04
-5.4235715226146931e-04
-5.9904659515590036e-04
-6.6646319998252713e-04
-7.4807126610930701e-04
-8.4866752413020213e-04
-9.7553248947115923e-04
-1.1398493877677373e-03
-1.3598762620148188e-03
-1.6674232239131126e-03
-2.1225471006876290e-03
-2.8528435943246792e-03
-4.1787247123411331e-03
-7.1612579796355271e-03
-1.8009128260753175e-02
0.0000000000000000e+00
];
