%Vec Object:dSdr_b_aug 1 MPI processes
%  type: seq
dSdr_b_aug = [
0.0000000000000000e+00
0.0000000000000000e+00
6.6656118531243391e-01
0.0000000000000000e+00
-1.6880176448975957e-02
-7.0308030606588481e-03
-4.4102181834595779e-03
-3.1455072667442010e-03
-2.3582697938162402e-03
-1.8708518707672265e-03
-2.3418150101229593e+00
-2.2524512449801670e+00
-2.1246042138613244e+00
-2.0049895138429235e+00
-1.9015596954190424e+00
-1.8075765220636557e+00
-1.7160568436126742e+00
-1.6259443537396412e+00
-1.5496753181673757e+00
-1.4754145524256979e+00
-1.4039189148051443e+00
-1.3340327111022765e+00
-1.2616915697039086e+00
-1.1949383934760969e+00
-1.1292017503298730e+00
-1.0634045561013037e+00
-9.9020597282084089e-01
-9.1907542730848102e-01
-8.5053430711667299e-01
-7.8110677156962793e-01
-7.0958485031827312e-01
-6.3270193771089722e-01
-5.6496523947328903e-01
-4.9963219547336213e-01
-4.3778408979161687e-01
-3.7241371237462789e-01
-3.1917481364396927e-01
-2.7277457031489055e-01
-2.3216315041567603e-01
-1.9382300776669248e-01
-1.6478890563802284e-01
-1.4279339867958207e-01
-1.2552431277002357e-01
-1.1169022935272116e-01
-1.0318966325694448e-01
-9.8165183919368543e-02
-9.5610668728664819e-02
-9.5363706879699459e-02
-9.6691905812521128e-02
-9.8962788212950070e-02
-1.0205068159511793e-01
-1.0615582967121083e-01
-1.0977985613576277e-01
-1.1355168266717049e-01
-1.1743213612398735e-01
-1.2122139191392925e-01
-1.2444032052861184e-01
-1.2739474235685416e-01
-1.3032198844661047e-01
-1.3275378657720727e-01
-1.3483147553156111e-01
-1.3663564120556693e-01
-1.3835485754737181e-01
-1.3963250986530645e-01
-1.4061451210055026e-01
-1.4158733386396022e-01
-1.4229393743518856e-01
-1.4274754489874050e-01
-1.4313164901303141e-01
-1.4340874782712409e-01
-1.4347682710655699e-01
-1.4345940816631858e-01
-1.4344410703460755e-01
-1.4326458660567848e-01
-1.4301591004203257e-01
-1.4275688234517733e-01
-1.4240761906758467e-01
-1.4199622824543762e-01
-1.4161251786279508e-01
-1.4114974152226661e-01
-1.4066212972730235e-01
-1.4016621554676278e-01
-1.3962365537172486e-01
-1.3908223197082858e-01
-1.3853316903727692e-01
-1.3796260350499315e-01
-1.3740528996562704e-01
-1.3677313438724997e-01
-1.3620192288164881e-01
-1.3560701507775474e-01
-1.3498551960100533e-01
-1.3440677872566831e-01
-1.3379089136271941e-01
-1.3316020898004330e-01
-1.3256981707653517e-01
-1.3193125445540030e-01
-1.3133265351894291e-01
-1.3075410178660329e-01
-1.3008310099307493e-01
-1.2951923265373533e-01
-1.2891916545889401e-01
-1.2824095981808012e-01
-1.2772541719304450e-01
-1.2709166252768347e-01
-1.2648230142931624e-01
-1.2596817684224151e-01
-1.2529138840925072e-01
-1.2476926446708615e-01
-1.2422923137138499e-01
-1.2360309377974699e-01
-1.2311958367682045e-01
-1.2254238356818618e-01
-1.2200038380475127e-01
-1.2153081392933750e-01
-1.2096985044285283e-01
-1.2052067169030481e-01
-1.2003049484554681e-01
-1.1957487712951358e-01
-1.1914295247275060e-01
-1.1871102424898695e-01
-1.1836187018241279e-01
-1.1794424751926724e-01
-1.1767938916487702e-01
-1.1735428920188809e-01
-1.1708989403234432e-01
-1.1695076351893649e-01
-1.1669241963117859e-01
-1.1667470557465968e-01
-1.1657767197230146e-01
-1.1661232954221562e-01
-1.1672216257276247e-01
-1.1686655018608554e-01
-1.1713192637108311e-01
-1.1746405626017530e-01
-1.1793161960722584e-01
-1.1842724923192240e-01
-1.1913906777507524e-01
-1.1984994932724369e-01
-1.2077304549463541e-01
-1.2176750998279089e-01
-1.2290994650035994e-01
-1.2419279493297379e-01
-1.2560335539241121e-01
-1.2715418705607617e-01
-1.2884877514363036e-01
-1.3068492397807771e-01
-1.3263063821551974e-01
-1.3479432761119658e-01
-1.3698359780059571e-01
-1.3943748472908693e-01
-1.4191246538033636e-01
-1.4460793305644243e-01
-1.4737043423989307e-01
-1.5031424078496863e-01
-1.5331507913025391e-01
-1.5652332258457943e-01
-1.5975291021252186e-01
-1.6319260706195374e-01
-1.6665637387697585e-01
-1.7030044893237228e-01
-1.7398012648209940e-01
-1.7782131354181160e-01
-1.8168782662366462e-01
-1.8573021590355202e-01
-1.8976634028756897e-01
-1.9396816386443044e-01
-1.9820175849583768e-01
-2.0253254131392562e-01
-2.0695318152495909e-01
-2.1142788758724665e-01
-2.1601197697230701e-01
-2.2067200499875550e-01
-2.2545160662243052e-01
-2.3032833422044147e-01
-2.3537352288528596e-01
-2.4052810149591639e-01
-2.4592408417993097e-01
-2.5148149809581372e-01
-2.5733702011241927e-01
-2.6346685572351219e-01
-2.6994417254777403e-01
-2.7686240357626996e-01
-2.8421675580785088e-01
-2.9220301503409174e-01
-3.0081053990752732e-01
-3.1026869880022456e-01
-3.2069060634148328e-01
-3.3227371023728264e-01
-3.4531418511767231e-01
-3.6009516514947354e-01
-3.7712984599665833e-01
-3.9692784026108691e-01
-4.2040580091737317e-01
-4.4868425153040692e-01
-4.8350458746415625e-01
-5.2758338728710363e-01
-5.8522727241982408e-01
-6.6422532328299033e-01
-7.7952095202082572e-01
-9.6497465814034855e-01
-1.3173378421273922e+00
-2.2718039168006210e+00
0.0000000000000000e+00
];
