%Vec Object:dSdr_b_aug 1 MPI processes
%  type: seq
dSdr_b_aug = [
0.0000000000000000e+00
0.0000000000000000e+00
7.1655621229024025e-01
0.0000000000000000e+00
-1.7833710906580248e-02
-7.4307250586782923e-03
-4.6740411587171170e-03
-3.3434870799676198e-03
-2.5091230065260625e-03
-1.9925519783462221e-03
-1.6423835361780905e-03
-1.3805551586519968e-03
-1.1860156202380808e-03
-1.0367888160354923e-03
-1.6756596497555086e-03
-2.0300569654212479e+00
-1.9462899155547657e+00
-1.8439014512112601e+00
-1.7576031915366559e+00
-1.6734007130546915e+00
-1.5922851393016626e+00
-1.5133745802590399e+00
-1.4316491838263778e+00
-1.3563907758785263e+00
-1.2825129873936694e+00
-1.2087664746663629e+00
-1.1268265300308300e+00
-1.0474959352437383e+00
-9.7126629217764771e-01
-8.9417543199654836e-01
-8.1493290274709540e-01
-7.3001852759394703e-01
-6.5525395373522000e-01
-5.8328041495919136e-01
-5.1524864566964179e-01
-4.4342650783646426e-01
-3.8497303446599301e-01
-3.3406492332427590e-01
-2.8952250528961759e-01
-2.4746334681572071e-01
-2.1560987177843066e-01
-1.9146380342628527e-01
-1.7245095302778388e-01
-1.5716983669807183e-01
-1.4771074599160330e-01
-1.4202652383927872e-01
-1.3902175654116891e-01
-1.3850204339471622e-01
-1.3969550695250416e-01
-1.4190755853397705e-01
-1.4500041333436425e-01
-1.4914067986922394e-01
-1.5278997745763884e-01
-1.5660126198000388e-01
-1.6050245172816768e-01
-1.6428533078822199e-01
-1.6747753364646137e-01
-1.7037267237321535e-01
-1.7319882385743968e-01
-1.7551454342643208e-01
-1.7745693929610465e-01
-1.7908975912941050e-01
-1.8060801638911417e-01
-1.8168120608596872e-01
-1.8243579910300656e-01
-1.8313545027753650e-01
-1.8359181618144310e-01
-1.8377971949212596e-01
-1.8386915675471383e-01
-1.8384238159181884e-01
-1.8361569453450732e-01
-1.8328676945948558e-01
-1.8293950430561570e-01
-1.8245325377922186e-01
-1.8189646035285201e-01
-1.8127224519417673e-01
-1.8060809005351405e-01
-1.7988365619123481e-01
-1.7912889197082865e-01
-1.7835265524964508e-01
-1.7755269023187534e-01
-1.7667638641112868e-01
-1.7581921115893739e-01
-1.7495962243633717e-01
-1.7404059343001479e-01
-1.7315680079562543e-01
-1.7228387088232738e-01
-1.7127792006126824e-01
-1.7039427514576147e-01
-1.6947922529585246e-01
-1.6849878655181574e-01
-1.6761215722841111e-01
-1.6667044724999558e-01
-1.6568853660174526e-01
-1.6479209208982357e-01
-1.6381779433705568e-01
-1.6288852163239265e-01
-1.6200811739476534e-01
-1.6098948086770687e-01
-1.6010686004015556e-01
-1.5920290621831804e-01
-1.5816928403103345e-01
-1.5735317059853315e-01
-1.5640000478175889e-01
-1.5544697486609707e-01
-1.5462545831589450e-01
-1.5359277993522752e-01
-1.5274643536409183e-01
-1.5188151617532666e-01
-1.5089301609531294e-01
-1.5008631667936095e-01
-1.4914050474814505e-01
-1.4824135018056445e-01
-1.4742450143944005e-01
-1.4645831246390892e-01
-1.4565086330840224e-01
-1.4474519371797301e-01
-1.4388266849077225e-01
-1.4302907476702847e-01
-1.4213166194953281e-01
-1.4133641167114672e-01
-1.4039916289449991e-01
-1.3962887907501309e-01
-1.3874667616720657e-01
-1.3788511818326873e-01
-1.3713310268719645e-01
-1.3617235687352677e-01
-1.3545838354001441e-01
-1.3455478588582701e-01
-1.3376964098364394e-01
-1.3295798620016583e-01
-1.3212182480373774e-01
-1.3133215488338229e-01
-1.3050126289852304e-01
-1.2975216053767469e-01
-1.2887347974113361e-01
-1.2817372015491432e-01
-1.2729415530310065e-01
-1.2656504072375888e-01
-1.2575007845710912e-01
-1.2497355472564246e-01
-1.2420618428632293e-01
-1.2342575946500772e-01
-1.2266516813485991e-01
-1.2188925023884634e-01
-1.2114588257247982e-01
-1.2033516646353595e-01
-1.1965943105110355e-01
-1.1880565922744050e-01
-1.1815897488965543e-01
-1.1732329121967194e-01
-1.1665585927281236e-01
-1.1584906935298948e-01
-1.1518074859186746e-01
-1.1436092750632325e-01
-1.1372814109009020e-01
-1.1289695809453654e-01
-1.1227064060579421e-01
-1.1146151586349139e-01
-1.1081914065015448e-01
-1.1002826802108077e-01
-1.0938288546027350e-01
-1.0859006177910382e-01
-1.0797085818415952e-01
-1.0717099128293125e-01
-1.0654004547121231e-01
-1.0579395819577750e-01
-1.0511479489646745e-01
-1.0442167121240474e-01
-1.0371412922510972e-01
-1.0303152465740116e-01
-1.0232951249055687e-01
-1.0165616686149551e-01
-1.0094458661267820e-01
-1.0030737349134408e-01
-9.9558711002788597e-02
-9.8948303405261590e-02
-9.8200249646086410e-02
-9.7572899290352136e-02
-9.6871362142920123e-02
-9.6192788637431734e-02
-9.5554187735836446e-02
-9.4825411867885234e-02
-9.4226612973288909e-02
-9.3483518788669381e-02
-9.2861152282862708e-02
-9.2185099500117315e-02
-9.1520230345798162e-02
-9.0881009588623052e-02
-9.0192796677302303e-02
-8.9594156106670694e-02
-8.8887069938174607e-02
-8.8296421950604997e-02
-8.7671894883661713e-02
-8.7103705709153642e-02
-8.6667117565790611e-02
-8.6362492646988850e-02
-8.6718188765102094e-02
-8.8777688149974762e-02
-9.7207832046512815e-02
-1.3377277488890119e-01
-3.5402783031111246e-01
0.0000000000000000e+00
];
