%Vec Object:dSdr_b_aug 1 MPI processes
%  type: seq
dSdr_b_aug = [
0.0000000000000000e+00
0.0000000000000000e+00
8.6645545970884996e-01
0.0000000000000000e+00
-2.3428150980759534e-02
-9.4263252779022925e-03
-5.6252068032558531e-03
-3.9052064206949399e-03
-2.9320713614029987e-03
-2.3325025658341475e-03
-1.9262419066905811e-03
-1.6152929768683813e-03
-1.3845961257422381e-03
-1.2079420145308854e-03
-1.0635880831490103e-03
-9.4661927691111415e-04
-8.5077222195046936e-04
-7.6992506776400087e-04
-7.0081383608693916e-04
-6.4186676930507434e-04
-5.9091215228276091e-04
-5.4594324920973175e-04
-5.0655556992993778e-04
-4.7182523284181488e-04
-4.4060282100370123e-04
-4.1269376418412332e-04
-3.8765785331728182e-04
-3.6493931495179533e-04
-3.4428060737092691e-04
-3.2550540976924921e-04
-3.0832798027960928e-04
-2.9251050467547974e-04
-2.7798727008408557e-04
-2.6460509541910611e-04
-2.5216379804486215e-04
-2.4064629046707789e-04
-2.2996565127601874e-04
-2.2004992202914658e-04
-2.1131738491163101e-04
-2.0602566348958297e-04
-2.1440520166787246e-04
-2.7921409926855476e-04
-5.6755051457127643e-04
-1.6132180760290798e-03
-4.8888460700697092e-03
-1.4045782477263589e-02
-3.5911160353440288e-02
-7.6121421465419392e-02
-1.2724258924161633e-01
-1.7313286716451490e-01
-2.0639385897619569e-01
-2.2946282811978910e-01
-2.4458727980916631e-01
-2.5527217489809256e-01
-2.6320277531359509e-01
-2.6928242100783190e-01
-2.7374873055281362e-01
-2.7726944466449410e-01
-2.8028290916051946e-01
-2.8255814541088925e-01
-2.8430332132294767e-01
-2.8558640259429602e-01
-2.8664548569729142e-01
-2.8723096855878111e-01
-2.8742910782966924e-01
-2.8745112901167391e-01
-2.8728395221936859e-01
-2.8680753129492159e-01
-2.8615884208772835e-01
-2.8537023776403503e-01
-2.8440428974949272e-01
-2.8329392964972339e-01
-2.8211381311148759e-01
-2.8085808933693057e-01
-2.7952839299556137e-01
-2.7798805126183973e-01
-2.7653416618418664e-01
-2.7502476771041867e-01
-2.7333951503089837e-01
-2.7177757290970767e-01
-2.7019486435867546e-01
-2.6836518417638860e-01
-2.6672002730213556e-01
-2.6506379452172513e-01
-2.6321833597190558e-01
-2.6155090702153166e-01
-2.5988868259106529e-01
-2.5794774999898734e-01
-2.5628362024733348e-01
-2.5456919228436126e-01
-2.5269246544388035e-01
-2.5103829853249210e-01
-2.4928463039323148e-01
-2.4742763817716454e-01
-2.4577025608463421e-01
-2.4396128238993486e-01
-2.4221087222192667e-01
-2.4058258915170061e-01
-2.3870214920252716e-01
-2.3703121503087007e-01
-2.3537742151831884e-01
-2.3346584257010852e-01
-2.3191058831323896e-01
-2.3017976876246318e-01
-2.2840013072886309e-01
-2.2684951310011384e-01
-2.2497403464830407e-01
-2.2337304582822470e-01
-2.2176228916758717e-01
-2.1994642879679216e-01
-2.1842422016799012e-01
-2.1666566885732697e-01
-2.1500147242742337e-01
-2.1346547921930445e-01
-2.1166079809648017e-01
-2.1016075273126839e-01
-2.0845232597812757e-01
-2.0684658809858172e-01
-2.0525563303937516e-01
-2.0356071408516191e-01
-2.0207150563920462e-01
-2.0032164092421081e-01
-1.9884286991063438e-01
-1.9720643821642339e-01
-1.9558052134400755e-01
-1.9412215686837450e-01
-1.9235401031449095e-01
-1.9096247371945549e-01
-1.8925440581023686e-01
-1.8778199071239238e-01
-1.8619423984056913e-01
-1.8462569001386983e-01
-1.8311174323728763e-01
-1.8150702407896394e-01
-1.8007703827689103e-01
-1.7838464346068050e-01
-1.7702253750747535e-01
-1.7533606852772643e-01
-1.7391735196868868e-01
-1.7233704234905589e-01
-1.7083679645553071e-01
-1.6933340788842552e-01
-1.6780739155568433e-01
-1.6633310238582907e-01
-1.6478619653349622e-01
-1.6334289174298869e-01
-1.6174797915602068e-01
-1.6038103439456788e-01
-1.5873513019466373e-01
-1.5740385472351989e-01
-1.5576756720949309e-01
-1.5443300564170789e-01
-1.5279749341193560e-01
-1.5146790555097084e-01
-1.4981545100221574e-01
-1.4852411105369084e-01
-1.4685497366613762e-01
-1.4556529948677868e-01
-1.4392649170883892e-01
-1.4261291355464256e-01
-1.4099264968119071e-01
-1.3966015503483273e-01
-1.3804573794377492e-01
-1.3672424089195301e-01
-1.3511304531873897e-01
-1.3376724159251099e-01
-1.3221246627509631e-01
-1.3080467364436274e-01
-1.2931442971312646e-01
-1.2785190529261004e-01
-1.2638817379692921e-01
-1.2490221726823832e-01
-1.2346752459376094e-01
-1.2194101554082951e-01
-1.2056760290659427e-01
-1.1896254642603976e-01
-1.1763116517046264e-01
-1.1602484939247693e-01
-1.1465082182088258e-01
-1.1311637855724953e-01
-1.1164590786505811e-01
-1.1020665018728923e-01
-1.0863793545015336e-01
-1.0727634368449021e-01
-1.0563759078791235e-01
-1.0425354183479560e-01
-1.0270284806422780e-01
-1.0122552344508848e-01
-9.9755066108525428e-02
-9.8186739249787255e-02
-9.6789531262776757e-02
-9.5137921674014150e-02
-9.3712808084663354e-02
-9.2163094830719716e-02
-9.0626343158786343e-02
-8.9179735151549575e-02
-8.7520520351487233e-02
-8.6076194980230683e-02
-8.4530326320781113e-02
-8.2991773267466928e-02
-8.1639197085473972e-02
-8.0571863257595702e-02
0.0000000000000000e+00
];
