%Vec Object:dSdr_b_aug 1 MPI processes
%  type: seq
dSdr_b_aug = [
0.0000000000000000e+00
0.0000000000000000e+00
9.5688900509811470e-01
0.0000000000000000e+00
-2.8801923068546467e-02
-1.1107834859937285e-02
-6.2919550481540009e-03
-4.2711779832049707e-03
-3.2197566049712231e-03
-2.5766887093153922e-03
-2.1417967776453072e-03
-1.7969341972848749e-03
-1.5413612922273270e-03
-1.3459505369239871e-03
-1.1854141120055839e-03
-1.0552586896263353e-03
-9.4866454537699269e-04
-8.5870414717667315e-04
-7.8174726311107715e-04
-7.1612931038218005e-04
-6.5942078928891013e-04
-6.0936046853137047e-04
-5.6552351390214139e-04
-5.2687995283020120e-04
-4.9214327806942036e-04
-4.6109847161568938e-04
-4.3325551060144845e-04
-4.0799607824863336e-04
-3.8503143077634871e-04
-3.6416444415832578e-04
-3.4507790353108280e-04
-3.2750700458623655e-04
-3.1137663305092454e-04
-2.9651659905493834e-04
-2.8270559711824586e-04
-2.6992172679467583e-04
-2.5806117826619799e-04
-2.4697387963038605e-04
-2.3663202834031595e-04
-2.2697530155033443e-04
-2.1791139158251174e-04
-2.0939990138435426e-04
-2.0140916351274959e-04
-1.9388087345882502e-04
-1.8677256712455105e-04
-1.8006824167536180e-04
-1.7373026951650843e-04
-1.6771855511490247e-04
-1.6202578300821509e-04
-1.5662720689440574e-04
-1.5148682570977821e-04
-1.4660211642521779e-04
-1.4195555401989813e-04
-1.3751858322906180e-04
-1.3328834599168887e-04
-1.2925238287284118e-04
-1.2539015205528613e-04
-1.2169647455959503e-04
-1.1816308638278320e-04
-1.1477493532530159e-04
-1.1152592369381953e-04
-1.0841050343283128e-04
-1.0541744573639739e-04
-1.0254051529978828e-04
-9.9775936982743238e-05
-9.7115187822809085e-05
-9.4552310101519250e-05
-9.2084694977624692e-05
-8.9705762651569023e-05
-8.7410037923895488e-05
-8.5195682987961597e-05
-8.3057528316340262e-05
-8.0990674218596028e-05
-7.8993789408347400e-05
-7.7062740374394674e-05
-7.5193224657236604e-05
-7.3384242163112223e-05
-7.1632429441613720e-05
-6.9934063240230501e-05
-6.8288358084265508e-05
-6.6692529541350539e-05
-6.5143394671198862e-05
-6.3640305087045505e-05
-6.2180916767897725e-05
-6.0762538570366688e-05
-5.9384607782047197e-05
-5.8045119287994146e-05
-5.6741822224329371e-05
-5.5474205697545034e-05
-5.4240528521925141e-05
-5.3038929432212328e-05
-5.1868927480006010e-05
-5.0728989986153492e-05
-4.9617598668396814e-05
-4.8534291982007813e-05
-4.7477713266060079e-05
-4.6446668646071171e-05
-4.5440774275199211e-05
-4.4458990971211028e-05
-4.3500856706156544e-05
-4.2567186005999700e-05
-4.1660037763585395e-05
-4.0786630114351720e-05
-4.0503780404037699e-05
-4.0844359470758665e-05
-4.1379333716530848e-05
-4.2377728646239554e-05
-4.4492621936800475e-05
-4.9317184396329493e-05
-6.0904394588284856e-05
-8.9816521216277707e-05
-1.6149240923078639e-04
-3.3198637505213723e-04
-7.1900842575790532e-04
-1.5696363945460329e-03
-3.3983565688359991e-03
-7.1945077301569602e-03
-1.4714947192332664e-02
-2.8387622828514734e-02
-5.0193693674762584e-02
-7.9313732626649730e-02
-1.1090105088457694e-01
-1.3974645782385847e-01
-1.6241146961971259e-01
-1.7876991095647465e-01
-1.9011634330462890e-01
-1.9729207868009593e-01
-2.0207898246540826e-01
-2.0456186019471098e-01
-2.0595840990233591e-01
-2.0624824431054620e-01
-2.0591645409861381e-01
-2.0517511282568668e-01
-2.0399688092760498e-01
-2.0280611379359681e-01
-2.0112983842715149e-01
-1.9973981073868846e-01
-1.9787578937728353e-01
-1.9627683942169444e-01
-1.9443848886795148e-01
-1.9267021720185568e-01
-1.9087117812754070e-01
-1.8902941415761157e-01
-1.8724325169604514e-01
-1.8534876512396606e-01
-1.8358593271959020e-01
-1.8162661866993107e-01
-1.7993667478438827e-01
-1.7791689570818262e-01
-1.7626164187894935e-01
-1.7424430234763674e-01
-1.7259187326357006e-01
-1.7056006717714281e-01
-1.6891415605892651e-01
-1.6686256268556487e-01
-1.6525548448013871e-01
-1.6318410225164004e-01
-1.6157596942641544e-01
-1.5953857989910641e-01
-1.5790253272456833e-01
-1.5588364443510169e-01
-1.5422089072383255e-01
-1.5221149176928606e-01
-1.5055235193190475e-01
-1.4855104692040205e-01
-1.4686150810988857e-01
-1.4491785420686901e-01
-1.4315967286205317e-01
-1.4128608950851282e-01
-1.3946048286168866e-01
-1.3762108826866787e-01
-1.3575810785264947e-01
-1.3395725457216479e-01
-1.3203881102376308e-01
-1.3031132466863993e-01
-1.2829438440538385e-01
-1.2661624539141308e-01
-1.2459714015383763e-01
-1.2286398604661204e-01
-1.2092894156713715e-01
-1.1907758899926624e-01
-1.1725323257406781e-01
-1.1528071442166907e-01
-1.1355252823577031e-01
-1.1148341280495196e-01
-1.0973363055281085e-01
-1.0776317350422916e-01
-1.0589644642068957e-01
-1.0402826346072870e-01
-1.0203984662620139e-01
-1.0026363705392365e-01
-9.8166055959351461e-02
-9.6353566976002766e-02
-9.4383476031078897e-02
-9.2426436450972232e-02
-9.0584127732675587e-02
-8.8467819403828252e-02
-8.6625342465971256e-02
-8.4649188037467266e-02
-8.2674122125168351e-02
-8.0927203179422022e-02
-7.9432251388814989e-02
0.0000000000000000e+00
];
