%Vec Object:dSdr_b_aug 1 MPI processes
%  type: seq
dSdr_b_aug = [
0.0000000000000000e+00
0.0000000000000000e+00
6.9410018277678709e-01
0.0000000000000000e+00
-1.7341896397489353e-02
-7.2305460296994634e-03
-4.5495621204105358e-03
-3.2533756415562575e-03
-2.4402312326045421e-03
-1.9366065006389164e-03
-1.5952233481176176e-03
-1.3405154040561267e-03
-5.1029826556351680e-02
-2.1402930049572046e+00
-2.0300180386230950e+00
-1.9298118385362684e+00
-1.8320252286972565e+00
-1.7357233126510045e+00
-1.6544028230850620e+00
-1.5751346888325983e+00
-1.4987937578816306e+00
-1.4243622399147109e+00
-1.3472945123838331e+00
-1.2762574893134166e+00
-1.2064203784355505e+00
-1.1366193329785164e+00
-1.0590179684079368e+00
-9.8375728545384544e-01
-9.1134366946559409e-01
-8.3805632978212496e-01
-7.6264575237698051e-01
-6.8171761485588978e-01
-6.1044117061672465e-01
-5.4176349364744658e-01
-4.7680084822870872e-01
-4.0818089826130682e-01
-3.5231556313745693e-01
-3.0364483205314757e-01
-2.6105347765397358e-01
-2.2084017012365356e-01
-1.9038602815945757e-01
-1.6730734302984193e-01
-1.4915997114095300e-01
-1.3459705709598815e-01
-1.2561370844373265e-01
-1.2025693471962950e-01
-1.1747563988989261e-01
-1.1709130073243361e-01
-1.1835163719702016e-01
-1.2059288815589103e-01
-1.2368328046289821e-01
-1.2780611671209219e-01
-1.3144287148343001e-01
-1.3523457182909868e-01
-1.3912546948357116e-01
-1.4291151338321625e-01
-1.4611698086218930e-01
-1.4904154332188893e-01
-1.5191787074708427e-01
-1.5429120321409237e-01
-1.5630074868733243e-01
-1.5801861211229329e-01
-1.5963658328729907e-01
-1.6081122026105205e-01
-1.6167864518266917e-01
-1.6251383630219055e-01
-1.6309435410111187e-01
-1.6341407873760161e-01
-1.6364970466442036e-01
-1.6377367905843662e-01
-1.6369321038363110e-01
-1.6351880020306964e-01
-1.6333619057884288e-01
-1.6300205508288307e-01
-1.6259804723539092e-01
-1.6215492371100260e-01
-1.6164687360216437e-01
-1.6107760142136912e-01
-1.6050676300524364e-01
-1.5988583310222929e-01
-1.5924058916757339e-01
-1.5855273436736467e-01
-1.5785131532888050e-01
-1.5714919502397456e-01
-1.5641328842307906e-01
-1.5568439298701797e-01
-1.5496747869057956e-01
-1.5414634071979980e-01
-1.5341697005324140e-01
-1.5265992898811909e-01
-1.5185665472026025e-01
-1.5112174043601923e-01
-1.5034052588129909e-01
-1.4953158793336621e-01
-1.4878555387971351e-01
-1.4797624206352000e-01
-1.4720927921862753e-01
-1.4647670419283831e-01
-1.4562841575668553e-01
-1.4490161662484469e-01
-1.4414587961416453e-01
-1.4328579847046424e-01
-1.4261578706611702e-01
-1.4181633577380001e-01
-1.4102669677961097e-01
-1.4034929742862215e-01
-1.3948321051010870e-01
-1.3878603208510110e-01
-1.3806853823210929e-01
-1.3724357765291739e-01
-1.3657830870219367e-01
-1.3579314618808144e-01
-1.3504521289440760e-01
-1.3437051310605030e-01
-1.3357006388336370e-01
-1.3289951596860039e-01
-1.3215252252626630e-01
-1.3143690356379292e-01
-1.3072905947202298e-01
-1.2998928475829849e-01
-1.2933120476364399e-01
-1.2855458068606879e-01
-1.2792433894754612e-01
-1.2719121957108473e-01
-1.2648076252158696e-01
-1.2586840548637648e-01
-1.2506730172421437e-01
-1.2448731662371300e-01
-1.2374280567575976e-01
-1.2309359679837346e-01
-1.2243545475074354e-01
-1.2174418993487103e-01
-1.2109784056132457e-01
-1.2042009720315662e-01
-1.1980581135882686e-01
-1.1908825255809148e-01
-1.1851975123649251e-01
-1.1780009096995483e-01
-1.1720777639389041e-01
-1.1654468891332254e-01
-1.1591193367800699e-01
-1.1529090701319974e-01
-1.1465889564895961e-01
-1.1404062302811684e-01
-1.1341860267702253e-01
-1.1281539140157637e-01
-1.1216185895899608e-01
-1.1162535363104391e-01
-1.1093131483383857e-01
-1.1042371148803902e-01
-1.0975084392244459e-01
-1.0922073531216286e-01
-1.0858435433167055e-01
-1.0805464910549809e-01
-1.0740898900551149e-01
-1.0691783045827603e-01
-1.0626620773106331e-01
-1.0578766594805762e-01
-1.0516279876030626e-01
-1.0467740363460216e-01
-1.0408002308453189e-01
-1.0360600399994629e-01
-1.0301889488615636e-01
-1.0259060883205752e-01
-1.0201488290102795e-01
-1.0160208952600171e-01
-1.0110984820023868e-01
-1.0068884417478145e-01
-1.0029254977871677e-01
-9.9904406653287106e-02
-9.9584073261816328e-02
-9.9291703099638098e-02
-9.9080914388437649e-02
-9.8913898820010129e-02
-9.8892377935046780e-02
-9.8893873920981479e-02
-9.9137542823519859e-02
-9.9440513115676629e-02
-1.0004155076880457e-01
-1.0083985149141697e-01
-1.0195974263808281e-01
-1.0349493991484632e-01
-1.0541429688909065e-01
-1.0799236958883103e-01
-1.1114225169008667e-01
-1.1518519592181324e-01
-1.2018241665578203e-01
-1.2635948419073648e-01
-1.3399371338149244e-01
-1.4334593457470418e-01
-1.5491570275187128e-01
-1.6914497998857966e-01
-1.8692588702729765e-01
-2.0929166102037874e-01
-2.3793761667188543e-01
-2.7551055519819495e-01
-3.2630208322484333e-01
-3.9818322667709949e-01
-5.0639873799973845e-01
-6.8561154747993969e-01
-1.0345330756254001e+00
-1.9941308455975857e+00
0.0000000000000000e+00
];
