%Vec Object:dSdr_b_aug 1 MPI processes
%  type: seq
dSdr_b_aug = [
0.0000000000000000e+00
0.0000000000000000e+00
8.9486549921038616e-01
0.0000000000000000e+00
-2.4959250506759061e-02
-9.9301274611325700e-03
-5.8345929846947420e-03
-4.0205823022128580e-03
-3.0216099224690484e-03
-2.4071491262466519e-03
-1.9909156094557183e-03
-1.6696718990442184e-03
-1.4314131583079263e-03
-1.2490453713901073e-03
-1.0997986121688925e-03
-9.7884736956960813e-04
-8.7975365868135202e-04
-7.9615414973420668e-04
-7.2467463754141747e-04
-6.6371380766174946e-04
-6.1102194801911037e-04
-5.6451539820265588e-04
-5.2378400755034469e-04
-4.8787179903397892e-04
-4.5558738833965267e-04
-4.2673066245115795e-04
-4.0084638409336172e-04
-3.7735957875537085e-04
-3.5600345966073756e-04
-3.3659557636885230e-04
-3.1884054540319931e-04
-3.0249234191370174e-04
-2.8748260604573664e-04
-2.7365297619115389e-04
-2.6079672586272663e-04
-2.4889519421224097e-04
-2.3785183611707821e-04
-2.2752617254989891e-04
-2.1789345643070433e-04
-2.0889773034726364e-04
-2.0045261066488858e-04
-1.9252095191831669e-04
-1.8507359503369583e-04
-1.7805602744269561e-04
-1.7142880133299288e-04
-1.6517736773841206e-04
-1.5926659258153932e-04
-1.5365905003278063e-04
-1.4834825186915254e-04
-1.4331112453136186e-04
-1.3851399228918926e-04
-1.3395477979545145e-04
-1.2961717431936236e-04
-1.2547454040012773e-04
-1.2152464794264052e-04
-1.1775682918269869e-04
-1.1415526147007636e-04
-1.1072736197469386e-04
-1.0750895182238679e-04
-1.0464089931032840e-04
-1.0267018164904847e-04
-1.0357064445790849e-04
-1.1467530848549698e-04
-1.6546843138993725e-04
-3.7506480430204184e-04
-1.1490432324575612e-03
-3.7598919461875402e-03
-1.1973188809009579e-02
-3.4700358939880813e-02
-8.2591176747062081e-02
-1.4822326987448653e-01
-2.0609562613529092e-01
-2.4394090071947233e-01
-2.6578350185867816e-01
-2.7757891990321382e-01
-2.8340873949347462e-01
-2.8608912640295303e-01
-2.8687713771459467e-01
-2.8643349784870181e-01
-2.8554596945240063e-01
-2.8430058445535406e-01
-2.8258854097368558e-01
-2.8097540653335473e-01
-2.7928476395106333e-01
-2.7734655697999644e-01
-2.7558687205569427e-01
-2.7381834267062410e-01
-2.7174016293769299e-01
-2.6995874877440457e-01
-2.6812123872908916e-01
-2.6610432200421363e-01
-2.6432946281394476e-01
-2.6244740576345582e-01
-2.6045158929178552e-01
-2.5867333795773134e-01
-2.5673160125047317e-01
-2.5485049618446998e-01
-2.5310313586261268e-01
-2.5108543012203272e-01
-2.4928891855833984e-01
-2.4751566435084574e-01
-2.4546420060140492e-01
-2.4379117593508415e-01
-2.4193644518349458e-01
-2.4002509262307062e-01
-2.3835829653426116e-01
-2.3634852085709218e-01
-2.3462728166052418e-01
-2.3289767753790719e-01
-2.3094997887398777e-01
-2.2931375507222043e-01
-2.2742569496954046e-01
-2.2563959019065688e-01
-2.2398900225867890e-01
-2.2205070848313038e-01
-2.2044029874566279e-01
-2.1860395360469212e-01
-2.1687978565246460e-01
-2.1517133290448734e-01
-2.1334933225967259e-01
-2.1174954233496204e-01
-2.0987018818013894e-01
-2.0827852048829185e-01
-2.0652190324499542e-01
-2.0477418659711741e-01
-2.0320326613554604e-01
-2.0130646112374151e-01
-1.9980695548625213e-01
-1.9797069606742318e-01
-1.9638876511502201e-01
-1.9467734409685925e-01
-1.9299208886303035e-01
-1.9136272923523534e-01
-1.8963470143747646e-01
-1.8809621743637361e-01
-1.8627415803494377e-01
-1.8480650771015103e-01
-1.8299145925798391e-01
-1.8146285514798324e-01
-1.7976058803495704e-01
-1.7814501754463771e-01
-1.7652434501577352e-01
-1.7487951919181932e-01
-1.7329150271939306e-01
-1.7162174043928957e-01
-1.7006690104617059e-01
-1.6834702721306397e-01
-1.6686993855329751e-01
-1.6509780846488042e-01
-1.6365744363394777e-01
-1.6189358024317996e-01
-1.6045271170414777e-01
-1.5868514287920049e-01
-1.5725018214468714e-01
-1.5546504766558847e-01
-1.5406876714910708e-01
-1.5226610183490633e-01
-1.5087072159378953e-01
-1.4909970379081702e-01
-1.4767916914438289e-01
-1.4592674159391153e-01
-1.4448475519319390e-01
-1.4273941681844263e-01
-1.4130600869233984e-01
-1.3956552729048702e-01
-1.3810581012699807e-01
-1.3642216951320979e-01
-1.3489826869662161e-01
-1.3328100247901287e-01
-1.3169817019097735e-01
-1.3010996454162696e-01
-1.2849908467312593e-01
-1.2694306926293400e-01
-1.2528669899779582e-01
-1.2379597025553021e-01
-1.2205444443427894e-01
-1.2060817208425813e-01
-1.1886508744107575e-01
-1.1737207122623630e-01
-1.1570489798792007e-01
-1.1410823106062956e-01
-1.1254138016760901e-01
-1.1083887503976110e-01
-1.0935582125738066e-01
-1.0757447846176127e-01
-1.0606925293183378e-01
-1.0437948111833567e-01
-1.0277313772402227e-01
-1.0117090384895422e-01
-9.9463390422108611e-02
-9.7940609176192753e-02
-9.6141237046450306e-02
-9.4587774484440792e-02
-9.2898776467117458e-02
-9.1222767582855274e-02
-8.9645044838825322e-02
-8.7834366969240560e-02
-8.6258092833025379e-02
-8.4569594870652104e-02
-8.2886258067308191e-02
-8.1402535700295611e-02
-8.0190631763328996e-02
0.0000000000000000e+00
];
