%Vec Object:dSdr_b_aug 1 MPI processes
%  type: seq
dSdr_b_aug = [
0.0000000000000000e+00
0.0000000000000000e+00
8.1671074146586653e-01
0.0000000000000000e+00
-2.1108376497514594e-02
-8.6302760949617252e-03
-5.2758768210341032e-03
-3.7103698140684739e-03
-2.7833002323304733e-03
-2.2108924725848271e-03
-1.8229481924820483e-03
-1.5291673328049905e-03
-1.3110953992070307e-03
-1.1440006819809574e-03
-1.0077515523390843e-03
-8.9736768993208319e-04
-8.0689024178931838e-04
-7.3058804467332440e-04
-6.6537960791983200e-04
-6.0975081663389500e-04
-5.6165810098280148e-04
-5.1921818233240070e-04
-4.8204018897465622e-04
-4.4925347658357479e-04
-4.1977547799640802e-04
-3.9342707922179683e-04
-3.8104141078283324e-04
-1.9790128715519186e-02
-9.0178897612030984e-01
-1.0797029313698521e+00
-9.9857359111965605e-01
-9.0034300785168497e-01
-8.1333361884166400e-01
-7.2973934709788624e-01
-6.5088138580048449e-01
-5.6776297651015117e-01
-5.0017931498072221e-01
-4.4137837073007391e-01
-3.8995315846668371e-01
-3.4138236643100833e-01
-3.0459244538092062e-01
-2.7668095540720483e-01
-2.5461494576476074e-01
-2.3680021880374411e-01
-2.2566284605561282e-01
-2.1882347767454641e-01
-2.1503036017195121e-01
-2.1403308166461696e-01
-2.1499063140667304e-01
-2.1709967051202159e-01
-2.2020120696713674e-01
-2.2440295733276955e-01
-2.2809649795370796e-01
-2.3197686584355423e-01
-2.3591435952049156e-01
-2.3968607067911882e-01
-2.4283147693677645e-01
-2.4562281461585253e-01
-2.4827195739142502e-01
-2.5038443305432023e-01
-2.5208994243969896e-01
-2.5342275105832651e-01
-2.5458924450869486e-01
-2.5530455573438071e-01
-2.5566110866727637e-01
-2.5588261234271881e-01
-2.5590100463286952e-01
-2.5562387883935611e-01
-2.5519760318388091e-01
-2.5463902563193064e-01
-2.5389652093142717e-01
-2.5302251053060704e-01
-2.5209438682350360e-01
-2.5107151708977049e-01
-2.4997573898801109e-01
-2.4871268349481512e-01
-2.4749783365887107e-01
-2.4622603300066168e-01
-2.4482243038919302e-01
-2.4349831492276297e-01
-2.4215253748893237e-01
-2.4061143873035687e-01
-2.3920479945871811e-01
-2.3778970656883430e-01
-2.3622467346253881e-01
-2.3479444722506676e-01
-2.3337113826403866e-01
-2.3171321998358343e-01
-2.3028533910007495e-01
-2.2881287891828964e-01
-2.2720745404039133e-01
-2.2578561695146074e-01
-2.2427772452625216e-01
-2.2268561517036609e-01
-2.2125856511691125e-01
-2.1970224370111602e-01
-2.1820038778187870e-01
-2.1679848393460599e-01
-2.1517890767345180e-01
-2.1374659212433317e-01
-2.1231977144698302e-01
-2.1067394573807777e-01
-2.0934242581858944e-01
-2.0784699827719227e-01
-2.0631757051147215e-01
-2.0498764825300264e-01
-2.0336728129980350e-01
-2.0199471964838359e-01
-2.0060972439164076e-01
-1.9904430198451772e-01
-1.9773867455217659e-01
-1.9622613553469054e-01
-1.9479351359876834e-01
-1.9347520197264845e-01
-1.9192432839214796e-01
-1.9063392859170372e-01
-1.8916849258627527e-01
-1.8778772162951832e-01
-1.8641996233356678e-01
-1.8496644468367598e-01
-1.8368729408716908e-01
-1.8218340435166219e-01
-1.8091908906505177e-01
-1.7951095886010549e-01
-1.7811640981621776e-01
-1.7687185386213833e-01
-1.7534810371023529e-01
-1.7416166235787650e-01
-1.7269710382452669e-01
-1.7143272223003111e-01
-1.7007989203221238e-01
-1.6873303279768151e-01
-1.6743832129056177e-01
-1.6606783605156644e-01
-1.6484395057004222e-01
-1.6339786325271252e-01
-1.6223624656606361e-01
-1.6079402379461299e-01
-1.5958404667406692e-01
-1.5823540426402036e-01
-1.5695422585785429e-01
-1.5567362672560098e-01
-1.5437329766608976e-01
-1.5311504173394871e-01
-1.5180151058089164e-01
-1.5057007377731396e-01
-1.4921253409992871e-01
-1.4805481552701563e-01
-1.4664868645919071e-01
-1.4552463394169424e-01
-1.4413068590444419e-01
-1.4299806185631808e-01
-1.4161340050938462e-01
-1.4048397570412222e-01
-1.3908355602738165e-01
-1.3799155785807754e-01
-1.3657606608268438e-01
-1.3548718770408263e-01
-1.3409952198090669e-01
-1.3298911480553788e-01
-1.3161990483331751e-01
-1.3049539697316628e-01
-1.2912967362614780e-01
-1.2802075891235978e-01
-1.2665515025397039e-01
-1.2552573234724743e-01
-1.2421574494711907e-01
-1.2302850703261546e-01
-1.2177954988915156e-01
-1.2054555758390960e-01
-1.1931827227235114e-01
-1.1806961505283359e-01
-1.1686538192697521e-01
-1.1558555175091842e-01
-1.1443498745642679e-01
-1.1308916212990153e-01
-1.1197602126441934e-01
-1.1062950280385102e-01
-1.0948149706289109e-01
-1.0819917755553408e-01
-1.0696841841562062e-01
-1.0577152494673016e-01
-1.0445694513812782e-01
-1.0332606823561340e-01
-1.0195816232033640e-01
-1.0080428204453397e-01
-9.9517759386365548e-02
-9.8285494174535762e-02
-9.7065330537639771e-02
-9.5761367620406060e-02
-9.4602656824532991e-02
-9.3231684368749651e-02
-9.2050316644497282e-02
-9.0765102284969951e-02
-8.9492766969509141e-02
-8.8295060487033936e-02
-8.6923319309675603e-02
-8.5729251364327269e-02
-8.4453621467554668e-02
-8.3188638083771332e-02
-8.2081159539982060e-02
-8.1267624309150147e-02
0.0000000000000000e+00
];
