%Vec Object:dSdr_b_aug 1 MPI processes
%  type: seq
dSdr_b_aug = [
0.0000000000000000e+00
0.0000000000000000e+00
7.4399020842091845e-01
0.0000000000000000e+00
-1.8550695912174456e-02
-7.7067310897664812e-03
-4.8284328045957630e-03
-3.4463295704752275e-03
-2.5864347421640137e-03
-2.0543694910186735e-03
-1.6937067671300649e-03
-1.4232736604627395e-03
-1.2223855779732156e-03
-1.0683300006792767e-03
-9.4297522256362105e-04
-8.4141546339594193e-04
-7.5813334957693080e-04
-3.4018336840228231e-03
-1.8136794700810979e+00
-1.7752876371431654e+00
-1.6893289642112805e+00
-1.6057696001600672e+00
-1.5192095397064393e+00
-1.4395693281614572e+00
-1.3614973071577563e+00
-1.2836553858402482e+00
-1.1972119813382802e+00
-1.1136568053442113e+00
-1.0334661144296993e+00
-9.5242718877361698e-01
-8.6920708301808625e-01
-7.8015498420901563e-01
-7.0176972392024717e-01
-6.2637507321619035e-01
-5.5515754653559113e-01
-4.8001153076119268e-01
-4.1887156425517513e-01
-3.6564104778121065e-01
-3.1907342156021162e-01
-2.7509826611387833e-01
-2.4179228065804945e-01
-2.1653826657735314e-01
-1.9662704801727945e-01
-1.8060043659359298e-01
-1.7064752471322711e-01
-1.6462341018187804e-01
-1.6138667751062991e-01
-1.6072644514342571e-01
-1.6185049362433368e-01
-1.6403223531296221e-01
-1.6712764532530708e-01
-1.7128600369030864e-01
-1.7494832004293259e-01
-1.7877993234878634e-01
-1.8269180474394739e-01
-1.8647139819158509e-01
-1.8964983191480847e-01
-1.9251442836088897e-01
-1.9528849676232046e-01
-1.9754441371207568e-01
-1.9941710787234088e-01
-2.0096165202213928e-01
-2.0237640578967600e-01
-2.0334429278208355e-01
-2.0398176584219682e-01
-2.0454072607643695e-01
-2.0486822187354922e-01
-2.0491929420205998e-01
-2.0485698716280534e-01
-2.0467373348981879e-01
-2.0429527129849731e-01
-2.0380595929854758e-01
-2.0328778122478117e-01
-2.0264363484886944e-01
-2.0192824954707209e-01
-2.0111606077136465e-01
-2.0028986816476019e-01
-1.9940437603992422e-01
-1.9845869633996502e-01
-1.9752125071122345e-01
-1.9656068478322197e-01
-1.9548877038434556e-01
-1.9446991975993558e-01
-1.9344687839647137e-01
-1.9233776785803225e-01
-1.9129319151891436e-01
-1.9025831698255172e-01
-1.8906052995040751e-01
-1.8801674795976306e-01
-1.8693768458025725e-01
-1.8577334866002992e-01
-1.8472923873239191e-01
-1.8362093409321117e-01
-1.8245947734627899e-01
-1.8140690639279833e-01
-1.8026135282184794e-01
-1.7916360207464321e-01
-1.7812975073922840e-01
-1.7693429247011822e-01
-1.7588992833270800e-01
-1.7483212508763038e-01
-1.7361836687016002e-01
-1.7265059916762426e-01
-1.7153787716853050e-01
-1.7041524681690592e-01
-1.6944413598275027e-01
-1.6823853496667920e-01
-1.6723735526274588e-01
-1.6621940788883083e-01
-1.6506115306602473e-01
-1.6410764811872749e-01
-1.6299508132113294e-01
-1.6193895829982963e-01
-1.6097455817466350e-01
-1.5983633048827950e-01
-1.5888677703811577e-01
-1.5781640072645073e-01
-1.5680138591604709e-01
-1.5579650316862564e-01
-1.5473546103843125e-01
-1.5379782705944209e-01
-1.5269384881155673e-01
-1.5177820029433933e-01
-1.5074124760178925e-01
-1.4972286138442625e-01
-1.4882591993127461e-01
-1.4769951473287804e-01
-1.4684652161596137e-01
-1.4577786586712110e-01
-1.4485170957407145e-01
-1.4388081843243122e-01
-1.4289438847554828e-01
-1.4195611431360036e-01
-1.4096645154652304e-01
-1.4007764828475375e-01
-1.3903201290273232e-01
-1.3819635582460807e-01
-1.3715123365904255e-01
-1.3628062942314362e-01
-1.3530863636032811e-01
-1.3438362236718426e-01
-1.3346523885122147e-01
-1.3253183675150057e-01
-1.3162481200518122e-01
-1.3069070614556080e-01
-1.2980372850967550e-01
-1.2883211443962472e-01
-1.2801455987218971e-01
-1.2699826192191543e-01
-1.2621111642718802e-01
-1.2521116859060691e-01
-1.2440685829430005e-01
-1.2343003508378209e-01
-1.2262603895964910e-01
-1.2163538225639227e-01
-1.2086747739445544e-01
-1.1986436722973698e-01
-1.1910194599078379e-01
-1.1812259137598145e-01
-1.1734250277867697e-01
-1.1638146039862227e-01
-1.1559510055115672e-01
-1.1463370736275097e-01
-1.1387041195834917e-01
-1.1290408201680392e-01
-1.1212646688869572e-01
-1.1121445883232087e-01
-1.1038580118441217e-01
-1.0952913074190161e-01
-1.0866668804456495e-01
-1.0782381892504382e-01
-1.0696096459681641e-01
-1.0613141375745525e-01
-1.0525263518633299e-01
-1.0446437780561391e-01
-1.0354001080461629e-01
-1.0278168455796854e-01
-1.0185754484228308e-01
-1.0107700429258498e-01
-1.0020458629781964e-01
-9.9363547746703113e-02
-9.8560686588612417e-02
-9.7659274891185477e-02
-9.6903487776270600e-02
-9.5975917455970866e-02
-9.5196234830500867e-02
-9.4339188940990026e-02
-9.3505324642831164e-02
-9.2692067397745076e-02
-9.1817880575809419e-02
-9.1046883110881063e-02
-9.0132125158978435e-02
-8.9346977810127792e-02
-8.8491702205305514e-02
-8.7649137520742687e-02
-8.6855922873144850e-02
-8.5951293155546421e-02
-8.5163657273398821e-02
-8.4326586009377119e-02
-8.3504672117939258e-02
-8.2790870556881835e-02
-8.2364537668388263e-02
0.0000000000000000e+00
];
