%Vec Object:dSdr_b_aug 1 MPI processes
%  type: seq
dSdr_b_aug = [
0.0000000000000000e+00
0.0000000000000000e+00
7.3158029931461022e-01
0.0000000000000000e+00
-1.8171351210346718e-02
-7.5449748794116592e-03
-4.7271677118204004e-03
-3.3706332716017052e-03
-2.5236513449348563e-03
-1.9995133443983307e-03
-1.6442775986619852e-03
-1.3784812517081944e-03
-1.1810540948321239e-03
-1.0296469220378874e-03
-9.0657950253398363e-04
-8.0700033946851330e-04
-3.0819625666898931e-01
-1.8976961986823442e+00
-1.8094032965317035e+00
-1.7227248993732112e+00
-1.6392127206931815e+00
-1.5580539304637027e+00
-1.4739906404089496e+00
-1.3966133291781613e+00
-1.3207073400061708e+00
-1.2449804134427256e+00
-1.1608627336636892e+00
-1.0794892628568946e+00
-1.0013441809900816e+00
-9.2234415949710202e-01
-8.4117819777150371e-01
-7.5426294676082350e-01
-6.7774752035239960e-01
-6.0411963693858539e-01
-5.3454733308982627e-01
-4.6111786937966276e-01
-4.0136528994336090e-01
-3.4933413437618327e-01
-3.0381238725686321e-01
-2.6082671059431195e-01
-2.2827084549764445e-01
-2.0358900825860468e-01
-1.8414173443675436e-01
-1.6850011956485619e-01
-1.5880223258934298e-01
-1.5295364974336548e-01
-1.4983671217552746e-01
-1.4924904952995541e-01
-1.5040894746904043e-01
-1.5260634350675786e-01
-1.5570043531337691e-01
-1.5984945187435337e-01
-1.6350504616612452e-01
-1.6732616173941894e-01
-1.7123251837083747e-01
-1.7501380960985083e-01
-1.7819935504068715e-01
-1.8107972529079822e-01
-1.8388069177437688e-01
-1.8616749334441773e-01
-1.8807618426370726e-01
-1.8966631729500688e-01
-1.9113452401877465e-01
-1.9215679309123573e-01
-1.9285475098626101e-01
-1.9348636881325812e-01
-1.9388041753209406e-01
-1.9400215399448811e-01
-1.9401821276657075e-01
-1.9391576977773545e-01
-1.9361568928048209e-01
-1.9320920635208871e-01
-1.9277929328565718e-01
-1.9221668948436482e-01
-1.9158320619340077e-01
-1.9086809305421232e-01
-1.9012558184518982e-01
-1.8932326541626604e-01
-1.8847618059045415e-01
-1.8762198843747005e-01
-1.8674436198839742e-01
-1.8577346713161935e-01
-1.8483811085628180e-01
-1.8389948167138456e-01
-1.8288853528466442e-01
-1.8192699279066399e-01
-1.8097575162805218e-01
-1.7987703489950210e-01
-1.7891595279861500e-01
-1.7792159122377271e-01
-1.7685222563064415e-01
-1.7588944369505680e-01
-1.7486717382248021e-01
-1.7379844035947375e-01
-1.7282649805435016e-01
-1.7176938640309294e-01
-1.7075864304400806e-01
-1.6980403665053653e-01
-1.6869989470490382e-01
-1.6773905992295565e-01
-1.6676070938325124e-01
-1.6563997908054176e-01
-1.6475053043427446e-01
-1.6372020818042718e-01
-1.6268516463787239e-01
-1.6179130881982515e-01
-1.6067501029492443e-01
-1.5975379213987165e-01
-1.5881487314960593e-01
-1.5774428481680178e-01
-1.5686659468106520e-01
-1.5584014514282066e-01
-1.5486508537466126e-01
-1.5397688523771449e-01
-1.5292750354560380e-01
-1.5205133703535192e-01
-1.5106602025035509e-01
-1.5012975565890702e-01
-1.4920300312285778e-01
-1.4822646410728491e-01
-1.4736236135382669e-01
-1.4634448723327464e-01
-1.4550390941738442e-01
-1.4454687417004267e-01
-1.4360947877156824e-01
-1.4278738143537226e-01
-1.4174652772806931e-01
-1.4096532859483130e-01
-1.3998191380964051e-01
-1.3912858002155290e-01
-1.3823992331775553e-01
-1.3733109654838518e-01
-1.3646956606740168e-01
-1.3556189729319548e-01
-1.3474523974943603e-01
-1.3378582472263331e-01
-1.3302034916200547e-01
-1.3206072575297254e-01
-1.3126319099581782e-01
-1.3037229333050496e-01
-1.2952396413835190e-01
-1.2868356828127103e-01
-1.2782916821208257e-01
-1.2699776604263749e-01
-1.2614535316856204e-01
-1.2533253999176064e-01
-1.2444401842859688e-01
-1.2369970348787000e-01
-1.2276733887443558e-01
-1.2205273169312596e-01
-1.2113761476939047e-01
-1.2040399251183108e-01
-1.1951497956831642e-01
-1.1878105022399583e-01
-1.1787861813409553e-01
-1.1718049244648976e-01
-1.1626617060823131e-01
-1.1557403739039888e-01
-1.1468259457292583e-01
-1.1397362526880586e-01
-1.1310046364925737e-01
-1.1238690868882185e-01
-1.1151256986211651e-01
-1.1082368780249860e-01
-1.0994332440258957e-01
-1.0924145375321476e-01
-1.0841513223843328e-01
-1.0766367804424905e-01
-1.0689146818065733e-01
-1.0610902101055324e-01
-1.0534891751394680e-01
-1.0456912715224455e-01
-1.0382024567591067e-01
-1.0302781371796049e-01
-1.0231756058514470e-01
-1.0148393324151474e-01
-1.0080199731071271e-01
-9.9968794517547893e-02
-9.9267367006420720e-02
-9.8483198269145394e-02
-9.7726063077326814e-02
-9.7008032726667359e-02
-9.6195570787435694e-02
-9.5520533572628949e-02
-9.4687759431041296e-02
-9.3988630969127129e-02
-9.3224038783543767e-02
-9.2475934105914231e-02
-9.1750263724846889e-02
-9.0968582409761939e-02
-9.0281026895520491e-02
-8.9464449866002410e-02
-8.8764552474818015e-02
-8.8001766465057640e-02
-8.7251624590780966e-02
-8.6545341137443027e-02
-8.5741041456152842e-02
-8.5040515475474879e-02
-8.4308583315755234e-02
-8.3671657548877967e-02
-8.3694333220338493e-02
-9.5264546696999006e-02
0.0000000000000000e+00
];
