%Vec Object:sol 1 MPI processes
%  type: mpi
sol = [
0.0000000000000000e+00
-3.1241701550869680e-02
-1.1861564142047211e-02
-6.6167484084673506e-03
-4.4609221513061230e-03
-3.3575384426883068e-03
-2.6824697815709961e-03
-2.2267260922771066e-03
-1.8687437616188613e-03
-1.6035734539915840e-03
-1.4009556538410483e-03
-1.2341172925762055e-03
-1.0988152968877994e-03
-9.8802808953883485e-04
-8.9451359271306265e-04
-8.1449683252452431e-04
-7.4627697175082448e-04
-6.8732522166861567e-04
-6.3528341025971395e-04
-5.8971463342888625e-04
-5.4954777394547460e-04
-5.1344601136118280e-04
-4.8118328752072705e-04
-4.5225000380234322e-04
-4.2600491928078285e-04
-4.0214645820891909e-04
-3.8046865232016947e-04
-3.6064260752754774e-04
-3.4239335237036962e-04
-3.2564125083005171e-04
-3.1020965361642751e-04
-2.9586974449166150e-04
-2.8259711390472120e-04
-2.7028394767003984e-04
-2.5877528537401586e-04
-2.4804123466871611e-04
-2.3801900118568256e-04
-2.2861322276105522e-04
-2.1978157522014016e-04
-2.1149089016379209e-04
-2.0368087901667369e-04
-1.9630741529049018e-04
-1.8935356282360759e-04
-1.8278036670198023e-04
-1.7654632477435159e-04
-1.7064353766432306e-04
-1.6504635252373865e-04
-1.5971757761595331e-04
-1.5465433077600267e-04
-1.4983843488146221e-04
-1.4524039253609297e-04
-1.4085706215941033e-04
-1.3667551223757498e-04
-1.3267450298238328e-04
-1.2884856930327679e-04
-1.2518912235357659e-04
-1.2168058426579045e-04
-1.1831658162367820e-04
-1.1509134433526310e-04
-1.1199324198687281e-04
-1.0901577981581670e-04
-1.0615503352638482e-04
-1.0340216921241738e-04
-1.0075098864298308e-04
-9.8198785874798963e-05
-9.5738737181503826e-05
-9.3365146878875962e-05
-9.1076117306867542e-05
-8.8866285118851962e-05
-8.6730550115597340e-05
-8.4667547862829777e-05
-8.2672988713482990e-05
-8.0742389325896981e-05
-7.8874735418891180e-05
-7.7066535818523269e-05
-7.5313905557326325e-05
-7.3616058170138175e-05
-7.1970102904077068e-05
-7.0372713786673766e-05
-6.8823250304907594e-05
-6.7319278161922475e-05
-6.5857981391548691e-05
-6.4438810738134906e-05
-6.3059682721435789e-05
-6.1718239413484854e-05
-6.0413986458081818e-05
-5.9145112983906692e-05
-5.7909667944409666e-05
-5.6707187944027458e-05
-5.5536076329713185e-05
-5.4394740649764916e-05
-5.3282732953264633e-05
-5.2198626854221543e-05
-5.1141144087116882e-05
-5.0109842336535488e-05
-4.9103432137909177e-05
-4.8120909258132444e-05
-4.7161831060630867e-05
-4.6225019870906765e-05
-4.5309708862644936e-05
-4.5014644717742083e-05
-4.5327362212591905e-05
-4.5644971000787058e-05
-4.5967813586976688e-05
-4.6295603075462700e-05
-4.6628693825465026e-05
-4.6967366918319214e-05
-4.7311302088277748e-05
-4.7660982018611835e-05
-4.8016627720493324e-05
-4.8377883823533939e-05
-4.8745365451443062e-05
-4.9119174888066169e-05
-4.9499100059535346e-05
-4.9885713230628211e-05
-5.0279046932434356e-05
-5.0679068879758234e-05
-5.1086277600401899e-05
-5.1500651274422668e-05
-5.1922345682568909e-05
-5.2351801622034276e-05
-5.2788975366037662e-05
-5.3234264129277131e-05
-5.3688172784831153e-05
-5.4150875098875913e-05
-5.4623470064791550e-05
-5.5107437986692581e-05
-5.5604997950615616e-05
-5.6121367485847213e-05
-5.6665479323500196e-05
-5.7254290127094737e-05
-5.7920484636159248e-05
-5.8723623112391383e-05
-5.9778557395404371e-05
-6.1292449861561328e-05
-6.3665361058136373e-05
-6.7631679585740333e-05
-7.4627580237097453e-05
-8.7409577000071884e-05
-1.1142542611747739e-04
-1.5691443496129571e-04
-2.4213713741431158e-04
-3.9785439686299776e-04
-6.7437750627963636e-04
-1.1566775218977870e-03
-1.9781960307549964e-03
-3.3612264203390528e-03
-5.6231508751548222e-03
-9.2447910656954964e-03
-1.4768292865151010e-02
-2.2819730911200767e-02
-3.3616424198888301e-02
-4.7057912807227771e-02
-6.1971926713526061e-02
-7.7304860757273636e-02
-9.1382581205035784e-02
-1.0379705483338689e-01
-1.1367636185039000e-01
-1.2159995751625965e-01
-1.2731717048866170e-01
-1.3171312683596081e-01
-1.3449730613937072e-01
-1.3651903789166384e-01
-1.3748054372221355e-01
-1.3797439558787400e-01
-1.3785001873743288e-01
-1.3737891760319978e-01
-1.3658503846125558e-01
-1.3552333192295080e-01
-1.3433747695962184e-01
-1.3287771180582292e-01
-1.3150062129980253e-01
-1.2972606690449581e-01
-1.2823352046451658e-01
-1.2632346244085749e-01
-1.2466735882506766e-01
-1.2276028044772509e-01
-1.2091250723602365e-01
-1.1906653191005766e-01
-1.1704733957532915e-01
-1.1526833104159408e-01
-1.1311589898893408e-01
-1.1129289491887454e-01
-1.0922375571879255e-01
-1.0726124249869759e-01
-1.0528910151554027e-01
-1.0318496057045180e-01
-1.0130257635619207e-01
-9.9074110978817867e-02
-9.7147167253756245e-02
-9.5049854100555636e-02
-9.2963835893666635e-02
-9.0999121478171310e-02
-8.8739162650571898e-02
-8.6771190144576169e-02
-8.4658083765349890e-02
-8.2542949962746193e-02
-8.0667946564419973e-02
-7.9025476692143284e-02
0.0000000000000000e+00
9.8937898032741534e-01
0.0000000000000000e+00
0.0000000000000000e+00
];
