%Vec Object:sol 1 MPI processes
%  type: mpi
sol = [
0.0000000000000000e+00
-2.8801923064109641e-02
-1.1107834853647539e-02
-6.2919550418584040e-03
-4.2711779771227171e-03
-3.2197565990499206e-03
-2.5766887034762423e-03
-2.1417967718469037e-03
-1.7969341915917165e-03
-1.5413612866149397e-03
-1.3459505313701584e-03
-1.1854141065238556e-03
-1.0552586842087896e-03
-9.4866454001219425e-04
-8.5870414186264648e-04
-7.8174725784744485e-04
-7.1612930516194414e-04
-6.5942078410733296e-04
-6.0936046338974398e-04
-5.6552350879576004e-04
-5.2687994775462679e-04
-4.9214327302536057e-04
-4.6109846660024646e-04
-4.3325550561141196e-04
-4.0799607328310624e-04
-3.8503142583406629e-04
-3.6416443923685928e-04
-3.4507789862893716e-04
-3.2750699970292551e-04
-3.1137662818454278e-04
-2.9651659420380913e-04
-2.8270559228227152e-04
-2.6992172197231213e-04
-2.5806117345594955e-04
-2.4697387483198338e-04
-2.3663202355266472e-04
-2.2697529677218932e-04
-2.1791138681333385e-04
-2.0939989662342417e-04
-2.0140915875900572e-04
-1.9388086871159737e-04
-1.8677256238335100e-04
-1.8006823693927294e-04
-1.7373026478479774e-04
-1.6771855038722936e-04
-1.6202577828377024e-04
-1.5662720217243648e-04
-1.5148682099003192e-04
-1.4660211170697312e-04
-1.4195554930243750e-04
-1.3751857851211941e-04
-1.3328834127464249e-04
-1.2925237815503965e-04
-1.2539014733639917e-04
-1.2169646983909738e-04
-1.1816308166007632e-04
-1.1477493060000853e-04
-1.1152591896549105e-04
-1.0841049870090281e-04
-1.0541744100046955e-04
-1.0254051055945504e-04
-9.9775932237471720e-05
-9.7115183072179481e-05
-9.4552305345162199e-05
-9.2084690215025279e-05
-8.9705757882300980e-05
-8.7410033147599986e-05
-8.5195678204144171e-05
-8.3057523524568085e-05
-8.0990669418514445e-05
-7.8993784599476136e-05
-7.7062735556289897e-05
-7.5193219829553022e-05
-7.3384237325368993e-05
-7.1632424593361251e-05
-6.9934058381116671e-05
-6.8288353213810557e-05
-6.6692524659104157e-05
-6.5143389776785944e-05
-6.3640300179990315e-05
-6.2180911847744329e-05
-6.0762533636735487e-05
-5.9384602834456703e-05
-5.8045114325916861e-05
-5.6741817247385784e-05
-5.5474200705232827e-05
-5.4240523513819245e-05
-5.3038924407853761e-05
-5.1868922438882398e-05
-5.0728984927715659e-05
-4.9617593592213498e-05
-4.8534286887493274e-05
-4.7477708152792563e-05
-4.6446663513430955e-05
-4.5440769122750458e-05
-4.4458985798326996e-05
-4.3500851512278792e-05
-4.2567180790349435e-05
-4.1660032525317445e-05
-4.0786624852148517e-05
-4.0503775044260116e-05
-4.0844353933234870e-05
-4.1379327984544382e-05
-4.2377722690759312e-05
-4.4492615698913125e-05
-4.9317177774899730e-05
-6.0904387423435013e-05
-8.9816513431192102e-05
-1.6149240099344627e-04
-3.3198636278065322e-04
-7.1900839940756251e-04
-1.5696363324572723e-03
-3.3983564173586259e-03
-7.1945073530559631e-03
-1.4714946315412730e-02
-2.8387621221592031e-02
-5.0193691697601683e-02
-7.9313730699379442e-02
-1.1090104869069142e-01
-1.3974645558065094e-01
-1.6241146784839930e-01
-1.7876990969614240e-01
-1.9011634242956424e-01
-1.9729207807457738e-01
-2.0207898204575589e-01
-2.0456185990498185e-01
-2.0595840970319060e-01
-2.0624824417503757e-01
-2.0591645400782610e-01
-2.0517511276634054e-01
-2.0399688089055884e-01
-2.0280611377230778e-01
-2.0112983841704724e-01
-1.9973981073651711e-01
-1.9787578938073075e-01
-1.9627683942912930e-01
-1.9443848887817217e-01
-1.9267021721403046e-01
-1.9087117814106688e-01
-1.8902941417203789e-01
-1.8724325171105516e-01
-1.8534876513933893e-01
-1.8358593273515866e-01
-1.8162661868554109e-01
-1.7993667479997005e-01
-1.7791689572365066e-01
-1.7626164189430116e-01
-1.7424430236278643e-01
-1.7259187327853051e-01
-1.7056006719183497e-01
-1.6891415607340521e-01
-1.6686256269974478e-01
-1.6525548449408692e-01
-1.6318410226527089e-01
-1.6157596943979835e-01
-1.5953857991217535e-01
-1.5790253273738031e-01
-1.5588364444759312e-01
-1.5422089073604975e-01
-1.5221149178118487e-01
-1.5055235194352862e-01
-1.4855104693170718e-01
-1.4686150812091217e-01
-1.4491785421757761e-01
-1.4315967287247344e-01
-1.4128608951862665e-01
-1.3946048287150509e-01
-1.3762108827817451e-01
-1.3575810786184886e-01
-1.3395725458106342e-01
-1.3203881103235454e-01
-1.3031132467694154e-01
-1.2829438441335644e-01
-1.2661624539910535e-01
-1.2459714016120094e-01
-1.2286398605369345e-01
-1.2092894157389536e-01
-1.1907758900573361e-01
-1.1725323258023475e-01
-1.1528071442752279e-01
-1.1355252824135148e-01
-1.1148341281020727e-01
-1.0973363055780933e-01
-1.0776317350891930e-01
-1.0589644642511462e-01
-1.0402826346489559e-01
-1.0203984663010410e-01
-1.0026363705762004e-01
-9.8166055962825655e-02
-9.6353566979330577e-02
-9.4383476034297892e-02
-9.2426436454185926e-02
-9.0584127736051526e-02
-8.8467819407581472e-02
-8.6625342470630695e-02
-8.4649188044031445e-02
-8.2674122136212586e-02
-8.0927203203787573e-02
-7.9432251485203637e-02
0.0000000000000000e+00
9.5688900517975128e-01
0.0000000000000000e+00
0.0000000000000000e+00
];
