%Vec Object:sol 1 MPI processes
%  type: mpi
sol = [
0.0000000000000000e+00
-1.7578602806062823e-02
-7.3291382820200313e-03
-4.6129804428728001e-03
-3.3004712590193330e-03
-2.4766205371920427e-03
-1.9664511147113963e-03
-1.6206215541133575e-03
-1.3623101446027478e-03
-1.1703684860880921e-03
-9.6097727499718892e-03
-2.0922369061145609e+00
-1.9899614783092667e+00
-1.8890914102743490e+00
-1.7897437819693740e+00
-1.7059375567275787e+00
-1.6242053796744542e+00
-1.5454801531825557e+00
-1.4688119526067915e+00
-1.3894183454861619e+00
-1.3162733096453723e+00
-1.2444184240287450e+00
-1.1726471473279712e+00
-1.0928792444240858e+00
-1.0155861868376108e+00
-9.4126697756132560e-01
-8.6608028994314046e-01
-7.8875616696242568e-01
-7.0583743883205274e-01
-6.3281914206968382e-01
-5.6249562454445023e-01
-4.9600036373569933e-01
-4.2578135078957630e-01
-3.6862358803725354e-01
-3.1883558595035077e-01
-2.7526993715899284e-01
-2.3413487484164960e-01
-2.0298195379742398e-01
-1.7937025395030312e-01
-1.6079069162227430e-01
-1.4586913182406946e-01
-1.3664821376954286e-01
-1.3112792342794341e-01
-1.2823503404248093e-01
-1.2778309372282695e-01
-1.2901003613757089e-01
-1.3123670592405981e-01
-1.3432832791515262e-01
-1.3845986825346321e-01
-1.4210288647063066e-01
-1.4590436647253457e-01
-1.4980040363270331e-01
-1.5358486710384489e-01
-1.5678371066646893e-01
-1.5969357990149285e-01
-1.6254485115969575e-01
-1.6488941369729923e-01
-1.6686542693689874e-01
-1.6854082248358282e-01
-1.7010899992336034e-01
-1.7123297758080422e-01
-1.7204405809342235e-01
-1.7281156518656696e-01
-1.7333008576186668e-01
-1.7358398332419817e-01
-1.7374660762045621e-01
-1.7379530283073169e-01
-1.7364181768614317e-01
-1.7339024804224445e-01
-1.7312541506900431e-01
-1.7271531852054936e-01
-1.7223501477206588e-01
-1.7170146027193922e-01
-1.7111545664171557e-01
-1.7046870201679445e-01
-1.6980601733850464e-01
-1.6910753251571850e-01
-1.6838502615765366e-01
-1.6760306635683733e-01
-1.6682386798673537e-01
-1.6604311333440569e-01
-1.6521576166293375e-01
-1.6440951585887403e-01
-1.6361469269472453e-01
-1.6270126550377706e-01
-1.6189485554946140e-01
-1.6105891029741082e-01
-1.6016716614617568e-01
-1.5935649055649645e-01
-1.5849513007302146e-01
-1.5759981547160312e-01
-1.5677867157605802e-01
-1.5588697142314539e-01
-1.5503895658279021e-01
-1.5423256070164282e-01
-1.5329920625284235e-01
-1.5249459509296959e-01
-1.5166484367349745e-01
-1.5071810206620240e-01
-1.4997513230344739e-01
-1.4909892123805357e-01
-1.4822769041453884e-01
-1.4747832387148627e-01
-1.4652904688338136e-01
-1.4575737999515004e-01
-1.4496626698013898e-01
-1.4405964037653848e-01
-1.4332374589705824e-01
-1.4245836056750819e-01
-1.4163491255050314e-01
-1.4088922844548479e-01
-1.4000601446804747e-01
-1.3926710276455131e-01
-1.3844087188997595e-01
-1.3765189297228814e-01
-1.3687126650814879e-01
-1.3605277272608415e-01
-1.3532619459199721e-01
-1.3446936004268351e-01
-1.3376918608740376e-01
-1.3296161950344781e-01
-1.3217570027273684e-01
-1.3149358297832137e-01
-1.3061273518750877e-01
-1.2996581143277006e-01
-1.2914182175139755e-01
-1.2842468693981496e-01
-1.2768983222436422e-01
-1.2692614564660099e-01
-1.2620814780601633e-01
-1.2545383124689424e-01
-1.2477210676927321e-01
-1.2397394841884402e-01
-1.2333973223691240e-01
-1.2254001583725474e-01
-1.2187914170669470e-01
-1.2113991541491591e-01
-1.2043500846044816e-01
-1.1974047151177775e-01
-1.1903382746585131e-01
-1.1834386070632948e-01
-1.1764423659660359e-01
-1.1697013159495306e-01
-1.1623701616117450e-01
-1.1562967953401856e-01
-1.1485429347263298e-01
-1.1427535275897743e-01
-1.1351889290749949e-01
-1.1291747634407116e-01
-1.1219269247889663e-01
-1.1158980662359354e-01
-1.1085244028913419e-01
-1.1028491235430980e-01
-1.0953676425998954e-01
-1.0897623106033119e-01
-1.0824938551190229e-01
-1.0767364837468925e-01
-1.0696512207939254e-01
-1.0638807040553794e-01
-1.0567696950461664e-01
-1.0512778141614898e-01
-1.0440885139519901e-01
-1.0384944924321382e-01
-1.0318439435113620e-01
-1.0257858755070620e-01
-1.0196591425734318e-01
-1.0133505163248788e-01
-1.0073221790123466e-01
-1.0011090095342873e-01
-9.9516836858067587e-02
-9.8890905538817631e-02
-9.8332905285579891e-02
-9.7677161431308210e-02
-9.7148549133223461e-02
-9.6499003733176242e-02
-9.5963101078365795e-02
-9.5367017603885537e-02
-9.4797104191557249e-02
-9.4277878623070674e-02
-9.3685692835674655e-02
-9.3234167897801951e-02
-9.2678160702653417e-02
-9.2266530483142484e-02
-9.1866603176924272e-02
-9.1550911959238576e-02
-9.1380984709555774e-02
-9.1348072955797124e-02
-9.1675545265714448e-02
-9.2357203955893280e-02
-9.3861235607701154e-02
-9.6531416306396153e-02
-1.0124985941882565e-01
-1.0947482717995093e-01
-1.2369565188089164e-01
-1.4893194773315463e-01
-1.9547119864345830e-01
-2.8930935949754971e-01
-5.1391806585042199e-01
-1.2897386481031954e+00
0.0000000000000000e+00
7.0531888450409774e-01
0.0000000000000000e+00
0.0000000000000000e+00
];
