%Vec Object:sol 1 MPI processes
%  type: mpi
sol = [
0.0000000000000000e+00
-2.2147201949727358e-02
-8.9906185668706725e-03
-5.4363918043154888e-03
-3.7999319599894940e-03
-2.8510546532618704e-03
-2.2657174148826152e-03
-1.8690428343870961e-03
-1.5672978007807447e-03
-1.3433688006990446e-03
-1.1718366528619079e-03
-1.0318418570478898e-03
-9.1841788341486842e-04
-8.2546161171918831e-04
-7.4706388941823509e-04
-6.8005877904476152e-04
-6.2290271786698704e-04
-5.7349330919609180e-04
-5.2989185271441633e-04
-4.9169919687763546e-04
-4.5802004059693582e-04
-4.2774232820473363e-04
-4.0067630593585432e-04
-3.7639515123825685e-04
-3.5436024554837467e-04
-3.3432221183675611e-04
-3.1611689826376141e-04
-3.0118309388975096e-04
-5.6365461765417804e-04
-2.7255167974808103e-02
-3.8639164535250231e-01
-6.1588000348517968e-01
-5.8180915145732115e-01
-5.2159019551320374e-01
-4.6314499105610896e-01
-4.1079129820297905e-01
-3.6101380018823570e-01
-3.2324179965780614e-01
-2.9456013882284543e-01
-2.7186151197516273e-01
-2.5351870461602311e-01
-2.4203083239226095e-01
-2.3494989176636347e-01
-2.3099177304738433e-01
-2.2989452240056343e-01
-2.3080271737020072e-01
-2.3289023689932462e-01
-2.3599366578390149e-01
-2.4020837014793880e-01
-2.4391122789326750e-01
-2.4780611937825608e-01
-2.5175124651854164e-01
-2.5552061794847847e-01
-2.5865619995251271e-01
-2.6142574074483593e-01
-2.6403771178485885e-01
-2.6610750569481456e-01
-2.6776326792491495e-01
-2.6903307269962595e-01
-2.7012569389515406e-01
-2.7076584871022547e-01
-2.7103881105972838e-01
-2.7115990116098954e-01
-2.7108631660151666e-01
-2.7071153216565846e-01
-2.7017695400334596e-01
-2.6950669507494057e-01
-2.6865586588343265e-01
-2.6766738462902423e-01
-2.6661727750639386e-01
-2.6548171485588001e-01
-2.6427274708014525e-01
-2.6287553170477818e-01
-2.6154503303538840e-01
-2.6015828242284528e-01
-2.5861842029326126e-01
-2.5717924736521619e-01
-2.5571884641177600e-01
-2.5403813718353496e-01
-2.5251610754053866e-01
-2.5098435581811313e-01
-2.4928365842178135e-01
-2.4773867822111351e-01
-2.4619978673399792e-01
-2.4440495183166719e-01
-2.4286277850372437e-01
-2.4127325919352094e-01
-2.3953658391679980e-01
-2.3800235035672274e-01
-2.3637555661655554e-01
-2.3465530230195034e-01
-2.3311682227156547e-01
-2.3143827280568041e-01
-2.2981617138058569e-01
-2.2830474985237784e-01
-2.2655897300627437e-01
-2.2501121857049675e-01
-2.2347459300260958e-01
-2.2170020123984613e-01
-2.2026044315262283e-01
-2.1865113773784201e-01
-2.1700066336302573e-01
-2.1556397319774345e-01
-2.1382018851901721e-01
-2.1233711847318515e-01
-2.1084290446368234e-01
-2.0915632528857586e-01
-2.0774592029757985e-01
-2.0611436555844753e-01
-2.0456971261137666e-01
-2.0314609107900947e-01
-2.0147243059110806e-01
-2.0008060854246124e-01
-1.9849761857034096e-01
-1.9700801320278874e-01
-1.9553227634521261e-01
-1.9396197366363654e-01
-1.9258120135545431e-01
-1.9095831393413434e-01
-1.8959024932833418e-01
-1.8807167150592041e-01
-1.8656519140965905e-01
-1.8521719923377336e-01
-1.8357521506737182e-01
-1.8228955279342593e-01
-1.8070718936432656e-01
-1.7934216539372336e-01
-1.7787568544804813e-01
-1.7642157691251209e-01
-1.7502080394280914e-01
-1.7353700120537191e-01
-1.7221340868882307e-01
-1.7064816293132073e-01
-1.6938955373157188e-01
-1.6782916973990475e-01
-1.6651820885218871e-01
-1.6505749069469888e-01
-1.6367033203490541e-01
-1.6228195205294738e-01
-1.6087244023610237e-01
-1.5950967197844834e-01
-1.5808323906353067e-01
-1.5674930501331388e-01
-1.5527692933947354e-01
-1.5401799158562557e-01
-1.5249586439599203e-01
-1.5127156184246465e-01
-1.4976037512889123e-01
-1.4853005805458641e-01
-1.4702404041371370e-01
-1.4579778106010965e-01
-1.4427543233174958e-01
-1.4308699696391503e-01
-1.4154879693157538e-01
-1.4036277796840729e-01
-1.3885361520196171e-01
-1.3764491842785814e-01
-1.3615425411144702e-01
-1.3492912692070136e-01
-1.3344309108919991e-01
-1.3223133387967165e-01
-1.3074691583526701e-01
-1.2951281547182200e-01
-1.2808440531794130e-01
-1.2679046822758522e-01
-1.2542478222124581e-01
-1.2408023157174805e-01
-1.2273855933018424e-01
-1.2137510254622538e-01
-1.2005937889165305e-01
-1.1866021172721150e-01
-1.1740183929463409e-01
-1.1593060473552226e-01
-1.1471188510834958e-01
-1.1323968350375038e-01
-1.1198233466077255e-01
-1.1057804468770187e-01
-1.0923132008316919e-01
-1.0791717812333172e-01
-1.0647965574188351e-01
-1.0523716679003535e-01
-1.0373823425830543e-01
-1.0247300726525393e-01
-1.0105868898655911e-01
-9.9707874950925604e-02
-9.8366631467474180e-02
-9.6934783437798017e-02
-9.5660703425395260e-02
-9.4153978319578224e-02
-9.2854709224764007e-02
-9.1441559647745238e-02
-9.0041338126642376e-02
-8.8723265628853604e-02
-8.7212522928565711e-02
-8.5897503566903247e-02
-8.4491352031212816e-02
-8.3094477437442554e-02
-8.1869706899540748e-02
-8.0940150013883772e-02
0.0000000000000000e+00
8.4026365511705425e-01
0.0000000000000000e+00
0.0000000000000000e+00
];
