%Vec Object:sol 1 MPI processes
%  type: mpi
sol = [
0.0000000000000000e+00
-2.0296039526495308e-02
-8.3467133810959920e-03
-5.1481520597228807e-03
-3.6401669931379176e-03
-2.7318003304202415e-03
-2.1705415642748354e-03
-1.7901251355008265e-03
-1.5029517918737063e-03
-1.2897332227719768e-03
-1.1263156678143159e-03
-9.9313764946264800e-04
-8.8523782733816812e-04
-7.9678345544823611e-04
-7.2218349217252262e-04
-6.5842630617528363e-04
-6.0402927560146782e-04
-5.5699604451712494e-04
-5.1548414747706731e-04
-4.7911632487789371e-04
-4.6172664190630559e-04
-1.2016754653749091e-01
-1.3762012207601582e+00
-1.3184135408165927e+00
-1.2283262566635507e+00
-1.1412923657403009e+00
-1.0534101522385186e+00
-9.6329472703022467e-01
-8.6706963333558973e-01
-7.8240769052331227e-01
-7.0108233194183811e-01
-6.2434209914367345e-01
-5.4343393749772462e-01
-4.7763677052764791e-01
-4.2038022222753368e-01
-3.7030177383831009e-01
-3.2300512108198681e-01
-2.8718112047005445e-01
-2.6000641505958383e-01
-2.3853782064450577e-01
-2.2121884812008721e-01
-2.1040986654857144e-01
-2.0379652672213444e-01
-2.0015766637101995e-01
-1.9925383339316141e-01
-2.0025754443411223e-01
-2.0238673988598549e-01
-2.0548657736265549e-01
-2.0967629689727488e-01
-2.1336118021630823e-01
-2.1722803026449355e-01
-2.2115842010303816e-01
-2.2493231630568614e-01
-2.2808687912369666e-01
-2.3089852750478107e-01
-2.3358230563018129e-01
-2.3573455012339545e-01
-2.3748641123317107e-01
-2.3887792328294158e-01
-2.4011324666807329e-01
-2.4089858429807917e-01
-2.4133302211772628e-01
-2.4164808540761859e-01
-2.4175217644044311e-01
-2.4156604337888243e-01
-2.4124067782791153e-01
-2.4078615863174732e-01
-2.4014458453617551e-01
-2.3937723158990165e-01
-2.3856276513420629e-01
-2.3764489628591343e-01
-2.3665458203746012e-01
-2.3551652930987274e-01
-2.3440943466557948e-01
-2.3324473802176751e-01
-2.3196809449993680e-01
-2.3075118321627555e-01
-2.2951220564130084e-01
-2.2810118820297151e-01
-2.2680206329941210e-01
-2.2549566665889362e-01
-2.2405703803870505e-01
-2.2273373319749265e-01
-2.2141811764082592e-01
-2.1988777069913945e-01
-2.1856638119202199e-01
-2.1720299022981951e-01
-2.1571985721462753e-01
-2.1440274493714284e-01
-2.1300563817798121e-01
-2.1153292720544412e-01
-2.1020970143596057e-01
-2.0876726535356657e-01
-2.0737744754136550e-01
-2.0607758620476044e-01
-2.0457559656336519e-01
-2.0325084043913771e-01
-2.0192632974460573e-01
-2.0040029464101580e-01
-1.9916962492540771e-01
-1.9778030245318909e-01
-1.9636365928272273e-01
-1.9513321751091639e-01
-1.9362784442915174e-01
-1.9235824844419194e-01
-1.9107501723712569e-01
-1.8962248206483906e-01
-1.8841448062119040e-01
-1.8701283392853216e-01
-1.8568459634863810e-01
-1.8446440672249059e-01
-1.8302793924887772e-01
-1.8183203914222770e-01
-1.8047613347660013e-01
-1.7919676845730265e-01
-1.7792961673355953e-01
-1.7658491297034190e-01
-1.7540044791355813e-01
-1.7400743369307359e-01
-1.7283978633139296e-01
-1.7153456515704238e-01
-1.7024430732499884e-01
-1.6909612756568812e-01
-1.6768254137746127e-01
-1.6658854863259379e-01
-1.6523375423012981e-01
-1.6406314569476463e-01
-1.6281620819440476e-01
-1.6156927807981136e-01
-1.6037338893481634e-01
-1.5910848683798801e-01
-1.5797750302425626e-01
-1.5664244112950471e-01
-1.5557119688041457e-01
-1.5423907039046963e-01
-1.5312318455231988e-01
-1.5187896832968578e-01
-1.5069653667349375e-01
-1.4951636199556098e-01
-1.4831776362021609e-01
-1.4715688673084037e-01
-1.4594855144503846e-01
-1.4481261616554358e-01
-1.4356207459255718e-01
-1.4249866673471148e-01
-1.4120061860344427e-01
-1.4016997383186913e-01
-1.3888526264095633e-01
-1.3784366389055630e-01
-1.3657207599227703e-01
-1.3553287663870767e-01
-1.3424606411556589e-01
-1.3324392121022449e-01
-1.3194276265661126e-01
-1.3094439496773636e-01
-1.2966993397829737e-01
-1.2865110814051497e-01
-1.2739506318107338e-01
-1.2636430744380714e-01
-1.2511068526533287e-01
-1.2409759417928494e-01
-1.2284268627895467e-01
-1.2181080647633093e-01
-1.2061115970108771e-01
-1.1952333908655190e-01
-1.1838314442817399e-01
-1.1725216533988853e-01
-1.1613146059994799e-01
-1.1498976852653212e-01
-1.1388941748127770e-01
-1.1272078042194086e-01
-1.1167066743251346e-01
-1.1044169333284294e-01
-1.0942692692174474e-01
-1.0819751532804002e-01
-1.0715139193670231e-01
-1.0598272058748404e-01
-1.0486001482974382e-01
-1.0377237061689078e-01
-1.0257234603582596e-01
-1.0154546777639335e-01
-1.0029965074880327e-01
-9.9249523580443741e-02
-9.8082081419050601e-02
-9.6960282497313491e-02
-9.5852945301375322e-02
-9.4668152120252008e-02
-9.3616952647228122e-02
-9.2372488367114272e-02
-9.1301002187082772e-02
-9.0135027749468549e-02
-8.8981900777773362e-02
-8.7896418074506460e-02
-8.6654303063535498e-02
-8.5573113973761911e-02
-8.4419430026748010e-02
-8.3278045598004738e-02
-8.2281847897335211e-02
-8.1586953961275951e-02
0.0000000000000000e+00
7.9623773675923271e-01
0.0000000000000000e+00
0.0000000000000000e+00
];
