%Vec Object:sol 1 MPI processes
%  type: mpi
sol = [
0.0000000000000000e+00
-1.7833710894414118e-02
-7.4307250495112475e-03
-4.6740411502773169e-03
-3.3434870719362768e-03
-2.5091229989672448e-03
-1.9925519711047768e-03
-1.6423835291702164e-03
-1.3805551518778416e-03
-1.1860156136491203e-03
-1.0367888095938972e-03
-1.6756597959281016e-03
-2.0300569681481204e+00
-1.9462899146393500e+00
-1.8439014503426352e+00
-1.7576031907079774e+00
-1.6734007122656129e+00
-1.5922851385509136e+00
-1.5133745795442517e+00
-1.4316491831489857e+00
-1.3563907752350379e+00
-1.2825129867826202e+00
-1.2087664740870052e+00
-1.1268265294863211e+00
-1.0474959347319164e+00
-9.7126629169647916e-01
-8.9417543154593448e-01
-8.1493290232726578e-01
-7.3001852720614568e-01
-6.5525395337544556e-01
-5.8328041462589775e-01
-5.1524864536101356e-01
-4.4342650755356927e-01
-3.8497303420390067e-01
-3.3406492308016594e-01
-2.8952250506119004e-01
-2.4746334660213312e-01
-2.1560987157609410e-01
-1.9146380323252904e-01
-1.7245095284098330e-01
-1.5716983651704200e-01
-1.4771074581439245e-01
-1.4202652366469140e-01
-1.3902175636836706e-01
-1.3850204322299162e-01
-1.3969550678130235e-01
-1.4190755836299715e-01
-1.4500041316335133e-01
-1.4914067969805814e-01
-1.5278997728636218e-01
-1.5660126180855752e-01
-1.6050245155662865e-01
-1.6428533061669864e-01
-1.6747753347503583e-01
-1.7037267220201910e-01
-1.7319882368663894e-01
-1.7551454325608740e-01
-1.7745693912629293e-01
-1.7908975896027673e-01
-1.8060801622077602e-01
-1.8168120591844100e-01
-1.8243579893638057e-01
-1.8313545011199525e-01
-1.8359181601689578e-01
-1.8377971932863377e-01
-1.8386915659239231e-01
-1.8384238143070444e-01
-1.8361569437456557e-01
-1.8328676930078153e-01
-1.8293950414823165e-01
-1.8245325362305712e-01
-1.8189646019791184e-01
-1.8127224504068909e-01
-1.8060808990127916e-01
-1.7988365604024312e-01
-1.7912889182131306e-01
-1.7835265510137438e-01
-1.7755269008484550e-01
-1.7667638626561119e-01
-1.7581921101466985e-01
-1.7495962229333228e-01
-1.7404059328848009e-01
-1.7315680065533187e-01
-1.7228387074328624e-01
-1.7127791992370994e-01
-1.7039427500944093e-01
-1.6947922516079988e-01
-1.6849878641818611e-01
-1.6761215709599822e-01
-1.6667044711887052e-01
-1.6568853647200857e-01
-1.6479209196129369e-01
-1.6381779420985024e-01
-1.6288852150648986e-01
-1.6200811727004913e-01
-1.6098948074435837e-01
-1.6010685991805704e-01
-1.5920290609740903e-01
-1.5816928391151844e-01
-1.5735317048019110e-01
-1.5640000466465162e-01
-1.5544697475030253e-01
-1.5462545820125873e-01
-1.5359277982193098e-01
-1.5274643525199538e-01
-1.5188151606441549e-01
-1.5089301598571736e-01
-1.5008631657090268e-01
-1.4914050464097831e-01
-1.4824135007461456e-01
-1.4742450133463270e-01
-1.4645831236043438e-01
-1.4565086320602877e-01
-1.4474519361687621e-01
-1.4388266839085745e-01
-1.4302907466828499e-01
-1.4213166185205750e-01
-1.4133641157477481e-01
-1.4039916279942005e-01
-1.3962887898106024e-01
-1.3874667607445273e-01
-1.3788511809173046e-01
-1.3713310259678216e-01
-1.3617235678439599e-01
-1.3545838345196123e-01
-1.3455478579905333e-01
-1.3376964089796442e-01
-1.3295798611572010e-01
-1.3212182472045700e-01
-1.3133215480125399e-01
-1.3050126281762642e-01
-1.2975216045786156e-01
-1.2887347966261445e-01
-1.2817372007744973e-01
-1.2729415522692025e-01
-1.2656504064867605e-01
-1.2575007838324379e-01
-1.2497355465292929e-01
-1.2420618421478186e-01
-1.2342575939465324e-01
-1.2266516806564194e-01
-1.2188925017085574e-01
-1.2114588250560433e-01
-1.2033516639790907e-01
-1.1965943098657829e-01
-1.1880565916417693e-01
-1.1815897482748305e-01
-1.1732329115877510e-01
-1.1665585921297923e-01
-1.1584906929447734e-01
-1.1518074853440989e-01
-1.1436092745019279e-01
-1.1372814103501108e-01
-1.1289695804079335e-01
-1.1227064055311010e-01
-1.1146151581213096e-01
-1.1081914059986631e-01
-1.1002826797211668e-01
-1.0938288541240730e-01
-1.0859006173255013e-01
-1.0797085813872889e-01
-1.0717099123879735e-01
-1.0654004542822264e-01
-1.0579395815408159e-01
-1.0511479485593919e-01
-1.0442167117315289e-01
-1.0371412918706860e-01
-1.0303152462061313e-01
-1.0232951245502751e-01
-1.0165616682718936e-01
-1.0094458657968203e-01
-1.0030737345953450e-01
-9.9558710972357620e-02
-9.8948303375995569e-02
-9.8200249618205684e-02
-9.7572899263681886e-02
-9.6871362117599669e-02
-9.6192788613399166e-02
-9.5554187713108696e-02
-9.4825411846841637e-02
-9.4226612953730068e-02
-9.3483518770920773e-02
-9.2861152266860703e-02
-9.2185099486262551e-02
-9.1520230334319955e-02
-9.0881009580050062e-02
-9.0192796672495343e-02
-8.9594156106745454e-02
-8.8887069945460681e-02
-8.8296421968508995e-02
-8.7671894918871618e-02
-8.7103705774258161e-02
-8.6667117686593562e-02
-8.6362492881979752e-02
-8.6718189258584613e-02
-8.8777689306855603e-02
-9.7207835104355919e-02
-1.3377278371516996e-01
-3.5402786255582580e-01
0.0000000000000000e+00
7.1655621217825427e-01
0.0000000000000000e+00
0.0000000000000000e+00
];
