%Vec Object:sol 1 MPI processes
%  type: mpi
sol = [
0.0000000000000000e+00
-2.3428150992263943e-02
-9.4263252806230519e-03
-5.6252068034653687e-03
-3.9052064201106039e-03
-2.9320713606341836e-03
-2.3325025649589461e-03
-1.9262419057433178e-03
-1.6152929758603278e-03
-1.3845961246903584e-03
-1.2079420134453124e-03
-1.0635880820393608e-03
-9.4661927578288166e-04
-8.5077222080692902e-04
-7.6992506660869824e-04
-7.0081383492287563e-04
-6.4186676813342291e-04
-5.9091215110461393e-04
-5.4594324802704542e-04
-5.0655556874311630e-04
-4.7182523165106448e-04
-4.4060281981020172e-04
-4.1269376298807317e-04
-3.8765785211867474e-04
-3.6493931375107080e-04
-3.4428060616834656e-04
-3.2550540856471295e-04
-3.0832797907318711e-04
-2.9251050346743902e-04
-2.7798726887421949e-04
-2.6460509420730245e-04
-2.5216379683153155e-04
-2.4064628925194121e-04
-2.2996565005672411e-04
-2.2004992078593493e-04
-2.1131738349998099e-04
-2.0602566111793932e-04
-2.1440519456696863e-04
-2.7921407049789280e-04
-5.6755039825263714e-04
-1.6132176729305103e-03
-4.8888448287626738e-03
-1.4045779083294001e-02
-3.5911152819905645e-02
-7.6121409777493196e-02
-1.2724257724339325e-01
-1.7313285822608485e-01
-2.0639385327652984e-01
-2.2946282473842505e-01
-2.4458727788910850e-01
-2.5527217385359635e-01
-2.6320277478333259e-01
-2.6928242077584680e-01
-2.7374873049320314e-01
-2.7726944470393594e-01
-2.8028290925595423e-01
-2.8255814553785596e-01
-2.8430332146748988e-01
-2.8558640274836572e-01
-2.8664548585629446e-01
-2.8723096872019543e-01
-2.8742910799199545e-01
-2.8745112917393573e-01
-2.8728395238121629e-01
-2.8680753145604226e-01
-2.8615884224787236e-01
-2.8537023792308291e-01
-2.8440428990743855e-01
-2.8329392980647744e-01
-2.8211381326695439e-01
-2.8085808949120217e-01
-2.7952839314862621e-01
-2.7798805141347210e-01
-2.7653416633458239e-01
-2.7502476785958530e-01
-2.7333951517860661e-01
-2.7177757305618461e-01
-2.7019486450392516e-01
-2.6836518432014372e-01
-2.6672002744465501e-01
-2.6506379466299501e-01
-2.6321833611172341e-01
-2.6155090716011986e-01
-2.5988868272841725e-01
-2.5794775013487181e-01
-2.5628362038199437e-01
-2.5456919241776932e-01
-2.5269246557588299e-01
-2.5103829866329180e-01
-2.4928463052275757e-01
-2.4742763830531822e-01
-2.4577025621159451e-01
-2.4396128251558696e-01
-2.4221087234629082e-01
-2.4058258927489246e-01
-2.3870214932436698e-01
-2.3703121515147513e-01
-2.3537742163774800e-01
-2.3346584268816159e-01
-2.3191058843013318e-01
-2.3017976887813840e-01
-2.2840013084324204e-01
-2.2684951321334962e-01
-2.2497403476021849e-01
-2.2337304593895579e-01
-2.2176228927715030e-01
-2.1994642890505797e-01
-2.1842422027513508e-01
-2.1666566896319775e-01
-2.1500147253209395e-01
-2.1346547932284815e-01
-2.1166079819870978e-01
-2.1016075283241251e-01
-2.0845232607801198e-01
-2.0684658819730178e-01
-2.0525563313693967e-01
-2.0356071418147581e-01
-2.0207150573443139e-01
-2.0032164101816352e-01
-1.9884287000347722e-01
-1.9720643830808426e-01
-1.9558052143446980e-01
-1.9412215695772889e-01
-1.9235401040258007e-01
-1.9096247380648240e-01
-1.8925440589600376e-01
-1.8778199079708147e-01
-1.8619423992404216e-01
-1.8462569009619470e-01
-1.8311174331847749e-01
-1.8150702415894132e-01
-1.8007703835580041e-01
-1.7838464353831524e-01
-1.7702253758407216e-01
-1.7533606860305884e-01
-1.7391735204293940e-01
-1.7233704242210807e-01
-1.7083679652744860e-01
-1.6933340795919005e-01
-1.6780739162528019e-01
-1.6633310245430610e-01
-1.6478619660076485e-01
-1.6334289180916087e-01
-1.6174797922096443e-01
-1.6038103445842822e-01
-1.5873513025728311e-01
-1.5740385478506622e-01
-1.5576756726978500e-01
-1.5443300570095431e-01
-1.5279749346988422e-01
-1.5146790560788348e-01
-1.4981545105782407e-01
-1.4852411110826685e-01
-1.4685497371940112e-01
-1.4556529953900293e-01
-1.4392649175976402e-01
-1.4261291360451636e-01
-1.4099264972976547e-01
-1.3966015508233157e-01
-1.3804573798998646e-01
-1.3672424093706512e-01
-1.3511304536258109e-01
-1.3376724163523376e-01
-1.3221246631655331e-01
-1.3080467368467932e-01
-1.2931442975219576e-01
-1.2785190533049751e-01
-1.2638817383359421e-01
-1.2490221730367740e-01
-1.2346752462800906e-01
-1.2194101557380328e-01
-1.2056760293841723e-01
-1.1896254645652424e-01
-1.1763116519982056e-01
-1.1602484942049408e-01
-1.1465082184773419e-01
-1.1311637858280144e-01
-1.1164590788937510e-01
-1.1020665021035829e-01
-1.0863793547191483e-01
-1.0727634370506685e-01
-1.0563759080709756e-01
-1.0425354185280244e-01
-1.0270284808088218e-01
-1.0122552346049261e-01
-9.9755066122656319e-02
-9.8186739262577163e-02
-9.6789531274366361e-02
-9.5137921684194895e-02
-9.3712808093639563e-02
-9.2163094838403292e-02
-9.0626343165207138e-02
-8.9179735156834403e-02
-8.7520520355517245e-02
-8.6076194983346038e-02
-8.4530326323190880e-02
-8.2991773269938229e-02
-8.1639197090829105e-02
-8.0571863283580153e-02
0.0000000000000000e+00
8.6645545997993578e-01
0.0000000000000000e+00
0.0000000000000000e+00
];
