%Vec Object:dSdr_b_aug 1 MPI processes
%  type: seq
dSdr_b_aug = [
0.0000000000000000e+00
0.0000000000000000e+00
7.9623773723469460e-01
0.0000000000000000e+00
-2.0296039563870501e-02
-8.3467134038128221e-03
-5.1481520782416740e-03
-3.6401670099216609e-03
-2.7318003462018826e-03
-2.1705415794411164e-03
-1.7901251502470945e-03
-1.5029518061651010e-03
-1.2897332367184536e-03
-1.1263156815000948e-03
-9.9313766288637215e-04
-8.8523784053698049e-04
-7.9678346846073474e-04
-7.2218350501270672e-04
-6.5842631885172295e-04
-6.0402928813526290e-04
-5.5699605692275376e-04
-5.1548415975436097e-04
-4.7911633703948071e-04
-4.6172664513007076e-04
-1.2016748962311738e-01
-1.3762012074374854e+00
-1.3184135419140068e+00
-1.2283262579794814e+00
-1.1412923669858139e+00
-1.0534101534052915e+00
-9.6329472811734784e-01
-8.6706963433983153e-01
-7.8240769145503275e-01
-7.0108233280503041e-01
-6.2434209994305467e-01
-5.4343393823052810e-01
-4.7763677120664277e-01
-4.2038022286000831e-01
-3.7030177443022089e-01
-3.2300512163552053e-01
-2.8718112099449222e-01
-2.6000641556182991e-01
-2.3853782112875688e-01
-2.2121884858940674e-01
-2.1040986700799805e-01
-2.0379652717475269e-01
-2.0015766681899258e-01
-1.9925383383832065e-01
-2.0025754487788144e-01
-2.0238674032914797e-01
-2.0548657780586821e-01
-2.0967629734084903e-01
-2.1336118066014437e-01
-2.1722803070873695e-01
-2.2115842054749427e-01
-2.2493231675007661e-01
-2.2808687956781162e-01
-2.3089852794828425e-01
-2.3358230607264133e-01
-2.3573455056465739e-01
-2.3748641167303727e-01
-2.3887792372103855e-01
-2.4011324710409759e-01
-2.4089858473199513e-01
-2.4133302254929709e-01
-2.4164808583637118e-01
-2.4175217686661149e-01
-2.4156604380231314e-01
-2.4124067824830212e-01
-2.4078615904900394e-01
-2.4014458495039118e-01
-2.3937723200090572e-01
-2.3856276554178540e-01
-2.3764489669033043e-01
-2.3665458243870061e-01
-2.3551652970734793e-01
-2.3440943505980846e-01
-2.3324473841277185e-01
-2.3196809488711725e-01
-2.3075118360022470e-01
-2.2951220602203523e-01
-2.2810118857978570e-01
-2.2680206367298966e-01
-2.2549566702919557e-01
-2.2405703840520075e-01
-2.2273373356076762e-01
-2.2141811800085826e-01
-2.1988777105532889e-01
-2.1856638154500402e-01
-2.1720299057951500e-01
-2.1571985756063963e-01
-2.1440274528000150e-01
-2.1300563851750301e-01
-2.1153292754136915e-01
-2.1020970176875808e-01
-2.0876726568293530e-01
-2.0737744786735843e-01
-2.0607758652768010e-01
-2.0457559688274177e-01
-2.0325084075527586e-01
-2.0192633005766261e-01
-2.0040029495046302e-01
-1.9916962523181853e-01
-1.9778030275640260e-01
-1.9636365958253932e-01
-1.9513321780773735e-01
-1.9362784472250938e-01
-1.9235824873444859e-01
-1.9107501752431630e-01
-1.8962248234862908e-01
-1.8841448090204041e-01
-1.8701283420604126e-01
-1.8568459662300379e-01
-1.8446440699390004e-01
-1.8302793951684218e-01
-1.8183203940734594e-01
-1.8047613373841809e-01
-1.7919676871606641e-01
-1.7792961698929399e-01
-1.7658491322279773e-01
-1.7540044816316291e-01
-1.7400743393933785e-01
-1.7283978657474586e-01
-1.7153456539729614e-01
-1.7024430756211031e-01
-1.6909612779989658e-01
-1.6768254160835175e-01
-1.6658854886070013e-01
-1.6523375445493008e-01
-1.6406314591673954e-01
-1.6281620841319053e-01
-1.6156927829558745e-01
-1.6037338914761601e-01
-1.5910848704760697e-01
-1.5797750323107729e-01
-1.5664244133298130e-01
-1.5557119708116976e-01
-1.5423907058790812e-01
-1.5312318474692477e-01
-1.5187896852114516e-01
-1.5069653686197845e-01
-1.4951636218102116e-01
-1.4831776380261119e-01
-1.4715688691030265e-01
-1.4594855162133252e-01
-1.4481261633896098e-01
-1.4356207476275146e-01
-1.4249866690206522e-01
-1.4120061876754242e-01
-1.4016997399315403e-01
-1.3888526279895091e-01
-1.3784366404580875e-01
-1.3657207614412403e-01
-1.3553287678783671e-01
-1.3424606426127295e-01
-1.3324392135322544e-01
-1.3194276279616834e-01
-1.3094439510456707e-01
-1.2966993411171843e-01
-1.2865110827117693e-01
-1.2739506330832706e-01
-1.2636430756823713e-01
-1.2511068538638570e-01
-1.2409759429745147e-01
-1.2284268639378722e-01
-1.2181080658822563e-01
-1.2061115980965845e-01
-1.1952333919212818e-01
-1.1838314453047387e-01
-1.1725216543908590e-01
-1.1613146069593512e-01
-1.1498976861929704e-01
-1.1388941757091332e-01
-1.1272078050822755e-01
-1.1167066751577416e-01
-1.1044169341258379e-01
-1.0942692699852244e-01
-1.0819751540128990e-01
-1.0715139200688321e-01
-1.0598272065424152e-01
-1.0486001489324649e-01
-1.0377237067710232e-01
-1.0257234609258672e-01
-1.0154546783002104e-01
-1.0029965079875305e-01
-9.9249523627267688e-02
-9.8082081462286780e-02
-9.6960282537221568e-02
-9.5852945337883508e-02
-9.4668152153169163e-02
-9.3616952676905257e-02
-9.2372488392977861e-02
-9.1301002209633289e-02
-9.0135027768422651e-02
-8.8981900793130286e-02
-8.7896418086473152e-02
-8.6654303071582256e-02
-8.5573113978383422e-02
-8.4419430027648928e-02
-8.3278045595079619e-02
-8.2281847890763440e-02
-8.1586953949556215e-02
0.0000000000000000e+00
];
