%Vec Object:dSdr_b_aug 1 MPI processes
%  type: seq
dSdr_b_aug = [
0.0000000000000000e+00
0.0000000000000000e+00
8.4035803107148244e-01
0.0000000000000000e+00
-8.9179443629390440e-03
-3.7605292126826851e-03
-2.2377173365826716e-03
-1.5436081492135065e-03
-1.1513196550487585e-03
-8.9970206918993921e-04
-7.2968069952913473e-04
-6.0662791926566607e-04
-5.1439312909314072e-04
-4.4319029716652114e-04
-3.8635755994017456e-04
-3.4046309169394632e-04
-3.0260487277373668e-04
-8.2088425694161699e-04
-3.8975520104935135e-01
-5.7934367610966642e-01
-4.5154162043366181e-01
-3.5698760490628140e-01
-2.8916454196037966e-01
-2.5218427750718353e-01
-2.3401380516238418e-01
-2.3017696288867745e-01
-2.3380744501683051e-01
-2.4089443878387803e-01
-2.4892438842121090e-01
-2.5626084907376623e-01
-2.6215215298152550e-01
-2.6661577120882074e-01
-2.6933816885682899e-01
-2.7087420415717617e-01
-2.7113695237805463e-01
-2.7054824961404472e-01
-2.6921804938638899e-01
-2.6732851778396566e-01
-2.6504085984127834e-01
-2.6241571157680471e-01
-2.5959508851892954e-01
-2.5659538875709575e-01
-2.5347037405637657e-01
-2.5030626551615309e-01
-2.4708312194301033e-01
-2.4377819533915338e-01
-2.4052606480348684e-01
-2.3729290862356375e-01
-2.3394722969502241e-01
-2.3069501785736751e-01
-2.2748066185752494e-01
-2.2427248296687355e-01
-2.2099079454659315e-01
-2.1782293053814694e-01
-2.1466993022631398e-01
-2.1155088713181144e-01
-2.0841719245955681e-01
-2.0527268996823292e-01
-2.0222392423096164e-01
-1.9918754330876373e-01
-1.9615237169953928e-01
-1.9315838567170651e-01
-1.9016034558553882e-01
-1.8715838259336198e-01
-1.8422141865676678e-01
-1.8131169880940654e-01
-1.7840774887376842e-01
-1.7550632682449846e-01
-1.7264438413750696e-01
-1.6980024327478185e-01
-1.6694841331826796e-01
-1.6411988661089144e-01
-1.6131974659418660e-01
-1.5851209247463813e-01
-1.5571218199430606e-01
-1.5294189594228300e-01
-1.5019314944431736e-01
-1.4744154993257452e-01
-1.4468903897372681e-01
-1.4195659087152701e-01
-1.3923849904657795e-01
-1.3651747306526693e-01
-1.3378077593990834e-01
-1.3106418358236296e-01
-1.2836162604279988e-01
-1.2565788999726304e-01
-1.2294469838986512e-01
-1.2023646061087119e-01
-1.1753423488999654e-01
-1.1483051244751795e-01
-1.1212216632503336e-01
-1.0940005494049673e-01
-1.0666797707184711e-01
-1.0391379812884548e-01
-1.0117906890947630e-01
-9.8435558919910182e-02
-9.5685714646539882e-02
-9.2919430687738516e-02
-9.0104994045204542e-02
-8.7297625933847767e-02
-8.4509610206780716e-02
-8.1822309796648215e-02
0.0000000000000000e+00
];
