%Vec Object:dSdr_b_aug 1 MPI processes
%  type: seq
dSdr_b_aug = [
0.0000000000000000e+00
0.0000000000000000e+00
6.9409999752302587e-01
0.0000000000000000e+00
-1.7341894197605338e-02
-7.2305456160061798e-03
-4.5495621438329924e-03
-3.2533758707088008e-03
-2.4402315903036954e-03
-1.9366069344431244e-03
-1.5952238321113683e-03
-1.3405159230620470e-03
-5.1046444187461827e-02
-2.1402914219400890e+00
-2.0300165178085288e+00
-1.9298103913979190e+00
-1.8320238557455544e+00
-1.7357220129804747e+00
-1.6544015832175609e+00
-1.5751335082481717e+00
-1.4987926346587603e+00
-1.4243611705059882e+00
-1.3472934989328755e+00
-1.2762565265774755e+00
-1.2064194642398949e+00
-1.1366184661859207e+00
-1.0590171537444173e+00
-9.8375651968527422e-01
-9.1134294954156592e-01
-8.3805565555809591e-01
-7.6264512419057151e-01
-6.8171703455872423e-01
-6.1044063222986433e-01
-5.4176299485766855e-01
-4.7680038631081140e-01
-4.0818047481772957e-01
-3.5231517078891494e-01
-3.0364446658550820e-01
-2.6105313562711463e-01
-2.2083985027353295e-01
-1.9038572512169907e-01
-1.6730705281519509e-01
-1.4915969132534132e-01
-1.3459678590819726e-01
-1.2561344297138322e-01
-1.2025667318252634e-01
-1.1747538103639107e-01
-1.1709104350458086e-01
-1.1835138077239121e-01
-1.2059263208291369e-01
-1.2368302435990668e-01
-1.2780586039824968e-01
-1.3144261501964691e-01
-1.3523431512951722e-01
-1.3912521265985964e-01
-1.4291125659624118e-01
-1.4611672423429931e-01
-1.4904128704843386e-01
-1.5191761507515761e-01
-1.5429094823534140e-01
-1.5630049451509298e-01
-1.5801835896159208e-01
-1.5963633133336508e-01
-1.6081096952680865e-01
-1.6167839580363758e-01
-1.6251358855062834e-01
-1.6309410784217981e-01
-1.6341383406121210e-01
-1.6364946174436823e-01
-1.6377343795040111e-01
-1.6369297103218136e-01
-1.6351856270776358e-01
-1.6333595506190485e-01
-1.6300182139254532e-01
-1.6259781538138432e-01
-1.6215469403160121e-01
-1.6164664579819213e-01
-1.6107737548250739e-01
-1.6050653927586075e-01
-1.5988561123854969e-01
-1.5924036916202153e-01
-1.5855251662679212e-01
-1.5785109945887590e-01
-1.5714898104555433e-01
-1.5641307664462872e-01
-1.5568418307045259e-01
-1.5496727064752580e-01
-1.5414613489698462e-01
-1.5341676608491064e-01
-1.5265972691814814e-01
-1.5185645477784648e-01
-1.5112154231700956e-01
-1.5034032969044819e-01
-1.4953139382016134e-01
-1.4878536157353409e-01
-1.4797605173998427e-01
-1.4720909084521996e-01
-1.4647651759479241e-01
-1.4562823120581919e-01
-1.4490143394597255e-01
-1.4414569871591565e-01
-1.4328561965730335e-01
-1.4261561000823070e-01
-1.4181616056207327e-01
-1.4102652353085990e-01
-1.4034912591204779e-01
-1.3948304099493181e-01
-1.3878586436207599e-01
-1.3806837228058114e-01
-1.3724341366614906e-01
-1.3657814641399676e-01
-1.3579298583013086e-01
-1.3504505435313388e-01
-1.3437035627336211e-01
-1.3356990904179550e-01
-1.3289936277128403e-01
-1.3215237123546164e-01
-1.3143675403784350e-01
-1.3072891169724843e-01
-1.2998913887746777e-01
-1.2933106053141988e-01
-1.2855443838313343e-01
-1.2792419832749213e-01
-1.2719108074189300e-01
-1.2648062552366612e-01
-1.2586827018033978e-01
-1.2506716834184017e-01
-1.2448718485913732e-01
-1.2374267583095161e-01
-1.2309346859810874e-01
-1.2243532840739592e-01
-1.2174406534800866e-01
-1.2109771771507583e-01
-1.2041997621947582e-01
-1.1980569202207866e-01
-1.1908813518978174e-01
-1.1851963548444107e-01
-1.1779997718664779e-01
-1.1720766431044390e-01
-1.1654457872166840e-01
-1.1591182529474094e-01
-1.1529080048515941e-01
-1.1465879102032490e-01
-1.1404052024874858e-01
-1.1341850191334865e-01
-1.1281529252070435e-01
-1.1216176220505680e-01
-1.1162525883467642e-01
-1.1093122229902766e-01
-1.1042362103081220e-01
-1.0975075591185232e-01
-1.0922064953433543e-01
-1.0858427130249645e-01
-1.0805456857669644e-01
-1.0740891157499019e-01
-1.0691775592452073e-01
-1.0626613679812386e-01
-1.0578759850504199e-01
-1.0516273560274005e-01
-1.0467734482999629e-01
-1.0407996958060363e-01
-1.0360595610609379e-01
-1.0301885375429161e-01
-1.0259057510649489e-01
-1.0201485806678073e-01
-1.0160207470266346e-01
-1.0110984536420613e-01
-1.0068885515896348e-01
-1.0029257723124067e-01
-9.9904453476368921e-02
-9.9584143098633060e-02
-9.9291800304817102e-02
-9.9081044088419640e-02
-9.8914067394885896e-02
-9.8892592498848020e-02
-9.8894143731800416e-02
-9.9137877560927207e-02
-9.9440925478331624e-02
-1.0004205389626043e-01
-1.0084046150236732e-01
-1.0196047675771422e-01
-1.0349581698191884e-01
-1.0541533783869310e-01
-1.0799359458779315e-01
-1.1114368335439624e-01
-1.1518685441672684e-01
-1.2018432292560088e-01
-1.2636165743054698e-01
-1.3399617177911621e-01
-1.4334869576930120e-01
-1.5491878323206670e-01
-1.6914839764725156e-01
-1.8692965998744038e-01
-2.0929581120725432e-01
-2.3794217023246739e-01
-2.7551554617023660e-01
-3.2630755680841839e-01
-3.9818924321580568e-01
-5.0640537610664504e-01
-6.8561889758475814e-01
-1.0345412005166197e+00
-1.9941396062312102e+00
0.0000000000000000e+00
];
