%Vec Object:dSdr_b_aug 1 MPI processes
%  type: seq
dSdr_b_aug = [
0.0000000000000000e+00
0.0000000000000000e+00
9.2525934836957735e-01
0.0000000000000000e+00
-1.0426645645144480e-02
-4.1177740863167422e-03
-2.4743584484416084e-03
-1.7193183767783484e-03
-1.2870717494185143e-03
-1.0085284359746848e-03
-8.2031146338867010e-04
-6.8394602254613656e-04
-5.8172949648196330e-04
-5.0282557763864041e-04
-4.3984168433974238e-04
-3.8899675010289263e-04
-3.4704872491758373e-04
-3.1193836984332984e-04
-2.8225493341909257e-04
-2.5678977416173293e-04
-2.3480193785688940e-04
-2.1564693926716109e-04
-1.9880122672108027e-04
-1.8392517296866688e-04
-1.7068819131558179e-04
-1.5884593723272962e-04
-1.4820902701753556e-04
-1.3859638229083413e-04
-1.2988158549409029e-04
-1.2195182616416609e-04
-1.1470019205882634e-04
-1.0805561808814765e-04
-1.0194645110678885e-04
-9.6308646553051617e-05
-9.1096651156945309e-05
-8.6264006976719616e-05
-8.1770548437369871e-05
-7.7585475013444333e-05
-7.3677825296433793e-05
-7.0022032340329784e-05
-6.6607343237699488e-05
-6.3518873678902781e-05
-6.1747007694642304e-05
-7.0746792873479169e-05
-1.9060068330482705e-04
-1.3001514181336978e-03
-9.3652717011762122e-03
-5.1187817569627765e-02
-1.4421651256864110e-01
-2.1490634227371808e-01
-2.4348983233606503e-01
-2.5228190231309877e-01
-2.5325285061884828e-01
-2.5135691302711127e-01
-2.4828075347390929e-01
-2.4476410168490167e-01
-2.4103559968352373e-01
-2.3720632179495901e-01
-2.3345669749762796e-01
-2.2970758590953660e-01
-2.2595308426319644e-01
-2.2224167595946939e-01
-2.1852232862339596e-01
-2.1480023256852210e-01
-2.1114874502177319e-01
-2.0752851310426668e-01
-2.0391635992764315e-01
-2.0030489374978988e-01
-1.9673560060306247e-01
-1.9318577572979892e-01
-1.8962521074032315e-01
-1.8609062549571947e-01
-1.8258545100145784e-01
-1.7906814929943971e-01
-1.7556108476105883e-01
-1.7208217110034277e-01
-1.6862378425753974e-01
-1.6516186370233088e-01
-1.6169493676615618e-01
-1.5824654912869651e-01
-1.5481195340788029e-01
-1.5137151215150241e-01
-1.4790772352168399e-01
-1.4446155971180388e-01
-1.4102795103744531e-01
-1.3758917787092972e-01
-1.3413502074305134e-01
-1.3068111861344217e-01
-1.2722819280456521e-01
-1.2376940270633319e-01
-1.2030101739248195e-01
-1.1681136515208804e-01
-1.1330054249492318e-01
-1.0975628498167567e-01
-1.0623245265274017e-01
-1.0269243421771067e-01
-9.9137580886349552e-02
-9.5556591966968460e-02
-9.1909563280706957e-02
-8.8264750592444541e-02
-8.4638448966544058e-02
-8.1120591568952849e-02
0.0000000000000000e+00
];
