%Vec Object:dSdr_b_aug 1 MPI processes
%  type: seq
dSdr_b_aug = [
0.0000000000000000e+00
0.0000000000000000e+00
8.6654199319412750e-01
0.0000000000000000e+00
-9.3670575365253795e-03
-3.8804749925044936e-03
-2.3184381936957256e-03
-1.6049102095825473e-03
-1.2003345694120715e-03
-9.4042363834035705e-04
-7.6477819137400782e-04
-6.3758654537167620e-04
-5.4223299009140363e-04
-4.6861559215302163e-04
-4.0984088827045851e-04
-3.6238062215393350e-04
-3.2321497286473929e-04
-2.9042383430631224e-04
-2.6269402283828774e-04
-2.3889862375991666e-04
-2.1846362189558265e-04
-2.0581140278026202e-04
-3.0087201769220273e-04
-1.9430339815036419e-03
-1.6508655641954549e-02
-8.3674485411973670e-02
-1.8011112731152495e-01
-2.3293306185792742e-01
-2.5746258841932168e-01
-2.7040807520676874e-01
-2.7812421889647970e-01
-2.8310181802731899e-01
-2.8589029047224140e-01
-2.8732056808373801e-01
-2.8740812081942740e-01
-2.8661345344575118e-01
-2.8504753546512263e-01
-2.8291756127638029e-01
-2.8037789931969409e-01
-2.7749097928297323e-01
-2.7441269963808207e-01
-2.7114944958865100e-01
-2.6775685549747685e-01
-2.6433226121713482e-01
-2.6084728424708920e-01
-2.5727602563222396e-01
-2.5376604424945415e-01
-2.5027787931008766e-01
-2.4666904704580705e-01
-2.4316333562423093e-01
-2.3969901084095041e-01
-2.3624015535860957e-01
-2.3270339578150520e-01
-2.2929053769641133e-01
-2.2589166900670971e-01
-2.2252914842560453e-01
-2.1915225649672840e-01
-2.1576233096478065e-01
-2.1247453528222054e-01
-2.0920029674522275e-01
-2.0592734287685213e-01
-2.0269720669192626e-01
-1.9946220205658727e-01
-1.9622387309422490e-01
-1.9305248363977273e-01
-1.8990970213563108e-01
-1.8677347114137391e-01
-1.8363917581817052e-01
-1.8054524909156058e-01
-1.7746967370889932e-01
-1.7438541022240853e-01
-1.7132532863339339e-01
-1.6829397009986000e-01
-1.6525358491641845e-01
-1.6222176139061661e-01
-1.5921907925256845e-01
-1.5623760474666162e-01
-1.5325305420905186e-01
-1.5026624951091350e-01
-1.4729900827949566e-01
-1.4434593854973488e-01
-1.4138898022376306e-01
-1.3841383372077504e-01
-1.3545797917192909e-01
-1.3251567476821421e-01
-1.2957088536057626e-01
-1.2661469702873460e-01
-1.2366192261837060e-01
-1.2071351015015278e-01
-1.1776217060019852e-01
-1.1480458075212439e-01
-1.1183076918131653e-01
-1.0884332195062492e-01
-1.0583006416755858e-01
-1.0283658717312634e-01
-9.9831918368382469e-02
-9.6818156934009136e-02
-9.3784829876609327e-02
-9.0697595249662838e-02
-8.7616112244673805e-02
-8.4554626408564412e-02
-8.1602407505035862e-02
0.0000000000000000e+00
];
