%Vec Object:dSdr_b_aug 1 MPI processes
%  type: seq
dSdr_b_aug = [
0.0000000000000000e+00
0.0000000000000000e+00
7.9530752955615958e-01
0.0000000000000000e+00
-8.2916260664393001e-03
-3.6217736081874709e-03
-2.1628997232308730e-03
-1.4992505559052879e-03
-1.1253056285484308e-03
-8.8558586503394122e-04
-7.2350007778142959e-04
-6.0611540449178399e-04
-5.1805831554195460e-04
-5.8679359582663288e-04
-1.3752138891156103e+00
-1.2213340913632844e+00
-1.0369122386703007e+00
-8.6117170503191753e-01
-6.8535185883822891e-01
-5.3823093056475857e-01
-4.0930183761095823e-01
-3.1923734609100984e-01
-2.5495541954755402e-01
-2.2001742488816850e-01
-2.0298538361496196e-01
-1.9959495601108762e-01
-2.0334602226943943e-01
-2.1040716915661692e-01
-2.1838809027395151e-01
-2.2572471705163433e-01
-2.3169083396742685e-01
-2.3631735400831957e-01
-2.3926893167558499e-01
-2.4110599379817915e-01
-2.4171989663692406e-01
-2.4151428083136611e-01
-2.4061348340166655e-01
-2.3915953520088157e-01
-2.3732759772174600e-01
-2.3517557546810955e-01
-2.3282056192273043e-01
-2.3029709430714443e-01
-2.2765558296718774e-01
-2.2496215686672827e-01
-2.2221212983960878e-01
-2.1938844820331302e-01
-2.1660223760701952e-01
-2.1382986590945316e-01
-2.1095968830159326e-01
-2.0816553407929594e-01
-2.0540285580816606e-01
-2.0264763367144970e-01
-1.9982684279408888e-01
-1.9710166906760421e-01
-1.9439294031218582e-01
-1.9171384867163127e-01
-1.8901959920563677e-01
-1.8631856389761861e-01
-1.8370171351273770e-01
-1.8109512974963821e-01
-1.7848961928622536e-01
-1.7592234545096044e-01
-1.7335248930027336e-01
-1.7077762884608497e-01
-1.6826426137209313e-01
-1.6577567380906008e-01
-1.6329144566808801e-01
-1.6081081536090291e-01
-1.5836805785248070e-01
-1.5594210948154791e-01
-1.5351027746408763e-01
-1.5110016135523094e-01
-1.4871782450867227e-01
-1.4633070706232676e-01
-1.4394985561044985e-01
-1.4159950193868640e-01
-1.3927128818782331e-01
-1.3694062510379912e-01
-1.3461147758277747e-01
-1.3230329621588477e-01
-1.3000980609567750e-01
-1.2771510772783526e-01
-1.2540928788321953e-01
-1.2312504333471457e-01
-1.2085571158599420e-01
-1.1858756480687162e-01
-1.1631347735686114e-01
-1.1404713045201356e-01
-1.1178978260686384e-01
-1.0953352997772614e-01
-1.0727560478013722e-01
-1.0500836663253817e-01
-1.0273781107501985e-01
-1.0045188492528347e-01
-9.8184851862880909e-02
-9.5913460717144919e-02
-9.3640831331301591e-02
-9.1357617274029593e-02
-8.9037080465448670e-02
-8.6727067661651183e-02
-8.4438894780992951e-02
-8.2260183408607981e-02
0.0000000000000000e+00
];
