%Vec Object:dSdr_b_aug 1 MPI processes
%  type: seq
dSdr_b_aug = [
0.0000000000000000e+00
0.0000000000000000e+00
7.4620866008327891e-01
0.0000000000000000e+00
-7.6885914125975861e-03
-3.4363127418464375e-03
-2.0501823495534949e-03
-1.4209111674966153e-03
-1.0673519460223128e-03
-8.4100932728963440e-04
-8.9374798200304059e-04
-1.7641472200658639e+00
-1.5955822547304321e+00
-1.4307599900678447e+00
-1.2691215176422685e+00
-1.1061931411224346e+00
-9.3630346413812027e-01
-7.7394411561193588e-01
-6.1112244277359840e-01
-4.7462521338038377e-01
-3.5486173430000884e-01
-2.7117896915572737e-01
-2.1147398207804555e-01
-1.7914430301807840e-01
-1.6356194991722806e-01
-1.6073969946769873e-01
-1.6464432574727436e-01
-1.7167277211279455e-01
-1.7959145878512875e-01
-1.8692832146333291e-01
-1.9298950115857424e-01
-1.9782299626145330e-01
-2.0106575361280160e-01
-2.0328527610837727e-01
-2.0434532628561605e-01
-2.0462642758335794e-01
-2.0427119143437045e-01
-2.0337065672365656e-01
-2.0211771672539175e-01
-2.0056680500020158e-01
-1.9880335211674846e-01
-1.9688494117230476e-01
-1.9485772453701014e-01
-1.9276230401857519e-01
-1.9061337504949039e-01
-1.8840111861461326e-01
-1.8620686263990671e-01
-1.8401992089152011e-01
-1.8175387100529924e-01
-1.7954168214940305e-01
-1.7735286352940105e-01
-1.7517312602204835e-01
-1.7293790855003136e-01
-1.7077517484527752e-01
-1.6863089413549950e-01
-1.6651076175389398e-01
-1.6437482827306776e-01
-1.6223721880676470e-01
-1.6016911751311119e-01
-1.5810859156131979e-01
-1.5604896599187576e-01
-1.5402383027107006e-01
-1.5199798195459835e-01
-1.4996575526466910e-01
-1.4799056691239901e-01
-1.4603702754192990e-01
-1.4408605547869105e-01
-1.4214004060561247e-01
-1.4022985718594194e-01
-1.3833522146434746e-01
-1.3643699567346534e-01
-1.3455846878650971e-01
-1.3270694910726680e-01
-1.3085412139640559e-01
-1.2900568191979930e-01
-1.2718884936389013e-01
-1.2539491897234586e-01
-1.2359905151477947e-01
-1.2180778244393888e-01
-1.2003862635539239e-01
-1.1828458613427993e-01
-1.1653152930215639e-01
-1.1477313001022649e-01
-1.1303817271027589e-01
-1.1131924172506748e-01
-1.0960449609640213e-01
-1.0788827248062664e-01
-1.0618332617337982e-01
-1.0449116910577817e-01
-1.0280339403835158e-01
-1.0111768745401782e-01
-9.9428313249904213e-02
-9.7744053438377290e-02
-9.6052951141752177e-02
-9.4380000151198129e-02
-9.2708255229011438e-02
-9.1041653730099245e-02
-8.9371734912472273e-02
-8.7677895327670036e-02
-8.5998078059191060e-02
-8.4340234033934328e-02
-8.2782912944145262e-02
0.0000000000000000e+00
];
