%Vec Object:dSdr_b_aug 1 MPI processes
%  type: seq
dSdr_b_aug = [
0.0000000000000000e+00
0.0000000000000000e+00
8.1772964252901803e-01
0.0000000000000000e+00
-8.6123100424778734e-03
-3.7092650507834679e-03
-2.2171522564321641e-03
-1.5375662062145196e-03
-1.1539742022468528e-03
-9.0787623521782596e-04
-7.4149112417378610e-04
-6.2097836986795376e-04
-5.3058146224812391e-04
-4.6075660356461576e-04
-4.0497200286208521e-04
-1.4270192372500072e-02
-1.0674869681333865e+00
-8.9392553861317392e-01
-7.1325874686740276e-01
-5.6214431356253614e-01
-4.2976931527280759e-01
-3.3730553570025096e-01
-2.7130285207966226e-01
-2.3538422812485557e-01
-2.1780715710781909e-01
-2.1420311398500652e-01
-2.1789644494480523e-01
-2.2496988361937192e-01
-2.3297420044325873e-01
-2.4031073672204376e-01
-2.4624111205131985e-01
-2.5078981588861132e-01
-2.5363191975420130e-01
-2.5532519008048904e-01
-2.5577135732402817e-01
-2.5538275329891785e-01
-2.5427684450878263e-01
-2.5261483287473613e-01
-2.5056521337640331e-01
-2.4818719510402501e-01
-2.4560977600490877e-01
-2.4285882890179594e-01
-2.3998636497243578e-01
-2.3706811043508308e-01
-2.3409209235991468e-01
-2.3103853709422131e-01
-2.2802977311681086e-01
-2.2503730110477532e-01
-2.2193999354746097e-01
-2.1892704162240961e-01
-2.1594861314944000e-01
-2.1297703001655457e-01
-2.0993608515236889e-01
-2.0699945492801908e-01
-2.0407851492950449e-01
-2.0118927563517888e-01
-1.9828512037384399e-01
-1.9537225816618536e-01
-1.9254909880482704e-01
-1.8973721790024847e-01
-1.8692647532069107e-01
-1.8415537803441742e-01
-1.8138099550597786e-01
-1.7860212529269068e-01
-1.7588642285922185e-01
-1.7319667747258863e-01
-1.7051196530234655e-01
-1.6783033992680368e-01
-1.6518735485050517e-01
-1.6256165320106428e-01
-1.5992920564460844e-01
-1.5731923235901263e-01
-1.5473732864810003e-01
-1.5214933883729889e-01
-1.4956832105146106e-01
-1.4701738412110210e-01
-1.4448830061805179e-01
-1.4195657528324532e-01
-1.3942520659381916e-01
-1.3691437302047071e-01
-1.3441807120148513e-01
-1.3191973733832435e-01
-1.2940810951437567e-01
-1.2691735543010962e-01
-1.2444109581130446e-01
-1.2196489350545943e-01
-1.1948107319313345e-01
-1.1700366432299353e-01
-1.1453383029780577e-01
-1.1206385676162615e-01
-1.0959080546523491e-01
-1.0710632055703660e-01
-1.0461535067806649e-01
-1.0210580755457350e-01
-9.9615441798681800e-02
-9.7118634622663208e-02
-9.4618204449358465e-02
-9.2104484127055436e-02
-8.9548458260783920e-02
-8.7001780325729000e-02
-8.4477363948800011e-02
-8.2068888795142680e-02
0.0000000000000000e+00
];
