%Vec Object:dSdr_b_aug 1 MPI processes
%  type: seq
dSdr_b_aug = [
0.0000000000000000e+00
0.0000000000000000e+00
7.3157996657751878e-01
0.0000000000000000e+00
-1.8171332189564203e-02
-7.5449629169025258e-03
-4.7271575889066874e-03
-3.3706239817846012e-03
-2.5236426911674336e-03
-1.9995050868247674e-03
-1.6442696115538712e-03
-1.3784735260567831e-03
-1.1810465624677261e-03
-1.0296395311171619e-03
-9.0657224589157665e-04
-8.0699324555223273e-04
-3.0829027562374262e-01
-1.8976953229796620e+00
-1.8094023716104313e+00
-1.7227240185189712e+00
-1.6392118826532345e+00
-1.5580531325719134e+00
-1.4739898842621368e+00
-1.3966126108831129e+00
-1.3207066579239151e+00
-1.2449797667309221e+00
-1.1608621258375660e+00
-1.0794886915174544e+00
-1.0013436438478966e+00
-9.2234365644905669e-01
-8.4117772907918442e-01
-7.5426251379394782e-01
-6.7774711865335990e-01
-6.0411926477733158e-01
-5.3454698844556270e-01
-4.6111755343663752e-01
-4.0136499720087793e-01
-3.4933386168874003e-01
-3.0381213205873564e-01
-2.6082647194350017e-01
-2.2827061938612769e-01
-2.0358879171576499e-01
-1.8414152565223124e-01
-1.6849991721559954e-01
-1.5880203450502320e-01
-1.5295345459655865e-01
-1.4983651902928524e-01
-1.4924885759720258e-01
-1.5040875613924723e-01
-1.5260615243805956e-01
-1.5570024422304804e-01
-1.5984926062905128e-01
-1.6350485480846935e-01
-1.6732597020810525e-01
-1.7123232674694533e-01
-1.7501361801237900e-01
-1.7819916356467813e-01
-1.8107953407741009e-01
-1.8388050101253006e-01
-1.8616730309776763e-01
-1.8807599461976957e-01
-1.8966612841328778e-01
-1.9113433603127303e-01
-1.9215660601405574e-01
-1.9285456491976094e-01
-1.9348618396191200e-01
-1.9388023379191244e-01
-1.9400197143875073e-01
-1.9401803152118458e-01
-1.9391558988306137e-01
-1.9361551069772640e-01
-1.9320902915383542e-01
-1.9277911756287788e-01
-1.9221651512622520e-01
-1.9158303320417572e-01
-1.9086792168697020e-01
-1.9012541187825729e-01
-1.8932309684098572e-01
-1.8847601366445771e-01
-1.8762182290301016e-01
-1.8674419784102536e-01
-1.8577330467301709e-01
-1.8483794979297388e-01
-1.8389932202020651e-01
-1.8288837727361368e-01
-1.8192683617157354e-01
-1.8097559640582003e-01
-1.7987688133402438e-01
-1.7891580061663553e-01
-1.7792144045789163e-01
-1.7685207645292589e-01
-1.7588929587826602e-01
-1.7486702744317509e-01
-1.7379829553084836e-01
-1.7282635457364334e-01
-1.7176924440132293e-01
-1.7075850249793539e-01
-1.6980389742762564e-01
-1.6869975701028878e-01
-1.6773892362544088e-01
-1.6676057441456399e-01
-1.6563984566663542e-01
-1.6475039833104410e-01
-1.6372007745551578e-01
-1.6268503537689785e-01
-1.6179118085074631e-01
-1.6067488381988315e-01
-1.5975366699945928e-01
-1.5881474933183456e-01
-1.5774416246503259e-01
-1.5686647359704023e-01
-1.5584002549693635e-01
-1.5486496708660613e-01
-1.5397676822329315e-01
-1.5292738801610156e-01
-1.5205122273368143e-01
-1.5106590737090769e-01
-1.5012964409513113e-01
-1.4920289286566335e-01
-1.4822635526419381e-01
-1.4736225374005238e-01
-1.4634438105764394e-01
-1.4550380449726741e-01
-1.4454677058660911e-01
-1.4360937654213235e-01
-1.4278728045790767e-01
-1.4174642818096436e-01
-1.4096523024783192e-01
-1.3998181688878075e-01
-1.3912848431804681e-01
-1.3823982898901130e-01
-1.3733100351751010e-01
-1.3646947431932041e-01
-1.3556180691648601e-01
-1.3474515057799874e-01
-1.3378573699386415e-01
-1.3302026260625005e-01
-1.3206064062665737e-01
-1.3126310709224859e-01
-1.3037221078247027e-01
-1.2952388287214334e-01
-1.2868348831915072e-01
-1.2782908957081041e-01
-1.2699768866651126e-01
-1.2614527715720270e-01
-1.2533246522032421e-01
-1.2444394504720413e-01
-1.2369963133033045e-01
-1.2276726812034987e-01
-1.2205266215132822e-01
-1.2113754664578374e-01
-1.2040392557081006e-01
-1.1951491409605586e-01
-1.1878098592206376e-01
-1.1787855530704819e-01
-1.1718043078657688e-01
-1.1626611043229503e-01
-1.1557397838984579e-01
-1.1468253704141639e-01
-1.1397356892598423e-01
-1.1310040877610519e-01
-1.1238685503274067e-01
-1.1151251766130116e-01
-1.1082363684554140e-01
-1.0994327488267715e-01
-1.0924140549909238e-01
-1.0841508541644353e-01
-1.0766363251294228e-01
-1.0689142406097454e-01
-1.0610897822769393e-01
-1.0534887611412433e-01
-1.0456908714079631e-01
-1.0382020701274322e-01
-1.0302777649718300e-01
-1.0231752466787429e-01
-1.0148389884010320e-01
-1.0080196418531580e-01
-9.9968762911140027e-02
-9.9267336721050398e-02
-9.8483169457697708e-02
-9.7726035667290351e-02
-9.7008006732243662e-02
-9.6195546277432833e-02
-9.5520510409977943e-02
-9.4687737849591710e-02
-9.3988610730862163e-02
-9.3224020085800621e-02
-9.2475916836005048e-02
-9.1750247912503136e-02
-9.0968568135301214e-02
-9.0281014005287319e-02
-8.9464438602708085e-02
-8.8764542618859452e-02
-8.8001758130669364e-02
-8.7251617767903161e-02
-8.6545335718805044e-02
-8.5741037640180873e-02
-8.5040512993950199e-02
-8.4308586118253162e-02
-8.3671669531517834e-02
-8.3694392597820397e-02
-9.5265280239193728e-02
0.0000000000000000e+00
];
