%Vec Object:dSdr_b_aug 1 MPI processes
%  type: seq
dSdr_b_aug = [
0.0000000000000000e+00
0.0000000000000000e+00
7.1437608702626998e-01
0.0000000000000000e+00
-7.3667093911163710e-03
-3.3141273584629451e-03
-1.9755452361013728e-03
-1.3685305554794604e-03
-1.0279812523672541e-03
-2.0286219597696467e+00
-1.8418713184825779e+00
-1.6632113149393306e+00
-1.5041068413318623e+00
-1.3483551078220897e+00
-1.1952619912013172e+00
-1.0406420263245262e+00
-8.7903345458426041e-01
-7.2429115946402989e-01
-5.6886849456514132e-01
-4.3841864027582234e-01
-3.2387254422569506e-01
-2.4382247749673150e-01
-1.8672284235349407e-01
-1.5587790678027658e-01
-1.4112076623363640e-01
-1.3862194132554875e-01
-1.4261397854378557e-01
-1.4962380998274880e-01
-1.5750707014889276e-01
-1.6484406674101507e-01
-1.7095935919290295e-01
-1.7591067145870418e-01
-1.7931917820239623e-01
-1.8175641024863637e-01
-1.8307042282247829e-01
-1.8362858024871961e-01
-1.8358389638475175e-01
-1.8299838372027186e-01
-1.8207502907651343e-01
-1.8086629037677496e-01
-1.7943957439909472e-01
-1.7786558275092945e-01
-1.7618804401595373e-01
-1.7443302906170155e-01
-1.7262626599723827e-01
-1.7076205403069677e-01
-1.6890475919358747e-01
-1.6705106451050145e-01
-1.6512890510516159e-01
-1.6324799114844279e-01
-1.6138583337144066e-01
-1.5953368169855753e-01
-1.5763179293847487e-01
-1.5578921947905428e-01
-1.5396624189729685e-01
-1.5216428822020542e-01
-1.5034616725171074e-01
-1.4852927898500909e-01
-1.4677354435562823e-01
-1.4502385307458043e-01
-1.4327496371892431e-01
-1.4155843138673080e-01
-1.3984225073560627e-01
-1.3811890950669020e-01
-1.3645007084004360e-01
-1.3480109887794409e-01
-1.3315367403936099e-01
-1.3151198012790638e-01
-1.2990495560382123e-01
-1.2831276065226355e-01
-1.2671828113475367e-01
-1.2514235228183168e-01
-1.2359299105366847e-01
-1.2204429838052004e-01
-1.2049892491821158e-01
-1.1898578958106650e-01
-1.1749599012086073e-01
-1.1600454497891984e-01
-1.1451945282065427e-01
-1.1305712616110462e-01
-1.1161015672210055e-01
-1.1016541779864580e-01
-1.0871862551189027e-01
-1.0729633717335746e-01
-1.0589070821940200e-01
-1.0449097156797142e-01
-1.0309229600639559e-01
-1.0170690941790966e-01
-1.0033646750887436e-01
-9.8972275812634777e-02
-9.7612278424731191e-02
-9.6251821783975566e-02
-9.4901841814563195e-02
-9.3551015047692837e-02
-9.2219852827547938e-02
-9.0897554636954495e-02
-8.9595408636243240e-02
-8.8326698858157873e-02
-8.7153405179276902e-02
-8.6496276580348183e-02
-8.9315618132792596e-02
-1.3770474631106616e-01
0.0000000000000000e+00
];
