%Vec Object:dSdr_b_aug 1 MPI processes
%  type: seq
dSdr_b_aug = [
0.0000000000000000e+00
0.0000000000000000e+00
8.9495887805833940e-01
0.0000000000000000e+00
-9.8666202905714675e-03
-3.9952710715183614e-03
-2.3928244277175176e-03
-1.6590011690256617e-03
-1.2412407546956439e-03
-9.7248240616978714e-04
-7.9086806865275939e-04
-6.5932234450471192e-04
-5.6071105561385183e-04
-4.8458409563945808e-04
-4.2381071322144392e-04
-3.7474305246892024e-04
-3.3425574837751278e-04
-3.0036266901896976e-04
-2.7170442916300071e-04
-2.4711484138897400e-04
-2.2587997662573838e-04
-2.0737836233124170e-04
-1.9110471951622212e-04
-1.7673190866945247e-04
-1.6394087986841321e-04
-1.5249592597288926e-04
-1.4221445950663017e-04
-1.3292167752755282e-04
-1.2449586370289308e-04
-1.1683079165704036e-04
-1.0985762695870567e-04
-1.0395441738465889e-04
-1.0482637274533350e-04
-1.9660422615903878e-04
-1.5915112314826214e-03
-1.6327936169024924e-02
-9.9266625900588074e-02
-2.1910414887712787e-01
-2.7037161114515706e-01
-2.8459428655444280e-01
-2.8679015784469275e-01
-2.8506450767255997e-01
-2.8200221649619156e-01
-2.7851785357740505e-01
-2.7483780329592833e-01
-2.7102069002316909e-01
-2.6725720038585654e-01
-2.6351255839857801e-01
-2.5963679201505230e-01
-2.5587317727234171e-01
-2.5215423819498456e-01
-2.4843992565991216e-01
-2.4464318093374049e-01
-2.4098058990154889e-01
-2.3733108812297141e-01
-2.3372036826982470e-01
-2.3009556122526070e-01
-2.2645545092505989e-01
-2.2292398726296234e-01
-2.1940727563211787e-01
-2.1589192536427992e-01
-2.1242105644950976e-01
-2.0894448880039079e-01
-2.0546520692417666e-01
-2.0205484256228687e-01
-1.9867447636802471e-01
-1.9530145640666371e-01
-1.9192976844928517e-01
-1.8859935547241985e-01
-1.8528785390389851e-01
-1.8196664571167154e-01
-1.7867051496949066e-01
-1.7540345001610422e-01
-1.7212581634104482e-01
-1.6885757801260010e-01
-1.6561798843676581e-01
-1.6239926787677941e-01
-1.5917724364647640e-01
-1.5595159615755219e-01
-1.5274500267294508e-01
-1.4955239188155886e-01
-1.4635491901099765e-01
-1.4313669147899230e-01
-1.3993692659025625e-01
-1.3675021689720931e-01
-1.3355968929190301e-01
-1.3035578040006476e-01
-1.2715371403922845e-01
-1.2395432547028051e-01
-1.2075054864094671e-01
-1.1753885690081245e-01
-1.1430843345801421e-01
-1.1106062581546425e-01
-1.0778321436522596e-01
-1.0452590351942753e-01
-1.0125491509010290e-01
-9.7971975071779724e-02
-9.4666196303090339e-02
-9.1300463758453840e-02
-8.7938694574551932e-02
-8.4596075368824575e-02
-8.1361540183393227e-02
0.0000000000000000e+00
];
