%Vec Object:dSdr_b_aug 1 MPI processes
%  type: seq
dSdr_b_aug = [
0.0000000000000000e+00
0.0000000000000000e+00
7.3030087568552837e-01
0.0000000000000000e+00
-7.5201564529284882e-03
-3.3757630668350283e-03
-2.0133591128145946e-03
-1.3952083158336919e-03
-1.0481623966150930e-03
-8.2830498695111879e-04
-1.8961763442199921e+00
-1.7125056471658100e+00
-1.5487585327342248e+00
-1.3885792203958884e+00
-1.2313148754650176e+00
-1.0726393437087893e+00
-9.0698853699698712e-01
-7.4852814729803263e-01
-5.8949382131871919e-01
-4.5609207546014835e-01
-3.3899923003509363e-01
-2.5717594245688247e-01
-1.9880456274613051e-01
-1.6723488261623617e-01
-1.5207493284520326e-01
-1.4941823490117612e-01
-1.5336760437494096e-01
-1.6038652223400968e-01
-1.6828707501353637e-01
-1.7562400618925850e-01
-1.8171288465459223e-01
-1.8660668704815184e-01
-1.8993428687233618e-01
-1.9226524880681437e-01
-1.9345529525226945e-01
-1.9387821386155377e-01
-1.9368194077915735e-01
-1.9294265708420599e-01
-1.9185842265674441e-01
-1.9048265978317219e-01
-1.8889157315418209e-01
-1.8714946086778600e-01
-1.8530123462496464e-01
-1.8338005824859507e-01
-1.8140627449181920e-01
-1.7937217234347302e-01
-1.7735039740678779e-01
-1.7533403556654734e-01
-1.7324401365790323e-01
-1.7120139521417443e-01
-1.6917978519960686e-01
-1.6716772977544145e-01
-1.6510313400667326e-01
-1.6310428146766739e-01
-1.6112446697186861e-01
-1.5916720150426653e-01
-1.5719394750014076e-01
-1.5522050639354240e-01
-1.5331229701238899e-01
-1.5141087879656978e-01
-1.4951031057491254e-01
-1.4764314047807489e-01
-1.4577580257077027e-01
-1.4390168591420921e-01
-1.4208330961625526e-01
-1.4028567001782732e-01
-1.3849007554101270e-01
-1.3669983432910152e-01
-1.3494482976395675e-01
-1.3320500533442456e-01
-1.3146225911625836e-01
-1.2973862408399775e-01
-1.2804177128784400e-01
-1.2634462226486395e-01
-1.2465131432478420e-01
-1.2298993646136060e-01
-1.2135168283798595e-01
-1.1971164138333742e-01
-1.1807709654293473e-01
-1.1646499880616615e-01
-1.1486814061838500e-01
-1.1327290435814723e-01
-1.1167400944123684e-01
-1.1009910035403851e-01
-1.0854054194540805e-01
-1.0698704302522978e-01
-1.0543336630105302e-01
-1.0389199724436261e-01
-1.0236452157923345e-01
-1.0084238532452372e-01
-9.9323407233867192e-02
-9.7802405929998615e-02
-9.6288975135734090e-02
-9.4771185717666961e-02
-9.3271329927407040e-02
-9.1774299013706997e-02
-9.0284266829221027e-02
-8.8793027162626534e-02
-8.7281755681930251e-02
-8.5785485581411344e-02
-8.4325519695086698e-02
-8.3770729224610624e-02
0.0000000000000000e+00
];
