%Vec Object:dSdr_b_aug 1 MPI processes
%  type: seq
dSdr_b_aug = [
0.0000000000000000e+00
0.0000000000000000e+00
9.5688925816173276e-01
0.0000000000000000e+00
-2.8801939651449997e-02
-1.1107839433040573e-02
-6.2919565630377462e-03
-4.2711786877100292e-03
-3.2197571136800009e-03
-2.5766891155107035e-03
-2.1417971184405915e-03
-1.7969344447245229e-03
-1.5413614712591148e-03
-1.3459506641881861e-03
-1.1854141951104945e-03
-1.0552587368037253e-03
-9.4866456314865021e-04
-8.5870414019356201e-04
-7.8174723503840102e-04
-7.1612926428611993e-04
-6.5942072760534888e-04
-6.0936039327517163e-04
-5.6552342670470191e-04
-5.2687985502777607e-04
-4.9214317087914840e-04
-4.6109835599512548e-04
-4.3325538734504657e-04
-4.0799594809535784e-04
-3.8503129435238202e-04
-3.6416430196380627e-04
-3.4507775602559326e-04
-3.2750685220580406e-04
-3.1137647612425621e-04
-2.9651643787349937e-04
-2.8270543199908344e-04
-2.6992155796096482e-04
-2.5806100591257227e-04
-2.4697370397905907e-04
-2.3663184955448192e-04
-2.2697511976595003e-04
-2.1791120694971401e-04
-2.0939971402945558e-04
-2.0140897353199355e-04
-1.9388068095363729e-04
-1.8677237219421870e-04
-1.8006804438839221e-04
-1.7373006994082747e-04
-1.6771835332916155e-04
-1.6202557906096950e-04
-1.5662700082990356e-04
-1.5148661759064862e-04
-1.4660190628530223e-04
-1.4195534188803015e-04
-1.3751836915183765e-04
-1.3328812999345520e-04
-1.2925216497236653e-04
-1.2538993228386786e-04
-1.2169625293539682e-04
-1.1816286291671890e-04
-1.1477471003700601e-04
-1.1152569659610191e-04
-1.0841027453030105e-04
-1.0541721503965643e-04
-1.0254028281689008e-04
-9.9775702713106250e-05
-9.7114951769912224e-05
-9.4552072269083715e-05
-9.2084455360679171e-05
-8.9705521247875045e-05
-8.7409794733136413e-05
-8.5195438001347743e-05
-8.3057281526860080e-05
-8.0990425622171929e-05
-7.8993538992752185e-05
-7.7062488128542715e-05
-7.5192970573454879e-05
-7.3383986225998598e-05
-7.1632171636471564e-05
-6.9933803555901326e-05
-6.8288096502317809e-05
-6.6692266043789434e-05
-6.5143129243417559e-05
-6.3640037707641406e-05
-6.2180647415756291e-05
-6.0762267227407363e-05
-5.9384334423880853e-05
-5.8044843890404146e-05
-5.6741544765708818e-05
-5.5473926150437946e-05
-5.4240246859042901e-05
-5.3038645628206472e-05
-5.1868641504079775e-05
-5.0728701807685736e-05
-4.9617308257678162e-05
-4.8533999303663098e-05
-4.7477418283024306e-05
-4.6446371316204288e-05
-4.5440474537674318e-05
-4.4458688728569591e-05
-4.3500551765232578e-05
-4.2566877935717267e-05
-4.1659725512906224e-05
-4.0786311154976437e-05
-4.0503444332654934e-05
-4.0843986779607850e-05
-4.1378887741195492e-05
-4.2377121644377674e-05
-4.4491638604899198e-05
-4.9315282684413290e-05
-6.0900153293719992e-05
-8.9806220843507056e-05
-1.6146690820821136e-04
-3.3192629962252278e-04
-7.1887651386162981e-04
-1.5693520035972405e-03
-3.3977517403864653e-03
-7.1932646698695535e-03
-1.4712541335561585e-02
-2.8383426102979281e-02
-5.0187423870975696e-02
-7.9306025475065572e-02
-1.1089330035734643e-01
-1.3973979084405905e-01
-1.6240634892377101e-01
-1.7876616238573620e-01
-1.9011367093434739e-01
-1.9729020419761018e-01
-2.0207767534767304e-01
-2.0456095569032387e-01
-2.0595778768222056e-01
-2.0624782055907362e-01
-2.0591617020841696e-01
-2.0517492727723785e-01
-2.0399676505463585e-01
-2.0280604714092296e-01
-2.0112980671925740e-01
-1.9973980382403364e-01
-1.9787579999118154e-01
-1.9627686249218737e-01
-1.9443852064951325e-01
-1.9267025510260355e-01
-1.9087122022089453e-01
-1.8902945906916566e-01
-1.8724329845870477e-01
-1.8534881295035474e-01
-1.8358598116243430e-01
-1.8162666724265025e-01
-1.7993672331317326e-01
-1.7791694386219645e-01
-1.7626168963368855e-01
-1.7424434944616154e-01
-1.7259191978526450e-01
-1.7056011285768130e-01
-1.6891420105901811e-01
-1.6686260675579087e-01
-1.6525552781076869e-01
-1.6318414459829322e-01
-1.6157601099190966e-01
-1.5953862046373532e-01
-1.5790257247774181e-01
-1.5588368317201046e-01
-1.5422092861741757e-01
-1.5221152864714024e-01
-1.5055238794037934e-01
-1.4855108192054625e-01
-1.4686154222072481e-01
-1.4491788730942234e-01
-1.4315970505553918e-01
-1.4128612070625393e-01
-1.3946051311584498e-01
-1.3762111754593309e-01
-1.3575813614911370e-01
-1.3395728191582931e-01
-1.3203883734725655e-01
-1.3031135007045550e-01
-1.2829440873474909e-01
-1.2661626881797575e-01
-1.2459716250546188e-01
-1.2286400746314509e-01
-1.2092896194048539e-01
-1.1907760838086690e-01
-1.1725325095298730e-01
-1.1528073174925704e-01
-1.1355254460913095e-01
-1.1148342805804282e-01
-1.0973364485428728e-01
-1.0776318671353112e-01
-1.0589645861729374e-01
-1.0402827462339084e-01
-1.0203985669722383e-01
-1.0026364614115951e-01
-9.8166063889364955e-02
-9.6353573902976442e-02
-9.4383481871211303e-02
-9.2426441207806617e-02
-9.0584131475520149e-02
-8.8467821981733502e-02
-8.6625344048977690e-02
-8.4649188576579631e-02
-8.2674121691165128e-02
-8.0927202178090699e-02
-7.9432251701120157e-02
0.0000000000000000e+00
];
