%Vec Object:dSdr_b_aug 1 MPI processes
%  type: seq
dSdr_b_aug = [
0.0000000000000000e+00
0.0000000000000000e+00
9.2516321651763289e-01
0.0000000000000000e+00
-2.6751332660253143e-02
-1.0495304611770746e-02
-6.0593628783464654e-03
-4.1437271579152484e-03
-3.1182525643158672e-03
-2.4889626572346169e-03
-2.0629205936047558e-03
-1.7303388851707604e-03
-1.4837624814876215e-03
-1.2951218756224842e-03
-1.1404663888054858e-03
-1.0151082399046524e-03
-9.1242290471736274e-04
-8.2577754638984535e-04
-7.5167568965270825e-04
-6.8848520938020736e-04
-6.3387013070350881e-04
-5.8566152000490861e-04
-5.4344276331301229e-04
-5.0622240873473667e-04
-4.7276302643495726e-04
-4.4285787903572123e-04
-4.1603509125533698e-04
-3.9169868689975951e-04
-3.6957149068649818e-04
-3.4946414745285067e-04
-3.3107071624795096e-04
-3.1413612623321595e-04
-2.9858892983293425e-04
-2.8426506988926713e-04
-2.7095071995114986e-04
-2.5862580624906427e-04
-2.4719029220934553e-04
-2.3649901655945307e-04
-2.2652584546915583e-04
-2.1721273548584618e-04
-2.0847041846394740e-04
-2.0026021568827967e-04
-1.9255178389031849e-04
-1.8528876955796811e-04
-1.7843027926343834e-04
-1.7196108831584448e-04
-1.6584485606283369e-04
-1.6004286584445245e-04
-1.5454825324763379e-04
-1.4933713759047600e-04
-1.4437471306836164e-04
-1.3965870449030211e-04
-1.3517220459430547e-04
-1.3088760841687607e-04
-1.2680226057950881e-04
-1.2290414439576820e-04
-1.1917341647554617e-04
-1.1560513252136023e-04
-1.1219132613333033e-04
-1.0891746717558046e-04
-1.0577770022492020e-04
-1.0276667543401463e-04
-9.9873560126914114e-05
-9.7092355848287629e-05
-9.4419416658937839e-05
-9.1846524386096992e-05
-8.9367945780695744e-05
-8.6981152944127306e-05
-8.4679803843400108e-05
-8.2458631891261879e-05
-8.0315847048899723e-05
-7.8246470052989949e-05
-7.6245799886474167e-05
-7.4312556145894124e-05
-7.2442848012694891e-05
-7.0632849143612301e-05
-6.8882558610746441e-05
-6.7191903448353280e-05
-6.5567306006613106e-05
-6.4039104232274451e-05
-6.2699642278563522e-05
-6.1833213473305143e-05
-6.2310374306712732e-05
-6.6797197912799380e-05
-8.3942490501357010e-05
-1.4294720101406573e-04
-3.3178494469165087e-04
-8.8349900400468855e-04
-2.4100540821517724e-03
-6.4449310376252711e-03
-1.6445329738281281e-02
-3.8348379529457528e-02
-7.6579600153366553e-02
-1.2540962918309984e-01
-1.7108001432276768e-01
-2.0460207946888853e-01
-2.2639116017541128e-01
-2.3972447682167911e-01
-2.4716227587456560e-01
-2.5125525290728939e-01
-2.5313976097227353e-01
-2.5334072832063426e-01
-2.5306283219918380e-01
-2.5204843723929277e-01
-2.5062342621775935e-01
-2.4923656581033213e-01
-2.4734883859542642e-01
-2.4567313651152961e-01
-2.4393228101160017e-01
-2.4192296289240553e-01
-2.4021850328794883e-01
-2.3823072936886547e-01
-2.3634213576057417e-01
-2.3458952259711416e-01
-2.3252550696048474e-01
-2.3080980638120333e-01
-2.2884844295702117e-01
-2.2700749256464356e-01
-2.2518228889862066e-01
-2.2323325140444308e-01
-2.2152267289038446e-01
-2.1951315362761964e-01
-2.1780788630698014e-01
-2.1593017600171893e-01
-2.1405964542901873e-01
-2.1237518435104930e-01
-2.1034853186270858e-01
-2.0874004509263069e-01
-2.0677435828178625e-01
-2.0508184813174762e-01
-2.0324554115152788e-01
-2.0144242729023232e-01
-1.9969650931579161e-01
-1.9784394445691394e-01
-1.9619587984348288e-01
-1.9424285909734590e-01
-1.9266860839997624e-01
-1.9072369226573380e-01
-1.8908409932383374e-01
-1.8725865175663456e-01
-1.8552659992085921e-01
-1.8378746673608770e-01
-1.8202263921201470e-01
-1.8031975409770543e-01
-1.7852590229406240e-01
-1.7685840877867529e-01
-1.7501231932796238e-01
-1.7342398110193860e-01
-1.7152435797347454e-01
-1.6997380863649536e-01
-1.6808108861316898e-01
-1.6653284584790551e-01
-1.6463189465574660e-01
-1.6309050314167550e-01
-1.6117135667687257e-01
-1.5966908200394769e-01
-1.5773154817291662e-01
-1.5622940057660545e-01
-1.5432484536835958e-01
-1.5279628036273102e-01
-1.5091036219931511e-01
-1.4935778470408076e-01
-1.4748021055863009e-01
-1.4593376770591057e-01
-1.4406270237973026e-01
-1.4248792799583815e-01
-1.4067412818038053e-01
-1.3903295332629698e-01
-1.3728738938175666e-01
-1.3558304117099454e-01
-1.3386911146237179e-01
-1.3213205381121690e-01
-1.3045349733970790e-01
-1.2866596178151810e-01
-1.2705673875722551e-01
-1.2517737308888427e-01
-1.2361505609721533e-01
-1.2173382979431423e-01
-1.2012063072176421e-01
-1.1831939543277492e-01
-1.1659526590316052e-01
-1.1489954155022160e-01
-1.1306190374929627e-01
-1.1145616966967957e-01
-1.0953080687856678e-01
-1.0790319002873199e-01
-1.0607294621233891e-01
-1.0433629172089394e-01
-1.0260096218448157e-01
-1.0075286988124059e-01
-9.9103261394017358e-02
-9.7154652408452655e-02
-9.5471564903395312e-02
-9.3641901706359859e-02
-9.1825263809059934e-02
-9.0115150047241396e-02
-8.8151553316495546e-02
-8.6442117475955843e-02
-8.4609773187643247e-02
-8.2780682430064798e-02
-8.1165928996298334e-02
-7.9815987184205420e-02
0.0000000000000000e+00
];
