%Vec Object:dSdr_b_aug 1 MPI processes
%  type: seq
dSdr_b_aug = [
0.0000000000000000e+00
0.0000000000000000e+00
6.8257622358168146e-01
0.0000000000000000e+00
-1.7095406658067656e-02
-7.1125298565818335e-03
-4.4625648254815724e-03
-3.1818410122282296e-03
-2.3808127363417800e-03
-1.8846896208584449e-03
-1.5484551939526792e-03
-2.2601636367170289e-01
-2.1972769037114803e+00
-2.0734475429654635e+00
-1.9665198492855551e+00
-1.8693897456621138e+00
-1.7747009403220322e+00
-1.6814585136501350e+00
-1.6026350084221981e+00
-1.5258420693710038e+00
-1.4518962151653669e+00
-1.3797114902020022e+00
-1.3049801597596724e+00
-1.2360606834172343e+00
-1.1682504731048213e+00
-1.1004285696244469e+00
-1.0250035417266399e+00
-9.5178442495640858e-01
-8.8128502040563117e-01
-8.0990561846436082e-01
-7.3641724053290614e-01
-6.5748869577918190e-01
-5.8796198133250344e-01
-5.2093758789166955e-01
-4.5751448871082717e-01
-3.9050083281248821e-01
-3.3593376973654993e-01
-2.8838536192793340e-01
-2.4677270756524664e-01
-2.0748532271794676e-01
-1.7773311953345267e-01
-1.5518985936753016e-01
-1.3747663234916957e-01
-1.2327398602436117e-01
-1.1452928144205538e-01
-1.0933676425239343e-01
-1.0666756916860630e-01
-1.0635113748034787e-01
-1.0764501963575548e-01
-1.0990091833424416e-01
-1.1299007602793455e-01
-1.1710416946106640e-01
-1.2073463304412861e-01
-1.2451651006835487e-01
-1.2840224550789445e-01
-1.3218987748247876e-01
-1.3540199928932939e-01
-1.3834132184548822e-01
-1.4124281914946166e-01
-1.4364505202002686e-01
-1.4568828170913722e-01
-1.4744880538085747e-01
-1.4911679577394979e-01
-1.5034232143699544e-01
-1.5126634583137033e-01
-1.5216952731183908e-01
-1.5281232293539368e-01
-1.5319817255200291e-01
-1.5350713045107650e-01
-1.5370672466167348e-01
-1.5369960284407327e-01
-1.5360270124231462e-01
-1.5350268697815250e-01
-1.5324485621509570e-01
-1.5291748945645750e-01
-1.5256520601636014e-01
-1.5213546210165532e-01
-1.5164402290181822e-01
-1.5116544624108519e-01
-1.5062242211253349e-01
-1.5005479012958864e-01
-1.4946146602457383e-01
-1.4883817817542588e-01
-1.4821504793926948e-01
-1.4757100006390136e-01
-1.4691980490378451e-01
-1.4628115190635121e-01
-1.4555272061861918e-01
-1.4490073773351686e-01
-1.4422295777924832e-01
-1.4350855357787456e-01
-1.4284974330522068e-01
-1.4214903721239874e-01
-1.4142686662782664e-01
-1.4075628540785720e-01
-1.4002975838531351e-01
-1.3934424074610757e-01
-1.3868585011828238e-01
-1.3792304563996186e-01
-1.3727444741607936e-01
-1.3659310084930412e-01
-1.3582011838764790e-01
-1.3522344659882027e-01
-1.3450117618988999e-01
-1.3379360519573127e-01
-1.3318862904569509e-01
-1.3240626872982794e-01
-1.3178410987179709e-01
-1.3114080428725755e-01
-1.3039816706945129e-01
-1.2980419000984877e-01
-1.2910003466982076e-01
-1.2842846705877839e-01
-1.2782568467844518e-01
-1.2710911630718708e-01
-1.2650813027993099e-01
-1.2584180306518317e-01
-1.2520116110875815e-01
-1.2456796755357138e-01
-1.2390911416201705e-01
-1.2332204429547443e-01
-1.2262863694158208e-01
-1.2207178188248766e-01
-1.2141720308580541e-01
-1.2078699118865995e-01
-1.2024992672850934e-01
-1.1953518364044320e-01
-1.1902979025615042e-01
-1.1837389981680904e-01
-1.1780329732865248e-01
-1.1723447685059595e-01
-1.1663051050705260e-01
-1.1607327468014032e-01
-1.1549272890296200e-01
-1.1497004188856383e-01
-1.1436170237464667e-01
-1.1389227054508408e-01
-1.1329220599932557e-01
-1.1281456776761459e-01
-1.1228194764968227e-01
-1.1178502824911370e-01
-1.1131202886150900e-01
-1.1084209258633881e-01
-1.1039770915511515e-01
-1.0997285524494491e-01
-1.0958009337354514e-01
-1.0916949025055898e-01
-1.0889305530491479e-01
-1.0850279830203803e-01
-1.0832250405571951e-01
-1.0803343655065557e-01
-1.0792018478904447e-01
-1.0777437467989885e-01
-1.0778026027400725e-01
-1.0776284316789531e-01
-1.0796049008524496e-01
-1.0811453308887252e-01
-1.0852206739045910e-01
-1.0892409255937049e-01
-1.0957342430099276e-01
-1.1027705797992479e-01
-1.1124077799487148e-01
-1.1228682741922981e-01
-1.1365358239365321e-01
-1.1510181608729700e-01
-1.1690059122661109e-01
-1.1886938794096341e-01
-1.2113312676723065e-01
-1.2367770656819342e-01
-1.2648626660173884e-01
-1.2962467198965721e-01
-1.3306194291878681e-01
-1.3684717073501462e-01
-1.4095428900621806e-01
-1.4545859751505272e-01
-1.5027599602983135e-01
-1.5555486868700524e-01
-1.6117266122270607e-01
-1.6728151879272002e-01
-1.7381811932102545e-01
-1.8085198763906923e-01
-1.8845392890621668e-01
-1.9659290265429816e-01
-2.0545958179705559e-01
-2.1500364517611684e-01
-2.2545208129171285e-01
-2.3688395849141197e-01
-2.4948336626656054e-01
-2.6352228065795652e-01
-2.7926479754306455e-01
-2.9720865898685406e-01
-3.1784421065535257e-01
-3.4208302279130365e-01
-3.7103783923362132e-01
-4.0646274509380970e-01
-4.5109558061507105e-01
-5.0929357754186888e-01
-5.8893180979316628e-01
-7.0509338982353742e-01
-8.9185838126172134e-01
-1.2463341545963689e+00
-2.2046622356716878e+00
0.0000000000000000e+00
];
