%Vec Object:dSdr_b_aug 1 MPI processes
%  type: seq
dSdr_b_aug = [
0.0000000000000000e+00
0.0000000000000000e+00
7.6222097097362440e-01
0.0000000000000000e+00
-7.8710763564194455e-03
-3.4971626971221936e-03
-2.0872373541490573e-03
-1.4467719362916392e-03
-1.0866201956282412e-03
-8.5595731104712541e-04
-6.9996785651839193e-04
-2.5252608714048299e-03
-1.6452994493668578e+00
-1.4756087624690983e+00
-1.3093194967275885e+00
-1.1418692780535449e+00
-9.6747261957948083e-01
-8.0096769451331529e-01
-6.3411911522109954e-01
-4.9433060487518921e-01
-3.7172756939103796e-01
-2.8606771127363456e-01
-2.2494476380471945e-01
-1.9180701466003511e-01
-1.7577554058483924e-01
-1.7277726616007813e-01
-1.7663431912744851e-01
-1.8367289666489284e-01
-1.9161086422004278e-01
-1.9894765407461831e-01
-2.0497938302036570e-01
-2.0974875631072587e-01
-2.1290130477564764e-01
-2.1500233911344580e-01
-2.1592417055010565e-01
-2.1605448436112076e-01
-2.1553023046959818e-01
-2.1445824534919730e-01
-2.1302592887136124e-01
-2.1128878983570745e-01
-2.0934206824243959e-01
-2.0723620745220953e-01
-2.0501867897900256e-01
-2.0273799308119900e-01
-2.0040284066748534e-01
-1.9800116138376506e-01
-1.9562351465139541e-01
-1.9325520352452386e-01
-1.9080199158952574e-01
-1.8840950670258760e-01
-1.8604290324634862e-01
-1.8368487747611723e-01
-1.8126824618457962e-01
-1.7893126553118721e-01
-1.7661211580072422e-01
-1.7431881485590581e-01
-1.7200991210340633e-01
-1.6969775030626022e-01
-1.6745964362029800e-01
-1.6522994605163410e-01
-1.6300120243851568e-01
-1.6080810944923418e-01
-1.5861372461804965e-01
-1.5641338711105091e-01
-1.5427146801747862e-01
-1.5215216788838637e-01
-1.5003599027776129e-01
-1.4792434872619298e-01
-1.4584917105307543e-01
-1.4378993188467212e-01
-1.4172639209107854e-01
-1.3968317608763237e-01
-1.3766720648681036e-01
-1.3564885304339711e-01
-1.3363546958514508e-01
-1.3165334944171209e-01
-1.2969389532912665e-01
-1.2773234546327228e-01
-1.2577443892695928e-01
-1.2383829010041238e-01
-1.2191712561608926e-01
-1.1999626556906505e-01
-1.1806827272634439e-01
-1.1616314360433205e-01
-1.1427369587410829e-01
-1.1238750402570781e-01
-1.1049845170280416e-01
-1.0861958107525779e-01
-1.0675232559042705e-01
-1.0488843399990781e-01
-1.0302545210342039e-01
-1.0115705391734015e-01
-9.9291158300904472e-02
-9.7415778716620910e-02
-9.5558781106070134e-02
-9.3701267120530299e-02
-9.1846921783858185e-02
-8.9987011903392145e-02
-8.8099038062639065e-02
-8.6224024740541694e-02
-8.4371018016518820e-02
-8.2621798286991122e-02
0.0000000000000000e+00
];
