%Vec Object:dSdr_b_aug 1 MPI processes
%  type: seq
dSdr_b_aug = [
0.0000000000000000e+00
0.0000000000000000e+00
7.7669521713897582e-01
0.0000000000000000e+00
-1.9583215596050415e-02
-8.0884803401464981e-03
-5.0230826403691291e-03
-3.5661214904858405e-03
-2.6759418011787933e-03
-2.1256027990681887e-03
-1.7525747456600949e-03
-1.4717721765979803e-03
-1.2632456956648483e-03
-1.1033891515250735e-03
-9.7319792094245519e-04
-8.6772069719019608e-04
-7.8124250908124127e-04
-7.0831278096865932e-04
-6.4598728441808359e-04
-5.9280745388628792e-04
-5.4691849218027535e-04
-8.1010393868067715e-03
-1.4894803673499073e+00
-1.5316181709428376e+00
-1.4498829333450109e+00
-1.3674710683239535e+00
-1.2759876355760205e+00
-1.1877043025317111e+00
-1.1030803954132824e+00
-1.0176227829328484e+00
-9.2995096056764348e-01
-8.3626790477754043e-01
-7.5383035749836458e-01
-6.7460678455029399e-01
-5.9982374550979400e-01
-5.2095763269509965e-01
-4.5681093254086180e-01
-4.0098117095671670e-01
-3.5214692392521030e-01
-3.0602737753059911e-01
-2.7109573698847678e-01
-2.4460170590067465e-01
-2.2368503035862583e-01
-2.0682405807528698e-01
-1.9631845943384546e-01
-1.8991393557862618e-01
-1.8641758570033781e-01
-1.8560008281587811e-01
-1.8664644071459841e-01
-1.8879425848533632e-01
-1.9189252735107262e-01
-1.9607113323263978e-01
-1.9974801943047840e-01
-2.0360238203268258e-01
-2.0752621007416314e-01
-2.1130212588878253e-01
-2.1446514883845860e-01
-2.1729556198124114e-01
-2.2001133856069044e-01
-2.2220032398864717e-01
-2.2399500755435012e-01
-2.2544075307004968e-01
-2.2673966519927047e-01
-2.2758969688657932e-01
-2.2809608874342885e-01
-2.2849758705294712e-01
-2.2868085085610290e-01
-2.2857878135961271e-01
-2.2834664146069047e-01
-2.2798825639143322e-01
-2.2743992684617623e-01
-2.2677110914992543e-01
-2.2606164465243114e-01
-2.2524078060998073e-01
-2.2434789865083685e-01
-2.2332532906966854e-01
-2.2231778349504291e-01
-2.2125203433320875e-01
-2.2009268129376328e-01
-2.1897481003077390e-01
-2.1783449894364634e-01
-2.1654365644114781e-01
-2.1534385812002696e-01
-2.1413787993616606e-01
-2.1281602942812108e-01
-2.1159150335495755e-01
-2.1037537978200499e-01
-2.0896288894187631e-01
-2.0773988093154500e-01
-2.0647725299185685e-01
-2.0510709866388666e-01
-2.0388673585194142e-01
-2.0259197784467908e-01
-2.0122957243480824e-01
-2.0000226418375186e-01
-1.9866504046341504e-01
-1.9737872846422433e-01
-1.9617313856495894e-01
-1.9477978074682670e-01
-1.9355439289673945e-01
-1.9232440080585492e-01
-1.9090903367824330e-01
-1.8977153395469984e-01
-1.8848023605276856e-01
-1.8716778819728402e-01
-1.8602925081257810e-01
-1.8463011406641400e-01
-1.8345564222625860e-01
-1.8226642505362242e-01
-1.8091818000329471e-01
-1.7980036966376878e-01
-1.7850117010051006e-01
-1.7726936729601278e-01
-1.7613982700026215e-01
-1.7480905283197110e-01
-1.7370045560003231e-01
-1.7244573878202135e-01
-1.7126005692268739e-01
-1.7008585078901445e-01
-1.6884167396813857e-01
-1.6774468345574889e-01
-1.6645410078987385e-01
-1.6537575937776819e-01
-1.6416560995543786e-01
-1.6297170079027945e-01
-1.6191255744953936e-01
-1.6060074542134553e-01
-1.5959216060268497e-01
-1.5833877096369670e-01
-1.5725479392455557e-01
-1.5610568457219598e-01
-1.5495107317835682e-01
-1.5384648027424555e-01
-1.5267912031643555e-01
-1.5163396292490111e-01
-1.5040147096685130e-01
-1.4941371650477941e-01
-1.4818330154652543e-01
-1.4715434110435968e-01
-1.4600659810514763e-01
-1.4491539274312412e-01
-1.4382799428285151e-01
-1.4272337886160774e-01
-1.4165246467088360e-01
-1.4054131359478267e-01
-1.3949360644308642e-01
-1.3834191402512516e-01
-1.3736563413445915e-01
-1.3616743547883545e-01
-1.3522308442546674e-01
-1.3403929054000172e-01
-1.3308178444044697e-01
-1.3191465821335396e-01
-1.3095881251467228e-01
-1.2977695465267175e-01
-1.2885782333563942e-01
-1.2766229013527397e-01
-1.2674753946086637e-01
-1.2557766118446573e-01
-1.2464344137027397e-01
-1.2349194231818642e-01
-1.2254779795218244e-01
-1.2139773872106058e-01
-1.2047317261297680e-01
-1.1932053373748672e-01
-1.1837876264649815e-01
-1.1728105200118089e-01
-1.1628507596264530e-01
-1.1524535924799242e-01
-1.1420954653450326e-01
-1.1318730369675874e-01
-1.1214442863352962e-01
-1.1114004613370793e-01
-1.1007413164564284e-01
-1.0911681722976768e-01
-1.0799579235597993e-01
-1.0707190521534528e-01
-1.0595067829467426e-01
-1.0499867408490654e-01
-1.0393499114099572e-01
-1.0291210447904582e-01
-1.0192538344618389e-01
-1.0083118302042104e-01
-9.9900375285137288e-02
-9.8767339978071605e-02
-9.7813053616683285e-02
-9.6755610357715127e-02
-9.5735849662434577e-02
-9.4732727902935368e-02
-9.3658006104747699e-02
-9.2706101938529600e-02
-9.1578475222733088e-02
-9.0608455523873005e-02
-8.9552577355317520e-02
-8.8509493544498330e-02
-8.7527563262319641e-02
-8.6405012169307516e-02
-8.5427794373935120e-02
-8.4386203708444421e-02
-8.3357799895073234e-02
-8.2461017886822405e-02
-8.1857808056029824e-02
0.0000000000000000e+00
];
