%Vec Object:dSdr_b_aug 1 MPI processes
%  type: seq
dSdr_b_aug = [
0.0000000000000000e+00
0.0000000000000000e+00
9.8948765709749242e-01
0.0000000000000000e+00
-1.1780613204149623e-02
-4.4332570193175288e-03
-2.6669573885329937e-03
-1.8569413702138346e-03
-1.3923561351583836e-03
-1.0917431064460632e-03
-8.8863184726533956e-04
-7.4139349808260567e-04
-6.3105186250918212e-04
-5.4589246140119316e-04
-4.7793743463142834e-04
-4.2309760897519405e-04
-3.7786954123906688e-04
-3.4002874600266636e-04
-3.0804720781390268e-04
-2.8062183923058151e-04
-2.5694972789345837e-04
-2.3633459461882503e-04
-2.1821220535550627e-04
-2.0221425232745807e-04
-1.8798444944829622e-04
-1.7525902493651708e-04
-1.6383316552438459e-04
-1.5351189787866012e-04
-1.4415860139013959e-04
-1.3565153236355350e-04
-1.2787561872775957e-04
-1.2075407386480794e-04
-1.1420968482904679e-04
-1.0817349049993045e-04
-1.0259638367946613e-04
-9.7428326449768886e-05
-9.2626072592136882e-05
-8.8156487238643042e-05
-8.3986138016405899e-05
-8.0086447984086383e-05
-7.6434470321192467e-05
-7.3007181065765477e-05
-6.9784809262234869e-05
-6.6751112867035052e-05
-6.3889840684468882e-05
-6.1186747535537018e-05
-5.8630122301241494e-05
-5.6208259152254060e-05
-5.3910518623276856e-05
-5.1728321197818969e-05
-4.9653091313328908e-05
-4.7676625615595294e-05
-4.5792550964752816e-05
-4.5195608151990006e-05
-4.5835145529726186e-05
-4.6495427586691912e-05
-4.7177476810885289e-05
-4.7882062634150247e-05
-4.8610358022967905e-05
-4.9363708330866260e-05
-5.0143286549894223e-05
-5.0950178801568290e-05
-5.1786119482812101e-05
-5.2652703629552135e-05
-5.3551660325204580e-05
-5.4486345113046017e-05
-5.5464784841599462e-05
-5.6512531949608837e-05
-5.7719725614437569e-05
-5.9407998123808338e-05
-6.2706941917639133e-05
-7.1613583012637469e-05
-1.0092800361842615e-04
-2.0564047189849114e-04
-5.6003254771286727e-04
-1.6492665094946250e-03
-4.7471092452769361e-03
-1.2714907737175400e-02
-2.9824199069237826e-02
-5.7119366604382979e-02
-8.7171268366258825e-02
-1.1093932616736753e-01
-1.2579401125457851e-01
-1.3375551330860494e-01
-1.3717991174546015e-01
-1.3777930536212671e-01
-1.3664056980620595e-01
-1.3444815948359654e-01
-1.3160694936983783e-01
-1.2835532278139794e-01
-1.2483917166959105e-01
-1.2113737580273592e-01
-1.1730479487603757e-01
-1.1336512815042332e-01
-1.0940318346456530e-01
-1.0539155496922827e-01
-1.0134031739870984e-01
-9.7243601005073746e-02
-9.3060072147210668e-02
-8.8869117540005010e-02
-8.4690565427032238e-02
-8.0613625159211152e-02
0.0000000000000000e+00
];
