%Vec Object:dSdr_b_aug 1 MPI processes
%  type: seq
dSdr_b_aug = [
0.0000000000000000e+00
0.0000000000000000e+00
7.7852353711894207e-01
0.0000000000000000e+00
-8.0728827306229337e-03
-3.5598653992361560e-03
-2.1256778392200102e-03
-1.4737355866985397e-03
-1.1067727427128400e-03
-8.7163303375997422e-04
-7.1262610991071709e-04
-5.9747088814106352e-04
-2.1066001194094295e-03
-1.5231808255623287e+00
-1.3524111139035089e+00
-1.1801136670458381e+00
-1.0008855788362425e+00
-8.2993664848790660e-01
-6.5877127724085460e-01
-5.1545455602144075e-01
-3.8980754913613203e-01
-3.0202826998437426e-01
-2.3938528517558397e-01
-2.0538129376947403e-01
-1.8886836651084532e-01
-1.8568139550611201e-01
-1.8948744948816193e-01
-1.9653688666699246e-01
-2.0449552262770501e-01
-2.1183223429182657e-01
-2.1783239229513954e-01
-2.2253302770201461e-01
-2.2558887327129951e-01
-2.2756288968588337e-01
-2.2833655226120553e-01
-2.2830522367286046e-01
-2.2759978477204890e-01
-2.2634400685684694e-01
-2.2471940093588286e-01
-2.2278262845147520e-01
-2.2063944499609606e-01
-2.1833264021813900e-01
-2.1591109973753064e-01
-2.1343181157663535e-01
-2.1089702986656833e-01
-2.0829229156452780e-01
-2.0571805214391256e-01
-2.0315531522372549e-01
-2.0050146782313022e-01
-1.9791570775953474e-01
-1.9535852109773261e-01
-1.9280937245506546e-01
-1.9019826773222839e-01
-1.8767449644128256e-01
-1.8516788921321142e-01
-1.8268895364002291e-01
-1.8019462989662713e-01
-1.7769535008743131e-01
-1.7527499965207521e-01
-1.7286395213030131e-01
-1.7045391599300039e-01
-1.6808077481554184e-01
-1.6570572085004340e-01
-1.6332517055017340e-01
-1.6100451808701408e-01
-1.5870752439659969e-01
-1.5641424840275231e-01
-1.5412505701863502e-01
-1.5187300746298887e-01
-1.4963731534988817e-01
-1.4739656090160372e-01
-1.4517680011128631e-01
-1.4298454213452649e-01
-1.4078874705527486e-01
-1.3859854558711102e-01
-1.3643923908798183e-01
-1.3430234548235628e-01
-1.3216318600673604e-01
-1.3002664604408401e-01
-1.2791148293558069e-01
-1.2581116316693239e-01
-1.2371041999694707e-01
-1.2160062480009082e-01
-1.1951307340927650e-01
-1.1744083363904453e-01
-1.1537085334301535e-01
-1.1329653053541155e-01
-1.1123121490529664e-01
-1.0917625575736464e-01
-1.0712356905127496e-01
-1.0507054975837636e-01
-1.0301023952371791e-01
-1.0094963187939444e-01
-9.8876708432936306e-02
-9.6822413935391247e-02
-9.4765756155580153e-02
-9.2710149299644329e-02
-9.0646567445125240e-02
-8.8550477163960695e-02
-8.6466201627364278e-02
-8.4403942813780983e-02
-8.2448799545517870e-02
0.0000000000000000e+00
];
