%Vec Object:dSdr_b_aug 1 MPI processes
%  type: seq
dSdr_b_aug = [
0.0000000000000000e+00
0.0000000000000000e+00
6.9195608382474094e-01
0.0000000000000000e+00
-7.1757376363115830e-03
-3.2288998718286092e-03
-1.9238459273429346e-03
-1.3324313269776334e-03
-2.1370560501085727e+00
-1.9190543999460574e+00
-1.7344275755052119e+00
-1.5661296890991350e+00
-1.4161685705708538e+00
-1.2691366407135305e+00
-1.1242584465186312e+00
-9.7762562111850482e-01
-8.2397794109474021e-01
-6.7655816731146112e-01
-5.2824841178153559e-01
-4.0361209823120903e-01
-2.9408164517340635e-01
-2.1752381206241414e-01
-1.6292878895572446e-01
-1.3351118651899391e-01
-1.1954734872955121e-01
-1.1735944037379006e-01
-1.2143550488636226e-01
-1.2842743766068948e-01
-1.3627663815173607e-01
-1.4361376101145132e-01
-1.4978107181221351e-01
-1.5484564390244202e-01
-1.5841348957408069e-01
-1.6106001174606993e-01
-1.6261816565969386e-01
-1.6344266531058843e-01
-1.6369652472325688e-01
-1.6341385234612249e-01
-1.6280733824247529e-01
-1.6192754108017385e-01
-1.6082454076821173e-01
-1.5958165016193512e-01
-1.5824026777383668e-01
-1.5681249539753475e-01
-1.5533466721327188e-01
-1.5380504140904486e-01
-1.5227167798761559e-01
-1.5073834428179633e-01
-1.4914677773842056e-01
-1.4758432888785220e-01
-1.4603620058945965e-01
-1.4449896763489270e-01
-1.4291751842352174e-01
-1.4138272514469089e-01
-1.3986862629709412e-01
-1.3837254768556062e-01
-1.3685994968602105e-01
-1.3535138053431064e-01
-1.3389593345264056e-01
-1.3244505687577987e-01
-1.3099488747683385e-01
-1.2957502463821005e-01
-1.2815653648235081e-01
-1.2673014188753301e-01
-1.2535588906814679e-01
-1.2399983222050978e-01
-1.2264440338728162e-01
-1.2129553947891539e-01
-1.1998035878885395e-01
-1.1867950770968820e-01
-1.1737790357093537e-01
-1.1609414659372383e-01
-1.1483711359049169e-01
-1.1358348889019398e-01
-1.1233337236363312e-01
-1.1111786039085818e-01
-1.0992865264655265e-01
-1.0874179380150989e-01
-1.0756838499990541e-01
-1.0642626245257464e-01
-1.0531130008637846e-01
-1.0421681150074592e-01
-1.0314864233932802e-01
-1.0214341249052662e-01
-1.0121135575318281e-01
-1.0037096257003095e-01
-9.9661380123638357e-02
-9.9160674143757760e-02
-9.8972796397064050e-02
-9.9246301288825819e-02
-1.0021995307487665e-01
-1.0225195753638365e-01
-1.0588540127332713e-01
-1.1187412585324251e-01
-1.2131833190859515e-01
-1.3578850795892597e-01
-1.5773180204429446e-01
-1.9133717783035656e-01
-2.4476948274320190e-01
-3.3663880446091221e-01
-5.2002184535972906e-01
-1.0283075705019626e+00
0.0000000000000000e+00
];
