%Vec Object:dSdr_b_aug 1 MPI processes
%  type: seq
dSdr_b_aug = [
0.0000000000000000e+00
0.0000000000000000e+00
7.6005568756428854e-01
0.0000000000000000e+00
-1.9038348125613915e-02
-7.8906434139630211e-03
-4.9257834695981212e-03
-3.5084865896665325e-03
-2.6335537723915017e-03
-2.0923892651709920e-03
-1.7255619886809544e-03
-1.4499775505727784e-03
-1.2452889442939768e-03
-1.0883440602651238e-03
-9.6057326775078795e-04
-8.5705309441878104e-04
-7.7216926314028155e-04
-7.0058117188105359e-04
-6.3944424192236514e-04
-1.7882687824136954e-02
-1.7113234648455242e+00
-1.6555846460948869e+00
-1.5665592882998949e+00
-1.4845505833432628e+00
-1.4042104190630094e+00
-1.3241537862685457e+00
-1.2352750042848903e+00
-1.1494352625097872e+00
-1.0671025191020982e+00
-9.8392856144527185e-01
-8.9855746415900073e-01
-8.0726776734523131e-01
-7.2692451231081323e-01
-6.4967979291252520e-01
-5.7673947267438175e-01
-4.9979597085219662e-01
-4.3720320343660041e-01
-3.8271677785255448e-01
-3.3505396069419685e-01
-2.9004267362536928e-01
-2.5595120052952020e-01
-2.3009803227996153e-01
-2.0970099477334114e-01
-1.9327123499609325e-01
-1.8305127466919011e-01
-1.7684335307851398e-01
-1.7348117794419743e-01
-1.7274495520713026e-01
-1.7383146492716264e-01
-1.7599681512792101e-01
-1.7909360642963912e-01
-1.8326174797255190e-01
-1.8693110415770947e-01
-1.9077370889586326e-01
-1.9469135786325936e-01
-1.9846917416919366e-01
-2.0164016151660491e-01
-2.0448824104125990e-01
-2.0723414371755058e-01
-2.0945772040110777e-01
-2.1129272109075126e-01
-2.1278952736276172e-01
-2.1414830837804064e-01
-2.1505924965696888e-01
-2.1563338648858030e-01
-2.1611626379744575e-01
-2.1637406914396148e-01
-2.1635114595321295e-01
-2.1620677858360193e-01
-2.1593890442359762e-01
-2.1547836524192845e-01
-2.1490231917694194e-01
-2.1429171479981551e-01
-2.1356218149109193e-01
-2.1276103286420348e-01
-2.1184719172272748e-01
-2.1093337249357974e-01
-2.0996078328284698e-01
-2.0891186032823825e-01
-2.0788723615372451e-01
-2.0683982047516636e-01
-2.0566212381671981e-01
-2.0455584239958949e-01
-2.0344440913508066e-01
-2.0223250633868842e-01
-2.0110098140861735e-01
-1.9997853048217401e-01
-1.9867700230341548e-01
-1.9754662141097956e-01
-1.9637886282422040e-01
-1.9511507902949574e-01
-1.9398580676967236e-01
-1.9278741110471259e-01
-1.9152885946094106e-01
-1.9039185848261753e-01
-1.8915369323121009e-01
-1.8796483296868691e-01
-1.8684800054604525e-01
-1.8555692066214780e-01
-1.8442508901786681e-01
-1.8328408711922634e-01
-1.8197291499068780e-01
-1.8092313573003277e-01
-1.7972412899214796e-01
-1.7850978218477578e-01
-1.7745777381066372e-01
-1.7615865975911030e-01
-1.7507374836891904e-01
-1.7397304646764694e-01
-1.7272299173642097e-01
-1.7169009734223831e-01
-1.7048735290449105e-01
-1.6934634453271377e-01
-1.6830215161341583e-01
-1.6707088888630028e-01
-1.6604448831228094e-01
-1.6488504194518877e-01
-1.6378756385491963e-01
-1.6270086706309644e-01
-1.6155133751024089e-01
-1.6053670529755548e-01
-1.5934256311884498e-01
-1.5834830429943245e-01
-1.5722766603837840e-01
-1.5612447026631313e-01
-1.5514915576187110e-01
-1.5393316529486620e-01
-1.5300499305583304e-01
-1.5184707719455778e-01
-1.5084466474899677e-01
-1.4978766176037445e-01
-1.4871996955193842e-01
-1.4770133316194614e-01
-1.4662581030316782e-01
-1.4566145954402648e-01
-1.4452553842226762e-01
-1.4361639063696599e-01
-1.4248173833057731e-01
-1.4153461924121660e-01
-1.4047770698447246e-01
-1.3947239233280539e-01
-1.3847234386007734e-01
-1.3745621459079990e-01
-1.3647000144803201e-01
-1.3545035055882249e-01
-1.3448571135811757e-01
-1.3342708671373821e-01
-1.3253283898236459e-01
-1.3142864993948672e-01
-1.3056554561667555e-01
-1.2947676674523348e-01
-1.2859843507929775e-01
-1.2752966095584775e-01
-1.2665229395297961e-01
-1.2556925238902553e-01
-1.2472827774759303e-01
-1.2363219235452276e-01
-1.2279616841807035e-01
-1.2172475634376674e-01
-1.2087019448723216e-01
-1.1981712704500147e-01
-1.1895452875907322e-01
-1.1790197574462537e-01
-1.1706075747577643e-01
-1.1600440666460050e-01
-1.1514747461210283e-01
-1.1414573871100728e-01
-1.1323623616762553e-01
-1.1229112142701635e-01
-1.1134490986616498e-01
-1.1041537103984761e-01
-1.0946553442506111e-01
-1.0855150861979840e-01
-1.0758230994322358e-01
-1.0671236791843071e-01
-1.0569298011684795e-01
-1.0485465866302952e-01
-1.0383529089164228e-01
-1.0297190324249100e-01
-1.0200707065669211e-01
-1.0107816772635320e-01
-1.0018647032815604e-01
-9.9191908365460713e-02
-9.8351556485645045e-02
-9.7324711572752506e-02
-9.6460666370823719e-02
-9.5506795399402516e-02
-9.4583113291592136e-02
-9.3678121750151555e-02
-9.2707045966598151e-02
-9.1848645031391160e-02
-9.0831042145778737e-02
-8.9956580044887144e-02
-8.9004393268957802e-02
-8.8064963980968788e-02
-8.7180597935666251e-02
-8.6170722186654877e-02
-8.5291564962843749e-02
-8.4355821177060281e-02
-8.3434449384168621e-02
-8.2633119073553335e-02
-8.2125996658550193e-02
0.0000000000000000e+00
];
