%Vec Object:dSdr_b_aug 1 MPI processes
%  type: seq
dSdr_b_aug = [
0.0000000000000000e+00
0.0000000000000000e+00
8.4026365531432168e-01
0.0000000000000000e+00
-2.2147201965251530e-02
-8.9906185753183768e-03
-5.4363918106032100e-03
-3.7999319654053159e-03
-2.8510546582478820e-03
-2.2657174195860499e-03
-1.8690428388807941e-03
-1.5672978050517458e-03
-1.3433688047890858e-03
-1.1718366568022225e-03
-1.0318418608414924e-03
-9.1841788707631078e-04
-8.2546161526259878e-04
-7.4706389284998282e-04
-6.8005878236935559e-04
-6.2290272109194651e-04
-5.7349331232675962e-04
-5.2989185575209364e-04
-4.9169919982676078e-04
-4.5802004346127495e-04
-4.2774233098488419e-04
-4.0067630863426060e-04
-3.7639515385724689e-04
-3.5436024808889997e-04
-3.3432221429991729e-04
-3.1611690064889316e-04
-3.0118309584737090e-04
-5.6365454970300276e-04
-2.7255162308108524e-02
-3.8639161473436234e-01
-6.1587999715815345e-01
-5.8180915043487613e-01
-5.2159019542551677e-01
-4.6314499115989965e-01
-4.1079129834753098e-01
-3.6101380033795938e-01
-3.2324179980465456e-01
-2.9456013896538641e-01
-2.7186151211341947e-01
-2.5351870475037486e-01
-2.4203083252396895e-01
-2.3494989189619481e-01
-2.3099177317596564e-01
-2.2989452252836545e-01
-2.3080271749759981e-01
-2.3289023702655115e-01
-2.3599366591117180e-01
-2.4020837027530137e-01
-2.4391122802070470e-01
-2.4780611950582340e-01
-2.5175124664614679e-01
-2.5552061807609228e-01
-2.5865620008005402e-01
-2.6142574087221526e-01
-2.6403771191192521e-01
-2.6610750582151232e-01
-2.6776326805122297e-01
-2.6903307282544886e-01
-2.7012569402038478e-01
-2.7076584883483112e-01
-2.7103881118368461e-01
-2.7115990128412693e-01
-2.7108631672392070e-01
-2.7071153228727463e-01
-2.7017695412405957e-01
-2.6950669519475839e-01
-2.6865586600240743e-01
-2.6766738474704971e-01
-2.6661727762343795e-01
-2.6548171497205031e-01
-2.6427274719535149e-01
-2.6287553181891793e-01
-2.6154503314858552e-01
-2.6015828253513729e-01
-2.5861842040442062e-01
-2.5717924747549559e-01
-2.5571884652111604e-01
-2.5403813729173486e-01
-2.5251610764779936e-01
-2.5098435592447077e-01
-2.4928365852704698e-01
-2.4773867832544369e-01
-2.4619978683740082e-01
-2.4440495193396894e-01
-2.4286277860509248e-01
-2.4127325929394564e-01
-2.3953658401616343e-01
-2.3800235045518886e-01
-2.3637555671406835e-01
-2.3465530239840210e-01
-2.3311682236714854e-01
-2.3143827290025784e-01
-2.2981617147420294e-01
-2.2830474994511005e-01
-2.2655897309798964e-01
-2.2501121866128593e-01
-2.2347459309251766e-01
-2.2170020132870047e-01
-2.2026044324061475e-01
-2.1865113782490936e-01
-2.1700066344914587e-01
-2.1556397328298460e-01
-2.1382018860325935e-01
-2.1233711855655199e-01
-2.1084290454616131e-01
-2.0915632537007886e-01
-2.0774592037823203e-01
-2.0611436563813565e-01
-2.0456971269016413e-01
-2.0314609115696433e-01
-2.0147243066805817e-01
-2.0008060861859661e-01
-1.9849761864552842e-01
-1.9700801327711007e-01
-1.9553227641865861e-01
-1.9396197373613464e-01
-1.9258120142713722e-01
-1.9095831400486460e-01
-1.8959024939823002e-01
-1.8807167157491286e-01
-1.8656519147775066e-01
-1.8521719930103550e-01
-1.8357521513368127e-01
-1.8228955285891810e-01
-1.8070718942887573e-01
-1.7934216545746678e-01
-1.7787568551088478e-01
-1.7642157697447891e-01
-1.7502080400391409e-01
-1.7353700126555802e-01
-1.7221340874820487e-01
-1.7064816298975410e-01
-1.6938955378920542e-01
-1.6782916979659970e-01
-1.6651820890806615e-01
-1.6505749074967413e-01
-1.6367033208902554e-01
-1.6228195210619037e-01
-1.6087244028847208e-01
-1.5950967202997987e-01
-1.5808323911414721e-01
-1.5674930506310222e-01
-1.5527692938834142e-01
-1.5401799163367652e-01
-1.5249586444309837e-01
-1.5127156188876331e-01
-1.4976037517424765e-01
-1.4853005809915534e-01
-1.4702404045731002e-01
-1.4579778110292244e-01
-1.4427543237357421e-01
-1.4308699700496630e-01
-1.4154879697163386e-01
-1.4036277800768143e-01
-1.3885361524025766e-01
-1.3764491846535737e-01
-1.3615425414796975e-01
-1.3492912695640832e-01
-1.3344309112393454e-01
-1.3223133391356839e-01
-1.3074691586821963e-01
-1.2951281550392615e-01
-1.2808440534908297e-01
-1.2679046825786561e-01
-1.2542478225059173e-01
-1.2408023160018891e-01
-1.2273855935770431e-01
-1.2137510257282233e-01
-1.2005937891734236e-01
-1.1866021175193643e-01
-1.1740183931847685e-01
-1.1593060475835379e-01
-1.1471188513032304e-01
-1.1323968352470784e-01
-1.1198233468083785e-01
-1.1057804470677754e-01
-1.0923132010130154e-01
-1.0791717814050693e-01
-1.0647965575805274e-01
-1.0523716680528807e-01
-1.0373823427248931e-01
-1.0247300727851964e-01
-1.0105868899877282e-01
-9.9707874962152540e-02
-9.8366631477687982e-02
-9.6934783446936651e-02
-9.5660703433552485e-02
-9.4153978326563942e-02
-9.2854709230700785e-02
-9.1441559652524651e-02
-9.0041338130211937e-02
-8.8723265631188375e-02
-8.7212522929375563e-02
-8.5897503566057826e-02
-8.4491352028074493e-02
-8.3094477430563932e-02
-8.1869706884110924e-02
-8.0940149957061919e-02
0.0000000000000000e+00
];
