%Vec Object:dSdr_b_aug 1 MPI processes
%  type: seq
dSdr_b_aug = [
0.0000000000000000e+00
0.0000000000000000e+00
6.6926605399928607e-01
0.0000000000000000e+00
-7.0098365982279058e-03
-3.1402261275993624e-03
-1.8693961113235994e-03
-2.2415490927105162e+00
-1.9998802462485084e+00
-1.7957119450126660e+00
-1.6230609376424447e+00
-1.4655035210191816e+00
-1.3250195780960843e+00
-1.1870258095497634e+00
-1.0506624708796037e+00
-9.1230840421220127e-01
-7.6691227727942290e-01
-6.2708237869111660e-01
-4.8614523322464825e-01
-3.6753471951624139e-01
-2.6320303636070924e-01
-1.9026494258995472e-01
-1.3826597885749403e-01
-1.1032782458901420e-01
-9.7186254722319426e-02
-9.5320614081895919e-02
-9.9483772404818593e-02
-1.0645715174762554e-01
-1.1427104811683583e-01
-1.2160830129160149e-01
-1.2782952934455569e-01
-1.3301149628526004e-01
-1.3674459096579464e-01
-1.3960820191712944e-01
-1.4141961401075884e-01
-1.4252044528681670e-01
-1.4308409543059172e-01
-1.4311577832095423e-01
-1.4283827486810546e-01
-1.4230021643217239e-01
-1.4153377734670142e-01
-1.4063540568513155e-01
-1.3964415982816533e-01
-1.3855775745262314e-01
-1.3742363573273830e-01
-1.3624428221138560e-01
-1.3505100611476836e-01
-1.3385508471358484e-01
-1.3261275842150361e-01
-1.3138841338100687e-01
-1.3017546279421099e-01
-1.2897623288696117e-01
-1.2774072952269855e-01
-1.2654880843528504e-01
-1.2539615902756582e-01
-1.2427441457892066e-01
-1.2315756748022097e-01
-1.2207687019138426e-01
-1.2107981587312694e-01
-1.2013741466550548e-01
-1.1926333353153183e-01
-1.1850515947305840e-01
-1.1786273518178463e-01
-1.1735619414568356e-01
-1.1707918908747914e-01
-1.1704150857026745e-01
-1.1727510497349458e-01
-1.1783941873294951e-01
-1.1881110834545248e-01
-1.2022437709184558e-01
-1.2211382621685904e-01
-1.2453192760271092e-01
-1.2751150189740076e-01
-1.3104639495251227e-01
-1.3513172219747036e-01
-1.3977786611804491e-01
-1.4494823687849984e-01
-1.5058823190413456e-01
-1.5666729312235761e-01
-1.6315496519824019e-01
-1.7000733211480110e-01
-1.7718482026615215e-01
-1.8466390442175978e-01
-1.9245190834476911e-01
-2.0054730367209722e-01
-2.0897284692826726e-01
-2.1777362861312874e-01
-2.2704078815018294e-01
-2.3688939659570699e-01
-2.4747991240787620e-01
-2.5904223203006427e-01
-2.7189189066961411e-01
-2.8648984136101763e-01
-3.0347629146655170e-01
-3.2382025366896128e-01
-3.4899770036298683e-01
-3.8141316242594253e-01
-4.2526791975685901e-01
-4.8868685606758627e-01
-5.8981174906404599e-01
-7.7976202842449993e-01
-1.2849240445889232e+00
0.0000000000000000e+00
];
