%Vec Object:dSdr_b_aug 1 MPI processes
%  type: seq
dSdr_b_aug = [
0.0000000000000000e+00
0.0000000000000000e+00
9.8937898026096616e-01
0.0000000000000000e+00
-3.1241701543324604e-02
-1.1861564138679863e-02
-6.6167484062686823e-03
-4.4609221495353693e-03
-3.3575384411077989e-03
-2.6824697801068817e-03
-2.2267260908861546e-03
-1.8687437602803341e-03
-1.6035734526915371e-03
-1.4009556525688294e-03
-1.2341172913327917e-03
-1.0988152956687828e-03
-9.8802808833950450e-04
-8.9451359153147158e-04
-8.1449683135944142e-04
-7.4627697059969776e-04
-6.8732522052960068e-04
-6.3528340913246559e-04
-5.8971463231184023e-04
-5.4954777283722331e-04
-5.1344601026149096e-04
-4.8118328642865764e-04
-4.5225000271694002e-04
-4.2600491820160802e-04
-4.0214645713550494e-04
-3.8046865125181985e-04
-3.6064260646379243e-04
-3.4239335131096662e-04
-3.2564124977447817e-04
-3.1020965256422942e-04
-2.9586974344271259e-04
-2.8259711285862061e-04
-2.7028394662638938e-04
-2.5877528433269388e-04
-2.4804123362943151e-04
-2.3801900014812024e-04
-2.2861322172504177e-04
-2.1978157418548833e-04
-2.1149088913024021e-04
-2.0368087798403896e-04
-1.9630741425862876e-04
-1.8935356179230041e-04
-1.8278036567104161e-04
-1.7654632374368553e-04
-1.7064353663373986e-04
-1.6504635149305270e-04
-1.5971757658508331e-04
-1.5465432974478681e-04
-1.4983843384972824e-04
-1.4524039150376657e-04
-1.4085706112634564e-04
-1.3667551120361717e-04
-1.3267450194745335e-04
-1.2884856826724992e-04
-1.2518912131631422e-04
-1.2168058322720153e-04
-1.1831658058366361e-04
-1.1509134329368150e-04
-1.1199324094364173e-04
-1.0901577877083463e-04
-1.0615503247953619e-04
-1.0340216816360301e-04
-1.0075098759212059e-04
-9.8198784821770896e-05
-9.5738736126217447e-05
-9.3365145821249794e-05
-9.1076116246785859e-05
-8.8866284056223990e-05
-8.6730549050335922e-05
-8.4667546794831900e-05
-8.2672987642658165e-05
-8.0742388252164095e-05
-7.8874734342141692e-05
-7.7066534738659721e-05
-7.5313904474278191e-05
-7.3616057083796696e-05
-7.1970101814347335e-05
-7.0372712693474748e-05
-6.8823249208135412e-05
-6.7319277061482288e-05
-6.5857980287354888e-05
-6.4438809630086859e-05
-6.3059681609438440e-05
-6.1718238297443106e-05
-6.0413985337900464e-05
-5.9145111859477759e-05
-5.7909666815648302e-05
-5.6707186810828076e-05
-5.5536075191971632e-05
-5.4394739507391305e-05
-5.3282731806144982e-05
-5.2198625702250880e-05
-5.1141142930197514e-05
-5.0109841174554373e-05
-4.9103430970758742e-05
-4.8120908085705576e-05
-4.7161829882809117e-05
-4.6225018687581693e-05
-4.5309707673702552e-05
-4.5014643506943634e-05
-4.5327360962801900e-05
-4.5644969710641733e-05
-4.5967812255035424e-05
-4.6295601700242748e-05
-4.6628692405403082e-05
-4.6967365451764492e-05
-4.7311300573551578e-05
-4.7660980453904799e-05
-4.8016626103939103e-05
-4.8377882153117083e-05
-4.8745363725198582e-05
-4.9119173103813884e-05
-4.9499098214990646e-05
-4.9885711323392171e-05
-5.0279044959991572e-05
-5.0679066839502595e-05
-5.1086275489562286e-05
-5.1500649090137791e-05
-5.1922343421722865e-05
-5.2351799281356542e-05
-5.2788972942141705e-05
-5.3234261618569885e-05
-5.3688170183528346e-05
-5.4150872403082638e-05
-5.4623467270214338e-05
-5.5107435088946709e-05
-5.5604994945333212e-05
-5.6121364368035215e-05
-5.6665476088843493e-05
-5.7254286771491520e-05
-5.7920481156624317e-05
-5.8723619513411965e-05
-5.9778553670566171e-05
-6.1292446035022931e-05
-6.3665357161863393e-05
-6.7631675681518023e-05
-7.4627576489263582e-05
-8.7409573741410856e-05
-1.1142542403454795e-04
-1.5691443539322825e-04
-2.4213714408135174e-04
-3.9785441571774842e-04
-6.7437754387308360e-04
-1.1566775869999585e-03
-1.9781961371795180e-03
-3.3612265776350151e-03
-5.6231510983715555e-03
-9.2447913492425763e-03
-1.4768293224178579e-02
-2.2819731465367657e-02
-3.3616425143749941e-02
-4.7057914342756288e-02
-6.1971928529600789e-02
-7.7304862393802784e-02
-9.1382582531351758e-02
-1.0379705588239754e-01
-1.1367636270691062e-01
-1.2159995823280936e-01
-1.2731717107981613e-01
-1.3171312731752077e-01
-1.3449730652528943e-01
-1.3651903819945052e-01
-1.3748054396607362e-01
-1.3797439578115603e-01
-1.3785001889030415e-01
-1.3737891772405555e-01
-1.3658503855694942e-01
-1.3552333199863453e-01
-1.3433747701944124e-01
-1.3287771185311334e-01
-1.3150062133713694e-01
-1.2972606693389743e-01
-1.2823352048759834e-01
-1.2632346245888754e-01
-1.2466735883909458e-01
-1.2276028045855732e-01
-1.2091250724432250e-01
-1.1906653191634305e-01
-1.1704733958001823e-01
-1.1526833104502435e-01
-1.1311589899140309e-01
-1.1129289492058347e-01
-1.0922375571995381e-01
-1.0726124249944878e-01
-1.0528910151599992e-01
-1.0318496057074492e-01
-1.0130257635637968e-01
-9.9074110979017749e-02
-9.7147167254004491e-02
-9.5049854100937609e-02
-9.2963835894265254e-02
-9.0999121479051967e-02
-8.8739162651887180e-02
-8.6771190146500865e-02
-8.4658083768290496e-02
-8.2542949967679594e-02
-8.0667946574569979e-02
-7.9025476729157121e-02
0.0000000000000000e+00
];
