%Vec Object:dSdr_b_aug 1 MPI processes
%  type: seq
dSdr_b_aug = [
0.0000000000000000e+00
0.0000000000000000e+00
6.8569397449909952e-01
0.0000000000000000e+00
-7.1260537111477893e-03
-3.2033833011400419e-03
-1.9078446955101385e-03
-2.8663445414313119e-03
-2.0684746529154294e+00
-1.8573718902829175e+00
-1.6787340592666258e+00
-1.5158073949686162e+00
-1.3705857317364663e+00
-1.2280737098785046e+00
-1.0874537233007930e+00
-9.4496103596199732e-01
-7.9543988918188779e-01
-6.5181574933041797e-01
-5.0719297578000555e-01
-3.8557011576978445e-01
-2.7863952592857133e-01
-2.0389189580693889e-01
-1.5059514166967852e-01
-1.2191739924391844e-01
-1.0836477027231070e-01
-1.0633802414980398e-01
-1.1045764214933353e-01
-1.1744029509380330e-01
-1.2527183899358751e-01
-1.3260902590422899e-01
-1.3880329932628938e-01
-1.4392657880112983e-01
-1.4757701715938903e-01
-1.5033202436611759e-01
-1.5201672856021653e-01
-1.5297928640486153e-01
-1.5338789550245263e-01
-1.5326220021489598e-01
-1.5281992027737801e-01
-1.5211062987153426e-01
-1.5117542750817045e-01
-1.5010416308739827e-01
-1.4893702732448250e-01
-1.4767888113234012e-01
-1.4637155635332491e-01
-1.4501536331371548e-01
-1.4364990977369069e-01
-1.4228263522099358e-01
-1.4086244723354013e-01
-1.3946513258562049e-01
-1.3807985362482300e-01
-1.3670594889369272e-01
-1.3529071225306713e-01
-1.3391564319356594e-01
-1.3256197705863129e-01
-1.3122493164610563e-01
-1.2987141429274468e-01
-1.2852370759203288e-01
-1.2722543696846531e-01
-1.2593165867134679e-01
-1.2463951533276528e-01
-1.2337799908194902e-01
-1.2212034798803792e-01
-1.2085716012252228e-01
-1.1964863253271323e-01
-1.1846276580886270e-01
-1.1728448283144756e-01
-1.1612349801810735e-01
-1.1500987812836297e-01
-1.1392990311757217e-01
-1.1287687022791203e-01
-1.1187806823053366e-01
-1.1095603371212726e-01
-1.1010671831631286e-01
-1.0935265179822673e-01
-1.0875684887097949e-01
-1.0835153030930397e-01
-1.0816522838708809e-01
-1.0827487643038503e-01
-1.0877632989134869e-01
-1.0975830334963732e-01
-1.1131991182783146e-01
-1.1357985308022046e-01
-1.1668331889888441e-01
-1.2074375780279649e-01
-1.2586947917836908e-01
-1.3216414989616251e-01
-1.3973963950125767e-01
-1.4869830914254484e-01
-1.5915056376878595e-01
-1.7124852919049852e-01
-1.8520725087910472e-01
-2.0136720969889962e-01
-2.2023726228070134e-01
-2.4265419388676990e-01
-2.6997117209377836e-01
-3.0450099766318789e-01
-3.5041118256295195e-01
-4.1590016872366836e-01
-5.1938287151749951e-01
-7.1258277439460316e-01
-1.2230306145041767e+00
0.0000000000000000e+00
];
