%Vec Object:dSdr_b_aug 1 MPI processes
%  type: seq
dSdr_b_aug = [
0.0000000000000000e+00
0.0000000000000000e+00
6.6238542968102854e-01
0.0000000000000000e+00
-6.9594071028607450e-03
-3.1056846077948583e-03
-1.6846505829038728e-02
-2.1529781062738049e+00
-1.9207282135674693e+00
-1.7245616844362783e+00
-1.5588189340614438e+00
-1.4074571589395668e+00
-1.2724401354480439e+00
-1.1396600427791190e+00
-1.0082085112020509e+00
-8.7463005948840300e-01
-7.3399385438811382e-01
-5.9854218781764779e-01
-4.6185884940062188e-01
-3.4672946455483955e-01
-2.4541041557708335e-01
-1.7458611043909752e-01
-1.2412350240847878e-01
-9.7080463714163123e-02
-8.4446913837041213e-02
-8.2784538015152814e-02
-8.7005956687415134e-02
-9.3975538328612884e-02
-1.0178062131394719e-01
-1.0913685954581259e-01
-1.1541769537249151e-01
-1.2070624767299327e-01
-1.2458695227966160e-01
-1.2764245091265980e-01
-1.2968457859252855e-01
-1.3105031285857005e-01
-1.3192143865130387e-01
-1.3229094424448673e-01
-1.3239037397263445e-01
-1.3227028056007231e-01
-1.3195663354284803e-01
-1.3155590141306350e-01
-1.3110738082857903e-01
-1.3060319043602220e-01
-1.3009764716284586e-01
-1.2959474336144372e-01
-1.2911551312961828e-01
-1.2867244552451357e-01
-1.2822682200857982e-01
-1.2782471641852419e-01
-1.2745826408511116e-01
-1.2712343449076491e-01
-1.2676980702417776e-01
-1.2710317433447962e-01
-1.2840073531742502e-01
-1.3011281280869849e-01
-1.3223120875821720e-01
-1.3478135720755258e-01
-1.3778138677896307e-01
-1.4117814130566034e-01
-1.4493584206120097e-01
-1.4903316317936635e-01
-1.5340723114837476e-01
-1.5799969236897521e-01
-1.6280025958936681e-01
-1.6773453559175514e-01
-1.7274699471511701e-01
-1.7780232257401665e-01
-1.8287981207059381e-01
-1.8794155587348060e-01
-1.9295495798248427e-01
-1.9791438000865832e-01
-2.0281422763985654e-01
-2.0763936652853499e-01
-2.1238772689181229e-01
-2.1708816739468234e-01
-2.2174456217383676e-01
-2.2635845331293442e-01
-2.3095990571182889e-01
-2.3558413917356438e-01
-2.4025885677463824e-01
-2.4501537799228643e-01
-2.4989688780719646e-01
-2.5497298476111124e-01
-2.6029952680796936e-01
-2.6595180859098733e-01
-2.7201760932250185e-01
-2.7862587387244814e-01
-2.8592062049082401e-01
-2.9408650737346909e-01
-3.0337033141381620e-01
-3.1409774670349061e-01
-3.2673510079643625e-01
-3.4192140075631028e-01
-3.6061724165969733e-01
-3.8428208231133859e-01
-4.1529235800159037e-01
-4.5780670378209837e-01
-5.1988928532679402e-01
-6.1959702378784309e-01
-8.0795573457126424e-01
-1.3113120687860127e+00
0.0000000000000000e+00
];
