%Vec Object:dSdr_b_aug 1 MPI processes
%  type: seq
dSdr_b_aug = [
0.0000000000000000e+00
0.0000000000000000e+00
7.4399006900152831e-01
0.0000000000000000e+00
-1.8550678257127515e-02
-7.7067177637482167e-03
-4.8284204359209659e-03
-3.4463175949304135e-03
-2.5864231974666910e-03
-2.0543581723939082e-03
-1.6936955660646739e-03
-1.4232626029230513e-03
-1.2223746002329725e-03
-1.0683190511244073e-03
-9.4296430831020963e-04
-8.4140456205864509e-04
-7.5812243593545740e-04
-3.4024143915317739e-03
-1.8136886038468010e+00
-1.7752868248179465e+00
-1.6893281722728295e+00
-1.6057688460720534e+00
-1.5192088250712081e+00
-1.4395686492877273e+00
-1.3614966625195901e+00
-1.2836547746294060e+00
-1.1972114068925643e+00
-1.1136562653940463e+00
-1.0334656068231403e+00
-9.5242671340374618e-01
-8.6920664013515980e-01
-7.8015457512736353e-01
-7.0176934441113636e-01
-6.2637472165694852e-01
-5.5515722099887332e-01
-4.8001123238864812e-01
-4.1887128783460159e-01
-3.6564079034110009e-01
-3.1907318067298862e-01
-2.7509804089014595e-01
-2.4179206730831884e-01
-2.1653806228233050e-01
-1.9662685106071798e-01
-1.8060024572529126e-01
-1.7064733786945202e-01
-1.6462322610206609e-01
-1.6138649530988614e-01
-1.6072626407235135e-01
-1.6185031309974551e-01
-1.6403205501763912e-01
-1.6712746498959138e-01
-1.7128582318618304e-01
-1.7494813941504520e-01
-1.7877975153929904e-01
-1.8269162383253390e-01
-1.8647121729216889e-01
-1.8964965111345775e-01
-1.9251424779909695e-01
-1.9528831661415499e-01
-1.9754423404130825e-01
-1.9941692876174780e-01
-2.0096147362327668e-01
-2.0237622822771439e-01
-2.0334411607483144e-01
-2.0398159008331365e-01
-2.0454055145917679e-01
-2.0486804830155289e-01
-2.0491912174275978e-01
-2.0485681593828381e-01
-2.0467356353883759e-01
-2.0429510258099562e-01
-2.0380579188546114e-01
-2.0328761520305769e-01
-2.0264347011254985e-01
-2.0192808610145210e-01
-2.0111589885763254e-01
-2.0028970757157755e-01
-1.9940421675705078e-01
-1.9845853861426482e-01
-1.9752109429929104e-01
-1.9656052967924442e-01
-1.9548861687397787e-01
-1.9446976756903364e-01
-1.9344672753689807e-01
-1.9233761854765838e-01
-1.9129304351837106e-01
-1.9025817030218609e-01
-1.8906038483426724e-01
-1.8801660414890375e-01
-1.8693754210682265e-01
-1.8577320768563055e-01
-1.8472909904338833e-01
-1.8362079576251042e-01
-1.8245934047827822e-01
-1.8140677079821593e-01
-1.8026121862444314e-01
-1.7916346925190355e-01
-1.7812961916754233e-01
-1.7693416234095963e-01
-1.7588979952129957e-01
-1.7483199753207831e-01
-1.7361824078313670e-01
-1.7265047431784147e-01
-1.7153775362253298e-01
-1.7041512465819772e-01
-1.6944401504660564e-01
-1.6823841544466728e-01
-1.6723723700785598e-01
-1.6621929088499865e-01
-1.6506103745049230e-01
-1.6410753370489092e-01
-1.6299496827073831e-01
-1.6193884653382346e-01
-1.6097444761534244e-01
-1.5983622133766079e-01
-1.5888666905025084e-01
-1.5781629408584769e-01
-1.5680128052308070e-01
-1.5579639901374046e-01
-1.5473535822273773e-01
-1.5379772540915781e-01
-1.5269374852594972e-01
-1.5177810119882737e-01
-1.5074114977281408e-01
-1.4972276483865890e-01
-1.4882582457326107e-01
-1.4769942073005116e-01
-1.4684642875260703e-01
-1.4577777435441591e-01
-1.4485161921687495e-01
-1.4388072937910665e-01
-1.4289430065405700e-01
-1.4195602770917423e-01
-1.4096636624255229e-01
-1.4007756412624214e-01
-1.3903193011213397e-01
-1.3819627414741290e-01
-1.3715115333878050e-01
-1.3628055026379074e-01
-1.3530855848835469e-01
-1.3438354571338126e-01
-1.3346516343614079e-01
-1.3253176259094390e-01
-1.3162473904675198e-01
-1.3069063448529250e-01
-1.2980365802814706e-01
-1.2883204527923894e-01
-1.2801449187640626e-01
-1.2699819526084072e-01
-1.2621105092105889e-01
-1.2521110443409289e-01
-1.2440679526369541e-01
-1.2342997345077286e-01
-1.2262597844383293e-01
-1.2163532314503187e-01
-1.2086741939675133e-01
-1.1986431064659164e-01
-1.1910189053051939e-01
-1.1812253731851843e-01
-1.1734244985846431e-01
-1.1638140888168330e-01
-1.1559505019979052e-01
-1.1463365840334948e-01
-1.1387036419157928e-01
-1.1290403562692623e-01
-1.1212642171494852e-01
-1.1121441503353281e-01
-1.1038575862783942e-01
-1.0952908954369076e-01
-1.0866664813569014e-01
-1.0782378035156660e-01
-1.0696092736579763e-01
-1.0613137783349758e-01
-1.0525260066203226e-01
-1.0446434455222545e-01
-1.0353997902739932e-01
-1.0278165403372913e-01
-1.0185751580646706e-01
-1.0107697656314106e-01
-1.0020456002594857e-01
-9.9363522871124099e-02
-9.8560663132985560e-02
-9.7659252932038823e-02
-9.6903467195363052e-02
-9.5975898492230344e-02
-9.5196217277090642e-02
-9.4339173010239169e-02
-9.3505310258094027e-02
-9.2692054626401954e-02
-9.1817869545880670e-02
-9.1046873743661286e-02
-9.0132117779884627e-02
-8.9346972338300773e-02
-8.8491698939662855e-02
-8.7649136735563779e-02
-8.6855924918225011e-02
-8.5951298991225125e-02
-8.5163668060807635e-02
-8.4326604730291813e-02
-8.3504705974892235e-02
-8.2790943835216485e-02
-8.2364812620392441e-02
0.0000000000000000e+00
];
