%Vec Object:dSdr_b_aug 1 MPI processes
%  type: seq
dSdr_b_aug = [
0.0000000000000000e+00
0.0000000000000000e+00
7.0790598265851412e-01
0.0000000000000000e+00
-7.3081094296016573e-03
-3.2897660578831466e-03
-1.9608546259367622e-03
-1.3583426461988525e-03
-1.1836324025432004e-03
-1.9776868110430899e+00
-1.7873672887209087e+00
-1.6139637716448365e+00
-1.4594975305967341e+00
-1.3081691809203788e+00
-1.1592433297641891e+00
-1.0086750801694140e+00
-8.5110490921676707e-01
-7.0007718267153851e-01
-5.4826275490068077e-01
-4.2076199420626520e-01
-3.0876023462623486e-01
-2.3048170911881449e-01
-1.7465261436487184e-01
-1.4453173631662342e-01
-1.3017702168199433e-01
-1.2783591726876009e-01
-1.3187057842680128e-01
-1.3887132883825995e-01
-1.4673730995759870e-01
-1.5407436952140108e-01
-1.6021604892031058e-01
-1.6522481484273044e-01
-1.6871415037084547e-01
-1.7125755052933017e-01
-1.7269541061666904e-01
-1.7338867767962160e-01
-1.7349543844822918e-01
-1.7306355024538350e-01
-1.7230092214370737e-01
-1.7125904860703084e-01
-1.6999654683688531e-01
-1.6859051587009477e-01
-1.6708350228868260e-01
-1.6549449072767977e-01
-1.6385458954144450e-01
-1.6216010624747546e-01
-1.6046713515456026e-01
-1.5877595301373276e-01
-1.5702149659017017e-01
-1.5530213345580077e-01
-1.5359927640374224e-01
-1.5190687655575719e-01
-1.5016754023444251e-01
-1.4848109752607536e-01
-1.4681480812887260e-01
-1.4516801894704556e-01
-1.4350488387545679e-01
-1.4184439994805945e-01
-1.4024099541923896e-01
-1.3864288711135003e-01
-1.3704553268326006e-01
-1.3547949513890875e-01
-1.3391432824578484e-01
-1.3234161927548985e-01
-1.3082217620673051e-01
-1.2932173062939906e-01
-1.2782233460043371e-01
-1.2632904674577008e-01
-1.2486986149143181e-01
-1.2342515550354755e-01
-1.2197880148052331e-01
-1.2055043803069489e-01
-1.1914842767938244e-01
-1.1774804961137467e-01
-1.1635046921390083e-01
-1.1498543450630798e-01
-1.1364394688474080e-01
-1.1230095532471844e-01
-1.1096527883288820e-01
-1.0965281746113925e-01
-1.0835596176179840e-01
-1.0706214530570811e-01
-1.0576818872537484e-01
-1.0449973356692384e-01
-1.0324899735989483e-01
-1.0200617507342762e-01
-1.0076755875283386e-01
-9.9546314168011379e-02
-9.8346199527211450e-02
-9.7161928986419857e-02
-9.5997942079106877e-02
-9.4861933783718419e-02
-9.3787831045164943e-02
-9.2809877814307329e-02
-9.2043530369678633e-02
-9.1700950437905160e-02
-9.2332060383791326e-02
-9.5354563962284006e-02
-1.0468171832227993e-01
-1.3159915801373862e-01
-2.1345448662710975e-01
-5.4912801523472621e-01
0.0000000000000000e+00
];
