%Vec Object:dSdr_b_aug 1 MPI processes
%  type: seq
dSdr_b_aug = [
0.0000000000000000e+00
0.0000000000000000e+00
6.8257658871006155e-01
0.0000000000000000e+00
-1.7095435666550553e-02
-7.1125515977996049e-03
-4.4625848856918717e-03
-3.1818600752349666e-03
-2.3808306081574363e-03
-1.8847067005210291e-03
-1.5484716972792285e-03
-2.2591334591755016e-01
-2.1972784696423182e+00
-2.0734490197196211e+00
-1.9665212505846243e+00
-1.8693910790832362e+00
-1.7747022053793631e+00
-1.6814597111901963e+00
-1.6026361508618372e+00
-1.5258431571881588e+00
-1.4518972501264218e+00
-1.3797124755799455e+00
-1.3049810935753354e+00
-1.2360615705046092e+00
-1.1682513154602958e+00
-1.1004293683039050e+00
-1.0250042923770133e+00
-9.5178513055166369e-01
-8.8128568375593463e-01
-8.0990623970749909e-01
-7.3641781935679751e-01
-6.5748923047218055e-01
-5.8796247741104923e-01
-5.2093804748460870e-01
-4.5751491432705987e-01
-3.9050122297897671e-01
-3.3593413125076621e-01
-2.8838569867266528e-01
-2.4677302271105384e-01
-2.0748561742804653e-01
-1.7773339875264788e-01
-1.5519012677008806e-01
-1.3747689017022741e-01
-1.2327423589448042e-01
-1.1452952604575439e-01
-1.0933700523149541e-01
-1.0666780767435315e-01
-1.0635137448774010e-01
-1.0764525590411192e-01
-1.0990115428019166e-01
-1.1299031200159296e-01
-1.1710440562842597e-01
-1.2073486935155280e-01
-1.2451674659284541e-01
-1.2840248214689828e-01
-1.3219011408752718e-01
-1.3540223574813820e-01
-1.3834155797852291e-01
-1.4124305472796578e-01
-1.4364528696065465e-01
-1.4568851590723131e-01
-1.4744903863786246e-01
-1.4911702792736894e-01
-1.5034255246774286e-01
-1.5126657561277038e-01
-1.5216975559347781e-01
-1.5281254984290871e-01
-1.5319839799994109e-01
-1.5350735428128620e-01
-1.5370694682323630e-01
-1.5369982338718391e-01
-1.5360292007506132e-01
-1.5350290398831215e-01
-1.5324507154141129e-01
-1.5291770309150157e-01
-1.5256541764682854e-01
-1.5213567200411701e-01
-1.5164423108633454e-01
-1.5116565238962038e-01
-1.5062262654228203e-01
-1.5005499284629020e-01
-1.4946166665561086e-01
-1.4883837708239292e-01
-1.4821524510307857e-01
-1.4757119520048420e-01
-1.4691999832578337e-01
-1.4628134360131248e-01
-1.4555291026764136e-01
-1.4490092567436405e-01
-1.4422314397141983e-01
-1.4350873780854315e-01
-1.4284992585674233e-01
-1.4214921798735544e-01
-1.4142704548790255e-01
-1.4075646251134208e-01
-1.4002993373438000e-01
-1.3934441429514274e-01
-1.3868602202687802e-01
-1.3792321565907878e-01
-1.3727461570566574e-01
-1.3659326749296566e-01
-1.3582028310451605e-01
-1.3522360969164399e-01
-1.3450133757165553e-01
-1.3379376475441024e-01
-1.3318878699182024e-01
-1.3240642481046100e-01
-1.3178426427598078e-01
-1.3114095702874370e-01
-1.3039831796390444e-01
-1.2980433929448240e-01
-1.2910018212261257e-01
-1.2842861277339945e-01
-1.2782582874340476e-01
-1.2710925844541285e-01
-1.2650827079349414e-01
-1.2584194169142404e-01
-1.2520129795287735e-01
-1.2456810259913302e-01
-1.2390924724162383e-01
-1.2332217559552638e-01
-1.2262876615269717e-01
-1.2207190917702272e-01
-1.2141732829490655e-01
-1.2078711421160315e-01
-1.2025004760286438e-01
-1.1953530203060120e-01
-1.1902990632792486e-01
-1.1837401313823365e-01
-1.1780340798746258e-01
-1.1723458445405102e-01
-1.1663061491278827e-01
-1.1607337564047639e-01
-1.1549282599140484e-01
-1.1497013495156266e-01
-1.1436179068661428e-01
-1.1389235397321361e-01
-1.1329228363887602e-01
-1.1281463925476418e-01
-1.1228201206027473e-01
-1.1178508482334203e-01
-1.1131207661014453e-01
-1.1084213035907720e-01
-1.1039773576284602e-01
-1.0997286911743206e-01
-1.0958009303895604e-01
-1.0916947364085175e-01
-1.0889302065067494e-01
-1.0850274288283582e-01
-1.0832242574185975e-01
-1.0803333197963005e-01
-1.0792005128452886e-01
-1.0777420826404417e-01
-1.0778005770831296e-01
-1.0776259978373844e-01
-1.0796020226802484e-01
-1.0811419543839265e-01
-1.0852167599964441e-01
-1.0892364167411125e-01
-1.0957290971854121e-01
-1.1027647401870408e-01
-1.1124012055251360e-01
-1.1228609109528941e-01
-1.1365276385486861e-01
-1.1510091044901019e-01
-1.1689959620471735e-01
-1.1886830012779338e-01
-1.2113194466676740e-01
-1.2367642884110031e-01
-1.2648489287316197e-01
-1.2962320282665399e-01
-1.3306037958220401e-01
-1.3684551547486115e-01
-1.4095254471972585e-01
-1.4545676830758328e-01
-1.5027408603936526e-01
-1.5555288378889678e-01
-1.6117060679166623e-01
-1.6727940186202758e-01
-1.7381594648331233e-01
-1.8084976629356289e-01
-1.8845166648235515e-01
-1.9659060625677280e-01
-2.0545725887804794e-01
-2.1500130200789300e-01
-2.2544972413591702e-01
-2.3688159216812163e-01
-2.4948099457470249e-01
-2.6351990570306549e-01
-2.7926241956879044e-01
-2.9720627614868528e-01
-3.1784181844137527e-01
-3.4208061433474346e-01
-3.7103540490351400e-01
-4.0646027320374556e-01
-4.5109305793425730e-01
-5.0929099115851606e-01
-5.8892914985235090e-01
-7.0509065404599713e-01
-8.9185558213265193e-01
-1.2463313308312063e+00
-2.2046594834841140e+00
0.0000000000000000e+00
];
