%Vec Object:dSdr_b_aug 1 MPI processes
%  type: seq
dSdr_b_aug = [
0.0000000000000000e+00
0.0000000000000000e+00
6.6656121771370702e-01
0.0000000000000000e+00
-1.6880181320633496e-02
-7.0308070444796136e-03
-4.4102219769394761e-03
-3.1455109260201978e-03
-2.3582732584090382e-03
-1.8708551802559556e-03
-2.3418121060081298e+00
-2.2524515778123662e+00
-2.1246045288055857e+00
-2.0049898105177091e+00
-1.9015599769520453e+00
-1.8075767899717827e+00
-1.7160570977902858e+00
-1.6259445943574220e+00
-1.5496755477209945e+00
-1.4754147710083994e+00
-1.4039191227698302e+00
-1.3340329091063530e+00
-1.2616917573474606e+00
-1.1949385717276402e+00
-1.1292019195957259e+00
-1.0634047165880125e+00
-9.9020612365668503e-01
-9.1907556908794308e-01
-8.5053444040582649e-01
-7.8110689639711139e-01
-7.0958496661881143e-01
-6.3270204513931461e-01
-5.6496533913947466e-01
-4.9963228780563623e-01
-4.3778417529228825e-01
-3.7241379074812758e-01
-3.1917488625593587e-01
-2.7277463794612128e-01
-2.3216321370409509e-01
-1.9382306694400994e-01
-1.6478896169990692e-01
-1.4279345236372326e-01
-1.2552436452753046e-01
-1.1169027951066963e-01
-1.0318971235736932e-01
-9.8165232292137319e-02
-9.5610716606937249e-02
-9.5363754459553515e-02
-9.6691953246268336e-02
-9.8962835585641423e-02
-1.0205072897673029e-01
-1.0615587709488257e-01
-1.0977990358987891e-01
-1.1355173016759465e-01
-1.1743218364977348e-01
-1.2122143943556390e-01
-1.2444036802266734e-01
-1.2739478978731625e-01
-1.3032203576719789e-01
-1.3275383377143601e-01
-1.3483152257791645e-01
-1.3663568819602451e-01
-1.3835490416616428e-01
-1.3963255625983376e-01
-1.4061455822881475e-01
-1.4158737968313576e-01
-1.4229398297431553e-01
-1.4274759012564550e-01
-1.4313169390092542e-01
-1.4340879237168519e-01
-1.4347687130202180e-01
-1.4345945199761270e-01
-1.4344415047490772e-01
-1.4326462968120510e-01
-1.4301595274595921e-01
-1.4275692461916553e-01
-1.4240766095339377e-01
-1.4199626973622664e-01
-1.4161255889968172e-01
-1.4114978215025695e-01
-1.4066216995260208e-01
-1.4016625527513199e-01
-1.3962369467263208e-01
-1.3908227083045174e-01
-1.3853320739406810e-01
-1.3796264140047193e-01
-1.3740532739039232e-01
-1.3677317126339966e-01
-1.3620195926483214e-01
-1.3560705094854841e-01
-1.3498555489192360e-01
-1.3440681348198241e-01
-1.3379092555378533e-01
-1.3316024255010764e-01
-1.3256985006278693e-01
-1.3193128680860855e-01
-1.3133268521869340e-01
-1.3075413285073262e-01
-1.3008313135059621e-01
-1.2951926231937699e-01
-1.2891919443517430e-01
-1.2824098801728279e-01
-1.2772544466947136e-01
-1.2709168901109119e-01
-1.2648232657089886e-01
-1.2596820054102742e-01
-1.2529141044828701e-01
-1.2476928471928160e-01
-1.2422924962652446e-01
-1.2360310976211764e-01
-1.2311959717395056e-01
-1.2254239420699094e-01
-1.2200039122795865e-01
-1.2153081771589186e-01
-1.2096984996585074e-01
-1.2052066636895814e-01
-1.2003048381468272e-01
-1.1957485944004667e-01
-1.1914292698097932e-01
-1.1871098956880238e-01
-1.1836182485245851e-01
-1.1794418973723531e-01
-1.1767931725770703e-01
-1.1735420125825431e-01
-1.1708978832125168e-01
-1.1695063861990597e-01
-1.1669227402040223e-01
-1.1667453868118569e-01
-1.1657748297075769e-01
-1.1661211823777058e-01
-1.1672192867879354e-01
-1.1686629299914747e-01
-1.1713164478502412e-01
-1.1746374803798701e-01
-1.1793128172074605e-01
-1.1842687749166066e-01
-1.1913865833124537e-01
-1.1984949803229777e-01
-1.2077255030165011e-01
-1.2176697017265407e-01
-1.2290936337612703e-01
-1.2419217129927493e-01
-1.2560269414968173e-01
-1.2715349137101542e-01
-1.2884804799568633e-01
-1.3068416899362750e-01
-1.3262986038100172e-01
-1.3479353449468578e-01
-1.3698279839752350e-01
-1.3943669077586107e-01
-1.4191168868938703e-01
-1.4460718651316407e-01
-1.4736972964311368e-01
-1.5031358903660047e-01
-1.5331448874234441e-01
-1.5652279962107540e-01
-1.5975245677788236e-01
-1.6319222152270646e-01
-1.6665604994221828e-01
-1.7030017615544837e-01
-1.7397989051607637e-01
-1.7782109749119634e-01
-1.8168761246493065e-01
-1.8572998654209946e-01
-1.8976608142025897e-01
-1.9396786578381880e-01
-1.9820141700278068e-01
-2.0253215808520630e-01
-2.0695276327960388e-01
-2.1142744453295481e-01
-2.1601152057789236e-01
-2.2067154561417432e-01
-2.2545115142393740e-01
-2.3032788601761206e-01
-2.3537307993071349e-01
-2.4052765850332761e-01
-2.4592363408877033e-01
-2.5148103407688988e-01
-2.5733653740339751e-01
-2.6346635248331340e-01
-2.6994365006147580e-01
-2.7686186560087145e-01
-2.8421620765851385e-01
-2.9220246277447681e-01
-3.0080998981855772e-01
-3.1026815737612168e-01
-3.2069008039934566e-01
-3.3227320719424719e-01
-3.4531371317449422e-01
-3.6009473345446441e-01
-3.7712946450682794e-01
-3.9692751960001682e-01
-4.2040555210871555e-01
-4.4868408560350509e-01
-4.8350451489608548e-01
-5.2758341724130897e-01
-5.8522741204767448e-01
-6.6422557677695493e-01
-7.7952131964017468e-01
-9.6497513542803193e-01
-1.3173384199323552e+00
-2.2718045736248764e+00
0.0000000000000000e+00
];
