%Vec Object:dSdr_b_aug 1 MPI processes
%  type: seq
dSdr_b_aug = [
0.0000000000000000e+00
0.0000000000000000e+00
7.6005568494150499e-01
0.0000000000000000e+00
-1.9038347921556495e-02
-7.8906432786163064e-03
-4.9257833523023353e-03
-3.5084864801975812e-03
-2.6335536688208271e-03
-2.0923891651516346e-03
-1.7255618909934759e-03
-1.4499774553449931e-03
-1.2452888508405592e-03
-1.0883439680534355e-03
-9.6057317678551856e-04
-8.5705300446000071e-04
-7.7216917393638023e-04
-7.0058108333969846e-04
-6.3944415422549953e-04
-1.7882806974597137e-02
-1.7113235951582917e+00
-1.6555846339195726e+00
-1.5665592762030569e+00
-1.4845505718488885e+00
-1.4042104081477274e+00
-1.3241537759182742e+00
-1.2352749945580674e+00
-1.1494352533683463e+00
-1.0671025105086158e+00
-9.8392855339861762e-01
-8.9855745666280584e-01
-8.0726776042282700e-01
-7.2692450588969793e-01
-6.4967978696566031e-01
-5.7673946716925384e-01
-4.9979596580764546e-01
-4.3720319876484537e-01
-3.8271677350356148e-01
-3.3505395662617526e-01
-2.9004266982318727e-01
-2.5595119692929535e-01
-2.3009802883352146e-01
-2.0970099145117382e-01
-1.9327123177716435e-01
-1.8305127151811901e-01
-1.7684334997423895e-01
-1.7348117487089501e-01
-1.7274495215239896e-01
-1.7383146188116416e-01
-1.7599681208516527e-01
-1.7909360338522773e-01
-1.8326174492491826e-01
-1.8693110110727165e-01
-1.9077370584154296e-01
-1.9469135480693409e-01
-1.9846917111243134e-01
-2.0164015846112568e-01
-2.0448823798940022e-01
-2.0723414067226209e-01
-2.0945771736336105e-01
-2.1129271806243960e-01
-2.1278952434616469e-01
-2.1414830537515397e-01
-2.1505924666848597e-01
-2.1563338351563138e-01
-2.1611626084389801e-01
-2.1637406620765742e-01
-2.1635114303555994e-01
-2.1620677568689997e-01
-2.1593890154805115e-01
-2.1547836238741355e-01
-2.1490231634430904e-01
-2.1429171199062702e-01
-2.1356217870368432e-01
-2.1276103009821754e-01
-2.1184718898278151e-01
-2.1093336977592705e-01
-2.0996078058710643e-01
-2.0891185765899906e-01
-2.0788723350665791e-01
-2.0683981784984501e-01
-2.0566212121832417e-01
-2.0455583982351516e-01
-2.0344440658145030e-01
-2.0223250381144756e-01
-2.0110097890327611e-01
-1.9997852799909055e-01
-1.9867699984682277e-01
-1.9754661897642531e-01
-1.9637886041244193e-01
-1.9511507664311553e-01
-1.9398580440494065e-01
-1.9278740876277647e-01
-1.9152885714367396e-01
-1.9039185618707807e-01
-1.8915369095932533e-01
-1.8796483071996622e-01
-1.8684799831827531e-01
-1.8555691845902914e-01
-1.8442508683706926e-01
-1.8328408495967163e-01
-1.8197291285594000e-01
-1.8092313361608317e-01
-1.7972412690029940e-01
-1.7850978011657750e-01
-1.7745777176341004e-01
-1.7615865773584674e-01
-1.7507374636720027e-01
-1.7397304448731762e-01
-1.7272298977967346e-01
-1.7169009540587823e-01
-1.7048735099137280e-01
-1.6934634264126930e-01
-1.6830214974256374e-01
-1.6707088703940404e-01
-1.6604448648542278e-01
-1.6488504014106353e-01
-1.6378756207209466e-01
-1.6270086530132707e-01
-1.6155133577140296e-01
-1.6053670357861405e-01
-1.5934256142304368e-01
-1.5834830262403152e-01
-1.5722766438441704e-01
-1.5612446863438331e-01
-1.5514915415014502e-01
-1.5393316370621768e-01
-1.5300499148672927e-01
-1.5184707564841343e-01
-1.5084466322260695e-01
-1.4978766025622667e-01
-1.4871996806879692e-01
-1.4770133169975933e-01
-1.4662580886322912e-01
-1.4566145812359543e-01
-1.4452553702517057e-01
-1.4361638925900500e-01
-1.4248173697569683e-01
-1.4153461790633801e-01
-1.4047770567160020e-01
-1.3947239104074996e-01
-1.3847234258929553e-01
-1.3745621334167468e-01
-1.3647000021949462e-01
-1.3545034935258959e-01
-1.3448571017205391e-01
-1.3342708555036051e-01
-1.3253283783903719e-01
-1.3142864881908906e-01
-1.3056554451629152e-01
-1.2947676566807420e-01
-1.2859843402151072e-01
-1.2752965992214946e-01
-1.2665229293865587e-01
-1.2556925139907280e-01
-1.2472827677681196e-01
-1.2363219140830314e-01
-1.2279616749132871e-01
-1.2172475544139601e-01
-1.2087019360467401e-01
-1.1981712618685308e-01
-1.1895452792137774e-01
-1.1790197493121901e-01
-1.1706075668329839e-01
-1.1600440589623777e-01
-1.1514747386528511e-01
-1.1414573798842111e-01
-1.1323623546710128e-01
-1.1229112075058226e-01
-1.1134490921277651e-01
-1.1041537041038156e-01
-1.0946553381966423e-01
-1.0855150803811536e-01
-1.0758230938683412e-01
-1.0671236738541198e-01
-1.0569297961091298e-01
-1.0485465818050184e-01
-1.0383529043676018e-01
-1.0297190281253581e-01
-1.0200707025452654e-01
-1.0107816735128869e-01
-1.0018646998108217e-01
-9.9191908048266442e-02
-9.8351556196966006e-02
-9.7324711317538032e-02
-9.6460666146517951e-02
-9.5506795210868231e-02
-9.4583113139184480e-02
-9.3678121637031209e-02
-9.2707045897684429e-02
-9.1848645008908436e-02
-9.0831042180241628e-02
-8.9956580141820647e-02
-8.9004393443635269e-02
-8.8064964253375719e-02
-8.7180598336223936e-02
-8.6170722773748473e-02
-8.5291565833734623e-02
-8.4355822545814488e-02
-8.3434451783925806e-02
-8.2633124318904183e-02
-8.2126016830588150e-02
0.0000000000000000e+00
];
