%Vec Object:dSdr_b_aug 1 MPI processes
%  type: seq
dSdr_b_aug = [
0.0000000000000000e+00
0.0000000000000000e+00
7.0531888463663817e-01
0.0000000000000000e+00
-1.7578602804933129e-02
-7.3291382798561563e-03
-4.6129804404280552e-03
-3.3004712564824543e-03
-2.4766205346877408e-03
-1.9664511122414116e-03
-1.6206215516760998e-03
-1.3623101422102532e-03
-1.1703684837350409e-03
-9.6097703220780692e-03
-2.0922369071751907e+00
-1.9899614795197433e+00
-1.8890914114228263e+00
-1.7897437830565301e+00
-1.7059375577647400e+00
-1.6242053806619887e+00
-1.5454801541221468e+00
-1.4688119535013671e+00
-1.3894183463338987e+00
-1.3162733104506947e+00
-1.2444184247934622e+00
-1.1726471480530181e+00
-1.0928792451055556e+00
-1.0155861874781842e+00
-9.4126697816354721e-01
-8.6608029050711566e-01
-7.8875616748789268e-01
-7.0583743931746012e-01
-6.3281914252003557e-01
-5.6249562496168204e-01
-4.9600036412209642e-01
-4.2578135114380550e-01
-3.6862358836544934e-01
-3.1883558625606651e-01
-2.7526993744510675e-01
-2.3413487510919875e-01
-2.0298195405091135e-01
-1.7937025419306943e-01
-1.6079069185634418e-01
-1.4586913205091959e-01
-1.3664821399161337e-01
-1.3112792364672379e-01
-1.2823503425900779e-01
-1.2778309393799969e-01
-1.2901003635207259e-01
-1.3123670613826863e-01
-1.3432832812938700e-01
-1.3845986846786820e-01
-1.4210288668516205e-01
-1.4590436668726001e-01
-1.4980040384753268e-01
-1.5358486731864168e-01
-1.5678371088114129e-01
-1.5969358011586793e-01
-1.6254485137356867e-01
-1.6488941391059664e-01
-1.6686542714951719e-01
-1.6854082269534632e-01
-1.7010900013412139e-01
-1.7123297779054536e-01
-1.7204405830203209e-01
-1.7281156539381232e-01
-1.7333008596786298e-01
-1.7358398352886534e-01
-1.7374660782365908e-01
-1.7379530303241744e-01
-1.7364181788636429e-01
-1.7339024824090496e-01
-1.7312541526601494e-01
-1.7271531871603235e-01
-1.7223501496601254e-01
-1.7170146046406204e-01
-1.7111545683227203e-01
-1.7046870220578686e-01
-1.6980601752565580e-01
-1.6910753270130935e-01
-1.6838502634168478e-01
-1.6760306653897941e-01
-1.6682386816730671e-01
-1.6604311351339848e-01
-1.6521576184008147e-01
-1.6440951603446635e-01
-1.6361469286875183e-01
-1.6270126567594687e-01
-1.6189485572007611e-01
-1.6105891046644230e-01
-1.6016716631342076e-01
-1.5935649072222297e-01
-1.5849513023714198e-01
-1.5759981563397510e-01
-1.5677867173691740e-01
-1.5588697158235063e-01
-1.5503895674036461e-01
-1.5423256085772943e-01
-1.5329920640721656e-01
-1.5249459524578143e-01
-1.5166484382481940e-01
-1.5071810221577794e-01
-1.4997513245155861e-01
-1.4909892138461517e-01
-1.4822769055946242e-01
-1.4747832401496219e-01
-1.4652904702518180e-01
-1.4575738013545009e-01
-1.4496626711895841e-01
-1.4405964051371439e-01
-1.4332374603280834e-01
-1.4245836070164855e-01
-1.4163491268312273e-01
-1.4088922857667366e-01
-1.4000601459757503e-01
-1.3926710289269897e-01
-1.3844087201652958e-01
-1.3765189309736423e-01
-1.3687126663176333e-01
-1.3605277284811271e-01
-1.3532619471264556e-01
-1.3446936016171801e-01
-1.3376918620503084e-01
-1.3296161961957983e-01
-1.3217570038734669e-01
-1.3149358309152995e-01
-1.3061273529911480e-01
-1.2996581154302708e-01
-1.2914182186005582e-01
-1.2842468704710788e-01
-1.2768983233011447e-01
-1.2692614575090011e-01
-1.2620814790887944e-01
-1.2545383134821556e-01
-1.2477210686924374e-01
-1.2397394851719991e-01
-1.2333973233395036e-01
-1.2254001593268696e-01
-1.2187914180076134e-01
-1.2113991550745719e-01
-1.2043500855155551e-01
-1.1974047160142316e-01
-1.1903382755401307e-01
-1.1834386079307302e-01
-1.1764423668181676e-01
-1.1697013167877648e-01
-1.1623701624343850e-01
-1.1562967961491066e-01
-1.1485429355194986e-01
-1.1427535283693664e-01
-1.1351889298386995e-01
-1.1291747641911436e-01
-1.1219269255229411e-01
-1.1158980669567672e-01
-1.1085244035950059e-01
-1.1028491242336656e-01
-1.0953676432736714e-01
-1.0897623112637769e-01
-1.0824938557627814e-01
-1.0767364843771128e-01
-1.0696512214073289e-01
-1.0638807046547226e-01
-1.0567696956287195e-01
-1.0512778147295287e-01
-1.0440885145032172e-01
-1.0384944929683051e-01
-1.0318439440303470e-01
-1.0257858760102581e-01
-1.0196591430591383e-01
-1.0133505167935031e-01
-1.0073221794628801e-01
-1.0011090099660223e-01
-9.9516836899321920e-02
-9.8890905577937879e-02
-9.8332905322591105e-02
-9.7677161465790918e-02
-9.7148549165221809e-02
-9.6499003762108876e-02
-9.5963101104067305e-02
-9.5367017625652847e-02
-9.4797104208774019e-02
-9.4277878634777615e-02
-9.3685692840486307e-02
-9.3234167894125641e-02
-9.2678160687704847e-02
-9.2266530453743875e-02
-9.1866603127855273e-02
-9.1550911883430050e-02
-9.1380984596468928e-02
-9.1348072789683391e-02
-9.1675545023552102e-02
-9.2357203602089530e-02
-9.3861235090016967e-02
-9.6531415545951696e-02
-1.0124985830124915e-01
-1.0947482554223206e-01
-1.2369564949108797e-01
-1.4893194424934575e-01
-1.9547119350039852e-01
-2.8930935163386190e-01
-5.1391805301364157e-01
-1.2897386251585286e+00
0.0000000000000000e+00
];
