%Vec Object:dSdr_b_aug 1 MPI processes
%  type: seq
dSdr_b_aug = [
0.0000000000000000e+00
0.0000000000000000e+00
9.5699026954034816e-01
0.0000000000000000e+00
-1.1033270609583793e-02
-4.2445852588827611e-03
-2.5618375099632617e-03
-1.7855226298722460e-03
-1.3376231496081460e-03
-1.0484319052836994e-03
-8.5302891650354670e-04
-7.1141614283258049e-04
-6.0527645523640475e-04
-5.2335137716650205e-04
-4.5796470322418661e-04
-4.0518850190943319e-04
-3.6165410596561979e-04
-3.2522261544767265e-04
-2.9442698673896547e-04
-2.6801268716793576e-04
-2.4520909002447890e-04
-2.2534667637820629e-04
-2.0788213504108194e-04
-1.9246211704509336e-04
-1.7874355175318012e-04
-1.6647270725544540e-04
-1.5545277837464261e-04
-1.4549592353148310e-04
-1.3647081803223678e-04
-1.2826033829339939e-04
-1.2075359447962393e-04
-1.1387678034065003e-04
-1.0755554901954490e-04
-1.0172346375102294e-04
-9.6333265362731626e-05
-9.1336759496076728e-05
-8.6692284590526603e-05
-8.2367913087841643e-05
-7.8331440201044256e-05
-7.4555326469872234e-05
-7.1017434829415003e-05
-6.7695582248799069e-05
-6.4570703905206530e-05
-6.1627108509990948e-05
-5.8849130486847915e-05
-5.6223024112218976e-05
-5.3737452055559575e-05
-5.1381117820866536e-05
-4.9143754688079059e-05
-4.7017070875198770e-05
-4.4993068855662790e-05
-4.3065868439265421e-05
-4.1242519794976568e-05
-4.0676395595832467e-05
-4.1796793383050776e-05
-4.6341376456399069e-05
-7.1836365246290835e-05
-2.2887851856731432e-04
-1.0694827419771001e-03
-5.0207264680927942e-03
-2.0880866484561382e-02
-6.4590054393083102e-02
-1.2671007114693711e-01
-1.7201530015435978e-01
-1.9451347525550128e-01
-2.0365027154425344e-01
-2.0614681705948520e-01
-2.0542706725682738e-01
-2.0318632576122780e-01
-2.0019453574211116e-01
-1.9680530280285413e-01
-1.9324704818830793e-01
-1.8961773823985642e-01
-1.8592219331253226e-01
-1.8220992115974707e-01
-1.7851040767241233e-01
-1.7482300041913221e-01
-1.7112739465745128e-01
-1.6742293424922147e-01
-1.6373510969927571e-01
-1.6006009504598348e-01
-1.5637779725577383e-01
-1.5266929825530476e-01
-1.4897743076412343e-01
-1.4529752558087097e-01
-1.4161105528092796e-01
-1.3790716747726048e-01
-1.3420192860761340e-01
-1.3049595416768528e-01
-1.2678263333300085e-01
-1.2305803413381974e-01
-1.1930963315256775e-01
-1.1553627902077557e-01
-1.1172566271898457e-01
-1.0793579179266100e-01
-1.0412722573982150e-01
-1.0030093881756640e-01
-9.6445211408615894e-02
-9.2517340593583686e-02
-8.8589870623806410e-02
-8.4680035685935365e-02
-8.0877444572230339e-02
0.0000000000000000e+00
];
