%Vec Object:dSdr_b_aug 1 MPI processes
%  type: seq
dSdr_b_aug = [
0.0000000000000000e+00
0.0000000000000000e+00
6.5441033755405031e-01
0.0000000000000000e+00
-1.6728266026869186e-02
-6.9603746655218859e-03
-4.3551114843486819e-03
-3.1007212033259562e-03
-2.3251561519542423e-03
-2.4846582382210709e+00
-2.3017892788885046e+00
-2.1671291311514826e+00
-2.0438859674264584e+00
-1.9289602534454608e+00
-1.8294151655639119e+00
-1.7389269750777672e+00
-1.6509269207149821e+00
-1.5642905156671201e+00
-1.4908584602346873e+00
-1.4194099168976988e+00
-1.3506354810816641e+00
-1.2833020070344929e+00
-1.2136154013391323e+00
-1.1492681105879603e+00
-1.0858343640716375e+00
-1.0222858050632293e+00
-9.5155990363543586e-01
-8.8274891828881064e-01
-8.1638266206664112e-01
-7.4912286270610795e-01
-6.7978488153681738e-01
-6.0517384097936799e-01
-5.3942512856641733e-01
-4.7597061856665485e-01
-4.1587258896468632e-01
-3.5232894509708196e-01
-3.0056798861600809e-01
-2.5544725959224690e-01
-2.1595377391332302e-01
-1.7867404469145934e-01
-1.5044778924387239e-01
-1.2907226130946808e-01
-1.1230876979516986e-01
-9.8897209981285442e-02
-9.0679274349350650e-02
-8.5850780375747462e-02
-8.3430789764198335e-02
-8.3265796165952727e-02
-8.4635397849977506e-02
-8.6925593656050945e-02
-9.0014471076582545e-02
-9.4111651265602655e-02
-9.7731918306501006e-02
-1.0149682537695454e-01
-1.0537661036086626e-01
-1.0917396481591542e-01
-1.1240843942407255e-01
-1.1538937332270803e-01
-1.1835625758227167e-01
-1.2083390607785838e-01
-1.2296507935798558e-01
-1.2483522432593692e-01
-1.2663072352615573e-01
-1.2798856495449179e-01
-1.2906044525907454e-01
-1.3013869963112207e-01
-1.3094778451793362e-01
-1.3151229605992387e-01
-1.3201926604945097e-01
-1.3242597213560547e-01
-1.3262617418107683e-01
-1.3275055874959038e-01
-1.3288770189591551e-01
-1.3285975943495384e-01
-1.3276911978453013e-01
-1.3269018509414501e-01
-1.3251413210353058e-01
-1.3228258939530915e-01
-1.3210188520145241e-01
-1.3183442522285560e-01
-1.3154976545749292e-01
-1.3128389030995904e-01
-1.3096229405292814e-01
-1.3065129661799932e-01
-1.3035595076335740e-01
-1.3003310488653802e-01
-1.2973286849155177e-01
-1.2938422565450314e-01
-1.2908833747217119e-01
-1.2878020134711995e-01
-1.2846586695281872e-01
-1.2818889149660220e-01
-1.2788897371547803e-01
-1.2759012809605572e-01
-1.2732687714977509e-01
-1.2703244214215184e-01
-1.2678293603491803e-01
-1.2655211864375138e-01
-1.2625045722386549e-01
-1.2605002383660199e-01
-1.2581586254422009e-01
-1.2552462460138106e-01
-1.2537820557681281e-01
-1.2536650430535026e-01
-1.2568391365817116e-01
-1.2616333187505019e-01
-1.2658883303430987e-01
-1.2723956808686951e-01
-1.2796523695335715e-01
-1.2871684361169858e-01
-1.2968291116250930e-01
-1.3067164518259047e-01
-1.3178723025370082e-01
-1.3305594711107854e-01
-1.3435311012918000e-01
-1.3582684597804853e-01
-1.3736160538784781e-01
-1.3900712728930337e-01
-1.4074867716627371e-01
-1.4256866227269843e-01
-1.4451523341435243e-01
-1.4647365899855200e-01
-1.4859880389040808e-01
-1.5072105638458153e-01
-1.5292543761859204e-01
-1.5524746622715332e-01
-1.5750173610557236e-01
-1.5993589072693112e-01
-1.6231573458410778e-01
-1.6477679135255030e-01
-1.6727139862045626e-01
-1.6976120968390926e-01
-1.7229615748877128e-01
-1.7483417879891486e-01
-1.7740839153392371e-01
-1.7994218856350641e-01
-1.8255307457451517e-01
-1.8508621378268364e-01
-1.8768046824285639e-01
-1.9023412845347260e-01
-1.9279819049275715e-01
-1.9535482869478377e-01
-1.9790311149547907e-01
-2.0043807519156887e-01
-2.0296848564905060e-01
-2.0548592054505119e-01
-2.0797021444790284e-01
-2.1050195933592414e-01
-2.1293818664996517e-01
-2.1545948913201174e-01
-2.1788612012861533e-01
-2.2037064869037440e-01
-2.2279989117357116e-01
-2.2526452043500200e-01
-2.2767478193836804e-01
-2.3015237948496969e-01
-2.3255700805352292e-01
-2.3504301326009844e-01
-2.3746968571351337e-01
-2.3997016019863240e-01
-2.4243168949246316e-01
-2.4497023060885761e-01
-2.4747944726745427e-01
-2.5009932602651852e-01
-2.5268336478875630e-01
-2.5539044030642177e-01
-2.5811969966829940e-01
-2.6093414160426326e-01
-2.6384564285801293e-01
-2.6682567715747013e-01
-2.6994037777075003e-01
-2.7316549228333248e-01
-2.7655144363360512e-01
-2.8008156819540703e-01
-2.8382976732793602e-01
-2.8774446193871006e-01
-2.9195169141793226e-01
-2.9638119886135128e-01
-3.0116046652402539e-01
-3.0627284021508350e-01
-3.1178687860583126e-01
-3.1779711877640515e-01
-3.2430079456472582e-01
-3.3148870006352082e-01
-3.3935659098123205e-01
-3.4812721145587328e-01
-3.5791778192294549e-01
-3.6892205186807320e-01
-3.8143575753600129e-01
-3.9573952605520507e-01
-4.1234154168038351e-01
-4.3174783795741078e-01
-4.5486554313023025e-01
-4.8280670670653175e-01
-5.1729756206991262e-01
-5.6103773581015537e-01
-6.1831074645707507e-01
-6.9687686726233056e-01
-8.1164511411317619e-01
-9.9643587622760377e-01
-1.3479348102298667e+00
-2.3008395982697367e+00
0.0000000000000000e+00
];
