%Vec Object:sol 1 MPI processes
%  type: mpi
sol = [
0.0000000000000000e+00
-2.4163915055840516e+01
-1.8844321488719086e+01
-1.2385991164795387e+01
-7.9079865736248571e+00
-5.2929329073836797e+00
-3.7333915337053467e+00
-2.7584038810560636e+00
-2.1120480262725021e+00
-1.6662585734555535e+00
-1.3468606855834853e+00
-1.1104493959960926e+00
-9.3066772856651048e-01
-7.9098568369310285e-01
-6.8042695806672993e-01
-5.9145914348555806e-01
-5.1887455001666793e-01
-4.5888245100493602e-01
-4.0869076859360298e-01
-3.6633341757793120e-01
-3.3026698670108134e-01
-2.9925785061573523e-01
-2.7244187346620419e-01
-2.4910243192415543e-01
-2.2864055653203399e-01
-2.1060947180690315e-01
-1.9465219173077491e-01
-1.8045315930166980e-01
-1.6775432029726275e-01
-1.5636799704579735e-01
-1.4610908797019695e-01
-1.3682310341680798e-01
-1.2840929128062814e-01
-1.2076227356712889e-01
-1.1377722785107906e-01
-1.0739066932669548e-01
-1.0153847605162397e-01
-9.6154143859915275e-02
-9.1192244393286589e-02
-8.6614118618627250e-02
-8.2376530016345401e-02
-7.8444929120618775e-02
-7.4796071147340576e-02
-7.1401354617250543e-02
-6.8233234451688357e-02
-6.5278033190216744e-02
-6.2516617062253158e-02
-5.9926246712928663e-02
-5.7499287476923719e-02
-5.5222406995429511e-02
-5.3077745618762502e-02
-5.1060139224220584e-02
-4.9160245252070099e-02
-4.7364940258489349e-02
-4.5669463363079595e-02
-4.4067624087424227e-02
-4.2549660799522659e-02
-4.1111150076002405e-02
-3.9748068303776848e-02
-3.8453071514385678e-02
-3.7222053246188519e-02
-3.6052485102834153e-02
-3.4938779588252700e-02
-3.3877145142590367e-02
-3.2866084430418468e-02
-3.1901296399021874e-02
-3.0979307572889650e-02
-3.0099326797698323e-02
-2.9258000400686431e-02
-2.8452175852217300e-02
-2.7681538824357102e-02
-2.6943435763424121e-02
-2.6235035261350223e-02
-2.5556336540734709e-02
-2.4905203904050127e-02
-2.4279123922365142e-02
-2.3678292797484728e-02
-2.3100957252889517e-02
-2.2544915755107468e-02
-2.2010477862401099e-02
-2.1496171288759185e-02
-2.1000097785322257e-02
-2.0522620454589795e-02
-2.0062471622929200e-02
-1.9618045904457818e-02
-1.9189717174123901e-02
-1.8776364546310740e-02
-1.8376663738660915e-02
-1.7990969139268870e-02
-1.8066240557356488e-02
-1.8514491292054572e-02
-1.8979520548242024e-02
-1.9461664061171263e-02
-1.9961364594545512e-02
-2.0480371311305326e-02
-2.1019056657766544e-02
-2.1578197259674105e-02
-2.2159668490166928e-02
-2.2763883670976055e-02
-2.3392050023594558e-02
-2.4046189425657966e-02
-2.4726765399503001e-02
-2.5435533891093386e-02
-2.6174692862369647e-02
-2.6944773088221241e-02
-2.7748225509840598e-02
-2.8587466367869473e-02
-2.9463121887433493e-02
-3.0378521279140154e-02
-3.1336359422404259e-02
-3.2337402585175451e-02
-3.3386090957657072e-02
-3.4485242667781905e-02
-3.5636558804939197e-02
-3.6845164189814213e-02
-3.8114252523658833e-02
-3.9446907100276256e-02
-4.0848986611537519e-02
-4.2324266029799378e-02
-4.3877637681641012e-02
-4.5515947110723966e-02
-4.7243792579406162e-02
-4.9068453701806923e-02
-5.0998130821692585e-02
-5.3038607749601813e-02
-5.5200349900450980e-02
-5.7493290300710827e-02
-5.9925445977836410e-02
-6.2511095427825056e-02
-6.5262330262991164e-02
-6.8191924194809198e-02
-7.1317914889660258e-02
-7.4656152274887214e-02
-7.8226149528443450e-02
-8.2051452141255712e-02
-8.6153574044547848e-02
-9.0561779871342410e-02
-9.5307780233548745e-02
-1.0042221983722033e-01
-1.0594846124178291e-01
-1.1192983544260263e-01
-1.1841498974690445e-01
-1.2546535227527433e-01
-1.3314433844525356e-01
-1.4152912581210811e-01
-1.5071062159487109e-01
-1.6078579821728500e-01
-1.7187884473589585e-01
-1.8412946997727711e-01
-1.9769759465882389e-01
-2.1276514605726785e-01
-2.2957423440483454e-01
-2.4840183229385465e-01
-2.6958645988495150e-01
-2.9352442043856630e-01
-3.2071818028407917e-01
-3.5177926244090396e-01
-3.8745972068524287e-01
-4.2872701256306489e-01
-4.7678825211745823e-01
-5.3320546228969856e-01
-6.0002160519314396e-01
-6.7990314792735140e-01
-7.7647106252892806e-01
-8.9464333372387972e-01
-1.0408642109498472e+00
-1.2250479403729955e+00
-1.4613061821726110e+00
-1.7707756796593617e+00
-2.1853673101753923e+00
-2.7554963219183852e+00
-3.5655065392839740e+00
-4.7487310175447783e+00
-6.5127949897495530e+00
-9.0443422098942143e+00
-1.1769910580284854e+01
-1.2434006126624052e+01
-1.1476103133080743e+01
-1.0328042244243559e+01
-7.8504603075298114e+00
-5.1154629899325137e+00
-3.3406048748131845e+00
-2.2931258981420024e+00
-1.6544160501605609e+00
-1.2441978883641680e+00
-9.6762458997757261e-01
-7.7331045607441395e-01
-6.3190427814470407e-01
-5.3628672647244102e-01
-6.4387391679045103e-01
-7.8617519458572127e-01
-9.7939044240953943e-01
-1.2496473809573250e+00
-1.6416392700094495e+00
-2.2326902257734496e+00
-3.1571693794702185e+00
-4.6064525677319708e+00
-6.5203121346098483e+00
-7.5735455740444815e+00
0.0000000000000000e+00
1.3464638167935297e-01
0.0000000000000000e+00
0.0000000000000000e+00
];
