%Vec Object:sol 1 MPI processes
%  type: mpi
sol = [
0.0000000000000000e+00
-7.4201809923773354e+01
-3.5022887761016598e+01
-1.6835150193107193e+01
-9.4280053732471902e+00
-5.9351218870489468e+00
-4.0535570384399611e+00
-2.9341417254883484e+00
-2.2176460291898987e+00
-1.7323962015193821e+00
-1.3896436610583003e+00
-1.1383552951723037e+00
-9.4895911316875292e-01
-8.0287399595157294e-01
-6.8779692220906230e-01
-5.9556145044405728e-01
-5.2054151411540206e-01
-4.5869400460066406e-01
-4.0709450931501007e-01
-3.6366220083040185e-01
-3.2676838564428129e-01
-2.9511496778168506e-01
-2.6779807484697160e-01
-2.4406895676199514e-01
-2.2330278792054609e-01
-2.0503535246565480e-01
-1.8889648119292146e-01
-1.7455911320342540e-01
-1.6175637089885911e-01
-1.5029466750723061e-01
-1.3999223070670197e-01
-1.3068056366744296e-01
-1.2225244071041499e-01
-1.1460180079825652e-01
-1.0762268972307718e-01
-1.0125015308264899e-01
-9.5418605509850568e-02
-9.0060207172891288e-02
-8.5128593028250057e-02
-8.0584283694649581e-02
-7.6383322351478364e-02
-7.2490601238134431e-02
-6.8882353588050685e-02
-6.5529574078131203e-02
-6.2404447211735270e-02
-5.9492901646879433e-02
-5.6775555510263032e-02
-5.4229631790014492e-02
-5.1847142521171771e-02
-4.9614594221339500e-02
-4.7514227756240777e-02
-4.5540575710175522e-02
-4.3684180456961728e-02
-4.1932055965057176e-02
-4.0279234987713075e-02
-3.8719412576690565e-02
-3.7242972664992297e-02
-3.5845374287009291e-02
-3.4522466241070603e-02
-3.3267043417953876e-02
-3.2074959237084748e-02
-3.0943539632128411e-02
-2.9867322867474500e-02
-2.8842541209128051e-02
-2.7867533823663783e-02
-2.6938110791483217e-02
-2.6050872588467274e-02
-2.5204849567601818e-02
-2.4396785186829785e-02
-2.3623638769016839e-02
-2.2884906037343646e-02
-2.2178018781694991e-02
-2.1500283791102016e-02
-2.0851502990476844e-02
-2.0229617267517153e-02
-1.9632267065634486e-02
-1.9059448173202782e-02
-1.8509478514525002e-02
-1.7980316403946692e-02
-1.7472071977227013e-02
-1.6983342215466223e-02
-1.6512385978997398e-02
-1.6059371768584435e-02
-1.5623102594080630e-02
-1.5202119653133872e-02
-1.4796610561086941e-02
-1.4405529712849642e-02
-1.4027681983767243e-02
-1.3663246991254003e-02
-1.3649832166470428e-02
-1.3915868442037641e-02
-1.4190608371662692e-02
-1.4474051518561896e-02
-1.4766274706496005e-02
-1.5068365132960445e-02
-1.5380302576770139e-02
-1.5702372127210758e-02
-1.6035684857210294e-02
-1.6380193628485931e-02
-1.6736447163765569e-02
-1.7105581150427696e-02
-1.7487516184815515e-02
-1.7883128840111510e-02
-1.8293583433211899e-02
-1.8718764785126289e-02
-1.9159954553037900e-02
-1.9618353500817965e-02
-2.0093810306682083e-02
-2.0588105052786777e-02
-2.1102488827757910e-02
-2.1636778944181603e-02
-2.2193368215581679e-02
-2.2773410462216700e-02
-2.3377214545743534e-02
-2.4007417770486150e-02
-2.4665210491180756e-02
-2.5351632892687926e-02
-2.6069531198760952e-02
-2.6820209059860513e-02
-2.7605629737441514e-02
-2.8428930697502037e-02
-2.9291603192490356e-02
-3.0196782779004960e-02
-3.1148022107221698e-02
-3.2147114884486114e-02
-3.3198705519508008e-02
-3.4306841013316547e-02
-3.5474113420745995e-02
-3.6706821782606133e-02
-3.8009551522359193e-02
-3.9387002270282412e-02
-4.0846750905328549e-02
-4.2394589488788263e-02
-4.4038103054249614e-02
-4.5786758083906143e-02
-4.7648212147616817e-02
-4.9634085123047074e-02
-5.1756638630040971e-02
-5.4026682913185901e-02
-5.6461431156771658e-02
-5.9076918515379960e-02
-6.1890982459256123e-02
-6.4927202735989398e-02
-6.8208504774443665e-02
-7.1762584597113988e-02
-7.5623882051842228e-02
-7.9827263195264370e-02
-8.4418877056251063e-02
-8.9449444242245865e-02
-9.4976126096790819e-02
-1.0107244904865365e-01
-1.0781973147850100e-01
-1.1531744909443691e-01
-1.2368763119444384e-01
-1.3307071988207325e-01
-1.4364675481952641e-01
-1.5563304402679934e-01
-1.6929511505761857e-01
-1.8497637608782347e-01
-2.0310166946289479e-01
-2.2422084050237476e-01
-2.4905217515046651e-01
-2.7852797626899395e-01
-3.1391545130589044e-01
-3.5692814707925408e-01
-4.0993935019466277e-01
-4.7632462596096664e-01
-5.6088883359574593e-01
-6.7090225134923609e-01
-8.1732678740063358e-01
-1.0170657777365966e+00
-1.2963291782317694e+00
-1.6931934660164767e+00
-2.2516232785592902e+00
-2.9554467803437281e+00
-3.5544684009554843e+00
-3.7449004062305851e+00
-3.7584563178039434e+00
-3.7686691569117774e+00
-3.4585522841104055e+00
-2.7142167943653348e+00
-1.9910827540161471e+00
-1.4705430459760103e+00
-1.1169495114877543e+00
-8.7424695811135145e-01
-7.0279477327259210e-01
-5.7788955964781485e-01
-4.8438123635194025e-01
-4.2066082733444299e-01
-5.1486971428359229e-01
-6.4027796741050713e-01
-8.1152375927585518e-01
-1.0524944176519244e+00
-1.4036074231409428e+00
-1.9346484933168882e+00
-2.7652461604829082e+00
-4.0580645735499905e+00
-5.7302919797861316e+00
-6.6395153883295395e+00
0.0000000000000000e+00
1.3464638167935297e-01
0.0000000000000000e+00
0.0000000000000000e+00
];
