%Vec Object:sol 1 MPI processes
%  type: mpi
sol = [
0.0000000000000000e+00
-2.7646466873976088e+01
-2.0771569281931679e+01
-1.3122012101001365e+01
-8.2168163109698398e+00
-5.4412638718767390e+00
-3.8180820117671659e+00
-2.8107421482557902e+00
-2.1476611162136909e+00
-1.6913588931528836e+00
-1.3652766482173198e+00
-1.1243750644596837e+00
-9.4155807695513227e-01
-7.9958789488837945e-01
-6.8732003230837946e-01
-5.9704539752266483e-01
-5.2344247151266610e-01
-4.6264312668399293e-01
-4.1180158992746574e-01
-3.6891525913086415e-01
-3.3241349959526884e-01
-3.0104206144685847e-01
-2.7392244514987030e-01
-2.5032663575142849e-01
-2.2964659070707286e-01
-2.1142879904321493e-01
-1.9531097461724081e-01
-1.8097312233213456e-01
-1.6815404870355632e-01
-1.5665365353653368e-01
-1.4630245827364902e-01
-1.3693668635556464e-01
-1.2845262996643139e-01
-1.2074359450640924e-01
-1.1370359446657381e-01
-1.0726828130760728e-01
-1.0137274978595730e-01
-9.5949797793283470e-02
-9.0953440819316569e-02
-8.6344534384724891e-02
-8.2079406278625464e-02
-7.8123142171125592e-02
-7.4452179928750209e-02
-7.1037635590671319e-02
-6.7851725099125168e-02
-6.4880551241436990e-02
-6.2104789335470242e-02
-5.9501548635709202e-02
-5.7063032176253442e-02
-5.4775774240432590e-02
-5.2621821733083628e-02
-5.0595887693587659e-02
-4.8688533427032929e-02
-4.6886575593047236e-02
-4.5185164211346877e-02
-4.3578034704241958e-02
-4.2055386624594959e-02
-4.0612733898765470e-02
-3.9245992489194192e-02
-3.7947792959343640e-02
-3.6713987002891704e-02
-3.5541994402796290e-02
-3.4426210759920362e-02
-3.3362818877328997e-02
-3.2350275211059945e-02
-3.1384267435129488e-02
-3.0461308859729266e-02
-2.9580565991626114e-02
-2.8738677655291485e-02
-2.7932487534513183e-02
-2.7161641798074381e-02
-2.6423482060797553e-02
-2.5715180033804040e-02
-2.5036697729273309e-02
-2.4385896672238512e-02
-2.3760271315793328e-02
-2.3159982719259824e-02
-2.2583276578570097e-02
-2.2027962182480740e-02
-2.1494315972417299e-02
-2.0980866276225314e-02
-2.0485727046838858e-02
-2.0009230371093575e-02
-1.9550110846290974e-02
-1.9106775334647465e-02
-1.8679568929849871e-02
-1.8267374763011442e-02
-1.7868879701489374e-02
-1.7484411754312857e-02
-1.7548099960870856e-02
-1.7973801001862046e-02
-1.8415314165830268e-02
-1.8872937024248377e-02
-1.9347070855083841e-02
-1.9839386850924998e-02
-2.0350213296072662e-02
-2.0880270832295295e-02
-2.1431345406200220e-02
-2.2003799074980034e-02
-2.2598763794748934e-02
-2.3218158515357024e-02
-2.3862386945586563e-02
-2.4533104283033184e-02
-2.5232389410985726e-02
-2.5960702699452620e-02
-2.6720360979075011e-02
-2.7513641683339033e-02
-2.8341087179270825e-02
-2.9205849015088488e-02
-3.0110458703956854e-02
-3.1055581180414227e-02
-3.2045422117801689e-02
-3.3082613839778681e-02
-3.4168706607136980e-02
-3.5308542630309338e-02
-3.6505094422395697e-02
-3.7761221524807653e-02
-3.9082443734155828e-02
-4.0472265938597915e-02
-4.1935257976743419e-02
-4.3477852433413726e-02
-4.5104311331460048e-02
-4.6821457242908891e-02
-4.8636978151482116e-02
-5.0556230016863941e-02
-5.2589036826199115e-02
-5.4744689873320408e-02
-5.7030627063941547e-02
-5.9460251841883985e-02
-6.2044847595051494e-02
-6.4796323066863282e-02
-6.7731580988241988e-02
-7.0865398726680059e-02
-7.4216011988335259e-02
-7.7805454905114202e-02
-8.1653777373340605e-02
-8.5788360160783103e-02
-9.0238848352700893e-02
-9.5033807740090029e-02
-1.0021382529831306e-01
-1.0581936834728416e-01
-1.1189586351583544e-01
-1.1850076516790610e-01
-1.2569328942145810e-01
-1.3354557406203432e-01
-1.4214261376310769e-01
-1.5157497303292614e-01
-1.6195872501098083e-01
-1.7342006791087941e-01
-1.8610280370660809e-01
-2.0020185997481391e-01
-2.1592965911903389e-01
-2.3354495470053485e-01
-2.5336458263559131e-01
-2.7575942460289810e-01
-3.0119998245650087e-01
-3.3025896794632920e-01
-3.6364087112077587e-01
-4.0225240882270130e-01
-4.4722521192148873e-01
-5.0002430283827970e-01
-5.6256668648809072e-01
-6.3735560122636092e-01
-7.2779238342479546e-01
-8.3848270642095002e-01
-9.7552592505223190e-01
-1.1482830418687799e+00
-1.3700260769779751e+00
-1.6606986542090787e+00
-2.0505101587150887e+00
-2.5872532436626585e+00
-3.3509152611996900e+00
-4.4680118286610107e+00
-6.1361470394999280e+00
-8.5323588379839528e+00
-1.1107587569371795e+01
-1.1751666737550918e+01
-1.0888425571139338e+01
-9.8418646326971988e+00
-7.5351430114687066e+00
-4.9401403356135738e+00
-3.2369623095293134e+00
-2.2257413482276003e+00
-1.6074108141595340e+00
-1.2095335556058586e+00
-9.4106754490409972e-01
-7.5217692201907571e-01
-6.1469541303430164e-01
-5.2172639701193946e-01
-6.2630916089928923e-01
-7.6460920787117326e-01
-9.5221110672181652e-01
-1.2147443626732879e+00
-1.5952449645400548e+00
-2.1683894601020737e+00
-3.0630203706883949e+00
-4.4595171780369487e+00
-6.2841512930294785e+00
-7.2719159629486061e+00
0.0000000000000000e+00
1.3464638167935297e-01
0.0000000000000000e+00
0.0000000000000000e+00
];
