%Vec Object:sol 1 MPI processes
%  type: mpi
sol = [
0.0000000000000000e+00
-1.5477604661003511e+01
-1.2401599199182703e+01
-8.4926329594706793e+00
-5.6081499464886937e+00
-3.8347929560049927e+00
-2.7459734884722056e+00
-2.0481914892949988e+00
-1.5801859466310801e+00
-1.2537349697800111e+00
-1.0178583510761534e+00
-8.4204644469577605e-01
-7.0770322256515894e-01
-6.0300894907067137e-01
-5.1984059342661249e-01
-4.5270910883268195e-01
-3.9779868381211320e-01
-3.5231321893966688e-01
-3.1418255856751170e-01
-2.8194902227414587e-01
-2.5446152742546596e-01
-2.3079485502786731e-01
-2.1030353483557315e-01
-1.9244926893733999e-01
-1.7677986664660969e-01
-1.6295885185268655e-01
-1.5071717387032313e-01
-1.3981557830910099e-01
-1.3005819622682754e-01
-1.2130339143355985e-01
-1.1341730957518327e-01
-1.0627150876420555e-01
-9.9791576407776791e-02
-9.3898988719378532e-02
-8.8513277936909746e-02
-8.3586554212073394e-02
-7.9069972493808358e-02
-7.4912391558941263e-02
-7.1079256211557029e-02
-6.7541187267056116e-02
-6.4264906664933549e-02
-6.1223914890474615e-02
-5.8400635689491463e-02
-5.5773054078858103e-02
-5.3319879909178754e-02
-5.1030868445257491e-02
-4.8891304666924033e-02
-4.6883493912330029e-02
-4.5001821772553172e-02
-4.3236037333220956e-02
-4.1572193759289680e-02
-4.0006513503457908e-02
-3.8531820927116205e-02
-3.7137860625358128e-02
-3.5821077119949828e-02
-3.4576739617969074e-02
-3.3397216278730511e-02
-3.2279151558903318e-02
-3.1219495072241400e-02
-3.0212503582690179e-02
-2.9255025473291743e-02
-2.8345168964888878e-02
-2.7478563817562994e-02
-2.6652274706298020e-02
-2.5865207519397256e-02
-2.5113997963576419e-02
-2.4395939362539306e-02
-2.3710482429990045e-02
-2.3055003714942984e-02
-2.2427034417707339e-02
-2.1826391549862156e-02
-2.1250998978396433e-02
-2.0698630957312111e-02
-2.0169343659112163e-02
-1.9661465474843938e-02
-1.9173014896255235e-02
-1.8704196518814085e-02
-1.8253637074125716e-02
-1.7819597192075737e-02
-1.7402364810691063e-02
-1.7000785422209820e-02
-1.6613356986580591e-02
-1.6240404290566134e-02
-1.5880931635472901e-02
-1.5533667569781954e-02
-1.5198940512291958e-02
-1.4875868164373061e-02
-1.4563401479571060e-02
-1.4261849067519964e-02
-1.4325627483585878e-02
-1.4685267243585716e-02
-1.5058440453562904e-02
-1.5445418728958060e-02
-1.5846559844582553e-02
-1.6263280455086775e-02
-1.6695881924562991e-02
-1.7144992625566052e-02
-1.7612132117018522e-02
-1.8097634871088210e-02
-1.8602478541912243e-02
-1.9128302170457967e-02
-1.9675480872976110e-02
-2.0245437795987174e-02
-2.0839955572837989e-02
-2.1459463801077928e-02
-2.2105950307238467e-02
-2.2781375720900825e-02
-2.3486246990632627e-02
-2.4223266100334120e-02
-2.4994620914353421e-02
-2.5800931987026189e-02
-2.6645805380857111e-02
-2.7531530094091691e-02
-2.8459486524059711e-02
-2.9433839301708294e-02
-3.0457183807328009e-02
-3.1532025095811919e-02
-3.2663127220422160e-02
-3.3853559714494053e-02
-3.5107301160240509e-02
-3.6429921896382444e-02
-3.7825163288501322e-02
-3.9298950595928847e-02
-4.0857961531560939e-02
-4.2506905547180951e-02
-4.4254308478508537e-02
-4.6108265482259159e-02
-4.8075310255119519e-02
-5.0167085418235627e-02
-5.2393453863305003e-02
-5.4764836650206115e-02
-5.7295955689890120e-02
-5.9999752086854256e-02
-6.2892161914832739e-02
-6.5992422902510270e-02
-6.9318119941051207e-02
-7.2893180002355021e-02
-7.6743542908805418e-02
-8.0894287754784883e-02
-8.5380911937079806e-02
-9.0238908738151116e-02
-9.5508143056404912e-02
-1.0123897394249895e-01
-1.0748342417282535e-01
-1.1430483280473119e-01
-1.2177784794741120e-01
-1.2998215741252356e-01
-1.3901985504406220e-01
-1.4900588200080195e-01
-1.6007189452957568e-01
-1.7238353827743599e-01
-1.8612880646708455e-01
-2.0153680377393976e-01
-2.1888341812937165e-01
-2.3848551304292631e-01
-2.6077169398489042e-01
-2.8624920717878960e-01
-3.1554261241333936e-01
-3.4945619281728801e-01
-3.8899489869492593e-01
-4.3546084208588187e-01
-4.9055948009437927e-01
-5.5652046979729741e-01
-6.3637624086687761e-01
-7.3425293949831927e-01
-8.5589791113569025e-01
-1.0093355946810203e+00
-1.2064361018675227e+00
-1.4652449324891654e+00
-1.8134790237149012e+00
-2.2942580364749592e+00
-2.9791872373059984e+00
-3.9848287561064004e+00
-5.4893065078431551e+00
-7.6497687868884450e+00
-9.9608505774717795e+00
-1.0577660792883488e+01
-9.8898781694392657e+00
-9.0243500200528786e+00
-7.0118626971161913e+00
-4.6554417503150072e+00
-3.0712665869880293e+00
-2.1201091605228752e+00
-1.5346795751257212e+00
-1.1568101207814117e+00
-9.0103210351419982e-01
-7.2089572689025760e-01
-5.8962386614015039e-01
-5.0077776639145699e-01
-6.0128811735137755e-01
-7.3419986400122539e-01
-9.1459354781232360e-01
-1.1669648533803478e+00
-1.5322914670755157e+00
-2.0822595794205689e+00
-2.9383398662198612e+00
-4.2664276025307739e+00
-5.9779578896949976e+00
-6.8851395794995245e+00
0.0000000000000000e+00
2.4055929233035767e-01
0.0000000000000000e+00
0.0000000000000000e+00
];
