%Vec Object:sol 1 MPI processes
%  type: mpi
sol = [
0.0000000000000000e+00
-2.5969653342319425e+01
-1.9860860704525997e+01
-1.2780680484143623e+01
-8.0745246742138850e+00
-5.3730854388887028e+00
-3.7821634903949755e+00
-2.7866572008801485e+00
-2.1321190550391993e+00
-1.6809458696191260e+00
-1.3572364796257037e+00
-1.1180108695297268e+00
-9.3655780202910266e-01
-7.9580119899680712e-01
-6.8441223568240050e-01
-5.9479002771935152e-01
-5.2168132786290622e-01
-4.6118522789025851e-01
-4.1057155694947006e-01
-3.6787486245778250e-01
-3.3153235627349764e-01
-3.0029598960621667e-01
-2.7329153745096629e-01
-2.4979452269528682e-01
-2.2919982665091984e-01
-2.1105610786288628e-01
-1.9500281604778780e-01
-1.8072146592343752e-01
-1.6795168625856854e-01
-1.5650392684646625e-01
-1.4620040822524163e-01
-1.3687622975414152e-01
-1.2842852798199172e-01
-1.2075136535186672e-01
-1.1373941445851599e-01
-1.0732882099557965e-01
-1.0145512045475616e-01
-9.6051497979839140e-02
-9.1072278626926462e-02
-8.6478585897345084e-02
-8.2226985093116337e-02
-7.8282760422265646e-02
-7.4622521676887626e-02
-7.1217536383071683e-02
-6.8040148196294781e-02
-6.5076576733900535e-02
-6.2307598066368854e-02
-5.9710401328739553e-02
-5.7277274213202174e-02
-5.4994820305981483e-02
-5.2845135369792323e-02
-5.0822995435926922e-02
-4.8919011033604229e-02
-4.7120029839981675e-02
-4.5421246970141362e-02
-4.3816435223161011e-02
-4.2295814039297747e-02
-4.0854928724786202e-02
-3.9489725295341262e-02
-3.8192847204902083e-02
-3.6960166928110695e-02
-3.5789129707390850e-02
-3.4674139576950806e-02
-3.3611391976486181e-02
-3.2599365839565624e-02
-3.1633754369681362e-02
-3.0711077337917426e-02
-2.9830521689537939e-02
-2.8988729851625650e-02
-2.8182547327291113e-02
-2.7411639245478271e-02
-2.6673349475526621e-02
-2.5964848175667497e-02
-2.5286115141119982e-02
-2.4635013130905270e-02
-2.4009032736306779e-02
-2.3408351757152172e-02
-2.2831216268486856e-02
-2.2275430282607592e-02
-2.1741285977095477e-02
-2.1227311268560260e-02
-2.0731614172020227e-02
-2.0254541492858914e-02
-1.9794826629286884e-02
-1.9350870529481732e-02
-1.8923031886286541e-02
-1.8510191376544836e-02
-1.8111030903015062e-02
-1.7725891031797256e-02
-1.7795018622086940e-02
-1.8231392082010352e-02
-1.8684020799765437e-02
-1.9153213949035089e-02
-1.9639319278735651e-02
-2.0144086936116485e-02
-2.0667907134258395e-02
-2.1211526293234865e-02
-2.1776771928298282e-02
-2.2364029494781657e-02
-2.2974465675785538e-02
-2.3610047148053172e-02
-2.4271204864987642e-02
-2.4959640561760105e-02
-2.5677488200577636e-02
-2.6425240151648825e-02
-2.7205275222267265e-02
-2.8019934888011716e-02
-2.8869799546997071e-02
-2.9758102845690911e-02
-3.0687451475597961e-02
-3.1658556225666518e-02
-3.2675731089065393e-02
-3.3741693574784230e-02
-3.4858062519387431e-02
-3.6029810347636033e-02
-3.7260010669727291e-02
-3.8551625075226123e-02
-3.9910329056903553e-02
-4.1339750586151920e-02
-4.2844606766637129e-02
-4.4431519332046511e-02
-4.6104903074093817e-02
-4.7871789299668441e-02
-4.9740099924263655e-02
-5.1715384696280675e-02
-5.3807760343893000e-02
-5.6026810099453525e-02
-5.8380233652855135e-02
-6.0881833043647630e-02
-6.3543257751762339e-02
-6.6376807598641202e-02
-6.9399900299374026e-02
-7.2627797180141979e-02
-7.6079310924270394e-02
-7.9777158593332939e-02
-8.3742047957745633e-02
-8.8002208901294121e-02
-9.2588215501289359e-02
-9.7529563847425546e-02
-1.0286808795040650e-01
-1.0864553574912815e-01
-1.1490877130698612e-01
-1.2171702432979595e-01
-1.2913137818658516e-01
-1.3722621106721419e-01
-1.4608914232202025e-01
-1.5581356729931170e-01
-1.6651918798954421e-01
-1.7834061590732070e-01
-1.9143189324099641e-01
-2.0598681129134694e-01
-2.2222502151947698e-01
-2.4041405503178045e-01
-2.6088147423617819e-01
-2.8401081734971884e-01
-3.1028853914717358e-01
-3.4030683602732315e-01
-3.7479422534603907e-01
-4.1468823989122788e-01
-4.6114826698014227e-01
-5.1560179218927871e-01
-5.8008904883246304e-01
-6.5718300338816715e-01
-7.5037799837909813e-01
-8.6442014430858649e-01
-1.0059082828517010e+00
-1.1842798841636448e+00
-1.4130152423124058e+00
-1.7120435856821901e+00
-2.1133412529472642e+00
-2.6666537462020257e+00
-3.4509177221996663e+00
-4.5995960171880066e+00
-6.3129770729674108e+00
-8.7742350944747844e+00
-1.1421930432995753e+01
-1.2073995882055263e+01
-1.1167335371573978e+01
-1.0074262034108335e+01
-7.6856726903405361e+00
-5.0240241947099893e+00
-3.2866085174179402e+00
-2.2580404157856542e+00
-1.6300460300914674e+00
-1.2261619472054661e+00
-9.5381121507910649e-01
-7.6234554626635398e-01
-6.2295653869952861e-01
-5.2871767520282775e-01
-6.3474499436779441e-01
-7.7497621141446604e-01
-9.6526993829515406e-01
-1.2315196244464262e+00
-1.6176093669337450e+00
-2.1993151609324539e+00
-3.1083212357483778e+00
-4.5302454325173036e+00
-6.3977891101218054e+00
-7.4169012177329812e+00
0.0000000000000000e+00
1.3464638167935297e-01
0.0000000000000000e+00
0.0000000000000000e+00
];
