%Vec Object:sol 1 MPI processes
%  type: mpi
sol = [
0.0000000000000000e+00
-1.5240266118771993e+01
-1.2250682054442459e+01
-8.4187048283073125e+00
-5.5714182127778784e+00
-3.8144388878262703e+00
-2.7329712405831805e+00
-2.0396979078205155e+00
-1.5740176734783884e+00
-1.2490677968952633e+00
-1.0142147375472772e+00
-8.3921389087260201e-01
-7.0548520167471673e-01
-6.0117259047541760e-01
-5.1829987631880281e-01
-4.5140188678093324e-01
-3.9667882849683578e-01
-3.5134592490402672e-01
-3.1334115380068200e-01
-2.8121250449439977e-01
-2.5381324718227788e-01
-2.3022156009781394e-01
-2.0979436778457033e-01
-1.9199532036535877e-01
-1.7637381667709143e-01
-1.6259457339432587e-01
-1.5038949034138802e-01
-1.3952012911776304e-01
-1.2979128330909984e-01
-1.2106181135365650e-01
-1.1319817719747081e-01
-1.0607563960517455e-01
-9.9617742179749683e-02
-9.3744678624626349e-02
-8.8376347821459991e-02
-8.3465128697819052e-02
-7.8962423553739169e-02
-7.4816378691134694e-02
-7.0992439303239147e-02
-6.7462763051485422e-02
-6.4194162831531620e-02
-6.1160213963778624e-02
-5.8343398489995479e-02
-5.5721761426614197e-02
-5.3274067043546224e-02
-5.0990108659641764e-02
-4.8855211847534878e-02
-4.6851722242601555e-02
-4.4974050999573557e-02
-4.3211975662718040e-02
-4.1551578570136166e-02
-3.9989100858220092e-02
-3.8517387200890617e-02
-3.7126202865761473e-02
-3.5812007025140064e-02
-3.4570083486642075e-02
-3.3392815292119932e-02
-3.2276858396407447e-02
-3.1219173202693826e-02
-3.0214027354813967e-02
-2.9258278221473956e-02
-2.8350042242390169e-02
-2.7484957248540647e-02
-2.6660094884182122e-02
-2.5874367497922251e-02
-2.5124416864631176e-02
-2.4407541656905622e-02
-2.3723197827464921e-02
-2.3068766548956676e-02
-2.2441783059566792e-02
-2.1842068751282324e-02
-2.1267551054065598e-02
-2.0716007207602066e-02
-2.0187497147546741e-02
-1.9680352032567228e-02
-1.9192592508227038e-02
-1.8724426474247154e-02
-1.8274482817782021e-02
-1.7841023679482801e-02
-1.7424339946081332e-02
-1.7023278779814906e-02
-1.6636339171783872e-02
-1.6263848566994133e-02
-1.5904812537862419e-02
-1.5557960325994782e-02
-1.5223622757887439e-02
-1.4900918465955176e-02
-1.4588798882207236e-02
-1.4287574795746343e-02
-1.4352324391696918e-02
-1.4713510101056435e-02
-1.5088297309931331e-02
-1.5476960603515855e-02
-1.5879860908598761e-02
-1.6298420008392021e-02
-1.6732942711873311e-02
-1.7184061486129755e-02
-1.7653301890760992e-02
-1.8141002406591639e-02
-1.8648146051038584e-02
-1.9176378892713668e-02
-1.9726080732300810e-02
-2.0298681778055175e-02
-2.0895972915749440e-02
-2.1518389258810691e-02
-2.2167927942635723e-02
-2.2846559339164695e-02
-2.3554796959094775e-02
-2.4295355056612102e-02
-2.5070433083576323e-02
-2.5880659500522436e-02
-2.6729656539520492e-02
-2.7619726571894852e-02
-2.8552261301668307e-02
-2.9531445033620127e-02
-3.0559889185656667e-02
-3.1640115137091425e-02
-3.2776910763243239e-02
-3.3973365262928212e-02
-3.5233480395287294e-02
-3.6562855754051216e-02
-3.7965257243562332e-02
-3.9446642709373071e-02
-4.1013726376431914e-02
-4.2671248942434944e-02
-4.4427781796342908e-02
-4.6291466059423393e-02
-4.8268877551668456e-02
-5.0371721041002640e-02
-5.2609917574639092e-02
-5.4993950537531366e-02
-5.7538622766928581e-02
-6.0256952627075130e-02
-6.3164967766921862e-02
-6.6282013966365974e-02
-6.9625781572863407e-02
-7.3220332240745367e-02
-7.7091753687784745e-02
-8.1265274561197393e-02
-8.5776590459084159e-02
-9.0661399928163994e-02
-9.5959798672083013e-02
-1.0172242968990852e-01
-1.0800161651500681e-01
-1.1486105799040235e-01
-1.2237582544496135e-01
-1.3062606445674052e-01
-1.3971444263480776e-01
-1.4975655105490540e-01
-1.6088479208508702e-01
-1.7326573560036590e-01
-1.8708843003256001e-01
-2.0258325643760111e-01
-2.2003248056558403e-01
-2.3976702056680718e-01
-2.6220710539351783e-01
-2.8783476889118315e-01
-3.1729827953165740e-01
-3.5140823497464685e-01
-3.9117508120401695e-01
-4.3790797313814861e-01
-4.9332148430385941e-01
-5.5965703802001976e-01
-6.3996283091378192e-01
-7.3838610873580468e-01
-8.6070307282444958e-01
-1.0151779458166128e+00
-1.2133668547631860e+00
-1.4735769060787594e+00
-1.8236527272115739e+00
-2.3073095538872899e+00
-2.9957259674795491e+00
-4.0069178336260904e+00
-5.5194059567666969e+00
-7.6911170793144645e+00
-1.0015506734954233e+01
-1.0635321291664704e+01
-9.9402091368207639e+00
-9.0671179866516045e+00
-7.0402167720114663e+00
-4.6714592315794397e+00
-3.0807994750367036e+00
-2.1263263197306874e+00
-1.5390068774368844e+00
-1.1600173720594988e+00
-9.0349090846799274e-01
-7.2284302875311535e-01
-5.9120639315582446e-01
-5.0212674585068096e-01
-6.0291564991722035e-01
-7.3619736396074076e-01
-9.1709655769189391e-01
-1.1702024985336805e+00
-1.5365879087812802e+00
-2.0882346755109369e+00
-2.9470601507332996e+00
-4.2801027092926667e+00
-5.9997861436101250e+00
-6.9127981513779897e+00
0.0000000000000000e+00
2.4055929233035767e-01
0.0000000000000000e+00
0.0000000000000000e+00
];
