%Vec Object:sol 1 MPI processes
%  type: mpi
sol = [
0.0000000000000000e+00
-2.5575761840406983e+01
-1.9642365606451651e+01
-1.2697108087722128e+01
-8.0394540205219336e+00
-5.3562462150228409e+00
-3.7721645722919632e+00
-2.7807405751866150e+00
-2.1278958687007639e+00
-1.6780861282909996e+00
-1.3552786948432494e+00
-1.1164633500405008e+00
-9.3531054084385179e-01
-7.9478032154758316e-01
-6.8356638902980915e-01
-5.9408222840309699e-01
-5.2108416543383818e-01
-4.6075607505680166e-01
-4.1028152720793803e-01
-3.6763056236913494e-01
-3.3132642890401059e-01
-3.0012258039916029e-01
-2.7314583050632613e-01
-2.4967256002848992e-01
-2.2909835769191050e-01
-2.1097240807207712e-01
-1.9493458193916274e-01
-1.8066675887314354e-01
-1.6790886262546029e-01
-1.5647156539103108e-01
-1.4617728914680803e-01
-1.3686131088838280e-01
-1.2842089195521697e-01
-1.2075021370558953e-01
-1.1374405667767182e-01
-1.0733864462558959e-01
-1.0146958580743470e-01
-9.6070131843594767e-02
-9.1094660101235306e-02
-8.6504340165899696e-02
-8.2255779760083511e-02
-7.8314298583084987e-02
-7.4656537130008388e-02
-7.1253790956950724e-02
-6.8078427659131024e-02
-6.5116688476353574e-02
-6.2349368744994395e-02
-5.9753673185267288e-02
-5.7321905708452595e-02
-5.5040683574055817e-02
-5.2892112403161932e-02
-5.0870980713258192e-02
-4.8967909036094354e-02
-4.7169751473989385e-02
-4.5471712373962213e-02
-4.3867572326439591e-02
-4.2347555016739938e-02
-4.0907212353556675e-02
-3.9542496761897299e-02
-3.8246054541127603e-02
-3.7013762653153343e-02
-3.5843071875603656e-02
-3.4728388176897058e-02
-3.3665909806966161e-02
-3.2654120661717211e-02
-3.1688715270692058e-02
-3.0766214910979472e-02
-2.9885811093331952e-02
-2.9044147157480438e-02
-2.8238069108933225e-02
-2.7467246350417428e-02
-2.6729023366843067e-02
-2.6020570073958454e-02
-2.5341870303805865e-02
-2.4690787199981582e-02
-2.4064810590136886e-02
-2.3464122095797083e-02
-2.2886967978557080e-02
-2.2331151158770265e-02
-2.1796967423474530e-02
-2.1282944690033622e-02
-2.0787189725553750e-02
-2.0310052712818851e-02
-1.9850266861952681e-02
-1.9406231819074686e-02
-1.8978309453883936e-02
-1.8565380487412630e-02
-1.8166125213917809e-02
-1.7780887005844469e-02
-1.7851303934557580e-02
-1.8290151792829848e-02
-1.8745377652627359e-02
-1.9217301569948678e-02
-1.9706349274652653e-02
-2.0214237744779647e-02
-2.0741321320320125e-02
-2.1288353638141744e-02
-2.1857173200476240e-02
-2.2448172359310646e-02
-2.3062527427495979e-02
-2.3702217905033678e-02
-2.4367682910714148e-02
-2.5060637017362105e-02
-2.5783229242186293e-02
-2.6535961716000391e-02
-2.7321230316231654e-02
-2.8141394340874839e-02
-2.8997045999644169e-02
-2.9891441584907814e-02
-3.0827209109801638e-02
-3.1805073860258874e-02
-3.2829379833003845e-02
-3.3902869351189538e-02
-3.5027182385043140e-02
-3.6207328077517802e-02
-3.7446410174208612e-02
-3.8747420979647645e-02
-4.0116095585396451e-02
-4.1556143189499635e-02
-4.3071927588607339e-02
-4.4670059117957586e-02
-4.6355106190965181e-02
-4.8134352808048876e-02
-5.0015778713393598e-02
-5.2004981351342044e-02
-5.4112149833090130e-02
-5.6346939461516934e-02
-5.8717114349523626e-02
-6.1236575052555309e-02
-6.3917061291150851e-02
-6.6770969227844132e-02
-6.9815843697017613e-02
-7.3067065195252787e-02
-7.6543588590839914e-02
-8.0268299313124097e-02
-8.4262066971158137e-02
-8.8553330669055449e-02
-9.3172893239178323e-02
-9.8150479433907173e-02
-1.0352823036454882e-01
-1.0934820885398906e-01
-1.1565763225867404e-01
-1.2251616690342072e-01
-1.2998535474656589e-01
-1.3814012433468575e-01
-1.4706873963738618e-01
-1.5686529039026928e-01
-1.6765035145494123e-01
-1.7955951831694300e-01
-1.9274795782063625e-01
-2.0741085797216535e-01
-2.2376945414458194e-01
-2.4209319052585301e-01
-2.6271195352839294e-01
-2.8601199082294837e-01
-3.1248315634964030e-01
-3.4272175219177559e-01
-3.7746129931717126e-01
-4.1764569469449692e-01
-4.6445301535215788e-01
-5.1940823237422529e-01
-5.8441565244843041e-01
-6.6207495016831741e-01
-7.5594573910467422e-01
-8.7080407970358820e-01
-1.0132894036611251e+00
-1.1928956207630810e+00
-1.4234110510463542e+00
-1.7246504773512230e+00
-2.1285919710348007e+00
-2.6857910531270131e+00
-3.4752330104294886e+00
-4.6316703221010087e+00
-6.3559325948087473e+00
-8.8319143670004916e+00
-1.1496506039959716e+01
-1.2151397587115223e+01
-1.1234034255882690e+01
-1.0129498855638747e+01
-7.7213980404440496e+00
-5.0438816654596623e+00
-3.2983453164274437e+00
-2.2656705435247235e+00
-1.6353540673273532e+00
-1.2300866929326431e+00
-9.5681784557358984e-01
-7.6474416156931058e-01
-6.2490461596318803e-01
-5.3036585916119672e-01
-6.3673318169214055e-01
-7.7741569285010081e-01
-9.6834618273717998e-01
-1.2354698477995394e+00
-1.6228472356049735e+00
-2.2065919488473984e+00
-3.1189752065716205e+00
-4.5468718226412213e+00
-6.4245134661788299e+00
-7.4510397737626688e+00
0.0000000000000000e+00
1.3464638167935297e-01
0.0000000000000000e+00
0.0000000000000000e+00
];
