%Vec Object:sol 1 MPI processes
%  type: mpi
sol = [
0.0000000000000000e+00
-1.5671474458544008e+01
-1.2524192848378842e+01
-8.5523721917625064e+00
-5.6377613247807750e+00
-3.8511848102807424e+00
-2.7564438474889865e+00
-2.0550286780090010e+00
-1.5851521221154128e+00
-1.2574932843157265e+00
-1.0207929926791712e+00
-8.4423951172108413e-01
-7.0949016990669478e-01
-6.0448869300485975e-01
-5.2108234532871323e-01
-4.5376287552131461e-01
-3.9870158675281758e-01
-3.5309326978808470e-01
-3.1486122440505415e-01
-2.8254320881861666e-01
-2.5498463763193713e-01
-2.3125755734073003e-01
-2.1071456975748060e-01
-1.9281581144133150e-01
-1.7710781076948512e-01
-1.6325313160263069e-01
-1.5098194893208886e-01
-1.4005185409304613e-01
-1.3026471490948396e-01
-1.2148409942307845e-01
-1.1357539127292210e-01
-1.0641291677662508e-01
-9.9919554545021230e-02
-9.4014886970627071e-02
-8.8618262644364815e-02
-8.3681665797424282e-02
-7.9156131929220649e-02
-7.4990405594829612e-02
-7.1149846225202276e-02
-6.7605000827969178e-02
-6.4322518007046345e-02
-6.1275837938947558e-02
-5.8447337469457294e-02
-5.5814953241482924e-02
-5.3357351201227879e-02
-5.1064256026146219e-02
-4.8920919974082079e-02
-4.6909615830530799e-02
-4.5024708664724349e-02
-4.3255924623080477e-02
-4.1589293283000962e-02
-4.0021022101719088e-02
-3.8543919070293788e-02
-3.7147712064629530e-02
-3.5828833832871429e-02
-3.4582541823315029e-02
-3.3401192155759173e-02
-3.2281420034189642e-02
-3.1220166390448185e-02
-3.0211679185115484e-02
-2.9252799560064005e-02
-2.8341629129304661e-02
-2.7473791121279938e-02
-2.6646344586037780e-02
-2.5858190224243287e-02
-2.5105958830941369e-02
-2.4386939405321120e-02
-2.3700578458540011e-02
-2.3044248796465022e-02
-2.2415478348471261e-02
-2.1814080615476055e-02
-2.1237976579375220e-02
-2.0684938069924892e-02
-2.0155018245807906e-02
-1.9646543256241853e-02
-1.9157529839155401e-02
-1.8688179944962725e-02
-1.8237118558290414e-02
-1.7802605074399840e-02
-1.7384925071416077e-02
-1.6982922686935666e-02
-1.6595095034400615e-02
-1.6221764773178129e-02
-1.5861935171990037e-02
-1.5514334207288967e-02
-1.5179288370667428e-02
-1.4855914605292305e-02
-1.4543163467966044e-02
-1.4241341823284173e-02
-1.4304338620461271e-02
-1.4662738148031004e-02
-1.5034616413346656e-02
-1.5420242635878083e-02
-1.5819972048613046e-02
-1.6235217188518048e-02
-1.6666276639610820e-02
-1.7113775475747398e-02
-1.7579228434868151e-02
-1.8062966753230124e-02
-1.8565963767213360e-02
-1.9089852868433430e-02
-1.9635005390668203e-02
-2.0202838798128165e-02
-2.0795129086668775e-02
-2.1412301398883053e-02
-2.2056336073126629e-02
-2.2729185899202763e-02
-2.3431352524623153e-02
-2.4165528064475736e-02
-2.4933891054247429e-02
-2.5737055660433175e-02
-2.6578614941249169e-02
-2.7460847121487966e-02
-2.8385123474418530e-02
-2.9355592801835525e-02
-3.0374837558523417e-02
-3.1445349638214673e-02
-3.2571873918603243e-02
-3.3757464078459816e-02
-3.5006080023790825e-02
-3.6323268534645785e-02
-3.7712751187672949e-02
-3.9180426990812416e-02
-4.0732944243197816e-02
-4.2374987193084378e-02
-4.4115044982226029e-02
-4.5961175724603995e-02
-4.7919879139437870e-02
-5.0002747782374304e-02
-5.2219597658578067e-02
-5.4580799571672008e-02
-5.7101010215272537e-02
-5.9793108388666943e-02
-6.2672956332711000e-02
-6.5759704670709684e-02
-6.9070853229998397e-02
-7.2630220393374245e-02
-7.6463626720340364e-02
-8.0596030649822986e-02
-8.5062769756895362e-02
-8.9899171740222703e-02
-9.5144915292208532e-02
-1.0085013042346945e-01
-1.0706659722818374e-01
-1.1385736386607734e-01
-1.2129673812879453e-01
-1.2946403777597626e-01
-1.3846089361574293e-01
-1.4840172220565473e-01
-1.5941757773273998e-01
-1.7167340739632378e-01
-1.8534840631264901e-01
-2.0067053430726725e-01
-2.1792325005559746e-01
-2.3743312827023130e-01
-2.5961457472250243e-01
-2.8497253786451526e-01
-3.1412876657033328e-01
-3.4788396082803297e-01
-3.8723862869792330e-01
-4.3348918808461129e-01
-4.8833372361394145e-01
-5.5399237370156873e-01
-6.3348480923818362e-01
-7.3092009223213661e-01
-8.5200636889870796e-01
-1.0046239357681130e+00
-1.2008448957068860e+00
-1.4585208587051273e+00
-1.8052651157798656e+00
-2.2837187716967655e+00
-2.9658232898354080e+00
-3.9669707728580645e+00
-5.4649534390498928e+00
-7.6162770804023774e+00
-9.9165301377277135e+00
-1.0530726238983053e+01
-9.8489813487954443e+00
-8.9895612234810702e+00
-6.9887699106678740e+00
-4.6423861654415726e+00
-3.0634932489463123e+00
-2.1150383477195178e+00
-1.5311494604447786e+00
-1.1541934321531129e+00
-8.9902579657030501e-01
-7.1930662181714466e-01
-5.8833231730231417e-01
-4.9967677342264799e-01
-5.9995966425044978e-01
-7.3256927925233739e-01
-9.1255010311274842e-01
-1.1643214539364428e+00
-1.5287831484242942e+00
-2.0773799549264313e+00
-2.9312171414854551e+00
-4.2552567510177717e+00
-5.9601294809180407e+00
-6.8625578820700142e+00
0.0000000000000000e+00
2.4055929233035767e-01
0.0000000000000000e+00
0.0000000000000000e+00
];
