%Vec Object:sol 1 MPI processes
%  type: mpi
sol = [
0.0000000000000000e+00
-4.2290116613885331e+01
-2.7172636212539455e+01
-1.5174264970777532e+01
-8.9813488786313460e+00
-5.7932195446762567e+00
-4.0087734254708165e+00
-2.9236830789752148e+00
-2.2216633683354994e+00
-1.7419810992329843e+00
-1.4013150221677981e+00
-1.1508340769409031e+00
-9.6157833550164196e-01
-8.1501226300828977e-01
-6.9931223329286807e-01
-6.0644983919290840e-01
-5.3085717968962276e-01
-4.6850013624554598e-01
-4.1641893011793935e-01
-3.7253526481899635e-01
-3.3522209555863636e-01
-3.0318242041325388e-01
-2.7550899055153671e-01
-2.5145084571554061e-01
-2.3038158703023057e-01
-2.1183234169951154e-01
-1.9542080176431786e-01
-1.8083304748929574e-01
-1.6779989078712287e-01
-1.5612527718716696e-01
-1.4562565509812628e-01
-1.3613112999508831e-01
-1.2753540985552544e-01
-1.1972933392435069e-01
-1.1260469540252628e-01
-1.0609560186686881e-01
-1.0013571132950383e-01
-9.4656519330687736e-02
-8.9611041513653400e-02
-8.4959261854833976e-02
-8.0656714469913168e-02
-7.6667831952548060e-02
-7.2968488560097244e-02
-6.9529297068311097e-02
-6.6322055887257647e-02
-6.3332475111187572e-02
-6.0540895004883237e-02
-5.7924177480584198e-02
-5.5474227313057796e-02
-5.3177347058140763e-02
-5.1015448699712120e-02
-4.8983013376558679e-02
-4.7070435900716079e-02
-4.5264457901263641e-02
-4.3560062020722434e-02
-4.1950851898829668e-02
-4.0426987394638181e-02
-3.8983868256454043e-02
-3.7617297905406931e-02
-3.6319887763422383e-02
-3.5087418799424001e-02
-3.3917208635836964e-02
-3.2803645539468448e-02
-3.1742876305968726e-02
-3.0733260907758724e-02
-2.9770486501291018e-02
-2.8851057376159540e-02
-2.7974046915783757e-02
-2.7136097312300492e-02
-2.6334063839468232e-02
-2.5567501847636988e-02
-2.4833758764496425e-02
-2.4130032878880870e-02
-2.3456197493987301e-02
-2.2810121856900852e-02
-2.2189337021277716e-02
-2.1593917798355605e-02
-2.1022119551406346e-02
-2.0471793843449927e-02
-1.9943133938627546e-02
-1.9434680141697896e-02
-1.8944590529706609e-02
-1.8473117852780337e-02
-1.8019011553096129e-02
-1.7580721130995999e-02
-1.7158516985200812e-02
-1.6751300609481694e-02
-1.6357797101096087e-02
-1.5978265224878704e-02
-1.6008718971181075e-02
-1.6368572853915773e-02
-1.6741358784414226e-02
-1.7127256971998801e-02
-1.7526541203719430e-02
-1.7940650008058692e-02
-1.8369775265903415e-02
-1.8814466548352862e-02
-1.9276241884985657e-02
-1.9755304244673994e-02
-2.0252556568387224e-02
-2.0769608147770641e-02
-2.1306676181164653e-02
-2.1865110228777941e-02
-2.2446629340872690e-02
-2.3051473318659071e-02
-2.3681552906901229e-02
-2.4338724176885915e-02
-2.5023265607553788e-02
-2.5737791298843776e-02
-2.6484334560266398e-02
-2.7263240191562413e-02
-2.8078004529728244e-02
-2.8930689334779713e-02
-2.9822373538042415e-02
-3.0757041119997709e-02
-3.1736981814321406e-02
-3.2764361521781402e-02
-3.3843665961515390e-02
-3.4977562523191445e-02
-3.6169625656333783e-02
-3.7425021898167501e-02
-3.8746966275737670e-02
-4.0140873551363240e-02
-4.1612853661632893e-02
-4.3166925322774080e-02
-4.4810937729627062e-02
-4.6552195870912319e-02
-4.8396325580902309e-02
-5.0354031764701823e-02
-5.2434082241627274e-02
-5.4645687336559834e-02
-5.7002233367476354e-02
-5.9515146083738805e-02
-6.2198679179950818e-02
-6.5070162745136870e-02
-6.8145054671044786e-02
-7.1444859456271242e-02
-7.4992763643103935e-02
-7.8810196476949937e-02
-8.2927808337573405e-02
-8.7378527501703232e-02
-9.2197578729153545e-02
-9.7429857104419745e-02
-1.0312123178766766e-01
-1.0932783394225472e-01
-1.1611586156428236e-01
-1.2355540396641304e-01
-1.3173695882203082e-01
-1.4076197240083357e-01
-1.5074632688829984e-01
-1.6183643022529653e-01
-1.7419770361188269e-01
-1.8803191940077549e-01
-2.0358639505500739e-01
-2.2115021044077371e-01
-2.4109092403163526e-01
-2.6385586277932332e-01
-2.8999536671164100e-01
-3.2021893069391194e-01
-3.5541213073339750e-01
-3.9672284215327164e-01
-4.4565483593325761e-01
-5.0417342427455258e-01
-5.7493372146455568e-01
-6.6147006294352262e-01
-7.6891011469608128e-01
-9.0448950776187442e-01
-1.0787391074062482e+00
-1.3075167897275555e+00
-1.6149073047926319e+00
-2.0396041929610336e+00
-2.6455463758887792e+00
-3.5346854016199405e+00
-4.8648446966876158e+00
-6.7687963428140927e+00
-8.7782757916237983e+00
-9.3060954843726549e+00
-8.7355780342443143e+00
-8.0145927052031602e+00
-6.3136438666658101e+00
-4.2481529003937792e+00
-2.8227491044969444e+00
-1.9553366226895352e+00
-1.4177349266114128e+00
-1.0693683192275181e+00
-8.3299920072323230e-01
-6.6628884822924517e-01
-5.4469349127431854e-01
-4.6231725389249900e-01
-5.5438261132088262e-01
-6.7598484296815198e-01
-8.4081713501231059e-01
-1.0710422306633902e+00
-1.4035352709769777e+00
-1.9019170968177401e+00
-2.6717144373937805e+00
-3.8467002280870126e+00
-5.3057262618379255e+00
-6.0380188272308608e+00
0.0000000000000000e+00
1.3464638167935297e-01
0.0000000000000000e+00
0.0000000000000000e+00
];
