%Vec Object:sol 1 MPI processes
%  type: mpi
sol = [
0.0000000000000000e+00
-1.4838789046118334e+01
-1.1993272392102050e+01
-8.2916078789623313e+00
-5.5080392161280951e+00
-3.7792636176207246e+00
-2.7104979563084926e+00
-2.0249454032282235e+00
-1.5633533647420539e+00
-1.2410007027890411e+00
-1.0079184409695607e+00
-8.3417880907291364e-01
-7.0150934316438518e-01
-5.9800157305172041e-01
-5.1564018184714788e-01
-4.4914595918043526e-01
-3.9474684665233339e-01
-3.4967766827922536e-01
-3.1189047868791953e-01
-2.7994308254443839e-01
-2.5269628277744188e-01
-2.2923413422215597e-01
-2.0891770809122392e-01
-1.9121402166076459e-01
-1.7567522413847311e-01
-1.6196809572471541e-01
-1.4982617972509052e-01
-1.3901245050087055e-01
-1.2933284560531727e-01
-1.2064708413575800e-01
-1.1282240601457720e-01
-1.0573476107469069e-01
-9.9308167145969406e-02
-9.3463273869970512e-02
-8.8120405838705992e-02
-8.3232232705110529e-02
-7.8750427284072277e-02
-7.4624331569499089e-02
-7.0819757345070428e-02
-6.7307641075232794e-02
-6.4055009963876725e-02
-6.1035616158486274e-02
-5.8232081907870811e-02
-5.5622590914214537e-02
-5.3186031484796212e-02
-5.0912287353840208e-02
-4.8786776395267163e-02
-4.6791933523851179e-02
-4.4922229499385541e-02
-4.3167505764932217e-02
-4.1513907753196841e-02
-3.9957719605130074e-02
-3.8491830749889648e-02
-3.7106050658613755e-02
-3.5796870031839539e-02
-3.4559608554946449e-02
-3.3386666999962455e-02
-3.2274362028775677e-02
-3.1220051409092620e-02
-3.0218063802240003e-02
-2.9265272092638343e-02
-2.8359806968270718e-02
-2.7497320102036819e-02
-2.6674895142545257e-02
-2.5891455657065819e-02
-2.5143653824653552e-02
-2.4428797505799286e-02
-2.3746351766095256e-02
-2.3093705703310777e-02
-2.2468401469473209e-02
-2.1870268087093175e-02
-2.1297239090843075e-02
-2.0747096813132592e-02
-2.0219907752339717e-02
-1.9714007806428718e-02
-1.9227421277410544e-02
-1.8760361831844954e-02
-1.8311462044732579e-02
-1.7878986606081403e-02
-1.7463231550884851e-02
-1.7063046894478729e-02
-1.6676933354561524e-02
-1.6305223017587037e-02
-1.5946923622395182e-02
-1.5600765560510278e-02
-1.5267083861479683e-02
-1.4944998737909084e-02
-1.4633462409119559e-02
-1.4332789467116826e-02
-1.4399220306112967e-02
-1.4763095966027146e-02
-1.5140691135383766e-02
-1.5532285521645066e-02
-1.5938245492183787e-02
-1.6360001743774361e-02
-1.6797865024757212e-02
-1.7252474880549842e-02
-1.7725367289795822e-02
-1.8216887641643399e-02
-1.8728028235716860e-02
-1.9260447331607502e-02
-1.9814532799455255e-02
-2.0391727078823009e-02
-2.0993835358928407e-02
-2.1621302251236627e-02
-2.2276141022363090e-02
-2.2960338916975010e-02
-2.3674420741654899e-02
-2.4421122019049911e-02
-2.5202662255054100e-02
-2.6019683516229127e-02
-2.6875836064098355e-02
-2.7773445390367767e-02
-2.8713922695212980e-02
-2.9701486365167003e-02
-3.0738775526670405e-02
-3.1828339747879464e-02
-3.2975008142221082e-02
-3.4181903867533552e-02
-3.5453068737088228e-02
-3.6794152954535780e-02
-3.8208964780196482e-02
-3.9703518398119642e-02
-4.1284591160310594e-02
-4.2956977678324272e-02
-4.4729328110611921e-02
-4.6609863000709711e-02
-4.8605230851116503e-02
-5.0727243875157785e-02
-5.2985923542555546e-02
-5.5391860833567480e-02
-5.7959998421197999e-02
-6.0703488026242897e-02
-6.3638515420714276e-02
-6.6784612995188605e-02
-7.0159653056391172e-02
-7.3787929812114308e-02
-7.7695786278934781e-02
-8.1908709075103295e-02
-8.6462735962934648e-02
-9.1393919621064940e-02
-9.6742753887373759e-02
-1.0256037170219758e-01
-1.0889961525518038e-01
-1.1582480469921375e-01
-1.2341173970432839e-01
-1.3174135566733494e-01
-1.4091730946051317e-01
-1.5105631235197228e-01
-1.6229205135310029e-01
-1.7479269097845776e-01
-1.8874909639112672e-01
-2.0439384656705004e-01
-2.2201188230392985e-01
-2.4193725606809491e-01
-2.6459381575440866e-01
-2.9049810378333785e-01
-3.2028624424840396e-01
-3.5477744083637247e-01
-3.9494469792075693e-01
-4.4213805429512137e-01
-4.9809453011656463e-01
-5.6507576313729846e-01
-6.4615702625398908e-01
-7.4552178223580545e-01
-8.6899571178803248e-01
-1.0249234669800551e+00
-1.2253264684823701e+00
-1.4879459690617518e+00
-1.8411860566433578e+00
-2.3297250878812292e+00
-3.0241921986025480e+00
-4.0449060152848526e+00
-5.5711065296635294e+00
-7.7620175805643941e+00
-1.0109063479428757e+01
-1.0732680330619861e+01
-1.0026160951509690e+01
-9.1400275620237768e+00
-7.0884819492143087e+00
-4.6986934750357383e+00
-3.0969982130998401e+00
-2.1368642129664770e+00
-1.5463556209933109e+00
-1.1654514515038659e+00
-9.0766510924518207e-01
-7.2614832881014246e-01
-5.9389214043491401e-01
-5.0440325803203012e-01
-6.0567725060121202e-01
-7.3958622818087927e-01
-9.2134236744843945e-01
-1.1756705902726330e+00
-1.5438737696688709e+00
-2.0983652508510948e+00
-2.9618411349638425e+00
-4.3032786106196399e+00
-6.0367867182611654e+00
-6.9597076637121633e+00
0.0000000000000000e+00
2.4055929233035767e-01
0.0000000000000000e+00
0.0000000000000000e+00
];
