%Vec Object:sol 1 MPI processes
%  type: mpi
sol = [
0.0000000000000000e+00
-2.3802399625621447e+01
-1.8636182143459799e+01
-1.2301018257466675e+01
-7.8729752008929959e+00
-5.2740627452504842e+00
-3.7231310009479479e+00
-2.7515282079761998e+00
-2.1078904499114426e+00
-1.6631605044532420e+00
-1.3444727767933085e+00
-1.1085615435060374e+00
-9.2939108136027326e-01
-7.9000853296588724e-01
-6.7962021414471041e-01
-5.9078659483873985e-01
-5.1830938662307968e-01
-4.5840449224318131e-01
-4.0828458038568688e-01
-3.6598684371320539e-01
-3.2997039843522896e-01
-2.9900359534677901e-01
-2.7222367927252755e-01
-2.4891515500797051e-01
-2.2847997628016262e-01
-2.1047205701126498e-01
-1.9453496233846709e-01
-1.8035360867596253e-01
-1.6767032441019919e-01
-1.5629761985032536e-01
-1.4605949166637081e-01
-1.3679254621406894e-01
-1.2839502853893930e-01
-1.2076199873142211e-01
-1.1378897962927620e-01
-1.0741223619679467e-01
-1.0156428640993467e-01
-9.6183680300892235e-02
-9.1225114966277374e-02
-8.6649975392252276e-02
-8.2415064313920205e-02
-7.8485865426207960e-02
-7.4839163645661552e-02
-7.1446383460021051e-02
-6.8280001547784797e-02
-6.5326361726478557e-02
-6.2566348159044063e-02
-5.9977235016921968e-02
-5.7551403919074616e-02
-5.5275535275348668e-02
-5.3131777551881428e-02
-5.1114979224353270e-02
-4.9215807121680208e-02
-4.7421142936717488e-02
-4.5726234953555926e-02
-4.4124900140228032e-02
-4.2607380141505793e-02
-4.1169257951367867e-02
-3.9806516204978562e-02
-3.8511813045709942e-02
-3.7281046238295736e-02
-3.6111692885180402e-02
-3.4998166863673998e-02
-3.3936679119582952e-02
-3.2925737325969893e-02
-3.1961041322634297e-02
-3.1039118815974764e-02
-3.0159183315900666e-02
-2.9317881722732954e-02
-2.8512061683109765e-02
-2.7741413272908712e-02
-2.7003283283449635e-02
-2.6294839749018944e-02
-2.5616086074959864e-02
-2.4964886728118040e-02
-2.4338727220969230e-02
-2.3737807727807449e-02
-2.3160374974692019e-02
-2.2604226068238288e-02
-2.2069674323832330e-02
-2.1555247297747597e-02
-2.1059045251481626e-02
-2.0581434814225908e-02
-2.0121147984910333e-02
-1.9676577905381635e-02
-1.9248101727329228e-02
-1.8834598052691415e-02
-1.8434741270620933e-02
-1.8048888774163271e-02
-1.8125466766816842e-02
-1.8576276176687435e-02
-1.9043972505499260e-02
-1.9528895684354144e-02
-2.0031493043494664e-02
-2.0553522489454634e-02
-2.1095361309420437e-02
-2.1657792312656795e-02
-2.2242700871815898e-02
-2.2850505909579866e-02
-2.3482422980199875e-02
-2.4140485435297100e-02
-2.4825163309074642e-02
-2.5538223717784081e-02
-2.6281877854579812e-02
-2.7056664130923488e-02
-2.7865048367641136e-02
-2.8709462175594603e-02
-2.9590540841661184e-02
-3.0511633289305541e-02
-3.1475452422184393e-02
-3.2482775417907221e-02
-3.3538068475491671e-02
-3.4644170112871693e-02
-3.5802797766801481e-02
-3.7019107496085224e-02
-3.8296317166391480e-02
-3.9637534435190226e-02
-4.1048655302443185e-02
-4.2533484120740928e-02
-4.4096948403758135e-02
-4.5745938963237087e-02
-4.7485090479422898e-02
-4.9321732457092773e-02
-5.1264121153074937e-02
-5.3318086515415052e-02
-5.5494163925990311e-02
-5.7802356086020107e-02
-6.0250742310762759e-02
-6.2853696306485005e-02
-6.5623396906079781e-02
-6.8572710924136582e-02
-7.1719798858315337e-02
-7.5080625777194904e-02
-7.8674842216633400e-02
-8.2526156309467996e-02
-8.6656238287314266e-02
-9.1094554837974781e-02
-9.5873037464983352e-02
-1.0102255160968492e-01
-1.0658675631354353e-01
-1.1260928648078862e-01
-1.1913913033137029e-01
-1.2623813730246985e-01
-1.3397016517325777e-01
-1.4241292237145434e-01
-1.5165793770985617e-01
-1.6180285303811803e-01
-1.7297269887225747e-01
-1.8530813228633844e-01
-1.9897014718045739e-01
-2.1416117322694778e-01
-2.3111073911862060e-01
-2.5009836031157251e-01
-2.7144125846126982e-01
-2.9555043825970984e-01
-3.2293804824336980e-01
-3.5421966355744411e-01
-3.9015226737689890e-01
-4.3170958077551802e-01
-4.8010642850974911e-01
-5.3691466414646682e-01
-6.0418989912045262e-01
-6.8461479671923053e-01
-7.8183189077501480e-01
-9.0078776372759284e-01
-1.0482631125678279e+00
-1.2336657256646404e+00
-1.4714507661155969e+00
-1.7828648344113656e+00
-2.2005434206454093e+00
-2.7740907592538724e+00
-3.5894643183579920e+00
-4.7792745047487175e+00
-6.5536146230098904e+00
-9.1004978973254786e+00
-1.1841852142035995e+01
-1.2508066738893094e+01
-1.1538564069675324e+01
-1.0379734122527717e+01
-7.8839522869413017e+00
-5.1339994525451162e+00
-3.3515363113678527e+00
-2.3002236594470373e+00
-1.6593414615225996e+00
-1.2478431793593303e+00
-9.7041540882239929e-01
-7.7551856160060817e-01
-6.3371132967657062e-01
-5.3781498150798723e-01
-6.4571667301577473e-01
-7.8843519919316207e-01
-9.8222076536715164e-01
-1.2533038723539720e+00
-1.6464841481479655e+00
-2.2394165606097909e+00
-3.1670090779082409e+00
-4.6217957476317286e+00
-6.5449898370322721e+00
-7.6051354999452405e+00
0.0000000000000000e+00
1.3464638167935297e-01
0.0000000000000000e+00
0.0000000000000000e+00
];
