%Vec Object:sol 1 MPI processes
%  type: mpi
sol = [
0.0000000000000000e+00
-1.6238597081424086e+01
-1.2879333587763504e+01
-8.7238646957910557e+00
-5.7224187117176193e+00
-3.8979647842463563e+00
-2.7855481000356042e+00
-2.0745383706830989e+00
-1.5993267695173683e+00
-1.2682235933968822e+00
-1.0287331919219067e+00
-8.5050405496421955e-01
-7.1459641307802091e-01
-6.0871856595499518e-01
-5.2463314331608812e-01
-4.5677717362847881e-01
-4.0128524287569811e-01
-3.5532617554671014e-01
-3.1680461278970562e-01
-2.8424531205703574e-01
-2.5647766367524333e-01
-2.3255634090414415e-01
-2.1184986024627098e-01
-1.9381240505346672e-01
-1.7798577428432866e-01
-1.6402899819896022e-01
-1.5166948520777510e-01
-1.4066500621157027e-01
-1.3081730681347642e-01
-1.2198294452613916e-01
-1.1402634644178050e-01
-1.0682098602358325e-01
-1.0028915887570267e-01
-9.4349885424217433e-02
-8.8921988944103955e-02
-8.3957094742219823e-02
-7.9405897248810670e-02
-7.5216814207600069e-02
-7.1354961371115813e-02
-6.7790675137382572e-02
-6.4490394259801589e-02
-6.1427386486208498e-02
-5.8583894980000939e-02
-5.5937717971296728e-02
-5.3467395630173331e-02
-5.1162565591962854e-02
-4.9008386514199885e-02
-4.6987037712435217e-02
-4.5092825990488646e-02
-4.3315411885353761e-02
-4.1640757137016912e-02
-4.0065026645269175e-02
-3.8580981594150250e-02
-3.7178301749777980e-02
-3.5853386369421598e-02
-3.4601459321485117e-02
-3.3414842065862482e-02
-3.2290143422348525e-02
-3.1224279568956122e-02
-3.0211473112783323e-02
-2.9248544493710185e-02
-2.8333576523450206e-02
-2.7462173613093537e-02
-2.6631378686137307e-02
-2.5840077709299081e-02
-2.5084887322801813e-02
-2.4363084089011149e-02
-2.3674102606264385e-02
-2.3015304889619118e-02
-2.2384209427960086e-02
-2.1780619787889973e-02
-2.1202448630593437e-02
-2.0647460759399102e-02
-2.0115700816197377e-02
-1.9605488480694381e-02
-1.9114835381206240e-02
-1.8643936000334458e-02
-1.8191410276316086e-02
-1.7755513984011040e-02
-1.7336526042077402e-02
-1.6933286668768300e-02
-1.6544290475097541e-02
-1.6169854117555754e-02
-1.5808977869520537e-02
-1.5460388000335511e-02
-1.5124405562307160e-02
-1.4800145289135565e-02
-1.4486556543876839e-02
-1.4183941263456333e-02
-1.4244710601258627e-02
-1.4599596687643563e-02
-1.4967805905915304e-02
-1.5349600618108861e-02
-1.5745328788315961e-02
-1.6156391271953865e-02
-1.6583078692417912e-02
-1.7026006706792978e-02
-1.7486676360338915e-02
-1.7965409618662821e-02
-1.8463167508471455e-02
-1.8981567358598895e-02
-1.9520969660999768e-02
-2.0082775694422590e-02
-2.0668742563634750e-02
-2.1279282636069013e-02
-2.1916354932693026e-02
-2.2581889910052336e-02
-2.3276374008316700e-02
-2.4002471256257780e-02
-2.4762333591962178e-02
-2.5556556855099947e-02
-2.6388697090219630e-02
-2.7261001772735081e-02
-2.8174816051890518e-02
-2.9134243649706855e-02
-3.0141830096496874e-02
-3.1200029664899730e-02
-3.2313532576725153e-02
-3.3485347191619309e-02
-3.4719380079477918e-02
-3.6021110819982827e-02
-3.7394204396232651e-02
-3.8844484881974679e-02
-4.0378516616980775e-02
-4.2000911741021468e-02
-4.3720054671932962e-02
-4.5543897714573164e-02
-4.7478843376429089e-02
-4.9536341300451051e-02
-5.1726073464556821e-02
-5.4058266970779305e-02
-5.6547392228595887e-02
-5.9206149849990911e-02
-6.2050191007610417e-02
-6.5098417372862372e-02
-6.8368085394481248e-02
-7.1882703022844358e-02
-7.5667749763974404e-02
-7.9747838730156978e-02
-8.4157850389710603e-02
-8.8932040874171905e-02
-9.4107331398375710e-02
-9.9735406513841621e-02
-1.0586724072041480e-01
-1.1256491629041741e-01
-1.1990160370049857e-01
-1.2795536528817567e-01
-1.3682626476758339e-01
-1.4662692027667848e-01
-1.5748629708906550e-01
-1.6956669895828350e-01
-1.8305225882448872e-01
-1.9816738118505031e-01
-2.1518701516919050e-01
-2.3443340892920606e-01
-2.5631553512569399e-01
-2.8133175254250553e-01
-3.1009574555442226e-01
-3.4339793175690247e-01
-3.8222606508374080e-01
-4.2786020868676694e-01
-4.8197726246566930e-01
-5.4676999666016946e-01
-6.2522137996278060e-01
-7.2125180828538604e-01
-8.4052958695332003e-01
-9.9115297232197164e-01
-1.1848495851928187e+00
-1.4392713997885849e+00
-1.7812353036133832e+00
-2.2535226169805611e+00
-2.9273594310757440e+00
-3.9157035425512996e+00
-5.3949418848108248e+00
-7.5197978251436188e+00
-9.7885927247579083e+00
-1.0395000419982683e+01
-9.7304669816476199e+00
-8.8885790227020625e+00
-6.9216051818428408e+00
-4.6043685089481867e+00
-3.0408437191075972e+00
-2.1002586661081697e+00
-1.5208576501440272e+00
-1.1465637815084828e+00
-8.9317498505131288e-01
-7.1467188737238185e-01
-5.8456503657196990e-01
-4.9646525605583219e-01
-5.9608428492092103e-01
-7.2781199362726734e-01
-9.0658752755788730e-01
-1.1566076092656843e+00
-1.5185434580584756e+00
-2.0631355080591831e+00
-2.9104190541826789e+00
-4.2226349433397861e+00
-5.9080812946526544e+00
-6.7966794195169937e+00
0.0000000000000000e+00
2.4055929233035767e-01
0.0000000000000000e+00
0.0000000000000000e+00
];
