%Vec Object:sol 1 MPI processes
%  type: mpi
sol = [
0.0000000000000000e+00
-1.6845464496091441e+01
-1.3253723152142449e+01
-8.9014641445828566e+00
-5.8087771411118885e+00
-3.9462585104164134e+00
-2.8148361704340750e+00
-2.0946793119159719e+00
-1.6139677087813482e+00
-1.2786563381451854e+00
-1.0368391439206310e+00
-8.5698616250944937e-01
-7.1988319485375918e-01
-6.1310062228065676e-01
-5.2831389401042173e-01
-4.5990366474209721e-01
-4.0393912699149453e-01
-3.5756787692320302e-01
-3.1871384236947847e-01
-2.8588325546698129e-01
-2.5789778648995637e-01
-2.3381128688972219e-01
-2.1296353805600998e-01
-1.9480443992520122e-01
-1.7887228587113566e-01
-1.6482348212652570e-01
-1.5238334737750744e-01
-1.4130785239211666e-01
-1.3139728389887959e-01
-1.2250710659424298e-01
-1.1450075840172598e-01
-1.0725082922993073e-01
-1.0067901359544212e-01
-9.4703750599737374e-02
-8.9243318606040706e-02
-8.4248972712191547e-02
-7.9671054585890036e-02
-7.5457642811541659e-02
-7.1573601249810243e-02
-6.7989048693048573e-02
-6.4670206073855860e-02
-6.1590162404548857e-02
-5.8731022976634413e-02
-5.6070442364226300e-02
-5.3586829932111654e-02
-5.1269733795028832e-02
-4.9104215511035644e-02
-4.7072356815464941e-02
-4.5168404823761929e-02
-4.3381952023884951e-02
-4.1698889141508225e-02
-4.0115337514936393e-02
-3.8624009806189033e-02
-3.7214535370724000e-02
-3.5883279051441404e-02
-3.4625429980598317e-02
-3.3433273270180371e-02
-3.2303390515758763e-02
-3.1232672360400501e-02
-3.0215314803871532e-02
-2.9248116829762815e-02
-2.8329141918600375e-02
-2.7453974721200439e-02
-2.6619641365790217e-02
-2.5825012725673408e-02
-2.5066690568287912e-02
-2.4341938433558426e-02
-2.3650178760671312e-02
-2.2988762219696268e-02
-2.2355197353098582e-02
-2.1749277621202944e-02
-2.1168906930548997e-02
-2.0611842626879200e-02
-2.0078120711178139e-02
-1.9566054048760849e-02
-1.9073648795948830e-02
-1.8601091873325645e-02
-1.8146997894502810e-02
-1.7709618713718959e-02
-1.7289226513785328e-02
-1.6884657365929805e-02
-1.6494403133660133e-02
-1.6118774404203978e-02
-1.5756768266888498e-02
-1.5407109086920249e-02
-1.5070112415950472e-02
-1.4744890620276398e-02
-1.4430391713139392e-02
-1.4126912644576124e-02
-1.4185394456644705e-02
-1.4536711153496636e-02
-1.4901191875997907e-02
-1.5279091899013027e-02
-1.5670751685081176e-02
-1.6077560199340729e-02
-1.6499799831483850e-02
-1.6938076550296482e-02
-1.7393877435176411e-02
-1.7867514855249740e-02
-1.8359937200730998e-02
-1.8872745382386161e-02
-1.9406288660358550e-02
-1.9961951743752121e-02
-2.0541472396772616e-02
-2.1145249860511466e-02
-2.1775221219551347e-02
-2.2433293416453511e-02
-2.3119937986595628e-02
-2.3837790319237665e-02
-2.4588999747107893e-02
-2.5374037537841169e-02
-2.6196371638700203e-02
-2.7058245932591068e-02
-2.7961052509970146e-02
-2.8908846023643214e-02
-2.9904130800488104e-02
-3.0949318838840740e-02
-3.2049040286447290e-02
-3.3206252436225221e-02
-3.4424802084104741e-02
-3.5710094195435409e-02
-3.7065729337729468e-02
-3.8497447575580025e-02
-4.0011719030866366e-02
-4.1613072917378258e-02
-4.3309775921588071e-02
-4.5109660178303784e-02
-4.7019015607063695e-02
-4.9049130118736808e-02
-5.1209531312762978e-02
-5.3510279782244582e-02
-5.5965632416944695e-02
-5.8588081985789367e-02
-6.1393034100880775e-02
-6.4399101155937943e-02
-6.7623251886047148e-02
-7.1088630526518135e-02
-7.4820314270222107e-02
-7.8842502459683092e-02
-8.3189534546520005e-02
-8.7895695212002106e-02
-9.2999486012171007e-02
-9.8549591661279023e-02
-1.0459624772953099e-01
-1.1120065136758885e-01
-1.1843493530415541e-01
-1.2637603574549633e-01
-1.3512260626474271e-01
-1.4478566742230015e-01
-1.5549235103327622e-01
-1.6740268674392128e-01
-1.8069821340031139e-01
-1.9560019696394593e-01
-2.1237976564525105e-01
-2.3135468789382110e-01
-2.5292831020643364e-01
-2.7759216358905331e-01
-3.0595157148102814e-01
-3.3878628755840468e-01
-3.7707082844376011e-01
-4.2206827326547941e-01
-4.7541818495969085e-01
-5.3921047697380531e-01
-6.1643498684815645e-01
-7.1108017838023618e-01
-8.2870152356344362e-01
-9.7725878109306674e-01
-1.1683371810803513e+00
-1.4191614850465102e+00
-1.7561208688000216e+00
-2.2222744311804070e+00
-2.8864420025358912e+00
-3.8625168080078809e+00
-5.3221536357093919e+00
-7.4169976751477389e+00
-9.6537055815666584e+00
-1.0252962734069953e+01
-9.6060393368328967e+00
-8.7822753948718990e+00
-6.8506718997745768e+00
-4.5641341073033397e+00
-3.0168471196498823e+00
-2.0845902282474875e+00
-1.5099412735602273e+00
-1.1384687692608064e+00
-8.8696526331515624e-01
-7.0975146048267856e-01
-5.8055046521944209e-01
-4.9305458410791708e-01
-5.9196765816342545e-01
-7.2275733740153347e-01
-9.0025056117565228e-01
-1.1484077428945343e+00
-1.5076548600979391e+00
-2.0479836242771392e+00
-2.8881922441286387e+00
-4.1879148310347576e+00
-5.8526457791333479e+00
-6.7266710194614472e+00
0.0000000000000000e+00
2.4055929233035767e-01
0.0000000000000000e+00
0.0000000000000000e+00
];
