%Vec Object:sol 1 MPI processes
%  type: mpi
sol = [
0.0000000000000000e+00
-2.1977866134530014e+01
-1.7560855391079599e+01
-1.1835641006801929e+01
-7.6751373505859695e+00
-5.1739779384667139e+00
-3.6689493487189297e+00
-2.7153084424655911e+00
-2.0838010365003874e+00
-1.6467602752555299e+00
-1.3320349818761157e+00
-1.0987503134514605e+00
-9.2149529271379249e-01
-7.8380619013933195e-01
-6.7472292876245121e-01
-5.8687374351425126e-01
-5.1515393827792666e-01
-4.5584220184935725e-01
-4.0619424434236473e-01
-3.6426470753580897e-01
-3.2850499304732173e-01
-2.9775533684363825e-01
-2.7116016094077339e-01
-2.4800982098215610e-01
-2.2771104530457811e-01
-2.0982132338061057e-01
-1.9398707628197356e-01
-1.7989566554994849e-01
-1.6729139430466447e-01
-1.5598827714649000e-01
-1.4581165429031559e-01
-1.3659930672545703e-01
-1.2825032201175324e-01
-1.2066054965388022e-01
-1.1372624191333246e-01
-1.0738472368618575e-01
-1.0157259951222333e-01
-9.6224008216079640e-02
-9.1294036760775715e-02
-8.6744474162779195e-02
-8.2532484397796174e-02
-7.8623853936171162e-02
-7.4995628652232901e-02
-7.1619466078658170e-02
-6.8468041432454163e-02
-6.5527876115696160e-02
-6.2780010631955568e-02
-6.0201847177717246e-02
-5.7785895404032298e-02
-5.5518944078872166e-02
-5.3383223125155276e-02
-5.1373676074008272e-02
-4.9481047116338613e-02
-4.7692271457836728e-02
-4.6002666132181569e-02
-4.4406106535823262e-02
-4.2892870015728814e-02
-4.1458588240491617e-02
-4.0099290264711686e-02
-3.8807658444037919e-02
-3.7579623753454861e-02
-3.6412701963948038e-02
-3.5301323629155057e-02
-3.4241721034176137e-02
-3.3232435354555098e-02
-3.2269178048014276e-02
-3.1348489142559131e-02
-3.0469612051178020e-02
-2.9629201830797820e-02
-2.8824111641814146e-02
-2.8054058836774590e-02
-2.7316395890246523e-02
-2.6608291356719625e-02
-2.5929773856894971e-02
-2.5278711664412003e-02
-2.4652587327081130e-02
-2.4051624474295246e-02
-2.3474072103760166e-02
-2.2917722133867145e-02
-2.2382909715832431e-02
-2.1868163320158007e-02
-2.1371576859776163e-02
-2.0893537217781463e-02
-2.0432776021553418e-02
-1.9987679801044822e-02
-1.9558644359220820e-02
-1.9144546646497996e-02
-1.8744054937788912e-02
-1.8357543617821562e-02
-1.8441260436328280e-02
-1.8905889992363551e-02
-1.9387995294616382e-02
-1.9887939411260210e-02
-2.0406194836814315e-02
-2.0944567105156450e-02
-2.1503460274220891e-02
-2.2083691185539548e-02
-2.2687199814473955e-02
-2.3314436159473262e-02
-2.3966661605281419e-02
-2.4645972328750428e-02
-2.5352874628202751e-02
-2.6089197046432339e-02
-2.6857223442780482e-02
-2.7657534931328418e-02
-2.8492679181431689e-02
-2.9365172500392406e-02
-3.0275701071488702e-02
-3.1227722331312199e-02
-3.2224048872058403e-02
-3.3265519434993500e-02
-3.4356743548562274e-02
-3.5500673111603750e-02
-3.6699117458459121e-02
-3.7957405406549509e-02
-3.9278889861402426e-02
-4.0666815097772903e-02
-4.2127284351435076e-02
-4.3664267005301280e-02
-4.5282887772277146e-02
-4.6990290139849365e-02
-4.8791314480234105e-02
-5.0693570108561806e-02
-5.2705627056387754e-02
-5.4833577645530061e-02
-5.7088349879316068e-02
-5.9480340182914766e-02
-6.2017983266985141e-02
-6.4716189766930957e-02
-6.7587634547181724e-02
-7.0645773877373474e-02
-7.3907489796420561e-02
-7.7390347197463752e-02
-8.1115357649109515e-02
-8.5107101806110613e-02
-8.9388086057069188e-02
-9.3988860284419148e-02
-9.8942539177440600e-02
-1.0428116786261463e-01
-1.1004999372207104e-01
-1.1629427659830134e-01
-1.2306482654273020e-01
-1.3042574635709001e-01
-1.3844325559476900e-01
-1.4719789761315005e-01
-1.5678452060204320e-01
-1.6730433480142801e-01
-1.7888685977251101e-01
-1.9167780580437985e-01
-2.0584393523804373e-01
-2.2159484259663315e-01
-2.3916816748534073e-01
-2.5885320946161750e-01
-2.8100403226409232e-01
-3.0603520019755021e-01
-3.3447216340135139e-01
-3.6695440876884178e-01
-4.0426833560610986e-01
-4.4742533424181935e-01
-4.9768726750197850e-01
-5.5668668824786738e-01
-6.2655840518060091e-01
-7.0991651603466166e-01
-8.1059012794141472e-01
-9.3371247214466091e-01
-1.0863625964282591e+00
-1.2786536971914062e+00
-1.5252587358917544e+00
-1.8473968749720735e+00
-2.2785273128976651e+00
-2.8724848078968468e+00
-3.7126817125345162e+00
-4.9411015246398291e+00
-6.7690514507687025e+00
-9.3915316250181906e+00
-1.2216557992095344e+01
-1.2887292559247948e+01
-1.1862221621157472e+01
-1.0646395084834211e+01
-8.0556239688895328e+00
-5.2283137367607893e+00
-3.4074406507955417e+00
-2.3364702124893153e+00
-1.6844880279366476e+00
-1.2664458885967427e+00
-9.8465045524419481e-01
-7.8677657391383660e-01
-6.4288541648306763e-01
-5.4560247368760018e-01
-6.5510347727324658e-01
-7.9994311019329356e-01
-9.9662194869049536e-01
-1.2719093892708453e+00
-1.6711238956302652e+00
-2.2736085436040012e+00
-3.2169977264854763e+00
-4.6996989972683192e+00
-6.6703259611109837e+00
-7.7657743396995187e+00
0.0000000000000000e+00
1.3464638167935297e-01
0.0000000000000000e+00
0.0000000000000000e+00
];
