%Vec Object:sol 1 MPI processes
%  type: mpi
sol = [
0.0000000000000000e+00
-2.2431777324928330e+01
-1.7832310300978047e+01
-1.1954794856642714e+01
-7.7273732033159606e+00
-5.1997632684840100e+00
-3.6829154245160591e+00
-2.7246351257637693e+00
-2.0904367139807123e+00
-1.6511357887266627e+00
-1.3352223036662072e+00
-1.1012617924680035e+00
-9.2351426588731578e-01
-7.8545532730257239e-01
-6.7608721866950283e-01
-5.8801416008517671e-01
-5.1611550125167072e-01
-4.5661067362431579e-01
-4.0676602765642106e-01
-3.6469670289755474e-01
-3.2887158339707234e-01
-2.9806664352095763e-01
-2.7142446490783184e-01
-2.4823390511002841e-01
-2.2790047174342537e-01
-2.0998073913502668e-01
-1.9412039718134363e-01
-1.8000618283462588e-01
-1.6738189494257566e-01
-1.5606116276412230e-01
-1.4586898345506172e-01
-1.3664283902727639e-01
-1.2828160086230142e-01
-1.2068091700362393e-01
-1.1373685927018921e-01
-1.0738661860980242e-01
-1.0156667656942867e-01
-9.6211060965206929e-02
-9.1274770186791018e-02
-8.6719515396288041e-02
-8.2502389736531304e-02
-7.8589120123163811e-02
-7.4956700688077429e-02
-7.1576742158031587e-02
-6.8421879714271522e-02
-6.5478598535193333e-02
-6.2727906993593804e-02
-6.0147181071812855e-02
-5.7728903541589896e-02
-5.5459840413437281e-02
-5.3322204786766615e-02
-5.1310919729185861e-02
-4.9416712848147477e-02
-4.7626508183766188e-02
-4.5935607715388307e-02
-4.4337874036056935e-02
-4.2823576968732978e-02
-4.1388337395167313e-02
-4.0028173975645676e-02
-3.8735763909424716e-02
-3.7507030759392650e-02
-3.6339481462650619e-02
-3.5227542981325410e-02
-3.4167442830721678e-02
-3.3157714398761182e-02
-3.2194066611562676e-02
-3.1273036764714261e-02
-3.0393861301047473e-02
-2.9553193314790161e-02
-2.8747884874788639e-02
-2.7977646828512025e-02
-2.7239830380826242e-02
-2.6531604065799481e-02
-2.5852990436699034e-02
-2.5201856907362957e-02
-2.4575686815587319e-02
-2.3974698107436958e-02
-2.3397139264253689e-02
-2.2840803512520703e-02
-2.2306020683654854e-02
-2.1791319043268538e-02
-2.1294794080597930e-02
-2.0816827722968011e-02
-2.0356151694705085e-02
-1.9911154156817309e-02
-1.9482226332700536e-02
-1.9068245575701630e-02
-1.8667881663680008e-02
-1.8281504797113102e-02
-1.8363435700733410e-02
-1.8824633057114969e-02
-1.9303161168633971e-02
-1.9799377476889330e-02
-2.0313748364569836e-02
-2.0848067725022731e-02
-2.1402733127794636e-02
-2.1978553153610504e-02
-2.2577454455439148e-02
-2.3199879528729695e-02
-2.3847078638522270e-02
-2.4521132666209436e-02
-2.5222539192476728e-02
-2.5953111862618367e-02
-2.6715116891041175e-02
-2.7509125171471371e-02
-2.8337664557000975e-02
-2.9203230861035708e-02
-3.0106498170553591e-02
-3.1050895948693612e-02
-3.2039217697981841e-02
-3.3072310398392833e-02
-3.4154490529720131e-02
-3.5288585083761426e-02
-3.6476608153724839e-02
-3.7723885929091545e-02
-3.9033732593155096e-02
-4.0409352794522145e-02
-4.1856791873786027e-02
-4.3379971147969307e-02
-4.4983958463679342e-02
-4.6675825574816775e-02
-4.8460351989861795e-02
-5.0345066361325443e-02
-5.2338448137915473e-02
-5.4446510584046599e-02
-5.6680068448985939e-02
-5.9049402171379425e-02
-6.1562838536012091e-02
-6.4235131255121439e-02
-6.7078806303525668e-02
-7.0107100822751858e-02
-7.3338664915687746e-02
-7.6789921443227924e-02
-8.0481067515288829e-02
-8.4436458748848670e-02
-8.8678386217649202e-02
-9.3237120547683877e-02
-9.8145471541368393e-02
-1.0343518073512113e-01
-1.0915108619342344e-01
-1.1533802948448363e-01
-1.2204635185165671e-01
-1.2933957597466478e-01
-1.3728331399918048e-01
-1.4595738005197720e-01
-1.5545576866545605e-01
-1.6587877318717717e-01
-1.7735475926093977e-01
-1.9002813908795055e-01
-2.0406419402418854e-01
-2.1967067887508385e-01
-2.3708315226875554e-01
-2.5658840265233857e-01
-2.7853744661770541e-01
-3.0334130511782553e-01
-3.3152098593126161e-01
-3.6371062223935963e-01
-4.0069010414369166e-01
-4.4346255527026723e-01
-4.9327966544262386e-01
-5.5171425591620060e-01
-6.2080977112073377e-01
-7.0338712508584100e-01
-8.0317337117273802e-01
-9.2522700416109804e-01
-1.0765755425722503e+00
-1.2672608750143537e+00
-1.5117384888722936e+00
-1.8308017898309610e+00
-2.2585395102894208e+00
-2.8476767125767553e+00
-3.6811086009689862e+00
-4.8997038234774797e+00
-6.7140746059216214e+00
-9.3185216610098589e+00
-1.2122563609879270e+01
-1.2791434670688259e+01
-1.1780529227148898e+01
-1.0579272566398416e+01
-8.0127718527613752e+00
-5.2047422814262383e+00
-3.3934394774349133e+00
-2.3274112506726610e+00
-1.6781962322654234e+00
-1.2617925820862717e+00
-9.8109072653294138e-01
-7.8396200811695071e-01
-6.4060106567375030e-01
-5.4365614702708875e-01
-6.5275790993409533e-01
-7.9706815149680232e-01
-9.9302504465290276e-01
-1.2672632524133680e+00
-1.6649728453132191e+00
-2.2650753839027682e+00
-3.2045268152417559e+00
-4.6802710841488198e+00
-6.6390633081404582e+00
-7.7256756975419627e+00
0.0000000000000000e+00
1.3464638167935297e-01
0.0000000000000000e+00
0.0000000000000000e+00
];
