%Vec Object:sol 1 MPI processes
%  type: mpi
sol = [
0.0000000000000000e+00
-1.6094416025781410e+01
-1.2789531400393880e+01
-8.6807165804781015e+00
-5.7011656425843764e+00
-3.8862315583605009e+00
-2.7784282529643227e+00
-2.0696435982964365e+00
-1.5957698839260761e+00
-1.2655304889294929e+00
-1.0267658620375595e+00
-8.4893150332241496e-01
-7.1331438162712824e-01
-6.0765636790836575e-01
-5.2374130778821670e-01
-4.5601994721996503e-01
-4.0063607700442250e-01
-3.5476503216325250e-01
-3.1631613281471732e-01
-2.8381739602696499e-01
-2.5610675330505434e-01
-2.3225065691035210e-01
-2.1158125957698345e-01
-1.9357328115334096e-01
-1.7777221504513832e-01
-1.6383772895676277e-01
-1.5149773896699439e-01
-1.4051045289699124e-01
-1.3067797040099446e-01
-1.2185711453764470e-01
-1.1391255244436124e-01
-1.0671797174214716e-01
-1.0019581418860515e-01
-9.4265241250428677e-02
-8.8845208168872258e-02
-8.3887430241673736e-02
-7.9342687495171663e-02
-7.5159479784085076e-02
-7.1302984002768355e-02
-6.7743589385491826e-02
-6.4447787413479826e-02
-6.1388889139418715e-02
-5.8549171243411094e-02
-5.5906466732268602e-02
-5.3439347398973845e-02
-5.1137472681783563e-02
-4.8986024751726552e-02
-4.6967206454634383e-02
-4.5075339170149498e-02
-4.3300099916012393e-02
-4.1627467524979041e-02
-4.0053617540503919e-02
-3.8571322902240447e-02
-3.7170275501945425e-02
-3.5846882983821743e-02
-3.4596377643989762e-02
-3.3411089680304859e-02
-3.2287634528828379e-02
-3.1222934574575163e-02
-3.0211218817793928e-02
-2.9249312897270896e-02
-2.8335304334380897e-02
-2.7464802286097958e-02
-2.6634853732152835e-02
-2.5844348325654375e-02
-2.5089906277404497e-02
-2.4368807283371857e-02
-2.3680488919092350e-02
-2.3022315922118688e-02
-2.2391809164699978e-02
-2.1788774693685370e-02
-2.1211127270042558e-02
-2.0656633475167083e-02
-2.0125340075595397e-02
-1.9615568384213286e-02
-1.9125331326040843e-02
-1.8654825245616430e-02
-1.8202671355796313e-02
-1.7767126353475868e-02
-1.7348470817222402e-02
-1.6945545956106509e-02
-1.6556847021258710e-02
-1.6182692165318938e-02
-1.5822082419998145e-02
-1.5473744493523397e-02
-1.5138000794055350e-02
-1.4813966616068031e-02
-1.4500591630855032e-02
-1.4198179004012346e-02
-1.4259506589997552e-02
-1.4615270234776103e-02
-1.4984395964051749e-02
-1.5367147862594114e-02
-1.5763875719748313e-02
-1.6175983311010084e-02
-1.6603763260201933e-02
-1.7047833586667505e-02
-1.7509698760747643e-02
-1.7989683078331146e-02
-1.8488750651818878e-02
-1.9008522830436050e-02
-1.9549362832109507e-02
-2.0112675990789197e-02
-2.0700224142191071e-02
-2.1312422866638061e-02
-2.1951236524400633e-02
-2.2618601167891713e-02
-2.3315007062680519e-02
-2.4043125271087002e-02
-2.4805114398610450e-02
-2.5601574897472047e-02
-2.6436072077655727e-02
-2.7310861129656180e-02
-2.8227293767108960e-02
-2.9189485005506246e-02
-3.0199989641677361e-02
-3.1261271392901836e-02
-3.2378034179995928e-02
-3.3553297739656825e-02
-3.4790982024629824e-02
-3.6096583465022460e-02
-3.7473781255377196e-02
-3.8928418266575698e-02
-4.0467079899270460e-02
-4.2094396404903138e-02
-4.3818778468581308e-02
-4.5648204947356080e-02
-4.7589102765709580e-02
-4.9652957416338850e-02
-5.1849484524630007e-02
-5.4188947274737005e-02
-5.6685862822629239e-02
-5.9352976526119781e-02
-6.2205992548392486e-02
-6.5263875054148796e-02
-6.8543941623221930e-02
-7.2069778143593485e-02
-7.5866949761720509e-02
-7.9960156344381916e-02
-8.4384393217289369e-02
-8.9174633279501384e-02
-9.4370156177267739e-02
-1.0002060109405947e-01
-1.0617724234677099e-01
-1.1289883632049290e-01
-1.2026051185335790e-01
-1.2834176009131848e-01
-1.3724298782716401e-01
-1.4707720172573915e-01
-1.5797381280822395e-01
-1.7009567776528955e-01
-1.8362755998271194e-01
-1.9879462662065595e-01
-2.1587275513661855e-01
-2.3518528158545327e-01
-2.5714254484175264e-01
-2.8224456109207291e-01
-3.1110704350648838e-01
-3.4452299676599019e-01
-3.8348338468320364e-01
-4.2927238735605849e-01
-4.8357223880778538e-01
-5.4858260256465130e-01
-6.2729569418672915e-01
-7.2373035823421461e-01
-8.4341051229435937e-01
-9.9453550476840225e-01
-1.1888673405758297e+00
-1.4441084116416341e+00
-1.7873419378307949e+00
-2.2611140760909740e+00
-2.9371329596677072e+00
-3.9286038183438428e+00
-5.4125717299117184e+00
-7.5441188442572216e+00
-9.8208793350463743e+00
-1.0429283514436896e+01
-9.7604339681198464e+00
-8.9141335792632503e+00
-6.9386189655441912e+00
-4.6140047231145997e+00
-3.0465862923092000e+00
-2.1040064438702633e+00
-1.5234677333143354e+00
-1.1484988048755493e+00
-8.9465896350173080e-01
-7.1584748920109820e-01
-5.8552065221543936e-01
-4.9727989579471776e-01
-5.9706736530190463e-01
-7.2901885412148038e-01
-9.0810025013231932e-01
-1.1585647146970595e+00
-1.5211416570674272e+00
-2.0667501841213500e+00
-2.9156977324564761e+00
-4.2309146111674192e+00
-5.9212891160114038e+00
-6.8133900928702413e+00
0.0000000000000000e+00
2.4055929233035767e-01
0.0000000000000000e+00
0.0000000000000000e+00
];
