%Vec Object:sol 1 MPI processes
%  type: mpi
sol = [
0.0000000000000000e+00
-2.3179814007697555e+01
-1.6814041394241070e+01
-1.0439025922383573e+01
-6.5326481627410002e+00
-4.3422923763202927e+00
-3.0586364793564242e+00
-2.2580734051227327e+00
-1.7298613216511582e+00
-1.3648929106330301e+00
-1.1033063440503172e+00
-9.0958692431290988e-01
-7.6240358637635397e-01
-6.4797077875140263e-01
-5.5728527433730890e-01
-4.8427095703944639e-01
-4.2467790443162046e-01
-3.7540683038973860e-01
-3.3417209514807233e-01
-2.9936712461123305e-01
-2.6972753355875789e-01
-2.4424037580056640e-01
-2.2219876179593820e-01
-2.0301481261503410e-01
-1.8619604520648148e-01
-1.7137595299983854e-01
-1.5826169342582760e-01
-1.4659363278224399e-01
-1.3615945687357803e-01
-1.2680525402682416e-01
-1.1838597703194392e-01
-1.1076663729149032e-01
-1.0386393328557347e-01
-9.7589517748656013e-02
-9.1857527948736417e-02
-8.6617843869767633e-02
-8.1817748845147753e-02
-7.7402382108853987e-02
-7.3334439199055773e-02
-6.9582173048527082e-02
-6.6109932824145137e-02
-6.2889277746548469e-02
-5.9901143717687039e-02
-5.7121960491448104e-02
-5.4529021966539908e-02
-5.2111125335395886e-02
-4.9852510412404447e-02
-4.7734428566083870e-02
-4.5750631930346577e-02
-4.3890140733776548e-02
-4.2138243243384436e-02
-4.0490701743258826e-02
-3.8939823351416929e-02
-3.7474811841425558e-02
-3.6091748254021241e-02
-3.4785533503574717e-02
-3.3548147304815236e-02
-3.2375946574598143e-02
-3.1265611533082785e-02
-3.0211115669842383e-02
-2.9209080781418352e-02
-2.8257412003639033e-02
-2.7351529489243298e-02
-2.6488320644740174e-02
-2.5666533292345146e-02
-2.4882645933037493e-02
-2.4133814601263601e-02
-2.3419362904614632e-02
-2.2736547879388537e-02
-2.2082796080542696e-02
-2.1457818914436336e-02
-2.0859448319823847e-02
-2.0285380352310801e-02
-1.9735580805456166e-02
-1.9208306739571145e-02
-1.8701519566255459e-02
-1.8215344628236312e-02
-1.7748353101090991e-02
-1.7298765039980849e-02
-1.6866797596832624e-02
-1.6451253155932793e-02
-1.6050601574998193e-02
-1.5665103663246482e-02
-1.5293730788785969e-02
-1.4935192342465466e-02
-1.4589758575516873e-02
-1.4256522893702498e-02
-1.3934422933997879e-02
-1.3623714410173886e-02
-1.3662374953004036e-02
-1.3982548944409302e-02
-1.4314469149529035e-02
-1.4658326131445082e-02
-1.5014391815484290e-02
-1.5383948780496160e-02
-1.5767203949671602e-02
-1.6164675003844713e-02
-1.6577723617086090e-02
-1.7006573839147089e-02
-1.7452059162375896e-02
-1.7915632557842363e-02
-1.8397539468700274e-02
-1.8899013988283083e-02
-1.9421618891841064e-02
-1.9965630341506557e-02
-2.0532787559588858e-02
-2.1124790033238982e-02
-2.1741961314869634e-02
-2.2386676055887386e-02
-2.3060809654207086e-02
-2.3764760750722504e-02
-2.4501704037767434e-02
-2.5273564763320624e-02
-2.6081409531895881e-02
-2.6928875218276357e-02
-2.7818118153534303e-02
-2.8751194261037217e-02
-2.9732224468711783e-02
-3.0763736889860352e-02
-3.1849075413655260e-02
-3.2993015618401407e-02
-3.4198619657395977e-02
-3.5470922178510590e-02
-3.6815602888252065e-02
-3.8236502028023485e-02
-3.9740900459642320e-02
-4.1335628627488873e-02
-4.3026045860444055e-02
-4.4822091717726345e-02
-4.6732016910091469e-02
-4.8764509346393932e-02
-5.0932058621477087e-02
-5.3245451536373646e-02
-5.5718077482135767e-02
-5.8366173863380069e-02
-6.1204367916429331e-02
-6.4252833623954994e-02
-6.7533375692437628e-02
-7.1066856238796466e-02
-7.4883227729412180e-02
-7.9012197277784912e-02
-8.3487106611063427e-02
-8.8350308522229984e-02
-9.3645285015307625e-02
-9.9425147994705018e-02
-1.0575253760521267e-01
-1.1269402394278656e-01
-1.2033530765191895e-01
-1.2877266673074816e-01
-1.3811624401110814e-01
-1.4850500053758056e-01
-1.6009630501887789e-01
-1.7308211106530497e-01
-1.8769283055625174e-01
-2.0419949144659830e-01
-2.2295787578977677e-01
-2.4439359437529398e-01
-2.6903068447601275e-01
-2.9754472448002284e-01
-3.3077977425759819e-01
-3.6983028444379468e-01
-4.1613070003135177e-01
-4.7155712486355555e-01
-5.3866371189539408e-01
-6.2092827342754353e-01
-7.2319931761703782e-01
-8.5236217424939564e-01
-1.0183532960970489e+00
-1.2364948254570127e+00
-1.5302927739126782e+00
-1.9368628979802636e+00
-2.5164791671452194e+00
-3.3692451265683734e+00
-4.6446749712587723e+00
-6.4658852365086990e+00
-8.3841032573870464e+00
-8.9068597082580752e+00
-8.4041638327685195e+00
-7.7505405672650314e+00
-6.1496973679981899e+00
-4.1630354397533340e+00
-2.7760035129379643e+00
-1.9271220766353951e+00
-1.3994395033385842e+00
-1.0568126479762037e+00
-8.2405667636639046e-01
-6.5972970244069074e-01
-5.3977619899767249e-01
-4.5849564030637535e-01
-5.5015215880960311e-01
-6.7126346059492992e-01
-8.3547618793259093e-01
-1.0648949509109962e+00
-1.3962759606064408e+00
-1.8931039920298378e+00
-2.6605233863194218e+00
-3.8317324949338647e+00
-5.2854030222342399e+00
-6.0153103637496459e+00
0.0000000000000000e+00
2.4055929233035767e-01
0.0000000000000000e+00
0.0000000000000000e+00
];
