%Vec Object:sol 1 MPI processes
%  type: mpi
sol = [
0.0000000000000000e+00
-1.6481918647978635e+01
-1.3030139995520170e+01
-8.7959980369568065e+00
-5.7578776819501947e+00
-3.9175236739268513e+00
-2.7974108856981115e+00
-2.0826942649109355e+00
-1.6052539567512210e+00
-1.2724733982768868e+00
-1.0320133744795355e+00
-8.5312652537336309e-01
-7.1673481054565180e-01
-6.1049062843368784e-01
-5.2612127762834060e-01
-4.5804094194496575e-01
-4.0236887740611677e-01
-3.5626306397300656e-01
-3.1761343682111198e-01
-2.8492041830646858e-01
-2.5705069626946370e-01
-2.3306257826476603e-01
-2.1229897758285546e-01
-1.9421234342212729e-01
-1.7834305594570873e-01
-1.6434908314792332e-01
-1.5195698746148376e-01
-1.4092381137142967e-01
-1.3105071019244871e-01
-1.2219379899430001e-01
-1.1421710464894036e-01
-1.0699374334534380e-01
-1.0044576725516280e-01
-9.4491961628828933e-02
-8.9050929496353098e-02
-8.4074146257431329e-02
-7.9512163624376200e-02
-7.5313262283110027e-02
-7.1442456062165663e-02
-6.7869993294878431e-02
-6.4562224717494635e-02
-6.1492345822693369e-02
-5.8642543943659663e-02
-5.5990559260978699e-02
-5.3514879124588501e-02
-5.1205104884904137e-02
-4.9046355956911501e-02
-4.7020772304274372e-02
-4.5122636504603325e-02
-4.3341581591387360e-02
-4.1663540693562234e-02
-4.0084661024792342e-02
-3.8597684154440877e-02
-3.7192269545842552e-02
-3.5864802502311194e-02
-3.4610492840040925e-02
-3.3421647384538615e-02
-3.2294863932762381e-02
-3.1227048322610730e-02
-3.0212412451506389e-02
-2.9247768085349946e-02
-2.8331190198520907e-02
-2.7458275250366267e-02
-2.6626059386279322e-02
-2.5833422445599202e-02
-2.5076975084952560e-02
-2.4353988621280926e-02
-2.3663892710062202e-02
-2.3004044803126247e-02
-2.2371959391857179e-02
-2.1767435929359469e-02
-2.1188383556498755e-02
-2.0632564087329719e-02
-2.0100018642987480e-02
-1.9589064164175822e-02
-1.9097710092966912e-02
-1.8626147828383174e-02
-1.8172995169832208e-02
-1.7736506332097040e-02
-1.7316957485776632e-02
-1.6913187185039424e-02
-1.6523688953086101e-02
-1.6148776969727750e-02
-1.5787450232844766e-02
-1.5438434262199876e-02
-1.5102047865456649e-02
-1.4777404830730949e-02
-1.4463453992353690e-02
-1.4160495252657701e-02
-1.4220335656159631e-02
-1.4573766436135119e-02
-1.4940455616291318e-02
-1.5320662685927871e-02
-1.5714732566852185e-02
-1.6124061269018955e-02
-1.6548936079184142e-02
-1.6989968720945221e-02
-1.7448654552414577e-02
-1.7925311651353863e-02
-1.8420895910133871e-02
-1.8937017977973848e-02
-1.9474033797659451e-02
-2.0033337903818269e-02
-2.0616679536779384e-02
-2.1224465700995392e-02
-2.1858646540554891e-02
-2.2521143205153884e-02
-2.3212435748380455e-02
-2.3935176507332005e-02
-2.4691506326069583e-02
-2.5482013340051908e-02
-2.6310238197702007e-02
-2.7178415526601558e-02
-2.8087879528376335e-02
-2.9042715145519885e-02
-3.0045452473431385e-02
-3.1098530047921544e-02
-3.2206615300920602e-02
-3.3372697635859247e-02
-3.4600661335408817e-02
-3.5895957935287652e-02
-3.7262228733734748e-02
-3.8705266508962777e-02
-4.0231600536798508e-02
-4.1845812765830270e-02
-4.3556243885964477e-02
-4.5370801979832197e-02
-4.7295848853738158e-02
-4.9342774465250427e-02
-5.1521204731590511e-02
-5.3841306631492288e-02
-5.6317472766096943e-02
-5.8962119627973299e-02
-6.1789862856766319e-02
-6.4820335992016212e-02
-6.8070765548509174e-02
-7.1564492215831249e-02
-7.5326808954345043e-02
-7.9382133400724933e-02
-8.3765094188758896e-02
-8.8510275617410913e-02
-9.3656516200969597e-02
-9.9252915143538914e-02
-1.0535014722916540e-01
-1.1200993569059170e-01
-1.1930503006894411e-01
-1.2731303604914604e-01
-1.3613344543519193e-01
-1.4587822856296584e-01
-1.5667560737518638e-01
-1.6868696359310584e-01
-1.8209537862807540e-01
-1.9712398483536078e-01
-2.1404618273541595e-01
-2.3318240526175668e-01
-2.5493934538610674e-01
-2.7981259579501133e-01
-3.0841245428078873e-01
-3.4152501945878405e-01
-3.8013268526207844e-01
-4.2550863891302282e-01
-4.7932086958351450e-01
-5.4375062896902360e-01
-6.2167718860645282e-01
-7.1712329453418067e-01
-8.3572980890109827e-01
-9.8551614043112035e-01
-1.1781523742351172e+00
-1.4312060761773104e+00
-1.7710518359446255e+00
-2.2408573537738148e+00
-2.9107794875684374e+00
-3.8941660035154828e+00
-5.3654844621654627e+00
-7.4782744866743105e+00
-9.7346059169498442e+00
-1.0337622598010467e+01
-9.6802529069253609e+00
-8.8457143695196834e+00
-6.8930318962373640e+00
-4.5881721966032245e+00
-3.0311874483456092e+00
-2.0939550163680614e+00
-1.5164666182970123e+00
-1.1433079804493451e+00
-8.9067774354517915e-01
-7.1269334181753030e-01
-5.8295655526278578e-01
-4.9509397103706226e-01
-5.9442930238420777e-01
-7.2578007846658676e-01
-9.0404037741605703e-01
-1.1533119111156009e+00
-1.5141676114056783e+00
-2.0570470001147534e+00
-2.9014888227880604e+00
-4.2086863530405365e+00
-5.8858294683329593e+00
-6.7685398651357334e+00
0.0000000000000000e+00
2.4055929233035767e-01
0.0000000000000000e+00
0.0000000000000000e+00
];
