%Vec Object:sol 1 MPI processes
%  type: mpi
sol = [
0.0000000000000000e+00
-1.5205553861777783e+01
-1.2228531737860388e+01
-8.4078179496801013e+00
-5.5660006999801013e+00
-3.8114348810708822e+00
-2.7310521410296809e+00
-2.0384439519041742e+00
-1.5731070909908482e+00
-1.2483788772567095e+00
-1.0136769581680563e+00
-8.3878376671915988e-01
-7.0515789786148297e-01
-6.0090164444455640e-01
-5.1807258237313669e-01
-4.5120906614496825e-01
-3.9651366867940746e-01
-3.5120328591575728e-01
-3.1321709694454608e-01
-2.8110392857591082e-01
-2.5371769387848064e-01
-2.3013707273257702e-01
-2.0971934353033025e-01
-1.9192844380124255e-01
-1.7631400720452967e-01
-1.6254092655351093e-01
-1.5034124198667867e-01
-1.3947663567109916e-01
-1.2975199891226855e-01
-1.2102626360289960e-01
-1.1316595995244631e-01
-1.0604640576728652e-01
-9.9591185113226330e-02
-9.3720530632103644e-02
-8.8354377603947348e-02
-8.3445128810113109e-02
-7.8944204793821512e-02
-7.4800700343000182e-02
-7.0979700121023073e-02
-6.7451276417782327e-02
-6.4183807824339925e-02
-6.1150896541550613e-02
-5.8335033224295847e-02
-5.5714271740039484e-02
-5.3267384382542783e-02
-5.0984170096751220e-02
-4.8849960444122986e-02
-4.6847106996076512e-02
-4.4970024690206445e-02
-4.3208495269604415e-02
-4.1548605366856062e-02
-3.9986598883577085e-02
-3.8515323491018771e-02
-3.7124547499190974e-02
-3.5810732246748404e-02
-3.4569163696821552e-02
-3.3392227081123438e-02
-3.2276580053000520e-02
-3.1219184609554688e-02
-3.0214309995252677e-02
-2.9258814904739128e-02
-2.8350816992837643e-02
-2.7485955277708300e-02
-2.6661302430817064e-02
-2.5875771756671467e-02
-2.5126005922604826e-02
-2.4409304388566998e-02
-2.3725123883081616e-02
-2.3070846258721831e-02
-2.2444007347132058e-02
-2.1844429189443449e-02
-2.1270039739455550e-02
-2.0718616674873611e-02
-2.0190220489338804e-02
-1.9683182748313228e-02
-1.9195524412622719e-02
-1.8727453872123788e-02
-1.8277600330663307e-02
-1.7844226149388496e-02
-1.7427622652520000e-02
-1.7026637247487094e-02
-1.6639769075321997e-02
-1.6267345975455937e-02
-1.5908373706713670e-02
-1.5561581611035158e-02
-1.5227300872137993e-02
-1.4904650258697178e-02
-1.4592581271711778e-02
-1.4291405023580764e-02
-1.4356298181491726e-02
-1.4717712969920698e-02
-1.5092739326741770e-02
-1.5481652275487040e-02
-1.5884813208341890e-02
-1.6303644668175993e-02
-1.6738451972341618e-02
-1.7189868192923126e-02
-1.7659419777961857e-02
-1.8147445799738430e-02
-1.8654930068552143e-02
-1.9183519693067207e-02
-1.9733595165008683e-02
-2.0306587736990168e-02
-2.0904289515616830e-02
-2.1527136427878221e-02
-2.2177126986169318e-02
-2.2856233003175085e-02
-2.3564968957331012e-02
-2.4306050918106833e-02
-2.5081680050427831e-02
-2.5892485980665687e-02
-2.6742093333129109e-02
-2.7632806455269898e-02
-2.8566018719878215e-02
-2.9545917341571984e-02
-3.0575116107415954e-02
-3.1656138807670313e-02
-3.2793776839895504e-02
-3.3991122307339847e-02
-3.5252180393416127e-02
-3.6582555016147406e-02
-3.7986015703374502e-02
-3.9468525116034638e-02
-4.1036802874665566e-02
-4.2695594290170204e-02
-4.4453477483611059e-02
-4.6318600366912738e-02
-4.8297544979318922e-02
-5.0402025272536732e-02
-5.2641970883091811e-02
-5.5027874400102761e-02
-5.7574550616880327e-02
-6.0295029306627015e-02
-6.3205351643435131e-02
-6.6324879367262959e-02
-6.9671318395964715e-02
-7.3268750275796116e-02
-7.7143284565416317e-02
-8.1320171990676426e-02
-8.5835137420835039e-02
-9.0723909708586695e-02
-9.6026618632280278e-02
-1.0179394911673503e-01
-1.0807826909235621e-01
-1.1494333058331926e-01
-1.2246426726375226e-01
-1.3072129233822891e-01
-1.3981715810824757e-01
-1.4986755156949680e-01
-1.6100498513513037e-01
-1.7339616519271728e-01
-1.8723029581713221e-01
-2.0273794634875025e-01
-2.2020161171631564e-01
-2.3995247865599120e-01
-2.6241079637933007e-01
-2.8806915039750908e-01
-3.1755778312103339e-01
-3.5169673753913844e-01
-3.9149727016079539e-01
-4.3826957449381637e-01
-4.9372956825030745e-01
-5.6012040932147145e-01
-6.4049261835721616e-01
-7.3899655089711869e-01
-8.6141265856972948e-01
-1.0160221625039372e+00
-1.2143902353604459e+00
-1.4748067822256430e+00
-1.8251539141473376e+00
-2.3092349174874500e+00
-2.9981645740037108e+00
-4.0101734680137682e+00
-5.5238397066831286e+00
-7.6972033579111105e+00
-1.0023546006903826e+01
-1.0643695680215226e+01
-9.9476086924853604e+00
-9.0734014767676925e+00
-7.0443791150539052e+00
-4.6738092086225418e+00
-3.0821975954990233e+00
-2.1272379397004708e+00
-1.5396412649919415e+00
-1.1604874913724335e+00
-9.0385126733577714e-01
-7.2312838390446055e-01
-5.9143826533066290e-01
-5.0232437905288396e-01
-6.0315406443797770e-01
-7.3648993861630618e-01
-9.1746312798917895e-01
-1.1706766039620815e+00
-1.5372169686338693e+00
-2.0891093945827235e+00
-2.9483365360544207e+00
-4.2821040986467782e+00
-6.0029808923570620e+00
-6.9168470627097989e+00
0.0000000000000000e+00
2.4055929233035767e-01
0.0000000000000000e+00
0.0000000000000000e+00
];
