%Vec Object:sol 1 MPI processes
%  type: mpi
sol = [
0.0000000000000000e+00
-4.3745353281943551e+01
-2.5011344406675757e+01
-1.3202423724195437e+01
-7.6794502499319375e+00
-4.9236751396127234e+00
-3.3960231646584522e+00
-2.4726518141872811e+00
-1.8753560421445277e+00
-1.4684119522023831e+00
-1.1792562328384422e+00
-9.6672543291206459e-01
-8.0621726163868401e-01
-6.8210580173467950e-01
-5.8413314599640065e-01
-5.0553453671832671e-01
-4.4158908627585192e-01
-3.8887238373679139e-01
-3.4487073144548919e-01
-3.0782227645561405e-01
-2.7634543240751452e-01
-2.4933765070979003e-01
-2.2603002187753121e-01
-2.0578500801756455e-01
-1.8807037148010131e-01
-1.7248622250439727e-01
-1.5871806954123782e-01
-1.4649075904288492e-01
-1.3557617718632453e-01
-1.2580840363784421e-01
-1.1703191639248660e-01
-1.0910283434777493e-01
-1.0193122983414170e-01
-9.5424681330597949e-02
-8.9491720991841134e-02
-8.4076574209934821e-02
-7.9123110429465376e-02
-7.4573533956516155e-02
-7.0388125784165617e-02
-6.6533010075572427e-02
-6.2970733118950240e-02
-5.9671331982639554e-02
-5.6614321244290472e-02
-5.3774973725462957e-02
-5.1129660846232418e-02
-4.8666156539171369e-02
-4.6367917206546608e-02
-4.4215697361555055e-02
-4.2202450203981813e-02
-4.0316648425200864e-02
-3.8543341719115526e-02
-3.6877673059760245e-02
-3.5311550314458408e-02
-3.3834057055847556e-02
-3.2440839741246175e-02
-3.1126473376628411e-02
-2.9882884676984946e-02
-2.8706142885537297e-02
-2.7592642728104202e-02
-2.6536341586126128e-02
-2.5533690044160739e-02
-2.4582329587865732e-02
-2.3677683881093016e-02
-2.2816559809998686e-02
-2.1997453699400829e-02
-2.1216857712470685e-02
-2.0471916295669364e-02
-1.9761709212395361e-02
-1.9083512104950871e-02
-1.8434791468204405e-02
-1.7815020499765011e-02
-1.7222052477569385e-02
-1.6653660009986675e-02
-1.6109576197312705e-02
-1.5588081816108261e-02
-1.5087238622408135e-02
-1.4606945697308039e-02
-1.4145801041733226e-02
-1.3702137749993598e-02
-1.3275954668822918e-02
-1.2866085492232589e-02
-1.2471116201610221e-02
-1.2091099018990106e-02
-1.1725042807986289e-02
-1.1371767771120849e-02
-1.1031347171634386e-02
-1.0702919959564166e-02
-1.0385521932864239e-02
-1.0079225238190973e-02
-1.0032044092146163e-02
-1.0188687207613295e-02
-1.0349322029901050e-02
-1.0513790020640911e-02
-1.0681984609556276e-02
-1.0854528978853303e-02
-1.1031216931712015e-02
-1.1212058178742407e-02
-1.1397644815361853e-02
-1.1587709683199479e-02
-1.1782405673975737e-02
-1.1982282764823639e-02
-1.2186998623178727e-02
-1.2396877184546927e-02
-1.2612414356211507e-02
-1.2833176170351618e-02
-1.3059688399348096e-02
-1.3292378572645400e-02
-1.3530702036040853e-02
-1.3775419392858082e-02
-1.4026872864711878e-02
-1.4284384725510947e-02
-1.4548985376516827e-02
-1.4820796940698010e-02
-1.5099323529022542e-02
-1.5385559722937644e-02
-1.5679452709155869e-02
-1.5980782224507894e-02
-1.6290416040851345e-02
-1.6608109823248233e-02
-1.6933948976909540e-02
-1.7268635075377931e-02
-1.7611683840680459e-02
-1.7963507158170126e-02
-1.8324586285903489e-02
-1.8694127468457510e-02
-1.9072879403967111e-02
-1.9460958068849881e-02
-1.9857346950489782e-02
-2.0262928578830792e-02
-2.0677196434188538e-02
-2.1099335506344144e-02
-2.1529719308347611e-02
-2.1967169301607324e-02
-2.2410946361948701e-02
-2.2860637256052065e-02
-2.3314056091334846e-02
-2.3770260423999559e-02
-2.4227544532714640e-02
-2.4682246922400900e-02
-2.5132565548723257e-02
-2.5574369987710191e-02
-2.6002495602183939e-02
-2.6412200974960436e-02
-2.6795673610620824e-02
-2.7144530798554715e-02
-2.7448762725140755e-02
-2.7693966532754990e-02
-2.7865109584608784e-02
-2.7942089810384138e-02
-2.7899128116531662e-02
-2.7706756623273193e-02
-2.7325902394271368e-02
-2.6709135364394097e-02
-2.5798567706049332e-02
-2.4520484689127389e-02
-2.2788956636809493e-02
-2.0504146866343168e-02
-1.7560912128523339e-02
-1.3897493501753079e-02
-9.6190992471667739e-03
-5.3863991203533931e-03
-2.6151202587588766e-03
-1.5769417620037868e-03
-1.3397204907211167e-03
-1.3693991567295290e-03
-1.5724235107103812e-03
-2.0919138169242595e-03
-3.2529348662084555e-03
-5.7421579230430850e-03
-1.0847612367483810e-02
-2.0875034228761250e-02
-3.9924195469838601e-02
-7.5016145645852392e-02
-1.3785512872921485e-01
-2.4663975492474494e-01
-4.2625805670708861e-01
-7.0590570339754632e-01
-1.1185855431099403e+00
-1.6930048990371191e+00
-2.3175132205866564e+00
-2.5391478212656429e+00
-2.2765460204451093e+00
-1.8924221688764471e+00
-1.5545469199939990e+00
-1.2884817866478360e+00
-1.0827613405823908e+00
-9.2307333068691855e-01
-7.9740232707324210e-01
-7.1061612873652336e-01
-8.9171317263987770e-01
-1.1333537397319944e+00
-1.4646544882401924e+00
-1.9330780212218948e+00
-2.6212858414089988e+00
-3.6770208177387289e+00
-5.3769281954685706e+00
-8.2143100319472371e+00
-1.2616705187442951e+01
-1.5941973744511479e+01
0.0000000000000000e+00
2.4055929233035767e-01
0.0000000000000000e+00
0.0000000000000000e+00
];
