%Vec Object:sol 1 MPI processes
%  type: mpi
sol = [
0.0000000000000000e+00
-4.4255410243876462e+01
-2.7881167204110945e+01
-1.5364201647920673e+01
-9.0420894485839725e+00
-5.8193415409669740e+00
-4.0207247653537461e+00
-2.9317191756241154e+00
-2.2254944898466742e+00
-1.7448682481242919e+00
-1.4034093199725099e+00
-1.1520221490827924e+00
-9.6220404394281045e-01
-8.1548218434862485e-01
-6.9970643202564475e-01
-6.0677806953169855e-01
-5.3112843529451126e-01
-4.6864276124814769e-01
-4.1646381996084797e-01
-3.7250670635857591e-01
-3.3513786509957960e-01
-3.0305556773955766e-01
-2.7534947162553408e-01
-2.5126625037304956e-01
-2.3017768828299837e-01
-2.1161572459352523e-01
-1.9520677470080500e-01
-1.8062129062960761e-01
-1.6759015235638972e-01
-1.5591740288698627e-01
-1.4541952742242081e-01
-1.3592663392215282e-01
-1.2733248600715472e-01
-1.1952793694068750e-01
-1.1240477246816601e-01
-1.0589712454328835e-01
-9.9938658179862805e-02
-9.4460864426751612e-02
-8.9416765655022518e-02
-8.4766350344670435e-02
-8.0465150391865983e-02
-7.6477599038127925e-02
-7.2779572544041479e-02
-6.9341682646523115e-02
-6.6135727745951861e-02
-6.3147417813771797e-02
-6.0357084345674966e-02
-5.7741623769598564e-02
-5.5291857894940261e-02
-5.2995233801233187e-02
-5.0833694519675933e-02
-4.8801702684362347e-02
-4.6889639799735011e-02
-4.5084242002499823e-02
-4.3380478804473974e-02
-4.1771943711976157e-02
-4.0248794488022856e-02
-3.8806422227796351e-02
-3.7440621798487762e-02
-3.6144004384469894e-02
-3.4912345997119024e-02
-3.3742956404048147e-02
-3.2630224604678126e-02
-3.1570295413413663e-02
-3.0561521204180424e-02
-2.9599590346011267e-02
-2.8681007470588438e-02
-2.7804838421002051e-02
-2.6967726807443543e-02
-2.6166530021703112e-02
-2.5400795862181504e-02
-2.4667873257007086e-02
-2.3964963896973942e-02
-2.3291933533996875e-02
-2.2646652964591472e-02
-2.2026657486184431e-02
-2.1432014422686725e-02
-2.0860980757685402e-02
-2.0311412747337384e-02
-1.9783496317124078e-02
-1.9275773515680938e-02
-1.8786407213000445e-02
-1.8315643066393703e-02
-1.7862232455415041e-02
-1.7424629464931247e-02
-1.7003097743875935e-02
-1.6596540994322711e-02
-1.6203688416883476e-02
-1.5824792464801458e-02
-1.5851986169131551e-02
-1.6205257440073333e-02
-1.6571167468024506e-02
-1.6949884081627641e-02
-1.7341667626210047e-02
-1.7747932874862014e-02
-1.8168857244046502e-02
-1.8604972366311798e-02
-1.9057768778951018e-02
-1.9527432485460780e-02
-2.0014842507273353e-02
-2.0521576193771839e-02
-2.1047830737364118e-02
-2.1594923861466945e-02
-2.2164537292593028e-02
-2.2756887034081127e-02
-2.3373841594004987e-02
-2.4017213087021413e-02
-2.4687251357487668e-02
-2.5386514633826102e-02
-2.6116983947843599e-02
-2.6878969177956295e-02
-2.7675892891299042e-02
-2.8509756463999617e-02
-2.9381587950731116e-02
-3.0295281610818577e-02
-3.1253054429398526e-02
-3.2256998017443410e-02
-3.3311489315791080e-02
-3.4419105936293555e-02
-3.5583316148216360e-02
-3.6809152470329315e-02
-3.8099717039479342e-02
-3.9460274673465232e-02
-4.0896767213979883e-02
-4.2413068401620263e-02
-4.4016817047852548e-02
-4.5715105111099968e-02
-4.7513361471298872e-02
-4.9422002726657734e-02
-5.1449524808524091e-02
-5.3604845445390889e-02
-5.5900972747026705e-02
-5.8348968025095267e-02
-6.0962653135951526e-02
-6.3758848821101749e-02
-6.6752510707508983e-02
-6.9964504745834405e-02
-7.3417313754841271e-02
-7.7132243518315019e-02
-8.1140258448345812e-02
-8.5471836172619706e-02
-9.0161147876954423e-02
-9.5251794501800366e-02
-1.0078827049734293e-01
-1.0682505950881491e-01
-1.1342642607913651e-01
-1.2066035511803226e-01
-1.2861471010856299e-01
-1.3738794602007698e-01
-1.4709250422231507e-01
-1.5787052374781010e-01
-1.6988254153974960e-01
-1.8332441188669518e-01
-1.9843623597574866e-01
-2.1549860584131397e-01
-2.3486840207412810e-01
-2.5695798671952369e-01
-2.8231714406717384e-01
-3.1163298272074635e-01
-3.4576288712917685e-01
-3.8581818060677031e-01
-4.3325468686691326e-01
-4.8997475736303275e-01
-5.5856759321459204e-01
-6.4255617906880380e-01
-7.4684917282098928e-01
-8.7848367382653969e-01
-1.0473861777048330e+00
-1.2690811486229292e+00
-1.5673394471305973e+00
-1.9797595804723573e+00
-2.5670147343446210e+00
-3.4304663368999417e+00
-4.7213039843809161e+00
-6.5649466086393158e+00
-8.5056507340873999e+00
-9.0140367909923338e+00
-8.4738299658421585e+00
-7.7884968313746956e+00
-6.1583599985696749e+00
-4.1582312825106884e+00
-2.7685033741152121e+00
-1.9196677866723018e+00
-1.3927469548792355e+00
-1.0507644583135285e+00
-8.1867379079083047e-01
-6.5489943820720931e-01
-5.3540497736271497e-01
-4.5439241990216445e-01
-5.4477343426133407e-01
-6.6415073979401484e-01
-8.2593357247324084e-01
-1.0517967882979822e+00
-1.3777853414516728e+00
-1.8661065970005890e+00
-2.6189477465853281e+00
-3.7639992562690403e+00
-5.1745147009341022e+00
-5.8746288135315234e+00
0.0000000000000000e+00
1.3464638167935297e-01
0.0000000000000000e+00
0.0000000000000000e+00
];
