%Vec Object:sol 1 MPI processes
%  type: mpi
sol = [
0.0000000000000000e+00
-1.4971836381366636e+01
-1.2078873922262414e+01
-8.3340153911265347e+00
-5.5292188776064943e+00
-3.7910259704297560e+00
-2.7180132337033891e+00
-2.0299222449808632e+00
-1.5669195222729191e+00
-1.2436980813695515e+00
-1.0100235037328729e+00
-8.3586203112096169e-01
-7.0288196989356855e-01
-5.9906141302446358e-01
-5.1652901168535859e-01
-4.4989976047703728e-01
-3.9539232085468407e-01
-3.5023495911182462e-01
-3.1237502059199906e-01
-2.8036702596706559e-01
-2.5306925827519428e-01
-2.2956380681168756e-01
-2.0921035549891884e-01
-1.9147479533384701e-01
-1.7590835573052685e-01
-1.6217712667382433e-01
-1.5001410162452306e-01
-1.3918178276977447e-01
-1.2948572500783939e-01
-1.2078535953106517e-01
-1.1294766678996104e-01
-1.0584836562164172e-01
-9.9411315187041063e-02
-9.3557012680139162e-02
-8.8205640436334956e-02
-8.3309770499220642e-02
-7.8820983127853031e-02
-7.4688531765933722e-02
-7.0878162031209196e-02
-6.7360753208150229e-02
-6.4103275608082530e-02
-6.1079434596229311e-02
-5.8271816128467664e-02
-5.5658566363884499e-02
-5.3218539476358059e-02
-5.0941595572848948e-02
-4.8813127054795520e-02
-4.6815599383985926e-02
-4.4943050796866689e-02
-4.3185220552403043e-02
-4.1528766991491696e-02
-3.9969952839184683e-02
-3.8501646120260316e-02
-3.7113635761087400e-02
-3.5802397835748470e-02
-3.4563232950466469e-02
-3.3388541173999864e-02
-3.2274991703801229e-02
-3.1219557370365598e-02
-3.0216518261597426e-02
-2.9262742076484910e-02
-2.8356354733319874e-02
-2.7493003292019390e-02
-2.6669767393376190e-02
-2.5885566846509219e-02
-2.5137050363573280e-02
-2.4421522741087772e-02
-2.3738445989825122e-02
-2.3085206567069531e-02
-2.2459344322304849e-02
-2.1860685718599688e-02
-2.1287162256998171e-02
-2.0736554576593933e-02
-2.0208926973463621e-02
-1.9702613767171535e-02
-1.9215638046404023e-02
-1.8748211541887657e-02
-1.8298965600870045e-02
-1.7866164069593536e-02
-1.7450101254586632e-02
-1.7049626221899962e-02
-1.6663239119695215e-02
-1.6291270476068234e-02
-1.5932727309780372e-02
-1.5586339634570989e-02
-1.5252441068942302e-02
-1.4930151301228760e-02
-1.4618422293017307e-02
-1.4317567359857834e-02
-1.4383435712559737e-02
-1.4746409496187324e-02
-1.5123063278287370e-02
-1.5513675055166648e-02
-1.5918609376143648e-02
-1.6339293950896897e-02
-1.6776037543986190e-02
-1.7229477333978119e-02
-1.7701145809349287e-02
-1.8191386052215635e-02
-1.8701187256976125e-02
-1.9232203601028557e-02
-1.9784820260217943e-02
-2.0360475580966951e-02
-2.0960969964587246e-02
-2.1586744851785470e-02
-2.2239808109885809e-02
-2.2922141337432814e-02
-2.3634265570542941e-02
-2.4378909212365928e-02
-2.5158285060058804e-02
-2.5973030639129539e-02
-2.6826786828057957e-02
-2.7721871387312691e-02
-2.8659689004853918e-02
-2.9644446661218550e-02
-3.0678774219882101e-02
-3.1765211827616636e-02
-3.2908574800952273e-02
-3.4111974947621422e-02
-3.5379440689370184e-02
-3.6716605301990481e-02
-3.8127262891733939e-02
-3.9617408803449855e-02
-4.1193799279690184e-02
-4.2861210918352349e-02
-4.4628267536147716e-02
-4.6503163124746637e-02
-4.8492521901851569e-02
-5.0608120151901331e-02
-5.2859945780854484e-02
-5.5258553811648715e-02
-5.7818840167782853e-02
-6.0553912006549117e-02
-6.3479902252356515e-02
-6.6616280921803273e-02
-6.9980859525728994e-02
-7.3597854548798552e-02
-7.7493523692049426e-02
-8.1693267391201557e-02
-8.6233009060832352e-02
-9.1148683063444605e-02
-9.6480650227880937e-02
-1.0227987979598119e-01
-1.0859904070418173e-01
-1.1550224555210638e-01
-1.2306505070881700e-01
-1.3136812778636525e-01
-1.4051480322864224e-01
-1.5062141419410074e-01
-1.6182121858700210e-01
-1.7428184864558396e-01
-1.8819356283206673e-01
-2.0378820629983369e-01
-2.2134982677952220e-01
-2.4121143050707308e-01
-2.6379555168208652e-01
-2.8961713953095675e-01
-3.1931036866776252e-01
-3.5365514449210583e-01
-3.9368410520769398e-01
-4.4072363076765581e-01
-4.9649873747912249e-01
-5.6326432132094240e-01
-6.4408662653241910e-01
-7.4313704224349553e-01
-8.6622475796007370e-01
-1.0216713046491219e+00
-1.2213307655378827e+00
-1.4831464091124238e+00
-1.8353311817606199e+00
-2.3222875064161599e+00
-3.0146905994892901e+00
-4.0322305706263242e+00
-5.5538648462551752e+00
-7.7383905970057212e+00
-1.0077910305868947e+01
-1.0700285703857947e+01
-9.9975809662604966e+00
-9.1158123267506941e+00
-7.0724545445642342e+00
-4.6896541562736553e+00
-3.0916230091323031e+00
-2.1333832235597265e+00
-1.5439174904362207e+00
-1.1636564455050831e+00
-9.0628032609767095e-01
-7.2505186465708382e-01
-5.9300124379171937e-01
-5.0364930324594148e-01
-6.0476124386391250e-01
-7.3846221554526315e-01
-9.1993419951381727e-01
-1.1738605788253191e+00
-1.5414575502010091e+00
-2.0950058444983903e+00
-2.9569400729964257e+00
-4.2955943438980153e+00
-6.0245175477461004e+00
-6.9441489740075193e+00
0.0000000000000000e+00
2.4055929233035767e-01
0.0000000000000000e+00
0.0000000000000000e+00
];
