%Vec Object:sol 1 MPI processes
%  type: mpi
sol = [
0.0000000000000000e+00
-1.5170558317993235e+01
-1.2206180531324215e+01
-8.3968228790174901e+00
-5.5605271937245071e+00
-3.8083993101939786e+00
-2.7291128577069577e+00
-2.0371767259522895e+00
-1.5721868957553264e+00
-1.2476827050375445e+00
-1.0131335345606864e+00
-8.3834914136928995e-01
-7.0482715378379568e-01
-6.0062785923275419e-01
-5.1784291393464821e-01
-4.5101423731001894e-01
-3.9634679404788553e-01
-3.5105917055879760e-01
-3.1309176010740730e-01
-2.8099423601135642e-01
-2.5362116109630822e-01
-2.3005172224018208e-01
-2.0964355615675392e-01
-1.9186088944226715e-01
-1.7625359381618080e-01
-1.6248674010970413e-01
-1.5029250991371121e-01
-1.3943270798457194e-01
-1.2971232399510602e-01
-1.2099036407815449e-01
-1.1313342540834316e-01
-1.0601688545348376e-01
-9.9564369176969897e-02
-9.3696148569571730e-02
-8.8332195674046710e-02
-8.3424938445848737e-02
-7.8925820252898515e-02
-7.4783966103058333e-02
-7.0965003834461637e-02
-6.7439605387796503e-02
-6.4173360894295053e-02
-6.1141497624703826e-02
-5.8326596010211229e-02
-5.5706718861049130e-02
-5.3260646577085735e-02
-5.0978183790225048e-02
-4.8844668112905339e-02
-4.6842457112329414e-02
-4.4965969550542988e-02
-4.3204991413092475e-02
-4.1545613669681000e-02
-3.9984083017637256e-02
-3.8513250156692339e-02
-3.7122886469397841e-02
-3.5809455484167529e-02
-3.4568245342294697e-02
-3.3391643486925131e-02
-3.2276309287967410e-02
-3.1219206353367099e-02
-3.0214605543931270e-02
-2.9259366894064401e-02
-2.8351609286742283e-02
-2.7486972938960835e-02
-2.6662531559848334e-02
-2.5877199420223922e-02
-2.5127620088608256e-02
-2.4411093820135107e-02
-2.3727078127678644e-02
-2.3072955550363514e-02
-2.2446262519040659e-02
-2.1846821731198979e-02
-2.1272561669561700e-02
-2.0721260453959636e-02
-2.0192979142263239e-02
-1.9686049710659424e-02
-1.9198493438074390e-02
-1.8730519209992764e-02
-1.8280756550006830e-02
-1.7847468041622433e-02
-1.7430945451468647e-02
-1.7030036434491299e-02
-1.6643240282841826e-02
-1.6270885234796872e-02
-1.5911977237318582e-02
-1.5565245733409745e-02
-1.5231022268000863e-02
-1.4908425747243787e-02
-1.4596407741577987e-02
-1.4295279690301267e-02
-1.4360317880291403e-02
-1.4721964197916854e-02
-1.5097232256638707e-02
-1.5486397522599130e-02
-1.5889821857943614e-02
-1.6308928573148525e-02
-1.6744023498870355e-02
-1.7195740318199319e-02
-1.7665606376827965e-02
-1.8153961344190197e-02
-1.8661789831435543e-02
-1.9190739997958998e-02
-1.9741193033137486e-02
-2.0314581244502822e-02
-2.0912697971937049e-02
-2.1535979963711371e-02
-2.2186427123208684e-02
-2.2866012718398571e-02
-2.3575252204619292e-02
-2.4316863485083003e-02
-2.5093049454930263e-02
-2.5904440917355741e-02
-2.6754664913242417e-02
-2.7646027785712585e-02
-2.8579924592357319e-02
-2.9560545487029511e-02
-3.0590506649179190e-02
-3.1672334303503767e-02
-3.2810823405086391e-02
-3.4009068989898514e-02
-3.5271079699250162e-02
-3.6602463818385958e-02
-3.8006994533726995e-02
-3.9490639369063059e-02
-4.1060123393679572e-02
-4.2720196576063851e-02
-4.4479443835801720e-02
-4.6346019941809091e-02
-4.8326513212329378e-02
-5.0432646873165329e-02
-5.2674359233327098e-02
-5.5062152174883264e-02
-5.7610852563881793e-02
-6.0333501692195764e-02
-6.3246154389724155e-02
-6.6368188510931930e-02
-6.9717325692868731e-02
-7.3317667565529862e-02
-7.7195345738171411e-02
-8.1375633225078778e-02
-8.5894284447783548e-02
-9.0787058853203748e-02
-9.6094120617674028e-02
-1.0186619699078250e-01
-1.0815570071887182e-01
-1.1502643785226092e-01
-1.2255360433336934e-01
-1.3081748195010279e-01
-1.3992090849115557e-01
-1.4997966776725899e-01
-1.6112638289839265e-01
-1.7352789874979394e-01
-1.8737357613605665e-01
-2.0289417441365371e-01
-2.2037241979075445e-01
-2.4013977003320400e-01
-2.6261681492708827e-01
-2.8830585369543338e-01
-3.1781984990911555e-01
-3.5198808079849231e-01
-3.9182262068041446e-01
-4.3863471091370670e-01
-4.9414162527723932e-01
-5.6058827138918843e-01
-6.4102751401478275e-01
-7.3961284689980245e-01
-8.6212900229163691e-01
-1.0168632165155489e+00
-1.2154235446284316e+00
-1.4760486319831732e+00
-1.8266697483926442e+00
-2.3111791933977699e+00
-3.0006270546704004e+00
-4.0134609520761568e+00
-5.5283165387824127e+00
-7.7033479488686831e+00
-1.0031661090964647e+01
-1.0652147626727769e+01
-9.9550756054340486e+00
-9.0797411233130347e+00
-7.0485778641058312e+00
-4.6761794889958059e+00
-3.0836077286376340e+00
-2.1281573753106167e+00
-1.5402810824209769e+00
-1.1609616355707479e+00
-9.0421471074882942e-01
-7.2341618201314362e-01
-5.9167212343124198e-01
-5.0252370737370566e-01
-6.0339452482010758e-01
-7.3678502475053809e-01
-9.1783284550649069e-01
-1.1711547826348856e+00
-1.5378514307481996e+00
-2.0899916241777388e+00
-2.9496238668922823e+00
-4.2841226531084251e+00
-6.0062031595758985e+00
-6.9209311393063615e+00
0.0000000000000000e+00
2.4055929233035767e-01
0.0000000000000000e+00
0.0000000000000000e+00
];
