%Vec Object:sol 1 MPI processes
%  type: mpi
sol = [
0.0000000000000000e+00
-2.2325383002755551e+01
-1.7768919712225774e+01
-1.1927072364801171e+01
-7.7152393575699048e+00
-5.1937770751029886e+00
-3.6796739074167957e+00
-2.7224697793988439e+00
-2.0888956521880377e+00
-1.6501712713918546e+00
-1.3344811998761543e+00
-1.1006776464556445e+00
-9.2304452213686250e-01
-7.8507150728094832e-01
-6.7576958881634397e-01
-5.8774855932691183e-01
-5.1589147483567188e-01
-4.5646857122545392e-01
-4.0664674138868345e-01
-3.6459561680882885e-01
-3.2878573237246694e-01
-2.9799367250824138e-01
-2.7136244671450221e-01
-2.4818126097544760e-01
-2.2785590695260241e-01
-2.0994317184263803e-01
-1.9408891561396235e-01
-1.7998002059090359e-01
-1.6736040300120497e-01
-1.5604378172025796e-01
-1.4585523376092391e-01
-1.3663231079496835e-01
-1.2827393445603524e-01
-1.2067579969124897e-01
-1.1373402039102017e-01
-1.0738581864527814e-01
-1.0156770463381413e-01
-9.6213732062737423e-02
-9.1278919935908573e-02
-8.6724997530070499e-02
-8.2509074510515826e-02
-7.8596891674087246e-02
-7.4965455180811269e-02
-7.1586386674898250e-02
-6.8432330689076240e-02
-6.5489780811745349e-02
-6.2739752907886637e-02
-6.0159629102695643e-02
-5.7741898398950747e-02
-5.5473332112938770e-02
-5.3336147299049813e-02
-5.1325271767319637e-02
-4.9431436990176374e-02
-4.7641569636930628e-02
-4.5950975180518022e-02
-4.4353519194154790e-02
-4.2839473275566670e-02
-4.1404460814113433e-02
-4.0044502885993594e-02
-3.8752277908903579e-02
-3.7523711172982283e-02
-3.6356311665620561e-02
-3.5244507199139893e-02
-3.4184526404557131e-02
-3.3174904474995139e-02
-3.2211350936998617e-02
-3.1290403729915463e-02
-3.0411300840199919e-02
-2.9570695970471388e-02
-2.8765441380227550e-02
-2.7995249422239445e-02
-2.7257471604170330e-02
-2.6549276474363542e-02
-2.5870687989445001e-02
-2.5219573769431625e-02
-2.4593416977744451e-02
-2.3992436874603614e-02
-2.3414882066753691e-02
-2.2858545485266717e-02
-2.2323758191510484e-02
-2.1809048503457665e-02
-2.1312511551745159e-02
-2.0834530409482709e-02
-2.0373836782790349e-02
-1.9928818460338216e-02
-1.9499867724419830e-02
-1.9085861838827243e-02
-1.8685470237733110e-02
-1.8299064089255711e-02
-1.8381409160731478e-02
-1.8843400960752401e-02
-1.9322757113138217e-02
-1.9819836366055665e-02
-2.0335106520989535e-02
-2.0870364166742088e-02
-2.1426008379835507e-02
-2.2002849657461927e-02
-2.2602817738488563e-02
-2.3226356861340294e-02
-2.3874719869681479e-02
-2.4549991188907848e-02
-2.5252670425201126e-02
-2.5984574677712435e-02
-2.6747974250804545e-02
-2.7543442416304298e-02
-2.8373511603824727e-02
-2.9240682372540315e-02
-3.0145631607658537e-02
-3.1091796557831775e-02
-3.2081971348334543e-02
-3.3116983535778154e-02
-3.4201416014189794e-02
-3.5338199792552996e-02
-3.6529127465401413e-02
-3.7779495973227030e-02
-3.9092633082568530e-02
-4.0471758569096912e-02
-4.1922744475723688e-02
-4.3449042638350158e-02
-4.5056319650522786e-02
-4.6751666951911006e-02
-4.8539875724693440e-02
-5.0428490716390363e-02
-5.2426009414282770e-02
-5.4538459848163849e-02
-5.6776679349949254e-02
-5.9150970781664050e-02
-6.1669680858924776e-02
-6.4347594001671629e-02
-6.7197264178854119e-02
-7.0231958381558574e-02
-7.3470366237796264e-02
-7.6928947495494296e-02
-8.0627943331643387e-02
-8.4591761583653502e-02
-8.8842743311968758e-02
-9.3411223952397218e-02
-9.8330084075261781e-02
-1.0363113571009584e-01
-1.0935931192735780e-01
-1.1555955141165419e-01
-1.2228230426599498e-01
-1.2959122785975430e-01
-1.3755207540518505e-01
-1.4624483038082467e-01
-1.5576368557625866e-01
-1.6620914734016912e-01
-1.7770984934843378e-01
-1.9041050538006718e-01
-2.0447674091790560e-01
-2.2011673823689287e-01
-2.3756653960704427e-01
-2.5711351713259845e-01
-2.7910939572211363e-01
-3.0396602018577140e-01
-3.3220543124421276e-01
-3.6446300718508706e-01
-4.0152015227196702e-01
-4.4438191243857011e-01
-4.9430234663022660e-01
-5.5290406437655149e-01
-6.2215182058415874e-01
-7.0490203447608002e-01
-8.0489443433147911e-01
-9.2719641024131860e-01
-1.0788474861006054e+00
-1.2699061704407046e+00
-1.5149692990413715e+00
-1.8346545188381971e+00
-2.2631813054167962e+00
-2.8535777462725207e+00
-3.6884411217252251e+00
-4.9093219351814792e+00
-6.7268550794279900e+00
-9.3355069679035765e+00
-1.2144793195136279e+01
-1.2813735875480429e+01
-1.1799553804966655e+01
-1.0594918365942204e+01
-8.0228397411004693e+00
-5.2102431103852274e+00
-3.3967080005811705e+00
-2.3295309126505828e+00
-1.6796656323906776e+00
-1.2628794980616027e+00
-9.8192233695496411e-01
-7.8461963136874457e-01
-6.4113487593004503e-01
-5.4411101629093916e-01
-6.5330615271461501e-01
-7.9774021755486968e-01
-9.9386598712650132e-01
-1.2683496292750103e+00
-1.6664113177369995e+00
-2.2670712106702551e+00
-3.2074440978569441e+00
-4.6848164779153008e+00
-6.6463776251805093e+00
-7.7350558181991165e+00
0.0000000000000000e+00
1.3464638167935297e-01
0.0000000000000000e+00
0.0000000000000000e+00
];
