%Vec Object:sol 1 MPI processes
%  type: mpi
sol = [
0.0000000000000000e+00
-4.0500619843232258e+01
-2.6494870249390953e+01
-1.4992574971389070e+01
-8.9158707831030046e+00
-5.7657221274782522e+00
-3.9935240696198506e+00
-2.9162713449034006e+00
-2.2161828579525564e+00
-1.7389364009950763e+00
-1.3993945785391859e+00
-1.1492667674683448e+00
-9.6028450091729922e-01
-8.1413862293498274e-01
-6.9877293381979821e-01
-6.0614403226647273e-01
-5.3071719039754606e-01
-4.6841321901952515e-01
-4.1636012376471992e-01
-3.7250117887865103e-01
-3.3520970681004553e-01
-3.0318921821416306e-01
-2.7553262180025750e-01
-2.5148923721793559e-01
-2.3043299653043109e-01
-2.1189729928677239e-01
-1.9550967190036980e-01
-1.8094154500674148e-01
-1.6792455702356210e-01
-1.5626325172670916e-01
-1.4577459471272014e-01
-1.3628912867137241e-01
-1.2770085547308324e-01
-1.1990088477676510e-01
-1.1278124640452690e-01
-1.0627621111541005e-01
-1.0031958445609512e-01
-9.4842992219949920e-02
-8.9799548577074173e-02
-8.5149321416610149e-02
-8.0847919272421659e-02
-7.6859834874693125e-02
-7.3160993580639613e-02
-6.9722052357099482e-02
-6.6514845164871689e-02
-6.3525116046672200e-02
-6.0733232886165056e-02
-5.8116076228799572e-02
-5.5665575893677141e-02
-5.3368052815602064e-02
-5.1205426489895234e-02
-4.9172190444799757e-02
-4.7258797379484213e-02
-4.5451767639181885e-02
-4.3745819516007388e-02
-4.2135017948112662e-02
-4.0609603090679063e-02
-3.9164975735281896e-02
-3.7796941013205375e-02
-3.6498103557478137e-02
-3.5264243722787490e-02
-3.4092682238620609e-02
-3.2977801678619446e-02
-3.1915746696274734e-02
-3.0904881502149244e-02
-2.9940888487104456e-02
-2.9020268526417890e-02
-2.8142100114189050e-02
-2.7303021445032948e-02
-2.6499883378621383e-02
-2.5732247019956335e-02
-2.4997456399837484e-02
-2.4292704689186487e-02
-2.3617871380480469e-02
-2.2970822761526982e-02
-2.2349084362848916e-02
-2.1752737425162851e-02
-2.1180034633313957e-02
-2.0628821907453253e-02
-2.0099299008579985e-02
-1.9590003698381819e-02
-1.9099088559226957e-02
-1.8626812748961812e-02
-1.8171923167271623e-02
-1.7732864213099692e-02
-1.7309912466540508e-02
-1.6901966756737403e-02
-1.6507747695927007e-02
-1.6127519881702638e-02
-1.6161068286953011e-02
-1.6527242580436089e-02
-1.6906627361813441e-02
-1.7299414325547432e-02
-1.7705889746270291e-02
-1.8127514700396728e-02
-1.8564494443232386e-02
-1.9017395271081164e-02
-1.9487761211403828e-02
-1.9975810864267952e-02
-2.0482469526161347e-02
-2.1009376577994669e-02
-2.1556767580313003e-02
-2.2126021890923848e-02
-2.2718893577029303e-02
-2.3335644195751105e-02
-2.3978224045470942e-02
-2.4648530265339700e-02
-2.5346867407001268e-02
-2.6075901884214065e-02
-2.6837715637778533e-02
-2.7632685138124398e-02
-2.8464375741018403e-02
-2.9334905032893221e-02
-3.0245398370262532e-02
-3.1199923336742472e-02
-3.2200836580883040e-02
-3.3250372088265069e-02
-3.4353116451564615e-02
-3.5511819237700200e-02
-3.6730152384910869e-02
-3.8013406088597157e-02
-3.9364898201494192e-02
-4.0790181175096439e-02
-4.2295519240771531e-02
-4.3885062512441987e-02
-4.5566853158836552e-02
-4.7348390570635002e-02
-4.9235478529098285e-02
-5.1239085580217114e-02
-5.3368225971265289e-02
-5.5632374465073457e-02
-5.8045261127427306e-02
-6.0618640070151067e-02
-6.3367154656317620e-02
-6.6308594934046242e-02
-6.9458868542180904e-02
-7.2840054392530482e-02
-7.6475970823573977e-02
-8.0389282944000023e-02
-8.4612748967122939e-02
-8.9178715361627539e-02
-9.4123460940042217e-02
-9.9493176825533089e-02
-1.0533511851025255e-01
-1.1170707874862301e-01
-1.1867720922125193e-01
-1.2631774011766342e-01
-1.3472184513865373e-01
-1.4399402535469025e-01
-1.5425369391999053e-01
-1.6565164198919652e-01
-1.7835833891328762e-01
-1.9258169397724392e-01
-2.0857653551469335e-01
-2.2664084077563965e-01
-2.4715339056652649e-01
-2.7057526149348804e-01
-2.9744997431772091e-01
-3.2851687759439141e-01
-3.6469217078177640e-01
-4.0715500279291089e-01
-4.5744977273279308e-01
-5.1759447894499400e-01
-5.9033487940553842e-01
-6.7940637560211747e-01
-7.9001240819562868e-01
-9.2961057398315561e-01
-1.1087715928953885e+00
-1.3437938059297572e+00
-1.6599163770922754e+00
-2.0969939525160952e+00
-2.7190174944520402e+00
-3.6335051452565454e+00
-5.0011294489286948e+00
-6.9590814412766031e+00
-9.0340046144712112e+00
-9.5772853052555735e+00
-8.9798109277925970e+00
-8.2247908583559397e+00
-6.4571093469738452e+00
-4.3309051080014207e+00
-2.8725756922621897e+00
-1.9879618150189264e+00
-1.4406505406523016e+00
-1.0863304632702406e+00
-8.4612834266667059e-01
-6.7672376989661776e-01
-5.5320136682756349e-01
-4.6954058530156384e-01
-5.6316709303723178e-01
-6.8681915274710470e-01
-8.5443840341105959e-01
-1.0886170780771338e+00
-1.4270842508024197e+00
-1.9346396630472635e+00
-2.7199151752715411e+00
-3.9222294793332706e+00
-5.4257913163560465e+00
-6.1879704265812245e+00
0.0000000000000000e+00
1.3464638167935297e-01
0.0000000000000000e+00
0.0000000000000000e+00
];
