%Vec Object:sol 1 MPI processes
%  type: mpi
sol = [
0.0000000000000000e+00
-1.5393596890735441e+01
-1.2348286461515299e+01
-8.4665661688203961e+00
-5.5952094612323489e+00
-3.8276248336675582e+00
-2.7413945457508215e+00
-2.0452007069123121e+00
-1.5780138035596325e+00
-1.2520913049478017e+00
-1.0165750515444496e+00
-8.4108727756408597e-01
-7.0692176943614149e-01
-6.0236191548885010e-01
-5.1929768780240870e-01
-4.5224844601308428e-01
-3.9740401887687876e-01
-3.5197229415934372e-01
-3.1388598042591198e-01
-2.8168939374579421e-01
-2.5423298438929670e-01
-2.3059272985501333e-01
-2.1012400265145642e-01
-1.9228919210350678e-01
-1.7663666677483456e-01
-1.6283037064057732e-01
-1.5060158806484841e-01
-1.3971135147498137e-01
-1.2996402574998639e-01
-1.2121814711570381e-01
-1.1333988872531330e-01
-1.0620425186335530e-01
-9.9734734656889812e-02
-9.3848492694295710e-02
-8.8467550201786635e-02
-8.3545139852774744e-02
-7.9032468848857867e-02
-7.4878445896773838e-02
-7.1048553151673355e-02
-6.7513443723246122e-02
-6.4239871607130336e-02
-6.1201363658449956e-02
-5.8380364151562843e-02
-5.5754879248986582e-02
-5.3303637985250549e-02
-5.1016409020949019e-02
-4.8878491641100433e-02
-4.6872205396497862e-02
-4.4991944872715586e-02
-4.3227469184121459e-02
-4.1564841788529740e-02
-4.0000291711845840e-02
-3.8526650473011723e-02
-3.7133669961683623e-02
-3.5817799856370944e-02
-3.4574314507606708e-02
-3.3395587326729918e-02
-3.2278266819673503e-02
-3.1219306399748098e-02
-3.0212966670754845e-02
-2.9256099181941421e-02
-2.8346815047292633e-02
-2.7480746875578454e-02
-2.6654961798994778e-02
-2.5868367978958084e-02
-2.5117603264143966e-02
-2.4399962865448866e-02
-2.3714899339176584e-02
-2.3059790866526850e-02
-2.2432170073593990e-02
-2.1831855511985857e-02
-2.1256772306568944e-02
-2.0704695766607734e-02
-2.0175683387222677e-02
-1.9668064536682767e-02
-1.9179858468892207e-02
-1.8711270940393598e-02
-1.8260929444066390e-02
-1.7827095145211906e-02
-1.7410057017878511e-02
-1.7008661144308285e-02
-1.6621405850595447e-02
-1.6248616857438506e-02
-1.5889298915492404e-02
-1.5542180819921314e-02
-1.5207591835461503e-02
-1.4884649992975027e-02
-1.4572306416629868e-02
-1.4270870481891974e-02
-1.4334990795996184e-02
-1.4695174088321354e-02
-1.5068914775274833e-02
-1.5456485518641915e-02
-1.5858245203606854e-02
-1.6275612288386230e-02
-1.6708889350957736e-02
-1.7158706205716859e-02
-1.7626584522387103e-02
-1.8112860185815493e-02
-1.8618512738229703e-02
-1.9145183693196902e-02
-1.9693249817956122e-02
-2.0264136744575591e-02
-2.0859630010513372e-02
-2.1480161157541627e-02
-2.2127721288242936e-02
-2.2804274461316946e-02
-2.3510329938486559e-02
-2.4248594021648886e-02
-2.5021258654414111e-02
-2.5828947178245586e-02
-2.6675271345684749e-02
-2.7562524864016089e-02
-2.8492092114521066e-02
-2.9468144652448854e-02
-3.0493283506281322e-02
-3.1570019480836570e-02
-3.2703125015135850e-02
-3.3895676569211240e-02
-3.5151660887225239e-02
-3.6476658607770746e-02
-3.7874419740468068e-02
-3.9350881019028963e-02
-4.0912733012973317e-02
-4.2564696181719014e-02
-4.4315312400711314e-02
-4.6172693014000385e-02
-4.8143386557834310e-02
-5.0239057536578605e-02
-5.2469589325680084e-02
-5.4845424938662429e-02
-5.7381314786051303e-02
-6.0090227187600813e-02
-6.2988130472310999e-02
-6.6094300425386707e-02
-6.9426359088788414e-02
-7.3008280873114922e-02
-7.6866057696692164e-02
-8.1024821342584291e-02
-8.5520139022285321e-02
-9.0387576331478189e-02
-9.5667079482577883e-02
-1.0140910755623905e-01
-1.0766578929401815e-01
-1.1450059021566251e-01
-1.2198830811626295e-01
-1.3020879182629530e-01
-1.3926433735122298e-01
-1.4927011485982614e-01
-1.6035804382940325e-01
-1.7269409499822722e-01
-1.8646663374742878e-01
-2.0190521476271939e-01
-2.1929109777105418e-01
-2.3894573709829456e-01
-2.6127767474020969e-01
-2.8680741251648029e-01
-3.1616073647839310e-01
-3.5014349276408541e-01
-3.8976256907173124e-01
-4.3632256045758494e-01
-4.9153213836653914e-01
-5.5762510899735684e-01
-6.3763946244661662e-01
-7.3570878526887384e-01
-8.5759060655863095e-01
-1.0113935996820682e+00
-1.2088777896527199e+00
-1.4681806586690789e+00
-1.8170642215642678e+00
-2.2988576956950717e+00
-2.9850172113550104e+00
-3.9926166634293692e+00
-5.4999214815086486e+00
-7.6643562593031369e+00
-9.9801398909463135e+00
-1.0598074283094142e+01
-9.9076516940498607e+00
-9.0394595530275623e+00
-7.0218849305390956e+00
-4.6611052415248491e+00
-3.0746378499279818e+00
-2.1223080695516914e+00
-1.5362102096881334e+00
-1.1579446402647908e+00
-9.0190192275127001e-01
-7.2158463416272567e-01
-5.9018375110610455e-01
-5.0125503812969452e-01
-6.0186396621903493e-01
-7.3490664492895441e-01
-9.1547923612097293e-01
-1.1681105352404186e+00
-1.5338119029004078e+00
-2.0843741705220129e+00
-2.9414261949744045e+00
-4.2712677646325261e+00
-5.9856834338237679e+00
-6.8949273176357329e+00
0.0000000000000000e+00
2.4055929233035767e-01
0.0000000000000000e+00
0.0000000000000000e+00
];
