%Vec Object:sol 1 MPI processes
%  type: mpi
sol = [
0.0000000000000000e+00
-2.2054261605616674e+01
-1.7606728603638100e+01
-1.1855858251833975e+01
-7.6840163304185172e+00
-5.1783640859714613e+00
-3.6713259783008065e+00
-2.7168953001670912e+00
-2.0849298338446438e+00
-1.6476007484686355e+00
-1.3325760177473982e+00
-1.0991765016765871e+00
-9.2183780526785553e-01
-7.8408588005988411e-01
-6.7495424120393865e-01
-5.8706704000782273e-01
-5.1531686848660530e-01
-4.5598051138950718e-01
-4.0631231830450770e-01
-3.6433760959324102e-01
-3.2856680798078530e-01
-2.9780778221711296e-01
-2.7120464174924802e-01
-2.4804748789419387e-01
-2.2774284184224355e-01
-2.0984803771851401e-01
-1.9400937247265870e-01
-1.7991410168523758e-01
-1.6730644293512953e-01
-1.5600034539729299e-01
-1.4582109109442370e-01
-1.3660641034773868e-01
-1.2825535399609472e-01
-1.2066373737626507e-01
-1.1372778219117974e-01
-1.0738479058751849e-01
-1.0157134624393495e-01
-9.6221569190753170e-02
-9.1290531363564020e-02
-8.6740008566594987e-02
-8.2527152784906938e-02
-7.8617740399711838e-02
-7.4988808496553316e-02
-7.1612006684411797e-02
-6.8460003412108922e-02
-6.5519313921337918e-02
-6.2770973274668629e-02
-6.0192379251155018e-02
-5.7776036923894353e-02
-5.5508731206607001e-02
-5.3372689196241309e-02
-5.1362850937798590e-02
-4.9469957812627238e-02
-4.7680943153898966e-02
-4.5991121434099773e-02
-4.4394365877841978e-02
-4.2880952572442704e-02
-4.1446511354452376e-02
-4.0087069512817423e-02
-3.8795308541434231e-02
-3.7567158159383579e-02
-3.6400132635008443e-02
-3.5288661922801341e-02
-3.4228977502647299e-02
-3.3219619223840688e-02
-3.2256298122600280e-02
-3.1335553768881280e-02
-3.0456628373829713e-02
-2.9616176695402310e-02
-2.8811051701136056e-02
-2.8040969633966628e-02
-2.7303282758216991e-02
-2.6595159631604061e-02
-2.5916627839423303e-02
-2.5265555513744112e-02
-2.4639425343045362e-02
-2.4038459986628787e-02
-2.3460908358294490e-02
-2.2904562604662369e-02
-2.2369756968827738e-02
-2.1855019889832551e-02
-2.1358445553791499e-02
-2.0880419997838438e-02
-2.0419674868864802e-02
-1.9974596978590602e-02
-1.9545581348317527e-02
-1.9131504999780294e-02
-1.8731036467104896e-02
-1.8344549420949808e-02
-1.8427962336172242e-02
-1.8892006737091915e-02
-1.9373502192870602e-02
-1.9872810815574384e-02
-2.0390404060816710e-02
-2.0928085478789452e-02
-2.1486258025082420e-02
-2.2065737136156886e-02
-2.2668460517813811e-02
-2.3294876894042280e-02
-2.3946245757436903e-02
-2.4624660679977303e-02
-2.5330626479500070e-02
-2.6065969163134695e-02
-2.6832969586217444e-02
-2.7632207128139085e-02
-2.8466226081066328e-02
-2.9337539262975991e-02
-3.0246830800673054e-02
-3.1197553656763556e-02
-3.2192516332518795e-02
-3.3232555095691174e-02
-3.4322273571957607e-02
-3.5464619034250036e-02
-3.6661397111674786e-02
-3.7917929533291643e-02
-3.9237563725330570e-02
-4.0623538440625967e-02
-4.2081948451820110e-02
-4.3616756483743128e-02
-4.5233079274377981e-02
-4.6938050046701305e-02
-4.8736500925268426e-02
-5.0636029918275718e-02
-5.2645194385480827e-02
-5.4770076003697384e-02
-5.7021587319053331e-02
-5.9410108780231619e-02
-6.1944060935235058e-02
-6.4638119663402910e-02
-6.7503263637240810e-02
-7.0554469204136716e-02
-7.3810533274762197e-02
-7.7288010613969990e-02
-8.1007255929839192e-02
-8.4992811609370070e-02
-8.9267147443589587e-02
-9.3860765832955773e-02
-9.8806729634195026e-02
-1.0413703238135989e-01
-1.0989685186880545e-01
-1.1613137685216196e-01
-1.2289133771511840e-01
-1.3024073866197650e-01
-1.3824569604238013e-01
-1.4698662930546263e-01
-1.5655824159731624e-01
-1.6706158741305285e-01
-1.7862599028317705e-01
-1.9139694001690183e-01
-2.0554094745181256e-01
-2.2126729467629752e-01
-2.3881326797158142e-01
-2.5846774057351568e-01
-2.8058425894238215e-01
-3.0557678601106036e-01
-3.3397001800796466e-01
-3.6640253343205681e-01
-4.0365962736439759e-01
-4.4675128775191569e-01
-4.9693765265868844e-01
-5.5584907770262759e-01
-6.2561076180960362e-01
-7.0880594607960345e-01
-8.0932887997196501e-01
-9.3226980086962252e-01
-1.0846990342457454e+00
-1.2767177115125858e+00
-1.5229819552356427e+00
-1.8445774858633501e+00
-2.2751329142635526e+00
-2.8683323763867188e+00
-3.7073221233491345e+00
-4.9340774919690320e+00
-6.7597300272992964e+00
-9.3791648956110940e+00
-1.2200762188083397e+01
-1.2871074634739960e+01
-1.1848411083596892e+01
-1.0635055355220032e+01
-8.0484048736771907e+00
-5.2243353471416496e+00
-3.4050778371146264e+00
-2.3349517706144156e+00
-1.6834262306629026e+00
-1.2656605987602028e+00
-9.8404972754453912e-01
-7.8630160123265846e-01
-6.4249992110242504e-01
-5.4527401157180522e-01
-6.5470764044579899e-01
-7.9945793781993002e-01
-9.9601495215338198e-01
-1.2711253301827687e+00
-1.6700859172569114e+00
-2.2721686404615653e+00
-3.2148934832830411e+00
-4.6964210867229328e+00
-6.6650508491824274e+00
-7.7590067404952929e+00
0.0000000000000000e+00
1.3464638167935297e-01
0.0000000000000000e+00
0.0000000000000000e+00
];
