%Vec Object:sol 1 MPI processes
%  type: mpi
sol = [
0.0000000000000000e+00
-7.1631435885896707e+01
-3.4621397052137304e+01
-1.6778841500280656e+01
-9.4218008297744564e+00
-5.9395593713094925e+00
-4.0591152438677458e+00
-2.9394376596320679e+00
-2.2218861427591992e+00
-1.7364040374293732e+00
-1.3929928583832070e+00
-1.1412332006366581e+00
-9.5158273606053045e-01
-8.0526478748642161e-01
-6.8991884744612553e-01
-5.9741044113210617e-01
-5.2220413677013455e-01
-4.6023592609026553e-01
-4.0852949096303981e-01
-3.6500215103803507e-01
-3.2802365966025632e-01
-2.9629460095645410e-01
-2.6890986021266977e-01
-2.4511967323042833e-01
-2.2429871274723129e-01
-2.0597100417831948e-01
-1.8977790742720360e-01
-1.7539236710953454e-01
-1.6254659117427481e-01
-1.5104625448061873e-01
-1.4070897324732914e-01
-1.3136571498487706e-01
-1.2291143931199031e-01
-1.1523783616018858e-01
-1.0823735655425482e-01
-1.0184491027351301e-01
-9.5994782314513777e-02
-9.0618998255804079e-02
-8.5671094363750019e-02
-8.1111507553674703e-02
-7.6896185832471334e-02
-7.2989942363068119e-02
-6.9368959011791631e-02
-6.6004163393113838e-02
-6.2867671193142932e-02
-5.9945382731531771e-02
-5.7217869605483827e-02
-5.4662291013079227e-02
-5.2270647345746095e-02
-5.0029411885935425e-02
-4.7920769821452144e-02
-4.5939248495920341e-02
-4.4075366836770061e-02
-4.2316094790837519e-02
-4.0656458179087314e-02
-3.9090137846868808e-02
-3.7607482834420392e-02
-3.6203943171076884e-02
-3.4875360521527170e-02
-3.3614502068207194e-02
-3.2417210226934078e-02
-3.1280809175343503e-02
-3.0199815090188178e-02
-2.9170447595593202e-02
-2.8191048138103757e-02
-2.7257409086950617e-02
-2.6366117113901612e-02
-2.5516207807120144e-02
-2.4704410302200729e-02
-2.3927669411299240e-02
-2.3185488219506046e-02
-2.2475286783725970e-02
-2.1794357139395443e-02
-2.1142510018918620e-02
-2.0517676503259769e-02
-1.9917482477138041e-02
-1.9341933439782213e-02
-1.8789338890202574e-02
-1.8257643192103302e-02
-1.7746966641454656e-02
-1.7255898714278774e-02
-1.6782685300088737e-02
-1.6327505145399806e-02
-1.5889154292801241e-02
-1.5466162290220683e-02
-1.5058726773494260e-02
-1.4665795380399062e-02
-1.4286162959524520e-02
-1.3920018674056565e-02
-1.3911450439426779e-02
-1.4187887606149018e-02
-1.4473511598226749e-02
-1.4768343067573414e-02
-1.5072481898966037e-02
-1.5387057101153550e-02
-1.5712073392519506e-02
-1.6047847138516855e-02
-1.6395537938391717e-02
-1.6755128286542614e-02
-1.7127209105562348e-02
-1.7512972731386696e-02
-1.7912375191669105e-02
-1.8326349738257173e-02
-1.8756127314094522e-02
-1.9201635521074237e-02
-1.9664231768581428e-02
-2.0145195920394526e-02
-2.0644428923424277e-02
-2.1163811782713208e-02
-2.1704690657686911e-02
-2.2266947621046557e-02
-2.2853109013481622e-02
-2.3464439790925988e-02
-2.4101358439261769e-02
-2.4766658927257205e-02
-2.5461593086177983e-02
-2.6187340808962022e-02
-2.6946973262299220e-02
-2.7741951388354179e-02
-2.8574475800973050e-02
-2.9447933647520911e-02
-3.0364030417790237e-02
-3.1326183699681050e-02
-3.2338263201962647e-02
-3.3402341460503908e-02
-3.4523461300295717e-02
-3.5706077018788779e-02
-3.6953163423842660e-02
-3.8271570542844226e-02
-3.9666411517982628e-02
-4.1142957009304829e-02
-4.2709516564490277e-02
-4.4372599075715863e-02
-4.6140637523399794e-02
-4.8024098698443561e-02
-5.0031640918064030e-02
-5.2176147624817586e-02
-5.4471282464479603e-02
-5.6929305541739271e-02
-5.9569320886469199e-02
-6.2409363251633168e-02
-6.5469535829289133e-02
-6.8776180188160591e-02
-7.2355275127342633e-02
-7.6239116410643681e-02
-8.0465862610296146e-02
-8.5074821742839923e-02
-9.0118042853700786e-02
-9.5653028135026782e-02
-1.0174482182316036e-01
-1.0847673728310545e-01
-1.1594144689773414e-01
-1.2425226690761770e-01
-1.3354822057041138e-01
-1.4399000737755863e-01
-1.5578326265768616e-01
-1.6917681572322663e-01
-1.8447537258953969e-01
-2.0207282175853028e-01
-2.2245781506694667e-01
-2.4626329973821895e-01
-2.7431712028703992e-01
-3.0769643428420301e-01
-3.4784522831924891e-01
-3.9674875773505636e-01
-4.5716686327359679e-01
-5.3302767968440989e-01
-6.3001168208037794e-01
-7.5660447704962530e-01
-9.2577157377251706e-01
-1.1575232075259905e+00
-1.4837340208395942e+00
-1.9532546674946878e+00
-2.6262603503743889e+00
-3.5066212420416312e+00
-4.2881908200216579e+00
-4.4918483300885770e+00
-4.4050491155029414e+00
-4.2926985480477429e+00
-3.7881816781414845e+00
-2.8619866200303146e+00
-2.0467422658408654e+00
-1.4857963464128305e+00
-1.1141194588977068e+00
-8.6289606156936483e-01
-6.8747379549870413e-01
-5.6090036468916127e-01
-4.6682166590372526e-01
-4.0280597767369880e-01
-4.8995304412241142e-01
-6.0572269583137739e-01
-7.6349917086307573e-01
-9.8489426228571086e-01
-1.3062513930006123e+00
-1.7900319941285130e+00
-2.5399410969237621e+00
-3.6874378625846811e+00
-5.1164391102817133e+00
-5.8506740266237136e+00
0.0000000000000000e+00
1.3464638167935297e-01
0.0000000000000000e+00
0.0000000000000000e+00
];
