%Vec Object:sol 1 MPI processes
%  type: mpi
sol = [
0.0000000000000000e+00
-2.5768405944145769e+01
-1.9749451512189300e+01
-1.2738154364382874e+01
-8.0566934848830236e+00
-5.3645280269345195e+00
-3.7772394974584134e+00
-2.7836474351652010e+00
-2.1299701523760874e+00
-1.6796371106134589e+00
-1.3562377125157055e+00
-1.1172210411858452e+00
-9.3592095428911648e-01
-7.9527973655703887e-01
-6.8398001481876214e-01
-5.9442821374373922e-01
-5.2137596269892372e-01
-4.6100420258354474e-01
-4.1042249147691728e-01
-3.6774917269127155e-01
-3.3142628819413039e-01
-3.0020655488458237e-01
-2.7321627701400497e-01
-2.4973141492815770e-01
-2.2914721088923715e-01
-2.1101259182015952e-01
-1.9496722229149915e-01
-1.8069280333636209e-01
-1.6792911439244476e-01
-1.5648671877706694e-01
-1.4618793994603185e-01
-1.3686796809852686e-01
-1.2842400347731189e-01
-1.2075016930747923e-01
-1.1374119343410194e-01
-1.0733326140784538e-01
-1.0146194592000567e-01
-9.6060466157393096e-02
-9.1083173915644633e-02
-8.6491216246891461e-02
-8.2241180184181209e-02
-7.8298368105615648e-02
-7.4639405481214519e-02
-7.1235574197734727e-02
-6.8059230194225842e-02
-6.5096604115459006e-02
-6.2328481900372226e-02
-5.9732060709144268e-02
-5.7299636492522364e-02
-5.5017819835216378e-02
-5.2868711604964008e-02
-5.0847094183842492e-02
-4.8943583222348229e-02
-4.7145029726557493e-02
-4.5446633516925392e-02
-4.3842171376109303e-02
-4.2321864949461017e-02
-4.0881262914467281e-02
-3.9516314558431236e-02
-3.8219664817488751e-02
-3.6987188463636120e-02
-3.5816333560056403e-02
-3.4701505151555671e-02
-3.3638900123116093e-02
-3.2626999933434729e-02
-3.1661498481255795e-02
-3.0738916319716546e-02
-2.9858442714531551e-02
-2.9016720573306627e-02
-2.8210595670304553e-02
-2.7439735304754579e-02
-2.6701483672112662e-02
-2.5993010822050883e-02
-2.5314298598482693e-02
-2.4663209966628245e-02
-2.4037235143001375e-02
-2.3436553866194094e-02
-2.2859412314941804e-02
-2.2303613958346263e-02
-2.1769452804734482e-02
-2.1255456778660302e-02
-2.0759733273543010e-02
-2.0282630802685608e-02
-1.9822882674462139e-02
-1.9378889167860458e-02
-1.8951010600242960e-02
-1.8538127886798737e-02
-1.8138921899735833e-02
-1.7753734585966040e-02
-1.7823515996913637e-02
-1.8261139923416641e-02
-1.8715089495006689e-02
-1.9185682701702424e-02
-1.9673343031289280e-02
-2.0179783263156774e-02
-2.0705355349709586e-02
-2.1250809908352177e-02
-2.1817980625698442e-02
-2.2407257086346700e-02
-2.3019811549488244e-02
-2.3657617973892178e-02
-2.4321112255281160e-02
-2.5012003550163232e-02
-2.5732434535144923e-02
-2.6482903615408001e-02
-2.7265798830215394e-02
-2.8083472543835499e-02
-2.8936512940088113e-02
-2.9828197606549756e-02
-3.0760847076687720e-02
-3.1735236356486535e-02
-3.2755865966702206e-02
-3.3825464112066397e-02
-3.4945658196502319e-02
-3.6121437049886913e-02
-3.7355886959589982e-02
-3.8651982298275468e-02
-4.0015418149118881e-02
-4.1449837901300898e-02
-4.2959977131649181e-02
-4.4552481344488873e-02
-4.6231784449720058e-02
-4.8004943955895073e-02
-4.9879911143170245e-02
-5.1862259991779659e-02
-5.3962143983736631e-02
-5.6189182953185909e-02
-5.8551109319644974e-02
-6.1061775147735253e-02
-6.3732875754163490e-02
-6.6576759898872545e-02
-6.9610909854938299e-02
-7.2850647485756662e-02
-7.6314857696368851e-02
-8.0026343064796765e-02
-8.4005893580789026e-02
-8.8281845399487954e-02
-9.2884888799573628e-02
-9.7844636046535538e-02
-1.0320307714602003e-01
-1.0900212001068434e-01
-1.1528880819760141e-01
-1.2212259322456340e-01
-1.2956479146557204e-01
-1.3769006073303583e-01
-1.4658634789674482e-01
-1.5634740115222598e-01
-1.6709336600360167e-01
-1.7895935396908053e-01
-1.9209997876639578e-01
-2.0670974145898291e-01
-2.2300909847792719e-01
-2.4126655321233759e-01
-2.6181084923158204e-01
-2.8502690193742325e-01
-3.1140289388164211e-01
-3.4153310847487672e-01
-3.7614860680833606e-01
-4.1619015709458695e-01
-4.6283197641379642e-01
-5.1755639186874081e-01
-5.8228624385962524e-01
-6.5966747239774592e-01
-7.5320589433298535e-01
-8.6766285397334586e-01
-1.0096578413212134e+00
-1.1886570409950674e+00
-1.4183853492553020e+00
-1.7184482714586307e+00
-2.1210906850243965e+00
-2.6765358266053978e+00
-3.4632749227113853e+00
-4.6159021180587256e+00
-6.3348247764414793e+00
-8.8035879450196344e+00
-1.1459903474705985e+01
-1.2113427946647938e+01
-1.1201330141196269e+01
-1.0102495247131760e+01
-7.7038936688573889e+00
-5.0341559094075761e+00
-3.2925981882864228e+00
-2.2619348532945809e+00
-1.6327592839160125e+00
-1.2281654255089265e+00
-9.5534609031299000e-01
-7.6357005973542469e-01
-6.2395107913344849e-01
-5.2955913479206385e-01
-6.3576006423771436e-01
-7.7622172264325118e-01
-9.6684058251717553e-01
-1.2335365617880589e+00
-1.6202838567625284e+00
-2.2030308519744652e+00
-3.1137616061559714e+00
-4.5387358796071320e+00
-6.4114355798227782e+00
-7.4343315675702728e+00
0.0000000000000000e+00
1.3464638167935297e-01
0.0000000000000000e+00
0.0000000000000000e+00
];
