%Vec Object:sol 1 MPI processes
%  type: mpi
sol = [
0.0000000000000000e+00
-2.4038009054598373e+01
-1.8772011113182547e+01
-1.2357345826888320e+01
-7.8958182430869295e+00
-5.2864040104552226e+00
-3.7298213402147371e+00
-2.7560104895789963e+00
-2.1105982678635145e+00
-1.6651778346285218e+00
-1.3460273642955669e+00
-1.1097903335960091e+00
-9.3024793769220848e-01
-7.9064311120827724e-01
-6.8014399549468829e-01
-5.9122312744763506e-01
-5.1867610424735311e-01
-4.5871451736218066e-01
-4.0854794884187023e-01
-3.6621145984004200e-01
-3.3016252304488825e-01
-2.9916820429906071e-01
-2.7236485061500293e-01
-2.4903623322244908e-01
-2.2858370563712246e-01
-2.1056073338625564e-01
-1.9461052325548567e-01
-1.8041768384413226e-01
-1.6772429478173281e-01
-1.5634267785113307e-01
-1.4609666117759301e-01
-1.3682196020608631e-01
-1.2841049625661632e-01
-1.2076556325981486e-01
-1.1378237418601729e-01
-1.0739747062805124e-01
-1.0154675490892690e-01
-9.6163744598659187e-02
-9.1203028841539455e-02
-8.6625964073323042e-02
-8.2389327626346015e-02
-7.8458581722051543e-02
-7.4810491991944617e-02
-7.1416466117532301e-02
-6.8248966718617785e-02
-6.5294323775663868e-02
-6.2533409839237469e-02
-5.9943490376218753e-02
-5.7516936396564855e-02
-5.5240420039404201e-02
-5.3096084574709830e-02
-5.1078770265273903e-02
-4.9179137855175518e-02
-4.7384065759625046e-02
-4.5688796294686730e-02
-4.4087141594121443e-02
-4.2569341220344663e-02
-4.1130973995102953e-02
-3.9768018489514438e-02
-3.8473131511346320e-02
-3.7242208084990951e-02
-3.6072721729855879e-02
-3.4959085459588778e-02
-3.3897508603806185e-02
-3.2886495566938928e-02
-3.1921745631595083e-02
-3.0999785752290468e-02
-3.0119826391215812e-02
-2.9278514094537404e-02
-2.8472696413085644e-02
-2.7702060542549173e-02
-2.6963953064937308e-02
-2.6255542396962754e-02
-2.5576829206591156e-02
-2.4925677866314694e-02
-2.4299574596820174e-02
-2.3698716971510714e-02
-2.3121351725546781e-02
-2.2565276868983297e-02
-2.2030803256610238e-02
-2.1516458556973365e-02
-2.1020344017945867e-02
-2.0542823958699715e-02
-2.0082630600206947e-02
-1.9638158057472568e-02
-1.9209781335748671e-02
-1.8796379379152371e-02
-1.8396627454145924e-02
-1.8010880985384302e-02
-1.8086603966413137e-02
-1.8535736847096418e-02
-1.9001685654575221e-02
-1.9484787574936671e-02
-1.9985486950337274e-02
-2.0505535958491982e-02
-2.1045308719848242e-02
-2.1605583996138975e-02
-2.2188240609413792e-02
-2.2793693818683465e-02
-2.3423153722598827e-02
-2.4078646157460692e-02
-2.4760636898281056e-02
-2.5470885746860013e-02
-2.6211595231360761e-02
-2.6983298768764395e-02
-2.7788452435669738e-02
-2.8629477778548358e-02
-2.9507004158004849e-02
-3.0424367587605489e-02
-3.1384269170247329e-02
-3.2387478949072783e-02
-3.3438446089750058e-02
-3.4539995763107532e-02
-3.5693834710604035e-02
-3.6905098535333879e-02
-3.8176989287082928e-02
-3.9512598678580826e-02
-4.0917798282395119e-02
-4.2396373223186672e-02
-4.3953227982893202e-02
-4.5595223737500683e-02
-4.7326971335388435e-02
-4.9155767622823171e-02
-5.1089832255742908e-02
-5.3134964991699674e-02
-5.5301655410750057e-02
-5.7599860609651367e-02
-6.0037619144883932e-02
-6.2629242397792037e-02
-6.5386852119094979e-02
-6.8323254194053051e-02
-7.1456528722565499e-02
-7.4802565423615519e-02
-7.8380924938585964e-02
-8.2215208954624849e-02
-8.6326985425445257e-02
-9.0745588803202937e-02
-9.5502806035131102e-02
-1.0062935812773774e-01
-1.0616871009497519e-01
-1.1216429797614609e-01
-1.1866488691854397e-01
-1.2573205066111434e-01
-1.3342935754242050e-01
-1.4183416864048295e-01
-1.5103760602945576e-01
-1.6113687359178239e-01
-1.7225645128697167e-01
-1.8453637579876139e-01
-1.9813693220273523e-01
-2.1325968401150036e-01
-2.3011529524841498e-01
-2.4898964803571075e-01
-2.7022676405944612e-01
-2.9422387322276394e-01
-3.2148460389614841e-01
-3.5262188041386971e-01
-3.8838946144445402e-01
-4.2975697098978527e-01
-4.7793419049438152e-01
-5.3448654401986651e-01
-6.0146137053180049e-01
-6.8153074218467913e-01
-7.7832309392675525e-01
-8.9676631108656613e-01
-1.0434204666551750e+00
-1.2280257402739472e+00
-1.4648121231896625e+00
-1.7749544292159043e+00
-2.1906133149569977e+00
-2.7619256772978047e+00
-3.5738235227453488e+00
-4.7592978096264025e+00
-6.5269237687128481e+00
-9.0637897586698237e+00
-1.1794843045783583e+01
-1.2459688867150714e+01
-1.1497776514723862e+01
-1.0345986623788127e+01
-7.8620915027554270e+00
-5.1219019377089063e+00
-3.3444025194100311e+00
-2.2955918260772408e+00
-1.6561273281670497e+00
-1.2454644129694210e+00
-9.6859425419086487e-01
-7.7407766753152929e-01
-6.3253213669213282e-01
-5.3681772087906832e-01
-6.4451419056331360e-01
-7.8696045257788438e-01
-9.8037450685050531e-01
-1.2509178583637954e+00
-1.6433226820563671e+00
-2.2350273930128273e+00
-3.1605884092247183e+00
-4.6117840315890177e+00
-6.5288865871613595e+00
-7.5845200393713590e+00
0.0000000000000000e+00
1.3464638167935297e-01
0.0000000000000000e+00
0.0000000000000000e+00
];
