%Vec Object:sol 1 MPI processes
%  type: mpi
sol = [
0.0000000000000000e+00
-3.8810338789624119e+01
-2.3431878367302986e+01
-1.2760615634153098e+01
-7.5218932296066985e+00
-4.8554584991229683e+00
-3.3641752258343076e+00
-2.4574405084926290e+00
-1.8687494169432937e+00
-1.4665453112629572e+00
-1.1804302364254182e+00
-9.6960527826515541e-01
-8.1002761350525554e-01
-6.8654308297187816e-01
-5.8901430777380892e-01
-5.1067479080323352e-01
-4.4686606148244640e-01
-3.9420413220497363e-01
-3.5020172283483486e-01
-3.1309121595336115e-01
-2.8153056029759038e-01
-2.5442809720978243e-01
-2.3101949556013029e-01
-2.1067030850745813e-01
-1.9285012988310288e-01
-1.7716462695317528e-01
-1.6329903407552887e-01
-1.5097481329711859e-01
-1.3996448429413319e-01
-1.3010303371560911e-01
-1.2123529335176783e-01
-1.1321723111894871e-01
-1.0595951423868816e-01
-9.9369814823221131e-02
-9.3356298158577253e-02
-8.7863503610323357e-02
-8.2835335138286129e-02
-7.8213669471603062e-02
-7.3958825841807532e-02
-7.0037006084677417e-02
-6.6410501772525526e-02
-6.3049201317888437e-02
-5.9932751696511438e-02
-5.7036246586746844e-02
-5.4335780720840492e-02
-5.1819310365789045e-02
-4.9470181464960884e-02
-4.7268781776823088e-02
-4.5208288492026967e-02
-4.3277099841016499e-02
-4.1459902696841043e-02
-3.9752029879550441e-02
-3.8145346192935040e-02
-3.6628644321076709e-02
-3.5197670315073940e-02
-3.3847002855884149e-02
-3.2568336473652246e-02
-3.1357771189540376e-02
-3.0211741557153202e-02
-2.9124020150108162e-02
-2.8091036738320883e-02
-2.7110499874456205e-02
-2.6177686019903324e-02
-2.5289343923675579e-02
-2.4444056707818938e-02
-2.3638198723040217e-02
-2.2868830623454878e-02
-2.2135132541421364e-02
-2.1434284942027277e-02
-2.0763660373594558e-02
-2.0122839921911582e-02
-1.9509533001635427e-02
-1.8921430596028327e-02
-1.8358409058916104e-02
-1.7818687342328957e-02
-1.7300222540141057e-02
-1.6803027925955998e-02
-1.6325644201766083e-02
-1.5866294382340156e-02
-1.5425090283201846e-02
-1.5000813784660670e-02
-1.4591947680503129e-02
-1.4198653716549728e-02
-1.3819891635500551e-02
-1.3454388987416814e-02
-1.3102323278497191e-02
-1.2762784668682095e-02
-1.2434729942605494e-02
-1.2118328725989062e-02
-1.2113169528824488e-02
-1.2356238113313970e-02
-1.2607447598517769e-02
-1.2866825091468888e-02
-1.3134467292782989e-02
-1.3411368379913158e-02
-1.3697543497042395e-02
-1.3993280206403079e-02
-1.4299602375995035e-02
-1.4616508189866449e-02
-1.4944527598100594e-02
-1.5284716719808973e-02
-1.5637053679475998e-02
-1.6002371153389025e-02
-1.6381763551655566e-02
-1.6775188070201851e-02
-1.7183853148104045e-02
-1.7608901712558137e-02
-1.8050272716839479e-02
-1.8509639351044608e-02
-1.8988209817506069e-02
-1.9485913178098523e-02
-2.0004997291115309e-02
-2.0546608688159596e-02
-2.1111142580690832e-02
-2.1701100203644630e-02
-2.2317693765030712e-02
-2.2962011467835830e-02
-2.3636786865911266e-02
-2.4343377717137585e-02
-2.5083754154206207e-02
-2.5860971334477553e-02
-2.6676614977716617e-02
-2.7533785641663377e-02
-2.8435993552070729e-02
-2.9385178798228800e-02
-3.0385910715488972e-02
-3.1442257086629288e-02
-3.2556997966360426e-02
-3.3736351247169220e-02
-3.4985026265045745e-02
-3.6307895798268576e-02
-3.7712547542491211e-02
-3.9205011916024622e-02
-4.0793058402470425e-02
-4.2486302967855043e-02
-4.4292810549715053e-02
-4.6224449237569035e-02
-4.8293850965728365e-02
-5.0512479850144253e-02
-5.2897972996416548e-02
-5.5467130499317042e-02
-5.8238719061559176e-02
-6.1237215760130005e-02
-6.4486957736001965e-02
-6.8018131115397631e-02
-7.1866422348105127e-02
-7.6068855608385916e-02
-8.0674232732107803e-02
-8.5736708439382886e-02
-9.1317758287714018e-02
-9.7495957651121221e-02
-1.0435916096864495e-01
-1.1201486914246979e-01
-1.2059511443052762e-01
-1.3025319839445587e-01
-1.4118522164746136e-01
-1.5362922155431952e-01
-1.6787755010918495e-01
-1.8430839128317444e-01
-2.0339257126156987e-01
-2.2574104826303301e-01
-2.5215456897680177e-01
-2.8367823818033910e-01
-3.2170952353406379e-01
-3.6819502890068889e-01
-4.2582243552936200e-01
-4.9843279494433462e-01
-5.9159059757057719e-01
-7.1361504769666650e-01
-8.7721902719045031e-01
-1.1021247314823164e+00
-1.4192088819219046e+00
-1.8758217784960771e+00
-2.5295838660293666e+00
-3.3832445762679759e+00
-4.1658634839946869e+00
-4.4728898581715528e+00
-4.5380547643845182e+00
-4.5748051307725008e+00
-4.1562178963194985e+00
-3.1952104810929014e+00
-2.3097862766729529e+00
-1.6915043136090804e+00
-1.2787172396683890e+00
-9.9781736812653465e-01
-8.0055106942986198e-01
-6.5748558487988307e-01
-5.5065583278795793e-01
-4.7793747716014795e-01
-5.8529358498709749e-01
-7.2826594339621409e-01
-9.2372060051391869e-01
-1.1991637882039687e+00
-1.6012603611875353e+00
-2.2123591167739400e+00
-3.1765406781844523e+00
-4.7073127624031557e+00
-6.7814363811990148e+00
-7.9907917104359667e+00
0.0000000000000000e+00
2.4055929233035767e-01
0.0000000000000000e+00
0.0000000000000000e+00
];
