%Vec Object:sol 1 MPI processes
%  type: mpi
sol = [
0.0000000000000000e+00
-1.5674063165986839e+01
-1.2525825667730057e+01
-8.5531659619996709e+00
-5.6381543577017634e+00
-3.8514022818972795e+00
-2.7565827490788322e+00
-2.0551193710550595e+00
-1.5852180021008733e+00
-1.2575431455401140e+00
-1.0208319316030001e+00
-8.4426860667787862e-01
-7.0951387914429231e-01
-6.0450832800752563e-01
-5.2109882377270722e-01
-4.5377686047950833e-01
-3.9871357046905886e-01
-3.5310362372265475e-01
-3.1487023324113050e-01
-2.8255109676311857e-01
-2.5499158244534492e-01
-2.3126370051891704e-01
-2.1072002679374960e-01
-1.9282067798486968e-01
-1.7711216499892138e-01
-1.6325703896643098e-01
-1.5098546866733131e-01
-1.4005468444026542e-01
-1.3026726466276625e-01
-1.2148640016870457e-01
-1.1357747016356293e-01
-1.0641479701387027e-01
-9.9921256624341592e-02
-9.4016428782215999e-02
-8.8619659645151061e-02
-8.3682931778061381e-02
-7.9157279098564154e-02
-7.4991444647919417e-02
-7.1150786726481105e-02
-6.7605851364473640e-02
-6.4323286193640972e-02
-6.1276530591226383e-02
-5.8447960781965125e-02
-5.5815512767487384e-02
-5.3357851911632920e-02
-5.1064702486945092e-02
-4.8921316317433482e-02
-4.6909965756487010e-02
-4.5025015601790799e-02
-4.3256191695590779e-02
-4.1589523302022806e-02
-4.0021217679895069e-02
-3.8544082603174559e-02
-3.7147845725663195e-02
-3.5828939639595367e-02
-3.4582621637371698e-02
-3.3401247678827725e-02
-3.2281452845304114e-02
-3.1220177953597716e-02
-3.0211670847293582e-02
-2.9252772572199347e-02
-2.8341584654829888e-02
-2.7473730236800678e-02
-2.6646268293490216e-02
-2.5858099456864014e-02
-2.5105854456686411e-02
-2.4386822234669529e-02
-2.3700449246368500e-02
-2.3044108247861975e-02
-2.2415327125040206e-02
-2.1813919332355557e-02
-2.1237805813350413e-02
-2.0684758365494906e-02
-2.0154830107608282e-02
-1.9646347159087776e-02
-1.9157326234492723e-02
-1.8687969249240238e-02
-1.8236901164723544e-02
-1.7802381359695387e-02
-1.7384695381098141e-02
-1.6982687348477701e-02
-1.6594854363946324e-02
-1.6221519058752406e-02
-1.5861684687852366e-02
-1.5514079220016110e-02
-1.5179029121365479e-02
-1.4855651324947877e-02
-1.4542896382219875e-02
-1.4241071134699442e-02
-1.4304057566153321e-02
-1.4662440671630986e-02
-1.5034301789639251e-02
-1.5419910107845663e-02
-1.5819620825480572e-02
-1.6234846424991442e-02
-1.6665885453463807e-02
-1.7113362940991850e-02
-1.7578793561643977e-02
-1.8062508508694688e-02
-1.8565481061265030e-02
-1.9089344536090964e-02
-1.9634470216729011e-02
-2.0202275492002587e-02
-2.0794536269819287e-02
-2.1411677633572556e-02
-2.2055679822338206e-02
-2.2728495521964716e-02
-2.3430626309549809e-02
-2.4164764169342004e-02
-2.4933087513098740e-02
-2.5736210422478204e-02
-2.6577725783255887e-02
-2.7459911677328964e-02
-2.8384139256816526e-02
-2.9354557113626351e-02
-3.0373747531019225e-02
-3.1444202228053719e-02
-3.2570665828149575e-02
-3.3756191799627230e-02
-3.5004739800686524e-02
-3.6321856298900217e-02
-3.7711262608253325e-02
-3.9178857388412230e-02
-4.0731288548273577e-02
-4.2373240001548670e-02
-4.4113200403170814e-02
-4.5959227375637707e-02
-4.7917820187077464e-02
-5.0000570729034591e-02
-5.2217294384342486e-02
-5.4578361289577604e-02
-5.7098427273086561e-02
-5.9790370307097482e-02
-6.2670051652707531e-02
-6.5756620777151248e-02
-6.9067576378696136e-02
-7.2626735398955158e-02
-7.6459916814568291e-02
-8.0592077462669942e-02
-8.5058552797227460e-02
-8.9894668318885651e-02
-9.5140100248132561e-02
-1.0084497555538850e-01
-1.0706107111257677e-01
-1.1385143099699135e-01
-1.2129035890901307e-01
-1.2945716748737829e-01
-1.3845348139233102e-01
-1.4839371021557199e-01
-1.5940890070281138e-01
-1.7166394079801636e-01
-1.8533771780556224e-01
-2.0065888403921339e-01
-2.1791051704571188e-01
-2.3741917149099331e-01
-2.5959922797442514e-01
-2.8495560442739271e-01
-3.1411001238251363e-01
-3.4786310422548272e-01
-3.8721532899329952e-01
-4.3346302892678062e-01
-4.8830419067421837e-01
-5.5395882613307212e-01
-6.3344643658822319e-01
-7.3087585573064973e-01
-8.5195307734783809e-01
-1.0045614083432137e+00
-1.2007706832739196e+00
-1.4584315924214635e+00
-1.8051560442360508e+00
-2.2835788101413508e+00
-2.9656457589451026e+00
-3.9667334799015963e+00
-5.4646297149083409e+00
-7.6158316310138652e+00
-9.9159403312891765e+00
-1.0530101329890007e+01
-9.8484365073041698e+00
-8.9890975351042695e+00
-6.9884619442011662e+00
-4.6422119953489513e+00
-3.0633895288043704e+00
-2.1149706808088267e+00
-1.5311023492712772e+00
-1.1541585096021414e+00
-8.9899901885154898e-01
-7.1928541148522129e-01
-5.8831507791388837e-01
-4.9966207732036505e-01
-5.9994193138845264e-01
-7.3254751256815587e-01
-9.1252282402571883e-01
-1.1642861646414129e+00
-1.5287363098930666e+00
-2.0773148052324499e+00
-2.9311220362758705e+00
-4.2551075880355729e+00
-5.9598914369330167e+00
-6.8622564262551542e+00
0.0000000000000000e+00
2.4055929233035767e-01
0.0000000000000000e+00
0.0000000000000000e+00
];
