%Vec Object:sol 1 MPI processes
%  type: mpi
sol = [
0.0000000000000000e+00
-1.6097836043681802e+01
-1.2791665325170186e+01
-8.6817435595516894e+00
-5.7016718548538146e+00
-3.8865111079787615e+00
-2.7785979124524967e+00
-2.0697602310267365e+00
-1.5958546322346430e+00
-1.2655946514804115e+00
-1.0268127359956112e+00
-8.4896896822889445e-01
-7.1334492263752092e-01
-6.0768166990711792e-01
-5.2376254992881188e-01
-4.5603798166876508e-01
-4.0065153644990276e-01
-3.5477839424238861e-01
-3.1632776361003029e-01
-2.8382758384313050e-01
-2.5611572677832689e-01
-2.3225847587707091e-01
-2.1158765149567241e-01
-1.9357897111769110e-01
-1.7777729623920441e-01
-1.6384227937855275e-01
-1.5150182452012484e-01
-1.4051412907781702e-01
-1.3068128427268166e-01
-1.2186010683693672e-01
-1.1391525819040686e-01
-1.0672042085414468e-01
-1.0019803310339265e-01
-9.4267253045546673e-02
-8.8847032779648977e-02
-8.3889085459345716e-02
-7.9344189072217311e-02
-7.5160841517947566e-02
-7.1304218234497785e-02
-6.7744707197515047e-02
-6.4448798632812290e-02
-6.1389802561864541e-02
-5.8549994866205685e-02
-5.5907207724625062e-02
-5.3440012177337105e-02
-5.1138067142963442e-02
-4.8986554232651670e-02
-4.6967675732335110e-02
-4.5075752674116780e-02
-4.3300461683300963e-02
-4.1627781186043065e-02
-4.0053886471991609e-02
-3.8571550200859270e-02
-3.7170463975986237e-02
-3.5847035241665652e-02
-3.4596496093278792e-02
-3.3411176520858309e-02
-3.2287691802830358e-02
-3.1222964176321158e-02
-3.0211222489535797e-02
-2.9249292257451820e-02
-2.8335260889191430e-02
-2.7464737428866348e-02
-2.6634768759660851e-02
-2.5844244446785489e-02
-2.5089784616134522e-02
-2.4368668889133100e-02
-2.3680334770301105e-02
-2.3022146932454215e-02
-2.2391626191181378e-02
-2.1788578534150536e-02
-2.1210918672402396e-02
-2.0656413145093484e-02
-2.0125108668051755e-02
-1.9615326515333518e-02
-1.9125079581183986e-02
-1.8654564165693714e-02
-1.8202401451420134e-02
-1.7766848113401918e-02
-1.7348184690575634e-02
-1.6945252368465703e-02
-1.6556546383051970e-02
-1.6182384851250793e-02
-1.5821768786761548e-02
-1.5473424887439812e-02
-1.5137675529073720e-02
-1.4813635992830641e-02
-1.4500255942728160e-02
-1.4197838515030916e-02
-1.4259152795851326e-02
-1.4614895501913293e-02
-1.4983999363726096e-02
-1.5366728425033458e-02
-1.5763432431705804e-02
-1.6175515089583144e-02
-1.6603268974853282e-02
-1.7047312050577676e-02
-1.7509148705412071e-02
-1.7989103179762787e-02
-1.8488139512493146e-02
-1.9007878956967515e-02
-1.9548684666215673e-02
-2.0111961877527233e-02
-2.0699472313839014e-02
-2.1311631478990539e-02
-2.1950403605975614e-02
-2.2617724613834704e-02
-2.3314084677068733e-02
-2.4042154690321615e-02
-2.4804093100234469e-02
-2.5600500244825256e-02
-2.6434941221835335e-02
-2.7309671033701667e-02
-2.8226041237758164e-02
-2.9188166580312386e-02
-3.0198601637454966e-02
-3.1259809901511650e-02
-3.2376494966837061e-02
-3.3551676299151637e-02
-3.4789273532397740e-02
-3.6094782695183091e-02
-3.7471882643600379e-02
-3.8926415800729058e-02
-4.0464967065468704e-02
-4.2092166257984856e-02
-4.3816423437598957e-02
-4.5645716828894269e-02
-4.7586472774958637e-02
-4.9650175914458181e-02
-5.1846541071464511e-02
-5.4185830577759074e-02
-5.6682560462410728e-02
-5.9349475024373759e-02
-6.2202277164922874e-02
-6.5259929560517002e-02
-6.8539748335555678e-02
-7.2065317522120587e-02
-7.5862200227530416e-02
-7.9955094253345363e-02
-8.4378992193062607e-02
-8.9168864112350768e-02
-9.4363986470480832e-02
-1.0001399464706008e-01
-1.0617021298169620e-01
-1.1289087532116795e-01
-1.2025195553059805e-01
-1.2833254894917406e-01
-1.3723305420249166e-01
-1.4706646870711879e-01
-1.5796219287473767e-01
-1.7008307023488614e-01
-1.8361384916897983e-01
-1.9877967868666016e-01
-2.1585641415307133e-01
-2.3516736573587699e-01
-2.5712283980047429e-01
-2.8222281309874259e-01
-3.1108295053372642e-01
-3.4449619523998704e-01
-3.8345343467594845e-01
-4.2923875101664161e-01
-4.8353425137910605e-01
-5.4853943545416184e-01
-6.2724629895960216e-01
-7.2367133552644325e-01
-8.4334191505790401e-01
-9.9445497339942590e-01
-1.1887716984312462e+00
-1.4439932842578616e+00
-1.7871965989353709e+00
-2.2609334359400948e+00
-2.9369035335420031e+00
-3.9282968477519247e+00
-5.4121522816029062e+00
-7.5435403553037492e+00
-9.8201115934553833e+00
-1.0428468470865953e+01
-9.7597217244096637e+00
-8.9135263338746586e+00
-6.9382147947583457e+00
-4.6137758554520767e+00
-3.0464499158356073e+00
-2.1039174456955090e+00
-1.5234057552594533e+00
-1.1484528579882891e+00
-8.9462372801987011e-01
-7.1581957680220443e-01
-5.8549796372171370e-01
-4.9726055478543973e-01
-5.9704402599385042e-01
-7.2899020310131191e-01
-9.0806433936402020e-01
-1.1585182562385523e+00
-1.5210799833544353e+00
-2.0666643865203080e+00
-2.9155724531543670e+00
-4.2307181019570681e+00
-5.9209756231075783e+00
-6.8129934054479326e+00
0.0000000000000000e+00
2.4055929233035767e-01
0.0000000000000000e+00
0.0000000000000000e+00
];
