%Vec Object:sol 1 MPI processes
%  type: mpi
sol = [
0.0000000000000000e+00
-5.0085728699112572e+01
-2.9746220108312130e+01
-1.5833091335279711e+01
-9.1915186753099274e+00
-5.8798118801734178e+00
-4.0489313849398805e+00
-2.9453392539472456e+00
-2.2338581520516141e+00
-1.7493461921470761e+00
-1.4058238785721893e+00
-1.1535920781121400e+00
-9.6318308560513943e-01
-8.1584348624000869e-01
-6.9965988516271627e-01
-6.0645732805418362e-01
-5.3062153998177708e-01
-4.6808796351653198e-01
-4.1587656071081563e-01
-3.7189683076886404e-01
-3.3451257059852230e-01
-3.0241977212322046e-01
-2.7470555996338897e-01
-2.5059839355823721e-01
-2.2949290087594545e-01
-2.1091975600070084e-01
-1.9450411765669473e-01
-1.7991534216025293e-01
-1.6688348785892335e-01
-1.5521209909794950e-01
-1.4471717435591397e-01
-1.3522838158051897e-01
-1.2663928510490050e-01
-1.1884050528653779e-01
-1.1172360258810768e-01
-1.0522260683539551e-01
-9.9271072241792171e-02
-9.3800381325123791e-02
-8.8763493829122242e-02
-8.4120346057442758e-02
-7.9826418567390311e-02
-7.5846109430546413e-02
-7.2155267286220168e-02
-6.8724480238829710e-02
-6.5525532878864534e-02
-6.2544115596526131e-02
-5.9760556571851024e-02
-5.7151723922728444e-02
-5.4709500780054668e-02
-5.2420183403133876e-02
-5.0265703169861932e-02
-4.8240519488859830e-02
-4.6335023226126745e-02
-4.4535978535573610e-02
-4.2838353048717449e-02
-4.1235744443808120e-02
-3.9718335053840863e-02
-3.8281517177354507e-02
-3.6921085010256018e-02
-3.5629670812044677e-02
-3.4403055450150898e-02
-3.3238543764483285e-02
-3.2130542595261366e-02
-3.1075205106223813e-02
-3.0070875214068853e-02
-2.9113256325188696e-02
-2.8198864371466667e-02
-2.7326753947090804e-02
-2.6493581338871513e-02
-2.5696217563874992e-02
-2.4934197046925399e-02
-2.4204879507957872e-02
-2.3505481871686801e-02
-2.2835855009512133e-02
-2.2193879095390997e-02
-2.1577105526618706e-02
-2.0985585810951338e-02
-2.0417585347405332e-02
-1.9870976634695399e-02
-1.9345929356150898e-02
-1.8840993435377682e-02
-1.8354347441306235e-02
-1.7886220820909675e-02
-1.7435372677277818e-02
-1.7000271615978269e-02
-1.6581165510107174e-02
-1.6176965988294604e-02
-1.5786415012704065e-02
-1.5409750050699915e-02
-1.5428624216363259e-02
-1.5764612685965705e-02
-1.6112472169007151e-02
-1.6472338197115077e-02
-1.6844435996450052e-02
-1.7230118004947174e-02
-1.7629523905218780e-02
-1.8043138409442099e-02
-1.8472379972066695e-02
-1.8917390338092824e-02
-1.9378985924742749e-02
-1.9858660393935069e-02
-2.0356558751388903e-02
-2.0873915371196497e-02
-2.1412314260052755e-02
-2.1971909350132091e-02
-2.2554458570780006e-02
-2.3161659026397857e-02
-2.3793685888000706e-02
-2.4452951132945457e-02
-2.5141299099908032e-02
-2.5858948626320447e-02
-2.6609129232740603e-02
-2.7393684560805362e-02
-2.8213509972887650e-02
-2.9072264931969134e-02
-2.9971975826210768e-02
-3.0914551249242538e-02
-3.1904094510280638e-02
-3.2942859871437864e-02
-3.4033901891478188e-02
-3.5181978050897809e-02
-3.6389946188800690e-02
-3.7662713616709018e-02
-3.9005778741263215e-02
-4.0422632281558249e-02
-4.1920358184551525e-02
-4.3505486319731959e-02
-4.5182925380927094e-02
-4.6962331732820640e-02
-4.8851483825390729e-02
-5.0858527222075393e-02
-5.2995472731735452e-02
-5.5272420133914382e-02
-5.7702052408737742e-02
-6.0299847420801501e-02
-6.3079436144831885e-02
-6.6060001535264576e-02
-6.9262170698060982e-02
-7.2705353749611429e-02
-7.6418022116987006e-02
-8.0428047801378716e-02
-8.4766660309865571e-02
-8.9473849256894167e-02
-9.4590248192975748e-02
-1.0016571453903766e-01
-1.0625907529908875e-01
-1.1293236077795840e-01
-1.2026599309095816e-01
-1.2834993811775236e-01
-1.3728683168860825e-01
-1.4720664546384926e-01
-1.5825591593641261e-01
-1.7061348927452619e-01
-1.8449866624846256e-01
-2.0016742719763425e-01
-2.1794563891958288e-01
-2.3822967716417906e-01
-2.6150702851070012e-01
-2.8840661258824901e-01
-3.1971305857253651e-01
-3.5644371284516224e-01
-3.9993232089991121e-01
-4.5185966882658196e-01
-5.1463012340044134e-01
-5.9146270967319592e-01
-6.8683927648841869e-01
-8.0718530325761706e-01
-9.6185496234504242e-01
-1.1649240521388884e+00
-1.4376411504744355e+00
-1.8148457055392999e+00
-2.3527894630710029e+00
-3.1424005973175957e+00
-4.3212433175887863e+00
-5.9976395394754363e+00
-7.7372573404275418e+00
-8.1896560145173076e+00
-7.7277760020175634e+00
-7.1373063337327256e+00
-5.7064896134961476e+00
-3.8963026373018579e+00
-2.6101681331272815e+00
-1.8158026430719920e+00
-1.3196536186874246e+00
-9.9667479934646697e-01
-7.7701927043931296e-01
-6.2172777730947903e-01
-5.0832460579263505e-01
-4.3141929890222080e-01
-5.1699426184481134e-01
-6.2996975126268440e-01
-7.8286812685018370e-01
-9.9610360074539328e-01
-1.3035723256446849e+00
-1.7624889309482799e+00
-2.4667010353753276e+00
-3.5255827842948144e+00
-4.7988889297558135e+00
-5.4100618639019959e+00
0.0000000000000000e+00
1.3464638167935297e-01
0.0000000000000000e+00
0.0000000000000000e+00
];
