%Vec Object:sol 1 MPI processes
%  type: mpi
sol = [
0.0000000000000000e+00
-2.4359319317200342e+01
-1.7418709236294838e+01
-1.0679178982797893e+01
-6.6399400540195028e+00
-4.4004762528687182e+00
-3.0936967831497251e+00
-2.2813685106755326e+00
-1.7460790934153134e+00
-1.3772057828641331e+00
-1.1128831472394420e+00
-9.1695427425161791e-01
-7.6821007403467789e-01
-6.5274009906165753e-01
-5.6130140313790777e-01
-4.8769021415083141e-01
-4.2761673391030941e-01
-3.7795330549873618e-01
-3.3639381334491508e-01
-3.0131808895582118e-01
-2.7142562617954885e-01
-2.4572438117235615e-01
-2.2350193608825053e-01
-2.0416405938934573e-01
-1.8721316368376820e-01
-1.7227896717478194e-01
-1.5906566249147422e-01
-1.4731109931180542e-01
-1.3680094766751222e-01
-1.2737980242588204e-01
-1.1890127978054517e-01
-1.1122920955955384e-01
-1.0427939621784843e-01
-9.7964571658194444e-02
-9.2197658451018669e-02
-8.6926322214690016e-02
-8.2097477297255084e-02
-7.7655896765136276e-02
-7.3564014562546604e-02
-6.9789858425494233e-02
-6.6297542643651869e-02
-6.3058436255811381e-02
-6.0053334593823046e-02
-5.7258513008886958e-02
-5.4651122931798031e-02
-5.2219872028058480e-02
-4.9948896267420245e-02
-4.7819338429758301e-02
-4.5824892316251295e-02
-4.3954505521979360e-02
-4.2193386503490325e-02
-4.0537254801547420e-02
-3.8978365928704253e-02
-3.7505867108589587e-02
-3.6115804536747745e-02
-3.4803042574081317e-02
-3.3559520270746705e-02
-3.2381566257295720e-02
-3.1265834154551447e-02
-3.0206267783390910e-02
-2.9199466179096252e-02
-2.8243314503996662e-02
-2.7333210957416525e-02
-2.6466024835656025e-02
-2.5640488440625202e-02
-2.4853063810775060e-02
-2.4100892765199097e-02
-2.3383286410311128e-02
-2.2697489270946735e-02
-2.2040916955624375e-02
-2.1413270428850342e-02
-2.0812372005437788e-02
-2.0235909505104281e-02
-1.9683839706994496e-02
-1.9154412201553436e-02
-1.8645582369995955e-02
-1.8157467561460649e-02
-1.7688633131082630e-02
-1.7237294854229954e-02
-1.6803662652570751e-02
-1.6386534393494093e-02
-1.5984376994359121e-02
-1.5597444643699134e-02
-1.5224705262461858e-02
-1.4864866270822756e-02
-1.4518191823212021e-02
-1.4183772792834030e-02
-1.3860545482647545e-02
-1.3548759995008054e-02
-1.3584463703101263e-02
-1.3899990512258670e-02
-1.4227048445424304e-02
-1.4565818025689780e-02
-1.4916560559604896e-02
-1.5280542578428452e-02
-1.5657959275070202e-02
-1.6049314727545803e-02
-1.6455951623958218e-02
-1.6878080260749453e-02
-1.7316516506623358e-02
-1.7772690858976363e-02
-1.8246832567626065e-02
-1.8740152704237276e-02
-1.9254187379812306e-02
-1.9789193550892821e-02
-2.0346880247667079e-02
-2.0928915165321492e-02
-2.1535598856349585e-02
-2.2169266285282284e-02
-2.2831754678157009e-02
-2.3523434808355979e-02
-2.4247429110843672e-02
-2.5005618172532718e-02
-2.5799029556439444e-02
-2.6631236012212900e-02
-2.7504339798644160e-02
-2.8420341372363871e-02
-2.9383283260423526e-02
-3.0395626752458146e-02
-3.1460637715152263e-02
-3.2582994572598931e-02
-3.3765675416369767e-02
-3.5013605135018881e-02
-3.6332343292847291e-02
-3.7725637790612936e-02
-3.9200617950134048e-02
-4.0763629698537016e-02
-4.2419874176386284e-02
-4.4179310586927242e-02
-4.6050000958896962e-02
-4.8040408660714025e-02
-5.0162736768925929e-02
-5.2427492206822919e-02
-5.4847734556155769e-02
-5.7439313377157082e-02
-6.0216469374061755e-02
-6.3198889628984373e-02
-6.6407840446492644e-02
-6.9863629914543923e-02
-7.3595488297908296e-02
-7.7632363060375673e-02
-8.2006737270703817e-02
-8.6759912667755498e-02
-9.1934241816110623e-02
-9.7581484970553703e-02
-1.0376269268236429e-01
-1.1054268703220518e-01
-1.1800498891668565e-01
-1.2624338256469766e-01
-1.3536512369957648e-01
-1.4550559277628447e-01
-1.5681802482434740e-01
-1.6948934549346242e-01
-1.8374874106263772e-01
-1.9986446873367769e-01
-2.1817754404731501e-01
-2.3910338285622096e-01
-2.6315349214860578e-01
-2.9098743358865059e-01
-3.2342929301032036e-01
-3.6154780133789360e-01
-4.0674392761969047e-01
-4.6085024910987327e-01
-5.2628939376521344e-01
-6.0647983189496180e-01
-7.0615432670327971e-01
-8.3208080610028290e-01
-9.9411668884740723e-01
-1.2071137270441659e+00
-1.4936458989363184e+00
-1.8900793706998353e+00
-2.4563375754077956e+00
-3.2878483668808713e+00
-4.5316680519630541e+00
-6.3067572466738637e+00
-8.1687453827971570e+00
-8.6769834879115848e+00
-8.1972232147280231e+00
-7.5706244830406391e+00
-6.0253934480953895e+00
-4.0908646257254775e+00
-2.7324602030093961e+00
-1.8985123493913576e+00
-1.3794139933312295e+00
-1.0419207282834617e+00
-8.1260151515927936e-01
-6.5063209981407544e-01
-5.3236486868010457e-01
-4.5217270838697193e-01
-5.4250232763177875e-01
-6.6185214947828919e-01
-8.2365176855258582e-01
-1.0496169510412159e+00
-1.3758594881375730e+00
-1.8647419005855119e+00
-2.6187614756644684e+00
-3.7663336762863939e+00
-5.1817206145996515e+00
-5.8862522189537083e+00
0.0000000000000000e+00
2.4055929233035767e-01
0.0000000000000000e+00
0.0000000000000000e+00
];
