%Vec Object:sol 1 MPI processes
%  type: mpi
sol = [
0.0000000000000000e+00
-1.6568398705807986e+01
-1.3083515875232848e+01
-8.8214325065517851e+00
-5.7703603397727798e+00
-3.9244045385346946e+00
-2.8015829689430856e+00
-2.0855630849955582e+00
-1.6073392320903013e+00
-1.2739526132534869e+00
-1.0331676328081170e+00
-8.5404949813797337e-01
-7.1748754225369082e-01
-6.1111451375405024e-01
-5.2664529121428694e-01
-4.5848602751960538e-01
-4.0275058958032695e-01
-3.5659313947009219e-01
-3.1787603635162592e-01
-2.8515012417919794e-01
-2.5725272976935587e-01
-2.3324109416643934e-01
-2.1245738087418706e-01
-1.9435342896015320e-01
-1.7846911928722009e-01
-1.6446204610201254e-01
-1.5205847419490073e-01
-1.4101518967958318e-01
-1.3113314010713242e-01
-1.2226828489959189e-01
-1.1428451006205595e-01
-1.0705480597419906e-01
-1.0050113919348221e-01
-9.4542212189293290e-02
-8.9096550411964917e-02
-8.4115576534813968e-02
-7.9549792036586603e-02
-7.5347429321102263e-02
-7.1473466347813000e-02
-6.7898120462135253e-02
-6.4587711393083377e-02
-6.1515409187828753e-02
-5.8663381543602545e-02
-5.6009348191846102e-02
-5.3531777866205700e-02
-5.1220259164546138e-02
-4.9059897679776261e-02
-4.7032819493111992e-02
-4.5133298676276364e-02
-4.3350958576065732e-02
-4.1671722221474597e-02
-4.0091730617807582e-02
-3.8603718427185435e-02
-3.7197337944401603e-02
-3.5868969569758928e-02
-3.4613818173707796e-02
-3.3424185413689342e-02
-3.2296665209579134e-02
-3.1228159762616399e-02
-3.0212877187580714e-02
-2.9247626196082392e-02
-2.8330479010094538e-02
-2.7457029276609625e-02
-2.6624310753298557e-02
-2.5831201128154041e-02
-2.5074308943896593e-02
-2.4350903665935040e-02
-2.3660413215828131e-02
-2.3000193433094469e-02
-2.2367757396004825e-02
-2.1762903115826928e-02
-2.1183538489404134e-02
-2.0627424272264053e-02
-2.0094600352252637e-02
-1.9583382701924265e-02
-1.9091779987572898e-02
-1.8619982528548289e-02
-1.8166607367952701e-02
-1.7729908165573332e-02
-1.7310160130042742e-02
-1.6906201226727299e-02
-1.6516524590626885e-02
-1.6141443534642502e-02
-1.5779956604867820e-02
-1.5430789052622872e-02
-1.5094258899814170e-02
-1.4769479599018174e-02
-1.4455399794654260e-02
-1.4152318676675404e-02
-1.4211832547099908e-02
-1.4564753077396820e-02
-1.4930909273601273e-02
-1.5310559613326646e-02
-1.5704047947349409e-02
-1.6112768585699277e-02
-1.6537007639817407e-02
-1.6977375449568635e-02
-1.7435365376821464e-02
-1.7911294129566293e-02
-1.8406115795007446e-02
-1.8921438676648510e-02
-1.9457617114151945e-02
-2.0016043271918041e-02
-2.0598463627269973e-02
-2.1205283294377583e-02
-2.1838449298288338e-02
-2.2499879517621613e-02
-2.3190051754510617e-02
-2.3911614238497182e-02
-2.4666703912993873e-02
-2.5455906198438561e-02
-2.6282756331898791e-02
-2.7149484422554240e-02
-2.8057420815801880e-02
-2.9010643854444372e-02
-3.0011678202313308e-02
-3.1062956855871075e-02
-3.2169139235051533e-02
-3.3333208070788510e-02
-3.4559039803797237e-02
-3.5852076107350382e-02
-3.7215949940837052e-02
-3.8656443073093259e-02
-4.0180072444956000e-02
-4.1791409373477431e-02
-4.3498779166704769e-02
-4.5310074345657154e-02
-4.7231641959150070e-02
-4.9274847317447149e-02
-5.1448490024743603e-02
-5.3763195756985856e-02
-5.6233504392795487e-02
-5.8871994299680777e-02
-6.1694172535536274e-02
-6.4718771179316098e-02
-6.7962875859254340e-02
-7.1449780035172591e-02
-7.5204724802126088e-02
-7.9252075345099593e-02
-8.3626390781106202e-02
-8.8362183408471837e-02
-9.3498210773788226e-02
-9.9083472467125011e-02
-1.0516853774738089e-01
-1.1181500344240790e-01
-1.1909547089203792e-01
-1.2708738496579408e-01
-1.3589003608808262e-01
-1.4561516645495234e-01
-1.5639073619086069e-01
-1.6837780227012797e-01
-1.8175907567594951e-01
-1.9675724059472166e-01
-2.1364515194358241e-01
-2.3274260300508048e-01
-2.5445548340562252e-01
-2.7927841093600836e-01
-3.0782048962895298e-01
-3.4086629555595754e-01
-3.7939633279864343e-01
-4.2468136384959609e-01
-4.7838623522188101e-01
-5.4268855296256124e-01
-6.2041671631859729e-01
-7.1567046443474902e-01
-8.3404041425390751e-01
-9.8353167683014642e-01
-1.1757940044204940e+00
-1.4283651184282049e+00
-1.7674644449803805e+00
-2.2363938208257901e+00
-2.9049347293116834e+00
-3.8865686208379628e+00
-5.3550868131308560e+00
-7.4635760362974102e+00
-9.7153701940086545e+00
-1.0317335049818716e+01
-9.6624903881544313e+00
-8.8305454265259833e+00
-6.8829130183603375e+00
-4.5824334776846118e+00
-3.0277650054075766e+00
-2.0917204247435066e+00
-1.5149097802072429e+00
-1.1421535121415187e+00
-8.8979214416668728e-01
-7.1199161071439043e-01
-5.8238482697354510e-01
-4.9460754744215191e-01
-5.9384219967702956e-01
-7.2505919940187591e-01
-9.0313662271289064e-01
-1.1521424766066628e+00
-1.5126147269749017e+00
-2.0548861097906985e+00
-2.8983189274068915e+00
-4.2037347795888662e+00
-5.8779181484232490e+00
-6.7585554674867154e+00
0.0000000000000000e+00
2.4055929233035767e-01
0.0000000000000000e+00
0.0000000000000000e+00
];
