%Vec Object:sol 1 MPI processes
%  type: mpi
sol = [
0.0000000000000000e+00
-1.4879710979630833e+01
-1.2019632396077323e+01
-8.3046815075784384e+00
-5.5145717727188721e+00
-3.7828921296211742e+00
-2.7128161818634084e+00
-2.0265246079052583e+00
-1.5644527532862671e+00
-1.2418322200545262e+00
-1.0085673337813148e+00
-8.3469764234715460e-01
-7.0193241797401873e-01
-5.9832822017466936e-01
-5.1591410753144051e-01
-4.4937825744470089e-01
-3.9494575001916454e-01
-3.4984938729666176e-01
-3.1203977191066434e-01
-2.8007369595467024e-01
-2.5281118542484937e-01
-2.2933568917672192e-01
-2.0900785068128566e-01
-1.9129433997281861e-01
-1.7574702269763703e-01
-1.6203246625779774e-01
-1.4988404443633263e-01
-1.3906458603318125e-01
-1.2937991063850737e-01
-1.2068964858221429e-01
-1.1286095979778778e-01
-1.0576972291800353e-01
-9.9339906847169465e-02
-9.3492114231740253e-02
-8.8146625820018587e-02
-8.3256081167614723e-02
-7.8772124556616391e-02
-7.4644070690510864e-02
-7.0837710954510150e-02
-6.7323964184065291e-02
-6.4069840049489235e-02
-6.1049076278910853e-02
-5.8244283929879237e-02
-5.5633635134104721e-02
-5.3196007681420736e-02
-5.0921278024474263e-02
-4.8794856210924484e-02
-4.6799169349237515e-02
-4.4928683296035991e-02
-4.3173234029735413e-02
-4.1518961375634662e-02
-3.9962144937234927e-02
-3.8495682033096133e-02
-3.7109316000226558e-02
-3.5799246717495736e-02
-3.4561035872657811e-02
-3.3387234936920224e-02
-3.2274517711903643e-02
-3.1219861348859741e-02
-3.0217550242202892e-02
-2.9264455678195741e-02
-2.8358706873395020e-02
-2.7495954081079989e-02
-2.6673279715268186e-02
-2.5889606183404718e-02
-2.5141584597673256e-02
-2.4426521875350465e-02
-2.3743882138837880e-02
-2.3091053673432026e-02
-2.2465577922843889e-02
-2.1867283119078998e-02
-2.1294102171087351e-02
-2.0743816890907502e-02
-2.0216493096455845e-02
-1.9710466200142569e-02
-1.9223760131550569e-02
-1.8756587958942351e-02
-1.8307581879749433e-02
-1.7875006325388576e-02
-1.7459156796578033e-02
-1.7058883016789001e-02
-1.6672685529578648e-02
-1.6300895939643113e-02
-1.5942521764579186e-02
-1.5596293280693126e-02
-1.5262545081325169e-02
-1.4940397218174814e-02
-1.4628801832148994e-02
-1.4328073120669688e-02
-1.4394330291032662e-02
-1.4757927159919023e-02
-1.5135231331264239e-02
-1.5526521984425598e-02
-1.5932164925563531e-02
-1.6353589928102895e-02
-1.6791107128168607e-02
-1.7245355340327471e-02
-1.7717869464598753e-02
-1.8208994178167476e-02
-1.8719720821617478e-02
-1.9251706393151338e-02
-1.9805337931535359e-02
-2.0382056611915521e-02
-2.0983666144320332e-02
-2.1610610161859389e-02
-2.2264900263119385e-02
-2.2948521948666166e-02
-2.3661998861733900e-02
-2.4408064325388407e-02
-2.5188935773453675e-02
-2.6005253871435426e-02
-2.6860665981906364e-02
-2.7757495209094565e-02
-2.8697150743203614e-02
-2.9683847447195297e-02
-3.0720221587382912e-02
-3.1808819823196999e-02
-3.2954467006441050e-02
-3.4160282790670855e-02
-3.5430304854036747e-02
-3.6770178172070365e-02
-3.8183706635379927e-02
-3.9676898610207262e-02
-4.1256524929657049e-02
-4.2927374644280092e-02
-4.4698089777538384e-02
-4.6576882674197712e-02
-4.8570394339650109e-02
-5.0690425891760121e-02
-5.2946988437284605e-02
-5.5350661854956212e-02
-5.7916374381809410e-02
-6.0657263980361364e-02
-6.3589500105579497e-02
-6.6732595888925564e-02
-7.0104404868154904e-02
-7.3729197253414785e-02
-7.7633289720410767e-02
-8.1842142282051666e-02
-8.6391757395445218e-02
-9.1318151212707158e-02
-9.6661776509786926e-02
-1.0247371568832697e-01
-1.0880675745432535e-01
-1.1572515788677283e-01
-1.2330464154659750e-01
-1.3162606240407623e-01
-1.4079297532840548e-01
-1.5092197610580901e-01
-1.6214661929372784e-01
-1.7463490510429552e-01
-1.8857751143561613e-01
-2.0420679076329626e-01
-2.2180740823751377e-01
-2.4171309341905189e-01
-2.6434728874946223e-01
-2.9022604495242721e-01
-3.1998488446773393e-01
-3.5443552668426848e-01
-3.9455540946360240e-01
-4.4170128314827600e-01
-4.9760177869593913e-01
-5.6451645411267870e-01
-6.4551779722276093e-01
-7.4478554672232000e-01
-8.6814029706785112e-01
-1.0239195698456995e+00
-1.2240930731862456e+00
-1.4864645699764671e+00
-1.8393791097851893e+00
-2.3274758716879576e+00
-3.0212593266115553e+00
-4.0409941412071708e+00
-5.5657866244369067e+00
-7.7547295710857291e+00
-1.0099456641451903e+01
-1.0722693525308841e+01
-1.0017352370216935e+01
-9.1325796079381316e+00
-7.0835445716732810e+00
-4.6959096838362155e+00
-3.0953431443258603e+00
-2.1357940197550302e+00
-1.5456050395191483e+00
-1.1648995306899286e+00
-9.0723884605200289e-01
-7.2581083120706968e-01
-5.9361792886179143e-01
-5.0417120491069900e-01
-6.0539532908008953e-01
-7.3924030097654914e-01
-9.2090900469849046e-01
-1.1751135822729604e+00
-1.5431302344769842e+00
-2.0973315116381679e+00
-2.9603330782895627e+00
-4.3009142342150568e+00
-6.0330115316870510e+00
-6.9549199366739316e+00
0.0000000000000000e+00
2.4055929233035767e-01
0.0000000000000000e+00
0.0000000000000000e+00
];
