%Vec Object:sol 1 MPI processes
%  type: mpi
sol = [
0.0000000000000000e+00
-5.7527083230807143e+01
-3.1727604002573607e+01
-1.6261791393366394e+01
-9.3122386712206513e+00
-5.9202654221160813e+00
-4.0640223180573010e+00
-2.9510630049891469e+00
-2.2350149893816256e+00
-1.7488951857893742e+00
-1.4044031296126029e+00
-1.1517191472569059e+00
-9.6115115347956492e-01
-8.1381655540941311e-01
-6.9764732094984527e-01
-6.0449212647175266e-01
-5.2872030567094919e-01
-4.6625753785931634e-01
-4.1411807063896200e-01
-3.7020925411168631e-01
-3.3289329846798427e-01
-3.0086498570783005e-01
-2.7320804737253185e-01
-2.4915977763754918e-01
-2.2810930269936777e-01
-2.0958723312170166e-01
-1.9321912469441091e-01
-1.7867455855491535e-01
-1.6568383023719441e-01
-1.5405084254444645e-01
-1.4359181213520011e-01
-1.3413654904293246e-01
-1.2557889485571874e-01
-1.1780963971856996e-01
-1.1072046012077180e-01
-1.0424556517512885e-01
-9.8318640822259690e-02
-9.2871171162191707e-02
-8.7856229094910879e-02
-8.3233850698122308e-02
-7.8959599950659903e-02
-7.4997955000909319e-02
-7.1324835075734783e-02
-6.7910893976659517e-02
-6.4727981484488981e-02
-6.1761833765927095e-02
-5.8992828548244371e-02
-5.6397894622290300e-02
-5.3968940189421000e-02
-5.1692298638776418e-02
-4.9549957861243547e-02
-4.7536390362215880e-02
-4.5642014422901570e-02
-4.3853642320116577e-02
-4.2166252725398867e-02
-4.0573460856964498e-02
-3.9065489488625801e-02
-3.7637742729626604e-02
-3.6286023899809575e-02
-3.5002998926517905e-02
-3.3784462525654146e-02
-3.2627721679221795e-02
-3.1527211119293866e-02
-3.0479100173177096e-02
-2.9481729290354457e-02
-2.8530824988471027e-02
-2.7622921408788203e-02
-2.6757065306802007e-02
-2.5929932181762115e-02
-2.5138412854067534e-02
-2.4382030585955675e-02
-2.3658161228158274e-02
-2.2964042490969141e-02
-2.2299511677700900e-02
-2.1662462753387856e-02
-2.1050468203983635e-02
-2.0463564365879837e-02
-1.9900028756320194e-02
-1.9357754574824051e-02
-1.8836895426623312e-02
-1.8336012275020783e-02
-1.7853303334801021e-02
-1.7388981668770138e-02
-1.6941816869224576e-02
-1.6510295501202050e-02
-1.6094649269224132e-02
-1.5693800209677693e-02
-1.5306505976473679e-02
-1.4932988530091852e-02
-1.4942876020470151e-02
-1.5259603177109995e-02
-1.5587342359192046e-02
-1.5926192604184812e-02
-1.6276339388732110e-02
-1.6639064903916777e-02
-1.7014466082166883e-02
-1.7402974491915767e-02
-1.7805927248125405e-02
-1.8223415807795851e-02
-1.8656185650526010e-02
-1.9105635865541117e-02
-1.9571851915000504e-02
-2.0055973444450034e-02
-2.0559474216002908e-02
-2.1082437718158140e-02
-2.1626500357410504e-02
-2.2193237058750863e-02
-2.2782663035310270e-02
-2.3397011166500444e-02
-2.4037995167157603e-02
-2.4705751979172172e-02
-2.5403302386422740e-02
-2.6132308457432658e-02
-2.6893511421732547e-02
-2.7690302141567140e-02
-2.8524488247105524e-02
-2.9397742860608027e-02
-3.0313831965308267e-02
-3.1274827345712616e-02
-3.2283599429596292e-02
-3.3344427204799888e-02
-3.4459776009059584e-02
-3.5634066634352791e-02
-3.6872294787853886e-02
-3.8177515615273855e-02
-3.9556183779359280e-02
-4.1014190858716923e-02
-4.2555853286030461e-02
-4.4189964444412519e-02
-4.5923486461093621e-02
-4.7763685653018050e-02
-4.9721438885085713e-02
-5.1805750166638562e-02
-5.4028005136138611e-02
-5.6402152274474031e-02
-5.8940310647672786e-02
-6.1659744762178295e-02
-6.4578964778372536e-02
-6.7715214300497845e-02
-7.1094120264490218e-02
-7.4740576834460420e-02
-7.8682449800055829e-02
-8.2955601398857562e-02
-8.7596246153752402e-02
-9.2648947204938409e-02
-9.8166307039830092e-02
-1.0420353088743883e-01
-1.1083251586788019e-01
-1.1813349402333807e-01
-1.2619784978819301e-01
-1.3514159498878067e-01
-1.4509518757049039e-01
-1.5621793517435273e-01
-1.6870523460207690e-01
-1.8278475796266611e-01
-1.9874668788986194e-01
-2.1694369916800318e-01
-2.3780925329340896e-01
-2.6190291316304570e-01
-2.8992218624640909e-01
-3.2277152207191573e-01
-3.6161454212862781e-01
-4.0799164554844869e-01
-4.6401960128498831e-01
-5.3255759212373088e-01
-6.1758862952587368e-01
-7.2482242936051344e-01
-8.6256752927292057e-01
-1.0433143369227973e+00
-1.2859946848298465e+00
-1.6214214760873336e+00
-2.0994011405542850e+00
-2.7995741769136142e+00
-3.8407014387858998e+00
-5.3052537987183985e+00
-6.7886838282142543e+00
-7.1638465389145543e+00
-6.7931453451377335e+00
-6.3182734096076691e+00
-5.1354080910130353e+00
-3.5664327902015698e+00
-2.4129477029561315e+00
-1.6878677527347450e+00
-1.2310236085304740e+00
-9.3178196228416643e-01
-7.2760555540025895e-01
-5.8296425355928461e-01
-4.7712166941598710e-01
-4.0524352749923931e-01
-4.8567133943560287e-01
-5.9181295698721603e-01
-7.3547459367061674e-01
-9.3564537385653312e-01
-1.2236030264849238e+00
-1.6524200328801961e+00
-2.3062587901098177e+00
-3.2773216520774100e+00
-4.4145538335520191e+00
-4.9420031798131330e+00
0.0000000000000000e+00
1.3464638167935297e-01
0.0000000000000000e+00
0.0000000000000000e+00
];
