%Vec Object:sol 1 MPI processes
%  type: mpi
sol = [
0.0000000000000000e+00
-1.7789568408972681e+01
-1.3824951582796256e+01
-9.1613475307999792e+00
-5.9344326199415596e+00
-4.0173452341053490e+00
-2.8584583404219797e+00
-2.1246893853182716e+00
-1.6345693863097668e+00
-1.2941603948585949e+00
-1.0489475071589229e+00
-8.6667622718990633e-01
-7.2775857298835900e-01
-6.1947177570040390e-01
-5.3354866484628549e-01
-4.6426090442560730e-01
-4.0763390002683680e-01
-3.6076064620619486e-01
-3.2149214539122289e-01
-2.8831607518851921e-01
-2.6003983012226212e-01
-2.3570609447945995e-01
-2.1464681063152580e-01
-1.9630549167779632e-01
-1.8021519776668332e-01
-1.6602842186252773e-01
-1.5346736649242565e-01
-1.4228531352385124e-01
-1.3228037009274607e-01
-1.2330637213703952e-01
-1.1522527963229734e-01
-1.0790835933182626e-01
-1.0127641104648220e-01
-9.5247004976910771e-02
-8.9737602224908120e-02
-8.4698917070271981e-02
-8.0080246050035442e-02
-7.5827958782121938e-02
-7.1908590762968891e-02
-6.8291884264567074e-02
-6.4943690428342485e-02
-6.1836794592251013e-02
-5.8953065874743527e-02
-5.6269917750846700e-02
-5.3765541671494659e-02
-5.1429333634368468e-02
-4.9246193829905908e-02
-4.7198044112483899e-02
-4.5279030855430266e-02
-4.3478634552868128e-02
-4.1782630916644817e-02
-4.0187068647585554e-02
-3.8684581228663861e-02
-3.7264716986721014e-02
-3.5923784304498371e-02
-3.4656915988819641e-02
-3.3456339127515090e-02
-3.2318591249435154e-02
-3.1240521835062079e-02
-3.0216284678118707e-02
-2.9242644422108423e-02
-2.8317633559356223e-02
-2.7436805580777660e-02
-2.6597159995921250e-02
-2.5797543611619796e-02
-2.5034534872537730e-02
-2.4305376860101303e-02
-2.3609472723199978e-02
-2.2944155436185002e-02
-2.2306918041523578e-02
-2.1697538042961578e-02
-2.1113905762684557e-02
-2.0553767015852261e-02
-2.0017144221866089e-02
-1.9502339726817256e-02
-1.9007351294790028e-02
-1.8532354009642940e-02
-1.8075954308569855e-02
-1.7636398086257919e-02
-1.7213947021400080e-02
-1.6807430852601331e-02
-1.6415337309947143e-02
-1.6037967547703914e-02
-1.5674313823999898e-02
-1.5323097673654713e-02
-1.4984626124705976e-02
-1.4658007980566011e-02
-1.4342189272714424e-02
-1.4037459244540243e-02
-1.4092454529221386e-02
-1.4438276649929751e-02
-1.4797015216745896e-02
-1.5168914348260948e-02
-1.5554302673409601e-02
-1.5954550453629385e-02
-1.6369927074035895e-02
-1.6801023190575911e-02
-1.7249303881145307e-02
-1.7715066300860824e-02
-1.8199238840865457e-02
-1.8703396505963966e-02
-1.9227870674476295e-02
-1.9774019752401749e-02
-2.0343550904427618e-02
-2.0936842069816743e-02
-2.1555795821651669e-02
-2.2202283372251844e-02
-2.2876750026596556e-02
-2.3581785426565079e-02
-2.4319470697514122e-02
-2.5090351904536543e-02
-2.5897887019085308e-02
-2.6744241209227259e-02
-2.7630688964376801e-02
-2.8561214114189430e-02
-2.9538262925646111e-02
-3.0564188214810602e-02
-3.1643534235172063e-02
-3.2779186983122537e-02
-3.3974909358372857e-02
-3.5236000677163433e-02
-3.6565972426006600e-02
-3.7970446805723250e-02
-3.9455761883453164e-02
-4.1026333312699316e-02
-4.2690263055836231e-02
-4.4455216740436836e-02
-4.6327331147765757e-02
-4.8317669351277688e-02
-5.0435547907058891e-02
-5.2690801065917468e-02
-5.5097392498312220e-02
-5.7667534253890700e-02
-6.0416299491537574e-02
-6.3361908538965395e-02
-6.6520946521645724e-02
-6.9916068646548396e-02
-7.3571814700091678e-02
-7.7511839494719445e-02
-8.1769762363242696e-02
-8.6379120894365016e-02
-9.1377576182402331e-02
-9.6812779712485073e-02
-1.0273387095155166e-01
-1.0920073448109989e-01
-1.1628396389390781e-01
-1.2405882321307930e-01
-1.3262187340543460e-01
-1.4208176240247491e-01
-1.5256289731074429e-01
-1.6422192893785476e-01
-1.7723653827657596e-01
-1.9182332254663806e-01
-2.0824772426066782e-01
-2.2682083998359753e-01
-2.4792913251571219e-01
-2.7204348709937204e-01
-2.9976744131358318e-01
-3.3186221769706697e-01
-3.6927898471419862e-01
-4.1325048005816312e-01
-4.6539168565890132e-01
-5.2781433793891863e-01
-6.0339145922738835e-01
-6.9603332191361222e-01
-8.1118829622774946e-01
-9.5665414207639698e-01
-1.1433884314899847e+00
-1.3886640772440411e+00
-1.7188095628889317e+00
-2.1753101859566701e+00
-2.8254820765690534e+00
-3.7813624796576324e+00
-5.2116178875909283e+00
-7.2626584478744016e+00
-9.4487450820915946e+00
-1.0038326249392954e+01
-9.4154119041396740e+00
-8.6205005659895342e+00
-6.7422644110397103e+00
-4.5024737396319434e+00
-2.9800171790970871e+00
-2.0605218492773814e+00
-1.4931605200223523e+00
-1.1260198688376977e+00
-8.7741117868173801e-01
-7.0217798365136730e-01
-5.7434779605584874e-01
-4.8780206338533771e-01
-5.8562581053731200e-01
-7.1496761307978229e-01
-8.9048086737765941e-01
-1.1357621415161803e+00
-1.4908545126376098e+00
-2.0245948408210079e+00
-2.8538640715853822e+00
-4.1342689123983316e+00
-5.7669867813987210e+00
-6.6187149889076302e+00
0.0000000000000000e+00
2.4055929233035767e-01
0.0000000000000000e+00
0.0000000000000000e+00
];
