%Vec Object:sol 1 MPI processes
%  type: mpi
sol = [
0.0000000000000000e+00
-2.2181415966628691e+01
-1.7682912636573445e+01
-1.1889359560452073e+01
-7.6987140798523503e+00
-5.1856210682250303e+00
-3.6752567247357621e+00
-2.7195197200804455e+00
-2.0867965975427114e+00
-1.6488575804757168e+00
-1.3334720662482253e+00
-1.0998824432386760e+00
-9.2240522298090777e-01
-7.8454928513033495e-01
-6.7533754222589959e-01
-5.8738738884826858e-01
-5.1558692792894067e-01
-4.5620979360998110e-01
-4.0648504535327284e-01
-3.6445867070654431e-01
-3.2866950073381274e-01
-2.9789495037536656e-01
-2.7127861182186325e-01
-2.4811016540980807e-01
-2.2779578935658659e-01
-2.0989256062749043e-01
-1.9404657070386169e-01
-1.7994489969810729e-01
-1.6733162352714334e-01
-1.5602058306968652e-01
-1.4583696397493998e-01
-1.3661841260919177e-01
-1.2826391904204207e-01
-1.2066924201797122e-01
-1.1373055258595448e-01
-1.0738511524061581e-01
-1.0156947910897363e-01
-9.6217733062757035e-02
-9.1284924151657856e-02
-8.6732806302730836e-02
-8.2518511620331844e-02
-7.8607799764382452e-02
-7.4977693274278404e-02
-7.1599828621511055e-02
-6.8446863025113644e-02
-6.5505301537140556e-02
-6.2756170200282957e-02
-6.0176859451912965e-02
-5.7759866798497685e-02
-5.5491970764687572e-02
-5.3355393742954581e-02
-5.1345070016895325e-02
-4.9451736311291017e-02
-4.7662322839462173e-02
-4.5972139838079809e-02
-4.4375056934393579e-02
-4.2861348115128380e-02
-4.1426640184222631e-02
-4.0066957508112337e-02
-3.8774980142323563e-02
-3.7546635724469424e-02
-3.6379436037418098e-02
-3.5267810034688103e-02
-3.4207987859105553e-02
-3.3198507167546541e-02
-3.2235078291339522e-02
-3.1314240037081553e-02
-3.0435232661525591e-02
-2.9594710358299855e-02
-2.8789525802486116e-02
-2.8019393404172116e-02
-2.7281665075073770e-02
-2.6573509372614424e-02
-2.5894952172160538e-02
-2.5243861367653952e-02
-2.4617719874979002e-02
-2.4016748751547540e-02
-2.3439196769051179e-02
-2.2882856446842639e-02
-2.2348060528504087e-02
-2.1833337398178259e-02
-2.1336781689639751e-02
-2.0858778043118226e-02
-2.0398058135239764e-02
-1.9953009240197533e-02
-1.9524025088483443e-02
-1.9109982817469090e-02
-1.8709551387091142e-02
-1.8323103288709751e-02
-1.8406013521155031e-02
-1.8869090980863621e-02
-1.9349578669325029e-02
-1.9847837115911440e-02
-2.0364336056785028e-02
-2.0900875763386641e-02
-2.1457857366363395e-02
-2.2036093977465733e-02
-2.2637519550596914e-02
-2.3262580699634754e-02
-2.3912533787299878e-02
-2.4589468078647404e-02
-2.5293885940022253e-02
-2.6027609184841351e-02
-2.6792913700790597e-02
-2.7590375994554339e-02
-2.8422534773289234e-02
-2.9291897083872379e-02
-3.0199143647222645e-02
-3.1147720027445563e-02
-3.2140427958713358e-02
-3.3178099611920385e-02
-3.4265328851613541e-02
-3.5405055296999229e-02
-3.6599078443131337e-02
-3.7852708295856387e-02
-3.9169283214366787e-02
-4.0552032812830228e-02
-4.2007037864910939e-02
-4.3538250076438585e-02
-4.5150772989126703e-02
-4.6851722841764205e-02
-4.8645918191115162e-02
-5.0540950016299879e-02
-5.2545352525729845e-02
-5.4664119019480886e-02
-5.6908703616960425e-02
-5.9289764193119973e-02
-6.1815674640975940e-02
-6.4501261281023750e-02
-6.7359116264191346e-02
-7.0402547290480899e-02
-7.3650297908857229e-02
-7.7118878170298000e-02
-8.0828589353291319e-02
-8.4803910521503975e-02
-8.9067250891672792e-02
-9.3649034288936117e-02
-9.8582237788731694e-02
-1.0389876952372357e-01
-1.0964369212399817e-01
-1.1586207667907486e-01
-1.2260452169647333e-01
-1.2993486818152092e-01
-1.3791906163301437e-01
-1.4663731637870092e-01
-1.5618409544937703e-01
-1.6666019547126948e-01
-1.7819461542651840e-01
-1.9093248005966681e-01
-2.0503988373996676e-01
-2.2072559119996965e-01
-2.3822630358426566e-01
-2.5783018807222280e-01
-2.7988993438719917e-01
-3.0481850932275040e-01
-3.3313936026165897e-01
-3.6548956079969308e-01
-4.0265257649104824e-01
-4.4563607198739869e-01
-4.9569732641716135e-01
-5.5446305416650887e-01
-6.2398274412454713e-01
-7.0696860773829018e-01
-8.0724200221735176e-01
-9.2988242106829333e-01
-1.0819457189587096e+00
-1.2735130060060036e+00
-1.5192124539626488e+00
-1.8399094561528568e+00
-2.2695114823554570e+00
-2.8614536407615021e+00
-3.6984419860150521e+00
-4.9224362351817508e+00
-6.7442746499387134e+00
-9.3586481753293516e+00
-1.2174540181211785e+01
-1.2844137419768847e+01
-1.1825461356701222e+01
-1.0616204117445168e+01
-8.0363993562999401e+00
-5.2177180274429809e+00
-3.4011475394038966e+00
-2.3324090307214420e+00
-1.6816602584362097e+00
-1.2643545728245154e+00
-9.8305068132292861e-01
-7.8551172228693922e-01
-6.4185886842414097e-01
-5.4472783367549416e-01
-6.5404945417398175e-01
-7.9865123422614115e-01
-9.9500571938660942e-01
-1.2698217513948515e+00
-1.6683601976359688e+00
-2.2697747321327268e+00
-3.2113950912374003e+00
-4.6909714266338192e+00
-6.6562814032305067e+00
-7.7477577622897797e+00
0.0000000000000000e+00
1.3464638167935297e-01
0.0000000000000000e+00
0.0000000000000000e+00
];
