%Vec Object:sol 1 MPI processes
%  type: mpi
sol = [
0.0000000000000000e+00
-1.5023586444061324e+01
-1.2112089771079209e+01
-8.3504327782228494e+00
-5.5374096222125253e+00
-3.7955728252569640e+00
-2.7209183116812228e+00
-2.0318212332415624e+00
-1.5682983073104380e+00
-1.2447410554168956e+00
-1.0108375236146903e+00
-8.3651298236222393e-01
-7.0341276111898954e-01
-5.9947129912756536e-01
-5.1687279092569927e-01
-4.5019133948715440e-01
-3.9564202004650434e-01
-3.5045056454692064e-01
-3.1256249823968646e-01
-2.8053107265392430e-01
-2.5321359687799999e-01
-2.2969140042702355e-01
-2.0932363106034402e-01
-1.9157574442944056e-01
-1.7599861436931677e-01
-1.6225806406927726e-01
-1.5008687476354318e-01
-1.3924736545593561e-01
-1.2954494343391793e-01
-1.2083892861077364e-01
-1.1299620111971931e-01
-1.0589239046745298e-01
-9.9451294496064685e-02
-9.3593351457750162e-02
-8.8238688665465775e-02
-8.3339840438933860e-02
-7.8848351252668050e-02
-7.4713440298781381e-02
-7.0900827615699089e-02
-6.7381370383872596e-02
-6.4122016907952828e-02
-6.1096454460857062e-02
-5.8287254937954655e-02
-5.5672550322758557e-02
-5.3231177172049879e-02
-5.0952938800929132e-02
-4.8822474300563447e-02
-4.6822973518447088e-02
-4.4948994766475639e-02
-4.3190341948065203e-02
-4.1533124328271727e-02
-3.9973600432182899e-02
-3.8504633751360512e-02
-3.7116008627692557e-02
-3.5804197849252699e-02
-3.4564498759967206e-02
-3.3389308129614104e-02
-3.2275292582877438e-02
-3.1219422535741531e-02
-3.0215975665371805e-02
-2.9261817665280066e-02
-2.8355072611205945e-02
-2.7491385775383240e-02
-2.6667835247417605e-02
-2.5883339385397428e-02
-2.5134545557808915e-02
-2.4418757374331482e-02
-2.3735435666850442e-02
-2.3081965869191097e-02
-2.2455886938042704e-02
-2.1857024349242509e-02
-2.1283308815465019e-02
-2.0732520318505407e-02
-2.0204722305214029e-02
-1.9698248483185073e-02
-1.9211121469429708e-02
-1.8743552248385916e-02
-1.8294171691161230e-02
-1.7861243315349155e-02
-1.7445060761231989e-02
-1.7044472726543046e-02
-1.6657979137074546e-02
-1.6285909920259026e-02
-1.5927271815262056e-02
-1.5580794687886066e-02
-1.5246811612729392e-02
-1.4924442074272794e-02
-1.4612637932925642e-02
-1.4311712012136404e-02
-1.4377363025102740e-02
-1.4739988862949563e-02
-1.5116279441048375e-02
-1.5506512093856678e-02
-1.5911050667644273e-02
-1.6331321719304761e-02
-1.6767633245999985e-02
-1.7220621511455286e-02
-1.7691817656813789e-02
-1.8181563871658077e-02
-1.8690848150535583e-02
-1.9221323094539340e-02
-1.9773372837026421e-02
-2.0348434143204020e-02
-2.0948305565141569e-02
-2.1573427316534156e-02
-2.2225805179215179e-02
-2.2907418570525920e-02
-2.3618787067372499e-02
-2.4362636323172645e-02
-2.5141176542829310e-02
-2.5955043494286314e-02
-2.6807874432140506e-02
-2.7701984128607037e-02
-2.8638774752654500e-02
-2.9622448878742755e-02
-3.0655632789438187e-02
-3.1740862988695516e-02
-3.2882949462298666e-02
-3.4084999629527442e-02
-3.5351036735479430e-02
-3.6686687514281092e-02
-3.8095740598877374e-02
-3.9584184052486884e-02
-4.1158765958680857e-02
-4.2824255948764045e-02
-4.4589267658570894e-02
-4.6461984815324389e-02
-4.8449022245059814e-02
-5.0562142345122990e-02
-5.2811320044086313e-02
-5.5207096460989390e-02
-5.7764349447178322e-02
-6.0496168927407966e-02
-6.3418667392247052e-02
-6.6551290742587740e-02
-6.9911826977218414e-02
-7.3524462528636453e-02
-7.7415422107500853e-02
-8.1610072816847387e-02
-8.6144293855368745e-02
-9.1053973826870999e-02
-9.6379422116778954e-02
-1.0217154465879427e-01
-1.0848294337536277e-01
-1.1537765058749828e-01
-1.2293112855713553e-01
-1.3122394685176975e-01
-1.4035930409893627e-01
-1.5045339273000774e-01
-1.6163930496520321e-01
-1.7408446647474252e-01
-1.8797890128574485e-01
-2.0355417060923908e-01
-2.2109397660152580e-01
-2.4093092061251420e-01
-2.6348702843753935e-01
-2.8927663267484888e-01
-3.1892695777680630e-01
-3.5321878868373791e-01
-3.9319689139072289e-01
-4.4017692688736204e-01
-4.9588188800031296e-01
-5.6256406061414643e-01
-6.4328619308440194e-01
-7.4221499887218423e-01
-8.6515328153546400e-01
-1.0204136118765443e+00
-1.2197855566307012e+00
-1.4812900411740926e+00
-1.8330662246054084e+00
-2.3193829169115023e+00
-3.0110141808735187e+00
-4.0273248701562077e+00
-5.5471894164494602e+00
-7.7292382699810096e+00
-1.0065836307190835e+01
-1.0687723992831005e+01
-9.9864932524912593e+00
-9.1064061951052029e+00
-7.0662307601047480e+00
-4.6861426203752821e+00
-3.0895344461877343e+00
-2.1320215897609494e+00
-1.5429700435949862e+00
-1.1629543404458371e+00
-9.0574216549270148e-01
-7.2462572448402618e-01
-5.9265497734231265e-01
-5.0335624679687119e-01
-6.0440518589166692e-01
-7.3802528023189906e-01
-9.1938677321074647e-01
-1.1731568917597803e+00
-1.5405181333345452e+00
-2.0936996363926479e+00
-2.9550342731153392e+00
-4.2926061269666054e+00
-6.0197466107482960e+00
-6.9380998385771475e+00
0.0000000000000000e+00
2.4055929233035767e-01
0.0000000000000000e+00
0.0000000000000000e+00
];
