%Vec Object:sol 1 MPI processes
%  type: mpi
sol = [
0.0000000000000000e+00
-4.1769502663486911e+01
-2.4420067322841614e+01
-1.3051833611027531e+01
-7.6338933670316909e+00
-4.9087240259785974e+00
-3.3935225499642172e+00
-2.4749689284683720e+00
-1.8800132099174982e+00
-1.4739795309807382e+00
-1.1854365083047247e+00
-9.7302498418800110e-01
-8.1232650354902391e-01
-6.8804080125879374e-01
-5.8992439676350839e-01
-5.1114521827948634e-01
-4.4700244928841060e-01
-3.9408314874985162e-01
-3.4987999268334580e-01
-3.1260999314307575e-01
-2.8092568011912861e-01
-2.5372459506037670e-01
-2.3023717818979125e-01
-2.0982484993833975e-01
-1.9195398425870999e-01
-1.7622784899229732e-01
-1.6232977603000118e-01
-1.4997970164840602e-01
-1.3894895903359697e-01
-1.2907155851007338e-01
-1.2019154344398687e-01
-1.1216429230926259e-01
-1.0489990882640138e-01
-9.8305628676957010e-02
-9.2289327590395764e-02
-8.6795203197626306e-02
-8.1766897980747516e-02
-7.7146137159973815e-02
-7.2893050035630985e-02
-6.8973657773800948e-02
-6.5350167056780414e-02
-6.1992380308115796e-02
-5.8879801341726913e-02
-5.5987469992451792e-02
-5.3291468793466856e-02
-5.0779627288983935e-02
-4.8435250012489287e-02
-4.6238767352165623e-02
-4.4183235381336380e-02
-4.2257020761151502e-02
-4.0444873941757539e-02
-3.8742027453166218e-02
-3.7140318935330763e-02
-3.5628598075842781e-02
-3.4202546704133141e-02
-3.2856710966559753e-02
-3.1582834563012092e-02
-3.0376982163414286e-02
-2.9235550152241316e-02
-2.8152352443121517e-02
-2.7123806287956121e-02
-2.6147576976766347e-02
-2.5218975220428676e-02
-2.4334755725053867e-02
-2.3493448632669955e-02
-2.2691472676089328e-02
-2.1925819714596863e-02
-2.1195640413523124e-02
-2.0498205263177791e-02
-1.9830906782951366e-02
-1.9193273782414290e-02
-1.8583100502592730e-02
-1.7998083062420199e-02
-1.7438014091781966e-02
-1.6901125450099579e-02
-1.6385403297082629e-02
-1.5890807766810879e-02
-1.5415895135252671e-02
-1.4958926546260944e-02
-1.4519961549702117e-02
-1.4097796942539572e-02
-1.3690952624174085e-02
-1.3299539726819503e-02
-1.2922533133775156e-02
-1.2558694653910824e-02
-1.2208153540549814e-02
-1.1870016125039450e-02
-1.1543268996793919e-02
-1.1228036513576414e-02
-1.1201307174486180e-02
-1.1403222407307751e-02
-1.1611257349794374e-02
-1.1825344445976035e-02
-1.2045477569102443e-02
-1.2272473520311552e-02
-1.2506234417202446e-02
-1.2746909271483246e-02
-1.2995313861318445e-02
-1.3251310710592318e-02
-1.3515243556666275e-02
-1.3787922836283599e-02
-1.4069162727720918e-02
-1.4359546199089102e-02
-1.4659875327790412e-02
-1.4969907205442633e-02
-1.5290516414673262e-02
-1.5622494600435778e-02
-1.5965533553831290e-02
-1.6320861009249722e-02
-1.6689258122680035e-02
-1.7070344423910443e-02
-1.7465773893493665e-02
-1.7876185110392673e-02
-1.8301525087740706e-02
-1.8743557348210468e-02
-1.9202865396824642e-02
-1.9679885824607831e-02
-2.0176435435981906e-02
-2.0693075247355041e-02
-2.1230842348237067e-02
-2.1791632779992472e-02
-2.2376003412654211e-02
-2.2985728563862582e-02
-2.3622825105739421e-02
-2.4287876697904612e-02
-2.4983572542099011e-02
-2.5712032024963510e-02
-2.6474158245347226e-02
-2.7273547378494505e-02
-2.8112340335584844e-02
-2.8992611688442776e-02
-2.9918408688378972e-02
-3.0892223272169766e-02
-3.1917656062120964e-02
-3.2999414799741229e-02
-3.4140556332176511e-02
-3.5346697614788460e-02
-3.6623485238341393e-02
-3.7975038743394827e-02
-3.9409554960936809e-02
-4.0933705280326284e-02
-4.2554709705195676e-02
-4.4282956591359258e-02
-4.6127359764154996e-02
-4.8099635944662739e-02
-5.0213642175767806e-02
-5.2481996264027421e-02
-5.4923206506176707e-02
-5.7556372053923388e-02
-6.0402003582538583e-02
-6.3487958252563759e-02
-6.6842870266568002e-02
-7.0502050427928661e-02
-7.4508926882807788e-02
-7.8910850297805105e-02
-8.3770599840632232e-02
-8.9162224827520759e-02
-9.5174900679095981e-02
-1.0192706636715711e-01
-1.0956366032885020e-01
-1.1827644814177966e-01
-1.2832231303178626e-01
-1.4004215383151672e-01
-1.5392208240971270e-01
-1.7064825331511105e-01
-1.9122877181954698e-01
-2.1718010270154700e-01
-2.5083825701098611e-01
-2.9585136486314856e-01
-3.5802156492307596e-01
-4.4661445366526925e-01
-5.7620012801468157e-01
-7.6835060992447590e-01
-1.0495128850568278e+00
-1.4335753439324848e+00
-1.8855626571343975e+00
-2.3473454913171214e+00
-2.8322854641076138e+00
-3.3470735524258153e+00
-3.5614295689087081e+00
-3.1073401269436816e+00
-2.4236863026810944e+00
-1.8611288050537769e+00
-1.4549342569375854e+00
-1.1650392437734882e+00
-9.5461039534468461e-01
-7.9799879389870965e-01
-6.7848833562820343e-01
-5.9679421582695980e-01
-7.4039964503115185e-01
-9.3204691882714064e-01
-1.1945637225727868e+00
-1.5657468278435054e+00
-2.1104195076624954e+00
-2.9446289788079376e+00
-4.2808421330520678e+00
-6.4777408765771796e+00
-9.7299301459478684e+00
-1.1950198339520913e+01
0.0000000000000000e+00
2.4055929233035767e-01
0.0000000000000000e+00
0.0000000000000000e+00
];
