%Vec Object:sol 1 MPI processes
%  type: mpi
sol = [
0.0000000000000000e+00
-1.6952473905276602e+01
-1.3319147439377552e+01
-8.9315232095971897e+00
-5.8233665035561080e+00
-3.9546202109161350e+00
-2.8199057119712529e+00
-2.0981661286299049e+00
-1.6164603593096594e+00
-1.2804559647072071e+00
-1.0382440870961396e+00
-8.5811009520773507e-01
-7.2080022132009214e-01
-6.1386100809797395e-01
-5.2895283194409604e-01
-4.6044678131582151e-01
-4.0436668071808901e-01
-3.5793718209422393e-01
-3.1903506737977522e-01
-2.8616441132898401e-01
-2.5814522522687017e-01
-2.3403006353291606e-01
-2.1315779645418245e-01
-1.9497758202289875e-01
-1.7902710610264841e-01
-1.6496232040009012e-01
-1.5250818164507279e-01
-1.4142034856176441e-01
-1.3149885496558666e-01
-1.2259897631824476e-01
-1.1458397905556822e-01
-1.0732629974011544e-01
-1.0074752887061596e-01
-9.4766004750293509e-02
-8.9299911098089282e-02
-8.4300438941232514e-02
-7.9717868777287662e-02
-7.5500220272062948e-02
-7.1612313631208527e-02
-6.8024229946773707e-02
-6.4702152303606930e-02
-6.1619138684012580e-02
-5.8757270522558747e-02
-5.6094177434118257e-02
-5.3608246026630349e-02
-5.1289008954090103e-02
-4.9121510909882565e-02
-4.7087816610045061e-02
-4.5182162889993764e-02
-4.3394130420544033e-02
-4.1709597518663731e-02
-4.0124678025399416e-02
-3.8632076179902601e-02
-3.7221412523089283e-02
-3.5889045959788743e-02
-3.4630159601515755e-02
-3.3437032200796711e-02
-3.2306240642673296e-02
-3.1234671153168997e-02
-3.0216515074346854e-02
-2.9248567665962896e-02
-2.8328889084115506e-02
-2.7453060495978746e-02
-2.6618105116704899e-02
-2.5822891222280518e-02
-2.5064017974264049e-02
-2.4338746636257711e-02
-2.3646497560950407e-02
-2.2984619429751985e-02
-2.2350619038847861e-02
-2.1744288118904928e-02
-2.1163529041025451e-02
-2.0606097834764955e-02
-2.0072029025548246e-02
-1.9559634282586877e-02
-1.9066918790284004e-02
-1.8594068180083630e-02
-1.8139696129818694e-02
-1.7702053791848100e-02
-1.7281412201946393e-02
-1.6876606701072334e-02
-1.6486128656134830e-02
-1.6110287621356894e-02
-1.5748080123484220e-02
-1.5398230179772104e-02
-1.5061052404117869e-02
-1.4735658743809344e-02
-1.4420996967100079e-02
-1.4117363173367866e-02
-1.4175451979298604e-02
-1.4526160498104160e-02
-1.4890005816827884e-02
-1.5267241736083830e-02
-1.5658207563957454e-02
-1.6064290675052297e-02
-1.6485772112622383e-02
-1.6923260330741711e-02
-1.7378244954880256e-02
-1.7850999157122533e-02
-1.8342438924570173e-02
-1.8854186312187524e-02
-1.9386580059942201e-02
-1.9941032251199801e-02
-2.0519276250108322e-02
-2.1121707735462236e-02
-2.1750258856087300e-02
-2.2406831805894208e-02
-2.3091893025393842e-02
-2.3808071121327025e-02
-2.4557484129768492e-02
-2.5340703613300691e-02
-2.6161238881582314e-02
-2.7021297807236031e-02
-2.7922191210873307e-02
-2.8867965478094077e-02
-2.9861118182071943e-02
-3.0904054441721149e-02
-3.2001394387779838e-02
-3.3156087025353803e-02
-3.4371969387764149e-02
-3.5654434130185958e-02
-3.7007071470662720e-02
-3.8435607751210840e-02
-3.9946497718476429e-02
-4.1544257398869397e-02
-4.3237134296531067e-02
-4.5032941174626195e-02
-4.6937950169221455e-02
-4.8963423013757314e-02
-5.1118862775137067e-02
-5.3414303744259969e-02
-5.5863968696232634e-02
-5.8480317785253644e-02
-6.1278717979947391e-02
-6.4277736089045079e-02
-6.7494296299344392e-02
-7.0951486003127215e-02
-7.4674319948534920e-02
-7.8686934264803263e-02
-8.3023584719256957e-02
-8.7718469244496444e-02
-9.2809991825763605e-02
-9.8346717184151097e-02
-1.0437875368428795e-01
-1.1096714612757640e-01
-1.1818384861034274e-01
-1.2610560338335211e-01
-1.3483082122286752e-01
-1.4447024751607968e-01
-1.5515069817803764e-01
-1.6703181107551149e-01
-1.8029467794949730e-01
-1.9516002375480482e-01
-2.1189831796940101e-01
-2.3082655641077099e-01
-2.5234711516093838e-01
-2.7695034709667760e-01
-3.0524013253287602e-01
-3.3799438414958544e-01
-3.7618533239287760e-01
-4.2107312154299792e-01
-4.7425153950110405e-01
-5.3788493416437810e-01
-6.1491840790340158e-01
-7.0933140050206600e-01
-8.2666703272526387e-01
-9.7486770820947366e-01
-1.1654939539625508e+00
-1.4156219813757391e+00
-1.7517939377651670e+00
-2.2168858337281527e+00
-2.8793818161154956e+00
-3.8533269579733362e+00
-5.3095609174472091e+00
-7.3991723291586142e+00
-9.6300794185013512e+00
-1.0228271679167714e+01
-9.5843644381225666e+00
-8.7637266354597578e+00
-6.8382712802726404e+00
-4.5570923371172043e+00
-3.0126449699002720e+00
-2.0818457364771765e+00
-1.5080287409488042e+00
-1.1370504317494774e+00
-8.8587713262066248e-01
-7.0888918388042688e-01
-5.7984442441533457e-01
-4.9245686486854118e-01
-5.9124617762143228e-01
-7.2187139443283010e-01
-8.9913976780603200e-01
-1.1469703349677525e+00
-1.5057458619507791e+00
-2.0453268629813812e+00
-2.8842942893759145e+00
-4.1818252139357561e+00
-5.8429196368340550e+00
-6.7144047388006296e+00
0.0000000000000000e+00
2.4055929233035767e-01
0.0000000000000000e+00
0.0000000000000000e+00
];
