%Vec Object:sol 1 MPI processes
%  type: mpi
sol = [
0.0000000000000000e+00
-1.5525543764270518e+01
-1.2431970412766178e+01
-8.5074588191780993e+00
-5.6155046535283839e+00
-3.8388656671825490e+00
-2.7485750146534031e+00
-2.0498905183204648e+00
-1.5814199717101558e+00
-1.2546688067117415e+00
-1.0185874858923361e+00
-8.4259137950360408e-01
-7.0814721763082644e-01
-6.0337659261669585e-01
-5.2014908933061665e-01
-4.5297088692879178e-01
-3.9802297080367011e-01
-3.5250697706731116e-01
-3.1435112332640103e-01
-2.8209659530293563e-01
-2.5459143972306703e-01
-2.3090975796863522e-01
-2.1040559980629917e-01
-1.9254027980839081e-01
-1.7686128811426641e-01
-1.6303191000708583e-01
-1.5078290517405060e-01
-1.3987485489305340e-01
-1.3011175907887360e-01
-1.2135195230194240e-01
-1.1345780642457412e-01
-1.0630658841689576e-01
-9.9823320245221794e-02
-9.3927732186661700e-02
-8.8539310851626682e-02
-8.3610135085765688e-02
-7.9091330150625958e-02
-7.4931726445897961e-02
-7.1096747556058243e-02
-6.7556995950721552e-02
-6.4279175350350409e-02
-6.1236771255275151e-02
-5.8412195751463086e-02
-5.5783421838073895e-02
-5.3329148460700811e-02
-5.1039123277674049e-02
-4.8898623139199175e-02
-4.6889945301316502e-02
-4.5007470249757701e-02
-4.3240941370921243e-02
-4.1576405975135455e-02
-4.0010082784457821e-02
-3.8534792092828202e-02
-3.7140274345943212e-02
-3.5822971137611105e-02
-3.4578148752719279e-02
-3.3398172362803236e-02
-3.2279684124517684e-02
-3.1219631493506546e-02
-3.0212269049134023e-02
-2.9254443375308786e-02
-2.8344261050056083e-02
-2.7477350212726251e-02
-2.6650774141379851e-02
-2.5863437434002278e-02
-2.5111974578606814e-02
-2.4393677825488104e-02
-2.3707996842749868e-02
-2.3052307250680477e-02
-2.2424139438195448e-02
-2.1823309543153493e-02
-2.1247740716789011e-02
-2.0695206612151934e-02
-2.0165762651544013e-02
-1.9657736669891287e-02
-1.9169146724543833e-02
-1.8700196752491183e-02
-1.8249513052053076e-02
-1.7815355947619717e-02
-1.7398012789707991e-02
-1.6996328734658426e-02
-1.6608801533236846e-02
-1.6235755442593407e-02
-1.5876194508085726e-02
-1.5528847137070525e-02
-1.5194041268592492e-02
-1.4870894416228979e-02
-1.4558357435768492e-02
-1.4256738502480132e-02
-1.4320322702576138e-02
-1.4679653990804476e-02
-1.5052505130915344e-02
-1.5439147143537118e-02
-1.5839937172357401e-02
-1.6256290848216535e-02
-1.6688508845084670e-02
-1.7137218716233003e-02
-1.7603938822140820e-02
-1.8089002831784787e-02
-1.8593387326674572e-02
-1.9118729943678584e-02
-1.9665404860289837e-02
-2.0234833811184429e-02
-2.0828797780314295e-02
-2.1447725259665401e-02
-2.2093602215073484e-02
-2.2768387328273649e-02
-2.3472586232408658e-02
-2.4208898458994696e-02
-2.4979509554916832e-02
-2.5785038489519910e-02
-2.6629088093717848e-02
-2.7513944690023311e-02
-2.8440986410939065e-02
-2.9414373954411790e-02
-3.0436699490966935e-02
-3.1510464807603111e-02
-3.2640429193867948e-02
-3.3829658246408094e-02
-3.5082125909446378e-02
-3.6403396669891216e-02
-3.7797206980265813e-02
-3.9269475580180083e-02
-4.0826872877318850e-02
-4.2474102066650865e-02
-4.4219679870411532e-02
-4.6071692246628007e-02
-4.8036664457130042e-02
-5.0126226689022481e-02
-5.2350230192637889e-02
-5.4719083550463121e-02
-5.7247492478492028e-02
-5.9948382613049946e-02
-6.2837671696421071e-02
-6.5934575829601480e-02
-6.9256658787347408e-02
-7.2827820581056038e-02
-7.6673971424419118e-02
-8.0820160462259233e-02
-8.5301845413005520e-02
-9.0154478456072981e-02
-9.5417878269544495e-02
-1.0114234704826058e-01
-1.0737984733402071e-01
-1.1419364558106020e-01
-1.2165830620608359e-01
-1.2985342480495488e-01
-1.3888098030132137e-01
-1.4885578366441221e-01
-1.5990934221279388e-01
-1.7220711538000949e-01
-1.8593688548112816e-01
-2.0132761280082620e-01
-2.1864487541405361e-01
-2.3822406977897942e-01
-2.6048424276424903e-01
-2.8593207039839758e-01
-3.1519141499424086e-01
-3.4906567063395116e-01
-3.8855868552589984e-01
-4.3497115913797735e-01
-4.9000671981447586e-01
-5.5589266379115887e-01
-6.3565825659822661e-01
-7.3342540595421635e-01
-8.5493567229262979e-01
-1.0081657103828281e+00
-1.2050479622029950e+00
-1.4635757209975526e+00
-1.8114402374937757e+00
-2.2916421984893018e+00
-2.9758710210938273e+00
-3.9803980841344728e+00
-5.4832659441719951e+00
-7.6414646331315836e+00
-9.9498657636129924e+00
-1.0566032012597182e+01
-9.8797494203191967e+00
-9.0157368056805662e+00
-7.0061474660313428e+00
-4.6522114038164251e+00
-3.0693434667265471e+00
-2.1188547280212147e+00
-1.5338063349516953e+00
-1.1561628519286875e+00
-9.0053583706522777e-01
-7.2050266809489827e-01
-5.8930441472790729e-01
-5.0050544949614062e-01
-6.0095954878194324e-01
-7.3379657918043584e-01
-9.1408816701396856e-01
-1.1663111067605012e+00
-1.5314238493176442e+00
-2.0810528770534336e+00
-2.9365785534998179e+00
-4.2636653430073359e+00
-5.9735491647074390e+00
-6.8795546954088156e+00
0.0000000000000000e+00
2.4055929233035767e-01
0.0000000000000000e+00
0.0000000000000000e+00
];
