%Vec Object:sol 1 MPI processes
%  type: mpi
sol = [
0.0000000000000000e+00
-2.2377482144435533e+01
-1.7799978890042965e+01
-1.1940663215409169e+01
-7.7211894153032024e+00
-5.1967127918760960e+00
-3.6812636634882718e+00
-2.7235317005320212e+00
-2.0896513814133901e+00
-1.6506442674610156e+00
-1.3348446164010441e+00
-1.1009640806396550e+00
-9.2327484737870702e-01
-7.8525969193388856e-01
-6.7592531175103032e-01
-5.8787876693290586e-01
-5.1600129377233872e-01
-4.5653865787662717e-01
-4.0670520007093514e-01
-3.6464515302323408e-01
-3.2882779979173665e-01
-2.9802942572727925e-01
-2.7139283055847302e-01
-2.4820704944644906e-01
-2.2787773480045093e-01
-2.0996156945295602e-01
-1.9410432998932800e-01
-1.7999282746501261e-01
-1.6737092056193878e-01
-1.5605228421578049e-01
-1.4586195628864945e-01
-1.3663745430414703e-01
-1.2827767525481057e-01
-1.2067829109257927e-01
-1.1373539508503469e-01
-1.0738619405149477e-01
-1.0156718413366192e-01
-9.6212406346888282e-02
-9.1276869587836110e-02
-8.6722294251283208e-02
-8.2505781903516776e-02
-7.8593066536428585e-02
-7.4961148411717499e-02
-7.1581643821941224e-02
-6.8427192716486521e-02
-6.5484284559047951e-02
-6.2733931541819082e-02
-6.0153512780278133e-02
-5.7735514220644130e-02
-5.5466704578157375e-02
-5.3329298970082331e-02
-5.1318222880039836e-02
-4.9424205885642641e-02
-4.7634173368631079e-02
-4.5943429088397783e-02
-4.4345837156909644e-02
-4.2831668302891972e-02
-4.1396544685990452e-02
-4.0036486197639921e-02
-3.8744170659030575e-02
-3.7515522513479248e-02
-3.6348049742763608e-02
-3.5236179743046700e-02
-3.4176140598551334e-02
-3.3166466616874987e-02
-3.2202867030745048e-02
-3.1281879464186993e-02
-3.0402741188707134e-02
-2.9562105523237282e-02
-2.8756824677781616e-02
-2.7986610266582987e-02
-2.7248813649182788e-02
-2.6540603367377617e-02
-2.5862002689252889e-02
-2.5210879134017539e-02
-2.4584715951043352e-02
-2.3983731755763942e-02
-2.3406175093681661e-02
-2.2849839041142357e-02
-2.2315054056039646e-02
-2.1800348430892173e-02
-2.1303817472554516e-02
-2.0825843691963389e-02
-2.0365158804368948e-02
-1.9920150781346731e-02
-1.9491211385656140e-02
-1.9077217925196611e-02
-1.8676840002941345e-02
-1.8290448312258845e-02
-1.8372590254701299e-02
-1.8834192342395608e-02
-1.9313142303552664e-02
-1.9809798245633954e-02
-2.0324627274359987e-02
-2.0859424656334381e-02
-2.1414588729111467e-02
-2.1990929049996461e-02
-2.2590373844184265e-02
-2.3213366495420273e-02
-2.3861158582682982e-02
-2.4535832793024799e-02
-2.5237887739395462e-02
-2.5969138827026093e-02
-2.6731854354416648e-02
-2.7526606429179000e-02
-2.8355925225654052e-02
-2.9222308971750186e-02
-3.0126433172055499e-02
-3.1071732081191350e-02
-3.2060997120360521e-02
-3.3095054254311446e-02
-3.4178481434477215e-02
-3.5314208304766420e-02
-3.6504058020544808e-02
-3.7753100825838312e-02
-3.9064406015930558e-02
-4.0441449815879799e-02
-4.1890391511504088e-02
-4.3415157227595459e-02
-4.5020820586249656e-02
-4.6714460799758273e-02
-4.8500863325004751e-02
-5.0387565015200794e-02
-5.2383054510116218e-02
-5.4493352597919646e-02
-5.6729285534116700e-02
-5.9101145182714400e-02
-6.1617268484356218e-02
-6.4292424797259037e-02
-6.7139154360324832e-02
-7.0170709524588884e-02
-7.3405760531930639e-02
-7.6860749038578063e-02
-8.0555894608043424e-02
-8.4515579465200705e-02
-8.8762120153832988e-02
-9.3325820322442105e-02
-9.8239525831890800e-02
-1.0353501413760134e-01
-1.0925717171213561e-01
-1.1545088960770160e-01
-1.2216656453524574e-01
-1.2946778780267068e-01
-1.3742024343344950e-01
-1.4610383184400028e-01
-1.5561264858408666e-01
-1.6604709553142952e-01
-1.7753567489856736e-01
-1.9022295254766688e-01
-2.0427438517500304e-01
-2.1989794538949339e-01
-2.3732943824286759e-01
-2.5685594956283164e-01
-2.7882885683495157e-01
-3.0365960077081949e-01
-3.3186971543193877e-01
-3.6409396837101321e-01
-4.0111302113158598e-01
-4.4393097726634684e-01
-4.9380073251417583e-01
-5.5232347055242959e-01
-6.2149354229175302e-01
-7.0415899331486798e-01
-8.0405030576759684e-01
-9.2623050835176435e-01
-1.0777332386506662e+00
-1.2686088561657518e+00
-1.5133906090570222e+00
-1.8327651554565567e+00
-2.2609052402655059e+00
-2.8506844580218300e+00
-3.6848464311855951e+00
-4.9046072663239677e+00
-6.7205911110922507e+00
-9.3271835476446210e+00
-1.2133901516286608e+01
-1.2802810930657282e+01
-1.1790235094012091e+01
-1.0587255184920169e+01
-8.0179115475636049e+00
-5.2075491740811595e+00
-3.3951073969497840e+00
-2.3284929483453660e+00
-1.6789461109569719e+00
-1.2623472762846315e+00
-9.8151513498773046e-01
-7.8429762702088368e-01
-6.4087349918723902e-01
-5.4388829357126756e-01
-6.5303771279075129e-01
-7.9741115209810565e-01
-9.9345423812006950e-01
-1.2678177122960732e+00
-1.6657070142705632e+00
-2.2660940260795117e+00
-3.2060157742734319e+00
-4.6825910470362730e+00
-6.6427964946018232e+00
-7.7304631153287664e+00
0.0000000000000000e+00
1.3464638167935297e-01
0.0000000000000000e+00
0.0000000000000000e+00
];
