%Vec Object:sol 1 MPI processes
%  type: mpi
sol = [
0.0000000000000000e+00
-2.3036214685783470e+01
-1.8189708902129826e+01
-1.2109933796035875e+01
-7.7950546025078866e+00
-5.2331102392136177e+00
-3.7009596797584963e+00
-2.7366929944914480e+00
-2.0989497426421320e+00
-1.6565077645520547e+00
-1.3393518759657130e+00
-1.1045182171507837e+00
-9.2613407170196849e-01
-7.8759684717311973e-01
-6.7786019275009879e-01
-5.8936916816194629e-01
-5.1712096239990857e-01
-4.5740190166127132e-01
-4.0743482414650889e-01
-3.6526394671739282e-01
-3.2935379629949835e-01
-2.9847694911971839e-01
-2.7177360585419036e-01
-2.4853068360301056e-01
-2.2815210691289042e-01
-2.1019326448931294e-01
-1.9429889901870595e-01
-1.8015493693854057e-01
-1.6750452257141027e-01
-1.5616078620028181e-01
-1.4594827965961707e-01
-1.3670409594776925e-01
-1.2832682684625227e-01
-1.2071185877707846e-01
-1.1375502837371229e-01
-1.0739335325615884e-01
-1.0156315527930977e-01
-9.6198317505396244e-02
-9.1253723349508806e-02
-8.6690983052754522e-02
-8.2467097346044210e-02
-7.8547715595058645e-02
-7.4909764983183594e-02
-7.1524795180354400e-02
-6.8365388972180155e-02
-6.5417984803901208e-02
-6.2663549164983720e-02
-6.0079423474916287e-02
-5.7658055946221080e-02
-5.5386182933600328e-02
-5.3245995195478069e-02
-5.1232389501031803e-02
-4.9336071864212919e-02
-4.7543951445791079e-02
-4.5851310814349559e-02
-4.4251995938920839e-02
-4.2736266579932798e-02
-4.1299729624311492e-02
-3.9938390721213746e-02
-3.8644917711759715e-02
-3.7415248519196739e-02
-3.6246382574138758e-02
-3.5133103753434550e-02
-3.4071797247595577e-02
-3.3060981620278193e-02
-3.2096358155216782e-02
-3.1174456748943022e-02
-3.0294501120103800e-02
-2.9453139025149535e-02
-2.8647218119899159e-02
-2.7876438164391580e-02
-2.7138146389073116e-02
-2.6429509258206883e-02
-2.5750539404648363e-02
-2.5099101399260675e-02
-2.4472678120315394e-02
-2.3871478523410608e-02
-2.3293749128644424e-02
-2.2737283783973505e-02
-2.2202404119528125e-02
-2.1687637166722295e-02
-2.1191079681243594e-02
-2.0713106100732352e-02
-2.0252447550775154e-02
-1.9807493742612460e-02
-1.9378629082997388e-02
-1.8964730911513940e-02
-1.8564470538465036e-02
-1.8178212007624248e-02
-1.8257654349872220e-02
-1.8714120731498536e-02
-1.9187712764398054e-02
-1.9678779544182543e-02
-2.0187778388897834e-02
-2.0716486517347348e-02
-2.1265291783058221e-02
-2.1834990553495817e-02
-2.2427490259952793e-02
-2.3043222041849838e-02
-2.3683419755166076e-02
-2.4350142032430321e-02
-2.5043873101471617e-02
-2.5766404639256054e-02
-2.6519976958077444e-02
-2.7305145103866436e-02
-2.8124407635195983e-02
-2.8980229952612735e-02
-2.9873267071163383e-02
-3.0806911300129951e-02
-3.1783915126472211e-02
-3.2805079469331672e-02
-3.3874927774943553e-02
-3.4996343271747568e-02
-3.6171079093896281e-02
-3.7404359994694873e-02
-3.8699456772909417e-02
-4.0059530411232606e-02
-4.1490558868116013e-02
-4.2996410802552301e-02
-4.4582090837169241e-02
-4.6254589132939512e-02
-4.8018620024703772e-02
-4.9881622412397873e-02
-5.1851975155246269e-02
-5.3935609055490101e-02
-5.6143212942331822e-02
-5.8484942154058521e-02
-6.0969012159621812e-02
-6.3610005419693430e-02
-6.6420291647224461e-02
-6.9412941328183611e-02
-7.2606384042492159e-02
-7.6016836671496918e-02
-7.9664250316981114e-02
-8.3572689114760720e-02
-8.7764164910535222e-02
-9.2268586503789052e-02
-9.7118368513851888e-02
-1.0234485858195130e-01
-1.0799236425529239e-01
-1.1410518450293686e-01
-1.2073305226457993e-01
-1.2793873774532918e-01
-1.3578706459866718e-01
-1.4435690043144009e-01
-1.5374113161622840e-01
-1.6403886038987933e-01
-1.7537695385327828e-01
-1.8789813757679283e-01
-2.0176576779870650e-01
-2.1718520810696196e-01
-2.3438931064594953e-01
-2.5366159727163362e-01
-2.7534911975543236e-01
-2.9985828551002958e-01
-3.2770431767317187e-01
-3.5951437428785610e-01
-3.9605991332295443e-01
-4.3825288222760223e-01
-4.8738317101882411e-01
-5.4504554635637359e-01
-6.1332307920411633e-01
-6.9493356017669761e-01
-7.9356625422053773e-01
-9.1422965576493309e-01
-1.0638837561855883e+00
-1.2524768946306617e+00
-1.4936202150558378e+00
-1.8092575916187001e+00
-2.2325625099386333e+00
-2.8146399715745236e+00
-3.6400105223115062e+00
-4.8457454799989499e+00
-6.6422771892659638e+00
-9.2222053610772310e+00
-1.1997311984926059e+01
-1.2665530773001244e+01
-1.1672962262389365e+01
-1.0490698225874597e+01
-7.9556753326171261e+00
-5.1735360385478382e+00
-3.3748907570373441e+00
-2.3153796737569752e+00
-1.6698541414829644e+00
-1.2556214992092913e+00
-9.7636870783006391e-01
-7.8022763300973486e-01
-6.3756451187666385e-01
-5.4107299943127540e-01
-6.4964433569238800e-01
-7.9325111767303302e-01
-9.8824850494958283e-01
-1.2610923587890135e+00
-1.6568009963191479e+00
-2.2537360356846077e+00
-3.1879497523419067e+00
-4.6544386973294287e+00
-6.5974998972066379e+00
-7.6723955671273378e+00
0.0000000000000000e+00
1.3464638167935297e-01
0.0000000000000000e+00
0.0000000000000000e+00
];
