%Vec Object:sol 1 MPI processes
%  type: mpi
sol = [
0.0000000000000000e+00
-5.1430503959271725e+01
-3.0138176040699843e+01
-1.5921249433956181e+01
-9.2191596929341753e+00
-5.8884739731884297e+00
-4.0530556848437405e+00
-2.9475819041458573e+00
-2.2344849384120229e+00
-1.7497130714752940e+00
-1.4061742586032109e+00
-1.1535674294476508e+00
-9.6288441795380220e-01
-8.1560768146085438e-01
-6.9946591721673423e-01
-6.0629168514432352e-01
-5.3047546737273121e-01
-4.6794283695483974e-01
-4.1568409626696962e-01
-3.7167245917104019e-01
-3.3426710668487092e-01
-3.0216079524809619e-01
-2.7444019973741729e-01
-2.5034951067679351e-01
-2.2925846916226450e-01
-2.1069779021192114e-01
-1.9429301488865178e-01
-1.7971377024458526e-01
-1.6669033023385366e-01
-1.5502643835240559e-01
-1.4453823324799428e-01
-1.3505548315237681e-01
-1.2647186537775754e-01
-1.1867807740892845e-01
-1.1156573396336804e-01
-1.0506892760729489e-01
-9.9121258748463489e-02
-9.3654143601247686e-02
-8.8620576550191787e-02
-8.3980523348758399e-02
-7.9689486687760047e-02
-7.5711885154828795e-02
-7.2023586309814161e-02
-6.8595193293752438e-02
-6.5398504291200407e-02
-6.2419221559401147e-02
-5.9637682900304197e-02
-5.7030772670663893e-02
-5.4590126882484352e-02
-5.2301694195142197e-02
-5.0148092496528233e-02
-4.8123805898274669e-02
-4.6219218902421214e-02
-4.4421093616677752e-02
-4.2724391409440614e-02
-4.1122705376299078e-02
-3.9606217711109386e-02
-3.8170316863882565e-02
-3.6810793246733815e-02
-3.5520279947791326e-02
-3.4294555947219266e-02
-3.3130922576175156e-02
-3.2023787944623294e-02
-3.0969304888597383e-02
-2.9965813838818234e-02
-2.9009019631942235e-02
-2.8095439074055758e-02
-2.7224123193719262e-02
-2.6391729721128430e-02
-2.5595131451911470e-02
-2.4833859139679223e-02
-2.4105273902145567e-02
-2.3406595080934095e-02
-2.2737669792169190e-02
-2.2096379555034587e-02
-2.1480278584185424e-02
-2.0889414596254825e-02
-2.0322054306241018e-02
-1.9776073219505530e-02
-1.9251637251843944e-02
-1.8747297653305982e-02
-1.8261236001382394e-02
-1.7793678062876989e-02
-1.7343384325658517e-02
-1.6908826240173556e-02
-1.6490248149653421e-02
-1.6086563176894161e-02
-1.5696515819280391e-02
-1.5320340224043485e-02
-1.5337431140732733e-02
-1.5669704814233930e-02
-1.6013682832141305e-02
-1.6369493571817637e-02
-1.6737354481106491e-02
-1.7118604414196457e-02
-1.7513374666382704e-02
-1.7922139577646622e-02
-1.8346301844075950e-02
-1.8785993335937549e-02
-1.9242016648474764e-02
-1.9715847085367819e-02
-2.0207617961629790e-02
-2.0718545261349575e-02
-2.1250191474969250e-02
-2.1802696570607960e-02
-2.2377794081393138e-02
-2.2977155688332300e-02
-2.3600939690361370e-02
-2.4251525783181276e-02
-2.4930727962624487e-02
-2.5638744409325970e-02
-2.6378761990741680e-02
-2.7152589104646910e-02
-2.7961091084558215e-02
-2.8807875536323274e-02
-2.9694926906636339e-02
-3.0624099275153058e-02
-3.1599422037988670e-02
-3.2623185802836810e-02
-3.3698519456126771e-02
-3.4830027337138886e-02
-3.6020450689524822e-02
-3.7274575234867900e-02
-3.8597805806934359e-02
-3.9993552752267972e-02
-4.1468782915362580e-02
-4.3029907803706892e-02
-4.4681727012786727e-02
-4.6433736616475811e-02
-4.8293564337516200e-02
-5.0269193675820577e-02
-5.2372425627879485e-02
-5.4613158360584696e-02
-5.7003835883788927e-02
-5.9559654189464850e-02
-6.2293967065531163e-02
-6.5225604661277692e-02
-6.8374805527910559e-02
-7.1760583929878372e-02
-7.5410889570819456e-02
-7.9353050520625301e-02
-8.3617682834929333e-02
-8.8244022646768838e-02
-9.3271899944983555e-02
-9.8750209486065665e-02
-1.0473664768412434e-01
-1.1129200984346346e-01
-1.1849517424156228e-01
-1.2643434911383289e-01
-1.3521014401150083e-01
-1.4495001727055470e-01
-1.5579762094879626e-01
-1.6792830224602012e-01
-1.8155708966370787e-01
-1.9693492325712378e-01
-2.1438025314855488e-01
-2.3426682624579645e-01
-2.5708343451099086e-01
-2.8344534581390574e-01
-3.1411980888118068e-01
-3.5010154398589072e-01
-3.9269381053392594e-01
-4.4359927634289426e-01
-5.0513625506304349e-01
-5.8045915829354300e-01
-6.7396362358072892e-01
-7.9195255804589837e-01
-9.4340010306033195e-01
-1.1421269768742406e+00
-1.4094675390172740e+00
-1.7792907031567482e+00
-2.3057089757046598e+00
-3.0795580736172359e+00
-4.2336146696343349e+00
-5.8718361408681279e+00
-7.5659636539968238e+00
-8.0048990897693493e+00
-7.5598367800465516e+00
-6.9901074648250372e+00
-5.6037057859148076e+00
-3.8363399242628162e+00
-2.5740056236735285e+00
-1.7922058967610277e+00
-1.3031097301346888e+00
-9.8449396985161364e-01
-7.6762251560685635e-01
-6.1429129048619235e-01
-5.0228830607669972e-01
-4.2631743666753180e-01
-5.1084459154859307e-01
-6.2238537226918389e-01
-7.7336770059169324e-01
-9.8388648440792892e-01
-1.2873159870052480e+00
-1.7398720986925911e+00
-2.4334734804310933e+00
-3.4737569441185729e+00
-4.7178644141464741e+00
-5.3105858464849707e+00
0.0000000000000000e+00
1.3464638167935297e-01
0.0000000000000000e+00
0.0000000000000000e+00
];
