%Vec Object:sol 1 MPI processes
%  type: mpi
sol = [
0.0000000000000000e+00
-1.4997206435960871e+01
-1.2095163301595333e+01
-8.3420692922845880e+00
-5.5332376306689488e+00
-3.7932570067263756e+00
-2.7194386933124144e+00
-2.0308540563856825e+00
-1.5675960672759344e+00
-1.2442098426088546e+00
-1.0104229158043934e+00
-8.3618142612777291e-01
-7.0314245248831264e-01
-5.9926252715355532e-01
-5.1669768806661509e-01
-4.5004282312358251e-01
-3.9551483396278353e-01
-3.5034074324984077e-01
-3.1246700320408116e-01
-2.8044751172143417e-01
-2.5314007392577709e-01
-2.2962640629729458e-01
-2.0926592966378565e-01
-1.9152432140291370e-01
-1.7595263645324119e-01
-1.6221683388640859e-01
-1.5004980292154815e-01
-1.3921395607783854e-01
-1.2951477571332329e-01
-1.2081163841689301e-01
-1.1297147541620754e-01
-1.0586996171787738e-01
-9.9430926393753227e-02
-9.3574837716893497e-02
-8.8221851026133571e-02
-8.3324519854133874e-02
-7.8834406901463538e-02
-7.4700748806534156e-02
-7.0889278635849651e-02
-6.7370864827857077e-02
-6.4112466896430659e-02
-6.1087781329575659e-02
-5.8279387202666150e-02
-5.5665423528430229e-02
-5.3224738230449674e-02
-5.0947191723443433e-02
-4.8818146520612407e-02
-4.6819489943277538e-02
-4.4945963319834699e-02
-4.3187729528577079e-02
-4.1530901132042573e-02
-3.9971738793943425e-02
-3.8503108314650529e-02
-3.7114796371489317e-02
-3.5803277425869445e-02
-3.4563850483188385e-02
-3.3388913993810880e-02
-3.2275135892651338e-02
-3.1219487825321936e-02
-3.0216248697102956e-02
-2.9262285222909343e-02
-2.8355722416775878e-02
-2.7492206461648027e-02
-2.6668816237237575e-02
-2.5884470840506393e-02
-2.5135818324449440e-02
-2.4420162903336345e-02
-2.3736966009306110e-02
-2.3083613597578958e-02
-2.2457645079696890e-02
-2.1858886434134379e-02
-2.1285268775200927e-02
-2.0734572419608785e-02
-2.0206861246569376e-02
-1.9700469275448100e-02
-1.9213419363642539e-02
-1.8745922875515665e-02
-1.8296610924770220e-02
-1.7863747196520008e-02
-1.7447625670228735e-02
-1.7047095231293490e-02
-1.6660655918885995e-02
-1.6288637966232530e-02
-1.5930048254969957e-02
-1.5583616726355240e-02
-1.5249676731888847e-02
-1.4927347859940179e-02
-1.4615582022536679e-02
-1.4314692293665656e-02
-1.4380453988982444e-02
-1.4743256989141499e-02
-1.5119732499496849e-02
-1.5510158191615142e-02
-1.5914898269838731e-02
-1.6335379878049040e-02
-1.6771911404280113e-02
-1.7225129578173390e-02
-1.7696566226946400e-02
-1.8186563994793056e-02
-1.8696111487317021e-02
-1.9226862108299273e-02
-1.9779200522099197e-02
-2.0354564299170371e-02
-2.0954752933294643e-02
-2.1580207263171104e-02
-2.2232934132659393e-02
-2.2914914069889814e-02
-2.3626667395070775e-02
-2.4370921161884693e-02
-2.5149886895405520e-02
-2.5964201258850371e-02
-2.6817503352244573e-02
-2.7712109469687510e-02
-2.8649423063204834e-02
-2.9633648951060867e-02
-3.0667415239594244e-02
-3.1753260288122975e-02
-3.2895996797202662e-02
-3.4098734421243213e-02
-3.5365499041812923e-02
-3.6701920724592156e-02
-3.8111790890235149e-02
-3.9601101310452122e-02
-4.1176604224161362e-02
-4.2843072810977663e-02
-4.4609125891789218e-02
-4.6482952421596516e-02
-4.8471172009948542e-02
-5.0585554126847045e-02
-5.2836080310531185e-02
-5.5233298761682897e-02
-5.7792096535980934e-02
-6.0525572335223016e-02
-6.3449849057494970e-02
-6.6584384886300418e-02
-6.9946979796090936e-02
-7.3561835525731090e-02
-7.7455193588984825e-02
-8.1652438066839847e-02
-8.6189470678601748e-02
-9.1102203335081802e-02
-9.6430971624493281e-02
-1.0222671372622548e-01
-1.0854206569684290e-01
-1.1544110074783880e-01
-1.2299932907540476e-01
-1.3129737222557883e-01
-1.4043849393118160e-01
-1.5053896034384173e-01
-1.6173194796451765e-01
-1.7418498790812323e-01
-1.8808822351226770e-01
-2.0367336062655797e-01
-2.2122427744248832e-01
-2.4107378156264489e-01
-2.6364415776978462e-01
-2.8945005278606206e-01
-3.1912512078979782e-01
-3.5344101595822036e-01
-3.9344502253161073e-01
-4.4045535896106763e-01
-4.9619604889933117e-01
-5.6292070792849302e-01
-6.4369386539458129e-01
-7.4268461685734899e-01
-8.6569901883904521e-01
-1.0210542083299803e+00
-1.2205726018365641e+00
-1.4822355995329806e+00
-1.8342199376029973e+00
-2.3208624680887593e+00
-3.0128869740204420e+00
-4.0298239614659312e+00
-5.5505902395459907e+00
-7.7339013105267229e+00
-1.0071988399351246e+01
-1.0694125099816844e+01
-9.9921436582347898e+00
-9.1111999639999564e+00
-7.0694029025722323e+00
-4.6879324646144171e+00
-3.0905990210109304e+00
-2.1327156462244203e+00
-1.5434529847570695e+00
-1.1633122259177766e+00
-9.0601648511657751e-01
-7.2484294456566623e-01
-5.9283148359479565e-01
-5.0350563036489160e-01
-6.0458668451912290e-01
-7.3824800676246172e-01
-9.1966582374648020e-01
-1.1735155983690386e+00
-1.5409970064558254e+00
-2.0943654878238931e+00
-2.9560057813071334e+00
-4.2941294203200187e+00
-6.0221786550024490e+00
-6.9411833907057439e+00
0.0000000000000000e+00
2.4055929233035767e-01
0.0000000000000000e+00
0.0000000000000000e+00
];
