%Vec Object:sol 1 MPI processes
%  type: mpi
sol = [
0.0000000000000000e+00
-1.5901631872852601e+01
-1.2668942419909747e+01
-8.6225485855558190e+00
-5.6724658076415482e+00
-3.8703766634184960e+00
-2.7687013269852749e+00
-2.0630297056543765e+00
-1.5909642879491501e+00
-1.2618923760828453e+00
-1.0241077617759662e+00
-8.4680707699661129e-01
-7.1158265737796000e-01
-6.0622177298701085e-01
-5.2253695828250080e-01
-4.5499750816374124e-01
-3.9975965990353757e-01
-3.5400755115050087e-01
-3.1565682737203266e-01
-2.8323991301379625e-01
-2.5559812561615525e-01
-2.3180031241375959e-01
-2.1119682063148668e-01
-1.9324594961247815e-01
-1.7748434639715163e-01
-1.6357996065802527e-01
-1.5126633239311629e-01
-1.4030225986608594e-01
-1.3049032116757059e-01
-1.2168769837732350e-01
-1.1375938300380571e-01
-1.0657935192050728e-01
-1.0007024453755846e-01
-9.4151412893556510e-02
-8.8741990414338584e-02
-8.3793814085286716e-02
-7.9257779593865915e-02
-7.5082497652351032e-02
-7.1233227785917050e-02
-6.7680430643230136e-02
-6.4390668890443856e-02
-6.1337312064452691e-02
-5.8502682168056618e-02
-5.5864659159950904e-02
-5.3401857506008600e-02
-5.1103966147666227e-02
-4.8956199005546285e-02
-4.6940790648412556e-02
-4.5052082198455079e-02
-4.3279772928126271e-02
-4.1609864699351490e-02
-4.0038547474644179e-02
-3.8558610069939728e-02
-3.7159760710632733e-02
-3.5838418391901994e-02
-3.4589826797617587e-02
-3.3406327893911576e-02
-3.2284546062417901e-02
-3.1221412080731474e-02
-3.0211163558145893e-02
-2.9250633155245079e-02
-2.8337914766288524e-02
-2.7468623938303498e-02
-2.6639813123281137e-02
-2.5850376966671852e-02
-2.5096940486305661e-02
-2.4376787600441419e-02
-2.3689359919752268e-02
-2.3032025846614596e-02
-2.2402309460157938e-02
-2.1800020171189038e-02
-2.1223075566814621e-02
-2.0669244616912108e-02
-2.0138576971259023e-02
-1.9629396140355703e-02
-1.9139716787607518e-02
-1.8669737785210791e-02
-1.8218082060511131e-02
-1.7783007543456960e-02
-1.7364797066416839e-02
-1.6962293170395406e-02
-1.6573991959971557e-02
-1.6200213619268055e-02
-1.5839960198377925e-02
-1.5491958988654948e-02
-1.5156534239027013e-02
-1.4832801995740318e-02
-1.4519712338430970e-02
-1.4217570100404092e-02
-1.4279652423608158e-02
-1.4636605361513830e-02
-1.5006973084079420e-02
-1.5391022000629183e-02
-1.5789104364214466e-02
-1.6202627904965780e-02
-1.6631887945386222e-02
-1.7077505695675108e-02
-1.7540990262447868e-02
-1.8022669084576316e-02
-1.8523510444749286e-02
-1.9045141131825163e-02
-1.9587928039608200e-02
-2.0153281984637832e-02
-2.0742971200974989e-02
-2.1357415600544605e-02
-2.1998586763966529e-02
-2.2668428308827839e-02
-2.3367435657173790e-02
-2.4098289383930480e-02
-2.4863157105270560e-02
-2.5662645484652264e-02
-2.6500332374337739e-02
-2.7378483380728336e-02
-2.8298459072971825e-02
-2.9264389736101831e-02
-3.0278842679543293e-02
-3.1344294370292312e-02
-3.2465467244502430e-02
-3.3645396397325826e-02
-3.4888019854571399e-02
-3.6198856813590370e-02
-3.7581605649431381e-02
-3.9042134622797590e-02
-4.0587057582036720e-02
-4.2221029218553537e-02
-4.3952495699847327e-02
-4.5789471737158076e-02
-4.7738417203018087e-02
-4.9810866012580640e-02
-5.2016579211619993e-02
-5.4365868673683024e-02
-5.6873314699501909e-02
-5.9551723025268233e-02
-6.2416869342798109e-02
-6.5487802181015228e-02
-6.8781921606742902e-02
-7.2322918709573455e-02
-7.6136474219207245e-02
-8.0247405046229556e-02
-8.4690861391044078e-02
-8.9501976743529915e-02
-9.4720211377620628e-02
-1.0039542668832598e-01
-1.0657911805292072e-01
-1.1333399242252158e-01
-1.2073395823223633e-01
-1.2885789904129441e-01
-1.3780649587787616e-01
-1.4768614469624883e-01
-1.5863305062834968e-01
-1.7081091798818643e-01
-1.8440536044446462e-01
-1.9964257369470786e-01
-2.1679968705163760e-01
-2.3620150331581169e-01
-2.5826020325531429e-01
-2.8347803713950309e-01
-3.1247345235672580e-01
-3.4604293985735357e-01
-3.8518178802269959e-01
-4.3117972263373910e-01
-4.8572616151069986e-01
-5.5103004953876067e-01
-6.3009604956746523e-01
-7.2701312057315814e-01
-8.4729984842570749e-01
-9.9910086347720495e-01
-1.1942885092225255e+00
-1.4506329021741313e+00
-1.7955782697849043e+00
-2.2713483410307904e+00
-2.9501272759671742e+00
-3.9459859269162982e+00
-5.4363138016781622e+00
-7.5768453492601280e+00
-9.8642886704495734e+00
-1.0475347427543793e+01
-9.8006687642635519e+00
-8.9484248382149811e+00
-6.9614326260414083e+00
-4.6269201301365053e+00
-3.0542814357844108e+00
-2.1090280261585925e+00
-1.5269646206247875e+00
-1.1510911952341742e+00
-8.9664697602055576e-01
-7.1742231772126386e-01
-5.8680074229567780e-01
-4.9837114158210311e-01
-5.9838419630164552e-01
-7.3063536651581584e-01
-9.1012633832402901e-01
-1.1611858998000457e+00
-1.5246211876269891e+00
-2.0715906287313404e+00
-2.9227652649297480e+00
-4.2420003527482724e+00
-5.9389758867420666e+00
-6.8357748336757593e+00
0.0000000000000000e+00
2.4055929233035767e-01
0.0000000000000000e+00
0.0000000000000000e+00
];
