%Vec Object:sol 1 MPI processes
%  type: mpi
sol = [
0.0000000000000000e+00
-1.8085703358826091e+01
-1.4001389024596374e+01
-9.2404701488339338e+00
-5.9724771845691746e+00
-4.0380821180049553e+00
-2.8716552360995338e+00
-2.1332337030597257e+00
-1.6407756092164494e+00
-1.2988595817363080e+00
-1.0526195720176561e+00
-8.6961641319613436e-01
-7.2997683655618339e-01
-6.2131038481976641e-01
-5.3509295346079389e-01
-4.6557254891569888e-01
-4.0875871323193286e-01
-3.6173321195067970e-01
-3.2233897345538176e-01
-2.8905806333808509e-01
-2.6069355515525261e-01
-2.3628475047390218e-01
-2.1516121988929870e-01
-1.9676454236696153e-01
-1.8062619186528253e-01
-1.6639747618592357e-01
-1.5379965418213004e-01
-1.4258519238808393e-01
-1.3255153691631244e-01
-1.2355196285874359e-01
-1.1544367750612591e-01
-1.0810211820898501e-01
-1.0144841463543708e-01
-9.5399728181406684e-02
-8.9873156568708701e-02
-8.4819141265979933e-02
-8.0187259434899308e-02
-7.5924864596126893e-02
-7.1996278317419671e-02
-6.8371152674010172e-02
-6.5015248077623072e-02
-6.1901275549541258e-02
-5.9011047136050411e-02
-5.6321916513281937e-02
-5.3812020631197929e-02
-5.1470718468178973e-02
-4.9282869818773258e-02
-4.7230355840626834e-02
-4.5307298228590732e-02
-4.3503149169697733e-02
-4.1803654781614991e-02
-4.0204845711414201e-02
-3.8699335259295108e-02
-3.7276650780116799e-02
-3.5933086353054276e-02
-3.4663760332212259e-02
-3.3460884710992622e-02
-3.2320985689106997e-02
-3.1240902107628216e-02
-3.0214776730763313e-02
-2.9239365276873128e-02
-2.8312692161121710e-02
-2.7430302697607770e-02
-2.6589189424316938e-02
-2.5788192814886094e-02
-2.5023885170286485e-02
-2.4293504187786204e-02
-2.3596447886278973e-02
-2.2930044561581098e-02
-2.2291783169696357e-02
-2.1681436923192483e-02
-2.1096892540357046e-02
-2.0535892800958709e-02
-1.9998456430471198e-02
-1.9482882975838261e-02
-1.8987168003612498e-02
-1.8511483343408762e-02
-1.8054433251887565e-02
-1.7614262078807889e-02
-1.7191228586402745e-02
-1.6784160823169983e-02
-1.6391545464510861e-02
-1.6013681022850213e-02
-1.5649558469258550e-02
-1.5297898631886507e-02
-1.4959006133841114e-02
-1.4631988835660048e-02
-1.4315792284950234e-02
-1.4010703537158048e-02
-1.4064670732412798e-02
-1.4408864969347946e-02
-1.4765902724647310e-02
-1.5136024865807772e-02
-1.5519556575500521e-02
-1.5917862640613505e-02
-1.6331208666524075e-02
-1.6760180853667764e-02
-1.7206237852520217e-02
-1.7669672409485648e-02
-1.8151407101260883e-02
-1.8653009380363589e-02
-1.9174805461022244e-02
-1.9718146113980286e-02
-2.0284729606934733e-02
-2.0874927784795834e-02
-2.1490633173359728e-02
-2.2133706449141546e-02
-2.2804585652045718e-02
-2.3505847193120887e-02
-2.4239559629511121e-02
-2.5006260258188622e-02
-2.5809389620818295e-02
-2.6651098317711532e-02
-2.7532648387003693e-02
-2.8458002395038918e-02
-2.9429589086283851e-02
-3.0449743397017479e-02
-3.1522983756142035e-02
-3.2652174621539770e-02
-3.3841053586671443e-02
-3.5094888163306102e-02
-3.6417162904801105e-02
-3.7813464488714962e-02
-3.9290091183463265e-02
-4.0851424285387558e-02
-4.2505516125865735e-02
-4.4259982093187614e-02
-4.6120912638212871e-02
-4.8099303071626479e-02
-5.0204406195040539e-02
-5.2445987850655532e-02
-5.4837923243847911e-02
-5.7392339556738094e-02
-6.0124209510040966e-02
-6.3051635031030728e-02
-6.6191085194222732e-02
-6.9565067465748476e-02
-7.3197959193395293e-02
-7.7113250372440545e-02
-8.1344342706308886e-02
-8.5924547734587089e-02
-9.0891272179836669e-02
-9.6291854979325103e-02
-1.0217510369506606e-01
-1.0860050554279971e-01
-1.1563818810511188e-01
-1.2336290866747102e-01
-1.3187059434476023e-01
-1.4126917397227523e-01
-1.5168222845108040e-01
-1.6326538419074899e-01
-1.7619517043369520e-01
-1.9068055382476765e-01
-2.0698158848933168e-01
-2.2541298141312202e-01
-2.4636599568527345e-01
-2.7031736701160786e-01
-2.9785412980356518e-01
-3.2973255359444331e-01
-3.6689765546814851e-01
-4.1057427738295171e-01
-4.6236716212599233e-01
-5.2437479856267177e-01
-5.9945242096797124e-01
-6.9148642775188818e-01
-8.0589245243766872e-01
-9.5021183903545237e-01
-1.1357276258135973e+00
-1.3794292317759644e+00
-1.7074976260080208e+00
-2.1607645205406327e+00
-2.8069633937660798e+00
-3.7565181412462989e+00
-5.1775532986679735e+00
-7.2154798915311886e+00
-9.3858865285209614e+00
-9.9722801434692006e+00
-9.3564667986854726e+00
-8.5704148056531615e+00
-6.7085859895038844e+00
-4.4832756215030960e+00
-2.9685365759564233e+00
-2.0530142194941710e+00
-1.4879200095308984e+00
-1.1221333822616109e+00
-8.7442743223601072e-01
-6.9981210483012324e-01
-5.7240987102019214e-01
-4.8616062002814631e-01
-5.8364348404381250e-01
-7.1253209994436328e-01
-8.8742018010458146e-01
-1.1318066032353951e+00
-1.4855975654599887e+00
-2.0172740610264115e+00
-2.8431152268766047e+00
-4.1174664078592595e+00
-5.7401719137263258e+00
-6.5849578052417099e+00
0.0000000000000000e+00
2.4055929233035767e-01
0.0000000000000000e+00
0.0000000000000000e+00
];
