%Vec Object:sol 1 MPI processes
%  type: mpi
sol = [
0.0000000000000000e+00
-4.7591711774432923e+01
-2.8973368712769094e+01
-1.5646064326400909e+01
-9.1352046312419031e+00
-5.8569636555162568e+00
-4.0391825675444233e+00
-2.9411729532567845e+00
-2.2312396675064523e+00
-1.7481780312685373e+00
-1.4055620653795580e+00
-1.1534516335507032e+00
-9.6306543917587550e-01
-8.1596754930047621e-01
-6.9993510403830306e-01
-6.0682742569528059e-01
-5.3105043101451754e-01
-4.6855222679764530e-01
-4.1631091777931212e-01
-3.7229761432035618e-01
-3.3488651645422035e-01
-3.0277208858923077e-01
-2.7504171569399466e-01
-2.5094023174632007e-01
-2.2983793660895113e-01
-2.1126579851062513e-01
-1.9484951176728788e-01
-1.8025888799927414e-01
-1.6722432121734052e-01
-1.5554955722910629e-01
-1.4505078591468906e-01
-1.3555784403618851e-01
-1.2696437005231939e-01
-1.1916106943530612e-01
-1.1203958276311683e-01
-1.0553397371066821e-01
-9.9577832848213907e-02
-9.4102577049879413e-02
-8.9061184174985930e-02
-8.4413604951507348e-02
-8.0115333094640195e-02
-7.6130774412625696e-02
-7.2435783765412307e-02
-6.9000952968836571e-02
-6.5798066498888599e-02
-6.2812818981643675e-02
-6.0025538725706019e-02
-5.7413087180508068e-02
-5.4967352562582387e-02
-5.2674629916856126e-02
-5.0516840327612486e-02
-4.8488448350906724e-02
-4.6579843291190269e-02
-4.4777776186235296e-02
-4.3077231250107324e-02
-4.1471640383233539e-02
-3.9950940489153104e-02
-3.8510972466005197e-02
-3.7147525669447269e-02
-3.5853218399475688e-02
-3.4623825287824692e-02
-3.3456649539027335e-02
-3.2346086778000667e-02
-3.1288283490218630e-02
-3.0281584405998201e-02
-2.9321683862827658e-02
-2.8405090633338879e-02
-2.7530861967545107e-02
-2.6695646762511748e-02
-2.5896308470609426e-02
-2.5132385535619427e-02
-2.4401231575126865e-02
-2.3700055708285858e-02
-2.3028713794267061e-02
-2.2385080861904959e-02
-2.1766700471888868e-02
-2.1173629756970760e-02
-2.0604129645634631e-02
-2.0056064995076159e-02
-1.9529611473471951e-02
-1.9023314966025971e-02
-1.8535346822939024e-02
-1.8065942600106272e-02
-1.7613857584591996e-02
-1.7177553804877267e-02
-1.6757285167494151e-02
-1.6351959525220932e-02
-1.5960313110448588e-02
-1.5582589178323798e-02
-1.5604801237916558e-02
-1.5947854238860859e-02
-1.6303091167594003e-02
-1.6670660654458543e-02
-1.7050802187582776e-02
-1.7444893675580431e-02
-1.7853090102152008e-02
-1.8275895263395098e-02
-1.8714757040020260e-02
-1.9169835120735321e-02
-1.9641971411495842e-02
-2.0132693708025555e-02
-2.0642168169816115e-02
-2.1171663126008766e-02
-2.1722802408945988e-02
-2.2295765106473495e-02
-2.2892354208854233e-02
-2.3514313658410849e-02
-2.4161848884145614e-02
-2.4837431464570053e-02
-2.5542961368511797e-02
-2.6278694317680543e-02
-2.7047938497257555e-02
-2.7852601670579548e-02
-2.8693633015958824e-02
-2.9574787715640687e-02
-3.0498170004574283e-02
-3.1465756362457541e-02
-3.2481755165843527e-02
-3.3548604936189386e-02
-3.4669609454583798e-02
-3.5849593646611014e-02
-3.7091484838772969e-02
-3.8400315665164025e-02
-3.9781767722571068e-02
-4.1239490402725024e-02
-4.2780796902944264e-02
-4.4412449582689029e-02
-4.6139572758829933e-02
-4.7972137079820204e-02
-4.9918218169892906e-02
-5.1986281601225814e-02
-5.4188750971658137e-02
-5.6536124770426917e-02
-5.9041558048973319e-02
-6.1721085184757454e-02
-6.4588887056487035e-02
-6.7664844561541440e-02
-7.0970354841988312e-02
-7.4525615790513727e-02
-7.8360133496221437e-02
-8.2502862802547275e-02
-8.6986256306190043e-02
-9.1851804580187879e-02
-9.7141747858795438e-02
-1.0290786867758961e-01
-1.0921125744920922e-01
-1.1611642602464682e-01
-1.2370689668379861e-01
-1.3207617504845878e-01
-1.4133098882017175e-01
-1.5160638723517653e-01
-1.6305475549011927e-01
-1.7586204825619325e-01
-1.9025626441853022e-01
-2.0650368722213286e-01
-2.2494317372012462e-01
-2.4598701278508853e-01
-2.7012825796641499e-01
-2.9801944136630915e-01
-3.3048317740778216e-01
-3.6857470148547161e-01
-4.1367646722863666e-01
-4.6759482210681530e-01
-5.3278875934943581e-01
-6.1260415524040512e-01
-7.1170322966196664e-01
-8.3677051723507534e-01
-9.9738785615820846e-01
-1.2080622827155092e+00
-1.4914928322614027e+00
-1.8836198229265875e+00
-2.4418690303059791e+00
-3.2628581634532470e+00
-4.4888614501454729e+00
-6.2357487122029971e+00
-8.0609820418730997e+00
-8.5381107530089455e+00
-8.0432724309718946e+00
-7.4129744183376625e+00
-5.8985423554723235e+00
-4.0080939356982785e+00
-2.6777862043404372e+00
-1.8599984584878126e+00
-1.3507879784552250e+00
-1.0196527416694341e+00
-7.9472270500105158e-01
-6.3583014924053949e-01
-5.1979952366321613e-01
-4.4114138668469766e-01
-5.2874017981890942e-01
-6.4441116714765889e-01
-8.0109927506523881e-01
-1.0195951327696113e+00
-1.3348586131716520e+00
-1.8061450620917576e+00
-2.5309527554471254e+00
-3.6260066839361680e+00
-4.9565220822386458e+00
-5.6043999550181498e+00
0.0000000000000000e+00
1.3464638167935297e-01
0.0000000000000000e+00
0.0000000000000000e+00
];
