%Vec Object:sol 1 MPI processes
%  type: mpi
sol = [
0.0000000000000000e+00
-2.6627580103918802e+01
-2.0221914891078754e+01
-1.2917347738624814e+01
-8.1316862058803565e+00
-5.4005079863353069e+00
-3.7966208613023875e+00
-2.7963457452491780e+00
-2.1390412432609893e+00
-1.6851238162690978e+00
-1.3604600690994588e+00
-1.1205607723223909e+00
-9.3861445475713656e-01
-7.9748583155110675e-01
-6.8580915164820988e-01
-5.9579613971127754e-01
-5.2239665215819553e-01
-4.6176304525342471e-01
-4.1105831400831205e-01
-3.6828587148654507e-01
-3.3187978186978240e-01
-3.0058951182761734e-01
-2.7353912110085149e-01
-2.5000271473971192e-01
-2.2937400389698454e-01
-2.1120077792861688e-01
-1.9512179105357996e-01
-1.8081795439203668e-01
-1.6802840865592361e-01
-1.5656323667738800e-01
-1.4624432579945762e-01
-1.3690648080790421e-01
-1.2844663275762033e-01
-1.2075864739278455e-01
-1.1373701799388361e-01
-1.0731776171893223e-01
-1.0143629377024335e-01
-9.6025688792199054e-02
-9.1040185459138237e-02
-8.6440831251721931e-02
-8.2184120943603112e-02
-7.8235279877190131e-02
-7.4570867364765203e-02
-7.1162104347513716e-02
-6.7981294512618098e-02
-6.5014622086924254e-02
-6.2242831161925159e-02
-5.9643084583473012e-02
-5.7207643638703592e-02
-5.4922936601612349e-02
-5.2770136166607404e-02
-5.0745177902742508e-02
-4.8838659704998524e-02
-4.7037404412661743e-02
-4.5336579570532852e-02
-4.3729934111930255e-02
-4.2207670935952332e-02
-4.0765315940477838e-02
-3.9398796928730266e-02
-3.8100746160600690e-02
-3.6867022793145715e-02
-3.5695057497353938e-02
-3.4579246617845727e-02
-3.3515776844464079e-02
-3.2503114947423146e-02
-3.1536948785729012e-02
-3.0613792795358551e-02
-2.9732823406467608e-02
-2.8890679299276242e-02
-2.8084203189743619e-02
-2.7313050862671138e-02
-2.6574563566515056e-02
-2.5865910532991764e-02
-2.5187063094152754e-02
-2.4535882219069279e-02
-2.3909858877806070e-02
-2.3309163119179823e-02
-2.2732039879495340e-02
-2.2176294401397182e-02
-2.1642211729565042e-02
-2.1128319187876457e-02
-2.0632726503244131e-02
-2.0155773910790542e-02
-1.9696194703735331e-02
-1.9252391669578373e-02
-1.8824717524345173e-02
-1.8412053732585278e-02
-1.8013083525414284e-02
-1.7628141937266334e-02
-1.7694994759094518e-02
-1.8126966558757434e-02
-1.8575018389483427e-02
-1.9039458288200573e-02
-1.9520698927583225e-02
-2.0020433155915483e-02
-2.0539001351633435e-02
-2.1077139567699736e-02
-2.1636658540228990e-02
-2.2217934344407872e-02
-2.2822119683556581e-02
-2.3451161983844806e-02
-2.4105481282055773e-02
-2.4786760567050200e-02
-2.5497111601161401e-02
-2.6237013938626885e-02
-2.7008821411643871e-02
-2.7814849701414728e-02
-2.8655663981135691e-02
-2.9534464807458558e-02
-3.0453828612516897e-02
-3.1414447834754666e-02
-3.2420592807057010e-02
-3.3474946785527530e-02
-3.4579101106175798e-02
-3.5737975739781144e-02
-3.6954603673798332e-02
-3.8231905515747018e-02
-3.9575494082507337e-02
-4.0988947916351194e-02
-4.2476924935528314e-02
-4.4045970780912248e-02
-4.5700438924498384e-02
-4.7447276753171980e-02
-4.9294312131602257e-02
-5.1247017057787343e-02
-5.3315390553110069e-02
-5.5508898553799382e-02
-5.7835135726143620e-02
-6.0307743872619689e-02
-6.2938225489487035e-02
-6.5738723428467802e-02
-6.8726448506034599e-02
-7.1916467839336001e-02
-7.5327362491303881e-02
-7.8981575313687283e-02
-8.2899550201171540e-02
-8.7109176194497845e-02
-9.1640654575831731e-02
-9.6523108448955869e-02
-1.0179787138247412e-01
-1.0750617777971250e-01
-1.1369431540289528e-01
-1.2042080196918611e-01
-1.2774597249577235e-01
-1.3574330717701041e-01
-1.4449937345167593e-01
-1.5410643281227554e-01
-1.6468276237188467e-01
-1.7636136668544500e-01
-1.8929445051871313e-01
-2.0367352348158513e-01
-2.1971564810867378e-01
-2.3768522799050998e-01
-2.5790602541948465e-01
-2.8075714584105654e-01
-3.0671948220129680e-01
-3.3636450470097118e-01
-3.7038309739376923e-01
-4.0972783534279750e-01
-4.5555017987777630e-01
-5.0934048160137990e-01
-5.7304840344278341e-01
-6.4921911442442648e-01
-7.4130990122856488e-01
-8.5401764025044558e-01
-9.9387438598254330e-01
-1.1701041021250809e+00
-1.3957745943568047e+00
-1.6914676195030383e+00
-2.0884255997871879e+00
-2.6348704650141364e+00
-3.4111262964539639e+00
-4.5470384626882394e+00
-6.2424554437616600e+00
-8.6792884496562763e+00
-1.1298083644503162e+01
-1.1946037736598338e+01
-1.1056858696691837e+01
-9.9823920622273530e+00
-7.6262969888057803e+00
-4.9909824618864507e+00
-3.2670679154716300e+00
-2.2453334148982025e+00
-1.6211437664452910e+00
-1.2196241459901029e+00
-9.4880206656068877e-01
-7.5834920821430229e-01
-6.1971052101509361e-01
-5.2597112678699764e-01
-6.3143156433796377e-01
-7.7091025496716981e-01
-9.6014239208282337e-01
-1.2249343379153608e+00
-1.6088450874274973e+00
-2.1871808734418172e+00
-3.0905517879004143e+00
-4.5025094881617571e+00
-6.3532187331807535e+00
-7.3600025182893418e+00
0.0000000000000000e+00
1.3464638167935297e-01
0.0000000000000000e+00
0.0000000000000000e+00
];
