%Vec Object:sol 1 MPI processes
%  type: mpi
sol = [
0.0000000000000000e+00
-2.1512126374459907e+01
-1.5930758679219954e+01
-1.0079331121700147e+01
-6.3661345791522477e+00
-4.2530957127094187e+00
-3.0042822459846135e+00
-2.2216414392912589e+00
-1.7038274661313744e+00
-1.3458902801740613e+00
-1.0888090231983705e+00
-8.9796036114191258e-01
-7.5289448358426703e-01
-6.4016972397149130e-01
-5.5083360611456333e-01
-4.7886693397565783e-01
-4.2010186220901669e-01
-3.7149589241533665e-01
-3.3080340727296154e-01
-2.9644528371061435e-01
-2.6717676100510918e-01
-2.4198143959229695e-01
-2.2018985789056911e-01
-2.0122156227958529e-01
-1.8459020456719943e-01
-1.6993382746096430e-01
-1.5696320802627658e-01
-1.4542187287712577e-01
-1.3510007104773758e-01
-1.2584577516667877e-01
-1.1751567669370315e-01
-1.0997636526316422e-01
-1.0314546699149239e-01
-9.6937500756089465e-02
-9.1267081110572260e-02
-8.6082984994154135e-02
-8.1333198244493352e-02
-7.6963538109266511e-02
-7.2937196137013771e-02
-6.9222851067986674e-02
-6.5785282164279174e-02
-6.2596398878846909e-02
-5.9637402014535414e-02
-5.6885001660264542e-02
-5.4316747624306425e-02
-5.1921605746381258e-02
-4.9684003135448289e-02
-4.7585382243007360e-02
-4.5619605254661001e-02
-4.3775822399023452e-02
-4.2039460729069049e-02
-4.0406362083231624e-02
-3.8868925374303268e-02
-3.7416452240311954e-02
-3.6045086926310491e-02
-3.4749795204967480e-02
-3.3522626885634538e-02
-3.2359989176376898e-02
-3.1258609357690412e-02
-3.0212511887799581e-02
-2.9218358416950720e-02
-2.8274089278085498e-02
-2.7375162227340252e-02
-2.6518496016774341e-02
-2.5702865668814977e-02
-2.4924777805374575e-02
-2.4181412858639579e-02
-2.3472116185481555e-02
-2.2794166141995705e-02
-2.2145007966583218e-02
-2.1524371070036664e-02
-2.0930103749850614e-02
-2.0359916083281856e-02
-1.9813789250691407e-02
-1.9289992979921157e-02
-1.8786498956685941e-02
-1.8303446025086410e-02
-1.7839415211754066e-02
-1.7392633897269572e-02
-1.6963331320683828e-02
-1.6550317502557792e-02
-1.6152067381935545e-02
-1.5768852730900788e-02
-1.5399650748573138e-02
-1.5043174284538290e-02
-1.4699703599388842e-02
-1.4368336399798108e-02
-1.4048012709784497e-02
-1.3738997386947414e-02
-1.3782238960344894e-02
-1.4109594007209368e-02
-1.4449027003569013e-02
-1.4800743953206835e-02
-1.5165033123728838e-02
-1.5543201950250177e-02
-1.5935475403297001e-02
-1.6342392141393967e-02
-1.6765343233862286e-02
-1.7204573901588013e-02
-1.7660944861497579e-02
-1.8135943872649281e-02
-1.8629841323937406e-02
-1.9143906920031293e-02
-1.9679744712085809e-02
-2.0237660477084290e-02
-2.0819440191799547e-02
-2.1426832570144990e-02
-2.2060196674187186e-02
-2.2721968670027244e-02
-2.3414083092138216e-02
-2.4136981672176764e-02
-2.4893920168050209e-02
-2.5686893064354833e-02
-2.6517027476325679e-02
-2.7388059819590780e-02
-2.8302230348427104e-02
-2.9261681119082804e-02
-3.0270654871665584e-02
-3.1331783590601028e-02
-3.2448532513188993e-02
-3.3625828366995174e-02
-3.4866864057265252e-02
-3.6176844278770541e-02
-3.7561639291808425e-02
-3.9025257190517748e-02
-4.0575216514045921e-02
-4.2218590200825530e-02
-4.3960964651289035e-02
-4.5812605085803169e-02
-4.7782072784995112e-02
-4.9878390177940109e-02
-5.2114475481466291e-02
-5.4501531967396322e-02
-5.7053440488879115e-02
-5.9787018355505366e-02
-6.2716950440638547e-02
-6.5863605584481080e-02
-6.9250394317501851e-02
-7.2898961963978978e-02
-7.6840290294549266e-02
-8.1105159733188228e-02
-8.5728121073327154e-02
-9.0753010330731201e-02
-9.6224890019863035e-02
-1.0219876321551670e-01
-1.0873948901390802e-01
-1.1591605775059503e-01
-1.2381719317712157e-01
-1.3254261015793259e-01
-1.4220640730934653e-01
-1.5295244839179709e-01
-1.6494371772653460e-01
-1.7837897104805847e-01
-1.9350184625972711e-01
-2.1059767238386298e-01
-2.3002895691296149e-01
-2.5223737409441827e-01
-2.7776681185536795e-01
-3.0731832390074959e-01
-3.4176795798093368e-01
-3.8225160156336813e-01
-4.3025800160029193e-01
-4.8773448238821643e-01
-5.5732114736403193e-01
-6.4251350337001556e-01
-7.4840251971680949e-01
-8.8217106672753920e-01
-1.0542785463725650e+00
-1.2804801478015944e+00
-1.5848121828059352e+00
-2.0055866194084957e+00
-2.6065247819717401e+00
-3.4889204425686047e+00
-4.8096625357773952e+00
-6.6998382549391264e+00
-8.6971942989355462e+00
-9.2417788147882085e+00
-8.7056426776667983e+00
-8.0109210242464375e+00
-6.3284721154901504e+00
-4.2664191272287093e+00
-2.8382618069913081e+00
-1.9679011197109471e+00
-1.4280304230812475e+00
-1.0779792591320905e+00
-8.4040510832936777e-01
-6.7271094510416063e-01
-5.5034993590726078e-01
-4.6746420477628792e-01
-5.6105022444057995e-01
-6.8468938944770130e-01
-8.5234071779653620e-01
-1.0866355636071969e+00
-1.4253811566430614e+00
-1.9335147895232641e+00
-2.7200020454181293e+00
-3.9248651619876371e+00
-5.4333516872092620e+00
-6.2000207623098511e+00
0.0000000000000000e+00
2.4055929233035767e-01
0.0000000000000000e+00
0.0000000000000000e+00
];
