%Vec Object:sol 1 MPI processes
%  type: mpi
sol = [
0.0000000000000000e+00
-2.1221247281821775e+01
-1.5774552639871608e+01
-1.0014628899938412e+01
-6.3360287636487902e+00
-4.2369447942625316e+00
-2.9940229612592586e+00
-2.2150565314295965e+00
-1.6990375264709494e+00
-1.3422572413855949e+00
-1.0860687544945753e+00
-8.9586902028866433e-01
-7.5118539359682412e-01
-6.3875040025777774e-01
-5.4963927570804361e-01
-4.7785071922185701e-01
-4.1922888707306993e-01
-3.7073979955520692e-01
-3.3014397713597371e-01
-2.9586654762694636e-01
-2.6666715562870114e-01
-2.4155139886922150e-01
-2.1982527480484682e-01
-2.0090345659046288e-01
-1.8430567547282400e-01
-1.6967861887619309e-01
-1.5673371545293097e-01
-1.4521505960474493e-01
-1.3491336079491348e-01
-1.2567693110838030e-01
-1.1736277424157847e-01
-1.0983776234894975e-01
-1.0301970688105851e-01
-9.6823310503523691e-02
-9.1163363172946044e-02
-8.5988756431078062e-02
-8.1247587467186314e-02
-7.6885782787875320e-02
-7.2866613098490629e-02
-6.9158825365759319e-02
-6.5727268983256648e-02
-6.2543910462505889e-02
-5.9589993421597376e-02
-5.6842274114825980e-02
-5.4278344763050226e-02
-5.1887198657905476e-02
-4.9653294015621081e-02
-4.7558105400094919e-02
-4.5595513022114606e-02
-4.3754688885500999e-02
-4.2021083586346354e-02
-4.0390552143568195e-02
-3.8855508961269207e-02
-3.7405272381119160e-02
-3.6035997274968194e-02
-3.4742660425421228e-02
-3.3517323672666140e-02
-3.2356402778679912e-02
-3.1256633058541240e-02
-3.0212047763921366e-02
-2.9219315386138787e-02
-2.8276382301852032e-02
-2.7378712786344645e-02
-2.6523231012628878e-02
-2.5708716700328111e-02
-2.4931681368948893e-02
-2.4189309696710602e-02
-2.3480950817230676e-02
-2.2803886816148967e-02
-2.2155566200956787e-02
-2.1535721525483210e-02
-2.0942203961183820e-02
-2.0372726050521678e-02
-1.9827271673056101e-02
-1.9304112791411074e-02
-1.8801222905902547e-02
-1.8318743239267257e-02
-1.7855256563161427e-02
-1.7408991558042316e-02
-1.6980179600293827e-02
-1.6567632068736564e-02
-1.6169824808865221e-02
-1.5787031537233633e-02
-1.5418230494609319e-02
-1.5062135151507066e-02
-1.4719027548405364e-02
-1.4388006164141848e-02
-1.4068011454527065e-02
-1.3759309906548332e-02
-1.3803373738892066e-02
-1.4132009545153973e-02
-1.4472782034829176e-02
-1.4825899921559272e-02
-1.5191654337733179e-02
-1.5571357091832414e-02
-1.5965236315037466e-02
-1.6373834340569254e-02
-1.6798547403419687e-02
-1.7239624423602901e-02
-1.7697930884514056e-02
-1.8174960649374381e-02
-1.8670988454533292e-02
-1.9187290236854972e-02
-1.9725477277068994e-02
-2.0285860498935212e-02
-2.0870234057673270e-02
-2.1480355271604367e-02
-2.2116589355687555e-02
-2.2781383229909451e-02
-2.3476681741245443e-02
-2.4202934064544268e-02
-2.4963410118336464e-02
-2.5760116421308019e-02
-2.6594190545792099e-02
-2.7469386256256750e-02
-2.8387958347891980e-02
-2.9352063769059949e-02
-3.0365966430974941e-02
-3.1432316256665080e-02
-3.2554599460136009e-02
-3.3737768957520071e-02
-3.4985040156174901e-02
-3.6301647123833332e-02
-3.7693493023932358e-02
-3.9164614731069781e-02
-4.0722571785845485e-02
-4.2374478832163519e-02
-4.4125961100526336e-02
-4.5987339841261084e-02
-4.7967229501649236e-02
-5.0074709652263030e-02
-5.2322771954947361e-02
-5.4722690649276776e-02
-5.7288430386790351e-02
-6.0036905630859186e-02
-6.2983414646164110e-02
-6.6148979714308900e-02
-6.9556341798825930e-02
-7.3227321998194927e-02
-7.7193128204973260e-02
-8.1484782655630417e-02
-8.6137110568288489e-02
-9.1194409274201735e-02
-9.6699941465850939e-02
-1.0270929162004935e-01
-1.0928901342631452e-01
-1.1650853626145290e-01
-1.2445713265383512e-01
-1.3323514080698326e-01
-1.4295737627713070e-01
-1.5376859158744960e-01
-1.6583278801260429e-01
-1.7934995286929370e-01
-1.9456522519806935e-01
-2.1176569922859004e-01
-2.3131610084290732e-01
-2.5366080328760376e-01
-2.7934700804692281e-01
-3.0908000148839410e-01
-3.4374110243951189e-01
-3.8447297830730737e-01
-4.3277318945092097e-01
-4.9060049972689973e-01
-5.6062125798149132e-01
-6.4644519624867514e-01
-7.5298851330338634e-01
-8.8757652047410251e-01
-1.0607272508953036e+00
-1.2882825735950412e+00
-1.5946937416798104e+00
-2.0179582431471177e+00
-2.6223755112231868e+00
-3.5103076302003622e+00
-4.8392257047609855e+00
-6.7412303054235032e+00
-8.7529196922030117e+00
-9.3009497726109807e+00
-8.7590950172805062e+00
-8.0569061823218053e+00
-6.3598989017956518e+00
-4.2845379423129923e+00
-2.8491564191620697e+00
-1.9749946294015781e+00
-1.4330267298283148e+00
-1.0816665220031008e+00
-8.4326019506875738e-01
-6.7497729023383080e-01
-5.5219548369669191e-01
-4.6902922699306532e-01
-5.6294250708750360e-01
-6.8703147218244942e-01
-8.5528171965658573e-01
-1.0904255101180602e+00
-1.4304534696060369e+00
-1.9405536629831368e+00
-2.7303574976006533e+00
-3.9410756555904758e+00
-5.4591338257208486e+00
-6.2322716077353784e+00
0.0000000000000000e+00
2.4055929233035767e-01
0.0000000000000000e+00
0.0000000000000000e+00
];
