%Vec Object:sol 1 MPI processes
%  type: mpi
sol = [
0.0000000000000000e+00
-2.2275397814735513e+01
-1.7739088468575918e+01
-1.1914005072135305e+01
-7.7095160911392711e+00
-5.1909529599305557e+00
-3.6781446204856261e+00
-2.7214484224667168e+00
-2.0881689216103694e+00
-1.6497165141004790e+00
-1.3341318734834042e+00
-1.1004023793813393e+00
-9.2282322732874222e-01
-7.8489074361680611e-01
-6.7562004340087234e-01
-5.8762355114505083e-01
-5.1578606936015758e-01
-4.5637891330855351e-01
-4.0659079467841269e-01
-3.6454823054720253e-01
-3.2874551095413390e-01
-2.9795950755113371e-01
-2.7133343132074894e-01
-2.4815665228602382e-01
-2.2783509579868497e-01
-2.0992564926085330e-01
-1.9407425269977685e-01
-1.7996785684626018e-01
-1.6735043315803949e-01
-1.5603574269764947e-01
-1.4584890005082973e-01
-1.3662748964630464e-01
-1.2827045677956550e-01
-1.2067351846309292e-01
-1.1373280836192320e-01
-1.0738556322813785e-01
-1.0156830671177251e-01
-9.6215104685197839e-02
-9.1280985851551477e-02
-8.6727688012299090e-02
-8.2512328596022852e-02
-7.8600654924734364e-02
-7.4969678822122091e-02
-7.1591027062122628e-02
-6.8437348567313608e-02
-6.5495140889367739e-02
-6.2745423414230922e-02
-6.0165581144584410e-02
-5.7748106022655038e-02
-5.5479771858418438e-02
-5.3342797554858629e-02
-5.1332113159758386e-02
-4.9438451962494009e-02
-4.7648741859846473e-02
-4.5958289971808224e-02
-4.4360963273817840e-02
-4.2847034191142393e-02
-4.1412127294004848e-02
-4.0052264796487880e-02
-3.8760125683701602e-02
-3.7531636057836971e-02
-3.6364305872955589e-02
-3.5252563336786960e-02
-3.4192637603520287e-02
-3.3183064718183060e-02
-3.2219554486169026e-02
-3.1298645147189524e-02
-3.0419575486104754e-02
-2.9578999348472797e-02
-2.8773769151795147e-02
-2.8003597960160203e-02
-2.7265837421299045e-02
-2.6557656087061322e-02
-2.5879078577486645e-02
-2.5227972607593754e-02
-2.4601821255517665e-02
-2.4000844402887588e-02
-2.3423290713710781e-02
-2.2866952976946072e-02
-2.2332162835639682e-02
-2.1817448630829329e-02
-2.1320905321542346e-02
-2.0842916522793853e-02
-2.0382213930660923e-02
-1.9937185156060432e-02
-1.9508222982097874e-02
-1.9094204628975594e-02
-1.8693799366987483e-02
-1.8307378821878155e-02
-1.8389919485976472e-02
-1.8852286918052654e-02
-1.9332034579188150e-02
-1.9829521834238171e-02
-2.0345217154467309e-02
-2.0880918402988825e-02
-2.1437025367528884e-02
-2.2014349450325967e-02
-2.2614821848872764e-02
-2.3238887624082390e-02
-2.3887800837661927e-02
-2.4563647589885558e-02
-2.5266928442661103e-02
-2.5999462126795891e-02
-2.6763520878991785e-02
-2.7559679091214973e-02
-2.8390471365728167e-02
-2.9258400507156019e-02
-3.0164144728956947e-02
-3.1111144157680806e-02
-3.2102195552270910e-02
-3.3138128067185114e-02
-3.4223528393051490e-02
-3.5361330520563110e-02
-3.6553329430780934e-02
-3.7804826512276964e-02
-3.9119153455225660e-02
-4.0499533151131008e-02
-4.1952036084370058e-02
-4.3480605205254666e-02
-4.5090334246151061e-02
-4.6787532144316274e-02
-4.8577481064420974e-02
-5.0467939304315486e-02
-5.2467412870655955e-02
-5.4581936763269945e-02
-5.6822358979782543e-02
-5.9198992970811194e-02
-6.1720194860051744e-02
-6.4400763569888123e-02
-6.7253266285945967e-02
-7.0290984090991035e-02
-7.3532625276714531e-02
-7.6994667003942668e-02
-8.0697371253862685e-02
-8.4665170518352109e-02
-8.8920429451568472e-02
-9.3493514085160906e-02
-9.8417338395267812e-02
-1.0372374768020988e-01
-1.0945771985780245e-01
-1.1566423944723318e-01
-1.2239380792534914e-01
-1.2971014622978796e-01
-1.3767907413854141e-01
-1.4638065504452993e-01
-1.5590917528821835e-01
-1.6636524170918890e-01
-1.7787761444477646e-01
-1.9059114954518769e-01
-2.0467163481839015e-01
-2.2032745417926683e-01
-2.3779487799803073e-01
-2.5736155363122198e-01
-2.7937954000357063e-01
-3.0426107035966199e-01
-3.3252867240744566e-01
-3.6481831135649395e-01
-4.0191210510033104e-01
-4.4481600632464513e-01
-4.9478518854112424e-01
-5.5344368248856246e-01
-6.2278555158211046e-01
-7.0561735397884784e-01
-8.0570704457763875e-01
-9.2812620530676759e-01
-1.0799200161164184e+00
-1.2711548135464485e+00
-1.5164381355103242e+00
-1.8364738415775841e+00
-2.2653730614892877e+00
-2.8563639971788981e+00
-3.6919027607932682e+00
-4.9138620966148014e+00
-6.7328872359219236e+00
-9.3435232816617706e+00
-1.2155200553388477e+01
-1.2824259824782962e+01
-1.1808522081516408e+01
-1.0602288162326321e+01
-8.0275358428144905e+00
-5.2128327265592542e+00
-3.3982462955836192e+00
-2.3305283042781859e+00
-1.6803569306754516e+00
-1.2633907788300813e+00
-9.8231347136334179e-01
-7.8492889605438421e-01
-6.4138588571380717e-01
-5.4432488432930881e-01
-6.5356389586257624e-01
-7.9805614066045250e-01
-9.9426125456101144e-01
-1.2688602091386982e+00
-1.6670873059536659e+00
-2.2680090255457186e+00
-3.2088147522014445e+00
-4.6869518761062032e+00
-6.6498137542608360e+00
-7.7394626740507375e+00
0.0000000000000000e+00
1.3464638167935297e-01
0.0000000000000000e+00
0.0000000000000000e+00
];
