%Vec Object:sol 1 MPI processes
%  type: mpi
sol = [
0.0000000000000000e+00
-2.9013854008049179e+01
-1.9612736266879615e+01
-1.1503936757999259e+01
-7.0011389031413218e+00
-4.5910650932791901e+00
-3.2094450440164985e+00
-2.3576057091270912e+00
-1.8002416134259622e+00
-1.4169070905660905e+00
-1.1431512923479477e+00
-9.4096145183364821e-01
-7.8765901882423106e-01
-6.6863305962558151e-01
-5.7447059080444907e-01
-4.9873996969688172e-01
-4.3698804059585200e-01
-3.8597369770225953e-01
-3.4331063976796417e-01
-3.0732343946081464e-01
-2.7669511883752845e-01
-2.5037182710699668e-01
-2.2761851434727004e-01
-2.0782440995813639e-01
-1.9047830794040282e-01
-1.7519990814023612e-01
-1.6168546203136319e-01
-1.4966481343531360e-01
-1.3891407713393453e-01
-1.2928012676052525e-01
-1.2061256267306963e-01
-1.1277159770655554e-01
-1.0567069499839851e-01
-9.9220266217178332e-02
-9.3331022352602946e-02
-8.7949207070359622e-02
-8.3020352524876592e-02
-7.8487873324894972e-02
-7.4313231771190300e-02
-7.0463623049294322e-02
-6.6902300514164209e-02
-6.3599937608541518e-02
-6.0536816159080457e-02
-5.7688651525039762e-02
-5.5032080323379813e-02
-5.2555486836567328e-02
-5.0242634003419412e-02
-4.8074275925943655e-02
-4.6043897997663744e-02
-4.4140189207861183e-02
-4.2348074538713532e-02
-4.0663122369315859e-02
-3.9077405981934689e-02
-3.7579873154684203e-02
-3.6166447806090025e-02
-3.4831866231862400e-02
-3.3567925026573339e-02
-3.2370854171506376e-02
-3.1237214771658122e-02
-3.0160847386108271e-02
-2.9138272096589937e-02
-2.8167305033950221e-02
-2.7243268467377738e-02
-2.6362969199678229e-02
-2.5525086155980588e-02
-2.4726024788864796e-02
-2.3962878131250875e-02
-2.3234914443785781e-02
-2.2539335493417707e-02
-2.1873519564399195e-02
-2.1237131891666452e-02
-2.0627962089013397e-02
-2.0043670117603350e-02
-1.9484181913583812e-02
-1.8947721831614067e-02
-1.8432225069870065e-02
-1.7937781596077101e-02
-1.7462937220975482e-02
-1.7005893605742169e-02
-1.6566835859362364e-02
-1.6144546788400747e-02
-1.5737483817523948e-02
-1.5345878363957928e-02
-1.4968686960654624e-02
-1.4604610855923281e-02
-1.4253893188431805e-02
-1.3915616583981587e-02
-1.3588713325082201e-02
-1.3273414131345241e-02
-1.3298684986177631e-02
-1.3597581545132978e-02
-1.3907230901379374e-02
-1.4227776743561195e-02
-1.4559441365958572e-02
-1.4903432768450039e-02
-1.5259902989212763e-02
-1.5629306115823371e-02
-1.6012915459946053e-02
-1.6410890568690266e-02
-1.6823982535384394e-02
-1.7253539563670428e-02
-1.7699730959589891e-02
-1.8163683172591073e-02
-1.8646834439116289e-02
-1.9149370383099190e-02
-1.9672889031939571e-02
-2.0218941074689512e-02
-2.0787741343330304e-02
-2.1381478830523205e-02
-2.2001849872051258e-02
-2.2649121022423918e-02
-2.3326222374676919e-02
-2.4034869006042917e-02
-2.4775942697254798e-02
-2.5552779544253577e-02
-2.6367280695104776e-02
-2.7221239791642520e-02
-2.8118409079782157e-02
-2.9061000427735611e-02
-3.0051988935067178e-02
-3.1095692029515228e-02
-3.2194773393886537e-02
-3.3353751503093144e-02
-3.4577727753121949e-02
-3.5870030522077857e-02
-3.7237219697456865e-02
-3.8685388921439051e-02
-4.0219205320485160e-02
-4.1847620579767014e-02
-4.3577940707670328e-02
-4.5417835624205274e-02
-4.7378493617813336e-02
-4.9469434188059713e-02
-5.1702552781974102e-02
-5.4092329752042069e-02
-5.6651646436812080e-02
-5.9398474502918359e-02
-6.2352186455711021e-02
-6.5531148491293434e-02
-6.8962053471971541e-02
-7.2671188693171060e-02
-7.6688035178932662e-02
-8.1050218416647807e-02
-8.5796154081488565e-02
-9.0972893330694110e-02
-9.6635955696029757e-02
-1.0284407390660971e-01
-1.0967026560856206e-01
-1.1720114328682667e-01
-1.2553458268781073e-01
-1.3479341850784379e-01
-1.4511643523529752e-01
-1.5667300907633053e-01
-1.6967086655829483e-01
-1.8435285826702810e-01
-2.0102799389882678e-01
-2.2007250963603328e-01
-2.4194950151853598e-01
-2.6725641793273763e-01
-2.9673936587458694e-01
-3.3136609096994279e-01
-3.7240526244666888e-01
-4.2151600225520686e-01
-4.8095813456392611e-01
-5.5380900455496285e-01
-6.4432993436951336e-01
-7.5856485938212093e-01
-9.0552621619477558e-01
-1.0986693564240773e+00
-1.3588161302388637e+00
-1.7186544239387260e+00
-2.2319347230753763e+00
-2.9863664954035962e+00
-4.1120352824611572e+00
-5.7069981534627878e+00
-7.3543918689999517e+00
-7.8009335557296717e+00
-7.4028482260696773e+00
-6.8771871843295207e+00
-5.5444495612611879e+00
-3.8134007688318641e+00
-2.5658607843552543e+00
-1.7899604894548815e+00
-1.3035129718843990e+00
-9.8609892216339823e-01
-7.6987462682113117e-01
-6.1680764231480056e-01
-5.0491151507645782e-01
-4.2901432060208017e-01
-5.1465229855285255e-01
-6.2776980622936385e-01
-7.8094849855418802e-01
-9.9467710758217243e-01
-1.3030271281579564e+00
-1.7635685927863607e+00
-2.4708454881777704e+00
-3.5357202497130884e+00
-4.8196074527610184e+00
-5.4391769940342884e+00
0.0000000000000000e+00
2.4055929233035767e-01
0.0000000000000000e+00
0.0000000000000000e+00
];
