%Vec Object:sol 1 MPI processes
%  type: mpi
sol = [
0.0000000000000000e+00
-3.5992754658602969e+01
-2.4702724699617907e+01
-1.4452929657432493e+01
-8.7247438662684793e+00
-5.6804180280070735e+00
-3.9489728739572092e+00
-2.8905667078398416e+00
-2.1996994594642802e+00
-1.7276822475910423e+00
-1.3916960482854701e+00
-1.1438196917305501e+00
-9.5620418050816780e-01
-8.1103262353336825e-01
-6.9638374407882930e-01
-6.0429543604489644e-01
-5.2928433885842330e-01
-4.6737240253625278e-01
-4.1563775956016469e-01
-3.7202676382848821e-01
-3.3489962834944803e-01
-3.0300061076406376e-01
-2.7544430141238263e-01
-2.5148426067645852e-01
-2.3049787938484895e-01
-2.1202099063604782e-01
-1.9568300914421338e-01
-1.8115701633800074e-01
-1.6817595171477423e-01
-1.5654526810775421e-01
-1.4608278096676702e-01
-1.3661979334605920e-01
-1.2805077337782467e-01
-1.2026730447226235e-01
-1.1316185798561020e-01
-1.0666898563698705e-01
-1.0072276613707822e-01
-9.5255081390057256e-02
-9.0219232532464777e-02
-8.5575450620157839e-02
-8.1279498150155199e-02
-7.7295991928790969e-02
-7.3600962056630137e-02
-7.0165161754927236e-02
-6.6960504119862374e-02
-6.3972806763202966e-02
-6.1182501062028626e-02
-5.8566512507771243e-02
-5.6116828460838188e-02
-5.3819813195870689e-02
-5.1657408548653139e-02
-4.9624160870619001e-02
-4.7710508673733117e-02
-4.5903206476383310e-02
-4.4197283631210602e-02
-4.2586378851397273e-02
-4.1060655482553762e-02
-3.9615544182645943e-02
-3.8246879350341392e-02
-3.6947270929219900e-02
-3.5712517567753753e-02
-3.4539966232198349e-02
-3.3424001274619988e-02
-3.2360776431013039e-02
-3.1348680558603750e-02
-3.0383395814654067e-02
-2.9461425012049135e-02
-2.8581870420447106e-02
-2.7741368879947725e-02
-2.6936767739696325e-02
-2.6167651340929781e-02
-2.5431361685897304e-02
-2.4725084478287623e-02
-2.4048721982939614e-02
-2.3400137963005607e-02
-2.2776847840772874e-02
-2.2178955078968807e-02
-2.1604709350412643e-02
-2.1051944978272973e-02
-2.0520883231604208e-02
-2.0010058283437843e-02
-1.9517610644690066e-02
-1.9043820056061835e-02
-1.8587429104879587e-02
-1.8146870530244743e-02
-1.7722440347750300e-02
-1.7313032175274582e-02
-1.6917356154260765e-02
-1.6535694945919648e-02
-1.6578161508371381e-02
-1.6962095688001354e-02
-1.7360025460272016e-02
-1.7772175113403444e-02
-1.8198866311559744e-02
-1.8641623634580138e-02
-1.9100690322028661e-02
-1.9576680018491655e-02
-2.0071210068730388e-02
-2.0584543504165134e-02
-2.1117668873635313e-02
-2.1672310531122497e-02
-2.2248756286199645e-02
-2.2848469792621621e-02
-2.3473304146320772e-02
-2.4123582884879771e-02
-2.4801368220401153e-02
-2.5508673604264131e-02
-2.6245877965317084e-02
-2.7015795799245380e-02
-2.7820646996758749e-02
-2.8660898514206251e-02
-2.9540311197521311e-02
-3.0461161208537511e-02
-3.1424719419679836e-02
-3.2435204628004088e-02
-3.3494956619735707e-02
-3.4606552262451566e-02
-3.5774949249636201e-02
-3.7003126865331415e-02
-3.8295029715617095e-02
-3.9656294115698279e-02
-4.1090525406073518e-02
-4.2603661404564931e-02
-4.4202398266330885e-02
-4.5891253616604191e-02
-4.7678810030999060e-02
-4.9573111233384926e-02
-5.1580459063318276e-02
-5.3712560734039176e-02
-5.5979120784239000e-02
-5.8390354855178295e-02
-6.0960956587289436e-02
-6.3703600552197787e-02
-6.6634022855979705e-02
-6.9771303791227243e-02
-7.3132612931969362e-02
-7.6741641544868039e-02
-8.0623980843100934e-02
-8.4804094139995512e-02
-8.9317120672415054e-02
-9.4197879951800664e-02
-9.9485437098989854e-02
-1.0522941120926582e-01
-1.1148070165449317e-01
-1.1830146957935410e-01
-1.2576499542004829e-01
-1.3394909632994018e-01
-1.4295394112803078e-01
-1.5289198081604877e-01
-1.6389178103232319e-01
-1.7611549312761920e-01
-1.8974659906202906e-01
-2.0500878823967114e-01
-2.2217614808734629e-01
-2.4156934122021870e-01
-2.6359570017222334e-01
-2.8875110661391568e-01
-3.1764573381873512e-01
-3.5106573971575478e-01
-3.8999262212195834e-01
-4.3569817658968696e-01
-4.8979327708006026e-01
-5.5444863302198277e-01
-6.3263912557268276e-01
-7.2837258683876549e-01
-8.4722909123389800e-01
-9.9720133135233291e-01
-1.1899176305297832e+00
-1.4424837032420048e+00
-1.7816738684524391e+00
-2.2505435342769444e+00
-2.9177028610703029e+00
-3.8980722871920084e+00
-5.3632477731022874e+00
-7.4649579598866689e+00
-9.7071779041582005e+00
-1.0289195091062714e+01
-9.6119487799299677e+00
-8.7662460981969925e+00
-6.8235810176047318e+00
-4.5396948332111000e+00
-2.9981018291788186e+00
-2.0700758462181019e+00
-1.4985018953483238e+00
-1.1290309860379839e+00
-8.7907300396235388e-01
-7.0300212894747349e-01
-5.7461303075997905e-01
-4.8770883031904744e-01
-5.8514709220716021e-01
-7.1394042053110807e-01
-8.8864293474700717e-01
-1.1327090885650206e+00
-1.4859334621932154e+00
-2.0165707748397264e+00
-2.8404622506268806e+00
-4.1109887612346121e+00
-5.7266634828783269e+00
-6.5654725748027705e+00
0.0000000000000000e+00
1.3464638167935297e-01
0.0000000000000000e+00
0.0000000000000000e+00
];
