%Vec Object:sol 1 MPI processes
%  type: mpi
sol = [
0.0000000000000000e+00
-1.6398828960100968e+01
-1.2978746776337198e+01
-8.7714609616791943e+00
-5.7458254369548696e+00
-3.9108778644102591e+00
-2.7933806988344752e+00
-2.0799232342708298e+00
-1.6032399636359240e+00
-1.2710446896287679e+00
-1.0308986633600139e+00
-8.5223528628574352e-01
-7.1600805113112853e-01
-6.0988834719377671e-01
-5.2561547615644766e-01
-4.5761138293596576e-01
-4.0200053171017164e-01
-3.5594458694421816e-01
-3.1734304178106076e-01
-2.8469887092112350e-01
-2.5685585708821773e-01
-2.3289043626126638e-01
-2.1214624575266489e-01
-1.9407632384609808e-01
-1.7822153271816843e-01
-1.6424020121053082e-01
-1.5185917912668387e-01
-1.4083575642914328e-01
-1.3097128898416471e-01
-1.2212204214514635e-01
-1.1415217875950423e-01
-1.0693493642737170e-01
-1.0039244999513841e-01
-9.4443584616558884e-02
-8.9007018176982491e-02
-8.4034276989688614e-02
-7.9475961255414090e-02
-7.5280398244196967e-02
-7.1412636410439809e-02
-6.7842954003329556e-02
-6.4537731675311932e-02
-6.1470189473754031e-02
-5.8622533693263264e-02
-5.5972524244476324e-02
-5.3498666434185008e-02
-5.1190573932035348e-02
-4.9033379490026105e-02
-4.7009236455817116e-02
-4.5112435628359551e-02
-4.3332619388255444e-02
-4.1655730598289968e-02
-4.0077922473538918e-02
-3.8591943249012772e-02
-3.7187459295959818e-02
-3.5860860654843701e-02
-3.4607361916041274e-02
-3.3419274884727977e-02
-3.2293201101733317e-02
-3.1226049916872268e-02
-3.0212036872005864e-02
-2.9247976680606035e-02
-2.8331946977951734e-02
-2.7459546929471980e-02
-2.6627814985111905e-02
-2.5835633063743910e-02
-2.5079613858394093e-02
-2.4357030470483751e-02
-2.3667314232381102e-02
-2.3007824149005048e-02
-2.2376076072568824e-02
-2.1771870851237701e-02
-2.1193118824095827e-02
-2.0637582823590558e-02
-2.0105305164574889e-02
-1.9594603720136650e-02
-1.9103488677842697e-02
-1.8632152482025408e-02
-1.8179213660301494e-02
-1.7742926960022568e-02
-1.7323569483282709e-02
-1.6919980350978379e-02
-1.6530653458169287e-02
-1.6155903824162106e-02
-1.5794730881434460e-02
-1.5445860406374027e-02
-1.5109611967537373e-02
-1.4785099675480470e-02
-1.4471272545781854e-02
-1.4168431170536745e-02
-1.4228587098648417e-02
-1.4582511632682321e-02
-1.4949716546539002e-02
-1.5330462306172278e-02
-1.5725094867519402e-02
-1.6135011885017779e-02
-1.6560501779895563e-02
-1.7002177612373152e-02
-1.7461536671136885e-02
-1.7938898355974515e-02
-1.8435220303477003e-02
-1.8952115430831456e-02
-1.9489941227878105e-02
-2.0050094519926041e-02
-2.0634327218091122e-02
-2.1243048150789673e-02
-2.1878210476871617e-02
-2.2541738507220199e-02
-2.3234114467693641e-02
-2.3957994665859780e-02
-2.4715523714628873e-02
-2.5507292368797837e-02
-2.6336846507624894e-02
-2.7206425123158517e-02
-2.8117366139241408e-02
-2.9073760876688996e-02
-3.0078144676454695e-02
-3.1132961423155168e-02
-3.2242886290416252e-02
-3.3410915124668761e-02
-3.4640939782418549e-02
-3.5938421327289222e-02
-3.7307009108503930e-02
-3.8752506538366219e-02
-4.0281454807209967e-02
-4.1898446127037123e-02
-4.3611836045746220e-02
-4.5429547674409231e-02
-4.7357956655535806e-02
-4.9408473227419002e-02
-5.1590742361581378e-02
-5.3914951543835021e-02
-5.6395519646006892e-02
-5.9045098127670816e-02
-6.1879279780514718e-02
-6.4916963887255333e-02
-6.8174882426517897e-02
-7.1675428652881484e-02
-7.5444869567873052e-02
-7.9507899628511541e-02
-8.3899214605448816e-02
-8.8653468320915418e-02
-9.3809577467649397e-02
-9.9416737439359373e-02
-1.0552572490201897e-01
-1.1219838513285316e-01
-1.1950761075900894e-01
-1.2753116270955137e-01
-1.3636872720441678e-01
-1.4613249481056817e-01
-1.5695094019335534e-01
-1.6898575854680459e-01
-1.8242038881195946e-01
-1.9747839589494304e-01
-2.1443370688644015e-01
-2.3360737199559986e-01
-2.5540685942622726e-01
-2.8032870256935249e-01
-3.0898435101697136e-01
-3.4216137235486149e-01
-3.8084398371437195e-01
-4.2630771130826028e-01
-4.8022357568943974e-01
-5.4477674752932392e-01
-6.2289455735560262e-01
-7.1852631446161719e-01
-8.3736111771124566e-01
-9.8743215551833219e-01
-1.1804291039950965e+00
-1.4339482757539757e+00
-1.7745143265832666e+00
-2.2451645050889901e+00
-2.9164185454060787e+00
-3.9014932871421051e+00
-5.3755086382176289e+00
-7.4924382375237695e+00
-9.7529917617874045e+00
-1.0357173016136953e+01
-9.6973711055381937e+00
-8.8603323762715611e+00
-6.9027798835430172e+00
-4.5936988258296330e+00
-3.0344827153670009e+00
-2.0961062419136893e+00
-1.5179651679293074e+00
-1.1444190987997127e+00
-8.9152999083190232e-01
-7.1336857210936322e-01
-5.8350549103480542e-01
-4.9556194937571502e-01
-5.9499409850298257e-01
-7.2647351354693823e-01
-9.0490965574890969e-01
-1.1544366529269803e+00
-1.5156610188391246e+00
-2.0591249609712916e+00
-2.9045368218143004e+00
-4.2134472520825463e+00
-5.8934260226614850e+00
-6.7781420719430008e+00
0.0000000000000000e+00
2.4055929233035767e-01
0.0000000000000000e+00
0.0000000000000000e+00
];
