%Vec Object:sol 1 MPI processes
%  type: mpi
sol = [
0.0000000000000000e+00
-2.0689021753911749e+01
-1.5485872418704849e+01
-9.8925651178104630e+00
-6.2799130406724437e+00
-4.2064998346230613e+00
-2.9749038007109130e+00
-2.2026414685315761e+00
-1.6901149950179899e+00
-1.3354911202925688e+00
-1.0807731414792165e+00
-8.9184013538556584e-01
-7.4800661854764716e-01
-6.3611133840646850e-01
-5.4741920406195943e-01
-4.7596228329749934e-01
-4.1760710872738849e-01
-3.6933557849151089e-01
-3.2891965054756589e-01
-2.9479237599396291e-01
-2.6571952519493441e-01
-2.4071151174487293e-01
-2.1907769705089961e-01
-2.0024334047311551e-01
-1.8372665073903721e-01
-1.6916905385586056e-01
-1.5628398086477982e-01
-1.4481718984226002e-01
-1.3456071374716852e-01
-1.2536388847727017e-01
-1.1708119807807668e-01
-1.0958272417896860e-01
-1.0278849892718206e-01
-9.6613566856972866e-02
-9.0973043629428013e-02
-8.5816034398571023e-02
-8.1090843525104456e-02
-7.6743600357996447e-02
-7.2737722944156896e-02
-6.9042085292512601e-02
-6.5621666991702521e-02
-6.2448540575815996e-02
-5.9504029498440240e-02
-5.6764975729817237e-02
-5.4209050136021258e-02
-5.1825297305795263e-02
-4.9598233236235863e-02
-4.7509391893572152e-02
-4.5552687274463551e-02
-4.3717331838592943e-02
-4.1988819658126834e-02
-4.0363030475512061e-02
-3.8832407488977067e-02
-3.7386299867716195e-02
-3.6020882361323822e-02
-3.4731152249345545e-02
-3.3509193563875349e-02
-3.2351438020812980e-02
-3.1254635924499424e-02
-3.0212836739523335e-02
-2.9222721677501742e-02
-2.8282248418995876e-02
-2.7386893254271082e-02
-2.6533590402927774e-02
-2.5721128394893048e-02
-2.4946027772775020e-02
-2.4205481055373772e-02
-2.3498844480429899e-02
-2.2823407002154343e-02
-2.2176623139460505e-02
-2.1558231373703766e-02
-2.0966088166703523e-02
-2.0397910571604231e-02
-1.9853687569257608e-02
-1.9331695233125928e-02
-1.8829910363510376e-02
-1.8348478685383869e-02
-1.7885986176645878e-02
-1.7440663863491638e-02
-1.7012747171360355e-02
-1.6601049969924012e-02
-1.6204049724549044e-02
-1.5822023836646024e-02
-1.5453952451070389e-02
-1.5098550135129259e-02
-1.4756102301690738e-02
-1.4425708833167490e-02
-1.4106310939814971e-02
-1.3798178194236224e-02
-1.3843784108649936e-02
-1.4174837520731849e-02
-1.4518138054420166e-02
-1.4873899484211490e-02
-1.5242418297210816e-02
-1.5625014546945343e-02
-1.6021922264399961e-02
-1.6433690663715597e-02
-1.6861725705695059e-02
-1.7306283211740318e-02
-1.7768237602659713e-02
-1.8249094220544725e-02
-1.8749135908656202e-02
-1.9269650300564756e-02
-1.9812262257312779e-02
-2.0377292295770622e-02
-2.0966549929640827e-02
-2.1581808624053712e-02
-2.2223445058064790e-02
-2.2893926352852780e-02
-2.3595216690238403e-02
-2.4327779109250800e-02
-2.5094910131695063e-02
-2.5898638810421922e-02
-2.6740122238405790e-02
-2.7623146746091735e-02
-2.8549994335205223e-02
-2.9522849799960064e-02
-3.0546016756869448e-02
-3.1622178672375163e-02
-3.2754861021312628e-02
-3.3949065795989865e-02
-3.5208050459560714e-02
-3.6537104083191760e-02
-3.7942191446086286e-02
-3.9427403191553155e-02
-4.1000375654506982e-02
-4.2668301524300796e-02
-4.4436878554898251e-02
-4.6316532964504456e-02
-4.8315978600831234e-02
-5.0444401858889459e-02
-5.2714931852103977e-02
-5.5138975472722306e-02
-5.7730654065391539e-02
-6.0507066599940214e-02
-6.3483693134815472e-02
-6.6681786480373498e-02
-7.0124341451183639e-02
-7.3833437781412339e-02
-7.7840623335824935e-02
-8.2177274745379239e-02
-8.6878617244234846e-02
-9.1989312569379839e-02
-9.7555311811856574e-02
-1.0363268199054197e-01
-1.1028753438305471e-01
-1.1759023855978383e-01
-1.2563123858613240e-01
-1.3451222034337154e-01
-1.4434956772282967e-01
-1.5528998042683576e-01
-1.6749969013521454e-01
-1.8117143038495195e-01
-1.9655958078651795e-01
-2.1395581538210995e-01
-2.3372899809892542e-01
-2.5632853512176329e-01
-2.8230780487635293e-01
-3.1237998261870764e-01
-3.4743620749922965e-01
-3.8863177450435377e-01
-4.3748065309891188e-01
-4.9596289565059881e-01
-5.6677350103295909e-01
-6.5358162675403086e-01
-7.6150167892961784e-01
-8.9768259091142122e-01
-1.0727774867686208e+00
-1.3028538216667227e+00
-1.6126798053381088e+00
-2.0410463324843016e+00
-2.6519243378873365e+00
-3.5501432037459160e+00
-4.8942202201818761e+00
-6.8180925489960797e+00
-8.8562247568954611e+00
-9.4104661493832005e+00
-8.8572163306561844e+00
-8.1417784569728244e+00
-6.4177813254093428e+00
-4.3177124882382243e+00
-2.8691840871982621e+00
-1.9880282750441416e+00
-1.4422046167288884e+00
-1.0884380476755118e+00
-8.4850275301514633e-01
-6.7913805967557550e-01
-5.5558319755751917e-01
-4.7190161265554764e-01
-5.6641505335321241e-01
-6.9132909346768356e-01
-8.6067742731436614e-01
-1.0973774269599579e+00
-1.4397562173479053e+00
-1.9534598761294684e+00
-2.7493406433111307e+00
-3.9707877905849847e+00
-5.5064113210613073e+00
-6.2914577405992951e+00
0.0000000000000000e+00
2.4055929233035767e-01
0.0000000000000000e+00
0.0000000000000000e+00
];
