%Vec Object:sol 1 MPI processes
%  type: mpi
sol = [
0.0000000000000000e+00
-3.0322956720630188e+01
-2.2126657528335873e+01
-1.3612630982570861e+01
-8.4063274653691451e+00
-5.5329027039921179e+00
-3.8706669237595088e+00
-2.8417914567347902e+00
-2.1691273866251959e+00
-1.7063811744567405e+00
-1.3759878266717676e+00
-1.1322540289911551e+00
-9.4763032314834972e-01
-8.0456604258581477e-01
-6.9140375376396201e-01
-6.0029860239633237e-01
-5.2605611634466476e-01
-4.6475536853131671e-01
-4.1351435210879189e-01
-3.7030604973381442e-01
-3.3354180761607455e-01
-3.0195385455234658e-01
-2.7465435041053876e-01
-2.5090793328883065e-01
-2.3010075557946580e-01
-2.1177502934305334e-01
-1.9556512706064011e-01
-1.8114827437564349e-01
-1.6826067790881957e-01
-1.5671021224804632e-01
-1.4631682003413765e-01
-1.3691362921695444e-01
-1.2839637858112707e-01
-1.2065782984741751e-01
-1.1359149591765276e-01
-1.0713267703699578e-01
-1.0121613410321956e-01
-9.5774355934230851e-02
-9.0761118485988196e-02
-8.6137064932992419e-02
-8.1858345012168710e-02
-7.7889695809671200e-02
-7.4205872135672882e-02
-7.0779395612826548e-02
-6.7582821370337928e-02
-6.4602113548375459e-02
-6.1817825874567266e-02
-5.9206970519319446e-02
-5.6761648921278107e-02
-5.4468311093314424e-02
-5.2308944475087694e-02
-5.0278185426218973e-02
-4.8366534940062642e-02
-4.6560772076544611e-02
-4.4855991292165429e-02
-4.3245881791455575e-02
-4.1720619163971989e-02
-4.0275678380534190e-02
-3.8906937807963643e-02
-3.7607012602837844e-02
-3.6371728611526412e-02
-3.5198473349287274e-02
-3.4081632441205663e-02
-3.3017373085383439e-02
-3.2004122873260286e-02
-3.1037563028511281e-02
-3.0114199125641759e-02
-2.9233171103452821e-02
-2.8391113663017338e-02
-2.7584868736222418e-02
-2.6814057576390330e-02
-2.6076019301633505e-02
-2.5367928258105316e-02
-2.4689722868623233e-02
-2.4039263402090245e-02
-2.3414049968963277e-02
-2.2814221243832755e-02
-2.2238022724802482e-02
-2.1683271213649380e-02
-2.1150221966361366e-02
-2.0637404115277810e-02
-2.0142939977832928e-02
-1.9667141724052043e-02
-1.9208745782153896e-02
-1.8766167368437180e-02
-1.8339733032919889e-02
-1.7928328834614742e-02
-1.7530649240809323e-02
-1.7147005215421354e-02
-1.7202979380410679e-02
-1.7613655298689315e-02
-1.8039492293641022e-02
-1.8480761786397563e-02
-1.8937836653826187e-02
-1.9412335582924378e-02
-1.9904556529733278e-02
-2.0415181936519384e-02
-2.0945937391555470e-02
-2.1497149661045954e-02
-2.2069899468097263e-02
-2.2666036126019883e-02
-2.3285922064306696e-02
-2.3931144012115595e-02
-2.4603700089113677e-02
-2.5304001956154745e-02
-2.6034275389092941e-02
-2.6796703437042005e-02
-2.7591770311936652e-02
-2.8422506987518276e-02
-2.9291333605602345e-02
-3.0198844674103113e-02
-3.1149086700017162e-02
-3.2144564850040490e-02
-3.3186725177855411e-02
-3.4280217643748674e-02
-3.5427862939635735e-02
-3.6632366667698292e-02
-3.7899017452610956e-02
-3.9231134310718487e-02
-4.0633065694815299e-02
-4.2110961717794375e-02
-4.3668852422200498e-02
-4.5313246905835936e-02
-4.7051481723587113e-02
-4.8888616955450673e-02
-5.0834036659050411e-02
-5.2896590637778414e-02
-5.5083315916198118e-02
-5.7407015052684730e-02
-5.9878413487296597e-02
-6.2508821984256169e-02
-6.5314361615321781e-02
-6.8309067342504373e-02
-7.1510291759942168e-02
-7.4939024962624737e-02
-7.8614300788818994e-02
-8.2562196587503148e-02
-8.6810926100695143e-02
-9.1387608903123460e-02
-9.6330908203566448e-02
-1.0167929958308787e-01
-1.0747596700052564e-01
-1.1377560094371873e-01
-1.2063448722195802e-01
-1.2812124762085172e-01
-1.3631674897361198e-01
-1.4530706838609866e-01
-1.5520272417866876e-01
-1.6612792754508154e-01
-1.7822478313961329e-01
-1.9167225565358870e-01
-2.0667308462816100e-01
-2.2347432064149411e-01
-2.4237857165744053e-01
-2.6373934461016602e-01
-2.8797556988306094e-01
-3.1565633713520552e-01
-3.4745299539523772e-01
-3.8422926887323217e-01
-4.2706316546476136e-01
-4.7735059480711484e-01
-5.3691851436559945e-01
-6.0815295487085019e-01
-6.9429694667590758e-01
-7.9975882425202116e-01
-9.3067334876818697e-01
-1.0955682559949016e+00
-1.3070682348056408e+00
-1.5843921492112920e+00
-1.9569968335406260e+00
-2.4703312416640864e+00
-3.2006982053296462e+00
-4.2708324710079779e+00
-5.8700854623826668e+00
-8.1686076308129163e+00
-1.0633297175751036e+01
-1.1257667230794672e+01
-1.0461502413977815e+01
-9.4842812465913759e+00
-7.3010482847997071e+00
-4.8092451696052185e+00
-3.1591811947171058e+00
-2.1751206795078439e+00
-1.5718998475470700e+00
-1.1834194845868842e+00
-9.2091195097516898e-01
-7.3618874580534643e-01
-6.0169840612647996e-01
-5.1072113240470518e-01
-6.1300541838833389e-01
-7.4818052999210338e-01
-9.3162292998549467e-01
-1.1882761986066757e+00
-1.5599003959093380e+00
-2.1195098563950623e+00
-2.9913460513618007e+00
-4.3474047621568443e+00
-6.1043670878330225e+00
-7.0431468635300387e+00
0.0000000000000000e+00
1.3464638167935297e-01
0.0000000000000000e+00
0.0000000000000000e+00
];
