%Vec Object:sol 1 MPI processes
%  type: mpi
sol = [
0.0000000000000000e+00
-6.1036568248195969e+01
-3.2534830854534668e+01
-1.6428690558813852e+01
-9.3540300611178164e+00
-5.9315179493875467e+00
-4.0667006799602028e+00
-2.9509558302202437e+00
-2.2335774250866924e+00
-1.7472959928808554e+00
-1.4026623887292247e+00
-1.1499850143136914e+00
-9.5948627731171965e-01
-8.1233742078836546e-01
-6.9625889993893142e-01
-6.0319196558729693e-01
-5.2750301637990848e-01
-4.6511644881337938e-01
-4.1304616521300103e-01
-3.6920014824413266e-01
-3.3194110042413433e-01
-2.9996418402576103e-01
-2.7235903986339516e-01
-2.4836426149620874e-01
-2.2735162692963223e-01
-2.0886403397573078e-01
-1.9252746097348855e-01
-1.7801179298767694e-01
-1.6504759784866546e-01
-1.5343907205667978e-01
-1.4300264433909632e-01
-1.3356828672793244e-01
-1.2503004158936140e-01
-1.1727884350530697e-01
-1.1020648185723154e-01
-1.0374729333453726e-01
-9.7835065472071298e-02
-9.2401366722891620e-02
-8.7399351935973493e-02
-8.2789129090738017e-02
-7.8526325135786820e-02
-7.4575475774506600e-02
-7.0912549645435044e-02
-6.7508247296755725e-02
-6.4334463407498099e-02
-6.1376966477403851e-02
-5.8616168392081759e-02
-5.6029036912234140e-02
-5.3607499416062410e-02
-5.1337914428287799e-02
-4.9202304008653858e-02
-4.7195152186549287e-02
-4.5306895661109813e-02
-4.3524374806331034e-02
-4.1842577605101773e-02
-4.0255131536936661e-02
-3.8752282395738212e-02
-3.7329443036898356e-02
-3.5982424048199742e-02
-3.4703910162367776e-02
-3.3489705094813499e-02
-3.2337119094959697e-02
-3.1240602251770618e-02
-3.0196333435032616e-02
-2.9202653217012726e-02
-2.8255300692506469e-02
-2.7350820080900170e-02
-2.6488255843611221e-02
-2.5664293835352063e-02
-2.4875835366008688e-02
-2.4122399577832018e-02
-2.3401370937248596e-02
-2.2709997838545760e-02
-2.2048112140642818e-02
-2.1413615104869162e-02
-2.0804089832398270e-02
-2.0219566314199421e-02
-1.9658328407029600e-02
-1.9118279577718857e-02
-1.8599566546521475e-02
-1.8100755976174311e-02
-1.7620055724272266e-02
-1.7157671733416736e-02
-1.6712378928480372e-02
-1.6282672627514493e-02
-1.5868777441340895e-02
-1.5469620611709960e-02
-1.5083967409704748e-02
-1.4712032947520944e-02
-1.4717874909168810e-02
-1.5025797703758432e-02
-1.5344337931320635e-02
-1.5673577744357643e-02
-1.6013684212058944e-02
-1.6365907013966313e-02
-1.6730323265718595e-02
-1.7107339894270119e-02
-1.7498256335629733e-02
-1.7903140689226237e-02
-1.8322705510911908e-02
-1.8758306005270828e-02
-1.9210000024459516e-02
-1.9678883585285602e-02
-2.0166378623189218e-02
-2.0672534705972957e-02
-2.1198926260527506e-02
-2.1747059472961110e-02
-2.2316983941092480e-02
-2.2910869612048090e-02
-2.3530347532733132e-02
-2.4175467928184483e-02
-2.4849042020588786e-02
-2.5552734128715886e-02
-2.6287111791492995e-02
-2.7055533370795273e-02
-2.7859710925000346e-02
-2.8701213558527051e-02
-2.9583656083840240e-02
-3.0508984408304868e-02
-3.1479920333666353e-02
-3.2500555873787390e-02
-3.3573197412258664e-02
-3.4702055777245541e-02
-3.5891891217600336e-02
-3.7145553939872900e-02
-3.8469203722257955e-02
-3.9868432449218102e-02
-4.1347277485245235e-02
-4.2914127248716509e-02
-4.4575559553121931e-02
-4.6338426360214763e-02
-4.8213071135423613e-02
-5.0207980854653160e-02
-5.2333929332592552e-02
-5.4604143908975368e-02
-5.7030028708041532e-02
-5.9627942460511028e-02
-6.2415394704239908e-02
-6.5408602529341844e-02
-6.8631847713913841e-02
-7.2108613099294172e-02
-7.5865168981076758e-02
-7.9935420772248356e-02
-8.4353483699470794e-02
-8.9161405780964015e-02
-9.4408830778828876e-02
-1.0014771386830061e-01
-1.0644589423045368e-01
-1.1337896420393054e-01
-1.2103293887726693e-01
-1.2951716740548153e-01
-1.3895442187862719e-01
-1.4949466350590135e-01
-1.6132184488503251e-01
-1.7465006471064648e-01
-1.8975238468208946e-01
-2.0696048307367410e-01
-2.2668182789863325e-01
-2.4944257647243764e-01
-2.7589820092104217e-01
-3.0689859640171208e-01
-3.4355273785332452e-01
-3.8728099192278681e-01
-4.4008362481849417e-01
-5.0464550002254682e-01
-5.8470563512612861e-01
-6.8562235650741465e-01
-8.1518849911899594e-01
-9.8512765388433920e-01
-1.2132314729609601e+00
-1.5281857378317387e+00
-1.9765845348106408e+00
-2.6321950499315010e+00
-3.6036585892493260e+00
-4.9588087228369142e+00
-6.3073567720261368e+00
-6.6414244160481273e+00
-6.3188104137057719e+00
-5.9062535157920077e+00
-4.8520543974985433e+00
-3.4067356093425181e+00
-2.3207206170068946e+00
-1.6301772543004918e+00
-1.1923192084670382e+00
-9.0451896533356158e-01
-7.0763209707940278e-01
-5.6787827133168989e-01
-4.6542708615328759e-01
-3.9584900874691409e-01
-4.7491929670614780e-01
-5.7931719283987293e-01
-7.2067412490479654e-01
-9.1762818561514581e-01
-1.2010665692370774e+00
-1.6230647274828711e+00
-2.2658348872746150e+00
-3.2182731683323111e+00
-4.3281896649021467e+00
-4.8408642344477588e+00
0.0000000000000000e+00
1.3464638167935297e-01
0.0000000000000000e+00
0.0000000000000000e+00
];
