%Vec Object:sol 1 MPI processes
%  type: mpi
sol = [
0.0000000000000000e+00
-1.5435858686961105e+01
-1.2375120915386505e+01
-8.4796933031743720e+00
-5.6017277414329882e+00
-3.8312358604799126e+00
-2.7437012551294284e+00
-2.0467074148994411e+00
-1.5791080778513160e+00
-1.2529193304663737e+00
-1.0172215246996053e+00
-8.4157047710110044e-01
-7.0731543473486524e-01
-6.0268785955664150e-01
-5.1957117231262617e-01
-4.5248049716493649e-01
-3.9760282111879075e-01
-3.5214402308121145e-01
-3.1403536856406822e-01
-2.8182016774377505e-01
-2.5434809858540891e-01
-2.3069453578864924e-01
-2.1021442682649985e-01
-1.9236981569695827e-01
-1.7670878873667817e-01
-1.6289507827886093e-01
-1.5065980009017993e-01
-1.3976384168258749e-01
-1.3001145046019175e-01
-1.2126107437791886e-01
-1.1337880677737545e-01
-1.0623970930210436e-01
-9.9763884824527194e-02
-9.3873916602663934e-02
-8.8490572212786806e-02
-8.3565989150341677e-02
-7.9051348289610829e-02
-7.4895533183431159e-02
-7.1064007167542062e-02
-6.7527407079770785e-02
-6.4252470766645517e-02
-6.1212711798153824e-02
-5.8390564104561671e-02
-5.5764023195734327e-02
-5.3311808442516088e-02
-5.1023681754918483e-02
-4.8884935211320910e-02
-4.6877881203995268e-02
-4.4996909785411390e-02
-4.3231775017608547e-02
-4.1568535174694353e-02
-4.0003415969725613e-02
-3.8529245315727559e-02
-3.7135771428788232e-02
-3.5819441388779003e-02
-3.4575526954872551e-02
-3.3396398893523027e-02
-3.2278703670408804e-02
-3.1219392784405293e-02
-3.0212724905625203e-02
-2.9255549988258498e-02
-2.8345977688399186e-02
-2.7479639180311419e-02
-2.6653600358481553e-02
-2.5866768238769346e-02
-2.5115779591258190e-02
-2.4397928676406614e-02
-2.3712667121854200e-02
-2.3057372286899420e-02
-2.2429576079737598e-02
-2.1829096275720845e-02
-2.1253857366341854e-02
-2.0701634129626809e-02
-2.0172483393996698e-02
-1.9664734035689684e-02
-1.9176404925018230e-02
-1.8707701233239303e-02
-1.8257250069947849e-02
-1.7823312331063587e-02
-1.7406176468397549e-02
-1.7004688267132403e-02
-1.6617345869253040e-02
-1.6244474524647074e-02
-1.5885078757795001e-02
-1.5537887239856746e-02
-1.5203228809151753e-02
-1.4880221330720523e-02
-1.4567815843006879e-02
-1.4266321335451798e-02
-1.4330269404656005e-02
-1.4690178785420371e-02
-1.5063633496744628e-02
-1.5450905673434805e-02
-1.5852353641404957e-02
-1.6269394950072482e-02
-1.6702331566069508e-02
-1.7151792577507371e-02
-1.7619298590561966e-02
-1.8105184778634358e-02
-1.8610429732820306e-02
-1.9136673720937417e-02
-1.9684292678770664e-02
-2.0254710986246718e-02
-2.0849712717730270e-02
-2.1469728435919835e-02
-2.2116747592947281e-02
-2.2792732520038092e-02
-2.3498191314075115e-02
-2.4235828101571086e-02
-2.5007832771214957e-02
-2.5814827261032063e-02
-2.6660420456890384e-02
-2.7546903694121907e-02
-2.8475659347625002e-02
-2.9450855484352084e-02
-3.0475090287887412e-02
-3.1550871667052748e-02
-3.2682967836548039e-02
-3.3874451767695220e-02
-3.5129306093588983e-02
-3.6453106264543303e-02
-3.7849597936670705e-02
-3.9324712064040597e-02
-4.0885132740341439e-02
-4.2535574881179698e-02
-4.4284572282825299e-02
-4.6140228136147224e-02
-4.8109083503860471e-02
-5.0202791867901844e-02
-5.2431226287101992e-02
-5.4804818718300931e-02
-5.7338305217660528e-02
-6.0044640398519526e-02
-6.2939776344843545e-02
-6.6042969674684426e-02
-6.9371823720478829e-02
-7.2950289000962301e-02
-7.6804331197607781e-02
-8.0959055559694626e-02
-8.5449994138222726e-02
-9.0312676111996060e-02
-9.5587006744334901e-02
-1.0132339474066882e-01
-1.0757391548105413e-01
-1.1440197057061267e-01
-1.2188228287389319e-01
-1.3009461992141247e-01
-1.3914117591750652e-01
-1.4913700571341112e-01
-1.6021389647205067e-01
-1.7253765479036540e-01
-1.8629645887812904e-01
-2.0171963697961753e-01
-2.1908834191392801e-01
-2.3871390070863557e-01
-2.6102278961242042e-01
-2.8652622098863934e-01
-3.1584936332870395e-01
-3.4979727563418173e-01
-3.8937586995278384e-01
-4.3588849094956372e-01
-4.9104219144214689e-01
-5.5706868835156431e-01
-6.3700317192094214e-01
-7.3497548109068955e-01
-8.5673802144334632e-01
-1.0103570041098067e+00
-1.2076479744481194e+00
-1.4667020616296311e+00
-1.8152585870255262e+00
-2.2965411961078237e+00
-2.9820812871307099e+00
-3.9886949537167640e+00
-5.4945765926673706e+00
-7.6570119694016121e+00
-9.9704295408158590e+00
-1.0587799107661160e+01
-9.8987064610158324e+00
-9.0318558328692635e+00
-7.0168419224345557e+00
-4.6582556768100600e+00
-3.0729416735047272e+00
-2.1212017590132390e+00
-1.5354401328614928e+00
-1.1573738573872483e+00
-9.0146431637438662e-01
-7.2123804753284659e-01
-5.8990207710912135e-01
-5.0101492682673743e-01
-6.0157426352365195e-01
-7.3455107445770673e-01
-9.1503366375644113e-01
-1.1675341685837812e+00
-1.5330470144919666e+00
-2.0833103899956673e+00
-2.9398735890480912e+00
-4.2688328955555850e+00
-5.9817970006581662e+00
-6.8900032857989508e+00
0.0000000000000000e+00
2.4055929233035767e-01
0.0000000000000000e+00
0.0000000000000000e+00
];
