%Vec Object:sol 1 MPI processes
%  type: mpi
sol = [
0.0000000000000000e+00
-1.6029806737372077e+01
-1.2749182836613063e+01
-8.6612824914581772e+00
-5.6915828143442431e+00
-3.8809387157837949e+00
-2.7752157109388684e+00
-2.0674351344313320e+00
-1.5941651686442539e+00
-1.2643155775241293e+00
-1.0258782460308269e+00
-8.4822206061085825e-01
-7.1273605030584453e-01
-6.0717724138890417e-01
-5.2333905676048376e-01
-4.5567843466659869e-01
-4.0034332096847342e-01
-3.5451198953999064e-01
-3.1609587323962468e-01
-2.8362445839260986e-01
-2.5593680810833003e-01
-2.3210000741035017e-01
-2.1146019751147038e-01
-1.9346551813269611e-01
-1.7767598528479472e-01
-1.6375155448065784e-01
-1.5142037101264014e-01
-1.4044083992058801e-01
-1.3061522066574741e-01
-1.2180045620507987e-01
-1.1386132202048545e-01
-1.0667160236200084e-01
-1.0015380498669711e-01
-9.4227155014655714e-02
-8.8810667217226399e-02
-8.3856097525592227e-02
-7.9314264596578171e-02
-7.5133705322014799e-02
-7.1279624192629371e-02
-6.7722434291788439e-02
-6.4428650883128769e-02
-6.1371604555877271e-02
-5.8533587122742953e-02
-5.5892447276286936e-02
-5.3426771068337077e-02
-5.1126227784948568e-02
-4.8976010203333337e-02
-4.6958331772956864e-02
-4.5067520460596380e-02
-4.3293260718025424e-02
-4.1621539077545282e-02
-4.0048535893035343e-02
-3.8567029407115504e-02
-3.7166716972909096e-02
-3.5844010022790501e-02
-3.4594144655720832e-02
-3.3409455004682856e-02
-3.2286559492273784e-02
-3.1222383305315123e-02
-3.0211158322939042e-02
-2.9249712529157649e-02
-2.8336135572172138e-02
-2.7466038745890504e-02
-2.6636470858560368e-02
-2.5846323228773414e-02
-2.5092217674936731e-02
-2.4371435304591498e-02
-2.3683415038924238e-02
-2.3025522841163496e-02
-2.2395280656295584e-02
-2.1792495652620966e-02
-2.1215083536343975e-02
-2.0660811688398392e-02
-2.0129727836254181e-02
-1.9620154027885583e-02
-1.9130103770736599e-02
-1.8659774251608030e-02
-1.8207787256928221e-02
-1.7772399897158047e-02
-1.7353893501790649e-02
-1.6951109725603392e-02
-1.6562544106355978e-02
-1.6188515473516397e-02
-1.5828025199724313e-02
-1.5479800189353325e-02
-1.5144163463865434e-02
-1.4820230569595723e-02
-1.4506951315379759e-02
-1.4204629422494841e-02
-1.4266208852495297e-02
-1.4622368940569435e-02
-1.4991908691784019e-02
-1.5375092967108222e-02
-1.5772272378436595e-02
-1.6184852019795991e-02
-1.6613125416210982e-02
-1.7057711652018397e-02
-1.7520116743677552e-02
-1.8000666036730291e-02
-1.8500325035172467e-02
-1.9020716902580923e-02
-1.9562206084606366e-02
-2.0126199744429037e-02
-2.0714461852241125e-02
-2.1327409435211948e-02
-2.1967009262403032e-02
-2.2635199910359269e-02
-2.3332473367109946e-02
-2.4061503868347909e-02
-2.4824453026432932e-02
-2.5621923365531853e-02
-2.6457484385418052e-02
-2.7333394750213052e-02
-2.8251009130699018e-02
-2.9214447636835107e-02
-3.0226269242255122e-02
-3.1288941920647240e-02
-3.2407175771079953e-02
-3.3583995657549062e-02
-3.4823327565444338e-02
-3.6130675522900245e-02
-3.7509725128272296e-02
-3.8966327726716952e-02
-4.0507078213744288e-02
-4.2136615001180468e-02
-4.3863360616647466e-02
-4.5695305885506000e-02
-4.7638888733487185e-02
-4.9705610815192834e-02
-5.1905202919529436e-02
-5.4247944648519550e-02
-5.6748373918922547e-02
-5.9419256403255835e-02
-6.2276320144853972e-02
-6.5338557472768954e-02
-6.8623313509440037e-02
-7.2154209265226657e-02
-7.5956848477047284e-02
-8.0055970095391005e-02
-8.4486621154281502e-02
-8.9283828176418861e-02
-9.4486931124166479e-02
-1.0014564345460972e-01
-1.0631130369146763e-01
-1.1304643130124205e-01
-1.2042246413605179e-01
-1.2851610499098370e-01
-1.3743100585247367e-01
-1.4728034839290607e-01
-1.5819374439662515e-01
-1.7033429960152249e-01
-1.8388706131234137e-01
-1.9907754013781287e-01
-2.1618203156612353e-01
-2.3552436147576242e-01
-2.5751548385671713e-01
-2.8265616103087016e-01
-3.1156301939537889e-01
-3.4503022808526129e-01
-3.8405019548240527e-01
-4.2990895426465109e-01
-4.8429113839799809e-01
-5.4939951248417263e-01
-6.2823045293459734e-01
-7.2484735957000357e-01
-8.4470867516310510e-01
-9.9605946529560618e-01
-1.1906771863330035e+00
-1.4462868791018773e+00
-1.7900920956700452e+00
-2.2645319680313971e+00
-2.9414735419524387e+00
-3.9344110657177636e+00
-5.4205058612393984e+00
-7.5550593607745400e+00
-9.8353964995405061e+00
-1.0444693310190123e+01
-9.7738985731693759e+00
-8.9256123093696775e+00
-6.9462580261392990e+00
-4.6183301367589058e+00
-3.0491636147688665e+00
-2.1056883625527800e+00
-1.5246390016493687e+00
-1.1493671137594261e+00
-8.9532484314457328e-01
-7.1637497498287450e-01
-5.8594941552278379e-01
-4.9764540047861078e-01
-5.9750842777728919e-01
-7.2956029354584651e-01
-9.0877887740443497e-01
-1.1594426645825153e+00
-1.5223071222144062e+00
-2.0683715058327650e+00
-2.9180650930088379e+00
-4.2346279461792911e+00
-5.9272132014880965e+00
-6.8208867925533507e+00
0.0000000000000000e+00
2.4055929233035767e-01
0.0000000000000000e+00
0.0000000000000000e+00
];
