%Vec Object:sol 1 MPI processes
%  type: mpi
sol = [
0.0000000000000000e+00
-2.0942518358868472e+01
-1.5623819587785096e+01
-9.9518539473029968e+00
-6.3067661870914851e+00
-4.2212349914120733e+00
-2.9840446335834954e+00
-2.2086496075328803e+00
-1.6943777585842532e+00
-1.3387233854275558e+00
-1.0833027083360396e+00
-8.9383535764180799e-01
-7.4952390220294474e-01
-6.3737097197494941e-01
-5.4847881322963365e-01
-4.7686356624783433e-01
-4.1838108301768939e-01
-3.7000568295652203e-01
-3.2950386473453164e-01
-2.9530489737970955e-01
-2.6617162714696807e-01
-2.4111216889321299e-01
-2.1943428348971897e-01
-2.0056191845992222e-01
-1.8401220100586310e-01
-1.6942573767822461e-01
-1.5651167214643552e-01
-1.4501504289230641e-01
-1.3473286511228144e-01
-1.2551378155025350e-01
-1.1721509970408922e-01
-1.0970396634858803e-01
-1.0289837355062717e-01
-9.6713202757956376e-02
-9.1063414311047239e-02
-8.5898011402793073e-02
-8.1165199542884967e-02
-7.6811011343877023e-02
-7.2798794534632935e-02
-6.9097362483435079e-02
-6.5671632682813508e-02
-6.2493627085714633e-02
-5.9544631016454727e-02
-5.6801445557459689e-02
-5.4241704074841496e-02
-5.1854426637261496e-02
-4.9624101673065212e-02
-4.7532234844730334e-02
-4.5572723979529432e-02
-4.3734762231091344e-02
-4.2003822968120892e-02
-4.0375774094922982e-02
-3.8843045065225769e-02
-3.7394970371067031e-02
-3.6027715251589001e-02
-3.4736267195662120e-02
-3.3512699671682307e-02
-3.2353436769411090e-02
-3.1255221626778552e-02
-3.0212095992016724e-02
-2.9220735002757504e-02
-2.8279090928986093e-02
-2.7382634343394878e-02
-2.6528294674176875e-02
-2.5714856228824891e-02
-2.4938835256689502e-02
-2.4197420542603758e-02
-2.3489964915057782e-02
-2.2813754060578322e-02
-2.2166239640198888e-02
-2.1547157287079583e-02
-2.0954360946631136e-02
-2.0385565532201163e-02
-1.9840757570805948e-02
-1.9318211181100015e-02
-1.8815901602226508e-02
-1.8333972391682218e-02
-1.7871008003429424e-02
-1.7425238357924585e-02
-1.6996896930186568e-02
-1.6584796406965471e-02
-1.6187413493590930e-02
-1.5805023815924260e-02
-1.5436606615864251e-02
-1.5080875949055729e-02
-1.4738115603192267e-02
-1.4407424796825033e-02
-1.4087744390197054e-02
-1.3779342469044081e-02
-1.3824207478451039e-02
-1.4154096059397415e-02
-1.4496178623691281e-02
-1.4850666516938948e-02
-1.5217853655406963e-02
-1.5599056120941993e-02
-1.5994505113473407e-02
-1.6404746541194028e-02
-1.6831181682331591e-02
-1.7274063047195760e-02
-1.7734260760305053e-02
-1.8213274639710817e-02
-1.8711383639837792e-02
-1.9229869769518456e-02
-1.9770351357156463e-02
-2.0333144318562785e-02
-2.0920050780135424e-02
-2.1532836442682488e-02
-2.2171872487485929e-02
-2.2839616317995259e-02
-2.3538022821796522e-02
-2.4267548389723653e-02
-2.5031476745723050e-02
-2.5831826115536791e-02
-2.6669744223746808e-02
-2.7549001739311244e-02
-2.8471867595709719e-02
-2.9440513214899055e-02
-3.0459223124852431e-02
-3.1530664683459282e-02
-3.2658344504778551e-02
-3.3847240994427923e-02
-3.5100591422730532e-02
-3.6423658432491846e-02
-3.7822377197210343e-02
-3.9300812547190124e-02
-4.0866563916131783e-02
-4.2526786503041807e-02
-4.4287143247341232e-02
-4.6158009926650333e-02
-4.8148052655433912e-02
-5.0266406533162257e-02
-5.2526134645139944e-02
-5.4938580189716202e-02
-5.7517789262960438e-02
-6.0280772221560662e-02
-6.3242921847520062e-02
-6.6425380244596377e-02
-6.9851020334436104e-02
-7.3541797697983802e-02
-7.7529096947941425e-02
-8.1844124582142630e-02
-8.6521914220971857e-02
-9.1606892502239884e-02
-9.7144760133052843e-02
-1.0319128452950954e-01
-1.0981222548188316e-01
-1.1707756941516545e-01
-1.2507728171562602e-01
-1.3391005479732748e-01
-1.4368913551273757e-01
-1.5456374092899958e-01
-1.6669885949785548e-01
-1.8029567397270982e-01
-1.9560078033873704e-01
-2.1290298562313337e-01
-2.3256916814918280e-01
-2.5504631937108019e-01
-2.8088485445654093e-01
-3.1079416438550334e-01
-3.4566067822684127e-01
-3.8663363513717652e-01
-4.3521913627018532e-01
-4.9338702774919607e-01
-5.6381857493325893e-01
-6.5016444858832967e-01
-7.5744648523136748e-01
-8.9282942836708745e-01
-1.0669917875560027e+00
-1.2958592040430217e+00
-1.6040832766341389e+00
-2.0299659642112435e+00
-2.6377474163605372e+00
-3.5310351471817296e+00
-4.8678501344387932e+00
-6.7812560838747942e+00
-8.8067412439142583e+00
-9.3580389787835365e+00
-8.8104627018157053e+00
-8.1011829965242352e+00
-6.3901137250434843e+00
-4.3019131385750979e+00
-2.8596168064204632e+00
-1.9818029764530345e+00
-1.4378213348622169e+00
-1.0852043328875587e+00
-8.4599934663289933e-01
-6.7715138384982321e-01
-5.5396576020341992e-01
-4.7053031266554624e-01
-5.6475735240290947e-01
-6.8927763779260776e-01
-8.5810202136234726e-01
-1.0940595386827825e+00
-1.4353167281581833e+00
-1.9473014372884929e+00
-2.7402834324249361e+00
-3.9566126713051961e+00
-5.4838532104904782e+00
-6.2632104305778684e+00
0.0000000000000000e+00
2.4055929233035767e-01
0.0000000000000000e+00
0.0000000000000000e+00
];
