%Vec Object:sol 1 MPI processes
%  type: mpi
sol = [
0.0000000000000000e+00
-2.3484499291147230e+01
-1.8451809437615271e+01
-1.2222464164877090e+01
-7.8418099443667248e+00
-5.2572340860455222e+00
-3.7140174971713078e+00
-2.7454276166373237e+00
-2.1042112999848159e+00
-1.6604216639801967e+00
-1.3423636842284699e+00
-1.1068955700009542e+00
-9.2804853192775827e-01
-7.8915298637801801e-01
-6.7891520845720910e-01
-5.9019974989784774e-01
-5.1781704394332406e-01
-4.5798885148435914e-01
-4.0793203302908887e-01
-3.6568667618904316e-01
-3.2971412784080645e-01
-2.9878448143049979e-01
-2.7203620023662933e-01
-2.4875478383177382e-01
-2.2834299890406998e-01
-2.1035536779196723e-01
-1.9443594111072590e-01
-1.8027005204790802e-01
-1.6760036570631387e-01
-1.5623964798815354e-01
-1.4601212466141472e-01
-1.3675460310433840e-01
-1.2836547122057632e-01
-1.2073992378598852e-01
-1.1377362438714475e-01
-1.0740346421375085e-01
-1.0156564817072943e-01
-9.6193952683000239e-02
-9.1243177095127290e-02
-8.6674857839503197e-02
-8.2445927552367973e-02
-7.8521978272280107e-02
-7.4880006124292325e-02
-7.1489502652938922e-02
-6.8324572350168006e-02
-6.5372232134761815e-02
-6.2613381682090380e-02
-6.0025306543694874e-02
-5.7600402805231959e-02
-5.5325361931780573e-02
-5.3182339060965388e-02
-5.1166193882234409e-02
-4.9267601369848237e-02
-4.7473447374480844e-02
-4.5778988295391385e-02
-4.4178047605157714e-02
-4.2660869551998271e-02
-4.1223042769665104e-02
-3.9860555392746001e-02
-3.8566067205363923e-02
-3.7335479642190049e-02
-3.6166274680356089e-02
-3.5052867235512000e-02
-3.3991470380253103e-02
-3.2980596254711884e-02
-3.2015945349949837e-02
-3.1094046315542891e-02
-3.0214116841107651e-02
-2.9372804224264418e-02
-2.8566956159422709e-02
-2.7796266682264221e-02
-2.7058082800931159e-02
-2.6349571947494602e-02
-2.5670741297226005e-02
-2.5019455389412047e-02
-2.4393198694648136e-02
-2.3792174973067261e-02
-2.3214630891006720e-02
-2.2658362253241984e-02
-2.2123685769629323e-02
-2.1609128802354414e-02
-2.1112790205443027e-02
-2.0635039795648246e-02
-2.0174609232392754e-02
-1.9729890276411605e-02
-1.9301263041254808e-02
-1.8887605628086394e-02
-1.8487591184695486e-02
-1.8101579819701671e-02
-1.8179331373185500e-02
-1.8632452557321558e-02
-1.9102558353553459e-02
-1.9589992453690998e-02
-2.0095206284728814e-02
-2.0619965649030399e-02
-2.1164652170781204e-02
-2.1730054215952067e-02
-2.2318066179598722e-02
-2.2929112000076832e-02
-2.3564414728265079e-02
-2.4226018060311418e-02
-2.4914397859156653e-02
-2.5631331297864803e-02
-2.6379041489248481e-02
-2.7158073677475775e-02
-2.7970907085546153e-02
-2.8819987160977757e-02
-2.9705957295690734e-02
-3.0632184172644166e-02
-3.1601396910230915e-02
-3.2614382441537366e-02
-3.3675630398452547e-02
-3.4787997623539492e-02
-3.5953216204873184e-02
-3.7176470328585620e-02
-3.8460999562724314e-02
-3.9809933434145066e-02
-4.1229201513076290e-02
-4.2722634525020092e-02
-4.4295191594238163e-02
-4.5953804239573674e-02
-4.7703139816908276e-02
-4.9550572668514620e-02
-5.1504409301755399e-02
-5.3570521045672038e-02
-5.5759506171275112e-02
-5.8081429961026824e-02
-6.0544427596158953e-02
-6.3162958347687037e-02
-6.5949279337895350e-02
-6.8916340929247019e-02
-7.2082413945701362e-02
-7.5463566762482656e-02
-7.9079573199871273e-02
-8.2954287398681339e-02
-8.7109519770902644e-02
-9.1574918352752485e-02
-9.6382612847174795e-02
-1.0156366660326567e-01
-1.0716200470633259e-01
-1.1322153458857015e-01
-1.1979155012898676e-01
-1.2693427862268608e-01
-1.3471397434923321e-01
-1.4320882152444839e-01
-1.5251090632620171e-01
-1.6271847024716546e-01
-1.7395729785881311e-01
-1.8636889568629042e-01
-2.0011522792435271e-01
-2.1539992926015811e-01
-2.3245389373903383e-01
-2.5155827939645675e-01
-2.7305726812588266e-01
-2.9735392600467642e-01
-3.2493497469529453e-01
-3.5641453273027035e-01
-3.9257340066292806e-01
-4.3439090155099830e-01
-4.8308875327953049e-01
-5.4024759467508576e-01
-6.0793433694801424e-01
-6.8884610389440681e-01
-7.8664467244145642e-01
-9.0630212953064904e-01
-1.0547292443346499e+00
-1.2413988037498940e+00
-1.4805489979627173e+00
-1.7937004801472600e+00
-2.2137845420555884e+00
-2.7907464673640088e+00
-3.6102395619591179e+00
-4.8066088985589133e+00
-6.5901032053669013e+00
-9.1506303983286355e+00
-1.1905966921706336e+01
-1.2573426593264719e+01
-1.1594073282914723e+01
-1.0425595632682555e+01
-7.9136170545990883e+00
-5.1503992712480464e+00
-3.3612015305553617e+00
-2.3064967661786269e+00
-1.6636931762870615e+00
-1.2510631703759889e+00
-9.7288006549234218e-01
-7.7746822173049845e-01
-6.3530666094487187e-01
-5.3916395850758103e-01
-6.4734299324060540e-01
-7.9042942632946067e-01
-9.8471695270168558e-01
-1.2565293610013064e+00
-1.6507571051260681e+00
-2.2453477927544525e+00
-3.1756838010960236e+00
-4.6353196161601922e+00
-6.5667430525963422e+00
-7.6329920562314291e+00
0.0000000000000000e+00
1.3464638167935297e-01
0.0000000000000000e+00
0.0000000000000000e+00
];
