%Vec Object:sol 1 MPI processes
%  type: mpi
sol = [
0.0000000000000000e+00
-1.6653963144963445e+01
-1.3136205672889190e+01
-8.8464841340400522e+00
-5.7824736584666852e+00
-3.9311768760279651e+00
-2.8056893648762853e+00
-2.0883872677340398e+00
-1.6093924299676903e+00
-1.2754092008607607e+00
-1.0343044194256188e+00
-8.5495863500566116e-01
-7.1822909152023906e-01
-6.1172920906785155e-01
-5.2716164761464823e-01
-4.5892465902197604e-01
-4.0312680763818876e-01
-3.5690229234862775e-01
-3.1813499660307554e-01
-2.8537669282593553e-01
-2.5745204521438464e-01
-2.3341724551919316e-01
-2.1261371972063811e-01
-1.9449270658838050e-01
-1.7859359561158150e-01
-1.6457361327236153e-01
-1.5215873147808714e-01
-1.4110548398814260e-01
-1.3121461383112537e-01
-1.2234192726705620e-01
-1.1435117162125182e-01
-1.0711521336582652e-01
-1.0055593482110220e-01
-9.4591956948072944e-02
-8.9141728763642833e-02
-8.4156621054091788e-02
-7.9587085834241900e-02
-7.5381307931070340e-02
-7.1504229986851728e-02
-6.7926038838287267e-02
-6.4613023656541049e-02
-6.1538329418452622e-02
-5.8684104494928335e-02
-5.6028048463638083e-02
-5.3548611702594541e-02
-5.1235370264684318e-02
-4.9073416120867998e-02
-4.7044861652439270e-02
-4.5143972570169721e-02
-4.3360362674200993e-02
-4.1679945020042033e-02
-4.0098854511154816e-02
-3.8609819002626569e-02
-3.7202483708581112e-02
-3.5873224206214707e-02
-3.4617240493913452e-02
-3.3426829123184537e-02
-3.2298580196485273e-02
-3.1229392334437753e-02
-3.0213469913857052e-02
-2.9247618636178852e-02
-2.8329908011770384e-02
-2.7455928914815422e-02
-2.6622712743635667e-02
-2.5829135071132072e-02
-2.5071802350281822e-02
-2.4347982217417397e-02
-2.3657100890730816e-02
-2.2996512615560696e-02
-2.2363729072254705e-02
-2.1758546856677385e-02
-2.1178872635373134e-02
-2.0622466114980375e-02
-2.0089365973409129e-02
-1.9577887225461763e-02
-1.9086037767154854e-02
-1.8614006859098607e-02
-1.8160410795892010e-02
-1.7723502684858040e-02
-1.7303556791601695e-02
-1.6899410498355343e-02
-1.6509556552494770e-02
-1.6134307417182452e-02
-1.5772661190589413e-02
-1.5423342855037950e-02
-1.5086669662228611e-02
-1.4761754731454170e-02
-1.4447546516235353e-02
-1.4144343508160928e-02
-1.4203536394340547e-02
-1.4555956613516923e-02
-1.4921590179163240e-02
-1.5300694573448733e-02
-1.5693612593664866e-02
-1.6101736882620812e-02
-1.6525352395147970e-02
-1.6965068110916894e-02
-1.7422375433115717e-02
-1.7897589721544517e-02
-1.8391663289813700e-02
-1.8906202138935138e-02
-1.9441559030484178e-02
-1.9999123800834209e-02
-2.0580640214271365e-02
-2.1186511523946905e-02
-2.1818681692027490e-02
-2.2479065384182404e-02
-2.3168138185727796e-02
-2.3888544293038227e-02
-2.4642416817089154e-02
-2.5430338516099292e-02
-2.6255839291867474e-02
-2.7121144823285179e-02
-2.8027581661472175e-02
-2.8979221667626190e-02
-2.9978584165465720e-02
-3.1028096704308950e-02
-3.2132410833175168e-02
-3.3294502721665363e-02
-3.4518241100786121e-02
-3.5809057957471295e-02
-3.7170578045348741e-02
-3.8608571964354091e-02
-4.0129572292031145e-02
-4.1737876880397790e-02
-4.3441564604224069e-02
-4.5248833362073540e-02
-4.7166060151566942e-02
-4.9204580249107024e-02
-5.1373965616909066e-02
-5.3684324405684790e-02
-5.6149975215824571e-02
-5.8783469783028404e-02
-6.1600283598413588e-02
-6.4619111495392470e-02
-6.7857002737737912e-02
-7.1337204350067671e-02
-7.5084906429504314e-02
-7.9124422572312864e-02
-8.3490243543573497e-02
-8.8216810830589132e-02
-9.3342802345367182e-02
-9.8917119714629409e-02
-1.0499022839920255e-01
-1.1162360089615600e-01
-1.1888969277214932e-01
-1.2686579068748055e-01
-1.3565098696851755e-01
-1.4535679936118173e-01
-1.5611093037944959e-01
-1.6807411747803053e-01
-1.8142870712034229e-01
-1.9639694245056025e-01
-2.1325114142572246e-01
-2.3231046771625846e-01
-2.5398002018019017e-01
-2.7875345684711994e-01
-3.0723870635720396e-01
-3.4021884552539078e-01
-3.7867251710022976e-01
-4.2386809519947821e-01
-4.7746733027335359e-01
-5.4160801646125523e-01
-6.1917758592562089e-01
-7.1424210405212019e-01
-8.3237930218563017e-01
-9.8158020635133680e-01
-1.1734745342856900e+00
-1.4255566761627951e+00
-1.7639361755759269e+00
-2.2320035221480907e+00
-2.8991858743177894e+00
-3.8790948375971799e+00
-5.3448574678890113e+00
-7.4491149888776551e+00
-9.6962369146831566e+00
-1.0297373647466298e+01
-9.6449952919830579e+00
-8.8155924147348497e+00
-6.8729304079819968e+00
-4.5767692149049992e+00
-3.0243860269866749e+00
-2.0895138394010151e+00
-1.5133722546134700e+00
-1.1410132676614060e+00
-8.8891738562255085e-01
-7.1129842282821598e-01
-5.8181720095072964e-01
-4.9412700147915378e-01
-5.9326215087735312e-01
-7.2434693192372601e-01
-9.0224360107193302e-01
-1.1509868617772714e+00
-1.5110800748223547e+00
-2.0527504401037713e+00
-2.8951857891764075e+00
-4.1988403129337186e+00
-5.8700984911304097e+00
-6.7486881579802427e+00
0.0000000000000000e+00
2.4055929233035767e-01
0.0000000000000000e+00
0.0000000000000000e+00
];
