%Vec Object:sol 1 MPI processes
%  type: mpi
sol = [
0.0000000000000000e+00
-3.1868416705168986e+01
-2.0834678309497026e+01
-1.1925763459609440e+01
-7.1821812757349628e+00
-4.6849235565168170e+00
-3.2655389967176673e+00
-2.3941422842763163e+00
-1.8259195295549755e+00
-1.4357276755649544e+00
-1.1574616890010299e+00
-9.5215301878372227e-01
-7.9661026532395707e-01
-6.7595232522386484e-01
-5.8052369912917590e-01
-5.0380748141800136e-01
-4.4127486704799262e-01
-3.8963208356317519e-01
-3.4645554772817627e-01
-3.1004453024094297e-01
-2.7906271113900172e-01
-2.5244118314297792e-01
-2.2943464934780869e-01
-2.0942398529490794e-01
-1.9189113826320994e-01
-1.7645080508619113e-01
-1.6279544568147519e-01
-1.5064681242410483e-01
-1.3978761949796534e-01
-1.3005784082721317e-01
-1.2130524562364303e-01
-1.1338838527556259e-01
-1.0621967407494254e-01
-9.9708466333794030e-02
-9.3764455909187402e-02
-8.8333247856983474e-02
-8.3359746002568125e-02
-7.8786741760231260e-02
-7.4575257582831289e-02
-7.0692111772814037e-02
-6.7100163924450659e-02
-6.3769770972329221e-02
-6.0680983002351689e-02
-5.7809260032223399e-02
-5.5131004129966112e-02
-5.2634453671532924e-02
-5.0303201868287961e-02
-4.8117826412553112e-02
-4.6071718129701476e-02
-4.4153448447597061e-02
-4.2347814768521341e-02
-4.0650316141513189e-02
-3.9052943017897850e-02
-3.7544554228362850e-02
-3.6121017433588656e-02
-3.4777010461868076e-02
-3.3504266977852470e-02
-3.2298971755735172e-02
-3.1157643216976800e-02
-3.0074076737906307e-02
-2.9044756620353648e-02
-2.8067466582793524e-02
-2.7137495984551233e-02
-2.6251623833576435e-02
-2.5408503381069335e-02
-2.4604515785659566e-02
-2.3836732974265713e-02
-2.3104401997053742e-02
-2.2404706439544946e-02
-2.1735009078252810e-02
-2.1094956907465233e-02
-2.0482325780302835e-02
-1.9894764748753294e-02
-1.9332183530730532e-02
-1.8792795999360078e-02
-1.8274530126355319e-02
-1.7777461100876323e-02
-1.7300126767253603e-02
-1.6840724406669973e-02
-1.6399425448418162e-02
-1.5975006744242997e-02
-1.5565923424750506e-02
-1.5172394146019175e-02
-1.4793371174557387e-02
-1.4427554860045594e-02
-1.4075176425593413e-02
-1.3735315721825609e-02
-1.3406904904364912e-02
-1.3090163617474304e-02
-1.3109367180995967e-02
-1.3398110800856277e-02
-1.3697131574718116e-02
-1.4006550951458816e-02
-1.4326567558079541e-02
-1.4658352796721097e-02
-1.5002032624190621e-02
-1.5358030551958498e-02
-1.5727576687209394e-02
-1.6110799874215057e-02
-1.6508411352318935e-02
-1.6921708238937374e-02
-1.7350823532429463e-02
-1.7796831408844558e-02
-1.8261109492275465e-02
-1.8743800140508186e-02
-1.9246432634853303e-02
-1.9770485333101249e-02
-2.0316120992043316e-02
-2.0885438059820759e-02
-2.1480045881757719e-02
-2.2100147586592695e-02
-2.2748553857495048e-02
-2.3426877756321522e-02
-2.4135911739616229e-02
-2.4878845161479413e-02
-2.5657455257821180e-02
-2.6473408335700825e-02
-2.7330276838465957e-02
-2.8230118936943362e-02
-2.9175730176911392e-02
-3.0171204539033838e-02
-3.1219011807921911e-02
-3.2323418690802852e-02
-3.3489244401250035e-02
-3.4719567899159545e-02
-3.6020596950894976e-02
-3.7398065421816631e-02
-3.8856302582765311e-02
-4.0403777183058244e-02
-4.2047333502793306e-02
-4.3794143735801046e-02
-4.5654759465347049e-02
-4.7638080028119575e-02
-4.9755269445121438e-02
-5.2019947463462224e-02
-5.4444139916712993e-02
-5.7044738931621153e-02
-5.9839924247304513e-02
-6.2846837337704978e-02
-6.6090571321557004e-02
-6.9595734022047273e-02
-7.3389909583953319e-02
-7.7508400103372468e-02
-8.1987129746565190e-02
-8.6870292347066294e-02
-9.2207589564877859e-02
-9.8055137844851994e-02
-1.0448449453502252e-01
-1.1157521801340466e-01
-1.1941812318891044e-01
-1.2812820899456329e-01
-1.3783523517899104e-01
-1.4869761533799999e-01
-1.6090966725949105e-01
-1.7469836637526864e-01
-1.9035271602632409e-01
-2.0822445703823092e-01
-2.2874641198085366e-01
-2.5247716960050354e-01
-2.8011403608071983e-01
-3.1256152665276860e-01
-3.5100542291703152e-01
-3.9699610191409579e-01
-4.5264551542374082e-01
-5.2082918819317670e-01
-6.0551823989830622e-01
-7.1239093926443808e-01
-8.4984938932861909e-01
-1.0304582055625193e+00
-1.2736454318072647e+00
-1.6099388635821974e+00
-2.0892571555916044e+00
-2.7929222950921520e+00
-3.8394642336264422e+00
-5.3117591080615920e+00
-6.8075243960806953e+00
-7.2113774924231935e+00
-6.8728292799123452e+00
-6.4221571491997747e+00
-5.2382615325889521e+00
-3.6440602220748413e+00
-2.4690263125234777e+00
-1.7298322345953279e+00
-1.2634688608924491e+00
-9.5803358199794231e-01
-7.4934833599819306e-01
-6.0138532206336170e-01
-4.9304893972425462e-01
-4.1953324338175396e-01
-5.0385906403722169e-01
-6.1526213451297629e-01
-7.6622262029760246e-01
-9.7694336980180307e-01
-1.2810173431887864e+00
-1.7350679747304778e+00
-2.4319772318980206e+00
-3.4794319499052544e+00
-4.7373227948437195e+00
-5.3424034294452181e+00
0.0000000000000000e+00
2.4055929233035767e-01
0.0000000000000000e+00
0.0000000000000000e+00
];
