%Vec Object:sol 1 MPI processes
%  type: mpi
sol = [
0.0000000000000000e+00
-4.6424825006145639e+01
-2.8599151569669530e+01
-1.5553946457489404e+01
-9.1073259414504992e+00
-5.8454585192996422e+00
-4.0342131071856633e+00
-2.9377208523587992e+00
-2.2299643439177834e+00
-1.7471377887462434e+00
-1.4047029597155067e+00
-1.1531080213909046e+00
-9.6301350114858741e-01
-8.1591702304977975e-01
-6.9989116980260002e-01
-6.0679248844194056e-01
-5.3102524908744186e-01
-4.6853684049874667e-01
-4.1635501181709578e-01
-3.7239376295429938e-01
-3.3502022880175336e-01
-3.0293292807887129e-01
-2.7521896047208866e-01
-2.5110926979179721e-01
-2.3000002335218414e-01
-2.1142191625609383e-01
-1.9500042995552752e-01
-1.8040524056782706e-01
-1.6736663524317388e-01
-1.5568824953861099e-01
-1.4518620601480822e-01
-1.3569030105548438e-01
-1.2709411012311428e-01
-1.1928830345743546e-01
-1.1216450258360057e-01
-1.0565673811169499e-01
-9.9698579817958377e-02
-9.4221432638659453e-02
-8.9178258296632035e-02
-8.4528994122000697e-02
-8.0229125707316468e-02
-7.6243050403183771e-02
-7.2546614631878517e-02
-6.9110404497765912e-02
-6.5906199074888858e-02
-6.2919688156064399e-02
-6.0131196149638293e-02
-5.7517579724271829e-02
-5.5070725086172549e-02
-5.2776924681621047e-02
-5.0618094780844926e-02
-4.8588699665013786e-02
-4.6679127095838872e-02
-4.4876126402911685e-02
-4.3174668211603810e-02
-4.1568349262098195e-02
-4.0047338276413172e-02
-3.8607027991687623e-02
-3.7243214017737648e-02
-3.5948516590847857e-02
-3.4718714350648890e-02
-3.3551115779415899e-02
-3.2440117330842323e-02
-3.1381867521026952e-02
-3.0374715834873129e-02
-2.9414356793059641e-02
-2.8497299687951692e-02
-2.7622606243110932e-02
-2.6786925168496768e-02
-2.5987119296639459e-02
-2.5222731388192424e-02
-2.4491114653559683e-02
-2.3789476769061107e-02
-2.3117677803588432e-02
-2.2473592232434749e-02
-2.1854761623893479e-02
-2.1261247216380813e-02
-2.0691309264543059e-02
-2.0142810319593637e-02
-1.9615930030154487e-02
-1.9109213484710438e-02
-1.8620829619282832e-02
-1.8151017809400153e-02
-1.7698532402728492e-02
-1.7261833083750788e-02
-1.6841177376529320e-02
-1.6435472022479594e-02
-1.6043451135675690e-02
-1.5665361343346892e-02
-1.5689309233668205e-02
-1.6035889900790024e-02
-1.6394812886383364e-02
-1.6766233617846057e-02
-1.7150398962390748e-02
-1.7548699689047598e-02
-1.7961298744042637e-02
-1.8388709752972628e-02
-1.8832395518300057e-02
-1.9292525095612897e-02
-1.9769953480938702e-02
-2.0266225854419336e-02
-2.0781519455790629e-02
-2.1317120023674294e-02
-2.1874671763164263e-02
-2.2454366985294173e-02
-2.3058031770755244e-02
-2.3687434128986440e-02
-2.4342795451658378e-02
-2.5026617867395975e-02
-2.5740830060142928e-02
-2.6485707280472871e-02
-2.7264598074673747e-02
-2.8079443525454894e-02
-2.8931221151213413e-02
-2.9823735367700492e-02
-3.0759130704935585e-02
-3.1739424904120364e-02
-3.2768886243429267e-02
-3.3850003150675850e-02
-3.4986138307171143e-02
-3.6182190715498809e-02
-3.7441150472475197e-02
-3.8768106665142910e-02
-4.0168339493246198e-02
-4.1646039706567460e-02
-4.3208630844119120e-02
-4.4862986085446248e-02
-4.6614331522781223e-02
-4.8472788020561722e-02
-5.0446572010013152e-02
-5.2544300319194943e-02
-5.4778592792306610e-02
-5.7160135927085083e-02
-5.9702307774740879e-02
-6.2421405853173205e-02
-6.5331869079817903e-02
-6.8453907375509979e-02
-7.1809279902884549e-02
-7.5418552500196051e-02
-7.9311717276608851e-02
-8.3518234722335230e-02
-8.8071127310505606e-02
-9.3012586055396029e-02
-9.8385596751299903e-02
-1.0424283525111570e-01
-1.1064644070726994e-01
-1.1766206854748093e-01
-1.2537467149300932e-01
-1.3387938165287463e-01
-1.4328479975180314e-01
-1.5372829847458705e-01
-1.6536492554304372e-01
-1.7838386355119243e-01
-1.9301705003658384e-01
-2.0953540811613131e-01
-2.2828363157139861e-01
-2.4968112260920583e-01
-2.7424379622383377e-01
-3.0263703512577478e-01
-3.3569119592742280e-01
-3.7448280038191079e-01
-4.2042237993370024e-01
-4.7529908217325390e-01
-5.4163174727519980e-01
-6.2283841050160416e-01
-7.2365935235021406e-01
-8.5088976184531562e-01
-1.0144219125549880e+00
-1.2291361430499324e+00
-1.5174615060262622e+00
-1.9162733921465529e+00
-2.4850089094064827e+00
-3.3201809075362694e+00
-4.5682719176293833e+00
-6.3495038208587795e+00
-8.2138270439932750e+00
-8.7022357878157788e+00
-8.1928438387674518e+00
-7.5430511098261563e+00
-5.9887348447686497e+00
-4.0602447204108980e+00
-2.7093100167529074e+00
-1.8807315314016648e+00
-1.3654125998795350e+00
-1.0304578435339522e+00
-8.0303904578116059e-01
-6.4247160185476004e-01
-5.2521746035731309e-01
-4.4573760917722488e-01
-5.3429993143839949e-01
-6.5125451374105081e-01
-8.0971594070086883e-01
-1.0307533350132143e+00
-1.3497318952591202e+00
-1.8269179212707680e+00
-2.5614386542676630e+00
-3.6738815502714210e+00
-5.0319018326980434e+00
-5.6976605852772080e+00
0.0000000000000000e+00
1.3464638167935297e-01
0.0000000000000000e+00
0.0000000000000000e+00
];
