%Vec Object:sol 1 MPI processes
%  type: mpi
sol = [
0.0000000000000000e+00
-1.6752387159919913e+01
-1.3196673836419517e+01
-8.8751622496462144e+00
-5.7960115100960659e+00
-3.9389390748592832e+00
-2.8103965424052886e+00
-2.0916251735973406e+00
-1.6117468021503427e+00
-1.2770798888463686e+00
-1.0356085318839239e+00
-8.5600177462694060e-01
-7.1908009433129871e-01
-6.1243476308197387e-01
-5.2775443867483873e-01
-4.5942831769238768e-01
-4.0355916163798128e-01
-3.5724456419515543e-01
-3.1843264028909396e-01
-2.8563714719809163e-01
-2.5768120827212149e-01
-2.3361981089606942e-01
-2.1279353466332759e-01
-1.9465292936347037e-01
-1.7873682045301115e-01
-1.6470201231755657e-01
-1.5227414072047116e-01
-1.4120944973751329e-01
-1.3130844761563332e-01
-1.2242676484573257e-01
-1.1442798955729966e-01
-1.0718484594279852e-01
-1.0061911967132819e-01
-9.4649338134692798e-02
-8.9193862565742507e-02
-8.4204004216119510e-02
-7.9630158320360259e-02
-7.5420455059127478e-02
-7.1539796538102399e-02
-6.7958334580420304e-02
-6.4642323257665918e-02
-6.1564878757243729e-02
-5.8708127278646056e-02
-5.6049745251049193e-02
-5.3568161960624597e-02
-5.1252939077296854e-02
-4.9089152927695501e-02
-4.7058900138747473e-02
-4.5156436843895760e-02
-4.3371365879997022e-02
-4.1689588826635496e-02
-4.0107233599656414e-02
-3.8617020238092409e-02
-3.7208585806812938e-02
-3.5878300355593418e-02
-3.4621358291364222e-02
-3.3430050287867163e-02
-3.2300962068919407e-02
-3.1230988148644410e-02
-3.0214328600034670e-02
-2.9247785668419009e-02
-2.8329425770939186e-02
-2.7454836560274268e-02
-2.6621046737322674e-02
-2.5826929453644631e-02
-2.5069088755343069e-02
-2.4344790173695532e-02
-2.3653457978869422e-02
-2.2992444579790335e-02
-2.2359260045542641e-02
-2.1753699354841442e-02
-2.1173667756722119e-02
-2.0616923746615480e-02
-2.0083504621223075e-02
-1.9571724291542053e-02
-1.9079589762079765e-02
-1.8607289085642836e-02
-1.8153437693801976e-02
-1.7716288052631177e-02
-1.7296113352448086e-02
-1.6891750302632309e-02
-1.6501691199054164e-02
-1.6126247536221862e-02
-1.5764416894850447e-02
-1.5414923942650151e-02
-1.5078085053422419e-02
-1.4753012960640213e-02
-1.4438655893753797e-02
-1.4135311548307973e-02
-1.4194137667145492e-02
-1.4545987857542859e-02
-1.4911025933587303e-02
-1.5289508239303449e-02
-1.5681776367897426e-02
-1.6089221062591714e-02
-1.6512125955614396e-02
-1.6951098473123191e-02
-1.7407627785596579e-02
-1.7882027710948961e-02
-1.8375248538184515e-02
-1.8888893642614632e-02
-1.9423313980784618e-02
-1.9979896732494458e-02
-2.0560382567036368e-02
-2.1165172608682011e-02
-2.1796207325245780e-02
-2.2455397715935067e-02
-2.3143216829949808e-02
-2.3862304262934494e-02
-2.4614788751246553e-02
-2.5401249982928718e-02
-2.6225211819936745e-02
-2.7088894866403129e-02
-2.7993621328841534e-02
-2.8943455540338288e-02
-2.9940910318580378e-02
-3.0988409538008403e-02
-3.2090638158786988e-02
-3.3250265005078897e-02
-3.4471152342394340e-02
-3.5758922366788355e-02
-3.7117184704928842e-02
-3.8551691438813866e-02
-4.0068926154966891e-02
-4.1673429609406502e-02
-4.3373485288089798e-02
-4.5176942287217435e-02
-4.7090106091398284e-02
-4.9124287535867346e-02
-5.1289035696553575e-02
-5.3594434190825144e-02
-5.6054769778968838e-02
-5.8682563778483993e-02
-6.1493255630659431e-02
-6.4505497637358258e-02
-6.7736297523934633e-02
-7.1208849286782602e-02
-7.4948284779566998e-02
-7.8978858666487753e-02
-8.3334983653688313e-02
-8.8051020344941430e-02
-9.3165555687174731e-02
-9.8727379416673589e-02
-1.0478683842083941e-01
-1.1140526317482403e-01
-1.1865494272915070e-01
-1.2661298299890497e-01
-1.3537825001482268e-01
-1.4506200510403924e-01
-1.5579165646063195e-01
-1.6772757650392026e-01
-1.8105169521461001e-01
-1.9598575181910435e-01
-2.1280145075491280e-01
-2.3181723625890574e-01
-2.5343730361646066e-01
-2.7815421413054819e-01
-3.0657455325250144e-01
-3.3947968449696408e-01
-3.7784612359504316e-01
-4.2293951479719349e-01
-4.7641806987268354e-01
-5.4037100767707746e-01
-6.1776258941445072e-01
-7.1261082290950761e-01
-8.3048196478968506e-01
-9.7935092431085646e-01
-1.1708244909072307e+00
-1.4222577560999046e+00
-1.7599050411986776e+00
-2.2269857746742350e+00
-2.8926136474033926e+00
-3.8705467168082497e+00
-5.3331525423154362e+00
-7.4325599645696121e+00
-9.6743196177101751e+00
-1.0274493616576946e+01
-9.6249305269586678e+00
-8.7984353688303116e+00
-6.8614706717930147e+00
-4.5702648942293846e+00
-3.0205053607104215e+00
-2.0869794601334104e+00
-1.5116062254288267e+00
-1.1397035381558147e+00
-8.8791257583981797e-01
-7.1050216185543325e-01
-5.8116517390219835e-01
-4.9357499558639067e-01
-5.9259583626158663e-01
-7.2352872108639776e-01
-9.0121772929050326e-01
-1.1496593184008697e+00
-1.5093170423427242e+00
-2.0502968779977788e+00
-2.8915861433440870e+00
-4.1932169169243574e+00
-5.8611150556239977e+00
-6.7373542637497161e+00
0.0000000000000000e+00
2.4055929233035767e-01
0.0000000000000000e+00
0.0000000000000000e+00
];
