%Vec Object:sol 1 MPI processes
%  type: mpi
sol = [
0.0000000000000000e+00
-1.7660480100894521e+01
-1.3747639477797810e+01
-9.1265125785672812e+00
-5.9176548189931220e+00
-4.0081956081599603e+00
-2.8526372650185094e+00
-2.1206889591137519e+00
-1.6318360138688914e+00
-1.2920912585997002e+00
-1.0473310290166584e+00
-8.6538219499859281e-01
-7.2673574889215076e-01
-6.1866314147733836e-01
-5.3286958441333210e-01
-4.6368422158452594e-01
-4.0713944474796482e-01
-3.6033319300323180e-01
-3.2112002373397069e-01
-2.8799008585399472e-01
-2.5975267631432708e-01
-2.3545196842844290e-01
-2.1442094896855457e-01
-1.9610398251541325e-01
-1.8003482735010112e-01
-1.6586649819814286e-01
-1.5332161305231359e-01
-1.4215381260943577e-01
-1.3216149490107068e-01
-1.2319871296470050e-01
-1.1512762403991363e-01
-1.0781967168947694e-01
-1.0119577490720806e-01
-9.5173619896398512e-02
-8.9670777027866813e-02
-8.4638023580958760e-02
-8.0025244418855626e-02
-7.5780077239252286e-02
-7.1867059506134104e-02
-6.8256064740635447e-02
-6.4912612079518039e-02
-6.1808822042288152e-02
-5.8927945513152280e-02
-5.6247422250535965e-02
-5.3745467642956478e-02
-5.1411494014057500e-02
-4.9230419313658166e-02
-4.7184183246608301e-02
-4.5266943086862681e-02
-4.3468191774945687e-02
-4.1773717990633279e-02
-4.0179578412450963e-02
-3.8678415399844394e-02
-3.7259786466299960e-02
-3.5920006306401249e-02
-3.4654214088855613e-02
-3.3454643511526203e-02
-3.2317837095087953e-02
-3.1240649008641614e-02
-3.0217237874622115e-02
-2.9244372262689194e-02
-2.8320088229457984e-02
-2.7439942844852239e-02
-2.6600938679633715e-02
-2.5801925339485089e-02
-2.5039483957618715e-02
-2.4310859974776663e-02
-2.3615458810319647e-02
-2.2950615485541555e-02
-2.2313824829231516e-02
-2.1704866246916376e-02
-2.1121631637118159e-02
-2.0561868137932027e-02
-2.0025599807653630e-02
-1.9511130216210319e-02
-1.9016458081874025e-02
-1.8541759933478216e-02
-1.8085643160943219e-02
-1.7646354326535767e-02
-1.7224156404570867e-02
-1.6817879871272697e-02
-1.6426012909605076e-02
-1.6048857847701124e-02
-1.5685407504334704e-02
-1.5334383715426276e-02
-1.4996094577579437e-02
-1.4669649303532881e-02
-1.4353994129437673e-02
-1.4049419270618381e-02
-1.4104868992084220e-02
-1.4451413371030002e-02
-1.4810906483509936e-02
-1.5183593882138838e-02
-1.5569805716733080e-02
-1.5970914676291335e-02
-1.6387191812691649e-02
-1.6819229750225113e-02
-1.7268496414867714e-02
-1.7735290905325062e-02
-1.8220544183443790e-02
-1.8725834598396700e-02
-1.9251495804500456e-02
-1.9798889585287187e-02
-2.0369727042977001e-02
-2.0964388802189263e-02
-2.1584781882012800e-02
-2.2232782155103468e-02
-2.2908838127028482e-02
-2.3615545295452720e-02
-2.4354990342395928e-02
-2.5127723195144933e-02
-2.5937209539775564e-02
-2.6785620980637134e-02
-2.7674237498763837e-02
-2.8607052331038687e-02
-2.9586519482837265e-02
-3.0614999663633815e-02
-3.1697048546627825e-02
-3.2835561637061833e-02
-3.4034313012732000e-02
-3.5298616047857209e-02
-3.6631994116239741e-02
-3.8040085114213897e-02
-3.9529244693756661e-02
-4.1103903669076389e-02
-4.2772185933863345e-02
-4.4541779305187448e-02
-4.6418841008769578e-02
-4.8414464058792211e-02
-5.0537993158824179e-02
-5.2799292757227140e-02
-5.5212365598803007e-02
-5.7789461192807083e-02
-6.0545697040914295e-02
-6.3499345750993780e-02
-6.6667043661213843e-02
-7.0071511205774609e-02
-7.3737359875428954e-02
-7.7688317204012036e-02
-8.1958098597181533e-02
-8.6580341394377799e-02
-9.1592818928789121e-02
-9.7043320618763848e-02
-1.0298113235834662e-01
-1.0946631404885097e-01
-1.1656966488208265e-01
-1.2436667238534588e-01
-1.3295417713850036e-01
-1.4244114423023346e-01
-1.5295234510894451e-01
-1.6464488234833927e-01
-1.7769695299975724e-01
-1.9232577889772184e-01
-2.0879756336119357e-01
-2.2742429613127663e-01
-2.4860206509108679e-01
-2.7280652274166733e-01
-3.0061311255715439e-01
-3.3280338472786991e-01
-3.7033121786272172e-01
-4.1443282767426709e-01
-4.6672770540292302e-01
-5.2933342001647921e-01
-6.0513082361147397e-01
-6.9804069376176181e-01
-8.1352580070795089e-01
-9.5941555639839082e-01
-1.1467695358065233e+00
-1.3927381575968516e+00
-1.7237975943701489e+00
-2.1817224623626852e+00
-2.8336402613967970e+00
-3.7923013067767841e+00
-5.2266041998020638e+00
-7.2833906912762796e+00
-9.4763360834960881e+00
-1.0067282952330489e+01
-9.4412281521473691e+00
-8.6424138251985578e+00
-6.7569828872238560e+00
-4.5108580959885556e+00
-2.9850293093045197e+00
-2.0637988609748312e+00
-1.4954462157120896e+00
-1.1277159374153753e+00
-8.7871319815801663e-01
-7.0321032711470000e-01
-5.7519339966132554e-01
-4.8851827104649242e-01
-5.8649071892041127e-01
-7.1603019932541123e-01
-8.9181382774961782e-01
-1.1374877828454688e+00
-1.4931477340086212e+00
-2.0277881544885110e+00
-2.8585522918580146e+00
-4.1415970457400739e+00
-5.7786842105766993e+00
-6.6334467934204593e+00
0.0000000000000000e+00
2.4055929233035767e-01
0.0000000000000000e+00
0.0000000000000000e+00
];
