%Vec Object:sol 1 MPI processes
%  type: mpi
sol = [
0.0000000000000000e+00
-2.0177079811032218e+01
-1.5204531530404914e+01
-9.7699902013629814e+00
-6.2245677741954148e+00
-4.1750858243971356e+00
-2.9560700820365469e+00
-2.1896834933628910e+00
-1.6813453942573851e+00
-1.3288457199915225e+00
-1.0755754471894203e+00
-8.8767428665246739e-01
-7.4471181568627531e-01
-6.3352894251098346e-01
-5.4524821194750528e-01
-4.7411678588210820e-01
-4.1602323002242159e-01
-3.6796506743191759e-01
-3.2772550585333227e-01
-2.9374539191804988e-01
-2.6479651835038592e-01
-2.3989402977488997e-01
-2.1835058427434317e-01
-1.9959414096651690e-01
-1.8314513122188864e-01
-1.6864663520352308e-01
-1.5581340051534512e-01
-1.4439232901960172e-01
-1.3417638113758393e-01
-1.2501555030979436e-01
-1.1676833658159241e-01
-1.0930292975179305e-01
-1.0253804210619308e-01
-9.6389232859746612e-02
-9.0772084128737648e-02
-8.5636027824552749e-02
-8.0929669634157916e-02
-7.6599419336378427e-02
-7.2608906420547834e-02
-6.8927185770266214e-02
-6.5519414004957990e-02
-6.2357909975878673e-02
-5.9423591270961848e-02
-5.6693172464548962e-02
-5.4145002693345566e-02
-5.1768411015355315e-02
-4.9547969809621756e-02
-4.7465270631939803e-02
-4.5514260900487394e-02
-4.3684192558857880e-02
-4.1960601705892810e-02
-4.0339392567913385e-02
-3.8813036461396659e-02
-3.7370912320536374e-02
-3.6009214495542279e-02
-3.4722960329327951e-02
-3.3504255258291031e-02
-3.2349546658173585e-02
-3.1255599553063278e-02
-3.0216479030387228e-02
-2.9228878726291974e-02
-2.8290767466515012e-02
-2.7397633109342338e-02
-2.6546419634364885e-02
-2.5735924297280891e-02
-2.4962676321263939e-02
-2.4223875795649576e-02
-2.3518886026596412e-02
-2.2845002570837832e-02
-2.2199685710104181e-02
-2.1582679848687669e-02
-2.0991846528927837e-02
-2.0424907090373784e-02
-1.9881855629317633e-02
-1.9360972161598267e-02
-1.8860236588941492e-02
-1.8379799162852383e-02
-1.7918248929496901e-02
-1.7473819088272679e-02
-1.7046749142181981e-02
-1.6635855336235690e-02
-1.6239616608683734e-02
-1.5858314074481992e-02
-1.5490929683624147e-02
-1.5136178977710487e-02
-1.4794350768234545e-02
-1.4464546254447512e-02
-1.4145707301616427e-02
-1.3838106590057615e-02
-1.3885244919690299e-02
-1.4218727224289122e-02
-1.4564566971800488e-02
-1.4922982940157689e-02
-1.5294276917749232e-02
-1.5679777230059606e-02
-1.6079723736706898e-02
-1.6494672483491398e-02
-1.6926039168889497e-02
-1.7374086427358736e-02
-1.7839697572012158e-02
-1.8324389416598801e-02
-1.8828452801776328e-02
-1.9353187015736115e-02
-1.9900230468684724e-02
-2.0469913134882414e-02
-2.1064059845147629e-02
-2.1684460150120179e-02
-2.2331502024725780e-02
-2.3007672746453500e-02
-2.3714955732511436e-02
-2.4453827677242673e-02
-2.5227611650346114e-02
-2.6038359080176696e-02
-2.6887246351660166e-02
-2.7778092252776828e-02
-2.8713205767791013e-02
-2.9694799281016895e-02
-3.0727215928515197e-02
-3.1813172413760062e-02
-3.2956233169034399e-02
-3.4161448974327276e-02
-3.5432118933386117e-02
-3.6773586737352773e-02
-3.8191878353919601e-02
-3.9691137632432552e-02
-4.1279077189500891e-02
-4.2962967136973146e-02
-4.4748577003569628e-02
-4.6646437231263042e-02
-4.8665360172837291e-02
-5.0814638031907451e-02
-5.3107536287628772e-02
-5.5555593190399225e-02
-5.8173085348011543e-02
-6.0977294620815796e-02
-6.3983880981174940e-02
-6.7214325668864108e-02
-7.0691874923295206e-02
-7.4438864327921711e-02
-7.8487178526173637e-02
-8.2868544840962149e-02
-8.7618583404016515e-02
-9.2782440647977374e-02
-9.8406583520741900e-02
-1.0454769639786791e-01
-1.1127261477624704e-01
-1.1865249727631133e-01
-1.2677877402582002e-01
-1.3575425107263236e-01
-1.4569660076336327e-01
-1.5675411987983412e-01
-1.6909490064914806e-01
-1.8292390660282420e-01
-1.9849237198780068e-01
-2.1609462610447755e-01
-2.3610452460795234e-01
-2.5897755563889102e-01
-2.8525020939163109e-01
-3.1565820701220870e-01
-3.5110548694268801e-01
-3.9275978243273368e-01
-4.4215121759887860e-01
-5.0128078852204616e-01
-5.7287166395153977e-01
-6.6063089773431383e-01
-7.6972499131290351e-01
-9.0756121214390817e-01
-1.0847047943408947e+00
-1.3172646725782649e+00
-1.6303787513003078e+00
-2.0638509005029810e+00
-2.6810717046388581e+00
-3.5893957618725234e+00
-4.9483224954316887e+00
-6.8935322188159089e+00
-8.9573811452515315e+00
-9.5174442269989630e+00
-8.9524406680139599e+00
-8.2243353021009113e+00
-6.4739441551869303e+00
-4.3497456507054277e+00
-2.8885307134233233e+00
-2.0006414261030434e+00
-1.4510845120956486e+00
-1.0949881775931978e+00
-8.5357349419134632e-01
-6.8316186358168840e-01
-5.5885898383326582e-01
-4.7467879559836162e-01
-5.6977211754734303e-01
-6.9548269379021155e-01
-8.6589261139146012e-01
-1.1040954417247602e+00
-1.4487445945660382e+00
-1.9659264022963812e+00
-2.7676725146287464e+00
-3.9994760510422651e+00
-5.5520864495442348e+00
-6.3486956220514905e+00
0.0000000000000000e+00
2.4055929233035767e-01
0.0000000000000000e+00
0.0000000000000000e+00
];
