%Vec Object:sol 1 MPI processes
%  type: mpi
sol = [
0.0000000000000000e+00
-1.4947438827508954e+01
-1.2063198823855014e+01
-8.3262603702668230e+00
-5.5253481444842727e+00
-3.7888768414025802e+00
-2.7166400900562442e+00
-2.0290245919824792e+00
-1.5662677894828261e+00
-1.2432050988038177e+00
-1.0096387561490101e+00
-8.3555436930657156e-01
-7.0263106677631615e-01
-5.9886768645841160e-01
-5.1636653507839725e-01
-4.4976195936719315e-01
-3.9527431629480692e-01
-3.5013307032182062e-01
-3.1228642725654765e-01
-2.8028950778631367e-01
-2.5300105538438855e-01
-2.2950351851452150e-01
-2.0915683457600284e-01
-1.9142710036843361e-01
-1.7586571339093207e-01
-1.6213888975087098e-01
-1.4997972338094731e-01
-1.3915080275742597e-01
-1.2945775270903451e-01
-1.2076005703440125e-01
-1.1292474360285421e-01
-1.0582757347269882e-01
-9.9392434794459680e-02
-9.3539852622730624e-02
-8.8190035297046221e-02
-8.3295572695215370e-02
-7.8808061991106071e-02
-7.4676772815694598e-02
-7.0867462878088913e-02
-6.7351021911580919e-02
-6.4094430627782986e-02
-6.1071402942999183e-02
-5.8264531444099224e-02
-5.5651969153142397e-02
-5.3212576485542611e-02
-5.0936217879912545e-02
-4.8808290483914475e-02
-4.6811207965473972e-02
-4.4939433644882683e-02
-4.3182705425562920e-02
-4.1526718485807072e-02
-3.9968239511425328e-02
-3.8500244450505261e-02
-3.7112524394591874e-02
-3.5801556971418430e-02
-3.4562644329076291e-02
-3.3388188094220693e-02
-3.2274858680519054e-02
-3.1219630059723769e-02
-3.0216783458217277e-02
-2.9263187522773640e-02
-2.8356969042748505e-02
-2.7493775922283286e-02
-2.6670688535011932e-02
-2.5886627376201680e-02
-2.5138241792505948e-02
-2.4422837141007139e-02
-2.3739875990023297e-02
-2.3086745280141707e-02
-2.2460985282328084e-02
-2.1862422926698124e-02
-2.1288990086489816e-02
-2.0738467711046583e-02
-2.0210920498173295e-02
-1.9704683056387919e-02
-1.9217778696888017e-02
-1.8750419503442237e-02
-1.8301237048135126e-02
-1.7868495332102923e-02
-1.7452488977103005e-02
-1.7052067223047144e-02
-1.6665730322835585e-02
-1.6293809088744605e-02
-1.5935310671502296e-02
-1.5588965154447900e-02
-1.5255106413423270e-02
-1.4932854232895375e-02
-1.4621160622036762e-02
-1.4320339129201236e-02
-1.4386310202726519e-02
-1.4749448522984959e-02
-1.5126274054204643e-02
-1.5517065105360394e-02
-1.5922186557914365e-02
-1.6343066666581342e-02
-1.6780014558430017e-02
-1.7233667844312673e-02
-1.7705559649647078e-02
-1.8196033478149846e-02
-1.8706079091264413e-02
-1.9237351411467662e-02
-1.9790236107020659e-02
-2.0366172271681030e-02
-2.0966961180785112e-02
-2.1593044854577064e-02
-2.2246432146076345e-02
-2.2929105684682448e-02
-2.3641587195697804e-02
-2.4386606381926784e-02
-2.5166377265561285e-02
-2.5981538202160780e-02
-2.6835731783067533e-02
-2.7731277180710407e-02
-2.8669580273036413e-02
-2.9654850122893733e-02
-3.0689718285722725e-02
-3.1776726629336026e-02
-3.2920692989440566e-02
-3.4124731247119088e-02
-3.5392872270017604e-02
-3.6730752425168871e-02
-3.8142168404541793e-02
-3.9633118993574863e-02
-4.1210364290136907e-02
-4.2878684183003751e-02
-4.4646707299639765e-02
-4.6522632481346096e-02
-4.8513088382508653e-02
-5.0629857849226585e-02
-5.2882934918462944e-02
-5.5282881181689364e-02
-5.7844601101067622e-02
-6.0581209974652453e-02
-6.3508850380525658e-02
-6.6647003728584175e-02
-7.0013492636412211e-02
-7.3632547786184541e-02
-7.7530442464055688e-02
-8.1732592851128383e-02
-8.6274943250025202e-02
-9.1193449638707999e-02
-9.6528497146337461e-02
-1.0233108492031157e-01
-1.0865391355106706e-01
-1.1556113355833954e-01
-1.2312834576257506e-01
-1.3143626997368826e-01
-1.4058829300755904e-01
-1.5070082037920496e-01
-1.6190718840183205e-01
-1.7437512657291465e-01
-1.8829500421971082e-01
-2.0389880059261711e-01
-2.2147072662300393e-01
-2.4134397974762298e-01
-2.6394133425009936e-01
-2.8977803053415058e-01
-3.1948859944565278e-01
-3.5386134261185220e-01
-3.9391433382690105e-01
-4.4098196779698562e-01
-4.9679021655005640e-01
-5.6359520878259528e-01
-6.4446483971206414e-01
-7.4357270646029860e-01
-8.6673101469723679e-01
-1.0222655245725476e+00
-1.2220608434081630e+00
-1.4840234531199565e+00
-1.8364011909605222e+00
-2.3236596599165864e+00
-3.0164271773043483e+00
-4.0345476081540390e+00
-5.5570173157320983e+00
-7.7427119023216253e+00
-1.0083609897368158e+01
-1.0706214270666626e+01
-1.0002812872875587e+01
-9.1202499732086295e+00
-7.0753902140183307e+00
-4.6913102933992237e+00
-3.0926079790258409e+00
-2.1340248100497696e+00
-1.5443642907640247e+00
-1.1639871758386735e+00
-9.0653410363262599e-01
-7.2525281142616926e-01
-5.9316452177864620e-01
-5.0378748741921675e-01
-6.0492913211101451e-01
-7.3866823406526294e-01
-9.2019230894115245e-01
-1.1741923558518490e+00
-1.5419004596719772e+00
-2.0956216695330960e+00
-2.9578385497660462e+00
-4.2970030890336606e+00
-6.0267667726544012e+00
-6.9470009820731180e+00
0.0000000000000000e+00
2.4055929233035767e-01
0.0000000000000000e+00
0.0000000000000000e+00
];
