%Vec Object:sol 1 MPI processes
%  type: mpi
sol = [
0.0000000000000000e+00
-1.8078275283461274e+01
-1.3996979183048191e+01
-9.2384991811665085e+00
-5.9715308180918347e+00
-4.0375666955515124e+00
-2.8713273567091506e+00
-2.1330215983920064e+00
-1.6406216497091142e+00
-1.2987431090468089e+00
-1.0525286563856144e+00
-8.6954379648368996e-01
-7.2992197927120517e-01
-6.2126488272950597e-01
-5.3505471095544010e-01
-4.6554004966831569e-01
-4.0873082977443231e-01
-3.6170909243043614e-01
-3.2231796441255006e-01
-2.8903964925224074e-01
-2.6067732683368133e-01
-2.3627038207715176e-01
-2.1514844398187780e-01
-1.9675313920207804e-01
-1.8061598084271246e-01
-1.6638830595321080e-01
-1.5379139668204508e-01
-1.4257773975430973e-01
-1.3254479774379743e-01
-1.2354600706466914e-01
-1.1543885403250825e-01
-1.0809775331287490e-01
-1.0144446134803087e-01
-9.5396145471964330e-02
-8.9869909005849249e-02
-8.4816197178626207e-02
-8.0184590758378096e-02
-7.5922446754387307e-02
-7.1994089307989270e-02
-6.8369172717673024e-02
-6.5013459636854620e-02
-6.1899662922373040e-02
-5.9009596027770506e-02
-5.6320614107814630e-02
-5.3810855461358498e-02
-5.1469679979598143e-02
-4.9281948456529785e-02
-4.7229543058901480e-02
-4.5306586089914981e-02
-4.3502530437378333e-02
-4.1803122953701546e-02
-4.0204394731311606e-02
-3.8698959570285282e-02
-3.7276345346482498e-02
-3.5932846492601776e-02
-3.4663581720701400e-02
-3.3460763399366787e-02
-3.2320918008798029e-02
-3.1240884653532530e-02
-3.0214806372053118e-02
-2.9239439104039248e-02
-2.8312807464613114e-02
-2.7430456971301344e-02
-2.6589380335213037e-02
-2.5788418186723970e-02
-2.5024142979709254e-02
-2.4293792545341242e-02
-2.3596765029431376e-02
-2.2930388844285918e-02
-2.2292153047686124e-02
-2.1681830958349409e-02
-2.1097309384321267e-02
-2.0536331181104213e-02
-1.9998915165532496e-02
-1.9483360954296536e-02
-1.8987664168885744e-02
-1.8511996719402291e-02
-1.8054962916868450e-02
-1.7614807149756419e-02
-1.7191788252442112e-02
-1.6784734315587073e-02
-1.6392132041102677e-02
-1.6014280006776585e-02
-1.5650169215820652e-02
-1.5298520514213635e-02
-1.4959638584577861e-02
-1.4632631311040934e-02
-1.4316444253454842e-02
-1.4011364521432661e-02
-1.4065357267762469e-02
-1.4409591882534723e-02
-1.4766671827125339e-02
-1.5136838049947593e-02
-1.5520415819433074e-02
-1.5918770058320590e-02
-1.6332166466078830e-02
-1.6761191353944639e-02
-1.7207303531950921e-02
-1.7670795856265818e-02
-1.8152591048115084e-02
-1.8654256747558197e-02
-1.9176119297411011e-02
-1.9719529658137849e-02
-2.0286186318442652e-02
-2.0876461274999664e-02
-2.1492247303203101e-02
-2.2135405341355489e-02
-2.2806373610288345e-02
-2.3507728849688415e-02
-2.4241539929066851e-02
-2.5008344363756221e-02
-2.5811583128330998e-02
-2.6653407185285409e-02
-2.7535078882601843e-02
-2.8460561314862839e-02
-2.9432283662256205e-02
-3.0452581305740186e-02
-3.1525973315912018e-02
-3.2655324686302147e-02
-3.3844373639530877e-02
-3.5098388477797365e-02
-3.6420854424322455e-02
-3.7817359039659701e-02
-3.9294201581485035e-02
-4.0855764200670067e-02
-4.2510100462140599e-02
-4.4264827003126249e-02
-4.6126035426728461e-02
-4.8104722727834143e-02
-5.0210143293182408e-02
-5.2452064665918008e-02
-5.4844364250408811e-02
-5.7399171338959193e-02
-6.0131461149314912e-02
-6.3059338552143504e-02
-6.6199275507653851e-02
-6.9573783154673566e-02
-7.3207242881370829e-02
-7.7123148777891865e-02
-8.1354907959799064e-02
-8.5935837587312255e-02
-9.0903350708087263e-02
-9.6304794030596566e-02
-1.0218898337055460e-01
-1.0861541582518479e-01
-1.1565423056612240e-01
-1.2338019748273268e-01
-1.3188925945533059e-01
-1.4128936320772006e-01
-1.5170411019737864e-01
-1.6328915232370600e-01
-1.7622102912295762e-01
-1.9070996946025140e-01
-2.0701376506061678e-01
-2.2544828116802060e-01
-2.4640484589621375e-01
-2.7036027390480410e-01
-2.9790169633887387e-01
-3.2978550615084790e-01
-3.6695687373026298e-01
-4.1064083783841432e-01
-4.6244239651255858e-01
-5.2446036893040737e-01
-5.9955043296398491e-01
-6.9159958253389764e-01
-8.0602426793183424e-01
-9.5037218592443085e-01
-1.1359183411784106e+00
-1.3796591873318600e+00
-1.7077793795058338e+00
-2.1611268660165983e+00
-2.8074248989122723e+00
-3.7571374870602079e+00
-5.1784029143171315e+00
-7.2166574223667146e+00
-9.3874565400175438e+00
-9.9739309336311628e+00
-9.3579410253796436e+00
-8.5716682488887219e+00
-6.7094294014669842e+00
-4.4837566009080909e+00
-2.9688242594474432e+00
-2.0532023626289977e+00
-1.4880522575653634e+00
-1.1222307795235280e+00
-8.7450220991688254e-01
-6.9987139987518188e-01
-5.7245844058586159e-01
-4.8620176000954490e-01
-5.8369316900514234e-01
-7.1259314546612706e-01
-8.8749724120170570e-01
-1.1319057517398479e+00
-1.4857293441498090e+00
-2.0174575867046203e+00
-2.8433847124940987e+00
-4.1178876909315685e+00
-5.7408441432116142e+00
-6.5858038505790537e+00
0.0000000000000000e+00
2.4055929233035767e-01
0.0000000000000000e+00
0.0000000000000000e+00
];
