%Vec Object:sol 1 MPI processes
%  type: mpi
sol = [
0.0000000000000000e+00
-2.0421354720323304e+01
-1.5339222569865219e+01
-9.8288164022410900e+00
-6.2511599842239196e+00
-4.1901817936350483e+00
-2.9651225987209324e+00
-2.1959114649593929e+00
-1.6855610350642067e+00
-1.3320400415706826e+00
-1.0780737517035377e+00
-8.8967653825183302e-01
-7.4634841992709955e-01
-6.3476995125599722e-01
-5.4629140183062075e-01
-4.7500347661583492e-01
-4.1678414171041900e-01
-3.6862340432959834e-01
-3.2829906139443094e-01
-2.9424820968739596e-01
-2.6523974552439772e-01
-2.4028653859100543e-01
-2.1869966130518217e-01
-1.9990577450415517e-01
-1.8342424093248863e-01
-1.6889734530303660e-01
-1.5603920210015332e-01
-1.4459616331321887e-01
-1.3436074348164737e-01
-1.2518260588266342e-01
-1.1691994820731810e-01
-1.0944068751171113e-01
-1.0266335552562197e-01
-9.6503334207560382e-02
-9.0876035093794383e-02
-8.5730257535538409e-02
-8.1013166064303199e-02
-7.6673281062144813e-02
-7.2674118175452773e-02
-6.8984616050455444e-02
-6.5569820272568621e-02
-6.2401857173083886e-02
-5.9462090885107066e-02
-5.6727406827348809e-02
-5.4175515662045655e-02
-5.1795488180253556e-02
-4.9571869677103655e-02
-4.7486224080433376e-02
-4.5532482708901457e-02
-4.3699878538231665e-02
-4.1973927515988496e-02
-4.0350522072380081e-02
-3.8822120014252899e-02
-3.7378086006167613e-02
-3.6014604963184309e-02
-3.4726684584141111e-02
-3.3506420045442617e-02
-3.2350251191322697e-02
-3.1254935966172875e-02
-3.0214531969606124e-02
-2.9225726867730038e-02
-2.8286484122095824e-02
-2.7392286047146146e-02
-2.6540071937293203e-02
-2.5728634845392007e-02
-2.4954499834936871e-02
-2.4214863364948720e-02
-2.3509085334562561e-02
-2.2834458136925886e-02
-2.2188439293651399e-02
-2.1570770352348872e-02
-2.0979310421343600e-02
-2.0411778790150662e-02
-1.9868167086667936e-02
-1.9346753438359451e-02
-1.8845516266291589e-02
-1.8364603637085791e-02
-1.7902603127688606e-02
-1.7457746902373346e-02
-1.7030272495676627e-02
-1.6618995015811766e-02
-1.6222392701572122e-02
-1.5840744875188044e-02
-1.5473032623514937e-02
-1.5117971027203933e-02
-1.4775847257237639e-02
-1.4445761884225649e-02
-1.4126656464665047e-02
-1.3818802179085890e-02
-1.3865203249825519e-02
-1.4197515090650637e-02
-1.4542131272365767e-02
-1.4899268169267947e-02
-1.5269225022443720e-02
-1.5653326173017418e-02
-1.6051808680990525e-02
-1.6465225307838317e-02
-1.6894987063409642e-02
-1.7341353310231820e-02
-1.7805203084804176e-02
-1.8288047679217441e-02
-1.8790174094027889e-02
-1.9312876010839506e-02
-1.9857785320260387e-02
-2.0425227456065422e-02
-2.1017019879378634e-02
-2.1634944403004501e-02
-2.2279383579407976e-02
-2.2952814987190973e-02
-2.3657212792914023e-02
-2.4393047136476529e-02
-2.5163628312827365e-02
-2.5970996993524804e-02
-2.6816320297595553e-02
-2.7703401398310346e-02
-2.8634536311458830e-02
-2.9611924163453637e-02
-3.0639889083232213e-02
-3.1721131802702925e-02
-3.2859198028651795e-02
-3.4059115081944875e-02
-3.5324162059697239e-02
-3.6659656395301610e-02
-3.8071594640757024e-02
-3.9564095085302564e-02
-4.1144833672188755e-02
-4.2821043301199152e-02
-4.4598459020614288e-02
-4.6487561168331228e-02
-4.8497114762743904e-02
-5.0636361168038949e-02
-5.2918500320337007e-02
-5.5355007357800995e-02
-5.7960084281093574e-02
-6.0750925061355682e-02
-6.3743103240315624e-02
-6.6957990292550576e-02
-7.0418711653719546e-02
-7.4147480008676173e-02
-7.8176018181300266e-02
-8.2535885026485081e-02
-8.7262510981776217e-02
-9.2400809626700331e-02
-9.7997000131971296e-02
-1.0410747033099210e-01
-1.1079870785460620e-01
-1.1814149237676480e-01
-1.2622678042134425e-01
-1.3515684007870790e-01
-1.4504872497005344e-01
-1.5604996492445058e-01
-1.6832777459891496e-01
-1.8208605480540202e-01
-1.9757474450244847e-01
-2.1508610515326171e-01
-2.3497465837539311e-01
-2.5770536119154408e-01
-2.8383543369266140e-01
-3.1408209631909634e-01
-3.4934152141761327e-01
-3.9077547368889459e-01
-4.3990632632644794e-01
-4.9872502836647137e-01
-5.6994123682364506e-01
-6.5724383189441871e-01
-7.6577433707224041e-01
-9.0288297488828739e-01
-1.0789750834804401e+00
-1.3103435576668783e+00
-1.6218807552341774e+00
-2.0529030302542610e+00
-2.6670842127859102e+00
-3.5705647481667575e+00
-4.9223793732706280e+00
-6.8573805693005792e+00
-8.9089367326505862e+00
-9.4662444119296580e+00
-8.9068952508551060e+00
-8.1848688061953663e+00
-6.4471123404862460e+00
-4.3344481325881112e+00
-2.8793155866993723e+00
-1.9946193295208963e+00
-1.4468451562410329e+00
-1.0918613093845535e+00
-8.5115292837876722e-01
-6.8124115498995386e-01
-5.5729539384005955e-01
-4.7335324333048867e-01
-5.6816984356587974e-01
-6.9350075865811844e-01
-8.6340365281431342e-01
-1.1008894431768672e+00
-1.4444553251006351e+00
-1.9599778249149085e+00
-2.7589258069575746e+00
-3.9857885955893497e+00
-5.5302911906939540e+00
-6.3213758203900587e+00
0.0000000000000000e+00
2.4055929233035767e-01
0.0000000000000000e+00
0.0000000000000000e+00
];
