%Vec Object:sol 1 MPI processes
%  type: mpi
sol = [
0.0000000000000000e+00
-1.4878662027842349e+01
-1.2018957049608060e+01
-8.3043467130604167e+00
-5.5144045107505208e+00
-3.7827992233929302e+00
-2.7127568184438022e+00
-2.0264857947496107e+00
-1.5644245746516505e+00
-1.2418109063699512e+00
-1.0085507004790280e+00
-8.3468434234328770e-01
-7.0192157726375559e-01
-5.9831984506063829e-01
-5.1590708380515449e-01
-4.4937230075632273e-01
-3.9494064935825518e-01
-3.4984498347687359e-01
-3.1203594296152543e-01
-2.8007034585845364e-01
-2.5280823807760272e-01
-2.2933308400695757e-01
-2.0900553808097344e-01
-1.9129227923425074e-01
-1.7574518038160092e-01
-1.6203081437947842e-01
-1.4988255935605405e-01
-1.3906324784244800e-01
-1.2937870245263836e-01
-1.2068855579167545e-01
-1.1285996984343480e-01
-1.0576882506596590e-01
-9.9339091617489966e-02
-9.3491373349077103e-02
-8.8145952133113367e-02
-8.3255468296547688e-02
-7.8771566852841840e-02
-7.4643563205198729e-02
-7.0837249261633123e-02
-6.7323544309475430e-02
-6.4069458468557855e-02
-6.1048729836688402e-02
-5.8243969758114501e-02
-5.5633350661485441e-02
-5.3195750986745345e-02
-5.0921046595320152e-02
-4.8794648133493407e-02
-4.6798982638624226e-02
-4.4928516646866395e-02
-4.3173085992712086e-02
-4.1518830528357531e-02
-3.9962030294515845e-02
-3.8495577667712902e-02
-3.7109253910202013e-02
-3.5799210952208935e-02
-3.4561011000621013e-02
-3.3387220236149949e-02
-3.2274512513020805e-02
-3.1219865031876480e-02
-3.0217562236310530e-02
-2.9264475453571595e-02
-2.8358733937921099e-02
-2.7495987979094978e-02
-2.6673320022812079e-02
-2.5889652506206503e-02
-2.5141636568869887e-02
-2.4426579152296859e-02
-2.3743944403046419e-02
-2.3091120627277320e-02
-2.2465649286909709e-02
-2.1867358634167815e-02
-2.1294181594082532e-02
-2.0743899992094278e-02
-2.0216579663504583e-02
-1.9710556033205678e-02
-1.9223853040388348e-02
-1.8756683768598095e-02
-1.8307680424975693e-02
-1.7875107447617045e-02
-1.7459260350889773e-02
-1.7058988865777690e-02
-1.6672793540341832e-02
-1.6301005991596024e-02
-1.5942633742811591e-02
-1.5596407073313156e-02
-1.5262660587566822e-02
-1.4940514341430294e-02
-1.4628920477841567e-02
-1.4328193204323244e-02
-1.4394454814154913e-02
-1.4758058799915248e-02
-1.5135370399852598e-02
-1.5526668806825999e-02
-1.5932319841338888e-02
-1.6353753300383318e-02
-1.6791279335736792e-02
-1.7245536780618118e-02
-1.7718060562582072e-02
-1.8209195377024329e-02
-1.8719932589011813e-02
-1.9251929228948070e-02
-1.9805572356853318e-02
-2.0382303180157546e-02
-2.0983925446659970e-02
-2.1610882814475266e-02
-2.2265186924772622e-02
-2.2948823322666685e-02
-2.3662315681110116e-02
-2.4408397379341917e-02
-2.5189285904087436e-02
-2.6005621956669681e-02
-2.6861052973670474e-02
-2.7757902120283676e-02
-2.8697578638084774e-02
-2.9684297479994039e-02
-3.0720694985374344e-02
-3.1809317887945714e-02
-3.2954991148343299e-02
-3.4160834509630936e-02
-3.5430885755546315e-02
-3.6770789995133432e-02
-3.8184351230637008e-02
-3.9677577976842168e-02
-4.1257241233328898e-02
-4.2928130192689720e-02
-4.4698887086125849e-02
-4.6577724467760817e-02
-4.8571283534486406e-02
-5.0691365687483433e-02
-5.2947982298161084e-02
-5.5351713528735164e-02
-5.7917487984917367e-02
-6.0658443980538289e-02
-6.3590751387276143e-02
-6.6733923828358313e-02
-7.0105815320852888e-02
-7.3730696687689237e-02
-7.7634885277187204e-02
-8.1843841781630636e-02
-8.6393569559635466e-02
-9.1320085696023928e-02
-9.6663844015154751e-02
-1.0247592820920692e-01
-1.0880912834966135e-01
-1.1572770215163052e-01
-1.2330737609359475e-01
-1.3162900622492027e-01
-1.4079615001902857e-01
-1.5092540621046041e-01
-1.6215033273815610e-01
-1.7463893400897423e-01
-1.8858189270133144e-01
-2.0421156707303892e-01
-2.2181262931066220e-01
-2.4171881721738117e-01
-2.6435358358380745e-01
-2.9023299168363070e-01
-3.1999258144520981e-01
-3.5444442985653413e-01
-3.9456534930069526e-01
-4.4171243542408517e-01
-4.9761436034438233e-01
-5.6453073514399521e-01
-6.4553411871523592e-01
-7.4480434477230695e-01
-8.6816213752048299e-01
-1.0239452004090437e+00
-1.2241245631238951e+00
-1.4865023891294511e+00
-1.8394252354468437e+00
-2.3275370514686329e+00
-3.0213341272139576e+00
-4.0410939617002652e+00
-5.5659224386092365e+00
-7.7549157119401899e+00
-1.0099702108606982e+01
-1.0722948803152111e+01
-1.0017577602932466e+01
-9.1327705982698273e+00
-7.0836708692889978e+00
-4.6959809144841520e+00
-3.0953855015433107e+00
-2.1358214123870889e+00
-1.5456242530914799e+00
-1.1649136601754879e+00
-9.0724975928833496e-01
-7.2581947239609768e-01
-5.9362495009446292e-01
-5.0417714698404625e-01
-6.0540254845433394e-01
-7.3924915981699846e-01
-9.2092010318894957e-01
-1.1751278479839014e+00
-1.5431492781871192e+00
-2.0973579892501761e+00
-2.9603717064495867e+00
-4.3009747985623887e+00
-6.0331082350337892e+00
-6.9550425737838752e+00
0.0000000000000000e+00
2.4055929233035767e-01
0.0000000000000000e+00
0.0000000000000000e+00
];
