%Vec Object:sol 1 MPI processes
%  type: mpi
sol = [
0.0000000000000000e+00
-2.5215505946581587e+01
-1.7847568336763924e+01
-1.0845384958140478e+01
-6.7126623052921985e+00
-4.4389397995608331e+00
-3.1181136233802125e+00
-2.2969032036015200e+00
-1.7573999686836823e+00
-1.3855420368665630e+00
-1.1190105296899338e+00
-9.2187357255167213e-01
-7.7223727013933596e-01
-6.5608990054991378e-01
-5.6412436930165510e-01
-4.9008254318456645e-01
-4.2960837924930939e-01
-3.7962827030041435e-01
-3.3781447264817144e-01
-3.0253158093792398e-01
-2.7249334159581318e-01
-2.4666991736019936e-01
-2.2434272489584506e-01
-2.0491445026401975e-01
-1.8788494581288612e-01
-1.7288204107233845e-01
-1.5960842657582761e-01
-1.4780063086401654e-01
-1.3724325207466936e-01
-1.2778010492050321e-01
-1.1926407860150727e-01
-1.1155833835780656e-01
-1.0457826539815987e-01
-9.8236163180768457e-02
-9.2444539486930169e-02
-8.7150797426259557e-02
-8.2301592154823008e-02
-7.7841438197182033e-02
-7.3732585943684606e-02
-6.9942905250984164e-02
-6.6436344538052014e-02
-6.3184138825606806e-02
-6.0166985228017354e-02
-5.7361050089762854e-02
-5.4743383949714466e-02
-5.2302632252181173e-02
-5.0022857723157843e-02
-4.7885125805231549e-02
-4.5883090141665160e-02
-4.4005647360398213e-02
-4.2237944770990653e-02
-4.0575681856128719e-02
-3.9011117531960064e-02
-3.7533105152781979e-02
-3.6137657372863216e-02
-3.4819812528512489e-02
-3.3571541278885758e-02
-3.2389147974982761e-02
-3.1269263609047214e-02
-3.0205807239703713e-02
-2.9195358734579287e-02
-2.8235786503307651e-02
-2.7322470564665000e-02
-2.6452265171118226e-02
-2.5623889811300846e-02
-2.4833792992680428e-02
-2.4079104833203354e-02
-2.3359126297241427e-02
-2.2671091695890596e-02
-2.2012407672906263e-02
-2.1382766873576962e-02
-2.0779983808714469e-02
-2.0201739557806766e-02
-1.9647983844940164e-02
-1.9116960240275011e-02
-1.8606619170879433e-02
-1.8117071831913075e-02
-1.7646878911379445e-02
-1.7194252636528250e-02
-1.6759397442629512e-02
-1.6341107587076745e-02
-1.5937847512272008e-02
-1.5549866443379199e-02
-1.5176129547096618e-02
-1.4815342549162773e-02
-1.4467765078284440e-02
-1.4132485973687428e-02
-1.3808440365985023e-02
-1.3495874224489111e-02
-1.3529471507420248e-02
-1.3841696995838672e-02
-1.4165298796301342e-02
-1.4500450070052837e-02
-1.4847404332196211e-02
-1.5207416484094134e-02
-1.5580673087405041e-02
-1.5967668241676027e-02
-1.6369730831853526e-02
-1.6787060995521495e-02
-1.7220461674811068e-02
-1.7671346971962685e-02
-1.8139934124894851e-02
-1.8627417317505911e-02
-1.9135313134922397e-02
-1.9663864222436697e-02
-2.0214757451539313e-02
-2.0789637141362702e-02
-2.1388786622832116e-02
-2.2014511706713851e-02
-2.2668621428128349e-02
-2.3351465589228716e-02
-2.4066128184229013e-02
-2.4814456614404970e-02
-2.5597449118000895e-02
-2.6418631071252061e-02
-2.7280064329917850e-02
-2.8183707752058730e-02
-2.9133545643835190e-02
-3.0131989082370553e-02
-3.1182245424872856e-02
-3.2288920532288740e-02
-3.3454929133981764e-02
-3.4685114734335179e-02
-3.5984942873528956e-02
-3.7358064452608981e-02
-3.8811493304662090e-02
-4.0351787087394016e-02
-4.1984049059749610e-02
-4.3717852888020541e-02
-4.5561099610359070e-02
-4.7522100370010707e-02
-4.9612862852870462e-02
-5.1843704793052836e-02
-5.4227462467587403e-02
-5.6779722629130572e-02
-5.9514466237169744e-02
-6.2451051662646834e-02
-6.5610382884971605e-02
-6.9012397871711317e-02
-7.2685841596450029e-02
-7.6659154488154482e-02
-8.0964248103446726e-02
-8.5641723626670094e-02
-9.0733185789204376e-02
-9.6289500244449405e-02
-1.0237066759662104e-01
-1.0904036291780005e-01
-1.1638067536630808e-01
-1.2448375968397414e-01
-1.3345499432124983e-01
-1.4342743349903186e-01
-1.5455164428407922e-01
-1.6701131892271073e-01
-1.8103169907139946e-01
-1.9687639302879695e-01
-2.1488057106774439e-01
-2.3545252398524952e-01
-2.5909499453424240e-01
-2.8645099601662555e-01
-3.1830831540421450e-01
-3.5573371968899187e-01
-4.0010037777619945e-01
-4.5320410226577057e-01
-5.1749002594095039e-01
-5.9628743554072861e-01
-6.9423781939527485e-01
-8.1799835069436233e-01
-9.7726726727691882e-01
-1.1862631049334420e+00
-1.4677022694222324e+00
-1.8574441249264799e+00
-2.4132218370900578e+00
-3.2308441827579326e+00
-4.4522801747911691e+00
-6.1943839176372384e+00
-8.0161675720259495e+00
-8.5135156686866189e+00
-8.0493889511345866e+00
-7.4408974561395089e+00
-5.9355239722153428e+00
-4.0389875214148523e+00
-2.7011499219180153e+00
-1.8779456775572603e+00
-1.3650219281537639e+00
-1.0312248449523225e+00
-8.0437774943575691e-01
-6.4410410718480615e-01
-5.2702624986198510e-01
-4.4763894151121481e-01
-5.3702302999920448e-01
-6.5511418627519702e-01
-8.1518949170741084e-01
-1.0386505805643849e+00
-1.3612590801102413e+00
-1.8443728797137471e+00
-2.5889072703535554e+00
-3.7195998260536016e+00
-5.1077671726816609e+00
-5.7944177655045355e+00
0.0000000000000000e+00
2.4055929233035767e-01
0.0000000000000000e+00
0.0000000000000000e+00
];
