%Vec Object:sol 1 MPI processes
%  type: mpi
sol = [
0.0000000000000000e+00
-2.2488360981606114e+01
-1.7865964420402427e+01
-1.1969487439086487e+01
-7.7337991765071727e+00
-5.2029325988656385e+00
-3.6846313781683491e+00
-2.7257815155310441e+00
-2.0912526866767402e+00
-1.6516464705923788e+00
-1.3356147451150553e+00
-1.1015711578653111e+00
-9.2376307468453978e-01
-7.8565865075839447e-01
-6.7625550070178897e-01
-5.8815489508597307e-01
-5.1623422473482483e-01
-4.5668554396851052e-01
-4.0682927361941373e-01
-3.6475030899075939e-01
-3.2891711971068877e-01
-2.9810535711280139e-01
-2.7145737633169786e-01
-2.4826185043545332e-01
-2.2792413662326583e-01
-2.1000069651401715e-01
-1.9413712995804511e-01
-1.8002009692133769e-01
-1.6739333408823082e-01
-1.5607042327362355e-01
-1.4587631934178449e-01
-1.3664846740177949e-01
-1.2828571223585436e-01
-1.2068367704689222e-01
-1.1373841136145338e-01
-1.0738708964240974e-01
-1.0156617827308587e-01
-9.6209691350395227e-02
-9.1272616348141350e-02
-8.6716654836934332e-02
-8.2498891204028521e-02
-7.8585045011090121e-02
-7.4952104023059837e-02
-7.1571673181516943e-02
-6.8416382710273602e-02
-6.5472713337681288e-02
-6.2721669466792668e-02
-6.0140623820443294e-02
-5.7722055874710340e-02
-5.5452728828973494e-02
-5.3314853682189668e-02
-5.1303350993761335e-02
-4.9408946323581900e-02
-4.7618562314862188e-02
-4.5927499098437199e-02
-4.4329617689106190e-02
-4.2815186966486923e-02
-4.1379826484836325e-02
-4.0019553625504328e-02
-3.8727044939841873e-02
-3.7498223075735797e-02
-3.6330593885303845e-02
-3.5218583878382302e-02
-3.4158419978637895e-02
-3.3148634619003109e-02
-3.2184936406014594e-02
-3.1263862293285170e-02
-3.0384647862085445e-02
-2.9543945974815369e-02
-2.8738608551623010e-02
-2.7968345643931487e-02
-2.7230508295244388e-02
-2.6522265030804182e-02
-2.5843637661801613e-02
-2.5192493492060576e-02
-2.4566315950475648e-02
-2.3965322288226513e-02
-2.3387760919536940e-02
-2.2831425226171820e-02
-2.2296644389179169e-02
-2.1781946645815484e-02
-2.1285427674182018e-02
-2.0807468795709917e-02
-2.0346801743798281e-02
-1.9901814875735613e-02
-1.9472898854937849e-02
-1.9058931081635085e-02
-1.8658581514952553e-02
-1.8272219843608425e-02
-1.8353931456724395e-02
-1.8814708422237467e-02
-1.9292798356828667e-02
-1.9788558009895013e-02
-2.0302453012536154e-02
-2.0836275831487960e-02
-2.1390423237883944e-02
-2.1965702797444493e-02
-2.2564039529671120e-02
-2.3185875006488006e-02
-2.3832458124892954e-02
-2.4505867896559182e-02
-2.5206600838922084e-02
-2.5936468724402761e-02
-2.6697735519129916e-02
-2.7490970019363018e-02
-2.8318700839001315e-02
-2.9183419121047122e-02
-3.0085794480698324e-02
-3.1028815251657384e-02
-3.2015666319763041e-02
-3.3047166647781186e-02
-3.4127882362700653e-02
-3.5260729896009348e-02
-3.6447488775449552e-02
-3.7693434920570069e-02
-3.9001878396473399e-02
-4.0376019708069887e-02
-4.1821897793050178e-02
-4.3343428971516072e-02
-4.4945675087972925e-02
-4.6635700145957290e-02
-4.8418277471230710e-02
-5.0300927193941539e-02
-5.2292119211463893e-02
-5.4397858967527614e-02
-5.6628949254105602e-02
-5.8995658635665596e-02
-6.1506303340315989e-02
-6.4175620820435181e-02
-6.7016122225266178e-02
-7.0041028887227672e-02
-7.3268969978805401e-02
-7.6716348824295566e-02
-8.0403339195100593e-02
-8.4354269053122821e-02
-8.8591402995446433e-02
-9.3144977324315717e-02
-9.8047764361264486e-02
-1.0333146830278579e-01
-1.0904087689574954e-01
-1.1522078026797873e-01
-1.2192146200042663e-01
-1.2920637343185640e-01
-1.3714105198248733e-01
-1.4580522207212732e-01
-1.5529277321428953e-01
-1.6570388591744539e-01
-1.7716678384069001e-01
-1.8982571942049678e-01
-2.0384579170020856e-01
-2.1943452902215071e-01
-2.3682723377679379e-01
-2.5631038517972271e-01
-2.7823462453718345e-01
-3.0301053627477376e-01
-3.3115858085631195e-01
-3.6331223170045507e-01
-4.0025057654433022e-01
-4.4297571976484390e-01
-4.9273809680172559e-01
-5.5108111193637155e-01
-6.2009911134850326e-01
-7.0258486613094828e-01
-8.0226186200819127e-01
-9.2418387570990967e-01
-1.0753720574549166e+00
-1.2658594788264264e+00
-1.5100209246676315e+00
-1.8287604459516380e+00
-2.2560795351932117e+00
-2.8445489823007795e+00
-3.6772209788900501e+00
-4.8946031693951406e+00
-6.7072945868567651e+00
-9.3095067699499090e+00
-1.2110760484852380e+01
-1.2779587782670289e+01
-1.1770419306999027e+01
-1.0570955874981623e+01
-8.0074159796244242e+00
-5.2018169380386547e+00
-3.3917010903947720e+00
-2.3262838200524834e+00
-1.6774146302755204e+00
-1.2612144174907047e+00
-9.8064835499558733e-01
-7.8361218102379082e-01
-6.4031709696700201e-01
-5.4341417176635942e-01
-6.5246625882898102e-01
-7.9671062374781465e-01
-9.9257766913144163e-01
-1.2666853007575165e+00
-1.6642075579792674e+00
-2.2640135501097771e+00
-3.2029746899364708e+00
-4.6778526498211397e+00
-6.6351717485823531e+00
-7.7206855108932979e+00
0.0000000000000000e+00
1.3464638167935297e-01
0.0000000000000000e+00
0.0000000000000000e+00
];
