%Vec Object:sol 1 MPI processes
%  type: mpi
sol = [
0.0000000000000000e+00
-1.5841308021918048e+01
-1.2631085984895961e+01
-8.6042322310110428e+00
-5.6634158110937891e+00
-3.8653737548863814e+00
-2.7655061018664195e+00
-2.0609442239854912e+00
-1.5894491868576264e+00
-1.2607455116947750e+00
-1.0232698349935112e+00
-8.4613747999219524e-01
-7.1103691403918845e-01
-6.0576973255427735e-01
-5.2215752194584375e-01
-4.5467542954440415e-01
-3.9948361953666356e-01
-3.5376900648111592e-01
-3.1544923122226909e-01
-2.8305810841031354e-01
-2.5543802371196034e-01
-2.3165865845663278e-01
-2.1107094741694060e-01
-1.9313367336030490e-01
-1.7739228030740969e-01
-1.6349893477248689e-01
-1.5119360898060641e-01
-1.4023684692781171e-01
-1.3043137747039801e-01
-1.2163449587126916e-01
-1.1371129585825712e-01
-1.0653584542368694e-01
-1.0003084630577476e-01
-9.4115710597160354e-02
-8.8709627841709313e-02
-8.3764473396677044e-02
-7.9231179399783538e-02
-7.5058391474683725e-02
-7.1211395191216095e-02
-6.7660673709863131e-02
-6.4372812113907441e-02
-6.1321198363312610e-02
-5.8488168753875601e-02
-5.5851618030649350e-02
-5.3390174092315015e-02
-5.1093535190309777e-02
-4.8946925245171712e-02
-4.6932588803156712e-02
-4.5044873221927080e-02
-4.3273484783645705e-02
-4.1604432588976899e-02
-4.0033911155392572e-02
-3.8554714300106617e-02
-3.7156555381537747e-02
-3.5835856977602248e-02
-3.4587866361198517e-02
-3.3404929196074420e-02
-3.2283672684783181e-02
-3.1221030251645066e-02
-3.0211242210465374e-02
-2.9251143433908902e-02
-2.8338829827519646e-02
-2.7469918945446471e-02
-2.6641464961740004e-02
-2.5852364098710775e-02
-2.5099242883858314e-02
-2.4379386562546894e-02
-2.3692238020985978e-02
-2.3035166812359911e-02
-2.2405698022301419e-02
-2.1803642125790133e-02
-2.1226917597208714e-02
-2.0673294154812220e-02
-2.0142822361019119e-02
-1.9633826416102711e-02
-1.9144321527012082e-02
-1.8674507366374458e-02
-1.8223007399456950e-02
-1.7788079940722453e-02
-1.7370008536439767e-02
-1.6967636145235804e-02
-1.6579459136942039e-02
-1.6205798339221558e-02
-1.5845656121131275e-02
-1.5497759954569609e-02
-1.5162434671566267e-02
-1.4838796553376721e-02
-1.4525795805634864e-02
-1.4223737789854059e-02
-1.4286058410568002e-02
-1.4643387765518977e-02
-1.5014148561723865e-02
-1.5398607941507320e-02
-1.5797118935068282e-02
-1.6211090523732957e-02
-1.6640818880858214e-02
-1.7086926223819281e-02
-1.7550923125465284e-02
-1.8033138015428732e-02
-1.8534540493406346e-02
-1.9056759067849004e-02
-1.9600161791129837e-02
-2.0166161211825784e-02
-2.0756527585938780e-02
-2.1371682190423874e-02
-2.2013598887418589e-02
-2.2684223684395516e-02
-2.3384053628203543e-02
-2.4115772299948622e-02
-2.4881550161485657e-02
-2.5681995834648107e-02
-2.6520691132746802e-02
-2.7399904951620660e-02
-2.8321000652852868e-02
-2.9288113345866080e-02
-3.0303814289006345e-02
-3.1370583972165078e-02
-3.2493150679656413e-02
-3.3674554352763217e-02
-3.4918738721836144e-02
-3.6231230173485861e-02
-3.7615733133910069e-02
-3.9078123879300618e-02
-4.0625025238905571e-02
-4.2261099613612747e-02
-4.3994804373413035e-02
-4.5834165546116259e-02
-4.7785653397727099e-02
-4.9860817130579750e-02
-5.2069432122871996e-02
-5.4421825639986002e-02
-5.6932597856710308e-02
-5.9614573586889534e-02
-6.2483551093423233e-02
-6.5558605528840436e-02
-6.8857162981936379e-02
-7.2402947739300755e-02
-7.6221677000036653e-02
-8.0338204594844115e-02
-8.4787729592890923e-02
-8.9605436144494982e-02
-9.4830841501903101e-02
-1.0051387712787886e-01
-1.0670611267909827e-01
-1.1347034406333806e-01
-1.2088058401543324e-01
-1.2901582931731145e-01
-1.3797730921830301e-01
-1.4787855285879606e-01
-1.5884134580996237e-01
-1.7103689239648598e-01
-1.8465108317502832e-01
-1.9991043821781532e-01
-2.1709248162165226e-01
-2.3652247867650220e-01
-2.5861319091659962e-01
-2.8386757295895315e-01
-3.1290493412020298e-01
-3.4652286428291856e-01
-3.8571801480832135e-01
-4.3178185912454481e-01
-4.8640607865133351e-01
-5.5180254226153280e-01
-6.3097983407828340e-01
-7.2803216511568947e-01
-8.4852740350450850e-01
-1.0005415922219969e+00
-1.1959990521706654e+00
-1.4526912150915756e+00
-1.7981410592889417e+00
-2.2745762727083019e+00
-2.9542237528771915e+00
-3.9514634263979751e+00
-5.4437911928332321e+00
-7.5871443925738102e+00
-9.8779389033810645e+00
-1.0489822609668241e+01
-9.8133027451917396e+00
-8.9591863582394495e+00
-6.9685875501559362e+00
-4.6309692123865052e+00
-3.0566935054109403e+00
-2.1106019356559775e+00
-1.5280605748066249e+00
-1.1519036610545663e+00
-8.9727000947205093e-01
-7.1791585178093997e-01
-5.8720190331445532e-01
-4.9871312693297909e-01
-5.9879687270103465e-01
-7.3114195036439078e-01
-9.1076126098555765e-01
-1.1620073030853273e+00
-1.5257115256016880e+00
-2.0731073653789744e+00
-2.9249797013764653e+00
-4.2454737146521211e+00
-5.9445180920290079e+00
-6.8427908682790068e+00
0.0000000000000000e+00
2.4055929233035767e-01
0.0000000000000000e+00
0.0000000000000000e+00
];
