%Vec Object:sol 1 MPI processes
%  type: mpi
sol = [
0.0000000000000000e+00
-2.8536286551923315e+01
-2.1242361210336750e+01
-1.3294102701828454e+01
-8.2821059367370449e+00
-5.4746349912170924e+00
-3.8361551764197168e+00
-2.8217634635152700e+00
-2.1547527012115606e+00
-1.6966677162285333e+00
-1.3693853456966525e+00
-1.1271491977800052e+00
-9.4350051785006606e-01
-8.0117557459794531e-01
-6.8863227054325182e-01
-5.9813958994249872e-01
-5.2436139595996900e-01
-4.6341914489235836e-01
-4.1245954826319442e-01
-3.6947485172041600e-01
-3.3289039036851953e-01
-3.0143893593596305e-01
-2.7422667185265454e-01
-2.5055521734198077e-01
-2.2981289800200794e-01
-2.1154352202467816e-01
-1.9538274243864176e-01
-1.8100891871376262e-01
-1.6815917610487768e-01
-1.5664206707494893e-01
-1.4627816461880339e-01
-1.3690116288077517e-01
-1.2840718028753342e-01
-1.2068935329207212e-01
-1.1364154255551800e-01
-1.0719928891082336e-01
-1.0129758308504513e-01
-9.5869128479876414e-02
-9.0867865703883693e-02
-8.6254583699452783e-02
-8.1985550095658638e-02
-7.8025800093036515e-02
-7.4351726296704695e-02
-7.0934404964506342e-02
-6.7746018982814571e-02
-6.4772638231938059e-02
-6.1994910472283928e-02
-5.9389924933972410e-02
-5.6949858880271709e-02
-5.4661226879994348e-02
-5.2506064457342995e-02
-5.0479064316239157e-02
-4.8570773162790959e-02
-4.6768000849038198e-02
-4.5065882547682595e-02
-4.3458141873258950e-02
-4.1934974351740831e-02
-4.0491883596284410e-02
-3.9124775399737799e-02
-3.7826277978118099e-02
-3.6592236414188746e-02
-3.5420061282109623e-02
-3.4304146851823883e-02
-3.3240672271287096e-02
-3.2228085377149336e-02
-3.1262073141653822e-02
-3.0339147517941773e-02
-2.9458466791187458e-02
-2.8616669478701513e-02
-2.7810599664980191e-02
-2.7039895597784934e-02
-2.6301898858244233e-02
-2.5593782842060351e-02
-2.4915501912068413e-02
-2.4264917782217180e-02
-2.3639527458525978e-02
-2.3039484637099577e-02
-2.2463035419546883e-02
-2.1907992153606129e-02
-2.1374624240471533e-02
-2.0861460651040498e-02
-2.0366618586922586e-02
-1.9890423468099720e-02
-1.9431610808863308e-02
-1.8988590635147538e-02
-1.8561701801685593e-02
-1.8149828675015651e-02
-1.7751660962216181e-02
-1.7367520917313264e-02
-1.7428578493902547e-02
-1.7849119257525640e-02
-1.8285250479643956e-02
-1.8737260973490502e-02
-1.9205542497305519e-02
-1.9691748387765579e-02
-2.0196196798021749e-02
-2.0719595536115930e-02
-2.1263710075236218e-02
-2.1828890714532017e-02
-2.2416252172756983e-02
-2.3027689840333092e-02
-2.3663593720350217e-02
-2.4325595951669068e-02
-2.5015748172120999e-02
-2.5734494633363386e-02
-2.6484121491618381e-02
-2.7266874437776732e-02
-2.8083276661810489e-02
-2.8936439101105903e-02
-2.9828855935614931e-02
-3.0761168957847120e-02
-3.1737530266603191e-02
-3.2760529763831800e-02
-3.3831683304095014e-02
-3.4955768585501666e-02
-3.6135707679437072e-02
-3.7374309132633038e-02
-3.8677015457179380e-02
-4.0047270034897560e-02
-4.1489569272094642e-02
-4.3010251694190198e-02
-4.4613502880982828e-02
-4.6306041428250608e-02
-4.8095438795214093e-02
-4.9986953860796754e-02
-5.1990264839258761e-02
-5.4114517350864769e-02
-5.6367018139954914e-02
-5.8760972062116459e-02
-6.1307479474291472e-02
-6.4018253311381057e-02
-6.6909976634520460e-02
-6.9997331751339556e-02
-7.3296776330660271e-02
-7.6829963131926096e-02
-8.0617514728893308e-02
-8.4686406995078276e-02
-8.9065755709990785e-02
-9.3783585476182277e-02
-9.8879770340968037e-02
-1.0439403144426340e-01
-1.1037095156386713e-01
-1.1686694771510646e-01
-1.2394012447792840e-01
-1.3166128545902372e-01
-1.4011385423617650e-01
-1.4938666949631696e-01
-1.5959371697791735e-01
-1.7086312407321388e-01
-1.8334147893738359e-01
-1.9721331265991049e-01
-2.1268769190726225e-01
-2.3001931545642104e-01
-2.4952009121414315e-01
-2.7155514997266167e-01
-2.9658777633190869e-01
-3.2518195695663865e-01
-3.5803153913851188e-01
-3.9602969442484270e-01
-4.4029132190830761e-01
-4.9226005529471895e-01
-5.5382529360990340e-01
-6.2741466032836679e-01
-7.1625977683707065e-01
-8.2499220654557659e-01
-9.5991384470183194e-01
-1.1300404793630652e+00
-1.3484727986402985e+00
-1.6346705124079597e+00
-2.0180650869016898e+00
-2.5472566347615833e+00
-3.2989343190601277e+00
-4.4011636450134706e+00
-6.0460233442282565e+00
-8.4073372491267424e+00
-1.0945239240618282e+01
-1.1584514950901507e+01
-1.0743730631550207e+01
-9.7207492468683157e+00
-7.4562945255829254e+00
-4.8960662212238573e+00
-3.2108351030216218e+00
-2.2087280891301622e+00
-1.5954810011871254e+00
-1.2007643922187661e+00
-9.3431987452407750e-01
-7.4681078224737674e-01
-6.1033436229841986e-01
-5.1803454051381403e-01
-6.2185305133163771e-01
-7.5910009423157365e-01
-9.4530916208186855e-01
-1.2058741033800005e+00
-1.5834031827538857e+00
-2.1520201955387903e+00
-3.0390274109112276e+00
-4.4220358201788272e+00
-6.2239632060206986e+00
-7.1952439242767419e+00
0.0000000000000000e+00
1.3464638167935297e-01
0.0000000000000000e+00
0.0000000000000000e+00
];
