%Vec Object:sol 1 MPI processes
%  type: mpi
sol = [
0.0000000000000000e+00
-2.9558225776909172e+01
-2.1755220122614865e+01
-1.3482947313782510e+01
-8.3538765140498850e+00
-5.5082561643206072e+00
-3.8568001515864982e+00
-2.8332643322765283e+00
-2.1630010258100225e+00
-1.7028117390652093e+00
-1.3732182750772430e+00
-1.1300530253701329e+00
-9.4584817091549078e-01
-8.0310155531706473e-01
-6.9023055641942754e-01
-5.9947824070694877e-01
-5.2549124621184207e-01
-4.6428601276768894e-01
-4.1311960766401634e-01
-3.6997363634574681e-01
-3.3326191163726776e-01
-3.0171864494168293e-01
-2.7445733598608241e-01
-2.5074375379447200e-01
-2.2996500008459533e-01
-2.1166398386211585e-01
-1.9547563638106530e-01
-1.8107767830887922e-01
-1.6820671738569093e-01
-1.5667092346810110e-01
-1.4629051421615291e-01
-1.3689886521336958e-01
-1.2839188010205010e-01
-1.2066248400919742e-01
-1.1360434222067911e-01
-1.0715285932318784e-01
-1.0124289631365656e-01
-9.5807036121500946e-02
-9.0799126314108025e-02
-8.6179873618179692e-02
-8.1905468787017835e-02
-7.7940883129912583e-02
-7.4262454283963622e-02
-7.0841207727743188e-02
-6.7649283076676808e-02
-6.4672711177684306e-02
-6.1892104836034890e-02
-5.9284525360695735e-02
-5.6842120300899641e-02
-5.4551379328287602e-02
-5.2394320736756726e-02
-5.0365613993146714e-02
-4.8455787520114313e-02
-4.6651640210068068e-02
-4.4948289973121197e-02
-4.3339446015083466e-02
-4.1815296845661161e-02
-4.0371333770401419e-02
-3.9003450526491117e-02
-3.7704270799570352e-02
-3.6469631434620647e-02
-3.5296932384539029e-02
-3.4180564972284166e-02
-3.3116703382882057e-02
-3.2103785729722382e-02
-3.1137497111409361e-02
-3.0214347026109617e-02
-2.9333484020282203e-02
-2.8491545596136175e-02
-2.7685378979687331e-02
-2.6914616491570217e-02
-2.6176605972669534e-02
-2.5468453705178546e-02
-2.4790128004250556e-02
-2.4139380467406026e-02
-2.3513835595673147e-02
-2.2913674205743636e-02
-2.2337141013495286e-02
-2.1782049911683924e-02
-2.1248661542922233e-02
-2.0735504152089461e-02
-2.0240697078004168e-02
-1.9764557628197815e-02
-1.9305821189455081e-02
-1.8862900135820794e-02
-1.8436125849430957e-02
-1.8024383143724197e-02
-1.7626363960235186e-02
-1.7242383735438630e-02
-1.7300437802187967e-02
-1.7715255318498779e-02
-1.8145412196894924e-02
-1.8591186900800305e-02
-1.9052959972413106e-02
-1.9532364513668351e-02
-2.0029706631152003e-02
-2.0545679112198498e-02
-2.1082024068958941e-02
-2.1639077730328932e-02
-2.2217934724505655e-02
-2.2820463373566514e-02
-2.3447037147650434e-02
-2.4099261381524566e-02
-2.4779156176064663e-02
-2.5487146185344089e-02
-2.6225481939948510e-02
-2.6996372099867695e-02
-2.7800316347777340e-02
-2.8640378433218351e-02
-2.9519008624196496e-02
-3.0436820111870325e-02
-3.1397902643451991e-02
-3.2404795627966956e-02
-3.3458972908123247e-02
-3.4565136517710399e-02
-3.5726147880893601e-02
-3.6944753793028751e-02
-3.8226305274852108e-02
-3.9574171031526759e-02
-4.0992758837941970e-02
-4.2488294768831106e-02
-4.4064870652063486e-02
-4.5729079587231741e-02
-4.7488352267392349e-02
-4.9347827276296143e-02
-5.1317006451024272e-02
-5.3404857334264699e-02
-5.5618523047699063e-02
-5.7970966635707687e-02
-6.0473061551006978e-02
-6.3136276836155400e-02
-6.5976941344876930e-02
-6.9009286056864488e-02
-7.2250896994565161e-02
-7.5723040362607977e-02
-7.9445016912491756e-02
-8.3443247634483089e-02
-8.7746322650014585e-02
-9.2381739511842295e-02
-9.7388666614664110e-02
-1.0280609963097169e-01
-1.0867780672734011e-01
-1.1505919921534107e-01
-1.2200732278005924e-01
-1.2959171064438144e-01
-1.3789429780221274e-01
-1.4700231582411630e-01
-1.5702773212678259e-01
-1.6809639526472869e-01
-1.8035228512869170e-01
-1.9397669435625287e-01
-2.0917500996376001e-01
-2.2619748331276179e-01
-2.4535061519844870e-01
-2.6699322023838395e-01
-2.9158065516552129e-01
-3.1966731475956250e-01
-3.5193533670448368e-01
-3.8926340623729944e-01
-4.3268113780539302e-01
-4.8364291695583733e-01
-5.4400470364854792e-01
-6.1618150239238934e-01
-7.0345506908936262e-01
-8.1028537898897102e-01
-9.4287751923857432e-01
-1.1101121789254489e+00
-1.3246093726130819e+00
-1.6053973237355454e+00
-1.9825318703853974e+00
-2.5029965330509185e+00
-3.2418324556639719e+00
-4.3254653858241472e+00
-5.9439550609894374e+00
-8.2690686755717575e+00
-1.0764875485687110e+01
-1.1395826936053357e+01
-1.0581710159900901e+01
-9.5846023705232817e+00
-7.3672866405263413e+00
-4.8461824746310924e+00
-3.1812217431603940e+00
-2.1894286605478275e+00
-1.5819404672757151e+00
-1.1908058163706610e+00
-9.2662188478388074e-01
-7.4071264287852967e-01
-6.0537667270129381e-01
-5.1383625742660755e-01
-6.1678406006950315e-01
-7.5283190259902710e-01
-9.3745332846551199e-01
-1.1957738298123335e+00
-1.5699146792386316e+00
-2.1333647604533250e+00
-3.0116699696914710e+00
-4.3792799777292641e+00
-6.1553333237047045e+00
-7.1079202277635565e+00
0.0000000000000000e+00
1.3464638167935297e-01
0.0000000000000000e+00
0.0000000000000000e+00
];
