%Vec Object:sol 1 MPI processes
%  type: mpi
sol = [
0.0000000000000000e+00
-1.4900321026021359e+01
-1.2032898082930105e+01
-8.3112560303839604e+00
-5.5178559576967450e+00
-3.7847162345322176e+00
-2.7139817001621283e+00
-2.0272866296262810e+00
-1.5650059863514194e+00
-1.2422506730074363e+00
-1.0088938963142271e+00
-8.3495876174846195e-01
-7.0214535359446362e-01
-5.9849264367830557e-01
-5.1605199951976899e-01
-4.4949520046654051e-01
-3.9504588678136682e-01
-3.4993584306597220e-01
-3.1211494130709272e-01
-2.8013946407751683e-01
-2.5286904641294833e-01
-2.2938683222163161e-01
-2.0905324973413747e-01
-1.9133479424475849e-01
-1.7578318869880308e-01
-1.6206489341297531e-01
-1.4991319686318108e-01
-1.3909085459483983e-01
-1.2940362683202256e-01
-1.2071109923663205e-01
-1.1288039148719503e-01
-1.0578734638050794e-01
-9.9355908203345597e-02
-9.3506655951354489e-02
-8.8159848304047661e-02
-8.3268109673141452e-02
-7.8783069981569809e-02
-7.4654030195801760e-02
-7.0846771435920830e-02
-6.7332203666385287e-02
-6.4077327731630884e-02
-6.1055874102195602e-02
-5.8250448204976289e-02
-5.5639216347584036e-02
-5.3201051088039700e-02
-5.0925825087251166e-02
-4.8798944519520576e-02
-4.6802832280521497e-02
-4.4931952336617613e-02
-4.3176137621713177e-02
-4.1521524871066216e-02
-3.9964410439516936e-02
-3.8497492252286804e-02
-3.7110389244711148e-02
-3.5799945183568674e-02
-3.4561520559610308e-02
-3.3387520014253817e-02
-3.2274616316336054e-02
-3.1219785647909996e-02
-3.0217311438252219e-02
-2.9264064169152212e-02
-2.8358172317194955e-02
-2.7495285420022230e-02
-2.6672485269888982e-02
-2.5888693691201285e-02
-2.5140561258305449e-02
-2.4425394413139241e-02
-2.3742656804204405e-02
-2.3089736307151679e-02
-2.2464174008494535e-02
-2.1865797743172013e-02
-2.1292540104661757e-02
-2.0742182642291572e-02
-2.0214790832350480e-02
-1.9708699842376047e-02
-1.9221933413710656e-02
-1.8754704314334982e-02
-1.8305644551207898e-02
-1.7873018424821092e-02
-1.7457121167795138e-02
-1.7056802356331356e-02
-1.6670562445600771e-02
-1.6298732798594173e-02
-1.5940320821189014e-02
-1.5594056731063885e-02
-1.5260274902697489e-02
-1.4938095306454770e-02
-1.4626470043223962e-02
-1.4325713112465192e-02
-1.4391883072989662e-02
-1.4755340114177826e-02
-1.5132498332686845e-02
-1.5523636642640431e-02
-1.5929120568385843e-02
-1.6350379420280663e-02
-1.6787723026954509e-02
-1.7241789836084653e-02
-1.7714114206631014e-02
-1.8205040458201954e-02
-1.8715559450021717e-02
-1.9247327547476236e-02
-1.9800731371709953e-02
-2.0377211463388160e-02
-2.0978570790325564e-02
-2.1605252494175258e-02
-2.2259267336545444e-02
-2.2942599942785576e-02
-2.3655773371714792e-02
-2.4401519842773094e-02
-2.5182055749844424e-02
-2.5998021054616089e-02
-2.6853061665120387e-02
-2.7749499487193997e-02
-2.8688742701667165e-02
-2.9675004403405484e-02
-3.0710919422923994e-02
-3.1799032959309879e-02
-3.2944167725702481e-02
-3.4149441616374454e-02
-3.5418890233706597e-02
-3.6758155929280861e-02
-3.8171040399849469e-02
-3.9663549091449993e-02
-4.1242449565100092e-02
-4.2912528079291107e-02
-4.4682422574358734e-02
-4.6560341279432912e-02
-4.8552921435882329e-02
-5.0671958592408688e-02
-5.2927458653375954e-02
-5.5329995924205053e-02
-5.7894491395711553e-02
-6.0634076123136205e-02
-6.3564911370186800e-02
-6.6706500600408641e-02
-7.0076687928522133e-02
-7.3699731517736636e-02
-7.7601934820193882e-02
-8.1808744491124824e-02
-8.6356145264199144e-02
-9.1280134953296732e-02
-9.6621145719093735e-02
-1.0243023459115734e-01
-1.0876016342282155e-01
-1.1567515612442507e-01
-1.2325089954770033e-01
-1.3156820677976108e-01
-1.4073058147739001e-01
-1.5085456144504281e-01
-1.6207363473541672e-01
-1.7455571906632453e-01
-1.8849139830808420e-01
-2.0411291120810443e-01
-2.2170478450938014e-01
-2.4160058563096845e-01
-2.6422355342306036e-01
-2.9008949170593540e-01
-3.1983362114722258e-01
-3.5426051587718604e-01
-3.9436001355490519e-01
-4.4148204427034543e-01
-4.9735442888758830e-01
-5.6423568064464824e-01
-6.4519688822804377e-01
-7.4441591937772555e-01
-8.6771081311207265e-01
-1.0234155083396874e+00
-1.2234737590798062e+00
-1.4857206788987469e+00
-1.8384716785290913e+00
-2.3263147142592655e+00
-3.0197869953015180e+00
-4.0390300682521323e+00
-5.5631151575262745e+00
-7.7510690633993926e+00
-1.0094630548344504e+01
-1.0717675583811365e+01
-1.0012925725888238e+01
-9.1288262843377908e+00
-7.0810626486415149e+00
-4.6945099210164294e+00
-3.0945107849842097e+00
-2.1352557357443400e+00
-1.5452274787887625e+00
-1.1646218786632303e+00
-9.0702439414689917e-01
-7.2564102651008966e-01
-5.9347995731023284e-01
-5.0405443946952377e-01
-6.0525346401675373e-01
-7.3906621907834513e-01
-9.2069091159978311e-01
-1.1748332499578289e+00
-1.5427560093643429e+00
-2.0968112011635540e+00
-2.9595739913357053e+00
-4.2997240699197103e+00
-6.0311112019502469e+00
-6.9525100221420875e+00
0.0000000000000000e+00
2.4055929233035767e-01
0.0000000000000000e+00
0.0000000000000000e+00
];
