%Vec Object:sol 1 MPI processes
%  type: mpi
sol = [
0.0000000000000000e+00
-1.5351001711329348e+01
-1.2321211062677738e+01
-8.4533078161999740e+00
-5.5886232414495431e+00
-3.8239756852674027e+00
-2.7390636415785954e+00
-2.0436782441975234e+00
-1.5769082414704299e+00
-1.2512548670625003e+00
-1.0159221193612973e+00
-8.4057984702957134e-01
-7.0652435985732120e-01
-6.0203287870231981e-01
-5.1902161524343238e-01
-4.5201420535279740e-01
-3.9720334689555759e-01
-3.5179895581533982e-01
-3.1373519760023899e-01
-2.8155740391197887e-01
-2.5411680475766535e-01
-2.3048998622032205e-01
-2.1003275072507913e-01
-1.9220783463427202e-01
-1.7656389229846503e-01
-1.6276508137628323e-01
-1.5054285603191719e-01
-1.3965839588594786e-01
-1.2991618395730148e-01
-1.2117484557822621e-01
-1.1330063437231647e-01
-1.0616862125552866e-01
-9.9702217307300611e-02
-9.3821608404479673e-02
-8.8444348013710483e-02
-8.3524130183258133e-02
-7.9013446957344455e-02
-7.4861232426803259e-02
-7.1032987743422649e-02
-6.7499382442583217e-02
-6.4227186817271256e-02
-6.1189941130840947e-02
-5.8370100101283906e-02
-5.5745680641856657e-02
-5.3295421538495862e-02
-5.1009098268854636e-02
-4.8872017391402206e-02
-4.6866505678674855e-02
-4.4986962295417862e-02
-4.3223151455375725e-02
-4.1561141844935943e-02
-3.9997165836789729e-02
-3.8524058589660418e-02
-3.7131575698309327e-02
-3.5816169465971062e-02
-3.4573116859310644e-02
-3.3394793957138943e-02
-3.2277851325549729e-02
-3.1219244311068556e-02
-3.0213235467596949e-02
-2.9256677954551828e-02
-2.8347684358472694e-02
-2.7481888734799412e-02
-2.6656359464682412e-02
-2.5870005867008133e-02
-2.5119466878124004e-02
-2.4402038667634789e-02
-2.3717174730437364e-02
-2.3062254076518258e-02
-2.2434810055775901e-02
-2.1834662004579820e-02
-2.1259735686474306e-02
-2.0707806945982971e-02
-2.0178933952395350e-02
-1.9671446570109889e-02
-1.9183364439215284e-02
-1.8714893908200126e-02
-1.8264662856377529e-02
-1.7830932719977623e-02
-1.7413993001315419e-02
-1.7012690082028353e-02
-1.6625522473161382e-02
-1.6252816371676724e-02
-1.5893576756113314e-02
-1.5546532545996255e-02
-1.5212013437430671e-02
-1.4889137628230407e-02
-1.4576856328432265e-02
-1.4275479303986720e-02
-1.4339773696771247e-02
-1.4700234044665842e-02
-1.5074263984464167e-02
-1.5462136710402918e-02
-1.5864211672725247e-02
-1.6281908248846105e-02
-1.6715529634344885e-02
-1.7165706377642129e-02
-1.7633961223988630e-02
-1.8120630776936635e-02
-1.8626695540136722e-02
-1.9153798286791777e-02
-1.9702316624040553e-02
-2.0273677449788873e-02
-2.0869667780713606e-02
-2.1490720147571075e-02
-2.2138827321559761e-02
-2.2815955107736156e-02
-2.3522613944395625e-02
-2.4261512332890273e-02
-2.5034844293970449e-02
-2.5843234586720342e-02
-2.6690297861999022e-02
-2.7578330224516705e-02
-2.8508718082644800e-02
-2.9485636518242118e-02
-3.0511689434889452e-02
-3.1589390564020742e-02
-3.2723516614939607e-02
-3.3917147573262689e-02
-3.5174274338095425e-02
-3.6500482792381495e-02
-3.7899527345104891e-02
-3.9377350571596803e-02
-4.0940649586872296e-02
-4.2594150452231243e-02
-4.4346403209292111e-02
-4.6205527442340175e-02
-4.8178079239701042e-02
-5.0275734246656642e-02
-5.2508386264683016e-02
-5.4886489481007550e-02
-5.7424808814057371e-02
-6.0136326434899030e-02
-6.3037027090012604e-02
-6.6146205935745897e-02
-6.9481503920901508e-02
-7.3066919601794414e-02
-7.6928471411638097e-02
-8.1091317946661218e-02
-8.5591061951986236e-02
-9.0463305824441273e-02
-9.5748037157025567e-02
-1.0149576593826928e-01
-1.0775867483229820e-01
-1.1460029435626333e-01
-1.2209549722998488e-01
-1.3032421482407167e-01
-1.3938884601574225e-01
-1.4940467750079908e-01
-1.6050376203151431e-01
-1.7285223703123270e-01
-1.8663865660697454e-01
-2.0209280425016962e-01
-2.1949621833783478e-01
-2.3917879355391589e-01
-2.6153532253196426e-01
-2.8709164157329237e-01
-3.1647546169075280e-01
-3.5049342406666534e-01
-3.9015340179619373e-01
-4.3676125276586342e-01
-4.9202728306979832e-01
-5.5818740872778894e-01
-6.3828244706645232e-01
-7.3644977119809585e-01
-8.5845207647892341e-01
-1.0124410147946410e+00
-1.2101203574303965e+00
-1.4696744741487355e+00
-1.8188882860852593e+00
-2.3011977470285938e+00
-2.9879825939444160e+00
-3.9965773088647825e+00
-5.5053185812444640e+00
-7.6717706035971434e+00
-9.9899405905572429e+00
-1.0608442969478624e+01
-9.9166761765200526e+00
-9.0471291653582888e+00
-7.0269704765717975e+00
-4.6639784326222138e+00
-3.0763479633461288e+00
-2.1234234252730615e+00
-1.5369865560375295e+00
-1.1585200601792744e+00
-9.0234307496797239e-01
-7.2193402296650255e-01
-5.9046769812237887e-01
-5.0149708563494322e-01
-6.0215600084589582e-01
-7.3526507192944313e-01
-9.1592838023967693e-01
-1.1686915147123342e+00
-1.5345828947858218e+00
-2.0854464167108930e+00
-2.9429911069891350e+00
-4.2737218919085320e+00
-5.9896007202503201e+00
-6.8998908177790996e+00
0.0000000000000000e+00
2.4055929233035767e-01
0.0000000000000000e+00
0.0000000000000000e+00
];
