%Vec Object:sol 1 MPI processes
%  type: mpi
sol = [
0.0000000000000000e+00
-2.1526801079060295e+01
-1.5938610160748107e+01
-1.0082574481170997e+01
-6.3676426978421174e+00
-4.2539048012238938e+00
-3.0047964313891331e+00
-2.2219715909905191e+00
-1.7040677609152524e+00
-1.3460726416579893e+00
-1.0889401727893002e+00
-8.9806549660552104e-01
-7.5298043783882895e-01
-6.4024113404438909e-01
-5.5089372030270545e-01
-4.7891810364688975e-01
-4.2014583711795445e-01
-3.7153399521995328e-01
-3.3083665270411949e-01
-2.9647447333769339e-01
-2.6719969588240972e-01
-2.4200173632980565e-01
-2.2020789487967748e-01
-2.0123765064697952e-01
-1.8460459992064904e-01
-1.6994674419496289e-01
-1.5697482773818658e-01
-1.4543234857210718e-01
-1.3510953254258284e-01
-1.2585433519118219e-01
-1.1752343225091852e-01
-1.0998339911789715e-01
-1.0315185258125095e-01
-9.6943302259380248e-02
-9.1272353861731575e-02
-8.6087778558748898e-02
-8.1337556578043466e-02
-7.6967499656902055e-02
-7.2940795356297355e-02
-6.9226118980035459e-02
-6.5788246252641111e-02
-6.2599083750006543e-02
-5.9639830119660196e-02
-5.6887193121746851e-02
-5.4318720423601197e-02
-5.1923376484346924e-02
-4.9685586843925322e-02
-4.7586792330735782e-02
-4.5620854225228588e-02
-4.3776921657736598e-02
-4.2040420490092031e-02
-4.0407191899123202e-02
-3.8869634016403726e-02
-3.7417047634493890e-02
-3.6045576464262458e-02
-3.4750185723579408e-02
-3.3522924612608161e-02
-3.2360199908767047e-02
-3.1258738488126443e-02
-3.0212564363489292e-02
-2.9218338840120227e-02
-2.8274001947165006e-02
-2.7375011110441373e-02
-2.6518284808133261e-02
-2.5702597826940086e-02
-2.4924456540541914e-02
-2.4181041166165103e-02
-2.3471696871468013e-02
-2.2793701823457403e-02
-2.2144501094633333e-02
-2.1523823938576870e-02
-2.0929518507022255e-02
-2.0359294751753364e-02
-1.9813133718307171e-02
-1.9289305021129008e-02
-1.8785780253236864e-02
-1.8302698140048923e-02
-1.7838639619581601e-02
-1.7391832005707139e-02
-1.6962504430910026e-02
-1.6549466846694748e-02
-1.6151194145313508e-02
-1.5767958001934632e-02
-1.5398735562615028e-02
-1.5042239644662864e-02
-1.4698750419964613e-02
-1.4367365555722563e-02
-1.4047025053361863e-02
-1.3737993689264158e-02
-1.3781194102013927e-02
-1.4108485302984414e-02
-1.4447851519707866e-02
-1.4799498620101640e-02
-1.5163714728211302e-02
-1.5541807061029204e-02
-1.5934000430572581e-02
-1.6340833311390066e-02
-1.6763696514970509e-02
-1.7202835076620973e-02
-1.7659109474808754e-02
-1.8134007163696116e-02
-1.8627798314006145e-02
-1.9141752318764506e-02
-1.9677472867782014e-02
-2.0235265479674459e-02
-2.0816915722361995e-02
-2.1424171879429452e-02
-2.2057392703981927e-02
-2.2719013824574016e-02
-2.3410969259611003e-02
-2.4133700368353037e-02
-2.4890462198006957e-02
-2.5683248631862648e-02
-2.6513186260472305e-02
-2.7384010631740043e-02
-2.8297961271252749e-02
-2.9257179488627185e-02
-3.0265906964382711e-02
-3.1326774783471824e-02
-3.2443247131907021e-02
-3.3620249425659880e-02
-3.4860973441047854e-02
-3.6170622400847202e-02
-3.7555064916336249e-02
-3.9018307636805340e-02
-4.0567867046393750e-02
-4.2210813991595882e-02
-4.3952732922514476e-02
-4.5803886250234634e-02
-4.7772832585573903e-02
-4.9868591487035895e-02
-5.2104077485847888e-02
-5.4490490281497314e-02
-5.7041706211772895e-02
-5.9774531584865793e-02
-6.2702987352629136e-02
-6.5848742224007412e-02
-6.9234557031150709e-02
-7.2882069965888099e-02
-7.6822253408086572e-02
-8.1085878003496398e-02
-8.5707483533783504e-02
-9.0730892497852753e-02
-9.6201153023868932e-02
-1.0217325096831970e-01
-1.0871202522769481e-01
-1.1588644412817231e-01
-1.2378520391501299e-01
-1.3250798820390883e-01
-1.4216885966504822e-01
-1.5291163750111605e-01
-1.6489925503921199e-01
-1.7833040625550434e-01
-1.9344865377508674e-01
-2.1053923808613356e-01
-2.2996455541913335e-01
-2.5216614464107229e-01
-2.7768772745806669e-01
-3.0723014524506798e-01
-3.4166918130492324e-01
-3.8214038294390096e-01
-4.3013205495443629e-01
-4.8759094755857740e-01
-5.5715082338696609e-01
-6.4231659511070782e-01
-7.4817279337297471e-01
-8.8190023164911535e-01
-1.0539553668565969e+00
-1.2800890334251129e+00
-1.5843168224573021e+00
-2.0049662415268212e+00
-2.6057296488125079e+00
-3.4878472690186375e+00
-4.8081784411488897e+00
-6.6977590733338959e+00
-8.6943939366594485e+00
-9.2388042358551647e+00
-8.7029543621253893e+00
-8.0086068154002419e+00
-6.3268892369280083e+00
-4.2655059763573151e+00
-2.8377125473113862e+00
-1.9675434063822543e+00
-1.4277784274540404e+00
-1.0777932583376892e+00
-8.4026107027184438e-01
-6.7259659513240322e-01
-5.5025680732733639e-01
-4.6738522377024294e-01
-5.6095471814005327e-01
-6.8457117160138403e-01
-8.5219225297321477e-01
-1.0864442210595404e+00
-1.4251250453339910e+00
-1.9331593342253344e+00
-2.7194790425144215e+00
-3.9240463767738603e+00
-5.4320496239789735e+00
-6.1983924606155680e+00
0.0000000000000000e+00
2.4055929233035767e-01
0.0000000000000000e+00
0.0000000000000000e+00
];
