%Vec Object:sol 1 MPI processes
%  type: mpi
sol = [
0.0000000000000000e+00
-3.7516626073053217e+01
-2.2984212511412824e+01
-1.2625193951245285e+01
-7.4673509912953682e+00
-4.8295976037783666e+00
-3.3490316877447084e+00
-2.4479455661367315e+00
-1.8625774527481145e+00
-1.4623586927345240e+00
-1.1772687400937329e+00
-9.6729204353480247e-01
-8.0843068410261787e-01
-6.8543128005297338e-01
-5.8815799819595627e-01
-5.1001898809572410e-01
-4.4636970582785157e-01
-3.9383621322770412e-01
-3.4993850945010707e-01
-3.1293778216275936e-01
-2.8146871631385689e-01
-2.5443997940973762e-01
-2.3109105482029571e-01
-2.1079046502258766e-01
-1.9301011255944406e-01
-1.7735736648975009e-01
-1.6351878736007827e-01
-1.5121610712524244e-01
-1.4021872793949486e-01
-1.3036818092036062e-01
-1.2150965078295646e-01
-1.1349936304606831e-01
-1.0624818916978612e-01
-9.9663982255060207e-02
-9.3655051722474569e-02
-8.8166066138519406e-02
-8.3141040418682935e-02
-7.8521934491162571e-02
-7.4269147802970059e-02
-7.0348956667216772e-02
-6.6723703230045422e-02
-6.3363321294871919e-02
-6.0247513502714289e-02
-5.7351406567761165e-02
-5.4651115085937854e-02
-5.2134641395328848e-02
-4.9785355384687729e-02
-4.7583645166568704e-02
-4.5522729488273003e-02
-4.3591024261951397e-02
-4.1773207144251034e-02
-4.0064645167688075e-02
-3.8457217183931948e-02
-3.6939705714139952e-02
-3.5507879821275026e-02
-3.4156332118892616e-02
-3.2876747328962549e-02
-3.1665239290418694e-02
-3.0518257062970022e-02
-2.9429564374206778e-02
-2.8395597403370203e-02
-2.7414080003042466e-02
-2.6480280932915920e-02
-2.5590949550307669e-02
-2.4744685020091275e-02
-2.3937855093243636e-02
-2.3167516676842092e-02
-2.2432866413481696e-02
-2.1731079230573571e-02
-2.1059514347428792e-02
-2.0417770808229718e-02
-1.9803619112807827e-02
-1.9214713396974829e-02
-1.8650917315364630e-02
-1.8110441902270933e-02
-1.7591226348872169e-02
-1.7093301489102965e-02
-1.6615204471454603e-02
-1.6155147701228095e-02
-1.5713260035980951e-02
-1.5288319678554291e-02
-1.4878798812404248e-02
-1.4484875516454941e-02
-1.4105505529628075e-02
-1.3739406422731807e-02
-1.3386771138220066e-02
-1.3046685306166246e-02
-1.2718096913120735e-02
-1.2401189950758415e-02
-1.2402729389067058e-02
-1.2658687853830631e-02
-1.2923396100976602e-02
-1.3196908046509637e-02
-1.3479349479159132e-02
-1.3771766427259340e-02
-1.4074205616863591e-02
-1.4386993757579205e-02
-1.4711214945017979e-02
-1.5046904716590715e-02
-1.5394645551207535e-02
-1.5755563872060764e-02
-1.6129682231349408e-02
-1.6517903577327259e-02
-1.6921404911526702e-02
-1.7340196745545933e-02
-1.7775581151007133e-02
-1.8228798905848935e-02
-1.8699853663329956e-02
-1.9190542976401499e-02
-1.9702192176087284e-02
-2.0234809891931490e-02
-2.0790808825983775e-02
-2.1371471884713281e-02
-2.1977310274518484e-02
-2.2611026943462207e-02
-2.3273999603761333e-02
-2.3967485902770209e-02
-2.4694465599514364e-02
-2.5456502106728271e-02
-2.6255808085117488e-02
-2.7095744061993103e-02
-2.7978156002997849e-02
-2.8906487719716455e-02
-2.9884634951101646e-02
-3.0914873911571057e-02
-3.2002256902225121e-02
-3.3151343425262103e-02
-3.4365371744556936e-02
-3.5651224227148802e-02
-3.7014241779969030e-02
-3.8459977978842610e-02
-3.9996897183891482e-02
-4.1631880236010450e-02
-4.3373702578304238e-02
-4.5233166628885990e-02
-4.7219513518673144e-02
-4.9346101484809599e-02
-5.1627209250556062e-02
-5.4075989039154969e-02
-5.6712291390849469e-02
-5.9555237685598526e-02
-6.2626217036665363e-02
-6.5952924027232185e-02
-6.9563143678743611e-02
-7.3491192571727829e-02
-7.7777584916829262e-02
-8.2462851652556887e-02
-8.7603857613053060e-02
-9.3262348456876379e-02
-9.9508484594263411e-02
-1.0643161684982456e-01
-1.1413199285124558e-01
-1.2273216083828949e-01
-1.3238254958607532e-01
-1.4325820405098430e-01
-1.5558261935930570e-01
-1.6962732770218875e-01
-1.8572601209973169e-01
-2.0430987702737016e-01
-2.2591621198602344e-01
-2.5124199501757111e-01
-2.8120061618458486e-01
-3.1698464541802385e-01
-3.6021841645869801e-01
-4.1311028628544305e-01
-4.7873431327905575e-01
-5.6148781553577110e-01
-6.6764707078958740e-01
-8.0682810214958678e-01
-9.9367990488258950e-01
-1.2511873934454489e+00
-1.6157842841047496e+00
-2.1440679839354675e+00
-2.9110827467319247e+00
-3.9373616469991739e+00
-4.8978964206531215e+00
-5.2033283690559413e+00
-5.1433375467412956e+00
-5.0326446626084724e+00
-4.4046741437796992e+00
-3.2756992441049628e+00
-2.3178497095392410e+00
-1.6730384413715040e+00
-1.2509428195995516e+00
-9.6737165088105770e-01
-7.7012464650278945e-01
-6.2817158541373597e-01
-5.2286889652471247e-01
-4.5127733842580220e-01
-5.4960196235260406e-01
-6.8033032916357306e-01
-8.5870894476235904e-01
-1.1095560435141323e+00
-1.4746151200600124e+00
-2.0270879776981330e+00
-2.8920019172494649e+00
-4.2439982127462912e+00
-6.0105689115695631e+00
-6.9815918323991912e+00
0.0000000000000000e+00
2.4055929233035767e-01
0.0000000000000000e+00
0.0000000000000000e+00
];
