%Vec Object:sol 1 MPI processes
%  type: mpi
sol = [
0.0000000000000000e+00
-2.6695054416563270e+01
-1.8554797514034526e+01
-1.1112928503929906e+01
-6.8333602336618320e+00
-4.5027933608281456e+00
-3.1558228044824670e+00
-2.3228171793421732e+00
-1.7752806835435053e+00
-1.3986538132756541e+00
-1.1292957846144021e+00
-9.3009935795272614e-01
-7.7875741740829130e-01
-6.6135939375124819e-01
-5.6845108741551231e-01
-4.9369532463980642e-01
-4.3271466626710969e-01
-3.8232054502562285e-01
-3.4016376074858068e-01
-3.0459414982019117e-01
-2.7431394899300410e-01
-2.4828419329406126e-01
-2.2578052801772128e-01
-2.0618855680352310e-01
-1.8901492684297277e-01
-1.7388735027307770e-01
-1.6050535154401421e-01
-1.4860275276488186e-01
-1.3796198146987868e-01
-1.2842525639611427e-01
-1.1984402435539261e-01
-1.1208016417242583e-01
-1.0504820937937398e-01
-9.8659637089233296e-02
-9.2826176603106603e-02
-8.7494721204897957e-02
-8.2611436646798000e-02
-7.8120362243289651e-02
-7.3983404892828189e-02
-7.0168140463826065e-02
-6.6638217676518341e-02
-6.3364628778542487e-02
-6.0327889745787233e-02
-5.7503972720452323e-02
-5.4869750587019157e-02
-5.2413754653786851e-02
-5.0119918656797498e-02
-4.7969175218686551e-02
-4.5955104225590453e-02
-4.4066512950598852e-02
-4.2288456492319070e-02
-4.0616571812463101e-02
-3.9043015454140337e-02
-3.7556826583485033e-02
-3.6153984757372103e-02
-3.4829284710534578e-02
-3.3574588192423246e-02
-3.2386170143813668e-02
-3.1260633864504520e-02
-3.0191867053661961e-02
-2.9176425788469358e-02
-2.8212157700225615e-02
-2.7294419655331689e-02
-2.6420046922147368e-02
-2.5587742825034503e-02
-2.4793938551450071e-02
-2.4035749306555599e-02
-2.3312462994503309e-02
-2.2621300791114195e-02
-2.1959657877734507e-02
-2.1327215935037853e-02
-2.0721779392160432e-02
-2.0141020745014195e-02
-1.9584880190130022e-02
-1.9051593490777858e-02
-1.8539104842411461e-02
-1.8047516930672493e-02
-1.7575384377836980e-02
-1.7120915049570803e-02
-1.6684305628728302e-02
-1.6264345684931080e-02
-1.5859496728162496e-02
-1.5470000836974144e-02
-1.5094819624808051e-02
-1.4732656913845212e-02
-1.4383765712467404e-02
-1.4047232282123893e-02
-1.3721990515535323e-02
-1.3408280257502084e-02
-1.3438532693675597e-02
-1.3745441402962851e-02
-1.4063478776246483e-02
-1.4392806322240149e-02
-1.4733665222299413e-02
-1.5087291840163374e-02
-1.5453859104411535e-02
-1.5833845320653333e-02
-1.6228557419402691e-02
-1.6638179530224822e-02
-1.7063494140862528e-02
-1.7505889337535566e-02
-1.7965563481648825e-02
-1.8443684047180779e-02
-1.8941736714573016e-02
-1.9459941707183726e-02
-1.9999950875589041e-02
-2.0563371643824387e-02
-2.1150460450743199e-02
-2.1763477077243968e-02
-2.2404186200664786e-02
-2.3072904994970233e-02
-2.3772656839747323e-02
-2.4505237138468208e-02
-2.5271598487183369e-02
-2.6075191795648604e-02
-2.6918015867463122e-02
-2.7801964805246698e-02
-2.8730931743130541e-02
-2.9707249728501001e-02
-3.0734035103538289e-02
-3.1815780582285243e-02
-3.2955302726613248e-02
-3.4157317725178590e-02
-3.5427148509061333e-02
-3.6768320087360001e-02
-3.8187668597490315e-02
-3.9691570322840833e-02
-4.1284958519535148e-02
-4.2977163663637970e-02
-4.4775854732475695e-02
-4.6689093031447963e-02
-4.8728566523152120e-02
-5.0904282281537101e-02
-5.3228710331038348e-02
-5.5717006671734452e-02
-5.8382725254762943e-02
-6.1244715456203885e-02
-6.4323319529118156e-02
-6.7637232610469847e-02
-7.1213880968484591e-02
-7.5081587299604027e-02
-7.9271381155836845e-02
-8.3822657580230761e-02
-8.8775725004598460e-02
-9.4179898410883589e-02
-1.0009335524177264e-01
-1.0657776588077914e-01
-1.1371272091057452e-01
-1.2158751722417462e-01
-1.3030422580270529e-01
-1.3999180069122300e-01
-1.5079607733772341e-01
-1.6289499624035358e-01
-1.7650675833276450e-01
-1.9188661940358559e-01
-2.0935921855417430e-01
-2.2931993064303530e-01
-2.5225550740138714e-01
-2.7879375562281467e-01
-3.0971891064625368e-01
-3.4604811286114978e-01
-3.8911476934309014e-01
-4.4066292335305296e-01
-5.0306782343189216e-01
-5.7951052413665105e-01
-6.7446401771156717e-01
-7.9441611698649017e-01
-9.4875413586206003e-01
-1.1516208464219975e+00
-1.4248563277663782e+00
-1.8025203843480559e+00
-2.3418657489896537e+00
-3.1343356108757758e+00
-4.3185345240495536e+00
-6.0031926565603122e+00
-7.7586511422010034e+00
-8.2364556918896970e+00
-7.7975163542581125e+00
-7.2213222047848618e+00
-5.7829530458744971e+00
-3.9508208350750773e+00
-2.6479800529368629e+00
-1.8430689267512990e+00
-1.3405201250596479e+00
-1.0131414969572743e+00
-7.9049371913571342e-01
-6.3307727578012396e-01
-5.1802474188458303e-01
-4.4002040960121502e-01
-5.2782828202105025e-01
-6.4382216759409983e-01
-8.0102555523414321e-01
-1.0203201995204139e+00
-1.3368796218330670e+00
-1.8103962863134140e+00
-2.5391505345488934e+00
-3.6417259160627662e+00
-4.9849995505389755e+00
-5.6424333817418173e+00
0.0000000000000000e+00
2.4055929233035767e-01
0.0000000000000000e+00
0.0000000000000000e+00
];
