%Vec Object:sol 1 MPI processes
%  type: mpi
sol = [
0.0000000000000000e+00
-1.5138527834437413e+01
-1.2185705263661317e+01
-8.3867422289833495e+00
-5.5555069702972313e+00
-3.8056146601375613e+00
-2.7273338333943413e+00
-2.0360141524639506e+00
-1.5713427096248245e+00
-1.2470440512797982e+00
-1.0126350195674423e+00
-8.3795044257436468e-01
-7.0452373625350273e-01
-6.0037670051047520e-01
-5.1763223099213906e-01
-4.5083551815299655e-01
-3.9619372126953506e-01
-3.5092697782290033e-01
-3.1297679510864895e-01
-2.8089362315346988e-01
-2.5353262094320966e-01
-2.2997344051389174e-01
-2.0957404669879312e-01
-1.9179893267299739e-01
-1.7619818784833507e-01
-1.6243704638663720e-01
-1.5024781998861095e-01
-1.3939242519990086e-01
-1.2967594229335236e-01
-1.2095744551801921e-01
-1.1310359348431950e-01
-1.0598981839093678e-01
-9.9539782726948273e-02
-9.3673794582569789e-02
-8.8311859720659816e-02
-8.3406429187160527e-02
-7.8908968429054427e-02
-7.4768620884418893e-02
-7.0951051664485787e-02
-6.7427055391711135e-02
-6.4163520902416060e-02
-6.1132887106351591e-02
-5.8318867367252426e-02
-5.5699801133809256e-02
-5.3254476240054541e-02
-5.0972702535741772e-02
-4.8839823183323583e-02
-4.6838201247826894e-02
-4.4962259000929213e-02
-4.3201786319332240e-02
-4.1542878149358309e-02
-3.9981783753872513e-02
-3.8511356610517716e-02
-3.7121370918806303e-02
-3.5808292216404462e-02
-3.4567410642655470e-02
-3.3391115668215322e-02
-3.2276068237765916e-02
-3.1219233437015052e-02
-3.0214883608699339e-02
-2.9259880016098989e-02
-2.8352342669055397e-02
-2.7487912883628184e-02
-2.6663665320606170e-02
-2.5878515137492182e-02
-2.5129106729018778e-02
-2.4412741079429673e-02
-2.3728876421417449e-02
-2.3074895923524918e-02
-2.2448336565898262e-02
-2.1849021648440620e-02
-2.1274880138784914e-02
-2.0723690561944948e-02
-2.0195514493682305e-02
-1.9688684286718001e-02
-1.9201221511402074e-02
-1.8733335508187281e-02
-1.8283656093734946e-02
-1.7850446055231853e-02
-1.7433997565382248e-02
-1.7033158506009369e-02
-1.6646428307603330e-02
-1.6274135574535119e-02
-1.5915286426198001e-02
-1.5568610398040854e-02
-1.5234439366549011e-02
-1.4911892363841023e-02
-1.4599921023856819e-02
-1.4298837085921806e-02
-1.4364008295928989e-02
-1.4725867039451338e-02
-1.5101356854719371e-02
-1.5490753613667065e-02
-1.5894419609340064e-02
-1.6313778856394418e-02
-1.6749137656112228e-02
-1.7201130251854737e-02
-1.7671284812746359e-02
-1.8159941555685455e-02
-1.8668085826249931e-02
-1.9197366747625854e-02
-1.9748166148765633e-02
-2.0321917304705998e-02
-2.0920414686451130e-02
-2.1544095795199513e-02
-2.2194961810090442e-02
-2.2874987333800879e-02
-2.3584688717179260e-02
-2.4326785545349512e-02
-2.5103482300208188e-02
-2.5915410863719578e-02
-2.6766200493257761e-02
-2.7658159362011984e-02
-2.8592684072247646e-02
-2.9573967473542528e-02
-3.0604627939095682e-02
-3.1687193925854285e-02
-3.2826463651493512e-02
-3.4025534841108984e-02
-3.5288419306895122e-02
-3.6620729339145647e-02
-3.8026241478830894e-02
-3.9510927709094659e-02
-4.1081518095870656e-02
-4.2742766878174146e-02
-4.4503265209986084e-02
-4.6371174148118519e-02
-4.8353087767899310e-02
-5.0460737799758675e-02
-5.2704070504929944e-02
-5.5093596286478197e-02
-5.7644153081017863e-02
-6.0368792742193714e-02
-6.3283582621493237e-02
-6.6407915349813190e-02
-6.9759526977136430e-02
-7.3362537549254592e-02
-7.7243098894290818e-02
-8.1426504462496274e-02
-8.5948535772949433e-02
-9.0844980324520985e-02
-9.6156033832571125e-02
-1.0193246235476101e-01
-1.0822671972808041e-01
-1.1510266121148997e-01
-1.2263554047474785e-01
-1.3090570187675993e-01
-1.4001606158654345e-01
-1.5008249217915617e-01
-1.6123771860948874e-01
-1.7364871205453938e-01
-1.8750497734517560e-01
-2.0303744804608279e-01
-2.2052906240176331e-01
-2.4031152665214708e-01
-2.6280574260432149e-01
-2.8852293277278779e-01
-3.1806018580413770e-01
-3.5225526103547022e-01
-3.9212098247781896e-01
-4.3896955204433208e-01
-4.9451948657149347e-01
-5.6101729752947160e-01
-6.4151799830319467e-01
-7.4017795723697566e-01
-8.6278583495107042e-01
-1.0176343780762611e+00
-1.2163709867463675e+00
-1.4771872085158637e+00
-1.8280594163422672e+00
-2.3129615978562517e+00
-3.0028842750031144e+00
-4.0164741691752317e+00
-5.5324193669014532e+00
-7.7089781836614506e+00
-1.0039095537248457e+01
-1.0659889469530514e+01
-9.9619143924836813e+00
-9.0855468724805206e+00
-7.0524225112193006e+00
-4.6783497271725318e+00
-3.0848988232214061e+00
-2.1289991943449111e+00
-1.5408668878345730e+00
-1.1613957590019690e+00
-9.0454747986131878e-01
-7.2367969286786660e-01
-5.9188624874355278e-01
-5.0270566438091302e-01
-6.0361470091942460e-01
-7.3705521658719797e-01
-9.1817136964377299e-01
-1.1715926148354239e+00
-1.5384323520616245e+00
-2.0907993949918668e+00
-2.9508025253159058e+00
-4.2859707921765837e+00
-6.0091534686075185e+00
-6.9246707568218842e+00
0.0000000000000000e+00
2.4055929233035767e-01
0.0000000000000000e+00
0.0000000000000000e+00
];
