%Vec Object:sol 1 MPI processes
%  type: mpi
sol = [
0.0000000000000000e+00
-2.5044363710732590e+01
-1.9344740840097220e+01
-1.2582159109033901e+01
-7.9910395401335803e+00
-5.3329577892291242e+00
-3.7578951398032459e+00
-2.7725610664244056e+00
-2.1220604455865550e+00
-1.6737282055002571e+00
-1.3525792164329828e+00
-1.1143313003229656e+00
-9.3359353635860842e-01
-7.9337608209058819e-01
-6.8240384688244504e-01
-5.9311022513656908e-01
-5.2026478657121533e-01
-4.6006075893841192e-01
-4.0969456971235912e-01
-3.6719219633304762e-01
-3.3100410384383910e-01
-2.9988820655849169e-01
-2.7294956581744101e-01
-2.4950882433033555e-01
-2.2896268409570633e-01
-2.1086105388342324e-01
-1.9484438418310751e-01
-1.8059505604109957e-01
-1.6785339854318948e-01
-1.5643039024286085e-01
-1.4614872988996455e-01
-1.3684393796218605e-01
-1.2841344791652301e-01
-1.2075160443387639e-01
-1.1375333575080919e-01
-1.0735497323538093e-01
-1.0149222510753060e-01
-9.6098433886211393e-02
-9.1128048856542285e-02
-8.6542303001890586e-02
-8.2297862031391250e-02
-7.8360094254810220e-02
-7.4705682501748277e-02
-7.1305960650217590e-02
-6.8133328912338850e-02
-6.5174058433036891e-02
-6.2408970909571940e-02
-5.9815292125671257e-02
-5.7385348503569203e-02
-5.5105776027388760e-02
-5.2958693514400378e-02
-5.0938906828639094e-02
-4.9037050205280382e-02
-4.7239986319895490e-02
-4.5542932296301186e-02
-4.3939679431733776e-02
-4.2420457047853251e-02
-4.0980826153927820e-02
-3.9616748011801713e-02
-3.8320872678777942e-02
-3.7089083267140090e-02
-3.5918838209906927e-02
-3.4804546015334822e-02
-3.3742408750180336e-02
-3.2730917191001532e-02
-3.1765767597076493e-02
-3.0843483251977822e-02
-2.9963262008834427e-02
-2.9121748388153370e-02
-2.8315789012779556e-02
-2.7545059230004075e-02
-2.6806904311339023e-02
-2.6098493762316943e-02
-2.5419817033996303e-02
-2.4768737749243940e-02
-2.4142744609946108e-02
-2.3542024558830553e-02
-2.2964824071687314e-02
-2.2408944496211131e-02
-2.1874686644997296e-02
-2.1360578398814434e-02
-2.0864724737554616e-02
-2.0387480559514594e-02
-1.9927578783787155e-02
-1.9483417254882139e-02
-1.9055362225561843e-02
-1.8642293857205724e-02
-1.8242890801115370e-02
-1.7857500453177886e-02
-1.7929701991122992e-02
-1.8371994109188862e-02
-1.8830811290485430e-02
-1.9306479374580715e-02
-1.9799430370483734e-02
-2.0311393058149167e-02
-2.0842728459179276e-02
-2.1394198673947585e-02
-2.1967655734184733e-02
-2.2563499733548171e-02
-2.3182918354009423e-02
-2.3827906656116862e-02
-2.4498912771985189e-02
-2.5197666483914086e-02
-2.5926334792648754e-02
-2.6685430412914418e-02
-2.7477369457500428e-02
-2.8304532159637959e-02
-2.9167523302207437e-02
-3.0069625969617795e-02
-3.1013492789607005e-02
-3.1999864168906954e-02
-3.3033119462509655e-02
-3.4116028904826352e-02
-3.5250255023084515e-02
-3.6440849480914451e-02
-3.7690949160829712e-02
-3.9003580020821563e-02
-4.0384513286980644e-02
-4.1837454791529421e-02
-4.3367214158242809e-02
-4.4980530697845550e-02
-4.6681916909931599e-02
-4.8478535218402154e-02
-5.0378454632579991e-02
-5.2387350245604342e-02
-5.4515523158442401e-02
-5.6772742582671509e-02
-5.9166878767762297e-02
-6.1711986552218948e-02
-6.4419952266792133e-02
-6.7303330405621448e-02
-7.0379869836651121e-02
-7.3665149303739574e-02
-7.7178358654623247e-02
-8.0942660670246594e-02
-8.4979200116887518e-02
-8.9316458190851558e-02
-9.3982474564135887e-02
-9.9010113853613566e-02
-1.0444203921639227e-01
-1.1032074697067630e-01
-1.1669394074305814e-01
-1.2362188799630308e-01
-1.3116676165181423e-01
-1.3940424755583725e-01
-1.4842349659050466e-01
-1.5831955329449884e-01
-1.6921419307447036e-01
-1.8124436418548556e-01
-1.9456677908405856e-01
-2.0937854540258410e-01
-2.2590307429807510e-01
-2.4441243744589297e-01
-2.6523971243836475e-01
-2.8877486546073866e-01
-3.1551241496939941e-01
-3.4605429462539267e-01
-3.8114088524793865e-01
-4.2172480680922464e-01
-4.6899489267639705e-01
-5.2448984512217423e-01
-5.9022259681481248e-01
-6.6882013574045462e-01
-7.6362056529107425e-01
-8.7960014186377034e-01
-1.0234544774741332e+00
-1.2047544699420250e+00
-1.4373964681028759e+00
-1.7419969463802341e+00
-2.1495585679519871e+00
-2.7115587818523705e+00
-3.5086265000942038e+00
-4.6756795065500949e+00
-6.4147861626154903e+00
-8.9107756810942416e+00
-1.1598246855487288e+01
-1.2256787197030155e+01
-1.1324666113874112e+01
-1.0203825021359611e+01
-7.7697993145786333e+00
-5.0707570748304960e+00
-3.3142214527309264e+00
-2.2759885552277477e+00
-1.6425198258601126e+00
-1.2353921700082819e+00
-9.6088164761941142e-01
-7.6797455766221256e-01
-6.2753730226592541e-01
-5.3259304156407461e-01
-6.3941953185351363e-01
-7.8071143021907852e-01
-9.7250188496817236e-01
-1.2408053717373198e+00
-1.6299206571490337e+00
-2.2164171213802475e+00
-3.1333571272511418e+00
-4.5693112937512943e+00
-6.4605876809094767e+00
-7.4971471871338329e+00
0.0000000000000000e+00
1.3464638167935297e-01
0.0000000000000000e+00
0.0000000000000000e+00
];
