%Vec Object:sol 1 MPI processes
%  type: mpi
sol = [
0.0000000000000000e+00
-1.8231787615280407e+01
-1.4087953569958938e+01
-9.2790960878126754e+00
-5.9910142004734928e+00
-4.0481782419388379e+00
-2.8780804424416373e+00
-2.1373924526550034e+00
-1.6437967945169030e+00
-1.3011474685533273e+00
-1.0544076142035936e+00
-8.7095131488619959e-01
-7.3105754142831947e-01
-6.2220632993333647e-01
-5.3584564152143055e-01
-4.6621198178150791e-01
-4.0930717997109084e-01
-3.6220754074114891e-01
-3.2275206511168059e-01
-2.8942008927321466e-01
-2.6101258459045035e-01
-2.3656720637179082e-01
-2.1541237140980143e-01
-1.9698871742243829e-01
-1.8082694616977188e-01
-1.6657778893076242e-01
-1.5396214885650572e-01
-1.4272938817252956e-01
-1.3267506904637058e-01
-1.2365782205929395e-01
-1.1553867132859864e-01
-1.0818807642147676e-01
-1.0152626493971566e-01
-9.5470280666794444e-02
-8.9937110534989304e-02
-8.4877121556729079e-02
-8.0239819558174538e-02
-7.5972489113801597e-02
-7.2039400919802571e-02
-6.8410163121998227e-02
-6.5050491872021179e-02
-6.1933061955129480e-02
-5.9039657638727434e-02
-5.6347603428822009e-02
-5.3835009671584402e-02
-5.1491217344190376e-02
-4.9301066539295856e-02
-4.7246418523830359e-02
-4.5321383008576611e-02
-4.3515398375636311e-02
-4.1814196265621183e-02
-4.0213798560698295e-02
-3.8706808720071172e-02
-3.7282743836479830e-02
-3.5937891035482360e-02
-3.4667361629190763e-02
-3.3463360223111104e-02
-3.2322407501637868e-02
-3.1241337126653720e-02
-3.0214286462908926e-02
-2.9238006877408379e-02
-2.8310518857675548e-02
-2.7427363714184930e-02
-2.6585530580679115e-02
-2.5783856854767986e-02
-2.5018911828794545e-02
-2.4287930566391131e-02
-2.3590308597647582e-02
-2.2923371926872327e-02
-2.2284607507258272e-02
-2.1673786471596523e-02
-2.1088793772636377e-02
-2.0527370698996145e-02
-1.9989534187229024e-02
-1.9473582412539409e-02
-1.8977509858829050e-02
-1.8501486780536716e-02
-1.8044116365177599e-02
-1.7603642198609052e-02
-1.7180321631749446e-02
-1.6772981883694915e-02
-1.6380109105944632e-02
-1.6002000532533641e-02
-1.5637646502007347e-02
-1.5285767489548569e-02
-1.4946666954329550e-02
-1.4619452292334667e-02
-1.4303068808272370e-02
-1.3997802498346581e-02
-1.4051269410324091e-02
-1.4394673883271000e-02
-1.4750886419078284e-02
-1.5120146299202863e-02
-1.5502777025764384e-02
-1.5900140727321654e-02
-1.6312501164806592e-02
-1.6740442367910273e-02
-1.7185419864098696e-02
-1.7647724247789005e-02
-1.8128275264772183e-02
-1.8628636695834713e-02
-1.9149132233795371e-02
-1.9691108933716811e-02
-2.0256260735455927e-02
-2.0844956507535390e-02
-2.1459083887680593e-02
-2.2100498424819051e-02
-2.2769634609915813e-02
-2.3469062418102829e-02
-2.4200844286992058e-02
-2.4965513229627315e-02
-2.5766501309609467e-02
-2.6605952029470484e-02
-2.7485121350879649e-02
-2.8407961493075218e-02
-2.9376892659460103e-02
-3.0394241068135971e-02
-3.1464512575464523e-02
-3.2590561137219844e-02
-3.3776112013578261e-02
-3.5026417225948653e-02
-3.6344948191446902e-02
-3.7737274279272037e-02
-3.9209674366483184e-02
-4.0766512988284861e-02
-4.2415818296007296e-02
-4.4165181190119626e-02
-4.6020669518877594e-02
-4.7993245575626640e-02
-5.0092131073651264e-02
-5.2327058491941213e-02
-5.4711859915882129e-02
-5.7258621132942042e-02
-5.9982265885450491e-02
-6.2900838370467588e-02
-6.6030751044490743e-02
-6.9394439327325502e-02
-7.3016201336589315e-02
-7.6919446648187992e-02
-8.1137470821897192e-02
-8.5703475105529822e-02
-9.0654742098634361e-02
-9.6038458254467343e-02
-1.0190326915104837e-01
-1.0830846808569113e-01
-1.1532395521359687e-01
-1.2302424044241983e-01
-1.3150494150160452e-01
-1.4087363616120180e-01
-1.5125358727258442e-01
-1.6279645421837388e-01
-1.7567339000493851e-01
-1.9010425032337230e-01
-2.0635120151860276e-01
-2.2472141296444420e-01
-2.4560487284031268e-01
-2.6947676870102105e-01
-2.9692223799281081e-01
-3.2869512981306642e-01
-3.6573745434996424e-01
-4.0927019315844132e-01
-4.6089308162157328e-01
-5.2269812779280622e-01
-5.9753186144997961e-01
-6.8926899386125662e-01
-8.0328928984875592e-01
-9.4706988074505905e-01
-1.1319904424482672e+00
-1.3749228251818444e+00
-1.7019756546796270e+00
-2.1536630297767152e+00
-2.7979169594895330e+00
-3.7443760198170390e+00
-5.1608931108665415e+00
-7.1923817299551374e+00
-9.3550789383629027e+00
-9.9398761991309996e+00
-9.3275192626018804e+00
-8.5457939347356380e+00
-6.6920127242079586e+00
-4.4738219012829896e+00
-2.9628813845164497e+00
-2.0493154981105026e+00
-1.4853200160234992e+00
-1.1202184614593340e+00
-8.7295717526707950e-01
-6.9864319609314740e-01
-5.7145490355716666e-01
-4.8535173043454011e-01
-5.8266658064931676e-01
-7.1133181829981851e-01
-8.8590500494963198e-01
-1.1298571161484279e+00
-1.4830064399408320e+00
-2.0136653892922558e+00
-2.8378161893797915e+00
-4.1091823697871250e+00
-5.7269544534735219e+00
-6.5683252546906266e+00
0.0000000000000000e+00
2.4055929233035767e-01
0.0000000000000000e+00
0.0000000000000000e+00
];
