%Vec Object:sol 1 MPI processes
%  type: mpi
sol = [
0.0000000000000000e+00
-2.2145557252681048e+01
-1.6270056375987004e+01
-1.0218777121178091e+01
-6.4308753598640598e+00
-4.2878098425753448e+00
-3.0262630618460427e+00
-2.2358046330352077e+00
-1.7141358287236790e+00
-1.3535624919906597e+00
-1.0944361372162430e+00
-9.0247145212377666e-01
-7.5658264420407184e-01
-6.4323388019860928e-01
-5.5341311872201238e-01
-4.8106268899785060e-01
-4.2198903443040681e-01
-3.7308442334051317e-01
-3.3214773988624013e-01
-2.9759163934165261e-01
-2.6816184737595222e-01
-2.4285339039586087e-01
-2.2096489865060856e-01
-2.0191303412279310e-01
-1.8520906730482781e-01
-1.7048927385877524e-01
-1.5746302480866414e-01
-1.4587262048627514e-01
-1.3550731543144251e-01
-1.2621435004462234e-01
-1.1784974139215172e-01
-1.1027946817702615e-01
-1.0342075708016456e-01
-9.7187729979683862e-02
-9.1494621846934243e-02
-8.6289962602535852e-02
-8.1521497608984098e-02
-7.7134807619125306e-02
-7.3092913319857414e-02
-6.9364346244168568e-02
-6.5913733844509811e-02
-6.2712862182480719e-02
-5.9742839824929020e-02
-5.6980276946349717e-02
-5.4402631430426000e-02
-5.1998810120639900e-02
-4.9753172833025633e-02
-4.7647092234596830e-02
-4.5674391911019428e-02
-4.3824174998876073e-02
-4.2081817291003250e-02
-4.0443132428216330e-02
-3.8900485839371508e-02
-3.7443142768894301e-02
-3.6067224657284055e-02
-3.4767673523538219e-02
-3.3536512948372885e-02
-3.2370131723910747e-02
-3.1265239839167264e-02
-3.0215842571496725e-02
-2.9218586791751575e-02
-2.8271399865669629e-02
-2.7369725322876879e-02
-2.6510470159955394e-02
-2.5692399355804783e-02
-2.4912008839928192e-02
-2.4166469798399051e-02
-2.3455119541189073e-02
-2.2775228278512877e-02
-2.2124234095695076e-02
-2.1501859728877762e-02
-2.0905947194952895e-02
-2.0334201146035093e-02
-1.9786597046133596e-02
-1.9261399735301606e-02
-1.8756576877723804e-02
-1.8272262290239084e-02
-1.7807033177765681e-02
-1.7359114014800878e-02
-1.6928729528592180e-02
-1.6514686758205735e-02
-1.6115458594888381e-02
-1.5731312709638009e-02
-1.5361224006244503e-02
-1.5003903922415520e-02
-1.4659628972935134e-02
-1.4327495129635935e-02
-1.4006441398283069e-02
-1.3696730144583251e-02
-1.3738224749477586e-02
-1.4062876728932160e-02
-1.4399440350842304e-02
-1.4748154707398743e-02
-1.5109260157967689e-02
-1.5484091520699591e-02
-1.5872868071287745e-02
-1.6276120125721057e-02
-1.6695227233508431e-02
-1.7130426104461888e-02
-1.7582566654801152e-02
-1.8053122950437886e-02
-1.8542355321131760e-02
-1.9051519363393166e-02
-1.9582202811588928e-02
-2.0134699462387114e-02
-2.0710776778782081e-02
-2.1312163931856018e-02
-2.1939205570838630e-02
-2.2594313496069499e-02
-2.3279398664841890e-02
-2.3994885258904614e-02
-2.4743996895907425e-02
-2.5528700294769044e-02
-2.6350098032320964e-02
-2.7211886892870355e-02
-2.8116273313506846e-02
-2.9065364531714016e-02
-3.0063354553942146e-02
-3.1112833316578877e-02
-3.2217217057444500e-02
-3.3381371732720440e-02
-3.4608437067480957e-02
-3.5903549070712748e-02
-3.7272500993172711e-02
-3.8719232327004811e-02
-4.0251165466779447e-02
-4.1875274785887727e-02
-4.3597053560692815e-02
-4.5426634841763514e-02
-4.7372452828485491e-02
-4.9443392687634938e-02
-5.1652197608795476e-02
-5.4009899425474940e-02
-5.6530176895784379e-02
-5.9229608093342469e-02
-6.2123156300506764e-02
-6.5231421323241154e-02
-6.8576676946064813e-02
-7.2180263678883833e-02
-7.6072762234237701e-02
-8.0284535215377220e-02
-8.4849662837931564e-02
-8.9811403608759346e-02
-9.5214205124437165e-02
-1.0111233455619215e-01
-1.0756978762252871e-01
-1.1465461357884708e-01
-1.2245436027444825e-01
-1.3106740631921437e-01
-1.4060631287303646e-01
-1.5121303798234006e-01
-1.6304838426992699e-01
-1.7630846493451888e-01
-1.9123369637790696e-01
-2.0810561757679244e-01
-2.2728197251601950e-01
-2.4919863757291594e-01
-2.7439237969251351e-01
-3.0355515422304863e-01
-3.3755167250790474e-01
-3.7750323464140945e-01
-4.2483249706762943e-01
-4.8147437628106082e-01
-5.5004775507053871e-01
-6.3410257727662356e-01
-7.3858670430748552e-01
-8.7059456533734669e-01
-1.0404588212785102e+00
-1.2635722077437368e+00
-1.5636177371824180e+00
-1.9790250941069027e+00
-2.5716393541413796e+00
-3.4429325350973881e+00
-4.7460051500826799e+00
-6.6105343072202354e+00
-8.5767387344220083e+00
-9.1136451411285009e+00
-8.5896938094327790e+00
-7.9109857727730803e+00
-6.2600292814501728e+00
-4.2269059223619836e+00
-2.8144874779265612e+00
-1.9523944833425471e+00
-1.4171216560020969e+00
-1.0699273721721008e+00
-8.3417033237257798e-01
-6.6776141697224467e-01
-5.4631914368514656e-01
-4.6404592780139403e-01
-5.5690730490914186e-01
-6.7957371677433254e-01
-8.4591628786211925e-01
-1.0783557081747610e+00
-1.4142988511581114e+00
-1.9181327882562258e+00
-2.6973685980396049e+00
-3.8894317270250385e+00
-5.3770293118387942e+00
-6.1296329166917731e+00
0.0000000000000000e+00
2.4055929233035767e-01
0.0000000000000000e+00
0.0000000000000000e+00
];
