%Vec Object:sol 1 MPI processes
%  type: mpi
sol = [
0.0000000000000000e+00
-1.7163958469820976e+01
-1.3447935668200374e+01
-8.9904739025507627e+00
-5.8519388942190300e+00
-3.9709934933766444e+00
-2.8298312292101460e+00
-2.1049948435725647e+00
-1.6211232343964672e+00
-1.2839837238332821e+00
-1.0409985870531311e+00
-8.6031399323974977e-01
-7.2259867943683509e-01
-6.1535249781276391e-01
-5.3020638694598643e-01
-4.6142850194598456e-01
-4.0520596914441714e-01
-3.5866224749385334e-01
-3.1966584196156039e-01
-2.8671659976516556e-01
-2.5863128068024110e-01
-2.3445989663166125e-01
-2.1353953212510898e-01
-1.9531789090637905e-01
-1.7933146772210268e-01
-1.6523532328921964e-01
-1.5275370482360917e-01
-1.4164165917400132e-01
-1.3169872421073750e-01
-1.2277980449433117e-01
-1.1474783018251837e-01
-1.0747493700324180e-01
-1.0088251163352570e-01
-9.4888694704881441e-02
-8.9411484209019426e-02
-8.4401945610929383e-02
-7.9810239472016001e-02
-7.5584269819196609e-02
-7.1688771266028628e-02
-6.8093750996829336e-02
-6.4765317815975207e-02
-6.1676468826370373e-02
-5.8809238715906154e-02
-5.6141208116149505e-02
-5.3650718951849426e-02
-5.1327273604411812e-02
-4.9155883674371764e-02
-4.7118580429226453e-02
-4.5209580596828607e-02
-4.3418441661271595e-02
-4.1731017536233213e-02
-4.0143407401857192e-02
-3.8648298973053920e-02
-3.7235295452010514e-02
-3.5900744120298270e-02
-3.4639816284421900e-02
-3.3444778185000204e-02
-3.2312197477032886e-02
-3.1238951732298414e-02
-3.0219223127569281e-02
-2.9249799617971813e-02
-2.8328734818580597e-02
-2.7451603108627706e-02
-2.6615421943181301e-02
-2.5819054547947338e-02
-2.5059094897253623e-02
-2.4332799741566078e-02
-2.3639588117936972e-02
-2.2976804431109322e-02
-2.2341934324098176e-02
-2.1734778120604151e-02
-2.1153082305064661e-02
-2.0594766064559442e-02
-2.0059864137094156e-02
-1.9546684838701416e-02
-1.9053230553123888e-02
-1.8579683530841596e-02
-1.8124654852973671e-02
-1.7686393629082284e-02
-1.7265167966306155e-02
-1.6859811194198313e-02
-1.6468813208646939e-02
-1.6092480988863303e-02
-1.5729809516653599e-02
-1.5379521754442767e-02
-1.5041930031939925e-02
-1.4716145133764213e-02
-1.4401114053883118e-02
-1.4097130856310990e-02
-1.4154366341380184e-02
-1.4503763315164061e-02
-1.4866236138902167e-02
-1.5242035980823861e-02
-1.5631498950647391e-02
-1.6036007314816029e-02
-1.6455838649563043e-02
-1.6891593303962699e-02
-1.7344750429316665e-02
-1.7815616729104464e-02
-1.8305133265012378e-02
-1.8814891555508351e-02
-1.9345234156663262e-02
-1.9897536131734339e-02
-2.0473524074949234e-02
-2.1073589109816868e-02
-2.1699655744384969e-02
-2.2353618173023664e-02
-2.3035937410647227e-02
-2.3749231995140441e-02
-2.4495610438736496e-02
-2.5275637760293641e-02
-2.6092810002246107e-02
-2.6949324029440419e-02
-2.7846481321210807e-02
-2.8788312107221499e-02
-2.9777300744179939e-02
-3.0815838884797518e-02
-3.1908527077212791e-02
-3.3058298103545353e-02
-3.4268969895521403e-02
-3.5545911034399871e-02
-3.6892691475607753e-02
-3.8315010716986966e-02
-3.9819293428492789e-02
-4.1410029813117352e-02
-4.3095429853493933e-02
-4.4883268407301807e-02
-4.6779782787343641e-02
-4.8796183519212263e-02
-5.0941925650151494e-02
-5.3226991980500710e-02
-5.5665538532740595e-02
-5.8269961608401061e-02
-6.1055552534608502e-02
-6.4040788900474058e-02
-6.7242507662003168e-02
-7.0683684945949787e-02
-7.4389213254038092e-02
-7.8383104920122890e-02
-8.2699451892134346e-02
-8.7372282232328041e-02
-9.2439808849116789e-02
-9.7950361509877390e-02
-1.0395379943594073e-01
-1.1051086905698441e-01
-1.1769317461310713e-01
-1.2557707839900578e-01
-1.3426051561517210e-01
-1.4385369257121575e-01
-1.5448280624076127e-01
-1.6630672690947376e-01
-1.7950567018287689e-01
-1.9429930081781785e-01
-2.1095679730214070e-01
-2.2979364097859423e-01
-2.5121030567645530e-01
-2.7569483459371952e-01
-3.0384827833044470e-01
-3.3644493941101022e-01
-3.7445261185335521e-01
-4.1907234912683644e-01
-4.7196883135939788e-01
-5.3529098964606281e-01
-6.1195021453258203e-01
-7.0590823533191815e-01
-8.2268392525077494e-01
-9.7018560618093064e-01
-1.1599252742496688e+00
-1.4086894272268735e+00
-1.7433165229989032e+00
-2.2063245607117250e+00
-2.8655410441266755e+00
-3.8350450846487636e+00
-5.2848625417568877e+00
-7.3641965671239777e+00
-9.5836930743213031e+00
-1.0179759607186792e+01
-9.5413467064471060e+00
-8.7272602299070066e+00
-6.8138737181074305e+00
-4.5432300932786482e+00
-3.0043698583718910e+00
-2.0764398664882955e+00
-1.5042608107638626e+00
-1.1342556932727990e+00
-8.8373269384229347e-01
-7.0718959035770135e-01
-5.7845261468010301e-01
-4.9127842693054707e-01
-5.8982354441286855e-01
-7.2012422576981716e-01
-8.9694885231883437e-01
-1.1441348414683288e+00
-1.5019794666046951e+00
-2.0400843356315050e+00
-2.8766012356709281e+00
-4.1698049091200104e+00
-5.8237225779491979e+00
-6.6901999624959512e+00
0.0000000000000000e+00
2.4055929233035767e-01
0.0000000000000000e+00
0.0000000000000000e+00
];
