%Vec Object:sol 1 MPI processes
%  type: mpi
sol = [
0.0000000000000000e+00
-5.2849368318488324e+01
-3.0524442814997172e+01
-1.6009279792968684e+01
-9.2441845428520466e+00
-5.8982920588556711e+00
-4.0567579675838195e+00
-2.9494724053461230e+00
-2.2352018253107211e+00
-1.7503546560467118e+00
-1.4060206130903152e+00
-1.1533458299933368e+00
-9.6272578844741685e-01
-8.1548725696532209e-01
-6.9930233260921748e-01
-6.0602636926086595e-01
-5.3014729744237177e-01
-4.6758969498834085e-01
-4.1536660560570032e-01
-3.7138350999094455e-01
-3.3400135703305356e-01
-3.0191407973996615e-01
-2.7420936522920297e-01
-2.5013209236926565e-01
-2.2905247249749836e-01
-2.1050162698373093e-01
-1.9410541631283149e-01
-1.7953367038588253e-01
-1.6651533581404362e-01
-1.5484973867645555e-01
-1.4436076665166561e-01
-1.3487796321311701e-01
-1.2629486389757466e-01
-1.1850203674068707e-01
-1.1139098538177719e-01
-1.0489573148898490e-01
-9.8949812312747354e-02
-9.3484589650248306e-02
-8.8453019415495424e-02
-8.3815035969323590e-02
-7.9526115207170359e-02
-7.5550655405695860e-02
-7.1864507477293574e-02
-6.8438261413060544e-02
-6.5243706232010146e-02
-6.2266534143885013e-02
-5.9487077066142369e-02
-5.6882212002426005e-02
-5.4443821468122523e-02
-5.2158205628355235e-02
-5.0007307418299923e-02
-4.7985584231112571e-02
-4.6083430302869280e-02
-4.4287621154443228e-02
-4.2593123493567822e-02
-4.0993536750152743e-02
-3.9479053702749796e-02
-3.8045067317680439e-02
-3.6687371763615681e-02
-3.5398608531897476e-02
-3.4174560858419398e-02
-3.3012531862579075e-02
-3.1906936363866864e-02
-3.0853931451422036e-02
-2.9851857850326822e-02
-2.8896425794404934e-02
-2.7984156423143405e-02
-2.7114099938626658e-02
-2.6282918448939589e-02
-2.5487489167720236e-02
-2.4727341190926209e-02
-2.3999839234196883e-02
-2.3302207086885535e-02
-2.2634289611151957e-02
-2.1993971342073062e-02
-2.1378810884915993e-02
-2.0788853299801308e-02
-2.0222367901700591e-02
-1.9677234427832164e-02
-1.9153615895545761e-02
-1.8650065879592063e-02
-1.8164769924178328e-02
-1.7697950790129473e-02
-1.7248371134727315e-02
-1.6814506004864459e-02
-1.6396596743444548e-02
-1.5993558590710680e-02
-1.5604139169998558e-02
-1.5228569729161832e-02
-1.5243930899171334e-02
-1.5572497573437981e-02
-1.5912604032906053e-02
-1.6264371720547541e-02
-1.6628010531152027e-02
-1.7004845899028828e-02
-1.7395001008604864e-02
-1.7798940098519275e-02
-1.8218050345365725e-02
-1.8652454094778781e-02
-1.9102940455356054e-02
-1.9570966709135211e-02
-2.0056654926376861e-02
-2.0561203128728129e-02
-2.1086152754910884e-02
-2.1631630380920162e-02
-2.2199345703763786e-02
-2.2790945614893095e-02
-2.3406572280833472e-02
-2.4048573866651213e-02
-2.4718734886108009e-02
-2.5417233827575873e-02
-2.6147215932153835e-02
-2.6910455540838971e-02
-2.7707789277427435e-02
-2.8542774133676105e-02
-2.9417353518067790e-02
-3.0333339588012712e-02
-3.1294700385609622e-02
-3.2303675868522501e-02
-3.3363335022335475e-02
-3.4478206611478171e-02
-3.5650968194882032e-02
-3.6886320942832750e-02
-3.8189574926885919e-02
-3.9564058737167222e-02
-4.1016620653650498e-02
-4.2553552144652937e-02
-4.4179541814488264e-02
-4.5903923368931079e-02
-4.7734171432316293e-02
-4.9678104794046600e-02
-5.1747311633431013e-02
-5.3951485123663198e-02
-5.6302826479377906e-02
-5.8816245427966519e-02
-6.1504813663596371e-02
-6.4387002835842505e-02
-6.7482656404093372e-02
-7.0810385683167637e-02
-7.4397606403301356e-02
-7.8271137119260786e-02
-8.2459668636362754e-02
-8.7001700191943851e-02
-9.1937059230012455e-02
-9.7313586414872505e-02
-1.0318773750578775e-01
-1.0961894152134979e-01
-1.1668437213594156e-01
-1.2447028490116149e-01
-1.3307502555154638e-01
-1.4262324322073872e-01
-1.5325534139408981e-01
-1.6514271214292189e-01
-1.7849553487870190e-01
-1.9355898294013432e-01
-2.1064529818926664e-01
-2.3013416338925605e-01
-2.5249241904472342e-01
-2.7832247156574597e-01
-3.0837562645763117e-01
-3.4362602649425150e-01
-3.8535007778734387e-01
-4.3521542034408955e-01
-4.9549299622245307e-01
-5.6922454250026777e-01
-6.6067906704242796e-01
-7.7605018461700259e-01
-9.2429261874005253e-01
-1.1188910675878736e+00
-1.3806496551115881e+00
-1.7420501339083831e+00
-2.2575268120513408e+00
-3.0139294212301757e+00
-4.1420593629908975e+00
-5.7404614138731018e+00
-7.3874230832909173e+00
-7.8119168741346847e+00
-7.3835872659560620e+00
-6.8354005261996944e+00
-5.4960771986330563e+00
-3.7737546385130241e+00
-2.5363468525608228e+00
-1.7675909917590547e+00
-1.2859691433872094e+00
-9.7188207828979334e-01
-7.5793782621172168e-01
-6.0664603697879982e-01
-4.9609809185736037e-01
-4.2109858883175866e-01
-5.0455873735696011e-01
-6.1466599316101023e-01
-7.6372070232159162e-01
-9.7150871710931530e-01
-1.2708244900923240e+00
-1.7170572513563118e+00
-2.4000228466265674e+00
-3.4216972822799296e+00
-4.6367549129701766e+00
-5.2113293086742827e+00
0.0000000000000000e+00
1.3464638167935297e-01
0.0000000000000000e+00
0.0000000000000000e+00
];
