%Vec Object:sol 1 MPI processes
%  type: mpi
sol = [
0.0000000000000000e+00
-2.6179446549686613e+01
-1.8311848637254819e+01
-1.1021328323432673e+01
-6.7921135839893818e+00
-4.4809824392821884e+00
-3.1429750646230663e+00
-2.3139626441698304e+00
-1.7693837407528432e+00
-1.3941704866014546e+00
-1.1257781423662720e+00
-9.2731155396957821e-01
-7.7668479039173499e-01
-6.5963520248411056e-01
-5.6699801657643401e-01
-4.9245737622554381e-01
-4.3165005761451575e-01
-3.8139763912003916e-01
-3.3935825928400370e-01
-3.0388680020352921e-01
-2.7368943563211023e-01
-2.4773032425191133e-01
-2.2528676274490514e-01
-2.0575802561087550e-01
-1.8864112861402949e-01
-1.7356181058363590e-01
-1.6022110102051576e-01
-1.4835401389321326e-01
-1.3774250310392991e-01
-1.2822713632887936e-01
-1.1966495669452418e-01
-1.1191820105515750e-01
-1.0490161542503773e-01
-9.8526894763848724e-02
-9.2705980930300233e-02
-8.7385899315382001e-02
-8.2512947327402303e-02
-7.8031296697004732e-02
-7.3902947347175063e-02
-7.0095555101539017e-02
-6.6572853544766497e-02
-6.3305903247074455e-02
-6.0275269752807933e-02
-5.7456980897770571e-02
-5.4827961225326051e-02
-5.2376773334390225e-02
-5.0087388329005812e-02
-4.7940778524680282e-02
-4.5930543979728108e-02
-4.4045518074845989e-02
-4.2270785176736096e-02
-4.0601997057822248e-02
-3.9031328777408024e-02
-3.7547840212770536e-02
-3.6147523165975380e-02
-3.4825185427194691e-02
-3.3572703614724399e-02
-3.2386362717775820e-02
-3.1262775496007623e-02
-3.0195840476440479e-02
-2.9182121887669315e-02
-2.8219474441473338e-02
-2.7303263000268828e-02
-2.6430329356002150e-02
-2.5599382326594016e-02
-2.4806859082494671e-02
-2.4049879969474310e-02
-2.3327737318828163e-02
-2.2637656844824026e-02
-2.1977037694072270e-02
-2.1345565255696076e-02
-2.0741047443353360e-02
-2.0161159734853020e-02
-1.9605845543768943e-02
-1.9073343333074803e-02
-1.8561599474472477e-02
-1.8070719523983234e-02
-1.7599260203383621e-02
-1.7145430911957159e-02
-1.6709430946480093e-02
-1.6290051501718986e-02
-1.5885755128149989e-02
-1.5496786314242629e-02
-1.5122107908632124e-02
-1.4760424416970267e-02
-1.4411991081123360e-02
-1.4075895063144503e-02
-1.3751070705821374e-02
-1.3437759921738833e-02
-1.3469152432338637e-02
-1.3777865789899622e-02
-1.4097792139393887e-02
-1.4429096979698562e-02
-1.4772025713061016e-02
-1.5127821005205391e-02
-1.5496660455234993e-02
-1.5879027766852249e-02
-1.6276237342266742e-02
-1.6688478797816698e-02
-1.7116541605317420e-02
-1.7561822713869021e-02
-1.8024526957875341e-02
-1.8505830926842728e-02
-1.9007230835787044e-02
-1.9528954601911321e-02
-2.0072666020414916e-02
-2.0639985106553752e-02
-2.1231177528427642e-02
-2.1848518763171353e-02
-2.2493788637837540e-02
-2.3167315527820885e-02
-2.3872143481571177e-02
-2.4610085680664615e-02
-2.5382110365232257e-02
-2.6191693855429774e-02
-2.7040856527738574e-02
-2.7931514652449623e-02
-2.8867592498869436e-02
-2.9851449826692789e-02
-3.0886234112885130e-02
-3.1976476738489412e-02
-3.3125027887509539e-02
-3.4336647285682878e-02
-3.5616706630518968e-02
-3.6968774066088735e-02
-3.8399746487721924e-02
-3.9916062240963945e-02
-4.1522712834054794e-02
-4.3229111911094201e-02
-4.5043007909058908e-02
-4.6972547702412243e-02
-4.9029528659949265e-02
-5.1224064275157667e-02
-5.3568749992685454e-02
-5.6078889291658773e-02
-5.8768182461136284e-02
-6.1655633364592614e-02
-6.4761754943256838e-02
-6.8106084951185253e-02
-7.1716844745069050e-02
-7.5621926770891690e-02
-7.9852624684773388e-02
-8.4448782820853649e-02
-8.9451196856823539e-02
-9.4909764913337177e-02
-1.0088335188713748e-01
-1.0743439070316167e-01
-1.1464342056911392e-01
-1.2260085336277582e-01
-1.3140583484385560e-01
-1.4119045114215548e-01
-1.5210345706952491e-01
-1.6432466833385051e-01
-1.7807457411207844e-01
-1.9361112820744625e-01
-2.1126236273231125e-01
-2.3142779019821338e-01
-2.5459925417336848e-01
-2.8141107521613301e-01
-3.1265562456035434e-01
-3.4936053213253271e-01
-3.9287287775526986e-01
-4.4495451478243070e-01
-5.0800474377033844e-01
-5.8529090600698908e-01
-6.8136739338670860e-01
-8.0257964889783129e-01
-9.5852882720012622e-01
-1.1634969885730078e+00
-1.4395911088639719e+00
-1.8215120017280968e+00
-2.3663733184700764e+00
-3.1676269393225152e+00
-4.3650017052615482e+00
-6.0691137231449392e+00
-7.8484761195817265e+00
-8.3328495947259587e+00
-7.8847703642152283e+00
-7.2974794880829137e+00
-5.8359170466275074e+00
-3.9814249743659160e+00
-2.6664205807968178e+00
-1.8551521762873675e+00
-1.3490113387015974e+00
-1.0193934783070406e+00
-7.9528917567076418e-01
-6.3689637480074057e-01
-5.2112713873516125e-01
-4.4264354652566151e-01
-5.3099111151516176e-01
-6.4770282312783156e-01
-8.0588873070865419e-01
-1.0266080786223188e+00
-1.3452358199922156e+00
-1.8220324220716764e+00
-2.5561791646791696e+00
-3.6684007555605480e+00
-5.0269182639213712e+00
-5.6942536932594336e+00
0.0000000000000000e+00
2.4055929233035767e-01
0.0000000000000000e+00
0.0000000000000000e+00
];
