%Vec Object:sol 1 MPI processes
%  type: mpi
sol = [
0.0000000000000000e+00
-2.8392943276837581e+01
-1.9334831220632953e+01
-1.1402414386828218e+01
-6.9584422601979270e+00
-4.5687684784826725e+00
-3.1963365798529928e+00
-2.3486568015986498e+00
-1.7939268500136774e+00
-1.4124315239096918e+00
-1.1396371102939267e+00
-9.3813535282697835e-01
-7.8534216061566031e-01
-6.6684058097085486e-01
-5.7304414772493828e-01
-4.9752531388057558e-01
-4.3594420283773472e-01
-3.8506962063645556e-01
-3.4252245371980816e-01
-3.0663219444259782e-01
-2.7608572507421270e-01
-2.4983227388248008e-01
-2.2713888182173161e-01
-2.0739652253526480e-01
-1.9009544927261174e-01
-1.7485643080078586e-01
-1.6137658150498910e-01
-1.4938758605521774e-01
-1.3867013730083261e-01
-1.2906520568566404e-01
-1.2042306138787418e-01
-1.1260449853396516e-01
-1.0552337706356622e-01
-9.9090480082672350e-02
-9.3216857389084279e-02
-8.7848983245679010e-02
-8.2932601634161052e-02
-7.8411355852305423e-02
-7.4245243862732568e-02
-7.0403209121655708e-02
-6.6848829823619227e-02
-6.3552845824931703e-02
-6.0495586580122558e-02
-5.7652821745574422e-02
-5.5001238384319355e-02
-5.2529250764175459e-02
-5.0220658196828159e-02
-4.8056253586363250e-02
-4.6029541661169425e-02
-4.4129236811297171e-02
-4.2340292538617937e-02
-4.0658291528594785e-02
-3.9075325073019897e-02
-3.7580361029273320e-02
-3.6169335229418696e-02
-3.4836996683332497e-02
-3.3575156323649311e-02
-3.2380053925047107e-02
-3.1248259849139967e-02
-3.0173625040015181e-02
-2.9152677498483034e-02
-2.8183240346835777e-02
-2.7260643482033713e-02
-2.6381699994396515e-02
-2.5545094306381081e-02
-2.4747237547320347e-02
-2.3985227640608835e-02
-2.3258337351367335e-02
-2.2563772729709154e-02
-2.1898915758162409e-02
-2.1263435515278036e-02
-2.0655124884625838e-02
-2.0071646528772209e-02
-1.9512929779666205e-02
-1.8977201507677264e-02
-1.8462398799818928e-02
-1.7968614704181533e-02
-1.7494396968865129e-02
-1.7037948502829907e-02
-1.6599457259120050e-02
-1.6177707520809874e-02
-1.5771157477980437e-02
-1.5380041198511800e-02
-1.5003316307900165e-02
-1.4639684483138474e-02
-1.4289391339091472e-02
-1.3951520258465341e-02
-1.3625003748657492e-02
-1.3310074834276861e-02
-1.3336639661276736e-02
-1.3637651061046431e-02
-1.3949514108297241e-02
-1.4272377140128677e-02
-1.4606467383417336e-02
-1.4953000325463820e-02
-1.5312133450045630e-02
-1.5684327182451052e-02
-1.6070863691925622e-02
-1.6471908928575474e-02
-1.6888222213214447e-02
-1.7321162238635616e-02
-1.7770905872412309e-02
-1.8238590324702753e-02
-1.8725666288887038e-02
-1.9232328385106280e-02
-1.9760188764488904e-02
-2.0310812988616304e-02
-2.0884426697491715e-02
-2.1483237460243384e-02
-2.2108959499915110e-02
-2.2761872507387586e-02
-2.3444931050238465e-02
-2.4159871184839834e-02
-2.4907593107365230e-02
-2.5691462989610354e-02
-2.6513407442201830e-02
-2.7375246270155616e-02
-2.8280768559266971e-02
-2.9232217726882684e-02
-3.0232605677466842e-02
-3.1286295593377901e-02
-3.2395990891576638e-02
-3.3566261569229039e-02
-3.4802266743226978e-02
-3.6107385811187623e-02
-3.7488250615587533e-02
-3.8951028289591752e-02
-4.0500454930185843e-02
-4.2145580772289429e-02
-4.3893805974652478e-02
-4.5752901874376486e-02
-4.7734186471184326e-02
-4.9847305460781685e-02
-5.2104303060297875e-02
-5.4519834593956422e-02
-5.7106955078294247e-02
-5.9883855345113340e-02
-6.2870149824777163e-02
-6.6084452712214470e-02
-6.9553780939628052e-02
-7.3304761454706546e-02
-7.7367258498073382e-02
-8.1779366817712779e-02
-8.6580004427339943e-02
-9.1816823259056338e-02
-9.7546048244661607e-02
-1.0382721346454371e-01
-1.1073724432509502e-01
-1.1836240104527418e-01
-1.2680125279037829e-01
-1.3617841455356794e-01
-1.4663473870873234e-01
-1.5834212338001555e-01
-1.7151139343667018e-01
-1.8638920518827506e-01
-2.0327682398330033e-01
-2.2256428440186946e-01
-2.4472139394886619e-01
-2.7035340473242092e-01
-3.0021618262759903e-01
-3.3529006962871033e-01
-3.7686017543683048e-01
-4.2660707251080016e-01
-4.8681960058296569e-01
-5.6061443694899815e-01
-6.5233721404608447e-01
-7.6822183066889438e-01
-9.1716198453434439e-01
-1.1128315615833444e+00
-1.3763609982316904e+00
-1.7413051408403624e+00
-2.2613563734769433e+00
-3.0264555657040555e+00
-4.1675245695859919e+00
-5.7875315957892921e+00
-7.4635625293029850e+00
-7.9187960844664920e+00
-7.5096325956445682e+00
-6.9701235551782910e+00
-5.6085874944392247e+00
-3.8501574699775292e+00
-2.5876449345372285e+00
-1.8039276530281849e+00
-1.3131725564144399e+00
-9.9310901786353156e-01
-7.7520218235438865e-01
-6.2096471844637557e-01
-5.0823869977735203e-01
-4.3178721404682274e-01
-5.1794885032374549e-01
-6.3175796512950655e-01
-7.8590064032427509e-01
-1.0009574915353792e+00
-1.3112606547211687e+00
-1.7748780774252233e+00
-2.4872403679094144e+00
-3.5609800159989784e+00
-4.8587476154372089e+00
-5.4870297630451645e+00
0.0000000000000000e+00
2.4055929233035767e-01
0.0000000000000000e+00
0.0000000000000000e+00
];
