%Vec Object:sol 1 MPI processes
%  type: mpi
sol = [
0.0000000000000000e+00
-1.6564050527338445e+01
-1.3080834955471593e+01
-8.8201562129277740e+00
-5.7697342283129291e+00
-3.9240594679617522e+00
-2.8013737635980123e+00
-2.0854192289961042e+00
-1.6072346642384765e+00
-1.2738784429374825e+00
-1.0331097547683008e+00
-8.5400321627544473e-01
-7.1744979615830562e-01
-6.1108322812492821e-01
-5.2661901334316930e-01
-4.5846370744100329e-01
-4.0273144741969724e-01
-3.5657659149109838e-01
-3.1786286823485960e-01
-2.8513860509694361e-01
-2.5724259802198068e-01
-2.3323214150313706e-01
-2.1244943661642637e-01
-1.9434635300642955e-01
-1.7846279656113262e-01
-1.6445638025889042e-01
-1.5205338380795708e-01
-1.4101060617307273e-01
-1.3112900532021998e-01
-1.2226454847315571e-01
-1.1428112869891921e-01
-1.0705174268508164e-01
-1.0049836128061572e-01
-9.4539691105290147e-02
-8.9094261499652300e-02
-8.4113497780260185e-02
-7.9547903944531068e-02
-7.5345714817536505e-02
-7.1471910157164198e-02
-6.7896708862532726e-02
-6.4586432217651979e-02
-6.1514251545701434e-02
-5.8662335528378538e-02
-5.6008404922645541e-02
-5.3530929395837146e-02
-5.1219498185103698e-02
-4.9059217576517190e-02
-4.7032214347667092e-02
-4.5132762996606346e-02
-4.3350487355896632e-02
-4.1671310961221515e-02
-4.0091375129044267e-02
-3.8603414867856560e-02
-3.7197082832083651e-02
-3.5868759667800176e-02
-3.4613650493438210e-02
-3.3424057225717139e-02
-3.2296573978901344e-02
-3.1228103136505019e-02
-3.0212853003084024e-02
-2.9247632443463699e-02
-2.8330513815898493e-02
-2.7457090911757537e-02
-2.6624397606811005e-02
-2.5831311696870876e-02
-2.5074441830705788e-02
-2.4351057566596449e-02
-2.3660586912985455e-02
-2.3000385790276152e-02
-2.2367967347635919e-02
-2.1763129668567513e-02
-2.1183780712324470e-02
-2.0627681287552879e-02
-2.0094871343879911e-02
-1.9583666902429565e-02
-1.9092076668435043e-02
-1.8620291015328423e-02
-1.8166927024158782e-02
-1.7730238382573871e-02
-1.7310500347395955e-02
-1.6906550913529838e-02
-1.6516883235476131e-02
-1.6141810669558346e-02
-1.5780331784540285e-02
-1.5431171845232544e-02
-1.5094648912897902e-02
-1.4769876456954930e-02
-1.4455803131369401e-02
-1.4152728161778363e-02
-1.4212258404732123e-02
-1.4565204509483521e-02
-1.4931387420136279e-02
-1.5311065665070634e-02
-1.5704583148811430e-02
-1.6113334266630246e-02
-1.6537605188956438e-02
-1.6978006325088286e-02
-1.7436031137009204e-02
-1.7911996401465929e-02
-1.8406856296240202e-02
-1.8922219242493030e-02
-1.9458439660374232e-02
-2.0016909833201802e-02
-2.0599376376919047e-02
-2.1206244500610504e-02
-2.1839461385816262e-02
-2.2500945075290525e-02
-2.3191173484243339e-02
-2.3912795048304483e-02
-2.4667946906662554e-02
-2.5457214615922850e-02
-2.6284133685090822e-02
-2.7150934449974899e-02
-2.8058947449655931e-02
-2.9012251358168106e-02
-3.0013371112076470e-02
-3.1064739986058087e-02
-3.2171017802247681e-02
-3.3335187626723863e-02
-3.4561126294061766e-02
-3.5854275972766067e-02
-3.7218270041217742e-02
-3.8658890821223146e-02
-4.0182655873222950e-02
-4.1794137048639712e-02
-4.3501660428254318e-02
-4.5313119315177459e-02
-4.7234861933131249e-02
-4.9278265024475382e-02
-5.1452299405771361e-02
-5.3767227074892322e-02
-5.6237773520463226e-02
-5.8876518469737890e-02
-6.1698970592482610e-02
-6.4723863869619716e-02
-6.7968285786176377e-02
-7.1455532173328340e-02
-7.5210846730520975e-02
-7.9258597277197432e-02
-8.3633346421349924e-02
-8.8369610077793023e-02
-9.3506149860499252e-02
-9.9091970363377954e-02
-1.0517764614737686e-01
-1.1182478039162999e-01
-1.1910598188307460e-01
-1.2709870357422451e-01
-1.3590224601108861e-01
-1.4562836285877176e-01
-1.5640502740647610e-01
-1.6839331295834797e-01
-1.8177594912965062e-01
-1.9677564265283012e-01
-2.1366527589769918e-01
-2.3276467434241155e-01
-2.5447976805517802e-01
-2.7930522392155566e-01
-3.0785020611323838e-01
-3.4089936742771032e-01
-3.7943330720974738e-01
-4.2472291030122100e-01
-4.7843318180695438e-01
-5.4274151540063864e-01
-6.2048001646246032e-01
-7.1574340365547384e-01
-8.3412520862219686e-01
-9.8363125928138351e-01
-1.1759123273093637e+00
-1.4285076305974009e+00
-1.7676443678792202e+00
-2.2366176644636311e+00
-2.9052278078704665e+00
-3.8869495622460328e+00
-5.3556081193676732e+00
-7.4643128700163848e+00
-9.7163448681923636e+00
-1.0318351673310438e+01
-9.6633811861087580e+00
-8.8313066272383036e+00
-6.8834210630093624e+00
-4.5827217004514269e+00
-3.0279369273475094e+00
-2.0918326897638790e+00
-1.5149880020039039e+00
-1.1422115208823296e+00
-8.8983664544907393e-01
-7.1202687426698408e-01
-5.8241370271006065e-01
-4.9463199292395077e-01
-5.9387170640646358e-01
-7.2509543138202981e-01
-9.0318204852534323e-01
-1.1522012590872193e+00
-1.5126927879779279e+00
-2.0549947395646555e+00
-2.8984782887565608e+00
-4.2039837225486290e+00
-5.8783158881188262e+00
-6.7590573997130008e+00
0.0000000000000000e+00
2.4055929233035767e-01
0.0000000000000000e+00
0.0000000000000000e+00
];
