%Vec Object:sol 1 MPI processes
%  type: mpi
sol = [
0.0000000000000000e+00
-1.6394816190024059e+01
-1.2976262015205704e+01
-8.7702734504059841e+00
-5.7452418850988893e+00
-3.9105560126177790e+00
-2.7931854923917308e+00
-2.0797890124471134e+00
-1.6031424077766192e+00
-1.2709754747782738e+00
-1.0308446577771815e+00
-8.5219210509416032e-01
-7.1597283693295222e-01
-6.0985916249884753e-01
-5.2559096488476409e-01
-4.5759056493544620e-01
-4.0198267939333859e-01
-3.5592915052561785e-01
-3.1732960595253562e-01
-2.8468813124123593e-01
-2.5684641249951479e-01
-2.3288209229277579e-01
-2.1213884302385841e-01
-1.9406973153075660e-01
-1.7821564335634862e-01
-1.6423492483798888e-01
-1.5185443971400750e-01
-1.4083148994711681e-01
-1.3096744112894704e-01
-1.2211856590232467e-01
-1.1414903370932332e-01
-1.0693208803768911e-01
-1.0038986774492739e-01
-9.4441241860371561e-02
-8.9004891899301553e-02
-8.4032346645275285e-02
-7.9474208651099942e-02
-7.5278807445822368e-02
-7.1411193163610179e-02
-6.7841645504976261e-02
-6.4536546573113307e-02
-6.1469117606293901e-02
-5.8621565819166457e-02
-5.5971652079171923e-02
-5.3497882563755546e-02
-5.1189871540439212e-02
-4.9032752408010860e-02
-4.7008679162867169e-02
-4.5111943003057535e-02
-4.3332186762467167e-02
-4.1655353775595962e-02
-4.0077597548850215e-02
-3.8591666640483767e-02
-3.7187227756484587e-02
-3.5860671167188413e-02
-3.4607211694520752e-02
-3.3419161384935503e-02
-3.2293121960869170e-02
-3.1226002942485610e-02
-3.0212020048222162e-02
-2.9247988134473518e-02
-2.8331984965609139e-02
-2.7459609838163018e-02
-2.6627901313781729e-02
-2.5835741412236955e-02
-2.5079742925208301e-02
-2.4357179040582603e-02
-2.3667481172097209e-02
-2.3008008399905550e-02
-2.2376276642136921e-02
-2.1772086814651526e-02
-2.1193349314577205e-02
-2.0637827023661050e-02
-2.0105562314693619e-02
-1.9594873105917912e-02
-1.9103769620974841e-02
-1.8632444354931135e-02
-1.8179515870663385e-02
-1.7743238941283206e-02
-1.7323890714086205e-02
-1.6920310337409938e-02
-1.6530991724285654e-02
-1.6156249934758948e-02
-1.5795084422340015e-02
-1.5446220975812457e-02
-1.5109979200651191e-02
-1.4785473223012486e-02
-1.4471652067221428e-02
-1.4168816358839976e-02
-1.4228987572133787e-02
-1.4582936040298812e-02
-1.4950165953153238e-02
-1.5330937823933091e-02
-1.5725597658646312e-02
-1.6135543191417145e-02
-1.6561062898398156e-02
-1.7002769904529716e-02
-1.7462161592044466e-02
-1.7939557424723283e-02
-1.8435915123634447e-02
-1.8952847715843598e-02
-1.9490712766070225e-02
-2.0050907210582392e-02
-2.0635183089871285e-02
-2.1243949320636876e-02
-2.1879159207762931e-02
-2.2542737215255192e-02
-2.3235165674108528e-02
-2.3959101084238293e-02
-2.4716688241073162e-02
-2.5508518044515927e-02
-2.6338136591167204e-02
-2.7207783102193826e-02
-2.8118795681620352e-02
-2.9075265959236603e-02
-3.0079729530000390e-02
-3.1134630537511459e-02
-3.2244644530371833e-02
-3.3412767666985269e-02
-3.4642892170616418e-02
-3.5940479566349152e-02
-3.7309179593214149e-02
-3.8754796178505378e-02
-4.0283871089564764e-02
-4.1900997035309771e-02
-4.3614530283214333e-02
-4.5432394672101029e-02
-4.7360966514390930e-02
-4.9411657030571703e-02
-5.1594112114807703e-02
-5.3918520169830439e-02
-5.6399301490815082e-02
-5.9049108694830030e-02
-6.1883536218730710e-02
-6.4921417954665273e-02
-6.8179869171572288e-02
-7.1680804097643283e-02
-7.5450590013558597e-02
-7.9513993225127727e-02
-8.3905712753093831e-02
-8.8660405784984214e-02
-9.3816992797613560e-02
-9.9424673840917271e-02
-1.0553423051204419e-01
-1.1220751399559410e-01
-1.1951742384432025e-01
-1.2754172850098827e-01
-1.3638012359534166e-01
-1.4614481035315408e-01
-1.5696427567065244e-01
-1.6900022991293681e-01
-1.8243612932360320e-01
-1.9749555974124197e-01
-2.1445247373886991e-01
-2.3362795139556108e-01
-2.5542949842829210e-01
-2.8035369374647612e-01
-3.0901204267245658e-01
-3.4219218386688571e-01
-3.8087842267048616e-01
-4.2634639845531974e-01
-4.8026727874429187e-01
-5.4482642318064334e-01
-6.2295349288728752e-01
-7.1859423418627155e-01
-8.3744008430240513e-01
-9.8752489804603849e-01
-1.1805392988577319e+00
-1.4340809900868667e+00
-1.7746818972514757e+00
-2.2453729308645776e+00
-2.9166914059290274e+00
-3.9018477760899097e+00
-5.3759935259204017e+00
-7.4931232447069460e+00
-9.7538807128977165e+00
-1.0358118124560740e+01
-9.6981984979954881e+00
-8.8610388561031002e+00
-6.9032509390789976e+00
-4.5939658768339271e+00
-3.0346419442168155e+00
-2.0962101914421245e+00
-1.5180375800201693e+00
-1.1444727905648875e+00
-8.9157117365825789e-01
-7.1340120119980155e-01
-5.8353201735341420e-01
-4.9558456375565307e-01
-5.9502139144220323e-01
-7.2650702259066202e-01
-9.0495166163400020e-01
-1.1544910028078677e+00
-1.5157331813217465e+00
-2.0592253658856290e+00
-2.9046840904793871e+00
-4.2136772688798683e+00
-5.8937928912323985e+00
-6.7786060504760757e+00
0.0000000000000000e+00
2.4055929233035767e-01
0.0000000000000000e+00
0.0000000000000000e+00
];
