%Vec Object:sol 1 MPI processes
%  type: mpi
sol = [
0.0000000000000000e+00
-1.7796409503433903e+01
-1.3829042124313190e+01
-9.1631879964391416e+00
-5.9353187096430622e+00
-4.0178284768897328e+00
-2.8587658828192013e+00
-2.1248885494565730e+00
-1.6347140395189366e+00
-1.2942699135922537e+00
-1.0490330809547481e+00
-8.6674474330461626e-01
-7.2781027287227396e-01
-6.1951462273373326e-01
-5.3358464923147852e-01
-4.6429146454721565e-01
-4.0766010425125687e-01
-3.6078330100647571e-01
-3.2151186894340295e-01
-2.8833335477249172e-01
-2.6005505224996966e-01
-2.3571956678878825e-01
-2.1465878544218400e-01
-1.9631617620762865e-01
-1.8022476225259923e-01
-1.6603700890471398e-01
-1.5347509668494710e-01
-1.4229228845302277e-01
-1.3228667599948252e-01
-1.2331208363106225e-01
-1.1523046094377074e-01
-1.0791306532341856e-01
-1.0128069026739814e-01
-9.5250899854231866e-02
-8.9741147030284171e-02
-8.4702279918801290e-02
-8.0082726795527540e-02
-7.5830204521732433e-02
-7.1910622177724981e-02
-6.8293719937840100e-02
-6.4945346834832912e-02
-6.1838286478969905e-02
-5.8954406660647884e-02
-5.6271119464768801e-02
-5.3766615075687932e-02
-5.1430288629030083e-02
-4.9247039375894079e-02
-4.7198788225385445e-02
-4.5279680975566811e-02
-4.3479197462203474e-02
-4.1783112710005205e-02
-4.0187474998802500e-02
-3.8684917342044982e-02
-3.7264987579649814e-02
-3.5923993761001742e-02
-3.4657068356515566e-02
-3.3456438103580975e-02
-3.2318640267172523e-02
-3.1240524079987932e-02
-3.0216243079652698e-02
-2.9242561701958721e-02
-2.8317512250964284e-02
-2.7436648027740925e-02
-2.6596968379713450e-02
-2.5797319965981804e-02
-2.5034281088565234e-02
-2.4305094703812775e-02
-2.3609163840839567e-02
-2.2943821365376971e-02
-2.2306560225054249e-02
-2.1697157823383235e-02
-2.1113504398871469e-02
-2.0553345696325089e-02
-2.0016704048811805e-02
-1.9501881737441086e-02
-1.9006876475450147e-02
-1.8531863270603823e-02
-1.8075448509495592e-02
-1.7635878051132415e-02
-1.7213413506009544e-02
-1.6806884573521069e-02
-1.6414778959463801e-02
-1.6037397756317656e-02
-1.5673733192377654e-02
-1.5322506786242751e-02
-1.4984025509704433e-02
-1.4657398144353980e-02
-1.4341570710596907e-02
-1.4036832400658963e-02
-1.4091803720498742e-02
-1.4437587831543483e-02
-1.4796286688039031e-02
-1.5168144332909070e-02
-1.5553489314878309e-02
-1.5953691767631156e-02
-1.6369020988330828e-02
-1.6800067529162410e-02
-1.7248296318091057e-02
-1.7714004407655980e-02
-1.8198120053553212e-02
-1.8702218084465219e-02
-1.9226629758600990e-02
-1.9772713304021410e-02
-2.0342175678008504e-02
-2.0935394678107094e-02
-2.1554272643196457e-02
-2.2200680540087704e-02
-2.2875063504814122e-02
-2.3580010870839250e-02
-2.4317603470713534e-02
-2.5088387165679068e-02
-2.5895819520870087e-02
-2.6742065365096806e-02
-2.7628398898100585e-02
-2.8558803453989541e-02
-2.9535724891784038e-02
-3.0561515611361861e-02
-3.1640719264537515e-02
-3.2776221346345856e-02
-3.3971784167294627e-02
-3.5232706302811778e-02
-3.6562498612609073e-02
-3.7966782470284982e-02
-3.9451895016191424e-02
-4.1022251104401081e-02
-4.2685951541463756e-02
-4.4450660785364651e-02
-4.6322514539314068e-02
-4.8312574298882582e-02
-5.0430155136267238e-02
-5.2685089710279243e-02
-5.5091339631862690e-02
-5.7661114975776799e-02
-6.0409486563381749e-02
-6.3354671966565801e-02
-6.6513253610764378e-02
-6.9907883264602871e-02
-7.3563096934527658e-02
-7.7502545598908873e-02
-8.1759843526240383e-02
-8.6368523046406770e-02
-9.1366239336511945e-02
-9.6800636610302498e-02
-1.0272084661500502e-01
-1.0918674468944496e-01
-1.1626891358764210e-01
-1.2404260554915338e-01
-1.3260436680014287e-01
-1.4206282855179975e-01
-1.5254237870235610e-01
-1.6419964424329375e-01
-1.7721227906670686e-01
-1.9179684726114749e-01
-2.0821875133008716e-01
-2.2678904112963788e-01
-2.4789271842622118e-01
-2.7200327849681533e-01
-2.9972287499035705e-01
-3.3181261528470840e-01
-3.6922352484417220e-01
-4.1318815783655544e-01
-4.6532125823422210e-01
-5.2773425464947599e-01
-6.0329975617437070e-01
-6.9592748071003241e-01
-8.1106503835149257e-01
-9.5650419116101726e-01
-1.1432101532564543e+00
-1.3884492169893170e+00
-1.7185464458289146e+00
-2.1749718890945777e+00
-2.8250515521339445e+00
-3.7807850784425936e+00
-5.2108265938424774e+00
-7.2615633132858299e+00
-9.4472870386381480e+00
-1.0036795386186215e+01
-9.4140465478588382e+00
-8.6193412043613815e+00
-6.7414854102262574e+00
-4.5020298797964271e+00
-2.9797518102961065e+00
-2.0603483359646684e+00
-1.4930394893603958e+00
-1.1259300574697872e+00
-8.7734223121683663e-01
-7.0212331540168194e-01
-5.7430301632638647e-01
-4.8776413525741641e-01
-5.8558000683262645e-01
-7.1491133962149056e-01
-8.9041027359930691e-01
-1.1356707498068863e+00
-1.4907330573988529e+00
-2.0244257094458633e+00
-2.8536157548629562e+00
-4.1338807594896965e+00
-5.7663672376397139e+00
-6.6179348298398564e+00
0.0000000000000000e+00
2.4055929233035767e-01
0.0000000000000000e+00
0.0000000000000000e+00
];
