%Vec Object:sol 1 MPI processes
%  type: mpi
sol = [
0.0000000000000000e+00
-6.9247193829155833e+01
-3.4204660972174324e+01
-1.6717308065165174e+01
-9.4154923440095200e+00
-5.9409453139510591e+00
-4.0627655879501594e+00
-2.9434231448315988e+00
-2.2256993256284301e+00
-1.7396123959065344e+00
-1.3957515638587474e+00
-1.1438007904050844e+00
-9.5386169692647615e-01
-8.0717008690013947e-01
-6.9160597660340273e-01
-5.9897328630660185e-01
-5.2365373926513914e-01
-4.6158341764290162e-01
-4.0978538879859144e-01
-3.6617318743718275e-01
-3.2909148155538398e-01
-2.9727504566388213e-01
-2.6981568326067784e-01
-2.4596118475581963e-01
-2.2508401233407185e-01
-2.0671772223620477e-01
-1.9049033992520339e-01
-1.7607334469507710e-01
-1.6319864714576193e-01
-1.5167165410524422e-01
-1.4130975245423733e-01
-1.3194370260918761e-01
-1.2346828871888638e-01
-1.1577504387263710e-01
-1.0875626894624112e-01
-1.0234675810578285e-01
-9.6480688843926854e-02
-9.1089978576059841e-02
-8.6128080229492934e-02
-8.1555359132208044e-02
-7.7327685477124056e-02
-7.3409806622625251e-02
-6.9777858840877421e-02
-6.6402714054007037e-02
-6.3256431586131895e-02
-6.0324885049284099e-02
-5.7588606727840955e-02
-5.5024704243267247e-02
-5.2625165970469387e-02
-5.0376434928013497e-02
-4.8260644932450088e-02
-4.6272343241444434e-02
-4.4402026381175866e-02
-4.2636401894870835e-02
-4.0970471240933441e-02
-3.9398136085037234e-02
-3.7909755926718997e-02
-3.6500767380265267e-02
-3.5167000742136773e-02
-3.3901196754805463e-02
-3.2699184728485223e-02
-3.1558283219379965e-02
-3.0472987659574669e-02
-2.9439504566608470e-02
-2.8456173995548083e-02
-2.7518771896218826e-02
-2.6623871811674527e-02
-2.5770511013620500e-02
-2.4955405507771394e-02
-2.4175487045696921e-02
-2.3430262613090499e-02
-2.2717141622555878e-02
-2.2033403297299057e-02
-2.1378863809581906e-02
-2.0751445439591093e-02
-2.0148761724336047e-02
-1.9570824615630630e-02
-1.9015936141497759e-02
-1.8482029017297133e-02
-1.7969230574809890e-02
-1.7476123727358659e-02
-1.7000943643090214e-02
-1.6543876349103918e-02
-1.6103711888549543e-02
-1.5678970237798007e-02
-1.5269856274434605e-02
-1.4875311910127947e-02
-1.4494123775533708e-02
-1.4126488011462124e-02
-1.4121699141554252e-02
-1.4406372303361831e-02
-1.4700610195150223e-02
-1.5004449771212628e-02
-1.5318008744058927e-02
-1.5642448477653902e-02
-1.5977792918982221e-02
-1.6324382570475374e-02
-1.6683414525150084e-02
-1.7054894060566036e-02
-1.7439444620850085e-02
-1.7838302229895943e-02
-1.8251450073090411e-02
-1.8679865025895762e-02
-1.9124829302566954e-02
-1.9586303193715442e-02
-2.0065702337012430e-02
-2.0564367323642592e-02
-2.1082238916630251e-02
-2.1621275505797087e-02
-2.2182895887794270e-02
-2.2767031309442132e-02
-2.3376311353981417e-02
-2.4012085686299051e-02
-2.4674830255941034e-02
-2.5367472676078542e-02
-2.6091441985150825e-02
-2.6848023441761917e-02
-2.7640418685266836e-02
-2.8470229473729951e-02
-2.9339770999983538e-02
-3.0252623317026568e-02
-3.1210657152932177e-02
-3.2217507686985863e-02
-3.3277289086658807e-02
-3.4392288394668347e-02
-3.5567855314122827e-02
-3.6808757440311972e-02
-3.8118263360073339e-02
-3.9503646710749588e-02
-4.0970425471108553e-02
-4.2524307933292586e-02
-4.4174165560284750e-02
-4.5927055734187129e-02
-4.7792060252163017e-02
-4.9780411124862103e-02
-5.1901530421246150e-02
-5.4169266730201796e-02
-5.6598353394364080e-02
-5.9202154360888687e-02
-6.2001215111442264e-02
-6.5015091311497381e-02
-6.8265609686735701e-02
-7.1781224892813064e-02
-7.5590194518260934e-02
-7.9727546044882094e-02
-8.4234657766776744e-02
-8.9154391187298676e-02
-9.4543230185987773e-02
-1.0046376650245376e-01
-1.0698695295604260e-01
-1.1420343976894859e-01
-1.2221439729994769e-01
-1.3114349614705470e-01
-1.4114246667166019e-01
-1.5238713677954735e-01
-1.6510225910028939e-01
-1.7956013702151871e-01
-1.9608820974117172e-01
-2.1511810732118047e-01
-2.3718852956474942e-01
-2.6299303110966393e-01
-2.9343924935879784e-01
-3.2970946633034037e-01
-3.7341271666634374e-01
-4.2673245939263982e-01
-4.9270357669989551e-01
-5.7566631163154203e-01
-6.8191186212081489e-01
-8.2076945479750096e-01
-1.0066275858451443e+00
-1.2621742779940048e+00
-1.6236172940919842e+00
-2.1465505895360013e+00
-2.9063931229368674e+00
-3.9237975747009806e+00
-4.8606784170655146e+00
-5.0902582378067951e+00
-4.9309661750721574e+00
-4.7274821278806947e+00
-4.0679935365671041e+00
-2.9961348787792699e+00
-2.1060223853725089e+00
-1.5108746132725412e+00
-1.1227785686019571e+00
-8.6314284661172536e-01
-6.8311476931290205e-01
-5.5403263714930451e-01
-4.5863298018990306e-01
-3.9376538494275809e-01
-4.7664103020527393e-01
-5.8647315180815895e-01
-7.3582215718112332e-01
-9.4496128539711399e-01
-1.2476799532153025e+00
-1.7011794712702202e+00
-2.3995816642085610e+00
-3.4538840849309018e+00
-4.7303951439354881e+00
-5.3587078407957316e+00
0.0000000000000000e+00
1.3464638167935297e-01
0.0000000000000000e+00
0.0000000000000000e+00
];
