%Vec Object:sol 1 MPI processes
%  type: mpi
sol = [
0.0000000000000000e+00
-2.7828895001027053e+01
-1.9079002370361188e+01
-1.1308205374385475e+01
-6.9187017395531640e+00
-4.5479954857796399e+00
-3.1831496020229313e+00
-2.3403370419808560e+00
-1.7878544574166053e+00
-1.4082206364940160e+00
-1.1363763935751701e+00
-9.3551411778095561e-01
-7.8319400453915733e-01
-6.6505222661375718e-01
-5.7156473077913872e-01
-4.9634922555774003e-01
-4.3497854815977144e-01
-3.8423339662565009e-01
-3.4179353814200902e-01
-3.0599302914351850e-01
-2.7552233071812510e-01
-2.4933352379236720e-01
-2.2669558843716350e-01
-2.0700111468328306e-01
-1.8974170717598507e-01
-1.7453912504477362e-01
-1.6109126990396130e-01
-1.4913052509556329e-01
-1.3843815048223029e-01
-1.2885552408577675e-01
-1.2023330067233126e-01
-1.1243262919139259e-01
-1.0536758934887654e-01
-9.8949191096908237e-02
-9.3088706591684695e-02
-8.7732746817478405e-02
-8.2827195252457644e-02
-7.8315806313101297e-02
-7.4160287605688546e-02
-7.0328043789342917e-02
-6.6782540972466553e-02
-6.3494624603176023e-02
-6.0444704748460441e-02
-5.7608633731261280e-02
-5.4963173086505064e-02
-5.2496787496774257e-02
-5.0193330351409528e-02
-4.8033648419376983e-02
-4.6011278853980452e-02
-4.4114972810320910e-02
-4.2329721933586480e-02
-4.0651131836077478e-02
-3.9071319297324013e-02
-3.7579278583789642e-02
-3.6170963176502167e-02
-3.4841139511052013e-02
-3.3581637650186680e-02
-3.2388716319307231e-02
-3.1258899794033138e-02
-3.0185865279280830e-02
-2.9166413619755079e-02
-2.8198379593428587e-02
-2.7277102735418741e-02
-2.6399401928372351e-02
-2.5563966699510204e-02
-2.4767213385299702e-02
-2.4006244403596371e-02
-2.3280336708661611e-02
-2.2586700278838280e-02
-2.1922720486378982e-02
-2.1288069988279791e-02
-2.0680544666230271e-02
-2.0097809650866418e-02
-1.9539797437515525e-02
-1.9004737202399570e-02
-1.8490567750937516e-02
-1.7997385001161999e-02
-1.7523738475649812e-02
-1.7067832211835797e-02
-1.6629856811841114e-02
-1.6208597909476742e-02
-1.5802514380694268e-02
-1.5411842760957058e-02
-1.5035541673106110e-02
-1.4672313172341729e-02
-1.4322405177032432e-02
-1.3984901758002342e-02
-1.3658735616147869e-02
-1.3344141918546732e-02
-1.3371900213467099e-02
-1.3674867170140373e-02
-1.3988776888813672e-02
-1.4313781970942061e-02
-1.4650114170173261e-02
-1.4998995876824560e-02
-1.5360589567779614e-02
-1.5735361489149710e-02
-1.6124601969632411e-02
-1.6528482827332422e-02
-1.6947770943914389e-02
-1.7383834666931754e-02
-1.7836857790122906e-02
-1.8307987416362827e-02
-1.8798685696359920e-02
-1.9309155486461657e-02
-1.9841021925103938e-02
-2.0395864243079272e-02
-2.0973917970861622e-02
-2.1577407760554869e-02
-2.2208064263999728e-02
-2.2866179188212536e-02
-2.3554729606639596e-02
-2.4275470826111398e-02
-2.5029319906857424e-02
-2.5819670659587603e-02
-2.6648473043583039e-02
-2.7517570843950623e-02
-2.8430786979138287e-02
-2.9390393776655352e-02
-3.0399436892446691e-02
-3.1462321498466360e-02
-3.2581787408150938e-02
-3.3762451873463092e-02
-3.5009526949693996e-02
-3.6326438747272691e-02
-3.7719885104299265e-02
-3.9196100512827736e-02
-4.0759884208285559e-02
-4.2420376790207617e-02
-4.4185064652926175e-02
-4.6061812001050695e-02
-4.8062055700008703e-02
-5.0195556976249209e-02
-5.2474496280622292e-02
-5.4913689186827035e-02
-5.7526349638430223e-02
-6.0330869136228531e-02
-6.3347083554276040e-02
-6.6593833934092239e-02
-7.0098433837873314e-02
-7.3887820912906674e-02
-7.7992209885191524e-02
-8.2450124768861308e-02
-8.7300942848963281e-02
-9.2592865352808834e-02
-9.8382762188289646e-02
-1.0473087346772812e-01
-1.1171500526883937e-01
-1.1942242159420398e-01
-1.2795284949359331e-01
-1.3743233865884641e-01
-1.4800338978571007e-01
-1.5983990005030937e-01
-1.7315513506890270e-01
-1.8819852760964476e-01
-2.0528739246342032e-01
-2.2480816752644611e-01
-2.4723659999761685e-01
-2.7318641354936046e-01
-3.0340622149082991e-01
-3.3888908001623519e-01
-3.8094456631028323e-01
-4.3127276466874920e-01
-4.9218889005257638e-01
-5.6684534077693927e-01
-6.5963721791616370e-01
-7.7686882589078732e-01
-9.2772394949230785e-01
-1.1257813172902740e+00
-1.3923879084209461e+00
-1.7615601864616726e+00
-2.2881965489548346e+00
-3.0622918148505622e+00
-4.2177174313091008e+00
-5.8595886645012243e+00
-7.5622190622249903e+00
-8.0251093347457285e+00
-7.6059294385533365e+00
-7.0540182964291240e+00
-5.6666450539538999e+00
-3.8836013951717896e+00
-2.6075747314049789e+00
-1.8167705080777072e+00
-1.3221029620575406e+00
-9.9962244881580187e-01
-7.8015574996019488e-01
-6.2486794716982774e-01
-5.1137866843566593e-01
-4.3441758026591243e-01
-5.2109189878282580e-01
-6.3557997790483545e-01
-7.9067201972316692e-01
-1.0070398910671166e+00
-1.3192757503125072e+00
-1.7859450363572349e+00
-2.5033650137641983e+00
-3.5859459502870727e+00
-4.8976257669461534e+00
-5.5347354216631208e+00
0.0000000000000000e+00
2.4055929233035767e-01
0.0000000000000000e+00
0.0000000000000000e+00
];
