%Vec Object:sol 1 MPI processes
%  type: mpi
sol = [
0.0000000000000000e+00
-2.2739633537197413e+01
-1.8014920973686671e+01
-1.2034307886837267e+01
-7.7621089124006168e+00
-5.2168872456132327e+00
-3.6921844432348441e+00
-2.7308283354924971e+00
-2.0948454792400506e+00
-1.6538945436697607e+00
-1.3373425881734307e+00
-1.1029334361468897e+00
-9.2485884884916958e-01
-7.8655422523632568e-01
-6.7699682692388630e-01
-5.8877494849767964e-01
-5.1666243181108995e-01
-4.5701589070640297e-01
-4.0710842085453508e-01
-3.6498699246590416e-01
-3.2911825157154184e-01
-2.9827642762195078e-01
-2.7160287916212972e-01
-2.4838546727616001e-01
-2.2802888690538850e-01
-2.1008910357062419e-01
-1.9421132077845235e-01
-1.8008185947827207e-01
-1.6744418259760441e-01
-1.5611166314630581e-01
-1.4590906973773929e-01
-1.3667368486328937e-01
-1.2830423627392792e-01
-1.2069623776307957e-01
-1.1374564058049150e-01
-1.0738954664852393e-01
-1.0156435556585880e-01
-9.6204020938333856e-02
-9.1263482172814173e-02
-8.6704398610123246e-02
-8.2483816029742113e-02
-7.8567421581509936e-02
-7.4932175012086391e-02
-7.1549655754200692e-02
-6.8392472156084794e-02
-6.5447085376437480e-02
-6.2694482317463843e-02
-6.0112021293793554e-02
-5.7692167299668043e-02
-5.5421671142177359e-02
-5.3282734520522651e-02
-5.1270266973112905e-02
-4.9374985035196793e-02
-4.7583805160543995e-02
-4.5892019351159025e-02
-4.4293481670118304e-02
-4.2778456814071400e-02
-4.1342558494020062e-02
-3.9981798461881199e-02
-3.8688850393831756e-02
-3.7459632905168745e-02
-3.6291647075369582e-02
-3.5179317405643333e-02
-3.4118868207383357e-02
-3.3108827714973463e-02
-3.2144903114404322e-02
-3.1223629844507116e-02
-3.0344239637420077e-02
-2.9503384451478071e-02
-2.8697915477527737e-02
-2.7927539269483069e-02
-2.7189606151993884e-02
-2.6481284601250769e-02
-2.5802593168477519e-02
-2.5151398666275207e-02
-2.4525184913803108e-02
-2.3924166112951090e-02
-2.3346590384826265e-02
-2.2790251819571488e-02
-2.2255476288993926e-02
-2.1740792627258882e-02
-2.1244298509916347e-02
-2.0766394244305292e-02
-2.0305710336389806e-02
-1.9860657803177105e-02
-1.9431616081308993e-02
-1.9017539058819283e-02
-1.8617096761053834e-02
-1.8230655910813551e-02
-1.8311242309248854e-02
-1.8769984193217584e-02
-1.9245947431532170e-02
-1.9739484767271862e-02
-2.0251057498272221e-02
-2.0782450604086657e-02
-2.1334056141098304e-02
-2.1906675890932835e-02
-2.2502226139757209e-02
-2.3121142883213493e-02
-2.3764667296388702e-02
-2.4434868149656772e-02
-2.5132235309317012e-02
-2.5858570283714081e-02
-2.6616125050501836e-02
-2.7405461259872720e-02
-2.8229090582193739e-02
-2.9089491941570105e-02
-2.9987328181620122e-02
-3.0926008992874020e-02
-3.1908302690300233e-02
-3.2935019610601718e-02
-3.4010706135953313e-02
-3.5138263348996029e-02
-3.6319458586778562e-02
-3.7559544102898759e-02
-3.8861811814718782e-02
-4.0229443964294051e-02
-4.1668451290587341e-02
-4.3182728090109937e-02
-4.4777309759538461e-02
-4.6459226162159188e-02
-4.8233223369228972e-02
-5.0106783962332549e-02
-5.2088335756668595e-02
-5.4183849715499229e-02
-5.6404075950191611e-02
-5.8759230697268808e-02
-6.1257583640891455e-02
-6.3913800591240175e-02
-6.6740327347583964e-02
-6.9750315550860614e-02
-7.2962302133741927e-02
-7.6392604289439031e-02
-8.0061292911061052e-02
-8.3992574059132394e-02
-8.8208595585533553e-02
-9.2739442483001547e-02
-9.7617721828224660e-02
-1.0287497314781885e-01
-1.0855576235224185e-01
-1.1470465272433210e-01
-1.2137167354545754e-01
-1.2861996155995933e-01
-1.3651472459359157e-01
-1.4513529140505463e-01
-1.5457508829115671e-01
-1.6493379795084795e-01
-1.7633901770136687e-01
-1.8893429510395207e-01
-2.0288392473646435e-01
-2.1839443568472464e-01
-2.3569999949386303e-01
-2.5508573057040923e-01
-2.7690061375089997e-01
-3.0155330631917138e-01
-3.2956185239012081e-01
-3.6155681212241142e-01
-3.9831372972550044e-01
-4.4083020690424751e-01
-4.9028916596332106e-01
-5.4829136214344310e-01
-6.1696746048676732e-01
-6.9904913121726331e-01
-7.9824409093485549e-01
-9.1958525604879338e-01
-1.0700656109192261e+00
-1.2596792177503955e+00
-1.5024466861332777e+00
-1.8197559305833515e+00
-2.2452249733485399e+00
-2.8307460842017753e+00
-3.6600563645381126e+00
-4.8720742551603999e+00
-6.6773307957186550e+00
-9.2696333252350520e+00
-1.2058515922270329e+01
-1.2727102679056699e+01
-1.1725599015412074e+01
-1.0534064470936933e+01
-7.9836455211727548e+00
-5.1888291585147428e+00
-3.3839822594072726e+00
-2.3212774599998109e+00
-1.6739437374033803e+00
-1.2586469235757742e+00
-9.7868384654412777e-01
-7.8205863108401585e-01
-6.3905601056261818e-01
-5.4233959812722476e-01
-6.5117107550417408e-01
-7.9512287537951487e-01
-9.9059088410266238e-01
-1.2641186227299921e+00
-1.6608088068461697e+00
-2.2592976530067039e+00
-3.1960809429141324e+00
-4.6671106754725429e+00
-6.6178877688631284e+00
-7.6985262657235554e+00
0.0000000000000000e+00
1.3464638167935297e-01
0.0000000000000000e+00
0.0000000000000000e+00
];
