%Vec Object:sol 1 MPI processes
%  type: mpi
sol = [
0.0000000000000000e+00
-2.5214079332890794e+01
-1.9440151883217318e+01
-1.2619147371443267e+01
-8.0066390338568354e+00
-5.3404652535473751e+00
-3.7624944569762548e+00
-2.7751979744876270e+00
-2.1239412453203905e+00
-1.6751324991547272e+00
-1.3534492362778363e+00
-1.1150182990097968e+00
-9.3414668597751183e-01
-7.9382838211858309e-01
-6.8277822356795870e-01
-5.9342317987116600e-01
-5.2052854717705943e-01
-4.6028453590361595e-01
-4.0988541087803365e-01
-3.6735565666542064e-01
-3.3113703719627119e-01
-2.9996342663264947e-01
-2.7301242627329864e-01
-2.4956121757291766e-01
-2.2900604877178968e-01
-2.1089659526853693e-01
-1.9487312073097168e-01
-1.8061784470191686e-01
-1.6787096573108171e-01
-1.5644336362295727e-01
-1.4615764799481007e-01
-1.3684926097668920e-01
-1.2841558052093907e-01
-1.2075089871699789e-01
-1.1375009630091359e-01
-1.0734946994267183e-01
-1.0148469567018069e-01
-9.6089086774048094e-02
-9.1117069371860135e-02
-8.6529856020108806e-02
-8.2284093783458676e-02
-7.8345135331325297e-02
-7.4689649842956216e-02
-7.1288958873582289e-02
-6.8115452158246659e-02
-6.5155391190098777e-02
-6.2389589187436895e-02
-5.9795265184948029e-02
-5.7364738331923217e-02
-5.5084638588922347e-02
-5.2937080555617834e-02
-5.0916864491211751e-02
-4.9014620221352168e-02
-4.7217207685050916e-02
-4.5519839882078673e-02
-4.3916304661234647e-02
-4.2396829547597534e-02
-4.0956972616603644e-02
-3.9592692281206217e-02
-3.8296637402672022e-02
-3.7064689113809710e-02
-3.5894303377501095e-02
-3.4779887894965542e-02
-3.3717643507756717e-02
-3.2706058770770541e-02
-3.1740829394693026e-02
-3.0818478022574047e-02
-2.9938200458710321e-02
-2.9096640850002072e-02
-2.8290645627011217e-02
-2.7519888216160967e-02
-2.6781713640981340e-02
-2.6073291545938265e-02
-2.5394609566172070e-02
-2.4743531174602280e-02
-2.4117545442360278e-02
-2.3516837592470759e-02
-2.2939654035485466e-02
-2.2383796631842430e-02
-2.1849564570073070e-02
-2.1335485746042843e-02
-2.0839665720845033e-02
-2.0362457869086120e-02
-1.9902595206621423e-02
-1.9458476163031493e-02
-1.9030465575021360e-02
-1.8617443787096531e-02
-1.8218089983678520e-02
-1.7832750261014430e-02
-1.7904376754170576e-02
-1.8345557775819508e-02
-1.8803216462673255e-02
-1.9277676793360721e-02
-1.9769368756043820e-02
-2.0280017325363425e-02
-2.0809981373369806e-02
-2.1360020275390357e-02
-2.1931981701882777e-02
-2.2526263256347139e-02
-2.3144048959050052e-02
-2.3787328855758270e-02
-2.4456548179899732e-02
-2.5153431814207341e-02
-2.5880140965150143e-02
-2.6637184944222306e-02
-2.7426973344852446e-02
-2.8251879656496944e-02
-2.9112504619724960e-02
-3.0012122686775933e-02
-3.0953378562911974e-02
-3.1937007784582500e-02
-3.2967378319163076e-02
-3.4047251415136447e-02
-3.5178282343868411e-02
-3.6365509070012313e-02
-3.7612057807812634e-02
-3.8920943743561198e-02
-4.0297921713078437e-02
-4.1746684559236295e-02
-4.3272026381135205e-02
-4.4880666568803150e-02
-4.6577101501241343e-02
-4.8368471612597004e-02
-5.0262821268667532e-02
-5.2265805118180644e-02
-5.4387693433980235e-02
-5.6638224668859767e-02
-5.9025241468700758e-02
-6.1562756701091424e-02
-6.4262618169220770e-02
-6.7137338094878818e-02
-7.0204638590587343e-02
-7.3479427280571885e-02
-7.6979378318536643e-02
-8.0729250371540107e-02
-8.4750064191394692e-02
-8.9070454398386692e-02
-9.3721437540030719e-02
-9.8732951847201655e-02
-1.0414742535043986e-01
-1.1000721488305694e-01
-1.1635986761783873e-01
-1.2326545758544452e-01
-1.3078595472756457e-01
-1.3899680126043740e-01
-1.4798686275007547e-01
-1.5785087664749012e-01
-1.6871023219875519e-01
-1.8070144260345924e-01
-1.9398072331236027e-01
-2.0874456466959437e-01
-2.2521567830809217e-01
-2.4366529121153893e-01
-2.6442545514672111e-01
-2.8788494119094271e-01
-3.1453676872594799e-01
-3.4498106185006255e-01
-3.7995599752994708e-01
-4.2041139360413204e-01
-4.6753262888668601e-01
-5.2285399652440423e-01
-5.8838274865644213e-01
-6.6664898830204333e-01
-7.6114995097121363e-01
-8.7676903847818644e-01
-1.0201833259085282e+00
-1.2009390246117473e+00
-1.4328978596487008e+00
-1.7364172125085986e+00
-2.1428166421205774e+00
-2.7032763289413833e+00
-3.4978955150893216e+00
-4.6615428924965556e+00
-6.3958930688579807e+00
-8.8854823665979925e+00
-1.1565646032612863e+01
-1.2223044391647614e+01
-1.1295670168589458e+01
-1.0180062323877966e+01
-7.7543342218254798e+00
-5.0621729272432994e+00
-3.3091513658651435e+00
-2.2726937036366825e+00
-1.6402317216010491e+00
-1.2336980835786440e+00
-9.5958406873894075e-01
-7.6694751274365069e-01
-6.2669664348940746e-01
-5.3188186278978711e-01
-6.3856173067435318e-01
-7.7965904338215519e-01
-9.7117487592165086e-01
-1.2391016528876504e+00
-1.6276620704258209e+00
-2.2132799656494573e+00
-3.1287652247701141e+00
-4.5621470743467940e+00
-6.4490691781409870e+00
-7.4824216608271064e+00
0.0000000000000000e+00
1.3464638167935297e-01
0.0000000000000000e+00
0.0000000000000000e+00
];
