%Vec Object:sol 1 MPI processes
%  type: mpi
sol = [
0.0000000000000000e+00
-3.0731325155910600e+01
-2.2322537483761579e+01
-1.3680355083478066e+01
-8.4336372098223844e+00
-5.5457217638256298e+00
-3.8772653888213071e+00
-2.8462397151716439e+00
-2.1721104855608084e+00
-1.7082476074683779e+00
-1.3774371819952169e+00
-1.1334067493844810e+00
-9.4856439625594491e-01
-8.0528808594319723e-01
-6.9183030314559668e-01
-6.0065356045954033e-01
-5.2635323809908852e-01
-4.6500512705413277e-01
-4.1372482824384127e-01
-3.7048369747538323e-01
-3.3369178553106765e-01
-3.0208027893684386e-01
-2.7476063460001093e-01
-2.5099689655671181e-01
-2.3017471791159339e-01
-2.1183594468386496e-01
-1.9561465599249520e-01
-1.8118781706009635e-01
-1.6829142346268200e-01
-1.5673319494668472e-01
-1.4633292948547597e-01
-1.3692362439907460e-01
-1.2840093240512754e-01
-1.2065753396698578e-01
-1.1358381776340466e-01
-1.0711642164022243e-01
-1.0119248530284555e-01
-9.5744321220995382e-02
-9.0725562593934800e-02
-8.6096732058660003e-02
-8.1813856983417435e-02
-7.7841772903123552e-02
-7.4156701758141305e-02
-7.0729566398318650e-02
-6.7532419710751121e-02
-6.4551215638178686e-02
-6.1766499829898756e-02
-5.9155279306125796e-02
-5.6709647153048152e-02
-5.4416047552412729e-02
-5.2256465502588570e-02
-5.0225530591317034e-02
-4.8313739430579324e-02
-4.6507869897993034e-02
-4.4803011538805698e-02
-4.3192849864242981e-02
-4.1667559996252407e-02
-4.0222613579487795e-02
-3.8853885644027496e-02
-3.7553991268262102e-02
-3.6318754292656824e-02
-3.5145559068269466e-02
-3.4028791344437773e-02
-3.2964617379386156e-02
-3.1951461684464735e-02
-3.0985005709898324e-02
-3.0061754922648294e-02
-2.9180846230549524e-02
-2.8338914608472782e-02
-2.7532802516794495e-02
-2.6762128218131745e-02
-2.6024231131344704e-02
-2.5316286591273576e-02
-2.4638230080122378e-02
-2.3987922194729977e-02
-2.3362864337560907e-02
-2.2763192314477459e-02
-2.2187151991842156e-02
-2.1632561628499337e-02
-2.1099673709978596e-02
-2.0587017797095580e-02
-2.0092717707387287e-02
-1.9617082967845399e-02
-1.9158850519061882e-02
-1.8716437013831733e-02
-1.8290166515065636e-02
-1.7878925702869690e-02
-1.7481410323905225e-02
-1.7097929038698920e-02
-1.7152822772004871e-02
-1.7561356743532111e-02
-1.7984959319013151e-02
-1.8423898244730643e-02
-1.8878542400857307e-02
-1.9350503008935600e-02
-1.9840073769401258e-02
-2.0347931739189140e-02
-2.0875793941167467e-02
-2.1423982197874711e-02
-2.1993570001842842e-02
-2.2586396804132016e-02
-2.3202819262726222e-02
-2.3844414438867065e-02
-2.4513169037969504e-02
-2.5209487924771116e-02
-2.5935584017448721e-02
-2.6693627054950091e-02
-2.7484093153128077e-02
-2.8309996265327046e-02
-2.9173740864008528e-02
-3.0075911675685355e-02
-3.1020532753661945e-02
-3.2010091433281505e-02
-3.3046019252959788e-02
-3.4132939113038704e-02
-3.5273650477050875e-02
-3.6470837464559633e-02
-3.7729756249722891e-02
-3.9053699935057577e-02
-4.0446986062413731e-02
-4.1915725208309967e-02
-4.3463915173305737e-02
-4.5098021301935173e-02
-4.6825331116351364e-02
-4.8650863708603546e-02
-5.0583941796397788e-02
-5.2633353810238565e-02
-5.4806081374092257e-02
-5.7114843444016072e-02
-5.9570288240642068e-02
-6.2183643924768536e-02
-6.4970923248636417e-02
-6.7946058849120625e-02
-7.1126281516962292e-02
-7.4532437306413082e-02
-7.8183420643842316e-02
-8.2105129548772124e-02
-8.6325581276642721e-02
-9.0871697887407329e-02
-9.5781878873243034e-02
-1.0109432808479582e-01
-1.0685192417892329e-01
-1.1310898107539073e-01
-1.1992138731337060e-01
-1.2735728822244735e-01
-1.3549699218790837e-01
-1.4442597232927154e-01
-1.5425398907050059e-01
-1.6510439682992425e-01
-1.7711831861046484e-01
-1.9047350056897783e-01
-2.0537012397753893e-01
-2.2203631321240067e-01
-2.4078611505683895e-01
-2.6197012074965936e-01
-2.8603330250821762e-01
-3.1351730991473131e-01
-3.4508848469556147e-01
-3.8160476199617904e-01
-4.2413698999362259e-01
-4.7407191690251238e-01
-5.3322466260535784e-01
-6.0396601649547155e-01
-6.8951862441260203e-01
-7.9426361312120564e-01
-9.2420836740121803e-01
-1.0878214796758465e+00
-1.2979036713237910e+00
-1.5734083868105644e+00
-1.9436329410875470e+00
-2.4532258739281176e+00
-3.1791261878706485e+00
-4.2421472209462765e+00
-5.8312278024783692e+00
-8.1154899936768974e+00
-1.0563546854571376e+01
-1.1184612565339579e+01
-1.0397681842039573e+01
-9.4311399228493098e+00
-7.2658232867981392e+00
-4.7896239256664934e+00
-3.1474168767304391e+00
-2.1675126952659935e+00
-1.5665592832894255e+00
-1.1794894562486733e+00
-9.1787325484744875e-01
-7.3378061990355870e-01
-5.9973996314344791e-01
-5.0906216424558703e-01
-6.1098766602370702e-01
-7.4570248368847059e-01
-9.2851592440116870e-01
-1.1842795671774966e+00
-1.5545608792233272e+00
-2.1121198396191061e+00
-2.9805017881175977e+00
-4.3303911762870797e+00
-6.0771702871501194e+00
-7.0086057590316369e+00
0.0000000000000000e+00
1.3464638167935297e-01
0.0000000000000000e+00
0.0000000000000000e+00
];
