%Vec Object:sol 1 MPI processes
%  type: mpi
sol = [
0.0000000000000000e+00
-3.2555834294925539e+01
-2.3177364618403544e+01
-1.3970690811192263e+01
-8.5492620079727288e+00
-5.6003621658045368e+00
-3.9053853323711381e+00
-2.8641087128973277e+00
-2.1827864186400205e+00
-1.7162859000771311e+00
-1.3835895215972984e+00
-1.1377078239164942e+00
-9.5163548925763908e-01
-8.0755820291880342e-01
-6.9370973795261048e-01
-6.0222160234649036e-01
-5.2766953943545181e-01
-4.6611512924610488e-01
-4.1466360396358104e-01
-3.7124732271734034e-01
-3.3429034094183557e-01
-3.0254465226538507e-01
-2.7511510516227095e-01
-2.5126063091888223e-01
-2.3036290443457672e-01
-2.1196085672410783e-01
-1.9568631265296654e-01
-1.8121439136789161e-01
-1.6827964028607370e-01
-1.5668869026745219e-01
-1.4626040689182931e-01
-1.3682700325421601e-01
-1.2828356508270258e-01
-1.2052226013405364e-01
-1.1343608240568220e-01
-1.0695995047798926e-01
-1.0102828212437207e-01
-9.5573264152705076e-02
-9.0548433306637893e-02
-8.5914225904812166e-02
-8.1626589451128634e-02
-7.7650293233033379e-02
-7.3961500031647490e-02
-7.0531079969825092e-02
-6.7331042494446922e-02
-6.4347297776199644e-02
-6.1560354845313053e-02
-5.8947195209876325e-02
-5.6499876708388914e-02
-5.4204817187242009e-02
-5.2043988231003764e-02
-5.0011990924034216e-02
-4.8099302221004059e-02
-4.6292692727173554e-02
-4.4587231051828088e-02
-4.2976586441202023e-02
-4.1450930353181203e-02
-4.0005720007349227e-02
-3.8636816000195369e-02
-3.7336831816313316e-02
-3.6101582340772792e-02
-3.4928438435221025e-02
-3.3811785419038308e-02
-3.2747785046138254e-02
-3.1734848832935328e-02
-3.0768658457057466e-02
-2.9845718383724514e-02
-2.8965152819984519e-02
-2.8123597331929422e-02
-2.7317896078823997e-02
-2.6547654842343466e-02
-2.5810213866223581e-02
-2.5102752160389628e-02
-2.4425192961789959e-02
-2.3775397894239873e-02
-2.3150873360722222e-02
-2.2551743231921949e-02
-2.1976254634537905e-02
-2.1422231576568130e-02
-2.0889915017840436e-02
-2.0377836079231861e-02
-1.9884124564269891e-02
-1.9409078998954180e-02
-1.8951438270455891e-02
-1.8509624805093688e-02
-1.8083952304965328e-02
-1.7673309878543399e-02
-1.7276398437867102e-02
-1.6893517037172807e-02
-1.6943832745008897e-02
-1.7343362101426729e-02
-1.7757569340246956e-02
-1.8186706513074642e-02
-1.8631125456064820e-02
-1.9092405940867523e-02
-1.9570823475582831e-02
-2.0067032218079053e-02
-2.0582713048798409e-02
-2.1118166635324280e-02
-2.1674435787211375e-02
-2.2253318275214054e-02
-2.2855146035144363e-02
-2.3481455156937926e-02
-2.4134184032937503e-02
-2.4813708389728645e-02
-2.5522186699843900e-02
-2.6261732283557243e-02
-2.7032786507837955e-02
-2.7838291283421600e-02
-2.8680613768093298e-02
-2.9560224501228222e-02
-3.0480950117648849e-02
-3.1445148157585666e-02
-3.2454307176093926e-02
-3.3512973296913787e-02
-3.4623851401447449e-02
-3.5789529439633046e-02
-3.7015120663074344e-02
-3.8303802003829122e-02
-3.9659753053772784e-02
-4.1088909141096946e-02
-4.2595122629647909e-02
-4.4184663727389391e-02
-4.5864601171792280e-02
-4.7639768016286166e-02
-4.9519213101844706e-02
-5.1511448970096178e-02
-5.3623204858645829e-02
-5.5866825050270137e-02
-5.8252607603526282e-02
-6.0791404726510706e-02
-6.3498739950284988e-02
-6.6388078413131352e-02
-6.9476095626828785e-02
-7.2782981723398019e-02
-7.6326989150448332e-02
-8.0133195377911914e-02
-8.4228714843140581e-02
-8.8639552965189855e-02
-9.3402895354259288e-02
-9.8555683648236470e-02
-1.0413937312796809e-01
-1.1020652585761599e-01
-1.1681116546947358e-01
-1.2401920003298833e-01
-1.3190830888688032e-01
-1.4056109607307721e-01
-1.5008372821353369e-01
-1.6059546852325732e-01
-1.7223272169611387e-01
-1.8516737258023069e-01
-1.9959404491460725e-01
-2.1574993910117929e-01
-2.3392563090384016e-01
-2.5446119465605421e-01
-2.7778839736758498e-01
-3.0443289645526128e-01
-3.3504149114006132e-01
-3.7044721727311009e-01
-4.1169009604084877e-01
-4.6011769510208272e-01
-5.1739808915918284e-01
-5.8588903387218816e-01
-6.6871228502141378e-01
-7.7010662643681804e-01
-8.9597141442691919e-01
-1.0547529930207953e+00
-1.2587345007571020e+00
-1.5257910709056755e+00
-1.8844087358282762e+00
-2.3798881662040627e+00
-3.0840055632582000e+00
-4.1179549752961240e+00
-5.6629242880472042e+00
-7.8805688073261511e+00
-1.0255686793031447e+01
-1.0866195946036582e+01
-1.0117975753990230e+01
-9.1964135479596383e+00
-7.1099354288431140e+00
-4.7021340250362824e+00
-3.0951080816475058e+00
-2.1335140439990132e+00
-1.5427726829703337e+00
-1.1619050186686082e+00
-9.0432701223797984e-01
-7.2304102471711240e-01
-5.9100273247700097e-01
-5.0163785493339286e-01
-6.0198150152696195e-01
-7.3463803965630126e-01
-9.1463803689902856e-01
-1.1663727477699366e+00
-1.5306939912323003e+00
-2.0789363289386036e+00
-2.9319829492122684e+00
-4.2542452497396841e+00
-5.9555136473167982e+00
-6.8543197835714205e+00
0.0000000000000000e+00
1.3464638167935297e-01
0.0000000000000000e+00
0.0000000000000000e+00
];
