%Vec Object:sol 1 MPI processes
%  type: mpi
sol = [
0.0000000000000000e+00
-1.9719095718803022e+01
-1.4949790828959104e+01
-9.6580220465794628e+00
-6.1716971840557147e+00
-4.1463374647646161e+00
-2.9388317562301820e+00
-2.1778292766959364e+00
-1.6731941350691470e+00
-1.3227713813026594e+00
-1.0708264060120927e+00
-8.8386956589084109e-01
-7.4160303428604946e-01
-6.3095483229154892e-01
-5.4320020829379312e-01
-4.7243559612765418e-01
-4.1458096595628713e-01
-3.6671762587446854e-01
-3.2663907047887070e-01
-2.9279327696040325e-01
-2.6395754384517417e-01
-2.3915133857723708e-01
-2.1769033403765056e-01
-1.9900495670491886e-01
-1.8261766799417525e-01
-1.6817305978315772e-01
-1.5538708296715831e-01
-1.4400768382710860e-01
-1.3382866963913786e-01
-1.2470066152780974e-01
-1.1648273381891051e-01
-1.0904359387751179e-01
-1.0230229745190385e-01
-9.6174741647650719e-02
-9.0576829403150580e-02
-8.5458204668390353e-02
-8.0767677957673117e-02
-7.6451858933491573e-02
-7.2474522858992058e-02
-6.8804850324331632e-02
-6.5408124146945065e-02
-6.2256664969596615e-02
-5.9331987357542589e-02
-5.6611130282759062e-02
-5.4071943019519668e-02
-5.1703592422552166e-02
-4.9490725864259344e-02
-4.7415008497270525e-02
-4.5470434721712909e-02
-4.3646307926094932e-02
-4.1928216543328435e-02
-4.0312098209307097e-02
-3.8790460223215910e-02
-3.7352718055011030e-02
-3.5995091651427037e-02
-3.4712623705910196e-02
-3.3497445595194728e-02
-3.2346024436715720e-02
-3.1255143607103388e-02
-3.0218886909393176e-02
-2.9233963211679911e-02
-2.8298355031961247e-02
-2.7407563942778077e-02
-2.6558545598806781e-02
-2.5750107840352591e-02
-2.4978790287273785e-02
-2.4241800589091873e-02
-2.3538511182965439e-02
-2.2866235425738894e-02
-2.2222410710293908e-02
-2.1606675709473867e-02
-2.1017013466518786e-02
-2.0451180108064619e-02
-1.9909174491546364e-02
-1.9389280173896451e-02
-1.8889479795893230e-02
-1.8409927830227202e-02
-1.7949216074519141e-02
-1.7505579624249642e-02
-1.7079261789354885e-02
-1.6669080939050829e-02
-1.6273517275893098e-02
-1.5892855383537328e-02
-1.5526078818647256e-02
-1.5171903941790327e-02
-1.4830622738677990e-02
-1.4501337570640638e-02
-1.4182990841921532e-02
-1.3875858133758431e-02
-1.3924410648377622e-02
-1.4260152742690791e-02
-1.4608354449428807e-02
-1.4969239141973024e-02
-1.5343113483013267e-02
-1.5731313484747531e-02
-1.6134084356946174e-02
-1.6551988441200805e-02
-1.6986450470282275e-02
-1.7437739328568336e-02
-1.7906746537975402e-02
-1.8394999539799308e-02
-1.8902796506720075e-02
-1.9431447498336422e-02
-1.9982603460480138e-02
-2.0556603033306250e-02
-2.1155285214387944e-02
-2.1780454418765194e-02
-2.2432508967301597e-02
-2.3113954787217957e-02
-2.3826793051695098e-02
-2.4571512957888200e-02
-2.5351462142093537e-02
-2.6168712655576652e-02
-2.7024458596091573e-02
-2.7922548756965909e-02
-2.8865316967491204e-02
-2.9855000996596118e-02
-3.0895980474705688e-02
-3.1991002686919109e-02
-3.3143667951790738e-02
-3.4359072058887170e-02
-3.5640552402675170e-02
-3.6993503019833743e-02
-3.8424006280011885e-02
-3.9936254934762688e-02
-4.1538031930330697e-02
-4.3236678684102567e-02
-4.5038030695843424e-02
-4.6952714479063941e-02
-4.8989633027731100e-02
-5.1158175873213675e-02
-5.3471734096682606e-02
-5.5941966754007290e-02
-5.8583293317785792e-02
-6.1413163985901818e-02
-6.4447404113533058e-02
-6.7707705134362348e-02
-7.1217544556641921e-02
-7.4999493067357134e-02
-7.9085745133993204e-02
-8.3508350424757169e-02
-8.8303291978063234e-02
-9.3516161834768338e-02
-9.9193900852101877e-02
-1.0539376065706241e-01
-1.1218324213916070e-01
-1.1963422842576366e-01
-1.2783905535864601e-01
-1.3690155745185809e-01
-1.4694058963523332e-01
-1.5810591471694824e-01
-1.7056730179089655e-01
-1.8453174488360624e-01
-2.0025295266725032e-01
-2.1802816314218126e-01
-2.3823488697140191e-01
-2.6133314896643489e-01
-2.8788949375325934e-01
-3.1863403689039793e-01
-3.5447927903730897e-01
-3.9656378201996012e-01
-4.4645363710609914e-01
-5.0617763907743318e-01
-5.7848471228424936e-01
-6.6711653631547696e-01
-7.7728717873354203e-01
-9.1647100587855712e-01
-1.0955520934895013e+00
-1.3305042282948283e+00
-1.6466259626006010e+00
-2.0842069013447282e+00
-2.7077974319193658e+00
-3.6251892718095409e+00
-4.9969156939499442e+00
-6.9624067895897843e+00
-9.0494970885661949e+00
-9.6146037072087793e+00
-9.0386908331397908e+00
-8.2989424446073521e+00
-6.5245614650492074e+00
-4.3785612574901833e+00
-2.9058245097355875e+00
-2.0119733225535179e+00
-1.4590600930181707e+00
-1.1008695854206316e+00
-8.5809637769762837e-01
-6.8677381320694797e-01
-5.6179896350344261e-01
-4.7717089505612048e-01
-5.7278409447793888e-01
-6.9918632240678791e-01
-8.7057056599183003e-01
-1.1101201313808327e+00
-1.4567624344618546e+00
-1.9771015898101323e+00
-2.7841008730944137e+00
-4.0251803933250718e+00
-5.5930310845814644e+00
-6.4000521099864969e+00
0.0000000000000000e+00
2.4055929233035767e-01
0.0000000000000000e+00
0.0000000000000000e+00
];
