%Vec Object:sol 1 MPI processes
%  type: mpi
sol = [
0.0000000000000000e+00
-2.3917517379421859e+01
-1.8702642167922690e+01
-1.2329211312272001e+01
-7.8841343795693035e+00
-5.2800872454536565e+00
-3.7263921765915264e+00
-2.7537116248209719e+00
-2.1092067609709568e+00
-1.6641405406025367e+00
-1.3452275568846537e+00
-1.1091577921915052e+00
-9.2984555235335864e-01
-7.9031477113184734e-01
-6.7987282121219772e-01
-5.9099697893356484e-01
-5.1848599193493450e-01
-4.5855367355857862e-01
-4.0841119692983618e-01
-3.6609472211979954e-01
-3.3006256925195288e-01
-2.9908246683962958e-01
-2.7229122492583463e-01
-2.4897299310833268e-01
-2.2852943442468118e-01
-2.1051424599177648e-01
-1.9457081931953907e-01
-1.8038392185207169e-01
-1.6769576160473509e-01
-1.5631875761702696e-01
-1.4607682464973790e-01
-1.3680649710542928e-01
-1.2840596903853380e-01
-1.2076904197642797e-01
-1.1378767435693810e-01
-1.0740434927488318e-01
-1.0155504248319050e-01
-9.6173292297409535e-02
-9.1213704600316567e-02
-8.6637650628944643e-02
-8.2401920939542100e-02
-7.8471988919955576e-02
-7.4824630181999488e-02
-7.1431261156305603e-02
-6.8264351803957374e-02
-6.5310239247879098e-02
-6.2549802080125574e-02
-5.9960310348450410e-02
-5.7534140521346422e-02
-5.5257969039169089e-02
-5.3113941933152081e-02
-5.1096903687204494e-02
-4.9197518207002390e-02
-4.7402665661182973e-02
-4.5707591439434481e-02
-4.4106110179695485e-02
-4.2588462567391169e-02
-4.1150229579790108e-02
-3.9787391885920044e-02
-3.8492607020632681e-02
-3.7261771431618865e-02
-3.6092360481545523e-02
-3.4978787659470795e-02
-3.3917263143033699e-02
-3.2906293013142754e-02
-3.1941576863498675e-02
-3.1019642053827227e-02
-3.0139700605711438e-02
-2.9298399266950048e-02
-2.8492585657002831e-02
-2.7721948442491196e-02
-2.6983834328831727e-02
-2.6275411555437909e-02
-2.5596682186424809e-02
-2.4945510655807312e-02
-2.4319382838840338e-02
-2.3718497634237938e-02
-2.3141101783531418e-02
-2.2584992849794094e-02
-2.2050482940892669e-02
-2.1536099677354054e-02
-2.1039943815878582e-02
-2.0562380851566326e-02
-2.0102142900127368e-02
-1.9657623590278655e-02
-1.9229199019725945e-02
-1.8815747965098086e-02
-1.8415945253724655e-02
-1.8030147312011208e-02
-1.8106305940065671e-02
-1.8556291013623587e-02
-1.9023128122862956e-02
-1.9507155852335180e-02
-2.0008820065995154e-02
-2.0529875853125556e-02
-2.1070698947637665e-02
-2.1632070171465824e-02
-2.2215871676751455e-02
-2.2822520589327273e-02
-2.3453229783696124e-02
-2.4110028917609917e-02
-2.4793385936503314e-02
-2.5505064362957682e-02
-2.6247271132129740e-02
-2.7020542206290670e-02
-2.7827338618092435e-02
-2.8670087033751051e-02
-2.9549419834123094e-02
-3.0468679598475348e-02
-3.1430573433771279e-02
-3.2435875019162105e-02
-3.3489042182891129e-02
-3.4592906888351441e-02
-3.5749181324023653e-02
-3.6963011497655990e-02
-3.8237607509215690e-02
-3.9576069188226988e-02
-4.0984280534169568e-02
-4.2466036459579685e-02
-4.4026253168016220e-02
-4.5671806914163844e-02
-4.7407320678803579e-02
-4.9240107927058671e-02
-5.1178406939724023e-02
-5.3228032844582461e-02
-5.5399498527350780e-02
-5.7702784293937166e-02
-6.0145949450626374e-02
-6.2743337092464851e-02
-6.5507098024044405e-02
-6.8450069144008988e-02
-7.1590371466378991e-02
-7.4943933064051421e-02
-7.8530360331590887e-02
-8.2373309130556571e-02
-8.6494399477571690e-02
-9.0923033126309172e-02
-9.5691070599638009e-02
-1.0082930642779489e-01
-1.0638130437627848e-01
-1.1239060170955129e-01
-1.1890607712393883e-01
-1.2598944468632498e-01
-1.3370442007116712e-01
-1.4212854111868375e-01
-1.5135313702779235e-01
-1.6147563459001510e-01
-1.7262079401447020e-01
-1.8492896779595061e-01
-1.9856080185006711e-01
-2.1371829370487908e-01
-2.3063048224520219e-01
-2.4955686743056690e-01
-2.7084460395981186e-01
-2.9489875303132168e-01
-3.2222406243155227e-01
-3.5343480623662038e-01
-3.8928638504622781e-01
-4.3075050914790503e-01
-4.7903952825934443e-01
-5.3572214075351499e-01
-6.0284989865317617e-01
-6.8310026838005666e-01
-7.8010886604593421e-01
-8.9881310017569449e-01
-1.0458851642866520e+00
-1.2308964356645093e+00
-1.4681913642973263e+00
-1.7789813438637649e+00
-2.1956684678483862e+00
-2.7681192653291515e+00
-3.5818340225889234e+00
-4.7694704710312799e+00
-6.5405197167009090e+00
-9.0824947228194439e+00
-1.1818807054828156e+01
-1.2484359842160430e+01
-1.1518584032455205e+01
-1.0363206980992590e+01
-7.8732489040974833e+00
-5.1280771279207640e+00
-3.3480441995862851e+00
-2.2979563678624224e+00
-1.6577681766849262e+00
-1.2466788051738784e+00
-9.6952398798723782e-01
-7.7481327638542308e-01
-6.3313413905106319e-01
-5.3732684484504967e-01
-6.4512808752493744e-01
-7.8771335147708443e-01
-9.8131708012072805e-01
-1.2521359974894024e+00
-1.6449367384958398e+00
-2.2372682690542360e+00
-3.1638665240884678e+00
-4.6168956747649936e+00
-6.5371081420221957e+00
-7.5950445649982345e+00
0.0000000000000000e+00
1.3464638167935297e-01
0.0000000000000000e+00
0.0000000000000000e+00
];
