%Vec Object:sol 1 MPI processes
%  type: mpi
sol = [
0.0000000000000000e+00
-2.6179742411200440e+01
-1.9976683084528847e+01
-1.2824718218269608e+01
-8.0929717178962282e+00
-5.3819402863869179e+00
-3.7868332601666848e+00
-2.7897857565253479e+00
-2.1343536978399347e+00
-1.6822949384677095e+00
-1.3582770818509162e+00
-1.1188337634238179e+00
-9.3722132274835257e-01
-7.9634453333360655e-01
-6.8486263028578176e-01
-5.9516710863021904e-01
-5.2192981688780993e-01
-4.6137102564397897e-01
-4.1072800107102603e-01
-3.6800689113570728e-01
-3.3164389245246245e-01
-3.0039015511680039e-01
-2.7337090064640135e-01
-2.4986119460667672e-01
-2.2925554102874496e-01
-2.1110231807145646e-01
-1.9504075107086002e-01
-1.8075216014037873e-01
-1.6797601669857115e-01
-1.5652265210285882e-01
-1.4621417946106233e-01
-1.3688560324158508e-01
-1.2843399362606420e-01
-1.2075334963825124e-01
-1.1373828614224979e-01
-1.0732490732282794e-01
-1.0144870988028007e-01
-9.6042843387695268e-02
-9.1061605033485760e-02
-8.6466093787432363e-02
-8.2212852248073037e-02
-7.8267145658914183e-02
-7.4605567506786000e-02
-7.1199370319452920e-02
-6.8020884900216474e-02
-6.5056319421090428e-02
-6.2286439652799147e-02
-5.9688426298906416e-02
-5.7254558500488079e-02
-5.4971432535912412e-02
-5.2821138794035494e-02
-5.0798446728434615e-02
-4.8893961529358647e-02
-4.7094527352254778e-02
-4.5395334435814491e-02
-4.3790151434357813e-02
-4.2269195448990937e-02
-4.0828008284659725e-02
-3.9462532560585024e-02
-3.8165410153777064e-02
-3.6932511145367296e-02
-3.5761277855519719e-02
-3.4646113239800651e-02
-3.3583211224689803e-02
-3.2571048131943052e-02
-3.1605316409906839e-02
-3.0682535048061579e-02
-2.9801888660864088e-02
-2.8960018360267705e-02
-2.8153769735854355e-02
-2.7382808156292043e-02
-2.6644508939613447e-02
-2.5935890392104421e-02
-2.5256948259781409e-02
-2.4605563494562978e-02
-2.3979328783589809e-02
-2.3378418330769177e-02
-2.2801076660075997e-02
-2.2245107073249913e-02
-2.1710798591941523e-02
-2.1196678025637749e-02
-2.0700853089859195e-02
-2.0223667785448176e-02
-1.9763854760752805e-02
-1.9319814873383058e-02
-1.8891904360208534e-02
-1.8479003879881613e-02
-1.8079794946426909e-02
-1.7694615837151473e-02
-1.7762913845311472e-02
-1.8197766185429096e-02
-1.8648821162810584e-02
-1.9116391567230905e-02
-1.9600895251953829e-02
-2.0104034996944468e-02
-2.0626156669364869e-02
-2.1168003343687559e-02
-2.1731397112232383e-02
-2.2316720407255235e-02
-2.2925135398674867e-02
-2.3558602543389637e-02
-2.4217549277378302e-02
-2.4903671282223178e-02
-2.5619095349596895e-02
-2.6364309721164155e-02
-2.7141685137965898e-02
-2.7953554746503330e-02
-2.8800494041312654e-02
-2.9685725980953315e-02
-3.0611847488934231e-02
-3.1579563444890844e-02
-3.2593173739715459e-02
-3.3655384829932931e-02
-3.4767806688572662e-02
-3.5935394802122773e-02
-3.7161209676921839e-02
-3.8448199685974536e-02
-3.9802020088904981e-02
-4.1226282916628700e-02
-4.2725686179771849e-02
-4.4306827054543578e-02
-4.5974100562038892e-02
-4.7734510932888649e-02
-4.9595949737765162e-02
-5.1563941661896311e-02
-5.3648565454665162e-02
-5.5859366514504162e-02
-5.8204010677980825e-02
-6.0696248288122728e-02
-6.3347681430497293e-02
-6.6170559318854724e-02
-6.9182232936025267e-02
-7.2397901000557915e-02
-7.5836301516249899e-02
-7.9520063125692264e-02
-8.3469808551811381e-02
-8.7713657787607702e-02
-9.2282064735041025e-02
-9.7204405292569268e-02
-1.0252235214477781e-01
-1.0827748773847078e-01
-1.1451649043577619e-01
-1.2129836048902395e-01
-1.2868394016741874e-01
-1.3674731833763104e-01
-1.4557577545352429e-01
-1.5526234166752337e-01
-1.6592625998742994e-01
-1.7770162439364567e-01
-1.9074188541752679e-01
-2.0524009962597969e-01
-2.2141508501047641e-01
-2.3953336590052976e-01
-2.5992128153330485e-01
-2.8296094365848568e-01
-3.0913701735958798e-01
-3.3903953677294074e-01
-3.7339438352933280e-01
-4.1313394230951656e-01
-4.5934202414610809e-01
-5.1358186147323448e-01
-5.7781806901963062e-01
-6.5461468102261255e-01
-7.4745413610853628e-01
-8.6106673499022557e-01
-1.0020298821122606e+00
-1.1797512238410586e+00
-1.4074594776648564e+00
-1.7054152447777167e+00
-2.1053180823885569e+00
-2.6564208468711796e+00
-3.4381143182187492e+00
-4.5826933221765103e+00
-6.2903140018452817e+00
-8.7437560561369576e+00
-1.1382458722819582e+01
-1.2032971194945187e+01
-1.1131938658230753e+01
-1.0044844530701676e+01
-7.6666742784529989e+00
-5.0134566037669144e+00
-3.2803603836276061e+00
-2.2539778472115399e+00
-1.6272001093567254e+00
-1.2240721002459272e+00
-9.5221013238723917e-01
-7.6106823641774113e-01
-6.2191910965716990e-01
-5.2783992640377220e-01
-6.3368614236146026e-01
-7.7367696445136502e-01
-9.6363154451186339e-01
-1.2294156247461556e+00
-1.6148193134680895e+00
-2.1954387790458063e+00
-3.1026452624190828e+00
-4.5213868183143635e+00
-6.3835525149651202e+00
-7.3987219581403947e+00
0.0000000000000000e+00
1.3464638167935297e-01
0.0000000000000000e+00
0.0000000000000000e+00
];
