%Vec Object:sol 1 MPI processes
%  type: mpi
sol = [
0.0000000000000000e+00
-1.5078112960790955e+01
-1.2147039144880043e+01
-8.3676837303219092e+00
-5.5460107045387899e+00
-3.8003460096803456e+00
-2.7239677869707219e+00
-2.0338142956338552e+00
-1.5697453661930474e+00
-1.2458356543769242e+00
-1.0116918155471122e+00
-8.3719612289949918e-01
-7.0394965775667695e-01
-5.9990151763487842e-01
-5.1723364339302458e-01
-4.5049741648609698e-01
-3.9590414980863226e-01
-3.5067691640058496e-01
-3.1275933191893357e-01
-2.8070331640926632e-01
-2.5336515710481988e-01
-2.2982538631326657e-01
-2.0944258987933742e-01
-1.9168176543237928e-01
-1.7609341434769726e-01
-1.6234307988160812e-01
-1.5016331996212626e-01
-1.3931626267079336e-01
-1.2960715971891132e-01
-1.2089521426636701e-01
-1.1304720117534107e-01
-1.0593865619594679e-01
-9.9493312840049294e-02
-9.3631547505577256e-02
-8.8273429750397883e-02
-8.3371454316125138e-02
-7.8877128124640580e-02
-7.4739634414829725e-02
-7.0924666375810172e-02
-6.7403058017316136e-02
-6.4141734818212101e-02
-6.1114358423188589e-02
-5.8303547007612290e-02
-5.5686752397486543e-02
-5.3242840737311045e-02
-5.0962369967207620e-02
-4.8830693749756335e-02
-4.6830185546668388e-02
-4.4955274275503797e-02
-4.3195757174922779e-02
-4.1537736709553089e-02
-3.9977467000811902e-02
-3.8507806782033874e-02
-3.7118535578391655e-02
-3.5806122731412780e-02
-3.4565862161326955e-02
-3.3390147171623009e-02
-3.2275641687461436e-02
-3.1219313591501978e-02
-3.0215438027719317e-02
-2.9260878584513227e-02
-2.8353757404923862e-02
-2.7489717882548548e-02
-2.6665836478094555e-02
-2.5881030028036742e-02
-2.5131944488757826e-02
-2.4415882223035864e-02
-2.3732302826844031e-02
-2.3078590658358537e-02
-2.2452283735848778e-02
-2.1853206500322197e-02
-2.1279288835888477e-02
-2.0728310032930887e-02
-2.0200332648364648e-02
-1.9693689746501434e-02
-1.9206403447826835e-02
-1.8738683954793781e-02
-1.8289161637910518e-02
-1.7856099668478814e-02
-1.7439790988679333e-02
-1.7039083908939455e-02
-1.6652478120407085e-02
-1.6280302921154507e-02
-1.5921564756212848e-02
-1.5574993335028974e-02
-1.5240921162276041e-02
-1.4918467507851649e-02
-1.4606584125059122e-02
-1.4305583321670555e-02
-1.4371006273155592e-02
-1.4733267313007789e-02
-1.5109177086816665e-02
-1.5499012234093839e-02
-1.5903135863019315e-02
-1.6322973321635206e-02
-1.6758831801301850e-02
-1.7211346605525948e-02
-1.7682047462368632e-02
-1.8171275624124815e-02
-1.8680017826237575e-02
-1.9209925016321707e-02
-1.9761380232879384e-02
-2.0335818582052863e-02
-2.0935036675834032e-02
-2.1559473439228614e-02
-2.2211132466050727e-02
-2.2891990884982963e-02
-2.3602566740315335e-02
-2.4345582800650342e-02
-2.5123246550656130e-02
-2.5936191912158124e-02
-2.6788052337945074e-02
-2.7681139463895228e-02
-2.8616852813917841e-02
-2.9599390339648191e-02
-3.0631374564759631e-02
-3.1715338169106433e-02
-3.2856085544750224e-02
-3.4056719504084773e-02
-3.5321257858645247e-02
-3.6655320477403608e-02
-3.8062690247163793e-02
-3.9549347588704875e-02
-4.1122032022287563e-02
-4.2785505864987569e-02
-4.4548372067465362e-02
-4.6418803582881474e-02
-4.8403405376799345e-02
-5.0513925271414170e-02
-5.2760324572009958e-02
-5.5153129801137117e-02
-5.7707199840720397e-02
-6.0435606524066703e-02
-6.3354440890907263e-02
-6.6483123526837995e-02
-6.9839417745390639e-02
-7.3447478431002258e-02
-7.7333495660303189e-02
-8.1522801538572734e-02
-8.6051228846531325e-02
-9.0954618144995725e-02
-9.6273224806624466e-02
-1.0205788829830939e-01
-1.0836114017828212e-01
-1.1524692878202412e-01
-1.2279061696955719e-01
-1.3107266744302079e-01
-1.4019614462017299e-01
-1.5027708895770281e-01
-1.6144841800578180e-01
-1.7387734183023371e-01
-1.8775363762099964e-01
-2.0330856839339706e-01
-2.2082547337348932e-01
-2.4063652866507609e-01
-2.6316322608687609e-01
-2.8891925039735922e-01
-3.1851498512752224e-01
-3.5276083560784510e-01
-3.9268553343782359e-01
-4.3960309630322297e-01
-4.9523439069869896e-01
-5.6182895948773259e-01
-6.4244587683145149e-01
-7.4124694325853224e-01
-8.6402824264508393e-01
-1.0190929331174285e+00
-1.2181629473725797e+00
-1.4793404672085995e+00
-1.8306872457075309e+00
-2.3163318996552267e+00
-3.0071517083663108e+00
-4.0221701324341277e+00
-5.5401735508782100e+00
-7.7196161970865091e+00
-1.0053138540630831e+01
-1.0674509078266613e+01
-9.9748257077838538e+00
-9.0965056335613088e+00
-7.0596779099167861e+00
-4.6824447660623125e+00
-3.0873348689423774e+00
-2.1305875128614611e+00
-1.5419721502034256e+00
-1.1622148388841838e+00
-9.0517532778069387e-01
-7.2417686823531813e-01
-5.9229024699565025e-01
-5.0304755953638414e-01
-6.0403013525912097e-01
-7.3756503070727419e-01
-9.1881012638960324e-01
-1.1724156294635126e+00
-1.5395285340504918e+00
-2.0923236198599899e+00
-2.9530265457986093e+00
-4.2894580328438376e+00
-6.0147206048110915e+00
-6.9317279099146552e+00
0.0000000000000000e+00
2.4055929233035767e-01
0.0000000000000000e+00
0.0000000000000000e+00
];
