%Vec Object:sol 1 MPI processes
%  type: mpi
sol = [
0.0000000000000000e+00
-1.5140085410279692e+01
-1.2186701299033407e+01
-8.3872327836490044e+00
-5.5557513092943296e+00
-3.8057502011898872e+00
-2.7274204181981005e+00
-2.0360707419347155e+00
-1.5713838008506140e+00
-1.2470751377453675e+00
-1.0126592836531558e+00
-8.3796984807761610e-01
-7.0453850494231807e-01
-6.0038892535906974e-01
-5.1764248558467996e-01
-4.5084421684115561e-01
-3.9620117157367135e-01
-3.5093341175882703e-01
-3.1298239046278076e-01
-2.8089851990263942e-01
-2.5353693004412675e-01
-2.2997725028008872e-01
-2.0957742882807587e-01
-1.9180194723091176e-01
-1.7620088359618780e-01
-1.6243946413633562e-01
-1.5024999456119092e-01
-1.3939438526704709e-01
-1.2967771248689561e-01
-1.2095904715412109e-01
-1.1310504488876638e-01
-1.0599113522565640e-01
-9.9540978827181104e-02
-9.3674882026426362e-02
-8.8312848945125574e-02
-8.3407329504153874e-02
-7.8909788087635449e-02
-7.4769367202726547e-02
-7.0951730025967247e-02
-6.7427676280706131e-02
-6.4164054530800541e-02
-6.1133305697592753e-02
-5.8319243058885230e-02
-5.5700137377760632e-02
-5.3254776126635095e-02
-5.0972968901417746e-02
-4.8840058594613253e-02
-4.6838408003818777e-02
-4.4962439229957324e-02
-4.3201941960483818e-02
-4.1543010948245154e-02
-3.9981895331322688e-02
-3.8511448452199941e-02
-3.7121444373388351e-02
-3.5808348534785178e-02
-3.4567450978523720e-02
-3.3391141076649575e-02
-3.2276079697215625e-02
-3.1219231854054268e-02
-3.0214869817795371e-02
-2.9259854791947648e-02
-2.8352306731517549e-02
-2.7487866899097751e-02
-2.6663609909189097e-02
-2.5878450876154077e-02
-2.5129034154514035e-02
-2.4412660693066589e-02
-2.3728788689472879e-02
-2.3074801281644016e-02
-2.2448235423032339e-02
-2.1848914384198729e-02
-2.1274767109190396e-02
-2.0723572103332102e-02
-2.0195390917172082e-02
-1.9688555885108892e-02
-1.9201088563332691e-02
-1.8733198270135486e-02
-1.8283514807938932e-02
-1.7850300954021042e-02
-1.7433848861321214e-02
-1.7033006400623739e-02
-1.6646272995699114e-02
-1.6273977233097047e-02
-1.5915125223825249e-02
-1.5568446498844236e-02
-1.5234272918487080e-02
-1.4911723508757488e-02
-1.4599749900515669e-02
-1.4298663818475789e-02
-1.4363828554015154e-02
-1.4725676955756247e-02
-1.5101155975044760e-02
-1.5490541464073512e-02
-1.5894195694912756e-02
-1.6313542647947245e-02
-1.6748888601533146e-02
-1.7200867771779496e-02
-1.7671008287733339e-02
-1.8159650339624706e-02
-1.8667779237309265e-02
-1.9197044057046409e-02
-1.9747826596662545e-02
-2.0321560084101176e-02
-2.0920038935314203e-02
-2.1543700614855155e-02
-2.2194546239767309e-02
-2.2874550347752078e-02
-2.3584229246091180e-02
-2.4326302438033534e-02
-2.5102974328239366e-02
-2.5914876746179913e-02
-2.6765638841341855e-02
-2.7657568697844016e-02
-2.8592062842762982e-02
-2.9573313994475280e-02
-3.0603940419409018e-02
-3.1686470465864584e-02
-3.2825702192719644e-02
-3.4024733194189277e-02
-3.5287575128134401e-02
-3.6619840089920253e-02
-3.8025304457259955e-02
-3.9509939996246662e-02
-4.1080476529609104e-02
-4.2741668088550747e-02
-4.4502105523609128e-02
-4.6369949585540179e-02
-4.8351794069528796e-02
-5.0459370292041124e-02
-5.2702624127304448e-02
-5.5092065563665443e-02
-5.7642531998923482e-02
-6.0367074772749663e-02
-6.3281760627173278e-02
-6.6405981473962247e-02
-6.9757472661675521e-02
-7.3360353339777751e-02
-7.7240774352437827e-02
-8.1424028155317033e-02
-8.5945894948763257e-02
-9.0842160866351829e-02
-9.6153020088665872e-02
-1.0192923678460004e-01
-1.0822326279149784e-01
-1.1509895064311960e-01
-1.2263155184069194e-01
-1.3090140738594216e-01
-1.4001142963319899e-01
-1.5007748683760933e-01
-1.6123229934017896e-01
-1.7364283151031731e-01
-1.8749858149103973e-01
-2.0303047436918931e-01
-2.2052143807112004e-01
-2.4030316674533586e-01
-2.6279654701549748e-01
-2.8851236699048205e-01
-3.1804848817153836e-01
-3.5224225697129224e-01
-3.9210646092129420e-01
-4.3895325519528028e-01
-4.9450109614518067e-01
-5.6099641720370041e-01
-6.4149412721319810e-01
-7.4015045275142244e-01
-8.6275386852722546e-01
-1.0175968482930586e+00
-1.2163248785847960e+00
-1.4771318001010767e+00
-1.8279917865507440e+00
-2.3128748617235937e+00
-3.0027744383637396e+00
-4.0163275510727416e+00
-5.5322197416607901e+00
-7.7087042645410833e+00
-1.0038733872118854e+01
-1.0659512879602143e+01
-9.9615817550664580e+00
-9.0852644981710657e+00
-7.0522355307253193e+00
-4.6782441830478678e+00
-3.0848360347089416e+00
-2.1289582550621904e+00
-1.5408383990417092e+00
-1.1613746467194201e+00
-9.0453129664283682e-01
-7.2366687781776673e-01
-5.9187583541524080e-01
-5.0269684937977399e-01
-6.0360399300513301e-01
-7.3704207609561567e-01
-9.1815490573543324e-01
-1.1715713209366962e+00
-1.5384040989218877e+00
-2.0907601088557137e+00
-2.9507452010236768e+00
-4.2858809073224169e+00
-6.0090099770714804e+00
-6.9244888711227865e+00
0.0000000000000000e+00
2.4055929233035767e-01
0.0000000000000000e+00
0.0000000000000000e+00
];
