%Vec Object:sol 1 MPI processes
%  type: mpi
sol = [
0.0000000000000000e+00
-3.8759772936301815e+01
-2.3414351807966110e+01
-1.2755253930648497e+01
-7.5197640118380207e+00
-4.8543619981886375e+00
-3.3635414745781733e+00
-2.4569933229184824e+00
-1.8684567382709338e+00
-1.4663169650383394e+00
-1.1802466268725589e+00
-9.6947535460125345e-01
-8.0991841453771773e-01
-6.8644992035580943e-01
-5.8893384181960384e-01
-5.1060455816250261e-01
-4.4680419051081305e-01
-3.9414918710831653e-01
-3.5015258139421795e-01
-3.1305381857888365e-01
-2.8149669947942535e-01
-2.5439729443122161e-01
-2.3099134806721891e-01
-2.1064448076490425e-01
-1.9282634591624437e-01
-1.7714265187018427e-01
-1.6327866523096651e-01
-1.5095587929826310e-01
-1.3994683930366666e-01
-1.3008654786035337e-01
-1.2121985399530739e-01
-1.1320274326352563e-01
-1.0594589069857555e-01
-9.9356978669010068e-02
-9.3344184141421108e-02
-8.7852051454671523e-02
-8.2824490645101542e-02
-7.8203385827311581e-02
-7.3949060352025461e-02
-7.0027719442099387e-02
-6.6401659416267134e-02
-6.3040772254012126e-02
-5.9924706712244390e-02
-5.7028559545052537e-02
-5.4328428643646058e-02
-5.1812271083382211e-02
-4.9463434801343770e-02
-4.7262310382732521e-02
-4.5202075234942553e-02
-4.3271128952458243e-02
-4.1454160699471533e-02
-3.9746503404537926e-02
-3.8140022798689679e-02
-3.6623513235188677e-02
-3.5192721034952031e-02
-3.3842225431756176e-02
-3.2563722191227898e-02
-3.1353311685739391e-02
-3.0207428778836028e-02
-2.9119846965342328e-02
-2.8086996413426806e-02
-2.7106585820732016e-02
-2.6173892342666417e-02
-2.5285665142840658e-02
-2.4440487376522761e-02
-2.3634733928837130e-02
-2.2865465893422986e-02
-2.2131863275796908e-02
-2.1431107057542902e-02
-2.0760563854359110e-02
-2.0119815680500523e-02
-1.9506638248568041e-02
-1.8918695277699286e-02
-1.8355833263628798e-02
-1.7816268140010444e-02
-1.7297950638389258e-02
-1.6800835613254125e-02
-1.6323505474174070e-02
-1.5864206179511890e-02
-1.5423050652570160e-02
-1.4998820925535923e-02
-1.4590000012117781e-02
-1.4196749552422583e-02
-1.3818029421578450e-02
-1.3452567355549646e-02
-1.3100540764199286e-02
-1.2761039926614346e-02
-1.2433021779521825e-02
-1.2116655863794215e-02
-1.2111488986582443e-02
-1.2354515082295774e-02
-1.2605680447816365e-02
-1.2865012180193834e-02
-1.3132606959426470e-02
-1.3409458762560599e-02
-1.3695582726480131e-02
-1.3991266355384993e-02
-1.4297533310534027e-02
-1.4614381773002621e-02
-1.4942341587390252e-02
-1.5282468659569098e-02
-1.5634741116840874e-02
-1.5999991470704852e-02
-1.6379313911323520e-02
-1.6772665644856508e-02
-1.7181254872196954e-02
-1.7606224293247187e-02
-1.8047512880538758e-02
-1.8506793495664524e-02
-1.8985274105362951e-02
-1.9482883801081163e-02
-2.0001870002143630e-02
-2.0543379026141711e-02
-2.1107806031981102e-02
-2.1697651774524155e-02
-2.2314128249853963e-02
-2.2958323485499171e-02
-2.3632970526462571e-02
-2.4339426914285985e-02
-2.5079662453871620e-02
-2.5856731759451333e-02
-2.6672220328779386e-02
-2.7529228203742696e-02
-2.8431265026074182e-02
-2.9380270656112518e-02
-3.0380813681798836e-02
-3.1436961274342090e-02
-3.2551493192009909e-02
-3.3730626356736411e-02
-3.4979069505943816e-02
-3.6301694857408924e-02
-3.7706089052454067e-02
-3.9198281878601436e-02
-4.0786041939834948e-02
-4.2478984065910455e-02
-4.4285172549191933e-02
-4.6216474229210248e-02
-4.8285519860941095e-02
-5.0503772911272095e-02
-5.2888868879636224e-02
-5.5457606842319131e-02
-5.8228752575207897e-02
-6.1226781648062098e-02
-6.4476030472099932e-02
-6.8006684151500685e-02
-7.1854428116606625e-02
-7.6056286648666441e-02
-8.0661061040332729e-02
-8.5722906577198929e-02
-9.1303300649914446e-02
-9.7480820550013003e-02
-1.0434332522516923e-01
-1.1199832190166896e-01
-1.2057785176303587e-01
-1.3023523068374859e-01
-1.4116657799115906e-01
-1.5360995840501179e-01
-1.6785776310788411e-01
-1.8428822934756484e-01
-2.0337226003979905e-01
-2.2572092056756332e-01
-2.5213510870776840e-01
-2.8366005372283770e-01
-3.2170133582118610e-01
-3.6819179359121018e-01
-4.2582660333838168e-01
-4.9844798145935315e-01
-5.9162220964079582e-01
-7.1367129448052813e-01
-8.7731259153544072e-01
-1.1023004488932897e+00
-1.4194801002909447e+00
-1.8762423326780620e+00
-2.5302941685795788e+00
-3.3844170747215347e+00
-4.1677680574072067e+00
-4.4757512624546187e+00
-4.5418509914475935e+00
-4.5794098031455857e+00
-4.1607418166023749e+00
-3.1986957269562901e+00
-2.3122582077006077e+00
-1.6933265058193256e+00
-1.2801022975527068e+00
-9.9892009068109200e-01
-8.0144678958062265e-01
-6.5823105950658389e-01
-5.5128872575968990e-01
-4.7849868193884226e-01
-5.8599392887048418e-01
-7.2915227789375858e-01
-9.2486262212682724e-01
-1.2006799014371301e+00
-1.6033177257560187e+00
-2.2152790025781091e+00
-3.1808959173160813e+00
-4.7142208888662580e+00
-6.7927470070293392e+00
-8.0055354653856146e+00
0.0000000000000000e+00
2.4055929233035767e-01
0.0000000000000000e+00
0.0000000000000000e+00
];
