%Vec Object:sol 1 MPI processes
%  type: mpi
sol = [
0.0000000000000000e+00
-2.3293632860425369e+01
-1.8340516174738404e+01
-1.2174803460801746e+01
-7.8228503394404898e+00
-5.2469948344296196e+00
-3.7084707433384385e+00
-2.7417161166898745e+00
-2.1019727710733296e+00
-1.6587560490138136e+00
-1.3410816516874138e+00
-1.1058833649422564e+00
-9.2723321829402072e-01
-7.8849604853745003e-01
-6.7848834922463519e-01
-5.8984460915251080e-01
-5.1751924991860376e-01
-4.5773759288774496e-01
-4.0771904561813693e-01
-3.6550545514146249e-01
-3.2955952346047185e-01
-2.9865240219315192e-01
-2.7192329495077999e-01
-2.4865830542479855e-01
-2.2826069386124756e-01
-2.1028535183284988e-01
-1.9437662488448965e-01
-1.8022009910897208e-01
-1.6755864391580022e-01
-1.5620518045323542e-01
-1.4598407349302889e-01
-1.3673225225797125e-01
-1.2834819147048165e-01
-1.2072716760815583e-01
-1.1376491811781216e-01
-1.0739838802456597e-01
-1.0156383208332533e-01
-9.6195072319440036e-02
-9.1246943749905329e-02
-8.6681014327443004e-02
-8.2454245763152911e-02
-7.8532254737934210e-02
-7.4891940404992766e-02
-7.1504826655345383e-02
-6.8343474075208452e-02
-6.5394301576514671e-02
-6.2638258296772831e-02
-6.0052663744720174e-02
-5.7630014536969490e-02
-5.5356131437247554e-02
-5.3213542165799731e-02
-5.1197781481596934e-02
-4.9299529279303964e-02
-4.7505673858305328e-02
-4.5811476555332138e-02
-4.4210764781424140e-02
-4.2693784307925225e-02
-4.1256127190802933e-02
-3.9893784902607657e-02
-3.8599418179617449e-02
-3.7368930674361547e-02
-3.6199807329227070e-02
-3.5086463656415851e-02
-3.4025114004081279e-02
-3.3014273234396194e-02
-3.2049642207502706e-02
-3.1127750126743684e-02
-3.0247817231958886e-02
-2.9406491041251207e-02
-2.8600619257682060e-02
-2.7829898335053973e-02
-2.7091675396435293e-02
-2.6383117487799857e-02
-2.5704234087700020e-02
-2.5052889765708831e-02
-2.4426568340093283e-02
-2.3825475762296579e-02
-2.3247858650837974e-02
-2.2691512001689385e-02
-2.2156754599248006e-02
-2.1642113677713581e-02
-2.1145687220049347e-02
-2.0667846990966566e-02
-2.0207324434531389e-02
-1.9762510458624937e-02
-1.9333786986541968e-02
-1.8920031806713686e-02
-1.8519917301331658e-02
-1.8133805237893326e-02
-1.8212271008523892e-02
-1.8666802304889162e-02
-1.9138377718152019e-02
-1.9627343224385765e-02
-2.0134152740010857e-02
-2.0660576880595815e-02
-2.1206999903970188e-02
-2.1774213555297604e-02
-2.2364117727370292e-02
-2.2977139403502232e-02
-2.3614506195936323e-02
-2.4278268101686682e-02
-2.4968904521239541e-02
-2.5688198748999396e-02
-2.6438381155156291e-02
-2.7220001129759291e-02
-2.8035546055012874e-02
-2.8887469799879582e-02
-2.9776420673008040e-02
-3.0705776170366753e-02
-3.1678275275685307e-02
-3.2694710838789214e-02
-3.3759586759283679e-02
-3.4875771022632819e-02
-3.6045004613315890e-02
-3.7272488837957134e-02
-3.8561476456595141e-02
-3.9915110285631362e-02
-4.1339340321226339e-02
-4.2838013315031953e-02
-4.4416107608128676e-02
-4.6080579479101762e-02
-4.7836116134594063e-02
-4.9690119179757963e-02
-5.1650925676368406e-02
-5.3724432086780037e-02
-5.5921274923212611e-02
-5.8251557506723298e-02
-6.0723448948111360e-02
-6.3351460542318896e-02
-6.6147896979426343e-02
-6.9125759376853835e-02
-7.2303385615244423e-02
-7.5696906820736209e-02
-7.9326171714119834e-02
-8.3215123151774345e-02
-8.7385656672491138e-02
-9.1867530484612825e-02
-9.6692994679638294e-02
-1.0189323276289371e-01
-1.0751233142126182e-01
-1.1359436356051002e-01
-1.2018880862922166e-01
-1.2735812336121000e-01
-1.3516680270746420e-01
-1.4369331973882457e-01
-1.5303009886753122e-01
-1.6327574547987098e-01
-1.7455650176427914e-01
-1.8701438963543057e-01
-2.0081196188012371e-01
-2.1615358418841174e-01
-2.3327097864090135e-01
-2.5244630292343173e-01
-2.7402495283833300e-01
-2.9841140744118433e-01
-3.2611847219347090e-01
-3.5774980396320938e-01
-3.9404610433483517e-01
-4.3602161374462922e-01
-4.8490222509951075e-01
-5.4227389682470828e-01
-6.1021038016345108e-01
-6.9141754852063930e-01
-7.8956881824748504e-01
-9.0965169620282138e-01
-1.0585978047034823e+00
-1.2460959891405612e+00
-1.4860734226059937e+00
-1.8002771443828636e+00
-2.2217250137304827e+00
-2.8008514996522558e+00
-3.6228354354609711e+00
-4.8231727338861994e+00
-6.6121957586364895e+00
-9.1809548828350547e+00
-1.1944697073764829e+01
-1.2612506922311685e+01
-1.1627564754362973e+01
-1.0453246725195308e+01
-7.9314881954628325e+00
-5.1602737385630784e+00
-3.3670193562432358e+00
-2.3102721453805604e+00
-1.6663118058925697e+00
-1.2530006328111922e+00
-9.7436289550211075e-01
-7.7864110658625008e-01
-6.3626634302692042e-01
-5.3997538308677218e-01
-6.4832116651319283e-01
-7.9162877980206359e-01
-9.8621804862964657e-01
-1.2584688776502186e+00
-1.6533261502020973e+00
-2.2489134219014586e+00
-3.1808979432469235e+00
-4.6434472697132376e+00
-6.5798171948194026e+00
-7.6497390377944701e+00
0.0000000000000000e+00
1.3464638167935297e-01
0.0000000000000000e+00
0.0000000000000000e+00
];
