%Vec Object:sol 1 MPI processes
%  type: mpi
sol = [
0.0000000000000000e+00
-3.1603489654134091e+01
-2.2735282828715469e+01
-1.3821613939556460e+01
-8.4904481503005620e+00
-5.5723766461362638e+00
-3.8909889228988503e+00
-2.8555055475201692e+00
-2.1773091441815300e+00
-1.7121593385138498e+00
-1.3804775185421694e+00
-1.1358269682479043e+00
-9.5020526833497387e-01
-8.0638469659439971e-01
-6.9273721708276592e-01
-6.0140934968954374e-01
-5.2698690740623988e-01
-4.6553876328603921e-01
-4.1417547389231280e-01
-3.7086496718729944e-01
-3.3401456250595990e-01
-3.0235324680586756e-01
-2.7499099619077066e-01
-2.5119060208747962e-01
-2.3033616712780439e-01
-2.1195104616430188e-01
-1.9569093919582711e-01
-1.8123163646902873e-01
-1.6830795552491143e-01
-1.5672671965102863e-01
-1.4630698216026627e-01
-1.3688112893937940e-01
-1.2834435449388751e-01
-1.2058893984204108e-01
-1.1350798610892490e-01
-1.0703648310936761e-01
-1.0110891866466297e-01
-9.5657545485224690e-02
-9.0635950416536049e-02
-8.6004614542197627e-02
-8.1719527267061012e-02
-7.7745492514258760e-02
-7.4058703594588604e-02
-7.0630058278895916e-02
-6.7431588962859473e-02
-6.4449228267237146e-02
-6.1663504385634144e-02
-5.9051412575934506e-02
-5.6605028639713041e-02
-5.4310784187890718e-02
-5.2150658255214116e-02
-5.0119266440138054e-02
-4.8207095948132273e-02
-4.6400921539800632e-02
-4.4695822538923256e-02
-4.3085476617853502e-02
-4.1560057433433141e-02
-4.0115029636242035e-02
-3.8746261251962781e-02
-3.7446366824687015e-02
-3.6211165901874988e-02
-3.5038036251539666e-02
-3.3921363598421510e-02
-3.2857312098394001e-02
-3.1844299895610925e-02
-3.0878008693732813e-02
-2.9954943575429514e-02
-2.9074235209279983e-02
-2.8232518969744640e-02
-2.7426638252663667e-02
-2.6656205180023724e-02
-2.5918559661365415e-02
-2.5210878928261432e-02
-2.4533092433551611e-02
-2.3883061346749907e-02
-2.3258289607260587e-02
-2.2658907142634164e-02
-2.2083160493881107e-02
-2.1528870813151479e-02
-2.0996284909628585e-02
-2.0483933156673111e-02
-1.9989942370212340e-02
-1.9514616660740763e-02
-1.9056693964303099e-02
-1.8614593817018677e-02
-1.8188635182575939e-02
-1.7777705967903634e-02
-1.7380504494419701e-02
-1.6997334697166213e-02
-1.7049991771997921e-02
-1.7454111785751365e-02
-1.7873109298743840e-02
-1.8307244416257785e-02
-1.8756877715433391e-02
-1.9223605017306099e-02
-1.9707711169090050e-02
-2.0209862058818071e-02
-2.0731757023392819e-02
-2.1273707595002536e-02
-2.1836772288025622e-02
-2.2422770171571890e-02
-2.3032045883467030e-02
-2.3666156473429446e-02
-2.4327065037469998e-02
-2.5015162278281971e-02
-2.5732634512857948e-02
-2.6481623926184413e-02
-2.7262589756702330e-02
-2.8078510752241430e-02
-2.8931758922203458e-02
-2.9822898595473393e-02
-3.0755907384448528e-02
-3.1733235639994209e-02
-3.2756284702469302e-02
-3.3829621465728509e-02
-3.4956001329049108e-02
-3.6138063792067042e-02
-3.7380997813256135e-02
-3.8688042672166627e-02
-4.0063451764980183e-02
-4.1513253715833198e-02
-4.3041379323547360e-02
-4.4654203176911891e-02
-4.6358911093272288e-02
-4.8160436950193092e-02
-5.0067976250571369e-02
-5.2090190035818537e-02
-5.4233944748282047e-02
-5.6511785925502808e-02
-5.8934201385905084e-02
-6.1512247652320197e-02
-6.4261712642834187e-02
-6.7196316336627052e-02
-7.0333036490507664e-02
-7.3692420000827652e-02
-7.7293071431708327e-02
-8.1160516256985074e-02
-8.5322363413556840e-02
-8.9805124149276758e-02
-9.4646649989137022e-02
-9.9884580727752595e-02
-1.0555866438950072e-01
-1.1172229166025170e-01
-1.1843224838527575e-01
-1.2575552229768486e-01
-1.3377105827764524e-01
-1.4256282884599500e-01
-1.5223871831290881e-01
-1.6291993153187681e-01
-1.7474509780939934e-01
-1.8788886389051984e-01
-2.0254899616176023e-01
-2.1896649554894781e-01
-2.3743656147824060e-01
-2.5830467718718991e-01
-2.8200940176427075e-01
-3.0908462094036715e-01
-3.4018719242968853e-01
-3.7616297019757727e-01
-4.1806785190836232e-01
-4.6726944663967274e-01
-5.2555813117188133e-01
-5.9527281447909131e-01
-6.7956942538616272e-01
-7.8259241900197463e-01
-9.1045551454087259e-01
-1.0717231535931757e+00
-1.2788457389195840e+00
-1.5505490292882864e+00
-1.9148435060400890e+00
-2.4175966409030267e+00
-3.1332171067162813e+00
-4.1822917332802927e+00
-5.7500271067687150e+00
-8.0018277972964640e+00
-1.0414879475508373e+01
-1.1031137472889196e+01
-1.0263090812550201e+01
-9.3186810050861517e+00
-7.1910448233237387e+00
-4.7478793878313059e+00
-3.1223623152814040e+00
-2.1512974011596211e+00
-1.5551715523952578e+00
-1.1711060655121777e+00
-9.1138962335853757e-01
-7.2864104639237126e-01
-5.9555916696267797e-01
-5.0551995130552507e-01
-6.0667885883786199e-01
-7.4040962229028506e-01
-9.2187817527011984e-01
-1.1757391483742385e+00
-1.5431485482993568e+00
-2.0962746884225365e+00
-2.9573117007198877e+00
-4.2940021157519155e+00
-6.0190198510916852e+00
-6.9348142145748790e+00
0.0000000000000000e+00
1.3464638167935297e-01
0.0000000000000000e+00
0.0000000000000000e+00
];
