%Vec Object:sol 1 MPI processes
%  type: mpi
sol = [
0.0000000000000000e+00
-2.2820050607720962e+01
-1.6626300839218612e+01
-1.0363466275405852e+01
-6.4977981336548254e+00
-4.3236474476832871e+00
-3.0475608620188184e+00
-2.2504520386145894e+00
-1.7247449238800330e+00
-1.3610112204994058e+00
-1.1002666317239282e+00
-9.0714788187887585e-01
-7.6040776626349327e-01
-6.4641325550852868e-01
-5.5602467919598331e-01
-4.8319839169830259e-01
-4.2375662545006865e-01
-3.7460905689479818e-01
-3.3347651087691516e-01
-2.9875687764822395e-01
-2.6918923507807641e-01
-2.4376336884011210e-01
-2.2177427946054307e-01
-2.0263564369499198e-01
-1.8585626501341493e-01
-1.7107059000986669e-01
-1.5798653441928401e-01
-1.4634512754311468e-01
-1.3593459298903010e-01
-1.2660141361859151e-01
-1.1820090736103576e-01
-1.1059841844177662e-01
-1.0371076076154503e-01
-9.7451644528813136e-02
-9.1734910053258678e-02
-8.6508831898049907e-02
-8.1720906120804890e-02
-7.7316467499566638e-02
-7.3258359704772458e-02
-6.9514961835816666e-02
-6.6050743443884022e-02
-6.2837368925168016e-02
-5.9855540496809842e-02
-5.7081276868088004e-02
-5.4492833021577113e-02
-5.2079088045016528e-02
-4.9824314263836794e-02
-4.7709796782817310e-02
-4.5729306319593113e-02
-4.3871885850103924e-02
-4.2122848358104092e-02
-4.0477969761882622e-02
-3.8929573353988445e-02
-3.7466880401476887e-02
-3.6085982998117695e-02
-3.4781793548656882e-02
-3.3546304334703653e-02
-3.2375881195576016e-02
-3.1267212745344782e-02
-3.0214281634500084e-02
-2.9213716797961753e-02
-2.8263429704385518e-02
-2.7358847280099949e-02
-2.6496862576740013e-02
-2.5676228363320501e-02
-2.4893428216152189e-02
-2.4145622571427373e-02
-2.3432139041741813e-02
-2.2750238518292949e-02
-2.2097350919321933e-02
-2.1473191011988708e-02
-2.0875593697631339e-02
-2.0302257538949819e-02
-1.9753151241540586e-02
-1.9226534162118239e-02
-1.8720369526815921e-02
-1.8234785267047592e-02
-1.7768354343849369e-02
-1.7319298080958289e-02
-1.6887835974836937e-02
-1.6472771790383586e-02
-1.6072576239780714e-02
-1.5687512279751424e-02
-1.5316552325596963e-02
-1.4958406326651442e-02
-1.4613346510682752e-02
-1.4280467044437846e-02
-1.3958705933372466e-02
-1.3648320708387904e-02
-1.3687921912172760e-02
-1.4009589681425441e-02
-1.4343072354418120e-02
-1.4688563663514268e-02
-1.5046338890648056e-02
-1.5417685761002334e-02
-1.5802814897312729e-02
-1.6202248292967878e-02
-1.6617353696834716e-02
-1.7048359492259267e-02
-1.7496104771333145e-02
-1.7962049680913264e-02
-1.8446444762028058e-02
-1.8950531434185073e-02
-1.9475880970382421e-02
-2.0022775573941859e-02
-2.0592964084432175e-02
-2.1188156103479548e-02
-2.1808682413143259e-02
-2.2456930312751238e-02
-2.3134787325487901e-02
-2.3842660847069905e-02
-2.4583742226066671e-02
-2.5359970866006894e-02
-2.6172425680735037e-02
-2.7024763954439406e-02
-2.7919159132511924e-02
-2.8857684674501491e-02
-2.9844486422235889e-02
-3.0882113616243868e-02
-3.1973934851624537e-02
-3.3124756538590226e-02
-3.4337667350943318e-02
-3.5617736536334911e-02
-3.6970682559048312e-02
-3.8400379604667093e-02
-3.9914156840394004e-02
-4.1518893869085742e-02
-4.3219995830916874e-02
-4.5027468334601972e-02
-4.6949624800143738e-02
-4.8995220568080207e-02
-5.1176831846618379e-02
-5.3505329212664203e-02
-5.5994200957239983e-02
-5.8659800895499256e-02
-6.1516871197213885e-02
-6.4585731384332393e-02
-6.7888346527821941e-02
-7.1445742407303572e-02
-7.5288086246219729e-02
-7.9445309380252530e-02
-8.3951006169679862e-02
-8.8847839171326312e-02
-9.4179620803849659e-02
-9.9999858249099488e-02
-1.0637165549347390e-01
-1.1336208898942694e-01
-1.2105749158644341e-01
-1.2955486043491279e-01
-1.3896516649939789e-01
-1.4942839704552502e-01
-1.6110309703296027e-01
-1.7418264462761626e-01
-1.8890412121210082e-01
-2.0554513976992933e-01
-2.2445850941380643e-01
-2.4607257371076421e-01
-2.7089531658086274e-01
-2.9962419009797059e-01
-3.3310968346587838e-01
-3.7245432295815961e-01
-4.1910305816159749e-01
-4.7494563919791538e-01
-5.4255460492445828e-01
-6.2543255960106447e-01
-7.2846217849415984e-01
-8.5864570124823825e-01
-1.0260067556705350e+00
-1.2457632706006119e+00
-1.5417065222119224e+00
-1.9515301646426084e+00
-2.5353871783444286e+00
-3.3948022993670404e+00
-4.6798175214294906e+00
-6.5155895214161843e+00
-8.4509802618830943e+00
-8.9781680815017673e+00
-8.4681183951733523e+00
-7.8059381056719275e+00
-6.1878643706616714e+00
-4.1851584396711852e+00
-2.7893424398202913e+00
-1.9358851453108188e+00
-1.4055726303067813e+00
-1.0613743718646742e+00
-8.2756590315480305e-01
-6.6251702788389955e-01
-5.4204720983564281e-01
-4.6042237199818908e-01
-5.5249733983644900e-01
-6.7414895082373794e-01
-8.3910177130372021e-01
-1.0695703314321836e+00
-1.4025368061975154e+00
-1.9018004565622619e+00
-2.6733279401524004e+00
-3.8517864657076908e+00
-5.3172357782476105e+00
-6.0550017149736766e+00
0.0000000000000000e+00
2.4055929233035767e-01
0.0000000000000000e+00
0.0000000000000000e+00
];
