%Vec Object:sol 1 MPI processes
%  type: mpi
sol = [
0.0000000000000000e+00
-2.7261680756818279e+01
-1.8818465745678200e+01
-1.1211552466943475e+01
-6.8776656948804460e+00
-4.5261992213036013e+00
-3.1696008816318861e+00
-2.3317841504030898e+00
-1.7816113647531251e+00
-1.4034689669100842e+00
-1.1330261192058926e+00
-9.3282109649349942e-01
-7.8098715246457306e-01
-6.6321509529426492e-01
-5.7001555370363788e-01
-4.9502864239398409e-01
-4.3386168264575342e-01
-3.8331522494022335e-01
-3.4103219437288496e-01
-3.0533738755519174e-01
-2.7494441336572645e-01
-2.4882191402177817e-01
-2.2624086057519446e-01
-2.0659550169088611e-01
-1.8937882804036138e-01
-1.7421361513431147e-01
-1.6079857256218194e-01
-1.4886680021669199e-01
-1.3820013950570342e-01
-1.2864038695220817e-01
-1.2003859178358846e-01
-1.1225626659711781e-01
-1.0520771692357760e-01
-9.8804185375296297e-02
-9.2957171929522533e-02
-8.7613428041236910e-02
-8.2718977752926401e-02
-7.8217717469774725e-02
-7.4071454016351082e-02
-7.0247677275295864e-02
-6.6709944366074914e-02
-6.3429173870943323e-02
-6.0385828540256738e-02
-5.7555820408078294e-02
-5.4915966527961810e-02
-5.2454764689609648e-02
-5.0156108314521060e-02
-4.8000887019198121e-02
-4.5982659157209275e-02
-4.4090203840190675e-02
-4.2308544403365483e-02
-4.0633302006844958e-02
-3.9056613229254890e-02
-3.7567494748318005e-02
-3.6161913009138395e-02
-3.4834648692066546e-02
-3.3577547394733599e-02
-3.2386873262182002e-02
-3.1259219431552694e-02
-3.0188461835494854e-02
-2.9171147765402576e-02
-2.8205117264640998e-02
-2.7285718507777314e-02
-2.6409779709252429e-02
-2.5575998321664357e-02
-2.4780799026942017e-02
-2.4021291453097841e-02
-2.3296758784384489e-02
-2.2604417260311226e-02
-2.1941657744353055e-02
-2.1308157971952839e-02
-2.0701718580802112e-02
-2.0120008805815361e-02
-1.9562965426331187e-02
-1.9028821266337068e-02
-1.8515518128949630e-02
-1.8023155653428408e-02
-1.7550286173980967e-02
-1.7095115859191639e-02
-1.6657838618297970e-02
-1.6237242246911292e-02
-1.5831787093699354e-02
-1.5441712679282122e-02
-1.5065979265004749e-02
-1.4703289901915249e-02
-1.4353895226076028e-02
-1.4016880508288665e-02
-1.3691179127710749e-02
-1.3377028730764975e-02
-1.3406055950026308e-02
-1.3711033832827690e-02
-1.4027049820553493e-02
-1.4354261110150831e-02
-1.4692904324638665e-02
-1.5044209070225750e-02
-1.5408343225717021e-02
-1.5785779274848550e-02
-1.6177816126682041e-02
-1.6584631975113524e-02
-1.7007001783138825e-02
-1.7446304111409267e-02
-1.7902730314773720e-02
-1.8377438054669581e-02
-1.8871901674212432e-02
-1.9386333066220542e-02
-1.9922371223978986e-02
-2.0481610012493021e-02
-2.1064295888092232e-02
-2.1672671752615471e-02
-2.2308485560761378e-02
-2.2972042151893218e-02
-2.3666348870765592e-02
-2.4393139579100387e-02
-2.5153210218739543e-02
-2.5950140843754788e-02
-2.6785905014568939e-02
-2.7662370746622946e-02
-2.8583395194074851e-02
-2.9551279892413802e-02
-3.0569104611398355e-02
-3.1641316988716139e-02
-3.2770693591919933e-02
-3.3961899439658501e-02
-3.5220200096644776e-02
-3.6549068824610766e-02
-3.7955270168895404e-02
-3.9445106668102137e-02
-4.1023441275765640e-02
-4.2699505906469808e-02
-4.4480874016330114e-02
-4.6375503545356737e-02
-4.8394951407932423e-02
-5.0549095412847453e-02
-5.2850253513382482e-02
-5.5313403040326767e-02
-5.7951918238440613e-02
-6.0784393110223781e-02
-6.3830886935792960e-02
-6.7110469472660680e-02
-7.0650753526972906e-02
-7.4478990008210386e-02
-7.8625746954691517e-02
-8.3129981177861439e-02
-8.8031532779591026e-02
-9.3379156538024158e-02
-9.9230372255713781e-02
-1.0564613114014257e-01
-1.1270512637302633e-01
-1.2049563273287459e-01
-1.2911854288542760e-01
-1.3870135079478010e-01
-1.4938821583375764e-01
-1.6135504645591009e-01
-1.7481756351086927e-01
-1.9002809726702627e-01
-2.0730760730077280e-01
-2.2704697970330606e-01
-2.4972744011440687e-01
-2.7596972430760763e-01
-3.0654923132854495e-01
-3.4247170449865177e-01
-3.8505568840590271e-01
-4.3598665395763353e-01
-4.9761138180870257e-01
-5.7313508613225339e-01
-6.6700236512206379e-01
-7.8558788800622092e-01
-9.3817706203193962e-01
-1.1387607164404359e+00
-1.4085301950419524e+00
-1.7819350537517000e+00
-2.3151792734896803e+00
-3.0981661230502207e+00
-4.2679704318736773e+00
-5.9312823662130514e+00
-7.6604329576104950e+00
-8.1308707785466794e+00
-7.7018248389542689e+00
-7.1377395920177449e+00
-5.7248021918394372e+00
-3.9172406209411066e+00
-2.6277717325340695e+00
-1.8298515767874319e+00
-1.3312477836201269e+00
-1.0063246301531830e+00
-7.8527288349209468e-01
-6.2892461438890379e-01
-5.1465779606221862e-01
-4.3717774753339333e-01
-5.2440556957759632e-01
-6.3962840306122959e-01
-7.9575066602323019e-01
-1.0135438351912152e+00
-1.3278853293707513e+00
-1.7978870712949548e+00
-2.5208408456561791e+00
-3.6131186018591634e+00
-4.9401261051308438e+00
-5.5870572600241095e+00
0.0000000000000000e+00
2.4055929233035767e-01
0.0000000000000000e+00
0.0000000000000000e+00
];
