%Vec Object:sol 1 MPI processes
%  type: mpi
sol = [
0.0000000000000000e+00
-1.4923976132263130e+01
-1.2048114963122798e+01
-8.3187933591810914e+00
-5.5216201216378460e+00
-3.7868066964100455e+00
-2.7153173935635726e+00
-2.0281598777672336e+00
-1.5656399805671579e+00
-1.2427302205722071e+00
-1.0092681444799443e+00
-8.3525801635729024e-01
-7.0238939036562498e-01
-5.9868107875750320e-01
-5.1621003180471503e-01
-4.4962922677680206e-01
-3.9516065413023688e-01
-3.5003493263977692e-01
-3.1220109707466664e-01
-2.8021484618033937e-01
-2.5293536700388380e-01
-2.2944545401478469e-01
-2.0910528881059889e-01
-1.9138116645344336e-01
-1.7582464636406409e-01
-1.6210206615114034e-01
-1.4994661653815616e-01
-1.3912096912514138e-01
-1.2943081610577672e-01
-1.2073569195814744e-01
-1.1290267023059068e-01
-1.0580755265118981e-01
-9.9374255299082254e-02
-9.3523330066985461e-02
-8.8175010342129267e-02
-8.3281903183569719e-02
-7.8795622059269252e-02
-7.4665452191928050e-02
-7.0857162938518514e-02
-6.7341654098013293e-02
-6.4085916399625381e-02
-6.1063671996433297e-02
-5.8257519863451228e-02
-5.5645619633254303e-02
-5.3206837731907104e-02
-5.0931042752734614e-02
-4.8803636289295953e-02
-4.6807037016274360e-02
-4.4935705486517041e-02
-4.3179471430336638e-02
-4.1524494609221883e-02
-3.9966589978885331e-02
-3.8498898943151956e-02
-3.7111458453591935e-02
-3.5800751522570486e-02
-3.4562081783735259e-02
-3.3387852364264864e-02
-3.2274734849621275e-02
-3.1219704311309292e-02
-3.0217043072136497e-02
-2.9263620691952645e-02
-2.8357564799559757e-02
-2.7494524112121978e-02
-2.6671579709257896e-02
-2.5887652747449853e-02
-2.5139393184411069e-02
-2.4424106917159485e-02
-2.3741257051346283e-02
-2.3088230992972976e-02
-2.2462569418954980e-02
-2.1864099709488313e-02
-2.1290754096303443e-02
-2.0740313827439197e-02
-2.0212843987921555e-02
-1.9706679464514640e-02
-1.9219843782598649e-02
-1.8752549366268356e-02
-1.8303428004061362e-02
-1.7870743846216470e-02
-1.7454791818319829e-02
-1.7054421327690368e-02
-1.6668132727995520e-02
-1.6296257105428466e-02
-1.5937801737740502e-02
-1.5591496775218301e-02
-1.5257676341719493e-02
-1.4935460314281272e-02
-1.4623800747793802e-02
-1.4323011414993406e-02
-1.4389081442910394e-02
-1.4752378309789708e-02
-1.5129369335997135e-02
-1.5520333131636482e-02
-1.5925634898060200e-02
-1.6346703415138039e-02
-1.6783848159031937e-02
-1.7237707156982928e-02
-1.7709814148071924e-02
-1.8200513042016107e-02
-1.8710794146448908e-02
-1.9242313101709853e-02
-1.9795456050241023e-02
-2.0371662805664614e-02
-2.0972735485371791e-02
-2.1599116667648008e-02
-2.2252816155075048e-02
-2.2935817570110536e-02
-2.3648643301652877e-02
-2.4394024304597823e-02
-2.5174175781133776e-02
-2.5989736886120770e-02
-2.6844351860991458e-02
-2.7740341238225431e-02
-2.8679112041703082e-02
-2.9664875340324203e-02
-3.0700264319104151e-02
-3.1787822503457491e-02
-3.2932370155790619e-02
-3.4137023154112850e-02
-3.5405814721925125e-02
-3.6744384203858643e-02
-3.8156530782255206e-02
-3.9648256556602202e-02
-4.1226325338152077e-02
-4.2895520185245707e-02
-4.4664474359048155e-02
-4.6541391372013859e-02
-4.8532904151378863e-02
-5.0650801863585053e-02
-5.2905084450661270e-02
-5.5306319830405064e-02
-5.7869420689147404e-02
-6.0607510165654875e-02
-6.3536740135673495e-02
-6.6676602982635114e-02
-7.0044932021072551e-02
-7.3665971607361241e-02
-7.7566010037962027e-02
-8.1770478658035814e-02
-8.6315341888352867e-02
-9.1236576524479140e-02
-9.6574591098622778e-02
-1.0238041356030897e-01
-1.0870677498507528e-01
-1.1561786241227143e-01
-1.2318931947236583e-01
-1.3150191239153380e-01
-1.4065908612741565e-01
-1.5077731202470834e-01
-1.6199000190593080e-01
-1.7446497893125054e-01
-1.8839271919113745e-01
-2.0400533107012445e-01
-2.2158718265839122e-01
-2.4147165551157046e-01
-2.6408175510146203e-01
-2.8993300221577722e-01
-3.1966027082642662e-01
-3.5405995602312301e-01
-3.9413608912539994e-01
-4.4123079151863787e-01
-4.9707095535478657e-01
-5.6391389608478160e-01
-6.4482909829948754e-01
-7.4399228463349765e-01
-8.6721856412066878e-01
-1.0228377677307658e+00
-1.2227639229069078e+00
-1.4848680264772314e+00
-1.8374315330840982e+00
-2.3249809171577707e+00
-3.0180992160486180e+00
-4.0367784063483496e+00
-5.5600521859931744e+00
-7.7468714982383631e+00
-1.0089095559615716e+01
-1.0711919695037734e+01
-1.0007847412424145e+01
-9.1245199084418864e+00
-7.0782146617623356e+00
-4.6929035942935950e+00
-3.0935555665734285e+00
-2.1346379937135924e+00
-1.5447941763494186e+00
-1.1643032321810158e+00
-9.0677827564094204e-01
-7.2544614580546107e-01
-5.9332160921178789e-01
-5.0392042819641736e-01
-6.0509064526088818e-01
-7.3886642318542939e-01
-9.2044060107248993e-01
-1.1745115025961070e+00
-1.5423264942835835e+00
-2.0962140109978633e+00
-2.9587027301566811e+00
-4.2983580190632420e+00
-6.0289300715824297e+00
-6.9497441226187036e+00
0.0000000000000000e+00
2.4055929233035767e-01
0.0000000000000000e+00
0.0000000000000000e+00
];
