%Vec Object:sol 1 MPI processes
%  type: mpi
sol = [
0.0000000000000000e+00
-3.9666638472816203e+01
-2.6171107344232453e+01
-1.4900672068845425e+01
-8.8826810935049174e+00
-5.7508528758070332e+00
-3.9863131821160867e+00
-2.9120473650995398e+00
-2.2136473548840265e+00
-1.7369852189961654e+00
-1.3981666893537776e+00
-1.1485809690124089e+00
-9.5971853664759532e-01
-8.1366792025179213e-01
-6.9837936633740960e-01
-6.0581373104731495e-01
-5.3043931754159113e-01
-4.6824570763808249e-01
-4.1628894849903098e-01
-3.7250093424417918e-01
-3.3522973719781402e-01
-3.0321617289159414e-01
-2.7556569792473973e-01
-2.5152770611681424e-01
-2.3047623851002552e-01
-2.1194475005491056e-01
-1.9556081523130892e-01
-1.8099593605298694e-01
-1.6798181058488462e-01
-1.5632300974062721e-01
-1.4583654350608907e-01
-1.3635300552525434e-01
-1.2776641231714436e-01
-1.1996790271627340e-01
-1.1284954123899540e-01
-1.0634561170682952e-01
-1.0038993810143199e-01
-9.4914167680742664e-02
-8.9871427186480293e-02
-8.5221796038163253e-02
-8.0920896284863264e-02
-7.6933230912453354e-02
-7.3234733179012718e-02
-6.9796068830681526e-02
-6.6589079175923507e-02
-6.3599514384199848e-02
-6.0807748396313824e-02
-5.8190666049199549e-02
-5.5740202678710146e-02
-5.3442683220632350e-02
-5.1280029552898530e-02
-4.9246746856872664e-02
-4.7333245527982043e-02
-4.5526270692623660e-02
-4.3820822022444236e-02
-4.2210515625509364e-02
-4.0685511416976718e-02
-3.9241220180867099e-02
-3.7873456437581408e-02
-3.6574829936321558e-02
-3.5341127660870157e-02
-3.4169677892768639e-02
-3.3054866457169194e-02
-3.1992842090537606e-02
-3.0981975409379529e-02
-3.0017950858573159e-02
-2.9097271481208661e-02
-2.8219021439613270e-02
-2.7379840204342719e-02
-2.6576579368246780e-02
-2.5808805209776402e-02
-2.5073862509963386e-02
-2.4368944130520841e-02
-2.3693934376997447e-02
-2.3046699911657077e-02
-2.2424765235185069e-02
-2.1828216108088962e-02
-2.1255305296502429e-02
-2.0703877238835773e-02
-2.0174135949605959e-02
-1.9664619018969345e-02
-1.9173477322828623e-02
-1.8700974007297148e-02
-1.8245855561224364e-02
-1.7806564644467799e-02
-1.7383381547613697e-02
-1.6975204446690473e-02
-1.6580752346417090e-02
-1.6200293256052170e-02
-1.6235455072467504e-02
-1.6604821300423109e-02
-1.6987540911729201e-02
-1.7383811672773277e-02
-1.7793926447498176e-02
-1.8219357913699826e-02
-1.8660318430336002e-02
-1.9117383088673490e-02
-1.9592109361869899e-02
-2.0084724193259178e-02
-2.0596164608100990e-02
-2.1128085637965980e-02
-2.1680732660078816e-02
-2.2255500486552296e-02
-2.2854161566655515e-02
-2.3477014653872863e-02
-2.4126008067550980e-02
-2.4802918075823129e-02
-2.5508172188212594e-02
-2.6244391608013819e-02
-2.7013753773849708e-02
-2.7816661855271801e-02
-2.8656715226308690e-02
-2.9536058823959280e-02
-3.0455840606096494e-02
-3.1420169299882582e-02
-3.2431434282036979e-02
-3.3491902794510101e-02
-3.4606210987414787e-02
-3.5777148567187701e-02
-3.7008435176321179e-02
-3.8305421664377108e-02
-3.9671476051378406e-02
-4.1112218223874022e-02
-4.2633987982884522e-02
-4.4240999487267028e-02
-4.5941389444033545e-02
-4.7742752313073733e-02
-4.9650978599401117e-02
-5.1677165948774563e-02
-5.3830448922697123e-02
-5.6120431307485508e-02
-5.8561011258516135e-02
-6.1164103030242327e-02
-6.3944540187488561e-02
-6.6920337398442387e-02
-7.0107621427109607e-02
-7.3528751540000728e-02
-7.7207854022714656e-02
-8.1167905601294596e-02
-8.5442077832860841e-02
-9.0063145566940755e-02
-9.5067869800329427e-02
-1.0050303510852145e-01
-1.0641652641826888e-01
-1.1286689090977320e-01
-1.1992316534576944e-01
-1.2765854187618322e-01
-1.3616739892818697e-01
-1.4555560420585781e-01
-1.5594414143838453e-01
-1.6748575043952735e-01
-1.8035312734014128e-01
-1.9475687818000956e-01
-2.1095511773417955e-01
-2.2924968388997224e-01
-2.5002421005921899e-01
-2.7374567356482227e-01
-3.0098866346109715e-01
-3.3249377336789698e-01
-3.6918555878629300e-01
-4.1225995013935912e-01
-4.6321845260823491e-01
-5.2415372954866668e-01
-5.9784635022240118e-01
-6.8807762618100743e-01
-8.0011404890776494e-01
-9.4150213661016413e-01
-1.1232251138314442e+00
-1.3614488772149638e+00
-1.6815630007895626e+00
-2.1242471278452757e+00
-2.7545760521874794e+00
-3.6812020398560201e+00
-5.0661335928956568e+00
-7.0504618959092191e+00
-9.1562210454902520e+00
-9.7062776926366112e+00
-9.0943899989605210e+00
-8.3240245093262004e+00
-6.5245438701361413e+00
-4.3695357978045877e+00
-2.8959043750672411e+00
-2.0031598174511798e+00
-1.4513666061664734e+00
-1.0942465795735792e+00
-8.5226510793838661e-01
-6.8160017528013928e-01
-5.5717656696138729e-01
-4.7291513376568323e-01
-5.6725149666322405e-01
-6.9187993503105660e-01
-8.6079954524726965e-01
-1.0968222245353296e+00
-1.4380762859645739e+00
-1.9499068068642078e+00
-2.7423953321277539e+00
-3.9574485986075030e+00
-5.4818482548281349e+00
-6.2581221123625950e+00
0.0000000000000000e+00
1.3464638167935297e-01
0.0000000000000000e+00
0.0000000000000000e+00
];
