%Vec Object:sol 1 MPI processes
%  type: mpi
sol = [
0.0000000000000000e+00
-1.7930966306522595e+01
-1.3909358002542694e+01
-9.1992663156077494e+00
-5.9526777956018222e+00
-4.0272931254833182e+00
-2.8647893292058435e+00
-2.1287889599092189e+00
-1.6375470672306685e+00
-1.2964149551001909e+00
-1.0507092303286030e+00
-8.6808684650720547e-01
-7.2882291712294234e-01
-6.2035391716366872e-01
-5.3428956035746911e-01
-4.6489015560828695e-01
-4.0817349431842914e-01
-3.6122718155233713e-01
-3.2189834462173594e-01
-2.8867196746773877e-01
-2.6035337081746535e-01
-2.3598361548987201e-01
-2.1489350549354588e-01
-1.9652562567408935e-01
-1.8041227498893472e-01
-1.6620537760038143e-01
-1.5362668312609556e-01
-1.4242908217659542e-01
-1.3241036470078296e-01
-1.2342412999585993e-01
-1.1533212302161990e-01
-1.0800541905145032e-01
-1.0136474510487078e-01
-9.5324778100025487e-02
-8.9805240516948145e-02
-8.4757592631529474e-02
-8.0131487748904620e-02
-7.5874352923268856e-02
-7.1950564030695399e-02
-6.8329820048820683e-02
-6.4977928592348522e-02
-6.1867639340713161e-02
-5.8980794012411977e-02
-5.6294777394154047e-02
-5.3787754795913578e-02
-5.1449104437356272e-02
-4.9263707128115106e-02
-4.7213465210605925e-02
-4.5292513201746730e-02
-4.3490318014457324e-02
-4.1792641175568565e-02
-4.0195522711758358e-02
-3.8691586422163429e-02
-3.7270370582176540e-02
-3.5928176705223899e-02
-3.4660130662089075e-02
-3.3458452306626973e-02
-3.2319673729248669e-02
-3.1240639303055023e-02
-3.0215497536163829e-02
-2.9241008789593133e-02
-2.8315201677051167e-02
-2.7433625771103559e-02
-2.6593277237752448e-02
-2.5792999841660086e-02
-2.5029369083533492e-02
-2.4299625463880193e-02
-2.3603169666605209e-02
-2.2937332424273219e-02
-2.2299604821605198e-02
-2.1689762299870088e-02
-2.1105693454490038e-02
-2.0545142647387923e-02
-2.0008130522201632e-02
-1.9492958083966814e-02
-1.8997622045511468e-02
-1.8522295926117684e-02
-1.8065585118446872e-02
-1.7625734778854825e-02
-1.7203005183820765e-02
-1.6796225262520663e-02
-1.6403882241641250e-02
-1.6026276005297563e-02
-1.5662398195459656e-02
-1.5310970010167858e-02
-1.4972297321286691e-02
-1.4645488481160226e-02
-1.4329489290967196e-02
-1.4024587942371748e-02
-1.4079089888066852e-02
-1.4424130205566252e-02
-1.4782051968760264e-02
-1.5153097737603689e-02
-1.5537594488612748e-02
-1.5936909854895289e-02
-1.6351311409651997e-02
-1.6781387671917933e-02
-1.7228600634378512e-02
-1.7693245338922962e-02
-1.8176247387450665e-02
-1.8679178160273768e-02
-1.9202366560632116e-02
-1.9747167331320637e-02
-2.0315283367883203e-02
-2.0907089688913413e-02
-2.1524484046617047e-02
-2.2169332598616153e-02
-2.2842077168410860e-02
-2.3545301049204135e-02
-2.4281079337448816e-02
-2.5049953896770189e-02
-2.5855374335008008e-02
-2.6699498833626011e-02
-2.7583595913575037e-02
-2.8511639202766930e-02
-2.9486066565672923e-02
-3.0509222245486238e-02
-3.1585638107381256e-02
-3.2718189820644498e-02
-3.3910628149466278e-02
-3.5168237155316015e-02
-3.6494515412243564e-02
-3.7895068084790817e-02
-3.9376214153331854e-02
-4.0942352801078823e-02
-4.2601562187746668e-02
-4.4361483850202797e-02
-4.6228232359921267e-02
-4.8212838293169982e-02
-5.0324587638944977e-02
-5.2573281851396828e-02
-5.4972842180843293e-02
-5.7535439991167822e-02
-6.0276100287507045e-02
-6.3212986629765294e-02
-6.6362628513344360e-02
-6.9747610313878800e-02
-7.3392393956009550e-02
-7.7320555229834095e-02
-8.1565609146703633e-02
-8.6160984942141403e-02
-9.1144221786283564e-02
-9.6562821347067174e-02
-1.0246576401596172e-01
-1.0891274392163069e-01
-1.1597413130838481e-01
-1.2372494735925028e-01
-1.3226144927062691e-01
-1.4169194037927574e-01
-1.5214043189799933e-01
-1.6376308376815105e-01
-1.7673701619285664e-01
-1.9127814762028200e-01
-2.0765109386528677e-01
-2.2615205875312061e-01
-2.4717932579812213e-01
-2.7121553323993008e-01
-2.9884973761763117e-01
-3.3084078836589742e-01
-3.6813690694639684e-01
-4.1196704863651673e-01
-4.6394129075763590e-01
-5.2616502477395921e-01
-6.0150275415541976e-01
-6.9385331943885198e-01
-8.0864941677823921e-01
-9.5356556522701041e-01
-1.1397160798005492e+00
-1.3842377341393290e+00
-1.7133884414150575e+00
-2.1683397903918702e+00
-2.8166097409709052e+00
-3.7694615601945447e+00
-5.1953046525994875e+00
-7.2400737337300143e+00
-9.4186659492567149e+00
-1.0006734036402571e+01
-9.3872262632067116e+00
-8.5965597811386480e+00
-6.7261725989126058e+00
-4.4933030163103904e+00
-2.9745337481397591e+00
-2.0569362825054576e+00
-1.4906593707698697e+00
-1.1241638493278587e+00
-8.7598629396410854e-01
-7.0104817499944982e-01
-5.7342234835300099e-01
-4.8701820521442934e-01
-5.8467917514811785e-01
-7.1380457826894050e-01
-8.8902183807700863e-01
-1.1338732408151733e+00
-1.4883441821273622e+00
-2.0210990156028537e+00
-2.8487313773758087e+00
-4.1262456221253778e+00
-5.7541813887111610e+00
-6.6025918506992252e+00
0.0000000000000000e+00
2.4055929233035767e-01
0.0000000000000000e+00
0.0000000000000000e+00
];
