%Vec Object:sol 1 MPI processes
%  type: mpi
sol = [
0.0000000000000000e+00
-1.5724919828688353e+01
-1.2557881789655321e+01
-8.5687396861735134e+00
-5.6458633878852691e+00
-3.8556672441564790e+00
-2.7593068779714844e+00
-2.0568978499807336e+00
-1.5865099032095398e+00
-1.2585209250278475e+00
-1.0215954923127613e+00
-8.4483913523743281e-01
-7.0997880271801839e-01
-6.0489336311821729e-01
-5.2142196490769421e-01
-4.5405110971781248e-01
-3.9894858017419393e-01
-3.5330667783668956e-01
-3.1504691409219243e-01
-2.8270580082537405e-01
-2.5512779542392178e-01
-2.3138419699827595e-01
-2.1082708036987879e-01
-1.9291615460306130e-01
-1.7719759774557581e-01
-1.6333371128602406e-01
-1.5105276970528139e-01
-1.4011022565936665e-01
-1.3031729830300090e-01
-1.2153154656710467e-01
-1.1361826252315758e-01
-1.0645169090964600e-01
-9.9954654457314593e-02
-9.4046681770298887e-02
-8.8647071216708992e-02
-8.3707772631270258e-02
-7.9179788866003881e-02
-7.5011833236726624e-02
-7.1169241843446765e-02
-6.7622541525156357e-02
-6.4338360828044769e-02
-6.1290123438350858e-02
-5.8460193390369418e-02
-5.5826494096750647e-02
-5.3367679491263392e-02
-5.1073465900202439e-02
-4.8929096632754389e-02
-4.6916835561455164e-02
-4.5031042156438182e-02
-4.3261436291024830e-02
-4.1594041081070440e-02
-4.0025059892942777e-02
-3.8547296241383727e-02
-3.7150473421527441e-02
-3.5831020967249841e-02
-3.4584193112716981e-02
-3.3402342678668200e-02
-3.2282102341109446e-02
-3.1220410659913159e-02
-3.0211513183090528e-02
-2.9252249072523905e-02
-2.8340718138178927e-02
-2.7472541818321802e-02
-2.6644777623617975e-02
-2.5856324839043654e-02
-2.5103812913331330e-02
-2.4384529661069163e-02
-2.3697920447194251e-02
-2.3041357051461504e-02
-2.2412366506288233e-02
-2.1810761355542000e-02
-2.1234461790131585e-02
-2.0681238974197790e-02
-2.0151145245121106e-02
-1.9642506137379969e-02
-1.9153337906631152e-02
-1.8683841782640050e-02
-1.8232642270861396e-02
-1.7797998426391085e-02
-1.7380195184485307e-02
-1.6978076310988049e-02
-1.6590138685568023e-02
-1.6216704388039641e-02
-1.5856776403552739e-02
-1.5509082550133725e-02
-1.5173948794316395e-02
-1.4850491870760346e-02
-1.4537662226127531e-02
-1.4235766249499153e-02
-1.4298549414538151e-02
-1.4656610554039266e-02
-1.5028135484668097e-02
-1.5413392770056773e-02
-1.5812736947597338e-02
-1.6227579430209915e-02
-1.6658218040817192e-02
-1.7105276951036506e-02
-1.7570269582308774e-02
-1.8053526284838081e-02
-1.8556019214535344e-02
-1.9079380219774733e-02
-1.9623979598466911e-02
-2.0191233261706614e-02
-2.0782915391605924e-02
-2.1399449910545810e-02
-2.2042815110518848e-02
-2.2714961638453181e-02
-2.3416389689693291e-02
-2.4149788682645983e-02
-2.4917334602215804e-02
-2.5719639864840271e-02
-2.6560293975360427e-02
-2.7441572211899593e-02
-2.8364843349781187e-02
-2.9334251864476728e-02
-3.0352376674604466e-02
-3.1421706072532786e-02
-3.2546979693625876e-02
-3.3731246878277568e-02
-3.4978462423507287e-02
-3.6294166667137411e-02
-3.7682075769990782e-02
-3.9148081559788987e-02
-4.0698824290556344e-02
-4.2338981311860570e-02
-4.4077031729530126e-02
-4.5921023523500505e-02
-4.7877447112581767e-02
-4.9957881358477424e-02
-5.2172129436037398e-02
-5.4530548395125000e-02
-5.7047777087257730e-02
-5.9736677259359175e-02
-6.2613090947598649e-02
-6.5696144940285042e-02
-6.9003315780161001e-02
-7.2558392133717467e-02
-7.6387161919776000e-02
-8.0514550546186198e-02
-8.4975851847924944e-02
-8.9806348195537830e-02
-9.5045667304713741e-02
-1.0074387648948026e-01
-1.0695268939811561e-01
-1.1373507446467027e-01
-1.2116524646162385e-01
-1.2932242173533917e-01
-1.3830810430470000e-01
-1.4823656706135732e-01
-1.5923869929558335e-01
-1.7147557894992130e-01
-1.8512807707150783e-01
-2.0043037966508667e-01
-2.1766077583687249e-01
-2.3714542696370314e-01
-2.5929821979963941e-01
-2.8462347346172900e-01
-3.1374216684588502e-01
-3.4745401835540041e-01
-3.8675831892265844e-01
-4.3294992612417144e-01
-4.8772490406089813e-01
-5.5330078193541021e-01
-6.3269373270292162e-01
-7.3000813318097046e-01
-8.5090772844225138e-01
-1.0033348523082561e+00
-1.1993148563490847e+00
-1.4566803769753121e+00
-1.8030162351556474e+00
-2.2808328580294930e+00
-2.9621624410976914e+00
-3.9620772789009955e+00
-5.4582769164983223e+00
-7.6070888158710144e+00
-9.9043625191392408e+00
-1.0517832885143292e+01
-9.8377383895633681e+00
-8.9799918197464397e+00
-6.9824134084680862e+00
-4.6387909756912391e+00
-3.0613521945490914e+00
-2.1136415000770845e+00
-1.5301769294735610e+00
-1.1534725107050268e+00
-8.9847300787241735e-01
-7.1886876126186172e-01
-5.8797643006255984e-01
-4.9937338953744320e-01
-5.9959358825743003e-01
-7.3211992678233562e-01
-9.1198694855401963e-01
-1.1635929322602188e+00
-1.5278161910954304e+00
-2.0760349607338715e+00
-2.9292536950667381e+00
-4.2521772617748281e+00
-5.9552151300709770e+00
-6.8563347013741351e+00
0.0000000000000000e+00
2.4055929233035767e-01
0.0000000000000000e+00
0.0000000000000000e+00
];
