%Vec Object:sol 1 MPI processes
%  type: mpi
sol = [
0.0000000000000000e+00
-1.9504326397477900e+01
-1.4829110147701147e+01
-9.6047346193503120e+00
-6.1463905620324075e+00
-4.1326041661057715e+00
-2.9305917802754915e+00
-2.1721637258236939e+00
-1.6690722910287767e+00
-1.3198706976511709e+00
-1.0685593432546174e+00
-8.8205387397992097e-01
-7.4011991693829737e-01
-6.2972369401000017e-01
-5.4216460817165268e-01
-4.7158319320142844e-01
-4.1389408470539840e-01
-3.6612374548434351e-01
-3.2612203245772547e-01
-2.9234033292619671e-01
-2.6355857727078191e-01
-2.3879829826348045e-01
-2.1737661020934829e-01
-1.9872511859403638e-01
-1.8236725432458706e-01
-1.6794833157394345e-01
-1.5518487618759588e-01
-1.4382533308339693e-01
-1.3366391381291026e-01
-1.2455153947944532e-01
-1.1634755854202247e-01
-1.0892092518634609e-01
-1.0219085939352131e-01
-9.6073419533050833e-02
-9.0484661426831800e-02
-8.5374330392881212e-02
-8.0691334709496673e-02
-7.6382379267737679e-02
-7.2411308944138511e-02
-6.8747364370460473e-02
-6.5355889516754639e-02
-6.2209254930793947e-02
-5.9289012970707072e-02
-5.6572242896667853e-02
-5.4036830900321055e-02
-5.1671968154360072e-02
-4.9462329207086687e-02
-4.7389607056206699e-02
-4.5447812127797922e-02
-4.3626266840067041e-02
-4.1910580018966519e-02
-4.0296700994544993e-02
-3.8777150611924112e-02
-3.7341358827677827e-02
-3.5985554955109175e-02
-3.4704791328978447e-02
-3.3491209774835606e-02
-3.2341284914226762e-02
-3.1251807164814932e-02
-3.0216867978437784e-02
-2.9233182207383194e-02
-2.8298737662821979e-02
-2.7409041592483484e-02
-2.6561054417889297e-02
-2.5753588044780552e-02
-2.4983186155022159e-02
-2.4247061475778438e-02
-2.3544588990707230e-02
-2.2873075187627351e-02
-2.2229989925642155e-02
-2.1615087226263308e-02
-2.1026236995054751e-02
-2.0461167698650251e-02
-1.9919881593912163e-02
-1.9400665153412593e-02
-1.8901503466124018e-02
-1.8422553885098020e-02
-1.7962410460990952e-02
-1.7519310074779238e-02
-1.7093498529078849e-02
-1.6683795935277294e-02
-1.6288683780482816e-02
-1.5908448839971084e-02
-1.5542076006540737e-02
-1.5188282559418844e-02
-1.4847362431399782e-02
-1.4518418987033422e-02
-1.4200395299094068e-02
-1.3893568684374668e-02
-1.3942868914400077e-02
-1.4279760490463906e-02
-1.4629165786592119e-02
-1.4991310684845955e-02
-1.5366504657822952e-02
-1.5756087949409515e-02
-1.6160309046745615e-02
-1.6579745272857466e-02
-1.7015750953726705e-02
-1.7468614671668232e-02
-1.7939257183353784e-02
-1.8429224755077755e-02
-1.8938819057308692e-02
-1.9469355317671858e-02
-2.0022490500959670e-02
-2.0598567379699721e-02
-2.1199431751967909e-02
-2.1826895163764952e-02
-2.2481360867671104e-02
-2.3165343745731634e-02
-2.3880853482535529e-02
-2.4628385233414346e-02
-2.5411298431400532e-02
-2.6231675002355879e-02
-2.7090717501671618e-02
-2.7992289120590402e-02
-2.8938735576006056e-02
-2.9932306775567838e-02
-3.0977399847424879e-02
-3.2076776700801002e-02
-3.3234054829218200e-02
-3.4454351587153362e-02
-3.5741022670960292e-02
-3.7099486222737461e-02
-3.8535851617890096e-02
-4.0054334972602822e-02
-4.1662752912270201e-02
-4.3368480973698068e-02
-4.5177386175948644e-02
-4.7100141030634805e-02
-4.9145691872859679e-02
-5.1323474759662355e-02
-5.3646940872822568e-02
-5.6127807007000034e-02
-5.8780560942733720e-02
-6.1622733383031099e-02
-6.4670228696189463e-02
-6.7944838814681899e-02
-7.1470151789853942e-02
-7.5268850597209877e-02
-7.9373277808366671e-02
-8.3815637077012992e-02
-8.8632084774800099e-02
-9.3868425840110029e-02
-9.9571827417212683e-02
-1.0579981202300991e-01
-1.1262019828296564e-01
-1.2010521511561746e-01
-1.2834763075325911e-01
-1.3745177053873853e-01
-1.4753705362755601e-01
-1.5875394235311294e-01
-1.7127300562766931e-01
-1.8530220583602661e-01
-2.0109643165804938e-01
-2.1895430761409482e-01
-2.3925508657553327e-01
-2.6246091170348063e-01
-2.8914092668543573e-01
-3.2002856582839767e-01
-3.5604045749816071e-01
-3.9836497654409075e-01
-4.4851236062883632e-01
-5.0852010882269261e-01
-5.8116893267960923e-01
-6.7021697215233456e-01
-7.8090089353499970e-01
-9.2072692212942009e-01
-1.1006246678698706e+00
-1.3368262159661493e+00
-1.6543795132197323e+00
-2.0938999183789573e+00
-2.7205382127939304e+00
-3.6418712287505386e+00
-5.0199156412834709e+00
-6.9951947661082761e+00
-9.0927370461571613e+00
-9.6607777166667432e+00
-9.0795958190713915e+00
-8.3342557218294360e+00
-6.5484723491477892e+00
-4.3921517068162004e+00
-2.9139739265567930e+00
-2.0173104466981018e+00
-1.4628149923793732e+00
-1.1036375500590545e+00
-8.6022312008202373e-01
-6.8847284226093197e-01
-5.6318158000068530e-01
-4.7834262863597060e-01
-5.7419996245928495e-01
-7.0092694774608044e-01
-8.7276871833270664e-01
-1.1129504283383838e+00
-1.4605274069144556e+00
-1.9823490351838133e+00
-2.7918131801229666e+00
-4.0372452095014131e+00
-5.6122551189492302e+00
-6.4241793356634318e+00
0.0000000000000000e+00
2.4055929233035767e-01
0.0000000000000000e+00
0.0000000000000000e+00
];
