%Vec Object:sol 1 MPI processes
%  type: mpi
sol = [
0.0000000000000000e+00
-1.4857840365827473e+01
-1.2005548094130882e+01
-8.2976981558279821e+00
-5.5110829991969847e+00
-3.7809545670667331e+00
-2.7115784282691999e+00
-2.0256898311137044e+00
-1.5638657212977209e+00
-1.2413882020900624e+00
-1.0082208199233766e+00
-8.3442056995444835e-01
-7.0170647498475169e-01
-5.9815376873087645e-01
-5.1576780707341441e-01
-4.4925418491961766e-01
-3.9483951000012407e-01
-3.4975766383021034e-01
-3.1196002424045016e-01
-2.8000392391779672e-01
-2.5274980366426231e-01
-2.2928143588268340e-01
-2.0895969241857995e-01
-1.9125142870959277e-01
-1.7570866181125844e-01
-1.6199807274864225e-01
-1.4985312582154189e-01
-1.3903672755707189e-01
-1.2935476053666392e-01
-1.2066690248871999e-01
-1.1284035606104349e-01
-1.0575103791019383e-01
-9.9322943064945837e-02
-9.3476699268253360e-02
-8.8132610684330828e-02
-8.3243332940387230e-02
-7.8760525556051258e-02
-7.4633517810579267e-02
-7.0828111982701919e-02
-6.7315236322388380e-02
-6.4061909864846001e-02
-6.1041878039525932e-02
-5.8237757880286282e-02
-5.5627727699014216e-02
-5.3190670963764695e-02
-5.0916467892439747e-02
-4.8790532775482967e-02
-4.6795296630350904e-02
-4.4925228465726524e-02
-4.3170166905623787e-02
-4.1516254731796258e-02
-3.9959774430243240e-02
-3.8493613621932127e-02
-3.7107579823785507e-02
-3.5798163581386780e-02
-3.4560536160218217e-02
-3.3386947658482040e-02
-3.2274428152849498e-02
-3.1219956601065975e-02
-3.0217818420754702e-02
-2.9264885751910240e-02
-2.8359288596865317e-02
-2.7496677967574767e-02
-2.6674136937662424e-02
-2.5890588533894286e-02
-2.5142684438618071e-02
-2.4427732073165391e-02
-2.3745196063518215e-02
-2.3092465129217435e-02
-2.2467081092558905e-02
-2.1868872607585854e-02
-2.1295772917674441e-02
-2.0745564113108156e-02
-2.0218312375040959e-02
-1.9712353375421581e-02
-1.9225711243040577e-02
-1.8758599365495156e-02
-1.8309650142090794e-02
-1.7877128142605014e-02
-1.7461329152935971e-02
-1.7061103052596421e-02
-1.6674950478405458e-02
-1.6303203292191849e-02
-1.5944869129852716e-02
-1.5598678329458349e-02
-1.5264965717167499e-02
-1.4942851430767711e-02
-1.4631287653200780e-02
-1.4330588792528975e-02
-1.4396938699037781e-02
-1.4760684381226439e-02
-1.5138143882866958e-02
-1.5529596665365944e-02
-1.5935408834584650e-02
-1.6357010656824034e-02
-1.6794712595182518e-02
-1.7249153854465456e-02
-1.7721869910509939e-02
-1.8213205820729189e-02
-1.8724153437787706e-02
-1.9256370433298656e-02
-1.9810244290056452e-02
-2.0387216858281640e-02
-2.0989092637740306e-02
-2.1616315784079430e-02
-2.2270898786444993e-02
-2.2954828076611363e-02
-2.3668627919153556e-02
-2.4415032811498420e-02
-2.5196261293795583e-02
-2.6012954779917281e-02
-2.6868762180143991e-02
-2.7766007873526295e-02
-2.8706102123735505e-02
-2.9693261674997005e-02
-3.0730124320900845e-02
-3.1819238274172747e-02
-3.2965430662056455e-02
-3.4171823009403988e-02
-3.5442455202477227e-02
-3.6782975008389410e-02
-3.8197188651261996e-02
-3.9691107603905859e-02
-4.1271506180340263e-02
-4.2943176400885033e-02
-4.4714764632809899e-02
-4.6594487599043354e-02
-4.8588990308581811e-02
-5.0710079804072723e-02
-5.2967772726188703e-02
-5.5372654882119197e-02
-5.7939662217559737e-02
-6.0681940042320720e-02
-6.3615666524934417e-02
-6.6760365081322062e-02
-7.0133899272613334e-02
-7.3760552124050818e-02
-7.7666654377976319e-02
-8.1877680255807495e-02
-8.6429651068335375e-02
-9.1358602474393022e-02
-9.6705009178862447e-02
-1.0251998057288655e-01
-1.0885633392570399e-01
-1.1577835953499592e-01
-1.2336182207389705e-01
-1.3168761900004225e-01
-1.4085935965835883e-01
-1.5099370151046296e-01
-1.6222426985469793e-01
-1.7471915265308038e-01
-1.8866912781961062e-01
-2.0430666880169482e-01
-2.2191658797149180e-01
-2.4183278735570782e-01
-2.6447892595190609e-01
-2.9037131710753766e-01
-3.2014580497897810e-01
-3.5462125010907830e-01
-3.9476327530402905e-01
-4.4193450877822432e-01
-4.9786490317577231e-01
-5.6481512754149699e-01
-6.4585915756314338e-01
-7.4517872150001951e-01
-8.6859713118887250e-01
-1.0244557178682694e+00
-1.2247517973779551e+00
-1.4872557757968292e+00
-1.8403442280748368e+00
-2.3286794929742913e+00
-3.0228257671249699e+00
-4.0430833937619370e+00
-5.5686278052078588e+00
-7.7586217580885881e+00
-1.0104586953708178e+01
-1.0728026340013519e+01
-1.0022055563957732e+01
-9.1365665543964756e+00
-7.0861804442576668e+00
-4.6973960732460718e+00
-3.0962269470196935e+00
-2.1363655394812366e+00
-1.5460058993492403e+00
-1.1651943061020069e+00
-9.0746651909074771e-01
-7.2599110022461044e-01
-5.9376439985821372e-01
-5.0429516098960603e-01
-6.0554592810233421e-01
-7.3942509671986156e-01
-9.2114051578210765e-01
-1.1754111557929505e+00
-1.5435274683389071e+00
-2.0978838018531385e+00
-2.9611388013790241e+00
-4.3021774987135970e+00
-6.0350285964417978e+00
-6.9574779771686206e+00
0.0000000000000000e+00
2.4055929233035767e-01
0.0000000000000000e+00
0.0000000000000000e+00
];
