%Vec Object:sol 1 MPI processes
%  type: mpi
sol = [
0.0000000000000000e+00
-1.6850393720256228e+01
-1.3256740799147005e+01
-8.9028524186904257e+00
-5.8094513669567771e+00
-3.9466450370380683e+00
-2.8150705898301611e+00
-2.0948405759691555e+00
-1.6140849797766659e+00
-1.2787395759573585e+00
-1.0369041248272264e+00
-8.5703814491771657e-01
-7.1992560677582729e-01
-6.1313578890675224e-01
-5.2834344352399076e-01
-4.5992877364420331e-01
-4.0395890209291091e-01
-3.5758495684658509e-01
-3.1872869770084011e-01
-2.8589625693637699e-01
-2.5790922804543653e-01
-2.3382140245634314e-01
-2.1297251938474426e-01
-1.9481244443145629e-01
-1.7887944285740009e-01
-1.6482989985997251e-01
-1.5238911737403407e-01
-1.4131305172839828e-01
-1.3140197794877201e-01
-1.2251135197364621e-01
-1.1450460379160085e-01
-1.0725431621702461e-01
-1.0068217895210703e-01
-9.4706626434487573e-02
-8.9245932649548596e-02
-8.4251349733964975e-02
-7.9673216516749870e-02
-7.5459608861429009e-02
-7.1575388608735968e-02
-6.7990672806567912e-02
-6.4671680636965781e-02
-6.1591499676862088e-02
-5.8732234113728687e-02
-5.6071537367261309e-02
-5.3587817749870550e-02
-5.1270622660674454e-02
-4.9105012877690479e-02
-4.7073069349453246e-02
-4.5169038715457216e-02
-4.3382512917090929e-02
-4.1699382106493987e-02
-4.0115767274857571e-02
-3.8624380694619508e-02
-3.7214851313857204e-02
-3.5883543700640820e-02
-3.4625646708715069e-02
-3.3433445156168959e-02
-3.2303520420620326e-02
-3.1232762940812942e-02
-3.0215368501268807e-02
-2.9248135913288960e-02
-2.8329128514230185e-02
-2.7453930772390753e-02
-2.6619568692245271e-02
-2.5824913026881387e-02
-2.5066565423323688e-02
-2.4341789316289990e-02
-2.3650007048374336e-02
-2.2988569197760617e-02
-2.2354984226233308e-02
-2.1749045514034050e-02
-2.1168656896760136e-02
-2.0611575659370548e-02
-2.0077837734525178e-02
-1.9565755932278363e-02
-1.9073336364089529e-02
-1.8600765890844802e-02
-1.8146659082927740e-02
-1.7709267762198593e-02
-1.7288864058350711e-02
-1.6884284008882644e-02
-1.6494019454407070e-02
-1.6118380934319398e-02
-1.5756365511968556e-02
-1.5406697536531844e-02
-1.5069692516316171e-02
-1.4744462798198688e-02
-1.4429956383959018e-02
-1.4126470184325741e-02
-1.4184933824554258e-02
-1.4536222381065809e-02
-1.4900673704125329e-02
-1.5278543012133480e-02
-1.5670170707918027e-02
-1.6076945662881748e-02
-1.6499150201017783e-02
-1.6937390213771889e-02
-1.7393152670489850e-02
-1.7866749863636355e-02
-1.8359130083122500e-02
-1.8871894114069428e-02
-1.9405391126929988e-02
-1.9961005685883524e-02
-2.0540475403182368e-02
-2.1144199277528534e-02
-2.1774114160789775e-02
-2.2432127328171032e-02
-2.3118710580863969e-02
-2.3836509506536787e-02
-2.4587644115204629e-02
-2.5372537371095516e-02
-2.6194745649870690e-02
-2.7056535990737395e-02
-2.7959254093646548e-02
-2.8906954229217439e-02
-2.9902140412169868e-02
-3.0947224322952504e-02
-3.2046835646262373e-02
-3.3203931292006370e-02
-3.4422357604946538e-02
-3.5707518981404236e-02
-3.7063015510693673e-02
-3.8494586623131280e-02
-4.0008701729987974e-02
-4.1609889435704532e-02
-4.3306415540251747e-02
-4.5106111283073097e-02
-4.7015265762089420e-02
-4.9045165678259471e-02
-5.1205337497410658e-02
-5.3505840597257756e-02
-5.5960930291005954e-02
-5.8583097840538861e-02
-6.1387747072253737e-02
-6.4393488273394556e-02
-6.7617288120774055e-02
-7.1082288222961754e-02
-7.4813562887585186e-02
-7.8835308536487098e-02
-8.3181860754593398e-02
-8.7887500214985648e-02
-9.2990723965887992e-02
-9.8540211177489956e-02
-1.0458619154304893e-01
-1.1118985517488977e-01
-1.1842332654864231e-01
-1.2636353291097738e-01
-1.3510911661805430e-01
-1.4477108551876355e-01
-1.5547655683570180e-01
-1.6738554211740095e-01
-1.8067955955779758e-01
-1.9557985012922866e-01
-2.1235751161629149e-01
-2.3133027678355775e-01
-2.5290144732202718e-01
-2.7756249980353248e-01
-3.0591869103520192e-01
-3.3874968967711866e-01
-3.7702990692853394e-01
-4.2202228615054593e-01
-4.7536427075240922e-01
-5.3914922266763809e-01
-6.1636490835571223e-01
-7.1099937505845279e-01
-8.2860752468677867e-01
-9.7714831503234612e-01
-1.1682058366338350e+00
-1.4189979764162719e+00
-1.7559210068821753e+00
-2.2220255633185584e+00
-2.8861159623668797e+00
-3.8620925078646762e+00
-5.3215723351464854e+00
-7.4161750068329200e+00
-9.6526155245676684e+00
-1.0251823859574849e+01
-9.6050398204226060e+00
-8.7814202105015440e+00
-6.8501002997069884e+00
-4.5638095532949734e+00
-3.0166534487064514e+00
-2.0844637380715625e+00
-1.5098531270133830e+00
-1.1384033981594617e+00
-8.8691511078129814e-01
-7.0971171709647529e-01
-5.8051792206232689e-01
-4.9302703332434433e-01
-5.9193440237808348e-01
-7.2271650047830849e-01
-9.0019935955478247e-01
-1.1483414853031790e+00
-1.5075668647311264e+00
-2.0478611609633468e+00
-2.8880125698227594e+00
-4.1876341350544024e+00
-5.8521974352386792e+00
-6.7261055278838260e+00
0.0000000000000000e+00
2.4055929233035767e-01
0.0000000000000000e+00
0.0000000000000000e+00
];
