%Vec Object:sol 1 MPI processes
%  type: mpi
sol = [
0.0000000000000000e+00
-3.8871281627870779e+01
-2.5857319260620407e+01
-1.4805346600305349e+01
-8.8504523924918423e+00
-5.7364701824282793e+00
-3.9793781713482059e+00
-2.9072791500067159e+00
-2.2112541350925405e+00
-1.7351465419818639e+00
-1.3967133552655060e+00
-1.1476513929514112e+00
-9.5921401561338582e-01
-8.1324973930864086e-01
-6.9803120184941669e-01
-6.0552305179141563e-01
-5.3019623228219559e-01
-4.6804242629773180e-01
-4.1611931226221910e-01
-3.7235984601440936e-01
-3.3514532244082773e-01
-3.0318503224380067e-01
-2.7557577346820894e-01
-2.5156982787141263e-01
-2.3053453426276996e-01
-2.1200605124924257e-01
-1.9562473895915822e-01
-1.8106215070671741e-01
-1.6805002774748326e-01
-1.5639295740078646e-01
-1.4590798277640327e-01
-1.3642573720305087e-01
-1.2784024634576011e-01
-1.2004267142992392e-01
-1.1292510421145202e-01
-1.0642183804508450e-01
-1.0046671125337041e-01
-9.4991387819180095e-02
-8.9949004240678088e-02
-8.5299649099453811e-02
-8.0998954889517402e-02
-7.7011432506860156e-02
-7.3313021778466034e-02
-6.9874395217797272e-02
-6.6667399475821204e-02
-6.3677790148531130e-02
-6.0885945906479569e-02
-5.8268754148589952e-02
-5.5818155345304113e-02
-5.3520477925194876e-02
-5.1357644227070370e-02
-4.9324164156537113e-02
-4.7410450824721229e-02
-4.5603248913618895e-02
-4.3897561691888964e-02
-4.2287007791955655e-02
-4.0761746253049291e-02
-3.9317190259885455e-02
-3.7949156902125913e-02
-3.6650254896468545e-02
-3.5416272493358887e-02
-3.4244540697931494e-02
-3.3129444292756480e-02
-3.2067132288965877e-02
-3.1055978206382635e-02
-3.0091665501918122e-02
-2.9170696678206855e-02
-2.8292158962374799e-02
-2.7452690917668322e-02
-2.6649142950467466e-02
-2.5881084530260220e-02
-2.5145859605951199e-02
-2.4440659374954571e-02
-2.3765371413177413e-02
-2.3117861601194924e-02
-2.2495652462241486e-02
-2.1898833050871876e-02
-2.1325655366529726e-02
-2.0773961710038393e-02
-2.0243959358082163e-02
-1.9734185108703416e-02
-1.9242787681416986e-02
-1.8770033397439993e-02
-1.8314667885560576e-02
-1.7875131758424548e-02
-1.7451708343285691e-02
-1.7043294846013666e-02
-1.6648608448972761e-02
-1.6267920011543056e-02
-1.6304568251127950e-02
-1.6676886368979481e-02
-1.7062688198692635e-02
-1.7462176917102910e-02
-1.7875651254907622e-02
-1.8304594370831633e-02
-1.8749224921909433e-02
-1.9210125831470196e-02
-1.9688866671256303e-02
-2.0185681743666150e-02
-2.0701518521964134e-02
-2.1238046050134237e-02
-2.1795518385725104e-02
-2.2375344411672712e-02
-2.2979312833803455e-02
-2.3607707189354770e-02
-2.4262516954931083e-02
-2.4945680035729233e-02
-2.5657527404641861e-02
-2.6400777308904784e-02
-2.7177560137071774e-02
-2.7988284554401284e-02
-2.8836584358823181e-02
-2.9724633035040127e-02
-3.0653602906346455e-02
-3.1627644750772184e-02
-3.2649182503330786e-02
-3.3720518809511539e-02
-3.4846341056104582e-02
-3.6029481786628417e-02
-3.7273711144722867e-02
-3.8584443422083323e-02
-3.9965100745558174e-02
-4.1421374309092068e-02
-4.2959683895753345e-02
-4.4584313466849518e-02
-4.6303499902788474e-02
-4.8124939602776494e-02
-5.0054618186610451e-02
-5.2103771013273598e-02
-5.4281663604516410e-02
-5.6598041061058868e-02
-5.9066983290486867e-02
-6.1700581107312823e-02
-6.4513877036283529e-02
-6.7525132369926619e-02
-7.0750724971651163e-02
-7.4212732054073818e-02
-7.7934530040477110e-02
-8.1940780181280620e-02
-8.6265061032901935e-02
-9.0940568767090196e-02
-9.6004538489662339e-02
-1.0150433859361442e-01
-1.0748847261158197e-01
-1.1401622933069910e-01
-1.2115751546637576e-01
-1.2898646788875062e-01
-1.3759864870042754e-01
-1.4710126760799205e-01
-1.5761684989371913e-01
-1.6930004837622689e-01
-1.8232574376822108e-01
-1.9690718732450330e-01
-2.1330571675540985e-01
-2.3182695368835843e-01
-2.5285928707206634e-01
-2.7687547302304094e-01
-3.0445718702145297e-01
-3.3635407053429750e-01
-3.7350192994271586e-01
-4.1711352751407882e-01
-4.6877739381467870e-01
-5.3056954134774381e-01
-6.0524604372364077e-01
-6.9661435971870556e-01
-8.1005200253649201e-01
-9.5319192092407057e-01
-1.1371407375652380e+00
-1.3786194278990409e+00
-1.7027996812753989e+00
-2.1507527338277104e+00
-2.7893828759002308e+00
-3.7266814546074292e+00
-5.1287352272374065e+00
-7.1395686922592967e+00
-9.2739616798916575e+00
-9.8314572845730641e+00
-9.2051929185901091e+00
-8.4197037645643693e+00
-6.5893411933359705e+00
-4.4064326518521861e+00
-2.9182027448429038e+00
-2.0177097754704825e+00
-1.4616220674315059e+00
-1.1018197286924312e+00
-8.5813500061653580e-01
-6.8626342487128333e-01
-5.6097725000731768e-01
-4.7614097317724419e-01
-5.7115521304997929e-01
-6.9671638268815550e-01
-8.6687736237073509e-01
-1.1046599389710718e+00
-1.4485740084210919e+00
-1.9644823005583181e+00
-2.7638505224294465e+00
-3.9910556719970289e+00
-5.5353770844237182e+00
-6.3251906665236701e+00
0.0000000000000000e+00
1.3464638167935297e-01
0.0000000000000000e+00
0.0000000000000000e+00
];
