%Vec Object:sol 1 MPI processes
%  type: mpi
sol = [
0.0000000000000000e+00
-1.7279042715492622e+01
-1.3517733319426569e+01
-9.0222989934990494e+00
-5.8673405389323596e+00
-3.9798166869202181e+00
-2.8351781225563917e+00
-2.1086738234200610e+00
-1.6236349011625502e+00
-1.2858842078264221e+00
-1.0424826835383760e+00
-8.6150156738424244e-01
-7.2356788396605298e-01
-6.1615635098675903e-01
-5.3083471334841426e-01
-4.6195663896181405e-01
-4.0565858264810506e-01
-3.5905333724775523e-01
-3.2000613738651151e-01
-2.8701455590646269e-01
-2.5889360279745183e-01
-2.3469192132186734e-01
-2.1374563504961325e-01
-1.9550166487991408e-01
-1.7949586417715038e-01
-1.6538281398797683e-01
-1.5288637955283921e-01
-1.4176127817151221e-01
-1.3180678058679876e-01
-1.2287759168688822e-01
-1.1483646049089305e-01
-1.0755536059661275e-01
-1.0095556897805408e-01
-9.4955119774684016e-02
-8.9471910846437838e-02
-8.4456940129212732e-02
-7.9860303439983474e-02
-7.5629842519222862e-02
-7.1730245875404511e-02
-6.8131480885954207e-02
-6.4799616299301255e-02
-6.1707616400400560e-02
-5.8837490710306063e-02
-5.6166793446376199e-02
-5.3673842425674904e-02
-5.1348123743017587e-02
-4.9174631155465325e-02
-4.7135377866959968e-02
-4.5224569798112138e-02
-4.3431751931181865e-02
-4.1742764992912948e-02
-4.0153700280696925e-02
-3.8657236612820375e-02
-3.7242967943157609e-02
-3.5907234917947929e-02
-3.4645201412328797e-02
-3.3449125476625922e-02
-3.2315582884425480e-02
-3.1241454896251519e-02
-3.0220904708563909e-02
-2.9250433940726846e-02
-2.8328353557294586e-02
-2.7450237016001699e-02
-2.6613138676697696e-02
-2.5815916573082628e-02
-2.5055159844507926e-02
-2.4328120968395511e-02
-2.3634212211526246e-02
-2.2970774689083699e-02
-2.2335308542786158e-02
-2.1727598921521395e-02
-2.1145542415081119e-02
-2.0586890083114373e-02
-2.0051670938665788e-02
-1.9538192192109463e-02
-1.9044455378292864e-02
-1.8570641397785446e-02
-1.8115360472301934e-02
-1.7676861123934018e-02
-1.7255410248475156e-02
-1.6849840511771325e-02
-1.6458641416891195e-02
-1.6082118845268292e-02
-1.5719267276386773e-02
-1.5368809416161058e-02
-1.5031056595260779e-02
-1.4705119234326979e-02
-1.4389944155953911e-02
-1.4085824516041609e-02
-1.4142640553848566e-02
-1.4491365486444674e-02
-1.4853136376932649e-02
-1.5228203077134767e-02
-1.5616900299080831e-02
-1.6020608054102249e-02
-1.6439602389378055e-02
-1.6874481840764677e-02
-1.7326722917975008e-02
-1.7796630542646630e-02
-1.8285143404195785e-02
-1.8793849923693179e-02
-1.9323090571954020e-02
-1.9874237291636388e-02
-2.0449013035079823e-02
-2.1047806466883524e-02
-2.1672537984223101e-02
-2.2325097476252290e-02
-2.3005943028628330e-02
-2.3717687762663083e-02
-2.4462435063030669e-02
-2.5240746415108224e-02
-2.6056110724391058e-02
-2.6910718925914866e-02
-2.7805867459818116e-02
-2.8745577861858849e-02
-2.9732327366394813e-02
-3.0768500367166565e-02
-3.1858686870106824e-02
-3.3005810912309717e-02
-3.4213680132880127e-02
-3.5487650148325105e-02
-3.6831279988592425e-02
-3.8250254689957339e-02
-3.9750982719433565e-02
-4.1337940353126795e-02
-4.3019317361392563e-02
-4.4802868174346568e-02
-4.6694811323716875e-02
-4.8706329747278204e-02
-5.0846852604439788e-02
-5.3126334932536878e-02
-5.5558896779826436e-02
-5.8156900015820683e-02
-6.0935595186217009e-02
-6.3913411783491761e-02
-6.7107139714271263e-02
-7.0539695115949402e-02
-7.4235904569908015e-02
-7.8219713626304047e-02
-8.2525125897535259e-02
-8.7186077813731000e-02
-9.2240679201783859e-02
-9.7737133096064258e-02
-1.0372516428776171e-01
-1.1026535822274600e-01
-1.1742913037044903e-01
-1.2529263795537796e-01
-1.3395355953357219e-01
-1.4352181044384163e-01
-1.5412325352571274e-01
-1.6591634470418259e-01
-1.7908082651133578e-01
-1.9383579120183692e-01
-2.1044972007053461e-01
-2.2923727638797961e-01
-2.5059790657622039e-01
-2.7501840556148238e-01
-3.0309829492518803e-01
-3.3560992602126766e-01
-3.7349155424696917e-01
-4.1798320849918258e-01
-4.7073864058645221e-01
-5.3389285029701794e-01
-6.1035008182087580e-01
-7.0406248381318426e-01
-8.2053580785515490e-01
-9.6765992584218552e-01
-1.1569071627975891e+00
-1.4049491479712275e+00
-1.7387415318092734e+00
-2.2006230939186868e+00
-2.8580677227658731e+00
-3.8250355512606458e+00
-5.2714100835204185e+00
-7.3452958644624671e+00
-9.5586132136598749e+00
-1.0153517776878804e+01
-9.5180162022003412e+00
-8.7075111330976949e+00
-6.8006471028289681e+00
-4.5357095676782562e+00
-2.9998785788043976e+00
-2.0735050641537693e+00
-1.5022147715132441e+00
-1.1327378681404199e+00
-8.8256785767734092e-01
-7.0626625433572665e-01
-5.7769640575988346e-01
-4.9063806784632030e-01
-5.8905039431725537e-01
-7.1917458109774890e-01
-8.9575785866881241e-01
-1.1425932754857862e+00
-1.4999314912952708e+00
-2.0372333156040718e+00
-2.8724169140502629e+00
-4.1632661113856244e+00
-5.8132807585255080e+00
-6.6770377665854275e+00
0.0000000000000000e+00
2.4055929233035767e-01
0.0000000000000000e+00
0.0000000000000000e+00
];
