%Vec Object:sol 1 MPI processes
%  type: mpi
sol = [
0.0000000000000000e+00
-3.1105509450827881e+01
-2.0521342581830304e+01
-1.1816888540490174e+01
-7.1374408308150308e+00
-4.6618108324375847e+00
-3.2512027390066054e+00
-2.3849763538440616e+00
-1.8192302215788994e+00
-1.4312063784364906e+00
-1.1539140533747034e+00
-9.4930330018662512e-01
-7.9427765421531515e-01
-6.7412180898398888e-01
-5.7909475986482539e-01
-5.0261606404223214e-01
-4.4025440664778748e-01
-3.8875153705940579e-01
-3.4569104143949148e-01
-3.0937707597436814e-01
-2.7847717731169908e-01
-2.5192552974202131e-01
-2.2897891766724102e-01
-2.0901996414664614e-01
-1.9153208522116019e-01
-1.7613104803270496e-01
-1.6251002852139002e-01
-1.5039728741473554e-01
-1.3957076418678585e-01
-1.2986943814009694e-01
-1.2114174083461855e-01
-1.1324680020836356e-01
-1.0609742037441106e-01
-9.9603323145379563e-02
-9.3674538593527715e-02
-8.8256898842533085e-02
-8.3295519845341795e-02
-7.8733386861282451e-02
-7.4531690903158032e-02
-7.0656275897138562e-02
-6.7070925662561259e-02
-6.3746580347735698e-02
-6.0663337145337559e-02
-5.7796709411094140e-02
-5.5123148437243349e-02
-5.2630922581539188e-02
-5.0303660789745172e-02
-4.8121978092426063e-02
-4.6079285087968755e-02
-4.4164178178280424e-02
-4.2361481761971846e-02
-4.0666709752941836e-02
-3.9071870356366001e-02
-3.7565841169640068e-02
-3.6144502108137813e-02
-3.4802543695902549e-02
-3.3531712824865695e-02
-3.2328204167673978e-02
-3.1188545591675221e-02
-3.0106541931127578e-02
-2.9078685287828532e-02
-2.8102766735314044e-02
-2.7174082492273859e-02
-2.6289417542425433e-02
-2.5447431137641158e-02
-2.4644509477048916e-02
-2.3877728913001790e-02
-2.3146341609877295e-02
-2.2447534907350103e-02
-2.1778674699410777e-02
-2.1139412511878827e-02
-2.0527527022181448e-02
-1.9940669325075919e-02
-1.9378753274127036e-02
-1.8839994873754772e-02
-1.8322323284107812e-02
-1.7825817543634423e-02
-1.7349017089889545e-02
-1.6890119743910584e-02
-1.6449300555986680e-02
-1.6025337531467770e-02
-1.5616685882062114e-02
-1.5223567681369848e-02
-1.4844935969590562e-02
-1.4479490893087065e-02
-1.4127466891488055e-02
-1.3787944241833303e-02
-1.3459854770620802e-02
-1.3143421126895621e-02
-1.3164278930445956e-02
-1.3455858876378613e-02
-1.3757848298640546e-02
-1.4070374745993892e-02
-1.4393643353230529e-02
-1.4728835815681560e-02
-1.5076085239135714e-02
-1.5435823586374237e-02
-1.5809293075540166e-02
-1.6196630960714151e-02
-1.6598559538488454e-02
-1.7016390204518051e-02
-1.7450265895284763e-02
-1.7901275326425211e-02
-1.8370813018659463e-02
-1.8859033165295993e-02
-1.9367484198607350e-02
-1.9897664593080608e-02
-2.0449751343363347e-02
-2.1025868141366311e-02
-2.1627648476226148e-02
-2.2255312811370248e-02
-2.2911705129283370e-02
-2.3598466723216912e-02
-2.4316414590077981e-02
-2.5068778925275825e-02
-2.5857371192400929e-02
-2.6683892815846939e-02
-2.7551966174418557e-02
-2.8463691832987800e-02
-2.9421914961061415e-02
-3.0430791475231742e-02
-3.1492844570883409e-02
-3.2612410609385571e-02
-3.3794386879612351e-02
-3.5041920962952368e-02
-3.6361318072042716e-02
-3.7758411428167368e-02
-3.9237623223518169e-02
-4.0807555768577912e-02
-4.2475180584029118e-02
-4.4247806898183091e-02
-4.6136162049814258e-02
-4.8149316006314780e-02
-5.0298634200580915e-02
-5.2597973494533247e-02
-5.5059594726856856e-02
-5.7700687160169455e-02
-6.0539758520270312e-02
-6.3594286203100620e-02
-6.6889803170318243e-02
-7.0451377976072468e-02
-7.4307114725092160e-02
-7.8492952873214783e-02
-8.3045498380766636e-02
-8.8009636774446467e-02
-9.3438341383793394e-02
-9.9387577161702462e-02
-1.0592981798980985e-01
-1.1314623874963461e-01
-1.2112952982802984e-01
-1.2999701739495195e-01
-1.3988115554841041e-01
-1.5094363980520745e-01
-1.6338281445969721e-01
-1.7743046741249804e-01
-1.9337407365984025e-01
-2.1157376709039757e-01
-2.3247414703959379e-01
-2.5664446382944728e-01
-2.8479537762574819e-01
-3.1784867039623582e-01
-3.5701270540879931e-01
-4.0386739441667469e-01
-4.6056474828256461e-01
-5.3003477718518910e-01
-6.1636250131782122e-01
-7.2540754163896504e-01
-8.6558252042225226e-01
-1.0496604907305280e+00
-1.2975182766758115e+00
-1.6406342793742428e+00
-2.1295335322994817e+00
-2.8477740753266048e+00
-3.9165038637880092e+00
-5.4246343220231559e+00
-6.9645099486620232e+00
-7.3805766407362787e+00
-7.0238643586209442e+00
-6.5504178659067183e+00
-5.3231284294860295e+00
-3.6895679134651238e+00
-2.4942212786530202e+00
-1.7449722325542556e+00
-1.2731888189081775e+00
-9.6458893555060798e-01
-7.5392942367143234e-01
-6.0466290842235526e-01
-4.9543206521358779e-01
-4.2131715927543595e-01
-5.0574129203102680e-01
-6.1724754353664801e-01
-7.6830898395366432e-01
-9.7911970902512335e-01
-1.2832515702276841e+00
-1.7372758437491036e+00
-2.4339586274702936e+00
-3.4806995416044053e+00
-4.7368849069172434e+00
-5.3400448472504918e+00
0.0000000000000000e+00
2.4055929233035767e-01
0.0000000000000000e+00
0.0000000000000000e+00
];
