%Vec Object:sol 1 MPI processes
%  type: mpi
sol = [
0.0000000000000000e+00
-2.3536501107515861e+01
-1.6998640610532917e+01
-1.0512863267274236e+01
-6.5666383467359433e+00
-4.3604647851872818e+00
-3.0694275136584088e+00
-2.2655010326385066e+00
-1.7348461362173178e+00
-1.3686758063107494e+00
-1.1062694288230028e+00
-9.1196502235329246e-01
-7.6423112935967175e-01
-6.4943245589601850e-01
-5.5851563622907108e-01
-4.8531805967992392e-01
-4.2557753499624112e-01
-3.7618605079571898e-01
-3.3485167223769557e-01
-2.9996347924373340e-01
-2.7025371373959706e-01
-2.4470676756279094e-01
-2.2261391078467055e-01
-2.0338574892494232e-01
-1.8652854480573985e-01
-1.7167486325618431e-01
-1.5853112988635840e-01
-1.4683507007233665e-01
-1.3637137702812910e-01
-1.2699153713520409e-01
-1.1854988433316106e-01
-1.1091090311911361e-01
-1.0399081753683534e-01
-9.7702782353494833e-02
-9.1960128164924410e-02
-8.6710780734740076e-02
-8.1901910321995078e-02
-7.7478544204182431e-02
-7.3403297719027566e-02
-6.9644354732175562e-02
-6.6165992605081866e-02
-6.2939712363053943e-02
-5.9946406733810895e-02
-5.7162458263842447e-02
-5.4565117353862047e-02
-5.2143153636715241e-02
-4.9880775165220867e-02
-4.7759200238764864e-02
-4.5772162973521269e-02
-4.3908661378401319e-02
-4.2153959460159138e-02
-4.0503806289821156e-02
-3.8950493191508541e-02
-3.7483206761220904e-02
-3.6098017301901798e-02
-3.4789814521922258e-02
-3.3550565791618019e-02
-3.2376619339135472e-02
-3.1264647211665164e-02
-3.0208613897427468e-02
-2.9205134224726672e-02
-2.8252107175099839e-02
-2.7344946244045286e-02
-2.6480533313623239e-02
-2.5657611408619409e-02
-2.4872654040734424e-02
-2.4122812925049607e-02
-2.3407407792896441e-02
-2.2723691890134901e-02
-2.2069088461199343e-02
-2.1443305665343533e-02
-2.0844172527391562e-02
-2.0269382626085464e-02
-1.9718898945197981e-02
-1.9190976285257129e-02
-1.8683574256975265e-02
-1.8196815707389027e-02
-1.7729270053652248e-02
-1.7279156084462663e-02
-1.6846688692230667e-02
-1.6430668899692333e-02
-1.6029565704844900e-02
-1.5643637847234673e-02
-1.5271855659795584e-02
-1.4912927965869422e-02
-1.4567123111145457e-02
-1.4233533745971166e-02
-1.3911097129067995e-02
-1.3600067221389780e-02
-1.3637813143692550e-02
-1.3956540299818630e-02
-1.4286946954282974e-02
-1.4629220577017075e-02
-1.4983629819199595e-02
-1.5351452269367512e-02
-1.5732891238640953e-02
-1.6128460206279876e-02
-1.6539514950251327e-02
-1.6966275287497810e-02
-1.7409569259673328e-02
-1.7870842867189145e-02
-1.8350336571928437e-02
-1.8849277340566375e-02
-1.9369219687068628e-02
-1.9910433868406473e-02
-2.0474649755267815e-02
-2.1063556994697571e-02
-2.1677472070069495e-02
-2.2318757336735967e-02
-2.2989276388548849e-02
-2.3689419303922443e-02
-2.4422344583233158e-02
-2.5189963681243249e-02
-2.5993331181569851e-02
-2.6836064106528567e-02
-2.7720302100971185e-02
-2.8648083982695225e-02
-2.9623506429621832e-02
-3.0649076946802849e-02
-3.1728115340135185e-02
-3.2865367159864038e-02
-3.4063868680129700e-02
-3.5328620832698339e-02
-3.6665265556783080e-02
-3.8077609960019486e-02
-3.9572887838606845e-02
-4.1157881709474722e-02
-4.2837906183327779e-02
-4.4622836456104924e-02
-4.6520862065460522e-02
-4.8540605126120587e-02
-5.0694470790055617e-02
-5.2993164106167806e-02
-5.5449977984516320e-02
-5.8081036287238090e-02
-6.0900854060152637e-02
-6.3929463307126164e-02
-6.7188512258321384e-02
-7.0698703238652447e-02
-7.4489779164602712e-02
-7.8591228299946692e-02
-8.3036145710143019e-02
-8.7866581839325553e-02
-9.3125696043960690e-02
-9.8866214290167606e-02
-1.0515032380318341e-01
-1.1204410008413758e-01
-1.1963262643847267e-01
-1.2801099641356453e-01
-1.3728371590094443e-01
-1.4759204954086172e-01
-1.5909244688881630e-01
-1.7197504361327851e-01
-1.8647294091429517e-01
-2.0285900628007364e-01
-2.2148005109879185e-01
-2.4275855142625533e-01
-2.6721469297848421e-01
-2.9551913181302669e-01
-3.2850979180189394e-01
-3.6727322492022696e-01
-4.1323359923528397e-01
-4.6825366366186116e-01
-5.3486957294676107e-01
-6.1653486102958832e-01
-7.1803645028833918e-01
-8.4611016597819211e-01
-1.0108860485222804e+00
-1.2274480692217600e+00
-1.5191466696735585e+00
-1.9224700421035803e+00
-2.4979967975154227e+00
-3.3442468978889832e+00
-4.6100083691424283e+00
-6.4171526633779568e+00
-8.3182600526461261e+00
-8.8366930333566387e+00
-8.3411072784051186e+00
-7.6958346256700398e+00
-6.1119467182097509e+00
-4.1411342495897427e+00
-2.7627936006575569e+00
-1.9184429154514624e+00
-1.3933646372836226e+00
-1.0522945371018597e+00
-8.2058104243635466e-01
-6.5696915298245084e-01
-5.3752711207203663e-01
-4.5657906372316309e-01
-5.4783009027403506e-01
-6.6840653842797448e-01
-8.3188660233031309e-01
-1.0602660223962048e+00
-1.3900775334616045e+00
-1.8844937236772907e+00
-2.6478453156018231e+00
-3.8118773282958900e+00
-5.2539035630583077e+00
-5.9760655029158736e+00
0.0000000000000000e+00
2.4055929233035767e-01
0.0000000000000000e+00
0.0000000000000000e+00
];
