%Vec Object:sol 1 MPI processes
%  type: mpi
sol = [
0.0000000000000000e+00
-2.2547333474161480e+01
-1.7900995565317466e+01
-1.1984762188569883e+01
-7.7404759136150503e+00
-5.2062247030540005e+00
-3.6864134426060362e+00
-2.7269720510145827e+00
-2.0921000655711164e+00
-1.6521766670702225e+00
-1.3360221662976857e+00
-1.1018923168415764e+00
-9.2402135503984950e-01
-7.8586970227046882e-01
-6.7643016825033364e-01
-5.8830095916780456e-01
-5.1635745328439064e-01
-4.5676320658393071e-01
-4.0689487653960932e-01
-3.6480591116966465e-01
-3.2896435010992059e-01
-2.9814550951115221e-01
-2.7149150952124856e-01
-2.4829083180280717e-01
-2.2794867748706552e-01
-2.1002139126305341e-01
-1.9415447956461931e-01
-1.8003452248262977e-01
-1.6740519220675806e-01
-1.5608002133720655e-01
-1.4588392086200655e-01
-1.3665429760062273e-01
-1.2828996874664131e-01
-1.2068653173257066e-01
-1.1374001295433928e-01
-1.0738756977690272e-01
-1.0156565285338387e-01
-9.6208262046051277e-02
-9.1270373505915228e-02
-8.6713678854670587e-02
-8.2495253395539481e-02
-7.8580809061196813e-02
-7.4947327013027018e-02
-7.1566406190770787e-02
-6.8410671674811963e-02
-6.5466599578487147e-02
-6.2715190186701963e-02
-6.0133812840049684e-02
-5.7714943597011230e-02
-5.5445342740778211e-02
-5.3307219090720497e-02
-5.1295490605107921e-02
-4.9400880719839245e-02
-4.7610310628661300e-02
-4.5919078545262886e-02
-4.4321043847332584e-02
-4.2806474435743237e-02
-4.1370988487873468e-02
-4.0010602058459944e-02
-3.8717991026689783e-02
-3.7489077091355918e-02
-3.6321364979160171e-02
-3.5209280730712757e-02
-3.4149050656075271e-02
-3.3139206197495108e-02
-3.2175455629980657e-02
-3.1254335552608759e-02
-3.0375080629774412e-02
-2.9534343530038927e-02
-2.8728975995851926e-02
-2.7958687252682985e-02
-2.7220828176760723e-02
-2.6512567284310187e-02
-2.5833925616541277e-02
-2.5182770363223750e-02
-2.4556585047979126e-02
-2.3955586200876164e-02
-2.3378022166607774e-02
-2.2821686488260790e-02
-2.2286907671914054e-02
-2.1772213925512672e-02
-2.1275701123334035e-02
-2.0797749957953093e-02
-2.0337092172279789e-02
-1.9892116327481803e-02
-1.9463212505734618e-02
-1.9049258156019613e-02
-1.8648923425750065e-02
-1.8262577472399833e-02
-1.8344061288909502e-02
-1.8804401609104803e-02
-1.9282036419921187e-02
-1.9777321751411163e-02
-2.0290722452583069e-02
-2.0824029508742011e-02
-2.1377638864502203e-02
-2.1952357029158379e-02
-2.2550107319418599e-02
-2.3171330351600079e-02
-2.3817273090095670e-02
-2.4490019079171425e-02
-2.5190079815327223e-02
-2.5919165331925086e-02
-2.6679537295280512e-02
-2.7471617489938330e-02
-2.8298121476725745e-02
-2.9161537071123043e-02
-3.0062532247799596e-02
-3.1004528128915392e-02
-3.1990303432441351e-02
-3.3020674666403488e-02
-3.4100203298289423e-02
-3.5231802139451512e-02
-3.6417247844203429e-02
-3.7661810748118717e-02
-3.8968796636663666e-02
-4.0341401708556671e-02
-4.1785658249036461e-02
-4.3305477385286950e-02
-4.4905914724623401e-02
-4.6594026217522240e-02
-4.8374578764237904e-02
-5.0255083639205674e-02
-5.2244000814666992e-02
-5.4347327606094696e-02
-5.6575854380452560e-02
-5.8939837362625196e-02
-6.1447581808688763e-02
-6.4113808274688877e-02
-6.6951012501972731e-02
-6.9972399392425236e-02
-7.3196576367573818e-02
-7.6639926446188666e-02
-8.0322599144536239e-02
-8.4268893682479917e-02
-8.8501047137708511e-02
-9.3049260139031184e-02
-9.7946266051937680e-02
-1.0322373025991791e-01
-1.0892638821201442e-01
-1.1509897656622704e-01
-1.2179171896540603e-01
-1.2906799259344204e-01
-1.3699325719192471e-01
-1.4564714392927736e-01
-1.5512343314762014e-01
-1.6552218804838179e-01
-1.7697148468497281e-01
-1.8961540939767954e-01
-2.0361887168123199e-01
-2.1918916442868921e-01
-2.3656132360628573e-01
-2.5602150689708791e-01
-2.7791996538008784e-01
-3.0266682954206203e-01
-3.3078199068889852e-01
-3.6289823610377658e-01
-3.9979381902979116e-01
-4.4246978337352166e-01
-4.9217526065472439e-01
-5.5042314707591811e-01
-6.1936055991186867e-01
-7.0175108082331905e-01
-8.0131448354737345e-01
-9.2309963531149231e-01
-1.0741210587974972e+00
-1.2644026484964719e+00
-1.5082354477239808e+00
-1.8266381659564657e+00
-2.2535217169359121e+00
-2.8412966776803543e+00
-3.6731777789261244e+00
-4.8892976340114656e+00
-6.7002406925268625e+00
-9.3001248263249021e+00
-1.2098473416037624e+01
-1.2767251103278666e+01
-1.1759888805129078e+01
-1.0562291401214784e+01
-8.0018350195304091e+00
-5.1987682486809961e+00
-3.3898893244062309e+00
-2.3251087675815101e+00
-1.6765999947370407e+00
-1.2606118137454587e+00
-9.8018727906898728e-01
-7.8324755951764657e-01
-6.4002111719528165e-01
-5.4316196262239014e-01
-6.5216227111770964e-01
-7.9633797006528662e-01
-9.9211136199481786e-01
-1.2660828888903659e+00
-1.6634098686203178e+00
-2.2629067419581883e+00
-3.2013567885870193e+00
-4.6753316713450399e+00
-6.6311152732255856e+00
-7.7154842072157459e+00
0.0000000000000000e+00
1.3464638167935297e-01
0.0000000000000000e+00
0.0000000000000000e+00
];
