%Vec Object:sol 1 MPI processes
%  type: mpi
sol = [
0.0000000000000000e+00
-1.6747659607846536e+01
-1.3193774759343128e+01
-8.8738014583927889e+00
-5.7953635155045324e+00
-3.9385672632167354e+00
-2.8101709408925011e+00
-2.0914699275173034e+00
-1.6116338862793738e+00
-1.2769997390294920e+00
-1.0355459600879215e+00
-8.5595172053857926e-01
-7.1903925818633851e-01
-6.1240090611062292e-01
-5.2772599306117385e-01
-4.5940414985156169e-01
-4.0353824469934091e-01
-3.5722813606223119e-01
-3.1841835218167813e-01
-2.8562464255139081e-01
-2.5767020436202598e-01
-2.3361008272041631e-01
-2.1278489777967272e-01
-1.9464523235031855e-01
-1.7872993892503908e-01
-1.6469584212080193e-01
-1.5226859381260668e-01
-1.4120445196375139e-01
-1.3130393607725718e-01
-1.2242268506919116e-01
-1.1442429470175147e-01
-1.0718149599090138e-01
-1.0061607923834114e-01
-9.4646576322677187e-02
-8.9191352687712028e-02
-8.4201722439058144e-02
-7.9628083534133823e-02
-7.5418568775335745e-02
-7.1538082212258783e-02
-6.7956777347006142e-02
-6.4640909935324370e-02
-6.1563597545730653e-02
-5.8706967440746688e-02
-5.6048697160304833e-02
-5.3567217002944756e-02
-5.1252089327981309e-02
-4.9088391212723535e-02
-4.7058220040704243e-02
-4.5155832404189918e-02
-4.3370831666119013e-02
-4.1689119957442705e-02
-4.0106825528752853e-02
-3.8616668794120644e-02
-3.7208287210039735e-02
-3.5878051091217660e-02
-3.4621155112829725e-02
-3.3429890231110655e-02
-3.2300842379874684e-02
-3.1230906270207158e-02
-3.0214282181992839e-02
-2.9247772526355510e-02
-2.8329443857328874e-02
-2.7454884005722876e-02
-2.6621121790121546e-02
-2.5827030478108637e-02
-2.5069214231517981e-02
-2.4344938682813934e-02
-2.3653628195442915e-02
-2.2992635266642237e-02
-2.2359470043011170e-02
-2.1753927580675861e-02
-2.1173913196839079e-02
-2.0617185445266473e-02
-2.0083781688752331e-02
-1.9572015891379930e-02
-1.9079895100651233e-02
-1.8607607427152457e-02
-1.8153768343958800e-02
-1.7716630348151092e-02
-1.7296466681434166e-02
-1.6892114085591211e-02
-1.6502064878358039e-02
-1.6126630600537911e-02
-1.5764808857782069e-02
-1.5415324333061363e-02
-1.5078493442151864e-02
-1.4753428937135866e-02
-1.4439079058356834e-02
-1.4135741539421418e-02
-1.4194585215595834e-02
-1.4546462645226054e-02
-1.4911529178062098e-02
-1.5290041212626020e-02
-1.5682340399769994e-02
-1.6089817573493110e-02
-1.6512756429359395e-02
-1.6951764467869165e-02
-1.7408330966212058e-02
-1.7882769816172765e-02
-1.8376031403581412e-02
-1.8889719229306164e-02
-1.9424184336339453e-02
-1.9980814031539500e-02
-2.0561349132212421e-02
-2.1166190864593221e-02
-2.1797279863606481e-02
-2.2456527303838330e-02
-2.3144406355951479e-02
-2.3863556835590331e-02
-2.4616107688373107e-02
-2.5402638761930194e-02
-2.6226674184175052e-02
-2.7090434806658036e-02
-2.7995243050780893e-02
-2.8945163721427778e-02
-2.9942710292849537e-02
-3.0990305852446304e-02
-3.2092602751460565e-02
-3.3252503594951986e-02
-3.4473519549565478e-02
-3.5761416023170539e-02
-3.7119812425768520e-02
-3.8554461452240701e-02
-4.0071847375850719e-02
-4.1676511541150131e-02
-4.3376738290906720e-02
-4.5180377586387661e-02
-4.7093735705737438e-02
-4.9128124653386306e-02
-5.1293094600462157e-02
-5.3598730338296548e-02
-5.6059320150420679e-02
-5.8687386810102347e-02
-6.1498371483498571e-02
-6.4510928507504409e-02
-6.7742067595369243e-02
-7.1214985280884463e-02
-7.4954816204617219e-02
-7.8985817851214002e-02
-8.3342406661867194e-02
-8.8058947111108982e-02
-9.3174030499117669e-02
-9.8736451916554141e-02
-1.0479656392555256e-01
-1.1141570379800728e-01
-1.1866616855355766e-01
-1.2662507275791693e-01
-1.3539129327218924e-01
-1.4507610369606583e-01
-1.5580692631076853e-01
-1.6774415100744802e-01
-1.8106972770178689e-01
-1.9600541974094093e-01
-2.1282296093013317e-01
-2.3184082994496122e-01
-2.5346326532528834e-01
-2.7818288087672516e-01
-3.0660632635387336e-01
-3.3951504729455190e-01
-3.7788566113576233e-01
-4.2298394308276710e-01
-4.7646827437789624e-01
-5.4043019358963273e-01
-6.1783029456423355e-01
-7.1268888091692617e-01
-8.3057275886805182e-01
-9.7945760967103035e-01
-1.1709513209461488e+00
-1.4224156413971356e+00
-1.7600979886202655e+00
-2.2272259727322692e+00
-2.8929282782991530e+00
-3.8709560102287313e+00
-5.3337130759514713e+00
-7.4333529058778911e+00
-9.6753696568288294e+00
-1.0275590041340019e+01
-9.6258922619054470e+00
-8.7992578836836319e+00
-6.8620201783650439e+00
-4.5705768240834646e+00
-3.0206914785751464e+00
-2.0871010129006939e+00
-1.5116909288240303e+00
-1.1397663564530223e+00
-8.8796076977807692e-01
-7.1054035334030818e-01
-5.8119644724226049e-01
-4.9360147165339574e-01
-5.9262779507006180e-01
-7.2356796557463821e-01
-9.0126693433699323e-01
-1.1497229930314625e+00
-1.5094016060880600e+00
-2.0504145643467746e+00
-2.8917588051877163e+00
-4.1934866540943609e+00
-5.8615459431884060e+00
-6.7378978421894216e+00
0.0000000000000000e+00
2.4055929233035767e-01
0.0000000000000000e+00
0.0000000000000000e+00
];
