%Vec Object:sol 1 MPI processes
%  type: mpi
sol = [
0.0000000000000000e+00
-1.4995925249402745e+01
-1.2094340929337879e+01
-8.3416628031227109e+00
-5.5330348249497758e+00
-3.7931444234147165e+00
-2.7193667613457277e+00
-2.0308070358248442e+00
-1.5675619275107529e+00
-1.2441840178955244e+00
-1.0104027600155119e+00
-8.3616530813436374e-01
-7.0312930414154939e-01
-5.9925237812811838e-01
-5.1668917580770979e-01
-4.5003560331019926e-01
-3.9550865107051819e-01
-3.5033540450457024e-01
-3.1246236089608803e-01
-2.8044344956363665e-01
-2.5313649974483710e-01
-2.2962324673096893e-01
-2.0926312462426866e-01
-1.9152182158076544e-01
-1.7595040134257597e-01
-1.6221482958670441e-01
-1.5004800074793442e-01
-1.3921233196155747e-01
-1.2951330919790702e-01
-1.2081031180093400e-01
-1.1297027348202440e-01
-1.0586887145953004e-01
-9.9429936323464238e-02
-9.3573937806227900e-02
-8.8221032609000563e-02
-8.3323775198446165e-02
-7.8833729161152458e-02
-7.4700131983601620e-02
-7.0888717365643131e-02
-6.7370354293023835e-02
-6.4112002824519468e-02
-6.1087359896140878e-02
-5.8279004928429537e-02
-5.5665077314886034e-02
-5.3224425209224310e-02
-5.0946903885434394e-02
-4.8817908442361009e-02
-4.6819320864507526e-02
-4.4945816206113945e-02
-4.3187602772164553e-02
-4.1530793285307656e-02
-3.9971648513116534e-02
-3.8503034368088072e-02
-3.7114737640908835e-02
-3.5803232874296091e-02
-3.4563819154316118e-02
-3.3388895012955333e-02
-3.2275128448752320e-02
-3.1219491167045855e-02
-3.0216262132765011e-02
-2.9262308110427709e-02
-2.8355754159648774e-02
-2.7492246507610174e-02
-2.6668864072391284e-02
-2.5884525986856439e-02
-2.5135880337248468e-02
-2.4420231367202790e-02
-2.3737040538011824e-02
-2.3083693830231882e-02
-2.2457730677498150e-02
-2.1858977082709459e-02
-2.1285364179692883e-02
-2.0734672301401944e-02
-2.0206965348081252e-02
-1.9700577354239270e-02
-1.9213531188939176e-02
-1.8746038235008925e-02
-1.8296729617953877e-02
-1.7863869031001636e-02
-1.7447750470113117e-02
-1.7047222829798404e-02
-1.6660786154731089e-02
-1.6288770693008582e-02
-1.5930183333188182e-02
-1.5583754020180401e-02
-1.5249816118954609e-02
-1.4927489222927694e-02
-1.4615725246618080e-02
-1.4314837276213443e-02
-1.4380604353796010e-02
-1.4743415970202537e-02
-1.5119900474697977e-02
-1.5510335555235443e-02
-1.5915085433579744e-02
-1.6335577282161187e-02
-1.6772119508022872e-02
-1.7225348863474405e-02
-1.7696797209087099e-02
-1.8186807211185898e-02
-1.8696367505086769e-02
-1.9227131533607136e-02
-1.9779483986941144e-02
-2.0354862474713686e-02
-2.0955066536504086e-02
-2.1580537041416888e-02
-2.2233280884960904e-02
-2.2915278649306405e-02
-2.3627050690815294e-02
-2.4371324131265290e-02
-2.5150310559981032e-02
-2.5964646683696552e-02
-2.6817971692208127e-02
-2.7712601953659231e-02
-2.8649940982483024e-02
-2.9634193706076745e-02
-3.0667988319517440e-02
-3.1753863272376996e-02
-3.2896631397241416e-02
-3.4099402457289887e-02
-3.5366202462326447e-02
-3.6702661640096668e-02
-3.8112571546883738e-02
-3.9601924134802485e-02
-4.1177471844917851e-02
-4.2843988029472507e-02
-4.4610091761627405e-02
-4.6483972250682876e-02
-4.8472249338948711e-02
-5.0586692840505119e-02
-5.2837284615152108e-02
-5.5234573208161455e-02
-5.7793446123021217e-02
-6.0527002488586619e-02
-6.3451365709349491e-02
-6.6585994566419116e-02
-6.9948689616968762e-02
-7.3563653344704577e-02
-7.7457128080982429e-02
-8.1654498733004954e-02
-8.6191668115997627e-02
-9.1104549274953872e-02
-9.6433479073357822e-02
-1.0222939725978060e-01
-1.0854494155214904e-01
-1.1544418715212419e-01
-1.2300264658891813e-01
-1.3130094393861352e-01
-1.4044234610310730e-01
-1.5054312282271584e-01
-1.6173645466769662e-01
-1.7418987795137497e-01
-1.8809354178886506e-01
-2.0367915907236248e-01
-2.2123061656500287e-01
-2.4108073191372559e-01
-2.6365180251410952e-01
-2.8945849038826232e-01
-3.1913467483060254e-01
-3.5345182773691947e-01
-3.9345709332290107e-01
-4.4046890245552500e-01
-4.9621132888035918e-01
-5.6293805279386966e-01
-6.4371369008577550e-01
-7.4270745206522493e-01
-8.6572555315204347e-01
-1.0210853525159203e+00
-1.2206108642717419e+00
-1.4822815649779928e+00
-1.8342760180236661e+00
-2.3209343834813332e+00
-3.0129779966652341e+00
-4.0299454163220121e+00
-5.5507555055368512e+00
-7.7341278931159048e+00
-1.0072287307876049e+01
-1.0694436077705697e+01
-9.9924181464101309e+00
-9.1114328228843071e+00
-7.0695569790127664e+00
-4.6880193966926180e+00
-3.0906507259542391e+00
-2.1327493552703154e+00
-1.5434764401292171e+00
-1.1633296075756838e+00
-9.0602980812580758e-01
-7.2485349436497226e-01
-5.9284005601480605e-01
-5.0351288549032747e-01
-6.0459549939917345e-01
-7.3825882394035436e-01
-9.1967937637644948e-01
-1.1735330195631173e+00
-1.5410202637052988e+00
-2.0943978258357405e+00
-2.9560529635873261e+00
-4.2942034003727256e+00
-6.0222967707228960e+00
-6.9413331518990473e+00
0.0000000000000000e+00
2.4055929233035767e-01
0.0000000000000000e+00
0.0000000000000000e+00
];
