%Vec Object:sol 1 MPI processes
%  type: mpi
sol = [
0.0000000000000000e+00
-3.6663281683935665e+01
-2.4982360490508693e+01
-1.4536294545772661e+01
-8.7570741370088179e+00
-5.6951878710370325e+00
-3.9563258223917557e+00
-2.8943818609580210e+00
-2.2023939908206942e+00
-1.7297331211205000e+00
-1.3929540581643061e+00
-1.1446215088048473e+00
-9.5685907747937715e-01
-8.1157332928456061e-01
-6.9683372294611112e-01
-6.0467215163249066e-01
-5.2960117931428408e-01
-4.6761248329007582e-01
-4.1576909729182338e-01
-3.7207746351248505e-01
-3.3492096574342289e-01
-3.0301077748882932e-01
-2.7544479489247076e-01
-2.5147636084456759e-01
-2.3048265370259821e-01
-2.1199936582640905e-01
-1.9565579629691893e-01
-1.8112490598177394e-01
-1.6813953552560276e-01
-1.5650507488377124e-01
-1.4603926919229832e-01
-1.3657335177415938e-01
-1.2800175539714917e-01
-1.2021601974970830e-01
-1.1310857136637802e-01
-1.0661393699886332e-01
-1.0066616805451833e-01
-9.5197118768286723e-02
-9.0160071021178956e-02
-8.5515238487470904e-02
-8.1218366109659879e-02
-7.7234056619762542e-02
-7.3538328195046312e-02
-7.0101922523664525e-02
-6.6896743128861055e-02
-6.3908598656383625e-02
-6.1117912484239041e-02
-5.8501604460325568e-02
-5.6051654467772438e-02
-5.3754420992986419e-02
-5.1591843088620970e-02
-4.9558460790894210e-02
-4.7644708257369960e-02
-4.5837338701249397e-02
-4.4131376714118653e-02
-4.2520457328149200e-02
-4.0994743428013229e-02
-3.9549662372184602e-02
-3.8181045167377928e-02
-3.6881501784335850e-02
-3.5646829060347836e-02
-3.4474370512836576e-02
-3.3358506960950177e-02
-3.2295400800998041e-02
-3.1283450062168518e-02
-3.0318321882482381e-02
-2.9396261178017323e-02
-2.8516574147376895e-02
-2.7675941942234591e-02
-2.6871241553268772e-02
-2.6102051823146916e-02
-2.5365713229543778e-02
-2.4659410981565235e-02
-2.3983042354871510e-02
-2.3334470113902155e-02
-2.2711210001737873e-02
-2.2113360892845060e-02
-2.1539171866027985e-02
-2.0986478100167846e-02
-2.0455496618641038e-02
-1.9944761335007596e-02
-1.9452413917283640e-02
-1.8978730177748610e-02
-1.8522452742043574e-02
-1.8082015612371910e-02
-1.7657711187090603e-02
-1.7248433404628071e-02
-1.6852893610721113e-02
-1.6471371166116251e-02
-1.6512348074588717e-02
-1.6893394774558142e-02
-1.7288307783973670e-02
-1.7697305894513512e-02
-1.8120704811262794e-02
-1.8560018628495326e-02
-1.9015484155389645e-02
-1.9487707083170980e-02
-1.9978292600935761e-02
-2.0487496185859832e-02
-2.1016295776969979e-02
-2.1566401578229869e-02
-2.2138092473038651e-02
-2.2732817983295604e-02
-2.3352414636751914e-02
-2.3997195327359180e-02
-2.4669203500490917e-02
-2.5370433049714699e-02
-2.6101250061511726e-02
-2.6864444175483632e-02
-2.7662211961327721e-02
-2.8495004662167436e-02
-2.9366550256995413e-02
-3.0279098002341059e-02
-3.1233882839430571e-02
-3.2235169451134069e-02
-3.3285472402628927e-02
-3.4387186400666903e-02
-3.5545136008283761e-02
-3.6762264859685194e-02
-3.8042475091884721e-02
-3.9391348836524974e-02
-4.0812446972436710e-02
-4.2311647221245773e-02
-4.3895578390359936e-02
-4.5568701451111977e-02
-4.7339514710271521e-02
-4.9215977379935702e-02
-5.1204314628408097e-02
-5.3316118692167652e-02
-5.5560987458210434e-02
-5.7949022329502074e-02
-6.0494767602511566e-02
-6.3210756177898356e-02
-6.6112555687595012e-02
-6.9219047314061560e-02
-7.2547207146392179e-02
-7.6120478210792014e-02
-7.9964179371344757e-02
-8.4102499218941182e-02
-8.8570211382650504e-02
-9.3401757508458624e-02
-9.8635777726931398e-02
-1.0432136748984500e-01
-1.1050887214338004e-01
-1.1725978853667758e-01
-1.2464661804764601e-01
-1.3274633296457355e-01
-1.4165804297076409e-01
-1.5149299941570893e-01
-1.6237839105207577e-01
-1.7447466035990991e-01
-1.8796334008736215e-01
-2.0306576040405963e-01
-2.2005313564939014e-01
-2.3924275926650493e-01
-2.6103773056499363e-01
-2.8592879217629552e-01
-3.1451982183595306e-01
-3.4757542980241496e-01
-3.8603941370702710e-01
-4.3119308390618050e-01
-4.8467853660385851e-01
-5.4864109612384915e-01
-6.2599862898110570e-01
-7.2071957853318636e-01
-8.3833008968309197e-01
-9.8674704704996652e-01
-1.1773038760764252e+00
-1.4270166368130308e+00
-1.7627710848727995e+00
-2.2269452650163308e+00
-2.8868683181742401e+00
-3.8568031231498741e+00
-5.3072005975791940e+00
-7.3872050551184909e+00
-9.6040045985096185e+00
-1.0181155582810042e+01
-9.5157973522623784e+00
-8.6847210967583113e+00
-6.7688635436427322e+00
-4.5084908688956551e+00
-2.9794141427342762e+00
-2.0578347995429862e+00
-1.4898836830053019e+00
-1.1226744486921003e+00
-8.7418551196817584e-01
-6.9909369475800909e-01
-5.7142937339193123e-01
-4.8500843633473950e-01
-5.8188141617237987e-01
-7.0992267102341577e-01
-8.8356442187615802e-01
-1.1261663332627578e+00
-1.4772259699960473e+00
-2.0044283799635236e+00
-2.8226099703627399e+00
-4.0830488807049781e+00
-5.6820625450292992e+00
-6.5093605195427484e+00
0.0000000000000000e+00
1.3464638167935297e-01
0.0000000000000000e+00
0.0000000000000000e+00
];
