%Vec Object:sol 1 MPI processes
%  type: mpi
sol = [
0.0000000000000000e+00
-2.4295590281041811e+01
-1.8919746371936110e+01
-1.2415792280610665e+01
-7.9206371395250947e+00
-5.2990351801410398e+00
-3.7371240827898213e+00
-2.7606489386897111e+00
-2.1135706887530925e+00
-1.6673942277304530e+00
-1.3477367699333069e+00
-1.1111426110192721e+00
-9.3111119444680901e-01
-7.9134782503184187e-01
-6.8072630501347309e-01
-5.9170902469275555e-01
-5.1908483591039745e-01
-4.5906057281162382e-01
-4.0884241062919408e-01
-3.6646305763707471e-01
-3.3037817212363191e-01
-2.9935340102249086e-01
-2.7252410016562856e-01
-2.4917323080232759e-01
-2.2870148353197847e-01
-2.1066182864145194e-01
-1.9469707733761332e-01
-1.8049149832895320e-01
-1.6778052607299962e-01
-1.5637796000434420e-01
-1.4611433451463385e-01
-1.3682551999356607e-01
-1.2840919943400059e-01
-1.2075995292871489e-01
-1.1377292048068437e-01
-1.0738458941119958e-01
-1.0153081209478895e-01
-9.6145061269074933e-02
-9.1181890056898238e-02
-8.6602623069781490e-02
-8.2364009059027105e-02
-7.8431486149900892e-02
-7.4781798569076130e-02
-7.1386335094863765e-02
-6.8217542428789496e-02
-6.5261735284887212e-02
-6.2499773174371109e-02
-5.9908911543300851e-02
-5.7481509781619110e-02
-5.5204230751796736e-02
-5.3059211618835124e-02
-5.1041283671591844e-02
-4.9141100843867441e-02
-4.7345537647823371e-02
-4.5649829848890343e-02
-4.4047784206593180e-02
-4.2529637763598041e-02
-4.1090964730617359e-02
-3.9727739194920897e-02
-3.8432616317816450e-02
-3.7201488060791509e-02
-3.6031824019187156e-02
-3.4918036118612279e-02
-3.3856331843325829e-02
-3.2845212040843022e-02
-3.1880375272341076e-02
-3.0958347585555823e-02
-3.0078336142984444e-02
-2.9236987014899671e-02
-2.8431147560169966e-02
-2.7660501868055524e-02
-2.6922396220430203e-02
-2.6213999365769770e-02
-2.5535309027594832e-02
-2.4884189416686606e-02
-2.4258127445156763e-02
-2.3657317893853686e-02
-2.3080007458423247e-02
-2.2523995059400382e-02
-2.1989588912713035e-02
-2.1475316766355560e-02
-2.0979280876702415e-02
-2.0501843087161166e-02
-2.0041735822090165e-02
-1.9597354199191879e-02
-1.9169070923909817e-02
-1.8755765277278701e-02
-1.8356113433287042e-02
-1.7970468707544335e-02
-1.8045271732173723e-02
-1.8492610574800193e-02
-1.8956689226966264e-02
-1.9437841918261301e-02
-1.9936509775141935e-02
-2.0454438843899966e-02
-2.0991999833154085e-02
-2.1549967154987398e-02
-2.2130212615555662e-02
-2.2733147525333258e-02
-2.3359976125792888e-02
-2.4012716198700296e-02
-2.4691828927250446e-02
-2.5399066265200054e-02
-2.6136621448205923e-02
-2.6905022507150312e-02
-2.7706715067373894e-02
-2.8544109875765132e-02
-2.9417829900551012e-02
-3.0331197311101898e-02
-3.1286900540758861e-02
-3.2285701935793387e-02
-3.3332032396781681e-02
-3.4428702753372974e-02
-3.5577408230126215e-02
-3.6783262484679807e-02
-3.8049450564275625e-02
-3.9379047033489809e-02
-4.0777897244463346e-02
-4.2249765643194277e-02
-4.3799531957979906e-02
-4.5434025538186075e-02
-4.7157831593821434e-02
-4.8978211882435389e-02
-5.0903346735939860e-02
-5.2939003424250536e-02
-5.5095622323315593e-02
-5.7383111510318760e-02
-5.9809465682506335e-02
-6.2388929258784039e-02
-6.5133562603129858e-02
-6.8056106064356345e-02
-7.1174553326362480e-02
-7.4504713051395874e-02
-7.8066049204924090e-02
-8.1882049016421404e-02
-8.5974170384653714e-02
-9.0371605550174983e-02
-9.5105985966140463e-02
-1.0020787718846408e-01
-1.0572053553628935e-01
-1.1168718304709337e-01
-1.1815634478799700e-01
-1.2518929784400987e-01
-1.3284929898106032e-01
-1.4121333538301375e-01
-1.5037209133210244e-01
-1.6042229908524011e-01
-1.7148784587006782e-01
-1.8370274798692374e-01
-1.9722001685455054e-01
-2.1224823968440365e-01
-2.2901397637253232e-01
-2.4779310014297862e-01
-2.6892330441806406e-01
-2.9279993023900436e-01
-3.1992423724944918e-01
-3.5090629308060822e-01
-3.8649638053804553e-01
-4.2765970655607838e-01
-4.7560061358119626e-01
-5.3187759003679125e-01
-5.9852904869619172e-01
-6.7821562925329304e-01
-7.7455054319255645e-01
-8.9238040897179360e-01
-1.0382138185916732e+00
-1.2219600419719958e+00
-1.4576700166914385e+00
-1.7664408786669679e+00
-2.1799252121781683e+00
-2.7488246589775125e+00
-3.5568745162741280e+00
-4.7377587600774129e+00
-6.4981175169458751e+00
-9.0241288679838139e+00
-1.1743977048932340e+01
-1.2407274378724869e+01
-1.1453529049704454e+01
-1.0309342930752843e+01
-7.8383344857217345e+00
-5.1087486565370801e+00
-3.3366444550554255e+00
-2.2905542271093782e+00
-1.6526313698651856e+00
-1.2428770795227635e+00
-9.6661338402005414e-01
-7.7251039727219528e-01
-6.3124957207693000e-01
-5.3573304495930041e-01
-6.4320630780627186e-01
-7.8535643454251969e-01
-9.7835830384146838e-01
-1.2483228029867572e+00
-1.6398841367230641e+00
-2.2302534435973489e+00
-3.1536045129848516e+00
-4.6008935231086019e+00
-6.5113722902205931e+00
-7.5621053292912723e+00
0.0000000000000000e+00
1.3464638167935297e-01
0.0000000000000000e+00
0.0000000000000000e+00
];
