%Vec Object:sol 1 MPI processes
%  type: mpi
sol = [
0.0000000000000000e+00
-2.9932072685080531e+01
-2.1937552759185383e+01
-1.3546806773988619e+01
-8.3797235192106818e+00
-5.5204013964927698e+00
-3.8642254997241743e+00
-2.8374487984430168e+00
-2.1660066232932462e+00
-1.7045603624196126e+00
-1.3745747308969218e+00
-1.1311307636127919e+00
-9.4672059225250771e-01
-8.0381826847740145e-01
-6.9082623542830157e-01
-5.9995464598657999e-01
-5.2576847869031174e-01
-4.6451383239728916e-01
-4.1331103625676024e-01
-3.7013466274181961e-01
-3.3339732251186860e-01
-3.0183226051956674e-01
-2.7455232319232786e-01
-2.5082272802841055e-01
-2.3003011377370530e-01
-2.1171704943950570e-01
-1.9551819361999379e-01
-1.8111102548236255e-01
-1.6823195707125543e-01
-1.5668901406014046e-01
-1.4630227989250497e-01
-1.3690500938900130e-01
-1.2839302560614663e-01
-1.2065917390403585e-01
-1.1359704528779274e-01
-1.0714199332029055e-01
-1.0122883011342544e-01
-9.5790092726649664e-02
-9.0779593737508768e-02
-8.6158009041556072e-02
-8.1881500109034722e-02
-7.7915014011206540e-02
-7.4234867944884972e-02
-7.0812068056807509e-02
-6.7618737306431309e-02
-6.4640892196724795e-02
-6.1859132267508873e-02
-5.9250507800375031e-02
-5.6807155565118443e-02
-5.4515555899638288e-02
-5.2357720329388548e-02
-5.0328307612436618e-02
-4.8417845182344731e-02
-4.6612973753427385e-02
-4.4908307971354353e-02
-4.3298231588019445e-02
-4.1772978411697401e-02
-4.0328026647163145e-02
-3.8959257907122756e-02
-3.7659287341273696e-02
-3.6423942729320979e-02
-3.5250614677070358e-02
-3.4133688625518743e-02
-3.3069332658587199e-02
-3.2055977384450984e-02
-3.1089303757544883e-02
-3.0165817422591567e-02
-2.9284661291907880e-02
-2.8442469762049824e-02
-2.7636084213588256e-02
-2.6865128836486112e-02
-2.6126942425853589e-02
-2.5418698328494617e-02
-2.4740337855768645e-02
-2.4089720932654095e-02
-2.3464346376573596e-02
-2.2864355680167810e-02
-2.2287993962297123e-02
-2.1733076573748275e-02
-2.1199861491593922e-02
-2.0686877412944931e-02
-2.0192245165924806e-02
-1.9716279515685546e-02
-1.9257716375318468e-02
-1.8814969537805197e-02
-1.8388367994186701e-02
-1.7976797183590035e-02
-1.7578950307296698e-02
-1.7195140588921728e-02
-1.7252168391549489e-02
-1.7664938687246029e-02
-1.8092960302467421e-02
-1.8536508230249934e-02
-1.8995959234192453e-02
-1.9472939293230924e-02
-1.9967750498156626e-02
-2.0481080533722607e-02
-2.1014663349570056e-02
-2.1568830513181307e-02
-2.2144669791455126e-02
-2.2744040119364522e-02
-2.3367309529352846e-02
-2.4016074173033454e-02
-2.4692343299542754e-02
-2.5396535164685392e-02
-2.6130888079004527e-02
-2.6897598062414121e-02
-2.7697157180463557e-02
-2.8532613001854310e-02
-2.9406400930022086e-02
-3.0319124958399585e-02
-3.1274853486905875e-02
-3.2276109035745071e-02
-3.3324351755956612e-02
-3.4424257979296595e-02
-3.5578669045562020e-02
-3.6790311442885783e-02
-3.8064505403356964e-02
-3.9404595136790177e-02
-4.0814959164991317e-02
-4.2301786089762164e-02
-4.3869137286107425e-02
-4.5523564424480398e-02
-4.7272451769433968e-02
-4.9120899218018467e-02
-5.1078350516585665e-02
-5.3153715153800213e-02
-5.5354083967687727e-02
-5.7692340854418801e-02
-6.0179286305636681e-02
-6.2826311351100436e-02
-6.5649642394922686e-02
-6.8663413810342605e-02
-7.1885096559614281e-02
-7.5335820738168746e-02
-7.9034755573237844e-02
-8.3008152673157878e-02
-8.7284416662596759e-02
-9.1890858868349204e-02
-9.6866398701586989e-02
-1.0224977557533334e-01
-1.0808446982670945e-01
-1.1442553758912190e-01
-1.2132965021851766e-01
-1.2886589192822973e-01
-1.3711567151325207e-01
-1.4616565195404452e-01
-1.5612708689507718e-01
-1.6712501850838526e-01
-1.7930250326954092e-01
-1.9283968744107419e-01
-2.0794065455193600e-01
-2.2485408014744362e-01
-2.4388454863320058e-01
-2.6538863448310551e-01
-2.8981888221584878e-01
-3.1772628225564237e-01
-3.4975473274116281e-01
-3.8678348333228491e-01
-4.2991024219684226e-01
-4.8053978094864574e-01
-5.4051050337965345e-01
-6.1222317026709749e-01
-6.9894050465617030e-01
-8.0509711021547525e-01
-9.3686353504435238e-01
-1.1030722175002954e+00
-1.3159652628109324e+00
-1.5950486301613269e+00
-1.9699550370381964e+00
-2.4869098841590462e+00
-3.2215843446883654e+00
-4.2985828262801107e+00
-5.9076269578941591e+00
-8.2197022989702866e+00
-1.0700266750419376e+01
-1.1328024793770103e+01
-1.0522948934145516e+01
-9.5354140025772054e+00
-7.3349096804825988e+00
-4.8280915351324314e+00
-3.1704755615167115e+00
-2.1824233470217043e+00
-1.5770250269381423e+00
-1.1871901784901346e+00
-9.2382701486419072e-01
-7.3849846623838333e-01
-6.0357649136332059e-01
-5.1231176518363430e-01
-6.1493982223688726e-01
-7.5055578006004664e-01
-9.3460045972454120e-01
-1.1921054517844907e+00
-1.5650152853590276e+00
-2.1265870417007986e+00
-3.0017285197325561e+00
-4.3636904421639562e+00
-6.1304028735888370e+00
-7.0762284363394441e+00
0.0000000000000000e+00
1.3464638167935297e-01
0.0000000000000000e+00
0.0000000000000000e+00
];
