%Vec Object:sol 1 MPI processes
%  type: mpi
sol = [
0.0000000000000000e+00
-1.8558425405811608e+01
-1.4280388059517648e+01
-9.3645098838621976e+00
-6.0319223060890339e+00
-4.0704400983086089e+00
-2.8922478650497272e+00
-2.1465590252833664e+00
-1.6504570423631828e+00
-1.3061919928435195e+00
-1.0583381286020093e+00
-8.7387254688156690e-01
-7.3344094886301969e-01
-6.2418256722585874e-01
-5.3750614360346471e-01
-4.6762285023918260e-01
-4.1051752706353356e-01
-3.6325444809852270e-01
-3.2366396128014219e-01
-2.9021939039401046e-01
-2.6171707521409265e-01
-2.3719104229890245e-01
-2.1596714328046840e-01
-1.9747690047800756e-01
-1.8125128380215891e-01
-1.6694777050208948e-01
-1.5428547959460087e-01
-1.4301510220263627e-01
-1.3293267073953149e-01
-1.2389045982560447e-01
-1.1574905259068399e-01
-1.0837851298076895e-01
-1.0169880278481856e-01
-9.5626706509245901e-02
-9.0078966611928754e-02
-8.5005786148398266e-02
-8.0356513699286120e-02
-7.6078281681853724e-02
-7.2135248683065534e-02
-6.8496926054206778e-02
-6.5128932266823342e-02
-6.2003862174560692e-02
-5.9103438877153754e-02
-5.6404922507975026e-02
-5.3886364665129985e-02
-5.1537066726803228e-02
-4.9341825315903094e-02
-4.7282457721569644e-02
-4.5353047327668677e-02
-4.3543002060176625e-02
-4.1838021524671358e-02
-4.0234108352810972e-02
-3.8723844297103599e-02
-3.7296723736540423e-02
-3.5949018503729162e-02
-3.4675824388997419e-02
-3.3469329642457205e-02
-3.2326042802052764e-02
-3.1242786124108000e-02
-3.0213685017971410e-02
-2.9235481254025062e-02
-2.8306186679379692e-02
-2.7421333738502744e-02
-2.6577904046083969e-02
-2.5774728240237806e-02
-2.5008368949859819e-02
-2.4276055412191900e-02
-2.3577177694038342e-02
-2.2909056723852697e-02
-2.2269175015897261e-02
-2.1657299141768643e-02
-2.1071310142724897e-02
-2.0508945995381261e-02
-1.9970219715735635e-02
-1.9453426439072965e-02
-1.8956558238412972e-02
-1.8479781917548406e-02
-1.8021698293585086e-02
-1.7580549245779006e-02
-1.7156589033966611e-02
-1.6748643036946627e-02
-1.6355196231076601e-02
-1.5976543050349540e-02
-1.5611672428031412e-02
-1.5259304043822985e-02
-1.4919738807034911e-02
-1.4592083079232425e-02
-1.4275281615394235e-02
-1.3969618090433913e-02
-1.4021982809672012e-02
-1.4363652107521333e-02
-1.4718051405847022e-02
-1.5085416482392545e-02
-1.5466067128238409e-02
-1.5861359625875433e-02
-1.6271553660561929e-02
-1.6697228472656540e-02
-1.7139832717418663e-02
-1.7599652232682814e-02
-1.8077600522469508e-02
-1.8575233283291564e-02
-1.9092868633288521e-02
-1.9631845438662362e-02
-2.0193848105349292e-02
-2.0779238919599638e-02
-2.1389894749538837e-02
-2.2027659842910857e-02
-2.2692960840431580e-02
-2.3388353539536347e-02
-2.4115886884298995e-02
-2.4876084410071424e-02
-2.5672359504920354e-02
-2.6506840010792967e-02
-2.7380768460826235e-02
-2.8298074272204644e-02
-2.9261158795364044e-02
-3.0272328998063661e-02
-3.1336063017801834e-02
-3.2455191621107569e-02
-3.3633412848430813e-02
-3.4875944555197262e-02
-3.6186229144889982e-02
-3.7569797796250748e-02
-3.9032886600205111e-02
-4.0579823063513300e-02
-4.2218581989548372e-02
-4.3956700226999310e-02
-4.5800195690058568e-02
-4.7759957818831515e-02
-4.9845139677541839e-02
-5.2065400060968929e-02
-5.4434475875987938e-02
-5.6964361478366858e-02
-5.9669872451750053e-02
-6.2568925523980995e-02
-6.5677808065305307e-02
-6.9018796392788684e-02
-7.2616013664908483e-02
-7.6492691681310329e-02
-8.0681891606588244e-02
-8.5216570999421357e-02
-9.0133738182329864e-02
-9.5480242719486269e-02
-1.0130437201514619e-01
-1.0766499129105045e-01
-1.1462793808405145e-01
-1.2226860370778063e-01
-1.3068289981139147e-01
-1.3997738634352760e-01
-1.5027405005306180e-01
-1.6172653708826859e-01
-1.7450905426092142e-01
-1.8883396776391204e-01
-2.0496153111675217e-01
-2.2319666893495835e-01
-2.4392654946050754e-01
-2.6762293520022595e-01
-2.9486676593122596e-01
-3.2640653403881642e-01
-3.6317759325055021e-01
-4.0639237739105932e-01
-4.5763953166638516e-01
-5.1899670597863024e-01
-5.9329114008771100e-01
-6.8437159228716093e-01
-7.9738823450140062e-01
-9.4013053725003604e-01
-1.1237333586785405e+00
-1.3649619390792656e+00
-1.6896676862508597e+00
-2.1379576512573695e+00
-2.7778973675829031e+00
-3.7174924344638880e+00
-5.1239773041721017e+00
-7.1411419180698497e+00
-9.2866579946752008e+00
-9.8678284034230099e+00
-9.2630922944526208e+00
-8.4909405488697516e+00
-6.6550479728109631e+00
-4.4527226421027839e+00
-2.9502560765569168e+00
-2.0410569795789311e+00
-1.4795144219400902e+00
-1.1159422992255901e+00
-8.6967384717920604e-01
-6.9602116920418300e-01
-5.6932231743133777e-01
-4.8354529809045854e-01
-5.8048485492522905e-01
-7.0865109971024054e-01
-8.8252095232546734e-01
-1.1255027428799593e+00
-1.4772183866522457e+00
-2.0056037217949787e+00
-2.8259770849783461e+00
-4.0906728569307509e+00
-5.6974291666126602e+00
-6.5311879687810546e+00
0.0000000000000000e+00
2.4055929233035767e-01
0.0000000000000000e+00
0.0000000000000000e+00
];
