%Vec Object:sol 1 MPI processes
%  type: mpi
sol = [
0.0000000000000000e+00
-1.9299053953738742e+01
-1.4711085233410046e+01
-9.5534678216785505e+00
-6.1220285705400803e+00
-4.1193862121170168e+00
-2.9226645440318264e+00
-2.1667145786037336e+00
-1.6651086675986679e+00
-1.3170827923257336e+00
-1.0663807520053590e+00
-8.8030927541493154e-01
-7.3869505470513186e-01
-6.2854106469965043e-01
-5.4116994243103267e-01
-4.7073723446064941e-01
-4.1319047074098458e-01
-3.6555428337821233e-01
-3.2562635926352707e-01
-2.9190620443157062e-01
-2.6317627730429610e-01
-2.3846009420720643e-01
-2.1707615411319617e-01
-1.9845719491604571e-01
-1.8212757853778327e-01
-1.6773331291099483e-01
-1.5499147614757108e-01
-1.4365099200108766e-01
-1.3350646023919618e-01
-1.2440909017201268e-01
-1.1621849352222952e-01
-1.0880386139780253e-01
-1.0208457163795338e-01
-9.5976837486407174e-02
-9.0396861483639804e-02
-8.5294486387258950e-02
-8.0618714381739148e-02
-7.6316341741844040e-02
-7.2351280227072878e-02
-6.8692828168785219e-02
-6.5306388221829617e-02
-6.2164378845858438e-02
-5.9248388746180998e-02
-5.6535535850126169e-02
-5.4003741757152744e-02
-5.1642221056002698e-02
-4.9435674384597526e-02
-4.7365821413404299e-02
-4.5426688027626144e-02
-4.3607614918070435e-02
-4.1894230426347073e-02
-4.0282495170306576e-02
-3.8764943006302066e-02
-3.7331017749243717e-02
-3.5976957741530598e-02
-3.4697824587849313e-02
-3.3485770106115441e-02
-3.2337276140707395e-02
-3.1249139888208616e-02
-3.0215460113032101e-02
-2.9232957417187747e-02
-2.8299624717636418e-02
-2.7410974690426259e-02
-2.6563972298584707e-02
-2.5757433416831243e-02
-2.4987905810571871e-02
-2.4252605757488839e-02
-2.3550911428706425e-02
-2.2880132425623426e-02
-2.2237741339887526e-02
-2.1623494838861924e-02
-2.1035265230253737e-02
-2.0470783048602486e-02
-1.9930052805198734e-02
-1.9411362847441636e-02
-1.8912699788314911e-02
-1.8434222966549584e-02
-1.7974527895189024e-02
-1.7531852553740519e-02
-1.7106444520250980e-02
-1.6697125046623410e-02
-1.6302376393614929e-02
-1.5922486943802414e-02
-1.5556442467517667e-02
-1.5202960781936243e-02
-1.4862337283871516e-02
-1.4533675991771144e-02
-1.4215920358317969e-02
-1.3909349036464274e-02
-1.3959298954537059e-02
-1.4297196499224070e-02
-1.4647653485564878e-02
-1.5010897969724131e-02
-1.5387241572972447e-02
-1.5778027846523244e-02
-1.6183507487637111e-02
-1.6604249217302209e-02
-1.7041686700338607e-02
-1.7496095277782602e-02
-1.7968374767920431e-02
-1.8460063206381917e-02
-1.8971466400947018e-02
-1.9503905284312797e-02
-2.0059043406118079e-02
-2.0637228508236342e-02
-2.1240313891248429e-02
-2.1870119047418660e-02
-2.2527053263997451e-02
-2.3213641334844964e-02
-2.3931902608857109e-02
-2.4682339664258073e-02
-2.5468325040102702e-02
-2.6291951428671537e-02
-2.7154432476582998e-02
-2.8059650104417824e-02
-2.9009968929097525e-02
-3.0007658419058995e-02
-3.1056835948422800e-02
-3.2160468627889127e-02
-3.3322232642466441e-02
-3.4547287002039684e-02
-3.5839005146028259e-02
-3.7202828614628314e-02
-3.8644892996852719e-02
-4.0169437055203247e-02
-4.1784310110230427e-02
-4.3496920803677772e-02
-4.5313166705854245e-02
-4.7243764978409625e-02
-4.9297703990422777e-02
-5.1484464913947765e-02
-5.3817557247854746e-02
-5.6308753769691938e-02
-5.8972608508444248e-02
-6.1826730256873998e-02
-6.4887099976935009e-02
-6.8175607071771185e-02
-7.1715946786098009e-02
-7.5530910928208003e-02
-7.9652985696655604e-02
-8.4114524013013572e-02
-8.8951850255981360e-02
-9.4210975760363205e-02
-9.9939286969718669e-02
-1.0619456894790683e-01
-1.1304494825959209e-01
-1.2056298885266827e-01
-1.2884187796198793e-01
-1.3798641646652143e-01
-1.4811657007945850e-01
-1.5938347879287879e-01
-1.7195848615355278e-01
-1.8605049237197038e-01
-2.0191552877539168e-01
-2.1985356225789085e-01
-2.4024553233626852e-01
-2.6355563257103687e-01
-2.9035552185062036e-01
-3.2138184578398199e-01
-3.5755522776961296e-01
-4.0006917728831570e-01
-4.5048777286492059e-01
-5.1079274270578867e-01
-5.8377259720631480e-01
-6.7322369982111385e-01
-7.8440454828629735e-01
-9.2485213319989767e-01
-1.1055400140917664e+00
-1.3429519012077149e+00
-1.6618892783879906e+00
-2.1032837227342083e+00
-2.7328686016406247e+00
-3.6580039266958893e+00
-5.0421428149261009e+00
-7.0268557601086421e+00
-9.1342702396841169e+00
-9.7053213109066174e+00
-9.1190462525511542e+00
-8.3680094249565276e+00
-6.5715183798636785e+00
-4.4052401970507180e+00
-2.9218187750917806e+00
-2.0224465300272181e+00
-1.4664275835896550e+00
-1.1062999817124697e+00
-8.6226834192107393e-01
-6.9010647413532322e-01
-5.6451073061938783e-01
-4.7946885124609134e-01
-5.7556059803172110e-01
-7.0259936907580323e-01
-8.7488040797732269e-01
-1.1156688546921487e+00
-1.4641427947510550e+00
-1.9873869872245571e+00
-2.7992159954143854e+00
-4.0488238365965339e+00
-5.6307068614460052e+00
-6.4473451908624568e+00
0.0000000000000000e+00
2.4055929233035767e-01
0.0000000000000000e+00
0.0000000000000000e+00
];
