%Vec Object:sol 1 MPI processes
%  type: mpi
sol = [
0.0000000000000000e+00
-1.7058803589448143e+01
-1.3383984840801373e+01
-8.9612389733353393e+00
-5.8377765597675175e+00
-3.9628787994983514e+00
-2.8249127285560083e+00
-2.1016109000471475e+00
-1.6188127586376151e+00
-1.2822356520500047e+00
-1.0396336366545491e+00
-8.5922184828929904e-01
-7.2170741833850716e-01
-6.1461333153442388e-01
-5.2958506840638142e-01
-4.6094307002047985e-01
-4.0479002594053531e-01
-3.5830290398834491e-01
-3.1935322128931309e-01
-2.8644291994473459e-01
-2.5839037098245343e-01
-2.3424684628258988e-01
-2.1335031516023578e-01
-1.9514920198269695e-01
-1.7918059173692030e-01
-1.6509998662194936e-01
-1.5263198540651896e-01
-1.4153193813672130e-01
-1.3159962843250059e-01
-1.2269014461502266e-01
-1.1466658346956898e-01
-1.0740122980563045e-01
-1.0081557127085906e-01
-9.4827846442334607e-02
-8.9356145355100058e-02
-8.4351595675159305e-02
-7.9764417389921113e-02
-7.5542571834486968e-02
-7.1650836028449974e-02
-6.8059253771769204e-02
-6.4733970680346115e-02
-6.1648014024274035e-02
-5.8783441647416911e-02
-5.6117858455460537e-02
-5.3629628519068447e-02
-5.1308269212039556e-02
-4.9138808533499917e-02
-4.7103294332483163e-02
-4.5195953292240361e-02
-4.3406354386286664e-02
-4.1720363627624171e-02
-4.0134087454672049e-02
-3.8640221769968959e-02
-3.7228378372678755e-02
-3.5894910300235311e-02
-3.4634994707554927e-02
-3.3440904039146582e-02
-3.2309210521946845e-02
-3.1236796014431429e-02
-3.0217847237968477e-02
-2.9249155766787750e-02
-2.8328778460779865e-02
-2.7452293053674481e-02
-2.6616719863203256e-02
-2.5820924600811784e-02
-2.5061503842265798e-02
-2.4335716593839509e-02
-2.3642981149660222e-02
-2.2980644217602226e-02
-2.2346210860086084e-02
-2.1739471102525616e-02
-2.1158325790283754e-02
-2.0600529646381156e-02
-2.0066115749898406e-02
-1.9553394584751898e-02
-1.9060370386702760e-02
-1.8587227315074138e-02
-1.8132578023694636e-02
-1.7694673593659789e-02
-1.7273784039985834e-02
-1.6868747914573445e-02
-1.6478059964330497e-02
-1.6102006506204154e-02
-1.5739540125789309e-02
-1.5389445647258523e-02
-1.5052003185910854e-02
-1.4726356968221107e-02
-1.4411456814092683e-02
-1.4107597625754064e-02
-1.4165219130816821e-02
-1.4515235829017231e-02
-1.4878355907525896e-02
-1.5254831744309775e-02
-1.5645000733911840e-02
-1.6050247221264854e-02
-1.6470850187565951e-02
-1.6907411649572528e-02
-1.7361413192343175e-02
-1.7833163156230316e-02
-1.8323604785762403e-02
-1.8834332452001633e-02
-1.9365690626275908e-02
-1.9919057244026768e-02
-2.0496162252411451e-02
-2.1097399032944365e-02
-2.1724695878002895e-02
-2.2379950944255610e-02
-2.3063627936089102e-02
-2.3778350378130031e-02
-2.4526231500307041e-02
-2.5307839565313225e-02
-2.6126677186231399e-02
-2.6984946681388504e-02
-2.7883954159549751e-02
-2.8827737852284794e-02
-2.9818788664541802e-02
-3.0859504921435105e-02
-3.1954496871065816e-02
-3.3106705333828701e-02
-3.4319957705122500e-02
-3.5599634491743519e-02
-3.6949315689473849e-02
-3.8374714094976434e-02
-3.9882269278368424e-02
-4.1476484238800425e-02
-4.3165587546885278e-02
-4.4957372840073985e-02
-4.6858094686863097e-02
-4.8878988981163891e-02
-5.1029534562643031e-02
-5.3319739744338193e-02
-5.5763793619950534e-02
-5.8374124129313289e-02
-6.1166060077472169e-02
-6.4158123257695432e-02
-6.7367193849362184e-02
-7.0816303106992953e-02
-7.4530404102595968e-02
-7.8533570512411083e-02
-8.2859975451713017e-02
-8.7543731153625182e-02
-9.2623145206685659e-02
-9.8146663795536201e-02
-1.0416426959650726e-01
-1.1073685688558273e-01
-1.1793620326065890e-01
-1.2583885929781180e-01
-1.3454299585496168e-01
-1.4415908637331809e-01
-1.5481363454068042e-01
-1.6666589100999993e-01
-1.7989650556224601e-01
-1.9472566834700447e-01
-2.1142319762260359e-01
-2.3030532527756739e-01
-2.5177346786576205e-01
-2.7631681325060553e-01
-3.0453781446275707e-01
-3.3721256327233079e-01
-3.7531102847705550e-01
-4.2007367019451008e-01
-4.7309972272633816e-01
-5.3657613762677070e-01
-6.1342085802302460e-01
-7.0760439552517274e-01
-8.2465764809674369e-01
-9.7250584053342293e-01
-1.1626850402266573e+00
-1.4121251518041065e+00
-1.7475182394916764e+00
-2.2115596353557470e+00
-2.8724021322097864e+00
-3.8442275655859524e+00
-5.2971054561957258e+00
-7.3815385373874225e+00
-9.6066997354394168e+00
-1.0203827008745279e+01
-9.5627384904117108e+00
-8.7453611615306528e+00
-6.8259896533303781e+00
-4.5501161618698491e+00
-3.0084811828671989e+00
-2.0791259263424697e+00
-1.5061331559058551e+00
-1.1356445123485022e+00
-8.8479840393232456e-01
-7.0803426283668802e-01
-5.7914434205498688e-01
-4.9186412813526903e-01
-5.9053063697504538e-01
-7.2099265086703512e-01
-8.9803787740645602e-01
-1.1455443017100793e+00
-1.5038517308409431e+00
-2.0426904735520703e+00
-2.8804257203561083e+00
-4.1757808167357968e+00
-5.8332660468763118e+00
-6.7022318352532535e+00
0.0000000000000000e+00
2.4055929233035767e-01
0.0000000000000000e+00
0.0000000000000000e+00
];
