%Vec Object:sol 1 MPI processes
%  type: mpi
sol = [
0.0000000000000000e+00
-2.7115377874709839e+01
-2.0486482561430456e+01
-1.3016359309726086e+01
-8.1729364501713988e+00
-5.4202663448125783e+00
-3.8070269918077191e+00
-2.8033228735496136e+00
-2.1433571720774443e+00
-1.6881421695029142e+00
-1.3627908975826331e+00
-1.1224059215040332e+00
-9.4010376674632445e-01
-7.9864398575982998e-01
-6.8654164739336565e-01
-5.9639794401771218e-01
-5.2290018462901899e-01
-4.6218652606133848e-01
-4.1141572575770291e-01
-3.6858828856682058e-01
-3.3213600754138295e-01
-3.0080655367619258e-01
-2.7372274923277545e-01
-2.5015767452446019e-01
-2.2950419354308474e-01
-2.1130946710570656e-01
-1.9521174648673018e-01
-1.8089150532955633e-01
-1.6808753048964864e-01
-1.5660963952125465e-01
-1.4627947813382838e-01
-1.3693163689839991e-01
-1.2846289844405517e-01
-1.2076698582022077e-01
-1.1373826153688166e-01
-1.0731264526394896e-01
-1.0142562336899325e-01
-9.6006320147321994e-02
-9.1012701384136599e-02
-8.6406226106637785e-02
-8.2143256904610426e-02
-7.8188908826690218e-02
-7.4519646735420164e-02
-7.1106609692396738e-02
-6.7922032481115932e-02
-6.4952037751738981e-02
-6.2177316825500727e-02
-5.9574989913080807e-02
-5.7137275814810630e-02
-5.4850720287602954e-02
-5.2697376109612788e-02
-5.0671968801257919e-02
-4.8765068201054043e-02
-4.6963494317702886e-02
-4.5262406196670747e-02
-4.3655546257671748e-02
-4.2133115900995631e-02
-4.0690635236837081e-02
-3.9324026341608767e-02
-3.8025920745754144e-02
-3.6792174016660961e-02
-3.5620211545205969e-02
-3.4504429386134058e-02
-3.3441012380943373e-02
-3.2428422288146880e-02
-3.1462346931420533e-02
-3.0539300240620532e-02
-2.9658453817671786e-02
-2.8816446455079348e-02
-2.8010121378649788e-02
-2.7239129690682422e-02
-2.6500812850846774e-02
-2.5792341332537598e-02
-2.5113681927486357e-02
-2.4462695901567900e-02
-2.3836875950708793e-02
-2.3236387743532101e-02
-2.2659476607372109e-02
-2.2103949780375564e-02
-2.1570088115177310e-02
-2.1056419441998792e-02
-2.0561055566489475e-02
-2.0084332753836004e-02
-1.9624984946982033e-02
-1.9181416934417994e-02
-1.8753977719218509e-02
-1.8341549589983894e-02
-1.7942817561706841e-02
-1.7558113247481858e-02
-1.7623430691458115e-02
-1.8052354162790163e-02
-1.8497227601259450e-02
-1.8958353976544214e-02
-1.9436140442062915e-02
-1.9932269325380045e-02
-2.0447075150541033e-02
-2.0981286500423125e-02
-2.1536702072625435e-02
-2.2113691158476615e-02
-2.2713396399732931e-02
-2.3337751398936010e-02
-2.3987168293171508e-02
-2.4663316589307521e-02
-2.5368292094741327e-02
-2.6102565084502895e-02
-2.6868471437239180e-02
-2.7668308280752372e-02
-2.8502629759578645e-02
-2.9374612648756834e-02
-3.0286811598493741e-02
-3.1239905749273548e-02
-3.2238134056982538e-02
-3.3284155092538278e-02
-3.4379540311538240e-02
-3.5529171962017186e-02
-3.6736053732281636e-02
-3.8003076652447787e-02
-3.9335808429966743e-02
-4.0737791933017027e-02
-4.2213642402314740e-02
-4.3769850671626524e-02
-4.5410725931746256e-02
-4.7143155081602668e-02
-4.8974898196497252e-02
-5.0911371099795870e-02
-5.2962487983176279e-02
-5.5137630176060569e-02
-5.7444316459582527e-02
-5.9896073129166054e-02
-6.2504296572587104e-02
-6.5281016286349719e-02
-6.8243293838841868e-02
-7.1406056066331339e-02
-7.4787716797890633e-02
-7.8410520948153845e-02
-8.2294721707244625e-02
-8.6467962002779716e-02
-9.0960173835014091e-02
-9.5800210627787430e-02
-1.0102904448449131e-01
-1.0668753857340717e-01
-1.1282156395137001e-01
-1.1948912369604661e-01
-1.2675001149115439e-01
-1.3467705802844099e-01
-1.4335606983239668e-01
-1.5287848764391826e-01
-1.6336155748360326e-01
-1.7493712049557897e-01
-1.8775605063818235e-01
-2.0200820516728682e-01
-2.1790877042062953e-01
-2.3571988345211944e-01
-2.5574880718605847e-01
-2.7836589309867915e-01
-3.0405834426142225e-01
-3.3340422961267091e-01
-3.6711456955414262e-01
-4.0610438917158292e-01
-4.5151557358267069e-01
-5.0482624530188636e-01
-5.6797030486792233e-01
-6.4347269110496474e-01
-7.3476370475145403e-01
-8.4650433428746086e-01
-9.8516681173756737e-01
-1.1595391731569320e+00
-1.3833125815171010e+00
-1.6765818314277625e+00
-2.0703821282400927e+00
-2.6118421235640592e+00
-3.3822522008017106e+00
-4.5088542311973674e+00
-6.1911268803590502e+00
-8.6086330947587602e+00
-1.1206289344024315e+01
-1.1852507889364432e+01
-1.0975906485046741e+01
-9.9149226881108259e+00
-7.5825815019773639e+00
-4.9666161006089391e+00
-3.2526447782117947e+00
-2.2359490239599942e+00
-1.6145666699362000e+00
-1.2147921013501997e+00
-9.4509864541570043e-01
-7.5539395886777860e-01
-6.1730950371920257e-01
-5.2393907144977214e-01
-6.2897951494194304e-01
-7.6790056275952756e-01
-9.5634615311185645e-01
-1.2200574353037372e+00
-1.6023365733392823e+00
-2.1781891437832770e+00
-3.0773795324853026e+00
-4.4819423158685039e+00
-6.3201735581050853e+00
-7.3178439782332365e+00
0.0000000000000000e+00
1.3464638167935297e-01
0.0000000000000000e+00
0.0000000000000000e+00
];
