%Vec Object:sol 1 MPI processes
%  type: mpi
sol = [
0.0000000000000000e+00
-2.7800394071499770e+01
-1.9065988922386087e+01
-1.1303393622451949e+01
-6.9166686919841665e+00
-4.5469320444652723e+00
-3.1824743019069559e+00
-2.3399105829083577e+00
-1.7875430065517901e+00
-1.4079834636794952e+00
-1.1362090319209788e+00
-9.3537950104213641e-01
-7.8308361363131251e-01
-6.6496026067387959e-01
-5.7148711587163403e-01
-4.9628300395437186e-01
-4.3492872358667312e-01
-3.8419021111817858e-01
-3.4175585687619753e-01
-3.0595995163598755e-01
-2.7549314016641063e-01
-2.4930764977488584e-01
-2.2667256000651126e-01
-2.0698054378495845e-01
-1.8972327505719230e-01
-1.7452256371971034e-01
-1.6107635172293594e-01
-1.4911705821894070e-01
-1.3842597213293703e-01
-1.2884449234717557e-01
-1.2022329332947392e-01
-1.1242354222920208e-01
-1.0535932998168666e-01
-9.8941678154793683e-02
-9.3081870319329824e-02
-8.7726524441357839e-02
-8.2821531011306598e-02
-7.8310651561740510e-02
-7.4155598643375537e-02
-7.0323781157157081e-02
-6.6778669772775009e-02
-6.3491113596853943e-02
-6.0441525308401231e-02
-5.7605760221722035e-02
-5.4960582662466118e-02
-5.2494458944298675e-02
-5.0191244459832751e-02
-4.8031788144531372e-02
-4.6009628185823728e-02
-4.4113517136042384e-02
-4.2328448251886017e-02
-4.0650027905867275e-02
-3.9070373850472094e-02
-3.7578481399580012e-02
-3.6170304843537948e-02
-3.4840611657877989e-02
-3.3581232151317197e-02
-3.2388419291766550e-02
-3.1258778043467418e-02
-3.0186108972774774e-02
-2.9166918396824615e-02
-2.8198957965052104e-02
-2.7277750400739140e-02
-2.6400114886036847e-02
-2.5564741201425756e-02
-2.4768045957611215e-02
-2.4007131807803252e-02
-2.3281275911866028e-02
-2.2587688455478289e-02
-2.1923754991242946e-02
-2.1289148350005650e-02
-2.0681664572114584e-02
-2.0098968922308984e-02
-1.9540994048295311e-02
-1.9005969248754695e-02
-1.8491833425261204e-02
-1.7998682633191695e-02
-1.7525066489911714e-02
-1.7069189098767229e-02
-1.6631241188154785e-02
-1.6210008464682776e-02
-1.5803949847189892e-02
-1.5413301988495900e-02
-1.5037023566071926e-02
-1.4673816661572766e-02
-1.4323929302824502e-02
-1.3986445599563918e-02
-1.3660298268718896e-02
-1.3345722579218589e-02
-1.3373538660650882e-02
-1.3676598882919073e-02
-1.3990606224807920e-02
-1.4315713493931081e-02
-1.4652152662386408e-02
-1.5001146447591202e-02
-1.5362857567914501e-02
-1.5737752549173079e-02
-1.6127122107722276e-02
-1.6531138345581470e-02
-1.6950568506589495e-02
-1.7386781398020870e-02
-1.7839961148836798e-02
-1.8311255334754341e-02
-1.8802126653070964e-02
-1.9312778358854851e-02
-1.9844836210394338e-02
-2.0399880091655637e-02
-2.0978146011956737e-02
-2.1581859438021503e-02
-2.2212751807801637e-02
-2.2871115409984766e-02
-2.3559928390783164e-02
-2.4280946979930662e-02
-2.5035089050475832e-02
-2.5825749732176502e-02
-2.6654880104803245e-02
-2.7524325105469951e-02
-2.8437909269305991e-02
-2.9397906312047032e-02
-3.0407363507742060e-02
-3.1470688036877095e-02
-3.2590621461272382e-02
-3.3771783295559847e-02
-3.5019388129283513e-02
-3.6336864317206660e-02
-3.7730912855200631e-02
-3.9207771462159834e-02
-4.0772242405423056e-02
-4.2433470607662394e-02
-4.4198946597121563e-02
-4.6076539031493245e-02
-4.8077690465778394e-02
-5.0212167665435348e-02
-5.2492157607889785e-02
-5.4932483539671076e-02
-5.7546367023652914e-02
-6.0352209168443915e-02
-6.3369856452507811e-02
-6.6618160789937278e-02
-7.0124449939958977e-02
-7.3915676430042709e-02
-7.8022071771257084e-02
-8.2482180522520404e-02
-8.7335401959471856e-02
-9.2629963599596285e-02
-9.8422766214031454e-02
-1.0477408370888772e-01
-1.1176176429093639e-01
-1.1947311998323262e-01
-1.2800793322706494e-01
-1.3749232232262251e-01
-1.4806886679507969e-01
-1.5991155941009894e-01
-1.7323378246941998e-01
-1.8828510652040301e-01
-2.0538301966740330e-01
-2.2491417141687334e-01
-2.4735456973160744e-01
-2.7331827223260219e-01
-3.0355929329170106e-01
-3.3906178210342425e-01
-3.8114056159588960e-01
-4.3149664854527781e-01
-4.9244651727637501e-01
-5.6714426992009925e-01
-6.5998736404708769e-01
-7.7728345247741637e-01
-9.2822115273447359e-01
-1.1264030867822481e+00
-1.3931567631113129e+00
-1.7625306528171978e+00
-2.2894826521392138e+00
-3.0640004047112948e+00
-4.2201089533120379e+00
-5.8629917610447402e+00
-7.5668667894880643e+00
-8.0301221458967440e+00
-7.6105091165611265e+00
-7.0580584975380072e+00
-5.6694993177883344e+00
-3.8852873177801279e+00
-2.6086015163329352e+00
-1.8174444564864429e+00
-1.3225802524649211e+00
-9.9997632739481757e-01
-7.8042897743748985e-01
-6.2508703569763491e-01
-5.1155765322881963e-01
-4.3456981356216462e-01
-5.2127650251730229e-01
-6.3580776021429286e-01
-7.9096063100323966e-01
-1.0074130524032499e+00
-1.3197743811747651e+00
-1.7866430731852077e+00
-2.5043955357362373e+00
-3.5875612996822142e+00
-4.9001688787473281e+00
-5.5378779881447286e+00
0.0000000000000000e+00
2.4055929233035767e-01
0.0000000000000000e+00
0.0000000000000000e+00
];
