%Vec Object:sol 1 MPI processes
%  type: mpi
sol = [
0.0000000000000000e+00
-2.5710036179608160e+01
-1.8088136533878743e+01
-1.0936369415688365e+01
-6.7537842982602747e+00
-4.4607039713096421e+00
-3.1310277520666916e+00
-2.3057337097628459e+00
-1.7638427458755255e+00
-1.3900059760677541e+00
-1.1225115957243559e+00
-9.2468667906504076e-01
-7.7454201867512784e-01
-6.5800842119104486e-01
-5.6565096417611560e-01
-4.9130993029605902e-01
-4.3066343493988590e-01
-3.8054247674813058e-01
-3.3861200651075640e-01
-3.0323159210489981e-01
-2.7311106145825709e-01
-2.4721747122269497e-01
-2.2483010579707122e-01
-2.0534988609828661e-01
-1.8827519720857164e-01
-1.7323278687151050e-01
-1.5992448530448602e-01
-1.4808606354434511e-01
-1.3750150502668909e-01
-1.2801417779326918e-01
-1.1947655411539007e-01
-1.1175141749520090e-01
-1.0475390706599309e-01
-9.8396080539324887e-02
-9.2590207156526133e-02
-8.7283539867044097e-02
-8.2422532665216472e-02
-7.7949600783724524e-02
-7.3829214507812463e-02
-7.0029103852346203e-02
-6.6513080921591097e-02
-6.3252269561087052e-02
-6.0227281380194404e-02
-5.7414195759573537e-02
-5.4789985001299731e-02
-5.2343240847872702e-02
-5.0057969005121730e-02
-4.7915178413401441e-02
-4.5908487977937514e-02
-4.4026755261980070e-02
-4.2255091603895831e-02
-4.0589162622465813e-02
-3.9021160536532797e-02
-3.7540164303516955e-02
-3.6142177140838345e-02
-3.4822018955576808e-02
-3.3571580060295245e-02
-3.2387154786734249e-02
-3.1265364690789117e-02
-3.0200118270032494e-02
-2.9187987312078965e-02
-2.8226833127004254e-02
-2.7312027938924073e-02
-2.6440419573429966e-02
-2.5610721979794183e-02
-2.4819377836104373e-02
-2.4063512229521810e-02
-2.3342421635754042e-02
-2.2653335946334646e-02
-2.1993657953933335e-02
-2.1363076525821229e-02
-2.0759402782061356e-02
-2.0180314932511805e-02
-1.9625759411996142e-02
-1.9093977166725260e-02
-1.8582916553474743e-02
-1.8092685825954139e-02
-1.7621843635662444e-02
-1.7168600772887458e-02
-1.6733158991549504e-02
-1.6314310978201543e-02
-1.5910520220024239e-02
-1.5522033470327603e-02
-1.5147814709054021e-02
-1.4786569051251074e-02
-1.4438553836698913e-02
-1.4102857048874106e-02
-1.3778413427909047e-02
-1.3465466827107003e-02
-1.3497919600945896e-02
-1.3808317081703880e-02
-1.4130006013285108e-02
-1.4463155587865024e-02
-1.4808015116612082e-02
-1.5165833136530036e-02
-1.5536791567845761e-02
-1.5921379119062135e-02
-1.6320917146563866e-02
-1.6735600340656187e-02
-1.7166224654080076e-02
-1.7614195277331927e-02
-1.8079723028095740e-02
-1.8563992956522595e-02
-1.9068511071812091e-02
-1.9593512396624636e-02
-2.0140671821173298e-02
-2.0711621050049943e-02
-2.1306634275490774e-02
-2.1928001557041436e-02
-2.2577516776257495e-02
-2.3255518650921438e-02
-2.3965070432244263e-02
-2.4708001778284295e-02
-2.5485295394564365e-02
-2.6300451193540471e-02
-2.7155509531889690e-02
-2.8052407200576557e-02
-2.8995097355475483e-02
-2.9985964483426941e-02
-3.1028184901845515e-02
-3.2126325842472651e-02
-3.3283268598887104e-02
-3.4503813238754399e-02
-3.5793376647424248e-02
-3.7155566865313155e-02
-3.8597337092721958e-02
-4.0125183148815587e-02
-4.1744150417328152e-02
-4.3463729600934975e-02
-4.5291742675083305e-02
-4.7236415687472284e-02
-4.9309647320308597e-02
-5.1521649516089819e-02
-5.3885133783044006e-02
-5.6415540101656572e-02
-5.9126704082162189e-02
-6.2037800438685495e-02
-6.5169530599619205e-02
-6.8541625311285048e-02
-7.2182558313619805e-02
-7.6120486279095415e-02
-8.0387000831588992e-02
-8.5022311221065572e-02
-9.0067603336656449e-02
-9.5573241918511603e-02
-1.0159863961350145e-01
-1.0820682859774891e-01
-1.1547909595395210e-01
-1.2350668301927278e-01
-1.3239391544020424e-01
-1.4227254309277446e-01
-1.5329163605315874e-01
-1.6563307200280372e-01
-1.7951987838605721e-01
-1.9521136987260007e-01
-2.1302800462896040e-01
-2.3338294199599122e-01
-2.5677272635246551e-01
-2.8383769079815768e-01
-3.1537771377060259e-01
-3.5243010147615000e-01
-3.9635454229446859e-01
-4.4892930659116731e-01
-5.1257585714416198e-01
-5.9059149908503938e-01
-6.8757354840505047e-01
-8.1011650104230404e-01
-9.6757238268549717e-01
-1.1744779168410955e+00
-1.4531555930686395e+00
-1.8390580065131676e+00
-2.3889945631478704e+00
-3.1983372673485344e+00
-4.4075369193097504e+00
-6.1297553313351498e+00
-7.9298379790963711e+00
-8.4208194110008190e+00
-7.9646445755658357e+00
-7.3670820221065316e+00
-5.8842660849696360e+00
-4.0093600068522344e+00
-2.6832656864780948e+00
-1.8662011906390481e+00
-1.3567842219796817e+00
-1.0251220162290324e+00
-7.9968742443781171e-01
-6.4038261629925386e-01
-5.2397876023636247e-01
-4.4505709120756737e-01
-5.3390404992519558e-01
-6.5128024935149720e-01
-8.1037613838147626e-01
-1.0324155575280560e+00
-1.3529599556976801e+00
-1.8327974878164968e+00
-2.5719444591376877e+00
-3.6930556204636442e+00
-5.0658186695549823e+00
-5.7424111775726612e+00
0.0000000000000000e+00
2.4055929233035767e-01
0.0000000000000000e+00
0.0000000000000000e+00
];
