%Vec Object:sol 1 MPI processes
%  type: mpi
sol = [
0.0000000000000000e+00
-2.6398922262298289e+01
-2.0096985236426537e+01
-1.2870262211034028e+01
-8.1120214272814657e+00
-5.3910792176365225e+00
-3.7916513347479857e+00
-2.7930144778651909e+00
-2.1366604488834327e+00
-1.6836870776821093e+00
-1.3593511536794609e+00
-1.1196833069174044e+00
-9.3790647133414407e-01
-7.9690568841282461e-01
-6.8532788685960111e-01
-5.9551172077166037e-01
-5.2215898224651569e-01
-4.6156342782276194e-01
-4.1089008052019022e-01
-3.6814374513003145e-01
-3.3175957087296537e-01
-3.0048788096490564e-01
-2.7345332604164324e-01
-2.4993049970358780e-01
-2.2931351641928890e-01
-2.1115046496546819e-01
-1.9508033910523040e-01
-1.8078425796346587e-01
-1.6800153043554003e-01
-1.5654236567217159e-01
-1.4622876581560254e-01
-1.3689563723052359e-01
-1.2843998165277615e-01
-1.2075573259119544e-01
-1.1373744518813649e-01
-1.0732118081094680e-01
-1.0144239609102561e-01
-9.6034203796976025e-02
-9.1050872341287295e-02
-8.6453475368080707e-02
-8.2198531983601872e-02
-7.8251287822547644e-02
-7.4588319552580370e-02
-7.1180864183673254e-02
-6.8001239206736522e-02
-6.5035641000324315e-02
-6.2264824681953587e-02
-5.9665962199274065e-02
-5.7231323892612825e-02
-5.4947498481184388e-02
-5.2796570763058444e-02
-5.0773303420597354e-02
-4.8868296124483207e-02
-4.7068389359743876e-02
-4.5368768337163377e-02
-4.3763197534590174e-02
-4.2241890358428791e-02
-4.0800388266489969e-02
-3.9434689520176952e-02
-3.8136958654647814e-02
-3.6903253538265617e-02
-3.5731273689672667e-02
-3.4615436377678881e-02
-3.3551929143150958e-02
-3.2539221152586853e-02
-3.1573000237582721e-02
-3.0649781042706895e-02
-2.9768742311965038e-02
-2.8926522637399116e-02
-2.8119964458561571e-02
-2.7348725807624399e-02
-2.6610147804725405e-02
-2.5901399057172821e-02
-2.5222453078006503e-02
-2.4571170672280596e-02
-2.3945041956819239e-02
-2.3344239085356575e-02
-2.2767006788959116e-02
-2.2211149331159360e-02
-2.1676953771400189e-02
-2.1162947175921921e-02
-2.0667238256038188e-02
-2.0190169154723252e-02
-1.9730472840967860e-02
-1.9286551127223328e-02
-1.8858758513476435e-02
-1.8445976058052635e-02
-1.8046886124223321e-02
-1.7661825389711117e-02
-1.7729411721180695e-02
-1.8162844431158488e-02
-1.8612419387542000e-02
-1.9078447041717475e-02
-1.9561342697683060e-02
-2.0062804242015789e-02
-2.0583174841697485e-02
-2.1123194115033384e-02
-2.1684678559959494e-02
-2.2268007481759073e-02
-2.2874338389611105e-02
-2.3505625322182196e-02
-2.4162292076296939e-02
-2.4846028083593319e-02
-2.5558952734263948e-02
-2.6301549997711338e-02
-2.7076182288307497e-02
-2.7885174152789384e-02
-2.8729096010387641e-02
-2.9611159787517011e-02
-3.0533952319441827e-02
-3.1498172368570804e-02
-3.2508105269420426e-02
-3.3566446059080955e-02
-3.4674795542801104e-02
-3.5838091718939064e-02
-3.7059381551004897e-02
-3.8341599749507890e-02
-3.9690380678266746e-02
-4.1109319889570894e-02
-4.2603095662590060e-02
-4.4178279804977245e-02
-4.5839246895201337e-02
-4.7592973186152528e-02
-4.9447318893119152e-02
-5.1407782781386142e-02
-5.3484404358264383e-02
-5.5686689917570496e-02
-5.8022270283690204e-02
-6.0504842378524708e-02
-6.3145959286268677e-02
-6.5957817890393025e-02
-6.8957700196730323e-02
-7.2160740178894206e-02
-7.5585598623008315e-02
-7.9254812754976894e-02
-8.3188917327792961e-02
-8.7415918703738188e-02
-9.1966146502612867e-02
-9.6868852278341702e-02
-1.0216554187787366e-01
-1.0789762654687833e-01
-1.1411159252234859e-01
-1.2086620269473705e-01
-1.2822204985106250e-01
-1.3625292348725052e-01
-1.4504575337424749e-01
-1.5469319166631298e-01
-1.6531400635103216e-01
-1.7704175568878772e-01
-1.9002927766282507e-01
-2.0446886818139676e-01
-2.2057848215738599e-01
-2.3862360129040081e-01
-2.5892929796110958e-01
-2.8187620615795506e-01
-3.0794713680517932e-01
-3.3772988345159244e-01
-3.7194364285622300e-01
-4.1145750568577205e-01
-4.5747572903014211e-01
-5.1149447053182473e-01
-5.7547087590500390e-01
-6.5195971332048319e-01
-7.4443106925968705e-01
-8.5759883306250717e-01
-9.9801814717276804e-01
-1.1750656730380229e+00
-1.4017113727971895e+00
-1.6985549797659660e+00
-2.0970107403764335e+00
-2.6458236346673654e+00
-3.4248468033260440e+00
-4.5651692573940021e+00
-6.2668004062924165e+00
-8.7120992530916830e+00
-1.1341419238578654e+01
-1.1990282269589635e+01
-1.1095084777996489e+01
-1.0014203628404990e+01
-7.6468756878135293e+00
-5.0024410886095314e+00
-3.2738467505594606e+00
-2.2497425237281776e+00
-1.6242331553388631e+00
-1.2218933108552092e+00
-9.5054087186673342e-01
-7.5973655296504894e-01
-6.2083749928944976e-01
-5.2692478156057543e-01
-6.3258215437666343e-01
-7.7232229241210670e-01
-9.6192323351516917e-01
-1.2272217137692398e+00
-1.6118972439095975e+00
-2.1913965730572382e+00
-3.0967261602620222e+00
-4.5121482397807382e+00
-6.3687069883548908e+00
-7.3797702702675636e+00
0.0000000000000000e+00
1.3464638167935297e-01
0.0000000000000000e+00
0.0000000000000000e+00
];
