%Vec Object:sol 1 MPI processes
%  type: mpi
sol = [
0.0000000000000000e+00
-2.5238171927944535e+01
-1.7858808459829167e+01
-1.0849576293260917e+01
-6.7145546644655960e+00
-4.4399399070916870e+00
-3.1187490844810593e+00
-2.2973072955815281e+00
-1.7576946463866743e+00
-1.3857459613805601e+00
-1.1191705040298252e+00
-9.2200215821110232e-01
-7.7234266340164670e-01
-6.5617767100318514e-01
-5.6419842359455452e-01
-4.9013864287147857e-01
-4.2965661810307471e-01
-3.7967008197008623e-01
-3.3785095834113166e-01
-3.0256361320491459e-01
-2.7252161466869140e-01
-2.4669498405034115e-01
-2.2436504098163282e-01
-2.0493439114515749e-01
-1.8790282003306980e-01
-1.7289810789111959e-01
-1.5962290605052162e-01
-1.4781370850818604e-01
-1.3725508536248734e-01
-1.2779083096045063e-01
-1.1927381547353978e-01
-1.1156718670939042e-01
-1.0458631482681727e-01
-9.8243492074040970e-02
-9.2451215322690114e-02
-8.7156880825840166e-02
-8.2307136946570589e-02
-7.7846491407093529e-02
-7.3737189788480664e-02
-6.9947097812761344e-02
-6.6440159531675078e-02
-6.3187606441865163e-02
-6.0170133090288694e-02
-5.7363902950455875e-02
-5.4745963897520664e-02
-5.2304959754799145e-02
-5.0024951318962958e-02
-4.7887001985354206e-02
-4.5884764286912752e-02
-4.4007133284109635e-02
-4.2239258737037100e-02
-4.0576836823560725e-02
-3.9011922145367493e-02
-3.7533476206056043e-02
-3.6137849305139670e-02
-3.4819898513948490e-02
-3.3571527993333128e-02
-3.2389041635233692e-02
-3.1269069999473535e-02
-3.0205531661649378e-02
-2.9195006119239027e-02
-2.8235361456227705e-02
-2.7321977334865244e-02
-2.6451707713303799e-02
-2.5623271825853028e-02
-2.4833117913318326e-02
-2.4078375863395861e-02
-2.3358346434158010e-02
-2.2670263734532559e-02
-2.2011534232142201e-02
-2.1381850398491629e-02
-2.0779026589267346e-02
-2.0200743752877379e-02
-1.9646951461963099e-02
-1.9115893166670093e-02
-1.8605519199624207e-02
-1.8115940620501668e-02
-1.7645718024138363e-02
-1.7193063572416938e-02
-1.6758181577001673e-02
-1.6339866223502711e-02
-1.5936581910954064e-02
-1.5548577750597096e-02
-1.5174818854912779e-02
-1.4814010922047198e-02
-1.4466413475189763e-02
-1.4131115314530511e-02
-1.3807051553130925e-02
-1.3494468062757503e-02
-1.3528012664120924e-02
-1.3840153879862547e-02
-1.4163667500683591e-02
-1.4498726505440183e-02
-1.4845584215995990e-02
-1.5205495240682512e-02
-1.5578645927903360e-02
-1.5965530129332151e-02
-1.6367476383398003e-02
-1.6784684577443917e-02
-1.7217957332167792e-02
-1.7668708339753172e-02
-1.8137154543233634e-02
-1.8624489706407531e-02
-1.9132229927908882e-02
-1.9660617502968072e-02
-2.0211338751982409e-02
-2.0786037413951717e-02
-2.1384996400199155e-02
-2.2010520796965100e-02
-2.2664418942672893e-02
-2.3347040130585014e-02
-2.4061467400819485e-02
-2.4809547339145407e-02
-2.5592277470423384e-02
-2.6413181999918420e-02
-2.7274321795516900e-02
-2.8177654701441675e-02
-2.9127163591774339e-02
-3.0125258322044816e-02
-3.1175144823174471e-02
-3.2281427180601369e-02
-3.3447018587880281e-02
-3.4676760553323409e-02
-3.5976116381285159e-02
-3.7348735004359798e-02
-3.8801627469344485e-02
-4.0341348592862043e-02
-4.1972998976007175e-02
-4.3706148472842196e-02
-4.5548694489935031e-02
-4.7508944262102192e-02
-4.9598900467453265e-02
-5.1828875981442646e-02
-5.4211701350249858e-02
-5.6762956584718964e-02
-5.9496615969624106e-02
-6.2432029440300456e-02
-6.5590091673543641e-02
-6.8990731121474441e-02
-7.2662680300180277e-02
-7.6634366608018673e-02
-8.0937686910080603e-02
-8.5613224391392156e-02
-9.0702564550379769e-02
-9.6256550037859018e-02
-1.0233515445803260e-01
-1.0900202336213462e-01
-1.1633920907527311e-01
-1.2443882439479595e-01
-1.3340619942504020e-01
-1.4337432848618825e-01
-1.5449370989691999e-01
-1.6694795256964323e-01
-1.8096219646276943e-01
-1.9679992993905346e-01
-2.1479617244385973e-01
-2.3535903081102719e-01
-2.5899102136282126e-01
-2.8633079604424067e-01
-3.1817351828804880e-01
-3.5558176094143973e-01
-3.9992807198874075e-01
-4.5300745580992219e-01
-5.1726395440511419e-01
-5.9602538035733732e-01
-6.9393118561831457e-01
-8.1763565413741790e-01
-9.7683323809431466e-01
-1.1857209233829262e+00
-1.4670338110505547e+00
-1.8566031110557495e+00
-2.4121104082988083e+00
-3.2293740303951028e+00
-4.4502315339926248e+00
-6.1914281505708200e+00
-8.0122280314141925e+00
-8.5092877719916604e+00
-8.0455193584972307e+00
-7.4375219680009090e+00
-5.9331734977020467e+00
-4.0376241726846276e+00
-2.7003241482314726e+00
-1.8774017056153771e+00
-1.3646403412263104e+00
-1.0309406110485193e+00
-8.0415875048933871e-01
-6.4392991720473292e-01
-5.2688324295604427e-01
-4.4751750255435074e-01
-5.3687599944078790e-01
-6.5493305794749312e-01
-8.1496160863728706e-01
-1.0383547573859544e+00
-1.3608645447500509e+00
-1.8438215191488232e+00
-2.5880978482655790e+00
-3.7183309803955078e+00
-5.1057582666334316e+00
-5.7919236513175871e+00
0.0000000000000000e+00
2.4055929233035767e-01
0.0000000000000000e+00
0.0000000000000000e+00
];
