%Vec Object:sol 1 MPI processes
%  type: mpi
sol = [
0.0000000000000000e+00
-6.4899296409408350e+01
-3.3381102899344150e+01
-1.6579364016429757e+01
-9.3893876754299388e+00
-5.9389129694102092e+00
-4.0665936755871419e+00
-2.9486234258119697e+00
-2.2306341872988593e+00
-1.7443271960178568e+00
-1.3998820086493953e+00
-1.1474332959075715e+00
-9.5715987045057815e-01
-8.1018720018977297e-01
-6.9430336199232212e-01
-6.0140494369364450e-01
-5.2586212132179522e-01
-4.6360251317758860e-01
-4.1164278515206776e-01
-3.6789375383556933e-01
-3.3072020674650293e-01
-2.9881886333421814e-01
-2.7127119971259073e-01
-2.4732761551441448e-01
-2.2637133560535386e-01
-2.0793440159027787e-01
-1.9164359500983913e-01
-1.7716941539362491e-01
-1.6424295377825796e-01
-1.5266889798607247e-01
-1.4226405668296149e-01
-1.3285870827049262e-01
-1.2434720446025450e-01
-1.1662072143034265e-01
-1.0957124949676203e-01
-1.0313331747100438e-01
-9.7240873153002227e-02
-9.1825624685914431e-02
-8.6840851136937708e-02
-8.2246768352174024e-02
-7.7999102198201345e-02
-7.4062475766247027e-02
-7.0412929269183827e-02
-6.7021233888753223e-02
-6.3859351786133542e-02
-6.0913097238144850e-02
-5.8162932353114226e-02
-5.5585882075382037e-02
-5.3173900709319016e-02
-5.0913383078968866e-02
-4.8786399858840208e-02
-4.6787451565720506e-02
-4.4907001124574832e-02
-4.3131927873059896e-02
-4.1457233248136473e-02
-3.9876562127670483e-02
-3.8380191599530822e-02
-3.6963546958187647e-02
-3.5622449281581189e-02
-3.4349608467493652e-02
-3.3140840671029209e-02
-3.1993461248716826e-02
-3.0901940583076944e-02
-2.9862470359743643e-02
-2.8873392112545585e-02
-2.7930461383154907e-02
-2.7030235603565746e-02
-2.6171757062636247e-02
-2.5351725037713723e-02
-2.4567054328782836e-02
-2.3817259565755963e-02
-2.3099736296477529e-02
-2.2411746445816796e-02
-2.1753115682530272e-02
-2.1121754583271615e-02
-2.0515259535050619e-02
-1.9933653200870430e-02
-1.9375227470315743e-02
-1.8837898540785734e-02
-1.8321805123800630e-02
-1.7825521048149703e-02
-1.7347266041886401e-02
-1.6887237748549774e-02
-1.6444217723227163e-02
-1.6016711865053802e-02
-1.5604936609664454e-02
-1.5207825733472468e-02
-1.4824153711054769e-02
-1.4454130008279630e-02
-1.4455310762662483e-02
-1.4753012844453985e-02
-1.5060857154028247e-02
-1.5378917591209233e-02
-1.5707291909489662e-02
-1.6047238231159344e-02
-1.6398810196183163e-02
-1.6762385515273804e-02
-1.7139218882107253e-02
-1.7529350676166084e-02
-1.7933454348182096e-02
-1.8352832976909143e-02
-1.8787511487288109e-02
-1.9238533698773378e-02
-1.9707260425196320e-02
-2.0193702060787033e-02
-2.0699363452983378e-02
-2.1225678144566280e-02
-2.1772647747711149e-02
-2.2342349111296757e-02
-2.2936312148463169e-02
-2.3554543024488426e-02
-2.4199828276238441e-02
-2.4873646775256653e-02
-2.5576584163972457e-02
-2.6311759864088128e-02
-2.7080759702381073e-02
-2.7885029616020240e-02
-2.8728005163132966e-02
-2.9611483049872853e-02
-3.0538008818006442e-02
-3.1511452591936100e-02
-3.2533932117110323e-02
-3.3609408912685962e-02
-3.4742363523700491e-02
-3.5935402624891255e-02
-3.7194335471158371e-02
-3.8524397535873195e-02
-3.9929294122949488e-02
-4.1416931766385896e-02
-4.2993430655423548e-02
-4.4665149155064497e-02
-4.6441795253073889e-02
-4.8331239457388660e-02
-5.0343525963991602e-02
-5.2491021862071892e-02
-5.4784277702867590e-02
-5.7238570861793084e-02
-5.9870215621930144e-02
-6.2694201910981545e-02
-6.5733203704261445e-02
-6.9009015555858436e-02
-7.2545998322393571e-02
-7.6375715194513097e-02
-8.0529766632884164e-02
-8.5047187072368149e-02
-8.9974073650219297e-02
-9.5358482773794481e-02
-1.0126338512126877e-01
-1.0775880287063686e-01
-1.1492430128935623e-01
-1.2286122381977353e-01
-1.3168310073383288e-01
-1.4152864959011494e-01
-1.5256804852719588e-01
-1.6499904724654116e-01
-1.7907407581762130e-01
-1.9509949227596285e-01
-2.1345139555564457e-01
-2.3461560203597087e-01
-2.5919677607307418e-01
-2.8797653938458073e-01
-3.2195783145613588e-01
-3.6249537613491672e-01
-4.1140873073114370e-01
-4.7117031280570792e-01
-5.4522121669982149e-01
-6.3848973055409675e-01
-7.5813572494650883e-01
-9.1491655640505920e-01
-1.1251109309325715e+00
-1.4149707760009800e+00
-1.8267671107741275e+00
-2.4268838802145911e+00
-3.3103699381895648e+00
-4.5255977959788796e+00
-5.7008971875529513e+00
-5.9869582899456706e+00
-5.7291074937154569e+00
-5.3998098789712827e+00
-4.5103056020583274e+00
-3.2215095625483037e+00
-2.2189081854196391e+00
-1.5699247115039421e+00
-1.1543630678788963e+00
-8.7952047769413289e-01
-6.9067463850760402e-01
-5.5618004436859925e-01
-4.5730999915123594e-01
-3.9012802186690582e-01
-4.6934944183927896e-01
-5.7408885996716075e-01
-7.1610175991963565e-01
-9.1427436358575442e-01
-1.1998594345868450e+00
-1.6257736213246581e+00
-2.2760199621042752e+00
-3.2430440233880105e+00
-4.3781731294312838e+00
-4.9101188190404548e+00
0.0000000000000000e+00
1.3464638167935297e-01
0.0000000000000000e+00
0.0000000000000000e+00
];
