%Vec Object:sol 1 MPI processes
%  type: mpi
sol = [
0.0000000000000000e+00
-2.4725783618466298e+01
-1.9164731154653925e+01
-1.2512017663967113e+01
-7.9614066754737332e+00
-5.3186887710430275e+00
-3.7491566661912730e+00
-2.7675509707012509e+00
-2.1184888654919019e+00
-1.6710629309139338e+00
-1.3505672819125107e+00
-1.1130321442119024e+00
-9.3254793784383505e-01
-7.9252148644808440e-01
-6.8169680302825741e-01
-5.9251946457048388e-01
-5.1976714304793337e-01
-4.5963878516210982e-01
-4.0933491642173886e-01
-3.6688434338586623e-01
-3.3073971491973159e-01
-2.9966432337239185e-01
-2.7279188080312344e-01
-2.4940396892907790e-01
-2.2888253029552236e-01
-2.1079562358536713e-01
-1.9479175708761629e-01
-1.8055361648230353e-01
-1.6782177704695148e-01
-1.5640740382750490e-01
-1.4613336368478883e-01
-1.3683532466803036e-01
-1.2841082514817345e-01
-1.2075430898634551e-01
-1.1376079380081659e-01
-1.0736667654132047e-01
-1.0150772615222899e-01
-9.6117340130576975e-02
-9.1150011485060745e-02
-8.6567011769712141e-02
-8.2325041758320436e-02
-7.8389499211527575e-02
-7.4737092776006708e-02
-7.1339179509202877e-02
-6.8168179284278249e-02
-6.5210381540893703e-02
-6.2446623935538244e-02
-5.9854144846278996e-02
-5.7425284516786114e-02
-5.5146690273070995e-02
-5.3000488755035199e-02
-5.0981496484280978e-02
-4.9080356004847323e-02
-4.7283935050252336e-02
-4.5587458570487301e-02
-4.3984724375585704e-02
-4.2465965094791523e-02
-4.1026747290134426e-02
-3.9663037617484673e-02
-3.8367488326697202e-02
-3.7135986261901344e-02
-3.5965994544285979e-02
-3.4851923154574409e-02
-3.3789976454022180e-02
-3.2778649444317978e-02
-3.1813639380157251e-02
-3.0891470726957995e-02
-3.0011345240367669e-02
-2.9169908114122813e-02
-2.8364006301337910e-02
-2.7593318812098280e-02
-2.6855191359995517e-02
-2.6146793152904399e-02
-2.5468117107022997e-02
-2.4817027106518716e-02
-2.4191011120349333e-02
-2.3590259374124921e-02
-2.3013018447931206e-02
-2.2457088686867934e-02
-2.1922774004396905e-02
-2.1408602235740152e-02
-2.0912677231518930e-02
-2.0435356799307056e-02
-1.9975373659394613e-02
-1.9531124523316106e-02
-1.9102978347322257e-02
-1.8689814931174772e-02
-1.8290311895664064e-02
-1.7904819117427247e-02
-1.7978114444876368e-02
-1.8422524854468453e-02
-1.8883550570928383e-02
-1.9361520967609878e-02
-1.9856871892490784e-02
-2.0371339376892325e-02
-2.0905288523355360e-02
-2.1459486612953164e-02
-2.2035793984912198e-02
-2.2634615459358381e-02
-2.3257145683406016e-02
-2.3905389266223664e-02
-2.4579799840566647e-02
-2.5282116511705886e-02
-2.6014517309182892e-02
-2.6777521404414438e-02
-2.7573557317977948e-02
-2.8405018114608205e-02
-2.9272516244877207e-02
-3.0179351224107882e-02
-3.1128190734517312e-02
-3.2119784448393272e-02
-3.3158533382886553e-02
-3.4247224856102466e-02
-3.5387535171562318e-02
-3.6584542060938877e-02
-3.7841402682190259e-02
-3.9161163459890513e-02
-4.0549626799120712e-02
-4.2010523212505438e-02
-4.3548691832694317e-02
-4.5170909853650305e-02
-4.6881720397978707e-02
-4.8688327695261470e-02
-5.0598847606071050e-02
-5.2618994052916597e-02
-5.4759126749499183e-02
-5.7029073367512430e-02
-5.9436756581815714e-02
-6.1996311021749198e-02
-6.4719696307030214e-02
-6.7619545209357382e-02
-7.0713709663754135e-02
-7.4017865259686025e-02
-7.7551317291619265e-02
-8.1337365162901284e-02
-8.5397286032867448e-02
-8.9760038726313121e-02
-9.4456999421237892e-02
-9.9518478312855235e-02
-1.0498738912044060e-01
-1.1090660238121129e-01
-1.1732424877588898e-01
-1.2430058622568779e-01
-1.3189191711518031e-01
-1.4018006988559806e-01
-1.4925482823331529e-01
-1.5921181976531382e-01
-1.7017355319457347e-01
-1.8227780276080283e-01
-1.9568222435682392e-01
-2.1058509742473569e-01
-2.2721116070831882e-01
-2.4583408884500554e-01
-2.6678890593479770e-01
-2.9046784532281289e-01
-3.1736826911152211e-01
-3.4809554286102579e-01
-3.8339422617125174e-01
-4.2422225155919996e-01
-4.7177500007315037e-01
-5.2759952903074037e-01
-5.9371953340428563e-01
-6.7277679294888670e-01
-7.6831739327347282e-01
-8.8498100076138309e-01
-1.0296700708544595e+00
-1.2120021837144681e+00
-1.4459391262289425e+00
-1.7524493386762710e+00
-2.1623566968931494e+00
-2.7272718686856168e+00
-3.5289762124629935e+00
-4.7022595006638319e+00
-6.4505647789012617e+00
-8.9586084327764244e+00
-1.1659806610537506e+01
-1.2320416779659599e+01
-1.1379274511315995e+01
-1.0248526968378741e+01
-7.7988641934068248e+00
-5.0868806112841867e+00
-3.3237418031491948e+00
-2.2821745593328142e+00
-1.6468151680422760e+00
-1.2385722522934184e+00
-9.6331726941787887e-01
-7.6990228497282209e-01
-6.2911518721657211e-01
-5.3392785646174812e-01
-6.4102948994830267e-01
-7.8268651823535262e-01
-9.7499234001255763e-01
-1.2440026245836946e+00
-1.6341588808488703e+00
-2.2223035905944171e+00
-3.1419724641449647e+00
-4.5827516637537302e+00
-6.4821992683502963e+00
-7.5247842446719408e+00
0.0000000000000000e+00
1.3464638167935297e-01
0.0000000000000000e+00
0.0000000000000000e+00
];
