%Vec Object:sol 1 MPI processes
%  type: mpi
sol = [
0.0000000000000000e+00
-2.0188893816209216e+01
-1.5211064612852979e+01
-9.7728496522725745e+00
-6.2258616954735526e+00
-4.1758204499821678e+00
-2.9565106872579263e+00
-2.1899866012479552e+00
-1.6815505976757166e+00
-1.3290011962443715e+00
-1.0756970369613537e+00
-8.8777172689714945e-01
-7.4479145572042238e-01
-6.3358934007074375e-01
-5.4529897819334860e-01
-4.7415993293441988e-01
-4.1606025375541988e-01
-3.6799709769966243e-01
-3.2775340902283945e-01
-2.9376985173519055e-01
-2.6481807752287301e-01
-2.3991312025046782e-01
-2.1836756078190406e-01
-1.9960929502192060e-01
-1.8315870231826087e-01
-1.6865882410406532e-01
-1.5582437715658060e-01
-1.4440223659792442e-01
-1.3418534108869404e-01
-1.2502366802150655e-01
-1.1677570272415255e-01
-1.0930962172192309e-01
-1.0254412850782491e-01
-9.6394773636755790e-02
-9.0777130995011376e-02
-8.5640627065342326e-02
-8.0933862282091235e-02
-7.6603241315075746e-02
-7.2612389757413756e-02
-6.8930361210377530e-02
-6.5522294560778280e-02
-6.2360528568163161e-02
-5.9425675828391873e-02
-5.6694827293098861e-02
-5.4146476802355757e-02
-5.1769718276359677e-02
-4.9549122779033020e-02
-4.7466280525666149e-02
-4.5515138151209569e-02
-4.3684946678036733e-02
-4.1961241227529533e-02
-4.0339925451914754e-02
-3.8813470011419958e-02
-3.7371253148068106e-02
-3.6009468753083189e-02
-3.4723133700661921e-02
-3.3504352929563622e-02
-3.2349573449302303e-02
-3.1255559939700438e-02
-3.0216377124978735e-02
-2.9228718351160008e-02
-2.8290552182948882e-02
-2.7397366209748239e-02
-2.6546104183566920e-02
-2.5735563155469276e-02
-2.4962272146855490e-02
-2.4223431070860051e-02
-2.3518403067627137e-02
-2.2844483540439990e-02
-2.2199132637186245e-02
-2.1582094622867577e-02
-2.0991230921758551e-02
-2.0424262774103530e-02
-1.9881184155793555e-02
-1.9360274991058024e-02
-1.8859515110012614e-02
-1.8379054657540812e-02
-1.7917482608551492e-02
-1.7473032112458660e-02
-1.7045942576195822e-02
-1.6635030189660033e-02
-1.6238773857405922e-02
-1.5857454606876868e-02
-1.5490054346260379e-02
-1.5135288595008178e-02
-1.4793446084547012e-02
-1.4463627983698978e-02
-1.4144776142949856e-02
-1.3837163169418147e-02
-1.3884265598195618e-02
-1.4217690838806141e-02
-1.4563470935655742e-02
-1.4921824549751508e-02
-1.5293053345577847e-02
-1.5678485454424212e-02
-1.6078360599749902e-02
-1.6493234667517079e-02
-1.6924523127767398e-02
-1.7372488455829473e-02
-1.7838013756648875e-02
-1.8322615574986802e-02
-1.8826584564795065e-02
-1.9351219741277778e-02
-1.9898159197122484e-02
-2.0467732685856724e-02
-2.1061764679395547e-02
-2.1682044351642945e-02
-2.2328959413905152e-02
-2.3004996671326078e-02
-2.3712139090803438e-02
-2.4450863048038431e-02
-2.5224490990594886e-02
-2.6035073823296860e-02
-2.6883787480449343e-02
-2.7774449989681545e-02
-2.8709369704201564e-02
-2.9690758363326256e-02
-3.0722958177733812e-02
-3.1808685073834893e-02
-3.2951502572668316e-02
-3.4156460312301649e-02
-3.5426856423183557e-02
-3.6768033318521035e-02
-3.8186015534343171e-02
-3.9684945676616804e-02
-4.1272534577005450e-02
-4.2956050536450970e-02
-4.4741261406396969e-02
-4.6638695190182503e-02
-4.8657161937467351e-02
-5.0805951378331105e-02
-5.3098325802292221e-02
-5.5545820389182543e-02
-5.8162708116574063e-02
-6.0966266568094479e-02
-6.3972151511275305e-02
-6.7201838844822864e-02
-7.0678568930304692e-02
-7.4424671372276555e-02
-7.8472022940256195e-02
-8.2852342760826106e-02
-8.7601241736888949e-02
-9.2763854971519760e-02
-9.8386637358202592e-02
-1.0452625884510197e-01
-1.1124953800455159e-01
-1.1862761502163269e-01
-1.2675189698230746e-01
-1.3572516376228339e-01
-1.4566505762071766e-01
-1.5671983800021783e-01
-1.6905755444840009e-01
-1.8288311879726007e-01
-1.9844770227677472e-01
-2.1604556009455966e-01
-2.3605045479037140e-01
-2.5891744584143950e-01
-2.8518133759146941e-01
-3.1558149255201851e-01
-3.5101964146247727e-01
-3.9266322777471485e-01
-4.4204199931344912e-01
-5.0115646448036566e-01
-5.7272913626252053e-01
-6.6046618666515500e-01
-7.6953290553423970e-01
-9.0733485018498350e-01
-1.0844262296621228e+00
-1.3169282310414760e+00
-1.6299657239549010e+00
-2.0633188231284518e+00
-2.6803920798571603e+00
-3.5884809775967805e+00
-4.9470626281310626e+00
-6.8917774593848540e+00
-8.9550308609100977e+00
-9.5149615047213203e+00
-8.9502333070420708e+00
-8.2224234475712876e+00
-6.4726451499229611e+00
-4.3490053864010836e+00
-2.8880862048418767e+00
-2.0003500650527748e+00
-1.4508794011508337e+00
-1.0948368908916659e+00
-8.5345637576134603e-01
-6.8306892833163957e-01
-5.5878332574964928e-01
-4.7461465325292629e-01
-5.6969458208028723e-01
-6.9538729139445876e-01
-8.6577216948387059e-01
-1.1039403166353041e+00
-1.4485370712033456e+00
-1.9656386281090183e+00
-2.7672494132148411e+00
-3.9988139941564964e+00
-5.5510321064719621e+00
-6.3473737478119832e+00
0.0000000000000000e+00
2.4055929233035767e-01
0.0000000000000000e+00
0.0000000000000000e+00
];
