%Vec Object:sol 1 MPI processes
%  type: mpi
sol = [
0.0000000000000000e+00
-1.5620100545810525e+01
-1.2491766015515044e+01
-8.5365979979074105e+00
-5.6299485097224498e+00
-3.8468613454766691e+00
-2.7536822991611252e+00
-2.0532255914440447e+00
-1.5838423893180174e+00
-1.2565020460286487e+00
-1.0200189515083005e+00
-8.4366111521639098e-01
-7.0901885384831775e-01
-6.0409837949534273e-01
-5.2075478730898339e-01
-4.5348488868104880e-01
-3.9846338367740236e-01
-3.5288746475668020e-01
-3.1468215716660836e-01
-2.8238642165145550e-01
-2.5484659633628370e-01
-2.3113544874922556e-01
-2.1060608938596082e-01
-1.9271906676165348e-01
-1.7702124746655082e-01
-1.6317544849375781e-01
-1.5091205697859994e-01
-1.3999132809362883e-01
-1.3021403789309377e-01
-1.2143837629611363e-01
-1.1353408144998460e-01
-1.0637555836938327e-01
-9.9885739593702491e-02
-9.3984259410583623e-02
-8.8590514854307884e-02
-8.3656523350265966e-02
-7.9133351896448878e-02
-7.4969775179413334e-02
-7.1131175141267600e-02
-6.7588118250332091e-02
-6.4307272456703438e-02
-6.1262093844092827e-02
-5.8434971621858053e-02
-5.5803855193982024e-02
-5.3347422091213660e-02
-5.1055405051945946e-02
-4.8913064965669314e-02
-4.6902683210729809e-02
-4.5018630262485961e-02
-4.3250638318325610e-02
-4.1584743183784773e-02
-4.0017156266160772e-02
-3.8540689874496964e-02
-3.7145076299688419e-02
-3.5826751392559864e-02
-3.4580975702348436e-02
-3.3400108528342722e-02
-3.2280787513929148e-02
-3.1219955879861750e-02
-3.0211863911743093e-02
-2.9253354661402237e-02
-2.8342531484131007e-02
-2.7475019333520711e-02
-2.6647878743993360e-02
-2.5860011783015838e-02
-2.5108050542967129e-02
-2.4389285164864442e-02
-2.3703163266767868e-02
-2.3047058643283640e-02
-2.2418500087962395e-02
-2.1817302026128277e-02
-2.1241386201826334e-02
-2.0688525085750469e-02
-2.0158772630000293e-02
-1.9650455576074179e-02
-1.9161591126000105e-02
-1.8692381926420747e-02
-1.8241453423592000e-02
-1.7807065339832465e-02
-1.7389503874419728e-02
-1.6987613522988127e-02
-1.6599891623532866e-02
-1.6226661395375413e-02
-1.5866926380282694e-02
-1.5519414706680125e-02
-1.5184453373462792e-02
-1.4861159524436816e-02
-1.4548483821951532e-02
-1.4246733590001085e-02
-1.4309936511757144e-02
-1.4668662779664533e-02
-1.5040882209866345e-02
-1.5426864654238096e-02
-1.5826966016568609e-02
-1.6242599918978876e-02
-1.6674065679341911e-02
-1.7121989241788791e-02
-1.7587886615027096e-02
-1.8072089889570233e-02
-1.8575573540680134e-02
-1.9099972449366807e-02
-1.9645658948058732e-02
-2.0214051999536600e-02
-2.0806929349867161e-02
-2.1424717317962697e-02
-2.2069398216794291e-02
-2.2742926903769504e-02
-2.3445806426225919e-02
-2.4180731501521353e-02
-2.4949883125827799e-02
-2.5753877152571127e-02
-2.6596310068963992e-02
-2.7479462942162622e-02
-2.8404709454005906e-02
-2.9376202580742257e-02
-3.0396528187799227e-02
-3.1468181642159233e-02
-3.2595912879297813e-02
-3.3782779762007324e-02
-3.5032747124151734e-02
-3.6351367960538977e-02
-3.7742369070696419e-02
-3.9211656388582039e-02
-4.0765885973713861e-02
-4.2409748726834354e-02
-4.4151743470598581e-02
-4.5999938093500670e-02
-4.7960841283207684e-02
-5.0046058804605761e-02
-5.2265419036685121e-02
-5.4629306046997880e-02
-5.7152393738280662e-02
-5.9847577354421359e-02
-6.2730738622007301e-02
-6.5821051151893045e-02
-6.9136037224944172e-02
-7.2699543882724482e-02
-7.6537423162555712e-02
-8.0674665354092956e-02
-8.5146650214674116e-02
-8.9988749152540681e-02
-9.5240690015189131e-02
-1.0095266327231070e-01
-1.0717651308596349e-01
-1.1397536461879502e-01
-1.2142361510332267e-01
-1.2960068020153764e-01
-1.3860831297133078e-01
-1.4856106848546699e-01
-1.5959015990945483e-01
-1.7186068336211310e-01
-1.8556002507482056e-01
-2.0090225335164688e-01
-2.1817650271941591e-01
-2.3771071924047577e-01
-2.5991980928005215e-01
-2.8530932826683675e-01
-3.1450176767480026e-01
-3.4829877415664845e-01
-3.8770202955570382e-01
-4.3400945649330736e-01
-4.8892108804306683e-01
-5.5465957864832871e-01
-6.3424797209781802e-01
-7.3179984899449368e-01
-8.5304536426151134e-01
-1.0058675647734927e+00
-1.2023207724999805e+00
-1.4602959173538705e+00
-1.8074337019112585e+00
-2.2865013345759970e+00
-2.9693522825004011e+00
-3.9716871589677734e+00
-5.4713867474216649e+00
-7.6251276994073072e+00
-9.9282467304656379e+00
-1.0543137997302907e+01
-9.8598007888147983e+00
-8.9987677768079291e+00
-6.9948836154912710e+00
-4.6458434250479206e+00
-3.0655519802599271e+00
-2.1163814255764861e+00
-1.5320845195494379e+00
-1.1548865649630453e+00
-8.9955726619821819e-01
-7.1972758855500552e-01
-5.8867446870005113e-01
-4.9996844727632567e-01
-6.0031160588603649e-01
-7.3300127573927598e-01
-9.1309149707687964e-01
-1.1650218175343980e+00
-1.5297127092880636e+00
-2.0786729044458463e+00
-2.9331045469519186e+00
-4.2582169302012032e+00
-5.9648536259043325e+00
-6.8685407819803546e+00
0.0000000000000000e+00
2.4055929233035767e-01
0.0000000000000000e+00
0.0000000000000000e+00
];
