%Vec Object:sol 1 MPI processes
%  type: mpi
sol = [
0.0000000000000000e+00
-3.5397499515494964e+01
-2.2213525765475158e+01
-1.2381567716212647e+01
-7.3707725036573803e+00
-4.7808730172086662e+00
-3.3217054948471278e+00
-2.4306634923078110e+00
-1.8509342014766088e+00
-1.4539795191915152e+00
-1.1712690341467920e+00
-9.6288558629482612e-01
-8.0496831392625789e-01
-6.8266137896430612e-01
-5.8601669502726184e-01
-5.0835498160654591e-01
-4.4507460620307404e-01
-3.9283096426766606e-01
-3.4916444597809682e-01
-3.1234995970417140e-01
-2.8103248817068749e-01
-2.5412422735929419e-01
-2.3086306006577492e-01
-2.1063712460364270e-01
-1.9292072413939482e-01
-1.7732297764940105e-01
-1.6353184510706717e-01
-1.5127109630297222e-01
-1.4031508105379872e-01
-1.3050016946188520e-01
-1.2167241303740826e-01
-1.1368881435452931e-01
-1.0646079949742190e-01
-9.9896732905495195e-02
-9.3905369480676446e-02
-8.8431710599445129e-02
-8.3420072003415668e-02
-7.8812674592652621e-02
-7.4570129156843384e-02
-7.0658898306721396e-02
-6.7041483526203094e-02
-6.3687952186121097e-02
-6.0578130907187729e-02
-5.7687248133548343e-02
-5.4991499267944950e-02
-5.2478976091400689e-02
-5.0133117209425399e-02
-4.7934353606830606e-02
-4.5875974442170772e-02
-4.3946443661723372e-02
-4.2130458569694981e-02
-4.0423441314945512e-02
-3.8817305854938255e-02
-3.7300843842653052e-02
-3.5869863176151560e-02
-3.4518985395347195e-02
-3.3239898495350452e-02
-3.2028741970248395e-02
-3.0881990565306144e-02
-2.9793408159489273e-02
-2.8759445985057183e-02
-2.7777851965346108e-02
-2.6843893431197620e-02
-2.5954326439927018e-02
-2.5107773430123381e-02
-2.4300599971751418e-02
-2.3529863263342991e-02
-2.2794782768966189e-02
-2.2092530922781701e-02
-2.1420462404387716e-02
-2.0778198755655751e-02
-2.0163507838038889e-02
-1.9574035792303542e-02
-1.9009668403032275e-02
-1.8468613917804504e-02
-1.7948801275731119e-02
-1.7450282940390031e-02
-1.6971593024246247e-02
-1.6510932473870026e-02
-1.6068451088660250e-02
-1.5642923626648559e-02
-1.5232810522389629e-02
-1.4838309905132409e-02
-1.4458373472818470e-02
-1.4091707564337337e-02
-1.3738524066594270e-02
-1.3397903770788542e-02
-1.3068784655313855e-02
-1.2751368345984017e-02
-1.2761305847140723e-02
-1.3033322324418006e-02
-1.3314837292140707e-02
-1.3605937287080972e-02
-1.3906783432305930e-02
-1.4218484479253776e-02
-1.4541125451291010e-02
-1.4875080439904965e-02
-1.5221506337519815e-02
-1.5580483814830513e-02
-1.5952658769285220e-02
-1.6339242486437741e-02
-1.6740310991998089e-02
-1.7156851921236810e-02
-1.7590141791510375e-02
-1.8040255026172358e-02
-1.8508606376902558e-02
-1.8996554264378115e-02
-1.9504179580825360e-02
-2.0033429356921349e-02
-2.0585769384660724e-02
-2.1161302887000365e-02
-2.1762640469795026e-02
-2.2391228014234262e-02
-2.3047714602269544e-02
-2.3735044784704774e-02
-2.4454793364531081e-02
-2.5208419436192998e-02
-2.5999197260083595e-02
-2.6828939820653559e-02
-2.7700150322154674e-02
-2.8616495256999667e-02
-2.9580121713796197e-02
-3.0594748368311799e-02
-3.1664888492479913e-02
-3.2793211612781231e-02
-3.3985339624535184e-02
-3.5246409951558616e-02
-3.6580195887697849e-02
-3.7994361953028917e-02
-3.9494988155325171e-02
-4.1088423445878694e-02
-4.2784160377662646e-02
-4.4590071746636664e-02
-4.6516107940503093e-02
-4.8574458182924371e-02
-5.0775731593144850e-02
-5.3135025429003314e-02
-5.5668537228535070e-02
-5.8391378354527873e-02
-6.1325978895605426e-02
-6.4494156243257411e-02
-6.7920342700381303e-02
-7.1635972488854505e-02
-7.5672826699406504e-02
-8.0070010967379798e-02
-8.4873701266577006e-02
-9.0132410242318176e-02
-9.5909300328389138e-02
-1.0227491310368376e-01
-1.0930964859431423e-01
-1.1711557551380788e-01
-1.2580757478850263e-01
-1.3552597970282579e-01
-1.4644298526847513e-01
-1.5875938984043095e-01
-1.7273118072070204e-01
-1.8866967589850497e-01
-2.0695773718272545e-01
-2.2808977161523494e-01
-2.5268247068293748e-01
-2.8153581874488764e-01
-3.1569844260478591e-01
-3.5654061526395064e-01
-4.0591813996982179e-01
-4.6633119949143736e-01
-5.4134034713823675e-01
-6.3600355963297983e-01
-7.5767533002711673e-01
-9.1741012098453145e-01
-1.1322517959230189e+00
-1.4286882784384896e+00
-1.8503236092368587e+00
-2.4661452696526061e+00
-3.3729842490952024e+00
-4.6218924069580138e+00
-5.8415270590007706e+00
-6.1809503322474955e+00
-5.9715405330104039e+00
-5.6819352652491935e+00
-4.7765377285661135e+00
-3.4214792746648715e+00
-2.3621982266550794e+00
-1.6761154117543517e+00
-1.2365770134932426e+00
-9.4545883084822069e-01
-7.4514558880259540e-01
-6.0224656461162085e-01
-4.9702416700224111e-01
-4.2556709325916225e-01
-5.1422131887042133e-01
-6.3172445496134433e-01
-7.9150764197892010e-01
-1.0152828441110830e+00
-1.3393594917244145e+00
-1.8263375917700624e+00
-2.5796898832635544e+00
-3.7302364447485807e+00
-5.1582890728041839e+00
-5.8829783104088733e+00
0.0000000000000000e+00
2.4055929233035767e-01
0.0000000000000000e+00
0.0000000000000000e+00
];
