%Vec Object:sol 1 MPI processes
%  type: mpi
sol = [
0.0000000000000000e+00
-3.0384544200496684e+01
-2.0212845440353799e+01
-1.1712051052689761e+01
-7.0922310109828102e+00
-4.6386472411027677e+00
-3.2371810425052527e+00
-2.3762351438216398e+00
-1.8128456877222230e+00
-1.4265009645718092e+00
-1.1505399666903333e+00
-9.4659119865318853e-01
-7.9205610051714226e-01
-6.7227387683164708e-01
-5.7753821512675030e-01
-5.0135213473987150e-01
-4.3923279074205951e-01
-3.8791396088387226e-01
-3.4496320907002626e-01
-3.0874104657168128e-01
-2.7791867032743495e-01
-2.5143318021717448e-01
-2.2854332096679586e-01
-2.0863336320308845e-01
-1.9118810915981149e-01
-1.7582433537984324e-01
-1.6223602014125754e-01
-1.5015214208659025e-01
-1.3935122323070001e-01
-1.2967265745293083e-01
-1.2096527163956558e-01
-1.1308856068782767e-01
-1.0595555151953384e-01
-9.9476199288838510e-02
-9.3560764350729325e-02
-8.8155217992223367e-02
-8.3204816855543304e-02
-7.8652695069095280e-02
-7.4460121002828769e-02
-7.0594123229815897e-02
-6.7017775645457148e-02
-6.3701608027162390e-02
-6.0625799379635609e-02
-5.7765947534932187e-02
-5.5098579880248938e-02
-5.2612016041291912e-02
-5.0289940254287652e-02
-4.8113022528685254e-02
-4.6074706632556237e-02
-4.4163626602097092e-02
-4.2364645588956203e-02
-4.0673301170214116e-02
-3.9081627675267044e-02
-3.7578529357362424e-02
-3.6159904443339670e-02
-3.4820461744828710e-02
-3.3551966782670042e-02
-3.2350628392879735e-02
-3.1212987680734813e-02
-3.0132862703725807e-02
-2.9106756428361434e-02
-2.8132469880730350e-02
-2.7205308827233619e-02
-2.6322066499555340e-02
-2.5481409850104046e-02
-2.4679731850381754e-02
-2.3914114212452299e-02
-2.3183818346819998e-02
-2.2486036281371524e-02
-2.1818139861329654e-02
-2.1179783644247052e-02
-2.0568628473675406e-02
-1.9982448303803822e-02
-1.9421165929919399e-02
-1.8883006583387658e-02
-1.8365900923954678e-02
-1.7869931513220028e-02
-1.7393639328185374e-02
-1.6935222783319298e-02
-1.6494860240138319e-02
-1.6071330826529048e-02
-1.5663089911205560e-02
-1.5270362691764516e-02
-1.4892102972380940e-02
-1.4527010781078445e-02
-1.4175323497763201e-02
-1.3836121837358830e-02
-1.3508337379449103e-02
-1.3192195520542703e-02
-1.3214577802217926e-02
-1.3508764895522917e-02
-1.3813482796523916e-02
-1.4128864649199243e-02
-1.4455121555185729e-02
-1.4793444602769750e-02
-1.5143973453014384e-02
-1.5507147806149630e-02
-1.5884220936598175e-02
-1.6275337807256665e-02
-1.6681230826984243e-02
-1.7103224429679559e-02
-1.7541470658111576e-02
-1.7997071514428854e-02
-1.8471436950945854e-02
-1.8964732001305638e-02
-1.9478522588257777e-02
-2.0014325559637697e-02
-2.0572330944964815e-02
-2.1154685481350143e-02
-2.1763044708433713e-02
-2.2397644951591963e-02
-2.3061360582900939e-02
-2.3755858679373468e-02
-2.4481978667635452e-02
-2.5242988012945531e-02
-2.6040729433131599e-02
-2.6876936421901840e-02
-2.7755276922102032e-02
-2.8677890199116401e-02
-2.9647666711665348e-02
-3.0668818880522718e-02
-3.1743918642685984e-02
-3.2877365900492325e-02
-3.4074129153680806e-02
-3.5337418583355380e-02
-3.6673628261967406e-02
-3.8088682005522068e-02
-3.9587086737387936e-02
-4.1177566519060807e-02
-4.2867208853445762e-02
-4.4663447867736787e-02
-4.6577171060964408e-02
-4.8617603873131035e-02
-5.0796295235179971e-02
-5.3127318000124268e-02
-5.5623147043483548e-02
-5.8301242221971201e-02
-6.1180409897066274e-02
-6.4278433270647972e-02
-6.7621245675672695e-02
-7.1234334954957831e-02
-7.5146278324659865e-02
-7.9393595088830413e-02
-8.4013511612440986e-02
-8.9051655824823578e-02
-9.4561873162224475e-02
-1.0060108347175292e-01
-1.0724295245674251e-01
-1.1457001400011871e-01
-1.2267652685869289e-01
-1.3168176170423943e-01
-1.4172040794255894e-01
-1.5295687378120634e-01
-1.6559281799247855e-01
-1.7986392592139469e-01
-1.9607018890155542e-01
-2.1457682892216423e-01
-2.3583336616954276e-01
-2.6041985903399339e-01
-2.8906064942853982e-01
-3.2267894112584594e-01
-3.6249853020079392e-01
-4.1013927546234624e-01
-4.6778937944526394e-01
-5.3842801146734653e-01
-6.2620850526242666e-01
-7.3708810968201266e-01
-8.7974330229354925e-01
-1.0671505307447322e+00
-1.3192307616207271e+00
-1.6681845994166127e+00
-2.1660886026891797e+00
-2.8968738027589351e+00
-3.9859747615982895e+00
-5.5254531687794266e+00
-7.1047155952866916e+00
-7.5318098606108226e+00
-7.1595715501595221e+00
-6.6666685274878903e+00
-5.4010707585134909e+00
-3.7324298244476628e+00
-2.5185888426673229e+00
-1.7600366996505545e+00
-1.2831444534369407e+00
-9.7152176882125074e-01
-7.5896240643846991e-01
-6.0841554825315758e-01
-4.9829421353673559e-01
-4.2358334711139500e-01
-5.0829478167970477e-01
-6.2017323325199891e-01
-7.7170714092051607e-01
-9.8315215150528545e-01
-1.2881752691414543e+00
-1.7435263270330206e+00
-2.4422985677373052e+00
-3.4924889966207218e+00
-4.7536964786281048e+00
-5.3594684284890883e+00
0.0000000000000000e+00
2.4055929233035767e-01
0.0000000000000000e+00
0.0000000000000000e+00
];
