%Vec Object:sol 1 MPI processes
%  type: mpi
sol = [
0.0000000000000000e+00
-3.3524513758063172e+01
-2.1495045975400320e+01
-1.2151487614648833e+01
-7.2751059355007994e+00
-4.7328560620226803e+00
-3.2931326822250044e+00
-2.4126963800806696e+00
-1.8382556297742911e+00
-1.4450973425168208e+00
-1.1645859830777445e+00
-9.5755943576488378e-01
-8.0081255906551574e-01
-6.7939037228129529e-01
-5.8340566362997381e-01
-5.0624758758222621e-01
-4.4335186783666281e-01
-3.9137052610864304e-01
-3.4792096275966572e-01
-3.1128735043050204e-01
-2.8012202309264411e-01
-2.5334739050294375e-01
-2.3021223809592731e-01
-2.1009269572502157e-01
-1.9246688258925579e-01
-1.7694670259101056e-01
-1.6322229647894954e-01
-1.5101929590214977e-01
-1.4011353331856499e-01
-1.3034246412515790e-01
-1.2155311864786943e-01
-1.1360336286772298e-01
-1.0640519590072836e-01
-9.9867536136264964e-02
-9.3899649148373607e-02
-8.8446879641038062e-02
-8.3453868405198431e-02
-7.8863141627271677e-02
-7.4635536821959364e-02
-7.0737712539441958e-02
-6.7132359379070319e-02
-6.3789698755884403e-02
-6.0689680909422103e-02
-5.7807655397152401e-02
-5.5119923170298665e-02
-5.2614658960880335e-02
-5.0275381136884435e-02
-4.8082582342138171e-02
-4.6029640335314613e-02
-4.4105109857702426e-02
-4.2293346725734607e-02
-4.0589934121968811e-02
-3.8987086051062499e-02
-3.7473630184472403e-02
-3.6045401706002678e-02
-3.4697046520542452e-02
-3.3420268131625096e-02
-3.2211226208700303e-02
-3.1066415325286263e-02
-2.9979609611227521e-02
-2.8947274371461978e-02
-2.7967174648030696e-02
-2.7034584612088984e-02
-2.6146269304581807e-02
-2.5300866648220934e-02
-2.4494746799487415e-02
-2.3724971814775970e-02
-2.2990775618544696e-02
-2.2289333721996075e-02
-2.1618002361604969e-02
-2.0976416872916261e-02
-2.0362347133203857e-02
-1.9773438303037433e-02
-1.9209589460258546e-02
-1.8669010058890385e-02
-1.8149626218866049e-02
-1.7651503246758994e-02
-1.7173175776552974e-02
-1.6712840731860339e-02
-1.6270660279336321e-02
-1.5845409053274327e-02
-1.5435542833634351e-02
-1.5041271574734104e-02
-1.4661546191889911e-02
-1.4295068254254540e-02
-1.3942060837703817e-02
-1.3601603243007252e-02
-1.3272629025680214e-02
-1.2955350261360217e-02
-1.2970603616590387e-02
-1.3252415498595255e-02
-1.3544180732156066e-02
-1.3846005989868791e-02
-1.4158074081222261e-02
-1.4481530764699760e-02
-1.4816484664919083e-02
-1.5163338606593817e-02
-1.5523292609436249e-02
-1.5896455109998955e-02
-1.6283510142399611e-02
-1.6685719428887979e-02
-1.7103191823161744e-02
-1.7536965599412698e-02
-1.7988376561365468e-02
-1.8457538270269615e-02
-1.8945932602019863e-02
-1.9454988175543347e-02
-1.9984833045278361e-02
-2.0537503066578824e-02
-2.1114547919288480e-02
-2.1716128392431151e-02
-2.2344972508192808e-02
-2.3002623619032266e-02
-2.3689813862748859e-02
-2.4409631248593501e-02
-2.5163768464739014e-02
-2.5953805100743896e-02
-2.6783189709816264e-02
-2.7653875641030445e-02
-2.8568535523204028e-02
-2.9531109627331929e-02
-3.0543935493662272e-02
-3.1611106923686814e-02
-3.2737249218337684e-02
-3.3925271134995327e-02
-3.5181138132064985e-02
-3.6510337028586727e-02
-3.7916966110679837e-02
-3.9409161537608095e-02
-4.0993450727419160e-02
-4.2676664410834557e-02
-4.4468915857980587e-02
-4.6378678635082701e-02
-4.8416613817834284e-02
-5.0595748692006781e-02
-5.2927521301385914e-02
-5.5428080250302561e-02
-5.8114783842987364e-02
-6.1003931117949411e-02
-6.4119512046053803e-02
-6.7484977231362292e-02
-7.1126603440451422e-02
-7.5078089489818187e-02
-7.9373640369058307e-02
-8.4055266469573273e-02
-8.9172560417959207e-02
-9.4777779158966582e-02
-1.0093876618428030e-01
-1.0773140784383560e-01
-1.1524228128295681e-01
-1.2358112655764558e-01
-1.3287165874485937e-01
-1.4326495185686064e-01
-1.5494635084486030e-01
-1.6813222761277444e-01
-1.8309822319275984e-01
-2.0017974069543917e-01
-2.1978947116406994e-01
-2.4245052743490492e-01
-2.6882495259904626e-01
-2.9978023585319502e-01
-3.3644445362951542e-01
-3.8029206045604247e-01
-4.3333144819648955e-01
-4.9829625874916017e-01
-5.7899659221706656e-01
-6.8089585328308144e-01
-8.1194645034457036e-01
-9.8394958169472457e-01
-1.2153124435713976e+00
-1.5353267228496186e+00
-1.9912730489257870e+00
-2.6588984668884876e+00
-3.6487019347661733e+00
-5.0312274179682719e+00
-6.4166345425035267e+00
-6.7912019557296697e+00
-6.5015225796114970e+00
-6.1121450750154587e+00
-5.0393926241364309e+00
-3.5426316674479388e+00
-2.4163240113967639e+00
-1.7004357027343877e+00
-1.2461363505641232e+00
-9.4752002281674341e-01
-7.4300687164967993e-01
-5.9765838904305835e-01
-4.9105024600603592e-01
-4.1869373199921373e-01
-5.0383365407984226e-01
-6.1645990814829199e-01
-7.6919369657729564e-01
-9.8261448438500731e-01
-1.2909634125101435e+00
-1.7521929047987463e+00
-2.4617135904740191e+00
-3.5324148607543679e+00
-4.8289900818419165e+00
-5.4617370193735049e+00
0.0000000000000000e+00
2.4055929233035767e-01
0.0000000000000000e+00
0.0000000000000000e+00
];
