%Vec Object:sol 1 MPI processes
%  type: mpi
sol = [
0.0000000000000000e+00
-2.2475543403357150e+01
-1.6445049049487938e+01
-1.0290071395249397e+01
-6.4638850317761989e+00
-4.3054943978724083e+00
-3.0367756413952920e+00
-2.2430343018661110e+00
-1.7194002654020362e+00
-1.3572390903976488e+00
-1.0973135259471685e+00
-9.0477894190807595e-01
-7.5846978689044064e-01
-6.4480220550079470e-01
-5.5473377002575996e-01
-4.8215835905983595e-01
-4.2286355165194894e-01
-3.7383593802761184e-01
-3.3280262882658612e-01
-2.9816585634219250e-01
-2.6866806524125825e-01
-2.4330169591153716e-01
-2.2136358686059621e-01
-2.0226892683427897e-01
-1.8552776911473648e-01
-1.7077548668616441e-01
-1.5772073233229619e-01
-1.4610517930615705e-01
-1.3571757353346670e-01
-1.2640478147592035e-01
-1.1802247527244770e-01
-1.1043632074121047e-01
-1.0356334073729546e-01
-9.7317454043210710e-02
-9.1612701058664925e-02
-8.6397485620304929e-02
-8.1619430086642880e-02
-7.7223993950177622e-02
-7.3174110543376941e-02
-6.9438236166891293e-02
-6.5980920426661940e-02
-6.2773886175863033e-02
-5.9798194908018701e-02
-5.7030405571725139e-02
-5.4447928851160100e-02
-5.2039641554117021e-02
-4.9789869008509874e-02
-4.7679947956043127e-02
-4.5703682398086330e-02
-4.3850151341687606e-02
-4.2104704142873768e-02
-4.0463140146133253e-02
-3.8917807622101730e-02
-3.7457953110422167e-02
-3.6079686318402950e-02
-3.4777935462036835e-02
-3.3544715458725387e-02
-3.2376408670854180e-02
-3.1269617463547207e-02
-3.0218204683729571e-02
-2.9219053783415612e-02
-2.8270095225842500e-02
-2.7366762451144319e-02
-2.6505953968911023e-02
-2.5686427386774669e-02
-2.4904671159967147e-02
-2.4157849965441930e-02
-2.3445295343972411e-02
-2.2764271891110924e-02
-2.2112212751922305e-02
-2.1488835998022728e-02
-2.0891979376274100e-02
-2.0319343842520616e-02
-1.9770900971168234e-02
-1.9244912323042044e-02
-1.8739342845047410e-02
-1.8254323022323216e-02
-1.7788427527619138e-02
-1.7339878877251143e-02
-1.6908898882350854e-02
-1.6494292628771921e-02
-1.6094531622553688e-02
-1.5709880941073780e-02
-1.5339313998170012e-02
-1.4981541254008341e-02
-1.4636836887866990e-02
-1.4304295787607385e-02
-1.3982856290163806e-02
-1.3672777719669786e-02
-1.3713299324674150e-02
-1.4036436403619231e-02
-1.4371455746574642e-02
-1.4718554176237842e-02
-1.5078010249862139e-02
-1.5451116750964037e-02
-1.5838087908181534e-02
-1.6239449929469053e-02
-1.6656576527915835e-02
-1.7089700308985354e-02
-1.7539665843593587e-02
-1.8007940316607282e-02
-1.8494779233758050e-02
-1.9001431188197946e-02
-1.9529475779862190e-02
-2.0079201093264862e-02
-2.0652365389692506e-02
-2.1250688173704260e-02
-2.1874507263336871e-02
-2.2526222351939108e-02
-2.3207732825465340e-02
-2.3919454597920990e-02
-2.4664595341110172e-02
-2.5445108292970753e-02
-2.6262084366124292e-02
-2.7119200832292585e-02
-2.8018647851723675e-02
-2.8962516001598625e-02
-2.9954975504332272e-02
-3.0998596224032452e-02
-3.2096770891551579e-02
-3.3254336068815615e-02
-3.4474406307003810e-02
-3.5762084669363550e-02
-3.7123127500419836e-02
-3.8561442095575459e-02
-4.0084404840526382e-02
-4.1698943355277997e-02
-4.3410507465718291e-02
-4.5229167334387199e-02
-4.7163297596407312e-02
-4.9221719401253111e-02
-5.1417093563291362e-02
-5.3760372407782711e-02
-5.6265140766455578e-02
-5.8947866111913980e-02
-6.1823402728197328e-02
-6.4912212206066633e-02
-6.8236416116782883e-02
-7.1817199847981392e-02
-7.5684940232693274e-02
-7.9869787297335154e-02
-8.4405581793732587e-02
-8.9335288462275356e-02
-9.4703041884087638e-02
-1.0056273468822413e-01
-1.0697792314092212e-01
-1.1401617720918220e-01
-1.2176444605475101e-01
-1.3032042768932009e-01
-1.3979589994397629e-01
-1.5033185002226257e-01
-1.6208796859399263e-01
-1.7525902186455172e-01
-1.9008378386673169e-01
-2.0684186052802328e-01
-2.2588856612766903e-01
-2.4765681875529047e-01
-2.7267975057713784e-01
-3.0164467206640644e-01
-3.3538644613129681e-01
-3.7501783289512758e-01
-4.2200605009939318e-01
-4.7825410424569237e-01
-5.4635238807863062e-01
-6.2982756790748806e-01
-7.3359546139981291e-01
-8.6470519380183875e-01
-1.0334244443911067e+00
-1.2547956329896786e+00
-1.5528224406897251e+00
-1.9654832227558015e+00
-2.5537879491254385e+00
-3.4194362836934040e+00
-4.7134318017096533e+00
-6.5638378367383732e+00
-8.5149084182597186e+00
-9.0472539731324666e+00
-8.5299731538420804e+00
-7.8594210411322338e+00
-6.2246352422405780e+00
-4.2064418261289260e+00
-2.8021652845723684e+00
-1.9443054987706294e+00
-1.4114638572541245e+00
-1.0657500936250186e+00
-8.3093528224408231e-01
-6.6519272208434754e-01
-5.4422687602995090e-01
-4.6227130963114998e-01
-5.5474760356609032e-01
-6.7691719891705859e-01
-8.4257943867545193e-01
-1.0740541345232661e+00
-1.4085402046754731e+00
-1.9101374220077136e+00
-2.6856008174910477e+00
-3.8710056822626315e+00
-5.3477566724146008e+00
-6.0930841303835175e+00
0.0000000000000000e+00
2.4055929233035767e-01
0.0000000000000000e+00
0.0000000000000000e+00
];
