%Vec Object:sol 1 MPI processes
%  type: mpi
sol = [
0.0000000000000000e+00
-1.5780526396653892e+01
-1.2592883356370281e+01
-8.5857219316081608e+00
-5.6542642221517561e+00
-3.8603133581140168e+00
-2.7622740836758188e+00
-2.0588345884156767e+00
-1.5879166335928576e+00
-1.2595855097599404e+00
-1.0224207458589125e+00
-8.4546022780647123e-01
-7.1048495758599550e-01
-6.0531256648813492e-01
-5.2177379986995986e-01
-4.5434972659449535e-01
-3.9920448407216391e-01
-3.5352779638827669e-01
-3.1523932305212471e-01
-2.8287428543698345e-01
-2.5527614971132512e-01
-2.3151544099110349e-01
-2.1094368861020679e-01
-1.9302015850871285e-01
-1.7729066746410063e-01
-1.6341648775040066e-01
-1.5112011162104888e-01
-1.4017074550561662e-01
-1.3037182050364812e-01
-1.2158074650386433e-01
-1.1366272072344885e-01
-1.0649190338053380e-01
-9.9991059335196461e-02
-9.4079661471048182e-02
-8.8676956117655123e-02
-8.3734857486546382e-02
-7.9204334610150723e-02
-7.5034068434639417e-02
-7.1189370892621215e-02
-6.7640747932047232e-02
-6.4354807315415360e-02
-6.1304955643717067e-02
-5.8473543682731319e-02
-5.5838481136131074e-02
-5.3378409488772399e-02
-5.1083036419593317e-02
-4.8937595965687072e-02
-4.6924342760190071e-02
-4.5037630477122580e-02
-4.3267172490047905e-02
-4.1598985215394083e-02
-4.0029267784835385e-02
-3.8550819075226950e-02
-3.7153357632045123e-02
-3.5833309660918911e-02
-3.4585926066341935e-02
-3.3403556248208913e-02
-3.2282830264135108e-02
-3.1220684217180734e-02
-3.0211361153641880e-02
-2.9251698183973999e-02
-2.8339793249936598e-02
-2.7471265933414708e-02
-2.6643172149652391e-02
-2.5854409717874210e-02
-2.5101606690681517e-02
-2.4382049654517384e-02
-2.3695182787786359e-02
-2.3038376806133177e-02
-2.2409157811694544e-02
-2.1807337357789790e-02
-2.1230834815011999e-02
-2.0677420656860995e-02
-2.0147146370761336e-02
-1.9638336853618054e-02
-1.9149007860427100e-02
-1.8679359875211844e-02
-1.8228016906399403e-02
-1.7793237655743525e-02
-1.7375306393232131e-02
-1.6973066499062137e-02
-1.6585014609876166e-02
-1.6211472205738844e-02
-1.5851441977539932e-02
-1.5503651578478978e-02
-1.5168426431688236e-02
-1.4844883055374821e-02
-1.4531971781528296e-02
-1.4229998507056934e-02
-1.4292560274961357e-02
-1.4650270936471659e-02
-1.5021429900530908e-02
-1.5406305050637708e-02
-1.5805250202889753e-02
-1.6219675605710686e-02
-1.6649878292683253e-02
-1.7096481500045491e-02
-1.7560997285171975e-02
-1.8043755079284754e-02
-1.8545725814632832e-02
-1.9068539740403404e-02
-1.9612566080060154e-02
-2.0179219134930725e-02
-2.0770271207417944e-02
-2.1386144954161884e-02
-2.2028816546303256e-02
-2.2700234409697321e-02
-2.3400897233274036e-02
-2.4133491640682299e-02
-2.4900190972919435e-02
-2.5701605830906939e-02
-2.6541322036926170e-02
-2.7421611814164040e-02
-2.8343841347250352e-02
-2.9312150627645684e-02
-3.0329114907523207e-02
-3.1397218744921705e-02
-3.2521196341222039e-02
-3.3704092538295677e-02
-3.4949856836132109e-02
-3.6264022894215341e-02
-3.7650301257220950e-02
-3.9114576308848840e-02
-4.0663479962428299e-02
-4.2301682413326026e-02
-4.4037652362936087e-02
-4.5879427283895546e-02
-4.7833487950149009e-02
-4.9911399026274957e-02
-5.2122950383061493e-02
-5.4478484808239663e-02
-5.6992622654147791e-02
-5.9678207984662987e-02
-6.2551061885035605e-02
-6.5630286429023729e-02
-6.8933334012289710e-02
-7.2483962487478779e-02
-7.6307925925843123e-02
-8.0430115479259101e-02
-8.4885779625874874e-02
-8.9710153728372377e-02
-9.4942812635573859e-02
-1.0063375864269211e-01
-1.0683463648604305e-01
-1.1360833202025084e-01
-1.2102896334544576e-01
-1.2917564172154500e-01
-1.3814973966865063e-01
-1.4806538107404343e-01
-1.5905212768907145e-01
-1.7126555393243834e-01
-1.8489971600085858e-01
-2.0018146174954449e-01
-2.1738871419012143e-01
-2.3684720589172756e-01
-2.5897028515644221e-01
-2.8426161816455653e-01
-3.1334138491221508e-01
-3.4700828531532169e-01
-3.8626034732972675e-01
-4.3239080933825791e-01
-4.8709363855674975e-01
-5.5258365613564475e-01
-6.3187340433451844e-01
-7.2906239696380115e-01
-8.4976843147442704e-01
-1.0019979629580491e+00
-1.1977279395318783e+00
-1.4547712916031927e+00
-1.8006832663768388e+00
-2.2778388907668021e+00
-2.9583638794908618e+00
-3.9569990289986841e+00
-5.4513469002942685e+00
-7.5975488465606444e+00
-9.8917253367889906e+00
-1.0504438473128783e+01
-9.8260549641134300e+00
-8.9700451482239991e+00
-6.9758044655064513e+00
-4.6350523910324348e+00
-3.0591255664628640e+00
-2.1121887673946751e+00
-1.5291654566385304e+00
-1.1527227143574865e+00
-8.9789806893651514e-01
-7.1841334994815997e-01
-5.8760627419189526e-01
-4.9905784283634247e-01
-5.9921283259013003e-01
-7.3165255005451213e-01
-9.1140119699453770e-01
-1.1628351723482884e+00
-1.5268104042346520e+00
-2.0746359295559573e+00
-2.9272112971161262e+00
-4.2489739000825963e+00
-5.9501033276892032e+00
-6.8498621447898582e+00
0.0000000000000000e+00
2.4055929233035767e-01
0.0000000000000000e+00
0.0000000000000000e+00
];
