%Vec Object:sol 1 MPI processes
%  type: mpi
sol = [
0.0000000000000000e+00
-2.3387074833854992e+01
-1.8395058478291155e+01
-1.2198184515616260e+01
-7.8321567772329983e+00
-5.2520213317574314e+00
-3.7111941524655503e+00
-2.7435384892716121e+00
-2.1030721385220494e+00
-1.6595741012422947e+00
-1.3417113566303862e+00
-1.1063805791755088e+00
-9.2763375461338193e-01
-7.8882389867332880e-01
-6.7869811090736998e-01
-5.9001911892697523e-01
-5.1766557322734108e-01
-4.5786104456975019e-01
-4.0782368825588095e-01
-3.6559448624313495e-01
-3.2963547431736390e-01
-2.9871728392753277e-01
-2.7197875470231736e-01
-2.4870569335834797e-01
-2.2830111754508811e-01
-2.1031973733021178e-01
-1.9440575328038223e-01
-1.8024462718755252e-01
-1.6757912804777961e-01
-1.5622210069433942e-01
-1.4599784158265669e-01
-1.3674322006287465e-01
-1.2835666817715416e-01
-1.2073342225104015e-01
-1.1376918344183082e-01
-1.0740087031105484e-01
-1.0156471311513467e-01
-9.6194511422835208e-02
-9.1245082827545759e-02
-8.6677979735027666e-02
-8.2450149572576237e-02
-7.8527197068820637e-02
-7.4886011170432601e-02
-7.1498106344507401e-02
-6.8336035509408422e-02
-6.5386189747846532e-02
-6.2628183647913019e-02
-6.0040422202616642e-02
-5.7615798294229151e-02
-5.5341006781717335e-02
-5.3198204814351467e-02
-5.1182255556066376e-02
-4.9283836483498634e-02
-4.7489834694579354e-02
-4.5795509098492483e-02
-4.4194685170610419e-02
-4.2677607935152614e-02
-4.1239867765945078e-02
-3.9877454494874419e-02
-3.8583028391339889e-02
-3.7352492017994003e-02
-3.6183328859690306e-02
-3.5069954136251281e-02
-3.4008581569231790e-02
-3.2997724682836765e-02
-3.2033084156394713e-02
-3.1111188921493685e-02
-3.0231257964467007e-02
-2.9389938695487051e-02
-2.8584078813756894e-02
-2.7813373584555233e-02
-2.7075170074825811e-02
-2.6366635520612466e-02
-2.5687778268459621e-02
-2.5036462873321164e-02
-2.4410173474311472e-02
-2.3809114945981792e-02
-2.3231533930546628e-02
-2.2675225821670569e-02
-2.2140508384283695e-02
-2.1625908915645857e-02
-2.1129525826943604e-02
-2.0651729925689036e-02
-2.0191252761902562e-02
-1.9746485662685422e-02
-1.9317809662100109e-02
-1.8904102702360977e-02
-1.8504037541940639e-02
-1.8117975133293229e-02
-1.8196090249251614e-02
-1.8649929061101352e-02
-1.9120782775422843e-02
-1.9608996247331364e-02
-2.0115022171525766e-02
-2.0640628800291640e-02
-2.1186199099100460e-02
-2.1752523154569700e-02
-2.2341498160261285e-02
-2.2953549605378716e-02
-2.3589902863222514e-02
-2.4252604837456702e-02
-2.4942133192886455e-02
-2.5660268219058164e-02
-2.6409236723506240e-02
-2.7189586062189408e-02
-2.8003799612034558e-02
-2.8854327108131617e-02
-2.9741814447028486e-02
-3.0669633816580610e-02
-3.1640519358214339e-02
-3.2655261019195948e-02
-3.3718355695083232e-02
-3.4832665902551303e-02
-3.5999928260941907e-02
-3.7225335672937621e-02
-3.8512134424573255e-02
-3.9863460810765215e-02
-4.1285254801911309e-02
-4.2781355285315251e-02
-4.4356731171303884e-02
-4.6018326586387742e-02
-4.7770818996640346e-02
-4.9621596627513156e-02
-5.1578981545695464e-02
-5.3648857881617461e-02
-5.5841843379953765e-02
-5.8168022695137774e-02
-6.0635548290466218e-02
-6.3258905929964609e-02
-6.6050376962960483e-02
-6.9022937603064702e-02
-7.2194892825194909e-02
-7.5582342966716093e-02
-7.9205099997147338e-02
-8.3087063242154494e-02
-8.7250086475987948e-02
-9.1723873850273696e-02
-9.6540616389489964e-02
-1.0173143865227709e-01
-1.0734034803828300e-01
-1.1341133627414286e-01
-1.1999379177324526e-01
-1.2715005870990387e-01
-1.3494451397563181e-01
-1.4345548894483137e-01
-1.5277524211395338e-01
-1.6300220038230995e-01
-1.7426238147443637e-01
-1.8669755452014047e-01
-2.0046998363430568e-01
-2.1578367599035755e-01
-2.3286994759673740e-01
-2.5201046592442133e-01
-2.7355003138903139e-01
-2.9789243047525332e-01
-3.2554965936116553e-01
-3.5709443178860867e-01
-3.9332329253028003e-01
-4.3522126857020138e-01
-4.8401220533789480e-01
-5.4127945261196453e-01
-6.0909340760309738e-01
-6.9015565367790477e-01
-7.8813390062696376e-01
-9.0800809597591536e-01
-1.0566996397674682e+00
-1.2437912128664881e+00
-1.4833629465912808e+00
-1.7970506818233920e+00
-2.2178298690777623e+00
-2.7958947807792307e+00
-3.6166578515097112e+00
-4.8150500774220957e+00
-6.6013639089908080e+00
-9.1660901340900693e+00
-1.1925717610821694e+01
-1.2593361285248923e+01
-1.1611160545516436e+01
-1.0439705432398819e+01
-7.9227376252379660e+00
-5.1554390834952386e+00
-3.3641709541551035e+00
-2.3084237273122930e+00
-1.6650297325941246e+00
-1.2520520443255219e+00
-9.7363689133522269e-01
-7.7806684819980920e-01
-6.3579646209004381e-01
-5.3957808755067072e-01
-6.4784222127402558e-01
-7.9104153236408070e-01
-9.8548305191749785e-01
-1.2575192021116806e+00
-1.6520682282999879e+00
-2.2471675236807522e+00
-3.1783448670000736e+00
-4.6394676281388367e+00
-6.5734153419500085e+00
-7.6415382099715652e+00
0.0000000000000000e+00
1.3464638167935297e-01
0.0000000000000000e+00
0.0000000000000000e+00
];
