%Vec Object:sol 1 MPI processes
%  type: mpi
sol = [
0.0000000000000000e+00
-1.9308986030038898e+01
-1.4716808851480083e+01
-9.5559589296727712e+00
-6.1232130840474843e+00
-4.1200289773538783e+00
-2.9230500229759637e+00
-2.1669794989353202e+00
-1.6653013270713914e+00
-1.3172182937658574e+00
-1.0664866186577451e+00
-8.8039403793849891e-01
-7.3876427168672265e-01
-6.2859850615598911e-01
-5.4121824796221318e-01
-4.7077831289514693e-01
-4.1322574101828252e-01
-3.6558192377468463e-01
-3.2565041281576607e-01
-2.9192726676601205e-01
-2.6319482100860991e-01
-2.3847649535707277e-01
-2.1709072139293706e-01
-1.9847018191289015e-01
-1.8213919355433736e-01
-1.6774373049984184e-01
-1.5500084399548883e-01
-1.4365943451057980e-01
-1.3351408293672803e-01
-1.2441598456458386e-01
-1.1622473831771730e-01
-1.0880952379123221e-01
-1.0208971114477644e-01
-9.5981506094124175e-02
-9.0401104053161610e-02
-8.5298343040334429e-02
-8.0622220676052000e-02
-7.6319528797221203e-02
-7.2354175912480903e-02
-6.8695457548483940e-02
-6.5308773510598730e-02
-6.2166539931449362e-02
-5.9250343749000449e-02
-5.6537301013209300e-02
-5.4005331605237045e-02
-5.1643648974621391e-02
-4.9436952492556675e-02
-4.7366960536295917e-02
-4.5427698238316647e-02
-4.3608505402273325e-02
-4.1895009424196258e-02
-4.0283170372258960e-02
-3.8765521478490203e-02
-3.7331505871434523e-02
-3.5977361461940582e-02
-3.4698149404430501e-02
-3.3486021032917458e-02
-3.2337457840766998e-02
-3.1249256695106007e-02
-3.0215516006299181e-02
-2.9232956097229736e-02
-2.8299569636540792e-02
-2.7410869037513549e-02
-2.6563819042951940e-02
-2.5757235334390755e-02
-2.4987665479603301e-02
-2.4252325584314297e-02
-2.3550593664374040e-02
-2.2879779170525062e-02
-2.2237354562256759e-02
-2.1623076377915915e-02
-2.1034816809050109e-02
-2.0470306285562064e-02
-1.9929549218396379e-02
-1.9410833859403523e-02
-1.8912146748128373e-02
-1.8433647126389428e-02
-1.7973930436536202e-02
-1.7531234605269341e-02
-1.7105807123959590e-02
-1.6696469189413858e-02
-1.6301703025310112e-02
-1.5921796935750909e-02
-1.5555736648720554e-02
-1.5202239955720159e-02
-1.4861602182067354e-02
-1.4532927314685347e-02
-1.4215158788152677e-02
-1.3908575190257066e-02
-1.3958493488632748e-02
-1.4296341955269879e-02
-1.4646747635865057e-02
-1.5009938485083415e-02
-1.5386226016889467e-02
-1.5776953616654227e-02
-1.6182371863435203e-02
-1.6603049340302101e-02
-1.7040419516557919e-02
-1.7494757595136225e-02
-1.7966963215120514e-02
-1.8458574181493569e-02
-1.8969896140093343e-02
-1.9502249789102449e-02
-2.0057298405294331e-02
-2.0635389539129075e-02
-2.1238376178977041e-02
-2.1868077497008816e-02
-2.2524902573335233e-02
-2.3211375779283169e-02
-2.3929516116803804e-02
-2.4679825866513065e-02
-2.5465675796424624e-02
-2.6289160380348023e-02
-2.7151494524290415e-02
-2.8056573369545635e-02
-2.9006749199349178e-02
-3.0004029144747861e-02
-3.1052978522369688e-02
-3.2156384140328516e-02
-3.3317929599764255e-02
-3.4542752177182785e-02
-3.5834224449237062e-02
-3.7197786817491155e-02
-3.8639573595514363e-02
-4.0163822444632409e-02
-4.1778381094447509e-02
-4.3490656576237442e-02
-4.5306544974973655e-02
-4.7236761279687532e-02
-4.9290291815288843e-02
-5.1476615560012290e-02
-5.3809239175853410e-02
-5.6299932718386347e-02
-5.8963246994915029e-02
-6.1816787000474979e-02
-6.4876529973499256e-02
-6.8164360577402772e-02
-7.1703968844970351e-02
-7.5518141294575791e-02
-7.9639357141478545e-02
-8.4099962051313398e-02
-8.8936272237327488e-02
-9.4194289001065898e-02
-9.9921388128901986e-02
-1.0617534192490174e-01
-1.1302426198861809e-01
-1.2054069598964078e-01
-1.2881781080281654e-01
-1.3796038420245910e-01
-1.4808835535045686e-01
-1.5935283131623773e-01
-1.7192511801856233e-01
-1.8601407011373081e-01
-2.0187566342676028e-01
-2.1980979965396744e-01
-2.4019733638944524e-01
-2.6350236760410378e-01
-2.9029643001751337e-01
-3.2131601342917171e-01
-3.5748154681906863e-01
-3.9998629018986370e-01
-4.5039400520141171e-01
-5.1068220357647942e-01
-5.8364596796882406e-01
-6.7307748068192841e-01
-7.8423417979552523e-01
-9.2465156293870199e-01
-1.1053010573869659e+00
-1.3426541095919362e+00
-1.6615242714795981e+00
-2.1028277351790412e+00
-2.7322695276804838e+00
-3.6572204084436857e+00
-5.0410636944544800e+00
-7.0253192716777937e+00
-9.1322559674716999e+00
-9.7031621900787819e+00
-9.1171352625315354e+00
-8.3663753085321559e+00
-6.5704029998063112e+00
-4.4046068429950038e+00
-2.9214391690642505e+00
-2.0221979934353791e+00
-1.4662527632538680e+00
-1.1061711394890177e+00
-8.6216936638561392e-01
-6.9002741384483779e-01
-5.6444640468527219e-01
-4.7941434531629307e-01
-5.7549474633372222e-01
-7.0251842706709133e-01
-8.7477820444952825e-01
-1.1155372869744795e+00
-1.4639678188720278e+00
-1.9871431670053281e+00
-2.7988577346812655e+00
-4.0482634979601730e+00
-5.6298138051492570e+00
-6.4462237622165759e+00
0.0000000000000000e+00
2.4055929233035767e-01
0.0000000000000000e+00
0.0000000000000000e+00
];
