%Vec Object:sol 1 MPI processes
%  type: mpi
sol = [
0.0000000000000000e+00
-1.5391550196742918e+01
-1.2346986186244600e+01
-8.4659297572185146e+00
-5.5948933767495275e+00
-3.8274497105248222e+00
-2.7412826883792287e+00
-2.0451276336054365e+00
-1.5779607338103010e+00
-1.2520511485569676e+00
-1.0165437016362016e+00
-8.4106384429102776e-01
-7.0690267872667778e-01
-6.0234610932940102e-01
-5.1928442594968072e-01
-4.5223719366388732e-01
-3.9739437906566749e-01
-3.5196396735763041e-01
-3.1387873709762354e-01
-2.8168305314472458e-01
-2.5422740322813508e-01
-2.3058779408322111e-01
-2.1011961964738693e-01
-1.9228528429386926e-01
-1.7663317117070965e-01
-1.6282723451661107e-01
-1.5059876645295425e-01
-1.3970880730533242e-01
-1.2996172719424418e-01
-1.2121606662415695e-01
-1.1333800227767910e-01
-1.0620253809583320e-01
-9.9733154772801966e-02
-9.3847260856299700e-02
-8.8466434806769606e-02
-8.3544129787494995e-02
-7.9031554276990254e-02
-7.4877618201776006e-02
-7.1047804629718492e-02
-6.7512767459691592e-02
-6.4239261470380685e-02
-6.1200814161140191e-02
-5.8379870308048608e-02
-5.5754436590082043e-02
-5.3303242510363530e-02
-5.1016057056877534e-02
-4.8878179864070156e-02
-4.6871930829749137e-02
-4.4991704759379365e-02
-4.3227261012301232e-02
-4.1564663297571934e-02
-4.0000140801799998e-02
-3.8526525218748844e-02
-3.7133568616134940e-02
-3.5817720798498452e-02
-3.4574256242021095e-02
-3.3395548486217855e-02
-3.2278246135960101e-02
-3.1219302697395149e-02
-3.0212978868038382e-02
-2.9256126274466467e-02
-2.8346856101370808e-02
-2.7480801027036553e-02
-2.6655028243655676e-02
-2.5868445968204926e-02
-2.5117692101636623e-02
-2.4400061900898246e-02
-2.3715007967351941e-02
-2.3059908522017170e-02
-2.2432296225775625e-02
-2.1831989667890635e-02
-2.1256914003915349e-02
-2.0704844568868622e-02
-2.0175838890191679e-02
-1.9668226360004763e-02
-1.9180026250791155e-02
-1.8711444347481551e-02
-1.8261108161532886e-02
-1.7827278871289074e-02
-1.7410245476121695e-02
-1.7008854072682891e-02
-1.6621602995959037e-02
-1.6248817989501063e-02
-1.5889503814912092e-02
-1.5542389273356407e-02
-1.5207803650266256e-02
-1.4884864984518818e-02
-1.4572524404435341e-02
-1.4271091304201917e-02
-1.4335219970715768e-02
-1.4695416550001693e-02
-1.5069171108996131e-02
-1.5456756335039869e-02
-1.5858531140420871e-02
-1.6275914027447221e-02
-1.6709207603728810e-02
-1.7159041718879449e-02
-1.7626938094213930e-02
-1.8113232649060691e-02
-1.8618904971775874e-02
-1.9145596636339916e-02
-1.9693684450306347e-02
-2.0264594106459172e-02
-2.0860111213218256e-02
-2.1480667359812237e-02
-2.2128253728872300e-02
-2.2804834462864357e-02
-2.3510918879991193e-02
-2.4249213387635971e-02
-2.5021910029072003e-02
-2.5829632213771121e-02
-2.6675991833342107e-02
-2.7563282710055041e-02
-2.8492889322476438e-02
-2.9468983395024701e-02
-3.0494166094120510e-02
-3.1570948365006422e-02
-3.2704102851557358e-02
-3.3896706182960194e-02
-3.5152745302720396e-02
-3.6477801101020529e-02
-3.7875623798578686e-02
-3.9352150409350146e-02
-4.0914071816895263e-02
-4.2566108749409838e-02
-4.4316803474097902e-02
-4.6174267730382343e-02
-4.8145050416857162e-02
-5.0240816572388491e-02
-5.2471450072645420e-02
-5.4847394467246097e-02
-5.7383400862812871e-02
-6.0092438243654477e-02
-6.2990475726438871e-02
-6.6096790025826052e-02
-6.9429004090921509e-02
-7.3011093490807380e-02
-7.6869051415952155e-02
-8.1028010936022576e-02
-8.5523540967297793e-02
-9.0391208871340251e-02
-9.5670962845933655e-02
-1.0141326441443946e-01
-1.0767024490547418e-01
-1.1450537336352146e-01
-1.2199345039043091e-01
-1.3021432916143583e-01
-1.3927031061825165e-01
-1.4927657052114285e-01
-1.6036503432745638e-01
-1.7270168157812590e-01
-1.8647488631940357e-01
-2.0191421421641317e-01
-2.1930093816541707e-01
-2.3895697971577837e-01
-2.6129003491360647e-01
-2.8682104818482163e-01
-3.1617583551867490e-01
-3.5016028121157167e-01
-3.8978132025705636e-01
-4.3634360832428748e-01
-4.9155589531931160e-01
-5.5765208871257232e-01
-6.3767031431264487e-01
-7.3574434271537492e-01
-8.5763194479548333e-01
-1.0114438597062976e+00
-1.2089374162367712e+00
-1.4682523447179820e+00
-1.8171517649063875e+00
-2.2989699990250707e+00
-2.9851595351885467e+00
-3.9928067652746182e+00
-5.5001805509890680e+00
-7.6647122008194861e+00
-9.9806104501379451e+00
-1.0598572165794176e+01
-9.9080850855317042e+00
-9.0398279162063471e+00
-7.0221292135673847e+00
-4.6612432654138587e+00
-3.0747200047433831e+00
-2.1223616531881322e+00
-1.5362475074957733e+00
-1.1579722853510981e+00
-9.0192311745803344e-01
-7.2160142038682762e-01
-5.9019739335176757e-01
-5.0126666737899106e-01
-6.0187799725112157e-01
-7.3492386601196935e-01
-9.1550081606341316e-01
-1.1681384496960328e+00
-1.5338489474442143e+00
-2.0844256903644069e+00
-2.9415013880265199e+00
-4.2713856851225778e+00
-5.9858716564620442e+00
-6.8951658012008989e+00
0.0000000000000000e+00
2.4055929233035767e-01
0.0000000000000000e+00
0.0000000000000000e+00
];
