%Vec Object:sol 1 MPI processes
%  type: mpi
sol = [
0.0000000000000000e+00
-1.7404931005210997e+01
-1.3593853911539799e+01
-9.0569082822034837e+00
-5.8840707673292103e+00
-3.9893987653968010e+00
-2.8409834701033088e+00
-2.1126685200336182e+00
-1.6263616822204054e+00
-1.2879477145648472e+00
-1.0440942991326618e+00
-8.6279136500180753e-01
-7.2462067278919384e-01
-6.1702961219007324e-01
-5.3151068540530244e-01
-4.6253043361984247e-01
-4.0615034871170885e-01
-3.5947828079064742e-01
-3.2037591196723392e-01
-2.8733834478331383e-01
-2.5917868861706345e-01
-2.3494410000119442e-01
-2.1396965891343331e-01
-1.9570143599261372e-01
-1.7967458792470753e-01
-1.6554317481921091e-01
-1.5303064710083425e-01
-1.4189136412776698e-01
-1.3192430654216691e-01
-1.2298396235547095e-01
-1.1493288389551283e-01
-1.0764286863096713e-01
-1.0103507445357908e-01
-9.5027419849680106e-02
-8.9537693889823466e-02
-8.4516821075540316e-02
-7.9914827192979682e-02
-7.5679486169296248e-02
-7.1775436454318831e-02
-6.8172602209285948e-02
-6.4837008665709336e-02
-6.1741584463395706e-02
-5.8868311810897675e-02
-5.6194716231330120e-02
-5.3699089345523261e-02
-5.1370899582154052e-02
-4.9195121316654093e-02
-4.7153748093953292e-02
-4.5240974326297943e-02
-4.3446325686360567e-02
-4.1755649379823651e-02
-4.0165036085477869e-02
-3.8666583188760408e-02
-3.7250416619195356e-02
-3.5912933399045562e-02
-3.4649285434990337e-02
-3.3451719602183190e-02
-3.2316788424165424e-02
-3.1241355466034869e-02
-3.0219588974328811e-02
-2.9248265375098163e-02
-2.8325427875249446e-02
-2.7446640676701231e-02
-2.6608912466485283e-02
-2.5811098471345707e-02
-2.5049785181100105e-02
-2.4322222742402550e-02
-2.3627821139496515e-02
-2.2963919471229017e-02
-2.2328016122412420e-02
-2.1719894325886242e-02
-2.1137449119545383e-02
-2.0578430268815090e-02
-2.0042865132755366e-02
-1.9529059717832534e-02
-1.9035014631682740e-02
-1.8560909314879356e-02
-1.8105353053070043e-02
-1.7666593725351586e-02
-1.7244896917518172e-02
-1.6839094572206791e-02
-1.6447675761258662e-02
-1.6070945179015292e-02
-1.5707896757150605e-02
-1.5357252918963442e-02
-1.5019323914734262e-02
-1.4693219767575795e-02
-1.4377887110615117e-02
-1.4073618117570850e-02
-1.4129979285068213e-02
-1.4477976525010731e-02
-1.4838987322301439e-02
-1.5213260099508038e-02
-1.5601128051450095e-02
-1.6003968746860209e-02
-1.6422056572518603e-02
-1.6855988097026042e-02
-1.7307236968014214e-02
-1.7776106171983674e-02
-1.8263531825459450e-02
-1.8771098992628136e-02
-1.9299145879407266e-02
-1.9849041044808443e-02
-2.0422503493119148e-02
-2.1019919217963940e-02
-2.1643204159801938e-02
-2.2294243539608655e-02
-2.2973492260849791e-02
-2.3683557573147218e-02
-2.4426537300113439e-02
-2.5202989088331289e-02
-2.6016394106970785e-02
-2.6868936857966156e-02
-2.7761908310272785e-02
-2.8699320573656470e-02
-2.9683643154340987e-02
-3.0717252568185055e-02
-3.1804727389053628e-02
-3.2948982163715494e-02
-3.4153813364208384e-02
-3.5424562545272646e-02
-3.6764776879061836e-02
-3.8180125713837665e-02
-3.9676999939851326e-02
-4.1259860716742362e-02
-4.2936875889833019e-02
-4.4715777726262756e-02
-4.6602764372907772e-02
-4.8608988841286394e-02
-5.0743852199087058e-02
-5.3017279355110469e-02
-5.5443351328832727e-02
-5.8034392622897064e-02
-6.0805609530648168e-02
-6.3775379357871309e-02
-6.6960440947741409e-02
-7.0383645344121615e-02
-7.4069747594480706e-02
-7.8042620764548820e-02
-8.2336172612628683e-02
-8.6984240121681780e-02
-9.2024821242239624e-02
-9.7505981474396389e-02
-1.0347729970246269e-01
-1.0999918665190096e-01
-1.1714285291248724e-01
-1.2498423311428980e-01
-1.3362072725736349e-01
-1.4316193484544090e-01
-1.5373335601202495e-01
-1.6549299690204131e-01
-1.7862008654795475e-01
-1.9333309560454018e-01
-2.0989974853745910e-01
-2.2863382044609984e-01
-2.4993364192519080e-01
-2.7428465330892954e-01
-3.0228471556760922e-01
-3.3468968372467428e-01
-3.7243980561103968e-01
-4.1680178547174118e-01
-4.6940412023023148e-01
-5.3237602384035199e-01
-6.0861397720742838e-01
-7.0205972007506567e-01
-8.1820474636402163e-01
-9.6491887754323746e-01
-1.1535366742522837e+00
-1.4008902725558878e+00
-1.7337755793357075e+00
-2.1944326750013161e+00
-2.8499519421395050e+00
-3.8141627509016680e+00
-5.2565339047370925e+00
-7.3247551220297158e+00
-9.5313299481660252e+00
-1.0124940572448439e+01
-9.4925850631527577e+00
-8.6859654664036370e+00
-6.7862054198432746e+00
-4.5274938710910764e+00
-2.9949707478600240e+00
-2.0702975294270516e+00
-1.4999782898919642e+00
-1.1310786280518814e+00
-8.8129438355485257e-01
-7.0525672856083421e-01
-5.7686956932680766e-01
-4.8993785903034209e-01
-5.8820493297066445e-01
-7.1813605324783858e-01
-8.9445530641362947e-01
-1.1409072250568162e+00
-1.4976913879531875e+00
-2.0341146040024061e+00
-2.8678393277015672e+00
-4.1561122782001831e+00
-5.8018578641248126e+00
-6.6626419170870763e+00
0.0000000000000000e+00
2.4055929233035767e-01
0.0000000000000000e+00
0.0000000000000000e+00
];
