%Vec Object:sol 1 MPI processes
%  type: mpi
sol = [
0.0000000000000000e+00
-2.1829661806037588e+01
-1.6101272978844015e+01
-1.0149621472882107e+01
-6.3988053322329659e+00
-4.2706242279081259e+00
-3.0154223651572423e+00
-2.2287953075794493e+00
-1.7090340734090175e+00
-1.3498413336539883e+00
-1.0916507312066346e+00
-9.0023815669446450e-01
-7.5475649934366573e-01
-6.4171649121509056e-01
-5.5213554887563321e-01
-4.7997502991159574e-01
-4.2105404481081282e-01
-3.7232083383170217e-01
-3.3151545416678779e-01
-2.9703742877022909e-01
-2.6767343566843527e-01
-2.4242100741614561e-01
-2.2058051162562306e-01
-2.0157003799414028e-01
-1.8490203597635538e-01
-1.7021365586253714e-01
-1.5721496458977902e-01
-1.4564886963874471e-01
-1.3530511794521599e-01
-1.2603131225866351e-01
-1.1768380354579470e-01
-1.1012887312384916e-01
-1.0328394527224910e-01
-9.7063338433948848e-02
-9.1381475648657992e-02
-8.6187009043085128e-02
-8.1427803035419632e-02
-7.7049555560038410e-02
-7.3015371879237317e-02
-6.9293856383095445e-02
-6.5849711745350231e-02
-6.2654785146234140e-02
-5.9690230779456399e-02
-5.6932708323868361e-02
-5.4359721230281995e-02
-5.1960205503558267e-02
-4.9718554296262367e-02
-4.7616174897216791e-02
-4.5646909950632884e-02
-4.3799885920464882e-02
-4.2060504045704127e-02
-4.0424591886559523e-02
-3.8884531455833732e-02
-3.7429606067418783e-02
-3.6055948431010468e-02
-3.4758512323922748e-02
-3.3529334351437144e-02
-3.2364812415863711e-02
-3.1261665059607556e-02
-3.0213907086053673e-02
-2.9218192685159256e-02
-2.8272455631558949e-02
-2.7372146521140561e-02
-2.6514178178573194e-02
-2.5697320542043559e-02
-2.4918074852475932e-02
-2.4173616885397715e-02
-2.3463287920490475e-02
-2.2784362214835572e-02
-2.2134281408980272e-02
-2.1512771529085969e-02
-2.0917677712673187e-02
-2.0346707312345187e-02
-1.9799838607935244e-02
-1.9275338868599425e-02
-1.8771177763917811e-02
-1.8287491586036823e-02
-1.7822859439817394e-02
-1.7375507251993744e-02
-1.6945661970951639e-02
-1.6532132118940036e-02
-1.6133391612705213e-02
-1.5749710141461790e-02
-1.5380063752049906e-02
-1.5023164586821682e-02
-1.4679290999979952e-02
-1.4347539839799325e-02
-1.4026850633958648e-02
-1.3717486494393402e-02
-1.3759840947597496e-02
-1.4085822402432483e-02
-1.4423818622860385e-02
-1.4774032681280351e-02
-1.5136749748620284e-02
-1.5513272566579677e-02
-1.5903822685361425e-02
-1.6308934797384982e-02
-1.6729994422023046e-02
-1.7167242775569261e-02
-1.7621535436379548e-02
-1.8094353598600579e-02
-1.8585962942920326e-02
-1.9097626460552089e-02
-1.9630940420311278e-02
-2.0186205023444859e-02
-2.0765197441046102e-02
-2.1369657117148218e-02
-2.1999936446272818e-02
-2.2658460018806316e-02
-2.3347151250997247e-02
-2.4066443808480723e-02
-2.4819578204693604e-02
-2.5608535937957151e-02
-2.6434432809512083e-02
-2.7300986548923507e-02
-2.8210421708079442e-02
-2.9164864262965256e-02
-3.0168533989189179e-02
-3.1224043455202938e-02
-3.2334836417320871e-02
-3.3505834994190353e-02
-3.4739870169747923e-02
-3.6042261023429938e-02
-3.7418941117497558e-02
-3.8873895813089629e-02
-4.0414592377345168e-02
-4.2048050751995712e-02
-4.3779806509424091e-02
-4.5620054027629975e-02
-4.7577285528661084e-02
-4.9660448526530981e-02
-5.1882366503663166e-02
-5.4254148718794103e-02
-5.6789565425741845e-02
-5.9505302457849206e-02
-6.2416429210724877e-02
-6.5543680132497867e-02
-6.8909477252895382e-02
-7.2535312068156402e-02
-7.6451963874194451e-02
-8.0690002219968734e-02
-8.5283740414635087e-02
-9.0276722987402719e-02
-9.5713702163602768e-02
-1.0164930966025074e-01
-1.0814796890152478e-01
-1.1527819544536211e-01
-1.2312811973050027e-01
-1.3179678250071333e-01
-1.4139750684237307e-01
-1.5207319519189866e-01
-1.6398573151798404e-01
-1.7733253884291458e-01
-1.9235563046866036e-01
-2.0933842441349776e-01
-2.2864102640455580e-01
-2.5070218780024167e-01
-2.7606220711984775e-01
-3.0541755231893036e-01
-3.3963855839726664e-01
-3.7985376284183375e-01
-4.2754235531546753e-01
-4.8461300518657857e-01
-5.5364866600779128e-01
-6.3826734869056456e-01
-7.4344800125548594e-01
-8.7632898461463704e-01
-1.0473059392106314e+00
-1.2720397144462039e+00
-1.5741204328472382e+00
-1.9921913006156395e+00
-2.5889876034056480e+00
-3.4657440320317439e+00
-4.7775992818840720e+00
-6.6548897165524608e+00
-8.6366066359328233e+00
-9.1773631351438389e+00
-8.6473798870062701e+00
-7.9607317336229615e+00
-6.2941218225983393e+00
-4.2465966539265745e+00
-2.8263375553716532e+00
-1.9601350616030164e+00
-1.4225598285367242e+00
-1.0739415024505825e+00
-8.3727855590473899e-01
-6.7022895420959794e-01
-5.4832868345766783e-01
-4.6575011907870473e-01
-5.5897761845196092e-01
-6.8212412096039143e-01
-8.4911923981108950e-01
-1.0824838315986605e+00
-1.4198243209646144e+00
-1.9258025053904142e+00
-2.7086546115278658e+00
-3.9071008338021946e+00
-5.4051091073929971e+00
-6.1647138550477747e+00
0.0000000000000000e+00
2.4055929233035767e-01
0.0000000000000000e+00
0.0000000000000000e+00
];
