%Vec Object:sol 1 MPI processes
%  type: mpi
sol = [
0.0000000000000000e+00
-3.7565804016915656e+01
-2.3001380135412447e+01
-1.2630467310051019e+01
-7.4695983590000044e+00
-4.8307280018311953e+00
-3.3497030093749127e+00
-2.4483636968391429e+00
-1.8628891031247701e+00
-1.4625684036234095e+00
-1.1774367081587933e+00
-9.6742962315083436e-01
-8.0854543751404306e-01
-6.8551361963807911e-01
-5.8822866979920607e-01
-5.1008026031755382e-01
-4.4642330322934626e-01
-3.9388345887762699e-01
-3.4998042878455854e-01
-3.1297520249160948e-01
-2.8150230307316648e-01
-2.5447026361104635e-01
-2.3111848171887489e-01
-2.1081540487788442e-01
-1.9303287014700526e-01
-1.7737820041650343e-01
-1.6353791886938587e-01
-1.5123050478774480e-01
-1.4023195992853527e-01
-1.3038040591764902e-01
-1.2152096992440189e-01
-1.1350986167555101e-01
-1.0625794524518470e-01
-9.9673064396055014e-02
-9.3663518182815556e-02
-8.8173970450676709e-02
-8.3148430555725378e-02
-7.8528851904939190e-02
-7.4275630151723018e-02
-7.0355038450938268e-02
-6.6729414772637163e-02
-6.3368689747649795e-02
-6.0252564280105031e-02
-5.7356162379051723e-02
-5.4655595927811669e-02
-5.2138866380079939e-02
-4.9789341861153941e-02
-4.7587408140147835e-02
-4.5526283591693570e-02
-4.3594382916820017e-02
-4.1776381919212131e-02
-4.0067647382681516e-02
-3.8460057327288882e-02
-3.6942392938010847e-02
-3.5510422955798614e-02
-3.4158739469343939e-02
-3.2879026226201799e-02
-3.1667396711312967e-02
-3.0520299661783032e-02
-2.9431498086556419e-02
-2.8397427806775670e-02
-2.7415812485059698e-02
-2.6481920344952090e-02
-2.5592500399362693e-02
-2.4746151709184171e-02
-2.3939241620476840e-02
-2.3168826720377969e-02
-2.2434103602113113e-02
-2.1732246882942223e-02
-2.1060615493094761e-02
-2.0418808460587287e-02
-1.9804596043870921e-02
-1.9215632123495377e-02
-1.8651780356753619e-02
-1.8111251586770984e-02
-1.7591984783883199e-02
-1.7094010793935261e-02
-1.6615866611055439e-02
-1.6155764453176312e-02
-1.5713833192786793e-02
-1.5288850905586576e-02
-1.4879289619175062e-02
-1.4485327426471063e-02
-1.4105919959548574e-02
-1.3739784662252508e-02
-1.3387114487776351e-02
-1.3046994974746566e-02
-1.2718374008705766e-02
-1.2401435587517199e-02
-1.2402950195779652e-02
-1.2658887496560025e-02
-1.2923573251213377e-02
-1.3197061263563410e-02
-1.3479477209780341e-02
-1.3771867063307228e-02
-1.4074277414772025e-02
-1.4387034849934409e-02
-1.4711223378139999e-02
-1.5046878372491457e-02
-1.5394582171103250e-02
-1.5755461072473744e-02
-1.6129537428961928e-02
-1.6517714022498138e-02
-1.6921167682408016e-02
-1.7339908676084901e-02
-1.7775238871374364e-02
-1.8228398814658747e-02
-1.8699391859052016e-02
-1.9190015299403770e-02
-1.9701594160153890e-02
-2.0234136699548485e-02
-2.0790055283207414e-02
-2.1370632411761407e-02
-2.1976378836846999e-02
-2.2609997049382050e-02
-2.3272864232691409e-02
-2.3966237459459607e-02
-2.4693095870237523e-02
-2.5455002187230607e-02
-2.6254168320520407e-02
-2.7093953963660419e-02
-2.7976204174248391e-02
-2.8904361754647112e-02
-2.9882321317544862e-02
-3.0912357869904813e-02
-3.1999522324353651e-02
-3.3148372653078982e-02
-3.4362145480127365e-02
-3.5647721235216312e-02
-3.7010438733057482e-02
-3.8455849236609864e-02
-3.9992414399400482e-02
-4.1627012142085848e-02
-4.3368414570913949e-02
-4.5227420259586273e-02
-4.7213266178324310e-02
-4.9339305641914313e-02
-5.1619811805744237e-02
-5.4067930797403518e-02
-5.6703505755089922e-02
-5.9545649849028062e-02
-6.2615742803511981e-02
-6.5941467982580756e-02
-6.9550598859370261e-02
-7.3477338300991929e-02
-7.7760761163900932e-02
-8.2444339689364932e-02
-8.7583532060908201e-02
-9.3239984807195295e-02
-9.9483823245432423e-02
-1.0640435506246931e-01
-1.1410177704933842e-01
-1.2269857545680826e-01
-1.3234510286766982e-01
-1.4321631229943535e-01
-1.5553558313387053e-01
-1.6957430401451873e-01
-1.8566597841658938e-01
-2.0424157975677074e-01
-2.2583810343734417e-01
-2.5115214401209873e-01
-2.8109658538836213e-01
-3.1686332660972910e-01
-3.6007578607904267e-01
-4.1294106314344109e-01
-4.7853145256231028e-01
-5.6122938416636114e-01
-6.6733000135771314e-01
-8.0643295654746527e-01
-9.9317843214188306e-01
-1.2505374396920550e+00
-1.6148882368649276e+00
-2.1428499950412361e+00
-2.9093301894170924e+00
-3.9348378355027793e+00
-4.8944743168407721e+00
-5.1993098246249119e+00
-5.1389225192629180e+00
-5.0279803215726790e+00
-4.4005476386589066e+00
-3.2727349131508428e+00
-2.3158155907414515e+00
-1.6715675862287664e+00
-1.2498373119383124e+00
-9.6649828178106179e-01
-7.6941854625042616e-01
-6.2758576307557301e-01
-5.2237269388523078e-01
-4.5083808440534101e-01
-5.4905411749257482e-01
-6.7963693663895763e-01
-8.5781488477956125e-01
-1.1083681913587411e+00
-1.4729996621195245e+00
-2.0247895346316613e+00
-2.8885774563560176e+00
-4.2385268273334189e+00
-6.0016888355549458e+00
-6.9701888220293000e+00
0.0000000000000000e+00
2.4055929233035767e-01
0.0000000000000000e+00
0.0000000000000000e+00
];
