%Vec Object:sol 1 MPI processes
%  type: mpi
sol = [
0.0000000000000000e+00
-1.5276368338996123e+01
-1.2273698254486616e+01
-8.4300074366646385e+00
-5.5770403753450521e+00
-3.8175558365759228e+00
-2.7349624744052652e+00
-2.0409989268582214e+00
-1.5749624626942347e+00
-1.2497826225509305e+00
-1.0147727609610575e+00
-8.3966022393798367e-01
-7.0582483218181358e-01
-6.0145375261938905e-01
-5.1853575054993650e-01
-4.5160199500424753e-01
-3.9685023801272434e-01
-3.5149396803627542e-01
-3.1346991667859797e-01
-2.8132520446847598e-01
-2.5391243469301167e-01
-2.3030926515433417e-01
-2.0987225332600218e-01
-1.9206475116770641e-01
-1.7643591389107272e-01
-1.6265027543848715e-01
-1.5043959009559979e-01
-1.3956529431553530e-01
-1.2983208032498808e-01
-1.2109873036040424e-01
-1.1323163961730000e-01
-1.0610600559542373e-01
-9.9645329924092751e-02
-9.3769765847725145e-02
-8.8399176098281601e-02
-8.3485966682123491e-02
-7.8980049789272866e-02
-7.4831016141037029e-02
-7.1005670125285636e-02
-6.7474710199463689e-02
-6.4204935337814753e-02
-6.1169909403993861e-02
-5.8352105507603856e-02
-5.5729559481521383e-02
-5.3281027268990748e-02
-5.0996296355547602e-02
-4.8860686100129627e-02
-4.6856535976218236e-02
-4.4978253217387132e-02
-4.3215611011494827e-02
-4.1554687237738988e-02
-3.9991720166330659e-02
-3.8519551361501862e-02
-3.7127942931687148e-02
-3.5813351803124449e-02
-3.4571059547432233e-02
-3.3393446932395675e-02
-3.2277168151251763e-02
-3.1219181954102847e-02
-3.0213754322522966e-02
-2.9257741249522459e-02
-2.8349257914932442e-02
-2.7483940916743468e-02
-2.6658860833063604e-02
-2.5872929021642250e-02
-2.5122786330402779e-02
-2.4405730614387597e-02
-2.3721217022341531e-02
-2.3066626020688881e-02
-2.2439492231070154e-02
-2.1839636372936223e-02
-2.1264985332093853e-02
-2.0713315892903997e-02
-2.0184687413029517e-02
-1.9677430628530144e-02
-1.9189565857000150e-02
-1.8721300490521196e-02
-1.8271263087193020e-02
-1.7837715558059790e-02
-1.7420948336770471e-02
-1.7019808330750917e-02
-1.6632794374764351e-02
-1.6260233505356818e-02
-1.5901131101140800e-02
-1.5554216298942089e-02
-1.5219819555316210e-02
-1.4897059360909234e-02
-1.4584887075592067e-02
-1.4283613153632319e-02
-1.4348213910399197e-02
-1.4709162309949569e-02
-1.5083701773778629e-02
-1.5472106432433496e-02
-1.5874736730051454e-02
-1.6293013662812786e-02
-1.6727241512367812e-02
-1.7178052118505524e-02
-1.7646970120257219e-02
-1.8134333384893703e-02
-1.8641124107856444e-02
-1.9168987279942713e-02
-1.9718301984938354e-02
-2.0290497348560491e-02
-2.0887362991236572e-02
-2.1509333182356958e-02
-2.2158403630066253e-02
-2.2836543212874722e-02
-2.3544264437422493e-02
-2.4284279676448493e-02
-2.5058786605898654e-02
-2.5868412476694903e-02
-2.6716777041474429e-02
-2.7606180622630431e-02
-2.8538013193234794e-02
-2.9516456041910239e-02
-3.0544118129845709e-02
-3.1623518336123035e-02
-3.2759440884709605e-02
-3.3954971962423940e-02
-3.5214109777728604e-02
-3.6542449441126883e-02
-3.7943753098994885e-02
-3.9423973604049554e-02
-4.0989819586833440e-02
-4.2646026960379675e-02
-4.4401160133614066e-02
-4.6263353186278833e-02
-4.8239175487944048e-02
-5.0340322284282618e-02
-5.2576705714959211e-02
-5.4958799619423113e-02
-5.7501394437131807e-02
-6.0217496699883528e-02
-6.3123120030293023e-02
-6.6237593657207258e-02
-6.9578591778825832e-02
-7.3170155420291580e-02
-7.7038349648029414e-02
-8.1208380208690506e-02
-8.5715912343351325e-02
-9.0596613165413495e-02
-9.5890543035343667e-02
-1.0164830146760691e-01
-1.0792216594380716e-01
-1.1477578014456123e-01
-1.2228415073017286e-01
-1.3052735312659192e-01
-1.3960796709102255e-01
-1.4964148419567710e-01
-1.6076019265715705e-01
-1.7313052071289733e-01
-1.8694135533192777e-01
-2.0242288222929522e-01
-2.1985712938225188e-01
-2.3957473626517864e-01
-2.6198869965553340e-01
-2.8759177422463772e-01
-3.1702923367314323e-01
-3.5110911674753909e-01
-3.9084102858028125e-01
-4.3753304660608622e-01
-4.9289834977846997e-01
-5.5917656173382613e-01
-6.3941346775555252e-01
-7.3775308679608442e-01
-8.5996720907726909e-01
-1.0142832217577347e+00
-1.2123055966367511e+00
-1.4723012902353221e+00
-1.8220954244932945e+00
-2.3053119066106516e+00
-2.9931952396500758e+00
-4.0035384922502422e+00
-5.5148024959734547e+00
-7.6847956292471684e+00
-1.0007153623059930e+01
-1.0626620656036662e+01
-9.9325172109961493e+00
-9.0605863888467777e+00
-7.0358900447173198e+00
-4.6690164787426056e+00
-3.0793461897569108e+00
-2.1253787517866938e+00
-1.5383474806650734e+00
-1.1595287262328342e+00
-9.0311634967541965e-01
-7.2254642941372538e-01
-5.9096538399726617e-01
-5.0192132568188597e-01
-6.0266784036589771e-01
-7.3589325753545420e-01
-9.1671553458842014e-01
-1.1697096953901120e+00
-1.5359340260403416e+00
-2.0873254194988564e+00
-2.9457333250163718e+00
-4.2780221804476675e+00
-5.9964651124689237e+00
-6.9085894269737791e+00
0.0000000000000000e+00
2.4055929233035767e-01
0.0000000000000000e+00
0.0000000000000000e+00
];
