%Vec Object:sol 1 MPI processes
%  type: mpi
sol = [
0.0000000000000000e+00
-1.7053456269680652e+01
-1.3380728301039930e+01
-8.9597482675729623e+00
-5.8370540174372421e+00
-3.9624647428365978e+00
-2.8246617179613325e+00
-2.1014382028293639e+00
-1.6186948301938715e+00
-1.2821464292984295e+00
-1.0395639689210785e+00
-8.5916610496227297e-01
-7.2166192888580394e-01
-6.1457560530415201e-01
-5.2955336175126000e-01
-4.6091829108833304e-01
-4.0476879423812151e-01
-3.5828456159672206e-01
-3.1933726403024443e-01
-2.8642895057122042e-01
-2.5837807449197148e-01
-2.3423597198475207e-01
-2.1334065753318901e-01
-1.9514059229038141e-01
-1.7917289137250367e-01
-1.6509307951615526e-01
-1.5262577343723438e-01
-1.4152633865935854e-01
-1.3159457134756822e-01
-1.2268556920501919e-01
-1.1466243752328295e-01
-1.0739746872169403e-01
-1.0081215560357927e-01
-9.4824741746224017e-02
-8.9353321882887776e-02
-8.4349026898610444e-02
-7.9762079726326110e-02
-7.5540444671951784e-02
-7.1648900920160005e-02
-6.8057494140413580e-02
-6.4732371827633056e-02
-6.1646562791917207e-02
-5.8782126059566828e-02
-5.6116667775363699e-02
-5.3628553140321528e-02
-5.1307300293941205e-02
-4.9137938072469731e-02
-4.7102515171132703e-02
-4.5195258781740792e-02
-4.3405738464340586e-02
-4.1719820849324407e-02
-4.0133612745903637e-02
-3.8639810474608988e-02
-3.7228026273275670e-02
-3.5894613473316399e-02
-3.4634749528252955e-02
-3.3440707199151598e-02
-3.2309058946410507e-02
-3.1236686847402273e-02
-3.0217777855386901e-02
-2.9249123729367159e-02
-2.8328781483190461e-02
-2.7452329045652705e-02
-2.6616786868234741e-02
-2.5821020790852016e-02
-2.5061627519018869e-02
-2.4335866172257709e-02
-2.3643155149283283e-02
-2.2980841256670735e-02
-2.2346429635658707e-02
-2.1739710403032374e-02
-2.1158584462778685e-02
-2.0600806639438321e-02
-2.0066410188938785e-02
-1.9553705501288661e-02
-1.9060696810945972e-02
-1.8587568458067527e-02
-1.8132931860456739e-02
-1.7695039177269112e-02
-1.7274163547885010e-02
-1.6869136338160045e-02
-1.6478455600547236e-02
-1.6102425633997615e-02
-1.5740015561499125e-02
-1.5389921345133849e-02
-1.5052512556697196e-02
-1.4726878675782889e-02
-1.4411985188151580e-02
-1.4108132313464073e-02
-1.4165773516752550e-02
-1.4515821850307521e-02
-1.4878974968931046e-02
-1.5255485312296454e-02
-1.5645690340456229e-02
-1.6050974504447521e-02
-1.6471616857086948e-02
-1.6908219500212422e-02
-1.7362264143081129e-02
-1.7834059209498709e-02
-1.8324548055353339e-02
-1.8835325197269208e-02
-1.9366735204243830e-02
-1.9920156158248950e-02
-2.0497318177505108e-02
-2.1098614758671853e-02
-2.1725974387186518e-02
-2.2381295421881425e-02
-2.3065041704275504e-02
-2.3779837013425346e-02
-2.4527794819938366e-02
-2.5309483551895762e-02
-2.6128406157644540e-02
-2.6986765233676529e-02
-2.7885867124856415e-02
-2.8829750471022000e-02
-2.9820906511081061e-02
-3.0861733910538872e-02
-3.1956843412300588e-02
-3.3109176246780746e-02
-3.4322560292096370e-02
-3.5602376663439683e-02
-3.6952205868658473e-02
-3.8377761382806144e-02
-3.9885483536086598e-02
-4.1479875980327728e-02
-4.3169168234277661e-02
-4.4961154893472292e-02
-4.6862091406306657e-02
-4.8883214960947760e-02
-5.1034005610587997e-02
-5.3324472969611292e-02
-5.5768807818633991e-02
-5.8379439711364674e-02
-6.1171699364407306e-02
-6.4164110825890949e-02
-6.7373556479841196e-02
-7.0823070392824150e-02
-7.4537608726333901e-02
-7.8541248285556947e-02
-8.2868166325905684e-02
-8.7552479373931888e-02
-9.2632499847446342e-02
-9.8156679869481442e-02
-1.0417500841336606e-01
-1.1074838729631352e-01
-1.1794860295912435e-01
-1.2585221558139129e-01
-1.3455740804155322e-01
-1.4417466740685853e-01
-1.5483051300987388e-01
-1.6668421490566462e-01
-1.7991644502188420e-01
-1.9474742030808587e-01
-2.1144699165692346e-01
-2.3033142924197167e-01
-2.5180219780647217e-01
-2.7634854340918480e-01
-3.0457299071591393e-01
-3.3725172277056042e-01
-3.7535482162949529e-01
-4.2012475437705571e-01
-4.7315741624334040e-01
-5.3664169972692077e-01
-6.1349588223332530e-01
-7.0769092342354001e-01
-8.2475833477786509e-01
-9.7262420375764558e-01
-1.1628258255339339e+00
-1.4123004351282678e+00
-1.7477326062699026e+00
-2.2118267347926284e+00
-2.8727522444336131e+00
-3.8446917763305573e+00
-5.2977300371517568e+00
-7.3824226848872128e+00
-9.6078720020008035e+00
-1.0205052764769491e+01
-9.5638276369594291e+00
-8.7462825186127890e+00
-6.8266062085613042e+00
-4.5504665260349499e+00
-3.0086903522340922e+00
-2.0792625784204901e+00
-1.5062284075207131e+00
-1.1357151646494112e+00
-8.8485261787722946e-01
-7.0807723160101421e-01
-5.7917953027642677e-01
-4.9189392237599538e-01
-5.9056660576844866e-01
-7.2103682564405369e-01
-8.9809327246358384e-01
-1.1456159951413754e+00
-1.5039469623943982e+00
-2.0428230295058891e+00
-2.8806202384281829e+00
-4.1760847502592053e+00
-5.8337514471656569e+00
-6.7028438593964390e+00
0.0000000000000000e+00
2.4055929233035767e-01
0.0000000000000000e+00
0.0000000000000000e+00
];
