%Vec Object:sol 1 MPI processes
%  type: mpi
sol = [
0.0000000000000000e+00
-1.8399801823940045e+01
-1.4187130151949928e+01
-9.3231947587081478e+00
-6.0121495256946886e+00
-4.0596835615564864e+00
-2.8854027607579948e+00
-2.1421309822407033e+00
-1.6472397487337893e+00
-1.3037552251165134e+00
-1.0564460293852289e+00
-8.7246158172552035e-01
-7.3228966958028785e-01
-6.2322789910892240e-01
-5.3670394376148578e-01
-4.6694120474884082e-01
-4.0993272328741931e-01
-3.6274858140001492e-01
-3.2322330469574762e-01
-2.8983311952794183e-01
-2.6137660175194133e-01
-2.3688953039057514e-01
-2.1569900764927377e-01
-1.9724459863889054e-01
-1.8105627304807254e-01
-1.6677685361632735e-01
-1.5413196669078810e-01
-1.4287692503277946e-01
-1.3280807505369849e-01
-1.2377792519815072e-01
-1.1564727150614179e-01
-1.0828636898647062e-01
-1.0161530770761434e-01
-9.5550997367591983e-02
-9.0010298516957798e-02
-8.4943493345165794e-02
-8.0300006360025003e-02
-7.6027043484261314e-02
-7.2088817434064437e-02
-6.8454886293513775e-02
-6.5090915724556303e-02
-6.1969539189732838e-02
-5.9072509314549854e-02
-5.6377117331785395e-02
-5.3861443228942638e-02
-5.1514807492487505e-02
-4.9322027745368827e-02
-4.7264942538797851e-02
-4.5337647954695845e-02
-4.3529566632210207e-02
-4.1826413670013454e-02
-4.0224200984341464e-02
-3.8715520813588290e-02
-3.7289878522940523e-02
-3.5943553324785715e-02
-3.4671648505848036e-02
-3.3466360227693399e-02
-3.2324202892797360e-02
-3.1242004264263865e-02
-3.0213895534953371e-02
-2.9236623111133415e-02
-2.8308203010211492e-02
-2.7424171965911126e-02
-2.6581515227185253e-02
-2.5779066693435014e-02
-2.5013392217431117e-02
-2.4281723854176838e-02
-2.3583454305470899e-02
-2.2915906955679879e-02
-2.2276566467221811e-02
-2.1665201610943641e-02
-2.1079695320785220e-02
-2.0517787177366732e-02
-1.9979492086620258e-02
-1.9463106654950265e-02
-1.8966624123991780e-02
-1.8490212960762725e-02
-1.8032475129671377e-02
-1.7591653338123615e-02
-1.7168003335804698e-02
-1.6760351392483837e-02
-1.6367183055533894e-02
-1.5988794108576676e-02
-1.5624174165544335e-02
-1.5272043293278623e-02
-1.4932703630241620e-02
-1.4605262039419014e-02
-1.4288663543699879e-02
-1.3983192937121799e-02
-1.4036090114458541e-02
-1.4378596841582535e-02
-1.4733871273483043e-02
-1.5102150882312903e-02
-1.5483757253582375e-02
-1.5880049492378263e-02
-1.6291289255189367e-02
-1.6718058097492116e-02
-1.7161807993335530e-02
-1.7622827081366695e-02
-1.8102031882130182e-02
-1.8600981997088269e-02
-1.9119998241223977e-02
-1.9660423437616818e-02
-2.0223946598300312e-02
-2.0810933194128946e-02
-2.1423265296621207e-02
-2.2062792614418788e-02
-2.2729945586687533e-02
-2.3427286860518225e-02
-2.4156871901412878e-02
-2.4919228830981365e-02
-2.5717780059869726e-02
-2.6554661000633407e-02
-2.7431120681880496e-02
-2.8351099538733781e-02
-2.9317008036993841e-02
-3.0331162453104899e-02
-3.1398054320655143e-02
-3.2520525619590700e-02
-3.3702287550461972e-02
-3.4948574483250949e-02
-3.6262842852907644e-02
-3.7650642300780315e-02
-3.9118229602076442e-02
-4.0669950172870603e-02
-4.2313804606102144e-02
-4.4057355884917507e-02
-4.5906646075164009e-02
-4.7872599837429260e-02
-4.9964403436814263e-02
-5.2191751297161033e-02
-5.4568426348329584e-02
-5.7106467166227387e-02
-5.9820741640102412e-02
-6.2729228139062454e-02
-6.5848274536176518e-02
-6.9200234092068158e-02
-7.2809314569105596e-02
-7.6698833788287721e-02
-8.0901966263122321e-02
-8.5451787427542877e-02
-9.0385438280721889e-02
-9.5749931339998234e-02
-1.0159372737116347e-01
-1.0797589843369676e-01
-1.1496608520812329e-01
-1.2263851533794881e-01
-1.3108862298017335e-01
-1.4041689187601133e-01
-1.5075020368515038e-01
-1.6224352759506977e-01
-1.7507169835370273e-01
-1.8944784216407290e-01
-2.0563313821369372e-01
-2.2393359753630826e-01
-2.4473775320062466e-01
-2.6851902556329527e-01
-2.9586038642255524e-01
-3.2751292140539023e-01
-3.6441520709057379e-01
-4.0778381623636506e-01
-4.5921276465582411e-01
-5.2078665643334554e-01
-5.9534207534725303e-01
-6.8674037563840318e-01
-8.0024227739427978e-01
-9.4348706129022120e-01
-1.1277277033893842e+00
-1.3697811177535169e+00
-1.6956730438103285e+00
-2.1455561726050068e+00
-2.7875847655575594e+00
-3.7305027214344060e+00
-5.1418465807006104e+00
-7.1659536039044642e+00
-9.3198011861993191e+00
-9.9027413613538240e+00
-9.2943232564952165e+00
-8.5175406729912559e+00
-6.6729806941883423e+00
-4.4629610776103883e+00
-2.9563832460542967e+00
-2.0450651317773443e+00
-1.4823321616560927e+00
-1.1180177957904196e+00
-8.7126749179299801e-01
-6.9729383316102833e-01
-5.7035743157878438e-01
-4.8442211143270236e-01
-5.8154384028227779e-01
-7.0995230717932389e-01
-8.8416355716658701e-01
-1.1276163833976571e+00
-1.4800280232455350e+00
-2.0095171076591032e+00
-2.8317243419523264e+00
-4.0996584329921699e+00
-5.7117611142550926e+00
-6.5492119503550823e+00
0.0000000000000000e+00
2.4055929233035767e-01
0.0000000000000000e+00
0.0000000000000000e+00
];
