%Vec Object:sol 1 MPI processes
%  type: mpi
sol = [
0.0000000000000000e+00
-1.7653918675819501e+01
-1.3743702964929287e+01
-9.1247358878401794e+00
-5.9167984130312714e+00
-4.0077283318556844e+00
-2.8523398906484450e+00
-2.1204842839960860e+00
-1.6316963127128001e+00
-1.2919855069921402e+00
-1.0472484121054901e+00
-8.6531605705265546e-01
-7.2668174882620296e-01
-6.1862181600067101e-01
-5.3283488385816946e-01
-4.6365475677771861e-01
-4.0711418399469318e-01
-3.6031135758530319e-01
-3.2110101679477859e-01
-2.8797343696823907e-01
-2.5973801236813499e-01
-2.3543899246035774e-01
-2.1440941743952840e-01
-1.9609369543267643e-01
-1.8002562041827697e-01
-1.6585823380372708e-01
-1.5331417482764334e-01
-1.4214710253217877e-01
-1.3215542981823614e-01
-1.2319322082975480e-01
-1.1512264288818905e-01
-1.0781514859242473e-01
-1.0119166303144039e-01
-9.5169878337912184e-02
-8.9667370466793780e-02
-8.4634920468713140e-02
-8.0022416773312510e-02
-7.5777500586421978e-02
-7.1864712279963702e-02
-6.8253893076022379e-02
-6.4910842486283440e-02
-6.1807399427066041e-02
-5.8926668410191604e-02
-5.6246279052157892e-02
-5.3744447963916100e-02
-5.1410588304019032e-02
-4.9229618929438605e-02
-4.7183480456011818e-02
-4.5266330715346928e-02
-4.3467663283634696e-02
-4.1773267502189557e-02
-4.0179200457634005e-02
-3.8678104962728117e-02
-3.7259538999526540e-02
-3.5919817585288942e-02
-3.4654080213674499e-02
-3.3454560919648359e-02
-3.2317802478927550e-02
-3.1240659300154777e-02
-3.0217290251990287e-02
-2.9244464104578333e-02
-2.8320217096682625e-02
-2.7440106480713544e-02
-2.6601134983650070e-02
-2.5802152354267274e-02
-2.5039739862834573e-02
-2.4311143070426245e-02
-2.3615767512510287e-02
-2.2950948314724339e-02
-2.2314180396900442e-02
-2.1705243261845957e-02
-2.1122028888425865e-02
-2.0562284482110522e-02
-2.0026034185037945e-02
-1.9511581629510298e-02
-1.9016925582344552e-02
-1.8542242646303903e-02
-1.8086140259858864e-02
-1.7646865019190480e-02
-1.7224679964912316e-02
-1.6818415610822150e-02
-1.6426560162853605e-02
-1.6049416009205533e-02
-1.5685975997191418e-02
-1.5334961977983242e-02
-1.4996682102847013e-02
-1.4670245605344710e-02
-1.4354598731976156e-02
-1.4050031747779933e-02
-1.4105504669904897e-02
-1.4452085960389990e-02
-1.4811617633204564e-02
-1.5184345314102097e-02
-1.5570599230479543e-02
-1.5971752195346252e-02
-1.6388075345579754e-02
-1.6820161405908123e-02
-1.7269478447763109e-02
-1.7736325668962265e-02
-1.8221634162548867e-02
-1.8726982448466056e-02
-1.9252704297078354e-02
-1.9800161664317445e-02
-2.0371065853426341e-02
-2.0965797625923228e-02
-2.1586264227860967e-02
-2.2234341769778062e-02
-2.2910478920392829e-02
-2.3617271476307360e-02
-2.4356806403138292e-02
-2.5129633825016446e-02
-2.5939219821877812e-02
-2.6787736326458800e-02
-2.7676463599819023e-02
-2.8609395359028698e-02
-2.9588986004221395e-02
-3.0617596647489701e-02
-3.1699783544843790e-02
-3.2838442686541743e-02
-3.4037348720624534e-02
-3.5301815738660314e-02
-3.6635367720700647e-02
-3.8043643363864690e-02
-3.9532999217287916e-02
-4.1107866868309924e-02
-4.2776371329573466e-02
-4.4546201550079045e-02
-4.6423515798081127e-02
-4.8419408615298358e-02
-5.0543226140902182e-02
-5.2804834363325594e-02
-5.5218238020580721e-02
-5.7795688532260345e-02
-6.0552305661580832e-02
-6.3506364682904756e-02
-6.6674504545820620e-02
-7.0079449011156494e-02
-7.3745813226356996e-02
-7.7697328433131194e-02
-8.1967714936616379e-02
-8.6590615162417506e-02
-9.1603808166453513e-02
-9.7055090400238769e-02
-1.0299375522309195e-01
-1.0947987147478487e-01
-1.1658424882907975e-01
-1.2438238620661940e-01
-1.3297113844160879e-01
-1.4245948678956807e-01
-1.5297222126943399e-01
-1.6466646748181668e-01
-1.7772044877832058e-01
-1.9235141882742499e-01
-2.0882561971867294e-01
-2.2745508670507258e-01
-2.4863596489158626e-01
-2.7284545736876936e-01
-3.0065626213481983e-01
-3.3285140493997684e-01
-3.7038490251565026e-01
-4.1449314781759172e-01
-4.6679586186377459e-01
-5.2941091079082603e-01
-6.0521954558164592e-01
-6.9814307891898897e-01
-8.1364501443218185e-01
-9.5955579619978559e-01
-1.1469419817845601e+00
-1.3929459393317130e+00
-1.7240519734542084e+00
-2.1820494818152660e+00
-2.8340562652317116e+00
-3.7928590525883790e+00
-5.2273681817057422e+00
-7.2844472913253462e+00
-9.4777418201040842e+00
-1.0068757811705579e+01
-9.4425426588570502e+00
-8.6435292363224683e+00
-6.7577318023018051e+00
-4.5112846135414477e+00
-2.9852842477385235e+00
-2.0639655321635804e+00
-1.4955624610265286e+00
-1.1278021928988127e+00
-8.7877941141273030e-01
-7.0326282457806311e-01
-5.7523640026931655e-01
-4.8855469073009472e-01
-5.8653469906089184e-01
-7.1608422985086884e-01
-8.9188160432931918e-01
-1.1375755240571397e+00
-1.4932643297501413e+00
-2.0279505087322613e+00
-2.8587906404200569e+00
-4.1419695955438645e+00
-5.7792789236802973e+00
-6.6341958699873063e+00
0.0000000000000000e+00
2.4055929233035767e-01
0.0000000000000000e+00
0.0000000000000000e+00
];
