%Vec Object:sol 1 MPI processes
%  type: mpi
sol = [
0.0000000000000000e+00
-1.5570715625842487e+01
-1.2460554267484275e+01
-8.5213964415071501e+00
-5.6224151969566201e+00
-3.8426915802984958e+00
-2.7510188711563561e+00
-2.0514864303640952e+00
-1.5825791384230472e+00
-1.2555460266235425e+00
-1.0192724421517541e+00
-8.4310326592097273e-01
-7.0856430234128276e-01
-6.0372196691761426e-01
-5.2043890997728015e-01
-4.5321682742435504e-01
-3.9823369661047997e-01
-3.5268902703448651e-01
-3.1450950854637083e-01
-2.8223526204783661e-01
-2.5471351659230135e-01
-2.3101773524728544e-01
-2.1050151871615672e-01
-1.9262581404197043e-01
-1.7693781346351881e-01
-1.6310057816180293e-01
-1.5084468886301547e-01
-1.3993057658621955e-01
-1.3016218903762897e-01
-1.2139432852565557e-01
-1.1349428904770936e-01
-1.0633957585633237e-01
-9.9853173522143068e-02
-9.3954766387731745e-02
-8.8563798202209068e-02
-8.3632318416305002e-02
-7.9111424410216541e-02
-7.4949919925900776e-02
-7.1113208619954418e-02
-6.7571875733387465e-02
-6.4292607871343929e-02
-6.1248876458219775e-02
-5.8423082631706633e-02
-5.5793188101125490e-02
-5.3337881566150699e-02
-5.1046903544103440e-02
-4.8905523248230380e-02
-4.6896030338805884e-02
-4.5012800509847364e-02
-4.3245571793951942e-02
-4.1580385998123741e-02
-4.0013458342940074e-02
-3.8537605301659485e-02
-3.7142563419166733e-02
-3.5824771540595705e-02
-3.4579493206193274e-02
-3.3399090778589713e-02
-3.2280204254609243e-02
-3.1219779063220026e-02
-3.0212067730016164e-02
-2.9253915148807208e-02
-2.8343426355217336e-02
-2.7476227964816122e-02
-2.6649381943008733e-02
-2.5861791676582417e-02
-2.5110090507699492e-02
-2.4391569677656273e-02
-2.3705677873244298e-02
-2.3049789841532130e-02
-2.2421435208392987e-02
-2.1820429291886660e-02
-2.1244694570196006e-02
-2.0692004130979894e-02
-2.0162412692698795e-02
-1.9654247567327254e-02
-1.9165526403298157e-02
-1.8696452519847109e-02
-1.8245651807786929e-02
-1.7811384303757512e-02
-1.7393936807122895e-02
-1.6992154158244913e-02
-1.6604533910684453e-02
-1.6231399824741401e-02
-1.5871755704956803e-02
-1.5524329825487517e-02
-1.5189449675291976e-02
-1.4866232591169580e-02
-1.4553629336555287e-02
-1.4251947679201503e-02
-1.4315349452357611e-02
-1.4674391184527113e-02
-1.5046939998019586e-02
-1.5433266354404295e-02
-1.5833726804261487e-02
-1.6249736017164059e-02
-1.6681594018415399e-02
-1.7129927591487269e-02
-1.7596253971488219e-02
-1.8080906072382049e-02
-1.8584859468005435e-02
-1.9109750476524356e-02
-1.9655952392956245e-02
-2.0224885625741897e-02
-2.0818329609594739e-02
-2.1436711797117779e-02
-2.2082016406372168e-02
-2.2756200289332923e-02
-2.3459767842364143e-02
-2.4195416293521305e-02
-2.4965329012464912e-02
-2.5770123478242448e-02
-2.6613399486427748e-02
-2.7497440845330359e-02
-2.8423623558479494e-02
-2.9396104629275461e-02
-3.0417473211943487e-02
-3.1490228022234099e-02
-3.2619123874256833e-02
-3.3807222664913705e-02
-3.5058493979969317e-02
-3.6378496808153228e-02
-3.7770962984192767e-02
-3.9241805121241882e-02
-4.0797686762529768e-02
-4.2443305221802757e-02
-4.4187168657678369e-02
-4.6037354383576951e-02
-4.8000379732617025e-02
-5.0087863207738330e-02
-5.2309645117676960e-02
-5.4676122317137775e-02
-5.7201985302178092e-02
-5.9900145169645390e-02
-6.2786502431864608e-02
-6.5880252862160316e-02
-6.9198940385124835e-02
-7.2766439671088007e-02
-7.6608633102022428e-02
-8.0750541667195863e-02
-8.5227585787848961e-02
-9.0075179002847214e-02
-9.5333096537460790e-02
-1.0105158713682393e-01
-1.0728255671118103e-01
-1.1408920440713029e-01
-1.2154601410702724e-01
-1.2973249559642278e-01
-1.3875051974506494e-01
-1.4871477510247980e-01
-1.5975662801830590e-01
-1.7204136459530009e-01
-1.8575656897724865e-01
-2.0112576617973749e-01
-2.1842077416600539e-01
-2.3797845185165786e-01
-2.6021418778351635e-01
-2.8563412198988319e-01
-3.1486146110110724e-01
-3.4869876339935235e-01
-3.8814884093804863e-01
-4.3451106506490655e-01
-4.8948734459952248e-01
-5.5530275578917609e-01
-6.3498358861509130e-01
-7.3264776948493682e-01
-8.5403140122223431e-01
-1.0070663309344114e+00
-1.2037433904291608e+00
-1.4620068717856183e+00
-1.8095238635483615e+00
-2.2891833032491316e+00
-2.9727533122041288e+00
-3.9762321451716569e+00
-5.4775852865107151e+00
-7.6336532472223810e+00
-9.9395300555990467e+00
-1.0555087856984656e+01
-9.8702144293466159e+00
-9.0076267969138399e+00
-7.0007648082786895e+00
-4.6491685784137173e+00
-3.0675318471899917e+00
-2.1176729801841634e+00
-1.5329836650519706e+00
-1.1555530582681506e+00
-9.0006829424795309e-01
-7.2013235359831274e-01
-5.8900344441147612e-01
-5.0024888614979501e-01
-6.0064998413472559e-01
-7.3341661451076035e-01
-9.1361200256330632e-01
-1.1656951469594543e+00
-1.5306063615923757e+00
-2.0799158734092913e+00
-2.9349189203646042e+00
-4.2610625064932135e+00
-5.9693950306646046e+00
-6.8742927688819115e+00
0.0000000000000000e+00
2.4055929233035767e-01
0.0000000000000000e+00
0.0000000000000000e+00
];
