%Vec Object:sol 1 MPI processes
%  type: mpi
sol = [
0.0000000000000000e+00
-3.6389313683571835e+01
-2.2582347047380829e+01
-1.2497657367986827e+01
-7.4167526297225939e+00
-4.8040904143417080e+00
-3.3347452382598237e+00
-2.4394856226495096e+00
-1.8565081462135413e+00
-1.4581608084009887e+00
-1.1743838929938264e+00
-9.6504451354135790e-01
-8.0665329506080619e-01
-6.8402433334884283e-01
-5.8712953538836465e-01
-5.0927003407820060e-01
-4.4583161721475734e-01
-3.9341586794934646e-01
-3.4961132546021900e-01
-3.1268752927168120e-01
-2.8128251739844962e-01
-2.5430763857780098e-01
-2.3100417979175442e-01
-2.1074218090284708e-01
-1.9299480727948709e-01
-1.7737035144831950e-01
-1.6355611328778422e-01
-1.5127527761447876e-01
-1.4030172351071632e-01
-1.3047147724749905e-01
-1.2163026982572070e-01
-1.1363481755335723e-01
-1.0639635633973869e-01
-9.9823062549135325e-02
-9.3823518541360798e-02
-8.8342605928402942e-02
-8.3324526417678776e-02
-7.8711396461484243e-02
-7.4463745959154157e-02
-7.0547965689729653e-02
-6.6926491591870474e-02
-6.3569336744520144e-02
-6.0456279480056357e-02
-5.7562505467176769e-02
-5.4864174936615238e-02
-5.2349344462111744e-02
-5.0001423850545595e-02
-4.7800860615979039e-02
-4.5740725967399469e-02
-4.3809323756816856e-02
-4.1991544012943832e-02
-4.0282935665570258e-02
-3.8675390106699896e-02
-3.7157686761838928e-02
-3.5725612025369911e-02
-3.4373770022144194e-02
-3.3093841476902565e-02
-3.1881951140093553e-02
-3.0734559368547583e-02
-2.9645425769928783e-02
-2.8610992173703102e-02
-2.7628993893464873e-02
-2.6694695811433945e-02
-2.5804848755025214e-02
-2.4958063623724033e-02
-2.4150704663012570e-02
-2.3379827042444738e-02
-2.2644639373645688e-02
-2.1942313468096188e-02
-2.1270204404271180e-02
-2.0627923345387066e-02
-2.0013237999550675e-02
-1.9423796673836084e-02
-1.8859475160019436e-02
-1.8318481910635960e-02
-1.7798749231638749e-02
-1.7300319964029830e-02
-1.6821728747526556e-02
-1.6361180604783782e-02
-1.5918816113451469e-02
-1.5493410892869952e-02
-1.5083429737581087e-02
-1.4689062009182123e-02
-1.4309260640540264e-02
-1.3942736242432960e-02
-1.3589692456568702e-02
-1.3249211739546135e-02
-1.2920235929438363e-02
-1.2602959000778364e-02
-1.2609263766507848e-02
-1.2874398511219414e-02
-1.3148711322681630e-02
-1.3432274734185234e-02
-1.3725234719488713e-02
-1.4028673369465427e-02
-1.4342659274222442e-02
-1.4667546264868967e-02
-1.5004460263956758e-02
-1.5353462583926638e-02
-1.5715172054178522e-02
-1.6090763832131323e-02
-1.6480291019030209e-02
-1.6884705148118063e-02
-1.7305240347613847e-02
-1.7741943656094647e-02
-1.8196181827101809e-02
-1.8669263151599447e-02
-1.9161235445811060e-02
-1.9673982097973244e-02
-2.0208909031917154e-02
-2.0766078988605427e-02
-2.1348018335944862e-02
-2.1956103462599644e-02
-2.2590924559400954e-02
-2.3255323315529704e-02
-2.3950790505170103e-02
-2.4678699285745218e-02
-2.5442198260081351e-02
-2.6242990869418885e-02
-2.7083455160492358e-02
-2.7967160435721478e-02
-2.8896129291284541e-02
-2.9874039555786221e-02
-3.0905049714084573e-02
-3.1991663417846185e-02
-3.3139262007167540e-02
-3.4352739001516176e-02
-3.5635642173234221e-02
-3.6995305869537289e-02
-3.8437498455061461e-02
-3.9968233621350248e-02
-4.1596570220535110e-02
-4.3329963086408414e-02
-4.5177867417646837e-02
-4.7151887892594842e-02
-4.9262057582049205e-02
-5.1522740981474982e-02
-5.3949327374944386e-02
-5.6556103526583176e-02
-5.9364412933697597e-02
-6.2394938109973180e-02
-6.5670830543722469e-02
-6.9221950072906907e-02
-7.3078396374377408e-02
-7.7277259354603264e-02
-8.1862344653307426e-02
-8.6879572559815682e-02
-9.2388861597188204e-02
-9.8457054677787870e-02
-1.0516028259013363e-01
-1.1259531074427052e-01
-1.2087092368807029e-01
-1.3012004741870570e-01
-1.4050581470173618e-01
-1.5221831084701762e-01
-1.6550000939828285e-01
-1.8064569307352973e-01
-1.9801779919592072e-01
-2.1808259118311429e-01
-2.4141105521128711e-01
-2.6876950968116042e-01
-3.0114850189057585e-01
-3.3984181884787357e-01
-3.8661160548641188e-01
-4.4385454006563391e-01
-5.1490833937121494e-01
-6.0455419763027329e-01
-7.1973942210952280e-01
-8.7087743275131835e-01
-1.0737611574917572e+00
-1.3537591994195255e+00
-1.7514749725207364e+00
-2.3301246975930412e+00
-3.1779254492292188e+00
-4.3318181254894927e+00
-5.4374232995467153e+00
-5.7581389008851138e+00
-5.6107877285874315e+00
-5.3968614077718327e+00
-4.6104809767164099e+00
-3.3530520076942270e+00
-2.3382539274620338e+00
-1.6709270613779457e+00
-1.2394357916237870e+00
-9.5223967150063527e-01
-7.5362255293869385e-01
-6.1143165024877488e-01
-5.0644031120212296e-01
-4.3514213764195692e-01
-5.2761368337992376e-01
-6.5030889571721795e-01
-8.1738469944336223e-01
-1.0518501371027671e+00
-1.3923012827051997e+00
-1.9051951051421618e+00
-2.7030961336602020e+00
-3.9340299787628985e+00
-5.4962714465262534e+00
-6.3164928972779517e+00
0.0000000000000000e+00
2.4055929233035767e-01
0.0000000000000000e+00
0.0000000000000000e+00
];
