%Vec Object:sol 1 MPI processes
%  type: mpi
sol = [
0.0000000000000000e+00
-2.2809223255906542e+01
-1.8056032667150433e+01
-1.2052137815914207e+01
-7.7698843436210234e+00
-5.2207175988762895e+00
-3.6942568960526065e+00
-2.7322132812989657e+00
-2.0958315406169179e+00
-1.6545113693149109e+00
-1.3378167321583581e+00
-1.1033073074419075e+00
-9.2515961277208192e-01
-7.8680006623096466e-01
-6.7720034853489786e-01
-5.8894553649770154e-01
-5.1677027360936567e-01
-4.5710663606939567e-01
-4.0718511653033673e-01
-3.6505203501716454e-01
-3.2917353732449572e-01
-2.9832346278589406e-01
-2.7164289663172347e-01
-2.4841947720460586e-01
-2.2805771773289849e-01
-2.1011344765622147e-01
-1.9423176176827156e-01
-1.8009888799523363e-01
-1.6745821414768639e-01
-1.5612305597426110e-01
-1.4591813098387491e-01
-1.3668067702599065e-01
-1.2830938976858455e-01
-1.2069975298426291e-01
-1.1374769093592975e-01
-1.0739028565844518e-01
-1.0156391842731405e-01
-9.6202526236568345e-02
-9.1261035308065563e-02
-8.6701093400160911e-02
-8.2479735690078868e-02
-7.8562640430722086e-02
-7.4926759687529487e-02
-7.1543665888728666e-02
-6.8385961372226828e-02
-6.5440101934677503e-02
-6.2687069673550463e-02
-6.0104218939700263e-02
-5.7684010761713048e-02
-5.5413192544763339e-02
-5.3273963426675765e-02
-5.1261229927965737e-02
-4.9365706106807787e-02
-4.7574306711485929e-02
-4.5882321516649657e-02
-4.4283602678189933e-02
-4.2768413739633880e-02
-4.1332366809737481e-02
-3.9971472096748437e-02
-3.8678402483888784e-02
-3.7449075479741696e-02
-3.6280990855599729e-02
-3.5168572558477135e-02
-3.4108044181937358e-02
-3.3097932809926296e-02
-3.2133945236300587e-02
-3.1212616482778226e-02
-3.0333177245526692e-02
-2.9492279195347925e-02
-2.8686773340382020e-02
-2.7916365276727282e-02
-2.7178405129803348e-02
-2.6470061320428638e-02
-2.5791351369095040e-02
-2.5140142440865137e-02
-2.4513937913879999e-02
-2.3912883094605424e-02
-2.3335187535640668e-02
-2.2778606206165390e-02
-2.2243607677762293e-02
-2.1728718779360705e-02
-2.1232035139830178e-02
-2.0753933598535303e-02
-2.0293144977756979e-02
-1.9848057893718910e-02
-1.9419058984594808e-02
-1.9005025171871515e-02
-1.8604626786878364e-02
-1.8218229918237780e-02
-1.8298546023316303e-02
-1.8756749578038728e-02
-1.9232151862504928e-02
-1.9725104758838222e-02
-2.0236068625225548e-02
-2.0766826605715830e-02
-2.1317769764756689e-02
-2.1889698605155015e-02
-2.2484527319221546e-02
-2.3102690756677952e-02
-2.3745428363262180e-02
-2.4414806512680996e-02
-2.5111313740913722e-02
-2.5836749232931864e-02
-2.6593362209196579e-02
-2.7381712761908001e-02
-2.8204309462541124e-02
-2.9063628039404297e-02
-2.9960329489579961e-02
-3.0897819395380190e-02
-3.1878862332197451e-02
-3.2904266415596281e-02
-3.3978572606569446e-02
-3.5104677770782848e-02
-3.6284345893297210e-02
-3.7522822728916813e-02
-3.8823395207930336e-02
-4.0189240553021671e-02
-4.1626361758051914e-02
-4.3138647066402601e-02
-4.4731124607259150e-02
-4.6410814865230805e-02
-4.8182456419617804e-02
-5.0053521535273711e-02
-5.2032426464815672e-02
-5.4125132692197916e-02
-5.6342375854515049e-02
-5.8694357808131113e-02
-6.1189335440835317e-02
-6.3841954877823376e-02
-6.6664643955621827e-02
-6.9670535157508137e-02
-7.2878140067075214e-02
-7.6303752199138625e-02
-7.9967414167386910e-02
-8.3893298525797813e-02
-8.8103521027126208e-02
-9.2628125070778847e-02
-9.7499672305224855e-02
-1.0274965697524478e-01
-1.0842258400572435e-01
-1.1456295430332822e-01
-1.2122072721932353e-01
-1.2845895299502377e-01
-1.3634274881043609e-01
-1.4495133461179788e-01
-1.5437800930041615e-01
-1.6472231864068979e-01
-1.7611168767275698e-01
-1.8868947005432793e-01
-2.0261973903886235e-01
-2.1810874880151457e-01
-2.3539035972512715e-01
-2.5474931065499973e-01
-2.7653413057769838e-01
-3.0115294635413825e-01
-3.2912313700038698e-01
-3.6107446068843441e-01
-3.9778148599333829e-01
-4.4024069628595036e-01
-4.8960281657718269e-01
-5.4752481023045674e-01
-6.1610685211361604e-01
-6.9807734179350012e-01
-7.9713964853016361e-01
-9.1832093602948184e-01
-1.0686064187102420e+00
-1.2579793937247696e+00
-1.5003635481131279e+00
-1.8172787168226165e+00
-2.2422378095113542e+00
-2.8269470272002537e+00
-3.6553296737180347e+00
-4.8658679163758034e+00
-6.6690713179131613e+00
-9.2586327970812317e+00
-1.2044091370791705e+01
-1.2712598558700927e+01
-1.1713205008453341e+01
-1.0523857666910743e+01
-7.9770658355414312e+00
-5.1852331161598402e+00
-3.3818449797313779e+00
-2.3198912220032470e+00
-1.6729826498520604e+00
-1.2579360112296432e+00
-9.7813990217231994e-01
-7.8162848424777454e-01
-6.3870684990768545e-01
-5.4204209362577216e-01
-6.5081250145210967e-01
-7.9468331153960914e-01
-9.9004085352063864e-01
-1.2634080680147457e+00
-1.6598678908222073e+00
-2.2579920847611650e+00
-3.1941723937302018e+00
-4.6641366388563643e+00
-6.6131029196337847e+00
-7.6923930242020537e+00
0.0000000000000000e+00
1.3464638167935297e-01
0.0000000000000000e+00
0.0000000000000000e+00
];
