%Vec Object:sol 1 MPI processes
%  type: mpi
sol = [
0.0000000000000000e+00
-1.5479817943725450e+01
-1.2403002179820723e+01
-8.4933181937383164e+00
-5.6084899541237041e+00
-3.8349812566720702e+00
-2.7460937593099004e+00
-2.0482700479481055e+00
-1.5802430043966471e+00
-1.2537781475487531e+00
-1.0178920628378114e+00
-8.4207164207596896e-01
-7.0772375276681210e-01
-6.0302594906141793e-01
-5.1985485870956716e-01
-4.5272121415207789e-01
-3.9780905579592202e-01
-3.5232217950628497e-01
-3.1419035441492466e-01
-2.8195584767102005e-01
-2.5446753638306635e-01
-2.3080017013258966e-01
-2.1030825565720176e-01
-1.9245347884957006e-01
-1.7678363335741248e-01
-1.6296223203912902e-01
-1.5072021584038600e-01
-1.3981832195006763e-01
-1.3006067595346155e-01
-1.2130563461975141e-01
-1.1341923171394773e-01
-1.0627313365377421e-01
-9.9793046691790899e-02
-9.3900319956394404e-02
-8.8514483568453997e-02
-8.3587646226215118e-02
-7.9070961500829318e-02
-7.4913286852764202e-02
-7.1080066101467790e-02
-6.7541919211136447e-02
-6.4265567276231200e-02
-6.1224510087130417e-02
-5.8401170848559364e-02
-5.5773534020168186e-02
-5.3320308947064923e-02
-5.1031250541097750e-02
-4.8891643405203342e-02
-4.6883792502984002e-02
-4.5002083188693760e-02
-4.3236264283729897e-02
-4.1572388681774146e-02
-4.0006678662554820e-02
-3.8531958398917050e-02
-3.7137972293721802e-02
-3.5821164732958856e-02
-3.4576804788325789e-02
-3.3397260480695461e-02
-3.2279176160145424e-02
-3.1219501340445488e-02
-3.0212492684294802e-02
-2.9254998491436764e-02
-2.8345126906546534e-02
-2.7478507614669415e-02
-2.6652205226054455e-02
-2.5865125569223293e-02
-2.5113904294457888e-02
-2.4395834675742325e-02
-2.3710367378347544e-02
-2.3054878908265981e-02
-2.2426900428242986e-02
-2.1826248909381007e-02
-2.1250848185524650e-02
-2.0698472482853697e-02
-2.0169177939126110e-02
-1.9661292919629487e-02
-1.9172835896007642e-02
-1.8704011433230666e-02
-1.8253446242844674e-02
-1.7819400940585810e-02
-1.7402163437305385e-02
-1.7000579209648023e-02
-1.6613146207910868e-02
-1.6240189194322952e-02
-1.5880712458345391e-02
-1.5533444541925607e-02
-1.5198713841650124e-02
-1.4875638050209592e-02
-1.4563168116609647e-02
-1.4261612630379930e-02
-1.4325382064626921e-02
-1.4685007557150867e-02
-1.5058165870873792e-02
-1.5445128593748731e-02
-1.5846253471409243e-02
-1.6262957111174987e-02
-1.6695540845212981e-02
-1.7144633008221114e-02
-1.7611753103699501e-02
-1.8097235566688016e-02
-1.8602058001741809e-02
-1.9127859384893323e-02
-1.9675014789014910e-02
-2.0244947295342635e-02
-2.0839439460967946e-02
-2.1458920832337657e-02
-2.2105379149938893e-02
-2.2780774953328236e-02
-2.3485615130255964e-02
-2.4222601551247620e-02
-2.4993921973483466e-02
-2.5800196878045516e-02
-2.6645032178055864e-02
-2.7530716748036185e-02
-2.8458630880631688e-02
-2.9432939024961968e-02
-3.0456236412917156e-02
-3.1531027948342241e-02
-3.2662077464248596e-02
-3.3852454312002442e-02
-3.5106136859432119e-02
-3.6428695174673661e-02
-3.7823870396232126e-02
-3.9297587482034421e-02
-4.0856523807259029e-02
-4.2505388534456616e-02
-4.4252707078059478e-02
-4.6106574169548296e-02
-4.8073523115672069e-02
-5.0165195962792460e-02
-5.2391455064449789e-02
-5.4762720903733991e-02
-5.7293714642969278e-02
-5.9997376671586382e-02
-6.2889642215951641e-02
-6.5989748004955606e-02
-6.9315277953595641e-02
-7.2890157787539128e-02
-7.6740325960442016e-02
-8.0890860182235402e-02
-8.5377256015542066e-02
-9.0235004842826649e-02
-9.5503969425884211e-02
-1.0123450618705325e-01
-1.0747863511872828e-01
-1.1429969148539877e-01
-1.2177232037528048e-01
-1.2997620492391559e-01
-1.3901343366283700e-01
-1.4899894173235129e-01
-1.6006437894792855e-01
-1.7237538147162196e-01
-1.8611993320236350e-01
-2.0152712726879646e-01
-2.1887238940289153e-01
-2.3847342570570837e-01
-2.6075840440416376e-01
-2.8623454536855053e-01
-3.1552637615264928e-01
-3.4943813879649582e-01
-3.8897473267145521e-01
-4.3543820453672477e-01
-4.9053392698474885e-01
-5.5649144799568218e-01
-6.3634305102773092e-01
-7.3421468396254519e-01
-8.5585343167340899e-01
-1.0092815170094376e+00
-1.2063719374926176e+00
-1.4651677789656969e+00
-1.8133847865850197e+00
-2.2941371359742302e+00
-2.9790339766319844e+00
-3.9846240009792866e+00
-5.4890273774492568e+00
-7.6493851029457804e+00
-9.9603430980384360e+00
-1.0577123618435339e+01
-9.8894103424388540e+00
-9.0239522295236938e+00
-7.0115987751447353e+00
-4.6552925866803267e+00
-3.0711777882257230e+00
-2.1200512388094119e+00
-1.5346392549520254e+00
-1.1567802345073821e+00
-9.0100918960004484e-01
-7.2087757842631384e-01
-5.8960911635678181e-01
-5.0076519289660748e-01
-6.0127294663832320e-01
-7.3418124355550551e-01
-9.1457021351566503e-01
-1.1669346688609274e+00
-1.5322514081226455e+00
-2.0822038649338950e+00
-2.9382585459442718e+00
-4.2663000689600921e+00
-5.9777543351803910e+00
-6.8848817102381981e+00
0.0000000000000000e+00
2.4055929233035767e-01
0.0000000000000000e+00
0.0000000000000000e+00
];
