%Vec Object:sol 1 MPI processes
%  type: mpi
sol = [
0.0000000000000000e+00
-1.9729932065595960e+01
-1.4955852598151479e+01
-9.6606980600932957e+00
-6.1729667785618592e+00
-4.1470261431214688e+00
-2.9392448449313240e+00
-2.1781133071405816e+00
-1.6734007846024084e+00
-1.3229167935243871e+00
-1.0709400643794498e+00
-8.8396060364241957e-01
-7.4167740465697507e-01
-6.3101657419706469e-01
-5.4325215015095751e-01
-4.7247578096592796e-01
-4.1461542897558212e-01
-3.6674742421507811e-01
-3.2666501458736852e-01
-2.9281600625220933e-01
-2.6397756572867387e-01
-2.3916905686154946e-01
-2.1770608024293478e-01
-1.9901900321708280e-01
-1.8263023856862434e-01
-1.6818434194967394e-01
-1.5539723542091047e-01
-1.4401684025184680e-01
-1.3383694344049177e-01
-1.2470815106922876e-01
-1.1648952371101275e-01
-1.0904975635483147e-01
-1.0230789651215126e-01
-9.6179833200293344e-02
-9.0581461686992798e-02
-8.5462420840507536e-02
-8.0771516272218319e-02
-7.6455352866723392e-02
-7.2477702396485794e-02
-6.8807742441213807e-02
-6.5410752750250198e-02
-6.2259051463106847e-02
-5.9334151250763016e-02
-5.6613089064044227e-02
-5.4073712324700950e-02
-5.1705186669164890e-02
-4.9492158106669321e-02
-4.7416290391921294e-02
-4.5471577122701654e-02
-4.3647320733049950e-02
-4.1929108631757778e-02
-4.0312877869347327e-02
-3.8791135066311162e-02
-3.7353294963739771e-02
-3.5995577039918118e-02
-3.4713023504946365e-02
-3.3497765210761678e-02
-3.2346268898750689e-02
-3.1255317592692386e-02
-3.0218994711463207e-02
-2.9234008823447868e-02
-2.8298342180289811e-02
-2.7407496065223740e-02
-2.6558425925631922e-02
-2.5749939359529503e-02
-2.4978575543177090e-02
-2.4241542776144827e-02
-2.3538214712197095e-02
-2.2865891316685292e-02
-2.2221876830512421e-02
-2.1606081559328052e-02
-2.1016391649432312e-02
-2.0450532170845252e-02
-1.9908501866086559e-02
-1.9388584208161828e-02
-1.8888761773527742e-02
-1.8409188932901173e-02
-1.7948457418748939e-02
-1.7504802282333341e-02
-1.7078466741574268e-02
-1.6668269115468110e-02
-1.6272689577351826e-02
-1.5892012627030515e-02
-1.5525221783283761e-02
-1.5171033387980721e-02
-1.4829739350108690e-02
-1.4500442003734940e-02
-1.4182083740944566e-02
-1.3874940072883014e-02
-1.3923458613563101e-02
-1.4259146193861356e-02
-1.4607290927418540e-02
-1.4968116077448997e-02
-1.5341928189735310e-02
-1.5730063091129152e-02
-1.6132765863189905e-02
-1.6550598696314624e-02
-1.6984986105608099e-02
-1.7436196825712416e-02
-1.7905122181256113e-02
-1.8393289357655926e-02
-1.8900996351980448e-02
-1.9429552964789151e-02
-1.9980609840300697e-02
-2.0554505411147565e-02
-2.1153078334100690e-02
-2.1778132666752756e-02
-2.2430066482286248e-02
-2.3111385259154200e-02
-2.3824089743793127e-02
-2.4568668834090999e-02
-2.5348469575174743e-02
-2.6165563523031982e-02
-2.7021144350843421e-02
-2.7919060130243964e-02
-2.8861644094141520e-02
-2.9851133402362135e-02
-3.0891906808068619e-02
-3.1986710862522777e-02
-3.3139145022710988e-02
-3.4354303996738021e-02
-3.5635524260594957e-02
-3.6988198641844244e-02
-3.8418408155605793e-02
-3.9930344380696023e-02
-4.1531788574203317e-02
-4.3230080441821313e-02
-4.5031053901332829e-02
-4.6945333159148867e-02
-4.8981819034521631e-02
-5.1149898724166060e-02
-5.3462960294364280e-02
-5.5932659903667963e-02
-5.8573413597396082e-02
-6.1402667534584260e-02
-6.4436243105383970e-02
-6.7695826701598613e-02
-7.1204890285303080e-02
-7.4985998908949650e-02
-7.9071339610199964e-02
-8.3492954331459174e-02
-8.8286817414819516e-02
-9.3498510221178319e-02
-9.9174962255393281e-02
-1.0537341155586007e-01
-1.1216134307438877e-01
-1.1961062259335541e-01
-1.2781356426834090e-01
-1.3687397799732035e-01
-1.4691069041426652e-01
-1.5807342924986978e-01
-1.7053192349289270e-01
-1.8449311859534281e-01
-2.0021066410283112e-01
-2.1798172848159733e-01
-2.3818373503939888e-01
-2.6127660235920425e-01
-2.8782674469995900e-01
-3.1856411119803846e-01
-3.5440099409629711e-01
-3.9647249568361059e-01
-4.4635040944165044e-01
-5.0606017381610946e-01
-5.7835009859433306e-01
-6.6696103746289570e-01
-7.7710592389841870e-01
-9.1625752517591275e-01
-1.0952976312358051e+00
-1.3301871126972613e+00
-1.6462370024417463e+00
-2.0837205943744386e+00
-2.7071582089161432e+00
-3.6243521670640582e+00
-4.9957614448440548e+00
-6.9607612927083071e+00
-9.0472983132041485e+00
-9.6122869914085687e+00
-9.0366368114174378e+00
-8.2971676738938545e+00
-6.5233589782789760e+00
-4.3778773474144730e+00
-2.9054142578421991e+00
-2.0117045802817297e+00
-1.4588709868949858e+00
-1.1007301609634148e+00
-8.5798923684841755e-01
-6.8668821013569048e-01
-5.6172929423891627e-01
-4.7711184560266640e-01
-5.7271273431849634e-01
-6.9909858502919098e-01
-8.7045975657752428e-01
-1.1099774394822912e+00
-1.4565725980511826e+00
-1.9768369763903424e+00
-2.7837119204021468e+00
-4.0245718783756725e+00
-5.5920615551880086e+00
-6.3988355279154874e+00
0.0000000000000000e+00
2.4055929233035767e-01
0.0000000000000000e+00
0.0000000000000000e+00
];
