%Vec Object:sol 1 MPI processes
%  type: mpi
sol = [
0.0000000000000000e+00
-2.9698619309202005e+01
-1.9914775385773542e+01
-1.1609753937160054e+01
-7.0472209174140135e+00
-4.6151482218217188e+00
-3.2234896317198070e+00
-2.3672944327942647e+00
-1.8066231352468825e+00
-1.4217646441317247e+00
-1.1469660342654209e+00
-9.4395320163836371e-01
-7.8989536912344283e-01
-6.7047651743413017e-01
-5.7602416839323756e-01
-5.0006319743478811e-01
-4.3812543587724373e-01
-3.8695901701353708e-01
-3.4416983280161528e-01
-3.0807711334848403e-01
-2.7735968602412459e-01
-2.5095432817926716e-01
-2.2811941763713645e-01
-2.0825689803980901e-01
-1.9085291400013907e-01
-1.7552521985112862e-01
-1.6196857095268063e-01
-1.4991264096229978e-01
-1.3913651587714063e-01
-1.2947999103732991e-01
-1.2079227596903654e-01
-1.1293322073675634e-01
-1.0581606797586539e-01
-9.9350998653024436e-02
-9.3448496013612853e-02
-8.8054666038232712e-02
-8.3114901631718793e-02
-7.8572475620189652e-02
-7.4388752267830843e-02
-7.0530842546696768e-02
-6.6961909076567266e-02
-6.3652552654422101e-02
-6.0583003144223276e-02
-5.7728916474362027e-02
-5.5066874000216773e-02
-5.2585227347501574e-02
-5.0267699654681496e-02
-4.8095002446644594e-02
-4.6060600114841331e-02
-4.4153153858845717e-02
-4.2357557329225179e-02
-4.0669363374212661e-02
-3.9080625579538925e-02
-3.7580269654409158e-02
-3.6164206553765128e-02
-3.4827158684626998e-02
-3.3560906876322315e-02
-3.2361670429526680e-02
-3.1226000353441783e-02
-3.0147725784267353e-02
-2.9123358147763564e-02
-2.8150705963825323e-02
-2.7225083108892458e-02
-2.6343289496805495e-02
-2.5503998080348551e-02
-2.4703608063995987e-02
-2.3939207108383456e-02
-2.3210058589774842e-02
-2.2513359559333247e-02
-2.1846484226087245e-02
-2.1209093663729289e-02
-2.0598973884556539e-02
-2.0013781861398516e-02
-1.9453439858006148e-02
-1.8916169456351287e-02
-1.8399903754322933e-02
-1.7904729390201678e-02
-1.7429190037432336e-02
-1.6971485959217929e-02
-1.6531799190851248e-02
-1.6108910907357547e-02
-1.5701277665677631e-02
-1.5309128017638151e-02
-1.4931417285494842e-02
-1.4566846221839043e-02
-1.4215655287179775e-02
-1.3876926263936112e-02
-1.3549591166286746e-02
-1.3233878219096685e-02
-1.3257739103956266e-02
-1.3554339378864482e-02
-1.3861584728497398e-02
-1.4179613749524589e-02
-1.4508643335588885e-02
-1.4849873328351913e-02
-1.5203449797746110e-02
-1.5569819897868320e-02
-1.5950247280591440e-02
-1.6344884471743572e-02
-1.6754473569289871e-02
-1.7180351327860242e-02
-1.7622678757423221e-02
-1.8082570547067411e-02
-1.8561451325316683e-02
-1.9059496840925349e-02
-1.9578289688838742e-02
-2.0119364298862203e-02
-2.0682923633412072e-02
-2.1271136388560957e-02
-2.1885679330708830e-02
-2.2526804581687408e-02
-2.3197415491988664e-02
-2.3899204164072110e-02
-2.4633032169652715e-02
-2.5402202719124710e-02
-2.6208589056328217e-02
-2.7053956137342464e-02
-2.7942015892515052e-02
-2.8874945602905974e-02
-2.9855680030239990e-02
-3.0888486500597664e-02
-3.1975985103597337e-02
-3.3122637862661612e-02
-3.4333482929289401e-02
-3.5611792674984245e-02
-3.6964048110903078e-02
-3.8396264872383193e-02
-3.9913051753578864e-02
-4.1523018003908702e-02
-4.3233173954062273e-02
-4.5051409486600448e-02
-4.6988760773927010e-02
-4.9054597526862524e-02
-5.1260638954799397e-02
-5.3621158329448276e-02
-5.6148829064194841e-02
-5.8861362041806468e-02
-6.1777840610180740e-02
-6.4916331523948573e-02
-6.8303139402568561e-02
-7.1964140798237014e-02
-7.5928351473727770e-02
-8.0232828199253634e-02
-8.4915372233229161e-02
-9.0022299396853758e-02
-9.5608263075642741e-02
-1.0173106751110784e-01
-1.0846548218767242e-01
-1.1589529926888315e-01
-1.2411622929979758e-01
-1.3324934268034311e-01
-1.4343139704303823e-01
-1.5482930996654753e-01
-1.6764780547749961e-01
-1.8212618925619178e-01
-1.9856900986899048e-01
-2.1734705618210301e-01
-2.3891671143327350e-01
-2.6386682696667230e-01
-2.9293275288003368e-01
-3.2706834352752112e-01
-3.6752412740544921e-01
-4.1593554059475768e-01
-4.7450250029683899e-01
-5.4622299566859100e-01
-6.3534739382986261e-01
-7.4792253461761382e-01
-8.9275489363709926e-01
-1.0831108020800400e+00
-1.3393526339098139e+00
-1.6936745725282920e+00
-2.1995191873814273e+00
-2.9421399577355780e+00
-4.0498177693553217e+00
-5.6176046663535759e+00
-7.2322892415402631e+00
-7.6692991596061564e+00
-7.2834543154786129e+00
-6.7734701600892206e+00
-5.4733683529956307e+00
-3.7729625222536352e+00
-2.5420758235814431e+00
-1.7748163155859042e+00
-1.2931169457856915e+00
-9.7860638509849407e-01
-7.6422284825236053e-01
-6.1242877904997561e-01
-5.0143211904492191e-01
-4.2613592547995655e-01
-5.1125551683819370e-01
-6.2367896928718336e-01
-7.7592447245102747e-01
-9.8835505025860737e-01
-1.2948041108960555e+00
-1.7523642948129929e+00
-2.4547314836593617e+00
-3.5110844070661060e+00
-4.7817184322005728e+00
-5.3930940129098133e+00
0.0000000000000000e+00
2.4055929233035767e-01
0.0000000000000000e+00
0.0000000000000000e+00
];
