%Vec Object:sol 1 MPI processes
%  type: mpi
sol = [
0.0000000000000000e+00
-2.2458927985433569e+01
-1.6436270110259745e+01
-1.0286504769501693e+01
-6.4622351043630282e+00
-4.3046107172037535e+00
-3.0362503883798562e+00
-2.2426730065929350e+00
-1.7191371270497784e+00
-1.3570553238373404e+00
-1.0971696738154959e+00
-9.0466355509761553e-01
-7.5837539772288753e-01
-6.4472374373828933e-01
-5.5466768257691235e-01
-4.8210770865688396e-01
-4.2282006522275928e-01
-3.7379829852050339e-01
-3.3276982584468984e-01
-2.9813709135489425e-01
-2.6864270394902606e-01
-2.4327923347075728e-01
-2.2134360809583237e-01
-2.0225109030800473e-01
-1.8551179432073542e-01
-1.7076113829482598e-01
-1.5770781095762348e-01
-1.4609351695091449e-01
-1.3570702765901185e-01
-1.2639522825265689e-01
-1.1801380813485166e-01
-1.1042844878929985e-01
-1.0355618326532422e-01
-9.7310940510118363e-02
-9.1606770666708345e-02
-8.6392083877530834e-02
-8.1614508656452561e-02
-7.7219510568178024e-02
-7.3170027315696148e-02
-6.9434518963161482e-02
-6.5977539014592745e-02
-6.2770813484807522e-02
-5.9795406225964964e-02
-5.7027878748908752e-02
-5.4445644101995497e-02
-5.2037580593651371e-02
-4.9788015278266706e-02
-4.7678286698311444e-02
-4.5702199832555503e-02
-4.3848834895895077e-02
-4.2103542571739712e-02
-4.0462122915298708e-02
-3.8916925067076051e-02
-3.7457196428845853e-02
-3.6079047444593615e-02
-3.4777408581588211e-02
-3.3544289552572375e-02
-3.2376073191312839e-02
-3.1269465934878615e-02
-3.0218391482465856e-02
-2.9219327097754860e-02
-2.8270433827121116e-02
-2.7367161657487527e-02
-2.6506410209645361e-02
-2.5686937327712926e-02
-2.4905231703614257e-02
-2.4158458220274133e-02
-2.3445948610602129e-02
-2.2764967649852134e-02
-2.2112948639535116e-02
-2.1489609813027787e-02
-2.0892789055224421e-02
-2.0320187437732271e-02
-1.9771776675506229e-02
-1.9245818436229276e-02
-1.8740277749853294e-02
-1.8255285226668326e-02
-1.7789415622373256e-02
-1.7340891510637842e-02
-1.6909934816050069e-02
-1.6495350688413107e-02
-1.6095610671775257e-02
-1.5710979947468028e-02
-1.5340431977593331e-02
-1.4982677246647747e-02
-1.4637990029519356e-02
-1.4305465248854884e-02
-1.3984041257273242e-02
-1.3673977466741968e-02
-1.3714543960657488e-02
-1.4037752839080991e-02
-1.4372847268383645e-02
-1.4720024221682514e-02
-1.5079562415669561e-02
-1.5452754880895057e-02
-1.5839816021438125e-02
-1.6241272250565080e-02
-1.6658497572466235e-02
-1.7091724798006157e-02
-1.7541798765092816e-02
-1.8010187001979761e-02
-1.8497145255829607e-02
-1.9003922469520734e-02
-1.9532098649059002e-02
-2.0081962164904668e-02
-2.0655271737737346e-02
-2.1253747354852987e-02
-2.1877727176294291e-02
-2.2529611499791890e-02
-2.3211300289340518e-02
-2.3923209872923266e-02
-2.4668548718326307e-02
-2.5449270737220267e-02
-2.6266467425807783e-02
-2.7123817030125924e-02
-2.8023510524091487e-02
-2.8967639317941864e-02
-2.9960374822048979e-02
-3.1004287904127754e-02
-3.2102772470011420e-02
-3.3260666550160384e-02
-3.4481085954667645e-02
-3.5769135393188774e-02
-3.7130573054522553e-02
-3.8569307844346125e-02
-4.0092718447336799e-02
-4.1707734820356043e-02
-4.3419808962286519e-02
-4.5239014178102097e-02
-4.7173728080763005e-02
-4.9232775020412546e-02
-5.1428819928397644e-02
-5.3772819105154336e-02
-5.6278362077749541e-02
-5.8961921847136715e-02
-6.1838358147368051e-02
-6.4928139477937186e-02
-6.8253395019258964e-02
-7.1835317915109234e-02
-7.5704295189508358e-02
-7.9890487496478743e-02
-8.4427747559904953e-02
-8.9359054805470517e-02
-9.4728559463697806e-02
-1.0059017288831511e-01
-1.0700747331457640e-01
-1.1404805467291086e-01
-1.2179889605520647e-01
-1.3035772950024038e-01
-1.3983637200415153e-01
-1.5037585930868755e-01
-1.6213593768113127e-01
-1.7531144067654630e-01
-1.9014122444755280e-01
-2.0690499158112219e-01
-2.2595817784894262e-01
-2.4773384922958255e-01
-2.7276531971990614e-01
-3.0174013210984635e-01
-3.3549724577651557e-01
-3.7514257095772463e-01
-4.2214728637250271e-01
-4.7841504109150224e-01
-5.4653709298629538e-01
-6.3004127382759667e-01
-7.3384500585778800e-01
-8.6499968320236764e-01
-1.0337762400959936e+00
-1.2552345459980809e+00
-1.5533624089945826e+00
-1.9661607095847700e+00
-2.5546811068203392e+00
-3.4206121921847186e+00
-4.7150622148673058e+00
-6.5661767383730192e+00
-8.5180043617084920e+00
-9.0505979531653544e+00
-8.5329654666674628e+00
-7.8620073760803031e+00
-6.2264127311349133e+00
-4.2074705661741536e+00
-2.8027851291693717e+00
-1.9447125866184096e+00
-1.4117487011181118e+00
-1.0659604693876197e+00
-8.3109825181389219e-01
-6.6532215913640225e-01
-5.4433233323458163e-01
-4.6236077822412786e-01
-5.5485650983846269e-01
-6.7705118908699968e-01
-8.4274778242312631e-01
-1.0742711985592350e+00
-1.4088308567955803e+00
-1.9105410623365324e+00
-2.6861950345282484e+00
-3.8719362712018159e+00
-5.3492349416726857e+00
-6.0949294022982965e+00
0.0000000000000000e+00
2.4055929233035767e-01
0.0000000000000000e+00
0.0000000000000000e+00
];
