%Vec Object:sol 1 MPI processes
%  type: mpi
sol = [
0.0000000000000000e+00
-3.4429806942783046e+01
-2.1845991425780429e+01
-1.2264533216517970e+01
-7.3237791663030345e+00
-4.7572601967289367e+00
-3.3075490435962487e+00
-2.4215312997488563e+00
-1.8446843456206163e+00
-1.4496288004380113e+00
-1.1678843061972872e+00
-9.6019300293657628e-01
-8.0295368510450638e-01
-6.8115668920473627e-01
-5.8479118138462083e-01
-5.0733284311214455e-01
-4.4421610637892289e-01
-3.9210595559306355e-01
-3.4854976353840311e-01
-3.1182718073178700e-01
-2.8058695014853130e-01
-2.5374859300032110e-01
-2.3055896443042664e-01
-2.1039256469881529e-01
-1.9272614077796427e-01
-1.7717060019920805e-01
-1.6341529077299249e-01
-1.5118513496921920e-01
-1.4025539148546839e-01
-1.3046315560014268e-01
-1.2165240136806522e-01
-1.1368210610967491e-01
-1.0646590477312816e-01
-9.9912355883600826e-02
-9.3930399557821675e-02
-8.8465156141221968e-02
-8.3461058731401708e-02
-7.8860441535048065e-02
-7.4623998099438205e-02
-7.0718263596220909e-02
-6.7105811073780025e-02
-6.3756766075104693e-02
-6.0651002377707861e-02
-5.7763795105688444e-02
-5.5071380205710625e-02
-5.2561881994558537e-02
-5.0218770734588164e-02
-4.8022504597030363e-02
-4.5966396919043521e-02
-4.4038933981555915e-02
-4.2224830358108097e-02
-4.0519527178039159e-02
-3.8914954620573615e-02
-3.7399915348158709e-02
-3.5970231694291095e-02
-3.4620537752676928e-02
-3.3342528563838979e-02
-3.2132354130456876e-02
-3.0986499571415940e-02
-2.9898733307223580e-02
-2.8865513735971553e-02
-2.7884597873279120e-02
-2.6951255992747419e-02
-2.6062248551681176e-02
-2.5216206319640520e-02
-2.4409496769364554e-02
-2.3639179274635210e-02
-2.2904481156947938e-02
-2.2202576067579145e-02
-2.1530819096486180e-02
-2.0888839332881538e-02
-2.0274405376920882e-02
-1.9685162437214902e-02
-1.9121003604775453e-02
-1.8580137497766117e-02
-1.8060491164179848e-02
-1.7562124145641601e-02
-1.7083570605095907e-02
-1.6623028986275185e-02
-1.6180655914220986e-02
-1.5755225884375227e-02
-1.5345196528252959e-02
-1.4950772505215997e-02
-1.4570904919250565e-02
-1.4204297286294187e-02
-1.3851167672064596e-02
-1.3510595907723497e-02
-1.3181517378905603e-02
-1.2864139479706589e-02
-1.2876979307175860e-02
-1.3154373255603598e-02
-1.3441515653423285e-02
-1.3738504071304874e-02
-1.4045511526388700e-02
-1.4363667213381587e-02
-1.4693069091361963e-02
-1.5034107044049389e-02
-1.5387961769836518e-02
-1.5754729161077462e-02
-1.6135076106992410e-02
-1.6530241716971473e-02
-1.6940320018494583e-02
-1.7366326548646453e-02
-1.7809570515188923e-02
-1.8270147810646002e-02
-1.8749510196984797e-02
-1.9249054788819005e-02
-1.9768888359588808e-02
-2.0311006937161501e-02
-2.0876922543022654e-02
-2.1466770005984424e-02
-2.2083224719257655e-02
-2.2727786259462347e-02
-2.3401149388587911e-02
-2.4106337802145991e-02
-2.4844991254926035e-02
-2.5618635193544931e-02
-2.6430639829208850e-02
-2.7282893031819931e-02
-2.8177990357508315e-02
-2.9119775186634306e-02
-3.0110502607356877e-02
-3.1154157765605317e-02
-3.2255244075270653e-02
-3.3416564346632156e-02
-3.4643931640255789e-02
-3.5942677939967707e-02
-3.7316757756337270e-02
-3.8774098229168531e-02
-4.0321028816802107e-02
-4.1964167215962675e-02
-4.3713352006568097e-02
-4.5576791333970947e-02
-4.7564832254807052e-02
-4.9690131761409240e-02
-5.1963762256621672e-02
-5.4401408263935490e-02
-5.7019916093845262e-02
-5.9835061738905057e-02
-6.2870147519823477e-02
-6.6147905133652804e-02
-6.9693800018577834e-02
-7.3540534713675804e-02
-7.7721249451967553e-02
-8.2276678921527985e-02
-8.7254916085814246e-02
-9.2706576923713299e-02
-9.8697453985499159e-02
-1.0530117209156198e-01
-1.1259877517360653e-01
-1.2069760340328120e-01
-1.2971832910296502e-01
-1.3980711087844100e-01
-1.5114326928079241e-01
-1.6393602489949663e-01
-1.7845198689036532e-01
-1.9501546719625504e-01
-2.1402537390536969e-01
-2.3599672083828402e-01
-2.6157205591754207e-01
-2.9158486885110735e-01
-3.2712771723843670e-01
-3.6962850303588773e-01
-4.2103231312907824e-01
-4.8398641748542109e-01
-5.6218023801655592e-01
-6.6085293826324099e-01
-7.8762652370229036e-01
-9.5409967582701449e-01
-1.1780819867296168e+00
-1.4877880024306345e+00
-1.9281557951497081e+00
-2.5729877726188315e+00
-3.5256644592785920e+00
-4.8489458957482290e+00
-6.1603520181021452e+00
-6.5182819102529050e+00
-6.2632466671585822e+00
-5.9170903599769638e+00
-4.9186514518646316e+00
-3.4850507279370180e+00
-2.3892034947053147e+00
-1.6871188180292642e+00
-1.2398000046683519e+00
-9.4485585910214531e-01
-7.4249233985578966e-01
-5.9840894075273887e-01
-4.9256045301767154e-01
-4.2071272868353837e-01
-5.0712575111106639e-01
-6.2153098623587244e-01
-7.7688381850830213e-01
-9.9409317317145418e-01
-1.3082770480449089e+00
-1.7790990099850723e+00
-2.5051279292976822e+00
-3.6057478753560543e+00
-4.9514596731429963e+00
-5.6184955686865390e+00
0.0000000000000000e+00
2.4055929233035767e-01
0.0000000000000000e+00
0.0000000000000000e+00
];
