%Vec Object:sol 1 MPI processes
%  type: mpi
sol = [
0.0000000000000000e+00
-4.1718333249048293e+01
-2.4403274519031513e+01
-1.3047075439743402e+01
-7.6318383350285224e+00
-4.9077337125566629e+00
-3.3929267141426052e+00
-2.4745286639233033e+00
-1.8797094575423590e+00
-1.4737317978966249e+00
-1.1852289587477318e+00
-9.7286770713351833e-01
-8.1218889583546450e-01
-6.8791885704937927e-01
-5.8981519089704659e-01
-5.1104653948173451e-01
-4.4691257431819881e-01
-3.9400072833779454e-01
-3.4980393898555651e-01
-3.1254595887235614e-01
-2.8086580329461824e-01
-2.5366839321547013e-01
-2.3018423406570543e-01
-2.0977480897254180e-01
-1.9190655190022790e-01
-1.7618276958595683e-01
-1.6228682389104107e-01
-1.4993868369779195e-01
-1.3890970939293365e-01
-1.2903392526795579e-01
-1.2015539294675365e-01
-1.1212951217090110e-01
-1.0486639223871663e-01
-9.8273279924145182e-02
-9.2258066126791272e-02
-8.6764952153419173e-02
-8.1737586934138684e-02
-7.7117705587389465e-02
-7.2865441583924107e-02
-6.8946819204657256e-02
-6.5324051602320576e-02
-6.1966945767440974e-02
-5.8855006531428687e-02
-5.5963277911383114e-02
-5.3267847262186079e-02
-5.0756543812589830e-02
-4.8412674713219250e-02
-4.6216675313092460e-02
-4.4161600515435752e-02
-4.2235818725108884e-02
-4.0424084755587016e-02
-3.8721630062881811e-02
-3.7120293397566992e-02
-3.5608927753181543e-02
-3.4183214571497429e-02
-3.2837700465495077e-02
-3.1564131654155198e-02
-3.0358572916896691e-02
-2.9217420650884313e-02
-2.8134490699504765e-02
-2.7106200776364830e-02
-2.6130215861307225e-02
-2.5201848186840944e-02
-2.4317852228153747e-02
-2.3476763208294692e-02
-2.2674984907224680e-02
-2.1909596902250431e-02
-2.1179726894696625e-02
-2.0482587560870260e-02
-1.9815556076055986e-02
-1.9178113912974439e-02
-1.8568086378682652e-02
-1.7983209183476765e-02
-1.7423274154446451e-02
-1.6886513713615596e-02
-1.6370914925807133e-02
-1.5876437110591644e-02
-1.5401637021082859e-02
-1.4944776664781853e-02
-1.4505914787776270e-02
-1.4083848608792736e-02
-1.3677098822085223e-02
-1.3285775784183516e-02
-1.2908854769037822e-02
-1.2545098289245972e-02
-1.2194634863918363e-02
-1.1856571203601726e-02
-1.1529894491695230e-02
-1.1214728403779616e-02
-1.1187724721048451e-02
-1.1389075311034384e-02
-1.1596518043134203e-02
-1.1809984130745263e-02
-1.2029466094090505e-02
-1.2255778194051742e-02
-1.2488821074842320e-02
-1.2728741878289250e-02
-1.2976353431016134e-02
-1.3231516482817993e-02
-1.3494572214549057e-02
-1.3766327605183017e-02
-1.4046594679718589e-02
-1.4335952939216251e-02
-1.4635200371158919e-02
-1.4944091424717939e-02
-1.5263496012957373e-02
-1.5594200886291397e-02
-1.5935894550225888e-02
-1.6289798479357805e-02
-1.6656687893033623e-02
-1.7036178173895911e-02
-1.7429914932444439e-02
-1.7838529706699493e-02
-1.8261963381295890e-02
-1.8701969099489912e-02
-1.9159121640718313e-02
-1.9633848558771566e-02
-2.0127953771277730e-02
-2.0641987200468236e-02
-2.1176972878186425e-02
-2.1734790539440253e-02
-2.2315982661323206e-02
-2.2922304886736331e-02
-2.3555753030772869e-02
-2.4216891668546344e-02
-2.4908383404617027e-02
-2.5632320054605685e-02
-2.6389578134166352e-02
-2.7183716586766445e-02
-2.8016839802576667e-02
-2.8890982481150653e-02
-2.9810141383541686e-02
-3.0776757840950870e-02
-3.1794372780599739e-02
-3.2867623600961050e-02
-3.3999495092430068e-02
-3.5195514321559228e-02
-3.6461227236829576e-02
-3.7800647118292771e-02
-3.9221834540194268e-02
-4.0731314173416827e-02
-4.2336138495119371e-02
-4.4046491712214780e-02
-4.5871063469148550e-02
-4.7821302288492545e-02
-4.9910748428350221e-02
-5.2151664945602201e-02
-5.4562121499029351e-02
-5.7160710253796251e-02
-5.9967350942727836e-02
-6.3009173640929741e-02
-6.6313968111078425e-02
-6.9916025109377972e-02
-7.3857535599691951e-02
-7.8184392995204480e-02
-8.2957579839584350e-02
-8.8248994356196833e-02
-9.4145241266986340e-02
-1.0076162188097242e-01
-1.0823938890086546e-01
-1.1676596455662573e-01
-1.2659323851341517e-01
-1.3805677963279989e-01
-1.5163709190820179e-01
-1.6801685162397703e-01
-1.8819992711355099e-01
-2.1371285782868962e-01
-2.4689942955966596e-01
-2.9145546564926011e-01
-3.5322715483614170e-01
-4.4156946175856338e-01
-5.7118118822538666e-01
-7.6381068369584382e-01
-1.0461516907453317e+00
-1.4323838830582298e+00
-1.8875065032118563e+00
-2.3524320034246413e+00
-2.8400590346731645e+00
-3.3569851821381502e+00
-3.5715508432339034e+00
-3.1151046577579682e+00
-2.4290801232840504e+00
-1.8649692425535596e+00
-1.4578139093934563e+00
-1.1672600101240500e+00
-9.5638017035805134e-01
-7.9946455059321408e-01
-6.7971296286011240e-01
-5.9785773128762898e-01
-7.4171150454477219e-01
-9.3368780917433547e-01
-1.1966715785218462e+00
-1.5684865955217764e+00
-2.1141137794210034e+00
-2.9497442171944415e+00
-4.2883770521851190e+00
-6.4894269635414163e+00
-9.7490875868576676e+00
-1.1976073303307551e+01
0.0000000000000000e+00
2.4055929233035767e-01
0.0000000000000000e+00
0.0000000000000000e+00
];
