%Vec Object:sol 1 MPI processes
%  type: mpi
sol = [
0.0000000000000000e+00
-1.5964431034175362e+01
-1.2708287868657594e+01
-8.6415550327154094e+00
-5.6818486997321642e+00
-3.8755607568556862e+00
-2.7719510078571745e+00
-2.0651908870592615e+00
-1.5925345330260852e+00
-1.2630811071691592e+00
-1.0249762756919245e+00
-8.4750119177803163e-01
-7.1214844339174332e-01
-6.0669046327181486e-01
-5.2293041008389352e-01
-4.5533151682141348e-01
-4.0004595319488068e-01
-3.5425498026684088e-01
-3.1587217757654074e-01
-2.8342852691204962e-01
-2.5576424054142655e-01
-2.3194730142012515e-01
-2.1132738786466518e-01
-1.9335613133997059e-01
-1.7757831227177884e-01
-1.6366409390732900e-01
-1.5134185440613901e-01
-1.4037019914480628e-01
-1.3055154991688256e-01
-1.2174297149462197e-01
-1.1380934941682515e-01
-1.0662456607333090e-01
-1.0011119628344840e-01
-9.4188529825674147e-02
-8.8775641926457580e-02
-8.3824329803788677e-02
-7.9285451356196149e-02
-7.5107581087203237e-02
-7.1255951522538025e-02
-6.7700999974823969e-02
-6.4409265859068726e-02
-6.1354099606844639e-02
-5.8517808407455588e-02
-5.5878256883118760e-02
-5.3414045563519766e-02
-5.1114853744049692e-02
-4.8965884973656421e-02
-4.6949363464776232e-02
-4.5059623881844722e-02
-4.3286358226956069e-02
-4.1615560845860169e-02
-4.0043416984020294e-02
-3.8562710270300449e-02
-3.7163143599590762e-02
-3.5841132255088823e-02
-3.4591916199067159e-02
-3.3407833557412780e-02
-3.2285505787503659e-02
-3.1221860923287433e-02
-3.0211133764913280e-02
-2.9250154678554973e-02
-2.8337015474360672e-02
-2.7467329614322428e-02
-2.6638147763261451e-02
-2.5848362933284831e-02
-2.5094598573792180e-02
-2.4374137224891838e-02
-2.3686419176514963e-02
-2.3028811635343698e-02
-2.2398837634475297e-02
-2.1796305483259368e-02
-2.1219131846764345e-02
-2.0665084916428586e-02
-2.0134213397667959e-02
-1.9624840084083814e-02
-1.9134979073080996e-02
-1.8664828408744037e-02
-1.8213010459269197e-02
-1.7777782753590779e-02
-1.7359427385626444e-02
-1.6956786462068277e-02
-1.6568355810426001e-02
-1.6194454949111706e-02
-1.5834085596366364e-02
-1.5485974854550713e-02
-1.5150446369403804e-02
-1.4826615942402597e-02
-1.4513433521055935e-02
-1.4211203392217993e-02
-1.4273038788424376e-02
-1.4629602170559010e-02
-1.4999563087268136e-02
-1.5383187187867025e-02
-1.5780825919794243e-02
-1.6193885718126164e-02
-1.6622661023090953e-02
-1.7067772001174892e-02
-1.7530726241021293e-02
-1.8011850154123116e-02
-1.8512110658719751e-02
-1.9033132763040275e-02
-1.9575282159423502e-02
-2.0139967870289859e-02
-2.0728956035662133e-02
-2.1342665151737661e-02
-2.1983064436193817e-02
-2.2652095031058059e-02
-2.3350250673195322e-02
-2.4080208824244206e-02
-2.4844134152285216e-02
-2.5642631289543732e-02
-2.6479273986217522e-02
-2.7356324440182336e-02
-2.8275140325607316e-02
-2.9239846930598105e-02
-3.0253007472305502e-02
-3.1317094248309529e-02
-3.2436823636697969e-02
-3.3615225710137205e-02
-3.4856232583204666e-02
-3.6165356005031728e-02
-3.7546288078876097e-02
-3.9004888760377270e-02
-4.0547762592534335e-02
-4.2179556275821616e-02
-4.3908704371034259e-02
-4.5743209862864481e-02
-4.7689521851120464e-02
-4.9759158411955717e-02
-5.1961865737992038e-02
-5.4307939937739760e-02
-5.6811940355055414e-02
-5.9486653132385665e-02
-6.2347830571093180e-02
-6.5414493610966282e-02
-6.8704015349082229e-02
-7.2240052473275099e-02
-7.6048247918659440e-02
-8.0153380329925902e-02
-8.4590549264226225e-02
-8.9394835706228776e-02
-9.4605640875611366e-02
-1.0027275355042771e-01
-1.0644759211930471e-01
-1.1319277133530502e-01
-1.2058209123904871e-01
-1.2869324016386385e-01
-1.3762214128683731e-01
-1.4748685929492775e-01
-1.5841731366493730e-01
-1.7057686314164308e-01
-1.8415084344714347e-01
-1.9936511407266619e-01
-2.1649639514142199e-01
-2.3586901006651026e-01
-2.5789453762792519e-01
-2.8307449798152123e-01
-3.1202644502300519e-01
-3.4554573050488069e-01
-3.8462622981763633e-01
-4.3055585690327947e-01
-4.8502168273756863e-01
-5.5022962050899704e-01
-6.2918026952793826e-01
-7.2595714720788618e-01
-8.4602782771732044e-01
-9.9760784539406566e-01
-1.1925157523550156e+00
-1.4484995513857490e+00
-1.7928852033463267e+00
-2.2680025017296379e+00
-2.9458798953395453e+00
-3.9403051323852201e+00
-5.4285562834248022e+00
-7.5661559090156256e+00
-9.8501148978515740e+00
-1.0460311519223479e+01
-9.7875402987843234e+00
-8.9372388788899730e+00
-6.9539931196153058e+00
-4.6227092097739773e+00
-3.0517727337963558e+00
-2.1073909933705712e+00
-1.5258246715092865e+00
-1.1502461055308992e+00
-8.9599891383829022e-01
-7.1690895059547699e-01
-5.8638345619304844e-01
-4.9801541117412979e-01
-5.9795492965371333e-01
-7.3010841116012215e-01
-9.0946587379325794e-01
-1.1603314464449810e+00
-1.5234869518943097e+00
-2.0700127947137132e+00
-2.9204615435604504e+00
-4.2383868942056884e+00
-5.9332104388047284e+00
-6.8284770398759456e+00
0.0000000000000000e+00
2.4055929233035767e-01
0.0000000000000000e+00
0.0000000000000000e+00
];
