%Vec Object:sol 1 MPI processes
%  type: mpi
sol = [
0.0000000000000000e+00
-2.9045025694296918e+01
-1.9626590114501749e+01
-1.1508978630658900e+01
-7.0032579961238186e+00
-4.5921724971125695e+00
-3.2100907923198059e+00
-2.3580512109320027e+00
-1.8005350247233423e+00
-1.4171304613570066e+00
-1.1433267309113835e+00
-9.4110256565860861e-01
-7.8777606499307429e-01
-6.6871791072661935e-01
-5.7454226872070657e-01
-4.9880116853164447e-01
-4.3704077630542360e-01
-3.8601950002641816e-01
-3.4335068551391501e-01
-3.0735866418136065e-01
-2.7672626832375424e-01
-2.5039949552443658e-01
-2.2764319311481471e-01
-2.0784650456015302e-01
-1.9049815174883702e-01
-1.7521778201612831e-01
-1.6170162671181065e-01
-1.4967680226837887e-01
-1.3892488705073996e-01
-1.2928988784742815e-01
-1.2062138693259536e-01
-1.1277958031679487e-01
-1.0567792101102962e-01
-9.9226810033382032e-02
-9.3336947805426729e-02
-8.7954571685697078e-02
-8.3025207415602223e-02
-7.8492263025069189e-02
-7.4317196308810382e-02
-7.0467198591809707e-02
-6.6905519019852935e-02
-6.3602827675966547e-02
-6.0539404022503289e-02
-5.7690960664199147e-02
-5.5034131640358759e-02
-5.2557299765604006e-02
-5.0244226137969375e-02
-4.8075662851621653e-02
-4.6045094374149463e-02
-4.4141208411329971e-02
-4.2348928454734681e-02
-4.0663822203067253e-02
-3.9077962031243363e-02
-3.7580294662902088e-02
-3.6166743439696475e-02
-3.4832044023303234e-02
-3.3567992251852356e-02
-3.2370817623524201e-02
-3.1237080788441882e-02
-3.0160621755424472e-02
-2.9137960207741259e-02
-2.8166911939098167e-02
-2.7242798812904423e-02
-2.6362427308542685e-02
-2.5524476091829860e-02
-2.4725350312126020e-02
-2.3962142744359920e-02
-2.3234121441488897e-02
-2.2538487940748541e-02
-2.1872620325168721e-02
-2.1236183656178964e-02
-2.0626967371377435e-02
-2.0042631279020139e-02
-1.9483101164614502e-02
-1.8946601246319583e-02
-1.8431066609608165e-02
-1.7936587087234959e-02
-1.7461708383740449e-02
-1.7004632080045230e-02
-1.6565543161466866e-02
-1.6143224352233688e-02
-1.5736133021984865e-02
-1.5344500473080542e-02
-1.4967283175709842e-02
-1.4603182341671577e-02
-1.4252441002357461e-02
-1.3914141737561251e-02
-1.3587216805652355e-02
-1.3271896826139442e-02
-1.3297108741002091e-02
-1.3595912097999787e-02
-1.3905463849708703e-02
-1.4225907471887067e-02
-1.4557465033836996e-02
-1.4901344207944043e-02
-1.5257696782635801e-02
-1.5626976559033012e-02
-1.6010456458898845e-02
-1.6408295735215035e-02
-1.6821245112000966e-02
-1.7250652328577445e-02
-1.7696686343159660e-02
-1.8160473124454849e-02
-1.8643450354782650e-02
-1.9145803243760532e-02
-1.9669129189735016e-02
-2.0214978217348006e-02
-2.0783564660383412e-02
-2.1377076685561859e-02
-2.1997209826607540e-02
-2.2644230032233363e-02
-2.3321066308049657e-02
-2.4029432785703787e-02
-2.4770210404891694e-02
-2.5546733920672349e-02
-2.6360903330029307e-02
-2.7214511088719421e-02
-2.8111307792360402e-02
-2.9053503883709062e-02
-3.0044072799485899e-02
-3.1087329913840910e-02
-3.2185937106448424e-02
-3.3344410533036835e-02
-3.4567848992193957e-02
-3.5859578544020297e-02
-3.7226155841233316e-02
-3.8673671210751208e-02
-4.0206788647359736e-02
-4.1834455404450965e-02
-4.3563973232626063e-02
-4.5403007460796681e-02
-4.7362740532084564e-02
-4.9452686232059770e-02
-5.1684733284074857e-02
-5.4073354142474925e-02
-5.6631422275395873e-02
-5.9376899451962145e-02
-6.2329147242757420e-02
-6.5506520602904655e-02
-6.8935697761794895e-02
-7.2642950643364360e-02
-7.6657742924539404e-02
-8.1017678884736863e-02
-8.5761151457856941e-02
-9.0935184628945911e-02
-9.6595302678463113e-02
-1.0279895194087164e-01
-1.0962067085011835e-01
-1.1714737289122133e-01
-1.2547616322612601e-01
-1.3472980360127909e-01
-1.4504699466610857e-01
-1.5659701095794668e-01
-1.6958745488160593e-01
-1.8426103045689868e-01
-2.0092656303483841e-01
-2.1996006373816859e-01
-2.4182435133163652e-01
-2.6711651931129710e-01
-2.9658223078790424e-01
-3.3118865854645896e-01
-3.7220372432407717e-01
-4.2128557492187418e-01
-4.8069271621251686e-01
-5.5350070724815814e-01
-6.4395770643313022e-01
-7.5812396454825703e-01
-9.0499734846162583e-01
-1.0980255091023219e+00
-1.3580184787235263e+00
-1.7176198744109994e+00
-2.2305957336004507e+00
-2.9845417269108414e+00
-4.1094791364649428e+00
-5.7033596844525096e+00
-7.3494970374929460e+00
-7.7956313309133103e+00
-7.3979750448510417e+00
-6.8728617553944495e+00
-5.5413689771606531e+00
-3.8115697214062889e+00
-2.5647414952688137e+00
-1.7892239382775774e+00
-1.3029903829473870e+00
-9.8571081027096641e-01
-7.6957259874696915e-01
-6.1656672227818998e-01
-5.0471444894234463e-01
-4.2884651149648584e-01
-5.1444857659673815e-01
-6.2751814980700293e-01
-7.8062931678749925e-01
-9.9426394289675435e-01
-1.3024743916789774e+00
-1.7627939755932784e+00
-2.4697006870030491e+00
-3.5339244864389063e+00
-4.8167828330274984e+00
-5.4356924009847516e+00
0.0000000000000000e+00
2.4055929233035767e-01
0.0000000000000000e+00
0.0000000000000000e+00
];
