%Vec Object:sol 1 MPI processes
%  type: mpi
sol = [
0.0000000000000000e+00
-1.7523733756585901e+01
-1.3665468801675434e+01
-9.0893735385408831e+00
-5.8997459450650362e+00
-3.9983754368464868e+00
-2.8464193419312864e+00
-2.1164088982255667e+00
-1.6289142356450619e+00
-1.2898794248875132e+00
-1.0456030180679454e+00
-8.6399883402014521e-01
-7.2560627110769804e-01
-6.1779866416860041e-01
-5.3214369132333683e-01
-4.6306785625987434e-01
-4.0661102689864126e-01
-3.5987643325098112e-01
-3.2072243644027032e-01
-2.8764182999877269e-01
-2.5944594639998536e-01
-2.3518055187989409e-01
-2.1417975081432261e-01
-1.9588881875555769e-01
-1.7984226074037618e-01
-1.6569364970333078e-01
-1.5316604813369578e-01
-1.4201348051553225e-01
-1.3203465599597083e-01
-1.2308385991242338e-01
-1.1502346047513647e-01
-1.0772509027440294e-01
-1.0110979585286713e-01
-9.5095387464045042e-02
-8.9599552301687341e-02
-8.4573146248742459e-02
-7.9966129425724827e-02
-7.5726212309258523e-02
-7.1817986503927497e-02
-6.8211335731826972e-02
-6.4872244461513739e-02
-6.1773607952743323e-02
-5.8897382867984141e-02
-5.6221067850153440e-02
-5.3722929965678130e-02
-5.1392404365761035e-02
-4.9213721479500865e-02
-4.7169527113882011e-02
-4.5254178509952614e-02
-4.3457181911844195e-02
-4.1764339834722802e-02
-4.0171717506915422e-02
-3.8671966776330016e-02
-3.7254654955863796e-02
-3.5916103498725621e-02
-3.4651458376678983e-02
-3.3452960337448712e-02
-3.2317157242255388e-02
-3.1240908276350413e-02
-3.0218377211531113e-02
-2.9246336814192600e-02
-2.8322826956332633e-02
-2.7443408524132129e-02
-2.6605087357542332e-02
-2.5806716059988140e-02
-2.5044878631161952e-02
-2.4316823028938016e-02
-2.3621957105811855e-02
-2.2957618065257122e-02
-2.2321302639782357e-02
-2.1712792273862101e-02
-2.1129980546283296e-02
-2.0570616003207920e-02
-2.0034724460599316e-02
-1.9520610792659484e-02
-1.9026274731666931e-02
-1.8551894356429243e-02
-1.8096078071908439e-02
-1.7657073148407743e-02
-1.7235143950075235e-02
-1.6829121738625729e-02
-1.6437495176145470e-02
-1.6060567849904856e-02
-1.5697333175239626e-02
-1.5346513305663237e-02
-1.5008417483781669e-02
-1.4682155357292798e-02
-1.4366673377635881e-02
-1.4062262802265049e-02
-1.4118198194590145e-02
-1.4465515705245392e-02
-1.4825816466895731e-02
-1.5199347562134379e-02
-1.5586440763795161e-02
-1.5988471357768087e-02
-1.6405712173910365e-02
-1.6838757938119300e-02
-1.7289079622006195e-02
-1.7756978397184302e-02
-1.8243387971298909e-02
-1.8749890268657119e-02
-1.9276821370574824e-02
-1.9825546669122396e-02
-2.0397781474418453e-02
-2.0993909274119708e-02
-2.1615841838190177e-02
-2.2265460018150707e-02
-2.2943215731424816e-02
-2.3651710733538105e-02
-2.4393037641340945e-02
-2.5167750498754117e-02
-2.5979323236379061e-02
-2.6829934330170110e-02
-2.7720869618504364e-02
-2.8656132389132977e-02
-2.9638184907055828e-02
-3.0669396305077666e-02
-3.1754334454041473e-02
-3.2895905006404290e-02
-3.4097893971891398e-02
-3.5365629736495909e-02
-3.6702648357064320e-02
-3.8114604486341443e-02
-3.9607872549817832e-02
-4.1186899534820423e-02
-4.2859832749879416e-02
-4.4634383695805774e-02
-4.6516731407628825e-02
-4.8518000863296669e-02
-5.0647566801491649e-02
-5.2915325889923502e-02
-5.5335322578507241e-02
-5.7919846341295586e-02
-6.0684061994626358e-02
-6.3646297934666668e-02
-6.6823245128614678e-02
-7.0237693608286272e-02
-7.3914331364678773e-02
-7.7876963494235577e-02
-8.2159407903543855e-02
-8.6795408329705934e-02
-9.1822857815792122e-02
-9.7289692910301775e-02
-1.0324535566253111e-01
-1.0975009294848301e-01
-1.1687492321962756e-01
-1.2469557231040913e-01
-1.3330917896005634e-01
-1.4282504640421076e-01
-1.5336833450026152e-01
-1.6509662744180539e-01
-1.7818867234842900e-01
-1.9286235680118685e-01
-2.0938469496485729e-01
-2.2806862834666253e-01
-2.4931144041713357e-01
-2.7359729961651447e-01
-3.0151611638115489e-01
-3.3380825764414790e-01
-3.7145455605369648e-01
-4.1569493173186722e-01
-4.6815367796724938e-01
-5.3095457356639564e-01
-6.0698680536939298e-01
-7.0018233084855364e-01
-8.1601924095363931e-01
-9.6234850319033349e-01
-1.1503760312368674e+00
-1.3970831445616314e+00
-1.7291162771430348e+00
-2.1885595241868865e+00
-2.8423360251296725e+00
-3.8039581193989251e+00
-5.2425675820438107e+00
-7.3054609930008558e+00
-9.5056893992116898e+00
-1.0098069634398907e+01
-9.4686597392057124e+00
-8.6656838026342964e+00
-6.7726018740782212e+00
-4.5197514991360626e+00
-2.9903445218757629e+00
-2.0672735917952219e+00
-1.4978695588872781e+00
-1.1295140448671011e+00
-8.8009345758587043e-01
-7.0430464378903634e-01
-5.7608974363418686e-01
-4.8927742068275304e-01
-5.8740744303212233e-01
-7.1715638794321546e-01
-8.9322649635477613e-01
-1.1393165396167633e+00
-1.4955778092055523e+00
-2.0311718156095147e+00
-2.8635195754701903e+00
-4.1493609032209768e+00
-5.7910786053941994e+00
-6.6490600922008856e+00
0.0000000000000000e+00
2.4055929233035767e-01
0.0000000000000000e+00
0.0000000000000000e+00
];
