%Vec Object:sol 1 MPI processes
%  type: mpi
sol = [
0.0000000000000000e+00
-2.3928448112911237e+01
-1.7199715655638723e+01
-1.0592750126711625e+01
-6.6023169118297007e+00
-4.3800947173778502e+00
-3.0810813629359570e+00
-2.2733427051016193e+00
-1.7402340933840363e+00
-1.3727666007517632e+00
-1.1094750809130425e+00
-9.1442119718063308e-01
-7.6613737452240671e-01
-6.5101684896854028e-01
-5.5984984179646136e-01
-4.8645399589023997e-01
-4.2655387718368026e-01
-3.7703205209954399e-01
-3.3558978524744459e-01
-3.0061146290925511e-01
-2.7082568221003389e-01
-2.4521395665348822e-01
-2.2306553132002879e-01
-2.0378110389331663e-01
-1.8687057444649402e-01
-1.7197165101670303e-01
-1.5878930027395463e-01
-1.4706205171441072e-01
-1.3657612684504411e-01
-1.2717652270209187e-01
-1.1871722947677001e-01
-1.1106241829195614e-01
-1.0412811202813696e-01
-9.7827262930824749e-02
-9.2073006345753966e-02
-8.6813143315459598e-02
-8.1994721519440303e-02
-7.7562646599947951e-02
-7.3479446986750671e-02
-6.9713231726430777e-02
-6.6228200155024078e-02
-6.2995790116847222e-02
-5.9996847630412985e-02
-5.7207703947981192e-02
-5.4605562144412270e-02
-5.2179162098242200e-02
-4.9912677361867448e-02
-4.7787290167955201e-02
-4.5796715240069681e-02
-4.3929926454731621e-02
-4.2172161313446026e-02
-4.0519154675237444e-02
-3.8963180717208938e-02
-3.7493407255882939e-02
-3.6105893010045999e-02
-3.4795515540388601e-02
-3.3554228713686178e-02
-3.2378371356207962e-02
-3.1264606673487752e-02
-3.0206889301984761e-02
-2.9201826506318623e-02
-2.8247310626923032e-02
-2.7338747869691062e-02
-2.6473014100248951e-02
-2.5648847180952453e-02
-2.4862715157898285e-02
-2.4111765024931037e-02
-2.3395312353940653e-02
-2.2710606236665900e-02
-2.2055066283690944e-02
-2.1428397178853503e-02
-2.0828424751735131e-02
-2.0252839848440288e-02
-1.9701602451557353e-02
-1.9172964882693606e-02
-1.8664884751061324e-02
-1.8177482242775513e-02
-1.7709324842901945e-02
-1.7258629922335320e-02
-1.6825609965375694e-02
-1.6409064495685105e-02
-1.6007461538341650e-02
-1.5621057627595431e-02
-1.5248821952732855e-02
-1.4889462686036116e-02
-1.4543246142304570e-02
-1.4209264132230205e-02
-1.3886453474497913e-02
-1.3575066260864931e-02
-1.3611827825307241e-02
-1.3929006914366311e-02
-1.4257793870203702e-02
-1.4598372820953017e-02
-1.4951008883011497e-02
-1.5316974299151258e-02
-1.5696468476174463e-02
-1.6090000364550779e-02
-1.6498919418359806e-02
-1.6923440877020569e-02
-1.7364386914062366e-02
-1.7823196045056569e-02
-1.8300103342430669e-02
-1.8796328106737030e-02
-1.9313415972216360e-02
-1.9851630804016161e-02
-2.0412692418441156e-02
-2.0998279876051008e-02
-2.1608702005715123e-02
-2.2246307946197180e-02
-2.2912948581235399e-02
-2.3609004714920032e-02
-2.4337617444602545e-02
-2.5100683355658081e-02
-2.5899244036355608e-02
-2.6736895155082287e-02
-2.7615758354964555e-02
-2.8537853988635634e-02
-2.9507252627984041e-02
-3.0526439532007725e-02
-3.1598708531159023e-02
-3.2728772824706716e-02
-3.3919640737322447e-02
-3.5176276851250528e-02
-3.6504282389416491e-02
-3.7907428660391519e-02
-3.9392898726784385e-02
-4.0967423400671901e-02
-4.2636268976388295e-02
-4.4409241257398216e-02
-4.6294463739677279e-02
-4.8300487487738790e-02
-5.0439626555555714e-02
-5.2722497693315780e-02
-5.5162289644084428e-02
-5.7775003709415448e-02
-6.0575033711990176e-02
-6.3582258363477334e-02
-6.6818156899001585e-02
-7.0303258946967651e-02
-7.4067079520580684e-02
-7.8138962939900192e-02
-8.2550180940819673e-02
-8.7342639119564525e-02
-9.2559959848482379e-02
-9.8254365432303384e-02
-1.0448744864407658e-01
-1.1132462343109406e-01
-1.1885014978136077e-01
-1.2715865263469353e-01
-1.3635835583030548e-01
-1.4658583962455113e-01
-1.5799571422040626e-01
-1.7077657157281498e-01
-1.8515963030503643e-01
-2.0141554136564119e-01
-2.1988832968490685e-01
-2.4099707752269278e-01
-2.6525779942999728e-01
-2.9333581973121636e-01
-3.2606241334051783e-01
-3.6451557070973811e-01
-4.1010831661237590e-01
-4.6468891253511807e-01
-5.3077398120281116e-01
-6.1175358045194383e-01
-7.1231647080189242e-01
-8.3935813844600660e-01
-1.0028174634252087e+00
-1.2176671219252064e+00
-1.5070308750869830e+00
-1.9068965040759389e+00
-2.4779814479210751e+00
-3.3171569220972135e+00
-4.5724019708493184e+00
-6.3642057598874171e+00
-8.2466144659410006e+00
-8.7602312515006275e+00
-8.2722905999190885e+00
-7.6360515441274375e+00
-6.0706290788679897e+00
-4.1171426728077885e+00
-2.7483179511655034e+00
-1.9089313640063819e+00
-1.3867067272110647e+00
-1.0473431772685560e+00
-8.1677222437168184e-01
-6.5394411635299710e-01
-5.3506269632860204e-01
-4.5447525957731527e-01
-5.4528619561882241e-01
-6.6527678201848706e-01
-8.2795425461518934e-01
-1.0551946512386505e+00
-1.3832874782736830e+00
-1.8750611648561624e+00
-2.6339561897931274e+00
-3.7901267404168051e+00
-5.2194181378954445e+00
-5.9331363529884076e+00
0.0000000000000000e+00
2.4055929233035767e-01
0.0000000000000000e+00
0.0000000000000000e+00
];
