%Vec Object:sol 1 MPI processes
%  type: mpi
sol = [
0.0000000000000000e+00
-1.4819498995325935e+01
-1.1980836551933905e+01
-8.2854350951489497e+00
-5.5049534753884224e+00
-3.7775491839688198e+00
-2.7094024691566330e+00
-2.0241906553948583e+00
-1.5628338652128666e+00
-1.2406077972603158e+00
-1.0076118411119950e+00
-8.3393367218042969e-01
-7.0130945833897085e-01
-5.9784724425447444e-01
-5.1551076774711901e-01
-4.4903621650223979e-01
-3.9465288461162112e-01
-3.4959655175428789e-01
-3.1181995880836139e-01
-2.7988138902307408e-01
-2.5264201251983120e-01
-2.2918617051629928e-01
-2.0887513638764832e-01
-1.9117609151637097e-01
-1.7564131911294059e-01
-1.6193769994458751e-01
-1.4979885743205559e-01
-1.3898783472193094e-01
-1.2931062511044181e-01
-1.2062698964615041e-01
-1.1280420604928609e-01
-1.0571825779406464e-01
-9.9293185833306222e-02
-9.3449662014862656e-02
-8.8108031644689513e-02
-8.3220978599601550e-02
-7.8740189176834799e-02
-7.4615018263152533e-02
-7.0811287281143304e-02
-6.7299941025654245e-02
-6.4048014983806398e-02
-6.1029268115559435e-02
-5.8226327958425021e-02
-5.5617383680711695e-02
-5.3181328557755987e-02
-5.0908049765430168e-02
-4.8782968874475051e-02
-4.6788524486681436e-02
-4.4919189679602851e-02
-4.3164808478254851e-02
-4.1511529003174376e-02
-3.9955637070157743e-02
-3.8490023961122583e-02
-3.7104500989399464e-02
-3.5795561379450010e-02
-3.4558521934246869e-02
-3.3385798240456503e-02
-3.2274074630979838e-02
-3.1220148794394588e-02
-3.0218313839100435e-02
-2.9265665031880720e-02
-2.8360333756079048e-02
-2.7497972354779670e-02
-2.6675665059683207e-02
-2.5892335986286433e-02
-2.5144637817241428e-02
-2.4429878858423126e-02
-2.3747524621297922e-02
-2.3094964587150546e-02
-2.2469741242306288e-02
-2.1871683983057399e-02
-2.1298726639396925e-02
-2.0748651789265340e-02
-2.0221526252799091e-02
-1.9715686157135134e-02
-1.9229155979892748e-02
-1.8762149670510295e-02
-1.8313299982253308e-02
-1.7880871726941854e-02
-1.7465161192227026e-02
-1.7065018531148043e-02
-1.6678944543433577e-02
-1.6307271543319967e-02
-1.5949007374006105e-02
-1.5602882481235590e-02
-1.5269232100801245e-02
-1.4947176521207545e-02
-1.4635667998582033e-02
-1.4335021311536659e-02
-1.4401534198277138e-02
-1.4765541643518676e-02
-1.5143274366288583e-02
-1.5535012323459423e-02
-1.5941122147444732e-02
-1.6363034971417199e-02
-1.6801061832818678e-02
-1.7255842622267252e-02
-1.7728913828159869e-02
-1.8220621175788428e-02
-1.8731957417849533e-02
-1.9264581410003107e-02
-1.9818881414925819e-02
-2.0396300469500060e-02
-2.0998644461874886e-02
-2.1626358465428715e-02
-2.2281456534861958e-02
-2.2965926738838457e-02
-2.3680294433143362e-02
-2.4427296179704482e-02
-2.5209152463254187e-02
-2.6026506011808503e-02
-2.6883008456617879e-02
-2.7780986417026508e-02
-2.8721852042377431e-02
-2.9709825383921796e-02
-3.0747546918870810e-02
-3.1837567589168961e-02
-3.2984718521483929e-02
-3.4192124528561803e-02
-3.5463829376822527e-02
-3.6805485739561841e-02
-3.8220903940600792e-02
-3.9716100912000084e-02
-4.1297857084947633e-02
-4.2970969696963943e-02
-4.4744092748994130e-02
-4.6625450657094010e-02
-4.8621695463754749e-02
-5.0744644623293617e-02
-5.3004324499442340e-02
-5.5411331315242417e-02
-5.7980614561639714e-02
-6.0725332456811131e-02
-6.3661678478640141e-02
-6.6809194113188558e-02
-7.0185760530181329e-02
-7.3815683270618826e-02
-7.7725317790245302e-02
-8.1940163270437405e-02
-8.6496274146017099e-02
-9.1429720344190890e-02
-9.6781015091948572e-02
-1.0260131519464410e-01
-1.0894348809627472e-01
-1.1587188420481290e-01
-1.2346233865514404e-01
-1.3179582529066985e-01
-1.4097604914624465e-01
-1.5111977601499818e-01
-1.6236075544435902e-01
-1.7486722952235670e-01
-1.8883015182353791e-01
-2.0448220825662206e-01
-2.2210846975288276e-01
-2.4204314121634127e-01
-2.6471026194649527e-01
-2.9062660647267941e-01
-3.2042858289290577e-01
-3.5493575645518749e-01
-3.9512858444089044e-01
-4.4234436878530931e-01
-4.9832728571114898e-01
-5.6533995499355139e-01
-6.4645896453994300e-01
-7.4586953539847234e-01
-8.6939974954625288e-01
-1.0253976252096155e+00
-1.2259090366168917e+00
-1.4886456466142939e+00
-1.8420394485311415e+00
-2.3307850281690490e+00
-3.0255773886993773e+00
-4.0467536341978860e+00
-5.5736191691708772e+00
-7.7654596983586357e+00
-1.0113600815071422e+01
-1.0737396997162410e+01
-1.0030320489137328e+01
-9.1435196224628754e+00
-7.0908140654990524e+00
-4.7000066075159408e+00
-3.0977799128272054e+00
-2.1373696262866253e+00
-1.5467100646156755e+00
-1.1657120611818552e+00
-9.0786636970954948e-01
-7.2630766627478038e-01
-5.9402158987966991e-01
-5.0451279725620757e-01
-6.0581032060357465e-01
-7.3974949766348119e-01
-9.2154688935718454e-01
-1.1759334458055615e+00
-1.5442246229575880e+00
-2.0988530067746374e+00
-2.9625526345563853e+00
-4.3043940467875670e+00
-6.0385676803415302e+00
-6.9619663494638511e+00
0.0000000000000000e+00
2.4055929233035767e-01
0.0000000000000000e+00
0.0000000000000000e+00
];
