%Vec Object:sol 1 MPI processes
%  type: mpi
sol = [
0.0000000000000000e+00
-3.1157958028076475e+01
-2.2525385272852386e+01
-1.3750023080232745e+01
-8.4616830869059854e+00
-5.5588837479665827e+00
-3.8840426635216674e+00
-2.8508137808437364e+00
-2.1746767429840097e+00
-1.7101777653362864e+00
-1.3789367474693424e+00
-1.1345999710764660e+00
-9.4952296390488067e-01
-8.0582711340204394e-01
-6.9227592807639282e-01
-6.0102478430237261e-01
-5.2666434710383780e-01
-4.6526699897152174e-01
-4.1394585597453337e-01
-3.7067058487204463e-01
-3.3384989105862140e-01
-3.0221387809098238e-01
-2.7487327328231503e-01
-2.5109150376205047e-01
-2.3025370381301832e-01
-2.1190133947169010e-01
-1.9566818525088189e-01
-1.8123093476419211e-01
-1.6832496275285944e-01
-1.5674877546015648e-01
-1.4633298249489168e-01
-1.3691060708716213e-01
-1.2837689550892997e-01
-1.2062418205656053e-01
-1.1354561774097499e-01
-1.0707622626212457e-01
-1.0115052843250610e-01
-9.5700807592899381e-02
-9.0680674243430334e-02
-8.6050630654088259e-02
-8.1766685686171695e-02
-7.7793659436706256e-02
-7.4107759775992307e-02
-7.0679897320942139e-02
-6.7482115000052315e-02
-6.4500356243930079e-02
-6.1715158176526549e-02
-5.9103522160236725e-02
-5.6657532732600609e-02
-5.4363627930366219e-02
-5.2203789932289205e-02
-5.0172641403201136e-02
-4.8260674350714995e-02
-4.6454665205157133e-02
-4.4749698463922211e-02
-4.3139455788376482e-02
-4.1614111645094841e-02
-4.0169134234428694e-02
-3.8800395135589867e-02
-3.7500509214048142e-02
-3.6265298206140266e-02
-3.5092143211523451e-02
-3.3975430005822524e-02
-3.2911323828658294e-02
-3.1898246041051591e-02
-3.0931878247723081e-02
-3.0008725747245047e-02
-2.9127922356949432e-02
-2.8286103271766356e-02
-2.7480111435797750e-02
-2.6709562068032509e-02
-2.5971794847560414e-02
-2.5263986067043762e-02
-2.4586068219222029e-02
-2.3935902198200010e-02
-2.3310990679092314e-02
-2.2711466552853960e-02
-2.2135576031013529e-02
-2.1581138819226603e-02
-2.1048404588341812e-02
-2.0535903310733197e-02
-2.0041760300490652e-02
-1.9566282399080773e-02
-1.9108207047832847e-02
-1.8665952336941839e-02
-1.8239839801519855e-02
-1.7828756735945299e-02
-1.7431400169453430e-02
-1.7048076420548595e-02
-1.7101864879244057e-02
-1.7508214767351347e-02
-1.7929538786485170e-02
-1.8366100912926425e-02
-1.8818265929133365e-02
-1.9287637439510657e-02
-1.9774504777167565e-02
-2.0279539484095999e-02
-2.0804449838192862e-02
-2.1349552586665255e-02
-2.1915913823506460e-02
-2.2505362924626210e-02
-2.3118250620622671e-02
-2.3756144085575005e-02
-2.4421018357385638e-02
-2.5113271318803539e-02
-2.5835102743004931e-02
-2.6588668755891338e-02
-2.7374437153420920e-02
-2.8195404491133721e-02
-2.9053959207134508e-02
-2.9950675973950309e-02
-3.0889555894398704e-02
-3.1873068042994883e-02
-3.2902629062579979e-02
-3.3982834181993868e-02
-3.5116461113869901e-02
-3.6306171957087789e-02
-3.7557189684532866e-02
-3.8872780836187448e-02
-4.0257231288126659e-02
-4.1716611146036441e-02
-4.3254885149882710e-02
-4.4878473836119342e-02
-4.6594614512776980e-02
-4.8408284230978690e-02
-5.0328742896769710e-02
-5.2364716060019564e-02
-5.4523128520192150e-02
-5.6816613614461442e-02
-5.9255740407005451e-02
-6.1851652365916727e-02
-6.4620251263510425e-02
-6.7575364810056160e-02
-7.0734098931026390e-02
-7.4117152042978460e-02
-7.7743275573404838e-02
-8.1638183701943284e-02
-8.5829692212229788e-02
-9.0344520519189980e-02
-9.5220797723197886e-02
-1.0049644892458631e-01
-1.0621403955067044e-01
-1.1242749728901573e-01
-1.1919230294815274e-01
-1.2657611298470800e-01
-1.3465866272061047e-01
-1.4352480494456149e-01
-1.5328063896751423e-01
-1.6404351526071492e-01
-1.7595920735694456e-01
-1.8920368687317102e-01
-2.0397622670943236e-01
-2.2051964929333484e-01
-2.3913136949679450e-01
-2.6015946057663197e-01
-2.8404573352911111e-01
-3.1132801148437389e-01
-3.4266796265130722e-01
-3.7891756935177956e-01
-4.2114031453929002e-01
-4.7071351908273484e-01
-5.2944011722404771e-01
-5.9967520112464012e-01
-6.8462041371187154e-01
-7.8860050221779132e-01
-9.1742056562911489e-01
-1.0798776743885461e+00
-1.2885015724677138e+00
-1.5621337698862132e+00
-1.9294430407475933e+00
-2.4356614165240331e+00
-3.1567724342796981e+00
-4.2126610150739561e+00
-5.7912561341193722e+00
-8.0595853767301548e+00
-1.0490507463160187e+01
-1.1109295235581085e+01
-1.0331695100188126e+01
-9.3760539812349553e+00
-7.2292243156983744e+00
-4.7692040407788561e+00
-3.1351635302506593e+00
-2.1595835590000063e+00
-1.5609910645433269e+00
-1.1753904290101924e+00
-9.1470309662236293e-01
-7.3126765105908964e-01
-5.9769577475717639e-01
-5.0733019024189197e-01
-6.0888078234764831e-01
-7.4311441905919495e-01
-9.2527025907828964e-01
-1.1801036042075594e+00
-1.5489806454788950e+00
-2.1043911444094117e+00
-2.9691633584756576e+00
-4.3125999289620109e+00
-6.0487357604031464e+00
-6.9725120230054145e+00
0.0000000000000000e+00
1.3464638167935297e-01
0.0000000000000000e+00
0.0000000000000000e+00
];
