%Vec Object:sol 1 MPI processes
%  type: mpi
sol = [
0.0000000000000000e+00
-2.0676167713918215e+01
-1.5478852276321529e+01
-9.8895205783423581e+00
-6.2785413661907885e+00
-4.2057214842043109e+00
-2.9744373419828189e+00
-2.2023204925611468e+00
-1.6898978253214976e+00
-1.3353265250372561e+00
-1.0806443810541788e+00
-8.9173691896506568e-01
-7.4792949275705212e-01
-6.3604734278189734e-01
-5.4736539782036231e-01
-4.7591653920565541e-01
-4.1756784495575849e-01
-3.6930160005749757e-01
-3.2889004103199287e-01
-2.9476641197325010e-01
-2.6569663238054014e-01
-2.4069123303694293e-01
-2.1905965697330157e-01
-2.0022723041481158e-01
-1.8371221715357197e-01
-1.6915608416523623e-01
-1.5627229509672622e-01
-1.4480663636454713e-01
-1.3455116386534555e-01
-1.2535520318242058e-01
-1.1707446692046884e-01
-1.0957663487132624e-01
-1.0278298569293086e-01
-9.6608572257876099e-02
-9.0968518148757449e-02
-8.5811933735909410e-02
-8.1087128424893684e-02
-7.6740236489451899e-02
-7.2734679562708487e-02
-6.9039334745582839e-02
-6.5619184783716589e-02
-6.2446304783679144e-02
-5.9502020142687670e-02
-5.6763174907769179e-02
-5.4207441847270152e-02
-5.1823866800353849e-02
-4.9596967163553010e-02
-4.7508278335252577e-02
-4.5551715137656212e-02
-4.3716491009864578e-02
-4.1988101069704332e-02
-4.0362425663843578e-02
-3.8831908687582621e-02
-3.7385900050659081e-02
-3.6020574986894961e-02
-3.4730931272656508e-02
-3.3509053472560134e-02
-3.2351373689842366e-02
-3.1254642592871446e-02
-3.0212910034916451e-02
-2.9222857535317281e-02
-2.8282443049857862e-02
-2.7387143156604135e-02
-2.6533892317250850e-02
-2.5721479276877401e-02
-2.4946424794054397e-02
-2.4205921575692350e-02
-2.3499326033561977e-02
-2.2823927286148623e-02
-2.2177179995834150e-02
-2.1558822789632066e-02
-2.0966712255781790e-02
-2.0398565554383609e-02
-1.9854371791983235e-02
-1.9332407140162967e-02
-1.8830648476838366e-02
-1.8349241638147284e-02
-1.7886772678377617e-02
-1.7441472678320462e-02
-1.7013577163520668e-02
-1.6601900062847862e-02
-1.6204918878844062e-02
-1.5822911104093181e-02
-1.5454856928498560e-02
-1.5099470944108538e-02
-1.4757038647250259e-02
-1.4426659953282586e-02
-1.4107276089189571e-02
-1.3799156703919506e-02
-1.3844800493034813e-02
-1.4175913769554384e-02
-1.4519276892850074e-02
-1.4875103761491495e-02
-1.5243690993985906e-02
-1.5626358847993127e-02
-1.6023341499083309e-02
-1.6435188330589913e-02
-1.6863305543783930e-02
-1.7307949129141176e-02
-1.7769993727551156e-02
-1.8250944964583824e-02
-1.8751085882045066e-02
-1.9271704401814131e-02
-1.9814425719977699e-02
-2.0379570588269176e-02
-2.0968948899221011e-02
-2.1584334515947171e-02
-2.2226104398135372e-02
-2.2896726165411958e-02
-2.3598164475791217e-02
-2.4330882707661355e-02
-2.5098178039323970e-02
-2.5902080078022135e-02
-2.6743746395611560e-02
-2.7626964125619803e-02
-2.8554015938678425e-02
-2.9527087313295345e-02
-3.0550482844388441e-02
-3.1626886822763302e-02
-3.2759825689037389e-02
-3.3954302644059998e-02
-3.5213576184294638e-02
-3.6542936734677851e-02
-3.7948350591003752e-02
-3.9433909717457881e-02
-4.1007252339584181e-02
-4.2675573066881023e-02
-4.4444571435461551e-02
-4.6324676247392317e-02
-4.8324603795022243e-02
-5.0453543099994710e-02
-5.2724626658474064e-02
-5.5149264624447789e-02
-5.7741582196925170e-02
-6.0518682885440524e-02
-6.3496051218284139e-02
-6.6694945677759548e-02
-7.0138367323391612e-02
-7.3848402249192591e-02
-7.7856606685665297e-02
-8.2194365981370601e-02
-8.6896915189571031e-02
-9.2008928096967424e-02
-9.7576368627963359e-02
-1.0365531916004651e-01
-1.1031190899160373e-01
-1.1761652734081748e-01
-1.2565964282342196e-01
-1.3454296922563233e-01
-1.4438292255299351e-01
-1.5532624231923539e-01
-1.6753924406343365e-01
-1.8121632583437092e-01
-1.9660872184589567e-01
-2.1400976349309800e-01
-2.3378841613399634e-01
-2.5639420928621948e-01
-2.8238067270330808e-01
-3.1246117488384756e-01
-3.4752709545267468e-01
-3.8873403853848693e-01
-4.3759637521085304e-01
-4.9609467866225404e-01
-5.6692464847320734e-01
-6.5375638513582346e-01
-7.6170559156509909e-01
-8.9793077643566643e-01
-1.0730733127308327e+00
-1.3032113932437459e+00
-1.6131191717317030e+00
-2.0416125732806258e+00
-2.6526485740638317e+00
-3.5511190662072818e+00
-4.8955663781635987e+00
-6.8199718097405668e+00
-8.8587475598718228e+00
-9.4131372279296865e+00
-8.8595967420423065e+00
-8.1438442092500019e+00
-6.4191883682141064e+00
-4.3185156820715074e+00
-2.8696704200922412e+00
-1.9883447058773387e+00
-1.4424274218282092e+00
-1.0886024205316236e+00
-8.4863000988426729e-01
-6.7923905204464863e-01
-5.5566542240867933e-01
-4.7197132722210472e-01
-5.6649933069730851e-01
-6.9143339456738295e-01
-8.6080836965468099e-01
-1.0975461210864403e+00
-1.4399819421422571e+00
-1.9537729947013662e+00
-2.7498011408845411e+00
-3.9715085034341167e+00
-5.5075584707290020e+00
-6.2928946066216218e+00
0.0000000000000000e+00
2.4055929233035767e-01
0.0000000000000000e+00
0.0000000000000000e+00
];
