%Vec Object:sol 1 MPI processes
%  type: mpi
sol = [
0.0000000000000000e+00
-1.8732167345588021e+01
-1.4382123065141151e+01
-9.4094186147772181e+00
-6.0533873283951527e+00
-4.0821117355667553e+00
-2.8996763379732600e+00
-2.1513642228626475e+00
-1.6539493387738031e+00
-1.3088378135386931e+00
-1.0602546220784375e+00
-8.7540595770143192e-01
-7.3469230023914311e-01
-6.2522035030845136e-01
-5.3837829551014615e-01
-4.6836403064629173e-01
-4.1115349080932267e-01
-3.6380464297844395e-01
-3.2414329800659097e-01
-2.9063962775233099e-01
-2.6208754285668029e-01
-2.3751517324537050e-01
-2.1623718838757264e-01
-1.9770952151451682e-01
-1.8145915336792695e-01
-1.6713404440165358e-01
-1.5445282705045785e-01
-1.4316577134856676e-01
-1.3306856839666922e-01
-1.2401323878704434e-01
-1.1586013423170849e-01
-1.0847911091451774e-01
-1.0178999131444892e-01
-9.5709423866118679e-02
-9.0154022581560397e-02
-8.5073904578033488e-02
-8.0418335920190986e-02
-7.6134369071745076e-02
-7.2186103805574997e-02
-6.8543000703747400e-02
-6.5170626907889467e-02
-6.2041535292249532e-02
-5.9137416899028947e-02
-5.6435498037044750e-02
-5.3913799410499445e-02
-5.1561601668711037e-02
-4.9363678598611266e-02
-4.7301824328139570e-02
-4.5370108482971433e-02
-4.3557922991278940e-02
-4.1850950569542536e-02
-4.0245183792734091e-02
-3.8733193014093725e-02
-3.7304460633708465e-02
-3.5955250482039319e-02
-3.4680650205417274e-02
-3.3472839425695955e-02
-3.2328320314454158e-02
-3.1243909150579698e-02
-3.0213725034797675e-02
-2.9234504698601040e-02
-2.8304255467029148e-02
-2.7418505105121328e-02
-2.6574231271999128e-02
-2.5770261073360386e-02
-2.5003153620481729e-02
-2.4270135079014613e-02
-2.3570592664936871e-02
-2.2901844626602476e-02
-2.2261371132536008e-02
-2.1648936377319409e-02
-2.1062419336347879e-02
-2.0499556231070852e-02
-1.9960358036420156e-02
-1.9443118281532969e-02
-1.8945827757289209e-02
-1.8468651472412629e-02
-1.8010188990743223e-02
-1.7568681279996168e-02
-1.7144380992583898e-02
-1.6736112533294243e-02
-1.6342360247324064e-02
-1.5963417112752117e-02
-1.5598271317752280e-02
-1.5245642112000513e-02
-1.4905829078761252e-02
-1.4577938029437437e-02
-1.4260913420101823e-02
-1.3955037718073989e-02
-1.4006825619842529e-02
-1.4347590257674498e-02
-1.4701044097689119e-02
-1.5067421078927681e-02
-1.5447039045956588e-02
-1.5841251230736330e-02
-1.6250315179008212e-02
-1.6674807621814666e-02
-1.7116173625644559e-02
-1.7574696530553310e-02
-1.8051286572996698e-02
-1.8547495224712322e-02
-1.9063637675549139e-02
-1.9601048507287073e-02
-2.0161407140294824e-02
-2.0745072402215448e-02
-2.1353915528562157e-02
-2.1989774853770828e-02
-2.2653072892754651e-02
-2.3346358029169824e-02
-2.4071672142901780e-02
-2.4829533787185634e-02
-2.5623346584870282e-02
-2.6455230172823512e-02
-2.7326420034941987e-02
-2.8240833659522704e-02
-2.9200862514411511e-02
-3.0208803472411401e-02
-3.1269120161959464e-02
-3.2384631189252007e-02
-3.3559020329039867e-02
-3.4797487544175984e-02
-3.6103460018592340e-02
-3.7482448921671338e-02
-3.8940667927481666e-02
-4.0482425113749498e-02
-4.2115667336113549e-02
-4.3847903111338758e-02
-4.5685124152723307e-02
-4.7638181729664622e-02
-4.9716192905854655e-02
-5.1928777827695095e-02
-5.4289623513385843e-02
-5.6810676355981776e-02
-5.9506695216561857e-02
-6.2395529983358608e-02
-6.5493402391248678e-02
-6.8822505317844840e-02
-7.2406870100955076e-02
-7.6269635325831669e-02
-8.0443739172491951e-02
-8.4962113954245896e-02
-8.9859440552170933e-02
-9.5183024345061998e-02
-1.0098179507144553e-01
-1.0731427828294557e-01
-1.1424946900029299e-01
-1.2186087549121391e-01
-1.3024286637143576e-01
-1.3950158279392647e-01
-1.4975853045023249e-01
-1.6116675891961707e-01
-1.7389979365342381e-01
-1.8816917613234760e-01
-2.0423415534300293e-01
-2.2239847672708363e-01
-2.4304782713346451e-01
-2.6665216937947972e-01
-2.9379023706302543e-01
-3.2520770685467137e-01
-3.6183643253249892e-01
-4.0488435253743582e-01
-4.5593427806809317e-01
-5.1705630327467422e-01
-5.9106751394785595e-01
-6.8171408208724293e-01
-7.9429398912449756e-01
-9.3649059255010414e-01
-1.1194005312864941e+00
-1.3597327723941812e+00
-1.6830553105650474e+00
-2.1297085979228592e+00
-2.7673736719175883e+00
-3.7033507843625117e+00
-5.1045388753791316e+00
-7.1141221686622540e+00
-9.2505240269616120e+00
-9.8297256205289294e+00
-9.2289856702114115e+00
-8.4618767620277513e+00
-6.6354428748614627e+00
-4.4415254824663499e+00
-2.9435542007937046e+00
-2.0366726776184900e+00
-1.4764322265039167e+00
-1.1136719521064702e+00
-8.6793056697835025e-01
-6.9462904736568043e-01
-5.6819004057932876e-01
-4.8258618209460613e-01
-5.7932646260036003e-01
-7.0722773144537132e-01
-8.8072414991661685e-01
-1.1231906067225430e+00
-1.4741447394936276e+00
-2.0013224231003406e+00
-2.8196891014719752e+00
-4.0808414331143510e+00
-5.6817508525386771e+00
-6.5114769981467031e+00
0.0000000000000000e+00
2.4055929233035767e-01
0.0000000000000000e+00
0.0000000000000000e+00
];
