%Vec Object:sol 1 MPI processes
%  type: mpi
sol = [
0.0000000000000000e+00
-3.4157524053744453e+01
-2.3901547033422098e+01
-1.4210301288655090e+01
-8.6335078542189994e+00
-5.6389740907331820e+00
-3.9285213616156796e+00
-2.8766692934117546e+00
-2.1918570047242114e+00
-1.7221617892304775e+00
-1.3873761866320435e+00
-1.1407296434162515e+00
-9.5408865649551855e-01
-8.0957656136653111e-01
-6.9527016952775300e-01
-6.0337031622155857e-01
-5.2851318505412903e-01
-4.6672856618294917e-01
-4.1510045536210882e-01
-3.7157909701627345e-01
-3.3455885425901633e-01
-3.0275906016658327e-01
-2.7528311534579319e-01
-2.5138866494296996e-01
-2.3045626368936817e-01
-2.1202404171420064e-01
-1.9572317817324403e-01
-1.8122819544495844e-01
-1.6827315601729703e-01
-1.5666434750598637e-01
-1.4622029970006703e-01
-1.3677291465480357e-01
-1.2821708626267442e-01
-1.2044478025547027e-01
-1.1334879648986973e-01
-1.0686345014976642e-01
-1.0092021516090738e-01
-9.5454792411899317e-02
-9.0420852583494735e-02
-8.5778666368817647e-02
-8.1484033639114425e-02
-7.7501601584113441e-02
-7.3807428789980228e-02
-7.0372293052221702e-02
-6.7168126399696909e-02
-6.4180769230266110e-02
-6.1390670266136427e-02
-5.8774763715267860e-02
-5.6325057192814665e-02
-5.4027927709000653e-02
-5.1865319035204152e-02
-4.9831794930141921e-02
-4.7917803730812267e-02
-4.6110099236500550e-02
-4.4403723517830826e-02
-4.2792324186332831e-02
-4.1266062584559421e-02
-3.9820377750292360e-02
-3.8451112790591546e-02
-3.7150875150642505e-02
-3.5915468051358299e-02
-3.4742247335885101e-02
-3.3625594780979914e-02
-3.2561665519065343e-02
-3.1548857563642764e-02
-3.0582850605571192e-02
-2.9660146326592095e-02
-2.8779856412744213e-02
-2.7938615423121971e-02
-2.7133267621458755e-02
-2.6363406953819172e-02
-2.5626373312789774e-02
-2.4919347902709343e-02
-2.4242242670883339e-02
-2.3592919377660830e-02
-2.2968888032016691e-02
-2.2370261722191219e-02
-2.1795288130507240e-02
-2.1241795705372456e-02
-2.0710015146816363e-02
-2.0198478541960146e-02
-1.9705320473563655e-02
-1.9230829780783602e-02
-1.8773746756481455e-02
-1.8332498520768022e-02
-1.7907389726658642e-02
-1.7497311377244636e-02
-1.7100968627100584e-02
-1.6718652192422627e-02
-1.6765102733748819e-02
-1.7156980190594254e-02
-1.7563200082937290e-02
-1.7984000763155681e-02
-1.8419719176192808e-02
-1.8871907891137060e-02
-1.9340826477423325e-02
-1.9827109088934994e-02
-2.0332405270790051e-02
-2.0856997078402672e-02
-2.1401900518523712e-02
-2.1968877124653674e-02
-2.2558236980475974e-02
-2.3171480381232061e-02
-2.3810503578231296e-02
-2.4475656412338363e-02
-2.5169049767944696e-02
-2.5892747568446270e-02
-2.6647160161718392e-02
-2.7435166436220775e-02
-2.8259045877245603e-02
-2.9119303491752582e-02
-3.0019785068755037e-02
-3.0962835015523119e-02
-3.1949767236428291e-02
-3.2984989135225802e-02
-3.4071129328006183e-02
-3.5210698526743210e-02
-3.6408693520352170e-02
-3.7668198051001793e-02
-3.8993280589169517e-02
-4.0389734458287842e-02
-4.1861295957003011e-02
-4.3414078004833850e-02
-4.5054973070930045e-02
-4.6788666509323430e-02
-4.8623986617731374e-02
-5.0569225079146053e-02
-5.2630911371842698e-02
-5.4821089051051548e-02
-5.7149777944052675e-02
-5.9627532461008291e-02
-6.2269486089443805e-02
-6.5088734887070537e-02
-6.8101515183778619e-02
-7.1327497868589385e-02
-7.4784432000946782e-02
-7.8496748194605448e-02
-8.2490851747900468e-02
-8.6792034190097567e-02
-9.1436529230374639e-02
-9.6460296415508781e-02
-1.0190368708853448e-01
-1.0781790226328990e-01
-1.1425552790267837e-01
-1.2128074798584287e-01
-1.2896922052829554e-01
-1.3740136083298826e-01
-1.4668059011247619e-01
-1.5692306531016526e-01
-1.6826162933770736e-01
-1.8086374597219176e-01
-1.9491900275691665e-01
-2.1064829132049381e-01
-2.2833466096345728e-01
-2.4831455704994534e-01
-2.7100741583123639e-01
-2.9692379924304302e-01
-3.2669184789934674e-01
-3.6112063432426417e-01
-4.0122008171192558e-01
-4.4829844408745428e-01
-5.0406861578930218e-01
-5.7076840108847138e-01
-6.5144094071210124e-01
-7.5022477850337355e-01
-8.7286363358025165e-01
-1.0272797449967270e+00
-1.2256229458792127e+00
-1.4858433872701013e+00
-1.8356996173444537e+00
-2.3179214551150800e+00
-3.0049967864994835e+00
-4.0125637588561176e+00
-5.5195636239795753e+00
-7.6840527176409665e+00
-9.9962818480704474e+00
-1.0593187254021268e+01
-9.8793095684210765e+00
-8.9935525743196969e+00
-6.9753481473271632e+00
-4.6259508537825615e+00
-3.0496646339712772e+00
-2.1038149795392806e+00
-1.5220618792070084e+00
-1.1465276797115247e+00
-8.9251810306032886e-01
-7.1367342990267779e-01
-5.8336443601966204e-01
-4.9512881958934873e-01
-5.9411669017731505e-01
-7.2497093800115397e-01
-9.0250610030368095e-01
-1.1506576062933098e+00
-1.5098064159727600e+00
-2.0498433004063052e+00
-2.8893509195391118e+00
-4.1874657472486154e+00
-5.8488404944937935e+00
-6.7194356346588950e+00
0.0000000000000000e+00
1.3464638167935297e-01
0.0000000000000000e+00
0.0000000000000000e+00
];
