%Vec Object:sol 1 MPI processes
%  type: mpi
sol = [
0.0000000000000000e+00
-4.1374166148730488e+01
-2.6828609220143623e+01
-1.5082542560966633e+01
-8.9499459187524248e+00
-5.7808111071112585e+00
-4.0009750499076100e+00
-2.9198664278633357e+00
-2.2188393592972817e+00
-1.7407233425620039e+00
-1.4003040105811748e+00
-1.1500088576181084e+00
-9.6089671372149399e-01
-8.1464792580550249e-01
-6.9919043700804095e-01
-6.0635124488814585e-01
-5.3077913397185250e-01
-4.6844019935707371e-01
-4.1637497873218715e-01
-3.7250529067346488e-01
-3.3520433795395932e-01
-3.0317542667035263e-01
-2.7551142053376920e-01
-2.5146152794961879e-01
-2.3039953999299106e-01
-2.1185877866752345e-01
-1.9546670499609659e-01
-1.8089466189907963e-01
-1.6787421494311064e-01
-1.5620987231152902e-01
-1.4571854637306597e-01
-1.3623072007096293e-01
-1.2764037648888771e-01
-1.1983858954269211e-01
-1.1271682779753854e-01
-1.0620656863225690e-01
-1.0024528369415506e-01
-9.4764763992605930e-02
-8.9718016870190431e-02
-8.5065019917429374e-02
-8.0761303015080457e-02
-7.6771294361427905e-02
-7.3070864922819806e-02
-6.9630624519197243e-02
-6.6422368072194246e-02
-6.3431804769397290e-02
-6.0639273026537065e-02
-5.8021630675253393e-02
-5.5570783548156089e-02
-5.3273033102531904e-02
-5.1110286787898168e-02
-4.9077027657666243e-02
-4.7163649987332183e-02
-4.5356891289584624e-02
-4.3651735638790448e-02
-4.2041786931825136e-02
-4.0517201410693197e-02
-3.9073379493101260e-02
-3.7706125591652900e-02
-3.6408048021609747e-02
-3.5174927590402423e-02
-3.4004083555478064e-02
-3.2889901552321230e-02
-3.1828527443970987e-02
-3.0818323367349552e-02
-2.9854974259128503e-02
-2.8934982829765948e-02
-2.8057425040341647e-02
-2.7218941209410780e-02
-2.6416384519260434e-02
-2.5649313205577094e-02
-2.4915073095278250e-02
-2.4210860020408082e-02
-2.3536550378520156e-02
-2.2890012014598046e-02
-2.2268773309395789e-02
-2.1672912284254112e-02
-2.1100683026047475e-02
-2.0549934351814163e-02
-2.0020862767896153e-02
-1.9512007359381814e-02
-1.9021523518961986e-02
-1.8549667194542641e-02
-1.8095186600778339e-02
-1.7656528738729003e-02
-1.7233967092942594e-02
-1.6826401862450081e-02
-1.6432555942962199e-02
-1.6052691012658622e-02
-1.6084701814187866e-02
-1.6447722149427680e-02
-1.6823814314577714e-02
-1.7213164313137984e-02
-1.7616052227566598e-02
-1.8033927888705840e-02
-1.8466989927489706e-02
-1.8915796335506170e-02
-1.9381878184474410e-02
-1.9865446335637985e-02
-2.0367414974683754e-02
-2.0889408499453220e-02
-2.1431653383447394e-02
-2.1995514165904367e-02
-2.2582727490049578e-02
-2.3193544150707724e-02
-2.3829894768837064e-02
-2.4493656062998425e-02
-2.5185119691367809e-02
-2.5906926037790535e-02
-2.6661132877385873e-02
-2.7448101022948417e-02
-2.8271361487309719e-02
-2.9133004141915494e-02
-3.0034131350199965e-02
-3.0978769120233091e-02
-3.1969240901567865e-02
-3.3007746917107443e-02
-3.4098823628146264e-02
-3.5245179850598558e-02
-3.6450439146323066e-02
-3.7719830293014851e-02
-3.9056620175056032e-02
-4.0466292895936326e-02
-4.1955036095518802e-02
-4.3526934780347977e-02
-4.5189935317733639e-02
-4.6951440652098532e-02
-4.8817166395454248e-02
-5.0797950231656799e-02
-5.2902684225088772e-02
-5.5140712057419695e-02
-5.7525593259143103e-02
-6.0068919199640129e-02
-6.2785140053869953e-02
-6.5691817791939625e-02
-6.8804637229440399e-02
-7.2145392500609570e-02
-7.5737589002172978e-02
-7.9603574803397845e-02
-8.3775688104322177e-02
-8.8285839639588817e-02
-9.3169817628683663e-02
-9.8473209645411633e-02
-1.0424263046645767e-01
-1.1053510501391772e-01
-1.1741788404092657e-01
-1.2496221778000520e-01
-1.3326005310920025e-01
-1.4241449863434419e-01
-1.5254336649075334e-01
-1.6379505429884911e-01
-1.7632834244009579e-01
-1.9035500399520289e-01
-2.0612648415555068e-01
-2.2393598888354974e-01
-2.4415626394055398e-01
-2.6724094424454542e-01
-2.9374811097038939e-01
-3.2439714774379774e-01
-3.6008593875314221e-01
-4.0197818750481318e-01
-4.5159823450066838e-01
-5.1093807807291591e-01
-5.8270850607265268e-01
-6.7059788220900696e-01
-7.7971176831812983e-01
-9.1720700335105620e-01
-1.0938942288121656e+00
-1.3258329903586064e+00
-1.6378742713073200e+00
-2.0686017301754069e+00
-2.6827534445554835e+00
-3.5846863031239646e+00
-4.9338656953728046e+00
-6.8652995531948235e+00
-8.9081417411314661e+00
-9.4439813069763634e+00
-8.8600830095913157e+00
-8.1217109613373299e+00
-6.3868627865801937e+00
-4.2904232578063972e+00
-2.8482107978251761e+00
-1.9720666837033085e+00
-1.4294480746711511e+00
-1.0780527193003617e+00
-8.3971063139248303e-01
-6.7162322862494628e-01
-5.4904285516079299e-01
-4.6600998814004302e-01
-5.5888115314092912e-01
-6.8152357822394749e-01
-8.4778103265190874e-01
-1.0800281003266210e+00
-1.4155763149116596e+00
-1.9186510318351317e+00
-2.6963664768252777e+00
-3.8853311627136993e+00
-5.3671089148127145e+00
-6.1146285914142799e+00
0.0000000000000000e+00
1.3464638167935297e-01
0.0000000000000000e+00
0.0000000000000000e+00
];
