%Vec Object:sol 1 MPI processes
%  type: mpi
sol = [
0.0000000000000000e+00
-2.2129638220519503e+01
-1.6261580161487878e+01
-1.0215313057258003e+01
-6.4292699401133095e+00
-4.2869495121482943e+00
-3.0257516092726786e+00
-2.2354529960224929e+00
-1.7138798514052875e+00
-1.3533837357193321e+00
-1.0942962807308276e+00
-9.0235932656974938e-01
-7.5649096566937701e-01
-6.4315770366664271e-01
-5.5334897900389934e-01
-4.8100807733625917e-01
-4.2194192457878538e-01
-3.7304795741313707e-01
-3.3211597426577300e-01
-2.9756379512067366e-01
-2.6813730663929097e-01
-2.4283166180741939e-01
-2.2094557853013924e-01
-2.0189579072386973e-01
-1.8519362822224636e-01
-1.7047541067566011e-01
-1.5745054408260159e-01
-1.4586135927505076e-01
-1.3549713551789733e-01
-1.2620513139225065e-01
-1.1784138071830701e-01
-1.1027187738553142e-01
-1.0341385797663234e-01
-9.7181454226047542e-02
-9.1488910541082796e-02
-8.6284762962752032e-02
-8.1516762820472294e-02
-7.7130496745211968e-02
-7.3088989661096643e-02
-6.9360776750278880e-02
-6.5910489238067166e-02
-6.2709916250126285e-02
-5.9740168636944001e-02
-5.6977859055567390e-02
-5.4400447676382795e-02
-5.1996842800675562e-02
-4.9751405916012556e-02
-4.7645511428834622e-02
-4.5672983876129031e-02
-4.3822927564038959e-02
-4.2080719567711519e-02
-4.0442174216851888e-02
-3.8899657774544988e-02
-3.7442436394145087e-02
-3.6066632079313217e-02
-3.4767187438065748e-02
-3.3536126706489804e-02
-3.2369839132641111e-02
-3.1265035133628702e-02
-3.0215720466265545e-02
-2.9218542368303776e-02
-2.8271428525838284e-02
-2.7369822824248873e-02
-2.6510632552786621e-02
-2.5692622937893806e-02
-2.4912290176563861e-02
-2.4166805685750647e-02
-2.3455506973304424e-02
-2.2775664453291621e-02
-2.2124716390273535e-02
-2.1502385684160057e-02
-2.0906514509099645e-02
-2.0334807653667061e-02
-1.9787240721880775e-02
-1.9262078676265441e-02
-1.8757289282796328e-02
-1.8273006481221783e-02
-1.7807807571575768e-02
-1.7359917102343265e-02
-1.6929559910424077e-02
-1.6515543109919515e-02
-1.6116339650339744e-02
-1.5732217312205709e-02
-1.5362151038743692e-02
-1.5004852259060977e-02
-1.4660597607028359e-02
-1.4328482940395980e-02
-1.4007447252921355e-02
-1.3697752323489760e-02
-1.3739283219934194e-02
-1.4063994479845517e-02
-1.4400662073803645e-02
-1.4749487378939434e-02
-1.5110751650368565e-02
-1.5485697246920716e-02
-1.5874565399982960e-02
-1.6277912134246085e-02
-1.6697115781104457e-02
-1.7132415796704735e-02
-1.7584662357451538e-02
-1.8055329864441742e-02
-1.8544678881855646e-02
-1.9053965347193235e-02
-1.9584777390913001e-02
-2.0137409087253120e-02
-2.0713628347262855e-02
-2.1315164812666956e-02
-2.1942363464558395e-02
-2.2597636692869284e-02
-2.3282896018106226e-02
-2.3998566023681410e-02
-2.4747871103820391e-02
-2.5532778633371382e-02
-2.6354391756159536e-02
-2.7216408206565221e-02
-2.8121035213475233e-02
-2.9070380824627585e-02
-3.0068640204259173e-02
-3.1118404264938865e-02
-3.2223090388140051e-02
-3.3387565960567557e-02
-3.4614971931425029e-02
-3.5910445912724111e-02
-3.7279782950973568e-02
-3.8726924103856072e-02
-4.0259294004588581e-02
-4.1883869300957145e-02
-4.3606145382102744e-02
-4.5436258358320256e-02
-4.7382645325944613e-02
-4.9454194564979737e-02
-5.1663653272051163e-02
-5.4022057146954801e-02
-5.6543089515753792e-02
-5.9243333831044000e-02
-6.2137758674568722e-02
-6.5246970573843294e-02
-6.8593250714513457e-02
-7.2197947147223815e-02
-7.6091650498048807e-02
-8.0304733703898387e-02
-8.4871288620222529e-02
-8.9834588034231361e-02
-9.5239094754941883e-02
-1.0113909415636582e-01
-1.0759860331300199e-01
-1.1468569476698064e-01
-1.2248794545697222e-01
-1.3110376705629592e-01
-1.4064575877346747e-01
-1.5125592581073918e-01
-1.6309512479009017e-01
-1.7635953431873480e-01
-1.9128965054288785e-01
-2.0816710628291449e-01
-2.2734976347766178e-01
-2.4927364211208575e-01
-2.7447568557143448e-01
-3.0364807473070765e-01
-3.3765580202618611e-01
-3.7762052961334480e-01
-4.2496998636760508e-01
-4.8163101778443679e-01
-5.5022749949186489e-01
-6.3431050627548113e-01
-7.3882945658958044e-01
-8.7088098139099024e-01
-1.0408009003653089e+00
-1.2639990592771664e+00
-1.5641427383478133e+00
-1.9796836548985912e+00
-2.5725076723031872e+00
-3.4440756571896105e+00
-4.7475909161048975e+00
-6.6127628918244001e+00
-8.5797447780476013e+00
-9.1168403286058588e+00
-8.5925863433300744e+00
-7.9134815623851127e+00
-6.2617413109877864e+00
-4.2278954592094484e+00
-2.8150832515349618e+00
-1.9527855817185555e+00
-1.4173952067257196e+00
-1.0701293451271612e+00
-8.3432675993619798e-01
-6.6788562904317583e-01
-5.4642032270538143e-01
-4.6413175044700961e-01
-5.5701175933884306e-01
-6.7970220517536850e-01
-8.4607768749927981e-01
-1.0785637755804038e+00
-1.4145774081325673e+00
-1.9185195381024065e+00
-2.6979378313164952e+00
-3.8903230717949771e+00
-5.3784457611209664e+00
-6.1314021427167482e+00
0.0000000000000000e+00
2.4055929233035767e-01
0.0000000000000000e+00
0.0000000000000000e+00
];
