%Vec Object:sol 1 MPI processes
%  type: mpi
sol = [
0.0000000000000000e+00
-1.5051020736247390e+01
-1.2129680124677883e+01
-8.3591181348597807e+00
-5.5417405802104920e+00
-3.7979763728844023e+00
-2.7224538266063347e+00
-2.0328247824799210e+00
-1.5690268885232492e+00
-1.2452921406024051e+00
-1.0112675939985158e+00
-8.3685686668741743e-01
-7.0369145318408877e-01
-5.9968780121709675e-01
-5.1705438254761737e-01
-4.5034536399233238e-01
-3.9577392717036053e-01
-3.5056446579708861e-01
-3.1266154403508567e-01
-2.8061774328239608e-01
-2.5328985833878936e-01
-2.2975881749970528e-01
-2.0938348541835367e-01
-1.9162908785846397e-01
-1.7604631087593267e-01
-1.6230083677568113e-01
-1.5012533455722965e-01
-1.3928202682528282e-01
-1.2957624273570548e-01
-1.2086724344133053e-01
-1.1302185609579334e-01
-1.0591566302280762e-01
-9.9472429687056454e-02
-9.3612563211524946e-02
-8.8256161844629255e-02
-8.3355739986454944e-02
-7.8862823212355160e-02
-7.4726612621198535e-02
-7.0912814742420269e-02
-6.7392275083338726e-02
-6.4131930323024430e-02
-6.1105458092015716e-02
-5.8295423965985249e-02
-5.5679951142219200e-02
-5.3237621249665378e-02
-5.0957736168680892e-02
-4.8826600762132605e-02
-4.6826593165683973e-02
-4.4952145288100896e-02
-4.3193057679054223e-02
-4.1535436182569267e-02
-3.9975537106873994e-02
-3.8506221549088691e-02
-3.7117271428093422e-02
-3.5805157797100425e-02
-3.4565176277027876e-02
-3.3389721894026524e-02
-3.2275459914083190e-02
-3.1219359478154331e-02
-3.0215696989168993e-02
-2.9261337081274548e-02
-2.8354402857350948e-02
-2.7490538644658249e-02
-2.6666821713242694e-02
-2.5882169655141833e-02
-2.5133229128562359e-02
-2.4417303115925649e-02
-2.3733851826821469e-02
-2.3080260154043103e-02
-2.2454066582326845e-02
-2.1855096066373626e-02
-2.1281278902132647e-02
-2.0730394723755822e-02
-2.0202506529903283e-02
-1.9695947704621127e-02
-1.9208740615380530e-02
-1.8741095852738657e-02
-1.8291644036050211e-02
-1.7858648508958096e-02
-1.7442402560091400e-02
-1.7041754692436760e-02
-1.6655204713985353e-02
-1.6283082235142070e-02
-1.5924393847199510e-02
-1.5577869337533376e-02
-1.5243841493644512e-02
-1.4921429692168753e-02
-1.4609585739837306e-02
-1.4308622200331951e-02
-1.4374158366765160e-02
-1.4736600428621823e-02
-1.5112699168526353e-02
-1.5502731571012255e-02
-1.5907061110676465e-02
-1.6327113735430894e-02
-1.6763197036703932e-02
-1.7215946794649144e-02
-1.7686893438583973e-02
-1.8176378686154970e-02
-1.8685389897774563e-02
-1.9215578841659833e-02
-1.9767329099912627e-02
-2.0342076602120406e-02
-2.0941618923166434e-02
-2.1566395627906305e-02
-2.2218411396102020e-02
-2.2899644492383343e-02
-2.3610613722011922e-02
-2.4354043285358930e-02
-2.5132142017289558e-02
-2.5945544756275984e-02
-2.6797886841972859e-02
-2.7691481467088441e-02
-2.8627729468706117e-02
-2.9610831092901798e-02
-3.0643410729257404e-02
-3.1728002955997703e-02
-3.2869414941606299e-02
-3.4070751785412391e-02
-3.5336033996143712e-02
-3.6670884850385978e-02
-3.8079090087482906e-02
-3.9566633921793673e-02
-4.1140260124226773e-02
-4.2804734642909417e-02
-4.4568665732356676e-02
-4.6440231693949556e-02
-4.8426042388295815e-02
-5.0537852872432003e-02
-5.2785631214402426e-02
-5.5179911182717048e-02
-5.7735561075616545e-02
-6.0465661707371811e-02
-6.3386314766221988e-02
-6.6516953404395271e-02
-6.9875353189950085e-02
-7.3485684668145812e-02
-7.7374155108573914e-02
-8.1566113990634084e-02
-8.6097417137727353e-02
-9.1003928960642508e-02
-9.6325931645877605e-02
-1.0211429765629576e-01
-1.0842159348177964e-01
-1.1531180899804803e-01
-1.2286035670973044e-01
-1.3114775222734817e-01
-1.4027712659616207e-01
-1.5036459572095251e-01
-1.6154316400888788e-01
-1.7398014829184319e-01
-1.8786544843742597e-01
-2.0343047550531923e-01
-2.2095874890562361e-01
-2.4078265586765438e-01
-2.6332395331877823e-01
-2.8909664774356697e-01
-3.1871947736921385e-01
-3.5298815387410248e-01
-3.9293936375197008e-01
-4.3988794060603092e-01
-4.9555580669485316e-01
-5.6219386687555795e-01
-6.4286301969279058e-01
-7.4172750433065981e-01
-8.6458674375958533e-01
-1.0197485682142802e+00
-1.2189684713890081e+00
-1.4803083342667887e+00
-1.8318683250759114e+00
-2.3178466458436495e+00
-3.0090694069245649e+00
-4.0247295262792013e+00
-5.5436572100231940e+00
-7.7243943167803248e+00
-1.0059444493320322e+01
-1.0681072377982765e+01
-9.9806208923434721e+00
-9.1014234779741052e+00
-7.0629331001195839e+00
-4.6842817881239815e+00
-3.0884275987142789e+00
-2.1312999563145634e+00
-1.5424679037291422e+00
-1.1625822244264594e+00
-9.0545693490888568e-01
-7.2439986249468769e-01
-5.9247144754693681e-01
-5.0320091784089360e-01
-6.0421646344882129e-01
-7.3779368713430982e-01
-9.1909661125085895e-01
-1.1727838977721941e+00
-1.5400201826197790e+00
-2.0930072503448294e+00
-2.9540240310179224e+00
-4.2910220857857704e+00
-6.0172176276835714e+00
-6.9348935366176976e+00
0.0000000000000000e+00
2.4055929233035767e-01
0.0000000000000000e+00
0.0000000000000000e+00
];
