%Vec Object:sol 1 MPI processes
%  type: mpi
sol = [
0.0000000000000000e+00
-1.9514670767109404e+01
-1.4835040548994833e+01
-9.6073058513610263e+00
-6.1476134714049495e+00
-4.1332685387789301e+00
-2.9309907410305209e+00
-2.1724382513411293e+00
-1.6692721370425019e+00
-1.3200113967305973e+00
-1.0686693536135128e+00
-8.8214201104712731e-01
-7.4019193036425335e-01
-6.2978348659510097e-01
-5.4221491426830215e-01
-4.7162599165316760e-01
-4.1392745807100090e-01
-3.6615260141073280e-01
-3.2614715526398808e-01
-2.9236234154800611e-01
-2.6357796296473962e-01
-2.3881545206552254e-01
-2.1739185319274124e-01
-1.9873871459550177e-01
-1.8237942010866268e-01
-1.6795924882788527e-01
-1.5519469867235672e-01
-1.4383419033924416e-01
-1.3367191574075996e-01
-1.2455878140327817e-01
-1.1635412246561933e-01
-1.0892688112185360e-01
-1.0219626936884442e-01
-9.6078337738424502e-02
-9.0489134623829556e-02
-8.5378400413999994e-02
-8.0695038634614469e-02
-7.6385749548925214e-02
-7.2414374648688190e-02
-6.8750151645910335e-02
-6.5358421538442180e-02
-6.2211552447996095e-02
-5.9291094894149701e-02
-5.6574126178662212e-02
-5.4038530699026449e-02
-5.1673498444290832e-02
-4.9463702641495036e-02
-4.7390834935634556e-02
-4.5448904972199305e-02
-4.3627234244082672e-02
-4.1911430586796986e-02
-4.0297442760678800e-02
-3.8777790951877798e-02
-3.7341904413818551e-02
-3.5986012003496735e-02
-3.4705165586620859e-02
-3.3491506481313861e-02
-3.2341508943901517e-02
-3.1251963049342378e-02
-3.0216959878039906e-02
-2.9233213991208234e-02
-2.8298712942190871e-02
-2.7408963702929758e-02
-2.6560926464730447e-02
-2.5753412933186594e-02
-2.4982966582649539e-02
-2.4246799960020549e-02
-2.3544287888447615e-02
-2.2872736697498348e-02
-2.2229616107275231e-02
-2.1614680006257304e-02
-2.1025798177866359e-02
-2.0460698983089030e-02
-1.9919384566028424e-02
-1.9400141303673828e-02
-1.8900954207067014e-02
-1.8421980529645113e-02
-1.7961814247628008e-02
-1.7518692185641456e-02
-1.7092860057366550e-02
-1.6683137916023862e-02
-1.6288007209104324e-02
-1.5907754631035175e-02
-1.5541365027800338e-02
-1.5187555653303167e-02
-1.4846620369755528e-02
-1.4517662505312398e-02
-1.4199625130443086e-02
-1.3892785508863218e-02
-1.3942053153300406e-02
-1.4278894304240645e-02
-1.4628246873730138e-02
-1.4990336768442719e-02
-1.5365473277817223e-02
-1.5754999793852933e-02
-1.6159159931680087e-02
-1.6578452726220209e-02
-1.7014332997255573e-02
-1.7467106901981048e-02
-1.7937669706073141e-02
-1.8427553709617538e-02
-1.8937060413041513e-02
-1.9467504792340481e-02
-2.0020543519177370e-02
-2.0596519165212795e-02
-2.1197277197360007e-02
-2.1824628814434248e-02
-2.2478977029323839e-02
-2.3162836287969387e-02
-2.3878215860660836e-02
-2.4625610613196115e-02
-2.5408379404088306e-02
-2.6228603678701973e-02
-2.7087485581210210e-02
-2.7988887601834905e-02
-2.8935154879134329e-02
-2.9928536730316684e-02
-3.0973429431808652e-02
-3.2072594181488029e-02
-3.3229647637296494e-02
-3.4449706104220899e-02
-3.5736124388561566e-02
-3.7094319459524148e-02
-3.8530399378513915e-02
-4.0048579125608781e-02
-4.1656673687452107e-02
-4.3362056941087170e-02
-4.5170594372979635e-02
-4.7092956256762776e-02
-4.9138086819663647e-02
-5.1315419856175409e-02
-5.3638403624553799e-02
-5.6118752111789190e-02
-5.8770949776501276e-02
-6.1612523406353932e-02
-6.4659373528069830e-02
-6.7933287186819985e-02
-7.1457847058708765e-02
-7.5255730660502021e-02
-7.9359273362078472e-02
-8.3800671331010795e-02
-8.8616072512789884e-02
-9.3851271495273114e-02
-9.9553424423467304e-02
-1.0578004064655523e-01
-1.1259892334536201e-01
-1.2008228463313174e-01
-1.2832287172623913e-01
-1.3742498611396517e-01
-1.4750801953407777e-01
-1.5872240032625140e-01
-1.7123865854069489e-01
-1.8526470951169521e-01
-2.0105538459077751e-01
-2.1890924094285327e-01
-2.3920544680867792e-01
-2.6240604245917376e-01
-2.8908004535985254e-01
-3.1996072864942160e-01
-3.5596452021283054e-01
-3.9827953697181762e-01
-4.4841221560127803e-01
-5.0840616956158879e-01
-5.8103838120163265e-01
-6.7006619131046419e-01
-7.8072516925135194e-01
-9.2051999429295828e-01
-1.1003780673780708e+00
-1.3365188893066871e+00
-1.6540026723069969e+00
-2.0934289321037975e+00
-2.7199192580938893e+00
-3.6410611404985285e+00
-5.0187992105530714e+00
-6.9936040280904734e+00
-9.0906493522015506e+00
-9.6585379789188242e+00
-9.0776106002928376e+00
-8.3325469376559642e+00
-6.5473120220252374e+00
-4.3914928186350410e+00
-2.9135789892529753e+00
-2.0170518568138118e+00
-1.4626330908456704e+00
-1.1035034773048773e+00
-8.6012011823110579e-01
-6.8839056259996823e-01
-5.6311462982832694e-01
-4.7828589514865671e-01
-5.7413141447337790e-01
-7.0084268460245325e-01
-8.7266231484924439e-01
-1.1128134389619500e+00
-1.4603451974869623e+00
-1.9820951052516478e+00
-2.7914400122890681e+00
-4.0366614914472576e+00
-5.6113249661586115e+00
-6.4230117489655152e+00
0.0000000000000000e+00
2.4055929233035767e-01
0.0000000000000000e+00
0.0000000000000000e+00
];
