%Vec Object:sol 1 MPI processes
%  type: mpi
sol = [
0.0000000000000000e+00
-3.1830757921078717e+01
-2.0819368381091298e+01
-1.1920441263307788e+01
-7.1799933446124911e+00
-4.6837913931990567e+00
-3.2648850535553851e+00
-2.3936909367242065e+00
-1.8255938435090020e+00
-1.4355030891239233e+00
-1.1572843183228212e+00
-9.5200961151816799e-01
-7.9649211201111625e-01
-6.7586655902388093e-01
-5.8045108162470360e-01
-5.0374535547440447e-01
-4.4122123578523792e-01
-3.8958542709365912e-01
-3.4641469432468064e-01
-3.1000854496756441e-01
-2.7903084699199587e-01
-2.5241284472354009e-01
-2.2940934265646626e-01
-2.0940130198183252e-01
-1.9187074251801498e-01
-1.7643241374426680e-01
-1.6277868175712593e-01
-1.5063465030716602e-01
-1.3977663552078928e-01
-1.3004790597000526e-01
-1.2129624869857922e-01
-1.1338023195383574e-01
-1.0621227970227669e-01
-9.9701756785245108e-02
-9.3758367738165482e-02
-8.8327723677022449e-02
-8.3354734754353454e-02
-7.8782199040192818e-02
-7.4571143407797344e-02
-7.0688389932050774e-02
-6.7096802463094393e-02
-6.3766741298834015e-02
-6.0678258800197435e-02
-5.7806817763116788e-02
-5.5128822885547081e-02
-5.2632513923530182e-02
-5.0301485936667348e-02
-4.8116318702589533e-02
-4.6070403888528025e-02
-4.4152314207878511e-02
-4.2346848626045180e-02
-4.0649506809737175e-02
-3.9052280115109757e-02
-3.7544028479763979e-02
-3.6120620107620113e-02
-3.4776733450931380e-02
-3.3504102968767109e-02
-3.2298913903713831e-02
-3.1157685117749537e-02
-3.0074212565000050e-02
-2.9044980943156943e-02
-2.8067774291294197e-02
-2.7137882394636936e-02
-2.6252084589367460e-02
-2.5409034368755679e-02
-2.4605113209471639e-02
-2.3837393305489622e-02
-2.3105121897679770e-02
-2.2405482812366585e-02
-2.1735839038427091e-02
-2.1095837727540048e-02
-2.0483254917541438e-02
-1.9895739825114975e-02
-1.9333202303936658e-02
-1.8793856370364383e-02
-1.8275630120309368e-02
-1.7778598864470106e-02
-1.7301300558957962e-02
-1.6841932575769006e-02
-1.6400666455979828e-02
-1.5976279138519928e-02
-1.5567225818262597e-02
-1.5173725255856701e-02
-1.4794729784985467e-02
-1.4428939799565121e-02
-1.4076586621247578e-02
-1.3736750150825478e-02
-1.3408362574208658e-02
-1.3091643628504237e-02
-1.3110906760428819e-02
-1.3399743523403274e-02
-1.3698861902586656e-02
-1.4008383569459935e-02
-1.4328507385770614e-02
-1.4660405082230222e-02
-1.5004202877568087e-02
-1.5360324580027758e-02
-1.5730000690636455e-02
-1.6113360363046773e-02
-1.6511115217173161e-02
-1.6924562842294585e-02
-1.7353836603753024e-02
-1.7800011171097408e-02
-1.8264464734717024e-02
-1.8747340090814409e-02
-1.9250167164903128e-02
-1.9774424997308707e-02
-2.0320276873400881e-02
-2.0889822086166097e-02
-2.1484670808775055e-02
-2.2105026814217891e-02
-2.2753701897746462e-02
-2.3432310103658698e-02
-2.4141644775406014e-02
-2.4884896644395665e-02
-2.5663844147925469e-02
-2.6480154835227036e-02
-2.7337402851113447e-02
-2.8237647863423632e-02
-2.9183687150686546e-02
-3.0179616822602527e-02
-3.1227908558513578e-02
-3.2332831480139483e-02
-3.3499207504753013e-02
-3.4730118034557271e-02
-3.6031774201617787e-02
-3.7409913336292261e-02
-3.8868868011316837e-02
-4.0417111592707937e-02
-4.2061492830152598e-02
-4.3809188746336727e-02
-4.5670757035332549e-02
-4.7655103050246637e-02
-4.9773397876346298e-02
-5.2039269548073239e-02
-5.4464752206618776e-02
-5.7066748380338643e-02
-5.9863449319984448e-02
-6.2872008389640799e-02
-6.6117534107543743e-02
-6.9624650540090469e-02
-7.3420960179629430e-02
-7.7541787528289455e-02
-8.2023080536025056e-02
-8.6908937417698048e-02
-9.2251292756811973e-02
-9.8102409912082397e-02
-1.0453569851362432e-01
-1.1163079155345021e-01
-1.1947856661599612e-01
-1.2819410022352515e-01
-1.3790724149266906e-01
-1.4877651245188950e-01
-1.6099636335896825e-01
-1.7479392637823674e-01
-1.9045840202057795e-01
-2.0834177219622882e-01
-2.2887715693810465e-01
-2.5262352598132126e-01
-2.8027866290173603e-01
-3.1274769976604411e-01
-3.5121722419429824e-01
-3.9723866671281582e-01
-4.5292540530896153e-01
-5.2115490082146032e-01
-6.0591221648555926e-01
-7.1285859835484822e-01
-8.5041166923506795e-01
-1.0311444715346954e+00
-1.2744980164714839e+00
-1.6110477193721036e+00
-2.0906974010403321e+00
-2.7948923310977314e+00
-3.8421787537996108e+00
-5.3157196473344328e+00
-6.8128580702756043e+00
-7.2171868246603790e+00
-6.8782454737848271e+00
-6.4270464912462719e+00
-5.2418371188567310e+00
-3.6462191619952891e+00
-2.4703659054378702e+00
-1.7307295729798486e+00
-1.2641065868621848e+00
-9.5851083642554191e-01
-7.4972233598772609e-01
-6.0168557029728531e-01
-4.9329601572848297e-01
-4.1974483599286644e-01
-5.0411731593018083e-01
-6.1558460914917046e-01
-7.6663134035574576e-01
-9.7747501630697831e-01
-1.2817353068543760e+00
-1.7360738668411668e+00
-2.4334701117531496e+00
-3.4817820961432333e+00
-4.7410253905192850e+00
-5.3469717577853162e+00
0.0000000000000000e+00
2.4055929233035767e-01
0.0000000000000000e+00
0.0000000000000000e+00
];
