%Vec Object:sol 1 MPI processes
%  type: mpi
sol = [
0.0000000000000000e+00
-2.2802697964141274e+01
-1.6617205744548002e+01
-1.0359793711760036e+01
-6.4961024872920365e+00
-4.3227399129894897e+00
-3.0470216116142095e+00
-2.2500810093987780e+00
-1.7244957998401000e+00
-1.3608222329175763e+00
-1.1001186478607776e+00
-9.0702914708910554e-01
-7.6031061166677616e-01
-6.4633247353363721e-01
-5.5596333315504665e-01
-4.8314620424570975e-01
-4.2371180604726599e-01
-3.7457025189078197e-01
-3.3344268169405861e-01
-2.9872720332961800e-01
-2.6916306343171159e-01
-2.4374018076505985e-01
-2.2175364797572231e-01
-2.0261721761355739e-01
-1.8583975582279036e-01
-1.7105575561184894e-01
-1.5797316967267605e-01
-1.4633305959409440e-01
-1.3592367517298259e-01
-1.2659151849559971e-01
-1.1819192525077174e-01
-1.1059025579476783e-01
-1.0370333449686318e-01
-9.7444882023302273e-02
-9.1728748722749678e-02
-8.6503215635064898e-02
-8.1715785150267173e-02
-7.7311798299719250e-02
-7.3254103289709813e-02
-6.9511082808742797e-02
-6.6047211517502355e-02
-6.2834132028158726e-02
-5.9852942973093085e-02
-5.7079317912889505e-02
-5.4491092387312076e-02
-5.2077549049424104e-02
-4.9822961806065699e-02
-4.7708617400054922e-02
-4.5728287456900121e-02
-4.3871016059319819e-02
-4.2122117390518070e-02
-4.0477368035094892e-02
-3.8929092072786345e-02
-3.7466511619418261e-02
-3.6085719308225815e-02
-3.4781628103572486e-02
-3.3546230896670602e-02
-3.2375893961737928e-02
-3.1267306321978369e-02
-3.0214451072179894e-02
-2.9213957494750285e-02
-2.8263737367285449e-02
-2.7359217944585585e-02
-2.6497292552676108e-02
-2.5676714202146091e-02
-2.4893966715393605e-02
-2.4146210742213507e-02
-2.3432774090980987e-02
-2.2750917839777018e-02
-2.2098072069764257e-02
-2.1473951712534377e-02
-2.0876391813007256e-02
-2.0303091055082028e-02
-1.9754018286922841e-02
-1.9227432976504255e-02
-1.8721298437460475e-02
-1.8235742727972432e-02
-1.7769338895547614e-02
-1.7320308324900668e-02
-1.6888870627308126e-02
-1.6473829634483815e-02
-1.6073656099510059e-02
-1.5688613084287220e-02
-1.5317673054698363e-02
-1.4959545986670748e-02
-1.4614504204762811e-02
-1.4281641912389089e-02
-1.3959897132450461e-02
-1.3649527484804089e-02
-1.3689174545318558e-02
-1.4010915281188467e-02
-1.4344474271593959e-02
-1.4690045403165002e-02
-1.5047904121215802e-02
-1.5419338402252602e-02
-1.5804559049019888e-02
-1.6204088265005506e-02
-1.6619294095562360e-02
-1.7050405134896595e-02
-1.7498260748030091e-02
-1.7964321431912893e-02
-1.8448837975574905e-02
-1.8953052155734177e-02
-1.9478535659816363e-02
-2.0025570985032128e-02
-2.0595907439940709e-02
-2.1191255119323116e-02
-2.1811945156889771e-02
-2.2460365468854496e-02
-2.3138404169420267e-02
-2.3846469080130796e-02
-2.4587752362008112e-02
-2.5364194108293870e-02
-2.6176873831996596e-02
-2.7029449812588532e-02
-2.7924096329176386e-02
-2.8862887695422494e-02
-2.9849970967751639e-02
-3.0887896415810013e-02
-3.1980033838400049e-02
-3.3131191148585495e-02
-3.4344458311809982e-02
-3.5624906261931974e-02
-3.6978255352055275e-02
-3.8408381420938324e-02
-3.9922615990171259e-02
-4.1527841057995458e-02
-4.3229463995907200e-02
-4.5037493631916732e-02
-4.6960246441362478e-02
-4.9006481050006101e-02
-5.1188777887283626e-02
-5.3518011611764130e-02
-5.6007675333680819e-02
-5.8674128541321237e-02
-6.1532119004306551e-02
-6.4601973337378063e-02
-6.7905664426605519e-02
-7.1464226026452429e-02
-7.5307835827877131e-02
-7.9466436093158441e-02
-8.3973633495537839e-02
-8.8872105690466885e-02
-9.4205681201410055e-02
-1.0002788647980361e-01
-1.0640184812116486e-01
-1.1339466726506806e-01
-1.2109270758591470e-01
-1.2959300130106255e-01
-1.3900655976084617e-01
-1.4947342028354421e-01
-1.6115218520814317e-01
-1.7423630223648109e-01
-1.8896293757615443e-01
-2.0560980414738711e-01
-2.2452983672909405e-01
-2.4615317464722744e-01
-2.7098623776602060e-01
-2.9972556837730668e-01
-3.3322325188186669e-01
-3.7258220724725488e-01
-4.1924789475944579e-01
-4.7511072779767483e-01
-5.4274413861834325e-01
-6.2565193576658440e-01
-7.2871845375854760e-01
-8.5894827938376939e-01
-1.0263793988837824e+00
-1.2462144551372258e+00
-1.5422619931498136e+00
-1.9522276892940564e+00
-2.5363072893422625e+00
-3.3960455757317636e+00
-4.6814999556863706e+00
-6.5180060204171602e+00
-8.4541844183016970e+00
-8.9816309557414495e+00
-8.4712189682372721e+00
-7.8086196050307164e+00
-6.1897096037656878e+00
-4.1862275023191264e+00
-2.7899869824815173e+00
-1.9363086315305198e+00
-1.4058690631212509e+00
-1.0615949081640392e+00
-8.2773559257455231e-01
-6.6265184049242953e-01
-5.4215707645185940e-01
-4.6051560580247364e-01
-5.5261085356443285e-01
-6.7428864809756883e-01
-8.3927733649162028e-01
-1.0697967772447905e+00
-1.4028401074738948e+00
-1.9022218167391749e+00
-2.6739484500935085e+00
-3.8527584720178054e+00
-5.3187793867985178e+00
-6.0569273783806894e+00
0.0000000000000000e+00
2.4055929233035767e-01
0.0000000000000000e+00
0.0000000000000000e+00
];
