%Vec Object:sol 1 MPI processes
%  type: mpi
sol = [
0.0000000000000000e+00
-2.1814429389465111e+01
-1.6093101744064612e+01
-1.0146262604733563e+01
-6.3972456065391707e+00
-4.2697876890487567e+00
-3.0148907061342687e+00
-2.2284539205090854e+00
-1.7087855890230943e+00
-1.3496527519158650e+00
-1.0915151021378144e+00
-9.0012942869198709e-01
-7.5466760649507303e-01
-6.4164263807859556e-01
-5.5207337611278340e-01
-4.7992210578485184e-01
-4.2100855971592382e-01
-3.7228141994236597e-01
-3.3148469574229444e-01
-2.9701047372720707e-01
-2.6764968563517816e-01
-2.4239998618838243e-01
-2.2056182773028651e-01
-2.0155336956428535e-01
-1.8488711860469978e-01
-1.7020026778211961e-01
-1.5720291796222710e-01
-1.4563800621240269e-01
-1.3529530346203733e-01
-1.2602243012919576e-01
-1.1767575345057954e-01
-1.1012156948005668e-01
-1.0327731213547764e-01
-9.7057309436747702e-02
-9.1375993578451858e-02
-8.6182022647230488e-02
-8.1423266862027471e-02
-7.7045429860642861e-02
-7.3011621026901577e-02
-6.9290448301821420e-02
-6.5846618020033304e-02
-6.2651980337540963e-02
-5.9687691673039917e-02
-5.6930414114709019e-02
-5.4357653329772743e-02
-5.1958346746338813e-02
-4.9716889139614105e-02
-4.7614689480656835e-02
-4.5645591344969962e-02
-4.3798722331986485e-02
-4.2059484917925695e-02
-4.0423707339774455e-02
-3.8883772419449278e-02
-3.7428964347982097e-02
-3.6055416385076741e-02
-3.4758082880781291e-02
-3.3529001072490960e-02
-3.2364569306575629e-02
-3.1261506542370136e-02
-3.0213828045502229e-02
-2.9218188362222935e-02
-2.8272521579842499e-02
-2.7372278637075809e-02
-2.6514372641938250e-02
-2.5697573774795764e-02
-2.4918383534226918e-02
-2.4173977918580773e-02
-2.3463698401576808e-02
-2.2784819436576887e-02
-2.2134782836482202e-02
-2.1513314788400566e-02
-2.0918260581180643e-02
-2.0347327698123058e-02
-1.9800494556896288e-02
-1.9276028544418098e-02
-1.8771899427135558e-02
-1.8288243618407793e-02
-1.7823640315167939e-02
-1.7376315514140175e-02
-1.6946496272482153e-02
-1.6532991184261665e-02
-1.6134274215559657e-02
-1.5750615154486915e-02
-1.5380990103160914e-02
-1.5024111238159934e-02
-1.4680257004208554e-02
-1.4348524290820487e-02
-1.4027852649754034e-02
-1.3718505275848555e-02
-1.3760901987352529e-02
-1.4086948754739041e-02
-1.4425013295530921e-02
-1.4775298821950490e-02
-1.5138090652595394e-02
-1.5514691752404428e-02
-1.5905323834746295e-02
-1.6310521781067962e-02
-1.6731671374824418e-02
-1.7169014023373654e-02
-1.7623405549877694e-02
-1.8096327460969699e-02
-1.8588045662001083e-02
-1.9099823463926240e-02
-1.9633257506113430e-02
-2.0188648255897744e-02
-2.0767773303683106e-02
-2.1372372535006328e-02
-2.2002798662600808e-02
-2.2661476828014816e-02
-2.3350330977181838e-02
-2.4069795159345021e-02
-2.4823110616386181e-02
-2.5612259464206401e-02
-2.6438358044212781e-02
-2.7305124974652643e-02
-2.8214785551046145e-02
-2.9169466518703623e-02
-3.0173388930882793e-02
-3.1229166308830693e-02
-3.2340239995629592e-02
-3.3511517575180075e-02
-3.4746201320787609e-02
-3.6049033173551327e-02
-3.7426089902022223e-02
-3.8881445335349291e-02
-4.0422568923978046e-02
-4.2056482825924377e-02
-4.3788724669033156e-02
-4.5629491814881705e-02
-4.7587279306378703e-02
-4.9671037688102007e-02
-5.1893594347393726e-02
-5.4266062305926933e-02
-5.6802216265320338e-02
-5.9518747297727999e-02
-6.2430729954776651e-02
-6.5558905229386760e-02
-6.8925702356015722e-02
-7.2552620165526674e-02
-7.6470447605288872e-02
-8.0709764278124360e-02
-8.5304894815996110e-02
-9.0299397644330051e-02
-9.5738039783305348e-02
-1.0167547065597797e-01
-1.0817613445883838e-01
-1.1530856938984299e-01
-1.2316093417753153e-01
-1.3183230171145285e-01
-1.4143603206121927e-01
-1.5211507350549075e-01
-1.6403136248998124e-01
-1.7738238559642230e-01
-1.9241023360911469e-01
-2.0939841569576056e-01
-2.2870715214256554e-01
-2.5077533373268462e-01
-2.7614343021661614e-01
-3.0550812833360852e-01
-3.3974003561568161e-01
-3.7996804026154746e-01
-4.2767178795187244e-01
-4.8476558483819254e-01
-5.5382368818652594e-01
-6.3846973826366193e-01
-7.4368418828109106e-01
-8.7660752543202314e-01
-1.0476384368169307e+00
-1.2724422805337643e+00
-1.5746303927603880e+00
-1.9928303706531973e+00
-2.5898294905616015e+00
-3.4668503931644552e+00
-4.7791307336460465e+00
-6.6570381486231067e+00
-8.6395044801504497e+00
-9.1804460023972680e+00
-8.6501700353333142e+00
-7.9631368827265687e+00
-6.2957693263363756e+00
-4.2475479531976958e+00
-2.8269100110707410e+00
-1.9605079835306136e+00
-1.4228225651295925e+00
-1.0741354534259289e+00
-8.3742875386573068e-01
-6.7034820190013134e-01
-5.4842580544968689e-01
-4.6583248995229698e-01
-5.5907722810540417e-01
-6.8224741779901321e-01
-8.4927409339906212e-01
-1.0826834245087966e+00
-1.4200914905581110e+00
-1.9261733574359539e+00
-2.7092003278355481e+00
-3.9079552194602973e+00
-5.4064672484938106e+00
-6.1664112308985537e+00
0.0000000000000000e+00
2.4055929233035767e-01
0.0000000000000000e+00
0.0000000000000000e+00
];
