%Vec Object:sol 1 MPI processes
%  type: mpi
sol = [
0.0000000000000000e+00
-3.3066465631764295e+01
-2.3410830298617203e+01
-1.4048550672072603e+01
-8.5767162112730944e+00
-5.6132595159750265e+00
-3.9130324172325834e+00
-2.8681959113393796e+00
-2.1857368957261487e+00
-1.7185128726529644e+00
-1.3848165548011255e+00
-1.1386864457785291e+00
-9.5242947989736182e-01
-8.0821105847337749e-01
-6.9425209415165579e-01
-6.0267583977463435e-01
-5.2805249927268971e-01
-4.6639000355478133e-01
-4.1482215945305723e-01
-3.7135149351153068e-01
-3.3437419798314244e-01
-3.0261114031971015e-01
-2.7516670291756901e-01
-2.5129940342653839e-01
-2.3039055685803356e-01
-2.1197883647454910e-01
-1.9569585919529350e-01
-1.8121655236206180e-01
-1.6827530753214798e-01
-1.5667864479421506e-01
-1.4624532173351548e-01
-1.3680745172256367e-01
-1.2826005837160903e-01
-1.2049524444056846e-01
-1.1340594188917547e-01
-1.0692702884744647e-01
-1.0099288301757045e-01
-9.5535652951104250e-02
-9.0508846816058808e-02
-8.5872875536558313e-02
-8.1583662257383477e-02
-7.7605956256865921e-02
-7.3915903238852013e-02
-7.0484357269265496e-02
-6.7283314200152725e-02
-6.4298671887833267e-02
-6.1510928292949824e-02
-5.8897056347332784e-02
-5.6449104258098591e-02
-5.4153481953316623e-02
-5.1992156001462404e-02
-4.9959719760096763e-02
-4.8046644329490948e-02
-4.6239697314703399e-02
-4.4533941548571918e-02
-4.2923041565718079e-02
-4.1397167056561095e-02
-3.9951771157035250e-02
-3.8582710402712148e-02
-3.7282597258015436e-02
-3.6047243959446716e-02
-3.4874017673993646e-02
-3.3757303137000740e-02
-3.2693260614477367e-02
-3.1680298309042926e-02
-3.0714097545673863e-02
-2.9791161503387155e-02
-2.8910607929489886e-02
-2.8069086161847397e-02
-2.7263445781079785e-02
-2.6493221404519682e-02
-2.5755636200783888e-02
-2.5047999182144686e-02
-2.4370282425271044e-02
-2.3720354631310024e-02
-2.3095721864289025e-02
-2.2496503472213682e-02
-2.1920945537162246e-02
-2.1366872328073095e-02
-2.0834520686237871e-02
-2.0322421090230948e-02
-1.9828703970044530e-02
-1.9353664089751310e-02
-1.8896040038562767e-02
-1.8454255041079261e-02
-1.8028619370253046e-02
-1.7618022148472485e-02
-1.7221165095837706e-02
-1.6838344162260068e-02
-1.6887325583039830e-02
-1.7284319361323706e-02
-1.7695877377207105e-02
-1.8122246831622089e-02
-1.8563774306211572e-02
-1.9022030355076689e-02
-1.9497284807473727e-02
-1.9990184809374076e-02
-2.0502400544534005e-02
-2.1034226003497816e-02
-2.1586694640893574e-02
-2.2161591762052995e-02
-2.2759241404813235e-02
-2.3381167194745620e-02
-2.4029292911468797e-02
-2.4703984852208372e-02
-2.5407384929074361e-02
-2.6141589189435734e-02
-2.6907027615678886e-02
-2.7706620169681166e-02
-2.8542684187293124e-02
-2.9415748432689969e-02
-3.0329712883847788e-02
-3.1286965079481859e-02
-3.2288854145033886e-02
-3.3339852837145342e-02
-3.4442641184814139e-02
-3.5599781981337716e-02
-3.6816350463300299e-02
-3.8095493210679975e-02
-3.9441353597963545e-02
-4.0859820628547434e-02
-4.2354708880561157e-02
-4.3932237280302711e-02
-4.5599417094876971e-02
-4.7361033311623085e-02
-4.9226062858576967e-02
-5.1202946310193675e-02
-5.3298347899184070e-02
-5.5524513866072336e-02
-5.7891651664763386e-02
-6.0410516551384630e-02
-6.3096504964734471e-02
-6.5962961904851680e-02
-6.9026419879603521e-02
-7.2306899915947645e-02
-7.5822490668672318e-02
-7.9598058989857404e-02
-8.3660488481519163e-02
-8.8035552349196355e-02
-9.2760126326420389e-02
-9.7870832547454836e-02
-1.0340876720787157e-01
-1.0942604953450039e-01
-1.1597623565248676e-01
-1.2312467292720738e-01
-1.3094838337540077e-01
-1.3952925962238111e-01
-1.4897257572286357e-01
-1.5939658534093384e-01
-1.7093653590023675e-01
-1.8376287567386487e-01
-1.9806859259702886e-01
-2.1408890839463057e-01
-2.3211199092372664e-01
-2.5247509569725807e-01
-2.7560644954400321e-01
-3.0202741852590032e-01
-3.3237955277047193e-01
-3.6748890426640307e-01
-4.0832653471775349e-01
-4.5626719957429962e-01
-5.1305410858159339e-01
-5.8096290894773683e-01
-6.6308743790732649e-01
-7.6363405773379622e-01
-8.8845786700756491e-01
-1.0459431958813530e+00
-1.2480701696984657e+00
-1.5128013237214639e+00
-1.8685820577549010e+00
-2.3600881448503692e+00
-3.0583665085028207e+00
-4.0837901603454663e+00
-5.6165204196879062e+00
-7.8170906113258551e+00
-1.0172064287847578e+01
-1.0779226105009126e+01
-1.0041300746840992e+01
-9.1313771589242450e+00
-7.0668844182202584e+00
-4.6777985373187834e+00
-3.0806022464042360e+00
-2.1240375659376745e+00
-1.5361663052170054e+00
-1.1570006841642797e+00
-9.0056145436083490e-01
-7.2005438193840121e-01
-5.8857202057476066e-01
-4.9956290453749436e-01
-5.9947462427877130e-01
-7.3155705452274256e-01
-9.1077200746145537e-01
-1.1613653337378000e+00
-1.5240397114250173e+00
-2.0696695554945932e+00
-2.9184392883205930e+00
-4.2329809656496664e+00
-5.9215577356319216e+00
-6.8113204221009171e+00
0.0000000000000000e+00
1.3464638167935297e-01
0.0000000000000000e+00
0.0000000000000000e+00
];
