%Vec Object:sol 1 MPI processes
%  type: mpi
sol = [
0.0000000000000000e+00
-2.0955995867014543e+01
-1.5631131901360092e+01
-9.9549070131514874e+00
-6.3081905867348596e+00
-4.2219999319585817e+00
-2.9845304673978643e+00
-2.2089615878465700e+00
-1.6946046369493857e+00
-1.3388954263971022e+00
-1.0834373564287647e+00
-8.9393436619673161e-01
-7.4960478483437765e-01
-6.3743811847248055e-01
-5.4853529728682882e-01
-4.7691161177546509e-01
-4.1842234409223933e-01
-3.7004140939118568e-01
-3.2953501506459520e-01
-2.9533222835665801e-01
-2.6619573969685806e-01
-2.4113354129212569e-01
-2.1945330866082655e-01
-2.0057891938440495e-01
-1.8402744373445418e-01
-1.6943941903354109e-01
-1.5652247185750096e-01
-1.4502476957654342e-01
-1.3474164087933027e-01
-1.2552171239500601e-01
-1.1722227681858122e-01
-1.0971046754690704e-01
-1.0290426783671838e-01
-9.6718550421122151e-02
-9.1068267340096140e-02
-8.5902416339103935e-02
-8.1169197646450739e-02
-7.6814638705233168e-02
-7.2802083487965519e-02
-6.9100342124223529e-02
-6.5674328788690284e-02
-6.2496062732269396e-02
-5.9546827244059686e-02
-5.6803421222490991e-02
-5.4243476029749590e-02
-5.1856010427176705e-02
-4.9625511370924580e-02
-4.7533483010243967e-02
-4.5573822311556302e-02
-4.3735721397965645e-02
-4.2004652530700737e-02
-4.0376482984351023e-02
-3.8843641479368592e-02
-3.7395461722515358e-02
-3.6028108446845328e-02
-3.4736568619363029e-02
-3.3512915143174199e-02
-3.2353571701911887e-02
-3.1255281052038050e-02
-3.0212084528798890e-02
-2.9220656946000147e-02
-2.8278950286110639e-02
-2.7382434815760855e-02
-2.6528039707369288e-02
-2.5714549044452320e-02
-2.4938478846519556e-02
-2.4197017698741361e-02
-2.3489518249118477e-02
-2.2813266009226722e-02
-2.2165712486931759e-02
-2.1546593164925309e-02
-2.0953761853853194e-02
-2.0384933352048627e-02
-1.9840094057121831e-02
-1.9317517982993932e-02
-1.8815180284608851e-02
-1.8333224405284499e-02
-1.7870234717325011e-02
-1.7424441081217115e-02
-1.6996076869367108e-02
-1.6583954705054207e-02
-1.6186551252128180e-02
-1.5804142043097952e-02
-1.5435706271319675e-02
-1.5079957964271650e-02
-1.4737180824260588e-02
-1.4406474033991189e-02
-1.4086778434301206e-02
-1.3778362032792337e-02
-1.3823188013937650e-02
-1.4153015475863891e-02
-1.4495034128946472e-02
-1.4849455190786424e-02
-1.5216572442220294e-02
-1.5597701756742207e-02
-1.5993074185040482e-02
-1.6403235461348739e-02
-1.6829586618068503e-02
-1.7272379990954465e-02
-1.7732485478590871e-02
-1.8211402608874806e-02
-1.8709410131192136e-02
-1.9227789758705174e-02
-1.9768159476545154e-02
-2.0330834957880475e-02
-2.0917617940922086e-02
-2.1530273718282665e-02
-2.2169173181320695e-02
-2.2836773222884126e-02
-2.3535028241800631e-02
-2.4264394279797371e-02
-2.5028154385412518e-02
-2.5828326216227247e-02
-2.6666057003254109e-02
-2.7545116592307232e-02
-2.8467773229103776e-02
-2.9436197631651808e-02
-3.0454673324316721e-02
-3.1525866817042704e-02
-3.2653283731469501e-02
-3.3841901232745941e-02
-3.5094955528105050e-02
-3.6417707870107570e-02
-3.7816091874824757e-02
-3.9294171013502688e-02
-4.0859542778892970e-02
-4.2519360397413754e-02
-4.4279284968979725e-02
-4.6149689631081472e-02
-4.8139237979674794e-02
-5.0257062414463198e-02
-5.2516222546991502e-02
-5.4928058223249344e-02
-5.7506611579431467e-02
-6.0268888309564089e-02
-6.3230276601701857e-02
-6.6411912734135353e-02
-6.9836663213858188e-02
-7.3526477086479303e-02
-7.7512730374095146e-02
-8.1826620619721721e-02
-8.6503171358029096e-02
-9.1586796853461189e-02
-9.7123184632860501e-02
-1.0316808634186098e-01
-1.0978724326854328e-01
-1.1705062163676729e-01
-1.2504816680433437e-01
-1.3387718861062556e-01
-1.4365350305414973e-01
-1.5452502392328327e-01
-1.6665669169452071e-01
-1.8024963102724043e-01
-1.9555036710849058e-01
-2.1284762374615623e-01
-2.3250817468656407e-01
-2.5497888419276121e-01
-2.8081001133257955e-01
-3.1071074772496282e-01
-3.4556727427262013e-01
-3.8652851103024827e-01
-4.3510014452750695e-01
-4.9325148288235998e-01
-5.6366306746912131e-01
-6.4998459452871449e-01
-7.5722966901171262e-01
-8.9257397890055301e-01
-1.0666871833114433e+00
-1.2954908600220523e+00
-1.6036304465600821e+00
-2.0293821963274268e+00
-2.6370002128668624e+00
-3.5300276888034006e+00
-4.8664591247015645e+00
-6.7793116746176159e+00
-8.8041273936278355e+00
-9.3552674171551455e+00
-8.8079890782178207e+00
-8.0990339930008410e+00
-6.3886481532917987e+00
-4.3010758744414517e+00
-2.8591097552481339e+00
-1.9814730224094057e+00
-1.4375890095636612e+00
-1.0850329330012567e+00
-8.4586665607557865e-01
-6.7704607944279960e-01
-5.5388002521676460e-01
-4.7045762267672964e-01
-5.6466947805597789e-01
-6.8916888852764824e-01
-8.5796548991029475e-01
-1.0938836340611078e+00
-1.4350813450729818e+00
-1.9469748819943169e+00
-2.7398031203587951e+00
-3.9558608912527049e+00
-5.4826569670053384e+00
-6.2617128336238892e+00
0.0000000000000000e+00
2.4055929233035767e-01
0.0000000000000000e+00
0.0000000000000000e+00
];
