%Vec Object:sol 1 MPI processes
%  type: mpi
sol = [
0.0000000000000000e+00
-5.9251763920238687e+01
-3.2121875037500203e+01
-1.6342602147383161e+01
-9.3333563826342925e+00
-5.9263308173144456e+00
-4.0659462307625880e+00
-2.9509519894999179e+00
-2.2343061333460992e+00
-1.7479437042304473e+00
-1.4037432351824835e+00
-1.1509008917502670e+00
-9.6020689845696339e-01
-8.1300161769713453e-01
-6.9696629687767353e-01
-6.0391090367466549e-01
-5.2821394767514473e-01
-4.6574397923138300e-01
-4.1360617290890883e-01
-3.6970527979537438e-01
-3.3240101735591426e-01
-3.0038648045731225e-01
-2.7274962145838672e-01
-2.4873547082118860e-01
-2.2771434237592553e-01
-2.0921772725219098e-01
-1.9287187710655321e-01
-1.7834689584875177e-01
-1.6537349831910333e-01
-1.5375595223587157e-01
-1.4331075172106761e-01
-1.3386792168089084e-01
-1.2532151017906501e-01
-1.1756246431183690e-01
-1.1048258354345296e-01
-1.0401619567960636e-01
-9.8097079513642035e-02
-9.2656863042478138e-02
-8.7647761341091465e-02
-8.3029508335765029e-02
-7.8759254531298339e-02
-7.4801476850112819e-02
-7.1132094403527940e-02
-6.7721762345027359e-02
-6.4542333988352463e-02
-6.1579546330707433e-02
-5.8813780313638063e-02
-5.6221971902394384e-02
-5.3796029132015574e-02
-5.1522288958916980e-02
-4.9382748211662282e-02
-4.7371878705737440e-02
-4.5480101955469282e-02
-4.3694238829853640e-02
-4.2009268226310972e-02
-4.0418807462423566e-02
-3.8913087091492334e-02
-3.7487512494752552e-02
-3.6137887854525624e-02
-3.4856885903085159e-02
-3.3640303647657688e-02
-3.2485447766365173e-02
-3.1386758830254789e-02
-3.0340409341392000e-02
-2.9344738436207787e-02
-2.8395477598480306e-02
-2.7489164838754545e-02
-2.6624844778185261e-02
-2.5799197129637672e-02
-2.5009117090245888e-02
-2.4254125145937826e-02
-2.3531600743911273e-02
-2.2838786283533849e-02
-2.2175515822778977e-02
-2.1539686443623810e-02
-2.0928875442646058e-02
-2.0343115599842473e-02
-1.9780687200971030e-02
-1.9239488196720236e-02
-1.8719668468083723e-02
-1.8219791521711440e-02
-1.7738060095817697e-02
-1.7274683487090603e-02
-1.6828433717194117e-02
-1.6397801493780208e-02
-1.5983014824877774e-02
-1.5582998163584209e-02
-1.5196512788002823e-02
-1.4823777127112761e-02
-1.4831665545311465e-02
-1.5144041884773763e-02
-1.5467235248345486e-02
-1.5801336331114406e-02
-1.6146521511173188e-02
-1.6504056899396165e-02
-1.6874029634816382e-02
-1.7256859101533174e-02
-1.7653863777906783e-02
-1.8065123573868601e-02
-1.8491367679786624e-02
-1.8933973473630430e-02
-1.9393012790830333e-02
-1.9869603809273891e-02
-2.0365194450217981e-02
-2.0879851287206128e-02
-2.1415178002484537e-02
-2.1972711128759318e-02
-2.2552520334676859e-02
-2.3156813445810467e-02
-2.3787243412145800e-02
-2.4443899953044933e-02
-2.5129742869298220e-02
-2.5846394018753861e-02
-2.6594560735518649e-02
-2.7377574019589655e-02
-2.8197192968926584e-02
-2.9055041090568754e-02
-2.9954811724082476e-02
-3.0898516638197069e-02
-3.1888955243947803e-02
-3.2930316920923131e-02
-3.4024991382668582e-02
-3.5177299037749535e-02
-3.6392123040549527e-02
-3.7672421230178138e-02
-3.9024507315826247e-02
-4.0454130008836769e-02
-4.1965473364414189e-02
-4.3567137441386482e-02
-4.5265901713766432e-02
-4.7068835801823361e-02
-4.8986562628631498e-02
-5.1027841056708642e-02
-5.3203766371304265e-02
-5.5527944667552960e-02
-5.8012156834170062e-02
-6.0673237965642945e-02
-6.3529224486630093e-02
-6.6596875532618657e-02
-6.9901181455646305e-02
-7.3466370431772704e-02
-7.7319556146262874e-02
-8.1495677741599257e-02
-8.6029962088484846e-02
-9.0965789068090178e-02
-9.6354370228118241e-02
-1.0224938679129472e-01
-1.0872083201332890e-01
-1.1584676539582378e-01
-1.2371606162038012e-01
-1.3244167377719282e-01
-1.4214731395657876e-01
-1.5298700763314044e-01
-1.6515319672875492e-01
-1.7886683607122286e-01
-1.9440962842774709e-01
-2.1212382746083008e-01
-2.3242996520793618e-01
-2.5587096347526017e-01
-2.8312333298066739e-01
-3.1506421154538500e-01
-3.5284271207717299e-01
-3.9795924930107113e-01
-4.5245714697873318e-01
-5.1911555825670797e-01
-6.0180609335908908e-01
-7.0600432860417062e-01
-8.3973207744378009e-01
-1.0151516729009671e+00
-1.2509706685039961e+00
-1.5767581676513833e+00
-2.0401470095682446e+00
-2.7195600466756860e+00
-3.7274316957290732e+00
-5.1403930389807835e+00
-6.5588835839557973e+00
-6.9145100931970536e+00
-6.5666721922165321e+00
-6.1213267918774275e+00
-4.9992706861835030e+00
-3.4891969070343913e+00
-2.3679816171011776e+00
-1.6594316947897170e+00
-1.2117537961349794e+00
-9.1807310085346672e-01
-7.1745566911369918e-01
-5.7521399745901569e-01
-4.7103506286935004e-01
-4.0029023280270848e-01
-4.7992401887085417e-01
-5.8503361156282541e-01
-7.2731440578094442e-01
-9.2553267129790695e-01
-1.2107119744015489e+00
-1.6352813513553544e+00
-2.2821323310780843e+00
-3.2412693663710797e+00
-4.3606788004811960e+00
-4.8780115123776673e+00
0.0000000000000000e+00
1.3464638167935297e-01
0.0000000000000000e+00
0.0000000000000000e+00
];
