%Vec Object:sol 1 MPI processes
%  type: mpi
sol = [
0.0000000000000000e+00
-1.5079554074488975e+01
-1.2147962148613603e+01
-8.3681389995472255e+00
-5.5462376253741104e+00
-3.8004719262099975e+00
-2.7240482261337200e+00
-2.0338668743894068e+00
-1.5697835437682688e+00
-1.2458645354434066e+00
-1.0117143572579854e+00
-8.3721415019733370e-01
-7.0396337867091485e-01
-5.9991287475697752e-01
-5.1724316977603257e-01
-4.5050549719246136e-01
-3.9591107061266007e-01
-3.5068289290629162e-01
-3.1276452933379478e-01
-2.8070786480204207e-01
-2.5336915957591399e-01
-2.2982892492222085e-01
-2.0944573124470847e-01
-1.9168456536259984e-01
-1.7609591814792228e-01
-1.6234532547005542e-01
-1.5016533967085360e-01
-1.3931808315699032e-01
-1.2960880386652293e-01
-1.2089670187831493e-01
-1.1304854927617172e-01
-1.0593987933543232e-01
-9.9494423870502210e-02
-9.3632557646817438e-02
-8.8274348697631941e-02
-8.3372290720239245e-02
-7.8877889645471613e-02
-7.4740327762304312e-02
-7.0925297558878261e-02
-6.7403632413802636e-02
-6.4142256902077963e-02
-6.1114838706406320e-02
-5.8303945083631646e-02
-5.5687064969567865e-02
-5.3243119457450284e-02
-5.0962617479292947e-02
-4.8830912445855523e-02
-4.6830377569593226e-02
-4.4955441608538524e-02
-4.3195901624844359e-02
-4.1537859902891779e-02
-3.9977570447582746e-02
-3.8507891866203917e-02
-3.7118603556315161e-02
-3.5806174768191951e-02
-3.4565899331455312e-02
-3.3390170457745477e-02
-3.2275652000733214e-02
-3.1219311776084422e-02
-3.0215424860610799e-02
-2.9260854786995194e-02
-2.8353723647182933e-02
-2.7489674784946194e-02
-2.6665784617902998e-02
-2.5880969942272684e-02
-2.5131876677039526e-02
-2.4415807151938779e-02
-2.3732220930292553e-02
-2.3078502341774717e-02
-2.2452189379785551e-02
-2.1853106457988759e-02
-2.1279183438559498e-02
-2.0728199593526019e-02
-2.0200217456326448e-02
-1.9693570074214878e-02
-1.9206279554504057e-02
-1.8738556078993364e-02
-1.8289030004952869e-02
-1.7855964494454798e-02
-1.7439652471268441e-02
-1.7038942235561030e-02
-1.6652333472222454e-02
-1.6280155462733124e-02
-1.5921414644319731e-02
-1.5574840722259295e-02
-1.5240766186193248e-02
-1.4918310300312796e-02
-1.4606424815069631e-02
-1.4305422024637240e-02
-1.4370838957919329e-02
-1.4733090380079413e-02
-1.5108990114071279e-02
-1.5498814781077001e-02
-1.5902927469788462e-02
-1.6322753496389449e-02
-1.6758600030958963e-02
-1.7211102351697823e-02
-1.7681790149391641e-02
-1.8171004651602485e-02
-1.8679732560562084e-02
-1.9209624780285085e-02
-1.9761064320386004e-02
-2.0335486243243182e-02
-2.0934687109683926e-02
-2.1559105810705678e-02
-2.2210745882421591e-02
-2.2891584393147046e-02
-2.3602139346727231e-02
-2.4345133435685385e-02
-2.5122774072940012e-02
-2.5935695131587107e-02
-2.6787529964170297e-02
-2.7680590123822287e-02
-2.8616275064655375e-02
-2.9598782616398794e-02
-3.0630735203549378e-02
-3.1714665405085614e-02
-3.2855377465529197e-02
-3.4055974075731195e-02
-3.5320472903883328e-02
-3.6654493637878975e-02
-3.8061819012930882e-02
-3.9548429248220551e-02
-4.1121063638114234e-02
-4.2784484306713257e-02
-4.4547293922815298e-02
-4.6417665155359847e-02
-4.8402202709752318e-02
-5.0512654023754176e-02
-5.2758980043204909e-02
-5.5151706905582500e-02
-5.7705692992400436e-02
-6.0434009659658353e-02
-6.3352747381204000e-02
-6.6481326074752545e-02
-6.9837508402555940e-02
-7.3445448416807904e-02
-7.7331335280401245e-02
-8.1520500175181435e-02
-8.6048774657344784e-02
-9.0951998020131514e-02
-9.6270424211104072e-02
-1.0205489094359804e-01
-1.0835792791930410e-01
-1.1524348094519453e-01
-1.2278691086522649e-01
-1.3106867726624519e-01
-1.4019184102460874e-01
-1.5027243858689787e-01
-1.6144338321943655e-01
-1.7387187867033899e-01
-1.8774769592111987e-01
-2.0330209011823386e-01
-2.2081839091089306e-01
-2.4062876318082529e-01
-2.6315468465534453e-01
-2.8890982317099767e-01
-3.1850411819784580e-01
-3.5274875555076657e-01
-3.9267204433656649e-01
-4.3958795887050334e-01
-4.9521730952664250e-01
-5.6180956676834415e-01
-6.4242370777498725e-01
-7.4122140160372740e-01
-8.6399855964682770e-01
-1.0190580870301127e+00
-1.2181201358235996e+00
-1.4792890261624783e+00
-1.8306244667010778e+00
-2.3162513892532797e+00
-3.0070497757575416e+00
-4.0220340864849433e+00
-5.5399883644856809e+00
-7.7193621778100550e+00
-1.0052803268481773e+01
-1.0674160091508718e+01
-9.9745175431021647e+00
-9.0962441040909638e+00
-7.0595047856553572e+00
-4.6823470608084330e+00
-3.0872767486368020e+00
-2.1305496187203046e+00
-1.5419457812236721e+00
-1.1621952976217087e+00
-9.0516034895453257e-01
-7.2416500698083253e-01
-5.9228060873821553e-01
-5.0303940219456134e-01
-6.0402022423851509e-01
-7.3755286819548238e-01
-9.1879488795865827e-01
-1.1723960380656522e+00
-1.5395023824885723e+00
-2.0922872561613071e+00
-2.9529734872129723e+00
-4.2893748375174461e+00
-6.0145877856761620e+00
-6.9315595330364657e+00
0.0000000000000000e+00
2.4055929233035767e-01
0.0000000000000000e+00
0.0000000000000000e+00
];
