%Vec Object:sol 1 MPI processes
%  type: mpi
sol = [
0.0000000000000000e+00
-1.5172177747312627e+01
-1.2207215258094998e+01
-8.3973320825489850e+00
-5.5607807278948940e+00
-3.8085399293247906e+00
-2.7292026847092132e+00
-2.0372354307874021e+00
-1.5722295237418489e+00
-1.2477149547474049e+00
-1.0131587071279762e+00
-8.3836927386401605e-01
-7.0484247512096443e-01
-6.0064054181122128e-01
-5.1785355270947342e-01
-4.5102326207584065e-01
-3.9635452379061098e-01
-3.5106584594704560e-01
-3.1309756555931750e-01
-2.8099931672732403e-01
-2.5362563217478090e-01
-2.3005567529137666e-01
-2.0964706554677737e-01
-1.9186401749005574e-01
-1.7625639110479524e-01
-1.6248924897630210e-01
-1.5029476649164666e-01
-1.3943474200710798e-01
-1.2971416101517319e-01
-1.2099202620939951e-01
-1.1313493166228847e-01
-1.0601825207806860e-01
-9.9565610525411380e-02
-9.3697277172274204e-02
-8.8333222358041780e-02
-8.3425872872369702e-02
-7.8926671157550310e-02
-7.4784739075659912e-02
-7.0965712387741159e-02
-6.7440222500541103e-02
-6.4173844042240330e-02
-6.1141932275179500e-02
-5.8326986156704147e-02
-5.5707068083358763e-02
-5.3260958080014437e-02
-5.0978460515519720e-02
-4.8844912722398201e-02
-4.6842671990422330e-02
-4.4966156904755167e-02
-4.3205153254613063e-02
-4.1545751809072745e-02
-3.9984199136078827e-02
-3.8513345795242362e-02
-3.7122963026951228e-02
-3.5809514258290667e-02
-3.4568287529765304e-02
-3.3391670182183392e-02
-3.2276321506029507e-02
-3.1219205034684467e-02
-3.0214591554184274e-02
-2.9259341036916100e-02
-2.8351572309029079e-02
-2.7486925532019962e-02
-2.6662474367023146e-02
-2.5877133040113801e-02
-2.5127545078110106e-02
-2.4411010699344059e-02
-2.3726987380390935e-02
-2.3072857628590918e-02
-2.2446157847082874e-02
-2.1846710702951935e-02
-2.1272444654452192e-02
-2.0721137800967453e-02
-2.0192851174222291e-02
-1.9685916731411769e-02
-1.9198355736737185e-02
-1.8730377052736731e-02
-1.8280610188202314e-02
-1.7847317716359005e-02
-1.7430791383351529e-02
-1.7029878832655016e-02
-1.6643079349457721e-02
-1.6270721153543100e-02
-1.5911810183183911e-02
-1.5565075876699188e-02
-1.5230849762293377e-02
-1.4908250739768173e-02
-1.4596230376341649e-02
-1.4295100096174103e-02
-1.4360131568817996e-02
-1.4721767160153771e-02
-1.5097024021368958e-02
-1.5486177598107739e-02
-1.5889589730743205e-02
-1.6308683694196684e-02
-1.6743765295353166e-02
-1.7195468188996595e-02
-1.7665319679249579e-02
-1.8153659407880014e-02
-1.8661471948948283e-02
-1.9190405413173614e-02
-1.9740840957624895e-02
-2.0314210840976000e-02
-2.0912308345967127e-02
-2.1535570182855946e-02
-2.2185996190583299e-02
-2.2865559569712503e-02
-2.3574775730340974e-02
-2.4316362490737514e-02
-2.5092522665920883e-02
-2.5903887004550437e-02
-2.6754082435601106e-02
-2.7645415209757756e-02
-2.8579280306568922e-02
-2.9559867743760827e-02
-3.0589793589969862e-02
-3.1671583957143846e-02
-3.2810033635589597e-02
-3.4008237525433888e-02
-3.5270204107842380e-02
-3.6601541465787979e-02
-3.8006022616224676e-02
-3.9489614857721150e-02
-4.1059043007187893e-02
-4.2719056817429150e-02
-4.4478240893086288e-02
-4.6344749685538859e-02
-4.8325171222204789e-02
-5.0431228299320105e-02
-5.2672858824261981e-02
-5.5060564248669154e-02
-5.7609170879433992e-02
-6.0331719474964678e-02
-6.3244264232631991e-02
-6.6366182260581538e-02
-6.9715194467859468e-02
-7.3315401554237852e-02
-7.7192934107738934e-02
-8.1373064110323190e-02
-8.5891544614846202e-02
-9.0784133651253623e-02
-9.6090993802758679e-02
-1.0186285035871806e-01
-1.0815211398992587e-01
-1.1502258791773846e-01
-1.2254946583479037e-01
-1.3081302604352785e-01
-1.3991610237327554e-01
-1.4997447415075080e-01
-1.6112075970548048e-01
-1.7352179683750582e-01
-1.8736693941866242e-01
-2.0288693800504645e-01
-2.2036450809336261e-01
-2.4013109489730566e-01
-2.6260727244726029e-01
-2.8829488985436841e-01
-3.1780771134349434e-01
-3.5197458628497796e-01
-3.9180755112191590e-01
-4.3861779868681644e-01
-4.9412253995910865e-01
-5.6056660153033755e-01
-6.4100273961485710e-01
-7.3958430081585713e-01
-8.6209582412754981e-01
-1.0168242622504362e+00
-1.2153756874067014e+00
-1.4759911184623062e+00
-1.8265995449398240e+00
-2.3110891540508640e+00
-3.0005130236993924e+00
-4.0133087238141520e+00
-5.5281092505143912e+00
-7.7030634653143490e+00
-1.0031285411258970e+01
-1.0651756380292630e+01
-9.9547299773912972e+00
-9.0794476872097114e+00
-7.0483835317528385e+00
-4.6760697868369494e+00
-3.0835424646325515e+00
-2.1281148216760370e+00
-1.5402514700884000e+00
-1.1609396908171679e+00
-9.0419788945681423e-01
-7.2340286174343116e-01
-5.9166129962098901e-01
-5.0251448163862056e-01
-6.0338339526366180e-01
-7.3677136681310373e-01
-9.1781573322557097e-01
-1.1711326501420782e+00
-1.5378220646647109e+00
-2.0899507901337859e+00
-2.9495642829287787e+00
-4.2840292244220084e+00
-6.0060540146003731e+00
-6.9207420988335731e+00
0.0000000000000000e+00
2.4055929233035767e-01
0.0000000000000000e+00
0.0000000000000000e+00
];
