%Vec Object:sol 1 MPI processes
%  type: mpi
sol = [
0.0000000000000000e+00
-2.7234483927096239e+01
-1.8805894024522186e+01
-1.1206870209453307e+01
-6.8755650665962742e+00
-4.5250898020126433e+00
-3.1689477846719560e+00
-2.3313722524724705e+00
-1.7813107019781984e+00
-1.4032400574094896e+00
-1.1328647513034185e+00
-9.3269128870488638e-01
-7.8088068855978843e-01
-6.6312638639101262e-01
-5.6994067691692818e-01
-4.9496475031420062e-01
-4.3380664925319429e-01
-3.8326743953089215e-01
-3.4099041952888065e-01
-3.0530556586853952e-01
-2.7491633696091233e-01
-2.4879703423905380e-01
-2.2621872426139822e-01
-2.0657573530593465e-01
-1.8936112462127699e-01
-1.7419771651541474e-01
-1.6078425936784235e-01
-1.4885388751159936e-01
-1.3818847031519518e-01
-1.2862982439484941e-01
-1.2002901794877964e-01
-1.1224758109151546e-01
-1.0519983019236404e-01
-9.8797019061298105e-02
-9.2950658666059546e-02
-8.7607507209206306e-02
-8.2713595500821954e-02
-7.8212826802568330e-02
-7.4067012715964400e-02
-7.0243647225154554e-02
-6.6706291846988397e-02
-6.3425868694817158e-02
-6.0382843051075184e-02
-5.7553129835920147e-02
-5.4913548791857399e-02
-5.2452599295549511e-02
-5.0154176703269507e-02
-4.7999172714182171e-02
-4.5981146693387508e-02
-4.4088879103760539e-02
-4.2307394825178292e-02
-4.0632315758443865e-02
-3.9055779439337246e-02
-3.7566803641338201e-02
-3.6161355428645917e-02
-3.4834216152916354e-02
-3.3577232200228575e-02
-3.2386668229155438e-02
-3.1259117859624944e-02
-3.0188457599624116e-02
-2.9171235161744358e-02
-2.8205290947255563e-02
-2.7285973556366853e-02
-2.6410111544571752e-02
-2.5576402639084107e-02
-2.4781271840877528e-02
-2.4021829050185857e-02
-2.3297357670019732e-02
-2.2605074182321536e-02
-2.1942369663694925e-02
-2.1308922030846961e-02
-2.0702532107994959e-02
-2.0120869293224340e-02
-1.9563870521714974e-02
-1.9029768762391409e-02
-1.8516505940157899e-02
-1.8024181832425108e-02
-1.7551348886630434e-02
-1.7096213359707166e-02
-1.6658969286216074e-02
-1.6238404550069991e-02
-1.5832979562196321e-02
-1.5442933958577898e-02
-1.5067228068525684e-02
-1.4704564985988990e-02
-1.4355195453985217e-02
-1.4018204793987155e-02
-1.3692526414854708e-02
-1.3378398062203719e-02
-1.3407481688273923e-02
-1.3712547041868322e-02
-1.4028654626408012e-02
-1.4355961837945273e-02
-1.4694705509591241e-02
-1.5046115552953576e-02
-1.5410360080199855e-02
-1.5787911842274228e-02
-1.6180070111878848e-02
-1.6587013357426870e-02
-1.7009516886193322e-02
-1.7448959691822818e-02
-1.7905533453457415e-02
-1.8380396280577058e-02
-1.8875023032582958e-02
-1.9389625988040705e-02
-1.9925844728701448e-02
-2.0485273738216986e-02
-2.1068159918726431e-02
-2.1676746931486825e-02
-2.2312783871651684e-02
-2.2976576334286326e-02
-2.3671126473836897e-02
-2.4398211335232952e-02
-2.5158776967639931e-02
-2.5956167988992591e-02
-2.6792276700430717e-02
-2.7669085423288220e-02
-2.8590473370194960e-02
-2.9558743438471750e-02
-3.0576976987078456e-02
-3.1649623629603565e-02
-3.2779461647581706e-02
-3.3971158283438371e-02
-3.5229981592581922e-02
-3.6559407035812425e-02
-3.7966202262716846e-02
-3.9456672980460177e-02
-4.1035685113375499e-02
-4.2712474825088678e-02
-4.4494619627055983e-02
-4.6390081826252351e-02
-4.8410423924536400e-02
-5.0565529161518810e-02
-5.2867721893268882e-02
-5.5331986980428141e-02
-5.7971706135031061e-02
-6.0805482785938933e-02
-6.3853386613633351e-02
-6.7134498028259465e-02
-7.0676443762711483e-02
-7.4506489310689913e-02
-7.8655219159092613e-02
-8.3161610261187499e-02
-8.8065524262753353e-02
-9.3415741703587796e-02
-9.9269812627659590e-02
-1.0568872133607846e-01
-1.1275120228149657e-01
-1.2054557726655619e-01
-1.2917279318182096e-01
-1.3876041116134150e-01
-1.4945266771573487e-01
-1.6142556481569878e-01
-1.7489493744555612e-01
-1.9011325054531009e-01
-2.0740163305236059e-01
-2.2715117768968371e-01
-2.4984336451173750e-01
-2.7609925480308506e-01
-3.0669465443638394e-01
-3.4263583144233650e-01
-3.8524201464287183e-01
-4.3620639202831596e-01
-4.9786412657589496e-01
-5.7342821215066286e-01
-6.6734554051124617e-01
-7.8599403717327232e-01
-9.3866380431985552e-01
-1.1393526666795275e+00
-1.4092823286552592e+00
-1.7828834889442358e+00
-2.3164354077507761e+00
-3.0998323778923522e+00
-4.2702992619433244e+00
-5.9345896291638116e+00
-7.6649421885848561e+00
-8.1357256397884363e+00
-7.7062504956102229e+00
-7.1416355654603869e+00
-5.7275465761467768e+00
-3.9188469712725138e+00
-2.6287531485284408e+00
-1.8304973143014489e+00
-1.3317046550087308e+00
-1.0066631136873032e+00
-7.8553406524331681e-01
-6.2913394908835896e-01
-5.1482873109938943e-01
-4.3732307026773004e-01
-5.2458171829768108e-01
-6.3984565931086079e-01
-7.9602583958265749e-01
-1.0138994591841899e+00
-1.3283602980541802e+00
-1.7985516884436883e+00
-2.5218215907025874e+00
-3.6146554901384569e+00
-4.9425469773168489e+00
-5.5900515538591353e+00
0.0000000000000000e+00
2.4055929233035767e-01
0.0000000000000000e+00
0.0000000000000000e+00
];
