%Vec Object:sol 1 MPI processes
%  type: mpi
sol = [
0.0000000000000000e+00
-1.6318996672884147e+01
-1.2929266077814360e+01
-8.7477923719139561e+00
-5.7341900187380821e+00
-3.9044595215019049e+00
-2.7894876187666848e+00
-2.0772464979360135e+00
-1.6012945489192427e+00
-1.2696644362880543e+00
-1.0298217888901622e+00
-8.5137432064230234e-01
-7.1530599440970410e-01
-6.0930654987984789e-01
-5.2512688671504759e-01
-4.5719644895190725e-01
-4.0164473306505133e-01
-3.5563696344197071e-01
-3.1707519421649877e-01
-2.8448294885632436e-01
-2.5666767394833007e-01
-2.3272418637959519e-01
-2.1199875222753053e-01
-1.9394497917195935e-01
-1.7810419524560672e-01
-1.6413507808490049e-01
-1.5176475527240049e-01
-1.4075075594963771e-01
-1.3089462980870772e-01
-1.2205278748321215e-01
-1.1408952323739742e-01
-1.0687819198737164e-01
-1.0034100851377228e-01
-9.4396915193851877e-02
-8.8964662234588016e-02
-8.3995825173552641e-02
-7.9441051075413216e-02
-7.5248712216244615e-02
-7.1383890519090012e-02
-6.7816893150638685e-02
-6.4514129665995679e-02
-6.1448843839233838e-02
-5.8603260297503970e-02
-5.5955158013530501e-02
-5.3483059639308994e-02
-5.1176590758708451e-02
-4.9020897010016828e-02
-4.6998144663860569e-02
-4.5102632473522433e-02
-4.3324011850993403e-02
-4.1648235055162589e-02
-4.0071461107910294e-02
-3.8586444685095492e-02
-3.7182858825694588e-02
-3.5857098151724422e-02
-3.4604381867709678e-02
-3.3417026585064534e-02
-3.2291637463926152e-02
-3.1225127249185275e-02
-3.0211715000050859e-02
-2.9248218278213188e-02
-2.8332717292088607e-02
-2.7460813818706103e-02
-2.6629548533854637e-02
-2.5837805367965903e-02
-2.5082198979296869e-02
-2.4360004191960823e-02
-2.3670653960853754e-02
-2.3011508789646418e-02
-2.2380085843571169e-02
-2.1776187320940089e-02
-2.1197724717080015e-02
-2.0642461846430288e-02
-2.0110442179357320e-02
-1.9599984488571733e-02
-1.9109099679993680e-02
-1.8637981209892795e-02
-1.8185248308412311e-02
-1.7749156235658210e-02
-1.7329982995479037e-02
-1.6926568255402893e-02
-1.6537406268155513e-02
-1.6162812865708229e-02
-1.5801787899564209e-02
-1.5453057392670605e-02
-1.5116941650092221e-02
-1.4792555093086916e-02
-1.4478846911219059e-02
-1.4176118364154871e-02
-1.4236579074246677e-02
-1.4590980980457302e-02
-1.4958684500306347e-02
-1.5339951042178784e-02
-1.5735127560045404e-02
-1.6145613297612490e-02
-1.6571697770732825e-02
-1.7013995329950245e-02
-1.7474005129340092e-02
-1.7952047844135920e-02
-1.8449082795124149e-02
-1.8966725090453104e-02
-1.9505333712359865e-02
-2.0066307698346397e-02
-2.0651401539162867e-02
-2.1261025822597486e-02
-2.1897136619230591e-02
-2.2561661292755740e-02
-2.3255084164171391e-02
-2.3980065376059734e-02
-2.4738753180386559e-02
-2.5531740858134772e-02
-2.6362579340995406e-02
-2.7233511834262657e-02
-2.8145879853007368e-02
-2.9103780877965453e-02
-3.0109755313142243e-02
-3.1166252205280087e-02
-3.2277954203405838e-02
-3.3447863372100907e-02
-3.4679878878551590e-02
-3.5979470985276027e-02
-3.7350296810730564e-02
-3.8798170032721180e-02
-4.0329643343161851e-02
-4.1949318857503672e-02
-4.3665566467094810e-02
-4.5486323788672324e-02
-4.7417979815623700e-02
-4.9471964363927805e-02
-5.1657940794010510e-02
-5.3986116361527739e-02
-5.6470935382430094e-02
-5.9125073821626351e-02
-6.1964153531028472e-02
-6.5007041607072436e-02
-6.8270960721569837e-02
-7.1779374862931664e-02
-7.5557805381214746e-02
-7.9629419014786665e-02
-8.4028801151348337e-02
-8.8791815193208695e-02
-9.3957453274064934e-02
-9.9575003615042318e-02
-1.0569534119014022e-01
-1.1238042904240267e-01
-1.1970329786689946e-01
-1.2774185837465035e-01
-1.3659598437224030e-01
-1.4637807890415949e-01
-1.5721686044601621e-01
-1.6927432661408826e-01
-1.8273426124433254e-01
-1.9782064649483480e-01
-2.1480791738526689e-01
-2.3401771949425054e-01
-2.5585826873241124e-01
-2.8082700572514818e-01
-3.0953649079846191e-01
-3.4277570807066599e-01
-3.8153063261786579e-01
-4.2707904576086864e-01
-4.8109489046816867e-01
-5.4576711508277742e-01
-6.2406880761985151e-01
-7.1988042500244498e-01
-8.3893540197783789e-01
-9.8928099003089376e-01
-1.1826257346173079e+00
-1.4365936296610990e+00
-1.7778544399670519e+00
-2.2493185834738791e+00
-2.9218565529880354e+00
-3.9085570867543300e+00
-5.3851695388706542e+00
-7.5060841793926301e+00
-9.7706959112866585e+00
-1.0375992220147570e+01
-9.7138427258058204e+00
-8.8743943911582726e+00
-6.9121540418312568e+00
-4.5990126061776477e+00
-3.0376508738807169e+00
-2.0981744616547084e+00
-1.5194058773563730e+00
-1.1454873464172934e+00
-8.9234935655044467e-01
-7.1401775317001548e-01
-5.8403325271635798e-01
-4.9601188588340350e-01
-5.9553712157572336e-01
-7.2714021502895276e-01
-9.0574541448491142e-01
-1.1555180215379071e+00
-1.5170967982132713e+00
-2.0611226820062023e+00
-2.9074669972787235e+00
-4.2180239147889163e+00
-5.9007259910578540e+00
-6.7873750324494289e+00
0.0000000000000000e+00
2.4055929233035767e-01
0.0000000000000000e+00
0.0000000000000000e+00
];
