%Vec Object:sol 1 MPI processes
%  type: mpi
sol = [
0.0000000000000000e+00
-1.5838393373617299e+01
-1.2629255426307184e+01
-8.6033458886221741e+00
-5.6629777372295171e+00
-3.8651315543871685e+00
-2.7653514146811999e+00
-2.0608432595021329e+00
-1.5893758392520803e+00
-1.2606899925427175e+00
-1.0232292705544916e+00
-8.4610506514045725e-01
-7.1101049515307135e-01
-6.0574784971542528e-01
-5.2213915356245422e-01
-4.5465983741528671e-01
-3.9947025560922234e-01
-3.5375745716167084e-01
-3.1543917951779959e-01
-2.8304930467801720e-01
-2.5543027000050911e-01
-2.3165179719906204e-01
-2.1106484960312061e-01
-1.9312823288917091e-01
-1.7738753398467819e-01
-1.6349500827459579e-01
-1.5119008551774860e-01
-1.4023367826015179e-01
-1.3042852270176170e-01
-1.2163191961959746e-01
-1.1370896771706011e-01
-1.0653373941861197e-01
-1.0002893949671054e-01
-9.4113982964582024e-02
-8.8708062093199092e-02
-8.3763054106156976e-02
-7.9229892912680774e-02
-7.5057225831993701e-02
-7.1210339699377345e-02
-6.7659718769004312e-02
-6.4371949212358198e-02
-6.1320419883748659e-02
-5.8487467773231820e-02
-5.5850988343339319e-02
-5.3389610144364150e-02
-5.1093031879881588e-02
-4.8946477955565976e-02
-4.6932193401308622e-02
-4.5044525877585465e-02
-4.3273182006550844e-02
-4.1604171239575556e-02
-4.0033688315275179e-02
-3.8554527293386799e-02
-3.7156401780948346e-02
-3.5835734529711172e-02
-3.4587772986607188e-02
-3.3404862994433009e-02
-3.2283631892540382e-02
-3.1221013233577309e-02
-3.0211247462294397e-02
-2.9251169558571412e-02
-2.8338875525477446e-02
-2.7469983014319726e-02
-2.6641546282573935e-02
-2.5852461629005709e-02
-2.5099355654206148e-02
-2.4379513667772815e-02
-2.3692378617781954e-02
-2.3035320113112077e-02
-2.2405863288098970e-02
-2.1803818669331107e-02
-2.1227104774139059e-02
-2.0673491356950374e-02
-2.0143029024462012e-02
-1.9634042010319777e-02
-1.9144545547730329e-02
-1.8674739348153353e-02
-1.8223246902870735e-02
-1.7788326544914721e-02
-1.7370261855178606e-02
-1.6967895812482685e-02
-1.6579724799453011e-02
-1.6206069674973973e-02
-1.5845932823513889e-02
-1.5498041725661207e-02
-1.5162721241735835e-02
-1.4839087664341701e-02
-1.4526091205176743e-02
-1.4224037251369054e-02
-1.4286369415220879e-02
-1.4643717017956928e-02
-1.5014496869064628e-02
-1.5398976146362417e-02
-1.5797507917679421e-02
-1.6211501224996906e-02
-1.6641252282861736e-02
-1.7087383357446043e-02
-1.7551405092653939e-02
-1.8033645966091465e-02
-1.8535075641252900e-02
-1.9057322709934276e-02
-1.9600755280588425e-02
-2.0166785985713094e-02
-2.0757185179285164e-02
-2.1372374204350175e-02
-2.2014327033595977e-02
-2.2684989790285742e-02
-2.3384859599922286e-02
-2.4116620189288288e-02
-2.4882442158099167e-02
-2.5682934223007527e-02
-2.6521678389257966e-02
-2.7400943712030636e-02
-2.8322093688137959e-02
-2.9289263660767652e-02
-3.0305025079538549e-02
-3.1371858629200590e-02
-3.2494492877402900e-02
-3.3675968000155238e-02
-3.4920228004145987e-02
-3.6232799624306887e-02
-3.7617387579903822e-02
-3.9079868535429517e-02
-4.0626865755229738e-02
-4.2263042013597631e-02
-4.3996855223255388e-02
-4.5836331960208761e-02
-4.7787942993938841e-02
-4.9863238267348203e-02
-5.2071993852966916e-02
-5.4424537746102432e-02
-5.6935471114928742e-02
-5.9617619682500136e-02
-6.2486782805161324e-02
-6.5562036925276415e-02
-6.8860809392229397e-02
-7.2406826100951296e-02
-7.6225806017366032e-02
-8.0342604760840514e-02
-8.4792423768246195e-02
-8.9610449644402596e-02
-9.4836202402252739e-02
-1.0051961689951408e-01
-1.0671226639208881e-01
-1.1347695117285417e-01
-1.2088768888631363e-01
-1.2902348187259810e-01
-1.3798556625082595e-01
-1.4788758473704527e-01
-1.5885143850735500e-01
-1.7104784091396683e-01
-1.8466298765767486e-01
-1.9992341450955214e-01
-2.1710666467284664e-01
-2.3653802582045219e-01
-2.5863028759447410e-01
-2.8388643870094943e-01
-3.1292583017236325e-01
-3.4654610507924505e-01
-3.8574398075166666e-01
-4.3181101520656962e-01
-4.8643899942891200e-01
-5.5183994382499402e-01
-6.3102262202677073e-01
-7.2808150060546828e-01
-8.4858683329862550e-01
-1.0006113402327053e+00
-1.1960818598277740e+00
-1.4527908549901245e+00
-1.7982628607146183e+00
-2.2747325577422211e+00
-2.9544220612126710e+00
-3.9517285579515171e+00
-5.4441530809132015e+00
-7.5876427713670251e+00
-9.8785993698877252e+00
-1.0490522906079686e+01
-9.8139138432880770e+00
-8.9597067825488832e+00
-6.9689334810808727e+00
-4.6311649498137353e+00
-3.0568100974421690e+00
-2.1106780094614810e+00
-1.5281135446561900e+00
-1.1519429281670355e+00
-8.9730012030938477e-01
-7.1793970340485547e-01
-5.8722129029384207e-01
-4.9872965388504731e-01
-5.9881681552057342e-01
-7.3116643083557364e-01
-9.1079194276006281e-01
-1.1620469956391384e+00
-1.5257642126195716e+00
-2.0731806551831586e+00
-2.9250867015125399e+00
-4.2456415427204153e+00
-5.9447858890676608e+00
-6.8431298990958309e+00
0.0000000000000000e+00
2.4055929233035767e-01
0.0000000000000000e+00
0.0000000000000000e+00
];
