%Vec Object:sol 1 MPI processes
%  type: mpi
sol = [
0.0000000000000000e+00
-1.5898599374658350e+01
-1.2667040785319456e+01
-8.6216291517483796e+00
-5.6720116809926591e+00
-3.8701256782717590e+00
-2.7685410823576198e+00
-2.0629251010591241e+00
-1.5908882887120130e+00
-1.2618348469402330e+00
-1.0240657321249249e+00
-8.4677349069817187e-01
-7.1155528364071996e-01
-6.0619909944588191e-01
-5.2251792658126206e-01
-4.5498135349972618e-01
-3.9974581445452428e-01
-3.5399558639420642e-01
-3.1564641493638090e-01
-2.8323079415674540e-01
-2.5559009523951842e-01
-2.3179320726171729e-01
-2.1119050697470321e-01
-1.9324031997482544e-01
-1.7747980661920112e-01
-1.6357589645249926e-01
-1.5126268465248582e-01
-1.4029897882009187e-01
-1.3048736461156146e-01
-1.2168502978616375e-01
-1.1375697098154457e-01
-1.0657716964335925e-01
-1.0006826830893926e-01
-9.4149622030035879e-02
-8.8740367048140478e-02
-8.3792342273685608e-02
-7.9256445222783772e-02
-7.5081288359227907e-02
-7.1232132514709071e-02
-6.7679439467160873e-02
-6.4389773007302892e-02
-6.1336503596190022e-02
-5.8501953953498553e-02
-5.5864004779642373e-02
-5.3401271214327986e-02
-5.1103442665859727e-02
-4.8955733556436183e-02
-4.6940378955345717e-02
-4.5051720297401406e-02
-4.3279457206625987e-02
-4.1609591908085178e-02
-4.0038314592643391e-02
-3.8558414327046542e-02
-3.7159599594180810e-02
-3.5838289568857248e-02
-3.4589728114906682e-02
-3.3406257383940076e-02
-3.2284501899038510e-02
-3.1221392570482263e-02
-3.0211167143237322e-02
-2.9250658388801681e-02
-2.8337960302263099e-02
-2.7468688531325749e-02
-2.6639895614334632e-02
-2.5850476275779816e-02
-2.5097055609209763e-02
-2.4376917599445387e-02
-2.3689503921085039e-02
-2.3032183034225807e-02
-2.2402479068478386e-02
-2.1800201487981789e-02
-2.1223267924344799e-02
-2.0669447384984673e-02
-2.0138789565412075e-02
-1.9629618010721189e-02
-1.9139947411595273e-02
-1.8669976680331664e-02
-1.8218328771254729e-02
-1.7783261633616227e-02
-1.7365058135549505e-02
-1.6962560839007951e-02
-1.6574265861886338e-02
-1.6200493420552346e-02
-1.5840245581094179e-02
-1.5492249643936746e-02
-1.5156829887224591e-02
-1.4833102368990696e-02
-1.4520017175203171e-02
-1.4217879165630413e-02
-1.4279973438070253e-02
-1.4636945246991363e-02
-1.5007332675842026e-02
-1.5391402170720858e-02
-1.5789506023669936e-02
-1.6203052027552289e-02
-1.6632335547559180e-02
-1.7077977844415716e-02
-1.7541488098260456e-02
-1.8023193797674638e-02
-1.8524063291412020e-02
-1.9045723454557337e-02
-1.9588541239055519e-02
-2.0153927548320336e-02
-2.0743650717812812e-02
-2.1358130727959362e-02
-2.1999339273809013e-02
-2.2669220092817209e-02
-2.3368268688565973e-02
-2.4099165786748165e-02
-2.4864079146290085e-02
-2.5663615528916744e-02
-2.6501352985566298e-02
-2.7379557287659201e-02
-2.8299589144446261e-02
-2.9265579082950112e-02
-3.0280094610715933e-02
-3.1345612396579667e-02
-3.2466855170043898e-02
-3.3646858269405097e-02
-3.4889560006676611e-02
-3.6200479939860565e-02
-3.7583316747629769e-02
-3.9043939092821521e-02
-4.0588961274342208e-02
-4.2223038370460896e-02
-4.3954617110706556e-02
-4.5791712774098901e-02
-4.7740785754736940e-02
-4.9813370734740944e-02
-5.2019229479067348e-02
-5.4368674643604384e-02
-5.6876287506982821e-02
-5.9554874772293986e-02
-6.2420213264018136e-02
-6.5491352847098963e-02
-6.8785694894322597e-02
-7.2326932161257185e-02
-7.6140747207840948e-02
-8.0251958797751322e-02
-8.4695719583928825e-02
-8.9507165598995575e-02
-9.4725759976821575e-02
-1.0040136762923707e-01
-1.0658548766197937e-01
-1.1334083154404757e-01
-1.2074131284400438e-01
-1.2886582083525541e-01
-1.3781521615206965e-01
-1.4769579581040335e-01
-1.5864349801040642e-01
-1.7082225196192688e-01
-1.8441768478457335e-01
-1.9965600844598641e-01
-2.1681437206079665e-01
-2.3621760162783803e-01
-2.5827790704622350e-01
-2.8349757391560049e-01
-3.1249509285935406e-01
-3.4606700995155204e-01
-3.8520868194319979e-01
-4.3120992228144478e-01
-4.8576026233519271e-01
-5.5106879366760619e-01
-6.3014037590439342e-01
-7.2706423172280765e-01
-8.4736141618283845e-01
-9.9917312409293313e-01
-1.1943743041131698e+00
-1.4507361421169525e+00
-1.7957085943406201e+00
-2.2715102412296528e+00
-2.9503327804329178e+00
-3.9462607642143475e+00
-5.4366890676027948e+00
-7.5773623595068136e+00
-9.8649740911057791e+00
-1.0476074441017630e+01
-9.8013034442747813e+00
-8.9489655375949955e+00
-6.9617921723593117e+00
-4.6271236205194821e+00
-3.0544026613315487e+00
-2.1091071288864640e+00
-1.5270197026903927e+00
-1.1511320294268725e+00
-8.9667828960605045e-01
-7.1744712277876432e-01
-5.8682090472822135e-01
-4.9838832976688258e-01
-5.9840493746997181e-01
-7.3066082757543516e-01
-9.1015824989035565e-01
-1.1612271840640234e+00
-1.5246759892487385e+00
-2.0716668622641308e+00
-2.9228765677084625e+00
-4.2421749331105518e+00
-5.9392544458306693e+00
-6.8361274504051064e+00
0.0000000000000000e+00
2.4055929233035767e-01
0.0000000000000000e+00
0.0000000000000000e+00
];
