%Vec Object:sol 1 MPI processes
%  type: mpi
sol = [
0.0000000000000000e+00
-1.5274548270710685e+01
-1.2272538420846246e+01
-8.4294381159275424e+00
-5.5767572385673310e+00
-3.8173988782021682e+00
-2.7348622068452859e+00
-2.0409334150584919e+00
-1.5749148880994754e+00
-1.2497466272885887e+00
-1.0147446595211329e+00
-8.3963774647338041e-01
-7.0580772984008300e-01
-6.0143959423046556e-01
-5.1852387248468668e-01
-4.5159191783639069e-01
-3.9684160590179818e-01
-3.5148651249644652e-01
-3.1346343196945436e-01
-2.8131952859162451e-01
-2.5390743922892473e-01
-2.3030484788794225e-01
-2.0986833072614658e-01
-1.9206125429222282e-01
-1.7643278628777617e-01
-1.6264746985583503e-01
-1.5043706623166817e-01
-1.3956301895548612e-01
-1.2983002494714441e-01
-1.2109687028020473e-01
-1.1322995361228470e-01
-1.0610447552849246e-01
-9.9643939781148119e-02
-9.3768501686203320e-02
-8.8398021678972677e-02
-8.3484919055885690e-02
-7.8979234159801015e-02
-7.4830278270853992e-02
-7.1005003113394694e-02
-6.7474107852329310e-02
-6.4204392163249441e-02
-6.1169420486944799e-02
-5.8351666382941467e-02
-5.5729166146735967e-02
-5.3280676141052627e-02
-5.0995984145226554e-02
-4.8860409831171660e-02
-4.6856292982829839e-02
-4.4978041031222105e-02
-4.3215427383644749e-02
-4.1554530143969828e-02
-3.9991587726693832e-02
-3.8519441852702160e-02
-3.7127854789586863e-02
-3.5813283576713345e-02
-3.4571009898285543e-02
-3.3393414636687331e-02
-3.2277152073860012e-02
-3.1219181043148230e-02
-3.0213767609897503e-02
-2.9257767836391176e-02
-2.8349296965896120e-02
-2.7483991658538414e-02
-2.6658922546125674e-02
-2.5873001036290498e-02
-2.5122868023667033e-02
-2.4405821404483621e-02
-2.3721316367947096e-02
-2.3066733416077081e-02
-2.2439607201580492e-02
-2.1839758477755020e-02
-2.1265114157831350e-02
-2.0713451049111035e-02
-2.0184828538352653e-02
-1.9677577382910160e-02
-1.9189717916913644e-02
-1.8721457557988555e-02
-1.8271424880816598e-02
-1.7837881808024102e-02
-1.7421118796059471e-02
-1.7019982765189970e-02
-1.6632972558068230e-02
-1.6260415231795521e-02
-1.5901316174750227e-02
-1.5554404529052141e-02
-1.5220010769869140e-02
-1.4897253394996059e-02
-1.4585083767950898e-02
-1.4283812359848812e-02
-1.4348420608644150e-02
-1.4709380949284364e-02
-1.5083932879384502e-02
-1.5472350552376691e-02
-1.5874994436698358e-02
-1.6293285568129298e-02
-1.6727528254874578e-02
-1.7178354368294058e-02
-1.7647288593744138e-02
-1.8134668829385917e-02
-1.8641477312034378e-02
-1.9169359086726012e-02
-1.9718693273341165e-02
-2.0290909052081738e-02
-2.0887796107054830e-02
-2.1509788750148029e-02
-2.2158882761338951e-02
-2.2837047094298849e-02
-2.3544794306221015e-02
-2.4284836864532821e-02
-2.5059372534568802e-02
-2.5869028628142117e-02
-2.6717425022684888e-02
-2.7606862143720403e-02
-2.8538730051460261e-02
-2.9517210186327435e-02
-3.0544911633169077e-02
-3.1624353396929379e-02
-3.2760319885352281e-02
-3.3955897436870768e-02
-3.5215084438672599e-02
-3.6543476226914541e-02
-3.7944835137147880e-02
-3.9425114273392438e-02
-4.0991022547794645e-02
-4.2647296114234977e-02
-4.4402499732968545e-02
-4.6264767838186456e-02
-4.8240670124164928e-02
-5.0341902315856543e-02
-5.2578377001325755e-02
-5.4960568500521015e-02
-5.7503267876934237e-02
-6.0219482257999717e-02
-6.3125225972361004e-02
-6.6239829081998672e-02
-6.9580966598049063e-02
-7.3172680584058972e-02
-7.7041037246651567e-02
-8.1211243485322535e-02
-8.5718966069182292e-02
-9.0599873693969893e-02
-9.5894028499291753e-02
-1.0165203218855860e-01
-1.0792616456156424e-01
-1.1478007217584377e-01
-1.2228876475266881e-01
-1.3053232134394446e-01
-1.3961332612932320e-01
-1.4964727568999545e-01
-1.6076646360084706e-01
-1.7313732597961062e-01
-1.8694875755882415e-01
-2.0243095388681884e-01
-2.1986595491009947e-01
-2.3958441413669479e-01
-2.6199978706339244e-01
-2.8760400492671717e-01
-3.1704277598460806e-01
-3.5112417315327654e-01
-3.9085784391172129e-01
-4.3755191995982795e-01
-4.9291965048803454e-01
-5.5920074977681222e-01
-6.3944112456542090e-01
-7.3778495692012158e-01
-8.6000425641736411e-01
-1.0143282693279281e+00
-1.2123590311880894e+00
-1.4723655209067448e+00
-1.8221738446167934e+00
-2.3054125043588556e+00
-2.9933226933236723e+00
-4.0037087005391845e+00
-5.5150343933178840e+00
-7.6851141452437313e+00
-1.0007574685453545e+01
-1.0627059473065016e+01
-9.9329049869267685e+00
-9.0609155118336808e+00
-7.0361080316255018e+00
-4.6691395463160612e+00
-3.0794194086918734e+00
-2.1254264932828635e+00
-1.5383807043639721e+00
-1.1595533475789903e+00
-9.0313522327757079e-01
-7.2256137532631992e-01
-5.9097752915918911e-01
-5.0193167781240400e-01
-6.0268032919761627e-01
-7.3590858416950145e-01
-9.1673473852529908e-01
-1.1697345341403746e+00
-1.5359669850943274e+00
-2.0873712525996795e+00
-2.9458002096384837e+00
-4.2781270627481023e+00
-5.9966325326251280e+00
-6.9088015946783532e+00
0.0000000000000000e+00
2.4055929233035767e-01
0.0000000000000000e+00
0.0000000000000000e+00
];
