%Vec Object:sol 1 MPI processes
%  type: mpi
sol = [
0.0000000000000000e+00
-1.5961272626078054e+01
-1.2706310389149341e+01
-8.6406003132723086e+00
-5.6813774314176051e+00
-3.8753003396846517e+00
-2.7717929012112896e+00
-2.0650821966941071e+00
-1.5924555576922634e+00
-1.2630213128954966e+00
-1.0249325832570746e+00
-8.4746627020877696e-01
-7.1211997582066400e-01
-6.0666687898857530e-01
-5.2291060989007732e-01
-4.5531470637613614e-01
-4.0003154271729541e-01
-3.5424252464244965e-01
-3.1586133456246174e-01
-2.8341902895235882e-01
-2.5575587453985071e-01
-2.3193989776363211e-01
-2.1132086777906672e-01
-1.9335082743360088e-01
-1.7757357642447177e-01
-1.6365985333514360e-01
-1.5133804760729461e-01
-1.4036677432565423e-01
-1.3054846315116486e-01
-1.2174018476125739e-01
-1.1380683002995606e-01
-1.0662228610523959e-01
-1.0010913105850379e-01
-9.4186657803805376e-02
-8.8773944499006177e-02
-8.3822790364912622e-02
-7.9284055203434553e-02
-7.5106315342214985e-02
-7.1254804666927851e-02
-6.7699961665688813e-02
-6.4408326924962456e-02
-6.1353251838801685e-02
-5.8517044342782265e-02
-5.5877569831740311e-02
-5.3413429537613757e-02
-5.1114303241643365e-02
-4.8965395015326305e-02
-4.6948929593003258e-02
-4.5059241964354263e-02
-4.3286024497759951e-02
-4.1615271917803481e-02
-4.0043169707468206e-02
-3.8562501756956198e-02
-3.7162971229868891e-02
-3.5840993596286543e-02
-3.4591809006013101e-02
-3.3407755778466747e-02
-3.2285455518316998e-02
-3.1221836397730247e-02
-3.0211133358422518e-02
-2.9250176882194997e-02
-2.8337058884092436e-02
-2.7467392931233656e-02
-2.6638229778500631e-02
-2.5848462520197988e-02
-2.5094714684807361e-02
-2.4374268881897098e-02
-2.3686565467846862e-02
-2.3028971709630600e-02
-2.2399010693091897e-02
-2.1796490782955018e-02
-2.1219328690816424e-02
-2.0665292647370829e-02
-2.0134431405498959e-02
-1.9625067794975255e-02
-1.9135215941771398e-02
-1.8665073931601710e-02
-1.8213264160833405e-02
-1.7778044178707753e-02
-1.7359696116211108e-02
-1.6957062101974882e-02
-1.6568637977507066e-02
-1.6194743294686297e-02
-1.5834379788475815e-02
-1.5486274570827999e-02
-1.5150751317782516e-02
-1.4826925843168878e-02
-1.4513748101205206e-02
-1.4211522406199887e-02
-1.4273370204401553e-02
-1.4629953136551911e-02
-1.4999934469068648e-02
-1.5383579889430253e-02
-1.5781240885506531e-02
-1.6194323957331083e-02
-1.6623123589454242e-02
-1.7068260000722795e-02
-1.7531240855950998e-02
-1.8012392618189391e-02
-1.8512682274156405e-02
-1.9033734921422428e-02
-1.9575916312619363e-02
-2.0140635560214833e-02
-2.0729658909272600e-02
-2.1343404927077644e-02
-2.1983842949824077e-02
-2.2652914243782896e-02
-2.3351112630396600e-02
-2.4081115727461119e-02
-2.4845088351003068e-02
-2.5643635235193370e-02
-2.6480330335987030e-02
-2.7357436022331073e-02
-2.8276310113563945e-02
-2.9241078148570340e-02
-3.0254303549766815e-02
-3.1318458823922438e-02
-3.2438260653052040e-02
-3.3616739361750837e-02
-3.4857827361138134e-02
-3.6167036774026461e-02
-3.7548060018250534e-02
-3.9006757466077950e-02
-4.0549734127301500e-02
-4.2181637103167052e-02
-4.3910901536667706e-02
-4.5745531000741670e-02
-4.7691975135443522e-02
-4.9761752811404381e-02
-5.1964610966198602e-02
-5.4310846358323707e-02
-5.6815019657129394e-02
-5.9489917853471692e-02
-6.2351294421625909e-02
-6.5418171684979959e-02
-6.8707924092885786e-02
-7.2244210058284547e-02
-7.6052674411595592e-02
-8.0158097715938972e-02
-8.4595582067998651e-02
-8.9400211085031864e-02
-9.4611388947537303e-02
-1.0027890807448124e-01
-1.0645419071455332e-01
-1.1319985632859539e-01
-1.2058971050237498e-01
-1.2870192486619794e-01
-1.3763139499716329e-01
-1.4749685731450499e-01
-1.5842813741718309e-01
-1.7058860628274644e-01
-1.8416361357536262e-01
-1.9937903564988008e-01
-2.1651161315275819e-01
-2.3588569353855079e-01
-2.5791288577566202e-01
-2.8309474663082762e-01
-3.1204887479884891e-01
-3.4557067914716566e-01
-3.8465410590099697e-01
-4.3058715982576862e-01
-4.8505702953049218e-01
-5.5026978015097150e-01
-6.2922621285006952e-01
-7.2601011325688614e-01
-8.4609165063102476e-01
-9.9768276953895418e-01
-1.1926047289005637e+00
-1.4486066424827619e+00
-1.7930204027087908e+00
-2.2681704939366063e+00
-2.9460931739482263e+00
-3.9405904167586945e+00
-5.4289458925978362e+00
-7.5666928165812415e+00
-9.8508268900237077e+00
-1.0461066842093333e+01
-9.7881998491367188e+00
-8.9378008816852681e+00
-6.9543669412097415e+00
-4.6229208189439488e+00
-3.0518988080686320e+00
-2.1074732642406868e+00
-1.5258819622265765e+00
-1.1502885779522312e+00
-8.9603148457339798e-01
-7.1693475208003121e-01
-5.8640442895802236e-01
-4.9803329025498366e-01
-5.9797650492216503e-01
-7.3013489665917841e-01
-9.0949907009023279e-01
-1.1603743934562207e+00
-1.5235439624820590e+00
-2.0700921033421955e+00
-2.9205773405946478e+00
-4.2385685283675389e+00
-5.9335002387009643e+00
-6.8288438445459674e+00
0.0000000000000000e+00
2.4055929233035767e-01
0.0000000000000000e+00
0.0000000000000000e+00
];
