%Vec Object:sol 1 MPI processes
%  type: mpi
sol = [
0.0000000000000000e+00
-8.3425448080626737e+01
-3.6282127959465768e+01
-1.6962755449518305e+01
-9.4119289340500334e+00
-5.9008476028361567e+00
-4.0199628008967894e+00
-2.9048573570682295e+00
-2.1921178927203142e+00
-1.7108175309182754e+00
-1.3706690270548918e+00
-1.1217042256968250e+00
-9.3430494944991327e-01
-7.8975338697452591e-01
-6.7588307644881129e-01
-5.8467381350750269e-01
-5.1056254174262772e-01
-4.4952720375302047e-01
-3.9862324929471377e-01
-3.5579221824428259e-01
-3.1942261072291767e-01
-2.8821417691685708e-01
-2.6129001066090429e-01
-2.3791288596568599e-01
-2.1746388527054772e-01
-1.9948342128978638e-01
-1.8360509054062457e-01
-1.6950525095359914e-01
-1.5691993075950850e-01
-1.4565765053580712e-01
-1.3553868646069467e-01
-1.2639655815672254e-01
-1.1812779684152326e-01
-1.1062573984684322e-01
-1.0378458263772060e-01
-9.7540216938335395e-02
-9.1827958821399921e-02
-8.6581003902410553e-02
-8.1753634308024070e-02
-7.7306901303391351e-02
-7.3197546896598437e-02
-6.9391012580218042e-02
-6.5863819860359635e-02
-6.2587435438733408e-02
-5.9534543710824825e-02
-5.6691199512678078e-02
-5.4038334997662807e-02
-5.1553648558218139e-02
-4.9229167421128692e-02
-4.7051616102424407e-02
-4.5003648468736668e-02
-4.3079784796172034e-02
-4.1270716010181376e-02
-3.9563775777644042e-02
-3.7954015860621061e-02
-3.6435213974272622e-02
-3.4998003226301144e-02
-3.3637888011922544e-02
-3.2350572134259382e-02
-3.1129173231064178e-02
-2.9969686568673035e-02
-2.8869433272517991e-02
-2.7823102053517262e-02
-2.6827005205225751e-02
-2.5879451863132574e-02
-2.4976371388270614e-02
-2.4114455021422534e-02
-2.3292685275959013e-02
-2.2507901091331384e-02
-2.1757158700963522e-02
-2.1039893737634246e-02
-2.0353615510609550e-02
-1.9695729810639828e-02
-1.9065970649128836e-02
-1.8462343191957560e-02
-1.7882585475101024e-02
-1.7326621000716289e-02
-1.6792822544550768e-02
-1.6279241546377474e-02
-1.5785914284196539e-02
-1.5311486296447621e-02
-1.4854302484584915e-02
-1.4414458121070431e-02
-1.3990801054099179e-02
-1.3581949143332906e-02
-1.3188019216089048e-02
-1.2808008935609475e-02
-1.2440788476136895e-02
-1.2086470543536528e-02
-1.2042847753345026e-02
-1.2244474565640312e-02
-1.2451737620506083e-02
-1.2664499987476645e-02
-1.2882688771889609e-02
-1.3107116168155788e-02
-1.3337599247147154e-02
-1.3574218065342349e-02
-1.3817763710458687e-02
-1.4067994016501880e-02
-1.4325179010447489e-02
-1.4590079362383849e-02
-1.4862380158912848e-02
-1.5142581405180185e-02
-1.5431404032244269e-02
-1.5728445371245108e-02
-1.6034481118693485e-02
-1.6350182103917900e-02
-1.6675041512019238e-02
-1.7010162239165620e-02
-1.7356153879455511e-02
-1.7712387542585084e-02
-1.8080351575716337e-02
-1.8460441259280962e-02
-1.8852307878286650e-02
-1.9257469116384946e-02
-1.9676178522037353e-02
-2.0108507743688671e-02
-2.0555916129052713e-02
-2.1018520402459863e-02
-2.1496885248765602e-02
-2.1992397839318202e-02
-2.2505014819651760e-02
-2.3035872197923937e-02
-2.3586268426266738e-02
-2.4155968520884735e-02
-2.4746769520635981e-02
-2.5359774849408111e-02
-2.5994754216891607e-02
-2.6654022939999165e-02
-2.7338277547352192e-02
-2.8047976185676764e-02
-2.8785301207681847e-02
-2.9550660730083635e-02
-3.0345275085471468e-02
-3.1171096583210798e-02
-3.2028110292001019e-02
-3.2918321445704037e-02
-3.3843222237941742e-02
-3.4802267940533996e-02
-3.5798027108991277e-02
-3.6830765564546251e-02
-3.7900267228727913e-02
-3.9007992203967633e-02
-4.0152583424878117e-02
-4.1333468177279648e-02
-4.2549789643681606e-02
-4.3796979969839188e-02
-4.5072382307195853e-02
-4.6369766046753511e-02
-4.7679126449081635e-02
-4.8990275114391406e-02
-5.0285657997099754e-02
-5.1542716920902586e-02
-5.2732869034276091e-02
-5.3811422392157367e-02
-5.4727026141861257e-02
-5.5399645967791268e-02
-5.5730655880685778e-02
-5.5575010222736497e-02
-5.4747200692180857e-02
-5.2980705569189983e-02
-4.9932967827603855e-02
-4.5141421674492213e-02
-3.8094074403190459e-02
-2.8434182768375317e-02
-1.6991736655053585e-02
-7.7212857131852960e-03
-3.9128097322716450e-03
-3.9093975549905806e-03
-6.3385083871419128e-03
-1.1826638085939346e-02
-2.2695267598383122e-02
-4.3261426803777391e-02
-8.0895023108232225e-02
-1.4733419639609663e-01
-2.5942589213864464e-01
-4.3865872186864757e-01
-7.1080714266005451e-01
-1.1016909569920115e+00
-1.5659633679932066e+00
-1.8243662389626700e+00
-1.7231917158554282e+00
-1.4778675766282772e+00
-1.2369661244616525e+00
-1.0377251285486260e+00
-8.7953884299174934e-01
-7.5445825193717930e-01
-6.5481640947944852e-01
-5.8570700427461353e-01
-7.3666469195509110e-01
-9.3824369889032966e-01
-1.2148727221552924e+00
-1.6069121434063469e+00
-2.1831344276637568e+00
-3.0682165297875819e+00
-4.4913748487903531e+00
-6.8478606479430590e+00
-1.0396653287316159e+01
-1.2910572957381701e+01
0.0000000000000000e+00
1.3464638167935297e-01
0.0000000000000000e+00
0.0000000000000000e+00
];
