%Vec Object:sol 1 MPI processes
%  type: mpi
sol = [
0.0000000000000000e+00
-1.8740927510874418e+01
-1.4387241218106082e+01
-9.4116734274304683e+00
-6.0544642738274064e+00
-4.0826971633221145e+00
-2.9000489510132739e+00
-2.1516052343847347e+00
-1.6541245191800253e+00
-1.3089705484015670e+00
-1.0603507669358705e+00
-8.7548289427969472e-01
-7.3475509301281738e-01
-6.2527243304062530e-01
-5.3842207161193378e-01
-4.6840123793427269e-01
-4.1118542069532932e-01
-3.6383227067177470e-01
-3.2416737123847150e-01
-2.9066073622375260e-01
-2.6210615606225474e-01
-2.3752996352618169e-01
-2.1625031574767109e-01
-1.9772121630929609e-01
-1.8146960479553562e-01
-1.6714341096323657e-01
-1.5446124281096157e-01
-1.4317334922295255e-01
-1.3307540415698133e-01
-1.2401941544977808e-01
-1.1586572319046670e-01
-1.0848417312593735e-01
-1.0179458074128239e-01
-9.5713587637009614e-02
-9.0157801371898716e-02
-8.5077334748736758e-02
-8.0421449688080890e-02
-7.6137194636575770e-02
-7.2188666413628422e-02
-6.8545323051986698e-02
-6.5172729114320760e-02
-6.2043435366090915e-02
-5.9139131240181296e-02
-5.6437041346017479e-02
-5.3915184835262357e-02
-5.1562841317025529e-02
-4.9364783431012201e-02
-4.7302804140683684e-02
-4.5370972381681897e-02
-4.3558679278517295e-02
-4.1851606698260657e-02
-4.0245746711556576e-02
-3.8733669099046616e-02
-3.7304855658289705e-02
-3.5955569818255186e-02
-3.4680898816307981e-02
-3.3473021840273183e-02
-3.2328440742139239e-02
-3.1243971500743015e-02
-3.0213732899437063e-02
-2.9234461416626705e-02
-2.8304164150459478e-02
-2.7418368630548962e-02
-2.6574052317219876e-02
-2.5770042139024295e-02
-2.5002897030252755e-02
-2.4269843002084943e-02
-2.3570267127605772e-02
-2.2901487520315188e-02
-2.2260984230677329e-02
-2.1648521334186301e-02
-2.1061977702283505e-02
-2.0499089467996022e-02
-1.9959867504041787e-02
-1.9442605258725671e-02
-1.8945293458262496e-02
-1.8468097021506022e-02
-1.8009615449210141e-02
-1.7568089663051116e-02
-1.7143772234978469e-02
-1.6735487520735615e-02
-1.6341719833582867e-02
-1.5962762078726701e-02
-1.5597602406800417e-02
-1.5244960045674620e-02
-1.4905134512241593e-02
-1.4577231590156529e-02
-1.4260195720306262e-02
-1.3954309309561737e-02
-1.4006068286944498e-02
-1.4346787615822235e-02
-1.4700194102101237e-02
-1.5066521592561735e-02
-1.5446087834117416e-02
-1.5840245905931603e-02
-1.6249253246384172e-02
-1.6673686460676365e-02
-1.7114990435500188e-02
-1.7573448385565925e-02
-1.8049970383506930e-02
-1.8546107689359860e-02
-1.9062175346017278e-02
-1.9599507720498028e-02
-2.0159783983304289e-02
-2.0743362788503670e-02
-2.1352115089305849e-02
-2.1987878923741360e-02
-2.2651076599660376e-02
-2.3344256129176084e-02
-2.4069459038036086e-02
-2.4827203629440232e-02
-2.5620893036870311e-02
-2.6452646485793586e-02
-2.7323699106483149e-02
-2.8237967789377226e-02
-2.9197843506768930e-02
-3.0205622625217022e-02
-3.1265768045909012e-02
-3.2381097765245885e-02
-3.3555294842726464e-02
-3.4793558344282403e-02
-3.6099314690636798e-02
-3.7478074048068126e-02
-3.8936048966869481e-02
-4.0477546550476730e-02
-4.2110512253571222e-02
-4.3842453172555439e-02
-4.5679359706958897e-02
-4.7632081212817444e-02
-4.9709732950588649e-02
-5.1921933125862657e-02
-5.4282366257610008e-02
-5.6802976334352918e-02
-5.9498519373688857e-02
-6.2386841913344357e-02
-6.5484162397793436e-02
-6.8812669522154035e-02
-7.2396390023875754e-02
-7.6258457855299930e-02
-8.0431838769353142e-02
-8.4949085788629808e-02
-8.9845140999978104e-02
-9.5167711248588929e-02
-1.0096537420585892e-01
-1.0729664380917968e-01
-1.1423050145878803e-01
-1.2184044061836680e-01
-1.3022081137931588e-01
-1.3947773388486556e-01
-1.4973268969216016e-01
-1.6113869845147966e-01
-1.7386925142887702e-01
-1.8813584872671921e-01
-2.0419768892988588e-01
-2.2235845831180578e-01
-2.4300376938745902e-01
-2.6660349466338784e-01
-2.9373625702199918e-01
-3.2514759182404790e-01
-3.6176917718535606e-01
-4.0480872591000733e-01
-4.5584875634949001e-01
-5.1695898334568025e-01
-5.9095598292283869e-01
-6.8158079390390225e-01
-7.9413878514519087e-01
-9.3630800216041243e-01
-1.1191831640060186e+00
-1.3594704104407733e+00
-1.6827235453693816e+00
-2.1292946491997040e+00
-2.7668454766765258e+00
-3.7026408920255247e+00
-5.1035628286260062e+00
-7.1127648961710106e+00
-9.2487077769997352e+00
-9.8277925976793039e+00
-9.2272709124069117e+00
-8.4604152547116112e+00
-6.6344571936003804e+00
-4.4409618787538392e+00
-2.9432167629792514e+00
-2.0364519007917083e+00
-1.4762770088203063e+00
-1.1135576122438686e+00
-8.6784276741602639e-01
-6.9455893190317497e-01
-5.6813301012765671e-01
-4.8253787145184279e-01
-5.7926811190123784e-01
-7.0715602982313985e-01
-8.8063363287934948e-01
-1.1230741211529254e+00
-1.4739898770292312e+00
-2.0011066977891150e+00
-2.8193722352989270e+00
-4.0803459655659076e+00
-5.6809607604967995e+00
-6.5104838241835372e+00
0.0000000000000000e+00
2.4055929233035767e-01
0.0000000000000000e+00
0.0000000000000000e+00
];
