%Vec Object:sol 1 MPI processes
%  type: mpi
sol = [
0.0000000000000000e+00
-3.2633953424675312e+01
-2.1142974553765281e+01
-1.2032320723413749e+01
-7.2258308625214331e+00
-4.7074480576403257e+00
-3.2785115893670320e+00
-2.4030807456945165e+00
-1.8317209502238407e+00
-1.4401327191026168e+00
-1.1609132655372771e+00
-9.5486353254236411e-01
-7.9861349228877343e-01
-6.7756980826524993e-01
-5.8188031005036989e-01
-5.0495679807229599e-01
-4.4225701309878440e-01
-3.9047750256573022e-01
-3.4718764540587987e-01
-3.1068191523285305e-01
-2.7962063045024044e-01
-2.5291244954811687e-01
-2.2983280867541386e-01
-2.0976109620774022e-01
-1.9217681032172959e-01
-1.7669285410097837e-01
-1.6300016303419432e-01
-1.5082508289454527e-01
-1.3994402480949839e-01
-1.3019485464336900e-01
-1.2142499568842204e-01
-1.1349267819939081e-01
-1.0631012229204269e-01
-9.9786478170354756e-02
-9.3831238881239010e-02
-8.8389887726861266e-02
-8.3407205384852579e-02
-7.8825858851821959e-02
-7.4606784008796251e-02
-7.0716724407468706e-02
-6.7118460350140796e-02
-6.3782285211853029e-02
-6.0688202446664556e-02
-5.7811620240232689e-02
-5.5128893169954465e-02
-5.2628229607566142e-02
-5.0293187986810012e-02
-4.8104310440753209e-02
-4.6054967667424500e-02
-4.4133706764063696e-02
-4.2325299716655745e-02
-4.0625230360238830e-02
-3.9025471806910308e-02
-3.7514865334002036e-02
-3.6089266227087184e-02
-3.4743339797729339e-02
-3.3468807419520775e-02
-3.2261844021178654e-02
-3.1118958587026617e-02
-3.0033937760945761e-02
-2.9003258225886293e-02
-2.8024696231974032e-02
-2.7093534844732349e-02
-2.6206547367715348e-02
-2.5362380852461234e-02
-2.4557411861868120e-02
-2.3788708227875929e-02
-2.3055511629719645e-02
-2.2355002252478287e-02
-2.1684540120570275e-02
-2.1043767402962460e-02
-2.0430457414586708e-02
-1.9842257545105667e-02
-1.9279073062000520e-02
-1.8739115944387579e-02
-1.8220313354566919e-02
-1.7722736309268846e-02
-1.7244921263076335e-02
-1.6785065321283012e-02
-1.6343335970673001e-02
-1.5918509091288460e-02
-1.5509040070211432e-02
-1.5115143834050342e-02
-1.4735772045940971e-02
-1.4369625560580355e-02
-1.4016932088554573e-02
-1.3676771221108582e-02
-1.3348075700785934e-02
-1.3031061892177519e-02
-1.3048497088595521e-02
-1.3334163600113681e-02
-1.3629963772736644e-02
-1.3936012500606094e-02
-1.4252501403962118e-02
-1.4580590601687168e-02
-1.4920398368674129e-02
-1.5272339075061085e-02
-1.5637629582666322e-02
-1.6016389699407593e-02
-1.6409318664440693e-02
-1.6817698009601943e-02
-1.7241650054169479e-02
-1.7682233158126948e-02
-1.8140806531489397e-02
-1.8617499811978383e-02
-1.9113821416877359e-02
-1.9631227806405863e-02
-2.0169866433873897e-02
-2.0731808225797534e-02
-2.1318636278552669e-02
-2.1930535066157088e-02
-2.2570278972072942e-02
-2.3239450383718753e-02
-2.3938814736679130e-02
-2.4671517370992064e-02
-2.5439299489905271e-02
-2.6243788205015731e-02
-2.7088522768617809e-02
-2.7975487418739838e-02
-2.8907221535671941e-02
-2.9887918167130517e-02
-3.0919962482787926e-02
-3.2007582937921122e-02
-3.3155510345810546e-02
-3.4366745425903088e-02
-3.5647385490536948e-02
-3.7003051423141795e-02
-3.8437966211751474e-02
-3.9960446789592534e-02
-4.1577192010567199e-02
-4.3295217122869739e-02
-4.5124872990208731e-02
-4.7074862995145614e-02
-4.9156119947591358e-02
-5.1381991406962625e-02
-5.3764231920284428e-02
-5.6319391419081127e-02
-5.9065270978848408e-02
-6.2018622206666603e-02
-6.5204029451296011e-02
-6.8645564944508769e-02
-7.2370206932900485e-02
-7.6412515195794686e-02
-8.0807615070346978e-02
-8.5598619276908164e-02
-9.0836416009149490e-02
-9.6574680012234612e-02
-1.0288302663006141e-01
-1.0983936260641089e-01
-1.1753259709877838e-01
-1.2607536427113861e-01
-1.3559470640844792e-01
-1.4624573800304300e-01
-1.5821874432184468e-01
-1.7173593670432158e-01
-1.8708031594973221e-01
-2.0459628580793798e-01
-2.2470761654643284e-01
-2.4796128619422678e-01
-2.7504005039992602e-01
-3.0682959858425829e-01
-3.4449107361686399e-01
-3.8954271057154732e-01
-4.4400252950830227e-01
-5.1070498089460370e-01
-5.9356947225418655e-01
-6.9820783888213511e-01
-8.3278954649156278e-01
-1.0096140276481427e+00
-1.2475444015263215e+00
-1.5763962658145880e+00
-2.0453947592037589e+00
-2.7327949467070143e+00
-3.7541267075977460e+00
-5.1864323878119656e+00
-6.6332503846008324e+00
-7.0238461039348712e+00
-6.7067366661600420e+00
-6.2829373121568208e+00
-5.1483231126048059e+00
-3.5975865371349660e+00
-2.4444358105797148e+00
-1.7158041768263432e+00
-1.2549665258259159e+00
-9.5268552340524537e-01
-7.4594187071693163e-01
-5.9921495206610298e-01
-4.9170540845564420e-01
-4.1874434861205695e-01
-5.0331108028586102e-01
-6.1509023430585097e-01
-7.6660785996445413e-01
-9.7819732576905227e-01
-1.2836747584070722e+00
-1.7401108571598334e+00
-2.4412692651028847e+00
-3.4966414636462901e+00
-4.7678377065567750e+00
-5.3826062912867103e+00
0.0000000000000000e+00
2.4055929233035767e-01
0.0000000000000000e+00
0.0000000000000000e+00
];
