%Vec Object:sol 1 MPI processes
%  type: mpi
sol = [
0.0000000000000000e+00
-2.2608803322566626e+01
-1.7937463419876906e+01
-1.2000643556492406e+01
-7.7474141933351417e+00
-5.2096451837133220e+00
-3.6882649048267377e+00
-2.7282090943620476e+00
-2.0929806513375100e+00
-1.6527276591919695e+00
-1.3364456177778554e+00
-1.1022261483032088e+00
-9.2428985339912872e-01
-7.8608912313084633e-01
-6.7661177712523801e-01
-5.8845284197121672e-01
-5.1645828899304669e-01
-4.5684411324656515e-01
-4.0696324084941554e-01
-3.6486387293123984e-01
-3.2901360249234163e-01
-2.9818739743168660e-01
-2.7152713378800891e-01
-2.4832109433267643e-01
-2.2797431798124992e-01
-2.1004302789799281e-01
-1.9417263342408786e-01
-1.8004963160454168e-01
-1.6741762756796469e-01
-1.5609010275726470e-01
-1.4589192253303077e-01
-1.3666045388040488e-01
-1.2829448531617485e-01
-1.2068958746826913e-01
-1.1374176265963605e-01
-1.0738815047920269e-01
-1.0156518521704715e-01
-9.6206851917802830e-02
-9.1268114954571683e-02
-8.6710655600859610e-02
-8.2491539702333735e-02
-7.8576471250906235e-02
-7.4942424541066310e-02
-7.1560992263362266e-02
-6.8404794140033420e-02
-6.5460301487121592e-02
-6.2708510301793655e-02
-6.0126786396848791e-02
-5.7707602279828553e-02
-5.5437715197639938e-02
-5.3299331693439568e-02
-5.1287367022986884e-02
-4.9392542410830562e-02
-4.7601777536032126e-02
-4.5910368619254197e-02
-4.4312173334445953e-02
-4.2797458558981614e-02
-4.1361841037870099e-02
-4.0001335445889796e-02
-3.8708616958831016e-02
-3.7479606287263482e-02
-3.6311806987677907e-02
-3.5199644609424957e-02
-3.4139344822610856e-02
-3.3129438039908587e-02
-3.2165632188989213e-02
-3.1244463498026714e-02
-3.0365165727970565e-02
-2.9524391244315284e-02
-2.8718991652919780e-02
-2.7948675321438316e-02
-2.7210792950343711e-02
-2.6502513044469055e-02
-2.5823855845380488e-02
-2.5172688422818321e-02
-2.4546494396925137e-02
-2.3945489549002864e-02
-2.3367922150200313e-02
-2.2811585909555933e-02
-2.2276808632316014e-02
-2.1762118494858967e-02
-2.1265611573850526e-02
-2.0787667908914759e-02
-2.0327019251959944e-02
-1.9882054374694005e-02
-1.9453162755547582e-02
-1.9039221892573094e-02
-1.8638902131526292e-02
-1.8252572103318730e-02
-1.8333819175903633e-02
-1.8793706029341842e-02
-1.9270867654093308e-02
-1.9765659811349891e-02
-2.0278547416595932e-02
-2.0811319363371484e-02
-2.1364388178951674e-02
-2.1938551347850631e-02
-2.2535595928157140e-02
-2.3156034818361790e-02
-2.3801053246997807e-02
-2.4472809363985382e-02
-2.5171802134518563e-02
-2.5899837456815039e-02
-2.6659172518726074e-02
-2.7450371911715909e-02
-2.8275953161882340e-02
-2.9138401231475992e-02
-3.0038382450046582e-02
-3.0979314271163638e-02
-3.1963972074834299e-02
-3.2993170390470131e-02
-3.4071465844336256e-02
-3.5201767484981293e-02
-3.6385848978651887e-02
-3.7628974858439919e-02
-3.8934446461020698e-02
-4.0305455508356992e-02
-4.1748027372098692e-02
-4.3266067780719224e-02
-4.4864625857917319e-02
-4.6550749184387452e-02
-4.8329197979584973e-02
-5.0207474312712747e-02
-5.2194027839688004e-02
-5.4294847424011063e-02
-5.6520710517922755e-02
-5.8881860518436725e-02
-6.1386591272940896e-02
-6.4049605774419177e-02
-6.6883383744859068e-02
-6.9901113003028190e-02
-7.3121378358659866e-02
-7.6560541718007982e-02
-8.0238727378834127e-02
-8.4180204679392537e-02
-8.8407182081227817e-02
-9.2949823123229344e-02
-9.7840820665965389e-02
-1.0311179973085209e-01
-1.0880744139014223e-01
-1.1497242670004426e-01
-1.2165691697244996e-01
-1.2892421228137071e-01
-1.3683969158433709e-01
-1.4548288907282528e-01
-1.5494747155498900e-01
-1.6533338022428562e-01
-1.7676853762249478e-01
-1.8939685733400535e-01
-2.0338305169651111e-01
-2.1893416870443963e-01
-2.3628496718706879e-01
-2.5572127035620529e-01
-2.7759292335117952e-01
-3.0230958440420569e-01
-3.3039055269191292e-01
-3.6246790162196169e-01
-3.9931901615194570e-01
-4.4194383749768584e-01
-4.9158563817323331e-01
-5.4973923509092393e-01
-6.1859287153199305e-01
-7.0088438439796552e-01
-8.0032968590805498e-01
-9.2197253544992508e-01
-1.0728205596069205e+00
-1.2628881026518080e+00
-1.5063793336521223e+00
-1.8244317474192633e+00
-2.2508622331321906e+00
-2.8379150226035401e+00
-3.6689730834088863e+00
-4.8837795081032285e+00
-6.6929026659959812e+00
-9.2903620705929004e+00
-1.2085684188767926e+01
-1.2754405954089117e+01
-1.1748921396701331e+01
-1.0553265386795454e+01
-7.9960199014966920e+00
-5.1955911811538531e+00
-3.3880011687646063e+00
-2.3238841323546726e+00
-1.6757509617875777e+00
-1.2599837604810467e+00
-9.7970672447146456e-01
-7.8286753060993952e-01
-6.3971262848349497e-01
-5.4289909528366864e-01
-6.5184543507570225e-01
-7.9594956274693829e-01
-9.9162533725120938e-01
-1.2654550011776613e+00
-1.6625784310127714e+00
-2.2617530901097860e+00
-3.1996703754857956e+00
-4.6727038815027839e+00
-6.6268870320194040e+00
-7.7100630532674677e+00
0.0000000000000000e+00
1.3464638167935297e-01
0.0000000000000000e+00
0.0000000000000000e+00
];
