%Vec Object:sol 1 MPI processes
%  type: mpi
sol = [
0.0000000000000000e+00
-3.8109723523803488e+01
-2.5552741553851064e+01
-1.4711993037808069e+01
-8.8188243748369572e+00
-5.7223676640122534e+00
-3.9723593763830882e+00
-2.9026276281365497e+00
-2.2084119957948674e+00
-1.7333682415608787e+00
-1.3953080158852214e+00
-1.1465180251753917e+00
-9.5841020630275497e-01
-8.1285593845985538e-01
-6.9770396923654210e-01
-6.0525043200525441e-01
-5.2996888056615366e-01
-4.6785296766049855e-01
-4.1596190625162160e-01
-3.7222963744317988e-01
-3.3503833434288816e-01
-3.0309806039200088e-01
-2.7550607773601188e-01
-2.5151510174208663e-01
-2.3050172396485988e-01
-2.1200123812617105e-01
-1.9564261946609748e-01
-1.8109850445237666e-01
-1.6810146852940866e-01
-1.5645672881022415e-01
-1.4598185787432333e-01
-1.3650177268711947e-01
-1.2791713355445627e-01
-1.2012026711934112e-01
-1.1300328826706370e-01
-1.0650049819872819e-01
-1.0054574751076505e-01
-9.5070714423181449e-02
-9.0028543856931501e-02
-8.5379332464904201e-02
-8.1078721644803536e-02
-7.7091229077159235e-02
-7.3392800617912243e-02
-6.9954114580528720e-02
-6.6747021979452273e-02
-6.3757283612804291e-02
-6.0965282270828952e-02
-5.8347907054238188e-02
-5.5897103523674663e-02
-5.3599203191834727e-02
-5.1436128177047305e-02
-4.9402393089665812e-02
-4.7488413483854838e-02
-4.5680933111822336e-02
-4.3974958769282660e-02
-4.2364111450950696e-02
-4.0838548970392741e-02
-3.9393686815571136e-02
-3.8025344554006871e-02
-3.6726129615160884e-02
-3.5491831406820225e-02
-3.4319783610874253e-02
-3.3204369779569642e-02
-3.2141739087884223e-02
-3.1130267939443474e-02
-3.0165638663107678e-02
-2.9244353115213791e-02
-2.8365501584175293e-02
-2.7525721620022349e-02
-2.6721862345577500e-02
-2.5953496426413276e-02
-2.5217966897585070e-02
-2.4512463206890257e-02
-2.3836876208892334e-02
-2.3189070938330957e-02
-2.2566567867900008e-02
-2.1969459354849757e-02
-2.1395996580595822e-02
-2.0844019647493394e-02
-2.0313739101503643e-02
-1.9803690906686738e-02
-1.9312021576839356e-02
-1.8839000612847226e-02
-1.8383372748718655e-02
-1.7943576511036060e-02
-1.7519898265309440e-02
-1.7111234218134781e-02
-1.6716299699801335e-02
-1.6335368418383081e-02
-1.6373485048852211e-02
-1.6748732177856159e-02
-1.7137591950083204e-02
-1.7540272858064396e-02
-1.7957079401648594e-02
-1.8389505126355347e-02
-1.8837774873258994e-02
-1.9302479281089722e-02
-1.9785199900312269e-02
-2.0286178252682124e-02
-2.0806372114397783e-02
-2.1347464394110938e-02
-2.1909717619838950e-02
-2.2494554399728629e-02
-2.3103779572155651e-02
-2.3737686697436068e-02
-2.4398283465011706e-02
-2.5087526693590854e-02
-2.5805759351222004e-02
-2.6555723768557915e-02
-2.7339572719352681e-02
-2.8157729419666908e-02
-2.9013859435321976e-02
-2.9910161927205810e-02
-3.0847830538357931e-02
-3.1831054511498653e-02
-3.2862288529309544e-02
-3.3943866500156114e-02
-3.5080522192539855e-02
-3.6275125873809044e-02
-3.7531492447420517e-02
-3.8855093020095953e-02
-4.0249396871860875e-02
-4.1720158404835964e-02
-4.3273868231742833e-02
-4.4914870506385512e-02
-4.6651490675314142e-02
-4.8491514287423827e-02
-5.0441008420912807e-02
-5.2511329372009898e-02
-5.4711855531551397e-02
-5.7052453050896991e-02
-5.9547359359073362e-02
-6.2208815505815390e-02
-6.5052042357817197e-02
-6.8095511480577464e-02
-7.1355800032964170e-02
-7.4855840095264609e-02
-7.8620389606671462e-02
-8.2673070366845541e-02
-8.7047903161310905e-02
-9.1778550394820385e-02
-9.6902775461122262e-02
-1.0246859428916424e-01
-1.0852520859893248e-01
-1.1513274437733992e-01
-1.2236209508972130e-01
-1.3028848737075632e-01
-1.3900884379767861e-01
-1.4862767869112875e-01
-1.5926831836349489e-01
-1.7109085632956081e-01
-1.8427231390142024e-01
-1.9902853383325658e-01
-2.1562401062788672e-01
-2.3436806986266218e-01
-2.5565375522980371e-01
-2.7995947643706370e-01
-3.0787383847215999e-01
-3.4015532785939151e-01
-3.7775074310190854e-01
-4.2188696475881654e-01
-4.7417084491451050e-01
-5.3670212166691189e-01
-6.1233745768667758e-01
-7.0496317380747597e-01
-8.1981883615325291e-01
-9.6467285715119611e-01
-1.1507976677272382e+00
-1.3950907634913188e+00
-1.7236260361148856e+00
-2.1767183458167008e+00
-2.8229805695227297e+00
-3.7711364706896875e+00
-5.1898156923321830e+00
-7.2247172403520121e+00
-9.3874310766116764e+00
-9.9528510254520164e+00
-9.3123754094701798e+00
-8.5116381862373309e+00
-6.6517158678889530e+00
-4.4418682575348027e+00
-2.9394742849687456e+00
-2.0316603761916934e+00
-1.4714512235210671e+00
-1.1090752745791459e+00
-8.6372705380295467e-01
-6.9072897679496981e-01
-5.6461582164002744e-01
-4.7922846012714537e-01
-5.7489058283356809e-01
-7.0132052314058269e-01
-8.7269048515794723e-01
-1.1121537883111825e+00
-1.4585715797344563e+00
-1.9784084236638402e+00
-2.7843411587054860e+00
-4.0231418869282676e+00
-5.5865111969209433e+00
-6.3893271125864546e+00
0.0000000000000000e+00
1.3464638167935297e-01
0.0000000000000000e+00
0.0000000000000000e+00
];
