%Vec Object:sol 1 MPI processes
%  type: mpi
sol = [
0.0000000000000000e+00
-4.3249362172888517e+01
-2.7526756334125015e+01
-1.5267744310564938e+01
-9.0111202950320362e+00
-5.8059506283682811e+00
-4.0145929898519990e+00
-2.9276695086940920e+00
-2.2235483178391924e+00
-1.7433396668632481e+00
-1.4024070632488819e+00
-1.1516380110908733e+00
-9.6187818452999774e-01
-8.1520676503559175e-01
-6.9947460753536861e-01
-6.0658381857924226e-01
-5.3096635000403725e-01
-4.6858765646084183e-01
-4.1648748327109364e-01
-3.7258731454823346e-01
-3.3524109033390564e-01
-3.0315683504727031e-01
-2.7544934508092034e-01
-2.5136510350906505e-01
-2.3027580156838137e-01
-2.1171327419630792e-01
-1.9530385806083789e-01
-1.8071797692436703e-01
-1.6768649033264404e-01
-1.5601340171677172e-01
-1.4551518707182268e-01
-1.3602196206115968e-01
-1.2742746717383799e-01
-1.1962255410448630e-01
-1.1249901812136537e-01
-1.0599098191591941e-01
-1.0003211025149049e-01
-9.4553900076048386e-02
-8.9509372633517881e-02
-8.4858516031386180e-02
-8.0556865628169619e-02
-7.6568856152401138e-02
-7.2870363924497056e-02
-6.9432002735828294e-02
-6.6225572539933289e-02
-6.3236783729050797e-02
-6.0445977153451319e-02
-5.7830017108919191e-02
-5.5380807078418963e-02
-5.3084649849248246e-02
-5.0923460586240005e-02
-4.8891718367560594e-02
-4.6979817948170258e-02
-4.5174504091681181e-02
-4.3470757800846804e-02
-4.1862182088664837e-02
-4.0338939711138437e-02
-3.8896429507249301e-02
-3.7530453685659111e-02
-3.6233626241214491e-02
-3.5001728053325930e-02
-3.3832074986510099e-02
-3.2719057538853159e-02
-3.1658823190802668e-02
-3.0649729691299935e-02
-2.9687466113092319e-02
-2.8768538089664338e-02
-2.7892016408342542e-02
-2.7054544901423137e-02
-2.6252980717419480e-02
-2.5486876327508439e-02
-2.4753580577651143e-02
-2.4050294018738073e-02
-2.3376886879419176e-02
-2.2731229663577556e-02
-2.2110855926596919e-02
-2.1515837295652564e-02
-2.0944430292325150e-02
-2.0394489078288520e-02
-1.9866203702873148e-02
-1.9358115592354109e-02
-1.8868385384039718e-02
-1.8397262655832844e-02
-1.7943497993996544e-02
-1.7505543296054558e-02
-1.7083665897018249e-02
-1.6676768512560933e-02
-1.6283578359371678e-02
-1.5904351306156847e-02
-1.5933232874345372e-02
-1.6289914591600008e-02
-1.6659387764443780e-02
-1.7041826739571733e-02
-1.7437498903754813e-02
-1.7847831465518410e-02
-1.8273009451390751e-02
-1.8713573635399060e-02
-1.9171028566605360e-02
-1.9645570224618370e-02
-2.0138091300637116e-02
-2.0650188796558538e-02
-2.1182080216249309e-02
-2.1735042851155996e-02
-2.2310741600548401e-02
-2.2909431021745690e-02
-2.3533009351512101e-02
-2.4183341178455713e-02
-2.4860690172156193e-02
-2.5567642392839169e-02
-2.6306204726731477e-02
-2.7076703864660552e-02
-2.7882599100827469e-02
-2.8725921496544172e-02
-2.9607723790300491e-02
-3.0531944731381051e-02
-3.1500836903354180e-02
-3.2516528150866572e-02
-3.3583449105802597e-02
-3.4704221125450255e-02
-3.5882364389712353e-02
-3.7122977258736686e-02
-3.8429216645856870e-02
-3.9806420713578289e-02
-4.1260613496646198e-02
-4.2795738787118863e-02
-4.4419538223485169e-02
-4.6139207386468928e-02
-4.7960270087973392e-02
-4.9893283463564926e-02
-5.1946874901003352e-02
-5.4130103245052338e-02
-5.6456159963978812e-02
-5.8936281667724258e-02
-6.1584498228266442e-02
-6.4417875912143319e-02
-6.7451610636611328e-02
-7.0706875121126139e-02
-7.4206489492738642e-02
-7.7972101782069023e-02
-8.2035129179211838e-02
-8.6426519668118859e-02
-9.1180974260487491e-02
-9.6342745424458517e-02
-1.0195702013482351e-01
-1.0807911188217169e-01
-1.1477425914910100e-01
-1.2211150746979052e-01
-1.3018004758987525e-01
-1.3907984221829917e-01
-1.4892506754854484e-01
-1.5986001473724296e-01
-1.7204768410272131e-01
-1.8568691504195950e-01
-2.0102144919187256e-01
-2.1833616216607338e-01
-2.3799332622027106e-01
-2.6043383638019491e-01
-2.8620013481568524e-01
-3.1599162417187721e-01
-3.5068130991895086e-01
-3.9139278843270353e-01
-4.3956039104246336e-01
-4.9715341132112589e-01
-5.6679938575881772e-01
-6.5207294888368805e-01
-7.5795388363585614e-01
-8.9157987443255948e-01
-1.0633414518731548e+00
-1.2885846154819793e+00
-1.5913212965073418e+00
-2.0100705069509992e+00
-2.6066562487054297e+00
-3.4836116823381009e+00
-4.7941647647316294e+00
-6.6686517411812432e+00
-8.6445093383302147e+00
-9.1625308962129370e+00
-8.6067793989935701e+00
-7.9035258041775034e+00
-6.2375055978205527e+00
-4.2041147847072766e+00
-2.7961983354167961e+00
-1.9378832639821293e+00
-1.4055106605409577e+00
-1.0602679048675976e+00
-8.2599242385742166e-01
-6.6071854544104713e-01
-5.4015094777009953e-01
-4.5844857092025532e-01
-5.4968338431665564e-01
-6.7019795227894974e-01
-8.3353966585649464e-01
-1.0616493585413116e+00
-1.3909463467008290e+00
-1.8844152732463901e+00
-2.6459230791417374e+00
-3.8062775026676334e+00
-5.2415553237367698e+00
-5.9580445083879603e+00
0.0000000000000000e+00
1.3464638167935297e-01
0.0000000000000000e+00
0.0000000000000000e+00
];
