%Vec Object:sol 1 MPI processes
%  type: mpi
sol = [
0.0000000000000000e+00
-1.5049634790682241e+01
-1.2128791754332431e+01
-8.3586796246791888e+00
-5.5415219455099987e+00
-3.7978550437742582e+00
-2.7223763152562821e+00
-2.0327741254247012e+00
-1.5689901113027500e+00
-1.2452643231917337e+00
-1.0112458833097093e+00
-8.3683950718751110e-01
-7.0367779772849393e-01
-5.9967687108384859e-01
-5.1704521439806961e-01
-4.5033758727285250e-01
-3.9576726686421965e-01
-3.5055871440922942e-01
-3.1265654256627945e-01
-2.8061336654833324e-01
-2.5328600710812521e-01
-2.2975541278961131e-01
-2.0938046253294595e-01
-1.9162639370552764e-01
-1.7604390184046906e-01
-1.6229867635337022e-01
-1.5012339160461091e-01
-1.3928027569517545e-01
-1.2957466139614696e-01
-1.2086581282664688e-01
-1.1302055981503351e-01
-1.0591448706726837e-01
-9.9471361682523518e-02
-9.3611592355461959e-02
-8.8255278802082116e-02
-8.3354936428117490e-02
-7.8862091763156519e-02
-7.4725946819719419e-02
-7.0912208809322044e-02
-6.7391723828481451e-02
-6.4131429144135499e-02
-6.1105002951166505e-02
-5.8295010157025116e-02
-5.5679575093436753e-02
-5.3237329520890483e-02
-5.0957499689224264e-02
-4.8826391936883443e-02
-4.6826409938672403e-02
-4.4951985756351162e-02
-4.3192920108885022e-02
-4.1535319013057750e-02
-3.9975438888966056e-02
-3.8506140954605562e-02
-3.7117207251219746e-02
-3.5805108919580761e-02
-3.4565141667581505e-02
-3.3389700609438966e-02
-3.2275451079726854e-02
-3.1219362283754427e-02
-3.0215710688817263e-02
-2.9261360982540424e-02
-2.8354436316911393e-02
-2.7490581066923939e-02
-2.6666872544004839e-02
-2.5882228378854375e-02
-2.5133295265559730e-02
-2.4417376218222753e-02
-2.3733931477834577e-02
-2.3080345964522245e-02
-2.2454158186861025e-02
-2.1855193125857219e-02
-2.1281381098500196e-02
-2.0730501756521011e-02
-2.0202618121183399e-02
-1.9696063592886514e-02
-1.9208860551715251e-02
-1.8741219608098231e-02
-1.8291771394111880e-02
-1.7858779262194913e-02
-1.7442536518720714e-02
-1.7041891676515257e-02
-1.6655344549532405e-02
-1.6283224764169324e-02
-1.5924538919195638e-02
-1.5578016805954937e-02
-1.5243991226436224e-02
-1.4921581562729939e-02
-1.4609739624281344e-02
-1.4308777987882808e-02
-1.4374319951148311e-02
-1.4736771285583873e-02
-1.5112879704924984e-02
-1.5502922211369908e-02
-1.5907262298277446e-02
-1.6327325944286961e-02
-1.6763420761310082e-02
-1.7216182553903944e-02
-1.7687141787308500e-02
-1.8176640202994306e-02
-1.8685665193379206e-02
-1.9215868568710673e-02
-1.9767633938913818e-02
-2.0342397275756194e-02
-2.0941956203429125e-02
-2.1566750319547620e-02
-2.2218784359494457e-02
-2.2900036646065960e-02
-2.3611026023486730e-02
-2.4354476765451376e-02
-2.5132597775979489e-02
-2.5946023940459365e-02
-2.6798390695188905e-02
-2.7692011312596267e-02
-2.8628286696997369e-02
-2.9611417211975206e-02
-3.0644027342663954e-02
-3.1728651764481995e-02
-3.2870097788105276e-02
-3.4071470629964573e-02
-3.5336790936898538e-02
-3.6671682159996638e-02
-3.8079930184671415e-02
-3.9567519419526236e-02
-4.1141193853152243e-02
-4.2805719619590420e-02
-4.4569705244960407e-02
-4.6441329304502309e-02
-4.8427201909474908e-02
-5.0539078487382309e-02
-5.2786927452562082e-02
-5.5181282944546724e-02
-5.7737013743759044e-02
-6.0467201124333930e-02
-6.3387947319744953e-02
-6.6518686125721913e-02
-6.9877193737779134e-02
-7.3487641503082124e-02
-7.7376237571578133e-02
-8.1568332312268496e-02
-8.6099782728410887e-02
-9.1006454452008154e-02
-9.6328631042479101e-02
-1.0211718665215515e-01
-1.0842468955950231e-01
-1.1531513178275565e-01
-1.2286392833831981e-01
-1.3115159756039044e-01
-1.4028127390571407e-01
-1.5036907714208123e-01
-1.6154801580228773e-01
-1.7398541280523494e-01
-1.8787117399825978e-01
-2.0343671802049373e-01
-2.2096557350690302e-01
-2.4079013849568984e-01
-2.6333218348669074e-01
-2.8910573142696855e-01
-3.1872994922628611e-01
-3.5299979449907798e-01
-3.9295236186444515e-01
-4.3990252669583196e-01
-4.9557226529996212e-01
-5.6221255225681466e-01
-6.4288437950294175e-01
-7.4175211114458039e-01
-8.6461533936514456e-01
-1.0197821365168576e+00
-1.2190097161645621e+00
-1.4803578900125010e+00
-1.8319287957277477e+00
-2.3179241987955894e+00
-3.0091675856657041e+00
-4.0248605523367846e+00
-5.5438355424470469e+00
-7.7246388930046610e+00
-1.0059767245743208e+01
-1.0681408266189749e+01
-9.9809174573605315e+00
-9.1016751299437164e+00
-7.0630996600218285e+00
-4.6843757801265715e+00
-3.0884835076916799e+00
-2.1313364078723338e+00
-1.5424932683777912e+00
-1.1626010212749436e+00
-9.0547134297359844e-01
-7.2441127169242248e-01
-5.9248071841954397e-01
-5.0320876411910842e-01
-6.0422599668613319e-01
-7.3780538602049561e-01
-9.1911126880931715e-01
-1.1728027395422223e+00
-1.5400453369199005e+00
-2.0930422268908444e+00
-2.9540750648369993e+00
-4.2911021062751447e+00
-6.0173453824816896e+00
-6.9350555035896937e+00
0.0000000000000000e+00
2.4055929233035767e-01
0.0000000000000000e+00
0.0000000000000000e+00
];
