%Vec Object:sol 1 MPI processes
%  type: mpi
sol = [
0.0000000000000000e+00
-1.7398891473086689e+01
-1.3590207546523306e+01
-9.0552528489805351e+00
-5.8832710447460990e+00
-3.9889408335075007e+00
-2.8407060978421628e+00
-2.1124776708198798e+00
-1.6262314302839758e+00
-1.2878491431572079e+00
-1.0440173080675585e+00
-8.6272973923677299e-01
-7.2457036138526232e-01
-6.1698789692693423e-01
-5.3147838410863180e-01
-4.6250302051977449e-01
-4.0612685851617630e-01
-3.5945798532600071e-01
-3.2035825340018720e-01
-2.8732288369122544e-01
-2.5916507663488675e-01
-2.3493205996022568e-01
-2.1395896360992184e-01
-1.9569189891540906e-01
-1.7966605589368351e-01
-1.6553551957190077e-01
-1.5302376021153441e-01
-1.4188515428352469e-01
-1.3191869626123520e-01
-1.2297888459356666e-01
-1.1492828096950228e-01
-1.0763869127281850e-01
-1.0103127908326774e-01
-9.5023968410968343e-02
-8.9534553523343649e-02
-8.4513962434358339e-02
-7.9912224260464876e-02
-7.5677116173749281e-02
-7.1773279013781929e-02
-6.8170639004657682e-02
-6.4835223455492794e-02
-6.1739962707609931e-02
-5.8866840272913112e-02
-5.6193383044217567e-02
-5.3697883892849817e-02
-5.1369812090193132e-02
-4.9194142937027036e-02
-4.7152870937980304e-02
-4.5240190823992638e-02
-4.3445634818778160e-02
-4.1755025996294624e-02
-4.0164465950165727e-02
-3.8666313606366728e-02
-3.7250209039169001e-02
-3.5912780029841961e-02
-3.4649182664068925e-02
-3.3451664128142440e-02
-3.2316777183041989e-02
-3.1241385616923682e-02
-3.0219657903471298e-02
-2.9248370654934262e-02
-2.8325567248143224e-02
-2.7446812053260900e-02
-2.6609113902062206e-02
-2.5811328155020182e-02
-2.5050041428283893e-02
-2.4322503979633456e-02
-2.3628125902077485e-02
-2.2964246390581956e-02
-2.2328363913750728e-02
-2.1720261795692784e-02
-2.1137835148334533e-02
-2.0578833798792755e-02
-2.0043285184947610e-02
-1.9529495370655837e-02
-1.9035465007797393e-02
-1.8561373606504068e-02
-1.8105830497054064e-02
-1.7667083589230206e-02
-1.7245398531235676e-02
-1.6839607300215467e-02
-1.6448198988572801e-02
-1.6071478347222886e-02
-1.5708439333975515e-02
-1.5357804385610322e-02
-1.5019883803902647e-02
-1.4693787630934617e-02
-1.4378462508858367e-02
-1.4074200658229416e-02
-1.4130583549121681e-02
-1.4478615534125230e-02
-1.4839662624329009e-02
-1.5213973310615083e-02
-1.5601880860331725e-02
-1.6004762958894879e-02
-1.6422894072450213e-02
-1.6856870863637453e-02
-1.7308167116801165e-02
-1.7777085910966807e-02
-1.8264563485622307e-02
-1.8772185065337541e-02
-1.9300288964298223e-02
-1.9850243903238467e-02
-2.0423769075066905e-02
-2.1021250601144410e-02
-2.1644604634855947e-02
-2.2295716620276646e-02
-2.2975041613040214e-02
-2.3685187143313323e-02
-2.4428251300477363e-02
-2.5204791914683743e-02
-2.6018290524771847e-02
-2.6870931940120239e-02
-2.7764007391298619e-02
-2.8701529438486143e-02
-2.9685967957281352e-02
-3.0719699840168160e-02
-3.1807304207311288e-02
-3.2951696059155031e-02
-3.4156672401507507e-02
-3.5427575461161528e-02
-3.6767952977124117e-02
-3.8183475047522383e-02
-3.9680533402676500e-02
-4.1263589924927291e-02
-4.2940813507514483e-02
-4.4719937476934160e-02
-4.6607160954671004e-02
-4.8613638382568845e-02
-5.0748772171202904e-02
-5.3022488669700267e-02
-5.5448870763057406e-02
-5.8040244740325014e-02
-6.0811819010285602e-02
-6.3781973373302145e-02
-6.6967449113915098e-02
-7.0391100387686978e-02
-7.4077685661758721e-02
-7.8051081467375272e-02
-8.2345200145142558e-02
-8.6993883432521332e-02
-9.2035134628777451e-02
-9.7517025809400332e-02
-1.0348914283457826e-01
-1.1001190478338684e-01
-1.1715653204121214e-01
-1.2499896988126127e-01
-1.3363663162213685e-01
-1.4317913186911652e-01
-1.5375198809900656e-01
-1.6551322796345830e-01
-1.7864210499953995e-01
-1.9335711968258984e-01
-2.0992603262278081e-01
-2.2866266139385730e-01
-2.4996538997916501e-01
-2.7431972344322064e-01
-3.0232360220221050e-01
-3.3473465592296747e-01
-3.7249007277009383e-01
-4.1685825397695475e-01
-4.6946791065260773e-01
-5.3244853364739575e-01
-6.0869697542768841e-01
-7.0215547397091660e-01
-8.1831620573386998e-01
-9.6504995204721566e-01
-1.1536978485452880e+00
-1.4010843872454755e+00
-1.7340131055584034e+00
-2.1947288128586822e+00
-2.8503402216342280e+00
-3.8146830084612922e+00
-5.2572458776615010e+00
-7.3257385054143365e+00
-9.5326365277375888e+00
-1.0126309502612145e+01
-9.4938035637105536e+00
-8.6869980385242407e+00
-6.7868977236902612e+00
-4.5278877847849248e+00
-2.9952060832949439e+00
-2.0704513422434321e+00
-1.5000855423410389e+00
-1.1311582006236158e+00
-8.8135545791241166e-01
-7.0530514568600855e-01
-5.7690922531971789e-01
-4.8997144269241960e-01
-5.8824548436065582e-01
-7.1818586623387548e-01
-8.9451778526401948e-01
-1.1409881010541805e+00
-1.4977988449153559e+00
-2.0342642130512707e+00
-2.8680589306089330e+00
-4.1564554850386077e+00
-5.8024058558038503e+00
-6.6633324599405244e+00
0.0000000000000000e+00
2.4055929233035767e-01
0.0000000000000000e+00
0.0000000000000000e+00
];
