%Vec Object:sol 1 MPI processes
%  type: mpi
sol = [
0.0000000000000000e+00
-2.4576296644602440e+01
-1.9079851142781923e+01
-1.2478778195572310e+01
-7.9473382227514797e+00
-5.3119092201540603e+00
-3.7450052041503166e+00
-2.7651696844776970e+00
-2.1167915445213743e+00
-1.6697964538161421e+00
-1.3495898776285571e+00
-1.1124148593150032e+00
-9.3205129706671297e-01
-7.9211570322382496e-01
-6.8136119153858488e-01
-5.9223914200417849e-01
-5.1953108552485794e-01
-4.5943869172696017e-01
-4.0916443666934466e-01
-3.6673847408959015e-01
-3.3061449189812170e-01
-2.9955659565623061e-01
-2.7269906495579427e-01
-2.4932398128336869e-01
-2.2883131403839943e-01
-2.1076500249341892e-01
-1.9476720977711434e-01
-1.8053437502758352e-01
-1.6780719058154719e-01
-1.5639691028926020e-01
-1.4612648094745473e-01
-1.3683164068117137e-01
-1.2840997785863734e-01
-1.2075598349283817e-01
-1.1376471760776939e-01
-1.0737260839750568e-01
-1.0151545367974640e-01
-9.6126677026421900e-02
-9.1160792245011280e-02
-8.6579089242739132e-02
-8.2338285421222041e-02
-7.8403792521896748e-02
-7.4752331489784052e-02
-7.1355270374969623e-02
-6.8185038357865088e-02
-6.5227933605727095e-02
-6.2464801346383048e-02
-5.9872885894511639e-02
-5.7444534097816378e-02
-5.5166398663884619e-02
-5.3020609903753423e-02
-5.1001989431595514e-02
-4.9101183735392614e-02
-4.7305062916741775e-02
-4.5608855658872974e-02
-4.4006362867633257e-02
-4.2487818716806562e-02
-4.1048792411714607e-02
-3.9685253176146199e-02
-3.8389854280836411e-02
-3.7158484341465098e-02
-3.5988608714123925e-02
-3.4874638062991833e-02
-3.3812777833599997e-02
-3.2801525044010085e-02
-3.1836577409188278e-02
-3.0914459947576866e-02
-3.0034376278652093e-02
-2.9192971905963486e-02
-2.8387093929605856e-02
-2.7616423109830850e-02
-2.6878305362144278e-02
-2.6169909742538446e-02
-2.5491230823307520e-02
-2.4840132606033440e-02
-2.4214102701095343e-02
-2.3613332903186308e-02
-2.3036069836181949e-02
-2.2480113359065527e-02
-2.1945768867284568e-02
-2.1431564169294367e-02
-2.0935602570338042e-02
-2.0458243268191276e-02
-1.9998218883956264e-02
-1.9553925583191700e-02
-1.9125733613729195e-02
-1.8712522598974900e-02
-1.8312969663734999e-02
-1.7927425869505291e-02
-1.8001241685768735e-02
-1.8446661908451491e-02
-1.8908740404208438e-02
-1.9387808224783250e-02
-1.9884303042112954e-02
-2.0399964342463668e-02
-2.0935159166197790e-02
-2.1490657257523454e-02
-2.2068322912370382e-02
-2.2668563194708977e-02
-2.3292576064743078e-02
-2.3942370677889110e-02
-2.4618403277635457e-02
-2.5322417405301691e-02
-2.6056596339600564e-02
-2.6821462315776815e-02
-2.7619449759367469e-02
-2.8452957840272405e-02
-2.9322602646845164e-02
-3.0231691514736630e-02
-3.1182899290013444e-02
-3.2176980033782408e-02
-3.3218345076783791e-02
-3.4309789859088523e-02
-3.5452997225463280e-02
-3.6653057311664711e-02
-3.7913136911941404e-02
-3.9236292175381611e-02
-4.0628340338389850e-02
-4.2093023640328381e-02
-4.3635195239899470e-02
-4.5261650346000867e-02
-4.6976946628221036e-02
-4.8788308190610821e-02
-5.0703873167016703e-02
-5.2729373921541457e-02
-5.4875198034138949e-02
-5.7151200960358479e-02
-5.9565330273444822e-02
-6.2131758534359260e-02
-6.4862480182811683e-02
-6.7770165175632155e-02
-7.0872714431067810e-02
-7.4185849540087098e-02
-7.7728930642054800e-02
-8.1525322059033359e-02
-8.5596363440093109e-02
-8.9971094293992249e-02
-9.4680979048022765e-02
-9.9756416200332293e-02
-1.0524043790807164e-01
-1.1117603625260404e-01
-1.1761147829552637e-01
-1.2460772237508197e-01
-1.3222769036544779e-01
-1.4054804082607419e-01
-1.4965059045674547e-01
-1.5963655435213933e-01
-1.7063018585998854e-01
-1.8276965128661582e-01
-1.9621305425884641e-01
-2.1115923036024120e-01
-2.2783354824368313e-01
-2.4651044305289671e-01
-2.6752586229485059e-01
-2.9127311456140015e-01
-3.1825091054651738e-01
-3.4906624303138079e-01
-3.8446565253595605e-01
-4.2540958965052506e-01
-4.7309653808963398e-01
-5.2907751351681942e-01
-5.9538130843369863e-01
-6.7465623626972759e-01
-7.7049908963723168e-01
-8.8753766112995869e-01
-1.0326225219603855e+00
-1.2154438420018518e+00
-1.4499943204527759e+00
-1.7572870424169380e+00
-2.1684312976679299e+00
-2.7347265959008853e+00
-3.5386276015387863e+00
-4.7145471942664443e+00
-6.4670455968633584e+00
-8.9813035412541602e+00
-1.1688973435813814e+01
-1.2350520210518464e+01
-1.1405069663863017e+01
-1.0269612175160535e+01
-7.8125548738322310e+00
-5.0944681440178767e+00
-3.3282193945654086e+00
-2.2850828460972337e+00
-1.6488339550439162e+00
-1.2400665321171087e+00
-9.6446148530610465e-01
-7.7080772271960751e-01
-6.2985619368237378e-01
-5.3455460790349840e-01
-6.4178531061622723e-01
-7.8361360409962288e-01
-9.7616117214358977e-01
-1.2455029159062176e+00
-1.6361472815275078e+00
-2.2250648145073888e+00
-3.1460129962339214e+00
-4.5890540169896878e+00
-6.4923335037700332e+00
-7.5377470819152714e+00
0.0000000000000000e+00
1.3464638167935297e-01
0.0000000000000000e+00
0.0000000000000000e+00
];
