%Vec Object:sol 1 MPI processes
%  type: mpi
sol = [
0.0000000000000000e+00
-2.6721048075906477e+01
-1.8566969671568160e+01
-1.1117500172347146e+01
-6.8354169240850799e+00
-4.5038807993120926e+00
-3.1564634595591925e+00
-2.3232589456950747e+00
-1.7755749915318042e+00
-1.3988776987202387e+00
-1.1294715469667469e+00
-9.3022598984316740e-01
-7.7886116341505274e-01
-6.6144574237544052e-01
-5.6852389038136952e-01
-4.9375737682696680e-01
-4.3276805346124486e-01
-3.8236684677454891e-01
-3.4020419034118610e-01
-3.0462966874754921e-01
-2.7434532231674486e-01
-2.4831203004272273e-01
-2.2580449307019959e-01
-2.0620752232091777e-01
-1.8903189783296551e-01
-1.7390257683274790e-01
-1.6051904614579279e-01
-1.4861509451296842e-01
-1.3797312237848181e-01
-1.2843532897185228e-01
-1.1985314272195587e-01
-1.1208842550771519e-01
-1.0505570032388024e-01
-9.8666433434312265e-02
-9.2832343519804836e-02
-8.7500317305876499e-02
-8.2616513986111584e-02
-7.8124966252876057e-02
-7.3987576372193595e-02
-7.0171916233135012e-02
-6.6641630309506941e-02
-6.3367707434689668e-02
-6.0330661122763883e-02
-5.7506460728758847e-02
-5.4871976545575039e-02
-5.2415738333242673e-02
-5.0121677958499582e-02
-4.7970726044001669e-02
-4.5956461483689190e-02
-4.4067690244865745e-02
-4.2289465946651582e-02
-4.0617424823346397e-02
-3.9043722492543766e-02
-3.7557397071967251e-02
-3.6154427513613065e-02
-3.4829607901507909e-02
-3.3574799231465044e-02
-3.2386275945014024e-02
-3.1260640872386197e-02
-3.0191781163284203e-02
-2.9176252487480597e-02
-2.8211902126648234e-02
-2.7294086540993797e-02
-2.6419640670745308e-02
-2.5587267570632382e-02
-2.4793398123884338e-02
-2.4035147275224433e-02
-2.3311802712915160e-02
-2.2620585381764438e-02
-2.1958890260543585e-02
-2.1326398850156473e-02
-2.0720915402171431e-02
-2.0140112258590859e-02
-1.9583929460787373e-02
-1.9050602634220825e-02
-1.8538075860548023e-02
-1.8046451687493199e-02
-1.7574284629870311e-02
-1.7119782471783574e-02
-1.6683141770767986e-02
-1.6263152012922562e-02
-1.5858274651612450e-02
-1.5468751649983575e-02
-1.5093544557523285e-02
-1.4731357158126533e-02
-1.4382442353214535e-02
-1.4045886357003557e-02
-1.3720623036194354e-02
-1.3406892136494382e-02
-1.3437089081832033e-02
-1.3743910909033773e-02
-1.4061857323547521e-02
-1.4391089639294329e-02
-1.4731848831843966e-02
-1.5085370962017598e-02
-1.5451828730252472e-02
-1.5831700179775723e-02
-1.6226291881163958e-02
-1.6635787695811328e-02
-1.7060969772755771e-02
-1.7503225770437059e-02
-1.7962753733709022e-02
-1.8440720695258161e-02
-1.8938611826027536e-02
-1.9456646973009709e-02
-1.9996477409016361e-02
-2.0559709948389498e-02
-2.1146600578227280e-02
-2.1759408320626304e-02
-2.2399897118375669e-02
-2.3068383597011605e-02
-2.3767890137123649e-02
-2.4500211278612984e-02
-2.5266298854099301e-02
-2.6069602543660947e-02
-2.6912120101847910e-02
-2.7795744552234363e-02
-2.8724367521436697e-02
-2.9700320754514141e-02
-3.0726719081518864e-02
-3.1808053340734256e-02
-3.2947138456596942e-02
-3.4148688503494715e-02
-3.5418024044468525e-02
-3.6758667986846592e-02
-3.8177453518568265e-02
-3.9680753906441601e-02
-4.1273499568477347e-02
-4.2965016942582486e-02
-4.4762971139958301e-02
-4.6675419300914255e-02
-4.8714044071217752e-02
-5.0888847343842782e-02
-5.3212293040699236e-02
-5.5699529989547955e-02
-5.8364104717305507e-02
-6.1224876635694876e-02
-6.4301846677086189e-02
-6.7613594801580551e-02
-7.1188505009070979e-02
-7.5054432468459900e-02
-7.9242286757263372e-02
-8.3791443188364095e-02
-8.8742189107651581e-02
-9.4143814277789464e-02
-1.0005446653883908e-01
-1.0653578390223761e-01
-1.1366731656295619e-01
-1.2153831541693476e-01
-1.3025079842373699e-01
-1.3993365393825177e-01
-1.5073264200865372e-01
-1.6282561173332488e-01
-1.7643065251182238e-01
-1.9180288858838179e-01
-2.0926679364956985e-01
-2.2921754080259765e-01
-2.5214163346459861e-01
-2.7866656077896529e-01
-3.0957616126053472e-01
-3.4588706365411520e-01
-3.8893200809325928e-01
-4.4045416898954076e-01
-5.0282762152869553e-01
-5.7922320099988878e-01
-6.7412780700381802e-01
-7.9401843049748622e-01
-9.4827782564876117e-01
-1.1510419771435980e+00
-1.4241210286698263e+00
-1.8015940536449371e+00
-2.3406700867779353e+00
-3.1327106586120568e+00
-4.3162664291700601e+00
-5.9999775871825074e+00
-7.7542750288015823e+00
-8.2317531216540107e+00
-7.7932399540444637e+00
-7.2175668470725469e+00
-5.7803161847189530e+00
-3.9492816532492880e+00
-2.6470446504486560e+00
-1.8424514648925379e+00
-1.3400833073862992e+00
-1.0128179499472358e+00
-7.9024412368203567e-01
-6.3287725867978384e-01
-5.1786145003090878e-01
-4.3988161175835683e-01
-5.2766007411806493e-01
-6.4361474583893263e-01
-8.0076417951542578e-01
-1.0199808560709820e+00
-1.3364266022111024e+00
-1.8097626333926988e+00
-2.5382192609435683e+00
-3.6402614095488448e+00
-4.9826913397242709e+00
-5.6395756521610272e+00
0.0000000000000000e+00
2.4055929233035767e-01
0.0000000000000000e+00
0.0000000000000000e+00
];
