%Vec Object:sol 1 MPI processes
%  type: mpi
sol = [
0.0000000000000000e+00
-1.6168628222306548e+01
-1.2835795173252764e+01
-8.7029635998931703e+00
-5.7121276679464517e+00
-3.8922843634992250e+00
-2.7821014982535837e+00
-2.0721688773131048e+00
-1.5976049064477489e+00
-1.2669198517650155e+00
-1.0277808612228303e+00
-8.4974281102927973e-01
-7.1397579321664306e-01
-6.0820435620686197e-01
-5.2420139845999991e-01
-4.5641058786508498e-01
-4.0097096561132389e-01
-3.5505450754346218e-01
-3.1656811960528836e-01
-2.8403813680029305e-01
-2.5630119910422683e-01
-2.3240971224567780e-01
-2.1171980504008206e-01
-1.9369661790572121e-01
-1.7788236174981875e-01
-1.6393637533272662e-01
-1.5158631275671766e-01
-1.4059015639195160e-01
-1.3074982320326545e-01
-1.2192199921341738e-01
-1.1397122769711583e-01
-1.0677108578108860e-01
-1.0024393979537492e-01
-9.4308878430768531e-02
-8.8884788844772480e-02
-8.3923339892910412e-02
-7.9375267433899332e-02
-7.5189028960530993e-02
-7.1329769816772401e-02
-6.7767851971628615e-02
-6.4469739703526416e-02
-6.1408721722077952e-02
-5.8567057409892091e-02
-5.5922561831899059e-02
-5.3453790467932305e-02
-5.1150391502404823e-02
-4.8997534974943045e-02
-4.6977411595198165e-02
-4.5084335217793377e-02
-4.3307974357359835e-02
-4.1634299031859785e-02
-4.0059479289556998e-02
-3.8576282004692312e-02
-3.7174392816014402e-02
-3.5850215038502269e-02
-3.4598976619437692e-02
-3.3413003250777520e-02
-3.2288906954047174e-02
-3.1223606910901574e-02
-3.0211328824919257e-02
-2.9248895652393983e-02
-2.8334392483714228e-02
-2.7463426028654796e-02
-2.6633041174518347e-02
-2.5842125671284497e-02
-2.5087297888631649e-02
-2.4365835906446393e-02
-2.3677175763010452e-02
-2.3018680792081858e-02
-2.2387870637091720e-02
-2.1784550064049384e-02
-2.1206632751244597e-02
-2.0651884363633678e-02
-2.0120350570432408e-02
-1.9610351842470203e-02
-1.9119900436693298e-02
-1.8649191735930309e-02
-1.8196846295900862e-02
-1.7761120338688038e-02
-1.7342293585470157e-02
-1.6939206734555918e-02
-1.6550354707636283e-02
-1.6176054884548707e-02
-1.5815307906163364e-02
-1.5466840254982905e-02
-1.5130973638852553e-02
-1.4806823063324988e-02
-1.4493338041249535e-02
-1.4190821103631283e-02
-1.4251860608421431e-02
-1.4607171180914896e-02
-1.4975823734173659e-02
-1.5358081464345514e-02
-1.5754293219208505e-02
-1.6165861266878617e-02
-1.6593077199363582e-02
-1.7036557817244835e-02
-1.7497805822972893e-02
-1.7977144310544167e-02
-1.8475535800174098e-02
-1.8994599566122834e-02
-1.9534697420403733e-02
-2.0097232604365325e-02
-2.0683964512247570e-02
-2.1295307067404550e-02
-2.1933221874744287e-02
-2.2599642099083002e-02
-2.3295056033204899e-02
-2.4022131109649146e-02
-2.4783022493650757e-02
-2.5578328254752931e-02
-2.6411608929223850e-02
-2.7285115723230755e-02
-2.8200196964577401e-02
-2.9160961840921557e-02
-3.0169960368564910e-02
-3.1229651392639612e-02
-3.2344731765326595e-02
-3.3518215354304770e-02
-3.4754015208028143e-02
-3.6057619062438998e-02
-3.7432698781230692e-02
-3.8885087537322449e-02
-4.0421359865427019e-02
-4.2046136674597764e-02
-4.3767815097682197e-02
-4.5594360293506692e-02
-4.7532186591735325e-02
-4.9592760989116885e-02
-5.1785781753516565e-02
-5.4121493471645868e-02
-5.6614389152870002e-02
-5.9277191087728741e-02
-6.2125576103498975e-02
-6.5178476126086002e-02
-6.8453177202270274e-02
-7.1973225014605957e-02
-7.5764140531572974e-02
-7.9850578870598987e-02
-8.4267476162625379e-02
-8.9049743911299495e-02
-9.4236592319832432e-02
-9.9875912037284270e-02
-1.0601780957379545e-01
-1.1272650314187044e-01
-1.2007528548986275e-01
-1.2814235157000176e-01
-1.3702793120420662e-01
-1.4684483064998666e-01
-1.5772223101324168e-01
-1.6982270377932440e-01
-1.8333068716415787e-01
-1.9847095496874267e-01
-2.1551890585464847e-01
-2.3479731480257068e-01
-2.5671581608379146e-01
-2.8177357113723794e-01
-3.1058524689221301e-01
-3.4394251391153108e-01
-3.8283468080477778e-01
-4.2854380480982163e-01
-4.8274936954353304e-01
-5.4764748452402334e-01
-6.2622559797394906e-01
-7.2245171589387369e-01
-8.4192435614185801e-01
-9.9279067488990891e-01
-1.1867949562132669e+00
-1.4416136111235480e+00
-1.7841923914597624e+00
-2.2571991031233072e+00
-2.9321611944650483e+00
-3.9219501200060316e+00
-5.4034798358434655e+00
-7.5315787451753904e+00
-9.8042358609307634e+00
-1.0411614357025252e+01
-9.7449922582708570e+00
-8.9009673115066121e+00
-6.9298545553892819e+00
-4.6090413066947207e+00
-3.0436285857517440e+00
-2.1020762239372148e+00
-1.5221235049838049e+00
-1.1475022632698724e+00
-8.9389473062869296e-01
-7.1524208142167878e-01
-5.8502854344360222e-01
-4.9686039151035294e-01
-5.9656113283706680e-01
-7.2839740228898220e-01
-9.0732132051742309e-01
-1.1575569875967819e+00
-1.5198038705799659e+00
-2.0648890838835809e+00
-2.9129801320247291e+00
-4.2266518061284382e+00
-5.9144887886844799e+00
-6.8047856370528033e+00
0.0000000000000000e+00
2.4055929233035767e-01
0.0000000000000000e+00
0.0000000000000000e+00
];
