%Vec Object:sol 1 MPI processes
%  type: mpi
sol = [
0.0000000000000000e+00
-3.3483280904713070e+01
-2.1478875887451871e+01
-1.2146232223349298e+01
-7.2728279664119215e+00
-4.7316737322669553e+00
-3.2924463836636497e+00
-2.4122702599364962e+00
-1.8379424244935785e+00
-1.4448573972858376e+00
-1.1644201600342861e+00
-9.5742527760013674e-01
-8.0070196554144335e-01
-6.7929779910886756e-01
-5.8332720088900214e-01
-5.0618038235076745e-01
-4.4330042682091719e-01
-3.9132772617745520e-01
-3.4788344922025016e-01
-3.1125427839234177e-01
-2.8009271627973509e-01
-2.5332130995319185e-01
-2.3018893521947845e-01
-2.1007179917547061e-01
-1.9244808703383423e-01
-1.7692975011986889e-01
-1.6320696685265940e-01
-1.5100540329068385e-01
-1.4010091989964965e-01
-1.3033099138242024e-01
-1.2154266707009076e-01
-1.1359383105653274e-01
-1.0639649263900620e-01
-9.9859581463756231e-02
-9.3892374650728375e-02
-8.8440223301965257e-02
-8.3447774976670927e-02
-7.8857563079390527e-02
-7.4630429855403413e-02
-7.0733037851443303e-02
-6.7128082301159561e-02
-6.3785788258074905e-02
-6.0686108355406408e-02
-5.7804395176633452e-02
-5.5116952679803682e-02
-5.2611956227688175e-02
-5.0272926983925055e-02
-4.8080369196515822e-02
-4.6027630406194397e-02
-4.4103234868155386e-02
-4.2291943200398717e-02
-4.0589150037500792e-02
-3.8986607425336356e-02
-3.7473274601072838e-02
-3.6045161348334555e-02
-3.4696914120031612e-02
-3.3420237156936372e-02
-3.2211290534624640e-02
-3.1066569208558600e-02
-2.9979847843779377e-02
-2.8947592096238872e-02
-2.7967567282304789e-02
-2.7035047966727632e-02
-2.6146799486324982e-02
-2.5301459968638567e-02
-2.4495399863301268e-02
-2.3725681470549924e-02
-2.2991538874856127e-02
-2.2290147808909321e-02
-2.1618864704968634e-02
-2.0977325030356285e-02
-2.0363298831892123e-02
-1.9774431423115725e-02
-1.9210621995956915e-02
-1.8670080135689510e-02
-1.8150732078237135e-02
-1.7652643233194446e-02
-1.7174348336864331e-02
-1.6714044397988428e-02
-1.6271893679029283e-02
-1.5846670894045956e-02
-1.5436831883341964e-02
-1.5042586691940668e-02
-1.4662886296624393e-02
-1.4296432307987963e-02
-1.3943447888415617e-02
-1.3603012384578672e-02
-1.3274059380124558e-02
-1.2956801033112655e-02
-1.2972111337689230e-02
-1.3254013027481346e-02
-1.3545872389557689e-02
-1.3847796315288123e-02
-1.4159967844889839e-02
-1.4483533053764900e-02
-1.4818600824420132e-02
-1.5165574272388599e-02
-1.5525653798516097e-02
-1.5898948144575400e-02
-1.6286141716771989e-02
-1.6688496695405699e-02
-1.7106122296920587e-02
-1.7540057277204812e-02
-1.7991637991322140e-02
-1.8460978434764103e-02
-1.8949561111556271e-02
-1.9458815306978905e-02
-1.9988869600007765e-02
-2.0541760669334073e-02
-2.1119039005225701e-02
-2.1720866037136813e-02
-2.2349970871005865e-02
-2.3007897824597091e-02
-2.3695379914152642e-02
-2.4415506494410068e-02
-2.5169971437130925e-02
-2.5960355558371177e-02
-2.6790109078052963e-02
-2.7661186823545635e-02
-2.8576263131433837e-02
-2.9539280363705275e-02
-3.0552577935680746e-02
-3.1620252026417203e-02
-3.2746930598812757e-02
-3.3935524831908093e-02
-3.5192003497733840e-02
-3.6521856835751348e-02
-3.7929186408534064e-02
-3.9422132924720125e-02
-4.1007228226907944e-02
-4.2691307831188068e-02
-4.4484491045270094e-02
-4.6395257402678684e-02
-4.8434274978716871e-02
-5.0614579264051052e-02
-5.2947616558676400e-02
-5.5449545776761575e-02
-5.8137736645112126e-02
-6.1028500036505416e-02
-6.4145841196117118e-02
-6.7513226892820383e-02
-7.1156952157454711e-02
-7.5110738075826480e-02
-7.9408813658298716e-02
-8.4093217967094944e-02
-8.9213577311318959e-02
-9.4822185758120139e-02
-1.0098693291050034e-01
-1.0778375789973048e-01
-1.1529929896114276e-01
-1.2364337170503149e-01
-1.3293977843447882e-01
-1.4333969903960361e-01
-1.5502860790111023e-01
-1.6822303039128433e-01
-1.8319880067498007e-01
-2.0029155823839068e-01
-2.1991425581111645e-01
-2.4259545538778809e-01
-2.6898812895410651e-01
-2.9996495157651454e-01
-3.3665481241353956e-01
-3.8053322945696405e-01
-4.3361003535026715e-01
-4.9862082994094004e-01
-5.7937843334606054e-01
-6.8135013192307803e-01
-8.1249396641220639e-01
-9.8463811889693231e-01
-1.2161690944835859e+00
-1.5364153530098472e+00
-1.9927265241904941e+00
-2.6608455076817572e+00
-3.6514503048089155e+00
-5.0351645799899440e+00
-6.4219429859891166e+00
-6.7970267099959489e+00
-6.5070435914622990e+00
-6.1172240169730019e+00
-5.0432091053570449e+00
-3.5449917024686997e+00
-2.4178121228924643e+00
-1.7014369661462978e+00
-1.2468601880142354e+00
-9.4806619815608717e-01
-7.4343823210726612e-01
-5.9800703040959735e-01
-4.9133894095965419e-01
-4.1894240480725331e-01
-5.0413877526795770e-01
-6.1684066470694865e-01
-7.6968136670132248e-01
-9.8325153534874787e-01
-1.2918230590271171e+00
-1.7534075130548856e+00
-2.4635222550906493e+00
-3.5352715172957492e+00
-4.8335117349255592e+00
-5.4673414705504140e+00
0.0000000000000000e+00
2.4055929233035767e-01
0.0000000000000000e+00
0.0000000000000000e+00
];
