%Vec Object:sol 1 MPI processes
%  type: mpi
sol = [
0.0000000000000000e+00
-1.7530028388999536e+01
-1.3669256085734190e+01
-9.0910863913760895e+00
-5.9005711543607946e+00
-3.9988491362764775e+00
-2.8467049756533558e+00
-2.1166056174592365e+00
-1.6290485547640412e+00
-1.2899811514709125e+00
-1.0456825228985884e+00
-8.6406250274950558e-01
-7.2565826929733956e-01
-6.1783846332133918e-01
-5.3217711744643326e-01
-4.6309624396392735e-01
-4.0663536775137149e-01
-3.5989747595160859e-01
-3.2074075502400123e-01
-2.8765787704221285e-01
-2.5946008095901879e-01
-2.3519305979851729e-01
-2.1419086656772240e-01
-1.9589873493346116e-01
-1.7985113558736548e-01
-1.6570161578774020e-01
-1.5317321757432378e-01
-1.4201994777001981e-01
-1.3204050125188171e-01
-1.2308915256257275e-01
-1.1502826025246569e-01
-1.0772944820784572e-01
-1.0111375709779372e-01
-9.5098991462412144e-02
-8.9602833114434940e-02
-8.4576134315463028e-02
-7.9968851718952599e-02
-7.5728692448863780e-02
-7.1820245635919516e-02
-6.8213392871901896e-02
-6.4874116484875788e-02
-6.1775310242429507e-02
-5.8898925457839847e-02
-5.6222461960862148e-02
-5.3724215478250577e-02
-5.1393451784922758e-02
-4.9214486238538302e-02
-4.7170197822264073e-02
-4.5254762084132649e-02
-4.3457684655663596e-02
-4.1764767415383729e-02
-4.0172075197440815e-02
-3.8672259412721038e-02
-3.7254886923182143e-02
-3.5916278870446655e-02
-3.4651580912816657e-02
-3.3453033473576234e-02
-3.2317184167806018e-02
-3.1240891949501443e-02
-3.0218320353496440e-02
-2.9246241952772898e-02
-2.8322696443381298e-02
-2.7443244535839292e-02
-2.6604891919523775e-02
-2.5806491059499538e-02
-2.5044625823532354e-02
-2.4316544053612700e-02
-2.3621653489866948e-02
-2.2957291235337175e-02
-2.2320953934936199e-02
-2.1712422938936663e-02
-2.1129591748774768e-02
-2.0570208845886822e-02
-2.0034299964989719e-02
-1.9520169920250907e-02
-1.9025818397378172e-02
-1.8551423403510129e-02
-1.8095593296895113e-02
-1.7656575315368260e-02
-1.7234633758788205e-02
-1.6828599852737790e-02
-1.6436962237370831e-02
-1.6060024441706174e-02
-1.5696779853649583e-02
-1.5345950612215511e-02
-1.5007845906986329e-02
-1.4681575365678816e-02
-1.4366085429932847e-02
-1.4061667308977245e-02
-1.4117580253698766e-02
-1.4464861992496095e-02
-1.4825125386073213e-02
-1.5198617446344835e-02
-1.5585669871157063e-02
-1.5987657826254505e-02
-1.6404854059360943e-02
-1.6837853199249988e-02
-1.7288126076650322e-02
-1.7755973767432841e-02
-1.8242329852309863e-02
-1.8748776090253348e-02
-1.9275648450478255e-02
-1.9824312158222918e-02
-2.0396482329037777e-02
-2.0992542318355234e-02
-2.1614403676460527e-02
-2.2263947024699676e-02
-2.2941624122921864e-02
-2.3650036437298214e-02
-2.4391276310337509e-02
-2.5165897595839315e-02
-2.5977373843187861e-02
-2.6827883210751975e-02
-2.7718711266311827e-02
-2.8653860832933406e-02
-2.9635793793906698e-02
-3.0666878892828837e-02
-3.1751683436659274e-02
-3.2893112608963881e-02
-3.4094951868044655e-02
-3.5362528906016766e-02
-3.6699379193697673e-02
-3.8111156609394806e-02
-3.9604234710929068e-02
-4.1183059738392341e-02
-4.2855777918108809e-02
-4.4630099656394411e-02
-4.6512202980644277e-02
-4.8513211391508923e-02
-5.0642498239836617e-02
-5.2909958704597720e-02
-5.5329635308391155e-02
-5.7913815678707986e-02
-6.0677662445623975e-02
-6.3639501427376483e-02
-6.6816021067216319e-02
-7.0230008181072417e-02
-7.3906147225267393e-02
-7.7868239712900786e-02
-8.2150098814516084e-02
-8.6785463351580258e-02
-9.1812220836720915e-02
-9.7278301020845143e-02
-1.0323313873944442e-01
-1.0973697223082640e-01
-1.1686080981737772e-01
-1.2468036632552322e-01
-1.3329276672123777e-01
-1.4280729862055516e-01
-1.5334910394067189e-01
-1.6507574462924221e-01
-1.7816594246027517e-01
-1.9283755415008064e-01
-2.0935755647200505e-01
-2.2803884698013838e-01
-2.4927865393320475e-01
-2.7356107866159696e-01
-3.0147437749405198e-01
-3.3376181098899566e-01
-3.7140263485725150e-01
-4.1563659811794484e-01
-4.6808777227228643e-01
-5.3087964934339460e-01
-6.0690103128458428e-01
-7.0008335934804067e-01
-8.1590401714431737e-01
-9.6221297735813205e-01
-1.1502093787543517e+00
-1.3968823846221734e+00
-1.7288705534271984e+00
-2.1882436610088547e+00
-2.8419343612976156e+00
-3.8034197523614170e+00
-5.2418304746225974e+00
-7.3044422210838107e+00
-9.5043348784327826e+00
-1.0096649433216097e+01
-9.4673946842410661e+00
-8.6646109936347013e+00
-6.7718820361805072e+00
-4.5193417120098509e+00
-2.9900996358782166e+00
-2.0671135110679724e+00
-1.4977579211851959e+00
-1.1294312123009826e+00
-8.8002987577300873e-01
-7.0425423528967945e-01
-5.7604845494255275e-01
-4.8924245235007568e-01
-5.8736521731541924e-01
-7.1710451517388052e-01
-8.9316142990565950e-01
-1.1392323100161463e+00
-1.4954658877694813e+00
-2.0310159800066492e+00
-2.8632908144400191e+00
-4.1490033608715100e+00
-5.7905077843142125e+00
-6.6483409409852854e+00
0.0000000000000000e+00
2.4055929233035767e-01
0.0000000000000000e+00
0.0000000000000000e+00
];
