%Vec Object:sol 1 MPI processes
%  type: mpi
sol = [
0.0000000000000000e+00
-2.7929863610044517e+01
-2.0922417723535972e+01
-1.3177454886062955e+01
-8.2387794169531361e+00
-5.4522803736103684e+00
-3.8238881051807043e+00
-2.8146433448136312e+00
-2.1499284826101697e+00
-1.6930555160156660e+00
-1.3665892089677885e+00
-1.1254159794513801e+00
-9.4217401406514589e-01
-8.0009091047023073e-01
-6.8773539391138139e-01
-5.9739138523334590e-01
-5.2373270759167523e-01
-4.6288791515640326e-01
-4.1200884115925090e-01
-3.6909124238433311e-01
-3.3256320071828882e-01
-3.0116944988130911e-01
-2.7403079181208984e-01
-2.5041863178449497e-01
-2.2972444724054988e-01
-2.1149436752182654e-01
-1.9535390743957440e-01
-1.8099298875291142e-01
-1.6815456013912364e-01
-1.5664738423510302e-01
-1.4629222854215568e-01
-1.3692296046247387e-01
-1.2843581728552739e-01
-1.2072405124431158e-01
-1.1368162863708452e-01
-1.0724416594387151e-01
-1.0134672515192787e-01
-9.5922074575784680e-02
-9.0924206089764745e-02
-8.6313954185386427e-02
-8.2047627828219782e-02
-7.8090296853533567e-02
-7.4418384769899926e-02
-7.1002995164241842e-02
-6.7816333701514242e-02
-6.4844492670214512e-02
-6.2068138747225610e-02
-5.9464375071603390e-02
-5.7025396401797983e-02
-5.4737730832398510e-02
-5.2583421878708292e-02
-5.0557176038545634e-02
-4.8649550024349904e-02
-4.6847358508579413e-02
-4.5145746755139583e-02
-4.3538446447978350e-02
-4.2015655997343138e-02
-4.0572886046616956e-02
-3.9206049316712920e-02
-3.7907775732079083e-02
-3.6673914903960977e-02
-3.5501883662114146e-02
-3.4386077268347109e-02
-3.3322677399756286e-02
-3.2310137734731133e-02
-3.1344145790647295e-02
-3.0421214493491198e-02
-2.9540507691117622e-02
-2.8698664163493901e-02
-2.7892527775810520e-02
-2.7121742128866897e-02
-2.6383648870030432e-02
-2.5675420303174285e-02
-2.4997015956670494e-02
-2.4346297451698744e-02
-2.3720760110462796e-02
-2.3120562599084935e-02
-2.2543950773664431e-02
-2.1988734950802554e-02
-2.1455189282591783e-02
-2.0941842329384362e-02
-2.0446809128203680e-02
-1.9970419597599279e-02
-1.9511408652804103e-02
-1.9068184207503974e-02
-1.8641089326382976e-02
-1.8229007559229612e-02
-1.7830626715037066e-02
-1.7446272931627340e-02
-1.7509109946769446e-02
-1.7933134858576689e-02
-1.8372900028813255e-02
-1.8828700200915201e-02
-1.9300933576987381e-02
-1.9791265553455284e-02
-2.0300021144316949e-02
-2.0827916840017845e-02
-2.1376731944838020e-02
-2.1946824722968709e-02
-2.2539321549835276e-02
-2.3156133736907759e-02
-2.3797660571960585e-02
-2.4465549784144225e-02
-2.5161871428300949e-02
-2.5887080676903047e-02
-2.6643484422488942e-02
-2.7433349818483110e-02
-2.8257213049752004e-02
-2.9118212505263738e-02
-3.0018867613714001e-02
-3.0959835850924856e-02
-3.1945305529772761e-02
-3.2977895252649665e-02
-3.4059144173805588e-02
-3.5193873608394412e-02
-3.6385039762520201e-02
-3.7635485698503300e-02
-3.8950706193752162e-02
-4.0334186260486925e-02
-4.1790471993971047e-02
-4.3325965544015778e-02
-4.4944904239598453e-02
-4.6654077024210511e-02
-4.8461134194513061e-02
-5.0371400359186642e-02
-5.2394652354853487e-02
-5.4540134382847716e-02
-5.6815241993648805e-02
-5.9233314406652873e-02
-6.1805575871960741e-02
-6.4543871923258639e-02
-6.7465022213758455e-02
-7.0583725858621493e-02
-7.3918125340277099e-02
-7.7490144494521768e-02
-8.1319726751161003e-02
-8.5434115671614713e-02
-8.9862806120375907e-02
-9.4634213256531527e-02
-9.9788722441594868e-02
-1.0536659367160170e-01
-1.1141302077765879e-01
-1.1798517077433714e-01
-1.2514195717663365e-01
-1.3295520856566923e-01
-1.4150204031747660e-01
-1.5087738665209263e-01
-1.6119740530358440e-01
-1.7259163329341937e-01
-1.8520827121919628e-01
-1.9923385263095503e-01
-2.1487971751131885e-01
-2.3240331166567321e-01
-2.5211988184063733e-01
-2.7439845584156802e-01
-2.9970720911819876e-01
-3.2861604182655135e-01
-3.6182601552101007e-01
-4.0023948428806611e-01
-4.4498269201353963e-01
-4.9751377681627951e-01
-5.5974086131703871e-01
-6.3415576974154397e-01
-7.2414459736608416e-01
-8.3412246408578805e-01
-9.7048153259085967e-01
-1.1423907796532307e+00
-1.3630672465070239e+00
-1.6523747727864160e+00
-2.0400392428843075e+00
-2.5743534786676721e+00
-3.3341570176219291e+00
-4.4465498592352066e+00
-6.1072131845454418e+00
-8.4921513519323142e+00
-1.1055440106214574e+01
-1.1698271589623243e+01
-1.0842022302076643e+01
-9.8030526077613729e+00
-7.5099017968353330e+00
-4.9260407674467421e+00
-3.2286072145798128e+00
-2.2203020042005930e+00
-1.6035973400247712e+00
-1.2067308955139018e+00
-9.3891893209397181e-01
-7.5046223868335793e-01
-6.1330205506699520e-01
-5.2054697533459693e-01
-6.2488574417002052e-01
-7.6284957219708094e-01
-9.5000688389617749e-01
-1.2119119455066236e+00
-1.5914641807395438e+00
-2.1631641565737691e+00
-3.0553628741842118e+00
-4.4475567946854779e+00
-6.2649432496133448e+00
-7.2474388441513415e+00
0.0000000000000000e+00
1.3464638167935297e-01
0.0000000000000000e+00
0.0000000000000000e+00
];
