%Vec Object:sol 1 MPI processes
%  type: mpi
sol = [
0.0000000000000000e+00
-2.3161699965278789e+01
-1.6804626027068537e+01
-1.0435247736141999e+01
-6.5309071406538273e+00
-4.3413611952730751e+00
-3.0580834027483501e+00
-2.2576927466694721e+00
-1.7296057795722306e+00
-1.3646989946067911e+00
-1.1031544574632401e+00
-9.0946502499509740e-01
-7.6230381688434379e-01
-6.4789587823781181e-01
-5.5722223681424632e-01
-4.8421731656744049e-01
-4.2463182492321072e-01
-3.7536692358110313e-01
-3.3413729580610790e-01
-2.9933659054494383e-01
-2.6970059562186643e-01
-2.4421650137667891e-01
-2.2217751267961638e-01
-2.0299582837208988e-01
-1.8617902969754221e-01
-1.7136065768672287e-01
-1.5824790767274655e-01
-1.4658117909219387e-01
-1.3614818463083125e-01
-1.2679503231526970e-01
-1.1837669359653881e-01
-1.1075819781171627e-01
-1.0385614887476544e-01
-9.7583728597362529e-02
-9.1852286043241069e-02
-8.6613097677818024e-02
-8.1813452679231138e-02
-7.7398496053585064e-02
-7.3330927481321584e-02
-6.9579003461115771e-02
-6.6107076856609950e-02
-6.2886709885555572e-02
-5.9898840677630648e-02
-5.7119901414690442e-02
-5.4527188230362983e-02
-5.2109499739014950e-02
-4.9851077387507860e-02
-4.7733174240078620e-02
-4.5749543360651873e-02
-4.3889206119125376e-02
-4.2137452024985679e-02
-4.0490044043811957e-02
-3.8939290104499286e-02
-3.7474394859879301e-02
-3.6091439903329102e-02
-3.4785326724636571e-02
-3.3548035670080308e-02
-3.2375924102916925e-02
-3.1265672663112559e-02
-3.0211255300582988e-02
-2.9209294169308734e-02
-2.8257694721376469e-02
-2.7351877449888869e-02
-2.6488730044319335e-02
-2.5667000573554661e-02
-2.4883167793573756e-02
-2.4134387959768681e-02
-2.3419984879121905e-02
-2.2737215781615926e-02
-2.2083507391315600e-02
-2.1458571281660573e-02
-2.0860239540270435e-02
-2.0286208349058227e-02
-1.9736443646219484e-02
-1.9209202607463029e-02
-1.8702446736051030e-02
-1.8216301503191552e-02
-1.7749338174206555e-02
-1.7299776868595206e-02
-1.6867834854566961e-02
-1.6452314585874903e-02
-1.6051685963772204e-02
-1.5666209903978049e-02
-1.5294857827354048e-02
-1.4936339153394915e-02
-1.4590924231347023e-02
-1.4257706505416037e-02
-1.3935623631594956e-02
-1.3624931413790781e-02
-1.3663638793815646e-02
-1.3983886997250391e-02
-1.4315884831261158e-02
-1.4659823016964559e-02
-1.5015973647009479e-02
-1.5385619555952225e-02
-1.5768967851481464e-02
-1.6166536429255245e-02
-1.6579687265330666e-02
-1.7008644625607645e-02
-1.7454242281225850e-02
-1.7917933560120593e-02
-1.8399964159752525e-02
-1.8901568538060333e-02
-1.9424309893059766e-02
-1.9968464688276812e-02
-2.0535772624529887e-02
-2.1127933692322659e-02
-2.1745271804782050e-02
-2.2390162242525082e-02
-2.3064481007040397e-02
-2.3768627176054290e-02
-2.4505776270433433e-02
-2.5277854243097940e-02
-2.6085928312203285e-02
-2.6933636368012645e-02
-2.7823135594056709e-02
-2.8756482787353699e-02
-2.9737800115727322e-02
-3.0769616744971424e-02
-3.1855277794573984e-02
-3.2999560377592316e-02
-3.4205527968558719e-02
-3.5478216937937741e-02
-3.6823308921809669e-02
-3.8244645852682772e-02
-3.9749510996954292e-02
-4.1344737246686282e-02
-4.3035686212765364e-02
-4.4832300742202215e-02
-4.6742834668410102e-02
-4.8775979258246040e-02
-5.0944228418302109e-02
-5.3258373121327029e-02
-5.5731807682497844e-02
-5.8380775301756546e-02
-6.1219908938531527e-02
-6.4269389820820491e-02
-6.7551030638837328e-02
-7.1085701658408856e-02
-7.4903366028273341e-02
-7.9033742040763980e-02
-8.3510183993110956e-02
-8.8375060098882435e-02
-9.3671868812324421e-02
-9.9453741718922031e-02
-1.0578334205157908e-01
-1.1272726512029750e-01
-1.2037124304677586e-01
-1.2881158963886113e-01
-1.3815848896954058e-01
-1.4855095319224254e-01
-1.6014640960760224e-01
-1.7313688218355963e-01
-1.8775520173601720e-01
-2.0426802689298393e-01
-2.2303343076546572e-01
-2.4447718408505020e-01
-2.6912352060548167e-01
-2.9764826978775299e-01
-3.3089580441457456e-01
-3.6996097785318521e-01
-4.1627875898903832e-01
-4.7172593229891296e-01
-5.3885756781732153e-01
-6.2115271450532805e-01
-7.2346158511303460e-01
-8.5268156745956258e-01
-1.0187347047044226e+00
-1.2369568113735707e+00
-1.5308618129168323e+00
-1.9375976513577544e+00
-2.5174222560048261e+00
-3.3705202811473112e+00
-4.6464422698534529e+00
-6.4683672863615840e+00
-8.3874535927535501e+00
-8.9104274341107814e+00
-8.4073685288439570e+00
-7.7533201722057061e+00
-6.1516153644432343e+00
-4.1641485894523242e+00
-2.7766752504501908e+00
-1.9275636584485767e+00
-1.3997487254995038e+00
-1.0570427511338774e+00
-8.2423376787789138e-01
-6.5987042246977479e-01
-5.3989089843555860e-01
-4.5859298908940604e-01
-5.5027069187648214e-01
-6.7140935641325161e-01
-8.3565957185604922e-01
-1.0651315217123338e+00
-1.3965928664667724e+00
-1.8935443479156555e+00
-2.6611719880559908e+00
-3.8327486040517034e+00
-5.2870159355576281e+00
-6.0173210247586493e+00
0.0000000000000000e+00
2.4055929233035767e-01
0.0000000000000000e+00
0.0000000000000000e+00
];
