%Vec Object:sol 1 MPI processes
%  type: mpi
sol = [
0.0000000000000000e+00
-2.2957371563276258e+01
-1.8143352604244171e+01
-1.2089923628736372e+01
-7.7863471538102491e+00
-5.2288251529327257e+00
-3.6986430913610069e+00
-2.7351450802524813e+00
-2.0979194470464364e+00
-1.6558175854565302e+00
-1.3388210604447324e+00
-1.1040994389016003e+00
-9.2579700689106614e-01
-7.8732119145315305e-01
-6.7763186975962963e-01
-5.8922413576894328e-01
-5.1699956110382095e-01
-4.5729966854955656e-01
-4.0734834855506308e-01
-3.6519054489201408e-01
-3.2929134409473432e-01
-2.9842375908967739e-01
-2.7172829630604273e-01
-2.4849212219288194e-01
-2.2811936485366752e-01
-2.1016556537054368e-01
-1.9427558816492310e-01
-1.8013546393542029e-01
-1.6748842121079721e-01
-1.5614765439284672e-01
-1.4593777261345561e-01
-1.3669591898355482e-01
-1.2832072119518767e-01
-1.2070759934117971e-01
-1.1375242037892298e-01
-1.0739222419702447e-01
-1.0156335320241645e-01
-9.6199709128464164e-02
-9.1256190182241764e-02
-8.6694419585272187e-02
-8.2471409990548958e-02
-7.8552820759320158e-02
-7.4915587677596068e-02
-7.1531268292156086e-02
-6.8372452158656713e-02
-6.5425583719313313e-02
-6.2671634865316059e-02
-6.0087951497941348e-02
-5.7666986257426306e-02
-5.5395479322851063e-02
-5.3255624359396236e-02
-5.1242321505098061e-02
-4.9346279557696084e-02
-4.7554409617067514e-02
-4.5861996742481675e-02
-4.4262889043298934e-02
-4.2747347593103363e-02
-4.1310981104230350e-02
-3.9949796513135682e-02
-3.8656465002271719e-02
-3.7426901730633795e-02
-3.6258603692008548e-02
-3.5145993702317087e-02
-3.4085293518631571e-02
-3.3075028186240626e-02
-3.2110908937802524e-02
-3.1189051461472030e-02
-3.0309085478961318e-02
-2.9467708348186364e-02
-2.8661768459775781e-02
-2.7890966597638202e-02
-2.7152650014556041e-02
-2.6443984982898534e-02
-2.5764985113331765e-02
-2.5113514968341154e-02
-2.4487057124627055e-02
-2.3885821469644557e-02
-2.3308054485794025e-02
-2.2751549656351063e-02
-2.2216629494490669e-02
-2.1701820962766780e-02
-2.1205220428915227e-02
-2.0727203160153598e-02
-2.0266500178216199e-02
-1.9821500817134852e-02
-1.9392590254451923e-02
-1.8978645686119480e-02
-1.8578338085100291e-02
-1.8192032201562222e-02
-1.8271776718769121e-02
-1.8728843481400751e-02
-1.9203061162033415e-02
-1.9694779820453558e-02
-2.0204457826517926e-02
-2.0733874447160648e-02
-2.1283418647008522e-02
-2.1853888223902777e-02
-2.2447192946428798e-02
-2.3063765237990624e-02
-2.3704840887736712e-02
-2.4372481204596032e-02
-2.5067171907374289e-02
-2.5790707269339918e-02
-2.6545330682984130e-02
-2.7331598940778051e-02
-2.8152014063562759e-02
-2.9009045023322261e-02
-2.9903348905598232e-02
-3.0838322609100608e-02
-3.1816722801448635e-02
-3.2839352892714689e-02
-3.3910742385165192e-02
-3.5033779224172050e-02
-3.6210220298559859e-02
-3.7445297623830538e-02
-3.8742287578983278e-02
-4.0104356764846839e-02
-4.1537491797802389e-02
-4.3045568111955416e-02
-4.4633598460990423e-02
-4.6308583493487987e-02
-4.8075245932079000e-02
-4.9941036217089854e-02
-5.1914346141550952e-02
-5.4001117123031038e-02
-5.6212054180560481e-02
-5.8557328743569066e-02
-6.1045170611224886e-02
-6.3690184264747041e-02
-6.6504759524588092e-02
-6.9501988324995184e-02
-7.2700328611803477e-02
-7.6116023778750194e-02
-7.9769056585711887e-02
-8.3683528674077759e-02
-8.7881487839449129e-02
-9.2392889445430393e-02
-9.7250198977272911e-02
-1.0248481480029197e-01
-1.0814111274519597e-01
-1.1426346164847156e-01
-1.2090167278657220e-01
-1.2811861325111068e-01
-1.3597920825742676e-01
-1.4456244732183937e-01
-1.5396135955302362e-01
-1.6427520066032095e-01
-1.7563103079960155e-01
-1.8817179287835964e-01
-2.0206109125347479e-01
-2.1750459769063785e-01
-2.3473551324325365e-01
-2.5403778092218648e-01
-2.7575896374784548e-01
-3.0030606415749334e-01
-3.2819505144264027e-01
-3.6005398356227070e-01
-3.9665536041682992e-01
-4.3894341991700692e-01
-4.8815087516037287e-01
-5.4590308133409082e-01
-6.1428598309222637e-01
-6.9602104454222158e-01
-7.9480241482178859e-01
-9.1564505406239760e-01
-1.0655176899648602e+00
-1.2543807710098014e+00
-1.4959533573797039e+00
-1.8120331258323645e+00
-2.2359108303885673e+00
-2.8188992385076395e+00
-3.6453131555176199e+00
-4.8527116221233362e+00
-6.6515546999223023e+00
-9.2349183221004569e+00
-1.2013511079703660e+01
-1.2681839146588104e+01
-1.1686912894096196e+01
-1.0502198199669985e+01
-7.9630966653352910e+00
-5.1775953790793503e+00
-3.3773044589352277e+00
-2.3169456990578552e+00
-1.6709401697846391e+00
-1.2564249939709158e+00
-9.7698361521417065e-01
-7.8071398711779871e-01
-6.3796246903148635e-01
-5.4140946946990443e-01
-6.5004993874345707e-01
-7.9374841409599139e-01
-9.8887088187384897e-01
-1.2618964951662641e+00
-1.6578660336450592e+00
-2.2552140942978181e+00
-3.1901108861456247e+00
-4.6578069715839341e+00
-6.6029190491135692e+00
-7.6793404295025924e+00
0.0000000000000000e+00
1.3464638167935297e-01
0.0000000000000000e+00
0.0000000000000000e+00
];
