%Vec Object:sol 1 MPI processes
%  type: mpi
sol = [
0.0000000000000000e+00
-1.5022253480719236e+01
-1.2111234743885875e+01
-8.3500104245934050e+00
-5.5371989650745839e+00
-3.7954558982406499e+00
-2.7208436049992506e+00
-2.0317724007828453e+00
-1.5682628512171899e+00
-1.2447142344301456e+00
-1.0108165872010522e+00
-8.3649623979879828e-01
-7.0339919539150675e-01
-5.9946075818360345e-01
-5.1686394968291360e-01
-4.5018384044798809e-01
-3.9563559788903341e-01
-3.5044501909378534e-01
-3.1255767610161800e-01
-2.8052685306701430e-01
-2.5320988411721063e-01
-2.2968811830148275e-01
-2.0932071716369544e-01
-1.9157314754858998e-01
-1.7599629243407247e-01
-1.6225598186925691e-01
-1.5008500224537266e-01
-1.3924567789635148e-01
-1.2954341958375296e-01
-1.2083755008246129e-01
-1.1299495210566243e-01
-1.0589125745764935e-01
-9.9450265557313275e-02
-9.3592416172803422e-02
-8.8237838032331511e-02
-8.3339066425750633e-02
-7.8847646747901831e-02
-7.4712799071979377e-02
-7.0900244094240186e-02
-6.7380839563648320e-02
-6.4121534350889325e-02
-6.1096016194047871e-02
-5.8286857383472362e-02
-5.5672189929967197e-02
-5.3230855059233070e-02
-5.0952667763459650e-02
-4.8822273537860603e-02
-4.6822797420177323e-02
-4.4948841498270234e-02
-4.3190209838818376e-02
-4.1533011873338473e-02
-3.9973506234858056e-02
-3.8504556531478537e-02
-3.7115947223005250e-02
-3.5804151181963770e-02
-3.4564465836142685e-02
-3.3389288040197695e-02
-3.2275284484915547e-02
-3.1219425648361020e-02
-3.0215989269736454e-02
-2.9261841094073367e-02
-2.8355105244497077e-02
-2.7491427039217201e-02
-2.6667884607738217e-02
-2.5883396345445869e-02
-2.5134609655377990e-02
-2.4418828177741700e-02
-2.3735512774723900e-02
-2.3082048906476086e-02
-2.2455975552667911e-02
-2.1857118214484127e-02
-2.1283407624893638e-02
-2.0732623782604775e-02
-2.0204830156289127e-02
-1.9698360469280418e-02
-1.9211237350743055e-02
-1.8743671804281527e-02
-1.8294294713251523e-02
-1.7861369603721356e-02
-1.7445190133083956e-02
-1.7044605008549787e-02
-1.6658114161645678e-02
-1.6286047535232728e-02
-1.5927411875674796e-02
-1.5580937052589105e-02
-1.5246956154547244e-02
-1.4924588671280619e-02
-1.4612786465806892e-02
-1.4311862374217952e-02
-1.4377518974567694e-02
-1.4740153754044243e-02
-1.5116453665979197e-02
-1.5506696061846707e-02
-1.5911244805997385e-02
-1.6331526484946870e-02
-1.6767849115600576e-02
-1.7220848985196314e-02
-1.7692057269513266e-02
-1.8181816181075370e-02
-1.8691113745286259e-02
-1.9221602603759345e-02
-1.9773666916646546e-02
-2.0348743489812218e-02
-2.0948630922860780e-02
-2.1573769461047439e-02
-2.2226164939811398e-02
-2.2907796832554686e-02
-2.3619184753732040e-02
-2.4363054427432456e-02
-2.5141616125199592e-02
-2.5955505660183648e-02
-2.6808360380136415e-02
-2.7702495134092845e-02
-2.8639312155799138e-02
-2.9623014133000836e-02
-3.0656227440295610e-02
-3.1741488675334488e-02
-3.2883607960932960e-02
-3.4085692829208342e-02
-3.5351766658352338e-02
-3.6687456350668349e-02
-3.8096550679836527e-02
-3.9585037896292759e-02
-4.1159666293374343e-02
-4.2825205681531919e-02
-4.4590269958309489e-02
-4.6463043114900668e-02
-4.8450140218771601e-02
-5.0563324024340398e-02
-5.2812569793869509e-02
-5.5208419003872342e-02
-5.7765749970380781e-02
-6.0497653061205831e-02
-6.3420241292375154e-02
-6.6552961184800849e-02
-6.9913601341865653e-02
-7.3526348968766864e-02
-7.7417429624459411e-02
-8.1612211269050286e-02
-8.6146574238225609e-02
-9.1056408312355425e-02
-9.6382024199693009e-02
-1.0217432946186981e-01
-1.0848592774449738e-01
-1.1538085343295408e-01
-1.2293457120906144e-01
-1.3122765326446839e-01
-1.4036330151346907e-01
-1.5045771210915476e-01
-1.6164398120869009e-01
-1.7408954041903879e-01
-1.8798441949246586e-01
-2.0356018694166830e-01
-2.2110055380952010e-01
-2.4093813185801480e-01
-2.6349495995660693e-01
-2.8928538656120245e-01
-3.1893704979344217e-01
-3.5323000681910327e-01
-3.9320941744698962e-01
-4.4019098289981118e-01
-4.9589774806105652e-01
-5.6258206596695937e-01
-6.4330677491658261e-01
-7.4223870867573427e-01
-8.6518083356182518e-01
-1.0204459538465396e+00
-1.2198252949647350e+00
-1.4813377843553388e+00
-1.8331244798683355e+00
-2.3194576264952871e+00
-3.0111087513431198e+00
-4.0274510715668175e+00
-5.5473611633762427e+00
-7.7294737776226015e+00
-1.0066147042533553e+01
-1.0688047322717194e+01
-9.9867786893957859e+00
-9.1066483727571477e+00
-7.0663910255326172e+00
-4.6862330522807554e+00
-3.0895882351386086e+00
-2.1320566583084823e+00
-1.5429944454185871e+00
-1.1629724236391601e+00
-9.0575602638638142e-01
-7.2463670030890759e-01
-5.9266389600644964e-01
-5.0336379493622152e-01
-6.0441435689354461e-01
-7.3803653451486617e-01
-9.1940087360847178e-01
-1.1731750171138331e+00
-1.5405423310451440e+00
-2.0937332824451365e+00
-2.9550833647379675e+00
-4.2926831014561957e+00
-6.0198695050308082e+00
-6.9382556512353322e+00
0.0000000000000000e+00
2.4055929233035767e-01
0.0000000000000000e+00
0.0000000000000000e+00
];
