%Vec Object:sol 1 MPI processes
%  type: mpi
sol = [
0.0000000000000000e+00
-1.9111616414738339e+01
-1.4602812592507577e+01
-9.5062461597832204e+00
-6.0995582977232887e+00
-4.1071896921828994e+00
-2.9153492516061448e+00
-2.1616877385494848e+00
-1.6614534555371101e+00
-1.3145119837348445e+00
-1.0643724872533442e+00
-8.7870158844851598e-01
-7.3738241493011014e-01
-6.2745190210026824e-01
-5.4025415158200352e-01
-4.6995857731533625e-01
-4.1252201187039605e-01
-3.6498888910441546e-01
-3.2517071277839377e-01
-2.9150726116716813e-01
-2.6282507651876824e-01
-2.3814950522598377e-01
-2.1680032438529451e-01
-1.9821131668410868e-01
-1.8190770263792605e-01
-1.6753613016172880e-01
-1.5481418681528472e-01
-1.4349123779060172e-01
-1.3336224071224345e-01
-1.2427867075703487e-01
-1.1610038229624950e-01
-1.0869678464052124e-01
-1.0198740129120623e-01
-9.5888588203816155e-02
-9.0316682965030926e-02
-8.5221618218423348e-02
-8.0552482675589190e-02
-7.6256156702623312e-02
-7.2296613696449116e-02
-6.8643205170914295e-02
-6.5261387773840496e-02
-6.2123624067722844e-02
-5.9211536280461149e-02
-5.6502277913592157e-02
-5.3973803116539994e-02
-5.1615348096404827e-02
-4.9411637496430488e-02
-4.7344415470760390e-02
-4.5407722198489021e-02
-4.3590915183327979e-02
-4.1879640661937993e-02
-4.0269869691781000e-02
-3.8754148110072231e-02
-3.7321932418954908e-02
-3.5969469305529807e-02
-3.4691828911504748e-02
-3.3481172210323193e-02
-3.2333987704317300e-02
-3.1247078839447072e-02
-3.0214551078146017e-02
-2.9233130313173976e-02
-2.8300814174389285e-02
-2.7413120308545431e-02
-2.6567017849827686e-02
-2.5761326341699784e-02
-2.4992597287861122e-02
-2.4258050220313007e-02
-2.3557066260775975e-02
-2.2886957860217980e-02
-2.2245200109058880e-02
-2.1631552127076542e-02
-2.1043888419829768e-02
-2.0479941398533957e-02
-1.9939717684998453e-02
-1.9421507331810670e-02
-1.8923298337213821e-02
-1.8445251883948726e-02
-1.7985964821499053e-02
-1.7543676123832789e-02
-1.7118635018523704e-02
-1.6709663798637579e-02
-1.6315245421804028e-02
-1.5935669764172142e-02
-1.5569923395737950e-02
-1.5216724615142440e-02
-1.4876370179873559e-02
-1.4547964702961194e-02
-1.4230451975929750e-02
-1.3924111891743253e-02
-1.3974662099720064e-02
-1.4313492823058575e-02
-1.4664925306145894e-02
-1.5029189530307204e-02
-1.5406599152470913e-02
-1.5798500876534796e-02
-1.6205147641475310e-02
-1.6627110785932278e-02
-1.7065827690350532e-02
-1.7521576314768427e-02
-1.7995259879691753e-02
-1.8488420802046986e-02
-1.9001367962219545e-02
-1.9535426748077962e-02
-2.0092265887318671e-02
-2.0672236753207861e-02
-2.1277198498663816e-02
-2.1908976767905691e-02
-2.2567985181000609e-02
-2.3256756221412617e-02
-2.3977316600244693e-02
-2.4730174127567603e-02
-2.5518711484187037e-02
-2.6345030674195344e-02
-2.7210352002249860e-02
-2.8118567361176541e-02
-2.9072046969997992e-02
-3.0073065987041053e-02
-3.1126056891295835e-02
-3.2233812132307769e-02
-3.3399984818013422e-02
-3.4629736477616614e-02
-3.5926461539125307e-02
-3.7295628200002040e-02
-3.8743402037899638e-02
-4.0274048676227615e-02
-4.1895454780118135e-02
-4.3615092771679138e-02
-4.5438796992274322e-02
-4.7376907365860053e-02
-4.9438604814066235e-02
-5.1633669141472494e-02
-5.3975663711299603e-02
-5.6476412973189762e-02
-5.9150532118382046e-02
-6.2015702044951077e-02
-6.5087974396295073e-02
-6.8389328566060142e-02
-7.1943558749674022e-02
-7.5773557174126871e-02
-7.9911942631695612e-02
-8.4391205791493895e-02
-8.9247826061174179e-02
-9.4528005264344225e-02
-1.0027933217707594e-01
-1.0655983411886452e-01
-1.1343792178886912e-01
-1.2098646818321637e-01
-1.2929904711204171e-01
-1.3848089811461917e-01
-1.4865249101410372e-01
-1.5996559087725393e-01
-1.7259225564269312e-01
-1.8674225038642736e-01
-2.0267266014091889e-01
-2.2068468948514181e-01
-2.4116083304277103e-01
-2.6456717463667767e-01
-2.9147769164616649e-01
-3.2263198967575440e-01
-3.5895437401423452e-01
-4.0164308562763557e-01
-4.5226834746719807e-01
-5.1288442738716489e-01
-5.8617702691274776e-01
-6.7599986013094893e-01
-7.8763892190957241e-01
-9.2865952149330511e-01
-1.1100756609086435e+00
-1.3484745549964106e+00
-1.6688178560332785e+00
-2.1119371919453305e+00
-2.7442357161709050e+00
-3.6728665361738413e+00
-5.0626082023895274e+00
-7.0557829888482599e+00
-9.1724409758515115e+00
-9.7461986456407725e+00
-9.1551928956718829e+00
-8.3988972919858575e+00
-6.5925886371885190e+00
-4.4171999850428145e+00
-2.9289857437096209e+00
-2.0271385214444710e+00
-1.4697277882013782e+00
-1.1087321263428498e+00
-8.6413664585508010e-01
-6.9159885250590092e-01
-5.6572496187492971e-01
-4.8049770974326605e-01
-5.7680360905441119e-01
-7.0412720588271260e-01
-8.7680957218447542e-01
-1.1181522363860068e+00
-1.4674454272006454e+00
-1.9919889414888656e+00
-2.8059777309866809e+00
-4.0593993686367691e+00
-5.6475639163756925e+00
-6.4685170963147245e+00
0.0000000000000000e+00
2.4055929233035767e-01
0.0000000000000000e+00
0.0000000000000000e+00
];
