%Vec Object:sol 1 MPI processes
%  type: mpi
sol = [
0.0000000000000000e+00
-5.4332851691497432e+01
-3.0917379101893015e+01
-1.6097792329607504e+01
-9.2692382820783656e+00
-5.9080220576706077e+00
-4.0604471928724486e+00
-2.9502593624556810e+00
-2.2359285045335446e+00
-1.7498827411462461e+00
-1.4057166561446170e+00
-1.1531426473707960e+00
-9.6238393540706513e-01
-8.1498721903937854e-01
-6.9878423396515210e-01
-6.0558321420859840e-01
-5.2976086343753370e-01
-4.6724702367411092e-01
-4.1505821490046757e-01
-3.7110252485458284e-01
-3.3372821351411397e-01
-3.0163121847416641e-01
-2.7392156333659873e-01
-2.4984274121653061e-01
-2.2876394100887479e-01
-2.1021559667213738e-01
-1.9382307594419368e-01
-1.7925583695216005e-01
-1.6624404725888456e-01
-1.5459143667677883e-01
-1.4411410482556644e-01
-1.3464177531093957e-01
-1.2606815608762212e-01
-1.1828394629808112e-01
-1.1118075270556703e-01
-1.0469269566481910e-01
-9.8753391503258806e-02
-9.3294266412844357e-02
-8.8268334679396168e-02
-8.3635580559065850e-02
-7.9351522019681403e-02
-7.5380594453791666e-02
-7.1698680644659757e-02
-6.8276398907561403e-02
-6.5085564076365968e-02
-6.2111888482699912e-02
-5.9335723350285433e-02
-5.6733965656474011e-02
-5.4298509983426731e-02
-5.2015669905334183e-02
-4.9867404526800350e-02
-4.7848178526639459e-02
-4.5948395529255413e-02
-4.4154843777532850e-02
-4.2462495284892765e-02
-4.0864955626764003e-02
-3.9352427672905428e-02
-3.7920308811746975e-02
-3.6564396877775400e-02
-3.5277341409482056e-02
-3.4054929772503073e-02
-3.2894466843731270e-02
-3.1790373892170501e-02
-3.0738812121685301e-02
-2.9738122557946070e-02
-2.8784020637667045e-02
-2.7873031693129626e-02
-2.7004205101528161e-02
-2.6174207291971799e-02
-2.5379919750678437e-02
-2.4620869975232693e-02
-2.3894425213661082e-02
-2.3197813904202225e-02
-2.2530880975654189e-02
-2.1891515924266056e-02
-2.1277287417065489e-02
-2.0688200153712026e-02
-2.0122529062857060e-02
-1.9578132932019141e-02
-1.9055199756931637e-02
-1.8552316634933903e-02
-1.8067672352393677e-02
-1.7601486046740229e-02
-1.7152521933707546e-02
-1.6719258105996289e-02
-1.6301932406857015e-02
-1.5899461721819323e-02
-1.5510596380089732e-02
-1.5135564320526346e-02
-1.5149097750347161e-02
-1.5473828291294043e-02
-1.5809926272608781e-02
-1.6157505705178203e-02
-1.6516768404581064e-02
-1.6889025754828570e-02
-1.7274392221794069e-02
-1.7673321278109038e-02
-1.8087183789252705e-02
-1.8516091828929090e-02
-1.8960820166263711e-02
-1.9422807067328712e-02
-1.9902162433263058e-02
-2.0400065213398020e-02
-2.0918034542910441e-02
-2.1456182452749998e-02
-2.2016193343028848e-02
-2.2599687732431328e-02
-2.3206790203076411e-02
-2.3839815448412637e-02
-2.4500516483962370e-02
-2.5189050256593556e-02
-2.5908517780260237e-02
-2.6660656793803920e-02
-2.7446272690773866e-02
-2.8268868469371031e-02
-2.9130343218071442e-02
-3.0032463668805551e-02
-3.0979132103645016e-02
-3.1972533528287932e-02
-3.3015672120268826e-02
-3.4112995247905023e-02
-3.5267111054769221e-02
-3.6482629230399709e-02
-3.7764757271463223e-02
-3.9116734238166077e-02
-4.0545279972773844e-02
-4.2056555281185772e-02
-4.3655126850824462e-02
-4.5350151963366475e-02
-4.7148937520743665e-02
-4.9059121387010185e-02
-5.1092059146994190e-02
-5.3257218135720541e-02
-5.5566532412560994e-02
-5.8034596904105930e-02
-6.0674170687359238e-02
-6.3503329724782204e-02
-6.6541480110193230e-02
-6.9806783545130258e-02
-7.3326071133318266e-02
-7.7125499146802876e-02
-8.1234359692162070e-02
-8.5690264701238708e-02
-9.0531304120411091e-02
-9.5804288037910357e-02
-1.0156446153854633e-01
-1.0786993046972911e-01
-1.1479621426365592e-01
-1.2242768426266651e-01
-1.3086051299830398e-01
-1.4021665349791404e-01
-1.5063341322125681e-01
-1.6227842716553242e-01
-1.7535728542917059e-01
-1.9010974346228379e-01
-2.0684122204865676e-01
-2.2592307456116056e-01
-2.4781187568109642e-01
-2.7309688140291671e-01
-3.0250420863851246e-01
-3.3696943040841332e-01
-3.7775474294787681e-01
-4.2648668349315855e-01
-4.8538001809093340e-01
-5.5744778245498094e-01
-6.4688808960477640e-01
-7.5972000667726480e-01
-9.0470527347017571e-01
-1.0948068975313388e+00
-1.3503598882678463e+00
-1.7037558535213451e+00
-2.2072409008020624e+00
-2.9461813304491495e+00
-4.0468154369251881e+00
-5.6038386206255861e+00
-7.1992074978809484e+00
-7.6083931296364193e+00
-7.1982895241329459e+00
-6.6729863142525332e+00
-5.3825610363335699e+00
-3.7081651999107588e+00
-2.4970266404297119e+00
-1.7419968388987193e+00
-1.2682145851654143e+00
-9.5882104242898292e-01
-7.4798871487491392e-01
-5.9882293167161060e-01
-4.8978899919686086e-01
-4.1580071009667685e-01
-4.9818024068449823e-01
-6.0689242581246317e-01
-7.5404277974542300e-01
-9.5913762320085272e-01
-1.2544051834393963e+00
-1.6944220028621593e+00
-2.3669530924582851e+00
-3.3704177739723891e+00
-4.5572379577506075e+00
-5.1144112655414693e+00
0.0000000000000000e+00
1.3464638167935297e-01
0.0000000000000000e+00
0.0000000000000000e+00
];
