%Vec Object:sol 1 MPI processes
%  type: mpi
sol = [
0.0000000000000000e+00
-2.8860131088566238e+01
-2.1410818133965126e+01
-1.3355419070705057e+01
-8.3048597456738378e+00
-5.4852473136111941e+00
-3.8426632646306360e+00
-2.8253658039500764e+00
-2.1573342063133079e+00
-1.6986036019032533e+00
-1.3706884670229045e+00
-1.1280447598603001e+00
-9.4422394054788938e-01
-8.0176846796410750e-01
-6.8912370721679295e-01
-5.9855062835410644e-01
-5.2470774556112809e-01
-4.6371269940602061e-01
-4.1270944546516541e-01
-3.6968588905398386e-01
-3.3302142406278828e-01
-3.0151824252965859e-01
-2.7429117487974214e-01
-2.5060700865958174e-01
-2.2985370002038386e-01
-2.1157478583509701e-01
-1.9540570110184749e-01
-1.8102461210487744e-01
-1.6816848758122796e-01
-1.5664576411634359e-01
-1.4627690707192340e-01
-1.3689551425059493e-01
-1.2839763878003338e-01
-1.2067635301303289e-01
-1.1362545860509313e-01
-1.0718045485402244e-01
-1.0127629306529559e-01
-9.5845640286615852e-02
-9.0842408810651934e-02
-8.6227362492582213e-02
-8.1956745772574807e-02
-7.7995574515891258e-02
-7.4320224441009705e-02
-7.0901756474981606e-02
-6.7712340556495346e-02
-6.4738034458695470e-02
-6.1959475359438090e-02
-5.9353744314116427e-02
-5.6913009260364196e-02
-5.4623777213352522e-02
-5.2468078790551813e-02
-5.0440599370764130e-02
-4.8531880093094802e-02
-4.6728727750239646e-02
-4.5026272106201581e-02
-4.3418232342904040e-02
-4.1894802075268127e-02
-4.0451481097091860e-02
-3.9084171448933502e-02
-3.7785500149137376e-02
-3.6551309765014257e-02
-3.5379007527327387e-02
-3.4262986955077283e-02
-3.3199425727428053e-02
-3.2186768592991487e-02
-3.1220702059631199e-02
-3.0297737430798870e-02
-2.9417030075599419e-02
-2.8575218233755549e-02
-2.7769145971714777e-02
-2.6998448747704951e-02
-2.6260467996836671e-02
-2.5552377563326421e-02
-2.4874129128912438e-02
-2.4223584365948774e-02
-2.3598241050193793e-02
-2.2998250304624799e-02
-2.2421858284739540e-02
-2.1866878302097156e-02
-2.1333577301763690e-02
-2.0820484406180225e-02
-2.0325717863412373e-02
-1.9849600769331500e-02
-1.9390868896496567e-02
-1.8947933302848916e-02
-1.8521130668359340e-02
-1.8109345737403831e-02
-1.7711269149828297e-02
-1.7327221152748595e-02
-1.7387350988321826e-02
-1.7806090682970153e-02
-1.8240343130344835e-02
-1.8690394043480225e-02
-1.9156631816190550e-02
-1.9640703547441962e-02
-2.0142923801600602e-02
-2.0663995864185585e-02
-2.1205678044974675e-02
-2.1768316475730104e-02
-2.2353019812586531e-02
-2.2961675191373807e-02
-2.3594667752901494e-02
-2.4253621536963678e-02
-2.4940578622326553e-02
-2.5655977538633162e-02
-2.6402093676508091e-02
-2.7181161575722850e-02
-2.7993697614709455e-02
-2.8842798483573736e-02
-2.9730945231632912e-02
-3.0658771428372859e-02
-3.1630410379421048e-02
-3.2648437040542190e-02
-3.3714355087389694e-02
-3.4832919564339232e-02
-3.6007034750902764e-02
-3.7239491190345343e-02
-3.8535704223535285e-02
-3.9899095521503933e-02
-4.1334135613498725e-02
-4.2847129361934577e-02
-4.4442236896971146e-02
-4.6126155612342928e-02
-4.7905708260285292e-02
-4.9786423948365896e-02
-5.1778186924521526e-02
-5.3890078995129667e-02
-5.6129343466484558e-02
-5.8509095417453291e-02
-6.1040348239939105e-02
-6.3734720556735444e-02
-6.6608737878825722e-02
-6.9676816377812228e-02
-7.2956762740776643e-02
-7.6470104270951245e-02
-8.0236393724973584e-02
-8.4282376925691169e-02
-8.8636999606858780e-02
-9.3328115996389460e-02
-9.8395371850463723e-02
-1.0387825375143402e-01
-1.0982108113680039e-01
-1.1627994581740335e-01
-1.2331261015130175e-01
-1.3098946712653303e-01
-1.3939345920440405e-01
-1.4861290588568135e-01
-1.5876114072326386e-01
-1.6996555497286484e-01
-1.8237189445524848e-01
-1.9616364432019381e-01
-2.1154868323814455e-01
-2.2878027426106221e-01
-2.4816857998721281e-01
-2.7007669319188427e-01
-2.9496534056679058e-01
-3.2339541487961959e-01
-3.5605698755898013e-01
-3.9383842321589224e-01
-4.3784867931174903e-01
-4.8952379054477990e-01
-5.5071297270271791e-01
-6.2377805308224366e-01
-7.1211566915801627e-01
-8.2023408513298213e-01
-9.5440407542535366e-01
-1.1235980262516327e+00
-1.3408554252525873e+00
-1.6252104047397484e+00
-2.0065888608446887e+00
-2.5330915993580483e+00
-3.2805087079055149e+00
-4.3767532877300486e+00
-6.0131435473193813e+00
-8.3628629997107211e+00
-1.0887316332382273e+01
-1.1524001091906285e+01
-1.0691846912990952e+01
-9.6772008374751017e+00
-7.4278603733144175e+00
-4.8801422581494709e+00
-3.2013852789081279e+00
-2.2025705927875294e+00
-1.5911612938998487e+00
-1.1975877403639219e+00
-9.3186437956747559e-01
-7.4486572355065050e-01
-6.0875313568928213e-01
-5.1669557393786336e-01
-6.2023645698685759e-01
-7.5710106469709271e-01
-9.4280397123328774e-01
-1.2026534307960959e+00
-1.5791023661224872e+00
-2.1460726782447463e+00
-3.0303066745541267e+00
-4.4084078617056219e+00
-6.2020838209630069e+00
-7.1673920578434940e+00
0.0000000000000000e+00
1.3464638167935297e-01
0.0000000000000000e+00
0.0000000000000000e+00
];
