%Vec Object:sol 1 MPI processes
%  type: mpi
sol = [
0.0000000000000000e+00
-3.2673295600670755e+01
-2.1158690426482654e+01
-1.2037738990219577e+01
-7.2280547857789044e+00
-4.7086006305495047e+00
-3.2791794026691772e+00
-2.4035435834946024e+00
-1.8320238260286958e+00
-1.4403644860741576e+00
-1.1610961993568749e+00
-9.5499235927397697e-01
-7.9871958029124024e-01
-6.7765851979363012e-01
-5.8195542484183282e-01
-5.0502107264769480e-01
-4.4231251616647899e-01
-3.9052580666577652e-01
-3.4722996133334999e-01
-3.1071920831796551e-01
-2.7964978489562375e-01
-2.5293690016035164e-01
-2.2985461046047490e-01
-2.0978060422483805e-01
-1.9219431652185848e-01
-1.7670860503283822e-01
-1.6301436920232354e-01
-1.5083792189068465e-01
-1.3995564745203354e-01
-1.3020539323365374e-01
-1.2143456435224985e-01
-1.1350137378871590e-01
-1.0631803186282611e-01
-9.9793678012190135e-02
-9.3837794292480445e-02
-8.8395857847586065e-02
-8.3412642876190615e-02
-7.8830809508426913e-02
-7.4611289092585298e-02
-7.0720821338787904e-02
-6.7122182143753206e-02
-6.3785661415546119e-02
-6.0691260290638122e-02
-5.7814384082811907e-02
-5.5131384639592829e-02
-5.2630468937746436e-02
-5.0295193501563924e-02
-4.8106098284003231e-02
-4.6056553143924379e-02
-4.4135103850874324e-02
-4.2326520748326261e-02
-4.0626287057690932e-02
-3.9026374957700324e-02
-3.7515624559941903e-02
-3.6089890602879419e-02
-3.4743837757925923e-02
-3.3469186560337282e-02
-3.2262111462925250e-02
-3.1119120998722244e-02
-3.0034001202265917e-02
-2.9003228348503940e-02
-2.8024578364949506e-02
-2.7093333866086519e-02
-2.6206267813379334e-02
-2.5362027018065812e-02
-2.4556987705702263e-02
-2.3788217426626550e-02
-2.3054957673580890e-02
-2.2354388375811652e-02
-2.1683869330881074e-02
-2.1043042556018809e-02
-2.0429681169568292e-02
-1.9841432382572324e-02
-1.9278201333161826e-02
-1.8738199847631212e-02
-1.8219354951096219e-02
-1.7721737545441079e-02
-1.7243883965498686e-02
-1.6783991213974812e-02
-1.6342226672475223e-02
-1.5917366127028536e-02
-1.5507864890047466e-02
-1.5113937789855493e-02
-1.4734536416345090e-02
-1.4368361571061665e-02
-1.4015640871835927e-02
-1.3675453854161697e-02
-1.3346733222920907e-02
-1.3029695255028707e-02
-1.3047071952033999e-02
-1.3332648759847705e-02
-1.3628354891480421e-02
-1.3934305020328417e-02
-1.4250690534391985e-02
-1.4578671236400824e-02
-1.4918365141164635e-02
-1.5270186326760275e-02
-1.5635351274248827e-02
-1.6013979483884062e-02
-1.6406769821821002e-02
-1.6815003361724590e-02
-1.7238802057464694e-02
-1.7679223786739817e-02
-1.8137627207601637e-02
-1.8614141520625894e-02
-1.9110274514468110e-02
-1.9627481984563103e-02
-2.0165910854546290e-02
-2.0727631226187891e-02
-2.1314225376114743e-02
-2.1925877142242221e-02
-2.2565359751902620e-02
-2.3234254370275473e-02
-2.3933326757509574e-02
-2.4665720689120523e-02
-2.5433177332464255e-02
-2.6237323438060511e-02
-2.7081454603119778e-02
-2.7967770763618803e-02
-2.8899011666158984e-02
-2.9879203983944089e-02
-3.0910754922952557e-02
-3.1997849916510550e-02
-3.3145217027466083e-02
-3.4355854497799800e-02
-3.5635856213838295e-02
-3.6990839535448704e-02
-3.8425024098631397e-02
-3.9946722136212094e-02
-4.1562627958253100e-02
-4.3279751904505538e-02
-4.5108438617245158e-02
-4.7057385361755251e-02
-4.9137517759681962e-02
-5.1362174934818386e-02
-5.3743102982344304e-02
-5.6296841243005609e-02
-5.9041179071292915e-02
-6.1992855970005825e-02
-6.5176440599996596e-02
-6.8615988646894846e-02
-7.2338459659334581e-02
-7.6378390588212094e-02
-8.0770882200405902e-02
-8.5559017866287349e-02
-9.0793651298049421e-02
-9.6528419299477447e-02
-1.0283289002179853e-01
-1.0978491623744753e-01
-1.1747334467300460e-01
-1.2601073222112652e-01
-1.3552403203866031e-01
-1.4616825041738554e-01
-1.5813354034988450e-01
-1.7164195643663341e-01
-1.8697630219819847e-01
-2.0448073979240938e-01
-2.2457874093443492e-01
-2.4781690079152274e-01
-2.7487749420659591e-01
-3.0664558803220188e-01
-3.4428150951886449e-01
-3.8930056771440108e-01
-4.4371659045479256e-01
-5.1037239038926063e-01
-5.9317882330154648e-01
-6.9774381949270070e-01
-8.3223118654181705e-01
-1.0089318847749840e+00
-1.2466737046242100e+00
-1.5752918229376367e+00
-2.0439580249611242e+00
-2.7308265430853518e+00
-3.7513534764260172e+00
-5.1824647898238538e+00
-6.6279019439028657e+00
-7.0179994865994830e+00
-6.7012442741622005e+00
-6.2779371121202150e+00
-5.1446229303011783e+00
-3.5953293636465844e+00
-2.4430256941297488e+00
-1.7148548104605410e+00
-1.2542891210861495e+00
-9.5217679604373306e-01
-7.4554188943708377e-01
-5.9889291468593298e-01
-4.9143968770783786e-01
-4.1851621603263950e-01
-5.0303199623785699e-01
-6.1474095663674178e-01
-7.6616426551063443e-01
-9.7761921493694959e-01
-1.2828963183234001e+00
-1.7390132241389074e+00
-2.4396377591944480e+00
-3.4940693803673937e+00
-4.7637782374931392e+00
-5.3775894837286273e+00
0.0000000000000000e+00
2.4055929233035767e-01
0.0000000000000000e+00
0.0000000000000000e+00
];
