%Vec Object:sol 1 MPI processes
%  type: mpi
sol = [
0.0000000000000000e+00
-2.2094887757473739e+01
-1.7631092166861499e+01
-1.1866581784674475e+01
-7.6887229066627807e+00
-5.1806883658600915e+00
-3.6725850970142422e+00
-2.7177359995673163e+00
-2.0855278708033360e+00
-1.6480469054343310e+00
-1.3328625859662233e+00
-1.0994022298225667e+00
-9.2201921004091469e-01
-7.8423400953221911e-01
-6.7507674786177974e-01
-5.8716941260497446e-01
-5.1540315900070455e-01
-4.5605376307138623e-01
-4.0637485406483409e-01
-3.6437620293945749e-01
-3.2859953168273592e-01
-2.9783554566101322e-01
-2.7122818881577987e-01
-2.4806742779372640e-01
-2.2775967409403827e-01
-2.0986217959051218e-01
-1.9402117551752057e-01
-1.7992386135116928e-01
-1.6731440937906231e-01
-1.5600673414265623e-01
-1.4582608685571913e-01
-1.3661017101085651e-01
-1.2825801801177458e-01
-1.2066542510684945e-01
-1.1372859781815914e-01
-1.0738482625242519e-01
-1.0157068304549065e-01
-9.6220278276553925e-02
-9.1288675927276255e-02
-8.6737644808992265e-02
-8.2524330558421954e-02
-7.8614504215909403e-02
-7.4985198216074869e-02
-7.1608057973084671e-02
-6.8455748352248186e-02
-6.5514781335777997e-02
-6.2766189106030573e-02
-6.0187367102617302e-02
-5.7770817976765539e-02
-5.5503324602046322e-02
-5.3367112578532827e-02
-5.1357120106954680e-02
-4.9464087081584639e-02
-4.7674945843757983e-02
-4.5985009510823183e-02
-4.4388150157985064e-02
-4.2874643205360427e-02
-4.1440117520037338e-02
-4.0080599456606456e-02
-3.8788770052529245e-02
-3.7560558362213448e-02
-3.6393477858867242e-02
-3.5281958179656139e-02
-3.4222230378253865e-02
-3.3212833602170796e-02
-3.2249478664389597e-02
-3.1328704892376324e-02
-3.0449753861304423e-02
-2.9609280170803463e-02
-2.8804136686269168e-02
-2.8034039063451168e-02
-2.7296339455334211e-02
-2.6588206421294041e-02
-2.5909666998675383e-02
-2.5258589244577509e-02
-2.4632455921903128e-02
-2.4031489176536878e-02
-2.3453937877841148e-02
-2.2897594293229170e-02
-2.2362792185142741e-02
-2.1848059975957096e-02
-2.1351491996392937e-02
-2.0873473835799648e-02
-2.0412737151393717e-02
-1.9967668904057566e-02
-1.9538663701317523e-02
-1.9124598602661778e-02
-1.8724142279453990e-02
-1.8337668024334740e-02
-1.8420919935062133e-02
-1.8884654381840012e-02
-1.9365826801244625e-02
-1.9864798798560387e-02
-2.0382041278761802e-02
-2.0919356741126601e-02
-2.1477147556930282e-02
-2.2056228417999386e-02
-2.2658535827704270e-02
-2.3284517834453931e-02
-2.3935432928152735e-02
-2.4613373300623253e-02
-2.5318842984870346e-02
-2.6053666644392678e-02
-2.6820123542802679e-02
-2.7618792139862090e-02
-2.8452214938244808e-02
-2.9322902906944306e-02
-3.0231539082503180e-02
-3.1181574056909488e-02
-3.2175814163545903e-02
-3.3215094358762222e-02
-3.4304015140563894e-02
-3.5445521330292086e-02
-3.6641416592952440e-02
-3.7897018901548687e-02
-3.9215672778280010e-02
-4.0600614049219837e-02
-4.2057933002226523e-02
-4.3591588833171796e-02
-4.5206694053388952e-02
-4.6910376446189776e-02
-4.8707463764464477e-02
-5.0605548024014797e-02
-5.2613179868776942e-02
-5.4736435390219322e-02
-5.6986218830438355e-02
-5.9372916992960351e-02
-6.1904026302107673e-02
-6.4594253496253598e-02
-6.7457058109675894e-02
-7.0505772438996583e-02
-7.3759172620387323e-02
-7.7233799096534300e-02
-8.0949989460962629e-02
-8.4932265816331148e-02
-8.9203078552408235e-02
-9.3792904900451099e-02
-9.8734780240805328e-02
-1.0406067075555982e-01
-1.0981571735079952e-01
-1.1604507109580108e-01
-1.2279942013759682e-01
-1.3014271641000993e-01
-1.3814102154564248e-01
-1.4687468930011696e-01
-1.5643834591945038e-01
-1.6693296331850410e-01
-1.7848776109071782e-01
-1.9124811213827198e-01
-2.0538039393583427e-01
-2.2109372290065984e-01
-2.3862519794839629e-01
-2.5826346623381363e-01
-2.8036179989399651e-01
-3.0533384292069482e-01
-3.3370389169487991e-01
-3.6611004290838361e-01
-4.0333700593306082e-01
-4.4639402483183921e-01
-4.9654032271312826e-01
-5.5540508953117473e-01
-6.2508924179433301e-01
-7.0821738451258121e-01
-8.0866041271503708e-01
-9.3150511486632215e-01
-1.0838171860732058e+00
-1.2756913519855573e+00
-1.5217747931886250e+00
-1.8430825824317596e+00
-2.2733328659099814e+00
-2.8661299751309648e+00
-3.7044791265877794e+00
-4.9303509454620107e+00
-6.7547833865984099e+00
-9.3725999532054534e+00
-1.2192373868481882e+01
-1.2862459328466693e+01
-1.1841072320979276e+01
-1.0629027885054608e+01
-8.0445665962637758e+00
-5.2222197419999086e+00
-3.4038212372814716e+00
-2.3341423894646152e+00
-1.6828615332363113e+00
-1.2652429718182756e+00
-9.8373026144184406e-01
-7.8604901870752841e-01
-6.4229492728541626e-01
-5.4509935338748117e-01
-6.5449716195736773e-01
-7.9919996353596801e-01
-9.9569220932688551e-01
-1.2707084540107358e+00
-1.6695340425442557e+00
-2.2714030810938128e+00
-3.2137747189131134e+00
-4.6946783249508197e+00
-6.6622463646573609e+00
-7.7554090844817987e+00
0.0000000000000000e+00
1.3464638167935297e-01
0.0000000000000000e+00
0.0000000000000000e+00
];
