%Vec Object:sol 1 MPI processes
%  type: mpi
sol = [
0.0000000000000000e+00
-2.2881765470410091e+01
-1.8098824131158352e+01
-1.2070669353421049e+01
-7.7779609755954251e+00
-5.2246956328184231e+00
-3.6964091315922611e+00
-2.7336517765587880e+00
-2.0968558963120620e+00
-1.6551522105044274e+00
-1.3383094196835741e+00
-1.1036958613513472e+00
-9.2547223318783955e-01
-7.8705563215786545e-01
-6.7741194612871281e-01
-5.8908444617441702e-01
-5.1688265651936594e-01
-4.5720124345025226e-01
-4.0726511287667494e-01
-3.6511991012194578e-01
-3.2923126168129430e-01
-2.9837260174770641e-01
-2.7168473177227326e-01
-2.4845505873759374e-01
-2.2808790705816209e-01
-2.1013896479101887e-01
-1.9425321377387203e-01
-1.8011678523438965e-01
-1.6747298888832438e-01
-1.5613508097945550e-01
-1.4592772587791636e-01
-1.3668811498707364e-01
-1.2831491063679021e-01
-1.2070356537539688e-01
-1.1374997537297349e-01
-1.0739120199330793e-01
-1.0156360745205108e-01
-9.6201111445447934e-02
-9.1258626481191985e-02
-8.6697788271425033e-02
-8.2475620951053583e-02
-7.8557793510239199e-02
-7.4921250028824757e-02
-7.1537555639139230e-02
-6.8379306413750562e-02
-6.5432952578155970e-02
-6.2679471225545555e-02
-6.0096212567123740e-02
-5.7675633514451222e-02
-5.5404477929404762e-02
-5.3264942269901604e-02
-5.1251929923648742e-02
-4.9356152369140385e-02
-4.7564522568445469e-02
-4.5872327982149103e-02
-4.4273418781269114e-02
-4.2758057300343114e-02
-4.1321853981769172e-02
-3.9960817428511798e-02
-3.8667619691530875e-02
-3.7438177126710208e-02
-3.6269988146072574e-02
-3.5157476114296066e-02
-3.4096863875657184e-02
-3.3086677319554177e-02
-3.2122622827338375e-02
-3.1201234993295249e-02
-3.0321743343924509e-02
-2.9480799274467086e-02
-2.8675267410437459e-02
-2.7904801193587635e-02
-2.7166649378442913e-02
-2.6457956665709825e-02
-2.5778927101441969e-02
-2.5127425238361058e-02
-2.4500933360510253e-02
-2.3899662253988568e-02
-2.3321858363487949e-02
-2.2765314819016755e-02
-2.2230354985349612e-02
-2.1715505757462807e-02
-2.1218863127691254e-02
-2.0740803163218590e-02
-2.0280056784679423e-02
-1.9835012961274653e-02
-1.9406057613792403e-02
-1.8992067798860254e-02
-1.8591714163268078e-02
-1.8205362138291655e-02
-1.8285397643967204e-02
-1.8743042992214441e-02
-1.9217863596474257e-02
-1.9710210444451242e-02
-2.0220542918403216e-02
-2.0750642258573232e-02
-2.1300898498850234e-02
-2.1872110814169180e-02
-2.2466191224796112e-02
-2.3083573389617036e-02
-2.3725494959269393e-02
-2.4394019820742692e-02
-2.5089635127374100e-02
-2.5814137652793116e-02
-2.6569773756083027e-02
-2.7357101910037783e-02
-2.8178627470025839e-02
-2.9036822847369477e-02
-2.9932347119485753e-02
-3.0868601605298196e-02
-3.1848346998032059e-02
-3.2872389103968967e-02
-3.3945263258200034e-02
-3.5069861947249162e-02
-3.6247945673252256e-02
-3.7484753445531954e-02
-3.8783567014795989e-02
-4.0147558389749781e-02
-4.1582722523799791e-02
-4.3092941372526422e-02
-4.4683235517224903e-02
-4.6360615704386973e-02
-4.8129812729757186e-02
-4.9998288144163877e-02
-5.1974446192523199e-02
-5.4064238508879245e-02
-5.6278385699268428e-02
-5.8627074683268450e-02
-6.1118549051583641e-02
-6.3767434485556385e-02
-6.6586140159835827e-02
-6.9587778652635060e-02
-7.2790835216181807e-02
-7.6211578761529924e-02
-7.9870022520279665e-02
-8.3790304235183188e-02
-8.7994506300173497e-02
-9.2512628897772745e-02
-9.7377186470367458e-02
-1.0261962619758916e-01
-1.0828438963203617e-01
-1.1441591284891102e-01
-1.2106408251185551e-01
-1.2829185895552347e-01
-1.3616426512819932e-01
-1.4476040786143149e-01
-1.5417345361935009e-01
-1.6450280578514112e-01
-1.7587571028360363e-01
-1.8843531914413350e-01
-2.0234547545102372e-01
-2.1781214748784183e-01
-2.3506887199133608e-01
-2.5439999715437678e-01
-2.7615357776271787e-01
-3.0073718880660405e-01
-3.2866751728088966e-01
-3.6057348678466622e-01
-3.9722865046103911e-01
-4.3960828601395274e-01
-4.8889001478396876e-01
-5.4672867974465600e-01
-6.1521298936233626e-01
-6.9706794035369113e-01
-7.9599237824547020e-01
-9.1700747938520488e-01
-1.0670903694976166e+00
-1.2562131363538731e+00
-1.4981989776833882e+00
-1.8147042376918532e+00
-2.2391327411885293e+00
-2.8229975423282672e+00
-3.6504142945138827e+00
-4.8594119876428099e+00
-6.6604759544489287e+00
-9.2471395167031165e+00
-1.2029077112898008e+01
-1.2697504235133563e+01
-1.1700309495529593e+01
-1.0513238774022211e+01
-7.9702196823808915e+00
-5.1814908402113860e+00
-3.3796205635677596e+00
-2.3184483408599355e+00
-1.6719822065924188e+00
-1.2571959326122979e+00
-9.7757359778848663e-01
-7.8118062151728573e-01
-6.3834328896027237e-01
-5.4173229173824833e-01
-6.5043907764706310e-01
-7.9422550857467888e-01
-9.8946795451893399e-01
-1.2626679149527786e+00
-1.6588876952750959e+00
-2.2566318983238252e+00
-3.1921838193818357e+00
-4.6610376284642570e+00
-6.6081168727984645e+00
-7.6860022020044276e+00
0.0000000000000000e+00
1.3464638167935297e-01
0.0000000000000000e+00
0.0000000000000000e+00
];
