%Vec Object:sol 1 MPI processes
%  type: mpi
sol = [
0.0000000000000000e+00
-2.4881699995448276e+01
-1.9252980417495074e+01
-1.2546464784101149e+01
-7.9759696092143413e+00
-5.3257036836223000e+00
-3.7534529127608049e+00
-2.7700150247432749e+00
-2.1202455734156525e+00
-1.6723739966964066e+00
-1.3515792973547307e+00
-1.1136712508138287e+00
-9.3306224096403367e-01
-7.9294178521332004e-01
-6.8204448928583428e-01
-5.9280993123023973e-01
-5.2001179346571924e-01
-4.5984620702844464e-01
-4.0951168008610023e-01
-3.6703562610060958e-01
-3.3086961921283731e-01
-2.9977611037060081e-01
-2.7288805856927240e-01
-2.4945930024161683e-01
-2.2892180195105344e-01
-2.1082765876163259e-01
-1.9481750024672256e-01
-1.8057386219996513e-01
-1.6783719877869729e-01
-1.5641858324010430e-01
-1.4614079974957461e-01
-1.3683944379960691e-01
-1.2841200212097281e-01
-1.2075286979675708e-01
-1.1375702051638648e-01
-1.0736081895668151e-01
-1.0150000419878957e-01
-9.6107946724140789e-02
-9.1139118036980285e-02
-8.6554770720108212e-02
-8.2311588318610157e-02
-7.8374954118152901e-02
-7.4721564063465334e-02
-7.1322763823165686e-02
-6.8150963615411522e-02
-6.5192443875438627e-02
-6.2428034417737949e-02
-5.9834967443448933e-02
-5.7405576390527367e-02
-5.5126503011734079e-02
-5.2979870115211200e-02
-5.0960488974805998e-02
-4.9058998051272805e-02
-4.7262262602257382e-02
-4.5565503726150057e-02
-4.3962516031043390e-02
-4.2443530528303693e-02
-4.1004111048846270e-02
-3.9640221595505586e-02
-3.8344513346501227e-02
-3.7112871311955335e-02
-3.5942756306291221e-02
-3.4828577591175067e-02
-3.3766538401671195e-02
-3.2755131659920250e-02
-3.1790054135001522e-02
-3.0867829713858663e-02
-2.9987658230978452e-02
-2.9146184552075894e-02
-2.8340255470787803e-02
-2.7569548193839773e-02
-2.6831408219855409e-02
-2.6123004906044318e-02
-2.5444329462455124e-02
-2.4793245646745423e-02
-2.4167241791118014e-02
-2.3566506504771274e-02
-2.2989286318170311e-02
-2.2433382072033940e-02
-2.1899096153075268e-02
-2.1384956420370024e-02
-2.0889067282138272e-02
-2.0411785113622620e-02
-1.9951842734182025e-02
-1.9507637414434776e-02
-1.9079536779709187e-02
-1.8666420808802060e-02
-1.8266967630843529e-02
-1.7881525901306490e-02
-1.7954283423080437e-02
-1.8397651745670474e-02
-1.8857590997712635e-02
-1.9334428816108390e-02
-1.9828599162223903e-02
-2.0341834500745743e-02
-2.0874497929030979e-02
-2.1427354181637874e-02
-2.2002259512131885e-02
-2.2599616418442631e-02
-2.3220616123542794e-02
-2.3867258541052979e-02
-2.4539994601352321e-02
-2.5240558825999345e-02
-2.5971123821667608e-02
-2.6732205587914573e-02
-2.7526226544558607e-02
-2.8355573447717747e-02
-2.9220854981442522e-02
-3.0125362581856812e-02
-3.1071756539069083e-02
-3.2060781957070426e-02
-3.3096829209935293e-02
-3.4182677218514944e-02
-3.5319995517349746e-02
-3.6513849021366965e-02
-3.7767384923361604e-02
-3.9083639589569188e-02
-4.0468400096903973e-02
-4.1925384828750245e-02
-4.3459418413977685e-02
-4.5077259424084859e-02
-4.6783435932936511e-02
-4.8585131621234727e-02
-5.0490439320550765e-02
-5.2505053872934707e-02
-5.4639306181423528e-02
-5.6902995185006536e-02
-5.9304017797204990e-02
-6.1856469427631434e-02
-6.4572273678469558e-02
-6.7464024853713736e-02
-7.0549524231692196e-02
-7.3844399810476080e-02
-7.7367900151198044e-02
-8.1143257507680089e-02
-8.5191684380151775e-02
-8.9542056129729888e-02
-9.4225657634610313e-02
-9.9272705731740143e-02
-1.0472627149493050e-01
-1.1062422937447317e-01
-1.1701728759305524e-01
-1.2396685467482223e-01
-1.3153529960332977e-01
-1.3979854356178212e-01
-1.4884601302685391e-01
-1.5877304909705189e-01
-1.6970180013879688e-01
-1.8176963452679315e-01
-1.9513374459908242e-01
-2.0999183402554711e-01
-2.2656798928192343e-01
-2.4513509745807807e-01
-2.6602722634510634e-01
-2.8963549552157974e-01
-3.1645587013605808e-01
-3.4709202991094495e-01
-3.8228648184078140e-01
-4.2299454901946254e-01
-4.7040839663085510e-01
-5.2607097876855602e-01
-5.9200070497534329e-01
-6.7083257939646213e-01
-7.6600872254311103e-01
-8.8233619707102040e-01
-1.0266151050985564e+00
-1.2084401035671617e+00
-1.4417408496539064e+00
-1.7473850479150455e+00
-2.1560665645711521e+00
-2.7195504745835564e+00
-3.5189777314092003e+00
-4.6893099348191951e+00
-6.4329912175429298e+00
-8.9351265133598545e+00
-1.1629603944382199e+01
-1.2289216457969099e+01
-1.1352511985069064e+01
-1.0226629341944877e+01
-7.7846318593441239e+00
-5.0789871554240866e+00
-3.3190815736753461e+00
-2.2791467002321881e+00
-1.6447128433750287e+00
-1.2370158258959894e+00
-9.6212524083315665e-01
-7.6895885083396454e-01
-6.2834297405200557e-01
-5.3327461323757408e-01
-6.4024160946618136e-01
-7.8171997024328188e-01
-9.7377360162990079e-01
-1.2424380462164211e+00
-1.6320849663271726e+00
-2.2194232104037921e+00
-3.1377569387509965e+00
-4.5761754488955351e+00
-6.4716246305078275e+00
-7.5112600082469489e+00
0.0000000000000000e+00
1.3464638167935297e-01
0.0000000000000000e+00
0.0000000000000000e+00
];
