%Vec Object:sol 1 MPI processes
%  type: mpi
sol = [
0.0000000000000000e+00
-1.5573108968618014e+01
-1.2462067762465555e+01
-8.5221339869466917e+00
-5.6227807863981241e+00
-3.8428939586972461e+00
-2.7511481280857129e+00
-2.0515708437254330e+00
-1.5826404514459775e+00
-1.2555924269118737e+00
-1.0193086718835531e+00
-8.4313034102484163e-01
-7.0858636339339909e-01
-6.0374023517502129e-01
-5.2045423994723239e-01
-4.5322983650632376e-01
-3.9824484311603509e-01
-3.5269865680203971e-01
-3.1451788661287977e-01
-2.8224259713392452e-01
-2.5471997417240366e-01
-2.3102344703479785e-01
-2.1050659172781691e-01
-1.9263033783548170e-01
-1.7694186079614380e-01
-1.6310420993977193e-01
-1.5084795703497944e-01
-1.3993352213685409e-01
-1.3016486406277811e-01
-1.2139646511131527e-01
-1.1349621916665451e-01
-1.0634132112409482e-01
-9.9854753029467627e-02
-9.3956196796569608e-02
-8.8565093908057460e-02
-8.3633492260542938e-02
-7.9112487759978201e-02
-7.4950882738575378e-02
-7.1114079799284871e-02
-6.7572663272156705e-02
-6.4293318857175902e-02
-6.1249517234411611e-02
-5.8423658962663272e-02
-5.5793705154185982e-02
-5.3338343966794634e-02
-5.1047315540266008e-02
-4.8905888683945964e-02
-4.6896352656366519e-02
-4.5013082898218718e-02
-4.3245817158955868e-02
-4.1580596954439636e-02
-4.0013637320206054e-02
-3.8537754527403413e-02
-3.7142684914600765e-02
-3.5824867181571921e-02
-3.4579564723419977e-02
-3.3399139754213020e-02
-3.2280232156521836e-02
-3.1219787252206272e-02
-3.0212057458153471e-02
-2.9253887578809847e-02
-2.8343382568263107e-02
-2.7476168961437456e-02
-2.6649308654336457e-02
-2.5861704969693592e-02
-2.5109991189052532e-02
-2.4391458500335386e-02
-2.3705555538469113e-02
-2.3049657004298570e-02
-2.2421292483346310e-02
-2.1820277250320319e-02
-2.1244533747796501e-02
-2.0691835033525157e-02
-2.0162235788761137e-02
-1.9654063297789327e-02
-1.9165335187414329e-02
-1.8696254744220243e-02
-1.8245447837457050e-02
-1.7811174488523207e-02
-1.7393721467647096e-02
-1.6991933598481706e-02
-1.6604308424138816e-02
-1.6231169678647357e-02
-1.5871521153818735e-02
-1.5524091116738813e-02
-1.5189207032582802e-02
-1.4865986228786550e-02
-1.4553379463895098e-02
-1.4251694484121412e-02
-1.4315086608599170e-02
-1.4674113029857336e-02
-1.5046645857030494e-02
-1.5432955522114551e-02
-1.5833398544298917e-02
-1.6249389542338021e-02
-1.6681228507210811e-02
-1.7129542181672633e-02
-1.7595847741306927e-02
-1.8080478060149372e-02
-1.8584408658717667e-02
-1.9109275785461281e-02
-1.9655452688689047e-02
-2.0224359706696057e-02
-2.0817776192269391e-02
-2.1436129543012467e-02
-2.2081403884546845e-02
-2.2755555972073991e-02
-2.3459090136518781e-02
-2.4194703484119458e-02
-2.4964579269373875e-02
-2.5769334892459535e-02
-2.6612569988436148e-02
-2.7496568232618951e-02
-2.8422705515918287e-02
-2.9395138646323014e-02
-3.0416456618497290e-02
-3.1489157985743477e-02
-3.2617997325451425e-02
-3.3806036338817874e-02
-3.5057244381058311e-02
-3.6377180150082497e-02
-3.7769575236388159e-02
-3.9240341929023405e-02
-4.0796143408148772e-02
-4.2441676676413242e-02
-4.4185449439469913e-02
-4.6035538553470652e-02
-4.7998460932160078e-02
-5.0085834460440751e-02
-5.2307498868271955e-02
-5.4673850390032253e-02
-5.7199578716760485e-02
-5.9897594176221335e-02
-6.2783796369305894e-02
-6.5877379994240634e-02
-6.9195887925580929e-02
-7.2763193493263281e-02
-7.6605177607158625e-02
-8.0746859767269696e-02
-8.5223658422012627e-02
-9.0070985066504100e-02
-9.5328612627555126e-02
-1.0104678702329720e-01
-1.0727741116819710e-01
-1.1408368009937324e-01
-1.2154007450429238e-01
-1.2972609911162555e-01
-1.3874361907574981e-01
-1.4870731647067842e-01
-1.5974855075899119e-01
-1.7203259777845936e-01
-1.8574703083544877e-01
-2.0111492089113867e-01
-2.1840892161044592e-01
-2.3796546089778348e-01
-2.6019990390428882e-01
-2.8561836229367954e-01
-3.1484400799731604e-01
-3.4867935506489106e-01
-3.8812716071337944e-01
-4.3448672599930277e-01
-4.8945986873250080e-01
-5.5527154765662778e-01
-6.3494789525020168e-01
-7.3260662458943304e-01
-8.5398355856713803e-01
-1.0070081648365781e+00
-1.2036743652173549e+00
-1.4619238598594841e+00
-1.8094224520936162e+00
-2.2890531874823168e+00
-2.9725883220665961e+00
-3.9760116699752572e+00
-5.4772846211885824e+00
-7.6332397550553130e+00
-9.9389828705222492e+00
-1.0554508396667146e+01
-9.8697095124817515e+00
-9.0071972911561868e+00
-7.0004797042215792e+00
-4.6490073945467660e+00
-3.0674358780074966e+00
-2.1176103763127196e+00
-1.5329400825855464e+00
-1.1555207529075004e+00
-9.0004352462474269e-01
-7.2011273472203130e-01
-5.8898749914262505e-01
-5.0023529346597917e-01
-6.0063358328284489e-01
-7.3339648361820908e-01
-9.1358677461223270e-01
-1.1656625121272797e+00
-1.5305630487259236e+00
-2.0798556308181295e+00
-2.9348309852063008e+00
-4.2609245944852141e+00
-5.9691749263133032e+00
-6.8740139810819194e+00
0.0000000000000000e+00
2.4055929233035767e-01
0.0000000000000000e+00
0.0000000000000000e+00
];
