%Vec Object:sol 1 MPI processes
%  type: mpi
sol = [
0.0000000000000000e+00
-1.9943225208610038e+01
-1.5074828419569849e+01
-9.7131067291715834e+00
-6.1978085554135802e+00
-4.1604950619206180e+00
-2.9473209190807070e+00
-2.1836655112180807e+00
-1.6772726575022008e+00
-1.3257604146180277e+00
-1.0731629713572222e+00
-8.8574127650371925e-01
-7.4313219358645699e-01
-6.3222442256706934e-01
-5.4424245808974681e-01
-4.7326205653728598e-01
-4.1528987343780549e-01
-3.6733068730116014e-01
-3.2717292870464515e-01
-2.9326106432506893e-01
-2.6436968254930326e-01
-2.3951612338376441e-01
-2.1801457565330312e-01
-1.9929425151144359e-01
-1.8287661347939699e-01
-1.6840550947207161e-01
-1.5559629820337059e-01
-1.4419641210592152e-01
-1.3399924182445938e-01
-1.2485509956097339e-01
-1.1662277713989651e-01
-1.0917072734953276e-01
-1.0241783689122369e-01
-9.6279836654098200e-02
-9.0672471842419042e-02
-8.5545282038585538e-02
-8.0846976995802441e-02
-7.6524068112092808e-02
-7.2540258918723524e-02
-6.8864668147354355e-02
-6.5462515509293828e-02
-6.2306070172783834e-02
-5.9376807792194473e-02
-5.6651725765973215e-02
-5.4108635247241049e-02
-5.1736678077202988e-02
-4.9520473599689398e-02
-4.7441658081331974e-02
-4.5494209946192736e-02
-4.3667409842267947e-02
-4.1946823957271777e-02
-4.0328448513131082e-02
-3.8804573109546929e-02
-3.7364601262314799e-02
-3.6004614948601806e-02
-3.4719959674932716e-02
-3.3502750717829134e-02
-3.2349442730903420e-02
-3.1256807581182967e-02
-3.0218917535229251e-02
-2.9232471986746809e-02
-2.8295444955735216e-02
-2.7403329614227760e-02
-2.6553074450224382e-02
-2.5743480797280741e-02
-2.4971081864613304e-02
-2.4233081225883663e-02
-2.3528845499724643e-02
-2.2855673273549090e-02
-2.2211027470065158e-02
-2.1594655276168054e-02
-2.1004420565163766e-02
-2.0438046630578369e-02
-1.9895529976871554e-02
-1.9375152427353243e-02
-1.8874895288032812e-02
-1.8394910944456670e-02
-1.7933789847828854e-02
-1.7489766172817979e-02
-1.7063081346484276e-02
-1.6652552699406784e-02
-1.6256659822979178e-02
-1.5875685585099365e-02
-1.5508612757847392e-02
-1.5154157308386136e-02
-1.4812609652345782e-02
-1.4483071584958360e-02
-1.4164485253207433e-02
-1.3857124803667183e-02
-1.3904980011416015e-02
-1.4239605442048942e-02
-1.4586640058809769e-02
-1.4946304971868709e-02
-1.5318904442722788e-02
-1.5705770686404590e-02
-1.6107146278239410e-02
-1.6523590456481621e-02
-1.6956523492903719e-02
-1.7406211194872817e-02
-1.7873541036207554e-02
-1.8360035212478674e-02
-1.8865988287157923e-02
-1.9392705006397955e-02
-1.9941830130608983e-02
-2.0513698034766371e-02
-2.1110140726740338e-02
-2.1732955289358976e-02
-2.2382534952033580e-02
-2.3061376439524210e-02
-2.3771472168917354e-02
-2.4513305185009708e-02
-2.5290211001667683e-02
-2.6104251504360146e-02
-2.6956612068367674e-02
-2.7851126684650198e-02
-2.8790116938583295e-02
-2.9775808091879422e-02
-3.0812561776494943e-02
-3.1903110209461204e-02
-3.3051036022286720e-02
-3.4261412812053763e-02
-3.5537559109789230e-02
-3.6884844134534411e-02
-3.8309322452591131e-02
-3.9815162727435398e-02
-4.1410113234338554e-02
-4.3101480248350331e-02
-4.4895066773175681e-02
-4.6801451963678478e-02
-4.8829494152519339e-02
-5.0988534919604679e-02
-5.3291903442710779e-02
-5.5751199262152891e-02
-5.8380771457674223e-02
-6.1197987276375404e-02
-6.4218590606515732e-02
-6.7464169313097261e-02
-7.0958086962481459e-02
-7.4722798440554836e-02
-7.8790345564100542e-02
-8.3192619216986549e-02
-8.7965423682187169e-02
-9.3154131485719313e-02
-9.8805450072681392e-02
-1.0497635167172362e-01
-1.1173400944042340e-01
-1.1914994971531137e-01
-1.2731606226885128e-01
-1.3633567514323869e-01
-1.4632706094993456e-01
-1.5743926058293101e-01
-1.6984121749872924e-01
-1.8373892603483918e-01
-1.9938487654984977e-01
-2.1707487518300383e-01
-2.3718463333830844e-01
-2.6017198767603728e-01
-2.8660079758690515e-01
-3.1719085098799465e-01
-3.5282056255213901e-01
-3.9468880639059212e-01
-4.4433321858620967e-01
-5.0376452996840060e-01
-5.7571899827230266e-01
-6.6392127720016159e-01
-7.7356204998595690e-01
-9.1208270293144955e-01
-1.0902690901972942e+00
-1.3239844132810155e+00
-1.6386272221399019e+00
-2.0742034508764182e+00
-2.6946454452247601e+00
-3.6076606266317679e+00
-4.9731648577567631e+00
-6.9285400189007751e+00
-9.0042236443397368e+00
-9.5668750597529506e+00
-8.9963447438979163e+00
-8.2623309752740806e+00
-6.4997387787565657e+00
-4.3644370246708801e+00
-2.8973500293991985e+00
-2.0064212798583707e+00
-1.4551529545191937e+00
-1.0979887020601264e+00
-8.5588242340414222e-01
-6.8500485553039947e-01
-5.6035920608875633e-01
-4.7595055199891051e-01
-5.7130927146177790e-01
-6.9737294614453349e-01
-8.6828026147592396e-01
-1.1071706925474527e+00
-1.4528382795482440e+00
-1.9716314004088022e+00
-2.7760597794222384e+00
-4.0125995519371838e+00
-5.5729884769037206e+00
-6.3749072476735851e+00
0.0000000000000000e+00
2.4055929233035767e-01
0.0000000000000000e+00
0.0000000000000000e+00
];
