%Vec Object:sol 1 MPI processes
%  type: mpi
sol = [
0.0000000000000000e+00
-4.3704978932342563e+01
-2.4998234531980049e+01
-1.3197967648440409e+01
-7.6772654587205471e+00
-4.9222618309922845e+00
-3.3949922676395237e+00
-2.4718449468182393e+00
-1.8746635236671667e+00
-1.4678294547108091e+00
-1.1787347615243238e+00
-9.6625347839396170e-01
-8.0578629861991924e-01
-6.8172106234012131e-01
-5.8377626355256818e-01
-5.0520187226624325e-01
-4.4127762944156551e-01
-3.8857965719942561e-01
-3.4459470183465268e-01
-3.0756117547896800e-01
-2.7609775032496470e-01
-2.4910213592553337e-01
-2.2580555181701564e-01
-2.0557059871005154e-01
-1.8786518500127874e-01
-1.7229259507941039e-01
-1.5853201730752500e-01
-1.4631171562901901e-01
-1.3540364617400991e-01
-1.2564191836607999e-01
-1.1687105804202103e-01
-1.0894724621761631e-01
-1.0178056464910130e-01
-9.5278622433733723e-02
-8.9349999246852524e-02
-8.3938927597931284e-02
-7.8989295107078333e-02
-7.4443338291118377e-02
-7.0261349814873988e-02
-6.6409462040254483e-02
-6.2850242907690049e-02
-5.9553744469577050e-02
-5.6499482864467557e-02
-5.3662745169094889e-02
-5.1019920025694367e-02
-4.8558778510056681e-02
-4.6262785998796803e-02
-4.4112715688574562e-02
-4.2101514964711054e-02
-4.0217662561090009e-02
-3.8446225092951071e-02
-3.6782340377642879e-02
-3.5217920129550412e-02
-3.3742060953206636e-02
-3.2350407160756031e-02
-3.1037535196133153e-02
-2.9795381842970609e-02
-2.8620016415928790e-02
-2.7507833339631662e-02
-2.6452797799378678e-02
-2.5451362045635469e-02
-2.4501166022905772e-02
-2.3597639472418597e-02
-2.2737592043608146e-02
-2.1919517658742779e-02
-2.1139913248366296e-02
-2.0395926725019276e-02
-1.9686634876652190e-02
-1.9009317121935050e-02
-1.8361443823975233e-02
-1.7742484845533989e-02
-1.7150296500610392e-02
-1.6582655427827189e-02
-1.6039291197222291e-02
-1.5518487079835080e-02
-1.5018308831236848e-02
-1.4538651932577517e-02
-1.4078116495944674e-02
-1.3635039428383766e-02
-1.3209416003858582e-02
-1.2800081771003832e-02
-1.2405626209650236e-02
-1.2026098070269980e-02
-1.1660507916334164e-02
-1.1307679028717975e-02
-1.0967681356640759e-02
-1.0639655476991559e-02
-1.0322639756486790e-02
-1.0016703227245594e-02
-9.9682795688583580e-03
-1.0122317188660390e-02
-1.0280217602184196e-02
-1.0441816254855555e-02
-1.0606999959923809e-02
-1.0776379934987272e-02
-1.0949742711986316e-02
-1.1127088888932272e-02
-1.1308996543638017e-02
-1.1495189668879423e-02
-1.1685808715605607e-02
-1.1881387084639742e-02
-1.2081571576941428e-02
-1.2286669251904568e-02
-1.2497156201545980e-02
-1.2712584952073525e-02
-1.2933458504979772e-02
-1.3160180393786714e-02
-1.3392188940235599e-02
-1.3630214120297369e-02
-1.3874568664835898e-02
-1.4124553045988485e-02
-1.4381156513706240e-02
-1.4644465553772476e-02
-1.4913952240840187e-02
-1.5190559431428446e-02
-1.5474189353298364e-02
-1.5764574638381618e-02
-1.6062517749304377e-02
-1.6367716104845699e-02
-1.6680186886989586e-02
-1.7000547452703133e-02
-1.7328236385735916e-02
-1.7663567348927652e-02
-1.8006910510045167e-02
-1.8357367484099399e-02
-1.8715545577390070e-02
-1.9081411571603049e-02
-1.9453800252849436e-02
-1.9833392660582389e-02
-2.0219478349764026e-02
-2.0611016606905317e-02
-2.1008099298542707e-02
-2.1409256034674144e-02
-2.1813403314963502e-02
-2.2219721403067095e-02
-2.2625592908985959e-02
-2.3029542819640123e-02
-2.3429258631887488e-02
-2.3820414586311931e-02
-2.4200370805551739e-02
-2.4564062243507392e-02
-2.4905234235637289e-02
-2.5217814413510412e-02
-2.5492468763006079e-02
-2.5718971176329701e-02
-2.5885089893662446e-02
-2.5973818640274857e-02
-2.5966865725129268e-02
-2.5840276718831618e-02
-2.5563368913345805e-02
-2.5101073550664911e-02
-2.4406481364278889e-02
-2.3423958221324242e-02
-2.2083968242650430e-02
-2.0299967699570265e-02
-1.7973402086439289e-02
-1.4994021796431676e-02
-1.1280008132366593e-02
-6.9259159656318873e-03
-2.8088546660654089e-03
-7.3032563586280413e-04
-2.4291606775511305e-04
-1.6992240220531013e-04
-1.9559377852855568e-04
-2.9074784495894233e-04
-5.1432849105239253e-04
-1.0470847029586631e-03
-2.2237120060650765e-03
-4.7371144233521656e-03
-9.8818686417569308e-03
-1.9972913697170355e-02
-3.9126321669098289e-02
-7.4393237151086242e-02
-1.3752453252031882e-01
-2.4680574575664546e-01
-4.2723755414969694e-01
-7.0812461809837224e-01
-1.1225586109104142e+00
-1.6992832296782527e+00
-2.3259292815486123e+00
-2.5472745847362219e+00
-2.2829752811863435e+00
-1.8973495361611303e+00
-1.5583413603017717e+00
-1.2914935250254309e+00
-1.0852366340255872e+00
-9.2512900803703668e-01
-7.9914066957837704e-01
-7.1215967553902448e-01
-8.9362967982610475e-01
-1.1357618372717768e+00
-1.4677245363050606e+00
-1.9371094212987865e+00
-2.6266863160914085e+00
-3.6844713467260450e+00
-5.3878003369390584e+00
-8.2309510835014557e+00
-1.2643505838377370e+01
-1.5978711826782854e+01
0.0000000000000000e+00
2.4055929233035767e-01
0.0000000000000000e+00
0.0000000000000000e+00
];
