%Vec Object:sol 1 MPI processes
%  type: mpi
sol = [
0.0000000000000000e+00
-2.4338612565213513e+01
-1.7408232817782785e+01
-1.0675057285685210e+01
-6.6381474500030100e+00
-4.3995276926990607e+00
-3.0930948705736538e+00
-2.2809855073465255e+00
-1.7458000963122062e+00
-1.3769938461216182e+00
-1.1127322823276369e+00
-9.1683322089328245e-01
-7.6811102909266982e-01
-6.5265776181845314e-01
-5.6123205732967352e-01
-4.8763116662218609e-01
-4.2756597780468375e-01
-3.7790932243369946e-01
-3.3635543776658328e-01
-3.0128389709178383e-01
-2.7139954614027584e-01
-2.4570128857533780e-01
-2.2348140485156212e-01
-2.0414573876726974e-01
-1.8719676548367195e-01
-1.7226424936169060e-01
-1.5905241974295678e-01
-1.4729915858353751e-01
-1.3679016210538766e-01
-1.2737004425256104e-01
-1.1889243898568196e-01
-1.1122119236685649e-01
-1.0427211920978043e-01
-9.7957961891107601e-02
-9.2191653113152486e-02
-8.6920864921546437e-02
-8.2092518004175538e-02
-7.7651391744088402e-02
-7.3559924577814018e-02
-6.9786148106648641e-02
-6.6294180674047590e-02
-6.3055394596386122e-02
-6.0050587613324352e-02
-5.7256037741210714e-02
-5.4648898875852961e-02
-5.2217880210935416e-02
-4.9947119508019493e-02
-4.7817761434068719e-02
-4.5823500780663405e-02
-4.3953286396057854e-02
-4.2192328128125484e-02
-4.0536346242617170e-02
-3.8977597141972714e-02
-3.7505229036911988e-02
-3.6115288717242990e-02
-3.4802641172585712e-02
-3.3559226163730513e-02
-3.2381372806261230e-02
-3.1265735176898554e-02
-3.0206257615511531e-02
-2.9199539549871926e-02
-2.8243466483130298e-02
-2.7333436998978500e-02
-2.6466320707854745e-02
-2.5640850174311145e-02
-2.4853487727017620e-02
-2.4101375432361724e-02
-2.3383824607889042e-02
-2.2698079997873238e-02
-2.2041557403374618e-02
-2.1413957964366678e-02
-2.0813104164629236e-02
-2.0236683970073770e-02
-1.9684654310727894e-02
-1.9155264909638380e-02
-1.8646471253612344e-02
-1.8158390826557961e-02
-1.7689589086162246e-02
-1.7238281885669601e-02
-1.6804679267232683e-02
-1.6387579178118603e-02
-1.5985448590158446e-02
-1.5598541802138950e-02
-1.5225826796340660e-02
-1.4866011030256348e-02
-1.4519358759877374e-02
-1.4184960903935995e-02
-1.3861753791215041e-02
-1.3549987617627057e-02
-1.3585741412432479e-02
-1.3901346088798065e-02
-1.4228485514287469e-02
-1.4567340383064557e-02
-1.4918172182361786e-02
-1.5282247712690791e-02
-1.5659762366986088e-02
-1.6051220454057959e-02
-1.6457964981279868e-02
-1.6880206479804871e-02
-1.7318761116707788e-02
-1.7775059768061229e-02
-1.8249331960262218e-02
-1.8742789154142833e-02
-1.9256967910825835e-02
-1.9792125515110458e-02
-2.0349971507087339e-02
-2.0932174119507031e-02
-2.1539034298223521e-02
-2.2172887677709079e-02
-2.2835572130382568e-02
-2.3527458906476624e-02
-2.4251671322975833e-02
-2.5010090724643608e-02
-2.5803745340276248e-02
-2.6636209003355175e-02
-2.7509584891429229e-02
-2.8425874404642022e-02
-2.9389121397064833e-02
-3.0401788295042913e-02
-3.1467142288470626e-02
-3.2589863449746050e-02
-3.3772931415336674e-02
-3.5021273604750824e-02
-3.6340448549392008e-02
-3.7734191949224470e-02
-3.9209645975186801e-02
-4.0773526138505357e-02
-4.2430620702021832e-02
-4.4190704582752774e-02
-4.6062070438413448e-02
-4.8053201856029099e-02
-5.0176306709112412e-02
-5.2441896560927993e-02
-5.4863036471614328e-02
-5.7455582450080138e-02
-6.0233781568459571e-02
-6.3217328972592537e-02
-6.6427499853090891e-02
-6.9884611368442623e-02
-7.3617905685478199e-02
-7.7656342695292938e-02
-8.2032419471711499e-02
-8.6787454924794366e-02
-9.1963819938716593e-02
-9.7613296684249326e-02
-1.0379696143145792e-01
-1.1057966434201755e-01
-1.1804496137039386e-01
-1.2628667662867257e-01
-1.3541211177135862e-01
-1.4555670416712840e-01
-1.5687375408540039e-01
-1.6955026622033209e-01
-1.8381552325038822e-01
-1.9993789591786246e-01
-2.1825854247632517e-01
-2.3919305262486484e-01
-2.6325314703830710e-01
-2.9109866048232869e-01
-3.2355401941230261e-01
-3.6168839329107344e-01
-4.0690332155322351e-01
-4.6103213280453959e-01
-5.2650527290368343e-01
-6.0672983880495601e-01
-7.0644655064663253e-01
-8.3242604060935566e-01
-9.9452961852574351e-01
-1.2076148222895664e+00
-1.4942817785727827e+00
-1.8908789904918166e+00
-2.4573758560666423e+00
-3.2892418662500362e+00
-4.5336036037479115e+00
-6.3094865035449317e+00
-8.1724445321350796e+00
-8.6809403656728392e+00
-8.2007959484656290e+00
-7.5737650099315568e+00
-6.0275662860781765e+00
-4.0921235604241906e+00
-2.7332212099437445e+00
-1.8990131030119159e+00
-1.3797649559292335e+00
-1.0421820151008154e+00
-8.1280272255163610e-01
-6.5079206341817120e-01
-5.3249531264465844e-01
-4.5228416130728527e-01
-5.4263721882893645e-01
-6.6201826147356657e-01
-8.2386067924228445e-01
-1.0498880739700627e+00
-1.3762209328902912e+00
-1.8652446911577081e+00
-2.6195020804396369e+00
-3.7674939740679561e+00
-5.1835593516990528e+00
-5.8885388362460347e+00
0.0000000000000000e+00
2.4055929233035767e-01
0.0000000000000000e+00
0.0000000000000000e+00
];
