%Vec Object:sol 1 MPI processes
%  type: mpi
sol = [
0.0000000000000000e+00
-3.7369914859572113e+01
-2.5263084060022603e+01
-1.4623075859641796e+01
-8.7889656594521757e+00
-5.7091802770358218e+00
-3.9641546304220339e+00
-2.8983852888497506e+00
-2.2053130021384706e+00
-1.7318109849857020e+00
-1.3940773116522911e+00
-1.1455260338918560e+00
-9.5759837152083149e-01
-8.1218455145098079e-01
-6.9734343690872114e-01
-6.0504752380942251e-01
-5.2980189955441537e-01
-4.6771624672855028e-01
-4.1585091415324404e-01
-3.7214055484425046e-01
-3.3496800708396557e-01
-3.0304393787010908e-01
-2.7546595836889681e-01
-2.5148712496773223e-01
-2.3048434588558428e-01
-2.1199313088378380e-01
-1.9564263033808407e-01
-1.8110565505241177e-01
-1.6811492293846475e-01
-1.5647574428667385e-01
-1.4600577784980226e-01
-1.3653617217079414e-01
-1.2796131585910478e-01
-1.2017269548160761e-01
-1.1306268326288160e-01
-1.0656577558298751e-01
-1.0061599093996262e-01
-9.5145149989637440e-02
-9.0106511462465053e-02
-8.5460268385272348e-02
-8.1162181864991564e-02
-7.7176722661130598e-02
-7.3478939773131857e-02
-7.0039828395447604e-02
-6.6832298723416173e-02
-6.3842115175833464e-02
-6.1049662418793234e-02
-5.8431828610559025e-02
-5.5980563508840731e-02
-5.3682200155013231e-02
-5.1518658405377747e-02
-4.9484456955144494e-02
-4.7570012715974150e-02
-4.5762067035163868e-02
-4.4055629665757379e-02
-4.2444323241618905e-02
-4.0918303271351340e-02
-3.9472987026759263e-02
-3.8104196073476850e-02
-3.6804535754272949e-02
-3.5569796165919577e-02
-3.4397313350884202e-02
-3.3281469031846957e-02
-3.2218412129860347e-02
-3.1206521726100458e-02
-3.0241478566642697e-02
-2.9319783492991951e-02
-2.8440529721915377e-02
-2.7600353440569683e-02
-2.6796102166804354e-02
-2.6027351677610416e-02
-2.5291443821206499e-02
-2.4585566019366227e-02
-2.3909612351324161e-02
-2.3261446789576246e-02
-2.2638587521417220e-02
-2.2041130171859345e-02
-2.1467324929846387e-02
-2.0915009502423289e-02
-2.0384397680932507e-02
-1.9874024452444489e-02
-1.9382033962467935e-02
-1.8908698873356965e-02
-1.8452762905159847e-02
-1.8012662366315487e-02
-1.7588686644608456e-02
-1.7179730846493289e-02
-1.6784508344852678e-02
-1.6403295680538846e-02
-1.6442854668671018e-02
-1.6821013035382554e-02
-1.7212911634653591e-02
-1.7618764163653523e-02
-1.8038880780681259e-02
-1.8474765351086990e-02
-1.8926648766214079e-02
-1.9395129255994015e-02
-1.9881800251411355e-02
-2.0386910331831147e-02
-2.0911427432576877e-02
-2.1457048190448379e-02
-2.2024043407893688e-02
-2.2613849245631930e-02
-2.3228286490957942e-02
-2.3867658488700611e-02
-2.4533990927032949e-02
-2.5229259295921496e-02
-2.5953818266672583e-02
-2.6710433980056646e-02
-2.7501281278957072e-02
-2.8326797570640681e-02
-2.9190679831526217e-02
-3.0095152487766966e-02
-3.1041430057174149e-02
-3.2033739769222427e-02
-3.3074566524853709e-02
-3.4166274926778158e-02
-3.5313644488651007e-02
-3.6519582517024106e-02
-3.7787947926678424e-02
-3.9124267792576078e-02
-4.0532057655525755e-02
-4.2017134114980537e-02
-4.3586057482540956e-02
-4.5243230927415980e-02
-4.6997067069595527e-02
-4.8855439089329891e-02
-5.0824493931433262e-02
-5.2915706893242452e-02
-5.5138567184065970e-02
-5.7503059753402037e-02
-6.0023576876111422e-02
-6.2712507001392429e-02
-6.5585246078053022e-02
-6.8660472452417978e-02
-7.1954964824566037e-02
-7.5491913254416176e-02
-7.9296358958422131e-02
-8.3392210147780380e-02
-8.7813867784655802e-02
-9.2595387983060023e-02
-9.7774977162577853e-02
-1.0340119662207502e-01
-1.0952382609582662e-01
-1.1620368437016093e-01
-1.2351247755024192e-01
-1.3152631486445965e-01
-1.4034322446616807e-01
-1.5007323210983955e-01
-1.6084211934615378e-01
-1.7280858240066013e-01
-1.8615216107129229e-01
-2.0109177300754474e-01
-2.1789569402239031e-01
-2.3687312509416933e-01
-2.5840760918033356e-01
-2.8299756153088607e-01
-3.1123835512602671e-01
-3.4389711285120522e-01
-3.8193135874804407e-01
-4.2658174234131746e-01
-4.7947297348288337e-01
-5.4272789719956305e-01
-6.1923420925016937e-01
-7.1291988868904432e-01
-8.2925563436293659e-01
-9.7593974882280754e-01
-1.1641896440937840e+00
-1.4112283419915668e+00
-1.7434578668858047e+00
-2.2021248212035838e+00
-2.8553198868830094e+00
-3.8145254502578827e+00
-5.2493209933050506e+00
-7.3071912414446958e+00
-9.4975014908663180e+00
-1.0069283493702585e+01
-9.4159610089047092e+00
-8.5998472966840236e+00
-6.7116900830964736e+00
-4.4758750764996700e+00
-2.9598691380131807e+00
-2.0450288714114171e+00
-1.4808667786698706e+00
-1.1160229055866215e+00
-8.6907074653297289e-01
-6.9500310657421216e-01
-5.6809765070642482e-01
-4.8218234593151965e-01
-5.7846357181143349e-01
-7.0571744130686664e-01
-8.7824894124474506e-01
-1.1193174534459767e+00
-1.4681096028074208e+00
-1.9917140965252198e+00
-2.8039133230390587e+00
-4.0537839147110928e+00
-5.6353725709444866e+00
-6.4506780065703682e+00
0.0000000000000000e+00
1.3464638167935297e-01
0.0000000000000000e+00
0.0000000000000000e+00
];
