%Vec Object:sol 1 MPI processes
%  type: mpi
sol = [
0.0000000000000000e+00
-1.8922361573459295e+01
-1.4492999230887062e+01
-9.4581688054539317e+00
-6.0766539804823703e+00
-4.0947554185292709e+00
-2.9077236273991547e+00
-2.1565685377901342e+00
-1.6577322380097090e+00
-1.3117042200389761e+00
-1.0623304945048688e+00
-8.7706715069990104e-01
-7.3604814140681285e-01
-6.2634496659493410e-01
-5.3932357174594137e-01
-4.6916748339475056e-01
-4.1184299993495010e-01
-3.6440126201537054e-01
-3.2466316949136043e-01
-2.9109547014945641e-01
-2.6246888197746837e-01
-2.3783456593025740e-01
-2.1652069329976772e-01
-1.9796210863017538e-01
-1.8168490485373517e-01
-1.6733638030689862e-01
-1.5463464032595756e-01
-1.4332949861321978e-01
-1.3321627637481570e-01
-1.2414671904894757e-01
-1.1598092754609614e-01
-1.0858853277764374e-01
-1.0188920637076948e-01
-9.5799449282099408e-02
-9.0235736211530471e-02
-8.5148091210812918e-02
-8.0485690918804753e-02
-7.6195501075853364e-02
-7.2241557728100439e-02
-6.8593266455082472e-02
-6.5216138722446748e-02
-6.2082681887637138e-02
-5.9174552280981042e-02
-5.6468939525717382e-02
-5.3943830802415126e-02
-5.1588484333015674e-02
-4.9387649141295675e-02
-4.7323094199707171e-02
-4.5388874264819995e-02
-4.3574363918729736e-02
-4.1865227523209092e-02
-4.0257446787243995e-02
-3.8743579706433239e-02
-3.7313095660176925e-02
-3.5962249824145941e-02
-3.4686121021203199e-02
-3.3476879493263660e-02
-3.2331020519103124e-02
-3.1245353906401211e-02
-3.0213991896856827e-02
-2.9233665760483283e-02
-2.8302377931007060e-02
-2.7415651085330523e-02
-2.6570458590311530e-02
-2.5765623734401437e-02
-2.4997701803689355e-02
-2.4263915626612169e-02
-2.3563649341311544e-02
-2.2894218281441222e-02
-2.2253100063254372e-02
-2.1640056317164841e-02
-2.1052963771616383e-02
-2.0489556735109788e-02
-1.9949843982238823e-02
-1.9432117294819470e-02
-1.8934366063532299e-02
-1.8456753362739498e-02
-1.7997877392404674e-02
-1.7555978122224012e-02
-1.7131306472855445e-02
-1.6722685788474995e-02
-1.6328599721093826e-02
-1.5949339680292017e-02
-1.5583893042085548e-02
-1.5230978582147123e-02
-1.4890894455000300e-02
-1.4562745871289560e-02
-1.4245476956571738e-02
-1.3939368876741375e-02
-1.3990532570099051e-02
-1.4330320421680517e-02
-1.4682753352204486e-02
-1.5048063306811367e-02
-1.5426566019912239e-02
-1.5819611427401747e-02
-1.6227454754408774e-02
-1.6650670013568465e-02
-1.7090698391806571e-02
-1.7547820519353118e-02
-1.8022943094691345e-02
-1.8517613020322420e-02
-1.9032142308524153e-02
-1.9567860903745921e-02
-2.0126442831996941e-02
-2.0708243167110181e-02
-2.1315127049399238e-02
-2.1948926412649974e-02
-2.2610059292974927e-02
-2.3301066052399181e-02
-2.4023980921573068e-02
-2.4779317044610307e-02
-2.5570467478860687e-02
-2.6399542971996717e-02
-2.7267771361252306e-02
-2.8179057224101078e-02
-2.9135781318239032e-02
-3.0140229573221336e-02
-3.1196849908384703e-02
-3.2308447747812830e-02
-3.3478691407703334e-02
-3.4712761471963623e-02
-3.6014068622467199e-02
-3.7388102350366770e-02
-3.8841052043386823e-02
-4.0377204709097093e-02
-4.2004476926560931e-02
-4.3730346508544328e-02
-4.5560776753986086e-02
-4.7506577577492305e-02
-4.9576827020445594e-02
-5.1781103316236789e-02
-5.4133039422523406e-02
-5.6644529726156446e-02
-5.9330271594861289e-02
-6.2208042416444273e-02
-6.5293691775184459e-02
-6.8608224106658761e-02
-7.2176656063540678e-02
-7.6022024500238372e-02
-8.0177083569954899e-02
-8.4674464505094138e-02
-8.9550804892963659e-02
-9.4852500951247767e-02
-1.0062734785934420e-01
-1.0693362008159168e-01
-1.1384001816904553e-01
-1.2141973028028015e-01
-1.2976672450602522e-01
-1.3898668768431091e-01
-1.4920060357258108e-01
-1.6056087451575013e-01
-1.7324028658416740e-01
-1.8744948626350585e-01
-2.0344663231495641e-01
-2.2153419016099671e-01
-2.4209623850097936e-01
-2.6560078614403509e-01
-2.9262417092565879e-01
-3.2390901153776003e-01
-3.6038335985989789e-01
-4.0325027031839789e-01
-4.5408621454362447e-01
-5.1495307409443558e-01
-5.8863181058701730e-01
-6.7883357381004850e-01
-7.9093957357700928e-01
-9.3254388852792491e-01
-1.1147015814925387e+00
-1.3540603766947656e+00
-1.6758821755162792e+00
-2.1207567085704784e+00
-2.7558178836863663e+00
-3.6879999590597565e+00
-5.0834321286788517e+00
-7.0847706238566630e+00
-9.2112578220038479e+00
-9.7877518028513588e+00
-9.1919074349878809e+00
-8.4302429534454291e+00
-6.6139490329100763e+00
-4.4293146890402832e+00
-2.9362424746398132e+00
-2.0318880560274093e+00
-1.4730678677810480e+00
-1.1111932387421530e+00
-8.6602693421266652e-01
-6.9310865225546869e-01
-5.6695323214680471e-01
-4.8153835947401813e-01
-5.7806074101624882e-01
-7.0567224084166802e-01
-8.7876030031537622e-01
-1.1206630835155640e+00
-1.4707841602308076e+00
-1.9966406678610493e+00
-2.8128117212428050e+00
-4.0700868900603702e+00
-5.6646023861626524e+00
-6.4899241734010884e+00
0.0000000000000000e+00
2.4055929233035767e-01
0.0000000000000000e+00
0.0000000000000000e+00
];
