%Vec Object:sol 1 MPI processes
%  type: mpi
sol = [
0.0000000000000000e+00
-1.9954531035243210e+01
-1.5081117316107443e+01
-9.7158713741110514e+00
-6.1991181320200930e+00
-4.1612050254314914e+00
-2.9477466660053393e+00
-2.1839583109957910e+00
-1.6774708181918849e+00
-1.3259105123420498e+00
-1.0732803239595374e+00
-8.8583529767908076e-01
-7.4320902032289859e-01
-6.3228821935524271e-01
-5.4429136917897580e-01
-4.7330361553944389e-01
-4.1532552463070532e-01
-3.6736152143572975e-01
-3.2719978208544187e-01
-2.9328459687971109e-01
-2.6439041802758612e-01
-2.3953447862506583e-01
-2.1803089293230454e-01
-1.9930881208280843e-01
-1.8288964839680619e-01
-1.6841721240519747e-01
-1.5560683306565598e-01
-1.4420591698492682e-01
-1.3400783386989365e-01
-1.2486288040051290e-01
-1.1662983417822398e-01
-1.0917713524492396e-01
-1.0242366178368183e-01
-9.6285136329925206e-02
-9.0677296157070833e-02
-8.5549675604931819e-02
-8.0850979363011305e-02
-7.6527713888407220e-02
-7.2543579107989559e-02
-6.8867690645471741e-02
-6.5465265039059070e-02
-6.2308568869365338e-02
-5.9379075836516276e-02
-5.6653781248674401e-02
-5.4110494341415530e-02
-5.1738355702189015e-02
-4.9521983252907367e-02
-4.7443011909527301e-02
-4.5495418864712443e-02
-4.3668486398688471e-02
-4.1947788750111251e-02
-4.0329303790806466e-02
-3.8805170706963626e-02
-3.7364894412548477e-02
-3.6004825135494127e-02
-3.4720092368624299e-02
-3.3502810911143426e-02
-3.2349435062211537e-02
-3.1256736355668793e-02
-3.0218786709822587e-02
-2.9232285238389992e-02
-2.8295205708212548e-02
-2.7403041033692642e-02
-2.6552739483815545e-02
-2.5743102193254437e-02
-2.4970662178006156e-02
-2.4232622842708242e-02
-2.3528350644323445e-02
-2.2855144023374886e-02
-2.2210465774660366e-02
-2.1594062949180853e-02
-2.1003799307288181e-02
-2.0437398048081670e-02
-1.9894855558310828e-02
-1.9374453573752160e-02
-1.8874173332690872e-02
-1.8394167116353829e-02
-1.7933025307932584e-02
-1.7488982035215647e-02
-1.7062278631188952e-02
-1.6651732373914284e-02
-1.6255822823518406e-02
-1.5874832762209540e-02
-1.5507744922342380e-02
-1.5153275250801649e-02
-1.4811714084830405e-02
-1.4482163190920142e-02
-1.4163564702703781e-02
-1.3856192695105587e-02
-1.3904012983275106e-02
-1.4238582615967723e-02
-1.4585558912284427e-02
-1.4945162868981468e-02
-1.5317698627225927e-02
-1.5704498212264852e-02
-1.6105804067357475e-02
-1.6522175275354690e-02
-1.6955031884990302e-02
-1.7404639549350814e-02
-1.7871885539627104e-02
-1.8358291789018998e-02
-1.8864152680012982e-02
-1.9390772692885593e-02
-1.9939796278566072e-02
-2.0511557598134732e-02
-2.1107888309774427e-02
-2.1730585129357775e-02
-2.2380041030932198e-02
-2.3058752278904811e-02
-2.3768710852040135e-02
-2.4510399486579498e-02
-2.5287153089938397e-02
-2.6101033038570750e-02
-2.6953224270558643e-02
-2.7847560036198225e-02
-2.8786361307663617e-02
-2.9771852720131022e-02
-3.0808395004699680e-02
-3.1898719623671121e-02
-3.3046408322779136e-02
-3.4256533588212248e-02
-3.5532413005940428e-02
-3.6879414552454130e-02
-3.8303591401923624e-02
-3.9809111011039081e-02
-4.1403719919205856e-02
-4.3094722641738116e-02
-4.4887920554276650e-02
-4.6793890440587904e-02
-4.8821488396518724e-02
-5.0980053600060318e-02
-5.3282912129362141e-02
-5.5741660543684138e-02
-5.8370644397119857e-02
-6.1187226782808642e-02
-6.4207147508003992e-02
-6.7451989251028882e-02
-7.0945109871433751e-02
-7.4708958454276359e-02
-7.8775569171294649e-02
-8.3176824953126477e-02
-8.7948521128653132e-02
-9.3136019229415251e-02
-9.8786015008432690e-02
-1.0495546669940987e-01
-1.1171153104407168e-01
-1.1912571650564464e-01
-1.2728989051324147e-01
-1.3630735573818242e-01
-1.4629635562009360e-01
-1.5740589489154880e-01
-1.6980487564710459e-01
-1.8369924209874031e-01
-1.9934142365698446e-01
-2.1702715468482500e-01
-2.3713205644482291e-01
-2.6011385596856146e-01
-2.8653627810876259e-01
-3.1711625424664230e-01
-3.5273709313552964e-01
-3.9459493264917411e-01
-4.4422704409862446e-01
-5.0364368571146090e-01
-5.7558047990232153e-01
-6.6376122632790957e-01
-7.7337543510925144e-01
-9.1186283771822707e-01
-1.0899985283212599e+00
-1.3236577451598972e+00
-1.6382263494507898e+00
-2.0737019682017532e+00
-2.6939860079061240e+00
-3.6067734685307977e+00
-4.9719731559706295e+00
-6.9268396437048114e+00
-9.0019488661698848e+00
-9.5644753785289467e+00
-8.9942145387554291e+00
-8.2604885273105495e+00
-6.4984889087222975e+00
-4.3637255505017656e+00
-2.8969230575307261e+00
-2.0061415131520564e+00
-1.4549560548250817e+00
-1.0978435057089599e+00
-8.5577083019575273e-01
-6.8491568649414825e-01
-5.6028662562502130e-01
-4.7588902801871047e-01
-5.7123491228452949e-01
-6.9728151029206420e-01
-8.6816477007872528e-01
-1.1070219501510872e+00
-1.4526403620862969e+00
-1.9713554825021864e+00
-2.7756541435729685e+00
-4.0119648567013204e+00
-5.5719774324647480e+00
-6.3736390777636940e+00
0.0000000000000000e+00
2.4055929233035767e-01
0.0000000000000000e+00
0.0000000000000000e+00
];
