%Vec Object:sol 1 MPI processes
%  type: mpi
sol = [
0.0000000000000000e+00
-4.5312765735645037e+01
-2.8234867270520372e+01
-1.5463414391239787e+01
-9.0742745648244938e+00
-5.8333760247984925e+00
-4.0272425578067335e+00
-2.9345727271143014e+00
-2.2276526955954656e+00
-1.7462807517604193e+00
-1.4039890625003453e+00
-1.1525106393804621e+00
-9.6261593279978108e-01
-8.1582972461730752e-01
-6.9991840289481055e-01
-6.0681862456608082e-01
-5.3105302742228355e-01
-4.6856775928994937e-01
-4.1638989132858240e-01
-3.7243281927927352e-01
-3.3506341702444836e-01
-3.0298014729163192e-01
-2.7527292931483482e-01
-2.5118855399279744e-01
-2.3009883652403812e-01
-2.1153577600674711e-01
-1.9512583152971386e-01
-1.8053945144056244e-01
-1.6750751026158237e-01
-1.5583407305323232e-01
-1.4533506607614910e-01
-1.3583539680436119e-01
-1.2723561515474252e-01
-1.1942651335959562e-01
-1.1229968115730436e-01
-1.0578910932108036e-01
-9.9828339579173683e-02
-9.4348757035637804e-02
-8.9303302315454261e-02
-8.4651895184421691e-02
-8.0350008102103354e-02
-7.6362026093298119e-02
-7.2663784784900182e-02
-6.9225861341283043e-02
-6.6020026282236480e-02
-6.3031963300187496e-02
-6.0241990800739331e-02
-5.7626958031797113e-02
-5.5178748580769835e-02
-5.2883650860615083e-02
-5.0723574262968557e-02
-4.8692982401487589e-02
-4.6782260376681151e-02
-4.4978151660631731e-02
-4.3275626506773877e-02
-4.1668280334618016e-02
-4.0146276929972101e-02
-3.8705008406789781e-02
-3.7340270185244051e-02
-3.6044678379522473e-02
-3.4814010514367305e-02
-3.3645575819952034e-02
-3.2533767326472250e-02
-3.1474731891888846e-02
-3.0466820500361917e-02
-2.9505724827793144e-02
-2.8587952017152061e-02
-2.7712565873795003e-02
-2.6876212736045572e-02
-2.6075752881877464e-02
-2.5310731592400496e-02
-2.4578500076598980e-02
-2.3876263166813481e-02
-2.3203883763051304e-02
-2.2559234612723422e-02
-2.1939854279667017e-02
-2.1345807028430936e-02
-2.0775351568983989e-02
-2.0226347418123618e-02
-1.9698977344020933e-02
-1.9191784990902207e-02
-1.8702936357564946e-02
-1.8232673941863776e-02
-1.7779750671915839e-02
-1.7342623511734667e-02
-1.6921553031264785e-02
-1.6515444508504055e-02
-1.6123029664828377e-02
-1.5744558026931053e-02
-1.5770136770944042e-02
-1.6120060636769490e-02
-1.6482475315683025e-02
-1.6857542484982346e-02
-1.7245515798440952e-02
-1.7647798025757642e-02
-1.8064559409287938e-02
-1.8496322626586691e-02
-1.8944564360075411e-02
-1.9409462215026863e-02
-1.9891883250977828e-02
-2.0393388762840046e-02
-2.0914166060784476e-02
-2.1455516931511792e-02
-2.2019104393173856e-02
-2.2605132720072321e-02
-2.3215449271136342e-02
-2.3851844188943719e-02
-2.4514553237657423e-02
-2.5206106675343815e-02
-2.5928459476495868e-02
-2.6681904388786998e-02
-2.7469827072688961e-02
-2.8294198926556539e-02
-2.9156022951082126e-02
-3.0059148642434246e-02
-3.1005756989312037e-02
-3.1997902925677939e-02
-3.3039909297144086e-02
-3.4134309435752609e-02
-3.5284519143155245e-02
-3.6495504517268879e-02
-3.7770312201549312e-02
-3.9114132936866129e-02
-4.0532825553554412e-02
-4.2030192773794710e-02
-4.3613769582606529e-02
-4.5290543163447848e-02
-4.7065846151483952e-02
-4.8949953196065141e-02
-5.0951227145613100e-02
-5.3078442797134064e-02
-5.5344422863810645e-02
-5.7760051050361062e-02
-6.0338938599360584e-02
-6.3097657757431203e-02
-6.6050920528322524e-02
-6.9219282255255032e-02
-7.2624884054718786e-02
-7.6288684531663542e-02
-8.0241189490412215e-02
-8.4512399581746750e-02
-8.9135948552187150e-02
-9.4154776794858619e-02
-9.9612675932182135e-02
-1.0556328758046549e-01
-1.1206988778322990e-01
-1.1919836043611091e-01
-1.2703175679234216e-01
-1.3567036865106671e-01
-1.4522463741300631e-01
-1.5583421946253029e-01
-1.6765677733759932e-01
-1.8088466294160585e-01
-1.9575367978669955e-01
-2.1253930164628629e-01
-2.3159194596893559e-01
-2.5333798617120390e-01
-2.7830190615958184e-01
-3.0716004555282272e-01
-3.4075642610470436e-01
-3.8018517051302786e-01
-4.2687972487780057e-01
-4.8271336682070409e-01
-5.5023611439255304e-01
-6.3291810209745625e-01
-7.3544876550410376e-01
-8.6479944295246358e-01
-1.0310372876364322e+00
-1.2492920248247459e+00
-1.5429815617619471e+00
-1.9483176146421113e+00
-2.5266755802545018e+00
-3.3759355047944233e+00
-4.6457252699524396e+00
-6.4587293886022721e+00
-8.3620161498998886e+00
-8.8608042293466021e+00
-8.3360535264491507e+00
-7.6684432552877269e+00
-6.0754293891917115e+00
-4.1102859569180472e+00
-2.7395481638660342e+00
-1.9006221138584909e+00
-1.3794009852004976e+00
-1.0408298323898311e+00
-8.1102403822951330e-01
-6.4881803432656726e-01
-5.3042382086264817e-01
-4.5015584877519821e-01
-5.3964603588759008e-01
-6.5783668084637803e-01
-8.1799275285061135e-01
-1.0414918770494821e+00
-1.3640475325152077e+00
-1.8469152366401422e+00
-2.5907860758014110e+00
-3.7198647352147947e+00
-5.1046185275666787e+00
-5.7878101849176060e+00
0.0000000000000000e+00
1.3464638167935297e-01
0.0000000000000000e+00
0.0000000000000000e+00
];
