%Vec Object:sol 1 MPI processes
%  type: mpi
sol = [
0.0000000000000000e+00
-2.3948248060200001e+01
-1.7209827296311097e+01
-1.0596755301265341e+01
-6.6040633730233429e+00
-4.3810798110985179e+00
-3.0816663979114227e+00
-2.2737148722922176e+00
-1.7405050799053992e+00
-1.3729723774236573e+00
-1.1096363566977019e+00
-9.1453855916324689e-01
-7.6623337819088921e-01
-6.5109664502660236e-01
-5.5991704035703849e-01
-4.8651121248354345e-01
-4.2660306029718470e-01
-3.7707467553276630e-01
-3.3562698034587796e-01
-3.0064412453518008e-01
-2.7085452162168011e-01
-2.4523954010518428e-01
-2.2308836127923587e-01
-2.0379879477961382e-01
-1.8688639274526905e-01
-1.7198583412355320e-01
-1.5880204926536498e-01
-1.4707353586310626e-01
-1.3658648965885414e-01
-1.2718588889000257e-01
-1.1872570631252620e-01
-1.1107009717084404e-01
-1.0413507415915561e-01
-9.7833579276867935e-02
-9.2078737995146237e-02
-8.6818345056649066e-02
-8.1999441950774521e-02
-7.7566928176085903e-02
-7.3483327778164145e-02
-6.9716746031639742e-02
-6.6231378335386532e-02
-6.2998659347607192e-02
-5.9999432736216260e-02
-5.7210027167292725e-02
-5.4607643328303541e-02
-5.2181019603619601e-02
-4.9914327807651634e-02
-4.7788748351936826e-02
-4.5797994988911531e-02
-4.3931040380167097e-02
-4.2173120687842201e-02
-4.0519970060145551e-02
-3.8963861811502756e-02
-3.7493962809250998e-02
-3.6106331192004314e-02
-3.4795843910151135e-02
-3.3554454147795849e-02
-3.2378500259521090e-02
-3.1264645007459201e-02
-3.0206842529905117e-02
-2.9201699711282020e-02
-2.8247108559692438e-02
-2.7338474912343900e-02
-2.6472674331761394e-02
-2.5648444422594601e-02
-2.4862252954449941e-02
-2.4111246682696791e-02
-2.3394740972111191e-02
-2.2709984704230971e-02
-2.2054397305526021e-02
-2.1427683287167241e-02
-2.0827668316998206e-02
-2.0252043102151961e-02
-1.9700767476396527e-02
-1.9172093634753865e-02
-1.8663979086259740e-02
-1.8176543884201039e-02
-1.7708355415705573e-02
-1.7257630978760673e-02
-1.6824582938527715e-02
-1.6408010742561444e-02
-1.6006382365498253e-02
-1.5619954232527216e-02
-1.5247695474734304e-02
-1.4888314230279210e-02
-1.4542076713539158e-02
-1.4208074692275224e-02
-1.3885244961867903e-02
-1.3573839521619896e-02
-1.3610552099151445e-02
-1.3927654502776752e-02
-1.4256361216968751e-02
-1.4596856203209213e-02
-1.4949404401754232e-02
-1.5315277790498164e-02
-1.5694675581505429e-02
-1.6088106499820450e-02
-1.6496919685910938e-02
-1.6921330150802952e-02
-1.7362159776205685e-02
-1.7820846706203534e-02
-1.8297625744229374e-02
-1.8793715809845742e-02
-1.9310662096256401e-02
-1.9848728149494930e-02
-2.0409633286392531e-02
-2.0995056041327925e-02
-2.1605304860957932e-02
-2.2242728227597260e-02
-2.2909176392902228e-02
-2.3605029697761657e-02
-2.4333428375221101e-02
-2.5096268270567552e-02
-2.5894590323941341e-02
-2.6731989142625225e-02
-2.7610585473277119e-02
-2.8532398748627407e-02
-2.9501498242518860e-02
-3.0520368105705589e-02
-3.1592300875359226e-02
-3.2722008141401415e-02
-3.3912496835651736e-02
-3.5168729731215272e-02
-3.6496306024541243e-02
-3.7898995239768765e-02
-3.9383977914776658e-02
-4.0957982287182372e-02
-4.2626272243000481e-02
-4.4398650132133614e-02
-4.6283236160762069e-02
-4.8288577853504315e-02
-5.0426984728869764e-02
-5.2709069137580208e-02
-5.5148014634140249e-02
-5.7759816416564559e-02
-6.0558862266990622e-02
-6.3565023262797823e-02
-6.6799770221925875e-02
-7.0283624155296917e-02
-7.4046090413701665e-02
-7.8116289587331078e-02
-8.2524994081841982e-02
-8.7315634592425417e-02
-9.2530966184285440e-02
-9.8223189811053893e-02
-1.0445387319105445e-01
-1.1128840292953757e-01
-1.1881100486767564e-01
-1.2711626511011667e-01
-1.3631236278181363e-01
-1.4653582272286358e-01
-1.5794119163199716e-01
-1.7071698452100345e-01
-1.8509432617547800e-01
-2.0134375704017640e-01
-2.1980916312828738e-01
-2.4090945748126405e-01
-2.6516044664412264e-01
-2.9322718904596590e-01
-3.2594062796042783e-01
-3.6437832674104687e-01
-4.0995275425165278e-01
-4.6451144905707503e-01
-5.3057005913361721e-01
-6.1150975401936236e-01
-7.1203162149528032e-01
-8.3902180772273349e-01
-1.0024154421099818e+00
-1.2171796366940149e+00
-1.5064125746138788e+00
-1.9061200043670554e+00
-2.4769829067999929e+00
-3.3158047215396409e+00
-4.5705236715213786e+00
-6.3615593692669723e+00
-8.2430311477606288e+00
-8.7564033145214069e+00
-8.2688404066971302e+00
-7.6330495868207802e+00
-6.0685499031122943e+00
-4.1159330306852429e+00
-2.7475870857853564e+00
-1.9084506102128880e+00
-1.3863698970808029e+00
-1.0470924691961947e+00
-8.1657921601202976e-01
-6.5379071013321499e-01
-5.3493762981652826e-01
-4.5436841900582792e-01
-5.4515691780251252e-01
-6.6511762379720452e-01
-8.2775414590412610e-01
-1.0549352207343374e+00
-1.3829415200957840e+00
-1.8745802691223443e+00
-2.6332476596520435e+00
-3.7890165866774375e+00
-5.2176577413749730e+00
-5.9309452754056347e+00
0.0000000000000000e+00
2.4055929233035767e-01
0.0000000000000000e+00
0.0000000000000000e+00
];
