%Vec Object:sol 1 MPI processes
%  type: mpi
sol = [
0.0000000000000000e+00
-3.4386707763050417e+01
-2.1829418031303749e+01
-1.2259202150660684e+01
-7.3214728763253110e+00
-4.7561673884984756e+00
-3.3068516438902096e+00
-2.4210979510410726e+00
-1.8443654358884587e+00
-1.4494145012039363e+00
-1.1677146638442208e+00
-9.6005553060908444e-01
-8.0284016446457129e-01
-6.8106151993221664e-01
-5.8472239118695579e-01
-5.0727383432325290e-01
-4.4416503075725866e-01
-3.9206140422314723e-01
-3.4851064964040929e-01
-3.1179263461459922e-01
-2.8055627609143768e-01
-2.5372123696325516e-01
-2.3053446534599717e-01
-2.1037054099901548e-01
-1.9270627888896516e-01
-1.7715263529530953e-01
-1.6339899666827704e-01
-1.5117032089441784e-01
-1.4024189536177428e-01
-1.3045078651835368e-01
-1.2164330127931268e-01
-1.1367413520261573e-01
-1.0645864292738727e-01
-9.9905734657529388e-02
-9.3924360584239447e-02
-8.8459646340259421e-02
-8.3456030779455501e-02
-7.8855854399108999e-02
-7.4619814731448811e-02
-7.0714450324531442e-02
-6.7102338244196022e-02
-6.3753607161079695e-02
-6.0648132833807926e-02
-5.7761192997977287e-02
-5.5069026117205877e-02
-5.2559757658163710e-02
-5.0216859607307762e-02
-4.8020792185809943e-02
-4.5964869384399608e-02
-4.4037578677790012e-02
-4.2223636199272656e-02
-4.0518483554283960e-02
-3.8914051755952986e-02
-3.7399144573960243e-02
-3.5969584792646739e-02
-3.4620007067511276e-02
-3.3342107235136580e-02
-3.2132035708895564e-02
-3.0986277992372597e-02
-2.9898603085750784e-02
-2.8865469749805063e-02
-2.7884635269863657e-02
-2.6951370347094442e-02
-2.6062435751050692e-02
-2.5216462446633156e-02
-2.4409818226016969e-02
-2.3639562725932730e-02
-2.2904923415472331e-02
-2.2203074187961518e-02
-2.1531370349603288e-02
-2.0889441107237061e-02
-2.0275055247009389e-02
-1.9685858151193260e-02
-1.9121743009961518e-02
-1.8580918586209617e-02
-1.8061312064006588e-02
-1.7562983072963737e-02
-1.7084465889766372e-02
-1.6623959062096696e-02
-1.6181619296191826e-02
-1.5756221177298982e-02
-1.5346222414325329e-02
-1.4951827743521355e-02
-1.4571988339553713e-02
-1.4205407774721469e-02
-1.3852304188485175e-02
-1.3511757466695458e-02
-1.3182703035659393e-02
-1.2865348360378011e-02
-1.2878241789136362e-02
-1.3155717072153416e-02
-1.3442944786725010e-02
-1.3740022713025381e-02
-1.4047124088177213e-02
-1.4365378392877909e-02
-1.4694883833771781e-02
-1.5036030569028164e-02
-1.5389999644322364e-02
-1.5756887245770210e-02
-1.6137360610907994e-02
-1.6532659269994539e-02
-1.6942877600526478e-02
-1.7369031587953675e-02
-1.7812430950352075e-02
-1.8273172000151706e-02
-1.8752707081932062e-02
-1.9252433931017620e-02
-1.9772459829073080e-02
-2.0314781566235725e-02
-2.0880911923104980e-02
-2.1470986349965495e-02
-2.2087681242924984e-02
-2.2732497089689538e-02
-2.3406129495646702e-02
-2.4111603408096507e-02
-2.4850559704288334e-02
-2.5624524998389690e-02
-2.6436871061075357e-02
-2.7289487169273617e-02
-2.8184970496538737e-02
-2.9127166389442360e-02
-3.0118331726193364e-02
-3.1162453898490133e-02
-3.2264038834171407e-02
-3.3425891661055619e-02
-3.4653828566492711e-02
-3.5953184778135465e-02
-3.7327917942788932e-02
-3.8785959497856168e-02
-4.0333643116101082e-02
-4.1977591060000333e-02
-4.3727647634660298e-02
-4.5592026684037348e-02
-4.7581081933738133e-02
-4.9707478181154077e-02
-5.1982295730015601e-02
-5.4421228923328256e-02
-5.7041134967835062e-02
-5.9857801194406590e-02
-6.2894544481281484e-02
-6.6174111983465483e-02
-6.9721986618624276e-02
-7.3570892190725101e-02
-7.7753991932059313e-02
-8.2312047946510009e-02
-8.7293185393429146e-02
-9.2748055815284128e-02
-9.8742495111620962e-02
-1.0535010179206675e-01
-1.1265440768843039e-01
-1.2075860451750661e-01
-1.2978510875633381e-01
-1.3988041215669275e-01
-1.5122396358361195e-01
-1.6402513589933188e-01
-1.7855072984874074e-01
-1.9512529214916308e-01
-2.1414802117637016e-01
-2.3613430282891296e-01
-2.6172715239375893e-01
-2.9176066431569619e-01
-3.2732818763022858e-01
-3.6985866094203840e-01
-4.2129857611685184e-01
-4.8429711366908135e-01
-5.6254635063113845e-01
-6.6130243804404865e-01
-7.8816860969987645e-01
-9.5476336818333107e-01
-1.1789091482251532e+00
-1.4888407867016187e+00
-1.9295647363104151e+00
-2.5748780767823916e+00
-3.5283360171325331e+00
-4.8527725207358436e+00
-6.1655839738844591e+00
-6.5239625962590413e+00
-6.2687079603730647e+00
-5.9221968660517925e+00
-4.9225419761882767e+00
-3.4875247821957736e+00
-2.3907839977820191e+00
-1.6881920068318184e+00
-1.2405819261826021e+00
-9.4544957339077329e-01
-7.4296064221279534e-01
-5.9879207557194081e-01
-4.9287912885870794e-01
-4.2098834346695063e-01
-5.0746515362038325e-01
-6.2195591492600988e-01
-7.7742982159193041e-01
-9.9480826755700225e-01
-1.3092441355941702e+00
-1.7804681321327243e+00
-2.5071691028792515e+00
-3.6089818003390453e+00
-4.9566015297782151e+00
-5.6248990279287394e+00
0.0000000000000000e+00
2.4055929233035767e-01
0.0000000000000000e+00
0.0000000000000000e+00
];
