%Vec Object:sol 1 MPI processes
%  type: mpi
sol = [
0.0000000000000000e+00
-1.5783327973263164e+01
-1.2594645483421299e+01
-8.5865762856322352e+00
-5.6546867176133100e+00
-3.8605469827677643e+00
-2.7624232790883338e+00
-2.0589319588695085e+00
-1.5879873536239597e+00
-1.2596390260480745e+00
-1.0224613626142711e+00
-8.4549145314337271e-01
-7.1051040641820040e-01
-6.0533364498889985e-01
-5.2179149206956665e-01
-4.5436474358331719e-01
-3.9921735379583578e-01
-3.5353891728236364e-01
-3.1524900064508199e-01
-2.8288276009029389e-01
-2.5528361214243483e-01
-2.3152204301590165e-01
-2.1094955457803066e-01
-1.9302539060412324e-01
-1.7729534848466863e-01
-1.6342053551862265e-01
-1.5112349770887257e-01
-1.4017379078832598e-01
-1.3037456420757329e-01
-1.2158322257658712e-01
-1.1366495834617640e-01
-1.0649392748657933e-01
-9.9992891950350590e-02
-9.4081321820741859e-02
-8.8678460811411702e-02
-8.3736221343840511e-02
-7.9205570750627716e-02
-7.5035188350569507e-02
-7.1190384861577805e-02
-6.7641665181574134e-02
-6.4355636028070845e-02
-6.1305703143111595e-02
-5.8474216625580791e-02
-5.5839085489860024e-02
-5.3378950594768750e-02
-5.1083519184666387e-02
-4.8938024830429729e-02
-4.6924721700434754e-02
-4.5037963177461802e-02
-4.3267462308244221e-02
-4.1599235172142021e-02
-4.0029480688053273e-02
-3.8550997499619107e-02
-3.7153503913331012e-02
-3.5833425967534208e-02
-3.4586014399309077e-02
-3.3403618436409786e-02
-3.2282868004818117e-02
-3.1220699084077805e-02
-3.0211354594588270e-02
-2.9251671543644709e-02
-2.8339747779096681e-02
-2.7471202789407144e-02
-2.6643092409559851e-02
-2.5854314385117788e-02
-2.5101496698414504e-02
-2.4381925874091916e-02
-2.3695046030936223e-02
-2.3038227831028706e-02
-2.2408997329679037e-02
-2.1807166030439102e-02
-2.1230653262611761e-02
-2.0677229464916094e-02
-2.0146946082078176e-02
-1.9638127978907675e-02
-1.9148790885173551e-02
-1.8679135247440800e-02
-1.8227785049110920e-02
-1.7792998974123637e-02
-1.7375061259051632e-02
-1.6972815264670708e-02
-1.6584757615361909e-02
-1.6211209761062148e-02
-1.5851174377841889e-02
-1.5503379110574219e-02
-1.5168149355095483e-02
-1.4844601618706418e-02
-1.4531686227598622e-02
-1.4229709053955771e-02
-1.4292259691312995e-02
-1.4649952743268550e-02
-1.5021093319297874e-02
-1.5405949268694180e-02
-1.5804874371287917e-02
-1.6219278816987290e-02
-1.6649459599680918e-02
-1.7096039908577349e-02
-1.7560531732505352e-02
-1.8043264456467208e-02
-1.8545208951199051e-02
-1.9067995385518236e-02
-1.9611992928849610e-02
-2.0178615801608357e-02
-2.0769636211714886e-02
-2.1385476752155606e-02
-2.2028113487467756e-02
-2.2699494731864295e-02
-2.3400119098509923e-02
-2.4132673070586724e-02
-2.4899329856186092e-02
-2.5700699964920557e-02
-2.6540369033982155e-02
-2.7420609132974384e-02
-2.8342786316260336e-02
-2.9311040349917376e-02
-3.0327946301784061e-02
-3.1395988542148721e-02
-3.2519900999250458e-02
-3.3702728288779522e-02
-3.4948419644439774e-02
-3.6262508389994806e-02
-3.7648704787750488e-02
-3.9112892847196531e-02
-4.0661704062368381e-02
-4.2299808268932114e-02
-4.4035673645249032e-02
-4.5877337135745669e-02
-4.7831279029429782e-02
-4.9909063277205047e-02
-5.2120479081018585e-02
-5.4475868537957141e-02
-5.6989851018779875e-02
-5.9675269723649699e-02
-6.2547944684587298e-02
-6.5626976732902992e-02
-6.8929817050267919e-02
-7.2480221940277048e-02
-7.6303943772600746e-02
-8.0425871976891536e-02
-8.4881252751200426e-02
-8.9705319094962571e-02
-9.4937643199221045e-02
-1.0062822409060496e-01
-1.0682870304107187e-01
-1.1360196172629657e-01
-1.2102211344024759e-01
-1.2916826413367580e-01
-1.3814177971599886e-01
-1.4805677660165600e-01
-1.5904239674465562e-01
-1.7125499752498197e-01
-1.8488823757213296e-01
-2.0016894961080739e-01
-2.1737503823877991e-01
-2.3683221445623998e-01
-2.5895379948101760e-01
-2.8424342664942909e-01
-3.1332123577027043e-01
-3.4698587552506061e-01
-3.8623531033389158e-01
-4.3236269712121178e-01
-4.8706189760899993e-01
-5.5254759669927989e-01
-6.3183215419581717e-01
-7.2901483869907646e-01
-8.4971113987132751e-01
-1.0019307318409978e+00
-1.1976481305162052e+00
-1.4546752744584388e+00
-1.8005659224780588e+00
-2.2776882945443071e+00
-2.9581727943960794e+00
-3.9567435484068354e+00
-5.4509982185366521e+00
-7.5970687675521065e+00
-9.8910892889985362e+00
-1.0503764223302115e+01
-9.8254667552961479e+00
-8.9695443208041326e+00
-6.9754716499370621e+00
-4.6348641058130582e+00
-3.0590134226855548e+00
-2.1121155991607923e+00
-1.5291145119087763e+00
-1.1526849491680029e+00
-8.9786911052110796e-01
-7.1839041167432072e-01
-5.8758762994692559e-01
-4.9904194916264855e-01
-5.9919365428867033e-01
-7.3162900853889490e-01
-9.1137169271917828e-01
-1.1627970037752329e+00
-1.5267597417649175e+00
-2.0745654580952952e+00
-2.9271084162740300e+00
-4.2488125368393259e+00
-5.9498458362352435e+00
-6.8495361270031667e+00
0.0000000000000000e+00
2.4055929233035767e-01
0.0000000000000000e+00
0.0000000000000000e+00
];
