%Vec Object:sol 1 MPI processes
%  type: mpi
sol = [
0.0000000000000000e+00
-2.6866264024239062e+01
-2.0351696986050797e+01
-1.2966032932424019e+01
-8.1519841027748647e+00
-5.4102319546264397e+00
-3.8017421206395996e+00
-2.7997782344522468e+00
-2.1413006164726380e+00
-1.6866061391110305e+00
-1.3616046791504202e+00
-1.1214668229287441e+00
-9.3934572260310456e-01
-7.9808518639756165e-01
-6.8617238999063257e-01
-5.9609104126694334e-01
-5.2264335172664755e-01
-4.6197047685733866e-01
-4.1123333499916565e-01
-3.6843391362346095e-01
-3.3200516343935560e-01
-3.0069567067484648e-01
-2.7362888811435720e-01
-2.5007841818603704e-01
-2.2943755653335263e-01
-2.1125378414711454e-01
-1.9516560846279013e-01
-1.8085372598057725e-01
-1.6805710380740815e-01
-1.5658569455636476e-01
-1.4626126700367206e-01
-1.3691852086884329e-01
-1.2845431430059742e-01
-1.2076244302101896e-01
-1.1373733621416923e-01
-1.0731496542678277e-01
-1.0143070302248654e-01
-9.6017584113923971e-02
-9.1029816631323909e-02
-8.6428420942739004e-02
-8.2169866037168318e-02
-7.8219398157048883e-02
-7.4552711457029533e-02
-7.1140368300142504e-02
-6.7956403174077723e-02
-6.4986948211866055e-02
-6.2212702265422172e-02
-5.9610790584859824e-02
-5.7173439532342024e-02
-5.4887200269630274e-02
-5.2734128215593222e-02
-5.0708954881551103e-02
-4.8802254133109235e-02
-4.7000847456457030e-02
-4.5299898214802813e-02
-4.3693152146089972e-02
-4.2170811441629305e-02
-4.0728399156158099e-02
-3.9361840279143426e-02
-3.8063766733976406e-02
-3.6830035918767885e-02
-3.5658075906843188e-02
-3.4542282917239292e-02
-3.3478842739283102e-02
-3.2466219675117820e-02
-3.1500101579535852e-02
-3.0577002649136802e-02
-2.9696096934789560e-02
-2.8854023182228208e-02
-2.8047624368107746e-02
-2.7276553968754468e-02
-2.6538153344722946e-02
-2.5829592348204998e-02
-2.5150840072371696e-02
-2.4499757638937365e-02
-2.3873836876101829e-02
-2.3273245672504481e-02
-2.2696229162367687e-02
-2.2140593578322591e-02
-2.1606621897621962e-02
-2.1092841698017489e-02
-2.0597363736416501e-02
-2.0120526290102858e-02
-1.9661062976221767e-02
-1.9217377572947072e-02
-1.8789820965357095e-02
-1.8377275027354770e-02
-1.7978423872816351e-02
-1.7593600849214384e-02
-1.7659697886699719e-02
-1.8090167752991042e-02
-1.8536653606161493e-02
-1.8999460991027183e-02
-1.9478999865401692e-02
-1.9976957895395990e-02
-2.0493672580551885e-02
-2.1029876298132754e-02
-2.1587373855518930e-02
-2.2166537992337539e-02
-2.2768516459898920e-02
-2.3395249877716098e-02
-2.4047154398808130e-02
-2.4725906375608623e-02
-2.5433609715679730e-02
-2.6170739411791873e-02
-2.6939640457815401e-02
-2.7742619402468138e-02
-2.8580235997972860e-02
-2.9455679093111954e-02
-3.0371514400005583e-02
-3.1328427821241789e-02
-3.2330674242394677e-02
-3.3380924773581795e-02
-3.4480760974982205e-02
-3.5635084248597335e-02
-3.6846913167955561e-02
-3.8119153791685609e-02
-3.9457396735384891e-02
-4.0865202993551016e-02
-4.2347209487989763e-02
-4.3909934889586152e-02
-4.5557710891356663e-02
-4.7297455118997217e-02
-4.9136962083523812e-02
-5.1081676157231359e-02
-5.3141554622758221e-02
-5.5326021794490893e-02
-5.7642635020455156e-02
-6.0104979272955973e-02
-6.2724504857676860e-02
-6.5513298875162024e-02
-6.8488498721647334e-02
-7.1665102523844657e-02
-7.5061609091958165e-02
-7.8700363919272195e-02
-8.2601717122217880e-02
-8.6793436695047382e-02
-9.1305591488094584e-02
-9.6167172003762624e-02
-1.0141933404209917e-01
-1.0710312946465035e-01
-1.1326464114339330e-01
-1.1996213373489246e-01
-1.2725567611109609e-01
-1.3521842913292040e-01
-1.4393658613871649e-01
-1.5350200515892734e-01
-1.6403245641494721e-01
-1.7566037257831613e-01
-1.8853730430331678e-01
-2.0285394907246374e-01
-2.1882644726488987e-01
-2.3671808855349125e-01
-2.5685128141927838e-01
-2.7960359192657663e-01
-3.0542486544655734e-01
-3.3490760190750557e-01
-3.6877456793896002e-01
-4.0794473699251527e-01
-4.5356486496988146e-01
-5.0711929461319871e-01
-5.7054994543186599e-01
-6.4639204972361886e-01
-7.3808964083548811e-01
-8.5032197302170098e-01
-9.8959717725025376e-01
-1.1649073592144283e+00
-1.3896453409340312e+00
-1.6841471794048515e+00
-2.0795536175602547e+00
-2.6235476916786071e+00
-3.3969326659390995e+00
-4.5282712708797153e+00
-6.2172348550140208e+00
-8.6448046446057578e+00
-1.1253006539161541e+01
-1.1900146116462309e+01
-1.1017165575226814e+01
-9.9493286199228166e+00
-7.6048861261326284e+00
-4.9790522800908095e+00
-3.2600073101154807e+00
-2.2407398752047034e+00
-1.6179245514711675e+00
-1.2172592004353309e+00
-9.4698958657162091e-01
-7.5690291879810423e-01
-6.1853551008613472e-01
-5.2497670784703010e-01
-6.3023165052843477e-01
-7.6943750607636552e-01
-9.5828479630617902e-01
-1.2225480475588570e+00
-1.6056605533797275e+00
-2.1827815975662701e+00
-3.0841075233174760e+00
-4.4924479351527404e+00
-6.3370520232664926e+00
-7.3393741530303167e+00
0.0000000000000000e+00
1.3464638167935297e-01
0.0000000000000000e+00
0.0000000000000000e+00
];
