%Vec Object:sol 1 MPI processes
%  type: mpi
sol = [
0.0000000000000000e+00
-3.1069710286523698e+01
-2.0506122259609000e+01
-1.1811729550184344e+01
-7.1353172770102145e+00
-4.6607112116209368e+00
-3.2505025495726048e+00
-2.3845373680249526e+00
-1.8189082900258664e+00
-1.4309876781762458e+00
-1.1537415975875740e+00
-9.4916405893428724e-01
-7.9416307471301284e-01
-6.7402605004726601e-01
-5.7901370202530000e-01
-5.0255620178683891e-01
-4.4020278317047723e-01
-3.8870667327577624e-01
-3.4565179823513520e-01
-3.0934254543702566e-01
-2.7844663464109687e-01
-2.5189839756545673e-01
-2.2895471733203845e-01
-2.0899830026346006e-01
-1.9151263275589422e-01
-1.7611353303805538e-01
-1.6249421763468608e-01
-1.5038298381551915e-01
-1.3955780075558646e-01
-1.2985766868245976e-01
-1.2113103931100708e-01
-1.1323705948026154e-01
-1.0608854447038547e-01
-9.9595228011259751e-02
-9.3667152130546411e-02
-8.8250155915438389e-02
-8.3289362362757358e-02
-7.8727769791378174e-02
-7.4526552218714986e-02
-7.0652625163666605e-02
-6.7067924525408038e-02
-6.3743895670721529e-02
-6.0660943689404619e-02
-5.7794584600077185e-02
-5.5121272207298580e-02
-5.2629276217466922e-02
-5.0302227350173888e-02
-4.8120742616437284e-02
-4.6078233448289097e-02
-4.4163297482541171e-02
-4.2360760595812147e-02
-4.0666137316227077e-02
-3.9071436719693577e-02
-3.7565537448149541e-02
-3.6144319951376638e-02
-3.4802475357189486e-02
-3.3531751305773468e-02
-3.2328342925888320e-02
-3.1188778514570518e-02
-3.0106863449384704e-02
-2.9079090213713792e-02
-2.8103250197140942e-02
-2.7174640018212685e-02
-2.6290044973707197e-02
-2.5448124557180849e-02
-2.4645265265876511e-02
-2.3878543703979682e-02
-2.3147212228814044e-02
-2.2448458405422658e-02
-2.1779648325445145e-02
-2.1140433675942583e-02
-2.0528593306913527e-02
-1.9941778463929430e-02
-1.9379903141113569e-02
-1.8841183476331829e-02
-1.8323548741197185e-02
-1.7827078100888471e-02
-1.7350311096654438e-02
-1.6891445628954078e-02
-1.6450656865077466e-02
-1.6026722890680255e-02
-1.5618098971778896e-02
-1.5225007291530456e-02
-1.4846400951286427e-02
-1.4480980133174953e-02
-1.4128979379951567e-02
-1.3789479013365021e-02
-1.3461410883224912e-02
-1.3144997735507345e-02
-1.3165915724856918e-02
-1.3457591433885347e-02
-1.3759681169754148e-02
-1.4072312704235692e-02
-1.4395691407840791e-02
-1.4730999313905563e-02
-1.5078369790325289e-02
-1.5438235099289059e-02
-1.5811837862444462e-02
-1.6199315643091100e-02
-1.6601391123156957e-02
-1.7019376180007619e-02
-1.7453414116478914e-02
-1.7904594149138493e-02
-1.8374311374981286e-02
-1.8862720424503918e-02
-1.9371370384932803e-02
-1.9901760423325424e-02
-2.0454068060939613e-02
-2.1030417849321789e-02
-2.1632444115530881e-02
-2.2260367964371298e-02
-2.2917034510117045e-02
-2.3604086036978014e-02
-2.4322340429407893e-02
-2.5075029281163400e-02
-2.5863965265041297e-02
-2.6690851053512293e-02
-2.7559310748500931e-02
-2.8471446419095173e-02
-2.9430104979925813e-02
-3.0439444498934778e-02
-3.1501990072641366e-02
-3.2622080497214406e-02
-3.3804615788073540e-02
-3.5052745974473817e-02
-3.6372779664504667e-02
-3.7770553566989086e-02
-3.9250493183158812e-02
-4.0821205478486750e-02
-4.2489666463141687e-02
-4.4263190211048374e-02
-4.6152510212824668e-02
-4.8166702470495967e-02
-5.0317139510872570e-02
-5.2617686523443410e-02
-5.5080612670982153e-02
-5.7723117660778360e-02
-6.0563720768296733e-02
-6.3619911292264575e-02
-6.6917237647750802e-02
-7.0480784657306658e-02
-7.4338674794295248e-02
-7.8526869956033987e-02
-8.3082000207868684e-02
-8.8048979870160776e-02
-9.3480816083615040e-02
-9.9433510935535638e-02
-1.0597958451432382e-01
-1.1320026447001474e-01
-1.2118830214766024e-01
-1.3006109915671821e-01
-1.3995119645897960e-01
-1.5102039493881911e-01
-1.6346716759786201e-01
-1.7752343593070033e-01
-1.9348064116962588e-01
-2.1169199866770491e-01
-2.3260583966365408e-01
-2.5679179331241103e-01
-2.8496099414463921e-01
-3.1803583679213165e-01
-3.5722548467798210e-01
-4.0411089457912042e-01
-4.6084549136227859e-01
-5.3036120318719560e-01
-6.1674570999149103e-01
-7.2586242241184851e-01
-8.6614464847347894e-01
-1.0503457694423213e+00
-1.2983685425480782e+00
-1.6417116379434560e+00
-2.1309665233691963e+00
-2.8496878226716138e+00
-3.9191966368214164e+00
-5.4284874935795866e+00
-6.9697906965692358e+00
-7.3863122179202021e+00
-7.0291814009858058e+00
-6.5551866661778533e+00
-5.3265836995936677e+00
-3.6916376023371589e+00
-2.4954987853158084e+00
-1.7458247002781171e+00
-1.2737928024147336e+00
-9.6503972839737195e-01
-7.5428180706882642e-01
-6.0494517242201240e-01
-4.9566385826438769e-01
-4.2151527518184190e-01
-5.0598265494213523e-01
-6.1754839510066573e-01
-7.6868966585429754e-01
-9.7961410143203165e-01
-1.2839181381400329e+00
-1.7382084834603562e+00
-2.4353409141077313e+00
-3.4828728921977561e+00
-4.7403051715896192e+00
-5.3442614443977003e+00
0.0000000000000000e+00
2.4055929233035767e-01
0.0000000000000000e+00
0.0000000000000000e+00
];
