%Vec Object:sol 1 MPI processes
%  type: mpi
sol = [
0.0000000000000000e+00
-1.4901411789160333e+01
-1.2033599954407222e+01
-8.3116037833468113e+00
-5.5180296487524121e+00
-3.7848127005128971e+00
-2.7140433369019124e+00
-2.0273269270709249e+00
-1.5650352426991643e+00
-1.2422728019646867e+00
-1.0089111659502747e+00
-8.3497257063120300e-01
-7.0215661354291736e-01
-5.9850133892375856e-01
-5.1605929174149434e-01
-4.4950138487360985e-01
-3.9505118244393411e-01
-3.4994041525143582e-01
-3.1211891664565683e-01
-2.8014294225585362e-01
-2.5287210644335556e-01
-2.2938953699038811e-01
-2.0905565074549048e-01
-1.9133693376252581e-01
-1.7578510144048981e-01
-1.6206660843331289e-01
-1.4991473870574598e-01
-1.3909224392936545e-01
-1.2940488118884061e-01
-1.2071223378400057e-01
-1.1288141926459622e-01
-1.0578827853230373e-01
-9.9356754572123354e-02
-9.3507425128996194e-02
-8.8160547715344706e-02
-8.3268745942074701e-02
-7.8783648972782699e-02
-7.4654557047447695e-02
-7.0847250743346815e-02
-6.7332639555810508e-02
-6.4077723862526234e-02
-6.1056233750229651e-02
-5.8250774348089104e-02
-5.5639511655649759e-02
-5.3201317887773512e-02
-5.0926065640713079e-02
-4.8799160814673122e-02
-4.6803026377206118e-02
-4.4932125594049181e-02
-4.3176291495130616e-02
-4.1521660240571245e-02
-3.9964528085722775e-02
-3.8497609805986106e-02
-3.7110438423803023e-02
-3.5799982233817300e-02
-3.4561546300483449e-02
-3.3387535195333821e-02
-3.2274621632544638e-02
-3.1219781742925553e-02
-3.0217298904673368e-02
-2.9264043557019375e-02
-2.8358144137429878e-02
-2.7495250145644374e-02
-2.6672443341055275e-02
-2.5888645517213770e-02
-2.5140507220025962e-02
-2.4425334866254710e-02
-2.3742592079363842e-02
-2.3089666713321591e-02
-2.2464099835748493e-02
-2.1865719260566539e-02
-2.1292457564583693e-02
-2.0742096283218308e-02
-2.0214700874689091e-02
-1.9708606493590367e-02
-1.9221836871288110e-02
-1.8754604759896945e-02
-1.8305542156290423e-02
-1.7872913354033969e-02
-1.7457013571567669e-02
-1.7056692377313731e-02
-1.6670450221746645e-02
-1.6298618455089984e-02
-1.5940204477307283e-02
-1.5593938502965624e-02
-1.5260154894978934e-02
-1.4937973619409062e-02
-1.4626346775019550e-02
-1.4325588350804233e-02
-1.4391753699357522e-02
-1.4755203346841170e-02
-1.5132353847735555e-02
-1.5523484102143653e-02
-1.5928959619502484e-02
-1.6350209685695748e-02
-1.6787544113071692e-02
-1.7241601329919195e-02
-1.7713915666576839e-02
-1.8204831423745339e-02
-1.8715339435201123e-02
-1.9247096032852358e-02
-1.9800487815755833e-02
-2.0376955291034723e-02
-2.0978301387247524e-02
-2.1604969220051593e-02
-2.2258969506799967e-02
-2.2942286826556829e-02
-2.3655444207233471e-02
-2.4401173809896624e-02
-2.5181691973448547e-02
-2.5997638622338934e-02
-2.6852659587692597e-02
-2.7749076711950434e-02
-2.8688298122579309e-02
-2.9674536820936952e-02
-3.0710427561601226e-02
-3.1798515466423156e-02
-3.2943623135453202e-02
-3.4148868369922709e-02
-3.5418286662407011e-02
-3.6757520225746632e-02
-3.8170370640669783e-02
-3.9662843198778976e-02
-4.1241705288010445e-02
-4.2911743019238904e-02
-4.4681594116846704e-02
-4.6559466592294131e-02
-4.8551997487887973e-02
-5.0670982057811793e-02
-5.2926425931282099e-02
-5.5328903118949217e-02
-5.7893334228440264e-02
-6.0632849949654261e-02
-6.3563611113138907e-02
-6.6705120671084805e-02
-7.0075222239868284e-02
-7.3698173345589799e-02
-7.7600276741016327e-02
-8.1806978374939276e-02
-8.6354262043653485e-02
-9.1278124591218451e-02
-9.6618997087946246e-02
-1.0242793522160402e-01
-1.0875769942524019e-01
-1.1567251190797000e-01
-1.2324805752701441e-01
-1.3156514720738061e-01
-1.4072728189714670e-01
-1.5085099633422935e-01
-1.6206977505391046e-01
-1.7455153141104066e-01
-1.8848684430266244e-01
-2.0410794646120325e-01
-2.2169935730919216e-01
-2.4159463568997255e-01
-2.6421700968573331e-01
-2.9008227005762954e-01
-3.1982562113983076e-01
-3.5425126046854477e-01
-3.9434968002108056e-01
-4.4147044972328731e-01
-4.9734134759100623e-01
-5.6422083160081937e-01
-6.4517991643284711e-01
-7.4439637086409072e-01
-8.6768809874205066e-01
-1.0233888494661425e+00
-1.2234410048762301e+00
-1.4856813355234741e+00
-1.8384236849705917e+00
-2.3262531720172679e+00
-3.0197091229292261e+00
-4.0389261819705222e+00
-5.5629738455250868e+00
-7.7508754179585555e+00
-1.0094375219756268e+01
-1.0717410083860747e+01
-1.0012691498111190e+01
-9.1286276764634167e+00
-7.0809313128100140e+00
-4.6944358491035674e+00
-3.0944667386322671e+00
-2.1352272523101665e+00
-1.5452074993419633e+00
-1.1646071866823522e+00
-9.0701304604451560e-01
-7.2563204100833545e-01
-5.9347265631913848e-01
-5.0404826063605002e-01
-6.0524595700644668e-01
-7.3905700724855483e-01
-9.2067937081175155e-01
-1.1748184156091852e+00
-1.5427362064139201e+00
-2.0967836676278777e+00
-2.9595338219936709e+00
-4.2996610885235205e+00
-6.0310106405194750e+00
-6.9523824970192374e+00
0.0000000000000000e+00
2.4055929233035767e-01
0.0000000000000000e+00
0.0000000000000000e+00
];
