%Vec Object:sol 1 MPI processes
%  type: mpi
sol = [
0.0000000000000000e+00
-1.5523242514907738e+01
-1.2430513364513139e+01
-8.5067479580785061e+00
-5.6151521064163159e+00
-3.8386704648718992e+00
-2.7484503388472965e+00
-2.0498090902961863e+00
-1.5813608292629988e+00
-1.2546240509760926e+00
-1.0185525417659611e+00
-8.4256526364843154e-01
-7.0812593927972356e-01
-6.0335897343104206e-01
-5.2013430484432610e-01
-4.5295834145801223e-01
-3.9801222216592569e-01
-3.5249769159999350e-01
-3.1434304532618834e-01
-2.8208952340440674e-01
-2.5458521428537922e-01
-2.3090425192161823e-01
-2.1040070988090695e-01
-1.9253591963584613e-01
-1.7685738750548094e-01
-1.6302841020674175e-01
-1.5077975609310604e-01
-1.3987201511040442e-01
-1.3010919312868197e-01
-1.2134961481550600e-01
-1.1345594794942623e-01
-1.0630490807936410e-01
-9.9821799645791950e-02
-9.3926355266677267e-02
-8.8538063736601877e-02
-8.3609005399257752e-02
-7.9090306937246307e-02
-7.4930800108731377e-02
-7.1095909513837957e-02
-6.7556238500254662e-02
-6.4278491660780784e-02
-6.1236155213022510e-02
-5.8411641801161825e-02
-5.5782924999646703e-02
-5.3328704276236427e-02
-5.1038727653352857e-02
-4.8898272370415580e-02
-4.6889636070535812e-02
-4.5007199483777884e-02
-4.3240706269405939e-02
-4.1576204018213832e-02
-4.0009911630738935e-02
-3.8534649595737797e-02
-3.7140158557623489e-02
-3.5822880250386428e-02
-3.4578081098834930e-02
-3.3398126417584918e-02
-3.2279658473443829e-02
-3.1219624825375301e-02
-3.0212280157404601e-02
-2.9254471139563507e-02
-2.8344304428556857e-02
-2.7477408241366609e-02
-2.6650845922948089e-02
-2.5863522133075901e-02
-2.5112071418129361e-02
-2.4393786079846519e-02
-2.3708115836358477e-02
-2.3052436352458711e-02
-2.2424278055931508e-02
-2.1823457126482225e-02
-2.1247896749617357e-02
-2.0695370607171470e-02
-2.0165934157391475e-02
-1.9657915261825771e-02
-1.9169331998651853e-02
-1.8700388336382497e-02
-1.8249710594081932e-02
-1.7815559110800943e-02
-1.7398221265192214e-02
-1.6996542229676517e-02
-1.6609019765054817e-02
-1.6235978153820101e-02
-1.5876421453625663e-02
-1.5529078078568655e-02
-1.5194275990677368e-02
-1.4871132712523117e-02
-1.4558599104587150e-02
-1.4256983362949959e-02
-1.4320576872940841e-02
-1.4679922945741431e-02
-1.5052789522347790e-02
-1.5439447651908642e-02
-1.5840254508393499e-02
-1.6256625771718537e-02
-1.6688862148963979e-02
-1.7137591232671449e-02
-1.7604331440802711e-02
-1.8089416480842623e-02
-1.8593822985757166e-02
-1.9119188659716659e-02
-1.9665887725256851e-02
-2.0235341984766970e-02
-2.0829332501264630e-02
-2.1448287819805671e-02
-2.2094193995419346e-02
-2.2769009803265648e-02
-2.3473240939581631e-02
-2.4209587053508279e-02
-2.4980233803053614e-02
-2.5785800233613640e-02
-2.6629889331057949e-02
-2.7514787546233207e-02
-2.8441873120314584e-02
-2.9415306939844132e-02
-3.0437681329301986e-02
-3.1511498232489270e-02
-3.2641517167355437e-02
-3.3830803919445145e-02
-3.5083332655415106e-02
-3.6404668142891318e-02
-3.7798547070095882e-02
-3.9270888489299625e-02
-4.0828363158694522e-02
-4.2475674573389445e-02
-4.4221339892774582e-02
-4.6073445516204715e-02
-4.8038517110114295e-02
-5.0128185458225616e-02
-5.2352302369195830e-02
-5.4721277024344553e-02
-5.7249815916540166e-02
-5.9950845424304781e-02
-6.2840284169445010e-02
-6.5937349290671812e-02
-6.9259605576059063e-02
-7.2830954330646486e-02
-7.6677307188794092e-02
-8.0823714732766561e-02
-8.5305636584897107e-02
-9.0158526897180569e-02
-9.5422206566073225e-02
-1.0114698051494217e-01
-1.0738481417626446e-01
-1.1419897792522729e-01
-1.2166403934884387e-01
-1.2985959888248078e-01
-1.3888764096700018e-01
-1.4886298282154911e-01
-1.5991713846408162e-01
-1.7221557714234706e-01
-1.8594609087335442e-01
-2.0133759328655865e-01
-2.1865631586847759e-01
-2.3823660796237395e-01
-2.6049802764219376e-01
-2.8594727827394217e-01
-3.1520825561060306e-01
-3.4908439636125121e-01
-3.8857960157664351e-01
-4.3499463845571057e-01
-4.9003322303188390e-01
-5.5592276474759539e-01
-6.3569268086415276e-01
-7.3346508534914812e-01
-8.5498180791633238e-01
-1.0082217984760655e+00
-1.2051145150471494e+00
-1.4636557511704780e+00
-1.8115379961923290e+00
-2.2917676185179303e+00
-2.9760300311580190e+00
-3.9806105410805483e+00
-5.4835556204107867e+00
-7.6418629073837154e+00
-9.9503926694118228e+00
-1.0566589869159495e+01
-9.8802353824488431e+00
-9.0161500999196900e+00
-7.0064217400751909e+00
-4.6523664412032435e+00
-3.0694357691838761e+00
-2.1189149375661573e+00
-1.5338482491591328e+00
-1.1561939202458829e+00
-9.0055965774370295e-01
-7.2052153506166627e-01
-5.8931974868168968e-01
-5.0051852102730710e-01
-6.0097532062060244e-01
-7.3381593773560339e-01
-9.1411242668762838e-01
-1.1663424886967539e+00
-1.5314654983827154e+00
-2.0811108043172855e+00
-2.9366631062591115e+00
-4.2637979482049166e+00
-5.9737608070999846e+00
-6.8798227886859484e+00
0.0000000000000000e+00
2.4055929233035767e-01
0.0000000000000000e+00
0.0000000000000000e+00
];
