%Vec Object:sol 1 MPI processes
%  type: mpi
sol = [
0.0000000000000000e+00
-1.6658498405669366e+01
-1.3138995601624117e+01
-8.8478096173351002e+00
-5.7830993300954923e+00
-3.9315355975364383e+00
-2.8059068912184961e+00
-2.0885368736897014e+00
-1.6095011983219576e+00
-1.2754863758472494e+00
-1.0343646526405283e+00
-8.5500680835893705e-01
-7.1826838691222361e-01
-6.1176178441652374e-01
-5.2718901409785734e-01
-4.5894790801809332e-01
-4.0314675021048335e-01
-3.5691808773921885e-01
-3.1814873093311391e-01
-2.8538870975641528e-01
-2.5746261720769337e-01
-2.3342658939362365e-01
-2.1262201318476640e-01
-1.9450009551860017e-01
-1.7860019982826922e-01
-1.6457953309522741e-01
-1.5216405169723043e-01
-1.4111027601289053e-01
-1.3121893822640426e-01
-1.2234583647742420e-01
-1.1435471073840488e-01
-1.0711842091144357e-01
-1.0055884485136890e-01
-9.4594599197824633e-02
-8.9144128914888959e-02
-8.4158802038488537e-02
-7.9589067961208862e-02
-7.5383108987362335e-02
-7.1505865887096468e-02
-6.7927523879985879e-02
-6.4614370516997935e-02
-6.1539549445840669e-02
-5.8685208013260277e-02
-5.6029044728420879e-02
-5.3549508995990543e-02
-5.1236176204288907e-02
-4.9074137602146399e-02
-4.7045504844169972e-02
-4.5144543198423190e-02
-4.3360865958999670e-02
-4.1680385652257013e-02
-4.0099236858645596e-02
-3.8610147072460028e-02
-3.7202761132125256e-02
-3.5873454359450628e-02
-3.4617426494674773e-02
-3.3426973818342649e-02
-3.2298686230673827e-02
-3.1229462162750160e-02
-3.0213505793002915e-02
-2.9247622663190323e-02
-2.8329882174022793e-02
-2.7455874984035036e-02
-2.6622632401217025e-02
-2.5829029886567514e-02
-2.5071673782143790e-02
-2.4347831627238394e-02
-2.3656929549978042e-02
-2.2996321711080174e-02
-2.2363519716660757e-02
-2.1758320087801299e-02
-2.1178629425725830e-02
-2.0622207381327532e-02
-2.0089092568620483e-02
-1.9577599951550399e-02
-1.9085737385148686e-02
-1.8613694074134740e-02
-1.8160086273349831e-02
-1.7723167060685878e-02
-1.7303210651969141e-02
-1.6899054398462367e-02
-1.6509191026836116e-02
-1.6133932955421496e-02
-1.5772278258578718e-02
-1.5422951904225749e-02
-1.5086271103441682e-02
-1.4761348957777132e-02
-1.4447133910512154e-02
-1.4143924416398408e-02
-1.4203100355518304e-02
-1.4555494200046116e-02
-1.4921100213846621e-02
-1.5300175826541505e-02
-1.5693063779803472e-02
-1.6101156628571759e-02
-1.6524739266609915e-02
-1.6964420601812791e-02
-1.7421691934107059e-02
-1.7896868552119291e-02
-1.8390902675880682e-02
-1.8905400185009330e-02
-1.9440713757747596e-02
-1.9998233107683307e-02
-2.0579701856020871e-02
-2.1185523157651123e-02
-2.1817640813210568e-02
-2.2477969318908469e-02
-2.3166984142991114e-02
-2.3887329269155808e-02
-2.4641137606230736e-02
-2.5428991760018289e-02
-2.6254421374253212e-02
-2.7119651882630175e-02
-2.8026009636019499e-02
-2.8977566153768858e-02
-2.9976840477863621e-02
-3.1026259870190843e-02
-3.2130475464840706e-02
-3.3292463083311970e-02
-3.4516091057287909e-02
-3.5806790851567967e-02
-3.7168186141999751e-02
-3.8606054788286125e-02
-4.0126878986904688e-02
-4.1734947251778030e-02
-4.3438414651143245e-02
-4.5245507171099673e-02
-4.7162546111639954e-02
-4.9200865619543198e-02
-5.1370036599604263e-02
-5.3680166069013574e-02
-5.6145571156758722e-02
-5.8778802193135561e-02
-6.1595333003566101e-02
-6.4613856456238405e-02
-6.7851419895839163e-02
-7.1331267896799055e-02
-7.5078587865191546e-02
-7.9117690674782332e-02
-8.3483063484008441e-02
-8.8209144043431956e-02
-9.3334606062716124e-02
-9.8908345999074040e-02
-1.0498082383597017e-01
-1.1161350550930900e-01
-1.1887883889341852e-01
-1.2685410229951904e-01
-1.3563837760021077e-01
-1.4534317069702571e-01
-1.5609617050912947e-01
-1.6805809763001200e-01
-1.8141127928640396e-01
-1.9637793534798098e-01
-2.1323035543571575e-01
-2.3228766999386505e-01
-2.5395493615052628e-01
-2.7872576128743620e-01
-3.0720801201799058e-01
-3.4018468604081042e-01
-3.7863432832038918e-01
-4.2382518611397246e-01
-4.7741884669334778e-01
-5.4155085599316555e-01
-6.1911220441556636e-01
-7.1416673322373214e-01
-8.3229164412333734e-01
-9.8147721931569998e-01
-1.1733521197047387e+00
-1.4254042876758890e+00
-1.7637499828864200e+00
-2.2317717871275908e+00
-2.8988823715419390e+00
-3.8787001653015847e+00
-5.3443171364546620e+00
-7.4483509064136602e+00
-9.6952256102830177e+00
-1.0296318192516022e+01
-9.6440699310332825e+00
-8.8148012996567484e+00
-6.8724021156108854e+00
-4.5764694055173978e+00
-3.0242071628313130e+00
-2.0893970300918241e+00
-1.5132908602668864e+00
-1.1409529038651265e+00
-8.8887107561273559e-01
-7.1126172469725490e-01
-5.8178715010942650e-01
-4.9410156051118453e-01
-5.9323144173146614e-01
-7.2430922237318718e-01
-9.0219632123125115e-01
-1.1509256787964914e+00
-1.5109988224847637e+00
-2.0526373649324672e+00
-2.8950198984389881e+00
-4.1985811605485335e+00
-5.8696844728963011e+00
-6.7481657682139318e+00
0.0000000000000000e+00
2.4055929233035767e-01
0.0000000000000000e+00
0.0000000000000000e+00
];
