%Vec Object:sol 1 MPI processes
%  type: mpi
sol = [
0.0000000000000000e+00
-1.5109226888243121e+01
-1.2166959886806655e+01
-8.3775062051662097e+00
-5.5509057582985202e+00
-3.8030620429902555e+00
-2.7257030151758732e+00
-2.0349483769087278e+00
-1.5705688281768804e+00
-1.2464585993888089e+00
-1.0121780413741648e+00
-8.3758497310902436e-01
-7.0424559987554414e-01
-6.0014647499089369e-01
-5.1743911305239398e-01
-4.5067170365986425e-01
-3.9605341825665191e-01
-3.5080581643373621e-01
-3.1287142687601993e-01
-2.8080141174725665e-01
-2.5345147661220446e-01
-2.2990169996209012e-01
-2.0951034685627354e-01
-1.9174215614998727e-01
-1.7614741615607318e-01
-1.6239151078031608e-01
-1.5020687106685751e-01
-1.3935551592807480e-01
-1.2964260875591677e-01
-1.2092728625091037e-01
-1.1307626334483099e-01
-1.0596502240682053e-01
-9.9517260332494001e-02
-9.3653318305858227e-02
-8.8293232999225993e-02
-8.3389476626241341e-02
-7.8893534730223841e-02
-7.4754570076812146e-02
-7.0938260589821570e-02
-6.7415426961750749e-02
-6.4152981313189417e-02
-6.1124647582762731e-02
-5.8311795974059194e-02
-5.5693472856782091e-02
-5.3248832847446352e-02
-5.0967690581201708e-02
-4.8835394308214708e-02
-4.6834312131840215e-02
-4.4958869543031833e-02
-4.3198859985651657e-02
-4.1540382049638849e-02
-3.9979687351369676e-02
-3.8509631914999662e-02
-3.7119992521112130e-02
-3.5807236550109846e-02
-3.4566655973213185e-02
-3.3390642118663418e-02
-3.2275857375135705e-02
-3.1219268183426820e-02
-3.0215148243893347e-02
-2.9260359946416216e-02
-2.8353024334267046e-02
-2.7488783730406183e-02
-2.6664713667833233e-02
-2.5879730117372525e-02
-2.5130478230636879e-02
-2.4414259659955116e-02
-2.3730533298383500e-02
-2.3076682891041016e-02
-2.2450245921249688e-02
-2.1851046241622152e-02
-2.1277013263983135e-02
-2.0725925884381845e-02
-2.0197846153795163e-02
-1.9691106769840795e-02
-1.9203729569611076e-02
-1.8735924311047116e-02
-1.8286321079272923e-02
-1.7853182847750712e-02
-1.7436802161871396e-02
-1.7036027111218627e-02
-1.6649357252721340e-02
-1.6277121526738256e-02
-1.5918326210528484e-02
-1.5571700923975255e-02
-1.5237577847819303e-02
-1.4915076129470937e-02
-1.4603147460808302e-02
-1.4302103856488512e-02
-1.4367397045200866e-02
-1.4729450676197818e-02
-1.5105143936613455e-02
-1.5494753070387918e-02
-1.5898640765600359e-02
-1.6318231682913780e-02
-1.6753832554978643e-02
-1.7206078138913842e-02
-1.7676497359148013e-02
-1.8165430934399623e-02
-1.8673864883745939e-02
-1.9203449214347926e-02
-1.9754566341406671e-02
-2.0328650427233926e-02
-2.0927496980240747e-02
-2.1551544191730731e-02
-2.2202794410873854e-02
-2.2883223464354872e-02
-2.3593348523833969e-02
-2.4335890716980956e-02
-2.5113055980772632e-02
-2.5925477185911153e-02
-2.6776785622647532e-02
-2.7669291142203168e-02
-2.8604391762874989e-02
-2.9586282806493589e-02
-3.0617584657688941e-02
-3.1700827819974707e-02
-3.2840813503004794e-02
-3.4040641897383359e-02
-3.5304327722700472e-02
-3.6637486941848589e-02
-3.8043899171322546e-02
-3.9529540483239187e-02
-4.1101145525214947e-02
-4.2763472451399713e-02
-4.4525118132580178e-02
-4.6394249390858247e-02
-4.8377465579707526e-02
-5.0486506227874199e-02
-5.2731324887651684e-02
-5.5122439774490148e-02
-5.7674698975777254e-02
-6.0401164028509785e-02
-6.3317913764722442e-02
-6.6444354363490526e-02
-6.9798235088687197e-02
-7.3403692870790682e-02
-7.7286898075561980e-02
-8.1473162888657816e-02
-8.5998293673737625e-02
-9.0898103647678169e-02
-9.6212817440882892e-02
-1.0199323669077567e-01
-1.0829185290544492e-01
-1.1517256613962878e-01
-1.2271068360309421e-01
-1.3098660671652404e-01
-1.4010332350521712e-01
-1.5017678791837363e-01
-1.6133981833345196e-01
-1.7375950159084799e-01
-1.8762547460502238e-01
-2.0316883063656377e-01
-2.2067270230148145e-01
-2.4046902360647501e-01
-2.6297898236868045e-01
-2.8871589560814975e-01
-3.1828057733027920e-01
-3.5250025661920364e-01
-3.9239455633992487e-01
-4.3927655838553842e-01
-4.9486591833125654e-01
-5.6141061681629933e-01
-6.4196763533039891e-01
-7.4069597324021952e-01
-8.6338789278116479e-01
-1.0183411850830233e+00
-1.2172393483195050e+00
-1.4782306697158576e+00
-1.8293328786746672e+00
-2.3145948791794462e+00
-3.0049524022865373e+00
-4.0192346923976610e+00
-5.5361776012726667e+00
-7.7141345498918170e+00
-1.0045902921176115e+01
-1.0666976965464317e+01
-9.9681741991182520e+00
-9.0908603886480588e+00
-7.0559406774778104e+00
-4.6803355157890474e+00
-3.0860801481859728e+00
-2.1297694327548173e+00
-1.5414028765405177e+00
-1.1617929656414412e+00
-9.0485195042663291e-01
-7.2392079473612314e-01
-5.9208216490778187e-01
-5.0287144839152087e-01
-6.0381616238574898e-01
-7.3730244702608372e-01
-9.1848113048546565e-01
-1.1719927995134891e+00
-1.5389639247231983e+00
-2.0915385392496382e+00
-2.9518810283336552e+00
-4.2876618757041900e+00
-6.0118531278753213e+00
-6.9280928657668017e+00
0.0000000000000000e+00
2.4055929233035767e-01
0.0000000000000000e+00
0.0000000000000000e+00
];
