%Vec Object:sol 1 MPI processes
%  type: mpi
sol = [
0.0000000000000000e+00
-1.5433730519234016e+01
-1.2373770346675586e+01
-8.4790329556026958e+00
-5.6013999226767845e+00
-3.8310542731208788e+00
-2.7435852710666513e+00
-2.0466316518764227e+00
-1.5790530534110045e+00
-1.2528776939321413e+00
-1.0171890183553185e+00
-8.4154618082734023e-01
-7.0729564043812676e-01
-6.0267147045734815e-01
-5.1955742103373903e-01
-4.5246882929043247e-01
-3.9759282511723631e-01
-3.5213538842884656e-01
-3.1402785729608595e-01
-2.8181359247284044e-01
-2.5434231075727637e-01
-2.3068941715952807e-01
-2.1020988132720167e-01
-1.9236576294181318e-01
-1.7670516341817924e-01
-1.6289182573006722e-01
-1.5065687370968828e-01
-1.3976120301030509e-01
-1.3000906649447441e-01
-1.2125891628811018e-01
-1.1337684698687736e-01
-1.0623788854757565e-01
-9.9762473310215427e-02
-9.3872638711377784e-02
-8.8489415031918525e-02
-8.3564941162720646e-02
-7.9050399301184501e-02
-7.4894674264293373e-02
-7.1063230333319766e-02
-6.7526705163843834e-02
-6.4251837413962690e-02
-6.1212141321214587e-02
-5.8390051335665653e-02
-5.5763563502464669e-02
-5.3311397678203809e-02
-5.1023316111982242e-02
-4.8884611244363892e-02
-4.6877595827385758e-02
-4.4996660141239438e-02
-4.3231558501873518e-02
-4.1568349443963565e-02
-4.0003258846943057e-02
-3.8529114805076113e-02
-3.7135665719075943e-02
-3.5819358799372848e-02
-3.4575465935377525e-02
-3.3396358026446561e-02
-3.2278681640778947e-02
-3.1219388373473000e-02
-3.0212736991841981e-02
-2.9255577530189463e-02
-2.8346019717869639e-02
-2.7479694801248244e-02
-2.6653668737037506e-02
-2.5866848598633498e-02
-2.5115871210331615e-02
-2.4398030880354374e-02
-2.3712779283024399e-02
-2.3057493818925478e-02
-2.2429706432353088e-02
-2.1829234937652004e-02
-2.1254003858149576e-02
-2.0701787998576898e-02
-2.0172644220859719e-02
-1.9664901425948563e-02
-1.9176578503459902e-02
-1.8707880654053682e-02
-1.8257435006567870e-02
-1.7823502470513768e-02
-1.7406371523893335e-02
-1.7004887966845274e-02
-1.6617549950600490e-02
-1.6244682748721082e-02
-1.5885290897038176e-02
-1.5538103072956957e-02
-1.5203448136229600e-02
-1.4880443960213032e-02
-1.4568041587682811e-02
-1.4266550027461990e-02
-1.4330506758530539e-02
-1.4690429912335897e-02
-1.5063899003448166e-02
-1.5451186193197183e-02
-1.5852649835623858e-02
-1.6269707525864912e-02
-1.6702661261298171e-02
-1.7152140166565827e-02
-1.7619664901358485e-02
-1.8105570674856956e-02
-1.8610836125998755e-02
-1.9137101585269909e-02
-1.9684743030295257e-02
-2.0255184903972795e-02
-2.0850211354284713e-02
-2.1470252993157250e-02
-2.2117299355801603e-02
-2.2793312860287109e-02
-2.3498801662147496e-02
-2.4236469997306050e-02
-2.5008507857825615e-02
-2.5815537252355941e-02
-2.6661167210991956e-02
-2.7547689188375996e-02
-2.8476485660331282e-02
-2.9451724869373436e-02
-3.0476005142150427e-02
-3.1551834533234090e-02
-3.2683981469813495e-02
-3.3875519098762075e-02
-3.5130430260045420e-02
-3.6454290664940998e-02
-3.7850846188698078e-02
-3.9326028076124848e-02
-4.0886520746728716e-02
-4.2537039395118180e-02
-4.4286118224062851e-02
-4.6141860834640287e-02
-4.8110808665675492e-02
-5.0204615753687995e-02
-5.2433155676668362e-02
-5.4806860947788465e-02
-5.7340468345588126e-02
-6.0046933173137321e-02
-6.2942208331812938e-02
-6.6045551404322417e-02
-6.9374566664572535e-02
-7.2953205833717991e-02
-7.6807435913498964e-02
-8.0962363488794126e-02
-8.5453522379964897e-02
-9.0316443598673926e-02
-9.5591034469335340e-02
-1.0132770623275009e-01
-1.0757853695461154e-01
-1.1440693189011937e-01
-1.2188761683519343e-01
-1.3010036382241769e-01
-1.3914737218080053e-01
-1.4914370256700490e-01
-1.6022114835814258e-01
-1.7254552527947253e-01
-1.8630502054413225e-01
-2.0172897379700405e-01
-2.1909848981354557e-01
-2.3872556402099762e-01
-2.6103561212540194e-01
-2.8654036655378734e-01
-3.1586502686233470e-01
-3.4981469164778378e-01
-3.8939532203739863e-01
-4.3591032559767234e-01
-4.9106683657441985e-01
-5.5709667699635423e-01
-6.3703517796716835e-01
-7.3501236983695817e-01
-8.5678090816298569e-01
-1.0104091442562759e+00
-1.2077098343591692e+00
-1.4667764368881513e+00
-1.8153494215086998e+00
-2.2966577232143828e+00
-2.9822289812345000e+00
-3.9888922475964441e+00
-5.4948455031319581e+00
-7.6573815124649531e+00
-9.9709181912228892e+00
-1.0588316234099521e+01
-9.8991567100957099e+00
-9.0322385972421042e+00
-7.0170958135375106e+00
-4.6583991498018174e+00
-3.0730270780422848e+00
-2.1212574644566491e+00
-1.5354789089172152e+00
-1.1574025986480994e+00
-9.0148635195006732e-01
-7.2125550003370720e-01
-5.8991626105780404e-01
-5.0102701791899362e-01
-6.0158885199120926e-01
-7.3456897999225657e-01
-9.1505610178293140e-01
-1.1675631933731172e+00
-1.5330855334320237e+00
-2.0833639614959143e+00
-2.9399517789542648e+00
-4.2689555178499292e+00
-5.9819927225640104e+00
-6.8902512524043749e+00
0.0000000000000000e+00
2.4055929233035767e-01
0.0000000000000000e+00
0.0000000000000000e+00
];
