%Vec Object:sol 1 MPI processes
%  type: mpi
sol = [
0.0000000000000000e+00
-2.2137255484230444e+01
-1.7656477306702836e+01
-1.1877744730955067e+01
-7.6936200517449338e+00
-5.1831060135365652e+00
-3.6738943296640385e+00
-2.7186099110444912e+00
-2.0861493010857663e+00
-1.6484524181820535e+00
-1.3331608612865249e+00
-1.0996372314833993e+00
-9.2220810097992545e-01
-7.8438827401911482e-01
-6.7520434290861653e-01
-5.8727604694849611e-01
-5.1549304806213148e-01
-4.5613007353645568e-01
-4.0643520586488935e-01
-3.6441646685965606e-01
-3.2863368713554908e-01
-2.9786453795572443e-01
-2.7125279139623532e-01
-2.4808827420314308e-01
-2.2777728388190574e-01
-2.0987698683367928e-01
-1.9403354599597492e-01
-1.7993410251148168e-01
-1.6732278157025388e-01
-1.5601346170977945e-01
-1.4583136209903919e-01
-1.3661415831229631e-01
-1.2826086154667857e-01
-1.2066725023015321e-01
-1.1372951303776481e-01
-1.0738492755408299e-01
-1.0157005492279680e-01
-9.6218994858879622e-02
-9.1286803066164032e-02
-8.6735241078510480e-02
-8.2521447919087762e-02
-7.8611189065572518e-02
-7.4981492113118053e-02
-7.1603998105120817e-02
-6.8451368170865251e-02
-6.5510110901969759e-02
-6.2761255479617375e-02
-6.0182194900976871e-02
-5.7765429299055204e-02
-5.5497739421385549e-02
-5.3361349303045265e-02
-5.1351195227085131e-02
-4.9458015538096728e-02
-4.7668741539582178e-02
-4.5978684938930828e-02
-4.4381716614001261e-02
-4.2868111286152664e-02
-4.1433496813009778e-02
-4.0073898576295543e-02
-3.8781997135010175e-02
-3.7553720850727272e-02
-3.6386582369155630e-02
-3.5275010994500818e-02
-3.4215237335435696e-02
-3.3205799809448266e-02
-3.2242408995044131e-02
-3.1321603965712597e-02
-3.0442625635317751e-02
-2.9602128436978022e-02
-2.8796965128123669e-02
-2.8026850754087933e-02
-2.7289137350578318e-02
-2.6580993477049598e-02
-2.5902445601327043e-02
-2.5251361701320946e-02
-2.4625224615825603e-02
-2.4024255957162240e-02
-2.3446704547456763e-02
-2.2890362778396237e-02
-2.2355563912938546e-02
-2.1840836355249860e-02
-2.1344274585261874e-02
-2.0866263727005268e-02
-2.0405535447662177e-02
-1.9960476862244853e-02
-1.9531482148289755e-02
-1.9117428403855462e-02
-1.8716984442207266e-02
-1.8330523163134490e-02
-1.8413607603329780e-02
-1.8877019909831070e-02
-1.9357856587285695e-02
-1.9856478713671785e-02
-2.0373356621092509e-02
-2.0910291716469121e-02
-2.1467685763054151e-02
-2.2046352678153476e-02
-2.2648227715140429e-02
-2.3273758219389040e-02
-2.3924201638030104e-02
-2.4601648727966052e-02
-2.5306602705426097e-02
-2.6040886836699452e-02
-2.6806778730340257e-02
-2.7604855888991007e-02
-2.8437658954581512e-02
-2.9307696973358829e-02
-3.0215651847099144e-02
-3.1164971702843287e-02
-3.2158460619387139e-02
-3.3196952188082052e-02
-3.4285043654847337e-02
-3.5425677291012751e-02
-3.6620654717852939e-02
-3.7875290002569929e-02
-3.9192924646452174e-02
-4.0576791430802589e-02
-4.2032975979427054e-02
-4.3565433816935742e-02
-4.5179273058063837e-02
-4.6881615828517451e-02
-4.8677285332895885e-02
-5.0573867351073380e-02
-5.2579905502678784e-02
-5.4701512599687079e-02
-5.6949270932249899e-02
-5.9332573322786734e-02
-6.1860703480166659e-02
-6.4548655631985905e-02
-6.7409033691634257e-02
-7.0455157899458484e-02
-7.3705788417717327e-02
-7.7177450792428812e-02
-8.0890464816607638e-02
-8.4869331496397554e-02
-8.9136481040728438e-02
-9.3722364503141115e-02
-9.8659988685328825e-02
-1.0398129131731876e-01
-1.0973137493746839e-01
-1.1595535141395798e-01
-1.2270386495833306e-01
-1.3004081313379717e-01
-1.3803220065286750e-01
-1.4675831293373739e-01
-1.5631369622663904e-01
-1.6679923653615872e-01
-1.7834404533032866e-01
-1.9109337388827066e-01
-2.0521346093615622e-01
-2.2091325053153277e-01
-2.3842964664887800e-01
-2.5805106121732418e-01
-2.8013048094870102e-01
-3.0508121796667048e-01
-3.3342715259533762e-01
-3.6580588016353821e-01
-4.0300150053124179e-01
-4.4602248362700408e-01
-4.9612710033894103e-01
-5.5494332742693020e-01
-6.2454685046085956e-01
-7.0760526220519493e-01
-8.0796515520057466e-01
-9.3070974388836691e-01
-1.0828999024767891e+00
-1.2746236866255722e+00
-1.5205189649517881e+00
-1.8415274024985469e+00
-2.2714600606850728e+00
-2.8638383020810716e+00
-3.7015206852217712e+00
-4.9264726445659397e+00
-6.7496344435709243e+00
-9.3657649122435469e+00
-1.2183638273151521e+01
-1.2853485578077116e+01
-1.1833427020171833e+01
-1.0622747990702832e+01
-8.0405672408504412e+00
-5.2200153444732162e+00
-3.4025119606757652e+00
-2.3332935709533693e+00
-1.6822732656744541e+00
-1.2648079109823618e+00
-9.8339745632152586e-01
-7.8578588832392182e-01
-6.4208137211454930e-01
-5.4491740147900525e-01
-6.5427789321134677e-01
-7.9893121433591407e-01
-9.9535598459991215e-01
-1.2702741630787853e+00
-1.6689591079966186e+00
-2.2706055267512921e+00
-3.2126091834942154e+00
-4.6928626826859547e+00
-6.6593246560856736e+00
-7.7516612449969982e+00
0.0000000000000000e+00
1.3464638167935297e-01
0.0000000000000000e+00
0.0000000000000000e+00
];
