%Vec Object:sol 1 MPI processes
%  type: mpi
sol = [
0.0000000000000000e+00
-2.8422747701363576e+01
-1.9348256741434369e+01
-1.1407336391878529e+01
-6.9605146048371793e+00
-4.5698513771209699e+00
-3.1970245229893264e+00
-2.3490909324125684e+00
-1.7942439901009268e+00
-1.4126487386757802e+00
-1.1398078082594509e+00
-9.3827277441191170e-01
-7.8545495935589271e-01
-6.6693464496289789e-01
-5.7311383085095324e-01
-4.9758474787916651e-01
-4.3599536590584259e-01
-3.8511401242173016e-01
-3.4256122694032332e-01
-3.0666626457983553e-01
-2.7611582140033197e-01
-2.4985897703629978e-01
-2.2716267165503917e-01
-2.0741779474297997e-01
-1.9011452905536835e-01
-1.7487359177662359e-01
-1.6139205629848360e-01
-1.4940157080246055e-01
-1.3868279850826290e-01
-1.2907668864927840e-01
-1.2043349130180452e-01
-1.1261398196969528e-01
-1.0553200917370140e-01
-9.9098344164383484e-02
-9.3224025006828956e-02
-8.7855518921874973e-02
-8.2938565184269245e-02
-7.8415691743581387e-02
-7.4248927933979983e-02
-7.0406518392644252e-02
-6.6851795280428047e-02
-6.3555495188170663e-02
-6.0497945253833840e-02
-5.7654912462463619e-02
-5.5003081385095597e-02
-5.2530864844581908e-02
-5.0222060367069943e-02
-4.8057458926143805e-02
-4.6030564331818659e-02
-4.4130089729219606e-02
-4.2340987192566605e-02
-4.0658838731759704e-02
-3.9075734757992170e-02
-3.7580642120408958e-02
-3.6169496082899433e-02
-3.4837045038036876e-02
-3.3575099196298190e-02
-3.2379897860108850e-02
-3.1248010946155293e-02
-3.0173288873920151e-02
-2.9152259257543906e-02
-2.8182744887616119e-02
-2.7260075274686386e-02
-2.6381063197597546e-02
-2.5544392821914477e-02
-2.4746474988605809e-02
-2.3984407374579870e-02
-2.3257462537780625e-02
-2.2562846310116159e-02
-2.1897940483665029e-02
-2.1262413962795695e-02
-2.0654059463935535e-02
-2.0070539506567696e-02
-1.9511783270629520e-02
-1.8976017497304955e-02
-1.8461179169595308e-02
-1.7967361198987283e-02
-1.7493111233342677e-02
-1.7036632108946483e-02
-1.6598111653475269e-02
-1.6176334072656756e-02
-1.5769757508008991e-02
-1.5378615910937999e-02
-1.5001866848456748e-02
-1.4638211966428743e-02
-1.4287896771020636e-02
-1.3950004602693283e-02
-1.3623467949057701e-02
-1.3308519733465127e-02
-1.3335026137441520e-02
-1.3635944115833947e-02
-1.3947709354932386e-02
-1.4270469982199354e-02
-1.4604453002616031e-02
-1.4950873575560570e-02
-1.5309888939041704e-02
-1.5681959234987587e-02
-1.6068366243174804e-02
-1.6469275624543533e-02
-1.6885446333710558e-02
-1.7318236600703311e-02
-1.7767822951405613e-02
-1.8235342118543298e-02
-1.8722244244309211e-02
-1.9228723542140884e-02
-1.9756391537800250e-02
-2.0306813133161534e-02
-2.0880213479482251e-02
-2.1478799324346334e-02
-2.2104284095693167e-02
-2.2756946890356164e-02
-2.3439741194115071e-02
-2.4154402127996452e-02
-2.4901829060551418e-02
-2.5685386831604973e-02
-2.6507000914655864e-02
-2.7368489944434429e-02
-2.8273641371785750e-02
-2.9224697203673853e-02
-3.0224667702932195e-02
-3.1277914017888452e-02
-3.2387137787574974e-02
-3.3556906714904917e-02
-3.4792377347170236e-02
-3.6096926797798634e-02
-3.7477183707913440e-02
-3.8939311934539603e-02
-4.0488044488197809e-02
-4.2132427218871941e-02
-4.3879856082359704e-02
-4.5738097885672555e-02
-4.7718464850286378e-02
-4.9830597034560095e-02
-5.2086532016954006e-02
-5.4500917319705980e-02
-5.7086800196834014e-02
-5.9862361704465801e-02
-6.2847205476363979e-02
-6.6059934620363123e-02
-6.9527551613387209e-02
-7.3276668230823808e-02
-7.7337131590708680e-02
-8.1747015492575931e-02
-8.6545215498118694e-02
-9.1779356699693546e-02
-9.7505632511491691e-02
-1.0378354246128899e-01
-1.1068996889637314e-01
-1.1831112291021886e-01
-1.2674551695579916e-01
-1.3611769578065472e-01
-1.4656843095589428e-01
-1.5826952258106650e-01
-1.7143167575553001e-01
-1.8629880962779963e-01
-2.0317633214037153e-01
-2.2245292048177301e-01
-2.4459749327384964e-01
-2.7021495365594528e-01
-3.0006073128092320e-01
-3.3511460547128347e-01
-3.7666095215692569e-01
-4.2637938736180669e-01
-4.8655745881776896e-01
-5.6031009533663356e-01
-6.5198051062033080e-01
-7.6779916595395659e-01
-9.1664051928918888e-01
-1.1121972919820267e+00
-1.3755760427658776e+00
-1.7403134440718377e+00
-2.2600413326137332e+00
-3.0246659787876782e+00
-4.1650749950784700e+00
-5.7839771845892214e+00
-7.4587938857202323e+00
-7.9136434608800457e+00
-7.5049119148060557e+00
-6.9659466589947163e+00
-5.6056250757535544e+00
-3.8484023315660716e+00
-2.5865740679676565e+00
-1.8032238846896771e+00
-1.3126736949361715e+00
-9.9273884081602992e-01
-7.7491430772571612e-01
-6.2073524452569984e-01
-5.0805111464067931e-01
-4.3162757294959703e-01
-5.1775515478539247e-01
-6.3151883001900688e-01
-7.8559749230794251e-01
-1.0005653084380184e+00
-1.3107362963864213e+00
-1.7741436262443300e+00
-2.4861555038570682e+00
-3.5592788746990669e+00
-4.8560706764435757e+00
-5.4837246941949838e+00
0.0000000000000000e+00
2.4055929233035767e-01
0.0000000000000000e+00
0.0000000000000000e+00
];
