%Vec Object:sol 1 MPI processes
%  type: mpi
sol = [
0.0000000000000000e+00
-1.5238515600528997e+01
-1.2249565530588773e+01
-8.4181562920056798e+00
-5.5711453037671586e+00
-3.8142875724499619e+00
-2.7328745835797545e+00
-2.0396347460409254e+00
-1.5739718065247179e+00
-1.2490330945576955e+00
-1.0141876490042652e+00
-8.3919222451535203e-01
-7.0546871391832333e-01
-6.0115894132262726e-01
-5.1828842584024981e-01
-4.5139217267867143e-01
-3.9667050764968692e-01
-3.5133873842689367e-01
-3.1333490331265407e-01
-2.8120703379540019e-01
-2.5380843245126100e-01
-2.3021730278082661e-01
-2.0979058788122390e-01
-1.9199195082026355e-01
-1.7637080306937930e-01
-1.6259187017344393e-01
-1.5038705866810656e-01
-1.3951793696179324e-01
-1.2978930317655832e-01
-1.2106001945006585e-01
-1.1319655306587716e-01
-1.0607416576260548e-01
-9.9616403181561078e-02
-9.3743460989494737e-02
-8.8375239668210814e-02
-8.3464120205628253e-02
-7.8961507334060571e-02
-7.4815668266629123e-02
-7.0991797204583720e-02
-6.7462183304518350e-02
-6.4193640138644009e-02
-6.1159743584029078e-02
-5.8342976116668679e-02
-5.5721383199212798e-02
-5.3273729506116925e-02
-5.0989808639824288e-02
-4.8854946474846346e-02
-4.6851488945930317e-02
-4.4973847398422931e-02
-4.3211799588249063e-02
-4.1551428070106644e-02
-3.9988974119677140e-02
-3.8517282562017738e-02
-3.7126118818143927e-02
-3.5811942169560206e-02
-3.4570036532508681e-02
-3.3392785059282698e-02
-3.2276843790325652e-02
-3.1219173209136773e-02
-3.0214041040314655e-02
-2.9258304719365680e-02
-2.8350080747249394e-02
-2.7485007014814492e-02
-2.6660155218100112e-02
-2.5874437753882970e-02
-2.5124496442041511e-02
-2.4407629994863237e-02
-2.3723294404153633e-02
-2.3068870876859195e-02
-2.2441894681090622e-02
-2.1842187241527401e-02
-2.1267676014558722e-02
-2.0716138261963734e-02
-2.0187633947499856e-02
-1.9680494250349633e-02
-1.9192739831994213e-02
-1.8724578616829440e-02
-1.8274639507982821e-02
-1.7841184657246986e-02
-1.7424504973374118e-02
-1.7023447630976202e-02
-1.6636511628722168e-02
-1.6264024431485721e-02
-1.5904991621085128e-02
-1.5558142444207161e-02
-1.5223807745318202e-02
-1.4901106163720521e-02
-1.4588989134921408e-02
-1.4287767464288401e-02
-1.4352524291042534e-02
-1.4713721533406447e-02
-1.5088520782311264e-02
-1.5477196645033140e-02
-1.5880110071809367e-02
-1.6298682884095035e-02
-1.6733219916480118e-02
-1.7184353666510790e-02
-1.7653609738547363e-02
-1.8141326643195909e-02
-1.8648487437802983e-02
-1.9176738243361448e-02
-1.9726458895359549e-02
-2.0299079654661795e-02
-2.0896391468507969e-02
-2.1518829491323586e-02
-2.2168390927842046e-02
-2.2847046222571096e-02
-2.3555308934959419e-02
-2.4295893410602391e-02
-2.5070999187653573e-02
-2.5881254785384087e-02
-2.6730282556324321e-02
-2.7620384971343000e-02
-2.8552953818517090e-02
-2.9532173549197214e-02
-3.0560655700596736e-02
-3.1640921773496498e-02
-3.2777759820607336e-02
-3.3974259187044657e-02
-3.5234421804438747e-02
-3.6563847484317097e-02
-3.7966302313551997e-02
-3.9447744380261641e-02
-4.1014888181148242e-02
-4.2672474646319590e-02
-4.4429075503818929e-02
-4.6292832216984235e-02
-4.8270320919110189e-02
-5.0373246840706688e-02
-5.2611531461665348e-02
-5.4995658630635262e-02
-5.7540431787111081e-02
-6.0258869870066616e-02
-6.3167001209812723e-02
-6.6284172390227006e-02
-6.9628074543203911e-02
-7.3222770325131470e-02
-7.7094348554089157e-02
-8.1268038989632127e-02
-8.5779538704439134e-02
-9.0664547772075083e-02
-9.5963163612888203e-02
-1.0172603133820603e-01
-1.0800547671818739e-01
-1.1486520163516956e-01
-1.2238027986044570e-01
-1.3063086071991006e-01
-1.3971961609009215e-01
-1.4976214187977921e-01
-1.6089084562990577e-01
-1.7327230481342998e-01
-1.8709557535574237e-01
-2.0259104780048584e-01
-2.2004099944614436e-01
-2.3977636197789254e-01
-2.6221725690851466e-01
-2.8784657391927615e-01
-3.1731134938672950e-01
-3.5142276483868112e-01
-3.9119130706437499e-01
-4.3792618326916449e-01
-4.9334203465143928e-01
-5.5968037185512975e-01
-6.3998950850718683e-01
-7.3841684938239127e-01
-8.6073880301779859e-01
-1.0152213867818889e+00
-1.2134183775737759e+00
-1.4736388308240920e+00
-1.8237283257175663e+00
-2.3074065144490419e+00
-2.9958487886050338e+00
-4.0070818223204228e+00
-5.5196293169400210e+00
-7.6914237390208440e+00
-1.0015911870915039e+01
-1.0635743400550510e+01
-9.9405821445955347e+00
-9.0674347492765310e+00
-7.0404266151029438e+00
-4.6715777090635244e+00
-3.0808699646963529e+00
-2.1263722818352648e+00
-1.5390388624161428e+00
-1.1600410750321311e+00
-9.0350907760345445e-01
-7.2285741636929690e-01
-5.9121808426407230e-01
-5.0213671067129428e-01
-6.0292767107385914e-01
-7.3621211608607473e-01
-9.1711504101105357e-01
-1.1702264042505413e+00
-1.5366196281816897e+00
-2.0882787825127083e+00
-2.9471245126021759e+00
-4.2802036307948912e+00
-5.9999472399532721e+00
-6.9130023133468610e+00
0.0000000000000000e+00
2.4055929233035767e-01
0.0000000000000000e+00
0.0000000000000000e+00
];
