%Vec Object:sol 1 MPI processes
%  type: mpi
sol = [
0.0000000000000000e+00
-3.2068905372292775e+01
-2.2952445847972527e+01
-1.3895136325007877e+01
-8.5199163677237237e+00
-5.5861802720736113e+00
-3.8980845570181111e+00
-2.8602353307792101e+00
-2.1799945001184819e+00
-1.7141815347484584e+00
-1.3820503393272190e+00
-1.1368019769809037e+00
-9.5090141765229741e-01
-8.0695545741501895e-01
-6.9320982759422256e-01
-6.0180370785295945e-01
-5.2731798834972032e-01
-4.6581797741902770e-01
-4.1441162962568662e-01
-3.7106510705846885e-01
-3.3418431913555402e-01
-3.0249330400033969e-01
-2.7507706969807727e-01
-2.5123405471387950e-01
-2.3034625623903085e-01
-2.1195283570599349e-01
-1.9568580420893275e-01
-1.8122045317961943e-01
-1.6829147003718925e-01
-1.5670558522068376e-01
-1.4628176153797590e-01
-1.3685230171251181e-01
-1.2831234762677649e-01
-1.2055412566687845e-01
-1.1347068546927346e-01
-1.0699698234747547e-01
-1.0106747030256744e-01
-9.5614370395282186e-02
-9.0591245256016292e-02
-8.5958554299009143e-02
-8.1672266814443908e-02
-7.7697170060397877e-02
-7.4009442506771647e-02
-7.0579968647120669e-02
-6.7380769926035200e-02
-6.4397767989769136e-02
-6.1611481813702081e-02
-5.8998900205747426e-02
-5.6552090132103272e-02
-5.4257476574556512e-02
-5.2097035166195044e-02
-5.0065374355318971e-02
-4.8152976400003503e-02
-4.6346614213614301e-02
-4.4641361861702214e-02
-4.3030892924867378e-02
-4.1505380126757578e-02
-4.0060284491353702e-02
-3.8691470413936453e-02
-3.7391552030382802e-02
-3.6156346634646147e-02
-3.4983228601527104e-02
-3.3866583543060498e-02
-3.2802574480468874e-02
-3.1789616288235290e-02
-3.0823390724462371e-02
-2.9900402618544056e-02
-2.9019779442292542e-02
-2.8178156717272418e-02
-2.7372378266303322e-02
-2.6602053068750370e-02
-2.5864521240772733e-02
-2.5156960939173158e-02
-2.4479298532351080e-02
-2.3829395447792605e-02
-2.3204756884666260e-02
-2.2605509763099746e-02
-2.2029900941191158e-02
-2.1475753020120961e-02
-2.0943309903849464e-02
-2.0431102358618891e-02
-1.9937258709627408e-02
-1.9462080293543703e-02
-1.9004305536959046e-02
-1.8562355432147546e-02
-1.8136546329634899e-02
-1.7725766748610226e-02
-1.7328716313622542e-02
-1.6945696536207755e-02
-1.6997195563859886e-02
-1.7399039151376434e-02
-1.7815661381931781e-02
-1.8247318383993249e-02
-1.8694366416670487e-02
-1.9158393345698122e-02
-1.9639679407864701e-02
-2.0138884691811802e-02
-2.0657699390189001e-02
-2.1196429673043859e-02
-2.1756126285907392e-02
-2.2338597750255464e-02
-2.2944182436516584e-02
-2.3574427022230070e-02
-2.4231282374529140e-02
-2.4915131808256000e-02
-2.5628147858301684e-02
-2.6372458425865320e-02
-2.7148513939547005e-02
-2.7959274911372574e-02
-2.8807096508370163e-02
-2.9692532407347549e-02
-3.0619536166042027e-02
-3.1590538924107715e-02
-3.2606926287376638e-02
-3.3673236119283780e-02
-3.4792200911134288e-02
-3.5966436950291919e-02
-3.7201098325599716e-02
-3.8499396315840824e-02
-3.9865550975340135e-02
-4.1305548379767874e-02
-4.2823284449462311e-02
-4.4425086618578656e-02
-4.6118087861076476e-02
-4.7907177670922882e-02
-4.9801485460172983e-02
-5.1809606029419336e-02
-5.3938345822097868e-02
-5.6200160260044797e-02
-5.8605453033423960e-02
-6.1165241465575129e-02
-6.3893854179920231e-02
-6.6805594859179765e-02
-6.9917653797034657e-02
-7.3250386227848976e-02
-7.6822204334313970e-02
-8.0658391164088891e-02
-8.4786286391658208e-02
-8.9232121816126692e-02
-9.4033385436756017e-02
-9.9227330434092403e-02
-1.0485576215918099e-01
-1.1097167454136349e-01
-1.1762954682874328e-01
-1.2489583360498609e-01
-1.3284885483998157e-01
-1.4157190751675275e-01
-1.5117202789943873e-01
-1.6176946242358844e-01
-1.7350174248556474e-01
-1.8654215168923421e-01
-2.0108690573546534e-01
-2.1737513038066958e-01
-2.3569974394719537e-01
-2.5640356178422236e-01
-2.7992179299008141e-01
-3.0678426569811762e-01
-3.3764287846698993e-01
-3.7333716616772172e-01
-4.1491520150048239e-01
-4.6373457132007678e-01
-5.2157268828474590e-01
-5.9070033766493490e-01
-6.7420398460335429e-01
-7.7642340756924921e-01
-9.0330082236881626e-01
-1.0633425817426461e+00
-1.2689168594130737e+00
-1.5384518753210030e+00
-1.8998241433190317e+00
-2.3989980765829531e+00
-3.1089556535259950e+00
-4.1509727845375108e+00
-5.7074603865716478e+00
-7.9421187649967919e+00
-1.0336551758552924e+01
-1.0950046363492271e+01
-1.0191801411252673e+01
-9.2589450256053549e+00
-7.1512566174699295e+00
-4.7254665523127324e+00
-3.1090082963580774e+00
-2.1425921013502522e+00
-1.5490996013351570e+00
-1.1666012581850178e+00
-9.0793217219032740e-01
-7.2590002597715420e-01
-5.9332925794410873e-01
-5.0362375577207941e-01
-6.0438049124942173e-01
-7.3758602138155616e-01
-9.1833659966360381e-01
-1.1711626928033263e+00
-1.5370579452951483e+00
-2.0877970905732717e+00
-2.9449295674093139e+00
-4.2745690660602387e+00
-5.9879757169255496e+00
-6.8954540919065801e+00
0.0000000000000000e+00
1.3464638167935297e-01
0.0000000000000000e+00
0.0000000000000000e+00
];
