%Vec Object:sol 1 MPI processes
%  type: mpi
sol = [
0.0000000000000000e+00
-3.3599998260446007e+01
-2.3652172101632203e+01
-1.4128432312206527e+01
-8.6048124851130243e+00
-5.6259894411407139e+00
-3.9208751458517201e+00
-2.8723858752660010e+00
-2.1887607788731134e+00
-1.7204988039924904e+00
-1.3860772609819112e+00
-1.1396922878777282e+00
-9.5324585875829315e-01
-8.0888258548822012e-01
-6.9481019485254192e-01
-6.0311471054045585e-01
-5.2830203045481361e-01
-4.6655418255869946e-01
-4.1495684356097806e-01
-3.7146137117468780e-01
-3.3446306211607668e-01
-3.0268203276348349e-01
-2.7522218452456693e-01
-2.5134160772047948e-01
-2.3042124514957532e-01
-2.1199950398682207e-01
-1.9570778661847960e-01
-1.8122082209550752e-01
-1.6827284085084065e-01
-1.5667024893475420e-01
-1.4623169236081410e-01
-1.3678918115629260e-01
-1.2823767519421220e-01
-1.2046921010982214e-01
-1.1337665346431298e-01
-1.0689484189325048e-01
-1.0095811175442358e-01
-9.5498571878297536e-02
-9.0469701006709882e-02
-8.5831883947364254e-02
-8.1541018552926753e-02
-7.7561833390543372e-02
-7.3870456665697470e-02
-7.0437725845877611e-02
-6.7235621862281214e-02
-6.4250025211637904e-02
-6.1461602354568302e-02
-5.8846473079086865e-02
-5.6396831829319968e-02
-5.4099480812879651e-02
-5.1936631717064724e-02
-4.9902853701377467e-02
-4.7988597564714706e-02
-4.6180615728178734e-02
-4.4473954099319715e-02
-4.2862262715828506e-02
-4.1335701427286188e-02
-3.9889711681722118e-02
-3.8520139128278140e-02
-3.7219589773792042e-02
-3.5983868012130729e-02
-3.4810332401849178e-02
-3.3693363411402014e-02
-3.2629116325820440e-02
-3.1615992043143998e-02
-3.0649669093766440e-02
-2.9726648510064992e-02
-2.8846044998039538e-02
-2.8004492098369617e-02
-2.7198832814789780e-02
-2.6428664206382999e-02
-2.5691325262814004e-02
-2.4983995496088089e-02
-2.4306590010471286e-02
-2.3656969741981757e-02
-2.3032642738483183e-02
-2.2433725236418952e-02
-2.1858464129984715e-02
-2.1304685784659345e-02
-2.0772623989160063e-02
-2.0260810035233445e-02
-1.9767376432489846e-02
-1.9292615000417276e-02
-1.8835265186329199e-02
-1.8393752163307762e-02
-1.7968383411924523e-02
-1.7558048998823999e-02
-1.7161452360634721e-02
-1.6778886847493051e-02
-1.6826615854059673e-02
-1.7221073220115162e-02
-1.7629984993705650e-02
-1.8053594005383884e-02
-1.8492242075460026e-02
-1.8947490846514981e-02
-1.9419605081542366e-02
-1.9909225503022515e-02
-2.0418012072232209e-02
-2.0946252887647097e-02
-2.1494972773323535e-02
-2.2065945264619285e-02
-2.2659487512276599e-02
-2.3277111598003469e-02
-2.3920727676471350e-02
-2.4590693924711672e-02
-2.5289136899500662e-02
-2.6018136754234221e-02
-2.6778113784806584e-02
-2.7571967624457638e-02
-2.8401996887967636e-02
-2.9268718621059238e-02
-3.0176005981214536e-02
-3.1126225184608051e-02
-3.2120707966839634e-02
-3.3163894748171385e-02
-3.4258440149576477e-02
-3.5406881232933764e-02
-3.6614254432221417e-02
-3.7883675281794711e-02
-3.9219250135612331e-02
-4.0626820685985866e-02
-4.2110162845599562e-02
-4.3675443139018673e-02
-4.5329614108531667e-02
-4.7077411538715669e-02
-4.8927738882171973e-02
-5.0888963135373243e-02
-5.2967681986172514e-02
-5.5176041487221772e-02
-5.7524156404253998e-02
-6.0022682788280116e-02
-6.2686887138541467e-02
-6.5529991505308333e-02
-6.8568382092440497e-02
-7.1821906951069908e-02
-7.5308487049788458e-02
-7.9052773756628975e-02
-8.3081414445415641e-02
-8.7419944520372841e-02
-9.2104922619059032e-02
-9.7172643734529177e-02
-1.0266383633772914e-01
-1.0863016628138214e-01
-1.1512471080988555e-01
-1.2221224300189121e-01
-1.2996911158586660e-01
-1.3847648015670361e-01
-1.4783870831293705e-01
-1.5817301508924772e-01
-1.6961346158386734e-01
-1.8232902354061198e-01
-1.9651101153175787e-01
-2.1239261812605442e-01
-2.3025954149223007e-01
-2.5044614499536100e-01
-2.7337742521730896e-01
-2.9954437923276184e-01
-3.2959078551460580e-01
-3.6434085707351638e-01
-4.0481348993411020e-01
-4.5232843659780769e-01
-5.0861347398126100e-01
-5.7592561127061226e-01
-6.5733372363830300e-01
-7.5701079273653116e-01
-8.8076632122263065e-01
-1.0368649296293808e+00
-1.2369857607793657e+00
-1.4994942244833243e+00
-1.8523571267863115e+00
-2.3392862469053486e+00
-3.0320542443834002e+00
-4.0486922358938875e+00
-5.5687794033378024e+00
-7.7516554315297315e+00
-1.0085701477658422e+01
-1.0687911113152914e+01
-9.9618708726419722e+00
-9.0638517921880322e+00
-7.0220793629219020e+00
-4.6524339143764388e+00
-3.0654709425451623e+00
-2.1141479864531556e+00
-1.5292693856544324e+00
-1.1518795934098918e+00
-8.9662857688155717e-01
-7.1693443582516714e-01
-5.8603239869356183e-01
-4.9739480462379715e-01
-5.9685481393526452e-01
-7.2833675705400602e-01
-9.0673046331758622e-01
-1.1561298895698182e+00
-1.5170808286560065e+00
-2.0599765693818175e+00
-2.9042310011969743e+00
-4.2107311262156646e+00
-5.8860335262944297e+00
-6.7663763614732320e+00
0.0000000000000000e+00
1.3464638167935297e-01
0.0000000000000000e+00
0.0000000000000000e+00
];
