%Vec Object:sol 1 MPI processes
%  type: mpi
sol = [
0.0000000000000000e+00
-4.0199533776568323e+01
-2.3903158409012132e+01
-1.2901202273686680e+01
-7.5757330726014658e+00
-4.8818775652045199e+00
-3.3784513979692488e+00
-2.4662128061018200e+00
-1.8743227956942523e+00
-1.4704967801597655e+00
-1.1829046096802702e+00
-9.7125285359795610e-01
-8.1122690843052347e-01
-6.8740672667493075e-01
-5.8958212539778920e-01
-5.1097247881537178e-01
-4.4696298499854437e-01
-3.9414965962617782e-01
-3.5003164014937188e-01
-3.1285601316279926e-01
-2.8124690194428159e-01
-2.5410500761138577e-01
-2.3066429436556635e-01
-2.1028890864580616e-01
-1.9244731383201133e-01
-1.7674432875813120e-01
-1.6286449943211184e-01
-1.5052872131492179e-01
-1.3950906819835077e-01
-1.2964015443675078e-01
-1.2076346090155329e-01
-1.1273746647738685e-01
-1.0547356730501561e-01
-9.8879137388362903e-02
-9.2862129446667066e-02
-8.7366861239078719e-02
-8.2337062654687029e-02
-7.7714496512111458e-02
-7.3459357741611858e-02
-6.9537733789091616e-02
-6.5911851441622898e-02
-6.2551537859351455e-02
-5.9436355020149260e-02
-5.6541356248069018e-02
-5.3842617842568004e-02
-5.1328025453737720e-02
-4.8980896167466988e-02
-4.6781629921554220e-02
-4.4723339836897115e-02
-4.2794403295184469e-02
-4.0979532099559825e-02
-3.9274007229052103e-02
-3.7669676795492706e-02
-3.6155357064414542e-02
-3.4726760809367402e-02
-3.3378448795882094e-02
-3.2102136551009061e-02
-3.0893905433116504e-02
-2.9750170282921391e-02
-2.8664721695601497e-02
-2.7633982202607908e-02
-2.6655638819025929e-02
-2.5724983175233335e-02
-2.4838765485966419e-02
-2.3995545797512782e-02
-2.3191711145562045e-02
-2.2424330089881862e-02
-2.1692558493325319e-02
-2.0993587541167685e-02
-2.0324795918597149e-02
-1.9685740850716220e-02
-1.9074206740581093e-02
-1.8487872432264220e-02
-1.7926559395366262e-02
-1.7388490928702569e-02
-1.6871633959137475e-02
-1.6375977423596717e-02
-1.5900069802301794e-02
-1.5442152340384270e-02
-1.5002312915970251e-02
-1.4579340809205765e-02
-1.4171736481559855e-02
-1.3779638523029530e-02
-1.3402014128621303e-02
-1.3037607126092917e-02
-1.2686572990843158e-02
-1.2348009776960146e-02
-1.2020888431636732e-02
-1.1705357974070024e-02
-1.1690532813794410e-02
-1.1914886484757118e-02
-1.2146481771795406e-02
-1.2385305306416816e-02
-1.2631409798749610e-02
-1.2885711421508265e-02
-1.3148177360224837e-02
-1.3419035807440775e-02
-1.3699219756516719e-02
-1.3988670312811851e-02
-1.4287837594159320e-02
-1.4597671250066356e-02
-1.4918081056018453e-02
-1.5249792699282463e-02
-1.5593774966315671e-02
-1.5949902444047113e-02
-1.6319240767256944e-02
-1.6702783285202694e-02
-1.7100367962953320e-02
-1.7513477962106269e-02
-1.7943141440663488e-02
-1.8389162336074856e-02
-1.8853536093439309e-02
-1.9337197998829617e-02
-1.9840361193121048e-02
-2.0365216434783458e-02
-2.0912717724671088e-02
-2.1483687735974848e-02
-2.2080478706260277e-02
-2.2704125279374675e-02
-2.3356217578750414e-02
-2.4039334695535149e-02
-2.4754650579856086e-02
-2.5504727408477122e-02
-2.6292470305191641e-02
-2.7119283881984521e-02
-2.7988978493869811e-02
-2.8904844417734742e-02
-2.9868928572096332e-02
-3.0886400656597885e-02
-3.1960963164988795e-02
-3.3096399982351178e-02
-3.4298906245085511e-02
-3.5573147783300736e-02
-3.6925283406763487e-02
-3.8363031830226282e-02
-3.9892559489143178e-02
-4.1523343698895876e-02
-4.3265366375539238e-02
-4.5127354238916062e-02
-4.7123382664098934e-02
-4.9266491985403206e-02
-5.1571193922572901e-02
-5.4056760358528189e-02
-5.6741919939746754e-02
-5.9650151209942631e-02
-6.2809250958844473e-02
-6.6247555715542569e-02
-7.0003054339373177e-02
-7.4117528985058384e-02
-7.8638142889856433e-02
-8.3625756839616580e-02
-8.9147799358262100e-02
-9.5285177569400414e-02
-1.0214021956919742e-01
-1.0983099961500134e-01
-1.1850845314646874e-01
-1.2835542593929269e-01
-1.3959624693619324e-01
-1.5252208839426332e-01
-1.6749491701751396e-01
-1.8498527385981059e-01
-2.0561073239325320e-01
-2.3017737622859671e-01
-2.5978593049529813e-01
-2.9593319842864946e-01
-3.4070344179446416e-01
-3.9708014634780581e-01
-4.6938338942441044e-01
-5.6406066561609380e-01
-6.9089405064791709e-01
-8.6486639864916981e-01
-1.1093951264150890e+00
-1.4585152703555020e+00
-1.9501464886435840e+00
-2.5768514861909075e+00
-3.1692539393955719e+00
-3.5268692705306015e+00
-3.7816221937234769e+00
-4.0305743617864564e+00
-3.8881194383218016e+00
-3.1410349154044983e+00
-2.3412423029203828e+00
-1.7489950551220019e+00
-1.3412328221761440e+00
-1.0587031471839452e+00
-8.5756878496031375e-01
-7.1001431119118774e-01
-5.9886113922497819e-01
-5.2310728266774542e-01
-6.4463739153503274e-01
-8.0668039996452878e-01
-1.0284292748338031e+00
-1.3416325067233088e+00
-1.8002205864433636e+00
-2.5001052098662773e+00
-3.6131882575901852e+00
-5.4117680535270507e+00
-7.9549807852267103e+00
-9.5490706580877180e+00
0.0000000000000000e+00
2.4055929233035767e-01
0.0000000000000000e+00
0.0000000000000000e+00
];
