%Vec Object:sol 1 MPI processes
%  type: mpi
sol = [
0.0000000000000000e+00
-1.5312023821783814e+01
-1.2296408622883224e+01
-8.4411500364049594e+00
-5.5825807178408029e+00
-3.8206268952866851e+00
-2.7369243764956943e+00
-2.0422806965077998e+00
-1.5758932985010197e+00
-1.2504869128482385e+00
-1.0153225790467071e+00
-8.4010001823038916e-01
-7.0615946932854967e-01
-6.0173079175665356e-01
-5.1876817499868788e-01
-4.5179918439684114e-01
-3.9701915417518419e-01
-3.5163986378311440e-01
-3.1359681725388355e-01
-2.8143627934907273e-01
-2.5401019640514760e-01
-2.3039571353944377e-01
-2.0994902744812421e-01
-1.9213319469775886e-01
-1.7649713137662670e-01
-1.6270519141548767e-01
-1.5048898532501914e-01
-1.3960982710475375e-01
-1.2987230868445668e-01
-1.2113513723624268e-01
-1.1326464022365976e-01
-1.0613595478993047e-01
-9.9672540899699291e-02
-9.3794511712430917e-02
-8.8421751699348780e-02
-8.3504880309310303e-02
-7.8996021011255080e-02
-7.4845465756951682e-02
-7.1018733144147861e-02
-6.7486507793442563e-02
-6.4215574958779845e-02
-6.1179487213729497e-02
-5.8360708868547988e-02
-5.5737266705378451e-02
-5.3287908460158080e-02
-5.1002415872918185e-02
-4.8866102179057500e-02
-4.6861300776866191e-02
-4.4982415038884671e-02
-4.3219213859803859e-02
-4.1557770721873916e-02
-3.9994321073230796e-02
-3.8521703413689157e-02
-3.7129676736206915e-02
-3.5814695754980551e-02
-3.4572039838499678e-02
-3.3394087511849094e-02
-3.2277491232849578e-02
-3.1219208123160057e-02
-3.0213502524928253e-02
-2.9257229075532673e-02
-2.8348501713976355e-02
-2.7482955822150473e-02
-2.6657660927229796e-02
-2.5871527411322828e-02
-2.5121195208074036e-02
-2.4403961366343555e-02
-2.3719280243441630e-02
-2.3064531609192120e-02
-2.2437249476992934e-02
-2.1837253904412133e-02
-2.1262471240482438e-02
-2.0710677820131019e-02
-2.0181932432290925e-02
-1.9674565396114712e-02
-1.9186596705253526e-02
-1.8718233252346492e-02
-1.8268103270847155e-02
-1.7834468444805525e-02
-1.7417618762153059e-02
-1.7016400878848068e-02
-1.6629313474943532e-02
-1.6256683185158757e-02
-1.5897515196803262e-02
-1.5550538542859848e-02
-1.5216083315949749e-02
-1.4893267866700075e-02
-1.4581043483404854e-02
-1.4279720290925033e-02
-1.4344174496017029e-02
-1.4704889392977821e-02
-1.5079185082724302e-02
-1.5467335248005537e-02
-1.5869699857628896e-02
-1.6287699133348179e-02
-1.6721636837428142e-02
-1.7172144192004770e-02
-1.7640744930165875e-02
-1.8127776314838001e-02
-1.8634219732263473e-02
-1.9161719112425441e-02
-1.9710652832958010e-02
-2.0282448953949157e-02
-2.0878895850355871e-02
-2.1500426960128303e-02
-2.2149036586562511e-02
-2.2826692138052562e-02
-2.3533905132167864e-02
-2.4273386089772291e-02
-2.5047330938521614e-02
-2.5856365737729085e-02
-2.6704107799659139e-02
-2.7592855429384288e-02
-2.8523996895247011e-02
-2.9501710516966241e-02
-3.0528602836823203e-02
-3.1607190271935252e-02
-3.2742253451898372e-02
-3.3936875597714994e-02
-3.5195051421907042e-02
-3.6522371621426852e-02
-3.7922594642197820e-02
-3.9401668421369954e-02
-4.0966296081695809e-02
-4.2621208824640780e-02
-4.4374964187362198e-02
-4.6235689316688207e-02
-4.8209947230494161e-02
-5.0309423799761700e-02
-5.2544022393643905e-02
-5.4924207452674192e-02
-5.7464757210153504e-02
-6.0178666547166429e-02
-6.3081935275881101e-02
-6.6193876329326759e-02
-6.9532148004126437e-02
-7.3120771014032956e-02
-7.6985788122718210e-02
-8.1152382527208924e-02
-8.5656189579172648e-02
-9.0532845441297430e-02
-9.5822375673148871e-02
-1.0157533697309803e-01
-1.0784396147729230e-01
-1.1469183900551849e-01
-1.2219391166081769e-01
-1.3043018622047262e-01
-1.3950315593772500e-01
-1.4952821440600322e-01
-1.6063753703286451e-01
-1.7299741337148092e-01
-1.8679657101719313e-01
-2.0226500333158617e-01
-2.1968450415441479e-01
-2.3938544078611648e-01
-2.6177184191588304e-01
-2.8735255360977080e-01
-3.1676435787731333e-01
-3.5081462509748113e-01
-3.9051213209273633e-01
-4.3716389486249541e-01
-4.9248171852201528e-01
-5.5870345371718133e-01
-6.3887251009079860e-01
-7.3712972985039038e-01
-8.5924255133034511e-01
-1.0134021133720208e+00
-1.2112604398559899e+00
-1.4710449646496013e+00
-1.8205615927948677e+00
-2.3033442899912391e+00
-2.9907023727464490e+00
-4.0002094999126179e+00
-5.5102672623820403e+00
-7.6785673207060450e+00
-9.9989226923893977e+00
-1.0617943543798692e+01
-9.9249430131251373e+00
-9.0541534733599978e+00
-7.0316270629411504e+00
-4.6666088956202199e+00
-3.0779134883474200e+00
-2.1244444362958341e+00
-1.5376972086526139e+00
-1.1590467789303585e+00
-9.0274688117046198e-01
-7.2225382824500362e-01
-5.9072759861816238e-01
-5.0171863346919710e-01
-6.0242329834222852e-01
-7.3559313274478233e-01
-9.1633946533785127e-01
-1.1692232569401415e+00
-1.5352885296728556e+00
-2.0864277478165767e+00
-2.9444232864950188e+00
-4.2759678282179054e+00
-5.9931857904269359e+00
-6.9044337063621981e+00
0.0000000000000000e+00
2.4055929233035767e-01
0.0000000000000000e+00
0.0000000000000000e+00
];
