%Vec Object:sol 1 MPI processes
%  type: mpi
sol = [
0.0000000000000000e+00
-1.5313916459428986e+01
-1.2297613482416002e+01
-8.4417408921820698e+00
-5.5828744362253326e+00
-3.8207896894114954e+00
-2.7370283615783944e+00
-2.0423486391353025e+00
-1.5759426405993218e+00
-1.2505242475978477e+00
-1.0153517250879822e+00
-8.4012332878029683e-01
-7.0617721002668421e-01
-6.0174547899232556e-01
-5.1878049714381880e-01
-4.5180963874091445e-01
-3.9702810980927444e-01
-3.5164759918421917e-01
-3.1360354581311212e-01
-2.8144216908645414e-01
-2.5401538051117317e-01
-2.3040029802387724e-01
-2.0995309835140494e-01
-1.9213682416351063e-01
-1.7650037794039666e-01
-1.6270810407245836e-01
-1.5049160583693175e-01
-1.3961218993927424e-01
-1.2987444341528537e-01
-1.2113706945883380e-01
-1.1326639194289755e-01
-1.0613754480253719e-01
-9.9673986129351369e-02
-9.3795827289651398e-02
-8.8422905174589825e-02
-8.3505818153770131e-02
-7.8996869979892664e-02
-7.4846233878306301e-02
-7.1019427595479676e-02
-6.7487135015826774e-02
-6.4216140663618110e-02
-6.1179996511982082e-02
-5.8361166403151719e-02
-5.5737676638029220e-02
-5.3288274516151507e-02
-5.1002741472091391e-02
-4.8866390415609889e-02
-4.6861554422137401e-02
-4.4982636658919238e-02
-4.3219405792491679e-02
-4.1557935071332264e-02
-3.9994459793656296e-02
-3.8521818296417175e-02
-3.7129769406977035e-02
-3.5814767722000151e-02
-3.4572092492934935e-02
-3.3394122125652514e-02
-3.2277508985791063e-02
-3.1219210108528482e-02
-3.0213489748863936e-02
-2.9257202472170625e-02
-2.8348462151564401e-02
-2.7482904104309251e-02
-2.6657597801732588e-02
-2.5871453574179398e-02
-2.5121111306687528e-02
-2.4403868005286766e-02
-2.3719177985297647e-02
-2.3064420979527787e-02
-2.2437130969059627e-02
-2.1837127976327121e-02
-2.1262338321847620e-02
-2.0710538316677126e-02
-2.0181786719564099e-02
-1.9674413827503380e-02
-1.9186439616944037e-02
-1.8718070954035416e-02
-1.8267936054960059e-02
-1.7834296591715842e-02
-1.7417442528586791e-02
-1.7016220508188299e-02
-1.6629129202317315e-02
-1.6256495224405535e-02
-1.5897323751569221e-02
-1.5550343811279498e-02
-1.5215885476868281e-02
-1.4893067091516183e-02
-1.4580839939683966e-02
-1.4279514128794482e-02
-1.4343960563696176e-02
-1.4704663085176697e-02
-1.5078945854983199e-02
-1.5467082532120879e-02
-1.5869433060188922e-02
-1.6287417619905667e-02
-1.6721339945995103e-02
-1.7171831227844339e-02
-1.7640415150514174e-02
-1.8127428944905859e-02
-1.8633853954340932e-02
-1.9161334052601103e-02
-1.9710247579847111e-02
-2.0282022539691320e-02
-2.0878447241069673e-02
-2.1499955077850491e-02
-2.2148540278834346e-02
-2.2826170174518098e-02
-2.3533356229994199e-02
-2.4272808867990589e-02
-2.5046723923459590e-02
-2.5855727392520129e-02
-2.6703436458091746e-02
-2.7592149318288212e-02
-2.8523254151079223e-02
-2.9500929118803719e-02
-3.0527780635450967e-02
-3.1606324987676598e-02
-3.2741342614477038e-02
-3.3935916579655438e-02
-3.5194041410385589e-02
-3.6521307569632164e-02
-3.7921473307103860e-02
-3.9400486299378305e-02
-4.0965049377220661e-02
-4.2619893492313210e-02
-4.4373575817452986e-02
-4.6234223131997654e-02
-4.8208398116996273e-02
-5.0307786146477365e-02
-5.2542290124584431e-02
-5.4922373993642207e-02
-5.7462815339767652e-02
-6.0176608426413120e-02
-6.3079752333574934e-02
-6.6191559130403088e-02
-6.9529686270417321e-02
-7.3118153390746787e-02
-7.6983002072547782e-02
-8.1149414317557886e-02
-8.5653023892857269e-02
-9.0529465320393174e-02
-9.5818762314922118e-02
-1.0157146930505039e-01
-1.0783981602299296e-01
-1.1468738895414481e-01
-1.2218912770746089e-01
-1.3042503496934746e-01
-1.3949759940736345e-01
-1.4952220942121253e-01
-1.6063103487382011e-01
-1.7299035712495991e-01
-1.8678889573185126e-01
-2.0225663386146187e-01
-2.1967535294458632e-01
-2.3937540363669466e-01
-2.6176034635184614e-01
-2.8733987242390208e-01
-3.1675031652888952e-01
-3.5079901361034649e-01
-3.9049469657456187e-01
-4.3714432514388640e-01
-4.9245963159190226e-01
-5.5867837255818220e-01
-6.3884383172221815e-01
-7.3709668031913678e-01
-8.5920413254065087e-01
-1.0133554021318563e+00
-1.2112050307897870e+00
-1.4709783591660979e+00
-1.8204802673688498e+00
-2.3032399722555961e+00
-2.9905702030696384e+00
-4.0000329967171977e+00
-5.5100267991702800e+00
-7.6782370872074095e+00
-9.9984863150782211e+00
-1.0617482011384300e+01
-9.9245414511105015e+00
-9.0538122921327435e+00
-7.0314009057363558e+00
-4.6664811485063469e+00
-3.0778374615333326e+00
-2.1243948535164172e+00
-1.5376626980634240e+00
-1.1590212006476424e+00
-9.0272727185479851e-01
-7.2223829820650387e-01
-5.9071497767373582e-01
-5.0170787496842773e-01
-6.0241031827010061e-01
-7.3557720206495925e-01
-9.1631950310695209e-01
-1.1691974357222243e+00
-1.5352542645818357e+00
-2.0863800954923990e+00
-2.9443537423131634e+00
-4.2758587700348993e+00
-5.9930117043734095e+00
-6.9042131029913092e+00
0.0000000000000000e+00
2.4055929233035767e-01
0.0000000000000000e+00
0.0000000000000000e+00
];
