%Vec Object:sol 1 MPI processes
%  type: mpi
sol = [
0.0000000000000000e+00
-6.7010289124825306e+01
-3.3788526959482112e+01
-1.6651266999861182e+01
-9.4025919559311291e+00
-5.9422148478285353e+00
-4.0661061295745755e+00
-2.9464356330026669e+00
-2.2286074178927118e+00
-1.7421694598531108e+00
-1.3982762923147631e+00
-1.1458262329564655e+00
-9.5558756922224120e-01
-8.0879620731785817e-01
-6.9312641753716187e-01
-6.0039067287412595e-01
-5.2491033516759678e-01
-4.6269730665313608e-01
-4.1078363128358569e-01
-3.6707893941686015e-01
-3.2994734499083272e-01
-2.9808521054572157e-01
-2.7058384792620455e-01
-2.4669077415543653e-01
-2.2577819341578756e-01
-2.0737936411691288e-01
-1.9112203123428079e-01
-1.7667743568465122e-01
-1.6377726615727084e-01
-1.5222671722866152e-01
-1.4184299570355727e-01
-1.3245677243608298e-01
-1.2395900938428599e-01
-1.1624471111522906e-01
-1.0920670872983430e-01
-1.0277958366514622e-01
-9.6897329745856436e-02
-9.1491699868145496e-02
-8.6516012993622091e-02
-8.1930520344606739e-02
-7.7690984509701452e-02
-7.3762061490057804e-02
-7.0119816315992317e-02
-6.6735048829393323e-02
-6.3579750653834699e-02
-6.0639751757516867e-02
-5.7895535704231171e-02
-5.5324155639641687e-02
-5.2917574014331274e-02
-5.0662201822265732e-02
-4.8540135398115025e-02
-4.6545879772152327e-02
-4.4669909854615761e-02
-4.2899126139939597e-02
-4.1228534701039564e-02
-3.9651788185922243e-02
-3.8159181016846351e-02
-3.6746143772007869e-02
-3.5408501858050757e-02
-3.4138979313406571e-02
-3.2933398396172202e-02
-3.1789076037642312e-02
-3.0700494146447373e-02
-2.9663851272175808e-02
-2.8677488368221829e-02
-2.7737170395199948e-02
-2.6839462235483062e-02
-2.5983403958054686e-02
-2.5165702580423589e-02
-2.4383280742046015e-02
-2.3635649629351572e-02
-2.2920211218933631e-02
-2.2234235438782415e-02
-2.1577543646562496e-02
-2.0948051854917490e-02
-2.0343364389807918e-02
-1.9763499030073916e-02
-1.9206752380581803e-02
-1.8671048290243651e-02
-1.8156520266601476e-02
-1.7661746365843580e-02
-1.7184953473720101e-02
-1.6726333902591466e-02
-1.6284673168018675e-02
-1.5858483771799981e-02
-1.5447976779468232e-02
-1.5052089699475706e-02
-1.4669602695608679e-02
-1.4300717830906166e-02
-1.4299123852228221e-02
-1.4590750504494338e-02
-1.4892259124137310e-02
-1.5203700341369848e-02
-1.5525206809745413e-02
-1.5857966767494815e-02
-1.6202020272433896e-02
-1.6557727986514115e-02
-1.6926318153769056e-02
-1.7307815115985975e-02
-1.7702869412266200e-02
-1.8112753363838677e-02
-1.8537472848954750e-02
-1.8978041020673252e-02
-1.9435782681588555e-02
-1.9910685392025229e-02
-2.0404213145611708e-02
-2.0917756950693599e-02
-2.1451290724418027e-02
-2.2006837090076770e-02
-2.2585875179965000e-02
-2.3188377105661215e-02
-2.3817057595196853e-02
-2.4473336573345529e-02
-2.5157749780543495e-02
-2.5873328993343738e-02
-2.6621588616017152e-02
-2.7403901451118640e-02
-2.8223596324006391e-02
-2.9082381264636869e-02
-2.9982696967513139e-02
-3.0928281400705759e-02
-3.1921140113247648e-02
-3.2965086133848347e-02
-3.4064433343671194e-02
-3.5221643451829647e-02
-3.6442316732775912e-02
-3.7731476180417473e-02
-3.9092629235288577e-02
-4.0533394919470098e-02
-4.2059620449897112e-02
-4.3677369732948543e-02
-4.5395971393204622e-02
-4.7222927962077645e-02
-4.9167847984347909e-02
-5.1242584698871670e-02
-5.3457178812392529e-02
-5.5826261543876043e-02
-5.8365432805855398e-02
-6.1088949080870494e-02
-6.4018523012228365e-02
-6.7174939604112027e-02
-7.0581417806349994e-02
-7.4268119763198429e-02
-7.8265143347553121e-02
-8.2608170279290905e-02
-8.7342067045038274e-02
-9.2512827821078419e-02
-9.8180436573260199e-02
-1.0441149263584650e-01
-1.1128159221665843e-01
-1.1888715135516310e-01
-1.2733600132296288e-01
-1.3675992005047816e-01
-1.4732057526423009e-01
-1.5920559677194754e-01
-1.7265463361597091e-01
-1.8795833150070845e-01
-2.0547328960554914e-01
-2.2566021473485087e-01
-2.4909207932124050e-01
-2.7651153954678526e-01
-3.0889093479279456e-01
-3.4749797773683394e-01
-3.9405857043456122e-01
-4.5091690307331794e-01
-5.2130955349482877e-01
-6.0985512923901619e-01
-7.2335136966039881e-01
-8.7193799726322241e-01
-1.0712123017042869e+00
-1.3456545305586929e+00
-1.7343697444796649e+00
-2.3001488149223102e+00
-3.1276128983067779e+00
-4.2536927669843232e+00
-5.3208496739579472e+00
-5.5786834220882424e+00
-5.3644954180435240e+00
-5.0907267269985033e+00
-4.3055090754184393e+00
-3.1150640041198687e+00
-2.1639177631791000e+00
-1.5397359764722089e+00
-1.1371623426051753e+00
-8.6954893500966801e-01
-6.8503333276009504e-01
-5.5326120816882640e-01
-4.5620582923427772e-01
-3.9020704123491518e-01
-4.7061491684430296e-01
-5.7704958717278998e-01
-7.2154080009729571e-01
-9.2349840838491115e-01
-1.2149699682898329e+00
-1.6505120122074002e+00
-2.3176928647803470e+00
-3.3155870739125568e+00
-4.5007548884480650e+00
-5.0668472732741181e+00
0.0000000000000000e+00
1.3464638167935297e-01
0.0000000000000000e+00
0.0000000000000000e+00
];
