%Vec Object:sol 1 MPI processes
%  type: mpi
sol = [
0.0000000000000000e+00
-1.4858846550575237e+01
-1.2006196130133619e+01
-8.2980194396793809e+00
-5.5112434471132321e+00
-3.7810436299684627e+00
-2.7116352986724306e+00
-2.0257303870425276e+00
-1.5638926438022320e+00
-1.2414085600754248e+00
-1.0082367045487701e+00
-8.3443326981531596e-01
-7.0171683006166419e-01
-5.9816176109086783e-01
-5.1577450946557746e-01
-4.4925986884645763e-01
-3.9484437690235880e-01
-3.4976186565482031e-01
-3.1196367739993203e-01
-2.8000712004897632e-01
-2.5275261539578509e-01
-2.2928392101852754e-01
-2.0896189830002637e-01
-1.9125339418438247e-01
-1.7571041879108759e-01
-1.6199964794044439e-01
-1.4985454178615865e-01
-1.3903800329497043e-01
-1.2935591216293724e-01
-1.2066794394744543e-01
-1.1284129933974354e-01
-1.0575189325465494e-01
-9.9323719524287632e-02
-9.3477404742025830e-02
-8.8133251999439791e-02
-8.3243916187467099e-02
-7.8761056127728130e-02
-7.4634000431744688e-02
-7.0828550879185742e-02
-6.7315635288657458e-02
-6.4062272266356968e-02
-6.1042206888884461e-02
-5.8238055916255443e-02
-5.5627997377105338e-02
-5.3190914421873757e-02
-5.0916687213357889e-02
-4.8790729787482112e-02
-4.6795473022915819e-02
-4.4925385701581548e-02
-4.3170306368457860e-02
-4.1516377664497804e-02
-3.9959881996953467e-02
-3.8493706984046028e-02
-3.7107659421133886e-02
-3.5798266412944403e-02
-3.4560546344203275e-02
-3.3386959539708314e-02
-3.2274430983659702e-02
-3.1219950972541405e-02
-3.0217804877167465e-02
-2.9264864798441370e-02
-2.8359260702679120e-02
-2.7496643567136537e-02
-2.6674096435245497e-02
-2.5890542305362245e-02
-2.5142632833760527e-02
-2.4427675418715211e-02
-2.3745134663091465e-02
-2.3092399266565537e-02
-2.2467011034142840e-02
-2.1868798600460617e-02
-2.1295695193622469e-02
-2.0745482891192220e-02
-2.0218227857631711e-02
-1.9712265753028896e-02
-1.9225620697083220e-02
-1.8758506062718949e-02
-1.8309554239995543e-02
-1.7877029792407156e-02
-1.7461228492730237e-02
-1.7061000213341601e-02
-1.6674845586834533e-02
-1.6303096463197740e-02
-1.5944760472930423e-02
-1.5598567951315551e-02
-1.5264853713784736e-02
-1.4942737894204616e-02
-1.4631172673626030e-02
-1.4330472450407084e-02
-1.4396818085750831e-02
-1.4760556904201392e-02
-1.5138009241586132e-02
-1.5529454546326052e-02
-1.5935258910460253e-02
-1.6356852577565084e-02
-1.6794545995663802e-02
-1.7248978351579843e-02
-1.7721685094586319e-02
-1.8213011264586135e-02
-1.8723948690629495e-02
-1.9256155013275520e-02
-1.9810017694860377e-02
-2.0386978554489184e-02
-2.0988842055497982e-02
-2.1616052329479989e-02
-2.2270621824502769e-02
-2.2954536929416475e-02
-2.3668321880174210e-02
-2.4414711120043044e-02
-2.5195923138189073e-02
-2.6012599314009045e-02
-2.6868388486411859e-02
-2.7765614975694727e-02
-2.8705688996082387e-02
-2.9692827205052109e-02
-3.0729667325809930e-02
-3.1818757499516410e-02
-3.2964924748516387e-02
-3.4171290511432542e-02
-3.5441894572767002e-02
-3.6782384570964249e-02
-3.8196566622634757e-02
-3.9690452057413068e-02
-4.1270815028905387e-02
-4.2942447420620686e-02
-4.4713995399643200e-02
-4.6593675487135007e-02
-4.8588132507711095e-02
-5.0709173230958263e-02
-5.2966814042606461e-02
-5.5371640476749258e-02
-5.7938588123897294e-02
-6.0680801955426106e-02
-6.3614459738465107e-02
-6.6759084415196540e-02
-7.0132539085065934e-02
-7.3759106183065512e-02
-7.7665115803634763e-02
-8.1876041513904041e-02
-8.6427903756397417e-02
-9.1356737291663520e-02
-9.6703015814916540e-02
-1.0251784747458578e-01
-1.0885404822492650e-01
-1.1577590678842846e-01
-1.2335918599159519e-01
-1.3168478129075950e-01
-1.4085629952353967e-01
-1.5099039531341810e-01
-1.6222069070386616e-01
-1.7471526961962369e-01
-1.8866490537399785e-01
-2.0430206585031224e-01
-2.2191155665012877e-01
-2.4182727187063269e-01
-2.6447286055364144e-01
-2.9036462397578472e-01
-3.2013839116974291e-01
-3.5461239781323073e-01
-3.9475370202641147e-01
-4.4192376882226986e-01
-4.9785278800143562e-01
-5.6480137765291538e-01
-6.4584344525874149e-01
-7.4516062793166249e-01
-8.6857611310723415e-01
-1.0244310577679032e+00
-1.2247215080111626e+00
-1.4872194099275382e+00
-1.8402998922994112e+00
-2.3286244633309909e+00
-3.0227537727995832e+00
-4.0429872830584701e+00
-5.5684970106412290e+00
-7.7584424881098846e+00
-1.0104350589510261e+01
-1.0727780658696686e+01
-1.0021838953048871e+01
-9.1363829903336722e+00
-7.0860591189014279e+00
-4.6973276690262855e+00
-3.0961862782815102e+00
-2.1363392423650800e+00
-1.5459874555737572e+00
-1.1651807437586406e+00
-9.0745604431758142e-01
-7.2598280657263481e-01
-5.9375766125813012e-01
-5.0428945829149796e-01
-6.0553899973765857e-01
-7.3941659520547354e-01
-9.2112986522413576e-01
-1.1753974661683244e+00
-1.5435091940131420e+00
-2.0978583944404416e+00
-2.9611017353226292e+00
-4.3021193841893481e+00
-6.0349358033798630e+00
-6.9573602942771764e+00
0.0000000000000000e+00
2.4055929233035767e-01
0.0000000000000000e+00
0.0000000000000000e+00
];
