%Vec Object:sol 1 MPI processes
%  type: mpi
sol = [
0.0000000000000000e+00
-1.4946257740570406e+01
-1.2062439723270309e+01
-8.3258846875889923e+00
-5.5251606007361227e+00
-3.7887727043906256e+00
-2.7165735526981583e+00
-2.0289810935121739e+00
-1.5662362077368306e+00
-1.2431812097410055e+00
-1.0096201119036265e+00
-8.3553946044533711e-01
-7.0261890993315290e-01
-5.9885829828174786e-01
-5.1635866122092078e-01
-4.4975528123486019e-01
-3.9526859745805759e-01
-3.5012813241394058e-01
-3.1228213360855683e-01
-2.8028575080570123e-01
-2.5299774979101497e-01
-2.2950059643312623e-01
-2.0915424041464140e-01
-1.9142478850805814e-01
-1.7586364635768287e-01
-1.6213703618258574e-01
-1.4997805678420603e-01
-1.3914930082015908e-01
-1.2945639650792048e-01
-1.2075883019527492e-01
-1.1292363204936998e-01
-1.0582656517449122e-01
-9.9391519125884925e-02
-9.3539020308181606e-02
-8.8189278321073608e-02
-8.3294883906517625e-02
-7.8807435058005040e-02
-7.4676202190967614e-02
-7.0866943600368354e-02
-6.7350549525814180e-02
-6.4094001182901386e-02
-6.1071012902311698e-02
-5.8264177592108377e-02
-5.5651648607157905e-02
-5.3212286792684006e-02
-5.0935956535775054e-02
-4.8808055316518099e-02
-4.6810997277441833e-02
-4.4939239647334824e-02
-4.3182619312679180e-02
-4.1526618398865123e-02
-3.9968155719454126e-02
-3.8500175809526541e-02
-3.7112469866065714e-02
-3.5801515592325729e-02
-3.4562615211446164e-02
-3.3388170425931035e-02
-3.2274851708577523e-02
-3.1219633086702503e-02
-3.0216795842039880e-02
-2.9263208667475546e-02
-2.8356998394722884e-02
-2.7493812969012345e-02
-2.6670732799637834e-02
-2.5886678415205009e-02
-2.5138299193226202e-02
-2.4422900518084358e-02
-2.3739944985167794e-02
-2.3086819558556480e-02
-2.2461064529790343e-02
-2.1862506851589768e-02
-2.1289078415354573e-02
-2.0738560185515679e-02
-2.0211016879378329e-02
-1.9704783119527162e-02
-1.9217882227984567e-02
-1.8750526305658641e-02
-1.8301346935560153e-02
-1.7868608126397900e-02
-1.7452604515204053e-02
-1.7052185350360204e-02
-1.6665850889883045e-02
-1.6293931959824003e-02
-1.5935435717328483e-02
-1.5589092249152007e-02
-1.5255235443597148e-02
-1.4932985089839928e-02
-1.4621293199358483e-02
-1.4320473331810425e-02
-1.4386449384835435e-02
-1.4749595677800370e-02
-1.5126429531172379e-02
-1.5517229269089359e-02
-1.5922359789089367e-02
-1.6343249372314246e-02
-1.6780207163380054e-02
-1.7233870794082166e-02
-1.7705773420708660e-02
-1.8196258567398461e-02
-1.8706316023052939e-02
-1.9237600746277030e-02
-1.9790498429174044e-02
-2.0366448201697338e-02
-2.0967251381560966e-02
-2.1593350017061308e-02
-2.2246753008979266e-02
-2.2929443036673335e-02
-2.3641941858808944e-02
-2.4386979241185928e-02
-2.5166769265341636e-02
-2.5981950327050415e-02
-2.6836165100628775e-02
-2.7731732826945514e-02
-2.8670059441559280e-02
-2.9655354108258248e-02
-3.0690248464412987e-02
-3.1777284461255648e-02
-3.2921280056518620e-02
-3.4125349231761692e-02
-3.5393522973114440e-02
-3.6731437797400519e-02
-3.8142890521842422e-02
-3.9633880098625021e-02
-4.1211166812338294e-02
-4.2879530711280686e-02
-4.4647600655929091e-02
-4.6523575722580257e-02
-4.8514084780580613e-02
-5.0630910993930398e-02
-5.2884048696665215e-02
-5.5284059798518886e-02
-5.7845849175290238e-02
-6.0582532519536707e-02
-6.3510252876979201e-02
-6.6648492209562357e-02
-7.0015073673026354e-02
-7.3634228637407040e-02
-7.7532231143910085e-02
-8.1734498136509112e-02
-8.6276974929934344e-02
-9.1195618549430243e-02
-9.6530815301370490e-02
-1.0233356578215384e-01
-1.0865657211589098e-01
-1.1556398665945598e-01
-1.2313141238694277e-01
-1.3143957144352908e-01
-1.4059185356992551e-01
-1.5070466759299780e-01
-1.6191135362472400e-01
-1.7437964587456722e-01
-1.8829991904106924e-01
-2.0390415887119759e-01
-2.2147658420263577e-01
-2.4135040173552985e-01
-2.6394839738385656e-01
-2.8978582565755345e-01
-3.1949723537747327e-01
-3.5387133300641310e-01
-3.9392548840257702e-01
-4.4099448409519332e-01
-4.9680433840807725e-01
-5.6361123974794936e-01
-6.4448316330213218e-01
-7.4359381314131057e-01
-8.6675554102666186e-01
-1.0222943119478469e+00
-1.2220962127719048e+00
-1.4840659414978314e+00
-1.8364530262611869e+00
-2.3237261318198552e+00
-3.0165113000433279e+00
-4.0346598463954901e+00
-5.5571700159719803e+00
-7.7429212054466490e+00
-1.0083885940178638e+01
-1.0706501384522850e+01
-1.0003066233478245e+01
-9.1204648611403663e+00
-7.0755323658986997e+00
-4.6913904899839807e+00
-3.0926556797341038e+00
-2.1340559991056316e+00
-1.5443859334353571e+00
-1.1640030212845160e+00
-9.0654639795989422e-01
-7.2526254507980559e-01
-5.9317242989359775e-01
-5.0379417947074689e-01
-6.0493726193138986e-01
-7.3867820946047857e-01
-9.2020480560163131e-01
-1.1742084180746233e+00
-1.5419219007689982e+00
-2.0956514797368055e+00
-2.9578820400493586e+00
-4.2970712759412439e+00
-6.0268756393224212e+00
-6.9471390261262025e+00
0.0000000000000000e+00
2.4055929233035767e-01
0.0000000000000000e+00
0.0000000000000000e+00
];
