%Vec Object:sol 1 MPI processes
%  type: mpi
sol = [
0.0000000000000000e+00
-2.2672867306646189e+01
-1.7975419343275661e+01
-1.2017151337147883e+01
-7.7546221332391445e+00
-5.2131979168612244e+00
-3.6901878229112204e+00
-2.7294940370352938e+00
-2.0938954563987657e+00
-1.6533000973708840e+00
-1.3368856247099608e+00
-1.1025730920224630e+00
-9.2456894931984368e-01
-7.8631724925063584e-01
-6.7680063084960351e-01
-5.8861081705148854e-01
-5.1655840747073067e-01
-4.5692835388961089e-01
-4.0703443361817659e-01
-3.6492424378415078e-01
-3.2906491274616406e-01
-2.9823104609765455e-01
-2.7156426595659233e-01
-2.4835264819830474e-01
-2.2800106298299347e-01
-2.1006560706642896e-01
-1.9419158880020251e-01
-1.8006541883909224e-01
-1.6743063255039509e-01
-1.5610065817478166e-01
-1.4590031361072234e-01
-1.3666692439768954e-01
-1.2829924923618660e-01
-1.2069283087297290e-01
-1.1374364658086167e-01
-1.0738881746729378e-01
-1.0156476080372227e-01
-9.6205446215285886e-02
-9.1265825826859381e-02
-8.6707570151689395e-02
-8.2487735193888620e-02
-7.8572016684283555e-02
-7.4937381779425064e-02
-7.1555416667444929e-02
-6.8398735492927507e-02
-6.5453804587525630e-02
-6.2701615487551321e-02
-6.0119530330041887e-02
-5.7700017935080887e-02
-5.5429832390961921e-02
-5.3291177866968339e-02
-5.1278966812817850e-02
-4.9383918152968075e-02
-4.7592949986079429e-02
-4.5901356462657555e-02
-4.4302993485308584e-02
-4.2788126862996378e-02
-4.1352371852177376e-02
-3.9991741693610819e-02
-3.8698910828476908e-02
-3.7469798939603165e-02
-3.6301908368056822e-02
-3.5189664149811582e-02
-3.4129291288750224e-02
-3.3119319128591028e-02
-3.2155455233801401e-02
-3.1234235445730327e-02
-3.0354892506795097e-02
-2.9514078629685865e-02
-2.8708645193559840e-02
-2.7938299675916465e-02
-2.7200392593258602e-02
-2.6492092436850335e-02
-2.5813418618645077e-02
-2.5162238082529709e-02
-2.4536034547296724e-02
-2.3935023017463575e-02
-2.3357451686817802e-02
-2.2801114435296730e-02
-2.2266338341187485e-02
-2.1751651547046849e-02
-2.1255150338392908e-02
-2.0777214076791107e-02
-2.0316574539743094e-02
-1.9871620704243628e-02
-1.9442741391342475e-02
-1.9028813888268173e-02
-1.8628509624700463e-02
-1.8242202578665604e-02
-1.8323216584200965e-02
-1.8782652304084557e-02
-1.9259192466097003e-02
-1.9753326541891127e-02
-2.0265494320520352e-02
-2.0797499040371741e-02
-2.1349742427905265e-02
-2.1923027495642972e-02
-2.2519272545630794e-02
-2.3138914676216829e-02
-2.3783196727028187e-02
-2.4454189775795464e-02
-2.5152384968850874e-02
-2.5879586051024077e-02
-2.6638047654238911e-02
-2.7428332927685116e-02
-2.8252956524907107e-02
-2.9114400446217641e-02
-3.0013329311900958e-02
-3.0953156767237987e-02
-3.1936654726729255e-02
-3.2964635663999466e-02
-3.4041651179950949e-02
-3.5170606416004765e-02
-3.6353271934553233e-02
-3.7594906245093707e-02
-3.8898806064490074e-02
-4.0268158465350319e-02
-4.1708981641676850e-02
-4.3225175715255089e-02
-4.4821783077140936e-02
-4.6505842617610094e-02
-4.8282107617511429e-02
-5.0158070587852474e-02
-5.2142170472063508e-02
-5.4240387355265207e-02
-5.6463485279434553e-02
-5.8821694320648189e-02
-6.1323296476407718e-02
-6.3982976502521105e-02
-6.6813197484207248e-02
-6.9827129497828183e-02
-7.3043333871716798e-02
-7.6478150584161422e-02
-8.0151677741965521e-02
-8.4088153649854502e-02
-8.8309757046582449e-02
-9.2846612950373469e-02
-9.7731372152224993e-02
-1.0299561774853828e-01
-1.0868397433477660e-01
-1.1484106521252292e-01
-1.2151698694895520e-01
-1.2877495952268422e-01
-1.3668027797433580e-01
-1.4531237575738987e-01
-1.5476480174178764e-01
-1.6513737037004772e-01
-1.7655784470920699e-01
-1.8916995886948665e-01
-2.0313822035095977e-01
-2.1866942271386797e-01
-2.3599803683829595e-01
-2.5540953840920300e-01
-2.7725335076668345e-01
-3.0193864140544552e-01
-3.2998409418544106e-01
-3.6202104064316309e-01
-3.9882596333863568e-01
-4.4139765630596006e-01
-4.9094975596919566e-01
-5.4902911204711269e-01
-6.1779569371916987e-01
-6.9998431534202554e-01
-7.9930687231030884e-01
-9.2080181001754613e-01
-1.0714695796036406e+00
-1.2613145868222917e+00
-1.5044508940471719e+00
-1.8221390197871157e+00
-2.2480982664791793e+00
-2.8344001740062552e+00
-3.6646017793931742e+00
-4.8780416378399023e+00
-6.6852703638021609e+00
-9.2802040498160991e+00
-1.2072372688300645e+01
-1.2741030900063015e+01
-1.1737498064042743e+01
-1.0543861820076476e+01
-7.9899602049263345e+00
-5.1922800350854352e+00
-3.3860332553939467e+00
-2.3226077426042053e+00
-1.6748660334912771e+00
-1.2593291572233825e+00
-9.7920585403412330e-01
-7.8247143619036730e-01
-6.3939109965796370e-01
-5.4262512047079414e-01
-6.5151521228277287e-01
-7.9554474540217845e-01
-9.9111877790232261e-01
-1.2648005882395668e+00
-1.6617118619012707e+00
-2.2605506841486354e+00
-3.1979126687914010e+00
-4.6699649608641014e+00
-6.6224801201624928e+00
-7.7044132727918742e+00
0.0000000000000000e+00
1.3464638167935297e-01
0.0000000000000000e+00
0.0000000000000000e+00
];
