%Vec Object:sol 1 MPI processes
%  type: mpi
sol = [
0.0000000000000000e+00
-3.6436241162482816e+01
-2.2599658284307669e+01
-1.2503118233630898e+01
-7.4189422589892038e+00
-4.8052166188837750e+00
-3.3353937929904731e+00
-2.4398846952948938e+00
-1.8568035644929897e+00
-1.4583886567707358e+00
-1.1745397644253319e+00
-9.6517152007437024e-01
-8.0675869695715674e-01
-6.8411312557602844e-01
-5.8720525479565222e-01
-5.0933527312395144e-01
-4.4588293516327415e-01
-3.9345730997811446e-01
-3.4964793106083764e-01
-3.1272005087947224e-01
-2.8131156063549217e-01
-2.5433368694864977e-01
-2.3102763890881883e-01
-2.1076338813503079e-01
-1.9301404040704648e-01
-1.7738784621197115e-01
-1.6357207215978203e-01
-1.5128987166453281e-01
-1.4031509824079028e-01
-1.3048376124601310e-01
-1.2164157430881981e-01
-1.1364523664630689e-01
-1.0640597546671514e-01
-9.9831956796115562e-02
-9.3831751908418026e-02
-8.8350236892191403e-02
-8.3331607264566385e-02
-7.8717972514668527e-02
-7.4469858272306830e-02
-7.0553651721493249e-02
-6.6931784338574829e-02
-6.3574265743181341e-02
-6.0460872159625506e-02
-5.7566786951236092e-02
-5.4868163333840654e-02
-5.2353064902593789e-02
-5.0004911159006300e-02
-4.7803737015691010e-02
-4.5742913322450174e-02
-4.3811191849301906e-02
-4.1993259720690027e-02
-4.0284508707519373e-02
-3.8676829466605230e-02
-3.7159000319935166e-02
-3.5726807335032411e-02
-3.4374854159896488e-02
-3.3094820721299247e-02
-3.1882831436714359e-02
-3.0735346354484504e-02
-2.9646124498438776e-02
-2.8611607379624197e-02
-2.7629530112178335e-02
-2.6695157146059988e-02
-2.5805239016536526e-02
-2.4958386493584058e-02
-2.4150963498592627e-02
-2.3380024941203083e-02
-2.2644779347508939e-02
-2.1942398282556688e-02
-2.1270236599743371e-02
-2.0627905403325351e-02
-2.0013172211159336e-02
-1.9423685139960505e-02
-1.8859319937757708e-02
-1.8318284907931942e-02
-1.7798512198977368e-02
-1.7300044616000054e-02
-1.6821416680033011e-02
-1.6360833286212326e-02
-1.5918434979676387e-02
-1.5492997284088041e-02
-1.5082984892903079e-02
-1.4688587135903557e-02
-1.4308756868112343e-02
-1.3942204621732643e-02
-1.3589134006075707e-02
-1.3248627414193907e-02
-1.2919626624156536e-02
-1.2602325576982758e-02
-1.2608590445094289e-02
-1.2873670092579085e-02
-1.3147924990831785e-02
-1.3431427507019509e-02
-1.3724323442324054e-02
-1.4027694701253465e-02
-1.4341609676174360e-02
-1.4666421989616572e-02
-1.5003257329578665e-02
-1.5352176772099001e-02
-1.5713798888456993e-02
-1.6089298543349888e-02
-1.6478728554294504e-02
-1.6883040128335611e-02
-1.7303467029768489e-02
-1.7740055954490748e-02
-1.8194173237172168e-02
-1.8667126716614035e-02
-1.9158963791779379e-02
-1.9671567306334119e-02
-2.0206342620860313e-02
-2.0763351963651786e-02
-2.1345120987301486e-02
-2.1953025387848931e-02
-2.2587654680638714e-02
-2.3251849645884035e-02
-2.3947100191441986e-02
-2.4674778562528820e-02
-2.5438032208130446e-02
-2.6238563470818918e-02
-2.7078749152651450e-02
-2.7962157077355235e-02
-2.8890808429521825e-02
-2.9868379323296598e-02
-3.0899026325937141e-02
-3.1985251246447299e-02
-3.3132433044590959e-02
-3.4345462730833970e-02
-3.5627885580024117e-02
-3.6987032654338108e-02
-3.8428669011269047e-02
-3.9958804738208113e-02
-4.1586494254286129e-02
-4.3319187879246976e-02
-4.5166335564624543e-02
-4.7139535874535385e-02
-4.9248815568842481e-02
-5.1508531410739807e-02
-5.3934064055676460e-02
-5.6539691150416196e-02
-5.9346744676235491e-02
-6.2375894759973113e-02
-6.5650278826691666e-02
-6.9199739711235803e-02
-7.3054358464984703e-02
-7.7251202857559584e-02
-8.1834052483996667e-02
-8.6848798585416512e-02
-9.2355323849466681e-02
-9.8420429859479269e-02
-1.0512019927864601e-01
-1.1255133817102228e-01
-1.2082256198535322e-01
-1.3006671270097953e-01
-1.4044682014859963e-01
-1.5215284669256915e-01
-1.6542711109686392e-01
-1.8056420452712321e-01
-1.9792641281599388e-01
-2.1797463317959664e-01
-2.4128884303132658e-01
-2.6863038838664099e-01
-3.0098914722191322e-01
-3.3965802648034965e-01
-3.8639797577776253e-01
-4.4360404240179341e-01
-5.1461166972713124e-01
-6.0419879980451918e-01
-7.1930801024867896e-01
-8.7032754213279284e-01
-1.0730720680391779e+00
-1.3528772820483930e+00
-1.7503180017375668e+00
-2.3285204627120795e+00
-3.1756481338765177e+00
-4.3285643584329474e+00
-5.4330698448005110e+00
-5.7532795621055923e+00
-5.6058349926992079e+00
-5.3919865275555701e+00
-4.6064261690837975e+00
-3.3503191718228078e+00
-2.3364292989767481e+00
-1.6696383507170331e+00
-1.2384824238397942e+00
-9.5150176203799441e-01
-7.5302636064510531e-01
-6.1094062918439029e-01
-5.0602689991970362e-01
-4.3478073124394240e-01
-5.2716448682731321e-01
-6.4973821716697799e-01
-8.1665073937692989e-01
-1.0508829419266354e+00
-1.3909793257242178e+00
-1.9033250921334792e+00
-2.7002959089678580e+00
-3.9295761977482715e+00
-5.4890824916443597e+00
-6.3073937597896679e+00
0.0000000000000000e+00
2.4055929233035767e-01
0.0000000000000000e+00
0.0000000000000000e+00
];
