%Vec Object:sol 1 MPI processes
%  type: mpi
sol = [
0.0000000000000000e+00
-8.0001874446081459e+01
-3.5840324337844322e+01
-1.6931913480536839e+01
-9.4258055220029320e+00
-5.9196705565387688e+00
-4.0372413540494403e+00
-2.9201416748684093e+00
-2.2051185483066416e+00
-1.7220984101481380e+00
-1.3805258042320891e+00
-1.1304654230765536e+00
-9.4216324298808873e-01
-7.9679794586022801e-01
-6.8229800165358423e-01
-5.9055403228576553e-01
-5.1598429129668333e-01
-4.5455223628142860e-01
-4.0330192837782103e-01
-3.6016654171413526e-01
-3.2351427655788051e-01
-2.9206190047653963e-01
-2.6492368783199172e-01
-2.4135416015712952e-01
-2.2073120360060630e-01
-2.0259284492975221e-01
-1.8657076384026428e-01
-1.7233948290325013e-01
-1.5963347109520334e-01
-1.4826021363680478e-01
-1.3803889704907660e-01
-1.2880189866432243e-01
-1.2044521027227864e-01
-1.1286148171499419e-01
-1.0594409365951388e-01
-9.9628588698295356e-02
-9.3849854324188367e-02
-8.8540535201989720e-02
-8.3654610359386011e-02
-7.9152887669018984e-02
-7.4991734867197804e-02
-7.1136308720767039e-02
-6.7563010141532834e-02
-6.4243053053861937e-02
-6.1148844444044233e-02
-5.8266401097623433e-02
-5.5576488136402522e-02
-5.3056529254061909e-02
-5.0698570007364961e-02
-4.8489218949925972e-02
-4.6410888505839895e-02
-4.4458112621697646e-02
-4.2621379439400267e-02
-4.0887711420391007e-02
-3.9252468690948700e-02
-3.7709381782735890e-02
-3.6248933728651282e-02
-3.4866604431396178e-02
-3.3558258218350345e-02
-3.2316768172442105e-02
-3.1138015911093733e-02
-3.0019327889091691e-02
-2.8955304333157284e-02
-2.7942211490567428e-02
-2.6978377901525859e-02
-2.6059663058060872e-02
-2.5182705485741398e-02
-2.4346516841493866e-02
-2.3547880335915677e-02
-2.2783795866657474e-02
-2.2053734726182904e-02
-2.1355161120674898e-02
-2.0685423445570113e-02
-2.0044295366011582e-02
-1.9429744763357126e-02
-1.8839453346370893e-02
-1.8273386322073398e-02
-1.7729884755156793e-02
-1.7206946613845718e-02
-1.6704650390133167e-02
-1.6221613664646115e-02
-1.5756132209982846e-02
-1.5308342825462163e-02
-1.4877067677057749e-02
-1.4460881099670329e-02
-1.4059939802921808e-02
-1.3673216829135677e-02
-1.3299545498251608e-02
-1.2939076007666086e-02
-1.2911114405146551e-02
-1.3146857899784554e-02
-1.3389855239208701e-02
-1.3640040028001160e-02
-1.3897417027273266e-02
-1.4162945359708528e-02
-1.4436526148023402e-02
-1.4718346670022572e-02
-1.5009368369964454e-02
-1.5309449802469132e-02
-1.5619007543686472e-02
-1.5939001294333215e-02
-1.6269237775228179e-02
-1.6610415722947358e-02
-1.6963490746382075e-02
-1.7328208720527771e-02
-1.7705612977669274e-02
-1.8096654207791149e-02
-1.8501009443130819e-02
-1.8920140293261389e-02
-1.9354994542079704e-02
-1.9805174388846637e-02
-2.0272647666245428e-02
-2.0758208608577178e-02
-2.1261851781839362e-02
-2.1785687596598338e-02
-2.2330461949574637e-02
-2.2896754968892322e-02
-2.3486759296219809e-02
-2.4101215526341681e-02
-2.4741425191909784e-02
-2.5409700311978874e-02
-2.6106804754092165e-02
-2.6834930500305033e-02
-2.7596567098841909e-02
-2.8392548153989786e-02
-2.9226177090649546e-02
-3.0100113537048872e-02
-3.1015617353728462e-02
-3.1977114291212173e-02
-3.2987359339576090e-02
-3.4049057069000535e-02
-3.5167251402744779e-02
-3.6345206698571310e-02
-3.7587523632085229e-02
-3.8900149019430917e-02
-4.0287150718937265e-02
-4.1755655127667810e-02
-4.3312897111265049e-02
-4.4964397851759701e-02
-4.6720552784633357e-02
-4.8590073239984849e-02
-5.0582428053806312e-02
-5.2710945949131734e-02
-5.4987373613016956e-02
-5.7426923231604469e-02
-6.0047525294977422e-02
-6.2865861398005263e-02
-6.5905796212595957e-02
-6.9192155533606498e-02
-7.2751699389512689e-02
-7.6620152200039107e-02
-8.0834422936480854e-02
-8.5439528121609473e-02
-9.0490207151494667e-02
-9.6045731789033098e-02
-1.0218317497529741e-01
-1.0899183237569547e-01
-1.1657666808040593e-01
-1.2507322261742324e-01
-1.3464115804173962e-01
-1.4548307316235434e-01
-1.5785387540525830e-01
-1.7207380164161154e-01
-1.8857612697158779e-01
-2.0792391157962917e-01
-2.3087775156959756e-01
-2.5850534508475898e-01
-2.9231514211989501e-01
-3.3453665996247040e-01
-3.8854098793630032e-01
-4.5951826355048508e-01
-5.5550130978742251e-01
-6.8811017105086758e-01
-8.7066543283185160e-01
-1.1088915813610483e+00
-1.3879828874649693e+00
-1.6914610869475131e+00
-2.0378208519461984e+00
-2.4288666062720257e+00
-2.6579224350364323e+00
-2.4223118719569601e+00
-1.9508751132593700e+00
-1.5271399660901828e+00
-1.2077735827258176e+00
-9.7472393158804993e-01
-8.0308027831390139e-01
-6.7401806898931294e-01
-5.7490002197131851e-01
-5.0693016976364558e-01
-6.2959856309355222e-01
-7.9336071195408997e-01
-1.0177505433178597e+00
-1.3350334626732314e+00
-1.8004417906897769e+00
-2.5116672351374154e+00
-3.6454606151649904e+00
-5.4841172481548126e+00
-8.1030662337474482e+00
-9.7712135835186089e+00
0.0000000000000000e+00
1.3464638167935297e-01
0.0000000000000000e+00
0.0000000000000000e+00
];
