%Vec Object:sol 1 MPI processes
%  type: mpi
sol = [
0.0000000000000000e+00
-1.4818571336107002e+01
-1.1980238351281832e+01
-8.2851380894247448e+00
-5.5048049861695976e+00
-3.7774666790273539e+00
-2.7093497494252241e+00
-2.0241543226770546e+00
-1.5628088635794697e+00
-1.2405888879876550e+00
-1.0075970852738076e+00
-8.3392187421129338e-01
-7.0129983963302456e-01
-5.9783981620936111e-01
-5.1550453873713520e-01
-4.4903093419739792e-01
-3.9464836177036933e-01
-3.4959264712587496e-01
-3.1181656416735115e-01
-2.7987841917522271e-01
-2.5263939994160972e-01
-2.2918386146597880e-01
-2.0887308685227576e-01
-1.9117426538035159e-01
-1.7563968670947067e-01
-1.6193623644651584e-01
-1.4979754186768690e-01
-1.3898664942983543e-01
-1.2930955511182607e-01
-1.2062602198107121e-01
-1.1280332957684738e-01
-1.0571746299241150e-01
-9.9292464293355143e-02
-9.3449006396228579e-02
-8.8107435603925963e-02
-8.3220436477779325e-02
-7.8739695963883416e-02
-7.4614569569548664e-02
-7.0810879181230912e-02
-6.7299569994711553e-02
-6.4047677895782862e-02
-6.1028962172295212e-02
-5.8226050616241809e-02
-5.5617132659157610e-02
-5.3181101932636213e-02
-5.0907845538746992e-02
-4.8782785348549053e-02
-4.6788359898250836e-02
-4.4919042873286408e-02
-4.3164678169137147e-02
-4.1511414035782596e-02
-3.9955536369652711e-02
-3.8489936541496912e-02
-3.7104425959144295e-02
-3.5795497880891196e-02
-3.4558469363362827e-02
-3.3385754639266317e-02
-3.2274063454459344e-02
-3.1220148058320352e-02
-3.0218325564832567e-02
-2.9265683645880725e-02
-2.8360358822047623e-02
-2.7498003468707764e-02
-2.6675701845659580e-02
-2.5892378094811059e-02
-2.5144684923083194e-02
-2.4429930657814222e-02
-2.3747580831959346e-02
-2.3095024945284013e-02
-2.2469805500225499e-02
-2.1871751911076300e-02
-2.1298798022070964e-02
-2.0748726422988518e-02
-2.0221603949438463e-02
-1.9715766739631664e-02
-1.9229239279643106e-02
-1.8762235532548362e-02
-1.8313388260174861e-02
-1.7880962280249393e-02
-1.7465253892575361e-02
-1.7065113256829582e-02
-1.6679041176705111e-02
-1.6307369977399976e-02
-1.5949107507148817e-02
-1.5602984214317996e-02
-1.5269335344625636e-02
-1.4947281190226735e-02
-1.4635774009051071e-02
-1.4335128588677342e-02
-1.4401645423760186e-02
-1.4765659208274089e-02
-1.5143398547786617e-02
-1.5535143411192750e-02
-1.5941260443635478e-02
-1.6363180799294424e-02
-1.6801215529517608e-02
-1.7256004541528130e-02
-1.7729084348252468e-02
-1.8220800691142292e-02
-1.8732146344722433e-02
-1.9264780193283124e-02
-1.9819090518424134e-02
-2.0396520385752404e-02
-2.0998875717046533e-02
-2.1626601607891628e-02
-2.2281712150935301e-02
-2.2966195454469540e-02
-2.3680576900691318e-02
-2.4427593101552219e-02
-2.5209464588858508e-02
-2.6026834122464117e-02
-2.6883353399521390e-02
-2.7781349093615050e-02
-2.8722233399783664e-02
-2.9710226449335995e-02
-3.0747968784516067e-02
-3.1838011413326865e-02
-3.2985185559319910e-02
-3.4192616114879816e-02
-3.5464346940403985e-02
-3.6806030827968940e-02
-3.8221478200737125e-02
-3.9716706122975003e-02
-4.1298495173990209e-02
-4.2971642717722032e-02
-4.4744802939959333e-02
-4.6626200443083375e-02
-4.8622487439980010e-02
-5.0745481637082854e-02
-5.3005209633641116e-02
-5.5412267904943732e-02
-5.7981606270044915e-02
-6.0726383259728914e-02
-6.3662792722711664e-02
-6.6810376582703307e-02
-7.0187016435907468e-02
-7.3817018368706785e-02
-7.7726738435352008e-02
-8.1941676421830617e-02
-8.6497887565287798e-02
-9.1431442622819145e-02
-9.6782855754569685e-02
-1.0260328491427613e-01
-1.0894559876129506e-01
-1.1587414915938855e-01
-1.2346477295024119e-01
-1.3179844582738523e-01
-1.4097887514338228e-01
-1.5112282931532561e-01
-1.6236406090018685e-01
-1.7487081571918595e-01
-1.8883405160139788e-01
-2.0448645960184914e-01
-2.2211311691438901e-01
-2.4204823577916257e-01
-2.6471586470684255e-01
-2.9063278939712572e-01
-3.2043543226235682e-01
-3.5494337304927337e-01
-3.9513743262258322e-01
-4.4235429617432565e-01
-4.9833848541913262e-01
-5.6535266738704848e-01
-6.4647349326346981e-01
-7.4588626870463937e-01
-8.6941919123338474e-01
-1.0254204410516237e+00
-1.2259370695739824e+00
-1.4886793148098048e+00
-1.8420805132973486e+00
-2.3308360266398607e+00
-3.0256440433461962e+00
-4.0468425400608856e+00
-5.5737400725001391e+00
-7.7656253187396507e+00
-1.0113819115939615e+01
-1.0737623890377382e+01
-1.0030520536993983e+01
-9.1436875460922984e+00
-7.0909261937798895e+00
-4.7000700037283520e+00
-3.0978174933924696e+00
-2.1373939247610436e+00
-1.5467271060611416e+00
-1.1657245910469909e+00
-9.0787604650580167e-01
-7.2631532739628657e-01
-5.9402781393701920e-01
-5.0451806397601973e-01
-6.0581671864297892e-01
-7.3975734759556944e-01
-9.2155672251472487e-01
-1.1759460832869464e+00
-1.5442414907176429e+00
-2.0988764555698696e+00
-2.9625868384837277e+00
-4.3044476670801854e+00
-6.0386532908262369e+00
-6.9620749232942849e+00
0.0000000000000000e+00
2.4055929233035767e-01
0.0000000000000000e+00
0.0000000000000000e+00
];
