%Vec Object:sol 1 MPI processes
%  type: mpi
sol = [
0.0000000000000000e+00
-2.9665940413005874e+01
-1.9900458885841896e+01
-1.1604812973484288e+01
-7.0450420731809293e+00
-4.6140084540315174e+00
-3.2228240151554459e+00
-2.3668345514073694e+00
-1.8063195640895826e+00
-1.4215331409459959e+00
-1.1467838777818760e+00
-9.4382347943583533e-01
-7.8978886275903604e-01
-6.7038769816735910e-01
-5.7594914905633687e-01
-4.9999915130726896e-01
-4.3807024826677476e-01
-3.8691108388496515e-01
-3.4412792079325660e-01
-3.0804024251180795e-01
-2.7732707569107545e-01
-2.5092960695031696e-01
-2.2809764378231745e-01
-2.0823746274441315e-01
-1.9083551551315966e-01
-1.7550960407492411e-01
-1.6195452164390928e-01
-1.4989997583767861e-01
-1.3912508023487755e-01
-1.2946964970880667e-01
-1.2078291249479516e-01
-1.1292473611623852e-01
-1.0580837366405046e-01
-9.9344017154612344e-02
-9.3442160835444515e-02
-8.8048917216543732e-02
-8.3109685865862551e-02
-7.8567746470158059e-02
-7.4384467976108273e-02
-7.0526965366271316e-02
-6.6958405654415395e-02
-6.3649393141275643e-02
-6.0580160142886523e-02
-5.7726365464329792e-02
-5.5064593158772691e-02
-5.2583196368801995e-02
-5.0265900154720163e-02
-4.8093418151054800e-02
-4.6059215699985182e-02
-4.4151955340717267e-02
-4.2356532294609332e-02
-4.0668500106942861e-02
-3.9079913309697283e-02
-3.7579698724764271e-02
-3.6163767901333410e-02
-3.4826843905526178e-02
-3.3560708365826752e-02
-3.2361581083276490e-02
-3.1226013537723717e-02
-3.0147835447297829e-02
-2.9123558652824233e-02
-2.8150992020833324e-02
-2.7225449857308598e-02
-2.6343732415054104e-02
-2.5504512911512549e-02
-2.4704190872366881e-02
-2.3939854230537894e-02
-2.3210766572572993e-02
-2.2514125193167703e-02
-2.1847304515459416e-02
-2.1209965787476165e-02
-2.0599895208504401e-02
-2.0014749915706898e-02
-1.9454452323237822e-02
-1.8917224158106882e-02
-1.8400998640915933e-02
-1.7905862544048322e-02
-1.7430359654073812e-02
-1.6972690323043136e-02
-1.6533036708762713e-02
-1.6110180074332760e-02
-1.5702577038966017e-02
-1.5310456268127878e-02
-1.4932773151713531e-02
-1.4568228484798293e-02
-1.4217062834029171e-02
-1.3878358032055156e-02
-1.3551046122017539e-02
-1.3235355427902010e-02
-1.3259275691119631e-02
-1.3555968815409061e-02
-1.3863311423269416e-02
-1.4181442326943334e-02
-1.4510578647581119e-02
-1.4851920553041098e-02
-1.5205614366358080e-02
-1.5572107530413468e-02
-1.5952664086418503e-02
-1.6347436858491778e-02
-1.6757168316069833e-02
-1.7183195678453247e-02
-1.7625680308628759e-02
-1.8085737378456174e-02
-1.8564792072093543e-02
-1.9063020559070557e-02
-1.9582006065417674e-02
-2.0123283688322890e-02
-2.0687056896440199e-02
-2.1275495214029955e-02
-2.1890276214367701e-02
-2.2531652635126742e-02
-2.3202528917015620e-02
-2.3904598115773435e-02
-2.4638722655230490e-02
-2.5408207092015283e-02
-2.6214925832052222e-02
-2.7060645029822118e-02
-2.7949078275218097e-02
-2.8882404289740333e-02
-2.9863559512814542e-02
-3.0896813338296358e-02
-3.1984787679014873e-02
-3.3131946896917515e-02
-3.4343331761799191e-02
-3.5622217018004006e-02
-3.6975086867431520e-02
-3.8407957387227250e-02
-3.9925424684858608e-02
-4.1536370232211725e-02
-4.3247818263853419e-02
-4.5067070763279281e-02
-4.7005386998443185e-02
-4.9072261466499206e-02
-5.1279420365851786e-02
-5.3641145182631425e-02
-5.6170117501404805e-02
-5.8884058497909626e-02
-6.1802062887387689e-02
-6.4942209096691211e-02
-6.8330816966087629e-02
-7.1993779021884807e-02
-7.5960129054545578e-02
-8.0266945890872618e-02
-8.4952054427035836e-02
-9.0061798741540577e-02
-9.5650865400362078e-02
-1.0177709501739303e-01
-1.0851530240164918e-01
-1.1594933142030546e-01
-1.2417495229816287e-01
-1.3331330934482374e-01
-1.4350124518710808e-01
-1.5490578048947271e-01
-1.6773176515610824e-01
-1.8221865358993974e-01
-1.9867118142867177e-01
-2.1746036603069779e-01
-2.3904287226575435e-01
-2.6400791202732454e-01
-2.9309128663055933e-01
-3.2724743296631809e-01
-3.6772764002629810e-01
-4.1616833661552433e-01
-4.7477904842593044e-01
-5.4654412360554272e-01
-6.3572385804070886e-01
-7.4836874055606772e-01
-8.9329052032216716e-01
-1.0837634061109358e+00
-1.3401831619743736e+00
-1.6947244724629835e+00
-2.2008798379507932e+00
-2.9439965543291242e+00
-4.0524226945470980e+00
-5.6213204003554811e+00
-7.2373730372951437e+00
-7.6747348891880849e+00
-7.2885117096303516e+00
-6.7779605563220580e+00
-5.4765546423538281e+00
-3.7748641941506151e+00
-2.5432413924178103e+00
-1.7755848318640755e+00
-1.2936630861123986e+00
-9.7901256910533863e-01
-7.6453934567112170e-01
-6.1268154928657137e-01
-5.0163911681935047e-01
-4.2631238513366382e-01
-5.1146996496462704e-01
-6.2394564262802499e-01
-7.7626112082147647e-01
-9.8879126236879189e-01
-1.2953882621229491e+00
-1.7531837033894124e+00
-2.4559435703119288e+00
-3.5129870481697738e+00
-4.7847109735454048e+00
-5.3967838911732766e+00
0.0000000000000000e+00
2.4055929233035767e-01
0.0000000000000000e+00
0.0000000000000000e+00
];
