%Vec Object:sol 1 MPI processes
%  type: mpi
sol = [
0.0000000000000000e+00
-1.6477740819033425e+01
-1.3027558467176849e+01
-8.7947666280915548e+00
-5.7572730607584548e+00
-3.9171903189065294e+00
-2.7972087411608451e+00
-2.0825552685214568e+00
-1.6051529266807367e+00
-1.2724017273182953e+00
-1.0319574503723616e+00
-8.5308180872511163e-01
-7.1669834312343705e-01
-6.1046040427300075e-01
-5.2609589265563161e-01
-4.5801938126682729e-01
-4.0235038762874936e-01
-3.5624707576093251e-01
-3.1760071641895093e-01
-2.8490929174232077e-01
-2.5704091052300942e-01
-2.3305393199924490e-01
-2.1229130579991037e-01
-1.9420551069131348e-01
-1.7833695103180147e-01
-1.6434361292798111e-01
-1.5195207323676277e-01
-1.4091938686609540e-01
-1.3104671919811051e-01
-1.2219019284570536e-01
-1.1421384150668532e-01
-1.0699078746547233e-01
-1.0044308704312216e-01
-9.4489529501224759e-02
-8.9048721628216518e-02
-8.4072141379174556e-02
-7.9510342900512690e-02
-7.5311609217169825e-02
-7.1440955895815214e-02
-6.7868632771436344e-02
-6.4560992082408522e-02
-6.1491230554220670e-02
-5.8641536471719637e-02
-5.5989651006151622e-02
-5.3514062409206510e-02
-5.1204372649469726e-02
-4.9045701811563973e-02
-4.7020190531441727e-02
-4.5122121799137146e-02
-4.3341129117438142e-02
-4.1663146104312224e-02
-4.0084320274462945e-02
-3.8597393531906915e-02
-3.7192025687058511e-02
-3.5864602280915085e-02
-3.4610333369324280e-02
-3.3421526028004897e-02
-3.2294778241814925e-02
-3.1226996024906879e-02
-3.0212391457833884e-02
-2.9247776454476682e-02
-2.8331226122725036e-02
-2.7458337057910360e-02
-2.6626145521164438e-02
-2.5833531456136840e-02
-2.5077105621790923e-02
-2.4354139424721793e-02
-2.3664062604497955e-02
-2.3004232691000520e-02
-2.2372164244013674e-02
-2.1767656786581723e-02
-2.1188619519790092e-02
-2.0632814308908613e-02
-2.0100282334906249e-02
-1.9589340585349092e-02
-1.9097998539824957e-02
-1.8626447649742483e-02
-1.8173305751114831e-02
-1.7736827085548454e-02
-1.7317287870318158e-02
-1.6913526688085906e-02
-1.6524037080802700e-02
-1.6149133270341762e-02
-1.5787814276443043e-02
-1.5438805631822034e-02
-1.5102426182267639e-02
-1.4777789732124975e-02
-1.4463845124880912e-02
-1.4160892297430951e-02
-1.4220748526944214e-02
-1.4574204052214242e-02
-1.4940919079712126e-02
-1.5321153147745388e-02
-1.5715251230004341e-02
-1.6124609418870811e-02
-1.6549515058028087e-02
-1.6990579938124147e-02
-1.7449299514046706e-02
-1.7925991929904371e-02
-1.8421613165545560e-02
-1.8937773983897632e-02
-1.9474830405388398e-02
-2.0034177079514687e-02
-2.0617563380529315e-02
-2.1225396404424744e-02
-2.1859626446465118e-02
-2.2522174814875940e-02
-2.3213521672260238e-02
-2.3936319554796484e-02
-2.4692709495600228e-02
-2.5483279781914597e-02
-2.6311571284403420e-02
-2.7179818869300959e-02
-2.8089356925018630e-02
-2.9044270713892800e-02
-3.0047090594465638e-02
-3.1100255370881402e-02
-3.2208432863327086e-02
-3.3374612798462953e-02
-3.4602679838880254e-02
-3.5898085998167475e-02
-3.7264472978468612e-02
-3.8707634091407359e-02
-4.0234099210404432e-02
-4.1848450798983257e-02
-4.3559030292279872e-02
-4.5373746526764923e-02
-4.7298962002921177e-02
-4.9346067695526429e-02
-5.1524690477587010e-02
-5.3844998004439891e-02
-5.6321385375279004e-02
-5.8966385392745187e-02
-6.1794502327524918e-02
-6.4825260204266169e-02
-6.8075996327585056e-02
-7.1570053675495418e-02
-7.5332727721409823e-02
-7.9388438643167913e-02
-8.3771818442862245e-02
-8.8517454907821175e-02
-9.3664190475109474e-02
-9.9261129175069365e-02
-1.0535895090410671e-01
-1.1201938501893138e-01
-1.1931518824051873e-01
-1.2732397404434484e-01
-1.3614524399024244e-01
-1.4589097946602819e-01
-1.5668941509729328e-01
-1.6870194833680088e-01
-1.8211167853937901e-01
-1.9714175976933726e-01
-2.1406561897535722e-01
-2.3320372007336129e-01
-2.5496279494597279e-01
-2.7983848349866014e-01
-3.0844114134080514e-01
-3.4155694082818633e-01
-3.8016836742133525e-01
-4.2554872576853847e-01
-4.7936615761205464e-01
-5.4380211072448592e-01
-6.2173826421915279e-01
-7.1719368797066108e-01
-8.3581166089382597e-01
-9.8561228379619492e-01
-1.1782666258574082e+00
-1.4313436984595789e+00
-1.7712256098131314e+00
-2.2410735434079991e+00
-2.9110625498131060e+00
-3.8945338728634180e+00
-5.3659878113724853e+00
-7.4789858283071160e+00
-9.7355295658974832e+00
-1.0338604831309640e+01
-9.6811129807838014e+00
-8.8464488214557218e+00
-6.8935216966552222e+00
-4.5884499009911925e+00
-3.0313530324635169e+00
-2.0940631135263272e+00
-1.5165419194407208e+00
-1.1433638132632880e+00
-8.9072056846120651e-01
-7.1272727186711893e-01
-5.8298413924976444e-01
-4.9511748681296391e-01
-5.9445768335953353e-01
-7.2581492377381773e-01
-9.0408405926966195e-01
-1.1533684305075307e+00
-1.5142426575596974e+00
-2.0571514220185247e+00
-2.9016419924248802e+00
-4.2089255985961644e+00
-5.8862117214356164e+00
-6.7690223122337345e+00
0.0000000000000000e+00
2.4055929233035767e-01
0.0000000000000000e+00
0.0000000000000000e+00
];
