%Vec Object:sol 1 MPI processes
%  type: mpi
sol = [
0.0000000000000000e+00
-2.3118426873240981e+01
-1.8237964903463112e+01
-1.2130731258021511e+01
-7.8040996739012751e+00
-5.2375613847534925e+00
-3.7033666052388772e+00
-2.7383019960304655e+00
-2.0999173740485566e+00
-1.6572270883630087e+00
-1.3399050642821344e+00
-1.1049546067252969e+00
-9.2648527659409174e-01
-7.8788403619301006e-01
-6.7809762453023914e-01
-5.8952043978878454e-01
-5.1724761742185676e-01
-4.5750858851096093e-01
-4.0752509525595115e-01
-3.6534059743293612e-01
-3.2941903910168790e-01
-2.9853254160589437e-01
-2.7182098719345837e-01
-2.4857103325784680e-01
-2.2818639231005594e-01
-2.1022229435506506e-01
-1.9432335529958236e-01
-1.8017539297780152e-01
-1.6752146399793558e-01
-1.5617463187933545e-01
-1.4595938877557504e-01
-1.3671277546842284e-01
-1.2833334635969457e-01
-1.2071645280082173e-01
-1.1375789982039324e-01
-1.0739468186002338e-01
-1.0156309937087113e-01
-9.6197015922238727e-02
-9.1251299591960336e-02
-8.6687547073662788e-02
-8.2462746671413137e-02
-7.8542537336059648e-02
-7.4903837299993378e-02
-7.1518188023491011e-02
-6.8358165230981649e-02
-6.5410201132634405e-02
-6.2655256589203429e-02
-6.0070668338125549e-02
-5.7648879992690423e-02
-5.5376623923081333e-02
-5.3236087846160712e-02
-5.1222165032611539e-02
-4.9325558596869261e-02
-4.7533175701013133e-02
-4.5840293104287770e-02
-4.4240765652052441e-02
-4.2724750054005445e-02
-4.1287278009774442e-02
-3.9925056213079881e-02
-3.8630788703804694e-02
-3.7400381155343394e-02
-3.6231321241961767e-02
-3.5118024973515440e-02
-3.4056707845908592e-02
-3.3045887237398819e-02
-3.2081264307630267e-02
-3.1159368740028715e-02
-3.0279423137562309e-02
-2.9438075189458783e-02
-2.8632172575457100e-02
-2.7861413994170782e-02
-2.7123146648969018e-02
-2.6414537198828702e-02
-2.5735597263245907e-02
-2.5084191418632995e-02
-2.4457802852174113e-02
-2.3856639553910566e-02
-2.3278948080439770e-02
-2.2722522654578713e-02
-2.2187683991543042e-02
-2.1672959191998097e-02
-2.1176445411068966e-02
-2.0698516226931220e-02
-2.0237902870998789e-02
-1.9792995443268201e-02
-1.9364177551920714e-02
-1.8950326683818703e-02
-1.8550114497154737e-02
-1.8163904303782549e-02
-1.8243033131040132e-02
-1.8698877231064583e-02
-1.9171820779906635e-02
-1.9662211872146659e-02
-2.0170506733971451e-02
-2.0698480460918416e-02
-2.1246519752795942e-02
-2.1815419492727202e-02
-2.2407084688524679e-02
-2.3021945146234197e-02
-2.3661232716175144e-02
-2.4327003255309051e-02
-2.5019739442923166e-02
-2.5741230262703651e-02
-2.6493712832089088e-02
-2.7277740382837031e-02
-2.8095807882187487e-02
-2.8950377025739493e-02
-2.9842100677579253e-02
-3.0774366386691135e-02
-3.1749922302363981e-02
-3.2769566755798146e-02
-3.3837816911720477e-02
-3.4957551103332485e-02
-3.6130518565737534e-02
-3.7361936518590551e-02
-3.8655069968502889e-02
-4.0013074065858266e-02
-4.1441917786087114e-02
-4.2945462754711207e-02
-4.4528705154758028e-02
-4.6198624264010307e-02
-4.7959925708573742e-02
-4.9820036410860684e-02
-5.1787321806434666e-02
-5.3867701674586321e-02
-5.6071848041782453e-02
-5.8409899542833231e-02
-6.0890056765804210e-02
-6.3526879315660659e-02
-6.6332716028881744e-02
-6.9320615120963269e-02
-7.2508976725430871e-02
-7.5913990193325467e-02
-7.9555573755579673e-02
-8.3457752607454874e-02
-8.7642501259375449e-02
-9.2139680161159213e-02
-9.6981651111322939e-02
-1.0219970906566314e-01
-1.0783809066347175e-01
-1.1394102230681752e-01
-1.2055815556671361e-01
-1.2775216001921413e-01
-1.3558775381332758e-01
-1.4414367791673499e-01
-1.5351267042267505e-01
-1.6379367410799292e-01
-1.7511335550018348e-01
-1.8761421433985892e-01
-2.0145934902309728e-01
-2.1685380288640671e-01
-2.3403006543951063e-01
-2.5327122078922909e-01
-2.7492378920929272e-01
-2.9939355963858977e-01
-3.2719497937762299e-01
-3.5895427070068003e-01
-3.9541412626129430e-01
-4.3753622871263809e-01
-4.8658637127028820e-01
-5.4415543707471914e-01
-6.1232350822596138e-01
-6.9380455393996110e-01
-7.9228275762248401e-01
-9.1275988540121700e-01
-1.0621868346124681e+00
-1.2504540677650173e+00
-1.4911975624121214e+00
-1.8063753053543854e+00
-2.2290849989934678e+00
-2.8102162118282585e+00
-3.6345019676454848e+00
-4.8385076688383011e+00
-6.6326353456950375e+00
-9.2089890549047624e+00
-1.1980463983262416e+01
-1.2648561154791377e+01
-1.1658439964811398e+01
-1.0478722561422115e+01
-7.9479441799750514e+00
-5.1693061632719877e+00
-3.3723753689541054e+00
-2.3137475501913167e+00
-1.6687222037453784e+00
-1.2547840084885413e+00
-9.7572775868951322e-01
-7.7972066486494462e-01
-6.3714968018034246e-01
-5.4072225304724286e-01
-6.4922151213789059e-01
-7.9273269366753152e-01
-9.8759966739374361e-01
-1.2602540154902324e+00
-1.6556906123062558e+00
-2.2521949924116740e+00
-3.1856964312106304e+00
-4.6509265999434168e+00
-6.5918494855401590e+00
-7.6651549968972406e+00
0.0000000000000000e+00
1.3464638167935297e-01
0.0000000000000000e+00
0.0000000000000000e+00
];
