%Vec Object:sol 1 MPI processes
%  type: mpi
sol = [
0.0000000000000000e+00
-1.8391738135567898e+01
-1.4182379591770873e+01
-9.3210862021952217e+00
-6.0111396421922922e+00
-4.0591339764170060e+00
-2.8850529937321330e+00
-2.1419046688468795e+00
-1.6470753066878472e+00
-1.3036306692824500e+00
-1.0563486638994934e+00
-8.7238945302076731e-01
-7.3223082216436752e-01
-6.2317910607617288e-01
-5.3666294686500959e-01
-4.6690637143650610e-01
-4.0990284061789806e-01
-3.6272273356740797e-01
-3.2320078961042531e-01
-2.8981338359238729e-01
-2.6135920576874455e-01
-2.3687412477028261e-01
-2.1568530557814533e-01
-1.9723236451440126e-01
-1.8104517504006695e-01
-1.6676812189806373e-01
-1.5412412604940370e-01
-1.4286986937042961e-01
-1.3280171440799488e-01
-1.2377218162697450e-01
-1.1564207800054885e-01
-1.0828166834001215e-01
-1.0161104930388810e-01
-9.5547137012907998e-02
-9.0006798070000699e-02
-8.4940318725947539e-02
-8.0297127381354916e-02
-7.6024433723744539e-02
-7.2086453243897411e-02
-6.8452746421127128e-02
-6.5088981333179488e-02
-6.1967793419442856e-02
-5.9070936818552543e-02
-5.6375704354777935e-02
-5.3860177467737261e-02
-5.1513677623239190e-02
-4.9321023518636382e-02
-4.7264054791667710e-02
-4.5336868175251413e-02
-4.3528887061094812e-02
-4.1825827339092486e-02
-4.0223701401347449e-02
-3.8715102022510731e-02
-3.7289535128655057e-02
-3.5943280310048738e-02
-3.4671441236830913e-02
-3.3466214474372126e-02
-3.2324114725177489e-02
-3.1241970034062407e-02
-3.0213911889014740e-02
-2.9236686933281381e-02
-2.8308311397669983e-02
-2.7424322234739073e-02
-2.6581704879065873e-02
-2.5779293396995199e-02
-2.5013653805747414e-02
-2.4282018304127542e-02
-2.3583779728861724e-02
-2.2916261589572058e-02
-2.2276948658206123e-02
-2.1665609818260923e-02
-2.1080128100188247e-02
-2.0518243166305128e-02
-1.9979970019376202e-02
-1.9463605340803339e-02
-1.8967142431669311e-02
-1.8490749844220118e-02
-1.8033029601336896e-02
-1.7592224452488609e-02
-1.7168590223707245e-02
-1.6760953230152389e-02
-1.6367799048143825e-02
-1.5989423530463221e-02
-1.5624816325694532e-02
-1.5272697520260959e-02
-1.4933369315605046e-02
-1.4605938600211046e-02
-1.4289350410489633e-02
-1.3983889597812946e-02
-1.4036813995216361e-02
-1.4379363587403039e-02
-1.4734682812810799e-02
-1.5103009230149967e-02
-1.5484664516613542e-02
-1.5881007921746102e-02
-1.6292301202727451e-02
-1.6719126033367736e-02
-1.7162934557529149e-02
-1.7624015031378757e-02
-1.8103284129690939e-02
-1.8602301653694801e-02
-1.9121388556114456e-02
-1.9661887862382408e-02
-2.0225488820124413e-02
-2.0812557062846786e-02
-2.1424974928203659e-02
-2.2064592404112369e-02
-2.2731840123739348e-02
-2.3429281084547809e-02
-2.4158971085508307e-02
-2.4921438482476303e-02
-2.5720106147644334e-02
-2.6557109880622008e-02
-2.7433699041935090e-02
-2.8353814630269664e-02
-2.9319867577424403e-02
-3.0334174635694381e-02
-3.1401228023804753e-02
-3.2523870294950595e-02
-3.3705813322570145e-02
-3.4952292321225147e-02
-3.6266764443196077e-02
-3.7654780273989552e-02
-3.9122597646616561e-02
-4.0674562892784316e-02
-4.2318677924437442e-02
-4.4062507061257888e-02
-4.5912093604050741e-02
-4.7878364014887022e-02
-4.9970506253651410e-02
-5.2198216572708546e-02
-5.4575280252977545e-02
-5.7113738132172340e-02
-5.9828460775159485e-02
-6.2737429704425141e-02
-6.5856995888221290e-02
-6.9209516523743325e-02
-7.2819203703224880e-02
-7.6709379647217649e-02
-8.0913224670600692e-02
-8.5463820239854826e-02
-9.0398314144874162e-02
-9.5763727243977373e-02
-1.0160852916922450e-01
-1.0799180259443007e-01
-1.1498320065093179e-01
-1.2265696450873520e-01
-1.3110850355364453e-01
-1.4043937415496280e-01
-1.5077455669849768e-01
-1.6226996511206435e-01
-1.7510046617580685e-01
-1.8947922486132304e-01
-2.0566746757277241e-01
-2.2397126075191798e-01
-2.4477920707364506e-01
-2.6856481143480293e-01
-2.9591114924193623e-01
-3.2756943833732810e-01
-3.6447841959018173e-01
-4.0785487672368215e-01
-4.5929309925764394e-01
-5.2087804562268469e-01
-5.9544677563153403e-01
-6.8686128291902837e-01
-8.0038796413672408e-01
-9.4365838025742343e-01
-1.1279315529045237e+00
-1.3700270273734003e+00
-1.6959745140175202e+00
-2.1459439550848671e+00
-2.7880790919423624e+00
-3.7311665560973535e+00
-5.1427581642634390e+00
-7.1672189205010204e+00
-9.3214907750091260e+00
-9.9045204331469225e+00
-9.2959140241985594e+00
-8.5188949645336933e+00
-6.6738932860461135e+00
-4.4634819678143103e+00
-2.9566949314108681e+00
-2.0452690118003036e+00
-1.4824754856218565e+00
-1.1181233624484781e+00
-8.7134854830676245e-01
-6.9735856415731434e-01
-5.7041007976420000e-01
-4.8446670789108059e-01
-5.8159770206609918e-01
-7.1001848825898728e-01
-8.8424710244796589e-01
-1.1277238844621458e+00
-1.4801709198957687e+00
-2.0097161369203413e+00
-2.8320166316364017e+00
-4.1001154077030542e+00
-5.7124900568079564e+00
-6.5501288256487564e+00
0.0000000000000000e+00
2.4055929233035767e-01
0.0000000000000000e+00
0.0000000000000000e+00
];
