%Vec Object:sol 1 MPI processes
%  type: mpi
sol = [
0.0000000000000000e+00
-1.4922841777962324e+01
-1.2047385461555223e+01
-8.3184321161580677e+00
-5.5214397379541342e+00
-3.7867065236703503e+00
-2.7152533885589043e+00
-2.0281180332403528e+00
-1.5656096003128872e+00
-1.2427072409340119e+00
-1.0092502105052599e+00
-8.3524367590042192e-01
-7.0237769737569244e-01
-5.9867204877694424e-01
-5.1620245866109737e-01
-4.4962280395767584e-01
-3.9515515417399472e-01
-3.5003018394641711e-01
-3.1219696816055115e-01
-2.8021123353635463e-01
-2.5293218858705951e-01
-2.2944264452631188e-01
-2.0910279476945917e-01
-1.9137894397316826e-01
-1.7582265939400510e-01
-1.6210028452049249e-01
-1.4994501476018765e-01
-1.3911952573566969e-01
-1.2942951290056265e-01
-1.2073451318554300e-01
-1.1290160234947533e-01
-1.0580658408847353e-01
-9.9373375833301400e-02
-9.3522530775429241e-02
-8.8174283514143262e-02
-8.3281241939991674e-02
-7.8795020309449348e-02
-7.4664904599711757e-02
-7.0856664731399885e-02
-6.7341200990629485e-02
-6.4085504591353371e-02
-6.1063298085238554e-02
-5.8257180756413542e-02
-5.5645312557485546e-02
-5.3206560325411871e-02
-5.0930792609185940e-02
-4.8803411344523873e-02
-4.6806835125511988e-02
-4.4935525266101242e-02
-4.3179310688072924e-02
-4.1524359830744845e-02
-3.9966514390542947e-02
-3.8498833989357203e-02
-3.7111407026108476e-02
-3.5800712698262370e-02
-3.4562054711384071e-02
-3.3387836265251561e-02
-3.2274729002074641e-02
-3.1219708046594710e-02
-3.0217055774666143e-02
-2.9263641790349702e-02
-2.8357593763094279e-02
-2.7494560449396906e-02
-2.6671622963047547e-02
-2.5887702492541558e-02
-2.5139449025155428e-02
-2.4424168484038656e-02
-2.3741324000868053e-02
-2.3088303004153862e-02
-2.2462646190457462e-02
-2.1864180961754340e-02
-2.1290839567143838e-02
-2.0740403269087843e-02
-2.0212937171377808e-02
-1.9706776174242394e-02
-1.9219943813410207e-02
-1.8752652529455058e-02
-1.8303534121391629e-02
-1.7870852746663696e-02
-1.7454903345574833e-02
-1.7054535333533249e-02
-1.6668249069084040e-02
-1.6296375651680111e-02
-1.5937922365205515e-02
-1.5591619363203274e-02
-1.5257800781523700e-02
-1.4935586501686979e-02
-1.4623928580785350e-02
-1.4323140802425078e-02
-1.4389215618867563e-02
-1.4752520159464903e-02
-1.5129519195646590e-02
-1.5520491352083471e-02
-1.5925801845613000e-02
-1.6346879481517293e-02
-1.6784033752854907e-02
-1.7237902707001942e-02
-1.7710020112742159e-02
-1.8200729899445236e-02
-1.8711022401170910e-02
-1.9242553292995609e-02
-1.9795708740299650e-02
-2.0371928591550879e-02
-2.0973015004876670e-02
-2.1599410585576771e-02
-2.2253125182173827e-02
-2.2936142465187340e-02
-2.3648984855619181e-02
-2.4394383368936769e-02
-2.5174553264468238e-02
-2.5990133735706748e-02
-2.6844769103968078e-02
-2.7740779967524366e-02
-2.8679573405701809e-02
-2.9665360584476233e-02
-3.0700774767723243e-02
-3.1788359561042250e-02
-3.2932935344303992e-02
-3.4137618092101127e-02
-3.5406441141952245e-02
-3.6745043982579204e-02
-3.8157225916789418e-02
-3.9648989204477042e-02
-4.1227097836536220e-02
-4.2896335024698841e-02
-4.4665334254328441e-02
-4.6542299263911589e-02
-4.8533863187420492e-02
-5.0651815497143496e-02
-5.2906156420806850e-02
-5.5307454182321192e-02
-5.7870621865997368e-02
-6.0608782989935550e-02
-6.3538089879795770e-02
-6.6678035449926273e-02
-7.0046453532481040e-02
-7.3667589145445120e-02
-7.7567731311579582e-02
-8.1772312109755066e-02
-8.6317296934157531e-02
-9.1238663587605115e-02
-9.6576821734656287e-02
-1.0238280071841294e-01
-1.0870933308941713e-01
-1.1562060765395593e-01
-1.2319227011385843e-01
-1.3150508894106394e-01
-1.4066251190623488e-01
-1.5078101353918397e-01
-1.6199400931567279e-01
-1.7446932692775230e-01
-1.8839744763099359e-01
-2.0401048605781966e-01
-2.2159281790198854e-01
-2.4147783362696670e-01
-2.6408854988960662e-01
-2.8994050104268643e-01
-3.1966857832918960e-01
-3.5406956662119099e-01
-3.9414681942555180e-01
-4.4124283148976778e-01
-4.9708453947849035e-01
-5.6392931625389753e-01
-6.4484672329366066e-01
-7.4401258605322496e-01
-8.6724215401166260e-01
-1.0228654550544674e+00
-1.2227979406721974e+00
-1.4849088893826861e+00
-1.8374813827641143e+00
-2.3250448410937143e+00
-3.0181801081687363e+00
-4.0368863277716773e+00
-5.5601990004556630e+00
-7.7470727106247859e+00
-1.0089360904052974e+01
-1.0712195655681180e+01
-1.0008090910162213e+01
-9.1247264093180469e+00
-7.0783512340145744e+00
-4.6929806188775771e+00
-3.0936013632152668e+00
-2.1346676038198087e+00
-1.5448149476635304e+00
-1.1643185071441013e+00
-9.0679007508114839e-01
-7.2545548921989844e-01
-5.9332920135710765e-01
-5.0392685365920409e-01
-6.0509845210789637e-01
-7.3887600316767443e-01
-9.2045260330293333e-01
-1.1745269302669703e+00
-1.5423470893553879e+00
-2.0962426458695909e+00
-2.9587445062359001e+00
-4.2984235187349906e+00
-6.0290346497235019e+00
-6.9498767337114566e+00
0.0000000000000000e+00
2.4055929233035767e-01
0.0000000000000000e+00
0.0000000000000000e+00
];
