%Vec Object:sol 1 MPI processes
%  type: mpi
sol = [
0.0000000000000000e+00
-1.6165069717795170e+01
-1.2833578804412015e+01
-8.7018986911744314e+00
-5.7116031368701856e+00
-3.8919947831116075e+00
-2.7819257763162963e+00
-2.0720480700850996e+00
-1.5975171181796668e+00
-1.2668533816898646e+00
-1.0277323033162500e+00
-8.4970399630905136e-01
-7.1394414857845678e-01
-6.0817813708785795e-01
-5.2417938390959740e-01
-4.5639189548317921e-01
-4.0095494018821054e-01
-3.5504065451953681e-01
-3.1655605984206908e-01
-2.8402757177054749e-01
-2.5629189330582597e-01
-2.3240223480876807e-01
-2.1171317307483786e-01
-1.9369071378348804e-01
-1.7787708886271622e-01
-1.6393165281580591e-01
-1.5158207228272894e-01
-1.4058634042371279e-01
-1.3074638294701924e-01
-1.2191889243321385e-01
-1.1396841808483096e-01
-1.0676854231696439e-01
-1.0024163506886020e-01
-9.4306788514096254e-02
-8.8882893068773464e-02
-8.3921619810596940e-02
-7.9373706711865027e-02
-7.5187613292849217e-02
-7.1328486407231828e-02
-6.7766689328639287e-02
-6.4468687637412148e-02
-6.1407771112410331e-02
-5.8566199963802253e-02
-5.5921790115177672e-02
-5.3453097827154183e-02
-5.1149771822461762e-02
-4.8996982721280835e-02
-4.6976921814224380e-02
-4.5083903315784546e-02
-4.3307596147494395e-02
-4.1633970749337779e-02
-4.0059197432352395e-02
-3.8576043361014015e-02
-3.7174194473454922e-02
-3.5850054291708032e-02
-3.4598850971122683e-02
-3.3412910419395779e-02
-3.2288844821392756e-02
-3.1223573512006761e-02
-3.0211322352660323e-02
-2.9248914427998741e-02
-2.8334434944676492e-02
-2.7463490729641812e-02
-2.6633126770339795e-02
-2.5842230907752898e-02
-2.5087421599714704e-02
-2.4365977003476799e-02
-2.3677333230813127e-02
-2.3018853682698619e-02
-2.2388058061409102e-02
-2.1784751194176451e-02
-2.1206846811131844e-02
-2.0652110621134336e-02
-2.0120588345843318e-02
-1.9610600496408875e-02
-1.9120159361796722e-02
-1.8649460370792754e-02
-1.8197124110586001e-02
-1.7761406826028964e-02
-1.7342588279269291e-02
-1.6939509193078389e-02
-1.6550664504957478e-02
-1.6176371631669881e-02
-1.5815631232809525e-02
-1.5467169801720311e-02
-1.5131309079710591e-02
-1.4807164086180291e-02
-1.4493684341593007e-02
-1.4191172407278258e-02
-1.4252225689287612e-02
-1.4607557917828229e-02
-1.4976233088395982e-02
-1.5358514439654098e-02
-1.5754750864424589e-02
-1.6166344702882234e-02
-1.6593587596403628e-02
-1.7037096403865384e-02
-1.7498373912240031e-02
-1.7977743273033229e-02
-1.8476167082608880e-02
-1.8995264714440258e-02
-1.9535398047815563e-02
-2.0097970424157046e-02
-2.0684741354454219e-02
-2.1296124841353188e-02
-2.1934082621523496e-02
-2.2600547997876828e-02
-2.3296009357608040e-02
-2.4023134306832776e-02
-2.4784078175319579e-02
-2.5579439147918083e-02
-2.6412777986666844e-02
-2.7286346089551706e-02
-2.8201491946377409e-02
-2.9162325023511751e-02
-3.0171395565945863e-02
-3.1231162651900960e-02
-3.2346323471635199e-02
-3.3519892173610323e-02
-3.4755782136563780e-02
-3.6059481512298201e-02
-3.7434662515249476e-02
-3.8887158782251033e-02
-4.0423545367802939e-02
-4.2048443627972325e-02
-4.3770251343895540e-02
-4.5596934329735821e-02
-4.7534907517812010e-02
-4.9595638789688035e-02
-5.1788827243719984e-02
-5.4124718341656552e-02
-5.6617806276709030e-02
-5.9280814429309991e-02
-6.2129420934708197e-02
-6.5182559261381140e-02
-6.8457516965084120e-02
-7.1977841652255070e-02
-7.5769056405459931e-02
-7.9855818483803812e-02
-8.4273066850994616e-02
-8.9055715949135833e-02
-9.4242979554115716e-02
-9.9883077923299757e-02
-1.0602548875252002e-01
-1.1273474431039159e-01
-1.2008414358263637e-01
-1.2815188828652535e-01
-1.3703821671762101e-01
-1.4685594473035227e-01
-1.5773426444138294e-01
-1.6983576099477077e-01
-1.8334488818084113e-01
-1.9848643864228677e-01
-2.1553583397593287e-01
-2.3481587604267729e-01
-2.5673623287186870e-01
-2.8179610685907985e-01
-3.1061021507252967e-01
-3.4397029201577389e-01
-3.8286572564145283e-01
-4.2857867496250868e-01
-4.8278875546840494e-01
-5.4769224714905296e-01
-6.2627682688833852e-01
-7.2251293109247461e-01
-8.4199551528026551e-01
-9.9287423219161919e-01
-1.1868942171753478e+00
-1.4417331299473806e+00
-1.7843433030628713e+00
-2.2573867529955787e+00
-2.9324001403302460e+00
-3.9222690002418581e+00
-5.4039154000802361e+00
-7.5321793557070604e+00
-9.8050328871015058e+00
-1.0412460462982517e+01
-9.7457317884508630e+00
-8.9015979625249475e+00
-6.9302744504304998e+00
-4.6092791336593963e+00
-3.0437703185425264e+00
-2.1021687242374969e+00
-1.5221879259038293e+00
-1.1475500228353672e+00
-8.9393135770997534e-01
-7.1527109723392945e-01
-5.8505212958750885e-01
-4.9688049807476276e-01
-5.9658539668929089e-01
-7.2842718922836347e-01
-9.0735865634588908e-01
-1.1576052910235433e+00
-1.5198679963948374e+00
-2.0649782964551151e+00
-2.9131104053576431e+00
-4.2268561555929214e+00
-5.9148147744391890e+00
-6.8051980817498761e+00
0.0000000000000000e+00
2.4055929233035767e-01
0.0000000000000000e+00
0.0000000000000000e+00
];
