%Vec Object:sol 1 MPI processes
%  type: mpi
sol = [
0.0000000000000000e+00
-1.5107728791657854e+01
-1.2166001136561277e+01
-8.3770336583118326e+00
-5.5506703073007539e+00
-3.8029314130613390e+00
-2.7256195666040308e+00
-2.0348938345543521e+00
-1.5705292244578304e+00
-1.2464286391596346e+00
-1.0121546589185551e+00
-8.3756627336003819e-01
-7.0423136690317623e-01
-6.0013469403220387e-01
-5.1742923119350959e-01
-4.5066332148619259e-01
-3.9604623933824740e-01
-3.5079961712478425e-01
-3.1286603580527628e-01
-2.8079669399117263e-01
-2.5344732522101115e-01
-2.2989802981180638e-01
-2.0950708883314276e-01
-1.9173925236699876e-01
-1.7614481961463052e-01
-1.6238918214444586e-01
-1.5020477704840601e-01
-1.3935362860009654e-01
-1.2964090438031969e-01
-1.2092574428543171e-01
-1.1307486612916426e-01
-1.0596375484767069e-01
-9.9516109097358474e-02
-9.3652271755632219e-02
-8.8292281076229592e-02
-8.3388610356102261e-02
-7.8892746167674360e-02
-7.4753852249965419e-02
-7.0937607281414350e-02
-6.7414833133623092e-02
-6.4152431928767809e-02
-6.1124126460439680e-02
-5.8311435072180187e-02
-5.5693149932234558e-02
-5.3248544924150688e-02
-5.0967434927648554e-02
-4.8835168452920207e-02
-4.6834113860723586e-02
-4.4958696806587380e-02
-4.3198710916682204e-02
-4.1540254967094119e-02
-3.9979580694527575e-02
-3.8509544253297480e-02
-3.7119922555838424e-02
-3.5807183076780623e-02
-3.4566617880967716e-02
-3.3390618391553710e-02
-3.2275847071017792e-02
-3.1219270429456776e-02
-3.0215162236571644e-02
-2.9260384939830446e-02
-2.8353059635347549e-02
-2.7488828697522852e-02
-2.6664767703946247e-02
-2.5879792667021791e-02
-2.5130548777042828e-02
-2.4414337720464131e-02
-2.3730618424136627e-02
-2.3076774662620342e-02
-2.2450343944943194e-02
-2.1851150152005817e-02
-2.1277122718324128e-02
-2.0726040558885238e-02
-2.0197965749000176e-02
-1.9691231003884369e-02
-1.9203858174273267e-02
-1.8736057039451123e-02
-1.8286457698267717e-02
-1.7853323133684589e-02
-1.7436945910170545e-02
-1.7036174127919339e-02
-1.6649507350301747e-02
-1.6277274534883358e-02
-1.5918481966977430e-02
-1.5571859270770084e-02
-1.5237738642578781e-02
-1.4915239235696322e-02
-1.4603312744951540e-02
-1.4302271199092552e-02
-1.4367570628688518e-02
-1.4729634234959882e-02
-1.5105337908585119e-02
-1.5494957912531611e-02
-1.5898856955087755e-02
-1.6318459729982616e-02
-1.6754072991926543e-02
-1.7206331524330640e-02
-1.7676764290269462e-02
-1.8165712034135365e-02
-1.8674160809459734e-02
-1.9203760668645119e-02
-1.9754894056871787e-02
-2.0328995181864450e-02
-2.0927859605097150e-02
-2.1551925553184026e-02
-2.2203195435167546e-02
-2.2883645140348012e-02
-2.3593791882364375e-02
-2.4336356867825430e-02
-2.5113546108148102e-02
-2.5925992524605378e-02
-2.6777327511470068e-02
-2.7669861005801124e-02
-2.8604991098318284e-02
-2.9586913237354601e-02
-3.0618247910435006e-02
-3.1701525725753125e-02
-3.2841548046053777e-02
-3.4041415188025517e-02
-3.5305142020021781e-02
-3.6638344692781981e-02
-3.8044802980134018e-02
-3.9530493163370158e-02
-4.1102150124455554e-02
-4.2764532217803991e-02
-4.4526236606629528e-02
-4.6395430407953860e-02
-4.8378713245171012e-02
-5.0487825045935492e-02
-5.2732719735486967e-02
-5.5123915928784642e-02
-5.7676262232439705e-02
-6.0402820678685076e-02
-6.3319670686714860e-02
-6.6446219128494508e-02
-6.9800215943655125e-02
-7.3405798926183680e-02
-7.7289139389855654e-02
-8.1475550478324166e-02
-8.6000839825806558e-02
-9.0900821964209233e-02
-9.6215723002463574e-02
-1.0199634639722674e-01
-1.0829518558307615e-01
-1.1517614325195343e-01
-1.2271452867922851e-01
-1.3099074652953510e-01
-1.4010778850193784e-01
-1.5018161270590549e-01
-1.6134504222320689e-01
-1.7376516994393074e-01
-1.8763163946789990e-01
-2.0317555221784872e-01
-2.2068005074403915e-01
-2.4047708069274515e-01
-2.6298784449628576e-01
-2.8872568044036573e-01
-3.1829185168607138e-01
-3.5251279008041109e-01
-3.9240855226596094e-01
-4.3929226515972303e-01
-4.9488364259861128e-01
-5.6143074038790486e-01
-6.4199064070805267e-01
-7.4072247932708779e-01
-8.6341869919062664e-01
-1.0183773514623600e+00
-1.2172837796941642e+00
-1.4782840599215314e+00
-1.8293980404581003e+00
-2.3146784469645620e+00
-3.0050582154293197e+00
-4.0193759270969860e+00
-5.5363698715662579e+00
-7.7143983283703621e+00
-1.0046251130731433e+01
-1.0667339482425318e+01
-9.9684943484668231e+00
-9.0911321242966174e+00
-7.0561205862735488e+00
-4.6804370600610739e+00
-3.0861405555174510e+00
-2.1298088194484297e+00
-1.5414302851183155e+00
-1.1618132778478871e+00
-9.0486752070985210e-01
-7.2393312475643601e-01
-5.9209218442138589e-01
-5.0287992873792320e-01
-6.0382646611782553e-01
-7.3731509199406908e-01
-9.1849697419356779e-01
-1.1720131102988283e+00
-1.5389911147282522e+00
-2.0915763440056905e+00
-2.9519361866658302e+00
-4.2877483590835999e+00
-6.0119911870193183e+00
-6.9282678713507382e+00
0.0000000000000000e+00
2.4055929233035767e-01
0.0000000000000000e+00
0.0000000000000000e+00
];
