%Vec Object:sol 1 MPI processes
%  type: mpi
sol = [
0.0000000000000000e+00
-2.2227436821923948e+01
-1.7710434867435453e+01
-1.1901440274204854e+01
-7.7040101666440721e+00
-5.1882354374740052e+00
-3.6766727870644833e+00
-2.7204654122917589e+00
-2.0874694565259735e+00
-1.6492787208708839e+00
-1.3337955595485445e+00
-1.1001373488920170e+00
-9.2261014639588734e-01
-7.8471667527380229e-01
-6.7547602414715679e-01
-5.8750315071603409e-01
-5.1568453834925365e-01
-4.5629268480945601e-01
-4.0653686937316846e-01
-3.6450255741671012e-01
-3.2870674456616095e-01
-2.9792657935567096e-01
-2.7130546703352071e-01
-2.4813293576962037e-01
-2.2781503979269294e-01
-2.0990876311420806e-01
-1.9406012294863792e-01
-1.7995613597045793e-01
-1.6734082687912227e-01
-1.5602799741411666e-01
-1.4584279838176076e-01
-1.3662284578346495e-01
-1.2826710773197808e-01
-1.2067132251082432e-01
-1.1373164284310126e-01
-1.0738531961914317e-01
-1.0156888947472699e-01
-9.6216430007526846e-02
-9.1282979271723200e-02
-8.6730283287634088e-02
-8.2515466965845011e-02
-7.8604283917938236e-02
-7.4973751428689561e-02
-7.1595501216040774e-02
-6.8442186432874058e-02
-6.5500308452863767e-02
-6.2750890055617542e-02
-6.0171319015841947e-02
-5.7754090110776542e-02
-5.5485979553963109e-02
-5.3349208028801949e-02
-5.1338707741236500e-02
-4.9445213731990519e-02
-4.7655655079975441e-02
-4.5965340493387179e-02
-4.4368138299389223e-02
-4.2854321720189804e-02
-4.1419516464481158e-02
-4.0059745843348808e-02
-3.8767689388311696e-02
-3.7539273984315148e-02
-3.6372010517412470e-02
-3.5260327576097018e-02
-3.4200454818744570e-02
-3.3190929111707457e-02
-3.2227460529028577e-02
-3.1306587599586225e-02
-3.0427549883185297e-02
-2.9587001352737174e-02
-2.8781794582982079e-02
-2.8011643323812938e-02
-2.7273899357832473e-02
-2.6565731240107446e-02
-2.5887164230269787e-02
-2.5236066134794888e-02
-2.4609919949482573e-02
-2.4008946155021995e-02
-2.3431393470529981e-02
-2.2875054547878033e-02
-2.2340261590838888e-02
-2.1825542962617708e-02
-2.1328993456751415e-02
-2.0850997210618834e-02
-2.0390285910554251e-02
-1.9945246996098197e-02
-1.9516273733074397e-02
-1.9102243299628716e-02
-1.8701824808070852e-02
-1.8315390325211574e-02
-1.8398119382132289e-02
-1.8860848675350577e-02
-1.9340973489506533e-02
-1.9838853783242121e-02
-2.0354958672777628e-02
-2.0891087248763967e-02
-2.1447639983710385e-02
-2.2025429151444710e-02
-2.2626387354482427e-02
-2.3250960445663767e-02
-2.3900403659795653e-02
-2.4576804710408424e-02
-2.5280665079620408e-02
-2.6013805069741529e-02
-2.6778498778683806e-02
-2.7575321676894495e-02
-2.8406810459251121e-02
-2.9275470093130591e-02
-3.0181980070797591e-02
-3.1129783290795316e-02
-3.2121679048591485e-02
-3.3158498037107909e-02
-3.4244830604142872e-02
-3.5383613610181455e-02
-3.6576644338250100e-02
-3.7829228570086110e-02
-3.9144701396373383e-02
-4.0526289136606629e-02
-4.1980067519745132e-02
-4.3509984273978813e-02
-4.5121138232745023e-02
-4.6820637743747485e-02
-4.8613326223820953e-02
-5.0505942756828695e-02
-5.2507299369177529e-02
-5.4623820534095861e-02
-5.6866364522852667e-02
-5.9245254985088633e-02
-6.1768857105918805e-02
-6.4451983777141189e-02
-6.7307214914572214e-02
-7.0347845174040857e-02
-7.3592600824723617e-02
-7.7057975799627879e-02
-8.0764252118833646e-02
-8.4735886022320323e-02
-8.8995264889793521e-02
-9.3572784224114330e-02
-9.8501390179012632e-02
-1.0381296009808040e-01
-1.0955251509832532e-01
-1.1576508384897047e-01
-1.2250121731247614e-01
-1.2982469765956625e-01
-1.3780140878813762e-01
-1.4651149107047762e-01
-1.5604932096288188e-01
-1.6651560210589872e-01
-1.7803921645755039e-01
-1.9076515711839445e-01
-2.0485936826719597e-01
-2.2053042806512971e-01
-2.3801482662183107e-01
-2.5760047646161355e-01
-2.7963975829413162e-01
-3.0454527958287675e-01
-3.3284003721224181e-01
-3.6516056186450613e-01
-4.0228965900894564e-01
-4.4523415536405159e-01
-4.9525029777867557e-01
-5.5396348684326824e-01
-6.2339601530505373e-01
-7.0630639998112910e-01
-8.0648979722938618e-01
-9.2902182684604107e-01
-1.0809531173315183e+00
-1.2723575465516663e+00
-1.5178531892976848e+00
-1.8382262054161103e+00
-2.2674840688105622e+00
-2.8589722524321335e+00
-3.6952381936908973e+00
-4.9182353564114747e+00
-6.7386954656237155e+00
-9.3512381601816923e+00
-1.2165064528247298e+01
-1.2834399472788752e+01
-1.1817162551889897e+01
-1.0609386079426297e+01
-8.0320566304007208e+00
-5.2153243999628884e+00
-3.3997260013229949e+00
-2.3314875101134578e+00
-1.6810216496215606e+00
-1.2638823274469602e+00
-9.8268945916868566e-01
-7.8522614655740475e-01
-6.4162711512598569e-01
-5.4453039571209516e-01
-6.5381154062080682e-01
-7.9835965280064358e-01
-9.9464095308001066e-01
-1.2693506275915332e+00
-1.6677365320968669e+00
-2.2689096205114820e+00
-3.2101308731701970e+00
-4.6890021177248515e+00
-6.6531126982001991e+00
-7.7436936557845124e+00
0.0000000000000000e+00
1.3464638167935297e-01
0.0000000000000000e+00
0.0000000000000000e+00
];
