%Vec Object:sol 1 MPI processes
%  type: mpi
sol = [
0.0000000000000000e+00
-3.5353247380574729e+01
-2.4426877761259949e+01
-1.4372259940942252e+01
-8.6935330081001769e+00
-5.6662282368863002e+00
-3.9419587694751690e+00
-2.8857962462634417e+00
-2.1971897196112664e+00
-1.7257770461643989e+00
-1.3902045519068031e+00
-1.1429922435491962e+00
-9.5562730369427351e-01
-8.1055843555595575e-01
-6.9599111136154612e-01
-6.0396862904921389e-01
-5.2901129494836019e-01
-4.6714380754121870e-01
-4.1544635306693317e-01
-3.7186664752156828e-01
-3.3479694426185597e-01
-3.0295481166394655e-01
-2.7544251884930332e-01
-2.5151202417392682e-01
-2.3053127619449976e-01
-2.1205928827945275e-01
-1.9572556381169975e-01
-1.8120327976870651e-01
-1.6822545398251446e-01
-1.5659758807193003e-01
-1.4613755369826609e-01
-1.3667670998719353e-01
-1.2810955292840825e-01
-1.2032770114313168e-01
-1.1322366188557322e-01
-1.0673200705225135e-01
-1.0078683746711119e-01
-9.5320057018788845e-02
-9.0284982462469202e-02
-8.5641859143124666e-02
-8.1346463410008021e-02
-7.7363423249446991e-02
-7.3668778854493036e-02
-7.0233292535120423e-02
-6.7028884580271772e-02
-6.4041380512286195e-02
-6.1251218073877206e-02
-5.8635326405800596e-02
-5.6185699770142608e-02
-5.3888707087458271e-02
-5.1726291413977665e-02
-4.9693005010703097e-02
-4.7779289940788970e-02
-4.5971900890889469e-02
-4.4265871574541454e-02
-4.2654843850353501e-02
-4.1128980688949879e-02
-3.9683715664599134e-02
-3.8314886195830108e-02
-3.7015101605896453e-02
-3.5780162183803074e-02
-3.4607417932262012e-02
-3.3491252501006923e-02
-3.2427820196685053e-02
-3.1415512981330669e-02
-3.0450012306186654e-02
-2.9527820698885172e-02
-2.8648043605496071e-02
-2.7807317193396946e-02
-2.7002487860798209e-02
-2.6233143179466147e-02
-2.5496624515513988e-02
-2.4790116136351632e-02
-2.4113523558635067e-02
-2.3464709930008050e-02
-2.2841188918761236e-02
-2.2243067218378251e-02
-2.1668593879100469e-02
-2.1115601304638253e-02
-2.0584313929352428e-02
-2.0073265263316677e-02
-1.9580593870249314e-02
-1.9106582545445925e-02
-1.8649973136916829e-02
-1.8209196531431930e-02
-1.7784551646064250e-02
-1.7374931246780381e-02
-1.6979043827300064e-02
-1.6597174756283473e-02
-1.6640992363492976e-02
-1.7027608864888275e-02
-1.7428338389281265e-02
-1.7843410014353446e-02
-1.8273150603967902e-02
-1.8719094199285316e-02
-1.9181489603791280e-02
-1.9660957430163606e-02
-2.0159125917857547e-02
-2.0676264583672985e-02
-2.1213371295310601e-02
-2.1772182997148535e-02
-2.2352995096209586e-02
-2.2957283673141704e-02
-2.3586916450246336e-02
-2.4242225941377885e-02
-2.4925290858792658e-02
-2.5638141773796634e-02
-2.6381168341992098e-02
-2.7157206883951245e-02
-2.7968497520183204e-02
-2.8815520202448076e-02
-2.9702064565133551e-02
-3.0630430046620121e-02
-3.1601893590809414e-02
-3.2620794774729359e-02
-3.3689708521250694e-02
-3.4811091077976877e-02
-3.5989857677079386e-02
-3.7229026347642698e-02
-3.8532587374805971e-02
-3.9906234450688874e-02
-4.1353621917548544e-02
-4.2880752144386136e-02
-4.4494393713427470e-02
-4.6199127562563697e-02
-4.8003627034600885e-02
-4.9916028305693555e-02
-5.1942719616132102e-02
-5.4095533115222735e-02
-5.6384292339980546e-02
-5.8819341441036947e-02
-6.1415539248906761e-02
-6.4185721092982956e-02
-6.7145813371155993e-02
-7.0315120754789767e-02
-7.3711094982184547e-02
-7.7356107354586159e-02
-8.1276492764712688e-02
-8.5497750877022632e-02
-9.0055379593881005e-02
-9.4984568708271405e-02
-1.0032479969388253e-01
-1.0612620490612258e-01
-1.1244022624252022e-01
-1.1932967549205414e-01
-1.2686859606351467e-01
-1.3513563185896452e-01
-1.4423198857922453e-01
-1.5427129103546131e-01
-1.6538345149624703e-01
-1.7773229289771050e-01
-1.9150320267186383e-01
-2.0692217613002764e-01
-2.2426610824279325e-01
-2.4385895196050680e-01
-2.6611217362300610e-01
-2.9152667078554056e-01
-3.2071875834995461e-01
-3.5448242886843462e-01
-3.9380890416469294e-01
-4.3998245694143967e-01
-4.9468491842863127e-01
-5.6011396675457792e-01
-6.3915746334567924e-01
-7.3588069592620309e-01
-8.5595437636287497e-01
-1.0074447640393493e+00
-1.2020848180816022e+00
-1.4575319219022218e+00
-1.8001642625887990e+00
-2.2735392683911209e+00
-2.9478089729287444e+00
-3.9372812176274037e+00
-5.4167681188238923e+00
-7.5406038991354398e+00
-9.8073094836259429e+00
-1.0393778003773379e+01
-9.7047931060838284e+00
-8.8447696999925878e+00
-6.8761446326285593e+00
-4.5696200346677989e+00
-3.0160079483013571e+00
-2.0817993480601662e+00
-1.5066973634542113e+00
-1.1351154240825267e+00
-8.8374996378291459e-01
-7.0671516976334825e-01
-5.7765859081833637e-01
-4.9029161942812483e-01
-5.8826996666306919e-01
-7.1778171776811828e-01
-8.9348009471142620e-01
-1.1389621104479124e+00
-1.4942528305297480e+00
-2.0281687505214476e+00
-2.8575087148176683e+00
-4.1376610318537468e+00
-5.7692589331367312e+00
-6.6191082269735793e+00
0.0000000000000000e+00
1.3464638167935297e-01
0.0000000000000000e+00
0.0000000000000000e+00
];
