%Vec Object:sol 1 MPI processes
%  type: mpi
sol = [
0.0000000000000000e+00
-1.8239526273010906e+01
-1.4092530579410205e+01
-9.2811348801570919e+00
-5.9919919994915469e+00
-4.0487106677216671e+00
-2.8784192956170491e+00
-2.1376117653414322e+00
-1.6439561366772280e+00
-1.3012681517436053e+00
-1.0545019460504601e+00
-8.7102121451604109e-01
-7.3111456627910476e-01
-6.2225360868551016e-01
-5.3588536354074234e-01
-4.6624572971311584e-01
-4.0933612959006577e-01
-3.6223257974385126e-01
-3.2277387420587017e-01
-2.8943920478186341e-01
-2.6102943217824015e-01
-2.3658212483691396e-01
-2.1542563870268877e-01
-1.9700056184320336e-01
-1.8083755528293510e-01
-1.6658732418033165e-01
-1.5397067453292632e-01
-1.4273621927458613e-01
-1.3268122653488532e-01
-1.2366338147320481e-01
-1.1554369761525961e-01
-1.0819262503386981e-01
-1.0153038494137546e-01
-9.5474014897301201e-02
-8.9940495971163922e-02
-8.4880191236605715e-02
-8.0242602746166722e-02
-7.5975011426818589e-02
-7.2041685284304657e-02
-6.8412230141465732e-02
-6.5052359808994834e-02
-6.1934747155884401e-02
-5.9041174981213980e-02
-5.6348966248515577e-02
-5.3836229897018251e-02
-5.1492305952868841e-02
-4.9302033467169062e-02
-4.7247272654714845e-02
-4.5322132593581539e-02
-4.3516050936192992e-02
-4.1814758557273388e-02
-4.0214276876388691e-02
-3.8707208832711754e-02
-3.7283070976073265e-02
-3.5938150064951109e-02
-3.4667557039472198e-02
-3.3463496114289566e-02
-3.2322487682569019e-02
-3.1241365132726958e-02
-3.0214265543868888e-02
-2.9237940053132190e-02
-2.8310408940779148e-02
-2.7427213305476626e-02
-2.6585342101059971e-02
-2.5783632562896775e-02
-2.5018653824171625e-02
-2.4287640809250582e-02
-2.3589988917036439e-02
-2.2923024030613661e-02
-2.2284232997193260e-02
-2.1673386839997227e-02
-2.1088370418370923e-02
-2.0526924941970854e-02
-1.9989067253126123e-02
-1.9473095454484238e-02
-1.8977003972540245e-02
-1.8500962978809956e-02
-1.8043575604238596e-02
-1.7603085394121847e-02
-1.7179749625099501e-02
-1.6772395472366454e-02
-1.6379509059563840e-02
-1.6001387553437000e-02
-1.5637021259046278e-02
-1.5285130632754145e-02
-1.4946019072481619e-02
-1.4618793949591024e-02
-1.4302400555811128e-02
-1.3997124831607546e-02
-1.4050565378378649e-02
-1.4393928275431695e-02
-1.4750097367781755e-02
-1.5119311853256677e-02
-1.5501895145386918e-02
-1.5899209232782995e-02
-1.6311517779119288e-02
-1.6739404699693781e-02
-1.7184325357531734e-02
-1.7646570233573401e-02
-1.8127058924456166e-02
-1.8627355017606251e-02
-1.9147782072878476e-02
-1.9689686949604709e-02
-2.0254763359688829e-02
-2.0843380014700284e-02
-2.1457424294903816e-02
-2.2098751479111632e-02
-2.2767795871141409e-02
-2.3467127107167043e-02
-2.4198807302395223e-02
-2.4963369243973462e-02
-2.5764244548996337e-02
-2.6603576346007324e-02
-2.7482620276370349e-02
-2.8405328014331578e-02
-2.9374119313235355e-02
-3.0391319931755516e-02
-3.1461435063989435e-02
-3.2587318112290875e-02
-3.3772693687015833e-02
-3.5022812993572586e-02
-3.6341146756831276e-02
-3.7733263434154958e-02
-3.9205440881037619e-02
-4.0762042749443665e-02
-4.2411095916932880e-02
-4.4160189993909353e-02
-4.6015391637625476e-02
-4.7987661402193175e-02
-5.0086219399545259e-02
-5.2320796279340671e-02
-5.4705221890714611e-02
-5.7251579840409024e-02
-5.9974791290561914e-02
-6.2892897397269526e-02
-6.6022307634426056e-02
-6.9385453626840107e-02
-7.3006629321602109e-02
-7.6909240052976446e-02
-8.1126575792843061e-02
-8.5691831979903446e-02
-9.0642284676273902e-02
-9.6025112304507762e-02
-1.0188895191181996e-01
-1.0829308658335204e-01
-1.1530740449804938e-01
-1.2300640253747896e-01
-1.3148568214068998e-01
-1.4085280258796434e-01
-1.5123092819377357e-01
-1.6277088301634185e-01
-1.7564556287033317e-01
-1.9007389204867936e-01
-2.0631799126229688e-01
-2.2468497634118395e-01
-2.4556476820541889e-01
-2.6943247273012993e-01
-2.9687312727257442e-01
-3.2864045321885993e-01
-3.6567630208936880e-01
-4.0920145172296685e-01
-4.6081537324227734e-01
-5.2260973265339838e-01
-5.9743060074459819e-01
-6.8915207101420406e-01
-8.0314838595779481e-01
-9.4690421282109161e-01
-1.1317933541848413e+00
-1.3746851245939800e+00
-1.7016843261188945e+00
-2.1532883181491993e+00
-2.7974394932733397e+00
-3.7437350151890874e+00
-5.1600133105497061e+00
-7.1911614256010665e+00
-9.3534506278309628e+00
-9.9381627850993031e+00
-9.3259880416361280e+00
-8.5444911107938566e+00
-6.6911354193406281e+00
-4.4733213619508856e+00
-2.9625819355350718e+00
-2.0491196398230986e+00
-1.4851823374254647e+00
-1.1201170586514171e+00
-8.7287931901108162e-01
-6.9858102076222306e-01
-5.7140433527428069e-01
-4.8530889667958999e-01
-5.8261484901908722e-01
-7.1126825647062319e-01
-8.8582476689919165e-01
-1.1297538756449588e+00
-1.4828692150606764e+00
-2.0134742699531483e+00
-2.8375355358310621e+00
-4.1087436093285588e+00
-5.7262544498960857e+00
-6.5674445127925516e+00
0.0000000000000000e+00
2.4055929233035767e-01
0.0000000000000000e+00
0.0000000000000000e+00
];
