%Vec Object:sol 1 MPI processes
%  type: mpi
sol = [
0.0000000000000000e+00
-2.7375276041117832e+01
-2.0626379332975898e+01
-1.3068339920082970e+01
-8.1945440852574585e+00
-5.4306098311305320e+00
-3.8124740884189592e+00
-2.8069782188979850e+00
-2.1454783835745319e+00
-1.6897274706233714e+00
-1.3640159267936196e+00
-1.1233763566393564e+00
-9.4088761257869002e-01
-7.9910884943625671e-01
-6.8692489178294414e-01
-5.9671663693757726e-01
-5.2316703608608950e-01
-4.6241114464851557e-01
-4.1160548464702584e-01
-3.6874902760493056e-01
-3.3227236888203349e-01
-3.0092223219182601e-01
-2.7382078766156481e-01
-2.5024057533677552e-01
-2.2957401233183039e-01
-2.1136792816601080e-01
-1.9526030908080053e-01
-1.8093139797148763e-01
-1.6811979504842486e-01
-1.5663517818693351e-01
-1.4629906567278450e-01
-1.3694593489896009e-01
-1.2847086641469144e-01
-1.2076437893586575e-01
-1.1372663592707075e-01
-1.0729332218060565e-01
-1.0139956354176409e-01
-9.5978185775505279e-02
-9.0983226790214908e-02
-8.6375562094039349e-02
-8.2111537194960907e-02
-7.8156252708033655e-02
-7.4486160194295895e-02
-7.1072387412444996e-02
-6.7887159910927614e-02
-6.4916590540789160e-02
-6.2141362762500048e-02
-5.9538591440278552e-02
-5.7100487586627786e-02
-5.4813591321145300e-02
-5.2659952573771457e-02
-5.0634290699202555e-02
-4.8727171341171216e-02
-4.6925412892319572e-02
-4.5224169944118577e-02
-4.3617181472023925e-02
-4.2094647991669336e-02
-4.0652086565847505e-02
-3.9285416257789883e-02
-3.7987268140852043e-02
-3.6753495877502762e-02
-3.5581522092041760e-02
-3.4465742630315273e-02
-3.3402341335869543e-02
-3.2389777349425358e-02
-3.1423738432296469e-02
-3.0500738216946516e-02
-2.9619945788715570e-02
-2.8777999964762064e-02
-2.7971744205170165e-02
-2.7200827174870275e-02
-2.6462590417080920e-02
-2.5754205023751069e-02
-2.5075635425092616e-02
-2.4424743020445772e-02
-2.3799021379917691e-02
-2.3198633894697309e-02
-2.2621826078611504e-02
-2.2066406187909490e-02
-2.1532652895819852e-02
-2.1019094282003277e-02
-2.0523843216990793e-02
-2.0047233901827936e-02
-1.9588000605717422e-02
-1.9144549144815465e-02
-1.8717226591167518e-02
-1.8304915652099810e-02
-1.7906302260155521e-02
-1.7521716248473207e-02
-1.7586230679755673e-02
-1.8013564459626211e-02
-1.8456780250667430e-02
-1.8916178364853140e-02
-1.9392163062388116e-02
-1.9886411179561390e-02
-2.0399254168754221e-02
-2.0931416701083110e-02
-2.1484691187122304e-02
-2.2059443357530142e-02
-2.2656810589026959e-02
-2.3278719260863060e-02
-2.3925577362236685e-02
-2.4599047348413831e-02
-2.5301216685323563e-02
-2.6032550774000233e-02
-2.6795376105301381e-02
-2.7591980101995931e-02
-2.8422911113868170e-02
-2.9291333482372346e-02
-3.0199790458149030e-02
-3.1148954192753889e-02
-3.2143047237914675e-02
-3.3184715235942130e-02
-3.4275519209726352e-02
-3.5420321676796894e-02
-3.6622110972323658e-02
-3.7883762621157710e-02
-3.9210820724547159e-02
-4.0606809449117230e-02
-4.2076321674983222e-02
-4.3625819540932545e-02
-4.5259589015201239e-02
-4.6984485312745995e-02
-4.8808233000418366e-02
-5.0736218431919125e-02
-5.2778311367940554e-02
-5.4943848798828708e-02
-5.7240309693341665e-02
-5.9681159838674502e-02
-6.2277739985301950e-02
-6.5042020179683649e-02
-6.7990983770686006e-02
-7.1139484011352172e-02
-7.4505847032864420e-02
-7.8112213966612554e-02
-8.1978737934512158e-02
-8.6132932794199424e-02
-9.0604589292066662e-02
-9.5422419300383116e-02
-1.0062720531894756e-01
-1.0625961568078085e-01
-1.1236530270954738e-01
-1.1900199940267592e-01
-1.2622921521424474e-01
-1.3411943983736502e-01
-1.4275808027438891e-01
-1.5223614613365000e-01
-1.6267034192048077e-01
-1.7419189758101578e-01
-1.8695098774639685e-01
-2.0113660128464872e-01
-2.1695005618503985e-01
-2.3465434248625860e-01
-2.5457397068780840e-01
-2.7708161794381075e-01
-3.0265003913817945e-01
-3.3185466836622385e-01
-3.6540331463595449e-01
-4.0420691769380457e-01
-4.4940232132800645e-01
-5.0246120853224785e-01
-5.6530917595689179e-01
-6.4046049940212357e-01
-7.3133124996282939e-01
-8.4256348169720974e-01
-9.8042023953111446e-01
-1.1539979955710000e+00
-1.3767729123969707e+00
-1.6687655245030899e+00
-2.0606563779340887e+00
-2.5997456900894309e+00
-3.3670722778263764e+00
-4.4887672158160576e+00
-6.1640977426193873e+00
-8.5711535911145571e+00
-1.1157824291357537e+01
-1.1803029891588036e+01
-1.0933012272001443e+01
-9.8791211765592468e+00
-7.5593484580613746e+00
-4.9536541013124147e+00
-3.2449683348021234e+00
-2.2309529237095029e+00
-1.6110644667427072e+00
-1.2122186190054267e+00
-9.4312594502618585e-01
-7.5381965821698371e-01
-6.1603029718143942e-01
-5.2285632226819567e-01
-6.2767283459605505e-01
-7.6629503278340494e-01
-9.5432281711203304e-01
-1.2174577983129777e+00
-1.5988668497714078e+00
-2.1733947504700231e+00
-3.0703548940725880e+00
-4.4709723342847729e+00
-6.3025510164068077e+00
-7.2953716533934907e+00
0.0000000000000000e+00
1.3464638167935297e-01
0.0000000000000000e+00
0.0000000000000000e+00
];
