%Vec Object:sol 1 MPI processes
%  type: mpi
sol = [
0.0000000000000000e+00
-1.7938092957117604e+01
-1.3913604434498042e+01
-9.2011707726403440e+00
-5.9535935672969869e+00
-4.0277923092471255e+00
-2.8651070220730888e+00
-2.1289946621115257e+00
-1.6376964873549942e+00
-1.2965280972728588e+00
-1.0507976463428317e+00
-8.6815764744659207e-01
-7.2887633336253754e-01
-6.2039819251340678e-01
-5.3432674922694023e-01
-4.6492174288305671e-01
-4.0820058298119677e-01
-3.6125060424862443e-01
-3.2191873961107753e-01
-2.8868983789688324e-01
-2.6036911576616611e-01
-2.3599755267036007e-01
-2.1490589547118130e-01
-1.9653668244633010e-01
-1.8042217436208005e-01
-1.6621426684537796e-01
-1.5363468679278969e-01
-1.4243630518355421e-01
-1.3241689617298014e-01
-1.2343004693536964e-01
-1.1533749240321474e-01
-1.0801028707198607e-01
-1.0136897253422131e-01
-9.5328242907968097e-02
-8.9808380060606000e-02
-8.4760437712447387e-02
-8.0134065654777098e-02
-7.5876687547583463e-02
-7.1952676759432233e-02
-6.8331730101844915e-02
-6.4979653009401298e-02
-6.1869193375579584e-02
-5.8982191547602661e-02
-5.6296030874622156e-02
-5.3788875356017125e-02
-5.1450102321696632e-02
-4.9264591609752377e-02
-4.7214244583579965e-02
-4.5293195166722824e-02
-4.3490909591115241e-02
-4.1793148671423995e-02
-4.0195952000099650e-02
-3.8691942890608080e-02
-3.7270659113588921e-02
-3.5928401838269085e-02
-3.4660296587649853e-02
-3.3458562852173863e-02
-3.2319732449598230e-02
-3.1240649496940498e-02
-3.0215462236779376e-02
-2.9240930815224143e-02
-2.8315083651607592e-02
-2.7433470121550597e-02
-2.6593086223241306e-02
-2.5792775568851293e-02
-2.5029113511129100e-02
-2.4299340420931109e-02
-2.3602856858684684e-02
-2.2936993444228441e-02
-2.2299241163883651e-02
-2.1689375355614379e-02
-2.1105284528031874e-02
-2.0544712969928720e-02
-2.0007681236017819e-02
-1.9492490263908820e-02
-1.8997136713467158e-02
-1.8521794025640848e-02
-1.8065067540564417e-02
-1.7625202377345450e-02
-1.7202458742253218e-02
-1.6795665523756182e-02
-1.6403309923108331e-02
-1.6025691760807891e-02
-1.5661802647821577e-02
-1.5310363765149663e-02
-1.4971680926756371e-02
-1.4644862462252601e-02
-1.4328854161155515e-02
-1.4023944162440636e-02
-1.4078421352219967e-02
-1.4423422480835816e-02
-1.4781303299251394e-02
-1.5152306289119998e-02
-1.5536758343962523e-02
-1.5936026965072413e-02
-1.6350379634599902e-02
-1.6780404764290734e-02
-1.7227564192063925e-02
-1.7692152853608381e-02
-1.8175096210797017e-02
-1.8677965462082429e-02
-1.9201089386299497e-02
-1.9745822542373861e-02
-2.0313867611601574e-02
-2.0905599465746244e-02
-2.1522915615051916e-02
-2.2167681963400149e-02
-2.2840340159273623e-02
-2.3543473177225296e-02
-2.4279155810999188e-02
-2.5047929712981934e-02
-2.5853244071228847e-02
-2.6697256716308768e-02
-2.7581235869197064e-02
-2.8509154645690479e-02
-2.9483450488162651e-02
-3.0506467209009368e-02
-3.1582736051454875e-02
-3.2715132165847045e-02
-3.3907405706749182e-02
-3.5164839969515783e-02
-3.6490932879276752e-02
-3.7891288744830089e-02
-3.9372225587779780e-02
-4.0938141763483267e-02
-4.2597114235993321e-02
-4.4356783331840351e-02
-4.6223262506076591e-02
-4.8207580702489372e-02
-5.0319022373923633e-02
-5.2567387326145763e-02
-5.4966594678064473e-02
-5.7528813748543288e-02
-6.0269067122647478e-02
-6.3205515507351789e-02
-6.6354685601502358e-02
-6.9739158220782124e-02
-7.3383391364342826e-02
-7.7310956872272310e-02
-8.1555364501208871e-02
-8.6150038039312857e-02
-9.1132510526883967e-02
-9.6550276100385593e-02
-1.0245230715299697e-01
-1.0889828823815627e-01
-1.1595857837073160e-01
-1.2370818652320978e-01
-1.3224335461908585e-01
-1.4167236866901411e-01
-1.5211921997988520e-01
-1.6374004381347840e-01
-1.7671193225303120e-01
-1.9125076944998531e-01
-2.0762124947762237e-01
-2.2611784424372153e-01
-2.4714167746819113e-01
-2.7117396196690674e-01
-2.9880366084377985e-01
-3.3078950432779775e-01
-3.6807956583256496e-01
-4.1190261060310801e-01
-4.6386846952471128e-01
-5.2608221521843046e-01
-6.0140792302512669e-01
-6.9374385870954314e-01
-8.0852193080352641e-01
-9.5341048700612063e-01
-1.1395316752396940e+00
-1.3840154461076382e+00
-1.7131161619883823e+00
-2.1679896813214348e+00
-2.8161640087567523e+00
-3.7688635793565242e+00
-5.1944847549000484e+00
-7.2389382063188084e+00
-9.4171530309685281e+00
-1.0005144401744104e+01
-9.3858075447803060e+00
-8.5953543098331000e+00
-6.7253620406968029e+00
-4.4928409748097042e+00
-2.9742574502439534e+00
-2.0567556044060455e+00
-1.4905333319299694e+00
-1.1240703192526729e+00
-8.7591448900166347e-01
-7.0099123961635834e-01
-5.7337571194919412e-01
-4.8697870392640114e-01
-5.8463147081435818e-01
-7.1374596837574600e-01
-8.8894831197700042e-01
-1.1337780480180675e+00
-1.4882176658318866e+00
-2.0209228239443271e+00
-2.8484726732461363e+00
-4.1258412079574338e+00
-5.7535359783958313e+00
-6.6017793371700915e+00
0.0000000000000000e+00
2.4055929233035767e-01
0.0000000000000000e+00
0.0000000000000000e+00
];
