%Vec Object:sol 1 MPI processes
%  type: mpi
sol = [
0.0000000000000000e+00
-3.4740972035198816e+01
-2.4159419979704715e+01
-1.4293281953471581e+01
-8.6629039383182622e+00
-5.6522901985225742e+00
-3.9350623175948307e+00
-2.8811091045959949e+00
-2.1947207188023756e+00
-1.7239040682805893e+00
-1.3887392353335837e+00
-1.1418199304597765e+00
-9.5497587659816097e-01
-8.1009614513762784e-01
-6.9560880671963610e-01
-6.0365085505239247e-01
-5.2874620527007954e-01
-4.6692225739319981e-01
-4.1526121474629152e-01
-3.7171213397404207e-01
-3.3466838306315988e-01
-3.0284846027824369e-01
-2.7535523247905180e-01
-2.5144587058944357e-01
-2.3050051568466329e-01
-2.1205700281215126e-01
-1.9574627349825241e-01
-1.8124263018535211e-01
-1.6827650592952059e-01
-1.5665129814796544e-01
-1.4619357238650427e-01
-1.3673474116965148e-01
-1.2816932770505302e-01
-1.2038898442886044e-01
-1.1328625266140353e-01
-1.0679572401832056e-01
-1.0085152062891824e-01
-9.5385567218481307e-02
-9.0351195654523042e-02
-8.5708665156013608e-02
-8.1413765197936555e-02
-7.7431134439666663e-02
-7.3736822976811389e-02
-7.0301601746268275e-02
-6.7097397750050178e-02
-6.4110044358880097e-02
-6.1319985386979386e-02
-5.8704153188457189e-02
-5.6254548934133064e-02
-5.3957545989787380e-02
-5.1795088287135513e-02
-4.9761733998491757e-02
-4.7847928601918194e-02
-4.6040426710173589e-02
-4.4334266363680451e-02
-4.2723092482919924e-02
-4.1197067492045943e-02
-3.9751627830583891e-02
-3.8382613885686319e-02
-3.7082634237669887e-02
-3.5847490759790136e-02
-3.4674536459037453e-02
-3.3558154194210189e-02
-3.2494498788123626e-02
-3.1481965286052641e-02
-3.0516234368469865e-02
-2.9593808228961533e-02
-2.8713795473720490e-02
-2.7872831549393115e-02
-2.7067761862277346e-02
-2.6298177200265751e-02
-2.5561418257212344e-02
-2.4854667831805101e-02
-2.4177834677992244e-02
-2.3528781300389781e-02
-2.2905019589158901e-02
-2.2306659452854569e-02
-2.1731949298041411e-02
-2.1178719592330870e-02
-2.0647197918132132e-02
-2.0135917106471859e-02
-1.9643013763532658e-02
-1.9168773720377986e-02
-1.8711938073776854e-02
-1.8270935852856638e-02
-1.7846068855769337e-02
-1.7436228988504970e-02
-1.7040123094960700e-02
-1.6658039230274924e-02
-1.6703185304448510e-02
-1.7092447556600072e-02
-1.7495938367961365e-02
-1.7913891502855463e-02
-1.8346638916544596e-02
-1.8795723969781231e-02
-1.9261400907595535e-02
-1.9744297174771726e-02
-2.0246051733331567e-02
-2.0766940439230896e-02
-2.1307970305770578e-02
-2.1870890658687414e-02
-2.2456004326940844e-02
-2.3064799594541358e-02
-2.3699158555891015e-02
-2.4359422488992168e-02
-2.5047686315414684e-02
-2.5765997415808095e-02
-2.6514755913976711e-02
-2.7296819574519831e-02
-2.8114448365871687e-02
-2.8968134916792641e-02
-2.9861697148994150e-02
-3.0797457188042880e-02
-3.1776710654501231e-02
-3.2803831304990004e-02
-3.3881421161568732e-02
-3.5011963968960301e-02
-3.6200416074597536e-02
-3.7449828683106971e-02
-3.8764231533390453e-02
-4.0149368563514844e-02
-4.1608935501997478e-02
-4.3148990489967357e-02
-4.4776364609143117e-02
-4.6495691535958207e-02
-4.8315722779733977e-02
-5.0244672994687600e-02
-5.2289001756857766e-02
-5.4460647867803864e-02
-5.6769533960651944e-02
-5.9226110349745870e-02
-6.1845374470827240e-02
-6.4640293310930505e-02
-6.7626949738605877e-02
-7.0824833289784561e-02
-7.4251516810202520e-02
-7.7931204853304223e-02
-8.1890054725907060e-02
-8.6153107848095642e-02
-9.0756265079585716e-02
-9.5735142015140717e-02
-1.0112970320590499e-01
-1.0699067309876470e-01
-1.1337013354988611e-01
-1.2033166413831480e-01
-1.2795021384289423e-01
-1.3630179788157490e-01
-1.4548784293800102e-01
-1.5562636968463700e-01
-1.6684860472759527e-01
-1.7932000264700512e-01
-1.9322780977375006e-01
-2.0880027055628611e-01
-2.2631701778625080e-01
-2.4610521128475293e-01
-2.6858034585328627e-01
-2.9424820484886427e-01
-3.2373108269671208e-01
-3.5783059768705316e-01
-3.9754743079806687e-01
-4.4417798652162310e-01
-4.9941981349102688e-01
-5.6549089828346233e-01
-6.4540780937775699e-01
-7.4322876275539307e-01
-8.6448923922963561e-01
-1.0174588111093548e+00
-1.2139717022694037e+00
-1.4718337716694865e+00
-1.8182192623615021e+00
-2.2959716011614031e+00
-2.9771582912249133e+00
-3.9753639800220242e+00
-5.4688131303254686e+00
-7.6140804795761801e+00
-9.9037250614620174e+00
-1.0495019437767629e+01
-9.7936100351061572e+00
-8.9204866156499687e+00
-6.9266900726263714e+00
-4.5983444578123676e+00
-3.0331781767632435e+00
-2.0930340367758187e+00
-1.5145398580466956e+00
-1.1409415040882367e+00
-8.8822695726845902e-01
-7.1026858128389647e-01
-5.8057273059169878e-01
-4.9276243638333506e-01
-5.9125682623885689e-01
-7.2145489628901660e-01
-8.9809238870239527e-01
-1.1449392160241945e+00
-1.5022029772425824e+00
-2.0392492997385707e+00
-2.8737900248896882e+00
-4.1631304087054160e+00
-5.8099496312235930e+00
-6.6703878199453284e+00
0.0000000000000000e+00
1.3464638167935297e-01
0.0000000000000000e+00
0.0000000000000000e+00
];
