%Vec Object:sol 1 MPI processes
%  type: mpi
sol = [
0.0000000000000000e+00
-1.6026518948159559e+01
-1.2747127825891146e+01
-8.6602918952563588e+00
-5.6910941858207664e+00
-3.8806687941597744e+00
-2.7750518672815132e+00
-2.0673225026615949e+00
-1.5940833307920856e+00
-1.2642536170462293e+00
-1.0258329798962431e+00
-8.4818588249859106e-01
-7.1270655964242413e-01
-6.0715281067284910e-01
-5.2331854702102021e-01
-4.5566102279759413e-01
-4.0032839581389412e-01
-3.5449908984163120e-01
-3.1608464447326051e-01
-2.8361462316560065e-01
-2.5592814557576504e-01
-2.3209234086787173e-01
-2.1145379988186178e-01
-1.9346002704780843e-01
-1.7767108198968093e-01
-1.6374716365241773e-01
-1.5141642900952720e-01
-1.4043729315136794e-01
-1.3061202368305680e-01
-1.2179756967223838e-01
-1.1385871212230282e-01
-1.0666924020751767e-01
-1.0015166504889320e-01
-9.4225215010540514e-02
-8.8808907897425141e-02
-8.3854501711872628e-02
-7.9312817079553066e-02
-7.5132392779732646e-02
-7.1278434709667771e-02
-6.7721357168341670e-02
-6.4427676631382283e-02
-6.1370724683695178e-02
-5.8532793909375685e-02
-5.5891733800412700e-02
-5.3426131135234624e-02
-5.1125655701988723e-02
-4.8975500818429135e-02
-4.6957880474328223e-02
-4.5067122972358528e-02
-4.3292913143190344e-02
-4.1621237911403861e-02
-4.0048277876200619e-02
-3.8566811550497383e-02
-3.7166536565658374e-02
-3.5843864547225802e-02
-3.4594031788001578e-02
-3.3409372621470458e-02
-3.2286505622475273e-02
-3.1222356120702573e-02
-3.0211156141943477e-02
-2.9249733789756260e-02
-2.8336178820799824e-02
-2.7466102637843506e-02
-2.6636554142337596e-02
-2.5846424737803925e-02
-2.5092336324557023e-02
-2.4371570082065325e-02
-2.3683565000157055e-02
-2.3025687104501525e-02
-2.2395458394734356e-02
-2.1792686096369349e-02
-2.1215285963768926e-02
-2.0661025418583952e-02
-2.0129952237317485e-02
-1.9620388505391693e-02
-1.9130347759895472e-02
-1.8660027230612906e-02
-1.8208048733198454e-02
-1.7772669399148726e-02
-1.7354170596282813e-02
-1.6951394002079546e-02
-1.6562835168876494e-02
-1.6188812960676795e-02
-1.5828328767492041e-02
-1.5480109503663351e-02
-1.5144478221945085e-02
-1.4820550481498537e-02
-1.4507276098149134e-02
-1.4204958821528051e-02
-1.4266551095230659e-02
-1.4622731410152018e-02
-1.4992292284820605e-02
-1.5375498619774186e-02
-1.5772701068837654e-02
-1.6185304793311938e-02
-1.6613603364155703e-02
-1.7058215920016183e-02
-1.7520648556216867e-02
-1.8001226671807223e-02
-1.8500915841747779e-02
-1.9021339322159683e-02
-1.9562861621272590e-02
-2.0126889995552049e-02
-2.0715188524059191e-02
-2.1328174307709381e-02
-2.1967814238410554e-02
-2.2636047021431779e-02
-2.3333364732601416e-02
-2.4062441769458317e-02
-2.4825439897685073e-02
-2.5622961747295087e-02
-2.6458577031289950e-02
-2.7334544591112786e-02
-2.8252219248327329e-02
-2.9215721372674280e-02
-3.0227610150745269e-02
-3.1290353773240062e-02
-3.2408662654272724e-02
-3.3585561919255338e-02
-3.4824977861149790e-02
-3.6132414895510064e-02
-3.7511558947184179e-02
-3.8968261793377243e-02
-4.0509118813720060e-02
-4.2138768836052380e-02
-4.3865634991794120e-02
-4.5697708716503804e-02
-4.7641428496705648e-02
-4.9708296811037951e-02
-5.1908045221409536e-02
-5.4250954000332502e-02
-5.6751562448827127e-02
-5.9422637115032463e-02
-6.2279907259580609e-02
-6.5342366647231920e-02
-6.8627361804317624e-02
-7.2158515531439801e-02
-7.5961433532532874e-02
-8.0060856750087200e-02
-8.4491834853719999e-02
-8.9289397099078419e-02
-9.4492886522547365e-02
-1.0015202036085538e-01
-1.0631814110947714e-01
-1.1305377679115397e-01
-1.2043069717737130e-01
-1.2852499690755295e-01
-1.3744059499027175e-01
-1.4729070895840327e-01
-1.5820496083036034e-01
-1.7034646903938391e-01
-1.8390029536266345e-01
-1.9909196791606446e-01
-2.1619780349556744e-01
-2.3554165294607837e-01
-2.5753450161050800e-01
-2.8267714983980302e-01
-3.1158627057563487e-01
-3.4505609229988093e-01
-3.8407909701510967e-01
-4.2994141180946632e-01
-4.8432779295261391e-01
-5.4944116306261648e-01
-6.2827810874464218e-01
-7.2490431016880641e-01
-8.4477485959423437e-01
-9.9613715802792890e-01
-1.1907694489414267e+00
-1.4463979267965452e+00
-1.7902322837010471e+00
-2.2647061784405604e+00
-2.9416947522681474e+00
-3.9347070074056516e+00
-5.4209101393960770e+00
-7.5556167121321680e+00
-9.8361359351606321e+00
-1.0445478086250152e+01
-9.7745841602791721e+00
-8.9261966992993660e+00
-6.9466468755443991e+00
-4.6185502946812322e+00
-3.0492947931115921e+00
-2.1057739667980915e+00
-1.5246986150952802e+00
-1.1494113080012693e+00
-8.9535873446694192e-01
-7.1640182260582652e-01
-5.8597123858168443e-01
-4.9766400409251799e-01
-5.9753087730386611e-01
-7.2958785226789169e-01
-9.0881341895686740e-01
-1.1594873517970128e+00
-1.5223664436617890e+00
-2.0684540300119760e+00
-2.9181855883029937e+00
-4.2348169507466054e+00
-5.9275147412744964e+00
-6.8212684065747977e+00
0.0000000000000000e+00
2.4055929233035767e-01
0.0000000000000000e+00
0.0000000000000000e+00
];
