%Vec Object:sol 1 MPI processes
%  type: mpi
sol = [
0.0000000000000000e+00
-1.9102087662776739e+01
-1.4597295294800098e+01
-9.5038349217437919e+00
-6.0984101363109140e+00
-4.1065663912172967e+00
-2.9149754347102834e+00
-2.1614309587741132e+00
-1.6612668280802416e+00
-1.3143777799780190e+00
-1.0642700079143259e+00
-8.7861953455951403e-01
-7.3731540936336781e-01
-6.2739629699917465e-01
-5.4020739233148740e-01
-4.6991881632076588e-01
-4.1248787510387580e-01
-3.6495933874492398e-01
-3.2514744181654920e-01
-2.9148688677808965e-01
-2.6280714108657766e-01
-2.3813364455593153e-01
-2.1678623954270992e-01
-1.9819876208358958e-01
-1.8189647653689070e-01
-1.6752606350314167e-01
-1.5480513656372999e-01
-1.4348308345723776e-01
-1.3335488008691754e-01
-1.2427201521363970e-01
-1.1609435560438937e-01
-1.0869132171498438e-01
-1.0198244449166217e-01
-9.5884087181388133e-02
-9.0312594268607591e-02
-8.5217902991607683e-02
-8.0549106483566932e-02
-7.6253089406018923e-02
-7.2293828306121105e-02
-6.8640677416121454e-02
-6.5259096142049833e-02
-6.2121549299856950e-02
-5.9209660831562802e-02
-5.6500586056191932e-02
-5.3972280785736411e-02
-5.1613982333258257e-02
-4.9410416568620233e-02
-4.7343328895963974e-02
-4.5406760226142977e-02
-4.3590068922039517e-02
-4.1878902133691207e-02
-4.0269231453057101e-02
-3.8753603321922146e-02
-3.7321474905820690e-02
-3.5969093310784961e-02
-3.4691529115009098e-02
-3.3480943759163023e-02
-3.2333826086127990e-02
-3.1246979861521255e-02
-3.0214510889583882e-02
-2.9233145333525862e-02
-2.8300881064408850e-02
-2.7413235982631141e-02
-2.6567179435461514e-02
-2.5761531154233408e-02
-2.4992842833401929e-02
-2.4258334171096303e-02
-2.3557386440220620e-02
-2.2887312237142948e-02
-2.2245586779740902e-02
-2.1631969313476666e-02
-2.1044334456113273e-02
-2.0480414719447056e-02
-1.9940216823416942e-02
-1.9422030912728656e-02
-1.8923845056145014e-02
-1.8445820530999031e-02
-1.7986554254944633e-02
-1.7544285252497870e-02
-1.7119262835862129e-02
-1.6710309351193518e-02
-1.6315907791479949e-02
-1.5936348109510574e-02
-1.5570616916028446e-02
-1.5217432534058089e-02
-1.4877091790902346e-02
-1.4548699329855934e-02
-1.4231198959576651e-02
-1.3924870636644026e-02
-1.3975451574680844e-02
-1.4314330130001888e-02
-1.4665812612453470e-02
-1.5030129101830759e-02
-1.5407593359195199e-02
-1.5799552250028881e-02
-1.6206258827950366e-02
-1.6628284565571885e-02
-1.7067067033713117e-02
-1.7522884326350522e-02
-1.7996639838160602e-02
-1.8489876210506986e-02
-1.9002902480895090e-02
-1.9537044265321102e-02
-2.0093970556674307e-02
-2.0674032913913381e-02
-2.1279090789667266e-02
-2.1910970143071921e-02
-2.2570084815814552e-02
-2.3258967685719566e-02
-2.3979645840510145e-02
-2.4732627357982442e-02
-2.5521295438340041e-02
-2.6347752523794472e-02
-2.7213219296828340e-02
-2.8121588285384060e-02
-2.9075230236721945e-02
-3.0076420849175840e-02
-3.1129593375092402e-02
-3.2237540914469294e-02
-3.3403917337299666e-02
-3.4633885127890979e-02
-3.5930839533053822e-02
-3.7300249800391309e-02
-3.8748282660963050e-02
-4.0279205487814225e-02
-4.1900904773134726e-02
-4.3620834078351316e-02
-4.5445003108075449e-02
-4.7383706063395523e-02
-4.9445825279433010e-02
-5.1641314886245009e-02
-5.3983765399630165e-02
-5.6485003914895061e-02
-5.9159648754990392e-02
-6.2025384510396644e-02
-6.5098266443356839e-02
-6.8400278555703603e-02
-7.1955220109647000e-02
-7.5785988473742752e-02
-7.9925209229915140e-02
-8.4405380100648519e-02
-8.9262988431550769e-02
-9.4544245800407184e-02
-1.0029675134322052e-01
-1.0657854478416430e-01
-1.1345805137130441e-01
-1.2100815992445062e-01
-1.2932246404801223e-01
-1.3850622574135585e-01
-1.4867994063826551e-01
-1.5999540580968624e-01
-1.7262471576958499e-01
-1.8677767987222180e-01
-2.0271143709397077e-01
-2.2072725537210039e-01
-2.4120770893371152e-01
-2.6461897835228732e-01
-2.9153515966249721e-01
-3.2269600995451880e-01
-3.5902602287435570e-01
-4.0172368149424975e-01
-4.5235952288379055e-01
-5.1298791111674447e-01
-5.8630014210520598e-01
-6.7614197616262806e-01
-7.8780445398949284e-01
-9.2885432928143585e-01
-1.1103076653905606e+00
-1.3487547188666424e+00
-1.6691721525065208e+00
-2.1123795790281772e+00
-2.7448167032435724e+00
-3.6736258542727462e+00
-5.0636532620910613e+00
-7.0572381850259118e+00
-9.1743904235827163e+00
-9.7482857896566770e+00
-9.1570370774931344e+00
-8.4004718524058664e+00
-6.5936618579237134e+00
-4.4178088189759510e+00
-2.9293504846198792e+00
-2.0273772656302520e+00
-1.4698956953118629e+00
-1.1088558568562306e+00
-8.6423168525605709e-01
-6.9167476580491261e-01
-5.6578672361159010e-01
-4.8055004037796989e-01
-5.7686682960807933e-01
-7.0420490982095629e-01
-8.7690768466348312e-01
-1.1182785293192148e+00
-1.4676133750348843e+00
-1.9922229537158684e+00
-2.8063215528709144e+00
-4.0599370983857934e+00
-5.6484211313982069e+00
-6.4695939346936404e+00
0.0000000000000000e+00
2.4055929233035767e-01
0.0000000000000000e+00
0.0000000000000000e+00
];
