%Vec Object:sol 1 MPI processes
%  type: mpi
sol = [
0.0000000000000000e+00
-2.6204321067779116e+01
-1.8323636261323298e+01
-1.1025789130510335e+01
-6.7941245735631473e+00
-4.4820464374894575e+00
-3.1436021063495008e+00
-2.3143948408518615e+00
-1.7696717703904463e+00
-1.3943895133082598e+00
-1.1259500320969407e+00
-9.2744975212504088e-01
-7.7678628527102200e-01
-6.5971954960270351e-01
-5.6706911636289548e-01
-4.9251796484495342e-01
-4.3170217659572352e-01
-3.8144283428218312e-01
-3.3939771785408807e-01
-3.0392146293893113e-01
-2.7372005092046786e-01
-2.4775748787650326e-01
-2.2531096588961147e-01
-2.0577967278409659e-01
-1.8866055220164871e-01
-1.7357928977222781e-01
-1.6023687075767190e-01
-1.4836832992115537e-01
-1.3775334392807281e-01
-1.2823691221085282e-01
-1.1967379824870228e-01
-1.1192620393939499e-01
-1.0490886482011708e-01
-9.8533465131905029e-02
-9.2711936286688224e-02
-8.7391297176846169e-02
-8.2517838742509050e-02
-7.8035726213359594e-02
-7.3906954944902042e-02
-7.0099176837386215e-02
-6.6576121312367634e-02
-6.3308845588726181e-02
-6.0277912781654418e-02
-5.7459347996584101e-02
-5.4830073243517879e-02
-5.2378649590464288e-02
-5.0089046310734915e-02
-4.7942233772279602e-02
-4.5931811048848518e-02
-4.4046610242835009e-02
-4.2271714283839870e-02
-4.0602774222582357e-02
-3.9031964212312975e-02
-3.7548343112955719e-02
-3.6147902129473490e-02
-3.4825448414058907e-02
-3.3572857854267134e-02
-3.2386414948756020e-02
-3.1262731995741588e-02
-3.0195706989881672e-02
-2.9181903761109268e-02
-2.8219176676714031e-02
-2.7302890205757255e-02
-2.6429885820420444e-02
-2.5598872072135147e-02
-2.4806285836895748e-02
-2.4049247207768278e-02
-2.3327048301970976e-02
-2.2636914610323473e-02
-2.1976245083756459e-02
-2.1344724932684654e-02
-2.0740161899072355e-02
-2.0160231312874300e-02
-1.9604876433083961e-02
-1.9072335589556209e-02
-1.8560555045357075e-02
-1.8069640218923572e-02
-1.7598147728370577e-02
-1.7144286895742954e-02
-1.6708256892750378e-02
-1.6288848833741421e-02
-1.5884525216124559e-02
-1.5495530413209571e-02
-1.5120827212290598e-02
-1.4759120083555526e-02
-1.4410664162242284e-02
-1.4074546565338950e-02
-1.3749701611861972e-02
-1.3436371115685583e-02
-1.3467709042283116e-02
-1.3776336466888217e-02
-1.4096172866572177e-02
-1.4427383549605547e-02
-1.4770213716752982e-02
-1.5125905734519225e-02
-1.5494636978914077e-02
-1.5876890896271634e-02
-1.6273981533792375e-02
-1.6686098245714487e-02
-1.7114030171214708e-02
-1.7559173837988981e-02
-1.8021733771236170e-02
-1.8502886124958727e-02
-1.9004126616276807e-02
-1.9525682793256418e-02
-2.0069217882843656e-02
-2.0636351301053922e-02
-2.1227348275148435e-02
-2.1844483535710401e-02
-2.2489536188535730e-02
-2.3162834074040167e-02
-2.3867420257733127e-02
-2.4605107074381845e-02
-2.5376862017882938e-02
-2.6186160199555084e-02
-2.7035020968082704e-02
-2.7925359537304160e-02
-2.8861098696025298e-02
-2.9844596928777264e-02
-3.0879000230716241e-02
-3.1968838142228721e-02
-3.3116959245055512e-02
-3.4328121191901713e-02
-3.5607693358388322e-02
-3.6959241832786642e-02
-3.8389660617892250e-02
-3.9905385103644685e-02
-4.1511404022225883e-02
-4.3217127058193638e-02
-4.5030298863405760e-02
-4.6959062235617265e-02
-4.9015209333632133e-02
-5.1208848580658335e-02
-5.3552569446539952e-02
-5.6061668385590353e-02
-5.8749838713397264e-02
-6.1636075497572697e-02
-6.4740881971386124e-02
-6.8083785937772034e-02
-7.1692995754464070e-02
-7.5596390244611525e-02
-7.9825247696791585e-02
-8.4419393630196751e-02
-8.9419603583685572e-02
-9.4875751595184896e-02
-1.0084667428282527e-01
-1.0739477359971515e-01
-1.1460055012517857e-01
-1.2255380374184727e-01
-1.3135330580087587e-01
-1.4113329958367127e-01
-1.5204112621049520e-01
-1.6425651213298045e-01
-1.7799983762645932e-01
-1.9352892810911990e-01
-2.1117165426009132e-01
-2.3132733176352660e-01
-2.5448756201456213e-01
-2.8128635583374634e-01
-3.1251569767716458e-01
-3.4920271893348759e-01
-3.9269384977509264e-01
-4.4475009772195756e-01
-5.0776962140640736e-01
-5.8501821825674771e-01
-6.8103859293409785e-01
-8.0219067369529695e-01
-9.5806322292157553e-01
-1.1629315000894778e+00
-1.4388924229799995e+00
-1.8206077984129947e+00
-2.3652075030773130e+00
-3.1660440223692361e+00
-4.3627951750665419e+00
-6.0659916968803120e+00
-7.8442339668171943e+00
-8.3282994991015808e+00
-7.8806418626138175e+00
-7.2938618770161598e+00
-5.8333838804307669e+00
-3.9799493639110373e+00
-2.6655247300886837e+00
-1.8545611604552958e+00
-1.3485933797515153e+00
-1.0190839972260850e+00
-7.9505048397525901e-01
-6.3670636422193827e-01
-5.2097106408348626e-01
-4.4251094321454715e-01
-5.3083048039703384e-01
-6.4750483019582383e-01
-8.0563948094521065e-01
-1.0262843514643831e+00
-1.3448037601898615e+00
-1.8214282247641620e+00
-2.5552914611286939e+00
-3.6670048748871529e+00
-5.0247168196539347e+00
-5.6915254615775561e+00
0.0000000000000000e+00
2.4055929233035767e-01
0.0000000000000000e+00
0.0000000000000000e+00
];
