%Vec Object:sol 1 MPI processes
%  type: mpi
sol = [
0.0000000000000000e+00
-1.7284842034276263e+01
-1.3521245247471530e+01
-9.0238980124759927e+00
-5.8681139476150888e+00
-3.9802597032415044e+00
-2.8354465645739615e+00
-2.1088585355456178e+00
-1.6237610014535659e+00
-1.2859796311102021e+00
-1.0425572067463384e+00
-8.6156120685928494e-01
-7.2361656152885812e-01
-6.1619672842530970e-01
-5.3086597079301290e-01
-4.6198317098274067e-01
-4.0568132110694466e-01
-3.5907298540570082e-01
-3.2002323420518175e-01
-2.8702952609332727e-01
-2.5890678315889026e-01
-2.3470357990831273e-01
-2.1375599164377992e-01
-1.9551089994118084e-01
-1.7950412594645479e-01
-1.6539022661322564e-01
-1.5289304799665132e-01
-1.4176729084320996e-01
-1.3181221250690264e-01
-1.2288250778844319e-01
-1.1484091663991214e-01
-1.0755940451471156e-01
-1.0095924287831759e-01
-9.4958460521631663e-02
-8.9474950274167575e-02
-8.4459706613233806e-02
-7.9862822243835896e-02
-7.5632135705433201e-02
-7.1732333191248165e-02
-6.8133380079848399e-02
-6.4801343107530079e-02
-6.1709184910908203e-02
-5.8838913747581968e-02
-5.6168082508103373e-02
-5.3675007798382406e-02
-5.1349174895842307e-02
-4.9175576661325951e-02
-4.7136225390993887e-02
-4.5225326463265624e-02
-4.3432424232752155e-02
-4.1743358760551123e-02
-4.0154220962793960e-02
-3.8657689183638239e-02
-3.7243356721189128e-02
-3.5907564796575871e-02
-3.4645477166942641e-02
-3.3449349543188532e-02
-3.2315762062227187e-02
-3.1241595010356057e-02
-3.0220889086062807e-02
-2.9250354491283232e-02
-2.8328216750858944e-02
-2.7450069219047697e-02
-2.6612941775765793e-02
-2.5815692324673147e-02
-2.5054909882648666e-02
-2.4327846819298327e-02
-2.3633915295691785e-02
-2.2970456333781052e-02
-2.2334969994069542e-02
-2.1727241336675997e-02
-2.1145166879660279e-02
-2.0586497622846648e-02
-2.0051262502679381e-02
-1.9537768673860530e-02
-1.9044017628426113e-02
-1.8570190199303064e-02
-1.8114896564924165e-02
-1.7676385217745720e-02
-1.7254922992842869e-02
-1.6849342522639824e-02
-1.6458133290329996e-02
-1.6081601122347560e-02
-1.5718740472876924e-02
-1.5368274034811743e-02
-1.5030513088775075e-02
-1.4704568037045181e-02
-1.4389385693499313e-02
-1.4085259168568348e-02
-1.4142054171095259e-02
-1.4490745434635768e-02
-1.4852481157718809e-02
-1.5227511126137704e-02
-1.5616169981821044e-02
-1.6019837623092583e-02
-1.6438790020414779e-02
-1.6873625618719607e-02
-1.7325820795355835e-02
-1.7795680382550683e-02
-1.8284142950779122e-02
-1.8792796765886299e-02
-1.9321982194042180e-02
-1.9873071021478717e-02
-2.0447786017965937e-02
-2.1046515724744787e-02
-2.1671180332902780e-02
-2.2323669515800334e-02
-2.3004441212082765e-02
-2.3716108271580997e-02
-2.4460773821885412e-02
-2.5238999171054655e-02
-2.6054272866891104e-02
-2.6908785547061373e-02
-2.7803833398966280e-02
-2.8743437522522567e-02
-2.9730074794957592e-02
-3.0766129245955086e-02
-3.1856190352950592e-02
-3.3003181714489654e-02
-3.4210910453563177e-02
-3.5484731536686451e-02
-3.6828203445923781e-02
-3.8247010492425550e-02
-3.9747560330804677e-02
-4.1334328538775701e-02
-4.3015503873264187e-02
-4.4798839740146430e-02
-4.6690553729319198e-02
-4.8701827395358978e-02
-5.0842088599596623e-02
-5.3121290987238563e-02
-5.5553552802848648e-02
-5.8151234189322637e-02
-6.0929583647597284e-02
-6.3907028258671505e-02
-6.7100355569813017e-02
-7.0532478710666688e-02
-7.4228220957390789e-02
-7.8211524511425781e-02
-8.2516388556232029e-02
-8.7176744927443969e-02
-9.2230698283427170e-02
-9.7726445304522624e-02
-1.0371370404153608e-01
-1.1025305186902810e-01
-1.1741589479198579e-01
-1.2527837975304318e-01
-1.3393817244102010e-01
-1.4350517360640566e-01
-1.5410522933638085e-01
-1.6589677478160150e-01
-1.7905952878987100e-01
-1.9381255484722554e-01
-2.1042429932655998e-01
-2.2920938448363448e-01
-2.5056720504140684e-01
-2.7498449370945960e-01
-3.0306069522531709e-01
-3.3556806292162750e-01
-3.7344294313697590e-01
-4.1792860506955398e-01
-4.7067696277664739e-01
-5.3382274886044234e-01
-6.1026984903132298e-01
-7.0396993134753749e-01
-8.2042808915712262e-01
-9.6753326846964705e-01
-1.1567514157791770e+00
-1.4047616075321134e+00
-1.7385121036572895e+00
-2.2003371302951278e+00
-2.8576928449329091e+00
-3.8245333859714705e+00
-5.2707231589715837e+00
-7.3443476522528046e+00
-9.5573541246978504e+00
-1.0152199360433100e+01
-9.5168432340432147e+00
-8.7065176409823248e+00
-6.7999813802678153e+00
-4.5353309179195920e+00
-2.9996524059608061e+00
-2.0733572557917439e+00
-1.5021117156342880e+00
-1.1326614130467283e+00
-8.8250917978669330e-01
-7.0621973959044670e-01
-5.7765830902842485e-01
-4.9060580618913507e-01
-5.8901144107905468e-01
-7.1912673375920244e-01
-8.9569784870715019e-01
-1.1425155988773450e+00
-1.4998282929659472e+00
-2.0370896456176988e+00
-2.8722060460055441e+00
-4.1629365778665548e+00
-5.8127545496602657e+00
-6.6763745352980557e+00
0.0000000000000000e+00
2.4055929233035767e-01
0.0000000000000000e+00
0.0000000000000000e+00
];
