%Vec Object:sol 1 MPI processes
%  type: mpi
sol = [
0.0000000000000000e+00
-2.8226360019037703e+01
-2.1079336914635832e+01
-1.3234832718564038e+01
-8.2601201155076787e+00
-5.4637137733007073e+00
-3.8299151816669488e+00
-2.8183233596449768e+00
-2.1522903471547155e+00
-1.6948229481901145e+00
-1.3679565468341506e+00
-1.1263052366535320e+00
-9.4281996313323535e-01
-8.0061880973840782e-01
-6.8817164152022681e-01
-5.9775508203177663e-01
-5.2403808919640282e-01
-4.6314575056243362e-01
-4.1222739825070576e-01
-3.6927707443319019e-01
-3.3272151987717269e-01
-3.0130440591208596e-01
-2.7414580458093096e-01
-2.5051207930325964e-01
-2.2977990256602498e-01
-2.1151931859584844e-01
-1.9536618409197506e-01
-1.8099903868934700e-01
-1.6815515351763607e-01
-1.5664318935427382e-01
-1.4628381951243197e-01
-1.3691082759969583e-01
-1.2842039321881651e-01
-1.2070571252594245e-01
-1.1366070077985579e-01
-1.0722093772785340e-01
-1.0132145082468413e-01
-9.5894977037350643e-02
-9.0895483381033843e-02
-8.6283782239917603e-02
-8.2016162622114613e-02
-7.8057677615860743e-02
-7.4384735692797826e-02
-7.0968427241928936e-02
-6.7780946970001157e-02
-6.4808376224935738e-02
-6.2031372538928424e-02
-5.9427032426085082e-02
-5.6987542069398350e-02
-5.4699423020089434e-02
-5.2544715039029508e-02
-5.0518117854987339e-02
-4.8610183333406692e-02
-4.6807723906100843e-02
-4.5105879896888891e-02
-4.3498379066136114e-02
-4.1975418502907584e-02
-4.0532505421387671e-02
-3.9165549160178545e-02
-3.7867178877054049e-02
-3.6633241987760107e-02
-3.5461152256746446e-02
-3.4345304514142465e-02
-3.3281879226396298e-02
-3.2269327200836445e-02
-3.1303335730058446e-02
-3.0380417294950803e-02
-2.9499733003407264e-02
-2.8657921540090191e-02
-2.7851826910497340e-02
-2.7081090074653730e-02
-2.6343052674273327e-02
-2.5634887580938948e-02
-2.4956551772159611e-02
-2.4305906936578824e-02
-2.3680449252940418e-02
-2.3080334931530042e-02
-2.2503809967344600e-02
-2.1948685701610380e-02
-2.1415233938045664e-02
-2.0901983454455274e-02
-2.0407050375090167e-02
-1.9930762394526909e-02
-1.9471854736364386e-02
-1.9028736372558960e-02
-1.8601748286504533e-02
-1.8189774442232329e-02
-1.7791503598358845e-02
-1.7407259972862403e-02
-1.7469219709424756e-02
-1.7891523096582120e-02
-1.8329492801419048e-02
-1.8783420646911464e-02
-1.9253701660644575e-02
-1.9741995282114753e-02
-2.0248623147194566e-02
-2.0774297466249814e-02
-2.1320790713255253e-02
-2.1888457233050249e-02
-2.2478417651423561e-02
-2.3092575421100412e-02
-2.3731325260165213e-02
-2.4396307206774367e-02
-2.5089582227981719e-02
-2.5811600122345325e-02
-2.6564657551057268e-02
-2.7351011080276814e-02
-2.8171190501419190e-02
-2.9028320657704516e-02
-2.9924908526567241e-02
-3.0861603868737330e-02
-3.1842577127305198e-02
-3.2870432757412825e-02
-3.3946698441367100e-02
-3.5076173977287371e-02
-3.6261798750368043e-02
-3.7506398818388804e-02
-3.8815443183173946e-02
-4.0192396347343645e-02
-4.1641779918445837e-02
-4.3169964677758674e-02
-4.4781162465095573e-02
-4.6482127549998621e-02
-4.8280471370612747e-02
-5.0181486166488293e-02
-5.2194900161877722e-02
-5.4329908981845025e-02
-5.6593864445172261e-02
-5.9000039547574275e-02
-6.1559597510391938e-02
-6.4284318624748357e-02
-6.7190936846847460e-02
-7.0294070512728013e-02
-7.3611765893743866e-02
-7.7165833010075263e-02
-8.0976105356190056e-02
-8.5069684885521468e-02
-8.9475911401672645e-02
-9.4223044483648849e-02
-9.9351304843027510e-02
-1.0489781161970373e-01
-1.1090795686162182e-01
-1.1744013624525329e-01
-1.2455278717058861e-01
-1.3231711263196655e-01
-1.4081700414939510e-01
-1.5014180518456680e-01
-1.6040613571000775e-01
-1.7173883881446589e-01
-1.8428732143837367e-01
-1.9823713147045918e-01
-2.1379849014286945e-01
-2.3122749147589974e-01
-2.5083773933872239e-01
-2.7299634440177373e-01
-2.9816907616399696e-01
-3.2692292626623898e-01
-3.5995540859945990e-01
-3.9816436212799033e-01
-4.4267045366353508e-01
-4.9492469217802026e-01
-5.5682599922829878e-01
-6.3085437033896574e-01
-7.2029517001529531e-01
-8.2962435106789445e-01
-9.6527629918808555e-01
-1.1363088612617140e+00
-1.3558820094183539e+00
-1.6437767037812165e+00
-2.0292226278293111e+00
-2.5610198756683515e+00
-3.3168291948067448e+00
-4.4243372930708880e+00
-6.0772412383383019e+00
-8.4504596049649958e+00
-1.1001291565239939e+01
-1.1642756971041470e+01
-1.0793733246433275e+01
-9.7626329652010035e+00
-7.4835925404426176e+00
-4.9113378493139512e+00
-3.2198927936287376e+00
-2.2146282305202480e+00
-1.5996193371905238e+00
-1.2038071135441710e+00
-9.3667161857605941e-01
-7.4867344158533633e-01
-6.1184845589231551e-01
-5.1931655180861336e-01
-6.2340075204822132e-01
-7.6101384112977766e-01
-9.4770724340791734e-01
-1.2089567432885904e+00
-1.5875193191928809e+00
-2.1577114855633139e+00
-3.0473713145051669e+00
-4.4350733590102775e+00
-6.2448980616756193e+00
-7.2219041713222873e+00
0.0000000000000000e+00
1.3464638167935297e-01
0.0000000000000000e+00
0.0000000000000000e+00
];
