%Vec Object:sol 1 MPI processes
%  type: mpi
sol = [
0.0000000000000000e+00
-1.4837823659860618e+01
-1.1992650114513861e+01
-8.2912990192146143e+00
-5.5078848071383275e+00
-3.7791778167768841e+00
-2.7104431248013645e+00
-2.0249076638414674e+00
-1.5633273571579662e+00
-1.2409810310117673e+00
-1.0079030893308834e+00
-8.3416653442431532e-01
-7.0149933488582317e-01
-5.9799384467230576e-01
-5.1563370110435058e-01
-4.4914046355141213e-01
-3.9474214131546959e-01
-3.4967360625566912e-01
-3.1188694735741052e-01
-2.7993999324979080e-01
-2.5269356524840653e-01
-2.2923173252967918e-01
-2.0891557643054137e-01
-1.9121212244589364e-01
-1.7567352649464532e-01
-1.6196657381401966e-01
-1.4982481172233769e-01
-1.3901121802605376e-01
-1.2933173307040099e-01
-1.2064607805404864e-01
-1.1282149479255348e-01
-1.0573393480384459e-01
-9.9307417076031190e-02
-9.3462592362926616e-02
-8.8119786294028127e-02
-8.3231669234749450e-02
-7.8749914675286165e-02
-7.4623865255291660e-02
-7.0819333241213908e-02
-6.7307255514759898e-02
-6.4054659694678717e-02
-6.1035298269650790e-02
-5.8231793753343579e-02
-5.5622330121786870e-02
-5.3185795984350102e-02
-5.0912075138797114e-02
-4.8786585699407158e-02
-4.6791762513729358e-02
-4.4922076972464045e-02
-4.3167370384810784e-02
-4.1513788318090342e-02
-3.9957614997028969e-02
-3.8491739947874179e-02
-3.7105972672105775e-02
-3.5796805122186248e-02
-3.4559552220551452e-02
-3.3386639706538095e-02
-3.2274358525400448e-02
-3.1220056085730894e-02
-3.0218076131816773e-02
-2.9265291586066951e-02
-2.8359833171338795e-02
-2.7497352594186949e-02
-2.6674933532487153e-02
-2.5891499581028248e-02
-2.5143702944119172e-02
-2.4428851504648862e-02
-2.3746410350560482e-02
-2.3093768598871394e-02
-2.2468468418389995e-02
-2.1870338850378840e-02
-2.1297313444317127e-02
-2.0747174544964633e-02
-2.0219988666819389e-02
-1.9714091719358184e-02
-1.9227508013406433e-02
-1.8760451229670263e-02
-1.8311553952142203e-02
-1.7879080876931616e-02
-1.7463328051687911e-02
-1.7063145498654949e-02
-1.6677033939677656e-02
-1.6305325472595625e-02
-1.5947027841488631e-02
-1.5600871440628057e-02
-1.5267191309869386e-02
-1.4945107665653157e-02
-1.4633572729125714e-02
-1.4332901101663274e-02
-1.4399336045784823e-02
-1.4763218298627404e-02
-1.5140820349378744e-02
-1.5532421918003766e-02
-1.5938389385106749e-02
-1.6360153469289988e-02
-1.6798024933347699e-02
-1.7252643339945053e-02
-1.7725544693232845e-02
-1.8217074399126568e-02
-1.8728224779934553e-02
-1.9260654125043238e-02
-1.9814750324218540e-02
-2.0391955846869803e-02
-2.0994075917165834e-02
-2.1621555169662684e-02
-2.2276406910368016e-02
-2.2960618425155455e-02
-2.3674714548024427e-02
-2.4421430853602731e-02
-2.5202986896696949e-02
-2.6020024776943596e-02
-2.6876194824347152e-02
-2.7773822586925657e-02
-2.8714319312345169e-02
-2.9701903470327126e-02
-3.0739214254800588e-02
-3.1828801302606097e-02
-3.2975493827798151e-02
-3.4182415070889018e-02
-3.5453606942780359e-02
-3.6794719770567398e-02
-3.8209561917645546e-02
-3.9704147705400795e-02
-4.1285254639762882e-02
-4.2957677463424007e-02
-4.4730066526861768e-02
-4.6610642567222541e-02
-4.8606054263697109e-02
-5.0728114091621944e-02
-5.2986843765208506e-02
-5.5392834526685329e-02
-5.7961029389612950e-02
-6.0704580399475801e-02
-6.3639673713256573e-02
-6.6785842175909299e-02
-7.0160958536869489e-02
-7.3789317570163410e-02
-7.7697262913722517e-02
-8.1910281813312738e-02
-8.6464412864061924e-02
-9.1395709606285874e-02
-9.6744666846162855e-02
-1.0256241871598007e-01
-1.0890180866684711e-01
-1.1582715836267340e-01
-1.2341426924449785e-01
-1.3174407862940368e-01
-1.4092024579472559e-01
-1.5105948473151676e-01
-1.6229548557386805e-01
-1.7479641670998133e-01
-1.8875314771771631e-01
-2.0439826291239685e-01
-2.2201670958943809e-01
-2.4194254782652871e-01
-2.6459963507545042e-01
-2.9050452534558507e-01
-3.2029335717882745e-01
-3.5478534958514074e-01
-3.9495388748814636e-01
-4.4214836558889581e-01
-4.9810616388903028e-01
-5.6508896926941510e-01
-6.4617212041413596e-01
-7.4553916805942355e-01
-8.6901591304988501e-01
-1.0249471758746644e+00
-1.2253556003406059e+00
-1.4879809594648223e+00
-1.8412287370625826e+00
-2.3297780957893224e+00
-3.0242614858952344e+00
-4.0449984410682109e+00
-5.5712322367021017e+00
-7.7621898197760535e+00
-1.0109290592430801e+01
-1.0732916537416182e+01
-1.0026369341375979e+01
-9.1402021741973627e+00
-7.0885988339113135e+00
-4.6987593656240350e+00
-3.0970373752186813e+00
-2.1368895265674634e+00
-1.5463733705172873e+00
-1.1654644990119993e+00
-9.0767518412214232e-01
-7.2615630382777951e-01
-5.9389861858720072e-01
-5.0440873905775674e-01
-6.0568390816696938e-01
-7.3959439569243646e-01
-9.2135259749903153e-01
-1.1756837368422632e+00
-1.5438913158176681e+00
-2.0983896416126129e+00
-2.9618767120739178e+00
-4.3033343829214115e+00
-6.0368757633306132e+00
-6.9598205904472090e+00
0.0000000000000000e+00
2.4055929233035767e-01
0.0000000000000000e+00
0.0000000000000000e+00
];
