%Vec Object:sol 1 MPI processes
%  type: mpi
sol = [
0.0000000000000000e+00
-2.1941966798404984e+01
-1.7539272799647037e+01
-1.1826117621872617e+01
-7.6709526617628345e+00
-5.1719103191483899e+00
-3.6678289071533072e+00
-2.7145603939846854e+00
-2.0832689662444768e+00
-1.6463641413988022e+00
-1.3317799831065509e+00
-1.0985494646469951e+00
-9.2133389420362077e-01
-7.8367440880003525e-01
-6.7461395335800323e-01
-5.8678268855207294e-01
-5.1507719708837296e-01
-4.5577706558496972e-01
-4.0613864470586991e-01
-3.6422905735156080e-01
-3.2847590795731962e-01
-2.9773066456548536e-01
-2.7113923963926229e-01
-2.4799210863458962e-01
-2.2769609746555458e-01
-2.0980876878895333e-01
-1.9397660215151652e-01
-1.7988700900656890e-01
-1.6728433276749194e-01
-1.5598261885936315e-01
-1.4580723490809844e-01
-1.3659598576504989e-01
-1.2824797629320411e-01
-1.2065907209161117e-01
-1.1372553981132495e-01
-1.0738471506791696e-01
-1.0157321222789119e-01
-9.6225178965503450e-02
-9.1295709323116453e-02
-8.6746598541759951e-02
-8.2535016243085957e-02
-7.8626753648879569e-02
-7.4998860774903475e-02
-7.1622998884915468e-02
-6.8471846381983476e-02
-6.5531927571852069e-02
-6.2784285520320740e-02
-6.0206324501945817e-02
-5.7790556326262441e-02
-5.5523771576320519e-02
-5.3388201503588160e-02
-5.1378791282954736e-02
-4.9486286428526566e-02
-4.7697623026042663e-02
-4.6008119316479475e-02
-4.4411651719409521e-02
-4.2898498173623775e-02
-4.1464291211003181e-02
-4.0105060718143432e-02
-3.8813489455453334e-02
-3.7585508989434163e-02
-3.6418635799329031e-02
-3.5307300720086573e-02
-3.4247736415791000e-02
-3.3238484687230736e-02
-3.2275257189971755e-02
-3.1354594167301506e-02
-3.0475739598910534e-02
-2.9635348681986366e-02
-2.8830274667212309e-02
-2.8060235430401252e-02
-2.7322583544701913e-02
-2.6614487562483240e-02
-2.5935976592749467e-02
-2.5284918975450696e-02
-2.4658797191546018e-02
-2.4057835327935321e-02
-2.3480282421525233e-02
-2.2923930282638533e-02
-2.2389114490775935e-02
-2.1874363530968742e-02
-2.1377771186958192e-02
-2.0899724740798403e-02
-2.0438955810404929e-02
-1.9993850792567124e-02
-1.9564805858870760e-02
-1.9150697925873542e-02
-1.8750195146022913e-02
-1.8363672240770460e-02
-1.8447532256547529e-02
-1.8912437651136677e-02
-1.9394830427633441e-02
-1.9895074104521671e-02
-2.0413641665668968e-02
-2.0952339579891482e-02
-2.1511572424284160e-02
-2.2092157702297187e-02
-2.2696036458885974e-02
-2.3323659292680002e-02
-2.3976288479899525e-02
-2.4656021424907068e-02
-2.5363365123200223e-02
-2.6100149312311419e-02
-2.6868659267068842e-02
-2.7669476918388791e-02
-2.8505151526932216e-02
-2.9378201044054260e-02
-3.0289312621345422e-02
-3.1241945803527515e-02
-3.2238915110165030e-02
-3.3281060447155918e-02
-3.4372994124337856e-02
-3.5517670219715990e-02
-3.6716899812597625e-02
-3.7976015060225542e-02
-3.9298371449118533e-02
-4.0687215854939826e-02
-4.2148655500744134e-02
-4.3686662905485778e-02
-4.5306366538670248e-02
-4.7014914723416748e-02
-4.8817151716460179e-02
-5.0720692159314171e-02
-5.2734112052659488e-02
-5.4863508623282910e-02
-5.7119817368799300e-02
-5.9513442135341425e-02
-6.2052824269905771e-02
-6.4752884557199283e-02
-6.7626307498891203e-02
-7.0686501377668048e-02
-7.3952356916923631e-02
-7.7438585736984755e-02
-8.1166312875602609e-02
-8.5160973167422355e-02
-8.9445090238823785e-02
-9.4049236338796374e-02
-9.9006550571504481e-02
-1.0434910236286278e-01
-1.1012217187319567e-01
-1.1637105242636359e-01
-1.2314659159557503e-01
-1.3051293862138949e-01
-1.3853636166141028e-01
-1.4729746242883796e-01
-1.5689115742190021e-01
-1.6741873022321566e-01
-1.7900979271022255e-01
-1.9181015899655018e-01
-2.0598670985039275e-01
-2.2174918691422857e-01
-2.3933539615468594e-01
-2.5903483785650827e-01
-2.8120181930254473e-01
-3.0625118791430173e-01
-3.3470874875410234e-01
-3.6721441633694901e-01
-4.0455510974233594e-01
-4.4774287939093138e-01
-4.9804039987211701e-01
-5.5708125811641029e-01
-6.2700159229616570e-01
-7.1043971501714609e-01
-8.1118429383240376e-01
-9.3439207987123096e-01
-1.0871462256059903e+00
-1.2795656044718240e+00
-1.5263311000413078e+00
-1.8487248400773157e+00
-2.2801259514692265e+00
-2.8744402119991084e+00
-3.7152054079351178e+00
-4.9444085566558966e+00
-6.7734392560027565e+00
-9.3973512321243344e+00
-1.2223989008392181e+01
-1.2894920227390839e+01
-1.1868715523828708e+01
-1.0651726128247184e+01
-8.0590171299793560e+00
-5.2301834857873102e+00
-3.4085510769689926e+00
-2.3371837954636159e+00
-1.6849870099763604e+00
-1.2668149280607282e+00
-9.8493275955714821e-01
-7.8699978038937290e-01
-6.4306657406007739e-01
-5.4575683057769842e-01
-6.5528949575003304e-01
-8.0017110994852170e-01
-9.9690719632205071e-01
-1.2722778440307545e+00
-1.6716116690790106e+00
-2.2742851846555463e+00
-3.2179865375480321e+00
-4.7012393016982506e+00
-6.6728048194724625e+00
-7.7689547594530497e+00
0.0000000000000000e+00
1.3464638167935297e-01
0.0000000000000000e+00
0.0000000000000000e+00
];
