%Vec Object:sol 1 MPI processes
%  type: mpi
sol = [
0.0000000000000000e+00
-5.5889389516495285e+01
-3.1317960859937099e+01
-1.6185119092839852e+01
-9.2930384644590678e+00
-5.9137066007491459e+00
-4.0624104589983023e+00
-2.9512395160468849e+00
-2.2353216212705824e+00
-1.7495368561871707e+00
-1.4053433501979020e+00
-1.1524267576067191e+00
-9.6170422081507390e-01
-8.1443550194476910e-01
-6.9832403056318582e-01
-6.0519025553592809e-01
-5.2933305342500436e-01
-4.6679769864799942e-01
-4.1460037156611196e-01
-3.7064462158575373e-01
-3.3329006338265660e-01
-3.0122968816463808e-01
-2.7355092351871990e-01
-2.4949842863423050e-01
-2.2844224092571508e-01
-2.0991349106770754e-01
-1.9353809682465253e-01
-1.7898592228947346e-01
-1.6598746019642008e-01
-1.5434672884979764e-01
-1.4388004222760720e-01
-1.3441728625145391e-01
-1.2585233259652509e-01
-1.1807600092770340e-01
-1.1097938240142087e-01
-1.0449461646171267e-01
-9.8558573536585550e-02
-9.3102712682965522e-02
-8.8080026124764316e-02
-8.3450480830852519e-02
-7.9169580340177320e-02
-7.5201750302090212e-02
-7.1522865872257063e-02
-6.8103540302391699e-02
-6.4915586373874387e-02
-6.1944712311473596e-02
-5.9171268237267101e-02
-5.6572154440021526e-02
-5.4139262053489325e-02
-5.1858905246692483e-02
-4.9713049264969687e-02
-4.7696155883435551e-02
-4.5798629870284907e-02
-4.4007265997875356e-02
-4.2317034942185056e-02
-4.0721542908055311e-02
-3.9210998993958912e-02
-3.7780800705252325e-02
-3.6426745711815624e-02
-3.5141489173980363e-02
-3.3920819851566107e-02
-3.2762041613211251e-02
-3.1659580652491241e-02
-3.0609600617125386e-02
-2.9610440752417450e-02
-2.8657820748329975e-02
-2.7748269188435763e-02
-2.6880833049355998e-02
-2.6052182321004973e-02
-2.5259202337178686e-02
-2.4501417637090475e-02
-2.3776199567989622e-02
-2.3080780450391220e-02
-2.2414999625333099e-02
-2.1776747306712637e-02
-2.1163590755832393e-02
-2.0575568869308995e-02
-2.0010955956973060e-02
-1.9467640250184833e-02
-1.8945778241123076e-02
-1.8443928056330532e-02
-1.7960283297428610e-02
-1.7495060080984542e-02
-1.7047025387124215e-02
-1.6614661625454941e-02
-1.6198203586375377e-02
-1.5796570794606654e-02
-1.5408517305072165e-02
-1.5034268085049768e-02
-1.5046003794867239e-02
-1.5366759375877771e-02
-1.5698706430300371e-02
-1.6041951607803674e-02
-1.6396688682831926e-02
-1.6764214561984809e-02
-1.7144635096502877e-02
-1.7538392960419827e-02
-1.7946842300770940e-02
-1.8370085067911504e-02
-1.8808881572509865e-02
-1.9264650689104160e-02
-1.9737490357798777e-02
-2.0228560234827480e-02
-2.0739356822196409e-02
-2.1269977891287310e-02
-2.1822082208739789e-02
-2.2397263656253847e-02
-2.2995629618150916e-02
-2.3619460852650615e-02
-2.4270478704608498e-02
-2.4948819099753879e-02
-2.5657538227867541e-02
-2.6398337257561775e-02
-2.7171990822354705e-02
-2.7981947431190965e-02
-2.8830062094345549e-02
-2.9718056516518633e-02
-3.0649766935146091e-02
-3.1627323923042246e-02
-3.2653667221519661e-02
-3.3733162834662447e-02
-3.4868350412068941e-02
-3.6063748597888759e-02
-3.7324462829025053e-02
-3.8653644155323352e-02
-4.0057884650594504e-02
-4.1543215765185874e-02
-4.3114084575606400e-02
-4.4779473282516455e-02
-4.6546523684577706e-02
-4.8422695961339988e-02
-5.0419116064088582e-02
-5.2545030056349674e-02
-5.4812109853569123e-02
-5.7234641243489634e-02
-5.9825078498618817e-02
-6.2601110199932752e-02
-6.5581715380836986e-02
-6.8784619665028926e-02
-7.2236080503119818e-02
-7.5961654852354649e-02
-7.9989958376603984e-02
-8.4357772567913825e-02
-8.9102300005850010e-02
-9.4269287718232661e-02
-9.9912731639046404e-02
-1.0608937060321111e-01
-1.1287301593645106e-01
-1.2034583254695126e-01
-1.2859740153330720e-01
-1.3775025415147146e-01
-1.4793841112351061e-01
-1.5932531073561626e-01
-1.7211139852365973e-01
-1.8653031324336852e-01
-2.0287975335986067e-01
-2.2152158077611170e-01
-2.4290059196875746e-01
-2.6759088176630913e-01
-2.9630816613114708e-01
-3.2998044032765239e-01
-3.6982356988910831e-01
-4.1742568750563924e-01
-4.7494954877731854e-01
-5.4533758445760572e-01
-6.3267204276914102e-01
-7.4270998107863573e-01
-8.8406017776978130e-01
-1.0695568194165130e+00
-1.3190444010850222e+00
-1.6636759351385149e+00
-2.1545459938770914e+00
-2.8748773981031288e+00
-3.9471465224599842e+00
-5.4592178058933145e+00
-7.0006936891877674e+00
-7.3932784262516318e+00
-7.0022893753462094e+00
-6.5012650837631760e+00
-5.2627188519461585e+00
-3.6392073234859388e+00
-2.4559346978601826e+00
-1.7154180744208367e+00
-1.2498839486966216e+00
-9.4542223935369818e-01
-7.3784260175981375e-01
-5.9089265507046806e-01
-4.8343222252334711e-01
-4.1047075293669172e-01
-4.9183389798296057e-01
-5.9920486171628273e-01
-7.4453004716603488e-01
-9.4705145309835248e-01
-1.2384639921036806e+00
-1.6725754231641259e+00
-2.3352244944984286e+00
-3.3215091391229055e+00
-4.4819029722988448e+00
-5.0230624672823589e+00
0.0000000000000000e+00
1.3464638167935297e-01
0.0000000000000000e+00
0.0000000000000000e+00
];
