%Vec Object:sol 1 MPI processes
%  type: mpi
sol = [
0.0000000000000000e+00
-1.5622589341383241e+01
-1.2493337884074725e+01
-8.5373630801107971e+00
-5.6303275455832731e+00
-3.8470711195713778e+00
-2.7538162777044133e+00
-2.0533130812480462e+00
-1.5839059393758064e+00
-1.2565501413636038e+00
-1.0200565057080324e+00
-8.4368917946480004e-01
-7.0904172201778648e-01
-6.0411731706290150e-01
-5.2077067973775004e-01
-4.5349837575029506e-01
-3.9847494032348368e-01
-3.5289744936978101e-01
-3.1469084440693973e-01
-2.8239402782430717e-01
-2.5485329293263054e-01
-2.3114137227187284e-01
-2.1061135072697154e-01
-1.9272375875810085e-01
-1.7702544552658975e-01
-1.6317921574429203e-01
-1.5091544633049728e-01
-1.3999442360351100e-01
-1.3021649550735767e-01
-1.2144059358508461e-01
-1.1353608463881196e-01
-1.0637736986591975e-01
-9.9887379189531264e-02
-9.3985744379834507e-02
-8.8591860121227869e-02
-8.3657742228655713e-02
-7.9134456171960257e-02
-7.4970775176042490e-02
-7.1132080090838060e-02
-6.7588936440491035e-02
-6.4308011236566751e-02
-6.1262759791087459e-02
-5.8435570713436046e-02
-5.5804392788548603e-02
-5.3347902985204448e-02
-5.1055833650584741e-02
-4.8913445255419692e-02
-4.6903018761270961e-02
-4.5018924381078261e-02
-4.3250894018654590e-02
-4.1584963177473455e-02
-4.0017343073099877e-02
-3.8540845805047470e-02
-3.7145203450123926e-02
-3.5826851708540962e-02
-3.4581050979062916e-02
-3.3400160406789753e-02
-3.2280817516726193e-02
-3.1219965418547293e-02
-3.0211854285082041e-02
-2.9253327075514077e-02
-2.8342487060595698e-02
-2.7474959110268905e-02
-2.6647803686938063e-02
-2.5859922791721546e-02
-2.5107948454086058e-02
-2.4389170759669055e-02
-2.3703037272784624e-02
-2.3046921740088506e-02
-2.2418352913238192e-02
-2.1817145172663980e-02
-2.1241220225450729e-02
-2.0688350511225383e-02
-2.0158589943550874e-02
-1.9650265235213484e-02
-1.9161393565746386e-02
-1.8692177547982761e-02
-1.8241242605792841e-02
-1.7806848445649223e-02
-1.7389281236672632e-02
-1.6987385457130910e-02
-1.6599658434149730e-02
-1.6226423359853817e-02
-1.5866683762777556e-02
-1.5519167763999853e-02
-1.5184202337763656e-02
-1.4860904618160021e-02
-1.4548225262434274e-02
-1.4246471572272611e-02
-1.4309664489246253e-02
-1.4668374891615781e-02
-1.5040577756039175e-02
-1.5426542903694411e-02
-1.5826626205824697e-02
-1.6242241231856872e-02
-1.6673687264055985e-02
-1.7121590204315033e-02
-1.7587465999642522e-02
-1.8071646699100292e-02
-1.8575106722676177e-02
-1.9099480879063442e-02
-1.9645141452239244e-02
-2.0213507332238687e-02
-2.0806356180171046e-02
-2.1424114257863686e-02
-2.2068763782434764e-02
-2.2742259510930903e-02
-2.3445104422755148e-02
-2.4179993108956802e-02
-2.4949106446250167e-02
-2.5753060206224691e-02
-2.6595450709614041e-02
-2.7478558885637366e-02
-2.8403758299231262e-02
-2.9375201724012524e-02
-3.0395474859878934e-02
-3.1467072905240819e-02
-3.2594745550057792e-02
-3.3781550454064953e-02
-3.5031452211952405e-02
-3.6350003516870545e-02
-3.7740930914845400e-02
-3.9210140003703736e-02
-4.0764286466265474e-02
-4.2408060880425875e-02
-4.4149961598948399e-02
-4.5998056035924322e-02
-4.7958852443732922e-02
-5.0043955946140792e-02
-5.2263194321577645e-02
-5.4626950993847317e-02
-5.7149899030416965e-02
-5.9844932877030833e-02
-6.2727933314608103e-02
-6.5818072838243022e-02
-6.9132872639054363e-02
-7.2696178367699926e-02
-7.6533840533731815e-02
-8.0670847880960059e-02
-8.5142578119514992e-02
-8.9984400536178039e-02
-9.5236040592870261e-02
-1.0094768582491907e-01
-1.0717117728529404e-01
-1.1396963591984260e-01
-1.2141745555117608e-01
-1.2959404663607846e-01
-1.3860115629893027e-01
-1.4855333288991454e-01
-1.5958178224807273e-01
-1.7185159016740989e-01
-1.8554988771050068e-01
-2.0089100547655667e-01
-2.1816420987079782e-01
-2.3769724532879799e-01
-2.5990499392687388e-01
-2.8529298164349542e-01
-3.1448366392201332e-01
-3.4827864148327159e-01
-3.8767953921892206e-01
-4.3398420674172100e-01
-4.8889258258583040e-01
-5.5462719911459446e-01
-6.3421093645705162e-01
-7.3175715303477651e-01
-8.5299604635335180e-01
-1.0058072081529945e+00
-1.2022491498429682e+00
-1.4602097824895395e+00
-1.8073284715091071e+00
-2.2863663289657281e+00
-2.9691810780247114e+00
-3.9714583685035687e+00
-5.4710747037124436e+00
-7.6246984674462208e+00
-9.9276785908254599e+00
-1.0542536233182847e+01
-9.8592763102046028e+00
-8.9983215420654954e+00
-6.9945873318577156e+00
-4.6456758939921219e+00
-3.0654522236446549e+00
-2.1163163480497404e+00
-1.5320392132239058e+00
-1.1548529811062744e+00
-8.9953151566256395e-01
-7.1970719230679481e-01
-5.8865789130854973e-01
-4.9995431561961845e-01
-6.0029455440918478e-01
-7.3298034584348237e-01
-9.1306526725251258e-01
-1.1649878861274707e+00
-1.5296676743152904e+00
-2.0786102649836806e+00
-2.9330131096120202e+00
-4.2580735226304922e+00
-5.9646247583010208e+00
-6.8682509199226800e+00
0.0000000000000000e+00
2.4055929233035767e-01
0.0000000000000000e+00
0.0000000000000000e+00
];
