%Vec Object:sol 1 MPI processes
%  type: mpi
sol = [
0.0000000000000000e+00
-2.2015276633732885e+01
-1.7583328718029435e+01
-1.1845549591870094e+01
-7.6794897894147649e+00
-5.1761281601951650e+00
-3.6701144829082972e+00
-2.7160863727349107e+00
-2.0843543944625100e+00
-1.6471722766508161e+00
-1.3323002015295047e+00
-1.0989592276315043e+00
-9.2166318470145570e-01
-7.8394328377673406e-01
-6.7483630612342438e-01
-5.8696848450107564e-01
-5.1523379319566276e-01
-4.5590998749260225e-01
-4.0625210980461485e-01
-3.6430043204740126e-01
-3.2853528273906241e-01
-2.9778103373748249e-01
-2.7118195381090543e-01
-2.4802827391619792e-01
-2.2772662083870926e-01
-2.0983440789070140e-01
-1.9399799529199249e-01
-1.7990469263903869e-01
-1.6729876111765182e-01
-1.5599418325242476e-01
-1.4581627073125172e-01
-1.3660277970699641e-01
-1.2825277973583379e-01
-1.2066210357293339e-01
-1.1372698850153848e-01
-1.0738474826433760e-01
-1.0157197717471857e-01
-9.6222804845521870e-02
-9.1292310872949090e-02
-8.6742277796395525e-02
-8.2529863714577725e-02
-7.8620850152517963e-02
-7.4992278675718352e-02
-7.1615802933197151e-02
-6.8464094825002125e-02
-6.5523672732736640e-02
-6.2775574493110525e-02
-6.0197200138233119e-02
-5.7781057074339441e-02
-5.5513932180263750e-02
-5.3378053994622407e-02
-5.1368364339104682e-02
-4.9475606027503824e-02
-4.7686713348356460e-02
-4.5997002079587970e-02
-4.4400346553029303e-02
-4.2887023498744778e-02
-4.1452663687193962e-02
-4.0093295307391433e-02
-3.8801600292998395e-02
-3.7573509003414926e-02
-3.6406536472918839e-02
-3.5295112961789929e-02
-3.4235470360549386e-02
-3.3226149194472650e-02
-3.2262860714928440e-02
-3.1342144725568871e-02
-3.0463244050083688e-02
-2.9622813599056583e-02
-2.8817706438547124e-02
-2.8047639377012757e-02
-2.7309964786129844e-02
-2.6601851222177255e-02
-2.5923326798146285e-02
-2.5272259718419812e-02
-2.4646132599963001e-02
-2.4045168596485957e-02
-2.3467616664683433e-02
-2.2911268835007801e-02
-2.2376459813383411e-02
-2.1861718054995330e-02
-2.1365137606852054e-02
-2.0887104937242277e-02
-2.0426351683205557e-02
-1.9981264512954313e-02
-1.9552238846183501e-02
-1.9138151668357927e-02
-1.8737671381568951e-02
-1.8351172020425875e-02
-1.8434739878870322e-02
-1.8899082569208876e-02
-1.9380888902723339e-02
-1.9880521479043445e-02
-2.0398452283554757e-02
-2.0936485877742123e-02
-2.1495025779348559e-02
-2.2074888141285519e-02
-2.2678011826428056e-02
-2.3304846208708638e-02
-2.3956651745498055e-02
-2.4635523336847195e-02
-2.5341966555625685e-02
-2.6077808701826230e-02
-2.6845332162404176e-02
-2.7645117201451658e-02
-2.8479709833045045e-02
-2.9351624654286246e-02
-3.0261546840821892e-02
-3.1212931636375906e-02
-3.2208589628157598e-02
-3.3249358345495063e-02
-3.4339844423664036e-02
-3.5482997494444869e-02
-3.6680625076568184e-02
-3.7938052513295024e-02
-3.9258630024976961e-02
-4.0645599180383171e-02
-4.2105059067487509e-02
-4.3640975806466677e-02
-4.5258470202038381e-02
-4.6964680711217739e-02
-4.8764443664667409e-02
-5.0665362836365559e-02
-5.2676002047898469e-02
-5.4802448316503591e-02
-5.7055622243883788e-02
-5.9445912340862307e-02
-6.1981746413343530e-02
-6.4678024484738902e-02
-6.7547470627028622e-02
-7.0601332718845056e-02
-7.3859959973128275e-02
-7.7340180387141994e-02
-8.1062365134496633e-02
-8.5051076117282506e-02
-8.9328801791204837e-02
-9.3926068771119878e-02
-9.8875966347582445e-02
-1.0421051436758882e-01
-1.0997492611419733e-01
-1.1621442659823060e-01
-1.2297978683558872e-01
-1.3033506131635259e-01
-1.3834641902796074e-01
-1.4709434261710719e-01
-1.5667360920789258e-01
-1.6718535273529231e-01
-1.7875899671635589e-01
-1.9154014342114442e-01
-2.0569543197617707e-01
-2.2143430383887908e-01
-2.3899422552426414e-01
-2.5866428774249928e-01
-2.8079830083170876e-01
-3.0581053451513790e-01
-3.3422606963426438e-01
-3.6668394813019473e-01
-4.0397002845822710e-01
-4.4709501407710139e-01
-4.9731992309146100e-01
-5.5627623228676348e-01
-6.2609736584558651e-01
-7.0937225950523142e-01
-8.0997202155953041e-01
-9.3300544886113868e-01
-1.0855473153915107e+00
-1.2777049061498338e+00
-1.5241429326086648e+00
-1.8460151149075648e+00
-2.2768637808752223e+00
-2.8704498394097340e+00
-3.7100551876330434e+00
-4.9376594383477572e+00
-6.7644838272236356e+00
-9.3854723421658370e+00
-1.2208819387540258e+01
-1.2879347906413702e+01
-1.1855456905541166e+01
-1.0640841075058672e+01
-8.0520884552453325e+00
-5.2263654217862836e+00
-3.4062835404634328e+00
-2.3357266144167621e+00
-1.6839680557965526e+00
-1.2660613250435335e+00
-9.8435627419275440e-01
-7.8654397639196949e-01
-6.4269663673751887e-01
-5.4544162304324550e-01
-6.5490963274632952e-01
-7.9970551753124919e-01
-9.9632469824643943e-01
-1.2715254299654650e+00
-1.6706155921347676e+00
-2.2729034175070018e+00
-3.2159672757695188e+00
-4.6980938083015502e+00
-6.6677427197486869e+00
-7.7624601396759383e+00
0.0000000000000000e+00
1.3464638167935297e-01
0.0000000000000000e+00
0.0000000000000000e+00
];
