%Vec Object:sol 1 MPI processes
%  type: mpi
sol = [
0.0000000000000000e+00
-1.4970606167945485e+01
-1.2078083754594568e+01
-8.3336245760201724e+00
-5.5290238365021951e+00
-3.7909176846542287e+00
-2.7179440471064829e+00
-2.0298770172876566e+00
-1.5668866850263663e+00
-1.2436732426235317e+00
-1.0100041183505200e+00
-8.3584652968925222e-01
-7.0286932996586726e-01
-5.9905165244532133e-01
-5.1652082561337243e-01
-4.4989281767113803e-01
-3.9538637549665478e-01
-3.5022982574996853e-01
-3.1237055712729972e-01
-2.8036312053088513e-01
-2.5306582219725698e-01
-2.2956076951799920e-01
-2.0920765918662185e-01
-1.9147239256927120e-01
-1.7590620754893777e-01
-1.6217520046509915e-01
-1.5001236984084695e-01
-1.3918022221090393e-01
-1.2948431599703147e-01
-1.2078408504219039e-01
-1.1294651218614372e-01
-1.0584731839333333e-01
-9.9410364285393696e-02
-9.3556148460093663e-02
-8.8204854563060611e-02
-8.3309055536509261e-02
-7.8820332491778347e-02
-7.4687939688187252e-02
-7.0877623352698219e-02
-6.7360263296304249e-02
-6.4102830354345372e-02
-6.1079030322897430e-02
-5.8271449491953196e-02
-5.5658234366430408e-02
-5.3218239563162906e-02
-5.0941325165739036e-02
-4.8812883864563859e-02
-4.6815334624755199e-02
-4.4942910228200218e-02
-4.3185099535433501e-02
-4.1528664134783851e-02
-3.9969866851312125e-02
-3.8501575817549628e-02
-3.7113580068810215e-02
-3.5802355757365428e-02
-3.4563203567054397e-02
-3.3388523644995463e-02
-3.2274985249875245e-02
-3.1219561269599443e-02
-3.0216531849371453e-02
-2.9262764735882199e-02
-2.8356385891256174e-02
-2.7493042417893160e-02
-2.6669813993471330e-02
-2.5885620461649734e-02
-2.5137110566496264e-02
-2.4421589132752088e-02
-2.3738518199258846e-02
-2.3085284247622326e-02
-2.2459427148512557e-02
-2.1860773388545744e-02
-2.1287254487465986e-02
-2.0736651099995999e-02
-2.0209027542432922e-02
-1.9702718148875652e-02
-1.9215746019218174e-02
-1.8748322901948142e-02
-1.8299080155644559e-02
-1.7866281634325479e-02
-1.7450221660399806e-02
-1.7049749308669569e-02
-1.6663364732555100e-02
-1.6291398474471502e-02
-1.5932857559815650e-02
-1.5586472005820839e-02
-1.5252575443963468e-02
-1.4930287567401425e-02
-1.4618560340110252e-02
-1.4317707089374444e-02
-1.4383580617115772e-02
-1.4746562691875761e-02
-1.5123225128536285e-02
-1.5513845939165664e-02
-1.5918789689811707e-02
-1.6339484117615165e-02
-1.6776238005403656e-02
-1.7229688553513270e-02
-1.7701368282523826e-02
-1.8191620295782779e-02
-1.8701433816269264e-02
-1.9232463058908807e-02
-1.9785093224360843e-02
-2.0360762696690685e-02
-2.0961271921259541e-02
-2.1587062367955101e-02
-2.2240141953770654e-02
-2.2922492329180578e-02
-2.3634634565015706e-02
-2.4379297129911746e-02
-2.5158692882734195e-02
-2.5973459390801399e-02
-2.6827237618895772e-02
-2.7722345398589233e-02
-2.8660187477811603e-02
-2.9644970941989906e-02
-3.0679325739828893e-02
-3.1765792104795132e-02
-3.2909185480307662e-02
-3.4112617778557133e-02
-3.5380117544472678e-02
-3.6717318209573940e-02
-3.8128014010343117e-02
-3.9618200464922045e-02
-4.1194634010088167e-02
-4.2862091409433666e-02
-4.4629196722011315e-02
-4.6504144183748035e-02
-4.8493558235794508e-02
-5.0609215493052466e-02
-5.2861104170281580e-02
-5.5259779621184293e-02
-5.7820138199334459e-02
-6.0555287471944060e-02
-6.3481360849597046e-02
-6.6617828922656705e-02
-6.9982503761225862e-02
-7.3599602564897948e-02
-7.7495383819543490e-02
-8.1695248753645422e-02
-8.6235121833559067e-02
-9.1150938510123306e-02
-9.6483060835672527e-02
-1.0228245955774611e-01
-1.0860180520634678e-01
-1.1550521229019771e-01
-1.2306823941617648e-01
-1.3137156062251179e-01
-1.4051850539222929e-01
-1.5062541432455062e-01
-1.6182554927030987e-01
-1.7428654736299443e-01
-1.8819867264448753e-01
-2.0379377701672427e-01
-2.2135591642344318e-01
-2.4121810672156710e-01
-2.6380289419139591e-01
-2.8962524270977352e-01
-3.1931934558696390e-01
-3.5366552998525741e-01
-3.9369570197921250e-01
-4.4073664437908744e-01
-4.9651342166810009e-01
-5.6328099196503545e-01
-6.4410568273324131e-01
-7.4315899440559274e-01
-8.6625026853187270e-01
-1.0217012492703150e+00
-1.2213675574362941e+00
-1.4831906092782947e+00
-1.8353851090514330e+00
-2.3223566628380152e+00
-3.0147781266931650e+00
-4.0323473573504653e+00
-5.5540237475188858e+00
-7.7386084247695495e+00
-1.0078197621483080e+01
-1.0700584568437602e+01
-9.9978447128198518e+00
-9.1160360353203842e+00
-7.0726025398990968e+00
-4.6897376476236241e+00
-3.0916726644167349e+00
-2.1334155950680294e+00
-1.5439400144108009e+00
-1.1636731366119473e+00
-9.0629311953618352e-01
-7.2506199493688117e-01
-5.9300947519410385e-01
-5.0365626966965837e-01
-6.0476970787719286e-01
-7.3847260200435527e-01
-9.1994721230304610e-01
-1.1738773058327954e+00
-1.5414798803597449e+00
-2.0950368929162790e+00
-2.9569853726914377e+00
-4.2956653711853123e+00
-6.0246309507380316e+00
-6.9442927661160470e+00
0.0000000000000000e+00
2.4055929233035767e-01
0.0000000000000000e+00
0.0000000000000000e+00
];
