%Vec Object:sol 1 MPI processes
%  type: mpi
sol = [
0.0000000000000000e+00
-4.0148006199401337e+01
-2.3885760354422658e+01
-1.2895918269335938e+01
-7.5736219743223927e+00
-4.8807780861287835e+00
-3.3778065017208321e+00
-2.4658063444539673e+00
-1.8740140085092334e+00
-1.4702846670055625e+00
-1.1827308739883533e+00
-9.7110736690802535e-01
-8.1110287696539973e-01
-6.8729942007570388e-01
-5.8950082024474382e-01
-5.1090025185603549e-01
-4.4689826704999980e-01
-3.9409123569503041e-01
-3.4997856197137495e-01
-3.1280750521414369e-01
-2.8120233435167519e-01
-2.5406387577480860e-01
-2.3062616898270938e-01
-2.1025342904698088e-01
-1.9241418175924524e-01
-1.7671328838242018e-01
-1.6283532815263957e-01
-1.5050122986784256e-01
-1.3948309480104623e-01
-1.2961555386524176e-01
-1.2074267027418240e-01
-1.1271770495740130e-01
-1.0545470053307758e-01
-9.8861091275399826e-02
-9.2844841674709008e-02
-8.7350273289972011e-02
-8.2321121480462403e-02
-7.7699156562163280e-02
-7.3444577056332574e-02
-6.9523473225595503e-02
-6.5898076683385945e-02
-6.2538218079260327e-02
-5.9423460602199649e-02
-5.6528860680259023e-02
-5.3830498008857114e-02
-5.1316258464313730e-02
-4.8969461097325466e-02
-4.6770509133282533e-02
-4.4712515311611342e-02
-4.2783858335403248e-02
-4.0969252797705157e-02
-3.9263979294151471e-02
-3.7659886803065284e-02
-3.6145793666427908e-02
-3.4717412622820222e-02
-3.3369304879210797e-02
-3.2093187520715452e-02
-3.0885142110845802e-02
-2.9741583640692987e-02
-2.8656303883664472e-02
-2.7625725735845645e-02
-2.6647536164976351e-02
-2.5717027700136175e-02
-2.4830951019598480e-02
-2.3987865990777481e-02
-2.3184160342104285e-02
-2.2416903150412865e-02
-2.1685250015483735e-02
-2.0986392663520648e-02
-2.0317710317248175e-02
-1.9678759888180557e-02
-1.9067326209176626e-02
-1.8481088657574411e-02
-1.7919868363244967e-02
-1.7381888974509454e-02
-1.6865117928664814e-02
-1.6369543814604967e-02
-1.5893715405349833e-02
-1.5435874419796932e-02
-1.4996108392682709e-02
-1.4573206858458457e-02
-1.4165670705259840e-02
-1.3773638193919725e-02
-1.3396076749428549e-02
-1.3031730571364423e-02
-1.2680754827109493e-02
-1.2342247787514372e-02
-1.2015180710869700e-02
-1.1699702334680017e-02
-1.1684784547954586e-02
-1.1908923965841763e-02
-1.2140295186067008e-02
-1.2378884475387356e-02
-1.2624744135275543e-02
-1.2878789414768091e-02
-1.3140987072630332e-02
-1.3411564713288502e-02
-1.3691454287168772e-02
-1.3980596398670690e-02
-1.4279440341925626e-02
-1.4588934580523969e-02
-1.4908988298030371e-02
-1.5240326050305033e-02
-1.5583915264047715e-02
-1.5939629819526364e-02
-1.6308533820842096e-02
-1.6691619041739825e-02
-1.7088722592610957e-02
-1.7501325586712614e-02
-1.7930454333996843e-02
-1.8375911721910713e-02
-1.8839690475456285e-02
-1.9322723791562746e-02
-1.9825223171344247e-02
-2.0349376105787641e-02
-2.0896134108068804e-02
-2.1466317346802832e-02
-2.2062274153383264e-02
-2.2685036127147812e-02
-2.3336189724971163e-02
-2.4018309287262143e-02
-2.4732564964749931e-02
-2.5481513694793831e-02
-2.6268054715055760e-02
-2.7093587794593716e-02
-2.7961915907069486e-02
-2.8876321973539232e-02
-2.9838846343322647e-02
-3.0854648648330530e-02
-3.1927422157535523e-02
-3.3060940914465202e-02
-3.4261387061262714e-02
-3.5533414253038839e-02
-3.6883166791432220e-02
-3.8318346216231779e-02
-3.9845102494100754e-02
-4.1472891676221209e-02
-4.3211672473920264e-02
-4.5070148528512509e-02
-4.7062364233535478e-02
-4.9201328329314217e-02
-5.1501517287845244e-02
-5.3982159533890767e-02
-5.6661938492242110e-02
-5.9564278715433031e-02
-6.2716914161052004e-02
-6.6148114606519912e-02
-6.9895785326023141e-02
-7.4001615526133324e-02
-7.8512663825529003e-02
-8.3489662182496607e-02
-8.8999900266727591e-02
-9.5125990370844057e-02
-1.0196692741612103e-01
-1.0964140123366056e-01
-1.1830050871857144e-01
-1.2812677577036405e-01
-1.3934415746376683e-01
-1.5224336648582462e-01
-1.6718583398026129e-01
-1.8464145263690948e-01
-2.0522701118653339e-01
-2.2974766924151499e-01
-2.5930301511614406e-01
-2.9538850580616732e-01
-3.4008681080145375e-01
-3.9637953212411364e-01
-4.6858465966694129e-01
-5.6314749745614201e-01
-6.8986630685270656e-01
-8.6369263188745427e-01
-1.1080638055595764e+00
-1.4570359246562701e+00
-1.9486523042080910e+00
-2.5756213705093858e+00
-3.1692129832155564e+00
-3.5289033709053781e+00
-3.7857722754788488e+00
-4.0365019019412545e+00
-3.8944414274426555e+00
-3.1460129719616412e+00
-2.3448164883382234e+00
-1.7515835314120853e+00
-1.3432025993315793e+00
-1.0602419879096108e+00
-8.5882172652885769e-01
-7.1104820313791872e-01
-5.9973267318180101e-01
-5.2386915870142892e-01
-6.4558300972604599e-01
-8.0788095508244528e-01
-1.0299656811250357e+00
-1.3436441114905318e+00
-1.8029521615924098e+00
-2.5039263907347022e+00
-3.6188413217270643e+00
-5.4207035320013963e+00
-7.9696271859586387e+00
-9.5684902550044502e+00
0.0000000000000000e+00
2.4055929233035767e-01
0.0000000000000000e+00
0.0000000000000000e+00
];
