%Vec Object:sol 1 MPI processes
%  type: mpi
sol = [
0.0000000000000000e+00
-2.5686236676349093e+01
-1.8076730351016817e+01
-1.0932022673173583e+01
-6.7518217292046998e+00
-4.4596655123043067e+00
-3.1304159048569056e+00
-2.3053123579482295e+00
-1.7635353855894187e+00
-1.3897930337745155e+00
-1.1223445961544785e+00
-9.2455249550395435e-01
-7.7443207754765875e-01
-6.5791689385092367e-01
-5.6558216875214873e-01
-4.9125133902127621e-01
-4.3061306227935930e-01
-3.8049882008050168e-01
-3.3857391226767186e-01
-3.0319814679570628e-01
-2.7308153869912982e-01
-2.4719129292476458e-01
-2.2480679560825745e-01
-2.0532905188049722e-01
-1.8825651682643776e-01
-1.7321598977201003e-01
-1.5990934194226236e-01
-1.4807238049063640e-01
-1.3748911815561049e-01
-1.2800294424628064e-01
-1.1946635090024911e-01
-1.1174213981912857e-01
-1.0474546164378547e-01
-9.8388385793078584e-02
-9.2583192877866288e-02
-8.7277143073718810e-02
-8.2416763304758542e-02
-7.7945434479318620e-02
-7.3825452072401751e-02
-7.0025710822650189e-02
-6.6510026798353619e-02
-6.3249527038512068e-02
-6.0224825473561699e-02
-5.7412004087567553e-02
-5.4788037596737782e-02
-5.2341519211879226e-02
-5.0056456387337106e-02
-4.7913859917643617e-02
-4.5907349657335818e-02
-4.4025784392446067e-02
-4.2254276828326449e-02
-4.0588493281820938e-02
-3.9020626839917721e-02
-3.7539757427716328e-02
-3.6141888839299072e-02
-3.4821841594885841e-02
-3.3571506702006107e-02
-3.2387178965149539e-02
-3.1265480385341118e-02
-3.0200319966441617e-02
-2.9188269879139313e-02
-2.8227191767376310e-02
-2.7312458229295934e-02
-2.6440917396681498e-02
-2.5611283478393695e-02
-2.4819999432489633e-02
-2.4064190587084186e-02
-2.3343153627481034e-02
-2.2654118657660826e-02
-2.1994488655867058e-02
-2.1363952665210635e-02
-2.0760321968915484e-02
-2.0181274916129088e-02
-1.9626758094378628e-02
-1.9095012576304398e-02
-1.8583986820109925e-02
-1.8093789215825856e-02
-1.7622978513264029e-02
-1.7169765573990310e-02
-1.6734352276076333e-02
-1.6315531382141119e-02
-1.5911766427556664e-02
-1.5523304280061566e-02
-1.5149108977361301e-02
-1.4787885666022640e-02
-1.4439891791823390e-02
-1.4104215380276871e-02
-1.3779791192192943e-02
-1.3466863178941840e-02
-1.3499369614375379e-02
-1.3809852206282027e-02
-1.4131630213128380e-02
-1.4464873013804277e-02
-1.4809830117071933e-02
-1.5167750356261516e-02
-1.5538815870058236e-02
-1.5923515619860093e-02
-1.6323171313107076e-02
-1.6737977896628491e-02
-1.7168731650561275e-02
-1.7616838181513467e-02
-1.8082508609672133e-02
-1.8566928412598487e-02
-1.9071604093909907e-02
-1.9596771035598558e-02
-2.0144104688186535e-02
-2.0715237346636703e-02
-2.1310443634170714e-02
-2.1932014346709831e-02
-2.2581744075715893e-02
-2.3259972061898053e-02
-2.3969762526130912e-02
-2.4712945958863954e-02
-2.5490505796772301e-02
-2.6305943143762767e-02
-2.7161299366031420e-02
-2.8058512291500973e-02
-2.9001536535055338e-02
-2.9992757833027284e-02
-3.1035353959997583e-02
-3.2133893958695842e-02
-3.3291260694863808e-02
-3.4512256274310947e-02
-3.5802299865322920e-02
-3.7165001524746603e-02
-3.8607317297467900e-02
-4.0135745906706363e-02
-4.1755335459314293e-02
-4.3475580551280799e-02
-4.5304306874538944e-02
-4.7249744478412403e-02
-4.9323797164755386e-02
-5.1536681852347062e-02
-5.3901115915801684e-02
-5.6432546234791110e-02
-5.9144815261069558e-02
-6.2057106345296022e-02
-6.5190130445024100e-02
-6.8563628066328597e-02
-7.2206085709841758e-02
-7.6145673411275316e-02
-8.0413997866506215e-02
-8.5051286783637978e-02
-9.0098745796084734e-02
-9.5606763256599739e-02
-1.0163477953502101e-01
-1.0824585715027575e-01
-1.1552132103390397e-01
-1.2355245566018934e-01
-1.3244363643569323e-01
-1.4232667489781367e-01
-1.5335071197770248e-01
-1.6569771128838306e-01
-1.7959080527514940e-01
-1.9529112775022114e-01
-2.1311732806402237e-01
-2.3348183382000248e-01
-2.5688264167938601e-01
-2.8396038781172139e-01
-3.1551532889090594e-01
-3.5258525842857852e-01
-3.9653049947662472e-01
-4.4913014830907283e-01
-5.1280678206317687e-01
-5.9085921156500698e-01
-6.8788683246555371e-01
-8.1048709124457918e-01
-9.6802917241699837e-01
-1.1750323509103566e+00
-1.4538401146700743e+00
-1.8399434396475554e+00
-2.3901349084440886e+00
-3.1998841107077145e+00
-4.4096437387256735e+00
-6.1327992658233716e+00
-7.9339032641990528e+00
-8.4251890816092416e+00
-7.9686504423150941e+00
-7.3705825346067781e+00
-5.8867092117792712e+00
-4.0107795724258883e+00
-2.6841262687235901e+00
-1.8667683900730307e+00
-1.3571850340374425e+00
-1.0254185834278047e+00
-7.9991599980973749e-01
-6.4056447633270186e-01
-5.2412809441547237e-01
-4.4518393567760201e-01
-5.3405766465746607e-01
-6.5146954003636082e-01
-8.1061435943900373e-01
-1.0327248774231657e+00
-1.3533726336289913e+00
-1.8333743844628283e+00
-2.5727917025888138e+00
-3.6943840236423968e+00
-5.0679207301838050e+00
-5.7450186439692628e+00
0.0000000000000000e+00
2.4055929233035767e-01
0.0000000000000000e+00
0.0000000000000000e+00
];
