%Vec Object:sol 1 MPI processes
%  type: mpi
sol = [
0.0000000000000000e+00
-2.0433676387476108e+01
-1.5345994678410642e+01
-9.8317669377255221e+00
-6.2524921515780179e+00
-4.1909378873714003e+00
-2.9655758787862077e+00
-2.1962233287814157e+00
-1.6857720957252207e+00
-1.3321999865408458e+00
-1.0781988609758277e+00
-8.8977681783273088e-01
-7.4643030676480571e-01
-6.3483209662205176e-01
-5.4634364115132539e-01
-4.7504787856245434e-01
-4.1682224469437817e-01
-3.6865637054747319e-01
-3.2832778209356045e-01
-2.9427338831292987e-01
-2.6526194042984053e-01
-2.4030619415323679e-01
-2.1871714246769899e-01
-1.9992138116833061e-01
-1.8343821946004582e-01
-1.6890990220891725e-01
-1.5605051218755364e-01
-1.4460637384635494e-01
-1.3436997937926834e-01
-1.2519097553605144e-01
-1.1692754486416443e-01
-1.0944759077134057e-01
-1.0266963592271099e-01
-9.6509048379930962e-02
-9.0881299642452146e-02
-8.5734229608606716e-02
-8.1016742047716389e-02
-7.6676516884250756e-02
-7.2677043627660448e-02
-6.8987257927930951e-02
-6.5572202315178615e-02
-6.2404000629432431e-02
-5.9464015117788115e-02
-5.6729129187946294e-02
-5.4177051661062535e-02
-5.1796852112903247e-02
-4.9573074482596888e-02
-4.7487281313316899e-02
-4.5533403119676553e-02
-4.3700671928033737e-02
-4.1974602675666856e-02
-4.0351087203873870e-02
-3.8822582643484031e-02
-3.7378452943679225e-02
-3.6014882548174310e-02
-3.4726878673479400e-02
-3.3506535981613787e-02
-3.2350293940351466e-02
-3.1254910140209251e-02
-3.0214441805411947e-02
-2.9225576303419102e-02
-2.8286276827880159e-02
-2.7392025415272192e-02
-2.6539761125482245e-02
-2.5728276801592495e-02
-2.4954097298545391e-02
-2.4214418893481471e-02
-2.3508601315589926e-02
-2.2833936799416036e-02
-2.2187882728138906e-02
-2.1570180506974564e-02
-2.0978689122197892e-02
-2.0411127760403606e-02
-1.9867487926478099e-02
-1.9346047653188706e-02
-1.8844785287180522e-02
-1.8363848786188696e-02
-1.7901825653497478e-02
-1.7456948001236358e-02
-1.7029453265869375e-02
-1.6618156498581307e-02
-1.6221535902848833e-02
-1.5839870711586043e-02
-1.5472141968316644e-02
-1.5117064730348117e-02
-1.4774926086924059e-02
-1.4444826577057996e-02
-1.4125707741561307e-02
-1.3817840686223088e-02
-1.3864204896941141e-02
-1.4196458292301655e-02
-1.4541013374198849e-02
-1.4898086396565185e-02
-1.5267976472952782e-02
-1.5652007745445135e-02
-1.6050417133827117e-02
-1.6463757235219156e-02
-1.6893438825146326e-02
-1.7339721102256202e-02
-1.7803482889098787e-02
-1.8286235201746180e-02
-1.8788264848361779e-02
-1.9310865230144261e-02
-1.9855667911690113e-02
-2.0422998099277386e-02
-2.1014672885481138e-02
-2.1632473696079381e-02
-2.2276782811820477e-02
-2.2950077326313163e-02
-2.3654330943319174e-02
-2.4390013474223659e-02
-2.5160434575205261e-02
-2.5967634379485870e-02
-2.6812779541959576e-02
-2.7699672454922466e-02
-2.8630608484985057e-02
-2.9607786094767045e-02
-3.0635528462302747e-02
-3.1716535519825298e-02
-3.2854352036787923e-02
-3.4054004160169418e-02
-3.5318769985216616e-02
-3.6653965631072621e-02
-3.8065586177463022e-02
-3.9557748633427120e-02
-4.1138127106719789e-02
-4.2813952634204816e-02
-4.4590958537066586e-02
-4.6479622645287738e-02
-4.8488707606967149e-02
-5.0627452240132063e-02
-5.2909053199418923e-02
-5.5344982461947682e-02
-5.7949438291992859e-02
-6.0739610259367437e-02
-6.3731067575894515e-02
-6.6945176218743227e-02
-7.0405055572338310e-02
-7.4132912163630785e-02
-7.8160460710709978e-02
-8.2519251627179602e-02
-8.7244705844953557e-02
-9.2381725276104595e-02
-9.7976516672685310e-02
-1.0408545300557998e-01
-1.1077500446942345e-01
-1.1811593173922355e-01
-1.2619916759556957e-01
-1.3512695315356144e-01
-1.4501631102705684e-01
-1.5601473253278370e-01
-1.6828938832595247e-01
-1.8204412589084767e-01
-1.9752881916880483e-01
-2.1503421658411156e-01
-2.3491691046216992e-01
-2.5764153897798214e-01
-2.8376462805030211e-01
-3.1400321092463918e-01
-3.4925322706480627e-01
-3.9067614185554367e-01
-4.3979393975043551e-01
-4.9859706581246988e-01
-5.6979449921416836e-01
-6.5707420828820939e-01
-7.6557646311844874e-01
-9.0264212637542163e-01
-1.0786880966235708e+00
-1.3099968007195286e+00
-1.6214548648252982e+00
-2.0523542580047094e+00
-2.6663827896989218e+00
-3.5696201190206227e+00
-4.9210773589629433e+00
-6.8555650566851396e+00
-8.9065023443884090e+00
-9.4636699210795037e+00
-8.9046036126586987e+00
-8.1828820164218499e+00
-6.4457607449347334e+00
-4.3336772320368624e+00
-2.8788489496790914e+00
-1.9943157862160330e+00
-1.4466314460747487e+00
-1.0917036629014882e+00
-8.5103088243545799e-01
-6.8114430404252935e-01
-5.5721654466694059e-01
-4.7328639354860158e-01
-5.6808903300260105e-01
-6.9340074877042213e-01
-8.6327810592293375e-01
-1.1007277128079667e+00
-1.4442389307807801e+00
-1.9596776860434568e+00
-2.7584844447242101e+00
-3.9850978734158851e+00
-5.5291914469836581e+00
-6.3199976405776663e+00
0.0000000000000000e+00
2.4055929233035767e-01
0.0000000000000000e+00
0.0000000000000000e+00
];
