%Vec Object:sol 1 MPI processes
%  type: mpi
sol = [
0.0000000000000000e+00
-1.6242300370962308e+01
-1.2881635805986678e+01
-8.7249689495678968e+00
-5.7229622157754383e+00
-3.8982647528412979e+00
-2.7857301031496928e+00
-2.0746635066926400e+00
-1.5994177116732533e+00
-1.2682924380086282e+00
-1.0287834944814811e+00
-8.5054426577030007e-01
-7.1462919670260627e-01
-6.0874572925553860e-01
-5.2465595096921058e-01
-4.5679653969953693e-01
-4.0130184610101138e-01
-3.5534052828536755e-01
-3.1681710777039762e-01
-2.8425625853245856e-01
-2.5648643698628243e-01
-2.3256408991850153e-01
-2.1185673344141018e-01
-1.9381852428141486e-01
-1.7799123961954305e-01
-1.6403389340772084e-01
-1.5167388106888482e-01
-1.4066896232554613e-01
-1.3082087372292964e-01
-1.2198616598136776e-01
-1.1402926005231974e-01
-1.0682362391981901e-01
-1.0029154945043299e-01
-9.4352053462511506e-02
-8.8923955854724498e-02
-8.3958879632819505e-02
-7.9407517037835454e-02
-7.5218283712846140e-02
-7.1356293846818769e-02
-6.7791882486729613e-02
-6.4491487037149603e-02
-6.1428374138302239e-02
-5.8584786096801192e-02
-5.5938520253233398e-02
-5.3468115968655514e-02
-5.1163210321271330e-02
-4.9008961367260448e-02
-4.6987547819994466e-02
-4.5093276111033538e-02
-4.3315806355917273e-02
-4.1641099857101911e-02
-4.0065321242595472e-02
-3.8581231395855009e-02
-3.7178509772601689e-02
-3.5853555415872519e-02
-3.4601591978647379e-02
-3.3414940697134757e-02
-3.2290210222057615e-02
-3.1224316572834716e-02
-3.0211482192894865e-02
-2.9248527389213207e-02
-2.8333534853212279e-02
-2.7462108874485774e-02
-2.6631292272787637e-02
-2.5839970920721777e-02
-2.5084761367103962e-02
-2.4362940094103790e-02
-2.3673941624092049e-02
-2.3015127902423733e-02
-2.2384017356949015e-02
-2.1780413491011827e-02
-2.1202228912033612e-02
-2.0647228377774274e-02
-2.0115456475954026e-02
-1.9605232844456449e-02
-1.9114569078334323e-02
-1.8643659612726064e-02
-1.8191124353227943e-02
-1.7755219051018106e-02
-1.7336222582445378e-02
-1.6932975140380304e-02
-1.6543971319377453e-02
-1.6169527737788895e-02
-1.5808644649560225e-02
-1.5460048312728363e-02
-1.5124059745037862e-02
-1.4799793665812229e-02
-1.4486199430150049e-02
-1.4183578943656155e-02
-1.4244334026753638e-02
-1.4599197729889921e-02
-1.4967383570665654e-02
-1.5349153867090288e-02
-1.5744856536614733e-02
-1.6155892360163168e-02
-1.6582551910000423e-02
-1.7025450782879467e-02
-1.7486089936652991e-02
-1.7964791277369080e-02
-1.8462515752936837e-02
-1.8980880589577719e-02
-1.9520246209562706e-02
-2.0082013788101032e-02
-2.0667940309192473e-02
-2.1278438058127357e-02
-2.1915465919569652e-02
-2.2580954207183396e-02
-2.3275389263336183e-02
-2.4001434937245270e-02
-2.4761242996734410e-02
-2.5555409159902960e-02
-2.6387489241914069e-02
-2.7259730517587975e-02
-2.8173477968404092e-02
-2.9132835028036961e-02
-3.0140346990065139e-02
-3.1198467885807647e-02
-3.2311887587256144e-02
-3.3483614163366052e-02
-3.4717553842150424e-02
-3.6019185772924130e-02
-3.7392174575625318e-02
-3.8842343843848944e-02
-4.0376257379369299e-02
-4.1998526859089717e-02
-4.3717536029872217e-02
-4.5541236518201050e-02
-4.7476030207531703e-02
-4.9533365825001729e-02
-5.1722924488724085e-02
-5.4054932391801820e-02
-5.6543858723676454e-02
-5.9202402965316973e-02
-6.2046214935174510e-02
-6.5094194707677994e-02
-6.8363597169002643e-02
-7.1877928277681746e-02
-7.5662665350722136e-02
-7.9742419280196361e-02
-8.4152067544044112e-02
-8.8925561072036197e-02
-9.4100405511674992e-02
-9.9727994226819189e-02
-1.0585929711768288e-01
-1.1255639094639008e-01
-1.1989243972955528e-01
-1.2794549879721584e-01
-1.3681562308687653e-01
-1.4661542079584783e-01
-1.5747384579186718e-01
-1.6955318768015748e-01
-1.8303756326682158e-01
-1.9815135753051544e-01
-2.1516949584061862e-01
-2.3441419850102110e-01
-2.5629440319854080e-01
-2.8130842628380620e-01
-3.1006990018309000e-01
-3.4336917624306434e-01
-3.8219392618744730e-01
-4.2782410771367263e-01
-4.8193648403220507e-01
-5.4672364882641633e-01
-6.2516833385758852e-01
-7.2118842365222902e-01
-8.4045590133817638e-01
-9.9106644298154156e-01
-1.1847467875877609e+00
-1.4391476159367425e+00
-1.7810790142529753e+00
-2.2533282769361258e+00
-2.9271050617036161e+00
-3.9153732502668492e+00
-5.3944903941791793e+00
-7.5191751571032315e+00
-9.7877650768071778e+00
-1.0394121598359254e+01
-9.7296990154927343e+00
-8.8879242545803248e+00
-6.9211691752921709e+00
-4.6041215148029240e+00
-3.0406965056284294e+00
-2.1001625801022983e+00
-1.5207907259206974e+00
-1.1465141622388935e+00
-8.9313692854551630e-01
-7.1464173666939002e-01
-5.8454052587457195e-01
-4.9644435980482760e-01
-5.9605906600193259e-01
-7.2778103146726159e-01
-9.0654871491643196e-01
-1.1565573902678654e+00
-1.5184767808326216e+00
-2.0630427326079572e+00
-2.9102831706808363e+00
-4.2224224281783993e+00
-5.9077423251525323e+00
-6.7962506154048166e+00
0.0000000000000000e+00
2.4055929233035767e-01
0.0000000000000000e+00
0.0000000000000000e+00
];
