%Vec Object:sol 1 MPI processes
%  type: mpi
sol = [
0.0000000000000000e+00
-2.4767183029222526e+01
-1.7624064066429817e+01
-1.0759690322802967e+01
-6.6749081438974045e+00
-4.4189729003445244e+00
-3.1054355143145127e+00
-2.2888364459240722e+00
-1.7515202125448832e+00
-1.3813399634208690e+00
-1.1158258012558375e+00
-9.1931609139733150e-01
-7.7014306903477092e-01
-6.5434754328307998e-01
-5.6265570087199235e-01
-4.8884383765725681e-01
-4.2860878463907520e-01
-3.7880273868754527e-01
-3.3709471180657119e-01
-3.0190021401530903e-01
-2.7193654974174225e-01
-2.4617670090871016e-01
-2.2390402004671958e-01
-2.0452279518031846e-01
-1.8753420973440466e-01
-1.7256707485662859e-01
-1.5932486175772312e-01
-1.4754478596493123e-01
-1.3701200303291719e-01
-1.2757073308265149e-01
-1.1907424338636756e-01
-1.1138604503269024e-01
-1.0442173908259059e-01
-9.8093851843345931e-02
-9.2315107046792549e-02
-8.7033044186214839e-02
-8.2194453224071096e-02
-7.7743983315479812e-02
-7.3643980297643921e-02
-6.9862396109062461e-02
-6.6363265550902314e-02
-6.3117893405107248e-02
-6.0107027813637581e-02
-5.7306891888939164e-02
-5.4694588749348010e-02
-5.2258796128515098e-02
-4.9983614889869042e-02
-4.7850150834291401e-02
-4.5852078378000018e-02
-4.3978320572513670e-02
-4.2214058614563142e-02
-4.0554997862275718e-02
-3.8993376405778005e-02
-3.7518322133532254e-02
-3.6125869616731587e-02
-3.4810870912530600e-02
-3.3565251154474195e-02
-3.2385329485292040e-02
-3.1267750608528232e-02
-3.0206448183474191e-02
-2.9198013567724050e-02
-2.8240325260583003e-02
-2.7328773937118203e-02
-2.6460222748167280e-02
-2.5633398845540015e-02
-2.4844758624116416e-02
-2.4091439046318684e-02
-2.3372747094438682e-02
-2.2685922999597093e-02
-2.2028378603244442e-02
-2.1399811442745133e-02
-2.0798040527380251e-02
-2.0220750817157299e-02
-1.9667896144797962e-02
-1.9137723532341125e-02
-1.8628186242892277e-02
-1.8139399020900174e-02
-1.7669925215666904e-02
-1.7217979078626745e-02
-1.6783768179001003e-02
-1.6366088823073263e-02
-1.5963406862603148e-02
-1.5575974332514659e-02
-1.5202757965691233e-02
-1.4842464440179358e-02
-1.4495355830761503e-02
-1.4160522157319458e-02
-1.3836899294656216e-02
-1.3524735825997196e-02
-1.3559459280699888e-02
-1.3873463260633302e-02
-1.4198933527987467e-02
-1.4536041627124893e-02
-1.4885009751721499e-02
-1.5247099934740700e-02
-1.5622531993919012e-02
-1.6011787634618520e-02
-1.6416220027163312e-02
-1.6836034349535716e-02
-1.7272040058638666e-02
-1.7725659598027830e-02
-1.8197116142755911e-02
-1.8687612401792727e-02
-1.9198674843531636e-02
-1.9730553158436547e-02
-2.0284945410354485e-02
-2.0863507689917463e-02
-2.1466531770866010e-02
-2.2096338184323359e-02
-2.2754750088429955e-02
-2.3442127522519333e-02
-2.4161573868564250e-02
-2.4914953035369777e-02
-2.5703277650773598e-02
-2.6530096863137214e-02
-2.7397492508357761e-02
-2.8307443934927248e-02
-2.9263964493397712e-02
-3.0269489952538173e-02
-3.1327256530152781e-02
-3.2441906065105580e-02
-3.3616384314847966e-02
-3.4855575199090175e-02
-3.6164989529895566e-02
-3.7548317962204168e-02
-3.9012630759874024e-02
-4.0564543065380425e-02
-4.2209211820721286e-02
-4.3956287887921525e-02
-4.5813745729991549e-02
-4.7789975488225313e-02
-4.9897086187654559e-02
-5.2145493753047126e-02
-5.4548150331780815e-02
-5.7120779026066409e-02
-5.9877495635698760e-02
-6.2837829096310679e-02
-6.6022871425890417e-02
-6.9452752763570602e-02
-7.3156469923312220e-02
-7.7162726562018474e-02
-8.1503730964536142e-02
-8.6220447976456893e-02
-9.1354870662201923e-02
-9.6958329185609787e-02
-1.0309136934062026e-01
-1.0981826195349528e-01
-1.1722183970912188e-01
-1.2539510372382576e-01
-1.3444440766566570e-01
-1.4450401413022418e-01
-1.5572587635785690e-01
-1.6829536663077210e-01
-1.8243977630941541e-01
-1.9842512980219340e-01
-2.1658963532323905e-01
-2.3734528729495261e-01
-2.6119938481039101e-01
-2.8880610878892871e-01
-3.2098282950474860e-01
-3.5878962493000910e-01
-4.0358305118093540e-01
-4.5717693671780707e-01
-5.2205506575304372e-01
-6.0157620247241972e-01
-7.0042251403138456e-01
-8.2530883931942078e-01
-9.8601625268299675e-01
-1.1971889044955903e+00
-1.4811782076961977e+00
-1.8744037892879182e+00
-2.4356377957731894e+00
-3.2604983781430006e+00
-4.4936075710810144e+00
-6.2529803343886075e+00
-8.0957298476374628e+00
-8.5988111997758185e+00
-8.1266440183327919e+00
-7.5086457117385486e+00
-5.9824802222018194e+00
-4.0660999858690019e+00
-2.7175128717991477e+00
-1.8886924700838477e+00
-1.3725414105166931e+00
-1.0368121501053218e+00
-8.0867308260269866e-01
-6.4751324165278834e-01
-5.2981912450859392e-01
-4.5000584503646535e-01
-5.3988320984539317e-01
-6.5863099417208881e-01
-8.1960584798735814e-01
-1.0443731091882749e+00
-1.3688774555852881e+00
-1.8550009970875676e+00
-2.6044835617683950e+00
-3.7439808772771803e+00
-5.1463337941997827e+00
-5.8422862044875492e+00
0.0000000000000000e+00
2.4055929233035767e-01
0.0000000000000000e+00
0.0000000000000000e+00
];
