%Vec Object:sol 1 MPI processes
%  type: mpi
sol = [
0.0000000000000000e+00
-1.5727611922926229e+01
-1.2559577534917715e+01
-8.5695630127051494e+00
-5.6462708286620229e+00
-3.8558926355946452e+00
-2.7594508390782457e+00
-2.0569918368488058e+00
-1.5865781784726649e+00
-1.2585726012947309e+00
-1.0216358489774093e+00
-8.4486928974498487e-01
-7.1000337710178851e-01
-6.0491371608668643e-01
-5.2143904719540746e-01
-4.5406560830074044e-01
-3.9896100505691812e-01
-3.5331741389258309e-01
-3.1505625629065664e-01
-2.8271398148369170e-01
-2.5513499873820011e-01
-2.3139056958981910e-01
-2.1083274222754245e-01
-1.9292120451645423e-01
-1.7720211673463254e-01
-1.6333776717118803e-01
-1.5105608202025175e-01
-1.4011316482812972e-01
-1.3031994619713580e-01
-1.2153393598698195e-01
-1.1362042166255559e-01
-1.0645364385780429e-01
-9.9956422492669381e-02
-9.4048283465198210e-02
-8.8648522616401063e-02
-8.3709088050764727e-02
-7.9180980977810997e-02
-7.5012913141408968e-02
-7.1170219467793214e-02
-6.7623425781302607e-02
-6.4339159618809968e-02
-6.1290843836787789e-02
-5.8460841825073190e-02
-5.5827076330538579e-02
-5.3368200682402514e-02
-5.1073930786918673e-02
-4.8929509502967906e-02
-4.6917200254417972e-02
-4.5031362229842511e-02
-4.3261714986891582e-02
-4.1594281316108372e-02
-4.0025264378140205e-02
-3.8547467462485420e-02
-3.7150613633634644e-02
-3.5831132263799990e-02
-3.4584277425430097e-02
-3.3402401773143145e-02
-3.2282137855772358e-02
-3.1220424113857531e-02
-3.0211505973932112e-02
-2.9252222498237661e-02
-2.8340673406001653e-02
-2.7472480045343368e-02
-2.6644699849441802e-02
-2.5856232032082878e-02
-2.5103705974199014e-02
-2.4384409430732733e-02
-2.3697787708992325e-02
-2.3041212537056766e-02
-2.2412210902163502e-02
-2.1810595300073250e-02
-2.1234285881856118e-02
-2.0681053778111004e-02
-2.0150951284941647e-02
-1.9642303905863641e-02
-1.9153127872216992e-02
-1.8683624377552770e-02
-1.8232417903187179e-02
-1.7797767487054635e-02
-1.7379958032106964e-02
-1.6977833285459116e-02
-1.6589890114972292e-02
-1.6216450571342418e-02
-1.5856517625427453e-02
-1.5508819087243299e-02
-1.5173680896942689e-02
-1.4850219778672314e-02
-1.4537386173519023e-02
-1.4235486446670931e-02
-1.4298258871157663e-02
-1.4656303008333500e-02
-1.5027810185426524e-02
-1.5413048933089115e-02
-1.5812373753738999e-02
-1.6227196003817008e-02
-1.6657813467973386e-02
-1.7104850272466079e-02
-1.7569819772582304e-02
-1.8053052273966357e-02
-1.8555519873190429e-02
-1.9078854341073582e-02
-1.9623425923431380e-02
-2.0190650453294958e-02
-2.0782302021617769e-02
-2.1398804489415384e-02
-2.2042136045828085e-02
-2.2714247230075469e-02
-2.3415638164469697e-02
-2.4148998131883499e-02
-2.4916502989012695e-02
-2.5718765064278674e-02
-2.6559373683932855e-02
-2.7440603977964276e-02
-2.8363824596090648e-02
-2.9333179796334648e-02
-3.0351248319533744e-02
-3.1420518276991161e-02
-3.2545729040562715e-02
-3.3729929732522576e-02
-3.4977074893044607e-02
-3.6292704536111012e-02
-3.7680534550239647e-02
-3.9146456402196973e-02
-4.0697109941567611e-02
-4.2337172171051034e-02
-4.4075121691962101e-02
-4.5919005974758335e-02
-4.7875314970618262e-02
-4.9955626852831204e-02
-5.2169744151178227e-02
-5.4528023224005941e-02
-5.7045102025837818e-02
-5.9733841446218267e-02
-6.2610082505480558e-02
-6.5692950793591054e-02
-6.8999921682523419e-02
-7.2554782344707622e-02
-7.6383319057831869e-02
-8.0510455568864256e-02
-8.4971483513612639e-02
-8.9801682983455713e-02
-9.5040679130879296e-02
-1.0073853611748620e-01
-1.0694696425051145e-01
-1.1372892788518310e-01
-1.2115863725283312e-01
-1.2931530353403073e-01
-1.3830042437230242e-01
-1.4822826543522066e-01
-1.5922970788265667e-01
-1.7146539355528526e-01
-1.8511700245782273e-01
-2.0041830814117267e-01
-2.1764758196001621e-01
-2.3713096449921264e-01
-2.5928231640476185e-01
-2.8460592513530181e-01
-3.1372273085214114e-01
-3.4743240257818270e-01
-3.8673417001359389e-01
-4.3292281223452583e-01
-4.8769429168580841e-01
-5.5326600629002631e-01
-6.3265395300128557e-01
-7.2996227249525192e-01
-8.5085248049250572e-01
-1.0032700242118973e+00
-1.1992379064016829e+00
-1.4565878085059014e+00
-1.8029031175458001e+00
-2.2806876942951435e+00
-2.9619782803015293e+00
-3.9618310912017858e+00
-5.4579409896043751e+00
-7.6066264394668188e+00
-9.9037501201499634e+00
-1.0517183876044234e+01
-9.8371723709151002e+00
-8.9795099980792461e+00
-6.9820933117576054e+00
-4.6386099158908936e+00
-3.0612443628812938e+00
-2.1135711479958674e+00
-1.5301279471619578e+00
-1.1534362006498013e+00
-8.9844516573856947e-01
-7.1884670749981661e-01
-5.8795850493883572e-01
-4.9935810886550086e-01
-5.9957514982834148e-01
-7.3209729373944754e-01
-9.1195858327200086e-01
-1.1635562374750710e+00
-1.5277674859676524e+00
-2.0759672133243816e+00
-2.9291547943867817e+00
-4.2520221436472463e+00
-5.9549675927891821e+00
-6.8560212541203551e+00
0.0000000000000000e+00
2.4055929233035767e-01
0.0000000000000000e+00
0.0000000000000000e+00
];
