%Vec Object:sol 1 MPI processes
%  type: mpi
sol = [
0.0000000000000000e+00
-2.1235309272860412e+01
-1.5782129863616021e+01
-1.0017775740774544e+01
-6.3374942947775583e+00
-4.2377312936055818e+00
-2.9945225438394658e+00
-2.2153772567771322e+00
-1.6992708110006711e+00
-1.3424341719113768e+00
-1.0862072510370044e+00
-8.9597082415304607e-01
-7.5126857037884320e-01
-6.3881945908168003e-01
-5.4969737433156707e-01
-4.7790014276892157e-01
-4.1927133545501355e-01
-3.7077655736579751e-01
-3.3017602977900795e-01
-2.9589467317574436e-01
-2.6669197206033052e-01
-2.4157339804331535e-01
-2.1984516432007417e-01
-2.0091889609093913e-01
-1.8431948093747755e-01
-1.6969099787005518e-01
-1.5674484367976627e-01
-1.4522508503873602e-01
-1.3492240893506932e-01
-1.2568511087597317e-01
-1.1737017932848545e-01
-1.0984447268081804e-01
-1.0302579333874308e-01
-9.6828835012270215e-02
-9.1168379120710727e-02
-8.5993311618288507e-02
-8.1251724271485706e-02
-7.6889538272307253e-02
-7.2870020471724556e-02
-6.9161914514382028e-02
-6.5730066383939204e-02
-6.2546439816860838e-02
-5.9592276346196522e-02
-5.6844329982164987e-02
-5.4280190885206886e-02
-5.1888851009454930e-02
-4.9654767059187317e-02
-4.7559412040023473e-02
-4.5596665283782929e-02
-4.3755697736056066e-02
-4.2021958851358683e-02
-4.0391303005896960e-02
-3.8856143850937185e-02
-3.7405798918461304e-02
-3.6036422562769899e-02
-3.4742991031184618e-02
-3.3517565580880690e-02
-3.2356561557726059e-02
-3.1256713885939834e-02
-3.0212055391164810e-02
-2.9219254232318307e-02
-2.8276256491826350e-02
-2.7378526129196851e-02
-2.6522987054360372e-02
-2.5708418758066558e-02
-2.4931332522632504e-02
-2.4188912820481481e-02
-2.3480508601044933e-02
-2.2803401769376862e-02
-2.2155040674754562e-02
-2.1535157717596839e-02
-2.0941603930233876e-02
-2.0372091736023626e-02
-1.9826604882694821e-02
-1.9303415224713502e-02
-1.8800496174910485e-02
-1.8317988839793440e-02
-1.7854475906599866e-02
-1.7408185993280315e-02
-1.6979350371756324e-02
-1.6566780355183618e-02
-1.6168951745602657e-02
-1.5786138164535623e-02
-1.5417317802444146e-02
-1.5061204100193064e-02
-1.4718079011270598e-02
-1.4387040977301242e-02
-1.4067030433546698e-02
-1.3758313787380589e-02
-1.3802337583208939e-02
-1.4130910885133359e-02
-1.4471618008230819e-02
-1.4824667534405934e-02
-1.5190350456743888e-02
-1.5569978370421518e-02
-1.5963779253001832e-02
-1.6372295258903449e-02
-1.6796922371294654e-02
-1.7237909330432514e-02
-1.7696121387686704e-02
-1.8173052108827650e-02
-1.8668976018984207e-02
-1.9185168751548864e-02
-1.9723241235103481e-02
-2.0283504143397711e-02
-2.0867751233324339e-02
-2.1477739404243572e-02
-2.2113833572283685e-02
-2.2778480133614342e-02
-2.3473623433244495e-02
-2.4199712284546895e-02
-2.4960015916330177e-02
-2.5756540261762256e-02
-2.6590422384984571e-02
-2.7465415205655666e-02
-2.8383772811731014e-02
-2.9347651427421760e-02
-3.0361313933357753e-02
-3.1427409380285862e-02
-3.2549422961855298e-02
-3.3732306319767751e-02
-3.4979273767417676e-02
-3.6295557943541112e-02
-3.7687060410839274e-02
-3.9157816644968584e-02
-4.0715384191693176e-02
-4.2366875666530843e-02
-4.4117914404921396e-02
-4.5978818946422216e-02
-4.7958201145958196e-02
-5.0065137796137082e-02
-5.2312616986852335e-02
-5.4711909507854567e-02
-5.7276975936817978e-02
-6.0024725940974855e-02
-6.2970453056529624e-02
-6.6135173572134526e-02
-6.9541621851137575e-02
-7.3211612264547907e-02
-7.7176343866525693e-02
-8.1466829680505393e-02
-8.6117941454895236e-02
-9.1173499914034853e-02
-9.6676796610727575e-02
-1.0268442022236920e-01
-1.0926224435341085e-01
-1.1647967704197959e-01
-1.2442596414107492e-01
-1.3320141355856363e-01
-1.4292080600944970e-01
-1.5372885082412729e-01
-1.6578949986191674e-01
-1.7930268059775692e-01
-1.9451345913649759e-01
-2.1170884395436984e-01
-2.3125345316705970e-01
-2.5359152892277564e-01
-2.7927011177622374e-01
-3.0899428254087569e-01
-3.4364510409996896e-01
-3.8436491468949097e-01
-4.3265084682699556e-01
-4.9046110914898255e-01
-5.6046130301497277e-01
-6.4625397698855003e-01
-7.5276549536970394e-01
-8.8731368372863784e-01
-1.0604137306399186e+00
-1.2879033011233445e+00
-1.5942134000183956e+00
-2.0173570137420778e+00
-2.6216054496803438e+00
-3.5092688316898077e+00
-4.8377903408553200e+00
-6.7392218173262259e+00
-8.7502172177507447e+00
-9.2980816293813593e+00
-8.7565051069689392e+00
-8.0546790651811229e+00
-6.3583776386333390e+00
-4.2836611146643522e+00
-2.8486292451176269e+00
-1.9746514012274303e+00
-1.4327849717515750e+00
-1.0814881037439175e+00
-8.4312203723424373e-01
-6.7486761905246795e-01
-5.5210617289340524e-01
-4.6895348921676250e-01
-5.6285092945564907e-01
-6.8691812113391815e-01
-8.5513938070402329e-01
-1.0902420833076780e+00
-1.4302079751891397e+00
-1.9402129973223086e+00
-2.7298563249734515e+00
-3.9402911117611898e+00
-5.4578857909189535e+00
-6.2307099827674390e+00
0.0000000000000000e+00
2.4055929233035767e-01
0.0000000000000000e+00
0.0000000000000000e+00
];
