%Vec Object:sol 1 MPI processes
%  type: mpi
sol = [
0.0000000000000000e+00
-2.5391105039885204e+01
-1.9539314920594510e+01
-1.2657451361964243e+01
-8.0227729097861147e+00
-5.3482261635480377e+00
-3.7672497544590660e+00
-2.7779238316080663e+00
-2.1258859137705532e+00
-1.6765847784291266e+00
-1.3543488748394985e+00
-1.1157288302698789e+00
-9.3471889543148490e-01
-7.9429635699699863e-01
-6.8316564874618779e-01
-5.9374710495646887e-01
-5.2080160790691410e-01
-4.6051625098234700e-01
-4.1008306446561227e-01
-3.6751592920332288e-01
-3.3122994813997669e-01
-3.0004147722671509e-01
-2.7307782317740115e-01
-2.4961577372444263e-01
-2.2905125286327074e-01
-2.1093369463296377e-01
-1.9490316949213446e-01
-1.8064172985918101e-01
-1.6788943919779303e-01
-1.5645707520822508e-01
-1.4616715526747151e-01
-1.3685504036301474e-01
-1.2841805108208712e-01
-1.2075042508366622e-01
-1.1374699388309804e-01
-1.0734401828386203e-01
-1.0147714099940550e-01
-9.6079645028427446e-02
-9.1105932519965044e-02
-8.6517194901289923e-02
-8.2270059913040886e-02
-7.8329864024736948e-02
-7.4673262305873275e-02
-7.1271563540822591e-02
-6.8097146595506419e-02
-6.5136262995467611e-02
-6.2369717174037824e-02
-5.9774721147555207e-02
-5.7343586561841076e-02
-5.5062937137267079e-02
-5.2914883077033174e-02
-5.0894218858245903e-02
-4.8991569739650805e-02
-4.7193792804132592e-02
-4.5496096792770682e-02
-4.3892265985965358e-02
-4.2372526031193951e-02
-4.0932431970696341e-02
-3.9567939272108846e-02
-3.8271695544917710e-02
-3.7039579872174225e-02
-3.5869045665101969e-02
-3.4754499778949045e-02
-3.3692141783371904e-02
-3.2680457939753917e-02
-3.1715143382683365e-02
-3.0792720086748247e-02
-2.9912381742096338e-02
-2.9070772102400926e-02
-2.8264737392787453e-02
-2.7493949058098387e-02
-2.6755751859945283e-02
-2.6047315579842408e-02
-2.5368625979847917e-02
-2.4717546373346323e-02
-2.4091566206998646e-02
-2.3490868930011156e-02
-2.2913700881716802e-02
-2.2357864447009518e-02
-2.1823657139152998e-02
-2.1309606866358431e-02
-2.0813819785657731e-02
-2.0336647699742739e-02
-1.9876823721605028e-02
-1.9432746881525294e-02
-1.9004780555121115e-02
-1.8591805273557926e-02
-1.8192500769039506e-02
-1.7807211796609990e-02
-1.7878243440138619e-02
-1.8318276383253607e-02
-1.8774737972007297e-02
-1.9247950257271534e-02
-1.9738341134253143e-02
-2.0247631643592577e-02
-2.0776178430251608e-02
-2.1324738048472330e-02
-2.1895153658866760e-02
-2.2487820284509855e-02
-2.3103918156029045e-02
-2.3745432132350770e-02
-2.4412804442608044e-02
-2.5107754899759690e-02
-2.5832438715788445e-02
-2.6587361674384052e-02
-2.7374926623873249e-02
-2.8197500075359185e-02
-2.9055678578568889e-02
-2.9952727654976068e-02
-3.0891283811349687e-02
-3.1872077531849875e-02
-3.2899465003705379e-02
-3.3976198171731753e-02
-3.5103924788481046e-02
-3.6287668643333680e-02
-3.7530544902455706e-02
-3.8835557594891282e-02
-4.0208444592457232e-02
-4.1652885283530672e-02
-4.3173657690637260e-02
-4.4777460580316418e-02
-4.6468773632711381e-02
-4.8254714545816015e-02
-5.0143301999980461e-02
-5.2140169038956984e-02
-5.4255583721269166e-02
-5.6499131571536534e-02
-5.8877836881219781e-02
-6.1405803776109810e-02
-6.4095367123707475e-02
-6.6958968860171164e-02
-7.0014214254330964e-02
-7.3276540414956640e-02
-7.6764969771603117e-02
-8.0502467766788419e-02
-8.4509980866914872e-02
-8.8816047585082186e-02
-9.3451579421492972e-02
-9.8446409691581818e-02
-1.0384282539581539e-01
-1.0968303887032860e-01
-1.1601443519931912e-01
-1.2289688803548955e-01
-1.3039215700133713e-01
-1.3857543188146351e-01
-1.4753528260641652e-01
-1.5736612836159014e-01
-1.6818895821344046e-01
-1.8013983444105758e-01
-1.9337445729344768e-01
-2.0808867724207614e-01
-2.2450448066093437e-01
-2.4289221870745897e-01
-2.6358287942429603e-01
-2.8696399438592118e-01
-3.1352702813637934e-01
-3.4387022758121188e-01
-3.7872948306673304e-01
-4.1905170475703746e-01
-4.6601868600606455e-01
-5.2116014297727919e-01
-5.8647268282015885e-01
-6.6440027935354751e-01
-7.5859168513486841e-01
-8.7383711900701599e-01
-1.0167951901623524e+00
-1.1969864583761078e+00
-1.4282366558402388e+00
-1.7306359914147187e+00
-2.1358291446532314e+00
-2.6946890774300845e+00
-3.4867673001238804e+00
-4.6468775954286254e+00
-6.3762820051272620e+00
-8.8592057928647971e+00
-1.1531747986138516e+01
-1.2187932613206254e+01
-1.1265476307138224e+01
-1.0155301421538018e+01
-7.7382101057281494e+00
-5.0532197943235220e+00
-3.3038624252352138e+00
-2.2692563404854424e+00
-1.6378444739203601e+00
-1.2319305534866123e+00
-9.5823018450509290e-01
-7.6587080018965470e-01
-6.2581953487715536e-01
-5.3113985334505698e-01
-6.3766674589777661e-01
-7.7856103676938959e-01
-9.6979036468787161e-01
-1.2373240764284292e+00
-1.6253055034204125e+00
-2.2100066365090938e+00
-3.1239737919773876e+00
-4.5546712280775870e+00
-6.4370507770669985e+00
-7.4670604646213814e+00
0.0000000000000000e+00
1.3464638167935297e-01
0.0000000000000000e+00
0.0000000000000000e+00
];
