%Vec Object:sol 1 MPI processes
%  type: mpi
sol = [
0.0000000000000000e+00
-2.4432975270082633e+01
-1.8998222572354681e+01
-1.2446711741796493e+01
-7.9337510302128527e+00
-5.3053588092576813e+00
-3.7409945760863335e+00
-2.7628688564537547e+00
-2.1151518948050101e+00
-1.6685732377897518e+00
-1.3486460276368228e+00
-1.1118187247304789e+00
-9.3157176313374401e-01
-7.9172397065591438e-01
-6.8103726227923411e-01
-5.9196862965389085e-01
-5.1930333511767901e-01
-4.5924568078601619e-01
-4.0900002837973770e-01
-3.6659783376362948e-01
-3.3049378928410383e-01
-2.9945278631327571e-01
-2.7260965304944601e-01
-2.4924691947354655e-01
-2.2876492311278535e-01
-2.1071637209902316e-01
-1.9474247402061348e-01
-1.8051604114567216e-01
-1.6779334184270123e-01
-1.5638700462674937e-01
-1.4612005340996359e-01
-1.3682829387609005e-01
-1.2840936267915046e-01
-1.2075779631717377e-01
-1.1376869567838581e-01
-1.0737851912897210e-01
-1.0152309234207138e-01
-9.6135864013613195e-02
-9.1171368021791543e-02
-8.6590911987798599e-02
-8.2351229334142614e-02
-7.8417745280586357e-02
-7.4767192649775147e-02
-7.1370950084311283e-02
-6.8201455724948970e-02
-6.5245016174845169e-02
-6.2482483959500623e-02
-5.9891109096580464e-02
-5.7463244822856696e-02
-5.5185549033612856e-02
-5.3040155558668776e-02
-5.1021890939437618e-02
-4.9121405466741985e-02
-4.7325571509361404e-02
-4.5629621359551620e-02
-4.4027358910610402e-02
-4.2509019813120261e-02
-4.1070175825185275e-02
-3.9706798650642965e-02
-3.8411542534961214e-02
-3.7180297802337808e-02
-3.6010531968875790e-02
-3.4896656350256912e-02
-3.3834877435388377e-02
-3.2823694192204850e-02
-3.1858804773645277e-02
-3.0936734727645052e-02
-3.0056689476746910e-02
-2.9215314818612160e-02
-2.8409457990383153e-02
-2.7638801445817495e-02
-2.6900691291369325e-02
-2.6192296431477090e-02
-2.5513613041078066e-02
-2.4862505231838031e-02
-2.4236460263255807e-02
-2.3635671448469800e-02
-2.3058385450854264e-02
-2.2502401655765274e-02
-2.1968026892724452e-02
-2.1453788941935909e-02
-2.0957790578276250e-02
-2.0480392344659332e-02
-2.0020326764245162e-02
-1.9575989472207476e-02
-1.9147751965921923e-02
-1.8734493696511419e-02
-1.8334891307256497e-02
-1.7949297005777305e-02
-1.8023615220250387e-02
-1.8470011161440692e-02
-1.8933106856550422e-02
-1.9413234975192338e-02
-1.9910834947828943e-02
-2.0427649597226004e-02
-2.0964047831404473e-02
-2.1520801770234192e-02
-2.2099779529847971e-02
-2.2701390336407772e-02
-2.3326835346421680e-02
-2.3978128103709230e-02
-2.4655727367052734e-02
-2.5361380958130269e-02
-2.6097277221465574e-02
-2.6863941343593344e-02
-2.7663813448324678e-02
-2.8499298596162525e-02
-2.9371016379017473e-02
-3.0282281679470318e-02
-3.1235776257665427e-02
-3.2232258394049140e-02
-3.3276149375785921e-02
-3.4370252475181766e-02
-3.5516256839709152e-02
-3.6719264573140745e-02
-3.7982451760032655e-02
-3.9308883923141691e-02
-4.0704392605514512e-02
-4.2172731349866009e-02
-4.3718766837630117e-02
-4.5349311651420234e-02
-4.7068937479901055e-02
-4.8884887590024892e-02
-5.0805321591370259e-02
-5.2835989617165922e-02
-5.4987306116175187e-02
-5.7269153326505048e-02
-5.9689502810277399e-02
-6.2262563698916237e-02
-6.5000363988025403e-02
-6.7915609465553445e-02
-7.1026248263991371e-02
-7.4348046296456402e-02
-7.7900416550703913e-02
-8.1706785908096075e-02
-8.5788554213448734e-02
-9.0174838717365147e-02
-9.4897188867743676e-02
-9.9986088207554322e-02
-1.0548468299710799e-01
-1.1143608237975319e-01
-1.1788868476053052e-01
-1.2490361073697367e-01
-1.3254395267067851e-01
-1.4088650049601478e-01
-1.5002170739429727e-01
-1.6004524239847323e-01
-1.7107093082337407e-01
-1.8324435979593315e-01
-1.9672535515013709e-01
-2.1171328809595477e-01
-2.2843413383928229e-01
-2.4716305977820530e-01
-2.6823690244607679e-01
-2.9205000543905973e-01
-3.1910237749963233e-01
-3.5000257736725598e-01
-3.8549905155163516e-01
-4.2655467319403650e-01
-4.7437091027590123e-01
-5.3050258509757509e-01
-5.9698339108511056e-01
-6.7646792170927450e-01
-7.7256133540434446e-01
-8.9000255921327276e-01
-1.0354686203775354e+00
-1.2187609962173842e+00
-1.4539020756005430e+00
-1.7619477997746211e+00
-2.1742836193167503e+00
-2.7419059350998887e+00
-3.5479204874667949e+00
-4.7263712099596829e+00
-6.4828768416935505e+00
-9.0031278088454023e+00
-1.1717011450281362e+01
-1.2379455019332426e+01
-1.1429860350906914e+01
-1.0289871984013391e+01
-7.8257054458893389e+00
-5.1017544946096072e+00
-3.3325186272575227e+00
-2.2878750273452328e+00
-1.6507719698226722e+00
-1.2415009355841977e+00
-9.6555976841535118e-01
-7.7167675015671655e-01
-6.3056736491469967e-01
-5.3515608330103792e-01
-6.4251059946844546e-01
-7.8450317310268414e-01
-9.7728263274780192e-01
-1.2469422720059340e+00
-1.6380547301588029e+00
-2.2277133630893995e+00
-3.1498882078342776e+00
-4.5950978341214102e+00
-6.5020521073487698e+00
-7.5501800331097817e+00
0.0000000000000000e+00
1.3464638167935297e-01
0.0000000000000000e+00
0.0000000000000000e+00
];
