%Vec Object:sol 1 MPI processes
%  type: mpi
sol = [
0.0000000000000000e+00
-1.6315140585689583e+01
-1.2926873511652202e+01
-8.7466468239654365e+00
-5.7336266503334379e+00
-3.9041487151964400e+00
-2.7892990922935654e+00
-2.0771168862904510e+00
-1.6012003595162561e+00
-1.2695976145438628e+00
-1.0297696620199075e+00
-8.5133265137776948e-01
-7.1527202160146719e-01
-6.0927840134444866e-01
-5.2510325210594300e-01
-4.5717638119810727e-01
-4.0162752889234987e-01
-3.5562209197497407e-01
-3.1706224799098931e-01
-2.8447129996332943e-01
-2.5665858505529449e-01
-2.3271615704102416e-01
-2.1199162899186919e-01
-1.9393863608703332e-01
-1.7809852885861052e-01
-1.6413000178946002e-01
-1.5176019587898662e-01
-1.4074665182131649e-01
-1.3089092867068050e-01
-1.2204944407865025e-01
-1.1408649865751462e-01
-1.0687545299010476e-01
-1.0033852571888800e-01
-9.4394662951648542e-02
-8.8962618388825895e-02
-8.3993969946305813e-02
-7.9439366952876969e-02
-7.5247183858686867e-02
-7.1382504203831951e-02
-6.7815636552270520e-02
-6.4512991855334281e-02
-6.1447815033393617e-02
-5.8602331599559632e-02
-5.5954321447453471e-02
-5.3482308066957238e-02
-5.1175917617882122e-02
-4.9020296361086908e-02
-4.6997611191352658e-02
-4.5102161246587717e-02
-4.3323598375175680e-02
-4.1647875289730303e-02
-4.0071151292959309e-02
-3.8586181371967142e-02
-3.7182638887695213e-02
-3.5856918683695713e-02
-3.4604240187509044e-02
-3.3416920242616388e-02
-3.2291564184126036e-02
-3.1225084921062705e-02
-3.0211701682460356e-02
-2.9248232167670148e-02
-2.8332756709540011e-02
-2.7460877211197058e-02
-2.6629634455975642e-02
-2.5837912471609412e-02
-2.5082326011239928e-02
-2.4360149982184845e-02
-2.3670817417859775e-02
-2.3011688894294405e-02
-2.2380281640104527e-02
-2.1776397918963200e-02
-2.1197949282013788e-02
-2.0642699591087648e-02
-2.0110692372485098e-02
-1.9600246442357167e-02
-1.9109372741258589e-02
-1.8638264774465757e-02
-1.8185541806034981e-02
-1.7749459120768141e-02
-1.7330294766202754e-02
-1.6926888436245482e-02
-1.6537734400822273e-02
-1.6163148531281719e-02
-1.5802130699341443e-02
-1.5453406939796877e-02
-1.5117297593390241e-02
-1.4792917096365588e-02
-1.4479214646630148e-02
-1.4176491536194354e-02
-1.4236967001782371e-02
-1.4591392039668204e-02
-1.4959119719688378e-02
-1.5340411495845472e-02
-1.5735614370420002e-02
-1.6146127664129439e-02
-1.6572240945809325e-02
-1.7014568628476060e-02
-1.7474609956585535e-02
-1.7952685667102536e-02
-1.8449755162370674e-02
-1.8967433656680809e-02
-1.9506080204495766e-02
-2.0067093950463018e-02
-2.0652229510287438e-02
-2.1261897556902856e-02
-2.1898054301924263e-02
-2.2562627256910620e-02
-2.3256100844259567e-02
-2.3981135392303295e-02
-2.4739879329266256e-02
-2.5532926059039288e-02
-2.6363826756751311e-02
-2.7234824832377002e-02
-2.8147261974832572e-02
-2.9105235963229878e-02
-3.0111287446736346e-02
-3.1167865722030837e-02
-3.2279653800224857e-02
-3.3449654046974149e-02
-3.4681765983492235e-02
-3.5981460317811520e-02
-3.7352394544574903e-02
-3.8800382838734937e-02
-4.0331978449233086e-02
-4.1951783971032400e-02
-4.3668169990160169e-02
-4.5489074825841247e-02
-4.7420888117929758e-02
-4.9475040630596809e-02
-5.1661196614781003e-02
-5.3989564161114278e-02
-5.6474589057054013e-02
-5.9128948337080496e-02
-6.1968265255718587e-02
-6.5011408562297812e-02
-6.8275602492194609e-02
-7.1784306941885631e-02
-7.5563006639489325e-02
-7.9635306211885956e-02
-8.4035078996227572e-02
-8.8798517248350251e-02
-9.3964616754234564e-02
-9.9582670229390088e-02
-1.0570355740694531e-01
-1.1238924703156450e-01
-1.1971277648242677e-01
-1.2775206372169118e-01
-1.3660699163719109e-01
-1.4638997355979924e-01
-1.5722973976744647e-01
-1.6928830251692181e-01
-1.8274946233954251e-01
-1.9783722159199854e-01
-2.1482603988132504e-01
-2.3403759160553855e-01
-2.5588012886855743e-01
-2.8085113621031016e-01
-3.0956322772058531e-01
-3.4280545608237051e-01
-3.8156388146063180e-01
-4.2711639432701404e-01
-4.8113707909916409e-01
-5.4581506695889781e-01
-6.2412577453418827e-01
-7.1994598735847160e-01
-8.3901161999767626e-01
-9.8937049459449522e-01
-1.1827320692364565e+00
-1.4367216765098485e+00
-1.7780161136760246e+00
-2.2495196350119717e+00
-2.9221197289234757e+00
-3.9088988883552309e+00
-5.3856369386655052e+00
-7.5067442654363781e+00
-9.7715520655025596e+00
-1.0376902130743309e+01
-9.7146389602742893e+00
-8.8750740342246761e+00
-6.9126070240726474e+00
-4.5992693532431543e+00
-3.0378039433152879e+00
-2.0982743858660311e+00
-1.5194754829324344e+00
-1.1455389572028274e+00
-8.9238894283670389e-01
-7.1404911724519105e-01
-5.8405875065116486e-01
-4.9603362405795126e-01
-5.9556335715052655e-01
-7.2717242597729370e-01
-9.0578579314931329e-01
-1.1555702666653449e+00
-1.5171661656870092e+00
-2.0612191981823931e+00
-2.9076085615726655e+00
-4.2182450233097821e+00
-5.9010786828047799e+00
-6.7878211528977159e+00
0.0000000000000000e+00
2.4055929233035767e-01
0.0000000000000000e+00
0.0000000000000000e+00
];
