%Vec Object:sol 1 MPI processes
%  type: mpi
sol = [
0.0000000000000000e+00
-2.4788805214172935e+01
-1.7634897846283277e+01
-1.0763923202770522e+01
-6.6767441890781818e+00
-4.4199438126691533e+00
-3.1060518302802143e+00
-2.2892285241027230e+00
-1.7518059634043746e+00
-1.3815571415230463e+00
-1.1159803940721946e+00
-9.1944021021750788e-01
-7.7024468604877183e-01
-6.5443207512909229e-01
-5.6272694559348313e-01
-4.8890454805513484e-01
-4.2866101232757625e-01
-3.7884273487087344e-01
-3.3712957267135152e-01
-3.0193078424560399e-01
-2.7196350092454469e-01
-2.4620056754160358e-01
-2.2392524244849318e-01
-2.0454173577527154e-01
-1.8755116625558677e-01
-1.7258229731730276e-01
-1.5933856222213233e-01
-1.4755714312386972e-01
-1.3702316850174326e-01
-1.2758083877169923e-01
-1.1908340284538575e-01
-1.1139435502772327e-01
-1.0442928569199789e-01
-9.8100710327509916e-02
-9.2321342192266967e-02
-8.7038714152482696e-02
-8.2199609627310266e-02
-7.7748671244485701e-02
-7.3648240208002633e-02
-6.9866264471710973e-02
-6.6366774649664464e-02
-6.3121072141088364e-02
-6.0109902609905473e-02
-5.7309486417327374e-02
-5.4696924134941108e-02
-5.2260891927283976e-02
-4.9985488809529105e-02
-4.7851818630139278e-02
-4.5853554791686714e-02
-4.3979619053853142e-02
-4.2215191172455792e-02
-4.0555975764570804e-02
-3.8994210003685512e-02
-3.7519020755823446e-02
-3.6126441983532771e-02
-3.4811325097465116e-02
-3.3565594494992482e-02
-3.2385568821000688e-02
-3.1267892311283470e-02
-3.0206498087428594e-02
-2.9197977103254971e-02
-2.8240207509328381e-02
-2.7328579582448838e-02
-2.6459956149474849e-02
-2.5633064093863931e-02
-2.4844359510608181e-02
-2.4090979105965974e-02
-2.3372229647440096e-02
-2.2685351138774627e-02
-2.2027755221682901e-02
-2.1399139255455755e-02
-2.0797322074270198e-02
-2.0219988485958778e-02
-1.9667092170472023e-02
-1.9136880013192074e-02
-1.8627305164817864e-02
-1.8138482234465826e-02
-1.7668974465423880e-02
-1.7216996027309285e-02
-1.6782754373509165e-02
-1.6365045725215775e-02
-1.5962335847166852e-02
-1.5574876645594111e-02
-1.5201634824246722e-02
-1.4841316926954378e-02
-1.4494185133021528e-02
-1.4159330920136269e-02
-1.3835689379241791e-02
-1.3523507406041982e-02
-1.3558173475960273e-02
-1.3872090711248862e-02
-1.4197438391000990e-02
-1.4534379292916811e-02
-1.4883205928776941e-02
-1.5245178889121854e-02
-1.5620488825211751e-02
-1.6009634608667115e-02
-1.6413951841061293e-02
-1.6833645456659004e-02
-1.7269524596670006e-02
-1.7723011300024488e-02
-1.8194328454664156e-02
-1.8684678356399042e-02
-1.9195586994343899e-02
-1.9727303718451602e-02
-2.0281526049920024e-02
-2.0859909508887713e-02
-2.1462745461036065e-02
-2.2092353723773814e-02
-2.2750556771009674e-02
-2.3437714147413625e-02
-2.4156928294925464e-02
-2.4910062323063933e-02
-2.5698128163780795e-02
-2.6524673813271667e-02
-2.7391780140332753e-02
-2.8301425501951444e-02
-2.9257621841570373e-02
-3.0262803733162435e-02
-3.1320205997585650e-02
-3.2434468731297669e-02
-3.3608536190851239e-02
-3.4847290339322844e-02
-3.6156239797125303e-02
-3.7539073296646616e-02
-3.9002858369752889e-02
-4.0554207377068822e-02
-4.2198274664665539e-02
-4.3944707357856223e-02
-4.5801476367825597e-02
-4.7776968015164421e-02
-4.9883286421332433e-02
-5.2130842762870132e-02
-5.4532583582983782e-02
-5.7104225388744080e-02
-5.9859877461422226e-02
-6.2819060488113948e-02
-6.6002857395006886e-02
-6.9431389033769025e-02
-7.3133640042199438e-02
-7.7138301355681380e-02
-8.1477566920259356e-02
-8.6192384006918657e-02
-9.1324726919587595e-02
-9.6925903381694559e-02
-1.0305643285142187e-01
-1.0978055738683502e-01
-1.1718107376534394e-01
-1.2535094223954774e-01
-1.3439646940353220e-01
-1.4445185952442954e-01
-1.5566899895057085e-01
-1.6823317890061215e-01
-1.8237159184552507e-01
-1.9835014565481660e-01
-2.1650690201563486e-01
-2.3725367674324072e-01
-2.6109754922699746e-01
-2.8869241940161305e-01
-3.2085530679064928e-01
-3.5864583766807651e-01
-4.0341451446435511e-01
-4.5698470449008860e-01
-5.2183421082764481e-01
-6.0132037673204319e-01
-7.0012340929989647e-01
-8.2495537011574949e-01
-9.8559333889797751e-01
-1.1966607181350997e+00
-1.4805270349521837e+00
-1.8735847396829832e+00
-2.4345555258226259e+00
-3.2590680895315698e+00
-4.4916162269369782e+00
-6.2501655610524613e+00
-8.0919069904837784e+00
-8.5947145084169367e+00
-8.1229383802040989e+00
-7.5053842167807234e+00
-5.9802146053291718e+00
-4.0647883278175598e+00
-2.7167192032529215e+00
-1.8881699770006926e+00
-1.3721750872928709e+00
-1.0365393880943397e+00
-8.0846300493548240e-01
-6.4734620674426557e-01
-5.2968202723124236e-01
-4.4988946036120564e-01
-5.3974234166203039e-01
-6.5845751185148560e-01
-8.1938765596704799e-01
-1.0440899453376387e+00
-1.3684999442397563e+00
-1.8544736061517229e+00
-2.6037096447029140e+00
-3.7427679571926058e+00
-5.1444124729942065e+00
-5.8398988175696092e+00
0.0000000000000000e+00
2.4055929233035767e-01
0.0000000000000000e+00
0.0000000000000000e+00
];
