%Vec Object:sol 1 MPI processes
%  type: mpi
sol = [
0.0000000000000000e+00
-7.6977607239105396e+01
-3.5437063285205426e+01
-1.6883036798159463e+01
-9.4280362052219537e+00
-5.9277631310531618e+00
-4.0457413285290542e+00
-2.9274928967114917e+00
-2.2117005655622828e+00
-1.7274977706260117e+00
-1.3852772993404889e+00
-1.1346644196697961e+00
-9.4575879842728916e-01
-7.9998839040803915e-01
-6.8518100686923100e-01
-5.9317687082062853e-01
-5.1838528994712507e-01
-4.5676272257234818e-01
-4.0533513321252446e-01
-3.6202395183767688e-01
-3.2523692501217277e-01
-2.9367810906236891e-01
-2.6644546003108510e-01
-2.4279170796877131e-01
-2.2209326090298856e-01
-2.0388693144397152e-01
-1.8780340297391782e-01
-1.7351634621238751e-01
-1.6075950786065929e-01
-1.4933980175893263e-01
-1.3907590302000256e-01
-1.2979971349386218e-01
-1.2140689523016013e-01
-1.1378977685189885e-01
-1.0684141360927661e-01
-1.0049714165950727e-01
-9.4691643827290145e-02
-8.9357343765770716e-02
-8.4448069557651134e-02
-7.9924502975409054e-02
-7.5742881139017948e-02
-7.1868078459919091e-02
-6.8275554164814178e-02
-6.4937551445138256e-02
-6.1826389284912131e-02
-5.8928028717009515e-02
-5.6223147545212362e-02
-5.3689053498354497e-02
-5.1317769351976683e-02
-4.9095843669473622e-02
-4.7005591132607202e-02
-4.5041547670174549e-02
-4.3194284843830179e-02
-4.1450874537305213e-02
-3.9806356257565366e-02
-3.8254442080103077e-02
-3.6785561540758328e-02
-3.5395183930421507e-02
-3.4079165871626627e-02
-3.2830338258854494e-02
-3.1644567901362802e-02
-3.0519181636252980e-02
-2.9448746279629921e-02
-2.8429509967655271e-02
-2.7459807628290433e-02
-2.6535472129648012e-02
-2.5653121554590839e-02
-2.4811778292127148e-02
-2.4008204150532821e-02
-2.3239377120549239e-02
-2.2504782312122322e-02
-2.1801866493258489e-02
-2.1127955523002943e-02
-2.0482838941040808e-02
-1.9864470117885422e-02
-1.9270508361704904e-02
-1.8700935997200102e-02
-1.8154081655109698e-02
-1.7627921745851115e-02
-1.7122552442645843e-02
-1.6636580255761257e-02
-1.6168280873182683e-02
-1.5717808795291173e-02
-1.5283975885374595e-02
-1.4865338442903473e-02
-1.4462070436769900e-02
-1.4073134865817389e-02
-1.3697349577379938e-02
-1.3334881212090139e-02
-1.3315043367266029e-02
-1.3567533028981673e-02
-1.3828086480330499e-02
-1.4096674794851801e-02
-1.4373343652346909e-02
-1.4659124165850173e-02
-1.4953962281054455e-02
-1.5258100795804339e-02
-1.5572585499992403e-02
-1.5897328874622425e-02
-1.6232822510850821e-02
-1.6580125625746036e-02
-1.6939110297985432e-02
-1.7310576265582786e-02
-1.7695597563009591e-02
-1.8094000125098049e-02
-1.8506962761281456e-02
-1.8935578589771847e-02
-1.9379623949179622e-02
-1.9840741720517939e-02
-2.0320053129288598e-02
-2.0817285355025215e-02
-2.1334648530621454e-02
-2.1873143637219719e-02
-2.2432947548294641e-02
-2.3016472292333376e-02
-2.3624720586882593e-02
-2.4258539177526885e-02
-2.4920496629319579e-02
-2.5611660517328442e-02
-2.6333716063022410e-02
-2.7089452482097306e-02
-2.7880058251229946e-02
-2.8708273327170734e-02
-2.9577205175579508e-02
-3.0488250875354988e-02
-3.1445494546842125e-02
-3.2452407104701583e-02
-3.3511033594527145e-02
-3.4626894745757864e-02
-3.5803823381966478e-02
-3.7045702125507680e-02
-3.8359065120023045e-02
-3.9748674734183996e-02
-4.1220899460440705e-02
-4.2783771182916666e-02
-4.4443499533818140e-02
-4.6209884261108940e-02
-4.8093160295099482e-02
-5.0102025878908482e-02
-5.2250955749554746e-02
-5.4553070136018678e-02
-5.7022888953420489e-02
-5.9679916001949662e-02
-6.2542713948686879e-02
-6.5634686892975302e-02
-6.8983496809984390e-02
-7.2616807279211201e-02
-7.6572153550925295e-02
-8.0890320128491552e-02
-8.5616883106467812e-02
-9.0810986584762526e-02
-9.6537199487444686e-02
-1.0287455277404040e-01
-1.0991994571843855e-01
-1.1778361387276547e-01
-1.2660408367712103e-01
-1.3655418056307744e-01
-1.4784107866627341e-01
-1.6073260516370136e-01
-1.7555789719372084e-01
-1.9274210915128839e-01
-2.1283911290485777e-01
-2.3656394851550971e-01
-2.6488695830036801e-01
-2.9911388433075009e-01
-3.4104495555185455e-01
-3.9323307542329727e-01
-4.5932996790933006e-01
-5.4471929663143415e-01
-6.5742977742676512e-01
-8.0954686230080763e-01
-1.0193361193158816e+00
-1.3117314948093293e+00
-1.7093224010709902e+00
-2.1869238621347633e+00
-2.5938703983364277e+00
-2.8097801614470712e+00
-2.9700984867184967e+00
-3.1500697004949814e+00
-3.0844801730263569e+00
-2.5660912445159179e+00
-1.9547662452399015e+00
-1.4792689895298643e+00
-1.1435181867113087e+00
-9.0732763246221249e-01
-7.3763083721383160e-01
-6.1242832043285123e-01
-5.1760336421600883e-01
-4.5282478922367114e-01
-5.5816979716668613e-01
-6.9863692682132128e-01
-8.9091043844741735e-01
-1.1621002237500415e+00
-1.5586103158936226e+00
-2.1616860809766449e+00
-3.1139644124474302e+00
-4.6261059471275034e+00
-6.6730252517380393e+00
-7.8694709587255334e+00
0.0000000000000000e+00
1.3464638167935297e-01
0.0000000000000000e+00
0.0000000000000000e+00
];
