%Vec Object:sol 1 MPI processes
%  type: mpi
sol = [
0.0000000000000000e+00
-1.7169527226487183e+01
-1.3451317634813488e+01
-8.9920178737528040e+00
-5.8526864024942169e+00
-3.9714217043308864e+00
-2.8300907001596576e+00
-2.1051733242467496e+00
-1.6212450460973493e+00
-1.2840758536909367e+00
-1.0410704953368151e+00
-8.6037150121997219e-01
-7.2264558253285383e-01
-6.1539137076095918e-01
-5.3023981277864529e-01
-4.6145400680125781e-01
-4.0522783098879595e-01
-3.5868114063113543e-01
-3.1968228338711252e-01
-2.8673099704439858e-01
-2.5864395714126331e-01
-2.3447110967944707e-01
-2.1354949287699102e-01
-1.9532677275273638e-01
-1.7933941313130675e-01
-1.6524245160104362e-01
-1.5276011695549843e-01
-1.4164744014389949e-01
-1.3170394614614925e-01
-1.2278452988682625e-01
-1.1475211277943974e-01
-1.0747882272356536e-01
-1.0088604109931001e-01
-9.4891903394956900e-02
-8.9414402765484582e-02
-8.4404601409829097e-02
-7.9812656768986898e-02
-7.5586469856225566e-02
-7.1690773056973231e-02
-6.8095571631507326e-02
-6.4766972448215929e-02
-6.1677971023658094e-02
-5.8810600828790791e-02
-5.6142441218206121e-02
-5.3651832951256695e-02
-5.1328277621428900e-02
-4.9156785966399337e-02
-4.7119388380520523e-02
-4.5210301068478224e-02
-4.3419080909678692e-02
-4.1731581180404459e-02
-4.0143900679255017e-02
-3.8648726690148405e-02
-3.7235661962286969e-02
-3.5901053474462145e-02
-3.4640072225309813e-02
-3.3444984128498376e-02
-3.2312356598382268e-02
-3.1239066981142198e-02
-3.0219297213985686e-02
-2.9249835061240050e-02
-2.8328733967356311e-02
-2.7451568134311551e-02
-2.6615354870757318e-02
-2.5818957244717566e-02
-2.5058969179600862e-02
-2.4332647211609288e-02
-2.3639409564057794e-02
-2.2976622694276833e-02
-2.2341695797567212e-02
-2.1734416435139174e-02
-2.1152712590124335e-02
-2.0594380111171630e-02
-2.0059462858756368e-02
-1.9546269095475320e-02
-1.9052801164159413e-02
-1.8579241249655196e-02
-1.8124200391553751e-02
-1.7685927671166345e-02
-1.7264691136713462e-02
-1.6859324085690710e-02
-1.6468316395146978e-02
-1.6091974990891319e-02
-1.5729294830483985e-02
-1.5378998864093638e-02
-1.5041399372824036e-02
-1.4715607123752472e-02
-1.4400569102685624e-02
-1.4096579329456892e-02
-1.4153794432744804e-02
-1.4503158707397434e-02
-1.4865597378431409e-02
-1.5241361550145511e-02
-1.5630787264365124e-02
-1.6035256677815028e-02
-1.6455047292475742e-02
-1.6890759369315243e-02
-1.7343871931145522e-02
-1.7814691594927309e-02
-1.8304159307046028e-02
-1.8813866435343645e-02
-1.9344155434649343e-02
-1.9896401216524275e-02
-2.0472330198129177e-02
-2.1072333383604008e-02
-2.1698335081140208e-02
-2.2352229275832289e-02
-2.3034476840407717e-02
-2.3747696049406495e-02
-2.4493995165855528e-02
-2.5273939037114265e-02
-2.6091023358628469e-02
-2.6947444707128784e-02
-2.7844504317266122e-02
-2.8786231996090185e-02
-2.9775111754321400e-02
-3.0813534892089395e-02
-3.1906101445181335e-02
-3.3055743770965242e-02
-3.4266279301164465e-02
-3.5543075987069808e-02
-3.6889703253531254e-02
-3.8311859895823405e-02
-3.9815969796731299e-02
-4.1406522483025003e-02
-4.3091726955375990e-02
-4.4879357079271424e-02
-4.6775649255648553e-02
-4.8791812669951883e-02
-5.0937301112311061e-02
-5.3222096035022613e-02
-5.5660351713407358e-02
-5.8264462777298895e-02
-6.1049718573712039e-02
-6.4034594356385352e-02
-6.7235924797527782e-02
-7.0676683111430924e-02
-7.4381758599798717e-02
-7.8375160355477799e-02
-8.2690976038477984e-02
-8.7363229264281250e-02
-9.2430127939447979e-02
-9.7939995681527628e-02
-1.0394268519025165e-01
-1.1049893508565670e-01
-1.1768034045101844e-01
-1.2556325363635226e-01
-1.3424559739603315e-01
-1.4383756393217295e-01
-1.5446533402187629e-01
-1.6628775786660693e-01
-1.7948502814924355e-01
-1.9427678189145070e-01
-2.1093216381263805e-01
-2.2976661564789852e-01
-2.5118056148691392e-01
-2.7566198414550552e-01
-3.0381186026945722e-01
-3.3640439805860339e-01
-3.7440730400584493e-01
-4.1901946782049759e-01
-4.7190910267487163e-01
-5.3522310940433615e-01
-6.1187253230886007e-01
-7.0581863659934585e-01
-8.2257965997854676e-01
-9.7006303094887547e-01
-1.1597794731882933e+00
-1.4085079254228310e+00
-1.7430945421591530e+00
-2.2060479661821777e+00
-2.8651785376252032e+00
-3.8345596541364397e+00
-5.2842155002953408e+00
-7.3632798794038141e+00
-9.5824766676579678e+00
-1.0178486881432795e+01
-9.5402153396480500e+00
-8.7263027862453786e+00
-6.8132327282703447e+00
-4.5428657401552766e+00
-3.0041523061496638e+00
-2.0762977265704574e+00
-1.5041617264417013e+00
-1.1341821949749751e+00
-8.8367629288530314e-01
-7.0714488589358615e-01
-5.7841600395305670e-01
-4.9124742676620059e-01
-5.8978611792915936e-01
-7.2007825823936544e-01
-8.9689120565778735e-01
-1.1440602301598684e+00
-1.5018803513327621e+00
-2.0399463634065875e+00
-2.8763987516246554e+00
-4.1694885047544146e+00
-5.8232172967714328e+00
-6.6895629864327528e+00
0.0000000000000000e+00
2.4055929233035767e-01
0.0000000000000000e+00
0.0000000000000000e+00
];
