%Vec Object:sol 1 MPI processes
%  type: mpi
sol = [
0.0000000000000000e+00
-4.8811228319128247e+01
-2.9355767425649731e+01
-1.5739137583548061e+01
-9.1632807713415776e+00
-5.8685376052034011e+00
-4.0440390541342701e+00
-2.9436833993527203e+00
-2.2325321997735785e+00
-1.7492326737009622e+00
-1.4057607758058961e+00
-1.1535092152731650e+00
-9.6312950996188140e-01
-8.1602867447866301e-01
-6.9998838372256500e-01
-6.0675132950256239e-01
-5.3087982296648717e-01
-4.6831929688424151e-01
-4.1608726928051148e-01
-3.7209138054500468e-01
-3.3469424412512599e-01
-3.0259110574758907e-01
-2.7487005446835111e-01
-2.5077638271464275e-01
-2.2968068738427144e-01
-2.1111420400336703e-01
-1.9470283559279453e-01
-1.8011652362480238e-01
-1.6708576445924900e-01
-1.5541441289464503e-01
-1.4491872323522365e-01
-1.3542856816074231e-01
-1.2683437047223028e-01
-1.1902886243619520e-01
-1.1190581468578158e-01
-1.0539918042636283e-01
-9.9442453033701306e-02
-9.3966965571497960e-02
-8.8925632950915101e-02
-8.4278353406892478e-02
-7.9980575211627630e-02
-7.5996667970599244e-02
-7.2302456379357324e-02
-6.8868506856955766e-02
-6.5666583929410396e-02
-6.2682363310109804e-02
-5.9896158499316697e-02
-5.7284821628983913e-02
-5.4840227564715661e-02
-5.2548662444522713e-02
-5.0392044378065319e-02
-4.8364828157539709e-02
-4.6457397646242578e-02
-4.4656506450305951e-02
-4.2957118809131209e-02
-4.1352828008313802e-02
-3.9833807947072614e-02
-3.8395447918540861e-02
-3.7033539745321982e-02
-3.5740708920289008e-02
-3.4512733266723911e-02
-3.3346916818901867e-02
-3.2237660968493127e-02
-3.1181115624981031e-02
-3.0175625102391468e-02
-2.9216888392767298e-02
-2.8301417936431834e-02
-2.7428269633409781e-02
-2.6594096167625352e-02
-2.5795764859659398e-02
-2.5032812115247653e-02
-2.4302594674877165e-02
-2.3602325640634639e-02
-2.2931858346909126e-02
-2.2289070452196209e-02
-2.1671509507889975e-02
-2.1079229803704566e-02
-2.0510494550020571e-02
-1.9963172488267868e-02
-1.9437436265796817e-02
-1.8931833826154140e-02
-1.8444540182998872e-02
-1.7975787812568235e-02
-1.7524333943735704e-02
-1.7088643938285554e-02
-1.6668968664625923e-02
-1.6264217893427153e-02
-1.5873130757764184e-02
-1.5495947601540839e-02
-1.5516496394706002e-02
-1.5856018753631292e-02
-1.6207568956875643e-02
-1.6571289132804871e-02
-1.6947411685633698e-02
-1.7337301803829860e-02
-1.7741106879384263e-02
-1.8159321218049772e-02
-1.8593378016678996e-02
-1.9043428065402788e-02
-1.9510300584212936e-02
-1.9995506349132101e-02
-2.0499201034247159e-02
-2.1022636059963049e-02
-2.1567415415796945e-02
-2.2133705726294497e-02
-2.2723287535710179e-02
-2.3337881466611830e-02
-2.3977677962910025e-02
-2.4645118910435602e-02
-2.5342076599836408e-02
-2.6068788493348719e-02
-2.6828523586243595e-02
-2.7623157760695294e-02
-2.8453613489072813e-02
-2.9323598388003753e-02
-3.0235178363326412e-02
-3.1190290805591613e-02
-3.2193086555254442e-02
-3.3245956924847116e-02
-3.4352149777124058e-02
-3.5516419316264168e-02
-3.6741633626715259e-02
-3.8032746381614024e-02
-3.9395350687953717e-02
-4.0833020022667296e-02
-4.2352956875624487e-02
-4.3961811765907320e-02
-4.5664606039910412e-02
-4.7471158885995034e-02
-4.9389403645600537e-02
-5.1427652974158154e-02
-5.3598132381570442e-02
-5.5911150214553791e-02
-5.8379636126080707e-02
-6.1019358613376727e-02
-6.3844237379632685e-02
-6.6873820715317098e-02
-7.0129139606256316e-02
-7.3630019282555345e-02
-7.7405474293977580e-02
-8.1483947476243546e-02
-8.5897314187888790e-02
-9.0686355851412659e-02
-9.5892557062222619e-02
-1.0156679510566535e-01
-1.0776909746449079e-01
-1.1456281540151492e-01
-1.2202857740023221e-01
-1.3025551358624080e-01
-1.3935145014388653e-01
-1.4944882209622518e-01
-1.6069699003767116e-01
-1.7327822500154796e-01
-1.8741600807060246e-01
-2.0337124658528880e-01
-2.2147600711965804e-01
-2.4213422516315983e-01
-2.6584269063653798e-01
-2.9324222859851046e-01
-3.2513233814380083e-01
-3.6254954148110075e-01
-4.0685191377237939e-01
-4.5981407371644256e-01
-5.2385218894477303e-01
-6.0225425695367896e-01
-6.9951186436342816e-01
-8.2216020866676054e-01
-9.7977460113518711e-01
-1.1866994736262202e+00
-1.4651326400064753e+00
-1.8496157430341920e+00
-2.3979845556404591e+00
-3.2033345522328083e+00
-4.4063183187998112e+00
-6.1184568673028661e+00
-7.9022275026920754e+00
-8.3670886884751088e+00
-7.8886769886247343e+00
-7.2780557213642059e+00
-5.8046527635698935e+00
-3.9535998956670966e+00
-2.6447766000081212e+00
-1.8383765550962530e+00
-1.3355463066779352e+00
-1.0083978425152293e+00
-7.8606553751968955e-01
-6.2891352388562127e-01
-5.1416814039456027e-01
-4.3636731333836476e-01
-5.2296896734437748e-01
-6.3731181437259732e-01
-7.9213107386431247e-01
-1.0080335413623978e+00
-1.3194537670291226e+00
-1.7846393165548629e+00
-2.4992884126128980e+00
-3.5764894489978065e+00
-4.8787040481357025e+00
-5.5083371759787605e+00
0.0000000000000000e+00
1.3464638167935297e-01
0.0000000000000000e+00
0.0000000000000000e+00
];
