%Vec Object:sol 1 MPI processes
%  type: mpi
sol = [
0.0000000000000000e+00
-3.0350371532175725e+01
-2.0198095971727135e+01
-1.1707006975146648e+01
-7.0900107207988983e+00
-4.6374861791063102e+00
-3.2365029672854662e+00
-2.3758112912441303e+00
-1.8125354758337133e+00
-1.4262642459989461e+00
-1.1503750137127078e+00
-9.4645826259944998e-01
-7.9194690812671042e-01
-6.7218278454034119e-01
-5.7746125331875164e-01
-5.0128641535878915e-01
-4.3917615253452008e-01
-3.8786902179151217e-01
-3.4492646754103740e-01
-3.0870876052984625e-01
-2.7789015351545543e-01
-2.5140788591710223e-01
-2.2852079597009398e-01
-2.0861323317053934e-01
-1.9117006637437622e-01
-1.7580812053178299e-01
-1.6222141238326782e-01
-1.5013895517892895e-01
-1.3933929905662823e-01
-1.2966185774596803e-01
-1.2095547722128945e-01
-1.1307967024891726e-01
-1.0594747436274871e-01
-9.9468856002654205e-02
-9.3554086810414716e-02
-8.8149144709063001e-02
-8.3199293147355052e-02
-7.8647673298716386e-02
-7.4455558312428505e-02
-7.0589980860528465e-02
-6.7014019336013808e-02
-6.3698207118090197e-02
-6.0622725704934030e-02
-5.7763175884234651e-02
-5.5096087821331276e-02
-5.2609782679926526e-02
-5.0287946667801342e-02
-4.8111251979359698e-02
-4.6073143336256270e-02
-4.4162256149928289e-02
-4.2363455204642471e-02
-4.0672278775484093e-02
-3.9080762162497104e-02
-3.7577810776922758e-02
-3.6159323445781592e-02
-3.4820009654430585e-02
-3.3551635758586884e-02
-3.2350411101140959e-02
-3.1212877259886231e-02
-3.0132852901837898e-02
-2.9106841413170624e-02
-2.8132644234322962e-02
-2.7205567594066653e-02
-2.6322404918597907e-02
-2.5481823482630919e-02
-2.4680216806598806e-02
-2.3914665926310235e-02
-2.3184431549103993e-02
-2.2486709388086359e-02
-2.1818868036387030e-02
-2.1180563701735426e-02
-2.0569585381697321e-02
-1.9983579957436267e-02
-1.9422429431017033e-02
-1.8884319579470479e-02
-1.8367260516296453e-02
-1.7871330931903358e-02
-1.7395068250796560e-02
-1.6936679771865557e-02
-1.6496343976839425e-02
-1.6072840064180423e-02
-1.5664623444139367e-02
-1.5271919427109449e-02
-1.4893681870023842e-02
-1.4528610825951792e-02
-1.4176943780967203e-02
-1.3837761487317567e-02
-1.3509995539094580e-02
-1.3193871432433616e-02
-1.3216313696956989e-02
-1.3510598362450062e-02
-1.3815418427445320e-02
-1.4130907256559000e-02
-1.4457276185263969e-02
-1.4795716646018989e-02
-1.5146368558912823e-02
-1.5509671922717318e-02
-1.5886880421027701e-02
-1.6278139321844045e-02
-1.6684181419810110e-02
-1.7106331635397640e-02
-1.7544742372442728e-02
-1.8000516135956070e-02
-1.8475063458388296e-02
-1.8968549803730514e-02
-1.9482541753399942e-02
-2.0018556850267641e-02
-2.0576785641784348e-02
-2.1159375730335751e-02
-2.1767983494151738e-02
-2.2402845889010412e-02
-2.3066838426440292e-02
-2.3761629171608963e-02
-2.4488058428519314e-02
-2.5249395066795806e-02
-2.6047483007249725e-02
-2.6884056982994686e-02
-2.7762786662721278e-02
-2.8685812805781488e-02
-2.9656027608547773e-02
-3.0677645641520122e-02
-3.1753240727219884e-02
-3.2887215195769967e-02
-3.4084540265913323e-02
-3.5348428543852506e-02
-3.6685277489811860e-02
-3.8101014390775255e-02
-3.9600149448776482e-02
-4.1191411367505724e-02
-4.2881892109316595e-02
-4.4679030610941410e-02
-4.6593720495835322e-02
-4.8635193191585123e-02
-5.0815004676128150e-02
-5.3147236081193074e-02
-5.5644370534399933e-02
-5.8323878270679308e-02
-6.1204577119659431e-02
-6.4304262077613888e-02
-6.7648881829595039e-02
-7.1263940352373781e-02
-7.5178033075990053e-02
-7.9427701573903720e-02
-8.4050196104597297e-02
-8.9091173152020808e-02
-9.4604511685392662e-02
-1.0064716834551835e-01
-1.0729285465962837e-01
-1.1462415681572413e-01
-1.2273539397484985e-01
-1.3174591159831356e-01
-1.4179048515984985e-01
-1.5303362727110817e-01
-1.6567712421911468e-01
-1.7995681210417733e-01
-1.9617287192015875e-01
-2.1469075736939877e-01
-2.3596027445045373e-01
-2.6056184756237671e-01
-2.8922027621917512e-01
-3.2286525617822087e-01
-3.6271021327123804e-01
-4.1038136974921763e-01
-4.6806831990437803e-01
-5.3875211926799271e-01
-6.2658871503441282e-01
-7.3753907647998862e-01
-8.8028506300397691e-01
-1.0678290755577768e+00
-1.3200717649408362e+00
-1.6692489310339447e+00
-2.1675028734896915e+00
-2.8987594307472198e+00
-3.9886241524978727e+00
-5.5292378058609462e+00
-7.1098976148247290e+00
-7.5374273381284853e+00
-7.1647584615074749e+00
-6.6712993749798812e+00
-5.4043788029984388e+00
-3.7344144588917483e+00
-2.5198091223886974e+00
-1.7608486806696917e+00
-1.2837184296858277e+00
-9.7194929695380561e-01
-7.5929597826231943e-01
-6.0868228452404338e-01
-4.9851290067557341e-01
-4.2376997458743670e-01
-5.0852182006708302e-01
-6.2045583573087482e-01
-7.7206424748154989e-01
-9.8361531640174771e-01
-1.2887960980525559e+00
-1.7443979531151381e+00
-2.4435889782534388e+00
-3.4945159331250371e+00
-4.7568846542171883e+00
-5.3633982662087858e+00
0.0000000000000000e+00
2.4055929233035767e-01
0.0000000000000000e+00
0.0000000000000000e+00
];
