%Vec Object:sol 1 MPI processes
%  type: mpi
sol = [
0.0000000000000000e+00
-1.6947338395451020e+01
-1.3316011586600736e+01
-8.9300841391282777e+00
-5.8226683310883010e+00
-3.9542200736309483e+00
-2.8196631222875892e+00
-2.0979992619850671e+00
-1.6163464280107560e+00
-1.2803697966477350e+00
-1.0381768313068664e+00
-8.5805630554640833e-01
-7.2075634698740021e-01
-6.1382464091592015e-01
-5.2892228571592115e-01
-4.6042080853822565e-01
-4.0434624776040812e-01
-3.5791952855823367e-01
-3.1901970873242524e-01
-2.8615096569830417e-01
-2.5813338972867844e-01
-2.3401959706832778e-01
-2.1314850132598165e-01
-1.9496929589018203e-01
-1.7901969558940745e-01
-1.6495567380119933e-01
-1.5250220451562060e-01
-1.4141496134404971e-01
-1.3149399017038987e-01
-1.2259457548405452e-01
-1.1457999190631660e-01
-1.0732268332261782e-01
-1.0074424519529020e-01
-9.4763020641082579e-02
-8.9297197900026132e-02
-8.4297971107563346e-02
-7.9715623582433892e-02
-7.5498177858579096e-02
-7.1610456226971139e-02
-6.8022541580696691e-02
-6.4700618813865476e-02
-6.1617747391941993e-02
-5.8756009889187402e-02
-5.6093037113854147e-02
-5.3607216762266104e-02
-5.1288082226919385e-02
-4.9120679007644254e-02
-4.7087072634937922e-02
-4.5181500435145183e-02
-4.3393543644224430e-02
-4.1709081173197264e-02
-4.0124227221219000e-02
-3.8631686430259639e-02
-3.7221079763349811e-02
-3.5888766409061232e-02
-3.4629929766881999e-02
-3.3436848893866819e-02
-3.2306100900328739e-02
-3.1234572223500675e-02
-3.0216454428554178e-02
-2.9248542953376602e-02
-2.8328898102270943e-02
-2.7453101231134869e-02
-2.6618175683448070e-02
-2.5822989859356597e-02
-2.5064143045267179e-02
-2.4338896613812135e-02
-2.3646671017383311e-02
-2.2984815032698405e-02
-2.2350835539611567e-02
-2.1744524351433599e-02
-2.1163783912859724e-02
-2.0606370316562813e-02
-2.0072318158473032e-02
-1.9559939165102267e-02
-1.9067238567482919e-02
-1.8594402058656024e-02
-1.8140043361219809e-02
-1.7702413661380506e-02
-1.7281784050271136e-02
-1.6876989903214963e-02
-1.6486522611012744e-02
-1.6110691777283397e-02
-1.5748493953568959e-02
-1.5398653171610975e-02
-1.5061484096954318e-02
-1.4736098703786617e-02
-1.4421444760345481e-02
-1.4117818415860251e-02
-1.4175926066341809e-02
-1.4526663668769216e-02
-1.4890539203740004e-02
-1.5267806802315117e-02
-1.5658805820350535e-02
-1.6064922982640222e-02
-1.6486439627340397e-02
-1.6923964341861591e-02
-1.7378979601771434e-02
-1.7851784964722724e-02
-1.8343327515840339e-02
-1.8855150770863711e-02
-1.9387594751365617e-02
-1.9942099599324071e-02
-2.0520398844540665e-02
-2.1122888277059090e-02
-2.1751500232622498e-02
-2.2408137100857452e-02
-2.3093265454737943e-02
-2.3809514147385732e-02
-2.4559001447775421e-02
-2.5342299078241714e-02
-2.6162916673136815e-02
-2.7023062374154305e-02
-2.7924047230110386e-02
-2.8869918021860494e-02
-2.9863172645643369e-02
-3.0906216549403502e-02
-3.2003670342910621e-02
-3.3158483427697005e-02
-3.4374493304049014e-02
-3.5657093215825622e-02
-3.7009873876166118e-02
-3.8438562283428804e-02
-3.9949613919551367e-02
-4.1547545441854523e-02
-4.3240605271882518e-02
-4.5036607099354933e-02
-4.6941823911099821e-02
-4.8967518692524213e-02
-5.1123195684053623e-02
-5.3418890434781825e-02
-5.5868827351545740e-02
-5.8485468148716170e-02
-6.1284181643503785e-02
-6.4283536825146453e-02
-6.7500460011575253e-02
-7.0958041314267820e-02
-7.4681298468473822e-02
-7.8694370627803018e-02
-8.3031517562659710e-02
-8.7726941355922669e-02
-9.2819050660923580e-02
-9.8356415939291009e-02
-1.0438915164177388e-01
-1.1097830985881156e-01
-1.1819585323345486e-01
-1.2611853329681552e-01
-1.3484477244245160e-01
-1.4448532922440938e-01
-1.5516703467398907e-01
-1.6704954540492206e-01
-1.8031397455451420e-01
-1.9518107296726481e-01
-2.1192134164559279e-01
-2.3085181338428531e-01
-2.5237491081372621e-01
-2.7698104299042992e-01
-3.0527415940173702e-01
-3.3803226084248539e-01
-3.7622768710475091e-01
-4.2112072320837185e-01
-4.7430734237622335e-01
-5.3794834036351635e-01
-6.1499095579703200e-01
-7.0941506058298864e-01
-8.2676436699763922e-01
-9.7498211012893587e-01
-1.1656299997912767e+00
-1.4157913445559724e+00
-1.7520010018947569e+00
-2.2171437380893662e+00
-2.8797197575036493e+00
-3.8537669311910654e+00
-5.3101639310308490e+00
-7.4000261179136055e+00
-9.6312114241901199e+00
-1.0229455014336372e+01
-9.5854033994504366e+00
-8.7646159559007515e+00
-6.8388659394803595e+00
-4.5574300296110231e+00
-3.0128464815886233e+00
-2.0819773417190279e+00
-1.5081204492517959e+00
-1.1371184405210180e+00
-8.8592930720874918e-01
-7.0893052849213090e-01
-5.7987827714414408e-01
-4.9248552368622783e-01
-5.9128077033014625e-01
-7.2191387270835206e-01
-8.9919302743587648e-01
-1.1470392554122513e+00
-1.5058373962831422e+00
-2.0454542550304522e+00
-2.8844812035391771e+00
-4.1821172323759992e+00
-5.8433860255599335e+00
-6.7149928853942873e+00
0.0000000000000000e+00
2.4055929233035767e-01
0.0000000000000000e+00
0.0000000000000000e+00
];
