%Vec Object:sol 1 MPI processes
%  type: mpi
sol = [
0.0000000000000000e+00
-1.8913231441885429e+01
-1.4487688441888334e+01
-9.4558383803024206e+00
-6.0755426181328698e+00
-4.0941516959242792e+00
-2.9073394032666022e+00
-2.1563201058311208e+00
-1.6575516613031809e+00
-1.3115673933067393e+00
-1.0622314239540576e+00
-8.7698786941532980e-01
-7.3598343122346954e-01
-6.2629128952785584e-01
-5.3927845150612008e-01
-4.6912912961732200e-01
-4.1181008212676307e-01
-3.6437277564383191e-01
-3.2463834432699779e-01
-2.9107371381437674e-01
-2.6245162700147440e-01
-2.3781931456383837e-01
-2.1650715636780180e-01
-1.9795004859066223e-01
-1.8167412659067556e-01
-1.6732672035328827e-01
-1.5462596041487181e-01
-1.4332168229713152e-01
-1.3320922489341278e-01
-1.2414034679862913e-01
-1.1597516091533536e-01
-1.0858330892571663e-01
-1.0188446966849249e-01
-9.5795151150071020e-02
-9.0231834729710692e-02
-8.5144548906433970e-02
-8.0482474592435058e-02
-7.6192581672233820e-02
-7.2238909236337176e-02
-6.8590865491469991e-02
-6.5213964562941554e-02
-6.2080715982197061e-02
-5.9172777736698233e-02
-5.6467341201598749e-02
-5.3942395158474175e-02
-5.1587198899281823e-02
-4.9386502629969117e-02
-4.7322076524378372e-02
-4.5387976047995132e-02
-4.3573576610729553e-02
-4.1864543450979695e-02
-4.0256858795548585e-02
-3.8743081229622389e-02
-3.7312680754379067e-02
-3.5961912957978195e-02
-3.4685857084088806e-02
-3.3476683822492810e-02
-3.2330888780540731e-02
-3.1245282074372879e-02
-3.0213976273149042e-02
-2.9233702907314443e-02
-2.8302464643630468e-02
-2.7415784401874879e-02
-2.6570635753644916e-02
-2.5765842169178516e-02
-2.4997959117143420e-02
-2.4264209585209084e-02
-2.3563977858007693e-02
-2.2894579408311761e-02
-2.2253491974212610e-02
-2.1640477308172118e-02
-2.1053412245775588e-02
-2.0490031187942646e-02
-1.9950343011921005e-02
-1.9432639583925184e-02
-1.8934910361536678e-02
-1.8457318511127373e-02
-1.7998462297754668e-02
-1.7556581738837534e-02
-1.7131927837402090e-02
-1.6723323988239627e-02
-1.6329253876543687e-02
-1.5950008986498832e-02
-1.5584576732885122e-02
-1.5231675914092519e-02
-1.4891604752602971e-02
-1.4563468487757480e-02
-1.4246211260956581e-02
-1.3940114300007611e-02
-1.3991307752987212e-02
-1.4331142141856604e-02
-1.4683623713361614e-02
-1.5048984507814875e-02
-1.5427540360343578e-02
-1.5820641363928960e-02
-1.6228542854471534e-02
-1.6651818974321542e-02
-1.7091911095329957e-02
-1.7549099977102595e-02
-1.8024292486874295e-02
-1.8519035745015393e-02
-1.9033641915496866e-02
-1.9569441163947137e-02
-2.0128107773604839e-02
-2.0709996997538945e-02
-2.1316974266730616e-02
-2.1950871820214327e-02
-2.2612107907972426e-02
-2.3303223274527843e-02
-2.4026252515388213e-02
-2.4781709032957108e-02
-2.5572986388355517e-02
-2.6402195753351874e-02
-2.7270565330132016e-02
-2.8182000311871874e-02
-2.9138881967247055e-02
-3.0143496747993121e-02
-3.1200293322636349e-02
-3.2312077744233510e-02
-3.3482519066452748e-02
-3.4716798797514131e-02
-3.6018328406696200e-02
-3.7392598419207834e-02
-3.8845799381231852e-02
-4.0382219305698186e-02
-4.2009776215811569e-02
-4.3735949388983106e-02
-4.5566703479908079e-02
-4.7512850375669081e-02
-4.9583469974429507e-02
-5.1788142518536452e-02
-5.4140503539737178e-02
-5.6652449905984718e-02
-5.9338681917604275e-02
-6.2216980207214209e-02
-6.5303454488576190e-02
-6.8618858792846210e-02
-7.2187980108401592e-02
-7.6034094578112346e-02
-8.0189962920487218e-02
-8.4688223184194403e-02
-8.9565520626871245e-02
-9.4868260893467268e-02
-1.0064424917158948e-01
-1.0695177190964604e-01
-1.1385954371374443e-01
-1.2144076802261373e-01
-1.2978943204487969e-01
-1.3901124430522607e-01
-1.4922721347700765e-01
-1.6058977280175746e-01
-1.7327174364795700e-01
-1.8748381522907356e-01
-2.0348419835569670e-01
-2.2157541956514387e-01
-2.4214163433849725e-01
-2.6565094478485063e-01
-2.9267980313823788e-01
-3.2397097411440251e-01
-3.6045269115135864e-01
-4.0332824194159245e-01
-4.5417440085043004e-01
-5.1505344171121270e-01
-5.8875089351617094e-01
-6.7897102612014104e-01
-7.9109965926708670e-01
-9.3273226462019565e-01
-1.1149258927910306e+00
-1.3543311965443048e+00
-1.6762246767564908e+00
-2.1211842210440137e+00
-2.7563792555728499e+00
-3.6887332176346170e+00
-5.0844408185004806e+00
-7.0861741492565704e+00
-9.2131364615338036e+00
-9.7897622821100239e+00
-9.1936832097499597e+00
-8.4317586382849168e+00
-6.6149815563230012e+00
-4.4299001431098972e+00
-2.9365931270453234e+00
-2.0321175474417346e+00
-1.4732292518946553e+00
-1.1113121490488185e+00
-8.6611826200891995e-01
-6.9318159639749499e-01
-5.6701257307057962e-01
-4.8158863481019204e-01
-5.7812147339879472e-01
-7.0574687968109062e-01
-8.7885453597074470e-01
-1.1207843721575010e+00
-1.4709454323066198e+00
-1.9968653512300447e+00
-2.8131417909280141e+00
-4.0706030551865293e+00
-5.6654253518714173e+00
-6.4909583301096836e+00
0.0000000000000000e+00
2.4055929233035767e-01
0.0000000000000000e+00
0.0000000000000000e+00
];
