%Vec Object:sol 1 MPI processes
%  type: mpi
sol = [
0.0000000000000000e+00
-2.3555412509123787e+01
-1.7008385842306208e+01
-1.0516748886385814e+01
-6.5684253734186253e+00
-4.3614199347059683e+00
-3.0699946537491085e+00
-2.2658915005680433e+00
-1.7351081935870021e+00
-1.3688747311325458e+00
-1.1064252848050218e+00
-9.1209014104818686e-01
-7.6432372213315070e-01
-6.4950939181679757e-01
-5.5858040440868173e-01
-4.8537318729729889e-01
-4.2562490422528504e-01
-3.7622708502746555e-01
-3.3488746382218282e-01
-2.9999489201954371e-01
-2.7028143416229516e-01
-2.4473134205919983e-01
-2.2263578900294900e-01
-2.0340530079926455e-01
-1.8654607432179227e-01
-1.7169062556165002e-01
-1.5854535980422496e-01
-1.4684603452182710e-01
-1.3638126316845661e-01
-1.2700046490816308e-01
-1.1855795693700742e-01
-1.1091820850732420e-01
-1.0399743385696146e-01
-9.7708777900437582e-02
-9.1965561748311095e-02
-8.6715705091934561e-02
-8.1906372231105182e-02
-7.7482584538956609e-02
-7.3406953128815372e-02
-6.9647658229697013e-02
-6.6168973417564350e-02
-6.2942396651349708e-02
-5.9948818387943262e-02
-5.7164618686061479e-02
-5.4567045652865152e-02
-5.2144867473683743e-02
-4.9882290528300295e-02
-4.7760531370703997e-02
-4.5773323172539751e-02
-4.3909662772617805e-02
-4.2154812896342160e-02
-4.0504521922499766e-02
-3.8951080343801549e-02
-3.7483673848824305e-02
-3.6098372177187921e-02
-3.4790064447922257e-02
-3.3550717379141816e-02
-3.2376678742506257e-02
-3.1264620155900383e-02
-3.0208505631876222e-02
-2.9204949632088285e-02
-2.8251850815281334e-02
-2.7344622325075025e-02
-2.6480145752381251e-02
-2.5657163870763743e-02
-2.4872149928162959e-02
-2.4122255411601769e-02
-2.3406799849727222e-02
-2.2723036288006846e-02
-2.2068387795700108e-02
-2.1442562362502492e-02
-2.0843388859165399e-02
-2.0268560733010567e-02
-1.9718040821268438e-02
-1.9190083804924048e-02
-1.8682649198837518e-02
-1.8195859719978075e-02
-1.7728284692427390e-02
-1.7278142837174052e-02
-1.6845648928934295e-02
-1.6429603918298830e-02
-1.6028476757043410e-02
-1.5642526076921841e-02
-1.5270722155917547e-02
-1.4911773786645726e-02
-1.4565949215535045e-02
-1.4232341052711412e-02
-1.3909886536266736e-02
-1.3598839535821123e-02
-1.3636537570191790e-02
-1.3955189183993832e-02
-1.4285516807241409e-02
-1.4627707747621127e-02
-1.4982030484615520e-02
-1.5349762346142139e-02
-1.5731106453804072e-02
-1.6126576066722978e-02
-1.6537526654754681e-02
-1.6964177812692514e-02
-1.7407357296801353e-02
-1.7868510743006959e-02
-1.8347878351718763e-02
-1.8846686716634496e-02
-1.9366489919525637e-02
-1.9907557907334086e-02
-2.0471620061448363e-02
-2.1060365513903324e-02
-2.1674110376871298e-02
-2.2315216362451807e-02
-2.2985546446427477e-02
-2.3685490257546137e-02
-2.4418205449149345e-02
-2.5185602753379759e-02
-2.5988736123179056e-02
-2.6831221541959546e-02
-2.7715197780071376e-02
-2.8642702758556699e-02
-2.9617831885798539e-02
-3.0643091586498378e-02
-3.1721800404575000e-02
-3.2858702317673377e-02
-3.4056832243006020e-02
-3.5321189345998538e-02
-3.6657413587392641e-02
-3.8069310337185990e-02
-3.9564110926213598e-02
-4.1148595359927480e-02
-4.2828075903988599e-02
-4.4612424382751960e-02
-4.6509827127356629e-02
-4.8528902803435782e-02
-5.0682052138473883e-02
-5.2979975895597539e-02
-5.5435961928102379e-02
-5.8066128147849075e-02
-6.0884983718872063e-02
-6.3912553204485439e-02
-6.7170476633827275e-02
-7.0679447954792904e-02
-7.4469199103781011e-02
-7.8569206872730585e-02
-8.3012553400128794e-02
-8.7841273287173574e-02
-9.3098508982377245e-02
-9.8836966224332551e-02
-1.0511880852392715e-01
-1.1201008546420452e-01
-1.1959588530822930e-01
-1.2797005682709683e-01
-1.3723868941917799e-01
-1.4754309362157311e-01
-1.5903909194333501e-01
-1.7191674515653182e-01
-1.8640906313224431e-01
-2.0278880584987183e-01
-2.2140264955357064e-01
-2.4267290572833125e-01
-2.6711955786000224e-01
-2.9541300353840777e-01
-3.2839084438637178e-01
-3.6713921751112705e-01
-4.1308175112502049e-01
-4.6808049246998323e-01
-5.3467065052888629e-01
-6.1630448321957509e-01
-7.1775863323447231e-01
-8.4578228679109879e-01
-1.0104943263354913e+00
-1.2269733414938524e+00
-1.5185615798224648e+00
-1.9217143170482538e+00
-2.4970259044921401e+00
-3.3429332189640437e+00
-4.6081856813146924e+00
-6.4145888135827223e+00
-8.3147940335199255e+00
-8.8329964796741116e+00
-8.3377814559972752e+00
-7.6929456547994226e+00
-6.1099497017059026e+00
-4.1399738771403722e+00
-2.7620929466833366e+00
-1.9179821829515913e+00
-1.3930419206676503e+00
-1.0520543632597599e+00
-8.2039617174898971e-01
-6.5682223271611129e-01
-5.3740734580452099e-01
-4.5647675395045589e-01
-5.4770630744785631e-01
-6.6825416342042054e-01
-8.3169504949120232e-01
-1.0600188765426706e+00
-1.3897464221299811e+00
-1.8840335326022903e+00
-2.6471673776907672e+00
-3.8108151598480697e+00
-5.2522183408728651e+00
-5.9739662823989788e+00
0.0000000000000000e+00
2.4055929233035767e-01
0.0000000000000000e+00
0.0000000000000000e+00
];
