%Vec Object:sol 1 MPI processes
%  type: mpi
sol = [
0.0000000000000000e+00
-6.2917154424534381e+01
-3.2956716955149993e+01
-1.6503404114720901e+01
-9.3720429675426047e+00
-5.9373339276017285e+00
-4.0679154273250457e+00
-2.9499805902249223e+00
-2.2325226504174633e+00
-1.7458345843266803e+00
-1.4016033418234184e+00
-1.1489211277337696e+00
-9.5835100831984332e-01
-8.1127658375620282e-01
-6.9536660750418111e-01
-6.0242665752810631e-01
-5.2683599251637536e-01
-4.6446632092780804e-01
-4.1241364087933335e-01
-3.6858855416497893e-01
-3.3135195436103732e-01
-2.9939780933690735e-01
-2.7181518937901633e-01
-2.4784993523850987e-01
-2.2687296675130678e-01
-2.0841639750695592e-01
-1.9210701968041358e-01
-1.7761533672780186e-01
-1.6467241383472903e-01
-1.5308287563189646e-01
-1.4266348140102103e-01
-1.3324446346219190e-01
-1.2472010642945035e-01
-1.1698153324009965e-01
-1.0992068448103147e-01
-1.0347203729632308e-01
-9.7569492719650874e-02
-9.2143930781468403e-02
-8.7148010068303167e-02
-8.2543614301397741e-02
-7.8286381482330747e-02
-7.4340859204826193e-02
-7.0683026068975252e-02
-6.7283594358882398e-02
-6.4114471970707632e-02
-6.1161434446364585e-02
-5.8404903868860963e-02
-5.5821862811149828e-02
-5.3404242179009055e-02
-5.1138408910029846e-02
-4.9006399993418333e-02
-4.7002701159814565e-02
-4.5117755733631082e-02
-4.3338417182112884e-02
-4.1659675632125914e-02
-4.0075162919337624e-02
-3.8575136042665256e-02
-3.7155010776892462e-02
-3.5810600014461465e-02
-3.4534597926345958e-02
-3.3322812008594375e-02
-3.2172553059454989e-02
-3.1078279051950614e-02
-3.0036173417714387e-02
-2.9044575840063872e-02
-2.8099231984040372e-02
-2.7196691247830331e-02
-2.6335996073618501e-02
-2.5513837801895391e-02
-2.4727123362158199e-02
-2.3975369012108630e-02
-2.3255963837789898e-02
-2.2566162095690165e-02
-2.1905792135798213e-02
-2.1272759174250300e-02
-2.0664652220856061e-02
-2.0081497340514579e-02
-1.9521581861104507e-02
-1.8982815012561754e-02
-1.8465339355935667e-02
-1.7967724704109241e-02
-1.7488184354533719e-02
-1.7026920013126036e-02
-1.6582709577183961e-02
-1.6154053315665596e-02
-1.5741171662650509e-02
-1.5342994782343657e-02
-1.4958292259313812e-02
-1.4587275203396933e-02
-1.4590855939841052e-02
-1.4893830873781069e-02
-1.5207200653032434e-02
-1.5531037893090956e-02
-1.5865499254934860e-02
-1.6211815931272213e-02
-1.6570053832152067e-02
-1.6940605918954535e-02
-1.7324750201848788e-02
-1.7722541555629273e-02
-1.8134673836708297e-02
-1.8562477307825041e-02
-1.9005994115659522e-02
-1.9466295311699803e-02
-1.9944773610884554e-02
-2.0441460057506751e-02
-2.0957895710003449e-02
-2.1495551868460635e-02
-2.2054455192011487e-02
-2.2636730539766219e-02
-2.3243952982495843e-02
-2.3876159475317207e-02
-2.4536200100297778e-02
-2.5225606285762328e-02
-2.5945008502247395e-02
-2.6697603853974773e-02
-2.7485041941262729e-02
-2.8308834101145514e-02
-2.9172510657671225e-02
-3.0077947576065273e-02
-3.1027783913912040e-02
-3.2026007315249128e-02
-3.3074835889014130e-02
-3.4178363408534765e-02
-3.5341218824377539e-02
-3.6566138571902815e-02
-3.7859117913651368e-02
-3.9225581787614067e-02
-4.0669412574837312e-02
-4.2198772776822130e-02
-4.3820026361818996e-02
-4.5539794849446938e-02
-4.7368124426223970e-02
-4.9313214555119673e-02
-5.1385498564285384e-02
-5.3597802243165397e-02
-5.5961132396165680e-02
-5.8491343604517153e-02
-6.1205388747591183e-02
-6.4118914752783335e-02
-6.7255454926816435e-02
-7.0637707885490272e-02
-7.4291057712212269e-02
-7.8248322224661909e-02
-8.2542451327983282e-02
-8.7214096662023621e-02
-9.2311259598398976e-02
-9.7884093362364019e-02
-1.0399818617393963e-01
-1.1072655887931884e-01
-1.1815225345790546e-01
-1.2637887204001644e-01
-1.3552367006838498e-01
-1.4573355782645922e-01
-1.5718587323728361e-01
-1.7008685185716513e-01
-1.8469962755837829e-01
-2.0134367796693059e-01
-2.2041133404556507e-01
-2.4240926825111431e-01
-2.6796836849016537e-01
-2.9790654931496147e-01
-3.3329512783729792e-01
-3.7553219100635055e-01
-4.2652159648587734e-01
-4.8885158597644868e-01
-5.6612623047320654e-01
-6.6344462639762314e-01
-7.8827168233499534e-01
-9.5190359395140667e-01
-1.1716978994237048e+00
-1.4750921834099044e+00
-1.9059512153647353e+00
-2.5362048563967101e+00
-3.4663770800339644e+00
-4.7567419715636570e+00
-6.0246767918093793e+00
-6.3361630337056125e+00
-6.0426630854199077e+00
-5.6681141490830420e+00
-4.6904855282689883e+00
-3.3179887886372463e+00
-2.2710878435184023e+00
-1.6002371845008239e+00
-1.1730170043582897e+00
-8.9147540049128626e-01
-6.9850890706173685e-01
-5.6133721079323040e-01
-4.6066560828482744e-01
-3.9228067004380729e-01
-4.7114966695803090e-01
-5.7533696551355118e-01
-7.1648210490222741e-01
-9.1323943917624417e-01
-1.1965424852255733e+00
-1.6185567063662110e+00
-2.2617176561029360e+00
-3.2154662475560229e+00
-4.3285441617661329e+00
-4.8447433153839867e+00
0.0000000000000000e+00
1.3464638167935297e-01
0.0000000000000000e+00
0.0000000000000000e+00
];
