%Vec Object:sol 1 MPI processes
%  type: mpi
sol = [
0.0000000000000000e+00
-1.5352969506327291e+01
-1.2322462514773839e+01
-8.4539209411187546e+00
-5.5889279042340858e+00
-3.8241445215170002e+00
-2.7391714957350723e+00
-2.0437487153974008e+00
-1.5769594285100550e+00
-1.2512936058071022e+00
-1.0159523677021507e+00
-8.4060376526115221e-01
-7.0654277636774920e-01
-6.0204812354221471e-01
-5.1903440376648058e-01
-4.5202505425442280e-01
-3.9721263961332481e-01
-3.5180698161378215e-01
-3.1374217811231681e-01
-2.8156351362927151e-01
-2.5412218198824588e-01
-2.3049474103815837e-01
-2.1003697252089046e-01
-1.9221159824343848e-01
-1.7656725849279567e-01
-1.6276810101976580e-01
-1.5054557217209991e-01
-1.3966084463323158e-01
-1.2991839600609822e-01
-1.2117684749185383e-01
-1.1330244897441687e-01
-1.0617026844634270e-01
-9.9703718869323527e-02
-9.3822919845154534e-02
-8.8445420093067412e-02
-8.3525100816814371e-02
-7.9014325624578496e-02
-7.4862027431550099e-02
-7.1033706509386993e-02
-6.7500031632435925e-02
-6.4227772338980846e-02
-6.1190468271472287e-02
-5.8370573664056138e-02
-5.5746104932209904e-02
-5.3295800410540592e-02
-5.1009435260833354e-02
-4.8872315704865901e-02
-4.6866768180998282e-02
-4.4987191641836809e-02
-4.3223350065076535e-02
-4.1561311895218576e-02
-3.9997309349962339e-02
-3.8524177419536516e-02
-3.7131671527355761e-02
-3.5816243855095242e-02
-3.4573171248341257e-02
-3.3394829662545859e-02
-3.2277869568446568e-02
-3.1219246223084456e-02
-3.0213222090173231e-02
-2.9256650254630534e-02
-2.8347643234841381e-02
-2.7481835019330703e-02
-2.6656293931518502e-02
-2.5869929236663661e-02
-2.5119379820848903e-02
-2.4401941809349889e-02
-2.3717068653602822e-02
-2.3062139325278445e-02
-2.2434687140836296e-02
-2.1834531400285247e-02
-2.1259597837652060e-02
-2.0707662272752846e-02
-2.0178782843639057e-02
-1.9671289391773126e-02
-1.9183201539425664e-02
-1.8714725607673784e-02
-1.8264489457963669e-02
-1.7830754514033164e-02
-1.7413810253722940e-02
-1.7012503044843363e-02
-1.6625331389924180e-02
-1.6252621463847969e-02
-1.5893378234643842e-02
-1.5546330616113739e-02
-1.5211808284383253e-02
-1.4888929429548864e-02
-1.4576645257708128e-02
-1.4275265516726020e-02
-1.4339551850465157e-02
-1.4699999363381988e-02
-1.5074015903298774e-02
-1.5461874639787081e-02
-1.5863934996937085e-02
-1.6281616309569862e-02
-1.6715221744678578e-02
-1.7165381816693196e-02
-1.7633619221033819e-02
-1.8120270527989812e-02
-1.8626316196675971e-02
-1.9153398941952299e-02
-1.9701896332073490e-02
-2.0273235206302358e-02
-2.0869202512820331e-02
-2.1490230736585347e-02
-2.2138312571510440e-02
-2.2815413741753721e-02
-2.3522044631164762e-02
-2.4260913639180155e-02
-2.5034214690372002e-02
-2.5842572478169429e-02
-2.6689601519215199e-02
-2.7577597807118045e-02
-2.8507947656442559e-02
-2.9484825985670777e-02
-3.0510836565224218e-02
-3.1588492991002415e-02
-3.2722571774504355e-02
-3.3916152738062387e-02
-3.5173226588359169e-02
-3.6499378965401758e-02
-3.7898364074425560e-02
-3.9376124220197900e-02
-4.0939356214534026e-02
-4.2592785859296170e-02
-4.4344962817831311e-02
-4.6204006292734606e-02
-4.8176472022531981e-02
-5.0274035136462683e-02
-5.2506588953056640e-02
-5.4884587141947293e-02
-5.7422793949545366e-02
-6.0134190905272486e-02
-6.3034761995089478e-02
-6.6143801478060357e-02
-6.9478949427056499e-02
-7.3064203279892645e-02
-7.6925580241472433e-02
-8.1088237665782062e-02
-8.5587776651798730e-02
-9.0459797891416352e-02
-9.5744287060486294e-02
-1.0149175178896576e-01
-1.0775437224279055e-01
-1.1459567553704937e-01
-1.2209053167810474e-01
-1.3031886784240748e-01
-1.3938307814027212e-01
-1.4939844386770126e-01
-1.6049701165193919e-01
-1.7284491109210465e-01
-1.8663068759751844e-01
-2.0208411405509924e-01
-2.1948671593429628e-01
-2.3916868796752366e-01
-2.6152338745294429e-01
-2.8707847659748575e-01
-3.1646088572302183e-01
-3.5047721923919745e-01
-3.9013530466673735e-01
-4.3674094148704401e-01
-4.9200436019553084e-01
-5.5816137924094178e-01
-6.3825268520482759e-01
-7.3641547363035154e-01
-8.5841220597886558e-01
-1.0123925444354478e+00
-1.2100628609400506e+00
-1.4696053576660231e+00
-1.8188038914237419e+00
-2.3010894931651400e+00
-2.9878454249737310e+00
-3.9963941179639466e+00
-5.5050689768191532e+00
-7.6714277515540239e+00
-9.9894874499736268e+00
-1.0607963623828320e+01
-9.9162590255845515e+00
-9.0467746760807248e+00
-7.0267354472173640e+00
-4.6638456558023282e+00
-3.0762689374459318e+00
-2.1233718844593659e+00
-1.5369506813756224e+00
-1.1584934703829615e+00
-9.0232268973912788e-01
-7.2191787812543640e-01
-5.9045457732551243e-01
-5.0148590095706114e-01
-6.0214250638720990e-01
-7.3524850966126831e-01
-9.1590762621009458e-01
-1.1686646689311326e+00
-1.5345472692451689e+00
-2.0853968713501612e+00
-2.9429187978557807e+00
-4.2736084958586558e+00
-5.9894197144719339e+00
-6.8996614617102070e+00
0.0000000000000000e+00
2.4055929233035767e-01
0.0000000000000000e+00
0.0000000000000000e+00
];
