%Vec Object:sol 1 MPI processes
%  type: mpi
sol = [
0.0000000000000000e+00
-3.5352436244473971e+01
-2.2196543249786814e+01
-1.2376157838433993e+01
-7.3686007604486328e+00
-4.7797578595601715e+00
-3.3210648247279182e+00
-2.4302174692823431e+00
-1.8506449694491949e+00
-1.4537570686460928e+00
-1.1710926180311032e+00
-9.6274237315269984e-01
-8.0486680733616356e-01
-6.8257608836765937e-01
-5.8594414120253946e-01
-5.0829261791053471e-01
-4.4502051350861804e-01
-3.9278367955854160e-01
-3.4912284070177607e-01
-3.1231313029813190e-01
-2.8099971183560546e-01
-2.5409935997217109e-01
-2.3084156263372999e-01
-2.1061778634927150e-01
-1.9290327531499979e-01
-1.7730718967894882e-01
-1.6351752203723460e-01
-1.5125807268749478e-01
-1.4030321631100762e-01
-1.3048933962048931e-01
-1.2166251099953240e-01
-1.1367974947106879e-01
-1.0645248972573118e-01
-9.9889106224473237e-02
-9.3898364470636403e-02
-8.8425271291677238e-02
-8.3414148433320345e-02
-7.8807223434796569e-02
-7.4565111238226706e-02
-7.0654277964804793e-02
-6.7037229348182584e-02
-6.3684036056556190e-02
-6.0574526753213905e-02
-5.7683932647780448e-02
-5.4988451828703218e-02
-5.2476177245929401e-02
-5.0130549320061751e-02
-4.7932001256047636e-02
-4.5873822850143277e-02
-4.3944479311030384e-02
-4.2128669644738881e-02
-4.0421816459330802e-02
-3.8815834589750901e-02
-3.7299516907617465e-02
-3.5868671759388696e-02
-3.4517921270794033e-02
-3.3238954313988323e-02
-3.2027910805308271e-02
-3.0881265883479871e-02
-2.9792784068853776e-02
-2.8758916975874578e-02
-2.7777412795771353e-02
-2.6843539334317150e-02
-2.5954052985636078e-02
-2.5107576374637751e-02
-2.4300475427448651e-02
-2.3529807632915494e-02
-2.2794792589008406e-02
-2.2092603000724902e-02
-2.1420593792468971e-02
-2.0778386607127792e-02
-2.0163749515132102e-02
-1.9574328859357830e-02
-1.9010010505374562e-02
-1.8469002864267583e-02
-1.7949235038596672e-02
-1.7450759561165638e-02
-1.6972110673996614e-02
-1.6511489453138451e-02
-1.6069045760583926e-02
-1.5643554457996419e-02
-1.5233476080420569e-02
-1.4839008816127439e-02
-1.4459104446309847e-02
-1.4092469386450261e-02
-1.3739315580464300e-02
-1.3398723886171750e-02
-1.3069632339656072e-02
-1.2752242622348267e-02
-1.2762228571721360e-02
-1.3034314097936513e-02
-1.3315901582408092e-02
-1.3607077755117805e-02
-1.3908003940674157e-02
-1.4219789130370197e-02
-1.4542518576652921e-02
-1.4876566618496262e-02
-1.5223090444407030e-02
-1.5582170997855860e-02
-1.5954454486478434e-02
-1.6341152559638257e-02
-1.6742341569138557e-02
-1.7159009545989201e-02
-1.7592433453879036e-02
-1.8042688108570161e-02
-1.8511188773046257e-02
-1.8999294416399370e-02
-1.9507086407032883e-02
-2.0036512442572100e-02
-2.0589038991603862e-02
-2.1164769860829276e-02
-2.1766316533727237e-02
-2.2395125713484492e-02
-2.3051847251345726e-02
-2.3739426798660760e-02
-2.4459440236732456e-02
-2.5213347735896129e-02
-2.6004424265925630e-02
-2.6834478749961574e-02
-2.7706016144103254e-02
-2.8622757736427661e-02
-2.9586858053549488e-02
-3.0602211085407040e-02
-3.1672996252561814e-02
-3.2801888835350637e-02
-3.3994545978630442e-02
-3.5256183091300769e-02
-3.6590576426815666e-02
-3.8005394534468794e-02
-3.9506721390770799e-02
-4.1100910252527066e-02
-4.2797459054309477e-02
-4.4604245971230888e-02
-4.6531227680335831e-02
-4.8590600761796360e-02
-5.0792981810581894e-02
-5.3153477353369324e-02
-5.5688295226782085e-02
-5.8412557547195910e-02
-6.1348708170121148e-02
-6.4518579144722851e-02
-6.7946619376015885e-02
-7.1664283264845377e-02
-7.5703373794476031e-02
-8.0103022701590018e-02
-8.4909436641791708e-02
-9.0171162243739486e-02
-9.5951404040419061e-02
-1.0232075195246555e-01
-1.0935966210252873e-01
-1.1717027250111557e-01
-1.2586754435975880e-01
-1.3559190847826830e-01
-1.4651567916570957e-01
-1.5883979663484957e-01
-1.7282042663597169e-01
-1.8876910613651124e-01
-2.0706896806505645e-01
-2.2821476709815947e-01
-2.5282363207207137e-01
-2.8169611382255100e-01
-3.1588158133054040e-01
-3.5675128124239042e-01
-4.0617083015857181e-01
-4.6662645781695888e-01
-5.4168864325139610e-01
-6.3641909192656609e-01
-7.5817759411009722e-01
-9.1802654981654741e-01
-1.1330220525829273e+00
-1.4296986762025568e+00
-1.8516436092177351e+00
-2.4679643170608312e+00
-3.3754980966031320e+00
-4.6254946880557810e+00
-5.8464505014842683e+00
-6.1863434005783313e+00
-5.9768346208582228e+00
-5.6870008035901272e+00
-4.7805133697939111e+00
-3.4240782148086009e+00
-2.3638739169147205e+00
-1.6772777785252617e+00
-1.2374329714629684e+00
-9.4611416454615982e-01
-7.4566621557143464e-01
-6.0267230735827881e-01
-4.9738292497538483e-01
-4.2587893006669747e-01
-5.1460700705299700e-01
-6.3220922254085965e-01
-7.9212917900623303e-01
-1.0161043556962102e+00
-1.3404734040843354e+00
-1.8279186517078521e+00
-2.5820439263968047e+00
-3.7339747289839353e+00
-5.1642818414439891e+00
-5.8904924959179805e+00
0.0000000000000000e+00
2.4055929233035767e-01
0.0000000000000000e+00
0.0000000000000000e+00
];
