%Vec Object:sol 1 MPI processes
%  type: mpi
sol = [
0.0000000000000000e+00
-2.3204132695865429e+01
-1.8288182600051520e+01
-1.2152337757969166e+01
-7.8134903983305577e+00
-5.2421818605283335e+00
-3.7058651542913554e+00
-2.7399726737920211e+00
-2.1009223167330933e+00
-1.6579743899360759e+00
-1.3404799573663257e+00
-1.1054082703847119e+00
-9.2685050925180923e-01
-7.8818280256411155e-01
-6.7828842547554558e-01
-5.8967831343253541e-01
-5.1737984524675107e-01
-4.5762001088533305e-01
-4.0761941162713905e-01
-3.6542071914014762e-01
-3.2948727062737498e-01
-2.9859071373231255e-01
-2.7187059916020029e-01
-2.4861331384960839e-01
-2.2822234945349976e-01
-2.1025277069469514e-01
-1.9434906144361422e-01
-1.8019692639436138e-01
-1.6753933077080574e-01
-1.5618926856477483e-01
-1.4597116975064092e-01
-1.3672202068219586e-01
-1.2834033684335977e-01
-1.2072143304364638e-01
-1.1376108135567356e-01
-1.0739625208749970e-01
-1.0156322338942810e-01
-9.6195838540517747e-02
-9.1248949559563475e-02
-8.6684139070940344e-02
-8.2458382417053402e-02
-7.8537307690016156e-02
-7.4897823803927760e-02
-7.1511463656233967e-02
-6.8350795600394879e-02
-6.5402245360717495e-02
-6.2646767928153796e-02
-6.0061695143617047e-02
-5.7639465840858932e-02
-5.5366808235289944e-02
-5.3225906857094746e-02
-5.1211650710274011e-02
-4.9314751618959859e-02
-4.7521048959500864e-02
-4.5826970946902593e-02
-4.4226363155946948e-02
-4.2709472051315638e-02
-4.1271891297573929e-02
-3.9909613936901095e-02
-3.8615301135833786e-02
-3.7384857585966394e-02
-3.6215769627050552e-02
-3.5102453038343771e-02
-3.4041122761703381e-02
-3.3030294944366372e-02
-3.2065670609471270e-02
-3.1143779213322308e-02
-3.0263842201263848e-02
-2.9422507186713107e-02
-2.8616621868520580e-02
-2.7845883844649859e-02
-2.7107640285553184e-02
-2.6399058046946502e-02
-2.5720147697949901e-02
-2.5068773816830359e-02
-2.4442419906486199e-02
-2.3841292956391834e-02
-2.3263639557791774e-02
-2.2707254318164651e-02
-2.2172457004784731e-02
-2.1657774787423045e-02
-2.1161305231943133e-02
-2.0683421026065435e-02
-2.0222853508616290e-02
-1.9777993179820437e-02
-1.9349222820482959e-02
-1.8935420068145518e-02
-1.8535256939371289e-02
-1.8149095987659129e-02
-1.8227899550898846e-02
-1.8683098771783681e-02
-1.9155370273871312e-02
-1.9645061112721875e-02
-2.0152626381469019e-02
-2.0679838975092891e-02
-2.1227084395822837e-02
-2.1795155986946257e-02
-2.2385956244196488e-02
-2.2999913589429641e-02
-2.3638257792811458e-02
-2.4303041833824753e-02
-2.4994746784093757e-02
-2.5715158834397019e-02
-2.6466511789548043e-02
-2.7249356997727608e-02
-2.8066185702351448e-02
-2.8919455756958846e-02
-2.9809817792309620e-02
-3.0740654421682858e-02
-3.1714709295637189e-02
-3.2732778058220030e-02
-3.3799371361313418e-02
-3.4917362460185786e-02
-3.6088496543274493e-02
-3.7317983018282049e-02
-3.8609080882817171e-02
-3.9964939235976576e-02
-4.1391517737218067e-02
-4.2892670714629544e-02
-4.4473385596225164e-02
-4.6140630371982141e-02
-4.7899101631754253e-02
-4.9756213873865376e-02
-5.1720318609770027e-02
-5.3797324180652348e-02
-5.5997885184337112e-02
-5.8332122927736187e-02
-6.0808222557721302e-02
-6.3440719971711135e-02
-6.6241942346890334e-02
-6.9224914792278353e-02
-7.2408006894721946e-02
-7.5807379440803707e-02
-7.9442916558159424e-02
-8.3338603043121656e-02
-8.7516374666157748e-02
-9.2006041714948611e-02
-9.6839911184661412e-02
-1.0204922336113732e-01
-1.0767814131577250e-01
-1.1377081615303870e-01
-1.2037681501148216e-01
-1.2755870305453290e-01
-1.3538108894947146e-01
-1.4392258225370694e-01
-1.5327576719352703e-01
-1.6353942106323879e-01
-1.7484000225117541e-01
-1.8731977613720005e-01
-2.0114157352301903e-01
-2.1651010538715734e-01
-2.3365748487192201e-01
-2.5286634175114492e-01
-2.7448264478668843e-01
-2.9891154070223913e-01
-3.2666667163022944e-01
-3.5837328870908547e-01
-3.9474270728771987e-01
-4.3679288143731115e-01
-4.8575984361658381e-01
-5.4323206183343509e-01
-6.1128651364537068e-01
-6.9263319852607153e-01
-7.9095102063270994e-01
-9.1123475516285590e-01
-1.0604258499006982e+00
-1.2483157088002061e+00
-1.4886834932745350e+00
-1.8033835816738191e+00
-2.2254745555515028e+00
-2.8056225537071895e+00
-3.6287799761351143e+00
-4.8309872930126518e+00
-6.6226132705399454e+00
-9.1952457084555537e+00
-1.1962934290355390e+01
-1.2630895156498363e+01
-1.1643315008871015e+01
-1.0466245318504042e+01
-7.9398865334666064e+00
-5.1648967227593721e+00
-3.3697530118564858e+00
-2.3120459498480677e+00
-1.6675420426106342e+00
-1.2539108351167128e+00
-9.7505949370303224e-01
-7.7919208828571829e-01
-6.3671717257686644e-01
-5.4035656187633774e-01
-6.4878067282576590e-01
-7.9219217971058431e-01
-9.8692318029199178e-01
-1.2593799503663945e+00
-1.6545328998418058e+00
-2.2505882491889335e+00
-3.1833469998305497e+00
-4.6472646357388738e+00
-6.5859582375918837e+00
-7.6576066419739206e+00
0.0000000000000000e+00
1.3464638167935297e-01
0.0000000000000000e+00
0.0000000000000000e+00
];
