%Vec Object:sol 1 MPI processes
%  type: mpi
sol = [
0.0000000000000000e+00
-2.9200909650202341e+01
-2.1579622471853675e+01
-1.3419860284933621e+01
-8.3288725677675526e+00
-5.4965025902627156e+00
-3.8495740154650901e+00
-2.8292188409733172e+00
-2.1600975223362489e+00
-1.7006773210505028e+00
-1.3719167740786695e+00
-1.1290192329045454e+00
-9.4501157525769475e-01
-8.0241450236183298e-01
-6.8965973796452928e-01
-5.9899952954352942e-01
-5.2508656992895242e-01
-4.6403435060648551e-01
-4.1293928451494172e-01
-3.6982230194446830e-01
-3.3313499665668389e-01
-3.0161250271238943e-01
-2.7436894382365173e-01
-2.5067061561436377e-01
-2.2990506163325081e-01
-2.1161551551486887e-01
-1.9543716891517471e-01
-1.8104797295317460e-01
-1.6818472209031318e-01
-1.5665572399858158e-01
-1.4628132443773867e-01
-1.3689501405718241e-01
-1.2839277365371504e-01
-1.2066760449721384e-01
-1.1361324256741734e-01
-1.0716514132203564e-01
-1.0125820845160814e-01
-9.5825070521569938e-02
-9.0819608549903980e-02
-8.6202558762034684e-02
-8.1930139776012351e-02
-7.7967345992284831e-02
-7.4290534667202535e-02
-7.0870749675097058e-02
-6.7680146421601126e-02
-6.4704769578595389e-02
-6.1925244589636504e-02
-5.9318643129823788e-02
-5.6877123171794573e-02
-5.4587183376006591e-02
-5.2430848567165116e-02
-5.0402796336377835e-02
-4.8493561689885535e-02
-4.6689947733551680e-02
-4.4987078447267195e-02
-4.3378668182923658e-02
-4.1854908193340805e-02
-4.0411294148324256e-02
-3.9043724050157290e-02
-3.7744823390562468e-02
-3.6510431975510203e-02
-3.5337953480599850e-02
-3.4221780430612074e-02
-3.3158088839070531e-02
-3.2145320204634766e-02
-3.1179160388476200e-02
-3.0256119888423964e-02
-2.9375351029352358e-02
-2.8533491634898621e-02
-2.7727385631883966e-02
-2.6956665583763015e-02
-2.6218672673106722e-02
-2.5510581099644911e-02
-2.4832339774533332e-02
-2.4181810245783867e-02
-2.3556490989304960e-02
-2.2956530476546676e-02
-2.2380174852250675e-02
-2.1825238340986961e-02
-2.1291985361394417e-02
-2.0778945136995196e-02
-2.0284236926105682e-02
-1.9808181436457750e-02
-1.9349514659926834e-02
-1.8906648661106962e-02
-1.8479917886385835e-02
-1.8068207428742808e-02
-1.7670208842899444e-02
-1.7286240314928134e-02
-1.7345412765091554e-02
-1.7762306215253643e-02
-1.8194632574308169e-02
-1.8642674352374697e-02
-1.9106816470686079e-02
-1.9588699632653989e-02
-2.0088634693610871e-02
-2.0607320278973551e-02
-2.1146507345330360e-02
-2.1706537719759798e-02
-2.2288513816534208e-02
-2.2894314295884049e-02
-2.3524319262654515e-02
-2.4180144409139164e-02
-2.4863826652848843e-02
-2.5575799945115257e-02
-2.6318072384706556e-02
-2.7093052010972975e-02
-2.7901276517633695e-02
-2.8745834380157449e-02
-2.9629190345939679e-02
-3.0551966527280632e-02
-3.1518273487978664e-02
-3.2530667076162000e-02
-3.3590634435345823e-02
-3.4702902651338130e-02
-3.5870352688184878e-02
-3.7095751090107217e-02
-3.8384478872805564e-02
-3.9739928563405198e-02
-4.1166536401982173e-02
-4.2670564953194316e-02
-4.4256135650667237e-02
-4.5929881918629616e-02
-4.7699279641226229e-02
-4.9569505002098634e-02
-5.1550116385917888e-02
-5.3650137816890348e-02
-5.5876763230591958e-02
-5.8243032707317476e-02
-6.0759890649768986e-02
-6.3438881948246220e-02
-6.6296435130153583e-02
-6.9346875088225249e-02
-7.2607899726443326e-02
-7.6100907618370364e-02
-7.9845327334350610e-02
-8.3867744562810945e-02
-8.8196929754107381e-02
-9.2860561396015284e-02
-9.7898049941015586e-02
-1.0334864006940640e-01
-1.0925637959527697e-01
-1.1567702498348133e-01
-1.2266798552201837e-01
-1.3029923060952828e-01
-1.3865320636541473e-01
-1.4781769644336445e-01
-1.5790536143495959e-01
-1.6904283278922363e-01
-1.8137498670046617e-01
-1.9508422857603966e-01
-2.1037721027714609e-01
-2.2750571208549702e-01
-2.4677809388702424e-01
-2.6855534272806525e-01
-2.9329554227204019e-01
-3.2155638758354876e-01
-3.5402404649666380e-01
-3.9158191337396836e-01
-4.3533280013634518e-01
-4.8666311616169783e-01
-5.4740485010442363e-01
-6.2003247229999126e-01
-7.0784617686787488e-01
-8.1533051003649237e-01
-9.4872399736767687e-01
-1.1169540299599476e+00
-1.3329968610637626e+00
-1.6154502845123306e+00
-1.9947421493937874e+00
-2.5184598678055692e+00
-3.2614691680736994e+00
-4.3515138931932791e+00
-5.9791135299946747e+00
-8.3167670402320635e+00
-1.0827192865229376e+01
-1.1461112208127114e+01
-1.0637855898788597e+01
-9.6318387405759793e+00
-7.3982078753799145e+00
-4.8635248588057269e+00
-3.1915206954492525e+00
-2.1961417910434347e+00
-1.5866508457611110e+00
-1.1942704740231040e+00
-9.2930011760130193e-01
-7.4283437720109169e-01
-6.0710167520868585e-01
-5.1529707154784277e-01
-6.1854790024489470e-01
-7.5501301768044082e-01
-9.4018703699514306e-01
-1.1992888103701822e+00
-1.5746090225288616e+00
-2.1398580797932234e+00
-3.0211931659854807e+00
-4.3941645212239457e+00
-6.1792205241596818e+00
-7.1383000900488405e+00
0.0000000000000000e+00
1.3464638167935297e-01
0.0000000000000000e+00
0.0000000000000000e+00
];
