%Vec Object:sol 1 MPI processes
%  type: mpi
sol = [
0.0000000000000000e+00
-1.5203870117710334e+01
-1.2227456844551742e+01
-8.4072894151209656e+00
-5.5657376399956613e+00
-3.8112890021079462e+00
-2.7309589550848594e+00
-2.0383830554637794e+00
-1.5730628704533305e+00
-1.2483454217375214e+00
-1.0136508435880924e+00
-8.3876288016553768e-01
-7.0514200333831945e-01
-6.0088848693845309e-01
-5.1806154481012279e-01
-4.5119970274542881e-01
-3.9650564858828008e-01
-3.5119635950628342e-01
-3.1321107293244577e-01
-2.8109865635198789e-01
-2.5371305405534433e-01
-2.3013297028591304e-01
-2.0971570129984582e-01
-1.9192519716638537e-01
-1.7631110369524619e-01
-1.6253832225272455e-01
-1.5033889943368700e-01
-1.3947452400007565e-01
-1.2975009161612261e-01
-1.2102453774175136e-01
-1.1316439580429397e-01
-1.0604498647716903e-01
-9.9589895791191735e-02
-9.3719358279159712e-02
-8.8353311002608875e-02
-8.3444157636730173e-02
-7.8943321821195067e-02
-7.4799898047004279e-02
-7.0979098247316089e-02
-6.7450718770178456e-02
-6.4183305135762092e-02
-6.1150444243935294e-02
-5.8334627168049102e-02
-5.5713908205535193e-02
-5.3267060039897049e-02
-5.0983881889457100e-02
-4.8849705606577538e-02
-4.6846883050996900e-02
-4.4969829344119465e-02
-4.3208326432992730e-02
-4.1548461158780310e-02
-3.9986477557443986e-02
-3.8515223445836765e-02
-3.7124467281716901e-02
-3.5810670508999096e-02
-3.4569119195514406e-02
-3.3392198679318100e-02
-3.2276566696275426e-02
-3.1219185320905278e-02
-3.0214323875421570e-02
-2.9258841118862351e-02
-2.8350854765080803e-02
-2.7486003889890843e-02
-2.6661361214646729e-02
-2.5875840090297485e-02
-2.5126083227512246e-02
-2.4409390124473806e-02
-2.3725217547401173e-02
-2.3070947381882031e-02
-2.2444115488378408e-02
-2.1844543939559334e-02
-2.1270160714661163e-02
-2.0718743512652720e-02
-2.0190352854287181e-02
-1.9683320324778524e-02
-1.9195666900259284e-02
-1.8727600994395566e-02
-1.8277751826407573e-02
-1.7844381768155480e-02
-1.7427782165104887e-02
-1.7026800436591764e-02
-1.6639935730925533e-02
-1.6267515906699087e-02
-1.5908546731788351e-02
-1.5561757552999685e-02
-1.5227479571401810e-02
-1.4904831562287640e-02
-1.4592765030004763e-02
-1.4291591102649742e-02
-1.4356491231764594e-02
-1.4717917145748782e-02
-1.5092955117056399e-02
-1.5481880190500960e-02
-1.5885053780865663e-02
-1.6303898467906804e-02
-1.6738719593662545e-02
-1.7190150259581909e-02
-1.7659716956860680e-02
-1.8147758786485810e-02
-1.8655259597257952e-02
-1.9183866548341869e-02
-1.9733960165011232e-02
-2.0306971750595204e-02
-2.0904693470970383e-02
-2.1527561292628998e-02
-2.2177573794822235e-02
-2.2856702860195071e-02
-2.3565463014159974e-02
-2.4306570414328703e-02
-2.5082226308809182e-02
-2.5893060380569214e-02
-2.6742697370068229e-02
-2.7633441720713744e-02
-2.8566686886295607e-02
-2.9546620222736696e-02
-3.0575855632117357e-02
-3.1656917021750414e-02
-3.2794595960217686e-02
-3.3991984691768860e-02
-3.5253088566074862e-02
-3.6583511711116845e-02
-3.7987023830634854e-02
-3.9469587819372744e-02
-4.1037923559824517e-02
-4.2696776586850851e-02
-4.4454725348353319e-02
-4.6319918085960012e-02
-4.8298937140811647e-02
-5.0403496910502665e-02
-5.2643527448547112e-02
-5.5029521790874628e-02
-5.7576295311245446e-02
-6.0296878336718457e-02
-6.3207312697983076e-02
-6.6326960909760271e-02
-6.9673529645759305e-02
-7.3271101417878598e-02
-7.7145786845003519e-02
-8.1322837724680672e-02
-8.5837980347074405e-02
-9.0726945035929929e-02
-9.6029863223531617e-02
-1.0179742186972131e-01
-1.0808199105998223e-01
-1.1494732576137758e-01
-1.2246856197290712e-01
-1.3072591652245749e-01
-1.3982214582202843e-01
-1.4987294152252412e-01
-1.6101082101140962e-01
-1.7340249800887950e-01
-1.8723718379833906e-01
-2.0274545685577944e-01
-2.2020982322921673e-01
-2.3996148268474735e-01
-2.6242070238164700e-01
-2.8808052960305042e-01
-3.1757038190691755e-01
-3.5171074406513453e-01
-3.9151291191514637e-01
-4.3828712935672753e-01
-4.9374937931688007e-01
-5.6014290383430154e-01
-6.4051833629208610e-01
-7.3902618526974317e-01
-8.6144710260381185e-01
-1.0160626958068804e+00
-1.2144399168232363e+00
-1.4748664892114436e+00
-1.8252267972921925e+00
-2.3093283912017966e+00
-2.9982829619310385e+00
-4.0103315181332269e+00
-5.5240549406709647e+00
-7.6974987892968310e+00
-1.0023936202354379e+01
-1.0644102103078342e+01
-9.9479677714485781e+00
-9.0737063707513226e+00
-7.0445810662576269e+00
-4.6739232209449035e+00
-3.0822654259404163e+00
-2.1272821671725533e+00
-1.5396720424045125e+00
-1.1605102994509946e+00
-9.0386875042073311e-01
-7.2314222822583429e-01
-5.9144951496142684e-01
-5.0233396765592020e-01
-6.0316563173586424e-01
-7.3650413375250123e-01
-9.1748091338557314e-01
-1.1706996070288083e+00
-1.5372474900929698e+00
-2.0891518355240559e+00
-2.9483984658114566e+00
-4.2822012061806243e+00
-6.0031359057159150e+00
-6.9170435289771071e+00
0.0000000000000000e+00
2.4055929233035767e-01
0.0000000000000000e+00
0.0000000000000000e+00
];
