%Vec Object:sol 1 MPI processes
%  type: mpi
sol = [
0.0000000000000000e+00
-2.3691990215991179e+01
-1.8572288220320992e+01
-1.2273852220505411e+01
-7.8622093444246683e+00
-5.2682497942232427e+00
-3.7199834988857203e+00
-2.7494209696848602e+00
-2.1066197033703506e+00
-1.6622143811406551e+00
-1.3437440845963524e+00
-1.1079858612871907e+00
-9.2892708493983778e-01
-7.8971297297886223e-01
-6.7937650083823331e-01
-5.9058369084401841e-01
-5.1813912382289651e-01
-4.5826072464105355e-01
-4.0816260907138763e-01
-3.6588296904543549e-01
-3.2988169089227320e-01
-2.9892772716437893e-01
-2.7215874330919909e-01
-2.4885958760888552e-01
-2.2843249444613917e-01
-2.1043158806824958e-01
-1.9450060112106929e-01
-1.8032459397563097e-01
-1.6764601132704185e-01
-1.5627745173204546e-01
-1.4604299099715673e-01
-1.3677930494626372e-01
-1.2838468793820035e-01
-1.2075424659568343e-01
-1.1378356471311078e-01
-1.0740947546624674e-01
-1.0156812997807553e-01
-9.6193246469191279e-02
-9.1236337761800859e-02
-8.6662074776081927e-02
-8.2427948087243033e-02
-7.8499451316870944e-02
-7.4853378365700510e-02
-7.1461161476230592e-02
-6.8295283782952465e-02
-6.5342095574961831e-02
-6.2582486378821078e-02
-5.9993734315195349e-02
-5.7568225987967368e-02
-5.5292645629435984e-02
-5.3149144027714590e-02
-5.1132573522592838e-02
-4.9233603758888661e-02
-4.7439117879164529e-02
-4.5744366966190289e-02
-4.4143170235022074e-02
-4.2625770240225569e-02
-4.1187751922656959e-02
-3.9825099815889602e-02
-3.8530472638161825e-02
-3.7299769422941949e-02
-3.6130468954303621e-02
-3.5016985474475563e-02
-3.3955530666446618e-02
-3.2944613743482107e-02
-3.1979934775245265e-02
-3.1058021797315878e-02
-3.0178089760189538e-02
-2.9336785705310765e-02
-2.8530957299681834e-02
-2.7760295983625668e-02
-2.7022148626517976e-02
-2.6313683058610961e-02
-2.5634903984116462e-02
-2.4983675897506673e-02
-2.4357483955280861e-02
-2.3756529567133235e-02
-2.3179059440706713e-02
-2.2622870236591246e-02
-2.2088276439669208e-02
-2.1573805541133726e-02
-2.1077557319603153e-02
-2.0599899502536878e-02
-2.0139563973405817e-02
-1.9694943399835546e-02
-1.9266415954117527e-02
-1.8852860066911531e-02
-1.8452949700965816e-02
-1.8067043185145147e-02
-1.8144026237746188e-02
-1.8595632919662215e-02
-1.9064160230743456e-02
-1.9549949401145246e-02
-2.0053449176030965e-02
-2.0576420185585854e-02
-2.1119241215276773e-02
-2.1682696992925989e-02
-2.2268676003926315e-02
-2.2877598903877160e-02
-2.3510683834825605e-02
-2.4169967717830202e-02
-2.4855922601111621e-02
-2.5570319072009795e-02
-2.6315372437228444e-02
-2.7091623469390962e-02
-2.7901542614658562e-02
-2.8747566259700468e-02
-2.9630332492457705e-02
-3.0553196365300496e-02
-3.1518876379237525e-02
-3.2528153083567990e-02
-3.3585500764024639e-02
-3.4693764265546045e-02
-3.5854666086434284e-02
-3.7073371993429020e-02
-3.8353107346529448e-02
-3.9696987356053939e-02
-4.1110919610140149e-02
-4.2598717569580849e-02
-4.4165319663418350e-02
-4.5817630756994819e-02
-4.7560296816650076e-02
-4.9400662828701931e-02
-5.1347002400513132e-02
-5.3405159774317472e-02
-5.5585692045896369e-02
-5.7898623527441816e-02
-6.0352052832248690e-02
-6.2960383210955734e-02
-6.5735820535926748e-02
-6.8691260479148336e-02
-7.1844901637400690e-02
-7.5212744762924583e-02
-7.8814482972642513e-02
-8.2673874826842950e-02
-8.6812638982425153e-02
-9.1260304763999406e-02
-9.6048872136868635e-02
-1.0120927491556525e-01
-1.0678526403741113e-01
-1.1282056855706291e-01
-1.1936428229548209e-01
-1.2647838522676116e-01
-1.3422687212712431e-01
-1.4268761576911856e-01
-1.5195233763025848e-01
-1.6211888673435629e-01
-1.7331255415826233e-01
-1.8567429052938714e-01
-1.9936542509121555e-01
-2.1458880397741048e-01
-2.3157442781405169e-01
-2.5060237597299084e-01
-2.7201551041703809e-01
-2.9617968063139294e-01
-3.2362740126089895e-01
-3.5497739090073421e-01
-3.9098815747752180e-01
-4.3263535923194146e-01
-4.8113620491802400e-01
-5.3806558684602068e-01
-6.0548302546526223e-01
-6.8607618740638487e-01
-7.8349426563296209e-01
-9.0269266972026163e-01
-1.0505570964882633e+00
-1.2363367816131441e+00
-1.4745939553538219e+00
-1.7866090694265990e+00
-2.2052204285203549e+00
-2.7798452539662191e+00
-3.5966436060194904e+00
-4.7887222929925493e+00
-6.5662301737316486e+00
-9.1178361389717537e+00
-1.1864034290370954e+01
-1.2530873346319863e+01
-1.1557772489205929e+01
-1.0395613987693272e+01
-7.8942305030881581e+00
-5.1396842776906713e+00
-3.3548876180729996e+00
-2.3023992203780859e+00
-1.6608509171310084e+00
-1.2489602261321433e+00
-9.7127052930603530e-01
-7.7619507975576063e-01
-6.3426495177140529e-01
-5.3828315945861882e-01
-6.4628116141592451e-01
-7.8912745468326095e-01
-9.8308735279019499e-01
-1.2544237494156829e+00
-1.6479678605824608e+00
-2.2414762907446333e+00
-3.1700218641813960e+00
-4.6264931565335239e+00
-6.5525457396357378e+00
-7.6148105101055865e+00
0.0000000000000000e+00
1.3464638167935297e-01
0.0000000000000000e+00
0.0000000000000000e+00
];
