%Vec Object:sol 1 MPI processes
%  type: mpi
sol = [
0.0000000000000000e+00
-2.3586084822183800e+01
-1.8510860707644703e+01
-1.2247678237853673e+01
-7.8518247696506425e+00
-5.2626423171370069e+00
-3.7169467807180441e+00
-2.7473882043788627e+00
-2.1053937934462792e+00
-1.6613017969390431e+00
-1.3430413413363385e+00
-1.1074307712208162e+00
-9.2847976577701485e-01
-7.8942805263390092e-01
-6.7914160795945988e-01
-5.9038817146621791e-01
-5.1797509427261268e-01
-4.5812225335812823e-01
-4.0804516133263896e-01
-3.6578297481961597e-01
-3.2979632347154669e-01
-2.9885474053491534e-01
-2.7209629748602099e-01
-2.4880617409414313e-01
-2.2838687569671226e-01
-2.1039272916051030e-01
-1.9446762897019765e-01
-1.8029677437360311e-01
-1.6762272226569538e-01
-1.5625815637532520e-01
-1.4602722884871408e-01
-1.3676668249115784e-01
-1.2837485926798586e-01
-1.2074691067890220e-01
-1.1377846114993505e-01
-1.0740637338256323e-01
-1.0156682587907863e-01
-9.6193570958825178e-02
-9.1241388940750179e-02
-8.6671801670541448e-02
-8.2440516182778825e-02
-7.8512693434997935e-02
-7.4867223915148842e-02
-7.1475547339848691e-02
-6.8310153058984274e-02
-6.5357397618620666e-02
-6.2598175715070953e-02
-6.0009769259870845e-02
-5.7584569679794272e-02
-5.5309264891250771e-02
-5.3166007903724249e-02
-5.1149654795276521e-02
-4.9250877925008006e-02
-4.7456561819491677e-02
-4.5761960266425629e-02
-4.4160894648529819e-02
-4.2643608386605719e-02
-4.1205688301123464e-02
-3.9843120758458625e-02
-3.8548565022554382e-02
-3.7317921349700287e-02
-3.6148670148719947e-02
-3.5035226007007474e-02
-3.3973801315913342e-02
-3.2962906777710403e-02
-3.1998242678396280e-02
-3.1076337367367746e-02
-3.0196407188424215e-02
-2.9355099314838557e-02
-2.8549261428971268e-02
-2.7778586291212444e-02
-2.7040420842718071e-02
-2.6331932712465762e-02
-2.5653127861475254e-02
-2.5001870807975064e-02
-2.4375646360657789e-02
-2.3774657124690561e-02
-2.3197149787475956e-02
-2.2640920575205833e-02
-2.2106285104441788e-02
-2.1591770801398187e-02
-2.1095476975142493e-02
-2.0617772415834595e-02
-2.0157388893527257e-02
-1.9712718615142611e-02
-1.9284140740422447e-02
-1.8870533532889273e-02
-1.8470570541212126e-02
-1.8084610999605222e-02
-1.8161985275342612e-02
-1.8614362671657878e-02
-1.9083693266366050e-02
-1.9570319543312991e-02
-2.0074691613396766e-02
-2.0598572739262834e-02
-2.1142343152172564e-02
-2.1706789432443776e-02
-2.2293803073488428e-02
-2.2903806402950807e-02
-2.3538020062144158e-02
-2.4198484420905539e-02
-2.4885673470558121e-02
-2.5601361151253010e-02
-2.6347766743587006e-02
-2.7125433297973602e-02
-2.7936835728724067e-02
-2.8784415035470124e-02
-2.9668812008104523e-02
-3.0593387619842972e-02
-3.1560865777484938e-02
-3.2572030282448983e-02
-3.3631363232802532e-02
-3.4741715582620347e-02
-3.5904814714575392e-02
-3.7125835772790293e-02
-3.8408011352437411e-02
-3.9754463954680096e-02
-4.1171112359577128e-02
-4.2661778820166377e-02
-4.4231412303921455e-02
-4.5886931247426155e-02
-4.7632992510413405e-02
-4.9476956027363864e-02
-5.1427112158428240e-02
-5.3489318941415946e-02
-5.5674154438486070e-02
-5.7991663825362569e-02
-6.0449964339884255e-02
-6.3063487758770825e-02
-6.5844466054607628e-02
-6.8805822752617027e-02
-7.1965793230537631e-02
-7.5340412680931390e-02
-7.8949415321401498e-02
-8.2816608388466356e-02
-8.6963757271997941e-02
-9.1420451754454082e-02
-9.6218757876435163e-02
-1.0138967542983576e-01
-1.0697704404487850e-01
-1.1302468362981362e-01
-1.1958178990371626e-01
-1.2671046880800049e-01
-1.3447484729945286e-01
-1.4295295678529335e-01
-1.5223670450603563e-01
-1.6242413940379838e-01
-1.7364080392757392e-01
-1.8602793187418648e-01
-1.9974717593564503e-01
-2.1500178393569849e-01
-2.3202221162943351e-01
-2.5108908789131706e-01
-2.7254595214380506e-01
-2.9678738827729495e-01
-3.2429313057270104e-01
-3.5570911387859694e-01
-3.9179531624570374e-01
-4.3352926354272353e-01
-4.8213046258528902e-01
-5.3917673452519854e-01
-6.0673136690178953e-01
-6.8748684707157925e-01
-7.8509878297838476e-01
-9.0453108662100701e-01
-1.0526834689870959e+00
-1.2389150061892911e+00
-1.4776271306123223e+00
-1.7902212091165486e+00
-2.2095825442013233e+00
-2.7853983565713301e+00
-3.6035701953454069e+00
-4.7978354955291858e+00
-6.5783951016851692e+00
-9.1345498030904135e+00
-1.1885411059542596e+01
-1.2552668233907809e+01
-1.1576273506170150e+01
-1.0410893289274330e+01
-7.9041112660996911e+00
-5.1451461041151818e+00
-3.3581063651751228e+00
-2.3044882609058881e+00
-1.6623000879987162e+00
-1.2500325193919135e+00
-9.7209129038353004e-01
-7.7684434516109746e-01
-6.3479622635675281e-01
-5.3873239846409415e-01
-6.4682276804215066e-01
-7.8979159203809002e-01
-9.8391866891655777e-01
-1.2554979639736359e+00
-1.6493909437005991e+00
-2.2434516831631099e+00
-3.1729110184112721e+00
-4.6309974082782768e+00
-6.5597909795564071e+00
-7.6240887076313912e+00
0.0000000000000000e+00
1.3464638167935297e-01
0.0000000000000000e+00
0.0000000000000000e+00
];
