%Vec Object:sol 1 MPI processes
%  type: mpi
sol = [
0.0000000000000000e+00
-1.8566831107051321e+01
-1.4285319978785569e+01
-9.3666909117424666e+00
-6.0329654686030345e+00
-4.0710074668827136e+00
-2.8926089625238336e+00
-2.1467926237662800e+00
-1.6506268025150108e+00
-1.3063205961542403e+00
-1.0584312876619089e+00
-8.7394707992014753e-01
-7.3350176905879572e-01
-6.2423300545428773e-01
-5.3754853106951261e-01
-4.6765887238984577e-01
-4.1054843625925391e-01
-3.6328118997663206e-01
-3.2368726098468725e-01
-2.9023981948254041e-01
-2.6173508704944781e-01
-2.3720699750308866e-01
-2.1598137583960103e-01
-1.9748821125992908e-01
-1.8126138839613085e-01
-1.6695682304258436e-01
-1.5429361038696948e-01
-1.4302242095402826e-01
-1.3293927046930373e-01
-1.2389642112873477e-01
-1.1575444475661331e-01
-1.0838339515872888e-01
-1.0170322731609989e-01
-9.5630719094546318e-02
-9.0082606690037731e-02
-8.5009088962961915e-02
-8.0359510469838691e-02
-7.6080999732788132e-02
-7.2137712471343665e-02
-6.8499157561937141e-02
-6.5130950976721294e-02
-6.2005685524982992e-02
-5.9105082743912109e-02
-5.6406401120538921e-02
-5.3887690749970005e-02
-5.1538251999988099e-02
-4.9342880382293744e-02
-4.7283392060223361e-02
-4.5353869746857789e-02
-4.3543720589936628e-02
-4.1838643374600006e-02
-4.0234640242314997e-02
-3.8724292391113260e-02
-3.7297093618282956e-02
-3.5949315366732126e-02
-3.4676053030631537e-02
-3.3469494441154844e-02
-3.2326147826496239e-02
-3.1242835152149786e-02
-3.0213681521228747e-02
-2.9235428459125690e-02
-2.8306087592873893e-02
-2.7421191139836012e-02
-2.6577720522523374e-02
-2.5774506207080133e-02
-2.5008110651727231e-02
-2.4275762944560093e-02
-2.3576853013570456e-02
-2.2908701657183009e-02
-2.2268791275870291e-02
-2.1656888325437832e-02
-2.1070873746919142e-02
-2.0508485431910483e-02
-1.9969736296908867e-02
-1.9452921399328384e-02
-1.8956032750120175e-02
-1.8479237065601221e-02
-1.8021135102097841e-02
-1.7579968694832426e-02
-1.7155992025276283e-02
-1.6748030425022393e-02
-1.6354568839977296e-02
-1.5975901633177383e-02
-1.5611017701791555e-02
-1.5258636704830044e-02
-1.4919059486958111e-02
-1.4591392383126695e-02
-1.4274580133961896e-02
-1.3968906355510503e-02
-1.4021243020511481e-02
-1.4362868266574227e-02
-1.4717221527932393e-02
-1.5084538492956264e-02
-1.5465138858100979e-02
-1.5860378757347537e-02
-1.6270517771976752e-02
-1.6696135020319771e-02
-1.7138678982963923e-02
-1.7598435376344979e-02
-1.8076317545575187e-02
-1.8573880981536877e-02
-1.9091443660085781e-02
-1.9630344238995803e-02
-2.0192266881624472e-02
-2.0777573706136948e-02
-2.1388141306641208e-02
-2.2025813643166248e-02
-2.2691017155959361e-02
-2.3386307281708030e-02
-2.4113732620874365e-02
-2.4873816466720211e-02
-2.5669971732115857e-02
-2.6504325859956494e-02
-2.7378121040710270e-02
-2.8295286111141755e-02
-2.9258221941097104e-02
-3.0269235007435804e-02
-3.1332802741781657e-02
-3.2451755319318397e-02
-3.3629790086658305e-02
-3.4872124028802895e-02
-3.6182198809125286e-02
-3.7565544633041605e-02
-3.9028396501003489e-02
-4.0575080974946935e-02
-4.2213571498632287e-02
-4.3951403542579662e-02
-4.5794593746718425e-02
-4.7754029694078735e-02
-4.9838862735826044e-02
-5.2058749712421665e-02
-5.4427425139824785e-02
-5.6956881040650713e-02
-5.9661930238865853e-02
-6.2560486210188185e-02
-6.5668833131351731e-02
-6.9009243260024389e-02
-7.2605835259507215e-02
-7.6481836445531678e-02
-8.0670301971654618e-02
-8.5204183172545078e-02
-9.0120481362550145e-02
-9.5466037579008914e-02
-1.0128912927827542e-01
-1.0764871717871999e-01
-1.1460951971023667e-01
-1.2224876353983033e-01
-1.3066148986398654e-01
-1.3995423829444720e-01
-1.5024897222275080e-01
-1.6169930883009301e-01
-1.7447942184973608e-01
-1.8880163743808201e-01
-2.0492616035235955e-01
-2.2315785797656065e-01
-2.4388382665703603e-01
-2.6757574156815067e-01
-2.9481443544536312e-01
-3.2634826407137507e-01
-3.6311241140739658e-01
-4.0631909326188342e-01
-4.5755667195837507e-01
-5.1890243112031609e-01
-5.9318311872677532e-01
-6.8424161845216280e-01
-7.9723793089484229e-01
-9.3995373622602119e-01
-1.1235229191745002e+00
-1.3647079920576894e+00
-1.6893465694742500e+00
-2.1375571269099281e+00
-2.7773865230034285e+00
-3.7168061043883580e+00
-5.1230342167086453e+00
-7.1398316601440044e+00
-9.2849067552268920e+00
-9.8659826097543331e+00
-9.2614403678598816e+00
-8.4895329417573588e+00
-6.6540986131668163e+00
-4.4521804879681195e+00
-2.9499315918567204e+00
-2.0408447064819275e+00
-1.4793651922356583e+00
-1.1158323779584041e+00
-8.6958944535435112e-01
-6.9595376855194746e-01
-5.6926749797666276e-01
-4.8349886277008358e-01
-5.8042877248901581e-01
-7.0858219002915368e-01
-8.8243396448905587e-01
-1.1253908100749286e+00
-1.4770695945087249e+00
-2.0053964767347723e+00
-2.8256727177153267e+00
-4.0901969907745768e+00
-5.6966702430728384e+00
-6.5302337024436214e+00
0.0000000000000000e+00
2.4055929233035767e-01
0.0000000000000000e+00
0.0000000000000000e+00
];
