%Vec Object:dSdr_b_aug 1 MPI processes
%  type: seq
dSdr_b_aug = [
0.0000000000000000e+00
0.0000000000000000e+00
8.6647691216784439e-01
0.0000000000000000e+00
-2.3429256499222232e-02
-9.4267023067732096e-03
-5.6253724342008506e-03
-3.9053021350970640e-03
-2.9321469929061705e-03
-2.3325664623171068e-03
-1.9262979080921856e-03
-1.6153411599253644e-03
-1.3846385485839785e-03
-1.2079800757988008e-03
-1.0636223930150098e-03
-9.4665052384515242e-04
-8.5080096662927681e-04
-7.6995168055763743e-04
-7.0083860381570670e-04
-6.4188996452482869e-04
-5.9093398665016280e-04
-5.4596386948403306e-04
-5.0657512663294696e-04
-4.7184385225920126e-04
-4.4062059123910311e-04
-4.1271077426252865e-04
-3.8767418149577654e-04
-3.6495502199546359e-04
-3.4429574776320422e-04
-3.2552003504293241e-04
-3.0834213347211029e-04
-2.9252422135746145e-04
-2.7800058584046867e-04
-2.6461804162336978e-04
-2.5217639860858652e-04
-2.4065856078441637e-04
-2.2997746213113102e-04
-2.2005973784000048e-04
-2.1131410235349394e-04
-2.0594820688547662e-04
-2.1396401871939105e-04
-2.7709974243950571e-04
-5.5851702338690409e-04
-1.5813564054880248e-03
-4.7905577372342571e-03
-1.3778679370722954e-02
-3.5323048544662207e-02
-7.5202026254972937e-02
-1.2628902610723552e-01
-1.7242168520062348e-01
-2.0594019511529768e-01
-2.2919342648827878e-01
-2.4443417161027006e-01
-2.5518881822923933e-01
-2.6316040556744935e-01
-2.6926383240476481e-01
-2.7374388645216369e-01
-2.7727249899682560e-01
-2.8029042862646358e-01
-2.8256817947383234e-01
-2.8431475723572824e-01
-2.8559859859845760e-01
-2.8665807543020305e-01
-2.8724375105834937e-01
-2.8744196348417589e-01
-2.8746398025226633e-01
-2.8729677083873489e-01
-2.8682029265456188e-01
-2.8617152601922408e-01
-2.8538283514430529e-01
-2.8441679989818830e-01
-2.8330634536013333e-01
-2.8212612688484612e-01
-2.8087030840931687e-01
-2.7954051657934298e-01
-2.7800006136361416e-01
-2.7654607838086798e-01
-2.7503658252478025e-01
-2.7335121435094206e-01
-2.7178917469211988e-01
-2.7020636895723699e-01
-2.6837657039313323e-01
-2.6673131567178537e-01
-2.6507498396549051e-01
-2.6322941037114439e-01
-2.6156188410755943e-01
-2.5989956166063921e-01
-2.5795851295987915e-01
-2.5629428628515832e-01
-2.5457975905285135e-01
-2.5270292090818725e-01
-2.5104865868137666e-01
-2.4929488971054359e-01
-2.4743778882365200e-01
-2.4578031223510485e-01
-2.4397123488750311e-01
-2.4222072274767067e-01
-2.4059234680336694e-01
-2.3871179983253349e-01
-2.3704076776531688e-01
-2.3538688113508530e-01
-2.3347519315908766e-01
-2.3191984711334968e-01
-2.3018893099048651e-01
-2.2840919030608189e-01
-2.2685848213516402e-01
-2.2498289902170332e-01
-2.2338181648738326e-01
-2.2177096720628317e-01
-2.1995500409097446e-01
-2.1843270660793865e-01
-2.1667405436862699e-01
-2.1500976293343413e-01
-2.1347368041948359e-01
-2.1166889517009893e-01
-2.1016876379602925e-01
-2.0846023735383853e-01
-2.0685440717982445e-01
-2.0526336055266051e-01
-2.0356834256132059e-01
-2.0207904793762524e-01
-2.0032908230939997e-01
-1.9885022331377061e-01
-1.9721369795697238e-01
-1.9558768616391473e-01
-1.9412923397172821e-01
-1.9236098715215452e-01
-1.9096936641510931e-01
-1.8926119860427265e-01
-1.8778869815919619e-01
-1.8620085090927921e-01
-1.8463221013246461e-01
-1.8311817341292963e-01
-1.8151335815838823e-01
-1.8008328780207777e-01
-1.7839079193639767e-01
-1.7702860373106030e-01
-1.7534203454756306e-01
-1.7392323235181117e-01
-1.7234282768897990e-01
-1.7084249192153178e-01
-1.6933901195359358e-01
-1.6781290303116106e-01
-1.6633852523223872e-01
-1.6479152363644803e-01
-1.6334813192583278e-01
-1.6175312195526964e-01
-1.6038609135747425e-01
-1.5874008878851137e-01
-1.5740872830311883e-01
-1.5577234136799264e-01
-1.5443769695447107e-01
-1.5280208181180208e-01
-1.5147241183327737e-01
-1.4981985388608535e-01
-1.4852843215700726e-01
-1.4685919071013268e-01
-1.4556943415397611e-01
-1.4393052334428111e-01
-1.4261686183896868e-01
-1.4099649497021521e-01
-1.3966391499711470e-01
-1.3804939587929160e-01
-1.3672781161578285e-01
-1.3511651529071306e-01
-1.3377062279276822e-01
-1.3221574705166195e-01
-1.3080786393934546e-01
-1.2931752102144498e-01
-1.2785490284729550e-01
-1.2639107435131733e-01
-1.2490502047294345e-01
-1.2347023325515528e-01
-1.2194362300539861e-01
-1.2057011895165488e-01
-1.1896495612591977e-01
-1.1763348530780927e-01
-1.1602706295074333e-01
-1.1465294265724241e-01
-1.1311839596398744e-01
-1.1164782693530853e-01
-1.1020846983383503e-01
-1.0863965084520520e-01
-1.0727796443788958e-01
-1.0563910043720642e-01
-1.0425495707079291e-01
-1.0270415494033056e-01
-1.0122672980574997e-01
-9.9756169811383494e-02
-9.8187734529043127e-02
-9.6790428739083570e-02
-9.5138704071735830e-02
-9.3713490555604850e-02
-9.2163668886445657e-02
-9.0626808871934320e-02
-8.9180098949184702e-02
-8.7520766517402232e-02
-8.6076338981815270e-02
-8.4530360384978687e-02
-8.2991697100356060e-02
-8.1639026043013652e-02
-8.0571618287149649e-02
0.0000000000000000e+00
];
