%Vec Object:dSdr_b_aug 1 MPI processes
%  type: seq
dSdr_b_aug = [
0.0000000000000000e+00
0.0000000000000000e+00
6.6654489797302152e-01
0.0000000000000000e+00
-1.6880237802536887e-02
-7.0309367189796412e-03
-4.4103641345650318e-03
-3.1456603151862072e-03
-2.3584274911794588e-03
-1.8710252908994860e-03
-2.3431657352182169e+00
-2.2522809374778867e+00
-2.1244430755237156e+00
-2.0048377362731715e+00
-1.9014156730413379e+00
-1.8074394767773390e+00
-1.7159268246387038e+00
-1.6258212741125981e+00
-1.5495579020401749e+00
-1.4753027503639020e+00
-1.4038125450980310e+00
-1.3339314374236566e+00
-1.2615955952789959e+00
-1.1948472219257318e+00
-1.1291151760514206e+00
-1.0633224707748794e+00
-9.9012882369898447e-01
-9.1900290871712442e-01
-8.5046613019877060e-01
-7.8104292209245874e-01
-7.0952536062719607e-01
-6.3264698334163327e-01
-5.6491425370459636e-01
-4.9958495955319665e-01
-4.3774034574747755e-01
-3.7237361159528531e-01
-3.1913765749912010e-01
-2.7273995973129761e-01
-2.3213075963699512e-01
-1.9379271708516488e-01
-1.6476020703354130e-01
-1.4276591448113962e-01
-1.2549781326396525e-01
-1.1166454697896523e-01
-1.0316452216189906e-01
-9.8140415386853835e-02
-9.5586154462810949e-02
-9.5339346648713685e-02
-9.6667621680521024e-02
-9.8938537317474151e-02
-1.0202642791206985e-01
-1.0613155617177279e-01
-1.0975556837847489e-01
-1.1352737264032155e-01
-1.1740781439872149e-01
-1.2119707379972833e-01
-1.2441601751548752e-01
-1.2737047282908423e-01
-1.3029777601379589e-01
-1.3272963970107332e-01
-1.3480740506076425e-01
-1.3661166807623221e-01
-1.3833100254162434e-01
-1.3960877096802199e-01
-1.4059090240964808e-01
-1.4156387933812259e-01
-1.4227062527500822e-01
-1.4272438401508611e-01
-1.4310865594918548e-01
-1.4338592799790945e-01
-1.4345417563106180e-01
-1.4343693478116995e-01
-1.4342182360251798e-01
-1.4324247925826283e-01
-1.4299397997512159e-01
-1.4273516223580904e-01
-1.4238608105285089e-01
-1.4197487186444796e-01
-1.4159137650400014e-01
-1.4112878341953874e-01
-1.4064135505440251e-01
-1.4014566360686578e-01
-1.3960329004971866e-01
-1.3906205634543223e-01
-1.3851321355756768e-01
-1.3794283749511238e-01
-1.3738571618826437e-01
-1.3675378733563393e-01
-1.3618276961972836e-01
-1.3558806183199695e-01
-1.3496679036115855e-01
-1.3438824686460288e-01
-1.3377256941939608e-01
-1.3314211391273290e-01
-1.3255192611862138e-01
-1.3191358741619025e-01
-1.3131521065548613e-01
-1.3073687018800542e-01
-1.3006611039591504e-01
-1.2950247025819805e-01
-1.2890262707848579e-01
-1.2822467918346986e-01
-1.2770936716654085e-01
-1.2707588926432256e-01
-1.2646686638357033e-01
-1.2595308379453135e-01
-1.2527669520955084e-01
-1.2475498529970865e-01
-1.2421540537261463e-01
-1.2358978832047822e-01
-1.2310682545467418e-01
-1.2253025894013787e-01
-1.2198895379295001e-01
-1.2152014725966974e-01
-1.2096007146814447e-01
-1.2051185038247561e-01
-1.2002277802859219e-01
-1.1956838802158576e-01
-1.1913784204531097e-01
-1.1870748064393796e-01
-1.1836005897278053e-01
-1.1794441986719460e-01
-1.1768174815820773e-01
-1.1735912066667024e-01
-1.1709748813933420e-01
-1.1696140847469673e-01
-1.1670651709503736e-01
-1.1669255477863405e-01
-1.1659973114228028e-01
-1.1663897817445720e-01
-1.1675384932358891e-01
-1.1690374265410214e-01
-1.1717506946832175e-01
-1.1751364211589943e-01
-1.1798807630894528e-01
-1.1849109415394803e-01
-1.1921064231607072e-01
-1.1992974363195104e-01
-1.2086132971520409e-01
-1.2186462397346645e-01
-1.2301610431188109e-01
-1.2430812185834950e-01
-1.2572792865916210e-01
-1.2728794223511006e-01
-1.2899156359566760e-01
-1.3083645964710136e-01
-1.3279056088837840e-01
-1.3496203434998830e-01
-1.3715854997024288e-01
-1.3961876816041405e-01
-1.4209928920947415e-01
-1.4479917992642835e-01
-1.4756503275652705e-01
-1.5051091425534857e-01
-1.5351260829319305e-01
-1.5672031798893862e-01
-1.5994815037928151e-01
-1.6338476133460772e-01
-1.6684436394372187e-01
-1.7048323294029541e-01
-1.7415696013408191e-01
-1.7799163196606313e-01
-1.8185142444811439e-01
-1.8588711929778026e-01
-1.8991696423091872e-01
-1.9411312488826729e-01
-1.9834197642511323e-01
-2.0266906124770007e-01
-2.0708715688015089e-01
-2.1156045524114467e-01
-2.1614417747107914e-01
-2.2080470205115563e-01
-2.2558542384607208e-01
-2.3046362479379331e-01
-2.3551036051953944e-01
-2.4066632910508370e-01
-2.4606332495688424e-01
-2.5162127528131167e-01
-2.5747676740225200e-01
-2.6360603674599314e-01
-2.7008229170375125e-01
-2.7699905848353390e-01
-2.8435165248442296e-01
-2.9233594219235104e-01
-3.0094139343752502e-01
-3.1039741996395465e-01
-3.2081719728519204e-01
-3.3239819131383480e-01
-3.4543659344835420e-01
-3.6021553638435566e-01
-3.7724820380858914e-01
-3.9704419440008343e-01
-4.2052012906421388e-01
-4.4879650045637626e-01
-4.8361464835850809e-01
-5.2769109001389414e-01
-5.8533235332884404e-01
-6.6432739224434445e-01
-7.7961943615578688e-01
-9.6506871051788767e-01
-1.3174261453601808e+00
-2.2718837206383884e+00
0.0000000000000000e+00
];
