%Vec Object:dSdr_b_aug 1 MPI processes
%  type: seq
dSdr_b_aug = [
0.0000000000000000e+00
0.0000000000000000e+00
7.1655611620968274e-01
0.0000000000000000e+00
-1.7833710723481534e-02
-7.4307259004305817e-03
-4.6740422868165312e-03
-3.3434883165803205e-03
-2.5091242550477197e-03
-1.9925532278845396e-03
-1.6423847825379834e-03
-1.3805563931744453e-03
-1.1860168433885910e-03
-1.0367900292303448e-03
-1.6757968554500079e-03
-2.0300592759837945e+00
-1.9462891305201320e+00
-1.8439007063051525e+00
-1.7576024809111488e+00
-1.6734000364112764e+00
-1.5922844955379385e+00
-1.5133739673398312e+00
-1.4316486029787892e+00
-1.3563902240994636e+00
-1.2825124634378382e+00
-1.2087659778769952e+00
-1.1268260631141540e+00
-1.0474954963497869e+00
-9.7126587955802746e-01
-8.9417504556442673e-01
-8.1493254269781601e-01
-7.3001819498875209e-01
-6.5525364514468121e-01
-5.8328012905974735e-01
-5.1524838089949199e-01
-4.4342626511105193e-01
-3.8497280955779312e-01
-3.3406471381815789e-01
-2.8952230921465116e-01
-2.4746316344659489e-01
-2.1560969804159477e-01
-1.9146363703706520e-01
-1.7245079259661134e-01
-1.5716968121150390e-01
-1.4771059378121421e-01
-1.4202637388516548e-01
-1.3902160812777201e-01
-1.3850189591616235e-01
-1.3969535993733134e-01
-1.4190741172297852e-01
-1.4500026650933578e-01
-1.4914053292720364e-01
-1.5278983043200275e-01
-1.5660111482220651e-01
-1.6050230450183359e-01
-1.6428518358587527e-01
-1.6747738653753735e-01
-1.7037252546858511e-01
-1.7319867730006208e-01
-1.7551439726731904e-01
-1.7745679360063785e-01
-1.7908961402080220e-01
-1.8060787196823153e-01
-1.8168106236469056e-01
-1.8243565615973445e-01
-1.8313530826835087e-01
-1.8359167502801280e-01
-1.8377957924723692e-01
-1.8386901751705079e-01
-1.8384224339290853e-01
-1.8361555734303872e-01
-1.8328663333247797e-01
-1.8293936931301980e-01
-1.8245311983448473e-01
-1.8189632746074871e-01
-1.8127211354934986e-01
-1.8060795948403766e-01
-1.7988352669066643e-01
-1.7912876373709899e-01
-1.7835252808560345e-01
-1.7755256413361645e-01
-1.7667626161082312e-01
-1.7581908743143390e-01
-1.7495949979337219e-01
-1.7404047204821319e-01
-1.7315668048076863e-01
-1.7228375164196252e-01
-1.7127780209371726e-01
-1.7039415824072246e-01
-1.6947910947905617e-01
-1.6849867195518672e-01
-1.6761204367669538e-01
-1.6667033480351112e-01
-1.6568842534648331e-01
-1.6479198187042587e-01
-1.6381768525389087e-01
-1.6288841366701090e-01
-1.6200801044754579e-01
-1.6098937509361044e-01
-1.6010675533904734e-01
-1.5920280253796490e-01
-1.5816918154574991e-01
-1.5735306911941943e-01
-1.5639990436101056e-01
-1.5544687556998665e-01
-1.5462536001182786e-01
-1.5359268277783142e-01
-1.5274633923342726e-01
-1.5188142105935221e-01
-1.5089292210507693e-01
-1.5008622366252133e-01
-1.4914041283712062e-01
-1.4824125931038332e-01
-1.4742441154757560e-01
-1.4645822371289674e-01
-1.4565077549954780e-01
-1.4474510700126894e-01
-1.4388258278519431e-01
-1.4302899006458006e-01
-1.4213157833198312e-01
-1.4133632899763274e-01
-1.4039908132648460e-01
-1.3962879847082976e-01
-1.3874659658903724e-01
-1.3788503964489279e-01
-1.3713302510962000e-01
-1.3617228039432297e-01
-1.3545830798243158e-01
-1.3455471142253317e-01
-1.3376956745520513e-01
-1.3295791372739180e-01
-1.3212175332715434e-01
-1.3133208439192035e-01
-1.3050119345955447e-01
-1.2975209202478155e-01
-1.2887341233496460e-01
-1.2817365364950029e-01
-1.2729408989518662e-01
-1.2656497625360497e-01
-1.2575001502782771e-01
-1.2497349228051684e-01
-1.2420612284210074e-01
-1.2342569903469953e-01
-1.2266510867494297e-01
-1.2188919182730844e-01
-1.2114582511258692e-01
-1.2033511006993161e-01
-1.1965937559719607e-01
-1.1880560485053547e-01
-1.1815892144335842e-01
-1.1732323886178239e-01
-1.1665580782161702e-01
-1.1584901902836627e-01
-1.1518069916589609e-01
-1.1436087921210980e-01
-1.1372809369069536e-01
-1.1289691183394156e-01
-1.1227059524640279e-01
-1.1146147163149210e-01
-1.1081909732983454e-01
-1.1002822582757886e-01
-1.0938284419984429e-01
-1.0859002163465840e-01
-1.0797081899319703e-01
-1.0717095319363838e-01
-1.0654000835221925e-01
-1.0579392217453704e-01
-1.0511475986382562e-01
-1.0442163726138416e-01
-1.0371409629807224e-01
-1.0303149278968407e-01
-1.0232948168567428e-01
-1.0165613708833897e-01
-1.0094455794374395e-01
-1.0030734581911774e-01
-9.9558684490280033e-02
-9.8948277867646497e-02
-9.8200225269481203e-02
-9.7572875922188870e-02
-9.6871339899628442e-02
-9.6192767462146958e-02
-9.5554167639305423e-02
-9.4825393334702260e-02
-9.4226595191709880e-02
-9.3483502165698493e-02
-9.2861136666654104e-02
-9.2185085031939784e-02
-9.1520216921996814e-02
-9.0880997205962044e-02
-9.0192785356692062e-02
-8.9594145663748542e-02
-8.8887060447511809e-02
-8.8296413048695233e-02
-8.7671886300152602e-02
-8.7103696743738149e-02
-8.6667106704544430e-02
-8.6362476809184824e-02
-8.6718159803308034e-02
-8.8777624593299090e-02
-9.7207674113663628e-02
-1.3377236360120720e-01
-3.5402648229097555e-01
0.0000000000000000e+00
];
