%Vec Object:dSdr_b_aug 1 MPI processes
%  type: seq
dSdr_b_aug = [
0.0000000000000000e+00
0.0000000000000000e+00
7.7668159013036364e-01
0.0000000000000000e+00
-1.9582877320306578e-02
-8.0884246788447568e-03
-5.0231101927184531e-03
-3.5661798663149322e-03
-2.6760078832966968e-03
-2.1256731605607490e-03
-1.7526478047045983e-03
-1.4718469113230263e-03
-1.2633215032891458e-03
-1.1034657060460720e-03
-9.7327477639256937e-04
-8.6779767546448969e-04
-7.8131953560029420e-04
-7.0838972760950902e-04
-6.4606404058045437e-04
-5.9288401122905220e-04
-5.4699664001294532e-04
-8.2452886371646977e-03
-1.4911768244812764e+00
-1.5315794399196203e+00
-1.4498343013202062e+00
-1.3674248032353395e+00
-1.2759441498259956e+00
-1.1876634267843378e+00
-1.1030419669288145e+00
-1.0175867937011696e+00
-9.2991742882647976e-01
-8.3623692948586359e-01
-7.5380161921029287e-01
-6.7458015996607323e-01
-5.9979908922251057e-01
-5.2093503005395181e-01
-4.5678998974071972e-01
-4.0096166304914227e-01
-3.5212866729035680e-01
-3.0601030470168933e-01
-2.7107956159488500e-01
-2.4458621504530645e-01
-2.2367009454971840e-01
-2.0680958285758727e-01
-1.9630428929800101e-01
-1.8989997541286197e-01
-1.8640376881758419e-01
-1.8558635271244606e-01
-1.8663275345656802e-01
-1.8878058991122099e-01
-1.9187885715700800e-01
-1.9605745181928666e-01
-1.9973432993644538e-01
-2.0358867995079621e-01
-2.0751250135828811e-01
-2.1128841917168048e-01
-2.1445145060045706e-01
-2.1728188258726050e-01
-2.1999769132126587e-01
-2.2218671367530290e-01
-2.2398144028479419e-01
-2.2542724032136907e-01
-2.2672621638095811e-01
-2.2757631311158494e-01
-2.2808277731416646e-01
-2.2848436253380078e-01
-2.2866770594381158e-01
-2.2856572097398076e-01
-2.2833367481625427e-01
-2.2797538641362286e-01
-2.2742715062981436e-01
-2.2675843201560533e-01
-2.2604907310491637e-01
-2.2522830660634555e-01
-2.2433552262293943e-01
-2.2331306917003510e-01
-2.2230562369932907e-01
-2.2123997403738072e-01
-2.2008073894504415e-01
-2.1896296727609105e-01
-2.1782275540742049e-01
-2.1653203375262575e-01
-2.1533233531399890e-01
-2.1412645811115263e-01
-2.1280472503682499e-01
-2.1158029829520697e-01
-2.1036427477204767e-01
-2.0895190244997722e-01
-2.0772899337308234e-01
-2.0646646676212799e-01
-2.0509642604724881e-01
-2.0387616052749968e-01
-2.0258150544369216e-01
-2.0121921095979181e-01
-1.9999199916455923e-01
-1.9865488124796357e-01
-1.9736867333677857e-01
-1.9616317823880888e-01
-1.9476992966396092e-01
-1.9354464174055422e-01
-1.9231474469980117e-01
-1.9089948886323918e-01
-1.8976208283347923e-01
-1.8847088351112223e-01
-1.8715854044554930e-01
-1.8602009549021162e-01
-1.8462106558645441e-01
-1.8344668941352321e-01
-1.8225756679224725e-01
-1.8090942662753376e-01
-1.7979170699489111e-01
-1.7849261046408349e-01
-1.7726090464557032e-01
-1.7613145551789774e-01
-1.7480078764759441e-01
-1.7369227821826552e-01
-1.7243766316805312e-01
-1.7125207552827343e-01
-1.7007796287316318e-01
-1.6883388715433664e-01
-1.6773698461897629e-01
-1.6644650497119656e-01
-1.6536825337764077e-01
-1.6415819957264283e-01
-1.6296438730926585e-01
-1.6190533351681100e-01
-1.6059362384681836e-01
-1.5958512492820959e-01
-1.5833183727665312e-01
-1.5724794736813627e-01
-1.5609893640668726e-01
-1.5494441786371679e-01
-1.5383991678227327e-01
-1.5267265492895257e-01
-1.5162758386023681e-01
-1.5039519506377491e-01
-1.4940752457562331e-01
-1.4817721191636715e-01
-1.4714833890364701e-01
-1.4600069293645723e-01
-1.4490957933028714e-01
-1.4382227418515303e-01
-1.4271775329346570e-01
-1.4164692958917269e-01
-1.4053587626298025e-01
-1.3948825785500643e-01
-1.3833666486312213e-01
-1.3736047261079382e-01
-1.3616237438873832e-01
-1.3521811013711116e-01
-1.3403441776065500e-01
-1.3307699625094094e-01
-1.3190997509948860e-01
-1.3095421324981787e-01
-1.2977246096160489e-01
-1.2885341315235274e-01
-1.2765798620333446e-01
-1.2674331964830596e-01
-1.2557354657807951e-01
-1.2463941188146331e-01
-1.2348801800261759e-01
-1.2254396077512474e-01
-1.2139400573354824e-01
-1.2046952869338654e-01
-1.1931699271184214e-01
-1.1837531228783037e-01
-1.1727770420823838e-01
-1.1628182059025904e-01
-1.1524220498316674e-01
-1.1420648804025225e-01
-1.1318434429290325e-01
-1.1214156868340075e-01
-1.1113728277943700e-01
-1.1007147168772460e-01
-1.0911425069646281e-01
-1.0799333449481240e-01
-1.0706953887003527e-01
-1.0594842088384801e-01
-1.0499651147754786e-01
-1.0393293428730926e-01
-1.0291014820152561e-01
-1.0192352888009730e-01
-1.0082943512662276e-01
-9.9898724288684904e-02
-9.8765802732971794e-02
-9.7811613137997133e-02
-9.6754280954213276e-02
-9.5734623413953029e-02
-9.4731607109660249e-02
-9.3656996803034118e-02
-9.2705193480659531e-02
-9.1577685521659166e-02
-9.0607769486371864e-02
-8.9552004204913715e-02
-8.8509034046228272e-02
-8.7527212187864245e-02
-8.6404787859928459e-02
-8.5427685253108343e-02
-8.4386226598745478e-02
-8.3357977402560651e-02
-8.2461410400256813e-02
-8.1858899840462004e-02
0.0000000000000000e+00
];
