%Vec Object:dSdr_b_aug 1 MPI processes
%  type: seq
dSdr_b_aug = [
0.0000000000000000e+00
0.0000000000000000e+00
8.4030351293686401e-01
0.0000000000000000e+00
-2.2149002448769488e-02
-8.9912231944370181e-03
-5.4366455990535901e-03
-3.8000642140255197e-03
-2.8511510843090932e-03
-2.2657927293338810e-03
-1.8691039235295898e-03
-1.5673458149046092e-03
-1.3434072232138977e-03
-1.1718678161620991e-03
-1.0318669361959838e-03
-9.1843803990691050e-04
-8.2547775874479803e-04
-7.4707666365422354e-04
-6.8006867895024166e-04
-6.2291017662945440e-04
-5.7349866710307816e-04
-5.2989537268317009e-04
-4.9170111199152281e-04
-4.5802054327021696e-04
-4.2774157549894644e-04
-4.0067443436714691e-04
-3.7639227666067985e-04
-3.5435646756269571e-04
-3.3431761609262791e-04
-3.1611126033366266e-04
-3.0110146201672015e-04
-5.5052806193422966e-04
-2.6168440389525885e-02
-3.8019735484593298e-01
-6.1457244301594294e-01
-5.8159775856363793e-01
-5.2157141536419760e-01
-4.6316566377557578e-01
-4.1082039151745692e-01
-3.6104400524258351e-01
-3.2327144698230914e-01
-2.9458892366405576e-01
-2.7188942923484594e-01
-2.5354583765004807e-01
-2.4205743158781295e-01
-2.3497611679847966e-01
-2.3101773992888797e-01
-2.2992033253168834e-01
-2.3082845069202296e-01
-2.3291593732917962e-01
-2.3601937059863076e-01
-2.4023409685089178e-01
-2.4393697025856870e-01
-2.4783188569471376e-01
-2.5177702545544428e-01
-2.5554639319601685e-01
-2.5868195928397292e-01
-2.6145146465447056e-01
-2.6406337520902767e-01
-2.6613309965855680e-01
-2.6778878092844233e-01
-2.6905848316042613e-01
-2.7015098411043142e-01
-2.7079101659320420e-01
-2.7106384288101781e-01
-2.7118476953887205e-01
-2.7111103526038938e-01
-2.7073609185644937e-01
-2.7020133740541274e-01
-2.6953089668805258e-01
-2.6867989116517188e-01
-2.6769122357568859e-01
-2.6664091789239203e-01
-2.6550517180920741e-01
-2.6429601977937189e-01
-2.6289858601818533e-01
-2.6156789909915651e-01
-2.6018096137107244e-01
-2.5864087744255060e-01
-2.5720151722733114e-01
-2.5574092969078377e-01
-2.5405999320945172e-01
-2.5253777573101954e-01
-2.5100583411048721e-01
-2.4930491588361911e-01
-2.4775974888172772e-01
-2.4622066925464847e-01
-2.4442561148023120e-01
-2.4288325211193829e-01
-2.4129354224709179e-01
-2.3955665332144727e-01
-2.3802223680528456e-01
-2.3639524951625807e-01
-2.3467478661531754e-01
-2.3313612519035867e-01
-2.3145737677020586e-01
-2.2983507960157593e-01
-2.2832347980281789e-01
-2.2657749752659964e-01
-2.2502955517990816e-01
-2.2349275086997286e-01
-2.2171814982978985e-01
-2.2027821555272717e-01
-2.1866872476420676e-01
-2.1701805335041696e-01
-2.1558118938220558e-01
-2.1383720380329033e-01
-2.1235395386573350e-01
-2.1085956206703421e-01
-2.0917278567187644e-01
-2.0776221012005722e-01
-2.0613046164433937e-01
-2.0458562632776550e-01
-2.0316183336578589e-01
-2.0148797300389534e-01
-2.0009598585635993e-01
-1.9851280452654926e-01
-1.9702302199409888e-01
-1.9554710936837061e-01
-1.9397661657889156e-01
-1.9259567884721934e-01
-1.9097259772055800e-01
-1.8960436422405558e-01
-1.8808560660947599e-01
-1.8657894430781682e-01
-1.8523078375276991e-01
-1.8358860712116717e-01
-1.8230278333027011e-01
-1.8072022813316230e-01
-1.7935504032552088e-01
-1.7788837537720564e-01
-1.7643409225743445e-01
-1.7503314663010236e-01
-1.7354915942886490e-01
-1.7222540460218988e-01
-1.7065996487340890e-01
-1.6940119778311408e-01
-1.6784062144306205e-01
-1.6652949616509219e-01
-1.6506859556481165e-01
-1.6368126438344602e-01
-1.6229270894684517e-01
-1.6088301939344810e-01
-1.5952008100092069e-01
-1.5809346429435325e-01
-1.5675936339119767e-01
-1.5528680078062410e-01
-1.5402769825048682e-01
-1.5250538222842869e-01
-1.5128091647551423e-01
-1.4976953890858596e-01
-1.4853906279896317e-01
-1.4703284760043633e-01
-1.4580643060480000e-01
-1.4428388338571055e-01
-1.4309529102497920e-01
-1.4155689122722734e-01
-1.4037071412535390e-01
-1.3886135356750798e-01
-1.3765249677863015e-01
-1.3616163473971682e-01
-1.3493634373919711e-01
-1.3345011203896642e-01
-1.3223818739760390e-01
-1.3075357592816989e-01
-1.2951930513739091e-01
-1.2809070218441856e-01
-1.2679659137526827e-01
-1.2543071532276362e-01
-1.2408598466698890e-01
-1.2274412618758326e-01
-1.2138048248489404e-01
-1.2006457729625440e-01
-1.1866521582012693e-01
-1.1740666783809862e-01
-1.1593522907032171e-01
-1.1471633750758649e-01
-1.1324393123364217e-01
-1.1198640430931624e-01
-1.1058191568852409e-01
-1.0923500219676784e-01
-1.0792066924648495e-01
-1.0648294658273708e-01
-1.0524027577273973e-01
-1.0374112974705575e-01
-1.0247572126175093e-01
-1.0106119466790695e-01
-9.9710187311544754e-02
-9.8368746314698052e-02
-9.6936689594305625e-02
-9.5662421137522893e-02
-9.4155474220366589e-02
-9.2856012124384532e-02
-9.1442652837106023e-02
-9.0042221121565458e-02
-8.8723949768573174e-02
-8.7212976309849699e-02
-8.5897752691193360e-02
-8.4491375212121966e-02
-8.3094257051182951e-02
-8.1869214068947885e-02
-8.0939036314685006e-02
0.0000000000000000e+00
];
