%Vec Object:dSdr_b_aug 1 MPI processes
%  type: seq
dSdr_b_aug = [
0.0000000000000000e+00
0.0000000000000000e+00
8.4026534897745142e-01
0.0000000000000000e+00
-2.2147281306199858e-02
-8.9906466514961935e-03
-5.4364048336148175e-03
-3.7999397421378187e-03
-2.8510608367690328e-03
-2.2657226564295188e-03
-1.8690474435033785e-03
-1.5673018157615190e-03
-1.3433723801848819e-03
-1.1718399048475749e-03
-1.0318448292178024e-03
-9.1842062889955513e-04
-8.2546417382971368e-04
-7.4706629649372747e-04
-6.8006105293333115e-04
-6.2290487967413212e-04
-5.7349537525178726e-04
-5.2989383397194579e-04
-4.9170110503212036e-04
-4.5802188549989913e-04
-4.2774411636881175e-04
-4.0067804427022324e-04
-3.7639684587859447e-04
-3.5436190109021913e-04
-3.3432383241542389e-04
-3.1611847498000140e-04
-3.0118137127644001e-04
-5.6308452314956505e-04
-2.7208304212654837e-02
-3.8612868723923588e-01
-6.1582497368100531e-01
-5.8180026909910643e-01
-5.2158942149976362e-01
-4.6314587715027788e-01
-4.1079253788681153e-01
-3.6101508574823993e-01
-3.2324306102057432e-01
-2.9456136332243049e-01
-2.7186269949945246e-01
-2.5351985874943089e-01
-2.4203196380241238e-01
-2.3495100725258289e-01
-2.3099287754805187e-01
-2.2989562023034027e-01
-2.3080381193053409e-01
-2.3289133005859597e-01
-2.3599475912829951e-01
-2.4020946442206140e-01
-2.4391232283261563e-01
-2.4780721533542452e-01
-2.5175234301157140e-01
-2.5552171428390574e-01
-2.5865729561030898e-01
-2.6142683489496410e-01
-2.6403880336213070e-01
-2.6610859431733275e-01
-2.6776435310330143e-01
-2.6903415351591586e-01
-2.7012676959673843e-01
-2.7076691920814355e-01
-2.7103987577004646e-01
-2.7116095891887559e-01
-2.7108736799113348e-01
-2.7071257679360461e-01
-2.7017799113264018e-01
-2.6950772447166566e-01
-2.6865688778004199e-01
-2.6766839859991925e-01
-2.6661828303145552e-01
-2.6548271257838407e-01
-2.6427373696561141e-01
-2.6287651230136400e-01
-2.6154600562471952e-01
-2.6015924705334464e-01
-2.5861937548946928e-01
-2.5718019459517411e-01
-2.5571978570547260e-01
-2.5403906681095340e-01
-2.5251702917860369e-01
-2.5098526937905535e-01
-2.4928456258968104e-01
-2.4773957444373651e-01
-2.4620067495398210e-01
-2.4440583057190515e-01
-2.4286364933064294e-01
-2.4127412191556452e-01
-2.3953743755140913e-01
-2.3800319620930507e-01
-2.3637639423672480e-01
-2.3465613104967539e-01
-2.3311764330420529e-01
-2.3143908537554742e-01
-2.2981697562498793e-01
-2.2830554651405902e-01
-2.2655976093016983e-01
-2.2501199850171802e-01
-2.2347536533124349e-01
-2.2170096466689848e-01
-2.2026119908557051e-01
-2.1865188578620789e-01
-2.1700140303052098e-01
-2.1556470547292744e-01
-2.1382091224913111e-01
-2.1233783455204927e-01
-2.1084361298056642e-01
-2.0915702541693476e-01
-2.0774661317145895e-01
-2.0611505019202814e-01
-2.0457038948827899e-01
-2.0314676066459258e-01
-2.0147309167528990e-01
-2.0008126260447759e-01
-1.9849826449328103e-01
-1.9700865159038083e-01
-1.9553290725676811e-01
-1.9396259648934752e-01
-1.9258181714519668e-01
-1.9095892148484797e-01
-1.8959084969576884e-01
-1.8807226422629308e-01
-1.8656577638027108e-01
-1.8521777704279024e-01
-1.8357578469023311e-01
-1.8229011554652144e-01
-1.8070774396098435e-01
-1.7934271302193938e-01
-1.7787622520750435e-01
-1.7642210924633547e-01
-1.7502132893324066e-01
-1.7353751835002798e-01
-1.7221391893005389e-01
-1.7064866492238262e-01
-1.6939004900713631e-01
-1.6782965683434264e-01
-1.6651868895479827e-01
-1.6505796303750681e-01
-1.6367079703994103e-01
-1.6228240959553780e-01
-1.6087289021919290e-01
-1.5951011472540197e-01
-1.5808367399347673e-01
-1.5674973284663499e-01
-1.5527734922187178e-01
-1.5401840445987969e-01
-1.5249626923884294e-01
-1.5127195974426494e-01
-1.4976076491340160e-01
-1.4853044107508132e-01
-1.4702441503181687e-01
-1.4579814897362356e-01
-1.4427579180319339e-01
-1.4308734975827320e-01
-1.4154914122990203e-01
-1.4036311554093031e-01
-1.3885394436230075e-01
-1.3764524078281418e-01
-1.3615456805715373e-01
-1.3492943389970100e-01
-1.3344338973797829e-01
-1.3223162540778241e-01
-1.3074719913720861e-01
-1.2951309152566196e-01
-1.2808467317231934e-01
-1.2679072869418501e-01
-1.2542503460561844e-01
-1.2408047630106805e-01
-1.2273879613934446e-01
-1.2137533140661168e-01
-1.2005960003231093e-01
-1.1866042460481671e-01
-1.1740204470733090e-01
-1.1593080146458760e-01
-1.1471207452668435e-01
-1.1323986421926516e-01
-1.1198250780466676e-01
-1.1057820938552337e-01
-1.0923147675048557e-01
-1.0791732667106170e-01
-1.0647979577547974e-01
-1.0523729909363008e-01
-1.0373835748721684e-01
-1.0247312278149065e-01
-1.0105879565049417e-01
-9.9707973401821526e-02
-9.8366721528832218e-02
-9.6934864636738130e-02
-9.5660776626227642e-02
-9.4154042107728084e-02
-9.2854764831663841e-02
-9.1441606371799058e-02
-9.0041375960662029e-02
-8.8723295076388736e-02
-8.7212542669259707e-02
-8.5897514794311097e-02
-8.4491353962217713e-02
-8.3094469670143570e-02
-8.1869689385149991e-02
-8.0940115752273431e-02
0.0000000000000000e+00
];
