%Vec Object:dSdr_b_aug 1 MPI processes
%  type: seq
dSdr_b_aug = [
0.0000000000000000e+00
0.0000000000000000e+00
7.6003607633785375e-01
0.0000000000000000e+00
-1.9037723913976946e-02
-7.8904061141087528e-03
-4.9256571258248401e-03
-3.5084049115299380e-03
-2.6334906780852351e-03
-2.0923374249341383e-03
-1.7255177851826179e-03
-1.4499397989918145e-03
-1.2452559622825748e-03
-1.0883147086481883e-03
-9.6054697292519175e-04
-8.5702928777077166e-04
-7.7214749169972059e-04
-7.0056112953365305e-04
-6.3942699949873520e-04
-1.8371470286048075e-02
-1.7119442488338739e+00
-1.6554818115863246e+00
-1.5664585867529370e+00
-1.4844548976058918e+00
-1.4041195579796297e+00
-1.3240676364150805e+00
-1.2351940350905988e+00
-1.1493591531668013e+00
-1.0670309664500284e+00
-9.8386155055263858e-01
-8.9849502899378186e-01
-8.0721009214207462e-01
-7.2687100227637536e-01
-6.4963021847364033e-01
-5.7669356308177178e-01
-4.9975388500921392e-01
-4.3716420812089718e-01
-3.8268045420691460e-01
-3.3501996683049418e-01
-2.9001088391612861e-01
-2.5592108177642808e-01
-2.3006918809721494e-01
-2.0967318405899835e-01
-1.9324428187979389e-01
-1.8302488962104135e-01
-1.7681735901207793e-01
-1.7345545069374033e-01
-1.7271938957354263e-01
-1.7380597910976678e-01
-1.7597136414110809e-01
-1.7906815246295174e-01
-1.8323627315817731e-01
-1.8690561433281952e-01
-1.9074819565457474e-01
-1.9466583230327389e-01
-1.9844365236112504e-01
-2.0161465552299238e-01
-2.0446277015762565e-01
-2.0720873272927529e-01
-2.0943237818685914e-01
-2.1126745904106764e-01
-2.1276436684674493e-01
-2.1412326691524411e-01
-2.1503432931792787e-01
-2.1560860086898440e-01
-2.1609164001262429e-01
-2.1634959359669523e-01
-2.1632682780211102e-01
-2.1618263498498363e-01
-2.1591494082297288e-01
-2.1545457623223038e-01
-2.1487871466407565e-01
-2.1426830689082041e-01
-2.1353895521497693e-01
-2.1273798901937310e-01
-2.1182436411156819e-01
-2.1091073128178389e-01
-2.0993832734219323e-01
-2.0888962400580052e-01
-2.0786518527524331e-01
-2.0681795434297870e-01
-2.0564048270515639e-01
-2.0453438726833012e-01
-2.0342314203136261e-01
-2.0221145789687847e-01
-2.0108011792480671e-01
-1.9995785329006063e-01
-1.9865654578931669e-01
-1.9752634911188596e-01
-1.9635877919765438e-01
-1.9509520694950799e-01
-1.9396611584751589e-01
-1.9276791182774164e-01
-1.9150956672530445e-01
-1.9037274534740206e-01
-1.8913477710205456e-01
-1.8794611064899225e-01
-1.8682945474523063e-01
-1.8553857827013778e-01
-1.8440693268830538e-01
-1.8326610777104663e-01
-1.8195514286442921e-01
-1.8090553805906015e-01
-1.7970671487276785e-01
-1.7849256317303269e-01
-1.7744072689488555e-01
-1.7614181177341201e-01
-1.7505707850691174e-01
-1.7395655265027055e-01
-1.7270669320469950e-01
-1.7167396769812629e-01
-1.7047141509635363e-01
-1.6933058730235592e-01
-1.6828656412855367e-01
-1.6705549931583638e-01
-1.6602926222115327e-01
-1.6487000533462468e-01
-1.6377270266943494e-01
-1.6268617992400722e-01
-1.6153683861332493e-01
-1.6052237020064641e-01
-1.5932841983139129e-01
-1.5833432824178856e-01
-1.5721386800960233e-01
-1.5611085265523966e-01
-1.5513570487801759e-01
-1.5391990499062522e-01
-1.5299189268283739e-01
-1.5183416670989927e-01
-1.5083191648867852e-01
-1.4977509669003300e-01
-1.4870757735611126e-01
-1.4768911192724404e-01
-1.4661377172477036e-01
-1.4564958168355349e-01
-1.4451385263352759e-01
-1.4360486119226076e-01
-1.4247039935058853e-01
-1.4152344303922340e-01
-1.4046671143968339e-01
-1.3946156761994297e-01
-1.3846169288206195e-01
-1.3744573960756701e-01
-1.3645969493290139e-01
-1.3544022603416286e-01
-1.3447575205501625e-01
-1.3341731252052152e-01
-1.3252322795146901e-01
-1.3141922589218696e-01
-1.3055628317201359e-01
-1.2946769328640287e-01
-1.2858951910229985e-01
-1.2752094060346933e-01
-1.2664372970074353e-01
-1.2556088468669391e-01
-1.2472006550813164e-01
-1.2362417792351774e-01
-1.2278831058634297e-01
-1.2171709437101742e-01
-1.2086269096929686e-01
-1.1980981932126754e-01
-1.1894738324845079e-01
-1.1789502419218224e-01
-1.1705397172494411e-01
-1.1599781245454571e-01
-1.1514104917484225e-01
-1.1413950419705650e-01
-1.1323017368452298e-01
-1.1228524714431842e-01
-1.1133921384376168e-01
-1.1040985945305655e-01
-1.0946020794515095e-01
-1.0854636191955891e-01
-1.0757735567727526e-01
-1.0670758751200617e-01
-1.0568840195022502e-01
-1.0485025078307972e-01
-1.0383108571675301e-01
-1.0296787444862106e-01
-1.0200323861539615e-01
-1.0107452277869813e-01
-1.0018301456556170e-01
-9.9188650995512662e-02
-9.8348479278404510e-02
-9.7321845865717932e-02
-9.6457980493063589e-02
-9.5504315929919786e-02
-9.4580825408161359e-02
-9.3676029636765579e-02
-9.2705160731923045e-02
-9.1846946682933750e-02
-9.0829563795631924e-02
-8.9955293269247033e-02
-8.9003314760465455e-02
-8.8064094443079166e-02
-8.7179926492303994e-02
-8.6170281020506154e-02
-8.5291328922041068e-02
-8.4355814002751786e-02
-8.3434694167796766e-02
-8.2633663541392122e-02
-8.2127312350836798e-02
0.0000000000000000e+00
];
