%Vec Object:dSdr_b_aug 1 MPI processes
%  type: seq
dSdr_b_aug = [
0.0000000000000000e+00
0.0000000000000000e+00
9.8935334592280666e-01
0.0000000000000000e+00
-3.1239610486644778e-02
-1.1860904593072050e-02
-6.6164497894547021e-03
-4.4607466136774611e-03
-3.3574179676732958e-03
-2.6823846132440869e-03
-2.2266640851467726e-03
-1.8686921701517810e-03
-1.6035294698507954e-03
-1.4009173767889219e-03
-1.2340839914629751e-03
-1.0987860527563692e-03
-9.8800214785432598e-04
-8.9449044015427778e-04
-8.1447607107106577e-04
-7.4625824115113527e-04
-6.8730823856592025e-04
-6.3526796165395028e-04
-5.8970052414500439e-04
-5.4953484152183666e-04
-5.1343412722831166e-04
-4.8117233679600090e-04
-4.5223988771936764e-04
-4.2599555459786793e-04
-4.0213777256309315e-04
-3.8046058189045683e-04
-3.6063509672616044e-04
-3.4238635259816694e-04
-3.2563471884207570e-04
-3.1020355106041914e-04
-2.9586403720543249e-04
-2.8259177144833165e-04
-2.7027894274016771e-04
-2.5877059319137175e-04
-2.4803683307854640e-04
-2.3801487017908804e-04
-2.2860934397867059e-04
-2.1977793205729348e-04
-2.1148746758854856e-04
-2.0367766315644621e-04
-1.9630439340458333e-04
-1.8935072338323457e-04
-1.8277769903284917e-04
-1.7654381891431419e-04
-1.7064118460912556e-04
-1.6504414393332206e-04
-1.5971550556996420e-04
-1.5465238813545248e-04
-1.4983661501641877e-04
-1.4523868909657297e-04
-1.4085546939291997e-04
-1.3667402479105532e-04
-1.3267311573049044e-04
-1.2884727753857317e-04
-1.2518792171226174e-04
-1.2167947055954695e-04
-1.1831555096883992e-04
-1.1509039312765620e-04
-1.1199236677678891e-04
-1.0901497736795795e-04
-1.0615430084124253e-04
-1.0340150342051657e-04
-1.0075038702850142e-04
-9.8198245922552488e-05
-9.5738256484048176e-05
-9.3364723141497715e-05
-9.1075748402929274e-05
-8.8865969016177395e-05
-8.6730284863137559e-05
-8.4667331652867571e-05
-8.2672819817017980e-05
-8.0742266076632373e-05
-7.8874656269929300e-05
-7.7066499292616187e-05
-7.5313910220369104e-05
-7.3616102698189113e-05
-7.1970186023566197e-05
-7.0372834261179788e-05
-6.8823406991657947e-05
-6.7319469959947501e-05
-6.5858207234257239e-05
-6.4439069632790986e-05
-6.3059973714413672e-05
-6.1718561579801360e-05
-6.0414338933620259e-05
-5.9145494939731327e-05
-5.7910078574759125e-05
-5.6707626499159928e-05
-5.5536542083631711e-05
-5.4395232901073661e-05
-5.3283251046574321e-05
-5.2199170156349649e-05
-5.1141711984937957e-05
-5.0110434258983143e-05
-4.9104047529890542e-05
-4.8121547585539082e-05
-4.7162491822464658e-05
-4.6225702582126014e-05
-4.5310413057256962e-05
-4.5015379742085401e-05
-4.5328138668607593e-05
-4.5645790163097382e-05
-4.5968676783705017e-05
-4.6296511674166543e-05
-4.6629649248625352e-05
-4.6968370647982177e-05
-4.7312355650676427e-05
-4.7662087006396437e-05
-4.8017785788063379e-05
-4.8379096680735533e-05
-4.8746634880263064e-05
-4.9120502746329231e-05
-4.9500488265333198e-05
-4.9887163791855227e-05
-5.0280561942705550e-05
-5.0680650524797173e-05
-5.1087928192388862e-05
-5.1502373281975807e-05
-5.1924141816879820e-05
-5.2353675008386695e-05
-5.2790929868729292e-05
-5.3236305044406445e-05
-5.3690308184470323e-05
-5.4153118617538339e-05
-5.4625846115322832e-05
-5.5109992628761763e-05
-5.5607818700524100e-05
-5.6124623386509121e-05
-5.6669494615437721e-05
-5.7259686516208372e-05
-5.7928447710955174e-05
-5.8736396091160916e-05
-5.9800409167967835e-05
-6.1331358149605133e-05
-6.3736639416649729e-05
-6.7764519294146838e-05
-7.4879428820856495e-05
-8.7894096607486871e-05
-1.1236705346647389e-04
-1.5873326016314839e-04
-2.4557244198499456e-04
-4.0417025884284709e-04
-6.8569004847104465e-04
-1.1764574049306826e-03
-2.0119784896892442e-03
-3.4178908539751760e-03
-5.7158126782350452e-03
-9.3917373310200038e-03
-1.4990283557858012e-02
-2.3135290654498736e-02
-3.4029558252614361e-02
-4.7552656977606321e-02
-6.2508920514420752e-02
-7.7839414112366279e-02
-9.1874977222137472e-02
-1.0422697937190509e-01
-1.1403318659897627e-01
-1.2189160191574246e-01
-1.2755147243886472e-01
-1.3190013819463281e-01
-1.3464548175093796e-01
-1.3663643402467471e-01
-1.3757327663648650e-01
-1.3804775587995158e-01
-1.3790799643021368e-01
-1.3742479042753819e-01
-1.3662132038468258e-01
-1.3555203800592819e-01
-1.3436017780861900e-01
-1.3289564036541565e-01
-1.3151477018119742e-01
-1.2973719000699410e-01
-1.2824225026797356e-01
-1.2633027127270294e-01
-1.2467264469763775e-01
-1.2276434815997063e-01
-1.2091560767375455e-01
-1.1906886351289761e-01
-1.1704906378854020e-01
-1.1526957390658660e-01
-1.1311677240009312e-01
-1.1129347442872943e-01
-1.0922411891836067e-01
-1.0726144007816980e-01
-1.0528918048236596e-01
-1.0318496309361390e-01
-1.0130252442050190e-01
-9.9074043977939744e-02
-9.7147093231607431e-02
-9.5049797145202730e-02
-9.2963810291682297e-02
-9.0999132675798594e-02
-8.8739234097891112e-02
-8.6771314616924083e-02
-8.4658272499183188e-02
-8.2543202334100021e-02
-8.0668229628451327e-02
-7.9025619925336507e-02
0.0000000000000000e+00
];
