%Vec Object:dSdr_b_aug 1 MPI processes
%  type: seq
dSdr_b_aug = [
0.0000000000000000e+00
0.0000000000000000e+00
6.5441013757104016e-01
0.0000000000000000e+00
-1.6728265621617371e-02
-6.9603750656059803e-03
-4.3551119948365006e-03
-3.1007218255235621e-03
-2.3251571177119006e-03
-2.4846583201648005e+00
-2.3017864663934082e+00
-2.1671264772957772e+00
-2.0438834567904274e+00
-1.9289578886519390e+00
-1.8294129215982657e+00
-1.7389248398170312e+00
-1.6509248949266624e+00
-1.5642885979973551e+00
-1.4908566308049949e+00
-1.4194081749381908e+00
-1.3506338237618265e+00
-1.2833004291138359e+00
-1.2136139059847959e+00
-1.1492666900658826e+00
-1.0858330151785496e+00
-1.0222845261113211e+00
-9.5155870159347311e-01
-8.8274778839440093e-01
-8.1638159981905178e-01
-7.4912186788376522e-01
-6.7978395464386299e-01
-6.0517298475071024e-01
-5.3942433417217595e-01
-4.7596988279772751e-01
-4.1587190763229420e-01
-3.5232832077424664e-01
-3.0056741069594384e-01
-2.5544672220711384e-01
-2.1595327238663789e-01
-1.7867357772629139e-01
-1.5044734942310195e-01
-1.2907184310275863e-01
-1.1230836981846301e-01
-9.8896825842328187e-02
-9.0678901416289523e-02
-8.5850415570021016e-02
-8.3430430733767019e-02
-8.3265440795400950e-02
-8.4635044530217182e-02
-8.6925241504460321e-02
-9.0014119409638424e-02
-9.4111299658826156e-02
-9.7731567115143414e-02
-1.0149647462312593e-01
-1.0537626036501255e-01
-1.0917361601290571e-01
-1.1240809232120191e-01
-1.1538902853205751e-01
-1.1835591568794601e-01
-1.2083356757098952e-01
-1.2296474479993259e-01
-1.2483489443312323e-01
-1.2663039887738578e-01
-1.2798824607881462e-01
-1.2906013289150231e-01
-1.3013839456667048e-01
-1.3094748711290297e-01
-1.3151200708168770e-01
-1.3201898630111578e-01
-1.3242570229303857e-01
-1.3262591490917724e-01
-1.3275031088130151e-01
-1.3288746624757550e-01
-1.3285953664997271e-01
-1.3276891066518998e-01
-1.3268999086540931e-01
-1.3251395326124740e-01
-1.3228242678429816e-01
-1.3210174006559700e-01
-1.3183429805285363e-01
-1.3154965706650484e-01
-1.3128380202228548e-01
-1.3096222622177958e-01
-1.3065124995124588e-01
-1.3035592632502646e-01
-1.3003310292783299e-01
-1.2973288948853928e-01
-1.2938427066247743e-01
-1.2908840631737592e-01
-1.2878029439864744e-01
-1.2846598478661811e-01
-1.2818903380977251e-01
-1.2788914075812474e-01
-1.2759032006910101e-01
-1.2732709355035496e-01
-1.2703268314478949e-01
-1.2678320123492792e-01
-1.2655240749243554e-01
-1.2625076999956569e-01
-1.2605035946927398e-01
-1.2581622057599262e-01
-1.2552500506214670e-01
-1.2537860667819692e-01
-1.2536695014097235e-01
-1.2568443113962591e-01
-1.2616392365528159e-01
-1.2658950330657356e-01
-1.2724031824385898e-01
-1.2796606906893404e-01
-1.2871775999454013e-01
-1.2968391148589392e-01
-1.3067273072978472e-01
-1.3178840070280015e-01
-1.3305720096517462e-01
-1.3435444717743450e-01
-1.3582826337553822e-01
-1.3736310118011899e-01
-1.3900869851303152e-01
-1.4075032045076361e-01
-1.4257037435704145e-01
-1.4451701005323891e-01
-1.4647549706445029e-01
-1.4860069832477169e-01
-1.5072300368069885e-01
-1.5292743327473363e-01
-1.5524950527500991e-01
-1.5750381544179182e-01
-1.5993800460969987e-01
-1.6231787984660068e-01
-1.6477896348938861e-01
-1.6727359369768299e-01
-1.6976342449757820e-01
-1.7229838852931534e-01
-1.7483642333886742e-01
-1.7741064669271323e-01
-1.7994445238189211e-01
-1.8255534416834840e-01
-1.8508848755114571e-01
-1.8768274337973548e-01
-1.9023640281175569e-01
-1.9280046141721913e-01
-1.9535709312703878e-01
-1.9790536649090781e-01
-2.0044031733543843e-01
-2.0297071154638741e-01
-2.0548812677459638e-01
-2.0797239789622157e-01
-2.1050411676827618e-01
-2.1294031596297916e-01
-2.1546158776660743e-01
-2.1788818702256646e-01
-2.2037268254533318e-01
-2.2280189171904649e-01
-2.2526648742437852e-01
-2.2767671585338625e-01
-2.3015428044802330e-01
-2.3255887681366608e-01
-2.3504484977928886e-01
-2.3747149030053460e-01
-2.3997193231740979e-01
-2.4243342852652314e-01
-2.4497193521637756e-01
-2.4748111597069880e-01
-2.5010095661714787e-01
-2.5268495513964878e-01
-2.5539198761534593e-01
-2.5812120136538819e-01
-2.6093559478702466e-01
-2.6384704477984938e-01
-2.6682702505964240e-01
-2.6994166903113204e-01
-2.7316672442193518e-01
-2.7655261432598527e-01
-2.8008267526585029e-01
-2.8383080878927930e-01
-2.8774543606197367e-01
-2.9195259662290107e-01
-2.9638203398492546e-01
-3.0116123062668709e-01
-3.0627353287292092e-01
-3.1178749982152465e-01
-3.1779766912409019e-01
-3.2430127524443525e-01
-3.3148911289300986e-01
-3.3935693854113413e-01
-3.4812749700239903e-01
-3.5791800949769104e-01
-3.6892222624574800e-01
-3.8143588421764690e-01
-3.9573961124048829e-01
-4.1234159217178468e-01
-4.3174786111953756e-01
-4.5486554674410967e-01
-4.8280669885587624e-01
-5.1729755103863950e-01
-5.6103772990271961e-01
-6.1831075395693835e-01
-6.9687689633808769e-01
-8.1164517299881001e-01
-9.9643597373196302e-01
-1.3479349561054961e+00
-2.3008397940136573e+00
0.0000000000000000e+00
];
