%Vec Object:dSdr_b_aug 1 MPI processes
%  type: seq
dSdr_b_aug = [
0.0000000000000000e+00
0.0000000000000000e+00
9.8937898635806454e-01
0.0000000000000000e+00
-3.1241702809850103e-02
-1.1861564883262423e-02
-6.6167489731259639e-03
-4.4609226407925596e-03
-3.3575388950830812e-03
-2.6824702099924199e-03
-2.2267265038073271e-03
-1.8687441550123310e-03
-1.6035738324537252e-03
-1.4009560199113309e-03
-1.2341176458701461e-03
-1.0988156385099428e-03
-9.8802842070339178e-04
-8.9451391391543388e-04
-8.1449714410814097e-04
-7.4627727441613407e-04
-6.8732551592725114e-04
-6.3528369624520640e-04
-5.8971491159050542e-04
-5.4954804468422579e-04
-5.1344627478463296e-04
-4.8118354391157647e-04
-4.5225025343965914e-04
-4.2600516231404168e-04
-4.0214669479706313e-04
-3.8046888266558972e-04
-3.6064283177797662e-04
-3.4239357062201700e-04
-3.2564146323313300e-04
-3.1020986030379965e-04
-2.9586994552421110e-04
-2.8259730939738308e-04
-2.7028413772935676e-04
-2.5877547005314326e-04
-2.4804141405065878e-04
-2.3801917535110661e-04
-2.2861339176317370e-04
-2.1978173911494950e-04
-2.1149104901541156e-04
-2.0368103287106491e-04
-1.9630756418742007e-04
-1.8935370681160340e-04
-1.8278050582061110e-04
-1.7654645905078198e-04
-1.7064366713601543e-04
-1.6504647722281134e-04
-1.5971769756130774e-04
-1.5465444599421546e-04
-1.4983854539780077e-04
-1.4524049836264397e-04
-1.4085716331519084e-04
-1.3667560873969364e-04
-1.3267459483944232e-04
-1.2884865652652074e-04
-1.2518920495289821e-04
-1.2168066224594394e-04
-1.1831665498977699e-04
-1.1509141309037205e-04
-1.1199330613222955e-04
-1.0901583935140286e-04
-1.0615508845102396e-04
-1.0340221952171828e-04
-1.0075103433137543e-04
-9.8198826937417343e-05
-9.5738773610116678e-05
-9.3365178663612752e-05
-9.1076144437250280e-05
-8.8866307583164070e-05
-8.6730567900775171e-05
-8.4667560954981096e-05
-8.2672997094072277e-05
-8.0742392980048887e-05
-7.8874734326660030e-05
-7.7066529961220711e-05
-7.5313894913321008e-05
-7.3616042717349590e-05
-7.1970082618311068e-05
-7.0372688642976204e-05
-6.8823220276676756e-05
-6.7319243222632353e-05
-6.5857941511456787e-05
-6.4438765887041134e-05
-6.3059632868259880e-05
-6.1718184525947183e-05
-6.0413926501507695e-05
-5.9145047922483429e-05
-5.7909597743049885e-05
-5.6707112563255467e-05
-5.5535995729222243e-05
-5.4394654790170592e-05
-5.3282641790791548e-05
-5.2198530345350702e-05
-5.1141042187045765e-05
-5.0109734997455196e-05
-4.9103319312261813e-05
-4.8120790895255191e-05
-4.7161707109018092e-05
-4.6224890277027409e-05
-4.5309573571021261e-05
-4.5014501769992702e-05
-4.5327209327711816e-05
-4.5644807673722457e-05
-4.5967639282024543e-05
-4.6295417226692245e-05
-4.6628495832884985e-05
-4.6967156146817725e-05
-4.7311077864233393e-05
-4.7660743629760031e-05
-4.8016374407668974e-05
-4.8377614785245188e-05
-4.8745079834759553e-05
-4.9118871786185254e-05
-4.9498778511774313e-05
-4.9885372212226245e-05
-5.0278685354620863e-05
-5.0678685583593089e-05
-5.1085871351645361e-05
-5.1500220754740827e-05
-5.1921889491295350e-05
-5.2351318262350082e-05
-5.2788463237922288e-05
-5.3233721524860167e-05
-5.3687597873721277e-05
-5.4150265926390217e-05
-5.4622824534136761e-05
-5.5106753844273853e-05
-5.5604272773613828e-05
-5.6120598649926003e-05
-5.6664663976658389e-05
-5.7253425135845204e-05
-5.7919566512071560e-05
-5.8722647791948891e-05
-5.9777520082715183e-05
-6.1291344576165567e-05
-6.3664179359999555e-05
-6.7630409424529925e-05
-7.4626203538456258e-05
-8.7408050090851796e-05
-1.1142365848520109e-04
-1.5691214430694049e-04
-2.4213339090173774e-04
-3.9784460741332863e-04
-6.7434106349540670e-04
-1.1565645340153121e-03
-1.9780457364045336e-03
-3.3610905261814449e-03
-5.6230254493811584e-03
-9.2446763192049093e-03
-1.4768204611430679e-02
-2.2819707840081253e-02
-3.3616491722713283e-02
-4.7058035339303764e-02
-6.1971927302188368e-02
-7.7304775684220561e-02
-9.1382471113113817e-02
-1.0379694950795637e-01
-1.1367627698079612e-01
-1.2159988676552656e-01
-1.2731711490666867e-01
-1.3171308304647536e-01
-1.3449727176485737e-01
-1.3651901076677420e-01
-1.3748052256672141e-01
-1.3797437886200789e-01
-1.3785000544653972e-01
-1.3737890719507379e-01
-1.3658503014381046e-01
-1.3552332531874001e-01
-1.3433747175464400e-01
-1.3287770770162058e-01
-1.3150061805499766e-01
-1.2972606435416315e-01
-1.2823351844121164e-01
-1.2632346085309745e-01
-1.2466735758013836e-01
-1.2276027948133410e-01
-1.2091250648675642e-01
-1.1906653132791059e-01
-1.1704733912648364e-01
-1.1526833069830407e-01
-1.1311589873002871e-01
-1.1129289471959189e-01
-1.0922375556754239e-01
-1.0726124237272831e-01
-1.0528910141428068e-01
-1.0318496047586911e-01
-1.0130257626831479e-01
-9.9074110883452998e-02
-9.7147167149198105e-02
-9.5049853976561821e-02
-9.2963835751348395e-02
-9.0999121309283573e-02
-8.8739162445499162e-02
-8.6771189903791318e-02
-8.4658083479490928e-02
-8.2542949624857129e-02
-8.0667946210248184e-02
-7.9025476598716560e-02
0.0000000000000000e+00
];
