%Vec Object:dSdr_b_aug 1 MPI processes
%  type: seq
dSdr_b_aug = [
0.0000000000000000e+00
0.0000000000000000e+00
7.0527436122995035e-01
0.0000000000000000e+00
-1.7577610085985962e-02
-7.3287028427210287e-03
-4.6126868950375566e-03
-3.3002437165394224e-03
-2.4764371820775902e-03
-1.9662949192294768e-03
-1.6204839050731230e-03
-1.3621877810420944e-03
-1.1702575104614798e-03
-1.0356223317013465e-02
-2.0918794835440253e+00
-1.9895531696808075e+00
-1.8887040087494453e+00
-1.7893770566286402e+00
-1.7055877061818223e+00
-1.6238722565806158e+00
-1.5451632161620277e+00
-1.4685101996119780e+00
-1.3891323821033201e+00
-1.3160016567680584e+00
-1.2441604690812249e+00
-1.1724025675705385e+00
-1.0926493725181958e+00
-1.0153701119870502e+00
-9.4106383910242242e-01
-8.6589004549269788e-01
-7.8857891285663639e-01
-7.0567369815316161e-01
-6.3266722617985738e-01
-5.6235488167945202e-01
-4.9587002525772622e-01
-4.2566186778230258e-01
-3.6851287885828476e-01
-3.1873246152487800e-01
-2.7517342686074381e-01
-2.3404462200803561e-01
-2.0289644472892113e-01
-1.7928836333529513e-01
-1.6071173498482028e-01
-1.4579260990573659e-01
-1.3657330461850739e-01
-1.3105412433173119e-01
-1.2816199252646990e-01
-1.2771051111726253e-01
-1.2893768022141933e-01
-1.3116444899125229e-01
-1.3425606262534473e-01
-1.3838754387091237e-01
-1.4203051956382895e-01
-1.4583193317074677e-01
-1.4972793544460172e-01
-1.5351240963155233e-01
-1.5671129815660956e-01
-1.5962126713750252e-01
-1.6247270848780870e-01
-1.6481746633312758e-01
-1.6679370720734965e-01
-1.6846939105963707e-01
-1.7003790651965928e-01
-1.7116222809245615e-01
-1.7197369109693050e-01
-1.7274165767112623e-01
-1.7326059912245312e-01
-1.7351494355766678e-01
-1.7367806344194484e-01
-1.7372726969280630e-01
-1.7357428022514768e-01
-1.7332323438600528e-01
-1.7305895959661982e-01
-1.7264937872380076e-01
-1.7216959292250802e-01
-1.7163665231843372e-01
-1.7105117788304847e-01
-1.7040494925930175e-01
-1.6974288808980847e-01
-1.6904492976543581e-01
-1.6832294790661173e-01
-1.6754162695732180e-01
-1.6676295660020196e-01
-1.6598273576234993e-01
-1.6515600487866708e-01
-1.6435028417575551e-01
-1.6355598990826489e-01
-1.6264318923934742e-01
-1.6183730227155546e-01
-1.6100189267492410e-01
-1.6011074910811429e-01
-1.5930058783427919e-01
-1.5843977143617144e-01
-1.5754504321055804e-01
-1.5672440921162886e-01
-1.5583326836523470e-01
-1.5498580375045329e-01
-1.5417990901334180e-01
-1.5324713205119891e-01
-1.5244304912793386e-01
-1.5161380016091799e-01
-1.5066764685945516e-01
-1.4992517238507028e-01
-1.4904948241410770e-01
-1.4817880548692369e-01
-1.4742992750906475e-01
-1.4648121526969707e-01
-1.4571005405214577e-01
-1.4491944081128486e-01
-1.4401336860795652e-01
-1.4327795358426487e-01
-1.4241311286095740e-01
-1.4159017748440172e-01
-1.4084497527003600e-01
-1.3996232314972470e-01
-1.3922387554768434e-01
-1.3839818258433217e-01
-1.3760970168059497e-01
-1.3682956931067347e-01
-1.3601160992933073e-01
-1.3528549680517363e-01
-1.3442920677248621e-01
-1.3372950756451471e-01
-1.3292244637502904e-01
-1.3213703933141607e-01
-1.3145539534664052e-01
-1.3057508858062386e-01
-1.2992861884768897e-01
-1.2910516822947807e-01
-1.2838849394634821e-01
-1.2765415927819027e-01
-1.2689096346364628e-01
-1.2617345094687232e-01
-1.2541965291536722e-01
-1.2473838468255515e-01
-1.2394077158408964e-01
-1.2330699922931437e-01
-1.2250782351877373e-01
-1.2184741147455291e-01
-1.2110869802475266e-01
-1.2040427602376783e-01
-1.1971023226215798e-01
-1.1900408782314234e-01
-1.1831459929277277e-01
-1.1761549180443574e-01
-1.1694185581338881e-01
-1.1620926584775547e-01
-1.1560239238301925e-01
-1.1482753710612485e-01
-1.1424905511670568e-01
-1.1349313172827596e-01
-1.1289216218520624e-01
-1.1216793362169138e-01
-1.1156549222201245e-01
-1.1082870764239512e-01
-1.1026161301529160e-01
-1.0951403385068649e-01
-1.0895394862455589e-01
-1.0822766691916666e-01
-1.0765238747713950e-01
-1.0694442653213158e-01
-1.0636784703418703e-01
-1.0565731120448191e-01
-1.0510861146623479e-01
-1.0439024717261912e-01
-1.0383135108042128e-01
-1.0316687172954141e-01
-1.0256159478574357e-01
-1.0194950741470644e-01
-1.0131921526531888e-01
-1.0071698561831466e-01
-1.0009629517565651e-01
-9.9502868489062063e-02
-9.8877644076821716e-02
-9.8320340516822424e-02
-9.7665430565155725e-02
-9.7137632288991749e-02
-9.6489089815445100e-02
-9.5954237977461387e-02
-9.5359430862350478e-02
-9.4790987658322917e-02
-9.4273536154895685e-02
-9.3683564286906759e-02
-9.3234754497259376e-02
-9.2682347758704389e-02
-9.2275317737781581e-02
-9.1881645527637348e-02
-9.1574437137939779e-02
-9.1416321223281916e-02
-9.1400194498991449e-02
-9.1751720464824701e-02
-9.2468714449606165e-02
-9.4024650121078149e-02
-9.6771849610773022e-02
-1.0160384421567902e-01
-1.0999448728877759e-01
-1.2445519604551440e-01
-1.5004047675190080e-01
-1.9710770362582986e-01
-2.9180621909563786e-01
-5.1797194850145400e-01
-1.2969198105700479e+00
0.0000000000000000e+00
];
