%Vec Object:dSdr_b_aug 1 MPI processes
%  type: seq
dSdr_b_aug = [
0.0000000000000000e+00
0.0000000000000000e+00
7.9623804728977399e-01
0.0000000000000000e+00
-2.0296052974374167e-02
-8.3467188638604427e-03
-5.1481551957380939e-03
-3.6401692285553716e-03
-2.7318022260347566e-03
-2.1705432527283535e-03
-1.7901266816725463e-03
-1.5029532073985127e-03
-1.2897345402498757e-03
-1.1263169099874266e-03
-9.9313882504462373e-04
-8.8523894750674981e-04
-7.9678452969618170e-04
-7.2218452626511998e-04
-6.5842730450648367e-04
-6.0403024299401952e-04
-5.5699698464220970e-04
-5.1548506239589833e-04
-4.7911721702555062e-04
-4.6172163533681886e-04
-1.2013036338957116e-01
-1.3761925840850056e+00
-1.3184142573688262e+00
-1.2283271151869235e+00
-1.1412931783034710e+00
-1.0534109134357872e+00
-9.6329543626443370e-01
-8.6707028850306511e-01
-7.8240829837894688e-01
-7.0108289509469202e-01
-6.2434262066656643e-01
-5.4343441558861028e-01
-4.7763721351389654e-01
-4.2038063486798105e-01
-3.7030216001568267e-01
-3.2300548222289960e-01
-2.8718146263160921e-01
-2.6000674274344676e-01
-2.3853813658940112e-01
-2.2121915432341641e-01
-2.1041016629856349e-01
-2.0379682202986596e-01
-2.0015795864622304e-01
-1.9925412383107369e-01
-2.0025783396386337e-01
-2.0238702901819569e-01
-2.0548686652711551e-01
-2.0967658629712280e-01
-2.1336146978521570e-01
-2.1722832009770651e-01
-2.2115871007470436e-01
-2.2493260623380493e-01
-2.2808716887061700e-01
-2.3089881685266239e-01
-2.3358259429613437e-01
-2.3573483800762662e-01
-2.3748669820572066e-01
-2.3887820910146290e-01
-2.4011353113377346e-01
-2.4089886738694019e-01
-2.4133330367592815e-01
-2.4164836512696658e-01
-2.4175245447553198e-01
-2.4156631962552808e-01
-2.4124095209114951e-01
-2.4078643085019885e-01
-2.4014485477044609e-01
-2.3937749972854155e-01
-2.3856303103899526e-01
-2.3764516012704656e-01
-2.3665484380640253e-01
-2.3551678862189596e-01
-2.3440969186028796e-01
-2.3324499311113087e-01
-2.3196834709512881e-01
-2.3075143370405410e-01
-2.2951245403069936e-01
-2.2810143403592720e-01
-2.2680230701961684e-01
-2.2549590824301288e-01
-2.2405727713835202e-01
-2.2273397019660268e-01
-2.2141835252351966e-01
-2.1988800307461520e-01
-2.1856661147516140e-01
-2.1720321836985110e-01
-2.1572008295125672e-01
-2.1440296861569111e-01
-2.1300585967932104e-01
-2.1153314636065504e-01
-2.1020991855095816e-01
-2.0876748023059274e-01
-2.0737766021682719e-01
-2.0607779687474859e-01
-2.0457580492260174e-01
-2.0325104668495886e-01
-2.0192653397956287e-01
-2.0040049652235678e-01
-1.9916982482518769e-01
-1.9778050026760763e-01
-1.9636385488137617e-01
-1.9513341115496366e-01
-1.9362803581341403e-01
-1.9235843780551654e-01
-1.9107520459905650e-01
-1.8962266720860982e-01
-1.8841466384666714e-01
-1.8701301497533959e-01
-1.8568477534423108e-01
-1.8446458379021538e-01
-1.8302811406880934e-01
-1.8183221210523828e-01
-1.8047630428747419e-01
-1.7919693727604430e-01
-1.7792978357535699e-01
-1.7658507767416740e-01
-1.7540061075695573e-01
-1.7400759435803725e-01
-1.7283994509734010e-01
-1.7153472190100449e-01
-1.7024446201961416e-01
-1.6909628036680097e-01
-1.6768269201416322e-01
-1.6658869745275529e-01
-1.6523390089381743e-01
-1.6406329051610874e-01
-1.6281635093536012e-01
-1.6156941885732284e-01
-1.6037352777079561e-01
-1.5910862359961153e-01
-1.5797763796082492e-01
-1.5664257388464092e-01
-1.5557132786010114e-01
-1.5423919920717985e-01
-1.5312331152043188e-01
-1.5187909324613394e-01
-1.5069665964996390e-01
-1.4951648299919001e-01
-1.4831788262523166e-01
-1.4715700382299374e-01
-1.4594866647038238e-01
-1.4481272931477795e-01
-1.4356218563981601e-01
-1.4249877592931262e-01
-1.4120072567494124e-01
-1.4017007906862033e-01
-1.3888536573185309e-01
-1.3784376519330607e-01
-1.3657217507370714e-01
-1.3553297394781430e-01
-1.3424615919318658e-01
-1.3324401452302825e-01
-1.3194285372375852e-01
-1.3094448425717811e-01
-1.2967002104422412e-01
-1.2865119340793407e-01
-1.2739514622578868e-01
-1.2636438864745581e-01
-1.2511076426735593e-01
-1.2409767129968885e-01
-1.2284276122555353e-01
-1.2181087950779200e-01
-1.2061123056590548e-01
-1.1952340799960363e-01
-1.1838321120582282e-01
-1.1725223009533975e-01
-1.1613152326336523e-01
-1.1498982909048558e-01
-1.1388947600642385e-01
-1.1272083676501592e-01
-1.1167072180481231e-01
-1.1044174541242145e-01
-1.0942697707208125e-01
-1.0819756318148850e-01
-1.0715143779278082e-01
-1.0598276421573728e-01
-1.0486005634067126e-01
-1.0377240998764151e-01
-1.0257238316340805e-01
-1.0154550286905338e-01
-1.0029968345278263e-01
-9.9249554257451800e-02
-9.8082109770286335e-02
-9.6960308694564859e-02
-9.5852969301801372e-02
-9.4668173803834951e-02
-9.3616972248868682e-02
-9.2372505522175338e-02
-9.1301017233581222e-02
-9.0135040520505111e-02
-8.8981911299732361e-02
-8.7896426525311627e-02
-8.6654309171617816e-02
-8.5573118196992329e-02
-8.4419432459102509e-02
-8.3278046890017512e-02
-8.2281850619621358e-02
-8.1586973440707353e-02
0.0000000000000000e+00
];
