%Vec Object:dSdr_b_aug 1 MPI processes
%  type: seq
dSdr_b_aug = [
0.0000000000000000e+00
0.0000000000000000e+00
6.9403881513251675e-01
0.0000000000000000e+00
-1.7340139045007235e-02
-7.2295362252655301e-03
-4.5487308748199447e-03
-3.2526366038994896e-03
-2.4395736523270348e-03
-1.9360005955502562e-03
-1.5946536848833555e-03
-1.3399776558891839e-03
-5.6523198241103578e-02
-2.1397678169406857e+00
-2.0295138140266431e+00
-1.9293320393690103e+00
-1.8315700286019965e+00
-1.7352924072889808e+00
-1.6539917457387348e+00
-1.5747432664458705e+00
-1.4984213544022997e+00
-1.4240076777485828e+00
-1.3469585030276774e+00
-1.2759382949712561e+00
-1.2061172792891079e+00
-1.1363319497774418e+00
-1.0587478670310926e+00
-9.8350339572680967e-01
-9.1110498008263963e-01
-8.3783279092208318e-01
-7.6243747729881728e-01
-6.8152521810825650e-01
-6.1026266809821728e-01
-5.4159811950091641e-01
-4.7664769928697442e-01
-4.0804050454216634e-01
-3.5218547871792427e-01
-3.0352365976174328e-01
-2.6094007700803395e-01
-2.2073412203287818e-01
-1.9028555400999542e-01
-1.6721112056894619e-01
-1.4906719612817973e-01
-1.3450714289776522e-01
-1.2552568926838079e-01
-1.2017021987107337e-01
-1.1738981520544425e-01
-1.1700601528766792e-01
-1.1826661814166266e-01
-1.2050798542155888e-01
-1.2359836792864164e-01
-1.2772113476047453e-01
-1.3135783957378905e-01
-1.3514946192506422e-01
-1.3904031859173291e-01
-1.4282637510509241e-01
-1.4603189542911391e-01
-1.4895657509267080e-01
-1.5183310239521408e-01
-1.5420666435601313e-01
-1.5621647731171856e-01
-1.5793467949499493e-01
-1.5955304786358457e-01
-1.6072808892969342e-01
-1.6159596330493298e-01
-1.6243169432123089e-01
-1.6301270665626677e-01
-1.6333295637855533e-01
-1.6356916461679968e-01
-1.6369373949728608e-01
-1.6361385325109198e-01
-1.6344005855573451e-01
-1.6325810480404893e-01
-1.6292457522949996e-01
-1.6252117597239635e-01
-1.6207877379067995e-01
-1.6157134549613242e-01
-1.6100269136766815e-01
-1.6043258558663356e-01
-1.5981227431797598e-01
-1.5916764668411085e-01
-1.5848054253236440e-01
-1.5777974391797570e-01
-1.5707825085324542e-01
-1.5634307368271955e-01
-1.5561479525237285e-01
-1.5489850241325487e-01
-1.5407810060715318e-01
-1.5334934446086973e-01
-1.5259293278951125e-01
-1.5179036422329470e-01
-1.5105605426137064e-01
-1.5027547900829749e-01
-1.4946723006562557e-01
-1.4872179514240644e-01
-1.4791314051355803e-01
-1.4714682419346614e-01
-1.4641483801971389e-01
-1.4556722812634784e-01
-1.4484104968127651e-01
-1.4408590306115304e-01
-1.4322651318076815e-01
-1.4255708374449205e-01
-1.4175824474464840e-01
-1.4096925657985079e-01
-1.4029243129149221e-01
-1.3942700795008475e-01
-1.3873042369992225e-01
-1.3801351708449167e-01
-1.3718920792968725e-01
-1.3652450233634067e-01
-1.3573997973054233e-01
-1.3499264879800441e-01
-1.3431851522888874e-01
-1.3351872619417493e-01
-1.3284872359638306e-01
-1.3210236220482099e-01
-1.3138732841218567e-01
-1.3068006488233294e-01
-1.2994091808592323e-01
-1.2928338447872764e-01
-1.2850740021509591e-01
-1.2787771630390943e-01
-1.2714519076844868e-01
-1.2643534380471727e-01
-1.2582354458997355e-01
-1.2502307864863876e-01
-1.2444362958463985e-01
-1.2369975513545765e-01
-1.2305109092152755e-01
-1.2239356446003109e-01
-1.2170288164436534e-01
-1.2105710897561778e-01
-1.2037998250620688e-01
-1.1976624213968727e-01
-1.1904933519953780e-01
-1.1848136875444452e-01
-1.1776235996865804e-01
-1.1717060764124493e-01
-1.1650814596808269e-01
-1.1587598838303467e-01
-1.1525557452877991e-01
-1.1462419020091645e-01
-1.1400652736719256e-01
-1.1338517143064583e-01
-1.1278257991339591e-01
-1.1212974737250460e-01
-1.1159388446094393e-01
-1.1090058794060337e-01
-1.1039366427843436e-01
-1.0972159705285407e-01
-1.0919221591635615e-01
-1.0855673093158230e-01
-1.0802783671670894e-01
-1.0738318229077461e-01
-1.0689295888555141e-01
-1.0624249991814508e-01
-1.0576507998008002e-01
-1.0514159151125324e-01
-1.0465759045581294e-01
-1.0406190915231568e-01
-1.0358968188177524e-01
-1.0300473412400052e-01
-1.0257881010400019e-01
-1.0200592156148276e-01
-1.0159631968660197e-01
-1.0110790337959775e-01
-1.0069130915989150e-01
-1.0030027591818268e-01
-9.9918326833619980e-02
-9.9605364126990198e-02
-9.9321774726775128e-02
-9.9121432873683551e-02
-9.8966946211748522e-02
-9.8960286726423388e-02
-9.8979692769130129e-02
-9.9244482564155856e-02
-9.9572802243866179e-02
-1.0020361189166802e-01
-1.0103714126742412e-01
-1.0219816460090045e-01
-1.0378103008227162e-01
-1.0575540674108250e-01
-1.0839576400400611e-01
-1.1161617700426246e-01
-1.1573729965873741e-01
-1.2082083034055661e-01
-1.2709199676672192e-01
-1.3482802557179341e-01
-1.4428980364638233e-01
-1.5597673621483116e-01
-1.7033149808300568e-01
-1.8824648860788301e-01
-2.1075635098089332e-01
-2.3955782078092383e-01
-2.7730006171734367e-01
-3.2827760635578734e-01
-4.0036471423467079e-01
-5.0880867252933870e-01
-6.8827010751961015e-01
-1.0374412827628254e+00
-1.9972073355799020e+00
0.0000000000000000e+00
];
