%Vec Object:dSdr_b_aug 1 MPI processes
%  type: seq
dSdr_b_aug = [
0.0000000000000000e+00
0.0000000000000000e+00
8.9486693335281031e-01
0.0000000000000000e+00
-2.4959330063167626e-02
-9.9301521855365837e-03
-5.8346021578046664e-03
-4.0205866152078652e-03
-3.0216128847575002e-03
-2.4071512789057906e-03
-1.9909171904076736e-03
-1.6696728879025200e-03
-1.4314136925621696e-03
-1.2490455425921111e-03
-1.0997984691225714e-03
-9.7884695942524651e-04
-8.7975301796656405e-04
-7.9615330563797757e-04
-7.2467361213043955e-04
-6.6371261857110363e-04
-6.1102060949339953e-04
-5.6451392309629709e-04
-5.2378240553675444e-04
-4.8787007800070236e-04
-4.5558555644979883e-04
-4.2672872566085288e-04
-4.0084434724157309e-04
-3.7735744682708649e-04
-3.5600123690141504e-04
-3.3659326592193491e-04
-3.1883815035570087e-04
-3.0248986548908141e-04
-2.8748005037431079e-04
-2.7365034318424872e-04
-2.6079401807094308e-04
-2.4889241312171312e-04
-2.3784898299885181e-04
-2.2752324925206255e-04
-2.1789046412438326e-04
-2.0889466993514178e-04
-2.0044948337993502e-04
-1.9251775876394386e-04
-1.8507033665080534e-04
-1.7805270463540319e-04
-1.7142541496393659e-04
-1.6517391825675274e-04
-1.5926308048604552e-04
-1.5365547606054154e-04
-1.4834461632349556e-04
-1.4330742768606139e-04
-1.3851023476688226e-04
-1.3395096177409329e-04
-1.2961329589438833e-04
-1.2547060190843586e-04
-1.2152064902600102e-04
-1.1775276817155814e-04
-1.1415113253365756e-04
-1.1072314323840295e-04
-1.0750456490233908e-04
-1.0463606598617435e-04
-1.0266391069826100e-04
-1.0355935385017932e-04
-1.1464534885116868e-04
-1.6536285443827565e-04
-3.7465716997119795e-04
-1.1476244448625072e-03
-3.7552596706567549e-03
-1.1959113706747579e-02
-3.4664556311296557e-02
-8.2527562045323535e-02
-1.4815378545454150e-01
-2.0604466257040666e-01
-2.4390964883233840e-01
-2.6576568052557353e-01
-2.7756906160762984e-01
-2.8340343878187924e-01
-2.8608640910999933e-01
-2.8687588457478430e-01
-2.8643307910467625e-01
-2.8554602763727088e-01
-2.8430091500957883e-01
-2.8258902616869402e-01
-2.8097598011758362e-01
-2.7928538670342429e-01
-2.7734720527227402e-01
-2.7558753366406574e-01
-2.7381900969013317e-01
-2.7174082961551560e-01
-2.6995941354758618e-01
-2.6812189979686923e-01
-2.6610497761698632e-01
-2.6433011338098816e-01
-2.6244805056462456e-01
-2.6045222761207393e-01
-2.5867397055872587e-01
-2.5673222746913771e-01
-2.5485111606920458e-01
-2.5310374995575458e-01
-2.5108603751645930e-01
-2.4928951981282313e-01
-2.4751625975855929e-01
-2.4546478915861328e-01
-2.4379175871685263e-01
-2.4193702189011976e-01
-2.4002566287344596e-01
-2.3835886108906129e-01
-2.3634907882497819e-01
-2.3462783373061213e-01
-2.3289822377833627e-01
-2.3095051865125946e-01
-2.2931428925710351e-01
-2.2742622280211411e-01
-2.2564011204255111e-01
-2.2398951849076282e-01
-2.2205121816052800e-01
-2.2044080300992991e-01
-2.1860445159574934e-01
-2.1688027783598793e-01
-2.1517181932382717e-01
-2.1334981244509232e-01
-2.1175001709764715e-01
-2.0987065659460397e-01
-2.0827898336284986e-01
-2.0652236022464407e-01
-2.0477463760274206e-01
-2.0320371162363260e-01
-2.0130690029995346e-01
-1.9980738936879336e-01
-1.9797112366054642e-01
-1.9638918734114816e-01
-1.9467776025387312e-01
-1.9299249929773840e-01
-1.9136313400957894e-01
-1.8963510016366703e-01
-1.8809661084247695e-01
-1.8627454508159508e-01
-1.8480688958173958e-01
-1.8299183482369741e-01
-1.8146322532631104e-01
-1.7976095223151745e-01
-1.7814537608424413e-01
-1.7652469780614694e-01
-1.7487986615582757e-01
-1.7329184410815929e-01
-1.7162207580316757e-01
-1.7006723094122159e-01
-1.6834735097959513e-01
-1.6687025692051918e-01
-1.6509812064180737e-01
-1.6365775046215753e-01
-1.6189388081657313e-01
-1.6045300706678461e-01
-1.5868543176572122e-01
-1.5725046586660338e-01
-1.5546532488445536e-01
-1.5406903922356047e-01
-1.5226636736367644e-01
-1.5087098193982540e-01
-1.4909995765736075e-01
-1.4767941776808566e-01
-1.4592698373982427e-01
-1.4448499197373252e-01
-1.4273964718311907e-01
-1.4130623357392921e-01
-1.3956574583738832e-01
-1.3810602309339326e-01
-1.3642237616765135e-01
-1.3489846966196958e-01
-1.3328119722469736e-01
-1.3169835904532287e-01
-1.3011014730109366e-01
-1.2849926131680817e-01
-1.2694323997011595e-01
-1.2528686334881875e-01
-1.2379612886878094e-01
-1.2205459637128784e-01
-1.2060831840553138e-01
-1.1886522707634345e-01
-1.1737220505028902e-01
-1.1570502533020219e-01
-1.1410835224554761e-01
-1.1254149513078006e-01
-1.1083898348445156e-01
-1.0935592379277252e-01
-1.0757457406115052e-01
-1.0606934265494662e-01
-1.0437956410096361e-01
-1.0277321447452713e-01
-1.0117097425408479e-01
-9.9463454147254410e-02
-9.7940666924367994e-02
-9.6141287781522283e-02
-9.4587819230373654e-02
-9.2898814793420936e-02
-9.1222799651996755e-02
-8.9645071306339322e-02
-8.7834387283888343e-02
-8.6258108767913705e-02
-8.4569607640438679e-02
-8.2886271942864187e-02
-8.1402566311507302e-02
-8.0190778113200009e-02
0.0000000000000000e+00
];
