%Vec Object:dSdr_b_aug 1 MPI processes
%  type: seq
dSdr_b_aug = [
0.0000000000000000e+00
0.0000000000000000e+00
9.2508673473303138e-01
0.0000000000000000e+00
-2.6746617272674404e-02
-1.0493863581576373e-02
-6.0588109009818069e-03
-4.1434306040915303e-03
-3.1180203949375072e-03
-2.4887656748120140e-03
-2.0627466395620074e-03
-1.7301937983880882e-03
-1.4836385384055734e-03
-1.2950138554574332e-03
-1.1403721022814808e-03
-1.0150251324327569e-03
-9.1234889945799983e-04
-8.2571124357984447e-04
-7.5161600198464138e-04
-6.8843114023546363e-04
-6.3382090061728084e-04
-5.8561655670086950e-04
-5.4340152413538353e-04
-5.0618444163396401e-04
-4.7272798662529193e-04
-4.4282544703545400e-04
-4.1600499100219506e-04
-3.9167069124493840e-04
-3.6954540023709340e-04
-3.4943978310732958e-04
-3.3104792396896542e-04
-3.1411477317629864e-04
-2.9856889418222705e-04
-2.8424624392253261e-04
-2.7093301088884354e-04
-2.5860912804094642e-04
-2.4717456764201067e-04
-2.3648417789231453e-04
-2.2651183028162333e-04
-2.1719948699775116e-04
-2.0845788584410488e-04
-2.0024835244047970e-04
-1.9254054723026129e-04
-1.8527812063756557e-04
-1.7842018258892753e-04
-1.7195151097422595e-04
-1.6583576785638145e-04
-1.6003423913331369e-04
-1.5454006225763337e-04
-1.4932935848994858e-04
-1.4436732396641520e-04
-1.3965168488864273e-04
-1.3516553543610157e-04
-1.3088127209403210e-04
-1.2679624057710184e-04
-1.2289842528814615e-04
-1.1916798391905798e-04
-1.1559997305249871e-04
-1.1218642712191290e-04
-1.0891281681906176e-04
-1.0577328742625260e-04
-1.0276248974619576e-04
-9.9869591748782586e-05
-9.7088595545148328e-05
-9.4415855710928355e-05
-9.1843154585334491e-05
-8.9364759378016516e-05
-8.6978142603240583e-05
-8.4676962642206156e-05
-8.2455953295486261e-05
-8.0313324899917735e-05
-7.8244098679272834e-05
-7.6243574457932051e-05
-7.4310473908508734e-05
-7.2440912523556153e-05
-7.0631084085511349e-05
-6.8881052415759118e-05
-6.7190949855975475e-05
-6.5567842928620164e-05
-6.4044067638303838e-05
-6.2718051625893900e-05
-6.1892516807691405e-05
-6.2494689649466171e-05
-6.7371507853249745e-05
-8.5796629005962716e-05
-1.4905124133934221e-04
-3.5055408504582563e-04
-9.3709199853881102e-04
-2.5568176479909854e-03
-6.8279772995381988e-03
-1.7362706344542306e-02
-4.0206173071880090e-02
-7.9418659686324417e-02
-1.2849981250205400e-01
-1.7362894602206078e-01
-2.0636166731920977e-01
-2.2753163857666669e-01
-2.4044124817526616e-01
-2.4760505936732127e-01
-2.5152492721438008e-01
-2.5330060608261351e-01
-2.5343282218865187e-01
-2.5311157054656863e-01
-2.5206969505697957e-01
-2.5062721505504260e-01
-2.4922924787136852e-01
-2.4733447534071862e-01
-2.4565429809665071e-01
-2.4391063302879659e-01
-2.4189960401578850e-01
-2.4019409283040680e-01
-2.3820575759279333e-01
-2.3631688157035977e-01
-2.3456416477158157e-01
-2.3250022027542219e-01
-2.3078461955692089e-01
-2.2882345620720115e-01
-2.2698272041266432e-01
-2.2515775473111993e-01
-2.2320899613276216e-01
-2.2149866724841261e-01
-2.1948945246686866e-01
-2.1778445381552680e-01
-2.1590703398747785e-01
-2.1403680043851026e-01
-2.1235261517061813e-01
-2.1032627972319551e-01
-2.0871805941079286e-01
-2.0675268991741574e-01
-2.0506045106592360e-01
-2.0322445086571919e-01
-2.0142162667080785e-01
-1.9967599529455832e-01
-1.9782373676721338e-01
-1.9617594173487377e-01
-1.9422324324893070e-01
-1.9264925487788087e-01
-1.9070465837041145e-01
-1.8906533859998353e-01
-1.8724019422866517e-01
-1.8550842910732626e-01
-1.8376958751620340e-01
-1.8200505538438461e-01
-1.8030245303020029e-01
-1.7850890668817956e-01
-1.7684169048634391e-01
-1.7499591173469878e-01
-1.7340784736745365e-01
-1.7150853808471309e-01
-1.6995825998635922e-01
-1.6806585716687170e-01
-1.6651787872338683e-01
-1.6461725587682355e-01
-1.6307612636285782e-01
-1.6115730979421980e-01
-1.5965529604724252e-01
-1.5771809422150057e-01
-1.5621620945504491e-01
-1.5431198297602655e-01
-1.5278368390993474e-01
-1.5089809436116178e-01
-1.4934578910977153e-01
-1.4746854049065569e-01
-1.4592237589795060e-01
-1.4405163203261337e-01
-1.4247714088830937e-01
-1.4066366148913018e-01
-1.3902277533272347e-01
-1.3727752722319261e-01
-1.3557347815347717e-01
-1.3385985794569297e-01
-1.3212311091308104e-01
-1.3044485610855885e-01
-1.2865764344838729e-01
-1.2704871213130589e-01
-1.2516968579392876e-01
-1.2360765448184124e-01
-1.2172676825589854e-01
-1.2011386505326982e-01
-1.1831295980248860e-01
-1.1658914406775576e-01
-1.1489373698551571e-01
-1.1305643186701003e-01
-1.1145099981965285e-01
-1.0952599159742576e-01
-1.0789867607894647e-01
-1.0606877810992553e-01
-1.0433244446151610e-01
-1.0259744263360020e-01
-1.0074969647430407e-01
-9.9100400296364674e-02
-9.7152158810609707e-02
-9.5469390559215911e-02
-9.3640073841144061e-02
-9.1823782403364307e-02
-9.0113994928970043e-02
-8.8150775200902073e-02
-8.6441668049016984e-02
-8.4609679417614478e-02
-8.2780950644428267e-02
-8.1166528399067656e-02
-7.9816970833998135e-02
0.0000000000000000e+00
];
