%Vec Object:dSdr_b_aug 1 MPI processes
%  type: seq
dSdr_b_aug = [
0.0000000000000000e+00
0.0000000000000000e+00
9.2516399111048497e-01
0.0000000000000000e+00
-2.6751383760700017e-02
-1.0495321914509052e-02
-6.0593708881288878e-03
-4.1437324379047964e-03
-3.1182571180286946e-03
-2.4889668170002639e-03
-2.0629245008205086e-03
-1.7303424587027719e-03
-1.4837658108867514e-03
-1.2951250234007126e-03
-1.1404693732699593e-03
-1.0151110906228649e-03
-9.1242564747616472e-04
-8.2578019649880293e-04
-7.5167825856455018e-04
-6.8848770999087154e-04
-6.3387257282936137e-04
-5.8566390906756303e-04
-5.4344510665184549e-04
-5.0622471264728764e-04
-4.7276529418154392e-04
-4.4286011496464972e-04
-4.1603729939482503e-04
-3.9170086989249672e-04
-3.6957365102819673e-04
-3.4946628788447845e-04
-3.3107283889170731e-04
-3.1413823260782969e-04
-2.9859102189149243e-04
-2.8426714936143131e-04
-2.7095278779611792e-04
-2.5862786392299428e-04
-2.4719234106764318e-04
-2.3650105737729358e-04
-2.2652787929131751e-04
-2.1721476336899613e-04
-2.0847244112226528e-04
-2.0026223386539495e-04
-1.9255379843198525e-04
-1.8529078111585509e-04
-1.7843228838275587e-04
-1.7196309569285988e-04
-1.6584686229242595e-04
-1.6004487133915729e-04
-1.5455025859233560e-04
-1.4933914333133485e-04
-1.4437671952859224e-04
-1.3966071217251714e-04
-1.3517421398760956e-04
-1.3088961981086957e-04
-1.2680427440380992e-04
-1.2290616107825668e-04
-1.1917543631012378e-04
-1.1560715586653527e-04
-1.1219335337770518e-04
-1.0891949860368352e-04
-1.0577973615110546e-04
-1.0276871621535668e-04
-9.9875606044900491e-05
-9.7094407182125462e-05
-9.4421473739831200e-05
-9.1848587495440838e-05
-8.9370015172608551e-05
-8.6983228932571079e-05
-8.4681886704523470e-05
-8.2460721867199933e-05
-8.0317944439422457e-05
-7.8248575127554237e-05
-7.6247912875002075e-05
-7.4314677316216209e-05
-7.2444977550075921e-05
-7.0634987004180970e-05
-6.8884704174057931e-05
-6.7194054076378867e-05
-6.5569452730323427e-05
-6.4041218633083946e-05
-6.2701636538170543e-05
-6.1834818473332923e-05
-6.2310774786558741e-05
-6.6793839019005797e-05
-8.3926942882544173e-05
-1.4289184286245138e-04
-3.3161040724899736e-04
-8.8298472310929473e-04
-2.4086310653818679e-03
-6.4412001943835199e-03
-1.6436344976536656e-02
-3.8329992549981574e-02
-7.6551100259334884e-02
-1.2537824243253767e-01
-1.7105390284476454e-01
-2.0458396904751691e-01
-2.2637940230539591e-01
-2.3971708228778921e-01
-2.4715770555701214e-01
-2.5125246755853264e-01
-2.5313809773131762e-01
-2.5333977393407980e-01
-2.5306232479926094e-01
-2.5204821316637654e-01
-2.5062338226279002e-01
-2.4923663638363192e-01
-2.4734898184126200e-01
-2.4567332593169597e-01
-2.4393249943535547e-01
-2.4192319900390893e-01
-2.4021875027780545e-01
-2.3823098219682581e-01
-2.3634239155321637e-01
-2.3458977950573592e-01
-2.3252576319154858e-01
-2.3081006162698539e-01
-2.2884869619195608e-01
-2.2700774363710849e-01
-2.2518253756636561e-01
-2.2323349725338171e-01
-2.2152291621027362e-01
-2.1951339386474933e-01
-2.1780812382145254e-01
-2.1593041057118958e-01
-2.1405987699011519e-01
-2.1237541311465624e-01
-2.1034875741334155e-01
-2.0874026794105593e-01
-2.0677457791401432e-01
-2.0508206501593890e-01
-2.0324575492152078e-01
-2.0144263812778546e-01
-1.9969671724509583e-01
-1.9784414927907720e-01
-1.9619608193090907e-01
-1.9424305791652557e-01
-1.9266880455959309e-01
-1.9072388518571243e-01
-1.8908428947398856e-01
-1.8725883882984973e-01
-1.8552678408760570e-01
-1.8378764794458360e-01
-1.8202281742485574e-01
-1.8031992944494121e-01
-1.7852607454256395e-01
-1.7685857821609305e-01
-1.7501248561401980e-01
-1.7342414460993633e-01
-1.7152451830237639e-01
-1.6997396621389219e-01
-1.6808124297240076e-01
-1.6653299752578757e-01
-1.6463204300259451e-01
-1.6309064883103264e-01
-1.6117149902183375e-01
-1.5966922170153930e-01
-1.5773168450097708e-01
-1.5622953423937372e-01
-1.5432497569646919e-01
-1.5279640799091082e-01
-1.5091048649531830e-01
-1.4935790623681935e-01
-1.4748032878907741e-01
-1.4593388311194810e-01
-1.4406281452499545e-01
-1.4248803726767048e-01
-1.4067423419872088e-01
-1.3903305641400168e-01
-1.3728748926398684e-01
-1.3558313801577371e-01
-1.3386920516469186e-01
-1.3213214435987689e-01
-1.3045358482450245e-01
-1.2866604598480960e-01
-1.2705681999677923e-01
-1.2517745088058876e-01
-1.2361513098492105e-01
-1.2173390122333129e-01
-1.2012069914176625e-01
-1.1831946049541213e-01
-1.1659532777185387e-01
-1.1489960018762256e-01
-1.1306195899704549e-01
-1.1145622183499576e-01
-1.0953085542712331e-01
-1.0790323549670934e-01
-1.0607298814267616e-01
-1.0433633036217167e-01
-1.0260099745757269e-01
-1.0075290159145293e-01
-9.9103289871346562e-02
-9.7154677075344906e-02
-9.5471586223190338e-02
-9.3641919367908444e-02
-9.1825277757284288e-02
-9.0115160401128741e-02
-8.8151559410829000e-02
-8.6442119530552614e-02
-8.4609770355583744e-02
-8.2780673213561057e-02
-8.1165908825694466e-02
-7.9815923094653740e-02
0.0000000000000000e+00
];
