%Vec Object:dSdr_b_aug 1 MPI processes
%  type: seq
dSdr_b_aug = [
0.0000000000000000e+00
0.0000000000000000e+00
6.8255044491493033e-01
0.0000000000000000e+00
-1.7092905660437769e-02
-7.1106087472558640e-03
-4.4607762633739421e-03
-3.1801327502149306e-03
-2.3792050674980225e-03
-1.8831490091104728e-03
-1.5469634082008544e-03
-2.3332729777204012e-01
-2.1971672725175284e+00
-2.0733441571150459e+00
-1.9664217462730886e+00
-1.8692963954166355e+00
-1.7746123762453576e+00
-1.6813746765004918e+00
-1.6025550291520807e+00
-1.5257659142430897e+00
-1.4518237603735435e+00
-1.3796425066589777e+00
-1.3049147858648671e+00
-1.2359985810557412e+00
-1.1681915022169203e+00
-1.1003726564209113e+00
-1.0249509908392924e+00
-9.5173502816855071e-01
-8.8123858095724095e-01
-8.0986212665153268e-01
-7.3637671838068586e-01
-6.5745126283765964e-01
-5.8792725158799231e-01
-5.2090541233576981e-01
-4.5748469161964467e-01
-3.9047351728514451e-01
-3.3590845990944357e-01
-2.8836178596933715e-01
-2.4675064358715532e-01
-2.0746468916673119e-01
-1.7771357038423724e-01
-1.5517113738055857e-01
-1.3745858106228673e-01
-1.2325649131108979e-01
-1.1451215542862468e-01
-1.0931989203190096e-01
-1.0665087017617743e-01
-1.0633454345373941e-01
-1.0762847749577023e-01
-1.0988439888459607e-01
-1.1297355473231245e-01
-1.1708763471885225e-01
-1.2071808863746038e-01
-1.2449995053520600e-01
-1.2838567804777534e-01
-1.3217331252070880e-01
-1.3538544464704272e-01
-1.3832479004054565e-01
-1.4122632626510132e-01
-1.4362860381429973e-01
-1.4567188557149674e-01
-1.4743247517587341e-01
-1.4910054286763419e-01
-1.5032614717271295e-01
-1.5125025902951869e-01
-1.5215354556935165e-01
-1.5279643742534865e-01
-1.5318238921756330e-01
-1.5349146042505560e-01
-1.5369117147739628e-01
-1.5368416299107357e-01
-1.5358738114630160e-01
-1.5348749450002241e-01
-1.5322978163444584e-01
-1.5290253329195916e-01
-1.5255039020421080e-01
-1.5212076727844812e-01
-1.5162944833421729e-01
-1.5115101422196869e-01
-1.5060811046193134e-01
-1.5004059839283787e-01
-1.4944742034010372e-01
-1.4882425320648182e-01
-1.4820124501144796e-01
-1.4755733906054533e-01
-1.4690626394917600e-01
-1.4626773186732325e-01
-1.4553944381164366e-01
-1.4488758049239361e-01
-1.4420992299777910e-01
-1.4349565609977696e-01
-1.4283696340982632e-01
-1.4213638170320136e-01
-1.4141434517338231e-01
-1.4074388161954340e-01
-1.4001748267603120e-01
-1.3933209097841981e-01
-1.3867381508837720e-01
-1.3791114282268535e-01
-1.3726266557732519e-01
-1.3658143412305718e-01
-1.3580858643142510e-01
-1.3521202817813741e-01
-1.3448987736653989e-01
-1.3378243369666074e-01
-1.3317757007993988e-01
-1.3239533990070701e-01
-1.3177329788572817e-01
-1.3113010805389427e-01
-1.3038759939690397e-01
-1.2979373412347797e-01
-1.2908970591881974e-01
-1.2841825866974504e-01
-1.2781559023811695e-01
-1.2709915487717080e-01
-1.2649828038843319e-01
-1.2583208266507939e-01
-1.2519156234816048e-01
-1.2455849102777473e-01
-1.2389977088060149e-01
-1.2331282046652885e-01
-1.2261955329895843e-01
-1.2206282531757741e-01
-1.2140838415376506e-01
-1.2077831551402388e-01
-1.2024139008572074e-01
-1.1952680748901198e-01
-1.1902156094095380e-01
-1.1836584493381143e-01
-1.1779540792051284e-01
-1.1722677714616325e-01
-1.1662300663519842e-01
-1.1606597983052902e-01
-1.1548566805477488e-01
-1.1496322052398945e-01
-1.1435516498574542e-01
-1.1388602008709808e-01
-1.1328629784743713e-01
-1.1280901960842327e-01
-1.1227681489360987e-01
-1.1178035434425737e-01
-1.1130787279469503e-01
-1.1083852348472301e-01
-1.1039479878786647e-01
-1.0997070147588851e-01
-1.0957878727378727e-01
-1.0916916422676419e-01
-1.0889382356291573e-01
-1.0850483916128653e-01
-1.0832596176930741e-01
-1.0803853869374835e-01
-1.0792712009729252e-01
-1.0778342381062216e-01
-1.0779166198979140e-01
-1.0777693982584416e-01
-1.0797756464967639e-01
-1.0813499690603923e-01
-1.0854624598028600e-01
-1.0895244557574506e-01
-1.0960632111824700e-01
-1.1031497863350223e-01
-1.1128410686852631e-01
-1.1233604477623690e-01
-1.1370903415179569e-01
-1.1516395643155099e-01
-1.1696969407074403e-01
-1.1894580036133416e-01
-1.2121705421622007e-01
-1.2376933173688029e-01
-1.2658569081484225e-01
-1.2973191557824978e-01
-1.3317696265104634e-01
-1.3696983970621535e-01
-1.4108442356402276e-01
-1.4559592104610636e-01
-1.5042022720262418e-01
-1.5570559825895255e-01
-1.6132952221676719e-01
-1.6744402614258863e-01
-1.7398582639511995e-01
-1.8102439472085541e-01
-1.8863053904503796e-01
-1.9677324560408876e-01
-2.0564315878864153e-01
-2.1519003845753268e-01
-2.2564085683439800e-01
-2.3707476432478131e-01
-2.4967588472673560e-01
-2.6371626558883932e-01
-2.7946006948632623e-01
-2.9740510286638927e-01
-3.1804179283548267e-01
-3.4228175632183178e-01
-3.7123779410484758e-01
-4.0666398574535995e-01
-4.5129813163904542e-01
-5.0949730916476110e-01
-5.8913628203929225e-01
-7.0529758562658673e-01
-8.9206025348430684e-01
-1.2465297705205112e+00
-2.2048432715024475e+00
0.0000000000000000e+00
];
