%Vec Object:dSdr_b_aug 1 MPI processes
%  type: seq
dSdr_b_aug = [
0.0000000000000000e+00
0.0000000000000000e+00
7.7669533946497460e-01
0.0000000000000000e+00
-1.9583196556393651e-02
-8.0884620803343479e-03
-5.0230644305465384e-03
-3.5661035012139290e-03
-2.6759244499052963e-03
-2.1255858623844162e-03
-1.7525581005301502e-03
-1.4717558814864359e-03
-1.2632296694734485e-03
-1.1033733260483588e-03
-9.7318231077348101e-04
-8.6770527189135316e-04
-7.8122723309955572e-04
-7.0829764374297384e-04
-6.4597227998591962e-04
-5.9279256073596089e-04
-5.4690367815450429e-04
-8.0996325071258576e-03
-1.4894657350865050e+00
-1.5316185239139641e+00
-1.4498833729381824e+00
-1.3674714864794730e+00
-1.2759880286196061e+00
-1.1877046720102469e+00
-1.1030807427841089e+00
-1.0176231082677296e+00
-9.2995126370329695e-01
-8.3626818483788012e-01
-7.5383061734766244e-01
-6.7460702531418038e-01
-5.9982396851216557e-01
-5.2095783715775357e-01
-4.5681112202000573e-01
-4.0098134747909353e-01
-3.5214708914934861e-01
-3.0602753207638794e-01
-2.7109588343608898e-01
-2.4460184616827435e-01
-2.2368516561493323e-01
-2.0682418917150386e-01
-1.9631858777045619e-01
-1.8991406201025893e-01
-1.8641771082548395e-01
-1.8560020714147274e-01
-1.8664656463727389e-01
-1.8879438223143236e-01
-1.9189265109659329e-01
-1.9607125706248121e-01
-1.9974814332169413e-01
-2.0360250602415111e-01
-2.0752633411692267e-01
-2.1130224990243343e-01
-2.1446527276520588e-01
-2.1729568572845276e-01
-2.2001146201257915e-01
-2.2220044709689107e-01
-2.2399513026496112e-01
-2.2544087528425408e-01
-2.2673978683438106e-01
-2.2758981792672092e-01
-2.2809620912083575e-01
-2.2849770664443192e-01
-2.2868096972414867e-01
-2.2857889945785392e-01
-2.2834675871049534e-01
-2.2798837276091638e-01
-2.2744004236539267e-01
-2.2677122377321104e-01
-2.2606175831579350e-01
-2.2524089338845618e-01
-2.2434801054554618e-01
-2.2332543990855655e-01
-2.2231789342589284e-01
-2.2125214336340754e-01
-2.2009278926185227e-01
-2.1897491709544289e-01
-2.1783460510805391e-01
-2.1654376150979177e-01
-2.1534396228460354e-01
-2.1413798319121594e-01
-2.1281613161701693e-01
-2.1159160464669577e-01
-2.1037548016714450e-01
-2.0896298825897230e-01
-2.0773997934525237e-01
-2.0647735048956525e-01
-2.0510719513477113e-01
-2.0388683144174707e-01
-2.0259207250610162e-01
-2.0122966609398418e-01
-2.0000235696849561e-01
-1.9866513229097577e-01
-1.9737881934903234e-01
-1.9617322859368547e-01
-1.9477986978629175e-01
-1.9355448103649114e-01
-1.9232448808357883e-01
-1.9090911994646106e-01
-1.8977161937873921e-01
-1.8848032058735770e-01
-1.8716787178450656e-01
-1.8602933356601453e-01
-1.8463019585637330e-01
-1.8345572315427525e-01
-1.8226650513088860e-01
-1.8091825913539014e-01
-1.7980044797468722e-01
-1.7850124748289900e-01
-1.7726944380360490e-01
-1.7613990269002680e-01
-1.7480912756088390e-01
-1.7370052953840961e-01
-1.7244581180232652e-01
-1.7126012909638777e-01
-1.7008592212037427e-01
-1.6884174438614502e-01
-1.6774475308253201e-01
-1.6645416948686675e-01
-1.6537582726443401e-01
-1.6416567698109213e-01
-1.6297176694559534e-01
-1.6191262279727012e-01
-1.6060080984626926e-01
-1.5959222425533845e-01
-1.5833883369866952e-01
-1.5725485587398016e-01
-1.5610574563525847e-01
-1.5495113340702690e-01
-1.5384653967616418e-01
-1.5267917883680990e-01
-1.5163402066575327e-01
-1.5040152778199095e-01
-1.4941377256468316e-01
-1.4818335668557525e-01
-1.4715439545934242e-01
-1.4600665158579568e-01
-1.4491544539960677e-01
-1.4382804610015740e-01
-1.4272342983082759e-01
-1.4165251482529387e-01
-1.4054136287141572e-01
-1.3949365492313398e-01
-1.3834196161275933e-01
-1.3736568093557810e-01
-1.3616748137924964e-01
-1.3522312954756652e-01
-1.3403933475144258e-01
-1.3308182789453610e-01
-1.3191470072576048e-01
-1.3095885427902065e-01
-1.2977699546860491e-01
-1.2885786340551314e-01
-1.2766232925512574e-01
-1.2674757782928184e-01
-1.2557769861024373e-01
-1.2464347803913910e-01
-1.2349197804716118e-01
-1.2254783290697360e-01
-1.2139777274554948e-01
-1.2047320584681930e-01
-1.1932056605619028e-01
-1.1837879416074749e-01
-1.1728108260431901e-01
-1.1628510574834827e-01
-1.1524538813774292e-01
-1.1420957457985756e-01
-1.1318733086692827e-01
-1.1214445492951329e-01
-1.1114007158162827e-01
-1.1007415618740027e-01
-1.0911684095745061e-01
-1.0799581513612919e-01
-1.0707192720409171e-01
-1.0595069934080213e-01
-1.0499869432037008e-01
-1.0393501047017979e-01
-1.0291212295683527e-01
-1.0192540106907302e-01
-1.0083119975189900e-01
-9.9900391224340579e-02
-9.8767354986974309e-02
-9.7813067861817107e-02
-9.6755623730547954e-02
-9.5735862259366658e-02
-9.4732739734731591e-02
-9.3658017157311674e-02
-9.2706112361623461e-02
-9.1578484931703855e-02
-9.0608464757478496e-02
-8.9552586182910468e-02
-8.8509502186858921e-02
-8.7527572129079106e-02
-8.6405021718148955e-02
-8.5427805846982299e-02
-8.4386219350946992e-02
-8.3357825502517913e-02
-8.2461073340124799e-02
-8.1858024667450763e-02
0.0000000000000000e+00
];
