%Vec Object:dSdr_b_aug 1 MPI processes
%  type: seq
dSdr_b_aug = [
0.0000000000000000e+00
0.0000000000000000e+00
7.4396472905717748e-01
0.0000000000000000e+00
-1.8550075723365079e-02
-7.7065578177805847e-03
-4.8283872524809363e-03
-3.4463352430605305e-03
-2.5864595343379686e-03
-2.0544055093398988e-03
-1.6937501849196535e-03
-1.4233226397941290e-03
-1.2224385096015655e-03
-1.0683858726041032e-03
-9.4303325182299510e-04
-8.4147513170330587e-04
-7.5819435539087007e-04
-3.5190250064620399e-03
-1.8152169288733027e+00
-1.7751373529954029e+00
-1.6891826582318210e+00
-1.6056302905565514e+00
-1.5190775195388049e+00
-1.4394439147039657e+00
-1.3613782176042062e+00
-1.2835424711875445e+00
-1.1971058568519368e+00
-1.1135570505448571e+00
-1.0333723319702890e+00
-9.5233935908916079e-01
-8.6912525063402846e-01
-7.8007939057854991e-01
-7.0169958946922084e-01
-6.2631009703532925e-01
-5.5509737376791624e-01
-4.7995636967295319e-01
-4.1882045381020938e-01
-3.6559343901789454e-01
-3.1902886637312144e-01
-2.7505659984442876e-01
-2.4175280446429009e-01
-2.1650046092485237e-01
-1.9659059690457162e-01
-1.8056510951782545e-01
-1.7061294219363321e-01
-1.6458934011995052e-01
-1.6135295717128495e-01
-1.6069293664109291e-01
-1.6181708974738182e-01
-1.6399887709990099e-01
-1.6709428322275155e-01
-1.7125261427304631e-01
-1.7491491096372858e-01
-1.7874649258850450e-01
-1.8265834884747970e-01
-1.8643794722237905e-01
-1.8961640168198196e-01
-1.9248104415619979e-01
-1.9525519106606767e-01
-1.9751119816508320e-01
-1.9938399740178078e-01
-2.0092867463546543e-01
-2.0234358444710634e-01
-2.0331163019743298e-01
-2.0394927983469804e-01
-2.0450845218623548e-01
-2.0483614227831823e-01
-2.0488742090660914e-01
-2.0482534265259186e-01
-2.0464232490402076e-01
-2.0426409154552586e-01
-2.0377502136356165e-01
-2.0325710097901470e-01
-2.0261319266616568e-01
-2.0189804647759221e-01
-2.0108614111570033e-01
-2.0026019281765525e-01
-1.9937494352534166e-01
-1.9842955167574350e-01
-1.9749234910713262e-01
-1.9653202532285763e-01
-1.9546040585437155e-01
-1.9444179899412534e-01
-1.9341900407452908e-01
-1.9231018013076823e-01
-1.9126584621169171e-01
-1.9023121584611247e-01
-1.8903371805408570e-01
-1.8799017750956679e-01
-1.8691136142051795e-01
-1.8574730277099122e-01
-1.8470343028373934e-01
-1.8359537682745153e-01
-1.8243419079182463e-01
-1.8138185523727191e-01
-1.8023655987730022e-01
-1.7913906315327299e-01
-1.7810544317731697e-01
-1.7691025151171072e-01
-1.7586613124278977e-01
-1.7480855996443892e-01
-1.7359507334760330e-01
-1.7262753430210870e-01
-1.7151505287788024e-01
-1.7039267824876711e-01
-1.6942179297262067e-01
-1.6821645268813365e-01
-1.6721550644427660e-01
-1.6619778980618444e-01
-1.6503979093905261e-01
-1.6408650734519645e-01
-1.6297419198074706e-01
-1.6191830563644813e-01
-1.6095412799001613e-01
-1.5981615970359211e-01
-1.5886682051892209e-01
-1.5779669255273376e-01
-1.5678190766724073e-01
-1.5577725303443382e-01
-1.5471645762546601e-01
-1.5377903833438986e-01
-1.5267531148229385e-01
-1.5175988214826847e-01
-1.5072316278956571e-01
-1.4970501303977415e-01
-1.4880829010858132e-01
-1.4768213469385766e-01
-1.4682935119411736e-01
-1.4576094432293080e-01
-1.4483500065062799e-01
-1.4386434960877659e-01
-1.4287814623123976e-01
-1.4194009613911446e-01
-1.4095067277088499e-01
-1.4006208015571470e-01
-1.3901669651274817e-01
-1.3818124434693474e-01
-1.3713637181442356e-01
-1.3626598092334619e-01
-1.3529422463865345e-01
-1.3436943454674710e-01
-1.3345127873608312e-01
-1.3251810730407992e-01
-1.3161130335906110e-01
-1.3067743602492304e-01
-1.2979067493465193e-01
-1.2881930347747061e-01
-1.2800196275690634e-01
-1.2698590987604233e-01
-1.2619897618211331e-01
-1.2519927603705888e-01
-1.2439517214172159e-01
-1.2341860532338138e-01
-1.2261481378802283e-01
-1.2162441468918407e-01
-1.2085671357918844e-01
-1.1985386266751709e-01
-1.1909164666898045e-01
-1.1811254875108976e-01
-1.1733266782472400e-01
-1.1637188205496672e-01
-1.1558573480384049e-01
-1.1462459581729735e-01
-1.1386151771020198e-01
-1.1289543880035152e-01
-1.1211804486194821e-01
-1.1120628702602463e-01
-1.1037785483489554e-01
-1.0952143104157636e-01
-1.0865922196206064e-01
-1.0781659455302592e-01
-1.0695398281277982e-01
-1.0612466757655417e-01
-1.0524614119198911e-01
-1.0445811164924712e-01
-1.0353400967995079e-01
-1.0277590658073421e-01
-1.0185203249733307e-01
-1.0107172307298126e-01
-1.0019956289660349e-01
-9.9358769496392094e-02
-9.8556156221647193e-02
-9.7655004464533596e-02
-9.6899453383773509e-02
-9.5972160154098179e-02
-9.5192713090044789e-02
-9.4335937573186812e-02
-9.3502324189082650e-02
-9.2689323302484639e-02
-9.1815407345804470e-02
-9.1044654473335249e-02
-9.0130184415001702e-02
-8.9345287572168197e-02
-8.8490284153950369e-02
-8.7647992280127998e-02
-8.6855035713467588e-02
-8.5950705438534725e-02
-8.5163334530245105e-02
-8.4326556181811660e-02
-8.3504957496343707e-02
-8.2791506476623894e-02
-8.2365961234803858e-02
0.0000000000000000e+00
];
