%Vec Object:dSdr_b_aug 1 MPI processes
%  type: seq
dSdr_b_aug = [
0.0000000000000000e+00
0.0000000000000000e+00
7.1653210709143156e-01
0.0000000000000000e+00
-1.7833225017556801e-02
-7.4305627131024329e-03
-4.6739651369831874e-03
-3.3434486738438702e-03
-2.5091044885762245e-03
-1.9925453730185966e-03
-1.6423848868533833e-03
-1.3805626651405777e-03
-1.1860275940343283e-03
-1.0368041556353897e-03
-1.7110785430764918e-03
-2.0306106616918820e+00
-1.9460924345429782e+00
-1.8437140803130665e+00
-1.7574244419410721e+00
-1.6732305100496889e+00
-1.5921232062699684e+00
-1.5132204051994260e+00
-1.4315030761376368e+00
-1.3562519798906383e+00
-1.2823811901470159e+00
-1.2086415112228861e+00
-1.1267090812890606e+00
-1.0473855358531172e+00
-9.7116250239354940e-01
-8.9407823015753252e-01
-8.1484233809898376e-01
-7.2993486737110935e-01
-6.5517633518190388e-01
-5.8320850505562205e-01
-5.1518205169140296e-01
-4.4336546026098389e-01
-3.8491646971867705e-01
-3.3401223386907114e-01
-2.8947319520794884e-01
-2.4741723387341069e-01
-2.1556618257600835e-01
-1.9142196300357725e-01
-1.7241061167166977e-01
-1.5713073931568863e-01
-1.4767247262401079e-01
-1.4198881763096788e-01
-1.3898443739813307e-01
-1.3846495872385978e-01
-1.3965853810509471e-01
-1.4187064025692539e-01
-1.4496349078719165e-01
-1.4910372712671327e-01
-1.5275300298568026e-01
-1.5656425358269954e-01
-1.6046542550025908e-01
-1.6424831003828111e-01
-1.6744053586831967e-01
-1.7033572555577223e-01
-1.7316196394506925e-01
-1.7547778330068695e-01
-1.7742029547539517e-01
-1.7905326260748319e-01
-1.8057169257605304e-01
-1.8164505798424685e-01
-1.8239984643169457e-01
-1.8309973236852822e-01
-1.8355631331000610e-01
-1.8374444494233269e-01
-1.8383413541180732e-01
-1.8380762135563075e-01
-1.8358118755684008e-01
-1.8325253011050097e-01
-1.8290555014959886e-01
-1.8241956309527957e-01
-1.8186303430246845e-01
-1.8123913280532428e-01
-1.8057524804781588e-01
-1.7985108293478785e-01
-1.7909663728499892e-01
-1.7832066956452020e-01
-1.7752097253295687e-01
-1.7664499511743065e-01
-1.7578808964441778e-01
-1.7492877366666842e-01
-1.7401006183960108e-01
-1.7312653749659029e-01
-1.7225387781186549e-01
-1.7124824709809269e-01
-1.7036486939503512e-01
-1.6945009322605703e-01
-1.6846996134187764e-01
-1.6758359479825694e-01
-1.6664216280784463e-01
-1.6566055175906877e-01
-1.6476436776735875e-01
-1.6379035578050125e-01
-1.6286136420661620e-01
-1.6198121601835311e-01
-1.6096287454484789e-01
-1.6008052361018299e-01
-1.5917682650909462e-01
-1.5814350490580065e-01
-1.5732764453111850e-01
-1.5637474495828149e-01
-1.5542199804748824e-01
-1.5460073111884184e-01
-1.5356834128668548e-01
-1.5272225508230258e-01
-1.5185759124514359e-01
-1.5086937442758591e-01
-1.5006291997982824e-01
-1.4911738630535382e-01
-1.4821849366441284e-01
-1.4740189113612179e-01
-1.4643598923431114e-01
-1.4562877720239170e-01
-1.4472338245118699e-01
-1.4386111167707516e-01
-1.4300777040313245e-01
-1.4211063062713125e-01
-1.4131561793871433e-01
-1.4037864737672570e-01
-1.3960860612152420e-01
-1.3872666143850840e-01
-1.3786536514760686e-01
-1.3711359148383209e-01
-1.3615312209942793e-01
-1.3543938074294529e-01
-1.3453605851476697e-01
-1.3375114891303214e-01
-1.3293975984119555e-01
-1.3210384919233570e-01
-1.3131442724243128e-01
-1.3048380019252032e-01
-1.2973493094566582e-01
-1.2885652874014980e-01
-1.2815699592149352e-01
-1.2727770732930441e-01
-1.2654882884907800e-01
-1.2573412861441988e-01
-1.2495785266385041e-01
-1.2419073421522950e-01
-1.2341056466229880e-01
-1.2265021768121653e-01
-1.2187456374865233e-01
-1.2113143572025430e-01
-1.2032098809709668e-01
-1.1964548933466020e-01
-1.1879198871396683e-01
-1.1814553876048237e-01
-1.1731012919401974e-01
-1.1664292565340688e-01
-1.1583641946418699e-01
-1.1516832510240528e-01
-1.1434878908678250e-01
-1.1371622814111224e-01
-1.1288533203750345e-01
-1.1225924166408908e-01
-1.1145040098222639e-01
-1.1080825557090850e-01
-1.1001766690277938e-01
-1.0937251959121953e-01
-1.0857997720175816e-01
-1.0796101405419946e-01
-1.0716142493095476e-01
-1.0653072386893950e-01
-1.0578491346810635e-01
-1.0510599963420798e-01
-1.0441314886514147e-01
-1.0370586536670671e-01
-1.0302352823945804e-01
-1.0232178447832825e-01
-1.0164869951907242e-01
-1.0093739828560687e-01
-1.0030043722605785e-01
-9.9552067951249157e-02
-9.8941907205006230e-02
-9.8194147302030910e-02
-9.7567052600883789e-02
-9.6865800632139579e-02
-9.6187498267417418e-02
-9.5549171508239369e-02
-9.4820723609673058e-02
-9.4222199264772377e-02
-9.3479430392651094e-02
-9.2857350784454187e-02
-9.2181634788492881e-02
-9.1517097956790583e-02
-9.0878241915487434e-02
-9.0190451801881621e-02
-8.9592272973326406e-02
-8.8885812957514021e-02
-8.8295952637524489e-02
-8.7672615245907262e-02
-8.7106355917464226e-02
-8.6673238415702278e-02
-8.6375727021963833e-02
-8.6747673241496917e-02
-8.8849918778663661e-02
-9.7406235188918361e-02
-1.3436714949033646e-01
-3.5627358416521948e-01
0.0000000000000000e+00
];
