%Vec Object:dSdr_b_aug 1 MPI processes
%  type: seq
dSdr_b_aug = [
0.0000000000000000e+00
0.0000000000000000e+00
7.0531863987470844e-01
0.0000000000000000e+00
-1.7578598104054464e-02
-7.3291365327888347e-03
-4.6129794522796023e-03
-3.3004706166306877e-03
-2.4766201112674932e-03
-1.9664508205193294e-03
-1.6206213491960005e-03
-1.3623100102324161e-03
-1.1703684038645904e-03
-9.6138827149839547e-03
-2.0922349799657916e+00
-1.9899592359959211e+00
-1.8890892827637513e+00
-1.7897417680073842e+00
-1.7059356354381610e+00
-1.6242035502498584e+00
-1.5454784126466814e+00
-1.4688102954571400e+00
-1.3894167750485491e+00
-1.3162718177979345e+00
-1.2444170074064702e+00
-1.1726458041591836e+00
-1.0928779820267145e+00
-1.0155850002099853e+00
-9.4126586197687523e-01
-8.6607924516896595e-01
-7.8875519352806678e-01
-7.0583653961055182e-01
-6.3281830778657822e-01
-5.6249485162130242e-01
-4.9599964794995588e-01
-4.2578069461902812e-01
-3.6862298005040045e-01
-3.1883501961702038e-01
-2.7526940714860709e-01
-2.3413437919574054e-01
-2.0298148420299278e-01
-1.7936980422741114e-01
-1.6079025801207969e-01
-1.4586871158488404e-01
-1.3664780238711327e-01
-1.3112751814170762e-01
-1.2823463291669210e-01
-1.2778269511734852e-01
-1.2900963877696356e-01
-1.3123630910734549e-01
-1.3432793105235083e-01
-1.3845947106616310e-01
-1.4210248904990982e-01
-1.4590396868718844e-01
-1.4980000565574986e-01
-1.5358446918582028e-01
-1.5678331299544920e-01
-1.5969318277829403e-01
-1.6254445497098216e-01
-1.6488901858078622e-01
-1.6686503307045050e-01
-1.6854043020032602e-01
-1.7010860949681345e-01
-1.7123258904278291e-01
-1.7204367165610290e-01
-1.7281118127258660e-01
-1.7332970415916571e-01
-1.7358360417579530e-01
-1.7374623119348445e-01
-1.7379492921025028e-01
-1.7364144678778975e-01
-1.7338988002072106e-01
-1.7312505011278018e-01
-1.7271495639643319e-01
-1.7223465549221556e-01
-1.7170110436345587e-01
-1.7111510363952515e-01
-1.7046835190327664e-01
-1.6980567064910712e-01
-1.6910718871791494e-01
-1.6838468524036140e-01
-1.6760272894789147e-01
-1.6682353347736809e-01
-1.6604278175656517e-01
-1.6521543349432347e-01
-1.6440919057419451e-01
-1.6361437031452339e-01
-1.6270094656408646e-01
-1.6189453948180565e-01
-1.6105859717148099e-01
-1.6016685631853764e-01
-1.5935618355346987e-01
-1.5849482605787477e-01
-1.5759951467694178e-01
-1.5677837358135660e-01
-1.5588667650010593e-01
-1.5503866468145283e-01
-1.5423227155233893e-01
-1.5329892027497033e-01
-1.5249431201600347e-01
-1.5166456335592776e-01
-1.5071782497951131e-01
-1.4997485793675724e-01
-1.4909864973305126e-01
-1.4822742195136904e-01
-1.4747805809144918e-01
-1.4652878420467411e-01
-1.4575712009365235e-01
-1.4496600982311256e-01
-1.4405938626430284e-01
-1.4332349441782338e-01
-1.4245811207921380e-01
-1.4163466687742052e-01
-1.4088898541888301e-01
-1.4000577452700608e-01
-1.3926686537219660e-01
-1.3844063745170060e-01
-1.3765166126901135e-01
-1.3687103751833557e-01
-1.3605254667103900e-01
-1.3532597109074429e-01
-1.3446913953178505e-01
-1.3376896818372008e-01
-1.3296140437523440e-01
-1.3217548795755518e-01
-1.3149337326234473e-01
-1.3061252844260446e-01
-1.2996560718135730e-01
-1.2914162046036815e-01
-1.2842448817802479e-01
-1.2768963631845995e-01
-1.2692595243583668e-01
-1.2620795726061645e-01
-1.2545364354916855e-01
-1.2477192157715634e-01
-1.2397376622125129e-01
-1.2333955247664057e-01
-1.2253983904636742e-01
-1.2187896745352922e-01
-1.2113974397817996e-01
-1.2043483968700162e-01
-1.1974030544685159e-01
-1.1903366414470408e-01
-1.1834370001164470e-01
-1.1764407873906041e-01
-1.1696997631317993e-01
-1.1623686376527924e-01
-1.1562952968173872e-01
-1.1485414653538821e-01
-1.1427520834104439e-01
-1.1351875143581031e-01
-1.1291733732740751e-01
-1.1219255651196711e-01
-1.1158967309015702e-01
-1.1085230984350170e-01
-1.1028478441896052e-01
-1.0953663943075874e-01
-1.0897610870159286e-01
-1.0824926624248007e-01
-1.0767353161911003e-01
-1.0696500843018839e-01
-1.0638795935114935e-01
-1.0567686155588096e-01
-1.0512767615223445e-01
-1.0440874924210414e-01
-1.0384934987457756e-01
-1.0318429815028102e-01
-1.0257849426903450e-01
-1.0196582420553608e-01
-1.0133496472996679e-01
-1.0073213433796495e-01
-1.0011082085949798e-01
-9.9516760303634891e-02
-9.8890832918435576e-02
-9.8332836561539252e-02
-9.7677097382078998e-02
-9.7148489683414496e-02
-9.6498949967864844e-02
-9.5963053326300590e-02
-9.5366977197248889e-02
-9.4797072326775381e-02
-9.4277857156713857e-02
-9.3685684459311719e-02
-9.3234175758820356e-02
-9.2678190260374951e-02
-9.2266588105417796e-02
-9.1866699299233301e-02
-9.1551060882613000e-02
-9.1381207940935960e-02
-9.1348402950157698e-02
-9.1676030148376414e-02
-9.2357919161892746e-02
-9.3862293986852474e-02
-9.6532991732698817e-02
-1.0125221051969908e-01
-1.0947833261506615e-01
-1.2370086595779925e-01
-1.4893970814266599e-01
-1.9548290664975099e-01
-2.8932764972640135e-01
-5.1394849976162471e-01
-1.2897937365097760e+00
0.0000000000000000e+00
];
