%Vec Object:dSdr_b_aug 1 MPI processes
%  type: seq
dSdr_b_aug = [
0.0000000000000000e+00
0.0000000000000000e+00
7.3154507595507623e-01
0.0000000000000000e+00
-1.8168507959485460e-02
-7.5430088137953041e-03
-4.7254280656042836e-03
-3.3690050594305985e-03
-2.5221249840240239e-03
-1.9980535533951353e-03
-1.6428656260639417e-03
-1.3771168669106497e-03
-1.1797266988873281e-03
-1.0283483181494620e-03
-9.0530894996510426e-04
-8.0575973439887751e-04
-3.1824580079313836e-01
-1.8976048697635237e+00
-1.8093069377251834e+00
-1.7226331326188629e+00
-1.6391254128234678e+00
-1.5579708054475467e+00
-1.4739118650111778e+00
-1.3965384959734204e+00
-1.3206362802245157e+00
-1.2449130381570812e+00
-1.1607994099419130e+00
-1.0794297398185659e+00
-1.0012882215248573e+00
-9.2229175190851787e-01
-8.4112936859665277e-01
-7.5421784005589065e-01
-6.7770567096924461e-01
-6.0408086531998273e-01
-5.3451142749265101e-01
-4.6108495403473304e-01
-4.0133479143998002e-01
-3.4930572516511144e-01
-3.0378579996305810e-01
-2.6080184694973835e-01
-2.2824728854926693e-01
-2.0356644804079504e-01
-1.8411998241720226e-01
-1.6847903822360449e-01
-1.5878159553954632e-01
-1.5293331852632808e-01
-1.4981658970824360e-01
-1.4922905355707800e-01
-1.5038901402725494e-01
-1.5258643741691735e-01
-1.5568052700805324e-01
-1.5982952737542225e-01
-1.6348511002991700e-01
-1.6730620738567004e-01
-1.7121255447225300e-01
-1.7499384872799142e-01
-1.7817940660113768e-01
-1.8105980438019192e-01
-1.8386081776690597e-01
-1.8614767318100142e-01
-1.8805642684759433e-01
-1.8964663933275142e-01
-1.9111493920772527e-01
-1.9213730304663099e-01
-1.9283536633828505e-01
-1.9346711076449782e-01
-1.9386127544794379e-01
-1.9398313503337933e-01
-1.9399933034555072e-01
-1.9389702815419019e-01
-1.9359708422175007e-01
-1.9319074560391469e-01
-1.9276098631815508e-01
-1.9219852458538986e-01
-1.9156518398762498e-01
-1.9085023997487172e-01
-1.9010787455843975e-01
-1.8930570303911237e-01
-1.8845878998466764e-01
-1.8760474287701590e-01
-1.8672726092496195e-01
-1.8575654206152195e-01
-1.8482133124961811e-01
-1.8388284912645911e-01
-1.8287207375740203e-01
-1.8191067592314542e-01
-1.8095958046452587e-01
-1.7986103633135683e-01
-1.7890009830736084e-01
-1.7790588429676146e-01
-1.7683668415601420e-01
-1.7587404390653127e-01
-1.7485192391929880e-01
-1.7378335199294223e-01
-1.7281155015558619e-01
-1.7175459258245479e-01
-1.7074400080194610e-01
-1.6978953246459752e-01
-1.6868554960380253e-01
-1.6772486034122391e-01
-1.6674664821884519e-01
-1.6562607998218484e-01
-1.6473676777829310e-01
-1.6370658906831514e-01
-1.6267169809872736e-01
-1.6177797685514275e-01
-1.6066183389191480e-01
-1.5974075502543264e-01
-1.5880197369798346e-01
-1.5773153807601833e-01
-1.5685398000460002e-01
-1.5582768047805515e-01
-1.5485276191702926e-01
-1.5396469451488221e-01
-1.5291546758687358e-01
-1.5203942891060943e-01
-1.5105426029333038e-01
-1.5011813287794895e-01
-1.4919151643784642e-01
-1.4821512461940503e-01
-1.4735114994983201e-01
-1.4633342581518990e-01
-1.4549297876425993e-01
-1.4453608272433527e-01
-1.4359882840274840e-01
-1.4277686143565799e-01
-1.4173615674906592e-01
-1.4095508267050819e-01
-1.3997181636478054e-01
-1.3911860942212961e-01
-1.3823009595900923e-01
-1.3732140436242019e-01
-1.3646000755588675e-01
-1.3555248160183975e-01
-1.3473594972168657e-01
-1.3377668487624905e-01
-1.3301133155620867e-01
-1.3205185707015904e-01
-1.3125444958286256e-01
-1.3036369316816629e-01
-1.2951549754203884e-01
-1.2867523752004553e-01
-1.2782097505213788e-01
-1.2698970459529579e-01
-1.2613743400783997e-01
-1.2532475000161028e-01
-1.2443637316057633e-01
-1.2369218577683892e-01
-1.2275996734745007e-01
-1.2204548649890221e-01
-1.2113051731932419e-01
-1.2039701816759066e-01
-1.1950815815509043e-01
-1.1877435083059810e-01
-1.1787207238919248e-01
-1.1717406821589446e-01
-1.1625990100303814e-01
-1.1556789018079404e-01
-1.1467660045612914e-01
-1.1396775498954931e-01
-1.1309474640219001e-01
-1.1238131820820153e-01
-1.1150713096594808e-01
-1.1081837846635655e-01
-1.0993816474607873e-01
-1.0923642596512545e-01
-1.0841025363089123e-01
-1.0765893383340276e-01
-1.0688687100072790e-01
-1.0610456307509374e-01
-1.0534460363928227e-01
-1.0456495784727501e-01
-1.0381621675789515e-01
-1.0302393506303834e-01
-1.0231381764622759e-01
-1.0148034818533549e-01
-1.0079854512226218e-01
-9.9965500512512184e-02
-9.9264210562809707e-02
-9.8480195270104140e-02
-9.7723205916323067e-02
-9.7005322977146910e-02
-9.6193015570926466e-02
-9.5518118546215489e-02
-9.4685508984210479e-02
-9.3986520202718193e-02
-9.3222088309994164e-02
-9.2474132117879540e-02
-9.1748613219952133e-02
-9.0967091708776496e-02
-9.0279679889283357e-02
-8.9463271776937608e-02
-8.8763520160477227e-02
-8.8000891623573746e-02
-8.7250905732281045e-02
-8.6544766512594337e-02
-8.5740630661527817e-02
-8.5040238595012807e-02
-8.4308841319893427e-02
-8.3672794720545909e-02
-8.3699949523939388e-02
-9.5333766694062030e-02
0.0000000000000000e+00
];
