%Vec Object:dSdr_b_aug 1 MPI processes
%  type: seq
dSdr_b_aug = [
0.0000000000000000e+00
0.0000000000000000e+00
8.9486003055257690e-01
0.0000000000000000e+00
-2.4958946342876726e-02
-9.9300317610232051e-03
-5.8345561040004691e-03
-4.0205635172882882e-03
-3.0215958839714193e-03
-2.4071377776201572e-03
-1.9909060488201668e-03
-1.6696642608842037e-03
-1.4314069243063414e-03
-1.2490401936056151e-03
-1.0997943296880263e-03
-9.7884381057488702e-04
-8.7975068615420648e-04
-7.9615166918541535e-04
-7.2467257519265652e-04
-6.6371209836619898e-04
-6.1102054061772061e-04
-5.6451425359857227e-04
-5.2378309060660316e-04
-4.8787108065949543e-04
-4.5558684507609250e-04
-4.2673027367617401e-04
-4.0084613221485663e-04
-3.7735944876255871e-04
-3.5600343852611681e-04
-3.3659565279221457e-04
-3.1884070948096132e-04
-3.0249258485840727e-04
-2.8748292024612722e-04
-2.7365335490841185e-04
-2.6079716288213790e-04
-2.4889568420724328e-04
-2.3785237433635563e-04
-2.2752675450628658e-04
-2.1789407824028656e-04
-2.0889838854469133e-04
-2.0045330197019837e-04
-1.9252167339345753e-04
-1.8507434408546089e-04
-1.7805680162453715e-04
-1.7142959836640822e-04
-1.6517818563778741e-04
-1.5926742948598597e-04
-1.5365990413877353e-04
-1.4834912162640473e-04
-1.4331200850078809e-04
-1.3851488902862067e-04
-1.3395568811039307e-04
-1.2961809320784009e-04
-1.2547546919903667e-04
-1.2152558747336355e-04
-1.1775778505176728e-04
-1.1415625606599391e-04
-1.1072847829808704e-04
-1.0751048779884685e-04
-1.0464391574106549e-04
-1.0267845974875061e-04
-1.0359783317814748e-04
-1.1477333194654503e-04
-1.6585204018613754e-04
-3.7656019219591339e-04
-1.1543230800509549e-03
-3.7773120734512977e-03
-1.2026282891807853e-02
-3.4835888300085827e-02
-8.2832821698581624e-02
-1.4848839791669449e-01
-2.0629090391304930e-01
-2.4406046347533580e-01
-2.6585165649293463e-01
-2.7761661218623862e-01
-2.8342900484728423e-01
-2.8609951560823821e-01
-2.8688193030863263e-01
-2.8643510126145283e-01
-2.8554575003288996e-01
-2.8429932405049846e-01
-2.8258668952932697e-01
-2.8097321725990093e-01
-2.7928238674026123e-01
-2.7734408213592310e-01
-2.7558434629755463e-01
-2.7381579621174085e-01
-2.7173761774731597e-01
-2.6995621083721344e-01
-2.6811871493798461e-01
-2.6610181902556190e-01
-2.6432697910885106e-01
-2.6244494405327995e-01
-2.6044915230949306e-01
-2.5867092282223259e-01
-2.5672921048465708e-01
-2.5484812958447356e-01
-2.5310079136717073e-01
-2.5108311120816357e-01
-2.4928662308245830e-01
-2.4751339119680818e-01
-2.4546195361161111e-01
-2.4378895097967687e-01
-2.4193424342148967e-01
-2.4002291552227223e-01
-2.3835614118745460e-01
-2.3634639066030683e-01
-2.3462517398399996e-01
-2.3289559212017305e-01
-2.3094791814805232e-01
-2.2931171570061426e-01
-2.2742367985518047e-01
-2.2563759790927676e-01
-2.2398703144133078e-01
-2.2204876269117604e-01
-2.2043837362522806e-01
-2.1860205244361477e-01
-2.1687790667391657e-01
-2.1516947593372299e-01
-2.1334749909196871e-01
-2.1174772987997520e-01
-2.0986839997906248e-01
-2.0827675343398100e-01
-2.0652015870248899e-01
-2.0477246486875303e-01
-2.0320156549014085e-01
-2.0130478457680201e-01
-1.9980529916393436e-01
-1.9796906375676890e-01
-1.9638715331797646e-01
-1.9467575546502586e-01
-1.9299052209198145e-01
-1.9136118408287245e-01
-1.8963317938315202e-01
-1.8809471570603625e-01
-1.8627268059304641e-01
-1.8480505003955308e-01
-1.8299002567296829e-01
-1.8146144214781645e-01
-1.7975919788038933e-01
-1.7814364899370741e-01
-1.7652299843572430e-01
-1.7487819486863640e-01
-1.7329019970108231e-01
-1.7162046043625886e-01
-1.7006564193829937e-01
-1.6834579151498602e-01
-1.6686872349022927e-01
-1.6509661704968778e-01
-1.6365627265689628e-01
-1.6189243316725610e-01
-1.6045158454614641e-01
-1.5868404046239759e-01
-1.5724909947174931e-01
-1.5546398985156265e-01
-1.5406772899897078e-01
-1.5226508870390118e-01
-1.5086972827148340e-01
-1.4909873524191325e-01
-1.4767822063960637e-01
-1.4592581785555223e-01
-1.4448385197577285e-01
-1.4273853813651510e-01
-1.4130515098643887e-01
-1.3956469381640307e-01
-1.3810499800659298e-01
-1.3642138154852945e-01
-1.3489750249968696e-01
-1.3328026009604721e-01
-1.3169745036646396e-01
-1.3010926805807138e-01
-1.2849841161711856e-01
-1.2694241896312405e-01
-1.2528607305672340e-01
-1.2379536632724973e-01
-1.2205386611068419e-01
-1.2060761532801066e-01
-1.1886455635632266e-01
-1.1737156248858038e-01
-1.1570441417931741e-01
-1.1410777096607541e-01
-1.1254094405943652e-01
-1.1083846409228322e-01
-1.0935543317593623e-01
-1.0757411722419427e-01
-1.0606891454909688e-01
-1.0437916897396654e-01
-1.0277284997010716e-01
-1.0117064104966084e-01
-9.9463154028642642e-02
-9.7940396719947059e-02
-9.6141052801208354e-02
-9.4587614970666201e-02
-9.2898643969570940e-02
-9.1222662451685546e-02
-8.9644966112223196e-02
-8.7834319437805564e-02
-8.6258074628568021e-02
-8.4569611782180573e-02
-8.2886320017396015e-02
-8.1402672604930101e-02
-8.0191062184492776e-02
0.0000000000000000e+00
];
