%Vec Object:dSdr_b_aug 1 MPI processes
%  type: seq
dSdr_b_aug = [
0.0000000000000000e+00
0.0000000000000000e+00
8.1671201782272029e-01
0.0000000000000000e+00
-2.1108414276409252e-02
-8.6302814570220175e-03
-5.2758726613490424e-03
-3.7103624089088257e-03
-2.7832921763158666e-03
-2.2108840614597568e-03
-1.8229395566285577e-03
-1.5291585654875948e-03
-1.3110865508818321e-03
-1.1439917773122248e-03
-1.0077426365346599e-03
-8.9735877753119731e-04
-8.0688133656909406e-04
-7.3057915819921021e-04
-6.6537075056360788e-04
-6.0974198708654522e-04
-5.6164929940081100e-04
-5.1920941667381597e-04
-4.8203145672225648e-04
-4.4924477473407541e-04
-4.1976681129652938e-04
-3.9341843893319278e-04
-3.8101551579575009e-04
-1.9761841662986217e-02
-9.0155647282593276e-01
-1.0796958144690298e+00
-9.9857519383409865e-01
-9.0034500338636725e-01
-8.1333551170107654e-01
-7.2974110490480670e-01
-6.5088301420048789e-01
-5.6776446937385594e-01
-5.0018069823423161e-01
-4.4137965921945616e-01
-3.8995436431381880e-01
-3.4138349409305890e-01
-3.0459351377170235e-01
-2.7668197858512256e-01
-2.5461593228395490e-01
-2.3680117490183783e-01
-2.2566378200346821e-01
-2.1882439975282791e-01
-2.1503127278548140e-01
-2.1403398854557454e-01
-2.1499153545491817e-01
-2.1710057332516108e-01
-2.2020210988526073e-01
-2.2440386099031553e-01
-2.2809740214330534e-01
-2.3197777086276231e-01
-2.3591526497671761e-01
-2.3968697600233954e-01
-2.4283238169856616e-01
-2.4562371813170616e-01
-2.4827285878176628e-01
-2.5038533200482782e-01
-2.5209083854715153e-01
-2.5342364356339259e-01
-2.5459013279164561e-01
-2.5530543971964487e-01
-2.5566198787378747e-01
-2.5588348580908127e-01
-2.5590187284011101e-01
-2.5562474146313158e-01
-2.5519845961589172e-01
-2.5463987567843888e-01
-2.5389736478527042e-01
-2.5302334783970259e-01
-2.5209521715931166e-01
-2.5107234098226333e-01
-2.4997655640938049e-01
-2.4871349324461778e-01
-2.4749863679704642e-01
-2.4622682956758274e-01
-2.4482321916582905e-01
-2.4349909712044879e-01
-2.4215331313266644e-01
-2.4061220639280723e-01
-2.3920556052373523e-01
-2.3779046096342180e-01
-2.3622542010193265e-01
-2.3479518730325108e-01
-2.3337187173356694e-01
-2.3171394562559552e-01
-2.3028605820674111e-01
-2.2881359133241130e-01
-2.2720815895041302e-01
-2.2578631543571240e-01
-2.2427841621289829e-01
-2.2268629952957603e-01
-2.2125924310596309e-01
-2.1970291470164405e-01
-2.1820105190675654e-01
-2.1679914179892351e-01
-2.1517955832177571e-01
-2.1374723617302810e-01
-2.1232040921719544e-01
-2.1067457615751337e-01
-2.0934305005014131e-01
-2.0784761599701970e-01
-2.0631818131140897e-01
-2.0498825294802497e-01
-2.0336787893788241e-01
-2.0199531096866252e-01
-2.0061030946646352e-01
-1.9904488013253427e-01
-1.9773924670995027e-01
-1.9622670088717745e-01
-1.9479407254542258e-01
-1.9347575489856006e-01
-1.9192487429765179e-01
-1.9063446869836007e-01
-1.8916902597153540e-01
-1.8778824879173928e-01
-1.8642048332222788e-01
-1.8496695899496066e-01
-1.8368780258823542e-01
-1.8218390604882473e-01
-1.8091958483027037e-01
-1.7951144831025798e-01
-1.7811689286691326e-01
-1.7687233099888316e-01
-1.7534857408669033e-01
-1.7416212706101314e-01
-1.7269756179176207e-01
-1.7143317444282946e-01
-1.7008033774709261e-01
-1.6873347238048286e-01
-1.6743875480903636e-01
-1.6606826309074724e-01
-1.6484437190828488e-01
-1.6339827777775928e-01
-1.6223665554580691e-01
-1.6079442601793542e-01
-1.5958444312333578e-01
-1.5823579430506787e-01
-1.5695460983924073e-01
-1.5567400454454219e-01
-1.5437366924187565e-01
-1.5311540733427559e-01
-1.5180186972549686e-01
-1.5057042706167736e-01
-1.4921288081807574e-01
-1.4805515645724848e-01
-1.4664902075706976e-01
-1.4552496250735542e-01
-1.4413100776684648e-01
-1.4299837813257765e-01
-1.4161370984670646e-01
-1.4048427950426912e-01
-1.3908385285588132e-01
-1.3799184917226934e-01
-1.3657635038004859e-01
-1.3548746644713680e-01
-1.3409979377668510e-01
-1.3298938098104549e-01
-1.3162016406376312e-01
-1.3049565044990183e-01
-1.2912992022332867e-01
-1.2802099962866689e-01
-1.2665538417639391e-01
-1.2552596028352150e-01
-1.2421596611163406e-01
-1.2302872209514855e-01
-1.2177975827671421e-01
-1.2054575964886760e-01
-1.1931846779581545e-01
-1.1806980401110587e-01
-1.1686556450892006e-01
-1.1558572750801582e-01
-1.1443515704731652e-01
-1.1308932454829783e-01
-1.1197617764397370e-01
-1.1062965199451570e-01
-1.0948163999892239e-01
-1.0819931351440938e-01
-1.0696854774045632e-01
-1.0577164756342612e-01
-1.0445706072051407e-01
-1.0332617743082166e-01
-1.0195826401765153e-01
-1.0080437736798528e-01
-9.9517847394111097e-02
-9.8285575393549623e-02
-9.7065404821297135e-02
-9.5761434576669316e-02
-9.4602717165279557e-02
-9.3231736923308814e-02
-9.2050362426912252e-02
-9.0765140711017517e-02
-8.9492798026625686e-02
-8.8295084580762462e-02
-8.6923335332237200e-02
-8.5729260271496743e-02
-8.4453622550786117e-02
-8.3188630861402879e-02
-8.2081143474889609e-02
-8.1267590361056991e-02
0.0000000000000000e+00
];
