%Vec Object:dSdr_b_aug 1 MPI processes
%  type: seq
dSdr_b_aug = [
0.0000000000000000e+00
0.0000000000000000e+00
8.6645718880080602e-01
0.0000000000000000e+00
-2.3428240554574715e-02
-9.4263560565765771e-03
-5.6252205136371729e-03
-3.9052144793302510e-03
-2.9320777886694183e-03
-2.3325080397794016e-03
-1.9262467395109737e-03
-1.6152971727407192e-03
-1.3845998522662173e-03
-1.2079453858707576e-03
-1.0635911480941010e-03
-9.4662209155323867e-04
-8.5077483220179857e-04
-7.6992750368114898e-04
-7.0081612089369387e-04
-6.4186892539855940e-04
-5.9091419701949458e-04
-5.4594519438681583e-04
-5.0655742796192451e-04
-4.7182701417024746e-04
-4.4060453270730187e-04
-4.1269541361152570e-04
-3.8765944696422881e-04
-3.6494085777313021e-04
-3.4428210383507547e-04
-3.2550686417139887e-04
-3.0832939617623454e-04
-2.9251188496355894e-04
-2.7798861774259390e-04
-2.6460641307399127e-04
-2.5216508762960165e-04
-2.4064755330445399e-04
-2.2996687692651075e-04
-2.2005098561526742e-04
-2.1131738354869046e-04
-2.0601963038696747e-04
-2.1436958326737031e-04
-2.7904234701426288e-04
-5.6681674716223208e-04
-1.6106325283429224e-03
-4.8808716549042248e-03
-1.4024117123072145e-02
-3.5863492430074639e-02
-7.6047080421736371e-02
-1.2716578034531076e-01
-1.7307575187884214e-01
-2.0635746912395569e-01
-2.2944122863021288e-01
-2.4457500749198188e-01
-2.5526549591798248e-01
-2.6319938301383933e-01
-2.6928093572925443e-01
-2.7374834748437932e-01
-2.7726969500508669e-01
-2.8028351757834441e-01
-2.8255895548100268e-01
-2.8430424380558067e-01
-2.8558738601549949e-01
-2.8664650067242287e-01
-2.8723199896939761e-01
-2.8743014407955131e-01
-2.8745216487484671e-01
-2.8728498543442998e-01
-2.8680855988488979e-01
-2.8615986443212715e-01
-2.8537125312876743e-01
-2.8440529808214210e-01
-2.8329493036896358e-01
-2.8211480561461488e-01
-2.8085907420691003e-01
-2.7952937016844859e-01
-2.7798901928784608e-01
-2.7653512631942551e-01
-2.7502571999648628e-01
-2.7334045800781614e-01
-2.7177850802540721e-01
-2.7019579164138607e-01
-2.6836610191724058e-01
-2.6672093715670425e-01
-2.6506469640278130e-01
-2.6321922858013330e-01
-2.6155179178629262e-01
-2.5988955945592063e-01
-2.5794861750487885e-01
-2.5628447994153924e-01
-2.5457004397727745e-01
-2.5269330816550589e-01
-2.5103913357171226e-01
-2.4928545730512794e-01
-2.4742845633005692e-01
-2.4577106662140344e-01
-2.4396208457223317e-01
-2.4221166618544318e-01
-2.4058337562924573e-01
-2.3870292705397217e-01
-2.3703198499176126e-01
-2.3537818397417337e-01
-2.3346659623843313e-01
-2.3191133458316829e-01
-2.3018050724838193e-01
-2.2840086094084733e-01
-2.2685023601402662e-01
-2.2497474912644347e-01
-2.2337375275290142e-01
-2.2176298862654684e-01
-2.1994711997496766e-01
-2.1842490418366584e-01
-2.1666634473774674e-01
-2.1500214065043921e-01
-2.1346614024425634e-01
-2.1166145072853015e-01
-2.1016139843036705e-01
-2.0845296364214896e-01
-2.0684721832355460e-01
-2.0525625588327800e-01
-2.0356132894659915e-01
-2.0207211355442173e-01
-2.0032224070562440e-01
-1.9884346260028801e-01
-1.9720702335681023e-01
-1.9558109883323246e-01
-1.9412272728758587e-01
-1.9235457265203573e-01
-1.9096302927464634e-01
-1.8925495331325481e-01
-1.8778253133592751e-01
-1.8619477269579979e-01
-1.8462621553795486e-01
-1.8311226151203816e-01
-1.8150753460778052e-01
-1.8007754199051104e-01
-1.7838513902901046e-01
-1.7702302644612869e-01
-1.7533654938924592e-01
-1.7391782592749369e-01
-1.7233750864720751e-01
-1.7083725550964798e-01
-1.6933385957529343e-01
-1.6780783577922637e-01
-1.6633353946543569e-01
-1.6478662589579032e-01
-1.6334331409861713e-01
-1.6174839366215502e-01
-1.6038144198182328e-01
-1.5873552985280495e-01
-1.5740424752915724e-01
-1.5576795200105634e-01
-1.5443338375542734e-01
-1.5279786323013195e-01
-1.5146826874976987e-01
-1.4981580586644580e-01
-1.4852445932567321e-01
-1.4685531355030143e-01
-1.4556563273062786e-01
-1.4392681664710860e-01
-1.4261323177429672e-01
-1.4099295959832528e-01
-1.3966045807384822e-01
-1.3804603275849353e-01
-1.3672452867618193e-01
-1.3511332498119463e-01
-1.3376751409879792e-01
-1.3221273068586070e-01
-1.3080493076095742e-01
-1.2931467885008738e-01
-1.2785214687118163e-01
-1.2638840755562802e-01
-1.2490244317865888e-01
-1.2346774288181327e-01
-1.2194122567029195e-01
-1.2056780566523186e-01
-1.1896274061028127e-01
-1.1763135213328170e-01
-1.1602502776150585e-01
-1.1465099271279267e-01
-1.1311654110860493e-01
-1.1164606248586141e-01
-1.1020679678930478e-01
-1.0863807364334263e-01
-1.0727647424268184e-01
-1.0563771238302001e-01
-1.0425365581076806e-01
-1.0270295329537328e-01
-1.0122562056138867e-01
-9.9755154934625473e-02
-9.8186819317270163e-02
-9.6789603422879747e-02
-9.5137984527567332e-02
-9.3712862843679259e-02
-9.2163140797153070e-02
-9.0626380317752317e-02
-8.9179763988083430e-02
-8.7520539541259684e-02
-8.6076205664793987e-02
-8.4530327650642625e-02
-8.2991764658197742e-02
-8.1639177859676837e-02
-8.0571822357335690e-02
0.0000000000000000e+00
];
