%Vec Object:dSdr_b_aug 1 MPI processes
%  type: seq
dSdr_b_aug = [
0.0000000000000000e+00
0.0000000000000000e+00
8.1672906534949063e-01
0.0000000000000000e+00
-2.1108898533170859e-02
-8.6303357797322625e-03
-5.2758006359344533e-03
-3.7102474936674479e-03
-2.7831690913462373e-03
-2.2107565320404177e-03
-1.8228092059709828e-03
-1.5290267109325064e-03
-1.3109537917165973e-03
-1.1438583806200730e-03
-1.0076092243656118e-03
-8.9722551855649394e-04
-8.0674825017783714e-04
-7.3044639151942847e-04
-6.6523843921631172e-04
-6.0961009550349412e-04
-5.6151781765121321e-04
-5.1907845459436017e-04
-4.8190096907456799e-04
-4.4911471059416567e-04
-4.1963723700895710e-04
-3.9328923210494226e-04
-3.8065821574335078e-04
-1.9387195303691849e-02
-8.9844042540453517e-01
-1.0796003305364157e+00
-9.9859651555863171e-01
-9.0037159724944527e-01
-8.1336073996134117e-01
-7.2976453341680936e-01
-6.5090471795674520e-01
-5.6778436662361176e-01
-5.0019913458203213e-01
-4.4139683248706846e-01
-3.8997043610277149e-01
-3.4139852378629093e-01
-3.0460775345613123e-01
-2.7669561567194317e-01
-2.5462908076120994e-01
-2.3681391791878498e-01
-2.2567625644872413e-01
-2.1883668935133541e-01
-2.1504343623950270e-01
-2.1404607559343822e-01
-2.1500358477193027e-01
-2.1711260617814104e-01
-2.2021414414995971e-01
-2.2441590511606868e-01
-2.2810945336929278e-01
-2.3198983316396302e-01
-2.3592733310507027e-01
-2.3969904235941381e-01
-2.4284444058172075e-01
-2.4563576041715277e-01
-2.4828487275336483e-01
-2.5039731346230110e-01
-2.5210278210488685e-01
-2.5343553911979416e-01
-2.5460197206223628e-01
-2.5531722172730731e-01
-2.5567370618946483e-01
-2.5589512761190075e-01
-2.5591344456017540e-01
-2.5563623876960778e-01
-2.5520987439697845e-01
-2.5465120535949987e-01
-2.5390861192313974e-01
-2.5303450775089792e-01
-2.5210628411765440e-01
-2.5108332206851341e-01
-2.4998745124415264e-01
-2.4872428584880249e-01
-2.4750934127524229e-01
-2.4623744645175683e-01
-2.4483373221748858e-01
-2.4350952249737873e-01
-2.4216365116521041e-01
-2.4062243803817557e-01
-2.3921570423969366e-01
-2.3780051578368075e-01
-2.3623537154135513e-01
-2.3480505129803556e-01
-2.3338164765227834e-01
-2.3172361720950801e-01
-2.3029564269794098e-01
-2.2882308662144982e-01
-2.2721755422288425e-01
-2.2579562505885498e-01
-2.2428763522951362e-01
-2.2269542089677807e-01
-2.2126827955976738e-01
-2.1971185801425921e-01
-2.1820990358940934e-01
-2.1680791002497751e-01
-2.1518823037784898e-01
-2.1375582026072681e-01
-2.1232890963081583e-01
-2.1068297859962890e-01
-2.0935137001099258e-01
-2.0785584917789673e-01
-2.0632632224535702e-01
-2.0499631251752495e-01
-2.0337584445487447e-01
-2.0200319226965283e-01
-2.0061810753554032e-01
-1.9905258587100483e-01
-1.9774687259951373e-01
-1.9623423607848597e-01
-1.9480152236100734e-01
-1.9348312445938731e-01
-1.9193215028563074e-01
-1.9064166739437802e-01
-1.8917613508249440e-01
-1.8779527496248863e-01
-1.8642742720514133e-01
-1.8497381387842471e-01
-1.8369458002720801e-01
-1.8219059280196079e-01
-1.8092619251742714e-01
-1.7951797182695756e-01
-1.7812333108215936e-01
-1.7687869038627488e-01
-1.7535484336956700e-01
-1.7416832072841365e-01
-1.7270366568152065e-01
-1.7143920163334739e-01
-1.7008627832561410e-01
-1.6873933122437254e-01
-1.6744453282347690e-01
-1.6607395474613248e-01
-1.6484998757614247e-01
-1.6340380263490811e-01
-1.6224210648315984e-01
-1.6079978690424057e-01
-1.5958972704830043e-01
-1.5824099281564383e-01
-1.5695972758017676e-01
-1.5567904014320957e-01
-1.5437862163013483e-01
-1.5312028007022074e-01
-1.5180665641613197e-01
-1.5057513563479957e-01
-1.4921750187089033e-01
-1.4805970036639843e-01
-1.4665347625894629e-01
-1.4552934160280337e-01
-1.4413529750850129e-01
-1.4300259341526309e-01
-1.4161783263673358e-01
-1.4048832848826331e-01
-1.3908780890914804e-01
-1.3799573172059199e-01
-1.3658013940266164e-01
-1.3549118142668778e-01
-1.3410341615117352e-01
-1.3299292843484933e-01
-1.3162361894284005e-01
-1.3049902863049381e-01
-1.2913320669617059e-01
-1.2802420770577472e-01
-1.2665850168788834e-01
-1.2552899799331690e-01
-1.2421891354626116e-01
-1.2303158818687666e-01
-1.2178253537905111e-01
-1.2054845246142665e-01
-1.1932107339759170e-01
-1.1807232208378568e-01
-1.1686799757024396e-01
-1.1558806957324765e-01
-1.1443741689739813e-01
-1.1309148876294713e-01
-1.1197826132881263e-01
-1.1063163981981952e-01
-1.0948354440773607e-01
-1.0820112487220640e-01
-1.0697027061015865e-01
-1.0577328095209597e-01
-1.0445860026915033e-01
-1.0332763175274330e-01
-1.0195961828775613e-01
-1.0080564655149774e-01
-9.9519018912044788e-02
-9.8286656239111078e-02
-9.7066392996406570e-02
-9.5762324803103344e-02
-9.4603518862586541e-02
-9.3232434387198929e-02
-9.2050969031854904e-02
-9.0765648467136792e-02
-8.9493206454604513e-02
-8.8295398590796104e-02
-8.6923539303258815e-02
-8.5729365357398460e-02
-8.4453615959116685e-02
-8.3188497732607086e-02
-8.2080847794754108e-02
-8.1266819603567825e-02
0.0000000000000000e+00
];
