%Vec Object:dSdr_b_aug 1 MPI processes
%  type: seq
dSdr_b_aug = [
0.0000000000000000e+00
0.0000000000000000e+00
9.5688269812988225e-01
0.0000000000000000e+00
-2.8801492252865820e-02
-1.1107706916710274e-02
-6.2919050440856904e-03
-4.2711489813435193e-03
-3.2197328313714360e-03
-2.5766676446629063e-03
-2.1417774015829636e-03
-1.7969173483976051e-03
-1.5413462914565319e-03
-1.3459369203854298e-03
-1.1854017130441294e-03
-1.0552472851871999e-03
-9.4865394898210182e-04
-8.5869423770442235e-04
-7.8173794759176711e-04
-7.1612049832589443e-04
-6.5941241040457432e-04
-6.0935247479334154e-04
-5.6551585543403388e-04
-5.2687258766196462e-04
-4.9213617718301458e-04
-4.6109160556994294e-04
-4.3324885340879481e-04
-4.0798960979764227e-04
-3.8502513309333691e-04
-3.6415830011979876e-04
-3.4507189884149452e-04
-3.2750112753503576e-04
-3.1137087179135037e-04
-2.9651094310463648e-04
-2.8270003847544612e-04
-2.6991625692759680e-04
-2.5805578941985867e-04
-2.4696856580008801e-04
-2.3662678334293577e-04
-2.2697011955050741e-04
-2.1790626779863193e-04
-2.0939483126723631e-04
-2.0140414255408518e-04
-1.9387589777715818e-04
-1.8676763327852899e-04
-1.8006334609119479e-04
-1.7372540899179075e-04
-1.6771372697664614e-04
-1.6202098436201516e-04
-1.5662243504535066e-04
-1.5148207853433340e-04
-1.4659739153143121e-04
-1.4195084913310195e-04
-1.3751389656665427e-04
-1.3328367556385428e-04
-1.2924772674987328e-04
-1.2538550866265214e-04
-1.2169184223382799e-04
-1.1815846345567286e-04
-1.1477032038782086e-04
-1.1152131532395428e-04
-1.0840590016337029e-04
-1.0541284628787132e-04
-1.0253591842924760e-04
-9.9771341376992271e-05
-9.7110592304943370e-05
-9.4547713560099328e-05
-9.2080096216581048e-05
-8.9701160574344132e-05
-8.7405431515529696e-05
-8.5191071137864864e-05
-8.3052909988302868e-05
-8.0986048465203625e-05
-7.8989155183169075e-05
-7.7058096683923664e-05
-7.5188570597806687e-05
-7.3379576730134573e-05
-7.1627751671136816e-05
-6.9929372253200786e-05
-6.8283652901507581e-05
-6.6687809213015532e-05
-6.5138658324802954e-05
-6.3635551753663926e-05
-6.2176145499662512e-05
-6.0757748486768050e-05
-5.9379797907758679e-05
-5.8040288664657803e-05
-5.6736969947278921e-05
-5.5469330772926736e-05
-5.4235629967421217e-05
-5.3034006306000380e-05
-5.1863978754920130e-05
-5.0724014646453854e-05
-4.9612595729320704e-05
-4.8529260394905185e-05
-4.7472652039121598e-05
-4.6441576929592720e-05
-4.5435651492401173e-05
-4.4453837468178982e-05
-4.3495675189220827e-05
-4.2561985075960189e-05
-4.1654840930246347e-05
-4.0781498034418740e-05
-4.0498791648945573e-05
-4.0839809699281602e-05
-4.1376109557982083e-05
-4.2377990728208508e-05
-4.4501658924024223e-05
-4.9348245289381054e-05
-6.0991912048891888e-05
-9.0050010902603087e-05
-1.6208182137448344e-04
-3.3338405093485870e-04
-7.2217603461636462e-04
-1.5766047915611071e-03
-3.4133009014280548e-03
-7.2253328487053145e-03
-1.4774787600271301e-02
-2.8492339936843268e-02
-5.0350388498385849e-02
-7.9506150675282244e-02
-1.1109436682163655e-01
-1.3991276890325760e-01
-1.6253915475618100e-01
-1.7886346149532914e-01
-1.9018303687868476e-01
-1.9733886019102356e-01
-2.0211160491777053e-01
-2.0458443500649012e-01
-2.0597394000956318e-01
-2.0625882139673066e-01
-2.0592354078488159e-01
-2.0517974526769611e-01
-2.0399977452351711e-01
-2.0280777903075820e-01
-2.0113063156647515e-01
-1.9973998512260660e-01
-1.9787552629703217e-01
-1.9627626545768326e-01
-1.9443769749000483e-01
-1.9266927309442272e-01
-1.9087012936994938e-01
-1.8902829504643920e-01
-1.8724208636741846e-01
-1.8534757322503223e-01
-1.8358472541635171e-01
-1.8162540810272981e-01
-1.7993546529250148e-01
-1.7791569554548792e-01
-1.7626045165985099e-01
-1.7424312848196538e-01
-1.7259071377341126e-01
-1.7055892865461311e-01
-1.6891303449894235e-01
-1.6686146430824605e-01
-1.6525440454143431e-01
-1.6318304684551149e-01
-1.6157493349770233e-01
-1.5953756892513923e-01
-1.5790154198353562e-01
-1.5588267903406877e-01
-1.5421994635328048e-01
-1.5221057272676386e-01
-1.5055145456966162e-01
-1.4855017470197149e-01
-1.4686065806950527e-01
-1.4491702931320807e-01
-1.4315887064091570e-01
-1.4128531212047279e-01
-1.3945972900978815e-01
-1.3762035878256301e-01
-1.3575740283423868e-01
-1.3395657332130217e-01
-1.3203815522470960e-01
-1.3031069186577393e-01
-1.2829377836155667e-01
-1.2661566187736928e-01
-1.2459658346553079e-01
-1.2286345270110938e-01
-1.2092843426163953e-01
-1.1907710645762261e-01
-1.1725277507332003e-01
-1.1528028318137774e-01
-1.1355212084274269e-01
-1.1148303340841655e-01
-1.0973327495920622e-01
-1.0776284523293406e-01
-1.0589614350693966e-01
-1.0402798645912406e-01
-1.0203959700466622e-01
-1.0026341216418153e-01
-9.8165860180843625e-02
-9.6353396540603486e-02
-9.4383333140665632e-02
-9.2426321186454261e-02
-9.0584038631877611e-02
-8.8467760692815325e-02
-8.6625310742275391e-02
-8.4649186292500886e-02
-8.2674153025827396e-02
-8.0927271675364273e-02
-7.9432410766486272e-02
0.0000000000000000e+00
];
