%Vec Object:dSdr_b_aug 1 MPI processes
%  type: seq
dSdr_b_aug = [
0.0000000000000000e+00
0.0000000000000000e+00
7.9622622865894888e-01
0.0000000000000000e+00
-2.0295492368159807e-02
-8.3464689594860524e-03
-5.1479966218315005e-03
-3.6400461972094559e-03
-2.7316937378583338e-03
-2.1704436971875869e-03
-1.7900332867321676e-03
-1.5028656435699197e-03
-1.2896513751600059e-03
-1.1262371208675497e-03
-9.9306210166082414e-04
-8.8516479298301034e-04
-7.9671250240765713e-04
-7.2211437968959285e-04
-6.5835885460912246e-04
-6.0396325826424886e-04
-5.5693129165378032e-04
-5.1542058255214600e-04
-4.7905382621837118e-04
-4.6188471730379500e-04
-1.2154787073989784e-01
-1.3765203826261199e+00
-1.3183869628838676e+00
-1.2282944473451556e+00
-1.1412622601549927e+00
-1.0533819498064136e+00
-9.6326844990614291e-01
-8.6704535947121375e-01
-7.8238516962100324e-01
-7.0106146737711372e-01
-6.2432277697015026e-01
-5.4341622458773153e-01
-4.7762035828594557e-01
-4.2036493438269984e-01
-3.7028746650018562e-01
-3.2299174137534770e-01
-2.8716844399758051e-01
-2.5999427500052352e-01
-2.3852611553288375e-01
-2.2120750394329131e-01
-2.1039876145913855e-01
-2.0378558619800458e-01
-2.0014683815869980e-01
-1.9924307322104765e-01
-2.0024681787605653e-01
-2.0237602800980711e-01
-2.0547586425653955e-01
-2.0966557503885397e-01
-2.1335045206146491e-01
-2.1721729227341816e-01
-2.2114767694518225e-01
-2.2492157474428753e-01
-2.2807614423367123e-01
-2.3088780740571282e-01
-2.3357161075111013e-01
-2.3572388420158560e-01
-2.3747577906217843e-01
-2.3886733385331788e-01
-2.4010270735318640e-01
-2.4088809596870547e-01
-2.4132259049422808e-01
-2.4163772190281113e-01
-2.4174187533048319e-01
-2.4155580851895853e-01
-2.4123051643760610e-01
-2.4077607300206955e-01
-2.4013457239151800e-01
-2.3936729709879387e-01
-2.3855291339253565e-01
-2.3763512099107917e-01
-2.3664488352910740e-01
-2.3550692181074373e-01
-2.3439990561886090e-01
-2.3323528695288867e-01
-2.3195873586527968e-01
-2.3074190263288816e-01
-2.2950300281460653e-01
-2.2809208008286289e-01
-2.2679303345554785e-01
-2.2548671595176084e-01
-2.2404817936111765e-01
-2.2272495236515705e-01
-2.2140941521497293e-01
-2.1987916115313935e-01
-2.1855784917693066e-01
-2.1719453762362578e-01
-2.1571149364374997e-01
-2.1439445761167158e-01
-2.1299743151014366e-01
-2.1152480746611477e-01
-2.1020165728713983e-01
-2.0875930411920210e-01
-2.0736956787649574e-01
-2.0606978083305055e-01
-2.0456787680109434e-01
-2.0324319898603130e-01
-2.0191876277856025e-01
-2.0039281488909652e-01
-1.9916221859809019e-01
-1.9777297337508512e-01
-1.9635641231635753e-01
-1.9512604297116767e-01
-1.9362075360896241e-01
-1.9235123258739234e-01
-1.9106807546893056e-01
-1.8961562248332470e-01
-1.8840769211569619e-01
-1.8700612615676812e-01
-1.8567796457325716e-01
-1.8445784638363696e-01
-1.8302146220216542e-01
-1.8182563089531173e-01
-1.8046980497205656e-01
-1.7919051377955447e-01
-1.7792343530263394e-01
-1.7657881075979379e-01
-1.7539441463784985e-01
-1.7400148113914599e-01
-1.7283390415464817e-01
-1.7152875790239935e-01
-1.7023857599809011e-01
-1.6909046640405681e-01
-1.6767696041885907e-01
-1.6658303497985930e-01
-1.6522832048990910e-01
-1.6405778022432846e-01
-1.6281091981754839e-01
-1.6156406245471300e-01
-1.6036824525530738e-01
-1.5910342002677755e-01
-1.5797250384809833e-01
-1.5663752278356158e-01
-1.5556634432797573e-01
-1.5423429799126243e-01
-1.5311848065441941e-01
-1.5187434045711376e-01
-1.5069198069076442e-01
-1.4951187912464706e-01
-1.4831335481161423e-01
-1.4715254881621617e-01
-1.4594429011553861e-01
-1.4480842436319893e-01
-1.4355796068700846e-01
-1.4249462148911871e-01
-1.4119665204293944e-01
-1.4016607527321587e-01
-1.3888144360867630e-01
-1.3783991112567304e-01
-1.3656840554620156e-01
-1.3552927187740302e-01
-1.3424254206151390e-01
-1.3324046457060906e-01
-1.3193938925237078e-01
-1.3094108745445884e-01
-1.2966670887814113e-01
-1.2864794971048912e-01
-1.2739198713441943e-01
-1.2636129964689669e-01
-1.2510775907644234e-01
-1.2409473774734144e-01
-1.2283991043483836e-01
-1.2180810163619465e-01
-1.2060853518487435e-01
-1.1952078694113678e-01
-1.1838067145653548e-01
-1.1724976735549035e-01
-1.1612914019877667e-01
-1.1498752598727631e-01
-1.1388725055864697e-01
-1.1271869443706863e-01
-1.1166865456327853e-01
-1.1043976551690930e-01
-1.0942507070546605e-01
-1.0819574434677824e-01
-1.0714969510367414e-01
-1.0598110646517558e-01
-1.0485847934119745e-01
-1.0377091462820677e-01
-1.0257097340422887e-01
-1.0154417080981173e-01
-1.0029844260908510e-01
-9.9248390908747514e-02
-9.8081035361756705e-02
-9.6959316766866741e-02
-9.5852061596149243e-02
-9.4667355031281125e-02
-9.3616233651749675e-02
-9.2371861245613043e-02
-9.1300454767736489e-02
-9.0134566744804814e-02
-8.8981526013706125e-02
-8.7896124225425643e-02
-8.6654102384220041e-02
-8.5572993510377365e-02
-8.4419394773118411e-02
-8.3278092720543553e-02
-8.2281954654052414e-02
-8.1587034141874432e-02
0.0000000000000000e+00
];
