%Vec Object:dSdr_b_aug 1 MPI processes
%  type: seq
dSdr_b_aug = [
0.0000000000000000e+00
0.0000000000000000e+00
6.5438242850858919e-01
0.0000000000000000e+00
-1.6728050343244427e-02
-6.9602912483264960e-03
-4.3550461657337917e-03
-3.1006731478993984e-03
-2.3251572660838893e-03
-2.4846049768467378e+00
-2.3013946815305726e+00
-2.1667567927290308e+00
-2.0435337237696705e+00
-1.9286284720557176e+00
-1.8291003368421410e+00
-1.7386273980176734e+00
-1.6506427028281150e+00
-1.5640214669727315e+00
-1.4906017917653651e+00
-1.4191655205988782e+00
-1.3504029597446501e+00
-1.2830806254663361e+00
-1.2134056037949996e+00
-1.1490688119904666e+00
-1.0856451149887216e+00
-1.0221063687022751e+00
-9.5139125769745092e-01
-8.8259039456956112e-01
-8.1623362913240871e-01
-7.4898328944992310e-01
-6.7965483866494814e-01
-6.0505371221005178e-01
-5.3931367506265460e-01
-4.7586738223210612e-01
-4.1577701464576500e-01
-3.5224138501533081e-01
-3.0048694888012206e-01
-2.5537190943536275e-01
-2.1588344576290422e-01
-1.7860854511719287e-01
-1.5038605987522530e-01
-1.2901351154111373e-01
-1.1225251477224833e-01
-9.8843105611466420e-02
-9.0626666427296929e-02
-8.5799237537538778e-02
-8.3379989364918555e-02
-8.3215451291226358e-02
-8.4585294051426035e-02
-8.6875618819656122e-02
-8.9964537334229461e-02
-9.4061708590239823e-02
-9.7682016593880344e-02
-1.0144696840763451e-01
-1.0532684476664260e-01
-1.0912435098289333e-01
-1.1235904451362166e-01
-1.1534027993792664e-01
-1.1830754698811256e-01
-1.2078564322588066e-01
-1.2291733877642597e-01
-1.2478810243866026e-01
-1.2658429986091932e-01
-1.2794290899395172e-01
-1.2901565537628612e-01
-1.3009488585174855e-01
-1.3090499324779839e-01
-1.3147063106448453e-01
-1.3197883836391841e-01
-1.3238687475588309e-01
-1.3258849736325296e-01
-1.3271441773152523e-01
-1.3285321085156007e-01
-1.3282700562299937e-01
-1.3273821430897823e-01
-1.3266129941219382e-01
-1.3248733353401015e-01
-1.3225799579416411e-01
-1.3207967297277487e-01
-1.3181466412783674e-01
-1.3153257460121495e-01
-1.3126946434081568e-01
-1.3095069317627178e-01
-1.3064263700156431e-01
-1.3035040340139392e-01
-1.3003073000136178e-01
-1.2973376403925946e-01
-1.2938857424705716e-01
-1.2909615316682968e-01
-1.2879157726308255e-01
-1.2848092722859034e-01
-1.2820763775799021e-01
-1.2791148533926927e-01
-1.2761647643961516e-01
-1.2735703207367088e-01
-1.2706646522678458e-01
-1.2682080247660488e-01
-1.2659377798317942e-01
-1.2629597101592591e-01
-1.2609925735940719e-01
-1.2586876588515356e-01
-1.2558121619418133e-01
-1.2543824432812725e-01
-1.2543355810311294e-01
-1.2576202326676666e-01
-1.2625299868648734e-01
-1.2669079432463468e-01
-1.2735415635541247e-01
-1.2809288337973823e-01
-1.2885800291044985e-01
-1.2983762541146512e-01
-1.3084016638164292e-01
-1.3196954110095224e-01
-1.3325181892646490e-01
-1.3456247730359633e-01
-1.3604921871856335e-01
-1.3759659042057984e-01
-1.3925414773941430e-01
-1.4100705270531089e-01
-1.4283769062797314e-01
-1.4479403244276884e-01
-1.4676148502145922e-01
-1.4889460662021045e-01
-1.5102400995787491e-01
-1.5323456349988665e-01
-1.5556172138204619e-01
-1.5782036419721834e-01
-1.6025775088659588e-01
-1.6264007407402253e-01
-1.6510266548662139e-01
-1.6759794151640633e-01
-1.7008766122443342e-01
-1.7262170372728550e-01
-1.7515811348512475e-01
-1.7772998742859666e-01
-1.8026085430107125e-01
-1.8286811164067679e-01
-1.8539713285065826e-01
-1.8798666396502239e-01
-1.9053514554565895e-01
-1.9309357632032656e-01
-1.9564415584528377e-01
-1.9818604516411700e-01
-2.0071429500313873e-01
-2.0323774100251391e-01
-2.0574801077370666e-01
-2.0822501935438723e-01
-2.1074937056560994e-01
-2.1317824654405984e-01
-2.1569219131318962e-01
-2.1811163215944590e-01
-2.2058910534090403e-01
-2.2301154532803388e-01
-2.2546962232731815e-01
-2.2787367495398106e-01
-2.3034537356029092e-01
-2.3274450587511497e-01
-2.3522534893460317e-01
-2.3764726180568169e-01
-2.4014330811177126e-01
-2.4260076077799189e-01
-2.4513551033828546e-01
-2.4764122128868929e-01
-2.5025779912153195e-01
-2.5283874668372841e-01
-2.5554285193232612e-01
-2.5826926729716554e-01
-2.6108093072317295e-01
-2.6398971036383606e-01
-2.6696705483504107e-01
-2.7007909018318743e-01
-2.7330156326990207e-01
-2.7668489985398453e-01
-2.8021244553064895e-01
-2.8395810990401188e-01
-2.8787033913969207e-01
-2.9207516850049497e-01
-2.9650237679620373e-01
-3.0127943497517568e-01
-3.0638971696700845e-01
-3.1190177846559292e-01
-3.1791016506405206e-01
-3.2441211934037834e-01
-3.3159842407743567e-01
-3.3946485108195529e-01
-3.4823412501167261e-01
-3.5802347377093535e-01
-3.6902663321618118e-01
-3.8153933287601161e-01
-3.9584218706447555e-01
-4.1244335975816304e-01
-4.3184886600254752e-01
-4.5496579885678140e-01
-4.8290617302459893e-01
-5.1739616760599760e-01
-5.6113534780496233e-01
-6.1840714935740093e-01
-6.9697174265332451e-01
-8.1173801490470543e-01
-9.9652617715813951e-01
-1.3480215306929701e+00
-2.3009196242590662e+00
0.0000000000000000e+00
];
