%Vec Object:sol 1 MPI processes
%  type: mpi
sol = [
0.0000000000000000e+00
-1.7252509055472217e+01
-1.4953955392831014e+01
-1.2987421975553245e+01
-1.1277201227037644e+01
-9.7718043145274507e+00
-8.4313613408669674e+00
-7.2374553003268298e+00
-6.1712727136163688e+00
-5.2226115466565242e+00
-4.3817059911287277e+00
-3.6419705856983255e+00
-2.9965785422876459e+00
-2.4385093099539561e+00
-1.9619302585645151e+00
-1.5596005646596955e+00
-1.2245972648292454e+00
-9.4905421305128390e-01
-7.2591405174284063e-01
-5.4786381334022960e-01
-4.0793065581482463e-01
-2.9959285896967447e-01
-2.1705111590954806e-01
-1.5516639909951022e-01
-1.0945754658963350e-01
-7.6235315787251165e-02
-5.2498882104398757e-02
-3.5786480781276234e-02
-2.4170426200167430e-02
-1.6261925776678770e-02
-1.0964763355206316e-02
-7.4065425980871574e-03
-5.0980638300460110e-03
-3.6347740043464706e-03
-2.6621923744111079e-03
-2.0531424092572930e-03
-1.6925118704509625e-03
-1.4452393421322109e-03
-1.2807246853976093e-03
-1.1933547365529130e-03
-1.1286596588225600e-03
-1.0645705957751908e-03
-1.0346079620974597e-03
-1.0159462557724295e-03
-9.7137887489369185e-04
-9.5074503360624931e-04
-9.4716742842309090e-04
-9.0591298995071909e-04
-8.8566450143575781e-04
-8.8565445989356088e-04
-8.4945129266299473e-04
-8.2845527731788217e-04
-8.2639774643640334e-04
-7.9830629388188978e-04
-7.7672713513828430e-04
-7.7299191437573127e-04
-7.5141138412954610e-04
-7.2955415861414557e-04
-7.2454357594772866e-04
-7.0816583454041244e-04
-6.8630830791883914e-04
-6.8037767523535073e-04
-6.6811172916440733e-04
-6.4649497596977023e-04
-6.3995512328808937e-04
-6.3088712219180952e-04
-6.0971896157153559e-04
-6.0284067518710208e-04
-5.9619395182093182e-04
-5.7565341243607875e-04
-5.6867208679438244e-04
-5.6379284562087413e-04
-5.4403069508641977e-04
-5.3714764910883870e-04
-5.3348329500303270e-04
-5.1462468138860254e-04
-5.0801071199179130e-04
-5.0509317203786721e-04
-4.8723930558072374e-04
-4.8103722663054058e-04
-4.7846919986581073e-04
-4.6170083967853450e-04
-4.5602955670960820e-04
-4.5347411906165684e-04
-4.3785403399175212e-04
-4.3281146670154445e-04
-4.2998309803821014e-04
-4.1555915828530069e-04
-4.1122568282331415e-04
-4.0788331822567330e-04
-3.9469099097725631e-04
-3.9113228541119667e-04
-3.8707372770649520e-04
-3.7513935610598690e-04
-3.7240999184198249e-04
-3.6746738244496763e-04
-3.5680949452077088e-04
-3.5495455109326845e-04
-3.4899168096300131e-04
-3.3962452432683365e-04
-3.3868312780317781e-04
-3.3159627100743446e-04
-3.2353108818505415e-04
-3.2353743701357836e-04
-3.1524047793919050e-04
-3.0848490095139664e-04
-3.0946728862511183e-04
-2.9989272205931182e-04
-2.9444994777444553e-04
-2.9642981542773506e-04
-2.8552312935187528e-04
-2.8138928118932746e-04
-2.8190285504136497e-04
-2.7209832368844245e-04
-2.6926278202766895e-04
-2.6782260448205938e-04
-2.5957671197045359e-04
-2.5802429681874627e-04
-2.5463540904565029e-04
-2.4791588905625735e-04
-2.4762962997554604e-04
-2.4231230991952649e-04
-2.3708827647279270e-04
-2.3805185236526046e-04
-2.3082762185398816e-04
-2.2706949656687078e-04
-2.2831576915771225e-04
-2.2016095299734131e-04
-2.1783947755917238e-04
-2.1682960209819493e-04
-2.1029612869942084e-04
-2.0938149712816434e-04
-2.0616818994512490e-04
-2.0121465681988208e-04
-2.0167618413871399e-04
-1.9632140029764763e-04
-1.9290708611164196e-04
-1.9430387343333962e-04
-1.8727041696752671e-04
-1.8535545656929914e-04
-1.8439417243702437e-04
-1.7899979298672148e-04
-1.7854464222875077e-04
-1.7529636764393987e-04
-1.7149381539519962e-04
-1.7246004970149350e-04
-1.6699955252122471e-04
-1.6474497354743533e-04
-1.6476546441125331e-04
-1.5950260570113964e-04
-1.5877152278381720e-04
-1.5649321713820158e-04
-1.5293428489991241e-04
-1.5385320797559426e-04
-1.4969643232477315e-04
-1.4844785879643892e-04
-1.5019340619532658e-04
-1.4865605932572076e-04
-1.5411973342195986e-04
-1.6314950831179369e-04
-1.8077739944646887e-04
-2.1927192414184589e-04
-2.8190980586983045e-04
-3.9844617497785843e-04
-6.0258580434091537e-04
-9.4789743259894664e-04
-1.5345705651675370e-03
-2.5024506755300510e-03
-4.0808367492943098e-03
-6.6149209974503140e-03
-1.0605627796825064e-02
-1.6802692354859563e-02
-2.6258126845735232e-02
-4.0443679374483892e-02
-6.1366746579880456e-02
-9.1680813145645482e-02
-1.3483095361824493e-01
-1.9512883869862119e-01
-2.7780260205278656e-01
-3.8895199618900883e-01
-5.3535625386248265e-01
-7.2410683353513672e-01
-9.6202609564412522e-01
-1.2548677597027056e+00
-1.6057522923102352e+00
-2.0153263651217110e+00
-2.4790391429802496e+00
-2.9879659789083841e+00
-3.5267373661373189e+00
-4.0762165781333319e+00
-4.6130809467491911e+00
-5.1123576827210169e+00
-5.5511042577497234e+00
-5.9077139259890021e+00
-6.1671977336329258e+00
-6.3203207982033307e+00
-6.3640986052841253e+00
-6.3012067675134986e+00
-6.1399971427950062e+00
0.0000000000000000e+00
2.4055929233035767e-01
0.0000000000000000e+00
0.0000000000000000e+00
];
