%Vec Object:sol 1 MPI processes
%  type: mpi
sol = [
0.0000000000000000e+00
-1.0229676867631952e+01
-9.3993628725940876e+00
-8.6501316777562796e+00
-7.9690221397707770e+00
-7.3449858819887677e+00
-6.7693585740719939e+00
-6.2361247267382769e+00
-5.7408661556500657e+00
-5.2789795129801576e+00
-4.8474992098472445e+00
-4.4446390751439147e+00
-4.0678884972679183e+00
-3.7153609844141617e+00
-3.3847304389146706e+00
-3.0765030771564112e+00
-2.7890090357284962e+00
-2.5205918709515460e+00
-2.2719669766774415e+00
-2.0407061629905572e+00
-1.8273716832610183e+00
-1.6306233140086486e+00
-1.4498860993456377e+00
-1.2846415482150462e+00
-1.1338122400698420e+00
-9.9680478256042482e-01
-8.7296685995049750e-01
-7.6149115890077890e-01
-6.6157329481395744e-01
-5.7227673812168434e-01
-4.9298147563079198e-01
-4.2288429868497485e-01
-3.6123666559933931e-01
-3.0729174789035996e-01
-2.6028469456674302e-01
-2.1955845696521900e-01
-1.8446533496668510e-01
-1.5434950356802349e-01
-1.2865058083844014e-01
-1.0685637921406417e-01
-8.8448473891154289e-02
-7.2972039138831643e-02
-6.0058967210331451e-02
-4.9331130031396046e-02
-4.0434719682225506e-02
-3.3133147846464421e-02
-2.7172264542582737e-02
-2.2283872510875272e-02
-1.8337912138270931e-02
-1.5174211761896381e-02
-1.2601887983230716e-02
-1.0556497073523919e-02
-8.9456479094768525e-03
-7.6449343051956846e-03
-6.6202656860357822e-03
-5.8284902599637835e-03
-5.1898580451793398e-03
-4.6858169410081201e-03
-4.3043933207027093e-03
-3.9943655558688515e-03
-3.7431461112184695e-03
-3.5574452957181555e-03
-3.4036695258468871e-03
-3.2698818197572760e-03
-3.1734539562383534e-03
-3.0915114637542341e-03
-3.0104205550625911e-03
-2.9533216548879885e-03
-2.9038424064185804e-03
-2.8461252636455734e-03
-2.8061602961306038e-03
-2.7715328738546719e-03
-2.7245801268700022e-03
-2.6923947033205223e-03
-2.6649461438372716e-03
-2.6235941433110405e-03
-2.5954442831542294e-03
-2.5718190077329861e-03
-2.5340388594399322e-03
-2.5084966516599081e-03
-2.4871393454362649e-03
-2.4521517811990235e-03
-2.4286935655825721e-03
-2.4087841347813460e-03
-2.3762812006667051e-03
-2.3547158880359497e-03
-2.3357401948734657e-03
-2.3055825752403259e-03
-2.2858338508727157e-03
-2.2674175667746748e-03
-2.2395229772237111e-03
-2.2215506744806307e-03
-2.2033957108516565e-03
-2.1777008673557990e-03
-2.1614751049627802e-03
-2.1433340503485029e-03
-2.1197808101843432e-03
-2.1052725328916701e-03
-2.0869377848775723e-03
-2.0654704611411316e-03
-2.0526502710963698e-03
-2.0339514165903009e-03
-2.0145155486170994e-03
-2.0033530916554595e-03
-1.9841411295552481e-03
-1.9666828189808766e-03
-1.9571464584765678e-03
-1.9372961331930204e-03
-1.9217629962811069e-03
-1.9138210407139984e-03
-1.8932277043045313e-03
-1.8795688250336073e-03
-1.8707224237091676e-03
-1.8517717796938630e-03
-1.8399407401796957e-03
-1.8296728422837877e-03
-1.8127943310225060e-03
-1.8027577009695236e-03
-1.7910643954514936e-03
-1.7762303076193106e-03
-1.7679942701139971e-03
-1.7549456083718871e-03
-1.7422136917796937e-03
-1.7359060797771124e-03
-1.7217472568846854e-03
-1.7114256816042688e-03
-1.7065816733325859e-03
-1.6930122764192840e-03
-1.6861176500597192e-03
-1.6816974197344766e-03
-1.6733672485135659e-03
-1.6728248298871113e-03
-1.6729976787038044e-03
-1.6755633927939165e-03
-1.6891792006224376e-03
-1.7047201136113806e-03
-1.7326970779622448e-03
-1.7796903947968877e-03
-1.8374549491016209e-03
-1.9260240512553924e-03
-2.0498334444935674e-03
-2.2147237875903467e-03
-2.4445559264269813e-03
-2.7503692713131346e-03
-3.1583743043904385e-03
-3.7043748097042540e-03
-4.4158459979445584e-03
-5.3507675385152473e-03
-6.5686176282361312e-03
-8.1367609692731910e-03
-1.0156681781269774e-02
-1.2734592590152451e-02
-1.6006999159767134e-02
-2.0143084581721229e-02
-2.5329004912513053e-02
-3.1803348735490081e-02
-3.9837249554098966e-02
-4.9740221073514855e-02
-6.1884369221592544e-02
-7.6680483952842993e-02
-9.4598822504941005e-02
-1.1616790714166170e-01
-1.4196028863596100e-01
-1.7261237882297620e-01
-2.0879984573450372e-01
-2.5123456629310953e-01
-3.0065834731293889e-01
-3.5781684290857046e-01
-4.2344479068830276e-01
-4.9823852796451679e-01
-5.8283004638375580e-01
-6.7774511857407849e-01
-7.8327086310952232e-01
-8.9961489548231510e-01
-1.0268266345215580e+00
-1.1646820239510005e+00
-1.3124332325433625e+00
-1.4691777505278971e+00
-1.6340326362463022e+00
-1.8049609044717498e+00
-1.9806626577378368e+00
-2.1585515173484020e+00
-2.3368822188172218e+00
-2.5124254153465713e+00
-2.6831523415956995e+00
-2.8464969783898497e+00
-2.9998318964750008e+00
-3.1406852909376060e+00
-3.2670785205546617e+00
-3.3772794198627238e+00
-3.4697810765180357e+00
-3.5432831484679652e+00
-3.5971687205987877e+00
-3.6311970063451682e+00
-3.6453766304587463e+00
-3.6401363019943256e+00
-3.6156605594167028e+00
-3.5733636112924461e+00
-3.5144505958059442e+00
0.0000000000000000e+00
2.4055929233035767e-01
0.0000000000000000e+00
0.0000000000000000e+00
];
