%Vec Object:sol 1 MPI processes
%  type: mpi
sol = [
0.0000000000000000e+00
-8.9774675599572067e+00
-8.3328509919662732e+00
-7.7444574463399816e+00
-7.2048784690731500e+00
-6.7070942471802022e+00
-6.2452633640572977e+00
-5.8151360706001860e+00
-5.4119199168174807e+00
-5.0340032117092681e+00
-4.6790741942725607e+00
-4.3457988600234421e+00
-4.0320833293743474e+00
-3.7347236301924984e+00
-3.4547600768621947e+00
-3.1914000702906788e+00
-2.9419338656183829e+00
-2.7074217137338752e+00
-2.4866219829010494e+00
-2.2789891990450921e+00
-2.0839551170725037e+00
-1.9014923363040666e+00
-1.7305070204703743e+00
-1.5712579445331503e+00
-1.4227769421752419e+00
-1.2848989139041047e+00
-1.1573293087371255e+00
-1.0395258034975341e+00
-9.3086634645301503e-01
-8.3117987289144857e-01
-7.3999794332608659e-01
-6.5685570463785548e-01
-5.8128541759466301e-01
-5.1274617839598458e-01
-4.5085072259481801e-01
-3.9519453764794116e-01
-3.4533544261581894e-01
-3.0081044863706363e-01
-2.6120560378028923e-01
-2.2612632211347047e-01
-1.9515647049637116e-01
-1.6791282196858234e-01
-1.4406655544245792e-01
-1.2326667864114015e-01
-1.0516883451405407e-01
-8.9519651102263870e-02
-7.6041552701609977e-02
-6.4435454474436146e-02
-5.4523300663645247e-02
-4.6095934354244625e-02
-3.8912187653052661e-02
-3.2849923463833058e-02
-2.7761223336876431e-02
-2.3468439828112756e-02
-1.9883712566895084e-02
-1.6913568952587998e-02
-1.4432083397751795e-02
-1.2377122132467638e-02
-1.0696996178616443e-02
-9.3051878109751667e-03
-8.1572345114062101e-03
-7.2314986031391942e-03
-6.4698460017187896e-03
-5.8388857304252657e-03
-5.3373289878222516e-03
-4.9265149197804427e-03
-4.5793632641316024e-03
-4.3075494888136362e-03
-4.0852055678863826e-03
-3.8885667072055437e-03
-3.7369928990929899e-03
-3.6126910559983209e-03
-3.4936120042296718e-03
-3.4032161363181596e-03
-3.3285899971476269e-03
-3.2487897625837411e-03
-3.1890243296811270e-03
-3.1391484034674804e-03
-3.0793349438918431e-03
-3.0350258727607545e-03
-2.9974567751138558e-03
-2.9482699781751415e-03
-2.9121624165021017e-03
-2.8808251192946497e-03
-2.8378728402007288e-03
-2.8066142089112024e-03
-2.7785573964154166e-03
-2.7398280953519691e-03
-2.7119081175106742e-03
-2.6856623265469758e-03
-2.6502388015060240e-03
-2.6249813190645579e-03
-2.5997641785743806e-03
-2.5672137564048173e-03
-2.5443061965355236e-03
-2.5196530113581928e-03
-2.4897492924936776e-03
-2.4690310054935518e-03
-2.4446301597512376e-03
-2.4172341683464551e-03
-2.3986081131096501e-03
-2.3742337090582608e-03
-2.3492451829409430e-03
-2.3326432454456938e-03
-2.3081158085011323e-03
-2.2854576636574760e-03
-2.2708328116562782e-03
-2.2460208826799379e-03
-2.2256461513437101e-03
-2.2129870390552920e-03
-2.1878261306985834e-03
-2.1697507913515761e-03
-2.1566630519746287e-03
-2.1336883066355168e-03
-2.1180824654453406e-03
-2.1043534922298491e-03
-2.0844158175589351e-03
-2.0718245964658133e-03
-2.0582372117568890e-03
-2.0423713173976666e-03
-2.0342258971290405e-03
-2.0227502346860781e-03
-2.0135333214644966e-03
-2.0132838984981516e-03
-2.0085237526003465e-03
-2.0119517893654377e-03
-2.0265180015645919e-03
-2.0397092651753888e-03
-2.0690505864453955e-03
-2.1130521515898546e-03
-2.1687454732233027e-03
-2.2520847568836713e-03
-2.3613236686246121e-03
-2.5047166748339085e-03
-2.6990003155754013e-03
-2.9449697504215873e-03
-3.2651317077238857e-03
-3.6805522595661079e-03
-4.2004184336102111e-03
-4.8653651725770759e-03
-5.7042563212166206e-03
-6.7515666133168796e-03
-8.0642857445479225e-03
-9.6918185703813459e-03
-1.1703996153834292e-02
-1.4185843756598048e-02
-1.7220198630002778e-02
-2.0924870657554721e-02
-2.5426213572278488e-02
-3.0863056563142022e-02
-3.7411618417178008e-02
-4.5256317906113563e-02
-5.4611763519704599e-02
-6.5723228395927535e-02
-7.8849754916312353e-02
-9.4292207633667136e-02
-1.1237199547497026e-01
-1.3343208855210525e-01
-1.5785123166824908e-01
-1.8601996522754419e-01
-2.1834990778549174e-01
-2.5526630279277407e-01
-2.9719331688370543e-01
-3.4455644802719809e-01
-3.9776355071070202e-01
-4.5719596497548348e-01
-5.2319393848256845e-01
-5.9604586473175458e-01
-6.7588387380873982e-01
-7.6282373176370200e-01
-8.5693932283528973e-01
-9.5812405935193312e-01
-1.0661603644286655e+00
-1.1803748558958400e+00
-1.3004262190082601e+00
-1.4257216235994663e+00
-1.5549709165417698e+00
-1.6874920399765827e+00
-1.8219988677653784e+00
-1.9571180272303534e+00
-2.0915844457161445e+00
-2.2239837881648525e+00
-2.3525616966104481e+00
-2.4762987459503898e+00
-2.5935177502679778e+00
-2.7026821066417033e+00
-2.8028719793158925e+00
-2.8929172227222013e+00
-2.9718784326933836e+00
-3.0389056871307916e+00
-3.0934445426095634e+00
-3.1350864551543856e+00
-3.1636217952395631e+00
-3.1790935179479032e+00
-3.1816085399512204e+00
-3.1715311431081794e+00
-3.1493064145446197e+00
-3.1154972432999757e+00
-3.0708308227363563e+00
0.0000000000000000e+00
2.4055929233035767e-01
0.0000000000000000e+00
0.0000000000000000e+00
];
