%Vec Object:sol 1 MPI processes
%  type: mpi
sol = [
0.0000000000000000e+00
-2.1178849416158759e+01
-1.8144978563821610e+01
-1.5705061470507113e+01
-1.3739702441790641e+01
-1.2127129284337112e+01
-1.0764479637719337e+01
-9.5992883546259424e+00
-8.5861787468757882e+00
-7.6963031307336269e+00
-6.9025517260655329e+00
-6.1938535034227371e+00
-5.5555503896648899e+00
-4.9776599381641633e+00
-4.4531677165832360e+00
-3.9762942603677347e+00
-3.5422274281198614e+00
-3.1473898687619313e+00
-2.7886965902700185e+00
-2.4624114100825265e+00
-2.1671515158486283e+00
-1.9001491439146281e+00
-1.6598539474638920e+00
-1.4437489064833056e+00
-1.2506978213997575e+00
-1.0787664738989826e+00
-9.2615148066475017e-01
-7.9153135146221776e-01
-6.7334683307735044e-01
-5.7010057077365561e-01
-4.8035008647798083e-01
-4.0270723372202782e-01
-3.3598818994228274e-01
-2.7898530069571476e-01
-2.3052147667951550e-01
-1.8958638230456165e-01
-1.5522582865055237e-01
-1.2652000803760502e-01
-1.0269250835383216e-01
-8.3055098714969189e-02
-6.6945245930958699e-02
-5.3797037734263871e-02
-4.3161625843098246e-02
-3.4600160210286543e-02
-2.7716908561475077e-02
-2.2253455870414739e-02
-1.7943585514401422e-02
-1.4514829532297532e-02
-1.1844718768085065e-02
-9.7831914559893454e-03
-8.1508356677133884e-03
-6.9003955940376612e-03
-5.9556906293828727e-03
-5.2069383500026288e-03
-4.6364967383696705e-03
-4.2159057006353707e-03
-3.8774227985961507e-03
-3.6146761956356520e-03
-3.4264028664335419e-03
-3.2694077025878601e-03
-3.1387916974842012e-03
-3.0481808831716271e-03
-2.9686222110191021e-03
-2.8924225895082256e-03
-2.8411333567000493e-03
-2.7942351906719083e-03
-2.7401043576047602e-03
-2.7043784403654753e-03
-2.6717115284724960e-03
-2.6269678530643674e-03
-2.5977096728692873e-03
-2.5718629154305324e-03
-2.5318123259910666e-03
-2.5057524554000779e-03
-2.4836748752151833e-03
-2.4466681317188237e-03
-2.4227085383542392e-03
-2.4030062276610628e-03
-2.3684833446564811e-03
-2.3462832075863940e-03
-2.3281866933611015e-03
-2.2959527795762902e-03
-2.2754163748656651e-03
-2.2584062242586968e-03
-2.2283798102859563e-03
-2.2094826066443416e-03
-2.1931576451520362e-03
-2.1652888657343848e-03
-2.1480225783649357e-03
-2.1320527962723000e-03
-2.1062990694532104e-03
-2.0906561839818200e-03
-2.0747640860723214e-03
-2.0510837413349791e-03
-2.0370539952155303e-03
-2.0210046069511940e-03
-1.9993544238706097e-03
-1.9869233599299351e-03
-1.9705189431775804e-03
-1.9508555430656680e-03
-1.9400062434224443e-03
-1.9230853248215396e-03
-1.9053646427367797e-03
-1.8960774490768188e-03
-1.8784991715143893e-03
-1.8626767444922582e-03
-1.8549297158981584e-03
-1.8365763602659188e-03
-1.8226078475906719e-03
-1.8163774347755002e-03
-1.7971506904337518e-03
-1.7849912745552181e-03
-1.7777246648233837e-03
-1.7600739128785005e-03
-1.7496792941018783e-03
-1.7408483690909550e-03
-1.7252099288605491e-03
-1.7165368101831999e-03
-1.7061214153679489e-03
-1.6924381132895105e-03
-1.6854471678591017e-03
-1.6734499180258405e-03
-1.6616755120133749e-03
-1.6563421759241022e-03
-1.6427882092046474e-03
-1.6329105515417782e-03
-1.6282901378730477e-03
-1.6142535062736323e-03
-1.6063726238473937e-03
-1.6000831981378117e-03
-1.5884873684125270e-03
-1.5830570894432030e-03
-1.5758747027773111e-03
-1.5677391237511544e-03
-1.5662750845756306e-03
-1.5604986444924696e-03
-1.5589841225261722e-03
-1.5655922752299770e-03
-1.5681293702871585e-03
-1.5822209236785849e-03
-1.6061181058970614e-03
-1.6377492361349902e-03
-1.6913127545249982e-03
-1.7652011411357666e-03
-1.8701013720807420e-03
-2.0226201491243723e-03
-2.2261409216194242e-03
-2.5098537290059093e-03
-2.8980511692059934e-03
-3.4156760598304851e-03
-4.1145273095637563e-03
-5.0416916413394850e-03
-6.2646565162372252e-03
-7.8734179160061951e-03
-9.9629685341878823e-03
-1.2670073447059190e-02
-1.6151987829388991e-02
-2.0592621983500623e-02
-2.6229632484739005e-02
-3.3329496197519383e-02
-4.2213029040619958e-02
-5.3257458173215158e-02
-6.6883746131307001e-02
-8.3587764584506508e-02
-1.0391714929790796e-01
-1.2847732466890394e-01
-1.5793827139885916e-01
-1.9300972600682956e-01
-2.3443403229783080e-01
-2.8297925228795606e-01
-3.3942145352045322e-01
-4.0450824320246109e-01
-4.7892911030278396e-01
-5.6328075323979288e-01
-6.5802656565874362e-01
-7.6346514372831564e-01
-8.7955750533246835e-01
-1.0060920630662264e+00
-1.1426727637749421e+00
-1.2884796132103333e+00
-1.4419869938762169e+00
-1.6020805818664705e+00
-1.7665556684056491e+00
-1.9335109508391009e+00
-2.1002129797325457e+00
-2.2644860088622862e+00
-2.4231826420851106e+00
-2.5738231943548224e+00
-2.7139332816337727e+00
-2.8409929517281496e+00
-2.9528365074808671e+00
-3.0476036586490118e+00
-3.1238384552431295e+00
-3.1805773835014444e+00
-3.2171854563922446e+00
-3.2335538973607978e+00
-3.2299168818156461e+00
-3.2068759102797046e+00
-3.1654145739556490e+00
0.0000000000000000e+00
1.3464638167935297e-01
0.0000000000000000e+00
0.0000000000000000e+00
];
