%Vec Object:sol 1 MPI processes
%  type: mpi
sol = [
0.0000000000000000e+00
-1.4880051693689616e+01
-1.3321742929746314e+01
-1.1996834406908642e+01
-1.0870590835873889e+01
-9.9019595868767727e+00
-9.0585322110169795e+00
-8.3145607021083556e+00
-7.6547054784536472e+00
-7.0648362447703157e+00
-6.5331358167569036e+00
-6.0512396523178369e+00
-5.6112101282620808e+00
-5.2072987517954168e+00
-4.8347839525061831e+00
-4.4895958043982471e+00
-4.1691420598652762e+00
-3.8711041333550478e+00
-3.5936559080040138e+00
-3.3338800238960573e+00
-3.0904578713745976e+00
-2.8632029022983989e+00
-2.6498063095121336e+00
-2.4497478216414508e+00
-2.2624183804860185e+00
-2.0865900096365988e+00
-1.9219908279040374e+00
-1.7677609025913275e+00
-1.6234935286592949e+00
-1.4888527681888850e+00
-1.3627803464875472e+00
-1.2454778104280466e+00
-1.1363675618794074e+00
-1.0346881258540013e+00
-9.4042453802291903e-01
-8.5316682621953777e-01
-7.7252605808824437e-01
-6.9804076206744403e-01
-6.2942686925274383e-01
-5.6641315812169135e-01
-5.0866111476010911e-01
-4.5584551548226449e-01
-4.0766314880773014e-01
-3.6380681943596799e-01
-3.2397009740578020e-01
-2.8785549151076673e-01
-2.5524057935847227e-01
-2.2583072177780783e-01
-1.9941085992029234e-01
-1.7574273774319893e-01
-1.5455777831540368e-01
-1.3567825429926572e-01
-1.1890452309123731e-01
-1.0400842457503749e-01
-9.0837728200531348e-02
-7.9235305146045432e-02
-6.9014161442479405e-02
-6.0046181594067938e-02
-5.2214439964513505e-02
-4.5370838962894636e-02
-3.9409526801862840e-02
-3.4249291760848947e-02
-2.9776561520383788e-02
-2.5905149789077202e-02
-2.2583832214607833e-02
-1.9728025411519044e-02
-1.7268148810990629e-02
-1.5176833107199861e-02
-1.3392614844408663e-02
-1.1859424921378876e-02
-1.0567860483713816e-02
-9.4740429937177611e-03
-8.5325657583891750e-03
-7.7468117031248493e-03
-7.0856616249054391e-03
-6.5120077480754473e-03
-6.0377398065590863e-03
-5.6405410503781919e-03
-5.2898208403344476e-03
-5.0026216946358884e-03
-4.7623418898777815e-03
-4.5436921518228843e-03
-4.3663514285280525e-03
-4.2171191746184205e-03
-4.0752736631903550e-03
-3.9613107190987398e-03
-3.8637514287204414e-03
-3.7660777381387628e-03
-3.6883258289231633e-03
-3.6195479259905718e-03
-3.5473241543092391e-03
-3.4903564693059093e-03
-3.4373972749857078e-03
-3.3801824032603889e-03
-3.3354912673245916e-03
-3.2912003028032787e-03
-3.2433488750221182e-03
-3.2064051028488838e-03
-3.1669730082899607e-03
-3.1255820914832320e-03
-3.0941384243305210e-03
-3.0577068668229696e-03
-3.0214955131682973e-03
-2.9947014940506092e-03
-2.9606704265443566e-03
-2.9294895233897087e-03
-2.9075720019827479e-03
-2.8764424933686830e-03
-2.8512703980419617e-03
-2.8356841558604693e-03
-2.8093648510804669e-03
-2.7927874961049424e-03
-2.7843610257643125e-03
-2.7695658309184619e-03
-2.7668890086391326e-03
-2.7717486948760817e-03
-2.7771391995770551e-03
-2.7984396164918374e-03
-2.8289624299566302e-03
-2.8696065538947315e-03
-2.9332276137861023e-03
-3.0116813308274978e-03
-3.1144002876487505e-03
-3.2526243035847810e-03
-3.4177551527978141e-03
-3.6287705145469978e-03
-3.8956702698845383e-03
-4.2137915100932902e-03
-4.6102754727931896e-03
-5.0942185295735215e-03
-5.6746589343752065e-03
-6.3813942096638378e-03
-7.2278923253668512e-03
-8.2394449510207537e-03
-9.4516474654489941e-03
-1.0885760512044367e-02
-1.2586561475860658e-02
-1.4598904437333448e-02
-1.6957189279702151e-02
-1.9728189493137656e-02
-2.2967652043725063e-02
-2.6737070158950452e-02
-3.1119498286456486e-02
-3.6189372834064891e-02
-4.2038594211839295e-02
-4.8770219043488869e-02
-5.6480831741967483e-02
-6.5294271648244334e-02
-7.5333403699858331e-02
-8.6723866544681838e-02
-9.9613439500584655e-02
-1.1414426116179749e-01
-1.3046942041889903e-01
-1.4875088651369811e-01
-1.6913819928569182e-01
-1.9179508754677591e-01
-2.1688858320730428e-01
-2.4457375177132107e-01
-2.7500664415064563e-01
-3.0832850660642463e-01
-3.4466971594721363e-01
-3.8414501684069352e-01
-4.2684835397818793e-01
-4.7284915584136356e-01
-5.2218954765094328e-01
-5.7485803963993298e-01
-6.3076039210959189e-01
-6.8989780326415684e-01
-7.5215826719469348e-01
-8.1738635328554143e-01
-8.8536069987571719e-01
-9.5566211162774828e-01
-1.0281629297334924e+00
-1.1025285476400986e+00
-1.1781673440636640e+00
-1.2547290018417958e+00
-1.3318641384648937e+00
-1.4087400333652884e+00
-1.4851211179579082e+00
-1.5602984217342835e+00
-1.6337228946420501e+00
-1.7048942865662164e+00
-1.7731634482272454e+00
-1.8380689756167314e+00
-1.8991555107547933e+00
-1.9557396053797242e+00
-2.0077161131243906e+00
-2.0543967802174325e+00
-2.0955892068467352e+00
-2.1311253725899362e+00
-2.1606631999829893e+00
-2.1839748580164460e+00
-2.2011515116846283e+00
-2.2121788493085748e+00
-2.2169523384871144e+00
-2.2155025805694430e+00
-2.2081177875425944e+00
-2.1949587262653627e+00
-2.1762743818139572e+00
0.0000000000000000e+00
1.3464638167935297e-01
0.0000000000000000e+00
0.0000000000000000e+00
];
