%Vec Object:sol 1 MPI processes
%  type: mpi
sol = [
0.0000000000000000e+00
-8.2557496893119779e+00
-7.7085625228024748e+00
-7.2060669871272243e+00
-6.7414179301700212e+00
-6.3093696928740872e+00
-5.9073269320345094e+00
-5.5319796615414569e+00
-5.1808319468341173e+00
-4.8508233767126390e+00
-4.5384797447941398e+00
-4.2433430253392590e+00
-3.9648641416545840e+00
-3.7016855949813592e+00
-3.4508344374665478e+00
-3.2141062879281574e+00
-2.9896546873817491e+00
-2.7764283562186782e+00
-2.5753381091583623e+00
-2.3840812781652430e+00
-2.2038841273338661e+00
-2.0332369340872996e+00
-1.8725791658467088e+00
-1.7211951408806596e+00
-1.5787067386748543e+00
-1.4452575673803660e+00
-1.3200829592622161e+00
-1.2029758897076959e+00
-1.0939091098923888e+00
-9.9248407765870106e-01
-8.9816191633148412e-01
-8.1081868916653665e-01
-7.3019739008470896e-01
-6.5596977411279656e-01
-5.8780324069505352e-01
-5.2537526652551081e-01
-4.6830278459077018e-01
-4.1630555802029340e-01
-3.6910973158940225e-01
-3.2641143436224357e-01
-2.8788576502726465e-01
-2.5322697887008183e-01
-2.2216637018566240e-01
-1.9441105645621884e-01
-1.6966606844560719e-01
-1.4770802219306803e-01
-1.2828659044767102e-01
-1.1112502301610251e-01
-9.6050273328093669e-02
-8.2856395065208921e-02
-7.1302396769885201e-02
-6.1254617466462047e-02
-5.2552311888954172e-02
-4.5003428861524773e-02
-3.8499829171393780e-02
-3.2926832644316263e-02
-2.8137364374227751e-02
-2.4046032058198677e-02
-2.0577837196434971e-02
-1.7624103680746652e-02
-1.5118266895262546e-02
-1.3017295602064445e-02
-1.1243338699266791e-02
-9.7443651513836830e-03
-8.5015838986673038e-03
-7.4605816425421237e-03
-6.5798997663547715e-03
-5.8580784731441958e-03
-5.2576559759734114e-03
-4.7445591416782548e-03
-4.3289620819302503e-03
-3.9850991860581973e-03
-3.6839802424340692e-03
-3.4430240132554660e-03
-3.2441490093591758e-03
-3.0619901187833956e-03
-2.9179969559004508e-03
-2.7988465587595584e-03
-2.6820330360541301e-03
-2.5907771630165380e-03
-2.5144521991330234e-03
-2.4331492979450006e-03
-2.3703170316115908e-03
-2.3166013532157901e-03
-2.2547547275055847e-03
-2.2074187571282616e-03
-2.1655368950891465e-03
-2.1147724781713515e-03
-2.0762700129827705e-03
-2.0405977907363114e-03
-1.9966637497004090e-03
-1.9636523268805415e-03
-1.9312837344158610e-03
-1.8920636800289329e-03
-1.8629005322565117e-03
-1.8323239595209198e-03
-1.7967720565364722e-03
-1.7706582579886669e-03
-1.7410682164077920e-03
-1.7086682040277383e-03
-1.6852234015130147e-03
-1.6561877723608948e-03
-1.6266992194720717e-03
-1.6057732348638027e-03
-1.5770846354468122e-03
-1.5504575287486227e-03
-1.5320889161383553e-03
-1.5037676793923944e-03
-1.4801861299557175e-03
-1.4646912021220137e-03
-1.4371206242264072e-03
-1.4172001087772411e-03
-1.4029716916087024e-03
-1.3797232348080461e-03
-1.3649723294686153e-03
-1.3535202681442566e-03
-1.3376519437405504e-03
-1.3314256396336377e-03
-1.3270936929943064e-03
-1.3241313590638384e-03
-1.3334979079643791e-03
-1.3452991796451040e-03
-1.3665771651844613e-03
-1.4058231637699196e-03
-1.4517088380622261e-03
-1.5195799685583170e-03
-1.6155704194911410e-03
-1.7309831905358206e-03
-1.8879316857326439e-03
-2.0903681069683439e-03
-2.3417626446005321e-03
-2.6656365792611767e-03
-3.0690987058654600e-03
-3.5706737584273920e-03
-4.1989341334745670e-03
-4.9682965838217241e-03
-5.9166852712329732e-03
-7.0825887429294592e-03
-8.4948423406890749e-03
-1.0215661878970900e-02
-1.2297835043501886e-02
-1.4801931503011016e-02
-1.7812808761047381e-02
-2.1409887577194205e-02
-2.5694245335152441e-02
-3.0783070432902210e-02
-3.6792470595041052e-02
-4.3873049135611637e-02
-5.2180097319580128e-02
-6.1881866039945291e-02
-7.3179433020060997e-02
-8.6277300750184138e-02
-1.0140251541122977e-01
-1.1880325012984470e-01
-1.3873235332440992e-01
-1.6146891166793725e-01
-1.8729829268698064e-01
-2.1651116201495102e-01
-2.4941124110594451e-01
-2.8629582758682287e-01
-3.2745891563196400e-01
-3.7318344643020362e-01
-4.2373188497177322e-01
-4.7933971235250650e-01
-5.4020731393340937e-01
-6.0647185811938509e-01
-6.7812797645460232e-01
-7.5529775740106597e-01
-8.3793674468293722e-01
-9.2592220696841587e-01
-1.0190236641722970e+00
-1.1166616897691717e+00
-1.2186857273681397e+00
-1.3246091142289571e+00
-1.4334251941266132e+00
-1.5447365388520808e+00
-1.6576904202600684e+00
-1.7710958263145633e+00
-1.8844747690421555e+00
-1.9962363275166879e+00
-2.1059040229685633e+00
-2.2121058499628710e+00
-2.3138587050431911e+00
-2.4104677835521726e+00
-2.5006258784986342e+00
-2.5835842357761525e+00
-2.6587509554264428e+00
-2.7254185805311697e+00
-2.7830409507028158e+00
-2.8311243796176084e+00
-2.8692943408738874e+00
-2.8975133150351318e+00
-2.9157068877137311e+00
-2.9239635550642276e+00
-2.9223841758588343e+00
-2.9112617452459384e+00
-2.8909241646717918e+00
-2.8617772004463444e+00
-2.8243494602599375e+00
0.0000000000000000e+00
2.4055929233035767e-01
0.0000000000000000e+00
0.0000000000000000e+00
];
