%Vec Object:sol 1 MPI processes
%  type: mpi
sol = [
0.0000000000000000e+00
-7.6905299073898572e+00
-7.2144938154077574e+00
-6.7719621867641786e+00
-6.3614407251035212e+00
-5.9806709134562777e+00
-5.6255590404877784e+00
-5.2932889818450279e+00
-4.9800037367531296e+00
-4.6833965706610323e+00
-4.4038754699808536e+00
-4.1403751530834150e+00
-3.8886831170104261e+00
-3.6501692069320075e+00
-3.4245401985319561e+00
-3.2084776037891203e+00
-3.0038726519005907e+00
-2.8088296078345496e+00
-2.6235476090049361e+00
-2.4473181906106483e+00
-2.2797101315877955e+00
-2.1206351971830406e+00
-1.9698902998409369e+00
-1.8265856819129751e+00
-1.6913927747811814e+00
-1.5632805724124186e+00
-1.4423425739983429e+00
-1.3285680525489805e+00
-1.2213900657526824e+00
-1.1206218211413863e+00
-1.0262577865559572e+00
-9.3806421445871513e-01
-8.5563912476605286e-01
-7.7874148133508492e-01
-7.0730664443054392e-01
-6.4107796958191543e-01
-5.7981309683246551e-01
-5.2326305401048201e-01
-4.7119156139915208e-01
-4.2329453293734565e-01
-3.7940667172690151e-01
-3.3930163511007821e-01
-3.0276366343781475e-01
-2.6955619023860627e-01
-2.3943681941440428e-01
-2.1221897189534572e-01
-1.8769019500191858e-01
-1.6561014049973322e-01
-1.4582576264039512e-01
-1.2815154426734016e-01
-1.1236566703969392e-01
-9.8340891877608527e-02
-8.5922204333632471e-02
-7.4921933066773527e-02
-6.5228529438908195e-02
-5.6722190967253810e-02
-4.9250092164942465e-02
-4.2716837390590734e-02
-3.7035862029324094e-02
-3.2087037722083635e-02
-2.7790475722850354e-02
-2.4088876175144387e-02
-2.0890814645172489e-02
-1.8130282586357398e-02
-1.5774232829196114e-02
-1.3755032977351240e-02
-1.2018398517415390e-02
-1.0550266364602000e-02
-9.3017184213174380e-03
-8.2279718514162246e-03
-7.3289834282081173e-03
-6.5698608333033832e-03
-5.9133074643223206e-03
-5.3690086829069556e-03
-4.9120857706660189e-03
-4.5111176360054768e-03
-4.1820301418302366e-03
-3.9067200604139957e-03
-3.6584990839115170e-03
-3.4568381383288738e-03
-3.2879153050673474e-03
-3.1290711134398246e-03
-3.0013222902191086e-03
-2.8932760312837492e-03
-2.7859556170072870e-03
-2.7004900215612201e-03
-2.6265773657153293e-03
-2.5488390480862644e-03
-2.4875143401453521e-03
-2.4324426664989558e-03
-2.3719293329980506e-03
-2.3246367753231171e-03
-2.2798779022457001e-03
-2.2298246836373824e-03
-2.1910968799198258e-03
-2.1520109808538992e-03
-2.1088315720644707e-03
-2.0758242303466627e-03
-2.0399792646011764e-03
-2.0018872024163471e-03
-1.9732557762073650e-03
-1.9395232195043321e-03
-1.9058218111086792e-03
-1.8811822213679686e-03
-1.8493354709721264e-03
-1.8201720524487087e-03
-1.7999882740206286e-03
-1.7707232916237040e-03
-1.7472407093502929e-03
-1.7331157322063465e-03
-1.7084891019711809e-03
-1.6934356648332968e-03
-1.6864463689418073e-03
-1.6733697239822755e-03
-1.6723850596730657e-03
-1.6791173821568989e-03
-1.6868510512651742e-03
-1.7108314893469112e-03
-1.7447565990075782e-03
-1.7898214644853339e-03
-1.8590199260152191e-03
-1.9448931555994390e-03
-2.0573301979208737e-03
-2.2081603244203706e-03
-2.3899897277463466e-03
-2.6226799462025522e-03
-2.9176031465679621e-03
-3.2721322296939176e-03
-3.7152201273653014e-03
-4.2586620216991042e-03
-4.9148014875037118e-03
-5.7170223306498421e-03
-6.6835530778302623e-03
-7.8451600856624323e-03
-9.2438107444832093e-03
-1.0908730615888741e-02
-1.2893604721756026e-02
-1.5253847249205957e-02
-1.8036538971369961e-02
-2.1322452184177849e-02
-2.5183927295036802e-02
-2.9701479108200004e-02
-3.4979403670400366e-02
-4.1116703308330990e-02
-4.8232514508625111e-02
-5.6457586998719944e-02
-6.5924714421524935e-02
-7.6794523580064070e-02
-8.9230615695590668e-02
-1.0340318592531175e-01
-1.1950700877786380e-01
-1.3773528876236843e-01
-1.5829454721351577e-01
-1.8140212057040697e-01
-2.0727167034498606e-01
-2.3612863784717600e-01
-2.6819363841378913e-01
-3.0368098615062572e-01
-3.4280139645008983e-01
-3.8574929920763096e-01
-4.3270150760896647e-01
-4.8381105737597396e-01
-5.3920448243603536e-01
-5.9888904188797920e-01
-6.6293709276885826e-01
-7.3137420229468897e-01
-8.0414041605055830e-01
-8.8113317794252111e-01
-9.6209375761080129e-01
-1.0466486781798057e+00
-1.1346753603092499e+00
-1.2257940133854588e+00
-1.3192553495210610e+00
-1.4147368996496399e+00
-1.5117893627351966e+00
-1.6092422067482057e+00
-1.7069982994621313e+00
-1.8038574065462423e+00
-1.8994574958675370e+00
-1.9926288302187793e+00
-2.0831444300991926e+00
-2.1695511541188965e+00
-2.2517558945245781e+00
-2.3289297624418781e+00
-2.4001259751626667e+00
-2.4651978553787406e+00
-2.5235958360936732e+00
-2.5747679216038466e+00
-2.6183098110528951e+00
-2.6541554745064033e+00
-2.6821506144120111e+00
-2.7021841450399404e+00
-2.7142310160537941e+00
-2.7184018190569406e+00
-2.7147902017079137e+00
-2.7036424996485549e+00
-2.6852157045164686e+00
-2.6598199041027257e+00
-2.6278629515466685e+00
0.0000000000000000e+00
2.4055929233035767e-01
0.0000000000000000e+00
0.0000000000000000e+00
];
