%Vec Object:sol 1 MPI processes
%  type: mpi
sol = [
0.0000000000000000e+00
-1.1950322349830456e+01
-1.0939273941970374e+01
-1.0042022473383955e+01
-9.2522699742620844e+00
-8.5555814302288731e+00
-7.9372829663528277e+00
-7.3853606322864236e+00
-6.8900780014825349e+00
-6.4420885907996874e+00
-6.0345524383301061e+00
-5.6624779946285662e+00
-5.3175541147215322e+00
-4.9995658883733469e+00
-4.7055329819918343e+00
-4.4325999259462803e+00
-4.1767241585382786e+00
-3.9367161682762877e+00
-3.7124260892681771e+00
-3.5013200476078037e+00
-3.3013569606297657e+00
-3.1135925707564192e+00
-2.9355386840745967e+00
-2.7669198600849452e+00
-2.6075306756187633e+00
-2.4558558219886848e+00
-2.3123843531042132e+00
-2.1756027250146404e+00
-2.0461935705792111e+00
-1.9228941374338713e+00
-1.8058626545735856e+00
-1.6948662547297866e+00
-1.5891513263391102e+00
-1.4890177998690111e+00
-1.3938735866353942e+00
-1.3035547809642549e+00
-1.2180578666553443e+00
-1.1370365914352005e+00
-1.0601976354839158e+00
-9.8759105010804582e-01
-9.1903812131064144e-01
-8.5428089465679713e-01
-7.9309036019825663e-01
-7.3547718708780363e-01
-6.8128793005684096e-01
-6.3036362748546160e-01
-5.8256171625559205e-01
-5.3765387307950940e-01
-4.9559065004064656e-01
-4.5626647244958235e-01
-4.1953628322724590e-01
-3.8528697530375239e-01
-3.5339823755626026e-01
-3.2373171895285724e-01
-2.9618503785504136e-01
-2.7065134574743632e-01
-2.4700116688429985e-01
-2.2511618975686812e-01
-2.0492435380427160e-01
-1.8631300706831122e-01
-1.6918847807497617e-01
-1.5347162106514256e-01
-1.3905540803678706e-01
-1.2585076677466597e-01
-1.1379345816252774e-01
-1.0278978452327397e-01
-9.2756021218414600e-02
-8.3642168601552075e-02
-7.5367732668655152e-02
-6.7855481738670925e-02
-6.1068541575791641e-02
-5.4938973633420075e-02
-4.9396985336824024e-02
-4.4417383335731725e-02
-3.9943690208082694e-02
-3.5914154188794435e-02
-3.2313592741298428e-02
-2.9095586151817288e-02
-2.6206672660285032e-02
-2.3639901233495013e-02
-2.1357336395031356e-02
-1.9313763562597838e-02
-1.7508684285739731e-02
-1.5911030161833171e-02
-1.4483589307776917e-02
-1.3230630203404063e-02
-1.2126394947532922e-02
-1.1141322010783975e-02
-1.0282924620802193e-02
-9.5293372773566573e-03
-8.8582704408418159e-03
-8.2791697563094138e-03
-7.7728343329255692e-03
-7.3239053792567626e-03
-6.9426841899038619e-03
-6.6116262196796770e-03
-6.3220434292808898e-03
-6.0842620663395224e-03
-5.8816207883730784e-03
-5.7119499022470167e-03
-5.5850155497081779e-03
-5.4845075398775736e-03
-5.4147399188485493e-03
-5.3845784800270460e-03
-5.3777598094034177e-03
-5.4051997916050630e-03
-5.4747494702455032e-03
-5.5701201531828089e-03
-5.7090925837021697e-03
-5.8986159383185646e-03
-6.1225338080768766e-03
-6.4059028773147102e-03
-6.7526080859766089e-03
-7.1545093701653965e-03
-7.6369926883683662e-03
-8.2034546134984662e-03
-8.8558125430569529e-03
-9.6190314813962546e-03
-1.0497294163782388e-02
-1.1503264686522191e-02
-1.2662389429136368e-02
-1.3980600947935918e-02
-1.5482069053115256e-02
-1.7193754053779965e-02
-1.9124426367160826e-02
-2.1310512624352799e-02
-2.3780646177910082e-02
-2.6550327667959499e-02
-2.9666067925786688e-02
-3.3157769074305121e-02
-3.7055719653986942e-02
-4.1409715218389286e-02
-4.6254333558399842e-02
-5.1634545873430027e-02
-5.7603877539912356e-02
-6.4201971536162888e-02
-7.1487608569842973e-02
-7.9517457349607190e-02
-8.8336965470989667e-02
-9.8015568077834500e-02
-1.0860987481669189e-01
-1.2017705198414452e-01
-1.3278623685750560e-01
-1.4649088725145962e-01
-1.6135076418825989e-01
-1.7743665414230800e-01
-1.9480251414833100e-01
-2.1351209902501880e-01
-2.3362052649036708e-01
-2.5517670873608289e-01
-2.7823239156936036e-01
-3.0282822891445527e-01
-3.2900049168748424e-01
-3.5677955051290089e-01
-3.8618569860550611e-01
-4.1723152671682556e-01
-4.4991921955883651e-01
-4.8418122408726727e-01
-5.2003802624316720e-01
-5.5746351141762618e-01
-5.9641104197439887e-01
-6.3681863446350007e-01
-6.7861995562324429e-01
-7.2164386349380527e-01
-7.6579563089345504e-01
-8.1101915468399532e-01
-8.5717920598757791e-01
-9.0411704314735297e-01
-9.5150908375897458e-01
-9.9935876152892356e-01
-1.0475092989990857e+00
-1.0955930783173800e+00
-1.1434738306675833e+00
-1.1910667833538531e+00
-1.2379498201587484e+00
-1.2840210347931511e+00
-1.3291869617545509e+00
-1.3728674430526746e+00
-1.4152682394456386e+00
-1.4558963330908941e+00
-1.4947281662318466e+00
-1.5315013679709626e+00
-1.5660442723495704e+00
-1.5982443002760265e+00
-1.6279091867848070e+00
-1.6549297745240625e+00
-1.6792539534147617e+00
-1.7006338822058240e+00
-1.7192863213824976e+00
-1.7347332298419869e+00
-1.7473464862314936e+00
-1.7568706598331272e+00
-1.7633458729662455e+00
-1.7669620781193718e+00
-1.7673900592166358e+00
-1.7650091791600471e+00
-1.7598036887284121e+00
-1.7516787555653983e+00
-1.7409788960262027e+00
0.0000000000000000e+00
1.3464638167935297e-01
0.0000000000000000e+00
0.0000000000000000e+00
];
