%Vec Object:sol 1 MPI processes
%  type: mpi
sol = [
0.0000000000000000e+00
-1.7554582182771586e+01
-1.5413396245412631e+01
-1.3664782989560248e+01
-1.2185559408725883e+01
-1.0950151448760799e+01
-9.8897077846818213e+00
-8.9660649224245432e+00
-8.1580325889768748e+00
-7.4409092169249780e+00
-6.7979338352085223e+00
-6.2167267154079227e+00
-5.6893944862204551e+00
-5.2081062132065741e+00
-4.7672547963528187e+00
-4.3620635871564923e+00
-3.9877565656938101e+00
-3.6417621299970642e+00
-3.3221086692385096e+00
-3.0263644141306845e+00
-2.7520426052812108e+00
-2.4982927591935185e+00
-2.2637687610452137e+00
-2.0464826253941908e+00
-1.8463500366305396e+00
-1.6616206282878030e+00
-1.4917792260600367e+00
-1.3359758317697272e+00
-1.1930785857063892e+00
-1.0626389916995169e+00
-9.4385595341662853e-01
-8.3584930010584746e-01
-7.3797619869768705e-01
-6.4963628986268074e-01
-5.7014424161084032e-01
-4.9884806711057156e-01
-4.3512336575332383e-01
-3.7832289896286087e-01
-3.2787732041628798e-01
-2.8328640869170857e-01
-2.4400068331339378e-01
-2.0951206101089040e-01
-1.7937384005756729e-01
-1.5313009895099547e-01
-1.3034057013111361e-01
-1.1066207339501145e-01
-9.3737027143047699e-02
-7.9194011526559388e-02
-6.6789110163654200e-02
-5.6254572446198831e-02
-4.7296378465314481e-02
-3.9746205268425171e-02
-3.3415086465319307e-02
-2.8088480815696225e-02
-2.3647396019351740e-02
-1.9971044036708990e-02
-1.6908927194096531e-02
-1.4378754752409590e-02
-1.2311633444528191e-02
-1.0605407323234110e-02
-9.2030577435400947e-03
-8.0727471094526933e-03
-7.1468053853509508e-03
-6.3842712836239728e-03
-5.7782342954692516e-03
-5.2844384002096387e-03
-4.8713316749970960e-03
-4.5477968193806647e-03
-4.2847844789054594e-03
-4.0558875534373179e-03
-3.8793267260750475e-03
-3.7355348732862840e-03
-3.6008508717212981e-03
-3.4985076920738840e-03
-3.4146000770709744e-03
-3.3271325875090384e-03
-3.2615564635004204e-03
-3.2071487598684043e-03
-3.1433339361891140e-03
-3.0960146779656877e-03
-3.0560556777376353e-03
-3.0045240728195578e-03
-2.9666592529324375e-03
-2.9338753126045215e-03
-2.8893267796379616e-03
-2.8568740387035878e-03
-2.8277820195324560e-03
-2.7878096012318148e-03
-2.7589622768459427e-03
-2.7318632068076545e-03
-2.6953832227151623e-03
-2.6693420242166551e-03
-2.6433558947681099e-03
-2.6098668032676648e-03
-2.5862687671529272e-03
-2.5608884736690353e-03
-2.5301350707622378e-03
-2.5087985464284125e-03
-2.4836927369045231e-03
-2.4555231244151364e-03
-2.4363414479999807e-03
-2.4112733265215158e-03
-2.3855793582319104e-03
-2.3684777680341891e-03
-2.3432590995577339e-03
-2.3199562077598880e-03
-2.3048798346719805e-03
-2.2793679162437042e-03
-2.2583964156600951e-03
-2.2453182216035277e-03
-2.2194266310172671e-03
-2.2007741658956752e-03
-2.1872036119659258e-03
-2.1634754837153388e-03
-2.1472435446349605e-03
-2.1328648861692221e-03
-2.1120371203680950e-03
-2.0986023786585461e-03
-2.0839736992630891e-03
-2.0667780194326942e-03
-2.0571680522256234e-03
-2.0437247737497611e-03
-2.0320274721146625e-03
-2.0287554450672154e-03
-2.0198721095848154e-03
-2.0180586426709573e-03
-2.0259250247146921e-03
-2.0301413715667856e-03
-2.0479676635114280e-03
-2.0770189337388167e-03
-2.1131660500535668e-03
-2.1713529114216687e-03
-2.2480530055205739e-03
-2.3495352367053643e-03
-2.4902089132570848e-03
-2.6675140344940085e-03
-2.9003195998578996e-03
-3.2050660254395904e-03
-3.5848877941456773e-03
-4.0737627842822813e-03
-4.6920056821275515e-03
-5.4637876037591402e-03
-6.4341521881792927e-03
-7.6377932378139668e-03
-9.1274183096463121e-03
-1.0967957845071954e-02
-1.3218265397021227e-02
-1.5969643235716837e-02
-1.9316014994970626e-02
-2.3359417164622344e-02
-2.8234760440806313e-02
-3.4079004203429526e-02
-4.1053744740094281e-02
-4.9345433225231203e-02
-5.9147229796219676e-02
-7.0689038852258995e-02
-8.4214894909668409e-02
-9.9984381058410843e-02
-1.1828965110080306e-01
-1.3942963392794031e-01
-1.6372311970889836e-01
-1.9149704119800995e-01
-2.2307558473551437e-01
-2.5880568958087469e-01
-2.9901511009684539e-01
-3.4401580491912248e-01
-3.9409712006929204e-01
-4.4951189502887501e-01
-5.1046531296698949e-01
-5.7710349918170756e-01
-6.4950750163864934e-01
-7.2756165759593439e-01
-8.1120842929642478e-01
-9.0026897045767995e-01
-9.9442320771565318e-01
-1.0931087277510765e+00
-1.1957240791684449e+00
-1.3017464584031901e+00
-1.4101708187653281e+00
-1.5201083470429317e+00
-1.6307089381500439e+00
-1.7405433867489646e+00
-1.8488541905178744e+00
-1.9541424286680686e+00
-2.0554378761451053e+00
-2.1516974171086574e+00
-2.2414331866985631e+00
-2.3240175331265256e+00
-2.3985269704192294e+00
-2.4639451343543097e+00
-2.5196451184439899e+00
-2.5652478448659926e+00
-2.6003464766862185e+00
-2.6247505944398291e+00
-2.6383332370791628e+00
-2.6411982225148738e+00
-2.6335405872488411e+00
-2.6156822325356890e+00
-2.5881088902847336e+00
0.0000000000000000e+00
1.3464638167935297e-01
0.0000000000000000e+00
0.0000000000000000e+00
];
