%Vec Object:sol 1 MPI processes
%  type: mpi
sol = [
0.0000000000000000e+00
-2.7510229296019947e+01
-2.2517292257497932e+01
-1.8763095343000067e+01
-1.5880594201218852e+01
-1.3583362424732181e+01
-1.1693668188862208e+01
-1.0103537491326804e+01
-8.7436949663007208e+00
-7.5615106456666972e+00
-6.5297704211472682e+00
-5.6215380027569788e+00
-4.8213689601531025e+00
-4.1156413256149635e+00
-3.4943416125180740e+00
-2.9492083477501718e+00
-2.4723895333403654e+00
-2.0581667133900576e+00
-1.7006914799022947e+00
-1.3943091755962909e+00
-1.1337163033127640e+00
-9.1422419231611529e-01
-7.3093556390775183e-01
-5.7920365669314000e-01
-4.5489656168284093e-01
-3.5410019557079936e-01
-2.7321715982231864e-01
-2.0897243778119323e-01
-1.5845624733527935e-01
-1.1919303691174306e-01
-8.9004332415427240e-02
-6.5980085140569522e-02
-4.8659450776204448e-02
-3.5778770549133157e-02
-2.6240245188416778e-02
-1.9287327343765506e-02
-1.4287871619147810e-02
-1.0689599462577293e-02
-8.1329905117039289e-03
-6.3577513119717965e-03
-5.1144934069812546e-03
-4.2354540388423369e-03
-3.6477755751056959e-03
-3.2503161286486512e-03
-2.9492878101164237e-03
-2.7564273369113847e-03
-2.6373079746286926e-03
-2.5170191894498713e-03
-2.4429325758567929e-03
-2.4056918221393793e-03
-2.3417889497778146e-03
-2.3001949221487551e-03
-2.2823226572888074e-03
-2.2405455232962805e-03
-2.2072452792658982e-03
-2.1934150979893174e-03
-2.1621041251177944e-03
-2.1310828480942566e-03
-2.1177446518162793e-03
-2.0930937295403581e-03
-2.0631110406624351e-03
-2.0496854424813821e-03
-2.0299878368004276e-03
-2.0009189460139265e-03
-1.9874825390973228e-03
-1.9716366192571188e-03
-1.9435757945451227e-03
-1.9303148153080756e-03
-1.9174493141583776e-03
-1.8905148682902245e-03
-1.8776121966611308e-03
-1.8670035062421208e-03
-1.8412998719060469e-03
-1.8289148127628022e-03
-1.8199524041572516e-03
-1.7955652740584509e-03
-1.7838325716412469e-03
-1.7759990380827632e-03
-1.7529957367123799e-03
-1.7420271902386277e-03
-1.7348830567381298e-03
-1.7133145388107665e-03
-1.7032017061107006e-03
-1.6963735536142154e-03
-1.6762764339581038e-03
-1.6670932163751896e-03
-1.6602639442095076e-03
-1.6416626959347134e-03
-1.6334679864131278e-03
-1.6263690564532135e-03
-1.6092785718294879e-03
-1.6021191666193398e-03
-1.5945245677038513e-03
-1.5789525520352038e-03
-1.5728658059814182e-03
-1.5645864696893828e-03
-1.5505342255059285e-03
-1.5455490456000223e-03
-1.5364294158321619e-03
-1.5238946963352610e-03
-1.5200343985877847e-03
-1.5099522556323323e-03
-1.4989292908985836e-03
-1.4962116408995291e-03
-1.4850626076866372e-03
-1.4755423165532825e-03
-1.4739797495744379e-03
-1.4616794119723196e-03
-1.4536494757868489e-03
-1.4532492920221129e-03
-1.4397289936536090e-03
-1.4331728475942536e-03
-1.4314070784165441e-03
-1.4191441802677215e-03
-1.4140419462105097e-03
-1.4104054083711557e-03
-1.3998585103897788e-03
-1.3961874181373983e-03
-1.3906791709029276e-03
-1.3818082217671376e-03
-1.3795436904659513e-03
-1.3721779191679466e-03
-1.3649432206899587e-03
-1.3640601394542997e-03
-1.3548509973965166e-03
-1.3492133135949362e-03
-1.3487155017745743e-03
-1.3386518578450560e-03
-1.3345728608439998e-03
-1.3318613522388962e-03
-1.3235407951228428e-03
-1.3209827422142053e-03
-1.3161055823558950e-03
-1.3094794863922701e-03
-1.3084051935320466e-03
-1.3014214668074103e-03
-1.2964435013034694e-03
-1.2963994969244766e-03
-1.2877804710590076e-03
-1.2844112442893514e-03
-1.2820452960718674e-03
-1.2751939816101248e-03
-1.2734291156038338e-03
-1.2688830780061581e-03
-1.2638752789849088e-03
-1.2638951846382740e-03
-1.2576282245648103e-03
-1.2550730172526611e-03
-1.2555696781015645e-03
-1.2518878599474521e-03
-1.2548115798505788e-03
-1.2593876860885174e-03
-1.2678658415188403e-03
-1.2892172129962724e-03
-1.3185054798364362e-03
-1.3712120651408930e-03
-1.4585041034733792e-03
-1.5904795829983975e-03
-1.8018175034313411e-03
-2.1240180779196331e-03
-2.6120199087241629e-03
-3.3480586826606885e-03
-4.4314840507168642e-03
-6.0221237230013601e-03
-8.3256904627418745e-03
-1.1618378109624173e-02
-1.6281332667999394e-02
-2.2798964075691069e-02
-3.1808522400741904e-02
-4.4118355043815637e-02
-6.0727534466194173e-02
-8.2878036413406658e-02
-1.1204944402267332e-01
-1.4998490185552971e-01
-1.9868800353769528e-01
-2.6038653067378248e-01
-3.3746480656910843e-01
-4.3242030853738322e-01
-5.4770412654804690e-01
-6.8555190415933764e-01
-8.4779056912109718e-01
-1.0355880939945663e+00
-1.2489541583257879e+00
-1.4870982252487361e+00
-1.7477939344274573e+00
-2.0268039442190084e+00
-2.3192394707846735e+00
-2.6182296234454063e+00
-2.9157419550878805e+00
-3.2035185114909996e+00
-3.4728103782479995e+00
-3.7152368633476711e+00
-3.9233018663914332e+00
-4.0902926449155785e+00
-4.2121513251356681e+00
-4.2859967126554457e+00
-4.3105779427806450e+00
-4.2871104000813727e+00
-4.2177839699103208e+00
0.0000000000000000e+00
1.3464638167935297e-01
0.0000000000000000e+00
0.0000000000000000e+00
];
