%Vec Object:sol 1 MPI processes
%  type: mpi
sol = [
0.0000000000000000e+00
-2.8358884615048780e+01
-2.3070253581689670e+01
-1.9123687950659232e+01
-1.6119204956894148e+01
-1.3730379925767597e+01
-1.1768680016720417e+01
-1.0120428998924327e+01
-8.7133822044326674e+00
-7.4973002910532154e+00
-6.4342644319942748e+00
-5.5045051101496023e+00
-4.6879109419421807e+00
-3.9707127784745300e+00
-3.3427285783137433e+00
-2.7952913877433829e+00
-2.3206395680266190e+00
-1.9112244259725906e+00
-1.5615412565794466e+00
-1.2645926850592539e+00
-1.0151245994337184e+00
-8.0750654471941885e-01
-6.3630919717239454e-01
-4.9663716874038089e-01
-3.8393670065697194e-01
-2.9399000191613284e-01
-2.2301758070303726e-01
-1.6762905967970362e-01
-1.2486625028222686e-01
-9.2265958815371085e-02
-6.7699895078991310e-02
-4.9336840333104204e-02
-3.5818753437133963e-02
-2.5990893544915222e-02
-1.8864747944389616e-02
-1.3790434516721260e-02
-1.0232923463034855e-02
-7.7256815059036374e-03
-5.9834191210514026e-03
-4.8080711671892830e-03
-4.0010059603206435e-03
-3.4351787251474660e-03
-3.0697867529707427e-03
-2.8283001200587249e-03
-2.6355508048470605e-03
-2.5171817013268532e-03
-2.4489123027462128e-03
-2.3631301823868085e-03
-2.3124184237798551e-03
-2.2910512035876091e-03
-2.2380135574700593e-03
-2.2039906527409037e-03
-2.1915391044300598e-03
-2.1537820463794206e-03
-2.1236021626627475e-03
-2.1123145488473960e-03
-2.0831673412017495e-03
-2.0540629702400868e-03
-2.0424782621891028e-03
-2.0194635011424279e-03
-1.9910315130246036e-03
-1.9790933587433847e-03
-1.9608287078662812e-03
-1.9331453446849445e-03
-1.9210552440856931e-03
-1.9065173424764503e-03
-1.8797273522707775e-03
-1.8677053079716203e-03
-1.8560465209093520e-03
-1.8302860714967584e-03
-1.8185292861137006e-03
-1.8090380130637909e-03
-1.7844222640246421e-03
-1.7730998426237058e-03
-1.7651745573852417e-03
-1.7417977393785686e-03
-1.7310525155582865e-03
-1.7241834081130594e-03
-1.7021201282512318e-03
-1.6920708486416974e-03
-1.6858250041700772e-03
-1.6651325164204959e-03
-1.6558767628316840e-03
-1.6498864705738910e-03
-1.6306068753016482e-03
-1.6222238058181957e-03
-1.6161769629536389e-03
-1.5983395394240140e-03
-1.5908926627904846e-03
-1.5845251364564545e-03
-1.5681490209305175e-03
-1.5616892251225337e-03
-1.5547789341697072e-03
-1.5398756375379549e-03
-1.5344439757174050e-03
-1.5268054419757000e-03
-1.5133797763803908e-03
-1.5090086059265863e-03
-1.5004896667516333e-03
-1.4885427372409441e-03
-1.4852586999341045e-03
-1.4757404294066508e-03
-1.4652697277699966e-03
-1.4630938207608065e-03
-1.4524750284164102e-03
-1.4434745907217859e-03
-1.4424222904689363e-03
-1.4306215062932037e-03
-1.4230818278927629e-03
-1.4231631133583128e-03
-1.4101142113591254e-03
-1.4040210854636347e-03
-1.4027100056209143e-03
-1.3908925710242185e-03
-1.3862280065799382e-03
-1.3830211174510640e-03
-1.3728954352710823e-03
-1.3696382333682777e-03
-1.3645361282752615e-03
-1.3560636307535072e-03
-1.3541906874235073e-03
-1.3472090483982462e-03
-1.3403515326042208e-03
-1.3398392530932991e-03
-1.3309937805218877e-03
-1.3257135475703424e-03
-1.3255672288314394e-03
-1.3158483870375924e-03
-1.3121085988988738e-03
-1.3097305774986674e-03
-1.3017375129207092e-03
-1.2995017537418738e-03
-1.2949413380811839e-03
-1.2886265573300627e-03
-1.2878586210753557e-03
-1.2811756459408631e-03
-1.2764931469159493e-03
-1.2767391682977571e-03
-1.2684033340898270e-03
-1.2653099296840715e-03
-1.2632098584174245e-03
-1.2566099854095802e-03
-1.2550752652417682e-03
-1.2507249868214914e-03
-1.2458571101617727e-03
-1.2459252000127301e-03
-1.2395541771709599e-03
-1.2366451223152226e-03
-1.2363797439015898e-03
-1.2312747086343557e-03
-1.2317169174504360e-03
-1.2321348876831242e-03
-1.2338309132274286e-03
-1.2443439122368713e-03
-1.2565999590504265e-03
-1.2829414005381754e-03
-1.3299883203967810e-03
-1.4013524268290240e-03
-1.5226160338712685e-03
-1.7127133247401853e-03
-2.0095418658176477e-03
-2.4726408952876768e-03
-3.1716727680630259e-03
-4.2285153654398489e-03
-5.8013489981125583e-03
-8.1083046757831848e-03
-1.1461645246465778e-02
-1.6266380532686000e-02
-2.3071973303052745e-02
-3.2594127659638136e-02
-4.5740026050407723e-02
-6.3669980791544040e-02
-8.7802627983202750e-02
-1.1985612412951317e-01
-1.6186223623233503e-01
-2.1614729909865907e-01
-2.8531114781094813e-01
-3.7211074545260331e-01
-4.7942220014096748e-01
-6.1000654558119138e-01
-7.6631553870865499e-01
-9.5021532185798196e-01
-1.1626365954229769e+00
-1.4030817570053400e+00
-1.6701128958694336e+00
-1.9599304513360365e+00
-2.2676022302959602e+00
-2.5855996405050825e+00
-2.9058978505897377e+00
-3.2188087252185573e+00
-3.5142714634936318e+00
-3.7824532080710536e+00
-4.0145017211043843e+00
-4.2029598374305799e+00
-4.3415071503971125e+00
-4.4275488213426293e+00
-4.4587024023262742e+00
-4.4366423341295160e+00
-4.3633881138550770e+00
0.0000000000000000e+00
1.3464638167935297e-01
0.0000000000000000e+00
0.0000000000000000e+00
];
