%Vec Object:sol 1 MPI processes
%  type: mpi
sol = [
0.0000000000000000e+00
-1.3755768236189201e+01
-1.2427218890963861e+01
-1.1268982631930060e+01
-1.0273314237514191e+01
-9.4100156083647448e+00
-8.6537641609958111e+00
-7.9853839113723675e+00
-7.3901562209621732e+00
-6.8550686675436010e+00
-6.3706922876194154e+00
-5.9302833967370532e+00
-5.5270695218879888e+00
-5.1561018397114982e+00
-4.8135828662955200e+00
-4.4947673565264505e+00
-4.1983299553615350e+00
-3.9221047476360527e+00
-3.6644121368407752e+00
-3.4219643426513358e+00
-3.1944163351008359e+00
-2.9813274857412337e+00
-2.7800651940169159e+00
-2.5908591701711430e+00
-2.4126831548218464e+00
-2.2446745063049436e+00
-2.0864483582689624e+00
-1.9372495944993702e+00
-1.7967999207275727e+00
-1.6646828808554994e+00
-1.5400846656767995e+00
-1.4232666220205710e+00
-1.3134186553444078e+00
-1.2102424179233575e+00
-1.1137093019075168e+00
-1.0234004777329686e+00
-9.3877036834366645e-01
-8.5985762171618929e-01
-7.8636103109518107e-01
-7.1799744509615349e-01
-6.5445498113520417e-01
-5.9546528641762353e-01
-5.4088480135791250e-01
-4.9047134955311350e-01
-4.4398369770973728e-01
-4.0120814061793414e-01
-3.6192559023995369e-01
-3.2590074337890523e-01
-2.9295421723463766e-01
-2.6285498580241595e-01
-2.3542070962738904e-01
-2.1049615795111737e-01
-1.8790601449170527e-01
-1.6744755309201803e-01
-1.4898036581316959e-01
-1.3235772120506545e-01
-1.1740354667279626e-01
-1.0399206583857519e-01
-9.2005635255579671e-02
-8.1295908504947265e-02
-7.1751767558045035e-02
-6.3283537143951810e-02
-5.5769849273216467e-02
-4.9114129387058322e-02
-4.3252216650981327e-02
-3.8087524948988739e-02
-3.3537450463477232e-02
-2.9559965499976693e-02
-2.6080084304405105e-02
-2.3028172937687993e-02
-2.0380456214722870e-02
-1.8079919538850336e-02
-1.6068521242493226e-02
-1.4336817309389549e-02
-1.2842086508498501e-02
-1.1536361270424740e-02
-1.0420862718911171e-02
-9.4637287194889400e-03
-8.6256110778311339e-03
-7.9151734440657141e-03
-7.3084006056099325e-03
-6.7733104334703710e-03
-6.3233172542702222e-03
-5.9397412541786305e-03
-5.5969819341544587e-03
-5.3110524655601713e-03
-5.0666010674552519e-03
-4.8437038198371135e-03
-4.6593177387574004e-03
-4.4998715231165162e-03
-4.3506651766443451e-03
-4.2283703416835655e-03
-4.1200402114331151e-03
-4.0159525149943958e-03
-3.9316111405709895e-03
-3.8538550581208269e-03
-3.7778500788009754e-03
-3.7173238513564561e-03
-3.6583147864119999e-03
-3.6008982717509711e-03
-3.5566304408405722e-03
-3.5103648565882554e-03
-3.4671803578052132e-03
-3.4362412070587096e-03
-3.4009871166992877e-03
-3.3716734521900063e-03
-3.3549913206655044e-03
-3.3328822763410274e-03
-3.3210189269658550e-03
-3.3236783857051623e-03
-3.3213660100630785e-03
-3.3354985650235849e-03
-3.3656362286621660e-03
-3.3986353008296812e-03
-3.4545442340730235e-03
-3.5306332403022399e-03
-3.6220420652549488e-03
-3.7465745061710247e-03
-3.9003642332185837e-03
-4.0875029753339315e-03
-4.3244334888004783e-03
-4.6071219506242890e-03
-4.9495509551163918e-03
-5.3680321813471387e-03
-5.8596986589129520e-03
-6.4497152135788681e-03
-7.1549263310166401e-03
-7.9782644245608662e-03
-8.9548619534543378e-03
-1.0102593055008454e-02
-1.1439914309356246e-02
-1.3006385196823551e-02
-1.4826007394838889e-02
-1.6934890644008539e-02
-1.9379641414312740e-02
-2.2193127522607273e-02
-2.5431282500611115e-02
-2.9150034167077898e-02
-3.3395012464125330e-02
-3.8242554478409713e-02
-4.3757643680711826e-02
-5.0009754962161174e-02
-5.7087406420610949e-02
-6.5069336889820140e-02
-7.4048458477245199e-02
-8.4125476683935857e-02
-9.5392430694106217e-02
-1.0796258895942674e-01
-1.2194458820690202e-01
-1.3744554415485161e-01
-1.5458527064623248e-01
-1.7346591040046155e-01
-1.9421070227849627e-01
-2.1693570095918205e-01
-2.4174598048482365e-01
-2.6874915309443831e-01
-2.9804200947750648e-01
-3.2971039446930533e-01
-3.6383209262847516e-01
-4.0046871325685918e-01
-4.3966580742187489e-01
-4.8145009273877853e-01
-5.2581875404068246e-01
-5.7268201757689796e-01
-6.2205945638944782e-01
-6.7388202974170075e-01
-7.2804458016094986e-01
-7.8442463354332059e-01
-8.4274582332952619e-01
-9.0283971984432942e-01
-9.6455931145569429e-01
-1.0276449437806061e+00
-1.0916089877912458e+00
-1.1562891075093000e+00
-1.2214109988640733e+00
-1.2863763812011879e+00
-1.3509810381645582e+00
-1.4148697748524719e+00
-1.4773886339578468e+00
-1.5385166202295242e+00
-1.5974194581399062e+00
-1.6541801741111146e+00
-1.7079568816975514e+00
-1.7588985923415055e+00
-1.8061325339583809e+00
-1.8498380221526247e+00
-1.8894736905411789e+00
-1.9248529375730314e+00
-1.9559838560167151e+00
-1.9823173073822864e+00
-2.0040447788732667e+00
-2.0211129066361182e+00
-2.0332065843152547e+00
-2.0405342605645513e+00
-2.0431596579690710e+00
-2.0411001623916905e+00
-2.0343133963433107e+00
-2.0231267195201905e+00
-2.0077212349779292e+00
0.0000000000000000e+00
1.3464638167935297e-01
0.0000000000000000e+00
0.0000000000000000e+00
];
