%Vec Object:sol 1 MPI processes
%  type: mpi
sol = [
0.0000000000000000e+00
-2.0294728085210156e+01
-1.7127594914584790e+01
-1.4484190736440180e+01
-1.2226604871946757e+01
-1.0269152079543943e+01
-8.5611136375884183e+00
-7.0688451395402963e+00
-5.7724491146495076e+00
-4.6529476471508229e+00
-3.6983103358311609e+00
-2.8948366871054430e+00
-2.2294067849881221e+00
-1.6877074394392586e+00
-1.2550189399772813e+00
-9.1608451241259470e-01
-6.5621468802893668e-01
-4.6115112292513760e-01
-3.1784966244937812e-01
-2.1490058813971991e-01
-1.4258320330385529e-01
-9.2827037713647656e-02
-5.9387692224801843e-02
-3.7423966523433383e-02
-2.3262306784015481e-02
-1.4327397110492428e-02
-8.8386068852526149e-03
-5.5198254385308600e-03
-3.5188736380242875e-03
-2.3713721637988183e-03
-1.7338675143855466e-03
-1.3253580307424010e-03
-1.1080197278847462e-03
-1.0091857554398664e-03
-9.1228621523671723e-04
-8.5697377192328280e-04
-8.4192107290980605e-04
-8.0799822460013643e-04
-7.7434182235695630e-04
-7.6722823233813539e-04
-7.5219943209626822e-04
-7.1955041155498368e-04
-7.1032956383567205e-04
-7.0617445956013415e-04
-6.7248522328956306e-04
-6.6064450913658050e-04
-6.6463549961186968e-04
-6.3018444466506648e-04
-6.1627316190991242e-04
-6.2228281224153970e-04
-5.9183778330599809e-04
-5.7640757865674960e-04
-5.7975052541839604e-04
-5.5688909941276467e-04
-5.4039308597046904e-04
-5.4160522775928335e-04
-5.2482602399216301e-04
-5.0763572623486390e-04
-5.0716876310653099e-04
-4.9520392577159897e-04
-4.7763501926929245e-04
-4.7588138956553965e-04
-4.6767639407503073e-04
-4.5000753965767449e-04
-4.4731596942085234e-04
-4.4199406961160063e-04
-4.2447014374777831e-04
-4.2114752577260988e-04
-4.1796631685530716e-04
-4.0079941651351451e-04
-3.9711253377398072e-04
-3.9544745229664870e-04
-3.7881614176622926e-04
-3.7499250292229099e-04
-3.7431531640334640e-04
-3.5836794256530018e-04
-3.5460032696482533e-04
-3.5446359205649249e-04
-3.3932115844956500e-04
-3.3577130473451985e-04
-3.3579565572323022e-04
-3.2155623620693441e-04
-3.1835970872368948e-04
-3.1822410933414344e-04
-3.0496584053021984e-04
-3.0223537271899156e-04
-3.0166845671689499e-04
-2.8945286421901346e-04
-2.8728195775640702e-04
-2.8605516067680602e-04
-2.7492968273263088e-04
-2.7339543736353201e-04
-2.7131736466752125e-04
-2.6131859839973565e-04
-2.6048531549437306e-04
-2.5739731270017823e-04
-2.4855257208760984e-04
-2.4847382405693746e-04
-2.4424799213749234e-04
-2.3657983662105818e-04
-2.3730327351870775e-04
-2.3184478314656736e-04
-2.2537388998800759e-04
-2.2694380977647321e-04
-2.2017732035708472e-04
-2.1492266454095288e-04
-2.1737910493128035e-04
-2.0924894426542997e-04
-2.0522521306397723e-04
-2.0860035765396742e-04
-1.9906158222827966e-04
-1.9627289565887185e-04
-1.9810870281201939e-04
-1.8960053058679667e-04
-1.8803900814992497e-04
-1.8784937180962589e-04
-1.8082894013783180e-04
-1.8047969507031423e-04
-1.7827032266698044e-04
-1.7270682108375156e-04
-1.7355557182604302e-04
-1.6935087674719413e-04
-1.6521888246803405e-04
-1.6725591270389336e-04
-1.6108479795334427e-04
-1.5836230523613742e-04
-1.6062762988649969e-04
-1.5347326071893933e-04
-1.5213665673408441e-04
-1.5209557191921586e-04
-1.4651386113946236e-04
-1.4653604993478147e-04
-1.4424353632682549e-04
-1.4019512498224159e-04
-1.4154760461738017e-04
-1.3706817829554121e-04
-1.3451527177765421e-04
-1.3676038073827870e-04
-1.3056049388508764e-04
-1.2946680813556797e-04
-1.2931417912879567e-04
-1.2471528479172841e-04
-1.2504408167888400e-04
-1.2256726395297514e-04
-1.1952413612413413e-04
-1.2123858772733454e-04
-1.1651337047404385e-04
-1.1498197958308371e-04
-1.1571207908765426e-04
-1.1114111471271761e-04
-1.1107895653805162e-04
-1.0943211476494504e-04
-1.0643961161846018e-04
-1.0780602189670902e-04
-1.0387002536130296e-04
-1.0241244918786023e-04
-1.0313414968087381e-04
-9.9042277801493728e-05
-9.9115827760376142e-05
-9.7571367859989924e-05
-9.5291895255456837e-05
-9.7338908016040215e-05
-9.4683929550202166e-05
-9.6469511803934507e-05
-1.0250129273874519e-04
-1.1169385365651306e-04
-1.3794272892467331e-04
-1.8769121395432941e-04
-2.8879931105453674e-04
-4.8955485703182909e-04
-8.6447455723234680e-04
-1.5688024457779467e-03
-2.8508774750927736e-03
-5.1353533825681773e-03
-9.1237263376379180e-03
-1.5919225832642249e-02
-2.7250437252715264e-02
-4.5704989037511419e-02
-7.5049199338700856e-02
-1.2059251433247817e-01
-1.8951659126563447e-01
-2.9114834270239431e-01
-4.3699598168650533e-01
-6.4041790634252593e-01
-9.1572196863324429e-01
-1.2765644911679326e+00
-1.7332039501022027e+00
-2.2896552253941191e+00
-2.9406717754878868e+00
-3.6687115500972216e+00
-4.4428019263955214e+00
-5.2210615827508322e+00
-5.9551642082199576e+00
-6.5951205446772034e+00
-7.0977697661068442e+00
-7.4316910734821793e+00
-7.5815405195689793e+00
-7.5455394921620975e+00
-7.3376026735401103e+00
0.0000000000000000e+00
2.4055929233035767e-01
0.0000000000000000e+00
0.0000000000000000e+00
];
