%Vec Object:sol 1 MPI processes
%  type: mpi
sol = [
0.0000000000000000e+00
-1.1779988156744571e+01
-1.0795980833627569e+01
-9.9214103901497381e+00
-9.1504885560942011e+00
-8.4695210763640549e+00
-7.8645001783624178e+00
-7.3239260832735518e+00
-6.8384339561099345e+00
-6.3990057291386622e+00
-5.9990357773502430e+00
-5.6311326834998363e+00
-5.2924492006639525e+00
-4.9800780512324723e+00
-4.6911359865610827e+00
-4.4223494582544758e+00
-4.1695101383718800e+00
-3.9335088958683406e+00
-3.7128835387937587e+00
-3.5038953083883237e+00
-3.3071856283246404e+00
-3.1222295949088048e+00
-2.9460232538959397e+00
-2.7799167973550798e+00
-2.6220119216879634e+00
-2.4724893505998682e+00
-2.3302709438731841e+00
-2.1952727522005353e+00
-2.0668794354546689e+00
-1.9450140139807579e+00
-1.8287694525217844e+00
-1.7187441739919755e+00
-1.6137104450026174e+00
-1.5140241035731856e+00
-1.4195536602921530e+00
-1.3294789275895507e+00
-1.2441407993991573e+00
-1.1633393946812463e+00
-1.0865353485118303e+00
-1.0137994941698745e+00
-9.4504410079350054e-01
-8.8009356549901030e-01
-8.1860513096926324e-01
-7.6055858257446041e-01
-7.0587943112432194e-01
-6.5441062365608427e-01
-6.0601415131183389e-01
-5.6054853422331385e-01
-5.1779908759106708e-01
-4.7775494553984549e-01
-4.4027844770791541e-01
-4.0525994353702022e-01
-3.7258409410178461e-01
-3.4211882723538406e-01
-3.1376524961695373e-01
-2.8742053171553811e-01
-2.6296050707195889e-01
-2.4029189546496876e-01
-2.1930195523925883e-01
-1.9990075659649809e-01
-1.8200174331781435e-01
-1.6552785360017530e-01
-1.5037490035256612e-01
-1.3645594417028917e-01
-1.2370801399896354e-01
-1.1203921829030440e-01
-1.0136718925867236e-01
-9.1642392011200766e-02
-8.2785210606652365e-02
-7.4719027065319729e-02
-6.7406771372300153e-02
-6.0780632317458234e-02
-5.4770798776250108e-02
-4.9351385992909905e-02
-4.4465485098904751e-02
-4.0050843159203160e-02
-3.6091258292407891e-02
-3.2539508129103792e-02
-2.9341307862199406e-02
-2.6488513594632696e-02
-2.3942183652107860e-02
-2.1656108855510295e-02
-1.9628554446440797e-02
-1.7827380414910030e-02
-1.6214335295778252e-02
-1.4792508275512891e-02
-1.3535109477689948e-02
-1.2411589853786282e-02
-1.1428411065569431e-02
-1.0562788613011423e-02
-9.7915652175706112e-03
-9.1233072367083983e-03
-8.5380541625783464e-03
-8.0197417255694365e-03
-7.5779882960540024e-03
-7.1946750491036103e-03
-6.8605939676647174e-03
-6.5855946900935450e-03
-6.3526391704559221e-03
-6.1592333779205725e-03
-6.0148748057933261e-03
-5.9030784707787979e-03
-5.8280319619830800e-03
-5.7985380041278818e-03
-5.7983606888023760e-03
-5.8384852264156926e-03
-5.9269009063201575e-03
-6.0475474441923967e-03
-6.2184646083758999e-03
-6.4469351842392011e-03
-6.7172284749744396e-03
-7.0548378406382678e-03
-7.4641712309832849e-03
-7.9376908013137158e-03
-8.5013862601724770e-03
-9.1593477349436719e-03
-9.9142407657188212e-03
-1.0791772430489887e-02
-1.1796957059708459e-02
-1.2943300823403827e-02
-1.4257079310894946e-02
-1.5745139416865318e-02
-1.7432504193466675e-02
-1.9346969479286744e-02
-2.1498217514507419e-02
-2.3923414015647317e-02
-2.6651924546426901e-02
-2.9700017983410799e-02
-3.3114674572807694e-02
-3.6926290847212703e-02
-4.1165537928274820e-02
-4.5882266323750545e-02
-5.1111109161016764e-02
-5.6896784261344091e-02
-6.3292241615529002e-02
-7.0336522340899044e-02
-7.8087239042232262e-02
-8.6599628874362497e-02
-9.5917638289265597e-02
-1.0610835455114022e-01
-1.1722597684652450e-01
-1.2932489890146853e-01
-1.4246914203166991e-01
-1.5670407312247564e-01
-1.7209682109881860e-01
-1.8870750710672779e-01
-2.0658525587919357e-01
-2.2578800348329059e-01
-2.4636499719078445e-01
-2.6835916693386391e-01
-2.9181540837800790e-01
-3.1676784052734819e-01
-3.4324581400718190e-01
-3.7127249975719195e-01
-4.0086158256141319e-01
-4.3201846160238316e-01
-4.6470384942394383e-01
-4.9890088290002310e-01
-5.3460667879536072e-01
-5.7178505243043776e-01
-6.1038496040761192e-01
-6.5034085908872796e-01
-6.9156889595695037e-01
-7.3386245991367560e-01
-7.7722856546135211e-01
-8.2155761730708754e-01
-8.6671507601433295e-01
-9.1244831216231892e-01
-9.5863049072096063e-01
-1.0051767776072285e+00
-1.0519302283007332e+00
-1.0984379641557356e+00
-1.1447828156304534e+00
-1.1907819124135552e+00
-1.2359082454557975e+00
-1.2803141961049920e+00
-1.3236616309542490e+00
-1.3656499317749577e+00
-1.4063626326974603e+00
-1.4451992055332774e+00
-1.4824073074260720e+00
-1.5174836472099402e+00
-1.5505213587713154e+00
-1.5811742677398253e+00
-1.6095006434003554e+00
-1.6351732851298237e+00
-1.6583659006726070e+00
-1.6786358023207497e+00
-1.6963191693873347e+00
-1.7109890997087547e+00
-1.7228907204108685e+00
-1.7319133185389612e+00
-1.7379658900543757e+00
-1.7413053177726237e+00
-1.7416423849144209e+00
-1.7392686106955584e+00
-1.7342297504660431e+00
-1.7263823559856135e+00
-1.7160891922568771e+00
0.0000000000000000e+00
1.3464638167935297e-01
0.0000000000000000e+00
0.0000000000000000e+00
];
