%Vec Object:sol 1 MPI processes
%  type: mpi
sol = [
0.0000000000000000e+00
-4.0940861447303817e+01
-3.0340209954503436e+01
-2.3389218978973517e+01
-1.8428593127754962e+01
-1.4654658096303496e+01
-1.1662784242637322e+01
-9.2371972193346128e+00
-7.2503808126776352e+00
-5.6219143368012894e+00
-4.2951485697254084e+00
-3.2273405285523160e+00
-2.3809101660119989e+00
-1.7219162212213179e+00
-1.2201183333445642e+00
-8.4617495546276700e-01
-5.7417569078168762e-01
-3.8117049976233047e-01
-2.4756695102245402e-01
-1.5743285490293579e-01
-9.8172526086657178e-02
-6.0108343391958662e-02
-3.6309100450886776e-02
-2.1816476117432669e-02
-1.3158639914456795e-02
-8.1084933745982669e-03
-5.2610281442868976e-03
-3.6769401980570300e-03
-2.7788879637998241e-03
-2.3136901365231862e-03
-2.0872707885202092e-03
-1.9186906686987468e-03
-1.8395059205548678e-03
-1.8192664414861633e-03
-1.7651188912117016e-03
-1.7337053485567354e-03
-1.7327547747667787e-03
-1.7066062760803305e-03
-1.6776876037096558e-03
-1.6744406557530071e-03
-1.6622330204680137e-03
-1.6314962549887244e-03
-1.6245647843149648e-03
-1.6226741454807188e-03
-1.5903623903913123e-03
-1.5803968354866442e-03
-1.5866054292489947e-03
-1.5533018002450783e-03
-1.5410224864360800e-03
-1.5491261448119034e-03
-1.5197749720848870e-03
-1.5057822161622810e-03
-1.5109965964170793e-03
-1.4892819356755941e-03
-1.4740527539782952e-03
-1.4769374737322084e-03
-1.4613235665454697e-03
-1.4452467083380769e-03
-1.4462738057795695e-03
-1.4354674860646843e-03
-1.4188779077297371e-03
-1.4184627024591110e-03
-1.4113942589951409e-03
-1.3945915696721206e-03
-1.3931060590569395e-03
-1.3888895567611625e-03
-1.3721385204668042e-03
-1.3699106323990474e-03
-1.3677962856197172e-03
-1.3513253112546265e-03
-1.3486389304173821e-03
-1.3479956409809465e-03
-1.3319966136146159e-03
-1.3290934111668499e-03
-1.3293874106269491e-03
-1.3140193298062874e-03
-1.3111036786784807e-03
-1.3118829861173964e-03
-1.2972759767340438e-03
-1.2945196818996071e-03
-1.2954015964118991e-03
-1.2816613091471104e-03
-1.2792084244536075e-03
-1.2798694543297473e-03
-1.2670806763873973e-03
-1.2650514324983879e-03
-1.2652186499443122e-03
-1.2534484188691244e-03
-1.2519426102065574e-03
-1.2513864604315162e-03
-1.2406870931503406e-03
-1.2397873765519515e-03
-1.2383159761303706e-03
-1.2287278370052969e-03
-1.2285028630048224e-03
-1.2259570603796815e-03
-1.2175102810045265e-03
-1.2180170013534580e-03
-1.2142687079226820e-03
-1.2069883301472960e-03
-1.2082776310971914e-03
-1.2032327778546820e-03
-1.1971421032065063e-03
-1.1992620314666199e-03
-1.1928477425688813e-03
-1.1879701538408383e-03
-1.1909662524439862e-03
-1.1831311916473343e-03
-1.1794864443504184e-03
-1.1833962354013015e-03
-1.1740991792297208e-03
-1.1716944234641165e-03
-1.1740079390683347e-03
-1.1657432797594382e-03
-1.1645700295775832e-03
-1.1647901166436537e-03
-1.1580228416686877e-03
-1.1580635980468267e-03
-1.1561952476410195e-03
-1.1508927352713476e-03
-1.1521329163282706e-03
-1.1482034155398855e-03
-1.1443418528470015e-03
-1.1467746870829558e-03
-1.1408182312876592e-03
-1.1383787501913387e-03
-1.1410272957909746e-03
-1.1340516147704015e-03
-1.1330118334844878e-03
-1.1332892808495379e-03
-1.1279045558379613e-03
-1.1282360007386946e-03
-1.1261986770662764e-03
-1.1223639385849408e-03
-1.1240372469016968e-03
-1.1197526383179787e-03
-1.1174301384206621e-03
-1.1199999797677144e-03
-1.1139466546955220e-03
-1.1131006477821104e-03
-1.1132106423757712e-03
-1.1087796072632497e-03
-1.1093728541724680e-03
-1.1070992830866119e-03
-1.1042443081699599e-03
-1.1062391921237630e-03
-1.1016606417969604e-03
-1.1003368454180066e-03
-1.1013161385439532e-03
-1.0968846927342172e-03
-1.0970488832124869e-03
-1.0955932278448356e-03
-1.0927620348889970e-03
-1.0943726239776783e-03
-1.0905719958915203e-03
-1.0892939557657917e-03
-1.0902301957965159e-03
-1.0862442040849983e-03
-1.0864761039827936e-03
-1.0849948425590795e-03
-1.0826253027234494e-03
-1.0843623964385920e-03
-1.0806520152978577e-03
-1.0800841546434029e-03
-1.0809734325146214e-03
-1.0792529302336372e-03
-1.0833250689497663e-03
-1.0888145559205858e-03
-1.1038421057372159e-03
-1.1410042683855941e-03
-1.2118381564618780e-03
-1.3643858104728718e-03
-1.6685692325926816e-03
-2.2617606303678615e-03
-3.3973720796573953e-03
-5.5024370240146416e-03
-9.3231793262228378e-03
-1.6074534573477454e-02
-2.7691501111439455e-02
-4.7160607742847575e-02
-7.8892773866710411e-02
-1.2917508508037850e-01
-2.0655129795662314e-01
-3.2204893153878283e-01
-4.8902155351541021e-01
-7.2239835958287768e-01
-1.0371865434240792e+00
-1.4458756481790471e+00
-1.9546799967986344e+00
-2.5601536107972693e+00
-3.2453557406914513e+00
-3.9792049666995961e+00
-4.7175466153103685e+00
-5.4070361642539568e+00
-5.9952926388084435e+00
-6.4359089568307120e+00
-6.6972080511359016e+00
-6.7655496244264111e+00
-6.6442409065774388e+00
0.0000000000000000e+00
1.3464638167935297e-01
0.0000000000000000e+00
0.0000000000000000e+00
];
