%Vec Object:sol 1 MPI processes
%  type: mpi
sol = [
0.0000000000000000e+00
-1.8853451653362615e+01
-1.6409373680105666e+01
-1.4414655768609057e+01
-1.2776557212933275e+01
-1.1401759415636183e+01
-1.0233563789214527e+01
-9.2271394654824128e+00
-8.3427733149873795e+00
-7.5625929225180748e+00
-6.8660652519758330e+00
-6.2394341901903161e+00
-5.6707298788517724e+00
-5.1533857003857948e+00
-4.6810811174904972e+00
-4.2485481751053316e+00
-3.8507356837464983e+00
-3.4847330582040081e+00
-3.1483286683845568e+00
-2.8389272206995075e+00
-2.5537770857841799e+00
-2.2921250613277659e+00
-2.0519771572625780e+00
-1.8318667061701550e+00
-1.6307150598186499e+00
-1.4474583646435644e+00
-1.2805242275460609e+00
-1.1293213259659867e+00
-9.9276744726902233e-01
-8.6955926197103384e-01
-7.5900867780091263e-01
-6.6019221479577650e-01
-5.7218431763759381e-01
-4.9411236340293291e-01
-4.2510023731642227e-01
-3.6433237014439279e-01
-3.1111326207297874e-01
-2.6468165310543884e-01
-2.2435894260660880e-01
-1.8951512212351687e-01
-1.5952221507489694e-01
-1.3381365024354464e-01
-1.1190647507565550e-01
-9.3315127247509760e-02
-7.7581719058167103e-02
-6.4365528137351025e-02
-5.3315833944986186e-02
-4.4073750823526138e-02
-3.6422463028039247e-02
-3.0122521538881893e-02
-2.4909978675905688e-02
-2.0654021179955098e-02
-1.7202426112007202e-02
-1.4376612218946054e-02
-1.2095346298775851e-02
-1.0273842190823661e-02
-8.7951716224896632e-03
-7.6095137315956123e-03
-6.6780904363466622e-03
-5.9258912366068834e-03
-5.3208626038662643e-03
-4.8537300013839595e-03
-4.4766133673400550e-03
-4.1661131586316590e-03
-3.9308153371307017e-03
-3.7397374768552202e-03
-3.5727822683133759e-03
-3.4487215227242581e-03
-3.3467960060099265e-03
-3.2475840404902817e-03
-3.1752231278047911e-03
-3.1150047591497940e-03
-3.0472744230866169e-03
-2.9986058179464047e-03
-2.9577800693810904e-03
-2.9049719418848406e-03
-2.8674225294035376e-03
-2.8358155631410349e-03
-2.7906885269260097e-03
-2.7588593601472942e-03
-2.7318921823373940e-03
-2.6913953244284282e-03
-2.6630583575376517e-03
-2.6386260057737060e-03
-2.6015022667506883e-03
-2.5757631973577595e-03
-2.5528220598481761e-03
-2.5185466591022133e-03
-2.4950453292827859e-03
-2.4730037465089711e-03
-2.4413379174002122e-03
-2.4199180929282624e-03
-2.3983843479748598e-03
-2.3691969486713364e-03
-2.3497766990021856e-03
-2.3284571083657625e-03
-2.3016555136488115e-03
-2.2841776851861883e-03
-2.2628368151297556e-03
-2.2383436520445822e-03
-2.2227600794212485e-03
-2.2012074166563892e-03
-2.1789513612109593e-03
-2.1652165633912136e-03
-2.1432867260936851e-03
-2.1232000859830952e-03
-2.1112700906654016e-03
-2.0888246154981477e-03
-2.0708438793262912e-03
-2.0606777341492617e-03
-2.0376031327908601e-03
-2.0216713502704711e-03
-2.0107095130645551e-03
-1.9894509096413816e-03
-1.9755285970518648e-03
-1.9632584215386402e-03
-1.9442818869237109e-03
-1.9323763454819473e-03
-1.9188569168870977e-03
-1.9022248244360033e-03
-1.8924720384774119e-03
-1.8779584108368544e-03
-1.8639834870906101e-03
-1.8568636786670159e-03
-1.8420845986612305e-03
-1.8317281624140288e-03
-1.8276342988308818e-03
-1.8154882009643776e-03
-1.8113251329759082e-03
-1.8112123882643020e-03
-1.8090906118025847e-03
-1.8175260228316204e-03
-1.8300481203022113e-03
-1.8493335057560554e-03
-1.8854320139243936e-03
-1.9304929244456223e-03
-1.9970730369565982e-03
-2.0940889084636923e-03
-2.2157365242594261e-03
-2.3855901618348011e-03
-2.6117975780089175e-03
-2.9044807181617940e-03
-3.2926968629533311e-03
-3.7929082532498788e-03
-4.4374642850375607e-03
-5.2687467738245213e-03
-6.3206687509998142e-03
-7.6578765676673047e-03
-9.3457235153016488e-03
-1.1456150006334757e-02
-1.4093639721583751e-02
-1.7364213203579830e-02
-2.1399698821061533e-02
-2.6359130408854129e-02
-3.2410929332266171e-02
-3.9766487285114921e-02
-4.8657855483030948e-02
-5.9341102371505333e-02
-7.2117718077795795e-02
-8.7308071260882553e-02
-1.0526929778743434e-01
-1.2639157159160308e-01
-1.5108199154816498e-01
-1.7978253947254696e-01
-2.1293450402943412e-01
-2.5099660502099863e-01
-2.9443537309553025e-01
-3.4369446477117610e-01
-3.9919155999064893e-01
-4.6129983876860703e-01
-5.3033286359005205e-01
-6.0651925400534334e-01
-6.8999343595587248e-01
-7.8066383561554942e-01
-8.7841283081258104e-01
-9.8301411861132060e-01
-1.0940144258191942e+00
-1.2105588435658168e+00
-1.3319489425278470e+00
-1.4573069414119446e+00
-1.5850193537755775e+00
-1.7142628564048465e+00
-1.8431145505831108e+00
-1.9705465556847692e+00
-2.0943187072175968e+00
-2.2133890437378070e+00
-2.3260392326219645e+00
-2.4304555977173501e+00
-2.5256381450028806e+00
-2.6102680219554375e+00
-2.6832901660446420e+00
-2.7438126663003373e+00
-2.7911759711571684e+00
-2.8249871707480829e+00
-2.8451078720150913e+00
-2.8515960148855175e+00
-2.8446652461139581e+00
-2.8247199279364659e+00
-2.7923812248514182e+00
0.0000000000000000e+00
1.3464638167935297e-01
0.0000000000000000e+00
0.0000000000000000e+00
];
