%Vec Object:sol 1 MPI processes
%  type: mpi
sol = [
0.0000000000000000e+00
-2.1919707767864129e+01
-1.8674461638753414e+01
-1.6103942749621375e+01
-1.4028484475567019e+01
-1.2332183152892041e+01
-1.0913628424160208e+01
-9.6946065137494610e+00
-8.6425878489134895e+00
-7.7146477719642839e+00
-6.8933033989783468e+00
-6.1595369917027147e+00
-5.4985712458740936e+00
-4.9022275645533906e+00
-4.3627911716050818e+00
-3.8740474327462651e+00
-3.4307360252590855e+00
-3.0283752603999261e+00
-2.6646226002890558e+00
-2.3362297550691649e+00
-2.0397785743524213e+00
-1.7741436203180481e+00
-1.5360266291956408e+00
-1.3240067557134201e+00
-1.1359861629585886e+00
-9.6979712096217241e-01
-8.2386917257926551e-01
-6.9639019093474963e-01
-5.8562466824920889e-01
-4.8988472547668738e-01
-4.0761612510689854e-01
-3.3736512768716681e-01
-2.7777045768127501e-01
-2.2753636088539200e-01
-1.8541297589833788e-01
-1.5034779410746293e-01
-1.2135836669142629e-01
-9.7509720534193392e-02
-7.8028396070090059e-02
-6.2240887626490278e-02
-4.9506364818550419e-02
-3.9288497124902427e-02
-3.1174235629498209e-02
-2.4761794143837623e-02
-1.9693559488353579e-02
-1.5750405618395399e-02
-1.2703147720845227e-02
-1.0313903129236388e-02
-8.4931005797981348e-03
-7.1200061392364591e-03
-6.0411643838912243e-03
-5.2325879171803832e-03
-4.6380594949813241e-03
-4.1647794128581534e-03
-3.8096217168755455e-03
-3.5562083630683410e-03
-3.3467265206601148e-03
-3.1829792588768859e-03
-3.0703194303904648e-03
-2.9708240868248385e-03
-2.8837992239135499e-03
-2.8261880647756912e-03
-2.7716051740822685e-03
-2.7143485136169108e-03
-2.6775057430146968e-03
-2.6417123185560531e-03
-2.5962167051540785e-03
-2.5673191618342558e-03
-2.5401557224527882e-03
-2.4999448722956806e-03
-2.4745181474951296e-03
-2.4519887592670069e-03
-2.4148745274927236e-03
-2.3914754078586137e-03
-2.3718508675099124e-03
-2.3371349825759445e-03
-2.3153458384911740e-03
-2.2977164884312637e-03
-2.2651824487687931e-03
-2.2449054907386066e-03
-2.2286735635615468e-03
-2.1982481506688054e-03
-2.1794743082288667e-03
-2.1641825568253946e-03
-2.1358296766758223e-03
-2.1185681866668885e-03
-2.1038411391041921e-03
-2.0775311722489036e-03
-2.0617902294669181e-03
-2.0473116876000624e-03
-2.0230140575037830e-03
-2.0087968715702849e-03
-1.9942990934059450e-03
-1.9719811981521477e-03
-1.9592860565603178e-03
-1.9445421749857224e-03
-1.9241685562871296e-03
-1.9129884827500396e-03
-1.8978079716671680e-03
-1.8793422264507121e-03
-1.8696670755272810e-03
-1.8538950237543099e-03
-1.8372994492346646e-03
-1.8291157471557681e-03
-1.8126173010168743e-03
-1.7978532400254091e-03
-1.7911446796253115e-03
-1.7738075804510944e-03
-1.7608359522626319e-03
-1.7555840686781599e-03
-1.7373149136961305e-03
-1.7260955952519289e-03
-1.7197517122302019e-03
-1.7030045381281826e-03
-1.6934972536314665e-03
-1.6855369441334952e-03
-1.6707514954636170e-03
-1.6629158147492466e-03
-1.6533211450184247e-03
-1.6404414523790679e-03
-1.6342378321103639e-03
-1.6230091168072378e-03
-1.6119834626070135e-03
-1.6073771916669110e-03
-1.5945225046385192e-03
-1.5853113647383722e-03
-1.5813151474776182e-03
-1.5678440894447308e-03
-1.5604507700356833e-03
-1.5545393204180848e-03
-1.5431662614553579e-03
-1.5377408117230999e-03
-1.5302532738484820e-03
-1.5213742850542632e-03
-1.5185499984835481e-03
-1.5105459881131907e-03
-1.5055947675781556e-03
-1.5070893430808555e-03
-1.5021996615761750e-03
-1.5057012003432857e-03
-1.5147088714507506e-03
-1.5256496549633054e-03
-1.5507598044851279e-03
-1.5858790797641487e-03
-1.6384160629153029e-03
-1.7208025394655016e-03
-1.8311426753892294e-03
-1.9920518388219215e-03
-2.2196871306717800e-03
-2.5290354173384613e-03
-2.9598996538600748e-03
-3.5450082084125759e-03
-4.3349556545567080e-03
-5.4001340702282503e-03
-6.8130152809187140e-03
-8.6851481144961731e-03
-1.1145888117962122e-02
-1.4348918249993767e-02
-1.8500290646494163e-02
-2.3834003867504918e-02
-3.0639226463602835e-02
-3.9264056255251534e-02
-5.0104392919985682e-02
-6.3638847354245104e-02
-8.0407483175387803e-02
-1.0102140808108900e-01
-1.2617404848231209e-01
-1.5661822084583343e-01
-1.9317518037737133e-01
-2.3670613832113474e-01
-2.8809518502400067e-01
-3.4825521919887270e-01
-4.1805907356137961e-01
-4.9831366157652729e-01
-5.8971435729842703e-01
-6.9280217530821919e-01
-8.0789574571841605e-01
-9.3490659608820337e-01
-1.0735966504280305e+00
-1.2233877586106239e+00
-1.3831335648127381e+00
-1.5511785268921763e+00
-1.7259920939131377e+00
-1.9046929308975022e+00
-2.0852253151622326e+00
-2.2641859767351353e+00
-2.4387023822455975e+00
-2.6057181758320431e+00
-2.7620844469469565e+00
-2.9046469525929659e+00
-3.0309707016233713e+00
-3.1388307040396870e+00
-3.2263838378566887e+00
-3.2923302859393702e+00
-3.3356212093604380e+00
-3.3561761919963713e+00
-3.3542142889722446e+00
-3.3304074609074523e+00
-3.2858821331163659e+00
0.0000000000000000e+00
1.3464638167935297e-01
0.0000000000000000e+00
0.0000000000000000e+00
];
