%Vec Object:sol 1 MPI processes
%  type: mpi
sol = [
0.0000000000000000e+00
-1.6504798650417996e+01
-1.4597425411297582e+01
-1.3021210567298587e+01
-1.1691154466792787e+01
-1.0554344874796980e+01
-9.5798438654856017e+00
-8.7313472966160166e+00
-7.9821416760223256e+00
-7.3130651513534497e+00
-6.7130345477151367e+00
-6.1712884148002436e+00
-5.6782125659044773e+00
-5.2269051451625375e+00
-4.8124038924457766e+00
-4.4303714644010475e+00
-4.0770699161152155e+00
-3.7488021398402851e+00
-3.4443592533673111e+00
-3.1615712573719055e+00
-2.8985706465542824e+00
-2.6534119499361837e+00
-2.4257802012658698e+00
-2.2136584165278572e+00
-2.0168240708781164e+00
-1.8338603865517902e+00
-1.6644366983641019e+00
-1.5071899220476224e+00
-1.3620998199679297e+00
-1.2281943269502802e+00
-1.1047173380603090e+00
-9.9140093573306298e-01
-8.8757507545352310e-01
-7.9256082948669793e-01
-7.0585676825890109e-01
-6.2702872081124683e-01
-5.5555517895323936e-01
-4.9092267321626282e-01
-4.3264897598558738e-01
-3.8027450334173485e-01
-3.3329276064726487e-01
-2.9131255772612485e-01
-2.5395045719298126e-01
-2.2079881888312147e-01
-1.9145763752754894e-01
-1.6560542816032850e-01
-1.4290413561167842e-01
-1.2299747923091506e-01
-1.0564022827276258e-01
-9.0562054236870193e-02
-7.7463860348350302e-02
-6.6161398732879503e-02
-5.6449009204827663e-02
-4.8094405557168630e-02
-4.0955668074085225e-02
-3.4888655782028065e-02
-2.9720021843857518e-02
-2.5343019735082541e-02
-2.1664651408378959e-02
-1.8560137254804394e-02
-1.5950209695392542e-02
-1.3781754112929425e-02
-1.1967709707738250e-02
-1.0448967951718818e-02
-9.2017331526302853e-03
-8.1667234441089413e-03
-7.2987941178997125e-03
-6.5944894268641085e-03
-6.0140045536475088e-03
-5.5214565116113732e-03
-5.1266486320691255e-03
-4.8028147691458207e-03
-4.5200906068334984e-03
-4.2963013223632947e-03
-4.1130004941116061e-03
-3.9443563830961498e-03
-3.8125280618330269e-03
-3.7040784645930545e-03
-3.5961811811247172e-03
-3.5128303413059039e-03
-3.4433478870346096e-03
-3.3675442212129634e-03
-3.3096002806721975e-03
-3.2600940120274982e-03
-3.2015107480468713e-03
-3.1571464608868907e-03
-3.1178334277765733e-03
-3.0689900438584661e-03
-3.0323304326031492e-03
-2.9982642514054178e-03
-2.9554963499487832e-03
-2.9236993341905985e-03
-2.8923897137895457e-03
-2.8539314083038171e-03
-2.8256447821886389e-03
-2.7958135481018502e-03
-2.7608108352087796e-03
-2.7353896040842179e-03
-2.7063485731942320e-03
-2.6743764526060451e-03
-2.6515068286593153e-03
-2.6228647052155157e-03
-2.5937032442140042e-03
-2.5732343772441432e-03
-2.5447582000161745e-03
-2.5183074873540772e-03
-2.5001986365434862e-03
-2.4717917182443716e-03
-2.4480748053230814e-03
-2.4324257064850495e-03
-2.4041829253227398e-03
-2.3834374438701290e-03
-2.3680957622670565e-03
-2.3430071844155885e-03
-2.3259240045840623e-03
-2.3113430975184807e-03
-2.2911418967787992e-03
-2.2793811367776934e-03
-2.2677631152545155e-03
-2.2552759290983410e-03
-2.2525207616304298e-03
-2.2486509967555605e-03
-2.2499485730531517e-03
-2.2639626529940451e-03
-2.2777408508613205e-03
-2.3052754632681598e-03
-2.3507818845066148e-03
-2.4028899595281757e-03
-2.4811959584699053e-03
-2.5861354493802477e-03
-2.7169447026186484e-03
-2.8925309642156786e-03
-3.1140666689333405e-03
-3.3933015111218359e-03
-3.7510021345501104e-03
-4.1920028689774085e-03
-4.7435843925544285e-03
-5.4317728930041893e-03
-6.2706131810623357e-03
-7.3061380443577460e-03
-8.5721515048419895e-03
-1.0107663920627650e-02
-1.1973702455460016e-02
-1.4222346827300381e-02
-1.6924595690049539e-02
-2.0164434850720836e-02
-2.4020652185956011e-02
-2.8604111202606156e-02
-3.4028170961789887e-02
-4.0413567262493115e-02
-4.7911518272198979e-02
-5.6673403248963528e-02
-6.6871353423411675e-02
-7.8697393367235385e-02
-9.2345528281116515e-02
-1.0803806815372308e-01
-1.2600369576835113e-01
-1.4647766598240278e-01
-1.6971501703092595e-01
-1.9595406193681822e-01
-2.2545877056881009e-01
-2.5848546444749360e-01
-2.9527635276079511e-01
-3.3606545980302854e-01
-3.8106351503917540e-01
-4.3045382972590496e-01
-4.8438415997925127e-01
-5.4296140127154413e-01
-6.0623816773272909e-01
-6.7412290471443947e-01
-7.4657431671403440e-01
-8.2346801413104964e-01
-9.0458805760637262e-01
-9.8959269026354424e-01
-1.0778849879961665e+00
-1.1692065884509282e+00
-1.2629991991599527e+00
-1.3582461968687585e+00
-1.4546196347260332e+00
-1.5511022747750371e+00
-1.6468927256757586e+00
-1.7411801124924513e+00
-1.8329582791124230e+00
-1.9214287452889967e+00
-2.0057942826756783e+00
-2.0849481552452982e+00
-2.1584661117013244e+00
-2.2254703443393051e+00
-2.2851953435617554e+00
-2.3373321240034683e+00
-2.3814440285452805e+00
-2.4171477885031103e+00
-2.4439975581109499e+00
-2.4621524378682791e+00
-2.4715379793314027e+00
-2.4722615141311080e+00
-2.4644841136996916e+00
-2.4484553472375472e+00
-2.4245534560566151e+00
0.0000000000000000e+00
1.3464638167935297e-01
0.0000000000000000e+00
0.0000000000000000e+00
];
