%Vec Object:sol 1 MPI processes
%  type: mpi
sol = [
0.0000000000000000e+00
-8.1803911402967664e+00
-7.6429633358111451e+00
-7.1491352043362211e+00
-6.6913983735695721e+00
-6.2663664285198131e+00
-5.8707385701630184e+00
-5.5012795833339316e+00
-5.1555395666884447e+00
-4.8305283563674770e+00
-4.5220408578344662e+00
-4.2312766323187043e+00
-3.9568313275210070e+00
-3.6967437405147678e+00
-3.4493168294458254e+00
-3.2156914900334592e+00
-2.9936153489982673e+00
-2.7830184042893076e+00
-2.5839004959468914e+00
-2.3947636855849121e+00
-2.2161125849341983e+00
-2.0470955734177974e+00
-1.8875818520677694e+00
-1.7373694729107569e+00
-1.5956521490785109e+00
-1.4628091815870772e+00
-1.3382160169669992e+00
-1.2213789791343552e+00
-1.1124366788777211e+00
-1.0109977790381879e+00
-9.1661266988523227e-01
-8.2900167258503554e-01
-7.4800948866939698e-01
-6.7331998690550376e-01
-6.0461433996821212e-01
-5.4158020152530117e-01
-4.8387424329030732e-01
-4.3116722075329728e-01
-3.8323008458457219e-01
-3.3976893250564610e-01
-3.0046934495593913e-01
-2.6503468975154787e-01
-2.3320351082402310e-01
-2.0469039651072624e-01
-1.7920716142520493e-01
-1.5653492155926674e-01
-1.3642788966861411e-01
-1.1861356904986411e-01
-1.0292086405026141e-01
-8.9145792644449356e-02
-7.7049140576473274e-02
-6.6497271125454838e-02
-5.7329388183213481e-02
-4.9353252364968909e-02
-4.2459497102972088e-02
-3.6532041761931283e-02
-3.1422413246764050e-02
-2.7043283837271146e-02
-2.3317578124687228e-02
-2.0134664711709847e-02
-1.7425816120853220e-02
-1.5145766769504016e-02
-1.3214632087305398e-02
-1.1578335682860369e-02
-1.0216030484376583e-02
-9.0714839376463130e-03
-8.1015063218645555e-03
-7.3029294119273877e-03
-6.6368204390450719e-03
-6.0677623217862695e-03
-5.6046132159506944e-03
-5.2205080403888047e-03
-4.8854867723500403e-03
-4.6160137070494350e-03
-4.3932384875410473e-03
-4.1911411797451986e-03
-4.0305117605687890e-03
-3.8975210451209410e-03
-3.7692486341238678e-03
-3.6684760141092523e-03
-3.5842621424025814e-03
-3.4964528352857149e-03
-3.4282111866158430e-03
-3.3700000442830925e-03
-3.3044372459573503e-03
-3.2539805352426229e-03
-3.2094751888109363e-03
-3.1565171476450661e-03
-3.1161314300098206e-03
-3.0788408432342717e-03
-3.0335232057567959e-03
-2.9992832159833364e-03
-2.9658274592294902e-03
-2.9256494145324993e-03
-2.8956023027781447e-03
-2.8642215056943537e-03
-2.8279389457995796e-03
-2.8011288448036328e-03
-2.7708950269943150e-03
-2.7378969022990997e-03
-2.7138720511316133e-03
-2.6843019433976777e-03
-2.6543136441986880e-03
-2.6329053272204231e-03
-2.6037882463672752e-03
-2.5767711306752105e-03
-2.5580451146477111e-03
-2.5294465775187545e-03
-2.5056501537433209e-03
-2.4900124599513056e-03
-2.4624351981029171e-03
-2.4426301589089354e-03
-2.4286782649326948e-03
-2.4059425035887383e-03
-2.3919579992049229e-03
-2.3816052902046045e-03
-2.3672703573492664e-03
-2.3630851348686922e-03
-2.3614463274730106e-03
-2.3619860821796233e-03
-2.3758285854518233e-03
-2.3933302588325534e-03
-2.4217923178997004e-03
-2.4700158272044038e-03
-2.5270904870032065e-03
-2.6087909298611136e-03
-2.7217835873382277e-03
-2.8580342523254194e-03
-3.0403502644761413e-03
-3.2735408011441724e-03
-3.5620666452710801e-03
-3.9305311575323475e-03
-4.3873273935100682e-03
-4.9524007891816246e-03
-5.6558937026103843e-03
-6.5140273517225828e-03
-7.5666452847772394e-03
-8.8543474477155437e-03
-1.0408317095945124e-02
-1.2293164630243630e-02
-1.4564284708254114e-02
-1.7284969580540131e-02
-2.0542784299740428e-02
-2.4419490128232212e-02
-2.9018463557892751e-02
-3.4459854673505881e-02
-4.0862091952621978e-02
-4.8377538857581587e-02
-5.7164579275552824e-02
-6.7392178966899183e-02
-7.9260748831347178e-02
-9.2974100065938245e-02
-1.0875738617175877e-01
-1.2685550932293715e-01
-1.4751687754699455e-01
-1.7101413845530977e-01
-1.9762459889746972e-01
-2.2762912727031648e-01
-2.6131921821245679e-01
-2.9897833045089811e-01
-3.4088439848814683e-01
-3.8730223352285931e-01
-4.3847486290704413e-01
-4.9461593014143906e-01
-5.5590283867181267e-01
-6.2238250497980663e-01
-6.9415439260086009e-01
-7.7125734377496247e-01
-8.5362658073762787e-01
-9.4112028166126915e-01
-1.0333666196226277e+00
-1.1300209062216788e+00
-1.2308099500173610e+00
-1.3351683226360334e+00
-1.4421329662312385e+00
-1.5514488784282952e+00
-1.6619839507652263e+00
-1.7729837843303216e+00
-1.8835561263380269e+00
-1.9926123260415556e+00
-2.0992361931458383e+00
-2.2025964387328192e+00
-2.3012690702695089e+00
-2.3948413128675519e+00
-2.4823096847351089e+00
-2.5624831504801411e+00
-2.6350594392123923e+00
-2.6993636102549332e+00
-2.7548919002152474e+00
-2.8011721558239553e+00
-2.8379470456894991e+00
-2.8649827893010311e+00
-2.8822841081579731e+00
-2.8899877369230906e+00
-2.8881860744280190e+00
-2.8771594747975575e+00
-2.8572206400136224e+00
-2.8287570119747132e+00
-2.7922679222894047e+00
0.0000000000000000e+00
2.4055929233035767e-01
0.0000000000000000e+00
0.0000000000000000e+00
];
