%Vec Object:sol 1 MPI processes
%  type: mpi
sol = [
0.0000000000000000e+00
-1.2643696744925370e+01
-1.1519419233638105e+01
-1.0527958682780589e+01
-9.6605022927022688e+00
-8.8996646288998278e+00
-8.2275127389454799e+00
-7.6297438902416159e+00
-7.0948963593155234e+00
-6.6123178984431235e+00
-6.1741894687252596e+00
-5.7749120505908342e+00
-5.4086074061693417e+00
-5.0709375223574114e+00
-4.7587722951079572e+00
-4.4669024225387739e+00
-4.1951636797714418e+00
-3.9415841382578658e+00
-3.7044065467205596e+00
-3.4801819476663303e+00
-3.2697491632037607e+00
-3.0718787791323012e+00
-2.8842048742638613e+00
-2.7075262277261669e+00
-2.5399561970850186e+00
-2.3817841870944680e+00
-2.2317297453638321e+00
-2.0898516807619458e+00
-1.9552999817522003e+00
-1.8281877104184305e+00
-1.7073557664634558e+00
-1.5934051157672882e+00
-1.4854222982844987e+00
-1.3832309932729021e+00
-1.2868965286752769e+00
-1.1958126370071724e+00
-1.1097976685028506e+00
-1.0288507917793857e+00
-9.5271166888673553e-01
-8.8094391104445458e-01
-8.1353224494704413e-01
-7.5033783620683092e-01
-6.9115228829517761e-01
-6.3578996734826476e-01
-5.8400079881066402e-01
-5.3564778676994129e-01
-4.9062022784410220e-01
-4.4873905197491504e-01
-4.0985517387345388e-01
-3.7381309219791525e-01
-3.4043763244924863e-01
-3.0960096563810163e-01
-2.8116201678139136e-01
-2.5494864482397123e-01
-2.3083240644134712e-01
-2.0871558233414811e-01
-1.8844714253806788e-01
-1.6991604684384470e-01
-1.5301657100521959e-01
-1.3761446390233290e-01
-1.2360616467722692e-01
-1.1090538808460686e-01
-9.9395777525976545e-02
-8.8981810954161134e-02
-7.9596126408441312e-02
-7.1140271453543888e-02
-6.3527540213334122e-02
-5.6708192260710347e-02
-5.0600731636304186e-02
-4.5127945117743602e-02
-4.0255772724461077e-02
-3.5918071399671313e-02
-3.2047365782776741e-02
-2.8622980387265046e-02
-2.5592092412875900e-02
-2.2896798928114831e-02
-2.0527356678407379e-02
-1.8442024618068095e-02
-1.6592002990941296e-02
-1.4976049882395827e-02
-1.3561253727417927e-02
-1.2307277508606872e-02
-1.1219109645429541e-02
-1.0270547972764747e-02
-9.4290279965997745e-03
-8.7037507447011164e-03
-8.0733320336670682e-03
-7.5123325231362080e-03
-7.0324514719037074e-03
-6.6155115435531488e-03
-6.2426535830307061e-03
-5.9266786217365254e-03
-5.6513015299758558e-03
-5.4038310351032376e-03
-5.1970815649517201e-03
-5.0156338928667573e-03
-4.8526942108829824e-03
-4.7202872348893208e-03
-4.6031036220260937e-03
-4.5001140658282928e-03
-4.4220079041417653e-03
-4.3530794947789133e-03
-4.2980552011911031e-03
-4.2659811097316720e-03
-4.2404684509691282e-03
-4.2321346902366190e-03
-4.2482844125839954e-03
-4.2717744277844328e-03
-4.3193830496014926e-03
-4.3967856823942933e-03
-4.4862282512116627e-03
-4.6110649829249053e-03
-4.7731610567237131e-03
-4.9620527667798313e-03
-5.2007102593454990e-03
-5.4897698060197009e-03
-5.8281367126136081e-03
-6.2376799348431052e-03
-6.7191243939105482e-03
-7.2815377061221254e-03
-7.9466963228373676e-03
-8.7164997957662072e-03
-9.6111527858177993e-03
-1.0653591646453828e-02
-1.1848220859000563e-02
-1.3227519686847137e-02
-1.4816096443317035e-02
-1.6625218705629278e-02
-1.8698014221940965e-02
-2.1060854604787335e-02
-2.3740795097394584e-02
-2.6785411336632578e-02
-3.0227041914776809e-02
-3.4109434275861238e-02
-3.8485984684333653e-02
-4.3396353024250017e-02
-4.8901331772560695e-02
-5.5060624802951673e-02
-6.1923110046735168e-02
-6.9564793825683299e-02
-7.8049374663671303e-02
-8.7442737980247751e-02
-9.7825757350478340e-02
-1.0926804824671597e-01
-1.2184894700036704e-01
-1.3565148946665373e-01
-1.5074421636214802e-01
-1.6720904784975579e-01
-1.8513055263342351e-01
-2.0458218897973163e-01
-2.2564426172847879e-01
-2.4838553424773879e-01
-2.7287266618796591e-01
-2.9916830707795128e-01
-3.2732347813994817e-01
-3.5738452355021300e-01
-3.8938600313954036e-01
-4.2335120598437759e-01
-4.5929036477712654e-01
-4.9716565546960995e-01
-5.3694598280600925e-01
-5.7862595622920454e-01
-6.2215710810564939e-01
-6.6746305995266986e-01
-7.1445527737539249e-01
-7.6295273382819473e-01
-8.1280332290531254e-01
-8.6393749477866633e-01
-9.1618667678563859e-01
-9.6929220184173981e-01
-1.0229636632767316e+00
-1.0771252312208914e+00
-1.1315630950817663e+00
-1.1857302727918890e+00
-1.2396575335730087e+00
-1.2930468505561492e+00
-1.3453727019662409e+00
-1.3966952034450957e+00
-1.4464522558720334e+00
-1.4945665629394760e+00
-1.5406949507790040e+00
-1.5845902314674978e+00
-1.6260377913132673e+00
-1.6648090992369062e+00
-1.7006749902652436e+00
-1.7335572950510461e+00
-1.7631110250487492e+00
-1.7894936731880713e+00
-1.8122001199778619e+00
-1.8314898309847429e+00
-1.8471917947575283e+00
-1.8591545674774990e+00
-1.8675856085610814e+00
-1.8723260579727132e+00
-1.8734184237040339e+00
-1.8710802137277547e+00
-1.8652064889101578e+00
-1.8559198354077384e+00
-1.8434846669166305e+00
0.0000000000000000e+00
1.3464638167935297e-01
0.0000000000000000e+00
0.0000000000000000e+00
];
