%Vec Object:sol 1 MPI processes
%  type: mpi
sol = [
0.0000000000000000e+00
-7.2852298683432810e+00
-6.8570534567870700e+00
-6.4546420781779839e+00
-6.0829911863322934e+00
-5.7377520664124502e+00
-5.4152427556887339e+00
-5.1102541186824650e+00
-4.8226839399827428e+00
-4.5520536236732365e+00
-4.2963314401652815e+00
-4.0517981820128215e+00
-3.8206561155016390e+00
-3.6011014328952746e+00
-3.3907585964374656e+00
-3.1915679746654457e+00
-3.0007572803676275e+00
-2.8191578547991383e+00
-2.6459937510217642e+00
-2.4807471324560271e+00
-2.3231172593783267e+00
-2.1731462684174314e+00
-2.0300230770102639e+00
-1.8942723892471096e+00
-1.7645939403788087e+00
-1.6418371683984680e+00
-1.5253766689106074e+00
-1.4147426910156002e+00
-1.3103004504948468e+00
-1.2117356439958924e+00
-1.1183919647586817e+00
-1.0306121830021164e+00
-9.4814304952982187e-01
-8.7077947121852539e-01
-7.9820070662492948e-01
-7.3027818838810776e-01
-6.6692639311088275e-01
-6.0794708527275176e-01
-5.5314553007344114e-01
-5.0233240511653099e-01
-4.5530926647027337e-01
-4.1183302273609507e-01
-3.7176826568640392e-01
-3.3495213559464287e-01
-3.0118236449482949e-01
-2.7030105343842264e-01
-2.4212754049556187e-01
-2.1645429695492605e-01
-1.9314818145816498e-01
-1.7204575079287701e-01
-1.5294790745971568e-01
-1.3573931603299660e-01
-1.2027739797072994e-01
-1.0638673841542964e-01
-9.3960925707244444e-02
-8.2884116384006348e-02
-7.3007269849127254e-02
-6.4234370346264127e-02
-5.6476527174771349e-02
-4.9611320593273577e-02
-4.3554096843783287e-02
-3.8241231251036296e-02
-3.3575287123234876e-02
-2.9483076842791670e-02
-2.5923261940099161e-02
-2.2820474174746658e-02
-2.0112355860576407e-02
-1.7776153150988207e-02
-1.5754964782635533e-02
-1.3996179439600746e-02
-1.2491700694019111e-02
-1.1199349196773503e-02
-1.0074944948947577e-02
-9.1213202990369224e-03
-8.3074880056479075e-03
-7.5964076665858311e-03
-6.9985462373812219e-03
-6.4910096054713925e-03
-6.0427938580849324e-03
-5.6692531597713402e-03
-5.3530126625303672e-03
-5.0682693594570971e-03
-4.8330787125006004e-03
-4.6335406760730788e-03
-4.4484952019424101e-03
-4.2970286945014256e-03
-4.1671500994699441e-03
-4.0420300875785688e-03
-3.9405521338768627e-03
-3.8514695539192275e-03
-3.7621646091148863e-03
-3.6904332620347029e-03
-3.6249272876792468e-03
-3.5572590545975401e-03
-3.5035197007377244e-03
-3.4516566908625317e-03
-3.3976196949218273e-03
-3.3553788752183193e-03
-3.3117595641452184e-03
-3.2672069597348072e-03
-3.2333053519952898e-03
-3.1954854717826018e-03
-3.1588691214424693e-03
-3.1325142959794049e-03
-3.1002945675364128e-03
-3.0722291205591721e-03
-3.0548106462410397e-03
-3.0303037781637602e-03
-3.0138854963256021e-03
-3.0095579980147936e-03
-2.9980490370012792e-03
-3.0000244065923245e-03
-3.0147522056909893e-03
-3.0290419481352544e-03
-3.0621114619914483e-03
-3.1108823124174250e-03
-3.1701641129941479e-03
-3.2569094369453034e-03
-3.3668747481716017e-03
-3.5036053996434350e-03
-3.6827567756689216e-03
-3.9000024574653903e-03
-4.1687253744130768e-03
-4.5047102696737255e-03
-4.9051287618154535e-03
-5.3948185075339567e-03
-5.9907578493185757e-03
-6.6966496581696020e-03
-7.5482038010145818e-03
-8.5647691597409426e-03
-9.7669310484082787e-03
-1.1196783979176715e-02
-1.2882107610362655e-02
-1.4863689340537386e-02
-1.7193934445690194e-02
-1.9913249292007457e-02
-2.3086438357329594e-02
-2.6780256720623393e-02
-3.1053132356187656e-02
-3.5995501193514835e-02
-4.1691244552652482e-02
-4.8230599432857256e-02
-5.5725712948222636e-02
-6.4282529890102219e-02
-7.4024530274001757e-02
-8.5086627839429010e-02
-9.7599186901355772e-02
-1.1171726583582851e-01
-1.2759535187819029e-01
-1.4539032602442509e-01
-1.6527654525774865e-01
-1.8742251563018317e-01
-2.1200288490286684e-01
-2.3919560160251474e-01
-2.6917000554428494e-01
-3.0209736213232136e-01
-3.3813813381458530e-01
-3.7744077471078524e-01
-4.2014087360687913e-01
-4.6635523966135228e-01
-5.1616754221395655e-01
-5.6955899759173279e-01
-6.2663667417459601e-01
-6.8739205975284434e-01
-7.5178486585575854e-01
-8.1973652893368976e-01
-8.9105114223282100e-01
-9.6542399604122087e-01
-1.0427797842432802e+00
-1.1228434035666530e+00
-1.2051401106123283e+00
-1.2892028352147300e+00
-1.3748376001393212e+00
-1.4613268841220606e+00
-1.5481555086651773e+00
-1.6350440589498643e+00
-1.7208571531902173e+00
-1.8056768996332981e+00
-1.8882021225563927e+00
-1.9685113057848516e+00
-2.0453965327092658e+00
-2.1187530545268638e+00
-2.1879028482043457e+00
-2.2521684044618975e+00
-2.3114140227899513e+00
-2.3651647821460853e+00
-2.4127608086551997e+00
-2.4542660094058180e+00
-2.4894617011420639e+00
-2.5181166798797845e+00
-2.5400307544175527e+00
-2.5551840331441880e+00
-2.5637016924071503e+00
-2.5656871885171877e+00
-2.5612138341067636e+00
-2.5504854666386989e+00
-2.5337037247313519e+00
-2.5111111358360780e+00
-2.4830346387494813e+00
0.0000000000000000e+00
2.4055929233035767e-01
0.0000000000000000e+00
0.0000000000000000e+00
];
