%Vec Object:sol 1 MPI processes
%  type: mpi
sol = [
0.0000000000000000e+00
-7.4491312952422444e+00
-7.0021010831793680e+00
-6.5833959363085235e+00
-6.1961901956287173e+00
-5.8367133472425339e+00
-5.5011252771069010e+00
-5.1860591449590636e+00
-4.8871946444023200e+00
-4.6060747922171510e+00
-4.3409174013845124e+00
-4.0887839397516990e+00
-3.8491041565823232e+00
-3.6221842336534928e+00
-3.4053546673141679e+00
-3.1992846304128828e+00
-3.0033009035217990e+00
-2.8157162469073640e+00
-2.6381099735100055e+00
-2.4678067407510542e+00
-2.3064743249292148e+00
-2.1523424929156731e+00
-2.0062195087948131e+00
-1.8671523941458235e+00
-1.7351466909186710e+00
-1.6103605619630079e+00
-1.4917143056228737e+00
-1.3796933592175105e+00
-1.2741417761199239e+00
-1.1744345189853020e+00
-1.0805424721877721e+00
-9.9246900906634783e-01
-9.0993619608422838e-01
-8.3264382880157339e-01
-7.6034571642614235e-01
-6.9299924666735557e-01
-6.3038836056575709e-01
-5.7229520736712414e-01
-5.1850903306537410e-01
-4.6882449722916930e-01
-4.2298153718875225e-01
-3.8079042593686008e-01
-3.4210322940025284e-01
-3.0670802224864185e-01
-2.7438614734227129e-01
-2.4496804925534962e-01
-2.1825986669470665e-01
-1.9404019283772014e-01
-1.7216745417438512e-01
-1.5246863659654428e-01
-1.3473457717205514e-01
-1.1884451220411334e-01
-1.0465004272911096e-01
-9.1969849919302168e-02
-8.0694713912974947e-02
-7.0706409275878332e-02
-6.1853483946230955e-02
-5.4039469825477908e-02
-4.7175756823479069e-02
-4.1140133945947656e-02
-3.5849298638326428e-02
-3.1241707650650347e-02
-2.7221846742356524e-02
-2.3719031052992605e-02
-2.0694997992048134e-02
-1.8077208350387130e-02
-1.5806346757793275e-02
-1.3863075033801098e-02
-1.2193599230727575e-02
-1.0748400683096499e-02
-9.5226771666660440e-03
-8.4772057791684466e-03
-7.5706230399435913e-03
-6.8086580819817829e-03
-6.1628841154828529e-03
-5.5986278003379540e-03
-5.1287328306486961e-03
-4.7323701788279608e-03
-4.3804006303906750e-03
-4.0900220198137136e-03
-3.8454297656664439e-03
-3.6222106253808017e-03
-3.4397838964328109e-03
-3.2853830074102237e-03
-3.1388336300822938e-03
-3.0201902064157567e-03
-2.9182407036944785e-03
-2.8168235674223413e-03
-2.7354843717736698e-03
-2.6634852869544027e-03
-2.5886412249771051e-03
-2.5291850323217930e-03
-2.4740806088635512e-03
-2.4152073322294657e-03
-2.3689323392983050e-03
-2.3233752661488342e-03
-2.2746391445497101e-03
-2.2368549352054573e-03
-2.1969187385044264e-03
-2.1553492082735421e-03
-2.1238033749571596e-03
-2.0877018891860841e-03
-2.0521759989212212e-03
-2.0262776215461209e-03
-1.9937922857457763e-03
-1.9646827123658388e-03
-1.9453479249465354e-03
-1.9178710646452538e-03
-1.8972860883796233e-03
-1.8873856322843845e-03
-1.8685865535635728e-03
-1.8612835022427409e-03
-1.8643626462668535e-03
-1.8641516047483726e-03
-1.8793859856512524e-03
-1.9063614223884728e-03
-1.9391547114694398e-03
-1.9939293880306495e-03
-2.0654704538423147e-03
-2.1562321002447766e-03
-2.2806574727421520e-03
-2.4329778728775253e-03
-2.6250025931763795e-03
-2.8707507315415986e-03
-3.1653457425928453e-03
-3.5314489776364370e-03
-3.9835940984120953e-03
-4.5227256330454641e-03
-5.1816836607586556e-03
-5.9766085770524341e-03
-6.9246181774818127e-03
-8.0642160818422612e-03
-9.4192542606492350e-03
-1.1026470362408948e-02
-1.2934126340630467e-02
-1.5178212877043551e-02
-1.7819271345021023e-02
-2.0919787235558287e-02
-2.4534206313706345e-02
-2.8750245631408999e-02
-3.3647244553134108e-02
-3.9312371579822564e-02
-4.5855672099627182e-02
-5.3379860529542154e-02
-6.2007794483745132e-02
-7.1876137841954874e-02
-8.3116919726523464e-02
-9.5889174453498136e-02
-1.1035285232735904e-01
-1.2667205645491264e-01
-1.4503137441006081e-01
-1.6561122914449192e-01
-1.8860109423891433e-01
-2.1419673527213501e-01
-2.4258711007037609e-01
-2.7396696737353110e-01
-3.0852237013064210e-01
-3.4642930132249439e-01
-3.8785419623512535e-01
-4.3294496561178369e-01
-4.8182781213567860e-01
-5.3460215173732906e-01
-5.9124384110295158e-01
-6.5184738373295659e-01
-7.1640858746994618e-01
-7.8487750422256219e-01
-8.5714576801922415e-01
-9.3298115710711305e-01
-1.0120638368937438e+00
-1.0942725605651631e+00
-1.1793089161872279e+00
-1.2665089955386282e+00
-1.3555521622768745e+00
-1.4461059059302519e+00
-1.5371786043248707e+00
-1.6285798838999055e+00
-1.7194782173183951e+00
-1.8092215087318091e+00
-1.8972372266214894e+00
-1.9827635411190914e+00
-2.0651508400702698e+00
-2.1440057487034934e+00
-2.2181856483722138e+00
-2.2876816330331198e+00
-2.3518588186111926e+00
-2.4098799897428882e+00
-2.4617555959250028e+00
-2.5071078840556984e+00
-2.5456763758811864e+00
-2.5770290359822043e+00
-2.6012097294171550e+00
-2.6182265900049457e+00
-2.6280645047301960e+00
-2.6308324475213327e+00
-2.6266129457298857e+00
-2.6156267236488606e+00
-2.5980981814522766e+00
-2.5742971986581562e+00
-2.5445832043570551e+00
0.0000000000000000e+00
2.4055929233035767e-01
0.0000000000000000e+00
0.0000000000000000e+00
];
