%Vec Object:sol 1 MPI processes
%  type: mpi
sol = [
0.0000000000000000e+00
-2.4779440576577539e+01
-2.0672686629125522e+01
-1.7519071727899217e+01
-1.5042747081441229e+01
-1.3040614628428845e+01
-1.1379626136338800e+01
-9.9733188331925007e+00
-8.7581702024349006e+00
-7.7006581601990352e+00
-6.7665427715330333e+00
-5.9397194508152094e+00
-5.2026313665693911e+00
-4.5435728968984739e+00
-3.9543279038940966e+00
-3.4277794969814437e+00
-2.9579989104227700e+00
-2.5403241734689344e+00
-2.1701630117209647e+00
-1.8435175738169916e+00
-1.5567732803905960e+00
-1.3067523515777879e+00
-1.0897035577335981e+00
-9.0282540843680792e-01
-7.4302272235223432e-01
-6.0734231505743386e-01
-4.9292307952078673e-01
-3.9728019608624165e-01
-3.1795212262423600e-01
-2.5271407876431451e-01
-1.9950827296909582e-01
-1.5642679844806986e-01
-1.2188333324527562e-01
-9.4429294398991948e-02
-7.2737502938060153e-02
-5.5781681685033405e-02
-4.2655385924965802e-02
-3.2539194652482610e-02
-2.4818043396982351e-02
-1.8998095590606306e-02
-1.4623867286212809e-02
-1.1348282984881134e-02
-8.9454778476589000e-03
-7.1876633454108782e-03
-5.8775355675589102e-03
-4.9430868553077328e-03
-4.2839250743958862e-03
-3.7738023768197995e-03
-3.4203415326884748e-03
-3.1841749236086246e-03
-2.9793875614027012e-03
-2.8382548426483241e-03
-2.7500431049337793e-03
-2.6583929342815353e-03
-2.5893957682438084e-03
-2.5496144697770826e-03
-2.4990323696628810e-03
-2.4532714695948373e-03
-2.4282515327338546e-03
-2.3940018473482369e-03
-2.3558333852491029e-03
-2.3351784687425914e-03
-2.3089270129759993e-03
-2.2737886161567017e-03
-2.2546274769598734e-03
-2.2333288578509224e-03
-2.2000387214265366e-03
-2.1817225634114764e-03
-2.1639597203023742e-03
-2.1322768385060925e-03
-2.1147494245065878e-03
-2.0996370285902167e-03
-2.0695525139531466e-03
-2.0528907181587832e-03
-2.0397558927105525e-03
-2.0113053288065073e-03
-1.9956018875552828e-03
-1.9838909810757721e-03
-1.9571089600716155e-03
-1.9424456109660747e-03
-1.9316914163361181e-03
-1.9066026607391059e-03
-1.8930460987593742e-03
-1.8828517575098297e-03
-1.8594704305331330e-03
-1.8470730798059926e-03
-1.8371010854401418e-03
-1.8154320404479801e-03
-1.8042339431407039e-03
-1.7941977478525509e-03
-1.7742385058197791e-03
-1.7642696859573764e-03
-1.7539271449041440e-03
-1.7356697713090416e-03
-1.7269523783861585e-03
-1.7160996682985101e-03
-1.6995310680935900e-03
-1.6920799011824481e-03
-1.6805476573788607e-03
-1.6656520307831526e-03
-1.6594770596016146e-03
-1.6471299543575606e-03
-1.6338886623322422e-03
-1.6289950059614876e-03
-1.6157162794653262e-03
-1.6041081934423428e-03
-1.6004965677255064e-03
-1.5861904603225404e-03
-1.5761923830620132e-03
-1.5738596600174686e-03
-1.5584475596368064e-03
-1.5500335186704104e-03
-1.5464435351979554e-03
-1.5323936342761663e-03
-1.5255358072839272e-03
-1.5201759316911566e-03
-1.5079395418387991e-03
-1.5026083129436878e-03
-1.4954709386544003e-03
-1.4850016156512931e-03
-1.4811661400509373e-03
-1.4722592325667565e-03
-1.4635111979115546e-03
-1.4611403351113797e-03
-1.4504720236630569e-03
-1.4434001838280251e-03
-1.4414922699876470e-03
-1.4300456420800755e-03
-1.4246065772022536e-03
-1.4205587536686595e-03
-1.4109272701106317e-03
-1.4070814069395527e-03
-1.4009425089331221e-03
-1.3930828682344129e-03
-1.3908056761680911e-03
-1.3826594426734954e-03
-1.3765697675329719e-03
-1.3754843730981415e-03
-1.3659301250815760e-03
-1.3617819120151167e-03
-1.3588786846375682e-03
-1.3518663321103370e-03
-1.3505228222715241e-03
-1.3473039864204939e-03
-1.3450210697951257e-03
-1.3499080314879294e-03
-1.3517709953915567e-03
-1.3622649458574273e-03
-1.3831651454401363e-03
-1.4107794984076646e-03
-1.4609654774354131e-03
-1.5359806463669870e-03
-1.6481855618585117e-03
-1.8205601285075776e-03
-2.0673600127127699e-03
-2.4299607714893122e-03
-2.9540476378931329e-03
-3.6950846855567897e-03
-4.7463763559243066e-03
-6.2141676005062606e-03
-8.2468909774192981e-03
-1.1041621175699788e-02
-1.4836264801975403e-02
-1.9953379250596114e-02
-2.6785694298155058e-02
-3.5817809581990677e-02
-4.7654019427282826e-02
-6.3008275829977936e-02
-8.2737283209457071e-02
-1.0783944415669557e-01
-1.3945026151538936e-01
-1.7885799798347984e-01
-2.2746756594965339e-01
-2.8676487309339738e-01
-3.5830553868524051e-01
-4.4364005019119662e-01
-5.4422656586894025e-01
-6.6134222424734646e-01
-7.9597376750967841e-01
-9.4869049662938187e-01
-1.1192929113140901e+00
-1.3072827290154727e+00
-1.5113458478319926e+00
-1.7287762280134633e+00
-1.9570471051963949e+00
-2.1916535905833054e+00
-2.4285286037753022e+00
-2.6624101046777908e+00
-2.8876185754767172e+00
-3.0990280090662727e+00
-3.2914236599024842e+00
-3.4600700604932841e+00
-3.6009840793989296e+00
-3.7108223111827043e+00
-3.7874656899324717e+00
-3.8300710783143712e+00
-3.8384538956087058e+00
-3.8130539449339369e+00
-3.7561746498851343e+00
0.0000000000000000e+00
1.3464638167935297e-01
0.0000000000000000e+00
0.0000000000000000e+00
];
