%Vec Object:sol 1 MPI processes
%  type: mpi
sol = [
0.0000000000000000e+00
-2.9302370362820998e+01
-2.3664359651402112e+01
-1.9516463293006865e+01
-1.6373397273941105e+01
-1.3875826409295174e+01
-1.1834619209952161e+01
-1.0126398397706334e+01
-8.6703411653712976e+00
-7.4127952677118545e+00
-6.3203272029009439e+00
-5.3662862318175861e+00
-4.5324921971994101e+00
-3.8049302517843628e+00
-3.1724068580098863e+00
-2.6248629513940021e+00
-2.1540995100058309e+00
-1.7525966010893044e+00
-1.4129253989846611e+00
-1.1283147638960549e+00
-8.9233056723321258e-01
-6.9865960429834395e-01
-5.4140228435431370e-01
-4.1527029343159882e-01
-3.1525283397376186e-01
-2.3688878147492171e-01
-1.7625241902207978e-01
-1.2988622549349815e-01
-9.4837313925111424e-02
-6.8708255605555227e-02
-4.9470965881832148e-02
-3.5416860253108209e-02
-2.5325756590360529e-02
-1.8178868826274973e-02
-1.3116168735817352e-02
-9.6061403634163430e-03
-7.2169288123112496e-03
-5.5694484803894811e-03
-4.4510647976783203e-03
-3.7223507236973864e-03
-3.2308078591954652e-03
-2.8850724747135690e-03
-2.6714299212182223e-03
-2.5334331186365844e-03
-2.4105775058347188e-03
-2.3390719043762088e-03
-2.3020769594987375e-03
-2.2371428986984574e-03
-2.2004122289691914e-03
-2.1885492695327461e-03
-2.1421184830957597e-03
-2.1128571241363549e-03
-2.1039966097137876e-03
-2.0690832186408331e-03
-2.0412763582821677e-03
-2.0320619496580106e-03
-2.0047868621197095e-03
-1.9774198314388785e-03
-1.9674788163483569e-03
-1.9460333270794705e-03
-1.9191112062164402e-03
-1.9086352944241809e-03
-1.8917876811747260e-03
-1.8654793895838996e-03
-1.8547283251192943e-03
-1.8414930319078115e-03
-1.8159695616468427e-03
-1.8051827923389763e-03
-1.7947274723321357e-03
-1.7701380527230003e-03
-1.7595243891326666e-03
-1.7511479324215961e-03
-1.7276176105821513e-03
-1.7173554936086512e-03
-1.7104651148119837e-03
-1.6880965030910175e-03
-1.6783367525388219e-03
-1.6724301610739536e-03
-1.6513050840400666e-03
-1.6421733350181541e-03
-1.6368241214253371e-03
-1.6170060810515067e-03
-1.6086058918015182e-03
-1.6034520099388015e-03
-1.5849885521699060e-03
-1.5774043007362631e-03
-1.5721386112467607e-03
-1.5550637883593908e-03
-1.5483635660440121e-03
-1.5427263067969465e-03
-1.5270634619772010e-03
-1.5213022081077795e-03
-1.5150751838302946e-03
-1.5008395859649256e-03
-1.4960620018206095e-03
-1.4890632735371319e-03
-1.4762631948341783e-03
-1.4725050431484482e-03
-1.4645858044827406e-03
-1.4532256758757471e-03
-1.4505169125116426e-03
-1.4415615361939532e-03
-1.4316421337517554e-03
-1.4300070272930507e-03
-1.4199175646017197e-03
-1.4114361083061246e-03
-1.4108932493538775e-03
-1.3995912472359467e-03
-1.3925411123212193e-03
-1.3931032107398040e-03
-1.3805251062337942e-03
-1.3748944529779217e-03
-1.3740375589929459e-03
-1.3626651200262672e-03
-1.3584377813538517e-03
-1.3556601109304086e-03
-1.3459552191343513e-03
-1.3431114779552647e-03
-1.3384150759415616e-03
-1.3303405785588052e-03
-1.3288587584273336e-03
-1.3222607762697750e-03
-1.3157799608159112e-03
-1.3156379986407100e-03
-1.3071557154931998e-03
-1.3022324626058349e-03
-1.3024371801600026e-03
-1.2930627021900097e-03
-1.2896617052829407e-03
-1.2876167768209154e-03
-1.2799508373295592e-03
-1.2780370365632926e-03
-1.2737930741450706e-03
-1.2677893859714044e-03
-1.2673276982356006e-03
-1.2609455690431018e-03
-1.2565589934489169e-03
-1.2570961494750498e-03
-1.2490457826726357e-03
-1.2462325447710944e-03
-1.2444063255928151e-03
-1.2380721725951565e-03
-1.2367926911043114e-03
-1.2326815999151063e-03
-1.2280277745481951e-03
-1.2282689363101902e-03
-1.2220015925459018e-03
-1.2190798634970944e-03
-1.2186056188446513e-03
-1.2129627234079771e-03
-1.2123217702315347e-03
-1.2107606956588315e-03
-1.2090238004851630e-03
-1.2137737689141236e-03
-1.2165784349059366e-03
-1.2277096620660678e-03
-1.2506748548933968e-03
-1.2844788616029109e-03
-1.3480009042062973e-03
-1.4505718042037224e-03
-1.6165802264142988e-03
-1.8869014953077383e-03
-2.3058744313341553e-03
-2.9617649552693237e-03
-3.9690269331353108e-03
-5.4902383847169065e-03
-7.7689540235733635e-03
-1.1127428532555243e-02
-1.6018949619226303e-02
-2.3051678346113519e-02
-3.3018153667866729e-02
-4.6965246659837645e-02
-6.6209714005002696e-02
-9.2395339388964048e-02
-1.2752652773058232e-01
-1.7397060682964446e-01
-2.3446654528650845e-01
-3.1205187286106612e-01
-4.0995676050293023e-01
-5.3150410858281860e-01
-6.7983060176168286e-01
-8.5760614119086864e-01
-1.0667002596664075e+00
-1.3075752395498588e+00
-1.5792839652269526e+00
-1.8791379351167365e+00
-2.2016185188567303e+00
-2.5399381832960231e+00
-2.8849972570778348e+00
-3.2259570637670172e+00
-3.5514025302818468e+00
-3.8497237553987382e+00
-4.1101639734524449e+00
-4.3237807924227658e+00
-4.4830801969781087e+00
-4.5836104772103399e+00
-4.6233368525480554e+00
-4.6032498050091748e+00
-4.5256172010750069e+00
0.0000000000000000e+00
1.3464638167935297e-01
0.0000000000000000e+00
0.0000000000000000e+00
];
