%Vec Object:sol 1 MPI processes
%  type: mpi
sol = [
0.0000000000000000e+00
-1.6832538995129532e+01
-1.4853345556868879e+01
-1.3224860678926905e+01
-1.1847260769610074e+01
-1.0679687266505548e+01
-9.6799751056844272e+00
-8.8088706062577256e+00
-8.0386393813991859e+00
-7.3549578588543598e+00
-6.7419061128839948e+00
-6.1884438955584340e+00
-5.6847980706600172e+00
-5.2239631991374145e+00
-4.8009000068165868e+00
-4.4112097801750636e+00
-4.0510707354745064e+00
-3.7177630556712655e+00
-3.4084412089676452e+00
-3.1209958652239247e+00
-2.8542785999683056e+00
-2.6065333221584557e+00
-2.3761862440074801e+00
-2.1626108286803145e+00
-1.9641581978639335e+00
-1.7806296608183467e+00
-1.6106128067710392e+00
-1.4536156666172630e+00
-1.3091174950887332e+00
-1.1758645345829024e+00
-1.0536371652577998e+00
-9.4181734833516850e-01
-8.3966831352449067e-01
-7.4648484092541278e-01
-6.6188009821088822e-01
-5.8527047541846322e-01
-5.1610468859902092e-01
-4.5383638391150022e-01
-3.9795604827787734e-01
-3.4794262804529213e-01
-3.0333624318188995e-01
-2.6369765795202027e-01
-2.2861314469689803e-01
-1.9765825888350161e-01
-1.7041834605789943e-01
-1.4656317244919884e-01
-1.2574634071857091e-01
-1.0760444215349403e-01
-9.1890634625726608e-02
-7.8333279961088131e-02
-6.6632745540828514e-02
-5.6608076713548304e-02
-4.8057208996708116e-02
-4.0751887711086135e-02
-3.4556216575304041e-02
-2.9332376349199763e-02
-2.4913317353386383e-02
-2.1199373128800676e-02
-1.8104694124061672e-02
-1.5511295860932256e-02
-1.3346772919648699e-02
-1.1564708896963484e-02
-1.0084216874811393e-02
-8.8520735212389099e-03
-7.8500585078460153e-03
-7.0239057579704186e-03
-6.3330761920450552e-03
-5.7783627397853853e-03
-5.3237046093082101e-03
-4.9365614295238287e-03
-4.6297497861539924e-03
-4.3791091453917177e-03
-4.1570484939801580e-03
-3.9834016795331937e-03
-3.8414282176453844e-03
-3.7067550863119580e-03
-3.6028084270838408e-03
-3.5172082262296994e-03
-3.4280154012948116e-03
-3.3599842699445319e-03
-3.3030592339610637e-03
-3.2375641074218228e-03
-3.1881154992387099e-03
-3.1456406954928785e-03
-3.0929082982642268e-03
-3.0534538443741056e-03
-3.0182967711679803e-03
-2.9730048170577557e-03
-2.9394191659216809e-03
-2.9080451743674070e-03
-2.8676631120606046e-03
-2.8380110536512901e-03
-2.8086519914781649e-03
-2.7719864924294741e-03
-2.7453679892385165e-03
-2.7171012275685903e-03
-2.6835766087094474e-03
-2.6595635278604465e-03
-2.6318688355305114e-03
-2.6011891233846283e-03
-2.5795656429572840e-03
-2.5521246124447783e-03
-2.5241221601355339e-03
-2.5047723025236291e-03
-2.4773714238812525e-03
-2.4519512784805372e-03
-2.4348247377346454e-03
-2.4073421545473543e-03
-2.3844844336793781e-03
-2.3696169620258545e-03
-2.3420578477593946e-03
-2.3218785192786438e-03
-2.3069557239170000e-03
-2.2820984926140045e-03
-2.2650130851001675e-03
-2.2501334516501492e-03
-2.2292570554647145e-03
-2.2163474634108054e-03
-2.2029810339584395e-03
-2.1879900592747976e-03
-2.1817840608806447e-03
-2.1732754072782625e-03
-2.1684530269138742e-03
-2.1745075771066047e-03
-2.1780454655462795e-03
-2.1925311886561594e-03
-2.2215416686217201e-03
-2.2529365587366057e-03
-2.3054049721493559e-03
-2.3783002463631554e-03
-2.4695828333114117e-03
-2.5966765541425938e-03
-2.7590157400332088e-03
-2.9663488752946746e-03
-3.2371515661054370e-03
-3.5736252466980812e-03
-4.0000984976065225e-03
-4.5392782456483774e-03
-5.2014790431663587e-03
-6.0286814571586956e-03
-7.0502164230001321e-03
-8.3002507666341176e-03
-9.8346934849425586e-03
-1.1700144255592073e-02
-1.3961963049203923e-02
-1.6698399106143697e-02
-1.9982365836503726e-02
-2.3919184104694794e-02
-2.8616898465775881e-02
-3.4191370222836741e-02
-4.0789966579369751e-02
-4.8561018304276393e-02
-5.7675089615911806e-02
-6.8324448206438612e-02
-8.0705000971347515e-02
-9.5043850959247902e-02
-1.1157703076810914e-01
-1.3055004105750329e-01
-1.5223231898680037e-01
-1.7689153870103869e-01
-2.0479289412857449e-01
-2.3622813857225011e-01
-2.7146841194509164e-01
-3.1078179037354398e-01
-3.5441601008244616e-01
-4.0259421377843885e-01
-4.5550717578423877e-01
-5.1330530953976872e-01
-5.7608640748963114e-01
-6.4387899510148883e-01
-7.1654216860354536e-01
-7.9405328863045033e-01
-8.7622360424960199e-01
-9.6277384345421457e-01
-1.0531594356507996e+00
-1.1469538670339738e+00
-1.2436838907428600e+00
-1.3424993492213051e+00
-1.4426709682321017e+00
-1.5435523537326312e+00
-1.6438266196506244e+00
-1.7431042220712663e+00
-1.8398097782249530e+00
-1.9335638918487208e+00
-2.0229396851701242e+00
-2.1072728600710167e+00
-2.1857995108380743e+00
-2.2572937621184224e+00
-2.3214183115966707e+00
-2.3775396820732850e+00
-2.4251514949034436e+00
-2.4636432144087168e+00
-2.4929086283693098e+00
-2.5128845000537905e+00
-2.5234813365700774e+00
-2.5248075313309815e+00
-2.5170330203464482e+00
-2.5004287892859156e+00
-2.4754046315679248e+00
0.0000000000000000e+00
1.3464638167935297e-01
0.0000000000000000e+00
0.0000000000000000e+00
];
