%Vec Object:sol 1 MPI processes
%  type: mpi
sol = [
0.0000000000000000e+00
-1.3901393068642101e+01
-1.2399112457706954e+01
-1.1073522411128234e+01
-9.9015872941804428e+00
-8.8465713286164682e+00
-7.8954599627195856e+00
-7.0286016423789812e+00
-6.2385783652528124e+00
-5.5174504125995645e+00
-4.8588640519750674e+00
-4.2588925939033659e+00
-3.7135339197294703e+00
-3.2194479076943625e+00
-2.7737883583946363e+00
-2.3749919416970093e+00
-2.0193229476334245e+00
-1.7051469336541933e+00
-1.4289423816113425e+00
-1.1885346411595463e+00
-9.8093012318983386e-01
-8.0299431744438632e-01
-6.5196081791676030e-01
-5.2499652932527241e-01
-4.1924173590587843e-01
-3.3199801805497919e-01
-2.6074331856315514e-01
-2.0310592743609354e-01
-1.5692452556934597e-01
-1.2033018992262172e-01
-9.1626711306586936e-02
-6.9280184141111159e-02
-5.2109831280433824e-02
-3.9058884020090417e-02
-2.9178344946825824e-02
-2.1809003577850060e-02
-1.6382103007100975e-02
-1.2384765947981886e-02
-9.4763662315088398e-03
-7.4032084856537374e-03
-5.9167127093675276e-03
-4.8448285472378963e-03
-4.1068488318330293e-03
-3.5948792961417613e-03
-3.2090779623852139e-03
-2.9534489932973645e-03
-2.7884151611513573e-03
-2.6362210752800784e-03
-2.5391604616602803e-03
-2.4852604184999873e-03
-2.4105740414633041e-03
-2.3611921793091940e-03
-2.3373776434124356e-03
-2.2919812832919296e-03
-2.2559705240743242e-03
-2.2396778929010003e-03
-2.2068769747804785e-03
-2.1746952837758144e-03
-2.1599619967761340e-03
-2.1343721199296867e-03
-2.1036978456868737e-03
-2.0892295640573015e-03
-2.0687169897685028e-03
-2.0391241183268230e-03
-2.0248002311837664e-03
-2.0081683270079601e-03
-1.9796683246284348e-03
-1.9656175366341557e-03
-1.9519834165295320e-03
-1.9246673835356567e-03
-1.9110500104289239e-03
-1.8996955171119521e-03
-1.8736539188603045e-03
-1.8606152710609258e-03
-1.8509371477889505e-03
-1.8262458513953850e-03
-1.8139099393758564e-03
-1.8053972236051383e-03
-1.7821153850890693e-03
-1.7705848546575177e-03
-1.7628032231910848e-03
-1.7409751829852436e-03
-1.7303340345908250e-03
-1.7229142669902425e-03
-1.7025709925461538e-03
-1.6928866055941809e-03
-1.6855148493990361e-03
-1.6666763175440644e-03
-1.6580022614963200e-03
-1.6504125390239882e-03
-1.6330897042108902e-03
-1.6254680581259202e-03
-1.6174361398342051e-03
-1.6016335819922158e-03
-1.5950978120875372e-03
-1.5864359087590127e-03
-1.5721522718527467e-03
-1.5667278750465443e-03
-1.5572809017710514e-03
-1.5445112945366001e-03
-1.5402182299160802e-03
-1.5298636705540960e-03
-1.5186001553495786e-03
-1.5154533601012094e-03
-1.5040862220526692e-03
-1.4943174780125391e-03
-1.4923265923135825e-03
-1.4798615299666030e-03
-1.4715734612269428e-03
-1.4707435505378784e-03
-1.4571110376784171e-03
-1.4502858359544924e-03
-1.4481465564910149e-03
-1.4357635451484252e-03
-1.4303803856332493e-03
-1.4264362702030374e-03
-1.4157496014155784e-03
-1.4117852921375256e-03
-1.4060335841466654e-03
-1.3970031991629682e-03
-1.3944327139127507e-03
-1.3868852978834447e-03
-1.3794715258401335e-03
-1.3782693451345571e-03
-1.3689382356605385e-03
-1.3631018863249512e-03
-1.3622936288777659e-03
-1.3521432501270845e-03
-1.3478459340107588e-03
-1.3448904183722878e-03
-1.3364580325150074e-03
-1.3336622001184639e-03
-1.3286050265084242e-03
-1.3218446076306862e-03
-1.3204953056178636e-03
-1.3133697805417100e-03
-1.3082255806008275e-03
-1.3079194357697528e-03
-1.2992441419705219e-03
-1.2957192333389535e-03
-1.2932023461986366e-03
-1.2863426127025786e-03
-1.2845263892128571e-03
-1.2801064328536614e-03
-1.2754256090674180e-03
-1.2759752404056727e-03
-1.2708883987331795e-03
-1.2702593857649366e-03
-1.2739422387340667e-03
-1.2756436828098871e-03
-1.2871123625952262e-03
-1.3053358224228530e-03
-1.3352753105537133e-03
-1.3898191539467120e-03
-1.4701935590556465e-03
-1.6003422455560387e-03
-1.8038272223854788e-03
-2.1084495877978842e-03
-2.5732074182867859e-03
-3.2635721461343869e-03
-4.2805032386153104e-03
-5.7679046096913060e-03
-7.9071386250406783e-03
-1.0964365042832866e-02
-1.5282163408943856e-02
-2.1309723977871869e-02
-2.9642579348867357e-02
-4.1027440184145225e-02
-5.6414829526566609e-02
-7.6980190282165989e-02
-1.0414377458485163e-01
-1.3961468461442628e-01
-1.8537805551383066e-01
-2.4370015717815938e-01
-3.1709775930015116e-01
-4.0827012770458704e-01
-5.2000427560157569e-01
-6.5503117161370850e-01
-8.1584215395864434e-01
-1.0044267921339833e+00
-1.2217532512687672e+00
-1.4682891500601436e+00
-1.7429927581873410e+00
-2.0426337432882815e+00
-2.3636345760016977e+00
-2.6993135643359034e+00
-3.0425025245746369e+00
-3.3845342274743171e+00
-3.7158523142762063e+00
-4.0267018203162399e+00
-4.3080492703617113e+00
-4.5517106879418128e+00
-4.7500665095883550e+00
-4.8993485632320199e+00
-4.9951063291914393e+00
-5.0372712251230238e+00
-5.0264131215326238e+00
-4.9644580241705842e+00
-4.8556136043213325e+00
0.0000000000000000e+00
2.4055929233035767e-01
0.0000000000000000e+00
0.0000000000000000e+00
];
