%Vec Object:sol 1 MPI processes
%  type: mpi
sol = [
0.0000000000000000e+00
-1.0079677076070876e+01
-9.2727451823068510e+00
-8.5436153578821799e+00
-7.8801043156908168e+00
-7.2717012548064357e+00
-6.7101018692274330e+00
-6.1895337769745069e+00
-5.7057492991944736e+00
-5.2542807394812501e+00
-4.8322600626121037e+00
-4.4379288266182444e+00
-4.0688477704453652e+00
-3.7222410490149835e+00
-3.3977528028303157e+00
-3.0948368971214122e+00
-2.8112981884473194e+00
-2.5468120437999411e+00
-2.3009219053525376e+00
-2.0722151668278541e+00
-1.8604333545028626e+00
-1.6650187526432909e+00
-1.4848158382602767e+00
-1.3196659215824051e+00
-1.1686952669411985e+00
-1.0309939116066360e+00
-9.0614919261459248e-01
-7.9340189513026260e-01
-6.9199295521469661e-01
-6.0109138445649191e-01
-5.1998525238829896e-01
-4.4799812655892257e-01
-3.8441736472528132e-01
-3.2853106766849810e-01
-2.7960746867955649e-01
-2.3701413056646084e-01
-2.0012530307403589e-01
-1.6830418008760653e-01
-1.4100335687312446e-01
-1.1771954597855465e-01
-9.7940657346423099e-02
-8.1214473273351559e-02
-6.7171905029776352e-02
-5.5432298950835686e-02
-4.5637497679581106e-02
-3.7544262938444109e-02
-3.0891299132368658e-02
-2.5402818541194760e-02
-2.0940133274613481e-02
-1.7334732891606797e-02
-1.4387703700200720e-02
-1.2026508316299526e-02
-1.0151292665583522e-02
-8.6308173844437206e-03
-7.4246007817925274e-03
-6.4837748225102746e-03
-5.7235545097477757e-03
-5.1209035891134581e-03
-4.6599486747944422e-03
-4.2861397572068064e-03
-3.9840321008785262e-03
-3.7579140247996543e-03
-3.5721813793409998e-03
-3.4132223469213146e-03
-3.2970216121099563e-03
-3.1995825204566811e-03
-3.1063606767876570e-03
-3.0397574666448453e-03
-2.9828175563297817e-03
-2.9192217890558060e-03
-2.8745912560882133e-03
-2.8362280117268969e-03
-2.7862503081471130e-03
-2.7515768658355742e-03
-2.7220479569273733e-03
-2.6789261292119791e-03
-2.6492387044240334e-03
-2.6242526205087630e-03
-2.5852481956998791e-03
-2.5585839416695203e-03
-2.5361843861758508e-03
-2.5002190203421001e-03
-2.4758322144995981e-03
-2.4550349293956933e-03
-2.4216796567653786e-03
-2.3992901890499694e-03
-2.3795156351469268e-03
-2.3485830072732679e-03
-2.3280790130723373e-03
-2.3089264641193482e-03
-2.2803143770712391e-03
-2.2616405970555726e-03
-2.2428002797263116e-03
-2.2164361857238304e-03
-2.1995552025214551e-03
-2.1807734212063298e-03
-2.1565937867380667e-03
-2.1414717966038131e-03
-2.1225366823241715e-03
-2.1004819128221429e-03
-2.0870858792308130e-03
-2.0678236020128375e-03
-2.0478360031064022e-03
-2.0361324900612311e-03
-2.0163911093456326e-03
-1.9984139904227574e-03
-1.9883687097771111e-03
-1.9680204751060058e-03
-1.9519991546543085e-03
-1.9435783472991604e-03
-1.9225168422941717e-03
-1.9083990544855249e-03
-1.8991032514436275e-03
-1.8797140036999314e-03
-1.8674544544306016e-03
-1.8567693382868511e-03
-1.8394867396470615e-03
-1.8290602084067797e-03
-1.8169946425116473e-03
-1.8018102545822449e-03
-1.7932513089817961e-03
-1.7799164857718551e-03
-1.7669469932823970e-03
-1.7604670162269605e-03
-1.7462255529619934e-03
-1.7359428934935739e-03
-1.7313038403378095e-03
-1.7181669888772632e-03
-1.7120134684396537e-03
-1.7087531754602630e-03
-1.7021488799532465e-03
-1.7040916996407028e-03
-1.7077652412111068e-03
-1.7151807707051461e-03
-1.7354277784857562e-03
-1.7599401899044986e-03
-1.7999410442837787e-03
-1.8629151086206166e-03
-1.9417599105367523e-03
-2.0579306610264349e-03
-2.2176307933268443e-03
-2.4288753083318059e-03
-2.7181693686091327e-03
-3.0997580659310022e-03
-3.6036820228215315e-03
-4.2702836171535051e-03
-5.1323870835176524e-03
-6.2541508200779552e-03
-7.7021626674660454e-03
-9.5518662185594076e-03
-1.1913561767590572e-02
-1.4903646425291810e-02
-1.8669265189583180e-02
-2.3390971024566335e-02
-2.9266826726992649e-02
-3.6547272192751695e-02
-4.5515014565706939e-02
-5.6490336616861585e-02
-6.9854295969245889e-02
-8.6024503937385963e-02
-1.0547458577119478e-01
-1.2873198663668775e-01
-1.5636316500311134e-01
-1.8899125060639932e-01
-2.2727126317310958e-01
-2.7188580038057092e-01
-3.2353718246152974e-01
-3.8292212185251473e-01
-4.5071540771780444e-01
-5.2754347491626064e-01
-6.1396080205933623e-01
-7.1040121272721002e-01
-8.1699733738224634e-01
-9.3398983871956764e-01
-1.0612814146201237e+00
-1.1985677251734332e+00
-1.3448742189069922e+00
-1.4995631205600177e+00
-1.6614950466201908e+00
-1.8286201262844615e+00
-1.9998963145771800e+00
-2.1724361288450789e+00
-2.3447431569900403e+00
-2.5141309666890943e+00
-2.6780259995304805e+00
-2.8343747591386008e+00
-2.9807682893960741e+00
-3.1149696985330406e+00
-3.2350586133065020e+00
-3.3393176701494287e+00
-3.4264631448892047e+00
-3.4955027045082203e+00
-3.5458103051420595e+00
-3.5771918765645196e+00
-3.5896730874298997e+00
-3.5835373084095812e+00
-3.5592263074783839e+00
-3.5179388103719980e+00
-3.4608198078230901e+00
0.0000000000000000e+00
2.4055929233035767e-01
0.0000000000000000e+00
0.0000000000000000e+00
];
