%Vec Object:sol 1 MPI processes
%  type: mpi
sol = [
0.0000000000000000e+00
-6.0453548755577655e+00
-5.7427874629883728e+00
-5.4598691670776400e+00
-5.1979718665442931e+00
-4.9478845508919918e+00
-4.7127044862950349e+00
-4.4925582513322206e+00
-4.2799653270417179e+00
-4.0802720825493068e+00
-3.8894297142728793e+00
-3.7071716388817264e+00
-3.5343477150285074e+00
-3.3669017621647601e+00
-3.2084622063851058e+00
-3.0549726879256811e+00
-2.9089862254089511e+00
-2.7676658825122558e+00
-2.6331358768659339e+00
-2.5027303204277476e+00
-2.3783934602619872e+00
-2.2578881125560466e+00
-2.1427408258372975e+00
-2.0316551904582196e+00
-1.9249533411030237e+00
-1.8228794780166770e+00
-1.7240964959164735e+00
-1.6296432318645504e+00
-1.5392249094151764e+00
-1.4520325857696688e+00
-1.3686893720956799e+00
-1.2890962134504194e+00
-1.2126268149126815e+00
-1.1395179703945908e+00
-1.0698288265607478e+00
-1.0033994657838525e+00
-9.3989848409823873e-01
-8.7940356210333648e-01
-8.2192075856786173e-01
-7.6734193014055629e-01
-7.1557643866479181e-01
-6.6648723450157199e-01
-6.1992161204351526e-01
-5.7592579590640114e-01
-5.3440465316764452e-01
-4.9527362789114454e-01
-4.5844427058246096e-01
-4.2381393817139723e-01
-3.9131158119391130e-01
-3.6085216932988962e-01
-3.3229197969772395e-01
-3.0559155177676189e-01
-2.8069075494178924e-01
-2.5748105816301370e-01
-2.3589672126505007e-01
-2.1586297606309254e-01
-1.9727694290936115e-01
-1.8007132126733438e-01
-1.6418104521058319e-01
-1.4951115606009227e-01
-1.3599328495795973e-01
-1.2357291434322883e-01
-1.1216450276742675e-01
-1.0169993926823866e-01
-9.2135579114539359e-02
-8.3396098099760799e-02
-7.5415290011172101e-02
-6.8160167723272908e-02
-6.1565720360080692e-02
-5.5569306661507993e-02
-5.0147868197483014e-02
-4.5246280499217896e-02
-4.0806782065019462e-02
-3.6815183842342662e-02
-3.3225416728804975e-02
-2.9985513135863912e-02
-2.7088872050121542e-02
-2.4497371881486239e-02
-2.2165379445826409e-02
-2.0092486872247486e-02
-1.8247259185302872e-02
-1.6590637143778678e-02
-1.5126996131310567e-02
-1.3830283711615623e-02
-1.2668042690957738e-02
-1.1648089705272991e-02
-1.0748497836076457e-02
-9.9433172589087262e-03
-9.2425942622204153e-03
-8.6273854323474595e-03
-8.0781073276812148e-03
-7.6059984468764353e-03
-7.1941193585994363e-03
-6.8291268573140804e-03
-6.5226150106705372e-03
-6.2588609853169476e-03
-6.0306958537851849e-03
-5.8494496991739848e-03
-5.7000413946786789e-03
-5.5815021050131600e-03
-5.5045035871088156e-03
-5.4542584551288721e-03
-5.4361340129589243e-03
-5.4599839595201654e-03
-5.5111910372323668e-03
-5.6017480776564431e-03
-5.7407598094927469e-03
-5.9138963708431887e-03
-6.1402218071916854e-03
-6.4284024264638874e-03
-6.7647628597024096e-03
-7.1760523002640146e-03
-7.6686222097596818e-03
-8.2373861981284591e-03
-8.9102505081457232e-03
-9.6940384493067432e-03
-1.0594516433984510e-02
-1.1640306890246380e-02
-1.2840263494514515e-02
-1.4211977472874053e-02
-1.5785994067398078e-02
-1.7574486825128154e-02
-1.9607926424325680e-02
-2.1920131691845441e-02
-2.4528025618478205e-02
-2.7475978684085203e-02
-3.0801586267840797e-02
-3.4530633280729764e-02
-3.8719524599766249e-02
-4.3409275786732773e-02
-4.8640365274564223e-02
-5.4476597578863306e-02
-6.0966313314064803e-02
-6.8168517448306112e-02
-7.6151092231315387e-02
-8.4969785750764512e-02
-9.4698832641921776e-02
-1.0541112707866566e-01
-1.1717000502414533e-01
-1.3006088864132762e-01
-1.4415797187808180e-01
-1.5953613074301490e-01
-1.7628046774958261e-01
-1.9446574595599880e-01
-2.1417160001795874e-01
-2.3547759093726298e-01
-2.5845358072386571e-01
-2.8317452292542189e-01
-3.0970669297063846e-01
-3.3810948135083663e-01
-3.6843932176172350e-01
-4.0074231593027304e-01
-4.3504331965387910e-01
-4.7131893987286827e-01
-5.0963284644937168e-01
-5.4998357901348360e-01
-5.9235764476447583e-01
-6.3673046744195616e-01
-6.8305304819409129e-01
-7.3124146596756445e-01
-7.8109469163788059e-01
-8.3263412712135776e-01
-8.8575690418219788e-01
-9.4032093887205737e-01
-9.9602962436044784e-01
-1.0527299228093485e+00
-1.1103405419019323e+00
-1.1686801352422971e+00
-1.2271645859143641e+00
-1.2859102926674706e+00
-1.3446873137620754e+00
-1.4028103983997668e+00
-1.4604824023941891e+00
-1.5171874184243976e+00
-1.5726585180570691e+00
-1.6268140615338935e+00
-1.6790475536583880e+00
-1.7295167141093757e+00
-1.7775409417231187e+00
-1.8232992501902177e+00
-1.8662456306694526e+00
-1.9064044539848968e+00
-1.9435424349087531e+00
-1.9773719378499945e+00
-2.0080411354637140e+00
-2.0350800421528117e+00
-2.0586255816661327e+00
-2.0786923268478392e+00
-2.0949319544855429e+00
-2.1075249878534841e+00
-2.1165588416671608e+00
-2.1218944502703727e+00
-2.1235108096645439e+00
-2.1216806052788919e+00
-2.1164298869233287e+00
-2.1077236692698866e+00
-2.0957015064067215e+00
-2.0805824828652320e+00
-2.0625222102523644e+00
0.0000000000000000e+00
2.4055929233035767e-01
0.0000000000000000e+00
0.0000000000000000e+00
];
