%Vec Object:sol 1 MPI processes
%  type: mpi
sol = [
0.0000000000000000e+00
-6.9842900094800289e+00
-6.5884350760092794e+00
-6.2166003431387660e+00
-5.8728769642194774e+00
-5.5532256479001418e+00
-5.2527328050959836e+00
-4.9673746709479323e+00
-4.7000559307860543e+00
-4.4482083681528275e+00
-4.2066233699766604e+00
-3.9786747952457575e+00
-3.7627144238409578e+00
-3.5548105309947262e+00
-3.3580157117941583e+00
-3.1697807168968204e+00
-2.9899058459122885e+00
-2.8183707196142342e+00
-2.6540553809933516e+00
-2.4974698361460113e+00
-2.3472942492124327e+00
-2.2042892778009389e+00
-2.0676225753767383e+00
-1.9370169717210517e+00
-1.8129924830984758e+00
-1.6941808001538050e+00
-1.5813997786121214e+00
-1.4743047275799634e+00
-1.3722244785735407e+00
-1.2755532141603085e+00
-1.1840806794071488e+00
-1.0973769709889105e+00
-1.0154029660751245e+00
-9.3814665329014402e-01
-8.6545445200520810e-01
-7.9712098213794158e-01
-7.3280368723785716e-01
-6.7257972984417747e-01
-6.1627978194916377e-01
-5.6374026869018845e-01
-5.1479461495040368e-01
-4.6928033556806537e-01
-4.2704696798432362e-01
-3.8787612257423099e-01
-3.5165192889790409e-01
-3.1825659369149006e-01
-2.8753327032553616e-01
-2.5930007904267838e-01
-2.3343974743130910e-01
-2.0980739259586606e-01
-1.8822394609612814e-01
-1.6858558602066398e-01
-1.5076238034918166e-01
-1.3459207649316782e-01
-1.1997565657223186e-01
-1.0680406031526690e-01
-9.4935268783761698e-02
-8.4276545989063187e-02
-7.4740902239763568e-02
-6.6207979384840951e-02
-5.8592901322790825e-02
-5.1830312903426379e-02
-4.5821254342210085e-02
-4.0489743574041642e-02
-3.5790373733866176e-02
-3.1644011518611043e-02
-2.7983938610790196e-02
-2.4782147112896481e-02
-2.1976873225705375e-02
-1.9510487551521728e-02
-1.7369353812749146e-02
-1.5506202937801240e-02
-1.3871873330666548e-02
-1.2463991350068966e-02
-1.1246831916140065e-02
-1.0178861106323309e-02
-9.2660313961642222e-03
-8.4813825037973294e-03
-7.7901377747613011e-03
-7.2039746840684808e-03
-6.7022426636024011e-03
-6.2561509451689477e-03
-5.8809141009163813e-03
-5.5601298762359688e-03
-5.2703887813731918e-03
-5.0286820562433845e-03
-4.8211962396444707e-03
-4.6294851526258694e-03
-4.4709535392555852e-03
-4.3330875314576116e-03
-4.2021600908975021e-03
-4.0949709990804276e-03
-3.9993360484874537e-03
-3.9061481346152551e-03
-3.8308678255630341e-03
-3.7609332732757264e-03
-3.6918697069697249e-03
-3.6372939380139276e-03
-3.5837735876056813e-03
-3.5315605502132955e-03
-3.4921085938767298e-03
-3.4508014888107851e-03
-3.4127697100301392e-03
-3.3871457239439237e-03
-3.3579628377373169e-03
-3.3354588746607209e-03
-3.3264266566215253e-03
-3.3135325286903368e-03
-3.3124293310831318e-03
-3.3277067125555611e-03
-3.3408136544730046e-03
-3.3732376265431779e-03
-3.4252288427958403e-03
-3.4847527300794195e-03
-3.5723316258996609e-03
-3.6864124402766142e-03
-3.8235537141056062e-03
-4.0026687138190083e-03
-4.2217698984324242e-03
-4.4869319528736736e-03
-4.8166250556537383e-03
-5.2097164834482273e-03
-5.6830884983614348e-03
-6.2563865572446932e-03
-6.9311039365927123e-03
-7.7366867247686665e-03
-8.6951578147113923e-03
-9.8157628278189458e-03
-1.1139953691197250e-02
-1.2693321207784509e-02
-1.4503060809320491e-02
-1.6617994546500092e-02
-1.9073076371035658e-02
-2.1916314807135635e-02
-2.5207303012813261e-02
-2.8993913786538927e-02
-3.3347616544258711e-02
-3.8340329668198461e-02
-4.4038576078833325e-02
-5.0538735075729979e-02
-5.7928239151320116e-02
-6.6300714267403554e-02
-7.5769598434357363e-02
-8.6441073634507426e-02
-9.8436225278698178e-02
-1.1188493037986137e-01
-1.2691078462196298e-01
-1.4365756436180568e-01
-1.6226577303015910e-01
-1.8287518936823985e-01
-2.0563758081706426e-01
-2.3069620130401838e-01
-2.5819549847349732e-01
-2.8827828262760397e-01
-3.2107633762643395e-01
-3.5671703918748648e-01
-3.9531418385922418e-01
-4.3696716429112448e-01
-4.8175723492600131e-01
-5.2967643800601960e-01
-5.8079572134277124e-01
-6.3513406783355586e-01
-6.9267539434224679e-01
-7.5335891994964155e-01
-8.1709720148060838e-01
-8.8361353562191192e-01
-9.5279492836780766e-01
-1.0245028753401069e+00
-1.0984919394703840e+00
-1.1742161950967547e+00
-1.2515038105402245e+00
-1.3300793691941830e+00
-1.4092488890599850e+00
-1.4887411504368833e+00
-1.5681962169224872e+00
-1.6467248632048637e+00
-1.7243846093812996e+00
-1.8000534862349491e+00
-1.8739113102383984e+00
-1.9447376445600661e+00
-2.0127394377007874e+00
-2.0769402241662651e+00
-2.1371848332138010e+00
-2.1932453409357042e+00
-2.2442176918648840e+00
-2.2903154250759772e+00
-2.3312285887275337e+00
-2.3664908536076750e+00
-2.3960540587564569e+00
-2.4199062998152199e+00
-2.4379975479626972e+00
-2.4502806723323292e+00
-2.4566065246701574e+00
-2.4572184488152562e+00
-2.4522392962887580e+00
-2.4418441764688836e+00
-2.4262016862318787e+00
-2.4055121502790788e+00
-2.3800515545744325e+00
0.0000000000000000e+00
2.4055929233035767e-01
0.0000000000000000e+00
0.0000000000000000e+00
];
