%Vec Object:sol 1 MPI processes
%  type: mpi
sol = [
0.0000000000000000e+00
-6.1998837971875416e+00
-5.8827491810769130e+00
-5.5858721604971873e+00
-5.3110537329876850e+00
-5.0506324672030862e+00
-4.8042383646419404e+00
-4.5737086399425273e+00
-4.3531543495675109e+00
-4.1442415808601494e+00
-3.9465680659936773e+00
-3.7560534610641452e+00
-3.5760006188059408e+00
-3.4024742530841632e+00
-3.2371779735281869e+00
-3.0787141674770937e+00
-2.9265659610546648e+00
-2.7807825142356926e+00
-2.6407451898849454e+00
-2.5063496196449253e+00
-2.3772001680901389e+00
-2.2531199243800173e+00
-2.1343571086611455e+00
-2.0196112529503729e+00
-1.9100898955830761e+00
-1.8046304684070318e+00
-1.7034701800758913e+00
-1.6068284901604286e+00
-1.5138186575623949e+00
-1.4248696697628946e+00
-1.3399543678933867e+00
-1.2586561615966192e+00
-1.1808996644890948e+00
-1.1068192886681625e+00
-1.0363237098392257e+00
-9.6905775342386824e-01
-9.0500413751602782e-01
-8.4422692881726324e-01
-7.8660669634223079e-01
-7.3203040625803817e-01
-6.8034632676667572e-01
-6.3140654356250914e-01
-5.8524424992005164e-01
-5.4175744285197747e-01
-5.0084063829423575e-01
-4.6240320145783131e-01
-4.2634752282077570e-01
-3.9255949996285072e-01
-3.6096241579470884e-01
-3.3141476138339804e-01
-3.0384637529330177e-01
-2.7819565316738404e-01
-2.5437164235756038e-01
-2.3225617116539285e-01
-2.1177769908760813e-01
-1.9285512875194108e-01
-1.7537785527017338e-01
-1.5927336987157129e-01
-1.4447181320632935e-01
-1.3087235202533515e-01
-1.1840240128908500e-01
-1.0700422318864561e-01
-9.6588227770564139e-02
-8.7083311660131127e-02
-7.8444072127032180e-02
-7.0592781959272655e-02
-6.3461485669814119e-02
-5.7016685935208998e-02
-5.1192351273282706e-02
-4.5925202833401992e-02
-4.1192656206861078e-02
-3.6939641867000633e-02
-3.3108655420114451e-02
-2.9686683811279917e-02
-2.6628474477794772e-02
-2.3882958549437085e-02
-2.1445142551952595e-02
-1.9278191911885043e-02
-1.7337764294906799e-02
-1.5625254852178885e-02
-1.4110738042457634e-02
-1.2756618695908845e-02
-1.1569081339161631e-02
-1.0523610077369136e-02
-9.5892105465091478e-03
-8.7753752533442676e-03
-8.0615989238904829e-03
-7.4232663397938575e-03
-6.8718728016803820e-03
-6.3896866724107559e-03
-5.9582465239059893e-03
-5.5899564156994107e-03
-5.2688205635741583e-03
-4.9823540434912814e-03
-4.7430024048485475e-03
-4.5356849246746154e-03
-4.3537983330783391e-03
-4.2091945550861544e-03
-4.0871132904300835e-03
-3.9868420411294445e-03
-3.9192349926337406e-03
-3.8694892949173291e-03
-3.8429070723412827e-03
-3.8491749542476292e-03
-3.8733081790889514e-03
-3.9269011660197917e-03
-4.0185295130849511e-03
-4.1331256233142965e-03
-4.2890121251175648e-03
-4.4939510101943041e-03
-4.7331414161255634e-03
-5.0322467855387553e-03
-5.3963202862329753e-03
-5.8187899419833936e-03
-6.3261149967935955e-03
-6.9234417720277098e-03
-7.6147305833656476e-03
-8.4268277222690376e-03
-9.3665762846843834e-03
-1.0449526954552696e-02
-1.1704207486641072e-02
-1.3140547159784410e-02
-1.4786901708943236e-02
-1.6674993103550018e-02
-1.8819443165235858e-02
-2.1262698391480660e-02
-2.4040417072992207e-02
-2.7176339712265036e-02
-3.0725476722860991e-02
-3.4727674554355277e-02
-3.9224287175865812e-02
-4.4276855732511868e-02
-4.9933387907658749e-02
-5.6252873275663418e-02
-6.3301443472469549e-02
-7.1138467884270098e-02
-7.9840549127267652e-02
-8.9483611134338475e-02
-1.0013427363568408e-01
-1.1188320964280447e-01
-1.2481015097220555e-01
-1.3899647907534310e-01
-1.5453559307594050e-01
-1.7151081205213814e-01
-1.9001200949418628e-01
-2.1013031409522526e-01
-2.3194725898697538e-01
-2.5555187624301967e-01
-2.8102483627903790e-01
-3.0844030649412096e-01
-3.3787147342705320e-01
-3.6938056808900699e-01
-4.0302181093451461e-01
-4.3883945908042843e-01
-4.7681706252617129e-01
-5.1698575840661520e-01
-5.5936923609911582e-01
-6.0395753110873673e-01
-6.5071618511677609e-01
-6.9960106874376859e-01
-7.5054423008883608e-01
-8.0328083198809030e-01
-8.5785351776213459e-01
-9.1412782845910123e-01
-9.7195872295395824e-01
-1.0310332234344946e+00
-1.0911420510627368e+00
-1.1522224099574845e+00
-1.2140121470909200e+00
-1.2759312143726196e+00
-1.3380958915227132e+00
-1.4001084636676115e+00
-1.4614404347593013e+00
-1.5221924810887366e+00
-1.5816339342316583e+00
-1.6398180147720214e+00
-1.6962186042480996e+00
-1.7506585271263153e+00
-1.8027913178463033e+00
-1.8524317662996075e+00
-1.8991780276499208e+00
-1.9431101006625573e+00
-1.9835083759250234e+00
-2.0207157004455745e+00
-2.0542702111176689e+00
-2.0840387676846768e+00
-2.1101288672451548e+00
-2.1322203776305919e+00
-2.1502921154035226e+00
-2.1644613181752819e+00
-2.1747248065004179e+00
-2.1807780512944492e+00
-2.1829692903466089e+00
-2.1813799166998393e+00
-2.1760417320760266e+00
-2.1668512154605395e+00
-2.1541409209555944e+00
-2.1380451553754631e+00
-2.1187366267976513e+00
0.0000000000000000e+00
2.4055929233035767e-01
0.0000000000000000e+00
0.0000000000000000e+00
];
