%Vec Object:sol 1 MPI processes
%  type: mpi
sol = [
0.0000000000000000e+00
-6.5943399213886336e+00
-6.2386061225750913e+00
-5.9048711850368463e+00
-5.5960717720263213e+00
-5.3085215389581020e+00
-5.0330697475343920e+00
-4.7753978803549035e+00
-4.5337442751809336e+00
-4.3015585718103502e+00
-4.0821971169155304e+00
-3.8746729164089611e+00
-3.6747760326819243e+00
-3.4854570475195548e+00
-3.3037806724929917e+00
-3.1304779723271250e+00
-2.9646407896426354e+00
-2.8054575467310321e+00
-2.6535756811615658e+00
-2.5075421503065987e+00
-2.3678723558178119e+00
-2.2340873965676384e+00
-2.1058399248925608e+00
-1.9833762813242199e+00
-1.8656687893071273e+00
-1.7535706556322010e+00
-1.6462165954792496e+00
-1.5435800360844365e+00
-1.4459442741076152e+00
-1.3527266582528348e+00
-1.2637889378920824e+00
-1.1793839493844027e+00
-1.0992740868401207e+00
-1.0230258891133261e+00
-9.5077770928705563e-01
-8.8246351959167046e-01
-8.1794012629744473e-01
-7.5708228849317949e-01
-6.9959449783479533e-01
-6.4550697496992415e-01
-5.9472629123588860e-01
-5.4712075902442103e-01
-5.0256540960095353e-01
-4.6093027452739160e-01
-4.2207988440592586e-01
-3.8590519262314549e-01
-3.5222228474221123e-01
-3.2095618994150477e-01
-2.9201164114289513e-01
-2.6526842651357052e-01
-2.4057543624664376e-01
-2.1784528615979876e-01
-1.9696702169544938e-01
-1.7779907453037619e-01
-1.6025518884016582e-01
-1.4423884604159887e-01
-1.2962163803517354e-01
-1.1631917040326706e-01
-1.0425110292136766e-01
-9.3304408787455190e-02
-8.3398176230328150e-02
-7.4468787997694713e-02
-6.6419520268891197e-02
-5.9174583920154900e-02
-5.2686621638453557e-02
-4.6874994388920732e-02
-4.1670331629001182e-02
-3.7040244655398208e-02
-3.2919039423951413e-02
-2.9244619939394097e-02
-2.5997665126432201e-02
-2.3125700259559730e-02
-2.0574220478520540e-02
-1.8334771843690444e-02
-1.6366047881870693e-02
-1.4621038920402367e-02
-1.3099873290564569e-02
-1.1770261085025893e-02
-1.0592332802511588e-02
-9.5726012350541949e-03
-8.6857147027438065e-03
-7.8984717921718548e-03
-7.2217769126344932e-03
-6.6353292156057534e-03
-6.1121151852446334e-03
-5.6657118197226027e-03
-5.2792391069143747e-03
-4.9314552722044651e-03
-4.6371905661490506e-03
-4.3816381230299397e-03
-4.1490139925863846e-03
-3.9542785249908853e-03
-3.7836292025959627e-03
-3.6265422723680556e-03
-3.4972590556850871e-03
-3.3821710730461444e-03
-3.2759323792796143e-03
-3.1914629624705871e-03
-3.1147737122439686e-03
-3.0457219155055593e-03
-2.9955243256108918e-03
-2.9494538532287757e-03
-2.9126941769282346e-03
-2.8945840949950816e-03
-2.8794956415123061e-03
-2.8781873021248099e-03
-2.8981370957191690e-03
-2.9228565578923072e-03
-2.9690571822107853e-03
-3.0425817399376540e-03
-3.1263414631189442e-03
-3.2435387262198891e-03
-3.3963835707160992e-03
-3.5750783400558352e-03
-3.8026717416772943e-03
-4.0804571538458614e-03
-4.4081803652781786e-03
-4.8082733615113305e-03
-5.2826730052233980e-03
-5.8417544675344211e-03
-6.5086629488251150e-03
-7.2874268867935228e-03
-8.2004394713474840e-03
-9.2732623738067590e-03
-1.0513849499942466e-02
-1.1958311009445013e-02
-1.3635762285042170e-02
-1.5563052077873169e-02
-1.7789157930255386e-02
-2.0347643347837487e-02
-2.3273852821879205e-02
-2.6624444640913049e-02
-3.0442497673934102e-02
-3.4783686629187294e-02
-3.9714669498731453e-02
-4.5290364889682022e-02
-5.1588044692615645e-02
-5.8683248752042630e-02
-6.6646595137377501e-02
-7.5576173002809638e-02
-8.5559641658866370e-02
-9.6688775669133503e-02
-1.0907164171296468e-01
-1.2280749576350884e-01
-1.3800650722761207e-01
-1.5478386553846063e-01
-1.7324641672815241e-01
-1.9351491644845212e-01
-2.1570376305560834e-01
-2.3992314196490644e-01
-2.6628837860933935e-01
-2.9490407121556361e-01
-3.2587061592579791e-01
-3.5928167988580673e-01
-3.9521877084337687e-01
-4.3375239623008094e-01
-4.7493826011875512e-01
-5.1873992482647002e-01
-5.6522861636369659e-01
-6.1440899370388602e-01
-6.6625535446465312e-01
-7.2071501543360739e-01
-7.7772130701526954e-01
-8.3704087804558680e-01
-8.9856415279034163e-01
-9.6220613696772261e-01
-1.0277697537741495e+00
-1.0949078875665947e+00
-1.1633056120885654e+00
-1.2328609076452535e+00
-1.3032083820006510e+00
-1.3737422537717245e+00
-1.4444849354741176e+00
-1.5147970103271005e+00
-1.5843428425444319e+00
-1.6529002322161472e+00
-1.7197127634234273e+00
-1.7848324828585866e+00
-1.8474057509298711e+00
-1.9074921231475015e+00
-1.9644259684780214e+00
-2.0180364873567211e+00
-2.0681070483108708e+00
-2.1140170633990634e+00
-2.1559165109693796e+00
-2.1934667117662463e+00
-2.2262769501282262e+00
-2.2545106752629720e+00
-2.2780721214016468e+00
-2.2966047538908434e+00
-2.3102619517269658e+00
-2.3191232215538506e+00
-2.3232018049957470e+00
-2.3225707867359140e+00
-2.3171105378808492e+00
-2.3071909601968459e+00
-2.2929424752939229e+00
-2.2745211317815119e+00
-2.2521477575996189e+00
0.0000000000000000e+00
2.4055929233035767e-01
0.0000000000000000e+00
0.0000000000000000e+00
];
