%Vec Object:sol 1 MPI processes
%  type: mpi
sol = [
0.0000000000000000e+00
-1.4781809250268459e+01
-1.3084868703578099e+01
-1.1606990562689624e+01
-1.0296068093188387e+01
-9.1313741633880774e+00
-8.0776050202791136e+00
-7.1266239156881737e+00
-6.2647160078593327e+00
-5.4811514415062303e+00
-4.7703298036866588e+00
-4.1281662177574630e+00
-3.5493689747382180e+00
-3.0308169737929358e+00
-2.5695534380782963e+00
-2.1612379039023217e+00
-1.8034642115959780e+00
-1.4918272699443711e+00
-1.2235022755573643e+00
-9.9448118974568733e-01
-8.0066928588173347e-01
-6.3859484209254957e-01
-5.0447597756472840e-01
-3.9469346442351133e-01
-3.0579116483432484e-01
-2.3460755158801616e-01
-1.7827826509668823e-01
-1.3419347298008391e-01
-1.0005943644536011e-01
-7.3973137167622910e-02
-5.4268252895259148e-02
-3.9491665402174303e-02
-2.8588682976845081e-02
-2.0645266493215887e-02
-1.4862544277125711e-02
-1.0734220127171413e-02
-7.8347897072687071e-03
-5.7810684815558623e-03
-4.3476703998878569e-03
-3.3797451145170633e-03
-2.7109872049559643e-03
-2.2368062801825981e-03
-1.9308203162327906e-03
-1.7276344022467696e-03
-1.5602049557225121e-03
-1.4576769893853731e-03
-1.3991382140648664e-03
-1.3204727991296850e-03
-1.2740796885686489e-03
-1.2551175531421669e-03
-1.2045625504083319e-03
-1.1721067523889660e-03
-1.1604248422200057e-03
-1.1239144546551444e-03
-1.0946972669354737e-03
-1.0838507750448743e-03
-1.0555554967516922e-03
-1.0272787962508211e-03
-1.0160788917413161e-03
-9.9372288609452376e-04
-9.6607308648574144e-04
-9.5451012264474895e-04
-9.3677291576643967e-04
-9.0983954077753166e-04
-8.9811860650266064e-04
-8.8400808498213150e-04
-8.5793544649009630e-04
-8.4627292986005887e-04
-8.3496438890847768e-04
-8.0988675832724638e-04
-7.9847605048025496e-04
-7.8927651399860095e-04
-7.6530711180263639e-04
-7.5431381219872402e-04
-7.4663714700570598e-04
-7.2386896912231388e-04
-7.1343327435114399e-04
-7.0678262410804387e-04
-6.8528928486788444e-04
-6.7552768454063120e-04
-6.6948088135099302e-04
-6.4931924596950939e-04
-6.4032777103474028e-04
-6.3452618167225466e-04
-6.1573812709081065e-04
-6.0759465091744791e-04
-6.0173367603299761e-04
-5.8434871979028298e-04
-5.7711600414358556e-04
-5.7093779385128396e-04
-5.5497527721353455e-04
-5.4870351214388513e-04
-5.4199106240956398e-04
-5.2746306210833718e-04
-5.2219302283534733e-04
-5.1476513453270879e-04
-5.0167716137875548e-04
-4.9744111652444401e-04
-4.8914892235952699e-04
-4.7750261028537344e-04
-4.7432701074711183e-04
-4.6505402963315548e-04
-4.5484775710838296e-04
-4.5275381537174020e-04
-4.4240089678770960e-04
-4.3362934501988673e-04
-4.3263258142277620e-04
-4.2111979213917648e-04
-4.1377429878085959e-04
-4.1388498712828341e-04
-4.0114748105613929e-04
-3.9521482727656492e-04
-3.9396151322806954e-04
-3.8242548515509897e-04
-3.7788857394149226e-04
-3.7477813216112247e-04
-3.6489474440195316e-04
-3.6173352035788849e-04
-3.5676615073701158e-04
-3.4849826951451280e-04
-3.4669062459644805e-04
-3.3988105791148056e-04
-3.3319192051548549e-04
-3.3271528723977323e-04
-3.2407846700557754e-04
-3.1893183259519055e-04
-3.1881261411315423e-04
-3.0931803286386565e-04
-3.0567834615068357e-04
-3.0337227985620396e-04
-2.9556565784874913e-04
-2.9339790362961952e-04
-2.8895278087591681e-04
-2.8278818527643446e-04
-2.8205741796211614e-04
-2.7553114017178133e-04
-2.7096417077394501e-04
-2.7122635916842879e-04
-2.6307917403797131e-04
-2.6006905624106224e-04
-2.5803336626443747e-04
-2.5158925465705844e-04
-2.5011271012244639e-04
-2.4588331921443382e-04
-2.4115855236703842e-04
-2.4129464952189013e-04
-2.3515875490264231e-04
-2.3248729752429028e-04
-2.3253164102570679e-04
-2.2804472818333825e-04
-2.2936106588989733e-04
-2.3126884883157482e-04
-2.3545552630355751e-04
-2.4998042484255368e-04
-2.6897442423596331e-04
-3.0623066099939248e-04
-3.7088385627619960e-04
-4.7055524753502432e-04
-6.3655277137229251e-04
-8.9680744315744467e-04
-1.3023906934013037e-03
-1.9320750507890129e-03
-2.8836610380589328e-03
-4.3186979499835977e-03
-6.4514071069523126e-03
-9.5775857011222310e-03
-1.4115146234162780e-02
-2.0611402337151700e-02
-2.9803481951300441e-02
-4.2650801951786749e-02
-6.0369537410390035e-02
-8.4507521077708425e-02
-1.1695742648092698e-01
-1.6000182895248319e-01
-2.1632611741865515e-01
-2.8899096753230274e-01
-3.8138597879698932e-01
-4.9710901416041575e-01
-6.3979336579313206e-01
-8.1285776605887217e-01
-1.0192066220695439e+00
-1.2605491697229694e+00
-1.5375519190024087e+00
-1.8493226555809859e+00
-2.1918424339114084e+00
-2.5603250540655966e+00
-2.9460910915147660e+00
-3.3393349339941230e+00
-3.7285864421110668e+00
-4.1012494645870792e+00
-4.4450300330325794e+00
-4.7473991633399590e+00
-4.9992700116484912e+00
-5.1923377925706760e+00
-5.3220316950883841e+00
-5.3855836421557690e+00
-5.3834772005452383e+00
-5.3187536467625502e+00
-5.1961870448245984e+00
0.0000000000000000e+00
2.4055929233035767e-01
0.0000000000000000e+00
0.0000000000000000e+00
];
