%Vec Object:sol 1 MPI processes
%  type: mpi
sol = [
0.0000000000000000e+00
-3.6220001623512047e+01
-2.7780342039831943e+01
-2.2014879336014154e+01
-1.7807936344538444e+01
-1.4552474252725609e+01
-1.1944430900017871e+01
-9.7945632995332037e+00
-8.0002241085388182e+00
-6.4892244719284484e+00
-5.2173476983989673e+00
-4.1503612645433101e+00
-3.2616375457863711e+00
-2.5292159596423125e+00
-1.9337247898847931e+00
-1.4561842108891341e+00
-1.0796013625045184e+00
-7.8745747815145140e-01
-5.6493675303388391e-01
-3.9861998819668071e-01
-2.7666332731302501e-01
-1.8888201294023230e-01
-1.2695436977434119e-01
-8.4129454285240129e-02
-5.5039432522049382e-02
-3.5661794784752288e-02
-2.3030499691456621e-02
-1.4933655618263146e-02
-9.8048278396135977e-03
-6.6536608938264109e-03
-4.7593371453861230e-03
-3.5767200336096990e-03
-2.8927722670982897e-03
-2.5181286451107063e-03
-2.2593627830735318e-03
-2.1109450212867900e-03
-2.0432139791961429e-03
-1.9785501378293889e-03
-1.9267276094689812e-03
-1.9090616594595769e-03
-1.8870118334977258e-03
-1.8488929517312693e-03
-1.8358974787091799e-03
-1.8286794537620968e-03
-1.7914856291776783e-03
-1.7769085899118099e-03
-1.7786982482644385e-03
-1.7411449716859182e-03
-1.7247420627464485e-03
-1.7288356215664703e-03
-1.6955987075765655e-03
-1.6778225806919147e-03
-1.6793514775727814e-03
-1.6540608959020155e-03
-1.6353529827657816e-03
-1.6348507424324332e-03
-1.6159503456853836e-03
-1.5966799140940970e-03
-1.5945987968217249e-03
-1.5807749832753195e-03
-1.5612539796517029e-03
-1.5579842598117215e-03
-1.5481412096859418e-03
-1.5286415374487193e-03
-1.5245270090598979e-03
-1.5177512350489351e-03
-1.4985104519231515e-03
-1.4938529360117162e-03
-1.4893702996837330e-03
-1.4705937052995480e-03
-1.4656554821780314e-03
-1.4628150276839555e-03
-1.4446757884491927e-03
-1.4396809930822660e-03
-1.4379326963745395e-03
-1.4205743259725920e-03
-1.4157126306783220e-03
-1.4145906847130389e-03
-1.3981299904174086e-03
-1.3935604207083213e-03
-1.3926699786432351e-03
-1.3772008462669253e-03
-1.3730561048903276e-03
-1.3720628257925993e-03
-1.3576595218225526e-03
-1.3540496739915357e-03
-1.3526708968929983e-03
-1.3393910454736245e-03
-1.3364068156732972e-03
-1.3344043308602261e-03
-1.3222919491650601e-03
-1.3200080762374323e-03
-1.3171825318306850e-03
-1.3062709404638208e-03
-1.3047494665347802e-03
-1.3009355695296344e-03
-1.2912491763745792e-03
-1.2905416739563357e-03
-1.2856062194449261e-03
-1.2771650535339590e-03
-1.2773172899866812e-03
-1.2711607798789688e-03
-1.2639821738385586e-03
-1.2650354755788093e-03
-1.2575774477065101e-03
-1.2516763409318873e-03
-1.2536670628336684e-03
-1.2448465413041803e-03
-1.2402330550807484e-03
-1.2431895934308043e-03
-1.2329572898030837e-03
-1.2296320964744112e-03
-1.2310402738626854e-03
-1.2218876951667517e-03
-1.2198417313593302e-03
-1.2192054061290584e-03
-1.2115994078544844e-03
-1.2108173449466764e-03
-1.2081431300862138e-03
-1.2020515747805211e-03
-1.2025176546584047e-03
-1.1978297634585855e-03
-1.1932240054140211e-03
-1.1949251827001895e-03
-1.1882506442108306e-03
-1.1851045157386503e-03
-1.1870571861257154e-03
-1.1793979007012675e-03
-1.1776847986755654e-03
-1.1772997606738481e-03
-1.1712642523597275e-03
-1.1709553090966565e-03
-1.1682888562677140e-03
-1.1638360191433697e-03
-1.1649011522731488e-03
-1.1600191989225802e-03
-1.1571089100784560e-03
-1.1590998080832791e-03
-1.1524774938226135e-03
-1.1510707038003274e-03
-1.1506283770075819e-03
-1.1456539247772638e-03
-1.1457115699632192e-03
-1.1429109241647686e-03
-1.1395370704320677e-03
-1.1410205967763746e-03
-1.1359391811561989e-03
-1.1341198796902745e-03
-1.1346109551336025e-03
-1.1296991811894778e-03
-1.1293899193877451e-03
-1.1274683676505519e-03
-1.1241792803159320e-03
-1.1253407137639081e-03
-1.1211036368292727e-03
-1.1194081745224318e-03
-1.1199616156445918e-03
-1.1156617295180512e-03
-1.1157190897500807e-03
-1.1143510974109391e-03
-1.1126838873739646e-03
-1.1163138819471269e-03
-1.1168669393237290e-03
-1.1251954854974401e-03
-1.1438692058466104e-03
-1.1766507104054892e-03
-1.2460280781087059e-03
-1.3723964596140112e-03
-1.6063778639136557e-03
-2.0316736766886299e-03
-2.7756563228045136e-03
-4.0696749167794029e-03
-6.2651471843671860e-03
-9.9174605528783051e-03
-1.5878477060332463e-02
-2.5397955794883631e-02
-4.0299410120866699e-02
-6.3130603990661532e-02
-9.7356810634953758e-02
-1.4754220037883437e-01
-2.1945317063265737e-01
-3.2008152768850057e-01
-4.5742043014494754e-01
-6.4007189403277831e-01
-8.7646434834984177e-01
-1.1737144958008683e+00
-1.5360831684370648e+00
-1.9629568583598878e+00
-2.4485623106221510e+00
-2.9792352897953527e+00
-3.5346433470557241e+00
-4.0888228459005989e+00
-4.6112531651357278e+00
-5.0723482400492355e+00
-5.4446148593989676e+00
-5.7075545229241582e+00
-5.8481934645842788e+00
-5.8627702105074366e+00
-5.7561402901089256e+00
0.0000000000000000e+00
1.3464638167935297e-01
0.0000000000000000e+00
0.0000000000000000e+00
];
