%Vec Object:sol 1 MPI processes
%  type: mpi
sol = [
0.0000000000000000e+00
-2.4220719546635131e+01
-2.0287446078952215e+01
-1.7249411461510562e+01
-1.4855010430823432e+01
-1.2914550653323735e+01
-1.1302206959105590e+01
-9.9289448220930989e+00
-8.7472380022767613e+00
-7.7144006859847680e+00
-6.8025301513909016e+00
-5.9922859841697358e+00
-5.2693622044622401e+00
-4.6217425612509997e+00
-4.0410830509597515e+00
-3.5206191051262010e+00
-3.0546688860345981e+00
-2.6385644140112356e+00
-2.2678297882564791e+00
-1.9394494158929105e+00
-1.6491876438526569e+00
-1.3946840489311505e+00
-1.1723043377889839e+00
-9.7930180640965203e-01
-8.1299455014125477e-01
-6.7062659410888603e-01
-5.4955092530151251e-01
-4.4732064357390516e-01
-3.6169301634873041e-01
-2.9053789784136530e-01
-2.3187011182724798e-01
-1.8383101400427032e-01
-1.4485223718886570e-01
-1.1348729253967833e-01
-8.8396361210390448e-02
-6.8523741543939712e-02
-5.2926148468521457e-02
-4.0742564493144347e-02
-3.1312297208607641e-02
-2.4095478239112955e-02
-1.8592644915747268e-02
-1.4415290038363915e-02
-1.1299458520599286e-02
-8.9837854238278263e-03
-7.2417286206266406e-03
-5.9760510430550678e-03
-5.0653242889156227e-03
-4.3659692654957668e-03
-3.8713745683549021e-03
-3.5308283989782482e-03
-3.2494714140382094e-03
-3.0525418187246915e-03
-2.9239073786425734e-03
-2.8031128556622658e-03
-2.7131481399568116e-03
-2.6582748854217220e-03
-2.5967933795188894e-03
-2.5430926505330890e-03
-2.5122046530576566e-03
-2.4735331088828151e-03
-2.4319437325848836e-03
-2.4085553198859386e-03
-2.3800464373844961e-03
-2.3429800291715611e-03
-2.3221168825532379e-03
-2.2992772393773202e-03
-2.2645631785227441e-03
-2.2449065983929156e-03
-2.2258686795018348e-03
-2.1929645960340025e-03
-2.1742575292899788e-03
-2.1580025060531894e-03
-2.1268103802261767e-03
-2.1090697517402294e-03
-2.0948839447332236e-03
-2.0654108157746260e-03
-2.0487087684371037e-03
-2.0360231530311156e-03
-2.0082915038533602e-03
-1.9926998242733242e-03
-1.9810387474927579e-03
-1.9550657953207209e-03
-1.9406443591071583e-03
-1.9296047061749145e-03
-1.9053987286652928e-03
-1.8921943913889812e-03
-1.8814333984279970e-03
-1.8589942132591817e-03
-1.8470421881362784e-03
-1.8362686970387464e-03
-1.8155893794855110e-03
-1.8049153980366163e-03
-1.7938831343959456e-03
-1.7749517479004246e-03
-1.7655740717781329e-03
-1.7540754448043968e-03
-1.7368752262998716e-03
-1.7288050716302353e-03
-1.7166672236086987e-03
-1.7011789611985418e-03
-1.6944229554502024e-03
-1.6815072943547789e-03
-1.6677091618946514e-03
-1.6622693078733551e-03
-1.6484560352943419e-03
-1.6363239567223997e-03
-1.6321981066606418e-03
-1.6173886889594956e-03
-1.6068968003480934e-03
-1.6040792575602622e-03
-1.5881926133622900e-03
-1.5793125886687314e-03
-1.5752651178478668e-03
-1.5607671017765087e-03
-1.5534690687143788e-03
-1.5476770978146374e-03
-1.5350171122672483e-03
-1.5292696539814358e-03
-1.5217238245447398e-03
-1.5108537525576604e-03
-1.5066244011157593e-03
-1.4973310905413012e-03
-1.4882036321318126e-03
-1.4854597803302769e-03
-1.4744257108641762e-03
-1.4669944929889263e-03
-1.4647334238677627e-03
-1.4529407676907096e-03
-1.4471619741693153e-03
-1.4427813004433442e-03
-1.4328248571696424e-03
-1.4286623313046088e-03
-1.4222173761154534e-03
-1.4140653118049685e-03
-1.4115138821083203e-03
-1.4031201932786048e-03
-1.3968219667280239e-03
-1.3955863822835439e-03
-1.3859713650448836e-03
-1.3818974130259693e-03
-1.3792739248124734e-03
-1.3728523667143511e-03
-1.3725664219178784e-03
-1.3711020070693890e-03
-1.3716041883989254e-03
-1.3807872714966668e-03
-1.3891430162307815e-03
-1.4092903201580688e-03
-1.4443489234982774e-03
-1.4924802995197382e-03
-1.5720630479121283e-03
-1.6887515482461922e-03
-1.8594187218665668e-03
-2.1129635321083039e-03
-2.4713168041493442e-03
-2.9856391379819835e-03
-3.7139367584586220e-03
-4.7269516342681017e-03
-6.1365683256830728e-03
-8.0713116299647360e-03
-1.0705725537609559e-02
-1.4266831259512787e-02
-1.9026160525463225e-02
-2.5342636288228679e-02
-3.3647180383561459e-02
-4.4462590882694171e-02
-5.8428621193976710e-02
-7.6289254027611303e-02
-9.8921140562630738e-02
-1.2732807958992115e-01
-1.6263162417088778e-01
-2.0607959415120866e-01
-2.5899739341363581e-01
-3.2276425776061202e-01
-3.9879782131606373e-01
-4.8845401818713990e-01
-5.9296130789605694e-01
-7.1333544987108899e-01
-8.5028020707177121e-01
-1.0039709211523618e+00
-1.1740504331678572e+00
-1.3597846592278633e+00
-1.5594371710293071e+00
-1.7705482067728575e+00
-1.9902371621963095e+00
-2.2145137477272052e+00
-2.4391203635255323e+00
-2.6595139448510641e+00
-2.8707091114255583e+00
-3.0676299022929259e+00
-3.2458762149470788e+00
-3.4013657985032286e+00
-3.5303598677176167e+00
-3.6303366226899261e+00
-3.6995026791623844e+00
-3.7371046631846134e+00
-3.7428686240610953e+00
-3.7175887409182540e+00
-3.6631923649547522e+00
0.0000000000000000e+00
1.3464638167935297e-01
0.0000000000000000e+00
0.0000000000000000e+00
];
