%Vec Object:sol 1 MPI processes
%  type: mpi
sol = [
0.0000000000000000e+00
-7.2298766612704997e+00
-6.8077114290148550e+00
-6.4109600316597755e+00
-6.0444564969648011e+00
-5.7039175594543305e+00
-5.3857262681256470e+00
-5.0840537151677454e+00
-4.8002117866847751e+00
-4.5330248980753289e+00
-4.2798724009837770e+00
-4.0383396418733621e+00
-3.8099607825046604e+00
-3.5924447439573193e+00
-3.3845222951186660e+00
-3.1875624342591133e+00
-2.9983945288112110e+00
-2.8187272335872398e+00
-2.6469808410950346e+00
-2.4833866000509497e+00
-2.3269562204328413e+00
-2.1783657922019497e+00
-2.0362336097463305e+00
-1.9014249007180941e+00
-1.7726724377331249e+00
-1.6505655113553812e+00
-1.5348405356718318e+00
-1.4246719767677749e+00
-1.3206121143008709e+00
-1.2223409854596101e+00
-1.1293146238267977e+00
-1.0416445996139494e+00
-9.5921279602471166e-01
-8.8181848162470899e-01
-8.0921878201236852e-01
-7.4113580115451672e-01
-6.7756924841846033e-01
-6.1832694031264723e-01
-5.6321914068063994e-01
-5.1206149154903757e-01
-4.6466135355784494e-01
-4.2081433374648436e-01
-3.8032018166865439e-01
-3.4305807266271138e-01
-3.0883107624414113e-01
-2.7748526378902844e-01
-2.4884432197751752e-01
-2.2270517870637893e-01
-1.9893755347823516e-01
-1.7738115824950337e-01
-1.5784015473315821e-01
-1.4020116324839355e-01
-1.2432364012656641e-01
-1.1003417524959681e-01
-9.7227495948464360e-02
-8.5788735095673710e-02
-7.5569765101756656e-02
-6.6474936220010564e-02
-5.8415482582942900e-02
-5.1269048697598255e-02
-4.4950724375337765e-02
-3.9396407881278336e-02
-3.4508146098821572e-02
-3.0212067281723425e-02
-2.6465998545850713e-02
-2.3193723403006978e-02
-2.0331966141909654e-02
-1.7856988291678703e-02
-1.5710910461644700e-02
-1.3840133445040955e-02
-1.2235578984059145e-02
-1.0854104616518812e-02
-9.6505899704646299e-03
-8.6269860859975369e-03
-7.7514464769404146e-03
-6.9861079575491477e-03
-6.3407060505743891e-03
-5.7916332893430235e-03
-5.3072110012818991e-03
-4.9022245908825375e-03
-4.5587397686875867e-03
-4.2504288768254513e-03
-3.9949303336261855e-03
-3.7779254434832511e-03
-3.5778646749471399e-03
-3.4135456435956616e-03
-3.2726759024314491e-03
-3.1381491766890542e-03
-3.0286608750417394e-03
-2.9327539648543034e-03
-2.8376225630000426e-03
-2.7609491866546834e-03
-2.6912422622875553e-03
-2.6199939723299502e-03
-2.5632349810528346e-03
-2.5088170721431565e-03
-2.4526217475363847e-03
-2.4085958283933031e-03
-2.3635030990376946e-03
-2.3177623796958070e-03
-2.2829620975047381e-03
-2.2444981542834291e-03
-2.2075035061552783e-03
-2.1810644021641140e-03
-2.1490451750508597e-03
-2.1215156199370440e-03
-2.1050239631114362e-03
-2.0818567467543866e-03
-2.0672895597198850e-03
-2.0654176512290095e-03
-2.0570347728457858e-03
-2.0629692022149700e-03
-2.0826330358867436e-03
-2.1029812787273553e-03
-2.1434678900945276e-03
-2.2012401138853037e-03
-2.2713651761846303e-03
-2.3711350897358649e-03
-2.4966504619315100e-03
-2.6518638472779331e-03
-2.8529134647588147e-03
-3.0959783764838143e-03
-3.3950404811560323e-03
-3.7665545254900027e-03
-4.2084041387982375e-03
-4.7462570847143885e-03
-5.3979873133512104e-03
-6.1682577744506346e-03
-7.0938596457636336e-03
-8.1952851832184804e-03
-9.4943457749843002e-03
-1.1034453930952580e-02
-1.2844770812185559e-02
-1.4967530078664181e-02
-1.7456633377198407e-02
-2.0354027116735056e-02
-2.3726053081704928e-02
-2.7640994414888136e-02
-3.2159186953731614e-02
-3.7373496171975551e-02
-4.3368259323649391e-02
-5.0234873358337082e-02
-5.8083810385349800e-02
-6.7023944303820929e-02
-7.7179076040322953e-02
-8.8684075717699207e-02
-1.0166896755943007e-01
-1.1628776632742337e-01
-1.3269343411763401e-01
-1.5104076898549720e-01
-1.7150111107016544e-01
-1.9423941330843694e-01
-2.1942585855617477e-01
-2.4723299219502798e-01
-2.7782419181026852e-01
-3.1136353648370357e-01
-3.4800364093554942e-01
-3.8788451072546742e-01
-4.3113220492330551e-01
-4.7785385231990934e-01
-5.2812122421421159e-01
-5.8190345279732947e-01
-6.3929922579795229e-01
-7.0028948000993640e-01
-7.6482373894052358e-01
-8.3281409577322851e-01
-9.0403351983828040e-01
-9.7820855425482323e-01
-1.0552420306354906e+00
-1.1348552168036559e+00
-1.2165284594581127e+00
-1.2998778200354300e+00
-1.3846750311700522e+00
-1.4701490284444203e+00
-1.5559076536713641e+00
-1.6415537093225234e+00
-1.7261118635954973e+00
-1.8095363662370649e+00
-1.8906389809113155e+00
-1.9694149775727041e+00
-2.0448414764534761e+00
-2.1166468134859735e+00
-2.1843583964964766e+00
-2.2471350220772095e+00
-2.3049516593919299e+00
-2.3574185111206267e+00
-2.4037670708488856e+00
-2.4441136490712125e+00
-2.4782711548473082e+00
-2.5060186666378286e+00
-2.5272214072231116e+00
-2.5417404650176851e+00
-2.5497693644745643e+00
-2.5514124826722910e+00
-2.5467419279803503e+00
-2.5359587470414344e+00
-2.5192597026300687e+00
-2.4968808761771362e+00
-2.4691411598097477e+00
0.0000000000000000e+00
2.4055929233035767e-01
0.0000000000000000e+00
0.0000000000000000e+00
];
