%Vec Object:sol 1 MPI processes
%  type: mpi
sol = [
0.0000000000000000e+00
-1.1522315398832699e+01
-1.0478122933955257e+01
-9.5469589826206995e+00
-8.7006963374901591e+00
-7.9336475479964452e+00
-7.2324533002997571e+00
-6.5874961735768620e+00
-5.9921824450863301e+00
-5.4404370785218843e+00
-4.9283881973890598e+00
-4.4536641455377080e+00
-4.0133456842130038e+00
-3.6054371474349027e+00
-3.2276467464385403e+00
-2.8789306661447953e+00
-2.5584191418750053e+00
-2.2635618004214240e+00
-1.9948612290645900e+00
-1.7495851157676050e+00
-1.5276175414776063e+00
-1.3274370464309073e+00
-1.1475964299927475e+00
-9.8716470134524770e-01
-8.4481182622069106e-01
-7.1914091180746098e-01
-6.0877780591603048e-01
-5.1256571095368686e-01
-4.2919405897016427e-01
-3.5741890482072108e-01
-2.9602496151595847e-01
-2.4381168341429421e-01
-1.9973860598310506e-01
-1.6279178649340659e-01
-1.3197589540759327e-01
-1.0648272735727375e-01
-8.5549095150875595e-02
-6.8437884503700891e-02
-5.4557126489245267e-02
-4.3396365162187200e-02
-3.4459651769672812e-02
-2.7339149073528881e-02
-2.1734546741862096e-02
-1.7342405684963300e-02
-1.3890402549818373e-02
-1.1231197666334465e-02
-9.1972030451352976e-03
-7.6034376400064534e-03
-6.4022098783445983e-03
-5.5084299895839855e-03
-4.7992397214564912e-03
-4.2731385024291279e-03
-3.8929477330623833e-03
-3.5823220690832085e-03
-3.3494189372375435e-03
-3.1871044659085041e-03
-3.0459424360718091e-03
-2.9330270014498411e-03
-2.8576860210789996e-03
-2.7861104136678305e-03
-2.7199926285649077e-03
-2.6776277477446927e-03
-2.6346415821337896e-03
-2.5864581353796739e-03
-2.5562998013538983e-03
-2.5258280323162009e-03
-2.4849434947283072e-03
-2.4595528356036660e-03
-2.4353694622673144e-03
-2.3981223306081766e-03
-2.3750370572337919e-03
-2.3545991864016512e-03
-2.3198120127618646e-03
-2.2982967411189635e-03
-2.2803886270214213e-03
-2.2477076436414056e-03
-2.2275817932044979e-03
-2.2114735298432563e-03
-2.1807960932812729e-03
-2.1620393734476042e-03
-2.1472005691878081e-03
-2.1184926042730500e-03
-2.1011228832402526e-03
-2.0871271745713160e-03
-2.0603684436290037e-03
-2.0444063491948843e-03
-2.0308968220288919e-03
-2.0060667852362926e-03
-1.9915274965545049e-03
-1.9782018002307286e-03
-1.9552765224709902e-03
-1.9421685469951393e-03
-1.9287702196443431e-03
-1.9077230884031262e-03
-1.8960496218577644e-03
-1.8823615590763359e-03
-1.8631626916869174e-03
-1.8529213802823009e-03
-1.8387613548387527e-03
-1.8213793529873192e-03
-1.8125641990541133e-03
-1.7977843466027404e-03
-1.7821865229232937e-03
-1.7747882666258436e-03
-1.7592600026686076e-03
-1.7454121491890676e-03
-1.7394181959420225e-03
-1.7230346373447803e-03
-1.7109019513025393e-03
-1.7062974243844833e-03
-1.6889698804113970e-03
-1.6785162901541140e-03
-1.6728147312225809e-03
-1.6569420825403175e-03
-1.6481308953082568e-03
-1.6408218428916571e-03
-1.6268362321712254e-03
-1.6196304605669719e-03
-1.6106978671103953e-03
-1.5985467492906048e-03
-1.5929095893078490e-03
-1.5823543650096076e-03
-1.5719884578019722e-03
-1.5678865686425719e-03
-1.5557155398880666e-03
-1.5470948541269321e-03
-1.5435601105819729e-03
-1.5307532783598147e-03
-1.5238716187126599e-03
-1.5184209180743747e-03
-1.5076093873353578e-03
-1.5025825475872797e-03
-1.4955027990400658e-03
-1.4870133500770825e-03
-1.4843786345542680e-03
-1.4765964950063093e-03
-1.4716913539466003e-03
-1.4729536640366800e-03
-1.4678084524265072e-03
-1.4706729801832435e-03
-1.4787044237254826e-03
-1.4884042615298137e-03
-1.5117710778776582e-03
-1.5448353319659884e-03
-1.5950516772113839e-03
-1.6749667150374591e-03
-1.7833881008775122e-03
-1.9435119942688242e-03
-2.1728263501198473e-03
-2.4885477796648021e-03
-2.9334060299272273e-03
-3.5448157701742570e-03
-4.3802004061459935e-03
-5.5193904139080171e-03
-7.0484082017316539e-03
-9.0969242374417131e-03
-1.1819004946208668e-02
-1.5401357077456206e-02
-2.0092915908903306e-02
-2.6183533203671422e-02
-3.4033366953867702e-02
-4.4079640519106213e-02
-5.6829152194421563e-02
-7.2895287247834006e-02
-9.2980578305387737e-02
-1.1788848735943985e-01
-1.4853550808859645e-01
-1.8592990859672726e-01
-2.3117763043470638e-01
-2.8545923299152576e-01
-3.5000206077091062e-01
-4.2605203131276331e-01
-5.1482291299909144e-01
-6.1744039278932039e-01
-7.3487460163532325e-01
-8.6778421857502996e-01
-1.0164920990341344e+00
-1.1811365627041921e+00
-1.3613036454709289e+00
-1.5555826695402537e+00
-1.7626628367297166e+00
-1.9801903183787175e+00
-2.2052176924690472e+00
-2.4344116118174237e+00
-2.6642086346436078e+00
-2.8899223971537480e+00
-3.1075729484069474e+00
-3.3129393428062301e+00
-3.5019359695419725e+00
-3.6708062430542396e+00
-3.8164723298210337e+00
-3.9363601347898109e+00
-4.0280785704063637e+00
-4.0911231191310709e+00
-4.1250838816535218e+00
-4.1294656714758426e+00
-4.1060139298943277e+00
-4.0554981441219011e+00
-3.9802040068103546e+00
0.0000000000000000e+00
2.4055929233035767e-01
0.0000000000000000e+00
0.0000000000000000e+00
];
