%Vec Object:sol 1 MPI processes
%  type: mpi
sol = [
0.0000000000000000e+00
-3.4416230612475566e+01
-2.6763783374389106e+01
-2.1426539288301182e+01
-1.7492358145317731e+01
-1.4442345407446366e+01
-1.1976420744124431e+01
-9.9391689968014454e+00
-8.2280719797403865e+00
-6.7761573062272253e+00
-5.5405895597167127e+00
-4.4913119364559355e+00
-3.6044842278227214e+00
-2.8606208081274493e+00
-2.2427217613206789e+00
-1.7358989511621514e+00
-1.3254057170474260e+00
-9.9795029890885367e-01
-7.4052700290504858e-01
-5.4145085058684272e-01
-3.9008831240744390e-01
-2.7688700332745053e-01
-1.9370190806767765e-01
-1.3364597483539137e-01
-9.0994706995010569e-02
-6.1233420356322420e-02
-4.0855530522450431e-02
-2.7122867982192440e-02
-1.7991594375258092e-02
-1.2061999009130289e-02
-8.2813427313870938e-03
-5.8454807578856814e-03
-4.3456208375685862e-03
-3.4501534584093995e-03
-2.8651566309164517e-03
-2.5158646246235409e-03
-2.3263259851471624e-03
-2.1887227955329305e-03
-2.0935503769210426e-03
-2.0501076238722419e-03
-2.0125422345484267e-03
-1.9648011368485771e-03
-1.9455117752696512e-03
-1.9338656593829672e-03
-1.8932903380094073e-03
-1.8759120216090409e-03
-1.8752330495572643e-03
-1.8354196328663102e-03
-1.8168837835913323e-03
-1.8189342478973128e-03
-1.7837335175252083e-03
-1.7640535945467049e-03
-1.7637321828022177e-03
-1.7366483349323661e-03
-1.7161967190770255e-03
-1.7139968918057356e-03
-1.6934489714337390e-03
-1.6725770908258082e-03
-1.6689367542013873e-03
-1.6535986809191577e-03
-1.6326061526309335e-03
-1.6279031930605662e-03
-1.6166668345100363e-03
-1.5958127718376756e-03
-1.5903780371810845e-03
-1.5823172079498010e-03
-1.5618264537040716e-03
-1.5559493557260893e-03
-1.5502781335354780e-03
-1.5303445983982033e-03
-1.5242765993770057e-03
-1.5203339549638170e-03
-1.5011212225889438e-03
-1.4950774295420116e-03
-1.4923049469142233e-03
-1.4739485403634540e-03
-1.4681110559083600e-03
-1.4660358288011118e-03
-1.4486457431748577e-03
-1.4431670797565176e-03
-1.4413880909886227e-03
-1.4250522540312153e-03
-1.4200593812246983e-03
-1.4182368230720335e-03
-1.4030242121845296e-03
-1.3986220962475802e-03
-1.3964684369787168e-03
-1.3824319771167984e-03
-1.3787068259423110e-03
-1.3759795558164966e-03
-1.3631591469339213e-03
-1.3601817718487401e-03
-1.3566778255374144e-03
-1.3451032637635720e-03
-1.3429323614197097e-03
-1.3384832793305660e-03
-1.3281759462933133e-03
-1.3268601586879536e-03
-1.3213298627417747e-03
-1.3123069086678856e-03
-1.3118890475607864e-03
-1.3051749553996447e-03
-1.2974504477754080e-03
-1.2979683543064393e-03
-1.2899862994370725e-03
-1.2835712954218364e-03
-1.2850573224951563e-03
-1.2757423128978119e-03
-1.2706430472939636e-03
-1.2731219649411553e-03
-1.2624214827017873e-03
-1.2586359225506421e-03
-1.2595916065180912e-03
-1.2499954427151654e-03
-1.2475135421288321e-03
-1.2464493205044263e-03
-1.2384240233946037e-03
-1.2372302675383302e-03
-1.2341524477877620e-03
-1.2276653252957014e-03
-1.2277430078775375e-03
-1.2226743915129082e-03
-1.2176949629222761e-03
-1.2190288361162121e-03
-1.2119939956884301e-03
-1.2084935710069103e-03
-1.2100976393634580e-03
-1.2020961624214087e-03
-1.2000462072378067e-03
-1.1993298277356730e-03
-1.1929688180645692e-03
-1.1923394735174580e-03
-1.1893581013640343e-03
-1.1845957043061827e-03
-1.1853561134236479e-03
-1.1801747834097242e-03
-1.1769698944427049e-03
-1.1786706729700093e-03
-1.1717633135602977e-03
-1.1700756899642780e-03
-1.1693568563121556e-03
-1.1641104156606828e-03
-1.1639000104198820e-03
-1.1608355782804743e-03
-1.1572020209017159e-03
-1.1584295939141894e-03
-1.1530964952440690e-03
-1.1510292936221789e-03
-1.1512763813537733e-03
-1.1461251830551698e-03
-1.1455812977488029e-03
-1.1434318486692656e-03
-1.1399251468557927e-03
-1.1408865163806633e-03
-1.1364829400250399e-03
-1.1346856999925980e-03
-1.1352647125512524e-03
-1.1312401884435784e-03
-1.1320560772911262e-03
-1.1323692549326926e-03
-1.1341150710462175e-03
-1.1443515314540208e-03
-1.1572927194554684e-03
-1.1882748140871853e-03
-1.2474726827106707e-03
-1.3512589349431749e-03
-1.5425392193195362e-03
-1.8739816005150516e-03
-2.4458938371075380e-03
-3.4164239059992622e-03
-5.0213188905717989e-03
-7.6446580171647717e-03
-1.1845963360261559e-02
-1.8453176725960717e-02
-2.8659391361949414e-02
-4.4119440010537553e-02
-6.7104065148881370e-02
-1.0060845415864179e-01
-1.4847398982112187e-01
-2.1546517396487105e-01
-3.0724185352937611e-01
-4.3018869857410080e-01
-5.9112939971845224e-01
-7.9676890120231725e-01
-1.0528728734495125e+00
-1.3633063618683738e+00
-1.7283301433593052e+00
-2.1448531337579415e+00
-2.6036390572422206e+00
-3.0910050830539375e+00
-3.5878423338206726e+00
-4.0714842240779046e+00
-4.5180747247090878e+00
-4.9040890240620580e+00
-5.2099039038897779e+00
-5.4201729408432353e+00
-5.5270235595226600e+00
-5.5284486100010275e+00
-5.4288769129528438e+00
0.0000000000000000e+00
1.3464638167935297e-01
0.0000000000000000e+00
0.0000000000000000e+00
];
