%Vec Object:sol 1 MPI processes
%  type: mpi
sol = [
0.0000000000000000e+00
-8.1048282160793477e+00
-7.5770847772136039e+00
-7.0918506112722337e+00
-6.6409578779847704e+00
-6.2228670039000704e+00
-5.8335825115625086e+00
-5.4699518763220647e+00
-5.1295880560162566e+00
-4.8092355238411795e+00
-4.5047757594697728e+00
-4.2182453649731126e+00
-3.9477158528420260e+00
-3.6906169323871518e+00
-3.4465773752975766e+00
-3.2160308926008634e+00
-2.9962782224635691e+00
-2.7882648887802435e+00
-2.5910663146956474e+00
-2.4040282190495241e+00
-2.2268981197902451e+00
-2.0595119568772677e+00
-1.9011352885453277e+00
-1.7521041503359298e+00
-1.6111618804650274e+00
-1.4789294717724724e+00
-1.3549416286196685e+00
-1.2383912253864315e+00
-1.1295959872698875e+00
-1.0281709715293779e+00
-9.3376287990885165e-01
-8.4591840954515041e-01
-7.6459092076028556e-01
-6.8947545807749311e-01
-6.2026634207645492e-01
-5.5666120863199753e-01
-4.9836363856806670e-01
-4.4498014795536311e-01
-3.9633285464684198e-01
-3.5213777731496432e-01
-3.1209055171982547e-01
-2.7590346174211483e-01
-2.4332228220983312e-01
-2.1406902865482336e-01
-1.8786227618678344e-01
-1.6448777208651377e-01
-1.4370436202457007e-01
-1.2524387266257164e-01
-1.0893741363455828e-01
-9.4583171755166201e-02
-8.1943862269401882e-02
-7.0886178721911566e-02
-6.1249522914874309e-02
-5.2841649482126281e-02
-4.5552243264245715e-02
-3.9264062356088932e-02
-3.3827394763124040e-02
-2.9153192319295043e-02
-2.5162497790804615e-02
-2.1742834223787574e-02
-1.8823448921243584e-02
-1.6356981622467209e-02
-1.4261569417894674e-02
-1.2481155517739168e-02
-1.0992926155138324e-02
-9.7388388415218657e-03
-8.6739804216039301e-03
-7.7935265770523593e-03
-7.0570517494439357e-03
-6.4277642592200758e-03
-5.9132365626670480e-03
-5.4854657931449179e-03
-5.1134704906233676e-03
-4.8127810532082507e-03
-4.5637347256601412e-03
-4.3395973777516379e-03
-4.1605184638005702e-03
-4.0121208079545116e-03
-3.8710110452252959e-03
-3.7595532415954764e-03
-3.6664552086486646e-03
-3.5712647586576812e-03
-3.4968852837050563e-03
-3.4335650698437211e-03
-3.3637427164034564e-03
-3.3097210984199417e-03
-3.2622201771128202e-03
-3.2067327252717835e-03
-3.1641949186737676e-03
-3.1250595626606498e-03
-3.0781475446902181e-03
-3.0425143857114468e-03
-3.0078294056102794e-03
-2.9665559755654596e-03
-2.9355210793370603e-03
-2.9032415465065340e-03
-2.8661342350842214e-03
-2.8385602015516109e-03
-2.8076154010147586e-03
-2.7739527227636823e-03
-2.7493044789044315e-03
-2.7191510453940214e-03
-2.6886186903645683e-03
-2.6667063928949067e-03
-2.6371302617205590e-03
-2.6097040708056452e-03
-2.5906268907588078e-03
-2.5617480056222973e-03
-2.5377561241487750e-03
-2.5220273205422434e-03
-2.4944900670176044e-03
-2.4748866122851752e-03
-2.4613382387547690e-03
-2.4392593626754453e-03
-2.4262462277253845e-03
-2.4172571007806741e-03
-2.4047737846799697e-03
-2.4030435762564142e-03
-2.4046060810697894e-03
-2.4092660216703285e-03
-2.4283548232509186e-03
-2.4524806989954847e-03
-2.4892436817830687e-03
-2.5478003788301342e-03
-2.6176653262080627e-03
-2.7151084034285965e-03
-2.8473785370695605e-03
-3.0071253375261822e-03
-3.2179392475300541e-03
-3.4855388934445937e-03
-3.8154282931071571e-03
-4.2333888647203641e-03
-4.7491583062776160e-03
-5.3841854064876652e-03
-6.1702832774353181e-03
-7.1255431927011691e-03
-8.2918362816453324e-03
-9.7119739417925698e-03
-1.1419555392787002e-02
-1.3481708725441792e-02
-1.5956521847018998e-02
-1.8910092656637831e-02
-2.2432806266439457e-02
-2.6608886913924792e-02
-3.1545253638290263e-02
-3.7364372058301822e-02
-4.4187210526549517e-02
-5.2168189824500590e-02
-6.1467376211334766e-02
-7.2254901417193734e-02
-8.4731413670359829e-02
-9.9100254948645300e-02
-1.1558495224190948e-01
-1.3442745674511253e-01
-1.5587209520659182e-01
-1.8018552089065853e-01
-2.0763748886651873e-01
-2.3849964881084226e-01
-2.7305192897315028e-01
-3.1156466185562309e-01
-3.5430049230754168e-01
-4.0150696004837555e-01
-4.5340877605494478e-01
-5.1019967924944842e-01
-5.7202810968482654e-01
-6.3889837561688234e-01
-7.1094153187587050e-01
-7.8814938233040499e-01
-8.7043647078585484e-01
-9.5764293963604941e-01
-1.0493023156046390e+00
-1.1452116452541450e+00
-1.2450163276872714e+00
-1.3480275058658204e+00
-1.4535187383647745e+00
-1.5611305490920682e+00
-1.6696022923531821e+00
-1.7784903412229314e+00
-1.8866182635902082e+00
-1.9932705010732441e+00
-2.0972246633177813e+00
-2.1979788998364920e+00
-2.2939527528647350e+00
-2.3847964711320451e+00
-2.4696466255313827e+00
-2.5474225737468745e+00
-2.6175985940871782e+00
-2.6797012723986002e+00
-2.7332572777851332e+00
-2.7778192268777069e+00
-2.8131456963747685e+00
-2.8390632009848504e+00
-2.8555056033209758e+00
-2.8625858572074976e+00
-2.8604593622673904e+00
-2.8493964056695558e+00
-2.8296965046731546e+00
-2.8017311917283236e+00
-2.7659749999149095e+00
0.0000000000000000e+00
2.4055929233035767e-01
0.0000000000000000e+00
0.0000000000000000e+00
];
