%Vec Object:sol 1 MPI processes
%  type: mpi
sol = [
0.0000000000000000e+00
-1.4334315277059344e+01
-1.2889344589866074e+01
-1.1646089141739315e+01
-1.0583653366689912e+01
-9.6664693357639919e+00
-8.8656484428208486e+00
-8.1596633690166165e+00
-7.5321790525591270e+00
-6.9689902575966594e+00
-6.4598599787806910e+00
-5.9974485455701378e+00
-5.5745097234516487e+00
-5.1857426656107135e+00
-4.8272901909998005e+00
-4.4955807606749350e+00
-4.1874275125892142e+00
-3.8998270358480651e+00
-3.6309567017781532e+00
-3.3796874222308215e+00
-3.1445505956744073e+00
-2.9231673441374633e+00
-2.7158124594433444e+00
-2.5208513598542135e+00
-2.3375194591179227e+00
-2.1654912599301168e+00
-2.0034856215340064e+00
-1.8515048927670115e+00
-1.7088357830415748e+00
-1.5748690808452048e+00
-1.4495437044283135e+00
-1.3319531191775174e+00
-1.2220688383729008e+00
-1.1195476863495364e+00
-1.0238431803276797e+00
-9.3467357916599603e-01
-8.5183144255217080e-01
-7.7499431347760739e-01
-7.0382026421910704e-01
-6.3789423279128132e-01
-5.7708074094897377e-01
-5.2108848283134401e-01
-4.6964202276876099e-01
-4.2246699225360690e-01
-3.7928918101008152e-01
-3.3987235119984477e-01
-3.0396466702609110e-01
-2.7127636118596354e-01
-2.4164985981380657e-01
-2.1486488511747204e-01
-1.9067183804854099e-01
-1.6890234904347762e-01
-1.4936697759320888e-01
-1.3184789481281012e-01
-1.1619690912777113e-01
-1.0226007988934530e-01
-8.9853619093812842e-02
-7.8848732693010556e-02
-6.9126379363226881e-02
-6.0536454711182894e-02
-5.2968913747821963e-02
-4.6336982584785101e-02
-4.0521818412610863e-02
-3.5430922395710038e-02
-3.1005766282892141e-02
-2.7154932272731819e-02
-2.3801689059477372e-02
-2.0910970335117449e-02
-1.8414201054143119e-02
-1.6248316526760023e-02
-1.4396738289424124e-02
-1.2809042527700931e-02
-1.1433614213447336e-02
-1.0267694145495460e-02
-9.2746312912262759e-03
-8.4122013093543089e-03
-7.6873754667728276e-03
-7.0734625968463249e-03
-6.5359039065387096e-03
-6.0880167146967279e-03
-5.7099275303970007e-03
-5.3734268280106051e-03
-5.0955060987435269e-03
-4.8606345186846135e-03
-4.6460397502642173e-03
-4.4703620543567937e-03
-4.3205352197416488e-03
-4.1786622319773146e-03
-4.0635494414227270e-03
-3.9632129911988849e-03
-3.8643436410990316e-03
-3.7848605751825987e-03
-3.7128694268126821e-03
-3.6395575470267931e-03
-3.5812288010958924e-03
-3.5253785056434477e-03
-3.4677281239096111e-03
-3.4224776713431670e-03
-3.3760301355396745e-03
-3.3287541393292523e-03
-3.2924318540247517e-03
-3.2520560190605458e-03
-3.2127901266226192e-03
-3.1838204701394516e-03
-3.1485288292464561e-03
-3.1170628727074695e-03
-3.0959360177611169e-03
-3.0668253538988538e-03
-3.0450828135341525e-03
-3.0345748114373374e-03
-3.0152885615389422e-03
-3.0080501717465601e-03
-3.0117033565992715e-03
-3.0122539805057854e-03
-3.0287917062027116e-03
-3.0574580400035047e-03
-3.0920950722072632e-03
-3.1490524051691719e-03
-3.2227843306913743e-03
-3.3154984546789890e-03
-3.4415401819101504e-03
-3.5944901909674516e-03
-3.7857175225211315e-03
-4.0286479745156546e-03
-4.3171777730164921e-03
-4.6730214289651085e-03
-5.1092413078072984e-03
-5.6246069707722307e-03
-6.2499389909115880e-03
-6.9984148081865555e-03
-7.8835096973923491e-03
-8.9397086994994872e-03
-1.0185588073308641e-02
-1.1651786036274286e-02
-1.3379450228437981e-02
-1.5395759024928244e-02
-1.7751357975313877e-02
-2.0497060151806124e-02
-2.3673406351580304e-02
-2.7352742666255151e-02
-3.1596347413565297e-02
-3.6470805840837596e-02
-4.2063274548635232e-02
-4.8451836706342462e-02
-5.5730652951349609e-02
-6.4003578110803885e-02
-7.3366986356686356e-02
-8.3941794192283967e-02
-9.5846187088082430e-02
-1.0919902882331720e-01
-1.2413767805697835e-01
-1.4079179605275138e-01
-1.5929614201961514e-01
-1.7978324787957098e-01
-2.0239348044971051e-01
-2.2726628124477077e-01
-2.5453239222602064e-01
-2.8431354552244392e-01
-3.1672760536618871e-01
-3.5187626592911331e-01
-3.8984712488936490e-01
-4.3070976916011733e-01
-4.7451357237689423e-01
-5.2128076370999610e-01
-5.7095464112392558e-01
-6.2350305871120970e-01
-6.7888587094539399e-01
-7.3700556751585888e-01
-7.9772007405822998e-01
-8.6078953012464687e-01
-9.2591606902852630e-01
-9.9295511542729242e-01
-1.0616273371573690e+00
-1.1314185485390849e+00
-1.2020174011163374e+00
-1.2731676980236117e+00
-1.3441560454964949e+00
-1.4147219783090343e+00
-1.4844156776614392e+00
-1.5525356242317359e+00
-1.6189557100349754e+00
-1.6827719262980541e+00
-1.7439624235066751e+00
-1.8017104995592748e+00
-1.8558834348162527e+00
-1.9059908967961856e+00
-1.9516170193249118e+00
-1.9926928323597051e+00
-2.0286573474493736e+00
-2.0594692001580017e+00
-2.0850761080567248e+00
-2.1051535206706142e+00
-2.1196698640621374e+00
-2.1287787869042543e+00
-2.1324593706530703e+00
-2.1306188096244796e+00
-2.1234948421244910e+00
-2.1112953002543233e+00
-2.0942344479464268e+00
0.0000000000000000e+00
1.3464638167935297e-01
0.0000000000000000e+00
0.0000000000000000e+00
];
