%Vec Object:sol 1 MPI processes
%  type: mpi
sol = [
0.0000000000000000e+00
-1.2008753994223341e+01
-1.0988362454880813e+01
-1.0083294545915992e+01
-9.2870660579959790e+00
-8.5849804060260126e+00
-7.9621310185841470e+00
-7.4063253775944879e+00
-6.9076910220951113e+00
-6.4567810755703317e+00
-6.0466573989342400e+00
-5.6723500086190342e+00
-5.3261055324787199e+00
-5.0061757437985133e+00
-4.7103751433156207e+00
-4.4358403929956518e+00
-4.1790561863161813e+00
-3.9376438328347878e+00
-3.7120824582440402e+00
-3.5002420872625035e+00
-3.2991806024214316e+00
-3.1104228909118872e+00
-2.9317845333136789e+00
-2.7622973796038561e+00
-2.6023895771305057e+00
-2.4499744001252979e+00
-2.3060741731472199e+00
-2.1686993701463617e+00
-2.0389617104687683e+00
-1.9151914236746377e+00
-1.7979049789348325e+00
-1.6865446024925677e+00
-1.5806485492364775e+00
-1.4803661201312375e+00
-1.3850001375229846e+00
-1.2946084886334013e+00
-1.2090704328011264e+00
-1.1279623087096327e+00
-1.0511504866556780e+00
-9.7859953847227121e-01
-9.1012895276178707e-01
-8.4542926086786419e-01
-7.8437565157719258e-01
-7.2692105338258861e-01
-6.7290948991311739e-01
-6.2218053230301407e-01
-5.7458686510378221e-01
-5.2988764287564538e-01
-4.8807100740189957e-01
-4.4900314848257011e-01
-4.1253691698260248e-01
-3.7855838326033175e-01
-3.4694572596575551e-01
-3.1755847365264039e-01
-2.9029293302349801e-01
-2.6504071340455149e-01
-2.4166817343805946e-01
-2.2005707925595383e-01
-2.0014214395288596e-01
-1.8180243624438058e-01
-1.6494347106994475e-01
-1.4948548098481790e-01
-1.3532054012596714e-01
-1.2235889784362372e-01
-1.1053591951343913e-01
-9.9757338804055573e-02
-8.9939016645828665e-02
-8.1030837756486604e-02
-7.2952062253808028e-02
-6.5625303293965445e-02
-5.9013798390473660e-02
-5.3049617871215045e-02
-4.7663027237345945e-02
-4.2829109899887106e-02
-3.8491581503643159e-02
-3.4588905880617603e-02
-3.1106281899218137e-02
-2.7997600546201509e-02
-2.5209715941529154e-02
-2.2736108996391797e-02
-2.0539214479754712e-02
-1.8574182048204931e-02
-1.6840951354403132e-02
-1.5308837151547121e-02
-1.3940997741180952e-02
-1.2742112661133282e-02
-1.1686785701720850e-02
-1.0745800044213412e-02
-9.9270305189714872e-03
-9.2089288163395705e-03
-8.5695036603144446e-03
-8.0184996029352522e-03
-7.5369747242422565e-03
-7.1098097206834720e-03
-6.7475357579611633e-03
-6.4328021261189734e-03
-6.1570954669883625e-03
-5.9309010316467596e-03
-5.7376835590165799e-03
-5.5753812035761298e-03
-5.4538487874926595e-03
-5.3568340225913485e-03
-5.2886920605671227e-03
-5.2583084340080341e-03
-5.2494098055841003e-03
-5.2728873754131385e-03
-5.3365444345655792e-03
-5.4240149202106624e-03
-5.5529907628628083e-03
-5.7303073486082686e-03
-5.9396640085382403e-03
-6.2059675420136602e-03
-6.5329241045344608e-03
-6.9121879846374603e-03
-7.3689365304167352e-03
-7.9063273411485967e-03
-8.5260192481600213e-03
-9.2527178840442585e-03
-1.0090315964950330e-02
-1.1051181527365998e-02
-1.2160466151509087e-02
-1.3423778094796210e-02
-1.4864979412328878e-02
-1.6510725663704543e-02
-1.8369455835384636e-02
-2.0477317617639133e-02
-2.2862665570890246e-02
-2.5540708120975992e-02
-2.8557757912806802e-02
-3.1943509802413735e-02
-3.5728080245721459e-02
-3.9961198107021249e-02
-4.4677374777696045e-02
-4.9921616108471727e-02
-5.5747588383221310e-02
-6.2195086259825054e-02
-6.9323229378819101e-02
-7.7189114002371634e-02
-8.5838640039828135e-02
-9.5341976940491013e-02
-1.0575649983232059e-01
-1.1714028492556702e-01
-1.2956367323208373e-01
-1.4308408084920710e-01
-1.5775772461275719e-01
-1.7365936438743609e-01
-1.9084450805731315e-01
-2.0937885017096960e-01
-2.2931952423339394e-01
-2.5071752674946851e-01
-2.7362700013639651e-01
-2.9809090673402822e-01
-3.2414797650494737e-01
-3.5183115390351483e-01
-3.8116312006216746e-01
-4.1215905897797456e-01
-4.4482357498853609e-01
-4.7910540112985039e-01
-5.1500039870433512e-01
-5.5249731286159964e-01
-5.9155127984929101e-01
-6.3210188096024189e-01
-6.7408384338656679e-01
-7.1735157515008174e-01
-7.6176193955472071e-01
-8.0728193003852333e-01
-8.5377540715374045e-01
-9.0111034335905726e-01
-9.4892119023979926e-01
-9.9721691539717505e-01
-1.0458435451561525e+00
-1.0944699496886636e+00
-1.1428786703678440e+00
-1.1910207776644672e+00
-1.2385120233342670e+00
-1.2851600977599216e+00
-1.3309160475274258e+00
-1.3752253169374369e+00
-1.4182130581950745e+00
-1.4594643292068243e+00
-1.4988621271915910e+00
-1.5362288358130791e+00
-1.5712982855737156e+00
-1.6040412110648936e+00
-1.6341761942001920e+00
-1.6616712468886328e+00
-1.6863945469368447e+00
-1.7081665786840123e+00
-1.7271358458536679e+00
-1.7428824164320373e+00
-1.7557459017392252e+00
-1.7654465400290897e+00
-1.7720701053606713e+00
-1.7757819770427365e+00
-1.7762463082867297e+00
-1.7738656511912529e+00
-1.7686037290077758e+00
-1.7603830623622967e+00
-1.7495419869865221e+00
0.0000000000000000e+00
1.3464638167935297e-01
0.0000000000000000e+00
0.0000000000000000e+00
];
