%Vec Object:sol 1 MPI processes
%  type: mpi
sol = [
0.0000000000000000e+00
-6.3373111211675610e+00
-6.0069819770297466e+00
-5.6975046857164910e+00
-5.4110658170498276e+00
-5.1414080025231090e+00
-4.8849896814721285e+00
-4.6451411979929169e+00
-4.4175481105595873e+00
-4.2003904238795489e+00
-3.9956212619673095e+00
-3.7988957707104984e+00
-3.6120536009531024e+00
-3.4335784527343378e+00
-3.2621777673112198e+00
-3.0993050087596323e+00
-2.9417127313757878e+00
-2.7920346621572456e+00
-2.6472089972688040e+00
-2.5094065942888464e+00
-2.3760736993331379e+00
-2.2490174041802082e+00
-2.1266242631076770e+00
-2.0093019224133948e+00
-1.8970927808517783e+00
-1.7890515043480195e+00
-1.6859055727249077e+00
-1.5870347490462271e+00
-1.4922930305578701e+00
-1.4019210315605046e+00
-1.3155864294531732e+00
-1.2329715349877826e+00
-1.1543310485035190e+00
-1.0795197213378522e+00
-1.0083046270973843e+00
-9.4048524216062523e-01
-8.7618081032088591e-01
-8.1528368608096358e-01
-7.5766954194631364e-01
-7.0317278697557850e-01
-6.5161935511764979e-01
-6.0305051109313534e-01
-5.5735534757382610e-01
-5.1442310134140135e-01
-4.7413866191048687e-01
-4.3640519990327098e-01
-4.0111633789949158e-01
-3.6814192900282638e-01
-3.3735608723796362e-01
-3.0871811230359469e-01
-2.8209613472809014e-01
-2.5741360228248455e-01
-2.3457295316327528e-01
-2.1344804277404500e-01
-1.9396221229958693e-01
-1.7602890621747025e-01
-1.5953116227287292e-01
-1.4439210650693732e-01
-1.3053795044393859e-01
-1.1786329170707385e-01
-1.0629228175588847e-01
-9.5764738571558067e-02
-8.6188169209445373e-02
-7.7489401491051782e-02
-6.9621902534243496e-02
-6.2506483513441777e-02
-5.6074251109826168e-02
-5.0291650741147158e-02
-4.5092348546958039e-02
-4.0413077326522162e-02
-3.6231995874983561e-02
-3.2494585256063288e-02
-2.9144064267752207e-02
-2.6168690402019187e-02
-2.3524319533346546e-02
-2.1161068777485508e-02
-1.9075496350742394e-02
-1.7232175661905456e-02
-1.5588186647603329e-02
-1.4146555482614417e-02
-1.2878857213978825e-02
-1.1748970345857925e-02
-1.0764639304006104e-02
-9.9027899259407099e-03
-9.1338166941504033e-03
-8.4686002251422258e-03
-7.8879180825056090e-03
-7.3683691260353866e-03
-6.9226064651747203e-03
-6.5339643899290818e-03
-6.1849687674054160e-03
-5.8889239162674828e-03
-5.6306551200971146e-03
-5.3984127081112832e-03
-5.2052771848190979e-03
-5.0367339386996300e-03
-4.8866529761988058e-03
-4.7672567481235805e-03
-4.6640929978765079e-03
-4.5766560200744362e-03
-4.5159068376256608e-03
-4.4670880761973125e-03
-4.4354357279390638e-03
-4.4304743164636879e-03
-4.4369908294761458e-03
-4.4662282017666243e-03
-4.5263172264349031e-03
-4.6016684737895637e-03
-4.7099497069167315e-03
-4.8581741546541313e-03
-5.0306989765563758e-03
-5.2522103647611104e-03
-5.5266855322789665e-03
-5.8463624619361151e-03
-6.2363914069068658e-03
-6.7004950696809640e-03
-7.2410917064869625e-03
-7.8833880331002186e-03
-8.6324584167040107e-03
-9.5019923212487593e-03
-1.0518582692699067e-02
-1.1690089339361066e-02
-1.3042777093232136e-02
-1.4606231718833039e-02
-1.6392811425128682e-02
-1.8442819130359035e-02
-2.0789742480514690e-02
-2.3455078374417068e-02
-2.6491911162901772e-02
-2.9938128922160367e-02
-3.3833264617739847e-02
-3.8237464867128902e-02
-4.3195706752109243e-02
-4.8767133016111450e-02
-5.5020734117183563e-02
-6.2013135645200682e-02
-6.9821677939635715e-02
-7.8523543312781330e-02
-8.8186868488642101e-02
-9.8905327203332935e-02
-1.1076199993977931e-01
-1.2384246661832379e-01
-1.3824580809730572e-01
-1.5406141043096394e-01
-1.7138669039458404e-01
-1.9032156154477706e-01
-2.1095666054839415e-01
-2.3339227059836470e-01
-2.5772085835875580e-01
-2.8402901701914979e-01
-3.1240434027218655e-01
-3.4292333421485283e-01
-3.7565564732506590e-01
-4.1066197170621854e-01
-4.4799066154494999e-01
-4.8760410381697966e-01
-5.2958022920779657e-01
-5.7392403189695307e-01
-6.2061698907601370e-01
-6.6962876161838358e-01
-7.2090434690669558e-01
-7.7430885426378482e-01
-8.2966586689008659e-01
-8.8695611515777151e-01
-9.4603774880806379e-01
-1.0067513240379478e+00
-1.0686267100399283e+00
-1.1316734108892534e+00
-1.1956821660985979e+00
-1.2601877094029170e+00
-1.3249401404208503e+00
-1.3898307672874211e+00
-1.4542244544692924e+00
-1.5180254204336410e+00
-1.5808973186764372e+00
-1.6422967700516655e+00
-1.7022564846861208e+00
-1.7599643878243754e+00
-1.8156529156745771e+00
-1.8684903702625257e+00
-1.9186487659291966e+00
-1.9655830965272778e+00
-2.0091197623102359e+00
-2.0492894052638038e+00
-2.0853582255675494e+00
-2.1176793742197364e+00
-2.1460644923389860e+00
-2.1700129928569862e+00
-2.1898794589446151e+00
-2.2055596796684354e+00
-2.2168879857118844e+00
-2.2238819024962053e+00
-2.2267214691732469e+00
-2.2254928918652226e+00
-2.2201741137492057e+00
-2.2107888322503029e+00
-2.1976386795868397e+00
-2.1808513533585070e+00
-2.1606144436648065e+00
0.0000000000000000e+00
2.4055929233035767e-01
0.0000000000000000e+00
0.0000000000000000e+00
];
