%Vec Object:sol 1 MPI processes
%  type: mpi
sol = [
0.0000000000000000e+00
-1.3007441647123079e+01
-1.1821677131594766e+01
-1.0773166200465939e+01
-9.8626345531995412e+00
-9.0684388504640108e+00
-8.3695414810028961e+00
-7.7496953119031957e+00
-7.1962427715635169e+00
-6.6976316280687733e+00
-6.2436744395510839e+00
-5.8302560253749149e+00
-5.4511986582557101e+00
-5.1019899596644454e+00
-4.7793439202509234e+00
-4.4801487305168930e+00
-4.2005589245861117e+00
-3.9386983708327832e+00
-3.6941966681095768e+00
-3.4650740597790870e+00
-3.2483267129634599e+00
-3.0449891119207031e+00
-2.8534385414169283e+00
-2.6718526724431366e+00
-2.5011371725045288e+00
-2.3391175796787205e+00
-2.1864971754100586e+00
-2.0416777611970978e+00
-1.9053751699655870e+00
-1.7759096785660557e+00
-1.6538995517688257e+00
-1.5386453717811650e+00
-1.4297125592447999e+00
-1.3271262765850917e+00
-1.2303473628588302e+00
-1.1391450651377926e+00
-1.0534443348298732e+00
-9.7300304717195807e-01
-8.9730916919756798e-01
-8.2639200665265911e-01
-7.6005250792080992e-01
-6.9807071055131042e-01
-6.4022968875557607e-01
-5.8621642941737551e-01
-5.3595852154183887e-01
-4.8928367614905449e-01
-4.4600538116551619e-01
-4.0592665534647909e-01
-3.6888920164855310e-01
-3.3472436386976817e-01
-3.0324091120785740e-01
-2.7430286264464782e-01
-2.4772856904994409e-01
-2.2337442495641807e-01
-2.0111743598631734e-01
-1.8082451962712809e-01
-1.6233515755062314e-01
-1.4553241919455182e-01
-1.3030554312311307e-01
-1.1651425125820840e-01
-1.0405122500429272e-01
-9.2827842077809100e-02
-8.2724681301853092e-02
-7.3644563946801439e-02
-6.5520025274036567e-02
-5.8251951939809421e-02
-5.1753813147224166e-02
-4.5977442997631249e-02
-4.0842462002620435e-02
-3.6273219516328260e-02
-3.2238335420749067e-02
-2.8673940492787139e-02
-2.5515018430627846e-02
-2.2744156402589304e-02
-2.0311416382180821e-02
-1.8161796651496011e-02
-1.6288971927770603e-02
-1.4654262244706793e-02
-1.3211842891442257e-02
-1.1963732607793600e-02
-1.0879946881457761e-02
-9.9229348346531049e-03
-9.1005888743352845e-03
-8.3893063654538278e-03
-7.7589597920590210e-03
-7.2211953426102897e-03
-6.7568039712908937e-03
-6.3423591192961568e-03
-5.9915176719630295e-03
-5.6878268320789179e-03
-5.4140025621704762e-03
-5.1843352541717904e-03
-4.9838319545224231e-03
-4.8009627563104420e-03
-4.6496072572520530e-03
-4.5152457565204957e-03
-4.3918722811908716e-03
-4.2922027084700779e-03
-4.2014777521007310e-03
-4.1191227618107571e-03
-4.0561869349230138e-03
-3.9971992158865845e-03
-3.9470368858396179e-03
-3.9148013295933325e-03
-3.8840401913196364e-03
-3.8652303656582575e-03
-3.8654340853385627e-03
-3.8671436386263094e-03
-3.8866993733580055e-03
-3.9292237721586425e-03
-3.9762754824855832e-03
-4.0504526857536296e-03
-4.1527251002324199e-03
-4.2715941512811656e-03
-4.4289181927626448e-03
-4.6240603714086800e-03
-4.8545159507821590e-03
-5.1406560136542734e-03
-5.4815255620453088e-03
-5.8843979248258708e-03
-6.3691582110909388e-03
-6.9356176470930691e-03
-7.6018363600236904e-03
-8.3885054463889181e-03
-9.2975836165417325e-03
-1.0359166685380942e-02
-1.1595371060592415e-02
-1.3014816633581653e-02
-1.4658211968150597e-02
-1.6549384627838930e-02
-1.8712888198567514e-02
-2.1194116996142164e-02
-2.4023173325378292e-02
-2.7241921549962717e-02
-3.0902277841282844e-02
-3.5042473557952765e-02
-3.9722679199810838e-02
-4.5002426918180710e-02
-5.0930640629201052e-02
-5.7584751719692608e-02
-6.5030217866803575e-02
-7.3335511030133360e-02
-8.2585548432950087e-02
-9.2854435165888136e-02
-1.0422752141578055e-01
-1.1679520571763304e-01
-1.3063782052029846e-01
-1.4585224400686037e-01
-1.6251826134884725e-01
-1.8072824632015713e-01
-2.0057768522659117e-01
-2.2215002461688976e-01
-2.4552819063548040e-01
-2.7079252000519793e-01
-2.9801148792600224e-01
-3.2725091660798311e-01
-3.5856471400339951e-01
-3.9199519025616847e-01
-4.2757285230898984e-01
-4.6531401495121139e-01
-5.0519292568776719e-01
-5.4715441859720859e-01
-5.9120951212630890e-01
-6.3729570626781884e-01
-6.8533499379986573e-01
-7.3523037256855794e-01
-7.8677061789199498e-01
-8.3980245027559008e-01
-8.9422646429019537e-01
-9.4985185026378527e-01
-1.0063746031005620e+00
-1.0635036540818128e+00
-1.1211354375475593e+00
-1.1789421020401849e+00
-1.2364399159939401e+00
-1.2936208819011163e+00
-1.3499818292183909e+00
-1.4052231260954275e+00
-1.4592186636245974e+00
-1.5112843632531658e+00
-1.5615902160206223e+00
-1.6093566920658258e+00
-1.6548016281817777e+00
-1.6971812289341208e+00
-1.7367167082951414e+00
-1.7727805937482302e+00
-1.8055032781492788e+00
-1.8345674869180000e+00
-1.8598248179226473e+00
-1.8813536745510939e+00
-1.8987717298756044e+00
-1.9122669288214251e+00
-1.9218631086565963e+00
-1.9272871684851702e+00
-1.9288157943835715e+00
-1.9265504397575470e+00
-1.9203436217903307e+00
-1.9104415117617810e+00
-1.8970627003527527e+00
0.0000000000000000e+00
1.3464638167935297e-01
0.0000000000000000e+00
0.0000000000000000e+00
];
