%Vec Object:sol 1 MPI processes
%  type: mpi
sol = [
0.0000000000000000e+00
-1.0386961064415667e+01
-9.5317718620229659e+00
-8.7611729045322964e+00
-8.0613562375714629e+00
-7.4207069991550743e+00
-6.8301994925819303e+00
-6.2835838448611261e+00
-5.7762712148717785e+00
-5.3035048745446867e+00
-4.8621935450421248e+00
-4.4504515508393894e+00
-4.0657347378882918e+00
-3.7063207525112793e+00
-3.3700608475223719e+00
-3.0562881533898594e+00
-2.7644541906849192e+00
-2.4922914270201337e+00
-2.2405508089714283e+00
-2.0071159549674906e+00
-1.7922595517029216e+00
-1.5942593588797409e+00
-1.4131069228670841e+00
-1.2479022451092299e+00
-1.0974080714454626e+00
-9.6129022989462787e-01
-8.3865447053954889e-01
-7.2864296499728676e-01
-6.3033927734558770e-01
-5.4289301969051407e-01
-4.6557273137113381e-01
-3.9751635179975475e-01
-3.3793845242313125e-01
-2.8605536389835723e-01
-2.4106792261353421e-01
-2.0229410283404411e-01
-1.6906459903730098e-01
-1.4070547251592308e-01
-1.1664462595237744e-01
-9.6362495141224233e-02
-7.9336043199884340e-02
-6.5109627752011873e-02
-5.3317891449799967e-02
-4.3586979542653038e-02
-3.5569082460537464e-02
-2.9035716756040306e-02
-2.3741194137442023e-02
-1.9426059389579135e-02
-1.5969791106952933e-02
-1.3221310136796302e-02
-1.0998360947572703e-02
-9.2449966727811850e-03
-7.8765704896297025e-03
-6.7756825175842514e-03
-5.9146909052496324e-03
-5.2561452390106900e-03
-4.7252629352218019e-03
-4.3078579896489609e-03
-3.9957103690317023e-03
-3.7407681550684448e-03
-3.5331326469703523e-03
-3.3817674420388707e-03
-3.2549294553851395e-03
-3.1422057686742774e-03
-3.0622161870675789e-03
-2.9930846789678572e-03
-2.9219785577178667e-03
-2.8726814057993297e-03
-2.8293221339827520e-03
-2.7764355455467985e-03
-2.7403223730873495e-03
-2.7088032662484197e-03
-2.6643948752407302e-03
-2.6343316931964501e-03
-2.6086868560862122e-03
-2.5688967706134526e-03
-2.5421290828249537e-03
-2.5197491150756057e-03
-2.4831078379956178e-03
-2.4586247970057730e-03
-2.4382636232124603e-03
-2.4042201404934917e-03
-2.3816658944056544e-03
-2.3626263424168172e-03
-2.3309625980407877e-03
-2.3102117728486713e-03
-2.2920277743213699e-03
-2.2626397874787110e-03
-2.2436422310352275e-03
-2.2259590154806064e-03
-2.1987793708401000e-03
-2.1815064480225511e-03
-2.1640350655476206e-03
-2.1390079333712540e-03
-2.1234360201977903e-03
-2.1059344446559434e-03
-2.0830064446800424e-03
-2.0691107973832969e-03
-2.0513753908341995e-03
-2.0304945366313807e-03
-2.0182492556149716e-03
-2.0001129288658732e-03
-1.9812279350770799e-03
-1.9706057162236570e-03
-1.9519223983135141e-03
-1.9349821713345974e-03
-1.9259540664904259e-03
-1.9066010646948892e-03
-1.8915556288511060e-03
-1.8840921842894504e-03
-1.8639668754084145e-03
-1.8507670450477395e-03
-1.8423705879100131e-03
-1.8238596670543364e-03
-1.8124590816198404e-03
-1.8026115260957147e-03
-1.7861419080079880e-03
-1.7765023692362413e-03
-1.7651918810734492e-03
-1.7507233771346343e-03
-1.7428321276095366e-03
-1.7301006611833280e-03
-1.7176499730299723e-03
-1.7115756619012251e-03
-1.6975839433211464e-03
-1.6873397112898436e-03
-1.6824496887960848e-03
-1.6686636067207033e-03
-1.6613190464524574e-03
-1.6561290186443743e-03
-1.6465922050451071e-03
-1.6442508111005692e-03
-1.6418237725084903e-03
-1.6407137458308734e-03
-1.6492175667609371e-03
-1.6577386500545887e-03
-1.6761800881541649e-03
-1.7103410631410063e-03
-1.7509782802503002e-03
-1.8168682797676523e-03
-1.9108666094040363e-03
-2.0368478782898086e-03
-2.2162538296655624e-03
-2.4571581976401444e-03
-2.7821861284939341e-03
-3.2228426889709030e-03
-3.8014788304721282e-03
-4.5700798994510261e-03
-5.5811436380139544e-03
-6.8940044926513819e-03
-8.6012148708989478e-03
-1.0798666929885691e-02
-1.3611787428710461e-02
-1.7197758537437102e-02
-2.1729948963137232e-02
-2.7433906110033920e-02
-3.4567681268856509e-02
-4.3428173130548323e-02
-5.4376323664636426e-02
-6.7813570637271225e-02
-8.4203967736178900e-02
-1.0407404496013233e-01
-1.2799926728997452e-01
-1.5662614134285691e-01
-1.9064799823101186e-01
-2.3080340722772605e-01
-2.7787168352851743e-01
-3.3264629459876022e-01
-3.9592187116239147e-01
-4.6846603683139920e-01
-5.5099210736205229e-01
-6.4411831941783249e-01
-7.4830657574051163e-01
-8.6372761133361864e-01
-9.9059206365909436e-01
-1.1287675249424600e+00
-1.2777624024466370e+00
-1.4364179609991099e+00
-1.6040382759630507e+00
-1.7788374719162656e+00
-1.9590031384215303e+00
-2.1424225043587573e+00
-2.3267057496351153e+00
-2.5090007325049464e+00
-2.6869531950000267e+00
-2.8577329612039195e+00
-3.0182744701959074e+00
-3.1663261960567284e+00
-3.2996715293561207e+00
-3.4162308760640543e+00
-3.5144251999948257e+00
-3.5929986972145662e+00
-3.6507804891946569e+00
-3.6877203741222089e+00
-3.7037877285471112e+00
-3.6994431973850710e+00
-3.6749482967030902e+00
-3.6315908127533332e+00
-3.5707684645921334e+00
0.0000000000000000e+00
2.4055929233035767e-01
0.0000000000000000e+00
0.0000000000000000e+00
];
