%Vec Object:sol 1 MPI processes
%  type: mpi
sol = [
0.0000000000000000e+00
-1.0908953987410893e+01
-9.9689478945146419e+00
-9.1259361726101602e+00
-8.3629163836887912e+00
-7.6634106854105166e+00
-7.0215611139861496e+00
-6.4300031759030380e+00
-5.8828442929772526e+00
-5.3744933023473482e+00
-4.9013748723961674e+00
-4.4613134217976107e+00
-4.0502994994896717e+00
-3.6675015989260809e+00
-3.3119210132517649e+00
-2.9818959906940110e+00
-2.6752197766311765e+00
-2.3924056699524185e+00
-2.1312347913554492e+00
-1.8918690202711621e+00
-1.6721381027815427e+00
-1.4721888733673301e+00
-1.2907194414937195e+00
-1.1263964452863440e+00
-9.7869759179340376e-01
-8.4653290295128780e-01
-7.2882840357957102e-01
-6.2440424751551205e-01
-5.3235963650338303e-01
-4.5170419393696737e-01
-3.8141920393808726e-01
-3.2048287846271983e-01
-2.6798655896720358e-01
-2.2303093258076012e-01
-1.8471370020889749e-01
-1.5228141999467135e-01
-1.2500677193523974e-01
-1.0217115043068098e-01
-8.3178735361432304e-02
-6.7500511604802138e-02
-5.4613129434919132e-02
-4.4071934620922383e-02
-3.5532564967598573e-02
-2.8646080170906623e-02
-2.3093641795171257e-02
-1.8680394972104119e-02
-1.5194119237675064e-02
-1.2408341705963196e-02
-1.0236196619994545e-02
-8.5578011623476773e-03
-7.2196398989919659e-03
-6.1928959999262420e-03
-5.4170498016057134e-03
-4.7959876690342124e-03
-4.3210543366875350e-03
-3.9711823629993842e-03
-3.6855348196172485e-03
-3.4618607555161117e-03
-3.3019570781498988e-03
-3.1660406292902043e-03
-3.0510577227088704e-03
-2.9715737448742078e-03
-2.9003418769706630e-03
-2.8305666019238138e-03
-2.7837624872935418e-03
-2.7403149170950160e-03
-2.6891641474577018e-03
-2.6554871789858836e-03
-2.6244712215327502e-03
-2.5814600529761884e-03
-2.5533844065840920e-03
-2.5285277164419921e-03
-2.4897507049310018e-03
-2.4645586378985464e-03
-2.4432143233964025e-03
-2.4072900600231872e-03
-2.3840667019498192e-03
-2.3649825261388350e-03
-2.3314375443032739e-03
-2.3098995751259445e-03
-2.2923584801303426e-03
-2.2610254103345483e-03
-2.2410947012634539e-03
-2.2246003896432493e-03
-2.1954069183737091e-03
-2.1770643722896495e-03
-2.1612288385689797e-03
-2.1341291751014696e-03
-2.1173687882359844e-03
-2.1018714334551159e-03
-2.0768253956132167e-03
-2.0616408785663841e-03
-2.0462115819189948e-03
-2.0231797145154988e-03
-2.0095620585043389e-03
-1.9939720770061468e-03
-1.9729133098724295e-03
-1.9608493494260104e-03
-1.9449060121687538e-03
-1.9257788309199084e-03
-1.9152527373483444e-03
-1.8987986466800890e-03
-1.8815611145864182e-03
-1.8725546339010389e-03
-1.8554524729710333e-03
-1.8400619351457306e-03
-1.8325542765215144e-03
-1.8146892193475308e-03
-1.8011032224003066e-03
-1.7950721174679221e-03
-1.7763483435145359e-03
-1.7645240012403474e-03
-1.7574769806208608e-03
-1.7402866521535336e-03
-1.7301814720833233e-03
-1.7216027854232970e-03
-1.7063731916638560e-03
-1.6979462124514571e-03
-1.6878168919382942e-03
-1.6744942218676500e-03
-1.6677097218959812e-03
-1.6560352359309457e-03
-1.6445800763064242e-03
-1.6394224586927008e-03
-1.6262391076073514e-03
-1.6166584956189285e-03
-1.6122327006812865e-03
-1.5986312086104842e-03
-1.5910854075272681e-03
-1.5851557082961040e-03
-1.5741295614145633e-03
-1.5692627975090426e-03
-1.5628793919045354e-03
-1.5558493132992101e-03
-1.5557545084770462e-03
-1.5520394743228116e-03
-1.5533422778054970e-03
-1.5637971347227562e-03
-1.5719821068018252e-03
-1.5938645586165473e-03
-1.6286837532944903e-03
-1.6757072676827883e-03
-1.7505699787613801e-03
-1.8540581677709113e-03
-1.9997700225735300e-03
-2.2081212140605353e-03
-2.4879260212168760e-03
-2.8749201885797690e-03
-3.4022002338116642e-03
-4.1061997325633724e-03
-5.0529525213579658e-03
-6.3079329714488246e-03
-7.9616656063824544e-03
-1.0132910990965536e-02
-1.2952593805037641e-02
-1.6601048791094093e-02
-2.1288818271139421e-02
-2.7264283607658792e-02
-3.4841491276368070e-02
-4.4377831339918225e-02
-5.6300091750623289e-02
-7.1107793631743493e-02
-8.9362391660322504e-02
-1.1171669324977493e-01
-1.3889312844941568e-01
-1.7168789029679599e-01
-2.1097346387022539e-01
-2.5767274570466736e-01
-3.1275351681785324e-01
-3.7720028493711488e-01
-4.5198395169661187e-01
-5.3802445391072373e-01
-6.3614939393677328e-01
-7.4703980796862068e-01
-8.7100146364670405e-01
-1.0083327793868293e+00
-1.1589539744059332e+00
-1.3224219233716186e+00
-1.4973754966943649e+00
-1.6829029875874608e+00
-1.8769383062391976e+00
-2.0771969806421375e+00
-2.2809824251696003e+00
-2.4856006490680826e+00
-2.6871123899182261e+00
-2.8827522980994886e+00
-3.0690139185064500e+00
-3.2425268204323467e+00
-3.4002500375260492e+00
-3.5394274521330944e+00
-3.6578774830009131e+00
-3.7538733317797472e+00
-3.8262540081640233e+00
-3.8743402953246227e+00
-3.8974765140605179e+00
-3.8966094629270751e+00
-3.8724103929680584e+00
-3.8255736685436181e+00
-3.7582476911987555e+00
0.0000000000000000e+00
2.4055929233035767e-01
0.0000000000000000e+00
0.0000000000000000e+00
];
