%Vec Object:sol 1 MPI processes
%  type: mpi
sol = [
0.0000000000000000e+00
-6.9818452320909730e+00
-6.5862339456786811e+00
-6.2146178507023286e+00
-5.8710829874090651e+00
-5.5515942167968992e+00
-5.2512117214759773e+00
-4.9659769641679272e+00
-4.6987652908714646e+00
-4.4470115482624371e+00
-4.2054797636210113e+00
-3.9776056377939240e+00
-3.7616779673642768e+00
-3.5538326237616618e+00
-3.3570852781431233e+00
-3.1688660759136722e+00
-2.9890300948724566e+00
-2.8175050245860183e+00
-2.6532207108629358e+00
-2.4966395855528263e+00
-2.3464880917591628e+00
-2.2034831741114913e+00
-2.0668349956741419e+00
-1.9362272804599363e+00
-1.8122132404436690e+00
-1.6933999091406928e+00
-1.5806126938656708e+00
-1.4735269068039074e+00
-1.3714400467967010e+00
-1.2747617057307565e+00
-1.1832815970380741e+00
-1.0965834115878452e+00
-1.0146010008336923e+00
-9.3733607337135938e-01
-8.6463519431461233e-01
-7.9630297295009911e-01
-7.3197770043643418e-01
-6.7174493083286291e-01
-6.1543647795028167e-01
-5.6288872784593569e-01
-5.1393499581271040e-01
-4.6841266982315977e-01
-4.2617140729463499e-01
-3.8700083006162039e-01
-3.5076884259084073e-01
-3.1736591652260987e-01
-2.8663534834752991e-01
-2.5839526133108509e-01
-2.3252845881362771e-01
-2.0889002931647688e-01
-1.8730080262503904e-01
-1.6765701882296863e-01
-1.4982874405117302e-01
-1.3365365263697385e-01
-1.1903276735792005e-01
-1.0585703604789336e-01
-9.3984375483799190e-02
-8.3322065291559305e-02
-7.3783130107074699e-02
-6.5247155419151437e-02
-5.7629261404660001e-02
-5.0864113308275692e-02
-4.4852702679707868e-02
-3.9519029290108906e-02
-3.4817712179265679e-02
-3.0669576503661596e-02
-2.7007875560042572e-02
-2.3804632198766149e-02
-2.0998047507284668e-02
-1.8530457126637975e-02
-1.6388259555235998e-02
-1.4524156178289916e-02
-1.2888946879982302e-02
-1.1480295884553425e-02
-1.0262453139859989e-02
-9.1938450993687797e-03
-8.2804641425740927e-03
-7.4953284857917453e-03
-6.8036227201903133e-03
-6.2170651795719206e-03
-5.7149861341480677e-03
-5.2685585397468085e-03
-4.8930377075229259e-03
-4.5720034575524489e-03
-4.2820138301745692e-03
-4.0400996860328591e-03
-3.8324298498254878e-03
-3.6405306125887734e-03
-3.4818443210189332e-03
-3.3438386874481462e-03
-3.2127650776212660e-03
-3.1054580869063720e-03
-3.0097136003782313e-03
-2.9164097587641648e-03
-2.8410385127094367e-03
-2.7710159695057044e-03
-2.7018602894728710e-03
-2.6472157576147570e-03
-2.5936253234992617e-03
-2.5413423334108482e-03
-2.5018437960130781e-03
-2.4604858654484855e-03
-2.4224098625467011e-03
-2.3967671318665348e-03
-2.3675603170397828e-03
-2.3450484440234436e-03
-2.3360389883723557e-03
-2.3231647823646457e-03
-2.3221113740868097e-03
-2.3374793271544094e-03
-2.3506818492361561e-03
-2.3832521061431700e-03
-2.4354434275041794e-03
-2.4951994915759904e-03
-2.5830881934186417e-03
-2.6975573621456322e-03
-2.8351630980868641e-03
-3.0148634853211557e-03
-3.2346733511518112e-03
-3.5006875325055242e-03
-3.8314237650898860e-03
-4.2257570505045920e-03
-4.7006169609827876e-03
-5.2757041378437963e-03
-5.9525304193609775e-03
-6.7606223912955949e-03
-7.7220703455364581e-03
-8.8461626308680898e-03
-1.0174466486621769e-02
-1.1732657544365557e-02
-1.3548023411606465e-02
-1.5669529769650564e-02
-1.8132248897305279e-02
-2.0984340579925934e-02
-2.4285577773478402e-02
-2.8083986805196155e-02
-3.2451491611703825e-02
-3.7461706280577961e-02
-4.3180200962779726e-02
-4.9703784334859634e-02
-5.7117863184456732e-02
-6.5517702473927283e-02
-7.5017508263839780e-02
-8.5723815432772021e-02
-9.7758094839840173e-02
-1.1125062819961136e-01
-1.2632540276736262e-01
-1.4312662501711587e-01
-1.6179521672796335e-01
-1.8247136512098885e-01
-2.0530725541909209e-01
-2.3044652728432155e-01
-2.5803399536380534e-01
-2.8821281246333452e-01
-3.2111506965012665e-01
-3.5686841984362172e-01
-3.9558690043294903e-01
-4.3737010140475968e-01
-4.8229938507576980e-01
-5.3038945479155153e-01
-5.8166490621573363e-01
-6.3616751790213966e-01
-6.9388082827791697e-01
-7.5474353121713067e-01
-8.1866755851063111e-01
-8.8540717312005845e-01
-9.5478285635773363e-01
-1.0266883613650351e+00
-1.1008771006591778e+00
-1.1768388739043545e+00
-1.2543232796172492e+00
-1.3330927107359003e+00
-1.4124907410187322e+00
-1.4921624367306510e+00
-1.5718361491752320e+00
-1.6505285518048691e+00
-1.7283450089734451e+00
-1.8041981612724609e+00
-1.8781837094869651e+00
-1.9491620053423206e+00
-2.0173000708425937e+00
-2.0815797717903561e+00
-2.1419242575478141e+00
-2.1980351223222829e+00
-2.2490687551065522e+00
-2.2952116217483907e+00
-2.3361511901700647e+00
-2.3713955203269590e+00
-2.4009509315922255e+00
-2.4247787306644781e+00
-2.4428303133083351e+00
-2.4550591858395743e+00
-2.4613044523189198e+00
-2.4618391693702049e+00
-2.4567717272469167e+00
-2.4462782529486611e+00
-2.4305284814550872e+00
-2.4097238743134395e+00
-2.3841416723900859e+00
0.0000000000000000e+00
2.4055929233035767e-01
0.0000000000000000e+00
0.0000000000000000e+00
];
