%Vec Object:sol 1 MPI processes
%  type: mpi
sol = [
0.0000000000000000e+00
-8.0289555096951801e+00
-7.5108598740473980e+00
-7.0340649014689509e+00
-6.5900748951253085e+00
-6.1788574365198805e+00
-5.7958684133416574e+00
-5.4380030563928496e+00
-5.1029274401261748e+00
-4.7865853841385144e+00
-4.4866600965151147e+00
-4.2042967905937934e+00
-3.9375921765319410e+00
-3.6833845471795628e+00
-3.4426667702684530e+00
-3.2151440546627468e+00
-2.9976635502291122e+00
-2.7921906391854114e+00
-2.5968749005194063e+00
-2.4119176132257159e+00
-2.2362931757029609e+00
-2.0705396235284828e+00
-1.9133091878664727e+00
-1.7652626998324581e+00
-1.6253179412528256e+00
-1.4936960473397705e+00
-1.3701977596180916e+00
-1.2540748156225225e+00
-1.1454329913799646e+00
-1.0440430147407243e+00
-9.4960028886492165e-01
-8.6159804059693368e-01
-7.7996048545299212e-01
-7.0445017667684884e-01
-6.3477184289283284e-01
-5.7063160341556574e-01
-5.1174391356847893e-01
-4.5775518629681722e-01
-4.0842383931791382e-01
-3.6352027508209006e-01
-3.2274949794771218e-01
-2.8583210419325311e-01
-2.5252073717704548e-01
-2.2254457535708508e-01
-1.9562881604139787e-01
-1.7156391775140495e-01
-1.5011342702130445e-01
-1.3101354503425125e-01
-1.1409782199893449e-01
-9.9166796400782922e-02
-8.5985242578020607e-02
-7.4420469125053568e-02
-6.4312305016723761e-02
-5.5468664171562036e-02
-4.7778547693078134e-02
-4.1123780445863088e-02
-3.5353562415237703e-02
-3.0377334103516111e-02
-2.6114447966735326e-02
-2.2450689792792165e-02
-1.9313419564032219e-02
-1.6653323667931288e-02
-1.4386618938485385e-02
-1.2455336906623595e-02
-1.0834790679058588e-02
-9.4651419249612342e-03
-8.2997666136970880e-03
-7.3322413735705310e-03
-6.5206307408422273e-03
-5.8267421912476325e-03
-5.2568966034682698e-03
-4.7819186007654526e-03
-4.3697568126035815e-03
-4.0350308416099547e-03
-3.7572242076185252e-03
-3.5088310031121486e-03
-3.3093805300206955e-03
-3.1439068479529723e-03
-2.9884858626067425e-03
-2.8650863954997443e-03
-2.7620284244151768e-03
-2.6585090717230584e-03
-2.5771975501798950e-03
-2.5080958203196647e-03
-2.4334182531248276e-03
-2.3753413478453185e-03
-2.3244321312282661e-03
-2.2660439496419806e-03
-2.2210542523673103e-03
-2.1798208513011796e-03
-2.1310804450721289e-03
-2.0938694885997435e-03
-2.0577960187686158e-03
-2.0152750775259075e-03
-1.9831359954066664e-03
-1.9498525295117447e-03
-1.9118173606610472e-03
-1.8834042314784102e-03
-1.8516750590390786e-03
-1.8172764544796083e-03
-1.7919577254973762e-03
-1.7611695529907673e-03
-1.7300474742705520e-03
-1.7076094651368293e-03
-1.6775450481772201e-03
-1.6496936360895097e-03
-1.6302762712678085e-03
-1.6011208717836227e-03
-1.5769623348846633e-03
-1.5612064231899259e-03
-1.5337717475954582e-03
-1.5144760278431504e-03
-1.5014831499915154e-03
-1.4802361773426829e-03
-1.4684370782977769e-03
-1.4611215354306357e-03
-1.4508632910546996e-03
-1.4520682588056704e-03
-1.4574192630427160e-03
-1.4669112843515744e-03
-1.4921275310784327e-03
-1.5239317501375390e-03
-1.5702651616475299e-03
-1.6406887710071979e-03
-1.7251522225478714e-03
-1.8404907783046117e-03
-1.9945899446114270e-03
-2.1808088302114810e-03
-2.4236151129199486e-03
-2.7296949158404997e-03
-3.1056542920859511e-03
-3.5785553401389177e-03
-4.1595482818467819e-03
-4.8716760826498905e-03
-5.7485323219890931e-03
-6.8101539841502684e-03
-8.1005587912532061e-03
-9.6648818688323031e-03
-1.1539221008736557e-02
-1.3793362106410209e-02
-1.6488194170990036e-02
-1.9692730225822793e-02
-2.3500318064658444e-02
-2.7999118328245795e-02
-3.3298653287643150e-02
-3.9524111639356846e-02
-4.6799258906183132e-02
-5.5278348408062727e-02
-6.5125044930452958e-02
-7.6510873328625800e-02
-8.9636952396933450e-02
-1.0470639047570297e-01
-1.2194136197064907e-01
-1.4158118518866819e-01
-1.6386645230261768e-01
-1.8905823713113359e-01
-2.1741920890622046e-01
-2.4921232650130043e-01
-2.8470656205317996e-01
-3.2415981084445222e-01
-3.6782021474035159e-01
-4.1591893272659841e-01
-4.6866329165301845e-01
-5.2622759016859422e-01
-5.8873144038937120e-01
-6.5616695710193140e-01
-7.2864194809081728e-01
-8.0612874448513006e-01
-8.8852216530715278e-01
-9.7564427713453838e-01
-1.0669700524942491e+00
-1.1623630181140303e+00
-1.2614253669161231e+00
-1.3633927859959627e+00
-1.4676771781363933e+00
-1.5738629570983014e+00
-1.6806050854188073e+00
-1.7876689532748571e+00
-1.8936984470475273e+00
-1.9982305289170768e+00
-2.0998365361881932e+00
-2.1981600426099583e+00
-2.2918054664329506e+00
-2.3801868261269030e+00
-2.4626172403828428e+00
-2.5382007771078019e+00
-2.6061706405509661e+00
-2.6662273063895796e+00
-2.7179231713645939e+00
-2.7608405085497174e+00
-2.7947564521259274e+00
-2.8195119241038942e+00
-2.8350582253424577e+00
-2.8415110658799314e+00
-2.8389698799732943e+00
-2.8277435225556409e+00
-2.8081317045001879e+00
-2.7804893992438822e+00
-2.7452753758050030e+00
0.0000000000000000e+00
2.4055929233035767e-01
0.0000000000000000e+00
0.0000000000000000e+00
];
