%Vec Object:sol 1 MPI processes
%  type: mpi
sol = [
0.0000000000000000e+00
-1.5496321004397052e+01
-1.3806153304605921e+01
-1.2387656860946224e+01
-1.1188733717239378e+01
-1.0159541399699204e+01
-9.2611957072094189e+00
-8.4769698653512737e+00
-7.7846672376550812e+00
-7.1663371570495480e+00
-6.6093473358543262e+00
-6.1047984288271868e+00
-5.6443422722055852e+00
-5.2219238091299101e+00
-4.8331564681404773e+00
-4.4740813441417888e+00
-4.1412380392474191e+00
-3.8318115025419526e+00
-3.5431647403079842e+00
-3.2742153731524590e+00
-3.0234100283534109e+00
-2.7886327637327994e+00
-2.5693874520689826e+00
-2.3644440296138107e+00
-2.1726774491848770e+00
-1.9938102988697357e+00
-1.8265344165995507e+00
-1.6706203429048061e+00
-1.5255004119598408e+00
-1.3902157843547465e+00
-1.2646958282056304e+00
-1.1483142706783613e+00
-1.0403752112492561e+00
-9.4069997003138672e-01
-8.4884180595132508e-01
-7.6429489274364515e-01
-6.8654281899193259e-01
-6.1534451942985158e-01
-5.5029495492790970e-01
-4.9100773147441357e-01
-4.3709900779481753e-01
-3.8820277442424889e-01
-3.4398327504298398e-01
-3.0405286720723035e-01
-2.6812065485721392e-01
-2.3590334037015848e-01
-2.0709856440371366e-01
-1.8138383282764037e-01
-1.5852904855094266e-01
-1.3827934366071198e-01
-1.2034946573468366e-01
-1.0455498985261054e-01
-9.0689384102626044e-02
-7.8518075663557063e-02
-6.7888713824085012e-02
-5.8645166970663500e-02
-5.0601705130172328e-02
-4.3635126620801386e-02
-3.7634769571662070e-02
-3.2458720631790200e-02
-2.8009138912605581e-02
-2.4213867424831250e-02
-2.0967968771818054e-02
-1.8194541958792720e-02
-1.5852210287938664e-02
-1.3865576258928999e-02
-1.2174203869425511e-02
-1.0759991740165399e-02
-9.5699706123413119e-03
-8.5561650499003297e-03
-7.7170952706719538e-03
-7.0160299909737137e-03
-6.4141744658811201e-03
-5.9212049715456246e-03
-5.5115955812785377e-03
-5.1532982161375781e-03
-4.8629070055449097e-03
-4.6222267808201031e-03
-4.4043271417142449e-03
-4.2295870811225132e-03
-4.0842868358091739e-03
-3.9456556915978217e-03
-3.8356302988150786e-03
-3.7429321703109208e-03
-3.6484950918831039e-03
-3.5742784764941447e-03
-3.5100301853905492e-03
-3.4402749134458087e-03
-3.3859604978982104e-03
-3.3368897277966606e-03
-3.2812731541898531e-03
-3.2383590762943564e-03
-3.1973393411095720e-03
-3.1503150896276849e-03
-3.1143795860573528e-03
-3.0776525742942300e-03
-3.0363736469298718e-03
-3.0051798015822855e-03
-2.9707959578398756e-03
-2.9338488264605391e-03
-2.9063203563290635e-03
-2.8733153824442343e-03
-2.8400686580672728e-03
-2.8157844444063789e-03
-2.7837832688642062e-03
-2.7541166845772582e-03
-2.7331371918913692e-03
-2.7022723289317823e-03
-2.6765791523788505e-03
-2.6595352944626372e-03
-2.6306217394714017e-03
-2.6100850924071451e-03
-2.5960430360130724e-03
-2.5736160246849584e-03
-2.5608729239700641e-03
-2.5527173296477023e-03
-2.5415278696207791e-03
-2.5419644590505678e-03
-2.5464749067186068e-03
-2.5549454910064949e-03
-2.5790532786214662e-03
-2.6092616171426797e-03
-2.6534031030201947e-03
-2.7208709054262134e-03
-2.8009187350517529e-03
-2.9101049875178567e-03
-3.0556645832705751e-03
-3.2297748116860096e-03
-3.4560885190755689e-03
-3.7397570644860166e-03
-4.0854280092334980e-03
-4.5181172140143664e-03
-5.0459775822540801e-03
-5.6885657524066288e-03
-6.4753293041122104e-03
-7.4208335850986787e-03
-8.5629157557172448e-03
-9.9391328467862625e-03
-1.1576154428590167e-02
-1.3533187786837221e-02
-1.5858173964598755e-02
-1.8604899014031021e-02
-2.1849295035874291e-02
-2.5658859996668466e-02
-3.0119579420002957e-02
-3.5329755555999105e-02
-4.1382062466626818e-02
-4.8398870211871337e-02
-5.6503287626586574e-02
-6.5823334941274597e-02
-7.6512887925265533e-02
-8.8722595041950611e-02
-1.0261810005754399e-01
-1.1837832322621926e-01
-1.3617862204834910e-01
-1.5621292467342210e-01
-1.7866538266753271e-01
-2.0372656527305491e-01
-2.3159775671984911e-01
-2.6246455927825069e-01
-2.9650680577584604e-01
-3.3389297218269021e-01
-3.7477183437639178e-01
-4.1927213214824743e-01
-4.6749478514617926e-01
-5.1950925364053935e-01
-5.7534447903301966e-01
-6.3490565187468739e-01
-6.9817480669558951e-01
-7.6505371014868417e-01
-8.3538522375370516e-01
-9.0893703640063894e-01
-9.8521662589603898e-01
-1.0640522972848263e+00
-1.1450510603347959e+00
-1.2275828634178683e+00
-1.3111468458542301e+00
-1.3953568770103766e+00
-1.4792285693469205e+00
-1.5624772311431592e+00
-1.6441973369217024e+00
-1.7238775145633565e+00
-1.8006794801506152e+00
-1.8742045951372404e+00
-1.9434453402439418e+00
-2.0082427736119617e+00
-2.0677099718863494e+00
-2.1214714363010696e+00
-2.1692753557051039e+00
-2.2105417407774812e+00
-2.2449858226886792e+00
-2.2725686497633766e+00
-2.2931275047434316e+00
-2.3065859732192773e+00
-2.3127690504949965e+00
-2.3119930899591568e+00
-2.3043856704566106e+00
-2.2901394757313600e+00
-2.2695472219612980e+00
0.0000000000000000e+00
1.3464638167935297e-01
0.0000000000000000e+00
0.0000000000000000e+00
];
