%Vec Object:sol 1 MPI processes
%  type: mpi
sol = [
0.0000000000000000e+00
-7.0803036810468063e+00
-6.6742545652618919e+00
-6.2927589705189630e+00
-5.9402039013115937e+00
-5.6124667193859086e+00
-5.3056978818719998e+00
-5.0134187300679383e+00
-4.7396957721054003e+00
-4.4819108308234741e+00
-4.2358585057493752e+00
-4.0026322643355883e+00
-3.7819654915688110e+00
-3.5702335767382678e+00
-3.3691415308459320e+00
-3.1776910249352039e+00
-2.9940010125507661e+00
-2.8196536475502350e+00
-2.6520485155867806e+00
-2.4930736113127909e+00
-2.3401417271938363e+00
-2.1951522552947669e+00
-2.0561916663622326e+00
-1.9239519440142481e+00
-1.7980737449182063e+00
-1.6779684397960755e+00
-1.5640484501415439e+00
-1.4556882494328194e+00
-1.3527970716443563e+00
-1.2554598339447602e+00
-1.1634284567714224e+00
-1.0762137374714904e+00
-9.9402889844125675e-01
-9.1668409186461852e-01
-8.4401762586947049e-01
-7.7570497937846739e-01
-7.1163823951373750e-01
-6.5175644979779801e-01
-5.9588257170801562e-01
-5.4384507300667695e-01
-4.9546730550269918e-01
-4.5057737267311954e-01
-4.0898824484956720e-01
-3.7052344031211781e-01
-3.3505419484773302e-01
-3.0243695638071832e-01
-2.7250753992124388e-01
-2.4507595355774459e-01
-2.2001987569884901e-01
-1.9718836628978817e-01
-1.7639571988531080e-01
-1.5753425390971182e-01
-1.4046973847079591e-01
-1.2503538612496101e-01
-1.1112953522047550e-01
-9.8640639782934830e-02
-8.7424066653143950e-02
-7.7385703497698022e-02
-6.8437625246318981e-02
-6.0458456921931275e-02
-5.3363074653536985e-02
-4.7086385224222246e-02
-4.1529611824191376e-02
-3.6617397449923920e-02
-3.2305410004819797e-02
-2.8515492620695072e-02
-2.5182125197940271e-02
-2.2278829912762105e-02
-1.9745252227336384e-02
-1.7525247519238479e-02
-1.5606873440325374e-02
-1.3944416611082271e-02
-1.2490255948347819e-02
-1.1243664207956930e-02
-1.0170417284174641e-02
-9.2304170994033929e-03
-8.4310832024681488e-03
-7.7467806919557011e-03
-7.1439717720414618e-03
-6.6355575908509361e-03
-6.2019820285453831e-03
-5.8154594846285433e-03
-5.4921709809259995e-03
-5.2165693282363425e-03
-4.9660189075927822e-03
-4.7582385254058982e-03
-4.5800507217683703e-03
-4.4135772913101983e-03
-4.2767464981124242e-03
-4.1574954878663729e-03
-4.0424944953434891e-03
-3.9489022753951995e-03
-3.8648375170061543e-03
-3.7814551863940607e-03
-3.7144465016246586e-03
-3.6514369039440161e-03
-3.5881082159293599e-03
-3.5382077731899997e-03
-3.4883988260766834e-03
-3.4390048412076758e-03
-3.4015275654898655e-03
-3.3613678199503061e-03
-3.3236519001842027e-03
-3.2974832864160020e-03
-3.2668346639886311e-03
-3.2418608574778037e-03
-3.2292414434973689e-03
-3.2114922224063171e-03
-3.2040881185723159e-03
-3.2114003942719780e-03
-3.2146114109342168e-03
-3.2349063786834432e-03
-3.2721763614458254e-03
-3.3139664600165906e-03
-3.3803278312242164e-03
-3.4691596190471073e-03
-3.5763962428861135e-03
-3.7202565022385631e-03
-3.8979583341466994e-03
-4.1146920721631631e-03
-4.3879512804083590e-03
-4.7155013896223313e-03
-5.1130277077341777e-03
-5.5988651643768209e-03
-6.1730482346574840e-03
-6.8634839737907868e-03
-7.6905226622899911e-03
-8.6615834797441546e-03
-9.8162515580028364e-03
-1.1178101318458072e-02
-1.2772213211142816e-02
-1.4645289358815206e-02
-1.6830039426186293e-02
-1.9372249200854650e-02
-2.2329337809366051e-02
-2.5746936211058988e-02
-2.9694749276971945e-02
-3.4243429429467814e-02
-3.9456220883666716e-02
-4.5428972405426281e-02
-5.2248066645383145e-02
-6.0006492418267381e-02
-6.8817787851486942e-02
-7.8788596200281558e-02
-9.0041360864873354e-02
-1.0270820183918822e-01
-1.1691551404936781e-01
-1.3281136432123311e-01
-1.5054139688696722e-01
-1.7025150427167671e-01
-1.9210131866807589e-01
-2.1624273167269886e-01
-2.4283034666717362e-01
-2.7201862309702513e-01
-3.0395163715701717e-01
-3.3877100533013987e-01
-3.7660555902911658e-01
-4.1757040426631425e-01
-4.6176401129883793e-01
-5.0924339953694764e-01
-5.6000649211121767e-01
-6.1413174872283183e-01
-6.7161869636197491e-01
-7.3242226775167296e-01
-7.9646885718945837e-01
-8.6359654072861403e-01
-9.3350383576807860e-01
-1.0061540480587099e+00
-1.0813057604644787e+00
-1.1585633913338858e+00
-1.2374547235537838e+00
-1.3178418386492154e+00
-1.3992044948806990e+00
-1.4808797953458295e+00
-1.5627607371214427e+00
-1.6439160357031271e+00
-1.7241811874739199e+00
-1.8027540438607876e+00
-1.8793326197171800e+00
-1.9531237998522675e+00
-2.0240183790569750e+00
-2.0909631046989352e+00
-2.1540478913598480e+00
-2.2125956344814282e+00
-2.2661246514980253e+00
-2.3146023663214046e+00
-2.3576603037440189e+00
-2.3947317114625397e+00
-2.4260290617171720e+00
-2.4513565549956922e+00
-2.4706520978815769e+00
-2.4838080608375068e+00
-2.4907558029709675e+00
-2.4917798089087504e+00
-2.4869436679242622e+00
-2.4764319885315866e+00
-2.4604240174650642e+00
-2.4391329720767252e+00
-2.4128504527502765e+00
0.0000000000000000e+00
2.4055929233035767e-01
0.0000000000000000e+00
0.0000000000000000e+00
];
