%Vec Object:sol 1 MPI processes
%  type: mpi
sol = [
0.0000000000000000e+00
-1.4544917314544891e+01
-1.3056576899468526e+01
-1.1781917200879693e+01
-1.0694880485796942e+01
-9.7578156942056449e+00
-8.9405258974187927e+00
-8.2206273747056393e+00
-7.5812332353562315e+00
-7.0077580564390178e+00
-6.4897107951320434e+00
-6.0195114916114623e+00
-5.5896737216101604e+00
-5.1947023152180583e+00
-4.8306016429963483e+00
-4.4937368624160365e+00
-4.1808694252577432e+00
-3.8896952639401587e+00
-3.6174452979779192e+00
-3.3625836629575061e+00
-3.1242446318094452e+00
-2.9008101782826525e+00
-2.6908024086085214e+00
-2.4941647453189759e+00
-2.3088612532695700e+00
-2.1355444066962441e+00
-1.9722821649417817e+00
-1.8196126782437101e+00
-1.6760609653512692e+00
-1.5417952620110313e+00
-1.4161406129479610e+00
-1.2985521445387198e+00
-1.1889014567636480e+00
-1.0867154161123185e+00
-9.9141624842206078e-01
-9.0292663255803796e-01
-8.2087795436374522e-01
-7.4493502542139844e-01
-6.7464958910934547e-01
-6.0979932858219377e-01
-5.5012469788868390e-01
-4.9532126999573362e-01
-4.4510289239839840e-01
-3.9918259502207326e-01
-3.5727390173480711e-01
-3.1913239937736065e-01
-2.8446560434857388e-01
-2.5303802227596456e-01
-2.2464999820715603e-01
-1.9907366919487030e-01
-1.7605159015232100e-01
-1.5541143819636538e-01
-1.3695943062762331e-01
-1.2047327292191627e-01
-1.0580280810876055e-01
-9.2792428311749650e-02
-8.1256627378425469e-02
-7.1066459043111013e-02
-6.2103302373652490e-02
-5.4217415378707966e-02
-4.7300019276180688e-02
-4.1266180443622957e-02
-3.5998784837318158e-02
-3.1407515482301376e-02
-2.7436464414622937e-02
-2.3996661869197956e-02
-2.1013987229674978e-02
-1.8456248678169911e-02
-1.6257529841981953e-02
-1.4357409337380738e-02
-1.2742064410150418e-02
-1.1363590886589362e-02
-1.0172782064490642e-02
-9.1692918397690351e-03
-8.3186494735517907e-03
-7.5806603219620286e-03
-6.9642673153623999e-03
-6.4445394899910581e-03
-5.9885243410297924e-03
-5.6110606688003321e-03
-5.2936169372556083e-03
-5.0091883577899786e-03
-4.7758837694053483e-03
-4.5791457077483206e-03
-4.3970633264573226e-03
-4.2490617368734626e-03
-4.1227495267149679e-03
-4.0008192945440637e-03
-3.9026062991910559e-03
-3.8165747592801566e-03
-3.7298022328699654e-03
-3.6605499415211314e-03
-3.5972078942291302e-03
-3.5312058449720103e-03
-3.4790585115292050e-03
-3.4284314143472653e-03
-3.3751885241425088e-03
-3.3336501970468203e-03
-3.2903104923379103e-03
-3.2456109406261867e-03
-3.2113897985430570e-03
-3.1726730583702370e-03
-3.1346445769735104e-03
-3.1064956014512164e-03
-3.0715920677442761e-03
-3.0400542728677626e-03
-3.0183504243420718e-03
-2.9880894086400612e-03
-2.9645410637744386e-03
-2.9514653949765908e-03
-2.9287135954479773e-03
-2.9169558545960542e-03
-2.9148440346439680e-03
-2.9081533487499548e-03
-2.9157100559562598e-03
-2.9333412828456379e-03
-2.9545226380352368e-03
-2.9951865333278727e-03
-3.0492990913134508e-03
-3.1185116514684508e-03
-3.2165402135271651e-03
-3.3362404810875043e-03
-3.4881729464350916e-03
-3.6848562428789819e-03
-3.9191566644598899e-03
-4.2116673246019405e-03
-4.5742030938151941e-03
-5.0041427367220701e-03
-5.5308293059971774e-03
-6.1658101759293924e-03
-6.9208005354231064e-03
-7.8284435758979917e-03
-8.9053196933536263e-03
-1.0179998352798564e-02
-1.1691500982596361e-02
-1.3464754440594169e-02
-1.5548206367331965e-02
-1.7990464794868037e-02
-2.0829819130239447e-02
-2.4136634820524284e-02
-2.7970253538195686e-02
-3.2395532878955358e-02
-3.7498337006830619e-02
-4.3355661445893000e-02
-5.0061165426509048e-02
-5.7718810716312595e-02
-6.6425489526773698e-02
-7.6303739832331907e-02
-8.7474063926302442e-02
-1.0005846042919253e-01
-1.1419884855659974e-01
-1.3003020364518392e-01
-1.4769619926210154e-01
-1.6734090232043972e-01
-1.8910341607490827e-01
-2.1313939754255631e-01
-2.3959169535008593e-01
-2.6859508078608552e-01
-3.0028220571095093e-01
-3.3476990995759109e-01
-3.7216201933155979e-01
-4.1254509130039296e-01
-4.5598509611233157e-01
-5.0252199277267684e-01
-5.5216471512283971e-01
-6.0480630115538492e-01
-6.6046322080697506e-01
-7.1904835340466677e-01
-7.8042917198211015e-01
-8.4443413646524090e-01
-9.1069202468557375e-01
-9.7905101520678284e-01
-1.0492548197413589e+00
-1.1209030071659676e+00
-1.1934350453539686e+00
-1.2666969369378660e+00
-1.3400962321343806e+00
-1.4130633641285155e+00
-1.4854029059342955e+00
-1.5561417421613799e+00
-1.6252755022379464e+00
-1.6918538112188308e+00
-1.7558036707951870e+00
-1.8162053157062534e+00
-1.8730546167123070e+00
-1.9255482746283412e+00
-1.9735582576614028e+00
-2.0168026778642667e+00
-2.0546672541195710e+00
-2.0872539836777855e+00
-2.1143841575509117e+00
-2.1356191349259275e+00
-2.1511257498640908e+00
-2.1609470169718974e+00
-2.1650590168184913e+00
-2.1633268968141426e+00
-2.1560960583188926e+00
-2.1435274136899047e+00
-2.1258476378387203e+00
0.0000000000000000e+00
1.3464638167935297e-01
0.0000000000000000e+00
0.0000000000000000e+00
];
