%Vec Object:sol 1 MPI processes
%  type: mpi
sol = [
0.0000000000000000e+00
-1.1752358912792404e+01
-1.0667689578123086e+01
-9.7005445007960827e+00
-8.8241618017437560e+00
-8.0314868551137817e+00
-7.3073906189778324e+00
-6.6419165045210002e+00
-6.0282398080205191e+00
-5.4601218261390523e+00
-4.9335648802151599e+00
-4.4460731731478162e+00
-3.9946259378235243e+00
-3.5771881811233008e+00
-3.1922761044716639e+00
-2.8369556503965838e+00
-2.5112940417650194e+00
-2.2131292439645875e+00
-1.9417513379948572e+00
-1.6953201617392113e+00
-1.4731382864653635e+00
-1.2733439114218090e+00
-1.0949220792285135e+00
-9.3653079672231787e-01
-7.9672076681165427e-01
-6.7388648426389519e-01
-5.6676029776380565e-01
-4.7395746058156080e-01
-3.9407136735206716e-01
-3.2577866372631392e-01
-2.6779264666731978e-01
-2.1885135617731627e-01
-1.7787183116547794e-01
-1.4380603337093731e-01
-1.1563394379787725e-01
-9.2536680484032990e-02
-7.3747658196576887e-02
-5.8532655257147313e-02
-4.6309813518228757e-02
-3.6583225143084541e-02
-2.8873820194277207e-02
-2.2792810072223221e-02
-1.8060230991341967e-02
-1.4392518692244734e-02
-1.1536551375341054e-02
-9.3634609364080731e-03
-7.7223972560169166e-03
-6.4433786817658179e-03
-5.4922470614133939e-03
-4.7955664531185108e-03
-4.2404229245931128e-03
-3.8338435369424145e-03
-3.5457175359810637e-03
-3.3055012821861566e-03
-3.1261189931434457e-03
-3.0042648195082186e-03
-2.8935373058202301e-03
-2.8034372558704708e-03
-2.7451701765577163e-03
-2.6863682166545157e-03
-2.6298320071661686e-03
-2.5946994705602668e-03
-2.5572228971475573e-03
-2.5132946783675077e-03
-2.4864866790941151e-03
-2.4587109926154645e-03
-2.4200506227756574e-03
-2.3965477781057992e-03
-2.3740085145211136e-03
-2.3382270429933715e-03
-2.3164794770031152e-03
-2.2972830741659839e-03
-2.2636622410511578e-03
-2.2432573929776073e-03
-2.2264138302830207e-03
-2.1947572507275206e-03
-2.1756240801929288e-03
-2.1604796763319248e-03
-2.1307380656579726e-03
-2.1128939534822023e-03
-2.0989452330967264e-03
-2.0711042176240198e-03
-2.0545818378318527e-03
-2.0414138823972388e-03
-2.0154624503547470e-03
-2.0002901328463395e-03
-1.9875526404013574e-03
-1.9634761399920080e-03
-1.9496744257452864e-03
-1.9370699884491030e-03
-1.9148491351752236e-03
-1.9024309483873451e-03
-1.8897073077611215e-03
-1.8693195303923775e-03
-1.8582919688134808e-03
-1.8452357832069897e-03
-1.8266548453115352e-03
-1.8170190997702966e-03
-1.8034515810010467e-03
-1.7866494270565437e-03
-1.7784027574740729e-03
-1.7641792073499044e-03
-1.7491262274867679e-03
-1.7422623710773007e-03
-1.7272571182861229e-03
-1.7139219248333863e-03
-1.7084310251291985e-03
-1.6925398407382853e-03
-1.6808901884539005e-03
-1.6767598409389020e-03
-1.6598964219080590e-03
-1.6498985277699008e-03
-1.6446443067635005e-03
-1.6292098227184452e-03
-1.6208290126713347e-03
-1.6139423640843056e-03
-1.6003708140290779e-03
-1.5935718121066677e-03
-1.5850382784340607e-03
-1.5732785084038108e-03
-1.5680256544261578e-03
-1.5578469375472958e-03
-1.5478498918913969e-03
-1.5441092331343947e-03
-1.5322902658362319e-03
-1.5240120454773345e-03
-1.5208084174523930e-03
-1.5083175778923472e-03
-1.5017331263106773e-03
-1.4965535960415146e-03
-1.4859761999845692e-03
-1.4811311704008507e-03
-1.4741567719727460e-03
-1.4656613146314071e-03
-1.4628585823955782e-03
-1.4546717781314350e-03
-1.4490194143314500e-03
-1.4490405630160743e-03
-1.4419452771940065e-03
-1.4418517176173124e-03
-1.4455002606825545e-03
-1.4488187379156959e-03
-1.4630248680293824e-03
-1.4830919104775616e-03
-1.5150611357345059e-03
-1.5696062037250948e-03
-1.6430724780992238e-03
-1.7554641279942057e-03
-1.9201633548025009e-03
-2.1491642950302882e-03
-2.4785766298694128e-03
-2.9378097926717516e-03
-3.5742085331530228e-03
-4.4555117279097270e-03
-5.6532778428594645e-03
-7.2802280545806938e-03
-9.4708060453931233e-03
-1.2389404507338726e-02
-1.6260253466000067e-02
-2.1346274023650920e-02
-2.7979304593310387e-02
-3.6567830348884466e-02
-4.7590559777843683e-02
-6.1635850948407275e-02
-7.9385970342872300e-02
-1.0163173901555027e-01
-1.2928833695787034e-01
-1.6337654060786261e-01
-2.0503345023081976e-01
-2.5549257000067582e-01
-3.1605841692407194e-01
-3.8808295919229935e-01
-4.7291337771165348e-01
-5.7183695713565252e-01
-6.8601085157077490e-01
-8.1639304035142768e-01
-9.6341003638428679e-01
-1.1274335009827381e+00
-1.3082645012413419e+00
-1.5049148604248799e+00
-1.7157190726816980e+00
-1.9389887028494801e+00
-2.1710783599903625e+00
-2.4093131128135918e+00
-2.6491544062509451e+00
-2.8862311787353812e+00
-3.1161202764394780e+00
-3.3340427196806064e+00
-3.5354698711961183e+00
-3.7162013027431606e+00
-3.8727489540711333e+00
-4.0022942606676377e+00
-4.1024346938766492e+00
-4.1716886405986662e+00
-4.2099819778222436e+00
-4.2169639355580468e+00
-4.1939400608146125e+00
-4.1421423967682180e+00
-4.0637694237747564e+00
0.0000000000000000e+00
2.4055929233035767e-01
0.0000000000000000e+00
0.0000000000000000e+00
];
