%Vec Object:sol 1 MPI processes
%  type: mpi
sol = [
0.0000000000000000e+00
-1.2442733589399843e+01
-1.1351887166573368e+01
-1.0388195762195062e+01
-9.5435959899888072e+00
-8.8013166815119259e+00
-8.1446415114085244e+00
-7.5600015729583463e+00
-7.0364837876779234e+00
-6.5638347637852954e+00
-6.1345188268488835e+00
-5.7431191245790965e+00
-5.3839039619833633e+00
-5.0526832567326245e+00
-4.7442336018426090e+00
-4.4578530904184372e+00
-4.1911384097490831e+00
-3.9421384436978411e+00
-3.7076662302600765e+00
-3.4874436972846556e+00
-3.2806269140376139e+00
-3.0849349873263323e+00
-2.9003894244683734e+00
-2.7260470212975769e+00
-2.5606060440791754e+00
-2.4046231636435600e+00
-2.2560271014546500e+00
-2.1158630805456733e+00
-1.9825009235479436e+00
-1.8564270041835080e+00
-1.7367133155387393e+00
-1.6233620418995918e+00
-1.5162256837981904e+00
-1.4143490903873432e+00
-1.3182140655632455e+00
-1.2274493599075664e+00
-1.1413861290521041e+00
-1.0602541518932103e+00
-9.8382702556374790e-01
-9.1184384336519098e-01
-8.4393154036044005e-01
-7.8015273211914571e-01
-7.2030465396850363e-01
-6.6421041652456414e-01
-6.1169818060564052e-01
-5.6250650723107309e-01
-5.1656689646569864e-01
-4.7373786594197365e-01
-4.3387477370400057e-01
-3.9682907911563492e-01
-3.6243456598956569e-01
-3.3056803295666726e-01
-3.0109463957357308e-01
-2.7385771780124191e-01
-2.4873537384924896e-01
-2.2560039663294396e-01
-2.0433232613555172e-01
-1.8482374585468259e-01
-1.6697213291461130e-01
-1.5064712745307432e-01
-1.3574774163800654e-01
-1.2218945510112421e-01
-1.0985819030899034e-01
-9.8659882091058998e-02
-8.8527698757280740e-02
-7.9364107846917595e-02
-7.1082825116210904e-02
-6.3633661498899402e-02
-5.6934978437162574e-02
-5.0909140270206550e-02
-4.5520938926589163e-02
-4.0703339204187408e-02
-3.6387840249706802e-02
-3.2552191906085305e-02
-2.9142222975813054e-02
-2.6098645144225049e-02
-2.3409951946456804e-02
-2.1032845914865993e-02
-1.8916994885560454e-02
-1.7059392451294914e-02
-1.5425553267633651e-02
-1.3973626302254818e-02
-1.2706965963941545e-02
-1.1597910467397355e-02
-1.0612513273938574e-02
-9.7585520305956356e-03
-9.0133758317432946e-03
-8.3503616937959189e-03
-7.7800340690236868e-03
-7.2831788045031372e-03
-6.8399807148019371e-03
-6.4623222445152487e-03
-6.1331193811406783e-03
-5.8389562791125007e-03
-5.5919743262720463e-03
-5.3761846259058809e-03
-5.1842901087703688e-03
-5.0278694702921315e-03
-4.8912577652699511e-03
-4.7731290003485659e-03
-4.6839352654319535e-03
-4.6078155307732356e-03
-4.5493935450530440e-03
-4.5176743271341767e-03
-4.4963061924109928e-03
-4.4959918913766448e-03
-4.5241867459746687e-03
-4.5639777614788846e-03
-4.6324172451130971e-03
-4.7355270612431570e-03
-4.8559848599018388e-03
-5.0176131931482975e-03
-5.2228314368499909e-03
-5.4618142039259627e-03
-5.7582070649031397e-03
-6.1134176738908159e-03
-6.5271989018952621e-03
-7.0223060448872596e-03
-7.6004545148414581e-03
-8.2717560238719009e-03
-9.0590704334368704e-03
-9.9654888470248424e-03
-1.1012414656671174e-02
-1.2224020213865676e-02
-1.3606051331309292e-02
-1.5192251030634173e-02
-1.7008532112264600e-02
-1.9067538987978545e-02
-2.1413588048875769e-02
-2.4074293278046364e-02
-2.7077894509661464e-02
-3.0472912020276421e-02
-3.4292642994535480e-02
-3.8581542437358778e-02
-4.3393436986444586e-02
-4.8768375462037911e-02
-5.4767016685572774e-02
-6.1448648814331139e-02
-6.8861608327205712e-02
-7.7080507648756458e-02
-8.6167474577231992e-02
-9.6186347677258394e-02
-1.0721510153499621e-01
-1.1932024599211560e-01
-1.3257715289361952e-01
-1.4706192202744972e-01
-1.6283444522473214e-01
-1.7998211898936578e-01
-1.9857686374814851e-01
-2.1868507945937909e-01
-2.4037878880059560e-01
-2.6371847590776515e-01
-2.8876174872633686e-01
-3.1556153424839756e-01
-3.4415944254294845e-01
-3.7459144672921468e-01
-4.0688205760402368e-01
-4.4104494260248372e-01
-4.7706839123268763e-01
-5.1488717272802809e-01
-5.5452378026703197e-01
-5.9593163822818529e-01
-6.3905570917368726e-01
-6.8381384155856251e-01
-7.3010178836101214e-01
-7.7767825819210801e-01
-8.2652923198540162e-01
-8.7651627296512358e-01
-9.2747285201301644e-01
-9.7903046457807097e-01
-1.0311342862499746e+00
-1.0836045440172579e+00
-1.1361016723948514e+00
-1.1883512031616046e+00
-1.2402763975506024e+00
-1.2914456181759999e+00
-1.3416567060458797e+00
-1.3907939880663480e+00
-1.4382660273634429e+00
-1.4842220255000118e+00
-1.5280696582652282e+00
-1.5698904412866610e+00
-1.6091829212588065e+00
-1.6460390000136027e+00
-1.6799547218505628e+00
-1.7111486052570144e+00
-1.7390221621123074e+00
-1.7638801370758139e+00
-1.7853461514751692e+00
-1.8034557165798906e+00
-1.8182554273736058e+00
-1.8294144460456496e+00
-1.8372383538571759e+00
-1.8416289263543686e+00
-1.8425035763103237e+00
-1.8401411064366939e+00
-1.8344590765522035e+00
-1.8255140269986012e+00
-1.8135947265907892e+00
0.0000000000000000e+00
1.3464638167935297e-01
0.0000000000000000e+00
0.0000000000000000e+00
];
