%Vec Object:sol 1 MPI processes
%  type: mpi
sol = [
0.0000000000000000e+00
-1.1750052381479691e+01
-1.0665751453677986e+01
-9.6989091656216040e+00
-8.8227375471679199e+00
-8.0302240171252812e+00
-7.3062537105793828e+00
-6.6408777908446366e+00
-6.0272767436535721e+00
-5.4592158593659166e+00
-4.9327006327784941e+00
-4.4452392057140546e+00
-3.9938144488095535e+00
-3.5763931358640102e+00
-3.1914840833765279e+00
-2.8361627909484830e+00
-2.5105033280109974e+00
-2.2123269598474971e+00
-1.9409481747592399e+00
-1.6945038306764855e+00
-1.4723078160745591e+00
-1.2725084169221628e+00
-1.0940717151522499e+00
-9.3566601714044317e-01
-7.9584198625393721e-01
-6.7300119327356178e-01
-5.6586201990073537e-01
-4.7304711156062573e-01
-3.9314999594380978e-01
-3.2484736547984866e-01
-2.6685243840202760e-01
-2.1790310806712807e-01
-1.7691648373317839e-01
-1.4284447920646551e-01
-1.1466691743315240e-01
-9.1564939384321004e-02
-7.2771909169598220e-02
-5.7553464079842354e-02
-4.5327710515555300e-02
-3.5598715134639865e-02
-2.7887298291618109e-02
-2.1804600720026115e-02
-1.7070665754474683e-02
-1.3401855452012664e-02
-1.0544955484592423e-02
-8.3711370540582256e-03
-6.7295099616765707e-03
-5.4499844528802634e-03
-4.4984685445859825e-03
-3.8015070449528825e-03
-3.2460845807427844e-03
-2.8392945376690720e-03
-2.5510221984375876e-03
-2.3106460619484997e-03
-2.1311348065427356e-03
-2.0091955997913894e-03
-1.8983668188495013e-03
-1.8081742039415094e-03
-1.7498484185687892e-03
-1.6909746867362014e-03
-1.6343618558318329e-03
-1.5991816266234479e-03
-1.5616493707415920e-03
-1.5176520057730485e-03
-1.4908012180691627e-03
-1.4629797652035616e-03
-1.4242545118797643e-03
-1.4007115862138351e-03
-1.3781334107591521e-03
-1.3422902481319569e-03
-1.3205046663229537e-03
-1.3012744490322392e-03
-1.2675948391395898e-03
-1.2471539541414941e-03
-1.2302804771797229e-03
-1.1985680494370104e-03
-1.1794009368494146e-03
-1.1642296042989079e-03
-1.1344351780020860e-03
-1.1165593891151594e-03
-1.1025859732420680e-03
-1.0746953108211992e-03
-1.0581437055589781e-03
-1.0449526502378413e-03
-1.0189548674023852e-03
-1.0037559425660066e-03
-9.9099638372157064e-04
-9.6687693725153688e-04
-9.5305137465243094e-04
-9.4042539861778629e-04
-9.1816507938657802e-04
-9.0572590639889335e-04
-8.9298079249083308e-04
-8.7255708462937712e-04
-8.6151148021619897e-04
-8.4843346338724849e-04
-8.2982014476403626e-04
-8.2016933977895360e-04
-8.0657923528254776e-04
-7.8974824938266919e-04
-7.8148952918290530e-04
-7.6724227935305968e-04
-7.5216400873086655e-04
-7.4529112994983001e-04
-7.3026074485302869e-04
-7.1690378168119023e-04
-7.1140689459057115e-04
-6.9548886987061268e-04
-6.8382095873241553e-04
-6.7968767463176300e-04
-6.6279546847291800e-04
-6.5278281344833579e-04
-6.4752363189323468e-04
-6.3206328534216416e-04
-6.2367120307279037e-04
-6.1677645149725568e-04
-6.0318292495174244e-04
-5.9637613647198630e-04
-5.8783125359008950e-04
-5.7605336538326703e-04
-5.7079620360955038e-04
-5.6060279208339204e-04
-5.5059146848403186e-04
-5.4684998376855378e-04
-5.3501291422746659e-04
-5.2672424945362866e-04
-5.2352123852863433e-04
-5.1101093204378720e-04
-5.0441991359298575e-04
-4.9923698821050595e-04
-4.8864443874556624e-04
-4.8379696962789044e-04
-4.7681558766873291e-04
-4.6830991165642898e-04
-4.6550986733831154e-04
-4.5731405287854037e-04
-4.5165878624398855e-04
-4.5169047487366424e-04
-4.4459063255575823e-04
-4.4450974562102623e-04
-4.4818155352920183e-04
-4.5152556040149315e-04
-4.6578654989099113e-04
-4.8592836735584339e-04
-5.1800906627365209e-04
-5.7273121174873838e-04
-6.4643768121048031e-04
-7.5918747666084690e-04
-9.2440512349901039e-04
-1.1541264365745201e-03
-1.4846308700239130e-03
-1.9453809184150179e-03
-2.5838686477938711e-03
-3.4680653313670646e-03
-4.6697914841725132e-03
-6.3021573618742962e-03
-8.5000870577986807e-03
-1.1428576663147042e-02
-1.5312670115363525e-02
-2.0416283601658532e-02
-2.7072533222589394e-02
-3.5691521492392367e-02
-4.6753274335105489e-02
-6.0846722882171043e-02
-7.8657671800096113e-02
-1.0097957980950757e-01
-1.2873064141015073e-01
-1.6293496748443628e-01
-2.0473329124815237e-01
-2.5536294781946983e-01
-3.1613236355711144e-01
-3.8839736050792900e-01
-4.7350873720192321e-01
-5.7275691529910722e-01
-6.8730132261819277e-01
-8.1810083089483487e-01
-9.6561908166211807e-01
-1.1301463671233221e+00
-1.3115194352101209e+00
-1.5088050930804988e+00
-1.7201978568821199e+00
-1.9440876322939087e+00
-2.1768238030620548e+00
-2.4157146438642858e+00
-2.6560908116824522e+00
-2.8937284959068879e+00
-3.1241150090682530e+00
-3.3424544874078173e+00
-3.5442082150610363e+00
-3.7251719101159204e+00
-3.8818550434103951e+00
-4.0114416114267071e+00
-4.1115809848385840e+00
-4.1807030131128862e+00
-4.2187950088860973e+00
-4.2255362783808037e+00
-4.2021932226915979e+00
-4.1500454475841639e+00
-4.0712796016494819e+00
0.0000000000000000e+00
2.4055929233035767e-01
0.0000000000000000e+00
0.0000000000000000e+00
];
