%Vec Object:sol 1 MPI processes
%  type: mpi
sol = [
0.0000000000000000e+00
-7.2323122232323405e+00
-6.8098976516363718e+00
-6.4129238258448789e+00
-6.0462295700579780e+00
-5.7055269334929308e+00
-5.3871946359886858e+00
-5.0854308758852484e+00
-4.8014820329731096e+00
-4.5342029285209255e+00
-4.2810006359810853e+00
-4.0393968816616415e+00
-3.8109574005298277e+00
-3.5934159644961894e+00
-3.3854460889860629e+00
-3.1884458093037460e+00
-2.9992665843212110e+00
-2.8195677041724903e+00
-2.6478157289369548e+00
-2.4841965592316888e+00
-2.3277643111319239e+00
-2.1791543418062216e+00
-2.0370239451851297e+00
-1.9022179263900056e+00
-1.7734527668586682e+00
-1.6513514878490794e+00
-1.5356178663630120e+00
-1.4254565292333949e+00
-1.3214041559867944e+00
-1.2231408850370480e+00
-1.1301094701333156e+00
-1.0424482947888669e+00
-9.6002548208772809e-01
-8.8264027634988074e-01
-8.1003910630969767e-01
-7.4196515607057756e-01
-6.7840751955605760e-01
-6.1917407307984151e-01
-5.6407502715508451e-01
-5.1292595652690831e-01
-4.6553424803711951e-01
-4.2168756155883319e-01
-3.8120132011393615e-01
-3.4394688416271330e-01
-3.0972733657159840e-01
-2.7838863598526514e-01
-2.4975444478722839e-01
-2.2362174870778048e-01
-1.9986017756572899e-01
-1.7830944461177786e-01
-1.5877379861389410e-01
-1.4113979375434965e-01
-1.2526689074101907e-01
-1.1098175746035963e-01
-9.8179084484182638e-02
-8.6744000133836333e-02
-7.6528444631168716e-02
-6.7436755185473665e-02
-5.9380153852940189e-02
-5.2236343925199741e-02
-4.5920420815011020e-02
-4.0368263859276193e-02
-3.5481970172588771e-02
-3.1187687338618063e-02
-2.7443217251506159e-02
-2.4172385689967400e-02
-2.1311945770672937e-02
-1.8838128263233573e-02
-1.6693088914180903e-02
-1.4823263322682299e-02
-1.3219537923859053e-02
-1.1838799320561210e-02
-1.0635965091365669e-02
-9.6129475589670707e-03
-8.7379244360784106e-03
-7.9730713644004438e-03
-7.3280829712415937e-03
-6.7793724016828334e-03
-6.2952988713010482e-03
-5.8906059359098949e-03
-5.5473775939330573e-03
-5.2393216414000623e-03
-4.9840348635280017e-03
-4.7672157177492775e-03
-4.5673464336658748e-03
-4.4031842600957792e-03
-4.2624538379957035e-03
-4.1280758607212071e-03
-4.0187075574105507e-03
-3.9229098524808355e-03
-3.8278980548312538e-03
-3.7513194646478015e-03
-3.6817021213252773e-03
-3.6105527193973203e-03
-3.5538703135654646e-03
-3.4995286121049171e-03
-3.4434161143497449e-03
-3.3994521309220161e-03
-3.3544251949225927e-03
-3.3087528048833877e-03
-3.2740003409784703e-03
-3.2355916491976903e-03
-3.1986492377184235e-03
-3.1722409835598536e-03
-3.1402625628280017e-03
-3.1127633517045701e-03
-3.0962778815640363e-03
-3.0731274048072582e-03
-3.0585561590611211e-03
-3.0566501066682642e-03
-3.0482407372686197e-03
-3.0541128338531457e-03
-3.0736779903390234e-03
-3.0939160198027588e-03
-3.1342387559758112e-03
-3.1917965311857727e-03
-3.2616635995555820e-03
-3.3610922895050302e-03
-3.4861867470209504e-03
-3.6408859946419321e-03
-3.8412880601615064e-03
-4.0835726397897530e-03
-4.3816834834999449e-03
-4.7520302631282830e-03
-5.1924893576446749e-03
-5.7286601020651012e-03
-6.3783622511603437e-03
-7.1462305199561441e-03
-8.0689558195951878e-03
-9.1669619597171490e-03
-1.0461985614162493e-02
-1.1997313679892001e-02
-1.3802008381102963e-02
-1.5918171390609071e-02
-1.8399541516579462e-02
-2.1287922811341724e-02
-2.4649454640329079e-02
-2.8552205785508530e-02
-3.3055413217647260e-02
-3.8251508833102445e-02
-4.4225023893970213e-02
-5.1067079143855235e-02
-5.8890384540434701e-02
-6.7801279869528108e-02
-7.7923215484074118e-02
-8.9390640385210204e-02
-1.0233315511350136e-01
-1.1690429752734899e-01
-1.3325655532245773e-01
-1.5154425087073631e-01
-1.7193822151901142e-01
-1.9460293906435916e-01
-2.1970811163232040e-01
-2.4742583133457632e-01
-2.7791907790703252e-01
-3.1135159777435734e-01
-3.4787577333896430e-01
-3.8763146364471884e-01
-4.3074456520407417e-01
-4.7732176009413652e-01
-5.2740950623700045e-01
-5.8102702031249009e-01
-6.3824826675707313e-01
-6.9905534523533297e-01
-7.6339871657480429e-01
-8.3119107140079562e-01
-9.0217081818940426e-01
-9.7613770630272445e-01
-1.0529588674885868e+00
-1.1323569752308051e+00
-1.2137757295647005e+00
-1.2969133428905530e+00
-1.3815020924587242e+00
-1.4667315818487277e+00
-1.5522978001282264e+00
-1.6377145767985732e+00
-1.7221017918768597e+00
-1.8053190448364398e+00
-1.8862745216013665e+00
-1.9648715423145855e+00
-2.0401811111101864e+00
-2.1118461617594662e+00
-2.1794780277844987e+00
-2.2421584456064441e+00
-2.2999018224076733e+00
-2.3523152542137473e+00
-2.3986582645635011e+00
-2.4389853996709836e+00
-2.4731448106944787e+00
-2.5009144665918117e+00
-2.5221768320420845e+00
-2.5367501965622892e+00
-2.5448485466747859e+00
-2.5465748438746636e+00
-2.5419998710213285e+00
-2.5313233358249292e+00
-2.5147407001595568e+00
-2.4924867186994826e+00
-2.4648789180865305e+00
0.0000000000000000e+00
2.4055929233035767e-01
0.0000000000000000e+00
0.0000000000000000e+00
];
