%Vec Object:sol 1 MPI processes
%  type: mpi
sol = [
0.0000000000000000e+00
-1.4654002109368049e+01
-1.3143018351577046e+01
-1.1852043797328680e+01
-1.0752256014935179e+01
-9.8049026462463562e+00
-8.9790692159177024e+00
-8.2518728746162129e+00
-7.6059986688635828e+00
-7.0263701932583427e+00
-6.5038361207076649e+00
-6.0302522132883425e+00
-5.5973094391966143e+00
-5.1991597771258995e+00
-4.8321259826044454e+00
-4.4925666878667103e+00
-4.1772485419130767e+00
-3.8838450034379370e+00
-3.6101710164320693e+00
-3.3534243501823982e+00
-3.1134283626119492e+00
-2.8889518042196531e+00
-2.6776229211361331e+00
-2.4798580567171515e+00
-2.2938893827200491e+00
-2.1197392947997584e+00
-1.9560209370894976e+00
-1.8028645205917355e+00
-1.6590182459825731e+00
-1.5246290225999650e+00
-1.3987993388856410e+00
-1.2812771412842661e+00
-1.1717766690569025e+00
-1.0697286774348875e+00
-9.7474168365316904e-01
-8.8662858569445313e-01
-8.0501423977871867e-01
-7.2955581780648471e-01
-6.5976451354048060e-01
-5.9549872715067420e-01
-5.3643703871013593e-01
-4.8226879572891768e-01
-4.3270281944561056e-01
-3.8744582312183018e-01
-3.4620465057802530e-01
-3.0871959209339589e-01
-2.7471413883368112e-01
-2.4394244454361991e-01
-2.1619570613123604e-01
-1.9124277497541367e-01
-1.6882247813117091e-01
-1.4876060212426431e-01
-1.3086128992036944e-01
-1.1490015220876056e-01
-1.0072620412770228e-01
-8.8183185204712453e-02
-7.7084935920628816e-02
-6.7302635820126813e-02
-5.8718078524898458e-02
-5.1181915783596967e-02
-4.4586201247438485e-02
-3.8847108853304321e-02
-3.3848574883586960e-02
-2.9501542352046540e-02
-2.5751562713101230e-02
-2.2511032630278413e-02
-1.9707262043416114e-02
-1.7309599675135338e-02
-1.5253553179968793e-02
-1.3480102459195838e-02
-1.1976862350892561e-02
-1.0697240454075179e-02
-9.5932745806340310e-03
-8.6658498758086944e-03
-7.8816047974519955e-03
-7.2013707589063001e-03
-6.6350769128047027e-03
-6.1586695766857160e-03
-5.7399920805218385e-03
-5.3946301822072563e-03
-5.1047084366604269e-03
-4.8438076262842513e-03
-4.6305753287802969e-03
-4.4509212131581526e-03
-4.2833454448724453e-03
-4.1476449214467581e-03
-4.0317462346536256e-03
-3.9186181828292626e-03
-3.8278422522169224e-03
-3.7480900585985665e-03
-3.6666171298832227e-03
-3.6018412554280075e-03
-3.5422817741673869e-03
-3.4794780717409476e-03
-3.4300398758497865e-03
-3.3817088244091054e-03
-3.3304123529939015e-03
-3.2905243190872011e-03
-3.2485788824258019e-03
-3.2050496518758855e-03
-3.1717995806604077e-03
-3.1338690241856548e-03
-3.0964507158294480e-03
-3.0687380463336363e-03
-3.0340897196411078e-03
-3.0026139575904938e-03
-2.9807589614811001e-03
-2.9501031784868437e-03
-2.9258799969038027e-03
-2.9118018905628616e-03
-2.8876588951985051e-03
-2.8740510306221648e-03
-2.8695432406445594e-03
-2.8598056588110374e-03
-2.8635439946784994e-03
-2.8764406214353330e-03
-2.8918014480781976e-03
-2.9253645475647806e-03
-2.9708673594382728e-03
-3.0296990436910636e-03
-3.1152770625357535e-03
-3.2201114160201592e-03
-3.3543744124652120e-03
-3.5301464167103846e-03
-3.7397935924402942e-03
-4.0033602176944424e-03
-4.3320470069177046e-03
-4.7225443939651855e-03
-5.2034574988070043e-03
-5.7855152722291981e-03
-6.4795431496954435e-03
-7.3172443426635777e-03
-8.3141750842972983e-03
-9.4978330275403127e-03
-1.0906126728773833e-02
-1.2562797270931878e-02
-1.4515116707356687e-02
-1.6810499719965469e-02
-1.9486006493848775e-02
-2.2610887600418024e-02
-2.6243378877455904e-02
-3.0447320914502394e-02
-3.5307760025919538e-02
-4.0900966207192191e-02
-4.7320151920440971e-02
-5.4669125901017274e-02
-6.3044829698463895e-02
-7.2570393001569367e-02
-8.3367259437603203e-02
-9.5558786880843433e-02
-1.0928898949222486e-01
-1.2469537406277977e-01
-1.4192492134480911e-01
-1.6112997662158043e-01
-1.8244665036126101e-01
-2.0603959999374680e-01
-2.3205770234872827e-01
-2.6064235070285718e-01
-2.9193385002675137e-01
-3.2605699559800438e-01
-3.6312422039239656e-01
-4.0323114715247738e-01
-4.4645260332020248e-01
-4.9283757794014255e-01
-5.4240834752068723e-01
-5.9508252757427826e-01
-6.5084568322448477e-01
-7.0963668094871712e-01
-7.7132932375065344e-01
-8.3575647303792799e-01
-9.0259445369325841e-01
-9.7160388347756299e-01
-1.0425704908411708e+00
-1.1151556572330021e+00
-1.1886741427338088e+00
-1.2630225651125755e+00
-1.3376707942549286e+00
-1.4118873215256222e+00
-1.4855389775544456e+00
-1.5577158231559931e+00
-1.6282361805633196e+00
-1.6962945374953440e+00
-1.7616335015053433e+00
-1.8234826422379879e+00
-1.8817393483893601e+00
-1.9354967247045993e+00
-1.9847775736656930e+00
-2.0291219563720473e+00
-2.0680493206889752e+00
-2.1015745712661502e+00
-2.1295004148126098e+00
-2.1513673391868595e+00
-2.1674071124889283e+00
-2.1776107141137717e+00
-2.1819401163709231e+00
-2.1802862586424663e+00
-2.1730042456987708e+00
-2.1602440801039431e+00
-2.1422400235491557e+00
0.0000000000000000e+00
1.3464638167935297e-01
0.0000000000000000e+00
0.0000000000000000e+00
];
