%Vec Object:sol 1 MPI processes
%  type: mpi
sol = [
0.0000000000000000e+00
-1.7254689854670801e+01
-1.4955654771390252e+01
-1.2988797508941479e+01
-1.1278355598055416e+01
-9.7728059621349388e+00
-8.4322821485169026e+00
-7.2383024472355002e+00
-6.1720908641473917e+00
-5.2234133876674615e+00
-4.3825015100818616e+00
-3.6427678909675221e+00
-2.9973841465354010e+00
-2.4393358638092493e+00
-1.9627693567030882e+00
-1.5604605877075266e+00
-1.2254775784014735e+00
-9.4994869359892453e-01
-7.2682734300545682e-01
-5.4879313937020580e-01
-4.0887365869767622e-01
-3.0054752476128199e-01
-2.1801544740553203e-01
-1.5613855702684523e-01
-1.1043598902089825e-01
-7.7218691203778139e-02
-5.3486010270639886e-02
-3.6776442482270348e-02
-2.5162534166929415e-02
-1.7255569425159444e-02
-1.1959483068340175e-02
-8.4020943460946015e-03
-6.0941750549099085e-03
-4.6312399198484696e-03
-3.6589633834185004e-03
-3.0501178110851923e-03
-2.6896008221966687e-03
-2.4424434609154381e-03
-2.2780255657570037e-03
-2.1907019037059341e-03
-2.1260564818076496e-03
-2.0620373385549723e-03
-2.0321069062462067e-03
-2.0134677638711297e-03
-1.9689652469694350e-03
-1.9483628058684392e-03
-1.9447921532846691e-03
-1.9036021649556361e-03
-1.8833866770539675e-03
-1.8833788510273827e-03
-1.8472336020776993e-03
-1.8262721462445120e-03
-1.8242197583680511e-03
-1.7961741694266522e-03
-1.7746306819437848e-03
-1.7709029604616152e-03
-1.7493583090202544e-03
-1.7275374094326658e-03
-1.7225361474102507e-03
-1.7061861151925735e-03
-1.6843651976420661e-03
-1.6784452704904169e-03
-1.6662004698200033e-03
-1.6446202957832907e-03
-1.6380921627746014e-03
-1.6290401800051130e-03
-1.6079083357780648e-03
-1.6010424946163451e-03
-1.5944079484594015e-03
-1.5739032637056088e-03
-1.5669348460289299e-03
-1.5620650529440396e-03
-1.5423380983984030e-03
-1.5354681467655376e-03
-1.5318114175212228e-03
-1.5129870676071778e-03
-1.5063860152324813e-03
-1.5034749435734243e-03
-1.4856540430303543e-03
-1.4794642571845742e-03
-1.4769020081335381e-03
-1.4601648843305223e-03
-1.4545047889980814e-03
-1.4519547912127805e-03
-1.4363638174761126e-03
-1.4313309235362388e-03
-1.4285080119295225e-03
-1.4141107793922347e-03
-1.4097851913670999e-03
-1.4064487164680538e-03
-1.3932805620954923e-03
-1.3897278313247748e-03
-1.3856760607895580e-03
-1.3737632925223131e-03
-1.3710379402512237e-03
-1.3661034749540303e-03
-1.3554646404449842e-03
-1.3536117334438044e-03
-1.3476587786491901e-03
-1.3383081315341272e-03
-1.3373667617690868e-03
-1.3302919293679764e-03
-1.3222406850171241e-03
-1.3222449853792716e-03
-1.3139624232083374e-03
-1.3072181713271853e-03
-1.3081963611334788e-03
-1.2986387698519044e-03
-1.2932046479299780e-03
-1.2951780857704024e-03
-1.2842911298998289e-03
-1.2801632144582543e-03
-1.2806731567123089e-03
-1.2708862029903094e-03
-1.2680537841707250e-03
-1.2666136614299438e-03
-1.2583839766467438e-03
-1.2568117393153570e-03
-1.2534039805771147e-03
-1.2466870822375070e-03
-1.2463953936858729e-03
-1.2410853469509138e-03
-1.2358692618186352e-03
-1.2368277707138010e-03
-1.2296160790541497e-03
-1.2258631694762872e-03
-1.2271037245043606e-03
-1.2189635280812604e-03
-1.2166440826969383e-03
-1.2156332580421502e-03
-1.2091109265276068e-03
-1.2081951000929331e-03
-1.2049855629572492e-03
-1.2000396930689277e-03
-1.2004967907908856e-03
-1.1951504749571147e-03
-1.1917403438155892e-03
-1.1931303876331213e-03
-1.1861091231604435e-03
-1.1841948603663907e-03
-1.1832320034575407e-03
-1.1778461257408827e-03
-1.1773881903826885e-03
-1.1741434372751500e-03
-1.1703457091864942e-03
-1.1713056801236704e-03
-1.1658537281603099e-03
-1.1636002966592151e-03
-1.1636165265993511e-03
-1.1583617121664318e-03
-1.1576280442809313e-03
-1.1553506664684879e-03
-1.1517956561103518e-03
-1.1527077328717975e-03
-1.1485559185632436e-03
-1.1473050477147694e-03
-1.1490403482871752e-03
-1.1474992732078996e-03
-1.1529399050611846e-03
-1.1619333621278789e-03
-1.1794957912327968e-03
-1.2178590991871279e-03
-1.2802803212286422e-03
-1.3964219809032734e-03
-1.5998723718899050e-03
-1.9440126938933731e-03
-2.5286942479437161e-03
-3.4932702225611012e-03
-5.0662398055053830e-03
-7.5915768128145527e-03
-1.1568404237316813e-02
-1.7743745572094953e-02
-2.7165719414142728e-02
-4.1300516219595844e-02
-6.2149432152340693e-02
-9.2357409398426890e-02
-1.3535699530333650e-01
-1.9544534104696989e-01
-2.7783336352573074e-01
-3.8860137240927151e-01
-5.3450804133912577e-01
-7.2262518510533380e-01
-9.5976074006307888e-01
-1.2516460304783572e+00
-1.6013765965051852e+00
-2.0097075180720734e+00
-2.4720050337764277e+00
-2.9794582610061084e+00
-3.5168720667807758e+00
-4.0650081803106675e+00
-4.6006182870963102e+00
-5.0990230193755064e+00
-5.5371050749066173e+00
-5.8934631993063720e+00
-6.1529382536975463e+00
-6.3063692700843808e+00
-6.3507102282293886e+00
-6.2885562453800539e+00
-6.1282521055993397e+00
0.0000000000000000e+00
2.4055929233035767e-01
0.0000000000000000e+00
0.0000000000000000e+00
];
