%Vec Object:sol 1 MPI processes
%  type: mpi
sol = [
0.0000000000000000e+00
-6.7607211568871595e+00
-6.3881210202759533e+00
-6.0383567286803590e+00
-5.7148546636599837e+00
-5.4137780876416324e+00
-5.1277706115627772e+00
-4.8584306698756672e+00
-4.6059564863906353e+00
-4.3656321610110069e+00
-4.1366889088443726e+00
-3.9208122709085083e+00
-3.7138159576490546e+00
-3.5166462734979111e+00
-3.3291917486073013e+00
-3.1488745951358408e+00
-2.9777071723211797e+00
-2.8125963782649448e+00
-2.6559132999679087e+00
-2.5049317780695759e+00
-2.3613351839999206e+00
-2.2231262774328968e+00
-2.0916430969011763e+00
-1.9653543031779572e+00
-1.8449372228815126e+00
-1.7301737636732106e+00
-1.6201773807004223e+00
-1.5156304627785491e+00
-1.4161711387961597e+00
-1.3211930193664161e+00
-1.2310987811887548e+00
-1.1457474123458846e+00
-1.0646619962615331e+00
-9.8782580563824585e-01
-9.1529146717668464e-01
-8.4687496278888974e-01
-7.8242439556250221e-01
-7.2163297614365085e-01
-6.6452849134078162e-01
-6.1100320094455229e-01
-5.6091002849067306e-01
-5.1410477374983377e-01
-4.7045243257792502e-01
-4.2980979261416491e-01
-3.9200937615851555e-01
-3.5690815702702983e-01
-3.2442566204240036e-01
-2.9439954617399317e-01
-2.6672437979710967e-01
-2.4126960888866658e-01
-2.1787214750691472e-01
-1.9643750303449437e-01
-1.7684642214285654e-01
-1.5894820302672072e-01
-1.4265082541000168e-01
-1.2785202732386294e-01
-1.1441711651773981e-01
-1.0225766140115049e-01
-9.1289975059251294e-02
-8.1397341058685013e-02
-7.2496607434420254e-02
-6.4522875226819293e-02
-5.7377907502979247e-02
-5.0985299574859082e-02
-4.5298028607037889e-02
-4.0235608157421013e-02
-3.5729345122179776e-02
-3.1748312574654124e-02
-2.8228112530141375e-02
-2.5108214791954537e-02
-2.2371428736239558e-02
-1.9967242662612725e-02
-1.7843214823853423e-02
-1.5993302653479410e-02
-1.4378438921644558e-02
-1.2953845958796378e-02
-1.1722050797341324e-02
-1.0652991046968799e-02
-9.7089551992905337e-03
-8.8986463218703737e-03
-8.1987415739970329e-03
-7.5779681116113062e-03
-7.0491034412471587e-03
-6.5935762780365073e-03
-6.1859923393082520e-03
-5.8414438362318711e-03
-5.5444456850085909e-03
-5.2750426341498426e-03
-5.0492279417531545e-03
-4.8532625045437060e-03
-4.6723288615407371e-03
-4.5222298112570537e-03
-4.3899334737865277e-03
-4.2655927569591988e-03
-4.1640114878144308e-03
-4.0720909338168333e-03
-3.9849048641225730e-03
-3.9156925248067754e-03
-3.8507439201261049e-03
-3.7901038231569280e-03
-3.7450888024034832e-03
-3.7010362299392603e-03
-3.6630943499447745e-03
-3.6404875779586241e-03
-3.6174343438689846e-03
-3.6044245069630867e-03
-3.6085912926303964e-03
-3.6130491887542021e-03
-3.6339770562527048e-03
-3.6766044080006797e-03
-3.7231549019692538e-03
-3.7959851148238856e-03
-3.8963685720596886e-03
-4.0134574340110508e-03
-4.1690875231684453e-03
-4.3632189877303006e-03
-4.5941163264292591e-03
-4.8825654692532137e-03
-5.2287023247996750e-03
-5.6409354491072424e-03
-6.1402776764250240e-03
-6.7284399769813848e-03
-7.4253465510479037e-03
-8.2539299869733573e-03
-9.2193113629724637e-03
-1.0354688961772971e-02
-1.1686115186014732e-02
-1.3227193252231725e-02
-1.5023715903353429e-02
-1.7105916931140133e-02
-1.9505781110851196e-02
-2.2276791907785948e-02
-2.5458782807953658e-02
-2.9104440273350327e-02
-3.3277754416274286e-02
-3.8029828814231337e-02
-4.3436172595802319e-02
-4.9573866065080900e-02
-5.6511105530535864e-02
-6.4345650704771384e-02
-7.3165797169371175e-02
-8.3064890660555987e-02
-9.4154137148025757e-02
-1.0653659791748636e-01
-1.2032798542667700e-01
-1.3565064649122849e-01
-1.5261940786073208e-01
-1.7136568117941994e-01
-1.9201574210689995e-01
-2.1469302635352402e-01
-2.3952894232151176e-01
-2.6664491983905692e-01
-2.9616032037224505e-01
-3.2818976710124020e-01
-3.6283599875966910e-01
-4.0019348266326199e-01
-4.4034226458880277e-01
-4.8333277133783681e-01
-5.2914692195356094e-01
-5.7786603781950019e-01
-6.2948758862821830e-01
-6.8398088849337779e-01
-7.4129810900119864e-01
-8.0134757190945427e-01
-8.6383479128995067e-01
-9.2873989838993709e-01
-9.9589314874529666e-01
-1.0650943657117005e+00
-1.1358374780001601e+00
-1.2079808538508612e+00
-1.2813182586642617e+00
-1.3552271349304936e+00
-1.4294261101809527e+00
-1.5037344643361441e+00
-1.5771946275707329e+00
-1.6499629960431286e+00
-1.7211639132957526e+00
-1.7906649518528346e+00
-1.8577849095173529e+00
-1.9223826908970914e+00
-1.9836908491345204e+00
-2.0417937361733012e+00
-2.0958245816212022e+00
-2.1458459112125459e+00
-2.1916176613733764e+00
-2.2324388212037420e+00
-2.2685320083099261e+00
-2.2997023432325845e+00
-2.3256795782905120e+00
-2.3463132068916566e+00
-2.3617776566170603e+00
-2.3720411856112444e+00
-2.3771124425447345e+00
-2.3769425779467874e+00
-2.3716968797654645e+00
-2.3616080515608839e+00
-2.3468211633738330e+00
-2.3275097001550327e+00
-2.3039158319503037e+00
0.0000000000000000e+00
2.4055929233035767e-01
0.0000000000000000e+00
0.0000000000000000e+00
];
