%Vec Object:sol 1 MPI processes
%  type: mpi
sol = [
0.0000000000000000e+00
-1.6196079362779638e+01
-1.4355435027705747e+01
-1.2828064347392026e+01
-1.1542519810981631e+01
-1.0434577952418415e+01
-9.4836550047470602e+00
-8.6550394283854377e+00
-7.9243723091294012e+00
-7.2722845270646150e+00
-6.6843309058251075e+00
-6.1534545921332393e+00
-5.6702243384008328e+00
-5.2278666702237579e+00
-4.8215140362829727e+00
-4.4462667829218381e+00
-4.0984780204738636e+00
-3.7759294300253639e+00
-3.4766532518134476e+00
-3.1983492243594625e+00
-2.9382125033174158e+00
-2.6964575996573656e+00
-2.4712467066064052e+00
-2.2609713567363348e+00
-2.0656745115505761e+00
-1.8835642914388890e+00
-1.7145675019782272e+00
-1.5575999864252175e+00
-1.4121359064824035e+00
-1.2777073203886398e+00
-1.1533595810344528e+00
-1.0388062353830656e+00
-9.3353018618307526e-01
-8.3698012409386480e-01
-7.4848403076426129e-01
-6.6769552118741093e-01
-5.9416123947557475e-01
-5.2739708154354437e-01
-4.6694513010226241e-01
-4.1236889494774931e-01
-3.6323007392115392e-01
-3.1906698119903404e-01
-2.7956218015982515e-01
-2.4432785532037232e-01
-2.1297929582503752e-01
-1.8520466649994852e-01
-1.6067542846956015e-01
-1.3904386474366456e-01
-1.2006783937198522e-01
-1.0347998364134697e-01
-8.8983508351631199e-02
-7.6392525832268104e-02
-6.5499454646997482e-02
-5.6069636280264540e-02
-4.7956599843697233e-02
-4.1011259675005352e-02
-3.5055260189402380e-02
-2.9975865450821620e-02
-2.5673873084028125e-02
-2.2018543113878079e-02
-1.8924410746347362e-02
-1.6332182669989100e-02
-1.4149048825271106e-02
-1.2310316154088124e-02
-1.0786800083468225e-02
-9.5143248512076766e-03
-8.4431852581605630e-03
-7.5656484555402526e-03
-6.8381037566668957e-03
-6.2212259396206612e-03
-5.7216677895637960e-03
-5.3099110266598363e-03
-4.9536605657219132e-03
-4.6685631885359435e-03
-4.4343024449318841e-03
-4.2234280870425637e-03
-4.0566747241232333e-03
-3.9194031984084764e-03
-3.7877655104380662e-03
-3.6848700976968444e-03
-3.5993044631831366e-03
-3.5102654127616758e-03
-3.4414079596893424e-03
-3.3828821929450447e-03
-3.3168217505463783e-03
-3.2662231668098094e-03
-3.2216805739514070e-03
-3.1684195628486462e-03
-3.1279900878514884e-03
-3.0906751110644170e-03
-3.0450781573790817e-03
-3.0107847262232684e-03
-2.9772471065590473e-03
-2.9367780329343277e-03
-2.9066529273619785e-03
-2.8751249494020255e-03
-2.8385423496189361e-03
-2.8116356435614249e-03
-2.7811908035451898e-03
-2.7478851916291199e-03
-2.7237422546507418e-03
-2.6938842112642198e-03
-2.6635604809084521e-03
-2.6419809004184849e-03
-2.6124500503892684e-03
-2.5850032854391612e-03
-2.5659629645462955e-03
-2.5367023202604571e-03
-2.5122211490795762e-03
-2.4959155832157986e-03
-2.4671520425331777e-03
-2.4460504013026269e-03
-2.4305585129729907e-03
-2.4055802354103978e-03
-2.3889311874693469e-03
-2.3751921691600041e-03
-2.3563458350576360e-03
-2.3465800756827452e-03
-2.3377588456289316e-03
-2.3290679922460117e-03
-2.3313492130789667e-03
-2.3340538887462632e-03
-2.3438221250386372e-03
-2.3686358072329224e-03
-2.3960682718762415e-03
-2.4407331103330440e-03
-2.5075879557618888e-03
-2.5861473035768863e-03
-2.6970359514667604e-03
-2.8419020129030292e-03
-3.0213938368535268e-03
-3.2560390305840189e-03
-3.5488867646253294e-03
-3.9138194876366678e-03
-4.3740136059101349e-03
-4.9370409603911687e-03
-5.6332068987112191e-03
-6.4918939902594876e-03
-7.5308736466936487e-03
-8.8001566352135553e-03
-1.0337881294844113e-02
-1.2187677927598612e-02
-1.4415359203994324e-02
-1.7078050093296389e-02
-2.0251818389007109e-02
-2.4025675297889463e-02
-2.8483439727664060e-02
-3.3740498596912888e-02
-3.9914360344922253e-02
-4.7129324824552586e-02
-5.5538985246297329e-02
-6.5296186726303454e-02
-7.6572935684685928e-02
-8.9559249327304483e-02
-1.0444546803813275e-01
-1.2144736111773279e-01
-1.4078463217584611e-01
-1.6268086602656151e-01
-1.8736571796964335e-01
-2.1507405195152621e-01
-2.4604309132206231e-01
-2.8050246067927442e-01
-3.1866598131918472e-01
-3.6073511872922148e-01
-4.0688599728718550e-01
-4.5726544664406621e-01
-5.1198261559374192e-01
-5.7110641011337904e-01
-6.3461345624951082e-01
-7.0240216497306018e-01
-7.7443794093450979e-01
-8.5053707088924069e-01
-9.3045971128108085e-01
-1.0137164910587333e+00
-1.0999560854075929e+00
-1.1888011742040263e+00
-1.2795263099021159e+00
-1.3714652761353778e+00
-1.4641756945955999e+00
-1.5564761192995764e+00
-1.6480361291822603e+00
-1.7376660947505613e+00
-1.8248972938797750e+00
-1.9085330959194629e+00
-1.9882021663758516e+00
-2.0627530024481655e+00
-2.1317254714893896e+00
-2.1945668388930448e+00
-2.2504332579510042e+00
-2.2989942685951328e+00
-2.3399772735153843e+00
-2.3730530259326770e+00
-2.3979023920505056e+00
-2.4144415781198210e+00
-2.4227628658284015e+00
-2.4229711666812870e+00
-2.4152176137791015e+00
-2.3997329243078069e+00
-2.3768672022374431e+00
0.0000000000000000e+00
1.3464638167935297e-01
0.0000000000000000e+00
0.0000000000000000e+00
];
