%Vec Object:sol 1 MPI processes
%  type: mpi
sol = [
0.0000000000000000e+00
-8.1779877732655830e+00
-7.6408499290705834e+00
-7.1472617152347926e+00
-6.6896967155721310e+00
-6.2648307340206859e+00
-5.8693427790565522e+00
-5.5000020098687861e+00
-5.1543616011452640e+00
-4.8294350605296197e+00
-4.5209915906254601e+00
-4.2302908408644244e+00
-3.9558987625267661e+00
-3.6958314159742929e+00
-3.4484444340772757e+00
-3.2148518990574209e+00
-2.9927818965694715e+00
-2.7822096031326948e+00
-2.5830920517998184e+00
-2.3939729441304523e+00
-2.2153181322804012e+00
-2.0463132751141657e+00
-1.8867929232139979e+00
-1.7365879074462340e+00
-1.5948623471475767e+00
-1.4620106083447499e+00
-1.3374209340357124e+00
-1.2205744246234795e+00
-1.1116223278351822e+00
-1.0101734855501681e+00
-9.1578867810842157e-01
-8.2816758593387951e-01
-7.4716529154995126e-01
-6.7246579447855781e-01
-6.0375026470135607e-01
-5.4070649693599726e-01
-4.8299884025233653e-01
-4.3028285213906686e-01
-3.8233703776807770e-01
-3.3886759903895786e-01
-2.9956012983518959e-01
-2.6411802095398679e-01
-2.3227988713163497e-01
-2.0376029263296444e-01
-1.7827099664440829e-01
-1.5559317523110769e-01
-1.3548101815530791e-01
-1.1766193410648580e-01
-1.0196489509089915e-01
-8.8185899575567328e-02
-7.6085629602217153e-02
-6.5530504117284352e-02
-5.6359711403646956e-02
-4.8380921873928430e-02
-4.1484796850903415e-02
-3.5555251713784632e-02
-3.0443736824552984e-02
-2.6062931494150534e-02
-2.2335767704100257e-02
-1.9151550754116755e-02
-1.6441544997601528e-02
-1.4160502732137720e-02
-1.2228488257198682e-02
-1.0591406207566739e-02
-9.2284364358108696e-03
-8.0833058250209620e-03
-7.1127982306845323e-03
-6.3137796071123199e-03
-5.6472852916044846e-03
-5.0778669134375880e-03
-4.6144221274200111e-03
-4.2300606490866819e-03
-3.8947883460170763e-03
-3.6251124686170889e-03
-3.4021622708365752e-03
-3.1998826058919939e-03
-3.0391081655719663e-03
-2.9059925067468637e-03
-2.7775804222378545e-03
-2.6766984199012179e-03
-2.5923898859305200e-03
-2.5044676156198743e-03
-2.4361388081246792e-03
-2.3778512150448125e-03
-2.3121927161773052e-03
-2.2616632475949126e-03
-2.2170924617453880e-03
-2.1640505920836042e-03
-2.1236021185755856e-03
-2.0862528655166447e-03
-2.0408602853534048e-03
-2.0065651418436125e-03
-1.9730549921874140e-03
-1.9328092905984515e-03
-1.9027133690230947e-03
-1.8712809523147792e-03
-1.8349371741608119e-03
-1.8080839654578320e-03
-1.7778003760516733e-03
-1.7447470723828439e-03
-1.7206845594370812e-03
-1.6910659977599585e-03
-1.6610284886751654e-03
-1.6395880276736058e-03
-1.6104236748015728e-03
-1.5833636339922118e-03
-1.5646115216999142e-03
-1.5359673783208014e-03
-1.5121353624333752e-03
-1.4964790776503436e-03
-1.4688595718262926e-03
-1.4490288293875101e-03
-1.4350641763496317e-03
-1.4122988101842014e-03
-1.3983042372213645e-03
-1.3879509351776597e-03
-1.3736095920173412e-03
-1.3694422444430786e-03
-1.3678306364546351e-03
-1.3684071642289916e-03
-1.3823208484881602e-03
-1.3999094486691608e-03
-1.4284917357205017e-03
-1.4768902130806966e-03
-1.5341744766471010e-03
-1.6161569375999420e-03
-1.7295233516140735e-03
-1.8662280642152481e-03
-2.0491350674815478e-03
-2.2830728564729071e-03
-2.5725224872906183e-03
-2.9421539395383966e-03
-3.4003939924039540e-03
-3.9672501396875795e-03
-4.6729530456685294e-03
-5.5337854222518423e-03
-6.5897094892104335e-03
-7.8814510575611983e-03
-9.4403040609166607e-03
-1.1331071173629257e-02
-1.3609326249262728e-02
-1.6338567012010585e-02
-1.9606629039031386e-02
-2.3496024451247505e-02
-2.8110862951153115e-02
-3.3571258883568135e-02
-3.9996183604491170e-02
-4.7538394597068719e-02
-5.6354604865364304e-02
-6.6616200085303723e-02
-7.8524195235134236e-02
-9.2283058643529717e-02
-1.0811866790148883e-01
-1.2627669994470875e-01
-1.4700634675142149e-01
-1.7058108404468553e-01
-1.9727904238643704e-01
-2.2738189731096745e-01
-2.6118193381094940e-01
-2.9896334417676723e-01
-3.4100473606979681e-01
-3.8757152262371947e-01
-4.3890726169402694e-01
-4.9522602613068784e-01
-5.5670553129732459e-01
-6.2341934148327482e-01
-6.9541190720396318e-01
-7.7274872067169498e-01
-8.5536405092739087e-01
-9.4311471661507340e-01
-1.0356669504636777e+00
-1.1325901177336328e+00
-1.2336510606656093e+00
-1.3383342120668342e+00
-1.4455751905576952e+00
-1.5551673224854028e+00
-1.6660193706573074e+00
-1.7772713484996849e+00
-1.8881350273863005e+00
-1.9974105994763729e+00
-2.1042861678409501e+00
-2.2078241585243559e+00
-2.3066980302334619e+00
-2.4004446501215315e+00
-2.4880114621938101e+00
-2.5682984265673210e+00
-2.6409565811299660e+00
-2.7053124509496267e+00
-2.7608610124720254e+00
-2.8071303732600574e+00
-2.8438684730128689e+00
-2.8708261367372421e+00
-2.8880527281803459e+00
-2.8956578037807930e+00
-2.8937372569180040e+00
-2.8825745958211888e+00
-2.8624850914711324e+00
-2.8338585243194667e+00
-2.7971976276269497e+00
0.0000000000000000e+00
2.4055929233035767e-01
0.0000000000000000e+00
0.0000000000000000e+00
];
