%Vec Object:sol 1 MPI processes
%  type: mpi
sol = [
0.0000000000000000e+00
-1.1892727641962624e+01
-1.0890854436426203e+01
-1.0001288358686422e+01
-9.2179096356159178e+00
-8.5265381875221049e+00
-7.9127292523073880e+00
-7.3646471085842284e+00
-6.8726888339689944e+00
-6.4276160227892953e+00
-6.0226715763383236e+00
-5.6520313468687080e+00
-5.3091828332449573e+00
-4.9930524295674470e+00
-4.7007103409988806e+00
-4.4293319581532948e+00
-4.1743330542933936e+00
-3.9357001779798604e+00
-3.7126595863803442e+00
-3.5022754308861375e+00
-3.3034050098748997e+00
-3.1166312616366154e+00
-2.9391584558427879e+00
-2.7713972991866540e+00
-2.6125117691604900e+00
-2.4615615539243692e+00
-2.3185108833975505e+00
-2.1823250707903425e+00
-2.0532529367166830e+00
-1.9304304161644084e+00
-1.8136553915644138e+00
-1.7030233294352031e+00
-1.5974892751808110e+00
-1.4975060774531748e+00
-1.4025859968365297e+00
-1.3123445847944744e+00
-1.2268941252009216e+00
-1.1459652431836123e+00
-1.0691058813562728e+00
-9.9645104325735434e-01
-9.2782350104036737e-01
-8.6301673206168861e-01
-8.0169762590411064e-01
-7.4393431726747761e-01
-6.8957525795279462e-01
-6.3846230963326944e-01
-5.9045455413685788e-01
-5.4535290636687772e-01
-5.0305281381344791e-01
-4.6348066146697220e-01
-4.2649401277450733e-01
-3.9198101121752676e-01
-3.5982304393565484e-01
-3.2988384878902682e-01
-3.0206215972029998e-01
-2.7625238703918764e-01
-2.5232672916999815e-01
-2.3017650924014199e-01
-2.0971284488488226e-01
-1.9083408855690545e-01
-1.7344761382010573e-01
-1.5747505278124449e-01
-1.4281033823766745e-01
-1.2936509084402575e-01
-1.1707546923238124e-01
-1.0584835241420976e-01
-9.5600445038880308e-02
-8.6281881827317636e-02
-7.7812438748019533e-02
-7.0115065142776087e-02
-6.3152799352359429e-02
-5.6857720559914671e-02
-5.1160004821863080e-02
-4.6034205745247622e-02
-4.1423677958247827e-02
-3.7266478773827792e-02
-3.3547065361967485e-02
-3.0218729130957831e-02
-2.7227713388182175e-02
-2.4566652420618746e-02
-2.2197257983573897e-02
-2.0073967609038412e-02
-1.8195857690865853e-02
-1.6531489555884592e-02
-1.5043292837036926e-02
-1.3735133781773160e-02
-1.2580901467688308e-02
-1.1550697225565173e-02
-1.0651678017334125e-02
-9.8616663653857267e-03
-9.1580787571027226e-03
-8.5500646277938373e-03
-8.0181667885535369e-03
-7.5467889244614254e-03
-7.1460033929598181e-03
-6.7980728434113655e-03
-6.4941350772215614e-03
-6.2443572732454470e-03
-6.0319521434565879e-03
-5.8546419183441913e-03
-5.7221035530854933e-03
-5.6179687156092707e-03
-5.5465097932972289e-03
-5.5165721921390364e-03
-5.5119020521585908e-03
-5.5434391921465598e-03
-5.6190816307198875e-03
-5.7226175002908488e-03
-5.8719152216906685e-03
-6.0740365835796660e-03
-6.3129683851305138e-03
-6.6139151847298449e-03
-6.9809386426319432e-03
-7.4061020564246396e-03
-7.9149964987332028e-03
-8.5112538056439160e-03
-9.1970455336682702e-03
-9.9975902394453427e-03
-1.0917354444616490e-02
-1.1969290788546064e-02
-1.3179131404466403e-02
-1.4553123517871084e-02
-1.6115733126117859e-02
-1.7894212236669253e-02
-1.9897648984383828e-02
-2.2162732631642097e-02
-2.4718357888566515e-02
-2.7580299410744625e-02
-3.0795245140949317e-02
-3.4393282946001559e-02
-3.8404850798943790e-02
-4.2879786301395259e-02
-4.7852709204834303e-02
-5.3368530754452304e-02
-5.9480609765154388e-02
-6.6228413144161502e-02
-7.3670357573966519e-02
-8.1862658786004364e-02
-9.0850284972295775e-02
-1.0070190477089001e-01
-1.1147332877730937e-01
-1.2322078907376199e-01
-1.3601222929103246e-01
-1.4989715254776742e-01
-1.6493898578907079e-01
-1.8120448961454369e-01
-1.9874601597026639e-01
-2.1762537174487859e-01
-2.3789569262787044e-01
-2.5960385592037305e-01
-2.8279926778564363e-01
-3.0752033885604929e-01
-3.3380096959761701e-01
-3.6166909842102746e-01
-3.9114287486452365e-01
-4.2223267588487301e-01
-4.5493051793269801e-01
-4.8917246571764023e-01
-5.2498410798336725e-01
-5.6233222996383236e-01
-6.0116825680239316e-01
-6.4142864017909551e-01
-6.8304611844183383e-01
-7.2582485201091751e-01
-7.6971677493349877e-01
-8.1464293877279115e-01
-8.6046832582447308e-01
-9.0700232320760144e-01
-9.5398746088701258e-01
-1.0013972882315560e+00
-1.0490777636458992e+00
-1.0966265760335805e+00
-1.1439874917712989e+00
-1.1910412931735983e+00
-1.2373288754724761e+00
-1.2828364729253823e+00
-1.3273855424940297e+00
-1.3704888336237340e+00
-1.4123128497374497e+00
-1.4523294032883693e+00
-1.4906069889825195e+00
-1.5268008341875539e+00
-1.5608295878520457e+00
-1.5925004766668285e+00
-1.6217074211948135e+00
-1.6482666822855725e+00
-1.6722035755829754e+00
-1.6932043894878115e+00
-1.7115339044381375e+00
-1.7267051147073598e+00
-1.7390733319803053e+00
-1.7484252418657618e+00
-1.7547554975558346e+00
-1.7582765681514954e+00
-1.7586727503497768e+00
-1.7562934495354674e+00
-1.7511440333674921e+00
-1.7431131190735616e+00
-1.7325515161937777e+00
0.0000000000000000e+00
1.3464638167935297e-01
0.0000000000000000e+00
0.0000000000000000e+00
];
