%Vec Object:sol 1 MPI processes
%  type: mpi
sol = [
0.0000000000000000e+00
-1.8387513067938997e+01
-1.6053733678483969e+01
-1.4148060995083442e+01
-1.2567112438845966e+01
-1.1246313119372694e+01
-1.0112934256353665e+01
-9.1378102466344302e+00
-8.2823564447765197e+00
-7.5227589943447786e+00
-6.8448259810266840e+00
-6.2350103362161899e+00
-5.6819182344125174e+00
-5.1774967647151833e+00
-4.7159936916300040e+00
-4.2924997172453887e+00
-3.9028471769524100e+00
-3.5440198058327490e+00
-3.2136382209407430e+00
-2.9082754837691631e+00
-2.6267471649011891e+00
-2.3678407260948360e+00
-2.1288904166161404e+00
-1.9097461088265775e+00
-1.7082627564013728e+00
-1.5241158477630214e+00
-1.3558150102538915e+00
-1.2024156421394729e+00
-1.0632215621962215e+00
-9.3718635772515502e-01
-8.2325844905048218e-01
-7.2083541527223860e-01
-6.2905134594064305e-01
-5.4709774212079743e-01
-4.7417753763125392e-01
-4.0953738700732278e-01
-3.5244522116740246e-01
-3.0224841822595039e-01
-2.5830277130615270e-01
-2.2000593151723463e-01
-1.8675431888782357e-01
-1.5799828527294474e-01
-1.3326380341318397e-01
-1.1207146363810029e-01
-9.3965180447925303e-02
-7.8599358318874268e-02
-6.5616823323733947e-02
-5.4650372693995149e-02
-4.5470460471895548e-02
-3.7824687408952049e-02
-3.1435826092974538e-02
-2.6157875228979610e-02
-2.1823995261239442e-02
-1.8241584853490467e-02
-1.5315279717303322e-02
-1.2947075171380508e-02
-1.1007914323044512e-02
-9.4365551652964563e-03
-8.1838293037569398e-03
-7.1655019847953047e-03
-6.3412149774061460e-03
-5.6943318392427529e-03
-5.1706139057230323e-03
-4.7411256022628105e-03
-4.4096614690062883e-03
-4.1412002365362804e-03
-3.9122228269826784e-03
-3.7386033734174893e-03
-3.5971946524440209e-03
-3.4665998366143220e-03
-3.3693149899129914e-03
-3.2893085508343433e-03
-3.2058558515836422e-03
-3.1446543028280701e-03
-3.0937949231936478e-03
-3.0329064394775157e-03
-2.9887864825808770e-03
-2.9517787748720515e-03
-2.9021579838336806e-03
-2.8665277466720486e-03
-2.8362936189757363e-03
-2.7929446354500852e-03
-2.7620703199112001e-03
-2.7353453946374969e-03
-2.6961229369548436e-03
-2.6684329220814530e-03
-2.6436595066583364e-03
-2.6076501731341676e-03
-2.5824915198868997e-03
-2.5588580843199649e-03
-2.5256582991120026e-03
-2.5027513309999160e-03
-2.4797736998965251e-03
-2.4491828899876117e-03
-2.4283932874141047e-03
-2.4057379930073949e-03
-2.3776330008653986e-03
-2.3588798466044488e-03
-2.3362926703518194e-03
-2.3105809866795853e-03
-2.2938036531524189e-03
-2.2710836312658318e-03
-2.2476850167113664e-03
-2.2328303088433553e-03
-2.2098053635675177e-03
-2.1886463832606578e-03
-2.1756655275875581e-03
-2.1521934511154043e-03
-2.1332081588457054e-03
-2.1220594147522546e-03
-2.0980281161601553e-03
-2.0811639492082958e-03
-2.0692965741513358e-03
-2.0471647867439423e-03
-2.0324038667814681e-03
-2.0193372658603597e-03
-1.9996171942434447e-03
-1.9870322822145483e-03
-1.9729169997333307e-03
-1.9557975222512214e-03
-1.9456979232060727e-03
-1.9310246249216810e-03
-1.9171365396062157e-03
-1.9104289563558463e-03
-1.8964946799962037e-03
-1.8875519019034448e-03
-1.8856200656583006e-03
-1.8766194338805321e-03
-1.8768828452581634e-03
-1.8828621493857862e-03
-1.8889874336407665e-03
-1.9084398291528885e-03
-1.9355255411302446e-03
-1.9738876698458061e-03
-2.0347719479071108e-03
-2.1118062572070022e-03
-2.2193461852351997e-03
-2.3684926550363188e-03
-2.5560833427823921e-03
-2.8088288281468382e-03
-3.1386098955551978e-03
-3.5599390500874063e-03
-4.1069686878514181e-03
-4.8020745413420883e-03
-5.6843431952393964e-03
-6.8037695619645533e-03
-8.2028441162072651e-03
-9.9556043639324483e-03
-1.2137687704076546e-02
-1.4832125286560164e-02
-1.8154973481392198e-02
-2.2224355198111868e-02
-2.7184232087487256e-02
-3.3205423845412842e-02
-4.0467639232940007e-02
-4.9191925419223168e-02
-5.9618156147906103e-02
-7.2007671113764771e-02
-8.6663167915809955e-02
-1.0390219522015087e-01
-1.2407331427553511e-01
-1.4755145800404013e-01
-1.7472180999918757e-01
-2.0598555671534408e-01
-2.4175260347216926e-01
-2.8243741718439130e-01
-3.2844222417760827e-01
-3.8014290605063300e-01
-4.3787990151014955e-01
-5.0194200156675894e-01
-5.7255433961047064e-01
-6.4985248783988192e-01
-7.3382247750518848e-01
-8.2432526727137068e-01
-9.2122245670730252e-01
-1.0241803435953272e+00
-1.1325893275395242e+00
-1.2456513647526084e+00
-1.3627760752559330e+00
-1.4827584669499114e+00
-1.6045180134375041e+00
-1.7269099770643317e+00
-1.8483513452770055e+00
-1.9676808488152793e+00
-2.0833599132667708e+00
-2.1938442922942256e+00
-2.2980224784585843e+00
-2.3944158280512382e+00
-2.4816898370806633e+00
-2.5590102377318780e+00
-2.6254772296575242e+00
-2.6803353592967176e+00
-2.7230273232041760e+00
-2.7532585437321999e+00
-2.7708444403935939e+00
-2.7758779994131602e+00
-2.7685798377668420e+00
-2.7493310013239731e+00
-2.7187111248529305e+00
0.0000000000000000e+00
1.3464638167935297e-01
0.0000000000000000e+00
0.0000000000000000e+00
];
