%Vec Object:sol 1 MPI processes
%  type: mpi
sol = [
0.0000000000000000e+00
-1.1997389769996410e+01
-1.0868992034621824e+01
-9.8622710607486770e+00
-8.9541597500315433e+00
-8.1337161808434715e+00
-7.3848544091676880e+00
-6.6971567164976529e+00
-6.0629537560830409e+00
-5.4772624838411224e+00
-4.9359638763305869e+00
-4.4354361239909563e+00
-3.9723826075557662e+00
-3.5449844494782092e+00
-3.1518137659924843e+00
-2.7905639936671247e+00
-2.4596399095324020e+00
-2.1582480444995649e+00
-1.8843942847159072e+00
-1.6371252115647825e+00
-1.4149559998442993e+00
-1.2161695201620131e+00
-1.0396349981812016e+00
-8.8374660596600174e-01
-7.4686710130929701e-01
-6.2738674658112337e-01
-5.2390990035392604e-01
-4.3488607234376397e-01
-3.5880914646591217e-01
-2.9427350351547704e-01
-2.3991962470229147e-01
-1.9442482833808719e-01
-1.5666619184533626e-01
-1.2556565745490408e-01
-1.0008371627358779e-01
-7.9396451778355234e-02
-6.2739787815053127e-02
-4.9388270949408355e-02
-3.8775583152153945e-02
-3.0425250833772517e-02
-2.3879379341984877e-02
-1.8771788172096345e-02
-1.4845655017305207e-02
-1.1839452481304680e-02
-9.5208055860599647e-03
-7.7802660765702528e-03
-6.4842527379735670e-03
-5.4779664058246429e-03
-4.7406458737855031e-03
-4.2101982686168077e-03
-3.7832222967909513e-03
-3.4747441619051851e-03
-3.2611731449737119e-03
-3.0772271996905771e-03
-2.9400760908714647e-03
-2.8497656986223481e-03
-2.7625063004069641e-03
-2.6898341460561853e-03
-2.6445154959415288e-03
-2.5953590975469039e-03
-2.5460549922808940e-03
-2.5164061201303884e-03
-2.4831494121966315e-03
-2.4425335472130281e-03
-2.4183923320265891e-03
-2.3928212892053973e-03
-2.3560345897465818e-03
-2.3341714268177737e-03
-2.3131018564890777e-03
-2.2786642419081672e-03
-2.2581697779759024e-03
-2.2401563321665908e-03
-2.2076614870720126e-03
-2.1883392352266976e-03
-2.1725409793231652e-03
-2.1418954022299984e-03
-2.1237454578345635e-03
-2.1095581171062267e-03
-2.0807473204429816e-03
-2.0638119962395032e-03
-2.0507503402278455e-03
-2.0237737964653745e-03
-2.0080966469483695e-03
-1.9957545884827397e-03
-1.9706087813788999e-03
-1.9562246978539863e-03
-1.9442577967205118e-03
-1.9209334686331224e-03
-1.9078680271292941e-03
-1.8959836000094110e-03
-1.8744659687097394e-03
-1.8627364070476242e-03
-1.8506863251135327e-03
-1.8309568063959519e-03
-1.8205740832883534e-03
-1.8081487359979957e-03
-1.7901847152228423e-03
-1.7811535474006905e-03
-1.7681775718787329e-03
-1.7519543268205635e-03
-1.7442752261584713e-03
-1.7306070880040779e-03
-1.7160980868015973e-03
-1.7097677903121168e-03
-1.6952847356607994e-03
-1.6824614161632229e-03
-1.6774728108116393e-03
-1.6620732698815379e-03
-1.6509059481444167e-03
-1.6472491040276885e-03
-1.6308491621983066e-03
-1.6213063432216734e-03
-1.6164988661941800e-03
-1.6015019813775640e-03
-1.5935510126122421e-03
-1.5870862660577203e-03
-1.5739283174207009e-03
-1.5675356819799466e-03
-1.5594008854134000e-03
-1.5480322607301529e-03
-1.5431636938341758e-03
-1.5333617510580207e-03
-1.5237342781453532e-03
-1.5203562523729644e-03
-1.5088918218494332e-03
-1.5009601945004324e-03
-1.4980943390102903e-03
-1.4859299949849171e-03
-1.4796590533967503e-03
-1.4747756745889511e-03
-1.4644702796604971e-03
-1.4598638942593550e-03
-1.4530793751326785e-03
-1.4447025236757028e-03
-1.4419138970883565e-03
-1.4335863457419595e-03
-1.4275659203169110e-03
-1.4268859438010518e-03
-1.4186031353102149e-03
-1.4166186633404949e-03
-1.4173644832706216e-03
-1.4163359741502510e-03
-1.4241513466213642e-03
-1.4349570612330407e-03
-1.4536687908370185e-03
-1.4894414881598342e-03
-1.5365879730325567e-03
-1.6124286808768509e-03
-1.7268254658585034e-03
-1.8871873812211786e-03
-2.1239230557576873e-03
-2.4590234265672198e-03
-2.9306322652969514e-03
-3.5951781610956829e-03
-4.5104355098488222e-03
-5.7726531372637550e-03
-7.4968282134750489e-03
-9.8247834412910646e-03
-1.2955180581250702e-02
-1.7122405581186467e-02
-2.2627433401177906e-02
-2.9846366890927945e-02
-3.9224976520907812e-02
-5.1320384924378036e-02
-6.6787065463315143e-02
-8.6394420889073842e-02
-1.1104646605077302e-01
-1.4176600136951070e-01
-1.7971066171092945e-01
-2.2615692260284512e-01
-2.8247816413243088e-01
-3.5012697771129481e-01
-4.3058301751753641e-01
-5.2530041425690333e-01
-6.3563623942782832e-01
-7.6277426923241320e-01
-9.0750889096960341e-01
-1.0702455569986424e+00
-1.2511195016498213e+00
-1.4495695881530450e+00
-1.6638103603390904e+00
-1.8922884407406484e+00
-2.1317439947732453e+00
-2.3790872056442307e+00
-2.6294258551353931e+00
-2.8786794601062562e+00
-3.1216956333088919e+00
-3.3532228683013225e+00
-3.5682643945656749e+00
-3.7621255452401710e+00
-3.9308311703982648e+00
-4.0711065908976476e+00
-4.1805829062742683e+00
-4.2570469807309363e+00
-4.3002815882205958e+00
-4.3102899275903725e+00
-4.2878430354373354e+00
-4.2347158671086609e+00
-4.1530112142702826e+00
0.0000000000000000e+00
2.4055929233035767e-01
0.0000000000000000e+00
0.0000000000000000e+00
];
