%Vec Object:sol 1 MPI processes
%  type: mpi
sol = [
0.0000000000000000e+00
-8.5061116404852495e+00
-7.9259644855777260e+00
-7.3943099533039547e+00
-6.9052022649305407e+00
-6.4513096041892490e+00
-6.0280634426262099e+00
-5.6332739499405955e+00
-5.2642656764295381e+00
-4.9178083686459306e+00
-4.5918408736988834e+00
-4.2836549124151286e+00
-3.9921875045366093e+00
-3.7171657453639342e+00
-3.4571936721471537e+00
-3.2103129287184649e+00
-2.9774657447986637e+00
-2.7566364367600835e+00
-2.5483420091835427e+00
-2.3514337783194752e+00
-2.1657044454850105e+00
-1.9906898913461308e+00
-1.8263944921870683e+00
-1.6715848272732219e+00
-1.5268725257378846e+00
-1.3915395300818927e+00
-1.2649883715613766e+00
-1.1473224848816255e+00
-1.0381534461936803e+00
-9.3685607448862440e-01
-8.4321908525187061e-01
-7.5701070021729566e-01
-6.7783684648287446e-01
-6.0533033883801757e-01
-5.3911368952673422e-01
-4.7874225662407194e-01
-4.2395600326324073e-01
-3.7439391390939308e-01
-3.2970756176556609e-01
-2.8956154481666729e-01
-2.5359858553056708e-01
-2.2148480765439216e-01
-1.9292898631661501e-01
-1.6761574785091934e-01
-1.4523024181394109e-01
-1.2553596359466065e-01
-1.0827006653844144e-01
-9.3144775516275841e-02
-7.9982392273576133e-02
-6.8572842695748537e-02
-5.8672073556742498e-02
-5.0147896560334214e-02
-4.2841602822325235e-02
-3.6563902067204800e-02
-3.1211884780271079e-02
-2.6676665792517134e-02
-2.2817171624524669e-02
-1.9555085521932761e-02
-1.6822757005989883e-02
-1.4518663903196834e-02
-1.2583612415951394e-02
-1.0981891004601979e-02
-9.6425358389508383e-03
-8.5201670492486871e-03
-7.6023582660915768e-03
-6.8405424459742842e-03
-6.1986913988787262e-03
-5.6803721737088411e-03
-5.2526563491944031e-03
-4.8855687983809142e-03
-4.5929616311472451e-03
-4.3523388899117978e-03
-4.1376065626481471e-03
-3.9687031708445569e-03
-3.8297645850758778e-03
-3.6973597692705942e-03
-3.5945643519791569e-03
-3.5094798930801617e-03
-3.4208293465422110e-03
-3.3528242870533602e-03
-3.2957102210081730e-03
-3.2303256766079876e-03
-3.1806886122408935e-03
-3.1379572766072421e-03
-3.0853218495716858e-03
-3.0457303549619166e-03
-3.0104175065246513e-03
-2.9652949203574207e-03
-2.9316586029692767e-03
-2.9002397880743178e-03
-2.8600832154923612e-03
-2.8304386507266056e-03
-2.8011188140207406e-03
-2.7647019466662719e-03
-2.7381167138912708e-03
-2.7099488529075031e-03
-2.6766713922012249e-03
-2.6526961109410076e-03
-2.6251469051889950e-03
-2.5947010319045645e-03
-2.5731117958002611e-03
-2.5458624809163435e-03
-2.5180833845908335e-03
-2.4987721678136235e-03
-2.4716262385408461e-03
-2.4464427129941937e-03
-2.4293929706742357e-03
-2.4022777529823305e-03
-2.3797357863809148e-03
-2.3650715646004079e-03
-2.3381117725577126e-03
-2.3184854208510345e-03
-2.3041596717195321e-03
-2.2803495386463164e-03
-2.2644143922394360e-03
-2.2510060341371773e-03
-2.2322243888407475e-03
-2.2218534658577224e-03
-2.2118514849150295e-03
-2.2013139789116586e-03
-2.2007120552216546e-03
-2.1995967948843617e-03
-2.2043005687733003e-03
-2.2224553690488019e-03
-2.2417346784929467e-03
-2.2762381823205830e-03
-2.3306348301897124e-03
-2.3945139851044312e-03
-2.4879193443807820e-03
-2.6124076256718947e-03
-2.7686557893546217e-03
-2.9769271409888398e-03
-3.2405949962419742e-03
-3.5739044272143027e-03
-4.0005620547955614e-03
-4.5294873687132808e-03
-5.1924613535882964e-03
-6.0211466686503389e-03
-7.0368166603384181e-03
-8.2935111724070868e-03
-9.8351250844094448e-03
-1.1712712047517856e-02
-1.4001180555733621e-02
-1.6769462519629096e-02
-2.0107999229012585e-02
-2.4122394973875184e-02
-2.8918662648023768e-02
-3.4637547817792852e-02
-4.1426898351517139e-02
-4.9446830252438151e-02
-5.8892199978167477e-02
-6.9963871513173681e-02
-8.2888479508820528e-02
-9.7917639391011446e-02
-1.1531116560744076e-01
-1.3536101038054110e-01
-1.5837056678454406e-01
-1.8465423131600717e-01
-2.1454739114647442e-01
-2.4838492387357314e-01
-2.8650638036752057e-01
-3.2924804297815286e-01
-3.7693121094400622e-01
-4.2985867246879572e-01
-4.8830220537975150e-01
-5.5249396533817852e-01
-6.2256348326348410e-01
-6.9857731001130530e-01
-7.8063260071162677e-01
-8.6867919323958032e-01
-9.6258764617132497e-01
-1.0619801664898612e+00
-1.1663940924869134e+00
-1.2755414013817017e+00
-1.3887703441169423e+00
-1.5049926916873919e+00
-1.6238285998413460e+00
-1.7439470241032684e+00
-1.8645599858437654e+00
-1.9843668552722360e+00
-2.1024614357900910e+00
-2.2172997701247015e+00
-2.3281883062139728e+00
-2.4335909931957049e+00
-2.5325103127316502e+00
-2.6241596982521260e+00
-2.7075516131524520e+00
-2.7817726380766650e+00
-2.8461056951272545e+00
-2.9001826743849688e+00
-2.9436308227757730e+00
-2.9761769678025791e+00
-2.9976983122922123e+00
-3.0082746979327255e+00
-3.0080125084118983e+00
-2.9972294811016642e+00
-2.9762909978722742e+00
-2.9456528765658958e+00
-2.9059062939786138e+00
0.0000000000000000e+00
2.4055929233035767e-01
0.0000000000000000e+00
0.0000000000000000e+00
];
