%Vec Object:sol 1 MPI processes
%  type: mpi
sol = [
0.0000000000000000e+00
-7.8906240793975373e+00
-7.3899435412323644e+00
-6.9273046900813871e+00
-6.4971360887604392e+00
-6.0984746446451110e+00
-5.7269866499560829e+00
-5.3796774501675122e+00
-5.0543336581052314e+00
-4.7454615906913569e+00
-4.4540360836544206e+00
-4.1795397163979677e+00
-3.9195297514459000e+00
-3.6713858370456181e+00
-3.4369076892354053e+00
-3.2141733672417936e+00
-3.0019375469326377e+00
-2.8012030800542815e+00
-2.6095227621767423e+00
-2.4285256449137447e+00
-2.2558408593067090e+00
-2.0930646361308773e+00
-1.9382588541962340e+00
-1.7921337959043422e+00
-1.6541991140538908e+00
-1.5238663284974954e+00
-1.4013717232678331e+00
-1.2862374148049844e+00
-1.1780291302586867e+00
-1.0768258341394141e+00
-9.8233889886553327e-01
-8.9423172625873415e-01
-8.1212236865213183e-01
-7.3596597557710908e-01
-6.6549043724532020e-01
-6.0041852781054161e-01
-5.4048361988678051e-01
-4.8540981759827184e-01
-4.3485209296811239e-01
-3.8866120718732206e-01
-3.4656367847265668e-01
-3.0829640277015546e-01
-2.7362554034360309e-01
-2.4229460528787108e-01
-2.1404214038399039e-01
-1.8866785188231269e-01
-1.6594488120412665e-01
-1.4561873422168584e-01
-1.2752800086287858e-01
-1.1147845836936071e-01
-9.7239890064485454e-02
-8.4681255157848592e-02
-7.3643925922985562e-02
-6.3937087994784675e-02
-5.5448934920983933e-02
-4.8060076881311968e-02
-4.1618403864149951e-02
-3.6030887037464154e-02
-3.1214007687435600e-02
-2.7050769946791533e-02
-2.3465219747710268e-02
-2.0404459337645200e-02
-1.7781357578870133e-02
-1.5534459412383773e-02
-1.3635471698855707e-02
-1.2021273236062155e-02
-1.0642039259501569e-02
-9.4881399251180078e-03
-8.5147853810473972e-03
-7.6811150899076582e-03
-6.9908355788661676e-03
-6.4124953440854084e-03
-5.9119824181966957e-03
-5.5019242878569779e-03
-5.1601112447148424e-03
-4.8575461470672108e-03
-4.6123225340984316e-03
-4.4082880186950757e-03
-4.2205006910280476e-03
-4.0699417623579048e-03
-3.9441439680070111e-03
-3.8216469257720425e-03
-3.7244661997154534e-03
-3.6421082383806484e-03
-3.5563848262371443e-03
-3.4890526014311465e-03
-3.4303836540682340e-03
-3.3654976213093437e-03
-3.3150075795295463e-03
-3.2691075283184851e-03
-3.2164053479570680e-03
-3.1757724757431540e-03
-3.1367355759678007e-03
-3.0916416274905266e-03
-3.0572169808044131e-03
-3.0219048486835815e-03
-2.9820622819444259e-03
-2.9519991785930937e-03
-2.9187790095381565e-03
-2.8830286547696961e-03
-2.8564604336208800e-03
-2.8245494771076446e-03
-2.7924197914009244e-03
-2.7690750454693147e-03
-2.7382504847377285e-03
-2.7097819496487148e-03
-2.6899019095250900e-03
-2.6605110028432148e-03
-2.6363560596609861e-03
-2.6208912971233153e-03
-2.5941498118398311e-03
-2.5759943287257917e-03
-2.5647021867961843e-03
-2.5458837604171031e-03
-2.5373673078828364e-03
-2.5344014884849707e-03
-2.5298220349533190e-03
-2.5382983710645329e-03
-2.5528863835247227e-03
-2.5740075695965324e-03
-2.6137259818149032e-03
-2.6635300338176669e-03
-2.7320528568863804e-03
-2.8296667783465086e-03
-2.9473239351976207e-03
-3.1029506378052116e-03
-3.3057234268580806e-03
-3.5505320047444066e-03
-3.8635006430150086e-03
-4.2532612589088817e-03
-4.7286236206675108e-03
-5.3190561473969219e-03
-6.0384633219125183e-03
-6.9128956724758741e-03
-7.9792172294398181e-03
-9.2611152843722847e-03
-1.0806438757599211e-02
-1.2664436369664795e-02
-1.4875661347390998e-02
-1.7514347942185024e-02
-2.0646089066268941e-02
-2.4344665976457246e-02
-2.8706905254964801e-02
-3.3826103118124499e-02
-3.9815960637585288e-02
-4.6805166131205667e-02
-5.4920588583904535e-02
-6.4320865929879359e-02
-7.5168997206044558e-02
-8.7636359366697975e-02
-1.0192191063394122e-01
-1.1822515019157707e-01
-1.3676227577454203e-01
-1.5776400040858685e-01
-1.8146021444190599e-01
-2.0809763910772128e-01
-2.3792182971383283e-01
-2.7117576503555157e-01
-3.0810431916101938e-01
-3.4893891795549575e-01
-3.9389777925158764e-01
-4.4317914016666921e-01
-4.9695626684968830e-01
-5.5536079737337574e-01
-6.1838608307461074e-01
-6.8616383024167937e-01
-7.5867993231833497e-01
-8.3587377852895750e-01
-9.1760996551093565e-01
-1.0035024570547737e+00
-1.0933314444957023e+00
-1.1868171611207821e+00
-1.2834844689853340e+00
-1.3824800319614312e+00
-1.4835909390757709e+00
-1.5859446711377283e+00
-1.6887307246628718e+00
-1.7914153883850903e+00
-1.8927754736996676e+00
-1.9923859636641512e+00
-2.0890704806610532e+00
-2.1821490168315512e+00
-2.2710011534194980e+00
-2.3543054730973285e+00
-2.4318425637616983e+00
-2.5029429276291926e+00
-2.5668056907869352e+00
-2.6229114976189853e+00
-2.6711010428236519e+00
-2.7109941597181577e+00
-2.7424023930201407e+00
-2.7651837688011036e+00
-2.7792975672501012e+00
-2.7848539684706486e+00
-2.7819539820611912e+00
-2.7708626141752553e+00
-2.7518621158180552e+00
-2.7252949304604730e+00
-2.6916089375796934e+00
0.0000000000000000e+00
2.4055929233035767e-01
0.0000000000000000e+00
0.0000000000000000e+00
];
