%Vec Object:sol 1 MPI processes
%  type: mpi
sol = [
0.0000000000000000e+00
-1.4321635414171251e+01
-1.2727822910993835e+01
-1.1330472672901935e+01
-1.0092913927037047e+01
-8.9860181492996194e+00
-7.9871427613554626e+00
-7.0794243264944070e+00
-6.2555139117641732e+00
-5.5048596744827929e+00
-4.8211449792846155e+00
-4.2004045259131990e+00
-3.6385193399548337e+00
-3.1323712144002465e+00
-2.6786241688411119e+00
-2.2744986453418008e+00
-1.9172123213028753e+00
-1.6034768943651136e+00
-1.3303885044779580e+00
-1.0948385640144742e+00
-8.9333979882359860e-01
-7.2254125571004901e-01
-5.7930304345524097e-01
-4.6036958164336633e-01
-3.6259241096093697e-01
-2.8304228062914427e-01
-2.1901974939100688e-01
-1.6802275278561005e-01
-1.2780926168155018e-01
-9.6477371089448177e-02
-7.2329730731011302e-02
-5.3857728748803367e-02
-3.9930506279074358e-02
-2.9551723675716769e-02
-2.1838908349905067e-02
-1.6203181455095535e-02
-1.2143362878821668e-02
-9.2091455084103314e-03
-7.1166425938425544e-03
-5.6617243680052234e-03
-4.6378044365989633e-03
-3.9078271278469067e-03
-3.4196854120416326e-03
-3.0882349117042564e-03
-2.8314699992448324e-03
-2.6672071845960555e-03
-2.5663058040036645e-03
-2.4587880321945057e-03
-2.3927036777240912e-03
-2.3602351256877762e-03
-2.3003949563111716e-03
-2.2613804821969901e-03
-2.2449131211863997e-03
-2.2048382925375400e-03
-2.1728086712832222e-03
-2.1596142894298427e-03
-2.1293255753828165e-03
-2.0992705464981730e-03
-2.0864091593000354e-03
-2.0625150179438534e-03
-2.0334136501911166e-03
-2.0204315920186733e-03
-2.0013366728680380e-03
-1.9731057944586288e-03
-1.9600998706824340e-03
-1.9447452367535249e-03
-1.9174843572007958e-03
-1.9046404083254513e-03
-1.8921811086277881e-03
-1.8660077563837699e-03
-1.8535054445649093e-03
-1.8432381951043193e-03
-1.8182551190941091e-03
-1.8062503429600470e-03
-1.7975812417597725e-03
-1.7738729445026735e-03
-1.7624977644231116e-03
-1.7549233408419309e-03
-1.7325561176190747e-03
-1.7219199678992451e-03
-1.7150122996235923e-03
-1.6940366289696089e-03
-1.6842293753539807e-03
-1.6776247990868609e-03
-1.6580769864172691e-03
-1.6491711231036801e-03
-1.6425606515736951e-03
-1.6244653541319439e-03
-1.6165189487005614e-03
-1.6096409025197979e-03
-1.5930132205206054e-03
-1.5860723543976182e-03
-1.5787063543193640e-03
-1.5635546009168328e-03
-1.5576563712997437e-03
-1.5496181547258498e-03
-1.5359444201882531e-03
-1.5311177077480733e-03
-1.5222555107117744e-03
-1.5100581742776419e-03
-1.5063261707851797e-03
-1.4965206651806546e-03
-1.4857949324489962e-03
-1.4831756755036506e-03
-1.4723249139619618e-03
-1.4630624341275737e-03
-1.4615684560715743e-03
-1.4495898917669719e-03
-1.4417792479128378e-03
-1.4414181726088902e-03
-1.4282447083888662e-03
-1.4218703721449873e-03
-1.4201738296757648e-03
-1.4082245987583457e-03
-1.4032676212545829e-03
-1.3997418894648040e-03
-1.3894654309021890e-03
-1.3859042100510489e-03
-1.3805480810097641e-03
-1.3719058268930767e-03
-1.3697168073670311e-03
-1.3625436394864542e-03
-1.3554973761643937e-03
-1.3546565012190937e-03
-1.3456797893631944e-03
-1.3401917887898432e-03
-1.3397260712950392e-03
-1.3299117122648806e-03
-1.3259449568473814e-03
-1.3233147022648245e-03
-1.3152014490015716e-03
-1.3127126978289168e-03
-1.3079341702293273e-03
-1.3014616671285109e-03
-1.3004237077437312e-03
-1.2936120630235727e-03
-1.2887621829594299e-03
-1.2887367628232605e-03
-1.2803284377217699e-03
-1.2770541704594555e-03
-1.2747639851317456e-03
-1.2680934571199444e-03
-1.2664068911302539e-03
-1.2620193120162593e-03
-1.2572126840436912e-03
-1.2573801580187415e-03
-1.2514972842243056e-03
-1.2494116290120844e-03
-1.2505923952308171e-03
-1.2481542757187825e-03
-1.2529484386996465e-03
-1.2606156252269270e-03
-1.2741254377367373e-03
-1.3034595921058989e-03
-1.3456561731403727e-03
-1.4187188351339800e-03
-1.5378979115225947e-03
-1.7195389809300612e-03
-2.0071185852950577e-03
-2.4453884230231948e-03
-3.1081644335553267e-03
-4.1044370642155130e-03
-5.5714765714462572e-03
-7.7211047309601044e-03
-1.0830346258680710e-02
-1.5271440531556402e-02
-2.1552546068449158e-02
-3.0324422640700004e-02
-4.2437614232442813e-02
-5.8969793805651441e-02
-8.1254370146566057e-02
-1.1093806680715064e-01
-1.4998171869946553e-01
-2.0068428906029637e-01
-2.6567185328039467e-01
-3.4784681005268148e-01
-4.5031357374487252e-01
-5.7624176768867130e-01
-7.2868276310408941e-01
-9.1032364590767856e-01
-1.1230458769622311e+00
-1.3677570816176450e+00
-1.6443412316786057e+00
-1.9504476522914820e+00
-2.2823462348436401e+00
-2.6338806101289038e+00
-2.9976456121662038e+00
-3.3640416881807713e+00
-3.7225093140460257e+00
-4.0619877643112234e+00
-4.3718246434408874e+00
-4.6424546656255119e+00
-4.8654908054793076e+00
-5.0345158138598025e+00
-5.1457144880484149e+00
-5.1977689875753335e+00
-5.1908903799092130e+00
-5.1276287320618259e+00
-5.0126126362670007e+00
0.0000000000000000e+00
2.4055929233035767e-01
0.0000000000000000e+00
0.0000000000000000e+00
];
