%Vec Object:sol 1 MPI processes
%  type: mpi
sol = [
0.0000000000000000e+00
-9.0819844094792472e+00
-8.4226718047544384e+00
-7.8214190589386208e+00
-7.2704490369453820e+00
-6.7624565372945984e+00
-6.2913835532902498e+00
-5.8530125956921824e+00
-5.4432026234888262e+00
-5.0582232734497792e+00
-4.6968061062603592e+00
-4.3576156704407518e+00
-4.0384970162247642e+00
-3.7369779613588237e+00
-3.4524645370269234e+00
-3.1850375219922222e+00
-2.9324937754874232e+00
-2.6947241142521636e+00
-2.4715297907881744e+00
-2.2614247598097883e+00
-2.0646614853322474e+00
-1.8804742549789970e+00
-1.7083807953455967e+00
-1.5483102427310356e+00
-1.3990937889742081e+00
-1.2609560760857821e+00
-1.1333557806276546e+00
-1.0156143150371457e+00
-9.0734213052269808e-01
-8.0821409455983584e-01
-7.1774001570795942e-01
-6.3543020054088661e-01
-5.6078136663366751e-01
-4.9324848194280507e-01
-4.3245403111149983e-01
-3.7793983533125047e-01
-3.2924654072832810e-01
-2.8589368211406790e-01
-2.4745299262853812e-01
-2.1351725614158912e-01
-1.8365823723276073e-01
-1.5748294926377537e-01
-1.3465553982520664e-01
-1.1481872867885637e-01
-9.7623373134247557e-02
-8.2813989873773627e-02
-7.0111498197908295e-02
-5.9216118539711614e-02
-4.9951230890397616e-02
-4.2109405949520076e-02
-3.5451592310067087e-02
-2.9859030233501588e-02
-2.5187259945858846e-02
-2.1262174017661308e-02
-1.7999941107545256e-02
-1.5311066921729266e-02
-1.3073439351432049e-02
-1.1228777829570149e-02
-9.7290756012179732e-03
-8.4912091629744928e-03
-7.4739344232874283e-03
-6.6586014547513374e-03
-5.9897503609277940e-03
-5.4364229943042464e-03
-4.9995309052886490e-03
-4.6423347527497251e-03
-4.3394495641937182e-03
-4.1040485695057975e-03
-3.9115433814642178e-03
-3.7392699980084462e-03
-3.6075413044818656e-03
-3.4993616766861007e-03
-3.3933528281560842e-03
-3.3135460044241560e-03
-3.2474957825161651e-03
-3.1746439937219316e-03
-3.1205234144910683e-03
-3.0752485834981088e-03
-3.0192022471289015e-03
-2.9780012841433222e-03
-2.9430181446529840e-03
-2.8960033655231459e-03
-2.8617444220683905e-03
-2.8320008644987845e-03
-2.7904404264446413e-03
-2.7604170254648445e-03
-2.7334714262126046e-03
-2.6957539598863964e-03
-2.6687686541222418e-03
-2.6433950213276534e-03
-2.6087920603222394e-03
-2.5843144940838284e-03
-2.5598427076424031e-03
-2.5280077709713823e-03
-2.5057914315284083e-03
-2.4818073420076144e-03
-2.4525526831855396e-03
-2.4324664909066165e-03
-2.4086811033986197e-03
-2.3818850500858992e-03
-2.3638451772508254e-03
-2.3400425951528494e-03
-2.3156122938397471e-03
-2.2995558453466486e-03
-2.2755598159846899e-03
-2.2534194113820005e-03
-2.2392984300934633e-03
-2.2149740410734816e-03
-2.1950699672517388e-03
-2.1828624929927259e-03
-2.1581293932733153e-03
-2.1404548327292965e-03
-2.1277343802991442e-03
-2.1050838475143870e-03
-2.0897489172010024e-03
-2.0762219277654119e-03
-2.0563965760106448e-03
-2.0438024230567684e-03
-2.0300615643903471e-03
-2.0138464154596243e-03
-2.0050982590079213e-03
-1.9926904242202398e-03
-1.9821161322128291e-03
-1.9799622211442791e-03
-1.9725943785718135e-03
-1.9725174485818115e-03
-1.9824374353463224e-03
-1.9895357108781092e-03
-2.0109627350024888e-03
-2.0447651967541169e-03
-2.0874072910536806e-03
-2.1541567964566705e-03
-2.2424339461836278e-03
-2.3594953152846006e-03
-2.5208895308944683e-03
-2.7259975752377094e-03
-2.9956724485397292e-03
-3.3490479007451928e-03
-3.7930598429942496e-03
-4.3657800118623025e-03
-5.0931349170843564e-03
-6.0062803182960285e-03
-7.1585179815527970e-03
-8.5951384050405484e-03
-1.0381495318157120e-02
-1.2597783037088401e-02
-1.5321680232253132e-02
-1.8665885774530575e-02
-2.2750713331947607e-02
-2.7709575633134566e-02
-3.3713314468798411e-02
-4.0941173033415948e-02
-4.9603211487838139e-02
-5.9941058490547719e-02
-7.2211064294408905e-02
-8.6713175557596237e-02
-1.0376965821531493e-01
-1.2372649603253015e-01
-1.4696852917476419e-01
-1.7389516105101815e-01
-2.0493058507492770e-01
-2.4051659861229685e-01
-2.8109748345952157e-01
-3.2712376360346418e-01
-3.7903211998865788e-01
-4.3723669486055733e-01
-5.0211504092915848e-01
-5.7399560233862246e-01
-6.5310434874712975e-01
-7.3950745191761658e-01
-8.3336359068077670e-01
-9.3460643031478996e-01
-1.0430537352527716e+00
-1.1581727129123176e+00
-1.2794321488177529e+00
-1.4063520156351859e+00
-1.5378061438103268e+00
-1.6727856518714022e+00
-1.8103454797177112e+00
-1.9486619858420366e+00
-2.0868662391791104e+00
-2.2229990819869627e+00
-2.3557255524418523e+00
-2.4837201333522159e+00
-2.6049364319651933e+00
-2.7182867391517740e+00
-2.8224978281048099e+00
-2.9163267449186838e+00
-2.9987539528537588e+00
-3.0688724789804374e+00
-3.1260815855267365e+00
-3.1699355167236742e+00
-3.2001977905257375e+00
-3.2168965557994573e+00
-3.2201344126162965e+00
-3.2102836122838601e+00
-3.1878069129799274e+00
-3.1532941807762582e+00
-3.1075060886807080e+00
0.0000000000000000e+00
2.4055929233035767e-01
0.0000000000000000e+00
0.0000000000000000e+00
];
