%Vec Object:sol 1 MPI processes
%  type: mpi
sol = [
0.0000000000000000e+00
-7.8882123459711373e+00
-7.3878142962604825e+00
-6.9253877510543900e+00
-6.4954145721633196e+00
-6.0969182932512114e+00
-5.7255704753282552e+00
-5.3783801806946254e+00
-5.0531377294470836e+00
-4.7443230228940738e+00
-4.4529740639165869e+00
-4.1785426375876540e+00
-3.9185611394147006e+00
-3.6704658356161435e+00
-3.4360280673969044e+00
-3.2133055714658796e+00
-3.0011042228397597e+00
-2.8003782895038878e+00
-2.6087172175151743e+00
-2.4277360810055679e+00
-2.2550489287524424e+00
-2.0922695491707768e+00
-1.9374758794201412e+00
-1.7913443869345314e+00
-1.6534172166281573e+00
-1.5230763778101648e+00
-1.4005733502717641e+00
-1.2854430083937167e+00
-1.1772255684160553e+00
-1.0760128401467342e+00
-9.8151625374544871e-01
-8.9340966360395480e-01
-8.1129052568741034e-01
-7.3512441042684551e-01
-6.6463924656571405e-01
-5.9955816559894715e-01
-5.3961505166883783e-01
-4.8453317786879829e-01
-4.3397342863864735e-01
-3.8777294481932206e-01
-3.4566690792698795e-01
-3.0739177092396713e-01
-2.7271355268248221e-01
-2.4137569419729266e-01
-2.1311668508328532e-01
-1.8773630314594150e-01
-1.6500767828206844e-01
-1.4467623110485364e-01
-1.2658062499864969e-01
-1.1052662275550872e-01
-9.6283908813913313e-02
-8.3721501301570411e-02
-7.2680760185141136e-02
-6.2970784203867258e-02
-5.4479797037167758e-02
-4.7088406827225149e-02
-4.0644428832612080e-02
-3.5054842266821727e-02
-3.0236136387016190e-02
-2.6071252466732128e-02
-2.2484228183853254e-02
-1.9422183176705597e-02
-1.6797934620171696e-02
-1.4550007623982585e-02
-1.2650134814414529e-02
-1.1035153285200957e-02
-9.6552105803354993e-03
-8.5007095827957409e-03
-7.5268271827891413e-03
-6.6926701833553088e-03
-6.0019831495918118e-03
-5.4232880466349416e-03
-4.9224375339775800e-03
-4.5121007598830738e-03
-4.1700464845215264e-03
-3.8672413066245912e-03
-3.6218224335101811e-03
-3.4176193214162163e-03
-3.2296544537622402e-03
-3.0789532733786814e-03
-2.9530322873705106e-03
-2.8303975236707336e-03
-2.7331080886287364e-03
-2.6506548835981210e-03
-2.5648193539546966e-03
-2.4973999475476701e-03
-2.4386528388313251e-03
-2.3736717160769199e-03
-2.3231088672159834e-03
-2.2771411324368617e-03
-2.2243558814772032e-03
-2.1836604596466012e-03
-2.1445624058834571e-03
-2.0993945936494040e-03
-2.0649153909062701e-03
-2.0295463109125688e-03
-1.9896375777758569e-03
-1.9595267518458127e-03
-1.9262525290198306e-03
-1.8904430418199621e-03
-1.8638335300498864e-03
-1.8318708578638507e-03
-1.7996891034164741e-03
-1.7763098080532038e-03
-1.7454361277689883e-03
-1.7169234795301053e-03
-1.6970169550173260e-03
-1.6675810663529173e-03
-1.6433923928682698e-03
-1.6279124416138946e-03
-1.6011340656719487e-03
-1.5829606416953293e-03
-1.5716665139612334e-03
-1.5528330278136531e-03
-1.5443257150821843e-03
-1.5413843024120349e-03
-1.5368306097876744e-03
-1.5453658078606854e-03
-1.5600328495159075e-03
-1.5812559095894089e-03
-1.6211267677665143e-03
-1.6711186722067420e-03
-1.7398864262561694e-03
-1.8378286616368132e-03
-1.9558831937698997e-03
-2.1120208000830194e-03
-2.3154451662699047e-03
-2.5610436774403268e-03
-2.8750076355369657e-03
-3.2660002624357930e-03
-3.7428652646185794e-03
-4.3351530022024670e-03
-5.0568190611385618e-03
-5.9339953084909464e-03
-7.0036553323136281e-03
-8.2895715286931994e-03
-9.8397369094034189e-03
-1.1703553754601442e-02
-1.3921716494746803e-02
-1.6568684158791678e-02
-1.9710264815585691e-02
-2.3420484047111476e-02
-2.7797568884344124e-02
-3.2934585378157591e-02
-3.8945584056747362e-02
-4.5959807612167974e-02
-5.4102559390033535e-02
-6.3533974316049832e-02
-7.4418006156151156e-02
-8.6926601665601386e-02
-1.0125935354576507e-01
-1.1761640063222922e-01
-1.3621461668020121e-01
-1.5728541865337950e-01
-1.8105939259627007e-01
-2.0778397457062828e-01
-2.3770541299951486e-01
-2.7106734963950346e-01
-3.0811528792367410e-01
-3.4908121714891371e-01
-3.9418381948294878e-01
-4.4362160007677737e-01
-4.9756758464281992e-01
-5.5615808363102814e-01
-6.1940156716587857e-01
-6.8738733427796062e-01
-7.6012259265138293e-01
-8.3754638314290830e-01
-9.1952228437260330e-01
-1.0056986736640556e+00
-1.0957773588732684e+00
-1.1895144145542103e+00
-1.2864822988601483e+00
-1.3857346339295369e+00
-1.4871006075070665e+00
-1.5897501603140647e+00
-1.6927692013026023e+00
-1.7957273603303230e+00
-1.8972945229745299e+00
-1.9971485346279565e+00
-2.0940055396355519e+00
-2.1872831373423511e+00
-2.2762637098621452e+00
-2.3597155856787873e+00
-2.4373729097852919e+00
-2.5085661320991974e+00
-2.5724567893769712e+00
-2.6286022555441435e+00
-2.6768047994092594e+00
-2.7166858574968864e+00
-2.7480574344420452e+00
-2.7707793643903549e+00
-2.7848130264168884e+00
-2.7902709253670857e+00
-2.7872561421542330e+00
-2.7760358004547032e+00
-2.7568939814671638e+00
-2.7301748041468481e+00
-2.6963278365401071e+00
0.0000000000000000e+00
2.4055929233035767e-01
0.0000000000000000e+00
0.0000000000000000e+00
];
