%Vec Object:sol 1 MPI processes
%  type: mpi
sol = [
0.0000000000000000e+00
-9.9339610847454836e+00
-9.1494040621107846e+00
-8.4395118713877881e+00
-7.7928372951754863e+00
-7.1993878086005605e+00
-6.6512119550208011e+00
-6.1427772364651734e+00
-5.6700026609833225e+00
-5.2285508281761839e+00
-4.8156161701989433e+00
-4.4295259657423713e+00
-4.0674532795070419e+00
-3.7268777604361176e+00
-3.4082948242149191e+00
-3.1105416807203943e+00
-2.8308439213910161e+00
-2.5702101302609708e+00
-2.3270254366839715e+00
-2.1009091098641348e+00
-1.8907441975331813e+00
-1.6967529419939200e+00
-1.5171930884873424e+00
-1.3522668836739167e+00
-1.2012636346158148e+00
-1.0630600676022044e+00
-9.3735895554497761e-01
-8.2349754646913043e-01
-7.2075675654195115e-01
-6.2841536321566793e-01
-5.4565063264063807e-01
-4.7191182608156101e-01
-4.0652180237777846e-01
-3.4880290807901415e-01
-2.9805611396146986e-01
-2.5367366414766074e-01
-2.1505202562429201e-01
-1.8157393765431898e-01
-1.5270590030649225e-01
-1.2795472879646549e-01
-1.0681601119258313e-01
-8.8841624498353144e-02
-7.3663078736049381e-02
-6.0898707054795644e-02
-5.0187433970762349e-02
-4.1280776147457447e-02
-3.3911511045254077e-02
-2.7797275981919268e-02
-2.2791726540508529e-02
-1.8718763343969401e-02
-1.5371969367847817e-02
-1.2671222335008735e-02
-1.0509528266301613e-02
-8.7489586625299088e-03
-7.3427896801588474e-03
-6.2364796854377930e-03
-5.3401218416982933e-03
-4.6261375263301199e-03
-4.0746618347961474e-03
-3.6276349155399041e-03
-3.2666129099661627e-03
-2.9933402611681563e-03
-2.7700143806705232e-03
-2.5811975629940328e-03
-2.4413900505307973e-03
-2.3253198024209953e-03
-2.2174042004626240e-03
-2.1392501703449435e-03
-2.0732100728703710e-03
-2.0024055139290496e-03
-1.9520719759285622e-03
-1.9091562014421652e-03
-1.8554848139039600e-03
-1.8178141406617729e-03
-1.7858093644041075e-03
-1.7405803129751255e-03
-1.7091048571148623e-03
-1.6825646040169340e-03
-1.6421550502957497e-03
-1.6142381356765165e-03
-1.5906947178605227e-03
-1.5536416076987057e-03
-1.5282490541479921e-03
-1.5065021192537003e-03
-1.4722163800305068e-03
-1.4489494386326228e-03
-1.4283310242397386e-03
-1.3965603615280105e-03
-1.3752592396549727e-03
-1.3553324592517890e-03
-1.3259482213907668e-03
-1.3065376981115987e-03
-1.2869770186535166e-03
-1.2598948373320432e-03
-1.2423281604263541e-03
-1.2228718320431711e-03
-1.1980218354345426e-03
-1.1822598075793627e-03
-1.1626908117184232e-03
-1.1400091512859957e-03
-1.1260148783471947e-03
-1.1061554374372357e-03
-1.0855810597602772e-03
-1.0733179670415617e-03
-1.0530128419329089e-03
-1.0344862378412862e-03
-1.0239174248713972e-03
-1.0030361760644446e-03
-9.8650050297891890e-04
-9.7759039752324736e-04
-9.5602497066220988e-04
-9.4142715489990984e-04
-9.3167142068824196e-04
-9.1181322328325021e-04
-8.9911080111575571e-04
-8.8799918539471845e-04
-8.7029198601570597e-04
-8.5947281049315633e-04
-8.4703363338992272e-04
-8.3149763316431335e-04
-8.2263756909952302e-04
-8.0904070914783618e-04
-7.9587544136561781e-04
-7.8930165436659396e-04
-7.7507020056864621e-04
-7.6496861718512786e-04
-7.6074329494102845e-04
-7.4830102519452479e-04
-7.4325955403094517e-04
-7.4165827414515717e-04
-7.3742868803682818e-04
-7.4272540089730967e-04
-7.5102758919834173e-04
-7.6475109503828685e-04
-7.9351842753321760e-04
-8.2940015118599070e-04
-8.8447074026717627e-04
-9.6727015425898840e-04
-1.0719777851288517e-03
-1.2216947266343588e-03
-1.4246037772523514e-03
-1.6911299116898130e-03
-2.0507160596407313e-03
-2.5210922039109358e-03
-3.1364478474583098e-03
-3.9420008568620104e-03
-4.9762295071963105e-03
-6.3098095318441291e-03
-8.0167319833664950e-03
-1.0180760130449938e-02
-1.2921719217832466e-02
-1.6366016035593237e-02
-2.0671531263161649e-02
-2.6030203698817408e-02
-3.2651895037881178e-02
-4.0798705981599855e-02
-5.0763011688131077e-02
-6.2875279699300859e-02
-7.7525282452520536e-02
-9.5136460728657959e-02
-1.1618473029827993e-01
-1.4119536144012268e-01
-1.7072768311118813e-01
-2.0539067786105436e-01
-2.4581814678900152e-01
-2.9266328174025918e-01
-3.4658940819117207e-01
-4.0824564649326717e-01
-4.7824934337809161e-01
-5.5716096239679580e-01
-6.4546202226211491e-01
-7.4346962142236273e-01
-8.5127891421587465e-01
-9.6903219556683240e-01
-1.0965577871759145e+00
-1.2334503546864317e+00
-1.3786305815828641e+00
-1.5315605999833330e+00
-1.6908414573959676e+00
-1.8547458120765421e+00
-2.0218794962917115e+00
-2.1898330503187378e+00
-2.3567415315132121e+00
-2.5205694822633498e+00
-2.6783437087143103e+00
-2.8284091230303443e+00
-2.9685135191911476e+00
-3.0965907851147541e+00
-3.2108644642627313e+00
-3.3097533406751372e+00
-3.3920993757359019e+00
-3.4570187074888294e+00
-3.5039668014849914e+00
-3.5328048252255093e+00
-3.5435732441569110e+00
-3.5364530437028141e+00
-3.5121028749315628e+00
-3.4715378681456244e+00
-3.4158465162981497e+00
0.0000000000000000e+00
2.4055929233035767e-01
0.0000000000000000e+00
0.0000000000000000e+00
];
