%Vec Object:sol 1 MPI processes
%  type: mpi
sol = [
0.0000000000000000e+00
-1.1099802620699354e+01
-1.0127871108638054e+01
-9.2576824512679448e+00
-8.4694525216780114e+00
-7.7485900295223535e+00
-7.0884256888861286e+00
-6.4803306907853377e+00
-5.9182149195923097e+00
-5.3963327179715295e+00
-4.9110085682453732e+00
-4.4600051916770038e+00
-4.0404577076879082e+00
-3.6491467983407984e+00
-3.2862432971982396e+00
-2.9503888379546117e+00
-2.6390049991575668e+00
-2.3521705296074655e+00
-2.0883858219234788e+00
-1.8468738522379136e+00
-1.6261306230683050e+00
-1.4258942343959571e+00
-1.2445731286033799e+00
-1.0812026847167189e+00
-9.3493668419450915e-01
-8.0460587330820899e-01
-6.8901838212970212e-01
-5.8698908139147021e-01
-4.9754608870186812e-01
-4.1959010455115525e-01
-3.5204131445461762e-01
-2.9382037549767454e-01
-2.4397508449864302e-01
-2.0156683222944982e-01
-1.6566001768845967e-01
-1.3548014331546313e-01
-1.1028449463182326e-01
-8.9344400533053689e-02
-7.2061497804100066e-02
-5.7909219923381418e-02
-4.6369691628690146e-02
-3.7007256202769637e-02
-2.9489474132139423e-02
-2.3480112544718674e-02
-1.8673790831992630e-02
-1.4890057240480030e-02
-1.1930409621443325e-02
-9.5813098239557557e-03
-7.7685777638641373e-03
-6.3836904067891788e-03
-5.2832141638473364e-03
-4.4476447087555713e-03
-3.8244706561400654e-03
-3.3243833332316634e-03
-2.9447187890090298e-03
-2.6694196015533767e-03
-2.4417331395527133e-03
-2.2628792806579003e-03
-2.1374949235954560e-03
-2.0280130347193502e-03
-1.9332101955309251e-03
-1.8691363093050321e-03
-1.8096403737519766e-03
-1.7488078785868316e-03
-1.7088836036737770e-03
-1.6707470583340594e-03
-1.6237213231650566e-03
-1.5933332293450154e-03
-1.5649708269463557e-03
-1.5241204473621101e-03
-1.4978868935641286e-03
-1.4746237729981104e-03
-1.4372269593106864e-03
-1.4133005912969232e-03
-1.3931242786483775e-03
-1.3582609586394424e-03
-1.3360599593693746e-03
-1.3179562852906807e-03
-1.2853240116155918e-03
-1.2646871189745353e-03
-1.2480250281498566e-03
-1.2175184449935061e-03
-1.1984120238523307e-03
-1.1827265083041048e-03
-1.1542967714213480e-03
-1.1367192575190491e-03
-1.1216349360708743e-03
-1.0952466980243532e-03
-1.0792005841855270e-03
-1.0644033041892664e-03
-1.0400224542851525e-03
-1.0255068728527385e-03
-1.0107308608263517e-03
-9.8832245029989853e-04
-9.7533265467457224e-04
-9.6035269888440470e-04
-9.3987945065113839e-04
-9.2840595186034183e-04
-9.1303248694218160e-04
-8.9445627001375264e-04
-8.8448654797578842e-04
-8.6856499611965871e-04
-8.5184694715361527e-04
-8.4336576013073830e-04
-8.2676138925184709e-04
-8.1186163935764873e-04
-8.0485092433023266e-04
-7.8745126799548571e-04
-7.7432988938944125e-04
-7.6876984042924647e-04
-7.5048119443168126e-04
-7.3909753063819189e-04
-7.3249256828772065e-04
-7.1571414301212330e-04
-7.0602753286539051e-04
-6.9786240869335308e-04
-6.8302385108376948e-04
-6.7499431350075286e-04
-6.6525040497433861e-04
-6.5229749827060320e-04
-6.4588773206257749e-04
-6.3456706675728855e-04
-6.2345437088151469e-04
-6.1863884095236799e-04
-6.0576191428538559e-04
-5.9647215368209571e-04
-5.9231691828303204e-04
-5.7892165719459706e-04
-5.7153411469800539e-04
-5.6567945592287956e-04
-5.5459368212039536e-04
-5.4950647483186855e-04
-5.4265188578722504e-04
-5.3480031692856856e-04
-5.3341034351467916e-04
-5.2770852436146017e-04
-5.2608824929634634e-04
-5.3233502691804135e-04
-5.3451845020016685e-04
-5.4800126855367420e-04
-5.7117216550855391e-04
-6.0218419484970264e-04
-6.5526471074705400e-04
-7.2933964593044419e-04
-8.3566576388432198e-04
-9.9170875975521946e-04
-1.2025442132696706e-03
-1.4993478417142186e-03
-1.9095959024284272e-03
-2.4628936634586126e-03
-3.2171730959460868e-03
-4.2283830195068307e-03
-5.5759045994699151e-03
-7.3656027775894127e-03
-9.7138595185575303e-03
-1.2785022215536708e-02
-1.6772227745717856e-02
-2.1905370451958152e-02
-2.8479730375815630e-02
-3.6834019874616243e-02
-4.7376911257928651e-02
-6.0591702598249739e-02
-7.7029467950387967e-02
-9.7337665198565251e-02
-1.2224074607437251e-01
-1.5254665969739234e-01
-1.8915227365720938e-01
-2.3301846448034882e-01
-2.8516783606791379e-01
-3.4665746868007186e-01
-4.1854856424989795e-01
-5.0187133016776131e-01
-5.9758002653829900e-01
-7.0649821532430901e-01
-8.2921908823405932e-01
-9.6594465547843988e-01
-1.1168579552758267e+00
-1.2816439134747484e+00
-1.4593051803035930e+00
-1.6484866763020674e+00
-1.8477880489463931e+00
-2.0541668489300000e+00
-2.2656570659088242e+00
-2.4784607625531105e+00
-2.6893989120382691e+00
-2.8949984312112051e+00
-3.0914275560925759e+00
-3.2750155875537996e+00
-3.4425097291370261e+00
-3.5908961079413331e+00
-3.7176013375329395e+00
-3.8206722789579235e+00
-3.8987650402441716e+00
-3.9512391254420849e+00
-3.9773397216834385e+00
-3.9777351256924334e+00
-3.9534809606000541e+00
-3.9050712803789827e+00
-3.8349336010778914e+00
0.0000000000000000e+00
2.4055929233035767e-01
0.0000000000000000e+00
0.0000000000000000e+00
];
