%Vec Object:sol 1 MPI processes
%  type: mpi
sol = [
0.0000000000000000e+00
-2.3210712132474715e+01
-1.9584756146009269e+01
-1.6754229203308114e+01
-1.4507995498852205e+01
-1.2674325231430380e+01
-1.1140689729888196e+01
-9.8389317547501971e+00
-8.7128718119814383e+00
-7.7262206276221317e+00
-6.8527579679738935e+00
-6.0759974520024986e+00
-5.3798590141889555e+00
-4.7533597706366582e+00
-4.1897204396098040e+00
-3.6819041878361163e+00
-3.2241557284953837e+00
-2.8126004276713701e+00
-2.4437999381699096e+00
-2.1133849731090568e+00
-1.8192469775720777e+00
-1.5580634729987728e+00
-1.3276264060375689e+00
-1.1250203951613018e+00
-9.4800875043126831e-01
-7.9435103695180009e-01
-6.6175039810504133e-01
-5.4802064056158395e-01
-4.5105552150706063e-01
-3.6903409079563509e-01
-3.0013354729619257e-01
-2.4262019407528193e-01
-1.9499325887325145e-01
-1.5584605033107049e-01
-1.2385065718577562e-01
-9.7927804143114625e-02
-7.7093470173719855e-02
-6.0432910954870113e-02
-4.7218702799674182e-02
-3.6838656527456846e-02
-2.8720694153528670e-02
-2.2404354767285844e-02
-1.7556431948498628e-02
-1.3852350158985657e-02
-1.1008506929865033e-02
-8.8765218256119695e-03
-7.2909747904092931e-03
-6.0708722826643751e-03
-5.1777804055136468e-03
-4.5348456007908954e-03
-4.0259449911281995e-03
-3.6590213135124583e-03
-3.4042564192396695e-03
-3.1904761530796725e-03
-3.0322873250393143e-03
-2.9275283142352563e-03
-2.8296423775092954e-03
-2.7493457902997022e-03
-2.6989377007884032e-03
-2.6458246478469299e-03
-2.5934064096994332e-03
-2.5617373254240758e-03
-2.5267460241977665e-03
-2.4844596955144937e-03
-2.4592547466946945e-03
-2.4326932430053369e-03
-2.3946978655425069e-03
-2.3720684367431015e-03
-2.3502845179664009e-03
-2.3148069710240645e-03
-2.2936527891269840e-03
-2.2750533703018872e-03
-2.2416057554528312e-03
-2.2216795258008246e-03
-2.2053718519600926e-03
-2.1738389159849459e-03
-2.1551283696845790e-03
-2.1404842700880628e-03
-2.1108457761489781e-03
-2.0933908378406338e-03
-2.0799100904189808e-03
-2.0521633446112116e-03
-2.0360071334854439e-03
-2.0232721278975120e-03
-1.9974123693843192e-03
-1.9825897836208612e-03
-1.9702466983246344e-03
-1.9462633012624743e-03
-1.9327996285968651e-03
-1.9205478816666122e-03
-1.8984248667044277e-03
-1.8863371163069004e-03
-1.8739220548691978e-03
-1.8536393761801927e-03
-1.8429379412416998e-03
-1.8301443590726381e-03
-1.8116778500430598e-03
-1.8023667270913911e-03
-1.7890147412323626e-03
-1.7723383417137283e-03
-1.7644174646134507e-03
-1.7503619596343717e-03
-1.7354474872847889e-03
-1.7289126549043397e-03
-1.7140277914430933e-03
-1.7008453157792338e-03
-1.6956886941318482e-03
-1.6798704281358729e-03
-1.6683887823775415e-03
-1.6645995575463699e-03
-1.6477618764778193e-03
-1.6379480206544404e-03
-1.6329837920025406e-03
-1.6175878393115668e-03
-1.6094077546743926e-03
-1.6027500150109912e-03
-1.5892413172000533e-03
-1.5826599312825040e-03
-1.5742957772386162e-03
-1.5626228555329332e-03
-1.5576044799542092e-03
-1.5475372067641849e-03
-1.5376499210801111e-03
-1.5341593907780577e-03
-1.5223935569144288e-03
-1.5142440623213084e-03
-1.5112783352533360e-03
-1.4987971607461220e-03
-1.4923454528708068e-03
-1.4873103831317346e-03
-1.4767228131583078e-03
-1.4719574329807908e-03
-1.4649489051847145e-03
-1.4562882523091400e-03
-1.4533067420195633e-03
-1.4446000344099500e-03
-1.4381613728657540e-03
-1.4370422136833377e-03
-1.4279277283425792e-03
-1.4249219427979487e-03
-1.4242047293852571e-03
-1.4209183771708859e-03
-1.4255538970553488e-03
-1.4315902225646453e-03
-1.4432839347472170e-03
-1.4688940185845611e-03
-1.5010417742289844e-03
-1.5552402136321613e-03
-1.6385117206992256e-03
-1.7542217170019817e-03
-1.9275949689135936e-03
-2.1732131350339330e-03
-2.5194245902185877e-03
-3.0096956201058930e-03
-3.6842458589624936e-03
-4.6167881386028559e-03
-5.8928056189359885e-03
-7.6159919095799130e-03
-9.9369182134224840e-03
-1.3028897465412432e-02
-1.7116994696603879e-02
-2.2483838873737123e-02
-2.9460717778427226e-02
-3.8467740623004315e-02
-4.9996138445005681e-02
-6.4624023462030111e-02
-8.3035711564875075e-02
-1.0600405756103823e-01
-1.3441017601527047e-01
-1.6923048264932536e-01
-2.1151988170171229e-01
-2.6239417088885458e-01
-3.2300965012757327e-01
-3.9452981745656995e-01
-4.7806110141699887e-01
-5.7460132645363737e-01
-6.8496421866446500e-01
-8.0971415307946559e-01
-9.4900381156945757e-01
-1.1025094665116899e+00
-1.2697097307383638e+00
-1.4493158218243154e+00
-1.6391817289938568e+00
-1.8374159224422881e+00
-2.0403766642738832e+00
-2.2452548387165607e+00
-2.4479242325922863e+00
-2.6442854310805348e+00
-2.8305460014000703e+00
-3.0026480262633073e+00
-3.1569228999701742e+00
-3.2901213466203689e+00
-3.3995956920302719e+00
-3.4834487038563688e+00
-3.5403848617261597e+00
-3.5698158885128093e+00
-3.5715624800782670e+00
-3.5467406077663055e+00
-3.4967434209596382e+00
0.0000000000000000e+00
1.3464638167935297e-01
0.0000000000000000e+00
0.0000000000000000e+00
];
