%Vec Object:sol 1 MPI processes
%  type: mpi
sol = [
0.0000000000000000e+00
-9.3028357233160168e+00
-8.6119960247107983e+00
-7.9832456619065679e+00
-7.4079674412135619e+00
-6.8782124636932833e+00
-6.3874556837500691e+00
-5.9311537849257272e+00
-5.5059273983664152e+00
-5.1074912114317161e+00
-4.7323360782897721e+00
-4.3805524978801165e+00
-4.0499616214862799e+00
-3.7390886917114674e+00
-3.4455315056214859e+00
-3.1695742214824523e+00
-2.9105550553809505e+00
-2.6660374757933432e+00
-2.4375643851848698e+00
-2.2227961894648782e+00
-2.0224728375395218e+00
-1.8349938256491212e+00
-1.6608006753307132e+00
-1.4988169813279870e+00
-1.3486822813437218e+00
-1.2101798947569822e+00
-1.0826336406607349e+00
-9.6533135642671042e-01
-8.5809672273478743e-01
-7.6035532908831704e-01
-6.7156940101191098e-01
-5.9119937697518454e-01
-5.1860209519667766e-01
-4.5339660946905919e-01
-3.9503557443522502e-01
-3.4302194930229385e-01
-2.9685819167845778e-01
-2.5602637034430931e-01
-2.2006836076563949e-01
-1.8855136517051613e-01
-1.6102327551107115e-01
-1.3707239785628714e-01
-1.1634999351545683e-01
-9.8487729389189649e-02
-8.3128668648564233e-02
-7.0014967274796419e-02
-5.8866533710436479e-02
-4.9384265671887077e-02
-4.1396329921153434e-02
-3.4700637744911562e-02
-2.9064178507609815e-02
-2.4376498781450519e-02
-2.0501477374207721e-02
-1.7273358878248969e-02
-1.4617394247311592e-02
-1.2452903755480303e-02
-1.0666113373453552e-02
-9.2069671598183512e-03
-8.0351968159065486e-03
-7.0747333290011602e-03
-6.2909112399067938e-03
-5.6711004477391384e-03
-5.1651730962809393e-03
-4.7469563620256804e-03
-4.4216315924680664e-03
-4.1561496806299140e-03
-3.9283417517249515e-03
-3.7541861148887427e-03
-3.6114656643156454e-03
-3.4795324775720817e-03
-3.3804234892137572e-03
-3.2985699989332780e-03
-3.2137802351399325e-03
-3.1510836824203475e-03
-3.0988436617596844e-03
-3.0371604579666799e-03
-2.9921144588613375e-03
-2.9542536816212881e-03
-2.9043064035681764e-03
-2.8681757639325476e-03
-2.8374545395660790e-03
-2.7940649795325833e-03
-2.7629382151054915e-03
-2.7359401349353165e-03
-2.6968193014074411e-03
-2.6689996542740078e-03
-2.6440706245894792e-03
-2.6082185708955676e-03
-2.5829813409916380e-03
-2.5592593778711388e-03
-2.5262269357561860e-03
-2.5032554583298435e-03
-2.4802335013918647e-03
-2.4497984323666026e-03
-2.4289408260109368e-03
-2.4062768172121922e-03
-2.3783064094691094e-03
-2.3594737681461590e-03
-2.3369111640450758e-03
-2.3113088525191713e-03
-2.2944368828540073e-03
-2.2717749951987301e-03
-2.2484596873878797e-03
-2.2334943805493697e-03
-2.2105632407737634e-03
-2.1894627698374057e-03
-2.1763570536757356e-03
-2.1530193173581519e-03
-2.1340735065909170e-03
-2.1227934195029007e-03
-2.0989495988923490e-03
-2.0821229389504335e-03
-2.0702001939385019e-03
-2.0482833657065095e-03
-2.0336045786110814e-03
-2.0206338010961273e-03
-2.0012346058839977e-03
-1.9888997222006536e-03
-1.9751988176353662e-03
-1.9587365356417787e-03
-1.9493669651315714e-03
-1.9358464879639806e-03
-1.9235195623694414e-03
-1.9187812981208540e-03
-1.9077483621712560e-03
-1.9026128492781295e-03
-1.9056825236558150e-03
-1.9036339213837762e-03
-1.9129914992405410e-03
-1.9310178520596977e-03
-1.9532060977275191e-03
-1.9936349849450424e-03
-2.0482643257665762e-03
-2.1225811511575263e-03
-2.2300023619314536e-03
-2.3673423467750880e-03
-2.5524152995428143e-03
-2.8007620714812290e-03
-3.1150851490207416e-03
-3.5285712719177074e-03
-4.0614833745919836e-03
-4.7384967042032626e-03
-5.6056107299660733e-03
-6.6998678325674707e-03
-8.0775114972170218e-03
-9.8087609647767287e-03
-1.1960388648765806e-02
-1.4634128659500421e-02
-1.7937484979616097e-02
-2.1991529137169567e-02
-2.6954765404038829e-02
-3.2994159268331207e-02
-4.0308395131883640e-02
-4.9129184936895817e-02
-5.9704577116053197e-02
-7.2329453397596555e-02
-8.7324366767780243e-02
-1.0503779096730857e-01
-1.2586318273907099e-01
-1.5021427022574238e-01
-1.7853731437363263e-01
-2.1130468710517070e-01
-2.4899919888900257e-01
-2.9212080642220239e-01
-3.4116455095509496e-01
-3.9661221057930901e-01
-4.5891894828611612e-01
-5.2849685623427312e-01
-6.0569337958432956e-01
-6.9070660427839825e-01
-7.8366002878794394e-01
-8.8464557645989306e-01
-9.9356552018234823e-01
-1.1101620604471492e+00
-1.2336511792071982e+00
-1.3636644095727031e+00
-1.4994364914316758e+00
-1.6394116057296275e+00
-1.7829348423520288e+00
-1.9281684567850752e+00
-2.0739663528604448e+00
-2.2182514587981408e+00
-2.3598491944752369e+00
-2.4965395430180308e+00
-2.6268268159799590e+00
-2.7492561438000767e+00
-2.8622186837637762e+00
-2.9642826257958248e+00
-3.0541800382162960e+00
-3.1310514633607736e+00
-3.1942088160539313e+00
-3.2430968997560412e+00
-3.2773148078122278e+00
-3.2967883466674808e+00
-3.3016769668750832e+00
-3.2923793629699798e+00
-3.2694000415962456e+00
-3.2333920969229730e+00
-3.1851915449132000e+00
0.0000000000000000e+00
2.4055929233035767e-01
0.0000000000000000e+00
0.0000000000000000e+00
];
