%Vec Object:sol 1 MPI processes
%  type: mpi
sol = [
0.0000000000000000e+00
-2.0512031747603451e+01
-1.7660014691788426e+01
-1.5340648220443901e+01
-1.3473795234807758e+01
-1.1931405583947880e+01
-1.0622490507987997e+01
-9.5043934543939237e+00
-8.5275554169501024e+00
-7.6678446472819619e+00
-6.9036798553720704e+00
-6.2175001765325577e+00
-5.5982397088251377e+00
-5.0371132238255631e+00
-4.5270545352460134e+00
-4.0623061467914612e+00
-3.6381270226062910e+00
-3.2503791963389661e+00
-2.8966242013075152e+00
-2.5742862357915102e+00
-2.2805410139822220e+00
-2.0138782567193587e+00
-1.7721884527607492e+00
-1.5538554747897280e+00
-1.3571192980802560e+00
-1.1807823392469738e+00
-1.0231299360169968e+00
-8.8272129295207014e-01
-7.5838165454635043e-01
-6.4874231515938741e-01
-5.5251754430172428e-01
-4.6843968139347986e-01
-3.9532583814842298e-01
-3.3213880367177406e-01
-2.7778029604831150e-01
-2.3129168292883928e-01
-1.9175951701334626e-01
-1.5829381962068764e-01
-1.3013062895491145e-01
-1.0658262765520288e-01
-8.6981067612915297e-02
-7.0744878269706810e-02
-5.7402265361746176e-02
-4.6488786649241852e-02
-3.7580346743867107e-02
-3.0386924210361599e-02
-2.4611426482607252e-02
-1.9951463972650123e-02
-1.6254643319445178e-02
-1.3343476734463160e-02
-1.1013561026955174e-02
-9.1943684182971986e-03
-7.7892174412250445e-03
-6.6704062486878596e-03
-5.8044823070351140e-03
-5.1494670373418323e-03
-4.6262102830345944e-03
-4.2186725690243846e-03
-3.9175506418892342e-03
-3.6730689193991244e-03
-3.4749322136625191e-03
-3.3323914701453923e-03
-3.2130121863678043e-03
-3.1063265762574770e-03
-3.0316869480005969e-03
-2.9668712000200511e-03
-2.8989333254810039e-03
-2.8524820928078191e-03
-2.8113973563424254e-03
-2.7599572973139659e-03
-2.7252724346962273e-03
-2.6949401256562613e-03
-2.6511033424168507e-03
-2.6217681250935297e-03
-2.5967955449214177e-03
-2.5571817515055765e-03
-2.5308263872001538e-03
-2.5088910375105221e-03
-2.4722657701235010e-03
-2.4480618503703853e-03
-2.4280433363569097e-03
-2.3939597523984718e-03
-2.3716309126306711e-03
-2.3528803251158599e-03
-2.3211637620628540e-03
-2.3006179598938402e-03
-2.2826847755364824e-03
-2.2532486622866268e-03
-2.2344497450479252e-03
-2.2169823089057518e-03
-2.1897666978825717e-03
-2.1726927751809471e-03
-2.1554013595919677e-03
-2.1303538329479586e-03
-2.1149849568652432e-03
-2.0976257122122242e-03
-2.0746947680411487e-03
-2.0610086486983008e-03
-2.0433763863896082e-03
-2.0225115092225385e-03
-2.0104843480481505e-03
-1.9924109610428521e-03
-1.9735616782152539e-03
-1.9631676053075498e-03
-1.9445062197509723e-03
-1.9276222602256060e-03
-1.9188337085108943e-03
-1.8994611632525264e-03
-1.8844929590499052e-03
-1.8772813487118655e-03
-1.8570945122567751e-03
-1.8439926909858246e-03
-1.8358012959355428e-03
-1.8172452448138433e-03
-1.8059620334765572e-03
-1.7962598977000585e-03
-1.7797688362770551e-03
-1.7702600633044659e-03
-1.7590278131701614e-03
-1.7445478472926815e-03
-1.7367810439807472e-03
-1.7240333555663455e-03
-1.7115379530998293e-03
-1.7055193019839719e-03
-1.6913279657473658e-03
-1.6808745293036102e-03
-1.6757616097049109e-03
-1.6613488755742914e-03
-1.6532507864617642e-03
-1.6469661746498733e-03
-1.6356854746353373e-03
-1.6310005265542937e-03
-1.6251617452473367e-03
-1.6191963406198898e-03
-1.6210379646772795e-03
-1.6201217052107121e-03
-1.6255786282599822e-03
-1.6420089569586928e-03
-1.6581954929004588e-03
-1.6910324529478390e-03
-1.7404185419685138e-03
-1.8063981985334307e-03
-1.9058583354588752e-03
-2.0405928061749019e-03
-2.2255352772160238e-03
-2.4825506521419303e-03
-2.8214912009521796e-03
-3.2793741457667605e-03
-3.8899106615694953e-03
-4.6892490903162869e-03
-5.7422924467588959e-03
-7.1113685039737914e-03
-8.8813500058721843e-03
-1.1161770512424127e-02
-1.4069362925633565e-02
-1.7764332723307186e-02
-2.2428893373284617e-02
-2.8272854584219215e-02
-3.5559476392422032e-02
-4.4579976742073625e-02
-5.5677150622532361e-02
-6.9245744765786529e-02
-8.5718428912931327e-02
-1.0559331756687124e-01
-1.2940952443936582e-01
-1.5775021702126441e-01
-1.9124566350749167e-01
-2.3053595905565608e-01
-2.7629116685904304e-01
-3.2918553967064662e-01
-3.8986327202933285e-01
-4.5892239942329299e-01
-5.3688457282283231e-01
-6.2416206121964102e-01
-7.2102292084672348e-01
-8.2750203308432224e-01
-9.4338524901992360e-01
-1.0684123482987373e+00
-1.2019745989002275e+00
-1.3428608895539109e+00
-1.4900529065626742e+00
-1.6420338616785906e+00
-1.7967577467239759e+00
-1.9525594592967410e+00
-2.1069497132851254e+00
-2.2577561720157782e+00
-2.4028025608781092e+00
-2.5394745813634922e+00
-2.6656665489803513e+00
-2.7794629402466677e+00
-2.8790743693156351e+00
-2.9629762628348546e+00
-3.0299852300772594e+00
-3.0793475316134438e+00
-3.1105742699853258e+00
-3.1236316201273553e+00
-3.1187604955043393e+00
-3.0965039623952983e+00
-3.0577343387298139e+00
0.0000000000000000e+00
1.3464638167935297e-01
0.0000000000000000e+00
0.0000000000000000e+00
];
