%Vec Object:sol 1 MPI processes
%  type: mpi
sol = [
0.0000000000000000e+00
-7.2827974072294568e+00
-6.8548715740284001e+00
-6.4526826575832832e+00
-6.0812221565002824e+00
-5.7361464014837908e+00
-5.4137778634588409e+00
-5.1088807790930675e+00
-4.8214192074568141e+00
-4.5508825310569501e+00
-4.2952085014045904e+00
-4.0507476959407338e+00
-3.8196649555114575e+00
-3.6001343159183690e+00
-3.3898376575104288e+00
-3.1906867438954043e+00
-2.9998871852013531e+00
-2.8183188703675501e+00
-2.6451598502983611e+00
-2.4799380395410315e+00
-2.3223090408293756e+00
-2.1723563852090755e+00
-2.0292307712547872e+00
-1.8934938562166717e+00
-1.7638105415889316e+00
-1.6410480593084791e+00
-1.5245964761361739e+00
-1.4139560415086592e+00
-1.3095081535330837e+00
-1.2109377618492592e+00
-1.1175966363635395e+00
-1.0298063222425793e+00
-9.4732780941800698e-01
-8.6995510618669147e-01
-7.9737828739304084e-01
-7.2944666782588541e-01
-6.6608586360983069e-01
-6.0709764702065749e-01
-5.5228733150325149e-01
-5.0146564594798237e-01
-4.5443405297058032e-01
-4.1095767947920797e-01
-3.7088484303148084e-01
-3.3406091410993638e-01
-3.0028361801851988e-01
-2.6939517796370160e-01
-2.4121495333213688e-01
-2.1553533930675903e-01
-1.9222326469517348e-01
-1.7111527227850049e-01
-1.5201217192511796e-01
-1.3479869329218291e-01
-1.1933225375952251e-01
-1.0543736068829886e-01
-9.3007639209011062e-02
-8.1927250071639035e-02
-7.2047084268782771e-02
-6.3271138565318047e-02
-5.5510533857416625e-02
-4.8642791124031443e-02
-4.2583250640661041e-02
-3.7268306396057632e-02
-3.2600471199974897e-02
-2.8506537924624650e-02
-2.4945193240818613e-02
-2.1841026557299456e-02
-1.9131651333486523e-02
-1.6794344543211864e-02
-1.4772169841714399e-02
-1.3012481196551032e-02
-1.1507217645411275e-02
-1.0214170921015961e-02
-9.0891232352643975e-03
-8.1349458645982829e-03
-7.3206275609576195e-03
-6.6090892873503556e-03
-6.0108391191442141e-03
-5.5029625333968485e-03
-5.0544179217877480e-03
-4.6806015088938216e-03
-4.3641203446532989e-03
-4.0791361407031069e-03
-3.8437461745612360e-03
-3.6440334042684504e-03
-3.4588061625227240e-03
-3.3071913672772530e-03
-3.1771809985660900e-03
-3.0519188675848072e-03
-2.9503267393279024e-03
-2.8611400601558702e-03
-2.7717199757765921e-03
-2.6998977419429348e-03
-2.6343055763788786e-03
-2.5665413817641479e-03
-2.5127279498628028e-03
-2.4607908456484588e-03
-2.4066727585164058e-03
-2.3643713733977672e-03
-2.3206872657369620e-03
-2.2760669394783165e-03
-2.2421177058709759e-03
-2.2042423029277358e-03
-2.1675729218573144e-03
-2.1411858531783343e-03
-2.1089232192835513e-03
-2.0808245010966366e-03
-2.0633959325176972e-03
-2.0388672433451533e-03
-2.0224465446291107e-03
-2.0181450526659643e-03
-2.0066524554885855e-03
-2.0086776710763862e-03
-2.0234888562257556e-03
-2.0378701898982913e-03
-2.0710810287650652e-03
-2.1200391444774064e-03
-2.1795463067563535e-03
-2.2665938492196606e-03
-2.3769336232751510e-03
-2.5141232962376018e-03
-2.6938570723398923e-03
-2.9118063277766065e-03
-3.1813903962135807e-03
-3.5184371475275459e-03
-3.9201232494121040e-03
-4.4113523993178473e-03
-5.0091544889599602e-03
-5.7172576855673103e-03
-6.5714690135356127e-03
-7.5912024003734011e-03
-8.7971142646183862e-03
-1.0231421075867119e-02
-1.1921997659005468e-02
-1.3909759683277477e-02
-1.6247271357291020e-02
-1.8975076378210588e-02
-2.2158174751449010e-02
-2.5863527433726330e-02
-3.0150141592932504e-02
-3.5109765065868249e-02
-4.0825663227258953e-02
-4.7388497039374394e-02
-5.4908946658275892e-02
-6.3493851489099612e-02
-7.3267813728466538e-02
-8.4366182468288184e-02
-9.6919749850352566e-02
-1.1108405576475314e-01
-1.2701406836802298e-01
-1.4486715328556712e-01
-1.6481818265387835e-01
-1.8703615842808510e-01
-2.1169622350740175e-01
-2.3897681158458217e-01
-2.6904771397053429e-01
-3.0208062166605582e-01
-3.3823636485914627e-01
-3.7766366670317603e-01
-4.2049816183579919e-01
-4.6685621054272292e-01
-5.1683039163304234e-01
-5.7040399816391230e-01
-6.2765663261887539e-01
-6.8859459454258887e-01
-7.5317738676731505e-01
-8.2132654420924234e-01
-8.9288179214606000e-01
-9.6746485144882766e-01
-1.0450361577893936e+00
-1.1253181672202843e+00
-1.2078756201634027e+00
-1.2921537312498133e+00
-1.3780012577518699e+00
-1.4647420062299696e+00
-1.5517642015472188e+00
-1.6388840572745274e+00
-1.7248804390025754e+00
-1.8098716666563517e+00
-1.8925910631128575e+00
-1.9730809167817898e+00
-2.0500835921534004e+00
-2.1235859708875195e+00
-2.1928196110533795e+00
-2.2571867676191890e+00
-2.3165124577358052e+00
-2.3702877740836992e+00
-2.4179213568639102e+00
-2.4594430262891493e+00
-2.4946357514078192e+00
-2.5232684791184607e+00
-2.5451225388275338e+00
-2.5602215408328419e+00
-2.5686693947569621e+00
-2.5705708879830635e+00
-2.5660007039505834e+00
-2.5551640078481967e+00
-2.5382638930317523e+00
-2.5155443053460798e+00
-2.4873336191000490e+00
0.0000000000000000e+00
2.4055929233035767e-01
0.0000000000000000e+00
0.0000000000000000e+00
];
