%Vec Object:sol 1 MPI processes
%  type: mpi
sol = [
0.0000000000000000e+00
-2.6028672458536029e+01
-2.1523755515517649e+01
-1.8107672202082298e+01
-1.5446579511960660e+01
-1.3306849175202204e+01
-1.1538456744512951e+01
-1.0045613265654492e+01
-8.7655400222360562e+00
-7.6506910438648150e+00
-6.6711606166572492e+00
-5.8056070794332815e+00
-5.0381561745298242e+00
-4.3559253616319742e+00
-3.7498426541154908e+00
-3.2124705750405083e+00
-2.7373889632468122e+00
-2.3187191160844751e+00
-1.9520826024110840e+00
-1.6325638791999244e+00
-1.3560297776948664e+00
-1.1181941079217848e+00
-9.1537339557863995e-01
-7.4373566342523911e-01
-5.9961439625036994e-01
-4.7961245508678368e-01
-3.8064707831110006e-01
-2.9974821201115032e-01
-2.3420072247541818e-01
-1.8161391378943817e-01
-1.3982200549845147e-01
-1.0686539483729814e-01
-8.1172013197287493e-02
-6.1340520318791045e-02
-4.6118533632176079e-02
-3.4582329392223200e-02
-2.5937077788191099e-02
-1.9477973232952691e-02
-1.4705210454500087e-02
-1.1234431459702586e-02
-8.7099293699941654e-03
-6.8742442870240658e-03
-5.5802949685740781e-03
-4.6672095615665600e-03
-3.9937939059730134e-03
-3.5346021628244145e-03
-3.2267638370538630e-03
-2.9738951243715667e-03
-2.8072669354071368e-03
-2.7057423351746100e-03
-2.5973016981971769e-03
-2.5247801495648951e-03
-2.4852774639902756e-03
-2.4281767895533578e-03
-2.3837763332818758e-03
-2.3616555156661147e-03
-2.3239259347542017e-03
-2.2877208324982327e-03
-2.2700123570586765e-03
-2.2415417621570307e-03
-2.2081129751676267e-03
-2.1914962636593377e-03
-2.1687971161051586e-03
-2.1368715615864764e-03
-2.1206876619431943e-03
-2.1021895632048456e-03
-2.0715622836553348e-03
-2.0558054976812347e-03
-2.0405127882836263e-03
-2.0112191289204649e-03
-1.9960150666848528e-03
-1.9831629813838840e-03
-1.9552757627350173e-03
-1.9407581626690342e-03
-1.9297146846027195e-03
-1.9033004905044319e-03
-1.8895867190240824e-03
-1.8798185218263884e-03
-1.8549296497822802e-03
-1.8421172960210368e-03
-1.8331715508491800e-03
-1.8098461699221945e-03
-1.7980145842617804e-03
-1.7895063140978252e-03
-1.7677699388376415e-03
-1.7569823885658141e-03
-1.7485843821942579e-03
-1.7284517614631555e-03
-1.7187577963146223e-03
-1.7101925913741212e-03
-1.6916700119409076e-03
-1.6831081220497798e-03
-1.6741417200171191e-03
-1.6572291451869925e-03
-1.6498291574982584e-03
-1.6402651819504219e-03
-1.6249567769891895e-03
-1.6187405954685356e-03
-1.6084166237144448e-03
-1.5947033875007895e-03
-1.5896876600900128e-03
-1.5784749057809759e-03
-1.5663446039948267e-03
-1.5625407278999407e-03
-1.5503285653429659e-03
-1.5397660280406207e-03
-1.5371805112270884e-03
-1.5238787891973223e-03
-1.5148662031140155e-03
-1.5135010907434841e-03
-1.4990361527339093e-03
-1.4915522483824107e-03
-1.4888754959910351e-03
-1.4757201623427703e-03
-1.4697411516767403e-03
-1.4652439284269739e-03
-1.4538532404591452e-03
-1.4493530184747610e-03
-1.4430311348973906e-03
-1.4333619191556045e-03
-1.4303128324440089e-03
-1.4221774045669947e-03
-1.4141869414660713e-03
-1.4125608587834822e-03
-1.4026229948590418e-03
-1.3962690531909624e-03
-1.3950669405231092e-03
-1.3843124388642930e-03
-1.3795538538132026e-03
-1.3761743210403013e-03
-1.3671979126778191e-03
-1.3639946974733606e-03
-1.3584839605794005e-03
-1.3512359742707692e-03
-1.3495511354138044e-03
-1.3419705376280034e-03
-1.3364105059123230e-03
-1.3358025412366177e-03
-1.3266454427595441e-03
-1.3227733364796412e-03
-1.3199582908145983e-03
-1.3127422961186400e-03
-1.3107453518646920e-03
-1.3061802302040083e-03
-1.3014933647648840e-03
-1.3023748767753576e-03
-1.2978260220822368e-03
-1.2983305783358307e-03
-1.3039715055679290e-03
-1.3086406810230151e-03
-1.3247928818054971e-03
-1.3499391549613607e-03
-1.3899111662552578e-03
-1.4588205943571835e-03
-1.5590183588619631e-03
-1.7161549835853524e-03
-1.9554043035150681e-03
-2.3058722247396696e-03
-2.8275970116152620e-03
-3.5854263357348233e-03
-4.6773298796319593e-03
-6.2400657366583415e-03
-8.4408248210217900e-03
-1.1521753678264803e-02
-1.5786351886264437e-02
-2.1623752022788982e-02
-2.9541083011279591e-02
-4.0158520783034210e-02
-5.4251549750701934e-02
-7.2759797377179455e-02
-9.6794036936588848e-02
-1.2766896679179690e-01
-1.6687966560477244e-01
-2.1610203773510697e-01
-2.7715525823496251e-01
-3.5193949539474290e-01
-4.4241081270725507e-01
-5.5043276958506115e-01
-6.7766575229614789e-01
-8.2541261691460099e-01
-9.9447251743313325e-01
-1.1846731571042664e+00
-1.3953794155220740e+00
-1.6248845059807184e+00
-1.8697699577627156e+00
-2.1266219297164368e+00
-2.3898196142928727e+00
-2.6537231164879662e+00
-2.9119137294178645e+00
-3.1574394203045451e+00
-3.3835740289102350e+00
-3.5840662924896809e+00
-3.7535305163157604e+00
-3.8877936417059984e+00
-3.9836052396415100e+00
-4.0389153802515230e+00
-4.0539343721322414e+00
-4.0289404219706881e+00
-3.9664197330356448e+00
0.0000000000000000e+00
1.3464638167935297e-01
0.0000000000000000e+00
0.0000000000000000e+00
];
