%Vec Object:sol 1 MPI processes
%  type: mpi
sol = [
0.0000000000000000e+00
-4.8497848090303592e+01
-3.3989983671595304e+01
-2.5038792946487430e+01
-1.8852639588422797e+01
-1.4254838426150036e+01
-1.0700993414623975e+01
-7.9179739735522627e+00
-5.7446615459409260e+00
-4.0691336439689243e+00
-2.8062484693167411e+00
-1.8799093315466009e+00
-1.2215481210199772e+00
-7.6896926972197666e-01
-4.6885896411835609e-01
-2.7692617258644242e-01
-1.5861207136739053e-01
-8.8295923127877637e-02
-4.7927137540335618e-02
-2.5606408541815503e-02
-1.3711742131074772e-02
-7.5059383137675451e-03
-4.4062636413811397e-03
-2.9305570319430817e-03
-2.2088896747835414e-03
-1.8585290669829678e-03
-1.7190220868361331e-03
-1.6552001683620985e-03
-1.5902553699463154e-03
-1.5719826478068110e-03
-1.5811751323215775e-03
-1.5354872802158799e-03
-1.5205938324223602e-03
-1.5348496485587978e-03
-1.5003219877486298e-03
-1.4812503376443777e-03
-1.4891044469607948e-03
-1.4700032814200857e-03
-1.4472336254653312e-03
-1.4496422397331729e-03
-1.4427647335683944e-03
-1.4171140947128169e-03
-1.4150833316499522e-03
-1.4179260617995205e-03
-1.3901851511475900e-03
-1.3846602728852578e-03
-1.3951884508996504e-03
-1.3660737788110269e-03
-1.3578802104845084e-03
-1.3699708708250070e-03
-1.3444922473427466e-03
-1.3342758895202168e-03
-1.3431719510233510e-03
-1.3250300685068446e-03
-1.3132751408112256e-03
-1.3195397262849475e-03
-1.3072020675401036e-03
-1.2943054421550534e-03
-1.2984248267338542e-03
-1.2906183055251671e-03
-1.2769415573093878e-03
-1.2793621564648285e-03
-1.2750501507511741e-03
-1.2609272556112262e-03
-1.2620547762907668e-03
-1.2603828515518054e-03
-1.2461081278195270e-03
-1.2462975655254767e-03
-1.2465402044499704e-03
-1.2323644050654128e-03
-1.2319201267171061e-03
-1.2334648576358899e-03
-1.2195974071122532e-03
-1.2187775819510378e-03
-1.2211060296834146e-03
-1.2077207245252415e-03
-1.2067438903220740e-03
-1.2094174895194430e-03
-1.1966574584577248e-03
-1.1957079582123247e-03
-1.1983559664383706e-03
-1.1863384767291166e-03
-1.1855715970678510e-03
-1.1878812779744746e-03
-1.1767015655489398e-03
-1.1762476524679866e-03
-1.1779557862537100e-03
-1.1676903065631933e-03
-1.1676582654757774e-03
-1.1685440369381302e-03
-1.1592535406775091e-03
-1.1597341299746094e-03
-1.1596133480825277e-03
-1.1513454821254912e-03
-1.1524141671490076e-03
-1.1511339232388694e-03
-1.1439244424015906e-03
-1.1456431394035078e-03
-1.1430796253735155e-03
-1.1369572577570614e-03
-1.1393801630724713e-03
-1.1354425745102965e-03
-1.1304343415060726e-03
-1.1336142983013925e-03
-1.1282362450836885e-03
-1.1243741838208425e-03
-1.1283677908662867e-03
-1.1215111671719496e-03
-1.1188296773381927e-03
-1.1236893268458349e-03
-1.1153264849266058e-03
-1.1138434118467459e-03
-1.1170653572116183e-03
-1.1096928350922846e-03
-1.1093967411280933e-03
-1.1104769813013071e-03
-1.1045506576539488e-03
-1.1054143696963075e-03
-1.1043496773019139e-03
-1.0998317663572564e-03
-1.1018398254215266e-03
-1.0986614539011839e-03
-1.0955367005221752e-03
-1.0986946163302701e-03
-1.0934512725747228e-03
-1.0917155622466295e-03
-1.0950592853889757e-03
-1.0887683461600624e-03
-1.0884041493772593e-03
-1.0893465653929756e-03
-1.0846144316188015e-03
-1.0855867234251728e-03
-1.0841773484009324e-03
-1.0809580322576585e-03
-1.0832358580208160e-03
-1.0795446814899131e-03
-1.0778065218334098e-03
-1.0809528377662624e-03
-1.0754672027233996e-03
-1.0751816917443709e-03
-1.0758443254531187e-03
-1.0719571314488042e-03
-1.0730860861639232e-03
-1.0713391513376732e-03
-1.0690020735331345e-03
-1.0715069707063368e-03
-1.0674298391351639e-03
-1.0666002292172344e-03
-1.0680666870334177e-03
-1.0641148269397388e-03
-1.0647520592714451e-03
-1.0637623708472173e-03
-1.0613901519875213e-03
-1.0634533696368628e-03
-1.0600982847040928e-03
-1.0592595617406593e-03
-1.0606289267987767e-03
-1.0570690480235009e-03
-1.0577200048787745e-03
-1.0566477869307163e-03
-1.0546709254015323e-03
-1.0567687283296275e-03
-1.0533474615149580e-03
-1.0529060326531191e-03
-1.0535468397836405e-03
-1.0507236702898516e-03
-1.0517827433856146e-03
-1.0500708352271944e-03
-1.0489205933194069e-03
-1.0511127509841083e-03
-1.0485814417840538e-03
-1.0512897942799939e-03
-1.0572610270527135e-03
-1.0721734692226966e-03
-1.1158280230402760e-03
-1.2147497790987827e-03
-1.4538556976277067e-03
-1.9996860958102275e-03
-3.2002214360439540e-03
-5.7650081317715757e-03
-1.1040371661750778e-02
-2.1520545782591854e-02
-4.1580000450252605e-02
-7.8523848957675293e-02
-1.4391871331044323e-01
-2.5494931063076653e-01
-4.3538436501102257e-01
-7.1517682698072371e-01
-1.1278345621666543e+00
-1.7042130120007795e+00
-2.4619671630652991e+00
-3.3936665169008102e+00
-4.4549794284274311e+00
-5.5631261847532558e+00
-6.6060216254422537e+00
-7.4641613629830603e+00
-8.0373347362363816e+00
-8.2666021148016515e+00
-8.1422092948865235e+00
0.0000000000000000e+00
1.3464638167935297e-01
0.0000000000000000e+00
0.0000000000000000e+00
];
