%Vec Object:sol 1 MPI processes
%  type: mpi
sol = [
0.0000000000000000e+00
-6.0733060438090085e+00
-5.7681189818727567e+00
-5.4826813928408615e+00
-5.2184427305877650e+00
-4.9664688779905468e+00
-4.7292337012350725e+00
-4.5072274896229363e+00
-4.2931179597654534e+00
-4.0917302984124158e+00
-3.8996117233668475e+00
-3.7158217648716558e+00
-3.5418758310602909e+00
-3.3730611998620259e+00
-3.2133457747097625e+00
-3.0589224520725220e+00
-2.9117874642265686e+00
-2.7696210483702277e+00
-2.6340546936745470e+00
-2.5028790707703670e+00
-2.3776826213229181e+00
-2.2564443451822265e+00
-2.1406698190939100e+00
-2.0288276724739851e+00
-1.9215748771957422e+00
-1.8188525056392648e+00
-1.7196015712170791e+00
-1.6247150491453934e+00
-1.5337957346740452e+00
-1.4462499330014289e+00
-1.3625885626278820e+00
-1.2827132275050350e+00
-1.2059256830393432e+00
-1.1326136668365048e+00
-1.0627545831880163e+00
-9.9618763383354691e-01
-9.3253308244267086e-01
-8.7196709534012029e-01
-8.1444167446110971e-01
-7.5984754348984862e-01
-7.0809224184907593e-01
-6.5901181423364608e-01
-6.1250697727134773e-01
-5.6859295316412439e-01
-5.2717264913706163e-01
-4.8816041846813141e-01
-4.5146605217648245e-01
-4.1698467136220668e-01
-3.8464429044036547e-01
-3.5435825058371306e-01
-3.2597443154717526e-01
-2.9946606485837673e-01
-2.7476365613975728e-01
-2.5175666936509283e-01
-2.3037822786768108e-01
-2.1055233674275428e-01
-1.9217456876616820e-01
-1.7517663218318005e-01
-1.5949253851099468e-01
-1.4502612245387730e-01
-1.3170817122353301e-01
-1.1948353312642021e-01
-1.0826580443313684e-01
-9.7986241619556450e-02
-8.8600844589260833e-02
-8.0033744802514378e-02
-7.2218329250391400e-02
-6.5121497453471955e-02
-5.8677965811212318e-02
-5.2824895163341316e-02
-4.7539308592224161e-02
-4.2766024893432487e-02
-3.8447258736967020e-02
-3.4569045622131922e-02
-3.1085417324925830e-02
-2.7944512693149293e-02
-2.5140047276986335e-02
-2.2634102436554872e-02
-2.0381236535010616e-02
-1.8381404495383388e-02
-1.6603427749844579e-02
-1.5008482733570631e-02
-1.3601315969315072e-02
-1.2356145418498705e-02
-1.1240760006059470e-02
-1.0263326895756666e-02
-9.4021737678091580e-03
-8.6315820555209859e-03
-7.9619075238730255e-03
-7.3744246427029881e-03
-6.8497489605133990e-03
-6.3993741397974577e-03
-6.0065282319870282e-03
-5.6580238124805384e-03
-5.3656478606115658e-03
-5.1137861346624187e-03
-4.8953759560343979e-03
-4.7218735782689576e-03
-4.5782423234043690e-03
-4.4635666513997505e-03
-4.3885750508516185e-03
-4.3384568471429930e-03
-4.3185778416600209e-03
-4.3387770820888863e-03
-4.3843434174975363e-03
-4.4672124637405207e-03
-4.5964014448979492e-03
-4.7574136660331941e-03
-4.9692006894745556e-03
-5.2402679459827468e-03
-5.5566991962896425e-03
-5.9450790860340608e-03
-6.4115202094923987e-03
-6.9506426645158069e-03
-7.5901249454088816e-03
-8.3364840714074389e-03
-9.1951556793322502e-03
-1.0194480330493420e-02
-1.1342953130243560e-02
-1.2657820316444437e-02
-1.4169314452778692e-02
-1.5889224165664542e-02
-1.7847699113362512e-02
-2.0078252984042741e-02
-2.2597438860165752e-02
-2.5449388624241880e-02
-2.8671450515336230e-02
-3.2289123865563943e-02
-3.6358716121711453e-02
-4.0921411014391583e-02
-4.6019717207993513e-02
-5.1715788761594245e-02
-5.8057351611632661e-02
-6.5101678615710243e-02
-7.2919324843864333e-02
-8.1566478436939524e-02
-9.1118101190016121e-02
-1.0164794220918683e-01
-1.1322022365022071e-01
-1.2592168057693323e-01
-1.3982784875224391e-01
-1.5501512831044667e-01
-1.7157050493730389e-01
-1.8957064166595536e-01
-2.0909739481625000e-01
-2.3023278801197028e-01
-2.5304912739160929e-01
-2.7762426148894875e-01
-3.0402736514692175e-01
-3.3232072022506970e-01
-3.6256392165551349e-01
-3.9480600149900752e-01
-4.2908714736887360e-01
-4.6539208368461799e-01
-5.0374745955490807e-01
-5.4417808265128409e-01
-5.8667325799632541e-01
-6.3121060081597669e-01
-6.7774304666771923e-01
-7.2621619936379078e-01
-7.7641820853450283e-01
-8.2832312616869874e-01
-8.8186159003970577e-01
-9.3689227665285491e-01
-9.9319974261523214e-01
-1.0504657627815630e+00
-1.1086886298497942e+00
-1.1676860783651848e+00
-1.2269570377494858e+00
-1.2864289002791429e+00
-1.3459868798953663e+00
-1.4049743012331262e+00
-1.4634491127630436e+00
-1.5210754706160465e+00
-1.5773587532967481e+00
-1.6324392754176378e+00
-1.6854740551680980e+00
-1.7368439578045149e+00
-1.7856530332001590e+00
-1.8322752020226578e+00
-1.8759378516292442e+00
-1.9168734353355243e+00
-1.9546388408648061e+00
-1.9891362345291752e+00
-2.0204153579888335e+00
-2.0479170990303994e+00
-2.0719448365047728e+00
-2.0924270824526539e+00
-2.1089483850903452e+00
-2.1218198623328117e+00
-2.1310591335983342e+00
-2.1364827808386533e+00
-2.1381633258971724e+00
-2.1363277194150045e+00
-2.1310036640927059e+00
-2.1221399109016175e+00
-2.1099219025562546e+00
-2.0945483472351905e+00
-2.0761786327892353e+00
0.0000000000000000e+00
2.4055929233035767e-01
0.0000000000000000e+00
0.0000000000000000e+00
];
