%Vec Object:sol 1 MPI processes
%  type: mpi
sol = [
0.0000000000000000e+00
-7.3393228560142356e+00
-6.9052143874722418e+00
-6.4972322841650092e+00
-6.1205083218489378e+00
-5.7706221133209787e+00
-5.4438345785747444e+00
-5.1355464375103166e+00
-4.8442627745140632e+00
-4.5701681367478786e+00
-4.3115219646586329e+00
-4.0643084271971990e+00
-3.8303799217126615e+00
-3.6087357639331170e+00
-3.3959702890973182e+00
-3.1945561810561500e+00
-3.0020820219255215e+00
-2.8185352890735862e+00
-2.6439274349254784e+00
-2.4770172608658259e+00
-2.3181715384874697e+00
-2.1668241096956171e+00
-2.0227118554334349e+00
-1.8858606491479226e+00
-1.7554134884282908e+00
-1.6319838589404247e+00
-1.5147924022867902e+00
-1.4036913006800940e+00
-1.2988703172090723e+00
-1.1999178385765219e+00
-1.1063710383794596e+00
-1.0184806148867180e+00
-9.3597576789838455e-01
-8.5864881807752680e-01
-7.8611095295942390e-01
-7.1836132654863016e-01
-6.5523775916892268e-01
-5.9653463356589975e-01
-5.4205155454041032e-01
-4.9159409308130625e-01
-4.4495913659262798e-01
-4.0187529878353567e-01
-3.6225318139310581e-01
-3.2589470950283511e-01
-2.9259234557517727e-01
-2.6218454358430437e-01
-2.3448645401361770e-01
-2.0928607048489919e-01
-1.8644746552211197e-01
-1.6580401475528803e-01
-1.4715326974945864e-01
-1.3037802180348773e-01
-1.1533369361871475e-01
-1.0184285036229421e-01
-8.9798049050812345e-02
-7.9082557113625884e-02
-6.9546447755595139e-02
-6.1093446492484535e-02
-5.3634646732877607e-02
-4.7047607954968637e-02
-4.1248024696750984e-02
-3.6172861354277955e-02
-3.1725240959948539e-02
-2.7832727044851423e-02
-2.4454918314652966e-02
-2.1517327430808225e-02
-1.8958552935798255e-02
-1.6756912941306355e-02
-1.4856501848602677e-02
-1.3205706800924071e-02
-1.1797483921121886e-02
-1.0590619471221571e-02
-9.5418615112371277e-03
-8.6549798582314565e-03
-7.8998367328644188e-03
-7.2401858524365689e-03
-6.6872707154363286e-03
-6.2188922465234624e-03
-5.8046830522858039e-03
-5.4606037599136091e-03
-5.1698156556127164e-03
-4.9069985800836730e-03
-4.6906582804626448e-03
-4.5072877491826929e-03
-4.3360758168832780e-03
-4.1964284042219227e-03
-4.0766295721261581e-03
-3.9600909863011253e-03
-3.8659133679649271e-03
-3.7830341375164099e-03
-3.6989947410161587e-03
-3.6317324369173733e-03
-3.5700161682874812e-03
-3.5055580526616808e-03
-3.4545359714938588e-03
-3.4049665941655485e-03
-3.3528568764094029e-03
-3.3122245933170651e-03
-3.2699293868697116e-03
-3.2264423257454709e-03
-3.1933654469552936e-03
-3.1561359374772482e-03
-3.1198751294521290e-03
-3.0936320718561190e-03
-3.0612599357476562e-03
-3.0327501114931548e-03
-3.0145566165966911e-03
-2.9888914849018019e-03
-2.9708691888602778e-03
-2.9644137785581545e-03
-2.9501558559001406e-03
-2.9486495217994398e-03
-2.9590276581678439e-03
-2.9679387406397555e-03
-2.9944164864246182e-03
-3.0351645760600199e-03
-3.0847396518915550e-03
-3.1598065849742893e-03
-3.2557869925188450e-03
-3.3758455795646200e-03
-3.5352079521174199e-03
-3.7290546623576304e-03
-3.9702198683284461e-03
-4.2738743234239053e-03
-4.6364949956525410e-03
-5.0821648307470381e-03
-5.6270252697831688e-03
-6.2738491887270815e-03
-7.0573612543329200e-03
-7.9958272085135420e-03
-9.1086669557679210e-03
-1.0436760205586247e-02
-1.2006575386557975e-02
-1.3857547105547943e-02
-1.6040697121509327e-02
-1.8594972746529981e-02
-2.1583762845405269e-02
-2.5072411643099906e-02
-2.9118300809937152e-02
-3.3810246177800596e-02
-3.9230911209956740e-02
-4.5469613380261328e-02
-5.2637800755734154e-02
-6.0840875548664491e-02
-7.0202184696771794e-02
-8.0856935356304588e-02
-9.2936084623073650e-02
-1.0659603840221130e-01
-1.2199311898811084e-01
-1.3928661404059620e-01
-1.5865426283666573e-01
-1.8026849462839553e-01
-2.0430881853953142e-01
-2.3095900750919754e-01
-2.6039479550987493e-01
-2.9279509093544459e-01
-3.2832866510727593e-01
-3.6715286119659968e-01
-4.0941312603413854e-01
-4.5523589843472145e-01
-5.0472455880575318e-01
-5.5787803831222038e-01
-6.1478256425856603e-01
-6.7545617788432155e-01
-7.3986845966838710e-01
-8.0794948841635017e-01
-8.7957053489140447e-01
-9.5433312444869034e-01
-1.0322107105346303e+00
-1.1129294330309158e+00
-1.1961018355119504e+00
-1.2810915841156649e+00
-1.3677825404264807e+00
-1.4555560760274826e+00
-1.5436687144725205e+00
-1.6319935411295867e+00
-1.7193520500454653e+00
-1.8057146596395670e+00
-1.8899451174001889e+00
-1.9719531968938311e+00
-2.0505051964364975e+00
-2.1256136225441509e+00
-2.1963345592298427e+00
-2.2622439001620642e+00
-2.3230553604241080e+00
-2.3781482409259915e+00
-2.4270948566426012e+00
-2.4698175699572684e+00
-2.5060895538860963e+00
-2.5356681044104876e+00
-2.5582651539001340e+00
-2.5740287161311093e+00
-2.5829894369678428e+00
-2.5852501422993059e+00
-2.5808870622901905e+00
-2.5701087790879935e+00
-2.5531238357346226e+00
-2.5301830675656678e+00
-2.5016233022855907e+00
0.0000000000000000e+00
2.4055929233035767e-01
0.0000000000000000e+00
0.0000000000000000e+00
];
