%Vec Object:sol 1 MPI processes
%  type: mpi
sol = [
0.0000000000000000e+00
-1.3084185175405675e+01
-1.1885345093003480e+01
-1.0824379640342070e+01
-9.9052079877412016e+00
-9.1039694101553401e+00
-8.3991970439039516e+00
-7.7743580084979040e+00
-7.2165962395804470e+00
-6.7142870363748370e+00
-6.2581324156185820e+00
-5.8416653896997666e+00
-5.4598805482249020e+00
-5.1082123474764671e+00
-4.7833508256861030e+00
-4.4821411521637993e+00
-4.2013577737764924e+00
-3.9377600102430219e+00
-3.6916826976540373e+00
-3.4611343978666955e+00
-3.2435110289288542e+00
-3.0389252211460827e+00
-2.8466031825032578e+00
-2.6640277891919246e+00
-2.4924373529212351e+00
-2.3298939965567351e+00
-2.1765607833374827e+00
-2.0313267651803062e+00
-1.8944988438794559e+00
-1.7647251846380263e+00
-1.6424861011642364e+00
-1.5269150876670075e+00
-1.4178722045620957e+00
-1.3152282784740310e+00
-1.2183434217515414e+00
-1.1271921513168390e+00
-1.0415853128154018e+00
-9.6123327906258982e-01
-8.8570575976221155e-01
-8.1501209521705531e-01
-7.4892572632965038e-01
-6.8722444001614857e-01
-6.2966861136148067e-01
-5.7597983001637765e-01
-5.2608041856168697e-01
-4.7977954761059527e-01
-4.3688822642338127e-01
-3.9720589416875496e-01
-3.6057221632492387e-01
-3.2681558325614180e-01
-2.9574106008165901e-01
-2.6720245845890472e-01
-2.4103224365684189e-01
-2.1707925328115668e-01
-1.9521535010095661e-01
-1.7530605547511688e-01
-1.5718904381000603e-01
-1.4074625162568635e-01
-1.2586596527930521e-01
-1.1240678681135814e-01
-1.0026074752676584e-01
-8.9338873820814152e-02
-7.9521270055769921e-02
-7.0710569210086463e-02
-6.2839428054845547e-02
-5.5808755798089138e-02
-4.9532209515448948e-02
-4.3962080061134383e-02
-3.9018359147912254e-02
-3.4625850903935065e-02
-3.0753836509354513e-02
-2.7339028049899138e-02
-2.4317019752173180e-02
-2.1671150792932473e-02
-1.9352157812080970e-02
-1.7305708522221241e-02
-1.5526231823236791e-02
-1.3975727494665529e-02
-1.2609025333222794e-02
-1.1428839684928277e-02
-1.0405811826059702e-02
-9.5029817335716138e-03
-8.7288437306696932e-03
-8.0603338286186349e-03
-7.4678255603128725e-03
-6.9634589498776406e-03
-6.5284634484298037e-03
-6.1398151497795142e-03
-5.8115569897192907e-03
-5.5275753287000028e-03
-5.2708935643530483e-03
-5.0560894359589830e-03
-4.8684185182539218e-03
-4.6965726646549209e-03
-4.5546329841093802e-03
-4.4282494318363510e-03
-4.3115636338597564e-03
-4.2174199999923086e-03
-4.1311612463910165e-03
-4.0522964674708107e-03
-3.9919406645327303e-03
-3.9346654282569060e-03
-3.8853749798829708e-03
-3.8531798837195142e-03
-3.8216151015082302e-03
-3.8011303461740267e-03
-3.7987416991904469e-03
-3.7968726214912150e-03
-3.8117803169450998e-03
-3.8484822910845647e-03
-3.8884067475476914e-03
-3.9540070107058614e-03
-4.0460808808026527e-03
-4.1529304046730043e-03
-4.2961974096129467e-03
-4.4749962928411742e-03
-4.6865450208345896e-03
-4.9509167488996902e-03
-5.2668210587175097e-03
-5.6411695012506535e-03
-6.0934614949791199e-03
-6.6230806840895584e-03
-7.2476418103143243e-03
-7.9873645500201755e-03
-8.8436920688524448e-03
-9.8462067440554073e-03
-1.1016483205442169e-02
-1.2362562425886799e-02
-1.3924606050170513e-02
-1.5725863356702483e-02
-1.7790308729050824e-02
-2.0162807763023087e-02
-2.2872916647895893e-02
-2.5962012418287213e-02
-2.9481593375031534e-02
-3.3469478546500550e-02
-3.7985574816495102e-02
-4.3089235088669041e-02
-4.8829246347610669e-02
-5.5283169187900751e-02
-6.2516661311594349e-02
-7.0598563625879143e-02
-7.9614457974299835e-02
-8.9639219608080523e-02
-1.0075928949466319e-01
-1.1306644792981745e-01
-1.2664253597820022e-01
-1.4158642947209474e-01
-1.5798349677749474e-01
-1.7592230715410712e-01
-1.9550420538199015e-01
-2.1681566977766525e-01
-2.3994302904552259e-01
-2.6497036150831166e-01
-2.9196988238611160e-01
-3.2101160606461016e-01
-3.5215363477209155e-01
-3.8544244532462946e-01
-4.2091308530461991e-01
-4.5858632073474626e-01
-4.9845865092285468e-01
-5.4044582201695945e-01
-5.8457812609035376e-01
-6.3079605232038316e-01
-6.7902418965762679e-01
-7.2916775517558885e-01
-7.8104985640236957e-01
-8.3445446348500463e-01
-8.8931306692371181e-01
-9.4543383470016074e-01
-1.0025545002327492e+00
-1.0602940170177242e+00
-1.1185888318893198e+00
-1.1771593499727075e+00
-1.2354128349860720e+00
-1.2933859528125227e+00
-1.3506235727931435e+00
-1.4067004566626458e+00
-1.4615945053085488e+00
-1.5145289337120158e+00
-1.5656901305504558e+00
-1.6143521962028402e+00
-1.6606098118659021e+00
-1.7038258138960005e+00
-1.7441589593965829e+00
-1.7809187369018673e+00
-1.8143383216176350e+00
-1.8439882673478594e+00
-1.8698110985463252e+00
-1.8918328138608342e+00
-1.9096299014391744e+00
-1.9234641452247230e+00
-1.9333197770107970e+00
-1.9389002758375737e+00
-1.9405312020168646e+00
-1.9382873821800657e+00
-1.9320122324970304e+00
-1.9219793983775695e+00
-1.9083977533366994e+00
0.0000000000000000e+00
1.3464638167935297e-01
0.0000000000000000e+00
0.0000000000000000e+00
];
