%Vec Object:sol 1 MPI processes
%  type: mpi
sol = [
0.0000000000000000e+00
-1.2837797181101624e+01
-1.1553501582480120e+01
-1.0406517159261728e+01
-9.3865674214888326e+00
-8.4674944547227273e+00
-7.6277553362908987e+00
-6.8620837203704950e+00
-6.1606539115500389e+00
-5.5154243358624644e+00
-4.9214158263616383e+00
-4.3755551446678398e+00
-3.8744326268480935e+00
-3.4156258752966102e+00
-2.9966149014296377e+00
-2.6155515145961714e+00
-2.2710808224653833e+00
-1.9602609174223775e+00
-1.6824769280325775e+00
-1.4350462920100118e+00
-1.2161737744664987e+00
-1.0241213710256905e+00
-8.5669733004647852e-01
-7.1159990189874367e-01
-5.8699353885109218e-01
-4.8081951238591769e-01
-3.9107377410771982e-01
-3.1581519357727583e-01
-2.5320539060184333e-01
-2.0158241155357118e-01
-1.5937792808401618e-01
-1.2511213469695887e-01
-9.7577611314370302e-02
-7.5649336604718023e-02
-5.8276926793637836e-02
-4.4668836151906262e-02
-3.4114663865182318e-02
-2.5958173732562012e-02
-1.9717074424928819e-02
-1.5004808215448105e-02
-1.1452897070989570e-02
-8.7828410199799391e-03
-6.8214244968577932e-03
-5.3828128355381541e-03
-4.3023903168785344e-03
-3.5310355750108138e-03
-2.9866456614100400e-03
-2.5578276623502848e-03
-2.2606142731509253e-03
-2.0628769954010259e-03
-1.8853429496922330e-03
-1.7626823594490998e-03
-1.6866975798455238e-03
-1.6040113254075701e-03
-1.5411557847684965e-03
-1.5052870726296392e-03
-1.4578875624870825e-03
-1.4145311958677503e-03
-1.3909791831960578e-03
-1.3581484596566537e-03
-1.3213132415383470e-03
-1.3014504655745858e-03
-1.2760561026413037e-03
-1.2419405804945177e-03
-1.2233853222552119e-03
-1.2027261548518706e-03
-1.1703481182969095e-03
-1.1525748520877371e-03
-1.1353366546821072e-03
-1.1045033454658299e-03
-1.0874834115064817e-03
-1.0728191102471270e-03
-1.0435321161585331e-03
-1.0273468454688312e-03
-1.0146041586404197e-03
-9.8690139642158121e-04
-9.7164345179244212e-04
-9.6028360184406106e-04
-9.3420022945551052e-04
-9.1995041385411580e-04
-9.0951808597372922e-04
-8.8507948764957175e-04
-8.7190392194863207e-04
-8.6201223812349629e-04
-8.3923321711616835e-04
-8.2718386609156934e-04
-8.1750360122607795e-04
-7.9638999835668562e-04
-7.8550687844622098e-04
-7.7575845359248473e-04
-7.5630865744493727e-04
-7.4662173521881903e-04
-7.3656869546601111e-04
-7.1877592931056833e-04
-7.1030765175051323e-04
-6.9975100864928753e-04
-6.8360341617175967e-04
-6.7636902250046581e-04
-6.6514322344566484e-04
-6.5062603896372479e-04
-6.4463580603720254e-04
-6.3260845653453381e-04
-6.1970440481276090e-04
-6.1496413674723015e-04
-6.0202097819620772e-04
-5.9071002293484189e-04
-5.8722091489356049e-04
-5.7326814609812951e-04
-5.6352833349637720e-04
-5.6128793647335160e-04
-5.4624859166223618e-04
-5.3805527978665712e-04
-5.3458219933114135e-04
-5.2087143942298455e-04
-5.1419798559397762e-04
-5.0899017374148167e-04
-4.9705045285574419e-04
-4.9186862984975223e-04
-4.8491832999814164e-04
-4.7470486995689114e-04
-4.7098505956346049e-04
-4.6229952164717343e-04
-4.5376821624968955e-04
-4.5148054393975227e-04
-4.4106739480093084e-04
-4.3417487624877510e-04
-4.3233907090590502e-04
-4.2116081267975760e-04
-4.1586541816977064e-04
-4.1193265017472536e-04
-4.0253036933374535e-04
-3.9879551476732238e-04
-3.9281569076808338e-04
-3.8515190560680176e-04
-3.8296138450773779e-04
-3.7502802400837039e-04
-3.6912179081722391e-04
-3.6814029205094851e-04
-3.5889500738781998e-04
-3.5500391601855441e-04
-3.5242524794921798e-04
-3.4596678581516046e-04
-3.4529814602186486e-04
-3.4315959907906473e-04
-3.4251183983279168e-04
-3.4977912990893874e-04
-3.5544110347018670e-04
-3.7162843066487235e-04
-4.0112718364493990e-04
-4.4185073908893283e-04
-5.1157364969202444e-04
-6.1571774739701309e-04
-7.7097451659303322e-04
-1.0063316530692526e-03
-1.3447962033298459e-03
-1.8394266469756618e-03
-2.5521318962085319e-03
-3.5605038033800674e-03
-4.9871371161012042e-03
-6.9775152022696473e-03
-9.7313518770657595e-03
-1.3512132722007981e-02
-1.8643282125178792e-02
-2.5555040002439602e-02
-3.4775057920846245e-02
-4.6953782172137491e-02
-6.2894848218423879e-02
-8.3554430640668143e-02
-1.1007138342164421e-01
-1.4376911973975157e-01
-1.8615044803076350e-01
-2.3890496630763758e-01
-3.0386686017786196e-01
-3.8297961540366354e-01
-4.7823070504195619e-01
-5.9156381274075420e-01
-7.2475932992854342e-01
-8.7930897099056204e-01
-1.0560644903839480e+00
-1.2554228760788289e+00
-1.4771367369180630e+00
-1.7195985837425074e+00
-1.9803517658074676e+00
-2.2560255146288042e+00
-2.5418869853567641e+00
-2.8322232867465638e+00
-3.1210568924676658e+00
-3.4014885615489958e+00
-3.6665826025438895e+00
-3.9096390706656403e+00
-4.1247599079935586e+00
-4.3069849224145704e+00
-4.4516704836167422e+00
-4.5565211281906022e+00
-4.6198759744568960e+00
-4.6415163341163135e+00
-4.6222756028650753e+00
-4.5645464060288061e+00
-4.4705221069248537e+00
0.0000000000000000e+00
2.4055929233035767e-01
0.0000000000000000e+00
0.0000000000000000e+00
];
