%Vec Object:sol 1 MPI processes
%  type: mpi
sol = [
0.0000000000000000e+00
-6.4445868828020885e+00
-6.1037742350455177e+00
-5.7842907955247664e+00
-5.4886322553196658e+00
-5.2116578568858953e+00
-4.9472989372427927e+00
-4.7000793112163350e+00
-4.4669219263662834e+00
-4.2432620775383496e+00
-4.0324268666734193e+00
-3.8312280386612931e+00
-3.6389761190016623e+00
-3.4565517014674216e+00
-3.2803228027289197e+00
-3.1133202342068906e+00
-2.9521174226203093e+00
-2.7985461421076496e+00
-2.6507722456444038e+00
-2.5096684161352574e+00
-2.3735942215640637e+00
-2.2440751640419960e+00
-2.1189232706751886e+00
-1.9995771782072800e+00
-1.8849547975537770e+00
-1.7752117698008978e+00
-1.6705097183660007e+00
-1.5698177074752662e+00
-1.4738509782301754e+00
-1.3823970648382176e+00
-1.2948070350343392e+00
-1.2114119416969504e+00
-1.1321224749583871e+00
-1.0567944972419772e+00
-9.8497737642509609e-01
-9.1691371355642282e-01
-8.5247718188251342e-01
-7.9155341724121520e-01
-7.3401597765381910e-01
-6.7956671064702234e-01
-6.2829211241261895e-01
-5.8008244474515414e-01
-5.3482085038829263e-01
-4.9238894000120509e-01
-4.5266353909859192e-01
-4.1554284536871078e-01
-3.8091436912895726e-01
-3.4858726691243241e-01
-3.1854033369517926e-01
-2.9066680623139929e-01
-2.6482663989633010e-01
-2.4093876571303036e-01
-2.1890005992527728e-01
-1.9857794415351562e-01
-1.7989172168947534e-01
-1.6275061254962153e-01
-1.4703277713850713e-01
-1.3265807617967554e-01
-1.1954983557315549e-01
-1.0759929635223091e-01
-9.6728308008811284e-02
-8.6875054309958608e-02
-7.7945065149310544e-02
-6.9863860591710347e-02
-6.2584347222181327e-02
-5.6026515394793190e-02
-5.0121061587364769e-02
-4.4834712448460393e-02
-4.0101206685510836e-02
-3.5857582853678904e-02
-3.2082876102395255e-02
-2.8723263523477770e-02
-2.5722772786612332e-02
-2.3070898291816428e-02
-2.0724567536239139e-02
-1.8635002128913048e-02
-1.6800156496679038e-02
-1.5185844388892254e-02
-1.3750367929959569e-02
-1.2498152426673839e-02
-1.1402024804178630e-02
-1.0427067165851314e-02
-9.5823168540986603e-03
-8.8458555266492916e-03
-8.1891699394549874e-03
-7.6242611049026866e-03
-7.1329019552147160e-03
-6.6926179839047655e-03
-6.3169779824826158e-03
-5.9901200259134613e-03
-5.6953060222990062e-03
-5.4465426922125021e-03
-5.2292585500524034e-03
-5.0322434283313266e-03
-4.8690716238122813e-03
-4.7256338656790804e-03
-4.5961464035046409e-03
-4.4931257608194176e-03
-4.4023325658763485e-03
-4.3234185604320227e-03
-4.2674452128252790e-03
-4.2196771608176619e-03
-4.1853188991305742e-03
-4.1738004628677459e-03
-4.1697335871846430e-03
-4.1841327808281202e-03
-4.2248286657309330e-03
-4.2758432633446739e-03
-4.3544031842813495e-03
-4.4669961457639929e-03
-4.5973530491174525e-03
-4.7694857702240603e-03
-4.9865928021522125e-03
-5.2400288211085560e-03
-5.5540096036052556e-03
-5.9312026456496405e-03
-6.3728721342745567e-03
-6.9030157246021615e-03
-7.5253647293029961e-03
-8.2521919970510883e-03
-9.1086173347600195e-03
-1.0100886634989200e-02
-1.1253634159065665e-02
-1.2594761764439646e-02
-1.4134806444394774e-02
-1.5912340958480702e-02
-1.7959067877608915e-02
-2.0294605641545903e-02
-2.2970395768954828e-02
-2.6022617829689378e-02
-2.9489173796440289e-02
-3.3428890429023042e-02
-3.7887080209829678e-02
-4.2919246635884901e-02
-4.8594736035244800e-02
-5.4969754484833246e-02
-6.2121815809924423e-02
-7.0128673449783741e-02
-7.9059239275245788e-02
-8.9009102802710419e-02
-1.0006354283219043e-01
-1.1231101208366580e-01
-1.2585463091384286e-01
-1.4078817123641452e-01
-1.5721462309946257e-01
-1.7524049738131439e-01
-1.9496336594418318e-01
-2.1649219015755669e-01
-2.3992865743466016e-01
-2.6536920597752162e-01
-2.9291295212225227e-01
-3.2264801386037234e-01
-3.5465672775814905e-01
-3.8901333914884301e-01
-4.2578027416867070e-01
-4.6498779323885658e-01
-5.0662507775127219e-01
-5.5075894448672935e-01
-5.9738426954513257e-01
-6.4648231090622277e-01
-6.9800901123644710e-01
-7.5189483904925469e-01
-8.0793617455602529e-01
-8.6604444955974402e-01
-9.2613819301474187e-01
-9.8805992774246909e-01
-1.0515065942757797e+00
-1.1161532040826572e+00
-1.1819469255493433e+00
-1.2486264855242224e+00
-1.3155197355943995e+00
-1.3827026457387426e+00
-1.4497533868969950e+00
-1.5160778308959915e+00
-1.5817339959528720e+00
-1.6458967889967877e+00
-1.7086568811476539e+00
-1.7692806199616118e+00
-1.8277958512348884e+00
-1.8834667233253322e+00
-1.9364981282245661e+00
-1.9859565766925926e+00
-2.0321510353840204e+00
-2.0745865523399569e+00
-2.1129840054333617e+00
-2.1474454360152566e+00
-2.1775558844543474e+00
-2.2032161994585833e+00
-2.2245629886503333e+00
-2.2414842293360877e+00
-2.2536686185787462e+00
-2.2614255503423561e+00
-2.2647805744504130e+00
-2.2638210029867509e+00
-2.2584607717000140e+00
-2.2488832084585817e+00
-2.2353168755768476e+00
-2.2179004655519527e+00
-2.1968344989123492e+00
0.0000000000000000e+00
2.4055929233035767e-01
0.0000000000000000e+00
0.0000000000000000e+00
];
