%Vec Object:sol 1 MPI processes
%  type: mpi
sol = [
0.0000000000000000e+00
-1.1303879155452716e+01
-1.0297352918937436e+01
-9.3979114994509594e+00
-8.5817853581126986e+00
-7.8386712396783489e+00
-7.1587263357021245e+00
-6.5328766999703909e+00
-5.9547351175066225e+00
-5.4184053060906709e+00
-4.9201328686488219e+00
-4.4576039518278305e+00
-4.0279604136711562e+00
-3.6288387041186501e+00
-3.2582894320003555e+00
-2.9161096290127677e+00
-2.6002472296742392e+00
-2.3093367386500923e+00
-2.0430346281631619e+00
-1.7995015288148979e+00
-1.5779920448945253e+00
-1.3777339042327659e+00
-1.1968673346395597e+00
-1.0347913635867101e+00
-8.9030270327558880e-01
-7.6214821734078064e-01
-6.4896659169992010e-01
-5.4967715700502207e-01
-4.6311784214327095e-01
-3.8811826392813631e-01
-3.2353175151164920e-01
-2.6821877695655255e-01
-2.2118291924801031e-01
-1.8144711310563452e-01
-1.4804446980603533e-01
-1.2018195174817363e-01
-9.7104610405775130e-02
-7.8077354625180811e-02
-6.2502898863008527e-02
-4.9860702851304041e-02
-3.9641909183544217e-02
-3.1423061193807798e-02
-2.4886369873956819e-02
-1.9710767097403541e-02
-1.5606400223465872e-02
-1.2408697381167795e-02
-9.9340872932337804e-03
-7.9829224925623832e-03
-6.4941422357105176e-03
-5.3708807825552460e-03
-4.4799790005126770e-03
-3.8110864309111783e-03
-3.3195135942646679e-03
-2.9225755905231362e-03
-2.6232394245366622e-03
-2.4101124187898074e-03
-2.2302567428808184e-03
-2.0880167733721517e-03
-1.9905452181262799e-03
-1.9022688948659942e-03
-1.8235465537985076e-03
-1.7716698194676871e-03
-1.7214427343527218e-03
-1.6676875234635199e-03
-1.6332148759490525e-03
-1.5993263188454809e-03
-1.5556619017768150e-03
-1.5279887782695422e-03
-1.5018678414351894e-03
-1.4629116089957394e-03
-1.4383213215853755e-03
-1.4165164140308062e-03
-1.3804390256586278e-03
-1.3577309436860543e-03
-1.3386951305607742e-03
-1.3049097910646380e-03
-1.2837395016801168e-03
-1.2666269616728367e-03
-1.2349503781564752e-03
-1.2152408954877038e-03
-1.1994802296127548e-03
-1.1698495640646454e-03
-1.1515978402544657e-03
-1.1367463216080613e-03
-1.1091293450078074e-03
-1.0923465267370887e-03
-1.0780387632248903e-03
-1.0524082836776379e-03
-1.0371037445566205e-03
-1.0230315435173249e-03
-9.9935878382928413e-04
-9.8553653422194421e-04
-9.7143864007734847e-04
-9.4969291016776378e-04
-9.3735225820120837e-04
-9.2300733086052333e-04
-9.0315507867510646e-04
-8.9229013742467245e-04
-8.7751209230479011e-04
-8.5951855941689657e-04
-8.5012008688849130e-04
-8.3475752541396363e-04
-8.1858693328676097e-04
-8.1064268776043940e-04
-7.9456379079872975e-04
-7.8017908865604169e-04
-7.7367374202308675e-04
-7.5676869397959862e-04
-7.4413250810256544e-04
-7.3904872303055260e-04
-7.2122620222467922e-04
-7.1030015538192963e-04
-7.0414436567128424e-04
-6.8780583684742891e-04
-6.7855122101936189e-04
-6.7080996961043770e-04
-6.5638673885107625e-04
-6.4876495747485550e-04
-6.3942068240073881e-04
-6.2685908154018867e-04
-6.2083265591562648e-04
-6.0988612923316803e-04
-5.9913780579551443e-04
-5.9467582151809435e-04
-5.8213846717083983e-04
-5.7317152012356567e-04
-5.6931712959516041e-04
-5.5619194833388293e-04
-5.4903285283875781e-04
-5.4334745958038722e-04
-5.3234620942445873e-04
-5.2722310521359961e-04
-5.2015970526163183e-04
-5.1185250845680143e-04
-5.0965628742910172e-04
-5.0265112039339123e-04
-4.9902861028400377e-04
-5.0229608010952432e-04
-5.0014205121527103e-04
-5.0741582806543306e-04
-5.2181502407378931e-04
-5.4057286173017454e-04
-5.7670538761775826e-04
-6.2755186258580374e-04
-7.0231648776824000e-04
-8.1583259247900504e-04
-9.6982476350944283e-04
-1.1912653417364483e-03
-1.5023943472728749e-03
-1.9263660373409692e-03
-2.5132841343140687e-03
-3.3096658835044443e-03
-4.3837179276845313e-03
-5.8282450487706829e-03
-7.7445246637815532e-03
-1.0279859629547876e-02
-1.3608388532371472e-02
-1.7939261423330702e-02
-2.3545859258838613e-02
-3.0744182321809990e-02
-3.9921334167906206e-02
-5.1539630394805747e-02
-6.6130878798078829e-02
-8.4330063791710180e-02
-1.0685521523729657e-01
-1.3451702681879840e-01
-1.6822749524557656e-01
-2.0897656790770311e-01
-2.5783369349789981e-01
-3.1592227919641025e-01
-3.8439013788968029e-01
-4.6437725346619962e-01
-5.5696711116825026e-01
-6.6313022717661985e-01
-7.8365969101617572e-01
-9.1895333196194440e-01
-1.0692515211418445e+00
-1.2344564940928811e+00
-1.4139485888213223e+00
-1.6060535317814475e+00
-1.8096449786774185e+00
-2.0219192149546661e+00
-2.2405048943348937e+00
-2.4615576593439585e+00
-2.6819619425837780e+00
-2.8977363541155912e+00
-3.1044546830418049e+00
-3.2985933146025923e+00
-3.4765091854111985e+00
-3.6348146499864722e+00
-3.7707577295177002e+00
-3.8816470544450579e+00
-3.9661750192189094e+00
-4.0235758856024901e+00
-4.0532942171154147e+00
-4.0554088646004640e+00
-4.0313427263208546e+00
-3.9817309644343601e+00
-3.9089269871838965e+00
0.0000000000000000e+00
2.4055929233035767e-01
0.0000000000000000e+00
0.0000000000000000e+00
];
