%Vec Object:sol 1 MPI processes
%  type: mpi
sol = [
0.0000000000000000e+00
-1.1724813708073899e+01
-1.0749502273984419e+01
-9.8822430861857935e+00
-9.1174015944458819e+00
-8.4415152819333237e+00
-7.8407867551426902e+00
-7.3038793967747386e+00
-6.8215457443107699e+00
-6.3848771358724337e+00
-5.9873437427241267e+00
-5.6207841423648812e+00
-5.2841493331551401e+00
-4.9736243018885125e+00
-4.6863406259556015e+00
-4.4184693484264104e+00
-4.1670622464572737e+00
-3.9323657718365999e+00
-3.7129276228204069e+00
-3.5046221665981840e+00
-3.3089615327129858e+00
-3.1246103810696106e+00
-2.9493034014564259e+00
-2.7840062458200574e+00
-2.6265704322276626e+00
-2.4777397195093629e+00
-2.3359277273307608e+00
-2.2015137093607504e+00
-2.0734583437364096e+00
-1.9520701895516981e+00
-1.8360889029743053e+00
-1.7262978370881241e+00
-1.6215966881665853e+00
-1.5220739703818249e+00
-1.4277820278166558e+00
-1.3378477367784671e+00
-1.2525612275185063e+00
-1.1717878562773401e+00
-1.0950576412339035e+00
-1.0222904078558375e+00
-9.5347861228363828e-01
-8.8844764242916474e-01
-8.2690321623574359e-01
-7.6872695470904295e-01
-7.1389938702746980e-01
-6.6226465376851862e-01
-6.1368676755379081e-01
-5.6803150710144601e-01
-5.2508750011885630e-01
-4.8481607948140848e-01
-4.4710428262483304e-01
-4.1184303203434269e-01
-3.7891820856045816e-01
-3.4819959829389996e-01
-3.1958938346557048e-01
-2.9298599881444010e-01
-2.6826684282891300e-01
-2.4533958044107343e-01
-2.2410059336259003e-01
-2.0444434584527127e-01
-1.8629445408640796e-01
-1.6957472037047369e-01
-1.5418195533509627e-01
-1.4002993426023910e-01
-1.2705611008261786e-01
-1.1516921014386476e-01
-1.0428734775721601e-01
-9.4361177314127451e-02
-8.5311418596713831e-02
-7.7061704138607218e-02
-6.9574941952907893e-02
-6.2783411230485434e-02
-5.6617343370644779e-02
-5.1050666759253342e-02
-4.6026375483468135e-02
-4.1482095980222448e-02
-3.7401326620545607e-02
-3.3736619308430346e-02
-3.0433455434640842e-02
-2.7483327220540161e-02
-2.4846992097055071e-02
-2.2477941986045073e-02
-2.0374056218618188e-02
-1.8502863917710059e-02
-1.6825791313462721e-02
-1.5345553158081960e-02
-1.4035034113199818e-02
-1.2863372420814463e-02
-1.1836691261291794e-02
-1.0931911682177319e-02
-1.0125597217670548e-02
-9.4260279402328742e-03
-8.8129969125382308e-03
-8.2702100008436707e-03
-7.8070610409886028e-03
-7.4052430395053961e-03
-7.0553767684953849e-03
-6.7671537763405974e-03
-6.5234115557430868e-03
-6.3215481716236976e-03
-6.1709710515588639e-03
-6.0551368728725729e-03
-5.9781901743003706e-03
-5.9489114083732851e-03
-5.9510730444879119e-03
-5.9956816448459216e-03
-6.0907706308463124e-03
-6.2203542751298711e-03
-6.4025557298996493e-03
-6.6447658365845234e-03
-6.9313928363205516e-03
-7.2880705845214085e-03
-7.7193761485949775e-03
-8.2179667078265840e-03
-8.8100249769147952e-03
-9.4998635992103002e-03
-1.0290387426636238e-02
-1.1207537992660716e-02
-1.2256593169121439e-02
-1.3451323667150187e-02
-1.4818262381446463e-02
-1.6364540879304695e-02
-1.8115442839869308e-02
-2.0099016099095861e-02
-2.2325219261759042e-02
-2.4831432000653551e-02
-2.7647229660632228e-02
-3.0789101754953974e-02
-3.4304144360694323e-02
-3.8222877703713326e-02
-4.2576057532599666e-02
-4.7413506315614258e-02
-5.2769829880976074e-02
-5.8689614367769503e-02
-6.5225570332103550e-02
-7.2416493855390868e-02
-8.0319565197606871e-02
-8.8989506682756056e-02
-9.8469732810462715e-02
-1.0882651459670202e-01
-1.2011320256947057e-01
-1.3238319995700537e-01
-1.4569668677311662e-01
-1.6010263892108281e-01
-1.7566449317395705e-01
-1.9244080834140287e-01
-2.1047917818326087e-01
-2.2983566226007890e-01
-2.5055760659724613e-01
-2.7268600856653258e-01
-2.9626355583271946e-01
-3.2132227152502985e-01
-3.4788928964965060e-01
-3.7598547832578161e-01
-4.0562242358724848e-01
-4.3680326653349066e-01
-4.6947367889269365e-01
-5.0363999828380990e-01
-5.3928553838065352e-01
-5.7637264357145856e-01
-6.1484881690393045e-01
-6.5464709992021897e-01
-6.9565971052768438e-01
-7.3772426418144876e-01
-7.8082608593568537e-01
-8.2485627196241540e-01
-8.6968138322117416e-01
-9.1501958341319589e-01
-9.6080716625648532e-01
-1.0069307030436805e+00
-1.0531971171025265e+00
-1.0992302565322194e+00
-1.1450797039409846e+00
-1.1905254668367542e+00
-1.2351219428408557e+00
-1.2789888510492393e+00
-1.3217517596156365e+00
-1.3632017023996932e+00
-1.4033555576654322e+00
-1.4416426786716863e+00
-1.4783316823428811e+00
-1.5128678656355075e+00
-1.5454277644385668e+00
-1.5755902685802601e+00
-1.6034927866320858e+00
-1.6287386448772625e+00
-1.6515731828746110e+00
-1.6714916413582610e+00
-1.6888647450587768e+00
-1.7032947080254626e+00
-1.7149733093024941e+00
-1.7238390508077921e+00
-1.7297595010367515e+00
-1.7330128608012751e+00
-1.7333227147884072e+00
-1.7309527942794412e+00
-1.7259682518634420e+00
-1.7182102692991039e+00
-1.7080473559598688e+00
0.0000000000000000e+00
1.3464638167935297e-01
0.0000000000000000e+00
0.0000000000000000e+00
];
