%Vec Object:sol 1 MPI processes
%  type: mpi
sol = [
0.0000000000000000e+00
-8.9750811732046394e+00
-8.3307751315663499e+00
-7.7426329726664536e+00
-7.2032589841555481e+00
-6.7056436558975676e+00
-6.2439538801555763e+00
-5.8139168800704724e+00
-5.4107893746842288e+00
-5.0329494753007928e+00
-4.6780859923581550e+00
-4.3448649761692275e+00
-4.0311947489429345e+00
-3.7338497519160749e+00
-3.4539192344584762e+00
-3.1905855037125699e+00
-2.9411214802394809e+00
-2.7066274752598289e+00
-2.4858248442295023e+00
-2.2782046336019595e+00
-2.0831642551054177e+00
-1.9007083010511867e+00
-1.7297142684908704e+00
-1.5704555359353480e+00
-1.4219770232613949e+00
-1.2840879583794689e+00
-1.1565070385808185e+00
-1.0387022586743810e+00
-9.3003159419719716e-01
-8.3033419515996099e-01
-7.3914163951557854e-01
-6.5598885436901078e-01
-5.8040810482731087e-01
-5.1186641580924352e-01
-4.4996095991002316e-01
-3.9429518568982119e-01
-3.4442713245349710e-01
-2.9989378846714970e-01
-2.6028120059057802e-01
-2.2519478527324088e-01
-1.9421834015493070e-01
-1.6696860876072589e-01
-1.4311681013285368e-01
-1.2231190644071914e-01
-1.0420946853063427e-01
-8.8556172549430878e-02
-7.5074407005618612e-02
-6.3464978932990898e-02
-5.3549890237305997e-02
-4.5119954234807316e-02
-3.7933889374609682e-02
-3.1869607985475584e-02
-2.6779170445834995e-02
-2.2484834317502311e-02
-1.8898765008774500e-02
-1.5927484850038882e-02
-1.3444991230786237e-02
-1.1389158635356025e-02
-9.7083076119290485e-03
-8.3158595515088994e-03
-7.1673470917719322e-03
-6.2411543692180447e-03
-5.4791000586001167e-03
-4.8477784244411078e-03
-4.3459320969064874e-03
-3.9348638815337135e-03
-3.5874712754974834e-03
-3.3154681697710638e-03
-3.0929584761316821e-03
-2.8961497124588538e-03
-2.7444449103375870e-03
-2.6200288758400966e-03
-2.5008211266689595e-03
-2.4103277156030186e-03
-2.3356170920928042e-03
-2.2557122275730450e-03
-2.1958686632599315e-03
-2.1459254263889453e-03
-2.0860220111458424e-03
-2.0416466623373090e-03
-2.0040204157415111e-03
-1.9547534188827324e-03
-1.9185875520980429e-03
-1.8871993705781302e-03
-1.8441741662239225e-03
-1.8128632868289554e-03
-1.7847596352608347e-03
-1.7459634722020619e-03
-1.7179963939455757e-03
-1.6917064696910912e-03
-1.6562215569447382e-03
-1.6309216951532137e-03
-1.6056622428879761e-03
-1.5730556236286466e-03
-1.5501102133569421e-03
-1.5254158940699607e-03
-1.4954610025752478e-03
-1.4747092853259077e-03
-1.4502679635810809e-03
-1.4228257192618612e-03
-1.4041705912856601e-03
-1.3797559356374461e-03
-1.3547260055937870e-03
-1.3380993198445032e-03
-1.3135314966408261e-03
-1.2908367494100811e-03
-1.2761914697378160e-03
-1.2513387563294410e-03
-1.2309322558596316e-03
-1.2182571353863394e-03
-1.1930549460086412e-03
-1.1749528766086498e-03
-1.1618488128314940e-03
-1.1388376222622313e-03
-1.1232107549279259e-03
-1.1094649707756869e-03
-1.0894979583724819e-03
-1.0768932174823832e-03
-1.0632908960147868e-03
-1.0474060864812099e-03
-1.0392591522033875e-03
-1.0277763705445803e-03
-1.0185590072987985e-03
-1.0183307782776576e-03
-1.0135854035233855e-03
-1.0170500332573962e-03
-1.0316824349384838e-03
-1.0449440833441472e-03
-1.0744001674518528e-03
-1.1185605022933612e-03
-1.1744536070670503e-03
-1.2580731701472359e-03
-1.3676747018796507e-03
-1.5115378887405218e-03
-1.7064452382133668e-03
-1.9532045899385312e-03
-2.2743863500223963e-03
-2.6911204158094515e-03
-3.2126346778480991e-03
-3.8796802939913195e-03
-4.7212163435548429e-03
-5.7718317907909690e-03
-7.0886893827541465e-03
-8.7213586863297363e-03
-1.0739891912349761e-02
-1.3229579479332908e-02
-1.6273581793950862e-02
-1.9990863951737037e-02
-2.4507681985016398e-02
-2.9963448268806571e-02
-3.6535092001322968e-02
-4.4407820453358726e-02
-5.3794824472902104e-02
-6.4943576146091336e-02
-7.8114101287064822e-02
-9.3608253320836443e-02
-1.1174848922423318e-01
-1.3287888509426124e-01
-1.5737937254678139e-01
-1.8564169866367095e-01
-2.1807870939243076e-01
-2.5511685796596606e-01
-2.9718145046987843e-01
-3.4469902988424916e-01
-3.9807837561726900e-01
-4.5770164457488849e-01
-5.2390978355044959e-01
-5.9699178699191835e-01
-6.7711090186827039e-01
-7.6431961321866326e-01
-8.5872233673775744e-01
-9.6021070016655341e-01
-1.0685648588275671e+00
-1.1831503572523663e+00
-1.3035360205984490e+00
-1.4291701613792016e+00
-1.5588072492180660e+00
-1.6916592560873924e+00
-1.8265458581587164e+00
-1.9619698443231077e+00
-2.0967824094395051e+00
-2.2294430141168240e+00
-2.3583100378885780e+00
-2.4823053658628749e+00
-2.5996904716227975e+00
-2.7090365803868801e+00
-2.8093667292589197e+00
-2.8995121755343507e+00
-2.9785318083151484e+00
-3.0455772545734145e+00
-3.1000965286561279e+00
-3.1416837933606576e+00
-3.1701323275236568e+00
-3.1854882627998244e+00
-3.1878615646204667e+00
-3.1776196283839262e+00
-3.1552110044681965e+00
-3.1212016883314568e+00
-3.0763219819609180e+00
0.0000000000000000e+00
2.4055929233035767e-01
0.0000000000000000e+00
0.0000000000000000e+00
];
