%Vec Object:sol 1 MPI processes
%  type: mpi
sol = [
0.0000000000000000e+00
-6.6341879580137322e+00
-6.2744446579826363e+00
-5.9368936131218808e+00
-5.6245884817828626e+00
-5.3338070087182521e+00
-5.0558253297914098e+00
-4.7953547605232441e+00
-4.5510977690878276e+00
-4.3169435892786181e+00
-4.0952711534800725e+00
-3.8860522572327763e+00
-3.6841301199169409e+00
-3.4929392439644915e+00
-3.3098886492288435e+00
-3.1349112969817745e+00
-2.9678485193765161e+00
-2.8071831554474156e+00
-2.6542229322029476e+00
-2.5068976573087283e+00
-2.3662938093154402e+00
-2.2313986322308597e+00
-2.1023557450750290e+00
-1.9789599974995407e+00
-1.8605905826800340e+00
-1.7478877886005300e+00
-1.6398329651429271e+00
-1.5367212911968571e+00
-1.4386660252342993e+00
-1.3449679563559942e+00
-1.2557310159595618e+00
-1.1710788640582834e+00
-1.0907767699291475e+00
-1.0143110435418559e+00
-9.4198015183393680e-01
-8.7362662856650841e-01
-8.0910366685620894e-01
-7.4827228326051842e-01
-6.9083627101634204e-01
-6.3687216424139936e-01
-5.8624434097934930e-01
-5.3881900481438350e-01
-4.9446941323054799e-01
-4.5306270812425359e-01
-4.1446000439542291e-01
-3.7853201420308852e-01
-3.4512933851836947e-01
-3.1415549614962557e-01
-2.8551143528193523e-01
-2.5907454885930381e-01
-2.3469077539194114e-01
-2.1227099439823685e-01
-1.9170219129815103e-01
-1.7284050232711129e-01
-1.5559823849390306e-01
-1.3987743604931302e-01
-1.2554807624234934e-01
-1.1252472813555539e-01
-1.0072617805010008e-01
-9.0038410790367743e-02
-8.0379897528259858e-02
-7.1686645576909860e-02
-6.3861472763560204e-02
-5.6828362963433535e-02
-5.0539981861503068e-02
-4.4915646896837247e-02
-3.9886080304511969e-02
-3.5419202534781744e-02
-3.1449569437253216e-02
-2.7915405726821347e-02
-2.4797877405065373e-02
-2.2044939428888563e-02
-1.9602543458921574e-02
-1.7462806647527557e-02
-1.5584936414612590e-02
-1.3922435595379817e-02
-1.2476014412725032e-02
-1.1213908511257583e-02
-1.0096755865591965e-02
-9.1316112240612240e-03
-8.2936110758488699e-03
-7.5500156943391697e-03
-6.9122014477309797e-03
-6.3602899840515380e-03
-5.8676610780409033e-03
-5.4482803295959233e-03
-5.0856124478853197e-03
-4.7587320280056879e-03
-4.4827730183642335e-03
-4.2431944425241931e-03
-4.0244526455029267e-03
-3.8417322246234332e-03
-3.6814228722476762e-03
-3.5331708291308581e-03
-3.4113705082916197e-03
-3.3025392743592464e-03
-3.2014378813709286e-03
-3.1210761471552571e-03
-3.0475308235651502e-03
-2.9807080804375675e-03
-2.9318564055754691e-03
-2.8862578872355439e-03
-2.8490893419224482e-03
-2.8296641709803605e-03
-2.8123057865835203e-03
-2.8077076640119778e-03
-2.8232613341956400e-03
-2.8423657642332833e-03
-2.8816022354288787e-03
-2.9466570386939444e-03
-3.0202538804464901e-03
-3.1253887236052367e-03
-3.2640314255057358e-03
-3.4261092894573948e-03
-3.6343731513775635e-03
-3.8897773312259916e-03
-4.1916914820788109e-03
-4.5621440000508350e-03
-5.0026196736480530e-03
-5.5230069523074243e-03
-6.1459327364235808e-03
-6.8748528530834779e-03
-7.7315643509809056e-03
-8.7409988843448767e-03
-9.9104234270498814e-03
-1.1275264084975603e-02
-1.2863916181187134e-02
-1.4692461354753654e-02
-1.6809153006823330e-02
-1.9246791938386631e-02
-2.2039961632596743e-02
-2.5244628798376047e-02
-2.8903163178021402e-02
-3.3070613503672810e-02
-3.7813110248179405e-02
-4.3185061177063007e-02
-4.9263431473924882e-02
-5.6124589337255809e-02
-6.3837209556275920e-02
-7.2500471564523439e-02
-8.2202384245760707e-02
-9.3035307794779309e-02
-1.0510829721223096e-01
-1.1852175270200921e-01
-1.3338742324582767e-01
-1.4982247391606127e-01
-1.6793591076883616e-01
-1.8785130775872050e-01
-2.0968615842572813e-01
-2.3355405689617434e-01
-2.5957441769108697e-01
-2.8785607791374246e-01
-3.1850416674659837e-01
-3.5161753256389316e-01
-3.8728286544308765e-01
-4.2557642619180186e-01
-4.6655964187558541e-01
-5.1022320502425522e-01
-5.5660383778960998e-01
-6.0573090543961128e-01
-6.5758406182484908e-01
-7.1211573979802056e-01
-7.6926361318866798e-01
-8.2884213894274372e-01
-8.9065965659840218e-01
-9.5467404666320665e-01
-1.0206893584207419e+00
-1.0884218490555939e+00
-1.1574290063188066e+00
-1.2276687707460225e+00
-1.2988532162119162e+00
-1.3702151639213864e+00
-1.4418476927763280e+00
-1.5131892015918622e+00
-1.5837148672125922e+00
-1.6533816102845567e+00
-1.7212295086932470e+00
-1.7875045155665066e+00
-1.8511407671091000e+00
-1.9123871580209830e+00
-1.9703557763396486e+00
-2.0250677599677167e+00
-2.0760982462240589e+00
-2.1230072160575446e+00
-2.1658416266470084e+00
-2.2041683614808982e+00
-2.2377597821112580e+00
-2.2666894052860860e+00
-2.2908552472106183e+00
-2.3098371375909030e+00
-2.3239123026451729e+00
-2.3330929876264799e+00
-2.3373904357271535e+00
-2.3368461942419643e+00
-2.3314139878065161e+00
-2.3214287197776344e+00
-2.3070246669680277e+00
-2.2883624509342018e+00
-2.2656682116652376e+00
0.0000000000000000e+00
2.4055929233035767e-01
0.0000000000000000e+00
0.0000000000000000e+00
];
