%Vec Object:sol 1 MPI processes
%  type: mpi
sol = [
0.0000000000000000e+00
-1.2713529409201582e+01
-1.1577496773997947e+01
-1.0576304412450689e+01
-9.6992487052569754e+00
-8.9321756921940771e+00
-8.2559028909275955e+00
-7.6536948102125288e+00
-7.1149634556434886e+00
-6.6289561113491429e+00
-6.1877776967662363e+00
-5.7857727287669789e+00
-5.4170215538986097e+00
-5.0771395375787733e+00
-4.7629727857979249e+00
-4.4699318521119684e+00
-4.1964268758215262e+00
-3.9412251753842953e+00
-3.7027863385825222e+00
-3.4774767959912998e+00
-3.2657858978390517e+00
-3.0671182405590369e+00
-2.8784324576962415e+00
-2.7008284716727275e+00
-2.5326968792757669e+00
-2.3737419044167498e+00
-2.2232211874923369e+00
-2.0807132246593727e+00
-1.9458042852866679e+00
-1.8182137956461324e+00
-1.6971364234492816e+00
-1.5829856400883389e+00
-1.4747244574836675e+00
-1.3724401078901678e+00
-1.2760556789501369e+00
-1.1848734804095014e+00
-1.0989003972550009e+00
-1.0180308013351984e+00
-9.4200357168973037e-01
-8.7033640259482659e-01
-8.0311830756346692e-01
-7.4014320586675741e-01
-6.8120202046674827e-01
-6.2610742891352622e-01
-5.7457459469834404e-01
-5.2653237934096841e-01
-4.8183092377030617e-01
-4.4028741602786609e-01
-4.0175089602411918e-01
-3.6606335738907964e-01
-3.3304657792924142e-01
-3.0257118700557778e-01
-2.7449401802334811e-01
-2.4862996085909261e-01
-2.2487103581079124e-01
-2.0310611881943430e-01
-1.8318220692498016e-01
-1.6498699733183006e-01
-1.4841368185623330e-01
-1.3332673216511190e-01
-1.1962177040637609e-01
-1.0721197699364256e-01
-9.5980303417409901e-02
-8.5830813360896943e-02
-7.6696040173638388e-02
-6.8477305540343925e-02
-6.1087844740759289e-02
-5.4478144298365054e-02
-4.8566838826392816e-02
-4.3276937657233103e-02
-3.8574836933169376e-02
-3.4394766977502662e-02
-3.0669667200468903e-02
-2.7379449496298051e-02
-2.4471803410185487e-02
-2.1889346668925558e-02
-1.9622971820298509e-02
-1.7631503824755982e-02
-1.5866696667870515e-02
-1.4327929689709036e-02
-1.2982847661786309e-02
-1.1791646033013392e-02
-1.0759877555531584e-02
-9.8618449933230625e-03
-9.0654596468898695e-03
-8.3804059957448551e-03
-7.7857302116795249e-03
-7.2563931839290359e-03
-6.8044872868638848e-03
-6.4121819499599721e-03
-6.0609362794487778e-03
-5.7638545970480773e-03
-5.5049153234186989e-03
-5.2716651485255088e-03
-5.0771381017801140e-03
-4.9061006872572659e-03
-4.7519224649128109e-03
-4.6267721759584461e-03
-4.5154552482366325e-03
-4.4170376656446622e-03
-4.3422845556610502e-03
-4.2755398269612842e-03
-4.2215621136645134e-03
-4.1894098548038109e-03
-4.1626816547886388e-03
-4.1519664998807071e-03
-4.1645193202980756e-03
-4.1831217444185387e-03
-4.2244621282290940e-03
-4.2941022604468648e-03
-4.3741467333247713e-03
-4.4877953162656128e-03
-4.6367304022501901e-03
-4.8102774536086731e-03
-5.0311817678307192e-03
-5.2998225744081886e-03
-5.6148216612959415e-03
-5.9977491105538752e-03
-6.4489953642439717e-03
-6.9772731243506608e-03
-7.6039876201649051e-03
-8.3306294697861102e-03
-9.1769875812277753e-03
-1.0165566319526134e-02
-1.1300300668197987e-02
-1.2613219667968198e-02
-1.4128463956557142e-02
-1.5856806018729401e-02
-1.7840933016126621e-02
-2.0106754860105859e-02
-2.2680879349680536e-02
-2.5610507189484634e-02
-2.8927594691890417e-02
-3.2675584787127836e-02
-3.6907656397211566e-02
-4.1663264768989683e-02
-4.7003166387805231e-02
-5.2987121981502121e-02
-5.9664109690636791e-02
-6.7110516623791819e-02
-7.5390484419529377e-02
-8.4570501968545264e-02
-9.4732331225753127e-02
-1.0594655278466306e-01
-1.1829377063630406e-01
-1.3185858374164228e-01
-1.4671429087501317e-01
-1.6293940010714414e-01
-1.8062325602261775e-01
-1.9984157558408974e-01
-2.2067745723528567e-01
-2.4320252071271375e-01
-2.6748656921161157e-01
-2.9359563947390910e-01
-3.2158405983406713e-01
-3.5150185657038802e-01
-3.8338723872923430e-01
-4.1726708150816538e-01
-4.5315543339377973e-01
-4.9103445626170084e-01
-5.3084481186579213e-01
-5.7259932853064277e-01
-6.1625198584927776e-01
-6.6172874878341470e-01
-7.0894280618085515e-01
-7.5774405691206803e-01
-8.0792302932276694e-01
-8.5943854329706848e-01
-9.1212160911155438e-01
-9.6575204465534936e-01
-1.0199580016034424e+00
-1.0746993659096387e+00
-1.1297581493455349e+00
-1.1846287310508923e+00
-1.2392439507333191e+00
-1.2934008334419627e+00
-1.3464624375243541e+00
-1.3985360158442688e+00
-1.4491028075945636e+00
-1.4979712717529567e+00
-1.5448999321722716e+00
-1.5895233827660817e+00
-1.6317301448781036e+00
-1.6711767476558517e+00
-1.7077317881424074e+00
-1.7412107323553199e+00
-1.7713568527505117e+00
-1.7982577190499927e+00
-1.8214268733499752e+00
-1.8411380539636828e+00
-1.8571614371934404e+00
-1.8694102488690325e+00
-1.8780578135586732e+00
-1.8829239983057100e+00
-1.8840955082455584e+00
-1.8817681330648446e+00
-1.8758289704219016e+00
-1.8664239041302249e+00
-1.8538087313193825e+00
0.0000000000000000e+00
1.3464638167935297e-01
0.0000000000000000e+00
0.0000000000000000e+00
];
