%Vec Object:sol 1 MPI processes
%  type: mpi
sol = [
0.0000000000000000e+00
-1.1670409673915627e+01
-1.0703641428521950e+01
-9.8435731706995941e+00
-9.0847178043206824e+00
-8.4138396673149707e+00
-7.8173502475375294e+00
-7.2840752241176139e+00
-6.8048948813221504e+00
-6.3710106797640442e+00
-5.9751902528363834e+00
-5.6106432066676843e+00
-5.2759494225339054e+00
-4.9671977748046849e+00
-4.6815359244314969e+00
-4.4145712737541984e+00
-4.1646046873495353e+00
-3.9312309047646448e+00
-3.7125646513683672e+00
-3.5053375657982202e+00
-3.3106639013270169e+00
-3.1268843192222193e+00
-2.9524596051235270e+00
-2.7879659682296709e+00
-2.6309971435333810e+00
-2.4828548060953963e+00
-2.3414439905614213e+00
-2.2076095530583628e+00
-2.0798911388176413e+00
-1.9589594806522521e+00
-1.8432593391312555e+00
-1.7337002572491569e+00
-1.6293338576456227e+00
-1.5299735014695865e+00
-1.4358136509074564e+00
-1.3460752993046963e+00
-1.2608483854332937e+00
-1.1801069441711489e+00
-1.1034536560443973e+00
-1.0306592930197398e+00
-9.6179657943625285e-01
-8.9669188364545649e-01
-8.3509772712758756e-01
-7.7679966298102110e-01
-7.2183145013357586e-01
-6.7003792723185107e-01
-6.2128452734245609e-01
-5.7543906646865906e-01
-5.3231614175645781e-01
-4.9182594686372622e-01
-4.5388605446654096e-01
-4.1838852715387392e-01
-3.8522085561528674e-01
-3.5425480371840795e-01
-3.2539358888401521e-01
-2.9853684905280320e-01
-2.7356359002991448e-01
-2.5038252721381465e-01
-2.2889917316689393e-01
-2.0899228711987478e-01
-1.9059551169773192e-01
-1.7363343307749232e-01
-1.5800388010258765e-01
-1.4362139487402123e-01
-1.3042389978787855e-01
-1.1832077311360020e-01
-1.0723063052391230e-01
-9.7104331286582510e-02
-8.7862948057827461e-02
-7.9430382672002309e-02
-7.1769539719128736e-02
-6.4812810442884325e-02
-5.8490491369364420e-02
-5.2776344527335449e-02
-4.7613289175735450e-02
-4.2938853322839088e-02
-3.8736254817122319e-02
-3.4957840055577678e-02
-3.1548876355405396e-02
-2.8500508573300207e-02
-2.5773210257092748e-02
-2.3320190636421545e-02
-2.1138956252690716e-02
-1.9196718647408146e-02
-1.7454594067620257e-02
-1.5914932447529895e-02
-1.4550302600348392e-02
-1.3329538690634128e-02
-1.2258431861134289e-02
-1.1313615105693743e-02
-1.0471378273212364e-02
-9.7397190143325933e-03
-9.0981878175338208e-03
-8.5302637825245033e-03
-8.0451181748555905e-03
-7.6242578620799731e-03
-7.2581338230384273e-03
-6.9562802134089993e-03
-6.7014109019226300e-03
-6.4908163809742460e-03
-6.3338139249423612e-03
-6.2138019741299266e-03
-6.1348816419259178e-03
-6.1058105034329071e-03
-6.1103689972633272e-03
-6.1595840758274919e-03
-6.2615321878924423e-03
-6.4003012136454127e-03
-6.5940959824046484e-03
-6.8504135566291886e-03
-7.1537993483463394e-03
-7.5300248333073647e-03
-7.9838332298844961e-03
-8.5080735110771247e-03
-9.1291168705376884e-03
-9.8514937329086394e-03
-1.0678342829205567e-02
-1.1635833301502115e-02
-1.2729499367838468e-02
-1.3973367870127528e-02
-1.5394219167918676e-02
-1.6999459214825693e-02
-1.8814620263724491e-02
-2.0867988818384132e-02
-2.3169786075020814e-02
-2.5757589599897567e-02
-2.8661167632730508e-02
-3.1897212979552780e-02
-3.5512917795878368e-02
-3.9538906180911812e-02
-4.4005998036790069e-02
-4.8963965952702165e-02
-5.4447367294997620e-02
-6.0500635034298575e-02
-6.7176218695297926e-02
-7.4512648448275071e-02
-8.2566649577785062e-02
-9.1392405127606879e-02
-1.0103277178605931e-01
-1.1155317983079030e-01
-1.2300612016682334e-01
-1.3544401665876321e-01
-1.4892319032610188e-01
-1.6349633558415869e-01
-1.7922314066038222e-01
-1.9616058940610537e-01
-2.1435473488911302e-01
-2.3385977867983976e-01
-2.5472120139448323e-01
-2.7697811050765458e-01
-3.0067103463214984e-01
-3.2582995679668825e-01
-3.5247986429041350e-01
-3.8063941054760003e-01
-4.1031818494259065e-01
-4.4151717717420758e-01
-4.7416689789724531e-01
-5.0829724865228298e-01
-5.4387754167289870e-01
-5.8086867747234416e-01
-6.1921683565597163e-01
-6.5885394046309886e-01
-6.9964848689794013e-01
-7.4148289637225429e-01
-7.8432051044816842e-01
-8.2805299166614343e-01
-8.7254772950050508e-01
-9.1749354058662502e-01
-9.6288930679504081e-01
-1.0085931207724095e+00
-1.0543774522989569e+00
-1.0999423446392462e+00
-1.1453033102519965e+00
-1.1902035686436314e+00
-1.2342830349198004e+00
-1.2776239581569173e+00
-1.3198153971564721e+00
-1.3607360600315941e+00
-1.4003216301895181e+00
-1.4380920056977915e+00
-1.4742750410338665e+00
-1.5082830612204969e+00
-1.5403757020959887e+00
-1.5700591912719473e+00
-1.5975487538977320e+00
-1.6223804083755744e+00
-1.6448526866206818e+00
-1.6644420989145239e+00
-1.6815110271811906e+00
-1.6957068570963649e+00
-1.7071684975668533e+00
-1.7158820397895687e+00
-1.7216744855523891e+00
-1.7248447531671820e+00
-1.7251288979739872e+00
-1.7227635409308506e+00
-1.7178327177998751e+00
-1.7101626460309600e+00
-1.7001274419646024e+00
0.0000000000000000e+00
1.3464638167935297e-01
0.0000000000000000e+00
0.0000000000000000e+00
];
