%Vec Object:sol 1 MPI processes
%  type: mpi
sol = [
0.0000000000000000e+00
-1.2536774622450039e+01
-1.1309347661471072e+01
-1.0213394719615495e+01
-9.2341036605775635e+00
-8.3514203952096278e+00
-7.5448065409567944e+00
-6.8061099961440288e+00
-6.1288298767260025e+00
-5.5050785740197021e+00
-4.9299126234308943e+00
-4.4003027062240863e+00
-3.9129020525575373e+00
-3.4650158867540690e+00
-3.0543089539601609e+00
-2.6800920485695010e+00
-2.3397265060032928e+00
-2.0318198048233085e+00
-1.7547567815848881e+00
-1.5069885561667633e+00
-1.2861979303574413e+00
-1.0912393004947976e+00
-9.2009971212138519e-01
-7.7078846410964474e-01
-6.4140427713265069e-01
-5.3022379628957295e-01
-4.3539796388767893e-01
-3.5512344012021219e-01
-2.8767571296853900e-01
-2.3147759278935739e-01
-1.8502639305787252e-01
-1.4688803342334453e-01
-1.1587508616159807e-01
-9.0868828942872737e-02
-7.0812635344647698e-02
-5.4894813394304930e-02
-4.2378281583038829e-02
-3.2575811865399880e-02
-2.4970502538731353e-02
-1.9140478263534232e-02
-1.4683242698663302e-02
-1.1288040720225023e-02
-8.7518426648673306e-03
-6.8624123621111068e-03
-5.4320513805798006e-03
-4.3916456147291812e-03
-3.6423642343977997e-03
-3.0589886276422363e-03
-2.6461593685046672e-03
-2.3626414472339369e-03
-2.1219617306793160e-03
-1.9531073761143588e-03
-1.8435089110991230e-03
-1.7364636579633508e-03
-1.6559773958986933e-03
-1.6073266666294661e-03
-1.5506160662909422e-03
-1.5004066266532067e-03
-1.4717280646973109e-03
-1.4349810606106600e-03
-1.3950709164793869e-03
-1.3727137734822728e-03
-1.3452297979587146e-03
-1.3093068698741535e-03
-1.2891393547544362e-03
-1.2670085723512138e-03
-1.2332625978119494e-03
-1.2141962510216070e-03
-1.1957244902682368e-03
-1.1637074280248455e-03
-1.1455426436705813e-03
-1.1297685362772092e-03
-1.0994051201457392e-03
-1.0821710910328530e-03
-1.0684065022373327e-03
-1.0397092521532759e-03
-1.0234800617931208e-03
-1.0111721428144487e-03
-9.8416497532736080e-04
-9.6901207442756014e-04
-9.5769749303641538e-04
-9.3239861531321637e-04
-9.1838157039666394e-04
-9.0766741378047876e-04
-8.8408594033525926e-04
-8.7125132698239859e-04
-8.6080327693823563e-04
-8.3894016819382729e-04
-8.2732332184203418e-04
-8.1685732902285523e-04
-7.9670666263818141e-04
-7.8633338751711091e-04
-7.7560899199744274e-04
-7.5716010959828400e-04
-7.4804908184288575e-04
-7.3686364067367561e-04
-7.2010112756170329e-04
-7.1226411065222566e-04
-7.0044868249378447e-04
-6.8535446245572378e-04
-6.7879849047208969e-04
-6.6621751352676374e-04
-6.5277121827550717e-04
-6.4749907111634540e-04
-6.3403533806576584e-04
-6.2221407054988945e-04
-6.1822416408208495e-04
-6.0378118139553809e-04
-5.9356039905648006e-04
-5.9084779059815750e-04
-5.7534619547488619e-04
-5.6669897111387034e-04
-5.6278024907834869e-04
-5.4863293798302780e-04
-5.4153063837645513e-04
-5.3590187042387054e-04
-5.2354944470665691e-04
-5.1796209448483040e-04
-5.1061382498999715e-04
-5.0000988497613766e-04
-4.9590629505437758e-04
-4.8684424180429930e-04
-4.7794322017019250e-04
-4.7529212055457700e-04
-4.6452259472426027e-04
-4.5727996762039407e-04
-4.5510021150218827e-04
-4.4358508188811356e-04
-4.3795923026166968e-04
-4.3370316167762904e-04
-4.2398601803226492e-04
-4.1994565600012354e-04
-4.1367272755131527e-04
-4.0573249604585122e-04
-4.0328870863063775e-04
-3.9513689210258070e-04
-3.8906395159298696e-04
-3.8799438141049142e-04
-3.7878207270498784e-04
-3.7510796212488477e-04
-3.7302678893618438e-04
-3.6749079124022161e-04
-3.6838275631668403e-04
-3.6875705603540390e-04
-3.7202984107468230e-04
-3.8528001139951913e-04
-3.9992011521038611e-04
-4.2939142070628757e-04
-4.7830566425471563e-04
-5.4709022334803209e-04
-6.5693574536847623e-04
-8.1786121724471475e-04
-1.0526585692815029e-03
-1.3983091696485896e-03
-1.8881734490526195e-03
-2.5884954043616849e-03
-3.5777674873367200e-03
-4.9541200896770750e-03
-6.8650952281800459e-03
-9.4860486224177896e-03
-1.3051649188735012e-02
-1.7865397089121559e-02
-2.4295538266342301e-02
-3.2820637011366317e-02
-4.4018783024214622e-02
-5.8588617504229792e-02
-7.7382729827985899e-02
-1.0139391849158716e-01
-1.3178470938687400e-01
-1.6988153679135096e-01
-2.1716286305795587e-01
-2.7525679504256878e-01
-3.4589348503981521e-01
-4.3086176571378654e-01
-5.3193928359530351e-01
-6.5080659246662098e-01
-7.8892864588628275e-01
-9.4738951860131637e-01
-1.1266054975360325e+00
-1.3267639349346323e+00
-1.5471780644278754e+00
-1.7856056187655474e+00
-2.0400470251738665e+00
-2.3062983837081799e+00
-2.5804254465347380e+00
-2.8565696752754000e+00
-3.1290602379988108e+00
-3.3918503170471319e+00
-3.6387327897995565e+00
-3.8637909335151250e+00
-4.0619026787393011e+00
-4.2283082002256318e+00
-4.3594878817899119e+00
-4.4537836786617611e+00
-4.5090920250157644e+00
-4.5262997123742741e+00
-4.5054301852219814e+00
-4.4491583273119302e+00
-4.3594629009197234e+00
0.0000000000000000e+00
2.4055929233035767e-01
0.0000000000000000e+00
0.0000000000000000e+00
];
