%Vec Object:sol 1 MPI processes
%  type: mpi
sol = [
0.0000000000000000e+00
-1.0725987803207174e+01
-9.8161240696481933e+00
-8.9987474844626387e+00
-8.2579876266861199e+00
-7.5803641694726993e+00
-6.9558539496571870e+00
-6.3798915167166284e+00
-5.8468583283108186e+00
-5.3513371541824757e+00
-4.8898467706762814e+00
-4.4590707062652930e+00
-4.0571854738960171e+00
-3.6825384497316325e+00
-3.3339980794295272e+00
-3.0092399535819192e+00
-2.7076766276959199e+00
-2.4286051279375536e+00
-2.1704099035882947e+00
-1.9329225450868923e+00
-1.7146803877859753e+00
-1.5151975070259580e+00
-1.3336981141261581e+00
-1.1687839016504478e+00
-1.0199076331954777e+00
-8.8617714924983004e-01
-7.6657983657825046e-01
-6.6008350173032071e-01
-5.6568441063445352e-01
-4.8255138759569427e-01
-4.0972650575309849e-01
-3.4624433711431468e-01
-2.9123893817974517e-01
-2.4385014589045606e-01
-2.0320973570718198e-01
-1.6858707227062558e-01
-1.3927257205145482e-01
-1.1456042553119039e-01
-9.3860368423430693e-02
-7.6644021741132148e-02
-6.2385540133501283e-02
-5.0634088353205840e-02
-4.1035973019422710e-02
-3.3231786443507945e-02
-2.6891116467613295e-02
-2.1806312758062010e-02
-1.7752660148730309e-02
-1.4491608157365504e-02
-1.1924299444299812e-02
-9.9198825359287507e-03
-8.3148784794901485e-03
-7.0712475356916622e-03
-6.1203700929141113e-03
-5.3590783013279710e-03
-4.7725237908743919e-03
-4.3343641495109612e-03
-3.9793288644139301e-03
-3.7014267559434370e-03
-3.4993573289742595e-03
-3.3308135803894489e-03
-3.1906813350500228e-03
-3.0918627071476624e-03
-3.0057939942795260e-03
-2.9246348362390808e-03
-2.8690751219111162e-03
-2.8188655029130843e-03
-2.7624556908410272e-03
-2.7246421003553440e-03
-2.6903277809297759e-03
-2.6446426049755549e-03
-2.6143522846325991e-03
-2.5876216360464672e-03
-2.5472247614281998e-03
-2.5205986437714838e-03
-2.4979598002065669e-03
-2.4608482015528715e-03
-2.4365168488247979e-03
-2.4163871232038650e-03
-2.3818482313252868e-03
-2.3593560220784896e-03
-2.3408946346176128e-03
-2.3086723136213909e-03
-2.2878774008617195e-03
-2.2705422209281750e-03
-2.2405309252025211e-03
-2.2213898590577397e-03
-2.2047747919879336e-03
-2.1769149764918625e-03
-2.1594110251461460e-03
-2.1431868826003843e-03
-2.1174312429795505e-03
-2.1015520265526603e-03
-2.0854433496782418e-03
-2.0617476181715752e-03
-2.0474796986125151e-03
-2.0312536191775879e-03
-2.0095728284010902e-03
-1.9968993212103499e-03
-1.9803596079842347e-03
-1.9606488174085260e-03
-1.9495505803334375e-03
-1.9325366338740419e-03
-1.9147508089250767e-03
-1.9052065818374532e-03
-1.8875781716755232e-03
-1.8716718431207638e-03
-1.8636581084874736e-03
-1.8452977707441775e-03
-1.8312259509798243e-03
-1.8247180018456683e-03
-1.8055275799970232e-03
-1.7932451765350318e-03
-1.7857486452109667e-03
-1.7681182295139145e-03
-1.7575810826922105e-03
-1.7485788729497418e-03
-1.7329347825771626e-03
-1.7241016020991225e-03
-1.7135752891464940e-03
-1.6998655800782283e-03
-1.6927044309891053e-03
-1.6806660892216296e-03
-1.6688621305625693e-03
-1.6633742826919016e-03
-1.6498859253981397e-03
-1.6400333019206117e-03
-1.6353807254924412e-03
-1.6216163059405769e-03
-1.6139959146849517e-03
-1.6081162439251459e-03
-1.5973158475959745e-03
-1.5929207214030966e-03
-1.5873535657673970e-03
-1.5816195479017340e-03
-1.5834849227078054e-03
-1.5826455504164433e-03
-1.5880760982705580e-03
-1.6043606943060369e-03
-1.6206750989472272e-03
-1.6537688555553949e-03
-1.7039029792593873e-03
-1.7716656570486262e-03
-1.8743805284024838e-03
-2.0149829855770334e-03
-2.2097713598344245e-03
-2.4825251452657918e-03
-2.8462207617658982e-03
-3.3416622744176917e-03
-4.0080807517611497e-03
-4.8892512040173740e-03
-6.0598479602008495e-03
-7.5953915458190236e-03
-9.5980607947632850e-03
-1.2199717802894264e-02
-1.5545969492137287e-02
-1.9833097577903608e-02
-2.5288739435108194e-02
-3.2179144309020469e-02
-4.0836193109668496e-02
-5.1634661638024278e-02
-6.5016995439936137e-02
-8.1495456581590769e-02
-1.0164031405870655e-01
-1.2610675836094712e-01
-1.5561212243639538e-01
-1.9093788649442822e-01
-2.3292958051825574e-01
-2.8247026249350049e-01
-3.4047211060774762e-01
-4.0784781797111841e-01
-4.8548088892423352e-01
-5.7418686754471104e-01
-6.7467657968142014e-01
-7.8744577792500936e-01
-9.1271007176003671e-01
-1.0506669554526993e+00
-1.2010833495455773e+00
-1.3632164063806638e+00
-1.5358978600436062e+00
-1.7180709954673152e+00
-1.9073628996388425e+00
-2.1020912145134187e+00
-2.2990231933723613e+00
-2.4959275898535807e+00
-2.6892979735571356e+00
-2.8759670105939659e+00
-3.0530440053581329e+00
-3.2174348501399517e+00
-3.3663732809063003e+00
-3.4973535404962770e+00
-3.6084210004007051e+00
-3.6980533340858504e+00
-3.7652201685517648e+00
-3.8090655878595086e+00
-3.8295838088739522e+00
-3.8273978045783639e+00
-3.8030344630959703e+00
-3.7574068828107752e+00
-3.6923900325930288e+00
0.0000000000000000e+00
2.4055929233035767e-01
0.0000000000000000e+00
0.0000000000000000e+00
];
