%Vec Object:sol 1 MPI processes
%  type: mpi
sol = [
0.0000000000000000e+00
-5.9281611247243742e+00
-5.6364298489622753e+00
-5.3639108280314431e+00
-5.1116577323709089e+00
-4.8693068051580308e+00
-4.6425047520857623e+00
-4.4287315912471215e+00
-4.2234942857944437e+00
-4.0306592753209234e+00
-3.8448778182737930e+00
-3.6687703351452878e+00
-3.5004166920338218e+00
-3.3385231832844675e+00
-3.1844548767184322e+00
-3.0355304932776050e+00
-2.8936586086680745e+00
-2.7561555134617874e+00
-2.6251355838829524e+00
-2.4982516700984418e+00
-2.3766819549684195e+00
-2.2596288203771238e+00
-2.1469283798498369e+00
-2.0388625508399882e+00
-1.9343025288892579e+00
-1.8342754752294819e+00
-1.7378741389477788e+00
-1.6450916295084059e+00
-1.5563175509748077e+00
-1.4708505681215411e+00
-1.3887191323509109e+00
-1.3102116786622766e+00
-1.2350449573037769e+00
-1.1627349245940759e+00
-1.0937227532798923e+00
-1.0278500827588777e+00
-9.6500774918652754e-01
-9.0482859778804292e-01
-8.4753250342578557e-01
-7.9303750930885586e-01
-7.4125795788699278e-01
-6.9210658835647643e-01
-6.4542732348194731e-01
-6.0113021004976008e-01
-5.5923441863726053e-01
-5.1965933186058699e-01
-4.8232274768155825e-01
-4.4713013099604343e-01
-4.1401434625236400e-01
-3.8289655940005818e-01
-3.5367585543183611e-01
-3.2626264791145121e-01
-3.0059772795887696e-01
-2.7660510380955022e-01
-2.5422333334343400e-01
-2.3338241066975826e-01
-2.1398532150231511e-01
-1.9596874975040363e-01
-1.7927134398630015e-01
-1.6380274323429742e-01
-1.4949795888021780e-01
-1.3630513869430338e-01
-1.2414208801366573e-01
-1.1294326694500298e-01
-1.0266668191949230e-01
-9.3239183576500670e-02
-8.4596256040810613e-02
-7.6705660420746169e-02
-6.9503537121490780e-02
-6.2928104049745553e-02
-5.6956304756309126e-02
-5.1533333164281887e-02
-4.6601579726336322e-02
-4.2146291876368640e-02
-3.8121093715235574e-02
-3.4473626710929101e-02
-3.1196344777280931e-02
-2.8250397791502752e-02
-2.5589394285804409e-02
-2.3211769744456111e-02
-2.1085121945146862e-02
-1.9169430931656583e-02
-1.7467848739978729e-02
-1.5953269816623549e-02
-1.4592214615332933e-02
-1.3391324172219188e-02
-1.2327651688092973e-02
-1.1374274211745391e-02
-1.0540194260232099e-02
-9.8055687098445206e-03
-9.1499714453227680e-03
-8.5837865700200879e-03
-8.0893549252277989e-03
-7.6526769557809593e-03
-7.2847187797059291e-03
-6.9692573405591715e-03
-6.6986903898093465e-03
-6.4839696985190378e-03
-6.3097596434522618e-03
-6.1749047864932535e-03
-6.0899634139221209e-03
-6.0401580469349033e-03
-6.0309316729041966e-03
-6.0723004435004335e-03
-6.1499360446770042e-03
-6.2761791476372156e-03
-6.4605809546560136e-03
-6.6893911046014371e-03
-6.9822961661647450e-03
-7.3486963254160327e-03
-7.7757921041600774e-03
-8.2912198975572220e-03
-8.9023525519969539e-03
-9.6052496040201583e-03
-1.0428957739883268e-02
-1.1381583772059271e-02
-1.2470261772545652e-02
-1.3724962188483982e-02
-1.5156030707611311e-02
-1.6782558274678939e-02
-1.8636556912230658e-02
-2.0731802998691273e-02
-2.3100251682581202e-02
-2.5777162599049695e-02
-2.8781018597912839e-02
-3.2157435177587249e-02
-3.5945227216397826e-02
-4.0171448322719121e-02
-4.4892904404644059e-02
-5.0149479862702691e-02
-5.5986136756597832e-02
-6.2464704038674587e-02
-6.9633415317613176e-02
-7.7550606809995981e-02
-8.6282898381340456e-02
-9.5884695172916742e-02
-1.0642787286457427e-01
-1.1798247764170991e-01
-1.3060884233909242e-01
-1.4438788170823572e-01
-1.5938912091494523e-01
-1.7568208036336763e-01
-1.9334518574411091e-01
-2.1244642640201694e-01
-2.3305746146103881e-01
-2.5524896987309353e-01
-2.7908199850044951e-01
-3.0462096261700145e-01
-3.3192151945470272e-01
-3.6103232385926343e-01
-3.9199777090782700e-01
-4.2484524382185063e-01
-4.5954291003728037e-01
-4.9615424689155041e-01
-5.3468300996731410e-01
-5.7511542813228922e-01
-6.1742701346973550e-01
-6.6158333377469924e-01
-7.0752540155632204e-01
-7.5503510387132589e-01
-8.0415107192925273e-01
-8.5477143020303126e-01
-9.0679193872521180e-01
-9.6000190740983804e-01
-1.0141134116172656e+00
-1.0691510323874036e+00
-1.1249285825548090e+00
-1.1810447664936849e+00
-1.2373666645218826e+00
-1.2938082806156554e+00
-1.3498965299174799e+00
-1.4054856569923104e+00
-1.4605196533512237e+00
-1.5142664933635888e+00
-1.5669992701713051e+00
-1.6181082364506840e+00
-1.6675889239378074e+00
-1.7150362542057926e+00
-1.7603826390946986e+00
-1.8032475556798788e+00
-1.8436822172817335e+00
-1.8811767022737349e+00
-1.9159899032756718e+00
-1.9475087552469597e+00
-1.9759849776131493e+00
-2.0012560316984862e+00
-2.0230140363696432e+00
-2.0415108931471129e+00
-2.0565851746198129e+00
-2.0680592629649164e+00
-2.0762081412739928e+00
-2.0810170560108663e+00
-2.0822090130530353e+00
-2.0801858150847403e+00
-2.0749686552994140e+00
-2.0665692562407982e+00
-2.0549989466556080e+00
-2.0405328706768047e+00
-2.0233148213138494e+00
0.0000000000000000e+00
2.4055929233035767e-01
0.0000000000000000e+00
0.0000000000000000e+00
];
