%Vec Object:sol 1 MPI processes
%  type: mpi
sol = [
0.0000000000000000e+00
-6.0428699765587917e+00
-5.7405235374778689e+00
-5.4578079371150414e+00
-5.1960901406125029e+00
-4.9461364121634537e+00
-4.7111013484970981e+00
-4.4910480185133235e+00
-4.2785665306835856e+00
-4.0789680511882720e+00
-3.8881811163405078e+00
-3.7060031540272633e+00
-3.5332195686429699e+00
-3.3658387108981227e+00
-3.2074562479852728e+00
-3.0539897724132432e+00
-2.9080505374491006e+00
-2.7667467765836466e+00
-2.6322571061561439e+00
-2.5018635230837578e+00
-2.3775343380382612e+00
-2.2570592049318363e+00
-2.1419139368337063e+00
-2.0308515984881823e+00
-1.9241498651967988e+00
-1.8220955065188826e+00
-1.7233110242134333e+00
-1.6288555275611851e+00
-1.5384522180482445e+00
-1.4512562527997195e+00
-1.3679088139317386e+00
-1.2883106793878363e+00
-1.2118518686142383e+00
-1.1387368460012119e+00
-1.0690410164748620e+00
-1.0026046292868807e+00
-9.3911032510522419e-01
-8.7860786495578103e-01
-8.2111737486342640e-01
-7.6653082477584467e-01
-7.1475758425208136e-01
-6.6567179957892908e-01
-6.1909857996041318e-01
-5.7509523742697199e-01
-5.3356662013059031e-01
-4.9442825795448914e-01
-4.5759170163525092e-01
-4.2295422977865410e-01
-3.9044484707492849e-01
-3.5997848823928325e-01
-3.3141999366142932e-01
-3.0471284478254312e-01
-2.7980550766329482e-01
-2.5658944457690064e-01
-2.3499899830401741e-01
-2.1495943826500991e-01
-1.9636783956067547e-01
-1.7915692446456449e-01
-1.6326164519467173e-01
-1.4858699313622475e-01
-1.3506460177241381e-01
-1.2263998007380496e-01
-1.1122754641950243e-01
-1.0075917915877525e-01
-9.1191265091685444e-02
-8.2448445175135360e-02
-7.4464490507326758e-02
-6.7206448225809748e-02
-6.0609276613415308e-02
-5.4610303037682655e-02
-4.9186505343945690e-02
-4.4282731605549915e-02
-3.9841183441420736e-02
-3.5847709454308430e-02
-3.2256215854431926e-02
-2.9014695457428640e-02
-2.6116585656965563e-02
-2.3523742335133824e-02
-2.1190492427810965e-02
-1.9116466623268460e-02
-1.7270208970501487e-02
-1.5612622166485157e-02
-1.4148119707807015e-02
-1.2850629125224500e-02
-1.1687658775849163e-02
-1.0667062392180656e-02
-9.7668933763871424e-03
-8.9611726161954765e-03
-8.2599819540908077e-03
-7.6443581154313281e-03
-7.0946948958589030e-03
-6.6222643730443715e-03
-6.2101066446420758e-03
-5.8448635287459442e-03
-5.5381603955867390e-03
-5.2742530513697657e-03
-5.0459666066952763e-03
-4.8646600857448589e-03
-4.7152300602169017e-03
-4.5967120442874636e-03
-4.5198045453484969e-03
-4.4696971754417773e-03
-4.4517733598400909e-03
-4.4759118695255218e-03
-4.5274723622066538e-03
-4.6184772672846616e-03
-4.7580556610987345e-03
-4.9318556186521969e-03
-5.1589863022306051e-03
-5.4481391136140655e-03
-5.7856193067279656e-03
-6.1982391859205900e-03
-6.6923731587318633e-03
-7.2629353889183141e-03
-7.9379012624807149e-03
-8.7241215618006612e-03
-9.6273893314651072e-03
-1.0676402467175682e-02
-1.1880051110267362e-02
-1.3255982873724993e-02
-1.4834828614779803e-02
-1.6628811461534873e-02
-1.8668492368582760e-02
-2.0987790357870271e-02
-2.3603696016150612e-02
-2.6560708252514140e-02
-2.9896539302569743e-02
-3.3637066537778051e-02
-3.7838848933831416e-02
-4.2543326928311781e-02
-4.7793210770642740e-02
-5.3650708974484179e-02
-6.0162647456558076e-02
-6.7387940000174090e-02
-7.5396100755650813e-02
-8.4243068117209552e-02
-9.4003302603531680e-02
-1.0474992042790039e-01
-1.1654645990537839e-01
-1.2947858861451464e-01
-1.4362072191443342e-01
-1.5904795548895326e-01
-1.7584562623298314e-01
-1.9408870666692449e-01
-2.1385704175839187e-01
-2.3523039318978767e-01
-2.5827879573644957e-01
-2.8307736007340439e-01
-3.0969246489990543e-01
-3.3818351751328063e-01
-3.6860683884301554e-01
-4.0100831307933099e-01
-4.3542482288820045e-01
-4.7182114862314328e-01
-5.1025214663919338e-01
-5.5072433859759451e-01
-5.9322399358883726e-01
-6.3772600766270604e-01
-6.8418058667153514e-01
-7.3253117054690375e-01
-7.8252987272189523e-01
-8.3421526109838362e-01
-8.8748479995944529e-01
-9.4219635902875121e-01
-9.9808587915795699e-01
-1.0549319692191865e+00
-1.1126870371954922e+00
-1.1711710541511577e+00
-1.2298269804930375e+00
-1.2887037743798433e+00
-1.3476318300438439e+00
-1.4058928987882606e+00
-1.4636845188788525e+00
-1.5205356772685490e+00
-1.5761060476546185e+00
-1.6303886672461865e+00
-1.6827035488525210e+00
-1.7332804734788929e+00
-1.7813680273372010e+00
-1.8272128663637595e+00
-1.8702028830110295e+00
-1.9104245264091366e+00
-1.9475852109497032e+00
-1.9814524998959595e+00
-2.0121477004669290e+00
-2.0391782823082290e+00
-2.0627275636608204e+00
-2.0827875070430930e+00
-2.0989929802898986e+00
-2.1115599238889198e+00
-2.1205583733789628e+00
-2.1258383112893280e+00
-2.1274030139343618e+00
-2.1255135167204524e+00
-2.1201963854055781e+00
-2.1114125558089425e+00
-2.0993130650941128e+00
-2.0841116528492418e+00
-2.0659645880057740e+00
0.0000000000000000e+00
2.4055929233035767e-01
0.0000000000000000e+00
0.0000000000000000e+00
];
