%Vec Object:sol 1 MPI processes
%  type: mpi
sol = [
0.0000000000000000e+00
-1.5295008761227875e+01
-1.3479512001594655e+01
-1.1907381060880800e+01
-1.0516278896532235e+01
-9.2814166380057728e+00
-8.1709185969175557e+00
-7.1708390317511848e+00
-6.2644178954759457e+00
-5.4452382033506348e+00
-4.7056141064675874e+00
-4.0405424010674418e+00
-3.4451185641088902e+00
-2.9145541197333533e+00
-2.4459770161442518e+00
-2.0354694048331359e+00
-1.6785213330229849e+00
-1.3713551098222536e+00
-1.1098624289807892e+00
-8.8924497889154563e-01
-7.0527183522382209e-01
-5.5364851028397666e-01
-4.3012366685867487e-01
-3.3068439474921246e-01
-2.5156009925797451e-01
-1.8936993571789046e-01
-1.4111234672570119e-01
-1.0410736650631540e-01
-7.6051874668984609e-02
-5.5084075810425397e-02
-3.9608659392371293e-02
-2.8263308523415926e-02
-2.0097790325752696e-02
-1.4302456113239759e-02
-1.0178017413945377e-02
-7.3105863253854798e-03
-5.3556890312012224e-03
-3.9991697893431884e-03
-3.0732558207914517e-03
-2.4697932337648101e-03
-2.0593607543936232e-03
-1.7660036545657151e-03
-1.5851604944373716e-03
-1.4676716067103801e-03
-1.3583888542308231e-03
-1.2950600165143283e-03
-1.2628516584744366e-03
-1.2018789591330282e-03
-1.1674697352665620e-03
-1.1567554262139580e-03
-1.1120193238483515e-03
-1.0838287262078298e-03
-1.0754211609939183e-03
-1.0415477392205395e-03
-1.0145630793325340e-03
-1.0056888918263201e-03
-9.7918882733733707e-04
-9.5258686919460610e-04
-9.4297660898059435e-04
-9.2214139146033075e-04
-8.9595660165954581e-04
-8.8581336993425559e-04
-8.6945262059118754e-04
-8.4385533212174191e-04
-8.3343561359488778e-04
-8.2059106579686542e-04
-7.9574949003983824e-04
-7.8528768341979262e-04
-7.7514900530735497e-04
-7.5120983276577666e-04
-7.4091045126195316e-04
-7.3279477089530391e-04
-7.0988076980976929e-04
-6.9991844236352450e-04
-6.9324809222756168e-04
-6.7146037840960099e-04
-6.6198304003844944e-04
-6.5626845369761051e-04
-6.3568763709760971e-04
-6.2681845368428829e-04
-6.2164377001264442e-04
-6.0233277170308503e-04
-5.9417356597151816e-04
-5.8918564232489281e-04
-5.7119161616761137e-04
-5.6382531902724473e-04
-5.5872436572975152e-04
-5.4208145387098108e-04
-5.3557526662439687e-04
-5.3010766860523589e-04
-5.1483928812412288e-04
-5.0924732574214517e-04
-5.0319984423054037e-04
-4.8932171365808394e-04
-4.8468828687543589e-04
-4.7788315337805772e-04
-4.6540413824156033e-04
-4.6176481764812415e-04
-4.5405641983707764e-04
-4.4298138025154320e-04
-4.4036583178197719e-04
-4.3164088907651332e-04
-4.2197139084746712e-04
-4.2040400186335564e-04
-4.1056650968440082e-04
-4.0230032421805656e-04
-4.0179963743273045e-04
-3.9077259049196094e-04
-3.8390385085403832e-04
-3.8448279079856065e-04
-3.7220383061209314e-04
-3.6672161589128868e-04
-3.6591067601943092e-04
-3.5480811083233221e-04
-3.5069709472927094e-04
-3.4800476145920267e-04
-3.3853130252748965e-04
-3.3577286779676568e-04
-3.3120074878173825e-04
-3.2332063499660287e-04
-3.2189405802545741e-04
-3.1545830832295778e-04
-3.0913622229707582e-04
-3.0902042086032935e-04
-3.0073751458772977e-04
-2.9593874780598737e-04
-2.9616160612766827e-04
-2.8700262719907183e-04
-2.8369311108272631e-04
-2.8171166905915132e-04
-2.7422387369055630e-04
-2.7236990799873112e-04
-2.6823321735761703e-04
-2.6237183282059212e-04
-2.6193953845645909e-04
-2.5570645393770678e-04
-2.5142782251771461e-04
-2.5197356159658841e-04
-2.4410419640734452e-04
-2.4136630164280581e-04
-2.3959588601506080e-04
-2.3340766262357250e-04
-2.3217410423552793e-04
-2.2816722543987983e-04
-2.2363185478129142e-04
-2.2390221504182018e-04
-2.1780651020943822e-04
-2.1501631944452834e-04
-2.1467331152613101e-04
-2.0934837582138499e-04
-2.0907947251151232e-04
-2.0817531262521465e-04
-2.0756105977462569e-04
-2.1410053503991745e-04
-2.2007435350750843e-04
-2.3645843198963980e-04
-2.6815798233141081e-04
-3.1654269278577493e-04
-4.0383556682671015e-04
-5.4496883236605602e-04
-7.7275167838104081e-04
-1.1407573803599177e-03
-1.7126403616744045e-03
-2.6046865988294445e-03
-3.9723154265113979e-03
-6.0367296977274628e-03
-9.1237358018862562e-03
-1.3669932229092730e-02
-2.0284099808257138e-02
-2.9782633489876895e-02
-4.3232211326483985e-02
-6.2030039564539258e-02
-8.7937981802189716e-02
-1.2314746068641072e-01
-1.7031914521073141e-01
-2.3258541568906088e-01
-3.1354130392151180e-01
-4.1715316583303869e-01
-5.4761216098466958e-01
-7.0909760564435242e-01
-9.0546194969154048e-01
-1.1397903646665763e+00
-1.4135047508231051e+00
-1.7269868690305716e+00
-2.0777171146130038e+00
-2.4606436987795188e+00
-2.8678941142094909e+00
-3.2892104875343353e+00
-3.7116612171388277e+00
-4.1208678359965125e+00
-4.5023469818183708e+00
-4.8425420226160965e+00
-5.1281634747825864e+00
-5.3507600221671030e+00
-5.5025972019514784e+00
-5.5810109643146539e+00
-5.5860972096574759e+00
-5.5206897863153284e+00
-5.3902609102147396e+00
0.0000000000000000e+00
2.4055929233035767e-01
0.0000000000000000e+00
0.0000000000000000e+00
];
