%Vec Object:sol 1 MPI processes
%  type: mpi
sol = [
0.0000000000000000e+00
-6.5192917281332878e+00
-6.1710817904772872e+00
-5.8445392735693842e+00
-5.5423798437422516e+00
-5.2602519253702829e+00
-4.9903044510589121e+00
-4.7379105538720188e+00
-4.5008570597340229e+00
-4.2726619562747103e+00
-4.0576034837031925e+00
-3.8532872695067684e+00
-3.6572515310836269e+00
-3.4715364485862157e+00
-3.2925203710975524e+00
-3.1224194325131673e+00
-2.9589438530815242e+00
-2.8026030779241999e+00
-2.6528062568837911e+00
-2.5092635810936446e+00
-2.3714160077799971e+00
-2.2397808280920306e+00
-2.1131069264854982e+00
-1.9923457713265580e+00
-1.8760578621731618e+00
-1.7651413940142853e+00
-1.6591480931644891e+00
-1.5574592708227251e+00
-1.4606664950425867e+00
-1.3683952790900631e+00
-1.2800668790825589e+00
-1.1961704266619524e+00
-1.1164686798757699e+00
-1.0406730019747932e+00
-9.6862812487212546e-01
-9.0042888038717939e-01
-8.3593598574740025e-01
-7.7503009580834248e-01
-7.1750036705661313e-01
-6.6321125949389081e-01
-6.1216705809668082e-01
-5.6424220456453977e-01
-5.1931648286159682e-01
-4.7726604982173060e-01
-4.3796169770702842e-01
-4.0129734940844425e-01
-3.6712181568711488e-01
-3.3530731366150107e-01
-3.0579631330658685e-01
-2.7847353765957028e-01
-2.5319360197201229e-01
-2.2987226987023698e-01
-2.0840250849811973e-01
-1.8864728686717905e-01
-1.7052311373328111e-01
-1.5393633678642221e-01
-1.3876185342793884e-01
-1.2491736858889062e-01
-1.1232433545679577e-01
-1.0087184175489823e-01
-9.0480304049239582e-02
-8.1086934956264414e-02
-7.2596090494407073e-02
-6.4932571555950350e-02
-5.8049066491890990e-02
-5.1865191593736176e-02
-4.6311544534335933e-02
-4.1355204857724932e-02
-3.6930135020031465e-02
-3.2973749047123753e-02
-2.9465820484813967e-02
-2.6353148374449707e-02
-2.3580450372331606e-02
-2.1138174710880364e-02
-1.8984092108194343e-02
-1.7070280399892831e-02
-1.5395722781693195e-02
-1.3927155195956034e-02
-1.2623780739554049e-02
-1.1491023889538992e-02
-1.0502609261699339e-02
-9.6244762622906196e-03
-8.8665629784895998e-03
-8.2077575517763655e-03
-7.6203042708745767e-03
-7.1169685149010007e-03
-6.6802024218872566e-03
-6.2881601924815594e-03
-5.9550241271799729e-03
-5.6654706685129435e-03
-5.4032521415835408e-03
-5.1828387893228254e-03
-4.9900572001654727e-03
-4.8140516528527013e-03
-4.6687186059683828e-03
-4.5402136501272701e-03
-4.4229786194055088e-03
-4.3297209018502763e-03
-4.2463402587422962e-03
-4.1725915165160511e-03
-4.1196024448871523e-03
-4.0726545062043712e-03
-4.0369344878838642e-03
-4.0218144762350239e-03
-4.0117973089961378e-03
-4.0177538553422638e-03
-4.0473250010072681e-03
-4.0842867149452249e-03
-4.1455839024710922e-03
-4.2373675725170395e-03
-4.3429666195770478e-03
-4.4859558874471885e-03
-4.6690278085430650e-03
-4.8829609560047550e-03
-5.1513554792743804e-03
-5.4761817212266809e-03
-5.8579370172686263e-03
-6.3198074192498581e-03
-6.8646199781093103e-03
-7.5036855180559189e-03
-8.2611132890584599e-03
-9.1420387076417177e-03
-1.0169959411758916e-02
-1.1371591845847370e-02
-1.2756187236253881e-02
-1.4361070795033997e-02
-1.6216647104887516e-02
-1.8341162437717440e-02
-2.0784815380977692e-02
-2.3582487539497762e-02
-2.6770817508686585e-02
-3.0407550451210952e-02
-3.4536902659711384e-02
-3.9214711164212927e-02
-4.4507468677419289e-02
-5.0471775134929467e-02
-5.7184969067565566e-02
-6.4724887639689532e-02
-7.3160666199683144e-02
-8.2588866986148896e-02
-9.3095945484760065e-02
-1.0477199472299847e-01
-1.1772256766386156e-01
-1.3204413446540844e-01
-1.4784320925047231e-01
-1.6523055646478652e-01
-1.8430828762359364e-01
-2.0519113224321214e-01
-2.2798698686225266e-01
-2.5279899515903975e-01
-2.7973417366178627e-01
-3.0888864187365794e-01
-3.4035347038608221e-01
-3.7421225441706624e-01
-4.1053655747941259e-01
-4.4938593788868841e-01
-4.9074803666048639e-01
-5.3467559530833941e-01
-5.8119062567936353e-01
-6.3028382940132444e-01
-6.8192034337692919e-01
-7.3603909623833019e-01
-7.9252333105810968e-01
-8.5113459332851182e-01
-9.1186972429436575e-01
-9.7457266493208616e-01
-1.0390449359810685e+00
-1.1047844948367989e+00
-1.1717921579944368e+00
-1.2398166633450312e+00
-1.3083115380805084e+00
-1.3770651886397918e+00
-1.4459205516521845e+00
-1.5140484203129017e+00
-1.5815481008751402e+00
-1.6477785038365185e+00
-1.7124624763548548e+00
-1.7752051106617674e+00
-1.8356500279891794e+00
-1.8934062345849776e+00
-1.9483008634521881e+00
-1.9997314852335781e+00
-2.0478198083556713e+00
-2.0918731485598445e+00
-2.1319423956591246e+00
-2.1679452358696634e+00
-2.1993052136350935e+00
-2.2262076178967289e+00
-2.2486303676781700e+00
-2.2663577603041194e+00
-2.2792659476929722e+00
-2.2875803830981214e+00
-2.2913131453140569e+00
-2.2905543006626266e+00
-2.2851724588815712e+00
-2.2754656453894171e+00
-2.2616096226035367e+00
-2.2437507708562729e+00
-2.2220987532660033e+00
0.0000000000000000e+00
2.4055929233035767e-01
0.0000000000000000e+00
0.0000000000000000e+00
];
