%Vec Object:sol 1 MPI processes
%  type: mpi
sol = [
0.0000000000000000e+00
-7.1781035629854895e+00
-6.7615428585992934e+00
-6.3700872897339069e+00
-6.0084151092688707e+00
-5.6722978975688765e+00
-5.3581742034277244e+00
-5.0596348490446958e+00
-4.7793063831981302e+00
-4.5153719514368076e+00
-4.2646661106836463e+00
-4.0259910553057559e+00
-3.8002573540756539e+00
-3.5847147333816474e+00
-3.3791226627221413e+00
-3.1843021733649661e+00
-2.9967408317088209e+00
-2.8189366297464065e+00
-2.6485733426864240e+00
-2.4865764233689047e+00
-2.3313217526115038e+00
-2.1840699609638681e+00
-2.0429051819837665e+00
-1.9089714179824866e+00
-1.7811962730455166e+00
-1.6597654034176605e+00
-1.5446892906212584e+00
-1.4350734234551108e+00
-1.3313898778724735e+00
-1.2334184993992254e+00
-1.1407176586933536e+00
-1.0531843292891203e+00
-9.7081707782998006e-01
-8.9341897963018513e-01
-8.2081473903133562e-01
-7.5259933054834993e-01
-6.8884670649357127e-01
-6.2937061832124330e-01
-5.7398593918876595e-01
-5.2251307110039247e-01
-4.7476551342899492e-01
-4.3056306759415341e-01
-3.8967160655456645e-01
-3.5198862427224126e-01
-3.1732894358025510e-01
-2.8554178858206508e-01
-2.5645491537631560e-01
-2.2986968930932936e-01
-2.0565859509805495e-01
-1.8366451579073392e-01
-1.6369498489003240e-01
-1.4563854206930535e-01
-1.2935672345059865e-01
-1.1467825739146886e-01
-1.0149903531001583e-01
-8.9705235341375006e-02
-7.9149796807566911e-02
-6.9737509838210157e-02
-6.1379811784179478e-02
-5.3954566766997600e-02
-4.7376706440867555e-02
-4.1581722163596124e-02
-3.6471284842025928e-02
-3.1970941724071805e-02
-2.8037735985403864e-02
-2.4594718863907697e-02
-2.1577791862492576e-02
-1.8962257588682422e-02
-1.6689346686722444e-02
-1.4704552968744315e-02
-1.2997817440485809e-02
-1.1525096411773942e-02
-1.0240394157312012e-02
-9.1447606091889198e-03
-8.2055302314656096e-03
-7.3840676471609926e-03
-6.6893417645367955e-03
-6.0970561601721290e-03
-5.5748963559821970e-03
-5.1370342465506440e-03
-4.7649905475414412e-03
-4.4319431209575528e-03
-4.1550641971699739e-03
-3.9196259235482747e-03
-3.7037128897338704e-03
-3.5257844421708105e-03
-3.3732550963012577e-03
-3.2287599838546994e-03
-3.1107595154507965e-03
-3.0075961850098850e-03
-2.9062895326198296e-03
-2.8243661160902030e-03
-2.7502041120707451e-03
-2.6751841263691627e-03
-2.6152393873714835e-03
-2.5581433649941297e-03
-2.4997124935758810e-03
-2.4538394856239844e-03
-2.4072488449228143e-03
-2.3603298807802200e-03
-2.3246509810034535e-03
-2.2856008057853040e-03
-2.2483133435603790e-03
-2.2218857812703833e-03
-2.1902064254030410e-03
-2.1633778477735057e-03
-2.1479935058878403e-03
-2.1264008548173797e-03
-2.1139477803013679e-03
-2.1148192441107117e-03
-2.1099196977706156e-03
-2.1202040837996232e-03
-2.1452366931962287e-03
-2.1721525493104935e-03
-2.2206099552208080e-03
-2.2879962871646836e-03
-2.3696555783492765e-03
-2.4831921219137655e-03
-2.6250675503420367e-03
-2.7996416030788619e-03
-3.0235084754760208e-03
-3.2933669398820661e-03
-3.6237722310353635e-03
-4.0318154259749118e-03
-4.5160955610115501e-03
-5.1030495215689965e-03
-5.8113977316434102e-03
-6.6467375185648376e-03
-7.6468375849472175e-03
-8.8332576956402214e-03
-1.0228947366174792e-02
-1.1878489673798603e-02
-1.3812300176798048e-02
-1.6073888728738651e-02
-1.8718442147749481e-02
-2.1789249290496780e-02
-2.5353920928063926e-02
-2.9481980484451917e-02
-3.4235003218664316e-02
-3.9706865121663569e-02
-4.5982839360900189e-02
-5.3154034596681082e-02
-6.1333070933461339e-02
-7.0628280282490088e-02
-8.1163322130594101e-02
-9.3072440847227794e-02
-1.0648472787204773e-01
-1.2155250540566474e-01
-1.3842657384318002e-01
-1.5725902398169664e-01
-1.7821754177624533e-01
-2.0146293695300213e-01
-2.2716037269998815e-01
-2.5547649479279039e-01
-2.8656832391428061e-01
-3.2059247518725253e-01
-3.5769359460902983e-01
-3.9800325660221741e-01
-4.4163803377003247e-01
-4.8869516413141406e-01
-5.3920908643586063e-01
-5.9318852486605689e-01
-6.5069902487267528e-01
-7.1171241803796748e-01
-7.7616963547878903e-01
-8.4397458407099535e-01
-9.1483565181699689e-01
-9.8858467221739221e-01
-1.0650675899854951e+00
-1.1440040492859538e+00
-1.2247948365577113e+00
-1.3072187110833238e+00
-1.3909750654390116e+00
-1.4752004889035744e+00
-1.5597129114230204e+00
-1.6439088574411038e+00
-1.7270619015643791e+00
-1.8088944329999865e+00
-1.8884909967866146e+00
-1.9656053933039150e+00
-2.0395040215578963e+00
-2.1096767072891889e+00
-2.1758998609154729e+00
-2.2371668564484524e+00
-2.2935285882109269e+00
-2.3446372076929900e+00
-2.3898463824277973e+00
-2.4290586765701616e+00
-2.4622177494081163e+00
-2.4891163732860151e+00
-2.5096827160520623e+00
-2.5236607938225801e+00
-2.5312889139924866e+00
-2.5326876507690361e+00
-2.5279252824035909e+00
-2.5171976800340823e+00
-2.5006959907691950e+00
-2.4786488595495944e+00
-2.4513661844918344e+00
0.0000000000000000e+00
2.4055929233035767e-01
0.0000000000000000e+00
0.0000000000000000e+00
];
