%Vec Object:sol 1 MPI processes
%  type: mpi
sol = [
0.0000000000000000e+00
-1.9627881500560562e+01
-1.6995964705994311e+01
-1.4850648213141467e+01
-1.3112900003079993e+01
-1.1652521220998443e+01
-1.0425209593938311e+01
-9.3606881356114258e+00
-8.4368928421898026e+00
-7.6196794447159846e+00
-6.8895248620958691e+00
-6.2351612712875619e+00
-5.6435621390063222e+00
-5.1057125716036929e+00
-4.6152461989051545e+00
-4.1668446910922832e+00
-3.7560565046580225e+00
-3.3796194175199434e+00
-3.0347938274219151e+00
-2.7180736401779000e+00
-2.4284272452712425e+00
-2.1636402037581632e+00
-1.9219727683892340e+00
-1.7018666214307585e+00
-1.5021775970410058e+00
-1.3211786875404963e+00
-1.1579847707090445e+00
-1.0112868064687803e+00
-8.7970486518670943e-01
-7.6234320457997118e-01
-6.5808023217959788e-01
-5.6583198119976064e-01
-4.8456999179959293e-01
-4.1326077193973748e-01
-3.5098142191299969e-01
-2.9688620339355204e-01
-2.5013333812333510e-01
-2.0989301856352691e-01
-1.7543821223390613e-01
-1.4610314913559766e-01
-1.2123118189331940e-01
-1.0023967202224228e-01
-8.2642374326503176e-02
-6.7955354148618585e-02
-5.5729054207332228e-02
-4.5640446834942346e-02
-3.7358579278909322e-02
-3.0546536646795207e-02
-2.5014674687153376e-02
-2.0550253253277240e-02
-1.6915616126532033e-02
-1.4007657398532122e-02
-1.1700132431509377e-02
-9.8386920214397905e-03
-8.3654386389282846e-03
-7.2168479887848155e-03
-6.2950479917636372e-03
-5.5675855093358815e-03
-5.0110798788845822e-03
-4.5638920799544284e-03
-4.2056844910292341e-03
-3.9373092350470521e-03
-3.7194447334184151e-03
-3.5359610253001502e-03
-3.4015824428100085e-03
-3.2903879060052527e-03
-3.1864677014655572e-03
-3.1120560704457423e-03
-3.0491825143209193e-03
-2.9806782801880113e-03
-2.9325114273246107e-03
-2.8914131625440514e-03
-2.8388656995551229e-03
-2.8023555507224358e-03
-2.7713630959391249e-03
-2.7266022229382484e-03
-2.6957464832328059e-03
-2.6698000262848180e-03
-2.6295406936911216e-03
-2.6019832912761802e-03
-2.5788306506793609e-03
-2.5417914667558335e-03
-2.5166432368295554e-03
-2.4951872996244171e-03
-2.4608664926149331e-03
-2.4377969359250405e-03
-2.4174133802312829e-03
-2.3855972563818391e-03
-2.3644767030012821e-03
-2.3447445319795487e-03
-2.3153209674494006e-03
-2.2960875560906978e-03
-2.2766857987858193e-03
-2.2495772701144373e-03
-2.2321902940602746e-03
-2.2128574869382002e-03
-2.1879971131381526e-03
-2.1724205084511167e-03
-2.1529389057807140e-03
-2.1302645283928561e-03
-2.1164635430343617e-03
-2.0966546663620388e-03
-2.0761059288784529e-03
-2.0640452109737498e-03
-2.0437530799904680e-03
-2.0252709905397436e-03
-2.0149145983250224e-03
-1.9940080403562524e-03
-1.9775354573521456e-03
-1.9688476964930665e-03
-1.9472170194125714e-03
-1.9326987619004269e-03
-1.9231185810139018e-03
-1.9032047106747843e-03
-1.8905912164751534e-03
-1.8795884379499053e-03
-1.8618297626854566e-03
-1.8510862222791448e-03
-1.8386580236458643e-03
-1.8230275761855004e-03
-1.8141630817680209e-03
-1.8003863701443773e-03
-1.7869490440847254e-03
-1.7801019882893159e-03
-1.7652375096783046e-03
-1.7543182605162138e-03
-1.7490219289060353e-03
-1.7348147747340580e-03
-1.7274501959477729e-03
-1.7226206465700484e-03
-1.7137779317191837e-03
-1.7128599621747992e-03
-1.7125824053997902e-03
-1.7145848650058308e-03
-1.7276030475812181e-03
-1.7421224074716849e-03
-1.7686263248824880e-03
-1.8134529523200129e-03
-1.8676068501789567e-03
-1.9507778739217487e-03
-2.0663814810271404e-03
-2.2188385278996219e-03
-2.4304212622879972e-03
-2.7095294737665256e-03
-3.0790857959863828e-03
-3.5705386124506903e-03
-4.2051734728835322e-03
-5.0333903703208916e-03
-6.1045015398602156e-03
-7.4726258084806263e-03
-9.2229516683691587e-03
-1.1440624463483186e-02
-1.4235586120766808e-02
-1.7744440293391502e-02
-2.2112866267636817e-02
-2.7530721039967156e-02
-3.4210148389487147e-02
-4.2390081213180025e-02
-5.2359935421041268e-02
-6.4433403956462826e-02
-7.8969141909194115e-02
-9.6368845648406351e-02
-1.1706178754789633e-01
-1.4152728593396890e-01
-1.7026955859779141e-01
-2.0381445242311985e-01
-2.4269855412396424e-01
-2.8748196647535929e-01
-3.3870696086133467e-01
-3.9688829304913559e-01
-4.6249376121706098e-01
-5.3592013883265655e-01
-6.1747337758652820e-01
-7.0733862060492492e-01
-8.0545997141858294e-01
-9.1169307258860921e-01
-1.0257697223763986e+00
-1.1471705146083953e+00
-1.2748813838971675e+00
-1.4080568231258379e+00
-1.5455596725532978e+00
-1.6855558644331015e+00
-1.8269422958033084e+00
-1.9673770939065183e+00
-2.1054757053766484e+00
-2.2390987971949232e+00
-2.3662343937920731e+00
-2.4852732765915380e+00
-2.5944566205802557e+00
-2.6920423088759535e+00
-2.7766846578974334e+00
-2.8474150427929379e+00
-2.9033490941908284e+00
-2.9439528836333899e+00
-2.9688830032842226e+00
-2.9781666519645116e+00
-2.9720361366141068e+00
-2.9509605622367827e+00
-2.9156767967028339e+00
0.0000000000000000e+00
1.3464638167935297e-01
0.0000000000000000e+00
0.0000000000000000e+00
];
