%Vec Object:sol 1 MPI processes
%  type: mpi
sol = [
0.0000000000000000e+00
-8.5917385393549175e+00
-8.0000771772391719e+00
-7.4582351886214253e+00
-6.9600469518026697e+00
-6.4990311225981490e+00
-6.0683597042512796e+00
-5.6667843046275905e+00
-5.2915394200121151e+00
-4.9393436823618426e+00
-4.6080764388723736e+00
-4.2957921875441754e+00
-3.9997251813880799e+00
-3.7204840316816852e+00
-3.4572173759171392e+00
-3.2069045336157842e+00
-2.9709342986621974e+00
-2.7477250513121381e+00
-2.5368636398248605e+00
-2.3380586838161177e+00
-2.1503463820140176e+00
-1.9739282526441280e+00
-1.8082186852918638e+00
-1.6524792175008032e+00
-1.5070442433775419e+00
-1.3710328641353962e+00
-1.2441736113282769e+00
-1.1263787555114189e+00
-1.0172498987264791e+00
-9.1606497495262318e-01
-8.2278227399568782e-01
-7.3704803991700196e-01
-6.5845410819843730e-01
-5.8661744606511534e-01
-5.2112869733338829e-01
-4.6155597279950539e-01
-4.0763407136699509e-01
-3.5896624232715890e-01
-3.1519265931232415e-01
-2.7596704482285700e-01
-2.4092071948712504e-01
-2.0971000524729375e-01
-1.8203605682333315e-01
-1.5757598881532558e-01
-1.3600846233442188e-01
-1.1709302520200916e-01
-1.0056310222725572e-01
-8.6127701864802689e-02
-7.3608273870686566e-02
-6.2794014203844034e-02
-5.3440428484040771e-02
-4.5416566558601726e-02
-3.8565056388898421e-02
-3.2698078119520274e-02
-2.7715099682199006e-02
-2.3509719680481236e-02
-1.9943283058498008e-02
-1.6940282529635618e-02
-1.4435909173911772e-02
-1.2331278258357586e-02
-1.0569911628403804e-02
-9.1187728841353767e-03
-7.9092982719553718e-03
-6.8984227269554225e-03
-6.0759549470419368e-03
-5.3952736750942564e-03
-4.8221460655859102e-03
-4.3618516263672922e-03
-3.9829079617575052e-03
-3.6566264797488262e-03
-3.3980853373935991e-03
-3.1857881749380625e-03
-2.9944997221505770e-03
-2.8449897298198808e-03
-2.7220419868318837e-03
-2.6027607619477618e-03
-2.5107618855679100e-03
-2.4345420127452966e-03
-2.3531347401161847e-03
-2.2910928974482067e-03
-2.2388881411248593e-03
-2.1775248539381985e-03
-2.1312343341184136e-03
-2.0912947302654246e-03
-2.0409753863165968e-03
-2.0033593525215230e-03
-1.9697376491908366e-03
-1.9260533667879555e-03
-1.8936911705453665e-03
-1.8634018488563222e-03
-1.8242384646583200e-03
-1.7955122480692706e-03
-1.7670344662127895e-03
-1.7313831817125128e-03
-1.7055320720013693e-03
-1.6780530033218147e-03
-1.6454186851526738e-03
-1.6220750475101889e-03
-1.5951239823109450e-03
-1.5652468615177226e-03
-1.5442228168263124e-03
-1.5175067379798010e-03
-1.4902397472077100e-03
-1.4714376840223638e-03
-1.4447632847869644e-03
-1.4200318249073501e-03
-1.4034244627804697e-03
-1.3766996627864517e-03
-1.3545205870481268e-03
-1.3401906194866874e-03
-1.3134832221793568e-03
-1.2940545978834472e-03
-1.2798493367942277e-03
-1.2560272491942985e-03
-1.2399541665976846e-03
-1.2262315684719253e-03
-1.2068928426674297e-03
-1.1956891379105096e-03
-1.1844825531405697e-03
-1.1722680163611067e-03
-1.1694168296629062e-03
-1.1653048940866216e-03
-1.1660909306962968e-03
-1.1791938716823292e-03
-1.1919783910838487e-03
-1.2182350052698328e-03
-1.2622316297822404e-03
-1.3130383962577298e-03
-1.3901551932274392e-03
-1.4944407328220399e-03
-1.6257447191221090e-03
-1.8034086051250794e-03
-2.0296794090116747e-03
-2.3175250884284741e-03
-2.6892034905823159e-03
-3.1519262189095604e-03
-3.7356030055353123e-03
-4.4697800544122182e-03
-5.3733173438030414e-03
-6.4976958702186753e-03
-7.8839482388270501e-03
-9.5800330642521556e-03
-1.1657630654048706e-02
-1.4182191744041790e-02
-1.7240618725423422e-02
-2.0935903802592144e-02
-2.5369841312451350e-02
-3.0679916161008326e-02
-3.7010951991414694e-02
-4.4520421505572359e-02
-5.3399172918557988e-02
-6.3847763289640536e-02
-7.6092789520213880e-02
-9.0386878490110401e-02
-1.0699206308375694e-01
-1.2620458868658399e-01
-1.4833397466856843e-01
-1.7370280233044272e-01
-2.0265750661130005e-01
-2.3554621710441037e-01
-2.7272467541710421e-01
-3.1454824646313218e-01
-3.6135944088742866e-01
-4.1348540009026374e-01
-4.7122394900923420e-01
-5.3483480210652401e-01
-6.0452414531370147e-01
-6.8033603338404991e-01
-7.6237817434619659e-01
-8.5065097008828194e-01
-9.4504857877961135e-01
-1.0453382339936494e+00
-1.1508703205272577e+00
-1.2614278991342802e+00
-1.3764474652879957e+00
-1.4948400509630271e+00
-1.6160237497924266e+00
-1.7389857453716460e+00
-1.8624523836760138e+00
-1.9855686138077331e+00
-2.1068622882451229e+00
-2.2252531918313947e+00
-2.3397219103284161e+00
-2.4484981042836425e+00
-2.5509489283338107e+00
-2.6459782270400094e+00
-2.7325182664234609e+00
-2.8094622531451878e+00
-2.8764521711970437e+00
-2.9328368364398840e+00
-2.9782176654458854e+00
-3.0123034492478538e+00
-3.0349615462820085e+00
-3.0462704692780864e+00
-3.0463410646364251e+00
-3.0355033042384707e+00
-3.0141396757329377e+00
-2.9827279326571245e+00
-2.9418859544606120e+00
0.0000000000000000e+00
2.4055929233035767e-01
0.0000000000000000e+00
0.0000000000000000e+00
];
