%Vec Object:sol 1 MPI processes
%  type: mpi
sol = [
0.0000000000000000e+00
-1.9098811141384605e+01
-1.6294300935434674e+01
-1.3923772448487485e+01
-1.1887324355356670e+01
-1.0111410701752272e+01
-8.5474713744804447e+00
-7.1718175013333285e+00
-5.9614464730155134e+00
-4.9035284930280083e+00
-3.9858636085481800e+00
-3.1990450200296432e+00
-2.5326358824282802e+00
-1.9757331881490852e+00
-1.5183119256599391e+00
-1.1484918801554493e+00
-8.5463957877584118e-01
-6.2553355793364229e-01
-4.5019027042218618e-01
-3.1854887718669694e-01
-2.2163287010902219e-01
-1.5159908872281741e-01
-1.0201649610909515e-01
-6.7613786477207144e-02
-4.4158622016524374e-02
-2.8477841613411464e-02
-1.8224414091550279e-02
-1.1627869736956594e-02
-7.4283250807481663e-03
-4.8409259369125487e-03
-3.2819990714848630e-03
-2.2968712404149755e-03
-1.7260595132297606e-03
-1.4146912350378902e-03
-1.1921972682367406e-03
-1.0636509160493097e-03
-1.0062223826312990e-03
-9.4774502962534086e-04
-8.9961722872564218e-04
-8.8363291805006216e-04
-8.6280626594190460e-04
-8.2602922217174621e-04
-8.1357948454925005e-04
-8.0669089814217900e-04
-7.7055584705387433e-04
-7.5643745373532285e-04
-7.5826284005861186e-04
-7.2173744465089419e-04
-7.0581794191564202e-04
-7.0987713675281028e-04
-6.7754319439838027e-04
-6.6027464093546873e-04
-6.6182725742917133e-04
-6.3722865523300055e-04
-6.1904261354629015e-04
-6.1860917274793520e-04
-6.0023277833176885e-04
-5.8149008573961695e-04
-5.7951195854529132e-04
-5.6607968747470741e-04
-5.4708491502862327e-04
-5.4394271776247625e-04
-5.3438786241644641e-04
-5.1540678914570000e-04
-5.1143610895984352e-04
-5.0486901488040054e-04
-4.8613367348378483e-04
-4.8162897344518281e-04
-4.7729553903770778e-04
-4.5900684691362991e-04
-4.5422439568428409e-04
-4.5149034513415398e-04
-4.3381769176269619e-04
-4.2897639441591103e-04
-4.2730551665383674e-04
-4.1038965940871528e-04
-4.0567510243436354e-04
-4.0461319745634279e-04
-3.8856864486121493e-04
-3.8413634407199202e-04
-3.8329813674700414e-04
-3.6821724556631099e-04
-3.6419725410355436e-04
-3.6325644284926513e-04
-3.4921224794597213e-04
-3.4571237341491826e-04
-3.4439287815793640e-04
-3.3144235050604329e-04
-3.2855171102461772e-04
-3.2662078865907691e-04
-3.1480736413905442e-04
-3.1259924466004254e-04
-3.0986190255278775e-04
-2.9921878060516218e-04
-2.9775428449457428e-04
-2.9404887729634412e-04
-2.8460055666764664e-04
-2.8393057545019119e-04
-2.7912661513522920e-04
-2.7089308371280765e-04
-2.7106262270274671e-04
-2.6506248175717375e-04
-2.5806137959045891e-04
-2.5911138888875157e-04
-2.5183604183652444e-04
-2.4608234737744799e-04
-2.4804861882404366e-04
-2.3943802867738725e-04
-2.3494213415414634e-04
-2.3785282014132059e-04
-2.2785848287444103e-04
-2.2462161168877726e-04
-2.2601671394809563e-04
-2.1707636023195485e-04
-2.1509007667464824e-04
-2.1448355422742975e-04
-2.0705471143960070e-04
-2.0630464864942254e-04
-2.0370252822088066e-04
-1.9775428953726893e-04
-1.9822545250783972e-04
-1.9365072401085587e-04
-1.8915558661312623e-04
-1.9083563223559955e-04
-1.8431422030413269e-04
-1.8124713013457214e-04
-1.8317324321334347e-04
-1.7568573333649846e-04
-1.7402108059359498e-04
-1.7365724952516103e-04
-1.6775845542462317e-04
-1.6746856760338364e-04
-1.6486937050688865e-04
-1.6051955905663117e-04
-1.6157541392450094e-04
-1.5680459325840532e-04
-1.5396494933869130e-04
-1.5592766540847345e-04
-1.4945026669944787e-04
-1.4808312246593125e-04
-1.4766119661752342e-04
-1.4279735716070328e-04
-1.4286502505819751e-04
-1.4013121468421663e-04
-1.3683506469337617e-04
-1.3830014375960643e-04
-1.3332966879620506e-04
-1.3155661109350770e-04
-1.3204862104311546e-04
-1.2724347082363963e-04
-1.2695064233751130e-04
-1.2507718120020547e-04
-1.2186281475764435e-04
-1.2301358801651628e-04
-1.1887255607453311e-04
-1.1722898348072764e-04
-1.1780276155718173e-04
-1.1364171940296007e-04
-1.1380848760500224e-04
-1.1269126844871363e-04
-1.1151568185356610e-04
-1.1601420626282062e-04
-1.1844634041472347e-04
-1.3037100070002974e-04
-1.5603083796869929e-04
-2.0230077959682073e-04
-2.9701784053206979e-04
-4.7045122329640837e-04
-7.9012048324199531e-04
-1.3685626800004273e-03
-2.3814472456609730e-03
-4.1383707585365475e-03
-7.1156874052215558e-03
-1.2062801777837947e-02
-2.0125486419789680e-02
-3.2987789771839242e-02
-5.3095762813024729e-02
-8.3861290249787931e-02
-1.2991713278628458e-01
-1.9733816057264988e-01
-2.9376541297468606e-01
-4.2839019155428665e-01
-6.1165234572559202e-01
-8.5457207313735650e-01
-1.1676075158703758e+00
-1.5588593782524118e+00
-2.0318415218394894e+00
-2.5842509060550602e+00
-3.2043825522212463e+00
-3.8717302118903794e+00
-4.5573946915857153e+00
-5.2247779428159333e+00
-5.8361198823103928e+00
-6.3544571571499882e+00
-6.7502799401867959e+00
-7.0032808232297388e+00
-7.1034146108396747e+00
-7.0530681175701400e+00
-6.8630604102798216e+00
0.0000000000000000e+00
2.4055929233035767e-01
0.0000000000000000e+00
0.0000000000000000e+00
];
