%Vec Object:sol 1 MPI processes
%  type: mpi
sol = [
0.0000000000000000e+00
-1.6048276201382855e+01
-1.4239289457294225e+01
-1.2735277057849904e+01
-1.1470451823862479e+01
-1.0376814754410551e+01
-9.4370463073843229e+00
-8.6179265519799344e+00
-7.8954824114569764e+00
-7.2507042693561994e+00
-6.6703176685481109e+00
-6.1446020664863061e+00
-5.6660227370933622e+00
-5.2279365070093373e+00
-4.8247969605478405e+00
-4.4527058287451835e+00
-4.1080787229703448e+00
-3.7883840412770486e+00
-3.4916388743379647e+00
-3.2150704707876256e+00
-2.9567938419276061e+00
-2.7166642227749187e+00
-2.4924415089113938e+00
-2.2833241776006798e+00
-2.0886263512033265e+00
-1.9071939793855557e+00
-1.7384145418341042e+00
-1.5816909325682951e+00
-1.4361089004154128e+00
-1.3014212651029571e+00
-1.1768043789000682e+00
-1.0617239532474909e+00
-9.5581240024369796e-01
-8.5853006765212481e-01
-7.6928608770913975e-01
-6.8760522449475947e-01
-6.1312452494155101e-01
-5.4537486923956469e-01
-4.8391023546398049e-01
-4.2830496486167080e-01
-3.7813153394047561e-01
-3.3295719808059288e-01
-2.9243063991773810e-01
-2.5619798003682120e-01
-2.2388224145394242e-01
-1.9517645963342312e-01
-1.6975705727974030e-01
-1.4728096133570587e-01
-1.2750801050915611e-01
-1.1017282540019939e-01
-9.4980338054664590e-02
-8.1744380653735030e-02
-7.0256968890611601e-02
-6.0282821899197099e-02
-5.1673702006140958e-02
-4.4278536364964032e-02
-3.7916928209573729e-02
-3.2473547140690701e-02
-2.7846443028134809e-02
-2.3902216646242834e-02
-2.0552568032456236e-02
-1.7735328077668904e-02
-1.5354993506341136e-02
-1.3344215884262507e-02
-1.1671211045712926e-02
-1.0269427225206053e-02
-9.0869203454455472e-03
-8.1138311564242470e-03
-7.3046442254566775e-03
-6.6182951741977115e-03
-6.0598267830726787e-03
-5.5983045361889059e-03
-5.2001714605705634e-03
-4.8799315698438385e-03
-4.6162801765134267e-03
-4.3809043693573430e-03
-4.1937721469991838e-03
-4.0395923247552017e-03
-3.8939579924592901e-03
-3.7794887423417589e-03
-3.6843632448222852e-03
-3.5874336975161751e-03
-3.5120574827226035e-03
-3.4481402222538505e-03
-3.3776127284719263e-03
-3.3232978479795783e-03
-3.2756499892343045e-03
-3.2197805117959179e-03
-3.1771418511365949e-03
-3.1379405825023333e-03
-3.0907185374957889e-03
-3.0550083304072074e-03
-3.0202224048687851e-03
-2.9786414898192179e-03
-2.9475132364414789e-03
-2.9150712344108670e-03
-2.8776478285948959e-03
-2.8499595454489694e-03
-2.8187838411619444e-03
-2.7847907801974744e-03
-2.7599975712771208e-03
-2.7295242922669538e-03
-2.6986181158268324e-03
-2.6764878169732850e-03
-2.6464405726342797e-03
-2.6185137481009551e-03
-2.5990338090798636e-03
-2.5693821541508777e-03
-2.5445665241182031e-03
-2.5279948890743905e-03
-2.4990510076154508e-03
-2.4778733530917219e-03
-2.4624355612990348e-03
-2.4376749852615546e-03
-2.4214463424689693e-03
-2.4083813268845774e-03
-2.3905258147122717e-03
-2.3821437135249915e-03
-2.3751944480206607e-03
-2.3689797109835969e-03
-2.3744809537088888e-03
-2.3813210136801946e-03
-2.3963443812402090e-03
-2.4277777024803715e-03
-2.4634890748831441e-03
-2.5184373894616770e-03
-2.5979892277735975e-03
-2.6921424438567359e-03
-2.8220785551100079e-03
-2.9900965975815847e-03
-3.1975964212553453e-03
-3.4659598054840443e-03
-3.7992172424745423e-03
-4.2123558644996343e-03
-4.7297883836815990e-03
-5.3604796155372432e-03
-6.1362572739527841e-03
-7.0881770264972386e-03
-8.2358517286384159e-03
-9.6312313765059207e-03
-1.1314546994242069e-02
-1.3331632635342318e-02
-1.5750547460788727e-02
-1.8630756591714110e-02
-2.2050632623898746e-02
-2.6101421261718202e-02
-3.0869135238785029e-02
-3.6471043591136634e-02
-4.3026304593118014e-02
-5.0660531699119694e-02
-5.9527987822892238e-02
-6.9781705349988871e-02
-8.1593053929999645e-02
-9.5150456674626890e-02
-1.1064184358058053e-01
-1.2827917272383593e-01
-1.4827724637560322e-01
-1.7085204610702287e-01
-1.9622254858835497e-01
-2.2462139086740457e-01
-2.5627135183749472e-01
-2.9138929209154119e-01
-3.3017530802735323e-01
-3.7281532790817823e-01
-4.1946913246131806e-01
-4.7026641937002928e-01
-5.2529823325071723e-01
-5.8461572358829428e-01
-6.4814381140322241e-01
-7.1582884405902625e-01
-7.8759177202209774e-01
-8.6323642290266211e-01
-9.4251390368972610e-01
-1.0248662899578631e+00
-1.1100619115818395e+00
-1.1976674326439869e+00
-1.2868814463281910e+00
-1.3772195069754678e+00
-1.4681192250003270e+00
-1.5584587773471219e+00
-1.6479972772327591e+00
-1.7354203760536868e+00
-1.8204965907516533e+00
-1.9018642939139541e+00
-1.9792698622783911e+00
-2.0517343503114365e+00
-2.1185938005914990e+00
-2.1794437657208876e+00
-2.2335802196406958e+00
-2.2804879484250695e+00
-2.3200236709504432e+00
-2.3518806534074082e+00
-2.3758204491111017e+00
-2.3916242530542053e+00
-2.3994643813847603e+00
-2.3994449808019644e+00
-2.3917122492587657e+00
-2.3764887536750119e+00
-2.3541119075795853e+00
0.0000000000000000e+00
1.3464638167935297e-01
0.0000000000000000e+00
0.0000000000000000e+00
];
