%Vec Object:sol 1 MPI processes
%  type: mpi
sol = [
0.0000000000000000e+00
-6.2687370064049164e+00
-5.9450280818389292e+00
-5.6418747322690219e+00
-5.3612689918106105e+00
-5.0962484864230859e+00
-4.8448625999889705e+00
-4.6096907878087761e+00
-4.3856309328565004e+00
-4.1726058508752164e+00
-3.9716978477163609e+00
-3.7778206471515969e+00
-3.5944233958084784e+00
-3.4184717558288304e+00
-3.2501659757755124e+00
-3.0895410328647901e+00
-2.9347033208891746e+00
-2.7870015491281919e+00
-2.6445837508678443e+00
-2.5084970153998931e+00
-2.3772560960877676e+00
-2.2516964249759330e+00
-2.1311236496509744e+00
-2.0151021133474303e+00
-1.9043946095089190e+00
-1.7974959422169228e+00
-1.6953488113345268e+00
-1.5976621581130854e+00
-1.5037301339131426e+00
-1.4140845992419824e+00
-1.3285506363444783e+00
-1.2465035249658443e+00
-1.1683026621571608e+00
-1.0938533885623338e+00
-1.0230616643152077e+00
-9.5543993746626366e-01
-8.9125769247733511e-01
-8.3041538352685851e-01
-7.7279176523872939e-01
-7.1827180374651045e-01
-6.6660977040084535e-01
-6.1784271681201530e-01
-5.7190168147743092e-01
-5.2868006802782053e-01
-4.8806744171979355e-01
-4.4997002645603656e-01
-4.1428591846525087e-01
-3.8089570009736184e-01
-3.4968789906936248e-01
-3.2057882182817243e-01
-2.9347269870377896e-01
-2.6829565328534560e-01
-2.4495356621431072e-01
-2.2332437743932237e-01
-2.0333398428156443e-01
-1.8489856200735352e-01
-1.6790436129902001e-01
-1.5227668284333967e-01
-1.3794368962200043e-01
-1.2480227553243485e-01
-1.1277820267727064e-01
-1.0181247113639098e-01
-9.1814023411377219e-02
-8.2710686300346350e-02
-7.4456432589915869e-02
-6.6972770830543538e-02
-6.0191234933929735e-02
-5.4078230182358772e-02
-4.8567532945865743e-02
-4.3595829305045866e-02
-3.9140836338688464e-02
-3.5147718983510198e-02
-3.1559299585381201e-02
-2.8363134755500022e-02
-2.5514490792912823e-02
-2.2962866133870961e-02
-2.0703985662906651e-02
-1.8701691942679791e-02
-1.6912338264126886e-02
-1.5338087467066120e-02
-1.3949746955907914e-02
-1.2710452283488901e-02
-1.1627129684665291e-02
-1.0675975783900751e-02
-9.8266918946418556e-03
-9.0894347458857060e-03
-8.4443396855972720e-03
-7.8674044421825490e-03
-7.3706800546816768e-03
-6.9369727132127697e-03
-6.5483222838701475e-03
-6.2175645600858085e-03
-5.9291228747186484e-03
-5.6708865556173655e-03
-5.4556032516546562e-03
-5.2684858702282556e-03
-5.1031710070401533e-03
-4.9716820409129786e-03
-4.8594238800845520e-03
-4.7657853693796083e-03
-4.7016608259927133e-03
-4.6522809743528614e-03
-4.6229061920071458e-03
-4.6231286743803049e-03
-4.6378594963696219e-03
-4.6785012363027515e-03
-4.7533934325707855e-03
-4.8472165613663611e-03
-4.9779420805779054e-03
-5.1529439237149120e-03
-5.3570085904267126e-03
-5.6152798674825345e-03
-5.9322623190918933e-03
-6.3007902219931996e-03
-6.7466380741160814e-03
-7.2742319108036503e-03
-7.8867549865179239e-03
-8.6102070231441046e-03
-9.4505411997988648e-03
-1.0422365819483023e-02
-1.1553219297047416e-02
-1.2851994803483709e-02
-1.4345986650136276e-02
-1.6065832709775518e-02
-1.8025026575033867e-02
-2.0264924101751274e-02
-2.2820089921350324e-02
-2.5713150069215800e-02
-2.8998135659599095e-02
-3.2713916322763784e-02
-3.6900939241790866e-02
-4.1619375405083481e-02
-4.6915309222870794e-02
-5.2848947397329850e-02
-5.9488970643402132e-02
-6.6892104221238494e-02
-7.5135306687018233e-02
-8.4295112724600205e-02
-9.4438883551836980e-02
-1.0565875086628937e-01
-1.1803608243061162e-01
-1.3165431208188144e-01
-1.4660961425852298e-01
-1.6298827294730078e-01
-1.8088384663559076e-01
-2.0039175428767422e-01
-2.2159797124479605e-01
-2.4459702545617909e-01
-2.6947535074843570e-01
-2.9631319037752779e-01
-3.2519079484608721e-01
-3.5617740204191345e-01
-3.8933481813233001e-01
-4.2471535864794874e-01
-4.6232428765199196e-01
-5.0217704578274924e-01
-5.4431557150542209e-01
-5.8873736067506566e-01
-6.3541565777961484e-01
-6.8431291630551294e-01
-7.3536739166982867e-01
-7.8836462485440773e-01
-8.4326750099518821e-01
-8.9998444922702070e-01
-9.5837234760664691e-01
-1.0181895129024645e+00
-1.0790874597504663e+00
-1.1410649147657750e+00
-1.2038931862552731e+00
-1.2669827804510676e+00
-1.3303542159243031e+00
-1.3937684968988584e+00
-1.4564742768320424e+00
-1.5186665970679534e+00
-1.5797164022900063e+00
-1.6394255132256386e+00
-1.6975018616331385e+00
-1.7534958637996436e+00
-1.8073076272449744e+00
-1.8584735506602155e+00
-1.9068365680022363e+00
-1.9522095557521957e+00
-1.9941075350062503e+00
-2.0327367997341295e+00
-2.0675051080957134e+00
-2.0985016697283081e+00
-2.1257091980643432e+00
-2.1487024539711119e+00
-2.1676485847761255e+00
-2.1825613081241273e+00
-2.1933647918423222e+00
-2.1998950894662515e+00
-2.2024260077121003e+00
-2.2010403675453265e+00
-2.1957563698205407e+00
-2.1864989128037493e+00
-2.1736149644659957e+00
-2.1572255980363217e+00
-2.1375105460456778e+00
0.0000000000000000e+00
2.4055929233035767e-01
0.0000000000000000e+00
0.0000000000000000e+00
];
