%Vec Object:sol 1 MPI processes
%  type: mpi
sol = [
0.0000000000000000e+00
-1.2128203393923510e+01
-1.1088606028704707e+01
-1.0167501585686114e+01
-9.3580050321654671e+00
-8.6448709319024957e+00
-8.0127079942426640e+00
-7.4489535085177998e+00
-6.9434555295244005e+00
-6.4865664479772480e+00
-6.0711678181429560e+00
-5.6921744091894633e+00
-5.3433377682821002e+00
-5.0194213828390533e+00
-4.7200042683291450e+00
-4.4421882335519767e+00
-4.1833092926323587e+00
-3.9393382917576494e+00
-3.7112076232497531e+00
-3.4972209825767471e+00
-3.2945955251941612e+00
-3.1038056334116577e+00
-2.9239511299416745e+00
-2.7526857160586591e+00
-2.5913714065979359e+00
-2.4378430539347735e+00
-2.2926715962095510e+00
-2.1544919496619497e+00
-2.0238689294280112e+00
-1.8993166616055477e+00
-1.7815089855152406e+00
-1.6694034313533734e+00
-1.5631362920633221e+00
-1.4624758000573732e+00
-1.3667590064250739e+00
-1.2762378973740067e+00
-1.1906348990488220e+00
-1.1093704535360318e+00
-1.0326334285109111e+00
-9.6021294572197879e-01
-8.9192602037678048e-01
-8.2737002830994288e-01
-7.6661939681954860e-01
-7.0951029496250162e-01
-6.5588274725531182e-01
-6.0557455822730855e-01
-5.5837840817016116e-01
-5.1416709079199774e-01
-4.7286355356826570e-01
-4.3432999962545310e-01
-3.9841404930612040e-01
-3.6499925720692533e-01
-3.3396025007924901e-01
-3.0515213635450272e-01
-2.7846871340974166e-01
-2.5379877589852406e-01
-2.3098710565302372e-01
-2.0995085787795600e-01
-1.9060237486729614e-01
-1.7281791780041231e-01
-1.5650102305315822e-01
-1.4157045753238576e-01
-1.2791643147466816e-01
-1.1544785716355187e-01
-1.0409936460841634e-01
-9.3775624661569940e-02
-8.4391747048580948e-02
-7.5897459116461813e-02
-6.8211610770862810e-02
-6.1256587691924033e-02
-5.4995927459813292e-02
-4.9361801480794963e-02
-4.4284674941591703e-02
-3.9740258901237058e-02
-3.5672733305959027e-02
-3.2021069601281815e-02
-2.8771294556735851e-02
-2.5877987421631950e-02
-2.3288697866058042e-02
-2.0997822934282172e-02
-1.8968590449875266e-02
-1.7156927404099954e-02
-1.5563687987706182e-02
-1.4158991176080620e-02
-1.2906769783315189e-02
-1.1812550837527363e-02
-1.0851686276008696e-02
-9.9956700673900414e-03
-9.2531148987185039e-03
-8.6031210578151190e-03
-8.0243052432869555e-03
-7.5270165635933327e-03
-7.0928377119720137e-03
-6.7071329788563278e-03
-6.3808949272941519e-03
-6.0971625071217905e-03
-5.8477723119364092e-03
-5.6435265787598025e-03
-5.4681418667411903e-03
-5.3197707447968402e-03
-5.2084434379355421e-03
-5.1180223967344455e-03
-5.0529431477346048e-03
-5.0221287253877488e-03
-5.0092848977421533e-03
-5.0252514873825637e-03
-5.0777343159764659e-03
-5.1502113954880937e-03
-5.2601942607194219e-03
-5.4142879151026554e-03
-5.5959008176838963e-03
-5.8296349354254821e-03
-6.1188336852984766e-03
-6.4547342825947308e-03
-6.8620875551897642e-03
-7.3435632219632160e-03
-7.9002909789729747e-03
-8.5564415009378517e-03
-9.3153099612818500e-03
-1.0188650870878420e-02
-1.1201000139524136e-02
-1.2357289471983500e-02
-1.3680731487262426e-02
-1.5197333670095061e-02
-1.6914831361155368e-02
-1.8868765496760451e-02
-2.1086880500628121e-02
-2.3583745216470001e-02
-2.6405211682017878e-02
-2.9580494255382884e-02
-3.3139295356164361e-02
-3.7131133853056608e-02
-4.1590311421159681e-02
-4.6561822281117791e-02
-5.2099530903319896e-02
-5.8243454588583293e-02
-6.5053309541404050e-02
-7.2586972835994371e-02
-8.0891187760712233e-02
-9.0037541111543232e-02
-1.0008489692556993e-01
-1.1109308350284851e-01
-1.2313468314490163e-01
-1.3627054280347542e-01
-1.5056295915822665e-01
-1.6608175244241349e-01
-1.8288974527680771e-01
-2.0105669754105418e-01
-2.2064386773123890e-01
-2.4170649413645157e-01
-2.6430360618795834e-01
-2.8848290382859881e-01
-3.1428819655667567e-01
-3.4175779092423664e-01
-3.7091941725026267e-01
-4.0179379750766331e-01
-4.3439077846997709e-01
-4.6869225505563294e-01
-5.0464463518234592e-01
-5.4226673689460714e-01
-5.8151733171762010e-01
-6.2233919196242460e-01
-6.6466939795834201e-01
-7.0841586603227391e-01
-7.5334077391950949e-01
-7.9945657849370699e-01
-8.4662497555787153e-01
-8.9471195920374802e-01
-9.4341688954328640e-01
-9.9261094989257037e-01
-1.0422021973850484e+00
-1.0919352980858361e+00
-1.1414228379086415e+00
-1.1906903776625082e+00
-1.2394340129588275e+00
-1.2872711823548215e+00
-1.3342354156994700e+00
-1.3798504255775117e+00
-1.4240495247392191e+00
-1.4665919246166759e+00
-1.5071621573578378e+00
-1.5457595761941370e+00
-1.5819225899276608e+00
-1.6157941038281800e+00
-1.6469076860179876e+00
-1.6753922319721477e+00
-1.7009480632282832e+00
-1.7235384823577056e+00
-1.7431699731406205e+00
-1.7595433289232023e+00
-1.7729312013472431e+00
-1.7830035370699862e+00
-1.7899414419028388e+00
-1.7938292401123772e+00
-1.7943980967443944e+00
-1.7920177514074760e+00
-1.7866394580198230e+00
-1.7782214000355683e+00
-1.7670886625649678e+00
0.0000000000000000e+00
1.3464638167935297e-01
0.0000000000000000e+00
0.0000000000000000e+00
];
