%Vec Object:sol 1 MPI processes
%  type: mpi
sol = [
0.0000000000000000e+00
-1.2256687326747382e+01
-1.1081129076256159e+01
-1.0031815386675426e+01
-9.0896316293434065e+00
-8.2393695167960690e+00
-7.4640673649390941e+00
-6.7507721427816829e+00
-6.0956968902005046e+00
-5.4917691988805437e+00
-4.9341289016398155e+00
-4.4198235397446775e+00
-3.9452128126175725e+00
-3.5072936273412907e+00
-3.1054799219836977e+00
-2.7380884604335805e+00
-2.4020304772985743e+00
-2.0974200354595642e+00
-1.8216379533798233e+00
-1.5739446485294759e+00
-1.3521334572470198e+00
-1.1549463967326692e+00
-9.8079338567283003e-01
-8.2792574503438709e-01
-6.9445296409129598e-01
-5.7884818235962843e-01
-4.7945250295024322e-01
-3.9459145424370601e-01
-3.2265171492674971e-01
-2.6214259261254819e-01
-2.1163207556936386e-01
-1.6973941366493342e-01
-1.3530624187542903e-01
-1.0723024039680007e-01
-8.4458991099821024e-02
-6.6170502981297730e-02
-5.1610127555325083e-02
-4.0067723127427110e-02
-3.0998450962700378e-02
-2.3950441146284491e-02
-1.8491267728312007e-02
-1.4280787983693862e-02
-1.1087940838391732e-02
-8.6750593135618108e-03
-6.8316561890310098e-03
-5.4683653330229393e-03
-4.4690464451683639e-03
-3.6938621704837092e-03
-3.1351218847984526e-03
-2.7415291159809127e-03
-2.4184867422231476e-03
-2.1884264836592583e-03
-2.0336300368411723e-03
-1.8933940851144431e-03
-1.7886197675077743e-03
-1.7222240074069430e-03
-1.6525428826826083e-03
-1.5928102701746501e-03
-1.5570766554766750e-03
-1.5150345184135642e-03
-1.4710731387829678e-03
-1.4455367461665934e-03
-1.4154870908358748e-03
-1.3774287026768789e-03
-1.3554246601403122e-03
-1.3316700720826080e-03
-1.2964535364566932e-03
-1.2760252275943638e-03
-1.2562737934676436e-03
-1.2230421022977377e-03
-1.2037116896254289e-03
-1.1868136472446850e-03
-1.1553640319324401e-03
-1.1370742954766343e-03
-1.1222826925394334e-03
-1.0925870380570242e-03
-1.0753834633194471e-03
-1.0621248515468975e-03
-1.0341916147798356e-03
-1.0181335946285975e-03
-1.0059348998856801e-03
-9.7977401638553300e-04
-9.6491386886377538e-04
-9.5337570166567620e-04
-9.2899031269875348e-04
-9.1536903695131416e-04
-9.0415185842139209e-04
-8.8153795280295042e-04
-8.6918613413930739e-04
-8.5800136896184811e-04
-8.3714866636154159e-04
-8.2608790520949230e-04
-8.1469105120151057e-04
-7.9558497792587256e-04
-7.8583014943592636e-04
-7.7401488269804276e-04
-7.5663644334146010e-04
-7.4819581737639899e-04
-7.3578979486709547e-04
-7.2011759473814289e-04
-7.1299495979796951e-04
-6.9985945438669813e-04
-6.8587003859896625e-04
-6.8006516040068816e-04
-6.6608002879859978e-04
-6.5374765375647223e-04
-6.4925618324549047e-04
-6.3432225278778592e-04
-6.2361979793982322e-04
-6.2043430598576906e-04
-6.0446981961230571e-04
-5.9536807035587833e-04
-5.9100312115994860e-04
-5.7641869873212629e-04
-5.6888701529909339e-04
-5.6283677329190375e-04
-5.5007114341679467e-04
-5.4407778343893592e-04
-5.3633107925020462e-04
-5.2533621425388780e-04
-5.2084842542879969e-04
-5.1140947540015825e-04
-5.0213841473068855e-04
-4.9912365903733975e-04
-4.8799768199847391e-04
-4.8040512328046412e-04
-4.7788200369191602e-04
-4.6603125711580342e-04
-4.6007727802228654e-04
-4.5550196105415773e-04
-4.4547674488252549e-04
-4.4114198062957210e-04
-4.3459379792887460e-04
-4.2640541895027154e-04
-4.2375270358165632e-04
-4.1545117023177399e-04
-4.0931702214331677e-04
-4.0831973089453416e-04
-3.9938180606520886e-04
-3.9628462201732562e-04
-3.9523249956526342e-04
-3.9139635781046899e-04
-3.9497461808494296e-04
-3.9947561214336897e-04
-4.0895903786677647e-04
-4.3140797987471335e-04
-4.5949460224688210e-04
-5.0839068383025409e-04
-5.8506553967485261e-04
-6.9312226547925155e-04
-8.5797253256330902e-04
-1.0951935679560168e-03
-1.4347933515643794e-03
-1.9230040618698600e-03
-2.6049112449682966e-03
-3.5613617123454499e-03
-4.8888116147053750e-03
-6.7071437998160715e-03
-9.1897024493603451e-03
-1.2542013043630075e-02
-1.7033146934733859e-02
-2.3004906361656537e-02
-3.0867179881383364e-02
-4.1141795147488988e-02
-5.4448291552334944e-02
-7.1528368517406293e-02
-9.3267344653620562e-02
-1.2068146095213937e-01
-1.5494007480028676e-01
-1.9735435571794843e-01
-2.4935977347294025e-01
-3.1250532414009602e-01
-3.8840261682024074e-01
-4.7867673288881668e-01
-5.8489417210608274e-01
-7.0848033889431783e-01
-8.5060207883172911e-01
-1.0118729797541928e+00
-1.1926316918387778e+00
-1.3926387157635398e+00
-1.6106732315005716e+00
-1.8446519116378863e+00
-2.0921858503023869e+00
-2.3491228101393573e+00
-2.6114423277624499e+00
-2.8742521122424840e+00
-3.1316991793452629e+00
-3.3782768360215423e+00
-3.6086793508172037e+00
-3.8176434039506990e+00
-4.0002926393812501e+00
-4.1527444456644211e+00
-4.2723770090350808e+00
-4.3572352244166588e+00
-4.4058744050556813e+00
-4.4191236736225177e+00
-4.3971046392548425e+00
-4.3422351336297069e+00
-4.2564915594951476e+00
0.0000000000000000e+00
2.4055929233035767e-01
0.0000000000000000e+00
0.0000000000000000e+00
];
