%Vec Object:sol 1 MPI processes
%  type: mpi
sol = [
0.0000000000000000e+00
-8.1024212096464350e+00
-7.5749659924865727e+00
-7.0899708766969889e+00
-6.6392500076319889e+00
-6.2213254681355004e+00
-5.8321819733613109e+00
-5.4686712552368215e+00
-5.1284097510807385e+00
-4.8081163529539506e+00
-4.5037267781910497e+00
-4.2172573537239799e+00
-3.9467798241595342e+00
-3.6897006411813891e+00
-3.4457012971329846e+00
-3.2151882126771469e+00
-2.9954423064060096e+00
-2.7874536513750194e+00
-2.5902560221706938e+00
-2.4032363430748922e+00
-2.2261032528677722e+00
-2.0587297779843947e+00
-1.9003488114066172e+00
-1.7513180730228128e+00
-1.6103755296837337e+00
-1.4781329907564280e+00
-1.3541482553959880e+00
-1.2375888017359618e+00
-1.1287838129538355e+00
-1.0273489345846549e+00
-9.3294130647942530e-01
-8.4508685856429822e-01
-7.6374943306803633e-01
-6.8862415853960934e-01
-6.1940542905898666e-01
-5.5579143413999832e-01
-4.9748858333476831e-01
-4.4409980534294691e-01
-3.9544309611763911e-01
-3.5123956101271386e-01
-3.1118439683820071e-01
-2.7498979224983411e-01
-2.4240157000347456e-01
-2.1314172450746649e-01
-1.8692878357392564e-01
-1.6354856149495647e-01
-1.4275988582869756e-01
-1.2429449172769387e-01
-1.0798355806000014e-01
-9.3625253292048766e-02
-8.0982190037539301e-02
-6.9921118231390036e-02
-6.0281424836051596e-02
-5.1870775065227477e-02
-4.4578882169672721e-02
-3.8288500695849548e-02
-3.2849842497322194e-02
-2.8173866626449592e-02
-2.4181623314551454e-02
-2.0760572340886952e-02
-1.7839952746066430e-02
-1.5372421958711510e-02
-1.3276065732850839e-02
-1.1494808029604122e-02
-1.0005861663089803e-02
-8.7511432473127686e-03
-7.6857128437860496e-03
-6.8047799161892941e-03
-6.0678866416072506e-03
-5.4382096851522841e-03
-4.9233606205232854e-03
-4.4953110333663462e-03
-4.1230450304050193e-03
-3.8221356385726699e-03
-3.5728994278560145e-03
-3.3485667960706030e-03
-3.1693316563215783e-03
-3.0207993566376979e-03
-2.8795415323973660e-03
-2.7679670829202055e-03
-2.6747680937714326e-03
-2.5794592238285625e-03
-2.5049878396379405e-03
-2.4415870277629871e-03
-2.3716653434767481e-03
-2.3175677673168819e-03
-2.2699985714911730e-03
-2.2144247683138522e-03
-2.1718219394510959e-03
-2.1326258692376441e-03
-2.0856370482630554e-03
-2.0499470282629713e-03
-2.0152060806781372e-03
-1.9738635350952899e-03
-1.9427784657604081e-03
-1.9104460367576422e-03
-1.8732763094538698e-03
-1.8456580386534661e-03
-1.8146624051991343e-03
-1.7809435535065942e-03
-1.7562567181115445e-03
-1.7260539743041048e-03
-1.6954716324714830e-03
-1.6735265022921307e-03
-1.6439025194918610e-03
-1.6164329517241879e-03
-1.5973293783379313e-03
-1.5684047872347082e-03
-1.5443774549108041e-03
-1.5286305027326968e-03
-1.5010518326789232e-03
-1.4814239792398610e-03
-1.4678647518561710e-03
-1.4457589352230209e-03
-1.4327393405007306e-03
-1.4237544121166314e-03
-1.4112709541101310e-03
-1.4095667184191717e-03
-1.4111667891906685e-03
-1.4158766688919158e-03
-1.4350532543539471e-03
-1.4592868741619281e-03
-1.4961960395310067e-03
-1.5549598967288293e-03
-1.6250741957851884e-03
-1.7228481330183276e-03
-1.8555517723990165e-03
-2.0158254106714415e-03
-2.2273185907675788e-03
-2.4957721064978976e-03
-2.8267135251287411e-03
-3.2459945926964157e-03
-3.7633909699943007e-03
-4.4004182469056328e-03
-5.1889831074755765e-03
-6.1472441918523600e-03
-7.3171976587064801e-03
-8.7417877436665389e-03
-1.0454732148459283e-02
-1.2523359868570420e-02
-1.5005948085520856e-02
-1.7968811930982209e-02
-2.1502620512025075e-02
-2.5692803709816154e-02
-3.0646291512077657e-02
-3.6485867754118044e-02
-4.3333049769586914e-02
-5.1341516171042635e-02
-6.0671569091615980e-02
-7.1494890465831559e-02
-8.4012777321538404e-02
-9.8429233769894917e-02
-1.1496849860903313e-01
-1.3387327847120203e-01
-1.5538866144550989e-01
-1.7978210158666463e-01
-2.0732414813857122e-01
-2.3828722865597146e-01
-2.7295203382898942e-01
-3.1158960513303258e-01
-3.5446322597423424e-01
-4.0182095175442989e-01
-4.5388775420878796e-01
-5.1085694238710289e-01
-5.7288474038049542e-01
-6.3998386816357566e-01
-7.1224872335371758e-01
-7.8968999601848489e-01
-8.7222177410885460e-01
-9.5968293976734875e-01
-1.0516428706568830e+00
-1.1478193629000466e+00
-1.2478955332166353e+00
-1.3512274766808448e+00
-1.4569882759163575e+00
-1.5648666552303139e+00
-1.6736451766154150e+00
-1.7827793506108436e+00
-1.8911881167298077e+00
-1.9980508416919882e+00
-2.1022392740611737e+00
-2.2032040770132473e+00
-2.2993279755254967e+00
-2.3903438850433898e+00
-2.4753324446846636e+00
-2.5531741832614796e+00
-2.6234295726118475e+00
-2.6855815683340580e+00
-2.7391575594238260e+00
-2.7837094704767806e+00
-2.8189986591583547e+00
-2.8448569162242392e+00
-2.8611997312217041e+00
-2.8681841672253987e+00
-2.8659425243944887e+00
-2.8547471704996341e+00
-2.8349002576511895e+00
-2.8067757376227411e+00
-2.7708515026416110e+00
0.0000000000000000e+00
2.4055929233035767e-01
0.0000000000000000e+00
0.0000000000000000e+00
];
