%Vec Object:sol 1 MPI processes
%  type: mpi
sol = [
0.0000000000000000e+00
-9.6650653261291914e+00
-8.9210803771020100e+00
-8.2462007626005001e+00
-7.6302766282395424e+00
-7.0642183832629115e+00
-6.5407034763646941e+00
-6.0546291341189420e+00
-5.6021986533980188e+00
-5.1792949040836431e+00
-4.7832853650677007e+00
-4.4118479311319394e+00
-4.0622994725569974e+00
-3.7343129538422262e+00
-3.4269239107712801e+00
-3.1378022546883613e+00
-2.8666899819678542e+00
-2.6131549554418756e+00
-2.3755496747900593e+00
-2.1543366787588103e+00
-1.9477431337905573e+00
-1.7562442027745415e+00
-1.5787960960789980e+00
-1.4146384740568829e+00
-1.2636910963613333e+00
-1.1251777631498259e+00
-9.9823293722003037e-01
-8.8261946634456068e-01
-7.7769582990815433e-01
-6.8280807460644055e-01
-5.9731060939920344e-01
-5.2049030395427953e-01
-4.5187330368997053e-01
-3.9084462226911054e-01
-3.3676679010230826e-01
-2.8907906473290435e-01
-2.4722170893503539e-01
-2.1061747091308500e-01
-1.7876241367058687e-01
-1.5118614188163570e-01
-1.2740306817962993e-01
-1.0697707440281283e-01
-8.9544729142066792e-02
-7.4726540760291491e-02
-6.2159811559340396e-02
-5.1589222531390255e-02
-4.2739325955985910e-02
-3.5318095949701665e-02
-2.9166483990384094e-02
-2.4095666899446457e-02
-1.9886485041734892e-02
-1.6445070447006833e-02
-1.3651395785554144e-02
-1.1355247232725582e-02
-9.4979136152813972e-03
-8.0138310462806225e-03
-6.8031338240285262e-03
-5.8290797621973625e-03
-5.0636138205997668e-03
-4.4415133049280414e-03
-3.9380079458858864e-03
-3.5493322937240738e-03
-3.2329965539092237e-03
-2.9695527380019359e-03
-2.7700898818108300e-03
-2.6065056795935653e-03
-2.4608597682258394e-03
-2.3527953540780824e-03
-2.2630736552317044e-03
-2.1735223693372073e-03
-2.1083178268117594e-03
-2.0535689484270764e-03
-1.9904366375890280e-03
-1.9451385090988318e-03
-1.9069247995127669e-03
-1.8565834372700786e-03
-1.8208319930365223e-03
-1.7906582024666568e-03
-1.7471112518897833e-03
-1.7164322567295015e-03
-1.6904164953505886e-03
-1.6511184724947853e-03
-1.6236534634099637e-03
-1.5999709019824692e-03
-1.5638617389253609e-03
-1.5388581305247166e-03
-1.5165759895659683e-03
-1.4832056764367987e-03
-1.4603562792651617e-03
-1.4389278752064501e-03
-1.4080858130899895e-03
-1.3872540103351113e-03
-1.3663075589073564e-03
-1.3378741785854782e-03
-1.3189860657139357e-03
-1.2982385478375071e-03
-1.2721269660411034e-03
-1.2551294151979372e-03
-1.2343521466898213e-03
-1.2104885075366644e-03
-1.1953358362183828e-03
-1.1743431938045516e-03
-1.1526593400043176e-03
-1.1393084713639504e-03
-1.1179392574759187e-03
-1.0983702702401076e-03
-1.0867794595263523e-03
-1.0648990554450533e-03
-1.0473847728005472e-03
-1.0375162269814497e-03
-1.0150158450140411e-03
-9.9950454064402935e-04
-9.8885847386188637e-04
-9.6813737199208708e-04
-9.5460038479186406e-04
-9.4268818004301837e-04
-9.2422250991143842e-04
-9.1269516971790611e-04
-8.9961333420530466e-04
-8.8351999934614971e-04
-8.7421375816724479e-04
-8.6032057619514913e-04
-8.4705890602258371e-04
-8.4065653388595678e-04
-8.2695861278090504e-04
-8.1787477147205584e-04
-8.1531545613597171e-04
-8.0540642258026477e-04
-8.0404809968874383e-04
-8.0765202990897391e-04
-8.1063232607299265e-04
-8.2576176456978340e-04
-8.4731446882928025e-04
-8.7871430855871607e-04
-9.3085460237881399e-04
-9.9740501352015704e-04
-1.0924229428342686e-03
-1.2269003263861624e-03
-1.3980340518522161e-03
-1.6325785636162422e-03
-1.9431418232739939e-03
-2.3454496351641646e-03
-2.8752173962480810e-03
-3.5575848791547979e-03
-4.4353528440330128e-03
-5.5636647699545448e-03
-6.9923904870044760e-03
-8.8049681765743435e-03
-1.1089658272831168e-02
-1.3945957344398179e-02
-1.7510573718892135e-02
-2.1928013190962641e-02
-2.7374915131473887e-02
-3.4062175991870072e-02
-4.2218568818621627e-02
-5.2121722664551805e-02
-6.4081574582784462e-02
-7.8441435512396393e-02
-9.5598035183201299e-02
-1.1597705115845247e-01
-1.4004880768963085e-01
-1.6832356906176724e-01
-2.0133572431439034e-01
-2.3965552739428608e-01
-2.8386486796508187e-01
-3.3455021537278884e-01
-3.9229122342731193e-01
-4.5763906760661860e-01
-5.3109686556099978e-01
-6.1309788350011296e-01
-7.0397985471459801e-01
-8.0378786457350293e-01
-9.1271291051542769e-01
-1.0306469044835735e+00
-1.1572878194464924e+00
-1.2918207778332098e+00
-1.4336431480617566e+00
-1.5819085843907148e+00
-1.7347851422219778e+00
-1.8914383564246688e+00
-2.0496142181419548e+00
-2.2081046608648731e+00
-2.3641293218455712e+00
-2.5163801450600238e+00
-2.6627147703538214e+00
-2.8007529859296172e+00
-2.9289087129519458e+00
-3.0455189624239503e+00
-3.1490715513179297e+00
-3.2382247431572595e+00
-3.3120213948720063e+00
-3.3697403202392238e+00
-3.4109555353968024e+00
-3.4355919273090483e+00
-3.4435992082531777e+00
-3.4352492076620065e+00
-3.4113318975610962e+00
-3.3726078002644346e+00
-3.3200523161686455e+00
0.0000000000000000e+00
2.4055929233035767e-01
0.0000000000000000e+00
0.0000000000000000e+00
];
