%Vec Object:sol 1 MPI processes
%  type: mpi
sol = [
0.0000000000000000e+00
-6.4421221632003975e+00
-6.1015402006612778e+00
-5.7822664397128669e+00
-5.4867911782385512e+00
-5.2099488474444122e+00
-4.9457313405166952e+00
-4.6986355835953812e+00
-4.4655556067212894e+00
-4.2419937152622635e+00
-4.0312448200317137e+00
-3.8300918482164086e+00
-3.6379084534603421e+00
-3.4555163603621830e+00
-3.2793406783624102e+00
-3.1123856802527068e+00
-2.9511983936613277e+00
-2.7976651848456728e+00
-2.6499011186470169e+00
-2.5088287839483985e+00
-2.3727602286634242e+00
-2.2432668599216692e+00
-2.1181171575079882e+00
-1.9987722723733030e+00
-1.8841703372729293e+00
-1.7744258893594176e+00
-1.6697210821868251e+00
-1.5690428375005381e+00
-1.4730706337287598e+00
-1.3816101751668788e+00
-1.2940294208108158e+00
-1.2106277564572760e+00
-1.1313328926818118e+00
-1.0559988505301998e+00
-9.8418612220085377e-01
-9.1611285097962725e-01
-8.5166840819456535e-01
-7.9073769759540080e-01
-7.3319247996557280e-01
-6.7874604546194361e-01
-6.2746220077378834e-01
-5.7924389957266376e-01
-5.3397425690734246e-01
-4.9153472021590067e-01
-4.5180210176306818e-01
-4.1467467584115686e-01
-3.8003914929557542e-01
-3.4771288408984813e-01
-3.1765819740510104e-01
-2.8977748293466538e-01
-2.6393059101677840e-01
-2.4003640366468879e-01
-2.1799173147139028e-01
-1.9766390374745654e-01
-1.7897226333931823e-01
-1.6182604479820287e-01
-1.4610335331302485e-01
-1.3172407223946830e-01
-1.1861154790982918e-01
-1.0665697154387288e-01
-9.5782194018857042e-02
-8.5925423654426653e-02
-7.6992146420011759e-02
-6.8907868127912261e-02
-6.1625524083358661e-02
-5.5065066330802478e-02
-4.9157165594854307e-02
-4.3868580738576454e-02
-3.9133017091620231e-02
-3.4887479556944656e-02
-3.1111038281945322e-02
-2.7749841244486984e-02
-2.4747877749528888e-02
-2.2094679297676379e-02
-1.9747147848456170e-02
-1.7656464676687977e-02
-1.5820622682922589e-02
-1.4205412902366842e-02
-1.2769097452772922e-02
-1.1516140722318819e-02
-1.0419348942323339e-02
-9.4437664461243017e-03
-8.5984694667376998e-03
-7.8615201578568061e-03
-7.2043713185335609e-03
-6.6390618793767710e-03
-6.1473456442879913e-03
-5.7067192879049090e-03
-5.3307878101385249e-03
-5.0036697756235971e-03
-4.7086045522020930e-03
-4.4596327158404605e-03
-4.2421622361092978e-03
-4.0449677189984485e-03
-3.8816544416363664e-03
-3.7380910381774931e-03
-3.6084868309419933e-03
-3.5053861200404421e-03
-3.4145255713187469e-03
-3.3355593234315134e-03
-3.2795733062303415e-03
-3.2318062582945501e-03
-3.1974755436809774e-03
-3.1860325256535204e-03
-3.1820613598364808e-03
-3.1966012494397396e-03
-3.2375015885993431e-03
-3.2887558360451133e-03
-3.3676287935373210e-03
-3.4806254657619895e-03
-3.6114484471561374e-03
-3.7841634384366755e-03
-4.0019814260513920e-03
-4.2562460288118314e-03
-4.5712301761978913e-03
-4.9496154851932112e-03
-5.3926783930428636e-03
-5.9244772468152367e-03
-6.5487635675033152e-03
-7.2778497113368005e-03
-8.1369238428633459e-03
-9.1322626497018274e-03
-1.0288572007381164e-02
-1.1633834882353452e-02
-1.3178635199432182e-02
-1.4961655008072044e-02
-1.7014694882925230e-02
-1.9357448865974274e-02
-2.2041505920697497e-02
-2.5103164731811203e-02
-2.8580454555574088e-02
-3.2532379390448174e-02
-3.7004405460546744e-02
-4.2054213434158855e-02
-4.7750036994178402e-02
-5.4148144547901754e-02
-6.1323321139591075e-02
-6.9356091095850586e-02
-7.8315558374006417e-02
-8.8297596871027131e-02
-9.9387758190345898e-02
-1.1167477597264076e-01
-1.2526208021313340e-01
-1.4024373126762107e-01
-1.5672302157878645e-01
-1.7480676570595832e-01
-1.9459281557892338e-01
-2.1619042285846782e-01
-2.3970153839777775e-01
-2.6522283367493638e-01
-2.9285362292094358e-01
-3.2268214323379990e-01
-3.5479074278780687e-01
-3.8925355681425056e-01
-4.2613283109407984e-01
-4.6547781195422999e-01
-5.0724732208666989e-01
-5.5151642448429794e-01
-5.9828247650931099e-01
-6.4752664444140362e-01
-6.9920468266424607e-01
-7.5324673913659412e-01
-8.0947809720800934e-01
-8.6774897429593179e-01
-9.2800793460697650e-01
-9.9009696588071094e-01
-1.0537481666484225e+00
-1.1185612704673462e+00
-1.1845199279218164e+00
-1.2513659246665358e+00
-1.3184523919862623e+00
-1.3857889106059427e+00
-1.4530271836894657e+00
-1.5194902188100685e+00
-1.5852784049860549e+00
-1.6496014751946884e+00
-1.7124732032551908e+00
-1.7732338218529689e+00
-1.8318368651139327e+00
-1.8876173552617808e+00
-1.9407145308429659e+00
-1.9902525326101534e+00
-2.0365158314307541e+00
-2.0789751770376985e+00
-2.1174118382206082e+00
-2.1518985485106525e+00
-2.1819963437484935e+00
-2.2076546340266705e+00
-2.2289850890202647e+00
-2.2458732597509625e+00
-2.2580097924492550e+00
-2.2657204931922319e+00
-2.2690175594713273e+00
-2.2679901814762244e+00
-2.2625461508189946e+00
-2.2528858770016922e+00
-2.2392299750514963e+00
-2.2217179462798122e+00
-2.2005511429269595e+00
0.0000000000000000e+00
2.4055929233035767e-01
0.0000000000000000e+00
0.0000000000000000e+00
];
