%Vec Object:sol 1 MPI processes
%  type: mpi
sol = [
0.0000000000000000e+00
-6.0757893774754441e+00
-5.7703806595689420e+00
-5.4847400661930044e+00
-5.2203223443334696e+00
-4.9682171111448534e+00
-4.7308414003118955e+00
-4.5087108265394917e+00
-4.2945213877759389e+00
-4.0930338004478068e+00
-3.9008571073771932e+00
-3.7169859302332511e+00
-3.5429983736082082e+00
-3.3741203650980287e+00
-3.2143488129772808e+00
-3.0599034860084400e+00
-2.9127221905328389e+00
-2.7705401740771562e+00
-2.6349350964402420e+00
-2.5037491984977005e+00
-2.3785206351768511e+00
-2.2572766408395406e+00
-2.1414981389764525e+00
-2.0296313795061200e+00
-1.9223779964237568e+00
-1.8196362850768588e+00
-1.7203871140170410e+00
-1.6255030512640452e+00
-1.5345688419807861e+00
-1.4470263967792867e+00
-1.3633688111805633e+00
-1.2834981182144007e+00
-1.2067005265209731e+00
-1.1333951416218324e+00
-1.0635429592136108e+00
-9.9698292202260763e-01
-9.3332217707181053e-01
-8.7276402168607503e-01
-8.1524651345286225e-01
-7.6066023037175068e-01
-7.0891268798173546e-01
-6.5982879912198544e-01
-6.1333158205406024e-01
-5.6942518825595778e-01
-5.2801248225855668e-01
-4.8900766402891643e-01
-4.5232043771258190e-01
-4.1784592645513746e-01
-3.8551218149879585e-01
-3.5523299892550547e-01
-3.2684762987946003e-01
-3.0034637032029127e-01
-2.7565076960557150e-01
-2.5265022021050271e-01
-2.3127784275155633e-01
-2.1145768238222726e-01
-1.9308539646475592e-01
-1.7609268134269726e-01
-1.6041352871534575e-01
-1.4595181879920796e-01
-1.3263833296651736e-01
-1.2041789111862833e-01
-1.0920412913254275e-01
-9.8928314226082961e-02
-8.9546415028862111e-02
-8.0982598225334948e-02
-7.3170273841671657e-02
-6.6076307367386899e-02
-5.9635446295925661e-02
-5.3784883058580125e-02
-4.8501604590508222e-02
-4.3730457308964105e-02
-3.9413692916678254e-02
-3.5537309333124663e-02
-3.2055363127859109e-02
-2.8916032844352513e-02
-2.6112995656065584e-02
-2.3608355506054605e-02
-2.1356710688829550e-02
-1.9357977561739657e-02
-1.7580998548226742e-02
-1.5986988160551874e-02
-1.4580654778970973e-02
-1.3336236390757119e-02
-1.2221556365617134e-02
-1.1244744735218174e-02
-1.0384148847564369e-02
-9.6140794187581039e-03
-8.9448566364508150e-03
-8.3577748351751115e-03
-7.8334723406780979e-03
-7.3834092447147221e-03
-6.9908341095138134e-03
-6.6425745419045360e-03
-6.3503862792184855e-03
-6.0986765380391704e-03
-5.8803887198543301e-03
-5.7069502721302260e-03
-5.5633469985070872e-03
-5.4486592146801936e-03
-5.3735888927260210e-03
-5.3233486488827092e-03
-5.3032884808805565e-03
-5.3232227237005230e-03
-5.3684637367590075e-03
-5.4509179943944309e-03
-5.5795788848864184e-03
-5.7399723678483181e-03
-5.9510055071829151e-03
-6.2211593291780143e-03
-6.5365377549486152e-03
-6.9236631149627945e-03
-7.3886259466630902e-03
-7.9260467719293754e-03
-8.5635359260716505e-03
-9.3075840426001671e-03
-1.0163601278930144e-02
-1.1159853880779681e-02
-1.2304801749653168e-02
-1.3615636026364191e-02
-1.5122504966816230e-02
-1.6837149081015627e-02
-1.8789629247159951e-02
-2.1013360585784596e-02
-2.3524830465692804e-02
-2.6368044001202420e-02
-2.9580233315274464e-02
-3.3186802519193821e-02
-3.7243893469764255e-02
-4.1792549239362840e-02
-4.6873025194558035e-02
-5.2548526731955911e-02
-5.8867637120655056e-02
-6.5889460312974157e-02
-7.3682115342358565e-02
-8.2301606430308510e-02
-9.1822676128375830e-02
-1.0231885316482460e-01
-1.1385415469772192e-01
-1.2651506477968513e-01
-1.4037689190484304e-01
-1.5551581092651431e-01
-1.7201856777841756e-01
-1.8996161200162864e-01
-2.0942658600838096e-01
-2.3049530863740858e-01
-2.5323990567793803e-01
-2.7773804708636846e-01
-3.0405875060594700e-01
-3.3226416007567244e-01
-3.6241375726341818e-01
-3.9455649851467173e-01
-4.2873255892761675e-01
-4.6490678253309436e-01
-5.0314617034036480e-01
-5.4345549864972043e-01
-5.8582434457639920e-01
-6.3023065376178899e-01
-6.7662780904671105e-01
-7.2496183442580575e-01
-7.7499388862723051e-01
-8.2675485572164154e-01
-8.8014713305798209e-01
-9.3502991807933644e-01
-9.9115481166866948e-01
-1.0482733832615578e+00
-1.1063493740212342e+00
-1.1652013538723052e+00
-1.2242953966843901e+00
-1.2836303543590157e+00
-1.3430556719506062e+00
-1.4018814509547446e+00
-1.4602383031931425e+00
-1.5177178216528660e+00
-1.5739014385270664e+00
-1.6288530105867352e+00
-1.6818083671834922e+00
-1.7330750204899934e+00
-1.7818096654799176e+00
-1.8283394503712433e+00
-1.8719568987801201e+00
-1.9128287986686678e+00
-1.9505716545339968e+00
-1.9850312105191172e+00
-2.0162833649992677e+00
-2.0437940305628031e+00
-2.0678179226092892e+00
-2.0883064356968291e+00
-2.1048612084858500e+00
-2.1177573976333579e+00
-2.1270318858034432e+00
-2.1325119546999027e+00
-2.1342449385403857e+00
-2.1324694508553987e+00
-2.1272126425389981e+00
-2.1184274389860125e+00
-2.1062876444639080e+00
-2.0909974273828502e+00
-2.0727155203495182e+00
0.0000000000000000e+00
2.4055929233035767e-01
0.0000000000000000e+00
0.0000000000000000e+00
];
