%Vec Object:sol 1 MPI processes
%  type: mpi
sol = [
0.0000000000000000e+00
-3.1535270696724144e+01
-2.5041259731982386e+01
-2.0399666149360748e+01
-1.6905294510547005e+01
-1.4170798664411983e+01
-1.1942942064257974e+01
-1.0088349188227378e+01
-8.5177821955890156e+00
-7.1703923231844184e+00
-6.0098696220369323e+00
-5.0068444434177435e+00
-4.1416836635677807e+00
-3.3982743979052530e+00
-2.7633132260623476e+00
-2.2250372471720499e+00
-1.7733856011154738e+00
-1.3977628538044928e+00
-1.0894675370507321e+00
-8.3934872546481065e-01
-6.3885369541398962e-01
-4.8039135711186931e-01
-3.5687116196801100e-01
-2.6193824386544445e-01
-1.8996894343961687e-01
-1.3619195704738885e-01
-9.6612478478595026e-02
-6.7881438893850690e-02
-4.7292878202606164e-02
-3.2791394251327023e-02
-2.2726693431924707e-02
-1.5774498969954399e-02
-1.1088189174057747e-02
-7.9850137134167103e-03
-5.8973293820435450e-03
-4.5420192494154020e-03
-3.6896123842044093e-03
-3.1218168969084970e-03
-2.7512321631855546e-03
-2.5335040154352249e-03
-2.3866422381436628e-03
-2.2706802263069066e-03
-2.2086990614862342e-03
-2.1700124361108842e-03
-2.1118729433662262e-03
-2.0825769417028833e-03
-2.0733240099637374e-03
-2.0269258324232997e-03
-2.0029669240792121e-03
-2.0002897038711902e-03
-1.9608087143988722e-03
-1.9371280146043633e-03
-1.9329996484237335e-03
-1.9022696189751594e-03
-1.8782956153058428e-03
-1.8726783856031480e-03
-1.8488195905949352e-03
-1.8247320035043495e-03
-1.8179616910479559e-03
-1.7995840035413119e-03
-1.7756374083213206e-03
-1.7680569166022612e-03
-1.7540229037118803e-03
-1.7304491387491127e-03
-1.7223632893081724e-03
-1.7117219847154125e-03
-1.6887213519227026e-03
-1.6803956267297010e-03
-1.6723382798625390e-03
-1.6500824321322796e-03
-1.6417469446623654e-03
-1.6355924550691145e-03
-1.6142257130740414e-03
-1.6060772912471681e-03
-1.6012501571922603e-03
-1.5808917222479078e-03
-1.5730969823362353e-03
-1.5691097690459608e-03
-1.5498557128942911e-03
-1.5425538808670827e-03
-1.5389930119839904e-03
-1.5209191683601179e-03
-1.5142256078407340e-03
-1.5107402371292594e-03
-1.4939049312237115e-03
-1.4879143631632719e-03
-1.4842071924973921e-03
-1.4686539430385196e-03
-1.4634435447938700e-03
-1.4592634690189480e-03
-1.4450239374146630e-03
-1.4406566391283817e-03
-1.4357931032432931e-03
-1.4228899219973447e-03
-1.4194175495171671e-03
-1.4136955069166052e-03
-1.4021436765238521e-03
-1.3996086173574092e-03
-1.3928858087668367e-03
-1.3826962829694269e-03
-1.3811350445874088e-03
-1.3733024294213221e-03
-1.3644826177049631e-03
-1.3639261547868961e-03
-1.3548924847319919e-03
-1.3474462522900662e-03
-1.3479197000294499e-03
-1.3376128830168790e-03
-1.3315396704886408e-03
-1.3330614518350934e-03
-1.3214232182659393e-03
-1.3167159811866415e-03
-1.3167660923055315e-03
-1.3062824009764018e-03
-1.3029283430298169e-03
-1.3010079655949775e-03
-1.2921434952019148e-03
-1.2901254650026089e-03
-1.2862391869259714e-03
-1.2789593274131583e-03
-1.2782583138956246e-03
-1.2724261457705474e-03
-1.2666971944727129e-03
-1.2672943209414845e-03
-1.2595368917355382e-03
-1.2553261187483139e-03
-1.2562314924211191e-03
-1.2475444030615197e-03
-1.2448197291325183e-03
-1.2434398048794156e-03
-1.2364270061757062e-03
-1.2351560764437173e-03
-1.2315440356079534e-03
-1.2261616143478384e-03
-1.2263115956079060e-03
-1.2205304798298627e-03
-1.2167353400894107e-03
-1.2178548503650013e-03
-1.2103764297452526e-03
-1.2081262523844594e-03
-1.2068536238698476e-03
-1.2010625553569522e-03
-1.2003155770998113e-03
-1.1967233982148003e-03
-1.1925708264495483e-03
-1.1932880292764264e-03
-1.1874554353640339e-03
-1.1849010262076974e-03
-1.1846781580461111e-03
-1.1790846755659052e-03
-1.1781440454190668e-03
-1.1756799184157599e-03
-1.1720081162827629e-03
-1.1730783018295925e-03
-1.1692857659425068e-03
-1.1690086395114514e-03
-1.1727359419777411e-03
-1.1747368375782273e-03
-1.1865852029642322e-03
-1.2065152366072085e-03
-1.2423598432990271e-03
-1.3107265871676057e-03
-1.4210125463764460e-03
-1.6122068454535708e-03
-1.9306141984921652e-03
-2.4466241376444446e-03
-3.2820758122184056e-03
-4.6023557870710618e-03
-6.6645478442859596e-03
-9.8389940210156616e-03
-1.4640226189575990e-02
-2.1805742459172519e-02
-3.2326564364595786e-02
-4.7532414619026138e-02
-6.9165495653693621e-02
-9.9434319208543717e-02
-1.4109360613692287e-01
-1.9745356478403403e-01
-2.7236786744801877e-01
-3.7012668247399633e-01
-4.9529664465327278e-01
-6.5244553519068782e-01
-8.4570465977194986e-01
-1.0782676684149528e+00
-1.3516255684217495e+00
-1.6649472154622822e+00
-2.0151758232572381e+00
-2.3950200697081816e+00
-2.7950798906337688e+00
-3.2023797079002372e+00
-3.6017448531995457e+00
-3.9770169716980717e+00
-4.3124988319477930e+00
-4.5939949641393607e+00
-4.8094175861540833e+00
-4.9513704514940056e+00
-5.0158598709426796e+00
-5.0022741459172817e+00
-4.9148119175798541e+00
0.0000000000000000e+00
1.3464638167935297e-01
0.0000000000000000e+00
0.0000000000000000e+00
];
