%Vec Object:sol 1 MPI processes
%  type: mpi
sol = [
0.0000000000000000e+00
-1.1102123392301126e+01
-1.0129837037252523e+01
-9.2593788740450851e+00
-8.4709117250097599e+00
-7.7498878982267652e+00
-7.0895976292565690e+00
-6.4814036046436216e+00
-5.9192097487909860e+00
-5.3972657661980792e+00
-4.9118925561500690e+00
-4.4608494998813262e+00
-4.0412834993974744e+00
-3.6499593545271498e+00
-3.2870405581690343e+00
-2.9511755407025850e+00
-2.6397992779127613e+00
-2.3529603675637354e+00
-2.0891866047681549e+00
-1.8476749963251360e+00
-1.6269446558509308e+00
-1.4267219198462875e+00
-1.2454045898664008e+00
-1.0820481128381105e+00
-9.3579595820794881e-01
-8.0547864068014496e-01
-6.8989717102350090e-01
-5.8788005475638883e-01
-4.9844863477526224e-01
-4.2050345114086507e-01
-3.5296462780788485e-01
-2.9475288023247942e-01
-2.4491588842344977e-01
-2.0251506110883050e-01
-1.6661493139979064e-01
-1.3644095988282659e-01
-1.1125046546426844e-01
-9.0314902694601559e-02
-7.3035932220011118e-02
-5.8887004805008185e-02
-4.7350349372365021e-02
-3.7990377455311461e-02
-3.0474642969945273e-02
-2.4466989027192080e-02
-1.9662131447360516e-02
-1.5879584716156078e-02
-1.2920892861977199e-02
-1.0572632237443038e-02
-8.7605634932433289e-03
-7.3761894515253076e-03
-6.2761841536025324e-03
-5.4409829425427431e-03
-4.8180837622983971e-03
-4.3182605205034155e-03
-3.9388090728854899e-03
-3.6636626450913565e-03
-3.4361318358084366e-03
-3.2574142283574785e-03
-3.1321237637923533e-03
-3.0227420865744170e-03
-2.9280390196107240e-03
-2.8640318787986020e-03
-2.8046074820235827e-03
-2.7438575181635391e-03
-2.7039875409440796e-03
-2.6659068154099462e-03
-2.6189548868923284e-03
-2.5886149501646903e-03
-2.5602988663505858e-03
-2.5195170443646532e-03
-2.4933279681311473e-03
-2.4701047867649825e-03
-2.4327725790328396e-03
-2.4088878529463405e-03
-2.3887468580077197e-03
-2.3539445938570067e-03
-2.3317825939143761e-03
-2.3137107611470530e-03
-2.2811360639403253e-03
-2.2605354918832569e-03
-2.2439026232000826e-03
-2.2134500855675288e-03
-2.1943771900472240e-03
-2.1787189733925090e-03
-2.1503396740484922e-03
-2.1327927680295346e-03
-2.1177344229352615e-03
-2.0913929403250115e-03
-2.0753744064246115e-03
-2.0606023129105533e-03
-2.0362644848035683e-03
-2.0217733730869465e-03
-2.0070222378657230e-03
-1.9846530758217337e-03
-1.9716845720965871e-03
-1.9567296184270716e-03
-1.9362918412699419e-03
-1.9248364256011399e-03
-1.9094884927420641e-03
-1.8909439780751029e-03
-1.8809891122486908e-03
-1.8650939890225804e-03
-1.8484038883828146e-03
-1.8399343188819834e-03
-1.8233575997033528e-03
-1.8084820727257281e-03
-1.8014797385866612e-03
-1.7841092416215408e-03
-1.7710083802347243e-03
-1.7654534695785260e-03
-1.7471957394031748e-03
-1.7358289101606329e-03
-1.7292309263152192e-03
-1.7124803139633780e-03
-1.7028068746799952e-03
-1.6946516964701254e-03
-1.6798368963029016e-03
-1.6718168761269676e-03
-1.6620859903854123e-03
-1.6491528162611033e-03
-1.6427489199280602e-03
-1.6314444465184649e-03
-1.6203474603224460e-03
-1.6155341196650089e-03
-1.6026765649644710e-03
-1.5933984144746794e-03
-1.5892435938026912e-03
-1.5758686379579499e-03
-1.5684882486567558e-03
-1.5626372090558039e-03
-1.5515662870476865e-03
-1.5464804702461673e-03
-1.5396307246067068e-03
-1.5317856568055664e-03
-1.5303870083141560e-03
-1.5246849389475695e-03
-1.5230536367993369e-03
-1.5292693124391405e-03
-1.5314273540082517e-03
-1.5448544358958240e-03
-1.5679407325516004e-03
-1.5988406543762865e-03
-1.6517451540904061e-03
-1.7255771259231361e-03
-1.8315601607487722e-03
-1.9871096771878899e-03
-2.1972761237849699e-03
-2.4931451585452173e-03
-2.9021054833201117e-03
-3.4536624049726588e-03
-4.2055721745095764e-03
-5.2135124129464999e-03
-6.5565589765793856e-03
-8.3402997456381214e-03
-1.0680686981664004e-02
-1.3741478376711249e-02
-1.7715093137648168e-02
-2.2830543980906486e-02
-2.9381973790695754e-02
-3.7706727307820660e-02
-4.8212620975335040e-02
-6.1382465031911394e-02
-7.7764342200221534e-02
-9.8003568439365682e-02
-1.2282221815658521e-01
-1.5302561593074440e-01
-1.8950777244644382e-01
-2.3322656866682712e-01
-2.8520154553553850e-01
-3.4648681052563074e-01
-4.1814089679652344e-01
-5.0119188547700688e-01
-5.9659238603095954e-01
-7.0516414184537723e-01
-8.2745941921485100e-01
-9.6375996788280149e-01
-1.1142122321828223e+00
-1.2785070099075762e+00
-1.4556006218338184e+00
-1.6442654937178693e+00
-1.8429756485606383e+00
-2.0488237064736570e+00
-2.2597224801461646e+00
-2.4720455768162246e+00
-2.6824767255240451e+00
-2.8876223470821336e+00
-3.0836725313536775e+00
-3.2669760148404170e+00
-3.4342349474914302e+00
-3.5824225417391911e+00
-3.7090353716791418e+00
-3.8120957652231486e+00
-3.8902533540374153e+00
-3.9428592670868765e+00
-3.9691248529332559e+00
-3.9697660937319221e+00
-3.9457932694975395e+00
-3.8976963657642312e+00
-3.8279034811536943e+00
0.0000000000000000e+00
2.4055929233035767e-01
0.0000000000000000e+00
0.0000000000000000e+00
];
