%Vec Object:sol 1 MPI processes
%  type: mpi
sol = [
0.0000000000000000e+00
-1.4784042424423006e+01
-1.3086656875970823e+01
-1.1608485027298531e+01
-1.0297325413580470e+01
-9.1324850243956615e+00
-8.0785917677260244e+00
-7.1275418993906161e+00
-6.2655840566342613e+00
-5.4819676563844961e+00
-4.7711264703207830e+00
-4.1289666191501189e+00
-3.5501656800397470e+00
-3.0316151094561978e+00
-2.5703571563557968e+00
-2.1620592323206451e+00
-1.8042948894957520e+00
-1.4926761500823968e+00
-1.2243686502394722e+00
-9.9536113887875510e-01
-8.0156312224629078e-01
-6.3950458458272885e-01
-5.0539961947869672e-01
-3.9562942407137530e-01
-3.0673797016668469e-01
-2.3556373262089633e-01
-1.7924237985802730e-01
-1.3516424004907762e-01
-1.0103574581197980e-01
-7.4953931150573624e-02
-5.5252626744644429e-02
-4.0478952219305593e-02
-2.9578225740803245e-02
-2.1636521721648795e-02
-1.5855172258972611e-02
-1.1727878794963177e-02
-8.8291919642784124e-03
-6.7760596361051209e-03
-5.3431102364252308e-03
-4.3754900639113598e-03
-3.7069706232445618e-03
-3.2329966715741762e-03
-2.9271423943121118e-03
-2.7240515832578803e-03
-2.5567404302053571e-03
-2.4542840254529502e-03
-2.3957831988197201e-03
-2.3172068700561144e-03
-2.2708671398919784e-03
-2.2519247121723512e-03
-2.2014430659702843e-03
-2.1690359063334034e-03
-2.1573722675136231e-03
-2.1209201146531473e-03
-2.0917504312076680e-03
-2.0809228598251883e-03
-2.0526744869152989e-03
-2.0244448161583048e-03
-2.0132646694174887e-03
-1.9909465231648200e-03
-1.9633432190596864e-03
-1.9518006252380346e-03
-1.9340939827885355e-03
-1.9072063616915097e-03
-1.8955061163264079e-03
-1.8814203549186179e-03
-1.8553925350148495e-03
-1.8437507626892099e-03
-1.8324624753529434e-03
-1.8074285327648212e-03
-1.7960383594913250e-03
-1.7868556756691020e-03
-1.7629286302374343e-03
-1.7519553817027234e-03
-1.7442930862834566e-03
-1.7215656883223076e-03
-1.7111492434628230e-03
-1.7045112117851939e-03
-1.6830567956288452e-03
-1.6733133012480585e-03
-1.6672779491127493e-03
-1.6471530761664975e-03
-1.6381782131468423e-03
-1.6323873881258903e-03
-1.6136336587741938e-03
-1.6055049957887399e-03
-1.5996545376737599e-03
-1.5823012528227451e-03
-1.5750813193675351e-03
-1.5689138105649959e-03
-1.5529801786467157e-03
-1.5467190194003856e-03
-1.5400178901673798e-03
-1.5255159153939595e-03
-1.5202542158246999e-03
-1.5128386882995186e-03
-1.4997738680562016e-03
-1.4955438582766162e-03
-1.4872654623486431e-03
-1.4756394288350230e-03
-1.4724675271624540e-03
-1.4632101293714107e-03
-1.4530212511446663e-03
-1.4509286277536583e-03
-1.4405933686385368e-03
-1.4318363151621181e-03
-1.4308384482961125e-03
-1.4193456324307818e-03
-1.4120117123939291e-03
-1.4121188203040681e-03
-1.3994038010396472e-03
-1.3934797701754505e-03
-1.3922254427714668e-03
-1.3807095024159386e-03
-1.3761782404648451e-03
-1.3730704417317802e-03
-1.3632037518067296e-03
-1.3600451798457371e-03
-1.3550841880655825e-03
-1.3468296182716365e-03
-1.3450216117236896e-03
-1.3382222343092582e-03
-1.3315430185435369e-03
-1.3310629853461626e-03
-1.3224402079525261e-03
-1.3173001244285499e-03
-1.3171765284065201e-03
-1.3076972349381664e-03
-1.3040608244541268e-03
-1.3017251765679897e-03
-1.2939137030754425e-03
-1.2917389892218201e-03
-1.2872960640971244e-03
-1.2811392783587466e-03
-1.2804049050965675e-03
-1.2738881676480857e-03
-1.2693265197155244e-03
-1.2695830941554589e-03
-1.2614491961494075e-03
-1.2584408169273164e-03
-1.2564045333478501e-03
-1.2499698317360753e-03
-1.2484913187480839e-03
-1.2442661438788517e-03
-1.2395467147699615e-03
-1.2396767744762983e-03
-1.2335491800801730e-03
-1.2308778235886994e-03
-1.2309154902475463e-03
-1.2264318650545272e-03
-1.2277368706186073e-03
-1.2296300905888563e-03
-1.2337939064887076e-03
-1.2482664634207066e-03
-1.2671892717357758e-03
-1.3043174186887488e-03
-1.3687551658231806e-03
-1.4680921648937801e-03
-1.6335403006040932e-03
-1.8929310349746254e-03
-2.2971635923130420e-03
-2.9247459542344400e-03
-3.8731317070865483e-03
-5.3033159923522267e-03
-7.4287631840312838e-03
-1.0544210074989487e-02
-1.5066064137124590e-02
-2.1539615528714251e-02
-3.0699229815322575e-02
-4.3500650763272967e-02
-6.1157441622313659e-02
-8.5211647197806814e-02
-1.1754921572422672e-01
-1.6044506774751177e-01
-2.1657577871201295e-01
-2.8899225153356878e-01
-3.8107369097603450e-01
-4.9640749117656729e-01
-6.3861709608575112e-01
-8.1111297649318037e-01
-1.0167944588611681e+00
-1.2573248797629124e+00
-1.5334820143142969e+00
-1.8443135944358382e+00
-2.1858112065234323e+00
-2.5532099597140201e+00
-2.9380068025469344e+00
-3.3302467117499575e+00
-3.7186051897311407e+00
-4.0905311404748144e+00
-4.4337212849390024e+00
-4.7356514081028624e+00
-4.9873502723222156e+00
-5.1803747132370477e+00
-5.3102208133107469e+00
-5.3741289564139958e+00
-5.3724684894092256e+00
-5.3083034322114688e+00
-5.1863779587136722e+00
0.0000000000000000e+00
2.4055929233035767e-01
0.0000000000000000e+00
0.0000000000000000e+00
];
