%Vec Object:sol 1 MPI processes
%  type: mpi
sol = [
0.0000000000000000e+00
-1.7004109941632997e+01
-1.4986922571671807e+01
-1.3330920989751045e+01
-1.1928357074589021e+01
-1.0744711707497345e+01
-9.7318715999639007e+00
-8.8468921344178444e+00
-8.0677109397296292e+00
-7.3762053030904715e+00
-6.7561861949337505e+00
-6.1965121588428351e+00
-5.6873139067168932e+00
-5.2215099186195779e+00
-4.7940021645470798e+00
-4.4003414307323636e+00
-4.0366962789386367e+00
-3.7002897772796839e+00
-3.3889298581664717e+00
-3.0991230921272406e+00
-2.8304352882092445e+00
-2.5814925489030123e+00
-2.3497717837366774e+00
-2.1353711314138510e+00
-1.9363022778946448e+00
-1.7525776192399893e+00
-1.5823511991105819e+00
-1.4255746977462080e+00
-1.2813544236012391e+00
-1.1486594837309902e+00
-1.0271674928700552e+00
-9.1620729811386881e-01
-8.1495531761660167e-01
-7.2285345801360612e-01
-6.3940390173060990e-01
-5.6400679887219041e-01
-4.9609328458903557e-01
-4.3509841675719335e-01
-3.8049386803227003e-01
-3.3174115009052985e-01
-2.8839749251062075e-01
-2.4998874081868966e-01
-2.1609300131844664e-01
-1.8627774102342989e-01
-1.6012141343628794e-01
-1.3728990029352764e-01
-1.1743321617111846e-01
-1.0018506330249033e-01
-8.5298471994567970e-02
-7.2501883520910290e-02
-6.1496166385646027e-02
-5.2102717563049766e-02
-4.4121969354401977e-02
-3.7328360941263995e-02
-3.1589598392747831e-02
-2.6771564535174971e-02
-2.2710853808898805e-02
-1.9311749544133561e-02
-1.6492322006333694e-02
-1.4138281336380940e-02
-1.2180880902343941e-02
-1.0577222619630938e-02
-9.2496373817587164e-03
-8.1479277968632708e-03
-7.2567019213594861e-03
-6.5242185715554306e-03
-5.9122313594784197e-03
-5.4236222999217215e-03
-5.0241569166488576e-03
-4.6829089478807578e-03
-4.4141333642504568e-03
-4.1949030892620967e-03
-3.9986928398454196e-03
-3.8462679669479462e-03
-3.7216721326712196e-03
-3.6011963324884631e-03
-3.5088376785317914e-03
-3.4326879621184446e-03
-3.3512002044351029e-03
-3.2894616144103044e-03
-3.2376862887543737e-03
-3.1764181502771036e-03
-3.1304592425900153e-03
-3.0908836924589621e-03
-3.0405778215047462e-03
-3.0031763433662913e-03
-2.9697749453496789e-03
-2.9260014608146721e-03
-2.8937483345058629e-03
-2.8635586490483637e-03
-2.8242420326168496e-03
-2.7955624119852091e-03
-2.7671004467222102e-03
-2.7312705161083024e-03
-2.7054389484656321e-03
-2.6779181222414340e-03
-2.6451047972777335e-03
-2.6217748061103737e-03
-2.5947377126220067e-03
-2.5646930425896833e-03
-2.5436851677649022e-03
-2.5168404657436340e-03
-2.4894163302042636e-03
-2.4706278232662312e-03
-2.4437697031266348e-03
-2.4188736719948389e-03
-2.4022515552698858e-03
-2.3752498658183639e-03
-2.3528472826508154e-03
-2.3384047575649909e-03
-2.3112324868708170e-03
-2.2913949940301403e-03
-2.2767577585769577e-03
-2.2521141704291612e-03
-2.2351529868963375e-03
-2.2202834769341206e-03
-2.1992713768770504e-03
-2.1860416130502140e-03
-2.1721195672393576e-03
-2.1562739079532189e-03
-2.1488351921142737e-03
-2.1386152114922868e-03
-2.1314795268750539e-03
-2.1344662909864999e-03
-2.1339921945377530e-03
-2.1432926092090441e-03
-2.1656644442068760e-03
-2.1886262276499665e-03
-2.2304611712295700e-03
-2.2900336693367487e-03
-2.3647220992999924e-03
-2.4712664437668095e-03
-2.6082922866241627e-03
-2.7846073337046032e-03
-3.0175990359780397e-03
-3.3082067124944399e-03
-3.6793278370199438e-03
-4.1520437188603491e-03
-4.7348245817409231e-03
-5.4676213886480770e-03
-6.3775021023258650e-03
-7.4961542963517761e-03
-8.8768294904732151e-03
-1.0563249323201546e-02
-1.2617763384458247e-02
-1.5115504428398688e-02
-1.8126145111174420e-02
-2.1751857793534515e-02
-2.6097588324372086e-02
-3.1276253314882325e-02
-3.7432710994107068e-02
-4.4713129414464065e-02
-5.3286592942106886e-02
-6.3344749929077585e-02
-7.5083702001732602e-02
-8.8732182049342356e-02
-1.0452915759426794e-01
-1.2272454545106840e-01
-1.4359424215543509e-01
-1.6741534642350511e-01
-1.9446732543716366e-01
-2.2504618106181901e-01
-2.5944193014177291e-01
-2.9794031450378261e-01
-3.4080846374502088e-01
-3.8829068895534069e-01
-4.4060088790727214e-01
-4.9791297919957495e-01
-5.6034858004574106e-01
-6.2796919467196011e-01
-7.0067772703096765e-01
-7.7841643805412009e-01
-8.6104281085809020e-01
-9.4829348776174061e-01
-1.0397081696424817e+00
-1.1347223811103095e+00
-1.2329300748351228e+00
-1.3335734927279388e+00
-1.4357031731581260e+00
-1.5387906623113847e+00
-1.6415041598995139e+00
-1.7432883408539168e+00
-1.8427179910865836e+00
-1.9392720591102006e+00
-2.0313292241912513e+00
-2.1184474294635645e+00
-2.1995813847746848e+00
-2.2735973152491651e+00
-2.3401067631151107e+00
-2.3983844453263581e+00
-2.4478463926493039e+00
-2.4879128887526591e+00
-2.5185054130462294e+00
-2.5394824337423132e+00
-2.5507494832324120e+00
-2.5524144717753976e+00
-2.5446533732593695e+00
-2.5277488197817646e+00
-2.5021278036597683e+00
0.0000000000000000e+00
1.3464638167935297e-01
0.0000000000000000e+00
0.0000000000000000e+00
];
