%Vec Object:sol 1 MPI processes
%  type: mpi
sol = [
0.0000000000000000e+00
-6.8897184067282931e+00
-6.5037639181510505e+00
-6.1413050342525990e+00
-5.8061541753538428e+00
-5.4943644071084625e+00
-5.1999877586023135e+00
-4.9214044000288082e+00
-4.6603681792607139e+00
-4.4135863352119724e+00
-4.1770863478023816e+00
-3.9541822253282524e+00
-3.7419484001409296e+00
-3.5385137582942945e+00
-3.3458565098650852e+00
-3.1606615608326374e+00
-2.9844298398899474e+00
-2.8155650203008955e+00
-2.6544301096775933e+00
-2.5001550113655098e+00
-2.3527014996208533e+00
-2.2116572059830100e+00
-2.0772673257383900e+00
-1.9482855023583472e+00
-1.8257504004286762e+00
-1.7085797043910353e+00
-1.5969139933328609e+00
-1.4908955408837650e+00
-1.3897965700022392e+00
-1.2937749010304729e+00
-1.2028236183847296e+00
-1.1167134074454927e+00
-1.0349925765794217e+00
-9.5787189673352047e-01
-8.8520564573249028e-01
-8.1680411327134317e-01
-7.5239907527894800e-01
-6.9188122068033164e-01
-6.3520747045996417e-01
-5.8222084804064567e-01
-5.3276309412188894e-01
-4.8667937642914000e-01
-4.4382576884067532e-01
-4.0404443128091533e-01
-3.6711829822290137e-01
-3.3299409919242257e-01
-3.0152258181472053e-01
-2.7253003898392392e-01
-2.4590429665133698e-01
-2.2150639727107330e-01
-1.9916370891336682e-01
-1.7877627790093395e-01
-1.6021846932189235e-01
-1.4333255992022209e-01
-1.2802232402229707e-01
-1.1418134998933413e-01
-1.0167037285399053e-01
-9.0398267808384558e-02
-8.0279236406544927e-02
-7.1194153159253912e-02
-6.3058657173544225e-02
-5.5807422323742251e-02
-4.9341542397806082e-02
-4.3584665841252548e-02
-3.8490592465655636e-02
-3.3979428923713494e-02
-2.9983470819278241e-02
-2.6473423075770428e-02
-2.3386284332286116e-02
-2.0663092874047179e-02
-1.8288709196330168e-02
-1.6214426110312628e-02
-1.4389631791033749e-02
-1.2810443541296861e-02
-1.1439700765376133e-02
-1.0234469230679829e-02
-9.1993253329986525e-03
-8.3060056888231183e-03
-7.5184884657920692e-03
-6.8472830849176571e-03
-6.2706353859643699e-03
-5.7587157714687875e-03
-5.3258041711699905e-03
-4.9546142322809041e-03
-4.6209150124712980e-03
-4.3409882209554315e-03
-4.1003450200849919e-03
-3.8799206636514097e-03
-3.6966081880220186e-03
-3.5373998969778346e-03
-3.3881258772853816e-03
-3.2652375167975221e-03
-3.1562058597996894e-03
-3.0516265365788152e-03
-2.9667416954809772e-03
-2.8887637669082170e-03
-2.8130400707556953e-03
-2.7530722571440453e-03
-2.6952985418617452e-03
-2.6398940730668701e-03
-2.5982838581949676e-03
-2.5558061428682570e-03
-2.5176082106167482e-03
-2.4928750611867552e-03
-2.4656779521825766e-03
-2.4463695538011264e-03
-2.4418843010689788e-03
-2.4350227649359516e-03
-2.4416680011247944e-03
-2.4666616942142011e-03
-2.4917099335948940e-03
-2.5386760053262894e-03
-2.6082033615885221e-03
-2.6886898058178484e-03
-2.8012086651289982e-03
-2.9447922094421580e-03
-3.1166583601323294e-03
-3.3364959648829358e-03
-3.6031514949746899e-03
-3.9236387789501476e-03
-4.3174825921628779e-03
-4.7846882221641131e-03
-5.3434023951413091e-03
-6.0146483827258467e-03
-6.8014027964441942e-03
-7.7347204286515288e-03
-8.8383409508480046e-03
-1.0123343467143282e-02
-1.1633099513768175e-02
-1.3395222287235145e-02
-1.5439012478919529e-02
-1.7815421112885636e-02
-2.0561608569133239e-02
-2.3727766437017031e-02
-2.7375612959808830e-02
-3.1555156244348882e-02
-3.6340023006242513e-02
-4.1805369771025426e-02
-4.8018223695377747e-02
-5.5074718342770702e-02
-6.3062832255393650e-02
-7.2077926043907961e-02
-8.2233219863304105e-02
-9.3634300197267706e-02
-1.0640078442707324e-01
-1.2066022337070857e-01
-1.3653334868775213e-01
-1.5415964305084648e-01
-1.7367451018025815e-01
-1.9521171452596575e-01
-2.1891534244532890e-01
-2.4492026359818245e-01
-2.7336111403827545e-01
-3.0436949940787666e-01
-3.3806546692584588e-01
-3.7456288340143645e-01
-4.1396153226803212e-01
-4.5634668557892505e-01
-5.0177786377085953e-01
-5.5021857446113143e-01
-6.0175671984912726e-01
-6.5638043039894989e-01
-7.1405882601549531e-01
-7.7471703512426560e-01
-8.3825073841417908e-01
-9.0431322235873390e-01
-9.7290365839660320e-01
-1.0438221884567487e+00
-1.1168092541952219e+00
-1.1912351793102858e+00
-1.2671190525829024e+00
-1.3441012705468458e+00
-1.4213590294458738e+00
-1.4989098048398695e+00
-1.5761131500302006e+00
-1.6524296686535194e+00
-1.7276410866516363e+00
-1.8008544584756470e+00
-1.8720815079452582e+00
-1.9403935198216733e+00
-2.0057170988015836e+00
-2.0674832987149188e+00
-2.1251799891110554e+00
-2.1787923328475340e+00
-2.2276004070174888e+00
-2.2715075536611034e+00
-2.3104068196704115e+00
-2.3440055377969009e+00
-2.3719599107971545e+00
-2.3944289134159491e+00
-2.4113683755595292e+00
-2.4227394922586236e+00
-2.4284791741298464e+00
-2.4286476813326581e+00
-2.4234623178792902e+00
-2.4130919483772999e+00
-2.3976967518418282e+00
-2.3774669553192518e+00
-2.3526654526976718e+00
0.0000000000000000e+00
2.4055929233035767e-01
0.0000000000000000e+00
0.0000000000000000e+00
];
