%Vec Object:sol 1 MPI processes
%  type: mpi
sol = [
0.0000000000000000e+00
-6.6747752358812384e+00
-6.3109267367793391e+00
-5.9694705615562480e+00
-5.6535804435557635e+00
-5.3594975698694345e+00
-5.0789356834918777e+00
-4.8156139287939821e+00
-4.5687111874663016e+00
-4.3325617697456842e+00
-4.1085317185950370e+00
-3.8972230480518046e+00
-3.6935946198509919e+00
-3.5004826247723342e+00
-3.3160058686654033e+00
-3.1393030212159907e+00
-2.9709772133042756e+00
-2.8087967252459118e+00
-2.6547361239608236e+00
-2.5061015621762621e+00
-2.3645525174207269e+00
-2.2285360866682464e+00
-2.0986881817313590e+00
-1.9743498986213202e+00
-1.8553088300167047e+00
-1.7419932683647115e+00
-1.6332327372884177e+00
-1.5296441235050737e+00
-1.4311710040418222e+00
-1.3369977455527373e+00
-1.2474691809233125e+00
-1.1625762622173241e+00
-1.0820221474938310e+00
-1.0054132673915179e+00
-9.3300673242214893e-01
-8.6462098545155763e-01
-8.0010908476706788e-01
-7.3928038916772532e-01
-6.8193961006373893e-01
-6.2810602099181012e-01
-5.7764061247165044e-01
-5.3040642564808693e-01
-4.8627416307713617e-01
-4.4510764400599279e-01
-4.0676447851457453e-01
-3.7109355728102544e-01
-3.3798337380717758e-01
-3.0731211579148032e-01
-2.7897857412295662e-01
-2.5285745610658134e-01
-2.2879165193679596e-01
-2.0669027404632576e-01
-1.8643824002466569e-01
-1.6788939432363170e-01
-1.5095462351375205e-01
-1.3553453040293775e-01
-1.2149750231242397e-01
-1.0875709153066651e-01
-9.7231235803215507e-02
-8.6804963778950486e-02
-7.7396164695441569e-02
-6.8940508440070714e-02
-6.1340397881531984e-02
-5.4519633933907387e-02
-4.8430948523888212e-02
-4.2993661755975597e-02
-3.8138633804564399e-02
-3.3834135933463343e-02
-3.0015016621645008e-02
-2.6619861968521494e-02
-2.3630360695255852e-02
-2.0994932878954396e-02
-1.8660019572426519e-02
-1.6618336385460175e-02
-1.4829631092524817e-02
-1.3247942872497236e-02
-1.1874582505272832e-02
-1.0678328733218450e-02
-9.6203421979955545e-03
-8.7082304602484530e-03
-7.9176280325682896e-03
-7.2162648423251844e-03
-6.6159938974975846e-03
-6.0973633212784879e-03
-5.6341488127232865e-03
-5.2407049669195667e-03
-4.9008412638947025e-03
-4.5939478984988041e-03
-4.3354604168965791e-03
-4.1111016247193585e-03
-3.9055656876305542e-03
-3.7342583606284393e-03
-3.5837587242673209e-03
-3.4438801776305074e-03
-3.3291672906045761e-03
-3.2262608069643073e-03
-3.1300259529049228e-03
-3.0535603908198386e-03
-2.9830053551856356e-03
-2.9183149105412895e-03
-2.8707687359329054e-03
-2.8256582390033032e-03
-2.7881539635582686e-03
-2.7675450444492578e-03
-2.7481081143836965e-03
-2.7404738758323101e-03
-2.7519501558986087e-03
-2.7658268177846801e-03
-2.7985585922660782e-03
-2.8556794199117467e-03
-2.9197301812582876e-03
-3.0135049190173234e-03
-3.1387381412829813e-03
-3.2850871401225801e-03
-3.4750092351209291e-03
-3.7091240687281996e-03
-3.9864290728783601e-03
-4.3285517139316880e-03
-4.7365268906096819e-03
-5.2197570280319728e-03
-5.8003494808960771e-03
-6.4811850690477887e-03
-7.2834594038149389e-03
-8.2314661523740229e-03
-9.3317754517373910e-03
-1.0619114757278243e-02
-1.2121141567902232e-02
-1.3853149723025059e-02
-1.5862641454940669e-02
-1.8181624522938103e-02
-2.0843886154367851e-02
-2.3904658920763801e-02
-2.7405556007422276e-02
-3.1400944996511769e-02
-3.5956367226653227e-02
-4.1125658297139399e-02
-4.6985417715130040e-02
-5.3612742020969106e-02
-6.1074376300587353e-02
-6.9470470362652761e-02
-7.8889293825176038e-02
-8.9423705930916433e-02
-1.0118367327760108e-01
-1.1427067287924793e-01
-1.2879797044753444e-01
-1.4488465020757738e-01
-1.6264183193659479e-01
-1.8219587180040997e-01
-2.0366733619500699e-01
-2.2717321978293681e-01
-2.5283703364985743e-01
-2.8077188016679494e-01
-3.1108767502808554e-01
-3.4388854030378818e-01
-3.7926649317626515e-01
-4.1730376858707152e-01
-4.5806781498444149e-01
-5.0157664661981050e-01
-5.4783265145759008e-01
-5.9689001513827844e-01
-6.4873402112812129e-01
-7.0332258181580465e-01
-7.6059808891853187e-01
-8.2042385072411306e-01
-8.8252548864562663e-01
-9.4690386484717126e-01
-1.0133646702881032e+00
-1.0816906918456217e+00
-1.1513124957724128e+00
-1.2222451400093826e+00
-1.2942128840020675e+00
-1.3664784990313910e+00
-1.4390143023506214e+00
-1.5114025747525732e+00
-1.5829246593101873e+00
-1.6536780118623047e+00
-1.7226397296787039e+00
-1.7900132600287992e+00
-1.8548204440502754e+00
-1.9172492559555905e+00
-1.9762774354559465e+00
-2.0321242745832806e+00
-2.0841449349412313e+00
-2.1320847160752918e+00
-2.1758850684611848e+00
-2.2150155243122560e+00
-2.2494153088069657e+00
-2.2790626308007305e+00
-2.3038220847418582e+00
-2.3233039531784594e+00
-2.3378159227898299e+00
-2.3473283145524286e+00
-2.3518527907869355e+00
-2.3513994508076017e+00
-2.3459979981813208e+00
-2.3359470271683223e+00
-2.3213846331251800e+00
-2.3024760438510805e+00
-2.2794528316503562e+00
0.0000000000000000e+00
2.4055929233035767e-01
0.0000000000000000e+00
0.0000000000000000e+00
];
