%Vec Object:sol 1 MPI processes
%  type: mpi
sol = [
0.0000000000000000e+00
-1.2251211769401051e+01
-1.1191688901187955e+01
-1.0253992431028372e+01
-9.4307978044251808e+00
-8.7062767938404839e+00
-8.0645282031790124e+00
-7.4926005934002342e+00
-6.9800467425447730e+00
-6.5169825470063767e+00
-6.0961341261133475e+00
-5.7122655830498159e+00
-5.3598374098228705e+00
-5.0327860411216365e+00
-4.7297148602974826e+00
-4.4485657750622440e+00
-4.1866352735879140e+00
-3.9409124005620000e+00
-3.7100974177262538e+00
-3.4936726920870944e+00
-3.2896067099302879e+00
-3.0966768216097513e+00
-2.9150782466365430e+00
-2.7425132032289281e+00
-2.5796015046088017e+00
-2.4251202036223134e+00
-2.2786009309594970e+00
-2.1396307910909145e+00
-2.0079120176428660e+00
-1.8827391459200138e+00
-1.7642723073711613e+00
-1.6515536838733000e+00
-1.5449434667925968e+00
-1.4437840418104682e+00
-1.3478829213439947e+00
-1.2572431835430944e+00
-1.1714446306931743e+00
-1.0901996465083514e+00
-1.0135641924244179e+00
-9.4130346064798909e-01
-8.7312771806236700e-01
-8.0885078517758868e-01
-7.4843081874365303e-01
-6.9169689776304999e-01
-6.3848424479462118e-01
-5.8862553932744521e-01
-5.4186927503044680e-01
-4.9818421187330242e-01
-4.5743025328593384e-01
-4.1946570539517075e-01
-3.8413300801598144e-01
-3.5131326261391627e-01
-3.2087749190376719e-01
-2.9267621143242967e-01
-2.6660049070793351e-01
-2.4252621934722163e-01
-2.2030962149228703e-01
-1.9986927308576305e-01
-1.8110589620840631e-01
-1.6389312979326706e-01
-1.4813270362309594e-01
-1.3374204335577897e-01
-1.2060958721950994e-01
-1.0864298590966999e-01
-9.7776208525675520e-02
-8.7912955514722002e-02
-7.8967686707763080e-02
-7.0890073731830233e-02
-6.3598672419582794e-02
-5.7015760281771487e-02
-5.1105285361451015e-02
-4.5799639227106337e-02
-4.1029605074019752e-02
-3.6771625901011934e-02
-3.2970454898655584e-02
-2.9565676791964649e-02
-2.6544235664350515e-02
-2.3861490151972857e-02
-2.1465771746632389e-02
-1.9352463685904403e-02
-1.7485656789679921e-02
-1.5822119822145521e-02
-1.4363671422419715e-02
-1.3081283744272554e-02
-1.1939707703283755e-02
-1.0945349507444271e-02
-1.0074339887134543e-02
-9.2989095728679971e-03
-8.6284261407945772e-03
-8.0426548431242490e-03
-7.5208330512393966e-03
-7.0739210117585181e-03
-6.6840325401075762e-03
-6.3370194366143074e-03
-6.0443358628626794e-03
-5.7894111704726641e-03
-5.5644310030161315e-03
-5.3805118029112203e-03
-5.2216202100375982e-03
-5.0861204878353264e-03
-4.9842149097084499e-03
-4.8998786549716115e-03
-4.8376248862621379e-03
-4.8064114634860378e-03
-4.7899219818191173e-03
-4.7989426378220439e-03
-4.8410798121214758e-03
-4.8996548115079535e-03
-4.9919961915907314e-03
-5.1244761200117542e-03
-5.2802104581988352e-03
-5.4834912946019288e-03
-5.7372942209269369e-03
-6.0324335911480075e-03
-6.3932234331913907e-03
-6.8218344931272315e-03
-7.3188535329681498e-03
-7.9078969230142269e-03
-8.5916411607363848e-03
-9.3812008371175482e-03
-1.0300463466886072e-02
-1.1353648763616166e-02
-1.2563276270781814e-02
-1.3954655237391873e-02
-1.5534763879128645e-02
-1.7338471613285077e-02
-1.9392842511351968e-02
-2.1711731578033848e-02
-2.4340443068849617e-02
-2.7307620687506268e-02
-3.0642456713130439e-02
-3.4394154058334916e-02
-3.8596697803491210e-02
-4.3294957583771811e-02
-4.8542878559062030e-02
-5.4380585501247226e-02
-6.0868270999387401e-02
-6.8064474205074096e-02
-7.6016667680509756e-02
-8.4797739528456859e-02
-9.4467939069126511e-02
-1.0508876713824440e-01
-1.1673502158118126e-01
-1.2946987427722934e-01
-1.4336421925329829e-01
-1.5848096440278570e-01
-1.7489092169979312e-01
-1.9266778609311666e-01
-2.1187701655993563e-01
-2.3257824707659697e-01
-2.5483559983271165e-01
-2.7870174495159611e-01
-3.0422581853683450e-01
-3.3145172517420268e-01
-3.6041243687806607e-01
-3.9113438345214907e-01
-4.2363281492496685e-01
-4.5791253495446821e-01
-4.9390716985852889e-01
-5.3163043256080522e-01
-5.7105587092730214e-01
-6.1213027842064427e-01
-6.5479348385109759e-01
-6.9895813685825836e-01
-7.4443552836467675e-01
-7.9114098426099411e-01
-8.3898375580512508e-01
-8.8782829960481324e-01
-9.3744109057595004e-01
-9.8754949202245368e-01
-1.0381247667725171e+00
-1.0889576501952540e+00
-1.1395914661627489e+00
-1.1900216785016471e+00
-1.2400551811421243e+00
-1.2891373586115793e+00
-1.3373633358592687e+00
-1.3843419718525827e+00
-1.4298058073984936e+00
-1.4736969531325297e+00
-1.5154929191092261e+00
-1.5553806776797297e+00
-1.5926948342468346e+00
-1.6277578662056775e+00
-1.6599074485973131e+00
-1.6894396413415504e+00
-1.7158778217565387e+00
-1.7393361447002356e+00
-1.7596696003169685e+00
-1.7767074106125016e+00
-1.7906519416115170e+00
-1.8011202326826365e+00
-1.8083941757802167e+00
-1.8124717078560291e+00
-1.8131550760804529e+00
-1.8107790204981031e+00
-1.8052817201268936e+00
-1.7966590016909589e+00
-1.7852219888662872e+00
0.0000000000000000e+00
1.3464638167935297e-01
0.0000000000000000e+00
0.0000000000000000e+00
];
