%Vec Object:sol 1 MPI processes
%  type: mpi
sol = [
0.0000000000000000e+00
-1.0227336188539994e+01
-9.3973595875948792e+00
-8.6483919522649142e+00
-7.9674903967126527e+00
-7.3436196332924659e+00
-6.7681246892406755e+00
-6.2349969166183143e+00
-5.7398233151845170e+00
-5.2780048958487811e+00
-4.8465795222350225e+00
-4.4437637834874044e+00
-4.0670492173078676e+00
-3.7145324551097585e+00
-3.3839211120061892e+00
-3.0757098117364876e+00
-2.7882115585519349e+00
-2.5198061549929660e+00
-2.2711748108837937e+00
-2.0399156679717594e+00
-1.8265687234097669e+00
-1.6298206743847858e+00
-1.4490709738019711e+00
-1.2838136318954927e+00
-1.1329815882346337e+00
-9.9596117361498293e-01
-8.7211076203424032e-01
-7.6062350761253805e-01
-6.6069460586246875e-01
-5.7139279152185884e-01
-4.9208569701889326e-01
-4.2197785844920882e-01
-3.6032053045086321e-01
-3.0636671966072870e-01
-2.5935143251138165e-01
-2.1861769149134105e-01
-1.8351779756842704e-01
-1.5339583117551253e-01
-1.2769141093335215e-01
-1.0589235168399895e-01
-8.7480141194485980e-02
-7.1999898244337612e-02
-5.9083530071308538e-02
-4.8352838474247400e-02
-3.9453922059999785e-02
-3.2150225597848275e-02
-2.6187550536463239e-02
-2.1297581213576975e-02
-1.7350311140043151e-02
-1.4185536092041536e-02
-1.1612257994369267e-02
-9.5660855592794424e-03
-7.9546106707175900e-03
-6.6533372793494087e-03
-5.6282078041737585e-03
-4.8360731717819244e-03
-4.1971142372155008e-03
-3.6927957151761189e-03
-3.3111620723117671e-03
-3.0009388490367722e-03
-2.7495416097712217e-03
-2.5637100860093870e-03
-2.4098102844497234e-03
-2.2758968266996240e-03
-2.1793788428835993e-03
-2.0973506397939752e-03
-2.0161607643284806e-03
-1.9589922457688572e-03
-1.9094481545831909e-03
-1.8516462680604781e-03
-1.8116224346941289e-03
-1.7769421175496303e-03
-1.7299129714050258e-03
-1.6976749966925982e-03
-1.6701809324981835e-03
-1.6287583058262379e-03
-1.6005603432260678e-03
-1.5768945251737436e-03
-1.5390484709742337e-03
-1.5134618956346611e-03
-1.4920675801463042e-03
-1.4570184445815853e-03
-1.4335193770797507e-03
-1.4135755165608852e-03
-1.3810152218327841e-03
-1.3594125379981904e-03
-1.3404042691737572e-03
-1.3101934730304220e-03
-1.2904108862026495e-03
-1.2719632803213931e-03
-1.2440196933137277e-03
-1.2260170711154348e-03
-1.2078315188577247e-03
-1.1820918614131133e-03
-1.1658393595732515e-03
-1.1476679879454160e-03
-1.1240740978219069e-03
-1.1095426708439160e-03
-1.0911774538361983e-03
-1.0696736179394977e-03
-1.0568338696286363e-03
-1.0381040120184309e-03
-1.0186357397612121e-03
-1.0074573129203058e-03
-9.8821347259379346e-04
-9.7072682255463962e-04
-9.6117806392666987e-04
-9.4129468623322255e-04
-9.2573724060153505e-04
-9.1778645050687180e-04
-8.9715862541464488e-04
-8.8347943297030799e-04
-8.7462267128965692e-04
-8.5564095105131860e-04
-8.4379357261751429e-04
-8.3351266678853401e-04
-8.1660745937466364e-04
-8.0655848609524313e-04
-7.9484947088967321e-04
-7.7999312620949900e-04
-7.7174887546251091e-04
-7.5868192322876176e-04
-7.4593250579408797e-04
-7.3962131330036600e-04
-7.2544229318763636e-04
-7.1510904000009104e-04
-7.1026559924168835e-04
-6.9667836528578767e-04
-6.8978109896434842e-04
-6.8536462147286779e-04
-6.7703095376672588e-04
-6.7650399487122778e-04
-6.7669643903721757e-04
-6.7929049414219226e-04
-6.9296399322479755e-04
-7.0857341257166313e-04
-7.3665556841492127e-04
-7.8380883863655049e-04
-8.4177380929192837e-04
-9.3063467658981223e-04
-1.0548447773139145e-03
-1.2202677394411716e-03
-1.4508314838062152e-03
-1.7576169834176644e-03
-2.1669156325719282e-03
-2.7146401566514062e-03
-3.4283625218654800e-03
-4.3662384878718720e-03
-5.5879366684413968e-03
-7.1610435022870823e-03
-9.1875230488801356e-03
-1.1774116755201422e-02
-1.5057634935251474e-02
-1.9207893064765509e-02
-2.4411783788791483e-02
-3.0908834388515292e-02
-3.8971288105594949e-02
-4.8908784712957926e-02
-6.1094116421238805e-02
-7.5940374239381964e-02
-9.3919378720906777e-02
-1.1556138225829930e-01
-1.4144079682755697e-01
-1.7219605446060440e-01
-2.0850492460180142e-01
-2.5108142264138772e-01
-3.0066946711854919e-01
-3.5801670095596427e-01
-4.2385965641326534e-01
-4.9889621837139903e-01
-5.8375965725668788e-01
-6.7897671136546911e-01
-7.8486965168155776e-01
-9.0157328573604567e-01
-1.0291711807826198e+00
-1.1674366223390527e+00
-1.3156705789195389e+00
-1.4728564403172444e+00
-1.6381613746289683e+00
-1.8095959754049242e+00
-1.9857334811623433e+00
-2.1640945743091597e+00
-2.3428568537601659e+00
-2.5187792729903835e+00
-2.6898884853193006e+00
-2.8535570099309657e+00
-3.0071606006626346e+00
-3.1481708034154039e+00
-3.2747231304107052e+00
-3.3850108674927295e+00
-3.4775756296427325e+00
-3.5510551074550878e+00
-3.6048614399812564e+00
-3.6387584399267721e+00
-3.6527620821313667e+00
-3.6473209630772496e+00
-3.6226070846712188e+00
-3.5800433322528575e+00
-3.5208434426175446e+00
0.0000000000000000e+00
2.4055929233035767e-01
0.0000000000000000e+00
0.0000000000000000e+00
];
