%Vec Object:sol 1 MPI processes
%  type: mpi
sol = [
0.0000000000000000e+00
-2.2323952049284252e+01
-1.8961011088553619e+01
-1.6310953771981129e+01
-1.4183796123213861e+01
-1.2441901078144364e+01
-1.0987315749490179e+01
-9.7443551362607099e+00
-8.6671072038403612e+00
-7.7217570801263093e+00
-6.8845227655524912e+00
-6.1356519447340885e+00
-5.4638835461736051e+00
-4.8581717272857414e+00
-4.3108160925448455e+00
-3.8156181891580543e+00
-3.3674260590778191e+00
-2.9621730861155462e+00
-2.5960333515958105e+00
-2.2665821643489812e+00
-1.9704955959895643e+00
-1.7058113481677857e+00
-1.4697010329450986e+00
-1.2603668248654065e+00
-1.0753818747952082e+00
-9.1285022713557507e-01
-7.7088093451124351e-01
-6.4755092060208019e-01
-5.4102363328909031e-01
-4.4948321093564153e-01
-3.7139915919994221e-01
-3.0517909570650259e-01
-2.4941306566941307e-01
-2.0276446730350106e-01
-1.6395204909564004e-01
-1.3190828323407991e-01
-1.0564360391989208e-01
-8.4223066016179710e-02
-6.6882244315347866e-02
-5.2962294496980367e-02
-4.1840129283645715e-02
-3.3000342636539233e-02
-2.6053000791386009e-02
-2.0619275774430554e-02
-1.6364170065070759e-02
-1.3090808397412399e-02
-1.0590438071904398e-02
-8.6437519717849649e-03
-7.1782523163036616e-03
-6.0880920763484404e-03
-5.2326900655033674e-03
-4.5992775131442195e-03
-4.1410551836168572e-03
-3.7730583521759877e-03
-3.4986922953173234e-03
-3.3068946870774122e-03
-3.1441250332377539e-03
-3.0156213505285832e-03
-2.9294533589315996e-03
-2.8498140060577346e-03
-2.7776581245968100e-03
-2.7311998792681801e-03
-2.6850139128326302e-03
-2.6341255476050301e-03
-2.6021713033743789e-03
-2.5701881404906679e-03
-2.5277206212673950e-03
-2.5012899669448496e-03
-2.4761876195799918e-03
-2.4377433435310782e-03
-2.4138730348049128e-03
-2.3927457310339057e-03
-2.3569175471715347e-03
-2.3347201895164578e-03
-2.3162317468551547e-03
-2.2825979241609122e-03
-2.2618496456156523e-03
-2.2452256902209984e-03
-2.2136641992854802e-03
-2.1943333037694321e-03
-2.1790224974802107e-03
-2.1494931404018340e-03
-2.1315944084850068e-03
-2.1171570642886323e-03
-2.0896371005950745e-03
-2.0731902584626865e-03
-2.0592594030167067e-03
-2.0337263907987042e-03
-2.0187458895006291e-03
-2.0050108997347513e-03
-1.9814393744998272e-03
-1.9679331896092951e-03
-1.9541308004865812e-03
-1.9324924254592894e-03
-1.9204629368579649e-03
-1.9063702099823918e-03
-1.8866333216539959e-03
-1.8760772334982120e-03
-1.8615072070793134e-03
-1.8436388614879850e-03
-1.8345493953581906e-03
-1.8193504271423217e-03
-1.8033160957362799e-03
-1.7956828672080008e-03
-1.7797231051604244e-03
-1.7654870355609024e-03
-1.7592965574756668e-03
-1.7424664770659089e-03
-1.7299922232484062e-03
-1.7252285789200086e-03
-1.7074372398012733e-03
-1.6966870395476862e-03
-1.6908036441506393e-03
-1.6745074500051898e-03
-1.6654431064482078e-03
-1.6579174902240528e-03
-1.6435580805363433e-03
-1.6361408895097735e-03
-1.6269566910628813e-03
-1.6144794182265702e-03
-1.6086708359180140e-03
-1.5978289074105082e-03
-1.5871818623177630e-03
-1.5829459121019501e-03
-1.5704514431558196e-03
-1.5615897214294554e-03
-1.5579299260638656e-03
-1.5447778406143780e-03
-1.5376815849024290e-03
-1.5320368683465471e-03
-1.5208876725315498e-03
-1.5156260236998810e-03
-1.5082156355671291e-03
-1.4992893479004799e-03
-1.4962394028378888e-03
-1.4877532609199394e-03
-1.4819545067480228e-03
-1.4820830329209315e-03
-1.4750948605068040e-03
-1.4754728905024062e-03
-1.4799308048093133e-03
-1.4843522656748406e-03
-1.5002460013727869e-03
-1.5224821584658951e-03
-1.5571937761018314e-03
-1.6151490566806623e-03
-1.6922987337310274e-03
-1.8085111518681672e-03
-1.9764638440041625e-03
-2.2067846704753140e-03
-2.5338954019886559e-03
-2.9839308815660980e-03
-3.5995351074797439e-03
-4.4416389531478388e-03
-5.5715722499495232e-03
-7.0880550712930524e-03
-9.1058462818745835e-03
-1.1762329530607307e-02
-1.5245884923816481e-02
-1.9771646029744690e-02
-2.5609447800567758e-02
-3.3088365432857765e-02
-4.2586376222718915e-02
-5.4567106452747489e-02
-6.9559697215100830e-02
-8.8170371331648845e-02
-1.1109623001142488e-01
-1.3910372635731180e-01
-1.7304089526162655e-01
-2.1381921035174420e-01
-2.6237408196275741e-01
-3.1969295734259168e-01
-3.8674672380869912e-01
-4.6445570347280213e-01
-5.5364484333930197e-01
-6.5499569738980157e-01
-7.6897587761275454e-01
-8.9573798756716849e-01
-1.0350065606819365e+00
-1.1863958121879148e+00
-1.3490010198088749e+00
-1.5209698660923221e+00
-1.7008376207527671e+00
-1.8858930890125749e+00
-2.0736967164303848e+00
-2.2607097616982492e+00
-2.4440609338263242e+00
-2.6202415832111505e+00
-2.7855632709416431e+00
-2.9370430851655689e+00
-3.0717974445419367e+00
-3.1872463004907998e+00
-3.2813251287214169e+00
-3.3525973055744815e+00
-3.3999966471183769e+00
-3.4230380455805154e+00
-3.4221199564115365e+00
-3.3979479955048140e+00
-3.3517276431108436e+00
0.0000000000000000e+00
1.3464638167935297e-01
0.0000000000000000e+00
0.0000000000000000e+00
];
