%Vec Object:sol 1 MPI processes
%  type: mpi
sol = [
0.0000000000000000e+00
-2.6070509832061585e+01
-2.0885039411836406e+01
-1.6724302935949531e+01
-1.3285074335009833e+01
-1.0413209076671757e+01
-8.0148527301903147e+00
-6.0374761416319203e+00
-4.4379462437978363e+00
-3.1754689146852453e+00
-2.2070789165451257e+00
-1.4880433338810151e+00
-9.7200299376863453e-01
-6.1480803832140096e-01
-3.7640702834980133e-01
-2.2306516527847209e-01
-1.2804897078368960e-01
-7.1298656535087393e-02
-3.8548350618428824e-02
-2.0354683042877828e-02
-1.0617055586391118e-02
-5.5020173605887773e-03
-2.9346425858855054e-03
-1.7095434893738845e-03
-1.1031942082239798e-03
-8.0449239972020276e-04
-6.8676991782729382e-04
-6.3216066575343523e-04
-5.7200767594532448e-04
-5.5544388128424152e-04
-5.6489281413535060e-04
-5.2064951845516658e-04
-5.0626467966575388e-04
-5.2021911063432314e-04
-4.8666918715445758e-04
-4.6815199191479508e-04
-4.7585010474756988e-04
-4.5730191164601255e-04
-4.3517254153501730e-04
-4.3756299373311409e-04
-4.3091214379182809e-04
-4.0596798867062695e-04
-4.0403010908086120e-04
-4.0684356921353280e-04
-3.7985400473831971e-04
-3.7450705253109243e-04
-3.8480649560587602e-04
-3.5646877299151268e-04
-3.4851580565478933e-04
-3.6033618640630765e-04
-3.3553336765121557e-04
-3.2560351905928296e-04
-3.3430802070929790e-04
-3.1665040708713069e-04
-3.0521571876638041e-04
-3.1135297801290643e-04
-2.9934998412290434e-04
-2.8679765271755696e-04
-2.9084160524326980e-04
-2.8325407668467725e-04
-2.6993641698831825e-04
-2.7232178367732812e-04
-2.6814019345148968e-04
-2.5438298604607730e-04
-2.5550526159902136e-04
-2.5389717646825109e-04
-2.3998746168857332e-04
-2.4019265834073598e-04
-2.4045114648878899e-04
-2.2663391909672737e-04
-2.2621910828767451e-04
-2.2774721343687840e-04
-2.1422699772243766e-04
-2.1344405143218165e-04
-2.1573622445113558e-04
-2.0268309986433441e-04
-2.0174554657034942e-04
-2.0437396438373375e-04
-1.9192791561543421e-04
-1.9101577257217580e-04
-1.9361849497995872e-04
-1.8189451001335161e-04
-1.8115968877389512e-04
-1.8343133108506498e-04
-1.7252274460781232e-04
-1.7209268572938036e-04
-1.7377599316938458e-04
-1.6375801071282097e-04
-1.6373943607405478e-04
-1.6461850964252618e-04
-1.5555076816071856e-04
-1.5603246854655308e-04
-1.5592698780652744e-04
-1.4785654690165537e-04
-1.4891260549791254e-04
-1.4767289510065812e-04
-1.4063521589065072e-04
-1.4232651256357727e-04
-1.3983115709248947e-04
-1.3385463079366251e-04
-1.3623432194796798e-04
-1.3239411679769983e-04
-1.2750579121496226e-04
-1.3062602681549476e-04
-1.2537564262757187e-04
-1.2160714415449919e-04
-1.2552342492037509e-04
-1.1882508352752801e-04
-1.1621042651498637e-04
-1.2097424114970647e-04
-1.1280047252346142e-04
-1.1135756182649240e-04
-1.1451904982041235e-04
-1.0731241974062803e-04
-1.0703046979571773e-04
-1.0809590050388451e-04
-1.0230320314631527e-04
-1.0315626903251324e-04
-1.0212203631393302e-04
-9.7706815767794559e-05
-9.9680146181864961e-05
-9.6576049974468091e-05
-9.3523806759109339e-05
-9.6623097120780168e-05
-9.1496145256729231e-05
-8.9803282905857900e-05
-9.3084756058891876e-05
-8.6930591798003637e-05
-8.6580341704027176e-05
-8.7510048706069540e-05
-8.2881418013745561e-05
-8.3840130948929323e-05
-8.2466059242055712e-05
-7.9318474252187870e-05
-8.1556260852522040e-05
-7.7946085339594063e-05
-7.6248927290399745e-05
-7.9337835337363072e-05
-7.3968442229100420e-05
-7.3694286165737417e-05
-7.4349465378393512e-05
-7.0545534500311100e-05
-7.1657567687114475e-05
-6.9951016124824290e-05
-6.7665648209975303e-05
-7.0126488257610015e-05
-6.6135172322512369e-05
-6.5327041743072493e-05
-6.6770019181805313e-05
-6.2900767967838232e-05
-6.3530666778768209e-05
-6.2565501129391220e-05
-6.0244380309889051e-05
-6.2272633253895979e-05
-5.8987425240218394e-05
-5.8169671482412687e-05
-5.9517589315761954e-05
-5.6030893233744170e-05
-5.6674126169859953e-05
-5.5627248206216527e-05
-5.3692725805145403e-05
-5.5755383226222339e-05
-5.2403712933322112e-05
-5.1975305473970856e-05
-5.2609145002692691e-05
-4.9845247975717347e-05
-5.0893946345378419e-05
-4.9233859234602550e-05
-4.8154198383339805e-05
-5.0437837858123300e-05
-4.8314171089636773e-05
-5.1941905575809730e-05
-6.0350863181050417e-05
-8.1505549128874221e-05
-1.4055207773509845e-04
-2.7671225469525515e-04
-6.0274238383890963e-04
-1.3453610044499734e-03
-2.9771444788184074e-03
-6.4554407130942414e-03
-1.3600239463283580e-02
-2.7771243466839301e-02
-5.4852394505413099e-02
-1.0464539154716701e-01
-1.9261838196035141e-01
-3.4165189365890469e-01
-5.8314885548911921e-01
-9.5627672419008747e-01
-1.5037918121005875e+00
-2.2625482448522960e+00
-3.2490003198055546e+00
-4.4428796167414193e+00
-5.7746256332829757e+00
-7.1256450843003920e+00
-8.3480055154922326e+00
-9.2969390251496495e+00
-9.8655523546758701e+00
-1.0004678791666423e+01
-9.7267847851812022e+00
0.0000000000000000e+00
2.4055929233035767e-01
0.0000000000000000e+00
0.0000000000000000e+00
];
