%Vec Object:sol 1 MPI processes
%  type: mpi
sol = [
0.0000000000000000e+00
-1.8101077161774164e+01
-1.5577749543413715e+01
-1.3430745904285894e+01
-1.1571360134770025e+01
-9.9407214788588814e+00
-8.5004725103693168e+00
-7.2209891355755911e+00
-6.0886868718609772e+00
-5.0875857757985559e+00
-4.2086259126896515e+00
-3.4439207871873991e+00
-2.7852146847579582e+00
-2.2248301389166927e+00
-1.7536747745762347e+00
-1.3638243576702040e+00
-1.0455562545223518e+00
-7.8994371159096854e-01
-5.8806345498055779e-01
-4.3125336701966033e-01
-3.1152631737829239e-01
-2.2162686930168807e-01
-1.5533155930671511e-01
-1.0731196952636869e-01
-7.3090606734411590e-02
-4.9131235474842418e-02
-3.2676760473437462e-02
-2.1551181014138505e-02
-1.4122837238425267e-02
-9.2855113685380696e-03
-6.1932128919553638e-03
-4.1853860780939282e-03
-2.9461195933289845e-03
-2.2063033905093854e-03
-1.7142783605321283e-03
-1.4189930203074681e-03
-1.2599246340362930e-03
-1.1402095254032195e-03
-1.0554096676360513e-03
-1.0174052206043701e-03
-9.8315295314414146e-04
-9.3791057143096908e-04
-9.1981152234084764e-04
-9.0886243221803532e-04
-8.6956560556246149e-04
-8.5278837079316803e-04
-8.5224721170910098e-04
-8.1354203125373441e-04
-7.9555877782461410e-04
-7.9763785643071716e-04
-7.6339870917425815e-04
-7.4428240703049273e-04
-7.4403883780582768e-04
-7.1769899636857891e-04
-6.9781969254994146e-04
-6.9573772739846967e-04
-6.7576120038567126e-04
-6.5546301019282825e-04
-6.5197038968221822e-04
-6.3706713769757519e-04
-6.1664277843034192e-04
-6.1210818433703098e-04
-6.0119961362667786e-04
-5.8090251534609534e-04
-5.7564902738275136e-04
-5.6783320004232104e-04
-5.4788309500041648e-04
-5.4219316586555019e-04
-5.3670456348078811e-04
-5.1729133543497278e-04
-5.1141075112941128e-04
-5.0760533044019274e-04
-4.8888908024585082e-04
-4.8302799596542604e-04
-4.8036140939041339e-04
-4.6247515057424221e-04
-4.5681181866564824e-04
-4.5482298643230933e-04
-4.3787462897417726e-04
-4.3255825769964861e-04
-4.3085592780570781e-04
-4.1493205862178957e-04
-4.1008714987444776e-04
-4.0833972618490401e-04
-3.9350825872892233e-04
-3.8923768325701386e-04
-3.8716436894340589e-04
-3.7347772403147420e-04
-3.6986622721310320e-04
-3.6723011587061401e-04
-3.5472774380814739e-04
-3.5184480935245488e-04
-3.4844731434620189e-04
-3.3715900356148749e-04
-3.3506249745986015e-04
-3.3073890874496786e-04
-3.2068622840460630e-04
-3.1942420445567039e-04
-3.1404125042095219e-04
-3.0524139743291008e-04
-3.0485599385566165e-04
-2.9831305319592865e-04
-2.9078049626363466e-04
-2.9130927720176562e-04
-2.8352372542425077e-04
-2.7726967080683116e-04
-2.7874454003453509e-04
-2.6965243915081781e-04
-2.6468350425313500e-04
-2.6712909311796875e-04
-2.5667880436857575e-04
-2.5299358715098535e-04
-2.5394800399766086e-04
-2.4457559989812718e-04
-2.4216471350734105e-04
-2.4114140533917041e-04
-2.3330411940809917e-04
-2.3215302017801133e-04
-2.2915772225998827e-04
-2.2282411413016684e-04
-2.2291689178052839e-04
-2.1797122921583210e-04
-2.1311201922886687e-04
-2.1443419631032496e-04
-2.0756171210241012e-04
-2.0414939840152337e-04
-2.0573583611199379e-04
-1.9791487018293430e-04
-1.9592196421747878e-04
-1.9523524291745060e-04
-1.8901922933259430e-04
-1.8841709138981466e-04
-1.8551097196183803e-04
-1.8085944797822188e-04
-1.8161830265752725e-04
-1.7655567451516091e-04
-1.7342887323764432e-04
-1.7510879887563523e-04
-1.6835353473336983e-04
-1.6671263130270080e-04
-1.6602115843222532e-04
-1.6089216323703960e-04
-1.6069851580359726e-04
-1.5770753802441702e-04
-1.5415819783626654e-04
-1.5537375370337054e-04
-1.5015792726194536e-04
-1.4814325948867406e-04
-1.4839759506357191e-04
-1.4335948343911626e-04
-1.4283898444943007e-04
-1.4074572618482384e-04
-1.3732440954297459e-04
-1.3829129784825230e-04
-1.3401142818335058e-04
-1.3231725945433824e-04
-1.3301500667189356e-04
-1.2932082671216410e-04
-1.3061804419234758e-04
-1.3189730860954134e-04
-1.3549191103183876e-04
-1.4913179136263831e-04
-1.6860763954074109e-04
-2.1158651222224207e-04
-2.9265509767944234e-04
-4.3581320946880890e-04
-6.9658396817923922e-04
-1.1489319549439611e-03
-1.9275469016396660e-03
-3.2454573295243047e-03
-5.4243930646547742e-03
-8.9794563293048545e-03
-1.4666516285889355e-02
-2.3600312437920993e-02
-3.7382852430898637e-02
-5.8236761099569302e-02
-8.9197785492991025e-02
-1.3426628654165618e-01
-1.9855272382422254e-01
-2.8835956687765851e-01
-4.1112191331656800e-01
-5.7517455981646071e-01
-7.8925196546347809e-01
-1.0616884219184628e+00
-1.3992011389293024e+00
-1.8050203631752688e+00
-2.2788505296400365e+00
-2.8128401558912306e+00
-3.3937121894257047e+00
-4.0003669405957663e+00
-4.6062664544344978e+00
-5.1821062867102619e+00
-5.6966875483690940e+00
-6.1240129162952588e+00
-6.4419610969737304e+00
-6.6369282227705639e+00
-6.7038581840872205e+00
-6.6456502834904594e+00
-6.4709345744496636e+00
0.0000000000000000e+00
2.4055929233035767e-01
0.0000000000000000e+00
0.0000000000000000e+00
];
