%Vec Object:sol 1 MPI processes
%  type: mpi
sol = [
0.0000000000000000e+00
-1.4319391331071069e+01
-1.2726015680092994e+01
-1.1328956943640883e+01
-1.0091633148981559e+01
-8.9848840178278078e+00
-7.9861409550969329e+00
-7.0784963157634602e+00
-6.2546396316144373e+00
-5.5040227592577509e+00
-4.8203325330427687e+00
-4.1996064750896576e+00
-3.6377284845625151e+00
-3.1315809938645818e+00
-2.6778189382448057e+00
-2.2736885689875006e+00
-1.9163842861917422e+00
-1.6026401502984335e+00
-1.3295334443703724e+00
-1.0939658378011503e+00
-8.9245656620167935e-01
-7.2164240830659687e-01
-5.7838972307030145e-01
-4.5944317437824389e-01
-3.6165431930487774e-01
-2.8209394231789675e-01
-2.1806259810027051e-01
-1.6705808461601895e-01
-1.2683822289997226e-01
-9.5501073327886196e-02
-7.1349146158871626e-02
-5.2873600287491010e-02
-3.8943570113949319e-02
-2.8562601839079695e-02
-2.0848015486121835e-02
-1.5210928396246180e-02
-1.1150098060647765e-02
-8.2150769911601591e-03
-6.1219558530584851e-03
-4.6666005073979664e-03
-3.6423406485468083e-03
-2.9120792924236488e-03
-2.4237478978937741e-03
-2.0921590123698115e-03
-1.8352436938697165e-03
-1.6708855213981621e-03
-1.5699285159853646e-03
-1.4623084465836826e-03
-1.3961606799313315e-03
-1.3636646402893629e-03
-1.3037449361542495e-03
-1.2646767458555086e-03
-1.2481867967866604e-03
-1.2080499609767501e-03
-1.1759694345029952e-03
-1.1627529901767429e-03
-1.1324144288905403e-03
-1.1023095742635192e-03
-1.0894257415028116e-03
-1.0654911510185126e-03
-1.0363407808007170e-03
-1.0233359120093858e-03
-1.0042080565248251e-03
-9.7592911845494361e-04
-9.6290025507818843e-04
-9.4751866989182642e-04
-9.2021084246905998e-04
-9.0734407187188857e-04
-8.9486249722202935e-04
-8.6864349596733382e-04
-8.5611873895249675e-04
-8.4583277969222477e-04
-8.2080554798686517e-04
-8.0877896967335215e-04
-8.0009379708193809e-04
-7.7634307204794484e-04
-7.6494703699240261e-04
-7.5735843298246148e-04
-7.3495077155900619e-04
-7.2429503636637304e-04
-7.1737447297244626e-04
-6.9636063439201302e-04
-6.8653539150172345e-04
-6.7991870194904767e-04
-6.6033524667881459e-04
-6.5141327549301934e-04
-6.4479101657020400e-04
-6.2666280465399746e-04
-6.1870239439045026e-04
-6.1181244713255103e-04
-5.9515470734507355e-04
-5.8820208323875163e-04
-5.8082363489224843e-04
-5.6564475531318572e-04
-5.5973710784629422e-04
-5.5168547861065024e-04
-5.3798756696798848e-04
-5.3315381880184335e-04
-5.2427685021050720e-04
-5.1205828897001537e-04
-5.0832166466543906e-04
-4.9849967994623800e-04
-4.8775568229740508e-04
-4.8513425833192624e-04
-4.7426501470976561e-04
-4.6498723652400469e-04
-4.6349358177298161e-04
-4.5149428881417146e-04
-4.4367133627557772e-04
-4.4331312441659110e-04
-4.3011648003530494e-04
-4.2373284509561660e-04
-4.2203665799896367e-04
-4.1006670310151608e-04
-4.0510345665364884e-04
-4.0157448006694824e-04
-3.9128074198102754e-04
-3.8771630337042570e-04
-3.8235324900004963e-04
-3.7369715437690274e-04
-3.7150798283018809e-04
-3.6432413028884451e-04
-3.5726746600167126e-04
-3.5642952347684560e-04
-3.4743831617473683e-04
-3.4194335020472984e-04
-3.4148160485175368e-04
-3.3165098968684719e-04
-3.2768072188590653e-04
-3.2504964541821702e-04
-3.1692384050438705e-04
-3.1444197951482211e-04
-3.0968816227043029e-04
-3.0322018359204585e-04
-3.0219092721871883e-04
-2.9537171900785131e-04
-2.9051717720167571e-04
-2.9049748583991731e-04
-2.8207577197396019e-04
-2.7879959259256002e-04
-2.7650982261693820e-04
-2.6982974280668315e-04
-2.6814508147580810e-04
-2.6375335713307857e-04
-2.5894168945845311e-04
-2.5911588016609124e-04
-2.5322602068120935e-04
-2.5114263380612454e-04
-2.5233418058392151e-04
-2.4989970170227223e-04
-2.5471667666425137e-04
-2.6241715647664759e-04
-2.7597997465676310e-04
-3.0541436455087614e-04
-3.4775729530736458e-04
-4.2106454928978067e-04
-5.4063746439881623e-04
-7.2288274836703446e-04
-1.0114148031061909e-03
-1.4511431883975307e-03
-2.1161359929891196e-03
-3.1157560207206447e-03
-4.5877635354769977e-03
-6.7447206775824208e-03
-9.8646475971533223e-03
-1.4321143848015390e-02
-2.0624241750781362e-02
-2.9427168128205002e-02
-4.1583744963022140e-02
-5.8173909778816930e-02
-8.0535959969113224e-02
-1.1032260924789429e-01
-1.4950130043900883e-01
-2.0037859556501222e-01
-2.6558901999106926e-01
-3.4804393386246357e-01
-4.5085668662791656e-01
-5.7720511529231022e-01
-7.3014749669025902e-01
-9.1237615150025753e-01
-1.1258280666756233e+00
-1.3712998753460568e+00
-1.6487207739114551e+00
-1.9557944554375353e+00
-2.2886105050791143e+00
-2.6411388156223921e+00
-3.0058614612092907e+00
-3.3731204290246768e+00
-3.7323622649660044e+00
-4.0725294438270163e+00
-4.3828665486691305e+00
-4.6538054385408882e+00
-4.8770378838252322e+00
-5.0460105730624072e+00
-5.1570521262047038e+00
-5.2087971073950508e+00
-5.2014604696837212e+00
-5.1376760032135076e+00
-5.0220629461835564e+00
0.0000000000000000e+00
2.4055929233035767e-01
0.0000000000000000e+00
0.0000000000000000e+00
];
