%Vec Object:sol 1 MPI processes
%  type: mpi
sol = [
0.0000000000000000e+00
-1.3324134702818988e+01
-1.2079901170439388e+01
-1.0984047172474424e+01
-1.0037675755564251e+01
-9.2142942032764577e+00
-8.4911128454487290e+00
-7.8506772129356106e+00
-7.2794720653085898e+00
-6.7653745120062085e+00
-6.2995652387887695e+00
-5.8757484125008181e+00
-5.4862315101696071e+00
-5.1269637038917448e+00
-4.7951692799822121e+00
-4.4876585293861293e+00
-4.2014996984983561e+00
-3.9341154709241994e+00
-3.6831118134575194e+00
-3.4480939243688864e+00
-3.2276832809415064e+00
-3.0193761591459554e+00
-2.8237276088017214e+00
-2.6391075491892955e+00
-2.4647605340019658e+00
-2.3005704868825925e+00
-2.1450539380900349e+00
-1.9985820939126269e+00
-1.8601232062529942e+00
-1.7295103635135678e+00
-1.6063990462009019e+00
-1.4901489585756840e+00
-1.3808341144061071e+00
-1.2778668070627459e+00
-1.1809524312859221e+00
-1.0900281489599075e+00
-1.0047845185144817e+00
-9.2472338253432429e-01
-8.4983195952025947e-01
-7.7988548990088424e-01
-7.1464565714746786e-01
-6.5388119496705055e-01
-5.9723962728132074e-01
-5.4465643319371515e-01
-4.9591724838525941e-01
-4.5082333569757288e-01
-4.0917533973639097e-01
-3.7076051807061533e-01
-3.3541183138270875e-01
-3.0294861643613413e-01
-2.7315654927104344e-01
-2.4587921240469932e-01
-2.2098418633906744e-01
-1.9828214659175017e-01
-1.7764025294543026e-01
-1.5891924057785800e-01
-1.4195134158934061e-01
-1.2661527500803230e-01
-1.1279672517002380e-01
-1.0035123704473221e-01
-8.9169196945297888e-02
-7.9160889983895991e-02
-7.0205344103987904e-02
-6.2204973641545973e-02
-5.5093136235859770e-02
-4.8771167238272010e-02
-4.3153635992418109e-02
-3.8194522800964019e-02
-3.3815259885022285e-02
-2.9942325183169104e-02
-2.6547252447041463e-02
-2.3568764270633088e-02
-2.0944532297203129e-02
-1.8660353899132953e-02
-1.6669184702000010e-02
-1.4918875046686455e-02
-1.3406250406276915e-02
-1.2095475270783820e-02
-1.0943450298327507e-02
-9.9550506920339406e-03
-9.1028616924513379e-03
-8.3517481749617439e-03
-7.7120376599526929e-03
-7.1623044888843293e-03
-6.6744377458835867e-03
-6.2620546366326168e-03
-5.9076934232882850e-03
-5.5895254837900902e-03
-5.3227294170451267e-03
-5.0921866332841459e-03
-4.8818177250628172e-03
-4.7070328319078480e-03
-4.5538053898817434e-03
-4.4114645967986803e-03
-4.2946672996439731e-03
-4.1895467846673005e-03
-4.0906632909962692e-03
-4.0112240952793303e-03
-3.9368590639707705e-03
-3.8673120772243813e-03
-3.8138818366305343e-03
-3.7612583479055195e-03
-3.7144198736819567e-03
-3.6825010270392674e-03
-3.6489994206176340e-03
-3.6242864229960895e-03
-3.6152461574951392e-03
-3.6041060082024367e-03
-3.6068857247273270e-03
-3.6283027284524463e-03
-3.6494120332181139e-03
-3.6922502422299611e-03
-3.7571194807793757e-03
-3.8317452578528950e-03
-3.9371390039504052e-03
-4.0716887781498939e-03
-4.2317990616057505e-03
-4.4366625578671562e-03
-4.6839943388633180e-03
-4.9796262192621163e-03
-5.3418979040550669e-03
-5.7689029756594606e-03
-6.2769000940610829e-03
-6.8846631202816458e-03
-7.5920487258959593e-03
-8.4270381798986580e-03
-9.4095058526316635e-03
-1.0545667890301648e-02
-1.1873928184131567e-02
-1.3415669292444969e-02
-1.5192974799560551e-02
-1.7248940538803815e-02
-1.9611284467433019e-02
-2.2319693669251177e-02
-2.5424157694234586e-02
-2.8960989162608631e-02
-3.2989003334056140e-02
-3.7566697519244879e-02
-4.2742122340625840e-02
-4.8592873201549050e-02
-5.5184856178468071e-02
-6.2587663856073172e-02
-7.0888509328434171e-02
-8.0164229437124479e-02
-9.0504195102792881e-02
-1.0200400909078693e-01
-1.1474975804010859e-01
-1.2884608536752715e-01
-1.4439164985287331e-01
-1.6147397583654841e-01
-1.8020211396773517e-01
-2.0067463410654354e-01
-2.2298835541534076e-01
-2.4723899895188189e-01
-2.7351056882420388e-01
-3.0188643287067080e-01
-3.3243826956136496e-01
-3.6522620089880659e-01
-4.0029992345126120e-01
-4.3769384396342625e-01
-4.7742550541098894e-01
-5.1946379881562588e-01
-5.6376040952675699e-01
-6.1031191200499457e-01
-6.5905269373804021e-01
-7.0989550422052872e-01
-7.6271926467057349e-01
-8.1727414920782426e-01
-8.7343164344916635e-01
-9.3104510502497728e-01
-9.8991412523541655e-01
-1.0495984988053733e+00
-1.1099390974286274e+00
-1.1707302905122903e+00
-1.2314684205407940e+00
-1.2919044038215002e+00
-1.3518508092027279e+00
-1.4105994008507117e+00
-1.4681858943725459e+00
-1.5240101688715204e+00
-1.5778685025897980e+00
-1.6293697264467786e+00
-1.6782158557096667e+00
-1.7240999966420367e+00
-1.7668221173814711e+00
-1.8059646017036588e+00
-1.8416110496880820e+00
-1.8731362645104188e+00
-1.9007741504789584e+00
-1.9242876463297780e+00
-1.9434082048787733e+00
-1.9583443503084281e+00
-1.9689590414363132e+00
-1.9751257296173093e+00
-1.9770855748209508e+00
-1.9749141435943345e+00
-1.9684265462098345e+00
-1.9579832756289393e+00
-1.9437613167553736e+00
0.0000000000000000e+00
1.3464638167935297e-01
0.0000000000000000e+00
0.0000000000000000e+00
];
