%Vec Object:sol 1 MPI processes
%  type: mpi
sol = [
0.0000000000000000e+00
-9.4172733275892035e+00
-8.7098164266952267e+00
-8.0665961634038386e+00
-7.4785369386119971e+00
-6.9373460391813930e+00
-6.4362520456886214e+00
-5.9705336891780743e+00
-5.5366733141932958e+00
-5.1307642725040443e+00
-4.7491360113637553e+00
-4.3907485983840129e+00
-4.0541199541969792e+00
-3.7377983815571167e+00
-3.4400414207088383e+00
-3.1596172519352193e+00
-2.8966976786419303e+00
-2.6492377925988522e+00
-2.4177908410423190e+00
-2.2008858972369043e+00
-1.9984715302065068e+00
-1.8096143375612626e+00
-1.6343868889350488e+00
-1.4714943935206313e+00
-1.3210000517692826e+00
-1.1824232292114940e+00
-1.0549456703381974e+00
-9.3808740808624813e-01
-8.3150237902794200e-01
-7.3459152501831826e-01
-6.4678859840599967e-01
-5.6748321503531729e-01
-4.9609627781450238e-01
-4.3217846354475248e-01
-3.7514886093514244e-01
-3.2449050880096447e-01
-2.7968570558291195e-01
-2.4019691452231814e-01
-2.0555071775367598e-01
-1.7530154344709087e-01
-1.4898561399697099e-01
-1.2618244301245610e-01
-1.0653767241065105e-01
-8.9678359965290180e-02
-7.5244681047915402e-02
-6.2978761838092118e-02
-5.2601121489455838e-02
-4.3814050604345137e-02
-3.6449224848303242e-02
-3.0308215914536009e-02
-2.5161877783286171e-02
-2.0904766557562321e-02
-1.7405632642490634e-02
-1.4503434258737895e-02
-1.2128485149319627e-02
-1.0204910590329601e-02
-8.6233503981125968e-03
-7.3380906101845143e-03
-6.3128888423350663e-03
-5.4752348201950298e-03
-4.7937795245627099e-03
-4.2589105108338113e-03
-3.8230770660533436e-03
-3.4624147047681653e-03
-3.1841806758553574e-03
-2.9570369264077909e-03
-2.7602959002118528e-03
-2.6112684683656418e-03
-2.4887909175529853e-03
-2.3730957074895769e-03
-2.2870295827800151e-03
-2.2156286388444243e-03
-2.1391845387950079e-03
-2.0832004781604105e-03
-2.0363638488656889e-03
-1.9790166483221140e-03
-1.9375123722247898e-03
-1.9025598498789457e-03
-1.8549925455625493e-03
-1.8208742165728867e-03
-1.7918693290319082e-03
-1.7499340295209567e-03
-1.7200999492206371e-03
-1.6942584514174825e-03
-1.6561583579509120e-03
-1.6292927572945006e-03
-1.6052533009516031e-03
-1.5702135020198870e-03
-1.5457636546658323e-03
-1.5227945336133417e-03
-1.4904652013196077e-03
-1.4681897446399159e-03
-1.4458403221443733e-03
-1.4160423219716327e-03
-1.3958220985772632e-03
-1.3737747224834575e-03
-1.3463943570975500e-03
-1.3281551674844620e-03
-1.3061643299523953e-03
-1.2811140539523041e-03
-1.2647988467666081e-03
-1.2426693315347520e-03
-1.2198727846709511e-03
-1.2054314126780409e-03
-1.1829959679825438e-03
-1.1623831936753396e-03
-1.1497699562158349e-03
-1.1268912971667564e-03
-1.1084011291324876e-03
-1.0975793924276988e-03
-1.0741528157464542e-03
-1.0577416432078466e-03
-1.0462255870872204e-03
-1.0246711955307166e-03
-1.0103419728530213e-03
-9.9768887929950760e-04
-9.7854805084506219e-04
-9.6642776589435668e-04
-9.5286139914076444e-04
-9.3642621428390894e-04
-9.2696549206172825e-04
-9.1316840327495044e-04
-9.0033498071546731e-04
-8.9480120946604734e-04
-8.8255783820977238e-04
-8.7570103340050957e-04
-8.7638594541330345e-04
-8.7105756669385824e-04
-8.7602183422736248e-04
-8.8821256572594101e-04
-9.0270793823604820e-04
-9.3311531350570109e-04
-9.7476094429535000e-04
-1.0323773300923583e-03
-1.1184760019259370e-03
-1.2287246342242593e-03
-1.3796103975842404e-03
-1.5850730528466988e-03
-1.8458705089248290e-03
-2.1929830999476633e-03
-2.6440432293820919e-03
-3.2206808365198552e-03
-3.9654577819184800e-03
-4.9114510096151419e-03
-6.1104956792029860e-03
-7.6279333827284608e-03
-9.5251079707396775e-03
-1.1898005074891754e-02
-1.4848602266523408e-02
-1.8491158962784013e-02
-2.2977752056748724e-02
-2.8468905297282285e-02
-3.5157246316749526e-02
-4.3269104850813374e-02
-5.3045740007217700e-02
-6.4779804641850319e-02
-7.8790402599925632e-02
-9.5426429851678360e-02
-1.1508488234899703e-01
-1.3818598559439119e-01
-1.6518656517104965e-01
-1.9657409602285592e-01
-2.3285084154633554e-01
-2.7454213273415501e-01
-3.2217338945837692e-01
-3.7626202192817482e-01
-4.3730452486888338e-01
-5.0575811554320282e-01
-5.8201964891968372e-01
-6.6640678599174641e-01
-7.5900894763102744e-01
-8.5997229695927591e-01
-9.6926930080096796e-01
-1.0866869275662510e+00
-1.2116487384990535e+00
-1.3434757036156735e+00
-1.4815768569948649e+00
-1.6246270110020067e+00
-1.7714830585555523e+00
-1.9207879763919951e+00
-2.0707524732095379e+00
-2.2198288813280094e+00
-2.3663416899514806e+00
-2.5080434933696329e+00
-2.6435803848753836e+00
-2.7711696803055554e+00
-2.8890426644507374e+00
-2.9955615289474840e+00
-3.0897581997655790e+00
-3.1704812400000781e+00
-3.2369306561138522e+00
-3.2885074861860621e+00
-3.3248707161468469e+00
-3.3458791335131344e+00
-3.3515438767579884e+00
-3.3423937715917269e+00
-3.3189615618884285e+00
-3.2819363207189727e+00
-3.2321993525604058e+00
0.0000000000000000e+00
2.4055929233035767e-01
0.0000000000000000e+00
0.0000000000000000e+00
];
