%Vec Object:sol 1 MPI processes
%  type: mpi
sol = [
0.0000000000000000e+00
-6.5552170517808719e+00
-6.2034072897672807e+00
-5.8734196137534438e+00
-5.5680812643531130e+00
-5.2834232272766597e+00
-5.0107236453944637e+00
-4.7557564037838098e+00
-4.5166294849494371e+00
-4.2863511489509971e+00
-4.0692312034913067e+00
-3.8633623961221644e+00
-3.6654543164709947e+00
-3.4779858532626933e+00
-3.2976657486654140e+00
-3.1260028648052476e+00
-2.9613658846244819e+00
-2.8036363628662744e+00
-2.6528107942878725e+00
-2.5080484019870175e+00
-2.3692982369655335e+00
-2.2366055198499297e+00
-2.1091438051616427e+00
-1.9876032479023147e+00
-1.8705507584298924e+00
-1.7590524445411635e+00
-1.6523922849026795e+00
-1.5502301992291412e+00
-1.4530145359421847e+00
-1.3602749138927510e+00
-1.2716379416634245e+00
-1.1874821187757081e+00
-1.1075700888277653e+00
-1.0315486347236900e+00
-9.5939442247993112e-01
-8.9112966886437850e-01
-8.2661309363632873e-01
-7.6572231816749614e-01
-7.0820967125492418e-01
-6.5401161724018519e-01
-6.0308935904869310e-01
-5.5531443987656703e-01
-5.1056446556260116e-01
-4.6871265314766924e-01
-4.2962669002964332e-01
-3.9319854881389482e-01
-3.5926410688921323e-01
-3.2771467981994490e-01
-2.9847839179323671e-01
-2.7143748627561803e-01
-2.4644360275401161e-01
-2.2341091651958614e-01
-2.0223042166627317e-01
-1.8276278958451561e-01
-1.6492317730543321e-01
-1.4861651085497607e-01
-1.3371600496507025e-01
-1.2013831992189156e-01
-1.0780401256924239e-01
-9.6601074753117758e-02
-8.6449244413896481e-02
-7.7285314974128008e-02
-6.9013061380796770e-02
-6.1556962749959282e-02
-5.4869679519381431e-02
-4.8870660057832423e-02
-4.3490484211845301e-02
-3.8696494156347079e-02
-3.4422787280325912e-02
-3.0606986427714016e-02
-2.7229318278462349e-02
-2.4236913258173634e-02
-2.1574842482889409e-02
-1.9234108145721865e-02
-1.7172916366742303e-02
-1.5343768989195757e-02
-1.3746231446816441e-02
-1.2347506265194090e-02
-1.1107232191127121e-02
-1.0031391506467688e-02
-9.0941548632017203e-03
-8.2618678095453587e-03
-7.5449681535512342e-03
-6.9227372192662336e-03
-6.3677715168690462e-03
-5.8932604769700563e-03
-5.4819800428023329e-03
-5.1123718944315489e-03
-4.7989610204375735e-03
-4.5266730678058583e-03
-4.2794817821319104e-03
-4.0721205835447874e-03
-3.8905922994230389e-03
-3.7242006801019569e-03
-3.5870313014818508e-03
-3.4653476287785038e-03
-3.3536950041115807e-03
-3.2649017718466245e-03
-3.1849117282485117e-03
-3.1135324005511270e-03
-3.0619483409325145e-03
-3.0154234803380455e-03
-2.9791489671381075e-03
-2.9624901130923297e-03
-2.9498693803932741e-03
-2.9521124221276048e-03
-2.9767864137054847e-03
-3.0075187798636028e-03
-3.0611546866340426e-03
-3.1436972726689820e-03
-3.2382497145856557e-03
-3.3682249334606213e-03
-3.5360775869322627e-03
-3.7322896311935221e-03
-3.9802114595204590e-03
-4.2814792962325614e-03
-4.6362183217202157e-03
-5.0672660297808557e-03
-5.5770127517936361e-03
-6.1763202226444271e-03
-6.8888497807214179e-03
-7.7191991343686052e-03
-8.6903513363452319e-03
-9.8284891126008359e-03
-1.1142242422646177e-02
-1.2668389914403826e-02
-1.4436748314134164e-02
-1.6464911827406697e-02
-1.8802554070610000e-02
-2.1483969825919498e-02
-2.4545228415039977e-02
-2.8043637039708705e-02
-3.2022938244244618e-02
-3.6539383664180726e-02
-4.1660110427378605e-02
-4.7440511034069460e-02
-5.3957752114774361e-02
-6.1287280268252080e-02
-6.9500835088190979e-02
-7.8695637461525497e-02
-8.8958902708167822e-02
-1.0038173808112268e-01
-1.1307114657075047e-01
-1.2712517271600418e-01
-1.4265234531663587e-01
-1.5976582523811686e-01
-1.7857025641382013e-01
-1.9918354476553241e-01
-2.2171697695927614e-01
-2.4627733154424186e-01
-2.7297587239626725e-01
-3.0191302486999771e-01
-3.3318458271539297e-01
-3.6687926963504380e-01
-4.0307380228274098e-01
-4.4183347707510723e-01
-4.8319328174989407e-01
-5.2712921668966639e-01
-5.7370838955095582e-01
-6.2292561382890910e-01
-6.7474971262195316e-01
-7.2912297420015248e-01
-7.8597471911382932e-01
-8.4502511734112373e-01
-9.0624487068869297e-01
-9.6950723113620940e-01
-1.0346140364788874e+00
-1.1011569341665264e+00
-1.1689441793149304e+00
-1.2378164034338459e+00
-1.3073343380272613e+00
-1.3770520840384244e+00
-1.4469209717898213e+00
-1.5162244953828308e+00
-1.5848065573429060e+00
-1.6522725422375426e+00
-1.7180676410232116e+00
-1.7820572399027399e+00
-1.8435984377369232e+00
-1.9025608105196679e+00
-1.9584913396401242e+00
-2.0110353638797429e+00
-2.0601734415540260e+00
-2.1051148404575422e+00
-2.1461074983377304e+00
-2.1829049221690906e+00
-2.2149578272310610e+00
-2.2425182644427277e+00
-2.2654953637119615e+00
-2.2835957814969392e+00
-2.2968518092095964e+00
-2.3054082668806983e+00
-2.3092794288132077e+00
-2.3085578963801634e+00
-2.3030814830449855e+00
-2.2932259188093278e+00
-2.2791296295056394e+00
-2.2609435491469410e+00
-2.2388831127242153e+00
0.0000000000000000e+00
2.4055929233035767e-01
0.0000000000000000e+00
0.0000000000000000e+00
];
