%Vec Object:sol 1 MPI processes
%  type: mpi
sol = [
0.0000000000000000e+00
-1.5765740738974477e+01
-1.4016818220292523e+01
-1.2557118278854816e+01
-1.1326345268771064e+01
-1.0265877055307751e+01
-9.3473765368892909e+00
-8.5462216359082195e+00
-7.8393534058416190e+00
-7.2082979821791753e+00
-6.6400890777337578e+00
-6.1255770528690245e+00
-5.6562219358568679e+00
-5.2258213408973528e+00
-4.8298697940495323e+00
-4.4643364416994142e+00
-4.1256929813376475e+00
-3.8113866813688189e+00
-3.5191128347095764e+00
-3.2459648514483388e+00
-2.9915072099882121e+00
-2.7544192807839023e+00
-2.5323537255211725e+00
-2.3255206902951691e+00
-2.1320619196060702e+00
-1.9520639337180770e+00
-1.7838424203868715e+00
-1.6275971799335949e+00
-1.4820603605439695e+00
-1.3469941309836144e+00
-1.2219307376106083e+00
-1.1060075802799858e+00
-9.9898426814058205e-01
-9.0040866870618352e-01
-8.0980921214591250e-01
-7.2654305051448431e-01
-6.5032872756909277e-01
-5.8076096537017585e-01
-5.1741447714297129e-01
-4.5988389617331504e-01
-4.0776450400293451e-01
-3.6067158952874184e-01
-3.1821754568285826e-01
-2.8007623789962122e-01
-2.4590161805475927e-01
-2.1539676367803076e-01
-1.8824852990832275e-01
-1.6412380677567384e-01
-1.4278710253528837e-01
-1.2397785274477299e-01
-1.0740537751564203e-01
-9.2883864888869017e-02
-8.0205496524409836e-02
-6.9134752916387390e-02
-5.9520786944614636e-02
-5.1209449441723863e-02
-4.4017135124822103e-02
-3.7824093434106122e-02
-3.2523572984139999e-02
-2.7977497929534266e-02
-2.4092437772084835e-02
-2.0800922054530595e-02
-1.8002454984064453e-02
-1.5624687737233302e-02
-1.3630866560065836e-02
-1.1949871670012137e-02
-1.0525406206643790e-02
-9.3434231002473243e-03
-8.3546330208687045e-03
-7.5144936269307223e-03
-6.8247907199700314e-03
-6.2517064220245664e-03
-5.7590927327569597e-03
-5.3590824079492129e-03
-5.0283061327810645e-03
-4.7366338264739089e-03
-4.5024028854762791e-03
-4.3089250649127192e-03
-4.1305859651188390e-03
-3.9889395984094951e-03
-3.8712663415683027e-03
-3.7556547407363115e-03
-3.6647973763235487e-03
-3.5880489321266332e-03
-3.5068790406854429e-03
-3.4437130653735526e-03
-3.3886823021844928e-03
-3.3266314747505302e-03
-3.2787844768098870e-03
-3.2351664944642836e-03
-3.1841714760834322e-03
-3.1452052798136912e-03
-3.1075830808965981e-03
-3.0635068581939275e-03
-3.0301564026357468e-03
-2.9957160865783958e-03
-2.9564782243962232e-03
-2.9271247402117987e-03
-2.8944108847596419e-03
-2.8589881746411347e-03
-2.8328584758655906e-03
-2.8011357334460627e-03
-2.7690616824320832e-03
-2.7458429123890390e-03
-2.7147926314892161e-03
-2.6859539546383354e-03
-2.6656642610618057e-03
-2.6353250721472005e-03
-2.6099649643926805e-03
-2.5930218947393686e-03
-2.5639222082184383e-03
-2.5428511910027675e-03
-2.5278457507238198e-03
-2.5039243428553290e-03
-2.4890365575473547e-03
-2.4779356898716651e-03
-2.4628173278365638e-03
-2.4581243415746370e-03
-2.4560384326721557e-03
-2.4561288361071689e-03
-2.4696971418171031e-03
-2.4867553350888566e-03
-2.5146079766694071e-03
-2.5620279661761830e-03
-2.6175357758505369e-03
-2.6968478640402105e-03
-2.8062205581676908e-03
-2.9366949942180418e-03
-3.1106431595198970e-03
-3.3317450783217433e-03
-3.6029816628439211e-03
-3.9475149525837940e-03
-4.3714049393728414e-03
-4.8919022271278218e-03
-5.5359290110715562e-03
-6.3152555065090835e-03
-7.2647419379598321e-03
-8.4187452132287524e-03
-9.8004809296960062e-03
-1.1465640244815344e-02
-1.3458453279771090e-02
-1.5828913493606375e-02
-1.8649248149183534e-02
-2.1983210849990820e-02
-2.5913305067169802e-02
-3.0534680027695976e-02
-3.5937095992809615e-02
-4.2240845949600266e-02
-4.9567574594321241e-02
-5.8044642523941814e-02
-6.7826698473480621e-02
-7.9066168589664421e-02
-9.1932147430554292e-02
-1.0660887731480236e-01
-1.2327852292777974e-01
-1.4214448125057241e-01
-1.6341071484378430e-01
-1.8726954151146466e-01
-2.1394178014372225e-01
-2.4363286989286057e-01
-2.7654392765826685e-01
-3.1286713455099741e-01
-3.5277615096651227e-01
-3.9642727105313497e-01
-4.4394962390664283e-01
-4.9544146174406839e-01
-5.5096135185107087e-01
-6.1050412731613213e-01
-6.7396181834393143e-01
-7.4131467397681228e-01
-8.1242441456017755e-01
-8.8707432700607025e-01
-9.6489423115428086e-01
-1.0454966739154263e+00
-1.1285932167468391e+00
-1.2136999169426914e+00
-1.2999913129289669e+00
-1.3872076463815715e+00
-1.4745102842469018e+00
-1.5612132963759375e+00
-1.6467487668748522e+00
-1.7301444224439169e+00
-1.8109254823918421e+00
-1.8882079967819752e+00
-1.9613476744517373e+00
-2.0298940663389398e+00
-2.0928022404557076e+00
-2.1499464247838582e+00
-2.2008505188618233e+00
-2.2447191708839394e+00
-2.2815839303084866e+00
-2.3111981348608119e+00
-2.3333734094196372e+00
-2.3479230182412736e+00
-2.3548814515558245e+00
-2.3544533106434238e+00
-2.3467747719713055e+00
-2.3320525717517828e+00
-2.3106002584880607e+00
0.0000000000000000e+00
1.3464638167935297e-01
0.0000000000000000e+00
0.0000000000000000e+00
];
