%Vec Object:sol 1 MPI processes
%  type: mpi
sol = [
0.0000000000000000e+00
-6.8921674456752502e+00
-6.5059712710762687e+00
-6.1432948546033952e+00
-5.8079557388679337e+00
-5.4960030189301801e+00
-5.2015148897597188e+00
-4.9228071467138221e+00
-4.6616630542083355e+00
-4.4148185694688840e+00
-4.1782349778433590e+00
-3.9552589855947851e+00
-3.7429911589589380e+00
-3.5394994950836605e+00
-3.3467930347972228e+00
-3.1615807049282907e+00
-2.9853099016077924e+00
-2.8164345155641679e+00
-2.6552682643573462e+00
-2.5009877379341168e+00
-2.3535094735906279e+00
-2.2124637934506746e+00
-2.0780544981322588e+00
-1.9490742912388594e+00
-1.8265420264180123e+00
-1.7093573608018613e+00
-1.5976966235154568e+00
-1.4916841636558655e+00
-1.3905762166916649e+00
-1.2945620524543020e+00
-1.2036185737529754e+00
-1.1175032618451801e+00
-1.0357906293989048e+00
-9.5867823453606660e-01
-8.8602045033095223e-01
-8.1762749874902685e-01
-7.5321985092850596e-01
-6.9271066217535215e-01
-6.3604558011513335e-01
-5.8306751955855574e-01
-5.3361821100768736e-01
-4.8754280316733989e-01
-4.4469729767840432e-01
-4.0491576313653393e-01
-3.6799723593074790e-01
-3.3388038537529346e-01
-3.0241594687988055e-01
-2.7343026594510039e-01
-2.4681106532882563e-01
-2.2241937051246483e-01
-2.0008261874501040e-01
-1.7970077800096451e-01
-1.6114820837906133e-01
-1.4426725721135758e-01
-1.2896165768153584e-01
-1.1512498977949885e-01
-1.0261805220071349e-01
-9.1349703916667038e-02
-8.1234131416205335e-02
-7.2152264610664360e-02
-6.4019745522641863e-02
-5.6771226965292125e-02
-5.0307850668021417e-02
-4.4553282671458916e-02
-3.9461296505695222e-02
-3.4952039956565165e-02
-3.0957836715999155e-02
-2.7449360846801239e-02
-2.4363645966605403e-02
-2.1641765259949125e-02
-1.9268544545193007e-02
-1.7195306253750851e-02
-1.5371477199805809e-02
-1.3793137067896219e-02
-1.2423150453752385e-02
-1.1218622985276972e-02
-1.0184091484260653e-02
-9.2913143634426546e-03
-8.5043088378255350e-03
-7.8335438257827201e-03
-7.2572846432351606e-03
-6.7457382693454230e-03
-6.3131442347253959e-03
-5.9422344065040451e-03
-5.6088105862057676e-03
-5.3291151580340613e-03
-5.0886772476466174e-03
-4.8684598647809017e-03
-4.6853186784860182e-03
-4.5262646011941556e-03
-4.3771494812844059e-03
-4.2543900583929088e-03
-4.1454774040226563e-03
-4.0410219999798616e-03
-3.9562347004239180e-03
-3.8783500214303241e-03
-3.8027223690442029e-03
-3.7428259184811952e-03
-3.6851235036322828e-03
-3.6297887397495391e-03
-3.5882232799177532e-03
-3.5457928094587469e-03
-3.5076335532366210e-03
-3.4829113671808200e-03
-3.4557278256332215e-03
-3.4364139976663850e-03
-3.4318891841996261e-03
-3.4249868788733973e-03
-3.4315567652271626e-03
-3.4564288263062536e-03
-3.4813439878279527e-03
-3.5281187993521936e-03
-3.5973923775274182e-03
-3.6775828616626462e-03
-3.7897164559548354e-03
-3.9328227031809725e-03
-4.1041199191703456e-03
-4.3232498744425795e-03
-4.5890540986812259e-03
-4.9085234209614911e-03
-5.3011319332985909e-03
-5.7668736853404984e-03
-6.3238442986111015e-03
-6.9930077255042303e-03
-7.7773174309996307e-03
-8.7077429055081555e-03
-9.8079512367020161e-03
-1.1088973199096300e-02
-1.2594059406503520e-02
-1.4350732320206901e-02
-1.6388194470881096e-02
-1.8757247459868828e-02
-2.1494927072946361e-02
-2.4651266326389556e-02
-2.8287792732005209e-02
-3.2454341229595063e-02
-3.7222964358258226e-02
-4.2669032270554977e-02
-4.8859619774344255e-02
-5.5891952684930669e-02
-6.3854109253723729e-02
-7.2839910228003707e-02
-8.2962218600505219e-02
-9.4326279306371677e-02
-1.0705133786173213e-01
-1.2126455581955731e-01
-1.3708628946953944e-01
-1.5465561111188772e-01
-1.7410752734356055e-01
-1.9557541707510284e-01
-2.1920297659400276e-01
-2.4512472319762563e-01
-2.7347497689980566e-01
-3.0438508692832134e-01
-3.3797493249670779e-01
-3.7435829940306237e-01
-4.1363490394270991e-01
-4.5588970296845333e-01
-5.0115773940452335e-01
-5.4945001480068856e-01
-6.0083102952411327e-01
-6.5529068411571212e-01
-7.1279935199220212e-01
-7.7328310169491976e-01
-8.3660278393246079e-01
-9.0247731996999148e-01
-9.7087648461413811e-01
-1.0416042598729534e+00
-1.1143595931220012e+00
-1.1885923152753857e+00
-1.2642852215465443e+00
-1.3410636600646288e+00
-1.4181140945166921e+00
-1.4954886460523042e+00
-1.5724830069280760e+00
-1.6486455631509906e+00
-1.7236694843897122e+00
-1.7967516432108739e+00
-1.8678168298430544e+00
-1.9360239429823454e+00
-2.0012166912905127e+00
-2.0629076060308651e+00
-2.1205093739773173e+00
-2.1740442439019101e+00
-2.2228256938784101e+00
-2.2666912973263629e+00
-2.3055663322172206e+00
-2.3391830320841747e+00
-2.3671458676157178e+00
-2.3896393955517805e+00
-2.4066180655931699e+00
-2.4180424804339156e+00
-2.4238610758959829e+00
-2.4241054192916640e+00
-2.4190065160870788e+00
-2.4087320582902563e+00
-2.3934411281568830e+00
-2.3733229686875923e+00
-2.3486393695010768e+00
0.0000000000000000e+00
2.4055929233035767e-01
0.0000000000000000e+00
0.0000000000000000e+00
];
