%Vec Object:sol 1 MPI processes
%  type: mpi
sol = [
0.0000000000000000e+00
-6.8450313714071891e+00
-6.4637238163004413e+00
-6.1056769635046546e+00
-5.7745698757250290e+00
-5.4664950431197283e+00
-5.1750148962291265e+00
-4.8996303732098756e+00
-4.6415524307686562e+00
-4.3969940766732440e+00
-4.1630944364892120e+00
-3.9426015981063278e+00
-3.7321541591652103e+00
-3.5308568631800528e+00
-3.3401837138788335e+00
-3.1564531022522195e+00
-2.9819686759994393e+00
-2.8143936998035595e+00
-2.6547846471534018e+00
-2.5016317794554599e+00
-2.3554905344807997e+00
-2.2154026860671485e+00
-2.0821189590392044e+00
-1.9539292246665969e+00
-1.8321149866278257e+00
-1.7157656093957778e+00
-1.6046596805507625e+00
-1.4991304175974376e+00
-1.3985801563352860e+00
-1.3028976321102181e+00
-1.2122213870053122e+00
-1.1264106087477634e+00
-1.0448369043736332e+00
-9.6780072227975511e-01
-8.9516653778176336e-01
-8.2674585504682041e-01
-7.6232555956136783e-01
-7.0168975329640482e-01
-6.4485733153972924e-01
-5.9167479093696673e-01
-5.4198836692850039e-01
-4.9564746673313997e-01
-4.5251170284738584e-01
-4.1243055366861153e-01
-3.7519544002485228e-01
-3.4072917037825257e-01
-3.0890559935871142e-01
-2.7955458186057758e-01
-2.5256606026205580e-01
-2.2780382020060938e-01
-2.0509839081304165e-01
-1.8435168690178874e-01
-1.6544022327270635e-01
-1.4820860092011973e-01
-1.3256200414061767e-01
-1.1839538885222652e-01
-1.0557096197345804e-01
-9.3998464910301796e-02
-8.3592764707185990e-02
-7.4235469181855210e-02
-6.5842566786294909e-02
-5.8348826745611183e-02
-5.1655491361437156e-02
-4.5686127970298175e-02
-4.0394216012567159e-02
-3.5699594017849175e-02
-3.1534164631982518e-02
-2.7868050402599657e-02
-2.4637724241624324e-02
-2.1783644979683145e-02
-1.9289962503318787e-02
-1.7107321105793351e-02
-1.5184452661525115e-02
-1.3516740130459365e-02
-1.2066353771243855e-02
-1.0789709732985641e-02
-9.6906983141636753e-03
-8.7404346356520154e-03
-7.9023087707810330e-03
-7.1862341091960876e-03
-6.5699208928923806e-03
-6.0230419887999263e-03
-5.5593888380021505e-03
-5.1612402573385464e-03
-4.8039673848263159e-03
-4.5034712408749565e-03
-4.2449278508963316e-03
-4.0089699190362094e-03
-3.8122075327404114e-03
-3.6413873686397436e-03
-3.4821209224369675e-03
-3.3506597518201124e-03
-3.2343049954014027e-03
-3.1235039759424355e-03
-3.0333672407295799e-03
-2.9509996410179390e-03
-2.8716580502919104e-03
-2.8087684953212360e-03
-2.7487136004346250e-03
-2.6916270611906518e-03
-2.6489064559813767e-03
-2.6058808033578066e-03
-2.5677010346655247e-03
-2.5435706790503465e-03
-2.5175982104326845e-03
-2.5001869536251235e-03
-2.4983397369233978e-03
-2.4949471478183135e-03
-2.5059979178622795e-03
-2.5364622739769190e-03
-2.5682019220387383e-03
-2.6232547748642311e-03
-2.7024698940645089e-03
-2.7944835351394683e-03
-2.9206329997068662e-03
-3.0802546750276923e-03
-3.2709093513409505e-03
-3.5126623042183122e-03
-3.8047868306541159e-03
-4.1547659128383947e-03
-4.5826354851445268e-03
-5.0889724739806635e-03
-5.6925351353523329e-03
-6.4150075551795303e-03
-7.2600955605082737e-03
-8.2596082017598899e-03
-9.4380950634012431e-03
-1.0807510965403264e-02
-1.2412099784566919e-02
-1.4280407584594042e-02
-1.6442697172237598e-02
-1.8950855874395260e-02
-2.1843023893485154e-02
-2.5170331892815642e-02
-2.8995380579085735e-02
-3.3369068731150295e-02
-3.8365757085442410e-02
-4.4061243303382666e-02
-5.0523144122286555e-02
-5.7846823779336948e-02
-6.6122292757664097e-02
-7.5443986912750088e-02
-8.5924674772471066e-02
-9.7669312992470503e-02
-1.1079643561735650e-01
-1.2543207503375514e-01
-1.4169519365008212e-01
-1.5972278112506827e-01
-1.7964737259401176e-01
-2.0159943833695726e-01
-2.2571896487824847e-01
-2.5213643186882223e-01
-2.8098144151729887e-01
-3.1237996423004133e-01
-3.4644626605408557e-01
-3.8328766247802354e-01
-4.2299714127009069e-01
-4.6565274596438672e-01
-5.1128240244225021e-01
-5.5988551811391640e-01
-6.1152242762122089e-01
-6.6617554339986673e-01
-7.2380834103439007e-01
-7.8433992276697306e-01
-8.4761047616203078e-01
-9.1335846808827392e-01
-9.8153967843092760e-01
-1.0519551942040348e+00
-1.1242716779596835e+00
-1.1979968064507280e+00
-1.2730894396268806e+00
-1.3491280941196135e+00
-1.4253927049115866e+00
-1.5018991725666295e+00
-1.5778974581986371e+00
-1.6530587372536256e+00
-1.7269637900952128e+00
-1.7989521373029718e+00
-1.8688235392979133e+00
-1.9358934879414693e+00
-1.9998738306699186e+00
-2.0604385843557753e+00
-2.1168682854341418e+00
-2.1692698277749112e+00
-2.2170424799706261e+00
-2.2598939861559879e+00
-2.2978319306644122e+00
-2.3306353408480676e+00
-2.3578504051893439e+00
-2.3796744871222684e+00
-2.3960891940092988e+00
-2.4070575000916534e+00
-2.4125623596695327e+00
-2.4125625646191700e+00
-2.4073267011532260e+00
-2.3970199198480078e+00
-2.3817977813609019e+00
-2.3618452478971199e+00
-2.3374185386602457e+00
0.0000000000000000e+00
2.4055929233035767e-01
0.0000000000000000e+00
0.0000000000000000e+00
];
