%Vec Object:sol 1 MPI processes
%  type: mpi
sol = [
0.0000000000000000e+00
-6.5968023124017074e+00
-6.2408339366046484e+00
-5.9068866230619737e+00
-5.5979022919046892e+00
-5.3101907633532663e+00
-5.0346269009701450e+00
-4.7768302638400604e+00
-4.5350676154930918e+00
-4.3028166459376154e+00
-4.0833687579139033e+00
-3.8757996259917666e+00
-3.6758349866643973e+00
-3.4864572216143408e+00
-3.3047564611318250e+00
-3.1314061918166916e+00
-2.9655533273569890e+00
-2.8063317373376635e+00
-2.6544406310775490e+00
-2.5083762886236221e+00
-2.3687021094749059e+00
-2.2348925788936693e+00
-2.1066445180036308e+00
-1.9841619279792793e+00
-1.8664565752793025e+00
-1.7543615705286748e+00
-1.6469933414003775e+00
-1.5443615680446623e+00
-1.4467311465836017e+00
-1.3535036976819588e+00
-1.2645723528996040e+00
-1.1801742829540987e+00
-1.1000717813320897e+00
-1.0238176848485512e+00
-9.5157745384813752e-01
-8.8327106044397230e-01
-8.1875565277815443e-01
-7.5790628300279839e-01
-7.0041576574499609e-01
-6.4633700070866940e-01
-5.9556510067081503e-01
-5.4796801081983959e-01
-5.0342073853647895e-01
-4.6179340387873308e-01
-4.2295045212961430e-01
-3.8677633478083878e-01
-3.5309939414962682e-01
-3.2184066113438198e-01
-2.9290299416774918e-01
-2.6616634624008223e-01
-2.4147970311687697e-01
-2.1875559879314649e-01
-1.9788306343784415e-01
-1.7872058851439523e-01
-1.6118186947703322e-01
-1.4517037339114724e-01
-1.3055775055708829e-01
-1.1725958683786496e-01
-1.0519552401792945e-01
-9.4252587423876238e-02
-8.4349865569014956e-02
-7.5423717920016148e-02
-6.7377466012471715e-02
-6.0135336163018659e-02
-5.3649943217148492e-02
-4.7840687508610959e-02
-4.2638225158648270e-02
-3.8010135820689954e-02
-3.3890759519867864e-02
-3.0218034493107618e-02
-2.6972604911638970e-02
-2.4102025494197436e-02
-2.1551829998620549e-02
-1.9313527340686011e-02
-1.7345836612628503e-02
-1.5601788457383846e-02
-1.4081472470262160e-02
-1.2752621264628908e-02
-1.1575405132474171e-02
-1.0556297384403085e-02
-9.6699667069258134e-03
-8.8832491307590539e-03
-8.2070097163195656e-03
-7.6209667396385855e-03
-7.0981402810959332e-03
-6.6520689750056870e-03
-6.2658915779480271e-03
-5.9183948067490014e-03
-5.6243723314644200e-03
-5.3690365189190681e-03
-5.1366257241910367e-03
-4.9420661978944224e-03
-4.7715758272294170e-03
-4.6146459997290154e-03
-4.4854869939844342e-03
-4.3705124819122696e-03
-4.2643835693377740e-03
-4.1799926495954386e-03
-4.1033748976711231e-03
-4.0343856115221321e-03
-3.9842175897981582e-03
-3.9381703228910520e-03
-3.9014154096448025e-03
-3.8832712591481016e-03
-3.8681386437164358e-03
-3.8667526523847909e-03
-3.8865740420581676e-03
-3.9111447034264656e-03
-3.9571399010123022e-03
-4.0303873723724131e-03
-4.1138292701380355e-03
-4.2306169491389952e-03
-4.3829511602740019e-03
-4.5610489181857243e-03
-4.7879056346362891e-03
-5.0648049168699038e-03
-5.3914850856312630e-03
-5.7903225161218428e-03
-6.2632395201832752e-03
-6.8205778047997646e-03
-7.4854205946714453e-03
-8.2617725414033776e-03
-9.1719624493088285e-03
-1.0241478458788219e-02
-1.1478235768821123e-02
-1.2918243379787524e-02
-1.4590527237017089e-02
-1.6511869675214036e-02
-1.8731109517050981e-02
-2.1281700431158679e-02
-2.4198868866819368e-02
-2.7539104084526866e-02
-3.1345339479941420e-02
-3.5673071317126617e-02
-4.0587133590614485e-02
-4.6143018784545409e-02
-5.2417981266030762e-02
-5.9489694417945195e-02
-6.7427267391952525e-02
-7.6327968886409983e-02
-8.6279170806263711e-02
-9.7372351404511684e-02
-1.0971524758811795e-01
-1.2340680442713249e-01
-1.3855686071171375e-01
-1.5528026877399759e-01
-1.7368355857932660e-01
-1.9388715124034459e-01
-2.1600513235408911e-01
-2.4014739545023225e-01
-2.6642898809241289e-01
-2.9495428278579189e-01
-3.2582352316022350e-01
-3.5913034419819817e-01
-3.9495637301000125e-01
-4.3337234028168126e-01
-4.7441616780910212e-01
-5.1807735297813118e-01
-5.6442383985709055e-01
-6.1345608023732767e-01
-6.6514846430384478e-01
-7.1944854023680838e-01
-7.7629006236398912e-01
-8.3541033960267441e-01
-8.9676217002215997e-01
-9.6023008258674425e-01
-1.0256178621989680e+00
-1.0925431264389993e+00
-1.1607669992457914e+00
-1.2301499141363346e+00
-1.3002876648177089e+00
-1.3706582019809035e+00
-1.4412422111320229e+00
-1.5113638654684896e+00
-1.5807683923570683e+00
-1.6491525942002978e+00
-1.7158448614715538e+00
-1.7808143222111499e+00
-1.8432899922185750e+00
-1.9032522182249745e+00
-1.9601135492428039e+00
-2.0136308652807795e+00
-2.0636560332528466e+00
-2.1095043681456667e+00
-2.1513579658492712e+00
-2.1889052070438759e+00
-2.2217002480172505e+00
-2.2499332267677721e+00
-2.2735082303046106e+00
-2.2920861631898428e+00
-2.3057813655747772e+00
-2.3146923221718865e+00
-2.3188317427155458e+00
-2.3182811291571430e+00
-2.3128995739228113e+00
-2.3030670258432062e+00
-2.2889129850330248e+00
-2.2705925821323603e+00
-2.2483257118134556e+00
0.0000000000000000e+00
2.4055929233035767e-01
0.0000000000000000e+00
0.0000000000000000e+00
];
