%Vec Object:sol 1 MPI processes
%  type: mpi
sol = [
0.0000000000000000e+00
-1.1306192246602386e+01
-1.0299307348504524e+01
-9.3995949869886175e+00
-8.5832312477418995e+00
-7.8399567677353108e+00
-7.1598874463121387e+00
-6.5339399192739389e+00
-5.9557215108910775e+00
-5.4193312265199447e+00
-4.9210109866441201e+00
-4.4584454384797638e+00
-4.0287735429279934e+00
-3.6296498390619694e+00
-3.2590844327065098e+00
-2.9168956577630705e+00
-2.6010424576702760e+00
-2.3101283303412803e+00
-2.0438387761632870e+00
-1.8003065410573802e+00
-1.5788099592439939e+00
-1.3785626297332794e+00
-1.1977041505450172e+00
-1.0356431560899237e+00
-8.9116815557668372e-01
-7.6302690785531868e-01
-6.4985098404218511e-01
-5.5057398138978753e-01
-4.6402640130351541e-01
-3.8903753031797889e-01
-3.2446071304831414e-01
-2.6915657938725923e-01
-2.2212864294426529e-01
-1.8239987637468133e-01
-1.4900353308157804e-01
-1.2114653806429149e-01
-9.8073980737080887e-02
-7.9050900426339887e-02
-6.3480039569478841e-02
-5.0840878447185246e-02
-4.0624666313981837e-02
-3.2408016218295227e-02
-2.5873133035408856e-02
-2.0699024463880174e-02
-1.6595933545829743e-02
-1.3399253272355263e-02
-1.0925456909580375e-02
-8.9750096816386439e-03
-7.4867895092468615e-03
-6.3639544696322738e-03
-5.4734510990971713e-03
-4.8048666509503462e-03
-4.3135191862756087e-03
-3.9168047809521149e-03
-3.6176487657145961e-03
-3.4046478161808549e-03
-3.2249262305651125e-03
-3.0828051258971309e-03
-2.9854134361617518e-03
-2.8972259944356296e-03
-2.8185942341011063e-03
-2.7667767303528831e-03
-2.7166149886043447e-03
-2.6629371423390956e-03
-2.6285144146605301e-03
-2.5946779138520189e-03
-2.5510840174729657e-03
-2.5234561253339276e-03
-2.4973788640440500e-03
-2.4584887713280370e-03
-2.4339407123753613e-03
-2.4121736323578923e-03
-2.3761588552742201e-03
-2.3534905087714141e-03
-2.3344881838399693e-03
-2.3007621429132806e-03
-2.2796291506981307e-03
-2.2625468015962141e-03
-2.2309261972694896e-03
-2.2112514786793202e-03
-2.1955185188160357e-03
-2.1659404263557587e-03
-2.1477207892731886e-03
-2.1328951649560945e-03
-2.1053272592942555e-03
-2.0885737114602460e-03
-2.0742906174488389e-03
-2.0487056204344513e-03
-2.0334274145927676e-03
-2.0193791816579230e-03
-1.9957482562856167e-03
-1.9819493132941387e-03
-1.9678751597191758e-03
-1.9461675707402395e-03
-1.9338471262476161e-03
-1.9195261427461590e-03
-1.8997083302844959e-03
-1.8888604630536855e-03
-1.8741069666954925e-03
-1.8561441780945414e-03
-1.8467596253462376e-03
-1.8314225815950680e-03
-1.8152790506169578e-03
-1.8073455562231382e-03
-1.7912934697475675e-03
-1.7769321713588381e-03
-1.7704344063079341e-03
-1.7535577431348919e-03
-1.7409413201965732e-03
-1.7358619380343507e-03
-1.7180696220095780e-03
-1.7071597170538310e-03
-1.7010102318160351e-03
-1.6846988644833225e-03
-1.6754567854589165e-03
-1.6677248646818574e-03
-1.6533247969906712e-03
-1.6457119557371101e-03
-1.6363801458870572e-03
-1.6238377406893707e-03
-1.6178166669078380e-03
-1.6068858378758945e-03
-1.5961527550609935e-03
-1.5916925187981399e-03
-1.5791741339604198e-03
-1.5702184405602740e-03
-1.5663641697144877e-03
-1.5532590879755398e-03
-1.5461070602336103e-03
-1.5404253741623511e-03
-1.5294393150261010e-03
-1.5243182982989439e-03
-1.5172609564669179e-03
-1.5089622178879082e-03
-1.5067603375435456e-03
-1.4997594447010583e-03
-1.4961325604512623e-03
-1.4993785684058330e-03
-1.4972129678011978e-03
-1.5044505839890223e-03
-1.5187926793530683e-03
-1.5374767139723410e-03
-1.5734861345536504e-03
-1.6241621553011640e-03
-1.6986822763954703e-03
-1.8118378815646175e-03
-1.9653390939402184e-03
-2.1860816698875134e-03
-2.4962349488166107e-03
-2.9188740326872133e-03
-3.5039520435978262e-03
-4.2977428655361040e-03
-5.3682382124446313e-03
-6.8079799413478708e-03
-8.7178731834614900e-03
-1.1244698788025214e-02
-1.4561956957102421e-02
-1.8878008794775247e-02
-2.4465207263141730e-02
-3.1638314620391635e-02
-4.0782894876671763e-02
-5.2360989482641666e-02
-6.6902511775765394e-02
-8.5039752682533068e-02
-1.0748834733509101e-01
-1.3505632485559513e-01
-1.6865274547482079e-01
-2.0926442964542918e-01
-2.5795755474539622e-01
-3.1585222229222548e-01
-3.8409302187967576e-01
-4.6381693190687073e-01
-5.5610480175059362e-01
-6.6192517024595954e-01
-7.8207035206531694e-01
-9.1690261009430463e-01
-1.0667414492660678e+00
-1.2314565586585446e+00
-1.4103688532895222e+00
-1.6019256165374618e+00
-1.8049543284071459e+00
-2.0166077604157500e+00
-2.2346555054232273e+00
-2.4551310251188587e+00
-2.6750002548831002e+00
-2.8902973336345346e+00
-3.0966512692460038e+00
-3.2904283802246415e+00
-3.4680742850130626e+00
-3.6262025700130747e+00
-3.7620255523856083e+00
-3.8728739871832736e+00
-3.9574634801711173e+00
-4.0149988551391633e+00
-4.0448855670094215e+00
-4.0472532026856980e+00
-4.0234814267854295e+00
-3.9741910481812832e+00
-3.9017466449576585e+00
0.0000000000000000e+00
2.4055929233035767e-01
0.0000000000000000e+00
0.0000000000000000e+00
];
