%Vec Object:sol 1 MPI processes
%  type: mpi
sol = [
0.0000000000000000e+00
-1.9100464378449324e+01
-1.6597139513036296e+01
-1.4554844821373583e+01
-1.2886386608905767e+01
-1.1483004161147370e+01
-1.0296414915287219e+01
-9.2707978104339936e+00
-8.3738216692358183e+00
-7.5824199031510151e+00
-6.8757367115514478e+00
-6.2388436735431441e+00
-5.6629780948778468e+00
-5.1391624257916879e+00
-4.6610552709655462e+00
-4.2233766512800086e+00
-3.8217249158021418e+00
-3.4522662194541329e+00
-3.1127467433694669e+00
-2.8008917447475317e+00
-2.5143776294663609e+00
-2.2513608107854801e+00
-2.0107756035669917e+00
-1.7903383218999105e+00
-1.5895843831600154e+00
-1.4068620676979511e+00
-1.2409979630113079e+00
-1.0911251588212441e+00
-9.5603806812410630e-01
-8.3457992126964831e-01
-7.2595072347266576e-01
-6.2915844944016963e-01
-5.4324705252871586e-01
-4.6730957020273278e-01
-4.0039959162983513e-01
-3.4175064470578964e-01
-2.9059925170009115e-01
-2.4616053824495326e-01
-2.0773881345326070e-01
-1.7469104663943150e-01
-1.4637839181928350e-01
-1.2222745584117704e-01
-1.0175263800183877e-01
-8.4467282883692804e-02
-6.9914646920083146e-02
-5.7758394511492450e-02
-4.7652952371425090e-02
-3.9245425755965117e-02
-3.2326942963188429e-02
-2.6665973844102801e-02
-2.2006492558255063e-02
-1.8226289104046604e-02
-1.5181295605007798e-02
-1.2700625887122268e-02
-1.0710588978845963e-02
-9.1333455088816531e-03
-7.8582546262258891e-03
-6.8413005916078224e-03
-6.0489062757269401e-03
-5.4106193477896766e-03
-4.8984238154777355e-03
-4.5065707287108405e-03
-4.1901864248334413e-03
-3.9284504053729036e-03
-3.7321478884893896e-03
-3.5721261786004033e-03
-3.4298161910399495e-03
-3.3252652357781145e-03
-3.2387509279863734e-03
-3.1516970490023635e-03
-3.0889340147793589e-03
-3.0363036640336009e-03
-2.9745901388394357e-03
-2.9307218905539160e-03
-2.8937548324399123e-03
-2.8440777438484641e-03
-2.8091040077643436e-03
-2.7796468036913871e-03
-2.7363418780342271e-03
-2.7060872885125709e-03
-2.6805047849298366e-03
-2.6412450687563226e-03
-2.6140339783162140e-03
-2.5906404588880026e-03
-2.5544855514407902e-03
-2.5296617966251772e-03
-2.5075919758716109e-03
-2.4741502038533600e-03
-2.4514527410094953e-03
-2.4301886191690708e-03
-2.3992759700399388e-03
-2.3785893398409279e-03
-2.3577696614230114e-03
-2.3292779137600158e-03
-2.3105376088942554e-03
-2.2898820998703425e-03
-2.2637291335594412e-03
-2.2468864080041821e-03
-2.2261665105769868e-03
-2.2022807151990597e-03
-2.1872923562030674e-03
-2.1663218973506748e-03
-2.1446358201729302e-03
-2.1314598516279986e-03
-2.1100766408849296e-03
-2.0905254828412385e-03
-2.0791205367184716e-03
-2.0571883925562585e-03
-2.0397105218741786e-03
-2.0300370285461443e-03
-2.0074431860904055e-03
-1.9919814634867289e-03
-1.9814782719157027e-03
-1.9606649000549225e-03
-1.9471743091570249e-03
-1.9353199141050501e-03
-1.9167397001926313e-03
-1.9052078132771680e-03
-1.8920329175911178e-03
-1.8757079805102799e-03
-1.8662144145272605e-03
-1.8518959124035690e-03
-1.8380314783646250e-03
-1.8309097481290649e-03
-1.8159775507658256e-03
-1.8052672246725147e-03
-1.8005521129519852e-03
-1.7874286146849707e-03
-1.7818183129932501e-03
-1.7796390242693558e-03
-1.7746382652433842e-03
-1.7791361468042783e-03
-1.7863465181427829e-03
-1.7985474377444409e-03
-1.8252883564581956e-03
-1.8580909280853924e-03
-1.9087371412060956e-03
-1.9851890562548402e-03
-2.0804721181212622e-03
-2.2167498257003428e-03
-2.4004672148402579e-03
-2.6397145955447338e-03
-2.9611556231397746e-03
-3.3784353014637307e-03
-3.9206432033186940e-03
-4.6264197997227903e-03
-5.5254004954894192e-03
-6.6774630261374757e-03
-8.1426513835836482e-03
-9.9870775032639553e-03
-1.2309005525065309e-02
-1.5207817439295510e-02
-1.8808500614914198e-02
-2.3263218392289876e-02
-2.8733572895548395e-02
-3.5424723255767572e-02
-4.3563203442158853e-02
-5.3400656773570573e-02
-6.5236004802262756e-02
-7.9388964520935093e-02
-9.6218842744928507e-02
-1.1612135491306098e-01
-1.3951266633492124e-01
-1.6684885438950758e-01
-1.9859814465322947e-01
-2.3522933050816688e-01
-2.7724512083605968e-01
-3.2512374946021222e-01
-3.7932337865777233e-01
-4.4026251303104058e-01
-5.0830340598612556e-01
-5.8372723295043283e-01
-6.6672150193745816e-01
-7.5730422668038222e-01
-8.5530048801153347e-01
-9.6057566542049944e-01
-1.0727111427929772e+00
-1.1909801288135069e+00
-1.3144883936942795e+00
-1.4424496742854602e+00
-1.5733713167872898e+00
-1.7061044258234741e+00
-1.8389769423710662e+00
-1.9705521253715341e+00
-2.0988589143316547e+00
-2.2225881057129206e+00
-2.3396969397374856e+00
-2.4486721107088609e+00
-2.5482064759217717e+00
-2.6368797260484227e+00
-2.7135395912057625e+00
-2.7771769108924080e+00
-2.8271059505127725e+00
-2.8630073326607759e+00
-2.8846007849362878e+00
-2.8919359421919939e+00
-2.8852337342933643e+00
-2.8649193093320435e+00
-2.8316550178447151e+00
0.0000000000000000e+00
1.3464638167935297e-01
0.0000000000000000e+00
0.0000000000000000e+00
];
