%Vec Object:sol 1 MPI processes
%  type: mpi
sol = [
0.0000000000000000e+00
-1.3242604589524717e+01
-1.2014056639586764e+01
-1.0929893548709048e+01
-9.9927965062487196e+00
-9.1769434567176482e+00
-8.4600093865991646e+00
-7.8248584676842183e+00
-7.2582006886404908e+00
-6.7480860423360554e+00
-6.2858246088075456e+00
-5.8647461624405741e+00
-5.4773997757115245e+00
-5.1207074765813871e+00
-4.7912732892047760e+00
-4.4859021868924440e+00
-4.2016881362544147e+00
-3.9354852624237529e+00
-3.6861735781414371e+00
-3.4526933011252101e+00
-3.2332682740707810e+00
-3.0261725951527385e+00
-2.8316279449397954e+00
-2.6476894676442253e+00
-2.4742746479098390e+00
-2.3106388766065273e+00
-2.1558540318209829e+00
-2.0097911159670132e+00
-1.8718717109788543e+00
-1.7415263520238253e+00
-1.6187727081721530e+00
-1.5026601637360482e+00
-1.3934288108187762e+00
-1.2905956707997508e+00
-1.1936482141516553e+00
-1.1026407589825749e+00
-1.0172646869115978e+00
-9.3709262579572306e-01
-8.6197334918708746e-01
-7.9176189630315286e-01
-7.2622479260027106e-01
-6.6513310292777139e-01
-6.0816904628715318e-01
-5.5520013331672902e-01
-5.0605822785782417e-01
-4.6054708833235308e-01
-4.1847058185515251e-01
-3.7961990103576448e-01
-3.4383025413307555e-01
-3.1092423964820609e-01
-2.8070039554079773e-01
-2.5298574879522473e-01
-2.2765662414554561e-01
-2.0452971616782992e-01
-1.8347354216431783e-01
-1.6435038046419162e-01
-1.4699426002102581e-01
-1.3128495506697674e-01
-1.1710898808937381e-01
-1.0432287905778108e-01
-9.2817512618111359e-02
-8.2503366559186248e-02
-7.3259766017084671e-02
-6.4989136626094485e-02
-5.7624542915773160e-02
-5.1067115387907605e-02
-4.5231058668596891e-02
-4.0069734740441947e-02
-3.5504039528626095e-02
-3.1459840199288748e-02
-2.7907874023021105e-02
-2.4786148425611217e-02
-2.2031601335202093e-02
-1.9629177048865649e-02
-1.7531059262334898e-02
-1.5684342147144464e-02
-1.4085030570672683e-02
-1.2696547261030542e-02
-1.1475085523265184e-02
-1.0424788807815300e-02
-9.5175841970371721e-03
-8.7177204997892100e-03
-8.0349105220979683e-03
-7.4471796918001917e-03
-6.9259107431609585e-03
-6.4842300377599034e-03
-6.1042414793442334e-03
-5.7637208736466593e-03
-5.4774726699675863e-03
-5.2300509458516106e-03
-5.0050819638149781e-03
-4.8177038050136239e-03
-4.6536556641455992e-03
-4.5020593128414941e-03
-4.3773847836830132e-03
-4.2656087890866586e-03
-4.1611562752975652e-03
-4.0771175162842626e-03
-3.9990299429285793e-03
-3.9265620134269668e-03
-3.8709535440998415e-03
-3.8168566999847594e-03
-3.7692262025008968e-03
-3.7371892120328190e-03
-3.7042556397233486e-03
-3.6808223653943041e-03
-3.6738163199482605e-03
-3.6655283968417053e-03
-3.6720553422645197e-03
-3.6982119432371076e-03
-3.7251743722990574e-03
-3.7751148935805316e-03
-3.8484972058856009e-03
-3.9332350531036415e-03
-4.0505463906430374e-03
-4.1990576214070291e-03
-4.3754408182103003e-03
-4.5991793775881301e-03
-4.8683173058880758e-03
-5.1890447305342948e-03
-5.5800876466619376e-03
-6.0399701257940934e-03
-6.5854053815789949e-03
-7.2356536546634926e-03
-7.9911062744703817e-03
-8.8802875226900533e-03
-9.9236502200807080e-03
-1.1128032729810505e-02
-1.2532443691274623e-02
-1.4158909318451417e-02
-1.6030168564571689e-02
-1.8189937525594745e-02
-2.0666580151336298e-02
-2.3500385015188727e-02
-2.6741887572198638e-02
-3.0427948250030309e-02
-3.4617797497935886e-02
-3.9370272427747731e-02
-4.4733725453469736e-02
-5.0785801780383326e-02
-5.7592386093612689e-02
-6.5222882084572970e-02
-7.3764020818256906e-02
-8.3292042122122822e-02
-9.3895392407802800e-02
-1.0566844549843661e-01
-1.1869591093501282e-01
-1.3308055508131569e-01
-1.4891874756369525e-01
-1.6629240293051117e-01
-1.8531383319665670e-01
-2.0607557807531357e-01
-2.2867091622808150e-01
-2.5319164007989337e-01
-2.7971776103390694e-01
-3.0832810913572450e-01
-3.3908972277839133e-01
-3.7205801750848466e-01
-4.0727756772129614e-01
-4.4477786968070721e-01
-4.8457145618920300e-01
-5.2660343252520125e-01
-5.7085726378692225e-01
-6.1730808676841897e-01
-6.6588676545380232e-01
-7.1650321418384166e-01
-7.6903400630546614e-01
-8.2319405566667536e-01
-8.7892058651433336e-01
-9.3603507816241194e-01
-9.9433868354497534e-01
-1.0533479628249982e+00
-1.1129983382507551e+00
-1.1730441083728835e+00
-1.2329347368980024e+00
-1.2925366222188213e+00
-1.3515841113523468e+00
-1.4093987748132941e+00
-1.4660640786587384e+00
-1.5209002903257420e+00
-1.5738353598539598e+00
-1.6243635456960268e+00
-1.6723214532230570e+00
-1.7172890251935984e+00
-1.7591951890359323e+00
-1.7975139553268951e+00
-1.8323945431420747e+00
-1.8632727784050380e+00
-1.8902823107340418e+00
-1.9132894437425993e+00
-1.9319429905683259e+00
-1.9464989839184956e+00
-1.9568521655948252e+00
-1.9628150308166299e+00
-1.9646603665318620e+00
-1.9624625382931504e+00
-1.9560464524218946e+00
-1.9457428125886211e+00
-1.9317396454186841e+00
0.0000000000000000e+00
1.3464638167935297e-01
0.0000000000000000e+00
0.0000000000000000e+00
];
