%Vec Object:sol 1 MPI processes
%  type: mpi
sol = [
0.0000000000000000e+00
-8.5941329324223972e+00
-8.0021697749204854e+00
-7.4600790566879667e+00
-6.9616855591702631e+00
-6.5005348032975077e+00
-6.0697223860080429e+00
-5.6680332451598918e+00
-5.2926920893777547e+00
-4.9404146486153264e+00
-4.6090781090940531e+00
-4.2967624618101050e+00
-4.0006454807606513e+00
-3.7213623093559103e+00
-3.4580628359809733e+00
-3.2077411845956481e+00
-2.9717464145510082e+00
-2.7485358175285803e+00
-2.5376560890700040e+00
-2.3388544306679617e+00
-2.1511298033752446e+00
-1.9747183329021676e+00
-1.8090019039755589e+00
-1.6532711263617399e+00
-1.5078456211857858e+00
-1.3718310545560559e+00
-1.2449816417576485e+00
-1.1271959651028891e+00
-1.0180775559101221e+00
-9.1689345288419755e-01
-8.2362297279279917e-01
-7.3789992123533810e-01
-6.5931649183038177e-01
-5.8748995197241594e-01
-5.2200353014956258e-01
-4.6244023393988865e-01
-4.0852738397794375e-01
-3.5986824745614637e-01
-3.1610291980212213e-01
-2.7688504868620267e-01
-2.4184597822607426e-01
-2.1064203556163230e-01
-1.8297432294985697e-01
-1.5851999206888295e-01
-1.3695776897104006e-01
-1.1804714772212486e-01
-1.0152158278099011e-01
-8.7090184441171378e-02
-7.4574340276093110e-02
-6.3763271635288776e-02
-5.4412593775645619e-02
-4.6391304840940714e-02
-3.9542052115074132e-02
-3.3677109329551848e-02
-2.8695918425108855e-02
-2.4492083347013145e-02
-2.0927026622723645e-02
-1.7925233978552318e-02
-1.5421888598779902e-02
-1.3318168357183269e-02
-1.1557601991685682e-02
-1.0107133530930762e-02
-8.8982486287660020e-03
-7.8878992125583462e-03
-7.0658648318247599e-03
-6.3855626729884419e-03
-5.8127841542479795e-03
-5.3527723464829565e-03
-4.9740746804541143e-03
-4.6480318730742010e-03
-4.3896805943116372e-03
-4.1775479249532444e-03
-3.9864310851985742e-03
-3.8370552837456535e-03
-3.7142233337093093e-03
-3.5950735041834631e-03
-3.5031757360208041e-03
-3.4270429642314889e-03
-3.3457427503107680e-03
-3.2837820843224915e-03
-3.2316475378158646e-03
-3.1703759656573926e-03
-3.1241540179745035e-03
-3.0842745260157077e-03
-3.0340364553445185e-03
-2.9964803172856220e-03
-2.9629125111059096e-03
-2.9193016405295743e-03
-2.8869926938112122e-03
-2.8567533070786607e-03
-2.8176568031669188e-03
-2.7889782152102855e-03
-2.7605477718408615e-03
-2.7249575057066329e-03
-2.6991489039315236e-03
-2.6717154655549803e-03
-2.6391366629861688e-03
-2.6158306723040163e-03
-2.5889241647744131e-03
-2.5590972483458844e-03
-2.5381061136290363e-03
-2.5114339913446045e-03
-2.4842119796017231e-03
-2.4654381137200650e-03
-2.4388073933020904e-03
-2.4141156668308090e-03
-2.3975316857624087e-03
-2.3708503919794791e-03
-2.3487055482828631e-03
-2.3343937369266791e-03
-2.3077293497880355e-03
-2.2883286821046502e-03
-2.2741403260763187e-03
-2.2503544158605834e-03
-2.2343010214019164e-03
-2.2205925051375945e-03
-2.2012785802817897e-03
-2.1900815433069870e-03
-2.1788800469104931e-03
-2.1666707235534059e-03
-2.1638024234993721e-03
-2.1596726702542042e-03
-2.1604261984942822e-03
-2.1734648270532917e-03
-2.1861786057167367e-03
-2.2123265247870252e-03
-2.2561646708863068e-03
-2.3067835849746678e-03
-2.3836369683387232e-03
-2.4875765940377379e-03
-2.6184463630122665e-03
-2.7955377912096571e-03
-3.0210835599427865e-03
-3.3080117046083244e-03
-3.6785168980336459e-03
-4.1397778969179269e-03
-4.7216175881132222e-03
-5.4534917335465494e-03
-6.3541889636562201e-03
-7.4750400764998191e-03
-8.8569442634830152e-03
-1.0547703689449791e-02
-1.2618779695836526e-02
-1.5135407711624750e-02
-1.8184213806695881e-02
-2.1867315054133068e-02
-2.6286060820937564e-02
-3.1577722802498577e-02
-3.7886522847556954e-02
-4.5369249469545625e-02
-5.4218116960641750e-02
-6.4631908977332522e-02
-7.6836196268903728e-02
-9.1082779346628687e-02
-1.0763283404512315e-01
-1.2678166753459874e-01
-1.4883782937684395e-01
-1.7412290670718258e-01
-2.0298230469358283e-01
-2.3576314110592578e-01
-2.7282016562576206e-01
-3.1450779692742575e-01
-3.6116767534586830e-01
-4.1312618913714833e-01
-4.7068061364313785e-01
-5.3409061970748439e-01
-6.0355896525419295e-01
-6.7910923247737787e-01
-7.6089983856466614e-01
-8.4890715609007628e-01
-9.4302856036250504e-01
-1.0430063383159440e+00
-1.1482168953354421e+00
-1.2584654428604856e+00
-1.3731756536189237e+00
-1.4912132485598313e+00
-1.6120960474562041e+00
-1.7347096901640722e+00
-1.8578971854075201e+00
-1.9806922254805133e+00
-2.1017429884578878e+00
-2.2198636012450601e+00
-2.3341220333892876e+00
-2.4426985554213769e+00
-2.5449652691232996e+00
-2.6398501457555819e+00
-2.7263073629634631e+00
-2.8031900742649869e+00
-2.8701347996253759e+00
-2.9265118961589542e+00
-2.9719185827940509e+00
-3.0060610317975156e+00
-3.0288039568756693e+00
-3.0402229133494738e+00
-3.0404259269058533e+00
-3.0297399505556837e+00
-3.0085446665991014e+00
-2.9773151640175328e+00
-2.9366667142295908e+00
0.0000000000000000e+00
2.4055929233035767e-01
0.0000000000000000e+00
0.0000000000000000e+00
];
