%Vec Object:sol 1 MPI processes
%  type: mpi
sol = [
0.0000000000000000e+00
-1.2258978981424935e+01
-1.1083043824430026e+01
-1.0033424413962477e+01
-9.0910307150951084e+00
-8.2406061323420818e+00
-7.4651806777671812e+00
-6.7517722943025822e+00
-6.0966347493286790e+00
-5.4926564881015825e+00
-4.9349762866985056e+00
-4.4206400268197230e+00
-3.9460261886695354e+00
-3.5080923133386532e+00
-3.1062708436586188e+00
-2.7388767253060542e+00
-2.4028301110263137e+00
-2.0982211604610486e+00
-1.8224530506025569e+00
-1.5747745493552254e+00
-1.3529686520607636e+00
-1.1557967707731287e+00
-9.8165843729146107e-01
-8.2880514251455006e-01
-6.9533970508234877e-01
-5.7974861894739160e-01
-4.8036540223678276e-01
-3.9551557460654002e-01
-3.2358596885605845e-01
-2.6308588290110346e-01
-2.1258336244238266e-01
-1.7069780373731275e-01
-1.3627078618825361e-01
-1.0820005778877344e-01
-8.5433377225980503e-02
-6.7148744739302504e-02
-5.2591573521201938e-02
-4.1051870988373665e-02
-3.1984838447186102e-02
-2.4938633300430117e-02
-1.9480939077335391e-02
-1.5271681491989928e-02
-1.2079788432185941e-02
-9.6676618443108930e-03
-7.8249016552095919e-03
-6.4620965060654964e-03
-5.4631403541479783e-03
-4.6882983796533812e-03
-4.1298083722458708e-03
-3.7363882378081683e-03
-3.4135379946346267e-03
-3.1836191394237516e-03
-3.0289140166407462e-03
-2.8887944024741713e-03
-2.7841145938019242e-03
-2.7177765491962474e-03
-2.6481749673411608e-03
-2.5885175088270367e-03
-2.5528284848315499e-03
-2.5108465341929865e-03
-2.4669521056907570e-03
-2.4414551662150005e-03
-2.4114540454839872e-03
-2.3734584824780408e-03
-2.3514915176537673e-03
-2.3277774612357150e-03
-2.2926209498303970e-03
-2.2722281416276630e-03
-2.2525112713146942e-03
-2.2193371246386974e-03
-2.2000407346538450e-03
-2.1831726537007174e-03
-2.1517780982984952e-03
-2.1335207879845356e-03
-2.1187555922834588e-03
-2.0891123879431634e-03
-2.0719394424919889e-03
-2.0587045325836215e-03
-2.0308209783734188e-03
-2.0147915745403070e-03
-2.0026145890442008e-03
-1.9765004484658443e-03
-1.9616666853616944e-03
-1.9501488420840124e-03
-1.9258071005684274e-03
-1.9122097842039622e-03
-1.9010120825349098e-03
-1.8784385985595768e-03
-1.8661081538742410e-03
-1.8549425073022768e-03
-1.8341269102700351e-03
-1.8230848218372599e-03
-1.8117071798546529e-03
-1.7926348319456786e-03
-1.7828958864643703e-03
-1.7711003427915884e-03
-1.7537522294433455e-03
-1.7453246526013141e-03
-1.7329392570877679e-03
-1.7172939810778667e-03
-1.7101815323051963e-03
-1.6970679135838607e-03
-1.6831020234112769e-03
-1.6773044443758249e-03
-1.6633427726400133e-03
-1.6510305392451546e-03
-1.6465434680266176e-03
-1.6316348395570912e-03
-1.6209491457060046e-03
-1.6177651302431454e-03
-1.6018280194865285e-03
-1.5927396561501756e-03
-1.5883783294720240e-03
-1.5738184762376006e-03
-1.5662968058602509e-03
-1.5602534442529918e-03
-1.5475086088614014e-03
-1.5415218857446720e-03
-1.5337854176259425e-03
-1.5228075946543663e-03
-1.5183230685657952e-03
-1.5088978055578016e-03
-1.4996400499491750e-03
-1.4966251792755993e-03
-1.4855164049598724e-03
-1.4779334286446958e-03
-1.4754088710163249e-03
-1.4635768269712524e-03
-1.4576287102873048e-03
-1.4530561653725163e-03
-1.4430455945579545e-03
-1.4387129166727765e-03
-1.4321715946185654e-03
-1.4239936495949433e-03
-1.4213389589768552e-03
-1.4130478968409253e-03
-1.4069192194788149e-03
-1.4059155951414604e-03
-1.3969888586864863e-03
-1.3938891760973341e-03
-1.3928291229920525e-03
-1.3889902468642414e-03
-1.3925471304761178e-03
-1.3970220796563576e-03
-1.4064643023861511e-03
-1.4288355122288193e-03
-1.4568198281598181e-03
-1.5055206093792712e-03
-1.5819304346712355e-03
-1.6896268742152662e-03
-1.8539432494172148e-03
-2.0903974057952979e-03
-2.4288968969040431e-03
-2.9155237886344205e-03
-3.5952007201161783e-03
-4.5485054765054067e-03
-5.8715591174522330e-03
-7.6838155850046325e-03
-1.0158011771096627e-02
-1.3498922038305539e-02
-1.7974627227346232e-02
-2.3925651186613377e-02
-3.1760296297022830e-02
-4.1998354735782020e-02
-5.5258805961006630e-02
-7.2280311255939950e-02
-9.3944870685463727e-02
-1.2126532401627177e-01
-1.5540718897021025e-01
-1.9767741521792184e-01
-2.4950696698673286e-01
-3.1244015982891843e-01
-3.8808394854234973e-01
-4.7805900980879362e-01
-5.8392798229206988e-01
-7.0711334708461138e-01
-8.4878066820900722e-01
-1.0095048461636051e+00
-1.1897098714703009e+00
-1.3891208522882197e+00
-1.6064607430725639e+00
-1.8397917079772732e+00
-2.0865909170766845e+00
-2.3428810534503044e+00
-2.6045019030888521e+00
-2.8666556935653551e+00
-3.1235963228977299e+00
-3.3696681077771280e+00
-3.5996668915888574e+00
-3.8083364656472432e+00
-3.9907358751043440e+00
-4.1431156477736808e+00
-4.2627781826120836e+00
-4.3477182156095591e+00
-4.3965707622746315e+00
-4.4100784155296848e+00
-4.3884060989095417e+00
-4.3339182753041490e+00
-4.2486054945112874e+00
0.0000000000000000e+00
2.4055929233035767e-01
0.0000000000000000e+00
0.0000000000000000e+00
];
