%Vec Object:sol 1 MPI processes
%  type: mpi
sol = [
0.0000000000000000e+00
-2.9589015999544738e+01
-2.2925176312735889e+01
-1.7693397410289453e+01
-1.3475102953315135e+01
-1.0045391019681006e+01
-7.2882763071273073e+00
-5.1215055019092066e+00
-3.4743093762552260e+00
-2.2685664987077079e+00
-1.4226022397561431e+00
-8.5598672598631476e-01
-4.9385843200216939e-01
-2.7322173403871636e-01
-1.4502361428365212e-01
-7.3949658376665395e-02
-3.6357460121989996e-02
-1.7350998457257148e-02
-8.0884667051043056e-03
-3.8002324571874300e-03
-1.9209448609823255e-03
-1.0574542854513832e-03
-6.9909968602197101e-04
-5.7905940930105403e-04
-5.0648835901940799e-04
-4.5780718361094032e-04
-4.5447018953205732e-04
-4.5168176274975279e-04
-4.1543582544223813e-04
-4.1071433019734718e-04
-4.2691903045546437e-04
-3.8730693711874558e-04
-3.7667758890503570e-04
-3.9400370161230778e-04
-3.6361589081001464e-04
-3.4813230077190198e-04
-3.5875976662299935e-04
-3.4303246408136530e-04
-3.2362100458674359e-04
-3.2863283639447037e-04
-3.2450368828058494e-04
-3.0198473768664402e-04
-3.0238931488481714e-04
-3.0746686874271264e-04
-2.8266527607613307e-04
-2.7944670621701139e-04
-2.9182090632099821e-04
-2.6550116033723803e-04
-2.5952256456351127e-04
-2.7327525173615662e-04
-2.5035396530726536e-04
-2.4226144389244501e-04
-2.5275767878009202e-04
-2.3683784571046509e-04
-2.2709065760343137e-04
-2.3486662540888749e-04
-2.2444946578391948e-04
-2.1343430007047051e-04
-2.1897139171981310e-04
-2.1283173597273037e-04
-2.0091997378008817e-04
-2.0467439975621756e-04
-2.0182422486083045e-04
-1.8936216823116296e-04
-1.9174793811957042e-04
-1.9137084262449446e-04
-1.7865962041588551e-04
-1.8003507173084321e-04
-1.8143489177531257e-04
-1.6872935027801504e-04
-1.6940064373882263e-04
-1.7198879653909074e-04
-1.5950147157563430e-04
-1.5972812257071642e-04
-1.6300627266711064e-04
-1.5091423618157564e-04
-1.5091650532855755e-04
-1.5446323212860925e-04
-1.4291268959881390e-04
-1.4287660244810668e-04
-1.4633570485262385e-04
-1.3544722395100517e-04
-1.3553009082194876e-04
-1.3860135801186044e-04
-1.2847330231940688e-04
-1.2880743561123967e-04
-1.3123829389407113e-04
-1.2195041572738796e-04
-1.2264694403644626e-04
-1.2422573490794461e-04
-1.1584178265747361e-04
-1.1699347507219828e-04
-1.1754369627936843e-04
-1.1011439588213339e-04
-1.1179882461984744e-04
-1.1117405286053629e-04
-1.0473782534070124e-04
-1.0701845467027788e-04
-1.0509937080534073e-04
-9.9686126183452556e-05
-1.0261701749146154e-04
-9.9314765420443408e-05
-9.4951591192953553e-05
-9.8585110601384407e-05
-9.3835456676462595e-05
-9.0556784564551176e-05
-9.4953716590362160e-05
-8.8727030005831918e-05
-8.6577608578747666e-05
-9.1801714547628624e-05
-8.4082591471896104e-05
-8.3090120036077844e-05
-8.6697103321565564e-05
-7.9928926018870048e-05
-8.0078222969942397e-05
-8.1566001941473645e-05
-7.6185126245268854e-05
-7.7439666601317631e-05
-7.6795782543227388e-05
-7.2759958127809160e-05
-7.5103122038666705e-05
-7.2359805872979489e-05
-6.9661154995755254e-05
-7.3108910912876750e-05
-6.8325994486672314e-05
-6.6974571748992971e-05
-7.0595445339296416e-05
-6.4777485185747976e-05
-6.4760093313848954e-05
-6.6017573898410431e-05
-6.1709720412711977e-05
-6.2981697956241873e-05
-6.1912517873800754e-05
-5.9061905639816506e-05
-6.1590307594155182e-05
-5.8265380564431746e-05
-5.6850068414945576e-05
-6.0218648142597384e-05
-5.5126396293993281e-05
-5.5127112940463787e-05
-5.6053734585825708e-05
-5.2516494344541983e-05
-5.3890196247779042e-05
-5.2439737782003883e-05
-5.0405385096378860e-05
-5.3113159760216562e-05
-4.9364932229658008e-05
-4.8797010855931287e-05
-5.0477407983831951e-05
-4.6842251872506558e-05
-4.7703051221076331e-05
-4.6965074036832778e-05
-4.4867396914833990e-05
-4.7115767220768530e-05
-4.4047197956233193e-05
-4.3443184725411234e-05
-4.5002069002747899e-05
-4.1723305254371273e-05
-4.2571821600805439e-05
-4.1727393599162129e-05
-3.9992638630033024e-05
-4.2252701389702938e-05
-3.9095692308103373e-05
-3.8859219496549173e-05
-3.9681204792770499e-05
-3.7098745507240877e-05
-3.8314597356741477e-05
-3.6784280853368149e-05
-3.5731572911333033e-05
-3.7756450732175707e-05
-3.4592716370501619e-05
-3.5100926200915848e-05
-3.5015493592488879e-05
-3.4216611242056718e-05
-3.8705979125941223e-05
-4.4020343035392886e-05
-6.7097159555582950e-05
-1.3310642112206967e-04
-3.0940984404858733e-04
-7.7774255460666517e-04
-1.9515655094865950e-03
-4.7915823173114496e-03
-1.1370263881415810e-02
-2.5941990498411789e-02
-5.6781815222901766e-02
-1.1896805654511469e-01
-2.3817217297749263e-01
-4.5469425607722486e-01
-8.2583369675888441e-01
-1.4229546605407819e+00
-2.3184535256484016e+00
-3.5572349319797856e+00
-5.1215531574717650e+00
-6.8962882697398475e+00
-8.6691824185678819e+00
-1.0176683817686504e+01
-1.1181423782853528e+01
-1.1545157207297889e+01
-1.1255211073106407e+01
0.0000000000000000e+00
2.4055929233035767e-01
0.0000000000000000e+00
0.0000000000000000e+00
];
