%Vec Object:sol 1 MPI processes
%  type: mpi
sol = [
0.0000000000000000e+00
-7.7547258805783850e+00
-7.2708352591059251e+00
-6.8218759100022490e+00
-6.4050691016097829e+00
-6.0185718639484040e+00
-5.6582239498438076e+00
-5.3211479424067374e+00
-5.0041932624807668e+00
-4.7034364608005053e+00
-4.4200749454221437e+00
-4.1530320810382939e+00
-3.8986615141186713e+00
-3.6570434574504911e+00
-3.4285588559752740e+00
-3.2103415935146700e+00
-3.0032814720487133e+00
-2.8063970419040327e+00
-2.6190350582860282e+00
-2.4412740217300444e+00
-2.2719611253705709e+00
-2.1116534373421496e+00
-1.9595669829489817e+00
-1.8153209947452993e+00
-1.6793184523059059e+00
-1.5503528955947503e+00
-1.4288872524201450e+00
-1.3147057568054932e+00
-1.2071101308644947e+00
-1.1061735191979054e+00
-1.0117437835495833e+00
-9.2357981744478401e-01
-8.4120030511041144e-01
-7.6451476150878872e-01
-6.9336475886885685e-01
-6.2748682545207912e-01
-5.6663048139242611e-01
-5.1053703815392704e-01
-4.5894481479246241e-01
-4.1157555216925079e-01
-3.6825375804896282e-01
-3.2873194393579702e-01
-2.9278900589847634e-01
-2.6018202824111791e-01
-2.3066236064065790e-01
-2.0403890833642405e-01
-1.8009440588555431e-01
-1.5858372055877495e-01
-1.3935098022217821e-01
-1.2220766889959804e-01
-1.0692901268416448e-01
-9.3386393237053944e-02
-8.1423434836887854e-02
-7.0851218540155442e-02
-6.1557953262498355e-02
-5.3423801686278603e-02
-4.6295974907850930e-02
-4.0079704681844672e-02
-3.4689287664709044e-02
-3.0005465560636536e-02
-2.5949521511400772e-02
-2.2465506630659066e-02
-1.9463296119551967e-02
-1.6878294426542890e-02
-1.4678966144950786e-02
-1.2799096015034950e-02
-1.1185817682069528e-02
-9.8265125230999079e-03
-8.6735906587010001e-03
-7.6835389323097391e-03
-6.8575612805067149e-03
-6.1618930839259832e-03
-5.5602833740375284e-03
-5.0634154859961998e-03
-4.6472992000185396e-03
-4.2813185649294488e-03
-3.9821499114835682e-03
-3.7323483113434440e-03
-3.5058108571356297e-03
-3.3225434349070234e-03
-3.1691865407458076e-03
-3.0234852195787964e-03
-2.9068198068749281e-03
-2.8081070849208744e-03
-2.7086371745728374e-03
-2.6297756933715164e-03
-2.5614189686005164e-03
-2.4883569346765039e-03
-2.4309767464395183e-03
-2.3792393143492996e-03
-2.3215519694819594e-03
-2.2766659129275315e-03
-2.2339650747742953e-03
-2.1856803697660955e-03
-2.1484823309089263e-03
-2.1107262629547385e-03
-2.0687084501180429e-03
-2.0367210194179811e-03
-2.0017723691204241e-03
-1.9644669942527537e-03
-1.9365227231927639e-03
-1.9033810796182831e-03
-1.8701748724307965e-03
-1.8459311611272098e-03
-1.8143705762535046e-03
-1.7853702851447386e-03
-1.7652073006245322e-03
-1.7357930102618378e-03
-1.7119584517749067e-03
-1.6972365874751312e-03
-1.6717136191197093e-03
-1.6554011145814139e-03
-1.6467106173024962e-03
-1.6313931900362086e-03
-1.6275140346627697e-03
-1.6305587865313965e-03
-1.6336452383637148e-03
-1.6518236490531543e-03
-1.6785581723292244e-03
-1.7147700068672821e-03
-1.7731339946644997e-03
-1.8458153159886465e-03
-1.9422705575923905e-03
-2.0738300565051803e-03
-2.2325206177798711e-03
-2.4375506224870161e-03
-2.6995465314198753e-03
-3.0150301588437300e-03
-3.4120142903896707e-03
-3.9012324505667958e-03
-4.4938476552749424e-03
-5.2219583466462027e-03
-6.1023665925391789e-03
-7.1643008871261835e-03
-8.4480817993333821e-03
-9.9811450444441535e-03
-1.1815322507867564e-02
-1.4004084223878334e-02
-1.6592457642527814e-02
-1.9659210711770746e-02
-2.3274625837007300e-02
-2.7517197920899152e-02
-3.2489371188186462e-02
-3.8288359481480960e-02
-4.5031860734240634e-02
-5.2850501952662644e-02
-6.1874259632488202e-02
-7.2264422673593842e-02
-8.4184865825521080e-02
-9.7806664451963399e-02
-1.1332650196005808e-01
-1.3094018688415568e-01
-1.5085796900930282e-01
-1.7330212787771962e-01
-1.9849216940419565e-01
-2.2666101298114436e-01
-2.5803789024572255e-01
-2.9284688051336583e-01
-3.3131020063353223e-01
-3.7363463140840314e-01
-4.2001070853767847e-01
-4.7060632475297942e-01
-5.2556311117947363e-01
-5.8493753584919217e-01
-6.4875523339572982e-01
-7.1708546977770526e-01
-7.8988249936112676e-01
-8.6705692715463256e-01
-9.4843455166657897e-01
-1.0335202226565989e+00
-1.1222593262940441e+00
-1.2142722365067857e+00
-1.3089089485308472e+00
-1.4056448685862279e+00
-1.5041228979856955e+00
-1.6032796989581328e+00
-1.7027573286475715e+00
-1.8015980127005458e+00
-1.8991335279255515e+00
-1.9944607255881206e+00
-2.0870214201736212e+00
-2.1756394655285045e+00
-2.2600417560630328e+00
-2.3391964371071401e+00
-2.4124519783853597e+00
-2.4794766125478072e+00
-2.5396885255821617e+00
-2.5923773758246824e+00
-2.6373994798949352e+00
-2.6745269705903674e+00
-2.7035929439108064e+00
-2.7244787455557624e+00
-2.7371532456686429e+00
-2.7417278564521252e+00
-2.7382994950864101e+00
-2.7271214097846177e+00
-2.7084595101325202e+00
-2.6826349934339357e+00
-2.6500691935890384e+00
0.0000000000000000e+00
2.4055929233035767e-01
0.0000000000000000e+00
0.0000000000000000e+00
];
