%Vec Object:sol 1 MPI processes
%  type: mpi
sol = [
0.0000000000000000e+00
-2.9590972179384739e+01
-2.2926494413022557e+01
-1.7694395034790155e+01
-1.3475975563901791e+01
-1.0046195233426680e+01
-7.2890753132487269e+00
-5.1223223142157375e+00
-3.4751550778854972e+00
-2.2694474317263529e+00
-1.4235123216190291e+00
-8.5692532892016737e-01
-4.9481834258528079e-01
-2.7419663999064225e-01
-1.4600848951106457e-01
-7.4940768574326008e-02
-3.7352190429510351e-02
-1.8347721055125037e-02
-9.0863175493502892e-03
-4.7986391332882463e-03
-2.9195847219104106e-03
-2.0562841429089926e-03
-1.6980197172204706e-03
-1.5779915152256152e-03
-1.5054635300749968e-03
-1.4568294357883251e-03
-1.4534924391735001e-03
-1.4507079314407189e-03
-1.4145122302619902e-03
-1.4097988632183471e-03
-1.4259832978969389e-03
-1.3864274297046733e-03
-1.3758144544992852e-03
-1.3931180479680142e-03
-1.3627744490500571e-03
-1.3473141398062506e-03
-1.3579279078166709e-03
-1.3422245290934135e-03
-1.3228422062977337e-03
-1.3278479816246549e-03
-1.3237261057366296e-03
-1.3012411726915625e-03
-1.3016461714148912e-03
-1.3067172794563326e-03
-1.2819535354248342e-03
-1.2787406527444045e-03
-1.2910970768948075e-03
-1.2648179826510266e-03
-1.2588492271374777e-03
-1.2725815330296450e-03
-1.2496962415735479e-03
-1.2416168643744952e-03
-1.2520973116629391e-03
-1.2362030086618015e-03
-1.2264716624899045e-03
-1.2342357676663172e-03
-1.2238356743992009e-03
-1.2128385132592718e-03
-1.2183670342944617e-03
-1.2122376780941862e-03
-1.2003455607191322e-03
-1.2040940960996000e-03
-1.2012488692758191e-03
-1.1888075768280049e-03
-1.1911895502028044e-03
-1.1908132770893094e-03
-1.1781235019337449e-03
-1.1794967824546782e-03
-1.1808944507913934e-03
-1.1682107702938487e-03
-1.1688812804478493e-03
-1.1714655686228498e-03
-1.1590006094601456e-03
-1.1592280145596315e-03
-1.1625020264752362e-03
-1.1504331525243920e-03
-1.1504378411636826e-03
-1.1539811162106033e-03
-1.1424541439174556e-03
-1.1424212857407865e-03
-1.1458773007131805e-03
-1.1350112884940097e-03
-1.1350965082670146e-03
-1.1381642699615593e-03
-1.1280562941736068e-03
-1.1283909641309632e-03
-1.1308181156235492e-03
-1.1215478552796863e-03
-1.1222432739931736e-03
-1.1238191176321183e-03
-1.1154508885810018e-03
-1.1166006600424722e-03
-1.1171402674045171e-03
-1.1097000221919279e-03
-1.1113731408827223e-03
-1.1107468151652783e-03
-1.1043219188641546e-03
-1.1065975674804688e-03
-1.1046816389253874e-03
-1.0992784953540585e-03
-1.1022031861555731e-03
-1.0989068579328025e-03
-1.0945518218814063e-03
-1.0981776061434357e-03
-1.0934367872994322e-03
-1.0901641641474790e-03
-1.0945516726290536e-03
-1.0883368513653971e-03
-1.0861912396588104e-03
-1.0914040570717497e-03
-1.0836999126250964e-03
-1.0827088878863269e-03
-1.0863077471529755e-03
-1.0795527585711880e-03
-1.0797010989441599e-03
-1.0811850241400824e-03
-1.0758145918370197e-03
-1.0770657833673095e-03
-1.0764224223151649e-03
-1.0723943178680296e-03
-1.0747317260319273e-03
-1.0719933606531506e-03
-1.0692996549130686e-03
-1.0727391584372194e-03
-1.0679655797252051e-03
-1.0666162317665953e-03
-1.0702283304702468e-03
-1.0644220118013483e-03
-1.0644037708172338e-03
-1.0656575238285207e-03
-1.0613581348465884e-03
-1.0626263553323177e-03
-1.0615584937820686e-03
-1.0587132038307212e-03
-1.0612349472646041e-03
-1.0579163565047072e-03
-1.0565031923791329e-03
-1.0598630865491826e-03
-1.0547811651177611e-03
-1.0547808073562356e-03
-1.0557041725442521e-03
-1.0521738382576592e-03
-1.0535432561229994e-03
-1.0520949122806887e-03
-1.0500640705842096e-03
-1.0527643636005246e-03
-1.0490235503474864e-03
-1.0484557381385425e-03
-1.0501309316038679e-03
-1.0465029791627400e-03
-1.0473604817524155e-03
-1.0466228911171539e-03
-1.0445288544947407e-03
-1.0467705353473450e-03
-1.0437078634370658e-03
-1.0431039357476763e-03
-1.0446576649784543e-03
-1.0413853325180174e-03
-1.0422303820098434e-03
-1.0413865019520507e-03
-1.0396544904839977e-03
-1.0419075443260631e-03
-1.0387566869985143e-03
-1.0385192833123559e-03
-1.0393376762417061e-03
-1.0367599948821432e-03
-1.0379712563580194e-03
-1.0364430884691074e-03
-1.0353913772427558e-03
-1.0374095171967993e-03
-1.0342519492926819e-03
-1.0347570866518399e-03
-1.0346697599272357e-03
-1.0338701010941338e-03
-1.0383432491063232e-03
-1.0436335328925079e-03
-1.0666253539843179e-03
-1.1323976327052353e-03
-1.3080710465797241e-03
-1.7747435619851768e-03
-2.9444032366688021e-03
-5.7743347964900986e-03
-1.2329574437162757e-02
-2.6849083371157149e-02
-5.7577486905413776e-02
-1.1954078795258181e-01
-2.3832140508761071e-01
-4.5408087845899520e-01
-8.2393164474219749e-01
-1.4190337636671826e+00
-2.3115367743614872e+00
-3.5464121090663636e+00
-5.1061402738743080e+00
-6.8761372976179107e+00
-8.6452191081706928e+00
-1.0150394154988282e+01
-1.1154812841951550e+01
-1.1519948400200596e+01
-1.1232709505498578e+01
0.0000000000000000e+00
2.4055929233035767e-01
0.0000000000000000e+00
0.0000000000000000e+00
];
