%Vec Object:sol 1 MPI processes
%  type: mpi
sol = [
0.0000000000000000e+00
-1.4232635422394493e+01
-1.2808418116242876e+01
-1.1580239844165062e+01
-1.0529620659228620e+01
-9.6219725801627547e+00
-8.8290296859184920e+00
-8.1296819072195774e+00
-7.5078794209637527e+00
-6.9496262603830905e+00
-6.4448288156701157e+00
-5.9862551651689442e+00
-5.5667458590814745e+00
-5.1810645119720729e+00
-4.8253962804232948e+00
-4.4961959208419353e+00
-4.1903245890317633e+00
-3.9041529037921165e+00
-3.6372598891957955e+00
-3.3877704404317508e+00
-3.1537923810774644e+00
-2.9338000736990968e+00
-2.7276795636638207e+00
-2.5334801683469630e+00
-2.3511377085960499e+00
-2.1796823622976000e+00
-2.0183997406819532e+00
-1.8667901638004762e+00
-1.7245844800465968e+00
-1.5907928263175237e+00
-1.4655573136002564e+00
-1.3480997707901894e+00
-1.2381269503181394e+00
-1.1354445827464439e+00
-1.0395977055955501e+00
-9.5012864709914735e-01
-8.6693162220764985e-01
-7.8969143653185758e-01
-7.1808693108880173e-01
-6.5169151812873560e-01
-5.9034471145648926e-01
-5.3379490029415266e-01
-4.8177058296948927e-01
-4.3400279335975600e-01
-3.9022321858309816e-01
-3.5019994770111940e-01
-3.1369143309571945e-01
-2.8040693008410955e-01
-2.5018264514123689e-01
-2.2281261304330588e-01
-1.9805087079071745e-01
-1.7573092746679625e-01
-1.5566556316300584e-01
-1.3763931249123276e-01
-1.2150511771989429e-01
-1.0711004198102177e-01
-9.4271345177705204e-02
-8.2860493263199830e-02
-7.2758421597825126e-02
-6.3815041083437482e-02
-5.5919859745426910e-02
-4.8985360465297875e-02
-4.2892013591101022e-02
-3.7546392408925586e-02
-3.2888804006460486e-02
-2.8826746883109839e-02
-2.5282309195926639e-02
-2.2219091767188705e-02
-1.9567287136530501e-02
-1.7262591806937608e-02
-1.5287113130001289e-02
-1.3589223932950652e-02
-1.2116150257938649e-02
-1.0863956029319720e-02
-9.7949242083227028e-03
-8.8658318441021036e-03
-8.0826694842999584e-03
-7.4178675907755160e-03
-6.8360611679973479e-03
-6.3497967740557826e-03
-5.9385185183804846e-03
-5.5734007949571097e-03
-5.2708590705748256e-03
-5.0148585721870890e-03
-4.7821784080680730e-03
-4.5910472822806424e-03
-4.4280434472925498e-03
-4.2749574621385854e-03
-4.1503136856834459e-03
-4.0418881059493218e-03
-3.9361629997254595e-03
-3.8508722470599679e-03
-3.7739665139216354e-03
-3.6965003642060006e-03
-3.6346617188084541e-03
-3.5758516808468499e-03
-3.5157125116276155e-03
-3.4683772069244575e-03
-3.4201976180544980e-03
-3.3715013801169417e-03
-3.3340391339028281e-03
-3.2927846238855773e-03
-3.2528897728595248e-03
-3.2235380143005189e-03
-3.1881197301081706e-03
-3.1567978975107929e-03
-3.1361111757058960e-03
-3.1077744851674785e-03
-3.0871854676741560e-03
-3.0782694848598816e-03
-3.0610886827647002e-03
-3.0565549362989676e-03
-3.0636168777573116e-03
-3.0684058716291584e-03
-3.0901542483141842e-03
-3.1251728593332637e-03
-3.1675001593116461e-03
-3.2337079907690004e-03
-3.3185093490703567e-03
-3.4244049063320093e-03
-3.5660696388419171e-03
-3.7374619514971646e-03
-3.9503693629679461e-03
-4.2186843469055463e-03
-4.5368304101246395e-03
-4.9270916938005879e-03
-5.4031606445035093e-03
-5.9645057383918834e-03
-6.6426832086653965e-03
-7.4516780022980383e-03
-8.4058314045584344e-03
-9.5405258558104705e-03
-1.0875304884343148e-02
-1.2441799332187340e-02
-1.4282166136455280e-02
-1.6424645843927017e-02
-1.8920903405275250e-02
-2.1822761541100969e-02
-2.5171782242001218e-02
-2.9041177786978914e-02
-3.3493059219920171e-02
-3.8594726063360112e-02
-4.4433815119173554e-02
-5.1088779257411183e-02
-5.8653844019988799e-02
-6.7232618299114560e-02
-7.6921027316841015e-02
-8.7838986702532137e-02
-1.0010334409780590e-01
-1.1383122230316026e-01
-1.2915751030023800e-01
-1.4620900254539218e-01
-1.6511293422107157e-01
-1.8600482150501302e-01
-2.0901715950641822e-01
-2.3428398194592465e-01
-2.6193017185543188e-01
-2.9207114396310524e-01
-3.2481760291748313e-01
-3.6026395379072096e-01
-3.9849002828469121e-01
-4.3955734758835313e-01
-4.8350750683453619e-01
-5.3035466558606748e-01
-5.8001117917175349e-01
-6.3248239569574782e-01
-6.8770047765964126e-01
-7.4556253460790201e-01
-8.0592188867404502e-01
-8.6849233804110937e-01
-9.3305872986154292e-01
-9.9943582750505300e-01
-1.0673465436180085e+00
-1.1362238375518494e+00
-1.2058757452300271e+00
-1.2759978362756625e+00
-1.3458186099672151e+00
-1.4152245161865031e+00
-1.4836327758909620e+00
-1.5505104169638853e+00
-1.6155858775065386e+00
-1.6781337898523521e+00
-1.7379838962005438e+00
-1.7945013112945316e+00
-1.8474069145441490e+00
-1.8963843652431951e+00
-1.9408810542199593e+00
-1.9809151817181165e+00
-2.0160034645685316e+00
-2.0459833907161782e+00
-2.0708762104129472e+00
-2.0904117724198312e+00
-2.1044651344384797e+00
-2.1132422787678609e+00
-2.1167237801435461e+00
-2.1148367812901463e+00
-2.1077679769622546e+00
-2.0957470802937102e+00
-2.0789823548020179e+00
0.0000000000000000e+00
1.3464638167935297e-01
0.0000000000000000e+00
0.0000000000000000e+00
];
