%Vec Object:sol 1 MPI processes
%  type: mpi
sol = [
0.0000000000000000e+00
-1.7751493382865149e+01
-1.5565366105464326e+01
-1.3779963871371841e+01
-1.2276845663211896e+01
-1.1022756577270856e+01
-9.9434826722028973e+00
-9.0076655610780509e+00
-8.1891216779523788e+00
-7.4628713880113207e+00
-6.8098740376622944e+00
-6.2220032195548249e+00
-5.6886884196132845e+00
-5.2019738221974041e+00
-4.7562134104342189e+00
-4.3466038052691971e+00
-3.9690785828320476e+00
-3.6198915607946471e+00
-3.2973174334451802e+00
-2.9991333205212625e+00
-2.7233053143320718e+00
-2.4678863036230352e+00
-2.2323129196866160e+00
-2.0143382558986493e+00
-1.8139106025658549e+00
-1.6290604358051068e+00
-1.4595387951518262e+00
-1.3041064305792325e+00
-1.1619616486156941e+00
-1.0324523292675949e+00
-9.1475830855561036e-01
-8.0790621187870759e-01
-7.1139319424024561e-01
-6.2449366952494423e-01
-5.4649715389601738e-01
-4.7673308835704814e-01
-4.1455786987718163e-01
-3.5927631893944340e-01
-3.1036162510747412e-01
-2.6726516892853558e-01
-2.2942316034364041e-01
-1.9631645441659665e-01
-1.6749074868051939e-01
-1.4248326005304587e-01
-1.2084859834737345e-01
-1.0224175566754433e-01
-8.6303942018648105e-02
-7.2663446375562241e-02
-6.1078712069161642e-02
-5.1284620704394789e-02
-4.2990202503802685e-02
-3.6031741136516131e-02
-3.0224916267124223e-02
-2.5359885440293443e-02
-2.1322939761852754e-02
-1.7998471150841844e-02
-1.5240920449701824e-02
-1.2972960544671050e-02
-1.1130421557833522e-02
-9.6154869084019729e-03
-8.3752390131426029e-03
-7.3816358511364210e-03
-6.5703962698547809e-03
-5.9036342284004544e-03
-5.3772135037135895e-03
-4.9492960152167850e-03
-4.5904585369671144e-03
-4.3114598683045438e-03
-4.0848509243631929e-03
-3.8855985926925345e-03
-3.7331098907189540e-03
-3.6088092337556673e-03
-3.4898682426585141e-03
-3.4002263675965917e-03
-3.3265570730298915e-03
-3.2473410929836468e-03
-3.1884280769914710e-03
-3.1394146314923737e-03
-3.0799829357397676e-03
-3.0362495135554750e-03
-2.9992464847056225e-03
-2.9501732836341886e-03
-2.9143791653449521e-03
-2.8833616100442648e-03
-2.8403396283468827e-03
-2.8092280812574465e-03
-2.7813313675363219e-03
-2.7424382287774269e-03
-2.7145805799663647e-03
-2.6883992491370987e-03
-2.6527782462770874e-03
-2.6275500916244140e-03
-2.6023384031175329e-03
-2.5695907787745267e-03
-2.5467076713369717e-03
-2.5220183845463600e-03
-2.4919345411192730e-03
-2.4712495870491034e-03
-2.4467778490070476e-03
-2.4192261146852309e-03
-2.4006481067266714e-03
-2.3761689018477776e-03
-2.3510500297953571e-03
-2.3345107788595252e-03
-2.3098404489397266e-03
-2.2870725939171774e-03
-2.2725180907829825e-03
-2.2475127331177615e-03
-2.2270325517952686e-03
-2.2144290502787724e-03
-2.1889916120928572e-03
-2.1707709792738602e-03
-2.1576052426157529e-03
-2.1342476365676854e-03
-2.1183449124674999e-03
-2.1042426594636218e-03
-2.0836231740753363e-03
-2.0703101756172856e-03
-2.0556906683019539e-03
-2.0383583705572326e-03
-2.0284238225723233e-03
-2.0144119027219547e-03
-2.0018314996353378e-03
-1.9972722009395164e-03
-1.9865819822453548e-03
-1.9822989716068691e-03
-1.9868528713602612e-03
-1.9866875436184051e-03
-1.9987860020553136e-03
-2.0204197879086722e-03
-2.0470389616491350e-03
-2.0930782417470698e-03
-2.1543919600787052e-03
-2.2365072922390901e-03
-2.3529500105332495e-03
-2.5001070114033948e-03
-2.6956152554684573e-03
-2.9544742540610958e-03
-3.2781379935754363e-03
-3.6986699013728938e-03
-4.2341881909014464e-03
-4.9063795008282727e-03
-5.7575241901906531e-03
-6.8192288212729152e-03
-8.1408373988396728e-03
-9.7836478670204133e-03
-1.1802589934997608e-02
-1.4284908372486209e-02
-1.7320306801410532e-02
-2.1006527156026956e-02
-2.5474351551648410e-02
-3.0856733339482793e-02
-3.7311698677542762e-02
-4.5022764289000330e-02
-5.4180814711341105e-02
-6.5014751892701575e-02
-7.7768863676767164e-02
-9.2704512517790896e-02
-1.1011784338997330e-01
-1.3031372505178451e-01
-1.5361955487458345e-01
-1.8037967629371085e-01
-2.1092478055534014e-01
-2.4562155083039039e-01
-2.8481905152536180e-01
-3.2885307698524346e-01
-3.7804010108748254e-01
-4.3266198373780623e-01
-4.9295529670388882e-01
-5.5909872133912819e-01
-6.3120554877572477e-01
-7.0923734804436322e-01
-7.9308104938134982e-01
-8.8262319832698011e-01
-9.7756536715273756e-01
-1.0774450176700143e+00
-1.1815039108030165e+00
-1.2892955157078334e+00
-1.3999176365582724e+00
-1.5122264245130621e+00
-1.6255831482376313e+00
-1.7383076657054204e+00
-1.8498286835886986e+00
-1.9582995936193803e+00
-2.0630008118708880e+00
-2.1624938041319171e+00
-2.2555444103423530e+00
-2.3413098777099886e+00
-2.4188029144791732e+00
-2.4868167898186191e+00
-2.5449578389312024e+00
-2.5926520159474027e+00
-2.6294614452292691e+00
-2.6551717567353657e+00
-2.6696440048056873e+00
-2.6729807562512433e+00
-2.6653837221917245e+00
-2.6471893093844039e+00
-2.6189053474858923e+00
0.0000000000000000e+00
1.3464638167935297e-01
0.0000000000000000e+00
0.0000000000000000e+00
];
