%Vec Object:sol 1 MPI processes
%  type: mpi
sol = [
0.0000000000000000e+00
-7.5097290190789314e+00
-7.0555078012164794e+00
-6.6308918294912198e+00
-6.2379032537664898e+00
-5.8731404390373276e+00
-5.5327001417534838e+00
-5.2139114097904127e+00
-4.9109996542405572e+00
-4.6261297040109568e+00
-4.3574907034504928e+00
-4.1027439432668897e+00
-3.8599889826089329e+00
-3.6302244763260658e+00
-3.4112716997301926e+00
-3.2027143749971509e+00
-3.0048959095149033e+00
-2.8151771910967125e+00
-2.6357762214951381e+00
-2.4639397207127391e+00
-2.3012409357257302e+00
-2.1457674963861244e+00
-1.9986341275423456e+00
-1.8584142975365248e+00
-1.7256146294195380e+00
-1.6000576824498947e+00
-1.4807655921108707e+00
-1.3683098813710879e+00
-1.2624188925927480e+00
-1.1623440037505821e+00
-1.0683167248158574e+00
-9.8019444042941928e-01
-8.9769470063471335e-01
-8.2043295191005816e-01
-7.4832083448285713e-01
-6.8122323647454841e-01
-6.1891760685683461e-01
-5.6117847238796081e-01
-5.0778906998537732e-01
-4.5853941587232255e-01
-4.1312845743420329e-01
-3.7143226296913157e-01
-3.3325728970214641e-01
-2.9838553563074738e-01
-2.6659273252384608e-01
-2.3770523308737448e-01
-2.1152469490473627e-01
-1.8782512780166305e-01
-1.6646201785001025e-01
-1.4725918563353071e-01
-1.3000430007481367e-01
-1.1457479784066585e-01
-1.0082048526593076e-01
-8.8558360094507710e-02
-7.7678407054789220e-02
-6.8061812065915550e-02
-5.9556643730067513e-02
-5.2066493436150038e-02
-4.5503057279592911e-02
-3.9744508487757908e-02
-3.4708223287811243e-02
-3.0333533882581604e-02
-2.6525837806038104e-02
-2.3215494981916419e-02
-2.0365396967493402e-02
-1.7904157967074404e-02
-1.5773649947499756e-02
-1.3955742911525224e-02
-1.2397826242828059e-02
-1.1051542668820446e-02
-9.9132034414566306e-03
-8.9446636705670310e-03
-8.1055904809902279e-03
-7.4026513358103176e-03
-6.8083233927551624e-03
-6.2887839190871857e-03
-5.8576126639097413e-03
-5.4946913977438408e-03
-5.1715432653693825e-03
-4.9059083635776338e-03
-4.6825123793201810e-03
-4.4774331834929928e-03
-4.3104665604630854e-03
-4.1692246031381410e-03
-4.0338818419189300e-03
-3.9247386726600116e-03
-3.8308441135081598e-03
-3.7362747432402917e-03
-3.6607260184493761e-03
-3.5936356110364458e-03
-3.5229742685401457e-03
-3.4670579998690382e-03
-3.4149672460724646e-03
-3.3586775826775794e-03
-3.3145951700113878e-03
-3.2709171450315722e-03
-3.2237992828586001e-03
-3.1873830895708514e-03
-3.1486164305856439e-03
-3.1080371837733517e-03
-3.0772937240260579e-03
-3.0418399176700439e-03
-3.0067968591036285e-03
-2.9811919789305753e-03
-2.9488268671228218e-03
-2.9196232328965116e-03
-2.8999372768114687e-03
-2.8718464291494108e-03
-2.8503052925734551e-03
-2.8390363706512589e-03
-2.8184175612835974e-03
-2.8087113034115357e-03
-2.8086944100074304e-03
-2.8045881393242902e-03
-2.8149343798997530e-03
-2.8358502628880026e-03
-2.8612062879397842e-03
-2.9068806140059313e-03
-2.9673725790175689e-03
-3.0447899337781069e-03
-3.1531548536087931e-03
-3.2862577149156140e-03
-3.4553713393092643e-03
-3.6739050644373117e-03
-3.9363295159034785e-03
-4.2645250131460623e-03
-4.6721712696318274e-03
-5.1592861635906219e-03
-5.7576401654632894e-03
-6.4822278098315891e-03
-7.3489165597516518e-03
-8.3948350469750365e-03
-9.6423720621040074e-03
-1.1126697786963626e-02
-1.2894412572530278e-02
-1.4979764478971935e-02
-1.7441492707031506e-02
-2.0340236484567134e-02
-2.3728551523527295e-02
-2.7692318234744637e-02
-3.2307708415801828e-02
-3.7660971155095341e-02
-4.3860576762204839e-02
-5.1009297029165943e-02
-5.9229008934447637e-02
-6.8654680207681285e-02
-7.9417917869791951e-02
-9.1678010123213305e-02
-1.0559565928005531e-01
-1.2133631065125501e-01
-1.3908686389913380e-01
-1.5903068139296164e-01
-1.8136119246158261e-01
-2.0627919512618670e-01
-2.3397942097340949e-01
-2.6466382229019680e-01
-2.9852657666821963e-01
-3.3575266775816720e-01
-3.7651895488469445e-01
-4.2098427322103238e-01
-4.6928671908296066e-01
-5.2153831375725335e-01
-5.7773373657605143e-01
-6.3797301733996326e-01
-7.0226677933706794e-01
-7.7057730452174111e-01
-8.4280813873239691e-01
-9.1876390044175615e-01
-9.9808724900995993e-01
-1.0806836132673379e+00
-1.1662581838898181e+00
-1.2541981926986630e+00
-1.3440878473885993e+00
-1.4356334382536922e+00
-1.5279060674030462e+00
-1.6205697299938555e+00
-1.7129307156300679e+00
-1.8041519300359108e+00
-1.8938215478052161e+00
-1.9809659639611603e+00
-2.0651070493967412e+00
-2.1456301579169264e+00
-2.2215686538294110e+00
-2.2927907004061900e+00
-2.3585313122867180e+00
-2.4181354736747060e+00
-2.4714884361216543e+00
-2.5181960372171335e+00
-2.5579835080590403e+00
-2.5903412182362646e+00
-2.6154511880889681e+00
-2.6332267433154235e+00
-2.6436492567038439e+00
-2.6468285958634978e+00
-2.6428480668323928e+00
-2.6319328060169385e+00
-2.6143132565107590e+00
-2.5902671222762930e+00
-2.5601635373447542e+00
0.0000000000000000e+00
2.4055929233035767e-01
0.0000000000000000e+00
0.0000000000000000e+00
];
