%Vec Object:sol 1 MPI processes
%  type: mpi
sol = [
0.0000000000000000e+00
-2.1757309194196328e+01
-1.8121874447390915e+01
-1.5128108241369219e+01
-1.2585134975490822e+01
-1.0400887713572095e+01
-8.5137583268711783e+00
-6.8847183984218994e+00
-5.4907759145884931e+00
-4.3098743436353724e+00
-3.3243247434174492e+00
-2.5171307768542244e+00
-1.8685400194206623e+00
-1.3587507862757637e+00
-9.6699808364620499e-01
-6.7333876465244236e-01
-4.5855890505568531e-01
-3.0538584952802328e-01
-1.9885955116559387e-01
-1.2669100596890623e-01
-7.9054168911193032e-02
-4.8321811274552498e-02
-2.9031222252448544e-02
-1.7241266858676489e-02
-1.0164366525838235e-02
-6.0163680175692007e-03
-3.6705097291750213e-03
-2.3590684285550445e-03
-1.6067076226338754e-03
-1.2167448907230913e-03
-1.0280606820605963e-03
-8.7962018939000304e-04
-8.1010780879609348e-04
-7.9400988303387826e-04
-7.4299721863936314e-04
-7.1321521255398657e-04
-7.1268513528381812e-04
-6.8743599346346332e-04
-6.5939934648149645e-04
-6.5632809657988577e-04
-6.4451682190570314e-04
-6.1464258973620929e-04
-6.0795219763508422e-04
-6.0617430655919363e-04
-5.7474997997653129e-04
-5.6509443231361073e-04
-5.7120264574633394e-04
-5.3879963143862585e-04
-5.2688151476131689e-04
-5.3483253560174010e-04
-5.0627068373446961e-04
-4.9267502036887611e-04
-4.9780557466798327e-04
-4.7667912820604076e-04
-4.6187105762852151e-04
-4.6472652100763861e-04
-4.4954190395240146e-04
-4.3390097450304215e-04
-4.3494173069848424e-04
-4.2444054020123920e-04
-4.0829347780914842e-04
-4.0792427776944221e-04
-4.0106501049357490e-04
-3.8470434990619281e-04
-3.8328804060005470e-04
-3.7920771118772964e-04
-3.6289182470027921e-04
-3.6074815721903470e-04
-3.5871627605532706e-04
-3.4266848402889066e-04
-3.4007467171493709e-04
-3.3947622303579178e-04
-3.2388406004814742e-04
-3.2107600175672118e-04
-3.2139053059268682e-04
-3.0640975554863174e-04
-3.0358727413951791e-04
-3.0437397263311281e-04
-2.9013198784170915e-04
-2.8746296970850077e-04
-2.8834832339217535e-04
-2.7494887506427241e-04
-2.7257436142011897e-04
-2.7324257381284889e-04
-2.6076888239383826e-04
-2.5880652221558110e-04
-2.5899093832491214e-04
-2.4750908967989690e-04
-2.4605678227983653e-04
-2.4553303890519426e-04
-2.3509450329318860e-04
-2.3423319649437132e-04
-2.3281352791379686e-04
-2.2345831911264706e-04
-2.2325550719308861e-04
-2.2078420625973183e-04
-2.1254235731266416e-04
-2.1305413337272908e-04
-2.0940566160340186e-04
-2.0230201405883240e-04
-2.0357834497984975e-04
-1.9866034353184877e-04
-1.9271833690073388e-04
-1.9480670610334266e-04
-1.8854752680665880e-04
-1.8379035157770315e-04
-1.8673548608890062e-04
-1.7908446364489221e-04
-1.7553187633791896e-04
-1.7937079507380891e-04
-1.7028725736111691e-04
-1.6794676905823624e-04
-1.7022356497365575e-04
-1.6214802348986129e-04
-1.6101174663265606e-04
-1.6123938268964498e-04
-1.5462753270849720e-04
-1.5467897548904983e-04
-1.5286188426658282e-04
-1.4768233160922931e-04
-1.4890762552324503e-04
-1.4507176747032515e-04
-1.4130169285281799e-04
-1.4369458131608396e-04
-1.3787283738543572e-04
-1.3549427803416175e-04
-1.3809842549016797e-04
-1.3127704760150375e-04
-1.3026850526880347e-04
-1.3055024355259650e-04
-1.2528565859975925e-04
-1.2561985380146021e-04
-1.2363379910577374e-04
-1.1988640855857512e-04
-1.2153501531140397e-04
-1.1734642874590690e-04
-1.1507971529910787e-04
-1.1760673953120868e-04
-1.1168398737200101e-04
-1.1086348821296093e-04
-1.1097996998626811e-04
-1.0664588608936026e-04
-1.0723569030359865e-04
-1.0501572614618677e-04
-1.0222544749697492e-04
-1.0418906389448190e-04
-9.9708875107219804e-05
-9.8418924148090497e-05
-9.9386926126839592e-05
-9.5050066284827595e-05
-9.5218739986627213e-05
-9.3799233780200128e-05
-9.1030578483209022e-05
-9.2617490248102244e-05
-8.8897840330084691e-05
-8.7651749618606817e-05
-8.8577463649454417e-05
-8.4675642637732523e-05
-8.4911318157883042e-05
-8.3468400470224563e-05
-8.1158249379422831e-05
-8.2887517350969581e-05
-7.9299136011506420e-05
-7.8856646558293252e-05
-7.9991141200863285e-05
-7.8901134997867101e-05
-8.4246041948008902e-05
-9.2623419565143178e-05
-1.1386736880856736e-04
-1.6415491323597552e-04
-2.6241880530275638e-04
-4.7060344380787331e-04
-8.8535577190815100e-04
-1.6931489553279392e-03
-3.2352680409351540e-03
-6.0920349787921503e-03
-1.1268143136326646e-02
-2.0401793885861729e-02
-3.6097948825307334e-02
-6.2365291876023722e-02
-1.0511351486107266e-01
-1.7273948947968254e-01
-2.7660397515305041e-01
-4.3127386274089530e-01
-6.5423730066956232e-01
-9.6475574899145189e-01
-1.3815366894635366e+00
-1.9186622426220414e+00
-2.5812382789374770e+00
-3.3598131743192092e+00
-4.2271165331388287e+00
-5.1369220980935433e+00
-6.0280159625373226e+00
-6.8328008202583472e+00
-7.4867613462631128e+00
-7.9409729883628417e+00
-8.1663368451775309e+00
-8.1571303592766444e+00
-7.9278914491561636e+00
0.0000000000000000e+00
2.4055929233035767e-01
0.0000000000000000e+00
0.0000000000000000e+00
];
