%Vec Object:sol 1 MPI processes
%  type: mpi
sol = [
0.0000000000000000e+00
-1.0077332473942775e+01
-9.2707342190973723e+00
-8.5418657278253569e+00
-7.8785614229412717e+00
-7.2703233814006678e+00
-6.7088565886389970e+00
-6.1883954719176666e+00
-5.7046974724433577e+00
-5.2532990705653280e+00
-4.8313353088036814e+00
-4.4370490363684398e+00
-4.0680039748944088e+00
-3.7214052037195033e+00
-3.3969412467574682e+00
-3.0940430626022248e+00
-2.8105007799456851e+00
-2.5460257065957115e+00
-2.3001274812167631e+00
-2.0714260771507407e+00
-1.8596335508573394e+00
-1.6642193428792602e+00
-1.4840043771448015e+00
-1.3188421086181823e+00
-1.1678686988122671e+00
-1.0301549463756279e+00
-9.0529793229561373e-01
-7.9253847136759015e-01
-6.9111758450892069e-01
-6.0021180061391666e-01
-5.1909466782331015e-01
-4.4709694497912239e-01
-3.8350625206631356e-01
-3.2761076293697633e-01
-2.7867863657989861e-01
-2.3607751250986844e-01
-1.9918163454988161e-01
-1.6735409792447614e-01
-1.4004749851782977e-01
-1.1675855389209895e-01
-9.6975090163365738e-02
-8.0244837472521854e-02
-6.6198724668145192e-02
-5.4456030104318022e-02
-4.4658504549613245e-02
-3.6562943663435273e-02
-2.9908003787775264e-02
-2.4417778969045238e-02
-1.9953634047370605e-02
-1.6347025430818826e-02
-1.3398923993197722e-02
-1.1036843722409206e-02
-9.1609124236299369e-03
-7.6397997184903723e-03
-6.4330556644343470e-03
-5.4918137316576935e-03
-4.7312186209743706e-03
-4.1282497820262628e-03
-3.6670508894417597e-03
-3.2930181828638096e-03
-2.9907091818787658e-03
-2.7644408685669128e-03
-2.5785680357238816e-03
-2.4194698997932629e-03
-2.3031679956056913e-03
-2.2056340368069951e-03
-2.1123056148307342e-03
-2.0456264163261936e-03
-1.9886162974904467e-03
-1.9249312309279273e-03
-1.8802379150620070e-03
-1.8418183704515764e-03
-1.7917612751065315e-03
-1.7570326087710687e-03
-1.7274557792476477e-03
-1.6842611208279527e-03
-1.6545235506096052e-03
-1.6294950139482071e-03
-1.5904228876844548e-03
-1.5637125575533790e-03
-1.5412743593871475e-03
-1.5052458584959923e-03
-1.4808166900449550e-03
-1.4599835134022146e-03
-1.4265694672854156e-03
-1.4041412530160029e-03
-1.3843327850490529e-03
-1.3533456811957640e-03
-1.3328065551707002e-03
-1.3136214464831060e-03
-1.2849591574395655e-03
-1.2662538797893123e-03
-1.2473818242141677e-03
-1.2209717966909684e-03
-1.2040629786222057e-03
-1.1852498119162471e-03
-1.1610284867034958e-03
-1.1458823288365469e-03
-1.1269157536451756e-03
-1.1048235056839088e-03
-1.0914069691539145e-03
-1.0721127697815047e-03
-1.0520918713160579e-03
-1.0403715138651061e-03
-1.0205974056461693e-03
-1.0025911200854162e-03
-9.9253263413487110e-04
-9.7215056501654892e-04
-9.5610417449217737e-04
-9.4767379097663066e-04
-9.2657708129519816e-04
-9.1243828459697664e-04
-9.0313144703002514e-04
-8.8371047578397451e-04
-8.7143396403552471e-04
-8.6073524444219788e-04
-8.4342538864117900e-04
-8.3298598995760077e-04
-8.2090423832964596e-04
-8.0569717904517340e-04
-7.9712968298170552e-04
-7.8377633894056574e-04
-7.7078925774291178e-04
-7.6430580499247628e-04
-7.5004451822931260e-04
-7.3975091980709037e-04
-7.3511367459639125e-04
-7.2196091854113650e-04
-7.1580763052297471e-04
-7.1255524352908082e-04
-7.0595334133839434e-04
-7.0791984611994071e-04
-7.1162434102605354e-04
-7.1908374220024443e-04
-7.3940949453269670e-04
-7.6401873997546652e-04
-8.0416262282120203e-04
-8.6734683263512585e-04
-9.4645820184774117e-04
-1.0630073175714461e-03
-1.2232207983928903e-03
-1.4351435005972616e-03
-1.7253560466417349e-03
-2.1081552751411915e-03
-2.6136749325358544e-03
-3.2823808985692577e-03
-4.1472114810848747e-03
-5.2725214301940666e-03
-6.7251126440499775e-03
-8.5806776849898844e-03
-1.0950193481236607e-02
-1.3950389365874637e-02
-1.7728860079095986e-02
-2.2466841696508782e-02
-2.8363189273420644e-02
-3.5669350823944977e-02
-4.4669025205590275e-02
-5.5681522651892273e-02
-6.9090763314723996e-02
-8.5315699558227279e-02
-1.0483151364643727e-01
-1.2816736985803934e-01
-1.5589155362147833e-01
-1.8862914755104776e-01
-2.2703717627603801e-01
-2.7180025789801737e-01
-3.2362269804849464e-01
-3.8320308084286070e-01
-4.5121786025202182e-01
-5.2829475023173045e-01
-6.1498850334658983e-01
-7.1173851179482417e-01
-8.1869869149427332e-01
-9.3605221267679573e-01
-1.0637285690573834e+00
-1.2014203053270887e+00
-1.3481936333895317e+00
-1.5033046316961360e+00
-1.6657240437377336e+00
-1.8332779366599585e+00
-2.0050029494110717e+00
-2.1779821561051502e+00
-2.3507318431765198e+00
-2.5204517880781507e+00
-2.6846997648705546e+00
-2.8413532296980710e+00
-2.9879933390817630e+00
-3.1223828101810671e+00
-3.2426038921585336e+00
-3.3469422221997860e+00
-3.4341138250946726e+00
-3.5031253306359815e+00
-3.5533528910979024e+00
-3.5846066648921910e+00
-3.5969191576497099e+00
-3.5905947997106509e+00
-3.5660464560328049e+00
-3.5244991450154521e+00
-3.4671026282127606e+00
0.0000000000000000e+00
2.4055929233035767e-01
0.0000000000000000e+00
0.0000000000000000e+00
];
