%Vec Object:sol 1 MPI processes
%  type: mpi
sol = [
0.0000000000000000e+00
-8.4184682705070326e+00
-7.8499353844090338e+00
-7.3285183584926044e+00
-6.8485120932194130e+00
-6.4017368884404089e+00
-5.9859334843401051e+00
-5.5979405340495623e+00
-5.2351598091652223e+00
-4.8944100559757278e+00
-4.5736963541692646e+00
-4.2695211839574023e+00
-3.9825890659186203e+00
-3.7117008359618109e+00
-3.4548606180462804e+00
-3.2114722983681698e+00
-2.9817566158839370e+00
-2.7632599392207289e+00
-2.5575009527787018e+00
-2.3624464580307336e+00
-2.1786924042027369e+00
-2.0050747515365748e+00
-1.8421048712306143e+00
-1.6883304214137687e+00
-1.5443283066018987e+00
-1.4097016231546273e+00
-1.2834720555857280e+00
-1.1659554002829833e+00
-1.0567738733988965e+00
-9.5542004935194946e-01
-8.6146855484984575e-01
-7.7482612144534602e-01
-6.9511132312749258e-01
-6.2197133162069407e-01
-5.5504443951161031e-01
-4.9394541234775818e-01
-4.3832927389383025e-01
-3.8790328023482101e-01
-3.4233154885634254e-01
-3.0128979434087233e-01
-2.6443181197435423e-01
-2.3143324769309204e-01
-2.0201046987640237e-01
-1.7585555511714762e-01
-1.5266014385281387e-01
-1.3219199342757434e-01
-1.1419220242555986e-01
-9.8376339169167284e-02
-8.4568018532878833e-02
-7.2558212093718794e-02
-6.2103475141689457e-02
-5.3070842917893164e-02
-4.5300589186450566e-02
-3.8602116670594412e-02
-3.2870499411046299e-02
-2.7994643695933803e-02
-2.3831166804045817e-02
-2.0299178241097636e-02
-1.7328391418334903e-02
-1.4814686783581598e-02
-1.2696270774253946e-02
-1.0934895112645617e-02
-9.4571761909210579e-03
-8.2154391859588644e-03
-7.1951117908512531e-03
-6.3456220072085319e-03
-5.6291003848431796e-03
-5.0474627756723510e-03
-4.5662571119965143e-03
-4.1541381556776105e-03
-3.8237831575262718e-03
-3.5516165470098533e-03
-3.3105858594146662e-03
-3.1198509374313491e-03
-2.9628267318922131e-03
-2.8154452782375933e-03
-2.7003011066890677e-03
-2.6050382396697077e-03
-2.5079736373041102e-03
-2.4330439025236289e-03
-2.3702160564796826e-03
-2.3000778433804798e-03
-2.2465053005307450e-03
-2.2004919645006540e-03
-2.1450762399230789e-03
-2.1031445687253927e-03
-2.0658347668043170e-03
-2.0189676245995084e-03
-1.9838227642559642e-03
-1.9510723069539730e-03
-1.9097072841175126e-03
-1.8789843368875372e-03
-1.8486764305424524e-03
-1.8113313721769711e-03
-1.7838950169314853e-03
-1.7549219931357852e-03
-1.7208707677427795e-03
-1.6961734151229361e-03
-1.6679254998188955e-03
-1.6368021305621188e-03
-1.6145762979809951e-03
-1.5867028326417691e-03
-1.5583212516295376e-03
-1.5384468175716332e-03
-1.5107474633246510e-03
-1.4850415704446005e-03
-1.4675163679913224e-03
-1.4399430376579230e-03
-1.4169961003744134e-03
-1.4019966119127925e-03
-1.3747449872012864e-03
-1.3549257838588341e-03
-1.3405243964567225e-03
-1.3167549397646782e-03
-1.3010473746247239e-03
-1.2880888390845479e-03
-1.2700213647311607e-03
-1.2607293692502815e-03
-1.2522459234269305e-03
-1.2437777893545745e-03
-1.2459572896939741e-03
-1.2484868904108946e-03
-1.2579230734376696e-03
-1.2821710307236746e-03
-1.3091921498305948e-03
-1.3534918274541125e-03
-1.4202013950077152e-03
-1.4994308045999634e-03
-1.6119055629065758e-03
-1.7599441629214257e-03
-1.9451157997269364e-03
-2.1887608374705995e-03
-2.4954653389299068e-03
-2.8808888520742934e-03
-3.3703686266153845e-03
-3.9746508828345196e-03
-4.7276064741835723e-03
-5.6632309565442587e-03
-6.8053781563104272e-03
-8.2109504188889130e-03
-9.9269558719733003e-03
-1.2007814267007273e-02
-1.4532023908506773e-02
-1.7572319481720642e-02
-2.1223081016268866e-02
-2.5594884959329715e-02
-3.0797258779136135e-02
-3.6974942129246853e-02
-4.4279656591844040e-02
-5.2873122563558292e-02
-6.2953722838467202e-02
-7.4724969329582724e-02
-8.8414699706097791e-02
-1.0427451162657139e-01
-1.2256304048832989e-01
-1.4356913125884488e-01
-1.6759132087673165e-01
-1.9493718752015837e-01
-2.2593257697117572e-01
-2.6090070225118822e-01
-3.0016660740969903e-01
-3.4404923299343348e-01
-3.9285039067305294e-01
-4.4685011828100663e-01
-5.0629554441273705e-01
-5.7139238913672741e-01
-6.4222748053039991e-01
-7.1885981117589182e-01
-8.0135018216003207e-01
-8.8962109210718499e-01
-9.8351849272746594e-01
-1.0825895424586518e+00
-1.1864482820288911e+00
-1.2947505964755208e+00
-1.4067510376107266e+00
-1.5215235192995689e+00
-1.6386224601849486e+00
-1.7566187988848654e+00
-1.8749772152120967e+00
-1.9921830495358785e+00
-2.1076376579078770e+00
-2.2195544999013124e+00
-2.3274271916758877e+00
-2.4299511848366482e+00
-2.5258496570191311e+00
-2.6145524888084140e+00
-2.6951370827635706e+00
-2.7667962970370721e+00
-2.8287820023833681e+00
-2.8806824194790690e+00
-2.9222531462094192e+00
-2.9532392217456054e+00
-2.9735307189321651e+00
-2.9832136096228812e+00
-2.9823948668422977e+00
-2.9713859440344885e+00
-2.9505410905751925e+00
-2.9203003052545222e+00
-2.8812344415452031e+00
0.0000000000000000e+00
2.4055929233035767e-01
0.0000000000000000e+00
0.0000000000000000e+00
];
