%Vec Object:sol 1 MPI processes
%  type: mpi
sol = [
0.0000000000000000e+00
-9.9363109249470369e+00
-9.1514234135168948e+00
-8.4412714826503201e+00
-7.7943907834394563e+00
-7.2007762397218071e+00
-6.6524672547997472e+00
-6.1439246075252605e+00
-5.6710621871569957e+00
-5.2295381883838461e+00
-4.8165445063704206e+00
-4.4304068095117248e+00
-4.0683206450066276e+00
-3.7277126088669470e+00
-3.4091061672699770e+00
-3.1113360650717432e+00
-2.8316417948839403e+00
-2.5709969594354294e+00
-2.3278193222565564e+00
-2.1016973349243915e+00
-1.8915415772583035e+00
-1.6975509749909306e+00
-1.5179997105436482e+00
-1.3530847012788043e+00
-1.2020938568888828e+00
-1.0638924792113897e+00
-9.3820493513436165e-01
-8.2435625327089579e-01
-7.2162738467369070e-01
-6.2929096610793056e-01
-5.4653648207825212e-01
-4.7280835483479261e-01
-4.0742827403676091e-01
-3.4971866034342930e-01
-2.9898056162939302e-01
-2.5460612045979980e-01
-2.1599178506076172e-01
-1.8252037642973815e-01
-1.5365838458273959e-01
-1.2891261452588010e-01
-1.0777873460142329e-01
-8.9808671195209119e-02
-7.4633914508531060e-02
-6.1872863576357420e-02
-5.1164533045918406e-02
-4.2260404562997261e-02
-3.4893302876033441e-02
-2.8780983088967219e-02
-2.3777048190377757e-02
-1.9705432297390569e-02
-1.6359834348707199e-02
-1.3660081570888938e-02
-1.1499199064988164e-02
-9.7393503571732640e-03
-8.3337809939518954e-03
-7.2279489701379020e-03
-6.3320188341686214e-03
-5.6183973391272304e-03
-5.0672035402820363e-03
-4.6204322576518918e-03
-4.2596382365451633e-03
-3.9865380401952824e-03
-3.7633708144086068e-03
-3.5747084222903947e-03
-3.4350147924310397e-03
-3.3190499611679639e-03
-3.2112497053944293e-03
-3.1331789857649279e-03
-3.0672152404434545e-03
-2.9965051668220458e-03
-2.9462388362248774e-03
-2.9033831729100997e-03
-2.8497944916441964e-03
-2.8121819692357160e-03
-2.7802277285522209e-03
-2.7350738676011239e-03
-2.7036507206590777e-03
-2.6771549234965238e-03
-2.6368149383945508e-03
-2.6089458634022305e-03
-2.5854427638890964e-03
-2.5484543848581388e-03
-2.5231057294967025e-03
-2.5013961671185147e-03
-2.4671706290802860e-03
-2.4439438212072000e-03
-2.4233606683933600e-03
-2.3916457884228617e-03
-2.3703810736417580e-03
-2.3504880957728787e-03
-2.3211552684775719e-03
-2.3017774244252802e-03
-2.2822496357895691e-03
-2.2552145101241649e-03
-2.2376767658089840e-03
-2.2182528932620871e-03
-2.1934456300669982e-03
-2.1777087897606037e-03
-2.1581722483641490e-03
-2.1355290342829842e-03
-2.1215562104097336e-03
-2.1017296121424284e-03
-2.0811894306732048e-03
-2.0689440581746878e-03
-2.0486725110448888e-03
-2.0301759018798091e-03
-2.0196211023349848e-03
-1.9987744706828217e-03
-1.9822646293285976e-03
-1.9733648414350926e-03
-1.9518353342498872e-03
-1.9372592208816413e-03
-1.9275151915156259e-03
-1.9076893586184361e-03
-1.8950045127104154e-03
-1.8839070812573491e-03
-1.8662276783198775e-03
-1.8554218628113058e-03
-1.8429993020180708e-03
-1.8274863228861856e-03
-1.8186350550959661e-03
-1.8050568182177310e-03
-1.7919090488500275e-03
-1.7853383866407060e-03
-1.7711260449118555e-03
-1.7610342011737965e-03
-1.7568052071770788e-03
-1.7443760707994934e-03
-1.7393303738432145e-03
-1.7377155465477545e-03
-1.7334757145082451e-03
-1.7387379461730346e-03
-1.7469944791790246e-03
-1.7606542637329610e-03
-1.7893162606405417e-03
-1.8250657739309125e-03
-1.8799465943725654e-03
-1.9624745128672314e-03
-2.0668355514299576e-03
-2.2160704175120415e-03
-2.4183325472986964e-03
-2.6840095235909022e-03
-3.0424597186020888e-03
-3.5113504033672436e-03
-4.1247649222485566e-03
-4.9277822672973599e-03
-5.9587486714744115e-03
-7.2881233040503011e-03
-8.9896619667091601e-03
-1.1146821984354391e-02
-1.3878574714804841e-02
-1.7311207921242931e-02
-2.1601995281518432e-02
-2.6942134622123057e-02
-3.3540634550861301e-02
-4.1658536865720297e-02
-5.1588585177988380e-02
-6.3659998522989467e-02
-7.8260640800262612e-02
-9.5812544065294061e-02
-1.1679007017898732e-01
-1.4171680222396238e-01
-1.7115029256853698e-01
-2.0569764650167177e-01
-2.4599076858273400e-01
-2.9268099293617938e-01
-3.4642991102993093e-01
-4.0788512666604859e-01
-4.7766270956483792e-01
-5.5632197567404995e-01
-6.4434340605768992e-01
-7.4200873444941839e-01
-8.4948491949942118e-01
-9.6688188939433473e-01
-1.0940316688564915e+00
-1.2304778145027964e+00
-1.3752469497399609e+00
-1.5277551812351422e+00
-1.6865540044301559e+00
-1.8500463132813350e+00
-2.0167137922521841e+00
-2.1842897425036827e+00
-2.3507902568132972e+00
-2.5142566629788288e+00
-2.6717381393651292e+00
-2.8215081385419056e+00
-2.9613746918743415e+00
-3.0892722660846945e+00
-3.2034229458729171e+00
-3.3022442043825251e+00
-3.3845758636033096e+00
-3.4495313880817071e+00
-3.4965627899816982e+00
-3.5255275988418600e+00
-3.5364604482935809e+00
-3.5295234282704997e+00
-3.5054031908672187e+00
-3.4650899707136742e+00
-3.4096673880958153e+00
0.0000000000000000e+00
2.4055929233035767e-01
0.0000000000000000e+00
0.0000000000000000e+00
];
