%Vec Object:sol 1 MPI processes
%  type: mpi
sol = [
0.0000000000000000e+00
-2.3608724301082667e+01
-1.9348615678700597e+01
-1.5865946321168366e+01
-1.2951786142819556e+01
-1.0474572244415063e+01
-8.3616419605143246e+00
-6.5713168827397066e+00
-5.0717055806983931e+00
-3.8359417734137971e+00
-2.8382245496005041e+00
-2.0514677874039635e+00
-1.4469619061512018e+00
-9.9487455979707218e-01
-6.6658408763030796e-01
-4.3509648183149191e-01
-2.7670858514295421e-01
-1.7157071519850955e-01
-1.0380776676736952e-01
-6.1474116419207678e-02
-3.5823382729740068e-02
-2.0650637046276267e-02
-1.1969514985456241e-02
-7.1630006981350585e-03
-4.5311114491352550e-03
-3.1240338086584588e-03
-2.4181588833548360e-03
-2.0601592710964801e-03
-1.8472903512573068e-03
-1.7550713192383499e-03
-1.7271297759003444e-03
-1.6640697636554097e-03
-1.6395142936795248e-03
-1.6472568893809313e-03
-1.6093951737226992e-03
-1.5873819282741209e-03
-1.5919499716622332e-03
-1.5705379839124700e-03
-1.5456974238157303e-03
-1.5454513989384701e-03
-1.5362785804357503e-03
-1.5089334824099985e-03
-1.5046413270003338e-03
-1.5051706436638489e-03
-1.4760176303508794e-03
-1.4685366929169839e-03
-1.4767358288337521e-03
-1.4464174633205249e-03
-1.4365014054313532e-03
-1.4463748018254574e-03
-1.4197352229188809e-03
-1.4079915126419364e-03
-1.4148987417133426e-03
-1.3955376817292369e-03
-1.3824378678094931e-03
-1.3869285550789548e-03
-1.3733584785098800e-03
-1.3592869329945999e-03
-1.3618280881496729e-03
-1.3528014982640026e-03
-1.3380961949380555e-03
-1.3391056332194931e-03
-1.3335971298312653e-03
-1.3185656273650144e-03
-1.3184211881914246e-03
-1.3155838936365640e-03
-1.3004983763525873e-03
-1.2995326130337465e-03
-1.2986492397949042e-03
-1.2837439121784120e-03
-1.2822440129000774e-03
-1.2827100272919832e-03
-1.2681810677904978e-03
-1.2663909740636416e-03
-1.2676945777579779e-03
-1.2537048671077159e-03
-1.2518310364945226e-03
-1.2535386134607850e-03
-1.2402213820433177e-03
-1.2384370912913330e-03
-1.2401810377959633e-03
-1.2276447962608402e-03
-1.2260955792429908e-03
-1.2275652124233518e-03
-1.2158974605437547e-03
-1.2147051715313355e-03
-1.2156387315235620e-03
-1.2049097984041142e-03
-1.2041765460807606e-03
-1.2043544660734586e-03
-1.1946199669931987e-03
-1.1944306935474539e-03
-1.1936695729262321e-03
-1.1849731439008122e-03
-1.1853986714451589e-03
-1.1835463174753732e-03
-1.1759207328848383e-03
-1.1770195151839340e-03
-1.1739530228940037e-03
-1.1674260316322865e-03
-1.1692357487763610e-03
-1.1648408853675550e-03
-1.1594282469984025e-03
-1.1620248166921341e-03
-1.1562807903591186e-03
-1.1520265743106964e-03
-1.1554505904198119e-03
-1.1482904170942668e-03
-1.1452129780359257e-03
-1.1495050350545449e-03
-1.1408928889131012e-03
-1.1390037141873466e-03
-1.1417154375480576e-03
-1.1340880105413500e-03
-1.1333783337631352e-03
-1.1340214995642563e-03
-1.1278303960059733e-03
-1.1282803664239434e-03
-1.1268566783665052e-03
-1.1220688308190183e-03
-1.1236644918960082e-03
-1.1202017262047688e-03
-1.1167977593378395e-03
-1.1195376505476215e-03
-1.1140743515276759e-03
-1.1120419821090096e-03
-1.1149768215897829e-03
-1.1085011090045593e-03
-1.1078210388969392e-03
-1.1084231620190385e-03
-1.1034852923194486e-03
-1.1041285470542066e-03
-1.1024507005905394e-03
-1.0990097294878154e-03
-1.1009476293903700e-03
-1.0970559444057283e-03
-1.0950773488463141e-03
-1.0978775443350108e-03
-1.0922424159587759e-03
-1.0916943810152233e-03
-1.0920771892915485e-03
-1.0880153165141091e-03
-1.0888622697567639e-03
-1.0869015765730976e-03
-1.0843678250233226e-03
-1.0865731800650147e-03
-1.0823454260757543e-03
-1.0812969974573210e-03
-1.0824976849097402e-03
-1.0784021474584292e-03
-1.0787983970346690e-03
-1.0776066892827540e-03
-1.0750656857722936e-03
-1.0768668242308098e-03
-1.0733705178755048e-03
-1.0723388345600857e-03
-1.0734704683978285e-03
-1.0697821736398577e-03
-1.0702165956086207e-03
-1.0689679290737705e-03
-1.0668371829331289e-03
-1.0686982808816902e-03
-1.0651665634408320e-03
-1.0645687228110694e-03
-1.0650737912399474e-03
-1.0622987660442573e-03
-1.0636010315144221e-03
-1.0628791567956750e-03
-1.0643745049164013e-03
-1.0730837320171249e-03
-1.0862432515463783e-03
-1.1248449554001438e-03
-1.2108187389078587e-03
-1.3987827427046141e-03
-1.8056202990579739e-03
-2.6443176967493906e-03
-4.3434346699761459e-03
-7.6791237247295589e-03
-1.4034520801664545e-02
-2.5795847399935370e-02
-4.6889079590958734e-02
-8.3547340450958740e-02
-1.4520053479374531e-01
-2.4541471711998517e-01
-4.0260996350754574e-01
-6.4007817751531781e-01
-9.8470400998899899e-01
-1.4637065633401012e+00
-2.0983774988807800e+00
-2.8968208314736277e+00
-3.8442078866875558e+00
-4.8980860433351037e+00
-5.9861455118940547e+00
-7.0170222768508896e+00
-7.8932582108575771e+00
-8.5335543151311040e+00
-8.8830225359992010e+00
-8.9243093363446260e+00
-8.6729232126505327e+00
0.0000000000000000e+00
2.4055929233035767e-01
0.0000000000000000e+00
0.0000000000000000e+00
];
