%Vec Object:sol 1 MPI processes
%  type: mpi
sol = [
0.0000000000000000e+00
-6.1699644099775126e+00
-5.8556842717568731e+00
-5.5615488743248749e+00
-5.2892740789873400e+00
-5.0308946132264243e+00
-4.7867170790697431e+00
-4.5582562949564460e+00
-4.3392808651170451e+00
-4.1322049538211321e+00
-3.9359006313626188e+00
-3.7470266378288457e+00
-3.5685099432196523e+00
-3.3961172475982053e+00
-3.2321979541721393e+00
-3.0747487011365275e+00
-2.9238400701784903e+00
-2.7789669838728823e+00
-2.6400361808228032e+00
-2.5064529722204130e+00
-2.3782775131301204e+00
-2.2549143152722109e+00
-2.1370028418567113e+00
-2.0228797501271258e+00
-1.9139420349458940e+00
-1.8091647139689722e+00
-1.7084937224354952e+00
-1.6123004179382097e+00
-1.5198039322643844e+00
-1.4312108849879803e+00
-1.3466121790494250e+00
-1.2656716058135182e+00
-1.1881474181692275e+00
-1.1142626883108127e+00
-1.0439276866498852e+00
-9.7683943532031425e-01
-9.1287122728076675e-01
-8.5214755927060182e-01
-7.9455017776769155e-01
-7.3996725603938840e-01
-6.8827746201501783e-01
-6.3927417108412221e-01
-5.9302453460905791e-01
-5.4942858976110698e-01
-5.0838315542985824e-01
-4.6979893737003192e-01
-4.3358030682214621e-01
-3.9961551920995392e-01
-3.6782884645316344e-01
-3.3808768135093437e-01
-3.1030882047253466e-01
-2.8444080181529058e-01
-2.6039447777323738e-01
-2.3805372145515233e-01
-2.1734812764039643e-01
-1.9819786782959548e-01
-1.8049394728308327e-01
-1.6416489840672541e-01
-1.4914181420535891e-01
-1.3532507566365165e-01
-1.2264293147597330e-01
-1.1103825256357104e-01
-1.0042226874118811e-01
-9.0724456687061875e-02
-8.1899709420692315e-02
-7.3870770719972015e-02
-6.6570012621722977e-02
-5.9963971905612604e-02
-5.3986800350909046e-02
-4.8575324961914933e-02
-4.3706793718653034e-02
-3.9326101109574636e-02
-3.5375674054279709e-02
-3.1842192392765180e-02
-2.8680216588011960e-02
-2.5838487523389072e-02
-2.3311623269186576e-02
-2.1062513141192393e-02
-1.9046553689849133e-02
-1.7264719797545520e-02
-1.5686772178899570e-02
-1.4274826805983186e-02
-1.3034654848162434e-02
-1.1941428569393557e-02
-1.0963870131362853e-02
-1.0111093216487536e-02
-9.3623104794396794e-03
-8.6926515397591983e-03
-8.1132851722123516e-03
-7.6062453058694090e-03
-7.1528577699682431e-03
-6.7652624263631628e-03
-6.4272869741007679e-03
-6.1262836479933237e-03
-5.8745009206307378e-03
-5.6567448013338222e-03
-5.4663023722570986e-03
-5.3148975069561757e-03
-5.1877226633817962e-03
-5.0840101245010032e-03
-5.0145560514491920e-03
-4.9645784779061486e-03
-4.9393795139366387e-03
-4.9486591493350888e-03
-4.9775241751656074e-03
-5.0376253395494402e-03
-5.1376251189772723e-03
-5.2626214294047239e-03
-5.4310507595422448e-03
-5.6508379898891061e-03
-5.9074251070889826e-03
-6.2266468143204788e-03
-6.6138028405311623e-03
-7.0626241950942255e-03
-7.5998136755980415e-03
-8.2308416985609253e-03
-8.9600214493643759e-03
-9.8145108918613940e-03
-1.0801544744969388e-02
-1.1937059144831440e-02
-1.3249943679201459e-02
-1.4750566115198512e-02
-1.6467667666590077e-02
-1.8433348758987882e-02
-2.0662679474404803e-02
-2.3198437246423044e-02
-2.6076626276011410e-02
-2.9321374657596981e-02
-3.2987904044712017e-02
-3.7116319726632173e-02
-4.1747979461569371e-02
-4.6942306401194525e-02
-5.2749091349233244e-02
-5.9227447823289987e-02
-6.6445951362116770e-02
-7.4461148113985229e-02
-8.3349079609689028e-02
-9.3184964054603470e-02
-1.0403466516313813e-01
-1.1598766230978091e-01
-1.2912244469291734e-01
-1.4351894763462988e-01
-1.5926874010826178e-01
-1.7645326377748238e-01
-1.9516015800919095e-01
-2.1547803722180017e-01
-2.3748589893824729e-01
-2.6126973458240610e-01
-2.8690711227731158e-01
-3.1446903125081149e-01
-3.4402513999941164e-01
-3.7563431695915955e-01
-4.0934727669964965e-01
-4.4518863430999805e-01
-4.8314309782017467e-01
-5.2327017955264121e-01
-5.6556940233515451e-01
-6.1002776432525407e-01
-6.5660785364318075e-01
-7.0526326743606660e-01
-7.5586352418114022e-01
-8.0824720515805915e-01
-8.6241541730778704e-01
-9.1822966399600148e-01
-9.7554514104053380e-01
-1.0339671427167807e+00
-1.0934543703549686e+00
-1.1538621544792134e+00
-1.2148300239306440e+00
-1.2759846583547778e+00
-1.3373442464761338e+00
-1.3984079600084804e+00
-1.4588787408705124e+00
-1.5187491339172652e+00
-1.5771867864798330e+00
-1.6344768090244526e+00
-1.6898750997370602e+00
-1.7434402781410789e+00
-1.7946076619912470e+00
-1.8434251797758376e+00
-1.8892785503522433e+00
-1.9323993906173393e+00
-1.9720546090376201e+00
-2.0085084292682058e+00
-2.0414704872293941e+00
-2.0706228202388335e+00
-2.0961696227280737e+00
-2.1178698325284055e+00
-2.1355511625350352e+00
-2.1494102393726373e+00
-2.1594476521635833e+00
-2.1653879888178267e+00
-2.1674957658156653e+00
-2.1659009629009351e+00
-2.1606333134435536e+00
-2.1516068653470795e+00
-2.1391034111808880e+00
-2.1232797269164192e+00
-2.1043044160668396e+00
0.0000000000000000e+00
2.4055929233035767e-01
0.0000000000000000e+00
0.0000000000000000e+00
];
