%Vec Object:sol 1 MPI processes
%  type: mpi
sol = [
0.0000000000000000e+00
-1.6518002982372185e+01
-1.4406508555774682e+01
-1.2591662126350228e+01
-1.1007838181213868e+01
-9.6039827838921994e+00
-8.3515160135764290e+00
-7.2297684411491261e+00
-6.2247140711902880e+00
-5.3226681399140583e+00
-4.5177038931384432e+00
-3.8037082562800220e+00
-3.1735131346768322e+00
-2.6226214659482801e+00
-2.1458710621040074e+00
-1.7369044370090390e+00
-1.3905835710227343e+00
-1.1007715582195943e+00
-8.6103182606448458e-01
-6.6553663723313727e-01
-5.0825662977075614e-01
-3.8342333366787473e-01
-2.8575288122628795e-01
-2.1043484452155503e-01
-1.5314617366795780e-01
-1.1020519614634669e-01
-7.8511594731654422e-02
-5.5437079549938324e-02
-3.8847621061339863e-02
-2.7132090828538843e-02
-1.8979874749153691e-02
-1.3323020788929853e-02
-9.5003342945543003e-03
-6.9643552381577533e-03
-5.2454828995193228e-03
-4.1258435255407677e-03
-3.4215030688524318e-03
-2.9465054211535503e-03
-2.6332501199736124e-03
-2.4499192311999997e-03
-2.3239984673147189e-03
-2.2211486616778189e-03
-2.1666430855580942e-03
-2.1323525673360121e-03
-2.0777090814459529e-03
-2.0503123898439235e-03
-2.0419626585988756e-03
-1.9972063270186084e-03
-1.9741410747167393e-03
-1.9717132251051146e-03
-1.9334193590366405e-03
-1.9104766359615483e-03
-1.9065551573989061e-03
-1.8767283822211588e-03
-1.8534693065261844e-03
-1.8480799563189861e-03
-1.8249267428398323e-03
-1.8015441593761273e-03
-1.7950231911145911e-03
-1.7771973069950027e-03
-1.7539419896100716e-03
-1.7466248159688721e-03
-1.7330214197509954e-03
-1.7101203627640433e-03
-1.7023046552128466e-03
-1.6919993303154677e-03
-1.6696483258524066e-03
-1.6615931093931456e-03
-1.6537995194619132e-03
-1.6321666972132687e-03
-1.6240968120912781e-03
-1.6181525640646544e-03
-1.5973791540220639e-03
-1.5894867598061737e-03
-1.5848318441777089e-03
-1.5650347695838067e-03
-1.5574827563826349e-03
-1.5536426926950383e-03
-1.5349160301785783e-03
-1.5278403182892072e-03
-1.5244121864705822e-03
-1.5068304151217261e-03
-1.5003438248449125e-03
-1.4969857282431116e-03
-1.4806060860170606e-03
-1.4748011894989835e-03
-1.4712232516923553e-03
-1.4560887880692803e-03
-1.4510413237532609e-03
-1.4469987316439701e-03
-1.4331407847559807e-03
-1.4289124697171090e-03
-1.4241998365943820e-03
-1.4116412085204613e-03
-1.4082831909535696e-03
-1.4027298733481123e-03
-1.3914859599415998e-03
-1.3890402120979998e-03
-1.3825073558695221e-03
-1.3725893487534229e-03
-1.3710918598618374e-03
-1.3634729175278414e-03
-1.3548887998668933e-03
-1.3543703892402231e-03
-1.3455761319225144e-03
-1.3383300929560059e-03
-1.3388155916225525e-03
-1.3287754036888106e-03
-1.3228674141296246e-03
-1.3243752168665200e-03
-1.3130320594069689e-03
-1.3084558127548255e-03
-1.3085252869087420e-03
-1.2983065990403698e-03
-1.2950500058911537e-03
-1.2931935959269404e-03
-1.2845537929166563e-03
-1.2826006221114479e-03
-1.2788225416605248e-03
-1.2717297359195827e-03
-1.2710430658726809e-03
-1.2653381640176113e-03
-1.2597480168198617e-03
-1.2603442389730270e-03
-1.2527793027972192e-03
-1.2486799630249689e-03
-1.2495801070915090e-03
-1.2411059898800982e-03
-1.2384579924728787e-03
-1.2371240772553892e-03
-1.2302843697028355e-03
-1.2290561320553658e-03
-1.2255394753925811e-03
-1.2202916419811645e-03
-1.2204514318050177e-03
-1.2148129578245345e-03
-1.2111152947259438e-03
-1.2122221730464248e-03
-1.2049226930874615e-03
-1.2027343647978963e-03
-1.2015017214878957e-03
-1.1958505512890639e-03
-1.1951313366996511e-03
-1.1916297827080223e-03
-1.1875798953170911e-03
-1.1882927305414501e-03
-1.1826005728490677e-03
-1.1801162056049438e-03
-1.1799163587855861e-03
-1.1744714390694412e-03
-1.1735936995352289e-03
-1.1712570380919979e-03
-1.1677985486215788e-03
-1.1690917455411500e-03
-1.1658369165349421e-03
-1.1664047236388440e-03
-1.1715835977109004e-03
-1.1763084895905034e-03
-1.1928399197741802e-03
-1.2210425592096060e-03
-1.2712481681063004e-03
-1.3641092302986663e-03
-1.5159715392525986e-03
-1.7764192574996507e-03
-2.2087503081731422e-03
-2.9096788045272497e-03
-4.0407746202262900e-03
-5.8272165549834625e-03
-8.6135939082058483e-03
-1.2896455764296093e-02
-1.9369180619435458e-02
-2.9016638939966373e-02
-4.3166194342322890e-02
-6.3593764129375577e-02
-9.2619211276504965e-02
-1.3318028579296026e-01
-1.8892205530301240e-01
-2.6420633880728961e-01
-3.6407565643193235e-01
-4.9411479375579676e-01
-6.6017867292343013e-01
-8.6796229762095634e-01
-1.1224239433491832e+00
-1.4266743894835667e+00
-1.7819239412423262e+00
-2.1860126521369216e+00
-2.6324863806374017e+00
-3.1110728741174491e+00
-3.6074697237809690e+00
-4.1035924679453375e+00
-4.5796829584057077e+00
-5.0157228443603596e+00
-5.3918867887811244e+00
-5.6934927035811667e+00
-5.9085677430532932e+00
-6.0304385200281256e+00
-6.0576122881555854e+00
-5.9932800236276424e+00
-5.8445958320164948e+00
0.0000000000000000e+00
2.4055929233035767e-01
0.0000000000000000e+00
0.0000000000000000e+00
];
