%Vec Object:sol 1 MPI processes
%  type: mpi
sol = [
0.0000000000000000e+00
-1.0906627059265245e+01
-9.9669742477408434e+00
-9.1242341404263065e+00
-8.3614218735882062e+00
-7.6621079876701970e+00
-7.0203815797686024e+00
-6.4289220064023738e+00
-5.8818420630191017e+00
-5.3735542530899814e+00
-4.9004864657973295e+00
-4.4604625062386711e+00
-4.0494608574227833e+00
-3.6666883635784950e+00
-3.3111258360922600e+00
-2.9810969286544253e+00
-2.6744297722150621e+00
-2.3916200687677116e+00
-2.1304393354838767e+00
-1.8910653214258637e+00
-1.6713299599706732e+00
-1.4713659043442882e+00
-1.2898924058934416e+00
-1.1255562119918470e+00
-9.7784439823892910e-01
-8.4566695095593092e-01
-7.2794979101291524e-01
-6.2352041438107875e-01
-5.3146365298711806e-01
-4.5079683694332257e-01
-3.8050146589167705e-01
-3.1955561804227656e-01
-2.6705067738367100e-01
-2.2208728791032534e-01
-1.8376301809636270e-01
-1.5132447646987662e-01
-1.2404431823743330e-01
-1.0120381910688094e-01
-8.2207140086308195e-02
-6.6525252432076978e-02
-5.3634705071148377e-02
-4.3090777419092730e-02
-3.4549114794749931e-02
-2.7660701273578375e-02
-2.2106601753112819e-02
-1.7691994204489098e-02
-1.4204610759759137e-02
-1.1417862565148894e-02
-9.2449413283021819e-03
-7.5659365468050410e-03
-6.2272233492511788e-03
-5.2000433712009689e-03
-4.4238658800478852e-03
-3.8024930691220242e-03
-3.3273083652979396e-03
-2.9772523437177813e-03
-2.6914236896443838e-03
-2.4675927155757083e-03
-2.3075784006910977e-03
-2.1715481762520461e-03
-2.0564544887851678e-03
-1.9768947868004077e-03
-1.9055840166031790e-03
-1.8357201201009924e-03
-1.7888566060868917e-03
-1.7453488902704338e-03
-1.6941205946110975e-03
-1.6603922118825446e-03
-1.6293270411300873e-03
-1.5862447073570465e-03
-1.5581221919315456e-03
-1.5332233446758358e-03
-1.4943796535458723e-03
-1.4691439793798342e-03
-1.4477624739283419e-03
-1.4117753648137158e-03
-1.3885112806420051e-03
-1.3693935943808382e-03
-1.3357894242649003e-03
-1.3142135665405394e-03
-1.2966417240437653e-03
-1.2652531286206014e-03
-1.2452874486219925e-03
-1.2287644280273731e-03
-1.1995191478144885e-03
-1.1811446521866687e-03
-1.1652818315408004e-03
-1.1381341364178311e-03
-1.1213449200099257e-03
-1.1058211577589167e-03
-1.0807309082875947e-03
-1.0655207563365300e-03
-1.0500654447667972e-03
-1.0269932196648266e-03
-1.0133531857328851e-03
-9.9773714241013518e-04
-9.7664187146492571e-04
-9.6455881752404305e-04
-9.4858896359769111e-04
-9.2942912085024383e-04
-9.1888723336406284e-04
-9.0240580185533300e-04
-8.8513943294794741e-04
-8.7612046699293519e-04
-8.5898981176352673e-04
-8.4357423043173710e-04
-8.3605739020965937e-04
-8.1816239770852875e-04
-8.0455512784156978e-04
-7.9851814775749289e-04
-7.7976274556993254e-04
-7.6792087472632724e-04
-7.6086620036612269e-04
-7.4364740643829746e-04
-7.3352842059003199e-04
-7.2493917215008755e-04
-7.0968522660268870e-04
-7.0124815353869729e-04
-6.9110525471389539e-04
-6.7776231906313035e-04
-6.7097143783579293e-04
-6.5928027657344952e-04
-6.4780895522671732e-04
-6.4264873333233063e-04
-6.2944564758859577e-04
-6.1985312857755839e-04
-6.1542671218134685e-04
-6.0180483892921489e-04
-5.9425198829396106e-04
-5.8831903123287882e-04
-5.7727876382993666e-04
-5.7241186439193855e-04
-5.6602561811319632e-04
-5.5899209994489970e-04
-5.5891052146192608e-04
-5.5520238021382535e-04
-5.5652576230693946e-04
-5.6702529492019458e-04
-5.7525475238202396e-04
-5.9721957839980501e-04
-6.3216021138877258e-04
-6.7934637749059276e-04
-7.5445391550353050e-04
-8.5827805169938422e-04
-1.0044576986597640e-03
-1.2134683772699148e-03
-1.4941615403882807e-03
-1.8823778985484587e-03
-2.4113198389922965e-03
-3.1175431387240535e-03
-4.0672839613173596e-03
-5.3263468789540771e-03
-6.9856051082536983e-03
-9.1641355449506752e-03
-1.1993352192555727e-02
-1.5654248627730273e-02
-2.0358163689271309e-02
-2.6354446827167845e-02
-3.3958371617338945e-02
-4.3528746903473581e-02
-5.5491709727643987e-02
-7.0349915716530750e-02
-8.8666682396983110e-02
-1.1109698544131322e-01
-1.3836562764824534e-01
-1.7127136841074625e-01
-2.1068942731372742e-01
-2.5754550915780344e-01
-3.1281021158697486e-01
-3.7747076289851622e-01
-4.5250059577394369e-01
-5.3882186773099772e-01
-6.3726396257023465e-01
-7.4850886775454384e-01
-8.7289705009392493e-01
-1.0106528120523446e+00
-1.1617292921530245e+00
-1.3256796540476130e+00
-1.5011856855014845e+00
-1.6872233324296275e+00
-1.8818392218797049e+00
-2.0826000532819333e+00
-2.2869393895835493e+00
-2.4920074763963678e+00
-2.6939951053843685e+00
-2.8900554109592207e+00
-3.0766780847384667e+00
-3.2504815859494314e+00
-3.4084231003664933e+00
-3.5477452946176653e+00
-3.6662663189953486e+00
-3.7622602620843195e+00
-3.8345684334783310e+00
-3.8825536360520041e+00
-3.9054997142512864e+00
-3.9043988560671510e+00
-3.8799392981133942e+00
-3.8327928056933356e+00
-3.7651348385433603e+00
0.0000000000000000e+00
2.4055929233035767e-01
0.0000000000000000e+00
0.0000000000000000e+00
];
