%Vec Object:sol 1 MPI processes
%  type: mpi
sol = [
0.0000000000000000e+00
-6.0128967023547428e+00
-5.7133391693433637e+00
-5.4333008207612830e+00
-5.1740679266539180e+00
-4.9261102837437987e+00
-4.6932367777016530e+00
-4.4748224884036985e+00
-4.2642229095025579e+00
-4.0663719924340063e+00
-3.8768720643094388e+00
-3.6962613260495458e+00
-3.5246140284902574e+00
-3.3586425610238386e+00
-3.2015791616574347e+00
-3.0490620612931645e+00
-2.9043070804004132e+00
-2.7638564597594550e+00
-2.6304295462013489e+00
-2.5007987258148101e+00
-2.3771914770322407e+00
-2.2576024707919018e+00
-2.1430837817406885e+00
-2.0327949693436236e+00
-1.9266452769942204e+00
-1.8251261754139598e+00
-1.7269279505742401e+00
-1.6328906330450597e+00
-1.5429667989827562e+00
-1.4561389763660677e+00
-1.3730964295381665e+00
-1.2937728723299018e+00
-1.2176429381844294e+00
-1.1447272409590923e+00
-1.0751982176329993e+00
-1.0088964325096081e+00
-9.4556664482563024e-01
-8.8513244012557435e-01
-8.2768206414060541e-01
-7.7310860787233748e-01
-7.2132338346359959e-01
-6.7223685853317494e-01
-6.2560285053339526e-01
-5.8151602185876838e-01
-5.3988543489226004e-01
-5.0062740851991572e-01
-4.6365509856236592e-01
-4.2886790091350757e-01
-3.9619587896561992e-01
-3.6555560780810453e-01
-3.3682852302555399e-01
-3.0992881494171298e-01
-2.8482253692923593e-01
-2.6140303126642733e-01
-2.3960580977056123e-01
-2.1935741045349078e-01
-2.0055643332365153e-01
-1.8313663393569327e-01
-1.6703391424123312e-01
-1.5215442453440151e-01
-1.3843064479254721e-01
-1.2580874636329342e-01
-1.1420397538280876e-01
-1.0354884082209974e-01
-9.3800127572600256e-02
-8.4883001014876669e-02
-7.6731633072656708e-02
-6.9313235507619739e-02
-6.2563028117666300e-02
-5.6418525268642966e-02
-5.0856678843722247e-02
-4.5822387279086337e-02
-4.1257860420800201e-02
-3.7148779070658999e-02
-3.3448944063416093e-02
-3.0106222052026409e-02
-2.7113789426484829e-02
-2.4433294272028071e-02
-2.2018849099299489e-02
-1.9869774529855663e-02
-1.7954351546396092e-02
-1.6233222553700282e-02
-1.4710478837426598e-02
-1.3359768260078439e-02
-1.2148328461200085e-02
-1.1083707366838606e-02
-1.0143691615660437e-02
-9.3020482264940529e-03
-8.5685900676306173e-03
-7.9241209993418174e-03
-7.3488172520237280e-03
-6.8537322764830487e-03
-6.4217212005092585e-03
-6.0392575475208699e-03
-5.7178067493856583e-03
-5.4414964654670378e-03
-5.2030410286457119e-03
-5.0137032149159639e-03
-4.8583140518150270e-03
-4.7358610270718240e-03
-4.6570133614200881e-03
-4.6069619222436475e-03
-4.5911084239634217e-03
-4.6193719159317338e-03
-4.6771836845608357e-03
-4.7766533386614293e-03
-4.9270220752103402e-03
-5.1140831974470736e-03
-5.3571031527521228e-03
-5.6649588394596401e-03
-6.0241765777135619e-03
-6.4617946141834904e-03
-6.9844472583317548e-03
-7.5873404291451714e-03
-8.2987424391745227e-03
-9.1258334643607997e-03
-1.0074758569057367e-02
-1.1174565655267539e-02
-1.2434531912972537e-02
-1.3872696564557481e-02
-1.5520076908630416e-02
-1.7389317866087037e-02
-1.9511376371644039e-02
-2.1920559419486486e-02
-2.4634276660021638e-02
-2.7697371790540447e-02
-3.1147896611234988e-02
-3.5012080152161291e-02
-3.9346702165309881e-02
-4.4193429242623677e-02
-4.9595144360423137e-02
-5.5614083048218244e-02
-6.2296115530581890e-02
-6.9701812384830919e-02
-7.7899590779027042e-02
-8.6945100060047700e-02
-9.6912257979289360e-02
-1.0787351249138445e-01
-1.1989168940120724e-01
-1.3305136282119939e-01
-1.4742580598670685e-01
-1.6308879210718072e-01
-1.8012399534309928e-01
-1.9860468952618265e-01
-2.1860870630276849e-01
-2.4021355105022024e-01
-2.6348700231983163e-01
-2.8850146370049817e-01
-3.1532057454876317e-01
-3.4400097830759524e-01
-3.7459595319948435e-01
-4.0714868637964480e-01
-4.4168620209702475e-01
-4.7816965387724386e-01
-5.1666643611744101e-01
-5.5717132730648367e-01
-5.9966756875831051e-01
-6.4412768556403810e-01
-6.9049966375340699e-01
-7.3869341747931949e-01
-7.8850967816470652e-01
-8.3996732805380958e-01
-8.9296214605372037e-01
-9.4735093997972741e-01
-1.0028223725743726e+00
-1.0592501863745192e+00
-1.1165435889273667e+00
-1.1745009969160149e+00
-1.2325700647457880e+00
-1.2908618132117358e+00
-1.3491178503342098e+00
-1.4067136387232058e+00
-1.4638271776148450e+00
-1.5199135222198563e+00
-1.5747806920055683e+00
-1.6282783304912520e+00
-1.6798834423138906e+00
-1.7296782394442300e+00
-1.7770712251232732e+00
-1.8221630500572257e+00
-1.8644988081004323e+00
-1.9040240771400629e+00
-1.9405942464570862e+00
-1.9738461004577941e+00
-2.0039720845949054e+00
-2.0305432426600247e+00
-2.0536267993225552e+00
-2.0732768767390182e+00
-2.0891774870128081e+00
-2.1014512163182886e+00
-2.1102173724928752e+00
-2.1153586305378185e+00
-2.1168113873963121e+00
-2.1148702795318965e+00
-2.1095608408569397e+00
-2.1008559412897494e+00
-2.0888730549950014e+00
-2.0738405296687881e+00
-2.0559115483234680e+00
0.0000000000000000e+00
2.4055929233035767e-01
0.0000000000000000e+00
0.0000000000000000e+00
];
