%Vec Object:sol 1 MPI processes
%  type: mpi
sol = [
0.0000000000000000e+00
-1.3407200088026485e+01
-1.2146907181807848e+01
-1.1039112705140397e+01
-1.0083281473881483e+01
-9.2522276900384810e+00
-8.5226831070682412e+00
-7.8768652488406063e+00
-7.3010276146356752e+00
-6.7828745552594754e+00
-6.3134720634873442e+00
-5.8864537534437860e+00
-5.4950804000333111e+00
-5.1331561629588442e+00
-4.7989816088345814e+00
-4.4892933078040844e+00
-4.2011368721095392e+00
-3.9324335200758855e+00
-3.6798670795009989e+00
-3.4433461322757308e+00
-3.2215651504469776e+00
-3.0124036663058522e+00
-2.8155823807446065e+00
-2.6302359046326633e+00
-2.4549272175463304e+00
-2.2901691188340405e+00
-2.1339236270080599e+00
-1.9870537644439441e+00
-1.8480683176649022e+00
-1.7171973635735698e+00
-1.5937384524124754e+00
-1.4773597169413875e+00
-1.3679719456568751e+00
-1.2648805867729436e+00
-1.1680126660973265e+00
-1.0771833716030348e+00
-9.9205046640122185e-01
-9.1215584667355631e-01
-8.3751210102666418e-01
-7.6784836326479955e-01
-7.0292336950028234e-01
-6.4246741762154169e-01
-5.8619951508886192e-01
-5.3401545661678351e-01
-4.8569274530233408e-01
-4.4103017148438217e-01
-3.9982470978314399e-01
-3.6185932170425095e-01
-3.2696457147918823e-01
-2.9495663861826926e-01
-2.6560525343505215e-01
-2.3877787135382164e-01
-2.1432568182192979e-01
-1.9205656360533180e-01
-1.7183604609489073e-01
-1.5352326250306472e-01
-1.3694867545018505e-01
-1.2199000181179222e-01
-1.0853214852192422e-01
-9.6429751009130066e-02
-8.5572759928420686e-02
-7.5871329638025287e-02
-6.7204257828602301e-02
-5.9474013376518454e-02
-5.2614310224979775e-02
-4.6526754922205919e-02
-4.1126345260422241e-02
-3.6367737537407033e-02
-3.2172958485939367e-02
-2.8469151205084333e-02
-2.5228692531892201e-02
-2.2391065809162312e-02
-1.9894717806405803e-02
-1.7726332430386581e-02
-1.5839668999826653e-02
-1.4183361885524099e-02
-1.2755077950607143e-02
-1.1519742508772227e-02
-1.0434979383135838e-02
-9.5064056986396261e-03
-8.7072736638458929e-03
-8.0030706100713660e-03
-7.4047411027914995e-03
-6.8914098938266137e-03
-6.4354723279747526e-03
-6.0510337630347941e-03
-5.7210638173145955e-03
-5.4241255796678295e-03
-5.1757665150730728e-03
-4.9611902024579088e-03
-4.7646061075472743e-03
-4.6016904124127249e-03
-4.4586452020238219e-03
-4.3250016133939886e-03
-4.2155978347359476e-03
-4.1167188621582104e-03
-4.0230557206024494e-03
-3.9479285386102587e-03
-3.8770561721526964e-03
-3.8102549685177498e-03
-3.7588800957857127e-03
-3.7076577211762069e-03
-3.6615885028268612e-03
-3.6298139693127416e-03
-3.5958196314348845e-03
-3.5699520383971634e-03
-3.5590538039214038e-03
-3.5452907952160731e-03
-3.5446081174564208e-03
-3.5616287234864962e-03
-3.5772899751213547e-03
-3.6134964042571762e-03
-3.6703926034187236e-03
-3.7355202346507051e-03
-3.8296883441025415e-03
-3.9510510065916635e-03
-4.0957493463720570e-03
-4.2826889251701677e-03
-4.5092592718395620e-03
-4.7809363939887058e-03
-5.1156749780400246e-03
-5.5111386893067363e-03
-5.9831302206189542e-03
-6.5499337703587637e-03
-7.2108666956665571e-03
-7.9933591379331322e-03
-8.9166964864597163e-03
-9.9864598379278708e-03
-1.1240430540181767e-02
-1.2699326981864415e-02
-1.4384553008629944e-02
-1.6338554360096721e-02
-1.8588370002212917e-02
-2.1173047279538507e-02
-2.4141986398570195e-02
-2.7530905679957120e-02
-3.1398152594934968e-02
-3.5801828327101846e-02
-4.0789623205822058e-02
-4.6439018507121552e-02
-5.2815876392286208e-02
-5.9989910993789738e-02
-6.8048747135357551e-02
-7.7069749565444171e-02
-8.7143145477541373e-02
-9.8365704027637529e-02
-1.1082484104229652e-01
-1.2462705846489626e-01
-1.3987312416845402e-01
-1.5665643890594319e-01
-1.7508258789758466e-01
-1.9525626101274621e-01
-2.1727783571608913e-01
-2.4124701152184613e-01
-2.6725185872328905e-01
-2.9538037619471136e-01
-3.2570897824273676e-01
-3.5830257878576693e-01
-3.9321609141367242e-01
-4.3048900062328954e-01
-4.7014419753987757e-01
-5.1217496167865051e-01
-5.5650157383554433e-01
-6.0314223424017832e-01
-6.5203480513589296e-01
-7.0309502184524120e-01
-7.5620454635621137e-01
-8.1114932768353998e-01
-8.6773494276632590e-01
-9.2584699402305548e-01
-9.8528379831042612e-01
-1.0456487434376658e+00
-1.1066877122372314e+00
-1.1682356134848426e+00
-1.2298385480395710e+00
-1.2911286032244391e+00
-1.3519670611795529e+00
-1.4116967217184748e+00
-1.4702232676702784e+00
-1.5270607486229224e+00
-1.5818674169335263e+00
-1.6343716122178324e+00
-1.6841332536565696e+00
-1.7309642315216105e+00
-1.7745286711735428e+00
-1.8145194069811865e+00
-1.8509355865184918e+00
-1.8831530473924971e+00
-1.9114442684010171e+00
-1.9354827254072835e+00
-1.9550869097552854e+00
-1.9704170529976550e+00
-1.9813032978020242e+00
-1.9876818236645619e+00
-1.9897608885636224e+00
-1.9876178874679953e+00
-1.9810589958797413e+00
-1.9704741567297512e+00
-1.9560282436321195e+00
0.0000000000000000e+00
1.3464638167935297e-01
0.0000000000000000e+00
0.0000000000000000e+00
];
