%Vec Object:sol 1 MPI processes
%  type: mpi
sol = [
0.0000000000000000e+00
-8.6827300953126088e+00
-8.0787575624091623e+00
-7.5260574901201167e+00
-7.0181785205304106e+00
-6.5488531438886248e+00
-6.1111151690411809e+00
-5.7023885302634527e+00
-5.3205463891084941e+00
-4.9622589779331427e+00
-4.6253749201008487e+00
-4.3086746021192468e+00
-4.0079890858355789e+00
-3.7244280888291552e+00
-3.4572142217264092e+00
-3.2038752887195017e+00
-2.9645912621047592e+00
-2.7388930841209937e+00
-2.5253704908356971e+00
-2.3246323869622527e+00
-2.1349052088238261e+00
-1.9570877287259003e+00
-1.7899598932994480e+00
-1.6333162280749016e+00
-1.4871958993483867e+00
-1.3505390649082218e+00
-1.2234302335029392e+00
-1.1055676054663024e+00
-9.9646224073522183e-01
-8.9553190390424753e-01
-8.0267230990531568e-01
-7.1748003134276295e-01
-6.3953589092130236e-01
-5.6844132690272531e-01
-5.0372713039278960e-01
-4.4503660217217600e-01
-3.9204038040775835e-01
-3.4432578964743971e-01
-3.0151989808006813e-01
-2.6326463262774069e-01
-2.2917958325040644e-01
-1.9891118130140178e-01
-1.7215295234305802e-01
-1.4857467160242940e-01
-1.2784878699189928e-01
-1.0973110412987865e-01
-9.3951667774490710e-02
-8.0216742192660007e-02
-6.8347236150203119e-02
-5.8132042033592644e-02
-4.9326751483342944e-02
-4.1801984648294661e-02
-3.5402104740534970e-02
-2.9941222489401120e-02
-2.5321477373153690e-02
-2.1439249824539430e-02
-1.8158648023573500e-02
-1.5407188598475651e-02
-1.3123082958715837e-02
-1.1210306419948489e-02
-9.6152263122169495e-03
-8.3075533706575919e-03
-7.2212439467541330e-03
-6.3156099999823424e-03
-5.5826886387955596e-03
-4.9778523886330542e-03
-4.4686830779093138e-03
-4.0621179745704743e-03
-3.7281265288262458e-03
-3.4393058390640011e-03
-3.2118826606200492e-03
-3.0253470130492321e-03
-2.8553173473044348e-03
-2.7233116329021330e-03
-2.6147441991852195e-03
-2.5072540574671886e-03
-2.4249183062394247e-03
-2.3566149937332861e-03
-2.2816950740974598e-03
-2.2249818847150959e-03
-2.1771662186285982e-03
-2.1194314690628950e-03
-2.0761605539161877e-03
-2.0387515349171120e-03
-1.9905699399717070e-03
-1.9547804712470797e-03
-1.9227367166378888e-03
-1.8804310886384895e-03
-1.8492907989500768e-03
-1.8200977242600826e-03
-1.7819291303113488e-03
-1.7541179189419613e-03
-1.7264899498300385e-03
-1.6916347225756300e-03
-1.6665368504638557e-03
-1.6397744665912590e-03
-1.6078255541318370e-03
-1.5851415420886101e-03
-1.5588264236558725e-03
-1.5295639436349608e-03
-1.5091358129439201e-03
-1.4829967110193431e-03
-1.4562885538467712e-03
-1.4380276963856364e-03
-1.4118747597192214e-03
-1.3876442228010931e-03
-1.3715152870735540e-03
-1.3452415233752427e-03
-1.3234823253465153e-03
-1.3095347056848096e-03
-1.2831617963906497e-03
-1.2640095588317688e-03
-1.2500071094060652e-03
-1.2262932309687184e-03
-1.2102091931627183e-03
-1.1963228570860966e-03
-1.1766244926107098e-03
-1.1648120909512026e-03
-1.1526785014499014e-03
-1.1391320473247599e-03
-1.1344363114584822e-03
-1.1278308152308316e-03
-1.1253066017200125e-03
-1.1340755091785836e-03
-1.1412454176403088e-03
-1.1602961560327504e-03
-1.1951166028898086e-03
-1.2343159477153950e-03
-1.2968451387163815e-03
-1.3829027807102977e-03
-1.4915533914866576e-03
-1.6412161186881182e-03
-1.8330486575426873e-03
-2.0787525128520296e-03
-2.3991216221096192e-03
-2.7996716696849673e-03
-3.3083903266477219e-03
-3.9526425775367798e-03
-4.7488167236745772e-03
-5.7456753901904698e-03
-6.9812243657023463e-03
-8.5001103795484655e-03
-1.0370467979504288e-02
-1.2653915087453369e-02
-1.5433352513634507e-02
-1.8807640182253855e-02
-2.2874291272996946e-02
-2.7766651786928380e-02
-3.3625501880723996e-02
-4.0604511303531529e-02
-4.8892569985879722e-02
-5.8685453992033329e-02
-7.0209014118064586e-02
-8.3715369590987215e-02
-9.9467209056196645e-02
-1.1776342435674932e-01
-1.3891801657714989e-01
-1.6326014299992300e-01
-1.9114572644220276e-01
-2.2293473761785257e-01
-2.5899789352259317e-01
-2.9970871876341765e-01
-3.4543043314797506e-01
-3.9651461518461717e-01
-4.5328595860087323e-01
-5.1603342765355964e-01
-5.8499497983777171e-01
-6.6029353785184663e-01
-7.4198312947499467e-01
-8.3013589510085461e-01
-9.2467479308679146e-01
-1.0253932047352179e+00
-1.1317627882030707e+00
-1.2433880799983659e+00
-1.3598049496677778e+00
-1.4800653204135963e+00
-1.6032987853137193e+00
-1.7287971596914569e+00
-1.8549020552429565e+00
-1.9811126139794966e+00
-2.1054909238206072e+00
-2.2273354015213473e+00
-2.3451095081815629e+00
-2.4574349183144801e+00
-2.5633993071971286e+00
-2.6618375573355197e+00
-2.7514003728447616e+00
-2.8313744268675403e+00
-2.9011188163320281e+00
-2.9599364635291923e+00
-3.0073949131321891e+00
-3.0431788028020348e+00
-3.0671398375753425e+00
-3.0793507892213263e+00
-3.0799239145521913e+00
-3.0691988396069600e+00
-3.0475731528511183e+00
-3.0155450370174162e+00
-2.9737579887286154e+00
0.0000000000000000e+00
2.4055929233035767e-01
0.0000000000000000e+00
0.0000000000000000e+00
];
