%Vec Object:sol 1 MPI processes
%  type: mpi
sol = [
0.0000000000000000e+00
-8.8742197604095168e+00
-8.2439577589934405e+00
-7.6681345144780853e+00
-7.1396967764720900e+00
-6.6519009480330888e+00
-6.1990960453577681e+00
-5.7759155782382336e+00
-5.3801744646298886e+00
-5.0090834813379903e+00
-4.6604475259810805e+00
-4.3329564430054894e+00
-4.0239624470630515e+00
-3.7311734218102690e+00
-3.4556192338806064e+00
-3.1959170574743196e+00
-2.9497135769586147e+00
-2.7183467753986581e+00
-2.4998761213038208e+00
-2.2946802151735648e+00
-2.1013603287605425e+00
-1.9206282541118942e+00
-1.7507558350902379e+00
-1.5923513140203056e+00
-1.4446638672087564e+00
-1.3071058546002772e+00
-1.1796339204055382e+00
-1.0617958664205300e+00
-9.5286204988685086e-01
-8.5267874307267855e-01
-7.6085659381312054e-01
-6.7695000521538673e-01
-6.0050733340841400e-01
-5.3106047069793194e-01
-4.6813073757032697e-01
-4.1139254410335968e-01
-3.6042163578522962e-01
-3.1477274943212297e-01
-2.7404620428147075e-01
-2.3785989861276177e-01
-2.0580966599581899e-01
-1.7752209574629924e-01
-1.5267567231340282e-01
-1.3092601629868073e-01
-1.1193395543344155e-01
-9.5448792373870300e-02
-8.1194991042859266e-02
-6.8874657676880113e-02
-5.8308928777442592e-02
-4.9287463039588246e-02
-4.1567423083373328e-02
-3.5023833789983139e-02
-2.9505754776557480e-02
-2.4832322302949485e-02
-2.0912018031325811e-02
-1.7647682925882330e-02
-1.4909754522941316e-02
-1.2632447129922028e-02
-1.0760546411616867e-02
-9.2041922783879116e-03
-7.9157701136053291e-03
-6.8707140860992154e-03
-6.0081850724721768e-03
-5.2923375152958609e-03
-4.7196874441999348e-03
-4.2495805141395870e-03
-3.8531736307181536e-03
-3.5406297891812529e-03
-3.2847190001526663e-03
-3.0604925849030597e-03
-2.8863446179183982e-03
-2.7436096190929737e-03
-2.6094863983765508e-03
-2.5068631085231499e-03
-2.4222978038589893e-03
-2.3343896569409297e-03
-2.2680358857283009e-03
-2.2127856630443565e-03
-2.1485425531879718e-03
-2.1005970178049481e-03
-2.0600138514202549e-03
-2.0082785650704115e-03
-1.9700285444845481e-03
-1.9368602484327595e-03
-1.8922963992034419e-03
-1.8596350995360299e-03
-1.8303301953646104e-03
-1.7904520638986115e-03
-1.7614958217215435e-03
-1.7342914954738000e-03
-1.6979533208037003e-03
-1.6718482338213183e-03
-1.6458238266452688e-03
-1.6124865155003976e-03
-1.5888380426927655e-03
-1.5634653694591803e-03
-1.5328541475205743e-03
-1.5114645993154195e-03
-1.4864032955245257e-03
-1.4583575728947095e-03
-1.4391135549562232e-03
-1.4141251343127920e-03
-1.3885357925847157e-03
-1.3713632447909711e-03
-1.3462645951493723e-03
-1.3230538568764908e-03
-1.3079079393460082e-03
-1.2825728520218472e-03
-1.2617033858134544e-03
-1.2485876396057278e-03
-1.2229730311706889e-03
-1.2044913069269346e-03
-1.1910485836590203e-03
-1.1677515942894565e-03
-1.1519049111325937e-03
-1.1380246132720667e-03
-1.1180337872860968e-03
-1.1055473537867882e-03
-1.0922480381192353e-03
-1.0769051842851925e-03
-1.0696079202053624e-03
-1.0593720439310804e-03
-1.0519109882286388e-03
-1.0540901007370937e-03
-1.0525828740037444e-03
-1.0603384042813437e-03
-1.0805912619646792e-03
-1.1011468080921009e-03
-1.1399886759505754e-03
-1.1961405409486154e-03
-1.2672551464594651e-03
-1.3700756416933594e-03
-1.5037608407040377e-03
-1.6776636894775977e-03
-1.9098345482932298e-03
-2.2025797604979338e-03
-2.5802079852296545e-03
-3.0658648172595957e-03
-3.6711094079826864e-03
-4.4393242414316929e-03
-5.4024614048341097e-03
-6.5984642935905677e-03
-8.0881888939912886e-03
-9.9252922446356612e-03
-1.2184229775511823e-02
-1.4954990956388227e-02
-1.8325753724511871e-02
-2.2420587561012437e-02
-2.7370975148825465e-02
-3.3321548412984889e-02
-4.0454108174047869e-02
-4.8957396855007905e-02
-5.9049708784547822e-02
-7.0981089869648753e-02
-8.5013226048005389e-02
-1.0144787744417455e-01
-1.2060559288723066e-01
-1.4282637294468631e-01
-1.6848300338884414e-01
-1.9795739511952448e-01
-2.3164896535089136e-01
-2.6996694054949805e-01
-3.1331608317514853e-01
-3.6209775994667548e-01
-4.1669209100083771e-01
-4.7744897570543027e-01
-5.4467316356793405e-01
-6.1861549524679482e-01
-6.9934715562320626e-01
-7.8697552785762104e-01
-8.8152282287377237e-01
-9.8284551047175917e-01
-1.0906811799510316e+00
-1.2042819904790212e+00
-1.3233898354196771e+00
-1.4473523087579259e+00
-1.5747623437523450e+00
-1.7051606488115898e+00
-1.8370352616215644e+00
-1.9693286013002778e+00
-2.1005144870267669e+00
-2.2295675698438036e+00
-2.3544462315056904e+00
-2.4743765740347965e+00
-2.5878965780571921e+00
-2.6933246882304545e+00
-2.7898339088997788e+00
-2.8764020159402865e+00
-2.9521490664270429e+00
-3.0162855138540086e+00
-3.0683019781077090e+00
-3.1078255195433515e+00
-3.1346716635395357e+00
-3.1488974730083541e+00
-3.1506149094652303e+00
-3.1401838152776698e+00
-3.1180341957196092e+00
-3.0847081482115599e+00
-3.0409050709688685e+00
0.0000000000000000e+00
2.4055929233035767e-01
0.0000000000000000e+00
0.0000000000000000e+00
];
