%Vec Object:sol 1 MPI processes
%  type: mpi
sol = [
0.0000000000000000e+00
-9.7966889576206135e+00
-9.0329677243823330e+00
-8.3410385709280117e+00
-7.7101317620833125e+00
-7.1307183325438972e+00
-6.5951727518177323e+00
-6.0981859173795181e+00
-5.6358318569079557e+00
-5.2038618208248710e+00
-4.7995513839252366e+00
-4.4212840396219519e+00
-4.0652832273403554e+00
-3.7311623502179287e+00
-3.4183049732401516e+00
-3.1250056774519264e+00
-2.8495508132417613e+00
-2.5926098107911963e+00
-2.3520808517652974e+00
-2.1285450300748119e+00
-1.9200707586097769e+00
-1.7273327977902972e+00
-1.5487852187062159e+00
-1.3841896448226882e+00
-1.2331536291142715e+00
-1.0947293634038286e+00
-9.6833461787496944e-01
-8.5352483251079048e-01
-7.4962197738343539e-01
-6.5593903600956927e-01
-5.7173554165914475e-01
-4.9638860951811326e-01
-4.2932369185764080e-01
-3.6989466638353141e-01
-3.1743341692654914e-01
-2.7135579138547811e-01
-2.3108020096082138e-01
-1.9600931884143416e-01
-1.6562422190842138e-01
-1.3944277961346946e-01
-1.1696952709583856e-01
-9.7761799223230889e-02
-8.1453048903097472e-02
-6.7662073374981868e-02
-5.6026358628755976e-02
-4.6293416600056161e-02
-3.8191347859404624e-02
-3.1432432008657925e-02
-2.5863527220180427e-02
-2.1301774721323271e-02
-1.7534042169229370e-02
-1.4473070528130298e-02
-1.2005135011038094e-02
-9.9859982148732193e-03
-8.3628340687821653e-03
-7.0755199013222666e-03
-6.0291306115915618e-03
-5.1915001124009201e-03
-4.5386850610236538e-03
-4.0090752165093920e-03
-3.5811084463087334e-03
-3.2538277014836012e-03
-2.9871429586997927e-03
-2.7636696455468090e-03
-2.5962606581577171e-03
-2.4582837562250066e-03
-2.3330290315842633e-03
-2.2411693548703331e-03
-2.1643041423290380e-03
-2.0849459119919736e-03
-2.0278340018900602e-03
-1.9795249174640759e-03
-1.9215369162400933e-03
-1.8803778143615174e-03
-1.8455226542752100e-03
-1.7979346657480660e-03
-1.7644734171494115e-03
-1.7362331725216144e-03
-1.6943440069724701e-03
-1.6651136655786113e-03
-1.6403851315506901e-03
-1.6022479319527806e-03
-1.5758478667232507e-03
-1.5531545327451375e-03
-1.5179730029191171e-03
-1.4938495465525493e-03
-1.4724080371066517e-03
-1.4398440612313447e-03
-1.4177736561134763e-03
-1.3970997045372330e-03
-1.3669893100019491e-03
-1.3468702607919102e-03
-1.3266183441920075e-03
-1.2988618757732264e-03
-1.2806355508156583e-03
-1.2605345214563807e-03
-1.2350544973001208e-03
-1.2186753784534819e-03
-1.1985028449011295e-03
-1.1752307375115579e-03
-1.1606577618022270e-03
-1.1402321751195082e-03
-1.1191034741523823e-03
-1.1062968653419369e-03
-1.0854600167185761e-03
-1.0664124782983637e-03
-1.0553328400535616e-03
-1.0339520729689693e-03
-1.0169269973359190e-03
-1.0075373549692668e-03
-9.8550382653365075e-04
-9.7044821297557972e-04
-9.6024565823676618e-04
-9.3995351596786651e-04
-9.2683015504509765e-04
-9.1531297913991872e-04
-8.9721906365358760e-04
-8.8603529442915919e-04
-8.7326015050501941e-04
-8.5742526101935293e-04
-8.4831437498503897e-04
-8.3453157236378886e-04
-8.2126696923515532e-04
-8.1471012388545675e-04
-8.0065352504169027e-04
-7.9093873838506125e-04
-7.8738529088416098e-04
-7.7599826457631156e-04
-7.7252285771389946e-04
-7.7316735013139919e-04
-7.7208350850008016e-04
-7.8170959056621800e-04
-7.9589163295421927e-04
-8.1751321117116407e-04
-8.5678970821297074e-04
-9.0654171286838560e-04
-9.7977877599994480e-04
-1.0862032341438005e-03
-1.2214322923602557e-03
-1.4103173082661382e-03
-1.6631718664521801e-03
-1.9929866158399710e-03
-2.4322568009100508e-03
-3.0023362847724517e-03
-3.7416489799590225e-03
-4.7003199667906065e-03
-5.9224885683811625e-03
-7.4852114440953970e-03
-9.4696543050284618e-03
-1.1967538254059948e-02
-1.5107289202541252e-02
-1.9024595186355207e-02
-2.3887039328395664e-02
-2.9896469477188738e-02
-3.7272750471607947e-02
-4.6286816696489985e-02
-5.7239354119022742e-02
-7.0469259257228981e-02
-8.6370428828924664e-02
-1.0536845009170462e-01
-1.2793753824839901e-01
-1.5459657072700178e-01
-1.8589346463678574e-01
-2.2241879447217874e-01
-2.6478117915405969e-01
-3.1360097277637600e-01
-3.6949986622040104e-01
-4.3307778914240985e-01
-5.0489415677241667e-01
-5.8544396970439827e-01
-6.7513776291538918e-01
-7.7414609027719450e-01
-8.8261685028638592e-01
-1.0005610961625231e+00
-1.1277386706027894e+00
-1.2635294303277360e+00
-1.4070904660995902e+00
-1.5577242818054131e+00
-1.7138089548936122e+00
-1.8740719774097823e+00
-2.0366684561056321e+00
-2.1998214903391049e+00
-2.3611803298090752e+00
-2.5190871036930815e+00
-2.6710226107313173e+00
-2.8148414840012475e+00
-2.9487883943915634e+00
-3.0709405334781779e+00
-3.1796684712768339e+00
-3.2735121072548772e+00
-3.3514176450882140e+00
-3.4125863732561816e+00
-3.4565409581634676e+00
-3.4831772711631981e+00
-3.4925479924193472e+00
-3.4847221032274245e+00
-3.4605867278389351e+00
-3.4209639899743971e+00
-3.3668845764951496e+00
0.0000000000000000e+00
2.4055929233035767e-01
0.0000000000000000e+00
0.0000000000000000e+00
];
