%Vec Object:sol 1 MPI processes
%  type: mpi
sol = [
0.0000000000000000e+00
-3.5268020989215309e+01
-2.5775367254086035e+01
-1.8639704574118955e+01
-1.3123402338953767e+01
-8.8922130810062150e+00
-5.7500340579254159e+00
-3.5284142706330375e+00
-2.0466788752357847e+00
-1.1194776586525277e+00
-5.7706374321317966e-01
-2.8039701313203608e-01
-1.2862664180155747e-01
-5.5897968119632914e-02
-2.3125837209299126e-02
-9.1961536960475827e-03
-3.6378811721697393e-03
-1.5465042962127834e-03
-7.3984100206569514e-04
-4.7203856620419213e-04
-4.1748381583688960e-04
-3.4757848680961424e-04
-3.2176763659284299e-04
-3.3720996778948098e-04
-3.1933899324411593e-04
-2.9349325865171602e-04
-3.0083330781184337e-04
-3.0417691245516798e-04
-2.7236177360976830e-04
-2.7142528364302096e-04
-2.9114408765071537e-04
-2.5489692063612577e-04
-2.4755002833443660e-04
-2.6808846360932653e-04
-2.4082434738151930e-04
-2.2837832372839490e-04
-2.4194857951930353e-04
-2.2905148595665344e-04
-2.1235848974115516e-04
-2.1998319742272353e-04
-2.1835974330917344e-04
-1.9824440969997523e-04
-2.0096603201541147e-04
-2.0828021693048988e-04
-1.8563922276941907e-04
-1.8452436634347922e-04
-1.9895414679021200e-04
-1.7464090694899496e-04
-1.7063376530942063e-04
-1.8632349917364660e-04
-1.6529365121022450e-04
-1.5905008926630056e-04
-1.7134803884786434e-04
-1.5717191984606534e-04
-1.4911315953514441e-04
-1.5852419842008126e-04
-1.4968602381731119e-04
-1.4019957606983737e-04
-1.4722114473429983e-04
-1.4252140275767262e-04
-1.3200870009527502e-04
-1.3712651278818095e-04
-1.3560308970888367e-04
-1.2443229470371171e-04
-1.2807821513332535e-04
-1.2892913846485315e-04
-1.1741369227459831e-04
-1.1995685789021605e-04
-1.2249560500328445e-04
-1.1089945888570765e-04
-1.1265466246067914e-04
-1.1630075779179346e-04
-1.0484430300030638e-04
-1.0607860499973870e-04
-1.1034085620066116e-04
-9.9208100220022808e-05
-1.0014844494131360e-04
-1.0461179259068536e-04
-9.3955126540808923e-05
-9.4793517459293973e-05
-9.9107472656752941e-05
-8.9053018854847672e-05
-8.9952141896353549e-05
-9.3821646400227813e-05
-8.4472778383124341e-05
-8.5569801573804342e-05
-8.8746948770097433e-05
-8.0187953743992131e-05
-8.1598401446100334e-05
-8.3875763633867897e-05
-7.6174494456920781e-05
-7.7995114899288192e-05
-7.9200027155932234e-05
-7.2410928869336909e-05
-7.4722889886034456e-05
-7.4712363446974067e-05
-6.8877094605610914e-05
-7.1746823591226075e-05
-7.0404087109396653e-05
-6.5554509000398528e-05
-6.9037194015288193e-05
-6.6273443497726493e-05
-6.2435486577044492e-05
-6.6581303552561700e-05
-6.2329808314809515e-05
-5.9536571407745854e-05
-6.4408278362104821e-05
-5.8646885757897165e-05
-5.6957302100433235e-05
-6.2638654622354715e-05
-5.5374250882044139e-05
-5.4835245105905745e-05
-5.8892734970554968e-05
-5.2568689474227564e-05
-5.3154402754981282e-05
-5.5068443189226470e-05
-5.0101743468594604e-05
-5.1758515839050953e-05
-5.1504161491768322e-05
-4.7845307678231078e-05
-5.0554243194581285e-05
-4.8166160562401237e-05
-4.5814604570460635e-05
-4.9604387837330910e-05
-4.5160489431669205e-05
-4.4148253314763430e-05
-4.8109854035258877e-05
-4.2632859484149631e-05
-4.2955313967995209e-05
-4.4547837526291042e-05
-4.0566239029455569e-05
-4.2153585290918326e-05
-4.1387366814017524e-05
-3.8828205404987027e-05
-4.1639599721695108e-05
-3.8592417301087849e-05
-3.7453887694384317e-05
-4.1101104826671965e-05
-3.6289129676110274e-05
-3.6570552666672555e-05
-3.7774654230660058e-05
-3.4507921910408663e-05
-3.6143575980298480e-05
-3.4946238740600057e-05
-3.3158273765842146e-05
-3.6108784776403815e-05
-3.2601478628131691e-05
-3.2274107158750816e-05
-3.4194067384654556e-05
-3.0795544329379760e-05
-3.1888806298921297e-05
-3.1377922675563348e-05
-2.9502203049645114e-05
-3.1968771271404744e-05
-2.9115530649223671e-05
-2.8725080619257245e-05
-3.0495635896234549e-05
-2.7425586309480410e-05
-2.8479445640307164e-05
-2.7836573980058367e-05
-2.6300267189155812e-05
-2.8756936329920777e-05
-2.5795047347693233e-05
-2.5752383345790458e-05
-2.6765802788548910e-05
-2.4371024666964937e-05
-2.5770397316208192e-05
-2.4419304427442911e-05
-2.3541859002873661e-05
-2.5736065674761577e-05
-2.2724587315801923e-05
-2.3329542477036188e-05
-2.3159009870085445e-05
-2.1697897083191571e-05
-2.3750256178991199e-05
-2.1351111561593770e-05
-2.1591512923376241e-05
-2.3056283127050078e-05
-2.4357134198923598e-05
-3.7408061845378738e-05
-7.6288013608070209e-05
-2.1136030442428025e-04
-6.4357891439996765e-04
-1.9453847038503702e-03
-5.6846397447597383e-03
-1.5813900332789222e-02
-4.1682959755880739e-02
-1.0371223181356887e-01
-2.4274417169307738e-01
-5.3248583344112743e-01
-1.0897461957800978e+00
-2.0690066686484587e+00
-3.6187098036168872e+00
-5.7860276155130377e+00
-8.3980698700348260e+00
-1.1016913487434119e+01
-1.3060567834932963e+01
-1.4057399363160725e+01
-1.3839574179043248e+01
0.0000000000000000e+00
2.4055929233035767e-01
0.0000000000000000e+00
0.0000000000000000e+00
];
