%Vec Object:sol 1 MPI processes
%  type: mpi
sol = [
0.0000000000000000e+00
-6.4082146459622633e+00
-6.0709741477210182e+00
-5.7548992669468300e+00
-5.4623800460546823e+00
-5.1878951608746000e+00
-4.9262379451622698e+00
-4.6815252950115633e+00
-4.4502605219330089e+00
-4.2288125244841250e+00
-4.0200410866640928e+00
-3.8203650121013211e+00
-3.6299497152466853e+00
-3.4488617555819143e+00
-3.2742570207422994e+00
-3.1087646601362282e+00
-2.9486577210349996e+00
-2.7964269506934523e+00
-2.6496310308329862e+00
-2.5097197407992882e+00
-2.3745215446843595e+00
-2.2459061148645127e+00
-2.1216299709904454e+00
-2.0029637649701817e+00
-1.8891597537785147e+00
-1.7799938258489729e+00
-1.6758177820956333e+00
-1.5757365711702547e+00
-1.4801784541726573e+00
-1.3890832535853359e+00
-1.3019107086111852e+00
-1.2187738078522246e+00
-1.1396994777079157e+00
-1.0645405028923114e+00
-9.9291684931951996e-01
-9.2492606992516568e-01
-8.6052625817283357e-01
-7.9960494322634579e-01
-7.4203449461116378e-01
-6.8756063387028210e-01
-6.3618302994478360e-01
-5.8784368641863705e-01
-5.4242802123010025e-01
-4.9982019289329449e-01
-4.5989968948291782e-01
-4.2256626255869328e-01
-3.8770889011335063e-01
-3.5515681660269094e-01
-3.2485438454699289e-01
-2.9671741849885808e-01
-2.7060869437174301e-01
-2.4644859751684087e-01
-2.2413579783937274e-01
-2.0353982986830299e-01
-1.8458133490744652e-01
-1.6717094556802345e-01
-1.5118845305899631e-01
-1.3655480742629575e-01
-1.2319429109457286e-01
-1.1099925114523265e-01
-9.9892287208492067e-02
-8.9812106723026586e-02
-8.0664872220331169e-02
-7.2376511363706986e-02
-6.4900088508466097e-02
-5.8155834968426988e-02
-5.2074550833720569e-02
-4.6622837493242884e-02
-4.1734375838178968e-02
-3.7346069421727197e-02
-3.3436631429203376e-02
-2.9951976193834697e-02
-2.6835832261490573e-02
-2.4077256317155467e-02
-2.1632793183838536e-02
-1.9453272470002541e-02
-1.7536163598783679e-02
-1.5846847697056261e-02
-1.4343202037064670e-02
-1.3029171959426112e-02
-1.1877154099254165e-02
-1.0851817945438949e-02
-9.9617616439620776e-03
-9.1846738923191066e-03
-8.4916709669261292e-03
-7.8943764193254093e-03
-7.3742277505876438e-03
-6.9084388791985623e-03
-6.5102722853033670e-03
-6.1635971502581122e-03
-5.8514296542307945e-03
-5.5875429407253709e-03
-5.3571648906078871e-03
-5.1489062095175708e-03
-4.9761777121690495e-03
-4.8247358194913300e-03
-4.6886821869274046e-03
-4.5804361651288596e-03
-4.4856878178139098e-03
-4.4040366605183996e-03
-4.3465107326210971e-03
-4.2983668499963013e-03
-4.2648193382879059e-03
-4.2553287488448204e-03
-4.2545637027449424e-03
-4.2736132285869652e-03
-4.3204060758336299e-03
-4.3790913632570302e-03
-4.4670405098614918e-03
-4.5909139544115631e-03
-4.7346485635653404e-03
-4.9224788652121858e-03
-5.1578607287625132e-03
-5.4324411746691347e-03
-5.7707465305026568e-03
-6.1757953288784466e-03
-6.6492365492518413e-03
-7.2154726425876746e-03
-7.8786850709426041e-03
-8.6516231297631939e-03
-9.5599041069444508e-03
-1.0610319503398252e-02
-1.1828057728718354e-02
-1.3241595147630975e-02
-1.4862090676868766e-02
-1.6728713004160123e-02
-1.8873781580048203e-02
-2.1317565333211604e-02
-2.4112083996742899e-02
-2.7294121453162803e-02
-3.0902165036957412e-02
-3.4995530946491112e-02
-3.9619571680483405e-02
-4.4830667395065096e-02
-5.0698445856587351e-02
-5.7279229264315001e-02
-6.4650520337407563e-02
-7.2889932433611748e-02
-8.2066171838004992e-02
-9.2274246170240007e-02
-1.0359875566760439e-01
-1.1612724674234971e-01
-1.2996154107641744e-01
-1.4519398897271360e-01
-1.6192575567361558e-01
-1.8026117662463287e-01
-2.0029552503489401e-01
-2.2213487307169147e-01
-2.4587782919965584e-01
-2.7161753701384433e-01
-2.9944924739692569e-01
-3.2945716177728851e-01
-3.6171929649474227e-01
-3.9630521336325369e-01
-4.3327275323059500e-01
-4.7262846472871428e-01
-5.1439181104383536e-01
-5.5860833960795375e-01
-6.0526824489088960e-01
-6.5434864140173044e-01
-7.0580150979708745e-01
-7.5955366668233482e-01
-8.1535936618131077e-01
-8.7320347965976253e-01
-9.3296620068387559e-01
-9.9448949235290107e-01
-1.0574130248927058e+00
-1.1215274775442432e+00
-1.1867263781268023e+00
-1.2526778086373402e+00
-1.3188456971652174e+00
-1.3852494806720017e+00
-1.4513951594858718e+00
-1.5168594712699701e+00
-1.5816196145657717e+00
-1.6447849659367599e+00
-1.7066158874117197e+00
-1.7662196475281555e+00
-1.8238097650025262e+00
-1.8784840290866471e+00
-1.9305425354949630e+00
-1.9791325041124022e+00
-2.0244120066491220e+00
-2.0660693460162491e+00
-2.1036665367058065e+00
-2.1373931228885565e+00
-2.1669110523426722e+00
-2.1919837724534093e+00
-2.2128220305540225e+00
-2.2293156971387091e+00
-2.2412037980021298e+00
-2.2486951668661739e+00
-2.2518700517380532e+00
-2.2508157434385110e+00
-2.2454678571119877e+00
-2.2359546301622037e+00
-2.2225295424759346e+00
-2.2053274234035922e+00
-2.1845443229581463e+00
0.0000000000000000e+00
2.4055929233035767e-01
0.0000000000000000e+00
0.0000000000000000e+00
];
