%Vec Object:sol 1 MPI processes
%  type: mpi
sol = [
0.0000000000000000e+00
-5.4577623580155162e+01
-3.6493280019055398e+01
-2.5878927262434793e+01
-1.8715602622140683e+01
-1.3495133461002805e+01
-9.5732227259756559e+00
-6.6228466996082282e+00
-4.4412924239545024e+00
-2.8745919365507633e+00
-1.7903157353934749e+00
-1.0709136090272111e+00
-6.1472298280778936e-01
-3.3866114328997587e-01
-1.7924179630212866e-01
-9.1370980676373864e-02
-4.5147759237206202e-02
-2.1903168329107083e-02
-1.0648333559344046e-02
-5.4640495902308749e-03
-3.1990908995717599e-03
-2.1742061288852780e-03
-1.7514992568092771e-03
-1.6074004660630770e-03
-1.5251669578372541e-03
-1.4723964541000912e-03
-1.4680048669974098e-03
-1.4647800473682447e-03
-1.4273791715805283e-03
-1.4224504290575183e-03
-1.4390404234604960e-03
-1.3982877966966819e-03
-1.3873253647652566e-03
-1.4050796655067550e-03
-1.3738206929666619e-03
-1.3578805818662031e-03
-1.3687571274488555e-03
-1.3525655197288685e-03
-1.3325987601413821e-03
-1.3377106358594241e-03
-1.3334333166553547e-03
-1.3102830484332340e-03
-1.3106673565261744e-03
-1.3158442467049527e-03
-1.2903586498349284e-03
-1.2870276554396438e-03
-1.2996943845216017e-03
-1.2726593075765575e-03
-1.2665003626206627e-03
-1.2805822489728919e-03
-1.2570421141306549e-03
-1.2487186137077563e-03
-1.2594604960068914e-03
-1.2431085251404046e-03
-1.2330916053515397e-03
-1.2410439173336442e-03
-1.2303393162733985e-03
-1.2190255379156900e-03
-1.2246824501126895e-03
-1.2183667141265032e-03
-1.2061374366360387e-03
-1.2099675947522925e-03
-1.2070262875217004e-03
-1.1942366352102876e-03
-1.1966648090122841e-03
-1.1962599862834985e-03
-1.1832187779657125e-03
-1.1846126576877366e-03
-1.1860298959545021e-03
-1.1729980490091511e-03
-1.1736713881954843e-03
-1.1763068641738881e-03
-1.1635020848347957e-03
-1.1637209564648416e-03
-1.1670637512778668e-03
-1.1546670659748053e-03
-1.1546569685433154e-03
-1.1582751338630249e-03
-1.1464361021319713e-03
-1.1463875899973008e-03
-1.1499163139998927e-03
-1.1387579697117024e-03
-1.1388319094225202e-03
-1.1419638016476235e-03
-1.1315865771530178e-03
-1.1319183486452921e-03
-1.1343950240406994e-03
-1.1248800702959936e-03
-1.1255831290001245e-03
-1.1271881496529564e-03
-1.1186004613298382e-03
-1.1197696728808503e-03
-1.1203227903211178e-03
-1.1127138017430569e-03
-1.1144282383450286e-03
-1.1137799083498351e-03
-1.1071884396874180e-03
-1.1095126990197911e-03
-1.1075412946973551e-03
-1.1019976626989486e-03
-1.1049868983849006e-03
-1.1016019979076743e-03
-1.0971332823711474e-03
-1.1008405677882371e-03
-1.0959769030482562e-03
-1.0926180075813044e-03
-1.0971053463484873e-03
-1.0907331560831290e-03
-1.0885294857437176e-03
-1.0938618640103375e-03
-1.0859658911341302e-03
-1.0849453544806618e-03
-1.0886247417635924e-03
-1.0817023800541231e-03
-1.0818490416467953e-03
-1.0833628870277662e-03
-1.0778593352435020e-03
-1.0791352058453622e-03
-1.0784712440047636e-03
-1.0743428113397331e-03
-1.0767305421056008e-03
-1.0739225307275051e-03
-1.0711607477118888e-03
-1.0746763687044132e-03
-1.0697861495623910e-03
-1.0684008891457201e-03
-1.0720929626112361e-03
-1.0661470602816427e-03
-1.0661244636787481e-03
-1.0674032509594535e-03
-1.0630002855871457e-03
-1.0642940342528435e-03
-1.0631975083679255e-03
-1.0602829023201989e-03
-1.0628589157492189e-03
-1.0594604039727196e-03
-1.0580114166548432e-03
-1.0614446781663466e-03
-1.0562433737324002e-03
-1.0562398663690128e-03
-1.0571809747255908e-03
-1.0535673597558211e-03
-1.0549647353886233e-03
-1.0534804858936544e-03
-1.0514008761901940e-03
-1.0541590593409400e-03
-1.0503312587782205e-03
-1.0497480312006303e-03
-1.0514580113928627e-03
-1.0477462513782379e-03
-1.0486203062430844e-03
-1.0478636225807090e-03
-1.0457205586573805e-03
-1.0480095203899220e-03
-1.0448766019701663e-03
-1.0442570746038897e-03
-1.0458427907442352e-03
-1.0424961419254744e-03
-1.0433576126436419e-03
-1.0424929962575991e-03
-1.0407209829000831e-03
-1.0430212241431299e-03
-1.0397996089700123e-03
-1.0395551536833783e-03
-1.0403894186854197e-03
-1.0377539789321656e-03
-1.0389896622007742e-03
-1.0374265015319524e-03
-1.0363498691306867e-03
-1.0384078719612069e-03
-1.0351741540049059e-03
-1.0356658530518970e-03
-1.0354995170353736e-03
-1.0344378271229509e-03
-1.0382455877560827e-03
-1.0413571889890472e-03
-1.0581672722368236e-03
-1.1065942503093828e-03
-1.2352436571494137e-03
-1.5795307029840562e-03
-2.4425476153109634e-03
-4.5353262824966035e-03
-9.3919856908707636e-03
-2.0166317439261471e-02
-4.3009372118905848e-02
-8.9154551424205156e-02
-1.7779466023643672e-01
-3.3921929055845096e-01
-6.1688542826722637e-01
-1.0657425312698625e+00
-1.7438384719351849e+00
-2.6932589028768601e+00
-3.9125490922827799e+00
-5.3299612337184383e+00
-6.7961463645532731e+00
-8.1064756353741156e+00
-9.0584080053802705e+00
-9.5084249383868027e+00
-9.4116285698175606e+00
0.0000000000000000e+00
1.3464638167935297e-01
0.0000000000000000e+00
0.0000000000000000e+00
];
