%Vec Object:sol 1 MPI processes
%  type: mpi
sol = [
0.0000000000000000e+00
-1.2539058098235488e+01
-1.1311248662151606e+01
-1.0214987128692602e+01
-9.2354870151910031e+00
-8.3526475792592088e+00
-7.5458882496884314e+00
-6.8071057937989625e+00
-6.1297607322638354e+00
-5.5059598802821590e+00
-4.9307561971946203e+00
-4.4011185916937636e+00
-3.9136981685962331e+00
-3.4658152565706488e+00
-3.0551007838126627e+00
-2.6808823858353561e+00
-2.3405304615101898e+00
-2.0326259874125108e+00
-1.7555783415763149e+00
-1.5078165511587287e+00
-1.2870415084314599e+00
-1.0920983701252049e+00
-9.2097382300644237e-01
-7.7167037466154276e-01
-6.4229980838944822e-01
-5.3113218513555460e-01
-4.3631818778136405e-01
-3.5605441588344772e-01
-2.8861637089803505e-01
-2.3242680179838451e-01
-1.8598308451869927e-01
-1.4785130410160222e-01
-1.1684399326167068e-01
-9.1842509513405376e-02
-7.1790412178487834e-02
-5.5876006427180540e-02
-4.3362276515395114e-02
-3.3562146003791891e-02
-2.5958753947049332e-02
-2.0130251659792910e-02
-1.5674250654394057e-02
-1.2280061766639970e-02
-9.7446411717346665e-03
-7.8558182776771197e-03
-6.4259783556385591e-03
-5.3859585828661509e-03
-4.6369591235227627e-03
-4.0538609203433478e-03
-3.6412302005469784e-03
-3.3578439390775866e-03
-3.1173241051945999e-03
-2.9485858521778414e-03
-2.8390588916311021e-03
-2.7321144576909935e-03
-2.6517105012368622e-03
-2.6031078186855251e-03
-2.5464690301164978e-03
-2.4963284687893666e-03
-2.4676893053060408e-03
-2.4309981119928067e-03
-2.3911511494291516e-03
-2.3688301333860359e-03
-2.3413917038971875e-03
-2.3055288684005058e-03
-2.2853958859302801e-03
-2.2633032411584000e-03
-2.2296150209612019e-03
-2.2105819985276751e-03
-2.1921427085726218e-03
-2.1601811753989880e-03
-2.1420484588954825e-03
-2.1263024170274369e-03
-2.0959922254637359e-03
-2.0787888351838403e-03
-2.0650489148393773e-03
-2.0364024284707434e-03
-2.0202022221807231e-03
-2.0079164018859913e-03
-1.9809573599912167e-03
-1.9658315542195400e-03
-1.9545371974878209e-03
-1.9292836186922005e-03
-1.9152915451816307e-03
-1.9045963314353110e-03
-1.8810571600942922e-03
-1.8682451878190771e-03
-1.8578153248880139e-03
-1.8359913799229062e-03
-1.8243946741135942e-03
-1.8139465929853369e-03
-1.7938318546290397e-03
-1.7834760976918667e-03
-1.7727697854394875e-03
-1.7543535274394061e-03
-1.7452573042070123e-03
-1.7340905333489080e-03
-1.7173573201964124e-03
-1.7095323485926222e-03
-1.6977365695311250e-03
-1.6826683212544913e-03
-1.6761216049433283e-03
-1.6635616100316272e-03
-1.6501379598372471e-03
-1.6448722523939546e-03
-1.6314311452555767e-03
-1.6196292076947499e-03
-1.6156429088941123e-03
-1.6012244614505003e-03
-1.5910196936238605e-03
-1.5883078340307882e-03
-1.5728329111510968e-03
-1.5641983875619716e-03
-1.5602826213024635e-03
-1.5461592349510092e-03
-1.5390663209372485e-03
-1.5334438241229901e-03
-1.5211116038307455e-03
-1.5155303174565519e-03
-1.5081917291387007e-03
-1.4976042945362101e-03
-1.4935034460015107e-03
-1.4844545766654804e-03
-1.4755663736326073e-03
-1.4729146874214658e-03
-1.4621619116496815e-03
-1.4549284302108776e-03
-1.4527468154159713e-03
-1.4412499890156560e-03
-1.4356296195335990e-03
-1.4313759664685776e-03
-1.4216731429583414e-03
-1.4176345794260151e-03
-1.4113682780590737e-03
-1.4034383244151301e-03
-1.4009925176570667e-03
-1.3928513000635023e-03
-1.3867842149730609e-03
-1.3857090869981901e-03
-1.3765093425284001e-03
-1.3728350127272227e-03
-1.3707495189369777e-03
-1.3652163689265083e-03
-1.3660958108683448e-03
-1.3664577652034789e-03
-1.3696940136408767e-03
-1.3828673759502216e-03
-1.3974362114065508e-03
-1.4267996960338500e-03
-1.4755500689104561e-03
-1.5441050164474843e-03
-1.6535945557142678e-03
-1.8139988273292789e-03
-2.0480347534015766e-03
-2.3925658641756439e-03
-2.8808308397355654e-03
-3.5788566225302310e-03
-4.5648656482931956e-03
-5.9366399307622152e-03
-7.8412123548093522e-03
-1.0453306174116850e-02
-1.4006741004529977e-02
-1.8803904256369578e-02
-2.5211646357609103e-02
-3.3706702381430288e-02
-4.4864947921967109e-02
-5.9384683769131821e-02
-7.8114248383487989e-02
-1.0204313739585734e-01
-1.3233000361917735e-01
-1.7029693053525172e-01
-2.1741762710222498e-01
-2.7531513621530357e-01
-3.4571447791538035e-01
-4.3039961606113541e-01
-5.3114401316504989e-01
-6.4962487532324398e-01
-7.8730416062378417e-01
-9.4521827427442251e-01
-1.1238747816789865e+00
-1.3234237313306063e+00
-1.5431760212821732e+00
-1.7808713317295382e+00
-2.0346215626967474e+00
-2.3001175759108627e+00
-2.5735002448867501e+00
-2.8490265259753893e+00
-3.1208779591824163e+00
-3.3831156235923507e+00
-3.6295498432156630e+00
-3.8542745109232177e+00
-4.0521698595815270e+00
-4.2184139442855013e+00
-4.3496096289746689e+00
-4.4440220959488244e+00
-4.4995043795340619e+00
-4.5170054388736176e+00
-4.4964759664258667e+00
-4.4406073030668649e+00
-4.3513666065915650e+00
0.0000000000000000e+00
2.4055929233035767e-01
0.0000000000000000e+00
0.0000000000000000e+00
];
