%Vec Object:sol 1 MPI processes
%  type: mpi
sol = [
0.0000000000000000e+00
-6.7185824175044271e+00
-6.3502916336013522e+00
-6.0046228531612309e+00
-5.6848780905195495e+00
-5.3872567791457957e+00
-5.1039462549382968e+00
-4.8375865800680202e+00
-4.5878744321413976e+00
-4.3496285039479430e+00
-4.1231249415818985e+00
-3.9095173594725110e+00
-3.7042015101344963e+00
-3.5090494357842870e+00
-3.3230803557997706e+00
-3.1445614206773160e+00
-2.9749212292121423e+00
-2.8111422716120176e+00
-2.6558886211364623e+00
-2.5059717302509341e+00
-2.3634802846815144e+00
-2.2263154500015840e+00
-2.0956541432159286e+00
-1.9703358806698665e+00
-1.8506077614924472e+00
-1.7366373003055728e+00
-1.6271882786698444e+00
-1.5231265928063276e+00
-1.4242160790760425e+00
-1.3295878981865092e+00
-1.2397843873080279e+00
-1.1546667405293416e+00
-1.0738431430239244e+00
-9.9712126269877188e-01
-9.2465054663860335e-01
-8.5624842459432404e-01
-7.9176565265301813e-01
-7.3094808731476923e-01
-6.7372290163810999e-01
-6.2004073816117511e-01
-5.6975868955090725e-01
-5.2273618776345199e-01
-4.7884098107346373e-01
-4.3793343125389966e-01
-3.9986876500083313e-01
-3.6446673206432106e-01
-3.3166904201688335e-01
-3.0131901816634848e-01
-2.7331325636129356e-01
-2.4752391584008362e-01
-2.2379102653978344e-01
-2.0202192442285641e-01
-1.8209947651263192e-01
-1.6387530441083281e-01
-1.4725882225034201e-01
-1.3214918919871779e-01
-1.1841327127018585e-01
-1.0596360523026697e-01
-9.4717290929096337e-02
-8.4558490490160745e-02
-7.5404551662326263e-02
-6.7190826187517941e-02
-5.9819395198420090e-02
-5.3213939991751474e-02
-4.7327277336831106e-02
-4.2078818649382135e-02
-3.7399636491282882e-02
-3.3258364939523673e-02
-2.9590223729422195e-02
-2.6334236681995291e-02
-2.3472616980267778e-02
-2.0954315388469973e-02
-1.8726334223014136e-02
-1.6781977700701025e-02
-1.5081585781486719e-02
-1.3579797743861271e-02
-1.2278504150093923e-02
-1.1147066142442343e-02
-1.0147221147913938e-02
-9.2870998714970916e-03
-8.5428640303766741e-03
-7.8827575551332178e-03
-7.3190742903197648e-03
-6.8328108546394676e-03
-6.3981740518496378e-03
-6.0298684487195848e-03
-5.7120661456983397e-03
-5.4244997559566082e-03
-5.1828668772385391e-03
-4.9731704576525884e-03
-4.7803616294973201e-03
-4.6200294903595840e-03
-4.4789595725550661e-03
-4.3471443038678569e-03
-4.2392440684316688e-03
-4.1420424210027746e-03
-4.0505137156258818e-03
-3.9778137922480122e-03
-3.9101713050464591e-03
-3.8475853605916739e-03
-3.8013425560912083e-03
-3.7567707023597186e-03
-3.7190230527210694e-03
-3.6973458227328067e-03
-3.6760002242588155e-03
-3.6655339468502379e-03
-3.6731577384115674e-03
-3.6820875056799195e-03
-3.7086203730636864e-03
-3.7581287907304710e-03
-3.8130084940914844e-03
-3.8958073692944607e-03
-4.0080227533074398e-03
-4.1390646241945342e-03
-4.3110511381129089e-03
-4.5242655931205730e-03
-4.7773337842093519e-03
-5.0914337911818243e-03
-5.4671432589381962e-03
-5.9133512397013480e-03
-6.4515881328242953e-03
-7.0841399361090468e-03
-7.8315378291461939e-03
-8.7173630558823410e-03
-9.7474478962757474e-03
-1.0955713008256393e-02
-1.2368978733731040e-02
-1.4001672177608098e-02
-1.5900386388137931e-02
-1.8096204005239435e-02
-2.0621971269602982e-02
-2.3531984262390660e-02
-2.6866918179096592e-02
-3.0680238252441622e-02
-3.5036635444991866e-02
-3.9987304397997143e-02
-4.5609338419228769e-02
-5.1979728235735705e-02
-5.9167012877071351e-02
-6.7268953376423191e-02
-7.6373738308063197e-02
-8.6574371031198527e-02
-9.7981315577037015e-02
-1.1069672209818397e-01
-1.2483494633083107e-01
-1.4051656217598268e-01
-1.5785440567147530e-01
-1.7697720722977137e-01
-1.9800823732641140e-01
-2.2106756273313427e-01
-2.4628249162271837e-01
-2.7377015205221267e-01
-3.0364505543008807e-01
-3.3601645472043384e-01
-3.7098159654668611e-01
-4.0862865193998893e-01
-4.4903112771222187e-01
-4.9221184637351723e-01
-5.3818542482404286e-01
-5.8700832412438786e-01
-6.3867202998567729e-01
-6.9314055556093290e-01
-7.5036207150941714e-01
-8.1021767791628041e-01
-8.7241753060806293e-01
-9.3697367985661761e-01
-1.0036927477805657e+00
-1.0723727814053616e+00
-1.1424416698180460e+00
-1.2138901313342028e+00
-1.2864519352576371e+00
-1.3594301752949172e+00
-1.4327118293000147e+00
-1.5059628136998822e+00
-1.5783581402733076e+00
-1.6500342950284879e+00
-1.7200168637920286e+00
-1.7883816335265701e+00
-1.8542572844857799e+00
-1.9177186029413844e+00
-1.9778058705053991e+00
-2.0347171874501599e+00
-2.0877052299386651e+00
-2.1366386798953796e+00
-2.1813848888564604e+00
-2.2213417445791981e+00
-2.2565618314492411e+00
-2.2869545839093210e+00
-2.3123284295564690e+00
-2.3323886408177170e+00
-2.3473877766596876e+00
-2.3572943888481954e+00
-2.3621183269709718e+00
-2.3618451410302930e+00
-2.3565599578416956e+00
-2.3465343846341344e+00
-2.3319095018078060e+00
-2.3128541847005710e+00
-2.2896047169060187e+00
0.0000000000000000e+00
2.4055929233035767e-01
0.0000000000000000e+00
0.0000000000000000e+00
];
