%Vec Object:sol 1 MPI processes
%  type: mpi
sol = [
0.0000000000000000e+00
-2.0204006817020197e+01
-1.7429411683738607e+01
-1.5171036123154169e+01
-1.3349285850447554e+01
-1.1835548139144663e+01
-1.0555026398139368e+01
-9.4555941836009332e+00
-8.4985714997775741e+00
-7.6522200462783241e+00
-6.9000396614745370e+00
-6.2258011863627631e+00
-5.6160912037443680e+00
-5.0625786377919821e+00
-4.5592559832486428e+00
-4.1003275216340915e+00
-3.6803374343385649e+00
-3.2962827090612992e+00
-2.9455703713196626e+00
-2.6253368533107220e+00
-2.3324937934969068e+00
-2.0664797820794094e+00
-1.8244305336420292e+00
-1.6054606577046435e+00
-1.4073401817480842e+00
-1.2292064284830559e+00
-1.0695399565611414e+00
-9.2669354054656961e-01
-7.9969721550949102e-01
-6.8725307584717732e-01
-5.8813451992038202e-01
-5.0115148281384336e-01
-4.2513737869435225e-01
-3.5908318501155645e-01
-3.0195941665713061e-01
-2.5283427034595896e-01
-2.1081714322782380e-01
-1.7503660342559887e-01
-1.4473911767428968e-01
-1.1924235696589916e-01
-9.7879175307469882e-02
-8.0065499291180856e-02
-6.5322314958797603e-02
-5.3176350533638242e-02
-4.3192862649683590e-02
-3.5068959612131433e-02
-2.8494602846270319e-02
-2.3154472158089596e-02
-1.8882666491534503e-02
-1.5489068545730065e-02
-1.2757519334454671e-02
-1.0606211094986218e-02
-8.9283407330787695e-03
-7.5871898268757851e-03
-6.5411625439642717e-03
-5.7411865853277885e-03
-5.1020168635316472e-03
-4.6023420418028274e-03
-4.2283916863353997e-03
-3.9266681619957462e-03
-3.6837652198941926e-03
-3.5063639130221945e-03
-3.3599471656364918e-03
-3.2323562797232368e-03
-3.1415786967951115e-03
-3.0643150674720915e-03
-2.9867671889314690e-03
-2.9328693725008135e-03
-2.8859831421191875e-03
-2.8299867353484671e-03
-2.7916782986064752e-03
-2.7584221866795624e-03
-2.7121862243073068e-03
-2.6808396006999810e-03
-2.6541452307208857e-03
-2.6130277946566430e-03
-2.5853292899855602e-03
-2.5621724887672703e-03
-2.5244205335169943e-03
-2.4991605469537504e-03
-2.4781422112996956e-03
-2.4431059619067518e-03
-2.4198608842246386e-03
-2.4002255830511553e-03
-2.3676533416175788e-03
-2.3462753585339891e-03
-2.3275320828386081e-03
-2.2973076502259271e-03
-2.2777386869303699e-03
-2.2595193364906194e-03
-2.2315701491694845e-03
-2.2137783916269041e-03
-2.1957852300931177e-03
-2.1700521939921665e-03
-2.1540119587538501e-03
-2.1359960893311638e-03
-2.1124231469000524e-03
-2.0981079461662726e-03
-2.0798602644043753e-03
-2.0583932031762019e-03
-2.0457757117014136e-03
-2.0271247364301950e-03
-2.0077098428549593e-03
-1.9967610623742070e-03
-1.9775568998102702e-03
-1.9601409966737765e-03
-1.9508305542676300e-03
-1.9309473405406678e-03
-1.9154782794713102e-03
-1.9077751347990311e-03
-1.8871074147739195e-03
-1.8735336809807134e-03
-1.8648793589120108e-03
-1.8458703724529119e-03
-1.8341429327718756e-03
-1.8240057718144085e-03
-1.8070897249292104e-03
-1.7971655314871465e-03
-1.7855288314866026e-03
-1.7706567844700657e-03
-1.7625115747819133e-03
-1.7494028781009521e-03
-1.7365678633017680e-03
-1.7302368844152542e-03
-1.7157704744259488e-03
-1.7050913001193863e-03
-1.6998199882710108e-03
-1.6853424743036316e-03
-1.6773074429812399e-03
-1.6712625649634430e-03
-1.6604651991576058e-03
-1.6565968434197316e-03
-1.6520304800767473e-03
-1.6479568318045334e-03
-1.6525266567567231e-03
-1.6554634587322699e-03
-1.6662745575357794e-03
-1.6900502756899724e-03
-1.7162082623032537e-03
-1.7624521113160773e-03
-1.8297117907747360e-03
-1.9193315307003188e-03
-2.0498183775461668e-03
-2.2249781047736397e-03
-2.4622086514359330e-03
-2.7863684263430316e-03
-3.2109244108120064e-03
-3.7771809662573144e-03
-4.5239096078527677e-03
-5.4931619550509731e-03
-6.7565987833123186e-03
-8.3842492758648066e-03
-1.0469574546896836e-02
-1.3131531085269221e-02
-1.6497088718066193e-02
-2.0737162511270748e-02
-2.6045017512688850e-02
-3.2641514524442139e-02
-4.0800273224726777e-02
-5.0821912282882457e-02
-6.3056688714440284e-02
-7.7904061171147065e-02
-9.5798091605524840e-02
-1.1723321267482679e-01
-1.4273939301869423e-01
-1.7288403326223811e-01
-2.0827076689649587e-01
-2.4950227593452021e-01
-2.9721876946015724e-01
-3.5203669684588063e-01
-4.1453933384937902e-01
-4.8525405815236317e-01
-5.6462534242290263e-01
-6.5298260789276719e-01
-7.5050825860433790e-01
-8.5708276352516011e-01
-9.7254806491830248e-01
-1.0965203699143233e+00
-1.2283054396403106e+00
-1.3666117567201990e+00
-1.5105922072140678e+00
-1.6584743110447349e+00
-1.8086281907306876e+00
-1.9590658143076063e+00
-2.1078534650097405e+00
-2.2524958823783581e+00
-2.3911874496380863e+00
-2.5217116085032436e+00
-2.6417297227183467e+00
-2.7496432093278949e+00
-2.8438680072378242e+00
-2.9230098443584116e+00
-2.9860017713005411e+00
-3.0321758070300122e+00
-3.0610999975572990e+00
-3.0727643127426765e+00
-3.0674076863876452e+00
-3.0455474838306125e+00
-3.0080073392616291e+00
0.0000000000000000e+00
1.3464638167935297e-01
0.0000000000000000e+00
0.0000000000000000e+00
];
