%Vec Object:sol 1 MPI processes
%  type: mpi
sol = [
0.0000000000000000e+00
-1.0384622297782657e+01
-9.5297745598359782e+00
-8.7594418443037068e+00
-8.0598355764302791e+00
-7.4193541794854099e+00
-6.8289798913492072e+00
-6.2824692861469842e+00
-5.7752403304077466e+00
-5.3025396581868609e+00
-4.8612797341242500e+00
-4.4495787422067732e+00
-4.0648942301863391e+00
-3.7055057860457041e+00
-3.3692470060079245e+00
-3.0554909651459154e+00
-2.7636682592108821e+00
-2.4914983499859127e+00
-2.2397634468562191e+00
-2.0063200703536914e+00
-1.7914553352251013e+00
-1.5934527966840963e+00
-1.4122871765260743e+00
-1.2470753980069931e+00
-1.0965721812016285e+00
-9.6044075615533753e-01
-8.3779237093074965e-01
-7.2776863137740300e-01
-6.2946011768527876e-01
-5.4200256331675722e-01
-4.6467148290290217e-01
-3.9660486564987363e-01
-3.3701748389135872e-01
-2.8512570597871134e-01
-2.4013027108203366e-01
-2.0134921915383996e-01
-1.6811323179775298e-01
-1.3974826452400679e-01
-1.1568221345796889e-01
-9.5395512146165706e-02
-7.8365032656473835e-02
-6.4135074261761363e-02
-5.2340292444138167e-02
-4.2606760523459901e-02
-3.4586574150159297e-02
-2.8051282383876240e-02
-2.2755148138646233e-02
-1.8438597914637190e-02
-1.4981164089176990e-02
-1.2231735788361033e-02
-1.0007943788560215e-02
-8.2538949192927195e-03
-6.8849266490166620e-03
-5.7835505111328523e-03
-4.9221589829646249e-03
-4.2633056455922908e-03
-3.7321399307247045e-03
-3.3144937771085060e-03
-3.0021662764219111e-03
-2.7470535850760008e-03
-2.5392609217926060e-03
-2.3877820339116480e-03
-2.2608340387364058e-03
-2.1479961527873493e-03
-2.0679259948906434e-03
-1.9987166847515569e-03
-1.9275181820747854e-03
-1.8781569444825258e-03
-1.8347375179807520e-03
-1.7817701966688574e-03
-1.7456016408288573e-03
-1.7140327000515407e-03
-1.6695506313007227e-03
-1.6394373587091345e-03
-1.6137492675315859e-03
-1.5738906325261936e-03
-1.5470767865892767e-03
-1.5246581104876122e-03
-1.4879526649160630e-03
-1.4634269203709072e-03
-1.4430303366605739e-03
-1.4089268201791922e-03
-1.3863332127918493e-03
-1.3672606772884947e-03
-1.3355409730008206e-03
-1.3147541423733670e-03
-1.2965388988598484e-03
-1.2670990288256793e-03
-1.2480688741527634e-03
-1.2303555705493741e-03
-1.2031281293807417e-03
-1.1858260621847789e-03
-1.1683252380128564e-03
-1.1432544090984246e-03
-1.1276568497211564e-03
-1.1101260236067196e-03
-1.0871584126702170e-03
-1.0732406320594773e-03
-1.0554757468178432e-03
-1.0345593452799938e-03
-1.0222954491692640e-03
-1.0041290369718859e-03
-9.8521253280688201e-04
-9.7457521725309170e-04
-9.5586086911628588e-04
-9.3889312864584560e-04
-9.2985343172489793e-04
-9.1046815863002589e-04
-8.9539917468326087e-04
-8.8792763687802791e-04
-8.6776855548138907e-04
-8.5454910858094666e-04
-8.4614296736440909e-04
-8.2760162132164167e-04
-8.1618532669539001e-04
-8.0632536844777412e-04
-7.8982962988909718e-04
-7.8017829391541053e-04
-7.6885260404640382e-04
-7.5436230392540748e-04
-7.4646324444161880e-04
-7.3371381171317268e-04
-7.2124584269724653e-04
-7.1516803104893108e-04
-7.0115599809638719e-04
-6.9089970308171321e-04
-6.8600949249676972e-04
-6.7220430075012893e-04
-6.6485512018587298e-04
-6.5966588996179093e-04
-6.5012128784058874e-04
-6.4778924476805062e-04
-6.4537322782432687e-04
-6.4427964842009744e-04
-6.5282482361909142e-04
-6.6139215742098620e-04
-6.7990870764483629e-04
-7.1418927860920250e-04
-7.5497313049033776e-04
-8.2108372063284768e-04
-9.1538918650170803e-04
-1.0417808677296847e-03
-1.2217598955470027e-03
-1.4634321402213033e-03
-1.7894922790671175e-03
-2.2315407132946635e-03
-2.8120089712644742e-03
-3.5830394832090328e-03
-4.5972978109259715e-03
-5.9143130675201648e-03
-7.6269644507460776e-03
-9.8317917416145331e-03
-1.2654417475051364e-02
-1.6252603594545365e-02
-2.0800392610056683e-02
-2.6524197073989685e-02
-3.3683094004994307e-02
-4.2575200487690444e-02
-5.3560771768810390e-02
-6.7043672390441872e-02
-8.3489678452330643e-02
-1.0342707065494480e-01
-1.2743320945548617e-01
-1.5615667954730370e-01
-1.9029300373030614e-01
-2.3058302884388235e-01
-2.7780838888494974e-01
-3.3276481497832699e-01
-3.9624902787551952e-01
-4.6903032412259688e-01
-5.5182282491590873e-01
-6.4524408112741527e-01
-7.4978761309978459e-01
-8.6557982331042882e-01
-9.9283532702587296e-01
-1.1314196551395599e+00
-1.2808881398476677e+00
-1.4400080782903515e+00
-1.6080942218492185e+00
-1.7834201802909737e+00
-1.9640380176667160e+00
-2.1479641819409867e+00
-2.3326583062724047e+00
-2.5153949254313730e+00
-2.6937424286845806e+00
-2.8648580748957722e+00
-3.0256454158256902e+00
-3.1739398189806538e+00
-3.3074540703642215e+00
-3.4241135425211411e+00
-3.5223401110049064e+00
-3.6009063294459671e+00
-3.6586253060388070e+00
-3.6954339587630085e+00
-3.7113226860642023e+00
-3.7067623287311307e+00
-3.6820304181533885e+00
-3.6383948543896047e+00
-3.5772752642502730e+00
0.0000000000000000e+00
2.4055929233035767e-01
0.0000000000000000e+00
0.0000000000000000e+00
];
