%Vec Object:sol 1 MPI processes
%  type: mpi
sol = [
0.0000000000000000e+00
-1.7955564584686087e+01
-1.5722423762643352e+01
-1.3898611875558453e+01
-1.2370613866827160e+01
-1.1097129952849020e+01
-9.9984098267859025e+00
-9.0500888962225474e+00
-8.2207076007180415e+00
-7.4830329624813956e+00
-6.8217616895819901e+00
-6.2269573426942140e+00
-5.6873487911169773e+00
-5.1949609533489536e+00
-4.7441184934026870e+00
-4.3299869084561049e+00
-3.9484708307717176e+00
-3.5966079891784619e+00
-3.2710712025811608e+00
-2.9704143219763393e+00
-2.6928342440006174e+00
-2.4360832942772768e+00
-2.1993636452232468e+00
-1.9809322551481907e+00
-1.7800615689375416e+00
-1.5953397066164237e+00
-1.4262040176874651e+00
-1.2712333968506122e+00
-1.1299541015434569e+00
-1.0014964237496689e+00
-8.8492263233378443e-01
-7.7942460491747090e-01
-6.8437158150850730e-01
-5.9901085720548852e-01
-5.2260463072668495e-01
-4.5446070692028212e-01
-3.9389336598273850e-01
-3.4022713104672003e-01
-2.9290620999280642e-01
-2.5135700504073372e-01
-2.1500251635434942e-01
-1.8331301590654012e-01
-1.5582697077021837e-01
-1.3207524873798229e-01
-1.1160800190794160e-01
-9.4079127344934455e-02
-7.9129433935123034e-02
-6.6387762301518868e-02
-5.5615695860471437e-02
-4.6551519579450557e-02
-3.8908055882195799e-02
-3.2526830974927555e-02
-2.7228755438831156e-02
-2.2809211092778534e-02
-1.9160195347795672e-02
-1.6171635483771773e-02
-1.3703206704528357e-02
-1.1682761165419692e-02
-1.0051008531193416e-02
-8.7145834852261489e-03
-7.6247294961800339e-03
-6.7572194602001003e-03
-6.0511554004264350e-03
-5.4716939119743057e-03
-5.0174191058275971e-03
-4.6488477877747606e-03
-4.3386131222106763e-03
-4.0992707865798641e-03
-3.9048937326679415e-03
-3.7317455020588895e-03
-3.6003435076363043e-03
-3.4930334731978446e-03
-3.3877547818391219e-03
-3.3090932113485454e-03
-3.2442475384263942e-03
-3.1721272799037155e-03
-3.1189383803097237e-03
-3.0745607317833280e-03
-3.0189030492720377e-03
-2.9782688524238772e-03
-2.9438351534984545e-03
-2.8969148015737384e-03
-2.8629510924507735e-03
-2.8335119002847950e-03
-2.7918700749097651e-03
-2.7619862404241863e-03
-2.7351972550702041e-03
-2.6973160962705210e-03
-2.6703965906416586e-03
-2.6450936742887575e-03
-2.6103017316547474e-03
-2.5858638993002856e-03
-2.5614094222356438e-03
-2.5293902070654575e-03
-2.5072121232883760e-03
-2.4832063186316570e-03
-2.4537863057563130e-03
-2.4337485491294636e-03
-2.4099075451871968e-03
-2.3829711561881265e-03
-2.3649949296061911e-03
-2.3411033043018218e-03
-2.3165586967225545e-03
-2.3005814625049834e-03
-2.2764597133159170e-03
-2.2542278091771660e-03
-2.2401969320625190e-03
-2.2157009816181033e-03
-2.1957163969751939e-03
-2.1835937587465770e-03
-2.1586191564966504e-03
-2.1408423639566600e-03
-2.1280978423947111e-03
-2.1051329333242421e-03
-2.0895891586274053e-03
-2.0758028977904551e-03
-2.0554440550244134e-03
-2.0423216295197689e-03
-2.0278012504183775e-03
-2.0104492349286656e-03
-2.0003411631007075e-03
-1.9859547387672833e-03
-1.9727393452766881e-03
-1.9672080945808764e-03
-1.9551095454267801e-03
-1.9488578479079711e-03
-1.9507250820434796e-03
-1.9469556046809145e-03
-1.9542863868729312e-03
-1.9696812970475563e-03
-1.9882104796137955e-03
-2.0238452865445761e-03
-2.0718722095695468e-03
-2.1371327363899208e-03
-2.2323293367658621e-03
-2.3528601699591011e-03
-2.5151958501962368e-03
-2.7329610512056854e-03
-3.0059942063453025e-03
-3.3645018690801518e-03
-3.8244554170490919e-03
-4.4050929126971360e-03
-5.1459461046055449e-03
-6.0755257617999547e-03
-7.2397695676217006e-03
-8.6962595381442909e-03
-1.0495874151903603e-02
-1.2721612404232354e-02
-1.5458708993216020e-02
-1.8800294491565572e-02
-2.2872623589462116e-02
-2.7804170740183969e-02
-3.3748834868718776e-02
-4.0886558512044646e-02
-4.9405243222757605e-02
-5.9532008148143994e-02
-7.1510572258900271e-02
-8.5603242565697596e-02
-1.0210933965237710e-01
-1.2133894328513448e-01
-1.4362745438584484e-01
-1.6933026947809834e-01
-1.9879905560390701e-01
-2.3240572887503319e-01
-2.7052597135934503e-01
-3.1351974631776514e-01
-3.6173134681121127e-01
-4.1547269510750912e-01
-4.7501314893856972e-01
-5.4056581905131951e-01
-6.1227907208023047e-01
-6.9019731585828514e-01
-7.7415494785121663e-01
-8.6410543828454112e-01
-9.5977132512802787e-01
-1.0607704658381218e+00
-1.1662761908552159e+00
-1.2758368970458196e+00
-1.3886860208259553e+00
-1.5034352187689493e+00
-1.6195229840109524e+00
-1.7353603161059938e+00
-1.8500697934886041e+00
-1.9619922666649472e+00
-2.0702543295144076e+00
-2.1731472640688296e+00
-2.2697011489722745e+00
-2.3588389225886672e+00
-2.4393753363802664e+00
-2.5102784747263911e+00
-2.5710177163193610e+00
-2.6209405167198945e+00
-2.6595773428787548e+00
-2.6866875220467250e+00
-2.7021183359852103e+00
-2.7059698864635262e+00
-2.6984503006991223e+00
-2.6799110611375356e+00
-2.6508834131615848e+00
0.0000000000000000e+00
1.3464638167935297e-01
0.0000000000000000e+00
0.0000000000000000e+00
];
