%Vec Object:sol 1 MPI processes
%  type: mpi
sol = [
0.0000000000000000e+00
-4.4201943832553624e+01
-3.1976627156091723e+01
-2.4189537367921151e+01
-1.8696769756564116e+01
-1.4562561878066177e+01
-1.1319043328970809e+01
-8.7221169571943502e+00
-6.6337940672113369e+00
-4.9612377402722307e+00
-3.6384067940385099e+00
-2.6113962319209354e+00
-1.8306456925342738e+00
-1.2523273022762524e+00
-8.3498827497706951e-01
-5.4249152882528695e-01
-3.4341586831282345e-01
-2.1190482856591086e-01
-1.2754361724365529e-01
-7.5068485695670220e-02
-4.3404501037025651e-02
-2.4769233179896342e-02
-1.4152865506086717e-02
-8.2963220573086544e-03
-5.1095559214305317e-03
-3.4172229865696642e-03
-2.5694299494662871e-03
-2.1423183841124990e-03
-1.8956153190384851e-03
-1.7880182999502122e-03
-1.7535510161848140e-03
-1.6861402650743386e-03
-1.6597669561770716e-03
-1.6672270755819997e-03
-1.6280336119537065e-03
-1.6052577475634041e-03
-1.6098630526208820e-03
-1.5877651827657475e-03
-1.5621573188575049e-03
-1.5618435813327170e-03
-1.5523494487466353e-03
-1.5241803134760782e-03
-1.5197141505835620e-03
-1.5202012663074204e-03
-1.4901841268481993e-03
-1.4824467163964614e-03
-1.4908214636326152e-03
-1.4596170792334873e-03
-1.4493837829730367e-03
-1.4594826088135313e-03
-1.4320682036892717e-03
-1.4199633968422431e-03
-1.4270180864497852e-03
-1.4070894153948052e-03
-1.3935974108159356e-03
-1.3981727400627516e-03
-1.3841982920550246e-03
-1.3697134670667634e-03
-1.3722890560968694e-03
-1.3629852302131055e-03
-1.3478547358777287e-03
-1.3488600393243672e-03
-1.3431722626842391e-03
-1.3277117099505544e-03
-1.3275347350987592e-03
-1.3245923324823946e-03
-1.3090810786145824e-03
-1.3080633272367979e-03
-1.3071288229118730e-03
-1.2918066852523806e-03
-1.2902425264946274e-03
-1.2906943535755200e-03
-1.2757621660265993e-03
-1.2739016583915937e-03
-1.2752138475022462e-03
-1.2608380821830887e-03
-1.2588927341208771e-03
-1.2606200508578401e-03
-1.2469373634778171e-03
-1.2450852715819405e-03
-1.2468510121843520e-03
-1.2339728767909342e-03
-1.2323637240227174e-03
-1.2338497854527048e-03
-1.2218662227829588e-03
-1.2206253049692614e-03
-1.2215636187673364e-03
-1.2105463778747975e-03
-1.2097780432996860e-03
-1.2099434171238942e-03
-1.1999490165297746e-03
-1.1997399475671608e-03
-1.1989443074322534e-03
-1.1900167047092384e-03
-1.1904389039210533e-03
-1.1885261657952671e-03
-1.1806982675243323e-03
-1.1818111718661618e-03
-1.1786554574088905e-03
-1.1719543124148555e-03
-1.1738107380599824e-03
-1.1693199927694108e-03
-1.1637712164796297e-03
-1.1664220618031965e-03
-1.1605270007096250e-03
-1.1561584274838615e-03
-1.1596545626714142e-03
-1.1523098911131514e-03
-1.1491476861848636e-03
-1.1535329444187564e-03
-1.1447030930738667e-03
-1.1427588442464614e-03
-1.1455258885384742e-03
-1.1377063985111243e-03
-1.1369707869146614e-03
-1.1376201470020787e-03
-1.1312728325315079e-03
-1.1317249474172776e-03
-1.1302587495599218e-03
-1.1253492855923574e-03
-1.1269744939604771e-03
-1.1234218467426646e-03
-1.1199300011849567e-03
-1.1227265250808919e-03
-1.1171274468747099e-03
-1.1150402404212399e-03
-1.1180363115075754e-03
-1.1114025591711357e-03
-1.1106999051473754e-03
-1.1113091519524348e-03
-1.1062502189743565e-03
-1.1069019140022450e-03
-1.1051787795411381e-03
-1.1016523092269733e-03
-1.1036286412780478e-03
-1.0996415405355770e-03
-1.0976118559105498e-03
-1.1004703171943514e-03
-1.0947009288233827e-03
-1.0941350301960976e-03
-1.0945210924284588e-03
-1.0903617469029258e-03
-1.0912227402728400e-03
-1.0892125452821460e-03
-1.0866167204142117e-03
-1.0888668897205518e-03
-1.0845393266234627e-03
-1.0834628418484474e-03
-1.0846858545567890e-03
-1.0804942722605854e-03
-1.0808950240364698e-03
-1.0796723992303999e-03
-1.0770707695625945e-03
-1.0789077790412480e-03
-1.0753300381879851e-03
-1.0742717402960041e-03
-1.0754245122105138e-03
-1.0716512430801652e-03
-1.0720915616220393e-03
-1.0708117454320176e-03
-1.0686305556592618e-03
-1.0705279752560738e-03
-1.0669132317978015e-03
-1.0662918920834529e-03
-1.0667849779719828e-03
-1.0638942824689993e-03
-1.0650859701273401e-03
-1.0640016386058704e-03
-1.0646759676865021e-03
-1.0715166065538503e-03
-1.0801186756861200e-03
-1.1084304811344774e-03
-1.1713459263793357e-03
-1.3089961005774548e-03
-1.6090728524275650e-03
-2.2269240624892333e-03
-3.4821163262041830e-03
-5.9502938400412351e-03
-1.0659030811683770e-02
-1.9387206588367057e-02
-3.5062481070567995e-02
-6.2346836889218667e-02
-1.0831045328292616e-01
-1.8316163377851383e-01
-3.0084455470361182e-01
-4.7914068017012740e-01
-7.3881220274452941e-01
-1.1015610113969463e+00
-1.5859763579143218e+00
-2.2013574707186758e+00
-2.9420850851215743e+00
-3.7808239908226220e+00
-4.6680082159798895e+00
-5.5349828404804802e+00
-6.3046946744080126e+00
-6.9048000178363633e+00
-7.2813610436351617e+00
-7.4054872861821748e+00
-7.2793314764155257e+00
0.0000000000000000e+00
1.3464638167935297e-01
0.0000000000000000e+00
0.0000000000000000e+00
];
