%Vec Object:sol 1 MPI processes
%  type: mpi
sol = [
0.0000000000000000e+00
-9.5387052034065434e+00
-8.8134500357588887e+00
-8.1547871840928021e+00
-7.5531273979135216e+00
-6.9997964519964633e+00
-6.4877513460605698e+00
-6.0120788908106979e+00
-5.5691237531991371e+00
-5.1548726919900618e+00
-4.7667293951706489e+00
-4.4014292950803986e+00
-4.0584945877167948e+00
-3.7364639759059135e+00
-3.4343154251550030e+00
-3.1492848191246310e+00
-2.8823583890870079e+00
-2.6319179605036722e+00
-2.3974256374107417e+00
-2.1783710859892427e+00
-1.9738556376192204e+00
-1.7836439263060702e+00
-1.6073456858698256e+00
-1.4437054218504661e+00
-1.2929513521837144e+00
-1.1544038130005874e+00
-1.0270929523154926e+00
-9.1079751614239968e-01
-8.0498459188365412e-01
-7.0902769705462221e-01
-6.2233073117177373e-01
-5.4419750568934522e-01
-4.7413975369759792e-01
-4.1161577310339331e-01
-3.5601630197193074e-01
-3.0680249538448118e-01
-2.6343575799218216e-01
-2.2535879871604816e-01
-1.9208293419986697e-01
-1.6315004079259909e-01
-1.3808516729212247e-01
-1.1645965056626113e-01
-9.7914175574279505e-02
-8.2072052050215755e-02
-6.8571520418633319e-02
-5.7155500406267240e-02
-4.7546044675113787e-02
-3.9447818299255331e-02
-3.2696725153878434e-02
-2.7098759678102772e-02
-2.2429426517356597e-02
-1.8588793661268196e-02
-1.5450986356628796e-02
-1.2860180850928955e-02
-1.0752035775284767e-02
-9.0557254276279978e-03
-7.6665608414030672e-03
-6.5432725950493988e-03
-5.6536952806146490e-03
-4.9289629512680672e-03
-4.3410342829241760e-03
-3.8832511419123789e-03
-3.5106303968334791e-03
-3.2015588569100084e-03
-2.9652562584085323e-03
-2.7720485333316827e-03
-2.6026671662685882e-03
-2.4756332200972652e-03
-2.3707859630958130e-03
-2.2691926660006094e-03
-2.1943988059946917e-03
-2.1320067666215094e-03
-2.0627690518252579e-03
-2.0125690187678246e-03
-1.9703950235472980e-03
-1.9168286121895427e-03
-1.8784193646015415e-03
-1.8460271976851331e-03
-1.8006030390435256e-03
-1.7683072358293710e-03
-1.7408760558675232e-03
-1.7003199766883917e-03
-1.6717165933205430e-03
-1.6469895797791561e-03
-1.6099114034817045e-03
-1.5839967166918535e-03
-1.5608508739651109e-03
-1.5266570261842790e-03
-1.5030158004710288e-03
-1.4808233334380602e-03
-1.4492423691129226e-03
-1.4276923172209495e-03
-1.4060471063195501e-03
-1.3769335159525380e-03
-1.3573809894834158e-03
-1.3359848478900693e-03
-1.3092399323006417e-03
-1.2916224373374931e-03
-1.2702391213657424e-03
-1.2457827932649062e-03
-1.2300493957327077e-03
-1.2084887802509693e-03
-1.1862489666239473e-03
-1.1723531500119494e-03
-1.1504510249365145e-03
-1.1303602223765275e-03
-1.1182581099127807e-03
-1.0958782634877201e-03
-1.0778754135100010e-03
-1.0675292210815385e-03
-1.0445641018055731e-03
-1.0286004143379205e-03
-1.0175157939197386e-03
-9.9637297086557081e-04
-9.8243272707248630e-04
-9.7014014711309317e-04
-9.5132320706858375e-04
-9.3948067043757375e-04
-9.2613114055398584e-04
-9.0983257425067627e-04
-9.0040310250254533e-04
-8.8649668344878635e-04
-8.7336796642872080e-04
-8.6729302512334795e-04
-8.5418248954617474e-04
-8.4603016069976014e-04
-8.4485757541572382e-04
-8.3693625647084308e-04
-8.3835261715750620e-04
-8.4575906800873977e-04
-8.5387753882140336e-04
-8.7586957598636194e-04
-9.0650187775615778e-04
-9.4981400195162007e-04
-1.0174643510429547e-03
-1.1040717414018074e-03
-1.2248535376650914e-03
-1.3922156833184279e-03
-1.6050711045469709e-03
-1.8922209512599404e-03
-2.2687178445661036e-03
-2.7531739756583022e-03
-3.3846686942909832e-03
-4.1922596750975736e-03
-5.2232302438572275e-03
-6.5378100580061761e-03
-8.1916193733549830e-03
-1.0274422957081732e-02
-1.2881436048522434e-02
-1.6119685362765979e-02
-2.0133779751046597e-02
-2.5076520712483216e-02
-3.1132915991203422e-02
-3.8522047829926936e-02
-4.7479755665534674e-02
-5.8290934421651841e-02
-7.1271612900337136e-02
-8.6768472352145257e-02
-1.0517920807584111e-01
-1.2692763857093889e-01
-1.5247821451499066e-01
-1.8233064262801596e-01
-2.1700398801977844e-01
-2.5704663802859729e-01
-3.0301263682292773e-01
-3.5545407289525810e-01
-4.1490891127206175e-01
-4.8188096681531267e-01
-5.5681947866258286e-01
-6.4009841964223291e-01
-7.3192715625227345e-01
-8.3239632695875720e-01
-9.4158650426183266e-01
-1.0593373591080579e+00
-1.1852544036925903e+00
-1.3184395459299214e+00
-1.4584408761698699e+00
-1.6041332248491906e+00
-1.7539729572997609e+00
-1.9070170520728911e+00
-2.0609446995645171e+00
-2.2146608764843538e+00
-2.3658258067168907e+00
-2.5126665125823351e+00
-2.6534480274010677e+00
-2.7862481868035052e+00
-2.9089617932792899e+00
-3.0203739627241490e+00
-3.1190959714904758e+00
-3.2038875998360292e+00
-3.2738763526169663e+00
-3.3284058078749998e+00
-3.3670940222145780e+00
-3.3898893120361224e+00
-3.3966227221929035e+00
-3.3878507505413555e+00
-3.3641727719572012e+00
-3.3263146133935471e+00
-3.2752043460890969e+00
0.0000000000000000e+00
2.4055929233035767e-01
0.0000000000000000e+00
0.0000000000000000e+00
];
