%Vec Object:sol 1 MPI processes
%  type: mpi
sol = [
0.0000000000000000e+00
-1.1835953562252968e+01
-1.0843093158626909e+01
-9.9610872825461634e+00
-9.1839863590256190e+00
-8.4978574288357080e+00
-7.8884773736919005e+00
-7.3441803063124889e+00
-6.8554828923701310e+00
-6.4132567855441520e+00
-6.0108194984561205e+00
-5.6415567547872953e+00
-5.3007971163735075e+00
-4.9865428971190537e+00
-4.6958867159357265e+00
-4.4260424294561611e+00
-4.1718977821420671e+00
-3.9346141055510810e+00
-3.7128016197870854e+00
-3.5031245565825584e+00
-3.3053339004956706e+00
-3.1195410348853549e+00
-2.9426417838093037e+00
-2.7757230735176028e+00
-2.6173348155443650e+00
-2.4671037663359940e+00
-2.3244700762067856e+00
-2.1888788270126804e+00
-2.0601443827205146e+00
-1.9377982279785730e+00
-1.8212832198134259e+00
-1.7110127511388720e+00
-1.6056676742169882e+00
-1.5058361156457143e+00
-1.4111411197718100e+00
-1.3209811434147212e+00
-1.2355828643020563e+00
-1.1547484352328927e+00
-1.0778794543118317e+00
-1.0051829005180364e+00
-9.3649016567990351e-01
-8.7162697902021757e-01
-8.1020172326974405e-01
-7.5229320082575024e-01
-6.9777116624773772e-01
-6.4647716362852126e-01
-5.9827163186462295e-01
-5.5298422974028738e-01
-5.1045570236858340e-01
-4.7064375334418251e-01
-4.3340844923586280e-01
-3.9863910294585270e-01
-3.6621877279866444e-01
-3.3601330211379782e-01
-3.0792259729022320e-01
-2.8184240350106199e-01
-2.5764663854290332e-01
-2.3523624885642003e-01
-2.1450553952495588e-01
-1.9536372617257394e-01
-1.7771917454846053e-01
-1.6149428286196768e-01
-1.4658397146316399e-01
-1.3290059215291464e-01
-1.2038073504653876e-01
-1.0893188389281758e-01
-9.8471195527136221e-02
-8.8948958708984963e-02
-8.0285241443525668e-02
-7.2403197427899357e-02
-6.5265799852746165e-02
-5.8805170654629854e-02
-5.2951480061502208e-02
-4.7679051522014113e-02
-4.2931096124846115e-02
-3.8645504351141009e-02
-3.4806393752687431e-02
-3.1366788318555869e-02
-2.8272657104613800e-02
-2.5516236833993757e-02
-2.3058903896406559e-02
-2.0854764298773778e-02
-1.8902482313185476e-02
-1.7170262025940419e-02
-1.5620186486213137e-02
-1.4255728773411075e-02
-1.3050433890448000e-02
-1.1974073902467188e-02
-1.1033455153486927e-02
-1.0206093730245133e-02
-9.4691167696172220e-03
-8.8313805110240302e-03
-8.2731744587546709e-03
-7.7786670417673599e-03
-7.3577028883223981e-03
-6.9923531362001004e-03
-6.6735821848519653e-03
-6.4113982787333545e-03
-6.1888885026409358e-03
-6.0036669271487228e-03
-5.8653209226385145e-03
-5.7574238642551043e-03
-5.6842059721635384e-03
-5.6544916260188064e-03
-5.6520361379664213e-03
-5.6878024534886386e-03
-5.7697347010587435e-03
-5.8816971834910747e-03
-6.0416447119772685e-03
-6.2567503341374262e-03
-6.5111428142291374e-03
-6.8301723429542282e-03
-7.2180749943034769e-03
-7.6671148864396544e-03
-8.2030844303831747e-03
-8.8298467350738218e-03
-9.5498228262727528e-03
-1.0388478707364982e-02
-1.1350558182023409e-02
-1.2449294659032729e-02
-1.3710696745110523e-02
-1.5141316504002123e-02
-1.6765904391680599e-02
-1.8611990952569324e-02
-2.0688968270627467e-02
-2.3033771951293778e-02
-2.5675540729162179e-02
-2.8630305265439353e-02
-3.1944909863470157e-02
-3.5649607058538341e-02
-3.9774962197633226e-02
-4.4370831034378576e-02
-4.9471851611936783e-02
-5.5122850555785176e-02
-6.1376994671185396e-02
-6.8273549877455333e-02
-7.5870542744640862e-02
-8.4223710372200541e-02
-9.3377517733463575e-02
-1.0339984496125768e-01
-1.1434568738373686e-01
-1.2627033453958736e-01
-1.3924053886929230e-01
-1.5330182003619500e-01
-1.6852132825812105e-01
-1.8496177593564186e-01
-2.0267392111225679e-01
-2.2171763839993894e-01
-2.4214410925129268e-01
-2.6399822089694008e-01
-2.8732710691150060e-01
-3.1216702078263131e-01
-3.3854958285519055e-01
-3.6650033566940882e-01
-3.9603514737402545e-01
-4.2716180338616644e-01
-4.5985664073477711e-01
-4.9407897137051293e-01
-5.2984023757533616e-01
-5.6710567372790666e-01
-6.0582534880347372e-01
-6.4593445627666490e-01
-6.8736487958161185e-01
-7.2989597011957907e-01
-7.7352647826428034e-01
-8.1815460074285540e-01
-8.6364576634656254e-01
-9.0977791177585432e-01
-9.5635976587977056e-01
-1.0033348741590287e+00
-1.0505517455795708e+00
-1.0975735174189087e+00
-1.1444229306740248e+00
-1.1909462460843083e+00
-1.2366474155084781e+00
-1.2815994237019879e+00
-1.3255418786417998e+00
-1.3680817776752401e+00
-1.4093438796403088e+00
-1.4487635948010549e+00
-1.4864999620924946e+00
-1.5221282164912635e+00
-1.5556552128665631e+00
-1.5868106975013230e+00
-1.6155717491858217e+00
-1.6416821349897828e+00
-1.6652422202162080e+00
-1.6858729128250962e+00
-1.7038750592940923e+00
-1.7187918969675984e+00
-1.7309231920517185e+00
-1.7401076707245668e+00
-1.7462967392044877e+00
-1.7497253752881305e+00
-1.7500912296364828e+00
-1.7477143538372153e+00
-1.7426205444154359e+00
-1.7346821818478411e+00
-1.7242561428180447e+00
0.0000000000000000e+00
1.3464638167935297e-01
0.0000000000000000e+00
0.0000000000000000e+00
];
