%Vec Object:sol 1 MPI processes
%  type: mpi
sol = [
0.0000000000000000e+00
-8.2581495514230792e+00
-7.7106705185686488e+00
-7.2079339757781087e+00
-6.7431128302266696e+00
-6.3108985181583659e+00
-5.9087160719734131e+00
-5.5332510792537795e+00
-5.1820045504570214e+00
-4.8519123986456023e+00
-4.5395259420545120e+00
-4.2443264108102037e+00
-3.9657916053392039e+00
-3.7025843443652255e+00
-3.4517033784684261e+00
-3.2149457063384550e+00
-2.9904871631172769e+00
-2.7772352415901214e+00
-2.5761438097879590e+00
-2.3848698761007725e+00
-2.2046771315479918e+00
-2.0340193872773025e+00
-1.8733691036033562e+00
-1.7219782552420262e+00
-1.5794983398693265e+00
-1.4460581824317713e+00
-1.3208796560613321e+00
-1.2037822148227444e+00
-1.0947253944664217e+00
-9.9331064035283745e-01
-8.9898824251726472e-01
-8.1165558441839225e-01
-7.3104461562607181e-01
-6.5682702158314310e-01
-5.8867029742642607e-01
-5.2625191467264187e-01
-4.6918097045340029e-01
-4.1719294423218400e-01
-3.7000596413598169e-01
-3.2731601913194797e-01
-2.8879819016730290e-01
-2.5414674662496561e-01
-2.2309295187348910e-01
-1.9534397025858763e-01
-1.7060489592826100e-01
-1.4865228556586871e-01
-1.2923583418719742e-01
-1.1207888608081874e-01
-9.7008327325009386e-02
-8.3818232040333798e-02
-7.2267713676362783e-02
-6.2223056481018585e-02
-5.3523531659451624e-02
-4.5977179038655280e-02
-3.9475832010501553e-02
-3.3904814776508280e-02
-2.9117129308061467e-02
-2.5027376402634874e-02
-2.1560550190243392e-02
-1.8608037846883002e-02
-1.6103282781355411e-02
-1.4003235637424380e-02
-1.2230096192006488e-02
-1.0731852067619417e-02
-9.4896849022337772e-03
-8.4492215940994118e-03
-7.5690295646250452e-03
-6.8476144196635219e-03
-6.2475458788634692e-03
-5.7347817195983744e-03
-5.3194561650213735e-03
-4.9758284581255070e-03
-4.6749421707345659e-03
-4.4341727843946899e-03
-4.2354589154661258e-03
-4.0534704092743141e-03
-3.9096119146950822e-03
-3.7905775162707369e-03
-3.6738959454856038e-03
-3.5827427754246827e-03
-3.5065066891885265e-03
-3.4253117358520450e-03
-3.3625622585829527e-03
-3.3089192101879899e-03
-3.2471649333007148e-03
-3.1998987570542631e-03
-3.1580796992107508e-03
-3.1073967559128966e-03
-3.0689549207237933e-03
-3.0333394336879800e-03
-2.9894785716325016e-03
-2.9565206745189180e-03
-2.9242049648499050e-03
-2.8850511604631077e-03
-2.8559354999438962e-03
-2.8254093014157466e-03
-2.7899174414589118e-03
-2.7638456354578751e-03
-2.7343043107659775e-03
-2.7019584816280733e-03
-2.6785504014533654e-03
-2.6495623508376465e-03
-2.6201222010121604e-03
-2.5992276288101207e-03
-2.5705856631334091e-03
-2.5440009517671528e-03
-2.5256580362583909e-03
-2.4973821741604884e-03
-2.4738361891668789e-03
-2.4583600799874686e-03
-2.4308323019927355e-03
-2.4109384529534417e-03
-2.3967242730128192e-03
-2.3735075534444218e-03
-2.3587696664241777e-03
-2.3473221765682776e-03
-2.3314655320881002e-03
-2.3252282300038666e-03
-2.3208779647871497e-03
-2.3178902242963783e-03
-2.3272000260897087e-03
-2.3389325861106606e-03
-2.3601131921606711e-03
-2.3992127259605989e-03
-2.4449241853997427e-03
-2.5125570166250706e-03
-2.6082274719102876e-03
-2.7232520235016475e-03
-2.8796897600914459e-03
-3.0814763003657424e-03
-3.3320647222543727e-03
-3.6549132877507474e-03
-4.0571012096753435e-03
-4.5570958408790883e-03
-5.1833865251613796e-03
-5.9503344517820196e-03
-6.8957515948213088e-03
-8.0580076796815132e-03
-9.4658348705207902e-03
-1.1181264151199875e-02
-1.3256911485565768e-02
-1.5753149091687180e-02
-1.8754575998713125e-02
-2.2340282447130964e-02
-2.6609980404727535e-02
-3.1681199521683419e-02
-3.7669520998358338e-02
-4.4724913053460442e-02
-5.3003708238584524e-02
-6.2673304764939611e-02
-7.3933438351660288e-02
-8.6987935721324808e-02
-1.0206311045277243e-01
-1.1940635050454872e-01
-1.3926970419523785e-01
-1.6193140373433887e-01
-1.8767595607603885e-01
-2.1679317222125957e-01
-2.4958592824466860e-01
-2.8635074352154366e-01
-3.2738093178924232e-01
-3.7295889208777078e-01
-4.2334666974525309e-01
-4.7877933572104175e-01
-5.3945668962976889e-01
-6.0548689774101794e-01
-6.7692228076465355e-01
-7.5385735253849373e-01
-8.3624939852865698e-01
-9.2397667228183800e-01
-1.0167682501370703e+00
-1.1141295335922918e+00
-1.2158705647409034e+00
-1.3215086212635152e+00
-1.4299963087026806e+00
-1.5410317342569497e+00
-1.6536644572126509e+00
-1.7668137292135682e+00
-1.8798937817161503e+00
-1.9914280195932510e+00
-2.1008325270269435e+00
-2.2068488520284508e+00
-2.3083920275468799e+00
-2.4048190153129223e+00
-2.4948731066990621e+00
-2.5777113221007428e+00
-2.6527903572018277e+00
-2.7194025115989890e+00
-2.7770040018478022e+00
-2.8250969390086147e+00
-2.8633211291648171e+00
-2.8915911036564288e+00
-2.9098631382983644e+00
-2.9182215403897200e+00
-2.9167640581286527e+00
-2.9057808667788230e+00
-2.8855973884294595e+00
-2.8566171504980700e+00
-2.8193656373297853e+00
0.0000000000000000e+00
2.4055929233035767e-01
0.0000000000000000e+00
0.0000000000000000e+00
];
