%Vec Object:sol 1 MPI processes
%  type: mpi
sol = [
0.0000000000000000e+00
-1.5240343438573973e+01
-1.3605471929286251e+01
-1.2226083834748911e+01
-1.1057512936762368e+01
-1.0054895901064935e+01
-9.1786998062857634e+00
-8.4101769916729161e+00
-7.7314187814989914e+00
-7.1249788642658523e+00
-6.5785561727749542e+00
-6.0834561774657825e+00
-5.6314895273232874e+00
-5.2167210731085580e+00
-4.8348571859429494e+00
-4.4820377416584476e+00
-4.1543588505453943e+00
-3.8489598137004517e+00
-3.5649191860939053e+00
-3.3000475313246129e+00
-3.0521620060518413e+00
-2.8202420571006717e+00
-2.6036844119095783e+00
-2.4003472211757941e+00
-2.2105281224432249e+00
-2.0326875732733214e+00
-1.8666296897686412e+00
-1.7111744862249254e+00
-1.5664584057337159e+00
-1.4312293440133483e+00
-1.3053950157418894e+00
-1.1886137342142153e+00
-1.0800293669995835e+00
-9.7942637453156833e-01
-8.8649192594509241e-01
-8.0076495517179203e-01
-7.2174016167862154e-01
-6.4908091047366590e-01
-5.8249330897631069e-01
-5.2160748753307451e-01
-4.6605876275077357e-01
-4.1549821904560263e-01
-3.6960326646918085e-01
-3.2803781846766211e-01
-2.9044859965056602e-01
-2.5660637126153102e-01
-2.2621999321180955e-01
-1.9897791236790102e-01
-1.7465585186692981e-01
-1.5300525614898142e-01
-1.3374709467843227e-01
-1.1669914966827000e-01
-1.0165709907560180e-01
-8.8388322779490686e-02
-7.6739923487477282e-02
-6.6554754423728643e-02
-5.7645940144558018e-02
-4.9887719273541978e-02
-4.3166355207670710e-02
-3.7336900903271741e-02
-3.2297809671739230e-02
-2.7972853930625596e-02
-2.4253220201004740e-02
-2.1057929499891839e-02
-1.8341363470551830e-02
-1.6024178429943449e-02
-1.4042058226853397e-02
-1.2373027736295185e-02
-1.0960579928081499e-02
-9.7533984802741520e-03
-8.7467739769270195e-03
-7.9010741011844542e-03
-7.1748406766109999e-03
-6.5752425798452771e-03
-6.0745361911159540e-03
-5.6386814979653413e-03
-5.2824387926002497e-03
-4.9860149343471010e-03
-4.7210703478826081e-03
-4.5067110544511338e-03
-4.3281243137721481e-03
-4.1615910780777943e-03
-4.0282048867404307e-03
-3.9159742716302782e-03
-3.8052234684635548e-03
-3.7173769854992591e-03
-3.6417377192182235e-03
-3.5624550689040478e-03
-3.5001508054434199e-03
-3.4443616448944100e-03
-3.3830764063284622e-03
-3.3353520947957027e-03
-3.2902283693296793e-03
-3.2396807695012873e-03
-3.2006948382404189e-03
-3.1613080161593198e-03
-3.1176924600494200e-03
-3.0844281441616069e-03
-3.0482000570582323e-03
-3.0096026427258518e-03
-2.9805924303233748e-03
-2.9462615324737595e-03
-2.9118358094236633e-03
-2.8865169563395839e-03
-2.8536342955663607e-03
-2.8232509507793969e-03
-2.8017394598148760e-03
-2.7705602544758740e-03
-2.7448077302306586e-03
-2.7280103443538227e-03
-2.6997174852952635e-03
-2.6802534547151111e-03
-2.6678362781205199e-03
-2.6477115202718947e-03
-2.6380939462373279e-03
-2.6340684065948501e-03
-2.6282320540708635e-03
-2.6355017902473655e-03
-2.6486369203181162e-03
-2.6678912433248754e-03
-2.7053728031327818e-03
-2.7520578191158468e-03
-2.8163728178807342e-03
-2.9084016250585129e-03
-3.0182067588658337e-03
-3.1632651953268755e-03
-3.3518691527049962e-03
-3.5774121852671583e-03
-3.8649021035432464e-03
-4.2210325477613575e-03
-4.6521803820244716e-03
-5.1852619294402583e-03
-5.8305561499096634e-03
-6.6099343341088340e-03
-7.5553480805008386e-03
-8.6841080005025835e-03
-1.0036930756727697e-02
-1.1654429724109414e-02
-1.3566537610202212e-02
-1.5835712337996775e-02
-1.8513281242854427e-02
-2.1656425604032300e-02
-2.5344296870086137e-02
-2.9647581790915603e-02
-3.4655101489528453e-02
-4.0467579706091633e-02
-4.7179808110895512e-02
-5.4915347349537930e-02
-6.3797831969457583e-02
-7.3954963199332160e-02
-8.5538822441139264e-02
-9.8697272869818123e-02
-1.1359152543615893e-01
-1.3039425933169127e-01
-1.4927322378111421e-01
-1.7040744155103121e-01
-1.9397142069377857e-01
-2.2014776250429391e-01
-2.4911703877130406e-01
-2.8104662615082249e-01
-3.1609583973951771e-01
-3.5441066484447720e-01
-3.9611669007202605e-01
-4.4131738822354222e-01
-4.9008838750426614e-01
-5.4247395905444762e-01
-5.9843750604795565e-01
-6.5790877925288105e-01
-7.2085555637728760e-01
-7.8714418922780660e-01
-8.5660256170866000e-01
-9.2888860122345762e-01
-1.0036672653468661e+00
-1.0807098832571707e+00
-1.1596193854127084e+00
-1.2396370433642205e+00
-1.3205652609489802e+00
-1.4017752052847827e+00
-1.4824963605697294e+00
-1.5624735716372888e+00
-1.6406120341662507e+00
-1.7168236605968643e+00
-1.7899358006925732e+00
-1.8598922071805584e+00
-1.9256127921003554e+00
-1.9869151249460482e+00
-2.0432617461703897e+00
-2.0939363932220836e+00
-2.1389175608916351e+00
-2.1778215629196485e+00
-2.2100778978320932e+00
-2.2358317737751268e+00
-2.2549397477751354e+00
-2.2673727013169098e+00
-2.2729182458574275e+00
-2.2718399907461770e+00
-2.2643140619228488e+00
-2.2505190734172400e+00
-2.2307286186589446e+00
0.0000000000000000e+00
1.3464638167935297e-01
0.0000000000000000e+00
0.0000000000000000e+00
];
