%Vec Object:sol 1 MPI processes
%  type: mpi
sol = [
0.0000000000000000e+00
-7.3947779005860195e+00
-6.9541860578736365e+00
-6.5408098958181986e+00
-6.1588313703847044e+00
-5.8041413064711245e+00
-5.4729477910671349e+00
-5.1612733984021029e+00
-4.8661965726736431e+00
-4.5885894153295750e+00
-4.3266872581798541e+00
-4.0770235013980853e+00
-3.8402190033957053e+00
-3.6159668558058300e+00
-3.4011636078129759e+00
-3.1974404708757893e+00
-3.0032334969087899e+00
-2.8176780381057038e+00
-2.6415867179708936e+00
-2.4729814327094708e+00
-2.3128993002715719e+00
-2.1601550737387822e+00
-2.0150434157160477e+00
-1.8770844410028764e+00
-1.7458644504569520e+00
-1.6217616730359934e+00
-1.5038369104620735e+00
-1.3922762134198650e+00
-1.2870885770307039e+00
-1.1877508755654917e+00
-1.0940276888305318e+00
-1.0060405355869075e+00
-9.2351438833152866e-01
-8.4621062587425044e-01
-7.7376881931299812e-01
-7.0621648438027684e-01
-6.4334319202007351e-01
-5.8493811564086384e-01
-5.3079619016235757e-01
-4.8071772803166246e-01
-4.3446822483976877e-01
-3.9182296288865909e-01
-3.5266186345851275e-01
-3.1677889288210065e-01
-2.8396116351063455e-01
-2.5404315636826191e-01
-2.2683554871050882e-01
-2.0212168266290700e-01
-1.7976276621899639e-01
-1.5958897445579875e-01
-1.4139452857925583e-01
-1.2506038646016299e-01
-1.1044003063730887e-01
-9.7354082628581487e-02
-8.5694149125236097e-02
-7.5342699894836926e-02
-6.6149024820377766e-02
-5.8016692282578629e-02
-5.0856883393254282e-02
-4.4547245282034860e-02
-3.9003923450589735e-02
-3.4164568712950052e-02
-2.9932960863133223e-02
-2.6237503531341445e-02
-2.3038811877725156e-02
-2.0263355462866041e-02
-1.7850756494801352e-02
-1.5780461424132721e-02
-1.3997612334344012e-02
-1.2451639140571560e-02
-1.1136584559336221e-02
-1.0012230410987063e-02
-9.0362766651744236e-03
-8.2134461991386198e-03
-7.5144631951905537e-03
-6.9038837384603167e-03
-6.3937302668251386e-03
-5.9624992704146200e-03
-5.5804578575452696e-03
-5.2641674818731492e-03
-4.9973191616057263e-03
-4.7550679922620277e-03
-4.5563605594421399e-03
-4.3880734957683727e-03
-4.2297348632507493e-03
-4.1010598167299933e-03
-3.9905977970114102e-03
-3.8819920432481558e-03
-3.7945512013541553e-03
-3.7173882548651596e-03
-3.6381958820831759e-03
-3.5750451585424372e-03
-3.5168155505146122e-03
-3.4553129600621716e-03
-3.4067966674730995e-03
-3.3593479991519378e-03
-3.3090273286890755e-03
-3.2698968290663785e-03
-3.2288479786078709e-03
-3.1863758993787754e-03
-3.1540992164595222e-03
-3.1174611303174961e-03
-3.0815827139929540e-03
-3.0555049679305223e-03
-3.0230623082344336e-03
-2.9942206649046670e-03
-2.9753984753163329e-03
-2.9487591089662228e-03
-2.9293592066505503e-03
-2.9210502206184863e-03
-2.9043721245011556e-03
-2.8997746047097449e-03
-2.9062636153087285e-03
-2.9103359097853330e-03
-2.9308511271172386e-03
-2.9643061528336736e-03
-3.0050166304281646e-03
-3.0693722181937494e-03
-3.1524730756759848e-03
-3.2571169957500081e-03
-3.3981135689881755e-03
-3.5701644673214097e-03
-3.7855684137898249e-03
-4.0588946159779002e-03
-4.3859372029733572e-03
-4.7900333451398741e-03
-5.2864942718247330e-03
-5.8771670741173919e-03
-6.5957896370759748e-03
-7.4595389848814428e-03
-8.4866581652262262e-03
-9.7167921199943011e-03
-1.1175071571804402e-02
-1.2899542079028261e-02
-1.4939795502923457e-02
-1.7333266600361899e-02
-2.0141863902902880e-02
-2.3429446502101985e-02
-2.7251882719248773e-02
-3.1697190633792865e-02
-3.6845797738067836e-02
-4.2786295518577745e-02
-4.9629271070798245e-02
-5.7479416183720891e-02
-6.6459768412195350e-02
-7.6705646406612635e-02
-8.8348418722254282e-02
-1.0154565417955751e-01
-1.1645533289883077e-01
-1.3323898357796815e-01
-1.5207757548459491e-01
-1.7314733300963250e-01
-1.9663252532604847e-01
-2.2272268112983953e-01
-2.5159990059625142e-01
-2.8345075883987164e-01
-3.1845243490478237e-01
-3.5677138635865108e-01
-3.9856339866688617e-01
-4.4396554982791886e-01
-4.9309258104749742e-01
-5.4598262503245754e-01
-6.0268184511059220e-01
-6.6324402013480110e-01
-7.2764943686956451e-01
-7.9583765757839198e-01
-8.6769060094655392e-01
-9.4287216191851697e-01
-1.0212480694831296e+00
-1.1026010563049147e+00
-1.1866310465518530e+00
-1.2725542505273617e+00
-1.3603119805511084e+00
-1.4493878172781187e+00
-1.5388146210689133e+00
-1.6285596365152333e+00
-1.7175490795724508e+00
-1.8054913518289308e+00
-1.8914822027618166e+00
-1.9751503171445322e+00
-2.0555071254827673e+00
-2.1324134233271570e+00
-2.2047559829115730e+00
-2.2723689102386406e+00
-2.3348081170924808e+00
-2.3913000665629873e+00
-2.4416566639186406e+00
-2.4856544203444320e+00
-2.5230478046754610e+00
-2.5535320051807711e+00
-2.5769043768917239e+00
-2.5933092635484893e+00
-2.6027334243889042e+00
-2.6052829264221966e+00
-2.6010377895854004e+00
-2.5902113358067562e+00
-2.5730190381228328e+00
-2.5497202416187355e+00
-2.5206620358608665e+00
0.0000000000000000e+00
2.4055929233035767e-01
0.0000000000000000e+00
0.0000000000000000e+00
];
