%Vec Object:sol 1 MPI processes
%  type: mpi
sol = [
0.0000000000000000e+00
-1.2508543661221859e+01
-1.1406843750793387e+01
-1.0434166114726862e+01
-9.5821818800374210e+00
-8.8337888697212872e+00
-8.1719860118248722e+00
-7.5829882399005744e+00
-7.0557186965993646e+00
-6.5797941464373393e+00
-6.1475828861077817e+00
-5.7536141095788720e+00
-5.3920903060123422e+00
-5.0587808711953750e+00
-4.7491488840551392e+00
-4.4609490963059972e+00
-4.1925790489199279e+00
-3.9420726703253175e+00
-3.7067159666371681e+00
-3.4851747192267752e+00
-3.2771616700651856e+00
-3.0807491085051124e+00
-2.8951687620323114e+00
-2.7202022690619199e+00
-2.5538886315384741e+00
-2.3972403026333766e+00
-2.2480916794470320e+00
-2.1074629189344098e+00
-1.9736305846121820e+00
-1.8472677958637544e+00
-1.7271425626240642e+00
-1.6135881292436083e+00
-1.5061649397971173e+00
-1.4041776385432221e+00
-1.3079676606524129e+00
-1.2171046461825750e+00
-1.1310339757196819e+00
-1.0499575098083402e+00
-9.7361724144096573e-01
-9.0169544572078331e-01
-8.3393859206927001e-01
-7.7034254053405060e-01
-7.1070269785716245e-01
-6.5483914384034447e-01
-6.0257187014700075e-01
-5.5363264146679003e-01
-5.0798784196903268e-01
-4.6546500237500699e-01
-4.2591840054325331e-01
-3.8919750954300136e-01
-3.5513336987405791e-01
-3.2360140048349323e-01
-2.9446480466649716e-01
-2.6756448922782455e-01
-2.4276718367338448e-01
-2.1996496805505703e-01
-1.9902429515774614e-01
-1.7983646031691705e-01
-1.6229780759643450e-01
-1.4627663129315840e-01
-1.3167105252230965e-01
-1.1839593682885682e-01
-1.0633641960931965e-01
-9.5397920986852916e-02
-8.5513401433768718e-02
-7.6584984982822804e-02
-6.8526208502317262e-02
-6.1286995635235209e-02
-5.4785715496838291e-02
-4.8944833819726086e-02
-4.3729489707119311e-02
-3.9072908396719175e-02
-3.4906895248651822e-02
-3.1209694349158525e-02
-2.7927552964754892e-02
-2.5001615398393375e-02
-2.2420938955412091e-02
-2.0142721311143065e-02
-1.8117119439852596e-02
-1.6341698247605795e-02
-1.4782480717211947e-02
-1.3398106121027637e-02
-1.2192463194072562e-02
-1.1138366936606438e-02
-1.0202323346876830e-02
-9.3925794548300398e-03
-8.6869019431956712e-03
-8.0590589471127988e-03
-7.5199652134826430e-03
-7.0507510730033161e-03
-6.6319197127797293e-03
-6.2756607649411171e-03
-5.9651574443680714e-03
-5.6872368130977732e-03
-5.4542666343437947e-03
-5.2504496641200939e-03
-5.0686585082922357e-03
-4.9206226381292512e-03
-4.7907973298379949e-03
-4.6779571397794067e-03
-4.5926347820862447e-03
-4.5190220667759859e-03
-4.4617778815913937e-03
-4.4299216080971471e-03
-4.4070893630795763e-03
-4.4039555716533169e-03
-4.4279251269242551e-03
-4.4620076646960886e-03
-4.5231636622668353e-03
-4.6172987811803215e-03
-4.7269457205464062e-03
-4.8757703979022482e-03
-5.0660068093298120e-03
-5.2876161787738536e-03
-5.5640191921172413e-03
-5.8963667573744575e-03
-6.2841301734011786e-03
-6.7497714890752004e-03
-7.2946786066336059e-03
-7.9286191598146837e-03
-8.6740974387516465e-03
-9.5338137493597690e-03
-1.0528780497359294e-02
-1.1682768505769105e-02
-1.3001088103695341e-02
-1.4517075925994511e-02
-1.6256226674720268e-02
-1.8230744111681463e-02
-2.0484570704260199e-02
-2.3044930080071923e-02
-2.5939693329065993e-02
-2.9217095514672987e-02
-3.2910145130408963e-02
-3.7063094911959450e-02
-4.1729664041053521e-02
-4.6949808145285321e-02
-5.2784269745986295e-02
-5.9292515374054285e-02
-6.6523101165110413e-02
-7.4551144676810580e-02
-8.3439334303956725e-02
-9.3252221979039970e-02
-1.0406876894549605e-01
-1.1595652260082875e-01
-1.2899216171645111e-01
-1.4325556321762548e-01
-1.5880576003997376e-01
-1.7573198279134239e-01
-1.9410899183362273e-01
-2.1400555390111115e-01
-2.3549644708176826e-01
-2.5864488693411453e-01
-2.8351144533609557e-01
-3.1015220923788067e-01
-3.3861180933743990e-01
-3.6892949960294780e-01
-4.0113289077938713e-01
-4.3523854504288728e-01
-4.7124959435520686e-01
-5.0908971545099313e-01
-5.4878325477586276e-01
-5.9028966888637457e-01
-6.3355592354466828e-01
-6.7850130470712333e-01
-7.2503420039441746e-01
-7.7291489897755039e-01
-8.2210162324694624e-01
-8.7247139463699419e-01
-9.2385739255652777e-01
-9.7592705390101098e-01
-1.0285491263610711e+00
-1.0815777965987958e+00
-1.1347150988551473e+00
-1.1875912293273569e+00
-1.2401702019309657e+00
-1.2920626721811530e+00
-1.3429611577636495e+00
-1.3928324504241758e+00
-1.4410267768278513e+00
-1.4876873881804520e+00
-1.5322774104918506e+00
-1.5747720307142972e+00
-1.6147635743924382e+00
-1.6522405806520426e+00
-1.6867884178799146e+00
-1.7185292642288184e+00
-1.7469468336555658e+00
-1.7722978968771186e+00
-1.7941643648781813e+00
-1.8126541467770978e+00
-1.8277443423322248e+00
-1.8391620483359739e+00
-1.8471811505497924e+00
-1.8516837743799877e+00
-1.8526277812271812e+00
-1.8502720981580512e+00
-1.8445269606965486e+00
-1.8354702789603343e+00
-1.8233829282879221e+00
0.0000000000000000e+00
1.3464638167935297e-01
0.0000000000000000e+00
0.0000000000000000e+00
];
