%Vec Object:sol 1 MPI processes
%  type: mpi
sol = [
0.0000000000000000e+00
-2.5379656541815336e+01
-2.1083586347423420e+01
-1.7804861703377075e+01
-1.5240238694143985e+01
-1.3171884585259662e+01
-1.1458817321474399e+01
-1.0010774588691559e+01
-8.7661438941861007e+00
-7.6789635022057254e+00
-6.7238605545807655e+00
-5.8782045314498621e+00
-5.1255730251609837e+00
-4.4550680424162605e+00
-3.8575534861671512e+00
-3.3256839026729410e+00
-2.8527613850585865e+00
-2.4339215912712682e+00
-2.0651866421963576e+00
-1.7412856158210632e+00
-1.4591316403268686e+00
-1.2145133960764871e+00
-1.0039920814024372e+00
-8.2419613070008257e-01
-6.7178215161236188e-01
-5.4349820365737578e-01
-4.3646954905072316e-01
-3.4793924910117485e-01
-2.7531461808883440e-01
-2.1628136497406469e-01
-1.6871935211749173e-01
-1.3068523723855308e-01
-1.0059002825268530e-01
-7.6999065707978598e-02
-5.8613515845847231e-02
-4.4450617841661093e-02
-3.3653207586282340e-02
-2.5453954874522691e-02
-1.9291612602182855e-02
-1.4724479547139083e-02
-1.1345349425574268e-02
-8.8512053863321772e-03
-7.0555011688194788e-03
-5.7642720478136783e-03
-4.8089413442004491e-03
-4.1416539015014147e-03
-3.6817075000429712e-03
-3.3187090244565717e-03
-3.0729880976157692e-03
-2.9150822142324680e-03
-2.7667110572543330e-03
-2.6660173495541982e-03
-2.6066678220754451e-03
-2.5355649612870935e-03
-2.4812146978003056e-03
-2.4519300677502830e-03
-2.4089434226939785e-03
-2.3687719705503801e-03
-2.3479652315100399e-03
-2.3169841140567430e-03
-2.2814406846850643e-03
-2.2629751349539451e-03
-2.2386124604872096e-03
-2.2051544251192328e-03
-2.1875301629675713e-03
-2.1676631754665304e-03
-2.1357248460575672e-03
-2.1187016677740949e-03
-2.1021826544220831e-03
-2.0717002701779504e-03
-2.0553386058241242e-03
-2.0413592984828786e-03
-2.0123756460386152e-03
-1.9967877084926867e-03
-1.9847000248794065e-03
-1.9572689199583160e-03
-1.9425614562272203e-03
-1.9318229520353860e-03
-1.9059884797366297e-03
-1.8922515450273045e-03
-1.8824024430179568e-03
-1.8581961989584026e-03
-1.8455029116297144e-03
-1.8361523577120002e-03
-1.8135942256874732e-03
-1.8020024654714863e-03
-1.7928181285244060e-03
-1.7719179338028907e-03
-1.7614725187868310e-03
-1.7521724146898523e-03
-1.7329320813855506e-03
-1.7236672883406642e-03
-1.7140133644899811e-03
-1.6964289252541676e-03
-1.6883707595169621e-03
-1.6781629316088037e-03
-1.6622249350214647e-03
-1.6553917590329309e-03
-1.6444641412896128e-03
-1.6301601914440907e-03
-1.6245653150019138e-03
-1.6127858477749649e-03
-1.6001005019965035e-03
-1.5957521743363303e-03
-1.5830071537312309e-03
-1.5719222502710811e-03
-1.5688240704905508e-03
-1.5550205290597921e-03
-1.5455155525134535e-03
-1.5436669719069468e-03
-1.5287287716897794e-03
-1.5207801015167128e-03
-1.5176470209540200e-03
-1.5040446772471559e-03
-1.4976265206906910e-03
-1.4926982241088454e-03
-1.4808849303425025e-03
-1.4759694444710634e-03
-1.4692400507065597e-03
-1.4591710130042632e-03
-1.4557289606460151e-03
-1.4472080182457660e-03
-1.4388389899766170e-03
-1.4368407307355385e-03
-1.4265378445360779e-03
-1.4198251358415166e-03
-1.4182702723680716e-03
-1.4071698032102680e-03
-1.4020709840559394e-03
-1.3983571617557581e-03
-1.3890528219727648e-03
-1.3855274756613010e-03
-1.3797011700942773e-03
-1.3721447550772198e-03
-1.3701593327961632e-03
-1.3622886080532734e-03
-1.3564518250650383e-03
-1.3555859312974544e-03
-1.3461996717640502e-03
-1.3421413619919668e-03
-1.3392072293695559e-03
-1.3319774688944424e-03
-1.3301309706259170e-03
-1.3259729995672568e-03
-1.3220910242651993e-03
-1.3243889191575898e-03
-1.3221896642430582e-03
-1.3264524975042566e-03
-1.3379583250200128e-03
-1.3516108619598805e-03
-1.3813114963819513e-03
-1.4266192182093354e-03
-1.4962239197678262e-03
-1.6081755801884295e-03
-1.7701864234869087e-03
-2.0150886863491086e-03
-2.3775532668892660e-03
-2.8990575030049203e-03
-3.6554703587448720e-03
-4.7316083083389074e-03
-6.2501250846932963e-03
-8.3777066502312772e-03
-1.1317143696409997e-02
-1.5351717994457559e-02
-2.0831353409782684e-02
-2.8195824030807271e-02
-3.8005061219330463e-02
-5.0931770624438447e-02
-6.7799201229825856e-02
-8.9584939693241356e-02
-1.1742182972233592e-01
-1.5262175433159714e-01
-1.9664502570372283e-01
-2.5109042793388703e-01
-3.1763033437236698e-01
-3.9801356748113798e-01
-4.9393797120716426e-01
-6.0696551435556445e-01
-7.3840436233404005e-01
-8.8916817660072522e-01
-1.0595429395254841e+00
-1.2490839644583525e+00
-1.4568455840864145e+00
-1.6805420195071394e+00
-1.9171737330234930e+00
-2.1627194074938529e+00
-2.4125914721132360e+00
-2.6607182609247610e+00
-2.9016664979197238e+00
-3.1292223491505955e+00
-3.3374836857907395e+00
-3.5210155504060108e+00
-3.6752111047566540e+00
-3.7965369257720631e+00
-3.8818825448415546e+00
-3.9303318316239992e+00
-3.9417990907979950e+00
-3.9164437169589066e+00
-3.8568730366306272e+00
0.0000000000000000e+00
1.3464638167935297e-01
0.0000000000000000e+00
0.0000000000000000e+00
];
