%Vec Object:sol 1 MPI processes
%  type: mpi
sol = [
0.0000000000000000e+00
-6.2023609089329081e+00
-5.8850014654196752e+00
-5.5879190173480424e+00
-5.3129198661618018e+00
-5.0523666898881130e+00
-4.8058313443182170e+00
-4.5751769502024660e+00
-4.3545432167972145e+00
-4.1455311006257078e+00
-3.9478016113613776e+00
-3.7572078388720178e+00
-3.5770855938848465e+00
-3.4035268110448786e+00
-3.2381742463654790e+00
-3.0796880688028385e+00
-2.9274933781069454e+00
-2.7816950491098393e+00
-2.6416196545566661e+00
-2.5072148408310544e+00
-2.3780344463773715e+00
-2.2539493177878551e+00
-2.1351613632112811e+00
-2.0204138391556130e+00
-1.9108920267127076e+00
-1.8054130629456333e+00
-1.7042546499547020e+00
-1.6076157240695128e+00
-1.5145923565279740e+00
-1.4256486782281867e+00
-1.3407391465714200e+00
-1.2594310502537578e+00
-1.1816811582304116e+00
-1.1076076069706238e+00
-1.0371191743941135e+00
-9.6984667261490232e-01
-9.0580060721985778e-01
-8.4503113704278110e-01
-7.8741874523931821e-01
-7.3285031981205873e-01
-6.8116305745529393e-01
-6.3223109573740877e-01
-5.8607656659704355e-01
-5.4259746004122311e-01
-5.0168827921548953e-01
-4.6325822487119900e-01
-4.2720951693830772e-01
-3.9342786395405194e-01
-3.6183657939523350e-01
-3.3228871933117760e-01
-3.0472798545680319e-01
-2.7908416744059894e-01
-2.5526654823018641e-01
-2.3315716648641485e-01
-2.1268449268470530e-01
-1.9376742942332781e-01
-1.7629542692033787e-01
-1.6019595036313997e-01
-1.4539911603256242e-01
-1.3180413637091196e-01
-1.1933842192344468e-01
-1.0794420804240731e-01
-9.7531946150567927e-02
-8.8030545022859327e-02
-7.9394571641351649e-02
-7.1546335158003183e-02
-6.4417904108681853e-02
-5.7975747794749025e-02
-5.2153866672331267e-02
-4.6889014262071559e-02
-4.2158570464573997e-02
-3.7907493977733665e-02
-3.4078317998714996e-02
-3.0657992141348404e-02
-2.7601288996536414e-02
-2.4857179719392202e-02
-2.2420632515630281e-02
-2.0254835544510425e-02
-1.8315486536369632e-02
-1.6603941986095581e-02
-1.5090297338915499e-02
-1.3736995494559503e-02
-1.2550182659083845e-02
-1.1505362871775091e-02
-1.0571576133296285e-02
-9.7582776202080786e-03
-9.0449816211853381e-03
-8.4071021222020519e-03
-7.8560986997936837e-03
-7.3742595392877570e-03
-6.9431459903414369e-03
-6.5751285203171327e-03
-6.2542319558023529e-03
-5.9679865641317636e-03
-5.7288068353312342e-03
-5.5216338313734126e-03
-5.3398707680684301e-03
-5.1953412374428501e-03
-5.0733080674976406e-03
-4.9730553619420029e-03
-4.9054116501526636e-03
-4.8555984451716929e-03
-4.8289032582830849e-03
-4.8349893627850950e-03
-4.8588971232568466e-03
-4.9121935635518619e-03
-5.0034324164480023e-03
-5.1175710244707002e-03
-5.2728899279331455e-03
-5.4771294143645790e-03
-5.7155118576397339e-03
-6.0136415456947031e-03
-6.3765531307395235e-03
-6.7976789746797949e-03
-7.3034141523142188e-03
-7.8988830253908064e-03
-8.5880251624600688e-03
-9.3976173345399847e-03
-1.0334472687028419e-02
-1.1414092190405664e-02
-1.2664924704464273e-02
-1.4096857242878975e-02
-1.5738162432027015e-02
-1.7620469358774770e-02
-1.9758340266402150e-02
-2.2194100461418623e-02
-2.4963298017680040e-02
-2.8089584997130313e-02
-3.1627813101860247e-02
-3.5617697507573043e-02
-4.0100451717206241e-02
-4.5135512076115908e-02
-5.0771715405914054e-02
-5.7068484487967024e-02
-6.4094482917389339e-02
-7.1906362825865655e-02
-8.0580517516478475e-02
-9.0192648411007145e-02
-1.0080915991772578e-01
-1.1252045666988179e-01
-1.2540602427299599e-01
-1.3954699712892268e-01
-1.5503650809332314e-01
-1.7195763494910660e-01
-1.9040000534256032e-01
-2.1045450858865633e-01
-2.3220246389717175e-01
-2.5573268792748488e-01
-2.8112565887380730e-01
-3.0845537167585596e-01
-3.3779486045531953e-01
-3.6920624192662321e-01
-4.0274369644966984e-01
-4.3845117146904883e-01
-4.7629259135878743e-01
-5.1633972745176515e-01
-5.5859616421116898e-01
-6.0305240742687660e-01
-6.4967482563091505e-01
-6.9842035367337441e-01
-7.4919600017398613e-01
-8.0177589076486255e-01
-8.5619446060978210e-01
-9.1231412753876118e-01
-9.6998999867827851e-01
-1.0288770863488459e+00
-1.0888342611701831e+00
-1.1497641801870959e+00
-1.2113675847235510e+00
-1.2731419904291219e+00
-1.3351644777104041e+00
-1.3970015324001046e+00
-1.4582046096820609e+00
-1.5188340904180393e+00
-1.5781255224110966e+00
-1.6362052776325136e+00
-1.6924760409564055e+00
-1.7468322185568810e+00
-1.7988583597532393e+00
-1.8484371374780870e+00
-1.8951017135998254e+00
-1.9389943331100115e+00
-1.9793363047316499e+00
-2.0164998701866734e+00
-2.0500491520162760e+00
-2.0797991682612937e+00
-2.1058828073405143e+00
-2.1279996630509408e+00
-2.1460877648740504e+00
-2.1602851472167326e+00
-2.1705925187501407e+00
-2.1766983143821697e+00
-2.1789429430144747e+00
-2.1774160701079834e+00
-2.1721481647650700e+00
-2.1630399510089915e+00
-2.1504114810360608e+00
-2.1344029453186435e+00
-2.1151864507582934e+00
0.0000000000000000e+00
2.4055929233035767e-01
0.0000000000000000e+00
0.0000000000000000e+00
];
