%Vec Object:sol 1 MPI processes
%  type: mpi
sol = [
0.0000000000000000e+00
-7.8206017898620566e+00
-7.3285935763847370e+00
-6.8730027606635966e+00
-6.4497082140937838e+00
-6.0572925102273629e+00
-5.6915195461396682e+00
-5.3494676769777136e+00
-5.0287221452203070e+00
-4.7237056320138215e+00
-4.4364144069757625e+00
-4.1657458286124438e+00
-3.9086230969098397e+00
-3.6638151407387332e+00
-3.4323938923997841e+00
-3.2119572507265763e+00
-3.0023639273362379e+00
-2.8035883805340673e+00
-2.6141037252672437e+00
-2.4347836742807827e+00
-2.2637499342088123e+00
-2.1022052542104723e+00
-1.9487671311584425e+00
-1.8035761806653998e+00
-1.6666476274642779e+00
-1.5369535448759664e+00
-1.4149653072081250e+00
-1.3003568460040700e+00
-1.1923867600027056e+00
-1.0913045032741946e+00
-9.9682871720027255e-01
-9.0871607396911858e-01
-8.2641448167158560e-01
-7.4997495607100917e-01
-6.7914270406601884e-01
-6.1364767182588964e-01
-5.5323194757798888e-01
-4.9762791997159578e-01
-4.4653547412214784e-01
-3.9973444683338122e-01
-3.5700537562164486e-01
-3.1809299792257040e-01
-2.8276978166611644e-01
-2.5078594864939341e-01
-2.2188639269589971e-01
-1.9587544663063314e-01
-1.7253103799470992e-01
-1.5160329396662744e-01
-1.3293358052003398e-01
-1.1633047283982598e-01
-1.0156635970611248e-01
-8.8511369536020720e-02
-7.7007912121412489e-02
-6.6865986187246484e-02
-5.7973719902481735e-02
-5.0211408580494887e-02
-4.3426473237719775e-02
-3.7524934343208076e-02
-3.2422104228756875e-02
-2.7999746069019445e-02
-2.4180450664446091e-02
-2.0909741661394490e-02
-1.8098907922463839e-02
-1.5684865301263864e-02
-1.3637672170929446e-02
-1.1892603872658074e-02
-1.0398272373530562e-02
-9.1435488077391842e-03
-8.0822094926349015e-03
-7.1720390625188979e-03
-6.4155052795751210e-03
-5.7799828354552479e-03
-5.2302716791510521e-03
-4.7780508055310991e-03
-4.4002134809236360e-03
-4.0669405490573072e-03
-3.7956462272915122e-03
-3.5695305000277636e-03
-3.3630613100923789e-03
-3.1967631864033134e-03
-3.0577231610901950e-03
-2.9240750928674008e-03
-2.8175470037070873e-03
-2.7273504166937012e-03
-2.6350282923694518e-03
-2.5621694682211832e-03
-2.4988563199526770e-03
-2.4300362121229399e-03
-2.3762339424719127e-03
-2.3275228510060142e-03
-2.2724042355080970e-03
-2.2297108683548873e-03
-2.1888914903232574e-03
-2.1422305840115654e-03
-2.1064448191876438e-03
-2.0699244488743681e-03
-2.0289942499872923e-03
-1.9979702975451300e-03
-1.9638770822086918e-03
-1.9273316066283535e-03
-1.9000608509828160e-03
-1.8675092100238228e-03
-1.8348100972635981e-03
-1.8109875453195283e-03
-1.7797529248007417e-03
-1.7509717501292073e-03
-1.7309040121848728e-03
-1.7014362792813632e-03
-1.6773706515751492e-03
-1.6622022721391602e-03
-1.6359681358388591e-03
-1.6186227460348321e-03
-1.6085055412682900e-03
-1.5912786270959370e-03
-1.5849026949923514e-03
-1.5847350356334837e-03
-1.5837393280580202e-03
-1.5967844522197974e-03
-1.6171162560279409e-03
-1.6453989351152805e-03
-1.6940065546794253e-03
-1.7547481725347020e-03
-1.8366687289721904e-03
-1.9506213556782269e-03
-2.0880763113401380e-03
-2.2676111691102697e-03
-2.4991288814420580e-03
-2.7783219436279013e-03
-3.1322816107899661e-03
-3.5706962892479484e-03
-4.1035610831839887e-03
-4.7616951603976125e-03
-5.5604746888124170e-03
-6.5275816182096260e-03
-7.7016701095453406e-03
-9.1083563200465706e-03
-1.0797572947666124e-02
-1.2820784222778074e-02
-1.5220886931567444e-02
-1.8074542480885046e-02
-2.1449853307105027e-02
-2.5423148602362007e-02
-3.0094848827344072e-02
-3.5560195564705514e-02
-4.1935187971098048e-02
-4.9350152328889500e-02
-5.7932018032044300e-02
-6.7842438187074833e-02
-7.9245256049761403e-02
-9.2312123807938351e-02
-1.0724133415228573e-01
-1.2423101694689756e-01
-1.4349488555994511e-01
-1.6525992728647046e-01
-1.8975130498418738e-01
-2.1720928563134795e-01
-2.4787165740027933e-01
-2.8197227355522775e-01
-3.1974491394666232e-01
-3.6140879904448892e-01
-4.0716831306572854e-01
-4.5720651126251766e-01
-5.1168100195797273e-01
-5.7069960158180588e-01
-6.3424273116711893e-01
-7.0242454457966019e-01
-7.7521384270717342e-01
-8.5253360991590221e-01
-9.3423336754956876e-01
-1.0198773427460115e+00
-1.1093011742226235e+00
-1.2021878349909878e+00
-1.2979963943357484e+00
-1.3959885952643636e+00
-1.4959030120459662e+00
-1.5967910961914977e+00
-1.6980236092520182e+00
-1.7988994825902311e+00
-1.8984224947613133e+00
-1.9959752761931244e+00
-2.0906467160294304e+00
-2.1815551791568595e+00
-2.2682401588498995e+00
-2.3494602177456634e+00
-2.4248642462279495e+00
-2.4939226331063011e+00
-2.5559834337165275e+00
-2.6103118724009278e+00
-2.6568928597505979e+00
-2.6953656753978494e+00
-2.7255566867725411e+00
-2.7473371928892130e+00
-2.7606728291448932e+00
-2.7656756520016317e+00
-2.7624456154423749e+00
-2.7512428339889152e+00
-2.7323422648123472e+00
-2.7060765234015793e+00
-2.6728809287644011e+00
0.0000000000000000e+00
2.4055929233035767e-01
0.0000000000000000e+00
0.0000000000000000e+00
];
