%Vec Object:sol 1 MPI processes
%  type: mpi
sol = [
0.0000000000000000e+00
-2.1539277409310941e+01
-1.8403295077214363e+01
-1.5900056651771219e+01
-1.3881173474758532e+01
-1.2227932561891052e+01
-1.0838940539273118e+01
-9.6467181142060383e+00
-8.6153937948060033e+00
-7.7061129260677115e+00
-6.8989624848233415e+00
-6.1782330861730914e+00
-5.5293157044690124e+00
-4.9422289466553044e+00
-4.4103042658901161e+00
-3.9274347459980889e+00
-3.4885353123691867e+00
-3.0899654055250032e+00
-2.7287774667333466e+00
-2.4012878401110331e+00
-2.1053057881589976e+00
-1.8388106860411415e+00
-1.5994046752498252e+00
-1.3851341183138730e+00
-1.1944288912912726e+00
-1.0251190408836781e+00
-8.7564804543468144e-01
-7.4441373074240225e-01
-6.2977013330100007e-01
-5.3014687069456978e-01
-4.4398154994186773e-01
-3.6992327740784214e-01
-3.0667634296056184e-01
-2.5298782370663520e-01
-2.0764301884156577e-01
-1.6960897822484280e-01
-1.3791545598125002e-01
-1.1163284928972216e-01
-8.9983953377664211e-02
-7.2285657308624671e-02
-5.7884118412505674e-02
-4.6226254704204661e-02
-3.6879416088307769e-02
-2.9421807991243793e-02
-2.3475540618521987e-02
-1.8800921003718565e-02
-1.5149541955233232e-02
-1.2265725215032081e-02
-1.0043166598471097e-02
-8.3463207347076393e-03
-7.0087211100846956e-03
-5.9948263264652116e-03
-5.2385757676272088e-03
-4.6388566069704412e-03
-4.1854961325016272e-03
-3.8562940316094283e-03
-3.5886873300142071e-03
-3.3805991788985242e-03
-3.2342662733547065e-03
-3.1093012175023296e-03
-3.0030597151693298e-03
-2.9309584373686205e-03
-2.8654398992193726e-03
-2.7999003757863180e-03
-2.7567371189404638e-03
-2.7160713094967863e-03
-2.6667661658563691e-03
-2.6348311888004412e-03
-2.6051932569644692e-03
-2.5629184970030173e-03
-2.5357229379224491e-03
-2.5116406977554570e-03
-2.4731340462528029e-03
-2.4484584790768161e-03
-2.4276456108580174e-03
-2.3918112302723192e-03
-2.3689558075809425e-03
-2.3503032917737404e-03
-2.3167842002081557e-03
-2.2955522805814406e-03
-2.2783927908766868e-03
-2.2470665518768648e-03
-2.2274139586389943e-03
-2.2112649265793242e-03
-2.1820767799903733e-03
-2.1639986485589638e-03
-2.1484736631814205e-03
-2.1213851723583042e-03
-2.1048823443428257e-03
-2.0896589007696168e-03
-2.0646338896574260e-03
-2.0497044834093502e-03
-2.0345101446703298e-03
-2.0115115990453677e-03
-1.9981497092374234e-03
-1.9827536101682634e-03
-1.9617422285650326e-03
-1.9499371644247361e-03
-1.9341451907085015e-03
-1.9150810944152622e-03
-1.9048193324580538e-03
-1.8884732971627767e-03
-1.8713156055517248e-03
-1.8625805814765771e-03
-1.8455426298395617e-03
-1.8302497826724181e-03
-1.8230223716588375e-03
-1.8051775134756616e-03
-1.7917077980518234e-03
-1.7859669900580589e-03
-1.7672193639384848e-03
-1.7555303022860039e-03
-1.7487253400234471e-03
-1.7315266338436437e-03
-1.7215759036552990e-03
-1.7131804585848681e-03
-1.6979686154186412e-03
-1.6897142135405164e-03
-1.6797090250560390e-03
-1.6664271413946500e-03
-1.6598291286149677e-03
-1.6482149030864362e-03
-1.6368128682571980e-03
-1.6318399348723956e-03
-1.6186308253887151e-03
-1.6090792343491584e-03
-1.6047602370301967e-03
-1.5909906917226360e-03
-1.5833307307177903e-03
-1.5771972930619384e-03
-1.5656655992123782e-03
-1.5601706259572507e-03
-1.5527410904670237e-03
-1.5441015744430714e-03
-1.5417739828045981e-03
-1.5346313003254009e-03
-1.5310537669038329e-03
-1.5346384119034027e-03
-1.5328352639374084e-03
-1.5407970316933960e-03
-1.5561472710028932e-03
-1.5759906680291058e-03
-1.6134565425359214e-03
-1.6655559729930722e-03
-1.7412140651001126e-03
-1.8548093494959977e-03
-2.0069269531738810e-03
-2.2232968330729726e-03
-2.5239600440449812e-03
-2.9286934056616050e-03
-3.4831178505933345e-03
-4.2269792495146230e-03
-5.2191956013304839e-03
-6.5398984379271162e-03
-8.2728396035507950e-03
-1.0542315466090984e-02
-1.3491916759240372e-02
-1.7290905052805044e-02
-2.2161822505373793e-02
-2.8355834556383054e-02
-3.6179135874474785e-02
-4.5995878555461403e-02
-5.8216256385083445e-02
-7.3329545732655807e-02
-9.1881831855479615e-02
-1.1448373475489122e-01
-1.4181931360704891e-01
-1.7462202285649389e-01
-2.1368087425103433e-01
-2.5979847692824998e-01
-3.1381834209470516e-01
-3.7656578507227950e-01
-4.4882037937499941e-01
-5.3128084758538752e-01
-6.2452215773845354e-01
-7.2895925847217902e-01
-8.4475612143819412e-01
-9.7165895822516613e-01
-1.1094321634149540e+00
-1.2573491616125827e+00
-1.4140360857883181e+00
-1.5781339841348445e+00
-1.7477454178553551e+00
-1.9204668373988985e+00
-2.0938990120125269e+00
-2.2653680046335518e+00
-2.4316399197356806e+00
-2.5901618556927879e+00
-2.7380724401617451e+00
-2.8726033460271809e+00
-2.9913833094953688e+00
-3.0923754520386892e+00
-3.1739579182323685e+00
-3.2350083264281926e+00
-3.2747838498813002e+00
-3.2931267192569895e+00
-3.2902662422756874e+00
-3.2668395749163341e+00
-3.2238978857609060e+00
0.0000000000000000e+00
1.3464638167935297e-01
0.0000000000000000e+00
0.0000000000000000e+00
];
