%Vec Object:sol 1 MPI processes
%  type: mpi
sol = [
0.0000000000000000e+00
-2.3698949458376454e+01
-1.9925435510402963e+01
-1.6994796959483619e+01
-1.4676878191299823e+01
-1.2794168410265398e+01
-1.1220894461423365e+01
-9.8838913208556676e+00
-8.7330204478676059e+00
-7.7219151397590622e+00
-6.8309423577682820e+00
-6.0377443628859542e+00
-5.3278591326950231e+00
-4.6911202566266992e+00
-4.1191074318366718e+00
-3.6050738609066912e+00
-3.1433888081568573e+00
-2.7289411743232423e+00
-2.3589407337144910e+00
-2.0292790565979701e+00
-1.7366395288984759e+00
-1.4783917830374018e+00
-1.2516627021545761e+00
-1.0534001308013115e+00
-8.8138820753173253e-01
-7.3304742425299330e-01
-6.0593929489600196e-01
-4.9767502501218419e-01
-4.0616696968765637e-01
-3.2941223331435432e-01
-2.6550418767448131e-01
-2.1264319011183497e-01
-1.6929048772569544e-01
-1.3401456197274161e-01
-1.0547617144005635e-01
-8.2602556459792476e-02
-6.4424993322230159e-02
-5.0050936263850647e-02
-3.8782331944594177e-02
-3.0039830953881963e-02
-2.3284984737501759e-02
-1.8091308897848705e-02
-1.4158852897592372e-02
-1.1193763317459790e-02
-8.9405123679071052e-03
-7.2762069384557058e-03
-6.0575700084106801e-03
-5.1226308597897459e-03
-4.4493153841239181e-03
-3.9743336402055587e-03
-3.5926988945008541e-03
-3.3215027732298014e-03
-3.1382321151174415e-03
-2.9774864363961420e-03
-2.8584299526209179e-03
-2.7824244547119954e-03
-2.7056017941739226e-03
-2.6407290788391241e-03
-2.6016449101774141e-03
-2.5568915174234339e-03
-2.5107091358782512e-03
-2.4837673467983448e-03
-2.4524328086737430e-03
-2.4130480288270285e-03
-2.3902168769592671e-03
-2.3656563374372559e-03
-2.3293975354695858e-03
-2.3083197997403760e-03
-2.2879530421809425e-03
-2.2537919817209057e-03
-2.2338813719967442e-03
-2.2164676299901162e-03
-2.1841568861678913e-03
-2.1653297089969568e-03
-2.1500873308687809e-03
-2.1195874229185028e-03
-2.1018834441544182e-03
-2.0882203771400202e-03
-2.0595367480087533e-03
-2.0430146513117230e-03
-2.0304447949775631e-03
-2.0035858915485550e-03
-1.9882979349799203e-03
-1.9764114133544440e-03
-1.9513793053160548e-03
-1.9373665659621901e-03
-1.9258152166832401e-03
-1.9026045867356972e-03
-1.8898973748185533e-03
-1.8783853708662025e-03
-1.8569847995122959e-03
-1.8456045112735995e-03
-1.8338814104326231e-03
-1.8142749246888568e-03
-1.8042359031549540e-03
-1.7920903202016472e-03
-1.7742574662288869e-03
-1.7655673264608948e-03
-1.7528228974664380e-03
-1.7367410433142597e-03
-1.7294030677610520e-03
-1.7159179386455191e-03
-1.7015620778110985e-03
-1.6955751635191678e-03
-1.6812265104820749e-03
-1.6685696341788262e-03
-1.6639287846859543e-03
-1.6486153138205585e-03
-1.6376289026230945e-03
-1.6343258600437071e-03
-1.6179640236075813e-03
-1.6086173957294103e-03
-1.6041118452518588e-03
-1.5891651474520723e-03
-1.5814263639221870e-03
-1.5752017733067472e-03
-1.5621176858886415e-03
-1.5559535079071529e-03
-1.5479987488213754e-03
-1.5367274704235943e-03
-1.5321038061513591e-03
-1.5224236846295735e-03
-1.5129164383074908e-03
-1.5097993022734986e-03
-1.4983992919425689e-03
-1.4906086953773122e-03
-1.4879947669273331e-03
-1.4758568603562261e-03
-1.4697398922716646e-03
-1.4650291663544594e-03
-1.4547525399528595e-03
-1.4502812484979261e-03
-1.4435430162217744e-03
-1.4351188812225268e-03
-1.4323252054115807e-03
-1.4237337806581683e-03
-1.4173034629792623e-03
-1.4160340993186462e-03
-1.4065338369832882e-03
-1.4027962251420853e-03
-1.4008400198420522e-03
-1.3955767544886878e-03
-1.3971711450486471e-03
-1.3986421359061443e-03
-1.4036072398154475e-03
-1.4194452703835724e-03
-1.4375750536241348e-03
-1.4718901296798298e-03
-1.5272488810293150e-03
-1.6041574239844011e-03
-1.7241137414614909e-03
-1.8968845434962369e-03
-2.1446871818326168e-03
-2.5032792685167585e-03
-3.0032946881053068e-03
-3.7067446667229565e-03
-4.6849991908658748e-03
-6.0250030759898873e-03
-7.8578854823219170e-03
-1.0334708834967933e-02
-1.3655762724243445e-02
-1.8076796141299260e-02
-2.3900668484904897e-02
-3.1518989060108346e-02
-4.1395622346648557e-02
-5.4084553196774160e-02
-7.0252095270835729e-02
-9.0661585351702878e-02
-1.1619732149407483e-01
-1.4785502740231127e-01
-1.8672835617167566e-01
-2.3401093804486284e-01
-2.9092951690111363e-01
-3.5877383264303869e-01
-4.3879914043422713e-01
-5.3217812070152615e-01
-6.3992341453337420e-01
-7.6281183555022147e-01
-9.0129494396474863e-01
-1.0551731026031792e+00
-1.2240839755324981e+00
-1.4070021789451388e+00
-1.6018359633839925e+00
-1.8065206168714236e+00
-2.0177071165958127e+00
-2.2321946790411258e+00
-2.4453275568750565e+00
-2.6532425274422597e+00
-2.8514380010116844e+00
-3.0354055630433625e+00
-3.2010403396878293e+00
-3.3446789109282902e+00
-3.4632995133911901e+00
-3.5546928839359433e+00
-3.6173320660037174e+00
-3.6506054229836655e+00
-3.6541558990006640e+00
-3.6290815141574870e+00
-3.5769743418348487e+00
0.0000000000000000e+00
1.3464638167935297e-01
0.0000000000000000e+00
0.0000000000000000e+00
];
