%Vec Object:sol 1 MPI processes
%  type: mpi
sol = [
0.0000000000000000e+00
-1.0549867750283580e+01
-9.6685493512689327e+00
-8.8755260819731578e+00
-8.1560320709642511e+00
-7.4977837713842623e+00
-6.8913185273153372e+00
-6.3301145161521530e+00
-5.8105500877033105e+00
-5.3268876879306779e+00
-4.8754157225844521e+00
-4.4544323593841515e+00
-4.0613756084978139e+00
-3.6945623960705052e+00
-3.3526231209607440e+00
-3.0331434764017278e+00
-2.7365286029435922e+00
-2.4609400599853672e+00
-2.2059873530772305e+00
-1.9704786164306520e+00
-1.7538828282549033e+00
-1.5550392591277593e+00
-1.3736082924454978e+00
-1.2084410947633488e+00
-1.0586271603627859e+00
-9.2357149481064349e-01
-8.0232507324401303e-01
-6.9397230348957684e-01
-5.9747467552831635e-01
-5.1207005157664509e-01
-4.3689326717787008e-01
-3.7103049852939674e-01
-3.1365666431797840e-01
-2.6395034647721677e-01
-2.2107788301575226e-01
-1.8433275887009684e-01
-1.5302492244534677e-01
-1.2646352381657028e-01
-1.0406635163578816e-01
-8.5308307158617355e-02
-6.9663670887501264e-02
-5.6677976126830260e-02
-4.5990609737511089e-02
-3.7233831525026261e-02
-3.0067501402411555e-02
-2.4272798148904061e-02
-1.9613794076199426e-02
-1.5840807537416391e-02
-1.2843790422196188e-02
-1.0481430061239291e-02
-8.5805207325633463e-03
-7.0940006328600695e-03
-5.9451610437196833e-03
-5.0236216062223907e-03
-4.3082148216660237e-03
-3.7671203934501272e-03
-3.3303340525276653e-03
-2.9878909539806280e-03
-2.7351608817530871e-03
-2.5270216167885720e-03
-2.3560768305110704e-03
-2.2333892218086900e-03
-2.1288557327635137e-03
-2.0334227778043691e-03
-1.9668544759577425e-03
-1.9081186398214229e-03
-1.8450587824517695e-03
-1.8020520196316092e-03
-1.7636265093570903e-03
-1.7146200865271086e-03
-1.6816363783582165e-03
-1.6526678922711814e-03
-1.6103461768073402e-03
-1.5820667229359277e-03
-1.5579671812009175e-03
-1.5195110089849246e-03
-1.4939619248435319e-03
-1.4727026567250287e-03
-1.4370736341230519e-03
-1.4135619329122069e-03
-1.3941290737917555e-03
-1.3609464998254009e-03
-1.3392404372378449e-03
-1.3210261871871758e-03
-1.2901375320989092e-03
-1.2701595060211944e-03
-1.2527320101333283e-03
-1.2240590434864150e-03
-1.2057781818926431e-03
-1.1887966653891693e-03
-1.1622832963396374e-03
-1.1456800215180435e-03
-1.1288623855375331e-03
-1.1044590067251366e-03
-1.0895151285744875e-03
-1.0726236755998937e-03
-1.0502812405782495e-03
-1.0369760572609709e-03
-1.0198105007825802e-03
-9.9948057055956776e-04
-9.8779159877945442e-04
-9.7018773818334948e-04
-9.5182214133457627e-04
-9.4172510915884605e-04
-9.2353946141338571e-04
-9.0708987812525223e-04
-8.9855853615032676e-04
-8.7967071821309451e-04
-8.6508961889144578e-04
-8.5809685293141954e-04
-8.3840616914092759e-04
-8.2564630914828247e-04
-8.1769089756503243e-04
-7.9959042105735129e-04
-7.8860626165189337e-04
-7.7916910586715599e-04
-7.6308584963570645e-04
-7.5383682738875313e-04
-7.4290151825779477e-04
-7.2878770259502789e-04
-7.2124906098441108e-04
-7.0883910762477656e-04
-6.9668395495444822e-04
-6.9088395293425266e-04
-6.7710135659168646e-04
-6.6700915025097896e-04
-6.6219287717510027e-04
-6.4833580938975324e-04
-6.4076163263748331e-04
-6.3510757165794937e-04
-6.2476701165016491e-04
-6.2118520111697356e-04
-6.1689866414944567e-04
-6.1309105751225783e-04
-6.1778307198067143e-04
-6.2096628274239810e-04
-6.3205653549685040e-04
-6.5620354478651013e-04
-6.8328627199029234e-04
-7.3103163538027697e-04
-8.0091241849156180e-04
-8.9506288698082686e-04
-1.0327956134913636e-03
-1.2195016442002116e-03
-1.4745531554257619e-03
-1.8255181120140835e-03
-2.2899640138888911e-03
-2.9142692407936872e-03
-3.7443030901016545e-03
-4.8316753260350719e-03
-6.2602092546270149e-03
-8.1161387333697470e-03
-1.0513610424062901e-02
-1.3597817355367296e-02
-1.7529179553524944e-02
-2.2519900546390192e-02
-2.8814461166986688e-02
-3.6696481800284120e-02
-4.6514266102870495e-02
-5.8657199560343869e-02
-7.3582918841922432e-02
-9.1814338916181418e-02
-1.1392817625046422e-01
-1.4057947353169484e-01
-1.7247791560409634e-01
-2.1038789739181324e-01
-2.5512605314855213e-01
-3.0753442914097356e-01
-3.6846953778969349e-01
-4.3877362331169101e-01
-5.1924568961291984e-01
-6.1060107797878171e-01
-7.1343914158495625e-01
-8.2808343085836345e-01
-9.5470509953355431e-01
-1.0933445716468666e+00
-1.2436527650177076e+00
-1.4046492915723836e+00
-1.5753531064020208e+00
-1.7545017751239567e+00
-1.9396184416720081e+00
-2.1292567012413537e+00
-2.3201027887337369e+00
-2.5099990950517745e+00
-2.6960222229606652e+00
-2.8747057113173686e+00
-3.0435234671701932e+00
-3.1997051488429293e+00
-3.3407186032253593e+00
-3.4642934439443236e+00
-3.5686821766831338e+00
-3.6525248686992309e+00
-3.7148121139531560e+00
-3.7548071897827984e+00
-3.7727941351282070e+00
-3.7692376459395343e+00
-3.7445381674028715e+00
-3.6997831993782850e+00
-3.6366222174077025e+00
0.0000000000000000e+00
2.4055929233035767e-01
0.0000000000000000e+00
0.0000000000000000e+00
];
