%Vec Object:sol 1 MPI processes
%  type: mpi
sol = [
0.0000000000000000e+00
-1.5629352479665471e+01
-1.3910218917412037e+01
-1.2471380803275027e+01
-1.1256746387219097e+01
-1.0212142938588135e+01
-9.3038740390381260e+00
-8.5113172727782320e+00
-7.8118610600757945e+00
-7.1872675303888904e+00
-6.6247521723363976e+00
-6.1152897367950168e+00
-5.6504365938069654e+00
-5.2240659538695651e+00
-4.8317342977629574e+00
-4.4694609673727781e+00
-4.1337224230090728e+00
-3.8220230714428483e+00
-3.5314405326778648e+00
-3.2604268128301701e+00
-3.0078086566406741e+00
-2.7718774944059459e+00
-2.5512179827318890e+00
-2.3454432156708065e+00
-2.1527022830769074e+00
-1.9733489973728633e+00
-1.8055078381731879e+00
-1.6494199002990233e+00
-1.5040843882118269e+00
-1.3688948372127241e+00
-1.2435843389425132e+00
-1.1274101361071935e+00
-1.0199047857390111e+00
-9.2075479925332715e-01
-8.2950136311903000e-01
-7.4557069477876015e-01
-6.6856327172492958e-01
-5.9815701618310790e-01
-5.3393709201326900e-01
-4.7550773923919631e-01
-4.2247463270281738e-01
-3.7446223564246478e-01
-3.3111021035823102e-01
-2.9205866101866185e-01
-2.5699254217443612e-01
-2.2562034386789395e-01
-1.9763446345257640e-01
-1.7270705363418246e-01
-1.5060522149639965e-01
-1.3107113312506852e-01
-1.1381669462932383e-01
-9.8656667088478658e-02
-8.5383747023854914e-02
-7.3762752029670212e-02
-6.3641954995723615e-02
-5.4866087090215260e-02
-4.7250351786893317e-02
-4.0673156513765338e-02
-3.5025686440548383e-02
-3.0167843921875603e-02
-2.6003903828058637e-02
-2.2463975114007485e-02
-1.9445271003957983e-02
-1.6873108551637858e-02
-1.4708376676232648e-02
-1.2877777538115788e-02
-1.1322914871027785e-02
-1.0027694570307345e-02
-8.9409723706384801e-03
-8.0164806444308432e-03
-7.2543705635898714e-03
-6.6193685567637424e-03
-6.0740077144189530e-03
-5.6292010296992287e-03
-5.2605104395225654e-03
-4.9368577975899405e-03
-4.6757215961203673e-03
-4.4596727233995369e-03
-4.2624514310010946e-03
-4.1050372344683733e-03
-3.9742226615183257e-03
-3.8476782241263930e-03
-3.7477297332812929e-03
-3.6634254635597094e-03
-3.5759764421126787e-03
-3.5075836858823924e-03
-3.4481944247247956e-03
-3.3825001899655230e-03
-3.3315929681093791e-03
-3.2853920611216328e-03
-3.2322043519099146e-03
-3.1913609665334573e-03
-3.1521188594199777e-03
-3.1066325268554024e-03
-3.0720409934102805e-03
-3.0364983891843092e-03
-2.9962723830655514e-03
-2.9660238386504559e-03
-2.9324939497286395e-03
-2.8963226875269046e-03
-2.8695025890922658e-03
-2.8371434559189904e-03
-2.8044837475962375e-03
-2.7807289127386547e-03
-2.7491956457953355e-03
-2.7199309162308670e-03
-2.6992790926169013e-03
-2.6686539053106914e-03
-2.6430971375442508e-03
-2.6260652789069795e-03
-2.5970103768496980e-03
-2.5761464416109098e-03
-2.5615484446571721e-03
-2.5382830816809269e-03
-2.5243563798873535e-03
-2.5145930421715161e-03
-2.5012758582806682e-03
-2.4989513232698871e-03
-2.4999285913639485e-03
-2.5039291419087753e-03
-2.5224353430745800e-03
-2.5456770923581356e-03
-2.5812145624950810e-03
-2.6381217205815452e-03
-2.7052758375970508e-03
-2.7988042335967962e-03
-2.9254420188197976e-03
-3.0767875567438911e-03
-3.2758429524895531e-03
-3.5270137956997061e-03
-3.8341050501066623e-03
-4.2211981626205843e-03
-4.6953935757180999e-03
-5.2750917668284531e-03
-5.9884780488885471e-03
-6.8487240767657791e-03
-7.8921882573099230e-03
-9.1548430537384245e-03
-1.0661652498516925e-02
-1.2470096734171442e-02
-1.4626299937739619e-02
-1.7182199949965473e-02
-2.0211936101470748e-02
-2.3781203279705902e-02
-2.7974327331081607e-02
-3.2888127032443218e-02
-3.8613921809134241e-02
-4.5273158041160097e-02
-5.2988334912143345e-02
-6.1887270970381408e-02
-7.2124362375940707e-02
-8.3851279333374371e-02
-9.7235525098197675e-02
-1.1245882075663580e-01
-1.2970007911622961e-01
-1.4915812862158176e-01
-1.7102792531800307e-01
-1.9549812379412090e-01
-2.2278246834870608e-01
-2.5307575715136765e-01
-2.8656832236293278e-01
-3.2344033156827656e-01
-3.6385282591962631e-01
-4.0794810725389807e-01
-4.5584092183048536e-01
-5.0761474851155131e-01
-5.6331284046027874e-01
-6.2288393114066654e-01
-6.8626554947688323e-01
-7.5339759042835119e-01
-8.2413195546969498e-01
-8.9824371514913326e-01
-9.7530083199938689e-01
-1.0550241127925155e+00
-1.1370719922762642e+00
-1.2208857887306988e+00
-1.3058031701292907e+00
-1.3915007198637017e+00
-1.4770665851445819e+00
-1.5620181123843098e+00
-1.6456146657201840e+00
-1.7271207120130803e+00
-1.8058732508252660e+00
-1.8812404620794330e+00
-1.9523932939272846e+00
-2.0190448754991031e+00
-2.0801754716042087e+00
-2.1355878968429418e+00
-2.1849061657816975e+00
-2.2274420980065135e+00
-2.2630657218682932e+00
-2.2916376310213420e+00
-2.3129831525435987e+00
-2.3269718505169941e+00
-2.3335308863522353e+00
-2.3329220720349784e+00
-2.3252771748080545e+00
-2.3107959434722853e+00
-2.2897812149584276e+00
0.0000000000000000e+00
1.3464638167935297e-01
0.0000000000000000e+00
0.0000000000000000e+00
];
