%Vec Object:sol 1 MPI processes
%  type: mpi
sol = [
0.0000000000000000e+00
-6.2328059953480119e+00
-5.9125298905960317e+00
-5.6126479401974070e+00
-5.3350528019755235e+00
-5.0724166360269685e+00
-4.8236170143938484e+00
-4.5908460586105635e+00
-4.3685934263221355e+00
-4.1577005882973124e+00
-3.9585729856171206e+00
-3.7663094637021164e+00
-3.5846291225876121e+00
-3.4099209568383180e+00
-3.2431683028836780e+00
-3.0836485507774825e+00
-2.9301917020080550e+00
-2.7834655060260332e+00
-2.6422653562971328e+00
-2.5070346245694481e+00
-2.3768616580898896e+00
-2.2520495411226737e+00
-2.1324005578493743e+00
-2.0170226669316773e+00
-1.9069095559283404e+00
-1.8007387345589274e+00
-1.6990791088741888e+00
-1.6019812797444337e+00
-1.5084501927513099e+00
-1.4191567246653918e+00
-1.3339334436657895e+00
-1.2522673723017288e+00
-1.1742856569707463e+00
-1.1000177414569872e+00
-1.0293714767857214e+00
-9.6192504259832068e-01
-8.9779878000119528e-01
-8.3698162862738223e-01
-7.7935271083011803e-01
-7.2479749810717975e-01
-6.7312292343522229e-01
-6.2426160111853335e-01
-5.7820190077649702e-01
-5.3483965548578372e-01
-4.9406699516990804e-01
-4.5579174675740913e-01
-4.1991405232463985e-01
-3.8631694189057325e-01
-3.5491505599290207e-01
-3.2557576705751723e-01
-2.9823214633478390e-01
-2.7281182891847433e-01
-2.4922251253288130e-01
-2.2734417884865418e-01
-2.0710408858336551e-01
-1.8841981132782559e-01
-1.7117914852307600e-01
-1.5530850624654841e-01
-1.4073704303654544e-01
-1.2736275988056639e-01
-1.1511224099984013e-01
-1.0392712391232134e-01
-9.3717055370939939e-02
-8.4410381322322633e-02
-7.5961391647618698e-02
-6.8291946629737824e-02
-6.1333810666790320e-02
-5.5053441977210557e-02
-4.9384683277713851e-02
-4.4264208139215583e-02
-3.9669588064064613e-02
-3.5545843217666059e-02
-3.1835600618698376e-02
-2.8526139212347163e-02
-2.5572441466066929e-02
-2.2923690830128917e-02
-2.0575262687496119e-02
-1.8490640142222806e-02
-1.6625799740637000e-02
-1.4982532674955149e-02
-1.3531262359693525e-02
-1.2234733568653412e-02
-1.1099515993012081e-02
-1.0101435329346199e-02
-9.2098237453326678e-03
-8.4345216112629816e-03
-7.7553313845882240e-03
-7.1479273804485608e-03
-6.6240991638128067e-03
-6.1663726705064531e-03
-5.7565246234311017e-03
-5.4071911933791430e-03
-5.1025752427409296e-03
-4.8303709574276463e-03
-4.6031903395796440e-03
-4.4060883191928153e-03
-4.2325781201559094e-03
-4.0946114615443173e-03
-3.9774987694379564e-03
-3.8805796043060296e-03
-3.8147406991523611e-03
-3.7651832032137562e-03
-3.7371950533357334e-03
-3.7404266155335523e-03
-3.7598274851174899e-03
-3.8069089016015759e-03
-3.8901382910194425e-03
-3.9943082964419190e-03
-4.1375858679320423e-03
-4.3275485945477674e-03
-4.5491762610534083e-03
-4.8279010984843083e-03
-5.1685102075777634e-03
-5.5641315832342325e-03
-6.0409138720666144e-03
-6.6036539860508028e-03
-7.2559342235115560e-03
-8.0242133827542212e-03
-8.9149058461489294e-03
-9.9431181038584764e-03
-1.1136925912311841e-02
-1.2505765297815091e-02
-1.4077508005652778e-02
-1.5883386795837191e-02
-1.7937496209852546e-02
-2.0281807265708832e-02
-2.2951496776315122e-02
-2.5969802966719014e-02
-2.9391338701520980e-02
-3.3255540156126390e-02
-3.7603390354270280e-02
-4.2496180789346166e-02
-4.7981662457293649e-02
-5.4119094905655959e-02
-6.0974746985944621e-02
-6.8607091073286872e-02
-7.7093546213362438e-02
-8.6510497846928977e-02
-9.6925075267680336e-02
-1.0842884175880749e-01
-1.2110249346969734e-01
-1.3502858338450957e-01
-1.5030205253768303e-01
-1.6700784109614336e-01
-1.8523780290769365e-01
-2.0508534134056758e-01
-2.2663431981682333e-01
-2.4997662053414954e-01
-2.7519587756861624e-01
-3.0236936255629515e-01
-3.3157384989077721e-01
-3.6287511786014687e-01
-3.9633120852181297e-01
-4.3199041612866573e-01
-4.6985765984977085e-01
-5.0993472670258866e-01
-5.5226497325525803e-01
-5.9684195719289757e-01
-6.4363478802705409e-01
-6.9260232026543922e-01
-7.4367936025193038e-01
-7.9664025464583199e-01
-8.5145799898321861e-01
-9.0803410786459537e-01
-9.6622400108014184e-01
-1.0257669505078562e+00
-1.0863474340563890e+00
-1.1479505416803770e+00
-1.2103495220499474e+00
-1.2729281196945677e+00
-1.3357678846095513e+00
-1.3985673095511111e+00
-1.4606454195539245e+00
-1.5221728204103349e+00
-1.5824876559141559e+00
-1.6414803721155498e+00
-1.6987768579050104e+00
-1.7540282840844177e+00
-1.8070456347589603e+00
-1.8574712284797781e+00
-1.9050576926986995e+00
-1.9497212662100174e+00
-1.9908885736359754e+00
-2.0288199257918369e+00
-2.0629758218808347e+00
-2.0933594103636621e+00
-2.1200036356486920e+00
-2.1425265275297547e+00
-2.1610208217641338e+00
-2.1755424600493045e+00
-2.1860459388603259e+00
-2.1923104229572483e+00
-2.1946404735799709e+00
-2.1931183216426526e+00
-2.1877754991861340e+00
-2.1785047552949410e+00
-2.1656676023479466e+00
-2.1493826294276190e+00
-2.1298265399852689e+00
0.0000000000000000e+00
2.4055929233035767e-01
0.0000000000000000e+00
0.0000000000000000e+00
];
