%Vec Object:sol 1 MPI processes
%  type: mpi
sol = [
0.0000000000000000e+00
-1.3578120146723970e+01
-1.2284532395197884e+01
-1.1152071869390772e+01
-1.0176735995442870e+01
-9.3298830954023284e+00
-8.5872473331199419e+00
-7.9303671955096631e+00
-7.3450210064230976e+00
-6.8185588510864799e+00
-6.3418014047279820e+00
-5.9081915459333976e+00
-5.5111114046330947e+00
-5.1455365864255391e+00
-4.8064328319308878e+00
-4.4922801406365283e+00
-4.2000796446281763e+00
-3.9276962986355475e+00
-3.6728717788784269e+00
-3.4331789794774461e+00
-3.2085589812918394e+00
-2.9976345154415101e+00
-2.7984198088294971e+00
-2.6113125705443894e+00
-2.4344128284480862e+00
-2.2680812898968350e+00
-2.1108226146885025e+00
-1.9628726771954459e+00
-1.8230788292368574e+00
-1.6916888702927000e+00
-1.5675285220813604e+00
-1.4509016094678542e+00
-1.3413518338909505e+00
-1.2380986626398232e+00
-1.1413782443868077e+00
-1.0507973093819107e+00
-9.6586593279839528e-01
-8.8642351537549124e-01
-8.1231488450158995e-01
-7.4326386738721717e-01
-6.7902084044168998e-01
-6.1923020191344003e-01
-5.6376849725041767e-01
-5.1243418219311798e-01
-4.6499505664218282e-01
-4.2124356651255673e-01
-3.8096877836320181e-01
-3.4394469028554370e-01
-3.0999677923728253e-01
-2.7892444984191872e-01
-2.5050081865527002e-01
-2.2460466711421470e-01
-2.0106559231972182e-01
-1.7968617661380773e-01
-1.6032895101887978e-01
-1.4285005083674693e-01
-1.2707657016705462e-01
-1.1288436555751601e-01
-1.0015694027572000e-01
-8.8747291161038036e-02
-7.8544686391599797e-02
-6.9459216184710709e-02
-6.1369435196280728e-02
-5.4178135298089181e-02
-4.7819946744130905e-02
-4.2197229721288976e-02
-3.7226039842923817e-02
-3.2862565698525879e-02
-2.9030203383258971e-02
-2.5657593423723871e-02
-2.2718940831236933e-02
-2.0155388136604491e-02
-1.7907056289062383e-02
-1.5962501203350625e-02
-1.4277182571901080e-02
-1.2801383346708110e-02
-1.1534511938618687e-02
-1.0443068446762915e-02
-9.4861661002895205e-03
-8.6709319706230123e-03
-7.9719740969573134e-03
-7.3560393725504809e-03
-6.8353091881150751e-03
-6.3900094390618662e-03
-5.9935437714128317e-03
-5.6609822214179701e-03
-5.3761447627836967e-03
-5.1183632704821843e-03
-4.9039044591597837e-03
-4.7185983453266987e-03
-4.5472136613407725e-03
-4.4059388798751622e-03
-4.2814150541137953e-03
-4.1635594386277433e-03
-4.0675554576121691e-03
-3.9799760505756423e-03
-3.8957595990852939e-03
-3.8284389745868626e-03
-3.7639002562741674e-03
-3.7020955812410170e-03
-3.6544856330508273e-03
-3.6058637588192925e-03
-3.5612719739117277e-03
-3.5298641130089236e-03
-3.4951022044781700e-03
-3.4672854782608212e-03
-3.4531777470777300e-03
-3.4348282058076600e-03
-3.4280402620217110e-03
-3.4372572618785119e-03
-3.4431925194319157e-03
-3.4674981488083748e-03
-3.5100168931150992e-03
-3.5579371453177038e-03
-3.6316771424525244e-03
-3.7289377920384902e-03
-3.8453481710825502e-03
-3.9992524842439835e-03
-4.1874018345384656e-03
-4.4145709062075114e-03
-4.6979512303691913e-03
-5.0343516133013414e-03
-5.4386621026235003e-03
-5.9281814436163618e-03
-6.5011382036370153e-03
-7.1838398772307716e-03
-7.9943662268135048e-03
-8.9369935604208112e-03
-1.0048208413262960e-02
-1.1347342599249858e-02
-1.2854370228930326e-02
-1.4610349600980699e-02
-1.6640864180002525e-02
-1.8983567583777058e-02
-2.1686550334491583e-02
-2.4784200691989573e-02
-2.8333769045742020e-02
-3.2392389852451749e-02
-3.7006850189912829e-02
-4.2254201182611327e-02
-4.8200011984785088e-02
-5.4914029589519603e-02
-6.2484485441238150e-02
-7.0989589075969778e-02
-8.0521067731451651e-02
-9.1177809752730515e-02
-1.0304967719766121e-01
-1.1624667201508339e-01
-1.3087357871094402e-01
-1.4703296477109570e-01
-1.6483153778667425e-01
-1.8437848855406469e-01
-2.0578357308420156e-01
-2.2915465425181814e-01
-2.5458822177009693e-01
-2.8218192105070183e-01
-3.1202213152763597e-01
-3.4418394813008341e-01
-3.7873334339575504e-01
-4.1572034905334210e-01
-4.5517843194535912e-01
-4.9712190006018941e-01
-5.4149548687815929e-01
-5.8827580953150538e-01
-6.3743565821265924e-01
-6.8889817326626912e-01
-7.4255175722324751e-01
-7.9825898854011490e-01
-8.5568961819769007e-01
-9.1479631697636132e-01
-9.7537371648531312e-01
-1.0371180896675762e+00
-1.0995751697451961e+00
-1.1626669823000837e+00
-1.2260444880124386e+00
-1.2890929823502553e+00
-1.3517746271701521e+00
-1.4135358042508301e+00
-1.4740128876675886e+00
-1.5329593547665954e+00
-1.5897416217908427e+00
-1.6443398229909187e+00
-1.6960181796239773e+00
-1.7448380226465783e+00
-1.7901763444870071e+00
-1.8319604998278431e+00
-1.8699313105364561e+00
-1.9036748560023391e+00
-1.9333354279258970e+00
-1.9584790368719829e+00
-1.9791045895513661e+00
-1.9952693845074094e+00
-2.0067338498469929e+00
-2.0135659031327644e+00
-2.0159040713432468e+00
-2.0137977704748273e+00
-2.0071241343102710e+00
-1.9962450064539548e+00
-1.9813320997720529e+00
0.0000000000000000e+00
1.3464638167935297e-01
0.0000000000000000e+00
0.0000000000000000e+00
];
