%Vec Object:sol 1 MPI processes
%  type: mpi
sol = [
0.0000000000000000e+00
-1.5904998947115663e+01
-1.4126586019969668e+01
-1.2645169953196429e+01
-1.1397651695615020e+01
-1.0320793258595163e+01
-9.3917351607638651e+00
-8.5816979158581166e+00
-7.8671549260144573e+00
-7.2293911104802175e+00
-6.6552707233136683e+00
-6.1355414990836703e+00
-5.6615820528532694e+00
-5.2271075144535857e+00
-4.8275253872198629e+00
-4.4587274037339890e+00
-4.1171287084377699e+00
-3.8001614990222419e+00
-3.5058454200819820e+00
-3.2308544512030757e+00
-2.9745134490756207e+00
-2.7360179255780932e+00
-2.5127821352837363e+00
-2.3048203484539891e+00
-2.1107384022841131e+00
-1.9300114635476122e+00
-1.7614881330880394e+00
-1.6050523610682392e+00
-1.4593997346166185e+00
-1.3245037797227253e+00
-1.1996678502211744e+00
-1.0841156775344551e+00
-9.7762558382259745e-01
-8.7966940824330631e-01
-7.8973511110549599e-01
-7.0722009371720018e-01
-6.3184876981417837e-01
-5.6316593137489601e-01
-5.0073688090521451e-01
-4.4414658051451011e-01
-3.9297903526868955e-01
-3.4683273504457268e-01
-3.0531939929019680e-01
-2.6811845957468822e-01
-2.3486086877311527e-01
-2.0524488918581163e-01
-1.7895223863750703e-01
-1.5564478924948180e-01
-1.3508462055257670e-01
-1.1700862945768369e-01
-1.0112378970831355e-01
-8.7243964595572404e-02
-7.5161098136112478e-02
-6.4639629962093575e-02
-5.5529870032848816e-02
-4.7679062890487428e-02
-4.0905065852643023e-02
-3.5090212917254657e-02
-3.0130039091095320e-02
-2.5888700376658195e-02
-2.2275241226346429e-02
-1.9224765764767345e-02
-1.6639207202085862e-02
-1.4448663167393353e-02
-1.2618824144814718e-02
-1.1080821210106543e-02
-9.7805105139150018e-03
-8.7059255593643185e-03
-7.8096555754498245e-03
-7.0488948247306163e-03
-6.4270616580542304e-03
-5.9117864271982616e-03
-5.4682261367810861e-03
-5.1097120051533029e-03
-4.8139204604769302e-03
-4.5516442591203715e-03
-4.3420515052330381e-03
-4.1691673185503941e-03
-4.0079954803665767e-03
-3.8806370983643767e-03
-3.7748348952829562e-03
-3.6690715089716919e-03
-3.5863834698205517e-03
-3.5164112779646544e-03
-3.4408644735246783e-03
-3.3823756225565575e-03
-3.3312449831054704e-03
-3.2724571031038474e-03
-3.2273558887912072e-03
-3.1860621452443534e-03
-3.1370479974870344e-03
-3.0997863274016698e-03
-3.0636440103385195e-03
-3.0208649818069481e-03
-2.9886651300101218e-03
-2.9552552152949121e-03
-2.9169490240339188e-03
-2.8884469598070913e-03
-2.8565162991750150e-03
-2.8218185400952400e-03
-2.7963637345795583e-03
-2.7652692274066216e-03
-2.7337796435288066e-03
-2.7111026781677719e-03
-2.6805483754331564e-03
-2.6521566680834550e-03
-2.6322589980985051e-03
-2.6022461516676913e-03
-2.5771354102243709e-03
-2.5603486211163906e-03
-2.5312894415894780e-03
-2.5101180626603500e-03
-2.4948377072964369e-03
-2.4704238195355295e-03
-2.4547756596269457e-03
-2.4425822980151447e-03
-2.4259604635163226e-03
-2.4192589352401077e-03
-2.4145429355787863e-03
-2.4112418494499758e-03
-2.4204903452601425e-03
-2.4320980748463797e-03
-2.4531310065184714e-03
-2.4920795072683045e-03
-2.5371274992775869e-03
-2.6036017057981722e-03
-2.6973019173881776e-03
-2.8087352931779911e-03
-2.9596663296952794e-03
-3.1530720969374908e-03
-3.3911308692684849e-03
-3.6961036754921532e-03
-4.0730259032741509e-03
-4.5380089008594656e-03
-5.1167156786000069e-03
-5.8195123815382053e-03
-6.6797470684422135e-03
-7.7301356957660055e-03
-8.9921080895306801e-03
-1.0519509988304964e-02
-1.2354605211190590e-02
-1.4545350905393474e-02
-1.7161946204579785e-02
-2.0266067152356855e-02
-2.3938232406922905e-02
-2.8271733813185238e-02
-3.3354563822597334e-02
-3.9305624944925045e-02
-4.6245450993315750e-02
-5.4300671006626069e-02
-6.3625893826485119e-02
-7.4374006374445273e-02
-8.6715404523534240e-02
-1.0083658944075422e-01
-1.1692277543048986e-01
-1.3518179553376852e-01
-1.5582313586262753e-01
-1.7905100087357248e-01
-2.0508517822902728e-01
-2.3414479620541293e-01
-2.6644183399805593e-01
-3.0218072048873718e-01
-3.4154812940019108e-01
-3.8471485384489679e-01
-4.3182488833704935e-01
-4.8299156721945025e-01
-5.3828888899844840e-01
-5.9775165266899022e-01
-6.6125532958586608e-01
-7.2879470344223773e-01
-8.0024897305649667e-01
-8.7541195532279870e-01
-9.5397986791195144e-01
-1.0354526196700502e+00
-1.1195953028732049e+00
-1.2059666648591711e+00
-1.2936901305400332e+00
-1.3824553284871506e+00
-1.4715367642101334e+00
-1.5600350968993113e+00
-1.6475669885457873e+00
-1.7329184783505471e+00
-1.8158077147252973e+00
-1.8950901798126965e+00
-1.9703154696297420e+00
-2.0407775685471243e+00
-2.1056162351726306e+00
-2.1645676072447593e+00
-2.2170590854064995e+00
-2.2623974798878876e+00
-2.3005649805606891e+00
-2.3312723639104624e+00
-2.3543203181392718e+00
-2.3694635150062355e+00
-2.3768477055997441e+00
-2.3766160923809307e+00
-2.3689087390219132e+00
-2.3539396070885332e+00
-2.3320337317514950e+00
0.0000000000000000e+00
1.3464638167935297e-01
0.0000000000000000e+00
0.0000000000000000e+00
];
