%Vec Object:sol 1 MPI processes
%  type: mpi
sol = [
0.0000000000000000e+00
-5.9568013196049456e+00
-5.6624401950350043e+00
-5.3873975715162237e+00
-5.1328042927868456e+00
-4.8885760883470306e+00
-4.6597411795438477e+00
-4.4444166786332726e+00
-4.2373841834257906e+00
-4.0428699414650469e+00
-3.8558477486259517e+00
-3.6782362371155020e+00
-3.5087893152285874e+00
-3.3455408934212243e+00
-3.1905002641288935e+00
-3.0403636497743154e+00
-2.8976289502148247e+00
-2.7590504228755397e+00
-2.6272700588144131e+00
-2.4994342962207909e+00
-2.3771915445311431e+00
-2.2592960262724828e+00
-2.1460002490296355e+00
-2.0371974190441069e+00
-1.9321170602941671e+00
-1.8316011138200579e+00
-1.7346018354525199e+00
-1.6414074246411801e+00
-1.5522543291701334e+00
-1.4663294668683342e+00
-1.3838947916985707e+00
-1.3051158772063178e+00
-1.2296239131353781e+00
-1.1571126561348810e+00
-1.0879280863429492e+00
-1.0219104097702165e+00
-9.5891163299359361e-01
-8.9863487030889189e-01
-8.4128799947444710e-01
-7.8676594252076526e-01
-7.3498310160617542e-01
-6.8585144352506422e-01
-6.3917924974560170e-01
-5.9494800596685504e-01
-5.5313667856332283e-01
-5.1366351094467000e-01
-4.7644463175554574e-01
-4.4138345266655732e-01
-4.0841194465534747e-01
-3.7744996525579022e-01
-3.4839473713746949e-01
-3.2114187493130758e-01
-2.9565984381356086e-01
-2.7185536192079712e-01
-2.4966576122350226e-01
-2.2901979599207109e-01
-2.0981901252574506e-01
-1.9199914263270443e-01
-1.7549794160932145e-01
-1.6022391964374746e-01
-1.4611125105853345e-01
-1.3310741663820794e-01
-1.2112937760535235e-01
-1.1011093993043043e-01
-1.0000968315035351e-01
-9.0751895540944955e-02
-8.2272617609383328e-02
-7.4539401768559166e-02
-6.7488075114123483e-02
-6.1056613762599750e-02
-5.5221935070497476e-02
-4.9929124819834567e-02
-4.5120506332573321e-02
-4.0781441560583852e-02
-3.6865603105904969e-02
-3.3320702144888317e-02
-3.0139404473407155e-02
-2.7283016701956906e-02
-2.4705312268457465e-02
-2.2404995066271992e-02
-2.0349883504034490e-02
-1.8500177701680578e-02
-1.6859319150379713e-02
-1.5400449111185139e-02
-1.4090328373705212e-02
-1.2935879842400235e-02
-1.1914399714934337e-02
-1.0999197524281893e-02
-1.0199528498695296e-02
-9.4957662610647090e-03
-8.8676882090258508e-03
-8.3258867747707105e-03
-7.8528774172300017e-03
-7.4348201812330910e-03
-7.0828349593353070e-03
-6.7808203678028636e-03
-6.5212797530104106e-03
-6.3152575202679714e-03
-6.1474794464605430e-03
-6.0168350734821950e-03
-5.9339098472747471e-03
-5.8839222664389739e-03
-5.8722954534252692e-03
-5.9090042928090026e-03
-5.9796472634428069e-03
-6.0964779472500886e-03
-6.2689360574345555e-03
-6.4831262789016905e-03
-6.7585807926851520e-03
-7.1045178845169409e-03
-7.5079206621170153e-03
-7.9962073587938349e-03
-8.5764994454139744e-03
-9.2445745877219650e-03
-1.0029201534017535e-02
-1.0938173988967008e-02
-1.1978293398941364e-02
-1.3179205399267526e-02
-1.4550895796956845e-02
-1.6112096349118178e-02
-1.7894471210617734e-02
-1.9911416123606362e-02
-2.2194539030725467e-02
-2.4778766133268199e-02
-2.7682218049491589e-02
-3.0950230474515235e-02
-3.4621343475488377e-02
-3.8722317761078977e-02
-4.3310126294216475e-02
-4.8424445766455576e-02
-5.4109648706898585e-02
-6.0427916699354947e-02
-6.7427570642074913e-02
-7.5167168783699903e-02
-8.3713696851301256e-02
-9.3121941415487755e-02
-1.0346441290838668e-01
-1.1481191127221763e-01
-1.2722555706487626e-01
-1.4078742587737864e-01
-1.5556823698708547e-01
-1.7163886966151168e-01
-1.8907943133542407e-01
-2.0795960830495835e-01
-2.2835304766835984e-01
-2.5033263226658420e-01
-2.7396158340403809e-01
-2.9930689818440304e-01
-3.2642679069598085e-01
-3.5537240028756573e-01
-3.8619073519296165e-01
-4.1891886026626401e-01
-4.5352632478270055e-01
-4.9006716891284030e-01
-5.2855508306370214e-01
-5.6897948682580035e-01
-6.1131856067118684e-01
-6.5554007935767999e-01
-7.0158716078523953e-01
-7.4927453296933166e-01
-7.9858116125119161e-01
-8.4943586744980126e-01
-9.0173547608164240e-01
-9.5531483460438593e-01
-1.0097978450282459e+00
-1.0652511485914753e+00
-1.1214863861653832e+00
-1.1781539508650547e+00
-1.2350087726489440e+00
-1.2920163559464704e+00
-1.3487614375639168e+00
-1.4049681428122862e+00
-1.4606522143616816e+00
-1.5151118503193406e+00
-1.5685116168152866e+00
-1.6203592311727377e+00
-1.6705074402414224e+00
-1.7186850927275958e+00
-1.7646782284885394e+00
-1.8082388263573299e+00
-1.8492762152463063e+00
-1.8874077962373434e+00
-1.9228206196428022e+00
-1.9548539381791874e+00
-1.9838610017638141e+00
-2.0095584498620154e+00
-2.0317460726079082e+00
-2.0506192061623247e+00
-2.0659719428644556e+00
-2.0777130592993140e+00
-2.0860726092812030e+00
-2.0910060833681028e+00
-2.0922980589189613e+00
-2.0903193273717755e+00
-2.0850922936987883e+00
-2.0766173921453772e+00
-2.0649367518238844e+00
-2.0503120105814134e+00
-2.0328897749963430e+00
0.0000000000000000e+00
2.4055929233035767e-01
0.0000000000000000e+00
0.0000000000000000e+00
];
