%Vec Object:sol 1 MPI processes
%  type: mpi
sol = [
0.0000000000000000e+00
-1.3491845655490840e+01
-1.2215106094510336e+01
-1.1095112497162722e+01
-1.0129628718748227e+01
-9.2907529514053877e+00
-8.5547252369760880e+00
-7.9034281357391780e+00
-7.3228810598948089e+00
-6.8006143428789150e+00
-6.3275727360400413e+00
-5.8972889739339216e+00
-5.5032056580742639e+00
-5.1393962189723075e+00
-4.8027856764340466e+00
-4.4908704271218278e+00
-4.2007056924397705e+00
-3.9301757477930184e+00
-3.6764932309908702e+00
-3.4383976384416997e+00
-3.2152024591234953e+00
-3.0051579979521574e+00
-2.8071338721251569e+00
-2.6210487287293875e+00
-2.4447947659995877e+00
-2.2792850082765423e+00
-2.1225049895156216e+00
-1.9751801325158271e+00
-1.8357175891305861e+00
-1.7045941721885098e+00
-1.5807850605069880e+00
-1.4642813157460819e+00
-1.3548284533909967e+00
-1.2516257609830344e+00
-1.1548213155683085e+00
-1.0641082356323606e+00
-9.7906895989645082e-01
-8.9939287192942174e-01
-8.2500851640827255e-01
-7.5564242260952308e-01
-6.9104920603319209e-01
-6.3091676402316932e-01
-5.7504249223802251e-01
-5.2327413737722939e-01
-4.7538450605289179e-01
-4.3116924103005949e-01
-3.9042131203967179e-01
-3.5291916053119338e-01
-3.1849093038093457e-01
-2.8695015541306584e-01
-2.5805125258480022e-01
-2.3168466921355321e-01
-2.0768478749954214e-01
-1.8585671339316923e-01
-1.6606449360244591e-01
-1.4816578875528674e-01
-1.3198938217983908e-01
-1.1741204825965454e-01
-1.0431796738979442e-01
-9.2560922258426395e-02
-8.2030487234648786e-02
-7.2636748957406627e-02
-6.4258345348077658e-02
-5.6797869697475745e-02
-5.0189459085819933e-02
-4.4335060772217702e-02
-3.9150167240608137e-02
-3.4590170325938516e-02
-3.0577750944794434e-02
-2.7040772760010486e-02
-2.3952502876148193e-02
-2.1253231236100519e-02
-1.8882221105633982e-02
-1.6827076060165036e-02
-1.5042390333984062e-02
-1.3477609456439103e-02
-1.2131261598455231e-02
-1.0969050975039561e-02
-9.9493393210364680e-03
-9.0784947719394597e-03
-8.3304441984631116e-03
-7.6713026626700261e-03
-7.1126330529523024e-03
-6.6341109952627233e-03
-6.2086370240257011e-03
-5.8508010733787710e-03
-5.5440002797808828e-03
-5.2671848187743854e-03
-5.0362650783785405e-03
-4.8367610376233647e-03
-4.6531650477186180e-03
-4.5014128764941513e-03
-4.3679292727040820e-03
-4.2424414958022400e-03
-4.1399633405338095e-03
-4.0469264231120178e-03
-3.9581478693741937e-03
-3.8870563779185652e-03
-3.8194562402234025e-03
-3.7552332429637483e-03
-3.7057965593731181e-03
-3.6559068109007281e-03
-3.6105859053354350e-03
-3.5789817709471622e-03
-3.5445680464930678e-03
-3.5176672156838023e-03
-3.5050817633456451e-03
-3.4889181304313612e-03
-3.4850492662818534e-03
-3.4980067152389038e-03
-3.5086138812354438e-03
-3.5386470572105560e-03
-3.5880976208913663e-03
-3.6443280942604914e-03
-3.7279496676128291e-03
-3.8368872247109983e-03
-3.9670232606139107e-03
-4.1369803161086351e-03
-4.3438263902612108e-03
-4.5926848816957517e-03
-4.9011274938924815e-03
-5.2663893573547125e-03
-5.7038166598662818e-03
-6.2312015752925528e-03
-6.8473184304429866e-03
-7.5790390978961487e-03
-8.4450504198023812e-03
-9.4502865429816306e-03
-1.0631889368653415e-02
-1.2009893403339109e-02
-1.3604999069992536e-02
-1.5458972713838750e-02
-1.7598141648858638e-02
-2.0060875321051955e-02
-2.2895940943913611e-02
-2.6138415501830211e-02
-2.9846125096224169e-02
-3.4076717036739805e-02
-3.8877461073999017e-02
-4.4325657952758363e-02
-5.0487058731164117e-02
-5.7431430498172099e-02
-6.5246738986873762e-02
-7.4010806960564710e-02
-8.3814644770988364e-02
-9.4756109703981295e-02
-1.0692386478296181e-01
-1.2042619400002684e-01
-1.3536594564323662e-01
-1.5184241415536393e-01
-1.6995791050403480e-01
-1.8982313858689678e-01
-2.1154194346228863e-01
-2.3521803632577865e-01
-2.6094366158827981e-01
-2.8881160218726010e-01
-3.1890319642093951e-01
-3.5128835847225054e-01
-3.8602738637802481e-01
-4.2316480589252242e-01
-4.6272844597254092e-01
-5.0472703666801055e-01
-5.4908022942109758e-01
-5.9579788812836854e-01
-6.4483043594604583e-01
-6.9609751100044626e-01
-7.4948403585898904e-01
-8.0481365614018729e-01
-8.6182348204612202e-01
-9.2043295723429197e-01
-9.8043912017099399e-01
-1.0414914670853184e+00
-1.1032361638354800e+00
-1.1655510568615439e+00
-1.2280340037782782e+00
-1.2901945293166350e+00
-1.3519442306302656e+00
-1.4126775207119955e+00
-1.4721673561580499e+00
-1.5300459991123778e+00
-1.5858271378764113e+00
-1.6393633536132368e+00
-1.6900686467395258e+00
-1.7378781405614503e+00
-1.7823146417662747e+00
-1.8231865597695562e+00
-1.8603665206950812e+00
-1.8933336963991523e+00
-1.9222974318870676e+00
-1.9468783593892847e+00
-1.9669837082716222e+00
-1.9827231242782919e+00
-1.9938925290548719e+00
-2.0004928773852284e+00
-2.0026980897831912e+00
-2.0005727512970171e+00
-1.9939558349552169e+00
-1.9832255616308576e+00
-1.9685492382268786e+00
0.0000000000000000e+00
1.3464638167935297e-01
0.0000000000000000e+00
0.0000000000000000e+00
];
