%Vec Object:sol 1 MPI processes
%  type: mpi
sol = [
0.0000000000000000e+00
-6.2662633282095426e+00
-5.9427807186387458e+00
-5.6398337396003049e+00
-5.3594091140454339e+00
-5.0945201847912980e+00
-4.8432751941819099e+00
-4.6082274187841952e+00
-4.3842460036019091e+00
-4.1713196195858808e+00
-3.9704987341023581e+00
-3.7766685606126638e+00
-3.5933414240517134e+00
-3.4174229948965857e+00
-3.2491745240659418e+00
-3.0885722738090009e+00
-2.9337809958931609e+00
-2.7860938286743049e+00
-2.6437133596632436e+00
-2.5076349583272024e+00
-2.3764244077403642e+00
-2.2508690118205168e+00
-2.1303213519413089e+00
-2.0143020292695288e+00
-1.9035936087112502e+00
-1.7967133577196288e+00
-1.6945618440536534e+00
-1.5968886941657279e+00
-1.5029526947360692e+00
-1.4133030290482911e+00
-1.3277638045467195e+00
-1.2457265280879521e+00
-1.1675187504932991e+00
-1.0930635142470364e+00
-1.0222689988250397e+00
-9.5464890456020024e-01
-8.9045779269410386e-01
-8.2960770565181685e-01
-7.7197650471966672e-01
-7.1744895303667955e-01
-6.6579018597445905e-01
-6.1701503504913657e-01
-5.7106595059995391e-01
-5.2783642478838644e-01
-4.8721605832740200e-01
-4.4911113449623546e-01
-4.1341969645844628e-01
-3.8002223539067742e-01
-3.4881573934332782e-01
-3.1969980968434436e-01
-2.9258691761137556e-01
-2.6740332870716937e-01
-2.4405497262824599e-01
-2.2241974968386366e-01
-2.0242361573785747e-01
-1.8398276469482219e-01
-1.6698339080719274e-01
-1.5135081458315106e-01
-1.3701321766205435e-01
-1.2386744425659110e-01
-1.1183925870003751e-01
-1.0086968683974909e-01
-9.0867629066876399e-02
-8.1760899551097097e-02
-7.3503501038586216e-02
-6.6016905232537046e-02
-5.9232621556543470e-02
-5.3117088337501756e-02
-4.7604049575431892e-02
-4.2630158583349682e-02
-3.8173167901193995e-02
-3.4178213949557508e-02
-3.0588081222776019e-02
-2.7390363560653691e-02
-2.4540301958149473e-02
-2.1987354696372703e-02
-1.9727284985841396e-02
-1.7723912621628313e-02
-1.5933550806338549e-02
-1.4358401121968938e-02
-1.2969250033204342e-02
-1.1729195073001563e-02
-1.0645200928163625e-02
-9.6934443798987260e-03
-8.8435924624033647e-03
-8.1058393756213449e-03
-7.4603010011691975e-03
-6.8829459459294178e-03
-6.3858610869776521e-03
-5.9518328553907675e-03
-5.5628783817418138e-03
-5.2318671024410204e-03
-4.9432017321254813e-03
-4.6847563699813398e-03
-4.4693096745785426e-03
-4.2820526496674350e-03
-4.1166152474587893e-03
-3.9850489881178286e-03
-3.8727353766119135e-03
-3.7790663316734181e-03
-3.7149614450818591e-03
-3.6656265946529713e-03
-3.6363362270457633e-03
-3.6367052665579481e-03
-3.6516189088437057e-03
-3.6925063045181394e-03
-3.7677279209717921e-03
-3.8619382034751730e-03
-3.9931495336257179e-03
-4.1687562364228327e-03
-4.3735200743637908e-03
-4.6326424261966242e-03
-4.9506446135768661e-03
-5.3203546222758084e-03
-5.7676091009199746e-03
-6.2968537970769095e-03
-6.9112902905311907e-03
-7.6369853329515723e-03
-8.4799193155954966e-03
-9.4547474161928106e-03
-1.0589084056650017e-02
-1.1891861563310558e-02
-1.3390454325192683e-02
-1.5115590078179598e-02
-1.7080818783300592e-02
-1.9327614484260666e-02
-2.1890648643019608e-02
-2.4792631411367623e-02
-2.8087747579947291e-02
-3.1814991719677749e-02
-3.6014944369479739e-02
-4.0748617987730690e-02
-4.6063489449356350e-02
-5.2018670162968281e-02
-5.8681410787587797e-02
-6.6108399440639731e-02
-7.4378156343550536e-02
-8.3567462346736773e-02
-9.3743903821847760e-02
-1.0499988699730495e-01
-1.1741703154620858e-01
-1.3107902660000972e-01
-1.4608232525877621e-01
-1.6251346741036787e-01
-1.8046627469048615e-01
-2.0003642272562708e-01
-2.2131011260278483e-01
-2.4438209090389554e-01
-2.6933897030066656e-01
-2.9626113623251077e-01
-3.2522896046147498e-01
-3.5631180069864493e-01
-3.8957162239896392e-01
-4.2506094524874932e-01
-4.6280656768903339e-01
-5.0278074097294589e-01
-5.4504688149278213e-01
-5.8960208156742988e-01
-6.3641907767905803e-01
-6.8545986306310580e-01
-7.3666218511819070e-01
-7.8983932799591305e-01
-8.4489542576439947e-01
-9.0176790671035933e-01
-9.6031334104152088e-01
-1.0203244094877144e+00
-1.0813800714413504e+00
-1.1435148405812523e+00
-1.2064987038134043e+00
-1.2697756439914696e+00
-1.3332912640382852e+00
-1.3968527553376830e+00
-1.4597221574100263e+00
-1.5220412432638863e+00
-1.5832457033302529e+00
-1.6430620350169214e+00
-1.7012735124290894e+00
-1.7573539937424199e+00
-1.8112776587512525e+00
-1.8625081361752176e+00
-1.9109572716262693e+00
-1.9563721327353656e+00
-1.9983294078627662e+00
-2.0370050139952682e+00
-2.0717797936855886e+00
-2.1027968298590718e+00
-2.1300124983634579e+00
-2.1529810710850970e+00
-2.1719121903233729e+00
-2.1867986486458841e+00
-2.1975509740694315e+00
-2.2040352609476885e+00
-2.2065106518267390e+00
-2.2050609325844324e+00
-2.1996982786234622e+00
-2.1903630746381850e+00
-2.1773950559656421e+00
-2.1609160187782162e+00
-2.1411064479117070e+00
0.0000000000000000e+00
2.4055929233035767e-01
0.0000000000000000e+00
0.0000000000000000e+00
];
