%Vec Object:sol 1 MPI processes
%  type: mpi
sol = [
0.0000000000000000e+00
-5.9543147164537888e+00
-5.6601721540102279e+00
-5.3853302828593375e+00
-5.1309146570060831e+00
-4.8868176291415661e+00
-4.6581228360146500e+00
-4.4428916529082665e+00
-4.2359712635917761e+00
-4.0415565423830060e+00
-3.8545921642445222e+00
-3.6770620672331367e+00
-3.5076572212313493e+00
-3.3444760106646871e+00
-3.1894656451588874e+00
-3.0393842862063396e+00
-2.8966707744951599e+00
-2.7581357580555492e+00
-2.6263673992541419e+00
-2.4985672629183910e+00
-2.3763314406352789e+00
-2.2584654089788838e+00
-2.1451732095502245e+00
-2.0363948301298946e+00
-1.9313155347293456e+00
-1.8307996151495149e+00
-1.7338197624051093e+00
-1.6406231895504519e+00
-1.5514669938432757e+00
-1.4655565722537618e+00
-1.3831171970716538e+00
-1.3043329580831096e+00
-1.2288510785757809e+00
-1.1563337210040652e+00
-1.0871427276181460e+00
-1.0211184231293688e+00
-9.5812654773801753e-01
-8.9784286100344857e-01
-8.4048893459093466e-01
-7.8595971613667359e-01
-7.3416954898690412e-01
-6.8503038809978023e-01
-6.3836217807725848e-01
-5.9412335386422277e-01
-5.5230441804473795e-01
-5.1282377151116243e-01
-4.7559762130393940e-01
-4.4052936312950275e-01
-4.0755102171506907e-01
-3.7658231245110690e-01
-3.4752032743865757e-01
-3.2026920707034323e-01
-2.9478046958059312e-01
-2.7096936415620004e-01
-2.4877342580242084e-01
-2.2812147300932353e-01
-2.0891498220740243e-01
-1.9108968289566300e-01
-1.7458333664280004e-01
-1.5930440155348910e-01
-1.4518705579037416e-01
-1.3217880878039320e-01
-1.2019658357615332e-01
-1.0917417684779414e-01
-9.9069200517276565e-02
-8.9807908908293724e-02
-8.1325320587067554e-02
-7.3589022731854789e-02
-6.6534812268845805e-02
-6.0100634584299852e-02
-5.4263443715211586e-02
-4.8968298519693705e-02
-4.4157485949739374e-02
-3.9816405884064800e-02
-3.5898706604186113e-02
-3.2352060038569587e-02
-2.9169170523817105e-02
-2.6311322353812113e-02
-2.3732249286789738e-02
-2.1430693796647235e-02
-1.9374453407330697e-02
-1.7523690265664173e-02
-1.5881883925755326e-02
-1.4422155634154216e-02
-1.3111231757756647e-02
-1.1956072226239610e-02
-1.0933953559893400e-02
-1.0018156025328125e-02
-9.2179703682569742e-03
-8.5137503969034741e-03
-7.8852508248047504e-03
-7.3430977215860442e-03
-6.8697862301685900e-03
-6.4514616207306764e-03
-6.0992753055590125e-03
-5.7971048728861522e-03
-5.5374481009362155e-03
-5.3313787805074463e-03
-5.1636009702426622e-03
-5.0330092198826708e-03
-4.9502164707796465e-03
-4.9004191320034269e-03
-4.8890574454651184e-03
-4.9261324899554692e-03
-4.9972209833902149e-03
-5.1146075159630858e-03
-5.2877577232793797e-03
-5.5027560416607453e-03
-5.7791816522330258e-03
-6.1262800265313383e-03
-6.5310172662495433e-03
-7.0208771037752141e-03
-7.6030066169082804e-03
-8.2731869458787140e-03
-9.0602588962195914e-03
-9.9720468640363009e-03
-1.1015382330660104e-02
-1.2219989767661702e-02
-1.3595895116311046e-02
-1.5161890194796298e-02
-1.6949728347121346e-02
-1.8972858697732877e-02
-2.1262982941361922e-02
-2.3855130789173323e-02
-2.6767494071506501e-02
-3.0045540365744049e-02
-3.3727931731531061e-02
-3.7841531205509545e-02
-4.2443483681815233e-02
-4.7575834203846541e-02
-5.3281735725650786e-02
-5.9622189353328726e-02
-6.6644227153597260e-02
-7.4408589759973776e-02
-8.2982467488551773e-02
-9.2420825124382766e-02
-1.0279638734284503e-01
-1.1418016578321391e-01
-1.2663347398182054e-01
-1.4023862028793585e-01
-1.5506653131520270e-01
-1.7118828881377887e-01
-1.8868421269935740e-01
-2.0762417484571918e-01
-2.2808200514576474e-01
-2.5013075858750239e-01
-2.7383380625471537e-01
-2.9925829072091220e-01
-3.2646255179619338e-01
-3.5549783561779191e-01
-3.8641122652169990e-01
-4.1923982199013443e-01
-4.5397262175132441e-01
-4.9062417416350979e-01
-5.2922779605237569e-01
-5.6977269891311644e-01
-6.1223682182437666e-01
-6.5658765086832616e-01
-7.0276788308357352e-01
-7.5061860263689340e-01
-8.0006310424325744e-01
-8.5105699668922696e-01
-9.0349545309545187e-01
-9.5723522613775758e-01
-1.0118741900079502e+00
-1.0674706774225611e+00
-1.1238460333788733e+00
-1.1806861392776911e+00
-1.2376730938223015e+00
-1.2948094583827694e+00
-1.3517149132491797e+00
-1.4080385793571402e+00
-1.4638343771102384e+00
-1.5184327056643518e+00
-1.5719284566157739e+00
-1.6238973815756867e+00
-1.6741236415477543e+00
-1.7224034886001776e+00
-1.7684555176930321e+00
-1.8120959352582517e+00
-1.8531726918835487e+00
-1.8913611289166530e+00
-1.9267949340963537e+00
-1.9588622114264331e+00
-1.9878932231586073e+00
-2.0135818164801500e+00
-2.0357717915143496e+00
-2.0546370299092920e+00
-2.0699557238379702e+00
-2.0816703729205899e+00
-2.0899946426347520e+00
-2.0948736981834295e+00
-2.0961152090756645e+00
-2.0940788134487871e+00
-2.0887874930705088e+00
-2.0802376473036519e+00
-2.0684823018795790e+00
-2.0537779810872809e+00
-2.0362719226784880e+00
0.0000000000000000e+00
2.4055929233035767e-01
0.0000000000000000e+00
0.0000000000000000e+00
];
