%Vec Object:sol 1 MPI processes
%  type: mpi
sol = [
0.0000000000000000e+00
-9.1903655802853716e+00
-8.5156622952902943e+00
-7.9009714516630698e+00
-7.3381126741452283e+00
-6.8194687772802780e+00
-6.3387519765701263e+00
-5.8915796479123888e+00
-5.4746710081543180e+00
-5.0826697848438798e+00
-4.7145542207362938e+00
-4.3691922157818590e+00
-4.0444499187752516e+00
-3.7385940526769348e+00
-3.4493773541590338e+00
-3.1777650869459113e+00
-2.9220497055091803e+00
-2.6809270690908593e+00
-2.4552857769640544e+00
-2.2426906326165645e+00
-2.0442134174984790e+00
-1.8583263752655872e+00
-1.6851657795803019e+00
-1.5241302775094165e+00
-1.3744157850797305e+00
-1.2360672883125383e+00
-1.1084959130070580e+00
-9.9088766320003818e-01
-8.8308697235024503e-01
-7.8460669151094753e-01
-6.9493168615071199e-01
-6.1354611803325654e-01
-5.3987667623554225e-01
-4.7346244985266450e-01
-4.1384313415316215e-01
-3.6054153210070172e-01
-3.1307927189533996e-01
-2.7095717943093173e-01
-2.3373207003001595e-01
-2.0098391728881460e-01
-1.7227246709220950e-01
-1.4719522489807679e-01
-1.2540967602389780e-01
-1.0655273112756508e-01
-9.0271023525264754e-02
-7.6307550566709181e-02
-6.4382366749705322e-02
-5.4195664147032967e-02
-4.5572879335376147e-02
-3.8308925236141128e-02
-3.2167459487266799e-02
-2.7033610859055805e-02
-2.2766848998981307e-02
-1.9197030241438030e-02
-1.6244695790908602e-02
-1.3824619518727342e-02
-1.1818745067992764e-02
-1.0172823896019237e-02
-8.8426627156107506e-03
-7.7486277279588331e-03
-6.8527471687995865e-03
-6.1393799281026498e-03
-5.5557407304026784e-03
-5.0732827391067525e-03
-4.6950787896053118e-03
-4.3862640838288761e-03
-4.1230940657589156e-03
-3.9201788577481302e-03
-3.7541491288763658e-03
-3.6033813970641239e-03
-3.4890819337712623e-03
-3.3949973015844309e-03
-3.3003687579551259e-03
-3.2297507074106448e-03
-3.1711232740928349e-03
-3.1042761372410059e-03
-3.0550322617255332e-03
-3.0137369294998425e-03
-2.9609575971693133e-03
-2.9224644635004698e-03
-2.8897486355740384e-03
-2.8446535684609102e-03
-2.8120444346232776e-03
-2.7837387375744846e-03
-2.7434485150447342e-03
-2.7145658545977770e-03
-2.6886583768369180e-03
-2.6518964363598792e-03
-2.6258025694268082e-03
-2.6012680058268402e-03
-2.5674603508507440e-03
-2.5437434513614558e-03
-2.5200023645871742e-03
-2.4888717592596228e-03
-2.4673381410627282e-03
-2.4440166623089211e-03
-2.4154061089010884e-03
-2.3959482252628728e-03
-2.3727754183386976e-03
-2.3465771519368839e-03
-2.3291219197406829e-03
-2.3058901695005461e-03
-2.2820176480203174e-03
-2.2665068346148184e-03
-2.2430430549526450e-03
-2.2214220975463974e-03
-2.2078078076666627e-03
-2.1839752442234274e-03
-2.1645480534771533e-03
-2.1528010213356600e-03
-2.1285079635342528e-03
-2.1112509564683636e-03
-2.0989205631044565e-03
-2.0766249046141978e-03
-2.0616018661036291e-03
-2.0483312805578114e-03
-2.0286900846585975e-03
-2.0161872597740981e-03
-2.0024159339879365e-03
-1.9860111682314364e-03
-1.9768663095341907e-03
-1.9637908003712411e-03
-1.9521968111412991e-03
-1.9485671409132477e-03
-1.9391329839137654e-03
-1.9362308122771268e-03
-1.9423531276229779e-03
-1.9444117499267017e-03
-1.9592241165735714e-03
-1.9844214585808526e-03
-2.0159554284189560e-03
-2.0684686756640425e-03
-2.1386165608057697e-03
-2.2327325326792903e-03
-2.3652575353664065e-03
-2.5342439349834316e-03
-2.7589781377934238e-03
-3.0567489465466624e-03
-3.4323266863960692e-03
-3.9212952228549888e-03
-4.5467079131094783e-03
-5.3364467044823569e-03
-6.3401415102365090e-03
-7.5989528274350883e-03
-9.1736959980378788e-03
-1.1139622479291384e-02
-1.3569033286395540e-02
-1.6569306859607842e-02
-2.0254370335327617e-02
-2.4751785505975996e-02
-3.0226467120709980e-02
-3.6851836054891278e-02
-4.4832645292968570e-02
-5.4406010179959101e-02
-6.5824629855760583e-02
-7.9386477306338590e-02
-9.5413560929993424e-02
-1.1425373419656552e-01
-1.3629678441846646e-01
-1.6194989556549408e-01
-1.9164887075863887e-01
-2.2585129498624254e-01
-2.6502109789276790e-01
-3.0963374401343657e-01
-3.6015508041221816e-01
-4.1703269043273022e-01
-4.8068200393074545e-01
-5.5147168363537624e-01
-6.2970160739634029e-01
-7.1546547078533396e-01
-8.0893827541694041e-01
-9.1011783392764545e-01
-1.0188639024713586e+00
-1.1347977982826463e+00
-1.2571924294452059e+00
-1.3856892228865902e+00
-1.5193386148185304e+00
-1.6567768238172831e+00
-1.7973543804170651e+00
-1.9390174747711879e+00
-2.0810809728124782e+00
-2.2211078375204281e+00
-2.3581763127030801e+00
-2.4904807577055856e+00
-2.6160575128748786e+00
-2.7338252750448984e+00
-2.8422877348841524e+00
-2.9401084391381662e+00
-3.0261993731938102e+00
-3.0996028616859013e+00
-3.1596719745281745e+00
-3.2059155604218788e+00
-3.2380552947388783e+00
-3.2560923668545105e+00
-3.2601240553175548e+00
-3.2505341323014121e+00
-3.2278061598058563e+00
-3.1925610758292744e+00
-3.1455962121067000e+00
0.0000000000000000e+00
2.4055929233035767e-01
0.0000000000000000e+00
0.0000000000000000e+00
];
