%Vec Object:sol 1 MPI processes
%  type: mpi
sol = [
0.0000000000000000e+00
-6.7582670447911850e+00
-6.3859053089455289e+00
-6.0363560622968286e+00
-5.7130405064910725e+00
-5.4121257109197680e+00
-5.1262294242803792e+00
-4.8570133881316258e+00
-4.6046469872038802e+00
-4.3643862393777342e+00
-4.1355277589764778e+00
-3.9197248693373541e+00
-3.7127644691608142e+00
-3.5156535717423170e+00
-3.3282225011606075e+00
-3.1479516808408903e+00
-2.9768241136486746e+00
-2.8117241613333062e+00
-2.6550728569988729e+00
-2.5040970986876645e+00
-2.3605260842480233e+00
-2.2223189937417334e+00
-2.0908361121809143e+00
-1.9645661529033709e+00
-1.8441464457592553e+00
-1.7293968479482451e+00
-1.6193958562781865e+00
-1.5148436545538211e+00
-1.4153938695896424e+00
-1.3204093001896609e+00
-1.2303081645754974e+00
-1.1449494287718653e+00
-1.0638701108286435e+00
-9.8702620458743962e-01
-9.1448393978750220e-01
-8.4605918450007433e-01
-7.8160032591802042e-01
-7.2081121703910278e-01
-6.6369797579089373e-01
-6.1016387530675442e-01
-5.6006209045842170e-01
-5.1324850242264364e-01
-4.6958811089269636e-01
-4.2893761941011915e-01
-3.9113760548964743e-01
-3.5602899649240355e-01
-3.2353933314961109e-01
-2.9350622171104890e-01
-2.6582434375063152e-01
-2.4036317250007888e-01
-2.1695956183441803e-01
-1.9551910296165947e-01
-1.7592255127110348e-01
-1.5801913711058008e-01
-1.4171688276825445e-01
-1.2691353587816648e-01
-1.1347434199681802e-01
-1.0131088690119182e-01
-9.0339499906829698e-02
-8.0443410610165800e-02
-7.1539465317096790e-02
-6.3562787124099365e-02
-5.6415092273978812e-02
-5.0019959390451750e-02
-4.4330392554225544e-02
-3.9265864892883674e-02
-3.4757655762509714e-02
-3.0774869367970106e-02
-2.7253073061211244e-02
-2.4131701954275546e-02
-2.1393600058925554e-02
-1.8988226050650821e-02
-1.6863099472804784e-02
-1.5012215102629258e-02
-1.3396480285676448e-02
-1.1971077226737247e-02
-1.0738572112772427e-02
-9.6688803876172607e-03
-8.7242511209191520e-03
-7.9134274002178630e-03
-7.2130664842806362e-03
-6.5918585422447135e-03
-6.0626209997715723e-03
-5.6067639365498471e-03
-5.1988599366358740e-03
-4.8540401063338337e-03
-4.5568010366586276e-03
-4.2871593904437550e-03
-4.0611454450497318e-03
-3.8650012101159609e-03
-3.6838872193329141e-03
-3.5336406747730003e-03
-3.4012094960037230e-03
-3.2767316024729333e-03
-3.1750419934398334e-03
-3.0830198044307540e-03
-2.9957317121895419e-03
-2.9264444642135767e-03
-2.8614235586322386e-03
-2.8007154614789250e-03
-2.7556603119330580e-03
-2.7115683624826309e-03
-2.6735992991303442e-03
-2.6509971534618305e-03
-2.6279506445938770e-03
-2.6149719257760294e-03
-2.6192101839267365e-03
-2.6237479900972100e-03
-2.6447987029902171e-03
-2.6876048585837155e-03
-2.7343568405899022e-03
-2.8074596826318009e-03
-2.9081932475401705e-03
-3.0256916609141989e-03
-3.1818403949805162e-03
-3.3766052232103005e-03
-3.6082535043681155e-03
-3.8976218052690927e-03
-4.2448550037230397e-03
-4.6583890724062466e-03
-5.1592923322556763e-03
-5.7492923544537056e-03
-6.4483701733186244e-03
-7.2795238786902555e-03
-8.2479045030970158e-03
-9.3868026601481112e-03
-1.0722350853699785e-02
-1.2268208705291359e-02
-1.4070297864252092e-02
-1.6158951314656674e-02
-1.8566260670467367e-02
-2.1345867325662099e-02
-2.4537738485119108e-02
-2.8194728389030418e-02
-3.2381027166793371e-02
-3.7149127846962511e-02
-4.2574648749692488e-02
-4.8734444830119156e-02
-5.5695521618502948e-02
-6.3555551795813334e-02
-7.2404382277993923e-02
-8.2335666472647048e-02
-9.3460955433350895e-02
-1.0588363922959136e-01
-1.1971978543099750e-01
-1.3509210884618286e-01
-1.5211578696380618e-01
-1.7092260948514190e-01
-1.9163921265499542e-01
-2.1438937761499763e-01
-2.3930485791243589e-01
-2.6650739349107544e-01
-2.9611662154522633e-01
-3.2824737787677744e-01
-3.6300249223904285e-01
-4.0047631023008051e-01
-4.4074852069989140e-01
-4.8388371271851671e-01
-5.2984942381060551e-01
-5.7871816814721422e-01
-6.3049573120715430e-01
-6.8515142254942651e-01
-7.4263716705006577e-01
-8.0286072493395066e-01
-8.6555781599101178e-01
-9.3064430220411321e-01
-9.9798179250577457e-01
-1.0673691119833595e+00
-1.1383348548901717e+00
-1.2106619787781214e+00
-1.2841815722381773e+00
-1.3583082770845714e+00
-1.4326784411989344e+00
-1.5071521878122229e+00
-1.5808091860837665e+00
-1.6537239560182706e+00
-1.7251002643779092e+00
-1.7947236497554395e+00
-1.8619915042821336e+00
-1.9266839309080031e+00
-1.9881095183171433e+00
-2.0463146830705958e+00
-2.1003962298250798e+00
-2.1504863156895375e+00
-2.1962908825032610e+00
-2.2371402107573113e+00
-2.2732551231682789e+00
-2.3044295668155432e+00
-2.3303732794490402e+00
-2.3509816083043487e+00
-2.3664068423887636e+00
-2.3766184666337646e+00
-2.3816258199787161e+00
-2.3813710254861653e+00
-2.3760425450259990e+00
-2.3658620464050992e+00
-2.3509755603511091e+00
-2.3315574552353406e+00
-2.3078509188283798e+00
0.0000000000000000e+00
2.4055929233035767e-01
0.0000000000000000e+00
0.0000000000000000e+00
];
