%Vec Object:sol 1 MPI processes
%  type: mpi
sol = [
0.0000000000000000e+00
-6.2352815185351167e+00
-5.9147798848475217e+00
-5.6146921120046311e+00
-5.3369161327819494e+00
-5.0741482136522240e+00
-4.8252072220463500e+00
-4.5923110123576532e+00
-4.3699778067573076e+00
-4.1589847018137185e+00
-3.9598010060243301e+00
-3.7674589286490940e+00
-3.5857104075628645e+00
-3.4109710797374948e+00
-3.2441622212740979e+00
-3.0846202200480635e+00
-2.9311169381130102e+00
-2.7843759134450963e+00
-2.6431379272269573e+00
-2.5078982873399327e+00
-2.3776943471941170e+00
-2.2528777634690433e+00
-2.1332040696288956e+00
-2.0178249216072528e+00
-1.9077120259542932e+00
-1.8015223048852531e+00
-1.6998642214310953e+00
-1.6027577119470744e+00
-1.5092251868701054e+00
-1.4199377006142058e+00
-1.3347198862218048e+00
-1.2530435458701410e+00
-1.1750681079854104e+00
-1.1008067766776972e+00
-1.0301675171064431e+00
-9.6271485772067589e-01
-8.9859640234508409e-01
-8.3778718377665284e-01
-7.8016628285426404e-01
-7.2561909132356950e-01
-6.7394106064181025e-01
-6.2508769373580819e-01
-5.7903587442211613e-01
-5.3568142304500188e-01
-4.9491647998072452e-01
-4.5664878469766917e-01
-4.2077847884997227e-01
-3.8718866428357990e-01
-3.5578559741494226e-01
-3.2645312655882752e-01
-2.9911619875183587e-01
-2.7370235864230452e-01
-2.5011927559246522e-01
-2.2824697329020879e-01
-2.0801264858112609e-01
-1.8933384429848871e-01
-1.7209841030713999e-01
-1.5623272692188048e-01
-1.4166593047285228e-01
-1.2829606989226128e-01
-1.1604972662122698e-01
-1.0486851236530899e-01
-9.4662115943723424e-02
-8.5358895855607395e-02
-7.6913111915850013e-02
-6.9246661017427005e-02
-6.2291331800101581e-02
-5.6013549257871567e-02
-5.0347188252552133e-02
-4.5228954921083898e-02
-4.0636385189978724e-02
-3.6514527597439790e-02
-3.2806046886949145e-02
-2.9498184727349781e-02
-2.6545948818724078e-02
-2.3898562705805950e-02
-2.1551363452030608e-02
-1.9467856915615540e-02
-1.7604059723346249e-02
-1.5961724371762066e-02
-1.4511295242169514e-02
-1.3215555156955234e-02
-1.2081035424273041e-02
-1.1083581632855404e-02
-1.0192560275714725e-02
-9.4177743255630369e-03
-8.7390457574995622e-03
-8.1320780525750043e-03
-7.6086249975358625e-03
-7.1512323218242187e-03
-6.7416995079010228e-03
-6.3926291117157507e-03
-6.0882446131874301e-03
-5.8162554111481392e-03
-5.5892424762583690e-03
-5.3922825860410481e-03
-5.2188955323392919e-03
-5.0810048005396286e-03
-4.9639440862001213e-03
-4.8670497176092386e-03
-4.8011829665057029e-03
-4.7515695913539751e-03
-4.7234831923385397e-03
-4.7265510975614475e-03
-4.7457484100240756e-03
-4.7925593900851543e-03
-4.8754300714460956e-03
-4.9791785873885665e-03
-5.1219303864469328e-03
-5.3112420139629808e-03
-5.5321172458163495e-03
-5.8099299424893384e-03
-6.1494495708914552e-03
-6.5438094426885484e-03
-7.0190950447541487e-03
-7.5800824527202512e-03
-8.2303344262866195e-03
-8.9962414819646577e-03
-9.8841894096740636e-03
-1.0909236386345099e-02
-1.2099380688904045e-02
-1.3464017601873672e-02
-1.5030937256046198e-02
-1.6831281059218373e-02
-1.8879085682180038e-02
-2.1216202649144745e-02
-2.3877700473158528e-02
-2.6886731174942519e-02
-3.0297751183575878e-02
-3.4150068269375056e-02
-3.8484529180955650e-02
-4.3360968760620351e-02
-4.8826840872152416e-02
-5.4941993785974919e-02
-6.1775123022586115e-02
-6.9382939970736482e-02
-7.7842144128497742e-02
-8.7228876381255122e-02
-9.7610040881360646e-02
-1.0907692702128396e-01
-1.2170998064811750e-01
-1.3559150309512211e-01
-1.5081616312249080e-01
-1.6746865331482985e-01
-1.8564057521111499e-01
-2.0542508775811369e-01
-2.2690583902296918e-01
-2.5017449736537795e-01
-2.7531450896326576e-01
-3.0240297508030256e-01
-3.3151650736931881e-01
-3.6272073386384035e-01
-3.9607356452944625e-01
-4.3162319723040654e-01
-4.6935396986841649e-01
-5.0930945914011350e-01
-5.5151233210798944e-01
-5.9595640332436417e-01
-6.4261116957429920e-01
-6.9143592306746837e-01
-7.4236598168842194e-01
-7.9514786662402515e-01
-8.4981316967476217e-01
-9.0623449812546475e-01
-9.6426793670937982e-01
-1.0236189696104225e+00
-1.0840446083880508e+00
-1.1454951530681776e+00
-1.2077362577848474e+00
-1.2701383406755453e+00
-1.3328349619277196e+00
-1.3954579187260736e+00
-1.4574058798976037e+00
-1.5188082892598058e+00
-1.5789699435493743e+00
-1.6378562098212188e+00
-1.6950193645701632e+00
-1.7501858410874225e+00
-1.8030935765249470e+00
-1.8534563269322222e+00
-1.9009593532155369e+00
-1.9455823132647221e+00
-1.9866917778005424e+00
-2.0245780234375688e+00
-2.0587280294756494e+00
-2.0890921160471017e+00
-2.1157290776148612e+00
-2.1382770003452629e+00
-2.1567868603187557e+00
-2.1713350543595409e+00
-2.1818894286035375e+00
-2.1881996888464053e+00
-2.1905848931287553e+00
-2.1891267125505522e+00
-2.1838584921277282e+00
-2.1746676074577262e+00
-2.1619128582770708e+00
-2.1457162883891123e+00
-2.1262535068559165e+00
0.0000000000000000e+00
2.4055929233035767e-01
0.0000000000000000e+00
0.0000000000000000e+00
];
