%Vec Object:sol 1 MPI processes
%  type: mpi
sol = [
0.0000000000000000e+00
-6.4057484236016862e+00
-6.0687376327788165e+00
-5.7528716485594469e+00
-5.4605351628126337e+00
-5.1861821770795178e+00
-4.9246662514103523e+00
-4.6800775277148423e+00
-4.4488903559660589e+00
-4.2275402763303624e+00
-4.0188548759154052e+00
-3.8192244314790891e+00
-3.6288780603728719e+00
-3.4478213480591924e+00
-3.2732717136549723e+00
-3.1078273635247773e+00
-2.9477369671826530e+00
-2.7955454934994064e+00
-2.6487605609581122e+00
-2.5088819291680986e+00
-2.3736899641181664e+00
-2.2450795698559785e+00
-2.1208267342400196e+00
-2.0021609295375438e+00
-1.8883757005277770e+00
-1.7792073772054815e+00
-1.6750281277046675e+00
-1.5749609986656350e+00
-1.4793979193019793e+00
-1.3882971538634796e+00
-1.3011346464749531e+00
-1.2179911965268557e+00
-1.1389100419539848e+00
-1.0637438614289045e+00
-9.9212628936720715e-01
-9.2412757397850043e-01
-8.5971978479126976e-01
-7.9879038727687157e-01
-7.4121171322145185e-01
-6.8674095686065229e-01
-6.3535511104226194e-01
-5.8700761266220169e-01
-5.4158398186024836e-01
-4.9896837399339883e-01
-4.5904023079273854e-01
-4.2169934214679877e-01
-3.8683460607473030e-01
-3.5428370835881212e-01
-3.2397416092753306e-01
-2.9583029365048102e-01
-2.6971485586408622e-01
-2.4554834654433777e-01
-2.2322946590520718e-01
-2.0262768863218303e-01
-1.8366369653596434e-01
-1.6624812913913625e-01
-1.5026071588701462e-01
-1.3562242580992781e-01
-1.2225756043965831e-01
-1.1005841705268621e-01
-9.8947597087646791e-02
-8.8863833019738339e-02
-7.9713243974323347e-02
-7.1421743766967236e-02
-6.3942425753973006e-02
-5.7195483239565532e-02
-5.1111690810663322e-02
-4.5657682230596873e-02
-4.0767105205706762e-02
-3.6376829804122587e-02
-3.2465604292001182e-02
-2.8979313995984288e-02
-2.5861649186080620e-02
-2.3101703659864681e-02
-2.0655996733813416e-02
-1.8475317701316846e-02
-1.6557174414136431e-02
-1.4866925257447917e-02
-1.3362407463439646e-02
-1.2047605370777060e-02
-1.0894894855566644e-02
-9.8689075707224273e-03
-8.9782804510420474e-03
-8.2006826077945794e-03
-7.5071962820194328e-03
-6.9094828416678715e-03
-6.3889605793468023e-03
-5.9228145219019377e-03
-5.5243432728157085e-03
-5.1773964420016496e-03
-4.8649676190179779e-03
-4.6008637497669067e-03
-4.3702921442971302e-03
-4.1618482697725777e-03
-3.9889739157863615e-03
-3.8374034340300767e-03
-3.7012315963555233e-03
-3.5929055895742687e-03
-3.4980916118513531e-03
-3.4163916953451495e-03
-3.3588584871601032e-03
-3.3107230962594026e-03
-3.2772129388133685e-03
-3.2678101547712261e-03
-3.2671561041763397e-03
-3.2863648642591945e-03
-3.3333843659769224e-03
-3.3923356479669689e-03
-3.4806288449725767e-03
-3.6049422819459877e-03
-3.7491852096739149e-03
-3.9376467159704777e-03
-4.1737959987234547e-03
-4.4492699582480404e-03
-4.7886530659500817e-03
-5.1949790874013047e-03
-5.6699104664217348e-03
-6.2379116224716771e-03
-6.9031856400251805e-03
-7.6785228189816448e-03
-8.5896103718950921e-03
-9.6432723148125558e-03
-1.0864770439754465e-02
-1.2282664083727251e-02
-1.3908161143667538e-02
-1.5780541619762171e-02
-1.7932225041260207e-02
-2.0383557907313207e-02
-2.3186708461052204e-02
-2.6378579197545628e-02
-2.9997781565138441e-02
-3.4103804446789725e-02
-3.8742605135101832e-02
-4.3972248234320097e-02
-4.9861222331528079e-02
-5.6465052138383834e-02
-6.3860142227408392e-02
-7.2126160525624983e-02
-8.1332046101391137e-02
-9.1573091316165298e-02
-1.0293416021582552e-01
-1.1550307092747229e-01
-1.2938194669319766e-01
-1.4466341949922276e-01
-1.6144894955036462e-01
-1.7984316656514066e-01
-1.9994161110209807e-01
-2.2185062562108182e-01
-2.4566905371718867e-01
-2.7149023766484159e-01
-2.9940959898503783e-01
-3.2951147792460989e-01
-3.6187403089298370e-01
-3.9656699610573709e-01
-4.3364843158366900e-01
-4.7314690042972812e-01
-5.1503768673541483e-01
-5.5938829279062208e-01
-6.0618844859835974e-01
-6.5541474203064221e-01
-7.0701861332376759e-01
-7.6092632368282842e-01
-8.1692075599953551e-01
-8.7492630424459072e-01
-9.3485278144517281e-01
-9.9654122772816978e-01
-1.0596656471430181e+00
-1.1239424981882673e+00
-1.1893027846557052e+00
-1.2554531090211378e+00
-1.3217764997004562e+00
-1.3883328289934014e+00
-1.4546648113183200e+00
-1.5202655163099557e+00
-1.5851583982578765e+00
-1.6484772099228389e+00
-1.7104170548488162e+00
-1.7701535529919543e+00
-1.8278278215439088e+00
-1.8826085340529128e+00
-1.9347614826026585e+00
-1.9833985396795237e+00
-2.0287459900837068e+00
-2.0704276507177233e+00
-2.1080635968310832e+00
-2.1418145117266496e+00
-2.1713191332715307e+00
-2.1963891558121289e+00
-2.2172123274412150e+00
-2.2336787084977145e+00
-2.2455131873423761e+00
-2.2529569997247041e+00
-2.2560745391097803e+00
-2.2549535821967721e+00
-2.2495232744198170e+00
-2.2399285392855002e+00
-2.2264151012399198e+00
-2.2091186283910655e+00
-2.1882360172255733e+00
0.0000000000000000e+00
2.4055929233035767e-01
0.0000000000000000e+00
0.0000000000000000e+00
];
