%Vec Object:sol 1 MPI processes
%  type: mpi
sol = [
0.0000000000000000e+00
-6.8474819099970956e+00
-6.4659337724719732e+00
-6.1076702171023411e+00
-5.7763754812674417e+00
-5.4681381514358147e+00
-5.1765467383660191e+00
-4.9010382521885649e+00
-4.6428528505243776e+00
-4.3982317100606236e+00
-4.1642482504732614e+00
-3.9436828761733511e+00
-3.7332008444820195e+00
-3.5318459840095731e+00
-3.3411230599187736e+00
-3.1573746119017447e+00
-2.9828506556029044e+00
-2.8152648980548292e+00
-2.6556244026900377e+00
-2.5024660176726514e+00
-2.3562997348629828e+00
-2.2162103875065235e+00
-2.0829070187169565e+00
-1.9547187890188467e+00
-1.8329072521792875e+00
-1.7165437430685919e+00
-1.6054426636807020e+00
-1.4999191079849341e+00
-1.3993593809921834e+00
-1.3036837703827695e+00
-1.2130142298105162e+00
-1.1272014590733430e+00
-1.0456324113143198e+00
-9.6860523123687570e-01
-8.9597958854304627e-01
-8.2756740925148609e-01
-7.6314479412397118e-01
-7.0251745106867747e-01
-6.4569346073009559e-01
-5.9251920646983491e-01
-5.4284085126776949e-01
-4.9650775023905563e-01
-4.5337967387996653e-01
-4.1330637955897626e-01
-3.7607074389526712e-01
-3.4161226401739858e-01
-3.0979626450581993e-01
-2.8045241789962572e-01
-2.5347059612200279e-01
-2.2871464711840750e-01
-2.0601521913934856e-01
-1.8527417008422331e-01
-1.6636801580408314e-01
-1.4914142771412120e-01
-1.3349954728976082e-01
-1.1933732032279593e-01
-1.0651701596095496e-01
-9.4948358494731766e-02
-8.4546199304995115e-02
-7.5192201087606408e-02
-6.6802354834619493e-02
-5.9311408412247003e-02
-5.2620651720359998e-02
-4.6653669408227974e-02
-4.1363914436569171e-02
-3.6671266245667210e-02
-3.2507655398353867e-02
-2.8843173502888512e-02
-2.5614328358203695e-02
-2.2761613639060683e-02
-2.0269144582447791e-02
-1.8087595117498047e-02
-1.6165735795368941e-02
-1.4498912061845001e-02
-1.3049319457391099e-02
-1.1773414091919510e-02
-1.0675046839859917e-02
-9.7253547512563543e-03
-8.8877670805804707e-03
-8.1721568828459819e-03
-7.5562540243096325e-03
-7.0097680910339273e-03
-6.5464502893603643e-03
-6.1485977984513211e-03
-5.7916146332837037e-03
-5.4913626347635087e-03
-5.2330359142574428e-03
-4.9972950433904359e-03
-4.8007128593723540e-03
-4.6300547413492474e-03
-4.4709540289154300e-03
-4.3396277139380575e-03
-4.2233970212536796e-03
-4.1127241721853770e-03
-4.0226884622365294e-03
-3.9404168461014489e-03
-3.8611732884427830e-03
-3.7983563358637861e-03
-3.7383731979849190e-03
-3.6813559895014589e-03
-3.6386788687380544e-03
-3.5956981948553303e-03
-3.5575537215867012e-03
-3.5334296868546099e-03
-3.5074646909019889e-03
-3.4900402392643130e-03
-3.4881437645930668e-03
-3.4846984578068511e-03
-3.4956593201373818e-03
-3.5259844550424237e-03
-3.5575699044350529e-03
-3.6124062918548782e-03
-3.6913376982792268e-03
-3.7830199713278999e-03
-3.9087424700267595e-03
-4.0678379117414691e-03
-4.2578664192290967e-03
-4.4988450247677794e-03
-4.7900407608137017e-03
-5.1389121539038764e-03
-5.5654428656111993e-03
-6.0701968061902646e-03
-6.6718792211677104e-03
-7.3921128173109682e-03
-8.2345780067466148e-03
-9.2309961865088361e-03
-1.0405841824939510e-02
-1.1771018644726440e-02
-1.3370646744287781e-02
-1.5233178241373478e-02
-1.7388774211040757e-02
-1.9889168748152112e-02
-2.2772373453926336e-02
-2.6089357611890511e-02
-2.9902533792826754e-02
-3.4262551472122448e-02
-3.9241762258994277e-02
-4.4917074423699722e-02
-5.1355731051208192e-02
-5.8655223446568733e-02
-6.6903796627294343e-02
-7.6195211176842942e-02
-8.6641879253786094e-02
-9.8348416319348181e-02
-1.1143298666698959e-01
-1.2602123796860279e-01
-1.4223176408121313e-01
-1.6020115511546407e-01
-1.8006156353013184e-01
-2.0194309323105647e-01
-2.2598536598373387e-01
-2.5231853604210674e-01
-2.8107190824787065e-01
-3.1237118400436337e-01
-3.4633038704204006e-01
-3.8305661087105508e-01
-4.2264264245142441e-01
-4.6516634414004887e-01
-5.1063262487311911e-01
-5.5908774699199670e-01
-6.1056899260108199e-01
-6.6505923728431227e-01
-7.2252247820958815e-01
-7.8287843999084461e-01
-8.4593480184896441e-01
-9.1149861041382740e-01
-9.7949223998163137e-01
-1.0497180354017073e+00
-1.1218052258740343e+00
-1.1953424457588488e+00
-1.2702482581720347e+00
-1.3460611046865061e+00
-1.4221478431793368e+00
-1.4984816544376360e+00
-1.5742746668750789e+00
-1.6492827188029275e+00
-1.7230027046782914e+00
-1.7948624743847001e+00
-1.8645760377348988e+00
-1.9315442640865126e+00
-1.9953990533937693e+00
-2.0558910401242776e+00
-2.1122288148852384e+00
-2.1645557008924370e+00
-2.2123039037134467e+00
-2.2551173460909788e+00
-2.2930351314965320e+00
-2.3258337150587018e+00
-2.3530814627004344e+00
-2.3749277374681927e+00
-2.3913800305915243e+00
-2.4024006044205359e+00
-2.4079832069100999e+00
-2.4080583330317515e+00
-2.4029078487246243e+00
-2.3926957156466937e+00
-2.3775764051253794e+00
-2.3577339095842365e+00
-2.3334233664901411e+00
0.0000000000000000e+00
2.4055929233035767e-01
0.0000000000000000e+00
0.0000000000000000e+00
];
