%Vec Object:sol 1 MPI processes
%  type: mpi
sol = [
0.0000000000000000e+00
-2.1759397419629337e+01
-1.8123412020690921e+01
-1.5129325928783938e+01
-1.2586137179746995e+01
-1.0401775676793580e+01
-8.5145931750916404e+00
-6.8855190827306298e+00
-5.4915743698918904e+00
-4.3106801955702885e+00
-3.3251458343222184e+00
-2.5179717923357381e+00
-1.8694086379826300e+00
-1.3596399490470743e+00
-9.6791053779942182e-01
-6.7427151627349746e-01
-4.5950846528861516e-01
-3.0634882087111975e-01
-1.9983294838558929e-01
-1.2767215454503361e-01
-8.0040877053523904e-02
-4.9312498306083051e-02
-3.0024601237483826e-02
-1.8236388457585163e-02
-1.1160649668658368e-02
-7.0134033872160115e-03
-4.6679808086606709e-03
-3.3568088544953787e-03
-2.6046590986076932e-03
-2.2148028013252606e-03
-2.0261600671645503e-03
-1.8778164480184616e-03
-1.8083492379845556e-03
-1.7922509428004326e-03
-1.7413007938967002e-03
-1.7115582016024480e-03
-1.7110292564594888e-03
-1.6858179450613799e-03
-1.6578236828492837e-03
-1.6547591275850105e-03
-1.6429674067970936e-03
-1.6131390378104496e-03
-1.6064605646213374e-03
-1.6046873851703293e-03
-1.5733117116162709e-03
-1.5636723937245839e-03
-1.5697731287682638e-03
-1.5374207742771949e-03
-1.5255223019440311e-03
-1.5334625496343419e-03
-1.5049460420485210e-03
-1.4913726728600541e-03
-1.4964963907985681e-03
-1.4754041716241303e-03
-1.4606204206888411e-03
-1.4634722913019168e-03
-1.4483127658958023e-03
-1.4326976461163589e-03
-1.4337374433526203e-03
-1.4232539499867867e-03
-1.4071337334461255e-03
-1.4067656828871166e-03
-1.3999182330495371e-03
-1.3835850465325900e-03
-1.3821715325116413e-03
-1.3780984969674059e-03
-1.3618104142583778e-03
-1.3596708570339795e-03
-1.3576430212766501e-03
-1.3416231850154534e-03
-1.3390345908772358e-03
-1.3384381394549874e-03
-1.3228739969732993e-03
-1.3200721066930238e-03
-1.3203876006362204e-03
-1.3054347172251309e-03
-1.3026190211275332e-03
-1.3034062866559256e-03
-1.2891915922996632e-03
-1.2865293494532003e-03
-1.2874150941552184e-03
-1.2740416139472880e-03
-1.2716730753986928e-03
-1.2723415572435054e-03
-1.2598918543503840e-03
-1.2579340576458653e-03
-1.2581188473467901e-03
-1.2466586761015138e-03
-1.2452092681284838e-03
-1.2446864961414051e-03
-1.2342673150249606e-03
-1.2334072561279573e-03
-1.2319897634206463e-03
-1.2226516800944900e-03
-1.2224485202830865e-03
-1.2199811368523517e-03
-1.2117542515592454e-03
-1.2122640911969064e-03
-1.2086216894626892e-03
-1.2015308314801587e-03
-1.2028035920797443e-03
-1.1978940792318057e-03
-1.1919621925584733e-03
-1.1940466598243404e-03
-1.1877733416591266e-03
-1.1830069862405325e-03
-1.1859392020705010e-03
-1.1783003919726446e-03
-1.1747532091456664e-03
-1.1785828167535058e-03
-1.1695163421260120e-03
-1.1671793854640157e-03
-1.1694501111739659e-03
-1.1613897748237779e-03
-1.1602545028625687e-03
-1.1604801882035920e-03
-1.1538806248705897e-03
-1.1539304915753315e-03
-1.1521156283757399e-03
-1.1469454338019131e-03
-1.1481665413849939e-03
-1.1443371451080370e-03
-1.1405734720762038e-03
-1.1429595144729066e-03
-1.1371484773935686e-03
-1.1347733247746366e-03
-1.1373699943177432e-03
-1.1305615254938119e-03
-1.1295533630182259e-03
-1.1298325610562836e-03
-1.1245775831015947e-03
-1.1249091103495315e-03
-1.1229254103986661e-03
-1.1191843257016068e-03
-1.1208272060179829e-03
-1.1166458452367908e-03
-1.1143821296775197e-03
-1.1169012823194744e-03
-1.1109896448155874e-03
-1.1101688212106224e-03
-1.1102827612112175e-03
-1.1059562606342214e-03
-1.1065424155401815e-03
-1.1043251590292780e-03
-1.1015389424095881e-03
-1.1034955868274054e-03
-1.0990232855255567e-03
-1.0977338800915368e-03
-1.0986970791632225e-03
-1.0943677896533197e-03
-1.0945334964291566e-03
-1.0931146702355180e-03
-1.0903499121851206e-03
-1.0919303537756605e-03
-1.0882167852098656e-03
-1.0869709277792372e-03
-1.0878915981827357e-03
-1.0839962825501678e-03
-1.0842285216218889e-03
-1.0827861259402416e-03
-1.0804786030334189e-03
-1.0822005769664130e-03
-1.0786177032563390e-03
-1.0781728346541185e-03
-1.0793004686206653e-03
-1.0782078726650200e-03
-1.0835317114601026e-03
-1.0918748672571683e-03
-1.1130408529337087e-03
-1.1631534174590861e-03
-1.2610721580747467e-03
-1.4685355643929464e-03
-1.8818500189341843e-03
-2.6868360108879222e-03
-4.2235816525821321e-03
-7.0703417155598492e-03
-1.2228218407078120e-02
-2.1329470134311013e-02
-3.6969429549389546e-02
-6.3142349947075044e-02
-1.0573939966216869e-01
-1.7312714775844637e-01
-2.7662794803510021e-01
-4.3076097426853566e-01
-6.5296034406574577e-01
-9.6243355181605084e-01
-1.3778433919441597e+00
-1.9131709153154803e+00
-2.5737214774942765e+00
-3.3499516218414671e+00
-4.2148290366789665e+00
-5.1224060460368284e+00
-6.0115180636509011e+00
-6.8149195426753746e+00
-7.4681652867750339e+00
-7.9223747008198915e+00
-8.1483095238910312e+00
-8.1402104018819763e+00
-7.9124400413928511e+00
0.0000000000000000e+00
2.4055929233035767e-01
0.0000000000000000e+00
0.0000000000000000e+00
];
