%Vec Object:sol 1 MPI processes
%  type: mpi
sol = [
0.0000000000000000e+00
-7.5693128412809392e+00
-7.1079596305720152e+00
-6.6774825842976178e+00
-6.2787598621683314e+00
-5.9087609779359340e+00
-5.5635181581271347e+00
-5.2403333787996642e+00
-4.9340234853019229e+00
-4.6453279949726838e+00
-4.3731503837395875e+00
-4.1157366806907989e+00
-3.8698862036416113e+00
-3.6372690794055549e+00
-3.4161710084950574e+00
-3.2051107692761858e+00
-3.0051469690997625e+00
-2.8136045328794324e+00
-2.6322891846470546e+00
-2.4590223892101548e+00
-2.2947077530175597e+00
-2.1380550535850502e+00
-1.9898633438451558e+00
-1.8484903018249559e+00
-1.7149012052169064e+00
-1.5884949374986093e+00
-1.4686521688078957e+00
-1.3557456523430120e+00
-1.2494473736870444e+00
-1.1490876601413782e+00
-1.0549345219469732e+00
-9.6677021803796981e-01
-8.8431298638945666e-01
-8.0710643660741066e-01
-7.3519761338277922e-01
-6.6836721479064209e-01
-6.0638530612964203e-01
-5.4901864609321827e-01
-4.9604396599234979e-01
-4.4722047880974825e-01
-4.0229160830120297e-01
-3.6110404992509104e-01
-3.2345409299850408e-01
-2.8911804323320578e-01
-2.5786574901144793e-01
-2.2951926873329345e-01
-2.0387557287605479e-01
-1.8070390543994502e-01
-1.5985685934466184e-01
-1.4115510068316428e-01
-1.2438309514151816e-01
-1.0941661581817035e-01
-9.6103759514635234e-02
-8.4259869891544048e-02
-7.3774282829596721e-02
-6.4527719009571743e-02
-5.6367828431111634e-02
-4.9198399210928383e-02
-4.2931569165590433e-02
-3.7445962584609443e-02
-3.2659745577776060e-02
-2.8513253154064225e-02
-2.4912849804962982e-02
-2.1790015586350936e-02
-1.9108904062484292e-02
-1.6799317778381714e-02
-1.4804354003310750e-02
-1.3107175991509991e-02
-1.1656369872481495e-02
-1.0404744815027079e-02
-9.3497899370365168e-03
-8.4544336196828215e-03
-7.6793535784407856e-03
-7.0322041949747493e-03
-6.4863490369979140e-03
-6.0087797343298501e-03
-5.6138503091038260e-03
-5.2821283705612142e-03
-4.9857550423766618e-03
-4.7430451458576042e-03
-4.5392265101201080e-03
-4.3508220849391606e-03
-4.1980340128853514e-03
-4.0688244813233410e-03
-3.9436738350743438e-03
-3.8431573993838995e-03
-3.7565575197170409e-03
-3.6681518890150280e-03
-3.5978144285996635e-03
-3.5351316411596869e-03
-3.4682009472183899e-03
-3.4154494356812277e-03
-3.3660480186091381e-03
-3.3120482377693109e-03
-3.2699218610195194e-03
-3.2279173080955450e-03
-3.1822324731383559e-03
-3.1470439294609834e-03
-3.1093241942191244e-03
-3.0696299233335307e-03
-3.0396226962187212e-03
-3.0047610257661179e-03
-2.9701662427020310e-03
-2.9448601686560198e-03
-2.9126301832344188e-03
-2.8833790633009649e-03
-2.8634361442189419e-03
-2.8348413341265253e-03
-2.8125047775386775e-03
-2.8000923653070161e-03
-2.7779102805982922e-03
-2.7661379165349834e-03
-2.7634496975833941e-03
-2.7559429979461358e-03
-2.7620160619946312e-03
-2.7776132082757937e-03
-2.7964011124227551e-03
-2.8340222196540569e-03
-2.8846973068030655e-03
-2.9502121211117264e-03
-3.0442189451154187e-03
-3.1600776045190510e-03
-3.3085728100157785e-03
-3.5025584259599026e-03
-3.7358677289500673e-03
-4.0296739091088283e-03
-4.3968598523228090e-03
-4.8365449814306363e-03
-5.3795247323766638e-03
-6.0397058604555647e-03
-6.8317634761025318e-03
-7.7915514303388252e-03
-8.9400612864345176e-03
-1.0310984285822602e-02
-1.1949367098858405e-02
-1.3887792266758585e-02
-1.6183319412974323e-02
-1.8894862829202389e-02
-2.2073188041179817e-02
-2.5802501791412285e-02
-3.0157819126730750e-02
-3.5222908176273389e-02
-4.1105309613206006e-02
-4.7906570497621995e-02
-5.5747697924614883e-02
-6.4763175574501508e-02
-7.5084413450157608e-02
-8.6871228796873576e-02
-1.0028535753051142e-01
-1.1549388563671052e-01
-1.3268637247579410e-01
-1.5204947673501631e-01
-1.7378097450520069e-01
-1.9808711963827114e-01
-2.2516885621608107e-01
-2.5523581720930455e-01
-2.8849079773123953e-01
-3.2512831983254065e-01
-3.6533624670074899e-01
-4.0928495847799834e-01
-4.5712507735938629e-01
-5.0898180000324877e-01
-5.6489268960551997e-01
-6.2491549482695741e-01
-6.8909953397646639e-01
-7.5741852222289896e-01
-8.2978675170247862e-01
-9.0607938811421673e-01
-9.8584992945732597e-01
-1.0690452561392667e+00
-1.1553753121534547e+00
-1.2443237119739252e+00
-1.3352858528831300e+00
-1.4280538207292441e+00
-1.5218032641349561e+00
-1.6159584183055415e+00
-1.7100584517087263e+00
-1.8029784653863425e+00
-1.8945680069801234e+00
-1.9835354982571745e+00
-2.0696773028765758e+00
-2.1520458186546980e+00
-2.2299475179436339e+00
-2.3030798031418831e+00
-2.3705019222310852e+00
-2.4318268035974171e+00
-2.4867744090445294e+00
-2.5349270963784551e+00
-2.5758891439072369e+00
-2.6093542762801420e+00
-2.6353920830634987e+00
-2.6539010750875067e+00
-2.6648613178398666e+00
-2.6683821610295912e+00
-2.6645492375585991e+00
-2.6535938053207371e+00
-2.6357542019194748e+00
-2.6113179114778933e+00
-2.5806658536296463e+00
0.0000000000000000e+00
2.4055929233035767e-01
0.0000000000000000e+00
0.0000000000000000e+00
];
