%Vec Object:sol 1 MPI processes
%  type: mpi
sol = [
0.0000000000000000e+00
-1.1995090348945160e+01
-1.0867065206230853e+01
-9.8606483953441568e+00
-8.9527470432408620e+00
-8.1324641140106344e+00
-7.3837278495455765e+00
-6.6961244328248082e+00
-6.0620170488478591e+00
-5.4763752872794322e+00
-4.9351163812083163e+00
-4.4345992630051212e+00
-3.9715689187857404e+00
-3.5441870451220714e+00
-3.1510260120270104e+00
-2.7897676431442449e+00
-2.4588473637407526e+00
-2.1574427524631421e+00
-1.8835868232856643e+00
-1.6363025010453442e+00
-1.4141272408529186e+00
-1.2153256154551664e+00
-1.0387762822495410e+00
-8.8287351835589456e-01
-7.4598684883784439e-01
-6.2649338245095876e-01
-5.2300418990283848e-01
-4.3396887511771270e-01
-3.5788138480469106e-01
-2.9333622345423233e-01
-2.3897385336477933e-01
-1.9347145836801133e-01
-1.5570617726493660e-01
-1.2459989116654221e-01
-9.9112921808745508e-02
-7.8421367696758962e-02
-6.1761096125965489e-02
-4.8406508255534268e-02
-3.7791247917513510e-02
-2.9438814665853866e-02
-2.2891203791273965e-02
-1.7782164797195448e-02
-1.3854884068793104e-02
-1.0847762572821947e-02
-8.5283352239372019e-03
-6.7871958339335422e-03
-5.4907258760378873e-03
-4.4840207749401277e-03
-3.7463881597167748e-03
-3.2157183348030913e-03
-2.7885107344179385e-03
-2.4798598769034731e-03
-2.2661727902472156e-03
-2.0820910098244458e-03
-1.9448300142807069e-03
-1.8544497355574734e-03
-1.7671011141823256e-03
-1.6943460287756815e-03
-1.6489764518002046e-03
-1.5997546289541963e-03
-1.5503791596544023e-03
-1.5206870328364082e-03
-1.4873784539199309e-03
-1.4466967789691651e-03
-1.4225157596182512e-03
-1.3969016615543706e-03
-1.3600525760495486e-03
-1.3381516710214802e-03
-1.3170453977972283e-03
-1.2825481904478893e-03
-1.2620177253011618e-03
-1.2439724046976219e-03
-1.2114206509853337e-03
-1.1920641750300779e-03
-1.1762377642605508e-03
-1.1455380428030478e-03
-1.1273558168674264e-03
-1.1131431645153426e-03
-1.0842811220527198e-03
-1.0673156544178592e-03
-1.0542307988859318e-03
-1.0272060628525644e-03
-1.0115011108775415e-03
-9.9913734279398112e-04
-9.7394653865162629e-04
-9.5953717366252782e-04
-9.4754950256412216e-04
-9.2418349211298120e-04
-9.1109544071356959e-04
-8.9919068602894547e-04
-8.7763476988819309e-04
-8.6588537957371365e-04
-8.5381495565672253e-04
-8.3405060960048448e-04
-8.2365092410036588e-04
-8.1120480016461485e-04
-7.9320942649891693e-04
-7.8416420488351430e-04
-7.7116662349562405e-04
-7.5491550094063087e-04
-7.4722528245554714e-04
-7.3353435173576051e-04
-7.1900094300916817e-04
-7.1266248645351980e-04
-6.9815513645222105e-04
-6.8531086203623098e-04
-6.8031706412675550e-04
-6.6489145283655593e-04
-6.5370662197220810e-04
-6.5004757211228480e-04
-6.3361954970038100e-04
-6.2406265809213297e-04
-6.1925089027659291e-04
-6.0422879033822526e-04
-5.9626717963552199e-04
-5.8979494206565209e-04
-5.7661560857067209e-04
-5.7021576200560684e-04
-5.6207017331676894e-04
-5.5068396895623301e-04
-5.4581161706513987e-04
-5.3599548350157888e-04
-5.2635421879018891e-04
-5.2297583668295855e-04
-5.1149375194595214e-04
-5.0355210811861583e-04
-5.0068727499157561e-04
-4.8850383770943984e-04
-4.8222666781681632e-04
-4.7734018387872326e-04
-4.6701985598607227e-04
-4.6241115588310463e-04
-4.5561963566133730e-04
-4.4723233845302780e-04
-4.4444586449494483e-04
-4.3610830677085833e-04
-4.3008330366048607e-04
-4.2941119330135565e-04
-4.2111968693563990e-04
-4.1914161601998496e-04
-4.1990134964029168e-04
-4.1888460207650953e-04
-4.2673479060977211e-04
-4.3758638888154714e-04
-4.5636831801400274e-04
-4.9225956272981142e-04
-5.3956392066826738e-04
-6.1564883962596662e-04
-7.3041417033714107e-04
-8.9133090603515756e-04
-1.1288473279116818e-03
-1.4650405913234552e-03
-1.9381867405187487e-03
-2.6049026997286484e-03
-3.5231725949891783e-03
-4.7895717405129065e-03
-6.5195027650260286e-03
-8.8553026745389462e-03
-1.1996342728381780e-02
-1.6177881715327528e-02
-2.1702028418160539e-02
-2.8946331271858972e-02
-3.8358338896551901e-02
-5.0496117096650715e-02
-6.6015920710308498e-02
-8.5690544806796262e-02
-1.1042702791806655e-01
-1.4125155474503229e-01
-1.7932552147275294e-01
-2.2592946011169959e-01
-2.8244097314893113e-01
-3.5031686017581565e-01
-4.3104068323786487e-01
-5.2606991525355051e-01
-6.3676437301560140e-01
-7.6431027964414389e-01
-9.0954682291545041e-01
-1.0727915416547238e+00
-1.2542189141810287e+00
-1.4532598335456048e+00
-1.6681756169125368e+00
-1.8972836203002839e+00
-2.1374367981617488e+00
-2.3853888465989534e+00
-2.6363732806852518e+00
-2.8862241885169921e+00
-3.1297650629975600e+00
-3.3617367171459169e+00
-3.5771401839617831e+00
-3.7712725051961873e+00
-3.9401479816930536e+00
-4.0804891481351824e+00
-4.1899308565355211e+00
-4.2663095999927281e+00
-4.3093351171754479e+00
-4.3190922821333855e+00
-4.2963115192783317e+00
-4.2428180827816462e+00
-4.1607020322240400e+00
0.0000000000000000e+00
2.4055929233035767e-01
0.0000000000000000e+00
0.0000000000000000e+00
];
