%Vec Object:sol 1 MPI processes
%  type: mpi
sol = [
0.0000000000000000e+00
-6.3348411927175192e+00
-6.0047400037571546e+00
-5.6954702786089291e+00
-5.4092132588205022e+00
-5.1396871001482385e+00
-4.8834097857365872e+00
-4.6436852115609586e+00
-4.4161701117340764e+00
-4.1991107742326221e+00
-3.9944283192061381e+00
-3.7977493667839326e+00
-3.6109768211442015e+00
-3.4325346388985478e+00
-3.2611918371673450e+00
-3.0983433436033350e+00
-2.9407997804442831e+00
-2.7911350918539459e+00
-2.6463466690971931e+00
-2.5085501979246163e+00
-2.3752442175795019e+00
-2.2481902814935490e+00
-2.1258206445766126e+00
-2.0084982239885179e+00
-1.8963078073155830e+00
-1.7882644391676741e+00
-1.6851157507179264e+00
-1.5862590630358764e+00
-1.4915129443754866e+00
-1.4011358764859916e+00
-1.3148112757408403e+00
-1.2321901613887625e+00
-1.1535430901342529e+00
-1.0787248579192732e+00
-1.0075158937363278e+00
-9.3968904171083123e-01
-8.7537696246941321e-01
-8.1447198867112169e-01
-7.5684987616491228e-01
-7.0235617877810519e-01
-6.5079481744316658e-01
-6.0221804296201853e-01
-5.5651503149860737e-01
-5.1357502535417454e-01
-4.7328290332658696e-01
-4.3554196870884465e-01
-4.0024604038784994e-01
-3.6727105417154071e-01
-3.3647980557496965e-01
-3.0783473140694040e-01
-2.8120606373368823e-01
-2.5651714943534476e-01
-2.3367040310618639e-01
-2.1253961900591836e-01
-1.9304819299017476e-01
-1.7510959113508334e-01
-1.5860679971450628e-01
-1.4346296921440266e-01
-1.2960433271395735e-01
-1.1692543915969096e-01
-1.0535044224452626e-01
-9.4819185225335986e-02
-8.5239132205368898e-02
-7.6537097615975019e-02
-6.8666577964341793e-02
-6.1548346948928315e-02
-5.5113486232607062e-02
-4.9328473931001510e-02
-4.4126943394428846e-02
-3.9445594282089512e-02
-3.5262620645830522e-02
-3.1523474770375537e-02
-2.8171337371325090e-02
-2.5194503094132799e-02
-2.2548802389524836e-02
-2.0184312120144196e-02
-1.8097628863773033e-02
-1.6253303258509679e-02
-1.4608375161211037e-02
-1.3165909603540884e-02
-1.1897460769932890e-02
-1.0766869224000983e-02
-9.7819180012821867e-03
-8.9195132139432698e-03
-8.1500151771237237e-03
-7.4843421425024610e-03
-6.9032523275663962e-03
-6.3833155771294038e-03
-5.9372209739283919e-03
-5.5482831347748954e-03
-5.1990052557061546e-03
-4.9027253704098488e-03
-4.6442481594007115e-03
-4.4118087093571231e-03
-4.2185185077348360e-03
-4.0498409460926338e-03
-3.8996392559053723e-03
-3.7801638646658402e-03
-3.6769388675938278e-03
-3.5894613397995665e-03
-3.5287172296268559e-03
-3.4799238681749007e-03
-3.4483308089480777e-03
-3.4434847145990957e-03
-3.4501459810993319e-03
-3.4795833319299515e-03
-3.5399475929155837e-03
-3.6156222544870349e-03
-3.7243148766303788e-03
-3.8730578040487313e-03
-4.0461819956974067e-03
-4.2684296999623578e-03
-4.5437931535258777e-03
-4.8645021158942774e-03
-5.2557669770595039e-03
-5.7213279043332333e-03
-6.2636190474456557e-03
-6.9079116317084903e-03
-7.6593044589462114e-03
-8.5315309622120469e-03
-9.5512570935558944e-03
-1.0726378533182972e-02
-1.2083236869992971e-02
-1.3651504280729743e-02
-1.5443591595462481e-02
-1.7499916430596948e-02
-1.9854069967263025e-02
-2.2527630471083880e-02
-2.5573834820634848e-02
-2.9030695506431208e-02
-3.2937877917662818e-02
-3.7355710126194368e-02
-4.2330988093328512e-02
-4.7922384410369251e-02
-5.4198741402960569e-02
-6.1213880391067170e-02
-6.9047656580823721e-02
-7.7777614648039756e-02
-8.7472125036406695e-02
-9.8225147756065417e-02
-1.1012002694845362e-01
-1.2324260957637445e-01
-1.3769226775160540e-01
-1.5355865563857582e-01
-1.7093946754989786e-01
-1.8993489177800002e-01
-2.1063581446818141e-01
-2.3314277443244269e-01
-2.5754847020156785e-01
-2.8393970705821475e-01
-3.1240427635434476e-01
-3.4301884800628191e-01
-3.7585318016905128e-01
-4.1096794606111381e-01
-4.4841232812556520e-01
-4.8816751521748392e-01
-5.3027102332351661e-01
-5.7474785722784605e-01
-6.2157915922573737e-01
-6.7073433322957654e-01
-7.2215832677759961e-01
-7.7574639172541460e-01
-8.3125987869791984e-01
-8.8871007226966381e-01
-9.4795386199252829e-01
-1.0088306185241191e+00
-1.0709025816653883e+00
-1.1341094929318709e+00
-1.1982768294558235e+00
-1.2629758199972942e+00
-1.3278777790058902e+00
-1.3929133522735897e+00
-1.4574824613315327e+00
-1.5214122831921286e+00
-1.5844432116625871e+00
-1.6459517871826150e+00
-1.7060513594970279e+00
-1.7638500754878399e+00
-1.8196579606232204e+00
-1.8725662135374959e+00
-1.9228179009724495e+00
-1.9697986085882895e+00
-2.0133987963481745e+00
-2.0535922465258216e+00
-2.0896953195982606e+00
-2.1220393223970171e+00
-2.1504110752906693e+00
-2.1743564085689937e+00
-2.1942072411448548e+00
-2.2098602337020692e+00
-2.2211356529344353e+00
-2.2280823207680598e+00
-2.2308650646365420e+00
-2.2295709125788901e+00
-2.2241715425162547e+00
-2.2147066788271124e+00
-2.2014704101933229e+00
-2.1845911731700784e+00
-2.1642573355321209e+00
0.0000000000000000e+00
2.4055929233035767e-01
0.0000000000000000e+00
0.0000000000000000e+00
];
