%Vec Object:sol 1 MPI processes
%  type: mpi
sol = [
0.0000000000000000e+00
-1.2189253561761312e+01
-1.1139785865278968e+01
-1.0210456910930871e+01
-9.3941670042369001e+00
-8.6753836814741572e+00
-8.0384636413256523e+00
-7.4706512432270964e+00
-6.9616468500304736e+00
-6.5016831604407628e+00
-6.0835616250456344e+00
-5.7021210078964133e+00
-5.3518587530951596e+00
-5.0260301966195202e+00
-4.7248349939585790e+00
-4.4453895435629169e+00
-4.1850063373414477e+00
-3.9401720932102755e+00
-3.7107093214852127e+00
-3.4955097132495121e+00
-3.2921644714271832e+00
-3.1002985450252107e+00
-2.9196602336277384e+00
-2.7476638516084431e+00
-2.5855653081589156e+00
-2.4315678576994282e+00
-2.2857263103956029e+00
-2.1471517367075710e+00
-2.0159788933338705e+00
-1.8911157376139671e+00
-1.7730382129799449e+00
-1.6605641861944114e+00
-1.5541255419910776e+00
-1.4532161435926270e+00
-1.3574066686925810e+00
-1.2668230335019255e+00
-1.1811272705091134e+00
-1.0998609548207852e+00
-1.0231724737953427e+00
-9.5082789703069359e-01
-8.8259266542033910e-01
-8.1817063039241578e-01
-7.5758084014878357e-01
-7.0065490177287759e-01
-6.4723093952355693e-01
-5.9714574401202036e-01
-5.5016143539949813e-01
-5.0620774203523844e-01
-4.6517424581446420e-01
-4.2692093103363715e-01
-3.9129260671019667e-01
-3.5817147619933615e-01
-3.2743031160140762e-01
-2.9892189456202378e-01
-2.7253863077550683e-01
-2.4816737025874305e-01
-2.2564633997580996e-01
-2.0490586709868838e-01
-1.8584783841290811e-01
-1.6834726564555533e-01
-1.5230683621498486e-01
-1.3764467769301700e-01
-1.2425012331404491e-01
-1.1203145049421603e-01
-1.0092294859623115e-01
-9.0828789160973006e-02
-8.1663741951844962e-02
-7.3377492064136463e-02
-6.5888726658521329e-02
-5.9119761576233006e-02
-5.3034325221944692e-02
-4.7564683664847451e-02
-4.2641445842589262e-02
-3.8240675375512116e-02
-3.4306824882428560e-02
-3.0779158972530942e-02
-2.7644151711786753e-02
-2.4856760518957244e-02
-2.2364915116490386e-02
-2.0163496875266924e-02
-1.8216156404121431e-02
-1.6479233598279151e-02
-1.4954058742236039e-02
-1.3611171418707274e-02
-1.2414908206583837e-02
-1.1371231939231195e-02
-1.0455880312597693e-02
-9.6407126316312985e-03
-8.9347170983745134e-03
-8.3173246418889544e-03
-7.7674609116138004e-03
-7.2957799508146298e-03
-6.8841293858559697e-03
-6.5181169463718776e-03
-6.2089661243012809e-03
-5.9399111244894005e-03
-5.7029633074881644e-03
-5.5090824689798604e-03
-5.3421105234866696e-03
-5.2003063038762220e-03
-5.0937865348326689e-03
-5.0064703266268825e-03
-4.9428323876334005e-03
-4.9118135019982417e-03
-4.8971085012819290e-03
-4.9095306426551518e-03
-4.9567362236247973e-03
-5.0221249392861586e-03
-5.1231170721793475e-03
-5.2662014154609875e-03
-5.4346402359286301e-03
-5.6528810601531657e-03
-5.9240838880688755e-03
-6.2392750785409375e-03
-6.6229881787687349e-03
-7.0776446388361230e-03
-7.6041042386312385e-03
-8.2262627385778601e-03
-8.9471084394650048e-03
-9.7780790183801848e-03
-1.0743390112013113e-02
-1.1847621707679544e-02
-1.3113645206593964e-02
-1.4567125133923896e-02
-1.6215424868275697e-02
-1.8093757633811481e-02
-2.0229536446950625e-02
-2.2636982549344483e-02
-2.5361685083008113e-02
-2.8432584506495582e-02
-3.1879140414130064e-02
-3.5750727267370795e-02
-4.0081502204291491e-02
-4.4916411742669984e-02
-5.0309375858025307e-02
-5.6300480306238354e-02
-6.2949694536242121e-02
-7.0315241115444446e-02
-7.8444241721980210e-02
-8.7408949016634527e-02
-9.7268937248991189e-02
-1.0808489330989775e-01
-1.1993053304301465e-01
-1.3286788365472066e-01
-1.4696353421184641e-01
-1.6228364856027927e-01
-1.7889519672335943e-01
-1.9686995446427652e-01
-2.1627126023416590e-01
-2.3715651779755778e-01
-2.5958726770654339e-01
-2.8361365626858609e-01
-3.0928210626813141e-01
-3.3663365509040960e-01
-3.6569857198100014e-01
-3.9650037457823406e-01
-4.2905174023418191e-01
-4.6335201364446077e-01
-4.9932336086651596e-01
-5.3699968255130759e-01
-5.7634110932846494e-01
-6.1729216029972245e-01
-6.5979112899783054e-01
-7.0374929994507074e-01
-7.4895110234241213e-01
-7.9536258715146702e-01
-8.4286816688460076e-01
-8.9133304752683962e-01
-9.4048919521064889e-01
-9.9013725877800729e-01
-1.0402167867285581e+00
-1.0905130151875393e+00
-1.1405525733550852e+00
-1.1903986484448899e+00
-1.2397865619113626e+00
-1.2882365050398146e+00
-1.3358240346470847e+00
-1.3821129326230210e+00
-1.4269378773907202e+00
-1.4701479873484411e+00
-1.5113250405451777e+00
-1.5505603289497452e+00
-1.5872913248729539e+00
-1.6217498962684080e+00
-1.6533734890253093e+00
-1.6823740718978888e+00
-1.7083646064874536e+00
-1.7313825915145646e+00
-1.7513601121700544e+00
-1.7680609662039870e+00
-1.7817230659629064e+00
-1.7919902508277112e+00
-1.7990932689319128e+00
-1.8030740844788966e+00
-1.8036988581856401e+00
-1.8013201068444331e+00
-1.7958826378809887e+00
-1.7873631898182352e+00
-1.7760799484834309e+00
0.0000000000000000e+00
1.3464638167935297e-01
0.0000000000000000e+00
0.0000000000000000e+00
];
