%Vec Object:sol 1 MPI processes
%  type: mpi
sol = [
0.0000000000000000e+00
-7.5073002435537886e+00
-7.0533524100181264e+00
-6.6289453765981454e+00
-6.2361504074574041e+00
-5.8715534063706230e+00
-5.5312564771422394e+00
-5.2125754879582917e+00
-4.9097501052846422e+00
-4.6249687465564966e+00
-4.3564069481740075e+00
-4.1016985619698136e+00
-3.8590035329769394e+00
-3.6292904161682285e+00
-3.4103572358920746e+00
-3.2018412521471786e+00
-3.0040340638232168e+00
-2.8143440560281450e+00
-2.6349663974759459e+00
-2.4631305120076687e+00
-2.3004506224811196e+00
-2.1449752343459516e+00
-1.9978386605495306e+00
-1.8576320285523726e+00
-1.7248267542346938e+00
-1.5992787298636921e+00
-1.4799799939595273e+00
-1.3675172399363704e+00
-1.2616182124276996e+00
-1.1615478901340479e+00
-1.0675110912826877e+00
-9.7937907813539116e-01
-8.9686969518588811e-01
-8.1960940431921192e-01
-7.4748774781416705e-01
-6.8038070729445077e-01
-6.1806589359522646e-01
-5.6031802545237575e-01
-5.0692063399381404e-01
-4.5766294534703311e-01
-4.1225096058860605e-01
-3.7054569774799589e-01
-3.3236253140315730e-01
-2.9748322254326770e-01
-2.6568328517638112e-01
-2.3678908031770046e-01
-2.1060224261765739e-01
-1.8689670290944330e-01
-1.6552802856071441e-01
-1.4632003413444891e-01
-1.2906029777337905e-01
-1.1362632041355035e-01
-9.9867901341898532e-02
-8.7601956721874874e-02
-7.6718505190877501e-02
-6.7098734174284080e-02
-5.8590641126200861e-02
-5.1097827962111639e-02
-4.4532000688359080e-02
-3.8771271530204578e-02
-3.3733009521275059e-02
-2.9356564689290508e-02
-2.5547283232969099e-02
-2.2235505077729579e-02
-1.9384146826924652e-02
-1.6921780244153941e-02
-1.4790248577867576e-02
-1.2971453119787962e-02
-1.1412748619771868e-02
-1.0065743657241786e-02
-8.9267857665021565e-03
-7.9577019011026692e-03
-7.1181221982240302e-03
-6.4147540171613946e-03
-5.8200513927071070e-03
-5.3001538245491349e-03
-4.8686831500622703e-03
-4.5055015940736005e-03
-4.1820954213919910e-03
-3.9162476594687646e-03
-3.6926666532650157e-03
-3.4873956890532666e-03
-3.3202730905040716e-03
-3.1788945699642046e-03
-3.0434035909062524e-03
-2.9341416267902277e-03
-2.8401411948643721e-03
-2.7454524231279565e-03
-2.6698094715313708e-03
-2.6026324682836086e-03
-2.5318713254029149e-03
-2.4758776264625082e-03
-2.4237124581781232e-03
-2.3673370995186188e-03
-2.3231895302929404e-03
-2.2794450809284581e-03
-2.2322526142924222e-03
-2.1957812142241679e-03
-2.1569539728106238e-03
-2.1163100339895921e-03
-2.0855207253990871e-03
-2.0500117707581995e-03
-2.0149144740955215e-03
-1.9892743254905816e-03
-1.9568611260137015e-03
-1.9276164926137051e-03
-1.9079096796108086e-03
-1.8797825797784516e-03
-1.8582202061298680e-03
-1.8469531933239768e-03
-1.8263202734728184e-03
-1.8166257624598178e-03
-1.8166450135768564e-03
-1.8125721354308605e-03
-1.8229884704105670e-03
-1.8440048818389315e-03
-1.8694811348741829e-03
-1.9153308432952750e-03
-1.9760448549099811e-03
-2.0537387947007885e-03
-2.1624686059950734e-03
-2.2960166216587498e-03
-2.4656855130261641e-03
-2.6849203499925960e-03
-2.9481883841663112e-03
-3.2774267290331584e-03
-3.6863563134310710e-03
-4.1750087511543930e-03
-4.7752392643003547e-03
-5.5020936924874090e-03
-6.3714956598851973e-03
-7.4206799210881835e-03
-8.6721131832586448e-03
-1.0161075890228195e-02
-1.1934308994386767e-02
-1.4026179535766594e-02
-1.6495606209916944e-02
-1.9403419378338824e-02
-2.2802356172874270e-02
-2.6778562162266446e-02
-3.1409815612757679e-02
-3.6781843101507408e-02
-4.3003517160450540e-02
-5.0177560853213968e-02
-5.8424312513989198e-02
-6.7881006553135906e-02
-7.8679677572073045e-02
-9.0980104012521559e-02
-1.0494349607597643e-01
-1.2073582540456873e-01
-1.3854456390086900e-01
-1.5855363527001967e-01
-1.8095704092892753e-01
-2.0595615113089361e-01
-2.3374624032190000e-01
-2.6452979190647874e-01
-2.9850147623976292e-01
-3.3584672966435020e-01
-3.7674281660535391e-01
-4.2134891372820288e-01
-4.6980334553383035e-01
-5.2221816616556127e-01
-5.7861236135757121e-01
-6.3903570846263003e-01
-7.0352300446081273e-01
-7.7203559282636014e-01
-8.4447675406574241e-01
-9.2068826162219941e-01
-1.0002363568473902e+00
-1.0830633129234535e+00
-1.1688712978840041e+00
-1.2570872607180295e+00
-1.3472057947426677e+00
-1.4389769135862500e+00
-1.5315128236448312e+00
-1.6243857629531218e+00
-1.7169943682174953e+00
-1.8084008600277135e+00
-1.8982905579090692e+00
-1.9855896720010429e+00
-2.0699149316711258e+00
-2.1505564913261757e+00
-2.2266349314960197e+00
-2.2979748455320403e+00
-2.3637708713543892e+00
-2.4234458886382546e+00
-2.4768457971368414e+00
-2.5235763886245439e+00
-2.5633440945470167e+00
-2.5956788041861047e+00
-2.6207524875941939e+00
-2.6384717255782153e+00
-2.6488203823288279e+00
-2.6519102693168422e+00
-2.6478260000220413e+00
-2.6367945147532854e+00
-2.6190479017402426e+00
-2.5948654400194910e+00
-2.5646178507850945e+00
0.0000000000000000e+00
2.4055929233035767e-01
0.0000000000000000e+00
0.0000000000000000e+00
];
