%Vec Object:sol 1 MPI processes
%  type: mpi
sol = [
0.0000000000000000e+00
-1.0723656721185449e+01
-9.8141404244033552e+00
-8.9970306212624003e+00
-8.2564782009830591e+00
-7.5790477035323471e+00
-6.9546649654002977e+00
-6.3788036283579377e+00
-5.8458512333866421e+00
-5.3503963287043046e+00
-4.8889501223132488e+00
-4.4581993272057785e+00
-4.0563457166252039e+00
-3.6817242319574692e+00
-3.3332024550432693e+00
-3.0084414250329452e+00
-2.7068893866679709e+00
-2.4278099889177889e+00
-2.1696189820339291e+00
-1.9321198884785782e+00
-1.7138777660261895e+00
-1.5143817068537506e+00
-1.3328688645169460e+00
-1.1679509017337852e+00
-1.0190608230699087e+00
-8.8531675867458293e-01
-7.6570643020987428e-01
-6.5920464792003675e-01
-5.6479381402592399e-01
-4.8164965773633722e-01
-4.0881432871126705e-01
-3.4532238789042446e-01
-2.9030804599552079e-01
-2.4291114827868623e-01
-2.0226335490827035e-01
-1.6763408534612534e-01
-1.3831373385390086e-01
-1.1359637568908319e-01
-9.2891731449244383e-02
-7.5671412149850417e-02
-6.1409474342035045e-02
-4.9655018835610541e-02
-4.0054361213554025e-02
-3.2248019021425427e-02
-2.5905483666924196e-02
-2.0819137162240708e-02
-1.6764216105350522e-02
-1.3502052932798894e-02
-1.0933846253675203e-02
-8.9287153149105025e-03
-7.3230701016718828e-03
-6.0789275981402583e-03
-5.1276554643246213e-03
-4.3660001305554563e-03
-3.7791504254122616e-03
-3.3407706005593712e-03
-2.9855245654265409e-03
-2.7074413239264617e-03
-2.5052415091344070e-03
-2.3365679147137721e-03
-2.1963118110008978e-03
-2.0974067889281208e-03
-2.0112504409955717e-03
-1.9299954728980247e-03
-1.8743703840908990e-03
-1.8240956048215973e-03
-1.7676040089977636e-03
-1.7297353292533403e-03
-1.6953685801253554e-03
-1.6496093853086652e-03
-1.6192696175640279e-03
-1.5924944527125895e-03
-1.5520287185604256e-03
-1.5253569489607410e-03
-1.5026789816129304e-03
-1.4655027026574169e-03
-1.4411288635944426e-03
-1.4209639330205772e-03
-1.3863642217408914e-03
-1.3638325410361078e-03
-1.3453388689324221e-03
-1.3130595328761895e-03
-1.2922281961804363e-03
-1.2748628908268074e-03
-1.2447984093182781e-03
-1.2256240473533138e-03
-1.2089803787793080e-03
-1.1810712518513420e-03
-1.1635372182546688e-03
-1.1472854444513488e-03
-1.1214844009661018e-03
-1.1055783821963040e-03
-1.0894425503195342e-03
-1.0657053500364140e-03
-1.0514139649428166e-03
-1.0351607624169037e-03
-1.0134424336822804e-03
-1.0007488211790712e-03
-9.8418160537229720e-04
-9.6443719274754737e-04
-9.5332222272113151e-04
-9.3628002190713306e-04
-9.1846447030929034e-04
-9.0890688883026190e-04
-8.9124914042574340e-04
-8.7531694640880333e-04
-8.6729322800839709e-04
-8.4890217762794296e-04
-8.3480832779272334e-04
-8.2829376534971310e-04
-8.0907100154038779e-04
-7.9677037434670232e-04
-7.8926551296616351e-04
-7.7160597853058303e-04
-7.6105439065714839e-04
-7.5204100350308796e-04
-7.3637196809135414e-04
-7.2752811973873105e-04
-7.1698767738425349e-04
-7.0325717713654913e-04
-6.9608914727463075e-04
-6.8403366518165836e-04
-6.7221312070988497e-04
-6.6672229547501969e-04
-6.5321390295026223e-04
-6.4334916678548872e-04
-6.3869589496366394e-04
-6.2491120989436244e-04
-6.1728414720544885e-04
-6.1140197013567353e-04
-6.0058873494246408e-04
-5.9619549883435825e-04
-5.9062857633426357e-04
-5.8489565769670199e-04
-5.8678083169535805e-04
-5.8595774039160622e-04
-5.9142211662184107e-04
-6.0776990380270160e-04
-6.2415444739482835e-04
-6.5736582434904316e-04
-7.0766944307967621e-04
-7.7565981125814025e-04
-8.7870687864588721e-04
-1.0197618088597952e-03
-1.2151722560983494e-03
-1.4887883015153719e-03
-1.8536368531254070e-03
-2.3506431946010934e-03
-3.0191639891378633e-03
-3.9031201363125176e-03
-5.0774163126847049e-03
-6.6179977572683865e-03
-8.6273792483850531e-03
-1.1237806457095335e-02
-1.4595436476865927e-02
-1.8897280420954989e-02
-2.4371854078997487e-02
-3.1286468226118060e-02
-3.9974330825923596e-02
-5.0810229152369220e-02
-6.4238130193756807e-02
-8.0772638072639846e-02
-1.0098593290087694e-01
-1.2553535244246830e-01
-1.5514055361812207e-01
-1.9058550327965201e-01
-2.3271834866564819e-01
-2.8242479617310590e-01
-3.4061960289828086e-01
-4.0821777446004365e-01
-4.8610457919074207e-01
-5.7509652293672220e-01
-6.7590525953836555e-01
-7.8906695545811134e-01
-9.1472224386065726e-01
-1.0531026944556940e+00
-1.2039695040409588e+00
-1.3666313877071550e+00
-1.5398008482971877e+00
-1.7224717082323704e+00
-1.9123191872221568e+00
-2.1075272817987840e+00
-2.3049814878421295e+00
-2.5023812171212945e+00
-2.6961313783135017e+00
-2.8831999036767786e+00
-3.0606145572473924e+00
-3.2252786734527743e+00
-3.3744174872364572e+00
-3.5055252283288585e+00
-3.6166492061150715e+00
-3.7062690644124068e+00
-3.7733618056589924e+00
-3.8171057160586375e+00
-3.8374367847107234e+00
-3.8350215535893200e+00
-3.8104055004393733e+00
-3.7644795512477631e+00
-3.6991432626113161e+00
0.0000000000000000e+00
2.4055929233035767e-01
0.0000000000000000e+00
0.0000000000000000e+00
];
