%Vec Object:sol 1 MPI processes
%  type: mpi
sol = [
0.0000000000000000e+00
-6.3027415998391154e+00
-5.9757576442344185e+00
-5.6694752405809581e+00
-5.3859826061162552e+00
-5.1186661055044640e+00
-4.8647886339177813e+00
-4.6273008453913143e+00
-4.4014909346291970e+00
-4.1864188115996228e+00
-3.9835980246730553e+00
-3.7883103463146313e+00
-3.6032068531961552e+00
-3.4260070475714572e+00
-3.2561709344001977e+00
-3.0944380992574581e+00
-2.9382406814525632e+00
-2.7895604894950998e+00
-2.6459467824933491e+00
-2.5090037684658673e+00
-2.3767184862522792e+00
-2.2504126394035837e+00
-2.1289337255633409e+00
-2.0122616151251287e+00
-1.9008325452601065e+00
-1.7933417544670063e+00
-1.6907028827064619e+00
-1.5924277486009919e+00
-1.4980918733045363e+00
-1.4080809619138630e+00
-1.3221657098485635e+00
-1.2398148116154128e+00
-1.1613959829525891e+00
-1.0867648068017843e+00
-1.0157604561111233e+00
-9.4803595321601131e-01
-8.8378947051880463e-01
-8.2291550896406596e-01
-7.6529126079553822e-01
-7.1079539178303330e-01
-6.5916692739657279e-01
-6.1049659621973740e-01
-5.6467515811423441e-01
-5.2159426641774553e-01
-4.8114149385566884e-01
-4.4322187776243255e-01
-4.0773164654189975e-01
-3.7454883377926584e-01
-3.4354417105588703e-01
-3.1466636570449574e-01
-2.8779862057536387e-01
-2.6286547469691857e-01
-2.3977095378879221e-01
-2.1839092680108552e-01
-1.9865002792801512e-01
-1.8046308982813952e-01
-1.6371477311392471e-01
-1.4832929913082615e-01
-1.3423385651505226e-01
-1.2132418742439950e-01
-1.0952524238998444e-01
-9.8777422268839357e-02
-8.8988941277790737e-02
-8.0087115209408061e-02
-7.2025651997670012e-02
-6.4725697710352428e-02
-5.8118558414042593e-02
-5.2170645732906445e-02
-4.6815666011627462e-02
-4.1990313812036911e-02
-3.7672513497412873e-02
-3.3807573874923648e-02
-3.0338501721387696e-02
-2.7253192066057454e-02
-2.4507193780410892e-02
-2.2050303050565479e-02
-1.9878651754013921e-02
-1.7956438278494410e-02
-1.6240370360518584e-02
-1.4733035440476092e-02
-1.3405617876525540e-02
-1.2221618536427517e-02
-1.1188368130942213e-02
-1.0282423485791652e-02
-9.4738287068528663e-03
-8.7730998699784447e-03
-8.1606909916020869e-03
-7.6128984001920877e-03
-7.1420730438909305e-03
-6.7312841013735924e-03
-6.3628136970107878e-03
-6.0497316643088293e-03
-5.7766620526366183e-03
-5.5316746057900244e-03
-5.3276835766608134e-03
-5.1500381625783492e-03
-4.9924917716704549e-03
-4.8671674984170779e-03
-4.7595416528703428e-03
-4.6690557741764583e-03
-4.6066374549965155e-03
-4.5575230585820047e-03
-4.5269604273791078e-03
-4.5245074760844077e-03
-4.5350125525880245e-03
-4.5697977539765110e-03
-4.6370974859005088e-03
-4.7214563077168084e-03
-4.8406930335270978e-03
-5.0020003969014513e-03
-5.1899492542752954e-03
-5.4294540441245211e-03
-5.7247551106593087e-03
-6.0683881413180259e-03
-6.4858157248717657e-03
-6.9811126002564932e-03
-7.5570803390544034e-03
-8.2393238692958330e-03
-9.0333590345019667e-03
-9.9533377053063529e-03
-1.1026329666857793e-02
-1.2260716105863169e-02
-1.3683282782689222e-02
-1.5324148958292488e-02
-1.7196248703682832e-02
-1.9340421541388583e-02
-2.1790704593265254e-02
-2.4569170643902960e-02
-2.7729390429385003e-02
-3.1309756516411741e-02
-3.5350277293159038e-02
-3.9911414569825915e-02
-4.5037944231905915e-02
-5.0790321696713228e-02
-5.7237139468989874e-02
-6.4435095634357509e-02
-7.2461366928085053e-02
-8.1392839008124204e-02
-9.1297286338050940e-02
-1.0226763689593545e-01
-1.1438613781327614e-01
-1.2773731700876020e-01
-1.4241882110418433e-01
-1.5851850025670230e-01
-1.7613185296237951e-01
-1.9535655037816974e-01
-2.1628089555272700e-01
-2.3900228207281213e-01
-2.6361014033323044e-01
-2.9018786844599259e-01
-3.1881938455586090e-01
-3.4957759627466212e-01
-3.8252830609010474e-01
-4.1772806899298509e-01
-4.5520375039430766e-01
-4.9494210479035400e-01
-5.3700488722602158e-01
-5.8139336597696900e-01
-6.2808468976865761e-01
-6.7704465575261619e-01
-7.2821463071404535e-01
-7.8141887407086985e-01
-8.3655199873036756e-01
-8.9355809689504617e-01
-9.5229576911698477e-01
-1.0125771019772392e+00
-1.0739489163158882e+00
-1.1364591686979550e+00
-1.1998759262029057e+00
-1.2636704057468318e+00
-1.3277277420319762e+00
-1.3918785856986529e+00
-1.4554188163316331e+00
-1.5184097673211681e+00
-1.5803623995383052e+00
-1.6409087415248946e+00
-1.6999169347134777e+00
-1.7567574587167014e+00
-1.8114952878806985e+00
-1.8634850763294455e+00
-1.9127327582548219e+00
-1.9588757995684438e+00
-2.0015834445746203e+00
-2.0409760883426169e+00
-2.0763807407803552e+00
-2.1080288767547328e+00
-2.1358248948094989e+00
-2.1592789961009848e+00
-2.1786766334072527e+00
-2.1939669520889225e+00
-2.2050288802459086e+00
-2.2117873444749296e+00
-2.2144698279529593e+00
-2.2131608703662575e+00
-2.2078589236999249e+00
-2.1985376279926694e+00
-2.1855216484573883e+00
-2.1689353313124138e+00
-2.1489622805200921e+00
0.0000000000000000e+00
2.4055929233035767e-01
0.0000000000000000e+00
0.0000000000000000e+00
];
