%Vec Object:sol 1 MPI processes
%  type: mpi
sol = [
0.0000000000000000e+00
-2.3606672724583397e+01
-1.9347126804384551e+01
-1.5864800097207624e+01
-1.2950822165241306e+01
-1.0473707667108496e+01
-8.3608282176276418e+00
-6.5705230312558367e+00
-5.0709034138636406e+00
-3.8351240269066653e+00
-2.8373850853345171e+00
-2.0505984912232704e+00
-1.4460702022663223e+00
-9.9395781401191297e-01
-6.6564604980478581e-01
-4.3414127174971939e-01
-2.7574017353473756e-01
-1.7059253430121576e-01
-1.0282254169289694e-01
-6.0484081326046303e-02
-3.4830203800713125e-02
-1.9655362920796674e-02
-1.0972950847559696e-02
-6.1656938584519943e-03
-3.5333290684046899e-03
-2.1259537339731395e-03
-1.4199351978655620e-03
-1.0618491190571358e-03
-8.4888134737339275e-04
-7.5662392335239584e-04
-7.2868215451394615e-04
-6.6555064080170054e-04
-6.4096621819692979e-04
-6.4872019861742295e-04
-6.1080402375798457e-04
-5.8875777532505890e-04
-5.9333016671475136e-04
-5.7188525999115312e-04
-5.4700687420571438e-04
-5.4675848343295236e-04
-5.3757025374326535e-04
-5.1018327777028008e-04
-5.0588306796784039e-04
-5.0641142215700587e-04
-4.7721338534380741e-04
-4.6971975746178048e-04
-4.7792982506108237e-04
-4.4756415127033015e-04
-4.3763172699320892e-04
-4.4751910407429238e-04
-4.2083729802561815e-04
-4.0907434178242641e-04
-4.1599138837284289e-04
-3.9659899847480421e-04
-3.8347769107624881e-04
-3.8797473071975133e-04
-3.7438224329545614e-04
-3.6028749816680472e-04
-3.6283216009295728e-04
-3.5379035133560540e-04
-3.3906061636572563e-04
-3.4007126707428148e-04
-3.3455325237903788e-04
-3.1949652940438638e-04
-3.1935150885411742e-04
-3.1650909243370324e-04
-3.0139790078224151e-04
-3.0043012391870166e-04
-2.9954476299707893e-04
-2.8461348952775554e-04
-2.8311033636870887e-04
-2.8357625905798270e-04
-2.6902110974879874e-04
-2.6722660251246198e-04
-2.6853090827471098e-04
-2.5451487585200606e-04
-2.5263574313140295e-04
-2.5434415495167182e-04
-2.4100096167971072e-04
-2.3921117758532665e-04
-2.4095598603014732e-04
-2.2839501391403754e-04
-2.2684106754978036e-04
-2.2831169294591045e-04
-2.1662122881632124e-04
-2.1542567239523432e-04
-2.1636016510383864e-04
-2.0561085697105142e-04
-2.0487599934786133e-04
-2.0505422075375792e-04
-1.9530160696461794e-04
-1.9511229241073945e-04
-1.9435016325731536e-04
-1.8563773359418830e-04
-1.8606469696781682e-04
-1.8420947401839838e-04
-1.7656994073969901e-04
-1.7767167291765301e-04
-1.7459994946034929e-04
-1.6806009097594446e-04
-1.6988842380918838e-04
-1.6550979238805040e-04
-1.6009529563544477e-04
-1.6270048709911459e-04
-1.5694679610845334e-04
-1.5268518747397434e-04
-1.5611715205689710e-04
-1.4894361706037766e-04
-1.4586089009371490e-04
-1.5016278458576603e-04
-1.4153422911850096e-04
-1.3964220509023555e-04
-1.4236067868773171e-04
-1.3471871602822237e-04
-1.3400868614596196e-04
-1.3465443573810386e-04
-1.2845166003072478e-04
-1.2890379932947770e-04
-1.2747845552093086e-04
-1.2268180190677465e-04
-1.2428218011868117e-04
-1.2081346510447225e-04
-1.1740359119581542e-04
-1.2015080564943130e-04
-1.1467726300039163e-04
-1.1264193533993595e-04
-1.1558468704067530e-04
-1.0909648761673512e-04
-1.0841644545168871e-04
-1.0902150240505521e-04
-1.0407440518535850e-04
-1.0472069135411172e-04
-1.0304083827998222e-04
-9.9593893990310023e-05
-1.0153783717390655e-04
-9.7639229301083348e-05
-9.5657924577000839e-05
-9.8466266681675023e-05
-9.2820286829272460e-05
-9.2272826468131833e-05
-9.2658414185762693e-05
-8.8589183491825739e-05
-8.9439998140853033e-05
-8.7476796734690417e-05
-8.4939169564879723e-05
-8.7151669572660750e-05
-8.2916188818167038e-05
-8.1867362516760758e-05
-8.3072988136019074e-05
-7.8970003750857668e-05
-7.9369331244201263e-05
-7.8177042445347456e-05
-7.5632228697251576e-05
-7.7439912058995929e-05
-7.3937587292559968e-05
-7.2905721150616674e-05
-7.4042435944930457e-05
-7.0347658401579861e-05
-7.0785519205892724e-05
-6.9536300197605618e-05
-6.7402831237267294e-05
-6.9270989038825942e-05
-6.5733213893967712e-05
-6.5136478621406960e-05
-6.5645489660690900e-05
-6.2866456355585744e-05
-6.4175111732338620e-05
-6.3455411358279791e-05
-6.4960185845199623e-05
-7.3701033308337782e-05
-8.6912776242155336e-05
-1.2565171326651349e-04
-2.1192854522425003e-04
-4.0055273342759701e-04
-8.0881318118620430e-04
-1.6504550535728993e-03
-3.3555509607447252e-03
-6.7030279146379559e-03
-1.3081012200457372e-02
-2.4884434950468749e-02
-4.6053879409658098e-02
-8.2843743263397829e-02
-1.4471596439775367e-01
-2.4528418621485903e-01
-4.0303013640020890e-01
-6.4131987687977587e-01
-9.8711663694757268e-01
-1.4677082284935004e+00
-2.1045152056607535e+00
-2.9054085979682860e+00
-3.8556192181510576e+00
-4.9123248200538541e+00
-6.0030645673720748e+00
-7.0359864431878636e+00
-7.9134689741496729e+00
-8.5540663505281156e+00
-8.9030367360945117e+00
-8.9430888585011630e+00
-8.6899775549054432e+00
0.0000000000000000e+00
2.4055929233035767e-01
0.0000000000000000e+00
0.0000000000000000e+00
];
