%Vec Object:sol 1 MPI processes
%  type: mpi
sol = [
0.0000000000000000e+00
-1.3666076126411145e+01
-1.2355223580665692e+01
-1.1210018584013923e+01
-1.0224623294690836e+01
-9.3696310465824713e+00
-8.6202555595367816e+00
-7.9576830439873101e+00
-7.3674468181175099e+00
-6.8367160543786998e+00
-6.3561888486768909e+00
-5.9192167257639845e+00
-5.5191006532723073e+00
-5.1509348023819248e+00
-4.8100856777965530e+00
-4.4936157892320834e+00
-4.1992870775381190e+00
-3.9249752704909189e+00
-3.6689570066374375e+00
-3.4276499892174330e+00
-3.2015879346331890e+00
-2.9897720815563784e+00
-2.7893768069048748e+00
-2.6012373008962277e+00
-2.4237128417750262e+00
-2.2565533390209498e+00
-2.0988115995967229e+00
-1.9502348395115490e+00
-1.8101036047461827e+00
-1.6783975193524261e+00
-1.5539587887879807e+00
-1.4372359786806452e+00
-1.3275323365813314e+00
-1.2243114986661336e+00
-1.1276786749570940e+00
-1.0372411198499636e+00
-9.5243376116826739e-01
-8.7324452135739083e-01
-7.9943135627949324e-01
-7.3071321181081816e-01
-6.6682379453373952e-01
-6.0741102488477738e-01
-5.5238213835209926e-01
-5.0149973385805280e-01
-4.5452766176554388e-01
-4.1125572159389123e-01
-3.7146920620326146e-01
-3.3493764814906257e-01
-3.0148394144727808e-01
-2.7089116401883551e-01
-2.4295601241817677e-01
-2.1754034889198681e-01
-1.9447121347257681e-01
-1.7354842478677415e-01
-1.5463297095591066e-01
-1.3757950949110398e-01
-1.2221351863045940e-01
-1.0841001031728939e-01
-9.6051883281614917e-02
-8.4991425295564305e-02
-7.5117672757721854e-02
-6.6340793639332221e-02
-5.8539338913789880e-02
-5.1616376362839944e-02
-4.5507102433180097e-02
-4.0114365232086280e-02
-3.5354854215908511e-02
-3.1185617626449454e-02
-2.7530828979893254e-02
-2.4319962737850351e-02
-2.1528209768376379e-02
-1.9097611154422461e-02
-1.6969186371980541e-02
-1.5132475730363899e-02
-1.3543834094660359e-02
-1.2154407100163750e-02
-1.0964501220942349e-02
-9.9414282146534257e-03
-9.0450651228965451e-03
-8.2833046319714023e-03
-7.6314411965764809e-03
-7.0568564091931015e-03
-6.5723492007332919e-03
-6.1586940302796617e-03
-5.7897945484841271e-03
-5.4811955098720997e-03
-5.2171341978805193e-03
-4.9773180399107818e-03
-4.7783628370084257e-03
-4.6064017001206806e-03
-4.4464727389697950e-03
-4.3150098453220934e-03
-4.1988636639491905e-03
-4.0881350280053148e-03
-3.9981707924993722e-03
-3.9156797366008394e-03
-3.8357165108384747e-03
-3.7719136637792195e-03
-3.7102353354403804e-03
-3.6506968753735815e-03
-3.6048079587041879e-03
-3.5573929153574551e-03
-3.5135127338410438e-03
-3.4823266854597727e-03
-3.4472854802819496e-03
-3.4186659593813196e-03
-3.4031947891671722e-03
-3.3828661788187129e-03
-3.3734167217527480e-03
-3.3792049130980735e-03
-3.3808380038194761e-03
-3.3998482007889077e-03
-3.4359344382418064e-03
-3.4761162787220242e-03
-3.5406242666600465e-03
-3.6269409554288618e-03
-3.7304476866169617e-03
-3.8692155689270705e-03
-4.0396840593952240e-03
-4.2462837201914586e-03
-4.5058295039043031e-03
-4.8147069467897536e-03
-5.1873512487059133e-03
-5.6405673149300759e-03
-6.1720362554844874e-03
-6.8074961672947255e-03
-7.5644123032528781e-03
-8.4463933356812050e-03
-9.4892555936399309e-03
-1.0711610395651895e-02
-1.2132683560473491e-02
-1.3792797461633609e-02
-1.5716760106324959e-02
-1.7941471707799132e-02
-2.0514302466717357e-02
-2.3468904290577443e-02
-2.6861896894191991e-02
-3.0749841909231232e-02
-3.5178980303310514e-02
-4.0226042645302010e-02
-4.5956342966004142e-02
-5.2439531582932651e-02
-5.9764024700484551e-02
-6.8008337803908622e-02
-7.7264833220667295e-02
-8.7633351934843104e-02
-9.9204889433691545e-02
-1.1209112661226060e-01
-1.2639881121645372e-01
-1.4223279714471873e-01
-1.5970634072431444e-01
-1.7892506220586424e-01
-2.0000547231259208e-01
-2.2305955341720726e-01
-2.4818807169590418e-01
-2.7549360517862509e-01
-3.0506767408768426e-01
-3.3699068430963419e-01
-3.7133445642802038e-01
-4.0815475481443469e-01
-4.4749099434736378e-01
-4.8936348761584486e-01
-5.3374276448851465e-01
-5.8057212533042446e-01
-6.2984748655297274e-01
-6.8149579579640507e-01
-7.3540816454130709e-01
-7.9145936156316354e-01
-8.4933378721797759e-01
-9.0893488806236877e-01
-9.7008108938831505e-01
-1.0325142216068202e+00
-1.0956998045833497e+00
-1.1595805342688994e+00
-1.2238381017024882e+00
-1.2878220560471259e+00
-1.3514562554808136e+00
-1.4142687196922987e+00
-1.4757539426335970e+00
-1.5357927922207415e+00
-1.5936011812242878e+00
-1.6492921197275801e+00
-1.7019768185465902e+00
-1.7518431974346969e+00
-1.7981152208057918e+00
-1.8408441696876512e+00
-1.8796330838479864e+00
-1.9141802290919150e+00
-1.9445628220305538e+00
-1.9702902649311176e+00
-1.9914560989280106e+00
-2.0080633528843501e+00
-2.0198355604761553e+00
-2.0269098094571407e+00
-2.0293879020625969e+00
-2.0273035016194672e+00
-2.0205732497623936e+00
-2.0095420376037048e+00
-1.9943861720172746e+00
0.0000000000000000e+00
1.3464638167935297e-01
0.0000000000000000e+00
0.0000000000000000e+00
];
