%Vec Object:sol 1 MPI processes
%  type: mpi
sol = [
0.0000000000000000e+00
-1.3517166164038661e+01
-1.2096515369917302e+01
-1.0835371113122171e+01
-9.7220360638273124e+00
-8.7138986790961841e+00
-7.8036715634824585e+00
-6.9752183297959141e+00
-6.2170765500761496e+00
-5.5226915562871532e+00
-4.8872101558144170e+00
-4.3067486442516154e+00
-3.7767664835599533e+00
-3.2942907686618725e+00
-2.8578246169970134e+00
-2.4646764188844075e+00
-2.1119265024521989e+00
-1.7980731506200562e+00
-1.5204196913841372e+00
-1.2764945743801728e+00
-1.0640434212531948e+00
-8.8041599568651674e-01
-7.2279888429338801e-01
-5.8886025548659637e-01
-4.7601112910763266e-01
-3.8177639304766975e-01
-3.0381374129044109e-01
-2.3989324525158021e-01
-1.8795272982179517e-01
-1.4617896134258443e-01
-1.1290182275430168e-01
-8.6587232841094458e-02
-6.6027502977087038e-02
-5.0125918358268323e-02
-3.7884182271371088e-02
-2.8586014045947010e-02
-2.1604922946146930e-02
-1.6372184714425982e-02
-1.2494313167767701e-02
-9.6697354979940319e-03
-7.6079764278716398e-03
-6.1009150176052646e-03
-5.0374108561072597e-03
-4.2846418543411686e-03
-3.7226325461549776e-03
-3.3393163461624058e-03
-3.0826190487769768e-03
-2.8651962467285555e-03
-2.7220318060500880e-03
-2.6357194674465588e-03
-2.5383245742824257e-03
-2.4730176875841360e-03
-2.4379769173428025e-03
-2.3845852263298844e-03
-2.3427720689569919e-03
-2.3221549225017819e-03
-2.2860254756437355e-03
-2.2511794856079743e-03
-2.2342237453407627e-03
-2.2067116894992833e-03
-2.1743193988367064e-03
-2.1582724531470153e-03
-2.1362835238859716e-03
-2.1052913379058639e-03
-2.0896255649793453e-03
-2.0717007951198203e-03
-2.0419512090977710e-03
-2.0266862644910135e-03
-2.0118719318465289e-03
-1.9834090123429242e-03
-1.9686731086952518e-03
-1.9562283755782586e-03
-1.9291255783895050e-03
-1.9150506054819362e-03
-1.9043611768645569e-03
-1.8786847379081454e-03
-1.8653860663859012e-03
-1.8559331342882770e-03
-1.8317348523166624e-03
-1.8193081982994185e-03
-1.8106509407247486e-03
-1.7879689444876034e-03
-1.7764923834365214e-03
-1.7682559714390816e-03
-1.7471158442475855e-03
-1.7366515980268701e-03
-1.7285172735191129e-03
-1.7089342727272519e-03
-1.6995313743180800e-03
-1.6912288230761560e-03
-1.6732097188390724e-03
-1.6649062057882442e-03
-1.6562073084185060e-03
-1.6397529078588577e-03
-1.6325785766711429e-03
-1.6232919805466988e-03
-1.6083974480353782e-03
-1.6023743836849199e-03
-1.5923416616495519e-03
-1.5789988224828354e-03
-1.5741437480835902e-03
-1.5632392028904006e-03
-1.5514369933740074e-03
-1.5477617721894727e-03
-1.5358774001561621e-03
-1.5256015686834581e-03
-1.5231129900242079e-03
-1.5101606865276296e-03
-1.5013944928826569e-03
-1.5000950898930014e-03
-1.4860029143904030e-03
-1.4787262719908301e-03
-1.4761437149107414e-03
-1.4633264125336618e-03
-1.4575165834523987e-03
-1.4531536140558203e-03
-1.4420562765584443e-03
-1.4376884264418544e-03
-1.4315406896235493e-03
-1.4221217238387118e-03
-1.4191693210938421e-03
-1.4112472040832620e-03
-1.4034654708158570e-03
-1.4019015349108785e-03
-1.3922155863370751e-03
-1.3860304591980432e-03
-1.3848792464667189e-03
-1.3743924365189086e-03
-1.3697642010030715e-03
-1.3664834320660148e-03
-1.3577317924003654e-03
-1.3546221739941299e-03
-1.3492569901631701e-03
-1.3421931977719180e-03
-1.3405677267047747e-03
-1.3331789118196909e-03
-1.3277678157348177e-03
-1.3271724058777309e-03
-1.3182370137419658e-03
-1.3144909660310013e-03
-1.3118040047202877e-03
-1.3048511433931191e-03
-1.3030622179207212e-03
-1.2988616845417578e-03
-1.2947053170774417e-03
-1.2962607317388566e-03
-1.2929341303221989e-03
-1.2952348953328020e-03
-1.3036435711104850e-03
-1.3128004572759064e-03
-1.3358259980518412e-03
-1.3717028266542121e-03
-1.4282527048318111e-03
-1.5224123370215384e-03
-1.6610664722530397e-03
-1.8759437723990992e-03
-2.2011758201712448e-03
-2.6786997094630674e-03
-3.3860941728881002e-03
-4.4128982955050477e-03
-5.8906472367881279e-03
-8.0013658479957221e-03
-1.0973063678080203e-02
-1.5127487502695047e-02
-2.0871987852542632e-02
-2.8728962128474415e-02
-3.9373546850198698e-02
-5.3635645797401724e-02
-7.2546970820393603e-02
-9.7355272659589209e-02
-1.2953537355411837e-01
-1.7082001972618191e-01
-2.2317517776947537e-01
-2.8878890958391362e-01
-3.7002541125618954e-01
-4.6934581989350566e-01
-5.8920032565476543e-01
-7.3188549378436485e-01
-8.9936558939267208e-01
-1.0928363393314309e+00
-1.3129463550197207e+00
-1.5594090481886982e+00
-1.8302030912480844e+00
-2.1224709113808773e+00
-2.4314640393745193e+00
-2.7516864026596339e+00
-3.0753118442407068e+00
-3.3947179526070346e+00
-3.7014917790023447e+00
-3.9871001662086991e+00
-4.2435894805170120e+00
-4.4633342487848537e+00
-4.6414061821705328e+00
-4.7732940441778950e+00
-4.8567298212177352e+00
-4.8906578991700318e+00
-4.8764863301772259e+00
-4.8161135882503086e+00
-4.7128395096052786e+00
0.0000000000000000e+00
2.4055929233035767e-01
0.0000000000000000e+00
0.0000000000000000e+00
];
