%Vec Object:sol 1 MPI processes
%  type: mpi
sol = [
0.0000000000000000e+00
-1.2314097373907060e+01
-1.1244330125444906e+01
-1.0298120392529789e+01
-9.4679079610978771e+00
-8.7375593649377894e+00
-8.0909084125128743e+00
-7.5148028109835652e+00
-6.9986441608442762e+00
-6.5324291189450294e+00
-6.1088080837549237e+00
-5.7224728931730775e+00
-5.3678318590116625e+00
-5.0395432948835408e+00
-4.7345644859411138e+00
-4.4516801912356216e+00
-4.1881782821080407e+00
-3.9415473282470406e+00
-3.7093595182923660e+00
-3.4916930914013538e+00
-3.2868949614988581e+00
-3.0928936239055616e+00
-2.9103298189988975e+00
-2.7371916344668059e+00
-2.5734582171851446e+00
-2.4184890922030902e+00
-2.2712833211701335e+00
-2.1319160332309326e+00
-1.9996473769304426e+00
-1.8741709522959646e+00
-1.7552871584128276e+00
-1.6423574580981923e+00
-1.5355740986357234e+00
-1.4341650515901723e+00
-1.3381782032279312e+00
-1.2474889115016017e+00
-1.1615946234972823e+00
-1.0803786789899921e+00
-1.0038048029299187e+00
-9.3163709859565624e-01
-8.6352939351749280e-01
-7.9940775333850456e-01
-7.3916836222104709e-01
-6.8263791059186385e-01
-6.2964900021497161e-01
-5.8000267738569955e-01
-5.3350865008880355e-01
-4.9009901201164247e-01
-4.4963230305863305e-01
-4.1196468955275306e-01
-3.7693582024099909e-01
-3.4442542459789466e-01
-3.1430263871224690e-01
-2.8641565919891848e-01
-2.6065421137017009e-01
-2.3688322405374532e-01
-2.1497689604780404e-01
-1.9484195145323632e-01
-1.7637795385608868e-01
-1.5945714665008240e-01
-1.4398031075736781e-01
-1.2986419642126065e-01
-1.1699638183861763e-01
-1.0528392501428460e-01
-9.4660505244890711e-02
-8.5029382885473181e-02
-7.6304738080175558e-02
-6.8436257638908662e-02
-6.1342397911520442e-02
-5.4945430478009406e-02
-4.9209552886994759e-02
-4.4067314185733779e-02
-3.9449703370519638e-02
-3.5333570449981269e-02
-3.1663997766718993e-02
-2.8380917629654653e-02
-2.5471767189926966e-02
-2.2892329566275221e-02
-2.0591359832297776e-02
-1.8564760605320325e-02
-1.6777080229243239e-02
-1.5185532105126949e-02
-1.3792435222336683e-02
-1.2569205946125105e-02
-1.1481019730004087e-02
-1.0534733332536315e-02
-9.7068773703879643e-03
-8.9700596500724202e-03
-8.3340305524904450e-03
-7.7788928986222469e-03
-7.2841981266303030e-03
-6.8612135596663069e-03
-6.4923200708160659e-03
-6.1636138024302100e-03
-5.8867790070788635e-03
-5.6454397734839587e-03
-5.4319552801396229e-03
-5.2575974837111416e-03
-5.1064569218359380e-03
-4.9770023003999145e-03
-4.8795203780113783e-03
-4.7980417246965374e-03
-4.7371171880693968e-03
-4.7057210266627054e-03
-4.6875253213748093e-03
-4.6932887826619078e-03
-4.7305675852161470e-03
-4.7826047038884174e-03
-4.8666366690275154e-03
-4.9889188118882825e-03
-5.1324206011917365e-03
-5.3212779626984402e-03
-5.5582813803424225e-03
-5.8340323664021910e-03
-6.1726235381948484e-03
-6.5759728587643689e-03
-7.0443913396827165e-03
-7.6012118707377259e-03
-8.2487945954199237e-03
-8.9979251432367874e-03
-9.8721554246990854e-03
-1.0875336663066596e-02
-1.2029626213442078e-02
-1.3359965996987374e-02
-1.4872936075926406e-02
-1.6603046105632239e-02
-1.8576993735161397e-02
-2.0808249073824964e-02
-2.3341809361089271e-02
-2.6205998450916396e-02
-2.9429716457172805e-02
-3.3061967076437722e-02
-3.7136535107821673e-02
-4.1698183113546922e-02
-4.6800849640334589e-02
-5.2484666944128594e-02
-5.8810017801708671e-02
-6.5835726000597991e-02
-7.3609586313892833e-02
-8.2205097220505896e-02
-9.1683167583246586e-02
-1.0210610722529312e-01
-1.1354979393147635e-01
-1.2607850781021238e-01
-1.3976482482008970e-01
-1.5467568574735363e-01
-1.7087855508676600e-01
-1.8845157039298260e-01
-2.0746235167556312e-01
-2.2797277206503019e-01
-2.5004955408934992e-01
-2.7374792740823317e-01
-2.9911979699708169e-01
-3.2621201162833197e-01
-3.5506035045225326e-01
-3.8569432806512632e-01
-4.1813215013225125e-01
-4.5238140091223134e-01
-4.8839356114513638e-01
-5.2615623218298069e-01
-5.6565905447024867e-01
-6.0685096264936778e-01
-6.4967339438717653e-01
-6.9404049789889810e-01
-7.3979079745897713e-01
-7.8678825720411094e-01
-8.3496741520064399e-01
-8.8419228162609531e-01
-9.3426437067422985e-01
-9.8483792822767802e-01
-1.0359168426272432e+00
-1.0872886836062707e+00
-1.1385347474646039e+00
-1.1895618382407382e+00
-1.2402150249318564e+00
-1.2899794388048538e+00
-1.3388528047209582e+00
-1.3865341055412388e+00
-1.4326506000425674e+00
-1.4772405849327401e+00
-1.5196726892346062e+00
-1.5601947609391458e+00
-1.5981430473715439e+00
-1.6338085729013689e+00
-1.6665149235353256e+00
-1.6965942257193356e+00
-1.7234919842464387e+00
-1.7474020687571339e+00
-1.7681007623122673e+00
-1.7854847447654021e+00
-1.7997201680380093e+00
-1.8103965612633568e+00
-1.8178480079489729e+00
-1.8220266397260219e+00
-1.8227715303908461e+00
-1.8203992129010218e+00
-1.8148412321582401e+00
-1.8061131629350953e+00
-1.7945189313112233e+00
0.0000000000000000e+00
1.3464638167935297e-01
0.0000000000000000e+00
0.0000000000000000e+00
];
