%Vec Object:sol 1 MPI processes
%  type: mpi
sol = [
0.0000000000000000e+00
-5.9858694741122562e+00
-5.6888271018049341e+00
-5.4112117640445865e+00
-5.1542335519689946e+00
-4.9080937466982277e+00
-4.6771890919464933e+00
-4.4602870364781380e+00
-4.2514297740679581e+00
-4.0552098052819874e+00
-3.8669278791505599e+00
-3.6877866814108291e+00
-3.5172286239762616e+00
-3.3526010762982987e+00
-3.1965619578203053e+00
-3.0451764139325461e+00
-2.9015195136686249e+00
-2.7618938809547995e+00
-2.6293583481859102e+00
-2.5005661091770461e+00
-2.3776436970907251e+00
-2.2588959816459369e+00
-2.1449949423032701e+00
-2.0354438739243026e+00
-1.9298332589985405e+00
-1.8288197565637008e+00
-1.7312153114430211e+00
-1.6376039660537145e+00
-1.5480687790623757e+00
-1.4616849222438879e+00
-1.3789470843105223e+00
-1.2998974242433050e+00
-1.2240818075598447e+00
-1.1513711057763896e+00
-1.0820169862505622e+00
-1.0158596150115624e+00
-9.5269026951977598e-01
-8.9233636714298614e-01
-8.3493912118078395e-01
-7.8039288495795822e-01
-7.2861089998283601e-01
-6.7950391701536061e-01
-6.3284477496532066e-01
-5.8868572879424574e-01
-5.4696536726456435e-01
-5.0760062031940723e-01
-4.7050583561231857e-01
-4.3558230828659311e-01
-4.0276092296854232e-01
-3.7195978545148878e-01
-3.4306882823369023e-01
-3.1598898465830683e-01
-2.9069583953022687e-01
-2.6708458556495340e-01
-2.4509178298348469e-01
-2.2464516822117594e-01
-2.0564488463096961e-01
-1.8802567961135613e-01
-1.7172437510885386e-01
-1.5664832472190465e-01
-1.4273085191166981e-01
-1.2991876670511102e-01
-1.1812818928894273e-01
-1.0729227829858484e-01
-9.7368195363160534e-02
-8.8281678368362662e-02
-7.9967337684366077e-02
-7.2392530870300814e-02
-6.5492788039298241e-02
-5.9205860853299722e-02
-5.3508657012803572e-02
-4.8346172606899628e-02
-4.3660682728817762e-02
-3.9437680987623389e-02
-3.5630906886552106e-02
-3.2188159653929176e-02
-2.9102332964290337e-02
-2.6334906873702251e-02
-2.3839836000291464e-02
-2.1616106375374134e-02
-1.9631771090757363e-02
-1.7847263718401250e-02
-1.6266326142790770e-02
-1.4862357463520480e-02
-1.3602369051231671e-02
-1.2493573800033578e-02
-1.1513519007436367e-02
-1.0635754025796884e-02
-9.8697924254622232e-03
-9.1962301835640300e-03
-8.5950531380358519e-03
-8.0770657136595685e-03
-7.6249616821237147e-03
-7.2250638245472442e-03
-6.8886480792379034e-03
-6.5997371147903799e-03
-6.3509418040291823e-03
-6.1534005697411499e-03
-5.9919021487402696e-03
-5.8653822313847834e-03
-5.7844542599728372e-03
-5.7343337593197567e-03
-5.7204246073812920e-03
-5.7526608254288986e-03
-5.8165682861691390e-03
-5.9243134919471233e-03
-6.0852244834971557e-03
-6.2852609332695389e-03
-6.5437996646712984e-03
-6.8698758601351603e-03
-7.2502540069773937e-03
-7.7121315569064200e-03
-8.2623757578623377e-03
-8.8964791240316310e-03
-9.6429274617293847e-03
-1.0509195967680691e-02
-1.1501747044179628e-02
-1.2649893151235121e-02
-1.3963251229512728e-02
-1.5460183112493786e-02
-1.7171992305313077e-02
-1.9111680350326857e-02
-2.1310491982297741e-02
-2.3803002318297482e-02
-2.6606951963112833e-02
-2.9767377627110920e-02
-3.3322528520951279e-02
-3.7298863911370106e-02
-4.1753191897356941e-02
-4.6725686658975217e-02
-5.2259400265690592e-02
-5.8417111373379522e-02
-6.5247183229177386e-02
-7.2808358493072656e-02
-8.1167955083149182e-02
-9.0381110742209170e-02
-1.0052094124924323e-01
-1.1165897339358355e-01
-1.2385709194272272e-01
-1.3719851187474383e-01
-1.5175512963440821e-01
-1.6759917070977751e-01
-1.8481241626831224e-01
-2.0346624742968794e-01
-2.2363630410318694e-01
-2.4539768710903059e-01
-2.6881581939947830e-01
-2.9396033222318430e-01
-3.2089209870906182e-01
-3.4966495735772685e-01
-3.8032896225689800e-01
-4.1292405318994668e-01
-4.4743804763095468e-01
-4.8389915239929476e-01
-5.2233766231148415e-01
-5.6274596848792258e-01
-6.0510496042796591e-01
-6.4938480944051435e-01
-6.9553099331840440e-01
-7.4339100868168351e-01
-7.9288476616828629e-01
-8.4397091854880468e-01
-8.9654564350574129e-01
-9.5046669232470227e-01
-1.0053468266519330e+00
-1.0612175746477410e+00
-1.1179113816023365e+00
-1.1751347015919325e+00
-1.2325263561099402e+00
-1.2901057794497461e+00
-1.3475185811171713e+00
-1.4043539421833722e+00
-1.4606890318621333e+00
-1.5158836908001170e+00
-1.5699611456882301e+00
-1.6225624575318580e+00
-1.6733918448565981e+00
-1.7223171058837583e+00
-1.7689718913310715e+00
-1.8132473221040188e+00
-1.8549051997902579e+00
-1.8936949047229970e+00
-1.9296684255695398e+00
-1.9622843502431504e+00
-1.9918309670871024e+00
-2.0179634238555963e+00
-2.0405911610027130e+00
-2.0598507608622727e+00
-2.0754901425385008e+00
-2.0875064236983332e+00
-2.0960834249549607e+00
-2.1011460204536041e+00
-2.1025419364946640e+00
-2.1006101044010337e+00
-2.0953741718295564e+00
-2.0868230023948748e+00
-2.0750303325735402e+00
-2.0602439563170423e+00
-2.0426133845442984e+00
0.0000000000000000e+00
2.4055929233035767e-01
0.0000000000000000e+00
0.0000000000000000e+00
];
