%Vec Object:sol 1 MPI processes
%  type: mpi
sol = [
0.0000000000000000e+00
-8.7768271019343924e+00
-8.1599939954347054e+00
-7.5959699422630047e+00
-7.0780225347688166e+00
-6.5996712835116673e+00
-6.1549254088898184e+00
-5.7387311140027002e+00
-5.3500659905261418e+00
-4.9855116428311517e+00
-4.6428810933751201e+00
-4.3208943312375752e+00
-4.0161389946357868e+00
-3.7280418622634053e+00
-3.4567170740730324e+00
-3.2002322175158944e+00
-2.9575048322288984e+00
-2.7291989255541154e+00
-2.5130004211367378e+00
-2.3101846278506719e+00
-2.1185755522401744e+00
-1.9393711016389406e+00
-1.7708248661199493e+00
-1.6132818761070415e+00
-1.4664134911450604e+00
-1.3292359367073414e+00
-1.2019295606241460e+00
-1.0840542043764938e+00
-9.7500387539422706e-01
-8.7441122950033889e-01
-7.8203303508612421e-01
-6.9744622670545930e-01
-6.2021669392925993e-01
-5.4992963809560735e-01
-4.8605488919153506e-01
-4.2830948942630853e-01
-3.7629734562132183e-01
-3.2958912648853966e-01
-2.8779874730560151e-01
-2.5055639526307810e-01
-2.1746995277691625e-01
-1.8817598253765502e-01
-1.6236044944439937e-01
-1.3968594059917255e-01
-1.1981893198312052e-01
-1.0251178941990959e-01
-8.7491548729267718e-02
-7.4462154181223886e-02
-6.3244394221540323e-02
-5.3627301569565501e-02
-4.5367008434529926e-02
-3.8336117678727653e-02
-3.2381129516741568e-02
-2.7318468597073049e-02
-2.3053276342223671e-02
-1.9485013047240277e-02
-1.6480818310278193e-02
-1.3971451088575592e-02
-1.1898323725757788e-02
-1.0168423200740509e-02
-8.7310752348810430e-03
-7.5588181909204497e-03
-6.5881875028563691e-03
-5.7809057298113600e-03
-5.1312496187678903e-03
-4.5965842846206698e-03
-4.1462914002264352e-03
-3.7889389000968967e-03
-3.4959161894163333e-03
-3.2410690973228955e-03
-3.0417313635252726e-03
-2.8783379998686570e-03
-2.7273198703145476e-03
-2.6109018211014361e-03
-2.5150901320650232e-03
-2.4180224458359169e-03
-2.3442031324492902e-03
-2.2828611075029139e-03
-2.2136372436626327e-03
-2.1616005963691520e-03
-2.1176394712156790e-03
-2.0630974061015632e-03
-2.0224924248601148e-03
-1.9873284373468324e-03
-1.9410551806332379e-03
-1.9069087977313822e-03
-1.8762969276191527e-03
-1.8352542064432264e-03
-1.8052444759954801e-03
-1.7770758610294350e-03
-1.7398458737960375e-03
-1.7129058588173001e-03
-1.6860936770165100e-03
-1.6520081885498803e-03
-1.6276432855582704e-03
-1.6015820704704832e-03
-1.5703067900063720e-03
-1.5482735971728027e-03
-1.5225880142069419e-03
-1.4939357520197547e-03
-1.4741008377462295e-03
-1.4485376114533473e-03
-1.4223887756986907e-03
-1.4046713179125575e-03
-1.3790439967850277e-03
-1.3553208936193471e-03
-1.3396798257518246e-03
-1.3138702550829805e-03
-1.2925488391346152e-03
-1.2790075634652493e-03
-1.2530009624503687e-03
-1.2341669462406781e-03
-1.2204219280382547e-03
-1.1968871424163508e-03
-1.1808836070577213e-03
-1.1669509116010964e-03
-1.1470427826859970e-03
-1.1348120535499713e-03
-1.1219920642758247e-03
-1.1074162514491546e-03
-1.1012544695046171e-03
-1.0926265554601236e-03
-1.0873754768132829e-03
-1.0925288911063009e-03
-1.0949646154641362e-03
-1.1078822813270683e-03
-1.1348265243533342e-03
-1.1639850515656525e-03
-1.2138033355673784e-03
-1.2838680646118160e-03
-1.3725109572863710e-03
-1.4972842638258184e-03
-1.6583151425341276e-03
-1.8660985283885678e-03
-2.1400238095081328e-03
-2.4839690258945850e-03
-2.9240516579831627e-03
-3.4854993877011238e-03
-4.1822625551237360e-03
-5.0603992721939273e-03
-6.1548829649830210e-03
-7.5070159899435340e-03
-9.1813185205381984e-03
-1.1235470988970774e-02
-1.3748219185117467e-02
-1.6814083034006506e-02
-2.0526030820709959e-02
-2.5012928631334991e-02
-3.0411097551409475e-02
-3.6869910856167101e-02
-4.4575458506052122e-02
-5.3719129830245335e-02
-6.4524468731389686e-02
-7.7242535505741061e-02
-9.2135936994378650e-02
-1.0950543722256466e-01
-1.2966874694886435e-01
-1.5296086489217958e-01
-1.7974653793004486e-01
-2.1039704388251443e-01
-2.4529770777960233e-01
-2.8484004604115759e-01
-3.2940802389354035e-01
-3.7937786698241760e-01
-4.3510148414066063e-01
-4.9689766513039102e-01
-5.6503754379784576e-01
-6.3972712939448106e-01
-7.2096965521915302e-01
-8.0891085716826017e-01
-9.0350357126329450e-01
-1.0045710632490610e+00
-1.1117138357195810e+00
-1.2243565490770518e+00
-1.3421412586561090e+00
-1.4642741818069633e+00
-1.5895710687309093e+00
-1.7175241081669816e+00
-1.8464469085477564e+00
-1.9756979461135762e+00
-2.1033989425684303e+00
-2.2288282895182450e+00
-2.3500446731578406e+00
-2.4660793784016919e+00
-2.5757236870242779e+00
-2.6776174311720142e+00
-2.7705051826067133e+00
-2.8536896901333804e+00
-2.9263485258538338e+00
-2.9877446591082819e+00
-3.0374118262886856e+00
-3.0750055173711686e+00
-3.1003598703319151e+00
-3.1135402361515871e+00
-3.1146598949578999e+00
-3.1040691123720094e+00
-3.0821809497607289e+00
-3.0495149658256269e+00
-3.0067417554200904e+00
0.0000000000000000e+00
2.4055929233035767e-01
0.0000000000000000e+00
0.0000000000000000e+00
];
