%Vec Object:sol 1 MPI processes
%  type: mpi
sol = [
0.0000000000000000e+00
-1.2377929869096175e+01
-1.1297723853291648e+01
-1.0342851356663232e+01
-9.5055058149812766e+00
-8.7692392868630034e+00
-8.1176135561128984e+00
-7.5372699504023339e+00
-7.0174540134135741e+00
-6.5480387769280508e+00
-6.1215849224018966e+00
-5.7327360742882947e+00
-5.3758415421637542e+00
-5.0462909616685598e+00
-4.7393821261762952e+00
-4.4547379800981410e+00
-4.1896314759335453e+00
-3.9420673581259540e+00
-3.7085033138440897e+00
-3.4895735849614189e+00
-3.2839376099992057e+00
-3.0889566051939181e+00
-2.9054323552430010e+00
-2.7317108338736928e+00
-2.5671354383343861e+00
-2.4116657782858586e+00
-2.2637657224164962e+00
-2.1239977708100644e+00
-1.9911774043591246e+00
-1.8653984677325584e+00
-1.7461002040570468e+00
-1.6329614062885733e+00
-1.5260082657572218e+00
-1.4243554426606637e+00
-1.3282894758386370e+00
-1.2375582282269340e+00
-1.1515744534535035e+00
-1.0703955862259147e+00
-9.9389145523655187e-01
-9.2182557242051544e-01
-8.5379630149009211e-01
-7.8984047452008954e-01
-7.2979231107996279e-01
-6.7347570472730145e-01
-6.2072051047648957e-01
-5.7129664552311665e-01
-5.2507455892206256e-01
-4.8195001875411730e-01
-4.4178010598157980e-01
-4.0441869182672924e-01
-3.6970248584895199e-01
-3.3750970324344276e-01
-3.0770744523948523e-01
-2.8014150797406978e-01
-2.5470060834817926e-01
-2.3123990587540696e-01
-2.0965016481983348e-01
-1.8982606573607691e-01
-1.7166610178507766e-01
-1.5504125000542077e-01
-1.3985143703397265e-01
-1.2601279053416753e-01
-1.1341205828155221e-01
-1.0195572611851041e-01
-9.1577203812888697e-02
-8.2179338246583342e-02
-7.3676059807267547e-02
-6.6017100690865957e-02
-5.9120851763995674e-02
-5.2909613062152409e-02
-4.7347863059808051e-02
-4.2368341541199589e-02
-3.7902275856584101e-02
-3.3926951397436192e-02
-3.0387808848329853e-02
-2.7225156027380619e-02
-2.4426946485868763e-02
-2.1949411263666643e-02
-1.9741750880506951e-02
-1.7800404777344375e-02
-1.6090395978236950e-02
-1.4569398048104941e-02
-1.3240242015962122e-02
-1.2074799735654111e-02
-1.1038680991613602e-02
-1.0139199842173081e-02
-9.3532931873517751e-03
-8.6539510936167255e-03
-8.0513097254931252e-03
-7.5258122613090271e-03
-7.0573261071398830e-03
-6.6574261263292250e-03
-6.3087607192751907e-03
-5.9976702722316652e-03
-5.7360682238949351e-03
-5.5077726837934578e-03
-5.3053153495884291e-03
-5.1401223369818604e-03
-4.9964070549644449e-03
-4.8727415087587737e-03
-4.7794957663071513e-03
-4.7007550231848872e-03
-4.6411070021076094e-03
-4.6095416813356433e-03
-4.5897193733728647e-03
-4.5923709487906122e-03
-4.6250021933702343e-03
-4.6707779370563337e-03
-4.7468425664774104e-03
-4.8593345743515948e-03
-4.9910772803673717e-03
-5.1660500029329240e-03
-5.3868577183432730e-03
-5.6438885817432002e-03
-5.9610122678252064e-03
-6.3398922477534486e-03
-6.7805614356612302e-03
-7.3060655552395120e-03
-7.9184442470901992e-03
-8.6281487056026548e-03
-9.4583881493264278e-03
-1.0412637464689282e-02
-1.1512681830641799e-02
-1.2783084089848561e-02
-1.4230013407917391e-02
-1.5887603901189838e-02
-1.7782169414455293e-02
-1.9926776508743041e-02
-2.2366093160168080e-02
-2.5128100049535518e-02
-2.8241379926982162e-02
-3.1754709123805541e-02
-3.5701643368979567e-02
-4.0126807287057975e-02
-4.5084100199586356e-02
-5.0613629273566267e-02
-5.6775932857261305e-02
-6.3630084524110245e-02
-7.1224167291530305e-02
-7.9632255319716336e-02
-8.8915885716042697e-02
-9.9138151257608637e-02
-1.1037599443155420e-01
-1.2269481999872459e-01
-1.3616860389237559e-01
-1.5086886487235485e-01
-1.6685925150639985e-01
-1.8422254227010040e-01
-2.0302850976422490e-01
-2.2334128523835550e-01
-2.4523022368927744e-01
-2.6875315615776096e-01
-2.9396481043689066e-01
-3.2091504720777314e-01
-3.4964253435164633e-01
-3.8017997525299357e-01
-4.1254866046610833e-01
-4.4675912218763481e-01
-4.8278108085730281e-01
-5.2057563537952722e-01
-5.6014887878375064e-01
-6.0145206269019669e-01
-6.4442839453432921e-01
-6.8899366049158395e-01
-7.3501460847373612e-01
-7.8230212528661269e-01
-8.3081639135471419e-01
-8.8042020981787839e-01
-9.3094832176197606e-01
-9.8199704463592086e-01
-1.0335874342835274e+00
-1.0855059427061429e+00
-1.1373730523702523e+00
-1.1890066401813133e+00
-1.2402904561727710e+00
-1.2907509330025777e+00
-1.3402864570938444e+00
-1.3886875830667440e+00
-1.4354723698583336e+00
-1.4807431827374526e+00
-1.5238669476111246e+00
-1.5650306525480093e+00
-1.6036421441157329e+00
-1.6398950363768703e+00
-1.6731989194224799e+00
-1.7038364532462211e+00
-1.7312062162621793e+00
-1.7555821861589918e+00
-1.7766584238005139e+00
-1.7943990976347035e+00
-1.8089175656510041e+00
-1.8198263912717418e+00
-1.8274618353891714e+00
-1.8317447157669795e+00
-1.8325531152613321e+00
-1.8301851417655615e+00
-1.8245654954305657e+00
-1.8157299594495746e+00
-1.8039749886214862e+00
0.0000000000000000e+00
1.3464638167935297e-01
0.0000000000000000e+00
0.0000000000000000e+00
];
