%Vec Object:sol 1 MPI processes
%  type: mpi
sol = [
0.0000000000000000e+00
-8.3382345157212381e+00
-7.7803033157869459e+00
-7.2683122134232727e+00
-6.7961441352846164e+00
-6.3564939784881567e+00
-5.9475318774411683e+00
-5.5658557458755249e+00
-5.2089153662508831e+00
-4.8735755331830370e+00
-4.5571722313467182e+00
-4.2574299362902392e+00
-3.9747112533564377e+00
-3.7077083870317717e+00
-3.4538707653922684e+00
-3.2138454088073525e+00
-2.9869094359331303e+00
-2.7709164904706589e+00
-2.5675801349809091e+00
-2.3743399534536787e+00
-2.1925088018848577e+00
-2.0202758904193168e+00
-1.8584889834504057e+00
-1.7059088691216577e+00
-1.5626711979023808e+00
-1.4286492302340172e+00
-1.3029066143018859e+00
-1.1855804253067916e+00
-1.0764419413042701e+00
-9.7507600902422464e-01
-8.8088144457985151e-01
-7.9387945050545361e-01
-7.1369882904062054e-01
-6.4000000861582906e-01
-5.7243675480709777e-01
-5.1066691467167202e-01
-4.5429063059949498e-01
-4.0306686170689504e-01
-3.5667121444581018e-01
-3.1479005444787572e-01
-2.7708822850380271e-01
-2.4325091566095580e-01
-2.1300199410404835e-01
-1.8604111325716333e-01
-1.6206663344066746e-01
-1.4085061592639089e-01
-1.2213837535631993e-01
-1.0564929646507469e-01
-9.1208469285526755e-02
-7.8608282876449651e-02
-6.7606466374435681e-02
-5.8069501790650950e-02
-4.9837015370509635e-02
-4.2717618666578493e-02
-3.6604611482522434e-02
-3.1384978262765956e-02
-2.6913440965955032e-02
-2.3106742430472321e-02
-1.9892136747856958e-02
-1.7163203057377945e-02
-1.4855699607892559e-02
-1.2928911441563393e-02
-1.1307224019271781e-02
-9.9407670033454555e-03
-8.8128065922214102e-03
-7.8708721052698789e-03
-7.0753152016378978e-03
-6.4263266486900500e-03
-5.8879821515057090e-03
-5.4276088203345473e-03
-5.0566021238044089e-03
-4.7503274475989843e-03
-4.4808099682420817e-03
-4.2663101720091107e-03
-4.0895292464228463e-03
-3.9257999473600374e-03
-3.7971138633542912e-03
-3.6906621340872707e-03
-3.5843976786883299e-03
-3.5018661093709339e-03
-3.4327639487255310e-03
-3.3574734724445970e-03
-3.2996218120813661e-03
-3.2500516819957592e-03
-3.1916954185288574e-03
-3.1472809758033731e-03
-3.1078698962338962e-03
-3.0592345044801613e-03
-3.0225513109344280e-03
-2.9884608149084099e-03
-2.9459356606104693e-03
-2.9141626584971059e-03
-2.8829093713393654e-03
-2.8447181870191749e-03
-2.8164854112039555e-03
-2.7867759139265239e-03
-2.7520456119647643e-03
-2.7266902057721046e-03
-2.6978255868175785e-03
-2.6661215513449988e-03
-2.6433244916967439e-03
-2.6149172429666668e-03
-2.5860284864703794e-03
-2.5656556717653083e-03
-2.5375021579727591e-03
-2.5113693656985000e-03
-2.4934364394578867e-03
-2.4655191097588615e-03
-2.4422704252201307e-03
-2.4270163345188043e-03
-2.3996152507022015e-03
-2.3797304834265154e-03
-2.3653773600149346e-03
-2.3418342542849014e-03
-2.3265356674148016e-03
-2.3142324215279352e-03
-2.2971491751371340e-03
-2.2892223677868405e-03
-2.2826040311463751e-03
-2.2766284079105553e-03
-2.2820589907019714e-03
-2.2888100399924764e-03
-2.3036536383800013e-03
-2.3347558870599676e-03
-2.3704414979371156e-03
-2.4255854498686138e-03
-2.5057871890838282e-03
-2.6017498798071191e-03
-2.7348213673521102e-03
-2.9081023715244385e-03
-3.1240772916713176e-03
-3.4050966015432929e-03
-3.7569616111913810e-03
-4.1966928955339978e-03
-4.7511514334606453e-03
-5.4328560693906909e-03
-6.2775917602986000e-03
-7.3214887444770947e-03
-8.5908038028747104e-03
-1.0144939718523616e-02
-1.2033663345211585e-02
-1.4314327061259364e-02
-1.7068419713144736e-02
-2.0371847168547647e-02
-2.4321390468462590e-02
-2.9030805995119719e-02
-3.4612830789150693e-02
-4.1214701805476518e-02
-4.8990316008267448e-02
-5.8105081429982788e-02
-6.8757595358798884e-02
-8.1151216144889751e-02
-9.5512914260956774e-02
-1.1209205424396251e-01
-1.3114383360579093e-01
-1.5295160493896190e-01
-1.7780667117403590e-01
-2.0600746712303517e-01
-2.3786803665052533e-01
-2.7369787110690508e-01
-3.1380569136771114e-01
-3.5849160322907953e-01
-4.0803686160919839e-01
-4.6269833142850980e-01
-5.2269918868906873e-01
-5.8821191457615674e-01
-6.5924399742990780e-01
-7.3594595635133264e-01
-8.1829619304646661e-01
-9.0619346405776990e-01
-9.9946371809656087e-01
-1.0975092805067994e+00
-1.2001856161879654e+00
-1.3070201014711200e+00
-1.4170908281053849e+00
-1.5298432583979888e+00
-1.6445931837508811e+00
-1.7599231348994226e+00
-1.8755580191475505e+00
-1.9896660328381253e+00
-2.1019582512120363e+00
-2.2107325022730957e+00
-2.3152600514484596e+00
-2.4146650153789020e+00
-2.5074277007299819e+00
-2.5930641497451683e+00
-2.6707815997205917e+00
-2.7398246775755499e+00
-2.7996120311700636e+00
-2.8495152958907872e+00
-2.8893561819917224e+00
-2.9189755060371825e+00
-2.9382686318587639e+00
-2.9473201729903251e+00
-2.9462315104052523e+00
-2.9353020638722054e+00
-2.9148701563372077e+00
-2.8853558680904166e+00
-2.8473060841412638e+00
0.0000000000000000e+00
2.4055929233035767e-01
0.0000000000000000e+00
0.0000000000000000e+00
];
