%Vec Object:sol 1 MPI processes
%  type: mpi
sol = [
0.0000000000000000e+00
-5.8999361620875517e+00
-5.6107856434904662e+00
-5.3407437558363355e+00
-5.0907887145704809e+00
-4.8502827664036934e+00
-4.6254772395381005e+00
-4.4132299016591601e+00
-4.2097582548722592e+00
-4.0185750651031000e+00
-3.8340131229951129e+00
-3.6593817971126321e+00
-3.4921000429044193e+00
-3.3315359297292058e+00
-3.1784195956238710e+00
-3.0306855899977476e+00
-2.8896608115355336e+00
-2.7532198277201729e+00
-2.6229522546847464e+00
-2.4970118030368567e+00
-2.3761093942277727e+00
-2.2598896374935671e+00
-2.1477775561642671e+00
-2.0404403633804544e+00
-1.9363933369689252e+00
-1.8368487749315598e+00
-1.7410366006370832e+00
-1.6486621732669138e+00
-1.5602646000854601e+00
-1.4752524849635176e+00
-1.3934251286736865e+00
-1.3151933486288165e+00
-1.2403357246825246e+00
-1.1682482410217017e+00
-1.0994084936046966e+00
-1.0336817026121845e+00
-9.7095554441976284e-01
-9.1092045243687780e-01
-8.5367886888041045e-01
-7.9921317109564138e-01
-7.4743981885348387e-01
-6.9827271383360789e-01
-6.5159070478395664e-01
-6.0723326360309848e-01
-5.6525892019986690e-01
-5.2558791537889371e-01
-4.8813953514146596e-01
-4.5282119306017798e-01
-4.1956666231778711e-01
-3.8829855175680572e-01
-3.5891786672319625e-01
-3.3134989755748062e-01
-3.0550763498451133e-01
-2.8133221494013355e-01
-2.5876328458497416e-01
-2.3773203429328613e-01
-2.1814291109187919e-01
-1.9993358684223933e-01
-1.8304362589168327e-01
-1.6738380282242890e-01
-1.5288996444310199e-01
-1.3951092232490500e-01
-1.2716532553318977e-01
-1.1578829137602263e-01
-1.0533825933003090e-01
-9.5742652346918533e-02
-8.6937410231683568e-02
-7.8890515586773499e-02
-7.1538437491978649e-02
-6.4819652083300067e-02
-5.8711144844299130e-02
-5.3158235481066643e-02
-4.8103399725957216e-02
-4.3531786997287526e-02
-3.9396990697354653e-02
-3.5646600409002291e-02
-3.2272873756259514e-02
-2.9236820246080219e-02
-2.6491899504938059e-02
-2.4036292155484393e-02
-2.1837389268886436e-02
-1.9854964122808644e-02
-1.8091890234932448e-02
-1.6520826303985856e-02
-1.5108062780556833e-02
-1.3859967077177376e-02
-1.2753357655483731e-02
-1.1761086595024879e-02
-1.0891909523814811e-02
-1.0125772387427730e-02
-9.4420507000872456e-03
-8.8509241071067727e-03
-8.3345627384853807e-03
-7.8788107772904733e-03
-7.4944830188125918e-03
-7.1652372877078754e-03
-6.8833678240409627e-03
-6.6597352700409618e-03
-6.4789442707234111e-03
-6.3397956522883046e-03
-6.2528214209314828e-03
-6.2032491934007530e-03
-6.1965424270473673e-03
-6.2427588960945147e-03
-6.3276440256196690e-03
-6.4636254738062535e-03
-6.6603656071415277e-03
-6.9042587996476527e-03
-7.2151448341508080e-03
-7.6026043693819805e-03
-8.0540538959899804e-03
-8.5973450739639141e-03
-9.2400989911787957e-03
-9.9786534763282291e-03
-1.0842327827558597e-02
-1.1839536243318171e-02
-1.2977738681918300e-02
-1.4287221728891599e-02
-1.5778681707602809e-02
-1.7471557853414400e-02
-1.9398197303087825e-02
-2.1572743865626909e-02
-2.4027484743525312e-02
-2.6797996691289246e-02
-2.9903108023340719e-02
-3.3388692440115129e-02
-3.7293809657273629e-02
-4.1645759909829556e-02
-4.6500828460708368e-02
-5.1900136242586485e-02
-5.7888182264003329e-02
-6.4526709420193729e-02
-7.1863858249340815e-02
-7.9957720773666710e-02
-8.8874521416852037e-02
-9.8668254297978958e-02
-1.0941013128278557e-01
-1.2116941857225950e-01
-1.3400563874787860e-01
-1.4799852560813440e-01
-1.6321639491198583e-01
-1.7972739796712514e-01
-1.9760827485761612e-01
-2.1692532340227746e-01
-2.3774823358008698e-01
-2.6014551856955298e-01
-2.8417611227331308e-01
-3.0990192769198938e-01
-3.3737611507138038e-01
-3.6664473042119333e-01
-3.9774905008880779e-01
-4.3069901546127265e-01
-4.6548731210157634e-01
-5.0216149775264551e-01
-5.4072316758627192e-01
-5.8115628830668986e-01
-6.2343438612678304e-01
-6.6752137205208872e-01
-7.1333078111761594e-01
-7.6067880418920741e-01
-8.0959652558453798e-01
-8.5997659760444090e-01
-9.1171381152816577e-01
-9.6455233753062541e-01
-1.0182924416594339e+00
-1.0729165623487678e+00
-1.1282401979862662e+00
-1.1838108776017582e+00
-1.2396064038896877e+00
-1.2954907254771493e+00
-1.3509342620415519e+00
-1.4059174192439245e+00
-1.4602559993294300e+00
-1.5133584658612007e+00
-1.5654341398256371e+00
-1.6158159646641108e+00
-1.6646415578421576e+00
-1.7113745278940757e+00
-1.7560890165719514e+00
-1.7982740793676528e+00
-1.8381187800465579e+00
-1.8749874034279645e+00
-1.9092079871711594e+00
-1.9402336445682533e+00
-1.9681968189101806e+00
-1.9930542348903431e+00
-2.0143941276550090e+00
-2.0325246735475941e+00
-2.0473284849920592e+00
-2.0585441873388728e+00
-2.0664909908121984e+00
-2.0711605221403770e+00
-2.0722752671769733e+00
-2.0702074801778592e+00
-2.0649999308846736e+00
-2.0566747975142565e+00
-2.0452129947828004e+00
-2.0309026504510994e+00
-2.0138847507564743e+00
0.0000000000000000e+00
2.4055929233035767e-01
0.0000000000000000e+00
0.0000000000000000e+00
];
