%Vec Object:sol 1 MPI processes
%  type: mpi
sol = [
0.0000000000000000e+00
-9.5410715289086028e+00
-8.8154937960415065e+00
-8.1565745407724393e+00
-7.5547092622120440e+00
-7.0012122317132244e+00
-6.4890320017464322e+00
-6.0132491369370511e+00
-5.5702034916908554e+00
-5.1558768764988105e+00
-4.7676777818920524e+00
-4.4023473630723275e+00
-4.0593707210367089e+00
-3.7373032190086173e+00
-3.4351388343114948e+00
-3.1500938249489474e+00
-2.8831523533915031e+00
-2.6327154889050592e+00
-2.3982116358490515e+00
-2.1791646306144239e+00
-1.9746431082651001e+00
-1.7844415598265302e+00
-1.6081416698077817e+00
-1.4445120864803991e+00
-1.2937690037053626e+00
-1.1552332441372777e+00
-1.0279240018912890e+00
-9.1164086190821836e-01
-8.0583994260036007e-01
-7.0989448551111334e-01
-6.2320852308221353e-01
-5.4507873333957380e-01
-4.7503153070829984e-01
-4.1251761187141023e-01
-3.5692758512857636e-01
-3.0772247881070403e-01
-2.6436372526368623e-01
-2.2629414299349523e-01
-1.9302504217050062e-01
-1.6409828083561831e-01
-1.3903897652325026e-01
-1.1741850489839976e-01
-9.8877522649697083e-02
-8.3039397923320754e-02
-6.9542455052932176e-02
-5.8129574524688275e-02
-4.8522852836059782e-02
-4.0427070249293186e-02
-3.3678077208698948e-02
-2.8081901415175792e-02
-2.3414163833311810e-02
-1.9574883499452245e-02
-1.6438206635259221e-02
-1.3848403676006789e-02
-1.1741105360922406e-02
-1.0045488453262089e-02
-8.6569381760758651e-03
-7.5341734175620673e-03
-6.6450155963014993e-03
-5.9206560918248202e-03
-5.3330547385877459e-03
-4.8755279185620252e-03
-4.5031363538020073e-03
-4.1942783565785263e-03
-3.9581391134003250e-03
-3.7650781339067592e-03
-3.5958466137273408e-03
-3.4689248309258043e-03
-3.3641780969478367e-03
-3.2626995909851454e-03
-3.1879901111432768e-03
-3.1256727953316121e-03
-3.0565303053970865e-03
-3.0063992758033765e-03
-2.9642853183957630e-03
-2.9108024943075126e-03
-2.8724530874734660e-03
-2.8401122053378441e-03
-2.7947638582469332e-03
-2.7625216854238526e-03
-2.7351362392590358e-03
-2.6946499806235593e-03
-2.6660953352778461e-03
-2.6414103174762435e-03
-2.6043967650765283e-03
-2.5785264810006909e-03
-2.5554200268107291e-03
-2.5212859483500828e-03
-2.4976850077373129e-03
-2.4755301134611841e-03
-2.4440042191775434e-03
-2.4224904189476685e-03
-2.4008815796093606e-03
-2.3718184309119436e-03
-2.3522981468830253e-03
-2.3309376871705435e-03
-2.3042386461415792e-03
-2.2866494099304936e-03
-2.2653015398310882e-03
-2.2408865716533159e-03
-2.2251774708390592e-03
-2.2036524678907708e-03
-2.1814495481358594e-03
-2.1675740860125779e-03
-2.1457080960012938e-03
-2.1256497771983849e-03
-2.1135641040948357e-03
-2.0912212214663512e-03
-2.0732464818757836e-03
-2.0629128182707759e-03
-2.0399857408919609e-03
-2.0240458000383914e-03
-2.0129748397035314e-03
-1.9918662210681288e-03
-1.9779452737455718e-03
-1.9656684461266407e-03
-1.9468806723891019e-03
-1.9350526243596805e-03
-1.9217205147999900e-03
-1.9054453426518988e-03
-1.8960244735694882e-03
-1.8821357109934920e-03
-1.8690224907085976e-03
-1.8629472839042740e-03
-1.8498505879782471e-03
-1.8417002144873380e-03
-1.8405128155860797e-03
-1.8325890025350025e-03
-1.8339795815780458e-03
-1.8413431027477264e-03
-1.8494116662854949e-03
-1.8713161566046950e-03
-1.9018323226899535e-03
-1.9449877654798594e-03
-2.0124109773259273e-03
-2.0987275305555829e-03
-2.2191142449945935e-03
-2.3859407396880591e-03
-2.5981116552989503e-03
-2.8843497592550595e-03
-3.2596565708168860e-03
-3.7425809163523908e-03
-4.3720869272259105e-03
-5.1771334277594706e-03
-6.2048557364477418e-03
-7.5152968181756057e-03
-9.1638911574912513e-03
-1.1240128697359977e-02
-1.3838821940718116e-02
-1.7066136421949391e-02
-2.1066555042092511e-02
-2.5992269670725206e-02
-3.2027539903988538e-02
-3.9390546156844598e-02
-4.8316913207866394e-02
-5.9091773379644406e-02
-7.2028858238994076e-02
-8.7473704194017093e-02
-1.0582272301517530e-01
-1.2749836459837446e-01
-1.5296360445574134e-01
-1.8271659653267378e-01
-2.1727483025707911e-01
-2.5718510536739703e-01
-3.0299993954563603e-01
-3.5526999310113233e-01
-4.1453193504528874e-01
-4.8128842926918797e-01
-5.5598774675477580e-01
-6.3900312492358602e-01
-7.3051234162917500e-01
-8.3067264476176095e-01
-9.3953425573951477e-01
-1.0569385791784454e+00
-1.1824433043180416e+00
-1.3152523060778794e+00
-1.4548688032076702e+00
-1.6001196529579915e+00
-1.7495857633986003e+00
-1.9021996233545941e+00
-2.0557736639839943e+00
-2.2090895068396597e+00
-2.3599512365766984e+00
-2.5064651901321162e+00
-2.6469636114553299e+00
-2.7795487102804177e+00
-2.9020942311446682e+00
-3.0133530752834075e+00
-3.1119777077557433e+00
-3.1967229338205794e+00
-3.2667131633710369e+00
-3.3212887091700511e+00
-3.3600637582783501e+00
-3.3829821964845168e+00
-3.3898539925418838e+00
-3.3812703022603365e+00
-3.3578035580109766e+00
-3.3201756074176418e+00
-3.2693105570298271e+00
0.0000000000000000e+00
2.4055929233035767e-01
0.0000000000000000e+00
0.0000000000000000e+00
];
