%Vec Object:sol 1 MPI processes
%  type: mpi
sol = [
0.0000000000000000e+00
-6.3724627046141897e+00
-6.0387156094754380e+00
-5.7259750124932465e+00
-5.4365280689757283e+00
-5.1644814604713449e+00
-4.9054707192183731e+00
-4.6632149256874316e+00
-4.4338046747870345e+00
-4.2145230553823678e+00
-4.0077714135591407e+00
-3.8095828226120938e+00
-3.6209666779282865e+00
-3.4411891976010613e+00
-3.2681906451389482e+00
-3.1041620247121497e+00
-2.9451664323394646e+00
-2.7942558396394430e+00
-2.6484231346623242e+00
-2.5096838990677077e+00
-2.3753340724499030e+00
-2.2475180378749577e+00
-2.1241953522719772e+00
-2.0062081075664837e+00
-1.8932062461071495e+00
-1.7846056169267361e+00
-1.6809467533345981e+00
-1.5814724883905860e+00
-1.4863231945061568e+00
-1.3955895930015718e+00
-1.3088367774389591e+00
-1.2259596706226172e+00
-1.1471005157754361e+00
-1.0721130233670897e+00
-1.0006912282810354e+00
-9.3278284110605247e-01
-8.6842718990517709e-01
-8.0751416678589050e-01
-7.4991772778879762e-01
-6.9542858104466754e-01
-6.4395847451500787e-01
-5.9549976501609481e-01
-5.4993974205240381e-01
-5.0716513026057286e-01
-4.6705813638284521e-01
-4.2952022076599711e-01
-3.9444268037415581e-01
-3.6167511981441935e-01
-3.3112670463854627e-01
-3.0273509950401450e-01
-2.7636582311113594e-01
-2.5194082857930911e-01
-2.2936069012021684e-01
-2.0849710905634988e-01
-1.8927207429519671e-01
-1.7159762026516864e-01
-1.5535515761842059e-01
-1.4046672113527384e-01
-1.2685755392971634e-01
-1.1442112230318509e-01
-1.0308079414904874e-01
-9.2775822685922368e-02
-8.3413030494589327e-02
-7.4918782008031676e-02
-6.7246329143549555e-02
-6.0316177486901379e-02
-5.4059264453904174e-02
-4.8442098197972391e-02
-4.3398335894647103e-02
-3.8864779590921973e-02
-3.4819850686390638e-02
-3.1209231792630122e-02
-2.7976382059846580e-02
-2.5109946028805730e-02
-2.2566111429525530e-02
-2.0295339771214446e-02
-1.8294635088352364e-02
-1.6528965040239558e-02
-1.4955799447700951e-02
-1.3578617188641513e-02
-1.2369397496321642e-02
-1.1292408530268413e-02
-1.0355817322936875e-02
-9.5369271443662054e-03
-8.8064900180089348e-03
-8.1757558699147009e-03
-7.6258302475694182e-03
-7.1336180293394618e-03
-6.7120763155268191e-03
-6.3448062090615360e-03
-6.0145784008389502e-03
-5.7349317719692736e-03
-5.4908930037018489e-03
-5.2708928558478120e-03
-5.0881774491513231e-03
-4.9283680018226868e-03
-4.7854506786344118e-03
-4.6717467441210817e-03
-4.5728752466031941e-03
-4.4883831792124464e-03
-4.4292650731594897e-03
-4.3807703890998834e-03
-4.3481239490960940e-03
-4.3408178110676352e-03
-4.3435790332591335e-03
-4.3675728231223794e-03
-4.4208280372606172e-03
-4.4876233710648460e-03
-4.5854773746531611e-03
-4.7212257510562440e-03
-4.8790142245193494e-03
-5.0833022228660455e-03
-5.3378053285616373e-03
-5.6344651507960917e-03
-5.9981196841440692e-03
-6.4321393819155260e-03
-6.9385581116765656e-03
-7.5421815588223228e-03
-8.2476390888211858e-03
-9.0681524258480490e-03
-1.0029830127539996e-02
-1.1140001877932527e-02
-1.2424399812744359e-02
-1.3912061802119666e-02
-1.5614754076416878e-02
-1.7572222403288283e-02
-1.9817381822871544e-02
-2.2371128164189784e-02
-2.5286029291505491e-02
-2.8599437792729068e-02
-3.2350381040329612e-02
-3.6598609136902938e-02
-4.1389321815263502e-02
-4.6780272471386809e-02
-5.2840811361257727e-02
-5.9627438242508310e-02
-6.7217603506705165e-02
-7.5688733074102496e-02
-8.5109274800771642e-02
-9.5573596166338232e-02
-1.0716556277403705e-01
-1.1997176168577960e-01
-1.3409266652399754e-01
-1.4961916439296077e-01
-1.6665056196601497e-01
-1.8528899542038071e-01
-2.0562742676019444e-01
-2.2776903597975964e-01
-2.5180935713319003e-01
-2.7783824784697692e-01
-3.0594710877024978e-01
-3.3621625651381709e-01
-3.6871945808420975e-01
-4.0352171352519961e-01
-4.4067642896803805e-01
-4.8016720336358459e-01
-5.2204320691443862e-01
-5.6632935326384404e-01
-6.1301138983300596e-01
-6.6206280530767148e-01
-7.1343272792398371e-01
-7.6702782970012129e-01
-8.2260161624127737e-01
-8.8017198514981121e-01
-9.3959731027976745e-01
-1.0007179965225970e+00
-1.0631185380835628e+00
-1.1266989474439508e+00
-1.1913013415160982e+00
-1.2565265682126912e+00
-1.3219822264559991e+00
-1.3876237750448981e+00
-1.4528855275503059e+00
-1.5175117206930366e+00
-1.5813189340021352e+00
-1.6435835559458141e+00
-1.7045000918038049e+00
-1.7631069961059198e+00
-1.8197746358858498e+00
-1.8734859725693529e+00
-1.9245849873344643e+00
-1.9723382065843440e+00
-2.0167340120606618e+00
-2.0576380310509594e+00
-2.0944589291131357e+00
-2.1274724083570913e+00
-2.1564152962229293e+00
-2.1809172979229139e+00
-2.2012615348822839e+00
-2.2173417724892031e+00
-2.2289448742176305e+00
-2.2361826861604199e+00
-2.2391861955774153e+00
-2.2380423272565348e+00
-2.2327081584605835e+00
-2.2232588900899386e+00
-2.2099724131876037e+00
-2.1929798955884046e+00
-2.1724730589288415e+00
0.0000000000000000e+00
2.4055929233035767e-01
0.0000000000000000e+00
0.0000000000000000e+00
];
