%Vec Object:sol 1 MPI processes
%  type: mpi
sol = [
0.0000000000000000e+00
-1.1520007843713534e+01
-1.0476180926761614e+01
-9.5452891429068281e+00
-8.6992658376792740e+00
-7.9323749681773279e+00
-7.2313040484866447e+00
-6.5864439324161275e+00
-5.9912058808206874e+00
-5.4395192446079381e+00
-4.9275156215896141e+00
-4.4528260945817344e+00
-4.0125324195407348e+00
-3.6046416918654582e+00
-3.2268468741587673e+00
-2.8781398185495704e+00
-2.5576324289263139e+00
-2.2627642021440608e+00
-1.9940603375251897e+00
-1.7487734431371342e+00
-1.5267915865721533e+00
-1.3266063517125368e+00
-1.1467516925242003e+00
-9.8630591726850980e-01
-8.4393918177869087e-01
-7.1826168262687518e-01
-6.0788595957851521e-01
-5.1166192576784009e-01
-4.2827908423382349e-01
-3.5649366054796894e-01
-2.9509039593363112e-01
-2.4286864672568365e-01
-1.9878803456072178e-01
-1.6183457523616376e-01
-1.3101278675702407e-01
-1.0551449210075886e-01
-8.4576458936514110e-02
-6.7461436882030532e-02
-5.3577425074606312e-02
-4.2413944285109063e-02
-3.3474937256077378e-02
-2.6352496209137901e-02
-2.0746317086030221e-02
-1.6352885716755451e-02
-1.2899784352580136e-02
-1.0239710305834418e-02
-8.2050330795551789e-03
-6.6106610788910615e-03
-5.4089663806393675e-03
-4.5148376133299700e-03
-3.8053129338692505e-03
-3.2789560714619474e-03
-2.8985826883271208e-03
-2.5877680492405234e-03
-2.3547126876861725e-03
-2.1922946086199596e-03
-2.0510164916589875e-03
-1.9379966351949359e-03
-1.8625874082818931e-03
-1.7909323004773399e-03
-1.7247315647295294e-03
-1.6823137292589312e-03
-1.6392674421284593e-03
-1.5910110394065692e-03
-1.5608065782427641e-03
-1.5302860686218652e-03
-1.4893339563356019e-03
-1.4639007354367625e-03
-1.4396761378739063e-03
-1.4023651417796343e-03
-1.3792397834747649e-03
-1.3587661188338368e-03
-1.3239182711169092e-03
-1.3023651279969488e-03
-1.2844253236689853e-03
-1.2516867753279181e-03
-1.2315253118485329e-03
-1.2153884939479890e-03
-1.1846566643708423e-03
-1.1658667278551110e-03
-1.1510017261092491e-03
-1.1222426540558024e-03
-1.1048422795130893e-03
-1.0908220760906114e-03
-1.0640156364018461e-03
-1.0480256049826536e-03
-1.0344927115991725e-03
-1.0096184620572834e-03
-9.9505408388946958e-04
-9.8170563536443189e-04
-9.5873970852945040e-04
-9.4560958757711232e-04
-9.3218865411952864e-04
-9.1110448789692873e-04
-8.9941189686920295e-04
-8.8570094717466564e-04
-8.6646867014186259e-04
-8.5621129259824322e-04
-8.4202770046886972e-04
-8.2461591107994934e-04
-8.1578777257253286e-04
-8.0098331202342621e-04
-7.8535931302902155e-04
-7.7795117066692691e-04
-7.6239693604579300e-04
-7.4852649652055092e-04
-7.4252575956100682e-04
-7.2611458910691877e-04
-7.1396289291842286e-04
-7.0935469703806327e-04
-6.9199765783345489e-04
-6.8152861694520124e-04
-6.7582142621670934e-04
-6.5992226620859571e-04
-6.5109917512830848e-04
-6.4378140646030504e-04
-6.2977322645770743e-04
-6.2255909185500837e-04
-6.1361459134706708e-04
-6.0144481643428316e-04
-5.9580282600623952e-04
-5.8523240418012425e-04
-5.7485173516369416e-04
-5.7074855478611358e-04
-5.5855898324744680e-04
-5.4992743751320575e-04
-5.4639292568583065e-04
-5.3356628416492398e-04
-5.2667776763672244e-04
-5.2122345639686216e-04
-5.1039666496103685e-04
-5.0536743106470699e-04
-4.9828097041856401e-04
-4.8978190530248110e-04
-4.8715096345521377e-04
-4.7936161047309794e-04
-4.7445639587526865e-04
-4.7573357039142885e-04
-4.7059028374355475e-04
-4.7347704363126313e-04
-4.8154568132378851e-04
-4.9129113344467722e-04
-5.1474148828093845e-04
-5.4792110913254950e-04
-5.9830588290629369e-04
-6.7847722142222184e-04
-7.8724805072255945e-04
-9.4787951179761492e-04
-1.1779157290048303e-03
-1.4946342942017533e-03
-1.9408908967097566e-03
-2.5543316573002476e-03
-3.3924775599804046e-03
-4.5354316392551891e-03
-6.0695326339944254e-03
-8.1249057448847788e-03
-1.0856176046244632e-02
-1.4450745691532660e-02
-1.9158469803023232e-02
-2.5270314343955970e-02
-3.3147841852954898e-02
-4.3229987214929523e-02
-5.6023260117097469e-02
-7.2144427880920736e-02
-9.2298399258392255e-02
-1.1729132419463516e-01
-1.4804270568454467e-01
-1.8556407147102158e-01
-2.3096484194313852e-01
-2.8542915367271676e-01
-3.5018785365995353e-01
-4.2649005515217225e-01
-5.1555220795403067e-01
-6.1850221903058133e-01
-7.3631232397480695e-01
-8.6968356866314478e-01
-1.0188549359837804e+00
-1.1840025995471912e+00
-1.3647062306189861e+00
-1.5596004710451981e+00
-1.7672530817336849e+00
-1.9854288589895674e+00
-2.2110183460918527e+00
-2.4408179346170034e+00
-2.6711901472362678e+00
-2.8973602895759671e+00
-3.1154811707203618e+00
-3.3212326966417658e+00
-3.5105254986477399e+00
-3.6795997819277417e+00
-3.8253740008922477e+00
-3.9453230963821460e+00
-4.0369973481393071e+00
-4.0999120084790768e+00
-4.1336859447953378e+00
-4.1378219176395437e+00
-4.1140655756426208e+00
-4.0632145291833242e+00
-3.9875446777184917e+00
0.0000000000000000e+00
2.4055929233035767e-01
0.0000000000000000e+00
0.0000000000000000e+00
];
