%Vec Object:sol 1 MPI processes
%  type: mpi
sol = [
0.0000000000000000e+00
-6.5168289104651320e+00
-6.1688519247940103e+00
-5.8425211563705508e+00
-5.5405467926141991e+00
-5.2585521574539262e+00
-4.9887469676623235e+00
-4.7364766835053498e+00
-4.4995021409567304e+00
-4.2714012703969608e+00
-4.0564273953097727e+00
-3.8521547913453569e+00
-3.6561861716516018e+00
-3.4705301141466203e+00
-3.2915388264259771e+00
-3.1214856152429284e+00
-2.9580265219007340e+00
-2.8017244370294274e+00
-2.6519378441720809e+00
-2.5084266382628058e+00
-2.3705849082694552e+00
-2.2389753196896574e+00
-2.1123031373184289e+00
-1.9915429054092637e+00
-1.8752724287065075e+00
-1.7643527599926772e+00
-1.6583727939138666e+00
-1.5566789118238680e+00
-1.4598806831012781e+00
-1.3676192886222462e+00
-1.2792846881765152e+00
-1.1953815933896959e+00
-1.1156728726608565e+00
-1.0398832429995901e+00
-9.6783078980518655e-01
-8.9962375078585766e-01
-8.3512291251072124e-01
-7.7420893260897694e-01
-7.1668195535043555e-01
-6.6238478017290348e-01
-6.1133249974035708e-01
-5.6339960114298593e-01
-5.1846596718725058e-01
-4.7640775087174680e-01
-4.3709570245375207e-01
-4.0042383567567102e-01
-3.6624921124931259e-01
-3.3442753906049633e-01
-3.0490954449747965e-01
-2.7758002459839737e-01
-2.5229356087767379e-01
-2.2896601408435813e-01
-2.0749036834213230e-01
-1.8772952969785994e-01
-1.6960005063417810e-01
-1.5300828908614278e-01
-1.3782908188627044e-01
-1.2398015289171667e-01
-1.1138297352186241e-01
-9.9926580281044175e-02
-8.9531390345846160e-02
-8.0134640381677391e-02
-7.1640641875078556e-02
-6.3974180936893055e-02
-5.7087974229191277e-02
-5.0901599212461769e-02
-4.5345627348297050e-02
-4.0387170102765373e-02
-3.5960156198123414e-02
-3.2001965705953435e-02
-2.8492407035519866e-02
-2.5378249934231493e-02
-2.2604173550525589e-02
-2.0160663223434915e-02
-1.8005464101424548e-02
-1.6090613676518813e-02
-1.4415133731765426e-02
-1.2945737573686408e-02
-1.1641588380764302e-02
-1.0508149894920587e-02
-9.5191261850523477e-03
-8.6404190340172819e-03
-7.8820056344600774e-03
-7.2227547993747795e-03
-6.6348770273566855e-03
-6.1311758267912856e-03
-5.6940843755620323e-03
-5.3017282079782799e-03
-4.9683260091474253e-03
-4.6785348401968225e-03
-4.4160845936320053e-03
-4.1954794807529039e-03
-4.0025256054927365e-03
-3.8263520531101130e-03
-3.6808862838835265e-03
-3.5522617542145933e-03
-3.4349132973862792e-03
-3.3415759748773380e-03
-3.2581254101208554e-03
-3.1843186076441037e-03
-3.1313075291802975e-03
-3.0843473796553474e-03
-3.0486374017861112e-03
-3.0335705200791310e-03
-3.0236213904948762e-03
-3.0296849042655547e-03
-3.0594199393870736e-03
-3.0965729787526186e-03
-3.1581261113938653e-03
-3.2502464792729304e-03
-3.3562333341790561e-03
-3.4997139160977886e-03
-3.6833915232755920e-03
-3.8980318388369406e-03
-4.1672902167193592e-03
-4.4931489274031592e-03
-4.8761151510903515e-03
-5.3394330851277844e-03
-5.8859471581974793e-03
-6.5270046883570947e-03
-7.2867801144965872e-03
-8.1704361791488985e-03
-9.2015385863502795e-03
-1.0406881205898798e-02
-1.1795758230812038e-02
-1.3405600291010506e-02
-1.5266905855395644e-02
-1.7397992177497795e-02
-1.9849200436372467e-02
-2.2655525426489635e-02
-2.5853726311901731e-02
-2.9501719112993437e-02
-3.3643868041582418e-02
-3.8336953513465229e-02
-4.3648530599848044e-02
-4.9634377635475707e-02
-5.6370855458430853e-02
-6.3935179957677127e-02
-7.2398272518690979e-02
-8.1856994924293158e-02
-9.2398079454450596e-02
-1.0411190325032807e-01
-1.1710433572119164e-01
-1.3147214511911498e-01
-1.4732216137800666e-01
-1.6476546809955656e-01
-1.8390447150226025e-01
-2.0485420680670505e-01
-2.2772284892747238e-01
-2.5261379577030157e-01
-2.7963430719953764e-01
-3.0888071923691751e-01
-3.4044430387913027e-01
-3.7440884299651300e-01
-4.1084606793844280e-01
-4.4981564668613050e-01
-4.9132666008346609e-01
-5.3538810653045121e-01
-5.8204341125593406e-01
-6.3128270710183587e-01
-6.8307045264801280e-01
-7.3734530958110001e-01
-7.9402275996150851e-01
-8.5280071782894129e-01
-9.1370683600883085e-01
-9.7658253367405912e-01
-1.0412281546208693e+00
-1.1071754060143955e+00
-1.1743530924580055e+00
-1.2425458071631528e+00
-1.3112427573388683e+00
-1.3801544950333851e+00
-1.4491628597667896e+00
-1.5174746385400590e+00
-1.5851106892717362e+00
-1.6515068860276549e+00
-1.7163065769578361e+00
-1.7791928974311457e+00
-1.8397296427115111e+00
-1.8976011219710489e+00
-1.9525619913829269e+00
-2.0040788192267636e+00
-2.0522388045909121e+00
-2.0963174190886322e+00
-2.1364282568578905e+00
-2.1724597771611465e+00
-2.2038089845707876e+00
-2.2307129875152114e+00
-2.2531233790691605e+00
-2.2708068057708952e+00
-2.2836772201732267e+00
-2.2919421638547801e+00
-2.2956149300352338e+00
-2.2947864447203887e+00
-2.2893186330636510e+00
-2.2795271507320685e+00
-2.2655794048185700e+00
-2.2476225502555311e+00
-2.2258670577649373e+00
0.0000000000000000e+00
2.4055929233035767e-01
0.0000000000000000e+00
0.0000000000000000e+00
];
