%Vec Object:sol 1 MPI processes
%  type: mpi
sol = [
0.0000000000000000e+00
-8.3234266409877719e+01
-4.3532579635746174e+01
-2.4570384827642552e+01
-1.3431142010332138e+01
-6.8258220071507836e+00
-3.1665759506190301e+00
-1.3316581202429367e+00
-5.0773607955913902e-01
-1.7642869133160335e-01
-5.6604604732488142e-02
-1.7269714520810449e-02
-5.5002594987822815e-03
-2.2996194528897116e-03
-1.4714091910135901e-03
-1.2434600358452587e-03
-1.2102607034990011e-03
-1.2240099610363784e-03
-1.1774869470119491e-03
-1.1735290378550058e-03
-1.2093952290751040e-03
-1.1696191731111745e-03
-1.1561528218833222e-03
-1.1791776229302473e-03
-1.1660153606265810e-03
-1.1439253893500245e-03
-1.1555628101374644e-03
-1.1628124454317328e-03
-1.1337270289191348e-03
-1.1362500665701174e-03
-1.1599276636458274e-03
-1.1260722506829459e-03
-1.1219030546475593e-03
-1.1463370412192085e-03
-1.1215917854897328e-03
-1.1119801622459986e-03
-1.1289602063217776e-03
-1.1186139437214210e-03
-1.1042434236260320e-03
-1.1147199796608519e-03
-1.1155857320856225e-03
-1.0973714574387661e-03
-1.1025076362761043e-03
-1.1122640742595540e-03
-1.0911963736309541e-03
-1.0921598037008241e-03
-1.1090284498264740e-03
-1.0861147137327266e-03
-1.0840207271469670e-03
-1.1021096695124257e-03
-1.0824977182041242e-03
-1.0780163491881476e-03
-1.0924900571552851e-03
-1.0797375269265077e-03
-1.0731937256889994e-03
-1.0844992649696767e-03
-1.0770319019643385e-03
-1.0688541063399873e-03
-1.0775563179337684e-03
-1.0741977936069074e-03
-1.0648447993307614e-03
-1.0714771209581521e-03
-1.0712638659457075e-03
-1.0611308659647580e-03
-1.0661499754247212e-03
-1.0682701561023616e-03
-1.0576890000623086e-03
-1.0614835691806709e-03
-1.0652421519324741e-03
-1.0544923615405195e-03
-1.0573938925284845e-03
-1.0622038189536723e-03
-1.0515192887623943e-03
-1.0538093711468823e-03
-1.0591744694688546e-03
-1.0487505016514168e-03
-1.0506683780376878e-03
-1.0561698443185550e-03
-1.0461687486791934e-03
-1.0479172843953480e-03
-1.0532021225989057e-03
-1.0437583853901838e-03
-1.0455095135568904e-03
-1.0502809854462539e-03
-1.0415053660740184e-03
-1.0434044672776868e-03
-1.0474138475128454e-03
-1.0393968568939535e-03
-1.0415664463543708e-03
-1.0446060438140388e-03
-1.0374211197266506e-03
-1.0399642226534230e-03
-1.0418616872554813e-03
-1.0355679178777478e-03
-1.0385710556420115e-03
-1.0391840809076303e-03
-1.0338272053423208e-03
-1.0373614455021951e-03
-1.0365742037501062e-03
-1.0321893144330930e-03
-1.0363131865283738e-03
-1.0340367185156698e-03
-1.0306497209303662e-03
-1.0354117687308489e-03
-1.0315725954868783e-03
-1.0292075419282318e-03
-1.0346604427091341e-03
-1.0292295400047213e-03
-1.0279544390003855e-03
-1.0342166303159506e-03
-1.0272581000928883e-03
-1.0271803722566850e-03
-1.0317974139810778e-03
-1.0257979275215359e-03
-1.0268474942202598e-03
-1.0292390917834419e-03
-1.0245866652949299e-03
-1.0266884111693028e-03
-1.0268239081751753e-03
-1.0234686021669617e-03
-1.0266046201810131e-03
-1.0245200538084682e-03
-1.0224607418761133e-03
-1.0266657273585878e-03
-1.0224591440327199e-03
-1.0217608890911774e-03
-1.0261517683540760e-03
-1.0209178566280164e-03
-1.0216119394412396e-03
-1.0235958320396847e-03
-1.0198740010973152e-03
-1.0218191556856438e-03
-1.0213409840478904e-03
-1.0190138336380321e-03
-1.0221538155296768e-03
-1.0193051607108698e-03
-1.0184063857638754e-03
-1.0224061919318342e-03
-1.0177932797031802e-03
-1.0183897018850748e-03
-1.0199214445236484e-03
-1.0168732170160429e-03
-1.0188048879951578e-03
-1.0178254052988233e-03
-1.0162321086833995e-03
-1.0194743970080495e-03
-1.0161385199606628e-03
-1.0160556276485693e-03
-1.0182682164088831e-03
-1.0150534761850301e-03
-1.0164107949495044e-03
-1.0161168515835865e-03
-1.0144184689007672e-03
-1.0171445164959389e-03
-1.0144492701329726e-03
-1.0142703544124617e-03
-1.0162972808914826e-03
-1.0133874282832358e-03
-1.0146741530948397e-03
-1.0142173446624190e-03
-1.0128401148558125e-03
-1.0155349868083757e-03
-1.0127158676203184e-03
-1.0128788271499870e-03
-1.0141156347813836e-03
-1.0118701632649419e-03
-1.0134800257245863e-03
-1.0122754607821078e-03
-1.0115487559409309e-03
-1.0139576343362795e-03
-1.0110725086797581e-03
-1.0118751019420882e-03
-1.0118781782465925e-03
-1.0105537714645688e-03
-1.0127972855457595e-03
-1.0104712082223283e-03
-1.0106759917241687e-03
-1.0114934006651090e-03
-1.0097619790719761e-03
-1.0114290584900655e-03
-1.0099245125863195e-03
-1.0097851814676536e-03
-1.0115188645808881e-03
-1.0119654456517771e-03
-1.0260930653041623e-03
-1.0891270099626378e-03
-1.3863088302275156e-03
-2.6725686353193906e-03
-7.7910799644665745e-03
-2.6511900161707846e-02
-8.8780289036638468e-02
-2.7534220811689036e-01
-7.7197811754473200e-01
-1.9232965537707551e+00
-4.1804900186826055e+00
-7.7567153926403023e+00
-1.2037195269010342e+01
-1.5440838800436564e+01
-1.6405053765559281e+01
0.0000000000000000e+00
1.3464638167935297e-01
0.0000000000000000e+00
0.0000000000000000e+00
];
