%Vec Object:sol 1 MPI processes
%  type: mpi
sol = [
0.0000000000000000e+00
-1.8167540048265231e+01
-1.5885182990888364e+01
-1.4021223334502857e+01
-1.2467118929472029e+01
-1.1171696988232476e+01
-1.0054605461233738e+01
-9.0932332915987431e+00
-8.2524867792366852e+00
-7.5027233728642919e+00
-6.8334208181001461e+00
-6.2313608218714345e+00
-5.6851714463832117e+00
-5.1868687009293861e+00
-4.7307620053133128e+00
-4.3120004206313949e+00
-3.9264581901607016e+00
-3.5711494587469552e+00
-3.2433488931776853e+00
-2.9401825112087590e+00
-2.6606238855189766e+00
-2.4027852708737023e+00
-2.1649294158368586e+00
-1.9461014577483595e+00
-1.7448669842367164e+00
-1.5603654239757261e+00
-1.3916239336088725e+00
-1.2373372188552689e+00
-1.0970460768423829e+00
-9.6975850637500116e-01
-8.5442113668917230e-01
-7.5039530492876816e-01
-6.5691590736048566e-01
-5.7320224810525799e-01
-4.9848742250454808e-01
-4.3205745644349780e-01
-3.7317468489467226e-01
-3.2120570332296233e-01
-2.7554109860911780e-01
-2.3559232313390799e-01
-2.0076871012456840e-01
-1.7053026856355585e-01
-1.4440888385663100e-01
-1.2192987185504152e-01
-1.0263979389603251e-01
-8.6192318634232157e-02
-7.2228760498745354e-02
-6.0379434005663674e-02
-5.0409904381500531e-02
-4.2062680204414643e-02
-3.5055154098794526e-02
-2.9234752089333876e-02
-2.4428210547889750e-02
-2.0436660723894377e-02
-1.7158220109945221e-02
-1.4488691053025636e-02
-1.2293258261840998e-02
-1.0505145083119083e-02
-9.0700714648652980e-03
-7.8992091334772977e-03
-6.9479972492275362e-03
-6.1960190772308325e-03
-5.5857318844147489e-03
-5.0852825044571774e-03
-4.6959043364305456e-03
-4.3803912638661407e-03
-4.1133483615820197e-03
-3.9090393637603678e-03
-3.7429734230253358e-03
-3.5926277570737211e-03
-3.4795504323606261e-03
-3.3869357361843606e-03
-3.2934244799304123e-03
-3.2241883036205903e-03
-3.1668981985344315e-03
-3.1008459015912809e-03
-3.0525527959369722e-03
-3.0121472259599406e-03
-2.9597348038948109e-03
-2.9217808210253108e-03
-2.8895862062500266e-03
-2.8445598215386487e-03
-2.8122245735242865e-03
-2.7842069936949670e-03
-2.7438242489998656e-03
-2.7150750100049278e-03
-2.6893224446452348e-03
-2.6523988769268122e-03
-2.6263761645715714e-03
-2.6019203178339707e-03
-2.5679337289588201e-03
-2.5442683078856039e-03
-2.5205575129658700e-03
-2.4892564763855066e-03
-2.4677756566603014e-03
-2.4444474238855289e-03
-2.4156867141414138e-03
-2.3962926626380295e-03
-2.3730796842579009e-03
-2.3467565360889915e-03
-2.3293804674086082e-03
-2.3060752059171105e-03
-2.2821040205578602e-03
-2.2666883375347916e-03
-2.2431151239115763e-03
-2.2214196291068630e-03
-2.2079134730798597e-03
-2.1839288572309485e-03
-2.1644428987868179e-03
-2.1528056249984235e-03
-2.1283003312399917e-03
-2.1109764833435393e-03
-2.0986657883788847e-03
-2.0761108454585031e-03
-2.0609494400167343e-03
-2.0475106804260807e-03
-2.0274545742919987e-03
-2.0145785838868282e-03
-2.0002310185718783e-03
-1.9829559079639911e-03
-1.9728002747581427e-03
-1.9582026451652320e-03
-1.9445627594936496e-03
-1.9383293547230269e-03
-1.9251663663389213e-03
-1.9173817614070226e-03
-1.9171113534199524e-03
-1.9104254637955587e-03
-1.9138448110350111e-03
-1.9240604657128502e-03
-1.9358029308920663e-03
-1.9626259023045748e-03
-1.9992998567891261e-03
-2.0500380172657939e-03
-2.1267822562503506e-03
-2.2240100741688406e-03
-2.3570967660421155e-03
-2.5383653419099989e-03
-2.7661126559265217e-03
-3.0687573333429276e-03
-3.4601871415153710e-03
-3.9572434045007533e-03
-4.5967422512738863e-03
-5.4041103868124806e-03
-6.4218584449545583e-03
-7.7037922531580918e-03
-9.2966350588659583e-03
-1.1278974565869423e-02
-1.3731348308330709e-02
-1.6741975796645832e-02
-2.0432197239000419e-02
-2.4925539998448785e-02
-3.0371214359084093e-02
-3.6944934122598735e-02
-4.4830884137621013e-02
-5.4253579676099242e-02
-6.5455287988158473e-02
-7.8698330552057078e-02
-9.4284230521381698e-02
-1.1252730001334231e-01
-1.3376998757931671e-01
-1.5837791602440779e-01
-1.8672319812624638e-01
-2.1918365884592161e-01
-2.5616084185134674e-01
-2.9803892892374562e-01
-3.4519088806473869e-01
-3.9796014081841530e-01
-4.5665080451718953e-01
-5.2151262437284385e-01
-5.9273045654742396e-01
-6.7039806318200945e-01
-7.5441090177739789e-01
-8.4468700128406260e-01
-9.4101095928325951e-01
-1.0430229749462343e+00
-1.1500005345430544e+00
-1.2613203539956088e+00
-1.3763078569848965e+00
-1.4936480722180432e+00
-1.6125377926373787e+00
-1.7315944131032093e+00
-1.8496008831919784e+00
-1.9651346311951101e+00
-2.0770693779374594e+00
-2.1835991301894380e+00
-2.2838643902656957e+00
-2.3765808783079088e+00
-2.4603272387840209e+00
-2.5343352491940192e+00
-2.5978437211944492e+00
-2.6501521604129543e+00
-2.6907466916671687e+00
-2.7193609479680467e+00
-2.7358270766634751e+00
-2.7402420187210357e+00
-2.7328200879053566e+00
-2.7139281732434029e+00
-2.6841220101174925e+00
0.0000000000000000e+00
1.3464638167935297e-01
0.0000000000000000e+00
0.0000000000000000e+00
];
