%Vec Object:sol 1 MPI processes
%  type: mpi
sol = [
0.0000000000000000e+00
-1.9909629679526752e+01
-1.7208276157091547e+01
-1.5007818142729684e+01
-1.3229019154553532e+01
-1.1742532271467233e+01
-1.0489145477460662e+01
-9.4075630536755046e+00
-8.4690000286912923e+00
-7.6360070240168882e+00
-6.8951978414824593e+00
-6.2312320591474277e+00
-5.6310817952631398e+00
-5.0857355731627658e+00
-4.5888011255768175e+00
-4.1349004405930039e+00
-3.7194955517086821e+00
-3.3392766118590491e+00
-2.9915933935908607e+00
-2.6730483288686466e+00
-2.3817657100000487e+00
-2.1164122519820454e+00
-1.8743404763066562e+00
-1.6547065056559755e+00
-1.4556886598431016e+00
-1.2760062937779335e+00
-1.1144587793066030e+00
-9.6956362753953718e-01
-8.4015428421973248e-01
-7.2513839565228122e-01
-6.2334275382505078e-01
-5.3363058317735490e-01
-4.5491838041716776e-01
-3.8614988117037186e-01
-3.2638644224156521e-01
-2.7472485121593709e-01
-2.3029909647834149e-01
-1.9225815665043841e-01
-1.5986098454130077e-01
-1.3243255464880846e-01
-1.0930986499244623e-01
-8.9908420883662479e-02
-7.3744477313258769e-02
-6.0338333316176530e-02
-4.9246806266265278e-02
-4.0156030249691214e-02
-3.2744691500222661e-02
-2.6685958778576227e-02
-2.1801500140291821e-02
-1.7889425545454113e-02
-1.4722464040522718e-02
-1.2207918209274393e-02
-1.0229099198707568e-02
-8.6403752055833252e-03
-7.3919734552003067e-03
-6.4276138111436093e-03
-5.6557876866128367e-03
-5.0496934400594507e-03
-4.5908525908317493e-03
-4.2218006092716127e-03
-3.9257745166343247e-03
-3.7066492211731347e-03
-3.5276075549751165e-03
-3.3746009290054725e-03
-3.2640731472355924e-03
-3.1714919169375951e-03
-3.0820719951331742e-03
-3.0189576255119461e-03
-2.9648952643418170e-03
-2.9032827116272759e-03
-2.8605392216768076e-03
-2.8237422727906934e-03
-2.7746411532508768e-03
-2.7409334464450312e-03
-2.7122565505750432e-03
-2.6694422562179407e-03
-2.6402582255459295e-03
-2.6157756109270102e-03
-2.5768208571546559e-03
-2.5504495171677554e-03
-2.5283913337726255e-03
-2.4923735065935097e-03
-2.4681913121364571e-03
-2.4476561962225997e-03
-2.4142173092300831e-03
-2.3919991147820490e-03
-2.3724397972288824e-03
-2.3414225629125617e-03
-2.3210801011607487e-03
-2.3021061076498915e-03
-2.2734211243822652e-03
-2.2549096689493016e-03
-2.2362131516090109e-03
-2.2097931780085686e-03
-2.1930802862541003e-03
-2.1744065924026211e-03
-2.1501905269735839e-03
-2.1352451781078631e-03
-2.1163810586087703e-03
-2.0943108364920669e-03
-2.0811020738004736e-03
-2.0618726036260708e-03
-2.0418912252414033e-03
-2.0303868948726659e-03
-2.0106391470076481e-03
-1.9926905278512780e-03
-1.9828574623239423e-03
-1.9624628962704770e-03
-1.9464923533071613e-03
-1.9382971252517131e-03
-1.9171480760159676e-03
-1.9031021249410005e-03
-1.8939847697863499e-03
-1.8745230259325596e-03
-1.8623519421218932e-03
-1.8517809250944743e-03
-1.8344419038040464e-03
-1.8241055079770755e-03
-1.8120693027903767e-03
-1.7968125762341729e-03
-1.7882998383477154e-03
-1.7748459057953172e-03
-1.7616938952469995e-03
-1.7550827154802935e-03
-1.7403864935242217e-03
-1.7295448505622157e-03
-1.7242029382903996e-03
-1.7097816097644415e-03
-1.7019751244603941e-03
-1.6963948120234027e-03
-1.6863841214156911e-03
-1.6837387226929436e-03
-1.6809853438207172e-03
-1.6795173738390170e-03
-1.6877513689016479e-03
-1.6957593591087102e-03
-1.7134979131031773e-03
-1.7466353223794082e-03
-1.7853288085360717e-03
-1.8482134269368622e-03
-1.9373917646062454e-03
-2.0556683344185238e-03
-2.2233482628508136e-03
-2.4464440485738597e-03
-2.7450236125476694e-03
-3.1471494509710848e-03
-3.6701120767919726e-03
-4.3596924825488551e-03
-5.2598814759336936e-03
-6.4187429493234938e-03
-7.9147246064942434e-03
-9.8254887647408213e-03
-1.2252881515682443e-02
-1.5324911193623870e-02
-1.9178222883382643e-02
-2.3993637723804015e-02
-2.9974412744578217e-02
-3.7351121624060825e-02
-4.6406094380161196e-02
-5.7447417046060371e-02
-7.0830591272074195e-02
-8.6957333114399502e-02
-1.0626049736163135e-01
-1.2922814977710595e-01
-1.5637844677167134e-01
-1.8826033540073370e-01
-2.2544153361421163e-01
-2.6850654566877624e-01
-3.1804554434818910e-01
-3.7462376139684284e-01
-4.3876554457298494e-01
-5.1093105509627779e-01
-5.9149322394715897e-01
-6.8070728523663637e-01
-7.7865335756752185e-01
-8.8513180518454737e-01
-9.9998739852504581e-01
-1.1227441870128771e+00
-1.2525354889847362e+00
-1.3882899640433175e+00
-1.5290499603544008e+00
-1.6729064434311554e+00
-1.8186251912532558e+00
-1.9639391143669134e+00
-2.1073271112438561e+00
-2.2462308967045490e+00
-2.3789588838397542e+00
-2.5035432065023104e+00
-2.6180312953533855e+00
-2.7204952979890633e+00
-2.8097459320366829e+00
-2.8845125344312734e+00
-2.9438264799583056e+00
-2.9870922943324003e+00
-3.0139260553101881e+00
-3.0243383440578882e+00
-3.0185653350685571e+00
-2.9970995992018490e+00
-2.9607196480636779e+00
0.0000000000000000e+00
1.3464638167935297e-01
0.0000000000000000e+00
0.0000000000000000e+00
];
