%Vec Object:sol 1 MPI processes
%  type: mpi
sol = [
0.0000000000000000e+00
-1.5868707794115950e+01
-1.3916784676620260e+01
-1.2232411763878444e+01
-1.0754051488809891e+01
-9.4381942787487318e+00
-8.2639705445635876e+00
-7.2045705116490639e+00
-6.2521566303621876e+00
-5.3942972415876325e+00
-4.6231385527581050e+00
-3.9335976345571839e+00
-3.3204961903750956e+00
-2.7794345303039836e+00
-2.3052171832850599e+00
-1.8942656813960699e+00
-1.5408751797093916e+00
-1.2407650805002970e+00
-9.8855908344495136e-01
-7.7896373375640804e-01
-6.0706768842353620e-01
-4.6780516817998746e-01
-3.5642213172232895e-01
-2.6849946962471899e-01
-1.9996676342378300e-01
-1.4725907735265584e-01
-1.0728677987135783e-01
-7.7356227503155892e-02
-5.5212252772817300e-02
-3.9087315038656388e-02
-2.7503463800194545e-02
-1.9226996531382937e-02
-1.3440143465487693e-02
-9.4572631858205209e-03
-6.6908051163701359e-03
-4.8249851867140986e-03
-3.5975533784672314e-03
-2.7614439440599671e-03
-2.2025102505820876e-03
-1.8543212057395000e-03
-1.6191336731082339e-03
-1.4446245489837123e-03
-1.3435375096021082e-03
-1.2790959619110797e-03
-1.2048735167556556e-03
-1.1646817403967410e-03
-1.1478047025059908e-03
-1.0971088149781287e-03
-1.0697561945323896e-03
-1.0640628514917668e-03
-1.0230621575147774e-03
-9.9780937302542142e-04
-9.9184140255642681e-04
-9.6008652038343943e-04
-9.3501604803450595e-04
-9.2792063202242338e-04
-9.0309905893226042e-04
-8.7810173985260784e-04
-8.7003894144146434e-04
-8.5069884832387772e-04
-8.2596305418667607e-04
-8.1722911018924764e-04
-8.0223756590074946e-04
-7.7797093243375662e-04
-7.6884803809935021e-04
-7.5726568444834600e-04
-7.3365177127064196e-04
-7.2438752559302445e-04
-7.1541575067787485e-04
-6.9261223591759536e-04
-6.8342151927299638e-04
-6.7638716477988968e-04
-6.5452616174617386e-04
-6.4559252093775046e-04
-6.3992631325188859e-04
-6.1911699986867371e-04
-6.1059605311721801e-04
-6.0581565925682361e-04
-5.8614558312875431e-04
-5.7816711458600093e-04
-5.7386292413490756e-04
-5.5540100956262073e-04
-5.4807258571665143e-04
-5.4389690373837579e-04
-5.2669554369429129e-04
-5.2010511949964605e-04
-5.1576293580179100e-04
-4.9986086857172168e-04
-4.9408005649496402e-04
-4.8932196075815362e-04
-4.7474664582748607e-04
-4.6983344761737872e-04
-4.6444992260388259e-04
-4.5122067089018982e-04
-4.4722287828203141e-04
-4.4103952834049885e-04
-4.2916850159276137e-04
-4.2612493169919647e-04
-4.1899935126494181e-04
-4.0849459953313833e-04
-4.0643811336686338e-04
-3.9826022239328272e-04
-3.8912652113140116e-04
-3.8808472598482105e-04
-3.7876173173634098e-04
-3.7100002519668894e-04
-3.7099457899765140e-04
-3.6045249901013002e-04
-3.5405980330953802e-04
-3.5510635244912999e-04
-3.4328536229249958e-04
-3.3825307011738315e-04
-3.3788403782765224e-04
-3.2721450750068047e-04
-3.2352898247156608e-04
-3.2125436427067703e-04
-3.1219043933818845e-04
-3.0983438698076703e-04
-3.0565709325477936e-04
-2.9816430032711595e-04
-2.9711832364928253e-04
-2.9105590671535733e-04
-2.8510037739537942e-04
-2.8534491008559069e-04
-2.7741542568674051e-04
-2.7296404680941881e-04
-2.7352852029618991e-04
-2.6470470461408544e-04
-2.6172494383050390e-04
-2.6006773507108988e-04
-2.5289839929797228e-04
-2.5135787838163822e-04
-2.4752930184062999e-04
-2.4197084347775830e-04
-2.4183678790344425e-04
-2.3589675110777228e-04
-2.3190647383264707e-04
-2.3273608064612009e-04
-2.2514541280295387e-04
-2.2268165284106928e-04
-2.2118031631546421e-04
-2.1525521277423695e-04
-2.1427800358789540e-04
-2.1051784160221873e-04
-2.0621500218211301e-04
-2.0669539280469406e-04
-2.0077116895973702e-04
-1.9808672686907319e-04
-1.9773512572582240e-04
-1.9220274832100766e-04
-1.9138423799962357e-04
-1.8934573025729864e-04
-1.8660994422016729e-04
-1.8938206692840058e-04
-1.8887897039121670e-04
-1.9438773753388392e-04
-2.0817022170177950e-04
-2.2752433654431203e-04
-2.6850764819810898e-04
-3.3686425389935280e-04
-4.5195862350538802e-04
-6.4804349439677737e-04
-9.6151229205408825e-04
-1.4709990543501008e-03
-2.2809517564921496e-03
-3.5451317410703982e-03
-5.5023454032087134e-03
-8.4797618929918078e-03
-1.2952865355528212e-02
-1.9581127655959582e-02
-2.9253815965463909e-02
-4.3181029776134118e-02
-6.2934201863376116e-02
-9.0538502282772521e-02
-1.2853930861199458e-01
-1.8003888048352759e-01
-2.4873360059908570e-01
-3.3886609802332635e-01
-4.5512359688394499e-01
-6.0243653801679531e-01
-7.8566831006729099e-01
-1.0091699961073377e+00
-1.2760794835339102e+00
-1.5877127967907030e+00
-1.9435522082978107e+00
-2.3390809234614198e+00
-2.7676483725935341e+00
-3.2179257198078908e+00
-3.6763671989214113e+00
-4.1271964167475890e+00
-4.5530376339184304e+00
-4.9367925000472983e+00
-5.2641791872214556e+00
-5.5217016712321652e+00
-5.7015355826238592e+00
-5.7989732307254895e+00
-5.8133145415723844e+00
-5.7476647709690445e+00
-5.6083084464096959e+00
0.0000000000000000e+00
2.4055929233035767e-01
0.0000000000000000e+00
0.0000000000000000e+00
];
