%Vec Object:sol 1 MPI processes
%  type: mpi
sol = [
0.0000000000000000e+00
-1.3164508891204369e+01
-1.1817105416345685e+01
-1.0614250730206328e+01
-9.5499718938936979e+00
-8.5883488663339076e+00
-7.7148800982116157e+00
-6.9191919186731159e+00
-6.1911202782248056e+00
-5.5225146796548481e+00
-4.9083135549777426e+00
-4.3452947829575193e+00
-3.8298427015604393e+00
-3.3594376857351920e+00
-2.9320928463026825e+00
-2.5445723647066347e+00
-2.1958171741843082e+00
-1.8831175893789951e+00
-1.6051483357777552e+00
-1.3588590844529789e+00
-1.1427352728308033e+00
-9.5443937890467911e-01
-7.9143553295450331e-01
-6.5147718589309445e-01
-5.3236694472423607e-01
-4.3183497139799604e-01
-3.4771223444696209e-01
-2.7791364809862157e-01
-2.2048652557447923e-01
-1.7368857227282095e-01
-1.3589419052185658e-01
-1.0558900110257033e-01
-8.1557675912754729e-02
-6.2681684015202757e-02
-4.7929562032054125e-02
-3.6541172808626850e-02
-2.7842844247433551e-02
-2.1217941940000401e-02
-1.6225473922559353e-02
-1.2519223988235236e-02
-9.7683996083873220e-03
-7.7290455620818363e-03
-6.2588460851741657e-03
-5.1987359143811336e-03
-4.4069473746584506e-03
-3.8535174814096317e-03
-3.4720846269227579e-03
-3.1640449384070942e-03
-2.9555596064732331e-03
-2.8224888790019578e-03
-2.6918203973760719e-03
-2.6029059396552208e-03
-2.5511219303612242e-03
-2.4858217120234723e-03
-2.4354628850263346e-03
-2.4086200368959088e-03
-2.3678593139022340e-03
-2.3294659272833076e-03
-2.3096952609435381e-03
-2.2798674874900306e-03
-2.2454981756892642e-03
-2.2277034771848499e-03
-2.2041285572044988e-03
-2.1716663001947857e-03
-2.1546130317305458e-03
-2.1353658992707249e-03
-2.1043474616000012e-03
-2.0878555259449491e-03
-2.0718521715159129e-03
-2.0422360660466085e-03
-2.0263768927298986e-03
-2.0128381604317728e-03
-1.9846710317262435e-03
-1.9695570086056963e-03
-1.9578538286815586e-03
-1.9311900047127735e-03
-1.9169264837386795e-03
-1.9065313697540964e-03
-1.8814147867071264e-03
-1.8680902435778261e-03
-1.8585556782860461e-03
-1.8350181232528221e-03
-1.8227046168540822e-03
-1.8136500935367554e-03
-1.7917117093237654e-03
-1.7804662551774155e-03
-1.7715680657899881e-03
-1.7512393486039607e-03
-1.7411064030071442e-03
-1.7320898574115097e-03
-1.7133733541338488e-03
-1.7043868745040516e-03
-1.6950199253232205e-03
-1.6779126331611504e-03
-1.6700987108223765e-03
-1.6601864093212548e-03
-1.6446799841430316e-03
-1.6380572683953210e-03
-1.6274378276705354e-03
-1.6135208012890089e-03
-1.6081027771716737e-03
-1.5966473252239050e-03
-1.5843055221944667e-03
-1.5801010006058079e-03
-1.5676985497323308e-03
-1.5569148184449040e-03
-1.5539277696089238e-03
-1.5404874863479839e-03
-1.5312424680380941e-03
-1.5294729117619622e-03
-1.5149204513592728e-03
-1.5071917811621263e-03
-1.5041653911710298e-03
-1.4909132708594401e-03
-1.4846762679911127e-03
-1.4798939584560128e-03
-1.4683854799257385e-03
-1.4636136255948616e-03
-1.4570694026733969e-03
-1.4472614026601357e-03
-1.4439266312645219e-03
-1.4356293651129337e-03
-1.4274792267969486e-03
-1.4255530991794435e-03
-1.4155118886631521e-03
-1.4089775836952059e-03
-1.4074830543284343e-03
-1.3966595171422810e-03
-1.3917001736615013e-03
-1.3880941466777733e-03
-1.3790235474409082e-03
-1.3756008534772585e-03
-1.3699293839835825e-03
-1.3625669216874119e-03
-1.3606516446596128e-03
-1.3529859889073615e-03
-1.3473135960562893e-03
-1.3465108825072545e-03
-1.3373945150237016e-03
-1.3335013793911478e-03
-1.3307382608378935e-03
-1.3238654102677018e-03
-1.3223863872445980e-03
-1.3188484379678819e-03
-1.3158983301905830e-03
-1.3194944797065289e-03
-1.3194805328091473e-03
-1.3270123936809175e-03
-1.3435182934317010e-03
-1.3650106578074256e-03
-1.4065697106354156e-03
-1.4699487642840816e-03
-1.5668320773827664e-03
-1.7194722655048641e-03
-1.9419817984438117e-03
-2.2757603217084645e-03
-2.7677128647912424e-03
-3.4763956158956784e-03
-4.5006277831796809e-03
-5.9567056595091024e-03
-8.0091943395840769e-03
-1.0880104648986888e-02
-1.4844925297601610e-02
-2.0280151384155919e-02
-2.7654755486673937e-02
-3.7558112747161428e-02
-5.0734834279982419e-02
-6.8083376018729352e-02
-9.0696881668900858e-02
-1.1987041324664208e-01
-1.5710353359760365e-01
-2.0411886075156779e-01
-2.6282758530248951e-01
-3.3530496184078212e-01
-4.2373302125047552e-01
-5.3031529692134982e-01
-6.5716167473604536e-01
-8.0615326877704707e-01
-9.7869727677892171e-01
-1.1754508883128743e+00
-1.3966870473118025e+00
-1.6414913497330867e+00
-1.9071800919351762e+00
-2.1912278852550755e+00
-2.4880592879686168e+00
-2.7926503134806002e+00
-3.0981515113611096e+00
-3.3970310802997408e+00
-3.6816757010631513e+00
-3.9445152723405101e+00
-4.1786845218301822e+00
-4.3783226311614580e+00
-4.5387939455265638e+00
-4.6559093463866574e+00
-4.7287979699108673e+00
-4.7560369896715136e+00
-4.7392357181518694e+00
-4.6804651321809274e+00
-4.5822315212055944e+00
0.0000000000000000e+00
2.4055929233035767e-01
0.0000000000000000e+00
0.0000000000000000e+00
];
