%Vec Object:sol 1 MPI processes
%  type: mpi
sol = [
0.0000000000000000e+00
-6.1355999268810786e+00
-5.8245600960110551e+00
-5.5335172472757552e+00
-5.2640930356749625e+00
-5.0079767273563602e+00
-4.7662510590708598e+00
-4.5400646841917522e+00
-4.3227936261163995e+00
-4.1177147071154909e+00
-3.9228650710010320e+00
-3.7357605813909345e+00
-3.5588935854337622e+00
-3.3876813732373208e+00
-3.2252307007609198e+00
-3.0688252059863630e+00
-2.9192255177464355e+00
-2.7752795653078666e+00
-2.6375112195765875e+00
-2.5047480967000606e+00
-2.3775990060469425e+00
-2.2549620029350708e+00
-2.1378733689096734e+00
-2.0244361622800002e+00
-1.9160649276051087e+00
-1.8119951224151507e+00
-1.7118032688262053e+00
-1.6160486046902420e+00
-1.5240924599091317e+00
-1.4358458255940432e+00
-1.3515540637618331e+00
-1.2709909580653957e+00
-1.1936887356966743e+00
-1.1199892948965797e+00
-1.0498042878087090e+00
-9.8290943884365356e-01
-9.1901683745856311e-01
-8.5833752796448781e-01
-8.0075481821608752e-01
-7.4615892338295076e-01
-6.9445530343091733e-01
-6.4540215342458518e-01
-5.9905421124067904e-01
-5.5534009724269284e-01
-5.1415796492661370e-01
-4.7541944274046682e-01
-4.3903056423437331e-01
-4.0488176946623922e-01
-3.7289858165142137e-01
-3.4297414776302237e-01
-3.1497819582700909e-01
-2.8888631018609495e-01
-2.6461111011560912e-01
-2.4203847171322343e-01
-2.2109931043707232e-01
-2.0171513799287200e-01
-1.8377846211232568e-01
-1.6721888967047649e-01
-1.5196849705820947e-01
-1.3792877969234757e-01
-1.2502882888253367e-01
-1.1321218482559847e-01
-1.0239082764920258e-01
-9.2494806132843360e-02
-8.3479387617340514e-02
-7.5267735779207645e-02
-6.7792524959061976e-02
-6.1020415078934187e-02
-5.4885702203681809e-02
-4.9325279765226292e-02
-4.4316322837519420e-02
-3.9803658466598092e-02
-3.5729594438410804e-02
-3.2080599919536920e-02
-2.8811020708302541e-02
-2.5869349248273256e-02
-2.3249910263143121e-02
-2.0915290226429049e-02
-1.8820562127537604e-02
-1.6966372237178902e-02
-1.5322139825510091e-02
-1.3849628996508944e-02
-1.2554284375553596e-02
-1.1410936487991024e-02
-1.0387964187002880e-02
-9.4941834971764422e-03
-8.7084922043657326e-03
-8.0057117879663228e-03
-7.3967596152378435e-03
-6.8633991447512145e-03
-6.3867008541721006e-03
-5.9786093741261252e-03
-5.6227365435668683e-03
-5.3062428321154331e-03
-5.0412425542263294e-03
-4.8123859364324765e-03
-4.6128382823782217e-03
-4.4542526480127308e-03
-4.3217289476348000e-03
-4.2144519120106685e-03
-4.1432118474349789e-03
-4.0932002738605896e-03
-4.0697497770748664e-03
-4.0826218098308723e-03
-4.1169663488867811e-03
-4.1845469583476676e-03
-4.2941585786348373e-03
-4.4310170625922454e-03
-4.6137587416962157e-03
-4.8505167065340960e-03
-5.1269315591564437e-03
-5.4691287770820777e-03
-5.8826929583349662e-03
-6.3616505677268603e-03
-6.9330759805049554e-03
-7.6028071533541849e-03
-8.3755503387335697e-03
-9.2789110637403090e-03
-1.0320571938667804e-02
-1.1516948590064486e-02
-1.2897442693444932e-02
-1.4472936730165630e-02
-1.6272712509530704e-02
-1.8329421489390884e-02
-2.0658687234402468e-02
-2.3303842775366037e-02
-2.6301439213974587e-02
-2.9676147342800652e-02
-3.3483685410872377e-02
-3.7764628870355324e-02
-4.2560970697239027e-02
-4.7934622167194588e-02
-5.3933936609598609e-02
-6.0616063821898818e-02
-6.8050397015140637e-02
-7.6294446854452913e-02
-8.5424097265650645e-02
-9.5514274766120330e-02
-1.0663047663109879e-01
-1.1886147776909385e-01
-1.3228497269233580e-01
-1.4697990403042818e-01
-1.6303650638756298e-01
-1.8053479816943030e-01
-1.9956065480582283e-01
-2.2020064151245899e-01
-2.4253164142535150e-01
-2.6663702768219133e-01
-2.9259162649767123e-01
-3.2046354750840850e-01
-3.5031907479589358e-01
-3.8221380986426123e-01
-4.1619507201777378e-01
-4.5228841522702490e-01
-4.9046362668665688e-01
-5.3078297972654287e-01
-5.7324206151129820e-01
-6.1782426344266150e-01
-6.6448854382836653e-01
-7.1318542439837007e-01
-7.6377576308666018e-01
-8.1610371009602267e-01
-8.7016596090194631e-01
-9.2582236031717169e-01
-9.8292721433832453e-01
-1.0410675614977523e+00
-1.1002348500652976e+00
-1.1602708496208167e+00
-1.2207901968295396e+00
-1.2814721664972117e+00
-1.3423146538980333e+00
-1.4027869710659164e+00
-1.4626645539225696e+00
-1.5218908788519760e+00
-1.5796526013182530e+00
-1.6362664609087172e+00
-1.6909351104658097e+00
-1.7438072380484524e+00
-1.7942376341968846e+00
-1.8423689680468616e+00
-1.8875040347649146e+00
-1.9299248711151169e+00
-1.9689504033984824e+00
-2.0047602765599581e+00
-2.0371576713581270e+00
-2.0657464311634333e+00
-2.0907767717054271e+00
-2.1120465866870148e+00
-2.1293155177034548e+00
-2.1428180743279133e+00
-2.1525567666847256e+00
-2.1582802098331899e+00
-2.1602045437617243e+00
-2.1584848848646025e+00
-2.1531506725599510e+00
-2.1441249498543313e+00
-2.1316645658949618e+00
-2.1159368525657380e+00
-2.0971076885571533e+00
0.0000000000000000e+00
2.4055929233035767e-01
0.0000000000000000e+00
0.0000000000000000e+00
];
