%Vec Object:sol 1 MPI processes
%  type: mpi
sol = [
0.0000000000000000e+00
-6.4125217354142180e+01
-3.9741688744886815e+01
-2.6409390050809698e+01
-1.7720972586150118e+01
-1.1660645216195144e+01
-7.3995761479962328e+00
-4.4822282388776440e+00
-2.5750506774957733e+00
-1.3980084621771900e+00
-7.1609558013181884e-01
-3.4621784161091540e-01
-1.5835291600074308e-01
-6.8922845534225910e-02
-2.8889588377662655e-02
-1.1987642735165874e-02
-5.2822248037111578e-03
-2.7723748168062890e-03
-1.8192792843802494e-03
-1.5035200271705622e-03
-1.4348558452918863e-03
-1.3592019224029580e-03
-1.3315728518697677e-03
-1.3471306468476863e-03
-1.3286364490185092e-03
-1.3020100913926007e-03
-1.3095167713996125e-03
-1.3129101463703146e-03
-1.2801742182727703e-03
-1.2791805629657831e-03
-1.2994062751205411e-03
-1.2621286698655436e-03
-1.2545543824987520e-03
-1.2756238388858547e-03
-1.2475875861285245e-03
-1.2347810063479266e-03
-1.2486931323039418e-03
-1.2354204335397261e-03
-1.2182570722166245e-03
-1.2260635027808798e-03
-1.2243700410035953e-03
-1.2036981529554391e-03
-1.2064716548629514e-03
-1.2139547268612218e-03
-1.1906965365543244e-03
-1.1895342636499054e-03
-1.2043199917674088e-03
-1.1793528506833279e-03
-1.1752256382804816e-03
-1.1913037087570694e-03
-1.1697123064287908e-03
-1.1632936546530049e-03
-1.1758916262840028e-03
-1.1613356577882584e-03
-1.1530576898006089e-03
-1.1626939946625520e-03
-1.1536154431559503e-03
-1.1438758888577081e-03
-1.1510615077081033e-03
-1.1462284713016102e-03
-1.1354397330617097e-03
-1.1406737107359638e-03
-1.1390983900976277e-03
-1.1276380541306681e-03
-1.1313635052752527e-03
-1.1322227839258910e-03
-1.1204123458880570e-03
-1.1230080990599625e-03
-1.1255975045461161e-03
-1.1137072934632617e-03
-1.1154960310231468e-03
-1.1192201229417787e-03
-1.1074759712457489e-03
-1.1087315711380413e-03
-1.1130868157699918e-03
-1.1016769223013618e-03
-1.1026317950775131e-03
-1.1071928190870262e-03
-1.0962731380222837e-03
-1.0971240177961058e-03
-1.1015319122900352e-03
-1.0912312188870834e-03
-1.0921445291078868e-03
-1.0960972286649816e-03
-1.0865211335159091e-03
-1.0876372725393312e-03
-1.0908812138168305e-03
-1.0821155516956313e-03
-1.0835525135526199e-03
-1.0858756241648698e-03
-1.0779896238866926e-03
-1.0798463795676262e-03
-1.0810723713589379e-03
-1.0741213084037079e-03
-1.0764806471252940e-03
-1.0764635287226481e-03
-1.0704895737109880e-03
-1.0734191612400800e-03
-1.0720399475583268e-03
-1.0670754486909191e-03
-1.0706316285494970e-03
-1.0677999891483406e-03
-1.0638708772162991e-03
-1.0681045070990312e-03
-1.0637526270016160e-03
-1.0608924286309833e-03
-1.0658675034860767e-03
-1.0599732471415926e-03
-1.0582418775052923e-03
-1.0640438736502075e-03
-1.0566148521565231e-03
-1.0560599545900232e-03
-1.0602019112511938e-03
-1.0537355107848405e-03
-1.0543301988149437e-03
-1.0562816324303265e-03
-1.0512032452995354e-03
-1.0528920440744563e-03
-1.0526279830815272e-03
-1.0488865674808483e-03
-1.0516498420685316e-03
-1.0492065454313321e-03
-1.0468011098742310e-03
-1.0506678647806383e-03
-1.0461256428415510e-03
-1.0450885257295103e-03
-1.0491303016920233e-03
-1.0435343021439334e-03
-1.0438604502389390e-03
-1.0454830415316456e-03
-1.0414148460199005e-03
-1.0430322051002284e-03
-1.0422465591776798e-03
-1.0396310218733708e-03
-1.0424974312445779e-03
-1.0393839112217444e-03
-1.0382189185239540e-03
-1.0419380722569694e-03
-1.0370243154924701e-03
-1.0373087916598735e-03
-1.0385345599045910e-03
-1.0351984300078910e-03
-1.0368645089522093e-03
-1.0356398924985348e-03
-1.0338130068015536e-03
-1.0368201783566458e-03
-1.0332394979315337e-03
-1.0329030137320788e-03
-1.0348587231900780e-03
-1.0313896703106173e-03
-1.0325021494019537e-03
-1.0319783699362594e-03
-1.0300629328708259e-03
-1.0325756683411296e-03
-1.0296635750606474e-03
-1.0292630675935732e-03
-1.0310658660366017e-03
-1.0279332570182589e-03
-1.0290053070886791e-03
-1.0283473746257679e-03
-1.0267788488573842e-03
-1.0292806907644719e-03
-1.0262591472899013e-03
-1.0262134246864292e-03
-1.0272439899989456e-03
-1.0248010023717075e-03
-1.0262248994478997e-03
-1.0248456456637231e-03
-1.0239492474078237e-03
-1.0261828007425734e-03
-1.0231119946403518e-03
-1.0237261873867374e-03
-1.0235500131420029e-03
-1.0220585380816536e-03
-1.0241437821246248e-03
-1.0216828065623431e-03
-1.0218648261253636e-03
-1.0231138749494787e-03
-1.0235211083929707e-03
-1.0334760959278652e-03
-1.0614531826149980e-03
-1.1603845578576626e-03
-1.4782345457718224e-03
-2.4358783963207794e-03
-5.1938293368171545e-03
-1.2677688471512493e-02
-3.1826919816421786e-02
-7.7833596609266364e-02
-1.8118401352784913e-01
-3.9718751549133086e-01
-8.1432989254846966e-01
-1.5518638287672659e+00
-2.7319516893462774e+00
-4.4114812296365384e+00
-6.4919649473511569e+00
-8.6665003109575611e+00
-1.0481208735110330e+01
-1.1513632507352783e+01
-1.1552064683820120e+01
0.0000000000000000e+00
1.3464638167935297e-01
0.0000000000000000e+00
0.0000000000000000e+00
];
