%Vec Object:sol 1 MPI processes
%  type: mpi
sol = [
0.0000000000000000e+00
-6.6366482556247233e+00
-6.2766694816168167e+00
-5.9389054835066561e+00
-5.6264152133159548e+00
-5.3354725791664137e+00
-5.0573794387774056e+00
-4.7967847568505526e+00
-4.5524191806640486e+00
-4.3181990888821851e+00
-4.0964360936342255e+00
-3.8871683683441050e+00
-3.6851831664544630e+00
-3.4939375828738664e+00
-3.3108631515762443e+00
-3.1358377810069276e+00
-2.9687587435463114e+00
-2.8080548195160748e+00
-2.6550853778438182e+00
-2.5077296671584963e+00
-2.3671218276075794e+00
-2.2322025935690260e+00
-2.1031594406021532e+00
-1.9797450593380157e+00
-1.8613779281997178e+00
-1.7486783982081797e+00
-1.6406097391018557e+00
-1.5375032199686662e+00
-1.4394538709424858e+00
-1.3457462669875428e+00
-1.2565157987624560e+00
-1.1718691008285307e+00
-1.0915723159346387e+00
-1.0151035182540027e+00
-9.4278279343416804e-01
-8.7443802001247661e-01
-8.0992339594292473e-01
-7.4908932424235852e-01
-6.9166148614029355e-01
-6.3770549231995866e-01
-5.8708574386300949e-01
-5.3966843275166609e-01
-4.9532674166797697e-01
-4.5392781340804544e-01
-4.1533279334185574e-01
-3.7940419482682025e-01
-3.4600874094950568e-01
-3.1504199866685906e-01
-2.8640479794763640e-01
-2.5997448950235641e-01
-2.3559706045588130e-01
-2.1318330026590906e-01
-1.9262018183202781e-01
-1.7376390674325104e-01
-1.5652674247279572e-01
-1.4081071491486827e-01
-1.2648586640258672e-01
-1.1346674769727483e-01
-1.0167212781891424e-01
-9.0988044132268409e-02
-8.1332968344389300e-02
-7.2642884696217006e-02
-6.4820656681889036e-02
-5.7790283907545335e-02
-5.1504404447863437e-02
-4.5882375387714142e-02
-4.0854945861005978e-02
-3.6390004818649228e-02
-3.2422142345624377e-02
-2.8889617521617825e-02
-2.5773561640831787e-02
-2.3021959167487799e-02
-2.0580800421415222e-02
-1.8442165377324075e-02
-1.6565287002753046e-02
-1.4903708417948575e-02
-1.3458101020099505e-02
-1.2196722900594145e-02
-1.1080251748427737e-02
-1.0115702707629770e-02
-9.2782325285983517e-03
-8.5351388249013029e-03
-7.8977584816274891e-03
-7.3462321570249116e-03
-6.8539731133746163e-03
-6.4349084594519856e-03
-6.0725215675633167e-03
-5.7459154275755452e-03
-5.4701873015193811e-03
-5.2308153630570087e-03
-5.0122781913165739e-03
-4.8297262115097762e-03
-4.6695694737192575e-03
-4.5214693255317042e-03
-4.3997891092961584e-03
-4.2910683417285191e-03
-4.1900748444499356e-03
-4.1097908709163541e-03
-4.0363175220103544e-03
-3.9695590622203895e-03
-3.9207401314856564e-03
-3.8751695454232117e-03
-3.8380122143437017e-03
-3.8185613592678484e-03
-3.8011693915188916e-03
-3.7965066844254918e-03
-3.8119478527754293e-03
-3.8309226322300808e-03
-3.8699765314529001e-03
-3.9347813354847373e-03
-4.0080922870011802e-03
-4.1128549962412032e-03
-4.2510307957610597e-03
-4.4125625290630322e-03
-4.6201486731727547e-03
-4.8747348386578848e-03
-5.1756843858291662e-03
-5.5449713619310009e-03
-5.9840674162063246e-03
-6.5028290558938736e-03
-7.1238228293886447e-03
-7.8504825681172015e-03
-8.7045427986816668e-03
-9.7108636031651204e-03
-1.0876675360561298e-02
-1.2237305110364064e-02
-1.3821060951116002e-02
-1.5643960549048538e-02
-1.7754121146557219e-02
-2.0184236793006696e-02
-2.2968776533690647e-02
-2.6163541897772209e-02
-2.9810761125429741e-02
-3.3965307520736794e-02
-3.8692089018006012e-02
-4.4045021477536382e-02
-5.0101543868225767e-02
-5.6939142910614665e-02
-6.4626808421586648e-02
-7.3262049800210866e-02
-8.2932587688911236e-02
-9.3730485723988122e-02
-1.0576446743221191e-01
-1.1913461898285505e-01
-1.3395235332594926e-01
-1.5033449132774318e-01
-1.6838971556838636e-01
-1.8824125702388955e-01
-2.1000628800877846e-01
-2.3379810021687999e-01
-2.5973581069275797e-01
-2.8792798988255025e-01
-3.1847952448290912e-01
-3.5148905318634072e-01
-3.8704310257911817e-01
-4.2521784903602139e-01
-4.6607469061825857e-01
-5.0958271407163913e-01
-5.5582279622495456e-01
-6.0480246263948167e-01
-6.5650176047299547e-01
-7.1087358587520433e-01
-7.6785606960702379e-01
-8.2723279364338465e-01
-8.8887754448843659e-01
-9.5271619095367410e-01
-1.0185537665869584e+00
-1.0860705676833835e+00
-1.1549027566366130e+00
-1.2249697192214994e+00
-1.2959411518722215e+00
-1.3671357972643325e+00
-1.4386042027023069e+00
-1.5097494022622848e+00
-1.5801322165234510e+00
-1.6496248029123251e+00
-1.7173536362561612e+00
-1.7834766533052437e+00
-1.8470097042934890e+00
-1.9081249449769195e+00
-1.9660178898320282e+00
-2.0206331873403633e+00
-2.0716171784732351e+00
-2.1184627479442510e+00
-2.1612498019887916e+00
-2.1995731928529403e+00
-2.2331490967627365e+00
-2.2620778691911227e+00
-2.2862570228800490e+00
-2.3052841096143859e+00
-2.3193966585240942e+00
-2.3286266802982531e+00
-2.3329853064916497e+00
-2.3325225252342818e+00
-2.3271701207975757e+00
-2.3172731420103894e+00
-2.3029648882521587e+00
-2.2844050472423456e+00
-2.2618188197286808e+00
0.0000000000000000e+00
2.4055929233035767e-01
0.0000000000000000e+00
0.0000000000000000e+00
];
