%Vec Object:sol 1 MPI processes
%  type: mpi
sol = [
0.0000000000000000e+00
-8.5037169084796762e+00
-7.9238683851415344e+00
-7.3924588998892373e+00
-6.9035528834819404e+00
-6.4497973880360382e+00
-6.0266907406062344e+00
-5.6320180755939191e+00
-5.2631078525675905e+00
-4.9167327328684038e+00
-4.5908347104229792e+00
-4.2826808890436459e+00
-3.9912651544511344e+00
-3.7162862592846846e+00
-3.4563267881718107e+00
-3.2094769122883480e+00
-2.9766542523693409e+00
-2.7558259564843630e+00
-2.5475490152980185e+00
-2.3506377656291084e+00
-2.1649205744689168e+00
-1.9898999665051618e+00
-1.8256121560227043e+00
-1.6707944067012395e+00
-1.5260732963317238e+00
-1.3907434883002776e+00
-1.2641826189066629e+00
-1.1465066057832747e+00
-1.0373270208528758e+00
-9.3602966327688031e-01
-8.4238200230691496e-01
-7.5616307482419032e-01
-6.7697909629639585e-01
-6.0446275783128600e-01
-5.3823626157780102e-01
-4.7786284115612454e-01
-4.2306699997415803e-01
-3.7349570977785346e-01
-3.2880079376556487e-01
-2.8864685747800811e-01
-2.5267651072388747e-01
-2.2055582853109365e-01
-1.9199362688904101e-01
-1.6667449640947232e-01
-1.4428352606607295e-01
-1.2458426866946386e-01
-1.0731385072036646e-01
-9.2184397361079029e-02
-7.9018273806870723e-02
-6.7605381700520731e-02
-5.7701559259347501e-02
-4.9174670572413641e-02
-4.1865988060241742e-02
-3.5586128414311906e-02
-3.0232208370161658e-02
-2.5695337560185612e-02
-2.1834364993512784e-02
-1.8570980780544050e-02
-1.5837542109728618e-02
-1.3532463936836750e-02
-1.1596545203439735e-02
-9.9940935025514127e-03
-8.6540951599206259e-03
-7.5311528389868541e-03
-6.6128688102693916e-03
-5.8506371089497907e-03
-5.2084048073217518e-03
-4.6897749105946985e-03
-4.2617887362331455e-03
-3.8944414395736694e-03
-3.6016262162395008e-03
-3.3608233168037293e-03
-3.1459059211231492e-03
-2.9768567867247886e-03
-2.8377925005130043e-03
-2.7052477990318000e-03
-2.6023439831016413e-03
-2.5171661547180682e-03
-2.4284031521745637e-03
-2.3603122442095743e-03
-2.3031239078371252e-03
-2.2376441054761955e-03
-2.1879353503482936e-03
-2.1451411396211728e-03
-2.0924219769254911e-03
-2.0527683672575091e-03
-2.0173996064605502e-03
-1.9722017675299183e-03
-1.9385104988120371e-03
-1.9070401660062019e-03
-1.8668152336908841e-03
-1.8371216430293829e-03
-1.8077531435968083e-03
-1.7712739991611664e-03
-1.7446450522287068e-03
-1.7164304045802954e-03
-1.6830963182547711e-03
-1.6590823185142645e-03
-1.6314875236569974e-03
-1.6009904531997616e-03
-1.5793673491814929e-03
-1.5520731598420167e-03
-1.5242482072659136e-03
-1.5049079575369703e-03
-1.4777175656210471e-03
-1.4524935794577717e-03
-1.4354197942942919e-03
-1.4082604937437583e-03
-1.3856838184775502e-03
-1.3710010882758653e-03
-1.3439980975031684e-03
-1.3243438019649276e-03
-1.3100014188558772e-03
-1.2861557149726572e-03
-1.2702019107659495e-03
-1.2567810459533102e-03
-1.2379768739612903e-03
-1.2276024446052814e-03
-1.2175996686048531e-03
-1.2070626783468703e-03
-1.2064854083530189e-03
-1.2053977912424379e-03
-1.2101467629333797e-03
-1.2283821399513616e-03
-1.2477529080758870e-03
-1.2823913344546000e-03
-1.3369794804733634e-03
-1.4010878535350958e-03
-1.4948081774681140e-03
-1.6197063121122953e-03
-1.7764676298052914e-03
-1.9854084220248154e-03
-2.2499199271687094e-03
-2.5842912871943493e-03
-3.0122970650572917e-03
-3.5428950892473811e-03
-4.2079593748941624e-03
-5.0392500112105120e-03
-6.0581196110476776e-03
-7.3187669952477930e-03
-8.8652304203197026e-03
-1.0748731206637514e-02
-1.3044409223201429e-02
-1.5821425379163010e-02
-1.9170512564139593e-02
-2.3198572625573195e-02
-2.8011410766831498e-02
-3.3750320773475097e-02
-4.0563790248961298e-02
-4.8611850179748846e-02
-5.8088710967472867e-02
-6.9197298445406730e-02
-8.2164985346393771e-02
-9.7244192588135145e-02
-1.1469557285982539e-01
-1.3481199683951409e-01
-1.5789780457766031e-01
-1.8426835809612568e-01
-2.1426003559726567e-01
-2.4820867413819059e-01
-2.8645473384309078e-01
-3.2933530200125022e-01
-3.7717231750518532e-01
-4.3026901809512319e-01
-4.8889757740992168e-01
-5.5329079973591089e-01
-6.2360830266254119e-01
-6.9985735226837853e-01
-7.8216362486585067e-01
-8.7047507180655115e-01
-9.6466056893142849e-01
-1.0643828518282910e+00
-1.1690888078811981e+00
-1.2785314175724134e+00
-1.3921104826900663e+00
-1.5086363869416803e+00
-1.6277739076389381e+00
-1.7482322931115515e+00
-1.8691177196104654e+00
-1.9892321131694941e+00
-2.1075591887795877e+00
-2.2226584046100291e+00
-2.3337826646945885e+00
-2.4393384210613434e+00
-2.5384307676028492e+00
-2.6302210293854973e+00
-2.7137182768718500e+00
-2.7879699192630807e+00
-2.8523421867438112e+00
-2.9064248984354868e+00
-2.9498467588913719e+00
-2.9823366200171089e+00
-3.0037742481604854e+00
-3.0142424459205124e+00
-3.0138503863305415e+00
-3.0029187459444344e+00
-2.9818156128405233e+00
-2.9509993687966585e+00
-2.9110637031223430e+00
0.0000000000000000e+00
2.4055929233035767e-01
0.0000000000000000e+00
0.0000000000000000e+00
];
