%Vec Object:sol 1 MPI processes
%  type: mpi
sol = [
0.0000000000000000e+00
-7.0778613204694096e+00
-6.6720588047483425e+00
-6.2907847953910636e+00
-5.9384209810383775e+00
-5.6108473125611855e+00
-5.3041884644836461e+00
-5.0120321032761277e+00
-4.7384148669496069e+00
-4.4807204865624080e+00
-4.2347176590737616e+00
-4.0015630571400616e+00
-3.7809585237548826e+00
-3.5692539349408219e+00
-3.3682117747160789e+00
-3.1767799676090211e+00
-2.9931320630231166e+00
-2.8187943196247094e+00
-2.6512234895856830e+00
-2.4922532841530067e+00
-2.3393397884873335e+00
-2.1943466213316354e+00
-2.0554033602900961e+00
-1.9231603468706124e+00
-1.7972953199579733e+00
-1.6771848669651455e+00
-1.5632589992016006e+00
-1.4549080044727989e+00
-1.3520096537867887e+00
-1.2546648242108260e+00
-1.1626387174556894e+00
-1.0754157808998628e+00
-9.9322253700639274e-01
-9.1586915101060729e-01
-8.4319387210923602e-01
-7.7488351888509488e-01
-7.1080793849960167e-01
-6.5091729281695920e-01
-5.9503464748931889e-01
-5.4298855351476483e-01
-4.9460235109871015e-01
-4.4970415436715333e-01
-4.0811494875617171e-01
-3.6964242483989140e-01
-3.3416562378024917e-01
-3.0154110903191733e-01
-2.7160473598457441e-01
-2.4416646902644312e-01
-2.1910408538743473e-01
-1.9626665024965653e-01
-1.7546837567879636e-01
-1.5660164728572062e-01
-1.3953223242420443e-01
-1.2409326744831636e-01
-1.1018312879481523e-01
-9.7690276609008156e-02
-8.6470011815468220e-02
-7.6428236626866111e-02
-6.7477039419658769e-02
-5.9494987905272086e-02
-5.2396953740919440e-02
-4.6117863500945752e-02
-4.0558891047810540e-02
-3.5644660702954453e-02
-3.1330865952615368e-02
-2.7539308041612129e-02
-2.4204438250576200e-02
-2.1299809453405753e-02
-1.8765031931877434e-02
-1.6543926108588073e-02
-1.4624584573004223e-02
-1.2961264543425544e-02
-1.1506306597350515e-02
-1.0259021656504511e-02
-9.1851609138780752e-03
-8.2445869519488183e-03
-7.4447595925870675e-03
-6.7600227634818785e-03
-6.1568002395312191e-03
-5.6480344082771843e-03
-5.2141503245141012e-03
-4.8273264304678756e-03
-4.5037848388580501e-03
-4.2279607398858820e-03
-3.9771863259887644e-03
-3.7692203233148829e-03
-3.5908678095557161e-03
-3.4242232762867336e-03
-3.2872528243613071e-03
-3.1678753682672037e-03
-3.0527397114422667e-03
-2.9590395871448142e-03
-2.8748738968575713e-03
-2.7913829502430316e-03
-2.7242894387914888e-03
-2.6611968052579018e-03
-2.5977798283552409e-03
-2.5478133262892238e-03
-2.4979358383705121e-03
-2.4484722197791377e-03
-2.4109473662169353e-03
-2.3707343332045150e-03
-2.3329700812212435e-03
-2.3067767401937053e-03
-2.2760960290402182e-03
-2.2511036260145496e-03
-2.2384933371918346e-03
-2.2207469241483533e-03
-2.2133714245889920e-03
-2.2207483062373057e-03
-2.2240233056724920e-03
-2.2444263787614804e-03
-2.2818505831129032e-03
-2.3238179635564327e-03
-2.3904237753418558e-03
-2.4795663859000362e-03
-2.5871758426121044e-03
-2.7315136133043440e-03
-2.9097975412304667e-03
-3.1272353675642606e-03
-3.4013651772365635e-03
-3.7299566952566665e-03
-4.1287388035353293e-03
-4.6160975175604116e-03
-5.1920813103075109e-03
-5.8846729071393581e-03
-6.7142847413372885e-03
-7.6883729947286828e-03
-8.8466322204555602e-03
-1.0212715244995526e-02
-1.1811787780694524e-02
-1.3690688298388780e-02
-1.5882236738159073e-02
-1.8432362251199295e-02
-2.1398658177985808e-02
-2.4826909774609846e-02
-2.8787036066227286e-02
-3.3350776887047788e-02
-3.8581895646906811e-02
-4.4575966186876134e-02
-5.1419402975419706e-02
-5.9203178876978652e-02
-6.8043292411410439e-02
-7.8046716503190575e-02
-8.9336269508393157e-02
-1.0204448288177279e-01
-1.1629815720067858e-01
-1.3224580986437293e-01
-1.5003352790587099e-01
-1.6980764193281242e-01
-1.9172823997398009e-01
-2.1594764317640150e-01
-2.4262087114626235e-01
-2.7190277199481994e-01
-3.0393775034137865e-01
-3.3886766260000190e-01
-3.7682142744624875e-01
-4.1791404484667094e-01
-4.6224372981010137e-01
-5.0988941891699846e-01
-5.6081347856896191e-01
-6.1510514795928095e-01
-6.7276527112877549e-01
-7.3374823856883542e-01
-7.9798046128632505e-01
-8.6533522319387579e-01
-9.3543974971369070e-01
-1.0082922101608209e+00
-1.0836483485472745e+00
-1.1611512496927419e+00
-1.2402450512847556e+00
-1.3208332787892254e+00
-1.4024375005821834e+00
-1.4843032667689251e+00
-1.5663686201787383e+00
-1.6477411372776860e+00
-1.7281688770396180e+00
-1.8069337878402236e+00
-1.8836471376724790e+00
-1.9575988381894720e+00
-2.0285968729393398e+00
-2.0956669292289787e+00
-2.1588589758757211e+00
-2.2174580056578743e+00
-2.2710552228775818e+00
-2.3195821784957729e+00
-2.3626409612227981e+00
-2.3997243984877192e+00
-2.4310154261502865e+00
-2.4563195420688828e+00
-2.4755751583043000e+00
-2.4886599044447122e+00
-2.4955405991870401e+00
-2.4964848022210560e+00
-2.4915572335318625e+00
-2.4809438735419040e+00
-2.4648250655808366e+00
-2.4434152147396713e+00
-2.4170071634969674e+00
0.0000000000000000e+00
2.4055929233035767e-01
0.0000000000000000e+00
0.0000000000000000e+00
];
