%Vec Object:sol 1 MPI processes
%  type: mpi
sol = [
0.0000000000000000e+00
-8.7792182006829744e+00
-8.1620791389803760e+00
-7.5978052393156261e+00
-7.0796518097663412e+00
-6.6011309184180362e+00
-6.1562783035205282e+00
-5.7399671786839424e+00
-5.3512075627948317e+00
-4.9865739858414031e+00
-4.6438765073258876e+00
-4.3218334372590173e+00
-4.0170556659382646e+00
-3.7289172275721447e+00
-3.4575591628543298e+00
-3.2010680199384938e+00
-2.9583161147684671e+00
-2.7299931400733635e+00
-2.5137951533251983e+00
-2.3109668640333352e+00
-2.1193632519928722e+00
-1.9401653883361685e+00
-1.7716126935155632e+00
-1.6140790430884124e+00
-1.4672081596750244e+00
-1.3300409889888096e+00
-1.2027451736931762e+00
-1.0848806100081247e+00
-9.7583058910466980e-01
-8.7524892476154947e-01
-7.8288160686507402e-01
-6.9830533520373039e-01
-6.2108522848155112e-01
-5.5080692826912403e-01
-4.8693588126851273e-01
-4.2920103837134294e-01
-3.7719813642854505e-01
-3.3049846558932722e-01
-2.8871608417829814e-01
-2.5148117393630359e-01
-2.1840166488669999e-01
-1.8911413428828389e-01
-1.6330449849426448e-01
-1.4063538450365570e-01
-1.2077333600701390e-01
-1.0347066747955327e-01
-8.8454447296446873e-02
-7.5428724700840041e-02
-6.4214228276544924e-02
-5.4600018434157432e-02
-4.6342339177242085e-02
-3.9313742957975670e-02
-3.3360750410906449e-02
-2.8299880662117968e-02
-2.4036249429886219e-02
-2.0469322394698460e-02
-1.7466316635502941e-02
-1.4957983649538419e-02
-1.2885727215537879e-02
-1.1156596191353953e-02
-9.7199222800427899e-03
-8.5482232458875523e-03
-7.5780829263556466e-03
-6.7712398173196704e-03
-6.1219404193818315e-03
-5.5875872710893565e-03
-5.1375853162761633e-03
-4.7804650656852431e-03
-4.4876448676456800e-03
-4.2329990412634227e-03
-4.0338190475714521e-03
-3.8705626530949186e-03
-3.7196925997875084e-03
-3.6033886085725347e-03
-3.5076754946074991e-03
-3.4107244786684369e-03
-3.3369936395403759e-03
-3.2757278488185662e-03
-3.2066016730590450e-03
-3.1546380661536194e-03
-3.1107400477929110e-03
-3.0562834653389257e-03
-3.0157415309428480e-03
-2.9806327198937423e-03
-2.9344362996976095e-03
-2.9003457749384289e-03
-2.8697840998446302e-03
-2.8288113759564353e-03
-2.7988517082617580e-03
-2.7707300375734321e-03
-2.7335641126365598e-03
-2.7066690446041195e-03
-2.6799016427344643e-03
-2.6458747263202655e-03
-2.6215499745277080e-03
-2.5955321199696247e-03
-2.5643101671785399e-03
-2.5423125009444996e-03
-2.5166694268318906e-03
-2.4880653890961800e-03
-2.4682614659258793e-03
-2.4427403477726723e-03
-2.4166347126440106e-03
-2.3989437430674450e-03
-2.3733584778619548e-03
-2.3496735762709711e-03
-2.3340544598562667e-03
-2.3082870991582541e-03
-2.2869987714069493e-03
-2.2734746954818186e-03
-2.2475103966408620e-03
-2.2287039308439369e-03
-2.2149757996375815e-03
-2.1914776813438726e-03
-2.1754949660810212e-03
-2.1615783159476981e-03
-2.1416980274034381e-03
-2.1294783793976628e-03
-2.1166696608228811e-03
-2.1021075073953239e-03
-2.0959399376664664e-03
-2.0873091991881806e-03
-2.0820452432682361e-03
-2.0871598182455081e-03
-2.0895576214084327e-03
-2.1024085824931215e-03
-2.1292477472034930e-03
-2.1582859709739161e-03
-2.2079258131451202e-03
-2.2777509832758924e-03
-2.3660921318031701e-03
-2.4904571617913587e-03
-2.6509655321785377e-03
-2.8580800146910021e-03
-3.1311358427428397e-03
-3.4739887143881245e-03
-3.9126812467012405e-03
-4.4723643523805930e-03
-5.1669325784799080e-03
-6.0423110231722062e-03
-7.1333588399450313e-03
-8.4812428839967421e-03
-1.0150286864116181e-02
-1.2197980400265929e-02
-1.4702819090551014e-02
-1.7759022997795668e-02
-2.1458520374006428e-02
-2.5930047766878850e-02
-3.1309498097965197e-02
-3.7745617610160938e-02
-4.5423727764512659e-02
-5.4536674993903883e-02
-6.5305948146454892e-02
-7.7981619923413417e-02
-9.2825423164713705e-02
-1.1013715294569298e-01
-1.3023350530661459e-01
-1.5344842249776508e-01
-1.8014553574786438e-01
-2.1069500537991281e-01
-2.4548103944107935e-01
-2.8489407828560337e-01
-3.2931711809444320e-01
-3.7912560593295719e-01
-4.3467096480946993e-01
-4.9627176318279331e-01
-5.6419866893210080e-01
-6.3862569927802293e-01
-7.1961667646550631e-01
-8.0728850990698853e-01
-9.0159708241955150e-01
-1.0023674588591551e+00
-1.1091575693587779e+00
-1.2214851446899204e+00
-1.3389480875853930e+00
-1.4607041253743507e+00
-1.5856807987983235e+00
-1.7133189086144571e+00
-1.8418869478691107e+00
-1.9708541649481324e+00
-2.0982382493704161e+00
-2.2233722894358090e+00
-2.3443788069796163e+00
-2.4601787930447512e+00
-2.5696210731575930e+00
-2.6714000504040811e+00
-2.7641607669993951e+00
-2.8472574689149268e+00
-2.9198671530485787e+00
-2.9812504298338198e+00
-3.0309404701425477e+00
-3.0685902756959833e+00
-3.0940310039949273e+00
-3.1073247452248456e+00
-3.1085820391104111e+00
-3.0981495307705087e+00
-3.0764373441123527e+00
-3.0439622177508507e+00
-3.0013919613940327e+00
0.0000000000000000e+00
2.4055929233035767e-01
0.0000000000000000e+00
0.0000000000000000e+00
];
