%Vec Object:sol 1 MPI processes
%  type: mpi
sol = [
0.0000000000000000e+00
-6.4816032566370785e+00
-6.1371354135208716e+00
-5.8141642458752232e+00
-5.5152942509762024e+00
-5.2357746186346956e+00
-4.9686551537648977e+00
-4.7188775797150848e+00
-4.4837931395106736e+00
-4.2578843532642461e+00
-4.0449522233261188e+00
-3.8422002114910057e+00
-3.6480585694996637e+00
-3.4641136556374144e+00
-3.2863946718451320e+00
-3.1178721095572901e+00
-2.9555514596002004e+00
-2.8006105676458075e+00
-2.6518363495508033e+00
-2.5095240303598607e+00
-2.3725723339947051e+00
-2.2420041325518385e+00
-2.1160978196960198e+00
-1.9960488170152160e+00
-1.8805942330358523e+00
-1.7702602710585147e+00
-1.6649440593974350e+00
-1.5637191146628986e+00
-1.4673434880154557e+00
-1.3755289343638961e+00
-1.2875235308740065e+00
-1.2038782743726804e+00
-1.1243826880482153e+00
-1.0488235031409376e+00
-9.7688685251818863e-01
-9.0875306979659765e-01
-8.4428459187871274e-01
-7.8336481557763449e-01
-7.2583021701237327e-01
-6.7145228719207217e-01
-6.2028867022146117e-01
-5.7221651132569695e-01
-5.2711775477708167e-01
-4.8487144588894243e-01
-4.4535142844444625e-01
-4.0845366242051079e-01
-3.7404799398043898e-01
-3.4197108386451058e-01
-3.1218781727396638e-01
-2.8458536951018160e-01
-2.5902122303954395e-01
-2.3541279275676996e-01
-2.1365502590101643e-01
-1.9361312671842615e-01
-1.7520500211263090e-01
-1.5833843352991320e-01
-1.4288994520624321e-01
-1.2877831417417823e-01
-1.1592592250527020e-01
-1.0422292434059249e-01
-9.3590441047849526e-02
-8.3966157560117868e-02
-7.5255000885087159e-02
-6.7382114748916991e-02
-6.0300279683544657e-02
-5.3929280328874507e-02
-4.8199745055021871e-02
-4.3078559356717748e-02
-3.8499555308502617e-02
-3.4399941211219330e-02
-3.0759105346525425e-02
-2.7523519441335912e-02
-2.4637540666824820e-02
-2.2091127143223688e-02
-1.9841614918594944e-02
-1.7840641647993566e-02
-1.6086666370038080e-02
-1.4545954496479973e-02
-1.3177250185044462e-02
-1.1985471907014357e-02
-1.0943889389782522e-02
-1.0018008202591789e-02
-9.2173125032643383e-03
-8.5202839430275554e-03
-7.8987854657934058e-03
-7.3651988717279449e-03
-6.9016354852912982e-03
-6.4859344029624252e-03
-6.1319711857257706e-03
-5.8241531539808770e-03
-5.5459877458839133e-03
-5.3117141811422665e-03
-5.1069606687854097e-03
-4.9206950121490666e-03
-4.7666534864907063e-03
-4.6308599666852728e-03
-4.5076441712757521e-03
-4.4096186975736782e-03
-4.3226141265292435e-03
-4.2463340099743790e-03
-4.1918730862518213e-03
-4.1445042271049063e-03
-4.1094227517819446e-03
-4.0960291983346345e-03
-4.0888800231828355e-03
-4.0989169811134702e-03
-4.1338746922931994e-03
-4.1776507374739844e-03
-4.2473294786197551e-03
-4.3492287319826933e-03
-4.4668766383710789e-03
-4.6240650522633960e-03
-4.8237378475518723e-03
-5.0569600630987928e-03
-5.3476385708000071e-03
-5.6980912791320002e-03
-6.1091982872523284e-03
-6.6045515581468458e-03
-7.1874306992027069e-03
-7.8696288200870001e-03
-8.6757627860208231e-03
-9.6115261920544232e-03
-1.0700989427763638e-02
-1.1971467427703594e-02
-1.3432861024974777e-02
-1.5123128277620032e-02
-1.7073333382173705e-02
-1.9302420706409723e-02
-2.1861225291188242e-02
-2.4785293940209868e-02
-2.8111914863531144e-02
-3.1899394446455370e-02
-3.6192518274963996e-02
-4.1046996726820682e-02
-4.6530745189127372e-02
-5.2700208908733476e-02
-5.9632844723087240e-02
-6.7406479341861683e-02
-7.6090167472257192e-02
-8.5780017378767670e-02
-9.6561927102278303e-02
-1.0852519923675408e-01
-1.2177419911901682e-01
-1.3640407340284377e-01
-1.5251959699277651e-01
-1.7022942639976688e-01
-1.8963341670903916e-01
-2.1084342046584709e-01
-2.3396422744373502e-01
-2.5909561282276089e-01
-2.8634060534277128e-01
-3.1579125259467317e-01
-3.4753414125525456e-01
-3.8164803872002762e-01
-4.1819983144085005e-01
-4.5724314606466548e-01
-4.9874237445371450e-01
-5.4278093874498534e-01
-5.8935863230719543e-01
-6.3846134846582969e-01
-6.9004953996825646e-01
-7.4405779269864059e-01
-8.0032513340165878e-01
-8.5868900979040086e-01
-9.1910704465164872e-01
-9.8142325938649433e-01
-1.0453928649206516e+00
-1.1105762320727042e+00
-1.1769730872213193e+00
-1.2443231964844921e+00
-1.3120119601196278e+00
-1.3799778629283384e+00
-1.4479432954405280e+00
-1.5151427896785485e+00
-1.5817100576645802e+00
-1.6468961884280844e+00
-1.7106079851955267e+00
-1.7722785782703954e+00
-1.8317467488184551e+00
-1.8884467514845500e+00
-1.9423987640278064e+00
-1.9928285731111153e+00
-2.0399569748888808e+00
-2.0831895802499703e+00
-2.1224101250793952e+00
-2.1576299191215078e+00
-2.1883541152838113e+00
-2.2146241961268087e+00
-2.2364981450512400e+00
-2.2538206229015478e+00
-2.2663547731868210e+00
-2.2743864695347069e+00
-2.2779269306457937e+00
-2.2770653558284599e+00
-2.2716934939359805e+00
-2.2620512084987734e+00
-2.2483411292752877e+00
-2.2307057837582862e+00
-2.2093502237165392e+00
0.0000000000000000e+00
2.4055929233035767e-01
0.0000000000000000e+00
0.0000000000000000e+00
];
