%Vec Object:sol 1 MPI processes
%  type: mpi
sol = [
0.0000000000000000e+00
-9.1879858551844631e+00
-8.5135978215109187e+00
-7.8991603596324973e+00
-7.3365066275760160e+00
-6.8180298766583505e+00
-6.3374501469612756e+00
-5.8903906076220247e+00
-5.4735748228053760e+00
-5.0816227243668433e+00
-4.7135734686703739e+00
-4.3682674402479611e+00
-4.0435709767810932e+00
-3.7377282535533620e+00
-3.4485437063557089e+00
-3.1769549392350287e+00
-2.9212403740698840e+00
-2.6801374655319621e+00
-2.4544917860426798e+00
-2.2419076102429800e+00
-2.0434204828652591e+00
-1.8575380440550917e+00
-1.6843671943521095e+00
-1.5233336503825039e+00
-1.3736087333200548e+00
-1.2352495803143397e+00
-1.1076670960057051e+00
-9.9005769116629361e-01
-8.8224512684948087e-01
-7.8375310474995497e-01
-6.9406684683078701e-01
-6.1267033748447131e-01
-5.3899810505590606e-01
-4.7257380426428158e-01
-4.1294477361283083e-01
-3.5963399689062453e-01
-3.1216317307963060e-01
-2.7003308389253089e-01
-2.3280057682806080e-01
-2.0004564977591074e-01
-1.7132798243846048e-01
-1.4624504559988646e-01
-1.2445435842743353e-01
-1.0559278009595088e-01
-8.9306866800689236e-02
-7.5339660330393701e-02
-6.3411176030380392e-02
-5.3221494790563831e-02
-4.4596108875868685e-02
-3.7329899692944597e-02
-3.1186409761856906e-02
-2.6050816701557809e-02
-2.1782568670337159e-02
-1.8211426939952164e-02
-1.5257958986710941e-02
-1.2836934330705690e-02
-1.0830220431367507e-02
-9.1835781289453869e-03
-7.8528249170801753e-03
-6.7582673668781425e-03
-5.8619302170713448e-03
-5.1481955499380425e-03
-4.5642321425158070e-03
-4.0814796692377345e-03
-3.7030436376005605e-03
-3.3940240240406057e-03
-3.1306550688218302e-03
-2.9275863004973360e-03
-2.7614211781665740e-03
-2.6105092933172980e-03
-2.4961006663167316e-03
-2.4019203473050607e-03
-2.3071787975486565e-03
-2.2364765575120325e-03
-2.1777760388430006e-03
-2.1108340353410242e-03
-2.0615204565372857e-03
-2.0201651369610002e-03
-1.9673022518818151e-03
-1.9287485046483182e-03
-1.8959805827550049e-03
-1.8508098605045248e-03
-1.8181465628924220e-03
-1.7897937876403933e-03
-1.7494341593589802e-03
-1.7205025464201293e-03
-1.6945513340663116e-03
-1.6577254665183587e-03
-1.6315873022947915e-03
-1.6070112901824265e-03
-1.5731448222048852e-03
-1.5493880320520282e-03
-1.5256070393438580e-03
-1.4944225627551112e-03
-1.4728533562363962e-03
-1.4494929394416271e-03
-1.4208333448739005e-03
-1.4013441093991771e-03
-1.3781328463070629e-03
-1.3518902901369406e-03
-1.3344078997720361e-03
-1.3111377557711258e-03
-1.2872256343308274e-03
-1.2716918272920191e-03
-1.2481893552638080e-03
-1.2265334314181641e-03
-1.2129002910091675e-03
-1.1890284441854531e-03
-1.1695709082788878e-03
-1.1578092035482131e-03
-1.1334760816448389e-03
-1.1161934289067510e-03
-1.1038476272484346e-03
-1.0815162160648074e-03
-1.0664725677092253e-03
-1.0531852243760599e-03
-1.0335142646754644e-03
-1.0209968755718179e-03
-1.0072087520790736e-03
-9.9078214017501304e-04
-9.8163144384241937e-04
-9.6854266731424160e-04
-9.5693971180580480e-04
-9.5331965546448022e-04
-9.4388472547956800e-04
-9.4099851913637307e-04
-9.4715989486285053e-04
-9.4925348308860910e-04
-9.6413470531453069e-04
-9.8943168116279677e-04
-1.0210896967579048e-03
-1.0737867831009729e-03
-1.1441751342111863e-03
-1.2386073860934429e-03
-1.3715632273066910e-03
-1.5410990564129531e-03
-1.7665547856222838e-03
-2.0652710906358825e-03
-2.4420451631175697e-03
-2.9325610421782377e-03
-3.5599488222325892e-03
-4.3521835910361245e-03
-5.3590445261104966e-03
-6.6218297636591325e-03
-8.2015457799484090e-03
-1.0173678410112623e-02
-1.2610768396241619e-02
-1.5620745880772708e-02
-1.9318352658978123e-02
-2.3831243675864394e-02
-2.9324977448508045e-02
-3.5973695749987551e-02
-4.3983010550361162e-02
-5.3588750156578081e-02
-6.5045773235426110e-02
-7.8653171015463264e-02
-9.4734019504805450e-02
-1.1363731312086915e-01
-1.3575408321479354e-01
-1.6149279996803276e-01
-1.9129060469723380e-01
-2.2560644158058077e-01
-2.6490557280693983e-01
-3.0966475588985753e-01
-3.6035104548609348e-01
-4.1741312615785581e-01
-4.8126738318903911e-01
-5.5228323388882039e-01
-6.3076087527009062e-01
-7.1682328513965954e-01
-8.1058343537164401e-01
-9.1206751150104060e-01
-1.0211335447340515e+00
-1.1374490792245389e+00
-1.2601899707994688e+00
-1.3890423877749747e+00
-1.5231053513806454e+00
-1.6608978841491422e+00
-1.8018236711630469e+00
-1.9438730357596250e+00
-2.0862632667144902e+00
-2.2266209439677693e+00
-2.3640100388267422e+00
-2.4965379123524043e+00
-2.6223572894588232e+00
-2.7403249244158889e+00
-2.8489438598327217e+00
-2.9468732610339976e+00
-3.0330250090775133e+00
-3.1064449997072483e+00
-3.1665032485206903e+00
-3.2127065237701031e+00
-3.2447661763009910e+00
-3.2626864968925906e+00
-3.2665709886470351e+00
-3.2568083369261491e+00
-3.2338862621887632e+00
-3.1984297628619633e+00
-3.1512397039217848e+00
0.0000000000000000e+00
2.4055929233035767e-01
0.0000000000000000e+00
0.0000000000000000e+00
];
