%Vec Object:sol 1 MPI processes
%  type: mpi
sol = [
0.0000000000000000e+00
-2.0296853098299710e+01
-1.7129172992423541e+01
-1.4485446730520975e+01
-1.2227659056344910e+01
-1.0270078676324241e+01
-8.5619606551718679e+00
-7.0696617257270074e+00
-5.7732433982424638e+00
-4.6537416094814077e+00
-3.6991165403497384e+00
-2.8956656895299910e+00
-2.2302521906982338e+00
-1.6885781325747540e+00
-1.2559079381934191e+00
-9.1699527797772895e-01
-6.5714458543167165e-01
-4.6209715543822116e-01
-3.1880894773884449e-01
-2.1587034695690577e-01
-1.4356099277269302e-01
-9.3810935451954486e-02
-6.0376033220865676e-02
-3.8415429804032085e-02
-2.4255975985607494e-02
-1.5322580615677992e-02
-9.8347637384983786e-03
-6.5166193024064336e-03
-4.5161229817812466e-03
-3.3688865624367254e-03
-2.7315243110491109e-03
-2.3231750325230314e-03
-2.1059215207415972e-03
-2.0071122177489301e-03
-1.9102914386258175e-03
-1.8550294933100851e-03
-1.8399860190403108e-03
-1.8061073472696318e-03
-1.7724986660041129e-03
-1.7653965174580909e-03
-1.7503916399256470e-03
-1.7177925930399408e-03
-1.7085876023077377e-03
-1.7044410060904009e-03
-1.6708040855707234e-03
-1.6589831654698439e-03
-1.6629701508152875e-03
-1.6285731227606689e-03
-1.6146847739744916e-03
-1.6206868668982946e-03
-1.5902903050394276e-03
-1.5748854464038334e-03
-1.5782245407049409e-03
-1.5554002418239822e-03
-1.5389313771123671e-03
-1.5401426899347608e-03
-1.5233912644568798e-03
-1.5062293940207850e-03
-1.5057640291336143e-03
-1.4938193782226027e-03
-1.4762797441500979e-03
-1.4745296388908964e-03
-1.4663387798813862e-03
-1.4486996651582615e-03
-1.4460131140570532e-03
-1.4407006863633334e-03
-1.4232066946713055e-03
-1.4198902782943149e-03
-1.4167151603773950e-03
-1.3995782068999588e-03
-1.3958984828915269e-03
-1.3942372785538553e-03
-1.3776357954266274e-03
-1.3738200620910938e-03
-1.3731455018175583e-03
-1.3572275977079317e-03
-1.3534682741473771e-03
-1.3533335455827476e-03
-1.3382197784267843e-03
-1.3346780337331226e-03
-1.3347040782177098e-03
-1.3204919055072816e-03
-1.3173026269524119e-03
-1.3171685714674776e-03
-1.3039355654025622e-03
-1.3012109427401779e-03
-1.3006456839214520e-03
-1.2884530446259238e-03
-1.2862863055212335e-03
-1.2850617301249138e-03
-1.2739568295598897e-03
-1.2724250281965360e-03
-1.2703502941134371e-03
-1.2603697781094192e-03
-1.2595372385570628e-03
-1.2564542079773959e-03
-1.2476254492871021e-03
-1.2475457524407604e-03
-1.2433269459066034e-03
-1.2356725017806751e-03
-1.2363932452860481e-03
-1.2309441469651400e-03
-1.2244846410591338e-03
-1.2260500232688901e-03
-1.2192955083179266e-03
-1.2140500253587519e-03
-1.2165003093092465e-03
-1.2083755701238104e-03
-1.2043309132347033e-03
-1.2076873312094050e-03
-1.1981627570197191e-03
-1.1953770663133741e-03
-1.1972070656875410e-03
-1.1887146265294423e-03
-1.1871547135957048e-03
-1.1869637447255153e-03
-1.1799562105730414e-03
-1.1796059831647235e-03
-1.1773994141611253e-03
-1.1718458271628056e-03
-1.1726909279343410e-03
-1.1684932131882321e-03
-1.1643681212549586e-03
-1.1663987884574178e-03
-1.1602388488146070e-03
-1.1575202154598273e-03
-1.1597784995210985e-03
-1.1526374636120248e-03
-1.1513016486468777e-03
-1.1512584181159516e-03
-1.1456866949192033e-03
-1.1457065807613436e-03
-1.1434167722493766e-03
-1.1393750023685318e-03
-1.1407220757911809e-03
-1.1362501816830971e-03
-1.1337005652660029e-03
-1.1359380807346498e-03
-1.1297495741971479e-03
-1.1286558161945886e-03
-1.1285008845815718e-03
-1.1239098003542173e-03
-1.1242351614930688e-03
-1.1217612523058544e-03
-1.1187223745738406e-03
-1.1204300291192946e-03
-1.1157128620088725e-03
-1.1141821664207476e-03
-1.1149076001894514e-03
-1.1103443312708945e-03
-1.1102793186304602e-03
-1.1086332571914250e-03
-1.1056447391318642e-03
-1.1070047537119307e-03
-1.1030748986215646e-03
-1.1016175972245116e-03
-1.1023342678300615e-03
-1.0982488662007242e-03
-1.0983188463476552e-03
-1.0967745674460938e-03
-1.0944969326275899e-03
-1.0965348899560565e-03
-1.0938815837168373e-03
-1.0956565918690379e-03
-1.1016643249986012e-03
-1.1108189362108629e-03
-1.1369754426002764e-03
-1.1865489060465461e-03
-1.2873069776615995e-03
-1.4873735472001916e-03
-1.8609993229066451e-03
-2.5628962939989838e-03
-3.8405279756755181e-03
-6.1170466459091579e-03
-1.0091450115310860e-02
-1.6862975160289940e-02
-2.8153876676002623e-02
-4.6542111150877113e-02
-7.5782034095505893e-02
-1.2116493753825677e-01
-1.8984730109814088e-01
-2.9112477044645052e-01
-4.3646839351011107e-01
-6.3919607975164539e-01
-9.1357669098297756e-01
-1.2732357218136579e+00
-1.7283410604373781e+00
-2.2830936873182299e+00
-2.9321177841721586e+00
-3.6580829390844967e+00
-4.4301560962710029e+00
-5.2066403051282695e+00
-5.9392616949865271e+00
-6.5783282510453462e+00
-7.0805196416979790e+00
-7.4145862278909958e+00
-7.5650718596104465e+00
-7.5300492689122800e+00
-7.3233737446731313e+00
0.0000000000000000e+00
2.4055929233035767e-01
0.0000000000000000e+00
0.0000000000000000e+00
];
