%Vec Object:sol 1 MPI processes
%  type: mpi
sol = [
0.0000000000000000e+00
-5.9833838552454512e+00
-5.6865609111546291e+00
-5.4091470761312577e+00
-5.1523470921104311e+00
-4.9063387095708402e+00
-4.6755743610669880e+00
-4.4587654865741460e+00
-4.2500201263196979e+00
-4.0538993703100612e+00
-3.8656748994548491e+00
-3.6866147494968509e+00
-3.5160980613536497e+00
-3.3515369037994254e+00
-3.1955283980734075e+00
-3.0441974177825708e+00
-2.9005837831669612e+00
-2.7609799638743491e+00
-2.6284561213823459e+00
-2.4996995433041591e+00
-2.3767839130560633e+00
-2.2580652636675507e+00
-2.1441678405667588e+00
-2.0346414478111248e+00
-1.9290322336263819e+00
-1.8280190177189735e+00
-1.7304340607883348e+00
-1.6368206634188256e+00
-1.5472822783223137e+00
-1.4609123662717802e+00
-1.3781693643391628e+00
-1.2991140793584612e+00
-1.2233082466918479e+00
-1.1505913018515685e+00
-1.0812306357870085e+00
-1.0150665332498079e+00
-9.5190393684367491e-01
-8.9154311187940694e-01
-8.3413890824571690e-01
-7.7958566945353913e-01
-7.2779648389831042e-01
-6.7868213044651460e-01
-6.3202661026137752e-01
-5.8785971687140537e-01
-5.4613144920185308e-01
-5.0675896690751188e-01
-4.6965669556233569e-01
-4.3472585838905081e-01
-4.0189743533062788e-01
-3.7108972363220544e-01
-3.4219849771720029e-01
-3.1511388224568754e-01
-2.8981395347726008e-01
-2.6619635173437717e-01
-2.4419747985014881e-01
-2.2374505226009628e-01
-2.0473916172932247e-01
-1.8711458892447583e-01
-1.7080818653275187e-01
-1.5572726804446221e-01
-1.4180516513663799e-01
-1.2898871726160366e-01
-1.1719400580808416e-01
-1.0635417925089294e-01
-9.6426430916201719e-02
-8.7336464164654459e-02
-7.9018867025326928e-02
-7.1441031592987286e-02
-6.4538457573187269e-02
-5.8248865689225722e-02
-5.2549200197330205e-02
-4.7384430092100575e-02
-4.2696793930106641e-02
-3.8471823156684834e-02
-3.4663232829256450e-02
-3.1218782807567305e-02
-2.8131405257324014e-02
-2.5362557841531377e-02
-2.2866155425295930e-02
-2.0641222607110290e-02
-1.8655791556889744e-02
-1.6870257836652705e-02
-1.5288401403723721e-02
-1.3883601329590198e-02
-1.2622834545900635e-02
-1.1513350988677564e-02
-1.0532678269935184e-02
-9.6543364609529246e-03
-8.8878746546029591e-03
-8.2138689904896998e-03
-7.6122825887011969e-03
-7.0939534849001062e-03
-6.6415550755182969e-03
-6.2413952923460669e-03
-5.9047815138270820e-03
-5.6157152620047524e-03
-5.3668017027889339e-03
-5.1692084889165928e-03
-5.0077024367738074e-03
-4.8812240174796288e-03
-4.8004139131599339e-03
-4.7504652471648205e-03
-4.7367986770422118e-03
-4.7693740375207320e-03
-4.8336949920566646e-03
-4.9419585753899750e-03
-5.1035182206273285e-03
-5.3043127417018322e-03
-5.5637653315191602e-03
-5.8909376591412812e-03
-6.2725764138526277e-03
-6.7359437524020802e-03
-7.2879316455893919e-03
-7.9240351130693901e-03
-8.6728110573691206e-03
-9.5417643084462853e-03
-1.0537386192793647e-02
-1.1689066922349252e-02
-1.3006462401430432e-02
-1.4507993366034118e-02
-1.6225051383300052e-02
-1.8170690130487541e-02
-2.0376246842269768e-02
-2.2876398712688779e-02
-2.5688955615645926e-02
-2.8859083658280122e-02
-3.2425150352102111e-02
-3.6413711986625942e-02
-4.0881742649126099e-02
-4.5871112948050199e-02
-5.1424868190809402e-02
-5.7604993673129802e-02
-6.4456918129154175e-02
-7.2042329901670463e-02
-8.0428719239439145e-02
-8.9671395797891365e-02
-9.9843695473724542e-02
-1.1101736467171151e-01
-1.2325448789115198e-01
-1.3663851941711599e-01
-1.5124156906713868e-01
-1.6713607106066361e-01
-1.8440402560326452e-01
-2.0311700419871595e-01
-2.2335083156562707e-01
-2.4518077797171481e-01
-2.6867240797509473e-01
-2.9389548934421317e-01
-3.2091101789040338e-01
-3.4977295218965887e-01
-3.8053146191531323e-01
-4.1322659042490345e-01
-4.4786622592785141e-01
-4.8443792870311503e-01
-5.2299216909484803e-01
-5.6352110930127497e-01
-6.0600536247281700e-01
-6.5041481475657381e-01
-6.9669462695340156e-01
-7.4471992831044009e-01
-7.9435280654697116e-01
-8.4558031641382791e-01
-8.9829802160465755e-01
-9.5236291641754989e-01
-1.0074183721047070e+00
-1.0634306641538220e+00
-1.1202648383306857e+00
-1.1776621409541796e+00
-1.2351875402655372e+00
-1.2928976771967753e+00
-1.3504733919727321e+00
-1.4074278800660587e+00
-1.4638767887706652e+00
-1.5192124612413436e+00
-1.5733874845491034e+00
-1.6261132321686314e+00
-1.6770219330855192e+00
-1.7260511723407868e+00
-1.7727660154849827e+00
-1.8171234859110599e+00
-1.8588218036562809e+00
-1.8976700245712923e+00
-1.9336645517578013e+00
-1.9663163913715169e+00
-1.9958876492501283e+00
-2.0220115120750384e+00
-2.0446420874050748e+00
-2.0638941172307796e+00
-2.0794993441076981e+00
-2.0914891936103461e+00
-2.1000308010094333e+00
-2.1050385312185456e+00
-2.1063835953494325e+00
-2.1043935717997004e+00
-2.0990926994377190e+00
-2.0904657505555684e+00
-2.0785975430363752e+00
-2.0637306801646185e+00
-2.0460153211379022e+00
0.0000000000000000e+00
2.4055929233035767e-01
0.0000000000000000e+00
0.0000000000000000e+00
];
