%Vec Object:sol 1 MPI processes
%  type: mpi
sol = [
0.0000000000000000e+00
-3.0352805667880190e+01
-2.4317767130629029e+01
-1.9944505130441570e+01
-1.6632084202729747e+01
-1.4022178225406822e+01
-1.1895368123504065e+01
-1.0117365781398483e+01
-8.6063763378397304e+00
-7.3072259686601821e+00
-6.1800036375629652e+00
-5.2022268337936790e+00
-4.3524654718674070e+00
-3.6155875380051086e+00
-2.9799897190831670e+00
-2.4354470852134096e+00
-1.9719627139427207e+00
-1.5814070758540553e+00
-1.2553125818637352e+00
-9.8613440009606812e-01
-7.6638688020659651e-01
-5.8898533290785460e-01
-4.4765327140669331e-01
-3.3647791528883048e-01
-2.5011149906716634e-01
-1.8389479566961067e-01
-1.3381851593819893e-01
-9.6429638299643447e-02
-6.8852952759399552e-02
-4.8823346769653948e-02
-3.4470794207596862e-02
-2.4256235793232023e-02
-1.7131723385408765e-02
-1.2238216804555863e-02
-8.8586028953318921e-03
-6.5861024689824682e-03
-5.0928640218502602e-03
-4.0842712823434138e-03
-3.4149184818912932e-03
-2.9974704983486023e-03
-2.7188262450910687e-03
-2.5169009823743410e-03
-2.3993399281054544e-03
-2.3249256802074427e-03
-2.2438423556190952e-03
-2.1997017078671899e-03
-2.1806741753906153e-03
-2.1276466717458312e-03
-2.0989763588982321e-03
-2.0927534508665413e-03
-2.0504431426526613e-03
-2.0243648222559077e-03
-2.0181062447631507e-03
-1.9854245382914426e-03
-1.9596164066023091e-03
-1.9522486428180884e-03
-1.9267097105565496e-03
-1.9009988441628510e-03
-1.8926530419875341e-03
-1.8727476173575799e-03
-1.8473173730067264e-03
-1.8382921619548274e-03
-1.8228537239286921e-03
-1.7979147293164597e-03
-1.7884981106165870e-03
-1.7765615249647198e-03
-1.7523010948850210e-03
-1.7427463941869930e-03
-1.7334915367610789e-03
-1.7100703092216198e-03
-1.7005970729834395e-03
-1.6933328725801298e-03
-1.6708855476292846e-03
-1.6616814242019348e-03
-1.6558237555076177e-03
-1.6344612642124198e-03
-1.6256850010875604e-03
-1.6207390341775180e-03
-1.6005503588156966e-03
-1.5923344201578169e-03
-1.5878801936899530e-03
-1.5689350306994530e-03
-1.5613889024309580e-03
-1.5570699915186802e-03
-1.5394212942313943e-03
-1.5326345406561418e-03
-1.5281487390604879e-03
-1.5118353042252845e-03
-1.5058805707175603e-03
-1.5009724568159084e-03
-1.4860218008946782e-03
-1.4809580395771036e-03
-1.4754132596748563e-03
-1.4618443592671049e-03
-1.4577198640173487e-03
-1.4513599592899961e-03
-1.4391844868920562e-03
-1.4360383689599957e-03
-1.4287178398355834e-03
-1.4179435149321135e-03
-1.4158090236296441e-03
-1.4074155413166954e-03
-1.3980464470012711e-03
-1.3969511684474294e-03
-1.3873900935948570e-03
-1.3794267186313257e-03
-1.3793924530237035e-03
-1.3685884471280928e-03
-1.3620271368658446e-03
-1.3630693982697990e-03
-1.3509615093082819e-03
-1.3457928073568118e-03
-1.3453896288132281e-03
-1.3344617543271642e-03
-1.3306712345397065e-03
-1.3283223864419293e-03
-1.3190378868458542e-03
-1.3166071954074791e-03
-1.3123160663067283e-03
-1.3046391167824123e-03
-1.3035479457309867e-03
-1.2973331291808361e-03
-1.2912285119775874e-03
-1.2914563619067340e-03
-1.2833367687302667e-03
-1.2787700091482284e-03
-1.2793252947700935e-03
-1.2702947354690500e-03
-1.2672321088167205e-03
-1.2655198767067984e-03
-1.2581806893198935e-03
-1.2565884960170992e-03
-1.2526606586972988e-03
-1.2469677620554535e-03
-1.2468120605809545e-03
-1.2407305805235828e-03
-1.2366398489733466e-03
-1.2374682773150290e-03
-1.2297039191269832e-03
-1.2271721332311658e-03
-1.2256224144072667e-03
-1.2195590989453576e-03
-1.2185443967746884e-03
-1.2146898651779520e-03
-1.2102811581012236e-03
-1.2107501010104199e-03
-1.2046814343445596e-03
-1.2019097520217907e-03
-1.2015016457973377e-03
-1.1957794492427796e-03
-1.1948095746948672e-03
-1.1924930055538176e-03
-1.1892801794710316e-03
-1.1913522245562734e-03
-1.1894978377901240e-03
-1.1927504959981597e-03
-1.2026764305627055e-03
-1.2152861780715604e-03
-1.2449192158720266e-03
-1.2941316691701869e-03
-1.3773860945521621e-03
-1.5212750794302220e-03
-1.7499579105576437e-03
-2.1237930081008053e-03
-2.7194031433262849e-03
-3.6492405937899627e-03
-5.0921014868265157e-03
-7.2886495581317573e-03
-1.0592592317341467e-02
-1.5494570586786278e-02
-2.2653806609590422e-02
-3.2974150115943852e-02
-4.7628617358395242e-02
-6.8131839149692092e-02
-9.6394245740757140e-02
-1.3474929326057233e-01
-1.8599539797739059e-01
-2.5336407301368324e-01
-3.4044331082195817e-01
-4.5105480567736889e-01
-5.8907210654371145e-01
-7.5807304865966352e-01
-9.6097378884844309e-01
-1.1995873196526003e+00
-1.4736794338651531e+00
-1.7816452311516706e+00
-2.1186795481045939e+00
-2.4780492027345526e+00
-2.8495205196839257e+00
-3.2217528714895094e+00
-3.5815524671217824e+00
-3.9153456248593508e+00
-4.2100236984401862e+00
-4.4538006033794266e+00
-4.6384793985359414e+00
-4.7570604191165007e+00
-4.8076614864881391e+00
-4.7902529556837212e+00
-4.7079372151395535e+00
0.0000000000000000e+00
1.3464638167935297e-01
0.0000000000000000e+00
0.0000000000000000e+00
];
