%Vec Object:sol 1 MPI processes
%  type: mpi
sol = [
0.0000000000000000e+00
-5.8974466102811594e+00
-5.6085131950381699e+00
-5.3386709287854197e+00
-5.0888927871765244e+00
-4.8485178546268770e+00
-4.6238521049998962e+00
-4.4116983379100851e+00
-4.2083389807870475e+00
-4.0172555984776412e+00
-3.8327518179606432e+00
-3.6582016145699159e+00
-3.4909618476284949e+00
-3.3304646786310701e+00
-3.1773782796628520e+00
-3.0296991134003779e+00
-2.8886949360037764e+00
-2.7522989074442403e+00
-2.6220446499897858e+00
-2.4961411040219486e+00
-2.3752467683266358e+00
-2.2590569982406832e+00
-2.1469490599211394e+00
-2.0396367783569578e+00
-1.9355909679417069e+00
-1.8360465736977087e+00
-1.7402536273649682e+00
-1.6478774087580597e+00
-1.5594773472388301e+00
-1.4744802651315096e+00
-1.3926497080259503e+00
-1.3144144738905623e+00
-1.2395526191364643e+00
-1.1674748155152965e+00
-1.0986279415048332e+00
-1.0328941263788116e+00
-9.7016093826415339e-01
-9.1013261635835885e-01
-8.5288355103167623e-01
-7.9841031354970449e-01
-7.4662939929105365e-01
-6.9745470568427836e-01
-6.5077640565915706e-01
-6.0641154056231827e-01
-5.6442978625735629e-01
-5.2475146326649180e-01
-4.8729586389105572e-01
-4.5197034232132288e-01
-4.1870875979813060e-01
-3.8743373090521432e-01
-3.5804618683811962e-01
-3.3047990289949680e-01
-3.0463118256819144e-01
-2.8044941665665496e-01
-2.5787432031527080e-01
-2.3683712533134541e-01
-2.1724224947301540e-01
-1.9902740623646895e-01
-1.8213219399096744e-01
-1.6646734843218297e-01
-1.5196872466186284e-01
-1.3858516344824554e-01
-1.2623527522244438e-01
-1.1485416741380389e-01
-1.0440031150254471e-01
-9.4801096578257568e-02
-8.5992440787212909e-02
-7.7942361759464507e-02
-7.0587298834277584e-02
-6.3865697839052216e-02
-5.7754581198288468e-02
-5.2199242035409800e-02
-4.7142120036581685e-02
-4.2568402714068775e-02
-3.8431659385824136e-02
-3.4679440617318848e-02
-3.1304042666242669e-02
-2.8266452874968935e-02
-2.5520091341500007e-02
-2.3063177303971887e-02
-2.0863081036091854e-02
-1.8879537932970401e-02
-1.7115459573872734e-02
-1.5543484692184391e-02
-1.4129869373194704e-02
-1.2881018046093618e-02
-1.1773729539136571e-02
-1.0780826724105701e-02
-9.9111007646283718e-03
-9.1444778677909223e-03
-8.4603109622623986e-03
-7.8688134132293055e-03
-7.3521351840956962e-03
-6.8961058633698795e-03
-6.5115719540489465e-03
-6.1821705194539918e-03
-5.9001905379240842e-03
-5.6765223745509023e-03
-5.4957493879696307e-03
-5.3566778912129270e-03
-5.2698679198071377e-03
-5.2205256478013743e-03
-5.2141323508176976e-03
-5.2607727752541330e-03
-5.3461714981251395e-03
-5.4827881477639319e-03
-5.6803120800160110e-03
-5.9251186461195919e-03
-6.2370958867312967e-03
-6.6258530370730054e-03
-7.0787911553962767e-03
-7.6238289634785400e-03
-8.2686148930377189e-03
-9.0094921465837165e-03
-9.8758539461238672e-03
-1.0876147242658387e-02
-1.2017864202107868e-02
-1.3331372384695735e-02
-1.4827410613326486e-02
-1.6525480587370928e-02
-1.8458021009748974e-02
-2.0639231619989162e-02
-2.3101495557893988e-02
-2.5880494724467969e-02
-2.8995129572779631e-02
-3.2491404857183430e-02
-3.6408499705430829e-02
-4.0773811893812364e-02
-4.5644734403707247e-02
-5.1063568115751246e-02
-5.7073607108889021e-02
-6.3733751413741976e-02
-7.1094386376298294e-02
-7.9214139380418130e-02
-8.8159443557926487e-02
-9.7984475388445416e-02
-1.0876066184044723e-01
-1.2055747816891513e-01
-1.3343463466557801e-01
-1.4747208920295707e-01
-1.6273835592989414e-01
-1.7930177948799539e-01
-1.9723930223578376e-01
-2.1661739666063126e-01
-2.3750591842112329e-01
-2.5997352229731135e-01
-2.8407923811736574e-01
-3.0988503364792264e-01
-3.3744405738109606e-01
-3.6680232421500025e-01
-3.9800106500242083e-01
-4.3107079888005584e-01
-4.6596594189673118e-01
-5.0275207453907444e-01
-5.4142987835105338e-01
-5.8198291487423714e-01
-6.2438413112708624e-01
-6.6859676707615878e-01
-7.1455852873175285e-01
-7.6204656883848720e-01
-8.1110231037751623e-01
-8.6162121851754969e-01
-9.1349808400329635e-01
-9.6650925834282675e-01
-1.0203879002320742e+00
-1.0751500210219893e+00
-1.1306103685544659e+00
-1.1863484040073946e+00
-1.2422727480507967e+00
-1.2982817389191370e+00
-1.3538785518301182e+00
-1.4089740739853716e+00
-1.4634563545388679e+00
-1.5166574948215024e+00
-1.5688270471843118e+00
-1.6193274989428903e+00
-1.6682290638146646e+00
-1.7150596916823675e+00
-1.7598302933938297e+00
-1.8020911070546251e+00
-1.8419726988781175e+00
-1.8788955285039866e+00
-1.9131596864759826e+00
-1.9441929875565929e+00
-1.9721785732098773e+00
-1.9970270666764924e+00
-2.0183689148374073e+00
-2.0364913448600848e+00
-2.0512614116926784e+00
-2.0624501765512471e+00
-2.0703611726917082e+00
-2.0749877328444306e+00
-2.0760423047896714e+00
-2.0739188910967497e+00
-2.0686490086623226e+00
-2.0602508519462881e+00
-2.0487160568849521e+00
-2.0343279127033118e+00
-2.0172280620811329e+00
0.0000000000000000e+00
2.4055929233035767e-01
0.0000000000000000e+00
0.0000000000000000e+00
];
