%Vec Object:sol 1 MPI processes
%  type: mpi
sol = [
0.0000000000000000e+00
-7.9576286548607209e+00
-7.4485491638928121e+00
-6.9790625021718826e+00
-6.5421952803315992e+00
-6.1374312598809242e+00
-5.7603509043100436e+00
-5.4079064327326654e+00
-5.0778223578466619e+00
-4.7652963870579219e+00
-4.4697078808275235e+00
-4.1913455753558706e+00
-3.9283328627989071e+00
-3.6769446314721210e+00
-3.4394574959757596e+00
-3.2144181200199626e+00
-2.9995698586528508e+00
-2.7965135466616822e+00
-2.6030116308002342e+00
-2.4200630276275574e+00
-2.2459153054601280e+00
-2.0817582603367102e+00
-1.9256577664649608e+00
-1.7785825804631590e+00
-1.6396532115696882e+00
-1.5086683257500677e+00
-1.3856594709934809e+00
-1.2700234441682041e+00
-1.1615801417709488e+00
-1.0602636278022934e+00
-9.6577734731326248e-01
-8.7770557143116656e-01
-7.9580826217853640e-01
-7.1995075987184354e-01
-6.4984977704532232e-01
-5.8521998489385252e-01
-5.2578524431871165e-01
-4.7123587616591256e-01
-4.2126843433100053e-01
-3.7570048149892876e-01
-3.3424658196365625e-01
-2.9663584702523432e-01
-2.6262786334943666e-01
-2.3195903543437915e-01
-2.0436122931342518e-01
-1.7962955242188966e-01
-1.5753231316500374e-01
-1.3781027463239395e-01
-1.2029948623956911e-01
-1.0480302518106308e-01
-9.1088031324642174e-02
-7.9022576871671218e-02
-6.8447155469584200e-02
-5.9170165130179773e-02
-5.1080115547469399e-02
-4.4058120406810002e-02
-3.7952584335359307e-02
-3.2671623805646657e-02
-2.8133072760803634e-02
-2.4221211959745349e-02
-2.0861668070413709e-02
-1.8003281460691297e-02
-1.5560512227606269e-02
-1.3473591361257930e-02
-1.1716004027338864e-02
-1.0226217292223448e-02
-8.9559680569655381e-03
-7.8972291417382968e-03
-7.0066083405770961e-03
-6.2445548959566242e-03
-5.6160991690684739e-03
-5.0909144725487859e-03
-4.6359043011051926e-03
-4.2647191403449441e-03
-3.9559922009765915e-03
-3.6814620738930453e-03
-3.4599717529916179e-03
-3.2759627067330717e-03
-3.1049939478038214e-03
-2.9685727657576388e-03
-2.8546269830291415e-03
-2.7420172992238929e-03
-2.6531167138169717e-03
-2.5776797172168057e-03
-2.4977116169174222e-03
-2.4352067557303889e-03
-2.3805828391353086e-03
-2.3190688385335929e-03
-2.2714345248377212e-03
-2.2279514865498327e-03
-2.1772854776491426e-03
-2.1384116493981444e-03
-2.1008905543469679e-03
-2.0570985038498111e-03
-2.0238313418745398e-03
-1.9895383475380356e-03
-1.9505923189280861e-03
-1.9213499872679663e-03
-1.8888624832089050e-03
-1.8537677784862710e-03
-1.8278085359121571e-03
-1.7964337075928600e-03
-1.7647780833415056e-03
-1.7418612011746238e-03
-1.7113789626151121e-03
-1.6831781238551135e-03
-1.6634908458668053e-03
-1.6341621558076081e-03
-1.6099463079245883e-03
-1.5942751034675427e-03
-1.5671020337892903e-03
-1.5482849874411347e-03
-1.5360399062440792e-03
-1.5158752425829681e-03
-1.5055704061849196e-03
-1.5002580390781138e-03
-1.4926300920141931e-03
-1.4972335033416370e-03
-1.5069236211774119e-03
-1.5219015823541020e-03
-1.5539955322687684e-03
-1.5943635482350380e-03
-1.6512923801341522e-03
-1.7347497144261576e-03
-1.8351661632307580e-03
-1.9699312648351233e-03
-2.1475756191999280e-03
-2.3622080670285817e-03
-2.6391444425935334e-03
-2.9860460955610257e-03
-3.4106257476760682e-03
-3.9411798900047335e-03
-4.5902537731908073e-03
-5.3824310626865678e-03
-6.3529964502472636e-03
-7.5238604649824981e-03
-8.9410422102750627e-03
-1.0651831955543492e-02
-1.2694655440204320e-02
-1.5141677421080154e-02
-1.8056299129705411e-02
-2.1510105726265615e-02
-2.5598967357484854e-02
-3.0413595883178570e-02
-3.6065896724003316e-02
-4.2683222218292710e-02
-5.0390316347679903e-02
-5.9344244203576445e-02
-6.9709223802889159e-02
-8.1657139732953202e-02
-9.5388523825052793e-02
-1.1110517672101672e-01
-1.2902680082903925e-01
-1.4938893551970717e-01
-1.7242732276203632e-01
-1.9839634566892164e-01
-2.2755055468027524e-01
-2.6014329965016619e-01
-2.9643182574102178e-01
-3.3666104499162941e-01
-3.8106430428739430e-01
-4.2985631294042637e-01
-4.8322698483139231e-01
-5.4133106144860943e-01
-6.0423130765867550e-01
-6.7196849767259814e-01
-7.4459942866834528e-01
-8.2208014260206619e-01
-9.0429007941039508e-01
-9.9096842184527389e-01
-1.0816781972700769e+00
-1.1762508725725200e+00
-1.2742771283949565e+00
-1.3748822229582949e+00
-1.4777060343888231e+00
-1.5821354226610040e+00
-1.6869627799744176e+00
-1.7919960513274265e+00
-1.8957105306833468e+00
-1.9979450598492687e+00
-2.0970723439802610e+00
-2.1928309479260353e+00
-2.2841003184265554e+00
-2.3699646538723309e+00
-2.4499536611374459e+00
-2.5233645259694497e+00
-2.5891740817239044e+00
-2.6472325259260883e+00
-2.6971410947433441e+00
-2.7385045290945511e+00
-2.7711167859908556e+00
-2.7948290842970374e+00
-2.8095988463975661e+00
-2.8155395883794156e+00
-2.8127581335017537e+00
-2.8015295699443854e+00
-2.7821464636431159e+00
-2.7549638624945949e+00
-2.7204444947244855e+00
0.0000000000000000e+00
2.4055929233035767e-01
0.0000000000000000e+00
0.0000000000000000e+00
];
