%Vec Object:sol 1 MPI processes
%  type: mpi
sol = [
0.0000000000000000e+00
-8.8766083665984681e+00
-8.2460381342343503e+00
-7.6699645968727594e+00
-7.1413225447154405e+00
-6.6533589072697730e+00
-6.2004156441256493e+00
-5.7771508245703229e+00
-5.3813128346729799e+00
-5.0101409004452497e+00
-4.6614372155176351e+00
-4.3338903138679248e+00
-4.0248732658687114e+00
-3.7320438838828975e+00
-3.4564569039711879e+00
-3.1967488749414521e+00
-2.9505232078474695e+00
-2.7191391366064765e+00
-2.5006724073990743e+00
-2.2954649335652708e+00
-2.1021512071829083e+00
-1.9214117469754330e+00
-1.7515476009241016e+00
-1.5931520465461697e+00
-1.4454617469846653e+00
-1.3079133459439052e+00
-1.1804513410022577e+00
-1.0626241795310973e+00
-9.5369115010290151e-01
-8.5351963076791659e-01
-7.6170897996867104e-01
-6.7781337368837946e-01
-6.0138119690276892e-01
-5.3193701168042662e-01
-4.6901698549882109e-01
-4.1228813429680877e-01
-3.6132611474327897e-01
-3.1568566081082883e-01
-2.7496701888530978e-01
-2.3878803354680556e-01
-2.0674458540072191e-01
-1.7846328750603574e-01
-1.5362258422120562e-01
-1.3187814206674814e-01
-1.1289086029823574e-01
-9.6409992388441640e-02
-8.2160036481266394e-02
-6.9843205279073686e-02
-5.9280576448772132e-02
-5.0261837395146079e-02
-4.2544263485720234e-02
-3.6002829724321506e-02
-3.0486616574590418e-02
-2.5814855086172275e-02
-2.1896001230211883e-02
-1.8632901246755117e-02
-1.5896069970461262e-02
-1.3619713892923227e-02
-1.1748609670123467e-02
-1.0192958626885233e-02
-8.9051515871096699e-03
-7.8606015359794969e-03
-6.9985171905466298e-03
-6.2830683547969854e-03
-5.7107402284166031e-03
-5.2409153544481467e-03
-4.8447733971654049e-03
-4.5324394282349441e-03
-4.2767119591639625e-03
-4.0526703965575017e-03
-3.8786661508026991e-03
-3.7360561665601318e-03
-3.6020708408245820e-03
-3.4995529267415389e-03
-3.4150787873544015e-03
-3.3272809800277809e-03
-3.2610102486091094e-03
-3.2058315769452539e-03
-3.1416821036635155e-03
-3.0938060731242776e-03
-3.0532829069922565e-03
-3.0016303569072355e-03
-2.9634409262545920e-03
-2.9303255905006390e-03
-2.8858365652689693e-03
-2.8532292728116488e-03
-2.8239728487264542e-03
-2.7841631173062317e-03
-2.7552554330706296e-03
-2.7280966267817430e-03
-2.6918211621687594e-03
-2.6657597264945362e-03
-2.6397788558051522e-03
-2.6064989218647703e-03
-2.5828894440624831e-03
-2.5575590136411022e-03
-2.5270000383864752e-03
-2.5056449660247238e-03
-2.4806251528586686e-03
-2.4526266678539538e-03
-2.4334126815131790e-03
-2.4084654412508473e-03
-2.3829184032715814e-03
-2.3657714763751412e-03
-2.3407140520275548e-03
-2.3175407219444199e-03
-2.3024160028188739e-03
-2.2771224250114040e-03
-2.2562854043694110e-03
-2.2431862850750620e-03
-2.2176134991298739e-03
-2.1991589564050646e-03
-2.1857328936266841e-03
-2.1624725328558609e-03
-2.1466468677309716e-03
-2.1327831218755592e-03
-2.1128210457596512e-03
-2.1003471204474405e-03
-2.0870611754213752e-03
-2.0717349500623808e-03
-2.0644359829143696e-03
-2.0542028028648976e-03
-2.0467362240935514e-03
-2.0488861842203224e-03
-2.0473536872172926e-03
-2.0550589004544768e-03
-2.0752277637111601e-03
-2.0956899725703263e-03
-2.1343876800402157e-03
-2.1903433345717011e-03
-2.2612107279247097e-03
-2.3636911882486127e-03
-2.4969388606633893e-03
-2.6702781089578331e-03
-2.9017093462427889e-03
-3.1935215207701635e-03
-3.5699541284097639e-03
-4.0540825562236640e-03
-4.6574176899133570e-03
-5.4232174285604381e-03
-6.3833291528042364e-03
-7.5755715794040990e-03
-9.0606164796203977e-03
-1.0891944250759525e-02
-1.3143776200902450e-02
-1.5905819742607106e-02
-1.9265590193772431e-02
-2.3346463542778289e-02
-2.8279778254096458e-02
-3.4209558114912553e-02
-4.1316850648042906e-02
-4.9790605087506004e-02
-5.9849231535394017e-02
-7.1740805667957361e-02
-8.5726147122863819e-02
-1.0210604717111339e-01
-1.2120002954646125e-01
-1.4334701662966981e-01
-1.6891864524300773e-01
-1.9829566761236561e-01
-2.3187633122253518e-01
-2.7006871083986955e-01
-3.1327647119224400e-01
-3.6189995204516628e-01
-4.1631835329616868e-01
-4.7688080642818270e-01
-5.4389155177317516e-01
-6.1760119162826266e-01
-6.9805244727504590e-01
-7.8541279772039196e-01
-8.7967687027659514e-01
-9.8070384877443928e-01
-1.0881855452277744e+00
-1.2014619936687820e+00
-1.3202414140591259e+00
-1.4438450183481506e+00
-1.5708987013569866e+00
-1.7009685180999683e+00
-1.8324760701715130e+00
-1.9644736265107623e+00
-2.0953295641863949e+00
-2.2241314946796833e+00
-2.3487379406104587e+00
-2.4684265684050177e+00
-2.5817393690652040e+00
-2.6870458543413682e+00
-2.7834173990471709e+00
-2.8698901380834396e+00
-2.9455819678964437e+00
-3.0097030385086945e+00
-3.0617411147405775e+00
-3.1013204147994857e+00
-3.1282534708723304e+00
-3.1425941021625849e+00
-3.1444512142951551e+00
-3.1341815758411546e+00
-3.1122118320102827e+00
-3.0790811560827316e+00
-3.0354860497289975e+00
0.0000000000000000e+00
2.4055929233035767e-01
0.0000000000000000e+00
0.0000000000000000e+00
];
