%Vec Object:sol 1 MPI processes
%  type: mpi
sol = [
0.0000000000000000e+00
-1.3847256267959491e+01
-1.2500560243479947e+01
-1.1328994042448908e+01
-1.0322830228240816e+01
-9.4510528042449575e+00
-8.6877876640478959e+00
-8.0134767066116375e+00
-7.4131495388315019e+00
-6.8736113390204503e+00
-6.3853144118089862e+00
-5.9414206741858395e+00
-5.5350726053193879e+00
-5.1612582942125025e+00
-4.8163420279210900e+00
-4.4958304851954152e+00
-4.1972234092268970e+00
-3.9190201134486804e+00
-3.6595467686573468e+00
-3.4159932756298175e+00
-3.1869348936459754e+00
-2.9725051768565445e+00
-2.7704126161595881e+00
-2.5801109462524017e+00
-2.4012765779982397e+00
-2.2324174771860403e+00
-2.0737109636456692e+00
-1.9238944380858911e+00
-1.7831350929174450e+00
-1.6506188901573926e+00
-1.5258729009873067e+00
-1.4089740507684196e+00
-1.2989954381136588e+00
-1.1958841385206376e+00
-1.0994748231592730e+00
-1.0092689229642646e+00
-9.2488214515420619e-01
-8.4625980460608374e-01
-7.7309730345149330e-01
-7.0510781950821411e-01
-6.4193251887226288e-01
-5.8338657374916481e-01
-5.2927492299982137e-01
-4.7935017323640139e-01
-4.3336579198720937e-01
-3.9110454577917858e-01
-3.5234303790324928e-01
-3.1684112050814334e-01
-2.8440348275200633e-01
-2.5482344348304514e-01
-2.2790050892760255e-01
-2.0347662394914870e-01
-1.8137407348578280e-01
-1.6138746546356114e-01
-1.4337492601655105e-01
-1.2718833053201481e-01
-1.1265010064294517e-01
-9.9633737172711831e-02
-8.8021132282219902e-02
-7.7663393463856270e-02
-6.8449334849599641e-02
-6.0289523270067119e-02
-5.3062761342691826e-02
-4.6672917722039409e-02
-4.1056553866996588e-02
-3.6117729894150852e-02
-3.1774623608453685e-02
-2.7986197179778807e-02
-2.4678369819429412e-02
-2.1782457281295506e-02
-1.9275766377767241e-02
-1.7102272209241789e-02
-1.5204911580172073e-02
-1.3575286461451501e-02
-1.2171627085363937e-02
-1.0946875463756948e-02
-9.9031825614214284e-03
-9.0095253302008467e-03
-8.2273397954788826e-03
-7.5660644822980816e-03
-7.0023770049774470e-03
-6.5049317267211956e-03
-6.0877549853119170e-03
-5.7327086814775762e-03
-5.4146829327765943e-03
-5.1501520903825728e-03
-4.9241680787162718e-03
-4.7171679771346019e-03
-4.5464415216320813e-03
-4.3987049414205767e-03
-4.2595121880201585e-03
-4.1457646227299567e-03
-4.0447106350204988e-03
-3.9467979238330744e-03
-3.8676808360021920e-03
-3.7943227397139335e-03
-3.7219953966206175e-03
-3.6645169158946661e-03
-3.6079961408283369e-03
-3.5525653000302551e-03
-3.5098244483772211e-03
-3.4646546321365672e-03
-3.4221514333979404e-03
-3.3914836861668311e-03
-3.3560804529387403e-03
-3.3261765800638656e-03
-3.3084292561162058e-03
-3.2847297712872473e-03
-3.2706896643897049e-03
-3.2705082436819016e-03
-3.2645932696684396e-03
-3.2742507069927883e-03
-3.2989072405206900e-03
-3.3252617270077005e-03
-3.3731864518975882e-03
-3.4397456749662263e-03
-3.5198441319899271e-03
-3.6310246311436326e-03
-3.7691215233494435e-03
-3.9378936951958111e-03
-4.1534168921541900e-03
-4.4112427225522482e-03
-4.7249044027925279e-03
-5.1102220727427651e-03
-5.5637811925937477e-03
-6.1101706662968318e-03
-6.7656092173371376e-03
-7.5323456547168079e-03
-8.4448162031007870e-03
-9.5201423849406441e-03
-1.0775991775156488e-02
-1.2251135063396448e-02
-1.3968737628120825e-02
-1.5964082354677337e-02
-1.8282968984577694e-02
-2.0957433598502103e-02
-2.4042667712213937e-02
-2.7593903541809219e-02
-3.1656093733555837e-02
-3.6305106811092232e-02
-4.1605517240525018e-02
-4.7626541776655498e-02
-5.4456712906768248e-02
-6.2174906317656695e-02
-7.0874498139237782e-02
-8.0656977473041236e-02
-9.1615354705116891e-02
-1.0386441167063541e-01
-1.1751457608158825e-01
-1.3267505268051902e-01
-1.4947009299168712e-01
-1.6800484063386784e-01
-1.8840294307685063e-01
-2.1078644972869898e-01
-2.3526491882839168e-01
-2.6195112631476236e-01
-2.9094727526324543e-01
-3.2234483532505892e-01
-3.5622778395172938e-01
-3.9266377846535239e-01
-4.3170452618942917e-01
-4.7338273779596390e-01
-5.1771273618878433e-01
-5.6460444471519067e-01
-6.1406936632145026e-01
-6.6605223987070539e-01
-7.2045275226810901e-01
-7.7715192509628139e-01
-8.3591395067498164e-01
-8.9649703633404210e-01
-9.5878986545554845e-01
-1.0225313597473362e+00
-1.0872815759339813e+00
-1.1527719284018876e+00
-1.2187719523354381e+00
-1.2847356178325442e+00
-1.3503294633622425e+00
-1.4153210443229860e+00
-1.4789073165373594e+00
-1.5411260329302272e+00
-1.6011945772058165e+00
-1.6590436852787314e+00
-1.7139565557472702e+00
-1.7659572774324637e+00
-1.8142339626679318e+00
-1.8589492708989179e+00
-1.8994586699251006e+00
-1.9356950813630407e+00
-1.9675967060165471e+00
-1.9945641325191861e+00
-2.0168789694538032e+00
-2.0344280116133970e+00
-2.0468572233051674e+00
-2.0544497101624630e+00
-2.0572300272256214e+00
-2.0551986098429595e+00
-2.0483554549887413e+00
-2.0370097538335021e+00
-2.0213476591805910e+00
0.0000000000000000e+00
1.3464638167935297e-01
0.0000000000000000e+00
0.0000000000000000e+00
];
