%Vec Object:sol 1 MPI processes
%  type: mpi
sol = [
0.0000000000000000e+00
-7.7571440193946204e+00
-7.2729737363504245e+00
-6.8238027067700919e+00
-6.4068004502340488e+00
-6.0201372924480721e+00
-5.6596484782985295e+00
-5.3224526773896610e+00
-5.0054266506627991e+00
-4.7045810075036547e+00
-4.4211435174600684e+00
-4.1540363385382433e+00
-3.8996373210594455e+00
-3.6579695254608038e+00
-3.4294427980064826e+00
-3.2112127234422965e+00
-3.0041201854469146e+00
-2.8072298515578669e+00
-2.6198433192012716e+00
-2.4420819280709849e+00
-2.2727509817572811e+00
-2.1124463982794413e+00
-1.9603462357515895e+00
-1.8161046417596034e+00
-1.6801089760914256e+00
-1.5511350754885225e+00
-1.4296786026575261e+00
-1.3155063802446840e+00
-1.2079069986595035e+00
-1.1069798744950197e+00
-1.0125597528688723e+00
-9.2440569153102392e-01
-8.4202523667400131e-01
-7.6534959070194730e-01
-6.9420943535807633e-01
-6.2834114735138469e-01
-5.6749418102161830e-01
-5.1140989736703191e-01
-4.5981878571114809e-01
-4.1245800410111005e-01
-3.6914442492467447e-01
-3.2963053770018780e-01
-2.9369514252491818e-01
-2.6109531391587459e-01
-2.3158242785651467e-01
-2.0496531039832125e-01
-1.8102670574314247e-01
-1.5952156583438334e-01
-1.4029394507110529e-01
-1.2315534102271351e-01
-1.0788107697417697e-01
-9.4342474255840997e-02
-8.2383167757802092e-02
-7.1814323622381188e-02
-6.2524119335326811e-02
-5.4392718443083361e-02
-4.7267405638243977e-02
-4.1053403891701444e-02
-3.5665001354308334e-02
-3.0983002103433754e-02
-2.6928697318034215e-02
-2.3446120713735204e-02
-2.0445199205048493e-02
-1.7861357265655641e-02
-1.5663034091480871e-02
-1.3784056498572799e-02
-1.2171586282064772e-02
-1.0812972672057344e-02
-9.6606595995646777e-03
-8.6711671457521157e-03
-7.8456618601761112e-03
-7.1504062540216438e-03
-6.5491853168357199e-03
-6.0526413435302235e-03
-5.6368062021899630e-03
-5.2711007215729775e-03
-4.9721580983336823e-03
-4.7225520264768056e-03
-4.4962156272966127e-03
-4.3131109799873371e-03
-4.1598951688228050e-03
-4.0143471463759484e-03
-3.8978040231088481e-03
-3.7991983888269534e-03
-3.6998509280114626e-03
-3.6210856735655202e-03
-3.5528150453265120e-03
-3.4798550763957283e-03
-3.4225538623896515e-03
-3.3708895857834592e-03
-3.3132901822935431e-03
-3.2684710432461018e-03
-3.2258352892907747e-03
-3.1776279949310283e-03
-3.1404877341299972e-03
-3.1027915412207355e-03
-3.0608425522239587e-03
-3.0289052586572247e-03
-2.9940128345317106e-03
-2.9567685216016736e-03
-2.9288672238269287e-03
-2.8957787003885170e-03
-2.8626256561098528e-03
-2.8384172336442300e-03
-2.8069060755852543e-03
-2.7779496904426133e-03
-2.7578123590959822e-03
-2.7284414407257782e-03
-2.7046380525527543e-03
-2.6899276447701391e-03
-2.6644363721599032e-03
-2.6481348216398507e-03
-2.6394371117593046e-03
-2.6241228140134231e-03
-2.6202192497574955e-03
-2.6232202352882636e-03
-2.6262565703285504e-03
-2.6443457004680275e-03
-2.6709634213438831e-03
-2.7070267282566745e-03
-2.7651809445091331e-03
-2.8376042832719481e-03
-2.9337291854802483e-03
-3.0648568034225532e-03
-3.2230248891105015e-03
-3.4273935151363896e-03
-3.6885575713828302e-03
-4.0030360950058588e-03
-4.3987691499076794e-03
-4.8864524734657513e-03
-5.4772078629771260e-03
-6.2030437933824024e-03
-7.0807022441534652e-03
-8.1393205725960385e-03
-9.4190992027369767e-03
-1.0947377234630077e-02
-1.2775830526198493e-02
-1.4957763117313795e-02
-1.7538048216219175e-02
-2.0595216003789760e-02
-2.4199319774671046e-02
-2.8427859376884038e-02
-3.3382806272422634e-02
-3.9161422341625958e-02
-4.5880890693913989e-02
-5.3672922553127937e-02
-6.2666954060504237e-02
-7.3022911587903624e-02
-8.4904133555752964e-02
-9.8481139021447311e-02
-1.1394999657991915e-01
-1.3150589895178591e-01
-1.5135845117503857e-01
-1.7372926971644168e-01
-1.9883721583763317e-01
-2.2691456259889545e-01
-2.5818993408428736e-01
-2.9288684864857628e-01
-3.3122700754039025e-01
-3.7341672777092944e-01
-4.1964612782554350e-01
-4.7008273073432832e-01
-5.2486786127443408e-01
-5.8403225097064704e-01
-6.4765453829736597e-01
-7.1577863094420868e-01
-7.8836022809982298e-01
-8.6531102917911851e-01
-9.4641697162533933e-01
-1.0312606674038223e+00
-1.1197508860826488e+00
-1.2115127638836511e+00
-1.3058565356820622e+00
-1.4023467612546521e+00
-1.5005830726301552e+00
-1.5994597255004852e+00
-1.6987137899631932e+00
-1.7972957922549433e+00
-1.8946359246750346e+00
-1.9897379054796291e+00
-2.0821398970667282e+00
-2.1705746304481393e+00
-2.2548161435994261e+00
-2.3338793897307153e+00
-2.4070255907320934e+00
-2.4739657894467979e+00
-2.5341194659710657e+00
-2.5868078583625596e+00
-2.6318190304020388e+00
-2.6689598800163776e+00
-2.6980619837081141e+00
-2.7190056335019923e+00
-2.7317578872563737e+00
-2.7364279302278254e+00
-2.7331107252790949e+00
-2.7220574754910412e+00
-2.7035322498445167e+00
-2.6778545008241705e+00
-2.6454438118176200e+00
0.0000000000000000e+00
2.4055929233035767e-01
0.0000000000000000e+00
0.0000000000000000e+00
];
