%Vec Object:sol 1 MPI processes
%  type: mpi
sol = [
0.0000000000000000e+00
-7.1298845126593688e+00
-6.7185280042293813e+00
-6.3320058849073355e+00
-5.9748484385701248e+00
-5.6428745735926933e+00
-5.3325715725373435e+00
-5.0369910301835725e+00
-4.7599766261973970e+00
-4.4991186587803655e+00
-4.2507465999596699e+00
-4.0147932296241011e+00
-3.7915929828159451e+00
-3.5779710033609970e+00
-3.3746409182749839e+00
-3.1815308365287138e+00
-2.9958764034742882e+00
-2.8198356646017797e+00
-2.6508012201348512e+00
-2.4903408943426530e+00
-2.3362435405344328e+00
-2.1902212777119785e+00
-2.0500770318453059e+00
-1.9169991369983264e+00
-1.7901776219592658e+00
-1.6694181110819473e+00
-1.5549257708775328e+00
-1.4459316360280674e+00
-1.3426445142772936e+00
-1.2449891494091045e+00
-1.1526144595743320e+00
-1.0652385022864426e+00
-9.8296056788857422e-01
-9.0558798388246797e-01
-8.3295438802395683e-01
-7.6467495163614252e-01
-7.0075905584403653e-01
-6.4107502371659175e-01
-5.8544115688062792e-01
-5.3368155140495321e-01
-4.8561449993028910e-01
-4.4106352570446233e-01
-3.9981404311740987e-01
-3.6173512678032471e-01
-3.2666611155810793e-01
-2.9445988087591662e-01
-2.6494814147342211e-01
-2.3793655896604074e-01
-2.1330016191349610e-01
-1.9088493664546144e-01
-1.7050185366693979e-01
-1.5204131248340855e-01
-1.3536696110129803e-01
-1.2030979066914375e-01
-1.0676687421505089e-01
-9.4625495907592491e-02
-8.3739806880311227e-02
-7.4015102724508314e-02
-6.5363094594031626e-02
-5.7662014087373058e-02
-5.0826726680443871e-02
-4.4792381783536353e-02
-3.9460410196239915e-02
-3.4755877771160334e-02
-3.0635091786850088e-02
-2.7020485330893046e-02
-2.3847231314573225e-02
-2.1089698936485757e-02
-1.8688317280324475e-02
-1.6587754849606770e-02
-1.4776974327440622e-02
-1.3211094237295207e-02
-1.1843310334258351e-02
-1.0673753732030727e-02
-9.6689821840755738e-03
-8.7896409107027160e-03
-8.0438992814880934e-03
-7.4067984942580573e-03
-6.8454293194260517e-03
-6.3733074222725086e-03
-5.9714248509425572e-03
-5.6124968921800068e-03
-5.3131820523300002e-03
-5.0583542498671974e-03
-4.8257570752334115e-03
-4.6334632691699051e-03
-4.4686036468098676e-03
-4.3135739393090101e-03
-4.1865533600129162e-03
-4.0756944030480372e-03
-3.9678560909331738e-03
-3.8803669233632267e-03
-3.8014882393386370e-03
-3.7224979189136830e-03
-3.6591949857046617e-03
-3.5992920811394212e-03
-3.5385437461799229e-03
-3.4907578596420196e-03
-3.4426418942459973e-03
-3.3945524679961530e-03
-3.3580136751103938e-03
-3.3184343821949219e-03
-3.2809393179472541e-03
-3.2546190708668673e-03
-3.2234188320245495e-03
-3.1974557591071934e-03
-3.1833577878041105e-03
-3.1635717137252759e-03
-3.1534907272749713e-03
-3.1573853193847369e-03
-3.1563142969620451e-03
-3.1713222177345069e-03
-3.2021322636079231e-03
-3.2360921988946944e-03
-3.2930307710898584e-03
-3.3705874252236618e-03
-3.4643992410527949e-03
-3.5923522165508290e-03
-3.7512819039382294e-03
-3.9459506376084072e-03
-4.1933765261399055e-03
-4.4907863267509701e-03
-4.8532763105445980e-03
-5.2985327567129691e-03
-5.8258651413795664e-03
-6.4624093794696403e-03
-7.2276732291439326e-03
-8.1281517196539078e-03
-9.2024757016957622e-03
-1.0473184068957685e-02
-1.1964263279223212e-02
-1.3721305987224463e-02
-1.5775840916612240e-02
-1.8172470147014921e-02
-2.0967441340342740e-02
-2.4205175698756430e-02
-2.7954271885891575e-02
-3.2284848199492240e-02
-3.7258202387625727e-02
-4.2969817052591008e-02
-4.9505374365054637e-02
-5.6957358930965013e-02
-6.5439165740435484e-02
-7.5057476164742051e-02
-8.5935215265437140e-02
-9.8205427113415913e-02
-1.1199571785329608e-01
-1.2745611789630076e-01
-1.4473468063096293e-01
-1.6398022112020028e-01
-1.8535620184855839e-01
-2.0901877710146430e-01
-2.3512762432087578e-01
-2.6384308020994585e-01
-2.9531546646416723e-01
-3.2969363518627076e-01
-3.6711400161708158e-01
-4.0769950381412312e-01
-4.5155723331391950e-01
-4.9877483363024977e-01
-5.4932761666459673e-01
-6.0331146641844735e-01
-6.6073601266471005e-01
-7.2156441826238460e-01
-7.8573021985424585e-01
-8.5312956926913686e-01
-9.2338112486831325e-01
-9.9648516657159247e-01
-1.0722038293011078e+00
-1.1502215494656083e+00
-1.2299129685526926e+00
-1.3112135508751701e+00
-1.3936944072044328e+00
-1.4764906951142316e+00
-1.5595819134084559e+00
-1.6421308481986154e+00
-1.7237422038138372e+00
-1.8038243082141587e+00
-1.8818225983944865e+00
-1.9571660378964344e+00
-2.0294874375274836e+00
-2.0979578224152831e+00
-2.1625300882506746e+00
-2.2223846098332771e+00
-2.2772648576002945e+00
-2.3270047219855208e+00
-2.3711150743005267e+00
-2.4092287810470423e+00
-2.4414411893304897e+00
-2.4675507782137265e+00
-2.4874882551685058e+00
-2.5010806260089993e+00
-2.5083918952513997e+00
-2.5096366985350675e+00
-2.5048805013985285e+00
-2.4943124242035650e+00
-2.4781166780733850e+00
-2.4565132222568118e+00
-2.4298018821598606e+00
0.0000000000000000e+00
2.4055929233035767e-01
0.0000000000000000e+00
0.0000000000000000e+00
];
