%Vec Object:sol 1 MPI processes
%  type: mpi
sol = [
0.0000000000000000e+00
-3.2878109532153658e+01
-2.5851250593317769e+01
-2.0886611270294388e+01
-1.7198976675063179e+01
-1.4308312261758969e+01
-1.1972955775446811e+01
-1.0032967694415337e+01
-8.3948532385985235e+00
-6.9979553406351078e+00
-5.7996173271329940e+00
-4.7731700538848356e+00
-3.8951113903124357e+00
-3.1482374853355073e+00
-2.5184280863227033e+00
-1.9923758110602376e+00
-1.5574919816412611e+00
-1.2026385086124545e+00
-9.1697645608461353e-01
-6.8996509980746146e-01
-5.1229846085219166e-01
-3.7531494193994008e-01
-2.7132326360073161e-01
-1.9361298737445970e-01
-1.3640721498148592e-01
-9.4961736500267138e-02
-6.5435609220667282e-02
-4.4711229619369110e-02
-3.0358606829275232e-02
-2.0613663320492578e-02
-1.4103728161162959e-02
-9.7556352231084609e-03
-6.9418098222930732e-03
-5.1605443291260046e-03
-3.9894101075429655e-03
-3.2589377137786364e-03
-2.8255652285845002e-03
-2.5343676353071177e-03
-2.3437129088845167e-03
-2.2415077692930301e-03
-2.1679827948207866e-03
-2.0981981081634321e-03
-2.0652096435172583e-03
-2.0448013036920942e-03
-1.9983524054588628e-03
-1.9767634782200893e-03
-1.9728312566965754e-03
-1.9303271046358531e-03
-1.9094248073325663e-03
-1.9093066734434650e-03
-1.8720749509690362e-03
-1.8504550989931912e-03
-1.8482635575551502e-03
-1.8193750833472469e-03
-1.7971726984903065e-03
-1.7932703237462338e-03
-1.7710708914723912e-03
-1.7485939540056255e-03
-1.7433908765726353e-03
-1.7265349873480328e-03
-1.7040673060817987e-03
-1.6979274159994752e-03
-1.6852940395438482e-03
-1.6630819077978552e-03
-1.6563233628617083e-03
-1.6469739934955850e-03
-1.6252299350410977e-03
-1.6181300889489198e-03
-1.6112672932566167e-03
-1.5901740104783814e-03
-1.5829735983716789e-03
-1.5779262870298494e-03
-1.5576377333250263e-03
-1.5505427446008044e-03
-1.5467439953615921e-03
-1.5273875785718361e-03
-1.5205724223503758e-03
-1.5175421142920912e-03
-1.4992209146478060e-03
-1.4928315022546274e-03
-1.4901623750148473e-03
-1.4729583036078384e-03
-1.4671158260394534e-03
-1.4644625714523526e-03
-1.4484392933815625e-03
-1.4432436037573667e-03
-1.4403138129665304e-03
-1.4255195537674116e-03
-1.4210523472959651e-03
-1.4175992157788131e-03
-1.4040697611772963e-03
-1.4003979177174186e-03
-1.3962146504870713e-03
-1.3839762378447587e-03
-1.3811550508773466e-03
-1.3760699367213667e-03
-1.3651408078625608e-03
-1.3632158495083095e-03
-1.3570897797394918e-03
-1.3474840437229221e-03
-1.3464950209522908e-03
-1.3392222144974343e-03
-1.3309506164006278e-03
-1.3309319047116041e-03
-1.3224246003167039e-03
-1.3154945172641945e-03
-1.3164747520196347e-03
-1.3066642839421497e-03
-1.3010784280060353e-03
-1.3030790930743865e-03
-1.2919099829561463e-03
-1.2876637715475878e-03
-1.2881668080439218e-03
-1.2781269875826627e-03
-1.2752091033832085e-03
-1.2737169060878469e-03
-1.2652721485426528e-03
-1.2636664186540668e-03
-1.2601845761896567e-03
-1.2533013349970178e-03
-1.2529899568353262e-03
-1.2475398780438401e-03
-1.2421860137195415e-03
-1.2431518366498471e-03
-1.2357560087072051e-03
-1.2319006907729750e-03
-1.2331556611960902e-03
-1.2248115949372938e-03
-1.2224244686373602e-03
-1.2213764829694779e-03
-1.2146897309715879e-03
-1.2137397402921986e-03
-1.2104431808561741e-03
-1.2053709233856339e-03
-1.2058262762611684e-03
-1.2003452155288882e-03
-1.1968453647842685e-03
-1.1982556700242777e-03
-1.1910629331036971e-03
-1.1890941730253691e-03
-1.1880985627690946e-03
-1.1825798977035729e-03
-1.1821012408825525e-03
-1.1787728665176836e-03
-1.1748795274121471e-03
-1.1758512279256904e-03
-1.1702668682057214e-03
-1.1679529161068016e-03
-1.1679586937544304e-03
-1.1625739007786267e-03
-1.1618076126766299e-03
-1.1594552341114663e-03
-1.1557808894311810e-03
-1.1566403899096822e-03
-1.1522599296967119e-03
-1.1507207720424309e-03
-1.1519965236353560e-03
-1.1494771891562227e-03
-1.1532645748632984e-03
-1.1591677467044693e-03
-1.1710999337498336e-03
-1.1994504571829195e-03
-1.2439366563725444e-03
-1.3287939323877534e-03
-1.4782927202526672e-03
-1.7306382882549768e-03
-2.1617638955868240e-03
-2.8731232831561899e-03
-4.0351869281612203e-03
-5.9042662355409956e-03
-8.8494222104490393e-03
-1.3429607233945451e-02
-2.0425538423683370e-02
-3.0932565605092104e-02
-4.6449930935662499e-02
-6.8959428846654930e-02
-1.0104469376603352e-01
-1.4594916677346867e-01
-2.0762586940810082e-01
-2.9072354191765154e-01
-4.0043181703365394e-01
-5.4228505968187757e-01
-7.2176062606497271e-01
-9.4369753791010913e-01
-1.2115795639909697e+00
-1.5264230293594157e+00
-1.8865097129779291e+00
-2.2861586124145732e+00
-2.7158937074003342e+00
-3.1614345909468127e+00
-3.6062372078883871e+00
-4.0312446197134095e+00
-4.4163314617363874e+00
-4.7440312644226443e+00
-4.9989748753612728e+00
-5.1707911386853924e+00
-5.2530196643486597e+00
-5.2455329891421680e+00
-5.1523597844706899e+00
0.0000000000000000e+00
1.3464638167935297e-01
0.0000000000000000e+00
0.0000000000000000e+00
];
