%Vec Object:sol 1 MPI processes
%  type: mpi
sol = [
0.0000000000000000e+00
-1.4438372245138030e+01
-1.2972032841671618e+01
-1.1713283306860180e+01
-1.0638707425238270e+01
-9.7117209775643669e+00
-8.9027962083227017e+00
-8.1899826598777086e+00
-7.5566601401775335e+00
-6.9884155838880035e+00
-6.4748677619850232e+00
-6.0085636267894751e+00
-5.5821599017528269e+00
-5.1902786499203080e+00
-4.8290002545799737e+00
-4.4947288203836395e+00
-4.1842283064685928e+00
-3.8951588724604109e+00
-3.6243260358671789e+00
-3.3712976126220608e+00
-3.1345930712397072e+00
-2.9122002224423795e+00
-2.7035405524639726e+00
-2.5077739294974117e+00
-2.3234309962535780e+00
-2.1508253037816316e+00
-1.9881104646135612e+00
-1.8357786869643296e+00
-1.6926607778515950e+00
-1.5585334257155565e+00
-1.4330678794337535e+00
-1.3154336949418546e+00
-1.2056619679835223e+00
-1.1033232059982589e+00
-1.0077837775897101e+00
-9.1893964878654755e-01
-8.3648085787465865e-01
-7.6007748919573537e-01
-6.8933432163515662e-01
-6.2393218438889297e-01
-5.6367424395286259e-01
-5.0826304558632196e-01
-4.5741805384966433e-01
-4.1085872972454007e-01
-3.6830468734135713e-01
-3.2951541991461697e-01
-2.9421870641619768e-01
-2.6215208233937054e-01
-2.3313714302331165e-01
-2.0694988419973806e-01
-1.8333673278940429e-01
-1.6212726598596416e-01
-1.4312980095993574e-01
-1.2612421207310837e-01
-1.1096126993420943e-01
-9.7486143243000797e-02
-8.5514121525040496e-02
-7.4916271943008234e-02
-6.5573698927730545e-02
-5.7336411340517472e-02
-5.0094933041306244e-02
-4.3763349471058741e-02
-3.8223621537742704e-02
-3.3384285912488515e-02
-2.9188075298941990e-02
-2.5544748731010522e-02
-2.2378838516383576e-02
-1.9656680919494043e-02
-1.7310998234424346e-02
-1.5280020285789252e-02
-1.3548525842826214e-02
-1.2067332792294555e-02
-1.0786015960338111e-02
-9.7030135943288950e-03
-8.7827575778015535e-03
-7.9840338172207457e-03
-7.3147984741515756e-03
-6.7492406499829946e-03
-6.2536064134372333e-03
-5.8419777856890216e-03
-5.4951566358399841e-03
-5.1855408925413019e-03
-4.9306869388030770e-03
-4.7155567719048578e-03
-4.5178150638578310e-03
-4.3565011371775224e-03
-4.2188924440346434e-03
-4.0873928231419006e-03
-3.9810790485316208e-03
-3.8881967693026524e-03
-3.7956352380672065e-03
-3.7214894545143920e-03
-3.6540115197174821e-03
-3.5845138516493900e-03
-3.5294092363910294e-03
-3.4762811132957637e-03
-3.4209248262565307e-03
-3.3776028174792934e-03
-3.3327654524567081e-03
-3.2868192949264494e-03
-3.2515756993525208e-03
-3.2120448045463712e-03
-3.1734007342852275e-03
-3.1448323780629089e-03
-3.1097133647551532e-03
-3.0781771372141273e-03
-3.0567136335389214e-03
-3.0269646076318104e-03
-3.0042393986904193e-03
-2.9923493108293289e-03
-2.9712112480212412e-03
-2.9615707548482167e-03
-2.9621726147658002e-03
-2.9589039575631483e-03
-2.9707190515947603e-03
-2.9935981080774095e-03
-3.0211955254084160e-03
-3.0696476532494701e-03
-3.1331596881486292e-03
-3.2136559479886222e-03
-3.3251619560975337e-03
-3.4608905606561759e-03
-3.6318014745077456e-03
-3.8508621757380201e-03
-4.1114493982903726e-03
-4.4347134901849524e-03
-4.8330904198865291e-03
-5.3046525943856830e-03
-5.8794822177930797e-03
-6.5699435334511764e-03
-7.3886357520377335e-03
-8.3691301137698553e-03
-9.5290144605642904e-03
-1.0897905869626903e-02
-1.2515906181366897e-02
-1.4409088661140618e-02
-1.6627025988071607e-02
-1.9219459385959418e-02
-2.2225838679885271e-02
-2.5717561130059494e-02
-2.9754982274965973e-02
-3.4403874000118420e-02
-3.9750802982962324e-02
-4.5873367991503620e-02
-5.2865542991407818e-02
-6.0831303682218001e-02
-6.9867351441059655e-02
-8.0095483491424521e-02
-9.1635109453579125e-02
-1.0460671521323443e-01
-1.1914997289752301e-01
-1.3539720207157299e-01
-1.5348870539704831e-01
-1.7356023173152366e-01
-1.9575400357038850e-01
-2.2021660265103038e-01
-2.4708482827704598e-01
-2.7648689504884255e-01
-3.0854798580603049e-01
-3.4337727247084571e-01
-3.8107036988078491e-01
-4.2170526566210847e-01
-4.6533953973522230e-01
-5.1200404008199618e-01
-5.6167418368395039e-01
-6.1427936112906001e-01
-6.6980797210878618e-01
-7.2816815641950572e-01
-7.8922320144743974e-01
-8.5278099604682633e-01
-9.1846231180476900e-01
-9.8616297526469510e-01
-1.0556009811242335e+00
-1.1263165815054899e+00
-1.1978758400806511e+00
-1.2700725912324984e+00
-1.3422526065688671e+00
-1.4140059403332226e+00
-1.4850167452423382e+00
-1.5544092286057882e+00
-1.6221929952109826e+00
-1.6873380496213761e+00
-1.7499182038101608e+00
-1.8089427492045465e+00
-1.8644301420819589e+00
-1.9157096293890155e+00
-1.9625070973764847e+00
-2.0046646531522958e+00
-2.0415416563506805e+00
-2.0732213898983209e+00
-2.0995742699946676e+00
-2.1202184309793450e+00
-2.1352191926057746e+00
-2.1446759996250204e+00
-2.1485665292528959e+00
-2.1467773117003426e+00
-2.1395990905213389e+00
-2.1272168603286268e+00
-2.1098510573941658e+00
0.0000000000000000e+00
1.3464638167935297e-01
0.0000000000000000e+00
0.0000000000000000e+00
];
