%Vec Object:sol 1 MPI processes
%  type: mpi
sol = [
0.0000000000000000e+00
-1.2068042090475712e+01
-1.1038135286968455e+01
-1.0125116779597651e+01
-9.3223068772780593e+00
-8.6147391334718346e+00
-7.9872682569209008e+00
-7.4275193325664892e+00
-6.9254818614910647e+00
-6.4716091149313995e+00
-6.0588705439192720e+00
-5.6822377615652924e+00
-5.3347047287388323e+00
-5.0127892919893950e+00
-4.7151897051010963e+00
-4.4390340740048240e+00
-4.1813338220580185e+00
-3.9385104916405953e+00
-3.7116506851798974e+00
-3.4988437163706880e+00
-3.2969168269108682e+00
-3.1071724954180389e+00
-2.9279348788984518e+00
-2.7575533779502392e+00
-2.5970302497380988e+00
-2.4439641298570436e+00
-2.2994525381300508e+00
-2.1616587804618290e+00
-2.0315677656231292e+00
-1.9073259700805800e+00
-1.7897847675923719e+00
-1.6780539724321943e+00
-1.5719737205821727e+00
-1.4715421470882648e+00
-1.3759585033490913e+00
-1.2855008651331699e+00
-1.1999294143777530e+00
-1.1187406259977215e+00
-1.0419629150230085e+00
-9.6947460548483810e-01
-9.0109402830789587e-01
-8.3645964212909762e-01
-7.7555200866598961e-01
-7.1826544265388137e-01
-6.6444163922738708e-01
-6.1391898289382751e-01
-5.6651981958166819e-01
-5.2206034388902733e-01
-4.8049602308825712e-01
-4.4169112469876015e-01
-4.0549598155765959e-01
-3.7179546317740875e-01
-3.4046599875431471e-01
-3.1136490738420675e-01
-2.8438722623333546e-01
-2.5942313981058240e-01
-2.3632821672465390e-01
-2.1500192386317918e-01
-1.9536782451568357e-01
-1.7730360738489670e-01
-1.6071380587312856e-01
-1.4551791310214018e-01
-1.3160705564693295e-01
-1.1889079730009637e-01
-1.0730412077622967e-01
-9.6752214262092295e-02
-8.7150550129939622e-02
-7.8448922454662992e-02
-7.0566372814176395e-02
-6.3425386715135798e-02
-5.6989338685372558e-02
-5.1190335350693020e-02
-4.5958727780989070e-02
-4.1269900565531176e-02
-3.7067788218113643e-02
-3.3291095438716584e-02
-2.9925424056709754e-02
-2.6924997939137444e-02
-2.4237008279931988e-02
-2.1855385321005210e-02
-1.9742951596069012e-02
-1.7855237312083744e-02
-1.6192633053136087e-02
-1.4724849435609078e-02
-1.3415426414981885e-02
-1.2269463144465620e-02
-1.1261933471752144e-02
-1.0363972529637250e-02
-9.5838217541837772e-03
-8.9002548890684610e-03
-8.2915828612456170e-03
-7.7678514936723661e-03
-7.3103801769881281e-03
-6.9042907441404233e-03
-6.5603448816974668e-03
-6.2613864716904079e-03
-5.9990771165765368e-03
-5.7840608005078672e-03
-5.5999282929889418e-03
-5.4447252193665831e-03
-5.3283944665037299e-03
-5.2347413227523242e-03
-5.1681614479555963e-03
-5.1375594574147102e-03
-5.1266517356638019e-03
-5.1463041079613378e-03
-5.2042714264858604e-03
-5.2841098241734547e-03
-5.4034214410674259e-03
-5.5689268762555352e-03
-5.7641803479725074e-03
-6.0139370000977851e-03
-6.3217223925708475e-03
-6.6789831473763224e-03
-7.1106847998076367e-03
-7.6197425607102114e-03
-8.2075525883168344e-03
-8.8985556300342165e-03
-9.6963484431843629e-03
-1.0612995767739228e-02
-1.1673345598799335e-02
-1.2882672491871781e-02
-1.4264519366233505e-02
-1.5845224117912334e-02
-1.7632880671331619e-02
-1.9663341474199753e-02
-2.1964664793107751e-02
-2.4551748497784649e-02
-2.7470685715090905e-02
-3.0750942153293725e-02
-3.4422439030860889e-02
-3.8534813156861518e-02
-4.3122484088559718e-02
-4.8230465625805317e-02
-5.3912537496271132e-02
-6.0208619799652148e-02
-6.7178145182146820e-02
-7.4878614666989224e-02
-8.3356363016238139e-02
-9.2682280168616668e-02
-1.0291449244430013e-01
-1.1411194781501541e-01
-1.2634608132747663e-01
-1.3967655845259719e-01
-1.5416138335363916e-01
-1.6987405332889702e-01
-1.8687324580030704e-01
-2.0522671056397554e-01
-2.2499364324574389e-01
-2.4622714996322623e-01
-2.6898379984509097e-01
-2.9330890483830452e-01
-3.1924371130440193e-01
-3.4682381362557407e-01
-3.7607437566237478e-01
-4.0701329370623873e-01
-4.3964772517538475e-01
-4.7394268731075767e-01
-5.0986960516372237e-01
-5.4743205496099256e-01
-5.8658708201035303e-01
-6.2727599309430215e-01
-6.6943475508285610e-01
-7.1294394176880282e-01
-7.5761191156845231e-01
-8.0342943950943824e-01
-8.5025985481954913e-01
-8.9797002203817389e-01
-9.4622659085304162e-01
-9.9496964691532241e-01
-1.0440760694813112e+00
-1.0932523316004352e+00
-1.1421963973156628e+00
-1.1908964329441620e+00
-1.2390081398953199e+00
-1.2862448784372096e+00
-1.3325987277930795e+00
-1.3775539865375581e+00
-1.4211407889118577e+00
-1.4630301015838516e+00
-1.5030072917525430e+00
-1.5409819297418441e+00
-1.5765912457324509e+00
-1.6098911209674267e+00
-1.6405087666757772e+00
-1.6684917296430948e+00
-1.6936253583472773e+00
-1.7158007059202911e+00
-1.7350962050425363e+00
-1.7511515275260179e+00
-1.7642732474633489e+00
-1.7741567870250379e+00
-1.7809349528271745e+00
-1.7847331794380890e+00
-1.7852485811996741e+00
-1.7828676324442458e+00
-1.7775478598676600e+00
-1.7692293831347714e+00
-1.7582440030342295e+00
0.0000000000000000e+00
1.3464638167935297e-01
0.0000000000000000e+00
0.0000000000000000e+00
];
