%Vec Object:sol 1 MPI processes
%  type: mpi
sol = [
0.0000000000000000e+00
-6.5576795427008205e+00
-6.2056353232269172e+00
-5.8754347761367933e+00
-5.5699115291207733e+00
-5.2851195376994999e+00
-5.0122802117011558e+00
-4.7571892810687437e+00
-4.5179548596333605e+00
-4.2876123779510573e+00
-4.0704072646893730e+00
-3.8644936919080166e+00
-3.6665174172003767e+00
-3.4789894332147098e+00
-3.2986444712721141e+00
-3.1269341110053572e+00
-2.9622810524278367e+00
-2.8045127999303139e+00
-2.6536777211045708e+00
-2.5088841430931956e+00
-2.3701292720736116e+00
-2.2374121805613543e+00
-2.1099494931737470e+00
-1.9883895000205807e+00
-1.8713387723514461e+00
-1.7598432135547819e+00
-1.6531690704639685e+00
-1.5510114565818252e+00
-1.4538009540483388e+00
-1.3610515445516758e+00
-1.2724208438911491e+00
-1.1882718231916019e+00
-1.1083669729467811e+00
-1.0323391971173967e+00
-9.6019277186500285e-01
-8.9193599106060772e-01
-8.2742754573007671e-01
-7.6654510957124355e-01
-7.0902954799499662e-01
-6.5483986097222147e-01
-6.0392590521661649e-01
-5.5615912040162763e-01
-5.1141699733752211e-01
-4.6957280486914760e-01
-4.3049439734868283e-01
-3.9407366424534285e-01
-3.6013834157117874e-01
-3.2859627529987501e-01
-2.9936716376521522e-01
-2.7233310451896092e-01
-2.4734575417825594e-01
-2.2431922619846387e-01
-2.0314453576205643e-01
-1.8368243870720508e-01
-1.6584805511548537e-01
-1.4954630045488684e-01
-1.3465044797347919e-01
-1.2107713731340315e-01
-1.0874690628636727e-01
-9.7547797939367728e-02
-8.7399549871974347e-02
-7.8238931810819382e-02
-6.9969763669155041e-02
-6.2516539704039739e-02
-5.5831892298917309e-02
-4.9835308935171942e-02
-4.4457395903068964e-02
-3.9665463597746455e-02
-3.5393643312219558e-02
-3.1579591986506124e-02
-2.8203501495196119e-02
-2.5212531637127403e-02
-2.2551792096007967e-02
-2.0212247943797060e-02
-1.8152130873082435e-02
-1.6323983061725673e-02
-1.4727331286382855e-02
-1.3329400655632756e-02
-1.2089869776711747e-02
-1.1014681562368228e-02
-1.0078027125317605e-02
-9.2462895514100508e-03
-8.5298674248338070e-03
-7.9080612994170303e-03
-7.3535013815604613e-03
-6.8793388579326039e-03
-6.4683685387100908e-03
-6.0990606852797538e-03
-5.7859038057415015e-03
-5.5138428561592630e-03
-5.2668739531974507e-03
-5.0596964849034991e-03
-4.8783337254258673e-03
-4.7121045942899713e-03
-4.5750636473104603e-03
-4.4534964949889243e-03
-4.3419555080022225e-03
-4.2532413994808612e-03
-4.1733221805892113e-03
-4.1020032986159305e-03
-4.0504452362523620e-03
-4.0039383474860515e-03
-3.9676615179670815e-03
-3.9509594509195911e-03
-3.9382830743409647e-03
-3.9404343380210474e-03
-3.9649627967443656e-03
-3.9955258028608123e-03
-4.0489318230474405e-03
-4.1311684199782832e-03
-4.2253690597419341e-03
-4.3548949627092541e-03
-4.5221907156667704e-03
-4.7177520627657774e-03
-4.9648751531229055e-03
-5.2651853672290999e-03
-5.6187992334999787e-03
-6.0484973698558915e-03
-6.5566541445292023e-03
-7.1540963128544554e-03
-7.8644216293714819e-03
-8.6922022469733268e-03
-9.6603549946130754e-03
-1.0794987123106916e-02
-1.2104687751028189e-02
-1.3626132195173130e-02
-1.5389045381446217e-02
-1.7410952478771256e-02
-1.9741385783549909e-02
-2.2414527585743169e-02
-2.5466327206690956e-02
-2.8953923749673167e-02
-3.2920923480835251e-02
-3.7423226823025263e-02
-4.2525905810024661e-02
-4.8285636605636971e-02
-5.4779557107022328e-02
-6.2085446607412068e-02
-7.0272459812374177e-02
-7.9437548864160809e-02
-8.9667663332150357e-02
-1.0105362366532544e-01
-1.1370210855847841e-01
-1.2771085600827078e-01
-1.4318806966627973e-01
-1.6024658044098244e-01
-1.7899072523000134e-01
-1.9953808930794290e-01
-2.2199966697097778e-01
-2.4648197514816947e-01
-2.7309604142314831e-01
-3.0194210541558381e-01
-3.3311580921399719e-01
-3.6670572877121882e-01
-4.0278838301944370e-01
-4.4142881488034402e-01
-4.8263940518258619e-01
-5.2644143737969629e-01
-5.7287953700254468e-01
-6.2194905432391256e-01
-6.7361948442771125e-01
-7.2783391488143911e-01
-7.8452038356256548e-01
-8.4337393691698803e-01
-9.0442328267928884e-01
-9.6751295364407131e-01
-1.0324455318489887e+00
-1.0987789723210599e+00
-1.1663942957574596e+00
-1.2350962694084919e+00
-1.3044074919630200e+00
-1.3739648585550184e+00
-1.4436782806593882e+00
-1.5127948940831060e+00
-1.5812382827354963e+00
-1.6485339925648694e+00
-1.7142109964493069e+00
-1.7780534831554327e+00
-1.8394999246058534e+00
-1.8983421035894401e+00
-1.9542039924485868e+00
-2.0066615769556604e+00
-2.0557385387524740e+00
-2.1006379475623054e+00
-2.1415825965644113e+00
-2.1783765235444936e+00
-2.2104146340417841e+00
-2.2379752204100529e+00
-2.2609661363814468e+00
-2.2791117008717316e+00
-2.2924060436254972e+00
-2.3010128202985820e+00
-2.3049452445804484e+00
-2.3042941636004906e+00
-2.2989046247607474e+00
-2.2891340499699702e+00
-2.2751303224063966e+00
-2.2570435240791942e+00
-2.2350880273931955e+00
0.0000000000000000e+00
2.4055929233035767e-01
0.0000000000000000e+00
0.0000000000000000e+00
];
