%Vec Object:sol 1 MPI processes
%  type: mpi
sol = [
0.0000000000000000e+00
-2.6737300373361862e+01
-2.2000367057289587e+01
-1.8428378168933204e+01
-1.5656232800013475e+01
-1.3441650561297633e+01
-1.1617491439061467e+01
-1.0079038254180116e+01
-8.7583386681320707e+00
-7.6125874725505511e+00
-6.6066867660295214e+00
-5.7213345655637360e+00
-4.9376942201717995e+00
-4.2433779613667530e+00
-3.6294399575413872e+00
-3.0874236294610453e+00
-2.6107739458854535e+00
-2.1938554016709202e+00
-1.8306953168402960e+00
-1.5170247823873722e+00
-1.2474624654508095e+00
-1.0179791692518132e+00
-8.2417626234630159e-01
-6.6187957540054720e-01
-5.2707447576379429e-01
-4.1625003726056781e-01
-3.2601133735025406e-01
-2.5322888153124634e-01
-1.9507848972391661e-01
-1.4911260225334497e-01
-1.1314328971115657e-01
-8.5219887109821757e-02
-6.3811515185427256e-02
-4.7572888115015033e-02
-3.5318218188414921e-02
-2.6199205441910463e-02
-1.9496358347685688e-02
-1.4577092176410573e-02
-1.1009482689773616e-02
-8.4703022635099698e-03
-6.6570768325638126e-03
-5.3579823598183408e-03
-4.4642881456541487e-03
-3.8464193905342293e-03
-3.3883723393102931e-03
-3.0847392991186066e-03
-2.8881813486706450e-03
-2.7141954031571188e-03
-2.6030786502813509e-03
-2.5403832244062638e-03
-2.4589850516572582e-03
-2.4052913609809079e-03
-2.3789448010316985e-03
-2.3311145391995704e-03
-2.2933565420630276e-03
-2.2761142318796479e-03
-2.2420804767665308e-03
-2.2087866536625797e-03
-2.1934708297971272e-03
-2.1670436155438928e-03
-2.1354231030548290e-03
-2.1204559839081332e-03
-2.0992917273437439e-03
-2.0688160479811358e-03
-2.0540195822807339e-03
-2.0368563965295766e-03
-2.0075181808006425e-03
-1.9930133142717112e-03
-1.9789371164463522e-03
-1.9508252933291177e-03
-1.9367737389273613e-03
-1.9250448991312366e-03
-1.8982508452744377e-03
-1.8848007678167889e-03
-1.8747989865030036e-03
-1.8493994135815842e-03
-1.8366772062024387e-03
-1.8278773176003027e-03
-1.8039321588283839e-03
-1.7920425933814486e-03
-1.7839984981115116e-03
-1.7615523538445008e-03
-1.7505809148622878e-03
-1.7429134406084733e-03
-1.7219973984075561e-03
-1.7120126913310540e-03
-1.7043997021913286e-03
-1.6850333925223298e-03
-1.6760896580540010e-03
-1.6682581732800075e-03
-1.6504522055474620e-03
-1.6425921071877413e-03
-1.6343121426546728e-03
-1.6180703719608626e-03
-1.6113275210579087e-03
-1.6024063737455324e-03
-1.5877265515799866e-03
-1.5821263684991584e-03
-1.5724050602956155e-03
-1.5592815695601246e-03
-1.5548440380778966e-03
-1.5441970623870441e-03
-1.5326208920109574e-03
-1.5293605797113148e-03
-1.5176804173283533e-03
-1.5076394212624365e-03
-1.5055657782122667e-03
-1.4927651257124709e-03
-1.4842442198917316e-03
-1.4833619051133038e-03
-1.4693695982278554e-03
-1.4623498645177481e-03
-1.4601288775618415e-03
-1.4474200201891598e-03
-1.4418796446290078e-03
-1.4378130022019969e-03
-1.4268444414196808e-03
-1.4227590135630652e-03
-1.4168441762823899e-03
-1.4075743221676252e-03
-1.4049177425658598e-03
-1.3971673730861474e-03
-1.3895550225306052e-03
-1.3883006697990937e-03
-1.3787273929268180e-03
-1.3727318011902746e-03
-1.3718820518636614e-03
-1.3614731793933001e-03
-1.3570545699753598e-03
-1.3540092014288694e-03
-1.3453608229413237e-03
-1.3424802136331353e-03
-1.3372861547726064e-03
-1.3303487717375852e-03
-1.3289684677475599e-03
-1.3216848910238791e-03
-1.3164133325479217e-03
-1.3160828649272400e-03
-1.3071871210301620e-03
-1.3035535101797988e-03
-1.3009415019549447e-03
-1.2938725449878129e-03
-1.2919343923378916e-03
-1.2872870448168551e-03
-1.2822942976438842e-03
-1.2825172381513861e-03
-1.2767566939607732e-03
-1.2751918765101836e-03
-1.2774452119634486e-03
-1.2767213463275261e-03
-1.2844642717261996e-03
-1.2967128407083901e-03
-1.3171854426980590e-03
-1.3569993474735057e-03
-1.4143147168549351e-03
-1.5090098882151889e-03
-1.6584121996056618e-03
-1.8811205548518960e-03
-2.2233460715004364e-03
-2.7320029435270784e-03
-3.4822483099873785e-03
-4.5823585257167947e-03
-6.1646174963542735e-03
-8.4295024695291085e-03
-1.1631854992569158e-02
-1.6105662322963829e-02
-2.2297870018129443e-02
-3.0765417518180155e-02
-4.2221544296085108e-02
-5.7549572091449668e-02
-7.7816273503935149e-02
-1.0431423044519066e-01
-1.3854678050889713e-01
-1.8224024359295418e-01
-2.3732650448072715e-01
-3.0587609812277655e-01
-3.9006735216945604e-01
-4.9208535288799632e-01
-6.1397432825249731e-01
-7.5748169682402910e-01
-9.2388658454644146e-01
-1.1136724836505802e+00
-1.3263364699196463e+00
-1.5607021319326555e+00
-1.8137649687401554e+00
-2.0817966767987643e+00
-2.3592430506376090e+00
-2.6401214875855317e+00
-2.9171758387813713e+00
-3.1825680211364253e+00
-3.4289540585356399e+00
-3.6489929629407718e+00
-3.8361509346756035e+00
-3.9854757593813832e+00
-4.0933226980219315e+00
-4.1569889567376830e+00
-4.1763209753035682e+00
-4.1519288826314238e+00
-4.0861681287003844e+00
0.0000000000000000e+00
1.3464638167935297e-01
0.0000000000000000e+00
0.0000000000000000e+00
];
