%Vec Object:sol 1 MPI processes
%  type: mpi
sol = [
0.0000000000000000e+00
-6.1066931902416961e+00
-5.7983866098804713e+00
-5.5099705104693486e+00
-5.2429848283750138e+00
-4.9888277969779793e+00
-4.7492280413615244e+00
-4.5250269167246371e+00
-4.3092713882837268e+00
-4.1059541898378802e+00
-3.9124214006266822e+00
-3.7268981147196301e+00
-3.5515141444835043e+00
-3.3813964474704350e+00
-3.2202781341774136e+00
-3.0648532779878916e+00
-2.9164498485239072e+00
-2.7733855905653568e+00
-2.6366881004437275e+00
-2.5047163744585856e+00
-2.3785211275750378e+00
-2.2565860177704895e+00
-2.1401548312491223e+00
-2.0274958337552009e+00
-1.9196842718076799e+00
-1.8162698428634279e+00
-1.7165517980823690e+00
-1.6212357672362359e+00
-1.5297859276123200e+00
-1.4418936660383666e+00
-1.3579190258990821e+00
-1.2777146101324055e+00
-1.2006483355271120e+00
-1.1271495708807149e+00
-1.0571314003789747e+00
-9.9042158312152917e-01
-9.2662381674789185e-01
-8.6600920590825792e-01
-8.0846190438359655e-01
-7.5387261000898742e-01
-7.0214790291176610e-01
-6.5307434632470529e-01
-6.0665206466602828e-01
-5.6284193048544773e-01
-5.2154473653865130e-01
-4.8267335143549089e-01
-4.4613555536707722e-01
-4.1182406178038816e-01
-3.7966542771858336e-01
-3.4956170116421142e-01
-3.2136898437291028e-01
-2.9507298477688187e-01
-2.7058789527795257e-01
-2.4780158339032779e-01
-2.2664611762014372e-01
-2.0704429277396447e-01
-1.8889022598358085e-01
-1.7211455856155039e-01
-1.5665031274941352e-01
-1.4240019768300866e-01
-1.2929414483071763e-01
-1.1727631706124447e-01
-1.0625953751972451e-01
-9.6174463739544774e-02
-8.6976691265775563e-02
-7.8589894350327261e-02
-7.0947117322772868e-02
-6.4015096392568568e-02
-5.7728358129943785e-02
-5.2023950143147084e-02
-4.6878924903425497e-02
-4.2238121670185293e-02
-3.8043827413550800e-02
-3.4282246761663644e-02
-3.0907582721618653e-02
-2.7868180315390678e-02
-2.5158012404150321e-02
-2.2739426421628142e-02
-2.0567269332829270e-02
-1.8641795984533503e-02
-1.6932140546027118e-02
-1.5399804692744280e-02
-1.4049840518800889e-02
-1.2856787051961312e-02
-1.1788757886760389e-02
-1.0854203857264377e-02
-1.0031753844403296e-02
-9.2959855129412447e-03
-8.6574976261461403e-03
-8.0978268609484573e-03
-7.5978372121108450e-03
-7.1692130522445011e-03
-6.7953936509604533e-03
-6.4633796352698558e-03
-6.1850898559786165e-03
-5.9450631680559160e-03
-5.7363565458223133e-03
-5.5704956274589476e-03
-5.4325342157374792e-03
-5.3216025958097444e-03
-5.2484335858523964e-03
-5.1982407308821810e-03
-5.1763573894779182e-03
-5.1925591265839762e-03
-5.2320888014255936e-03
-5.3067670083619695e-03
-5.4254762095168434e-03
-5.5735988137082648e-03
-5.7698848094272937e-03
-6.0226297159175993e-03
-6.3177165870191426e-03
-6.6814394939967220e-03
-7.1196264759637688e-03
-7.6266030119372368e-03
-8.2296799581405081e-03
-8.9350113022066274e-03
-9.7476459675036736e-03
-1.0695487106099764e-02
-1.1786593244128160e-02
-1.3037746010860317e-02
-1.4478685079316897e-02
-1.6120705346158698e-02
-1.7993442588116741e-02
-2.0129890830078767e-02
-2.2546083550200820e-02
-2.5285639200196136e-02
-2.8385405256357434e-02
-3.1870386593429681e-02
-3.5796448025467650e-02
-4.0204347753986701e-02
-4.5134760877450386e-02
-5.0649616417642603e-02
-5.6797958071474870e-02
-6.3638938660764699e-02
-7.1240870637485271e-02
-7.9659976312141098e-02
-8.8971469102448394e-02
-9.9249477439713657e-02
-1.1055866796822245e-01
-1.2298655630603952e-01
-1.3660953973612455e-01
-1.5150507050806797e-01
-1.6776152107770978e-01
-1.8545701696339889e-01
-2.0467520495736347e-01
-2.2550016781505769e-01
-2.4800631447312263e-01
-2.7227407404788506e-01
-2.9837529105889998e-01
-3.2637502292857096e-01
-3.5633607296424574e-01
-3.8831059919977118e-01
-4.2234215072076514e-01
-4.5841538579050706e-01
-4.9656969475209090e-01
-5.3682804334902678e-01
-5.7918316981827755e-01
-6.2361586372080269e-01
-6.7008235764231661e-01
-7.1853100153826099e-01
-7.6875869268751629e-01
-8.2073269321430797e-01
-8.7438841934974676e-01
-9.2958609405460313e-01
-9.8612554833010135e-01
-1.0436630309375714e+00
-1.1022070197279952e+00
-1.1615742372434621e+00
-1.2212868403711141e+00
-1.2812219841662182e+00
-1.3412840910450157e+00
-1.4008452974660632e+00
-1.4598957933039696e+00
-1.5181626940225572e+00
-1.5750699942010316e+00
-1.6308220240121938e+00
-1.6845275758437608e+00
-1.7365633739639246e+00
-1.7860743980248242e+00
-1.8333958506643837e+00
-1.8776991021940124e+00
-1.9193029098835668e+00
-1.9576662520055981e+00
-1.9927693716675356e+00
-2.0246093009643022e+00
-2.0526168452547089e+00
-2.0771349024144379e+00
-2.0980367219315759e+00
-2.1149376703174996e+00
-2.1281478295228458e+00
-2.1376698335048903e+00
-2.1432982645365630e+00
-2.1451514087470089e+00
-2.1434329466530846e+00
-2.1381710141073840e+00
-2.1293059854526040e+00
-2.1170467314549550e+00
-2.1015820469970303e+00
-2.0830738495447054e+00
0.0000000000000000e+00
2.4055929233035767e-01
0.0000000000000000e+00
0.0000000000000000e+00
];
