%Vec Object:sol 1 MPI processes
%  type: mpi
sol = [
0.0000000000000000e+00
-6.9353152742884685e+00
-6.5445943547041185e+00
-6.1776132106455321e+00
-5.8383187653947921e+00
-5.5227203620311682e+00
-5.2253689518138504e+00
-4.9434950883424218e+00
-4.6794166777763566e+00
-4.4303521439084781e+00
-4.1911951860809857e+00
-3.9658360209637129e+00
-3.7517848927467567e+00
-3.5461731898135618e+00
-3.3514927539240396e+00
-3.1648010907003323e+00
-2.9867879546376952e+00
-2.8166066569533084e+00
-2.6539114200908194e+00
-2.4984935024069443e+00
-2.3497023306139786e+00
-2.2076854462682576e+00
-2.0721750206722365e+00
-1.9423894772756836e+00
-1.8191238480084233e+00
-1.7011242999694047e+00
-1.5888944006653001e+00
-1.4823872874633024e+00
-1.3807451977607912e+00
-1.2843929802719858e+00
-1.1931766668749897e+00
-1.1067715900147745e+00
-1.0249164309499224e+00
-9.4771913574052247e-01
-8.7503111650733412e-01
-8.0666115382964432e-01
-7.4228423197745463e-01
-6.8189960989517828e-01
-6.2540017992566643e-01
-5.7262526077498643e-01
-5.2341201798177561e-01
-4.7760152587060584e-01
-4.3504660269019096e-01
-3.9556321622776452e-01
-3.5897684658481549e-01
-3.2520623822126821e-01
-2.9409854211858533e-01
-2.6547604101150318e-01
-2.3922408159654424e-01
-2.1520073816347149e-01
-1.9323010654077816e-01
-1.7321032292592434e-01
-1.5501359564612160e-01
-1.3847989054957802e-01
-1.2351159462207746e-01
-1.1000095999490765e-01
-9.7807290846729358e-02
-8.6838640562099931e-02
-7.7008595066100471e-02
-6.8197353134267100e-02
-6.0320262932045378e-02
-5.3311962309065056e-02
-4.7073460218583434e-02
-4.1528548187071135e-02
-3.6631405018910726e-02
-3.2302465496596953e-02
-2.8474474855672449e-02
-2.5118771033645092e-02
-2.2172928424811927e-02
-1.9578610741255057e-02
-1.7321427961017998e-02
-1.5353358628392891e-02
-1.3624480376483433e-02
-1.2131671122324203e-02
-1.0838463748911821e-02
-9.7025944194329451e-03
-8.7293405433238134e-03
-7.8910734468748793e-03
-7.1523698275417257e-03
-6.5243411041695388e-03
-5.9857734768521582e-03
-5.5073377192908545e-03
-5.1038020330481113e-03
-4.7583140356175042e-03
-4.4470387003521569e-03
-4.1866345984609829e-03
-3.9629440559727476e-03
-3.7572003956215854e-03
-3.5865742488751760e-03
-3.4382984228528432e-03
-3.2984164309364915e-03
-3.1835741184577516e-03
-3.0814075436184506e-03
-2.9826560244865432e-03
-2.9026889084499785e-03
-2.8288224341622924e-03
-2.7564910620996104e-03
-2.6992692295846124e-03
-2.6436486243023249e-03
-2.5898443008639783e-03
-2.5493077601676656e-03
-2.5073863077129718e-03
-2.4692240321818200e-03
-2.4439885424128436e-03
-2.4157158209916828e-03
-2.3947104320883946e-03
-2.3878416804314260e-03
-2.3778242007307508e-03
-2.3804399557243098e-03
-2.4004073663904751e-03
-2.4192829695557343e-03
-2.4587617257847035e-03
-2.5192884169857707e-03
-2.5890298745982619e-03
-2.6888028115811861e-03
-2.8173431425816352e-03
-2.9715336925698476e-03
-3.1706940060286719e-03
-3.4132507950052297e-03
-3.7057548642053149e-03
-4.0672245723895250e-03
-4.4970975174749911e-03
-5.0129104409063919e-03
-5.6350250083973836e-03
-6.3656860212117916e-03
-7.2351869376819271e-03
-8.2664471429954988e-03
-9.4696564011039919e-03
-1.0887293533248243e-02
-1.2546014471823510e-02
-1.4474127776979593e-02
-1.6721610216525993e-02
-1.9324599061482896e-02
-2.2332294807190785e-02
-2.5805471706096532e-02
-2.9793178473101832e-02
-3.4368228647189157e-02
-3.9605055108717924e-02
-4.5570017384758139e-02
-5.2359887127777706e-02
-6.0060607079968444e-02
-6.8768312087654854e-02
-7.8596554735742397e-02
-8.9651435147214298e-02
-1.0205354787148137e-01
-1.1593186377718989e-01
-1.3140879409139969e-01
-1.4862623121182067e-01
-1.6772237786156960e-01
-1.8883424093299983e-01
-2.1210997780632157e-01
-2.3768885288322075e-01
-2.6571058770695488e-01
-2.9631254055055178e-01
-3.2962073630206484e-01
-3.6575585006432215e-01
-4.0482462502837391e-01
-4.4691911524064176e-01
-4.9211247889105786e-01
-5.4038718253776985e-01
-5.9180550095907980e-01
-6.4637966196590746e-01
-7.0408593646674933e-01
-7.6485579512759372e-01
-8.2859498960135769e-01
-8.9500222435175802e-01
-9.6399145087277527e-01
-1.0354070093329710e+00
-1.1090011809371356e+00
-1.1841913815274603e+00
-1.2608744360982056e+00
-1.3387465011975697e+00
-1.4170679906672570e+00
-1.4956700911265526e+00
-1.5740941819712928e+00
-1.6515818840594394e+00
-1.7281246143459641e+00
-1.8025949044890530e+00
-1.8752188514543557e+00
-1.9448127337671455e+00
-2.0115226501664956e+00
-2.0745282357701917e+00
-2.1335317386400634e+00
-2.1883942861941672e+00
-2.2382747740403617e+00
-2.2832774580581798e+00
-2.3231783630889056e+00
-2.3575853752132483e+00
-2.3863258798146552e+00
-2.4094615215765085e+00
-2.4269460627743062e+00
-2.4387370165963986e+00
-2.4447230652980720e+00
-2.4450693369173044e+00
-2.4399398190432255e+00
-2.4295070898311453e+00
-2.4139360493506663e+00
-2.3934223682447029e+00
-2.3682358875864171e+00
0.0000000000000000e+00
2.4055929233035767e-01
0.0000000000000000e+00
0.0000000000000000e+00
];
