%Vec Object:sol 1 MPI processes
%  type: mpi
sol = [
0.0000000000000000e+00
-1.7181270882145530e+01
-1.5124538451963819e+01
-1.3439956913351661e+01
-1.2011482749394485e+01
-1.0811168760034031e+01
-9.7847567404113018e+00
-8.8854980600762712e+00
-8.0971071064579139e+00
-7.3974918542081349e+00
-6.7702336099608296e+00
-6.2040988612116310e+00
-5.6891419256581228e+00
-5.2182254478647510e+00
-4.7861927840604981e+00
-4.3885300365858191e+00
-4.0213448943728629e+00
-3.6818495600858725e+00
-3.3678474596520278e+00
-3.0762595826779466e+00
-2.8055347858564095e+00
-2.5550620267805142e+00
-2.3223179232698983e+00
-2.1069365127462332e+00
-1.9074607182008356e+00
-1.7233690730714715e+00
-1.5531682473208497e+00
-1.3966727960452490e+00
-1.2527692498403316e+00
-1.1207294152604266e+00
-1.0000453035715491e+00
-8.9002664334273718e-01
-7.8975799888432019e-01
-6.9882418637365029e-01
-6.1661189974810082e-01
-5.4250394799085377e-01
-4.7591407661432777e-01
-4.1625916721078721e-01
-3.6297013089106223e-01
-3.1555070736391455e-01
-2.7351354173547049e-01
-2.3637293205433124e-01
-2.0369836023684229e-01
-1.7504906495884201e-01
-1.4999676861377911e-01
-1.2820381583431986e-01
-1.0931711080600065e-01
-9.2968018085336557e-02
-7.8909979002027952e-02
-6.6872076936797309e-02
-5.6556254364636592e-02
-4.7786775521158877e-02
-4.0367071415415130e-02
-3.4074753684889353e-02
-2.8781540994934535e-02
-2.4357387567357856e-02
-2.0642863774508087e-02
-1.7546471096018642e-02
-1.4990420315063733e-02
-1.2864300742748414e-02
-1.1103160283382443e-02
-9.6677143299042992e-03
-8.4835802280264876e-03
-7.5036235347146147e-03
-6.7152899826187626e-03
-6.0693575697859554e-03
-5.5298502172239465e-03
-5.1017016750323271e-03
-4.7524609584850353e-03
-4.4527671725082211e-03
-4.2182594793897235e-03
-4.0271907735475081e-03
-3.8540484564226810e-03
-3.7204765826298605e-03
-3.6112538895707183e-03
-3.5032896455978279e-03
-3.4211090175402473e-03
-3.3532371893286051e-03
-3.2784848566654767e-03
-3.2222410989361733e-03
-3.1749627190009780e-03
-3.1173902593258540e-03
-3.0744906855028143e-03
-3.0374675343289611e-03
-2.9893100389421974e-03
-2.9537394897836537e-03
-2.9219173371118176e-03
-2.8795227859243371e-03
-2.8484922855062126e-03
-2.8194007189721701e-03
-2.7810822379087637e-03
-2.7533226814264347e-03
-2.7257172181919418e-03
-2.6906915109997849e-03
-2.6656227657323741e-03
-2.6388294101899186e-03
-2.6067133244663432e-03
-2.5840558196979532e-03
-2.5576684510620865e-03
-2.5282531452935379e-03
-2.5078570198140285e-03
-2.4816063782337017e-03
-2.4547597675289856e-03
-2.4365332994249773e-03
-2.4102202296611029e-03
-2.3858524529728983e-03
-2.3697411322155769e-03
-2.3432294880759916e-03
-2.3212947090087885e-03
-2.3072942809119023e-03
-2.2805317469113779e-03
-2.2610663226529074e-03
-2.2467542468712328e-03
-2.2223758194142977e-03
-2.2056054594782101e-03
-2.1908316862052947e-03
-2.1697933491639340e-03
-2.1563826287279960e-03
-2.1420811155394917e-03
-2.1256025075100916e-03
-2.1172087377251394e-03
-2.1056233745250156e-03
-2.0966031287585896e-03
-2.0970506351048425e-03
-2.0932127069506492e-03
-2.0981182417336630e-03
-2.1148100129310559e-03
-2.1304948078093885e-03
-2.1630823373393719e-03
-2.2109840276347400e-03
-2.2710353472098800e-03
-2.3593339268231381e-03
-2.4737407083632707e-03
-2.6221676486747740e-03
-2.8209588068822179e-03
-3.0698355080641558e-03
-3.3903036190636548e-03
-3.8018526001549723e-03
-4.3111347611310431e-03
-4.9560832694651802e-03
-5.7615007613055005e-03
-6.7565734045647247e-03
-7.9918463634750022e-03
-9.5080877496689677e-03
-1.1364525137902516e-02
-1.3633023350233567e-02
-1.6379823253325952e-02
-1.9703704720884389e-02
-2.3706223069298735e-02
-2.8497008240392113e-02
-3.4218009177926639e-02
-4.1012785611400072e-02
-4.9048447039598167e-02
-5.8515484039793023e-02
-6.9609627090458606e-02
-8.2560644043695078e-02
-9.7609844601043425e-02
-1.1501101709770771e-01
-1.3504612219716722e-01
-1.5800014722177355e-01
-1.8416907638111252e-01
-2.1385074422738468e-01
-2.4735498191867930e-01
-2.8498523794551234e-01
-3.2702840290095464e-01
-3.7375066010937597e-01
-4.2539012604899229e-01
-4.8214584681949668e-01
-5.4416584356484643e-01
-6.1153806451784209e-01
-6.8423105392162897e-01
-7.6213414954514225e-01
-8.4516071098429613e-01
-9.3306463040374188e-01
-1.0254749169717365e+00
-1.1216907820362487e+00
-1.2213737304729124e+00
-1.3238636222354354e+00
-1.4279985666065744e+00
-1.5333223963573583e+00
-1.6385892743757284e+00
-1.7429661276873722e+00
-1.8452369131896802e+00
-1.9445871512120612e+00
-2.0395761505130032e+00
-2.1296168839853364e+00
-2.2134433681228782e+00
-2.2901574032123913e+00
-2.3591841858502289e+00
-2.4197492659385862e+00
-2.4711194425646079e+00
-2.5129158847841206e+00
-2.5449151802243164e+00
-2.5669589799058321e+00
-2.5789444976122264e+00
-2.5809773215082190e+00
-2.5732394832290137e+00
-2.5560260129930867e+00
-2.5297823224840896e+00
0.0000000000000000e+00
1.3464638167935297e-01
0.0000000000000000e+00
0.0000000000000000e+00
];
