%Vec Object:sol 1 MPI processes
%  type: mpi
sol = [
0.0000000000000000e+00
-7.3923458851749801e+00
-6.9520245410488366e+00
-6.5388562240852268e+00
-6.1570704131061200e+00
-5.8025451404080446e+00
-5.4714925604987803e+00
-5.1599081777267797e+00
-4.8649368265218254e+00
-4.5874206155209221e+00
-4.3255964995343286e+00
-4.0759716338641327e+00
-3.8392277333657345e+00
-3.6150277172200633e+00
-3.4002444150122231e+00
-3.1965619936502172e+00
-3.0023667436060588e+00
-2.8168433140529152e+00
-2.6407570430646068e+00
-2.4721758086424033e+00
-2.3120936989802803e+00
-2.1593673746082738e+00
-2.0142523318256398e+00
-1.8763060846097428e+00
-1.7450805868484698e+00
-1.6209714458008564e+00
-1.5030552418907148e+00
-1.3914867915352029e+00
-1.2862909026370866e+00
-1.1869575139248563e+00
-1.0932255094927388e+00
-1.0052292384529080e+00
-9.2269386049002899e-01
-8.4539153564985570e-01
-7.7294053262451878e-01
-7.0537907115779463e-01
-6.4249676835481240e-01
-5.8408276103699053e-01
-5.2993203922608034e-01
-4.7984496973379565e-01
-4.3359493723150555e-01
-3.9094155660525409e-01
-3.5177261212758726e-01
-3.1588208186167605e-01
-2.8305707152283877e-01
-2.5313216490787627e-01
-2.2591805090288539e-01
-2.0119800333650942e-01
-1.7883331304769651e-01
-1.5865414869633479e-01
-1.4045464061855656e-01
-1.2411581094938311e-01
-1.0949113604128925e-01
-9.6401157299164361e-02
-8.4737516562043272e-02
-7.4382686395487327e-02
-6.5185886896021963e-02
-5.7050697971846746e-02
-4.9888311480852328e-02
-4.3576314386451022e-02
-3.8030845575078798e-02
-3.3189574062928467e-02
-2.8956228677436815e-02
-2.5259193243186071e-02
-2.2059107963193523e-02
-1.9282399949494423e-02
-1.6868662572539852e-02
-1.4797373290867414e-02
-1.3013639283962231e-02
-1.1466855991753235e-02
-1.0151101967695229e-02
-9.0261304600622524e-03
-8.0496040192945470e-03
-7.2262849099722125e-03
-6.5268737276360962e-03
-5.9158883379657780e-03
-5.4053927699257934e-03
-4.9738635250356714e-03
-4.5915304161741411e-03
-4.2749973886866610e-03
-4.0079377366406066e-03
-3.7654716224633684e-03
-3.5665878115755598e-03
-3.3981462513899539e-03
-3.2396436651713676e-03
-3.1108360089214001e-03
-3.0002559958013236e-03
-2.8915202157191893e-03
-2.8039758175381620e-03
-2.7267180841641448e-03
-2.6474187238037200e-03
-2.5841842511027317e-03
-2.5258746808446099e-03
-2.4642815374538531e-03
-2.4156958405782778e-03
-2.3681770649899266e-03
-2.3177786381806732e-03
-2.2785902823417139e-03
-2.2374787080576553e-03
-2.1949403190749286e-03
-2.1626167213587423e-03
-2.1259230392140917e-03
-2.0899906343060382e-03
-2.0638786712760641e-03
-2.0313899305647630e-03
-2.0025104248296800e-03
-1.9836718666730946e-03
-1.9570023777712802e-03
-1.9375893384270153e-03
-1.9292927400573448e-03
-1.9126138991913083e-03
-1.9080449570419049e-03
-1.9145911148140383e-03
-1.9187228254312334e-03
-1.9393401558819015e-03
-1.9729348909942024e-03
-2.0138133090692590e-03
-2.0784020956886276e-03
-2.1617947724483122e-03
-2.2667991363447410e-03
-2.4082609800184884e-03
-2.5808767555060490e-03
-2.7969782201411539e-03
-3.0711739218039625e-03
-3.3992587406384165e-03
-3.8046311935310538e-03
-4.3026488349734793e-03
-4.8951782317586357e-03
-5.6160482197315561e-03
-6.4824940198245423e-03
-7.5128223595039125e-03
-8.7467922836245732e-03
-1.0209621086391047e-02
-1.1939473586441781e-02
-1.3986091456226341e-02
-1.6387038014099142e-02
-1.9204410622866527e-02
-2.2502268901939671e-02
-2.6336672326680480e-02
-3.0796792642627371e-02
-3.5963399690290256e-02
-4.1924961330415900e-02
-4.8792543608746103e-02
-5.6668632200529305e-02
-6.5678537971389478e-02
-7.5958095324708000e-02
-8.7639113815667746e-02
-1.0087966146817068e-01
-1.1583821989646223e-01
-1.3267682684356596e-01
-1.5157699782989720e-01
-1.7271548810340928e-01
-1.9627710111113078e-01
-2.2245188939695762e-01
-2.5142243289763305e-01
-2.8337574701040619e-01
-3.1848938232159552e-01
-3.5693010847351264e-01
-3.9885399653939230e-01
-4.4439843602815793e-01
-4.9367845611056871e-01
-5.4675778315307999e-01
-6.0363122036344630e-01
-6.6437782952509572e-01
-7.2897721844528185e-01
-7.9736811232422711e-01
-8.6943142240901095e-01
-9.4486377599772209e-01
-1.0234597168374140e+00
-1.1050356833263866e+00
-1.1892919319832207e+00
-1.2754759690291868e+00
-1.3634496869758526e+00
-1.4527855528027727e+00
-1.5424238315879413e+00
-1.6323752854260196e+00
-1.7216020503502836e+00
-1.8097210590025061e+00
-1.8959172287586348e+00
-1.9797284623868292e+00
-2.0602538853409689e+00
-2.1373099777813902e+00
-2.2097402356934075e+00
-2.2774617241737998e+00
-2.3399883270378674e+00
-2.3965104857085966e+00
-2.4469106651302615e+00
-2.4909304350107639e+00
-2.5283239078421995e+00
-2.5587640340717690e+00
-2.5820988261045574e+00
-2.5984482350378446e+00
-2.6078004390557239e+00
-2.6102632494786899e+00
-2.6059178751784766e+00
-2.5949792490504930e+00
-2.5776643712199210e+00
-2.5542340654749252e+00
-2.5250369233222334e+00
0.0000000000000000e+00
2.4055929233035767e-01
0.0000000000000000e+00
0.0000000000000000e+00
];
