%Vec Object:sol 1 MPI processes
%  type: mpi
sol = [
0.0000000000000000e+00
-1.2785010535245739e+01
-1.1636912348412327e+01
-1.0624414259852500e+01
-9.7390194870992044e+00
-8.9653458313829422e+00
-8.2835875472186817e+00
-7.6781040947979875e+00
-7.1353104549050022e+00
-6.6457964779433771e+00
-6.2015133632859980e+00
-5.7967289924094976e+00
-5.4254709614848080e+00
-5.0833330027796126e+00
-4.7671180544018457e+00
-4.4728895047064663e+00
-4.1976021065976505e+00
-3.9407796676263862e+00
-3.7008713062046148e+00
-3.4746829901529446e+00
-3.2617151768601342e+00
-3.0619005385377664e+00
-2.8725129118300430e+00
-2.6939407609714419e+00
-2.5252223113492636e+00
-2.3654644059110472e+00
-2.2144740103162444e+00
-2.0713301595822107e+00
-1.9360651685085335e+00
-1.8079979799625088e+00
-1.6866754936940362e+00
-1.5723274336662916e+00
-1.4637951331737928e+00
-1.3614255506253801e+00
-1.2650011215694916e+00
-1.1737361992855551e+00
-1.0878216735149311e+00
-1.0070464323463406e+00
-9.3108760734958163e-01
-8.5958837266795185e-01
-7.9257041570083087e-01
-7.2982294557464766e-01
-6.7113485812754670e-01
-6.1630489458142912e-01
-5.6505584507220075e-01
-5.1733793080991908e-01
-4.7297437702616396e-01
-4.3177945630037740e-01
-3.9360072721834904e-01
-3.5827768442737395e-01
-3.2562891622389817e-01
-2.9552347825136949e-01
-2.6781640376943872e-01
-2.4230988992105620e-01
-2.1891592757655404e-01
-1.9750967485962587e-01
-1.7793612375352533e-01
-1.6008179915294835e-01
-1.4383890431045254e-01
-1.2907070300141396e-01
-1.1567204473209092e-01
-1.0355560861230302e-01
-9.2603688791835198e-02
-8.2719970919215791e-02
-7.3836921517435997e-02
-6.5855679920522575e-02
-5.8689466938049176e-02
-5.2289038038944406e-02
-4.6573203030861314e-02
-4.1465237322529998e-02
-3.6932031969987754e-02
-3.2908230426892733e-02
-2.9327224695918416e-02
-2.6169546201956224e-02
-2.3383428898755682e-02
-2.0912040917048458e-02
-1.8746934642138943e-02
-1.6847524421497721e-02
-1.5166139018795943e-02
-1.3702794964374718e-02
-1.2425708483271269e-02
-1.1295620513983242e-02
-1.0318657037660208e-02
-9.4696339345277849e-03
-8.7169448102810219e-03
-8.0707610683904245e-03
-7.5105622538145849e-03
-7.0117113075066351e-03
-6.5866935283257367e-03
-6.2180247657135958e-03
-5.8874813093685880e-03
-5.6084685402779076e-03
-5.3652263199984035e-03
-5.1455368556474678e-03
-4.9626508339325357e-03
-4.8015178853794702e-03
-4.6556682976965809e-03
-4.5374121498303818e-03
-4.4316674414767773e-03
-4.3375934030227730e-03
-4.2660291361769145e-03
-4.2013668521780770e-03
-4.1483964377390823e-03
-4.1161880278368654e-03
-4.0883275214344070e-03
-4.0753755303326962e-03
-4.0845378116304660e-03
-4.0985218159748059e-03
-4.1339269399394245e-03
-4.1962026564452337e-03
-4.2673139208511219e-03
-4.3703073701428161e-03
-4.5066841292521562e-03
-4.6655603952548376e-03
-4.8694574439887466e-03
-5.1184982252026343e-03
-5.4110212810583912e-03
-5.7682969406078121e-03
-6.1903798650524153e-03
-6.6856252913021332e-03
-7.2750630990965496e-03
-7.9597700013436593e-03
-8.7591119624979598e-03
-9.6951522253102846e-03
-1.0771345876343317e-02
-1.2019257964561755e-02
-1.3462545627014190e-02
-1.5111468640701257e-02
-1.7008251667332115e-02
-1.9178319198344111e-02
-2.1647805128300585e-02
-2.4463504731445262e-02
-2.7656959899022213e-02
-3.1271273561657410e-02
-3.5359368749558757e-02
-3.9960456511788874e-02
-4.5135214373005217e-02
-5.0943415824018956e-02
-5.7434095643633866e-02
-6.4683976771759813e-02
-7.2757602972567073e-02
-8.1722031181346827e-02
-9.1659883491194111e-02
-1.0264268489295923e-01
-1.1475227423040399e-01
-1.2807470868832732e-01
-1.4268565265747754e-01
-1.5866719788467598e-01
-1.7610658648533498e-01
-1.9508406445937673e-01
-2.1568563714513994e-01
-2.3798583264763365e-01
-2.6205765178476198e-01
-2.8797058981902418e-01
-3.1578235709083274e-01
-3.4554671549516452e-01
-3.7730551940921941e-01
-4.1108917791388300e-01
-4.4691562744962648e-01
-4.8478751267553055e-01
-5.2461930259647960e-01
-5.6644049287786269e-01
-6.1020695719752538e-01
-6.5584731066247970e-01
-7.0327716501168813e-01
-7.5237799391137339e-01
-8.0288330606227587e-01
-8.5477946871613197e-01
-9.0789567232279289e-01
-9.6204360033390679e-01
-1.0168005402317728e+00
-1.0721317116027829e+00
-1.1278218291469158e+00
-1.1834080663516815e+00
-1.2387226654947374e+00
-1.2936253237391027e+00
-1.3474741431074215e+00
-1.4003155634975861e+00
-1.4517098989957435e+00
-1.5013497566578011e+00
-1.5490983465556967e+00
-1.5944692014961661e+00
-1.6374562137692470e+00
-1.6775978273016796e+00
-1.7148636646180266e+00
-1.7489588595565551e+00
-1.7797188435744515e+00
-1.8071351503181119e+00
-1.8308016680070835e+00
-1.8509453558990281e+00
-1.8672999761297027e+00
-1.8798443921101551e+00
-1.8887162619468689e+00
-1.8937133257772036e+00
-1.8949677376613654e+00
-1.8926528665067797e+00
-1.8866475997073138e+00
-1.8771218058462480e+00
-1.8643224017049089e+00
0.0000000000000000e+00
1.3464638167935297e-01
0.0000000000000000e+00
0.0000000000000000e+00
];
