%Vec Object:sol 1 MPI processes
%  type: mpi
sol = [
0.0000000000000000e+00
-9.4196445281535830e+00
-8.7118675911600310e+00
-8.0683919875491803e+00
-7.4801274029753264e+00
-6.9387699221196275e+00
-6.4375398399320423e+00
-5.9717098252714509e+00
-5.5377576116061578e+00
-5.1317727056481592e+00
-4.7501084168003445e+00
-4.3916680562830575e+00
-4.0549962736330301e+00
-3.7386402392569171e+00
-3.4408764955123297e+00
-3.1604285947297015e+00
-2.8974912523911054e+00
-2.6500345480317837e+00
-2.4185762667207671e+00
-2.2016777145253545e+00
-1.9992565014018842e+00
-1.8104081780804797e+00
-1.6351903546001056e+00
-1.4722963613189142e+00
-1.3218137137750061e+00
-1.1832490623548606e+00
-1.0557731763703071e+00
-9.3892682328863308e-01
-8.3235356144452544e-01
-7.3545418971602838e-01
-6.4766241153655646e-01
-5.6836061352830802e-01
-4.9698397853244358e-01
-4.3307601728678868e-01
-3.7605583256694813e-01
-3.2540630926577085e-01
-2.8060969253144008e-01
-2.4112850394709373e-01
-2.0648929977873967e-01
-1.7624648556352121e-01
-1.4993635201529792e-01
-1.2713845104838459e-01
-1.0749839505525062e-01
-9.0643298191919200e-02
-7.6213417575303366e-02
-6.3950838454503861e-02
-5.3576122319786264e-02
-4.4791673725227577e-02
-3.7429114271355035e-02
-3.1290048470359690e-02
-2.6145446372848716e-02
-2.1889815307624860e-02
-1.8391926968545948e-02
-1.5490834192471914e-02
-1.3116823490477150e-02
-1.1194023339867855e-02
-9.6131485059610458e-03
-8.3284741817082932e-03
-7.3037456680789328e-03
-6.4665108335201600e-03
-5.7854226307490790e-03
-5.2508439160975249e-03
-4.8152685402616351e-03
-4.4548441858294815e-03
-4.1767941728563908e-03
-3.9498145658199198e-03
-3.7532380031361249e-03
-3.6043350132898447e-03
-3.4819682963951404e-03
-3.3663965404153087e-03
-3.2804221008457318e-03
-3.2091020609043611e-03
-3.1327584359266024e-03
-3.0768478769781279e-03
-3.0300751680732308e-03
-2.9728149309165373e-03
-2.9313734694084840e-03
-2.8964748777461705e-03
-2.8489857593374302e-03
-2.8149232227616325e-03
-2.7859660565020127e-03
-2.7441024168381083e-03
-2.7143187994075196e-03
-2.6885209253458419e-03
-2.6504869976271802e-03
-2.6236672753551424e-03
-2.5996686241326703e-03
-2.5646899552805502e-03
-2.5402817107108623e-03
-2.5173514388696768e-03
-2.4850784120703396e-03
-2.4628404104151298e-03
-2.4405285299410029e-03
-2.4107821084748552e-03
-2.3905952378135281e-03
-2.3685846249124295e-03
-2.3412511862486393e-03
-2.3230412836060975e-03
-2.3010868930554177e-03
-2.2760789516763293e-03
-2.2597889935031400e-03
-2.2376960167943571e-03
-2.2149372652138454e-03
-2.2005171274128146e-03
-2.1781186710031247e-03
-2.1575392098422165e-03
-2.1449432187715519e-03
-2.1221023020074762e-03
-2.1036409973428844e-03
-2.0928325158866105e-03
-2.0694446722224237e-03
-2.0530579034605230e-03
-2.0415561239294231e-03
-2.0200364997012099e-03
-2.0057270756083626e-03
-1.9930901573151846e-03
-1.9739788132907177e-03
-1.9618732023554551e-03
-1.9483242628596752e-03
-1.9319122416248909e-03
-1.9224595781545833e-03
-1.9086791799167852e-03
-1.8958597276851495e-03
-1.8903234209536950e-03
-1.8780906284007089e-03
-1.8712312131208874e-03
-1.8718950290883584e-03
-1.8665556201196848e-03
-1.8714826382782949e-03
-1.8836151678890351e-03
-1.8980404492196768e-03
-1.9283337955707182e-03
-1.9698287650444053e-03
-2.0272437354817746e-03
-2.1130576579662889e-03
-2.2229416725560776e-03
-2.3733384140917128e-03
-2.5781464863002968e-03
-2.8381096849864375e-03
-3.1841230623785668e-03
-3.6337597420526306e-03
-4.2085767416526702e-03
-4.9510097233483657e-03
-5.8940242130796428e-03
-7.0892932116104678e-03
-8.6019555072755268e-03
-1.0493149956908721e-02
-1.2858563683888337e-02
-1.5799498594165261e-02
-1.9429698929680123e-02
-2.3900916688472381e-02
-2.9373032644133663e-02
-3.6037895701208571e-02
-4.4120906833351833e-02
-5.3864430320878447e-02
-6.5559083198611798e-02
-7.9522684145582292e-02
-9.6102969222758225e-02
-1.1569564944144504e-01
-1.3871959971721509e-01
-1.6563021020447205e-01
-1.9691346098362777e-01
-2.3307010866746328e-01
-2.7462397241189179e-01
-3.2209901872723068e-01
-3.7601131049962394e-01
-4.3685619497597589e-01
-5.0509013908297018e-01
-5.8111029002606851e-01
-6.6522574229099307e-01
-7.5751479849434988e-01
-8.5816848256480827e-01
-9.6713721798682628e-01
-1.0842090781630043e+00
-1.2087638154028959e+00
-1.3402225921098740e+00
-1.4779487455938434e+00
-1.6205708642947960e+00
-1.7670588737323467e+00
-1.9159450271290082e+00
-2.0655713358074101e+00
-2.2142708435801857e+00
-2.3604974743901246e+00
-2.5018887987366307e+00
-2.6371532876000652e+00
-2.7645161527922593e+00
-2.8822501553156923e+00
-2.9886409569354750e+00
-3.0827458880049936e+00
-3.1634274013988835e+00
-3.2298818812176315e+00
-3.2815069922496631e+00
-3.3179574802625309e+00
-3.3390663104021887e+00
-3.3448880716798968e+00
-3.3359206450082524e+00
-3.3126931655512535e+00
-3.2758912216708618e+00
-3.2263923188814716e+00
0.0000000000000000e+00
2.4055929233035767e-01
0.0000000000000000e+00
0.0000000000000000e+00
];
