%Vec Object:sol 1 MPI processes
%  type: mpi
sol = [
0.0000000000000000e+00
-7.8230171351347364e+00
-7.3307279381878665e+00
-6.8749252716742300e+00
-6.4514353082280200e+00
-6.0588534649634447e+00
-5.6929375766375756e+00
-5.3507628653748336e+00
-5.0299481177462244e+00
-4.7248417667449818e+00
-4.4374781436734807e+00
-4.1667470764328529e+00
-3.9095962465356511e+00
-3.6647386156666255e+00
-3.4332753138548848e+00
-3.2128258433676886e+00
-3.0031995613539024e+00
-2.8044181144434126e+00
-2.6149090549689848e+00
-2.4355888641163523e+00
-2.2645384493994469e+00
-2.1029984363944494e+00
-1.9495485917082396e+00
-1.8043644606060667e+00
-1.6674282823666231e+00
-1.5377421224111565e+00
-1.4157622075920275e+00
-1.3011495611477304e+00
-1.1931885119711356e+00
-1.0921153867819373e+00
-9.9764809651970066e-01
-9.0953862009483688e-01
-8.2724249988387955e-01
-7.5081342518093119e-01
-6.7999075892245209e-01
-6.1450503045010796e-01
-5.5409844576166667e-01
-4.9850350905224183e-01
-4.4741190326361174e-01
-4.0061951542379320e-01
-3.5789880686208020e-01
-3.1899443854388398e-01
-2.8367877166408512e-01
-2.5170203174398359e-01
-2.2280916137558335e-01
-1.9680443422608893e-01
-1.7346580027653064e-01
-1.5254347738690005e-01
-1.3387875969182891e-01
-1.1728023621057657e-01
-1.0252039318728788e-01
-8.9469298963764501e-02
-7.7969374555660692e-02
-6.7830704596871447e-02
-5.8941386469060782e-02
-5.1181716957381933e-02
-4.4399191268339744e-02
-3.8499821479910552e-02
-3.3398911706627551e-02
-2.8978287759802202e-02
-2.5160548604843656e-02
-2.1891200512516723e-02
-1.9081584065015231e-02
-1.6668635062543600e-02
-1.4622386313637575e-02
-1.2878155065659560e-02
-1.1384581221144994e-02
-1.0130503489821301e-02
-9.0697317346840212e-03
-8.1600835484374259e-03
-7.4039889883551835e-03
-6.7688495833514196e-03
-6.2195009529885251e-03
-5.7675807444594373e-03
-5.3900040360924523e-03
-5.0569881926714536e-03
-4.7859040304955944e-03
-4.5599699229944418e-03
-4.3536896296279748e-03
-4.1875436583138437e-03
-4.0486354473643158e-03
-3.9151326019601831e-03
-3.8087197578732805e-03
-3.7186241129690983e-03
-3.6264190765785010e-03
-3.5536517863736425e-03
-3.4904206197070233e-03
-3.4216989626103256e-03
-3.3679724751251188e-03
-3.3193317110325224e-03
-3.2642985238276268e-03
-3.2216698253696007e-03
-3.1809135129457185e-03
-3.1343282006099753e-03
-3.0985985688022914e-03
-3.0621365844297490e-03
-3.0212738631431014e-03
-2.9902988307801484e-03
-2.9562607534530006e-03
-2.9197753812150186e-03
-2.8925467724857865e-03
-2.8600475741889487e-03
-2.8274011132943758e-03
-2.8036135296953583e-03
-2.7724282471852848e-03
-2.7436911656092793e-03
-2.7236496024383460e-03
-2.6942261796626082e-03
-2.6701931679775567e-03
-2.6550383161669249e-03
-2.6288387252078067e-03
-2.6115080913142776e-03
-2.6013886487426131e-03
-2.5841712844991123e-03
-2.5777791273480502e-03
-2.5775780413265143e-03
-2.5765451841066054e-03
-2.5895171765452905e-03
-2.6097521781871182e-03
-2.6379109702829332e-03
-2.6863390237941158e-03
-2.7468595271354021e-03
-2.8284945450869933e-03
-2.9420695001900845e-03
-3.0790673229151035e-03
-3.2580192363147790e-03
-3.4887988729994275e-03
-3.7670985369215883e-03
-4.1199396429385310e-03
-4.5569760870686257e-03
-5.0881654284925092e-03
-5.7442409069083985e-03
-6.5405231051537610e-03
-7.5046077011096538e-03
-8.6750338772967825e-03
-1.0077326658727223e-02
-1.1761268272070257e-02
-1.3778162907604283e-02
-1.6170760409619185e-02
-1.9015494270903554e-02
-2.2380251348249842e-02
-2.6340836391058706e-02
-3.0996435827468367e-02
-3.6442696903801509e-02
-4.2795099694574006e-02
-5.0183960039919213e-02
-5.8737558922199465e-02
-6.8615322512126584e-02
-7.9980571343618079e-02
-9.3004409952657158e-02
-1.0788451262355346e-01
-1.2481838144515485e-01
-1.4401906684162127e-01
-1.6571286880261363e-01
-1.9012427470230217e-01
-2.1749286443218110e-01
-2.4805577241269502e-01
-2.8204625278297918e-01
-3.1969756801731225e-01
-3.6122855358068967e-01
-4.0684334844905612e-01
-4.5672478843746533e-01
-5.1102994387384248e-01
-5.6983893623924542e-01
-6.3318608204347393e-01
-7.0115928374140601e-01
-7.7372904565753653e-01
-8.5081975733422499e-01
-9.3228217516941791e-01
-1.0176456915621697e+00
-1.1068219871962295e+00
-1.1994574177580350e+00
-1.2949676638525638e+00
-1.3927103023064162e+00
-1.4923776822615402e+00
-1.5929790960893055e+00
-1.6939824448481797e+00
-1.7945905099025019e+00
-1.8939132484008183e+00
-1.9912323595830279e+00
-2.0857409198970749e+00
-2.1764606987864341e+00
-2.2629786490843817e+00
-2.3441007144319403e+00
-2.4193874902660446e+00
-2.4883550274602162e+00
-2.5503871857086233e+00
-2.6046796624179640e+00
-2.6512492190839767e+00
-2.6897360601473115e+00
-2.7199640175395374e+00
-2.7418034455400146e+00
-2.7552180787325224e+00
-2.7603178538778002e+00
-2.7572007993981553e+00
-2.7461249754912398e+00
-2.7273634867356611e+00
-2.7012471957607680e+00
-2.6682096575348710e+00
0.0000000000000000e+00
2.4055929233035767e-01
0.0000000000000000e+00
0.0000000000000000e+00
];
