%Vec Object:sol 1 MPI processes
%  type: mpi
sol = [
0.0000000000000000e+00
-2.0836417475032391e+01
-1.7898398403955696e+01
-1.5518243521153289e+01
-1.3603498009379891e+01
-1.2029468799225109e+01
-1.0691728607338055e+01
-9.5524010595474120e+00
-8.5567331169542218e+00
-7.6829150517150486e+00
-6.9044618455551143e+00
-6.2067685405208142e+00
-5.5783085358681426e+00
-5.0090205277340001e+00
-4.4918712771827316e+00
-4.0211265874752904e+00
-3.5919942262028663e+00
-3.2009673487636676e+00
-2.8443838584253913e+00
-2.5200218018681486e+00
-2.2255744643291240e+00
-1.9584607534566356e+00
-1.7173872938896104e+00
-1.4999578718243447e+00
-1.3049071877820917e+00
-1.1306653248962384e+00
-9.7531736367077237e-01
-8.3764769390171334e-01
-7.1624034825496219e-01
-6.0966372587735107e-01
-5.1656948886158260e-01
-4.3558440855928210e-01
-3.6557579642416516e-01
-3.0540568080650998e-01
-2.5393528658415426e-01
-2.1017907654392359e-01
-1.7320205437206557e-01
-1.4209790919805812e-01
-1.1609488709408744e-01
-9.4503549201426715e-02
-7.6656545348971011e-02
-6.1978744682908628e-02
-5.0008324422447265e-02
-4.0292260499761770e-02
-3.2419432136377373e-02
-2.6114637729178273e-02
-2.1095404172806087e-02
-1.7073652134540533e-02
-1.3911501122578057e-02
-1.1444856555722355e-02
-9.4816084101340351e-03
-7.9627894926056261e-03
-6.8019670542419624e-03
-5.8804556964386001e-03
-5.1728201446159180e-03
-4.6439802863446934e-03
-4.2206430452549470e-03
-3.8917664887081287e-03
-3.6522297726264744e-03
-3.4557010387337495e-03
-3.2947269776343324e-03
-3.1808769311097236e-03
-3.0835724900940267e-03
-2.9938342046131826e-03
-2.9322009837696754e-03
-2.8773753749182424e-03
-2.8171337325480885e-03
-2.7766499028191896e-03
-2.7402319469205876e-03
-2.6924841773546871e-03
-2.6607694616898252e-03
-2.6328702529896651e-03
-2.5910666631334088e-03
-2.5634716035844471e-03
-2.5400210377712487e-03
-2.5017646375024472e-03
-2.4766459142407681e-03
-2.4558548484387918e-03
-2.4203005979636693e-03
-2.3971127042470559e-03
-2.3780652699335013e-03
-2.3449137279878550e-03
-2.3234862922804911e-03
-2.3056096944434105e-03
-2.2747409894420534e-03
-2.2550215852864268e-03
-2.2378941362110830e-03
-2.2092429840140800e-03
-2.1912114480760795e-03
-2.1744937461607959e-03
-2.1480098719286501e-03
-2.1316521831074541e-03
-2.1150610834926886e-03
-2.0906977611922042e-03
-2.0759990305022815e-03
-2.0592952676854437e-03
-2.0370052353211980e-03
-2.0239471562446170e-03
-2.0069293121056748e-03
-1.9866656530586895e-03
-1.9752278877992221e-03
-1.9577311856776572e-03
-1.9394466399078822e-03
-1.9296064297114781e-03
-1.9114870069141625e-03
-1.8951342080679797e-03
-1.8868667975221476e-03
-1.8680042101068774e-03
-1.8535361967684948e-03
-1.8468155095227342e-03
-1.8271090174307931e-03
-1.8144786645749151e-03
-1.8067498841770251e-03
-1.7886466435577378e-03
-1.7778078032588262e-03
-1.7685412228906016e-03
-1.7524762399341786e-03
-1.7433847958077582e-03
-1.7325600849017291e-03
-1.7184769925024505e-03
-1.7110958306111922e-03
-1.6987198728325192e-03
-1.6865797509682159e-03
-1.6808960663157999e-03
-1.6670122065762338e-03
-1.6568304869635771e-03
-1.6519406884111232e-03
-1.6376831837687322e-03
-1.6296474916144101e-03
-1.6232959090142461e-03
-1.6117680933019623e-03
-1.6065871952812617e-03
-1.5999081265936097e-03
-1.5926290938420532e-03
-1.5925102241485490e-03
-1.5887528133420629e-03
-1.5901790874783927e-03
-1.6009816404596027e-03
-1.6094083275710995e-03
-1.6316625803250951e-03
-1.6667516166608775e-03
-1.7135818955120320e-03
-1.7876035785476998e-03
-1.8888039581242515e-03
-2.0298754101810514e-03
-2.2299252509130523e-03
-2.4954343501320413e-03
-2.8593676549516448e-03
-3.3505915991377156e-03
-3.9995285408603587e-03
-4.8644329293173610e-03
-5.9999526458565768e-03
-7.4822661401004733e-03
-9.4112141835701289e-03
-1.1892830319880435e-02
-1.5075897536310903e-02
-1.9130591221846866e-02
-2.4254377563354596e-02
-3.0698514762382365e-02
-3.8742843318902626e-02
-4.8720369845892661e-02
-6.1018481515249766e-02
-7.6065558322338869e-02
-9.4360295670394612e-02
-1.1644782415616252e-01
-1.4292417885650713e-01
-1.7444120083416617e-01
-2.1167978909301827e-01
-2.5533464968299391e-01
-3.0613923550514005e-01
-3.6479941280530964e-01
-4.3198663584487335e-01
-5.0830402326087276e-01
-5.9425225499822254e-01
-6.9019191457683926e-01
-7.9631781432278514e-01
-9.1240909202742526e-01
-1.0383094219187099e+00
-1.1734770095680338e+00
-1.3168808914695227e+00
-1.4672434605414084e+00
-1.6233292226805671e+00
-1.7827842677226442e+00
-1.9441679472400346e+00
-2.1044608632867363e+00
-2.2618048404028768e+00
-2.4135531050385577e+00
-2.5568698566940800e+00
-2.6897644756626855e+00
-2.8099247256010309e+00
-2.9153941895177851e+00
-3.0044858890100667e+00
-3.0758901767601881e+00
-3.1287573684301169e+00
-3.1625326615345917e+00
-3.1771483216311558e+00
-3.1728454132526407e+00
-3.1501942361554152e+00
-3.1101200084969634e+00
0.0000000000000000e+00
1.3464638167935297e-01
0.0000000000000000e+00
0.0000000000000000e+00
];
