%Vec Object:sol 1 MPI processes
%  type: mpi
sol = [
0.0000000000000000e+00
-1.8103236098239741e+01
-1.5579415398687930e+01
-1.3432087575555773e+01
-1.1572486863704828e+01
-9.9417042777048756e+00
-8.5013581633823154e+00
-7.2218311866191360e+00
-6.0894996727974249e+00
-5.0883760037645853e+00
-4.2094160322521583e+00
-3.4447297468759914e+00
-2.7860338627036847e+00
-2.2256633473145975e+00
-1.7545303297440074e+00
-1.3647018913406717e+00
-1.0464483446293313e+00
-7.9085509436013468e-01
-5.8899195673813931e-01
-4.3219649623055795e-01
-3.1248164296815695e-01
-2.2259227650817554e-01
-1.5630503667294812e-01
-1.0829174636134563e-01
-7.4075268617992074e-02
-5.0119593723145388e-02
-3.3667813603518656e-02
-2.2544189552655591e-02
-1.5117283328722805e-02
-1.0280935795498646e-02
-7.1892857492906045e-03
-5.1819704709021681e-03
-3.9430283149567633e-03
-3.2033976768950883e-03
-2.7115583135304739e-03
-2.4163942970388637e-03
-2.2573823579076177e-03
-2.1377434623341476e-03
-2.0530137992668695e-03
-2.0150373476885853e-03
-1.9808218912038774e-03
-1.9356401089243806e-03
-1.9175661720174655e-03
-1.9066339700523662e-03
-1.8673972361427824e-03
-1.8506471873932519e-03
-1.8501091272862024e-03
-1.8114648058442696e-03
-1.7935111293389085e-03
-1.7955891252697074e-03
-1.7614047210057853e-03
-1.7423198910456060e-03
-1.7420784549853922e-03
-1.7157815561603448e-03
-1.6959350751456982e-03
-1.6938578259517211e-03
-1.6739144702489282e-03
-1.6536499655059485e-03
-1.6501640835944694e-03
-1.6352860250824751e-03
-1.6148958213250263e-03
-1.6103695315383085e-03
-1.5994797633831434e-03
-1.5792169593483558e-03
-1.5739729544191998e-03
-1.5661709624763675e-03
-1.5462550480532572e-03
-1.5405754868548088e-03
-1.5350970387957995e-03
-1.5157177031427105e-03
-1.5098481174557320e-03
-1.5060502938255033e-03
-1.4873674535421622e-03
-1.4815177337686386e-03
-1.4788571010511582e-03
-1.4610034981610124e-03
-1.4553515269601117e-03
-1.4533676569063389e-03
-1.4364508105759119e-03
-1.4311453149311920e-03
-1.4294473791955128e-03
-1.4135533968349875e-03
-1.4087183470015516e-03
-1.4069750535624058e-03
-1.3921714088389440e-03
-1.3879092299779110e-03
-1.3858401097469155e-03
-1.3721789276289042e-03
-1.3685740871428214e-03
-1.3659426524777231e-03
-1.3534632640615730e-03
-1.3505851355058872e-03
-1.3471932843587718e-03
-1.3359254633720265e-03
-1.3338318818044723e-03
-1.3295153801130563e-03
-1.3194807280854691e-03
-1.3182197430504508e-03
-1.3128457378676771e-03
-1.3040614581187316e-03
-1.3036751708025811e-03
-1.2971433729775212e-03
-1.2896238992649834e-03
-1.2901497989366653e-03
-1.2823778372322836e-03
-1.2761343227803890e-03
-1.2776042282351700e-03
-1.2685283598589897e-03
-1.2635673526623797e-03
-1.2660058080058315e-03
-1.2555745776815248e-03
-1.2518945369196126e-03
-1.2528443446426164e-03
-1.2434907637369293e-03
-1.2410583354638956e-03
-1.2400143597910071e-03
-1.2321836286456939e-03
-1.2310299450555616e-03
-1.2280375822568716e-03
-1.2217146381501382e-03
-1.2218047160941154e-03
-1.2168670366403563e-03
-1.2120157278815160e-03
-1.2133325161774529e-03
-1.2064721547221952e-03
-1.2030646165466330e-03
-1.2046448979968535e-03
-1.1968381219796098e-03
-1.1948468303088107e-03
-1.1941587586393814e-03
-1.1879534998027435e-03
-1.1873497952584696e-03
-1.1844470884881215e-03
-1.1798028846918768e-03
-1.1805569817415549e-03
-1.1755025071368678e-03
-1.1723795887537093e-03
-1.1740524851040646e-03
-1.1673091400322064e-03
-1.1656686753388243e-03
-1.1649753843072596e-03
-1.1598546583192343e-03
-1.1596580073939004e-03
-1.1566703451089369e-03
-1.1531256363048659e-03
-1.1543347499885720e-03
-1.1491273039063385e-03
-1.1471136352998188e-03
-1.1473635821922731e-03
-1.1423334156420409e-03
-1.1418102791759001e-03
-1.1397179777547658e-03
-1.1363007632904621e-03
-1.1372612729733948e-03
-1.1329873794760669e-03
-1.1312929660659335e-03
-1.1319844650708884e-03
-1.1282941550885041e-03
-1.1295824867806482e-03
-1.1308513464943222e-03
-1.1344271227206521e-03
-1.1480183179741006e-03
-1.1674211216163020e-03
-1.2102509425011253e-03
-1.2910432488315532e-03
-1.4337120670384765e-03
-1.6935974093339496e-03
-2.1444026666014959e-03
-2.9203536481871998e-03
-4.2337366386562972e-03
-6.4051382696324703e-03
-9.9478346818650653e-03
-1.5614962347599161e-02
-2.4517169472446199e-02
-3.8250456931337266e-02
-5.9029955212763531e-02
-8.9882351262840179e-02
-1.3479317334576596e-01
-1.9885562462721354e-01
-2.8835132165707378e-01
-4.1069160332825100e-01
-5.7418643534317826e-01
-7.8754790865374225e-01
-1.0590938952465154e+00
-1.3954612790710348e+00
-1.8000092457375192e+00
-2.2724127231846705e+00
-2.8048076817021381e+00
-3.3840410604202553e+00
-3.9891300846001334e+00
-4.5936448032412684e+00
-5.1683865178201760e+00
-5.6821015719193610e+00
-6.1089636929795015e+00
-6.4268453851879439e+00
-6.6221024756531142e+00
-6.6896229036938921e+00
-6.6322381140778806e+00
-6.4585033696396010e+00
0.0000000000000000e+00
2.4055929233035767e-01
0.0000000000000000e+00
0.0000000000000000e+00
];
