%Vec Object:sol 1 MPI processes
%  type: mpi
sol = [
0.0000000000000000e+00
-2.2753189942727396e+01
-1.9263703775604615e+01
-1.6526524583682477e+01
-1.4345741531272989e+01
-1.2555171249473995e+01
-1.1062293464443544e+01
-9.7934886390103433e+00
-8.6900949472817164e+00
-7.7265680233884249e+00
-6.8702722327327272e+00
-6.1081080884775192e+00
-5.4246853756532607e+00
-4.8090218179720665e+00
-4.2534587500899912e+00
-3.7517441079548641e+00
-3.2986665899940424e+00
-2.8902267535306772e+00
-2.5226130903523081e+00
-2.1923995583870024e+00
-1.8971357650198226e+00
-1.6338148362852030e+00
-1.4002431883814526e+00
-1.1940431956190389e+00
-1.0126936727792801e+00
-8.5433246431109333e-01
-7.1679675197581671e-01
-5.9804909644258242e-01
-4.9608832624505250e-01
-4.0913593634345208e-01
-3.3550656842485871e-01
-2.7353474337811301e-01
-2.2176286015196672e-01
-1.7881636580361246e-01
-1.4338728232000963e-01
-1.1439863368305840e-01
-9.0859910884168643e-02
-7.1842579757999389e-02
-5.6597317501642638e-02
-4.4485558563022672e-02
-3.4907048007176929e-02
-2.7371650681804364e-02
-2.1516080867441573e-02
-1.6987319585459310e-02
-1.3475137231248987e-02
-1.0806350941316803e-02
-8.7935775899067748e-03
-7.2365845312609822e-03
-6.0800205916093242e-03
-5.2327544449352762e-03
-4.5667242688248941e-03
-4.0798640367561735e-03
-3.7342201624485983e-03
-3.4520701471419074e-03
-3.2427524678659155e-03
-3.0999571528301179e-03
-2.9739024842281004e-03
-2.8727987867021680e-03
-2.8070287522487932e-03
-2.7425570649316083e-03
-2.6816969133918321e-03
-2.6436926281208778e-03
-2.6038833636717672e-03
-2.5578643315940165e-03
-2.5296956732775563e-03
-2.5007179965212114e-03
-2.4606961193325326e-03
-2.4363140145993332e-03
-2.4129745501613219e-03
-2.3760857956035197e-03
-2.3536234878893032e-03
-2.3337945196860920e-03
-2.2991802265705523e-03
-2.2781346199103325e-03
-2.2607476800504947e-03
-2.2281719794784573e-03
-2.2084479299721662e-03
-2.1928177124632079e-03
-2.1622204918879265e-03
-2.1438296566941044e-03
-2.1294355011204887e-03
-2.1007987616699013e-03
-2.0837723944406136e-03
-2.0701871811419225e-03
-2.0434981807773344e-03
-2.0278642559787056e-03
-2.0147280211110117e-03
-1.9899705097849961e-03
-1.9757490833302270e-03
-1.9627563480113632e-03
-1.9399096870049105e-03
-1.9271133084787814e-03
-1.9140051542034281e-03
-1.8930451816549028e-03
-1.8816802596620713e-03
-1.8682376309527697e-03
-1.8491364447376884e-03
-1.8392033394654633e-03
-1.8252428211927628e-03
-1.8079709242503777e-03
-1.7994662163740020e-03
-1.7848394309359175e-03
-1.7693654675200270e-03
-1.7622818628502820e-03
-1.7468599622529441e-03
-1.7331510882059391e-03
-1.7274779233182058e-03
-1.7111541207285555e-03
-1.6991765276412889e-03
-1.6949004360611196e-03
-1.6775862547993847e-03
-1.6673045422688506e-03
-1.6618810325519946e-03
-1.6460352477750877e-03
-1.6374133087201492e-03
-1.6303218908074021e-03
-1.6163880792573408e-03
-1.6093890106988228e-03
-1.6006150234576639e-03
-1.5885400702348911e-03
-1.5831266678434804e-03
-1.5726720393142977e-03
-1.5624046847945519e-03
-1.5585410048119936e-03
-1.5464100249557113e-03
-1.5379029896337808e-03
-1.5345878840970478e-03
-1.5217675139428833e-03
-1.5149876852299377e-03
-1.5096387885285951e-03
-1.4987567101736490e-03
-1.4937225855293633e-03
-1.4864824089428801e-03
-1.4776435717140061e-03
-1.4745614366915725e-03
-1.4658686421487154e-03
-1.4596112994041200e-03
-1.4589182777410184e-03
-1.4505874434484207e-03
-1.4488819452711664e-03
-1.4502084950548562e-03
-1.4500278054454994e-03
-1.4592725310409941e-03
-1.4720317057051522e-03
-1.4933932032720927e-03
-1.5327388476990729e-03
-1.5841945757153991e-03
-1.6652611343929429e-03
-1.7855668135797504e-03
-1.9518555549804431e-03
-2.1936719269612013e-03
-2.5310747836698008e-03
-2.9992543906657760e-03
-3.6501152907657368e-03
-4.5341721063983853e-03
-5.7374545041561538e-03
-7.3600063984127061e-03
-9.5224478315912003e-03
-1.2394559519440858e-02
-1.6171142856070804e-02
-2.1100572609097819e-02
-2.7490031746332712e-02
-3.5695927620659415e-02
-4.6162405086491061e-02
-5.9402413035531766e-02
-7.6011341736294050e-02
-9.6683519180246077e-02
-1.2219246500434729e-01
-1.5340673714488889e-01
-1.9127419110692667e-01
-2.3679755218893139e-01
-2.9101784943689246e-01
-3.5501138743458038e-01
-4.2981550856310841e-01
-5.1639228135006909e-01
-6.1557497533749239e-01
-7.2799451296980267e-01
-8.5402454516291759e-01
-9.9352213655470012e-01
-1.1461845691154562e+00
-1.3112575642225488e+00
-1.4871484721060511e+00
-1.6720549681634500e+00
-1.8636479575616707e+00
-2.0588723998974392e+00
-2.2545619442131204e+00
-2.4473606056227779e+00
-2.6331461723761480e+00
-2.8084650946536733e+00
-2.9697793682400064e+00
-3.1138043568823761e+00
-3.2376555733870660e+00
-3.3390022924483533e+00
-3.4161959477759547e+00
-3.4681114570383116e+00
-3.4941008277188796e+00
-3.4944107755377454e+00
-3.4698953581328293e+00
-3.4218540309170895e+00
0.0000000000000000e+00
1.3464638167935297e-01
0.0000000000000000e+00
0.0000000000000000e+00
];
