%Vec Object:sol 1 MPI processes
%  type: mpi
sol = [
0.0000000000000000e+00
-8.4208657959482505e+00
-7.8520366880676846e+00
-7.3303762103292653e+00
-6.8501691395113014e+00
-6.4032568161131636e+00
-5.9873136415243922e+00
-5.5992032718875206e+00
-5.2363237474504114e+00
-4.8954910464340715e+00
-4.5747081583906857e+00
-4.2704999807753268e+00
-3.9835161731318851e+00
-3.7125850329178531e+00
-3.4557319157347739e+00
-3.2123116802343206e+00
-2.9825702000783294e+00
-2.7640717016404408e+00
-2.5582943534667346e+00
-2.3632421273085087e+00
-2.1794747216408266e+00
-2.0058617593400818e+00
-1.8428975965945034e+00
-1.6891169700175006e+00
-1.5451245263511011e+00
-1.4104952427568869e+00
-1.2842755265476498e+00
-1.1667689887808126e+00
-1.0575977179933325e+00
-9.5624395869188838e-01
-8.6230269145419824e-01
-7.7567056322864891e-01
-6.9596597448298458e-01
-6.2283602724146603e-01
-5.5591901565208690e-01
-4.9482197232939590e-01
-4.3921501976332350e-01
-3.8879796049268045e-01
-3.4323476726164193e-01
-3.0220105270719333e-01
-2.6535062605685417e-01
-2.3235913695050234e-01
-2.0294290303914087e-01
-1.7679403893359941e-01
-1.5360424908655862e-01
-1.3314123516293488e-01
-1.1514612233841699e-01
-9.9334577339657754e-02
-8.5530150303670935e-02
-7.3523835707309693e-02
-6.3072296127941976e-02
-5.4042513612584081e-02
-4.6274779906508065e-02
-3.9578590141551184e-02
-3.3848991786472597e-02
-2.8974896119154266e-02
-2.4812997788207777e-02
-2.1282399489267623e-02
-1.8312807129714479e-02
-1.5800164228928434e-02
-1.3682684796914309e-02
-1.1922101812786372e-02
-1.0445081904832563e-02
-9.2039681541345886e-03
-8.1841600928626215e-03
-7.3351250974109904e-03
-6.6190189109554941e-03
-6.0377218976790450e-03
-5.5568126780804880e-03
-5.1449761365841415e-03
-4.8148488399886169e-03
-4.5428793635112052e-03
-4.3020483731411067e-03
-4.1114717888096489e-03
-3.9545841124960573e-03
-3.8073518428434908e-03
-3.6923240647514155e-03
-3.5971614459276977e-03
-3.5002152223944940e-03
-3.4253764579105944e-03
-3.3626273260107314e-03
-3.2925882383658626e-03
-3.2390907784572228e-03
-3.1931433099862557e-03
-3.1378139747042844e-03
-3.0959467967113727e-03
-3.0586950535792154e-03
-3.0119051129618006e-03
-2.9768169941588461e-03
-2.9441197097726268e-03
-2.9028245845420515e-03
-2.8721521076751446e-03
-2.8418942261083974e-03
-2.8046127336342976e-03
-2.7772213223580394e-03
-2.7482962597899555e-03
-2.7143027835320171e-03
-2.6896452302642201e-03
-2.6614439409923941e-03
-2.6303727634381475e-03
-2.6081817544749649e-03
-2.5803540748309548e-03
-2.5520192155326963e-03
-2.5321746320877119e-03
-2.5045204986045562e-03
-2.4788557580319426e-03
-2.4613552122898920e-03
-2.4338264776909402e-03
-2.4109146416295573e-03
-2.3959339039683991e-03
-2.3687255238922333e-03
-2.3489340673940825e-03
-2.3345488064091041e-03
-2.3108140117303038e-03
-2.2951236898523615e-03
-2.2821755997465679e-03
-2.2641277656287751e-03
-2.2548353479061151e-03
-2.2463474469174224e-03
-2.2378718802156549e-03
-2.2400177196675117e-03
-2.2425080487129922e-03
-2.2518841399285657e-03
-2.2760325743708585e-03
-2.3029382710175743e-03
-2.3470728915773375e-03
-2.4135532637412117e-03
-2.4925065198777652e-03
-2.6046081699928943e-03
-2.7521652194499274e-03
-2.9367356922077930e-03
-3.1796037636410948e-03
-3.4853338295671638e-03
-3.8695370637526413e-03
-4.3574778506205881e-03
-4.9598584165822072e-03
-5.7104502338436725e-03
-6.6431442805963250e-03
-7.7817071176575527e-03
-9.1828735730670775e-03
-1.0893499429903076e-02
-1.2967827936697651e-02
-1.5484117763693340e-02
-1.8514866300681686e-02
-2.2153821260451213e-02
-2.6510657409914238e-02
-3.1694997278832890e-02
-3.7850991759227882e-02
-4.5129708342884184e-02
-5.3694129779337449e-02
-6.3741232717948321e-02
-7.5473396983743626e-02
-8.9117712159917137e-02
-1.0492496678131415e-01
-1.2315296421066042e-01
-1.4408964983479966e-01
-1.6803264330808076e-01
-1.9528859862012546e-01
-2.2618242673542069e-01
-2.6103644764704625e-01
-3.0017486057540615e-01
-3.4391582940002768e-01
-3.9256046871159256e-01
-4.4638821545128299e-01
-5.0564568937560928e-01
-5.7053821792825521e-01
-6.4112511660967098e-01
-7.1752223269119420e-01
-7.9976296298193050e-01
-8.8777085847649007e-01
-9.8139316083533978e-01
-1.0801401542835316e+00
-1.1837088929970607e+00
-1.2917164144644504e+00
-1.4033703688044581e+00
-1.5178500262083474e+00
-1.6346600474790276e+00
-1.7523272040393301e+00
-1.8704216293797102e+00
-1.9873295176488190e+00
-2.1025584620136919e+00
-2.2142232414536047e+00
-2.3218689062506579e+00
-2.4242474409057206e+00
-2.5199821671255838e+00
-2.6085554200187433e+00
-2.6890429588241824e+00
-2.7606377448620387e+00
-2.8226270433256357e+00
-2.8745224674730516e+00
-2.9161187889569695e+00
-2.9471601930102569e+00
-2.9675340497701828e+00
-2.9773231755906724e+00
-2.9766317314430548e+00
-2.9657682972284216e+00
-2.9450845017197316e+00
-2.9150178668064815e+00
-2.8761368189324270e+00
0.0000000000000000e+00
2.4055929233035767e-01
0.0000000000000000e+00
0.0000000000000000e+00
];
