%Vec Object:sol 1 MPI processes
%  type: mpi
sol = [
0.0000000000000000e+00
-1.5366632113830525e+01
-1.3704531906147809e+01
-1.2305827668450815e+01
-1.1122268227512610e+01
-1.0107723555922403e+01
-9.2193792514709170e+00
-8.4431745305980961e+00
-7.7577985001045446e+00
-7.1455388143929754e+00
-6.5939266901157048e+00
-6.0941686726880437e+00
-5.6380120776693401e+00
-5.2194713210832715e+00
-4.8341867653789610e+00
-4.4782500587353775e+00
-4.1482301301484776e+00
-3.8406210802125793e+00
-3.5543139724482784e+00
-3.2874320609521082e+00
-3.0382604172317027e+00
-2.8047493602759701e+00
-2.5868514747314499e+00
-2.3827185054153195e+00
-2.1919324755485357e+00
-2.0135723589281440e+00
-1.8468960062734912e+00
-1.6911906494602718e+00
-1.5463222110184716e+00
-1.4109771350183893e+00
-1.2852842687735793e+00
-1.1687349961241589e+00
-1.0604050682918502e+00
-9.6025030098380393e-01
-8.6783636182603741e-01
-7.8269865581831088e-01
-7.0426909064603849e-01
-6.3231927582486736e-01
-5.6648126294600076e-01
-5.0637633566657148e-01
-4.5163024925787443e-01
-4.0188571000280554e-01
-3.5681332045340297e-01
-3.1605078701982631e-01
-2.7927687993019773e-01
-2.4623569249079108e-01
-2.1663044396404965e-01
-1.9014396753189219e-01
-1.6654894475042889e-01
-1.4559355483588324e-01
-1.2699555565154658e-01
-1.1057153433839793e-01
-9.6115962735929886e-02
-8.3395131765742758e-02
-7.2256308163553939e-02
-6.2542740174080777e-02
-5.4068009451261272e-02
-4.6707528138609872e-02
-4.0348996338911425e-02
-3.4848886084838229e-02
-3.0107417063667569e-02
-2.6050320546269892e-02
-2.2570650133197909e-02
-1.9589405562762469e-02
-1.7063040065079329e-02
-1.4914139574363132e-02
-1.3080293291240011e-02
-1.1541437868254643e-02
-1.0242814736736208e-02
-9.1347638239890148e-03
-8.2141834748112666e-03
-7.4428878592110960e-03
-6.7807502772105187e-03
-6.2361975900448105e-03
-5.7826007541841038e-03
-5.3869232776633776e-03
-5.0648522763397392e-03
-4.7974037461586136e-03
-4.5569533186690606e-03
-4.3632549487949111e-03
-4.2020533433003880e-03
-4.0501142625822429e-03
-3.9289633703893014e-03
-3.8269754355097626e-03
-3.7247885484613078e-03
-3.6441032541071226e-03
-3.5744526392639990e-03
-3.5001807251957362e-03
-3.4420786797785823e-03
-3.3898218450780556e-03
-3.3315148440240796e-03
-3.2863147050080366e-03
-3.2433409444432696e-03
-3.1946351507400410e-03
-3.1572395242540257e-03
-3.1192350004082821e-03
-3.0768294144194611e-03
-3.0446328720111172e-03
-3.0093516175776877e-03
-2.9715972355023575e-03
-2.9433397107084995e-03
-2.9096780085544290e-03
-2.8758426983993010e-03
-2.8510367950200319e-03
-2.8185850281547456e-03
-2.7885443184281107e-03
-2.7672765280322884e-03
-2.7362247233576292e-03
-2.7104634509437634e-03
-2.6934942755185418e-03
-2.6648305624833459e-03
-2.6447556102716782e-03
-2.6314347101021257e-03
-2.6100478595762725e-03
-2.5987334270198086e-03
-2.5924816497439984e-03
-2.5837758771512006e-03
-2.5873994442334254e-03
-2.5959501781249905e-03
-2.6094917943349531e-03
-2.6399099540986935e-03
-2.6779168552023623e-03
-2.7316340156716490e-03
-2.8107914286204195e-03
-2.9050381619779918e-03
-3.0313828720266601e-03
-3.1975799878356851e-03
-3.3964057711167272e-03
-3.6521823487761238e-03
-3.9708245917015449e-03
-4.3578383187722778e-03
-4.8391854492732039e-03
-5.4240796047740113e-03
-6.1332356938964654e-03
-6.9973581576302027e-03
-8.0323934866281220e-03
-9.2776331313074341e-03
-1.0772182618683785e-02
-1.2544369200481111e-02
-1.4655060761450595e-02
-1.7153933862577880e-02
-2.0096523217109381e-02
-2.3560432102226848e-02
-2.7614822456748424e-02
-3.2347177702070448e-02
-3.7857100622665937e-02
-4.4238420988986095e-02
-5.1614211172203737e-02
-6.0107955058381290e-02
-6.9847628562490202e-02
-8.0986326957294102e-02
-9.3673414474102060e-02
-1.0807241349604121e-01
-1.2435919981490698e-01
-1.4270539187292658e-01
-1.6329978564604278e-01
-1.8631575048298576e-01
-2.1194574435135885e-01
-2.4037857519457473e-01
-2.7179068506726106e-01
-3.0635154989116536e-01
-3.4421822494047866e-01
-3.8552763652344452e-01
-4.3039557987789345e-01
-4.7891008790127881e-01
-5.3112809922080861e-01
-5.8705476148869984e-01
-6.4657786901595904e-01
-7.0970090940551589e-01
-7.7629884862497067e-01
-8.4620678405989946e-01
-9.1914182477960027e-01
-9.9466813352646044e-01
-1.0726063489613678e+00
-1.1525569158511599e+00
-1.2338233655559923e+00
-1.3160594026880170e+00
-1.3987812384622389e+00
-1.4810301590695549e+00
-1.5626188066702957e+00
-1.6425201991540985e+00
-1.7204353649535511e+00
-1.7953558912085870e+00
-1.8671067449918270e+00
-1.9345090645623610e+00
-1.9975274644308723e+00
-2.0554031293490249e+00
-2.1075878492351130e+00
-2.1539478520455799e+00
-2.1940055143903714e+00
-2.2273272865387899e+00
-2.2539717960543086e+00
-2.2737856510930552e+00
-2.2867357280907306e+00
-2.2925717140787025e+00
-2.2916395550803488e+00
-2.2840724959673113e+00
-2.2700553956699130e+00
-2.2498711801198485e+00
0.0000000000000000e+00
1.3464638167935297e-01
0.0000000000000000e+00
0.0000000000000000e+00
];
