%Vec Object:sol 1 MPI processes
%  type: mpi
sol = [
0.0000000000000000e+00
-3.5269908630721716e+01
-2.5776535616359418e+01
-1.8640624543807419e+01
-1.3124214449341396e+01
-8.8930112318258256e+00
-5.7508579691976118e+00
-3.5292775305638839e+00
-2.0475803005533662e+00
-1.1204141584549139e+00
-5.7802554163389497e-01
-2.8137547120592349e-01
-1.2961509673036731e-01
-5.6891917496633825e-02
-2.4122637174693318e-02
-1.0194356257727251e-02
-4.6366853711019935e-03
-2.5455434257421533e-03
-1.7390435472370289e-03
-1.4712912877862948e-03
-1.4167134539478051e-03
-1.3468705634539784e-03
-1.3210861083469672e-03
-1.3365074673757833e-03
-1.3186610921025650e-03
-1.2928508249299639e-03
-1.3001824794578922e-03
-1.3035231777296836e-03
-1.2717522540003179e-03
-1.2708182755227031e-03
-1.2905114274255395e-03
-1.2543152770495289e-03
-1.2469796475074373e-03
-1.2674905415329368e-03
-1.2402657436767787e-03
-1.2278382217843862e-03
-1.2413901259482559e-03
-1.2285124630796933e-03
-1.2118442676700802e-03
-1.2194587280457982e-03
-1.2178385099732786e-03
-1.1977533079325225e-03
-1.2004715878880226e-03
-1.2077756799730684e-03
-1.1851690044085963e-03
-1.1840563859537589e-03
-1.1984650099629663e-03
-1.1741891205928154e-03
-1.1701885666435159e-03
-1.1858547141834820e-03
-1.1648577293905810e-03
-1.1586242407214187e-03
-1.1709033995556781e-03
-1.1567498990955652e-03
-1.1487041529705379e-03
-1.1581005808324223e-03
-1.1492768144839066e-03
-1.1398057922251802e-03
-1.1468162786962589e-03
-1.1421243973300933e-03
-1.1316289667569271e-03
-1.1367385707155642e-03
-1.1352178366055743e-03
-1.1240656035491081e-03
-1.1277055693486662e-03
-1.1285552013683717e-03
-1.1170591286603611e-03
-1.1195980696049295e-03
-1.1221326215984024e-03
-1.1105562930594092e-03
-1.1123086486481163e-03
-1.1159487963846369e-03
-1.1045126314184548e-03
-1.1057456565936004e-03
-1.1100018599379407e-03
-1.0988905678978094e-03
-1.0998319026238790e-03
-1.1042906585990004e-03
-1.0936566674168912e-03
-1.0944975149226040e-03
-1.0988075933466644e-03
-1.0887746834264106e-03
-1.0896750236798413e-03
-1.0935396807827539e-03
-1.0842094068335352e-03
-1.0853053762101812e-03
-1.0884771673261076e-03
-1.0799355570241501e-03
-1.0813250924939801e-03
-1.0835801806695585e-03
-1.0758882790740437e-03
-1.0777040447047133e-03
-1.0789060427337091e-03
-1.0721295070289208e-03
-1.0744368422615849e-03
-1.0744259970565662e-03
-1.0686016888463820e-03
-1.0714656240667919e-03
-1.0701251207525645e-03
-1.0652847088811720e-03
-1.0687602759713556e-03
-1.0660015542575747e-03
-1.0621708669952736e-03
-1.0663081103020507e-03
-1.0620646384454449e-03
-1.0592766669260834e-03
-1.0641381934170496e-03
-1.0583879275092272e-03
-1.0567014304643870e-03
-1.0623707817986228e-03
-1.0551206472089864e-03
-1.0545823851147700e-03
-1.0586310566058944e-03
-1.0523195161741795e-03
-1.0529036082967970e-03
-1.0548131531436123e-03
-1.0498562797653845e-03
-1.0515091151559379e-03
-1.0512547241013665e-03
-1.0476030584944801e-03
-1.0503057347104542e-03
-1.0479221231344314e-03
-1.0455750531373066e-03
-1.0493561407771796e-03
-1.0449211445209719e-03
-1.0439105515227258e-03
-1.0478629465608231e-03
-1.0423971621197714e-03
-1.0427183419792984e-03
-1.0443067248070148e-03
-1.0403331971175259e-03
-1.0419164199687047e-03
-1.0411511829580753e-03
-1.0385970350260741e-03
-1.0414014858796791e-03
-1.0383603693024134e-03
-1.0372237241556598e-03
-1.0408619930769305e-03
-1.0360600835240819e-03
-1.0363401702295886e-03
-1.0375407633342187e-03
-1.0342807022414725e-03
-1.0359118608832211e-03
-1.0347164499816795e-03
-1.0329318272171068e-03
-1.0358747016232883e-03
-1.0323746621320152e-03
-1.0320472577855257e-03
-1.0339618788384353e-03
-1.0305704334329252e-03
-1.0316602867341833e-03
-1.0311496938471500e-03
-1.0292775349014418e-03
-1.0317373478290785e-03
-1.0288899492577224e-03
-1.0284995385903750e-03
-1.0302649020104541e-03
-1.0272012576221430e-03
-1.0282516372122775e-03
-1.0276093141355555e-03
-1.0260757637396319e-03
-1.0285254468640353e-03
-1.0255697405645624e-03
-1.0255261850100577e-03
-1.0265360622264024e-03
-1.0241461258777881e-03
-1.0255409880790798e-03
-1.0241921403040927e-03
-1.0233158065423955e-03
-1.0255034198467341e-03
-1.0224983269610521e-03
-1.0231006544969307e-03
-1.0229293758407180e-03
-1.0214707997848590e-03
-1.0235167688188685e-03
-1.0211224469460435e-03
-1.0213608436051862e-03
-1.0228198054518796e-03
-1.0241129388317573e-03
-1.0371176162549964e-03
-1.0758561550866159e-03
-1.2104453621560715e-03
-1.6411218506538800e-03
-2.9382746845388183e-03
-6.6641500018439813e-03
-1.6757055659954334e-02
-4.2532754188236467e-02
-1.0433774640575356e-01
-2.4287339275789899e-01
-5.3159182192230436e-01
-1.0869205654849396e+00
-2.0628920910573991e+00
-3.6074995212968766e+00
-5.7682659823592122e+00
-8.3733432345765344e+00
-1.0986627667141244e+01
-1.3027811967579975e+01
-1.4025581976683652e+01
-1.3811477414372471e+01
0.0000000000000000e+00
2.4055929233035767e-01
0.0000000000000000e+00
0.0000000000000000e+00
];
