%Vec Object:sol 1 MPI processes
%  type: mpi
sol = [
0.0000000000000000e+00
-7.5668868234141033e+00
-7.1058084108237169e+00
-6.6755407705456413e+00
-6.2770117438256721e+00
-5.9071779428038109e+00
-5.5620761002730275e+00
-5.2390121806067960e+00
-4.9327758396216019e+00
-4.6441716828896711e+00
-4.3720720437427874e+00
-4.1146967737105991e+00
-3.8689054581271325e+00
-3.6363383551856483e+00
-3.4152576948110989e+00
-3.2042358293847468e+00
-3.0043043780635506e+00
-2.8127679969166151e+00
-2.6314775493039790e+00
-2.4582125469460134e+00
-2.2939177401307944e+00
-2.1372643788651153e+00
-1.9890701714105286e+00
-1.8477090094510249e+00
-1.7141126771644113e+00
-1.5877139279814274e+00
-1.4678634459129352e+00
-1.3549489086288427e+00
-1.2486552326100995e+00
-1.1482870557125038e+00
-1.0541255794590889e+00
-9.6595302762864332e-01
-8.8348680021091330e-01
-8.0628131348889720e-01
-7.3436209182016943e-01
-6.6752177806658641e-01
-6.0553048460959424e-01
-5.4815473400602843e-01
-4.9517118870896193e-01
-4.4634693143283433e-01
-4.0140978297011598e-01
-3.6021417730723404e-01
-3.2255649607880216e-01
-2.8821306159594418e-01
-2.5695370897016617e-01
-2.2860058803743971e-01
-2.0295066970646883e-01
-1.7977312078173685e-01
-1.5892061177757685e-01
-1.4021379847780732e-01
-1.2343705242351367e-01
-1.0846620904496310e-01
-9.5149356830500839e-02
-8.3301756912671693e-02
-7.2812778502423584e-02
-6.3563143243398262e-02
-5.5400429395272045e-02
-4.8228435159207973e-02
-4.1959307884680698e-02
-3.6471610475287172e-02
-3.1683501591404935e-02
-2.7535333913772674e-02
-2.3933420454716404e-02
-2.0809221217246831e-02
-1.8126914854460011e-02
-1.5816261516827877e-02
-1.3820329855154589e-02
-1.2122314589914923e-02
-1.0670767387152422e-02
-9.4184634636382963e-03
-8.3629284697416158e-03
-7.4670628632830414e-03
-6.6915076097935665e-03
-6.0439572585434479e-03
-5.4977525009057473e-03
-5.0198474369414683e-03
-4.6246384332840097e-03
-4.2926737809855118e-03
-3.9960579352931822e-03
-3.7531488685443276e-03
-3.5491572586532488e-03
-3.3605716436090776e-03
-3.2076368816076829e-03
-3.0782989280466922e-03
-2.9530071923370002e-03
-2.8523782103983472e-03
-2.7656779349576051e-03
-2.6771577021490666e-03
-2.6067302317062495e-03
-2.5439645559023672e-03
-2.4769373225654052e-03
-2.4241112587030720e-03
-2.3746379669339211e-03
-2.3205547300633586e-03
-2.2783651729111429e-03
-2.2362959299400981e-03
-2.1905379991264541e-03
-2.1552955461683616e-03
-2.1175163134445514e-03
-2.0777582178240915e-03
-2.0477057812721706e-03
-2.0127893462945712e-03
-1.9781404208394611e-03
-1.9527988426535190e-03
-1.9205201369261523e-03
-1.8912269141433610e-03
-1.8712614687025346e-03
-1.8426280454884403e-03
-1.8202670567289689e-03
-1.8078523459412045e-03
-1.7856507059955482e-03
-1.7738831513140977e-03
-1.7712223314487717e-03
-1.7637380895356503e-03
-1.7698676840779163e-03
-1.7855486350600873e-03
-1.8044362571668451e-03
-1.8422077265645637e-03
-1.8930744717477045e-03
-1.9588291209553573e-03
-2.0531565824537515e-03
-2.1694073051545595e-03
-2.3183943355991094e-03
-2.5130055437773721e-03
-2.7470688466745673e-03
-3.0418120201567995e-03
-3.4101566715016114e-03
-3.8512331432732491e-03
-4.3959185607268282e-03
-5.0581675695361913e-03
-5.8527077008886600e-03
-6.8154949247778672e-03
-7.9675943153503653e-03
-9.3428026332681227e-03
-1.0986301991277078e-02
-1.2930788096500967e-02
-1.5233493771220154e-02
-1.7953517554401159e-02
-2.1141798959191518e-02
-2.4882802444876184e-02
-2.9252618263543261e-02
-3.4335375173023062e-02
-4.0238574166835656e-02
-4.7064232085325987e-02
-5.4931673099424039e-02
-6.3976878089152145e-02
-7.4332127636803982e-02
-8.6157754005483228e-02
-9.9616015557159376e-02
-1.1487453476819792e-01
-1.3212345539299322e-01
-1.5155001285955455e-01
-1.7335257550466482e-01
-1.9773799270747369e-01
-2.2490777246419932e-01
-2.5507209305349438e-01
-2.8843424180653576e-01
-3.2518917891188837e-01
-3.6552516177685829e-01
-4.0961293599880566e-01
-4.5760345979647249e-01
-5.0962223581633481e-01
-5.6573259800851683e-01
-6.2594002475901500e-01
-6.9031945362651415e-01
-7.5884376702970791e-01
-8.3142605762077337e-01
-9.0794071635173035e-01
-9.8797376828609174e-01
-1.0713997964820867e+00
-1.1579638713832394e+00
-1.2471915554373794e+00
-1.3383864138517174e+00
-1.4313841818000126e+00
-1.5254040311686323e+00
-1.6197715527987830e+00
-1.7141228202586534e+00
-1.8072327440267517e+00
-1.8990488431345416e+00
-1.9881781134351164e+00
-2.0745116029742547e+00
-2.1570038549714172e+00
-2.2350503733308007e+00
-2.3083045706360750e+00
-2.3757845730482576e+00
-2.4371833939886791e+00
-2.4921816476320964e+00
-2.5403607730861881e+00
-2.5812984123974676e+00
-2.6147473351090773e+00
-2.6407480621256889e+00
-2.6592003907044530e+00
-2.6700862276536790e+00
-2.6735162878413927e+00
-2.6695778874720086e+00
-2.6585041593612693e+00
-2.6405351644810704e+00
-2.6159600275460742e+00
-2.5851613077595457e+00
0.0000000000000000e+00
2.4055929233035767e-01
0.0000000000000000e+00
0.0000000000000000e+00
];
