%Vec Object:sol 1 MPI processes
%  type: mpi
sol = [
0.0000000000000000e+00
-4.7048620684441460e+01
-2.9915709488100379e+01
-1.8270801480109832e+01
-1.0379136765438252e+01
-5.3882955695528727e+00
-2.5334470131637206e+00
-1.0756663955713184e+00
-4.1310010196001706e-01
-1.4412931360738729e-01
-4.6047286206596885e-02
-1.3589251710896916e-02
-3.8037841972015460e-03
-1.1275780653974567e-03
-4.2804616494152963e-04
-2.3023920629398933e-04
-2.0295927507572514e-04
-2.1732736227437027e-04
-1.7232145613665426e-04
-1.6852434510380155e-04
-2.0342082290445096e-04
-1.6477676831411241e-04
-1.5169667646946149e-04
-1.7410383243743709e-04
-1.6132764686960848e-04
-1.3985796709062436e-04
-1.5119399571584432e-04
-1.5827076488811190e-04
-1.2999052758844274e-04
-1.3245981958064662e-04
-1.5552193453396848e-04
-1.2258995900464248e-04
-1.1854222449297649e-04
-1.4234127886764955e-04
-1.1826733367304336e-04
-1.0891869483485610e-04
-1.2546354119475218e-04
-1.1540418278578397e-04
-1.0141937126120121e-04
-1.1163318984400854e-04
-1.1249123748679959e-04
-9.4758856861911438e-05
-9.9771369275694554e-05
-1.0928991874037588e-04
-8.8773194221049967e-05
-8.9720014041508070e-05
-1.0617017653419157e-04
-8.3849047510854114e-05
-8.1814725966666271e-05
-9.9455913087392780e-05
-8.0347365577747119e-05
-7.5984316480340452e-05
-9.0103253131485446e-05
-7.7678152857625413e-05
-7.1303172153842619e-05
-8.2334952331055867e-05
-7.5061197662321696e-05
-6.7091164351182795e-05
-7.5585328172873793e-05
-7.2317410496566229e-05
-6.3198958351394418e-05
-6.9674780460278189e-05
-6.9474235013487640e-05
-5.9592677169678636e-05
-6.4495201474722957e-05
-6.6571002647684897e-05
-5.6249808638145976e-05
-5.9957695514700258e-05
-6.3632443714619155e-05
-5.3144439213230799e-05
-5.5980995670186825e-05
-6.0682315018256353e-05
-5.0255688073009234e-05
-5.2495435791899181e-05
-5.7739255091667479e-05
-4.7564877724604106e-05
-4.9441362085115583e-05
-5.4818973930654734e-05
-4.5055388030798297e-05
-4.6766549158907116e-05
-5.1933187870816261e-05
-4.2712038717344760e-05
-4.4425888752314570e-05
-4.9091648014464613e-05
-4.0521291562372912e-05
-4.2379820581199129e-05
-4.6301473626905662e-05
-3.8470718373300322e-05
-4.0593824997150377e-05
-4.3568191018069181e-05
-3.6548978855344561e-05
-3.9037353479304962e-05
-4.0895591009084798e-05
-3.4746057462580920e-05
-3.7684469068600226e-05
-3.8287139435163747e-05
-3.3052384519156426e-05
-3.6510550915273397e-05
-3.5743946851586191e-05
-3.1458499034770582e-05
-3.5493724449050134e-05
-3.3270344830728701e-05
-2.9960053750670826e-05
-3.4620185014409843e-05
-3.0867701040150268e-05
-2.8556373003583342e-05
-3.3893128067626520e-05
-2.8582739565850450e-05
-2.7337334239053999e-05
-3.3466742944799473e-05
-2.6660471528638823e-05
-2.6586173031976103e-05
-3.1106437710146614e-05
-2.5237268978124037e-05
-2.6266145921811247e-05
-2.8609020874340068e-05
-2.4057299156925655e-05
-2.6116326545678056e-05
-2.6251155615232217e-05
-2.2968354792068165e-05
-2.6040281997924430e-05
-2.4001526486976045e-05
-2.1987021156205824e-05
-2.6106173641956229e-05
-2.1989168302054753e-05
-2.1307055076057248e-05
-2.5608839694655916e-05
-2.0484733555606645e-05
-2.1165815133718863e-05
-2.3110547978916645e-05
-1.9466596452031374e-05
-2.1373425821782901e-05
-2.0906815709941528e-05
-1.8628599606357765e-05
-2.1706460252074823e-05
-1.8917285134483162e-05
-1.8038163710832429e-05
-2.1958930721448349e-05
-1.7440231563809596e-05
-1.8025791551531078e-05
-1.9528250929863388e-05
-1.6542246414003296e-05
-1.8436815413712268e-05
-1.7478406477566576e-05
-1.5918105797546504e-05
-1.9097769211708025e-05
-1.5829081267404241e-05
-1.5748947610281417e-05
-1.7919399737565652e-05
-1.4768869312935310e-05
-1.6100860436429356e-05
-1.5814069049537922e-05
-1.4149979033377002e-05
-1.6824515746507730e-05
-1.4182693713188797e-05
-1.4008318993411273e-05
-1.5997449602684878e-05
-1.3144628401118647e-05
-1.4407809824156177e-05
-1.3961050616255052e-05
-1.2611291496060403e-05
-1.5256201591534326e-05
-1.2491717288450830e-05
-1.2652582584786018e-05
-1.3867177292219423e-05
-1.1665052261731485e-05
-1.3245772547231763e-05
-1.2065013382126911e-05
-1.1353042783435604e-05
-1.3718223587324053e-05
-1.0887809123574622e-05
-1.1676461762495074e-05
-1.1680606117303053e-05
-1.0381709094187784e-05
-1.2585030973340772e-05
-1.0302766327338775e-05
-1.0504770925019485e-05
-1.1308349598553359e-05
-9.6096345969386531e-06
-1.1248136828420223e-05
-9.7764349701122180e-06
-9.6687297692695345e-06
-1.1539045312390781e-05
-1.2913132493784165e-05
-3.1713188712476607e-05
-1.1795142883122766e-04
-5.2202313392278414e-04
-2.2658548712075647e-03
-9.1936101426721636e-03
-3.4475352764153214e-02
-1.1838385790959891e-01
-3.6911238729778312e-01
-1.0339320210460075e+00
-2.5647733482624711e+00
-5.5242416848983664e+00
-1.0090493313971763e+01
-1.5303096281023132e+01
-1.9092373308376750e+01
-1.9735192187894835e+01
0.0000000000000000e+00
2.4055929233035767e-01
0.0000000000000000e+00
0.0000000000000000e+00
];
