%Vec Object:sol 1 MPI processes
%  type: mpi
sol = [
0.0000000000000000e+00
-7.6279417540855432e+00
-7.1595051587899059e+00
-6.7232001744509269e+00
-6.3187667680790316e+00
-5.9435462337270613e+00
-5.5935102153630822e+00
-5.2659034472747805e+00
-4.9561825633778342e+00
-4.6636184467305979e+00
-4.3878503523269776e+00
-4.1277191990925362e+00
-3.8787539486936708e+00
-3.6432834762064661e+00
-3.4200205266011801e+00
-3.2064661757993100e+00
-3.0042145290568336e+00
-2.8109443149063615e+00
-2.6276820692990577e+00
-2.4529533573849855e+00
-2.2870170404931809e+00
-2.1291572534023464e+00
-1.9797392065543284e+00
-1.8373657754730000e+00
-1.7029787953587552e+00
-1.5757270184835985e+00
-1.4553286876399787e+00
-1.3419778310551331e+00
-1.2352340967926521e+00
-1.1346559789308297e+00
-1.0403813113537164e+00
-9.5218390210655579e-01
-8.6973936110617567e-01
-7.9265932338423206e-01
-7.2097061098674486e-01
-6.5442278161025413e-01
-5.9278079661302829e-01
-5.3580386074008313e-01
-4.8326216835648006e-01
-4.3488757969575920e-01
-3.9046133349746825e-01
-3.4979805935365332e-01
-3.1268829732923059e-01
-2.7890196026093800e-01
-2.4820274053212835e-01
-2.2040839677586641e-01
-1.9531117821104543e-01
-1.7267548889569914e-01
-1.5235113190138083e-01
-1.3415565463195916e-01
-1.1787029546652697e-01
-1.0336930681195609e-01
-9.0499168207127986e-02
-7.9073606833639412e-02
-6.8981465131550429e-02
-6.0103130808038294e-02
-5.2285904253235260e-02
-4.5433914875094579e-02
-3.9459884031828575e-02
-3.4242959064952054e-02
-2.9702211174194876e-02
-2.5779108658282601e-02
-2.2381040263937339e-02
-1.9440682821671131e-02
-1.6923560374422161e-02
-1.4760698593206219e-02
-1.2896457342696354e-02
-1.1315377196598465e-02
-9.9672529884599920e-03
-8.8060636752113602e-03
-7.8305389100953599e-03
-7.0046736867285077e-03
-6.2901343501794811e-03
-5.6956090315083089e-03
-5.1953283896549809e-03
-4.7570604914494311e-03
-4.3959704540756130e-03
-4.0932854338441424e-03
-3.8217189704265160e-03
-3.6001921816164071e-03
-3.4144061071097677e-03
-3.2412820787907242e-03
-3.1014580536147516e-03
-2.9832173942255474e-03
-2.8673029743066973e-03
-2.7745939630898862e-03
-2.6945782795107787e-03
-2.6116977464561856e-03
-2.5460334815035623e-03
-2.4872942912153037e-03
-2.4236752784996007e-03
-2.3737427608732796e-03
-2.3267322489329695e-03
-2.2747512170770024e-03
-2.2343638407726564e-03
-2.1938437670730015e-03
-2.1494205299942329e-03
-2.1153304249882654e-03
-2.0785435729166911e-03
-2.0396349983142562e-03
-2.0103013456368780e-03
-1.9759771250123293e-03
-1.9417941756819806e-03
-1.9167874113603296e-03
-1.8846994568784065e-03
-1.8554359160453580e-03
-1.8353148113387525e-03
-1.8063061947754101e-03
-1.7833100662059784e-03
-1.7699485218646174e-03
-1.7464224251897771e-03
-1.7328763641453083e-03
-1.7278882482884405e-03
-1.7174127770336175e-03
-1.7197532432313143e-03
-1.7306852380078105e-03
-1.7436722736793252e-03
-1.7741687580139741e-03
-1.8161217313536556e-03
-1.8710168502590488e-03
-1.9521848010325628e-03
-2.0525620634084824e-03
-2.1824901399691067e-03
-2.3543178762392750e-03
-2.5612523231331747e-03
-2.8238287641167846e-03
-3.1541851435548810e-03
-3.5505647166313133e-03
-4.0428761905027776e-03
-4.6439895673133320e-03
-5.3674378313872577e-03
-6.2478919996717137e-03
-7.3050030554985355e-03
-8.5710616432360578e-03
-1.0089657231102158e-02
-1.1891770222802106e-02
-1.4032887352833132e-02
-1.6570300202633642e-02
-1.9553061389712949e-02
-2.3063843596891394e-02
-2.7176926084306663e-02
-3.1974706956723581e-02
-3.7563175298392842e-02
-4.4042939340740973e-02
-5.1533353538795686e-02
-6.0167760686100545e-02
-7.0078912568155918e-02
-8.1427429907379112e-02
-9.4376364848599487e-02
-1.0909474767790786e-01
-1.2577516046452705e-01
-1.4460793985793416e-01
-1.6579563799073019e-01
-1.8955043940163785e-01
-2.1607999644903023e-01
-2.4560215561987667e-01
-2.7832885995818257e-01
-3.1446467555689772e-01
-3.5420893213928029e-01
-3.9774396597895006e-01
-4.4523336070963909e-01
-4.9681626152899455e-01
-5.5260185226850544e-01
-6.1255565582328297e-01
-6.7679088515914687e-01
-7.4529234498328245e-01
-8.1798585477122177e-01
-8.9475652852426224e-01
-9.7526546939553405e-01
-1.0592650430414667e+00
-1.1465642875838005e+00
-1.2367811932153665e+00
-1.3290716165178409e+00
-1.4233144680301284e+00
-1.5188461210140709e+00
-1.6147325538906885e+00
-1.7107936058285991e+00
-1.8057161766851595e+00
-1.8994389409759938e+00
-1.9905305617381783e+00
-2.0789386224359645e+00
-2.1633399399872131e+00
-2.2434178740968531e+00
-2.3186569286657193e+00
-2.3878915476840183e+00
-2.4510903049942443e+00
-2.5077558309060173e+00
-2.5574476362931113e+00
-2.5996108641745130e+00
-2.6342307356330892e+00
-2.6612068361729180e+00
-2.6804307493403412e+00
-2.6918826847175170e+00
-2.6956726840848222e+00
-2.6918914514203292e+00
-2.6807787410976966e+00
-2.6625829593010364e+00
-2.6376034972249554e+00
-2.6062352753467248e+00
0.0000000000000000e+00
2.4055929233035767e-01
0.0000000000000000e+00
0.0000000000000000e+00
];
