%Vec Object:sol 1 MPI processes
%  type: mpi
sol = [
0.0000000000000000e+00
-6.8012251370781920e+00
-6.4244469983058972e+00
-6.0707019634259751e+00
-5.7435385409063358e+00
-5.4390870434282137e+00
-5.1504318712854884e+00
-4.8781674930544048e+00
-4.6229770227766620e+00
-4.3805899545721720e+00
-4.1492353230184991e+00
-3.9311092214452623e+00
-3.7224247052639270e+00
-3.5232513043788183e+00
-3.3343077273184747e+00
-3.1522291533102407e+00
-2.9794298932329073e+00
-2.8131047497387911e+00
-2.6549898921224826e+00
-2.5029386860815559e+00
-2.3580965384593329e+00
-2.2189645806717206e+00
-2.0866241074253300e+00
-1.9593641131499955e+00
-1.8382456983522817e+00
-1.7226982596902392e+00
-1.6121473288351880e+00
-1.5071083449534282e+00
-1.4071098121231049e+00
-1.3117764481626273e+00
-1.2213879340121123e+00
-1.1358015992634689e+00
-1.0544680206218322e+00
-9.7751989111454862e-01
-9.0492388969620807e-01
-8.3649303852532508e-01
-7.7206939482803583e-01
-7.1132862778465189e-01
-6.5435174224449255e-01
-6.0098810814393278e-01
-5.5108788434466727e-01
-5.0450410000733803e-01
-4.6109929885230611e-01
-4.2072670701428688e-01
-3.8320253710461560e-01
-3.4840851647580906e-01
-3.1624562363865755e-01
-2.8654767686353727e-01
-2.5920703411067980e-01
-2.3409033502995494e-01
-2.1103126331067465e-01
-1.8993356088624902e-01
-1.7067585628683335e-01
-1.5310506053299602e-01
-1.3712777212305319e-01
-1.2264033472005229e-01
-1.0950646111685984e-01
-9.7636798518660362e-02
-8.6946925181417264e-02
-7.7319235655046448e-02
-6.8670122216286975e-02
-6.0934505069412580e-02
-5.4013835152435678e-02
-4.7831657536765652e-02
-4.2341187278575790e-02
-3.7462052496573424e-02
-3.3125817714001762e-02
-2.9302072382418949e-02
-2.5926812691251123e-02
-2.2939963334797187e-02
-2.0325002174042376e-02
-1.8031962173426373e-02
-1.6008952294705565e-02
-1.4250647878225187e-02
-1.2718574994001567e-02
-1.1368521717823640e-02
-1.0203708025368727e-02
-9.1946416967507976e-03
-8.3041361363615784e-03
-7.5415156511265263e-03
-6.8839606435931794e-03
-6.3006502592638835e-03
-5.8048881458331158e-03
-5.3785183125426789e-03
-4.9965128028505506e-03
-4.6743888601414952e-03
-4.3969840905132441e-03
-4.1446247924332401e-03
-3.9336332862868247e-03
-3.7505059849699306e-03
-3.5806310538508061e-03
-3.4400551998321357e-03
-3.3159050770003211e-03
-3.1984753446083285e-03
-3.1027407579843330e-03
-3.0156950033686852e-03
-2.9325013519960605e-03
-2.8665074871389714e-03
-2.8040384235082220e-03
-2.7451849345423427e-03
-2.7013162892537954e-03
-2.6577521587709619e-03
-2.6196476004237291e-03
-2.5962258192675975e-03
-2.5716344456066112e-03
-2.5563299782181640e-03
-2.5573868505228193e-03
-2.5577896779000880e-03
-2.5736373366963966e-03
-2.6100337267391340e-03
-2.6490020527653083e-03
-2.7127609019516994e-03
-2.8023715812793698e-03
-2.9067159152401821e-03
-3.0474020805775336e-03
-3.2240778148374030e-03
-3.4346539316373161e-03
-3.6995785269108650e-03
-4.0185579733316868e-03
-4.3995496090062213e-03
-4.8631042266387824e-03
-5.4103732145904335e-03
-6.0607266655847720e-03
-6.8365073639845252e-03
-7.7421463840705428e-03
-8.8101985131457637e-03
-1.0066011415618805e-02
-1.1522400549084906e-02
-1.3224460279551917e-02
-1.5201643656471002e-02
-1.7485144055230745e-02
-2.0127745614372611e-02
-2.3168523811862806e-02
-2.6659496199480794e-02
-3.0664087036867883e-02
-3.5234025218428916e-02
-4.0444343442397925e-02
-4.6371423150326628e-02
-5.3082841834563459e-02
-6.0674429152980346e-02
-6.9236862440356914e-02
-7.8864040151176318e-02
-8.9668154758275970e-02
-1.0175341991793917e-01
-1.1523718156264320e-01
-1.3024385738522148e-01
-1.4689055605252527e-01
-1.6531170035840223e-01
-1.8563690073503003e-01
-2.0799329884868917e-01
-2.3251677201237639e-01
-2.5933342806877302e-01
-2.8856787449983073e-01
-3.2034048833438994e-01
-3.5475977182172680e-01
-3.9192648001358960e-01
-4.3192683803580390e-01
-4.7483199261749209e-01
-5.2063934840516379e-01
-5.6938507430324437e-01
-6.2110194153224541e-01
-6.7576566696415730e-01
-7.3333381453517843e-01
-7.9371965745521400e-01
-8.5670982055196243e-01
-9.2213312798800751e-01
-9.8989717789143794e-01
-1.0598020374555455e+00
-1.1314438679839145e+00
-1.2044701639099531e+00
-1.2787743419598443e+00
-1.3538524981100375e+00
-1.4291631423833808e+00
-1.5046445371700430e+00
-1.5794611929660232e+00
-1.6534876879014222e+00
-1.7261126856377562e+00
-1.7969045352962778e+00
-1.8654551205932033e+00
-1.9313177987727801e+00
-1.9939977603662522e+00
-2.0533979753550158e+00
-2.1086008620328278e+00
-2.1598321109250276e+00
-2.2066066132145852e+00
-2.2484419103920295e+00
-2.2854536209224658e+00
-2.3174282811529947e+00
-2.3439947031105834e+00
-2.3651970479191706e+00
-2.3811051316088485e+00
-2.3916873603579911e+00
-2.3969525570818537e+00
-2.3968071049666695e+00
-2.3915226724862308e+00
-2.3812794680557863e+00
-2.3662272873718453e+00
-2.3465455164999272e+00
-2.3224837926262807e+00
0.0000000000000000e+00
2.4055929233035767e-01
0.0000000000000000e+00
0.0000000000000000e+00
];
