%Vec Object:sol 1 MPI processes
%  type: mpi
sol = [
0.0000000000000000e+00
-1.3514899355400349e+01
-1.2094672325038385e+01
-1.0833826099785655e+01
-9.7207034542988300e+00
-8.7127435715211359e+00
-7.8026190021947750e+00
-6.9742485139942936e+00
-6.2161884564365906e+00
-5.5218449891218091e+00
-4.8863915250035737e+00
-4.3059490458379646e+00
-3.7759651023322123e+00
-3.2934961125027007e+00
-2.8570328609045066e+00
-2.4638705203737516e+00
-2.1111160039948098e+00
-1.7972455337875219e+00
-1.5195843716515893e+00
-1.2756418740381044e+00
-1.0631739007178787e+00
-8.7953688411327968e-01
-7.2190480670619672e-01
-5.8795228672288624e-01
-4.7509037626005068e-01
-3.8084407460097031e-01
-3.0287115908812173e-01
-2.3894164040397159e-01
-1.8699325287128427e-01
-1.4521277119009957e-01
-1.1192997156640183e-01
-8.5610567917745670e-02
-6.5046879875036906e-02
-4.9142086959674605e-02
-3.6897687539625072e-02
-2.7597393493691509e-02
-2.0614644240875404e-02
-1.5380565093992429e-02
-1.1501635316028212e-02
-8.6762650442778599e-03
-6.6138826484459434e-03
-5.1063140486210983e-03
-4.0424464317956564e-03
-3.2894050982292906e-03
-2.7271430826250487e-03
-2.3436538927255430e-03
-2.0868423334782778e-03
-1.8692730666386352e-03
-1.7260118410122151e-03
-1.6396466258105007e-03
-1.5421526913362590e-03
-1.4767768053566607e-03
-1.4417011875292145e-03
-1.3882374146729889e-03
-1.3463648077878278e-03
-1.3257181293638224e-03
-1.2895321541348350e-03
-1.2546302155150727e-03
-1.2376463038449334e-03
-1.2100883900524966e-03
-1.1776419334874758e-03
-1.1615671987473565e-03
-1.1395405259290664e-03
-1.1084956271606215e-03
-1.0928023854654436e-03
-1.0748462629677411e-03
-1.0450454566336587e-03
-1.0297535245737128e-03
-1.0149128647305465e-03
-9.8640036473537397e-04
-9.7163818449525776e-04
-9.5917101570425841e-04
-9.3202045156296691e-04
-9.1792015868761222e-04
-9.0721123761814944e-04
-8.8148905529808941e-04
-8.6816629688283643e-04
-8.5869603745760835e-04
-8.3445426308217930e-04
-8.2200504042072265e-04
-8.1333197606415076e-04
-7.9060897867136036e-04
-7.7911165327482050e-04
-7.7086041218638512e-04
-7.4968199260745259e-04
-7.3919903706907064e-04
-7.3105037490680039e-04
-7.1143196738099790e-04
-7.0201261533179280e-04
-6.9369576249066840e-04
-6.7564425466442690e-04
-6.6732668078109240e-04
-6.5861308163837646e-04
-6.4212935577690844e-04
-6.3494345219219689e-04
-6.2564134073256740e-04
-6.1072058282826648e-04
-6.0468848040394648e-04
-5.9463903802341536e-04
-5.8127307824128247e-04
-5.7641153277890789e-04
-5.6548871168426898e-04
-5.5366649013028257e-04
-5.4998739818729557e-04
-5.3808289221450329e-04
-5.2779015555894451e-04
-5.2530033366535503e-04
-5.1232578464206822e-04
-5.0354580553893036e-04
-5.0224782640278056e-04
-4.8813107894094806e-04
-4.8084378170978198e-04
-4.7826025996904796e-04
-4.6542095745347731e-04
-4.5960361672166088e-04
-4.5523619581366143e-04
-4.4412041217654799e-04
-4.3974820960466111e-04
-4.3359244887618747e-04
-4.2415858038793612e-04
-4.2120499361716050e-04
-4.1327119590649073e-04
-4.0547809816625043e-04
-4.0391615976147389e-04
-3.9421481723271915e-04
-3.8802185590437852e-04
-3.8687377013014112e-04
-3.7636986953700104e-04
-3.7173732041184974e-04
-3.6845525396910780e-04
-3.5969035073724358e-04
-3.5657993267472829e-04
-3.5120904456164854e-04
-3.4413575816694234e-04
-3.4251295667870707e-04
-3.3511473727363295e-04
-3.2969777219597957e-04
-3.2913705509017533e-04
-3.2020593427515263e-04
-3.1646556619191186e-04
-3.1378237246243961e-04
-3.0682169350625311e-04
-3.0503609423847153e-04
-3.0083333624364005e-04
-2.9667509244672957e-04
-2.9824257081146390e-04
-2.9491788873882191e-04
-2.9723548267238499e-04
-3.0567835999490496e-04
-3.1487603102616163e-04
-3.3798254979328893e-04
-3.7398268666400753e-04
-4.3072329370717581e-04
-5.2519152989486762e-04
-6.6430379565094756e-04
-8.7988701558182011e-04
-1.2061879033553808e-03
-1.6852925792194022e-03
-2.3950362415904461e-03
-3.4252737507698455e-03
-4.9079991809694570e-03
-7.0258762785806094e-03
-1.0007743277049279e-02
-1.4176509769672571e-02
-1.9941041757758963e-02
-2.7825725659474047e-02
-3.8508313059640559e-02
-5.2820635082409619e-02
-7.1797467647981963e-02
-9.6691554815153208e-02
-1.2898268983938543e-01
-1.7040934937506777e-01
-2.2294387645430197e-01
-2.8878120474391633e-01
-3.7029260931364327e-01
-4.6994612476770742e-01
-5.9019820797999922e-01
-7.3335068721651842e-01
-9.0137182895150614e-01
-1.0955017860811209e+00
-1.3162927514912584e+00
-1.5634974094710048e+00
-1.8351477933291689e+00
-2.1282256888970390e+00
-2.4381003217491251e+00
-2.7591798148859032e+00
-3.0835576080414300e+00
-3.4037126144720156e+00
-3.7111105157436373e+00
-3.9971992747301432e+00
-4.2540964340594556e+00
-4.4740548197543744e+00
-4.6521844506568621e+00
-4.7840386017734851e+00
-4.8672563606335304e+00
-4.9008949808070765e+00
-4.8863314331042336e+00
-4.8254742286127641e+00
-4.7216739551279421e+00
0.0000000000000000e+00
2.4055929233035767e-01
0.0000000000000000e+00
0.0000000000000000e+00
];
