%Vec Object:sol 1 MPI processes
%  type: mpi
sol = [
0.0000000000000000e+00
-1.4035889586080728e+01
-1.2651469969001807e+01
-1.1452292142928652e+01
-1.0424425158392882e+01
-9.5351327786506879e+00
-8.7573684253003190e+00
-8.0708166160149784e+00
-7.4599833338246944e+00
-6.9112809638259325e+00
-6.4148942509152977e+00
-5.9637978575246926e+00
-5.5509966783010523e+00
-5.1713546761417772e+00
-4.8211382230660371e+00
-4.4969052638933782e+00
-4.1943366216406188e+00
-3.9120905258165042e+00
-3.6489511063752742e+00
-3.4028338099316189e+00
-3.1709789450729051e+00
-2.9538370347306109e+00
-2.7500508860956705e+00
-2.5575138899139089e+00
-2.3770944399863652e+00
-2.2067736463380623e+00
-2.0469320386155632e+00
-1.8960934985416349e+00
-1.7547418771951364e+00
-1.6214408081662592e+00
-1.4964197830841268e+00
-1.3792828591045292e+00
-1.2692028661910602e+00
-1.1662769804902628e+00
-1.0701713083344622e+00
-9.8022928685271760e-01
-8.9639095218199494e-01
-8.1841300143185436e-01
-7.4598177665413357e-01
-6.7876783097702509e-01
-6.1643426954825187e-01
-5.5884283536382218e-01
-5.0573179305578708e-01
-4.5684379619332516e-01
-4.1192194725886105e-01
-3.7074191844676241e-01
-3.3307140692443848e-01
-2.9865889090663400e-01
-2.6728498867744288e-01
-2.3878444087258607e-01
-2.1291938912546735e-01
-1.8952764132979713e-01
-1.6842672472265566e-01
-1.4940613423418975e-01
-1.3232129515702573e-01
-1.1702153244166626e-01
-1.0332650827208102e-01
-9.1108522111044324e-02
-8.0248792560626239e-02
-7.0597616173152536e-02
-6.2043947852838538e-02
-5.4499111858573854e-02
-4.7842538051950580e-02
-4.1979253373421260e-02
-3.6847514924497796e-02
-3.2352926729461315e-02
-2.8415461857117599e-02
-2.4996264230087984e-02
-2.2023258347206313e-02
-1.9429834291940253e-02
-1.7195605890824587e-02
-1.5266661272349878e-02
-1.3588009330925174e-02
-1.2153430352930698e-02
-1.0923134839282327e-02
-9.8519464661105411e-03
-8.9439154393016248e-03
-8.1697295844254531e-03
-7.4924154906524697e-03
-6.9229672501526012e-03
-6.4394498275781456e-03
-6.0117857250492433e-03
-5.6552102238810933e-03
-5.3526519970463907e-03
-5.0799625019279596e-03
-4.8545131484697369e-03
-4.6621383357177658e-03
-4.4839713620571332e-03
-4.3379396208155646e-03
-4.2113082278900579e-03
-4.0901135409522026e-03
-3.9916910028263185e-03
-3.9036562869654806e-03
-3.8167754487879011e-03
-3.7469834740583466e-03
-3.6814747145611955e-03
-3.6157169181906205e-03
-3.5636950452102110e-03
-3.5116471882033133e-03
-3.4598096413038376e-03
-3.4198627241687849e-03
-3.3767372383716391e-03
-3.3355590110889736e-03
-3.3055048606373959e-03
-3.2699836855711161e-03
-3.2391923034112927e-03
-3.2197251524600109e-03
-3.1933803456298975e-03
-3.1756563047855703e-03
-3.1706077926405758e-03
-3.1584606636918498e-03
-3.1603137868141790e-03
-3.1753433496067912e-03
-3.1899516419860233e-03
-3.2236775258694850e-03
-3.2731938671711051e-03
-3.3329567559338157e-03
-3.4200079724350306e-03
-3.5296049015620568e-03
-3.6648613758018173e-03
-3.8411377517010652e-03
-4.0531742804671552e-03
-4.3136189648489160e-03
-4.6373181777077041e-03
-5.0197683168683293e-03
-5.4844034418438702e-03
-6.0461809436978629e-03
-6.7059656939553918e-03
-7.4967698299815222e-03
-8.4341687112060616e-03
-9.5341977700743648e-03
-1.0833977251087991e-02
-1.2354914259987594e-02
-1.4130532262687186e-02
-1.6204890946533514e-02
-1.8608221135409775e-02
-2.1394062371306467e-02
-2.4616068104524914e-02
-2.8317633580839087e-02
-3.2573458632465101e-02
-3.7447055875086059e-02
-4.3006866221232745e-02
-4.9341172281770561e-02
-5.6528840591375140e-02
-6.4663882166276748e-02
-7.3849057994212833e-02
-8.4179040000387312e-02
-9.5771378629776902e-02
-1.0873990343327845e-01
-1.2319797030326247e-01
-1.3927535514557393e-01
-1.5709094985423469e-01
-1.7676175970945979e-01
-1.9842473892840928e-01
-2.2219833126835509e-01
-2.4820573902096710e-01
-2.7656027295512742e-01
-3.0736509734129897e-01
-3.4071721368914243e-01
-3.7669726739818171e-01
-4.1537059153707623e-01
-4.5678380870389285e-01
-5.0096431707971401e-01
-5.4787906726194635e-01
-5.9746819254488781e-01
-6.4972637813931544e-01
-7.0456259726551407e-01
-7.6186471190322780e-01
-8.2147865492423677e-01
-8.8303197645826004e-01
-9.4646901122684335e-01
-1.0115290510149297e+00
-1.0778748016841693e+00
-1.1450157762032911e+00
-1.2128159924311843e+00
-1.2808420583479534e+00
-1.3484838749365573e+00
-1.4156375925129221e+00
-1.4815659867571340e+00
-1.5460526421893652e+00
-1.6085507693507295e+00
-1.6686773633249281e+00
-1.7259764969921887e+00
-1.7801575500420910e+00
-1.8306656890830453e+00
-1.8775004077687851e+00
-1.9198646633338905e+00
-1.9579307030074884e+00
-1.9913671998051927e+00
-2.0197809562558744e+00
-2.0433319134952539e+00
-2.0618519761734939e+00
-2.0750391536420363e+00
-2.0831985635130241e+00
-2.0863123010892286e+00
-2.0843457670839705e+00
-2.0773891599692029e+00
-2.0657135591260323e+00
-2.0495158557393327e+00
0.0000000000000000e+00
1.3464638167935297e-01
0.0000000000000000e+00
0.0000000000000000e+00
];
