%Vec Object:sol 1 MPI processes
%  type: mpi
sol = [
0.0000000000000000e+00
-5.9256730551773540e+00
-5.6341596014069708e+00
-5.3618407571740052e+00
-5.1097649353240184e+00
-4.8675451170288389e+00
-4.6408829656664610e+00
-4.4272033071796582e+00
-4.2220782728192185e+00
-4.0293429951125690e+00
-3.8436195624223171e+00
-3.6675931934631549e+00
-3.4992815412855682e+00
-3.3374550956356921e+00
-3.1834168924226938e+00
-3.0345474147811151e+00
-2.8926960470842551e+00
-2.7552375202247883e+00
-2.6242303920649310e+00
-2.4973827298534914e+00
-2.3758205348939114e+00
-2.2587974291606501e+00
-2.1461007962390068e+00
-2.0380595559449701e+00
-1.9335005696101470e+00
-1.8334735116751553e+00
-1.7370915972317273e+00
-1.6443069763870357e+00
-1.5555299099383184e+00
-1.4700776302195573e+00
-1.3879417359871271e+00
-1.3094292560932332e+00
-1.2342731033909395e+00
-1.1619575501211106e+00
-1.0929398263787669e+00
-1.0270615550690891e+00
-9.6421312626641087e-01
-9.0404023286560742e-01
-8.4673608688587787e-01
-7.9223317574173602e-01
-7.4044593590546159e-01
-6.9128700044105873e-01
-6.4461143701088341e-01
-6.0030693955162351e-01
-5.5840373569561241e-01
-5.1882131302548473e-01
-4.8147750221205082e-01
-4.4627771976434000e-01
-4.1315490982570524e-01
-3.8203022203313680e-01
-3.5280265966226620e-01
-3.2539126714584948e-01
-2.9971982343007181e-01
-2.7572076784973243e-01
-2.5333276448242786e-01
-2.3248586251664582e-01
-2.1308301762269150e-01
-1.9506094879615704e-01
-1.7835833046470181e-01
-1.6288475533437596e-01
-1.4857523783397300e-01
-1.3537795197943023e-01
-1.2321066312640200e-01
-1.1200782113718576e-01
-1.0172746450852704e-01
-9.2296410053723521e-02
-8.3650120216188173e-02
-7.5756391090563091e-02
-6.8551333177568161e-02
-6.1973133885906168e-02
-5.5998773582284445e-02
-5.0573419434541113e-02
-4.5639425683228797e-02
-4.1182077769050821e-02
-3.7154975587330698e-02
-3.3505721470885257e-02
-3.0226807918646896e-02
-2.7279362565030350e-02
-2.4616954335703770e-02
-2.2238057310654414e-02
-2.0110248423755847e-02
-1.8193469788025024e-02
-1.6490911498952238e-02
-1.4975448010009964e-02
-1.3613565377716769e-02
-1.2411941656056377e-02
-1.1347610387220045e-02
-1.0393619379523402e-02
-9.5590066733666663e-03
-8.8239093650710268e-03
-8.1678787010334465e-03
-7.6013324599800963e-03
-7.1065912383306475e-03
-6.6696407927806303e-03
-6.3014788516343057e-03
-5.9858614601511354e-03
-5.7151809512206997e-03
-5.5004186466399482e-03
-5.3262174171520875e-03
-5.1914270684223262e-03
-5.1066336457901125e-03
-5.0570379007816822e-03
-5.0481002863635854e-03
-5.0898635345659046e-03
-5.1679780236728676e-03
-5.2948159118457521e-03
-5.4799548551892853e-03
-5.7096248550292652e-03
-6.0035601083885800e-03
-6.3711886825271293e-03
-6.7996948804192438e-03
-7.3167813802752909e-03
-7.9298475069359727e-03
-8.6349572245234402e-03
-9.4612302143068094e-03
-1.0416805012784287e-02
-1.1508846811586947e-02
-1.2767405957541772e-02
-1.4202869445733582e-02
-1.5834389484545654e-02
-1.7694068523381058e-02
-1.9795737772813626e-02
-2.2171447661927569e-02
-2.4856562977718103e-02
-2.7869639344561190e-02
-3.1256424153146653e-02
-3.5055849950618140e-02
-3.9295059330193713e-02
-4.4031334498301107e-02
-4.9306860950929898e-02
-5.5164874416396614e-02
-6.1665354178105550e-02
-6.8856994485756773e-02
-7.6799507986409693e-02
-8.5559722321967263e-02
-9.5192223567015469e-02
-1.0576910232203998e-01
-1.1736061481548474e-01
-1.3002728345696818e-01
-1.4385025053375072e-01
-1.5889924337770611e-01
-1.7524398009617370e-01
-1.9296309457686733e-01
-2.1212475915956328e-01
-2.3280081386559243e-01
-2.5506210726351614e-01
-2.7896982915677093e-01
-3.0458851689310318e-01
-3.3197388679058870e-01
-3.6117452433158881e-01
-3.9223450630850698e-01
-4.2518809374097044e-01
-4.6000588744403054e-01
-4.9672882994699730e-01
-5.3537353362053985e-01
-5.7592633616254252e-01
-6.1836258739865035e-01
-6.6264751953361689e-01
-7.0872163759058682e-01
-7.5639315589445477e-01
-8.0564520462164002e-01
-8.5640338605856459e-01
-9.0856343854177291e-01
-9.6194733256975973e-01
-1.0161985289106636e+00
-1.0713763002659888e+00
-1.1272931048181176e+00
-1.1835795271335097e+00
-1.2400328931893447e+00
-1.2966021428222225e+00
-1.3528470050848944e+00
-1.4085495435522863e+00
-1.4637031232003623e+00
-1.5175768527431666e+00
-1.5704058151443849e+00
-1.6216343697531854e+00
-1.6711917364812283e+00
-1.7187383307423163e+00
-1.7641420715537719e+00
-1.8070839654536957e+00
-1.8475554893306536e+00
-1.8851042331259071e+00
-1.9199624474576462e+00
-1.9514893045184416e+00
-1.9799900586643189e+00
-2.0052534495383338e+00
-2.0270141996387427e+00
-2.0455032472560970e+00
-2.0605437629073524e+00
-2.0719914210539541e+00
-2.0801051672672317e+00
-2.0848601221983429e+00
-2.0860020052480954e+00
-2.0839216620894572e+00
-2.0786408504088212e+00
-2.0701673159615956e+00
-2.0585231067850462e+00
-2.0439783319035421e+00
-2.0266774009573014e+00
0.0000000000000000e+00
2.4055929233035767e-01
0.0000000000000000e+00
0.0000000000000000e+00
];
