%Vec Object:sol 1 MPI processes
%  type: mpi
sol = [
0.0000000000000000e+00
-6.1380800210724082e+00
-5.8268169662167661e+00
-5.5355699054432401e+00
-5.2659658110020748e+00
-5.0097178901611503e+00
-4.7678514363231184e+00
-4.5415407833778829e+00
-4.3241904915351856e+00
-4.1190127991834053e+00
-3.9241068395069822e+00
-3.7369226941725380e+00
-3.5599854163789701e+00
-3.3887399034646526e+00
-3.2262322064895148e+00
-3.0698037180487256e+00
-2.9201573330349495e+00
-2.7761958548913368e+00
-2.6383890934437142e+00
-2.5056157093687426e+00
-2.3784338203681870e+00
-2.2557886660613939e+00
-2.1386971563957844e+00
-2.0252351274563813e+00
-1.9168662416515028e+00
-1.8127786205584742e+00
-1.7125890799550425e+00
-1.6168373525359045e+00
-1.5248666341286339e+00
-1.4366245547802448e+00
-1.3523379313306607e+00
-1.2717648066700407e+00
-1.1944687601921988e+00
-1.1207758293018963e+00
-1.0505976837365218e+00
-9.8369635150165058e-01
-9.1981088551239620e-01
-8.5913873123138329e-01
-8.0156296140010463e-01
-7.4697366932791676e-01
-6.9527781028698832e-01
-6.4622104996032059e-01
-5.9988182703485904e-01
-5.5617593515236685e-01
-5.1500161818052459e-01
-4.7627059625649359e-01
-4.3988901333834779e-01
-4.0574742933841890e-01
-3.7377128716490082e-01
-3.4384546573439351e-01
-3.1585624150519542e-01
-2.8977094057931307e-01
-2.6550211896717035e-01
-2.4293567250415873e-01
-2.2200244396876717e-01
-2.0262391486528850e-01
-1.8469263961389290e-01
-1.6813819908607897e-01
-1.5289264780705036e-01
-1.3885752918523078e-01
-1.2596193166533340e-01
-1.1414936928820707e-01
-1.0333186340173421e-01
-9.3439474487604313e-02
-8.4427439130251331e-02
-7.6218956746117547e-02
-6.8746725145246559e-02
-6.1977370505799205e-02
-5.5845220390671108e-02
-5.0287200210499386e-02
-4.5280449125209767e-02
-4.0769822114271236e-02
-3.6697664287592864e-02
-3.3050407367656867e-02
-2.9782422139219496e-02
-2.6842240919744242e-02
-2.4224150096715951e-02
-2.1890758815015437e-02
-1.9797180075983526e-02
-1.7944021552077159e-02
-1.6300723515970610e-02
-1.4829088158792364e-02
-1.3534521886867422e-02
-1.2391875218687093e-02
-1.1369561425299504e-02
-1.0476359312061577e-02
-9.6911862925350197e-03
-8.9888931021689482e-03
-8.3803614690151629e-03
-7.8473747074319748e-03
-7.3710260848485944e-03
-6.9632266621284990e-03
-6.6076088515532646e-03
-6.2913482469222253e-03
-6.0265280245175787e-03
-5.7978200461647131e-03
-5.5983959122726011e-03
-5.4398801232408466e-03
-5.3073954135406682e-03
-5.2001227580900844e-03
-5.1288263923846573e-03
-5.0787216803107327e-03
-5.0551260158140559e-03
-5.0677768338533678e-03
-5.1018484472013896e-03
-5.1690761678748181e-03
-5.2782321016136566e-03
-5.4145559149473832e-03
-5.5966406591735681e-03
-5.8325963826041669e-03
-6.1080853973848812e-03
-6.4491724514331725e-03
-6.8614218602843086e-03
-7.3388624712419489e-03
-7.9085024884822143e-03
-8.5761556868231472e-03
-9.3465051906202815e-03
-1.0247084581882936e-02
-1.1285543856157746e-02
-1.2478246171997906e-02
-1.3854511499588665e-02
-1.5425176975422334e-02
-1.7219438246179559e-02
-1.9269850802339391e-02
-2.1591975436203142e-02
-2.4229021471121034e-02
-2.7217427971832613e-02
-3.0581776213788277e-02
-3.4377625435921030e-02
-3.8645418656507599e-02
-4.3426193591656628e-02
-4.8780624998622762e-02
-5.4758151571224156e-02
-6.1417936387802817e-02
-6.8828447482793709e-02
-7.7046087271614994e-02
-8.6146501058858196e-02
-9.6204380251942404e-02
-1.0728500770207665e-01
-1.1947689860615064e-01
-1.3285751164706711e-01
-1.4750555352694383e-01
-1.6351100493054396e-01
-1.8095365526760346e-01
-1.9991914944088537e-01
-2.2049383431004768e-01
-2.4275440953557398e-01
-2.6678408155919558e-01
-2.9265755259241943e-01
-3.2044284037696774e-01
-3.5020614161312447e-01
-3.8200292715031076e-01
-4.1588028644153163e-01
-4.5184260030264528e-01
-4.8990206756297411e-01
-5.3009977127863983e-01
-5.7243182627996969e-01
-6.1688208011113477e-01
-6.6340986033267590e-01
-7.1196598208786943e-01
-7.6238278050596253e-01
-8.1456414287186296e-01
-8.6847743606953975e-01
-9.2398356188569575e-01
-9.8093278749837098e-01
-1.0388921382273937e+00
-1.0979089830386410e+00
-1.1577963547507000e+00
-1.2181333588368135e+00
-1.2786749504016264e+00
-1.3393812204866709e+00
-1.3996879819224644e+00
-1.4594451493877678e+00
-1.5185178843100184e+00
-1.5761711260049089e+00
-1.6326815865391497e+00
-1.6872238350733870e+00
-1.7400157120739979e+00
-1.7903442920332264e+00
-1.8384174330190328e+00
-1.8834747784549144e+00
-1.9258297379935199e+00
-1.9648308362796520e+00
-2.0005991943038586e+00
-2.0329920472074292e+00
-2.0615635198826632e+00
-2.0865883969835033e+00
-2.1078835445777448e+00
-2.1251690276458692e+00
-2.1386985519027299e+00
-2.1484742080387389e+00
-2.1542557333209587e+00
-2.1562335756746123e+00
-2.1545751860077593e+00
-2.1493095474642310e+00
-2.1403640704074043e+00
-2.1279836023937135e+00
-2.1123411347410017e+00
-2.0936018616572318e+00
0.0000000000000000e+00
2.4055929233035767e-01
0.0000000000000000e+00
0.0000000000000000e+00
];
