%Vec Object:sol 1 MPI processes
%  type: mpi
sol = [
0.0000000000000000e+00
-1.6666177307688983e+01
-1.4723552211011901e+01
-1.3121629714150915e+01
-1.1768174718124197e+01
-1.0616224053516234e+01
-9.6293714997035718e+00
-8.7705531101047658e+00
-8.0101504794185630e+00
-7.3338649840061310e+00
-6.7274489899872316e+00
-6.1799753669495194e+00
-5.6817211853045109e+00
-5.2257305349744820e+00
-4.8070102799621228e+00
-4.4211881290180575e+00
-4.0645077030343328e+00
-3.7340139053196042e+00
-3.4268719561099146e+00
-3.1417581446684260e+00
-2.8770104143318567e+00
-2.6304709532340302e+00
-2.4015036684251032e+00
-2.1886493715067128e+00
-1.9909900324959851e+00
-1.8077196919895147e+00
-1.6379743783383218e+00
-1.4808235651947055e+00
-1.3359963829195909e+00
-1.2023798173914728e+00
-1.0794881567327890e+00
-9.6688271154471728e-01
-8.6388240683881479e-01
-7.6972165146204097e-01
-6.8403182258606543e-01
-6.0628016840173704e-01
-5.3592933783738073e-01
-4.7244920162258081e-01
-4.1534391890745165e-01
-3.6412945539525871e-01
-3.1830754402696143e-01
-2.7747899795229197e-01
-2.4123893207138811e-01
-2.0917157043843229e-01
-1.8086960607216956e-01
-1.5600706406612197e-01
-1.3424153130506983e-01
-1.1521294186209331e-01
-9.8675041406740147e-02
-8.4356614529479151e-02
-7.1958053986795681e-02
-6.1296535340883807e-02
-5.2167973080698510e-02
-4.4341878158111095e-02
-3.7679150534510604e-02
-3.2038632531189104e-02
-2.7249961780810454e-02
-2.3209794699174280e-02
-1.9828590553397800e-02
-1.6984865552490448e-02
-1.4602703854362785e-02
-1.2632279630822078e-02
-1.0989571172544600e-02
-9.6183804712899734e-03
-8.4976817466045924e-03
-7.5706912889846991e-03
-6.7945667918281050e-03
-6.1679851974166143e-03
-5.6530258590793336e-03
-5.2154934876166613e-03
-4.8667185598058509e-03
-4.5812589629283008e-03
-4.3304091416684785e-03
-4.1330217271464808e-03
-3.9715253097148935e-03
-3.8208386450850336e-03
-3.7037748010197908e-03
-3.6074439097003486e-03
-3.5094803208511054e-03
-3.4342740380481603e-03
-3.3714721963369288e-03
-3.3011542826508538e-03
-3.2477301043748637e-03
-3.2019618044081830e-03
-3.1464845826296877e-03
-3.1047213299529876e-03
-3.0676039356029002e-03
-3.0206305668207291e-03
-2.9855831945901816e-03
-2.9529229055422612e-03
-2.9113952274786312e-03
-2.8807079596358197e-03
-2.8504028540328246e-03
-2.8128637813944124e-03
-2.7854289593605471e-03
-2.7563936672857945e-03
-2.7221405035350024e-03
-2.6974312999045961e-03
-2.6690693397791211e-03
-2.6377476466538496e-03
-2.6155039040255284e-03
-2.5874638898637620e-03
-2.5588823309357607e-03
-2.5389722009032927e-03
-2.5110316554174277e-03
-2.4850927901031955e-03
-2.4674699751986188e-03
-2.4395180479750262e-03
-2.4162209994436331e-03
-2.4009497789780074e-03
-2.3730318610822791e-03
-2.3525474112144466e-03
-2.3373867524826087e-03
-2.3123774396380851e-03
-2.2952467814283698e-03
-2.2804577819492728e-03
-2.2598449711954249e-03
-2.2474170049131218e-03
-2.2348090168827681e-03
-2.2209262349810865e-03
-2.2162681775822223e-03
-2.2098608626568059e-03
-2.2078318096279653e-03
-2.2175418331215838e-03
-2.2258075001723009e-03
-2.2463455299866525e-03
-2.2830389944168842e-03
-2.3241180669597975e-03
-2.3887097724768856e-03
-2.4766915487308412e-03
-2.5866437124599921e-03
-2.7367133149354258e-03
-2.9271846935173150e-03
-3.1687883547616455e-03
-3.4811279928308510e-03
-3.8677053944708609e-03
-4.3543126061054644e-03
-4.9653075984991309e-03
-5.7128661916043613e-03
-6.6409996425592357e-03
-7.7812878781662121e-03
-9.1703424504353641e-03
-1.0866668098484109e-02
-1.2919654268563084e-02
-1.5397547422588490e-02
-1.8381550799628780e-02
-2.1947618471297180e-02
-2.6203969592153584e-02
-3.1261453048507366e-02
-3.7238534798717998e-02
-4.4284698153144841e-02
-5.2550004729056465e-02
-6.2206025812361648e-02
-7.3445144768439788e-02
-8.6462561855734921e-02
-1.0148323749744378e-01
-1.1873978317742830e-01
-1.3847281506059639e-01
-1.6094475089283619e-01
-1.8640866742876894e-01
-2.1512902833965850e-01
-2.4737996576889171e-01
-2.8341818273456421e-01
-3.2349456214673400e-01
-3.6783805503522032e-01
-4.1665154914800656e-01
-4.7010393319212679e-01
-5.2832340899748498e-01
-5.9138440506279988e-01
-6.5925350942356520e-01
-7.3183838133398060e-01
-8.0906423351251633e-01
-8.9072771207149815e-01
-9.7653731746763350e-01
-1.0658699861210874e+00
-1.1584333741137713e+00
-1.2536920140353585e+00
-1.3507120380764479e+00
-1.4489671073296366e+00
-1.5476232903792400e+00
-1.6456242208912355e+00
-1.7423665574484204e+00
-1.8365545600683431e+00
-1.9276077463542816e+00
-2.0144220898632228e+00
-2.0961062963606563e+00
-2.1720679396589491e+00
-2.2412590109721684e+00
-2.3031246268548484e+00
-2.3571983466025812e+00
-2.4030107597711590e+00
-2.4400670918563012e+00
-2.4680874495436402e+00
-2.4871233452855170e+00
-2.4970935290921354e+00
-2.4981060372466954e+00
-2.4903261664373346e+00
-2.4740137168716756e+00
-2.4495621237218383e+00
0.0000000000000000e+00
1.3464638167935297e-01
0.0000000000000000e+00
0.0000000000000000e+00
];
