%Vec Object:sol 1 MPI processes
%  type: mpi
sol = [
0.0000000000000000e+00
-1.3940604819202946e+01
-1.2575292945606236e+01
-1.1390084979088366e+01
-1.0373192675368729e+01
-9.4927540195695599e+00
-8.7223209453055439e+00
-8.0419541044180871e+00
-7.4364282179505778e+00
-6.8923533461039757e+00
-6.4000484520373337e+00
-5.9525871448486631e+00
-5.5430408303381959e+00
-5.1663332290749935e+00
-4.8187978462878904e+00
-4.4966962497053595e+00
-4.1958601335751196e+00
-3.9156460979425547e+00
-3.6543719833081485e+00
-3.4096952786780639e+00
-3.1791140872241868e+00
-2.9633334338185024e+00
-2.7603969241482842e+00
-2.5689779585761925e+00
-2.3894691597428364e+00
-2.2197568309957254e+00
-2.0605792342004752e+00
-1.9101630628468844e+00
-1.7691107312171337e+00
-1.6362010977053327e+00
-1.5113136345748195e+00
-1.3943430005181294e+00
-1.2842524711221350e+00
-1.1812276399885240e+00
-1.0849633604968760e+00
-9.9488039734767353e-01
-9.1075664210374430e-01
-8.3244417784139613e-01
-7.5963511379089266e-01
-6.9204050709163378e-01
-6.2925564276292290e-01
-5.7117678606654365e-01
-5.1755583073459133e-01
-4.6813988324097233e-01
-4.2267738349082590e-01
-3.8094786447716439e-01
-3.4272378800264713e-01
-3.0776027112686222e-01
-2.7584544711470860e-01
-2.4679818985111909e-01
-2.2039828012556836e-01
-1.9648542748261083e-01
-1.7487941064750276e-01
-1.5537220400637455e-01
-1.3782054298279944e-01
-1.2207499793319675e-01
-1.0795657650780105e-01
-9.5338141371625607e-02
-8.4101205121602851e-02
-7.4096420943937119e-02
-6.5212624995285601e-02
-5.7360715217031184e-02
-5.0419758416867876e-02
-4.4294155708265760e-02
-3.8921273495140234e-02
-3.4205901133560757e-02
-3.0067074823259776e-02
-2.6464813600617650e-02
-2.3326006589498939e-02
-2.0582977548290495e-02
-1.8214163108082583e-02
-1.6164572875594883e-02
-1.4378160874752764e-02
-1.2847604281594880e-02
-1.1532111070282444e-02
-1.0385554205820640e-02
-9.4110282261535214e-03
-8.5783606301218229e-03
-7.8497795939326005e-03
-7.2355009796897483e-03
-6.7128963021377309e-03
-6.2512552800377307e-03
-5.8652116625019001e-03
-5.5371639099937326e-03
-5.2424864838559538e-03
-4.9981067857473071e-03
-4.7894724066924067e-03
-4.5973730676649675e-03
-4.4394221534830433e-03
-4.3026148627969846e-03
-4.1727507319201627e-03
-4.0669524891596568e-03
-3.9726560997524170e-03
-3.8804720994927164e-03
-3.8061985750845470e-03
-3.7369173862178175e-03
-3.6680009588610099e-03
-3.6133531806480357e-03
-3.5591494601417291e-03
-3.5055756601375205e-03
-3.4642732255162735e-03
-3.4201489438699948e-03
-3.3783140523825040e-03
-3.3479415616040060e-03
-3.3124502554428997e-03
-3.2820554538427688e-03
-3.2633821106094838e-03
-3.2382736898647875e-03
-3.2222836490137670e-03
-3.2195371552590558e-03
-3.2103487721836222e-03
-3.2159184550705688e-03
-3.2355448377691530e-03
-3.2557753729872863e-03
-3.2963123918257845e-03
-3.3540209302777000e-03
-3.4235777066853263e-03
-3.5222713596587702e-03
-3.6456439557320361e-03
-3.7971281926253786e-03
-3.9924387551875731e-03
-4.2267183190859295e-03
-4.5130549051948894e-03
-4.8667798503279434e-03
-5.2839326754388731e-03
-5.7885249283455738e-03
-6.3961458441957894e-03
-7.1083545798447901e-03
-7.9588800952028957e-03
-8.9640771678899753e-03
-1.0140805850817945e-02
-1.1527023306487335e-02
-1.3145029654726300e-02
-1.5029245351739023e-02
-1.7224620960047409e-02
-1.9762313418637736e-02
-2.2696716244040127e-02
-2.6082303690358036e-02
-2.9963283841976353e-02
-3.4414980022656305e-02
-3.9501477128962764e-02
-4.5291648087752233e-02
-5.1873947777419660e-02
-5.9327295329418023e-02
-6.7745434337597707e-02
-7.7230541344324069e-02
-8.7876509445935266e-02
-9.9799558786140691e-02
-1.1311186874590798e-01
-1.2792475815188920e-01
-1.4436525543799569e-01
-1.6254538729408546e-01
-1.8258544292879486e-01
-2.0461493683785414e-01
-2.2874787642573643e-01
-2.5510223892499301e-01
-2.8378573546022196e-01
-3.1489561355107099e-01
-3.4852227246250639e-01
-3.8473975098058993e-01
-4.2360642160044043e-01
-4.6516175394828591e-01
-5.0942635243493917e-01
-5.5633824081032612e-01
-6.0587343426866014e-01
-6.5800145369518626e-01
-7.1262676558987770e-01
-7.6963411036874585e-01
-8.2882982960124685e-01
-8.8989736913670903e-01
-9.5276234163640505e-01
-1.0171623795500002e+00
-1.0827072858693416e+00
-1.1490186309336967e+00
-1.2159121348890294e+00
-1.2828967714755906e+00
-1.3495025039868371e+00
-1.4155698201207296e+00
-1.4803045658943415e+00
-1.5436426179548051e+00
-1.6049083835511690e+00
-1.6638785217234067e+00
-1.7199656953668379e+00
-1.7730394077707110e+00
-1.8224149423439751e+00
-1.8681736635058688e+00
-1.9095910610735480e+00
-1.9467223305754020e+00
-1.9793765704691848e+00
-2.0070508606925350e+00
-2.0299701831855361e+00
-2.0480129485832426e+00
-2.0607952019896829e+00
-2.0686666154726425e+00
-2.0716104575053844e+00
-2.0696101971341325e+00
-2.0627103815274541e+00
-2.0512016677471276e+00
-2.0352755513989105e+00
0.0000000000000000e+00
1.3464638167935297e-01
0.0000000000000000e+00
0.0000000000000000e+00
];
