%Vec Object:sol 1 MPI processes
%  type: mpi
sol = [
0.0000000000000000e+00
-8.6851222723095720e+00
-8.0808463553421301e+00
-7.5278985271133285e+00
-7.0198164087196808e+00
-6.5503237378562300e+00
-6.1124775935146527e+00
-5.7036345778937791e+00
-5.3216953812685910e+00
-4.9633267027729735e+00
-4.6263752054043348e+00
-4.3096177998244976e+00
-4.0089099745021173e+00
-3.7253066399109191e+00
-3.4580580903343869e+00
-3.2047112641321536e+00
-2.9654009756205997e+00
-2.7397011965556413e+00
-2.5261608561035400e+00
-2.3254264270738627e+00
-2.1356885449034833e+00
-1.9578785475016769e+00
-1.7907437734122125e+00
-1.6341092337153478e+00
-1.4879984792617567e+00
-1.3513394318425433e+00
-1.2242415793942762e+00
-1.1063902513057164e+00
-9.9728585645110202e-01
-8.9636627504732047e-01
-8.0351722486226951e-01
-7.1833540993946454e-01
-6.4040156847309149e-01
-5.6931715571296249e-01
-5.0460505285473922e-01
-4.4592414122471397e-01
-3.9293711806265441e-01
-3.4523128403870673e-01
-3.0243362509082677e-01
-2.6418601005077480e-01
-2.3010807770215005e-01
-1.9984628691408204e-01
-1.7309412460761636e-01
-1.4952140977317105e-01
-1.2880065791010964e-01
-1.1068762176339050e-01
-9.4912376607890356e-02
-8.1181289717056904e-02
-6.9315208654501068e-02
-5.9103052309364586e-02
-5.0300523065012440e-02
-4.2778190057938731e-02
-3.6380436419748939e-02
-3.0921466959745236e-02
-2.6303395352022370e-02
-2.2422607435396369e-02
-1.9143288963981826e-02
-1.6392949381137261e-02
-1.4109791901828886e-02
-1.2197854117969901e-02
-1.0603509825770595e-02
-9.2964496997990261e-03
-8.2106790182781865e-03
-7.3055262220851416e-03
-6.5729987349018946e-03
-5.9685070254494486e-03
-5.4596566959636498e-03
-5.0533480872165682e-03
-4.7195800355250500e-03
-4.4309785379807497e-03
-4.2037284644523805e-03
-4.0173429284778147e-03
-3.8474725608103784e-03
-3.7155904919203295e-03
-3.6071298254107156e-03
-3.4997633562396549e-03
-3.4175220866972207e-03
-3.3493001775264227e-03
-3.2744824069769521e-03
-3.2178461368145457e-03
-3.1700969701589430e-03
-3.1124506868432412e-03
-3.0692454710659692e-03
-3.0318940052868277e-03
-2.9837913904510894e-03
-2.9480597374683159e-03
-2.9160679790919404e-03
-2.8738340152139950e-03
-2.8427453489866953e-03
-2.8136006876316563e-03
-2.7754975438999598e-03
-2.7477326035042974e-03
-2.7201506802237551e-03
-2.6853552376262207e-03
-2.6602986868058689e-03
-2.6335807919715608e-03
-2.6016862963312167e-03
-2.5790388676331989e-03
-2.5527672802611629e-03
-2.5235540136434582e-03
-2.5031578337166003e-03
-2.4770617657355262e-03
-2.4503977015978302e-03
-2.4321641920637301e-03
-2.4060541304176592e-03
-2.3818625718545318e-03
-2.3657563173784509e-03
-2.3395254321351509e-03
-2.3177999215639612e-03
-2.3038700162355949e-03
-2.2775398111613463e-03
-2.2584153901580662e-03
-2.2444299190202133e-03
-2.2207525697106353e-03
-2.2046889238659844e-03
-2.1908178284483107e-03
-2.1711460109445305e-03
-2.1593427715522486e-03
-2.1472177258000801e-03
-2.1336811666668567e-03
-2.1289745546632824e-03
-2.1223594534025649e-03
-2.1198134348460879e-03
-2.1285318614010789e-03
-2.1356487824033760e-03
-2.1546134601858492e-03
-2.1893041179565824e-03
-2.2283517854743418e-03
-2.2906629285701957e-03
-2.3764312685229470e-03
-2.4847179695350555e-03
-2.6338951244034700e-03
-2.8251095034881706e-03
-3.0700266655030398e-03
-3.3893819820186200e-03
-3.7886636426931932e-03
-4.2957785531437661e-03
-4.9380081536621913e-03
-5.7316771734221934e-03
-6.7254065043586362e-03
-7.9570778157731000e-03
-9.4711915645713431e-03
-1.1335674852127695e-02
-1.3611944690970519e-02
-1.6382643660998928e-02
-1.9746134004060809e-02
-2.3798919437599205e-02
-2.8674412269256457e-02
-3.4512804188581742e-02
-4.1467090767933562e-02
-4.9726310366037307e-02
-5.9486581207656250e-02
-7.0971769791491612e-02
-8.4433177139205645e-02
-1.0013263693273262e-01
-1.1836809291696671e-01
-1.3945255446131949e-01
-1.6371415194682032e-01
-1.9150773595295728e-01
-2.2319222025352328e-01
-2.5913728734018521e-01
-2.9971548226674150e-01
-3.4528913031381453e-01
-3.9620901139961540e-01
-4.5279911647070509e-01
-5.1534779681760601e-01
-5.8409251527110972e-01
-6.5912724630991082e-01
-7.4056558404040418e-01
-8.2845093340971676e-01
-9.2270746229213119e-01
-1.0231304205307696e+00
-1.1291536779006064e+00
-1.2404679942375747e+00
-1.3565698590548663e+00
-1.4764680872394684e+00
-1.5993957876960387e+00
-1.7245397759202350e+00
-1.8503580355582891e+00
-1.9762352233377940e+00
-2.1003575243892634e+00
-2.2219113617458137e+00
-2.3394823467808621e+00
-2.4515850096483298e+00
-2.5573600695185021e+00
-2.6556449436928933e+00
-2.7451348338471280e+00
-2.8250241609226729e+00
-2.8947211115486056e+00
-2.9535283319404302e+00
-3.0010110974595641e+00
-3.0368511432476604e+00
-3.0608977484798117e+00
-3.0732205787878821e+00
-3.0739287704519902e+00
-3.0633587552196571e+00
-3.0419052195840295e+00
-3.0100636002319230e+00
-2.9684747033551449e+00
0.0000000000000000e+00
2.4055929233035767e-01
0.0000000000000000e+00
0.0000000000000000e+00
];
