%Vec Object:sol 1 MPI processes
%  type: mpi
sol = [
0.0000000000000000e+00
-4.7050334145912728e+01
-2.9916701085715829e+01
-1.8271618573443291e+01
-1.0379946279393581e+01
-5.3891530209488963e+00
-2.5343577174151615e+00
-1.0766193867113869e+00
-4.1407817783375783e-01
-1.4512001858950296e-01
-4.7043503221694108e-02
-1.4587709824805995e-02
-4.8030382776432937e-03
-2.1270480183563901e-03
-1.4275995154190140e-03
-1.2298537932062825e-03
-1.2025679571428579e-03
-1.2169108016151413e-03
-1.1719608419398010e-03
-1.1681691358443385e-03
-1.2030219339673259e-03
-1.1644285597672307e-03
-1.1513662127403176e-03
-1.1737449429147582e-03
-1.1609865320239194e-03
-1.1395459341204078e-03
-1.1508675434473540e-03
-1.1579356977810230e-03
-1.1296942319858373e-03
-1.1321607603983978e-03
-1.1551920300960556e-03
-1.1223059260473914e-03
-1.1182643240505476e-03
-1.1420307511560205e-03
-1.1179911391315032e-03
-1.1086561389340300e-03
-1.1251779342924873e-03
-1.1151335013413668e-03
-1.1011691680579592e-03
-1.1113685821675513e-03
-1.1122258644864840e-03
-1.0945197597501944e-03
-1.0995252049825369e-03
-1.1090300633142041e-03
-1.0885441823748592e-03
-1.0894898553415963e-03
-1.1059155361251719e-03
-1.0836284803338958e-03
-1.0815974940824877e-03
-1.0992118696960954e-03
-1.0801330088079503e-03
-1.0757769137208501e-03
-1.0898740262189732e-03
-1.0774686206400557e-03
-1.0711038325120525e-03
-1.0821182754562134e-03
-1.0748562937925386e-03
-1.0668991269217924e-03
-1.0753797168910435e-03
-1.0721172348209882e-03
-1.0630136908199824e-03
-1.0694789963454612e-03
-1.0692788896788294e-03
-1.0594136992948802e-03
-1.0643081248998940e-03
-1.0663805412661042e-03
-1.0560766754195345e-03
-1.0597783303047403e-03
-1.0634469042850102e-03
-1.0529767477241263e-03
-1.0558084587404509e-03
-1.0605017623191040e-03
-1.0500932451391999e-03
-1.0523294110315953e-03
-1.0575648318958658e-03
-1.0474097319064157e-03
-1.0492854875811309e-03
-1.0546575184236990e-03
-1.0449163468041391e-03
-1.0466300647066734e-03
-1.0517927395979592e-03
-1.0425925582917210e-03
-1.0443063481185926e-03
-1.0489596229765398e-03
-1.0403818693230534e-03
-1.0422305446861377e-03
-1.0461432111123778e-03
-1.0383264550809256e-03
-1.0404455409227524e-03
-1.0434141690602828e-03
-1.0364079930214026e-03
-1.0388916547146164e-03
-1.0407461958684893e-03
-1.0346082142681614e-03
-1.0375409534260805e-03
-1.0381422672615284e-03
-1.0329174545153071e-03
-1.0363688358015579e-03
-1.0356034968610555e-03
-1.0313262705480537e-03
-1.0353534604800759e-03
-1.0331342150032405e-03
-1.0298303249263725e-03
-1.0344810445722702e-03
-1.0307357747190971e-03
-1.0284289389558426e-03
-1.0337547792343628e-03
-1.0284548106937032e-03
-1.0272118041669105e-03
-1.0333285226405255e-03
-1.0265358091872945e-03
-1.0264615324168645e-03
-1.0309722619421245e-03
-1.0251148945195384e-03
-1.0261414736898369e-03
-1.0284792081589698e-03
-1.0239366969661077e-03
-1.0259912027579226e-03
-1.0261254397642670e-03
-1.0228493007808565e-03
-1.0259144740397189e-03
-1.0238797248376002e-03
-1.0218692697844876e-03
-1.0259793125481163e-03
-1.0218708019023338e-03
-1.0211899219275810e-03
-1.0254820742063371e-03
-1.0203687241526181e-03
-1.0210480670252520e-03
-1.0229882097440755e-03
-1.0193519114357872e-03
-1.0212542434189288e-03
-1.0207882868780193e-03
-1.0185148004713447e-03
-1.0215854709070169e-03
-1.0188021364461440e-03
-1.0179246763725265e-03
-1.0218362466650980e-03
-1.0173273224197675e-03
-1.0179112337163490e-03
-1.0194098860683335e-03
-1.0164302947832931e-03
-1.0183201639195501e-03
-1.0173635260465619e-03
-1.0158064429962429e-03
-1.0189783482411579e-03
-1.0157167871380607e-03
-1.0156364649474353e-03
-1.0178014181773157e-03
-1.0146578138665575e-03
-1.0159862705589587e-03
-1.0156996816331695e-03
-1.0140390973611638e-03
-1.0167068382759626e-03
-1.0140708137279613e-03
-1.0138964274815834e-03
-1.0158803139703799e-03
-1.0130338525442975e-03
-1.0142935324551543e-03
-1.0138473357625402e-03
-1.0125003750615293e-03
-1.0151383437218009e-03
-1.0123800693806852e-03
-1.0125400601704170e-03
-1.0137511393209936e-03
-1.0115539075868072e-03
-1.0131302022680280e-03
-1.0119518054658905e-03
-1.0112410822551679e-03
-1.0135997992551020e-03
-1.0107758807764997e-03
-1.0115620151002177e-03
-1.0115655498427120e-03
-1.0102693646095427e-03
-1.0124665162083316e-03
-1.0101894260415767e-03
-1.0103903376313659e-03
-1.0111912364215354e-03
-1.0094962556327859e-03
-1.0111299241553973e-03
-1.0096613465494658e-03
-1.0095532102198737e-03
-1.0114174573101033e-03
-1.0127840846351072e-03
-1.0315172233014162e-03
-1.1174436127410533e-03
-1.5200600876464237e-03
-3.2576171391315895e-03
-1.0160429889214360e-02
-3.5350949217731506e-02
-1.1895567030348528e-01
-3.6878798825699571e-01
-1.0312699770875899e+00
-2.5569021851367832e+00
-5.5067332317973969e+00
-1.0059812818116816e+01
-1.5260612123494191e+01
-1.9045864737597242e+01
-1.9693842428548983e+01
0.0000000000000000e+00
2.4055929233035767e-01
0.0000000000000000e+00
0.0000000000000000e+00
];
