%Vec Object:sol 1 MPI processes
%  type: mpi
sol = [
0.0000000000000000e+00
-1.3162238304249676e+01
-1.1815248064950978e+01
-1.0612684605953765e+01
-9.5486132754711086e+00
-8.5871736695221923e+00
-7.7138186072723531e+00
-6.9182188380545178e+00
-6.1902124065192208e+00
-5.5216536080710625e+00
-4.9074850770365943e+00
-4.3444858809684508e+00
-3.8290458210598404e+00
-3.3586468500413447e+00
-2.9313036543495863e+00
-2.5437698845422130e+00
-2.1950113845273447e+00
-1.8822963623850315e+00
-1.6043202302055917e+00
-1.3580148720901364e+00
-1.1418750488282083e+00
-9.5356331485172297e-01
-7.9055126699670097e-01
-6.5057856778760614e-01
-5.3145493920783538e-01
-4.3091075584768124e-01
-3.4677710152187374e-01
-2.7696883460050875e-01
-2.1953317900667119e-01
-1.7272785459898046e-01
-1.3492716898604620e-01
-1.0461655177873704e-01
-8.0580694074912154e-02
-6.1700967376027219e-02
-4.6945708471640937e-02
-3.5554774533042385e-02
-2.6854423204244086e-02
-2.0227867532158522e-02
-1.5234077389914412e-02
-1.1526814999359477e-02
-8.7751865661652648e-03
-6.7351786361964320e-03
-5.2644979967571611e-03
-4.2040220915095204e-03
-3.4119074998372576e-03
-2.8582475140556721e-03
-2.4766562806737120e-03
-2.1684362724072571e-03
-1.9598282533578710e-03
-1.8266848502273615e-03
-1.6959021789862390e-03
-1.6069070411575306e-03
-1.5550790718484562e-03
-1.4896995617800877e-03
-1.4392754509600298e-03
-1.4123982269502971e-03
-1.3715768571647777e-03
-1.3331239213802033e-03
-1.3133218510982638e-03
-1.2834452645478320e-03
-1.2490190366781441e-03
-1.2311939475838673e-03
-1.2075788060259009e-03
-1.1750614605000769e-03
-1.1579784261034464e-03
-1.1386977184735143e-03
-1.1076259092523560e-03
-1.0911048924365974e-03
-1.0750731761913770e-03
-1.0454055172960865e-03
-1.0295181448522937e-03
-1.0159551070339468e-03
-9.8773839837813576e-04
-9.7259728837717756e-04
-9.6087289673681489e-04
-9.3416166213797496e-04
-9.1987242823837355e-04
-9.0945840293041259e-04
-8.8429678959918640e-04
-8.7094817544582418e-04
-8.6139633701859104e-04
-8.3781635421850535e-04
-8.2548068671122951e-04
-8.1640996812148601e-04
-7.9443195945805105e-04
-7.8316648932656729e-04
-7.7425268238553329e-04
-7.5388730877075415e-04
-7.4373668264176402e-04
-7.3470463363150087e-04
-7.1595455306199560e-04
-7.0695286093004801e-04
-6.9757008333092973e-04
-6.8043236653621926e-04
-6.7260579476061588e-04
-6.6267692661676700e-04
-6.4714325163117356e-04
-6.4051049599300324e-04
-6.2987335945438139e-04
-6.1593226302766087e-04
-6.1050684083850161e-04
-5.9903221228736260e-04
-5.8666952107035207e-04
-5.8246027406063901e-04
-5.7003686033033660e-04
-5.5923541742148295e-04
-5.5624633904228593e-04
-5.4278304883770626e-04
-5.3352350384656478e-04
-5.3175464890818256e-04
-5.1717691811897109e-04
-5.0943691269607469e-04
-5.0640889584651217e-04
-4.9313413529579106e-04
-4.8688899751336834e-04
-4.8210163125535720e-04
-4.7057412145609922e-04
-4.6579734548989228e-04
-4.5924454747745078e-04
-4.4942111175039364e-04
-4.4608463841338072e-04
-4.3777519160603985e-04
-4.2961320515202625e-04
-4.2768860565391679e-04
-4.1763154994983064e-04
-4.1108897416208752e-04
-4.0959714912691236e-04
-3.9875611649207586e-04
-3.9379206808457618e-04
-3.9018436742840754e-04
-3.8110014672915676e-04
-3.7767630939438567e-04
-3.7199880915673268e-04
-3.6462658771678556e-04
-3.6271374329562006e-04
-3.5503775952575023e-04
-3.4935958899958889e-04
-3.4856186743426027e-04
-3.3943139473976752e-04
-3.3554924606861566e-04
-3.3281503377543441e-04
-3.2594652006708692e-04
-3.2447735024287208e-04
-3.2094193496280150e-04
-3.1799510608642378e-04
-3.2161047788778697e-04
-3.2160929170559034e-04
-3.2917468832987606e-04
-3.4574044220906519e-04
-3.6731262503364822e-04
-4.0901143981656943e-04
-4.7260140750361241e-04
-5.6980464216918169e-04
-7.2294195924072673e-04
-9.4618185941635811e-04
-1.2810552551361656e-03
-1.7746264414565493e-03
-2.4856588480375447e-03
-3.5133037319645777e-03
-4.9742700712970033e-03
-7.0337040537149578e-03
-9.9144071351124005e-03
-1.3892882825631827e-02
-1.9347013700644174e-02
-2.6747556939563301e-02
-3.6686193362177280e-02
-4.9909512515055911e-02
-6.7318038411407294e-02
-9.0009634645997191e-02
-1.1928370874282354e-01
-1.5664480030079717e-01
-2.0382113693660384e-01
-2.6272999203532849e-01
-3.3545297720263567e-01
-4.2417837941581732e-01
-5.3111524898376417e-01
-6.5837736002692093e-01
-8.0784841897664550e-01
-9.8098716894625981e-01
-1.1783600311346496e+00
-1.4002685969889466e+00
-1.6458395529290193e+00
-1.9123055117861010e+00
-2.1971549952525891e+00
-2.4947950607380931e+00
-2.8001959278852731e+00
-3.1064287006829248e+00
-3.4059258722800569e+00
-3.6911324630048177e+00
-3.9544458997062244e+00
-4.1889269195633698e+00
-4.3887241271709607e+00
-4.5492688117334419e+00
-4.6662854923508572e+00
-4.7390011240280359e+00
-4.7659276063496554e+00
-4.7487569309564073e+00
-4.6895301335043049e+00
-4.5908004704606729e+00
0.0000000000000000e+00
2.4055929233035767e-01
0.0000000000000000e+00
0.0000000000000000e+00
];
