%Vec Object:sol 1 MPI processes
%  type: mpi
sol = [
0.0000000000000000e+00
-6.3699945897098740e+00
-6.0364763233406444e+00
-5.7239439554836151e+00
-5.4346792978312255e+00
-5.1627644525957903e+00
-4.9038948332652179e+00
-4.6617629139919465e+00
-4.4324303830947196e+00
-4.2132467681754546e+00
-4.0065813005800832e+00
-3.8084386248677240e+00
-3.6198921868467040e+00
-3.4401479020167516e+00
-3.2672089764671797e+00
-3.1032019351935665e+00
-2.9442505660338227e+00
-2.7933754928760304e+00
-2.6475522430485232e+00
-2.5088443858764058e+00
-2.3745011981863731e+00
-2.2466892102537774e+00
-2.1233909772193136e+00
-2.0054043158568544e+00
-1.8924213810437209e+00
-1.7838186883811862e+00
-1.6801568742058617e+00
-1.5806969921487857e+00
-1.4855430118712958e+00
-1.3948041717053892e+00
-1.3080611177199077e+00
-1.2251776735024305e+00
-1.1463117611785789e+00
-1.0713171411632643e+00
-9.9990171515302340e-01
-9.3198560702082267e-01
-8.6762208427882659e-01
-8.0670103803641569e-01
-7.4909653498166373e-01
-6.9461042455629685e-01
-6.4313232474555670e-01
-5.9466559377079387e-01
-5.4909764930857718e-01
-5.0631523489906427e-01
-4.6620053487578594e-01
-4.2865508867429286e-01
-3.9357018731627758e-01
-3.6080358003330315e-01
-3.3024818894222741e-01
-3.0184980046115378e-01
-2.7547388712452547e-01
-2.5104251072477490e-01
-2.2845627885431269e-01
-2.0758684471464095e-01
-1.8835625167015174e-01
-1.7067655170955626e-01
-1.5442909952161829e-01
-1.3953595083437692e-01
-1.2592236797103221e-01
-1.1348176709300435e-01
-1.0213751758879033e-01
-9.1828897606868007e-02
-8.2462686492612833e-02
-7.3965235073951086e-02
-6.6289824491031671e-02
-5.9356922605121654e-02
-5.3097441577417345e-02
-4.7477922095143898e-02
-4.2431988339041514e-02
-3.7896409034135929e-02
-3.3849640740022793e-02
-3.0237337166970590e-02
-2.7002919278405715e-02
-2.4135068741939474e-02
-2.1589947816588809e-02
-1.9317977722399019e-02
-1.7316200884794384e-02
-1.5549562203212134e-02
-1.3975491435318073e-02
-1.2597506384196573e-02
-1.1387565470143138e-02
-1.0309898962779380e-02
-9.3727125927738943e-03
-8.5532899734435432e-03
-7.8223490261818841e-03
-7.1911774024476134e-03
-6.6408613721511446e-03
-6.1482768600108588e-03
-5.7264170144940814e-03
-5.3588633159180523e-03
-5.0283638239494435e-03
-4.7484911778877823e-03
-4.5042514713315293e-03
-4.2840602225445489e-03
-4.1011945299621053e-03
-3.9412535770963937e-03
-3.7982166974563085e-03
-3.6844330596885731e-03
-3.5854979523475294e-03
-3.5009610139346554e-03
-3.4418415385531289e-03
-3.3933634818647928e-03
-3.3607649871945275e-03
-3.3535599712074112e-03
-3.3564485600570903e-03
-3.3806213738796745e-03
-3.4341268699968701e-03
-3.5012161568862437e-03
-3.5994470341896459e-03
-3.7356736987923609e-03
-3.8940149593513322e-03
-4.0989855449539599e-03
-4.3543152074454463e-03
-4.6519363775784257e-03
-5.0167461849135791e-03
-5.4521314265446961e-03
-5.9601406446953319e-03
-6.5656427616945191e-03
-7.2732901712571421e-03
-8.0963470891805469e-03
-9.0609935519869265e-03
-1.0174593462312755e-02
-1.1462954065561864e-02
-1.2955197969355363e-02
-1.4663142221104699e-02
-1.6626645518605137e-02
-1.8878724454809776e-02
-2.1440353869073472e-02
-2.4364251682336243e-02
-2.7687892087133487e-02
-3.1450432082467422e-02
-3.5711801127343235e-02
-4.0518397172362018e-02
-4.5928611024981629e-02
-5.2011130921873441e-02
-5.8820674198670563e-02
-6.6435358869447861e-02
-7.4933837377536436e-02
-8.4384792558224703e-02
-9.4882880007286396e-02
-1.0651223092480550e-01
-1.1935970240586739e-01
-1.3352606426554472e-01
-1.4910247778725830e-01
-1.6618853461263067e-01
-1.8488665312343805e-01
-2.0529005003633247e-01
-2.2750216369705228e-01
-2.5161875850826571e-01
-2.7772990048783358e-01
-3.0592718937566782e-01
-3.3629112307090647e-01
-3.6889563640135942e-01
-4.0380587468046408e-01
-4.4107535493814987e-01
-4.8070862268266262e-01
-5.2271222292925745e-01
-5.6713212196194140e-01
-6.1395363845933626e-01
-6.6314950601159040e-01
-7.1466743565989088e-01
-7.6843025022495515e-01
-8.2417854022920634e-01
-8.8191125572922535e-01
-9.4149965921755496e-01
-1.0027843384701425e+00
-1.0653828232020703e+00
-1.1291250704127087e+00
-1.1938880425102585e+00
-1.2593096205094565e+00
-1.3249173236590479e+00
-1.3907064468760137e+00
-1.4561473663432436e+00
-1.5209057418035772e+00
-1.5848779069333927e+00
-1.6472570984926758e+00
-1.7082816365618545e+00
-1.7670170355956243e+00
-1.8237846285877015e+00
-1.8775864513680536e+00
-1.9287812353192166e+00
-1.9765807713593437e+00
-2.0210416365168569e+00
-2.0619679627654892e+00
-2.0988258041984258e+00
-2.1318626031114469e+00
-2.1607922246372206e+00
-2.1852914232108231e+00
-2.2056205373227162e+00
-2.2216735110176229e+00
-2.2332232603128546e+00
-2.2404135312735223e+00
-2.2433598618109087e+00
-2.2421498141023197e+00
-2.2367341577711204e+00
-2.2272044029471028e+00
-2.2138307543594404e+00
-2.1967451510002598e+00
-2.1761401250410382e+00
0.0000000000000000e+00
2.4055929233035767e-01
0.0000000000000000e+00
0.0000000000000000e+00
];
