%Vec Object:sol 1 MPI processes
%  type: mpi
sol = [
0.0000000000000000e+00
-6.3002697946522508e+00
-5.9735129616045830e+00
-5.6674375128694816e+00
-5.3841263492472180e+00
-5.1169414591785607e+00
-4.8632049391089627e+00
-4.6258411289720573e+00
-4.4001094399786078e+00
-4.1851358576670812e+00
-3.9824020346306321e+00
-3.7871612708630313e+00
-3.6021278753576542e+00
-3.4249613212479564e+00
-3.2551826072895329e+00
-3.0934727292845694e+00
-2.9373220490648415e+00
-2.7886563853816173e+00
-2.6450795562920781e+00
-2.5081440152443095e+00
-2.3758880238040501e+00
-2.2495851888871932e+00
-2.1281300332031265e+00
-2.0114579378864272e+00
-1.9000477396000159e+00
-1.7925548504591791e+00
-1.6899131546933792e+00
-1.5916521839928259e+00
-1.4973119136437816e+00
-1.4072960353272883e+00
-1.3213910212569278e+00
-1.2390340359942258e+00
-1.1606087394487692e+00
-1.0859707594545094e+00
-1.0149727222712854e+00
-9.4724085246826728e-01
-8.8298686012525585e-01
-8.2210532197367514e-01
-7.6447391152868294e-01
-7.0997792960975348e-01
-6.5834496277887156e-01
-6.0966608784525933e-01
-5.6383676894517765e-01
-5.2074828120027850e-01
-4.8028810046987358e-01
-4.4236128483249043e-01
-4.0686392769261048e-01
-3.7367397866934116e-01
-3.4267055517914674e-01
-3.1378569330504497e-01
-2.8691098112658908e-01
-2.6197118268571290e-01
-2.3887038349800463e-01
-2.1748437414586194e-01
-1.9773780889352846e-01
-1.7954551790833131e-01
-1.6279209860600244e-01
-1.4740179256765923e-01
-1.3330180935165609e-01
-1.2038784317233638e-01
-1.0858484768980235e-01
-9.7833249764438870e-02
-8.8041221278292336e-02
-7.9136065062155619e-02
-7.1071518712513743e-02
-6.3768691109457057e-02
-5.7158863544322688e-02
-5.1208480498594534e-02
-4.5851215729296402e-02
-4.1023730839911003e-02
-3.6703985549896470e-02
-3.2837260016013912e-02
-2.9366523044887433e-02
-2.6279706853560948e-02
-2.3532334945835568e-02
-2.1074163299444962e-02
-1.8901362131929542e-02
-1.6978107057707616e-02
-1.5261065725165229e-02
-1.3752864370570619e-02
-1.2424666447219996e-02
-1.1239934838863899e-02
-1.0206038783967197e-02
-9.2995153206316492e-03
-8.4903743282273569e-03
-7.7891694328860303e-03
-7.1763352418978549e-03
-6.6281390127191642e-03
-6.1569675966000586e-03
-5.7458704534473276e-03
-5.3771070017300145e-03
-5.0637807514240215e-03
-4.7904951385792337e-03
-4.5453046686215861e-03
-4.3411545880017981e-03
-4.1633721406971356e-03
-4.0057040224463119e-03
-3.8803013833670699e-03
-3.7726170041710574e-03
-3.6820953473091487e-03
-3.6196891014157848e-03
-3.5706095546521278e-03
-3.5401183601512566e-03
-3.5377958617616454e-03
-3.5484641666497555e-03
-3.5834715472722587e-03
-3.6510728849227314e-03
-3.7357861778910674e-03
-3.8554705955267713e-03
-4.0173386200173106e-03
-4.2059356337065482e-03
-4.4462328952705873e-03
-4.7424866357754737e-03
-5.0872252824870666e-03
-5.5059725670138920e-03
-6.0028218167830208e-03
-6.5805917142883336e-03
-7.2649529610069553e-03
-8.0614472273883228e-03
-8.9842718087892216e-03
-1.0060570997532122e-02
-1.1298763488950925e-02
-1.2725713454610186e-02
-1.4371628297017930e-02
-1.6249496627801847e-02
-1.8400274583172050e-02
-2.0858104918509875e-02
-2.3645144135193613e-02
-2.6815117760140641e-02
-3.0406544990038923e-02
-3.4459566748114602e-02
-3.9034875914171048e-02
-4.4179636623504902e-02
-4.9952774549678225e-02
-5.6422450495094964e-02
-6.3643585151862664e-02
-7.1695723670817488e-02
-8.0655988445202234e-02
-9.0592370554359702e-02
-1.0159807042317474e-01
-1.1375558982571320e-01
-1.2714971737140021e-01
-1.4187838517890458e-01
-1.5802970640085670e-01
-1.7569945162721226e-01
-1.9498556108128834e-01
-2.1597658131442660e-01
-2.3877015119338571e-01
-2.6345591260751478e-01
-2.9011743141649443e-01
-3.1883873174098282e-01
-3.4969272500706933e-01
-3.8274510630268138e-01
-4.1805224992254630e-01
-4.5565924489547138e-01
-4.9552397074436377e-01
-5.3771541850565618e-01
-5.8223766052164361e-01
-6.2906776667720266e-01
-6.7817143216320919e-01
-7.2948977826581529e-01
-7.8287665848354260e-01
-8.3816447720351461e-01
-8.9532719777227598e-01
-9.5422131097443341e-01
-1.0146864245250520e+00
-1.0762302379415047e+00
-1.1389026183198341e+00
-1.2024774737213706e+00
-1.2664617049137894e+00
-1.3306663846624722e+00
-1.3949596746180111e+00
-1.4586723605073890e+00
-1.5217901898424619e+00
-1.5839003358472381e+00
-1.6445553941500235e+00
-1.7037012766714319e+00
-1.7606305658091852e+00
-1.8154833737981324e+00
-1.8675399763019480e+00
-1.9168765996977781e+00
-1.9630625031112388e+00
-2.0058306676741400e+00
-2.0452709750725413e+00
-2.0806820947489326e+00
-2.1123513391696704e+00
-2.1401569686396158e+00
-2.1635868599492878e+00
-2.1829708776031058e+00
-2.1982355333126393e+00
-2.2092458105546124e+00
-2.2159576511041816e+00
-2.2185838387017043e+00
-2.2172099738076740e+00
-2.2118283622808081e+00
-2.2024283854781310e+00
-2.1893273122336305e+00
-2.1726502127699461e+00
-2.1525814517432251e+00
0.0000000000000000e+00
2.4055929233035767e-01
0.0000000000000000e+00
0.0000000000000000e+00
];
