%Vec Object:sol 1 MPI processes
%  type: mpi
sol = [
0.0000000000000000e+00
-6.1674858532917503e+00
-5.8534297372658068e+00
-5.5594991628563024e+00
-5.2874046807843831e+00
-5.0291569949241044e+00
-4.7851204835553984e+00
-4.5567841227339159e+00
-4.3378878678165131e+00
-4.1309110164910505e+00
-3.9346627831678429e+00
-3.7458681949189625e+00
-3.5674214418765033e+00
-3.3950616765359203e+00
-3.2311990305052882e+00
-3.0737724899327010e+00
-2.9229103317823255e+00
-2.7780525028079683e+00
-2.6391600119358309e+00
-2.5055862609018336e+00
-2.3774418840948206e+00
-2.2540837260540827e+00
-2.1361976445575785e+00
-2.0220763100016881e+00
-1.9131390739655880e+00
-1.8083813822163819e+00
-1.7077084076344111e+00
-1.6115121252352351e+00
-1.5190299224387520e+00
-1.4304320903755861e+00
-1.3458280213911016e+00
-1.2648971833597336e+00
-1.1873666771395950e+00
-1.1134753320049693e+00
-1.0431333771548117e+00
-9.7605139075510716e-01
-9.1207583974806439e-01
-8.5134459891325143e-01
-7.9373949405044275e-01
-7.3914878656584360e-01
-6.8746231820784354e-01
-6.3845127306592631e-01
-5.9219396905952959e-01
-5.4859045976635512e-01
-5.0753755295050285e-01
-4.6894603175125826e-01
-4.3272024095741768e-01
-3.9874833431037965e-01
-3.6695460773406885e-01
-3.3721497629921376e-01
-3.0942919963915938e-01
-2.8355445836808829e-01
-2.5950166895394311e-01
-2.3715468870957507e-01
-2.1644317833380461e-01
-1.9728732231303156e-01
-1.7957806209226210e-01
-1.6324394540530793e-01
-1.4821608272191530e-01
-1.3439480623497704e-01
-1.2170836814299453e-01
-1.1009966630123230e-01
-9.9479889670363864e-02
-8.9778503292831047e-02
-8.0950430855111721e-02
-7.2918380136062166e-02
-6.5614699434091719e-02
-5.9005959080022180e-02
-5.3026279124078209e-02
-4.7612454387198147e-02
-4.2741768646651489e-02
-3.8359088308598167e-02
-3.4406802832833462e-02
-3.0871629445156760e-02
-2.7708103536165415e-02
-2.4864926036907421e-02
-2.2336753343052212e-02
-2.0086452065141484e-02
-1.8069378711864009e-02
-1.6286546789596672e-02
-1.4707696014935531e-02
-1.3294904277947980e-02
-1.2053981014449057e-02
-1.0960078521260592e-02
-9.9818845651686167e-03
-9.1285501000841571e-03
-8.3792681820643346e-03
-7.7091391970009176e-03
-7.1293675981679615e-03
-6.6219674721488299e-03
-6.1682418610760643e-03
-5.7803642045727386e-03
-5.4421416062524347e-03
-5.1409111396913789e-03
-4.8889523729386021e-03
-4.6710496015548580e-03
-4.4804835128056976e-03
-4.3290064208910562e-03
-4.2017878055484598e-03
-4.0980635228424576e-03
-4.0286555933597709e-03
-3.9787579428936116e-03
-3.9536875797724080e-03
-3.9631681764222895e-03
-3.9922817883329626e-03
-4.0527069831238650e-03
-4.1531285832115848e-03
-4.2786201236655538e-03
-4.4476607739328449e-03
-4.6681977846118041e-03
-4.9256506660876054e-03
-5.2459140623468594e-03
-5.6343071004918890e-03
-6.0845574296281586e-03
-6.6234330198528431e-03
-7.2564273614518062e-03
-7.9878755812341530e-03
-8.8450063805151132e-03
-9.8350857632201506e-03
-1.0974100955748765e-02
-1.2291021843032318e-02
-1.3796259994393094e-02
-1.5518641277272066e-02
-1.7490360628548907e-02
-1.9726549563374968e-02
-2.2270108574938201e-02
-2.5157154115133525e-02
-2.8411904585409042e-02
-3.2089739919506081e-02
-3.6230888357961212e-02
-4.0877042797597893e-02
-4.6089949829633062e-02
-5.1917805199424294e-02
-5.8418704518402302e-02
-6.5660394989278392e-02
-7.3701352923936383e-02
-8.2617855509832042e-02
-9.2485352572154150e-02
-1.0336992013537739e-01
-1.1536129843627715e-01
-1.2853821568510693e-01
-1.4298084791581944e-01
-1.5878102436618807e-01
-1.7602042303249726e-01
-1.9478692428000530e-01
-2.1516937678848341e-01
-2.3724698521265342e-01
-2.6110594110089147e-01
-2.8682397011060939e-01
-3.1447216793660465e-01
-3.4412018907413000e-01
-3.7582680442168936e-01
-4.0964254675106060e-01
-4.4560782869979210e-01
-4.8368492540394414e-01
-5.2393457998449011e-01
-5.6636098799750845e-01
-6.1095107868070386e-01
-6.5766740954894010e-01
-7.0646361885647824e-01
-7.5723838146877653e-01
-8.0976974099839893e-01
-8.6408868640317971e-01
-9.2005568657063763e-01
-9.7752489051747282e-01
-1.0361331395426607e+00
-1.0957715336577587e+00
-1.1563292478322740e+00
-1.2174817161212879e+00
-1.2787789054242942e+00
-1.3402776430591312e+00
-1.4015132572430722e+00
-1.4621101980239442e+00
-1.5221007731202789e+00
-1.5806857062745723e+00
-1.6380778065989348e+00
-1.6936030967927291e+00
-1.7472495425379013e+00
-1.7985202175138071e+00
-1.8473960712636697e+00
-1.8933274479329925e+00
-1.9365159926551410e+00
-1.9761965307793548e+00
-2.0126948229432071e+00
-2.0456632266932449e+00
-2.0748340325623977e+00
-2.1003867118557631e+00
-2.1220611802230058e+00
-2.1397256883271427e+00
-2.1535575413944388e+00
-2.1635577701861242e+00
-2.1694394813701985e+00
-2.1714934713175658e+00
-2.1698370960489348e+00
-2.1645003472845175e+00
-2.1553927857218915e+00
-2.1428084759518726e+00
-2.1268985016818296e+00
-2.1078321919753029e+00
0.0000000000000000e+00
2.4055929233035767e-01
0.0000000000000000e+00
0.0000000000000000e+00
];
