%Vec Object:sol 1 MPI processes
%  type: mpi
sol = [
0.0000000000000000e+00
-1.8615991282338626e+01
-1.6228341526971128e+01
-1.4279087499747693e+01
-1.2670117804278542e+01
-1.1322850732233587e+01
-1.0172480875842410e+01
-9.1830603895699419e+00
-8.3123079796080077e+00
-7.5425998522943960e+00
-6.8556002596027970e+00
-6.2376533794305384e+00
-5.6773120081323469e+00
-5.1665311254793451e+00
-4.6995477516907336e+00
-4.2713287504092419e+00
-3.8775809374042751e+00
-3.5152339102517889e+00
-3.1819026404028796e+00
-2.8747060048202804e+00
-2.5911864028043650e+00
-2.3309078530712664e+00
-2.0912883583618469e+00
-1.8716346484055755e+00
-1.6702518164855495e+00
-1.4865467888102952e+00
-1.3187943338805692e+00
-1.1664170550399087e+00
-1.0284678883277565e+00
-9.0376982808324746e-01
-7.9145395614846448e-01
-6.9076112653732735e-01
-6.0079713466652862e-01
-5.2072251392097835e-01
-4.4970824952645194e-01
-3.8694417789396546e-01
-3.3174398330212546e-01
-2.8339262927248621e-01
-2.4122811280815645e-01
-2.0463378482102981e-01
-1.7299344384358914e-01
-1.4574852545310352e-01
-1.2242002660976226e-01
-1.0252487495546019e-01
-8.5605459655913776e-02
-7.1318014815776765e-02
-5.9307986512939566e-02
-4.9211744408847381e-02
-4.0805596880168715e-02
-3.3843146997330341e-02
-2.8053381789041598e-02
-2.3297553779371927e-02
-1.9415841475952319e-02
-1.6222413990036367e-02
-1.3628800452425018e-02
-1.1543478549270210e-02
-9.8433664848883544e-03
-8.4728869414905407e-03
-7.3880512105336370e-03
-6.5092421599718493e-03
-5.8002812012938713e-03
-5.2482552199364782e-03
-4.8021545000215245e-03
-4.4358680299548996e-03
-4.1556465583406834e-03
-3.9285476439074561e-03
-3.7328212684927405e-03
-3.5858464615242955e-03
-3.4657213555578351e-03
-3.3520836622239151e-03
-3.2682928691020580e-03
-3.1990164080849793e-03
-3.1240974741959669e-03
-3.0697002380076061e-03
-3.0242850684021427e-03
-2.9677742756000318e-03
-2.9272045975723233e-03
-2.8931041168415573e-03
-2.8458907292173759e-03
-2.8122849382371893e-03
-2.7837794176026236e-03
-2.7419291483276936e-03
-2.7123787298351026e-03
-2.6868418717010747e-03
-2.6487002460436359e-03
-2.6220093285283068e-03
-2.5981697299273998e-03
-2.5630405589393257e-03
-2.5387204085503025e-03
-2.5158902394287362e-03
-2.4834629167403712e-03
-2.4613036368879597e-03
-2.4390510594113745e-03
-2.4091643284043216e-03
-2.3890612386631175e-03
-2.3670752403336937e-03
-2.3396231046376123e-03
-2.3215085615733537e-03
-2.2995453308873831e-03
-2.2744435818574872e-03
-2.2582637105235054e-03
-2.2361278717900196e-03
-2.2133009691448387e-03
-2.1990065768491716e-03
-2.1765294649651584e-03
-2.1559068359389730e-03
-2.1434514654969498e-03
-2.1204925760419610e-03
-2.1020092200456958e-03
-2.0913511214110106e-03
-2.0677970876570857e-03
-2.0513974398694737e-03
-2.0399803528691790e-03
-2.0182815722496333e-03
-2.0039348696284749e-03
-1.9912593619679456e-03
-1.9719011996128634e-03
-1.9596424434043884e-03
-1.9458066653308896e-03
-1.9289059732838195e-03
-1.9189463321413591e-03
-1.9043082293700630e-03
-1.8903175192757314e-03
-1.8833257777947400e-03
-1.8688668239491566e-03
-1.8590840072850565e-03
-1.8558987060000569e-03
-1.8451034178208672e-03
-1.8428697967457161e-03
-1.8454424125241341e-03
-1.8469886894455162e-03
-1.8603611468381341e-03
-1.8794527663126745e-03
-1.9073946795446722e-03
-1.9548018988434336e-03
-2.0145258398176743e-03
-2.0999816945404376e-03
-2.2211334061981633e-03
-2.3734494960239078e-03
-2.5820226508235754e-03
-2.8568162548042210e-03
-3.2100978657138963e-03
-3.6734272285012604e-03
-4.2661843828158824e-03
-5.0240600693702737e-03
-5.9932313175239940e-03
-7.2119077778724991e-03
-8.7494683945136160e-03
-1.0676477519231696e-02
-1.3070528637777704e-02
-1.6042048953128201e-02
-1.9703317282628332e-02
-2.4192495609888905e-02
-2.9674841841563063e-02
-3.6324813467466702e-02
-4.4359092669937601e-02
-5.4014164228204868e-02
-6.5549306023995224e-02
-7.9267230695463070e-02
-9.5487530212707492e-02
-1.1456368551805703e-01
-1.3687887198999141e-01
-1.6282987976501212e-01
-1.9284177354455995e-01
-2.2733187819710540e-01
-2.6674512727465743e-01
-3.1151315530639945e-01
-3.6204521458035094e-01
-4.1871955435369862e-01
-4.8186591092893089e-01
-5.5175192287731345e-01
-6.2855780657228899e-01
-7.1236615109357981e-01
-8.0299034833899596e-01
-9.0036647034840478e-01
-1.0041883462582744e+00
-1.1139687100875408e+00
-1.2287491358063989e+00
-1.3480145242832793e+00
-1.4706794196501205e+00
-1.5953683410490784e+00
-1.7211964296847804e+00
-1.8462100556118526e+00
-1.9695166159163657e+00
-2.0891323449439096e+00
-2.2037915281205787e+00
-2.3121240702741255e+00
-2.4123644158496349e+00
-2.5034628621192749e+00
-2.5843134838448130e+00
-2.6539466613649694e+00
-2.7115378656173239e+00
-2.7564828711841320e+00
-2.7884549767966695e+00
-2.8072452507416221e+00
-2.8129495176087671e+00
-2.8058165435803133e+00
-2.7862282041149893e+00
-2.7547642783996560e+00
0.0000000000000000e+00
1.3464638167935297e-01
0.0000000000000000e+00
0.0000000000000000e+00
];
