%Vec Object:sol 1 MPI processes
%  type: mpi
sol = [
0.0000000000000000e+00
-9.6674264354429162e+00
-8.9231164377881225e+00
-8.2479794680494933e+00
-7.6318498242894570e+00
-7.0656255561408452e+00
-6.5419755940052946e+00
-6.0557913030860675e+00
-5.6032706454250318e+00
-5.1802931376638455e+00
-4.7842236878923075e+00
-4.4127609519886946e+00
-4.0631719644521862e+00
-3.7351517670527690e+00
-3.4277367137075250e+00
-3.1386129984567837e+00
-2.8674823309562925e+00
-2.6139501923203023e+00
-2.3763344802461197e+00
-2.1551295825879699e+00
-1.9485318186314988e+00
-1.7570440952389861e+00
-1.5795956258005748e+00
-1.4154497073715686e+00
-1.2645142297145069e+00
-1.1260029910249751e+00
-9.9907006437232737e-01
-8.8346845688076026e-01
-7.7855658707827813e-01
-6.8368033824872054e-01
-5.9818673626309604e-01
-5.2137710217584676e-01
-4.5277027324087116e-01
-3.9175120106881489e-01
-3.3768245853226259e-01
-2.9000318114735024e-01
-2.4815359762405073e-01
-2.1155652641040928e-01
-1.7970801224686273e-01
-1.5213764286073017e-01
-1.2835990465105318e-01
-1.0793872293241681e-01
-9.0510641465067002e-02
-7.5696229775574442e-02
-6.3132876265937832e-02
-5.2565224191544843e-02
-4.3717870951588113e-02
-3.6298906888917321e-02
-3.0149230513062172e-02
-2.5080052180052350e-02
-2.0872328651443069e-02
-1.7432142665818943e-02
-1.4639487400803362e-02
-1.2344242646844361e-02
-1.0487668555281764e-02
-9.0042028613669407e-03
-7.7940532018153921e-03
-6.8204647834231658e-03
-6.0553684799244060e-03
-5.4335980667730398e-03
-4.9303835950112165e-03
-4.5419333331595283e-03
-4.2258006265705993e-03
-3.9625483304475137e-03
-3.7632303223526071e-03
-3.5997773508445541e-03
-3.4542682999046549e-03
-3.3463051712743549e-03
-3.2566748784443851e-03
-3.1672307302739256e-03
-3.1021041104663744e-03
-3.0474244816384084e-03
-2.9843827299875936e-03
-2.9391495874153410e-03
-2.9009924256053888e-03
-2.8507315931232541e-03
-2.8150372729494277e-03
-2.7849123275191946e-03
-2.7414389787184415e-03
-2.7108115825764823e-03
-2.6848396707595135e-03
-2.6456097103804595e-03
-2.6181917781769137e-03
-2.5945496342579710e-03
-2.5585035920823117e-03
-2.5335429409957546e-03
-2.5112987955606611e-03
-2.4779869093302701e-03
-2.4551764939367347e-03
-2.4337843974835396e-03
-2.4029961788513492e-03
-2.3821994314956931e-03
-2.3612881869380549e-03
-2.3329041158912526e-03
-2.3140471390232652e-03
-2.2933342249789462e-03
-2.2672674683101210e-03
-2.2502971503726363e-03
-2.2295543287170162e-03
-2.2057310765908043e-03
-2.1906017512226803e-03
-2.1696437966655406e-03
-2.1479959363112687e-03
-2.1346645430837356e-03
-2.1133306112166863e-03
-2.0937932778117485e-03
-2.0822180980799238e-03
-2.0603738766207624e-03
-2.0428869469668663e-03
-2.0330301966167081e-03
-2.0105671551216620e-03
-1.9950789250766533e-03
-1.9844458801502726e-03
-1.9637583890865316e-03
-1.9502401531237574e-03
-1.9383432179339974e-03
-1.9199063134573415e-03
-1.9083931635504028e-03
-1.8953285878636633e-03
-1.8792586702245750e-03
-1.8699612970965106e-03
-1.8560863656981090e-03
-1.8428412253059772e-03
-1.8364402069221924e-03
-1.8227585331235150e-03
-1.8136801007924148e-03
-1.8111108133586169e-03
-1.8012059662101771e-03
-1.7998309546812857e-03
-1.8034042072328559e-03
-1.8063509631551201e-03
-1.8214145448732092e-03
-1.8428796621834023e-03
-1.8741601501602704e-03
-1.9261218101652743e-03
-1.9924440368785639e-03
-2.0871473279098158e-03
-2.2211917422988348e-03
-2.3917712901737526e-03
-2.6255684979846045e-03
-2.9351479712726269e-03
-3.3361813358524944e-03
-3.8642795439037280e-03
-4.5444961457464595e-03
-5.4194983838975579e-03
-6.5442592433896558e-03
-7.9684799905505484e-03
-9.7753405247771111e-03
-1.2052816880713895e-02
-1.4899622985241818e-02
-1.8452161378549891e-02
-2.2854473192946027e-02
-2.8282506276653085e-02
-3.4946319250304302e-02
-4.3073727764221199e-02
-5.2943120014379966e-02
-6.4862720022353229e-02
-7.9174303169675317e-02
-9.6273293762863324e-02
-1.1658397632898733e-01
-1.4057516565364273e-01
-1.6875551984076398e-01
-2.0165777231834220e-01
-2.3985047211839283e-01
-2.8391383280267324e-01
-3.3443274370308884e-01
-3.9198549850466086e-01
-4.5712232139429271e-01
-5.3034596369164988e-01
-6.1208947856616991e-01
-7.0265452633021119e-01
-8.0215056109354899e-01
-9.1073948957448370e-01
-1.0283177006770761e+00
-1.1545856645139860e+00
-1.2886870806146598e+00
-1.4301203347445526e+00
-1.5779662922837194e+00
-1.7304140161515151e+00
-1.8866799634863800e+00
-2.0444368738372698e+00
-2.2025349922774105e+00
-2.3582339496338833e+00
-2.5101356125969825e+00
-2.6561674575247345e+00
-2.7940070773644958e+00
-2.9219498632190395e+00
-3.0384003693828703e+00
-3.1418473355482917e+00
-3.2309471483846814e+00
-3.3047410304078553e+00
-3.3625044044034529e+00
-3.4038069999647833e+00
-3.4285687205235367e+00
-3.4367168894729825e+00
-3.4285595591101452e+00
-3.4048586621418737e+00
-3.3663708590101602e+00
-3.3140675892384488e+00
0.0000000000000000e+00
2.4055929233035767e-01
0.0000000000000000e+00
0.0000000000000000e+00
];
