%Vec Object:sol 1 MPI processes
%  type: mpi
sol = [
0.0000000000000000e+00
-7.0317864701222623e+00
-6.6309067471609477e+00
-6.2543112535171170e+00
-5.9062355576788477e+00
-5.5825967342825029e+00
-5.2790064738850182e+00
-4.9902266723269202e+00
-4.7197392346885518e+00
-4.4649508401480631e+00
-4.2211499026140489e+00
-3.9905768874885617e+00
-3.7723807693065012e+00
-3.5624960374808561e+00
-3.3635950881295904e+00
-3.1737818853339039e+00
-2.9920276879174965e+00
-2.8191073977610088e+00
-2.6531678991314771e+00
-2.4953970446331795e+00
-2.3438463123194175e+00
-2.1998485040530933e+00
-2.0620376840527310e+00
-1.9306190733027555e+00
-1.8056731763232381e+00
-1.6862166861608563e+00
-1.5728678298266363e+00
-1.4651401588509101e+00
-1.3626533524247133e+00
-1.2656488337164342e+00
-1.1739153473354600e+00
-1.0869280073830725e+00
-1.0048405487075773e+00
-9.2753359710513938e-01
-8.5484807693893472e-01
-7.8651813594223374e-01
-7.2231853548078917e-01
-6.6225741746942313e-01
-6.0616187509919339e-01
-5.5386450625613848e-01
-5.0519370693872523e-01
-4.5998219082595970e-01
-4.1807045019475797e-01
-3.7923649921066510e-01
-3.4338309003646439e-01
-3.1036999969656021e-01
-2.8003698421378487e-01
-2.5219831389628466e-01
-2.2673430345171749e-01
-2.0349709405850180e-01
-1.8230431789109300e-01
-1.6305022449753087e-01
-1.4560272522100065e-01
-1.2979728487644071e-01
-1.1553354525134955e-01
-1.0270118007268715e-01
-9.1156834625143179e-02
-8.0807054662530395e-02
-7.1564350122903644e-02
-6.3307818007577218e-02
-5.5952422246804689e-02
-4.9432902870846639e-02
-4.3650354145847864e-02
-3.8529070807972840e-02
-3.4024150202551527e-02
-3.0056913993670355e-02
-2.6561212148884083e-02
-2.3509774772667764e-02
-2.0841516524385723e-02
-1.8499526836542497e-02
-1.6470996940029910e-02
-1.4709417396327779e-02
-1.3166381062671739e-02
-1.1840325441214314e-02
-1.0696265097206174e-02
-9.6933751539883522e-03
-8.8383357688288228e-03
-8.1048444406895490e-03
-7.4587404604624253e-03
-6.9123118321096876e-03
-6.4454544937127232e-03
-6.0298804452322300e-03
-5.6812890554040537e-03
-5.3837074246119339e-03
-5.1141152844051590e-03
-4.8898706932374138e-03
-4.6974812087916245e-03
-4.5187877946786890e-03
-4.3714603996187415e-03
-4.2432139098874640e-03
-4.1205230913438700e-03
-4.0203703698917410e-03
-3.9307258432774005e-03
-3.8426160895431829e-03
-3.7716194643318836e-03
-3.7052698755034703e-03
-3.6391726805804566e-03
-3.5870115062372749e-03
-3.5354029677450273e-03
-3.4846356104016336e-03
-3.4461877284422578e-03
-3.4054517660617309e-03
-3.3675559253859774e-03
-3.3416176384210598e-03
-3.3116389541757159e-03
-3.2878149150115089e-03
-3.2768800586981096e-03
-3.2614233699952374e-03
-3.2570063347941891e-03
-3.2681066209851112e-03
-3.2760366760829626e-03
-3.3021293962621190e-03
-3.3464515866239619e-03
-3.3967543184176096e-03
-3.4733200602331056e-03
-3.5743172509908102e-03
-3.6959876365541006e-03
-3.8568926549952306e-03
-4.0546427962852120e-03
-4.2948661409101469e-03
-4.5955406231046351e-03
-4.9549789006555489e-03
-5.3894620529854140e-03
-5.9179785575263176e-03
-6.5412913486058771e-03
-7.2880781190001577e-03
-8.1795281466332422e-03
-9.2239781335648804e-03
-1.0461954283060685e-02
-1.1918049050309151e-02
-1.3618413237469987e-02
-1.5610825959455690e-02
-1.7929138747478656e-02
-2.0620272258990959e-02
-2.3742758892881719e-02
-2.7343376100093787e-02
-3.1492862833849368e-02
-3.6262285698025074e-02
-4.1716816288904543e-02
-4.7952525845025802e-02
-5.5056383222661098e-02
-6.3121756771273435e-02
-7.2262197572638603e-02
-8.2584180968442181e-02
-9.4209535179374054e-02
-1.0726932182594286e-01
-1.2188859564500185e-01
-1.3821333465984562e-01
-1.5638666176743615e-01
-1.7655145243343959e-01
-1.9886343612524876e-01
-2.2347020272270007e-01
-2.5052128330036061e-01
-2.8016530779512860e-01
-3.1254019019810075e-01
-3.4778038993728955e-01
-3.8600714628859739e-01
-4.2732758010822636e-01
-4.7183138785504769e-01
-5.1954253161639785e-01
-5.7049581686006712e-01
-6.2473955161619277e-01
-6.8226532515169291e-01
-7.4302005188143760e-01
-8.0692302664941951e-01
-8.7375351185503602e-01
-9.4330575088176083e-01
-1.0154910520097340e+00
-1.0900658969228785e+00
-1.1665570639339258e+00
-1.2446463371014680e+00
-1.3241243961532487e+00
-1.4043806625988213e+00
-1.4849521292620247e+00
-1.5656456288503584e+00
-1.6454364763720069e+00
-1.7243870335282483e+00
-1.8014903830177851e+00
-1.8766897973115642e+00
-1.9489794980596382e+00
-2.0184413111334512e+00
-2.0839559380540771e+00
-2.1455942978030329e+00
-2.2028789958408486e+00
-2.2551077786802489e+00
-2.3023774311024967e+00
-2.3443613740724629e+00
-2.3804921888437298e+00
-2.4109020849958251e+00
-2.4354751797262066e+00
-2.4541544649306575e+00
-2.4668914594681466e+00
-2.4734946119218328e+00
-2.4743096312068649e+00
-2.4694004712632416e+00
-2.4589470337065626e+00
-2.4431237147867630e+00
-2.4221372944340902e+00
-2.3962715396778136e+00
0.0000000000000000e+00
2.4055929233035767e-01
0.0000000000000000e+00
0.0000000000000000e+00
];
