%Vec Object:sol 1 MPI processes
%  type: mpi
sol = [
0.0000000000000000e+00
-9.7990444223397581e+00
-9.0349955287138126e+00
-8.3428080119624166e+00
-7.7116953484055610e+00
-7.1321164934905328e+00
-6.5964369659349602e+00
-6.0993411049766353e+00
-5.6368981597886405e+00
-5.2048559997268500e+00
-4.8004866440289051e+00
-4.4221713825030253e+00
-4.0661542559100488e+00
-3.7320001826140872e+00
-3.4191172859767178e+00
-3.1258168005236646e+00
-2.8503458327528750e+00
-2.5933935632116594e+00
-2.3528716136325931e+00
-2.1293297182713387e+00
-1.9208646669100111e+00
-1.7281369752661420e+00
-1.5495877927919812e+00
-1.3850040531231294e+00
-1.2339803064071808e+00
-1.0955580382636039e+00
-9.6917557477785510e-01
-8.5437790185522666e-01
-7.5048692779560033e-01
-6.5681560013778451e-01
-5.7261576848544715e-01
-4.9727971880450866e-01
-4.3022509376111628e-01
-3.7080569325882867e-01
-3.1835344037890051e-01
-2.7228408655803371e-01
-2.3201604585043573e-01
-1.9695208880277942e-01
-1.6657328750349751e-01
-1.4039749987496494e-01
-1.1792933746687848e-01
-9.8726180648064363e-02
-8.2421459440351369e-02
-6.8634034414208164e-02
-5.7001479686538202e-02
-4.7271270905413762e-02
-3.9171554958309457e-02
-3.2414728568645065e-02
-2.6847597232624840e-02
-2.2287335794370970e-02
-1.8520928189519430e-02
-1.5461065575373384e-02
-1.2994043038593032e-02
-1.0975716067384934e-02
-9.3532290061588575e-03
-8.0664598562138010e-03
-7.0205559163389096e-03
-6.1833375104730524e-03
-5.5308462504125820e-03
-5.0015274765682783e-03
-4.5738185219367580e-03
-4.2467352546291751e-03
-3.9802300825015659e-03
-3.7569286299786770e-03
-3.5896480454995711e-03
-3.4517886417442583e-03
-3.3266593182587371e-03
-3.2348913470660549e-03
-3.1581095176037906e-03
-3.0788516867437288e-03
-3.0218120017967334e-03
-2.9735673193496208e-03
-2.9156657243998838e-03
-2.8745680078721999e-03
-2.8397662424622743e-03
-2.7922559967229520e-03
-2.7588493714102371e-03
-2.7306557037334142e-03
-2.6888380655678426e-03
-2.6596573982448153e-03
-2.6349709128583245e-03
-2.5969000826362560e-03
-2.5705454836599663e-03
-2.5478910282103495e-03
-2.5127711466368381e-03
-2.4886892257741811e-03
-2.4672843371478289e-03
-2.4347774600607256e-03
-2.4127447446025043e-03
-2.3921058443137767e-03
-2.3620480737594858e-03
-2.3419628893698017e-03
-2.3217450195697500e-03
-2.2940367319068478e-03
-2.2758404397480217e-03
-2.2557729389570407e-03
-2.2303366929499729e-03
-2.2139837833101252e-03
-2.1938446994962881e-03
-2.1706120079487802e-03
-2.1560614289817923e-03
-2.1356696068385735e-03
-2.1145760000647776e-03
-2.1017879885247706e-03
-2.0809855694753727e-03
-2.0619688551368476e-03
-2.0509040390190273e-03
-2.0295586720692851e-03
-2.0125601894755056e-03
-2.0031816049209000e-03
-1.9811847087531642e-03
-1.9661514870128608e-03
-1.9559613008706960e-03
-1.9357021539929333e-03
-1.9225969680672270e-03
-1.9110945351586044e-03
-1.8930289234965233e-03
-1.8818589613938809e-03
-1.8691008000274705e-03
-1.8532891911813606e-03
-1.8441872216691196e-03
-1.8304229709470705e-03
-1.8171755378086241e-03
-1.8106211416684555e-03
-1.7965825034874355e-03
-1.7868756648664098e-03
-1.7833158894278768e-03
-1.7719381719855812e-03
-1.7684531550289718e-03
-1.7690766336374230e-03
-1.7679723148419681e-03
-1.7775500404366657e-03
-1.7916677665508699e-03
-1.8132007191490368e-03
-1.8523388821620745e-03
-1.9019152360252288e-03
-1.9749057166134208e-03
-2.0809848392174465e-03
-2.2157719090029472e-03
-2.4040523699460315e-03
-2.6561036963855074e-03
-2.9848710014392823e-03
-3.4227552732998931e-03
-3.9910361721317072e-03
-4.7280181086936804e-03
-5.6836719867957792e-03
-6.9019875885127646e-03
-8.4597850219797661e-03
-1.0437970352488422e-02
-1.2927742043748443e-02
-1.6056902004848023e-02
-1.9960868933814681e-02
-2.4806579117262823e-02
-3.0795084196906089e-02
-3.8145321429290995e-02
-4.7127651391289771e-02
-5.8043315511745096e-02
-7.1228676125461798e-02
-8.7076349061000161e-02
-1.0601053600147199e-01
-1.2850392090865781e-01
-1.5507373065290239e-01
-1.8626616569303928e-01
-2.2267001446564993e-01
-2.6489211460799583e-01
-3.1355108354082678e-01
-3.6926697037828238e-01
-4.3263821620838511e-01
-5.0422297978549324e-01
-5.8451534820425344e-01
-6.7392548514806938e-01
-7.7259260131014973e-01
-8.8073061495014315e-01
-9.9831953311322208e-01
-1.1251214473856419e+00
-1.2604701892421866e+00
-1.4036293296901849e+00
-1.5538539287228736e+00
-1.7094748618422009e+00
-1.8693379296606600e+00
-2.0314888976263079e+00
-2.1942804267690765e+00
-2.3552452601593714e+00
-2.5127897607242722e+00
-2.6644689142112301e+00
-2.8080147704458898e+00
-2.9417402257793657e+00
-3.0637224323307595e+00
-3.1723357619003738e+00
-3.2661193596721878e+00
-3.3440167773793128e+00
-3.4052259782920959e+00
-3.4492667549192637e+00
-3.4760292984889296e+00
-3.4855603991981736e+00
-3.4779143737400231e+00
-3.4540020339610087e+00
-3.4146234074592301e+00
-3.3608044419757976e+00
0.0000000000000000e+00
2.4055929233035767e-01
0.0000000000000000e+00
0.0000000000000000e+00
];
