%Vec Object:sol 1 MPI processes
%  type: mpi
sol = [
0.0000000000000000e+00
-1.0552203855971223e+01
-9.6705405580993098e+00
-8.8772503973041132e+00
-8.1575481165873107e+00
-7.4991340356195613e+00
-6.8925155245317065e+00
-6.3312010562023602e+00
-5.8115557146449888e+00
-5.3278500273044065e+00
-4.8763293943830908e+00
-4.4553051380710551e+00
-4.0622146293640160e+00
-3.6953746137991783e+00
-3.3534316954413348e+00
-3.0339390419454504e+00
-2.7373152930995555e+00
-2.4617349230675631e+00
-2.2067769383493943e+00
-1.9712789112664382e+00
-1.7546828971472432e+00
-1.5558517397043723e+00
-1.3744336290221595e+00
-1.2092698379394262e+00
-1.0594688615406058e+00
-9.2442588583936069e-01
-8.0319160294180736e-01
-6.9485097132935003e-01
-5.9835834389747944e-01
-5.1296571849177475e-01
-4.3779993827712149e-01
-3.7194727096705027e-01
-3.1458264378895573e-01
-2.6488470517025825e-01
-2.2201992289941891e-01
-1.8528172056057124e-01
-1.5398005850185020e-01
-1.2742419338373812e-01
-1.0503192296877516e-01
-8.6278154209580099e-02
-7.0637262283787056e-02
-5.7654841872961958e-02
-4.6970269165439289e-02
-3.8215877519013480e-02
-3.1051622644871445e-02
-2.5258651074069591e-02
-2.0601083806930761e-02
-1.6829357044303932e-02
-1.3833367952770625e-02
-1.1471834490073753e-02
-9.5716634188951870e-03
-8.0857378083338937e-03
-6.9373632219423050e-03
-6.0162464995158031e-03
-5.3011844056039823e-03
-4.7603513275268966e-03
-4.3238097797521713e-03
-3.9815758463292439e-03
-3.7289991698477337e-03
-3.5210085766188108e-03
-3.3502030333425531e-03
-3.2276144016250906e-03
-3.1231788512364363e-03
-3.0278501729743960e-03
-2.9613542516641451e-03
-2.9026894147598198e-03
-2.8397162527409249e-03
-2.7967687687220663e-03
-2.7583993063602348e-03
-2.7094700675877924e-03
-2.6765386251775968e-03
-2.6476171982121404e-03
-2.6053666620385195e-03
-2.5771350109234656e-03
-2.5530766058637481e-03
-2.5146870088383951e-03
-2.4891822167988197e-03
-2.4679598824646348e-03
-2.4323933364655422e-03
-2.4089227095443104e-03
-2.3895236875688254e-03
-2.3563996301869303e-03
-2.3347314541047083e-03
-2.3165487536841666e-03
-2.2857146675610016e-03
-2.2657712889034070e-03
-2.2483737136838465e-03
-2.2197513420737810e-03
-2.2015018188653807e-03
-2.1845491603663132e-03
-2.1580823900796812e-03
-2.1415070873606347e-03
-2.1247177485917792e-03
-2.1003569515067413e-03
-2.0854376283101265e-03
-2.0685743612933669e-03
-2.0462704999283259e-03
-2.0329864351634626e-03
-2.0158493686048043e-03
-1.9955540223382984e-03
-1.9838827239018184e-03
-1.9663080325316527e-03
-1.9479730534970989e-03
-1.9378902461916004e-03
-1.9197347820065526e-03
-1.9033118875209220e-03
-1.8947913328239421e-03
-1.8759350062017525e-03
-1.8613766953926990e-03
-1.8543912821562957e-03
-1.8347336551662193e-03
-1.8219927150528682e-03
-1.8140463104695081e-03
-1.7959756062257250e-03
-1.7850065227742156e-03
-1.7755811586328508e-03
-1.7595234378861653e-03
-1.7502856525595336e-03
-1.7393650157783863e-03
-1.7252725041027013e-03
-1.7177412231931220e-03
-1.7053488456862608e-03
-1.6932106591453070e-03
-1.6874139433395532e-03
-1.6736515893493579e-03
-1.6635715666897726e-03
-1.6587558703130098e-03
-1.6449186788583686e-03
-1.6373504099749107e-03
-1.6316975645660869e-03
-1.6213678127609647e-03
-1.6177810538471149e-03
-1.6134897964775055e-03
-1.6096746316608852e-03
-1.6143376850800901e-03
-1.6174917625830067e-03
-1.6285303379655926e-03
-1.6525895829042560e-03
-1.6795686021837161e-03
-1.7271508425419286e-03
-1.7968008956449723e-03
-1.8906418494153939e-03
-2.0279338234464993e-03
-2.2140443564672096e-03
-2.4682866869587031e-03
-2.8181463396947178e-03
-3.2811258056309636e-03
-3.9034647367842666e-03
-4.7308858268206308e-03
-5.8148280018503421e-03
-7.2388550576957802e-03
-9.0886414563181514e-03
-1.1478076192058883e-02
-1.4551870141014649e-02
-1.8469832780354821e-02
-2.3443369234928915e-02
-2.9715999615062952e-02
-3.7570181096189405e-02
-4.7353445135351557e-02
-5.9455245714977220e-02
-7.4330415696457736e-02
-9.2500148364366985e-02
-1.1453926807609548e-01
-1.4110070101701147e-01
-1.7289186664052311e-01
-2.1067477838557067e-01
-2.5526362123551105e-01
-3.0749802372711832e-01
-3.6823218653828310e-01
-4.3830623275698538e-01
-5.1851728848465028e-01
-6.0957913964871324e-01
-7.1208996586875839e-01
-8.2633929532493400e-01
-9.5256993231089226e-01
-1.0907895275498503e+00
-1.2406532694061541e+00
-1.4011391944833036e+00
-1.5713772265703008e+00
-1.7499900814951757e+00
-1.9346373827234555e+00
-2.1237436456004941e+00
-2.3141561525670000e+00
-2.5035828888707710e+00
-2.6891787964002405e+00
-2.8675526256382047e+00
-3.0360466212897621e+00
-3.1919744146906508e+00
-3.3328052495074272e+00
-3.4562680372248664e+00
-3.5606135844729185e+00
-3.6444774322928093e+00
-3.7068086943891085e+00
-3.7469393263628410e+00
-3.7651063096609496e+00
-3.7617705396531798e+00
-3.7373153079387205e+00
-3.6928483223719408e+00
-3.6299954136333197e+00
0.0000000000000000e+00
2.4055929233035767e-01
0.0000000000000000e+00
0.0000000000000000e+00
];
