%Vec Object:sol 1 MPI processes
%  type: mpi
sol = [
0.0000000000000000e+00
-1.5117317471013102e+01
-1.3508750075475024e+01
-1.2148017910109402e+01
-1.0993902419106849e+01
-1.0002850571736351e+01
-9.1385900224027914e+00
-8.3776774656696418e+00
-7.7054359759874904e+00
-7.1046850721050738e+00
-6.5633032383207546e+00
-6.0727151366427465e+00
-5.6248166336489263e+00
-5.2137306469282727e+00
-4.8352031577103300e+00
-4.4853883254637648e+00
-4.1596431523358310e+00
-3.8567676898335659e+00
-3.5749720008795798e+00
-3.3120690656285818e+00
-3.0654378818617669e+00
-2.8351126275241887e+00
-2.6197998531644497e+00
-2.4173650615675419e+00
-2.2285034856420602e+00
-2.0511867574832952e+00
-1.8857583102509050e+00
-1.7305644948507986e+00
-1.5859913734255273e+00
-1.4509435217803262e+00
-1.3250039364307356e+00
-1.2080159591013775e+00
-1.0992300712394922e+00
-9.9822204274515702e-01
-9.0480660231277310e-01
-8.1852956661643972e-01
-7.3894918627691542e-01
-6.6562105107848835e-01
-5.9832318377684168e-01
-5.3669376788428425e-01
-4.8037751461336481e-01
-4.2903407623618139e-01
-3.8234796739441806e-01
-3.3999776119146391e-01
-3.0162836102353063e-01
-2.6700600125236290e-01
-2.3585733988035057e-01
-2.0787603801474452e-01
-1.8284067813467855e-01
-1.6050598967979088e-01
-1.4059629402532373e-01
-1.2293074187673814e-01
-1.0730641695460114e-01
-9.3492005163270636e-02
-8.1334651593254884e-02
-7.0677025455945633e-02
-6.1332011800305938e-02
-5.3172877173283194e-02
-4.6084640829859552e-02
-3.9921125665356605e-02
-3.4579187499928263e-02
-2.9980790630616427e-02
-2.6015395885528290e-02
-2.2600167048839652e-02
-1.9687514822483806e-02
-1.7196255965751656e-02
-1.5060242257429994e-02
-1.3255641290777430e-02
-1.1724243084225355e-02
-1.0413108255473784e-02
-9.3159384513049788e-03
-8.3916675758541077e-03
-7.5975108828256295e-03
-6.9393747239185491e-03
-6.3883931932750227e-03
-5.9095110277213956e-03
-5.5165447717635124e-03
-5.1888743989417802e-03
-4.8974260637307506e-03
-4.6606366899914920e-03
-4.4631156165151906e-03
-4.2806388461204435e-03
-4.1338474664230178e-03
-4.0103648875247054e-03
-3.8901837366279294e-03
-3.7944355133724380e-03
-3.7121775893559955e-03
-3.6273507633677797e-03
-3.5603945426681141e-03
-3.5006956527136096e-03
-3.4361170027837999e-03
-3.3856065527119498e-03
-3.3381163058469098e-03
-3.2855489825093101e-03
-3.2448276025566860e-03
-3.2039411752850331e-03
-3.1590220274162473e-03
-3.1246165542807296e-03
-3.0873857324384244e-03
-3.0479047048512192e-03
-3.0181149377187721e-03
-2.9831006274005714e-03
-2.9480823511706012e-03
-2.9222603954983020e-03
-2.8889690844333521e-03
-2.8582786291046587e-03
-2.8365736367747026e-03
-2.8053338536691073e-03
-2.7796760188901087e-03
-2.7631586034764051e-03
-2.7353708466245751e-03
-2.7166825578876282e-03
-2.7053698309740578e-03
-2.6867500353638628e-03
-2.6791214235271118e-03
-2.6776716145401119e-03
-2.6751207973533791e-03
-2.6865296772742757e-03
-2.7048305284543602e-03
-2.7304798142153796e-03
-2.7758215583334415e-03
-2.8321108545343704e-03
-2.9080948175064930e-03
-3.0142273997095827e-03
-3.1410017366488730e-03
-3.3063799571975746e-03
-3.5192088391410663e-03
-3.7735157428026751e-03
-4.0950083677431439e-03
-4.4911718600762415e-03
-4.9692640417586106e-03
-5.5571607251886082e-03
-6.2662072796768288e-03
-7.1194256396453380e-03
-8.1500007715434621e-03
-9.3765861953373549e-03
-1.0841290456565733e-02
-1.2586189995057498e-02
-1.4642766895364668e-02
-1.7074995136548025e-02
-1.9935765333703389e-02
-2.3283801364632165e-02
-2.7199679114055981e-02
-3.1755471611719578e-02
-3.7041179876015594e-02
-4.3158473617983674e-02
-5.0202919913019180e-02
-5.8298364628876581e-02
-6.7568383180651864e-02
-7.8140187964044025e-02
-9.0164624390528525e-02
-1.0378782933166038e-01
-1.1916846486663997e-01
-1.3647576408319947e-01
-1.5587337319059325e-01
-1.7753034210924917e-01
-2.0162346519317195e-01
-2.2832447650783078e-01
-2.5780571075539443e-01
-2.9022570351254851e-01
-3.2573390224633242e-01
-3.6446554614076487e-01
-4.0653521336804327e-01
-4.5203440046106919e-01
-5.0102677726405520e-01
-5.5354473277952698e-01
-6.0951166286038239e-01
-6.6890009789550919e-01
-7.3164279455385572e-01
-7.9759780623504850e-01
-8.6658696786561806e-01
-9.3821303964532377e-01
-1.0122398934386043e+00
-1.0883924255275244e+00
-1.1662074126502415e+00
-1.2450512464468326e+00
-1.3246884745058376e+00
-1.4044191892520961e+00
-1.4836603540172841e+00
-1.5620090706517020e+00
-1.6385158608012205e+00
-1.7130135028309916e+00
-1.7844266260836155e+00
-1.8526319212904798e+00
-1.9167444691772155e+00
-1.9764066302167544e+00
-2.0312904158586136e+00
-2.0805237950539532e+00
-2.1241918790650933e+00
-2.1619286176395507e+00
-2.1932344027873025e+00
-2.2181329352959622e+00
-2.2365642524054961e+00
-2.2485040524999529e+00
-2.2537769365520157e+00
-2.2525652637347608e+00
-2.2450842172943544e+00
-2.2315063093738634e+00
-2.2120966514456661e+00
0.0000000000000000e+00
1.3464638167935297e-01
0.0000000000000000e+00
0.0000000000000000e+00
];
