%Vec Object:sol 1 MPI processes
%  type: mpi
sol = [
0.0000000000000000e+00
-1.3899137018206668e+01
-1.2397286768941074e+01
-1.1071988081948621e+01
-9.9002894508491455e+00
-8.8454218675467100e+00
-7.8944228265914891e+00
-7.0276645253058900e+00
-6.2376956111511443e+00
-5.5166063102236889e+00
-4.8580467602644637e+00
-4.2580933684903766e+00
-3.7127445176424008e+00
-3.2186495341605066e+00
-2.7729896572613728e+00
-2.3741889068549673e+00
-2.0185025790144340e+00
-1.7043182862418951e+00
-1.4280967435608425e+00
-1.1876722505986563e+00
-9.8005148899816863e-01
-8.0210632261587544e-01
-6.5105775353267126e-01
-5.2407962413235032e-01
-4.1831237226629364e-01
-3.3105764772178647e-01
-2.5979336282456694e-01
-2.0214767091148975e-01
-1.5595912335086476e-01
-1.1935878385055525e-01
-9.0650320928971281e-02
-6.8299611853107275e-02
-5.1125879386549576e-02
-3.8072243645622124e-02
-2.8189499667825843e-02
-2.0818430017608868e-02
-1.5390210486998698e-02
-1.1391817393649020e-02
-8.4825952304146100e-03
-6.4088373581466743e-03
-4.9218732801418943e-03
-3.8496052212530670e-03
-3.1113590033442122e-03
-2.5991925604722057e-03
-2.2131966217333121e-03
-1.9574390902078022e-03
-1.7923247634817477e-03
-1.6400097628571034e-03
-1.5428717085233935e-03
-1.4889334893497595e-03
-1.4141593153269136e-03
-1.3647171877310467e-03
-1.3408747228625510e-03
-1.2954118800509533e-03
-1.2593463383078123e-03
-1.2430281838507868e-03
-1.2101742656422030e-03
-1.1779398146078909e-03
-1.1631813043262247e-03
-1.1375483304598515e-03
-1.1068225092667166e-03
-1.0923289521427709e-03
-1.0717810538144335e-03
-1.0421378065225712e-03
-1.0277887220563368e-03
-1.0111276705559277e-03
-9.8257858736038907e-04
-9.6850289724562957e-04
-9.5484447809115948e-04
-9.2748083226769742e-04
-9.1383910017078308e-04
-9.0246403622861859e-04
-8.7637647897289444e-04
-8.6331427272810909e-04
-8.5361837046997598e-04
-8.2888299171724508e-04
-8.1652461224866713e-04
-8.0799614627201984e-04
-7.8467234622133322e-04
-7.7312074251582744e-04
-7.6532476379235852e-04
-7.4345714254713631e-04
-7.3279662055622389e-04
-7.2536338463493255e-04
-7.0498314513082615e-04
-6.9528135159522414e-04
-6.8789653442951433e-04
-6.6902384307828832e-04
-6.6033455852222223e-04
-6.5273173510713536e-04
-6.3537766972547724e-04
-6.2774311416457606e-04
-6.1969762068548922e-04
-6.0386683688421947e-04
-5.9732057169269701e-04
-5.8864420426191027e-04
-5.7433536614220719e-04
-5.6890293263342853e-04
-5.5944021375386598e-04
-5.4664843432187919e-04
-5.4234982445134131e-04
-5.3197788838371175e-04
-5.2069523560912374e-04
-5.1754542247467591e-04
-5.0615897745110859e-04
-4.9637413271312776e-04
-4.9438278809848829e-04
-4.8189623969078799e-04
-4.7359512486189811e-04
-4.7276735874023367e-04
-4.5911097065355719e-04
-4.5227579294220791e-04
-4.5013620954052107e-04
-4.3773183678499282e-04
-4.3234178758144227e-04
-4.2839382457894685e-04
-4.1768929355090901e-04
-4.1372119976008470e-04
-4.0796201777400476e-04
-3.9891726181266258e-04
-3.9634610915341905e-04
-3.8878751106408930e-04
-3.8136285699245860e-04
-3.8016314219903785e-04
-3.7081708942463194e-04
-3.6497334205500703e-04
-3.6416863328950233e-04
-3.5400156701524465e-04
-3.4970032658311736e-04
-3.4674388480235654e-04
-3.3829859643652523e-04
-3.3550241438382646e-04
-3.3043983326283240e-04
-3.2366865235892420e-04
-3.2234152596589548e-04
-3.1523077704102392e-04
-3.1009140109796330e-04
-3.0979491145161493e-04
-3.0110778520240088e-04
-2.9758153406031143e-04
-2.9506525863715993e-04
-2.8819609044050231e-04
-2.8638198704613433e-04
-2.8195835814948209e-04
-2.7727343083658318e-04
-2.7783149026297798e-04
-2.7274063909801555e-04
-2.7211891076829586e-04
-2.7582081395662945e-04
-2.7753930093311880e-04
-2.8905220349537884e-04
-3.0734272187166748e-04
-3.3738781767441844e-04
-3.9211287767457838e-04
-4.7275686041891614e-04
-6.0333547191248075e-04
-8.0748978466067725e-04
-1.1131211067790564e-03
-1.5794189468014733e-03
-2.2720850167410500e-03
-3.2924271818547731e-03
-4.7848475937258862e-03
-6.9313607786007057e-03
-9.9990717892519364e-03
-1.4331810853830342e-02
-2.0380440591447942e-02
-2.8742740397697475e-02
-4.0168321456357896e-02
-5.5609750640100077e-02
-7.6246474333046529e-02
-1.0350412900034839e-01
-1.3909756047943045e-01
-1.8501846971572050e-01
-2.4354045401853253e-01
-3.1718817641679442e-01
-4.0866902740463307e-01
-5.2077785564470058e-01
-6.5625219103486709e-01
-8.1758596551311558e-01
-1.0067939867298152e+00
-1.2248347441786758e+00
-1.4721184508919343e+00
-1.7476775844401262e+00
-2.0481831751401431e+00
-2.3701356262149353e+00
-2.7066676196360762e+00
-3.0507506165169294e+00
-3.3936011552189123e+00
-3.7256228840875796e+00
-4.0370378993572595e+00
-4.3187840738014636e+00
-4.5627547736015606e+00
-4.7611983918685494e+00
-4.9104540637515681e+00
-5.0060137806686091e+00
-5.0478839936315421e+00
-5.0366123337644035e+00
-4.9741428480857603e+00
-4.8647394497639267e+00
0.0000000000000000e+00
2.4055929233035767e-01
0.0000000000000000e+00
0.0000000000000000e+00
];
