%Vec Object:sol 1 MPI processes
%  type: mpi
sol = [
0.0000000000000000e+00
-1.6348192768699466e+01
-1.4474781839296426e+01
-1.2923387597768579e+01
-1.1615929141590252e+01
-1.0493748767587981e+01
-9.5312103970958901e+00
-8.6928241588860153e+00
-7.9538357771623955e+00
-7.2925169020895240e+00
-6.6986087418098199e+00
-6.1624032228696066e+00
-5.6743409759512957e+00
-5.2275756448375592e+00
-4.8171935357500555e+00
-4.4388976481580373e+00
-4.0882287904830443e+00
-3.7627883640755520e+00
-3.4609518567169668e+00
-3.1804191896060332e+00
-2.9188541537990083e+00
-2.6753814906640363e+00
-2.4491048145597305e+00
-2.2377244117962181e+00
-2.0417325639125758e+00
-1.8591183881410855e+00
-1.6899496428640899e+00
-1.5327727237735389e+00
-1.3874631306433292e+00
-1.2533243757512635e+00
-1.1293259363093677e+00
-1.0153660164445530e+00
-9.1078474357762840e-01
-8.1498730363715510e-01
-7.2733964872478873e-01
-6.4750279811191058e-01
-5.7497004642471639e-01
-5.0924395231808695e-01
-4.4985506456270624e-01
-3.9635542139293717e-01
-3.4827370838791283e-01
-3.0518152663333437e-01
-2.6673093470539394e-01
-2.3252325057917822e-01
-2.0216616861698952e-01
-1.7534290950950718e-01
-1.5172001099654514e-01
-1.3094529381390393e-01
-1.1277490164092781e-01
-9.6939799436654095e-02
-8.3141843671462712e-02
-7.1195777636197347e-02
-6.0894786167811209e-02
-5.2005201412232256e-02
-4.4382652523545833e-02
-3.7880359931474421e-02
-3.2322314906728572e-02
-2.7598641152863316e-02
-2.3613119873521785e-02
-2.0237884855927157e-02
-1.7390483507903141e-02
-1.5014642743183690e-02
-1.3020369218707663e-02
-1.1345719382662193e-02
-9.9641745176476601e-03
-8.8139852844625853e-03
-7.8477160115619886e-03
-7.0597712569766451e-03
-6.4084466300717785e-03
-5.8561465619211862e-03
-5.4111129032977700e-03
-5.0452188089695309e-03
-4.7274017816621014e-03
-4.4744170469786489e-03
-4.2669020746624459e-03
-4.0782346058598666e-03
-3.9298802929036009e-03
-3.8078185383075298e-03
-3.6887285373881696e-03
-3.5961771081004534e-03
-3.5191329488627786e-03
-3.4371122838038289e-03
-3.3740445760919789e-03
-3.3203039128705887e-03
-3.2582086263087265e-03
-3.2109127808045254e-03
-3.1691362795562383e-03
-3.1182068689528547e-03
-3.0797615405254298e-03
-3.0441507689455420e-03
-3.0000322475209553e-03
-2.9670379795208868e-03
-2.9346547989280991e-03
-2.8952230418951177e-03
-2.8660422539655062e-03
-2.8353822040828093e-03
-2.7996046536861948e-03
-2.7734521924887724e-03
-2.7437178231613547e-03
-2.7110850780239937e-03
-2.6875828295133751e-03
-2.6583349159841571e-03
-2.6285927413037522e-03
-2.6075671927994651e-03
-2.5785604993213665e-03
-2.5516065039592321e-03
-2.5330242387800552e-03
-2.5041798672574569e-03
-2.4800666810807863e-03
-2.4640708216626802e-03
-2.4355436997288951e-03
-2.4145894466808923e-03
-2.3991336382451333e-03
-2.3740508968871652e-03
-2.3571228252322828e-03
-2.3428854205875529e-03
-2.3232653363827256e-03
-2.3123828891289094e-03
-2.3020164791009287e-03
-2.2912475716165824e-03
-2.2907912453975373e-03
-2.2899425176913643e-03
-2.2951540632457032e-03
-2.3141819804479592e-03
-2.3343260993159581e-03
-2.3698777136696193e-03
-2.4254105338354301e-03
-2.4899827478673904e-03
-2.5836902753017458e-03
-2.7075594567648703e-03
-2.8615166448860006e-03
-3.0652635754027675e-03
-3.3208954925259631e-03
-3.6412142074275238e-03
-4.0481790213676106e-03
-4.5479829663387433e-03
-5.1694134720575496e-03
-5.9401741663790801e-03
-6.8761778404626064e-03
-8.0254601083732443e-03
-9.4240142019686064e-03
-1.1113193141508139e-02
-1.3156463046211599e-02
-1.5608484853365185e-02
-1.8542866620336291e-02
-2.2046198496127309e-02
-2.6199890862518397e-02
-3.1117196329920566e-02
-3.6913692389956371e-02
-4.3712056452012489e-02
-5.1664871471089120e-02
-6.0924436733005134e-02
-7.1663017693453360e-02
-8.4071837581645173e-02
-9.8343272418721289e-02
-1.1469657359985615e-01
-1.3335615568509007e-01
-1.5455166444176885e-01
-1.7852619866177766e-01
-2.0551404878534055e-01
-2.3576804239750146e-01
-2.6953061250513660e-01
-3.0702957080801352e-01
-3.4848236909812896e-01
-3.9408202560090105e-01
-4.4399305231719149e-01
-4.9834320865252746e-01
-5.5721980463152232e-01
-6.2065331044919991e-01
-6.8850089987135510e-01
-7.6076895060508298e-01
-8.3728665273003089e-01
-9.1782524004295341e-01
-1.0019671610946213e+00
-1.0892403807960320e+00
-1.1793265287015358e+00
-1.2715838924759526e+00
-1.3651581978983134e+00
-1.4596773506770941e+00
-1.5540399998127756e+00
-1.6476820677174187e+00
-1.7395971807193957e+00
-1.8290555846258338e+00
-1.9150542135044559e+00
-1.9970734513371726e+00
-2.0738152505924985e+00
-2.1450050940443184e+00
-2.2099292123697749e+00
-2.2676261045901067e+00
-2.3179338511476870e+00
-2.3604442776746342e+00
-2.3948067943653397e+00
-2.4206188963599149e+00
-2.4379389040762884e+00
-2.4467742308306124e+00
-2.4472298441401974e+00
-2.4394616005790266e+00
-2.4237088347189242e+00
-2.4003352504209361e+00
0.0000000000000000e+00
1.3464638167935297e-01
0.0000000000000000e+00
0.0000000000000000e+00
];
