%Vec Object:sol 1 MPI processes
%  type: mpi
sol = [
0.0000000000000000e+00
-1.4133199746515961e+01
-1.2729154607296174e+01
-1.1515660082429497e+01
-1.0476555940005310e+01
-9.5782014223154253e+00
-8.7929373238647486e+00
-8.1000619244114400e+00
-7.4838057759465633e+00
-6.9303786821559381e+00
-6.4298272760029604e+00
-5.9750240190510793e+00
-5.5588934700339854e+00
-5.1762629951280221e+00
-4.8233474005524908e+00
-4.4966720136294276e+00
-4.1926036792624171e+00
-3.9082753488128410e+00
-3.6432597817386747e+00
-3.3954679952715203e+00
-3.1625630634959259e+00
-2.9439972305802642e+00
-2.7391248039816132e+00
-2.5456881485896319e+00
-2.3643205925362385e+00
-2.1934369154590141e+00
-2.0328727076485973e+00
-1.8816401342138034e+00
-1.7399079778413731e+00
-1.6063032623441749e+00
-1.4811737928978619e+00
-1.3638712967593263e+00
-1.2538341871238448e+00
-1.1510160314297000e+00
-1.0550523706497494e+00
-9.6530992146433170e-01
-8.8178363106105895e-01
-8.0416396103487053e-01
-7.3213425376103913e-01
-6.6531731002625960e-01
-6.0346445757956046e-01
-5.4638153137745860e-01
-4.9380219678416548e-01
-4.4546342739736994e-01
-4.0110260672945064e-01
-3.6049152529487305e-01
-3.2339322504363671e-01
-2.8953651109551176e-01
-2.5872992639778863e-01
-2.3078792359002773e-01
-2.0546866201397262e-01
-1.8260780768718643e-01
-1.6202047412060230e-01
-1.4349361882599396e-01
-1.2688137215983564e-01
-1.1203187727108831e-01
-9.8763542894862458e-02
-8.6948201698705110e-02
-7.6466878919820833e-02
-6.7169622241421797e-02
-5.8945608844128784e-02
-5.1706689614322246e-02
-4.5332760688453523e-02
-3.9729571788040860e-02
-3.4836359290799694e-02
-3.0559629566837960e-02
-2.6820372568368417e-02
-2.3580925957059424e-02
-2.0770315364571884e-02
-1.8323055290001191e-02
-1.6219983446060779e-02
-1.4408309461116235e-02
-1.2834133419875972e-02
-1.1492365098240184e-02
-1.0344240615314174e-02
-9.3455523230900391e-03
-8.5013164007108240e-03
-7.7830889659079895e-03
-7.1546995028368508e-03
-6.6279195713544970e-03
-6.1815055433216640e-03
-5.7860086467278376e-03
-5.4572585059389838e-03
-5.1787064492408033e-03
-4.9266725026254361e-03
-4.7189621361581483e-03
-4.5417868928707469e-03
-4.3766138994411384e-03
-4.2416743747153308e-03
-4.1244938377176391e-03
-4.0113363355328583e-03
-3.9197411044519107e-03
-3.8374954439395438e-03
-3.7555134581218879e-03
-3.6898600980469318e-03
-3.6278361422964604e-03
-3.5649992863208127e-03
-3.5154108537101933e-03
-3.4653677440196953e-03
-3.4151534981138295e-03
-3.3764848219391013e-03
-3.3343148261944957e-03
-3.2937828898242406e-03
-3.2640692966852511e-03
-3.2285734726522305e-03
-3.1974747816188439e-03
-3.1773388917558805e-03
-3.1499210642564851e-03
-3.1306677737893336e-03
-3.1235671697047497e-03
-3.1087609524228913e-03
-3.1072519363275130e-03
-3.1180996052934591e-03
-3.1275675044612540e-03
-3.1550377577131221e-03
-3.1969984141348592e-03
-3.2476926965438612e-03
-3.3239233078856739e-03
-3.4206711035068230e-03
-3.5407390313089366e-03
-3.6991406278969541e-03
-3.8902211023336625e-03
-4.1261946241700313e-03
-4.4214275693285066e-03
-4.7708772524866607e-03
-5.1974014698210752e-03
-5.7153248546413507e-03
-6.3248148638149577e-03
-7.0581588375207361e-03
-7.9301416292805477e-03
-8.9559585190834394e-03
-1.0171870956712962e-02
-1.1598366665934001e-02
-1.3268038774837020e-02
-1.5224015371356503e-02
-1.7495554857797812e-02
-2.0135287093093656e-02
-2.3195981674066102e-02
-2.6720151971128356e-02
-3.0781794500524349e-02
-3.5443764499032880e-02
-4.0773979248241055e-02
-4.6860449905386972e-02
-5.3781889418831504e-02
-6.1632472316535923e-02
-7.0515441350635366e-02
-8.0526151478998345e-02
-9.1783389963156423e-02
-1.0440253923466473e-01
-1.1849886163323299e-01
-1.3420468214149664e-01
-1.5164388229845352e-01
-1.7093612743055275e-01
-1.9222004483475283e-01
-2.1562017489502558e-01
-2.4126514794552159e-01
-2.6927403067790950e-01
-2.9975603983051552e-01
-3.3281491297146792e-01
-3.6853802643563494e-01
-4.0699781231008153e-01
-4.4824829353686152e-01
-4.9232421191258630e-01
-5.3922250019898854e-01
-5.8884807354997537e-01
-6.4122158184551425e-01
-6.9625695030308454e-01
-7.5384588522222629e-01
-8.1383750216481321e-01
-8.7590208163669514e-01
-9.3990379671568491e-01
-1.0056200889439835e+00
-1.0727687623877176e+00
-1.1407486491404606e+00
-1.2094702131041979e+00
-1.2785570860307440e+00
-1.3472576544401911e+00
-1.4155245119324942e+00
-1.4826776068639009e+00
-1.5483446424035348e+00
-1.6121134155368890e+00
-1.6734324446664233e+00
-1.7319862191732400e+00
-1.7873154109732035e+00
-1.8390004288273287e+00
-1.8868886547065806e+00
-1.9302973823331846e+00
-1.9693290948320155e+00
-2.0035753066144464e+00
-2.0327564742390773e+00
-2.0569645550951705e+00
-2.0759814861958628e+00
-2.0895922131722586e+00
-2.0980530694346844e+00
-2.1013458444133031e+00
-2.0994169761876709e+00
-2.0924040106010011e+00
-2.0805577162373337e+00
-2.0640805931546358e+00
0.0000000000000000e+00
1.3464638167935297e-01
0.0000000000000000e+00
0.0000000000000000e+00
];
