%Vec Object:sol 1 MPI processes
%  type: mpi
sol = [
0.0000000000000000e+00
-8.3358375195327667e+00
-7.7782005732368882e+00
-7.2664517319280373e+00
-6.7944570106538960e+00
-6.3549720906616489e+00
-5.9461496209194395e+00
-5.5645908715570140e+00
-5.2077489287927623e+00
-4.8724925725250285e+00
-4.5561319265309459e+00
-4.2564503697274425e+00
-3.9737832326661726e+00
-3.7068236889469213e+00
-3.4529998727100431e+00
-3.2130073405047019e+00
-2.9860771701249305e+00
-2.7701072034144598e+00
-2.5667888779944565e+00
-2.3735454671411120e+00
-2.1917271097149320e+00
-2.0194889661082698e+00
-1.8576959153505761e+00
-1.7051240069410771e+00
-1.5618781479005799e+00
-1.4278471218982811e+00
-1.3021075206734933e+00
-1.1847708979534499e+00
-1.0756220386490409e+00
-9.7425439058506547e-01
-8.8005075926360943e-01
-7.9303803716739607e-01
-7.1284718173209904e-01
-6.3913836440930272e-01
-5.7156525578738049e-01
-5.0979341156253877e-01
-4.5340803222089798e-01
-4.0217538695765842e-01
-3.5577124388573006e-01
-3.1388203378659996e-01
-2.7617258806686218e-01
-2.4232809413952480e-01
-2.1207249594055649e-01
-1.8510541746634412e-01
-1.6112516320469186e-01
-1.3990385428210683e-01
-1.2118678093396915e-01
-1.0469323089617022e-01
-9.0248359775776027e-02
-7.7644534702740770e-02
-6.6639378610729008e-02
-5.7099427467576729e-02
-4.8864290284762670e-02
-4.1742486897831013e-02
-3.5627344076027793e-02
-3.0405841555011602e-02
-2.5932624138675420e-02
-2.2124441488595395e-02
-1.8908555102145119e-02
-1.6178480909690620e-02
-1.3869969333104826e-02
-1.1942323819747190e-02
-1.0319879249365256e-02
-8.9527469825590855e-03
-7.8242209323415562e-03
-6.8817906175082004e-03
-6.0857820696501959e-03
-5.4364210898675686e-03
-4.8977522792716093e-03
-4.4370722270652852e-03
-4.0658166860889538e-03
-3.7593265415113474e-03
-3.4895935134264247e-03
-3.2749216918602484e-03
-3.0979924386824761e-03
-2.9341038028404872e-03
-2.8052925822379528e-03
-2.6987330747825010e-03
-2.5923437544733414e-03
-2.5097156084758062e-03
-2.4405298756118923e-03
-2.3651360540081828e-03
-2.3072056204777682e-03
-2.2575663794432931e-03
-2.1991208629889717e-03
-2.1546393738713235e-03
-2.1151679439535644e-03
-2.0664532818829833e-03
-2.0297114581635644e-03
-1.9955660537603879e-03
-1.9529693984782221e-03
-1.9211444286370699e-03
-1.8898397121091574e-03
-1.8515836393009739e-03
-1.8233046631265417e-03
-1.7935460098013429e-03
-1.7587568202503672e-03
-1.7333605237535002e-03
-1.7044482362451917e-03
-1.6726910135251483e-03
-1.6498581782046940e-03
-1.6214042414926934e-03
-1.5924679129843437e-03
-1.5720644526087491e-03
-1.5438649918601917e-03
-1.5176903990930688e-03
-1.4997322605467226e-03
-1.4717698992647321e-03
-1.4484858216221230e-03
-1.4332128685114577e-03
-1.4057686628697540e-03
-1.3858565620974528e-03
-1.3714880960530743e-03
-1.3479115877799617e-03
-1.3325976153845006e-03
-1.3202865427158271e-03
-1.3031872402776538e-03
-1.2952656529045760e-03
-1.2886580992194994e-03
-1.2826981550879905e-03
-1.2881730383744626e-03
-1.2949769822097280e-03
-1.3098979907818530e-03
-1.3411216402246138e-03
-1.3769501647122879e-03
-1.4322935291235823e-03
-1.5127671838795218e-03
-1.6090589082079431e-03
-1.7425686419088034e-03
-1.9164110748925659e-03
-2.1330846813714687e-03
-2.4149994735988833e-03
-2.7679823235734558e-03
-3.2091066293328755e-03
-3.7653112836939879e-03
-4.4491648668859686e-03
-5.2965580679851347e-03
-6.3437327281761951e-03
-7.6170406704112398e-03
-9.1760606031802937e-03
-1.1070721246847737e-02
-1.3358562473688636e-02
-1.6121325371230167e-02
-1.9435167326451692e-02
-2.3397918578073083e-02
-2.8123587484566163e-02
-3.3725144474631860e-02
-4.0350451646870220e-02
-4.8153510106892075e-02
-5.7298604004832804e-02
-6.7986569391878124e-02
-8.0421426499248466e-02
-9.4830871077657308e-02
-1.1146505948536488e-01
-1.3058000547556461e-01
-1.5245993969275778e-01
-1.7739705442271969e-01
-2.0569067547464456e-01
-2.3765574496660699e-01
-2.7360261431069482e-01
-3.1384081938825381e-01
-3.5867120600081759e-01
-4.0837564361871848e-01
-4.6321132976787005e-01
-5.2340105434716355e-01
-5.8912486078924198e-01
-6.6040012521717606e-01
-7.3733836252147600e-01
-8.1993780331685029e-01
-9.0809664259375644e-01
-1.0016396088058244e+00
-1.1000055745576016e+00
-1.2029679109583593e+00
-1.3100921623408199e+00
-1.4204967891166340e+00
-1.5335283649779008e+00
-1.6486061100030422e+00
-1.7642050015690962e+00
-1.8801023584356238e+00
-1.9944965423353651e+00
-2.1070583639703053e+00
-2.2160219176112936e+00
-2.3207626734981006e+00
-2.4203543811142914e+00
-2.5132304945691066e+00
-2.5989976338331156e+00
-2.6768090299294927e+00
-2.7459087066939825e+00
-2.8057217494694293e+00
-2.8555936714751731e+00
-2.8954102304202669e+00
-2.9249756022724882e+00
-2.9441879983529309e+00
-2.9531354408514998e+00
-2.9519221392439334e+00
-2.9408503280613694e+00
-2.9202608841718263e+00
-2.8905762960468664e+00
-2.8523458037038401e+00
0.0000000000000000e+00
2.4055929233035767e-01
0.0000000000000000e+00
0.0000000000000000e+00
];
