%Vec Object:sol 1 MPI processes
%  type: mpi
sol = [
0.0000000000000000e+00
-6.1042115045801006e+00
-5.7961273565179665e+00
-5.5079148586093032e+00
-5.2411086370774118e+00
-4.9870830765810803e+00
-4.7476239125386721e+00
-4.5235469479271870e+00
-4.3078706572562746e+00
-4.1046522722945431e+00
-3.9111759258736685e+00
-3.7257324816589215e+00
-3.5504190640238344e+00
-3.3803349753107206e+00
-3.2192740520975938e+00
-3.0638725644616436e+00
-2.9155162516033397e+00
-2.7724680299529703e+00
-2.6358093944732004e+00
-2.5038479559687072e+00
-2.3776846180005418e+00
-2.2557553672777058e+00
-2.1393289332951895e+00
-2.0266933523581758e+00
-1.9188819540895163e+00
-1.8154866143667614e+00
-1.7157665058261866e+00
-1.6204475186228049e+00
-1.5290116931614728e+00
-1.4411150110415913e+00
-1.3571354049970838e+00
-1.2769412747526785e+00
-1.1998690185694072e+00
-1.1263640204051357e+00
-1.0563395210284536e+00
-9.8963478191518817e-01
-9.2583175191867406e-01
-8.6520966189326121e-01
-8.0765496201570286e-01
-7.5305825724927500e-01
-7.0132608980163491e-01
-6.5225607592137247e-01
-6.0582598285183198e-01
-5.6200809124523399e-01
-5.2070315020187741e-01
-4.8182415752681174e-01
-4.4527892911237255e-01
-4.1096011362056600e-01
-3.7879433901514248e-01
-3.4869201538317962e-01
-3.2049255552417966e-01
-2.9419000706408793e-01
-2.6969858472137676e-01
-2.4690611041616287e-01
-2.2574471775034244e-01
-2.0613723329889594e-01
-1.8797773222648051e-01
-1.7119688709782976e-01
-1.5572774675477422e-01
-1.4147297599916706e-01
-1.2836251142329103e-01
-1.1634054319576136e-01
-1.0531985380225416e-01
-9.5231089287911769e-02
-8.6029876021007576e-02
-7.7639852664469988e-02
-6.9994040250603962e-02
-6.3059208865893307e-02
-5.6769853787709740e-02
-5.1062990845020063e-02
-4.5915708543885922e-02
-4.1272818367336733e-02
-3.7076570106102949e-02
-3.3313205898231446e-02
-2.9936903857810684e-02
-2.6895969218683796e-02
-2.4184413195393589e-02
-2.1764560591147921e-02
-1.9591218395939813e-02
-1.7664680035367746e-02
-1.5954058678524410e-02
-1.4420817915408361e-02
-1.3070048017866669e-02
-1.1876268000984663e-02
-1.0807557024740060e-02
-9.8724030959746849e-03
-9.0494154447771404e-03
-8.3131424634053531e-03
-7.6742185205317375e-03
-7.1141604298429889e-03
-6.6138093995036385e-03
-6.1848833694898471e-03
-5.8108010641804734e-03
-5.4785480296025294e-03
-5.2000743035601621e-03
-4.9598971907454867e-03
-4.7510674736340793e-03
-4.5851394677381505e-03
-4.4471443211518127e-03
-4.3362162652882119e-03
-4.2631144081488152e-03
-4.2130287232533094e-03
-4.1913080628519913e-03
-4.2077523531748266e-03
-4.2475805259660953e-03
-4.3226418685494957e-03
-4.4418421745226165e-03
-4.5905406147632765e-03
-4.7875310640414686e-03
-5.0411327623152728e-03
-5.3372078255375013e-03
-5.7021118462200187e-03
-6.1416940324251785e-03
-6.6502784596925409e-03
-7.2552431514755116e-03
-7.9627673829639391e-03
-8.7779243884736433e-03
-9.7286904642388886e-03
-1.0823158066305667e-02
-1.2078162634998229e-02
-1.3523526879844839e-02
-1.5170592438659383e-02
-1.7049082519172379e-02
-1.9192088286568716e-02
-2.1615707247734102e-02
-2.4363682876850260e-02
-2.7472976622890270e-02
-3.0968685576389432e-02
-3.4906835737035770e-02
-3.9328318517543821e-02
-4.4275394845239430e-02
-4.9810106857403530e-02
-5.5980932467948837e-02
-6.2843998675508439e-02
-7.0470379505546576e-02
-7.8916544634710623e-02
-8.8257943946711326e-02
-9.8568939539252665e-02
-1.0991441157598573e-01
-1.2238213326431331e-01
-1.3604873461656838e-01
-1.5099189887959560e-01
-1.6730024487106823e-01
-1.8505211762082147e-01
-2.0433138269017620e-01
-2.2522232936812012e-01
-2.4779954365097218e-01
-2.7214362696231442e-01
-2.9832657488870040e-01
-3.2641358561151051e-01
-3.5646759878692824e-01
-3.8854089954954651e-01
-4.2267713468056656e-01
-4.5888123495420508e-01
-4.9715146612663469e-01
-5.3753118762358021e-01
-5.8001292785759961e-01
-6.2457718846436894e-01
-6.7117979303473163e-01
-7.1976859339302612e-01
-7.7016737994495821e-01
-8.2228611199784230e-01
-8.7608805945994694e-01
-9.3143324011223250e-01
-9.8815693621926681e-01
-1.0458435252823484e+00
-1.1045379455557625e+00
-1.1640537865713383e+00
-1.2239459335489766e+00
-1.2840198239941671e+00
-1.3442162907168860e+00
-1.4039416495934820e+00
-1.4631132646896921e+00
-1.5215319607446394e+00
-1.5785442388049147e+00
-1.6343945661543400e+00
-1.6882222749804179e+00
-1.7403355930732096e+00
-1.7899436535428286e+00
-1.8373436408860910e+00
-1.8817021078258536e+00
-1.9233738598807395e+00
-1.9617619417469587e+00
-1.9969050263870809e+00
-2.0287489694839316e+00
-2.0567727753164848e+00
-2.0812956517197421e+00
-2.1021721671271680e+00
-2.1190565225065154e+00
-2.1322396122005838e+00
-2.1417249476064995e+00
-2.1472958861916442e+00
-2.1490959500505920e+00
-2.1473167399348894e+00
-2.1419868667857971e+00
-2.1330424273005204e+00
-2.1207041082846496e+00
-2.1051551422793890e+00
-2.0865581099713677e+00
0.0000000000000000e+00
2.4055929233035767e-01
0.0000000000000000e+00
0.0000000000000000e+00
];
