%Vec Object:sol 1 MPI processes
%  type: mpi
sol = [
0.0000000000000000e+00
-6.0153818240404711e+00
-5.7156038781832263e+00
-5.4353631441038504e+00
-5.1759512938648173e+00
-4.9278616576911798e+00
-4.6948470771843569e+00
-4.4763395419606615e+00
-4.2656283997083628e+00
-4.0676792405859077e+00
-3.8781229987240939e+00
-3.6974324781312164e+00
-3.5257450700814617e+00
-3.3597083602835212e+00
-3.2025873567983387e+00
-3.0500464436728527e+00
-2.9052438479194205e+00
-2.7647768131172743e+00
-2.6313104329705492e+00
-2.5016688413478319e+00
-2.3780531412051085e+00
-2.2584335995240279e+00
-2.1439106035354976e+00
-2.0335966700370767e+00
-1.9274457641344633e+00
-1.8259261821214259e+00
-1.7277090000271114e+00
-1.6336721075755996e+00
-1.5437489708812686e+00
-1.4569106501753277e+00
-1.3738754439525689e+00
-1.2945579787931412e+00
-1.2184176383125058e+00
-1.1455080448454396e+00
-1.0759855171260642e+00
-1.0096904861189036e+00
-9.4635406306046288e-01
-8.8592710435073041e-01
-8.2848420368422826e-01
-7.7391826292242982e-01
-7.2214031038690329e-01
-6.7305187897670160e-01
-6.2642378438160351e-01
-5.8234484695677369e-01
-5.4072179416763300e-01
-5.0147113112258945e-01
-4.6450605944936019e-01
-4.2972604781139184e-01
-3.9706107528005008e-01
-3.6642771585069800e-01
-3.3769912954505266e-01
-3.1080601258290191e-01
-2.8570615419456968e-01
-2.6229293355271355e-01
-2.4050178415981469e-01
-2.2025920136095511e-01
-2.0146382022726791e-01
-1.8404936205997838e-01
-1.6795170138043114e-01
-1.5307703268041398e-01
-1.3935783109465047e-01
-1.2674024087324651e-01
-1.1513954844385194e-01
-1.0448827373396546e-01
-9.4743170286366321e-02
-8.5829438250594775e-02
-7.7681272065281373e-02
-7.0265849063510633e-02
-6.3518419638983997e-02
-5.7376529294397821e-02
-5.1817093488272958e-02
-4.6785037930764328e-02
-4.2222609177385198e-02
-3.8115450286820708e-02
-3.4417386663848901e-02
-3.1076324447179841e-02
-2.8085401580848941e-02
-2.5406288613996464e-02
-2.2993137877273195e-02
-2.0845231432396045e-02
-1.8930871214326812e-02
-1.7210737667410030e-02
-1.5688883987831491e-02
-1.4338978072256000e-02
-1.3128292007986637e-02
-1.2064336655239070e-02
-1.1124918338621942e-02
-1.0283833365048010e-02
-9.5508590678478732e-03
-8.9068191600325027e-03
-8.3319126158191009e-03
-7.8371592943778101e-03
-7.4054347501680421e-03
-7.0232274229979534e-03
-6.7019713767656362e-03
-6.4258155279993314e-03
-6.1874800476354524e-03
-5.9981986296928453e-03
-5.8428244165225386e-03
-5.7203403344974124e-03
-5.6413886128513701e-03
-5.5911828246718457e-03
-5.5751082375904886e-03
-5.6030584617124514e-03
-5.6604874341856697e-03
-5.7594747017875956e-03
-5.9092365944179073e-03
-6.0955878789740493e-03
-6.3377492614717671e-03
-6.6445718512829028e-03
-7.0026005572756522e-03
-7.4388097174695944e-03
-7.9598098060531929e-03
-8.5608052112131332e-03
-9.2699941230922102e-03
-1.0094528161839781e-02
-1.1040524608956333e-02
-1.2136954745687005e-02
-1.3393058024995177e-02
-1.4826815977313470e-02
-1.6469158978913143e-02
-1.8332680976256680e-02
-2.0448247410873956e-02
-2.2850064176926834e-02
-2.5555472883447609e-02
-2.8609189220642550e-02
-3.2049148586182172e-02
-3.5901485614258301e-02
-4.0222817879132226e-02
-4.5053763771672937e-02
-5.0436076069360278e-02
-5.6433074974416519e-02
-6.3093133917262859e-02
-7.0475146520335069e-02
-7.8646729513539668e-02
-8.7663340604487494e-02
-9.7598670196784129e-02
-1.0852494362257323e-01
-1.2050478494957388e-01
-1.3362252566697078e-01
-1.4795122130600119e-01
-1.6356443010773175e-01
-1.8054559814677601e-01
-1.9896779782597970e-01
-2.1890866339612758e-01
-2.4044552090943622e-01
-2.6364600901741064e-01
-2.8858241834505083e-01
-3.1531832033235280e-01
-3.4391031222526741e-01
-3.7441158775651817e-01
-4.0686509677413130e-01
-4.4127705131367218e-01
-4.7764978704028982e-01
-5.1603030590677024e-01
-5.5641409499927519e-01
-5.9878486516928253e-01
-6.4311533481855077e-01
-6.8935359576136701e-01
-7.3738119612627340e-01
-7.8705732297568121e-01
-8.3837200341697349e-01
-8.9122186095181655e-01
-9.4546482256421482e-01
-1.0007592646084233e+00
-1.0570448835321808e+00
-1.1141978031956867e+00
-1.1719800806830003e+00
-1.2299137095215409e+00
-1.2880719629425919e+00
-1.3461619002378085e+00
-1.4036360738105289e+00
-1.4606334981433240e+00
-1.5165762784216510e+00
-1.5713440827583538e+00
-1.6247152968597118e+00
-1.6762397888321179e+00
-1.7259287764129985e+00
-1.7732603403451526e+00
-1.8182682067096982e+00
-1.8605621150455218e+00
-1.9000269638400147e+00
-1.9365751550845038e+00
-1.9697900404103210e+00
-1.9998905891039864e+00
-2.0264701252209911e+00
-2.0495503810700959e+00
-2.0692076883422486e+00
-2.0851425270581028e+00
-2.0974425954286682e+00
-2.1062442103331405e+00
-2.1114407558495172e+00
-2.1129447421083722e+00
-2.1110623632320391e+00
-2.1058185478077531e+00
-2.0971903076601732e+00
-2.0852838341597506e+00
-2.0703327385874899e+00
-2.0524895370769736e+00
0.0000000000000000e+00
2.4055929233035767e-01
0.0000000000000000e+00
0.0000000000000000e+00
];
