%Vec Object:sol 1 MPI processes
%  type: mpi
sol = [
0.0000000000000000e+00
-6.6772334277495791e+00
-6.3131485044722702e+00
-5.9714786985744865e+00
-5.6554030363546035e+00
-5.3611588152098859e+00
-5.0804855977038468e+00
-4.8170399014284095e+00
-4.5700291545598573e+00
-4.3338156657899409e+00
-4.1097002965314404e+00
-3.8983170932937012e+00
-3.6946517641619492e+00
-3.5014800937308888e+00
-3.3169778047550023e+00
-3.1402261193078447e+00
-2.9718837333651722e+00
-2.8096648298944111e+00
-2.6555946913423991e+00
-2.5069312223533622e+00
-2.3653789101798179e+00
-2.2293393251583389e+00
-2.0994916624380591e+00
-1.9751348685979642e+00
-1.8560959612124472e+00
-1.7427830117076584e+00
-1.6340091344251262e+00
-1.5304257900347427e+00
-1.4319586102724711e+00
-1.3377768769346112e+00
-1.2482557499084552e+00
-1.1633706570019409e+00
-1.0828112147901139e+00
-1.0062102983535439e+00
-9.3381182024981702e-01
-8.6543418745260836e-01
-8.0093046862726380e-01
-7.4009918462812907e-01
-6.8276663242964930e-01
-6.2894121459919872e-01
-5.7848391695979651e-01
-5.3125775567120759e-01
-4.8713336986838718e-01
-4.4597460103742226e-01
-4.0763915854679100e-01
-3.7196744443340918e-01
-3.3886465936481208e-01
-3.0820063544120557e-01
-2.7987403756297963e-01
-2.5375952642555871e-01
-2.2970004490356569e-01
-2.0760463114797323e-01
-1.8735820804522871e-01
-1.6881469758282611e-01
-1.5188494810009934e-01
-1.3646955318517104e-01
-1.2243696084619708e-01
-1.0970070439708994e-01
-9.8178703960680055e-02
-8.7756040882210118e-02
-7.8350605223026074e-02
-6.9898044134081252e-02
-6.2300806568058704e-02
-5.5482709520830238e-02
-4.9396457562812204e-02
-4.3961410721632004e-02
-3.9108456295744345e-02
-3.4805834181475266e-02
-3.0988427246246265e-02
-2.7594856074162989e-02
-2.4606774713954428e-02
-2.1972632801169501e-02
-1.9638910077123130e-02
-1.7598284930017791e-02
-1.5810530652801885e-02
-1.4229726667781196e-02
-1.2857144829491128e-02
-1.1661586243344348e-02
-1.0604251177203077e-02
-9.6927074565743288e-03
-8.9026097425016822e-03
-8.2017251914535821e-03
-7.6018671883991114e-03
-7.0836027468731645e-03
-6.6207409399129634e-03
-6.2275977402805336e-03
-5.8880011817931286e-03
-5.5813697539640206e-03
-5.3231022079389956e-03
-5.0989404141296218e-03
-4.8936006983338219e-03
-4.7224545683538276e-03
-4.5721014124652732e-03
-4.4323696996980281e-03
-4.3177728982668247e-03
-4.2149739007324221e-03
-4.1188450131330956e-03
-4.0424563590032601e-03
-3.9719735796731291e-03
-3.9073489113572229e-03
-3.8598382847858988e-03
-3.8147599740103845e-03
-3.7772727807353730e-03
-3.7566458579690897e-03
-3.7371850865674421e-03
-3.7294983491679835e-03
-3.7408768888815831e-03
-3.7546417356848815e-03
-3.7872122887566842e-03
-3.8441084941816645e-03
-3.9079033666751060e-03
-4.0013412463280763e-03
-4.1261488646466638e-03
-4.2719999049848599e-03
-4.4613002489293386e-03
-4.6946618754132819e-03
-4.9710770843279612e-03
-5.3121202433890234e-03
-5.7188145135049738e-03
-6.2005318937713759e-03
-6.7793210120018106e-03
-7.4580424934603253e-03
-8.2578313225588080e-03
-9.2029116139457755e-03
-1.0299819111304651e-02
-1.1583184398794730e-02
-1.3080579992747542e-02
-1.4807237993522860e-02
-1.6810526380032415e-02
-1.9122348053489748e-02
-2.1776378126101958e-02
-2.4827687841589213e-02
-2.8317756071089890e-02
-3.2300784511718521e-02
-3.6841667869872058e-02
-4.1992750682527412e-02
-4.7831555753159671e-02
-5.4435311243187741e-02
-6.1872812312653319e-02
-7.0241730057763574e-02
-7.9630057699784318e-02
-9.0130369072448410e-02
-1.0185229899285589e-01
-1.1489700411733160e-01
-1.2937740496594524e-01
-1.4541223128456596e-01
-1.6311226915181429e-01
-1.8260352090947829e-01
-2.0400622276257385e-01
-2.2743706165153485e-01
-2.5301924979971319e-01
-2.8086562570508594e-01
-3.1108586282550110e-01
-3.4378386026813412e-01
-3.7905142958947102e-01
-4.1697062793946016e-01
-4.5760877063182859e-01
-5.0096176955618099e-01
-5.4707715110637112e-01
-5.9598695665530077e-01
-6.4767686876032549e-01
-7.0210516478920160e-01
-7.5921457094486522e-01
-8.1883698214171441e-01
-8.8076425279304438e-01
-9.4496579647175649e-01
-1.0112482799326556e+00
-1.0793552338508148e+00
-1.1487962242529295e+00
-1.2195475279565258e+00
-1.2913374483549187e+00
-1.3633925384008634e+00
-1.4357638795965291e+00
-1.5079525374218234e+00
-1.5793272152536992e+00
-1.6499385197472962e+00
-1.7187346813581685e+00
-1.7859929324487618e+00
-1.8506620832039511e+00
-1.9129639752523904e+00
-1.9719163520877478e+00
-2.0276619755608691e+00
-2.0796337615957161e+00
-2.1275082274619233e+00
-2.1712595376768560e+00
-2.2103852960743358e+00
-2.2447673245798563e+00
-2.2744119719830387e+00
-2.2992041080982255e+00
-2.3187111399317999e+00
-2.3332615558565850e+00
-2.3428247835546925e+00
-2.3474118024021280e+00
-2.3470413277699604e+00
-2.3417208072721740e+00
-2.3317593174743863e+00
-2.3172940150262979e+00
-2.2984892116771398e+00
-2.2755755323302096e+00
0.0000000000000000e+00
2.4055929233035767e-01
0.0000000000000000e+00
0.0000000000000000e+00
];
