%Vec Object:sol 1 MPI processes
%  type: mpi
sol = [
0.0000000000000000e+00
-1.2575434307415724e+01
-1.1462635198646344e+01
-1.0480768462912978e+01
-9.6212438228159307e+00
-8.8666274868745720e+00
-8.1996257592101305e+00
-7.6062241812639488e+00
-7.0751681416405106e+00
-6.5959339145177607e+00
-6.1607885593583305e+00
-5.7641946590799789e+00
-5.4003160219684396e+00
-5.0648725475128931e+00
-4.7540247745669770e+00
-4.4639733376175910e+00
-4.1939176917074379e+00
-3.9418865524567677e+00
-3.7056332303406552e+00
-3.4827620308405711e+00
-3.2735446632691656e+00
-3.0764027797909392e+00
-2.8897691340990450e+00
-2.7140222559688212e+00
-2.5470091461257414e+00
-2.3896102510316126e+00
-2.2400133176679078e+00
-2.0987604673905498e+00
-1.9645701910119691e+00
-1.8378950691798492e+00
-1.7173526732491236e+00
-1.6035990350050351e+00
-1.4958969523164869e+00
-1.3938068209432268e+00
-1.2975322855231000e+00
-1.2065554239801946e+00
-1.1205083897346224e+00
-1.0394917948468338e+00
-9.6324658517523576e-01
-8.9139641086237364e-01
-8.2380603892396398e-01
-7.6040470974187802e-01
-7.0098599717491572e-01
-6.4536718896423739e-01
-5.9333311218204121e-01
-5.4468133182508605e-01
-4.9933955628356780e-01
-4.5713208749720752e-01
-4.1791156699206872e-01
-3.8152500189516514e-01
-3.4780032475334266e-01
-3.1661133665088570e-01
-2.8781925426377719e-01
-2.6126304365055714e-01
-2.3679810499200685e-01
-2.1433557043339624e-01
-1.9372837678644322e-01
-1.7486651342337142e-01
-1.5764529899088986e-01
-1.4193177917476424e-01
-1.2762324667492722e-01
-1.1463399079350116e-01
-1.0284838940730204e-01
-9.2171375326155158e-02
-8.2535729918937595e-02
-7.3843268636800644e-02
-6.6007386500546314e-02
-5.8978155863741055e-02
-5.2673992756955834e-02
-4.7017503241557047e-02
-4.1974208736425662e-02
-3.7477631519739679e-02
-3.3459918500960389e-02
-2.9899838453087992e-02
-2.6744087954030774e-02
-2.3934273005759517e-02
-2.1460038617730295e-02
-1.9279101283283775e-02
-1.7342128833489460e-02
-1.5647274430549300e-02
-1.4161085772120267e-02
-1.2842706949644149e-02
-1.1696571531231721e-02
-1.0695981236358395e-02
-9.8079029341988765e-03
-9.0410583032029725e-03
-8.3736364602857247e-03
-7.7798002802565115e-03
-7.2708562925919177e-03
-6.8282806114733398e-03
-6.4328952695463107e-03
-6.0971962468191762e-03
-5.8046331978605474e-03
-5.5422748411007132e-03
-5.3227134009668419e-03
-5.1303416293098768e-03
-4.9581999766214208e-03
-4.8181666620601095e-03
-4.6948155613064958e-03
-4.5870201763947146e-03
-4.5053923395993361e-03
-4.4341756834741144e-03
-4.3780633120456278e-03
-4.3460882945641367e-03
-4.3218743761433082e-03
-4.3160675277380761e-03
-4.3360223594156753e-03
-4.3646717293109993e-03
-4.4188847208621110e-03
-4.5044514358664545e-03
-4.6037605834593339e-03
-4.7403218732462379e-03
-4.9161844610788987e-03
-5.1210966805126908e-03
-5.3782539427703569e-03
-5.6885498884608364e-03
-6.0511731461830110e-03
-6.4882901585948324e-03
-7.0009585020813130e-03
-7.5985976115102750e-03
-8.3033504706327005e-03
-9.1175200361448203e-03
-1.0061718975107921e-02
-1.1159305959152913e-02
-1.2415144069760849e-02
-1.3862148570171368e-02
-1.5525379239684653e-02
-1.7416580830952634e-02
-1.9579299572773688e-02
-2.2040344987311167e-02
-2.4827193368784445e-02
-2.7987765028991043e-02
-3.1554749109034788e-02
-3.5572162723219634e-02
-4.0093581867557189e-02
-4.5158832806329860e-02
-5.0828702927519995e-02
-5.7162797717865754e-02
-6.4209854398386876e-02
-7.2045456369775995e-02
-8.0732818043511220e-02
-9.0337178454844236e-02
-1.0093847391343523e-01
-1.1260530045211146e-01
-1.2541567445400709e-01
-1.3945105372267355e-01
-1.5477524943690324e-01
-1.7147379351081618e-01
-1.8962636829972887e-01
-2.0930407823772790e-01
-2.3058445380545700e-01
-2.5353346739401500e-01
-2.7821470912978891e-01
-3.0468751273841627e-01
-3.3299966169134287e-01
-3.6319390096626131e-01
-3.9530124935066080e-01
-4.2934155114959616e-01
-4.6532138988130689e-01
-5.0318369264070872e-01
-5.4292489249289078e-01
-5.8452203107987610e-01
-6.2792425385470563e-01
-6.7305290353926661e-01
-7.1981778216274539e-01
-7.6800842032796901e-01
-8.1752787345922318e-01
-8.6827984147951365e-01
-9.2009663480783466e-01
-9.7268188656904175e-01
-1.0258267692357821e+00
-1.0794201036697320e+00
-1.1332063894374280e+00
-1.1867197237135860e+00
-1.2399653977700931e+00
-1.2925986923420956e+00
-1.3442034425899718e+00
-1.3947924207134297e+00
-1.4437591365361315e+00
-1.4911376382655439e+00
-1.5364869567565587e+00
-1.5796725460895413e+00
-1.6203818323843282e+00
-1.6584970227550291e+00
-1.6936947964796962e+00
-1.7259984542609179e+00
-1.7549760934768095e+00
-1.7808352407457415e+00
-1.8031148466241866e+00
-1.8219977091349349e+00
-1.8373882793640850e+00
-1.8490736937892667e+00
-1.8572951007853111e+00
-1.8619143489623362e+00
-1.8629309344139704e+00
-1.8605833449910376e+00
-1.8547743231187057e+00
-1.8456037959148919e+00
-1.8333445317072803e+00
0.0000000000000000e+00
1.3464638167935297e-01
0.0000000000000000e+00
0.0000000000000000e+00
];
