%Vec Object:sol 1 MPI processes
%  type: mpi
sol = [
0.0000000000000000e+00
-6.9377623390489065e+00
-6.5467988683702334e+00
-6.1795998335150619e+00
-5.8401171852608442e+00
-5.5243559773668860e+00
-5.2268928825978271e+00
-4.9448928713865383e+00
-4.6807033356676646e+00
-4.4315780775567006e+00
-4.1923359922496761e+00
-3.9669081343471801e+00
-3.7528246376217984e+00
-3.5471562889869586e+00
-3.3524268741290610e+00
-3.1657179010628265e+00
-2.9876658061810448e+00
-2.8174743281740158e+00
-2.6547478921786420e+00
-2.4993251725371208e+00
-2.3505090210418937e+00
-2.2084910615165834e+00
-2.0729616387474308e+00
-1.9431780197286310e+00
-1.8199150130343391e+00
-1.7019016423952038e+00
-1.5896753680428963e+00
-1.4831751455151863e+00
-1.3815242981481124e+00
-1.2851816412361021e+00
-1.1939738440929148e+00
-1.1075636881627242e+00
-1.0257163132756359e+00
-9.4852694826168393e-01
-8.7584726026215831e-01
-8.0748571254347568e-01
-7.4310662658549931e-01
-6.8273088791253300e-01
-6.2624040162226158e-01
-5.7347422026691464e-01
-5.2426945234916555e-01
-4.7846721185299723e-01
-4.3592028193850180e-01
-3.9643666734478278e-01
-3.5985787671744962e-01
-3.2609466191954467e-01
-2.9499409618693817e-01
-2.6637848306885409e-01
-2.4013305792893497e-01
-2.1611588139071561e-01
-1.9415112629869688e-01
-1.7413685869319742e-01
-1.5594528864206847e-01
-1.3941645703875713e-01
-1.2445271191029635e-01
-1.1094629794934563e-01
-9.8756583455337582e-02
-8.7791605792277433e-02
-7.7964936052100767e-02
-6.9156828796287484e-02
-6.1282635462505494e-02
-5.4276973158346370e-02
-4.8040899143303999e-02
-4.2498222831817152e-02
-3.7603096944216124e-02
-3.3275997609106218e-02
-2.9449698307573772e-02
-2.6095506180544011e-02
-2.3151030676447144e-02
-2.0557970445734486e-02
-1.8301900747394968e-02
-1.6334829715288438e-02
-1.4606873569340786e-02
-1.3114872491287960e-02
-1.1822384452510094e-02
-1.0687185364316005e-02
-9.7145129022425895e-03
-8.8767600462492796e-03
-8.1385423988024185e-03
-7.5109307013436584e-03
-6.9727304757656889e-03
-6.4946489245487748e-03
-6.0914136819231555e-03
-5.7461904394646669e-03
-5.4351767785758443e-03
-5.1749917982268408e-03
-4.9514956636647310e-03
-4.7459493409210103e-03
-4.5754859765746092e-03
-4.4273568919632770e-03
-4.2876272792575360e-03
-4.1729082528533835e-03
-4.0708558383466681e-03
-3.9722241573602107e-03
-3.8923512193731616e-03
-3.8185753290174980e-03
-3.7463380253607696e-03
-3.6891862729446817e-03
-3.6336364062091600e-03
-3.5799019897858526e-03
-3.5394112299133589e-03
-3.4975389635885879e-03
-3.4594183312983131e-03
-3.4341979356924904e-03
-3.4059442551125172e-03
-3.3849404580801306e-03
-3.3780409625443638e-03
-3.3679936290119949e-03
-3.3705473888705627e-03
-3.3904093645333554e-03
-3.4091714084918934e-03
-3.4484822760099511e-03
-3.5087830354161207e-03
-3.5782615731357941e-03
-3.6776882746128474e-03
-3.8057972447406497e-03
-3.9594727395104072e-03
-4.1579883686540357e-03
-4.3997672020792272e-03
-4.6913384804378646e-03
-5.0516714524460743e-03
-5.4801942441976333e-03
-5.9943943968001311e-03
-6.6145763276955457e-03
-7.3429639825022671e-03
-8.2097679034570086e-03
-9.2378374446985545e-03
-1.0437316768488074e-02
-1.1850566470843347e-02
-1.3504154613570813e-02
-1.5426294660931150e-02
-1.7666817342797857e-02
-2.0261739649745647e-02
-2.3260108951988573e-02
-2.6722515583980609e-02
-3.0697843265513888e-02
-3.5257904125425704e-02
-4.0476350740153301e-02
-4.6420040965521818e-02
-5.3185831544024093e-02
-6.0861532152297747e-02
-6.9540919565876894e-02
-7.9337199530073607e-02
-9.0356140539200422e-02
-1.0271796395745622e-01
-1.1655124385752128e-01
-1.3197800699798853e-01
-1.4913972495323721e-01
-1.6817419265854952e-01
-1.8921801963376897e-01
-2.1241895684536144e-01
-2.3791589185853521e-01
-2.6584818679086802e-01
-2.9635286726238946e-01
-3.2955567376853212e-01
-3.6557707453497673e-01
-4.0452377714297721e-01
-4.4648821485364387e-01
-4.9153665547521425e-01
-5.3964537649788136e-01
-5.9090656703847677e-01
-6.4531636701423389e-01
-7.0285101099273806e-01
-7.6344244645062598e-01
-8.2699711069778792e-01
-8.9318270614777961e-01
-9.6197963472632086e-01
-1.0331999729503465e+00
-1.1065972713958270e+00
-1.1815535148186871e+00
-1.2580433835015246e+00
-1.3357249755897442e+00
-1.4138210481184466e+00
-1.4922466063095849e+00
-1.5704596932694286e+00
-1.6477942995666279e+00
-1.7241481183856553e+00
-1.7984830421741844e+00
-1.8709370227144748e+00
-1.9404210200637595e+00
-2.0069952892110114e+00
-2.0699231250256340e+00
-2.1288295887675983e+00
-2.1836128942885744e+00
-2.2334650987098064e+00
-2.2784237714026987e+00
-2.3182982157592109e+00
-2.3527223914887827e+00
-2.3814707118074172e+00
-2.4046307837139125e+00
-2.4221547591137313e+00
-2.4339994680377721e+00
-2.4400653761379352e+00
-2.4404882766369833e+00
-2.4354462302587043e+00
-2.4251106506899061e+00
-2.4096453286181272e+00
-2.3892449246441227e+00
-2.3641781385062535e+00
0.0000000000000000e+00
2.4055929233035767e-01
0.0000000000000000e+00
0.0000000000000000e+00
];
