%Vec Object:sol 1 MPI processes
%  type: mpi
sol = [
0.0000000000000000e+00
-7.1274440044928369e+00
-6.7163346428118391e+00
-6.3300335524477713e+00
-5.9730660279107948e+00
-5.6412554197100180e+00
-5.3310931946954661e+00
-5.0356039264190793e+00
-4.7586962192879154e+00
-4.4979305219220143e+00
-4.2496089849577521e+00
-4.0137277486662111e+00
-3.7905899223005699e+00
-3.5769950151418390e+00
-3.3737139359935351e+00
-3.1806210110865178e+00
-2.9950036452987638e+00
-2.8189949686250277e+00
-2.6499664354115815e+00
-2.4895321934062435e+00
-2.3354388680758285e+00
-2.1894160274994148e+00
-2.0492906045947366e+00
-1.9162075077287501e+00
-1.7893988855204725e+00
-1.6686341111727565e+00
-1.5541358371207279e+00
-1.4451507547859059e+00
-1.3418561555956485e+00
-1.2441928805786413e+00
-1.1518231567639114e+00
-1.0644389709345921e+00
-9.8215274147311304e-01
-9.0477158446526063e-01
-8.3212929340070663e-01
-7.6385168298173634e-01
-6.9992673010829354e-01
-6.4023356852002422e-01
-5.8459081640228494e-01
-5.3282266161245162e-01
-4.8474728224612318e-01
-4.4018812004027325e-01
-3.9893874652456979e-01
-3.6085193922603864e-01
-3.2577522818070376e-01
-2.9356162947376679e-01
-2.6404291339032565e-01
-2.3702469336107485e-01
-2.1238207056746808e-01
-1.8996101375260097e-01
-1.6957239872368909e-01
-1.5110668953004541e-01
-1.3442753147480163e-01
-1.1936584028311245e-01
-1.0581872767949957e-01
-9.3673483974116845e-02
-8.2784193944407045e-02
-7.3056167247811998e-02
-6.4401127991716295e-02
-5.6697249929279360e-02
-4.9859393656286610e-02
-4.3822728064349607e-02
-3.8488634305840222e-02
-3.3782159323299803e-02
-2.9659635841150001e-02
-2.6043454914525449e-02
-2.2868760745933251e-02
-2.0109953233241804e-02
-1.7707426274370591e-02
-1.5605813448061013e-02
-1.3794112480963829e-02
-1.2227412589543452e-02
-1.0858871303325184e-02
-9.6886580722673633e-03
-8.6833061033944232e-03
-7.8034214366516346e-03
-7.0572139132246978e-03
-6.4197037384875590e-03
-5.8579434273207656e-03
-5.3854900827791340e-03
-4.9833171029716435e-03
-4.6241039822824967e-03
-4.3245504972567461e-03
-4.0695131007197124e-03
-3.8367033367917641e-03
-3.6442340156379138e-03
-3.4792186156051208e-03
-3.3240256775964152e-03
-3.1968723675290128e-03
-3.0858930411139895e-03
-2.9779253707634423e-03
-2.8903329154442419e-03
-2.8113572858513023e-03
-2.7322617543132114e-03
-2.6688768635861572e-03
-2.6088932808954910e-03
-2.5480585178841767e-03
-2.5002079436371193e-03
-2.4520243047341582e-03
-2.4038655819645406e-03
-2.3672789799294388e-03
-2.3276455343991284e-03
-2.2901005597625967e-03
-2.2637531932624237e-03
-2.2325175238490252e-03
-2.2065314065328350e-03
-2.1924368148822111e-03
-2.1726462664613090e-03
-2.1625847938921265e-03
-2.1665327679721408e-03
-2.1655119778823499e-03
-2.1806112866006389e-03
-2.2115553467612209e-03
-2.2456682542581702e-03
-2.3028221677944059e-03
-2.3806549533268730e-03
-2.4747983996361790e-03
-2.6031801446182107e-03
-2.7626344632462906e-03
-2.9579397710108590e-03
-3.2061572213637523e-03
-3.5045161909615995e-03
-3.8681546890779886e-03
-4.3148080542523386e-03
-4.8437974910566870e-03
-5.4823321580977098e-03
-6.2499793040666773e-03
-7.1532680305127667e-03
-8.2309355698055413e-03
-9.5055959546286126e-03
-1.1001317556004342e-02
-1.2763826193320041e-02
-1.4824757785617790e-02
-1.7228854831215525e-02
-2.0032535568572832e-02
-2.3280369210365349e-02
-2.7041159024360852e-02
-3.1385578890071097e-02
-3.6376340831789700e-02
-4.2108211112804224e-02
-4.8667277889992977e-02
-5.6144217631409109e-02
-6.4653802313679593e-02
-7.4303595834192770e-02
-8.5216921900995155e-02
-9.7527246248622079e-02
-1.1136258660045410e-01
-1.2687343124384884e-01
-1.4420828520642451e-01
-1.6351641195166697e-01
-1.8496174208317695e-01
-2.0870087203215271e-01
-2.3489391109324637e-01
-2.6370160965253187e-01
-2.9527466736564989e-01
-3.2976228536844432e-01
-3.6730118253983890e-01
-4.0801454258376341e-01
-4.5200959653474432e-01
-4.9937419640618458e-01
-5.5010656533969016e-01
-6.0425540485276152e-01
-6.6185365068697455e-01
-7.2286387205645541e-01
-7.8721874893887500e-01
-8.5481498661620958e-01
-9.2529939858771926e-01
-9.9860616081738374e-01
-1.0745270597356564e+00
-1.1527800725779667e+00
-1.2326882138390376e+00
-1.3141918518478468e+00
-1.3969131303036770e+00
-1.4799082768873422e+00
-1.5631917006160265e+00
-1.6459628858701931e+00
-1.7277397566283459e+00
-1.8080194423400384e+00
-1.8861551720633287e+00
-1.9616635829167091e+00
-2.0340912297486988e+00
-2.1026903567641417e+00
-2.1673733113234390e+00
-2.2272816481943818e+00
-2.2822333141557989e+00
-2.3320252007936446e+00
-2.3761378033948466e+00
-2.4142649909420753e+00
-2.4464718648258148e+00
-2.4725583632601378e+00
-2.4924558620521964e+00
-2.5059763400966584e+00
-2.5132201198331829e+00
-2.5143843730324780e+00
-2.5095356580191099e+00
-2.4988644730617939e+00
-2.4825561730586396e+00
-2.4608319847909343e+00
-2.4339930512867394e+00
0.0000000000000000e+00
2.4055929233035767e-01
0.0000000000000000e+00
0.0000000000000000e+00
];
