%Vec Object:sol 1 MPI processes
%  type: mpi
sol = [
0.0000000000000000e+00
-7.9600365256859398e+00
-7.4506732553423465e+00
-6.9809735193527107e+00
-6.5439105460341622e+00
-6.1389812376206132e+00
-5.7617612058955405e+00
-5.4091986947059940e+00
-5.0790143331783062e+00
-4.7664322093400395e+00
-4.4707683006899854e+00
-4.1923420737129469e+00
-3.9292753481343570e+00
-3.6778644520680031e+00
-3.4403357923649240e+00
-3.2152855830685838e+00
-3.0004060924312177e+00
-2.7973250702170565e+00
-2.6038223382314936e+00
-2.4208554286313086e+00
-2.2467099733947067e+00
-2.0825394350481021e+00
-1.9264438482701516e+00
-1.7793746069600369e+00
-1.6404366752891106e+00
-1.5094596468455865e+00
-1.3864593213013356e+00
-1.2708190379500330e+00
-1.1623852655719296e+00
-1.0610785620469441e+00
-9.6660229776425455e-01
-8.7852978361556455e-01
-7.9664255501522219e-01
-7.2079501629383258e-01
-6.5070390599865169e-01
-5.8608375790230371e-01
-5.2665838500373463e-01
-4.7211043908982764e-01
-4.2215173368921671e-01
-3.7659219363148355e-01
-3.3514638650286166e-01
-2.9754338801161895e-01
-2.6354269388715040e-01
-2.3288071419876330e-01
-2.0528935694795455e-01
-1.8056366165763926e-01
-1.5847195443051890e-01
-1.3875508874880382e-01
-1.2124904367943111e-01
-1.0575691287268893e-01
-9.2045936504141654e-02
-7.9984128665405552e-02
-6.9411996087235597e-02
-6.0138024479961250e-02
-5.2050693973674830e-02
-4.5031120815439918e-02
-3.8927784873345896e-02
-3.3648794892209670e-02
-2.9111977057850427e-02
-2.5201675171922146e-02
-2.1843524205377936e-02
-1.8986347079726330e-02
-1.6544655505911905e-02
-1.4458700151559149e-02
-1.2701940180725221e-02
-1.1212884128486325e-02
-9.9432963139729387e-03
-8.8851165028290859e-03
-7.9949854370181296e-03
-7.2333847011253512e-03
-6.6053062710829261e-03
-6.0804496727163903e-03
-5.6257534675330963e-03
-5.2548261604238528e-03
-4.9463222096386168e-03
-4.6720162027506021e-03
-4.4507071993797782e-03
-4.2668545943369248e-03
-4.0960528002126507e-03
-3.9597646689278725e-03
-3.8459340779056963e-03
-3.7334551651823072e-03
-3.6446572375420294e-03
-3.5693102105941589e-03
-3.4894496267033740e-03
-3.4270279145698517e-03
-3.3724786144954870e-03
-3.3110565790306569e-03
-3.2634922981193359e-03
-3.2200744695021354e-03
-3.1694893161264628e-03
-3.1306760371038801e-03
-3.0932142819175682e-03
-3.0494944437318488e-03
-3.0162803228199358e-03
-2.9820428849372613e-03
-2.9431617439042296e-03
-2.9139659559315216e-03
-2.8815314263422299e-03
-2.8464948738082642e-03
-2.8205760409349655e-03
-2.7892521594421143e-03
-2.7576479592431786e-03
-2.7347651228996433e-03
-2.7043316730519643e-03
-2.6761748219233127e-03
-2.6565141521214535e-03
-2.6272308814126303e-03
-2.6030495845049450e-03
-2.5873948648770496e-03
-2.5602605798862752e-03
-2.5414641043554351e-03
-2.5292245533401632e-03
-2.5090796316769091e-03
-2.4987717370295788e-03
-2.4934427712982269e-03
-2.4857989953078700e-03
-2.4903560713308158e-03
-2.4999828565453338e-03
-2.5148784945760345e-03
-2.5468442131983300e-03
-2.5870542261232409e-03
-2.6437747459822796e-03
-2.7269484860864474e-03
-2.8270219509599773e-03
-2.9613420145297334e-03
-3.1384142242065370e-03
-3.3523521636688570e-03
-3.6284073708420976e-03
-3.9742130262229326e-03
-4.3974514589292411e-03
-4.9263411553114823e-03
-5.5733806858864971e-03
-6.3630772257876021e-03
-7.3306111928021301e-03
-8.4978138569664317e-03
-9.9105665573934552e-03
-1.1616013089278683e-02
-1.3652446181837488e-02
-1.6091815033867380e-02
-1.8997316287916566e-02
-2.2440301895465593e-02
-2.6515723275561696e-02
-3.1313729088345690e-02
-3.6946247313268531e-02
-4.3540081048551497e-02
-5.1220410416986127e-02
-6.0144781255169422e-02
-7.0475551874447692e-02
-8.2384040339879214e-02
-9.6070144510661995e-02
-1.1173502142312586e-01
-1.2959768548523853e-01
-1.4989295282433185e-01
-1.7285584628673506e-01
-1.9874000737500935e-01
-2.2779926815693546e-01
-2.6028629467069009e-01
-2.9645768357497798e-01
-3.3655775765707879e-01
-3.8081933416944469e-01
-4.2945666174136438e-01
-4.8265926864360298e-01
-5.4058164836672706e-01
-6.0326054790520833e-01
-6.7079051144619140e-01
-7.4320226627836750e-01
-8.2045247950965783e-01
-9.0242146341053642e-01
-9.8881034730417494e-01
-1.0792641092849495e+00
-1.1735758742893674e+00
-1.2713389021475998e+00
-1.3716382275110119e+00
-1.4742049668565924e+00
-1.5783329887240689e+00
-1.6829213661611639e+00
-1.7877174799392801e+00
-1.8911794098663994e+00
-1.9931636807429607e+00
-2.0921128875763308e+00
-2.1876606884591312e+00
-2.2787958396840686e+00
-2.3645088720152923e+00
-2.4443771684521129e+00
-2.5176944687507938e+00
-2.5834699805561687e+00
-2.6414808650091763e+00
-2.6913731842362569e+00
-2.7327478290455658e+00
-2.7653970941253267e+00
-2.7891699089843565e+00
-2.8040214498263376e+00
-2.8100626544779228e+00
-2.8073980952168811e+00
-2.7963000781157730e+00
-2.7770599992194005e+00
-2.7500311820087080e+00
-2.7156752545107370e+00
0.0000000000000000e+00
2.4055929233035767e-01
0.0000000000000000e+00
0.0000000000000000e+00
];
