%Vec Object:sol 1 MPI processes
%  type: mpi
sol = [
0.0000000000000000e+00
-6.7161262758087803e+00
-6.3480728937056918e+00
-6.0026184581479152e+00
-5.6830596990651268e+00
-5.3855999684313396e+00
-5.1024007053300133e+00
-4.8361649363029438e+00
-4.5865606295275470e+00
-4.3483784191557824e+00
-4.1219597382262902e+00
-3.9084261157013542e+00
-3.7031466590436253e+00
-3.5080540928224644e+00
-3.3221108734597502e+00
-3.1436410642960668e+00
-2.9740152155806960e+00
-2.8102752175420274e+00
-2.6550526102189780e+00
-2.5051404284849821e+00
-2.3626523311710010e+00
-2.2255108026906085e+00
-2.0948489501128602e+00
-1.9695485323462230e+00
-1.8498175047488790e+00
-1.7358595261953911e+00
-1.6264075031623799e+00
-1.5223408561465417e+00
-1.4234378817907964e+00
-1.3288055968624746e+00
-1.2389949047740929e+00
-1.1538700635681791e+00
-1.0730522556693194e+00
-9.9632276623050564e-01
-9.2384411344408690e-01
-8.5543380586289053e-01
-7.9094266225551979e-01
-7.3012786572237842e-01
-6.7289414510690726e-01
-6.1920349248638329e-01
-5.6891306386820606e-01
-5.2188240966485833e-01
-4.7797954742211995e-01
-4.3706511288344502e-01
-3.9899340612275624e-01
-3.6359141951658447e-01
-3.3078548925896062e-01
-3.0042800631417821e-01
-2.7241537213102546e-01
-2.4661957257000897e-01
-2.2288049466688795e-01
-2.0110553202977502e-01
-1.8117755573837793e-01
-1.6294812163504205e-01
-1.4632668956241573e-01
-1.3121243100596544e-01
-1.1747215176924264e-01
-1.0501840713131690e-01
-9.3768313843119164e-02
-8.3605980569722391e-02
-7.4448753671477852e-02
-6.6232007216161570e-02
-5.8857775847702500e-02
-5.2249724465249038e-02
-4.6360696971613650e-02
-4.1110064605125965e-02
-3.6428872593843156e-02
-3.2285786261265395e-02
-2.8615990811891694e-02
-2.5358475472787339e-02
-2.2495488075142855e-02
-1.9975949785253452e-02
-1.7746824214171744e-02
-1.5801452855387092e-02
-1.4100150191207354e-02
-1.2597515309957369e-02
-1.1295477808675881e-02
-1.0163376560245300e-02
-9.1629094630966846e-03
-8.3022470957836384e-03
-7.5575311474327077e-03
-6.8969684374111740e-03
-6.3328925786840205e-03
-5.8462814246152623e-03
-5.4113085231834107e-03
-5.0427171983517729e-03
-4.7246611094823466e-03
-4.4368446782315687e-03
-4.1950024084922554e-03
-3.9851182713100501e-03
-3.7921213153715248e-03
-3.6316349625925217e-03
-3.4904244901616767e-03
-3.3584672954695980e-03
-3.2504548983000943e-03
-3.1531487114680053e-03
-3.0615160009986844e-03
-2.9887401247204416e-03
-2.9210252778268660e-03
-2.8583723243873031e-03
-2.8120915176050652e-03
-2.7674836712340161e-03
-2.7297136259756215e-03
-2.7080473910867315e-03
-2.6867166931226452e-03
-2.6762917721591412e-03
-2.6839996417654657e-03
-2.6930246590431113e-03
-2.7196988550626687e-03
-2.7694081799125355e-03
-2.8245156553511979e-03
-2.9076182379366229e-03
-3.0202203117396069e-03
-3.1517146316143519e-03
-3.3242698880699187e-03
-3.5381760140779416e-03
-3.7920627916182711e-03
-4.1071601610278416e-03
-4.4840561144320942e-03
-4.9316686217620778e-03
-5.4715851887768702e-03
-6.1061102125907858e-03
-6.8558336070832331e-03
-7.7444041448675545e-03
-8.7776862713107619e-03
-9.9896952231254971e-03
-1.1407333844666676e-02
-1.3045088277184634e-02
-1.4949683195892299e-02
-1.7152303572260337e-02
-1.9685906056537295e-02
-2.2604948512376443e-02
-2.5950244029903653e-02
-2.9775429327795155e-02
-3.4145397705606949e-02
-3.9113339201314275e-02
-4.4755386151672079e-02
-5.1148798289583020e-02
-5.8359894746811213e-02
-6.6488195856866009e-02
-7.5622583041897978e-02
-8.5856366501871062e-02
-9.7300354476795914e-02
-1.1005702433954853e-01
-1.2424108322050210e-01
-1.3997346712900099e-01
-1.5736735547919961e-01
-1.7655184639337204e-01
-1.9765055760921707e-01
-2.2078388208888855e-01
-2.4607944186994060e-01
-2.7365462750358066e-01
-3.0362416188547064e-01
-3.3609745695009507e-01
-3.7117189792664484e-01
-4.0893585494858176e-01
-4.4946317444120959e-01
-4.9279986237029516e-01
-5.3891437527629260e-01
-5.8788591539527157e-01
-6.3970518607289029e-01
-6.9433496812809470e-01
-7.5172172319865016e-01
-8.1176809902482894e-01
-8.7415903702088527e-01
-9.3889788436459298e-01
-1.0058003623373908e+00
-1.0746646534116016e+00
-1.1449534684462768e+00
-1.2165825105506092e+00
-1.2893221125976999e+00
-1.3625115873949682e+00
-1.4359583315972275e+00
-1.5094124277582348e+00
-1.5819594592421293e+00
-1.6537814931520309e+00
-1.7239378840745774e+00
-1.7924232018097779e+00
-1.8584440126932840e+00
-1.9219980617963772e+00
-1.9821998733924475e+00
-2.0392102791554274e+00
-2.0922459498928943e+00
-2.1412455808937221e+00
-2.1860423089267655e+00
-2.2260053441454697e+00
-2.2612451094197010e+00
-2.2916421009536587e+00
-2.3169835067535609e+00
-2.3370189496465237e+00
-2.3519793577618588e+00
-2.3618345949396899e+00
-2.3665952645328634e+00
-2.3662381317355372e+00
-2.3608710423466759e+00
-2.3507548604499626e+00
-2.3360316335067441e+00
-2.3168711085467399e+00
-2.2935105591578502e+00
0.0000000000000000e+00
2.4055929233035767e-01
0.0000000000000000e+00
0.0000000000000000e+00
];
