%Vec Object:sol 1 MPI processes
%  type: mpi
sol = [
0.0000000000000000e+00
-1.6515803197675865e+01
-1.4404781403022739e+01
-1.2590259828963067e+01
-1.1006661828506255e+01
-9.6029382844242903e+00
-8.3505850057064439e+00
-7.2288974179156984e+00
-6.2238845936859315e+00
-5.3218700438357232e+00
-4.5169120922474768e+00
-3.8029142233228175e+00
-3.1727068261235787e+00
-2.6218084889763338e+00
-2.1450385920780111e+00
-1.7360592792250438e+00
-1.3897168019309190e+00
-1.0998907751295817e+00
-8.6013274705619103e-01
-6.6462095592521897e-01
-5.0732617131750657e-01
-3.8247989104579938e-01
-2.8479837347948955e-01
-2.0947111553275935e-01
-1.5217482775504429e-01
-1.0922768848840345e-01
-7.7529236559280901e-02
-5.4450935891783209e-02
-3.7858528308406740e-02
-2.6140802408272074e-02
-1.7986980706379590e-02
-1.2328879514550074e-02
-8.5053147940690934e-03
-5.9687411955810796e-03
-4.2493866804005770e-03
-3.1294143463300454e-03
-2.4248683818138429e-03
-1.9496906362376442e-03
-1.6362931348247495e-03
-1.4528842826595626e-03
-1.3268917393744260e-03
-1.2239564002488588e-03
-1.1694073522989042e-03
-1.1350858711083329e-03
-1.0803710094237425e-03
-1.0529376107128599e-03
-1.0445763982293757e-03
-9.9975161460819214e-04
-9.7664969091277296e-04
-9.7421618034010545e-04
-9.3586113304777708e-04
-9.1288071051224499e-04
-9.0895104676430225e-04
-8.7907546618192737e-04
-8.5577785629279400e-04
-8.5037821248268135e-04
-8.2718640354283743e-04
-8.0376484546146288e-04
-7.9723196677621391e-04
-7.7937585056161432e-04
-7.5608146387051332e-04
-7.4875117756136999e-04
-7.3512428814409764e-04
-7.1218436345407102e-04
-7.0435469736720286e-04
-6.9403117060589346e-04
-6.7164172477665032e-04
-6.6357198797293258e-04
-6.5576420092857801e-04
-6.3409356504173710e-04
-6.2600886549470114e-04
-6.2005331991783904e-04
-5.9924292749025869e-04
-5.9133570617006309e-04
-5.8667148876739449e-04
-5.6683853361184325e-04
-5.5927203503455109e-04
-5.5542398252125423e-04
-5.3666288322604474e-04
-5.2957344395682885e-04
-5.2613813458977487e-04
-5.0852376242905585e-04
-5.0202464332524247e-04
-4.9865978776284512e-04
-4.8224973952110323e-04
-4.7643389013902804e-04
-4.7284923263436605e-04
-4.5768682023357958e-04
-4.5263024205779946e-04
-4.4858055301146476e-04
-4.3469725011967091e-04
-4.3046179716196663e-04
-4.2574123853945624e-04
-4.1315989739133509e-04
-4.0979678285850071e-04
-4.0423426524328654e-04
-3.9297027313655496e-04
-3.9052149012511856e-04
-3.8397774991636758e-04
-3.7404229409036767e-04
-3.7254386453264900e-04
-3.6491201251878533e-04
-3.5631309723710848e-04
-3.5579589833498616e-04
-3.4698643336343046e-04
-3.3972828062742437e-04
-3.4021720762617545e-04
-3.3015929832408425e-04
-3.2424192899247828e-04
-3.2575545176759306e-04
-3.1439187710990431e-04
-3.0980902507180886e-04
-3.0988147734677395e-04
-2.9964460249391571e-04
-2.9638421317094483e-04
-2.9452696031090044e-04
-2.8587220896593695e-04
-2.8391815411375493e-04
-2.8013526862950589e-04
-2.7302934472111699e-04
-2.7236348389012553e-04
-2.6667389040601496e-04
-2.6108439371288014e-04
-2.6168873330296890e-04
-2.5411215277376171e-04
-2.5000766251915830e-04
-2.5091327782054057e-04
-2.4242418254454297e-04
-2.3977376469810330e-04
-2.3844040531953889e-04
-2.3158917001389135e-04
-2.3036175436029678e-04
-2.2684096826669893e-04
-2.2158512629352701e-04
-2.2174901526424373e-04
-2.1610175642997688e-04
-2.1239960772508941e-04
-2.1351294141925945e-04
-2.0620099428859839e-04
-2.0401170737925379e-04
-2.0278038944964534e-04
-1.9712048327481132e-04
-1.9640383311273510e-04
-1.9289855126353566e-04
-1.8884364832289920e-04
-1.8956257302338777e-04
-1.8386171718465653e-04
-1.8137608013971487e-04
-1.8118041983625338e-04
-1.7572746281150031e-04
-1.7485246221808504e-04
-1.7251529591157089e-04
-1.6905380365253255e-04
-1.7035567722836452e-04
-1.6709937387131681e-04
-1.6767594227831378e-04
-1.7287680230941338e-04
-1.7762637209306817e-04
-1.9421762972645983e-04
-2.2252016964185157e-04
-2.7289943304650350e-04
-3.6607293220906092e-04
-5.1845065146585972e-04
-7.7977765731137433e-04
-1.2135711190390257e-03
-1.9168840919257413e-03
-3.0518428107104614e-03
-4.8444259171479473e-03
-7.6404457731553488e-03
-1.1938238843252593e-02
-1.8433731332536195e-02
-2.8115454481420873e-02
-4.2315828734467251e-02
-6.2815663450468462e-02
-9.1942808971680362e-02
-1.3264557709282127e-01
-1.8858131891688806e-01
-2.6412621764802441e-01
-3.6433884922292764e-01
-4.9482091608726703e-01
-6.6144382043053085e-01
-8.6991669204490196e-01
-1.1252066195056893e+00
-1.4304749825265377e+00
-1.7868090960121319e+00
-2.1921746338362982e+00
-2.6398949200567299e+00
-3.1198278324972000e+00
-3.6175217625413287e+00
-4.1148026136437270e+00
-4.5918320581471201e+00
-5.0286581478317212e+00
-5.4052651746014710e+00
-5.7070987361169738e+00
-5.9220982418915513e+00
-6.0436422947194330e+00
-6.0702835975509917e+00
-6.0052544662048080e+00
-5.8557538260384687e+00
0.0000000000000000e+00
2.4055929233035767e-01
0.0000000000000000e+00
0.0000000000000000e+00
];
