%Vec Object:sol 1 MPI processes
%  type: mpi
sol = [
0.0000000000000000e+00
-1.4997256393539736e+01
-1.3414182352140307e+01
-1.2071573905764716e+01
-1.0931520798855122e+01
-9.9517419341823690e+00
-9.0991081712404664e+00
-8.3456613007008684e+00
-7.6797902159076612e+00
-7.0846020618717098e+00
-6.5481450666541736e+00
-6.0619630869625727e+00
-5.6180424316804984e+00
-5.2105722991496526e+00
-4.8353468146891672e+00
-4.4876933271810806e+00
-4.1645942594013752e+00
-3.8641443444276535e+00
-3.5845435555514733e+00
-3.3233857087055494e+00
-3.0782039835331534e+00
-2.8494252472057249e+00
-2.6350813271102527e+00
-2.4338434689960429e+00
-2.2458296704435963e+00
-2.0691746711429504e+00
-1.9041638642613092e+00
-1.7494310696780184e+00
-1.6049982800784852e+00
-1.4701425542597559e+00
-1.3441242962222564e+00
-1.2269632017152612e+00
-1.1180103689409673e+00
-1.0166369087221825e+00
-9.2278083048190296e-01
-8.3599526887749442e-01
-7.5588858143339199e-01
-6.8194030053602528e-01
-6.1396722508077606e-01
-5.5162968729359330e-01
-4.9458008745550064e-01
-4.4248569802133353e-01
-3.9503733545027614e-01
-3.5192080292284117e-01
-3.1280551214723257e-01
-2.7742577491260195e-01
-2.4553411954739521e-01
-2.1682997907321200e-01
-1.9109512951041452e-01
-1.6808774568376691e-01
-1.4753561173627777e-01
-1.2925935575322087e-01
-1.1305761346233617e-01
-9.8700558347897580e-02
-8.6035562342247351e-02
-7.4905306195738097e-02
-6.5122640587952751e-02
-5.6560051426485174e-02
-4.9101498117523512e-02
-4.2599755826571023e-02
-3.6950247071186472e-02
-3.2073275895413332e-02
-2.7856717491138577e-02
-2.4216000043329140e-02
-2.1101665349181533e-02
-1.8430783036946820e-02
-1.6135449244060133e-02
-1.4190032467247577e-02
-1.2534669390783369e-02
-1.1114835085355096e-02
-9.9226654057128216e-03
-8.9156775135006971e-03
-8.0497691811796147e-03
-7.3295835525942054e-03
-6.7251283602006015e-03
-6.2003246750365762e-03
-5.7680312424314853e-03
-5.4067859744899565e-03
-5.0867639184412703e-03
-4.8257135430488981e-03
-4.6076473244323563e-03
-4.4078174149726384e-03
-4.2463930368831478e-03
-4.1105943057388322e-03
-3.9800649940731590e-03
-3.8756269130890164e-03
-3.7860767456862096e-03
-3.6951327629725387e-03
-3.6230392746928897e-03
-3.5590215289690043e-03
-3.4908062438493864e-03
-3.4372230883077826e-03
-3.3871283784945670e-03
-3.3323450021313277e-03
-3.2897273428717940e-03
-3.2472108114196870e-03
-3.2008835370505150e-03
-3.1652546915577786e-03
-3.1269583154790960e-03
-3.0865479488076039e-03
-3.0559482749474339e-03
-3.0202344315802656e-03
-2.9846210902416347e-03
-2.9583070221966897e-03
-2.9246319785920351e-03
-2.8936741869578730e-03
-2.8718317919250807e-03
-2.8406059075390864e-03
-2.8151382366061006e-03
-2.7990205331744570e-03
-2.7718858844473612e-03
-2.7541542864289105e-03
-2.7441654174146747e-03
-2.7273148720067517e-03
-2.7219916397920813e-03
-2.7234944031854559e-03
-2.7246757203933532e-03
-2.7407503693549023e-03
-2.7648350497661680e-03
-2.7976013321704936e-03
-2.8516425483768098e-03
-2.9185071183682699e-03
-3.0072777319513568e-03
-3.1287939639719378e-03
-3.2739957273706481e-03
-3.4613458382048512e-03
-3.7002608338151692e-03
-3.9854165453277572e-03
-4.3432325527086894e-03
-4.7819957378864323e-03
-5.3098519709823457e-03
-5.9556384794867906e-03
-6.7317647150133518e-03
-7.6623938786779732e-03
-8.7819267071391916e-03
-1.0110334568316830e-02
-1.1691080725672832e-02
-1.3567656249032136e-02
-1.5773033210383730e-02
-1.8372624852732177e-02
-2.1420795491950709e-02
-2.4977706501243448e-02
-2.9125234565069422e-02
-3.3936701996709555e-02
-3.9503135165962190e-02
-4.5926979787965172e-02
-5.3304398191040499e-02
-6.1759325540523886e-02
-7.1415074995890726e-02
-8.2398162301882169e-02
-9.4857985522720692e-02
-1.0893875922390180e-01
-1.2479644007333862e-01
-1.4259675997914750e-01
-1.6249807095709254e-01
-1.8466178635125050e-01
-2.0926470159193453e-01
-2.3646862870344834e-01
-2.6643764613853549e-01
-2.9932155374618941e-01
-3.3526013402100557e-01
-3.7437817564598891e-01
-4.1677963729074302e-01
-4.6254455713975412e-01
-5.1172531206472116e-01
-5.6434324707087824e-01
-6.2028278129061676e-01
-6.7955965138321495e-01
-7.4207264198075196e-01
-8.0767249359053417e-01
-8.7617578060607892e-01
-9.4713110903662467e-01
-1.0203991272861546e+00
-1.0956583408039431e+00
-1.1723801059734527e+00
-1.2500750864839447e+00
-1.3284498280847290e+00
-1.4067372126381597e+00
-1.4845309322955724e+00
-1.5612726583564085e+00
-1.6362148763433026e+00
-1.7090215109800133e+00
-1.7788335899264485e+00
-1.8453571030019047e+00
-1.9079274002502626e+00
-1.9660222879543121e+00
-2.0194281616488174e+00
-2.0673524150085694e+00
-2.1097531966652601e+00
-2.1463643675723945e+00
-2.1767658406669033e+00
-2.2008523920220249e+00
-2.2186410284182232e+00
-2.2301127872594022e+00
-2.2351285339851823e+00
-2.2337932067638162e+00
-2.2263593270512159e+00
-2.2129934027958558e+00
-2.1939522952287942e+00
0.0000000000000000e+00
1.3464638167935297e-01
0.0000000000000000e+00
0.0000000000000000e+00
];
