%Vec Object:sol 1 MPI processes
%  type: mpi
sol = [
0.0000000000000000e+00
-1.9100965601068221e+01
-1.6295921491099453e+01
-1.3925066136930655e+01
-1.1888404231737374e+01
-1.0112374140509191e+01
-8.5483461566428804e+00
-7.1726370407056192e+00
-5.9622496223010675e+00
-4.9043259050545789e+00
-3.9866635459948712e+00
-3.1998549480135789e+00
-2.5334683302053032e+00
-1.9765818564111317e+00
-1.5191854373713867e+00
-1.1493819014866933e+00
-8.5555015648817545e-01
-6.2646218154182998e-01
-4.5113434206681907e-01
-3.1950571650714671e-01
-2.2259998676691156e-01
-1.5257439989066973e-01
-1.0299809988076013e-01
-6.8600083630496786e-02
-4.5148408508363394e-02
-2.9470153881353031e-02
-1.9218470926794937e-02
-1.2623133681072294e-02
-8.4244539427182231e-03
-5.8376062974724039e-03
-4.2790174735079988e-03
-3.2941806401336070e-03
-2.7235396965082370e-03
-2.4122519793450849e-03
-2.1898729354111277e-03
-2.0614006701560788e-03
-2.0039971057635680e-03
-1.9455748467783864e-03
-1.8975027752116493e-03
-1.8815361851315261e-03
-1.8607386892323669e-03
-1.8240162122948433e-03
-1.8115865384165017e-03
-1.8047104072640887e-03
-1.7686314214663261e-03
-1.7545364387406615e-03
-1.7563613262271004e-03
-1.7198933468947411e-03
-1.7040000833237489e-03
-1.7080549477911002e-03
-1.6757726035010363e-03
-1.6585324541899054e-03
-1.6600842071644042e-03
-1.6355256364840717e-03
-1.6173695774395597e-03
-1.6169380768988352e-03
-1.5985921538015438e-03
-1.5798805138046738e-03
-1.5779065508864866e-03
-1.5644969653887113e-03
-1.5455339024644116e-03
-1.5423976153018377e-03
-1.5328592255965353e-03
-1.5139101662545191e-03
-1.5099467351827971e-03
-1.5033912942445219e-03
-1.4846880161584995e-03
-1.4801916033174620e-03
-1.4758662952971155e-03
-1.4576095274664012e-03
-1.4528361598171113e-03
-1.4501078507960763e-03
-1.4324668191225849e-03
-1.4276351576618239e-03
-1.4259685680413365e-03
-1.4090837685763252e-03
-1.4043790298411039e-03
-1.4033205983345347e-03
-1.3873061218955512e-03
-1.3828833000166961e-03
-1.3820481235570900e-03
-1.3669957877446876e-03
-1.3629843412609431e-03
-1.3620463611946710e-03
-1.3480287064249561e-03
-1.3445359532186538e-03
-1.3432193865994544e-03
-1.3302930718015517e-03
-1.3274078499935836e-03
-1.3254803828190408e-03
-1.3136887443849640e-03
-1.3114842544404680e-03
-1.3087514069362570e-03
-1.2981276570615537e-03
-1.2966649956870201e-03
-1.2929656178353869e-03
-1.2835343012449186e-03
-1.2828643633979436e-03
-1.2780683882944017e-03
-1.2698494972925209e-03
-1.2700172460223453e-03
-1.2640273707141252e-03
-1.2570385010644103e-03
-1.2580848006023214e-03
-1.2508222404463785e-03
-1.2450783034068142e-03
-1.2470388468903517e-03
-1.2384437760424572e-03
-1.2339551250060204e-03
-1.2368573744963895e-03
-1.2268814425185977e-03
-1.2236204388356611e-03
-1.2249950753485193e-03
-1.2160656199212310e-03
-1.2140796170569035e-03
-1.2134716904619533e-03
-1.2060561134442313e-03
-1.2053055789353600e-03
-1.2027068109069334e-03
-1.1967690372014159e-03
-1.1972370877630979e-03
-1.1926698620244067e-03
-1.1881821324777448e-03
-1.1898563029383740e-03
-1.1833465388864171e-03
-1.1802837646119270e-03
-1.1822032777060033e-03
-1.1747295279615588e-03
-1.1730660755594827e-03
-1.1727004952394034e-03
-1.1668120711550479e-03
-1.1665202474113712e-03
-1.1639241080273540e-03
-1.1595812761777712e-03
-1.1606320478385428e-03
-1.1558690687404889e-03
-1.1530330100232012e-03
-1.1549884134348836e-03
-1.1485226632072583e-03
-1.1471557010998648e-03
-1.1467317138114288e-03
-1.1418759130322272e-03
-1.1419403603846511e-03
-1.1392096611478151e-03
-1.1359179510426573e-03
-1.1373764096935144e-03
-1.1324141493032739e-03
-1.1306419384200970e-03
-1.1311294213332177e-03
-1.1263320928608484e-03
-1.1260365227538261e-03
-1.1241639406845902e-03
-1.1209536413583536e-03
-1.1220980780069223e-03
-1.1179632109077095e-03
-1.1163198710888748e-03
-1.1168884488769707e-03
-1.1127334447641102e-03
-1.1128956706283660e-03
-1.1117765519151274e-03
-1.1105984765440394e-03
-1.1150791376582656e-03
-1.1174953521561381e-03
-1.1293749527667598e-03
-1.1549444053824760e-03
-1.2010512355595626e-03
-1.2954444281380968e-03
-1.4682832472515948e-03
-1.7868579463405129e-03
-2.3633180453133409e-03
-3.3727118091861873e-03
-5.1235559933164136e-03
-8.0905094633005777e-03
-1.3020287798108817e-02
-2.1054503332271636e-02
-3.3870958622685410e-02
-5.3906685702074124e-02
-8.4563874070532091e-02
-1.3045803574553749e-01
-1.9764344493880487e-01
-2.9373570239590457e-01
-4.2789670304016991e-01
-6.1053516213358006e-01
-8.5264211837608550e-01
-1.1646528753711436e+00
-1.5545834964184975e+00
-2.0261066972826325e+00
-2.5767762045695686e+00
-3.1951824099009407e+00
-3.8607175443400630e+00
-4.5447178693021772e+00
-5.2105823271665246e+00
-5.8209185061107647e+00
-6.3385691769659029e+00
-6.7341924606083339e+00
-6.9874381752599852e+00
-7.0881467557804232e+00
-7.0387219715869049e+00
-6.8498192590900207e+00
0.0000000000000000e+00
2.4055929233035767e-01
0.0000000000000000e+00
0.0000000000000000e+00
];
