%Vec Object:sol 1 MPI processes
%  type: mpi
sol = [
0.0000000000000000e+00
-1.2857837728652072e+01
-1.1697450677267497e+01
-1.0673183240046415e+01
-9.7795491698184254e+00
-8.9991400244517301e+00
-8.3117489453977313e+00
-7.7017118619549318e+00
-7.1560254717301257e+00
-6.6628915412783973e+00
-6.2154146978922240e+00
-5.8077881601630610e+00
-5.4339656326094534e+00
-5.0895088658753664e+00
-4.7711822418127801e+00
-4.4757278239295086e+00
-4.1986364811989230e+00
-3.9401843156893213e+00
-3.6987995300482850e+00
-3.4717198573013999e+00
-3.2574575315206773e+00
-3.0564739615700769e+00
-2.8663732756339293e+00
-2.6868110042981037e+00
-2.5174969329237928e+00
-2.3569320763648625e+00
-2.2054718592350384e+00
-2.0616976432513789e+00
-1.9260851399314327e+00
-1.7975467718090412e+00
-1.6759865065489719e+00
-1.5613585808561878e+00
-1.4526595624504226e+00
-1.3502138791720235e+00
-1.2536776447669342e+00
-1.1624124253088075e+00
-1.0765615465155667e+00
-9.9588643091115503e-01
-9.2000351929556590e-01
-8.4868410291284702e-01
-7.8187815542098160e-01
-7.1937208190434754e-01
-6.6095259885902813e-01
-6.0638114152544509e-01
-5.5544875086189383e-01
-5.0806513583813140e-01
-4.6405052880327136e-01
-4.2321555570205704e-01
-3.8540584823748247e-01
-3.5045818312168908e-01
-3.1818780020122228e-01
-2.8846181796145087e-01
-2.6112494045075368e-01
-2.3599278525072698e-01
-2.1297073770887440e-01
-1.9192916890800388e-01
-1.7271136800496886e-01
-1.5520271892786006e-01
-1.3929440614915567e-01
-1.2484846916130947e-01
-1.1175899115772946e-01
-9.9938174357508791e-02
-8.9267694099996353e-02
-7.9650900977016506e-02
-7.1020238311951020e-02
-6.3276710895497870e-02
-5.6333572421569979e-02
-5.0141891401392878e-02
-4.4620699195347953e-02
-3.9693582243040801e-02
-3.5327966427116830e-02
-3.1458949034920178e-02
-2.8020413208136592e-02
-2.4993542511380647e-02
-2.2327147650882347e-02
-1.9964976994383973e-02
-1.7899266699590410e-02
-1.6090043644682955e-02
-1.4490232042205647e-02
-1.3100501084268775e-02
-1.1889653018105765e-02
-1.0818986681398888e-02
-9.8952095412636106e-03
-9.0936581045919819e-03
-8.3832141015190865e-03
-7.7745386645128658e-03
-7.2475470601102310e-03
-6.7780054536955283e-03
-6.3787912799171103e-03
-6.0327658835040788e-03
-5.7220211210823168e-03
-5.4602607242869713e-03
-5.2319834371982463e-03
-5.0252041374824405e-03
-4.8533868826205811e-03
-4.7016615136169235e-03
-4.5637161419622881e-03
-4.4519992843545736e-03
-4.3515391292150429e-03
-4.2615859708184543e-03
-4.1930509736563008e-03
-4.1303733325948567e-03
-4.0783731419461950e-03
-4.0461315853237484e-03
-4.0172218103963183e-03
-4.0021762374047361e-03
-4.0081520434814806e-03
-4.0177836414182939e-03
-4.0475826523829949e-03
-4.1028877511015199e-03
-4.1655261964570608e-03
-4.2583931189257313e-03
-4.3828102236493126e-03
-4.5276863719838868e-03
-4.7153200628999477e-03
-4.9455791733194832e-03
-5.2165197512517927e-03
-5.5491120173143142e-03
-5.9430740926320440e-03
-6.4064017682562459e-03
-6.9597460393362029e-03
-7.6037653336416431e-03
-8.3573960778330209e-03
-9.2422518406746600e-03
-1.0261297960931297e-02
-1.1445622236156836e-02
-1.2818382921234705e-02
-1.4389309831949630e-02
-1.6200143470398738e-02
-1.8275799317754599e-02
-2.0641910884146398e-02
-2.3344837313984377e-02
-2.6415673566292232e-02
-2.9897146519826560e-02
-3.3841884005172226e-02
-3.8288812399697725e-02
-4.3298486114141901e-02
-4.8930645723117144e-02
-5.5234336688993579e-02
-6.2286568692592505e-02
-7.0152239547540365e-02
-7.8898927183966641e-02
-8.8610069225836849e-02
-9.9358100246856304e-02
-1.1122607966372157e-01
-1.2430156032871735e-01
-1.3866180511185164e-01
-1.5439417101556643e-01
-1.7158220555777159e-01
-1.9031133778007578e-01
-2.1067044697670581e-01
-2.3273698880767654e-01
-2.5658721274897961e-01
-2.8229415580592959e-01
-3.0991903376862340e-01
-3.3951952670740804e-01
-3.7114137929840912e-01
-4.0481879006127602e-01
-4.4057356163413430e-01
-4.7841392159320728e-01
-5.1827127512684268e-01
-5.6014940952100556e-01
-6.0402111178959106e-01
-6.4981766277897668e-01
-6.9745619408262871e-01
-7.4683605436946554e-01
-7.9768132242632217e-01
-8.4995930644278550e-01
-9.0351204521538020e-01
-9.5815066297870610e-01
-1.0134916286441009e+00
-1.0694157947801113e+00
-1.1257446543876759e+00
-1.1820582808302829e+00
-1.2380875670671028e+00
-1.2937344578342032e+00
-1.3484026756996310e+00
-1.4020257264177896e+00
-1.4542669582955390e+00
-1.5046965331258746e+00
-1.5532859155887504e+00
-1.5994245701657863e+00
-1.6432141116316554e+00
-1.6840716735843400e+00
-1.7220702662572884e+00
-1.7568014092480819e+00
-1.7881949864654527e+00
-1.8161436145943819e+00
-1.8403237763990454e+00
-1.8609143195912199e+00
-1.8776115197095216e+00
-1.8904618823378807e+00
-1.8995663114191041e+00
-1.9046997151059659e+00
-1.9060410450474148e+00
-1.9037405175749145e+00
-1.8976685425885611e+00
-1.8880196803647620e+00
-1.8750316877191591e+00
0.0000000000000000e+00
1.3464638167935297e-01
0.0000000000000000e+00
0.0000000000000000e+00
];
