%Vec Object:sol 1 MPI processes
%  type: mpi
sol = [
0.0000000000000000e+00
-7.6303649153866875e+00
-7.1616519944630284e+00
-6.7251369595325494e+00
-6.3205094690826069e+00
-5.9451238997008478e+00
-5.5949474124130161e+00
-5.2672207490204039e+00
-4.9574275335117051e+00
-4.6647722010306456e+00
-4.3889214297490842e+00
-4.1287461502405911e+00
-3.8797277914854229e+00
-3.6442119846947900e+00
-3.4209306944268842e+00
-3.2073391150826613e+00
-3.0050549742139845e+00
-2.8117792473909597e+00
-2.6284929804806518e+00
-2.4537632893049071e+00
-2.2878083834022576e+00
-2.1299508541587122e+00
-1.9805191673388316e+00
-1.8381506091581703e+00
-1.7037695723095025e+00
-1.5765090641924486e+00
-1.4561183101054558e+00
-1.3427756513103621e+00
-1.2360277863054150e+00
-1.1354586593348972e+00
-1.0411932288386996e+00
-9.5300531721331050e-01
-8.7055974100751832e-01
-7.9348909133603540e-01
-7.2180974814615706e-01
-6.5527115831989002e-01
-5.9363825614428734e-01
-5.3667028942566319e-01
-4.8413747447640149e-01
-4.3576344832585073e-01
-3.9134565623155465e-01
-3.5069055650558939e-01
-3.1358859391039151e-01
-2.7980965710681477e-01
-2.4911745308563030e-01
-2.2132966568817342e-01
-1.9623856357646724e-01
-1.7360864186407229e-01
-1.5328963236043611e-01
-1.3509909480571411e-01
-1.1881836212716379e-01
-1.0432162425637047e-01
-9.1455369271208120e-02
-8.0033407485451555e-02
-6.9944548573096982e-02
-6.1069179900686159e-02
-5.3254674256592055e-02
-4.6405151437394730e-02
-4.0433323646022194e-02
-3.5218399972699245e-02
-3.0679459294052448e-02
-2.6757952359321983e-02
-2.3361319505272638e-02
-2.0422257638202816e-02
-1.7906265639839325e-02
-1.5744411499858599e-02
-1.3881083573446978e-02
-1.2300790766150711e-02
-1.0953362180695326e-02
-9.7928105087373846e-03
-8.8178286031554854e-03
-7.9924391317356125e-03
-7.2783449380605268e-03
-6.6841937038582700e-03
-6.1842387090238109e-03
-5.7462853056580356e-03
-5.3854560060709999e-03
-5.0829970544602008e-03
-4.8116584459190967e-03
-4.5903179272700385e-03
-4.4046934996918464e-03
-4.2317407360367137e-03
-4.0920547041702121e-03
-3.9739348533775780e-03
-3.8581548647563793e-03
-3.7655525678548739e-03
-3.6856321700055104e-03
-3.6028617607461798e-03
-3.5372835681773749e-03
-3.4786237995078004e-03
-3.4150982707667268e-03
-3.3652376010604259e-03
-3.3182965681160283e-03
-3.2663968699349066e-03
-3.2260707891076422e-03
-3.1856137381114200e-03
-3.1412621316092631e-03
-3.1072246580141519e-03
-3.0704962138045685e-03
-3.0316505662121222e-03
-3.0023614251418265e-03
-2.9680914956307235e-03
-2.9339624678671734e-03
-2.9089912773388824e-03
-2.8769524621472917e-03
-2.8477318581332867e-03
-2.8276346137398748e-03
-2.7986665579790831e-03
-2.7756975517303174e-03
-2.7623419007373755e-03
-2.7388400643337751e-03
-2.7252952431836160e-03
-2.7202874123246389e-03
-2.7097991555092280e-03
-2.7120951598282928e-03
-2.7229583105846137e-03
-2.7358640684492929e-03
-2.7662327919951756e-03
-2.8080216815449953e-03
-2.8627104561596583e-03
-2.9435982665000867e-03
-3.0436322463407352e-03
-3.1731270195835696e-03
-3.3443990951842087e-03
-3.5506628102317059e-03
-3.8124010161058697e-03
-4.1417153788399262e-03
-4.5368410058383010e-03
-5.0276079528437162e-03
-5.6268417432058290e-03
-6.3480267061172312e-03
-7.2257357915300182e-03
-8.2795508939407739e-03
-9.5416617692118087e-03
-1.1055527213925333e-02
-1.2852019523569274e-02
-1.4986457656800067e-02
-1.7515955740173526e-02
-2.0489401946166615e-02
-2.3989222591493470e-02
-2.8089108886813024e-02
-3.2870287939301468e-02
-3.8439162743983929e-02
-4.4895875105584869e-02
-5.2360359324780899e-02
-6.0966398189602790e-02
-7.0844981190392634e-02
-8.2156217939280310e-02
-9.5062639667104890e-02
-1.0973273803083984e-01
-1.2635850246595751e-01
-1.4512967946737843e-01
-1.6624820902083037e-01
-1.8992565224429794e-01
-2.1636906024863276e-01
-2.4579568434064145e-01
-2.7841692186353439e-01
-3.1443687160501899e-01
-3.5405452178186897e-01
-3.9745205458520927e-01
-4.4479308554499880e-01
-4.9621670939559742e-01
-5.5180470129809223e-01
-6.1157291892635379e-01
-6.7561093165132624e-01
-7.4390546613792730e-01
-8.1638300428817123e-01
-8.9292935928760930e-01
-9.7317213624248433e-01
-1.0569382091904420e+00
-1.1440037464270600e+00
-1.2339529273861740e+00
-1.3259898064157121e+00
-1.4199928369591039e+00
-1.5152448358581168e+00
-1.6109101009718128e+00
-1.7067584130193982e+00
-1.8014361898678868e+00
-1.8949756493472365e+00
-1.9858557198958191e+00
-2.0740705096780450e+00
-2.1583477972777918e+00
-2.2382808347561736e+00
-2.3133951228238239e+00
-2.3825663550904608e+00
-2.4456846044158520e+00
-2.5022980204221938e+00
-2.5519622168924188e+00
-2.5941489486514935e+00
-2.6287820270742079e+00
-2.6557939780888837e+00
-2.6750747236594528e+00
-2.6866021775398217e+00
-2.6904845778136943e+00
-2.6868107506920405e+00
-2.6758185118822420e+00
-2.6577545154608777e+00
-2.6329164827409146e+00
-2.6016976581457714e+00
0.0000000000000000e+00
2.4055929233035767e-01
0.0000000000000000e+00
0.0000000000000000e+00
];
