%Vec Object:sol 1 MPI processes
%  type: mpi
sol = [
0.0000000000000000e+00
-7.4515619462615508e+00
-7.0042595454294361e+00
-6.5853454838641641e+00
-6.1979458236595075e+00
-5.8383031700832850e+00
-5.5025738226503531e+00
-5.1874178030820390e+00
-4.8884482659597532e+00
-4.6072381604634192e+00
-4.3420037787781069e+00
-4.0898322802191718e+00
-3.8500924991555601e+00
-3.6231209802610662e+00
-3.4062719601352458e+00
-3.2001608959446761e+00
-3.0041650162881801e+00
-2.8165470258422918e+00
-2.6389346214162783e+00
-2.4686087355406041e+00
-2.3072787059683728e+00
-2.1531302950849622e+00
-2.0070115947151561e+00
-1.8679312223529143e+00
-1.7359304948574854e+00
-1.6111505717828392e+00
-1.4924961064519651e+00
-1.3804837397452505e+00
-1.2749411175586600e+00
-1.1752294311011846e+00
-1.0813464767801819e+00
-9.9328229346630337e-01
-9.1075881293637317e-01
-8.3346520846028505e-01
-7.6117634581693905e-01
-6.9383903888272036e-01
-6.3123717085159170e-01
-5.7315293583576954e-01
-5.1937555924397361e-01
-4.6969968629740916e-01
-4.2385704079826686e-01
-3.8167420487995080e-01
-3.4299499102719611e-01
-3.0760742486125126e-01
-2.7529284484498445e-01
-2.4588160298859885e-01
-2.1917984638574461e-01
-1.9496625520370356e-01
-1.7309918475417921e-01
-1.5340563281657854e-01
-1.3567652914731135e-01
-1.1979104583041943e-01
-1.0560079004932665e-01
-9.2924523398761782e-02
-8.1652991243644960e-02
-7.1667965898431343e-02
-6.2818065750105803e-02
-5.5006811685866915e-02
-4.8145583306944024e-02
-4.2112230222323258e-02
-3.6823456797340094e-02
-3.2217701782002277e-02
-2.8199502100173586e-02
-2.4698192806743346e-02
-2.1675486279539555e-02
-1.9058885767634284e-02
-1.6789104691929645e-02
-1.4846773735378337e-02
-1.3178133730984436e-02
-1.1733700335646078e-02
-1.0508635274622563e-02
-9.4637440183596346e-03
-8.5577002971340757e-03
-7.7961936079555972e-03
-7.1508205211049522e-03
-6.5869456941163949e-03
-6.1173709842974487e-03
-5.7212871334638531e-03
-5.3695920163629616e-03
-5.0794407568322802e-03
-4.8350463067139086e-03
-4.6120301819580307e-03
-4.4297693196014877e-03
-4.2755136800372139e-03
-4.1291201365628262e-03
-4.0106021901614441e-03
-3.9087644207912242e-03
-3.8074718223507381e-03
-3.7262313641143749e-03
-3.6543228369459902e-03
-3.5795820541088008e-03
-3.5202063538623761e-03
-3.4651790378192795e-03
-3.4063938197214281e-03
-3.3601860563093212e-03
-3.3146972122249027e-03
-3.2660372483000783e-03
-3.2283095618625191e-03
-3.1884350244317607e-03
-3.1469310168463840e-03
-3.1154316041533364e-03
-3.0793855483073587e-03
-3.0439138506396400e-03
-3.0180503197753837e-03
-2.9856122005873006e-03
-2.9565422233278041e-03
-2.9372262525545027e-03
-2.9097828286163982e-03
-2.8892153410487193e-03
-2.8793080995790804e-03
-2.8605168829347930e-03
-2.8531941866124112e-03
-2.8562272976380915e-03
-2.8559705747135023e-03
-2.8711197007032277e-03
-2.8979760109220541e-03
-2.9306263709655274e-03
-2.9851980954834546e-03
-3.0564837725286995e-03
-3.1469286777587738e-03
-3.2709409957270594e-03
-3.4227586849820009e-03
-3.6141596208891075e-03
-3.8591253894621198e-03
-4.1527807810886478e-03
-4.5177280983941092e-03
-4.9684572530448263e-03
-5.5058961864591595e-03
-6.1627971388759709e-03
-6.9552457583323462e-03
-7.9002998996664641e-03
-9.0363529987377966e-03
-1.0387174632725203e-02
-1.1989387452070975e-02
-1.3891107984331994e-02
-1.6128203305927482e-02
-1.8761031865668604e-02
-2.1851886244231868e-02
-2.5455030008982981e-02
-2.9657533556666338e-02
-3.4537539558072136e-02
-4.0182737152911888e-02
-4.6702692546546867e-02
-5.4201218066808075e-02
-6.2800860987327803e-02
-7.2636862379174327e-02
-8.3840811288694403e-02
-9.6571242161113111e-02
-1.1098760064144528e-01
-1.2725347426720973e-01
-1.4555289314954070e-01
-1.6606573433829935e-01
-1.8898091557420782e-01
-2.1449364684300634e-01
-2.4279235994468151e-01
-2.7407129713427814e-01
-3.0851607652832391e-01
-3.4630233948469075e-01
-3.8759636209492543e-01
-4.3254616018572262e-01
-4.8127831259911452e-01
-5.3387171651981957e-01
-5.9033181211434183e-01
-6.5074947844068542e-01
-7.1511632885475551e-01
-7.8338253555177739e-01
-8.5544012086705523e-01
-9.3102104042951461e-01
-1.0098816047184536e+00
-1.0918638036828099e+00
-1.1766709462047207e+00
-1.2636013901623220e+00
-1.3524193865035903e+00
-1.4427513875290443e+00
-1.5335654289217358e+00
-1.6247614931542858e+00
-1.7154181941840074e+00
-1.8049806481115476e+00
-1.8927820769030810e+00
-1.9781585728209006e+00
-2.0603695614894098e+00
-2.1391103629846522e+00
-2.2131553664383010e+00
-2.2825390090228068e+00
-2.3466602232234473e+00
-2.4046184868227467e+00
-2.4564498863226505e+00
-2.5017805959677166e+00
-2.5403494326484584e+00
-2.5717463388557067e+00
-2.5959640603070948e+00
-2.6130362038701609e+00
-2.6229464822210171e+00
-2.6258021655820918e+00
-2.6216845165988873e+00
-2.6108124473028873e+00
-2.5934087062681033e+00
-2.5697416179924408e+00
-2.5401690605159168e+00
0.0000000000000000e+00
2.4055929233035767e-01
0.0000000000000000e+00
0.0000000000000000e+00
];
