%Vec Object:sol 1 MPI processes
%  type: mpi
sol = [
0.0000000000000000e+00
-9.3004599929541190e+00
-8.6099379067812851e+00
-7.9814419067688567e+00
-7.4063689867719047e+00
-6.8767812120031460e+00
-6.3861617982787209e+00
-5.9299733339590732e+00
-5.5048402176324496e+00
-5.1064530035253313e+00
-4.7313616970174532e+00
-4.3796303029205630e+00
-4.0490812859040730e+00
-3.7382429837502760e+00
-3.4446934772621978e+00
-3.1687634319767821e+00
-2.9097533536673681e+00
-2.6652432266567421e+00
-2.4367797395541180e+00
-2.2220050091688734e+00
-2.0216886837184056e+00
-1.8342009135718120e+00
-1.6599980755586812e+00
-1.4980169010349116e+00
-1.3478711870484545e+00
-1.2093573537788516e+00
-1.0818095038432889e+00
-9.6449566648870755e-01
-8.5724957766451138e-01
-7.5949721317000596e-01
-6.7070125405992020e-01
-5.9032099518761583e-01
-5.1772017950068472e-01
-4.5250370852172411e-01
-3.9413281513706988e-01
-3.4211017957310441e-01
-2.9593809243289598e-01
-2.5509850521794997e-01
-2.1913331428653093e-01
-1.8760975236535996e-01
-1.6007565166565135e-01
-1.3611928617088268e-01
-1.1539195063821790e-01
-9.7525258409114954e-02
-8.2162193106142992e-02
-6.9044953208902610e-02
-5.7893406274810641e-02
-4.8408337357670209e-02
-4.0417968027726153e-02
-3.3720177338666668e-02
-2.8081838989748833e-02
-2.3392548294751042e-02
-1.9516162600711488e-02
-1.6286831589630731e-02
-1.3629832903738029e-02
-1.1464482983238301e-02
-9.6769321808336806e-03
-8.2171346264892885e-03
-7.0448335347550010e-03
-6.0839009784828708e-03
-5.2996687437460895e-03
-4.6795306618515461e-03
-4.1733136123688445e-03
-3.7548319397608144e-03
-3.4293002929993406e-03
-3.1636348970039982e-03
-2.9356461840567972e-03
-2.7613523458260925e-03
-2.6185094737752974e-03
-2.4864430777096842e-03
-2.3872341713145986e-03
-2.3052928139863783e-03
-2.2203966693087268e-03
-2.1576215710478047e-03
-2.1053132961496926e-03
-2.0435393819521596e-03
-1.9984272914237836e-03
-1.9605096913831391e-03
-1.9104816541535073e-03
-1.8742929001361779e-03
-1.8435218390714387e-03
-1.8000586780065376e-03
-1.7688796450476638e-03
-1.7418362492765372e-03
-1.7026476578254582e-03
-1.6747806171365581e-03
-1.6498093346886458e-03
-1.6138947658037941e-03
-1.5886145963690138e-03
-1.5648524925623024e-03
-1.5317624976870917e-03
-1.5087523524908483e-03
-1.4856916756189108e-03
-1.4552038848159698e-03
-1.4343118105628503e-03
-1.4116099532563110e-03
-1.3835915632960070e-03
-1.3647286040135407e-03
-1.3421285495109660e-03
-1.3164829267583939e-03
-1.2995847541830963e-03
-1.2768854009066082e-03
-1.2535313956379213e-03
-1.2385439747420036e-03
-1.2155749940198541e-03
-1.1944403820351819e-03
-1.1813166153376476e-03
-1.1579403628646425e-03
-1.1389649429488556e-03
-1.1276708847850665e-03
-1.1037876554846294e-03
-1.0869359565336236e-03
-1.0749983492539398e-03
-1.0530462336564490e-03
-1.0383472049626551e-03
-1.0253599101763572e-03
-1.0059310223962423e-03
-9.9358142780674760e-04
-9.7986328845746373e-04
-9.6337833951642873e-04
-9.5400160733592960e-04
-9.4046587150889947e-04
-9.2812711336310596e-04
-9.2339445203801186e-04
-9.1235523281539880e-04
-9.0722823018823430e-04
-9.1032699320719925e-04
-9.0830013707168030e-04
-9.1770919326224188e-04
-9.3581249680635317e-04
-9.5809536793854948e-04
-9.9867017493967787e-04
-1.0534913844557441e-03
-1.1280625588901850e-03
-1.2358361249182621e-03
-1.3736266047074349e-03
-1.5592970528337492e-03
-1.8084346647339743e-03
-2.1237622339251305e-03
-2.5385590375320865e-03
-3.0731558183264146e-03
-3.7523106679262885e-03
-4.6221606891336557e-03
-5.7198729481128790e-03
-7.1018682899284726e-03
-8.8385860990442180e-03
-1.0997023460303991e-02
-1.3679234505203683e-02
-1.6993718776598828e-02
-2.1061624736921518e-02
-2.6042026737817702e-02
-3.2102579991525548e-02
-3.9442801932804174e-02
-4.8294418082167286e-02
-5.8905381724558718e-02
-7.1572703918838562e-02
-8.6617996564990460e-02
-1.0439087271395374e-01
-1.2528604874274521e-01
-1.4971857365121025e-01
-1.7813610252541687e-01
-2.1101244277728531e-01
-2.4883182548604132e-01
-2.9209558307307093e-01
-3.4129999976593639e-01
-3.9692790612647710e-01
-4.5943532354160338e-01
-5.2923516375063751e-01
-6.0667577431992625e-01
-6.9198836310806533e-01
-7.8523018270198752e-01
-8.8652510743295454e-01
-9.9577308736114856e-01
-1.1127134272885479e+00
-1.2366022403719790e+00
-1.3669775207564907e+00
-1.5031164405975166e+00
-1.6435088913532427e+00
-1.7873888753078950e+00
-1.9330218225345646e+00
-2.0791418912622235e+00
-2.2237833287109021e+00
-2.3657124495719279e+00
-2.5026385162053022e+00
-2.6331839626812146e+00
-2.7558305350973034e+00
-2.8689582507974389e+00
-2.9711296131119966e+00
-3.0610794806540520e+00
-3.1379938759395092e+00
-3.2011442201953506e+00
-3.2499820094290794e+00
-3.2841387635902999e+00
-3.3034888295900111e+00
-3.3082263129698530e+00
-3.2987515058622376e+00
-3.2755726945953478e+00
-3.2393473084408830e+00
-3.1909151723623572e+00
0.0000000000000000e+00
2.4055929233035767e-01
0.0000000000000000e+00
0.0000000000000000e+00
];
