%Vec Object:sol 1 MPI processes
%  type: mpi
sol = [
0.0000000000000000e+00
-7.0293435873039130e+00
-6.6287087738189081e+00
-6.2523329790562832e+00
-5.9044466274700032e+00
-5.5809707849135659e+00
-5.2774907224951679e+00
-4.9888338899011000e+00
-4.7184528109018204e+00
-4.4637564159898444e+00
-4.2200059425293865e+00
-3.9895050986286851e+00
-3.7713717122393469e+00
-3.5615148534233594e+00
-3.3626636950987363e+00
-3.1728687189333091e+00
-2.9911547161005374e+00
-2.8182448961363771e+00
-2.6523364995416010e+00
-2.4945696719656691e+00
-2.3430421768639311e+00
-2.1990435366216139e+00
-2.0612504637376352e+00
-1.9298283704245587e+00
-1.8048955368801993e+00
-1.6854339312588589e+00
-1.5720795627772695e+00
-1.4643613669213458e+00
-1.3618683741836513e+00
-1.2648569548555721e+00
-1.1731159251100709e+00
-1.0861336903057026e+00
-1.0040374251477755e+00
-9.2672127127763271e-01
-8.5402659087941302e-01
-7.8569844659608079e-01
-7.2149011741040991e-01
-6.6142029831265781e-01
-6.0531610771752609e-01
-5.5301021367877490e-01
-5.0433103667122570e-01
-4.5911146516384316e-01
-4.1719865773878095e-01
-3.7835802497664744e-01
-3.4249683409145792e-01
-3.0947644658586076e-01
-2.7913647764153326e-01
-2.5129111185420877e-01
-2.2582075611753072e-01
-2.0257756050586634e-01
-1.8137908104564046e-01
-1.6211964117769531e-01
-1.4466715382934103e-01
-1.2885701043585049e-01
-1.1458889226872014e-01
-1.0175247990467733e-01
-9.0204353243009155e-02
-7.9851072925111233e-02
-7.0605162678693795e-02
-6.2345662633639443e-02
-5.4987532618097697e-02
-4.8465532758806482e-02
-4.2680708327068849e-02
-3.7557335637980638e-02
-3.3050537775849258e-02
-2.9081594683517221e-02
-2.5584327817016812e-02
-2.2531497995026510e-02
-1.9861984720874741e-02
-1.7518842459880942e-02
-1.5489297291673370e-02
-1.3726810296736938e-02
-1.2182935895045013e-02
-1.0856149597708401e-02
-9.7114411267354168e-03
-8.7079461176648269e-03
-7.8523848114451632e-03
-7.1184333662239335e-03
-6.4718924772868593e-03
-5.9250911947942610e-03
-5.4579064607947125e-03
-5.0420141565861642e-03
-4.6931545646141598e-03
-4.3953370112054489e-03
-4.1255088980283235e-03
-3.9010680535524040e-03
-3.7085044471154259e-03
-3.5296316258670983e-03
-3.3821572585923105e-03
-3.2537779064320390e-03
-3.1309468219190900e-03
-3.0306813274521196e-03
-2.9409316733941732e-03
-2.8527097321898167e-03
-2.7816252872541968e-03
-2.7151902243954811e-03
-2.6490028439338526e-03
-2.5967742495354479e-03
-2.5450963635251624e-03
-2.4942591492751244e-03
-2.4557640931857521e-03
-2.4149759453846466e-03
-2.3770336595603826e-03
-2.3510734270753603e-03
-2.3210664765753231e-03
-2.2972288725736758e-03
-2.2863095874103988e-03
-2.2708638220999356e-03
-2.2664854644329460e-03
-2.2776627326968595e-03
-2.2856718643180034e-03
-2.3118909649146612e-03
-2.3563893816833676e-03
-2.4068957700768912e-03
-2.4837374128670654e-03
-2.5850828055520550e-03
-2.7071702725374245e-03
-2.8686049800765068e-03
-3.0669985402044962e-03
-3.3079977988130184e-03
-3.6096267162157867e-03
-3.9702039479583085e-03
-4.4060560073884789e-03
-4.9362245033374354e-03
-5.5614886503628962e-03
-6.3106042320949249e-03
-7.2048253100681922e-03
-8.2525284484484436e-03
-9.4943521898529296e-03
-1.0954970527260509e-02
-1.2660622842378622e-02
-1.4659228084982956e-02
-1.6984752105755518e-02
-1.9684263640024798e-02
-2.2816475043867579e-02
-2.6428325429784707e-02
-3.0590776491793155e-02
-3.5376550646376861e-02
-4.0850362379850895e-02
-4.7108450735350825e-02
-5.4236795358191585e-02
-6.2328525090432525e-02
-7.1498825909769623e-02
-8.1854525466167810e-02
-9.3517837622086986e-02
-1.0662023121860199e-01
-1.2128715761346162e-01
-1.3766503431264956e-01
-1.5589741537693511e-01
-1.7612760086891346e-01
-1.9851175735273818e-01
-2.2319787829532142e-01
-2.5033587314147387e-01
-2.8007471144408236e-01
-3.1255259259907608e-01
-3.4790422550069000e-01
-3.8625108545223452e-01
-4.2770053624656251e-01
-4.7234246374085193e-01
-5.2022503847564217e-01
-5.7133428669994024e-01
-6.2574251536474990e-01
-6.8344071741433676e-01
-7.4437510750493519e-01
-8.0846430177228101e-01
-8.7552104700860467e-01
-9.4526864269914967e-01
-1.0176530746508554e+00
-1.0924296127750621e+00
-1.1691633071814007e+00
-1.2474524087626200e+00
-1.3271284817140907e+00
-1.4076220690921215e+00
-1.4883797016006575e+00
-1.5692530329468770e+00
-1.6492558574768061e+00
-1.7283643753502151e+00
-1.8056541694133939e+00
-1.8809823706573923e+00
-1.9534232853660094e+00
-2.0230216417011140e+00
-2.0886217518105146e+00
-2.1503689839450448e+00
-2.2077040771666967e+00
-2.2599973089386860e+00
-2.3073120792111745e+00
-2.3493233310439221e+00
-2.3854370618988119e+00
-2.4158419336600536e+00
-2.4403929268735451e+00
-2.4590327600255204e+00
-2.4717013253023201e+00
-2.4782363944828694e+00
-2.4789729053721765e+00
-2.4739735465904120e+00
-2.4634198407967469e+00
-2.4474873116157325e+00
-2.4263839002542626e+00
-2.4003945779311651e+00
0.0000000000000000e+00
2.4055929233035767e-01
0.0000000000000000e+00
0.0000000000000000e+00
];
