%Vec Object:sol 1 MPI processes
%  type: mpi
sol = [
0.0000000000000000e+00
-1.9358088975045508e+01
-1.6792220148584875e+01
-1.4699810445617082e+01
-1.2999491658189916e+01
-1.1566284562511326e+01
-1.0360593287667854e+01
-9.3150895764109656e+00
-8.4050489028655324e+00
-7.6021374953842518e+00
-6.8829018993001396e+00
-6.2375141170077173e+00
-5.6540282678551987e+00
-5.1233863405412388e+00
-4.6392248206645705e+00
-4.1962610437487102e+00
-3.7900583801458034e+00
-3.4174160005780521e+00
-3.0749425899276548e+00
-2.7606382942544720e+00
-2.4726751892933705e+00
-2.2085458510603466e+00
-1.9674164159506682e+00
-1.7470289947511093e+00
-1.5468164636536568e+00
-1.3647791478381801e+00
-1.2001570910496133e+00
-1.0517982180087959e+00
-9.1834177668046202e-01
-7.9883386253752597e-01
-6.9229609717553131e-01
-5.9769035150769956e-01
-5.1402436069717461e-01
-4.4034105982779043e-01
-3.7567315741887591e-01
-3.1924951512070499e-01
-2.7025414034213974e-01
-2.2787992242214886e-01
-1.9141526003012110e-01
-1.6020518871008133e-01
-1.3360120030068576e-01
-1.1102443382851530e-01
-9.1988098593591514e-02
-7.6006008526313423e-02
-6.2624140591130736e-02
-5.1512016456458525e-02
-4.2330622794816843e-02
-3.4734370205984050e-02
-2.8523436492724763e-02
-2.3475194942795288e-02
-1.9342390973004178e-02
-1.6012063051026454e-02
-1.3348819056217071e-02
-1.1189868862569900e-02
-9.4693195099069156e-03
-8.1164383668957136e-03
-7.0269554131184566e-03
-6.1626612776117737e-03
-5.4951266024814106e-03
-4.9583696247636226e-03
-4.5282908297359014e-03
-4.2025258727602698e-03
-3.9390611463845033e-03
-3.7195047579105336e-03
-3.5566918499011350e-03
-3.4231594189110645e-03
-3.3017357240992021e-03
-3.2136227835031063e-03
-3.1400277547000968e-03
-3.0631248740293519e-03
-3.0083538565073924e-03
-2.9620353881575664e-03
-2.9053313568178801e-03
-2.8654732709141664e-03
-2.8317489595475870e-03
-2.7847258073259201e-03
-2.7519603262720722e-03
-2.7243715914693810e-03
-2.6826746679942540e-03
-2.6538325372009474e-03
-2.6295125947755440e-03
-2.5913984994482796e-03
-2.5652449831337180e-03
-2.5428395234320215e-03
-2.5076158326900987e-03
-2.4836795838110272e-03
-2.4624605450109145e-03
-2.4298372341682527e-03
-2.4079324044658512e-03
-2.3874373823650928e-03
-2.3572716409223722e-03
-2.3373134423898289e-03
-2.3172041577691699e-03
-2.2894051744173733e-03
-2.2713424902439439e-03
-2.2513491453336650e-03
-2.2258431846148320e-03
-2.2096341531055185e-03
-2.1895339793744834e-03
-2.1662544249539044e-03
-2.1518602492103267e-03
-2.1314710467598614e-03
-2.1103540760975762e-03
-2.0977361410547089e-03
-2.0768988465433989e-03
-2.0578825619966472e-03
-2.0470021857296110e-03
-2.0255830662048832e-03
-2.0086079886301295e-03
-1.9994273975162081e-03
-1.9773150151070882e-03
-1.9623246806483468e-03
-1.9522823381980844e-03
-1.9319176218961065e-03
-1.9188638694220203e-03
-1.9074327130381554e-03
-1.8892595019333340e-03
-1.8781163645927512e-03
-1.8653071096053624e-03
-1.8493185795043290e-03
-1.8401244484733976e-03
-1.8260559660137595e-03
-1.8123764398424176e-03
-1.8053530106552352e-03
-1.7904018259413533e-03
-1.7795159683241858e-03
-1.7744152869677145e-03
-1.7606238833650241e-03
-1.7539701525453144e-03
-1.7502478213264263e-03
-1.7430423908261327e-03
-1.7444655095868156e-03
-1.7474607431750072e-03
-1.7539614311284260e-03
-1.7730798098556737e-03
-1.7957835603283217e-03
-1.8331638207860477e-03
-1.8923230063871343e-03
-1.9652219644379094e-03
-2.0727277227778800e-03
-2.2197052148732552e-03
-2.4123404684089330e-03
-2.6750300315017102e-03
-3.0187243748839459e-03
-3.4693619027057858e-03
-4.0619277494247843e-03
-4.8218354190282826e-03
-5.8041991949704559e-03
-7.0636998408080808e-03
-8.6604914263063385e-03
-1.0686388447522720e-02
-1.3233796988864390e-02
-1.6420392879483572e-02
-2.0390849458465421e-02
-2.5299179186477894e-02
-3.1343360030254910e-02
-3.8743295032959459e-02
-4.7744930445229837e-02
-5.8643190788681104e-02
-7.1755611957495025e-02
-8.7442072167970453e-02
-1.0610221147641240e-01
-1.2815966038334031e-01
-1.5408291956828832e-01
-1.8436016662949298e-01
-2.1948643853552902e-01
-2.5998422200301896e-01
-3.0637169954748544e-01
-3.5914889819333323e-01
-4.1878160687990817e-01
-4.8568328508458442e-01
-5.6019050875659737e-01
-6.4254676561410096e-01
-7.3287366858094916e-01
-8.3099118421020479e-01
-9.3681596135396816e-01
-1.0499808044523724e+00
-1.1699032485169558e+00
-1.2954961361916728e+00
-1.4260714220109132e+00
-1.5602632694634038e+00
-1.6965857126577431e+00
-1.8336381505261432e+00
-1.9695386824257435e+00
-2.1025996904670112e+00
-2.2312271885736648e+00
-2.3531035375392158e+00
-2.4669530655113103e+00
-2.5711531796915912e+00
-2.6641621514962903e+00
-2.7446613658337169e+00
-2.8116553092496117e+00
-2.8644715290183407e+00
-2.9026293636871334e+00
-2.9258195690563644e+00
-2.9340822297546953e+00
-2.9276445565652547e+00
-2.9069532491832337e+00
-2.8727065942228891e+00
0.0000000000000000e+00
1.3464638167935297e-01
0.0000000000000000e+00
0.0000000000000000e+00
];
