%Vec Object:sol 1 MPI processes
%  type: mpi
sol = [
0.0000000000000000e+00
-1.3162568917710718e+01
-1.1949344947922159e+01
-1.0876631010296407e+01
-9.9486290437342131e+00
-9.1401668504459703e+00
-8.4293724106973364e+00
-7.7994218340605554e+00
-7.2372437159742695e+00
-6.7310458379087201e+00
-6.2722328183208313e+00
-5.8531347181429965e+00
-5.4686315001749435e+00
-5.1144757865244088e+00
-4.7873349818110773e+00
-4.4840392092962240e+00
-4.2017254908991415e+00
-3.9366733153765709e+00
-3.6890182656481478e+00
-3.4570275008872229e+00
-3.2385161999172936e+00
-3.0326818742216148e+00
-2.8392565298406480e+00
-2.6559972178253966e+00
-2.4834980712837158e+00
-2.3204085499447573e+00
-2.1663520099253901e+00
-2.0207016129449595e+00
-1.8833259875778219e+00
-1.7532668481179772e+00
-1.6307982601081383e+00
-1.5149160760924998e+00
-1.4057675089147663e+00
-1.3030712409465122e+00
-1.2061025398859260e+00
-1.1150221468391031e+00
-1.0295274383798925e+00
-9.4926060535215984e-01
-8.7393059233107151e-01
-8.0347058932376425e-01
-7.3765100050703947e-01
-6.7624647983051656e-01
-6.1897878146030605e-01
-5.6564195044689003e-01
-5.1611351676990347e-01
-4.7020006359734878e-01
-4.2770911547199025e-01
-3.8843605758647198e-01
-3.5221836703545878e-01
-3.1888150062073162e-01
-2.8822702739976075e-01
-2.6009526898963203e-01
-2.3434081635852949e-01
-2.1079664492586431e-01
-1.8933296761355317e-01
-1.6981363156033877e-01
-1.5207443113286576e-01
-1.3599618127964574e-01
-1.2146625858331457e-01
-1.0834219974797055e-01
-9.6515439749123438e-02
-8.5896706286781546e-02
-7.6365685734836417e-02
-6.7824878371439093e-02
-6.0207116345133121e-02
-5.3413389086895219e-02
-4.7357597908987477e-02
-4.1992542252746783e-02
-3.7238638389710824e-02
-3.3021195946391683e-02
-2.9310201601355883e-02
-2.6042992783926498e-02
-2.3155815022798665e-02
-2.0632793192737184e-02
-1.8425371232546624e-02
-1.6479915609704795e-02
-1.4791632120713967e-02
-1.3323221667533689e-02
-1.2030186979008305e-02
-1.0915950916552345e-02
-9.9517922534678570e-03
-9.1013511712490676e-03
-8.3737290940235857e-03
-7.7464050239879683e-03
-7.1902562065901190e-03
-6.7179163301524045e-03
-6.3110527598659741e-03
-5.9470426246421319e-03
-5.6403116005893260e-03
-5.3750818783185423e-03
-5.1346804735151975e-03
-4.9339678464345041e-03
-4.7584437651984933e-03
-4.5970174337829264e-03
-4.4639668749244426e-03
-4.3451076053364181e-03
-4.2347249645772389e-03
-4.1457882183879094e-03
-4.0637390367814245e-03
-3.9881675848679405e-03
-3.9302524259110412e-03
-3.8746062397360232e-03
-3.8261590647603472e-03
-3.7940300513442573e-03
-3.7617415718323027e-03
-3.7397166436634972e-03
-3.7349262148587145e-03
-3.7297265751677485e-03
-3.7402936735608161e-03
-3.7715423861045400e-03
-3.8047733515462778e-03
-3.8622978295646954e-03
-3.9447448436947157e-03
-4.0402204302565810e-03
-4.1701528120760079e-03
-4.3334106536812786e-03
-4.5269373563171841e-03
-4.7705099899612285e-03
-5.0625042681031627e-03
-5.4094704537394128e-03
-5.8305213559369197e-03
-6.3246113204323056e-03
-6.9089058576469612e-03
-7.6031474253546579e-03
-8.4082564639163127e-03
-9.3532912409299718e-03
-1.0459271604112625e-02
-1.1733644449450197e-02
-1.3216004570334531e-02
-1.4929000621938188e-02
-1.6896001981741283e-02
-1.9161314768432185e-02
-2.1753915714597696e-02
-2.4714656671230156e-02
-2.8094575882071586e-02
-3.1931035690850394e-02
-3.6283630071271986e-02
-4.1211480826184588e-02
-4.6763185106611600e-02
-5.3016375453268087e-02
-6.0036852310609332e-02
-6.7893767035770242e-02
-7.6673305403321748e-02
-8.6451053787934856e-02
-9.7314487549219134e-02
-1.0935672133409603e-01
-1.2266107454081232e-01
-1.3732841029262385e-01
-1.5344963672403142e-01
-1.7110958967103260e-01
-1.9041544554676793e-01
-2.1145673141937874e-01
-2.3432321040154003e-01
-2.5910276740921762e-01
-2.8587146537156316e-01
-3.1470367030687857e-01
-3.4566188138446546e-01
-3.7879693926739583e-01
-4.1414847185992565e-01
-4.5174129150217474e-01
-4.9158322569801916e-01
-5.3359623233885789e-01
-5.7779516882702142e-01
-6.2413444849186883e-01
-6.7254203868072338e-01
-7.2292599194013363e-01
-7.7514433368777236e-01
-8.2891857047688156e-01
-8.8421103710998583e-01
-9.4082891915712474e-01
-9.9855267752978716e-01
-1.0569104880203919e+00
-1.1158772022062304e+00
-1.1751889562116664e+00
-1.2342470259947844e+00
-1.2930291789697601e+00
-1.3511631147931527e+00
-1.4080987686486683e+00
-1.4638668253578180e+00
-1.5177392301173480e+00
-1.5697749266287657e+00
-1.6193568491767516e+00
-1.6664519260267181e+00
-1.7105295001952070e+00
-1.7516439201989866e+00
-1.7891640278087551e+00
-1.8233032202447801e+00
-1.8535564412931278e+00
-1.8799607193209080e+00
-1.9024800651568996e+00
-1.9206836974209252e+00
-1.9348734997314703e+00
-1.9449750588569419e+00
-1.9507420396211328e+00
-1.9524779983618479e+00
-1.9502561461168433e+00
-1.9439109282523352e+00
-1.9337441233466346e+00
-1.9199543615218153e+00
0.0000000000000000e+00
1.3464638167935297e-01
0.0000000000000000e+00
0.0000000000000000e+00
];
