%Vec Object:sol 1 MPI processes
%  type: mpi
sol = [
0.0000000000000000e+00
-7.6929504043489292e+00
-7.2166363417534338e+00
-6.7738938622751119e+00
-6.3631776849346160e+00
-5.9822425076931456e+00
-5.6269900991439288e+00
-5.2946003517563849e+00
-4.9812434723576935e+00
-4.6845469093750260e+00
-4.4049492023561099e+00
-4.1413837281404611e+00
-3.8896625563783691e+00
-3.6510981018251596e+00
-3.4254278213519411e+00
-3.2093510813075614e+00
-3.0047140051973167e+00
-2.8096649076682030e+00
-2.6243577691901625e+00
-2.4481273116789590e+00
-2.2805002838813024e+00
-2.1214279357534513e+00
-1.9706697970218967e+00
-1.8273702573817758e+00
-1.6921835801325764e+00
-1.5640630580387356e+00
-1.4431331140756156e+00
-1.3293672603416462e+00
-1.2221850144262607e+00
-1.1214261677098911e+00
-1.0270717015973483e+00
-9.3888781780104380e-01
-8.5646189256269079e-01
-7.7957381214111166e-01
-7.0814859283969822e-01
-6.4192931702977163e-01
-5.8067334203664733e-01
-5.2413139135917541e-01
-4.7206829038523573e-01
-4.2417243703149426e-01
-3.8029391936862877e-01
-3.4019727619056905e-01
-3.0366701102150628e-01
-2.7046676406417242e-01
-2.4035424539508993e-01
-2.1314281773662075e-01
-1.8862003868681418e-01
-1.6654564004312603e-01
-1.4676649822485491e-01
-1.2909710631198124e-01
-1.1331574087800222e-01
-9.9295101299473193e-02
-8.6880182831723912e-02
-7.5883398395467719e-02
-6.6193167357710775e-02
-5.7689687551540927e-02
-5.0220206512686709e-02
-4.3689319414217213e-02
-3.8010452820712734e-02
-3.3063540446509151e-02
-2.8768701417106479e-02
-2.5068618418175311e-02
-2.1871918685156914e-02
-1.9112613739212348e-02
-1.6757631147776342e-02
-1.4739380727719933e-02
-1.3003606300546739e-02
-1.1536212886778939e-02
-1.0288316440636752e-02
-9.2151676227365791e-03
-8.3166861212473683e-03
-7.5580070275727603e-03
-6.9018699738496872e-03
-6.3579195812656112e-03
-5.9012994893688159e-03
-5.5006256416015933e-03
-5.1717810324783736e-03
-4.8966812899559750e-03
-4.6486743480740047e-03
-4.4471875429169328e-03
-4.2784157294030812e-03
-4.1197335095376989e-03
-3.9921145509570211e-03
-3.8841819944834882e-03
-3.7769898037882635e-03
-3.6916254885215253e-03
-3.6178033576362229e-03
-3.5401709902535294e-03
-3.4789286813641579e-03
-3.4239331898954090e-03
-3.3635104788590623e-03
-3.3162872281582256e-03
-3.2715955740455103e-03
-3.2216216768932346e-03
-3.1829533701531435e-03
-3.1439288904532652e-03
-3.1008196891588926e-03
-3.0678637216874968e-03
-3.0320760727328309e-03
-2.9940460151532777e-03
-2.9654583526850715e-03
-2.9317795354510297e-03
-2.8981317173874493e-03
-2.8735276236669031e-03
-2.8417302405216709e-03
-2.8126103507200039e-03
-2.7924514638507617e-03
-2.7632286155061274e-03
-2.7397753862841694e-03
-2.7256593373207803e-03
-2.7010609936292704e-03
-2.6860140273383308e-03
-2.6790117185569867e-03
-2.6659307870174416e-03
-2.6649123344190729e-03
-2.6715891217179389e-03
-2.6792580058048838e-03
-2.7031309991056829e-03
-2.7369169289087336e-03
-2.7818058348281069e-03
-2.8507610576996899e-03
-2.9363356430343848e-03
-3.0483931545165753e-03
-3.1987321353896224e-03
-3.3799679285174125e-03
-3.6119117343159693e-03
-3.9059018261259869e-03
-4.2593056717196666e-03
-4.7010005399339512e-03
-5.2427405011089747e-03
-5.8968242135358975e-03
-6.6965414899297819e-03
-7.6600563074050729e-03
-8.8180390606587538e-03
-1.0212331760300690e-02
-1.1872057495990284e-02
-1.3850738842781386e-02
-1.6203616750015668e-02
-1.8977609570147026e-02
-2.2253243436222887e-02
-2.6102621489125833e-02
-3.0604757075303617e-02
-3.5864321808495997e-02
-4.1979962782608092e-02
-4.9070348199514682e-02
-5.7268343774409460e-02
-6.6704286207465546e-02
-7.7538326176524883e-02
-8.9933534154675573e-02
-1.0405955206039579e-01
-1.2011054613717360e-01
-1.3827911583689087e-01
-1.5877115423817967e-01
-1.8180335610796020e-01
-2.0758876111317009e-01
-2.3635218652197704e-01
-2.6831365590691170e-01
-3.0368692996785224e-01
-3.4268221628586454e-01
-3.8549350965390000e-01
-4.3229730841706293e-01
-4.8324656384754233e-01
-5.3846682993796524e-01
-5.9794259261000038e-01
-6.6179555052875183e-01
-7.3002695969579179e-01
-8.0257747981462568e-01
-8.7934530655180787e-01
-9.6003478883769322e-01
-1.0443517209964674e+00
-1.1321355652515410e+00
-1.2230090321791862e+00
-1.3161849632106151e+00
-1.4114316841142909e+00
-1.5082095114163736e+00
-1.6054256423356990e+00
-1.7029576621836031e+00
-1.7995633582219321e+00
-1.8949748167305043e+00
-1.9879320856976785e+00
-2.0782716538859649e+00
-2.1645238298603884e+00
-2.2465688447339431e+00
-2.3236537354192830e+00
-2.3947441146651220e+00
-2.4597357026733997e+00
-2.5180783375302074e+00
-2.5692521678499531e+00
-2.6127859670939944e+00
-2.6486468862601624e+00
-2.6766793535995301e+00
-2.6967704049968302e+00
-2.7088939241257166e+00
-2.7131585660574888e+00
-2.7096561723094537e+00
-2.6986310962847200e+00
-2.6803385154081307e+00
-2.6550867928923108e+00
-2.6232820585283134e+00
0.0000000000000000e+00
2.4055929233035767e-01
0.0000000000000000e+00
0.0000000000000000e+00
];
