%Vec Object:sol 1 MPI processes
%  type: mpi
sol = [
0.0000000000000000e+00
-1.2840072137403766e+01
-1.1555389643555344e+01
-1.0408096663179649e+01
-9.3879389892022829e+00
-8.4686822531494990e+00
-7.6288285252423069e+00
-6.8630711957432737e+00
-6.1615757894017449e+00
-5.5162975489735198e+00
-4.9222537152646924e+00
-4.3763682214912007e+00
-3.8752293215557194e+00
-3.4164129729415760e+00
-2.9974114223817692e+00
-2.6163444152470956e+00
-2.2718858261633530e+00
-1.9610716297829005e+00
-1.6833053900413579e+00
-1.4358815029022152e+00
-1.2170250586427251e+00
-1.0249876762083165e+00
-8.5757713747506281e-01
-7.1248914650501638e-01
-5.8789722763528274e-01
-4.8173589049908139e-01
-3.9200151319539339e-01
-3.1675313447928710e-01
-2.5415244706717260e-01
-2.0253744844922947e-01
-1.6033987827616070e-01
-1.2608010426113558e-01
-9.8550675595684673e-02
-7.6626659934727323e-02
-5.9257867075222029e-02
-4.5652753536827663e-02
-3.5100987337750245e-02
-2.6946485138655156e-02
-2.0706995791715022e-02
-1.5995986323926820e-02
-1.2445083811339394e-02
-9.7758508182160322e-03
-7.8150537474533793e-03
-6.3769195952770065e-03
-5.2969125034125347e-03
-4.5258586656399110e-03
-3.9816827537458108e-03
-3.5530884165947681e-03
-3.2560313142117286e-03
-3.0583926602567348e-03
-2.8809927910798602e-03
-2.7584283160349827e-03
-2.6824994820609516e-03
-2.5999018988090319e-03
-2.5371190936211165e-03
-2.5012907920041075e-03
-2.4539569130006696e-03
-2.4106643184212233e-03
-2.3871473843876463e-03
-2.3543687397542664e-03
-2.3175934039197719e-03
-2.2977637687978669e-03
-2.2724122070080658e-03
-2.2383542178969367e-03
-2.2198310692042463e-03
-2.1992077308578412e-03
-2.1668852384158881e-03
-2.1491431619289408e-03
-2.1319353715993899e-03
-2.1011555969630224e-03
-2.0841657913699329e-03
-2.0695276714940082e-03
-2.0402920760704776e-03
-2.0241356649439040e-03
-2.0114159150056783e-03
-1.9837622368242920e-03
-1.9685316375131837e-03
-1.9571922894180177e-03
-1.9311554918050953e-03
-1.9169312561604054e-03
-1.9065176741668946e-03
-1.8821229362804414e-03
-1.8689709341577585e-03
-1.8590968169355784e-03
-1.8363587569821733e-03
-1.8243307325493845e-03
-1.8146673683838330e-03
-1.7935916742411843e-03
-1.7827274637838308e-03
-1.7729957456103492e-03
-1.7535807014858740e-03
-1.7439101441106739e-03
-1.7338740598493282e-03
-1.7161128179124286e-03
-1.7076582671094094e-03
-1.6971192422226315e-03
-1.6809999243563533e-03
-1.6737765729621899e-03
-1.6625694459512796e-03
-1.6480772818832337e-03
-1.6420953752658478e-03
-1.6300881044038766e-03
-1.6172058185894476e-03
-1.6124711323040810e-03
-1.5995497672882809e-03
-1.5882573319469493e-03
-1.5847710416375545e-03
-1.5708420430298044e-03
-1.5611175001672259e-03
-1.5588771260513163e-03
-1.5438637517204432e-03
-1.5356824570621251e-03
-1.5322116671584074e-03
-1.5185241890166537e-03
-1.5118594947357089e-03
-1.5066573461353938e-03
-1.4947372429380860e-03
-1.4895609120452473e-03
-1.4826197396893828e-03
-1.4724222496157384e-03
-1.4687046603053670e-03
-1.4600318041493134e-03
-1.4515128316167807e-03
-1.4492241015449170e-03
-1.4388272497620886e-03
-1.4319434393686074e-03
-1.4301053527492359e-03
-1.4189449945839175e-03
-1.4136546950936234e-03
-1.4097239743690298e-03
-1.4003356689496304e-03
-1.3966022930872971e-03
-1.3906288110518482e-03
-1.3829750654677428e-03
-1.3807823519345031e-03
-1.3728595181689101e-03
-1.3669592141593555e-03
-1.3659724550732968e-03
-1.3567404423838868e-03
-1.3528503848824543e-03
-1.3502685494714557e-03
-1.3438176564417438e-03
-1.3431132066677295e-03
-1.3409502145671373e-03
-1.3402840177210700e-03
-1.3475170205302003e-03
-1.3531468691680127e-03
-1.3692729378763258e-03
-1.3986709566410015e-03
-1.4392542914642838e-03
-1.5087487739705141e-03
-1.6125529588663667e-03
-1.7673039425350995e-03
-2.0018988108048358e-03
-2.3392585305380201e-03
-2.8322706102287000e-03
-3.5426328430659456e-03
-4.5476630168639568e-03
-5.9695390628465867e-03
-7.9532253803865690e-03
-1.0697723687593719e-02
-1.4465569964149239e-02
-1.9578983384286819e-02
-2.6466590739604549e-02
-3.5653983187038885e-02
-4.7789530332125775e-02
-6.3675780116546316e-02
-8.4264346451067063e-02
-1.1069031215912675e-01
-1.4427271933504549e-01
-1.8650947080708380e-01
-2.3908479519343132e-01
-3.0382723983680604e-01
-3.8267459627624767e-01
-4.7760887392805829e-01
-5.9056884088280037e-01
-7.2333096831853938e-01
-8.7738473694009000e-01
-1.0535416624701448e+00
-1.2522877071391039e+00
-1.4733389551686729e+00
-1.7150323735677284e+00
-1.9750643714606115e+00
-2.2499297132259972e+00
-2.5350854278114205e+00
-2.8246756745917398e+00
-3.1128198300431760e+00
-3.3926481645722024e+00
-3.6572429807870588e+00
-3.8999160680087015e+00
-4.1147793315981858e+00
-4.2968736194883421e+00
-4.4414960791425599e+00
-4.5464595017135716e+00
-4.6099909660585965e+00
-4.6319369484344346e+00
-4.6130517277375258e+00
-4.5557463548690471e+00
-4.4622012869213101e+00
0.0000000000000000e+00
2.4055929233035767e-01
0.0000000000000000e+00
0.0000000000000000e+00
];
