%Vec Object:sol 1 MPI processes
%  type: mpi
sol = [
0.0000000000000000e+00
-1.5870921314649982e+01
-1.3918534234347002e+01
-1.2233836400006199e+01
-1.0755274483807677e+01
-9.4392488703076367e+00
-8.2649278507089807e+00
-7.2054473235365251e+00
-6.2529965822549105e+00
-5.3951110407750118e+00
-4.6239379607808617e+00
-3.9343920898192706e+00
-3.3212921977044396e+00
-2.7802377814286032e+00
-2.3060397797026271e+00
-1.8950994823888723e+00
-1.5417285990259495e+00
-1.2416377297827761e+00
-9.8944412065591469e-01
-7.7986591147654793e-01
-6.0798558408347914e-01
-4.6873717355300787e-01
-3.5736641120450069e-01
-2.6945420810204840e-01
-2.0093034198754922e-01
-1.4822998807403959e-01
-1.0826362707000133e-01
-7.8337838389440362e-02
-5.6197669758728905e-02
-4.0075659729215951e-02
-2.8494024565638754e-02
-2.0219302068794957e-02
-1.4433724377185988e-02
-1.0451749385257616e-02
-7.6860120213305154e-03
-5.8207050084913142e-03
-4.5936123086824480e-03
-3.7577806937472919e-03
-3.1990597941069145e-03
-2.8509992255122082e-03
-2.6159193817294484e-03
-2.4415212782944282e-03
-2.3404959099811054e-03
-2.2760984920884701e-03
-2.2019571538400315e-03
-2.1618095269840551e-03
-2.1449498913878374e-03
-2.0943273510188785e-03
-2.0670156372631669e-03
-2.0613317527700447e-03
-2.0203957201333895e-03
-1.9951839080552679e-03
-1.9892272463812727e-03
-1.9575241616793114e-03
-1.9324951182217145e-03
-1.9254128111401043e-03
-1.9006325649005970e-03
-1.8756768802721255e-03
-1.8676285910144853e-03
-1.8483212604653227e-03
-1.8236270023140821e-03
-1.8149085835939666e-03
-1.7999428846912937e-03
-1.7757174107333532e-03
-1.7666107158931629e-03
-1.7550487485856634e-03
-1.7314754016258059e-03
-1.7222277505072030e-03
-1.7132721912614022e-03
-1.6905084477997279e-03
-1.6813344512650447e-03
-1.6743132440881164e-03
-1.6524910117456557e-03
-1.6435739347268397e-03
-1.6379187119294483e-03
-1.6171469044352108e-03
-1.6086420220138623e-03
-1.6038711498578145e-03
-1.5842369948530365e-03
-1.5762737018590665e-03
-1.5719781023760973e-03
-1.5535501655209413e-03
-1.5462356224437922e-03
-1.5420680270456153e-03
-1.5248983737071668e-03
-1.5183201853126019e-03
-1.5139859849701144e-03
-1.4981131069975581e-03
-1.4923426325027327e-03
-1.4875928371600646e-03
-1.4730440570364244e-03
-1.4681391555141595e-03
-1.4627646903945467e-03
-1.4495592582661140e-03
-1.4455676453237727e-03
-1.4393945500640940e-03
-1.4275446270790037e-03
-1.4245050918790863e-03
-1.4173913656892639e-03
-1.4069050041738904e-03
-1.4048503754612801e-03
-1.3966862827141577e-03
-1.3875682417307572e-03
-1.3865260752052343e-03
-1.3772191029038194e-03
-1.3694703021384289e-03
-1.3694622000438835e-03
-1.3589385898096829e-03
-1.3525560030960525e-03
-1.3535975436911381e-03
-1.3417976590287312e-03
-1.3367726430924612e-03
-1.3364012856223115e-03
-1.3257505737257736e-03
-1.3220694607824260e-03
-1.3197962833865512e-03
-1.3107478935391412e-03
-1.3083933631078007e-03
-1.3042213582385440e-03
-1.2967408216935693e-03
-1.2956933792430967e-03
-1.2896401663395319e-03
-1.2836951399763400e-03
-1.2839144394669062e-03
-1.2759749295375483e-03
-1.2715203262284962e-03
-1.2720762642559182e-03
-1.2632664678658592e-03
-1.2602889976679227e-03
-1.2586314233143548e-03
-1.2514739233883590e-03
-1.2499329247455885e-03
-1.2461088275527151e-03
-1.2405587209893948e-03
-1.2404208974200759e-03
-1.2344899640861805e-03
-1.2305044770583101e-03
-1.2313279187805954e-03
-1.2237499953348223e-03
-1.2212874568113422e-03
-1.2197850435839014e-03
-1.2138689106132199e-03
-1.2128893556377670e-03
-1.2091331227668000e-03
-1.2048354782101614e-03
-1.2053099278512603e-03
-1.1993945044397616e-03
-1.1967113567797822e-03
-1.1963554590959107e-03
-1.1908307702167161e-03
-1.1900087438333630e-03
-1.1879691995380303e-03
-1.1852335204710976e-03
-1.1879916961171602e-03
-1.1874806925781880e-03
-1.1929642941309183e-03
-1.2066965589676200e-03
-1.2259781260583482e-03
-1.2668216315874048e-03
-1.3349466499183072e-03
-1.4496537125697707e-03
-1.6450846423606716e-03
-1.9575003254196930e-03
-2.4652741020460018e-03
-3.2724917430824478e-03
-4.5323750349287656e-03
-6.4828985249972063e-03
-9.4500609551293469e-03
-1.3907636632165338e-02
-2.0512685840791949e-02
-3.0151150120687118e-02
-4.4028535521629955e-02
-6.3712359120042861e-02
-9.1220477195496252e-02
-1.2908926279674451e-01
-1.8041054886838001e-01
-2.4886859277472581e-01
-3.3869258427991911e-01
-4.5455572052639309e-01
-6.0137490797187521e-01
-7.8400160728607926e-01
-1.0067777045868003e+00
-1.2727772557296642e+00
-1.5834445415208498e+00
-1.9382198668818849e+00
-2.3325446028481354e+00
-2.7598601964594227e+00
-3.2090119668802761e+00
-3.6663134913438222e+00
-4.1161569886373162e+00
-4.5411021850711268e+00
-4.9242988681556916e+00
-5.2512918269389299e+00
-5.5087288683150764e+00
-5.6886527332132211e+00
-5.7864140910069120e+00
-5.8012650015777920e+00
-5.7362659485408116e+00
-5.5976608566546826e+00
0.0000000000000000e+00
2.4055929233035767e-01
0.0000000000000000e+00
0.0000000000000000e+00
];
