%Vec Object:sol 1 MPI processes
%  type: mpi
sol = [
0.0000000000000000e+00
-3.8359976777464496e+01
-2.8948676430047964e+01
-2.2668883779648827e+01
-1.8122822513318319e+01
-1.4634382767791074e+01
-1.1850508410625844e+01
-9.5733955469004446e+00
-7.6863967236706241e+00
-6.1155684742868361e+00
-4.8106734113475538e+00
-3.7346476437897151e+00
-2.8566042321482827e+00
-2.1503408255150136e+00
-1.5911402618550361e+00
-1.1567907629614549e+00
-8.2556197872485215e-01
-5.7818776705633090e-01
-3.9733723750022298e-01
-2.6796273006539939e-01
-1.7743678172754343e-01
-1.1540481826551671e-01
-7.3868010302405349e-02
-4.6680307681086740e-02
-2.9221510380578925e-02
-1.8250923324342919e-02
-1.1533151600536322e-02
-7.4879074547105602e-03
-5.0657153284461142e-03
-3.6799513319799425e-03
-2.9106689782131840e-03
-2.4290921886358824e-03
-2.1729763716848306e-03
-2.0543479354994541e-03
-1.9460680979866709e-03
-1.8848552458069576e-03
-1.8671984797373207e-03
-1.8312624843438807e-03
-1.7961468522479842e-03
-1.7885440031648514e-03
-1.7729332497557571e-03
-1.7392976748149391e-03
-1.7297409353695086e-03
-1.7253927955779374e-03
-1.6907438984539794e-03
-1.6785251921413785e-03
-1.6825514516666156e-03
-1.6471374978765960e-03
-1.6328045228432876e-03
-1.6389079419301630e-03
-1.6076168771720573e-03
-1.5917343780394472e-03
-1.5951073852747209e-03
-1.5716058584578606e-03
-1.5546383492013897e-03
-1.5558307199045112e-03
-1.5385748775946517e-03
-1.5209027612639123e-03
-1.5203774957501584e-03
-1.5080643494323170e-03
-1.4900110990234039e-03
-1.4881707360283195e-03
-1.4797170848735368e-03
-1.4615679445785755e-03
-1.4587698751606186e-03
-1.4532755718217162e-03
-1.4352813703802103e-03
-1.4318402521187022e-03
-1.4285432255088761e-03
-1.4109207973051349e-03
-1.4071097576843397e-03
-1.4053690662572294e-03
-1.3883010422519849e-03
-1.3843530934692294e-03
-1.3836269434721324e-03
-1.3672646704451462e-03
-1.3633769107821772e-03
-1.3632064695069466e-03
-1.3476734620587515e-03
-1.3440113446042971e-03
-1.3440078674248613e-03
-1.3294039163541647e-03
-1.3261058366470728e-03
-1.3259404200788862e-03
-1.3123450611872533e-03
-1.3095261723963466e-03
-1.3089210233906731e-03
-1.2963965847083007e-03
-1.2941521390684692e-03
-1.2928733638241504e-03
-1.2814679972035317e-03
-1.2798766754513228e-03
-1.2777286403462622e-03
-1.2674791781601851e-03
-1.2666063286181869e-03
-1.2634268328579718e-03
-1.2543605932427314e-03
-1.2542605592944791e-03
-1.2499190724488006e-03
-1.2420587386112868e-03
-1.2427800149334587e-03
-1.2371799217631254e-03
-1.2305459525876340e-03
-1.2321333101383855e-03
-1.2251979391046431e-03
-1.2198093846978412e-03
-1.2223035462224439e-03
-1.2139764127080269e-03
-1.2098478146483583e-03
-1.2132813266740917e-03
-1.2035168095553600e-03
-1.2006518247923729e-03
-1.2025125226415739e-03
-1.1938036703448933e-03
-1.1921938121389997e-03
-1.1919854923432098e-03
-1.1847987657397946e-03
-1.1844281766662762e-03
-1.1821571310870085e-03
-1.1764604990635204e-03
-1.1773141627884377e-03
-1.1730060777434439e-03
-1.1687730419950395e-03
-1.1708406223321561e-03
-1.1645255969009289e-03
-1.1617331291011782e-03
-1.1640339327375858e-03
-1.1567165224082945e-03
-1.1553400706126211e-03
-1.1552862327170765e-03
-1.1495760916111499e-03
-1.1495873763419180e-03
-1.1472356016938839e-03
-1.1430920072410576e-03
-1.1444614821287200e-03
-1.1398784844392556e-03
-1.1372623678390745e-03
-1.1395429807355096e-03
-1.1332053524566329e-03
-1.1320790912416930e-03
-1.1319130183584721e-03
-1.1272103417606220e-03
-1.1275358485328452e-03
-1.1249988100835164e-03
-1.1218844835453740e-03
-1.1236237948572122e-03
-1.1187939300588256e-03
-1.1172225005343689e-03
-1.1179577898899383e-03
-1.1132862457778655e-03
-1.1132136872195990e-03
-1.1115248608778593e-03
-1.1084640427049847e-03
-1.1098483420383363e-03
-1.1058254590782422e-03
-1.1043295684491697e-03
-1.1050542206864262e-03
-1.1008676571450701e-03
-1.1009199340612618e-03
-1.0993036819736191e-03
-1.0968956736432970e-03
-1.0988031706502517e-03
-1.0957111975796947e-03
-1.0967044451509072e-03
-1.1011010020406623e-03
-1.1068202852662656e-03
-1.1261004737772534e-03
-1.1617914329089733e-03
-1.2352640547784800e-03
-1.3827577649352862e-03
-1.6568035429614086e-03
-2.1743658749046081e-03
-3.1176103837232071e-03
-4.8004449279080846e-03
-7.7437282097099075e-03
-1.2763467820339281e-02
-2.1145521702481667e-02
-3.4814510482699165e-02
-5.6578777513744655e-02
-9.0408896187726587e-02
-1.4168914182876283e-01
-2.1744999115097954e-01
-3.2642792041195473e-01
-4.7883951891470755e-01
-6.8582920069282449e-01
-9.5839418363601625e-01
-1.3056684136188967e+00
-1.7325434984116979e+00
-2.2373068100440698e+00
-2.8097049456073844e+00
-3.4295645824445522e+00
-4.0668343009989414e+00
-4.6847889511893728e+00
-5.2438928336943658e+00
-5.7063779870410025e+00
-6.0418204138885647e+00
-6.2310107244682502e+00
-6.2661231275254048e+00
-6.1520049278637803e+00
0.0000000000000000e+00
1.3464638167935297e-01
0.0000000000000000e+00
0.0000000000000000e+00
];
