%Vec Object:sol 1 MPI processes
%  type: mpi
sol = [
0.0000000000000000e+00
-2.6072526001054971e+01
-2.0886446921163856e+01
-1.6725383212117841e+01
-1.3285990858440522e+01
-1.0414043717817751e+01
-8.0156526257946066e+00
-6.0382733974562743e+00
-4.4387628964327597e+00
-3.1763094480650866e+00
-2.2079516821129888e+00
-1.4889409619749092e+00
-9.7292763186613296e-01
-6.1575457804566269e-01
-3.7737042503075774e-01
-2.2404090551688230e-01
-1.2903325541557828e-01
-7.2288588116747030e-02
-3.9541933624348519e-02
-2.1350457726510605e-02
-1.1614067433210157e-02
-6.4998070604897849e-03
-3.9328537712422429e-03
-2.7079482347272896e-03
-2.1017398259333283e-03
-1.8031378845083535e-03
-1.6854446726342091e-03
-1.6308565696923794e-03
-1.5707649534287521e-03
-1.5542173942443209e-03
-1.5636526459015536e-03
-1.5194713448299525e-03
-1.5051082343014994e-03
-1.5190452568979783e-03
-1.4855444529367817e-03
-1.4670553012695632e-03
-1.4747443486507145e-03
-1.4562245586057974e-03
-1.4341286600394476e-03
-1.4365172585230164e-03
-1.4298777402289391e-03
-1.4049715201782710e-03
-1.4030378638325929e-03
-1.4058485664880916e-03
-1.3789004224458300e-03
-1.3735626449163042e-03
-1.3838477226157924e-03
-1.3555539718666822e-03
-1.3476141034250778e-03
-1.3594173020556463e-03
-1.3346535958140384e-03
-1.3247399452377794e-03
-1.3334316473934207e-03
-1.3158024658582450e-03
-1.3043864458215030e-03
-1.3105145961625365e-03
-1.2985313377451039e-03
-1.2859996037578828e-03
-1.2900375118332155e-03
-1.2824627359432148e-03
-1.2691671073547012e-03
-1.2715489148326816e-03
-1.2673745457160125e-03
-1.2536403213408022e-03
-1.2547609793290072e-03
-1.2531558561183537e-03
-1.2392696931648628e-03
-1.2394748056484535e-03
-1.2397332125040764e-03
-1.2259398982438286e-03
-1.2255263433185724e-03
-1.2270525932005902e-03
-1.2135566935838043e-03
-1.2127763697345850e-03
-1.2150661521979750e-03
-1.2020377807767588e-03
-1.2011040741992929e-03
-1.2037303085074902e-03
-1.1913089650890177e-03
-1.1904011136533144e-03
-1.1930017968912506e-03
-1.1813013647181659e-03
-1.1805700629146879e-03
-1.1828394605594443e-03
-1.1719522949133138e-03
-1.1715241745271468e-03
-1.1732052008107514e-03
-1.1632062480053844e-03
-1.1631879472649700e-03
-1.1640654188327594e-03
-1.1550145352442432e-03
-1.1554950629178240e-03
-1.1553894201458794e-03
-1.1473338525473389e-03
-1.1483875397798964e-03
-1.1471498835272211e-03
-1.1401172285656850e-03
-1.1417784045445912e-03
-1.1392783321748472e-03
-1.1333100971931873e-03
-1.1356836718456333e-03
-1.1318500376499003e-03
-1.1269706482304597e-03
-1.1300839714302590e-03
-1.1248432366570799e-03
-1.1210815812558498e-03
-1.1249892103128648e-03
-1.1183034892479585e-03
-1.1156933799718247e-03
-1.1204466290395223e-03
-1.1122885525674021e-03
-1.1108477894318368e-03
-1.1140018410502940e-03
-1.1068090746930424e-03
-1.1065268247308611e-03
-1.1075890380398492e-03
-1.1018073989307508e-03
-1.1026577051942695e-03
-1.1016245598183961e-03
-1.0972175988957118e-03
-1.0991856883229775e-03
-1.0960870368502281e-03
-1.0930402141659120e-03
-1.0961317115683363e-03
-1.0910145462546404e-03
-1.0893241979669818e-03
-1.0925973269538579e-03
-1.0864552278749791e-03
-1.0861045414589340e-03
-1.0870309201583632e-03
-1.0824111372036654e-03
-1.0833664560794063e-03
-1.0819940452891082e-03
-1.0788521047531570e-03
-1.0810835361367626e-03
-1.0774799857425810e-03
-1.0757852527394441e-03
-1.0788657427031286e-03
-1.0735069401213060e-03
-1.0732319604042767e-03
-1.0738841230040750e-03
-1.0700873250489172e-03
-1.0711952854811761e-03
-1.0694910441794261e-03
-1.0672093676193141e-03
-1.0696628921486814e-03
-1.0656791448132566e-03
-1.0648712663182214e-03
-1.0663091722475468e-03
-1.0624472461318731e-03
-1.0630739574083860e-03
-1.0621092751261464e-03
-1.0597918789070971e-03
-1.0618135136784153e-03
-1.0585342624439917e-03
-1.0577166419433832e-03
-1.0590594410486993e-03
-1.0555792013654086e-03
-1.0562189809931130e-03
-1.0551726532794540e-03
-1.0532408654139467e-03
-1.0552964937103006e-03
-1.0519509438388999e-03
-1.0515215613763134e-03
-1.0521517478817189e-03
-1.0493925406011089e-03
-1.0504365023200522e-03
-1.0487782729282774e-03
-1.0476989312736241e-03
-1.0499741060525087e-03
-1.0478520625766641e-03
-1.0514647784597103e-03
-1.0598409284392301e-03
-1.0809166842696001e-03
-1.1397547135069703e-03
-1.2754316221723885e-03
-1.6003146155396674e-03
-2.3403213048498270e-03
-3.9663515952098032e-03
-7.4323475369538804e-03
-1.4551751324506999e-02
-2.8672054456293974e-02
-5.5655453404022587e-02
-1.0527051127688056e-01
-1.9293165009196908e-01
-3.4144072146018867e-01
-5.8209754068127839e-01
-9.5395025244283982e-01
-1.4996411722376204e+00
-2.2558458725975430e+00
-3.2392687509854361e+00
-4.4296561224509450e+00
-5.7577766589892470e+00
-7.1058159342453706e+00
-8.3258880580512802e+00
-9.2739445388462336e+00
-9.8428517676611538e+00
-9.9833065057502139e+00
-9.7075470413443306e+00
0.0000000000000000e+00
2.4055929233035767e-01
0.0000000000000000e+00
0.0000000000000000e+00
];
