%Vec Object:sol 1 MPI processes
%  type: mpi
sol = [
0.0000000000000000e+00
-1.7364386304743551e+01
-1.5266439749416000e+01
-1.3552216418915807e+01
-1.2096984872873721e+01
-1.0879397020648474e+01
-9.8370728489296013e+00
-8.9251597044756519e+00
-8.1272721612872036e+00
-7.4191077042060600e+00
-6.7841609545780619e+00
-6.2111207850761625e+00
-5.6897420960699296e+00
-5.2136405833449029e+00
-4.7774101317562634e+00
-4.3757840699176320e+00
-4.0050324368082348e+00
-3.6623423645879738e+00
-3.3455585181445655e+00
-3.0521696960764046e+00
-2.7794071925948298e+00
-2.5273166686851840e+00
-2.2936842803375947e+00
-2.0773343058876450e+00
-1.8774974896074339e+00
-1.6930510256420650e+00
-1.5229882421147076e+00
-1.3668446337383182e+00
-1.2233439444218113e+00
-1.0920557641204625e+00
-9.7227470003728489e-01
-8.6322461824246355e-01
-7.6409870546450609e-01
-6.7441796237576102e-01
-5.9352206401551011e-01
-5.2077818026372480e-01
-4.5558201575892732e-01
-3.9733230209094939e-01
-3.4542084075363477e-01
-2.9938974234544341e-01
-2.5870603424638594e-01
-2.2287268655471562e-01
-1.9145108802118740e-01
-1.6399279949004411e-01
-1.4006334523735470e-01
-1.1932204510757191e-01
-1.0141324676347034e-01
-8.5966579225151052e-02
-7.2736477764543631e-02
-6.1453275672315316e-02
-5.1820604158238054e-02
-4.3666143512426203e-02
-3.6796851000223577e-02
-3.0994006836735050e-02
-2.6133761740437696e-02
-2.2090513339786625e-02
-1.8709136850789562e-02
-1.5902612745223213e-02
-1.3597502045351147e-02
-1.1687444212502101e-02
-1.0111402354628271e-02
-8.8337846725240320e-03
-7.7835474787006616e-03
-6.9166406655077426e-03
-6.2233422876183135e-03
-5.6569301419329299e-03
-5.1836638140184080e-03
-4.8104808262103343e-03
-4.5066615998091185e-03
-4.2443541088736346e-03
-4.0405213409457335e-03
-3.8745376822210678e-03
-3.7218463587604710e-03
-3.6049146809312275e-03
-3.5092055359730446e-03
-3.4121996021809244e-03
-3.3389067610582763e-03
-3.2782471667296741e-03
-3.2093551075753077e-03
-3.1578911796966537e-03
-3.1145287106608176e-03
-3.0601822865297650e-03
-3.0199642796418123e-03
-2.9851911895382218e-03
-2.9389413099287724e-03
-2.9050108328346068e-03
-2.8746173322414035e-03
-2.8334834345343273e-03
-2.8035830390171859e-03
-2.7755175198052231e-03
-2.7381412554686449e-03
-2.7112585265144868e-03
-2.6844762505955060e-03
-2.6502291819419199e-03
-2.6259036687979135e-03
-2.5998228374358675e-03
-2.5683926397872176e-03
-2.5463990595887523e-03
-2.5206550405956988e-03
-2.4918644681421946e-03
-2.4720768962249824e-03
-2.4464183632211846e-03
-2.4201484782855566e-03
-2.4024844073478346e-03
-2.3767180073275313e-03
-2.3528815693784652e-03
-2.3372859141364169e-03
-2.3112714297670342e-03
-2.2898144342688646e-03
-2.2762697703819852e-03
-2.2499354041059004e-03
-2.2308666191790494e-03
-2.2169121733035084e-03
-2.1928415085542465e-03
-2.1763174984836260e-03
-2.1617114100992299e-03
-2.1407395481785408e-03
-2.1272666811633593e-03
-2.1127371643174164e-03
-2.0958176883464578e-03
-2.0867111638032073e-03
-2.0740645014831359e-03
-2.0635392812926442e-03
-2.0619188187334914e-03
-2.0552991348185435e-03
-2.0565246675326148e-03
-2.0684094486118757e-03
-2.0778776384921312e-03
-2.1024979418225159e-03
-2.1402652822768839e-03
-2.1875124101469836e-03
-2.2597378206667433e-03
-2.3540844020561061e-03
-2.4776168341716265e-03
-2.6456850792824617e-03
-2.8568422457963300e-03
-3.1312491131977021e-03
-3.4868454232399857e-03
-3.9285016576567156e-03
-4.4921561410055707e-03
-5.2003561295622253e-03
-6.0797775690815022e-03
-7.1782245380635655e-03
-8.5334505371127325e-03
-1.0201463723205599e-02
-1.2250722902043357e-02
-1.4743857777572887e-02
-1.7776020810403807e-02
-2.1445090315307717e-02
-2.5857068089199471e-02
-3.1150587749734889e-02
-3.7466142379528049e-02
-4.4968351499152501e-02
-5.3845983466665505e-02
-6.4293803630571689e-02
-7.6541991584278227e-02
-9.0833569533528793e-02
-1.0742556115600960e-01
-1.2660532595826104e-01
-1.4866505374781389e-01
-1.7391415953267270e-01
-2.0266078308189822e-01
-2.3522624306557691e-01
-2.7193410869888773e-01
-3.1309159195017899e-01
-3.5898745171352575e-01
-4.0988487446526300e-01
-4.6600906487665339e-01
-5.2753587013889158e-01
-5.9458199378336885e-01
-6.6718635471317311e-01
-7.4518805092069751e-01
-8.2855893941448777e-01
-9.1706968783409348e-01
-1.0103811913635978e+00
-1.1078401499463411e+00
-1.2089950305477326e+00
-1.3132527211690763e+00
-1.4195123306950070e+00
-1.5271193030998691e+00
-1.6350133102714992e+00
-1.7420716690049802e+00
-1.8472999816905955e+00
-1.9495536294958502e+00
-2.0476237848346930e+00
-2.1407315656414521e+00
-2.2273959441234643e+00
-2.3069582592167599e+00
-2.3786431133472461e+00
-2.4416199188566092e+00
-2.4950331988768610e+00
-2.5386786213770542e+00
-2.5721800573322793e+00
-2.5953649968203369e+00
-2.6081206689332941e+00
-2.6105521768099718e+00
-2.6028481544819839e+00
-2.5853167321152402e+00
-2.5584228386196952e+00
0.0000000000000000e+00
1.3464638167935297e-01
0.0000000000000000e+00
0.0000000000000000e+00
];
