%Vec Object:sol 1 MPI processes
%  type: mpi
sol = [
0.0000000000000000e+00
-8.0313641020019517e+00
-7.5129797040800916e+00
-7.0359610658452238e+00
-6.5917843542868546e+00
-6.1804030181637408e+00
-5.7972736850367657e+00
-5.4392896073346275e+00
-5.1041134685033063e+00
-4.7877154813753924e+00
-4.4877156815154171e+00
-4.2052891109153494e+00
-3.9385313999988201e+00
-3.6843035430836211e+00
-3.4435443599158044e+00
-3.2159924238408957e+00
-2.9985004173291081e+00
-2.7930032816297894e+00
-2.5976860778022215e+00
-2.4127101683740277e+00
-2.2370876982142271e+00
-2.0713206335972489e+00
-1.9140951337725258e+00
-1.7660547163779277e+00
-1.6261016208237626e+00
-1.4944878861385194e+00
-1.3709987895337592e+00
-1.2548721111798358e+00
-1.1462400113519471e+00
-1.0448597817246474e+00
-9.5042718056754316e-01
-8.6242460477088345e-01
-7.8079765703867321e-01
-7.0529756453974113e-01
-6.3562906193042301e-01
-5.7149833512443660e-01
-5.1261995496193302e-01
-4.5863237543920682e-01
-4.0930992780633035e-01
-3.6441493385174045e-01
-3.2365233171631547e-01
-2.8674266522217406e-01
-2.5343850934453599e-01
-2.2346907985376099e-01
-1.9655963885155697e-01
-1.7250058788553435e-01
-1.5105549487595279e-01
-1.3196065216832006e-01
-1.1504953947179503e-01
-1.0012271202682756e-01
-8.6945045276978508e-02
-7.5383790423259961e-02
-6.5278790377561693e-02
-5.6438047639426878e-02
-4.8750534355574589e-02
-4.2098078474196547e-02
-3.6329955703332362e-02
-3.1355599095627795e-02
-2.7094353518889384e-02
-2.3432067939730281e-02
-2.0296110646363462e-02
-1.7637150480688760e-02
-1.5371455773894102e-02
-1.3441077540338400e-02
-1.1821302613369184e-02
-1.0452333861685809e-02
-9.2875743696614679e-03
-8.3205673589316891e-03
-7.5094099820574335e-03
-6.8159417216553291e-03
-6.2464447106126654e-03
-5.7717694571350195e-03
-5.3598993436772312e-03
-5.0254116691302178e-03
-4.7478109149223348e-03
-4.4996269071777700e-03
-4.3003447497118900e-03
-4.1350162011713687e-03
-3.9797523645563899e-03
-3.8564774230101266e-03
-3.7535272415832508e-03
-3.6501322355479296e-03
-3.5689177807012346e-03
-3.4999011469266103e-03
-3.4253268415241713e-03
-3.3673293511505206e-03
-3.3164914617630197e-03
-3.2581923380412027e-03
-3.2132700836157682e-03
-3.1720995734607804e-03
-3.1234379373095800e-03
-3.0862856370961664e-03
-3.0502697809860818e-03
-3.0078194714651075e-03
-2.9757319711187910e-03
-2.9425027123327146e-03
-2.9045311816158314e-03
-2.8761634346374841e-03
-2.8444861627998455e-03
-2.8101447233591990e-03
-2.7848655029942917e-03
-2.7541274735509683e-03
-2.7230561221146133e-03
-2.7006515829497294e-03
-2.6706355274283841e-03
-2.6428278517147668e-03
-2.6234370575551210e-03
-2.5943273099491905e-03
-2.5702038868582015e-03
-2.5544654337975444e-03
-2.5270710361659397e-03
-2.5077980216454037e-03
-2.4948136085352992e-03
-2.4735903130214858e-03
-2.4617933263374032e-03
-2.4544678871502856e-03
-2.4442024094099971e-03
-2.4453719608660551e-03
-2.4506734037957156e-03
-2.4601003579372048e-03
-2.4852098656540510e-03
-2.5168827167187588e-03
-2.5630406587531167e-03
-2.6332209797593534e-03
-2.7173907053249791e-03
-2.8323441509947272e-03
-2.9859437745909955e-03
-3.1715557615106431e-03
-3.4135861387001917e-03
-3.7186959089008614e-03
-4.0934642012465687e-03
-4.5648789924581795e-03
-5.1440482267410981e-03
-5.8539432593082948e-03
-6.7280587559812111e-03
-7.7863583307923485e-03
-9.0727280977718865e-03
-1.0632163066696150e-02
-1.2500634596144922e-02
-1.4747719955203386e-02
-1.7434112898053425e-02
-2.0628607900197396e-02
-2.4424080232323144e-02
-2.8907428296789085e-02
-3.4188543956011987e-02
-4.0392085651209608e-02
-4.7641262889300234e-02
-5.6092218042025362e-02
-6.5906337359317252e-02
-7.7254531038352142e-02
-9.0337268919355146e-02
-1.0535699901233934e-01
-1.2253519051236596e-01
-1.4211041874875974e-01
-1.6432253226102791e-01
-1.8943182914980469e-01
-2.1770021723509941e-01
-2.4938992417598660e-01
-2.8476923552128836e-01
-3.2409546024441926e-01
-3.6761628334121538e-01
-4.1556253154640937e-01
-4.6814118784445136e-01
-5.2552593365584233e-01
-5.8780799944791839e-01
-6.5503573514049995e-01
-7.2728958864420878e-01
-8.0454418794567528e-01
-8.8669771945818010e-01
-9.7354402056538203e-01
-1.0645944257033970e+00
-1.1597189722316246e+00
-1.2585117346779560e+00
-1.3601661776241254e+00
-1.4641873343488152e+00
-1.5701085378596107e+00
-1.6765572627938132e+00
-1.7833826206221570e+00
-1.8891408330612189e+00
-1.9934690037336649e+00
-2.0948425233391763e+00
-2.1929544799092757e+00
-2.2864626986708987e+00
-2.3746846865524160e+00
-2.4569826260585863e+00
-2.5325044426733627e+00
-2.6003995163233578e+00
-2.6604111227490415e+00
-2.7120897826037620e+00
-2.7550179499898282e+00
-2.7889708271692206e+00
-2.8137871666162382e+00
-2.8294170955423166e+00
-2.8359717232510255e+00
-2.8335565521326833e+00
-2.8224577872580352e+00
-2.8029888371574025e+00
-2.7754988184093699e+00
-2.7404521189555417e+00
0.0000000000000000e+00
2.4055929233035767e-01
0.0000000000000000e+00
0.0000000000000000e+00
];
