%Vec Object:sol 1 MPI processes
%  type: mpi
sol = [
0.0000000000000000e+00
-6.4791397971055433e+00
-6.1349036831480399e+00
-5.8121430663804592e+00
-5.5134570535144940e+00
-5.2340699483194619e+00
-4.9670923812610734e+00
-4.7174387734135665e+00
-4.4824312701768294e+00
-4.2566193815985365e+00
-4.0437719081029506e+00
-3.8410640073139035e+00
-3.6469901555348296e+00
-3.4631047716418348e+00
-3.2854108624051581e+00
-3.1169362736793969e+00
-2.9546322729864722e+00
-2.7997303314732704e+00
-2.6509664479232686e+00
-2.5086857289969755e+00
-2.3717397200972834e+00
-2.2411970224554083e+00
-2.1152924816425336e+00
-1.9952437114127146e+00
-1.8798079281670057e+00
-1.7694713207693584e+00
-1.6641695008558555e+00
-1.5629408402396772e+00
-1.4665616042308804e+00
-1.3747424663302512e+00
-1.2867454844122106e+00
-1.2030918952067837e+00
-1.1235884417241675e+00
-1.0480350619879644e+00
-9.7609076877383427e-01
-9.0794924015906986e-01
-8.4347290458208668e-01
-7.8254511497449231e-01
-7.2501344007308577e-01
-6.7062750779299574e-01
-6.1945588457262135e-01
-5.7137573927533913e-01
-5.2626909972545222e-01
-4.8401501215773018e-01
-4.4448729311062457e-01
-4.0758198428894471e-01
-3.7317716323723732e-01
-3.4109310957866906e-01
-3.1130291649547720e-01
-2.8369378252277039e-01
-2.5812313587927532e-01
-2.3450848629010854e-01
-2.1274480344986055e-01
-1.9269723665461694e-01
-1.7428374407951688e-01
-1.5741212318757830e-01
-1.4195884128559241e-01
-1.2784269603974693e-01
-1.1498608836951621e-01
-1.0327912143947340e-01
-9.2642917303714573e-02
-8.3015185031655656e-02
-7.4300807336937114e-02
-6.6424913413678136e-02
-5.9340312312840815e-02
-5.2966750108520470e-02
-4.7234829189234176e-02
-4.2111467115036993e-02
-3.7530462398569872e-02
-3.3428989530142540e-02
-2.9786471715348997e-02
-2.6549351470214189e-02
-2.3661947523272314e-02
-2.1114255093061945e-02
-1.8863584668847196e-02
-1.6861533562338125e-02
-1.5106599338874978e-02
-1.3565024731793067e-02
-1.2195513933194322e-02
-1.1003024585222204e-02
-9.9608057926598038e-03
-9.0343254262735730e-03
-8.2331066405900138e-03
-7.5356116694489488e-03
-6.9136695821825434e-03
-6.3797002020485058e-03
-5.9157958086489184e-03
-5.4997667551711597e-03
-5.1455248986797542e-03
-4.8374581130601526e-03
-4.5590513493574732e-03
-4.3245777384310425e-03
-4.1196449736678811e-03
-3.9332056471414094e-03
-3.7790270237673031e-03
-3.6431108620750227e-03
-3.5197799143991898e-03
-3.4216745007258492e-03
-3.3346011488926183e-03
-3.2582656949388788e-03
-3.2037872002918404e-03
-3.1564124540222034e-03
-3.1213494329802201e-03
-3.1080197531895772e-03
-3.1009519846113974e-03
-3.1111122341074882e-03
-3.1462534974422470e-03
-3.1902443237529277e-03
-3.2602067551666569e-03
-3.3624753105309423e-03
-3.4805491477957655e-03
-3.6382732243217340e-03
-3.8386030858838746e-03
-4.0725917898380339e-03
-4.3642023801890428e-03
-4.7157657832544450e-03
-5.1281731402575198e-03
-5.6250758297162907e-03
-6.2097722507824830e-03
-6.8940935169487499e-03
-7.7027232760196115e-03
-8.6413841983003295e-03
-9.7342165327402239e-03
-1.1008614493727208e-02
-1.2474523847058069e-02
-1.4170009933584192e-02
-1.6126232748105655e-02
-1.8362209757049330e-02
-2.0928920903256647e-02
-2.3862029296396903e-02
-2.7198947652416795e-02
-3.0998157351240379e-02
-3.5304595825538312e-02
-4.0175516548712487e-02
-4.5678833359538672e-02
-5.1870660047149048e-02
-5.8826474504193163e-02
-6.6625280140945445e-02
-7.5337078787987954e-02
-8.5058277420853465e-02
-9.5875051594956642e-02
-1.0787698791994928e-01
-1.2116876529683358e-01
-1.3584582325895037e-01
-1.5201324476421377e-01
-1.6977999637778957e-01
-1.8924621945143721e-01
-2.1052406478896585e-01
-2.3371859692246702e-01
-2.5892984613469427e-01
-2.8626108691785285e-01
-3.1580458210340345e-01
-3.4764710017183564e-01
-3.8186753226778170e-01
-4.1853276693478003e-01
-4.5769712164016935e-01
-4.9934452143782421e-01
-5.4351680290266258e-01
-5.9023441683490885e-01
-6.3948303026832742e-01
-6.9122279076165560e-01
-7.4538786902899801e-01
-8.0184777582872779e-01
-8.6037535444818158e-01
-9.2095913788927641e-01
-9.8344178581631392e-01
-1.0476162560299114e+00
-1.1129714841763649e+00
-1.1795398140604876e+00
-1.2470569951268724e+00
-1.3149435174076134e+00
-1.3830605626713559e+00
-1.4512130049564349e+00
-1.5185567653854779e+00
-1.5852624467607743e+00
-1.6506131950380987e+00
-1.7144390901502957e+00
-1.7762492149202016e+00
-1.8358072285102780e+00
-1.8926198058958825e+00
-1.9466364217973078e+00
-1.9971504158030380e+00
-2.0443488127306217e+00
-2.0876061502287349e+00
-2.1268673917882905e+00
-2.1621138887119238e+00
-2.1928262995085288e+00
-2.2190959102005747e+00
-2.2409562907915661e+00
-2.2582350433905356e+00
-2.2707319127909114e+00
-2.2787148752328168e+00
-2.2821961786417257e+00
-2.2812658346899166e+00
-2.2758090502982382e+00
-2.2660830281795716e+00
-2.2522822597980388e+00
-2.2345500743340070e+00
-2.2130923527882675e+00
0.0000000000000000e+00
2.4055929233035767e-01
0.0000000000000000e+00
0.0000000000000000e+00
];
