%Vec Object:sol 1 MPI processes
%  type: mpi
sol = [
0.0000000000000000e+00
-9.0796010115597579e+00
-8.4206013244847639e+00
-7.8196010980143207e+00
-7.2688363260695610e+00
-6.7610118351156716e+00
-6.2900769066888502e+00
-5.8518199299000804e+00
-5.4420752644020851e+00
-5.0571746917542040e+00
-4.6958231774754129e+00
-4.3566872956146323e+00
-4.0376130128305094e+00
-3.7361079870529266e+00
-3.4516268674476147e+00
-3.1842254163735748e+00
-2.9316832527592065e+00
-2.6939316833057805e+00
-2.4707335370590138e+00
-2.2606398784620829e+00
-2.0638692063167103e+00
-1.8796889732197595e+00
-1.7075878956205053e+00
-1.5475086039430483e+00
-1.3982925114420373e+00
-1.2601416904988909e+00
-1.1325295686830901e+00
-1.0147872345668141e+00
-9.0650366573053409e-01
-8.0736434328097939e-01
-7.1687916274341312e-01
-6.3455842382959704e-01
-5.5990648494120587e-01
-4.9236360636221993e-01
-4.3155952187408270e-01
-3.7703617679643070e-01
-3.2833427191091785e-01
-2.8497330455831538e-01
-2.4652505841812139e-01
-2.1258236143971060e-01
-1.8271692673163603e-01
-1.5653574135756343e-01
-1.3370299076757455e-01
-1.1386134553432502e-01
-9.6661587590645692e-02
-8.1848279418627046e-02
-6.9142302631895608e-02
-5.8243767926345599e-02
-4.8976111937596871e-02
-4.1131874693133945e-02
-3.4471890355317766e-02
-2.8877448272971659e-02
-2.4204067285450218e-02
-2.0277544875854044e-02
-1.7014075673422165e-02
-1.4324160622567965e-02
-1.2085610962916380e-02
-1.0240154904509255e-02
-8.7397958105599402e-03
-7.5013498900159724e-03
-6.4835688566223324e-03
-5.6678252674971369e-03
-4.9986126181784454e-03
-4.4449586282273353e-03
-4.0078068953797947e-03
-3.6503822938146577e-03
-3.3472781301506290e-03
-3.1117065526288217e-03
-2.9190515430594943e-03
-2.7466217985664763e-03
-2.6147736060303439e-03
-2.5064895394957204e-03
-2.4003602678989628e-03
-2.3204629427021287e-03
-2.2543342444245303e-03
-2.1813829664223509e-03
-2.1271886862109135e-03
-2.0818503857625071e-03
-2.0257174433265753e-03
-1.9844531563089117e-03
-1.9494154945988019e-03
-1.9023228685124498e-03
-1.8680077557404005e-03
-1.8382152692914887e-03
-1.7965837076925075e-03
-1.7665097398919234e-03
-1.7395188804360097e-03
-1.7017360406834064e-03
-1.6747050527675749e-03
-1.6492886422426005e-03
-1.6146255912967262e-03
-1.5901068982537988e-03
-1.5655940094458276e-03
-1.5337040437172363e-03
-1.5114509889648973e-03
-1.4874268665817905e-03
-1.4581221033807563e-03
-1.4380035220374252e-03
-1.4141786699398526e-03
-1.3873373463247876e-03
-1.3692693586568729e-03
-1.3454274540146448e-03
-1.3209566503333341e-03
-1.3048763297921946e-03
-1.2808407590996105e-03
-1.2586645668918256e-03
-1.2445239417219112e-03
-1.2201595118729910e-03
-1.2002243711323681e-03
-1.1880015428546496e-03
-1.1632277518284413e-03
-1.1455269778267380e-03
-1.1327906244128383e-03
-1.1101039460987639e-03
-1.0947481355861681e-03
-1.0812042791629598e-03
-1.0613492675292172e-03
-1.0487409292825951e-03
-1.0349840162089017e-03
-1.0187482434520295e-03
-1.0099960969734592e-03
-9.9757766504118221e-04
-9.8699814864945234e-04
-9.8485898523010770e-04
-9.7749731199918140e-04
-9.7744561799992529e-04
-9.8741692576960840e-04
-9.9456625595922290e-04
-1.0160830869615424e-03
-1.0500122913893128e-03
-1.0928132983594686e-03
-1.1597912221023446e-03
-1.2483655266625246e-03
-1.3658148725753008e-03
-1.5277301163397062e-03
-1.7335004624769636e-03
-2.0040373682415590e-03
-2.3585322989581889e-03
-2.8039548966039890e-03
-3.3784849556694587e-03
-4.1081348042931861e-03
-5.0241636575679167e-03
-6.1800341366407135e-03
-7.6211876319325434e-03
-9.4131842272666064e-03
-1.1636470322194217e-02
-1.4368984647460356e-02
-1.7724304435856094e-02
-2.1823100629364444e-02
-2.6799128016160672e-02
-3.2823911807089740e-02
-4.0077462924393528e-02
-4.8769703307909182e-02
-5.9142242626049904e-02
-7.1453414557708900e-02
-8.6004146750243149e-02
-1.0311775260170089e-01
-1.2314133305298720e-01
-1.4646094206751137e-01
-1.7347723233224910e-01
-2.0461568919007503e-01
-2.4031941443637370e-01
-2.8103395902060563e-01
-3.2721104715475302e-01
-3.7928839051101670e-01
-4.3768083074708258e-01
-5.0276601912723384e-01
-5.7487177977985737e-01
-6.5425330148701299e-01
-7.4093152731285483e-01
-8.3507767766716057e-01
-9.3662593612241818e-01
-1.0453934151349311e+00
-1.1608907175305947e+00
-1.2824896697598436e+00
-1.4097542158164380e+00
-1.5416069738542395e+00
-1.6769235500639930e+00
-1.8148728462980261e+00
-1.9535063737056775e+00
-2.0920723099488305e+00
-2.2284788480998521e+00
-2.3615052253010056e+00
-2.4897696203995205e+00
-2.6111633627728343e+00
-2.7247088237214490e+00
-2.8290714129465608e+00
-2.9230054890193045e+00
-3.0054942712440131e+00
-3.0756336512942615e+00
-3.1328258025051259e+00
-3.1766274062593194e+00
-3.2068042461452344e+00
-3.2233870788396382e+00
-3.2264813275599407e+00
-3.2164627328840876e+00
-3.1937975288170031e+00
-3.1590793179309560e+00
-3.1130721807748021e+00
0.0000000000000000e+00
2.4055929233035767e-01
0.0000000000000000e+00
0.0000000000000000e+00
];
