%Vec Object:sol 1 MPI processes
%  type: mpi
sol = [
0.0000000000000000e+00
-6.8036773524494647e+00
-6.4266597451966083e+00
-6.0726988634251633e+00
-5.7453484031507882e+00
-5.4407348317527164e+00
-5.1519685265804265e+00
-4.8795803450428750e+00
-4.6242823992027944e+00
-4.3818322188262169e+00
-4.1503930764654537e+00
-3.9321929652109286e+00
-3.7234714835794809e+00
-3.5242387089342766e+00
-3.3352729233907765e+00
-3.1531478759477474e+00
-2.9803103703681351e+00
-2.8139760167215071e+00
-2.6558300317427044e+00
-2.5037727073413114e+00
-2.3589043219108530e+00
-2.2197703024185667e+00
-2.0874292101320373e+00
-1.9601510564944740e+00
-1.8390356984705618e+00
-1.7234753478475011e+00
-1.6129295388463161e+00
-1.5078959149323254e+00
-1.4078878037174103e+00
-1.3125607263153520e+00
-1.2221790531228380e+00
-1.1366000579491613e+00
-1.0552611948850930e+00
-9.7832154482827838e-01
-9.0573430420672951e-01
-8.3731229816339015e-01
-7.7288645971215619e-01
-7.1215421591557160e-01
-6.5518572117471630e-01
-6.0183032820063265e-01
-5.5193824630159327e-01
-5.0536251930351495e-01
-4.6196565160774855e-01
-4.2160089619584834e-01
-3.8407614794644979e-01
-3.4928961472772735e-01
-3.1713400218648113e-01
-2.8744312862952137e-01
-2.6010923003499775e-01
-2.3499892188901067e-01
-2.1194595693069906e-01
-1.9085400448575243e-01
-1.7160169473375705e-01
-1.5403601369071940e-01
-1.3806352077518366e-01
-1.2358055126800588e-01
-1.1045088043566746e-01
-9.8585138043702586e-02
-8.7898886144460203e-02
-7.8274573535309616e-02
-6.9628594539467750e-02
-6.1895847624237721e-02
-5.4977830938452737e-02
-4.8798106563357459e-02
-4.3309862867487989e-02
-3.8432768649379688e-02
-3.4098416168657650e-02
-3.0276363847952577e-02
-2.6902642658578921e-02
-2.3917212069413753e-02
-2.1303515305303656e-02
-1.9011614967571741e-02
-1.6989658717960397e-02
-1.5232284473967267e-02
-1.3701043665202759e-02
-1.2351764416529189e-02
-1.1187627419412604e-02
-1.0179162506431416e-02
-9.2892223879286317e-03
-8.5270911973222407e-03
-7.8699691028456375e-03
-7.2870721059971957e-03
-6.7916637798793363e-03
-6.3656066346715013e-03
-5.9839057207814184e-03
-5.6620392453934944e-03
-5.3848630214579467e-03
-5.1327313248531138e-03
-4.9219293419473535e-03
-4.7389722811080441e-03
-4.5692702328762160e-03
-4.4288354200840343e-03
-4.3048146408578760e-03
-4.1875174988701552e-03
-4.0918875383215486e-03
-4.0049405644359956e-03
-3.9218469418206775e-03
-3.8559268649435378e-03
-3.7935298963980035e-03
-3.7347451756393271e-03
-3.6909184795639953e-03
-3.6473967131933536e-03
-3.6093236287359403e-03
-3.5859029825446691e-03
-3.5613123293655609e-03
-3.5459861177134290e-03
-3.5469831096027996e-03
-3.5473201885504349e-03
-3.5630621251880202e-03
-3.5993002553596954e-03
-3.6380915989110553e-03
-3.7016068801296602e-03
-3.7909017576825102e-03
-3.8948768809014996e-03
-4.0350916411289999e-03
-4.2111891394058954e-03
-4.4210784363910441e-03
-4.6851581974245637e-03
-5.0031271874481824e-03
-5.3829168160944123e-03
-5.8450240024344804e-03
-6.3905853318868625e-03
-7.0389159779646370e-03
-7.8122952838754504e-03
-8.7151266298752719e-03
-9.7798747780115883e-03
-1.1031809709466975e-02
-1.2483692995970569e-02
-1.4180492472816468e-02
-1.6151564492300017e-02
-1.8427998383750779e-02
-2.1062423855265255e-02
-2.4093787801297534e-02
-2.7573946765678984e-02
-3.1566132647056939e-02
-3.6121261344052906e-02
-4.1313253186703765e-02
-4.7219169239653004e-02
-5.3906781626759194e-02
-6.1473760318152625e-02
-7.0008418871715605e-02
-7.9604355444972838e-02
-9.0373426603503323e-02
-1.0241951735543416e-01
-1.1585961197354264e-01
-1.3081775094279133e-01
-1.4741068280728103e-01
-1.6577244215089165e-01
-1.8603226940191958e-01
-2.0831695220893312e-01
-2.3276201321436371e-01
-2.5949323780544054e-01
-2.8863493167579962e-01
-3.2030719533478952e-01
-3.5461828848490295e-01
-3.9166876922383698e-01
-4.3154473091914880e-01
-4.7431728958097752e-01
-5.1996173059698414e-01
-5.6855940227935187e-01
-6.2012077504503416e-01
-6.7462199291292491e-01
-7.3202105759506608e-01
-7.9223177186248195e-01
-8.5501025426073429e-01
-9.2025068179246561e-01
-9.8782896922305030e-01
-1.0575459384154118e+00
-1.1289613359736199e+00
-1.2018017073391136e+00
-1.2759215673088287e+00
-1.3507772080573988e+00
-1.4259139297101067e+00
-1.5012267625582782e+00
-1.5758426874746332e+00
-1.6497193003888970e+00
-1.7221637482790104e+00
-1.7928294000673655e+00
-1.8612262645231097e+00
-1.9269902043393317e+00
-1.9895491982341802e+00
-2.0488758134266796e+00
-2.1039937095044685e+00
-2.1551523051934898e+00
-2.2019036074807747e+00
-2.2437016363359930e+00
-2.2806925220117304e+00
-2.3126630095430176e+00
-2.3392629827275262e+00
-2.3604902823986911e+00
-2.3764376730915013e+00
-2.3870726921880907e+00
-2.3924023774473797e+00
-2.3923428458337908e+00
-2.3871415444960196e+00
-2.3769908391991250e+00
-2.3620396313256675e+00
-2.3424661599528571e+00
-2.3185188535651293e+00
0.0000000000000000e+00
2.4055929233035767e-01
0.0000000000000000e+00
0.0000000000000000e+00
];
