%Vec Object:sol 1 MPI processes
%  type: mpi
sol = [
0.0000000000000000e+00
-1.4765692765350744e+01
-1.3231397172989858e+01
-1.1923678037493319e+01
-1.0810811836778877e+01
-9.8529088313443758e+00
-9.0183231595028062e+00
-8.2837655586744852e+00
-7.6300029307045474e+00
-7.0453711204372658e+00
-6.5183302912509928e+00
-6.0406279249471035e+00
-5.6044222943425970e+00
-5.2036159003289164e+00
-4.8335360259518740e+00
-4.4911995610673001e+00
-4.1733435911336265e+00
-3.8776353878877665e+00
-3.6022817710822821e+00
-3.3438443967398208e+00
-3.1021585468940307e+00
-2.8764163676493237e+00
-2.6639595349306289e+00
-2.4650684529807418e+00
-2.2784236855371685e+00
-2.1034355288138906e+00
-1.9392692915585601e+00
-1.7855690434662497e+00
-1.6415061447388422e+00
-1.5070014180874058e+00
-1.3810154617278467e+00
-1.2635870332067107e+00
-1.1542670176457024e+00
-1.0523875770619244e+00
-9.5774584044626354e-01
-8.7004384451279060e-01
-7.8889985109256267e-01
-7.1391199950614304e-01
-6.4469297800342940e-01
-5.8103744543534430e-01
-5.2261521034903602e-01
-4.6910870611202449e-01
-4.2022101772801540e-01
-3.7565213702595424e-01
-3.3510226142030231e-01
-2.9829066164343221e-01
-2.6497029232932867e-01
-2.3487081518647304e-01
-2.0778013455476707e-01
-1.8346340174056361e-01
-1.6165563391669449e-01
-1.4218078923522529e-01
-1.2484105712035533e-01
-1.0941009770266204e-01
-9.5736237326316892e-02
-8.3662707578694373e-02
-7.3002849982845300e-02
-6.3628117536229045e-02
-5.5420865690964952e-02
-4.8232291510689376e-02
-4.1955422143653213e-02
-3.6507670566610528e-02
-3.1774152484330270e-02
-2.7667187101795988e-02
-2.4133886771196513e-02
-2.1088110285366814e-02
-1.8458681222210654e-02
-1.6216556333958118e-02
-1.4298728291763948e-02
-1.2647628611453897e-02
-1.1252346371171822e-02
-1.0067632059876539e-02
-9.0467911994814021e-03
-8.1919529607771928e-03
-7.4708739856102265e-03
-6.8454156060860343e-03
-6.3264901196191060e-03
-5.8909160709661266e-03
-5.5073248266130801e-03
-5.1920373600863774e-03
-4.9278220732969389e-03
-4.6888320848308997e-03
-4.4942387441100958e-03
-4.3304043688807119e-03
-4.1762257751566823e-03
-4.0518569690776232e-03
-3.9455288692686044e-03
-3.8404735050751762e-03
-3.7565060708181042e-03
-3.6824942258011006e-03
-3.6058610349518588e-03
-3.5451711876847126e-03
-3.4890647989210947e-03
-3.4291832462706156e-03
-3.3822244452431159e-03
-3.3360002941344954e-03
-3.2864966471663941e-03
-3.2481365700822015e-03
-3.2074908364122310e-03
-3.1650623419981648e-03
-3.1327366147842939e-03
-3.0955669440268299e-03
-3.0587541269891153e-03
-3.0314935080291605e-03
-2.9971370194041571e-03
-2.9657818623856883e-03
-2.9438579226177741e-03
-2.9129155836203737e-03
-2.8881547786219924e-03
-2.8732441538657618e-03
-2.8479170723601818e-03
-2.8327085203306243e-03
-2.8261024884686107e-03
-2.8136708526634961e-03
-2.8140062693295556e-03
-2.8226547691196000e-03
-2.8327617955494688e-03
-2.8598809194292788e-03
-2.8975316105216047e-03
-2.9468520903133625e-03
-3.0209728524238496e-03
-3.1120703478366980e-03
-3.2299406315106560e-03
-3.3862374506667312e-03
-3.5728383901226270e-03
-3.8092487628520900e-03
-4.1060637305436751e-03
-4.4592925467323071e-03
-4.8968056850938338e-03
-5.4285143301182675e-03
-6.0643507828935777e-03
-6.8350688208942620e-03
-7.7551863027915321e-03
-8.8511073713439126e-03
-1.0159597668966581e-02
-1.1703175362509203e-02
-1.3527888321895672e-02
-1.5679899273255665e-02
-1.8194971421212854e-02
-2.1141157765428461e-02
-2.4575495908832581e-02
-2.8560705280467884e-02
-3.3180896265874303e-02
-3.8511486831882762e-02
-4.4645104690283342e-02
-5.1685259141402096e-02
-5.9728792612226758e-02
-6.8899274059646437e-02
-7.9318942561531505e-02
-9.1112378349367931e-02
-1.0442555194851330e-01
-1.1939833511993096e-01
-1.3618077172668791e-01
-1.5493096385616573e-01
-1.7578961520690356e-01
-1.9892298869186539e-01
-2.2448821819182621e-01
-2.5263354148365724e-01
-2.8350709557357484e-01
-3.1724182131425532e-01
-3.5395901096156118e-01
-3.9376370213609885e-01
-4.3674009362476623e-01
-4.8294714812150691e-01
-5.3241677338100257e-01
-5.8510116176087212e-01
-6.4094655979810566e-01
-6.9992228119390143e-01
-7.6190900185831012e-01
-8.2674506925284896e-01
-8.9415678580769786e-01
-9.6381508265173355e-01
-1.0355476961604275e+00
-1.1090228936310671e+00
-1.1835902101955795e+00
-1.2590349678492352e+00
-1.3349490589029236e+00
-1.4104466757069696e+00
-1.4854486410201484e+00
-1.5591064793168832e+00
-1.6310580229598506e+00
-1.7006467843126127e+00
-1.7674252715776484e+00
-1.8307730788896721e+00
-1.8904305935057586e+00
-1.9455614202844864e+00
-1.9961653588927037e+00
-2.0416542304201619e+00
-2.0816901145053595e+00
-2.1161987351969196e+00
-2.1449121936068849e+00
-2.1674846395127561e+00
-2.1840791006147540e+00
-2.1946840726434651e+00
-2.1992290225490478e+00
-2.1976732676733191e+00
-2.1903391673652104e+00
-2.1773819764971312e+00
-2.1590431457064994e+00
0.0000000000000000e+00
1.3464638167935297e-01
0.0000000000000000e+00
0.0000000000000000e+00
];
