%Vec Object:sol 1 MPI processes
%  type: mpi
sol = [
0.0000000000000000e+00
-1.5297234910837362e+01
-1.3481284177950551e+01
-1.1908830975441997e+01
-1.0517526648211609e+01
-9.2824950062365854e+00
-8.1718961239422470e+00
-7.1717410587748569e+00
-6.2652613190732716e+00
-5.4460572188265726e+00
-4.7064160331530891e+00
-4.0413355534856592e+00
-3.4459096038887287e+00
-2.9153597665214073e+00
-2.4467878225346609e+00
-2.0362989480387301e+00
-1.6793608117031711e+00
-1.3722139377907403e+00
-1.1107401596156894e+00
-8.9013397751578149e-01
-7.0617740076482771e-01
-5.5456915058716827e-01
-4.3105759891806689e-01
-3.3162983401079094e-01
-2.5251545090622424e-01
-1.9033368904188408e-01
-1.4208306802793672e-01
-1.0508381445475355e-01
-7.7033001986424099e-02
-5.6068902842991472e-02
-4.0596368918814844e-02
-2.9253325193865646e-02
-2.1089547254490124e-02
-1.5295495061888683e-02
-1.1172076556791640e-02
-8.3053923273679765e-03
-6.3510138636178404e-03
-4.9949083357242879e-03
-4.0693084691408978e-03
-3.4660489569117723e-03
-3.0557785142987853e-03
-2.7625717227304520e-03
-2.5818185459695773e-03
-2.4643942168111311e-03
-2.3552074160138312e-03
-2.2919337051157322e-03
-2.2597510703949945e-03
-2.1988582146283933e-03
-2.1644951837778842e-03
-2.1537948099837893e-03
-2.1091272815437741e-03
-2.0809812012572539e-03
-2.0725882377894776e-03
-2.0387697103759670e-03
-2.0118294390835817e-03
-2.0029712166021816e-03
-1.9765152365907967e-03
-1.9499575902686853e-03
-1.9403644503554510e-03
-1.9195645350749359e-03
-1.8934237550606002e-03
-1.8832984668208704e-03
-1.8669659194082879e-03
-1.8414120855323982e-03
-1.8310108096959324e-03
-1.8181888340961464e-03
-1.7933899500144003e-03
-1.7829468123086193e-03
-1.7728263683399481e-03
-1.7489289248563027e-03
-1.7386481698188642e-03
-1.7305474881739353e-03
-1.7076740490106718e-03
-1.6977300265539554e-03
-1.6910723506658857e-03
-1.6693237760098032e-03
-1.6598640904325506e-03
-1.6541605694481501e-03
-1.6336171698749051e-03
-1.6247646220388982e-03
-1.6195999543406575e-03
-1.6003243213887017e-03
-1.5921803578016385e-03
-1.5872018560684903e-03
-1.5692408431168252e-03
-1.5618880684826527e-03
-1.5567963640642747e-03
-1.5401838820491445e-03
-1.5336892548214018e-03
-1.5282311583536153e-03
-1.5129904885399898e-03
-1.5074079784934602e-03
-1.5013706882561007e-03
-1.4875174812184829e-03
-1.4828913148717310e-03
-1.4760974895828747e-03
-1.4636406029434439e-03
-1.4600063170517928e-03
-1.4523107449967150e-03
-1.4412550390182661e-03
-1.4386422672038337e-03
-1.4299320140736252e-03
-1.4202790418247273e-03
-1.4187121249492466e-03
-1.4088914720981963e-03
-1.4006389873391471e-03
-1.4001364197269981e-03
-1.3891285932165103e-03
-1.3822706936842308e-03
-1.3828453381568376e-03
-1.3705881732036086e-03
-1.3651139071845595e-03
-1.3643012972544900e-03
-1.3532181845071006e-03
-1.3491121986714625e-03
-1.3464219072818486e-03
-1.3369645652983396e-03
-1.3342082183856799e-03
-1.3296419317300801e-03
-1.3217746018259989e-03
-1.3203471473244254e-03
-1.3139210886835575e-03
-1.3076084738596245e-03
-1.3074887747848189e-03
-1.2992190598915007e-03
-1.2944281356501795e-03
-1.2946208998994943e-03
-1.2854567202022493e-03
-1.2821419513874258e-03
-1.2801573079743219e-03
-1.2726804260677984e-03
-1.2708258304168912e-03
-1.2666937709359361e-03
-1.2608410038004484e-03
-1.2604052432160595e-03
-1.2541815705651865e-03
-1.2499080313105048e-03
-1.2504478955670591e-03
-1.2425915527058886e-03
-1.2398551424253176e-03
-1.2380838974802089e-03
-1.2319048747319768e-03
-1.2306691785596328e-03
-1.2266664079387337e-03
-1.2221363679021174e-03
-1.2224008531395876e-03
-1.2163138981979805e-03
-1.2135247488275190e-03
-1.2131768380726870e-03
-1.2078583686106887e-03
-1.2075836574630423e-03
-1.2066743316756624e-03
-1.2060529335868857e-03
-1.2125659675732289e-03
-1.2185107001387299e-03
-1.2348342400704216e-03
-1.2664253203233024e-03
-1.3146428783853033e-03
-1.4016444167673763e-03
-1.5423067330931481e-03
-1.7693294459773094e-03
-2.1361087065814577e-03
-2.7060719904508611e-03
-3.5951126018738356e-03
-4.9581065232319954e-03
-7.0154733326347942e-03
-1.0091866512712086e-02
-1.4622299519275949e-02
-2.1213321183713503e-02
-3.0678275221916494e-02
-4.4079755821376430e-02
-6.2811773935246229e-02
-8.8629626394471223e-02
-1.2371701237521998e-01
-1.7072567502512676e-01
-2.3277768761372136e-01
-3.1345658572617829e-01
-4.1671657578154148e-01
-5.4673703594227452e-01
-7.0768793559329757e-01
-9.0341788131787226e-01
-1.1369534653414104e+00
-1.4098022465415407e+00
-1.7223303865511881e+00
-2.0719559033402870e+00
-2.4538296412935470e+00
-2.8599424259800226e+00
-3.2801553070753005e+00
-3.7016002486201485e+00
-4.1099425637258955e+00
-4.4907396164894946e+00
-4.8304686747930488e+00
-5.1157729473595817e+00
-5.3382891984334240e+00
-5.4903108447762454e+00
-5.5690346192910658e+00
-5.5745963470382751e+00
-5.5097918421970693e+00
-5.3800561722710158e+00
0.0000000000000000e+00
2.4055929233035767e-01
0.0000000000000000e+00
0.0000000000000000e+00
];
