%Vec Object:sol 1 MPI processes
%  type: mpi
sol = [
0.0000000000000000e+00
-7.3368932093063091e+00
-6.9030404844159392e+00
-6.4952775642729739e+00
-6.1187428426170820e+00
-5.7690202370046881e+00
-5.4423734565007598e+00
-5.1341756088254842e+00
-4.8429978102261311e+00
-4.5689941960181697e+00
-4.3104269146094243e+00
-4.0632538151577586e+00
-3.8293907390778710e+00
-3.6077802340473339e+00
-3.3950535311666563e+00
-3.1936757914468616e+00
-3.0012124377470140e+00
-2.8176977321460828e+00
-2.6430951036848858e+00
-2.4762095295505158e+00
-2.3173643597523861e+00
-2.1660354783363092e+00
-2.0219202898359314e+00
-1.8850822493434383e+00
-1.7546298115188890e+00
-1.6311941026238803e+00
-1.5140113782984901e+00
-1.4029028626470204e+00
-1.2980739206203693e+00
-1.1991262606628210e+00
-1.1055712222449214e+00
-1.0176724819635357e+00
-9.3515900881983560e-01
-8.5782301536191241e-01
-7.8528678856797418e-01
-7.1752759834520730e-01
-6.5439443865510560e-01
-5.9568210577650149e-01
-5.4119044979652309e-01
-4.9072545210330815e-01
-4.4408321932209666e-01
-4.0099807982969649e-01
-3.6136697093898890e-01
-3.2500054529343303e-01
-2.9169078242323460e-01
-2.6127602846603454e-01
-2.3357137886476120e-01
-2.0836474439557934e-01
-1.8552028140933183e-01
-1.6487136379693554e-01
-1.4621545672241748e-01
-1.2943541865243641e-01
-1.1438666797808333e-01
-1.0089169099762266e-01
-8.8843080547541170e-02
-7.8124107405415033e-02
-6.8584775574422288e-02
-6.0128822543642158e-02
-5.2667352872812830e-02
-4.6077866309319836e-02
-4.0276051095604351e-02
-3.5198890054772496e-02
-3.0749455477644211e-02
-2.6855291226610734e-02
-2.3476021087621722e-02
-2.0537115310028886e-02
-1.7977143578054987e-02
-1.5774454906313976e-02
-1.3873108692099918e-02
-1.2221457472259249e-02
-1.0812493011737827e-02
-9.6049728187584012e-03
-8.5556073413684663e-03
-7.6682055478886945e-03
-6.9126058565934321e-03
-6.2525235527937997e-03
-5.6992434868962114e-03
-5.2305463810846751e-03
-4.8160273441906478e-03
-4.4716892780047590e-03
-4.1806755547637141e-03
-3.9176309075447183e-03
-3.7011030814739225e-03
-3.5175682287092863e-03
-3.3461837017809718e-03
-3.2063960798824377e-03
-3.0864725784431920e-03
-2.9697981100811652e-03
-2.8755117938549330e-03
-2.7925332665774149e-03
-2.7083829326255684e-03
-2.6410334177973450e-03
-2.5792341617397905e-03
-2.5146828610222252e-03
-2.4635890942811111e-03
-2.4139476554365701e-03
-2.3617585368977947e-03
-2.3210670492840135e-03
-2.2787080715093761e-03
-2.2351539647726009e-03
-2.2020297655190682e-03
-2.1647446239284134e-03
-2.1284302080595368e-03
-2.1021537932010104e-03
-2.0697370034323667e-03
-2.0411914135717553e-03
-2.0229844441417427e-03
-1.9972930461217395e-03
-1.9792626192189711e-03
-1.9728259834303256e-03
-1.9585753686979794e-03
-1.9571076540341723e-03
-1.9675553607592850e-03
-1.9765411322205831e-03
-2.0031396481725197e-03
-2.0440501247638095e-03
-2.0938205811437088e-03
-2.1691537626641840e-03
-2.2654656403483728e-03
-2.3859320568918947e-03
-2.5458161075607860e-03
-2.7402946097132585e-03
-2.9822364195482660e-03
-3.2868535043660695e-03
-3.6506257141632544e-03
-4.0976996749642362e-03
-4.6442657551873682e-03
-5.2931192089885580e-03
-6.0790787518644048e-03
-7.0204717343301136e-03
-8.1367854278311582e-03
-9.4690175366555652e-03
-1.1043727335250551e-02
-1.2900473284446625e-02
-1.5090431965236609e-02
-1.7652684958130431e-02
-2.0650816221906051e-02
-2.4150377741182512e-02
-2.8208951220321604e-02
-3.2917056740855620e-02
-3.8356781795330377e-02
-4.4617769797069759e-02
-5.1811050244546783e-02
-6.0041047814720763e-02
-6.9433088477841909e-02
-8.0122810112694565e-02
-9.2241594987573672e-02
-1.0594633247788830e-01
-1.2139383320122536e-01
-1.3874388127383211e-01
-1.5817474649976188e-01
-1.7985936972229480e-01
-2.0397777041296325e-01
-2.3071421967567865e-01
-2.6024491230856817e-01
-2.9274919431575558e-01
-3.2839623380962801e-01
-3.6734373386471897e-01
-4.0973745871064238e-01
-4.5570411985071424e-01
-5.0534727375069444e-01
-5.5868962287935664e-01
-6.1576871247084763e-01
-6.7662641422485159e-01
-7.4123164010718845e-01
-8.0951335571572536e-01
-8.8134353836835022e-01
-9.5635151416697550e-01
-1.0344441560122404e+00
-1.1153807435652039e+00
-1.1988153741489456e+00
-1.2840238759069236e+00
-1.3709329776529460e+00
-1.4589665707541839e+00
-1.5472844571527615e+00
-1.6358069926910350e+00
-1.7233956639011188e+00
-1.8099302950189708e+00
-1.8943615067718456e+00
-1.9765098217542716e+00
-2.0552268384189669e+00
-2.1304817251703754e+00
-2.2012867192360530e+00
-2.2673001810793991e+00
-2.3281949522378098e+00
-2.3833147713634832e+00
-2.4323017154404765e+00
-2.4750425547874246e+00
-2.5113103290007190e+00
-2.5408656035798853e+00
-2.5634041145212336e+00
-2.5791156710512118e+00
-2.5880064778240155e+00
-2.5901818525339233e+00
-2.5857201476694049e+00
-2.5748315429944690e+00
-2.5577261044566426e+00
-2.5346560990097169e+00
-2.5059598039911006e+00
0.0000000000000000e+00
2.4055929233035767e-01
0.0000000000000000e+00
0.0000000000000000e+00
];
