%Vec Object:sol 1 MPI processes
%  type: mpi
sol = [
0.0000000000000000e+00
-1.2931982786115842e+01
-1.1759040305743785e+01
-1.0722768305582889e+01
-9.8207551902878247e+00
-9.0335056270580072e+00
-8.3404021590543689e+00
-7.7254885817535390e+00
-7.1763061773494892e+00
-6.6801915542995518e+00
-6.2295021104664752e+00
-5.8189882750557214e+00
-5.4425607922187931e+00
-5.0957446109019058e+00
-4.7752616112865454e+00
-4.4780402188627360e+00
-4.1996254187500366e+00
-3.9395020317237801e+00
-3.6965882599280779e+00
-3.4685787214252080e+00
-3.2529963942408733e+00
-3.0508286208508357e+00
-2.8600026013754505e+00
-2.6794337721588932e+00
-2.5095097154521051e+00
-2.3481232097394429e+00
-2.1961861487856522e+00
-2.0517968171103678e+00
-1.9158525478215593e+00
-1.7868540715610044e+00
-1.6650675553222547e+00
-1.5501234923249330e+00
-1.4413046312066013e+00
-1.3387851946988589e+00
-1.2421240391334631e+00
-1.1508859464775054e+00
-1.0651052162174592e+00
-9.8454090577136044e-01
-9.0874485506727642e-01
-8.3761880823557655e-01
-7.7103878308097362e-01
-7.0878807560626234e-01
-6.5065103285178572e-01
-5.9635162011487952e-01
-5.4574929857540599e-01
-4.9871311665740803e-01
-4.5506011743572938e-01
-4.1459715270863023e-01
-3.7716787887491260e-01
-3.4260635818552437e-01
-3.1072455019070405e-01
-2.8138784044746090e-01
-2.5442769967163870e-01
-2.2968029541767995e-01
-2.0703700312928700e-01
-1.8636649978962450e-01
-1.6751012778443392e-01
-1.5035206335006146e-01
-1.3478248050012179e-01
-1.2066223306702260e-01
-1.0788468308135644e-01
-9.6361601452448223e-02
-8.5974093103624222e-02
-7.6625220665821767e-02
-6.8247449817551126e-02
-6.0741700230070181e-02
-5.4021307498964791e-02
-4.8037698923537889e-02
-4.2710175452669627e-02
-3.7962680996875060e-02
-3.3763217342093081e-02
-3.0047377261159986e-02
-2.6749574263093812e-02
-2.3851677056622923e-02
-2.1303105648392023e-02
-1.9048218482848527e-02
-1.7079959248163315e-02
-1.5358990183497562e-02
-1.3838851183076881e-02
-1.2520879043395843e-02
-1.1374475992989594e-02
-1.0361510509178586e-02
-9.4892791155550583e-03
-8.7336457374411949e-03
-8.0639853217364509e-03
-7.4914508397862017e-03
-6.9963949356993717e-03
-6.5549875053781985e-03
-6.1804967214053406e-03
-5.8561279129183200e-03
-5.5642863445557944e-03
-5.3189709123889432e-03
-5.1049362382011455e-03
-4.9104266268670711e-03
-4.7491158839740033e-03
-4.6063108401831164e-03
-4.4758542704692586e-03
-4.3703300241382586e-03
-4.2748739180765690e-03
-4.1888249953857563e-03
-4.1231644811458475e-03
-4.0623771687439093e-03
-4.0113122909961338e-03
-3.9790614439246530e-03
-3.9491850120016454e-03
-3.9321874841019037e-03
-3.9351781598695916e-03
-3.9407196874337675e-03
-3.9652372785461141e-03
-4.0139605407289005e-03
-4.0685812174299420e-03
-4.1518448553977561e-03
-4.2648959151937449e-03
-4.3964382133772619e-03
-4.5685491342937938e-03
-4.7808431360030507e-03
-5.0310950086417117e-03
-5.3399750416577383e-03
-5.7068646119152137e-03
-6.1393986707821780e-03
-6.6578464084239130e-03
-7.2624442059297471e-03
-7.9716929872889544e-03
-8.8067487163876780e-03
-9.7700777251655564e-03
-1.0892277860090348e-02
-1.2195993611926465e-02
-1.3690408004736539e-02
-1.5416756043156754e-02
-1.7399420807212112e-02
-1.9663508993000733e-02
-2.2254912774294620e-02
-2.5204247326713641e-02
-2.8553826835580477e-02
-3.2355943775994073e-02
-3.6649198339676420e-02
-4.1493976466884443e-02
-4.6949938974845298e-02
-5.3066095135319361e-02
-5.9919691438197795e-02
-6.7575930394865355e-02
-7.6102860458773555e-02
-8.5584681688819900e-02
-9.6094686085494374e-02
-1.0771710630003939e-01
-1.2054095972078747e-01
-1.3464510197265164e-01
-1.5012216169548162e-01
-1.6705202846633763e-01
-1.8552531309307432e-01
-2.0563375523623892e-01
-2.2745774463719434e-01
-2.5107682126395553e-01
-2.7656763474221041e-01
-3.0399499593351864e-01
-3.3342061481518553e-01
-3.6489426609173548e-01
-3.9845413748925251e-01
-4.3412629561199884e-01
-4.7192289726976072e-01
-5.1179638990069110e-01
-5.5372146307689507e-01
-5.9768966856517447e-01
-6.4363529467999026e-01
-6.9147780507893342e-01
-7.4111825753848082e-01
-7.9231301885793437e-01
-8.4496906709387465e-01
-8.9895768569167733e-01
-9.5408888243656520e-01
-1.0100182576652679e+00
-1.0665418065505712e+00
-1.1235179433089333e+00
-1.1805722410845836e+00
-1.2373291383496625e+00
-1.2937351670658166e+00
-1.3492401081719028e+00
-1.4036621645964014e+00
-1.4567692707681674e+00
-1.5080068875082786e+00
-1.5574578920173578e+00
-1.6043853094642422e+00
-1.6490012696915415e+00
-1.6905976229277924e+00
-1.7293526479960935e+00
-1.7647405123304811e+00
-1.7967888637625489e+00
-1.8252868385208105e+00
-1.8499970910899703e+00
-1.8710491251759647e+00
-1.8881006067131030e+00
-1.9012677119673875e+00
-1.9106134032746169e+00
-1.9158889802742065e+00
-1.9173215671768735e+00
-1.9150374433544013e+00
-1.9088982481489833e+00
-1.8991239631355601e+00
-1.8859428928395350e+00
0.0000000000000000e+00
1.3464638167935297e-01
0.0000000000000000e+00
0.0000000000000000e+00
];
