%Vec Object:sol 1 MPI processes
%  type: mpi
sol = [
0.0000000000000000e+00
-7.1805416677865335e+00
-6.7637326855863895e+00
-6.3720553189374218e+00
-6.0101927556630130e+00
-5.6739120299417953e+00
-5.3596474375106347e+00
-5.0610168978711210e+00
-4.7805818001376599e+00
-4.5165553651936508e+00
-4.2657995926525087e+00
-4.0270533458412725e+00
-3.8012584459141681e+00
-3.5856896798478104e+00
-3.3800486307774573e+00
-3.1851907013455212e+00
-2.9976138908579331e+00
-2.8197784339938883e+00
-2.6494093594877222e+00
-2.4873872993960773e+00
-2.3321308691814799e+00
-2.1848595335392318e+00
-2.0436961761694237e+00
-1.9097647618327942e+00
-1.7819749245051284e+00
-1.6605484504066110e+00
-1.5454788572374447e+00
-1.4358539987211671e+00
-1.3321789423889854e+00
-1.2342165227927648e+00
-1.1415109669159798e+00
-1.0539864341423986e+00
-9.7162804024033855e-01
-8.9423884988546476e-01
-8.2163305229080397e-01
-7.5342643415847388e-01
-6.8968272518836848e-01
-6.3021547040844905e-01
-5.7483947169250194e-01
-5.2337493785328837e-01
-4.7563492773433252e-01
-4.3143730081572973e-01
-3.9054917074136286e-01
-3.5287474558865123e-01
-3.1822274110418020e-01
-2.8644275434763106e-01
-2.5736266417547565e-01
-2.3078393105359363e-01
-2.0657895511532642e-01
-1.8459061698138418e-01
-1.6462653194709964e-01
-1.4657516942689652e-01
-1.3029806703064728e-01
-1.1562402927258636e-01
-1.0244890989425355e-01
-9.0658881889964293e-02
-8.0106951842368157e-02
-7.0697896430936408e-02
-6.2343140538405388e-02
-5.4920606616323510e-02
-4.8345231561969342e-02
-4.2552487529006158e-02
-3.7444095367140412e-02
-3.2945621450950924e-02
-2.9014083630610660e-02
-2.5572575303954237e-02
-2.2557026752817705e-02
-1.9942709865379809e-02
-1.7670890457759172e-02
-1.5687097217327979e-02
-1.3981235983312242e-02
-1.2509292260203178e-02
-1.1225308418668268e-02
-1.0130295870667216e-02
-9.1916134591636771e-03
-8.3706648166399882e-03
-7.6763781721146899e-03
-7.0844779080830173e-03
-6.5626876215079122e-03
-6.1251375658618644e-03
-5.7533669275708190e-03
-5.4205891930019529e-03
-5.1439351413989295e-03
-4.9086942297557551e-03
-4.6929829513639451e-03
-4.5152204341086608e-03
-4.3628384052172668e-03
-4.2184990749071401e-03
-4.1006247868546177e-03
-3.9975760818862479e-03
-3.8963937703383072e-03
-3.8145692711149819e-03
-3.7405004308515297e-03
-3.6655824148573339e-03
-3.6057168869572795e-03
-3.5486992664565961e-03
-3.4903530015308647e-03
-3.4445433049246719e-03
-3.3980194191296545e-03
-3.3511693127837201e-03
-3.3155382972091213e-03
-3.2765429228393092e-03
-3.2393066646706401e-03
-3.2129082533104694e-03
-3.1812672228917066e-03
-3.1544655927601621e-03
-3.1390829606246771e-03
-3.1175012831795362e-03
-3.1050368581392674e-03
-3.1058650734057170e-03
-3.1009277693111806e-03
-3.1111360001982611e-03
-3.1360530834594821e-03
-3.1628382950122558e-03
-3.2111071846316576e-03
-3.2782494785557189e-03
-3.3596153866899485e-03
-3.4727685575174851e-03
-3.6141730497584752e-03
-3.7881738145784430e-03
-4.0113234467980732e-03
-4.2803197434537893e-03
-4.6096780107581529e-03
-5.0164422706671374e-03
-5.4992020794756707e-03
-6.0843234896306303e-03
-6.7904700821133967e-03
-7.6232080316241896e-03
-8.6202027231184752e-03
-9.8029421572749399e-03
-1.1194297595872366e-02
-1.2838722807032160e-02
-1.4766530310352776e-02
-1.7021093478463246e-02
-1.9657431208658399e-02
-2.2718683855123191e-02
-2.6272252439499360e-02
-3.0387436961358334e-02
-3.5124151385336873e-02
-4.0576788826299164e-02
-4.6830371433371112e-02
-5.3976771222306860e-02
-6.2129113769187040e-02
-7.1393983007362508e-02
-8.1894642378855353e-02
-9.3764915076606226e-02
-1.0713347890910563e-01
-1.2215219152416282e-01
-1.3897139115697080e-01
-1.5774270641763666e-01
-1.7863333837652337e-01
-2.0180363848379645e-01
-2.2741832463632203e-01
-2.5564362150925607e-01
-2.8663617282078546e-01
-3.2055224806662724e-01
-3.5753618550578770e-01
-3.9771928119195749e-01
-4.4121786435998739e-01
-4.8812895111469790e-01
-5.3846305934408289e-01
-5.9227767592320024e-01
-6.4961432010311471e-01
-7.1044530129222683e-01
-7.7471217571541839e-01
-8.4231964288421335e-01
-9.1294433022098165e-01
-9.8648676368673249e-01
-1.0627598198395902e+00
-1.1414845771463795e+00
-1.2220251214108733e+00
-1.3042414391378567e+00
-1.3877933892955758e+00
-1.4717785730178103e+00
-1.5561016296688222e+00
-1.6400713719501123e+00
-1.7230561652569365e+00
-1.8046862838582458e+00
-1.8841410290456673e+00
-1.9610842975601217e+00
-2.0348742990893887e+00
-2.1049175284336457e+00
-2.1710272562167665e+00
-2.2322367754071100e+00
-2.2885207459372237e+00
-2.3395736148968398e+00
-2.3847792957667031e+00
-2.4239769710820300e+00
-2.4571409432452138e+00
-2.4840642186568997e+00
-2.5046712338785544e+00
-2.5187212295050347e+00
-2.5264156607127757e+00
-2.5278953776783135e+00
-2.5232269464329553e+00
-2.5126042759773468e+00
-2.4962171257672874e+00
-2.4742928018986463e+00
-2.4471398681125329e+00
0.0000000000000000e+00
2.4055929233035767e-01
0.0000000000000000e+00
0.0000000000000000e+00
];
