%Vec Object:sol 1 MPI processes
%  type: mpi
sol = [
0.0000000000000000e+00
-7.5527172861690900e+01
-3.5144361919767952e+01
-1.6815074726892494e+01
-9.3962992879312583e+00
-5.9095843236624166e+00
-4.0322798215033862e+00
-2.9163511622840685e+00
-2.2022837528346821e+00
-1.7194897392478536e+00
-1.3782965076036262e+00
-1.1282831367015353e+00
-9.4005246757544492e-01
-7.9490469735683711e-01
-6.8054971686565569e-01
-5.8887181899266183e-01
-5.1437347091581542e-01
-4.5301496795155932e-01
-4.0183876313645744e-01
-3.5877570145777687e-01
-3.2220668059887531e-01
-2.9084170529065356e-01
-2.6378211317067685e-01
-2.4028381310780322e-01
-2.1972614869643936e-01
-2.0163894947934069e-01
-1.8566404094162756e-01
-1.7147786288058287e-01
-1.5881502962134611e-01
-1.4748284313816842e-01
-1.3730062917417096e-01
-1.2810109830256858e-01
-1.1978005319716288e-01
-1.1223025694165380e-01
-1.0534539017533906e-01
-9.9060902450681429e-02
-9.3311748696000826e-02
-8.8030782143166120e-02
-8.3171992652483054e-02
-7.8696206132425589e-02
-7.4559932682058461e-02
-7.0728398219093713e-02
-6.7177990194724452e-02
-6.3880016684494584e-02
-6.0806986960684199e-02
-5.7944884292998960e-02
-5.5274535012769875e-02
-5.2773478726654492e-02
-5.0433717417649931e-02
-4.8241903903889473e-02
-4.6180552419780273e-02
-4.4244177520708125e-02
-4.2423423117109317e-02
-4.0705511894163320e-02
-3.9085485473005513e-02
-3.7557098376810802e-02
-3.6110895097990342e-02
-3.4742362617149095e-02
-3.3447379589928529e-02
-3.2218865351639522e-02
-3.1052714072775590e-02
-2.9946260921506252e-02
-2.8894141270944567e-02
-2.7892636320905818e-02
-2.6940080216535673e-02
-2.6032359333480009e-02
-2.5166127759671073e-02
-2.5338118217207575e-02
-2.6040421745047112e-02
-2.6773386407513807e-02
-2.7540683369195209e-02
-2.8343753566052791e-02
-2.9183666914416206e-02
-3.0064807830223316e-02
-3.0989239107381862e-02
-3.1958414331370547e-02
-3.2977590348976869e-02
-3.4049605672863116e-02
-3.5176566809804452e-02
-3.6364832992554802e-02
-3.7618247489353725e-02
-3.8939940030564953e-02
-4.0337708486500694e-02
-4.1816744583725245e-02
-4.3381725733037856e-02
-4.5042387566657793e-02
-4.6805793054928532e-02
-4.8678931345384487e-02
-5.0674232013382600e-02
-5.2801440073913304e-02
-5.5070989751583463e-02
-5.7499022217984461e-02
-6.0098686780063811e-02
-6.2886245280302247e-02
-6.5883733265621705e-02
-6.9110901114063775e-02
-7.2591477302968332e-02
-7.6356297304798038e-02
-8.0434691637189706e-02
-8.4863179312721124e-02
-8.9686698422408201e-02
-9.4950339235586739e-02
-1.0071163210500636e-01
-1.0703908980793746e-01
-1.1400489938793719e-01
-1.2170267018342341e-01
-1.3024238751438275e-01
-1.3974531721474251e-01
-1.5037050734895030e-01
-1.6230546640382221e-01
-1.7576612383939813e-01
-1.9103858202418594e-01
-2.0846483249133038e-01
-2.2846281792462667e-01
-2.5158278019822577e-01
-2.7850971178077377e-01
-3.1012507729355826e-01
-3.4760488518298471e-01
-3.9248572549982796e-01
-4.4681445168516687e-01
-5.1350926783402850e-01
-5.9659572790830939e-01
-7.0189895233823207e-01
-8.3803395767767275e-01
-1.0180565108303421e+00
-1.2622355864946631e+00
-1.6041125695292433e+00
-2.0992628873861587e+00
-2.8414268630552200e+00
-3.9764206115577565e+00
-5.6174142744653990e+00
-7.2230597407315633e+00
-7.4235439708874456e+00
-6.9327492021783712e+00
-6.2021924757650675e+00
-4.5901872739005967e+00
-3.0108586131877217e+00
-1.9973553086486522e+00
-1.3866510467495341e+00
-1.0065466135866850e+00
-7.5846496424260201e-01
-5.8917438912746534e-01
-4.6921381673258927e-01
-3.8141440829470341e-01
-3.1538585529458013e-01
-2.6457616762960384e-01
-2.2468424235350792e-01
-1.9283113976825159e-01
-1.6701976314724132e-01
-1.4582464269056156e-01
-1.2822292758097323e-01
-1.1345135876070268e-01
-1.0094007403939059e-01
-9.0256886110059206e-02
-8.1062430456173049e-02
-7.3097157526711448e-02
-6.6153220826263653e-02
-6.0062844181392017e-02
-5.4694718062803127e-02
-4.9938547513909484e-02
-4.5705356692742893e-02
-4.1922375550313709e-02
-3.8526516587120849e-02
-3.5467953177716151e-02
-3.2703058725741113e-02
-3.0194544355684062e-02
-2.8475747823801280e-02
-2.9708471743080164e-02
-3.1027009204386644e-02
-3.2439784061154518e-02
-3.3954455532951282e-02
-3.5582229114874034e-02
-3.7333339343244218e-02
-3.9219696600490787e-02
-4.1255404891800199e-02
-4.3453236457870713e-02
-4.5829954894704469e-02
-4.8401323741313215e-02
-5.1182833095941578e-02
-5.4191264103739770e-02
-5.7437246509084224e-02
-6.0927905479730496e-02
-6.4656720627274941e-02
-6.8591927798220001e-02
-7.2662850942020615e-02
-7.6715941653402592e-02
-8.0454582671512731e-02
-8.3305673686505710e-02
-8.4143034042481732e-02
-8.0684867530056825e-02
-6.7913519211996412e-02
-3.2709686403076366e-02
5.6139867714011464e-02
1.5163384079178174e-01
2.4247928518655015e-01
3.2886453633535645e-01
4.1090169964906526e-01
4.8865284891960015e-01
5.6215813606053688e-01
0.0000000000000000e+00
1.3464638167935258e-01
0.0000000000000000e+00
0.0000000000000000e+00
];
