%Vec Object:sol 1 MPI processes
%  type: mpi
sol = [
0.0000000000000000e+00
-1.0333527301252857e+02
-3.7909674784613031e+01
-1.6948274248475428e+01
-9.2672782703364689e+00
-5.7711410896685251e+00
-3.9161402233165603e+00
-2.8222621118415185e+00
-2.1253679977781630e+00
-1.6554241921103805e+00
-1.3242057180992075e+00
-1.0819987396800630e+00
-8.9976713619957127e-01
-7.5943157697848962e-01
-6.4904251513541222e-01
-5.6068316475897828e-01
-4.8889180673341981e-01
-4.2981771761211440e-01
-3.8058877503136163e-01
-3.3920124321186873e-01
-3.0408590916729306e-01
-2.7399173219238920e-01
-2.4805053287091339e-01
-2.2554256963770120e-01
-2.0586705814637948e-01
-1.8857850682503235e-01
-1.7332174327150315e-01
-1.5977843636865838e-01
-1.4769867127303823e-01
-1.3689701261916384e-01
-1.2719925297134252e-01
-1.1844396996855069e-01
-1.1053109097290174e-01
-1.0335735733824328e-01
-9.6820343173391166e-02
-9.0858051706330489e-02
-8.5407944036903702e-02
-8.0405466072905565e-02
-7.5806418564692668e-02
-7.1573178568464582e-02
-6.7664014619066362e-02
-6.4045563400039848e-02
-6.0695141784524148e-02
-5.7585258707894327e-02
-5.4689614842940951e-02
-5.1994705714523762e-02
-4.9482174788973612e-02
-4.7130627513037884e-02
-4.4932293331750403e-02
-4.2874401327477538e-02
-4.0940366898967573e-02
-3.9124823635161121e-02
-3.7418819651517568e-02
-3.5810274311779716e-02
-3.4294364999658961e-02
-3.2865097664569833e-02
-3.1513559105688496e-02
-3.0235392934750385e-02
-2.9026616659232306e-02
-2.7880574034942408e-02
-2.6793335293681799e-02
-2.5762291679648556e-02
-2.4782412680759171e-02
-2.3850170718243694e-02
-2.2963895294069621e-02
-2.2119737439961210e-02
-2.1314552261235655e-02
-2.1389612866964332e-02
-2.1908820819704654e-02
-2.2448549817266208e-02
-2.3011535719616786e-02
-2.3598508050093711e-02
-2.4209830698569620e-02
-2.4848700170027629e-02
-2.5516232413726563e-02
-2.6212961178278874e-02
-2.6942624112783444e-02
-2.7706796796244885e-02
-2.8506353189651727e-02
-2.9345690494682702e-02
-3.0226956426425877e-02
-3.1151590376842966e-02
-3.2124823191715363e-02
-3.3149546249997948e-02
-3.4228072136594935e-02
-3.5366723882386923e-02
-3.6569399242276951e-02
-3.7839718556107661e-02
-3.9185486687460754e-02
-4.0612014927793691e-02
-4.2124864705388503e-02
-4.3733922787159998e-02
-4.5446557198019599e-02
-4.7271225240320784e-02
-4.9220427960238344e-02
-5.1304903350946139e-02
-5.3537562271730864e-02
-5.5935886014761411e-02
-5.8515162487308085e-02
-6.1295032447380868e-02
-6.4300145358138702e-02
-6.7553621878194692e-02
-7.1086019378729617e-02
-7.4933748744144171e-02
-7.9133188291111184e-02
-8.3733166749046170e-02
-8.8790371179793257e-02
-9.4364774782913483e-02
-1.0053745120229045e-01
-1.0740216010880578e-01
-1.1506346996426295e-01
-1.2366324069980705e-01
-1.3336695736751647e-01
-1.4437308767218068e-01
-1.5694479998413238e-01
-1.7140264658149465e-01
-1.8815364434134815e-01
-2.0773790818286486e-01
-2.3084814887196514e-01
-2.5841087875690677e-01
-2.9169007971598920e-01
-3.3240193976937554e-01
-3.8295487983390730e-01
-4.4684570356818243e-01
-5.2912110737252260e-01
-6.3730394305526072e-01
-7.8254527273694852e-01
-9.8070531345813416e-01
-1.2506831372812355e+00
-1.5974304986800778e+00
-1.9439463322856061e+00
-2.0824470622175926e+00
-1.9844592624434261e+00
-1.8483939398034595e+00
-1.7189533131601826e+00
-1.5037221392111144e+00
-1.1909417284719774e+00
-8.9436756489050973e-01
-6.6978150685143811e-01
-5.1076509966401618e-01
-3.9859318620621254e-01
-3.1808459209739409e-01
-2.5898229910906667e-01
-2.1459881555166224e-01
-1.8055619152566577e-01
-1.5394575129606852e-01
-1.3278220933835083e-01
-1.1569913594620741e-01
-1.0172317970104976e-01
-9.0148467674674410e-02
-8.0462570665334757e-02
-7.2276988978084156e-02
-6.5298883144503023e-02
-5.9304662012480358e-02
-5.4116263345395460e-02
-4.9597559913445950e-02
-4.5638453807383045e-02
-4.2149113310317787e-02
-3.9059725919056758e-02
-3.6310647110915285e-02
-3.3853782138654309e-02
-3.1649902456261453e-02
-2.9664198296831638e-02
-2.7869803504395142e-02
-2.6242732004920895e-02
-2.4762269024151396e-02
-2.3883861755027967e-02
-2.5501834813425127e-02
-2.7283608199459051e-02
-2.9251638685545239e-02
-3.1430636014525490e-02
-3.3852284073525453e-02
-3.6552031217790625e-02
-3.9572630762867697e-02
-4.2966440597503548e-02
-4.6793857156128063e-02
-5.1131543783366144e-02
-5.6071241312430138e-02
-6.1725529934043136e-02
-6.8237246370253496e-02
-7.5781606431350609e-02
-8.4584093715425940e-02
-9.4932418823239412e-02
-1.0719926783951071e-01
-1.2187885544394748e-01
-1.3962383795817990e-01
-1.6132329755519245e-01
-1.8820104433550813e-01
-2.2196521491400467e-01
-2.6506656669283579e-01
-3.2104951891769729e-01
-3.9513784221725795e-01
-4.9502876144892577e-01
-6.3167017632112676e-01
-8.1844609867512019e-01
-1.0618920885904906e+00
-1.3218057205604543e+00
-1.4513869239662700e+00
-1.3475003816031395e+00
0.0000000000000000e+00
1.3464638167935297e-01
0.0000000000000000e+00
0.0000000000000000e+00
];
