%Vec Object:sol 1 MPI processes
%  type: mpi
sol = [
0.0000000000000000e+00
-6.9420238109257738e+01
-3.4155790793516658e+01
-1.6671982092695266e+01
-9.3821962108592842e+00
-5.9156386256854994e+00
-4.0425662288735351e+00
-2.9267253589495854e+00
-2.2115228470351505e+00
-1.7273451160164444e+00
-1.3849542425930601e+00
-1.1341763655961319e+00
-9.4521070660154016e-01
-7.9931235300296533e-01
-6.8441682067140430e-01
-5.9235490097798982e-01
-5.1752750708778605e-01
-4.5588593114007891e-01
-4.0446521585998468e-01
-3.6118953423085848e-01
-3.2441267096262200e-01
-2.9286283492928600e-01
-2.6564358252985976e-01
-2.4200632571658406e-01
-2.2132700904359320e-01
-2.0314149107923873e-01
-1.8707965808168434e-01
-1.7281499053886634e-01
-1.6008105720590707e-01
-1.4868419554526141e-01
-1.3844296907393652e-01
-1.2918947111238627e-01
-1.2081889509715785e-01
-1.1322351953961816e-01
-1.0629662554136687e-01
-9.9973279713932231e-02
-9.4188115709717135e-02
-8.8873713173349453e-02
-8.3983814483215694e-02
-7.9479027202162572e-02
-7.5315669620626691e-02
-7.1458797793927983e-02
-6.7884650208015873e-02
-6.4564398377076934e-02
-6.1470426815839939e-02
-5.8588617983019647e-02
-5.5899700291174755e-02
-5.3381114933338233e-02
-5.1024797364232488e-02
-4.8817329089456907e-02
-4.6741144870808334e-02
-4.4790714191269780e-02
-4.2956628156560726e-02
-4.1226057708817501e-02
-3.9593939654126525e-02
-3.8054165273311714e-02
-3.6597028090299077e-02
-3.5218129230198930e-02
-3.3913150280964706e-02
-3.2674967313811726e-02
-3.1499511637045292e-02
-3.0384187893241724e-02
-2.9323597049537894e-02
-2.8313995288246983e-02
-2.7353704736461589e-02
-2.6438584329418036e-02
-2.5565265304044352e-02
-2.5746517972824338e-02
-2.6466938863877892e-02
-2.7219008244097117e-02
-2.8006479978995108e-02
-2.8830864614762312e-02
-2.9693302846276477e-02
-3.0598284546902749e-02
-3.1547963601604799e-02
-3.2543884694266313e-02
-3.3591440018667415e-02
-3.4693588015678685e-02
-3.5852555302831858e-02
-3.7074876338387713e-02
-3.8364553646487345e-02
-3.9724878782285547e-02
-4.1163879124485818e-02
-4.2686960314135845e-02
-4.4299022204949079e-02
-4.6010105343180313e-02
-4.7827564151833105e-02
-4.9758699350093041e-02
-5.1816352727532759e-02
-5.4010672733105849e-02
-5.6352551339196526e-02
-5.8858854225501966e-02
-6.1543863854543364e-02
-6.4423907394930049e-02
-6.7521826211799543e-02
-7.0858221983692599e-02
-7.4457813398142420e-02
-7.8352636040694146e-02
-8.2573293112282051e-02
-8.7157818965562947e-02
-9.2152959762324613e-02
-9.7605772819732733e-02
-1.0357617960199035e-01
-1.1013552402613595e-01
-1.1735915545019074e-01
-1.2534459854304611e-01
-1.3420647817377274e-01
-1.4407138768612421e-01
-1.5510508582675009e-01
-1.6750311008233826e-01
-1.8149088793906351e-01
-1.9736670094073705e-01
-2.1548735070391986e-01
-2.3628905742489104e-01
-2.6034578583555318e-01
-2.8836529922234427e-01
-3.2125380253044727e-01
-3.6024855569732417e-01
-4.0695194401981610e-01
-4.6353690549699450e-01
-5.3301284410809824e-01
-6.1957373301215235e-01
-7.2928495056431297e-01
-8.7110743646887423e-01
-1.0583515144014795e+00
-1.3124876436816089e+00
-1.6680746318088522e+00
-2.1819083366651828e+00
-2.9508702121518611e+00
-4.1219273725411094e+00
-5.8009212247034796e+00
-7.4189078154571337e+00
-7.6071577848177849e+00
-7.1065912737013024e+00
-6.3674440696206229e+00
-4.7323260719926852e+00
-3.1142496884553204e+00
-2.0699028103287418e+00
-1.4389367458930311e+00
-1.0457822263768499e+00
-7.8887631121780910e-01
-6.1351153641400957e-01
-4.8917869683984849e-01
-3.9813475069680304e-01
-3.2962929176313122e-01
-2.7688108462123190e-01
-2.3545668396462441e-01
-2.0237255717781982e-01
-1.7555310280211317e-01
-1.5352175672727608e-01
-1.3521878317063113e-01
-1.1985319328373885e-01
-1.0683430524445391e-01
-9.5714067554969404e-02
-8.6140541253402203e-02
-7.7844560074953648e-02
-7.0610517605506448e-02
-6.4264314655179705e-02
-5.8669730985899129e-02
-5.3712276877745192e-02
-4.9299604195891994e-02
-4.5356199902459739e-02
-4.1816532922262645e-02
-3.8628921099727979e-02
-3.5748076234188395e-02
-3.3135280622115862e-02
-3.1380432251049119e-02
-3.2887747816980131e-02
-3.4515685769786607e-02
-3.6278437276395972e-02
-3.8190463086636560e-02
-4.0271485512615016e-02
-4.2541934101365364e-02
-4.5026389739055088e-02
-4.7754732026995872e-02
-5.0758962198716923e-02
-5.4080924771444799e-02
-5.7768352680368444e-02
-6.1877781523061726e-02
-6.6480117925481655e-02
-7.1657356168004380e-02
-7.7513466758107955e-02
-8.4174790250450202e-02
-9.1795449765192175e-02
-1.0057246534119672e-01
-1.1074597985921163e-01
-1.2262078509586981e-01
-1.3657544803076641e-01
-1.5306765694494290e-01
-1.7264184144249867e-01
-1.9585642735099501e-01
-2.2310338086653184e-01
-2.5404553113265071e-01
-2.8618350073762749e-01
-3.1193178093752477e-01
-3.1590243322132716e-01
-2.8399267123193345e-01
-2.2507831607688678e-01
-1.6097490107383702e-01
0.0000000000000000e+00
1.3464638167935269e-01
0.0000000000000000e+00
0.0000000000000000e+00
];
