%Vec Object:sol 1 MPI processes
%  type: mpi
sol = [
0.0000000000000000e+00
-5.7730680536405764e+01
-3.1697901524948147e+01
-1.6218691792887451e+01
-9.2786415063244085e+00
-5.8940554988114826e+00
-4.0427924101084249e+00
-2.9333342637876205e+00
-2.2198775307010012e+00
-1.7357078463537257e+00
-1.3927488610918144e+00
-1.1412920339072830e+00
-9.5172679614905809e-01
-8.0523591646260362e-01
-6.8977400067633088e-01
-5.9722383316399730e-01
-5.2197466481301291e-01
-4.5996800073109334e-01
-4.0823059160855119e-01
-3.6467796886641196e-01
-3.2767965051729214e-01
-2.9593710331695094e-01
-2.6854305884442109e-01
-2.4473028194659002e-01
-2.2389271215664686e-01
-2.0556537152514620e-01
-1.8937576864884462e-01
-1.7499560548020099e-01
-1.6215694278333481e-01
-1.5066465327800374e-01
-1.4033620074053224e-01
-1.3100282787831521e-01
-1.2255879296125494e-01
-1.1489567654097102e-01
-1.0790621460854539e-01
-1.0152489422316295e-01
-9.5685883192303658e-02
-9.0321382529913827e-02
-8.5384771187904024e-02
-8.0836336395432973e-02
-7.6632127243399156e-02
-7.2736956131147376e-02
-6.9126841650529458e-02
-6.5772761397177623e-02
-6.2646922603729310e-02
-5.9735059263489508e-02
-5.7017759803690553e-02
-5.4472324035846578e-02
-5.2090591165047051e-02
-4.9859040598746220e-02
-4.7759990022886299e-02
-4.5787845893419513e-02
-4.3933124837243487e-02
-4.2182892723391804e-02
-4.0532109262474074e-02
-3.8974439472630497e-02
-3.7500302190391639e-02
-3.6105116737812318e-02
-3.4784701678116148e-02
-3.3531875376674979e-02
-3.2342471755695663e-02
-3.1213788773880844e-02
-3.0140380369458257e-02
-2.9118471318265022e-02
-2.8146376271241495e-02
-2.7219915606304476e-02
-2.6335689151535658e-02
-2.6537534676760146e-02
-2.7295827260607784e-02
-2.8087885978853512e-02
-2.8917641521419183e-02
-2.9786756491540722e-02
-3.0696526654403960e-02
-3.1651668142688140e-02
-3.2654533717479811e-02
-3.3706867845045965e-02
-3.4814354101253726e-02
-3.5980212830439354e-02
-3.7206934108222768e-02
-3.8501430942228299e-02
-3.9868053940441371e-02
-4.1310449637411165e-02
-4.2837142883397489e-02
-4.4454007434116413e-02
-4.6166431155478214e-02
-4.7985117685981925e-02
-4.9918060200223373e-02
-5.1973243303464756e-02
-5.4164408041154771e-02
-5.6502589914822973e-02
-5.8999677650585919e-02
-6.1673654286043877e-02
-6.4539033179930344e-02
-6.7614495058121213e-02
-7.0924644648811000e-02
-7.4491879111885997e-02
-7.8343004056589532e-02
-8.2512584329789765e-02
-8.7033902315673373e-02
-9.1948180451132192e-02
-9.7305967915595717e-02
-1.0315845375796169e-01
-1.0957057945014148e-01
-1.1661962909450446e-01
-1.2438757657488039e-01
-1.3298014495273752e-01
-1.4252166383052270e-01
-1.5314985028388303e-01
-1.6504446733762124e-01
-1.7841778219511809e-01
-1.9351497199104162e-01
-2.1065962235452715e-01
-2.3023923809985999e-01
-2.5272784389121866e-01
-2.7874819339141599e-01
-3.0907629531141162e-01
-3.4471054902005210e-01
-3.8698132774852612e-01
-4.3763052428585525e-01
-4.9897713009778516e-01
-5.7427400290763853e-01
-6.6808094785325012e-01
-7.8694599339644833e-01
-9.4052805755256885e-01
-1.1434158713839710e+00
-1.4181605147451688e+00
-1.8015874168251225e+00
-2.3546184103851537e+00
-3.1768275887325448e+00
-4.4179157078634015e+00
-6.1674894358477754e+00
-7.7944892943905497e+00
-7.9539871630377776e+00
-7.4375398611442467e+00
-6.6882265293888521e+00
-5.0197237437274440e+00
-3.3283364858696367e+00
-2.2222686306585038e+00
-1.5499834142903888e+00
-1.1294778094627853e+00
-8.5428669667358792e-01
-6.6614820451381163e-01
-5.3252838069331199e-01
-4.3457367599831576e-01
-3.6080151538472754e-01
-3.0395359050408605e-01
-2.5926361201562709e-01
-2.2353532949203606e-01
-1.9454362807229050e-01
-1.7070451593127484e-01
-1.5088060643514586e-01
-1.3422230515308825e-01
-1.2009216221338778e-01
-1.0801220180641369e-01
-9.7603532916518201e-02
-8.8576385036350319e-02
-8.0698490600022529e-02
-7.3782136369040865e-02
-6.7680536905615790e-02
-6.2270134566853798e-02
-5.7451275254223499e-02
-5.3142492394976634e-02
-4.9272910138398823e-02
-4.5786781835028025e-02
-4.2635146816455187e-02
-3.9776098571276883e-02
-3.7927012802130206e-02
-4.0036180969531973e-02
-4.2337502748080381e-02
-4.4856154214360122e-02
-4.7619313049090464e-02
-5.0662493958820248e-02
-5.4024672004740329e-02
-5.7752962390342527e-02
-6.1905081447743017e-02
-6.6546765677159753e-02
-7.1762101639684897e-02
-7.7650877095784832e-02
-8.4335267438609876e-02
-9.1970460854274141e-02
-1.0074566370762111e-01
-1.1090549821804721e-01
-1.2276133769798488e-01
-1.3671401008722506e-01
-1.5329785569609272e-01
-1.7321761435996702e-01
-1.9743601414976705e-01
-2.2727733946129683e-01
-2.6460123157006088e-01
-3.1210332437801336e-01
-3.7371767413228008e-01
-4.5534116249839834e-01
-5.6590578985746554e-01
-7.1879503772582731e-01
-9.3252806847813852e-01
-1.2246672330895747e+00
-1.5753418407773421e+00
-1.8453363571253956e+00
-1.8910098150575760e+00
0.0000000000000000e+00
1.3464638167935258e-01
0.0000000000000000e+00
0.0000000000000000e+00
];
