%Vec Object:sol 1 MPI processes
%  type: mpi
sol = [
0.0000000000000000e+00
-7.6351649151350244e+01
-3.5266833793231129e+01
-1.6827684258855925e+01
-9.3967587001191006e+00
-5.9071408009010531e+00
-4.0299470400256565e+00
-2.9148847238647893e+00
-2.2008069132787993e+00
-1.7183827719784441e+00
-1.3771786256197018e+00
-1.1274098822988783e+00
-9.3935093002469450e-01
-7.9423053919215836e-01
-6.7990758259598294e-01
-5.8832389983220301e-01
-5.1389946006255138e-01
-4.5259995733087233e-01
-4.0147154974755173e-01
-3.5844778269357552e-01
-3.2191146214850525e-01
-2.9056304429306518e-01
-2.6350999025206234e-01
-2.4001945254663395e-01
-2.1947024140864341e-01
-2.0140070194994680e-01
-1.8544278667584671e-01
-1.7127159307663681e-01
-1.5862204283541856e-01
-1.4730169583944572e-01
-1.3713008412609154e-01
-1.2794008521537797e-01
-1.1962764794867219e-01
-1.1208565439992180e-01
-1.0520788371097696e-01
-9.8929871656432591e-02
-9.3186645804562304e-02
-8.7911121164230388e-02
-8.3057340889363340e-02
-7.8586177038505609e-02
-7.4454180066087408e-02
-7.0626610788177710e-02
-6.7079886646369685e-02
-6.3785342884558061e-02
-6.0715513079305686e-02
-5.7856400171860389e-02
-5.5188849157230338e-02
-5.2690417709222281e-02
-5.0353120633141769e-02
-4.8163623874807146e-02
-4.6104455500783646e-02
-4.4170138689317948e-02
-4.2351326723268877e-02
-4.0635252776365476e-02
-3.9016964850881290e-02
-3.7490224031123717e-02
-3.6045582873813389e-02
-3.4678533370916441e-02
-3.3384958680563147e-02
-3.2157784432913207e-02
-3.0992908740066778e-02
-2.9887670258788926e-02
-2.8836709315097801e-02
-2.7836305781316781e-02
-2.6884804383772110e-02
-2.5978123883253462e-02
-2.5112735812828448e-02
-2.5283348670467082e-02
-2.5983074085298478e-02
-2.6713315372318063e-02
-2.7477731419496831e-02
-2.8277752540673912e-02
-2.9114437771852644e-02
-2.9992155759099137e-02
-3.0912955340499034e-02
-3.1878276011086941e-02
-3.2893354215996311e-02
-3.3961009996044206e-02
-3.5083331174864153e-02
-3.6266650343761850e-02
-3.7514786082864397e-02
-3.8830842807522754e-02
-4.0222583167510505e-02
-4.1695165478053450e-02
-4.3253232137836932e-02
-4.4906471513535211e-02
-4.6661900663361039e-02
-4.8526459347031911e-02
-5.0512512544421406e-02
-5.2629740385556699e-02
-5.4888519006034142e-02
-5.7305055110218626e-02
-5.9892967447540732e-02
-6.2667831115770081e-02
-6.5651554329327108e-02
-6.8863774966693908e-02
-7.2328090557381000e-02
-7.6075177372977837e-02
-8.0134198576425272e-02
-8.4541473639524703e-02
-8.9341702461629327e-02
-9.4579718121658565e-02
-1.0031273783964983e-01
-1.0660890423136694e-01
-1.1353999362514368e-01
-1.2119910616495698e-01
-1.2969562572235546e-01
-1.3915013174638263e-01
-1.4972080711314747e-01
-1.6159412983411783e-01
-1.7498481773716260e-01
-1.9017742011745317e-01
-2.0751205124250452e-01
-2.2740435019768204e-01
-2.5040158594355999e-01
-2.7718500281797942e-01
-3.0861116285681528e-01
-3.4585886675237471e-01
-3.9045914959906119e-01
-4.4448518767709183e-01
-5.1080950273498638e-01
-5.9343674390114620e-01
-6.9816258529956721e-01
-8.3355988929645686e-01
-1.0124085254308286e+00
-1.2552620403601784e+00
-1.5953657737479388e+00
-2.0876463326748236e+00
-2.8261986259591341e+00
-3.9560619361239433e+00
-5.5902604102026254e+00
-7.1923465751823699e+00
-7.3943547930329601e+00
-6.9057620073479198e+00
-6.1774001038343114e+00
-4.5699615354590648e+00
-2.9966754862651994e+00
-1.9876695805478455e+00
-1.3796879619345312e+00
-1.0014135711141361e+00
-7.5446330686900898e-01
-5.8601402390503787e-01
-4.6665046718607728e-01
-3.7928902993555219e-01
-3.1358114865942338e-01
-2.6301505242361412e-01
-2.2332146965245292e-01
-1.9163311219232626e-01
-1.6595578795113283e-01
-1.4487121824263663e-01
-1.2736171914107039e-01
-1.1266788721814244e-01
-1.0022273204895478e-01
-8.9596251597317822e-02
-8.0450795704864519e-02
-7.2528124026974061e-02
-6.5621439802271114e-02
-5.9563814416830799e-02
-5.4224598718080226e-02
-4.9494056216451456e-02
-4.5283657080577640e-02
-4.1520995477697331e-02
-3.8143303267156793e-02
-3.5100997841251445e-02
-3.2350669145878884e-02
-2.9855212204925621e-02
-2.8141473313199175e-02
-2.9343493739453740e-02
-3.0627387462128355e-02
-3.2000904990985068e-02
-3.3470904470421427e-02
-3.5047581310643915e-02
-3.6739947404584396e-02
-3.8558384305679129e-02
-4.0515059296189600e-02
-4.2620347991693175e-02
-4.4887507997855715e-02
-4.7328423154764772e-02
-4.9953258063154836e-02
-5.2771534770665866e-02
-5.5784037496531907e-02
-5.8984113485287190e-02
-6.2345598870061567e-02
-6.5807920952638946e-02
-6.9256505314409897e-02
-7.2468294261532049e-02
-7.5030961365262841e-02
-7.6161467421677620e-02
-7.4313763816531042e-02
-6.6218325984559748e-02
-4.3669317997173843e-02
2.7068089363113175e-02
1.2631923449392329e-01
2.2127058970547595e-01
3.1206498988966330e-01
3.9884389603805936e-01
4.8168154827898901e-01
5.6061797259995583e-01
6.3568373096967656e-01
0.0000000000000000e+00
1.3464638167935269e-01
0.0000000000000000e+00
0.0000000000000000e+00
];
