%Vec Object:sol 1 MPI processes
%  type: mpi
sol = [
0.0000000000000000e+00
-5.5019234074931376e+01
-3.1016780545730512e+01
-1.6084495285860019e+01
-9.2440626388350342e+00
-5.8835609082260394e+00
-4.0403835835511934e+00
-2.9328071630780874e+00
-2.2205332841305476e+00
-1.7365309891162690e+00
-1.3939406763666671e+00
-1.1425329653017009e+00
-9.5269348087857153e-01
-8.0617582360753659e-01
-6.9071048002538515e-01
-5.9813723019972187e-01
-5.2285504302866626e-01
-4.6081107539166893e-01
-4.0903577437000377e-01
-3.6540388576299471e-01
-3.2833858374053021e-01
-2.9654042191613256e-01
-2.6909961454877102e-01
-2.4526383348939831e-01
-2.2440622570880989e-01
-2.0605987861781047e-01
-1.8985228974042137e-01
-1.7545517137804881e-01
-1.6260056442185997e-01
-1.5109326169311846e-01
-1.4075068127098855e-01
-1.3140403625456587e-01
-1.2294750375837123e-01
-1.1527261402811850e-01
-1.0827206694562967e-01
-1.0188029103293028e-01
-9.6031409178705104e-02
-9.0657585940032551e-02
-8.5712160150145406e-02
-8.1155382608619001e-02
-7.6943270618576115e-02
-7.3040606336683481e-02
-6.9423381403128190e-02
-6.6062547570140295e-02
-6.2930286581610276e-02
-6.0012314162900079e-02
-5.7289198768331356e-02
-5.4738216431473682e-02
-5.2351195547013382e-02
-5.0114600228104315e-02
-4.8010726233164228e-02
-4.6033973613955344e-02
-4.4174847456121477e-02
-4.2420395052362427e-02
-4.0765570668351785e-02
-3.9204031573992382e-02
-3.7726180984784384e-02
-3.6327431487373461e-02
-3.5003603222068108e-02
-3.3747521909840345e-02
-3.2554737414367464e-02
-3.1422718443179912e-02
-3.0346119837109716e-02
-2.9321156892904508e-02
-2.8346141639371547e-02
-2.7416883234391207e-02
-2.6529972385980916e-02
-2.6737078382183855e-02
-2.7504989599727463e-02
-2.8307199847574741e-02
-2.9147684468772538e-02
-3.0028143603833431e-02
-3.0949911020937422e-02
-3.1917759735604991e-02
-3.2934091537974691e-02
-3.4000699719918162e-02
-3.5123340757696755e-02
-3.6305299409296179e-02
-3.7549129991137700e-02
-3.8861839733415469e-02
-4.0247864581688497e-02
-4.1710937441173671e-02
-4.3259706302025427e-02
-4.4900159238491485e-02
-4.6637802564644781e-02
-4.8483503091445224e-02
-5.0445409276529747e-02
-5.2531671223828402e-02
-5.4756249861026195e-02
-5.7130395196256206e-02
-5.9666211836797663e-02
-6.2382112405763433e-02
-6.5293939414043392e-02
-6.8419786436889507e-02
-7.1784684966234608e-02
-7.5411500124711331e-02
-7.9327581519498536e-02
-8.3568153463569245e-02
-8.8167197523109475e-02
-9.3166768295316338e-02
-9.8618408074986744e-02
-1.0457438581696436e-01
-1.1110095543956319e-01
-1.1827695503622465e-01
-1.2618609310712708e-01
-1.3493624030362866e-01
-1.4465427049018256e-01
-1.5548082001670896e-01
-1.6759932913711548e-01
-1.8122646255546207e-01
-1.9661259498138003e-01
-2.1408797639519167e-01
-2.3404820909461016e-01
-2.5697730210899489e-01
-2.8351092695728097e-01
-3.1444132017821735e-01
-3.5077282019817668e-01
-3.9384614891921194e-01
-4.4545325062072932e-01
-5.0799590383668414e-01
-5.8479641846329922e-01
-6.8047961795584144e-01
-8.0172140256753166e-01
-9.5836566157793934e-01
-1.1650361213161158e+00
-1.4449288121057868e+00
-1.8355691454018934e+00
-2.3979328656880097e+00
-3.2338528404435611e+00
-4.4918085153327896e+00
-6.2564399333712322e+00
-7.8844121192787764e+00
-8.0349195090454852e+00
-7.5142356070056397e+00
-6.7627840150496201e+00
-5.0876442565078639e+00
-3.3798350034006162e+00
-2.2590577247892454e+00
-1.5767906821789202e+00
-1.1496824127105101e+00
-8.7005903120580574e-01
-6.7876533021199814e-01
-5.4289487922235435e-01
-4.4327225686629040e-01
-3.6822536923951887e-01
-3.1038165539576718e-01
-2.6489866542300694e-01
-2.2852845011293238e-01
-1.9900951447323723e-01
-1.7472570058697015e-01
-1.5452864387816528e-01
-1.3755414669933436e-01
-1.2315632636160384e-01
-1.1084505633487830e-01
-1.0023497005871621e-01
-9.1031335449724318e-02
-8.2997873529490424e-02
-7.5943595164835037e-02
-6.9719163351408750e-02
-6.4198836137574419e-02
-5.9281195611017010e-02
-5.4883333946092190e-02
-5.0933087717955065e-02
-4.7373721206426411e-02
-4.4155383551462916e-02
-4.1235395522678589e-02
-3.9358937726597217e-02
-4.1592215323640387e-02
-4.4031642947707485e-02
-4.6704450173864917e-02
-4.9640166764102898e-02
-5.2877225731748356e-02
-5.6457989569225819e-02
-6.0433673435022595e-02
-6.4867012174406796e-02
-6.9829714337424964e-02
-7.5413374224219482e-02
-8.1726960286796171e-02
-8.8904077722267202e-02
-9.7114477615402706e-02
-1.0656567157786719e-01
-1.1752608757312200e-01
-1.3033806101269019e-01
-1.4544320732181878e-01
-1.6342803813386469e-01
-1.8507151526274901e-01
-2.1144200226423374e-01
-2.4401635861021370e-01
-2.8487365268410930e-01
-3.3703277253784331e-01
-4.0493548203044738e-01
-4.9529922253847153e-01
-6.1843926353470469e-01
-7.9010648731734412e-01
-1.0333135601714822e+00
-1.3735699889091815e+00
-1.7999641060535010e+00
-2.1569615904799861e+00
-2.2383748416936049e+00
0.0000000000000000e+00
1.3464638167935272e-01
0.0000000000000000e+00
0.0000000000000000e+00
];
