%Vec Object:sol 1 MPI processes
%  type: mpi
sol = [
0.0000000000000000e+00
-5.1122147842407159e+01
-2.9976025003285656e+01
-1.5848906110381600e+01
-9.1772773675605279e+00
-5.8589833900423987e+00
-4.0305605456069182e+00
-2.9288926082879856e+00
-2.2190427760595113e+00
-1.7362326634570509e+00
-1.3942344053653617e+00
-1.1431350851555826e+00
-9.5343034654737202e-01
-8.0697345747714433e-01
-6.9152894892006789e-01
-5.9895441491482171e-01
-5.2365845047285464e-01
-4.6159411522239935e-01
-4.0979501286416009e-01
-3.6616111196005108e-01
-3.2906670197626436e-01
-2.9724094218853403e-01
-2.6977399006246228e-01
-2.4591356052001292e-01
-2.2503288792455178e-01
-2.0666495492362405e-01
-1.9043712743593924e-01
-1.7602106950597235e-01
-1.6314875674502780e-01
-1.5162483633746165e-01
-1.4126665275213110e-01
-1.3190538443909439e-01
-1.2343508686108041e-01
-1.1574722653328066e-01
-1.0873446937647548e-01
-1.0233116523255431e-01
-9.6471383734379704e-02
-9.1087253890642483e-02
-8.6132067000650792e-02
-8.1566031056131111e-02
-7.7345131472038808e-02
-7.3434118178970012e-02
-6.9808951271178671e-02
-6.6440556056191244e-02
-6.3301088559823387e-02
-6.0376243346577957e-02
-5.7646568253946893e-02
-5.5089315171398180e-02
-5.2696300407252754e-02
-5.0453972347654703e-02
-4.8344603586037989e-02
-4.6362587825042489e-02
-4.4498418356673994e-02
-4.2739122183045507e-02
-4.1079648611938913e-02
-3.9513647219111450e-02
-3.8031503893974521e-02
-3.6628627418450362e-02
-3.5300827746878233e-02
-3.4040895633344226e-02
-3.2844653154405067e-02
-3.1709395388993519e-02
-3.0629653286887961e-02
-2.9601638131680819e-02
-2.8623666342603798e-02
-2.7691539183946047e-02
-2.6801841474555114e-02
-2.7017249044555259e-02
-2.7799625012197522e-02
-2.8617122478398885e-02
-2.9473786391620745e-02
-3.0371410759675851e-02
-3.1311152096454319e-02
-3.2297939611493166e-02
-3.3334319606274483e-02
-3.4422195802284040e-02
-3.5567434650901543e-02
-3.6773419402625428e-02
-3.8042803152278024e-02
-3.9382735789863191e-02
-4.0797783943971697e-02
-4.2291813415645661e-02
-4.3873659329879737e-02
-4.5549485173732258e-02
-4.7324979677618666e-02
-4.9211258571533890e-02
-5.1216709161491722e-02
-5.3349736768269727e-02
-5.5624639074275284e-02
-5.8052996986248648e-02
-6.0647279059944506e-02
-6.3426362762980637e-02
-6.6406558524089984e-02
-6.9606489412350300e-02
-7.3051843956532372e-02
-7.6766165022640317e-02
-8.0777589719217641e-02
-8.5122297162275776e-02
-8.9835278562579876e-02
-9.4959789817526882e-02
-1.0054880617823971e-01
-1.0665615072132532e-01
-1.1334996564548173e-01
-1.2071132235149080e-01
-1.2882641563413127e-01
-1.3780619329516711e-01
-1.4778116836413205e-01
-1.5889614116446979e-01
-1.7133979383758327e-01
-1.8533504465985107e-01
-2.0113963712902491e-01
-2.1909325905513555e-01
-2.3960294288046810e-01
-2.6316674500136161e-01
-2.9043846895449832e-01
-3.2223303579915985e-01
-3.5959876127598805e-01
-4.0391934385124684e-01
-4.5698304860865224e-01
-5.2129108791662038e-01
-6.0025591942194967e-01
-6.9862570805148405e-01
-8.2324983939534990e-01
-9.8421975001669426e-01
-1.1966628105095851e+00
-1.4839882969646370e+00
-1.8846278538850771e+00
-2.4608650653712152e+00
-3.3150047542244576e+00
-4.5957696412366262e+00
-6.3796994795534276e+00
-8.0001823181960230e+00
-8.1371590845731170e+00
-7.6117189560173708e+00
-6.8590492238816774e+00
-5.1803500544975769e+00
-3.4521630961236087e+00
-2.3114688266568519e+00
-1.6150788575334560e+00
-1.1786331617666934e+00
-8.9257533345699425e-01
-6.9683500922512220e-01
-5.5774844519907862e-01
-4.5569385852257460e-01
-3.7879306492512188e-01
-3.1950446940314675e-01
-2.7287325346826530e-01
-2.3557534300941571e-01
-2.0529584160101449e-01
-1.8038630840000208e-01
-1.5966276524449102e-01
-1.4224063447106017e-01
-1.2745884509003996e-01
-1.1481556380445440e-01
-1.0391424362471825e-01
-9.4455586605907221e-02
-8.6197534064586190e-02
-7.8944298667525975e-02
-7.2542800462531462e-02
-6.6864105923883324e-02
-6.1804219325780660e-02
-5.7278125706338369e-02
-5.3211789252394379e-02
-4.9547028089784076e-02
-4.6232696031779326e-02
-4.3224991956944618e-02
-4.1306841719397053e-02
-4.3704095660085124e-02
-4.6325645903086743e-02
-4.9201349068484654e-02
-5.2363734776632163e-02
-5.5854959603108899e-02
-5.9721694797246379e-02
-6.4020363764674945e-02
-6.8820068294358189e-02
-7.4200072077631365e-02
-8.0261460340337210e-02
-8.7124778571676942e-02
-9.4938015903285031e-02
-1.0388922144438681e-01
-1.1420884533792099e-01
-1.2619509421693725e-01
-1.4022893851122081e-01
-1.5680275106502597e-01
-1.7657452924391667e-01
-2.0041670801285402e-01
-2.2952612818987592e-01
-2.6555995169048247e-01
-3.1085687855104577e-01
-3.6884334056703133e-01
-4.4457912129937793e-01
-5.4577565192328348e-01
-6.8441535610176740e-01
-8.7923117201036427e-01
-1.1584418685298579e+00
-1.5572595497573380e+00
-2.0773935961738568e+00
-2.5470547522086577e+00
-2.6773492647402493e+00
0.0000000000000000e+00
1.3464638167935247e-01
0.0000000000000000e+00
0.0000000000000000e+00
];
