%Vec Object:sol 1 MPI processes
%  type: mpi
sol = [
0.0000000000000000e+00
-5.9723599891191249e+01
-3.2152355197343297e+01
-1.6313489497614878e+01
-9.3037587915566355e+00
-5.9009065821491546e+00
-4.0448671475979410e+00
-2.9334395385047900e+00
-2.2191096038957081e+00
-1.7347512474955800e+00
-1.3920790358462058e+00
-1.1403838932159975e+00
-9.5072288006514927e-01
-8.0437204143599594e-01
-6.8905590991976962e-01
-5.9661404981673272e-01
-5.2140257717168537e-01
-4.5939962310313859e-01
-4.0767326331552856e-01
-3.6413600448592731e-01
-3.2715534869569590e-01
-2.9543140185136108e-01
-2.6805624672296308e-01
-2.4427888631303071e-01
-2.2347343522561833e-01
-2.0517391207754077e-01
-1.8900860027277736e-01
-1.7464977999401021e-01
-1.6182997512805977e-01
-1.5035446563631369e-01
-1.4004102203450389e-01
-1.3072112156105659e-01
-1.2228925394954503e-01
-1.1463717309311609e-01
-1.0765774596342173e-01
-1.0128571265212034e-01
-9.5453526182501414e-02
-9.0094410003838457e-02
-8.5162969424223037e-02
-8.0619498065299541e-02
-7.6420049266551507e-02
-7.2529442130136568e-02
-6.8923703233731204e-02
-6.5573817459478656e-02
-6.2452000301822165e-02
-5.9543992249078193e-02
-5.6830389065521125e-02
-5.4288500581524048e-02
-5.1910169907924616e-02
-4.9681882922247421e-02
-4.7585968120374113e-02
-4.5616834107634716e-02
-4.3765002849896692e-02
-4.2017550192283967e-02
-4.0369437966468524e-02
-3.8814334888869297e-02
-3.7342668625131151e-02
-3.5949861048146133e-02
-3.4631732814496344e-02
-3.3381109906790399e-02
-3.2193829412213985e-02
-3.1067189942066066e-02
-2.9995751910496915e-02
-2.8975743877186270e-02
-2.8005479926118629e-02
-2.7080785904349081e-02
-2.6198265947757815e-02
-2.6396205028516941e-02
-2.7147493162458666e-02
-2.7932151581914869e-02
-2.8754077725991402e-02
-2.9614905604672365e-02
-3.0515901845102045e-02
-3.1461739999486787e-02
-3.2454735392600485e-02
-3.3496594902403358e-02
-3.4592947220910608e-02
-3.5746963338976194e-02
-3.6961083698119554e-02
-3.8242149930461558e-02
-3.9594446974045482e-02
-4.1021554393355475e-02
-4.2531903133905577e-02
-4.4131278524439793e-02
-4.5824976229312725e-02
-4.7623574555067459e-02
-4.9534945844757462e-02
-5.1566945292527248e-02
-5.3733143724405429e-02
-5.6044408563867769e-02
-5.8512423651552709e-02
-6.1155063347381189e-02
-6.3987629084185468e-02
-6.7027602057569344e-02
-7.0299253159036276e-02
-7.3824663696551968e-02
-7.7630272265524644e-02
-8.1750198069873672e-02
-8.6217254851212732e-02
-9.1072107239053443e-02
-9.6364639133018501e-02
-1.0214532162440182e-01
-1.0847822346895120e-01
-1.1543959810265622e-01
-1.2311027730792212e-01
-1.3159457028596136e-01
-1.4101513889509609e-01
-1.5150780067938427e-01
-1.6324992795016602e-01
-1.7645094607729442e-01
-1.9135202731171441e-01
-2.0826138594074767e-01
-2.2756966517390786e-01
-2.4974359705591817e-01
-2.7539645434232091e-01
-3.0529228799938568e-01
-3.4041406519942863e-01
-3.8207170027263482e-01
-4.3198013534908825e-01
-4.9246371539596334e-01
-5.6673929328599204e-01
-6.5928723896116537e-01
-7.7653821784780364e-01
-9.2789283250547128e-01
-1.1278331638798571e+00
-1.3989580512584738e+00
-1.7774712931342560e+00
-2.3231497483819266e+00
-3.1360094124386890e+00
-4.3648161895928492e+00
-6.1015578219063578e+00
-7.7279258614580479e+00
-7.8925852442798909e+00
-7.3795541741715969e+00
-6.6324859002631626e+00
-4.9692488121383107e+00
-3.2908989031031712e+00
-2.1955289188447358e+00
-1.5303743871736464e+00
-1.1148243658613382e+00
-8.4279746207592288e-01
-6.5688517778576549e-01
-5.2493515073076968e-01
-4.2822149911613361e-01
-3.5537571282076946e-01
-2.9924301077756332e-01
-2.5512399018644505e-01
-2.1985885973971256e-01
-1.9124824181468644e-01
-1.6772670169443132e-01
-1.4817030585041835e-01
-1.3173969790960235e-01
-1.1780782828688083e-01
-1.0589891528967503e-01
-9.5638966801200667e-02
-8.6741954292041845e-02
-7.8978626602140570e-02
-7.2163727717758641e-02
-6.6152381185555567e-02
-6.0822660698795411e-02
-5.6076226727502815e-02
-5.1832684549347488e-02
-4.8022115462074452e-02
-4.4589505587044713e-02
-4.1486553612208571e-02
-3.8671924894725596e-02
-3.6841909870017078e-02
-3.8855188407604657e-02
-4.1049630548442392e-02
-4.3448581278534612e-02
-4.6077418309079896e-02
-4.8969425599083960e-02
-5.2160868319341747e-02
-5.5695577836325096e-02
-5.9627246318013964e-02
-6.4016809378114686e-02
-6.8942314112995798e-02
-7.4496146870536545e-02
-8.0791251814189627e-02
-8.7971039461965148e-02
-9.6209877161825746e-02
-1.0573306027784879e-01
-1.1682677271841552e-01
-1.2985858929152772e-01
-1.4531779162433767e-01
-1.6384776029462544e-01
-1.8632523987222718e-01
-2.1395641088731662e-01
-2.4842546313208294e-01
-2.9215521710596387e-01
-3.4866199843095791e-01
-4.2315772456603401e-01
-5.2340027299970171e-01
-6.6076335103998007e-01
-8.5017598347131329e-01
-1.1029086433827735e+00
-1.3924171640891980e+00
-1.5964266668070903e+00
-1.6163830821277669e+00
0.0000000000000000e+00
1.3464638167935267e-01
0.0000000000000000e+00
0.0000000000000000e+00
];
