%Vec Object:sol 1 MPI processes
%  type: mpi
sol = [
0.0000000000000000e+00
-7.1604006935814809e+01
-3.4537644048583083e+01
-1.6729080507397597e+01
-9.3884330638934710e+00
-5.9150904962734572e+00
-4.0398195860997088e+00
-2.9234334797883843e+00
-2.2084299117608346e+00
-1.7247236856380244e+00
-1.3828057511596599e+00
-1.1321446967586468e+00
-9.4339381726621474e-01
-7.9782489448712712e-01
-6.8316904972798964e-01
-5.9119669141266618e-01
-5.1645371042078836e-01
-4.5488990653045563e-01
-4.0353992698477276e-01
-3.6032826423326664e-01
-3.2363114020050188e-01
-2.9215507094218979e-01
-2.6499835987790127e-01
-2.4141461498244887e-01
-2.2078142267156151e-01
-2.0263596955304233e-01
-1.8660845375849608e-01
-1.7236680829103918e-01
-1.5965402006693230e-01
-1.4827666745213652e-01
-1.3805346859082723e-01
-1.2881664205166413e-01
-1.2046152610183603e-01
-1.1288051123369006e-01
-1.0596697038917101e-01
-9.9656067531465775e-02
-9.3882517595679629e-02
-8.8578969526867918e-02
-8.3699231323749956e-02
-7.9203969404613328e-02
-7.5049553985230069e-02
-7.1201088054353309e-02
-6.7634851915559416e-02
-6.4322055814026627e-02
-6.1235120254482550e-02
-5.8359956669263212e-02
-5.5677322156536119e-02
-5.3164687581291128e-02
-5.0814007662084326e-02
-4.8611885315048370e-02
-4.6540780143977126e-02
-4.4595174709624562e-02
-4.2765676571785774e-02
-4.1039465858004470e-02
-3.9411559959015643e-02
-3.7875687694151991e-02
-3.6422360105296696e-02
-3.5047044555735735e-02
-3.3745602033809975e-02
-3.2510925412275862e-02
-3.1338891988845902e-02
-3.0226825359797909e-02
-2.9169339822026009e-02
-2.8162701401202563e-02
-2.7205237303519661e-02
-2.6292817005032790e-02
-2.5422080560431947e-02
-2.5600048922362367e-02
-2.6314012117075014e-02
-2.7059273555599863e-02
-2.7839557840166160e-02
-2.8656350982344807e-02
-2.9510768763688425e-02
-3.0407263791569814e-02
-3.1347957877258997e-02
-3.2334363681480564e-02
-3.3371825640971763e-02
-3.4463260021007344e-02
-3.5610851273165302e-02
-3.6821072128384390e-02
-3.8097869185066274e-02
-3.9444477265418040e-02
-4.0868843045103603e-02
-4.2376297169553670e-02
-4.3971661623184964e-02
-4.5664869949408653e-02
-4.7463174585367980e-02
-4.9373767360590765e-02
-5.1409345732980775e-02
-5.3579917069653038e-02
-5.5896218202751827e-02
-5.8374916165110168e-02
-6.1030094265731895e-02
-6.3877854285628990e-02
-6.6940757608652535e-02
-7.0239118639097015e-02
-7.3797318904679499e-02
-7.7647031834409033e-02
-8.1817123430900821e-02
-8.6345594529809111e-02
-9.1279033056608949e-02
-9.6663777486605110e-02
-1.0255887604710942e-01
-1.0903463801207713e-01
-1.1616525388272518e-01
-1.2404681430415172e-01
-1.3279224261759062e-01
-1.4252617342307178e-01
-1.5341189886555184e-01
-1.6564199984939482e-01
-1.7943839782627946e-01
-1.9509487793490246e-01
-2.1296276110690579e-01
-2.3347148852899965e-01
-2.5718617554115397e-01
-2.8481048966337225e-01
-3.1724990029699640e-01
-3.5571212351724596e-01
-4.0177847571018638e-01
-4.5759362299581385e-01
-5.2606193875902196e-01
-6.1135879941521454e-01
-7.1946018620621199e-01
-8.5919849170595519e-01
-1.0439500840633431e+00
-1.2945962714569026e+00
-1.6451509608748354e+00
-2.1526556533744299e+00
-2.9118757148307699e+00
-4.0703344618655519e+00
-5.7375501918416401e+00
-7.3525382059542466e+00
-7.5459763403098075e+00
-7.0478138049479488e+00
-6.3105056874578640e+00
-4.6821005114397733e+00
-3.0769672422841876e+00
-2.0435278648313666e+00
-1.4198964156531413e+00
-1.0313683899763280e+00
-7.7771898401328410e-01
-6.0454195269689226e-01
-4.8178353357050807e-01
-3.9191400658372766e-01
-3.2431261958042384e-01
-2.7228062577485429e-01
-2.3142334104904683e-01
-1.9879601474205960e-01
-1.7234680479888911e-01
-1.5062106661234981e-01
-1.3257497570140192e-01
-1.1742746052433527e-01
-1.0459530479334418e-01
-9.3636154930939325e-02
-8.4202605143111661e-02
-7.6028957600716346e-02
-6.8902412418227546e-02
-6.2651164471345638e-02
-5.7140773414850847e-02
-5.2258276832426565e-02
-4.7912555811049432e-02
-4.4029097242150018e-02
-4.0543266610154165e-02
-3.7404060297603230e-02
-3.4566801330633314e-02
-3.1993300152843969e-02
-3.0251447118161592e-02
-3.1651088673944498e-02
-3.3157832105032287e-02
-3.4783666499940219e-02
-3.6540467403943969e-02
-3.8444730554567416e-02
-4.0513050032044730e-02
-4.2765231680479243e-02
-4.5225296536085549e-02
-4.7918305356300567e-02
-5.0876871359349762e-02
-5.4136974967928485e-02
-5.7740354857685777e-02
-6.1738606994729030e-02
-6.6188609188272726e-02
-7.1160732961272469e-02
-7.6736046817743306e-02
-8.3006697653286998e-02
-9.0082700258487219e-02
-9.8080435418172782e-02
-1.0712354691294461e-01
-1.1731898198944002e-01
-1.2870343389878536e-01
-1.4115296551936934e-01
-1.5412746800186936e-01
-1.6615765602297042e-01
-1.7374570468110656e-01
-1.6947864177441066e-01
-1.4128180116343658e-01
-8.1764913141763235e-02
-5.0460406801172680e-03
6.9445361751079571e-02
1.3739669797829526e-01
0.0000000000000000e+00
1.3464638167935253e-01
0.0000000000000000e+00
0.0000000000000000e+00
];
