%Vec Object:sol 1 MPI processes
%  type: mpi
sol = [
0.0000000000000000e+00
-5.8215619333735965e+01
-3.1810678216170402e+01
-1.6241328044773365e+01
-9.2844883882001401e+00
-5.8961470930829547e+00
-4.0434016827535890e+00
-2.9332518514566783e+00
-2.2198752986425392e+00
-1.7354070698870836e+00
-1.3925381852139562e+00
-1.1411377976745094e+00
-9.5148945263854701e-01
-8.0499306538390203e-01
-6.8957170227874742e-01
-5.9705186121461451e-01
-5.2182589979936578e-01
-4.5983732896412799e-01
-4.0811423993898344e-01
-3.6457315981103400e-01
-3.2758346263654492e-01
-2.9582162212229896e-01
-2.6841448873713164e-01
-2.4460988313575727e-01
-2.2378104285045108e-01
-2.0546126883373911e-01
-1.8927827665600624e-01
-1.7490392475912489e-01
-1.6207039933376544e-01
-1.5058268157684926e-01
-1.4025831841968472e-01
-1.3092861732489358e-01
-1.2248789786790747e-01
-1.1482778770797095e-01
-1.0784105997399175e-01
-1.0146223706251972e-01
-9.5625515283681448e-02
-9.0263118794377956e-02
-8.5328447546023575e-02
-8.0781806851583204e-02
-7.6579260894104384e-02
-7.2685635364104023e-02
-6.9076960545368660e-02
-6.5724224191553923e-02
-6.2599642619126969e-02
-5.9688957378605037e-02
-5.6972763851453084e-02
-5.4428368653072171e-02
-5.2047615742104099e-02
-4.9816989378252435e-02
-4.7718812607705913e-02
-4.5747494903600833e-02
-4.3893556320188432e-02
-4.2144066897392453e-02
-4.0493988514409655e-02
-3.8936988511698821e-02
-3.7463489006150499e-02
-3.6068911040904893e-02
-3.4749074667148043e-02
-3.3496800849425724e-02
-3.2307925011299934e-02
-3.1179745963310801e-02
-3.0106819716586655e-02
-2.9085372448850195e-02
-2.8113719178075952e-02
-2.7187681947652247e-02
-2.6303861943965719e-02
-2.6504812817078695e-02
-2.7261494372464157e-02
-2.8051852030277200e-02
-2.8879809003897632e-02
-2.9747021430334489e-02
-3.0654778511286566e-02
-3.1607786853419390e-02
-3.2608390852955055e-02
-3.3658335033276240e-02
-3.4763297140602230e-02
-3.5926415748564235e-02
-3.7150177473783325e-02
-3.8441210671155322e-02
-3.9804077797370371e-02
-4.1242448618124296e-02
-4.2764821114525751e-02
-4.4377042759908510e-02
-4.6084473596428137e-02
-4.7897780748096412e-02
-4.9824920999213103e-02
-5.1873839541970154e-02
-5.4058226887438145e-02
-5.6389067154186602e-02
-5.8878172346277492e-02
-6.1543581362511479e-02
-6.4400760176400382e-02
-6.7467376059049997e-02
-7.0767931485885796e-02
-7.4324745294114897e-02
-7.8164532052630381e-02
-8.2321745969717489e-02
-8.6829553263554141e-02
-9.1729038033960306e-02
-9.7070584418659178e-02
-1.0290520357395959e-01
-1.0929762061496485e-01
-1.1632486414255076e-01
-1.2406862518216769e-01
-1.3263427645198839e-01
-1.4214573441502831e-01
-1.5274024593839428e-01
-1.6459698200274031e-01
-1.7792750637766380e-01
-1.9297617179769105e-01
-2.1006550880293490e-01
-2.2958175136919479e-01
-2.5199737064259592e-01
-2.7793312115706842e-01
-3.0816252710071096e-01
-3.4368082614004075e-01
-3.8581303117432136e-01
-4.3624437019630441e-01
-4.9735841671536168e-01
-5.7240239544594218e-01
-6.6589774173646343e-01
-7.8437385275756355e-01
-9.3746353633674562e-01
-1.1396466903595781e+00
-1.4134013138379231e+00
-1.7956897195967634e+00
-2.3468299281025882e+00
-3.1669850797014996e+00
-4.4050341130861375e+00
-6.1513667043527294e+00
-7.7786912688140006e+00
-7.9391937441845570e+00
-7.4232966168836700e+00
-6.6745857048703225e+00
-5.0073716091007796e+00
-3.3191803476660273e+00
-2.2157217908361160e+00
-1.5452289602792022e+00
-1.1258927546557009e+00
-8.5151504812225998e-01
-6.6389334886638840e-01
-5.3067399421892003e-01
-4.3302355240715962e-01
-3.5948210559865185e-01
-3.0281328654418516e-01
-2.5826522347176628e-01
-2.2265134601758069e-01
-1.9375333911726994e-01
-1.6998773534707579e-01
-1.5022494746276277e-01
-1.3361932868475679e-01
-1.1953768006556956e-01
-1.0749954687127662e-01
-9.7127239126745604e-02
-8.8131903860376587e-02
-8.0282012858577445e-02
-7.3390454925988002e-02
-6.7310912543498622e-02
-6.1920227616784999e-02
-5.7119068058336685e-02
-5.2826229900963924e-02
-4.8971071525614751e-02
-4.5498025856344375e-02
-4.2358293640732146e-02
-3.9510108320085023e-02
-3.7665771472587865e-02
-3.9752025214593180e-02
-4.2027825951309224e-02
-4.4517964907234787e-02
-4.7249178331405808e-02
-5.0256433321065538e-02
-5.3578068397039429e-02
-5.7260427864728791e-02
-6.1360283901344362e-02
-6.5942248010487134e-02
-7.1088992034988752e-02
-7.6898571884276928e-02
-8.3491004939807031e-02
-9.1018728070280830e-02
-9.9667485371185069e-02
-1.0967739334210315e-01
-1.2135395935641133e-01
-1.3509027666147982e-01
-1.5141026171735289e-01
-1.7100048195166570e-01
-1.9480404601547821e-01
-2.2412175072191198e-01
-2.6077407532663460e-01
-3.0738984733232594e-01
-3.6780570558255565e-01
-4.4776092908185738e-01
-5.5592165196285892e-01
-7.0519415035675237e-01
-9.1321352205320072e-01
-1.1961352247290058e+00
-1.5323560543681729e+00
-1.7864526845959163e+00
-1.8257914110036264e+00
0.0000000000000000e+00
1.3464638167935256e-01
0.0000000000000000e+00
0.0000000000000000e+00
];
