%Vec Object:sol 1 MPI processes
%  type: mpi
sol = [
0.0000000000000000e+00
-6.8031265830885417e+01
-3.3900063427478095e+01
-1.6631266768845673e+01
-9.3744804116864202e+00
-5.9162552614969295e+00
-4.0444940624833032e+00
-2.9287419728897186e+00
-2.2131150284495571e+00
-1.7289068199917739e+00
-1.3863667346090733e+00
-1.1352646598840843e+00
-9.4613927066409653e-01
-8.0025554011010802e-01
-6.8530582688111585e-01
-5.9311086895214882e-01
-5.1817985684631074e-01
-4.5645612389507989e-01
-4.0496929406093252e-01
-3.6163948847977817e-01
-3.2483968588921508e-01
-2.9327396769605224e-01
-2.6603839866511808e-01
-2.4238489192533527e-01
-2.2168972860416322e-01
-2.0348894089007005e-01
-1.8740945093209746e-01
-1.7312285371597275e-01
-1.6036951349819384e-01
-1.4895537622188768e-01
-1.3869869739609539e-01
-1.2943132509079100e-01
-1.2104823050650762e-01
-1.1344151553537213e-01
-1.0650431835871489e-01
-1.0017157537584455e-01
-9.4377812627105331e-02
-8.9055520431911478e-02
-8.4158361975879253e-02
-7.9646876244285097e-02
-7.5477323243428082e-02
-7.1614708100590577e-02
-6.8035224534004041e-02
-6.4710004795318479e-02
-6.1611398559049971e-02
-5.8725258754857151e-02
-5.6032286787882295e-02
-5.3509898301774973e-02
-5.1150009394579532e-02
-4.8939182593821483e-02
-4.6859833134946315e-02
-4.4906417520649868e-02
-4.3069513744621882e-02
-4.1336267010902344e-02
-3.9701675021553515e-02
-3.8159445651540849e-02
-3.6700062258535705e-02
-3.5318976210942495e-02
-3.4012034150071271e-02
-3.2772106892923439e-02
-3.1595057864118675e-02
-3.0478201374713940e-02
-2.9416134053909731e-02
-2.8405109309886285e-02
-2.7443448944921109e-02
-2.6527008197861159e-02
-2.5652415316124038e-02
-2.5835956065003343e-02
-2.6560617555093459e-02
-2.7317165733932145e-02
-2.8109374360398745e-02
-2.8938771293020426e-02
-2.9806514961399383e-02
-3.0717120767174255e-02
-3.1672765274051468e-02
-3.2675016068243468e-02
-3.3729298325076297e-02
-3.4838600416492373e-02
-3.6005179228563146e-02
-3.7235612217201973e-02
-3.8533941792852924e-02
-3.9903500383511058e-02
-4.1352372091072495e-02
-4.2886016366880553e-02
-4.4509389391035603e-02
-4.6232607635444560e-02
-4.8063099215187755e-02
-5.0008244001789937e-02
-5.2080987230587704e-02
-5.4291580112801073e-02
-5.6651028078611235e-02
-5.9176340723901807e-02
-6.1881946899289955e-02
-6.4784339844536437e-02
-6.7906566147605499e-02
-7.1269441299668154e-02
-7.4897932842444406e-02
-7.8824376553987413e-02
-8.3079376773658217e-02
-8.7699896326172505e-02
-9.2734551803782012e-02
-9.8230835022371815e-02
-1.0424919574751024e-01
-1.1086160195478852e-01
-1.1814409529104829e-01
-1.2619505755590629e-01
-1.3513012523002912e-01
-1.4507704534497864e-01
-1.5620302882627818e-01
-1.6870534090793340e-01
-1.8281143814893849e-01
-1.9882219883522531e-01
-2.1709755844376635e-01
-2.3807757558189632e-01
-2.6234109386494442e-01
-2.9060901697233604e-01
-3.2380896392750086e-01
-3.6317789489407348e-01
-4.1033543020885782e-01
-4.6747798730184703e-01
-5.3758569944292012e-01
-6.2491427853223802e-01
-7.3558656868311068e-01
-8.7863341192490263e-01
-1.0677227753424117e+00
-1.3241911198695357e+00
-1.6826443779580240e+00
-2.2011909563034702e+00
-2.9756688848987984e+00
-4.1544213082446548e+00
-5.8422726016995750e+00
-7.4610587292621684e+00
-7.6465113336996895e+00
-7.1436282970211202e+00
-6.4032091073531401e+00
-4.7645738656503758e+00
-3.1380813097332649e+00
-2.0868761317256395e+00
-1.4514148835801535e+00
-1.0550969889403710e+00
-7.9621803372230104e-01
-6.1942124758138228e-01
-4.9402798826094785e-01
-4.0220099973532281e-01
-3.3310692711331485e-01
-2.7991099183182050e-01
-2.3812822963782088e-01
-2.0475281709653856e-01
-1.7769332993284126e-01
-1.5545996591020184e-01
-1.3698481518811054e-01
-1.2147333962483693e-01
-1.0832972522624830e-01
-9.7102020681529580e-02
-8.7435197802097755e-02
-7.9057733600666022e-02
-7.1752120791463828e-02
-6.5342710522656278e-02
-5.9692082482555496e-02
-5.4684719315520221e-02
-5.0227446893760984e-02
-4.6244081023426531e-02
-4.2668489250022132e-02
-3.9448534374582997e-02
-3.6538518155817074e-02
-3.3899368196251667e-02
-3.2135703333392274e-02
-3.3714839195905948e-02
-3.5423492942109454e-02
-3.7277279004904532e-02
-3.9292321669967080e-02
-4.1490414680798289e-02
-4.3894453607986807e-02
-4.6531991482817878e-02
-4.9436680286598977e-02
-5.2645345572653428e-02
-5.6205594532777223e-02
-6.0172216985790547e-02
-6.4610937273187022e-02
-6.9604570255529324e-02
-7.5250457332352305e-02
-8.1672919661192250e-02
-8.9025427003842167e-02
-9.7498793353913218e-02
-1.0734088944299378e-01
-1.1886306002948763e-01
-1.3247254469316905e-01
-1.4869849181204686e-01
-1.6822202847466147e-01
-1.9193999860994768e-01
-2.2097544860847537e-01
-2.5664829706928149e-01
-3.0017713028354970e-01
-3.5160617112598602e-01
-4.0681310767441292e-01
-4.5150012677724166e-01
-4.6036597681035074e-01
-4.2353117666880663e-01
-3.6498306595186902e-01
0.0000000000000000e+00
1.3464638167935267e-01
0.0000000000000000e+00
0.0000000000000000e+00
];
