%Vec Object:sol 1 MPI processes
%  type: mpi
sol = [
0.0000000000000000e+00
-8.4265650069114770e+01
-3.6316526460330977e+01
-1.6942064739397804e+01
-9.3921156920487068e+00
-5.8860860622987543e+00
-4.0090625829673945e+00
-2.8968836516225198e+00
-2.1859279817939896e+00
-1.7058268504484484e+00
-1.3666771057867466e+00
-1.1185001446168872e+00
-9.3162716855011485e-01
-7.8745752704497607e-01
-6.7396916515591643e-01
-5.8306587905280016e-01
-5.0920371449951685e-01
-4.4837414411819299e-01
-3.9764231866583483e-01
-3.5492705269653313e-01
-3.1866037559616434e-01
-2.8756003032129668e-01
-2.6073361982449500e-01
-2.3744190411238450e-01
-2.1706806327316500e-01
-1.9915410064916006e-01
-1.8333496430524068e-01
-1.6928811864978394e-01
-1.5675044327398069e-01
-1.4553120590074742e-01
-1.3545131346543213e-01
-1.2634477206153244e-01
-1.1810855493875938e-01
-1.1063638339551139e-01
-1.0382274398529522e-01
-9.7603801298145151e-02
-9.1915119922033536e-02
-8.6690082372195582e-02
-8.1883135800690884e-02
-7.7455505449647036e-02
-7.3364060185091173e-02
-6.9574337805650643e-02
-6.6062264675825197e-02
-6.2799948726079510e-02
-5.9760430290496214e-02
-5.6929849158754861e-02
-5.4289190812847207e-02
-5.1816159724055046e-02
-4.9502858939838128e-02
-4.7336056558621456e-02
-4.5298400146569731e-02
-4.3384472287121792e-02
-4.1585001032433060e-02
-3.9887313372870443e-02
-3.8286503946069854e-02
-3.6776386263899001e-02
-3.5347587033950939e-02
-3.3995637572879663e-02
-3.2716456465745690e-02
-3.1503028193553391e-02
-3.0351286259394792e-02
-2.9258591296898975e-02
-2.8219630618959528e-02
-2.7230721713538398e-02
-2.6290213198358250e-02
-2.5394033113269168e-02
-2.4538869754655697e-02
-2.4696227058304553e-02
-2.5369965913070468e-02
-2.6072802201481990e-02
-2.6808273749121078e-02
-2.7577710906710958e-02
-2.8382071516544084e-02
-2.9225569950546627e-02
-3.0110123804450249e-02
-3.1037042019341415e-02
-3.2011363136066867e-02
-3.3035733946654745e-02
-3.4112069593494783e-02
-3.5246446522552655e-02
-3.6442452722746800e-02
-3.7702959134746195e-02
-3.9035392895882447e-02
-4.0444601915278787e-02
-4.1934906504129149e-02
-4.3515549094037757e-02
-4.5193122892535721e-02
-4.6974114912639336e-02
-4.8870286777458041e-02
-5.0890729641092480e-02
-5.3045171123781445e-02
-5.5348984326786928e-02
-5.7814952399574765e-02
-6.0457702964635304e-02
-6.3297963778808988e-02
-6.6354157868740202e-02
-6.9648467619523355e-02
-7.3209849153738335e-02
-7.7065648064403122e-02
-8.1250015414457533e-02
-8.5805059771142167e-02
-9.0772802459059151e-02
-9.6207035197968929e-02
-1.0217184193862337e-01
-1.0873447380782088e-01
-1.1598241551404530e-01
-1.2401839545391649e-01
-1.3295535931823169e-01
-1.4294185288669115e-01
-1.5415282328252566e-01
-1.6678935182459970e-01
-1.8111271841879742e-01
-1.9744369237783671e-01
-2.1617273047899077e-01
-2.3781217112624256e-01
-2.6299924648750495e-01
-2.9255378968332657e-01
-3.2757004133198742e-01
-3.6948005894274294e-01
-4.2022690294327159e-01
-4.8250371535720560e-01
-5.6006558678994467e-01
-6.5831531979355307e-01
-7.8522999483654710e-01
-9.5303351141170589e-01
-1.1809613717346723e+00
-1.5001078576026667e+00
-1.9626131011560932e+00
-2.6572012402771867e+00
-3.7225320850708541e+00
-5.2699848032859276e+00
-6.7966605679274226e+00
-6.9969251322231019e+00
-6.5387041674502724e+00
-5.8520045383271082e+00
-4.3315539500840368e+00
-2.8418163033561608e+00
-1.8856487147418892e+00
-1.3101715784996237e+00
-9.5359074384506992e-01
-7.2174771762275658e-01
-5.6324955337789784e-01
-4.4983923075737331e-01
-3.6585173549458128e-01
-3.0212710470707660e-01
-2.5288777162456155e-01
-2.1422429296047416e-01
-1.8341065989230382e-01
-1.5851595757793555e-01
-1.3813286579732900e-01
-1.2125143017164171e-01
-1.0712263586227183e-01
-9.5165639048220715e-02
-8.4965126988506764e-02
-7.6184866231763987e-02
-6.8571996523805495e-02
-6.1928634412956853e-02
-5.6090210150102217e-02
-5.0934201924812302e-02
-4.6358524535528640e-02
-4.2275731585206436e-02
-3.8621217160407124e-02
-3.5335813585274392e-02
-3.2372762578100546e-02
-2.9692809676085927e-02
-2.7259884873029192e-02
-2.5552165583668577e-02
-2.6487184240433684e-02
-2.7471416619862729e-02
-2.8508090778873559e-02
-2.9597393453973060e-02
-3.0741098873171530e-02
-3.1938221341310448e-02
-3.3185584946534570e-02
-3.4478600488842312e-02
-3.5805507976362359e-02
-3.7150646948762425e-02
-3.8487284482637885e-02
-3.9772131093523656e-02
-4.0940321844415394e-02
-4.1885533023192124e-02
-4.2439436771209871e-02
-4.2320913908579574e-02
-4.1036393071107458e-02
-3.7646136242761981e-02
-2.9985946002818068e-02
-8.7110434904944679e-03
9.5428970609175948e-02
2.0236260878254622e-01
3.0660472285321272e-01
4.0877595023830665e-01
5.0933678468613530e-01
6.0856933783229372e-01
7.0667603314687377e-01
8.0372705057309735e-01
8.9984109099970389e-01
9.9512998128062990e-01
1.0896005381873177e+00
1.1833422245356850e+00
0.0000000000000000e+00
1.3464638167935258e-01
0.0000000000000000e+00
0.0000000000000000e+00
];
