%Vec Object:sol 1 MPI processes
%  type: mpi
sol = [
0.0000000000000000e+00
-7.2363865007873088e+01
-3.4658319299688777e+01
-1.6746355062321950e+01
-9.3913245815713697e+00
-5.9139671528485724e+00
-4.0383456869719856e+00
-2.9225835053445381e+00
-2.2073770379435982e+00
-1.7239862433088760e+00
-1.3819416200595740e+00
-1.1314751567333010e+00
-9.4285963853031018e-01
-7.9735095974514292e-01
-6.8264792247649808e-01
-5.9075305361473252e-01
-5.1607059810202882e-01
-4.5455491459402997e-01
-4.0324376312995969e-01
-3.6006391279466804e-01
-3.2339318230004910e-01
-2.9193922243667503e-01
-2.6480013532252167e-01
-2.4121715904007901e-01
-2.2058625565797443e-01
-2.0244423812410828e-01
-1.8642166382645239e-01
-1.7219253551941577e-01
-1.5949086790160705e-01
-1.4812341927595771e-01
-1.3790908281313691e-01
-1.2868021708090605e-01
-1.2033228609545728e-01
-1.1275778096944508e-01
-1.0585015656084833e-01
-9.9544650719643843e-02
-9.3776039775810116e-02
-8.8477023948472996e-02
-8.3601456397599389e-02
-7.9110042677563233e-02
-7.4959186488751245e-02
-7.1114020003534201e-02
-6.7550849082047545e-02
-6.4240906535872694e-02
-6.1156632912755818e-02
-5.8283956514868410e-02
-5.5603649971450314e-02
-5.3093198868392477e-02
-5.0744569006083554e-02
-4.8544374226223527e-02
-4.6475085367917460e-02
-4.4531192432509109e-02
-4.2703310787267072e-02
-4.0978629110598026e-02
-3.9352170224077776e-02
-3.7817668432491666e-02
-3.6365641376614924e-02
-3.4991560632519902e-02
-3.3691290965049629e-02
-3.2457730393139497e-02
-3.1286759684249724e-02
-3.0175704941453142e-02
-2.9119184512097364e-02
-2.8113467426705365e-02
-2.7156882445188525e-02
-2.6245302260477735e-02
-2.5375369624938540e-02
-2.5552228413352859e-02
-2.6264044084618750e-02
-2.7007040739968399e-02
-2.7784933269295872e-02
-2.8599199397825185e-02
-2.9450946459091229e-02
-3.0344614663761503e-02
-3.1282315003100379e-02
-3.2265549281652824e-02
-3.3299646008036317e-02
-3.4387507266021036e-02
-3.5531303263878281e-02
-3.6737484704208283e-02
-3.8009983253972417e-02
-3.9352043979278460e-02
-4.0771294353031722e-02
-4.2273075012355658e-02
-4.3862331089436483e-02
-4.5548975429939652e-02
-4.7340218754958314e-02
-4.9243207872176897e-02
-5.1270582101214462e-02
-5.3432290312367299e-02
-5.5739004554678007e-02
-5.8207310336197637e-02
-6.0851207115002477e-02
-6.3686701389471218e-02
-6.6736237318013286e-02
-7.0020005368538321e-02
-7.3562246041194310e-02
-7.7394415655328536e-02
-8.1546502596041279e-02
-8.6055809425769292e-02
-9.0968209324772814e-02
-9.6329809264366434e-02
-1.0219937590808628e-01
-1.0864688587625150e-01
-1.1574616057203066e-01
-1.2359283352978465e-01
-1.3229928847010514e-01
-1.4198954439101052e-01
-1.5282611833057558e-01
-1.6500066867987520e-01
-1.7873403300349255e-01
-1.9431860879500898e-01
-2.1210404142085690e-01
-2.3251771851233530e-01
-2.5612210905982824e-01
-2.8361758113852115e-01
-3.1590539219594799e-01
-3.5418240292736491e-01
-3.9999297552299978e-01
-4.5549072664802331e-01
-5.2362646249771072e-01
-6.0851302249915706e-01
-7.1610010240319877e-01
-8.5518389634943626e-01
-1.0390000222849778e+00
-1.2883474956650431e+00
-1.6373548735799288e+00
-2.1423294545362701e+00
-2.8986412139393520e+00
-4.0527453218684810e+00
-5.7147684258656604e+00
-7.3289889864850633e+00
-7.5236473753321267e+00
-7.0269741750589363e+00
-6.2907210380430838e+00
-4.6647467774376619e+00
-3.0643712249420783e+00
-2.0346234849148428e+00
-1.4133926214137864e+00
-1.0265363922701038e+00
-7.7391720846356860e-01
-6.0150371675991321e-01
-4.7930028103180849e-01
-3.8983965214246902e-01
-3.2254796119652585e-01
-2.7075258883118836e-01
-2.3007569161540023e-01
-1.9759572365491565e-01
-1.7127167717847325e-01
-1.4965181670445041e-01
-1.3169434142891817e-01
-1.1662176455086783e-01
-1.0385355243097209e-01
-9.2949388733404290e-02
-8.3563477708498687e-02
-7.5431350331588098e-02
-6.8341195868394322e-02
-6.2122013702159744e-02
-5.6639987311748644e-02
-5.1782686185408745e-02
-4.7459418692809591e-02
-4.3596018687608956e-02
-4.0128160487677977e-02
-3.7005074812569670e-02
-3.4182294324369325e-02
-3.1621809729971806e-02
-2.9884363374943847e-02
-3.1249146973669706e-02
-3.2716613880074741e-02
-3.4298022911216433e-02
-3.6004389103365585e-02
-3.7851131572609949e-02
-3.9853555799464729e-02
-4.2029874686910364e-02
-4.4402117648358691e-02
-4.6992892939760535e-02
-4.9831668246258849e-02
-5.2950442230171771e-02
-5.6385827571424851e-02
-6.0182683603843094e-02
-6.4389049431965731e-02
-6.9063315851117330e-02
-7.4269409051375190e-02
-8.0077524288536595e-02
-8.6565554090903621e-02
-9.3803295437902529e-02
-1.0184484378230990e-01
-1.1069031656913532e-01
-1.2020896552657792e-01
-1.2999657671784265e-01
-1.3903126653159920e-01
-1.4498912049288679e-01
-1.4285615109233127e-01
-1.2293533910922556e-01
-7.2578823672547435e-02
6.1766634204379247e-03
8.7173772909630853e-02
1.6203255695734478e-01
2.3081260840149481e-01
0.0000000000000000e+00
1.3464638167935256e-01
0.0000000000000000e+00
0.0000000000000000e+00
];
