%Vec Object:sol 1 MPI processes
%  type: mpi
sol = [
0.0000000000000000e+00
-5.4597643187393388e+01
-3.0907815029716339e+01
-1.6060168331264084e+01
-9.2372018601021626e+00
-5.8820410549495614e+00
-4.0394312461344102e+00
-2.9325682477590087e+00
-2.2207209544598165e+00
-1.7366408417367667e+00
-1.3940068764171580e+00
-1.1426597987814491e+00
-9.5288655940463174e-01
-8.0633220777847514e-01
-6.9084052854445421e-01
-5.9824790726275989e-01
-5.2295112449729653e-01
-4.6089594913096399e-01
-4.0911147468085401e-01
-3.6551402896544577e-01
-3.2845848339932959e-01
-2.9664996822907491e-01
-2.6920042908428388e-01
-2.4535720874808975e-01
-2.2449321369209307e-01
-2.0614133481105343e-01
-1.8992891436640230e-01
-1.7552754935486672e-01
-1.6266918839907493e-01
-1.5115854296817338e-01
-1.4081297020158579e-01
-1.3146363677434852e-01
-1.2300467372028542e-01
-1.1532757697557380e-01
-1.0832502013838929e-01
-1.0193140541818006e-01
-9.6080834969264464e-02
-9.0705456960096714e-02
-8.5758594884189632e-02
-8.1200486348858875e-02
-7.6987137937465352e-02
-7.3083322259874975e-02
-6.9465022424880091e-02
-6.6103182945120742e-02
-6.2969979090864020e-02
-6.0051121105760406e-02
-5.7327172481560711e-02
-5.4775404366749478e-02
-5.2387641769327482e-02
-5.0150345346554610e-02
-4.8045806934865772e-02
-4.6068424506747675e-02
-4.4208700715280450e-02
-4.2453679751814306e-02
-4.0798314415840760e-02
-3.9236260328402064e-02
-3.7757918308463506e-02
-3.6358701061309187e-02
-3.5034421565539750e-02
-3.3777883305121770e-02
-3.2584913255552427e-02
-3.1452806903025231e-02
-3.0376105931499617e-02
-2.9351027626471887e-02
-2.8375886646756211e-02
-2.7446493269803501e-02
-2.6559439310717987e-02
-2.6767598101274312e-02
-2.7537242330625773e-02
-2.8341289758618375e-02
-2.9183724620446664e-02
-3.0066255067521089e-02
-3.0990223126559212e-02
-3.1960413412606491e-02
-3.2979238316036406e-02
-3.4048500318808808e-02
-3.5173975653363040e-02
-3.6358992778322205e-02
-3.7605881095629498e-02
-3.8921586798367845e-02
-4.0310787831691536e-02
-4.1777244395809078e-02
-4.3329624561609596e-02
-4.4973934904983560e-02
-4.6715700859985512e-02
-4.8565815794898867e-02
-5.0532453284986970e-02
-5.2623790163001186e-02
-5.4853823078643567e-02
-5.7233836716604973e-02
-5.9775973738100653e-02
-6.2498695787158776e-02
-6.5417894214038083e-02
-6.8551717814321553e-02
-7.1925266949814770e-02
-7.5561477159831650e-02
-7.9487779883721230e-02
-8.3739498875626109e-02
-8.8350720051392287e-02
-9.3363622251733738e-02
-9.8829895972558562e-02
-1.0480196980684561e-01
-1.1134629179887892e-01
-1.1854192921676739e-01
-1.2647284409243514e-01
-1.3524722104947356e-01
-1.4499230401740684e-01
-1.5584915019760442e-01
-1.6800172962837362e-01
-1.8166733603328070e-01
-1.9709708064209402e-01
-2.1462215572073623e-01
-2.3463929741967024e-01
-2.5763389942246157e-01
-2.8424341371703027e-01
-3.1526228683709417e-01
-3.5171259324160581e-01
-3.9495611939246295e-01
-4.4672234448319886e-01
-5.0945084599011647e-01
-5.8647744099811761e-01
-6.8243876996573405e-01
-8.0402705315853540e-01
-9.6110891901909445e-01
-1.1685263684559526e+00
-1.4491822941045889e+00
-1.8408246263294528e+00
-2.4048625353021307e+00
-3.2425506213805781e+00
-4.5030929672518010e+00
-6.2705379385388325e+00
-7.8975310137412018e+00
-8.0473898528915537e+00
-7.5259021247180931e+00
-6.7740522558793970e+00
-5.0981781039900280e+00
-3.3877869208350639e+00
-2.2647876266192086e+00
-1.5809732422120548e+00
-1.1528277779684712e+00
-8.7248712580997634e-01
-6.8074896675521435e-01
-5.4451642674042777e-01
-4.4462485331329038e-01
-3.6937414915273120e-01
-3.1137231902616219e-01
-2.6576413777015967e-01
-2.2929307548026798e-01
-1.9969167554472439e-01
-1.7534554636864072e-01
-1.5509532688892944e-01
-1.3807224446352653e-01
-1.2363172951385279e-01
-1.1128365583641353e-01
-1.0064159241283660e-01
-9.1409993341959941e-02
-8.3351924579599612e-02
-7.6275864257165746e-02
-7.0032060621074865e-02
-6.4494418511448839e-02
-5.9561235174202407e-02
-5.5149370314633690e-02
-5.1186453994073663e-02
-4.7615591374819508e-02
-4.4386789088754194e-02
-4.1457244535487901e-02
-3.9576353767224987e-02
-4.1828176531647748e-02
-4.4288218512610181e-02
-4.6984010477602603e-02
-4.9945426532762960e-02
-5.3211327017288972e-02
-5.6824569499768614e-02
-6.0836967842714952e-02
-6.5311989127548833e-02
-7.0322211706259088e-02
-7.5960322792591933e-02
-8.2336625171863451e-02
-8.9586383064051589e-02
-9.7881459156656941e-02
-1.0743201466752959e-01
-1.1850991931585633e-01
-1.3146197767271109e-01
-1.4673567956895733e-01
-1.6492846404806316e-01
-1.8683076461333206e-01
-2.1352113095991210e-01
-2.4649538418961367e-01
-2.8786757195791801e-01
-3.4070340731077342e-01
-4.0951706721539699e-01
-5.0114267674101654e-01
-6.2609163627250775e-01
-8.0051090414269654e-01
-1.0479522768579577e+00
-1.3951015713436707e+00
-1.8325710802968178e+00
-2.2026101020700386e+00
-2.2894663002963829e+00
0.0000000000000000e+00
1.3464638167935269e-01
0.0000000000000000e+00
0.0000000000000000e+00
];
