%Vec Object:sol 1 MPI processes
%  type: mpi
sol = [
0.0000000000000000e+00
-6.3575670156395333e+01
-3.3020451867328681e+01
-1.6476967568014267e+01
-9.3427424532653038e+00
-5.9115413106489649e+00
-4.0467355646355783e+00
-2.9323475961078138e+00
-2.2171794943635841e+00
-1.7325869695214484e+00
-1.3899252253373324e+00
-1.1383676287449696e+00
-9.4886287342613718e-01
-8.0266460359068015e-01
-6.8748857855543899e-01
-5.9517223715158651e-01
-5.2004771745574552e-01
-4.5814950835317136e-01
-4.0651469851317434e-01
-3.6305801864844750e-01
-3.2614857185670704e-01
-2.9448762215195989e-01
-2.6716860986065677e-01
-2.4344151514326648e-01
-2.2268117154488634e-01
-2.0442231645634767e-01
-1.8829385159135345e-01
-1.7396850700913985e-01
-1.6117919483576515e-01
-1.4973159402001487e-01
-1.3944376549699189e-01
-1.3014740530906846e-01
-1.2173726316594292e-01
-1.1410351919053281e-01
-1.0713952294107380e-01
-1.0078205672817341e-01
-9.4965425825734542e-02
-8.9621938835684395e-02
-8.4705090056455296e-02
-8.0175270322940778e-02
-7.5988614087142317e-02
-7.2110014326452324e-02
-6.8515564526489464e-02
-6.5176308399145164e-02
-6.2064515469862358e-02
-5.9165971288991343e-02
-5.6461314245100293e-02
-5.3927897777364328e-02
-5.1557593895033636e-02
-4.9336919623337722e-02
-4.7248240029992998e-02
-4.5285982351872513e-02
-4.3440691415784001e-02
-4.1699472731910041e-02
-4.0057302170527914e-02
-3.8507864304805302e-02
-3.7041610882547926e-02
-3.5653975580353325e-02
-3.4340789339745409e-02
-3.3094897695372036e-02
-3.1912148611095432e-02
-3.0789846572042805e-02
-2.9722567889869204e-02
-2.8706551715397897e-02
-2.7740114551146805e-02
-2.6819095216352586e-02
-2.5940108401572258e-02
-2.6131025952950530e-02
-2.6869494931409176e-02
-2.7640616715493282e-02
-2.8448228867652463e-02
-2.9293913966943697e-02
-3.0178886238430583e-02
-3.1107742652455084e-02
-3.2082731302208616e-02
-3.3105491595806093e-02
-3.4181553655597788e-02
-3.5313999987840496e-02
-3.6505182116885339e-02
-3.7761813699589503e-02
-3.9088062154866550e-02
-4.0487387319830037e-02
-4.1968052088927336e-02
-4.3535683873767501e-02
-4.5195413858590723e-02
-4.6957596547252400e-02
-4.8829888998512622e-02
-5.0819916087446765e-02
-5.2940945440844982e-02
-5.5203545828095217e-02
-5.7619072325596772e-02
-6.0204980123048708e-02
-6.2976147709285030e-02
-6.5949577442915172e-02
-6.9148946700587577e-02
-7.2595723192417222e-02
-7.6315632403861369e-02
-8.0341929368199505e-02
-8.4706512069248716e-02
-8.9448955565874150e-02
-9.4617843992205269e-02
-1.0026223592567388e-01
-1.0644448409338143e-01
-1.1323881115959658e-01
-1.2072378370814689e-01
-1.2900090770401812e-01
-1.3818952628564968e-01
-1.4842165017547140e-01
-1.5986725648864761e-01
-1.7272677421178359e-01
-1.8723904591544455e-01
-2.0371416573704682e-01
-2.2252324420166217e-01
-2.4412009115982522e-01
-2.6910131268137583e-01
-2.9821006979349624e-01
-3.3240252859729719e-01
-3.7295327047308069e-01
-4.2153106220640640e-01
-4.8039826548296255e-01
-5.5268700918207936e-01
-6.4276105361892089e-01
-7.5680125554210953e-01
-9.0414323443358158e-01
-1.0988406910455741e+00
-1.3629778480891670e+00
-1.7318121294534679e+00
-2.2644013992466294e+00
-3.0588950860283179e+00
-4.2637703643839568e+00
-5.9770949452341826e+00
-7.5998744257113495e+00
-7.7744646957568655e+00
-7.2669972609805429e+00
-6.5233311613347276e+00
-4.8719060208642118e+00
-3.2180894929353756e+00
-2.1438409330724459e+00
-1.4928037713309090e+00
-1.0864129673882206e+00
-8.2064247562887138e-01
-6.3909011120628267e-01
-5.1028322991673891e-01
-4.1587894277744303e-01
-3.4481181655951548e-01
-2.9007709452503794e-01
-2.4707033716815233e-01
-2.1270499480614377e-01
-1.8483305179252890e-01
-1.6192590766084305e-01
-1.4288621608205071e-01
-1.2689463212566504e-01
-1.1333914361425254e-01
-1.0175542948487835e-01
-9.1778604271706504e-02
-8.3129603069025809e-02
-7.5584806555291525e-02
-6.8963561273215471e-02
-6.3124557466021303e-02
-5.7948380903722584e-02
-5.3339791447550924e-02
-4.9220465788795145e-02
-4.5522270219544650e-02
-4.2191550397989108e-02
-3.9181236186466621e-02
-3.6451064273810486e-02
-3.4654741734044321e-02
-3.6469514233720482e-02
-3.8442268699844767e-02
-4.0593052298359932e-02
-4.2943137154570543e-02
-4.5520712124294760e-02
-4.8356203129160766e-02
-5.1486351163658649e-02
-5.4956142657337489e-02
-5.8816087750475490e-02
-6.3131100550867320e-02
-6.7977418232513853e-02
-7.3447784518648127e-02
-7.9659777872111773e-02
-8.6755098445833165e-02
-9.4916387898902096e-02
-1.0437405153559641e-01
-1.1542177250971659e-01
-1.2844841002809354e-01
-1.4396006745084775e-01
-1.6264047505064794e-01
-1.8541919241668248e-01
-2.1357458812201063e-01
-2.4891373719762150e-01
-2.9399191750116455e-01
-3.5245278491649840e-01
-4.2944664331229371e-01
-5.3172346990779351e-01
-6.6602835469052268e-01
-8.3057685887104304e-01
-9.9061002331605552e-01
-1.0682870710100729e+00
-1.0438377768037395e+00
0.0000000000000000e+00
1.3464638167935247e-01
0.0000000000000000e+00
0.0000000000000000e+00
];
