%Vec Object:sol 1 MPI processes
%  type: mpi
sol = [
0.0000000000000000e+00
-6.7355055139800996e+01
-3.3773364759341419e+01
-1.6610954050826866e+01
-9.3701814552739346e+00
-5.9165570829258494e+00
-4.0454488162882454e+00
-2.9292541895811151e+00
-2.2139123524651225e+00
-1.7294549314437386e+00
-1.3870753099882414e+00
-1.1358105317575595e+00
-9.4657268880467749e-01
-8.0060855821566712e-01
-6.8563449811368060e-01
-5.9348978796941232e-01
-5.1850768796919922e-01
-4.5674264027587586e-01
-4.0522256188316075e-01
-3.6186557969989769e-01
-3.2504327886939416e-01
-2.9345875442759145e-01
-2.6620727953434670e-01
-2.4254019084553988e-01
-2.2183334492673168e-01
-2.0362242638236150e-01
-1.8753713650261430e-01
-1.7325080771265169e-01
-1.6049686294466922e-01
-1.4908147460873994e-01
-1.3882306993369387e-01
-1.2955288669017270e-01
-1.2116348648287881e-01
-1.1355106040575801e-01
-1.0660867412877618e-01
-1.0027119877629004e-01
-9.4473106187629260e-02
-8.9146841387547054e-02
-8.4246027745382659e-02
-7.9731169798780560e-02
-7.5558498029687921e-02
-7.1692991854219457e-02
-6.8110822577791122e-02
-6.4783102592478201e-02
-6.1682163895184237e-02
-5.8793844693863159e-02
-5.6098832757588826e-02
-5.3574530700771734e-02
-5.1212845023268297e-02
-4.9000328681063715e-02
-4.6919386933711588e-02
-4.4964469882329140e-02
-4.3126148698987420e-02
-4.1391560988654284e-02
-3.9755699779346294e-02
-3.8212268181726607e-02
-3.6751743685331309e-02
-3.5369574017845927e-02
-3.4061602570494016e-02
-3.2820695582088145e-02
-3.1642713455607881e-02
-3.0524968380105835e-02
-2.9462053379683457e-02
-2.8450219221502381e-02
-2.7487786431379987e-02
-2.6570607383823913e-02
-2.5695307933105947e-02
-2.5879898491819327e-02
-2.6606564942429543e-02
-2.7365228062958876e-02
-2.8159670737274805e-02
-2.8991428599757792e-02
-2.9861667998183745e-02
-3.0774915978279995e-02
-3.1733359256361740e-02
-3.2738575593164003e-02
-3.3796005115025819e-02
-3.4908649535307680e-02
-3.6078779124773391e-02
-3.7312990699716268e-02
-3.8615344356551853e-02
-3.9989190512681849e-02
-4.1442638623316375e-02
-4.2981171854187886e-02
-4.4609771050816392e-02
-4.6338586349690652e-02
-4.8175078115362611e-02
-5.0126660681127769e-02
-5.2206324745998858e-02
-5.4424366134980189e-02
-5.6791839344720443e-02
-5.9325816606486045e-02
-6.2040789752301331e-02
-6.4953323271939381e-02
-6.8086552105194348e-02
-7.1461382783573293e-02
-7.5102888537860318e-02
-7.9043534252597733e-02
-8.3314380013583461e-02
-8.7954003967295954e-02
-9.3009801184951724e-02
-9.8529537160346681e-02
-1.0457399385257864e-01
-1.1121553490865499e-01
-1.1853065306186571e-01
-1.2661832577384055e-01
-1.3559280890748346e-01
-1.4558074736493026e-01
-1.5675288097921300e-01
-1.6930733677255430e-01
-1.8347258284903839e-01
-1.9955079226155292e-01
-2.1790346234282729e-01
-2.3897256393369817e-01
-2.6333940329571065e-01
-2.9172795055504686e-01
-3.2506973421718427e-01
-3.6460683715426490e-01
-4.1196551620009114e-01
-4.6935102057905365e-01
-5.3981733789709507e-01
-6.2758454580174139e-01
-7.3873627269115405e-01
-8.8239192605294559e-01
-1.0722665560976288e+00
-1.3299654910453962e+00
-1.6899179024079967e+00
-2.2103992319868175e+00
-2.9879276149981862e+00
-4.1705836275056605e+00
-5.8619728394566302e+00
-7.4814727551275446e+00
-7.6652347397666789e+00
-7.1621828936646921e+00
-6.4210643150136493e+00
-4.7806226337594229e+00
-3.1499052701481705e+00
-2.0953108160780158e+00
-1.4575415776648102e+00
-1.0597268980423209e+00
-7.9980815106804004e-01
-6.2233385462857471e-01
-4.9643963057272111e-01
-4.0422346140677096e-01
-3.3483400583612138e-01
-2.8140857535210867e-01
-2.3944384866775037e-01
-2.0592167024241601e-01
-1.7874201505595413e-01
-1.5641071758909517e-01
-1.3785529195276311e-01
-1.2227511585358683e-01
-1.0907224994018222e-01
-9.7793048555746678e-02
-8.8079976352012215e-02
-7.9661907781022931e-02
-7.2320614676433595e-02
-6.5879677711984316e-02
-6.0201079867557475e-02
-5.5168792665492898e-02
-5.0689231036702635e-02
-4.6685876749328808e-02
-4.3092297881438812e-02
-3.9856130463714459e-02
-3.6931471739983228e-02
-3.4279072208849598e-02
-3.2510861843806159e-02
-3.4125471057355347e-02
-3.5873951464333309e-02
-3.7772606807585998e-02
-3.9838365015179136e-02
-4.2094019477208387e-02
-4.4563647827912313e-02
-4.7276249638155105e-02
-5.0267266635700629e-02
-5.3575695328019562e-02
-5.7251896075014831e-02
-6.1354086448612323e-02
-6.5952328417107270e-02
-7.1135040395609986e-02
-7.7006754352978601e-02
-8.3701289798003009e-02
-9.1384719214095203e-02
-1.0026481285480919e-01
-1.1061281964554176e-01
-1.2277261241116681e-01
-1.3719793254388468e-01
-1.5448578151721576e-01
-1.7542215328678931e-01
-2.0106096108349478e-01
-2.3277295658227568e-01
-2.7227379701228049e-01
-3.2147155507157099e-01
-3.8154996294362581e-01
-4.5009152612784775e-01
-5.1409708353529249e-01
-5.4459368627566140e-01
-5.2135803931224312e-01
-4.6641920766477823e-01
0.0000000000000000e+00
1.3464638167935269e-01
0.0000000000000000e+00
0.0000000000000000e+00
];
