%Vec Object:sol 1 MPI processes
%  type: mpi
sol = [
0.0000000000000000e+00
-9.2579486705960406e+01
-3.6964403228605171e+01
-1.6864507572400825e+01
-9.2696357777450942e+00
-5.7795264888154962e+00
-3.9209590481830792e+00
-2.8233483127113210e+00
-2.1236229336584720e+00
-1.6519167891838034e+00
-1.3194366318139532e+00
-1.0765329904366430e+00
-8.9384512702334784e-01
-7.5320856184053686e-01
-6.4266643014384750e-01
-5.5425442382178924e-01
-4.8252259480547238e-01
-4.2353276530841011e-01
-3.7437840646412046e-01
-3.3308610675632971e-01
-2.9807906880456159e-01
-2.6810330844544661e-01
-2.4228461282279426e-01
-2.1990038723363245e-01
-2.0034927126920751e-01
-1.8318392355067559e-01
-1.6804779415088067e-01
-1.5462710647935282e-01
-1.4266606154949119e-01
-1.3197819456895055e-01
-1.2238951163861010e-01
-1.1373973457305113e-01
-1.0592774256368787e-01
-9.8850444306058369e-02
-9.2406504212321300e-02
-8.6533302445388982e-02
-8.1168329493016736e-02
-7.6247786819199456e-02
-7.1726339790631879e-02
-6.7567305885759765e-02
-6.3729546532973552e-02
-6.0179904130523744e-02
-5.6895382343534626e-02
-5.3848781401739369e-02
-5.1014242256267453e-02
-4.8377864422838264e-02
-4.5921447044441684e-02
-4.3624186076943156e-02
-4.1477860565932639e-02
-3.9469791590928387e-02
-3.7583965288310379e-02
-3.5814644402853361e-02
-3.4152917486990279e-02
-3.2587145864286161e-02
-3.1112300601832833e-02
-2.9722354746493134e-02
-2.8408737234797959e-02
-2.7167004398323907e-02
-2.5993087967458566e-02
-2.4880596583039968e-02
-2.3825598019210512e-02
-2.2825360247728951e-02
-2.1875057611498619e-02
-2.0971219407878095e-02
-2.0112025806108710e-02
-1.9293786074933428e-02
-1.8513452050415449e-02
-1.8498152472683743e-02
-1.8862443581634823e-02
-1.9237939502984844e-02
-1.9626438367835179e-02
-2.0027972687587610e-02
-2.0442214998257997e-02
-2.0871161402214844e-02
-2.1314981343421250e-02
-2.1773287562008675e-02
-2.2248267461769309e-02
-2.2740209943267559e-02
-2.3248726410153540e-02
-2.3776187354849366e-02
-2.4322979573820847e-02
-2.4888771458071043e-02
-2.5476102927080385e-02
-2.6085427759548960e-02
-2.6716525455928865e-02
-2.7372078530096058e-02
-2.8052557333615682e-02
-2.8757892690369029e-02
-2.9490854193342193e-02
-3.0251838697791952e-02
-3.1040932813543715e-02
-3.1860877678117329e-02
-3.2711826084800291e-02
-3.3593941663325938e-02
-3.4509695611669597e-02
-3.5458660146209540e-02
-3.6440809149340093e-02
-3.7457833972636641e-02
-3.8508036477640582e-02
-3.9590509362772905e-02
-4.0705065850485431e-02
-4.1847266635726021e-02
-4.3013652957110654e-02
-4.4199710566742774e-02
-4.5394979590422276e-02
-4.6589402025783697e-02
-4.7768410638845571e-02
-4.8907753429654012e-02
-4.9980605803030896e-02
-5.0948012634650625e-02
-5.1751989260706815e-02
-5.2321496066394586e-02
-5.2553164091934092e-02
-5.2299654058991805e-02
-5.1360850929791931e-02
-4.9443343386994611e-02
-4.6116577983846531e-02
-4.0741195904234369e-02
-3.2315935941462565e-02
-1.9204906353106146e-02
1.6841652440625116e-03
1.1863843210181049e-02
1.3915793342992431e-02
1.4217093837006525e-02
1.4189275977143567e-02
1.4092763958885543e-02
1.3972896535707923e-02
1.3872965027013722e-02
1.3763377860440851e-02
1.3649010280361005e-02
1.3550198285553242e-02
1.3440960191450383e-02
1.3332578021423219e-02
1.3228368419180282e-02
1.3094608459211048e-02
1.2906516876781642e-02
1.2495064225513689e-02
1.1357773684250703e-02
8.0817781380238349e-03
-1.2977993159924114e-03
-2.3794326195618824e-02
-5.6355479573625078e-02
-8.3630957993384755e-02
-1.0055241138789060e-01
-1.0934762849605595e-01
-1.1283721059055837e-01
-1.1304527083884219e-01
-1.1128841470275866e-01
-1.0839067172238587e-01
-1.0486332358978845e-01
-1.0103102355330552e-01
-9.7092422476818957e-02
-9.3172460250584399e-02
-8.9348671465665747e-02
-8.5661541057923146e-02
-8.2137647138372849e-02
-7.8787956064012829e-02
-7.5613017164217644e-02
-7.2613245893621545e-02
-6.9781442359656429e-02
-6.7110381843815597e-02
-6.4593063898472122e-02
-6.2218284625380413e-02
-5.9979332965370849e-02
-5.7867147441675329e-02
-5.5872375270322065e-02
-5.5079832853651069e-02
-6.0059636553414258e-02
-6.5552554715886002e-02
-7.1631417946624379e-02
-7.8378422375058321e-02
-8.5896044786552550e-02
-9.4301640611660187e-02
-1.0373657009826288e-01
-1.1437337546844936e-01
-1.2641477919267630e-01
-1.4011563897676899e-01
-1.5578457270450408e-01
-1.7380287145049925e-01
-1.9465439147136229e-01
-2.1894065352134312e-01
-2.4743987646748311e-01
-2.8115505432200361e-01
-3.2138548501442954e-01
-3.6987292704586011e-01
-4.2898066879655528e-01
-5.0196030440829331e-01
-5.9338228264463122e-01
-7.0980550267922882e-01
-8.6096299527392817e-01
-1.0614535847677540e+00
-1.3346341577330998e+00
-1.7186973773233281e+00
-2.2781892754684430e+00
-3.1291380779509179e+00
-4.4812608534354705e+00
-6.6795425040664558e+00
-9.8595190796483152e+00
-1.1804858779196863e+01
0.0000000000000000e+00
1.3464638167935297e-01
0.0000000000000000e+00
0.0000000000000000e+00
];
