%Vec Object:sol 1 MPI processes
%  type: mpi
sol = [
0.0000000000000000e+00
-7.8040736513157285e+01
-3.5502278302336492e+01
-1.6852855175922077e+01
-9.3980640499589754e+00
-5.9026184673016378e+00
-4.0255779132308378e+00
-2.9107651576052826e+00
-2.1979716179872728e+00
-1.7155639727857590e+00
-1.3750511724196393e+00
-1.1256027559772053e+00
-9.3765901338664159e-01
-7.9276341658344829e-01
-6.7867481398259122e-01
-5.8727111204478033e-01
-5.1297052346013794e-01
-4.5173326186999457e-01
-4.0066286893660841e-01
-3.5769261851079387e-01
-3.2120533390191486e-01
-2.8991255641524466e-01
-2.6291707826026894e-01
-2.3947595625749188e-01
-2.1896947108783565e-01
-2.0093714442413718e-01
-1.8501186478255119e-01
-1.7086945845551602e-01
-1.5824543453423884e-01
-1.4694784901686897e-01
-1.3679662846072005e-01
-1.2762496781401728e-01
-1.1932798357790154e-01
-1.1179796096681083e-01
-1.0493136346748656e-01
-9.8663795994119216e-02
-9.2930346068892070e-02
-8.7663982449026956e-02
-8.2818797532441146e-02
-7.8355707871995334e-02
-7.4231305299033615e-02
-7.0410887669519071e-02
-6.6870904349921184e-02
-6.3582721918043233e-02
-6.0518903622830661e-02
-5.7665474506724726e-02
-5.5003302967071281e-02
-5.2509971964163127e-02
-5.0177510835575249e-02
-4.7992603145556978e-02
-4.5937798407984051e-02
-4.4007629770645734e-02
-4.2192763768228600e-02
-4.0480450868951752e-02
-3.8865747203002440e-02
-3.7342423303858993e-02
-3.5901045678979046e-02
-3.4537113436982424e-02
-3.3246516187261897e-02
-3.2022190786307532e-02
-3.0860042145440299e-02
-2.9757412520593322e-02
-2.8708951305221896e-02
-2.7710949587196824e-02
-2.6761745644864391e-02
-2.5857237136607845e-02
-2.4994087451548200e-02
-2.5162112785659337e-02
-2.5856634784237116e-02
-2.6581392901054081e-02
-2.7340022284985645e-02
-2.8133933820323052e-02
-2.8964166911486885e-02
-2.9835060036075577e-02
-3.0748636563132682e-02
-3.1706310718176998e-02
-3.2713280359264747e-02
-3.3772331973670459e-02
-3.4885520032603735e-02
-3.6059127340433712e-02
-3.7296927924064825e-02
-3.8601981202334018e-02
-3.9981984827082033e-02
-4.1442037301153638e-02
-4.2986719093646937e-02
-4.4625632486843217e-02
-4.6365713115206764e-02
-4.8213813915575589e-02
-5.0182183835164526e-02
-5.2280390242710660e-02
-5.4518685282812701e-02
-5.6913116006961535e-02
-5.9477141793034718e-02
-6.2226157220250225e-02
-6.5181845438776684e-02
-6.8363613613902099e-02
-7.1794790750937268e-02
-7.5505726799591527e-02
-7.9525241425840262e-02
-8.3889244610387867e-02
-8.8641947445267072e-02
-9.3827654616067735e-02
-9.9502940124948425e-02
-1.0573518599204383e-01
-1.1259532373257448e-01
-1.2017462337066925e-01
-1.2857866985795283e-01
-1.3792907159773915e-01
-1.4838201894657466e-01
-1.6012159745014359e-01
-1.7335968230828580e-01
-1.8837717075022628e-01
-2.0550971509919808e-01
-2.2516742167247106e-01
-2.4789037184498819e-01
-2.7435075299123479e-01
-3.0541350772653031e-01
-3.4223273580257785e-01
-3.8631935259314482e-01
-4.3972325410313906e-01
-5.0528523536046943e-01
-5.8691241992598320e-01
-6.9032861095658959e-01
-8.2401635078486557e-01
-1.0007991990520644e+00
-1.2409262363142382e+00
-1.5768045580911314e+00
-2.0636911583808475e+00
-2.7938242101675117e+00
-3.9121214961524053e+00
-5.5329819228948871e+00
-7.1259446612900277e+00
-7.3302822556944234e+00
-6.8456456730753183e+00
-6.1222974801447947e+00
-4.5266987880527942e+00
-2.9668719116221904e+00
-1.9673417208806963e+00
-1.3654323605374705e+00
-9.9077757796428312e-01
-7.4635879758902934e-01
-5.7962140032118803e-01
-4.6144241112753520e-01
-3.7495963498453777e-01
-3.0992931189938866e-01
-2.5989317838606640e-01
-2.2061569468893452e-01
-1.8925962447365205e-01
-1.6385173188940930e-01
-1.4298859781065182e-01
-1.2566325027888925e-01
-1.1112361218364361e-01
-9.8808166652212814e-02
-8.8293031936214461e-02
-7.9243899259574410e-02
-7.1405085665024071e-02
-6.4571845526853494e-02
-5.8578890371143937e-02
-5.3296860227203743e-02
-4.8617106088904592e-02
-4.4451951108188531e-02
-4.0729699778879205e-02
-3.7388198794849892e-02
-3.4378333736466073e-02
-3.1657114385969840e-02
-2.9187786793891210e-02
-2.7484432896200710e-02
-2.8626583960533927e-02
-2.9842926657516238e-02
-3.1139887030538091e-02
-3.2522741289112575e-02
-3.3999686246578738e-02
-3.5577307680320525e-02
-3.7262940131223034e-02
-3.9064881807146783e-02
-4.0988608043578248e-02
-4.3041344994041782e-02
-4.5226473981578280e-02
-4.7543075844948587e-02
-4.9985668246583952e-02
-5.2534416205608565e-02
-5.5153364593451708e-02
-5.7773729646881572e-02
-6.0270783455648839e-02
-6.2428800967598778e-02
-6.3856636965386918e-02
-6.3839815575079353e-02
-6.0987816544784107e-02
-5.2280669249904141e-02
-2.9064110331170331e-02
5.4552663436604892e-02
1.5668243295363110e-01
2.5501803584364297e-01
3.4977709878240620e-01
4.4110442515445392e-01
5.2914611127960920e-01
6.1398090130847793e-01
6.9562698811447621e-01
7.7413496928564463e-01
0.0000000000000000e+00
1.3464638167935286e-01
0.0000000000000000e+00
0.0000000000000000e+00
];
