%Vec Object:sol 1 MPI processes
%  type: mpi
sol = [
0.0000000000000000e+00
-8.9996993488491071e+01
-3.6935137678908028e+01
-1.6986755427018625e+01
-9.3748205436678020e+00
-5.8630774485381307e+00
-3.9896648037037732e+00
-2.8808260401043113e+00
-2.1731346869855348e+00
-1.6951798256756578e+00
-1.3579461094275964e+00
-1.1109635492049470e+00
-9.2512764575837558e-01
-7.8189769467129810e-01
-6.6910253109627871e-01
-5.7871604393024523e-01
-5.0528832394242107e-01
-4.4482712396601976e-01
-3.9440999267735327e-01
-3.5199564451941362e-01
-3.1598564492288961e-01
-2.8510557024206773e-01
-2.5846986468133937e-01
-2.3533931682899778e-01
-2.1510154756512509e-01
-1.9730909034960489e-01
-1.8159897211764789e-01
-1.6765033747070032e-01
-1.5520147054682165e-01
-1.4406285157944959e-01
-1.3405638972075004e-01
-1.2501693796571536e-01
-1.1684220377967298e-01
-1.0942653305141836e-01
-1.0266496036275460e-01
-9.6494108499085157e-02
-9.0849946261318107e-02
-8.5666224009472380e-02
-8.0897692886523279e-02
-7.6505843610897170e-02
-7.2447798026756216e-02
-6.8689309842086210e-02
-6.5207205188900122e-02
-6.1973217260779569e-02
-5.8960247783398784e-02
-5.6154566909899763e-02
-5.3537299294203665e-02
-5.1086297177441911e-02
-4.8793744561736282e-02
-4.6646508312563673e-02
-4.4627353796815247e-02
-4.2730917047559193e-02
-4.0947996822537719e-02
-3.9266010504496691e-02
-3.7680094858596386e-02
-3.6184111807936681e-02
-3.4768758158208284e-02
-3.3429600838902084e-02
-3.2162590396752948e-02
-3.0960766092861081e-02
-2.9820093267976560e-02
-2.8737952326298270e-02
-2.7709073739610526e-02
-2.6729804489634780e-02
-2.5798503880803004e-02
-2.4911134214083568e-02
-2.4064411621695085e-02
-2.4210751554620061e-02
-2.4862931830157128e-02
-2.5543030544450989e-02
-2.6254482699738447e-02
-2.6998535812827504e-02
-2.7776063992881357e-02
-2.8591151378226654e-02
-2.9445607300301352e-02
-3.0340643012303180e-02
-3.1281022772730809e-02
-3.2269212122283210e-02
-3.3307072676240196e-02
-3.4400481495968381e-02
-3.5552831279341147e-02
-3.6766796045947903e-02
-3.8049515856008818e-02
-3.9405575120844617e-02
-4.0839021430235788e-02
-4.2358715476366549e-02
-4.3970889834078770e-02
-4.5681646704940813e-02
-4.7502230775576394e-02
-4.9441230862643189e-02
-5.1507821382339940e-02
-5.3716660307621886e-02
-5.6079816256292915e-02
-5.8611105785729228e-02
-6.1330242178964184e-02
-6.4254606638414535e-02
-6.7405165899668870e-02
-7.0809394473175705e-02
-7.4493074259140341e-02
-7.8488486891076514e-02
-8.2835502595587612e-02
-8.7573714818931170e-02
-9.2753950698383825e-02
-9.8436776092478168e-02
-1.0468551822530409e-01
-1.1158278082919802e-01
-1.1922549831195396e-01
-1.2771996392945359e-01
-1.3720630389180014e-01
-1.4784937286194189e-01
-1.5983830109873734e-01
-1.7342471366132953e-01
-1.8890863931519505e-01
-2.0665616244649646e-01
-2.2715019203748674e-01
-2.5099087653195179e-01
-2.7894860015671258e-01
-3.1203576229606411e-01
-3.5161199873279148e-01
-3.9950310433430813e-01
-4.5823926621512445e-01
-5.3134680680682933e-01
-6.2393108715973666e-01
-7.4354614300242894e-01
-9.0154381775334513e-01
-1.1159540347327068e+00
-1.4161836177409051e+00
-1.8510535597217808e+00
-2.5037381731626343e+00
-3.5030356846749866e+00
-4.9490639270628440e+00
-6.3604035724762449e+00
-6.5383389556218203e+00
-6.1158604686931062e+00
-5.4872021764424268e+00
-4.0887291682391700e+00
-2.6988609464865920e+00
-1.8168198903878974e+00
-1.3108768847399233e+00
-9.5854973099992524e-01
-7.0163659347630725e-01
-5.2879112716889165e-01
-4.1242737494655185e-01
-3.3065020345613250e-01
-2.7073006218064966e-01
-2.2551704574203030e-01
-1.9051139772138662e-01
-1.6281664613907570e-01
-1.4055837027554074e-01
-1.2238044957709654e-01
-1.0735479172541114e-01
-9.4828843996522624e-02
-8.4222131707312659e-02
-7.5201675348192915e-02
-6.7452813309001991e-02
-6.0746633569968081e-02
-5.4921872974276781e-02
-4.9812994897991798e-02
-4.5317898855576667e-02
-4.1355583320523144e-02
-3.7817407856576092e-02
-3.4663549372277259e-02
-3.1833385027973428e-02
-2.9276098378569756e-02
-2.6966475494677577e-02
-2.4856229731340090e-02
-2.3390006597705792e-02
-2.4341908925348734e-02
-2.5314547606977912e-02
-2.6326727350418373e-02
-2.7367567977496225e-02
-2.8428047894903594e-02
-2.9505235408769068e-02
-3.0577521816910935e-02
-3.1636577613981261e-02
-3.2650661270699460e-02
-3.3582228909769044e-02
-3.4388459995963953e-02
-3.4977419811820919e-02
-3.5231553281401470e-02
-3.4952248926226295e-02
-3.3795122451324752e-02
-3.1143433201242441e-02
-2.5607613332563908e-02
-1.2098013836803307e-02
9.4323170915940668e-02
2.0737152278058713e-01
3.0575717739481523e-01
3.9873474243184587e-01
4.9249173326547396e-01
5.8923210273573390e-01
6.8881397836790637e-01
7.9039624766904870e-01
8.9344856039476084e-01
9.9772655555818035e-01
1.1031695017047507e+00
1.2099762913842600e+00
1.3182002989336365e+00
1.4280516561697725e+00
0.0000000000000000e+00
1.3464638167935236e-01
0.0000000000000000e+00
0.0000000000000000e+00
];
