%Vec Object:sol 1 MPI processes
%  type: mpi
sol = [
0.0000000000000000e+00
-7.4718249485802545e+01
-3.5022524600412616e+01
-1.6797983835085653e+01
-9.3961275266093605e+00
-5.9106668267392797e+00
-4.0339603131506676e+00
-2.9179082474557836e+00
-2.2038552946173944e+00
-1.7206178984436251e+00
-1.3793915680730984e+00
-1.1292032818899322e+00
-9.4079214232136021e-01
-7.9551315092028063e-01
-6.8110820945018846e-01
-5.8944132244317349e-01
-5.1486821507466141e-01
-4.5344786433700179e-01
-4.0222152624196050e-01
-3.5911723331118212e-01
-3.2251388713905527e-01
-2.9112005429926907e-01
-2.6403594153780124e-01
-2.4051661801096874e-01
-2.1994081148010708e-01
-2.0184671656797062e-01
-1.8586612203853295e-01
-1.7167398173398121e-01
-1.5900507603823533e-01
-1.4766682019218141e-01
-1.3747588091166468e-01
-1.2826642682605185e-01
-1.1993642260750670e-01
-1.1237850723129754e-01
-1.0548625786103073e-01
-9.9195034749479702e-02
-9.3439717130292921e-02
-8.8153093379878200e-02
-8.3289097922626107e-02
-7.8808508688102574e-02
-7.4667793457420986e-02
-7.0832141677236726e-02
-6.7277909698118185e-02
-6.3976377146536756e-02
-6.0900027791148587e-02
-5.8034824551736940e-02
-5.5361574243845316e-02
-5.2857797468276360e-02
-5.0515482970965912e-02
-4.8321269852239536e-02
-4.6257657809508225e-02
-4.4319152480363833e-02
-4.2496387989076158e-02
-4.0776576028983158e-02
-3.9154751590194950e-02
-3.7624662351189643e-02
-3.6176844375559625e-02
-3.4806779421717615e-02
-3.3510341442027657e-02
-3.2280443238420442e-02
-3.1112974639052101e-02
-3.0005267685630357e-02
-2.8951952635745352e-02
-2.7949306917873392e-02
-2.6995662721264656e-02
-2.6086902378670160e-02
-2.5219676600338171e-02
-2.5392867814120767e-02
-2.6097557273079119e-02
-2.6833036843410474e-02
-2.7602988522970322e-02
-2.8408862266865717e-02
-2.9251737139541167e-02
-3.0136011347826407e-02
-3.1063759489190428e-02
-3.2036446916037804e-02
-3.3059348143573690e-02
-3.4135317219412951e-02
-3.5266476160183934e-02
-3.6459207030632511e-02
-3.7717373714212306e-02
-3.9044126833146259e-02
-4.0447294106346302e-02
-4.1932094925046452e-02
-4.3503235409233863e-02
-4.5170490768925695e-02
-4.6940961624322042e-02
-4.8821677313121252e-02
-5.0825120810600255e-02
-5.2961088639531688e-02
-5.5240085336945445e-02
-5.7678481332682281e-02
-6.0290060964820320e-02
-6.3090587191857353e-02
-6.6102201110934802e-02
-6.9344782110062508e-02
-7.2842208924759635e-02
-7.6625498780690748e-02
-8.0724177495369739e-02
-8.5174996747962681e-02
-9.0023172673290963e-02
-9.5314101752467684e-02
-1.0110568669879984e-01
-1.0746609228065708e-01
-1.1446620858436957e-01
-1.2220216837625725e-01
-1.3078454900037961e-01
-1.4033529155742031e-01
-1.5101429538947841e-01
-1.6301008251827784e-01
-1.7653977355965053e-01
-1.9189099773421925e-01
-2.0940759132450565e-01
-2.2950975977861612e-01
-2.5275066461643553e-01
-2.7981894253931405e-01
-3.1160071685987584e-01
-3.4927811866127589e-01
-3.9439888007500529e-01
-4.4906259536804455e-01
-5.1617494065526726e-01
-5.9971274409281261e-01
-7.0558288110083101e-01
-8.4244126452358303e-01
-1.0234029579669994e+00
-1.2691009316418356e+00
-1.6127111447221454e+00
-2.1105332888579547e+00
-2.8561863680083635e+00
-3.9962729451919752e+00
-5.6432730640231004e+00
-7.2513006511699185e+00
-7.4512558530521451e+00
-6.9583317189586289e+00
-6.2257959063831594e+00
-4.6097409578889224e+00
-3.0245715132507955e+00
-2.0068705845389450e+00
-1.3935174026353032e+00
-1.0116086156249089e+00
-7.6238679545277011e-01
-5.9231268878841381e-01
-4.7176405606263450e-01
-3.8353284433654228e-01
-3.1717826461699078e-01
-2.6611654593236894e-01
-2.2602920268266050e-01
-1.9402299059127312e-01
-1.6808543000856074e-01
-1.4678478627375940e-01
-1.2909139902546496e-01
-1.1424248340172247e-01
-1.0166534561560345e-01
-9.0925647172999002e-02
-8.1682330869271222e-02
-7.3674554553195021e-02
-6.6693434056726980e-02
-6.0570352851621052e-02
-5.5173347847178450e-02
-5.0391570078658444e-02
-4.6135599717310252e-02
-4.2332305355039165e-02
-3.8918281084069029e-02
-3.5843457282943254e-02
-3.3063991597694679e-02
-3.0542411122558018e-02
-2.8818718377828501e-02
-3.0083243008260520e-02
-3.1437656765894342e-02
-3.2891074946985933e-02
-3.4451977466643337e-02
-3.6132602669696506e-02
-3.7944432096405238e-02
-3.9900931234544024e-02
-4.2018166653823533e-02
-4.4311358040587605e-02
-4.6800444318166795e-02
-4.9505271260072196e-02
-5.2446676149366822e-02
-5.5648601054122587e-02
-5.9131307570208222e-02
-6.2915273214104034e-02
-6.7012786342781683e-02
-7.1419250611532731e-02
-7.6104605749535967e-02
-8.0977980435877575e-02
-8.5845044248593447e-02
-9.0306424696040472e-02
-9.3556570992291949e-02
-9.3976141481068892e-02
-8.8170679935695717e-02
-6.8628606731768474e-02
-1.6727313667940807e-02
7.7691517134418422e-02
1.6876054151461564e-01
2.5494816492396200e-01
3.3638396509607149e-01
4.1313214831516681e-01
4.8522718651989349e-01
0.0000000000000000e+00
1.3464638167935253e-01
0.0000000000000000e+00
0.0000000000000000e+00
];
