%Vec Object:sol 1 MPI processes
%  type: mpi
sol = [
0.0000000000000000e+00
-1.0449688972173429e+02
-3.8010775257783550e+01
-1.6959079576777658e+01
-9.2699830199911055e+00
-5.7727468479609776e+00
-3.9181148440756970e+00
-2.8242122149353492e+00
-2.1274077892102494e+00
-1.6574767195707365e+00
-1.3262097681664105e+00
-1.0838586734833118e+00
-9.0162666076220666e-01
-7.6125869709118565e-01
-6.5073363829627284e-01
-5.6226545523610538e-01
-4.9043144044258474e-01
-4.3131070535919741e-01
-3.8203340674444725e-01
-3.4059778337816882e-01
-3.0543549843242923e-01
-2.7528418778410696e-01
-2.4928798382132211e-01
-2.2673021516282502e-01
-2.0700911960031812e-01
-1.8967869777348720e-01
-1.7438367187421591e-01
-1.6080976777718983e-01
-1.4870071567368331e-01
-1.3787121196683502e-01
-1.2814696761994701e-01
-1.1936632215704134e-01
-1.1142934276263293e-01
-1.0423270344603355e-01
-9.7673755244814961e-02
-9.1690577724520078e-02
-8.6220596706834865e-02
-8.1199099869113500e-02
-7.6581883135164661e-02
-7.2331328222338509e-02
-6.8405595640668074e-02
-6.4771264395281136e-02
-6.1405684721325578e-02
-5.8281295818596174e-02
-5.5371705629142266e-02
-5.2663463285884393e-02
-5.0138170985196705e-02
-4.7774319299614079e-02
-4.5564204698748507e-02
-4.3495029460862249e-02
-4.1550069291515716e-02
-3.9723759719724895e-02
-3.8007457837215208e-02
-3.6388994747364650e-02
-3.4863572861163691e-02
-3.3425193455690207e-02
-3.2064874955162824e-02
-3.0778267981555942e-02
-2.9561396819083669e-02
-2.8407552331721157e-02
-2.7312798895615047e-02
-2.6274542504844275e-02
-2.5287711577855244e-02
-2.4348763681164953e-02
-2.3456048504601677e-02
-2.2605685033098143e-02
-2.1794507488054300e-02
-2.1883266700280037e-02
-2.2427031959913264e-02
-2.2992693630049705e-02
-2.3583125714506506e-02
-2.4199152891714273e-02
-2.4841231246873440e-02
-2.5512731910202077e-02
-2.6214899610624145e-02
-2.6948389673152530e-02
-2.7717162082631048e-02
-2.8522966291823201e-02
-2.9366841802483338e-02
-3.0253471973449235e-02
-3.1185240256610243e-02
-3.2163816993017208e-02
-3.3194806579981771e-02
-3.4281423008872727e-02
-3.5426307310536947e-02
-3.6636278779282272e-02
-3.7915682824142399e-02
-3.9268614785486364e-02
-4.0703552731048719e-02
-4.2226440339741246e-02
-4.3843537396766857e-02
-4.5565666476120183e-02
-4.7401108757782029e-02
-4.9359366944017206e-02
-5.1454695090120094e-02
-5.3698912497609809e-02
-5.6106461942477232e-02
-5.8696807368661279e-02
-6.1487317345373806e-02
-6.4500152750653197e-02
-6.7763007924825702e-02
-7.1302299415305900e-02
-7.5152661710690918e-02
-7.9355378396996010e-02
-8.3952274808570468e-02
-8.8999039507201949e-02
-9.4560559470477715e-02
-1.0070627695063188e-01
-1.0752939132011290e-01
-1.1513831664646358e-01
-1.2365513043846386e-01
-1.3324451919750022e-01
-1.4410008382572020e-01
-1.5645550929822138e-01
-1.7062035981603899e-01
-1.8697003143985824e-01
-2.0598964986834645e-01
-2.2832638339266889e-01
-2.5481392920305973e-01
-2.8657442712481873e-01
-3.2514961469919940e-01
-3.7265915076896339e-01
-4.3213324524846625e-01
-5.0797848252890587e-01
-6.0671843269910342e-01
-7.3826567910916319e-01
-9.1810518450790901e-01
-1.1701453754293814e+00
-1.5287840754339233e+00
-2.0270294166560605e+00
-2.6136429544611808e+00
-2.9728617396901007e+00
-2.8979732604451121e+00
-2.7079836781505549e+00
-2.4975655672946062e+00
-2.0912543331229290e+00
-1.5549805617522385e+00
-1.1119540495925846e+00
-8.0527971637458584e-01
-5.9943424021847358e-01
-4.5898121332402597e-01
-3.6041014379436909e-01
-2.8921953319740618e-01
-2.3642778549750915e-01
-1.9635013715470759e-01
-1.6529483269117889e-01
-1.4078628432503057e-01
-1.2114058932982436e-01
-1.0517132411012652e-01
-9.2025969062181745e-02
-8.1088838939555874e-02
-7.1896957022689376e-02
-6.4102995934804854e-02
-5.7442668561477561e-02
-5.1707216817904217e-02
-4.6736946524093735e-02
-4.2403487339643775e-02
-3.8602794881149795e-02
-3.5253659807022261e-02
-3.2287468177589478e-02
-2.9648879894488663e-02
-2.7292710597263996e-02
-2.5179478770739203e-02
-2.3278269805255946e-02
-2.1561858654536796e-02
-2.0006900089398670e-02
-1.8968947409529313e-02
-1.9899402726933971e-02
-2.0908457528625336e-02
-2.2005779808516548e-02
-2.3201193529816380e-02
-2.4508200845729487e-02
-2.5940807132505534e-02
-2.7515813314310328e-02
-2.9253811738415174e-02
-3.1176921823535569e-02
-3.3313882303822047e-02
-3.5697280372133447e-02
-3.8365596805457106e-02
-4.1366994828693271e-02
-4.4756345874202637e-02
-4.8602310708331549e-02
-5.2986660297327084e-02
-5.8006562425373505e-02
-6.3781418257486996e-02
-7.0446179683680749e-02
-7.8157050845706857e-02
-8.7075317821288370e-02
-9.7329056675153458e-02
-1.0893713816578160e-01
-1.2158086974412187e-01
-1.3411191655834959e-01
-1.4339297394991840e-01
-1.4192845583742392e-01
-1.1498570004122649e-01
-4.5203691257989252e-02
6.6406913693465783e-02
2.0605731563579974e-01
3.7377162999313746e-01
0.0000000000000000e+00
1.3464638167935250e-01
0.0000000000000000e+00
0.0000000000000000e+00
];
