%Vec Object:sol 1 MPI processes
%  type: mpi
sol = [
0.0000000000000000e+00
-4.9429502882411853e+01
-2.9469522381046342e+01
-1.5731790706010086e+01
-9.1404148869769308e+00
-5.8466645016822030e+00
-4.0245739846483941e+00
-2.9264976992181668e+00
-2.2177719370362392e+00
-1.7360452792277907e+00
-1.3940075591632473e+00
-1.1429831722495905e+00
-9.5360395546434584e-01
-8.0733417108391581e-01
-6.9187895579526326e-01
-5.9925134069254082e-01
-5.2391676475641358e-01
-4.6182384595663351e-01
-4.1000333622088569e-01
-3.6637161791895201e-01
-3.2929896736469338e-01
-2.9748754474326905e-01
-2.7002951249339258e-01
-2.4617408180187145e-01
-2.2529560804099727e-01
-2.0692782712445093e-01
-1.9069864849816937e-01
-1.7628017058390799e-01
-1.6340477224082151e-01
-1.5186966318853670e-01
-1.4150117682709729e-01
-1.3213065401294219e-01
-1.2365198451763827e-01
-1.1595651549469796e-01
-1.0893682440564575e-01
-1.0252716775777576e-01
-9.6661543445420259e-02
-9.1272025528375059e-02
-8.6311852190996838e-02
-8.1741185815924808e-02
-7.7515975887743283e-02
-7.3600940013878666e-02
-6.9972008889944315e-02
-6.6600083543507924e-02
-6.3457298350148780e-02
-6.0529329167417753e-02
-5.7796707218602750e-02
-5.5236667943037311e-02
-5.2841016383232672e-02
-5.0596189407318144e-02
-4.8484446132798245e-02
-4.6500173656740480e-02
-4.4633857215994187e-02
-4.2872512978847595e-02
-4.1211085701518615e-02
-3.9643219715717493e-02
-3.8159292155409912e-02
-3.6754708117935124e-02
-3.5425274518381421e-02
-3.4163775016900329e-02
-3.2966028232788380e-02
-3.1829327941348490e-02
-3.0748199332036989e-02
-2.9718850154160946e-02
-2.8739596876234348e-02
-2.7806236063271830e-02
-2.6915348816209127e-02
-2.7134198311282463e-02
-2.7922584342542293e-02
-2.8746428206861567e-02
-2.9609801735517579e-02
-3.0514488496548461e-02
-3.1461907285664212e-02
-3.2456954645862048e-02
-3.3502141349549139e-02
-3.4599370131744044e-02
-3.5754556596793698e-02
-3.6971128874231422e-02
-3.8251785440908709e-02
-3.9603740289336199e-02
-4.1031619737306756e-02
-4.2539350717139962e-02
-4.4135852900639053e-02
-4.5827370141522758e-02
-4.7619675207636429e-02
-4.9523996923791953e-02
-5.1548832430732099e-02
-5.3702704871301292e-02
-5.6000065825513833e-02
-5.8452649014677970e-02
-6.1073091490516679e-02
-6.3880484465537068e-02
-6.6891355517297704e-02
-7.0124573768212642e-02
-7.3606131857121282e-02
-7.7359888929392356e-02
-8.1414349780133607e-02
-8.5806138629277162e-02
-9.0570720874459776e-02
-9.5751916620881089e-02
-1.0140337446058659e-01
-1.0757965281611077e-01
-1.1434978720734078e-01
-1.2179590798449375e-01
-1.3000539668977246e-01
-1.3909066996370203e-01
-1.4918398466458549e-01
-1.6042618157372318e-01
-1.7301039256566234e-01
-1.8716420742059989e-01
-2.0314835168674944e-01
-2.2130632469281455e-01
-2.4204973307312891e-01
-2.6588220403083351e-01
-2.9346468959485622e-01
-3.2562095169377453e-01
-3.6341050051457097e-01
-4.0824407311327721e-01
-4.6196821159860485e-01
-5.2708367643630039e-01
-6.0704806153938617e-01
-7.0667234764561704e-01
-8.3270912113314222e-01
-9.9543165901152297e-01
-1.2101920626268823e+00
-1.5010077359664717e+00
-1.9058638341053125e+00
-2.4877230169134665e+00
-3.3493453904553312e+00
-4.6391995378278938e+00
-6.4281268098285018e+00
-8.0422622560183257e+00
-8.1715966497119208e+00
-7.6450127986668184e+00
-6.8937110861797226e+00
-5.2169493302509160e+00
-3.4825386890519128e+00
-2.3338389594208371e+00
-1.6316147279809141e+00
-1.1911688260081843e+00
-9.0242193825388062e-01
-7.0465950936480104e-01
-5.6414911295729098e-01
-4.6106669866731015e-01
-3.8337522684667902e-01
-3.2346608640408270e-01
-2.7633785633689778e-01
-2.3862556138645813e-01
-2.0800754105863259e-01
-1.8281772679894950e-01
-1.6185944412625206e-01
-1.4423862066042900e-01
-1.2928707500341116e-01
-1.1649766096068249e-01
-1.0547151489997471e-01
-9.5903548986064388e-02
-8.7549122088505418e-02
-8.0210426444512734e-02
-7.3732800944674631e-02
-6.7985961653718549e-02
-6.2864819504252503e-02
-5.8283463691454540e-02
-5.4167062346105375e-02
-5.0456816293874197e-02
-4.7101026555076697e-02
-4.4055412980871969e-02
-4.2118614488555306e-02
-4.4582798597711477e-02
-4.7278595751054496e-02
-5.0236913586102043e-02
-5.3491479945701831e-02
-5.7085939098944570e-02
-6.1068680962445054e-02
-6.5498205082909253e-02
-7.0446149616773202e-02
-7.5994783658813486e-02
-8.2248966584233599e-02
-8.9333841912310891e-02
-9.7403106021153249e-02
-1.0665145611012954e-01
-1.1731694364985129e-01
-1.2971078403996431e-01
-1.4422891699535315e-01
-1.6138332890702714e-01
-1.8185841549465476e-01
-2.0656224318029223e-01
-2.3674116923587080e-01
-2.7412705188676778e-01
-3.2116900789174985e-01
-3.8144145512099259e-01
-4.6024315296020002e-01
-5.6566848779173606e-01
-7.1025016982979605e-01
-9.1385986903072991e-01
-1.2068732954272965e+00
-1.6277396749311885e+00
-2.1834505825720614e+00
-2.6964784332434948e+00
-2.8461672334178902e+00
0.0000000000000000e+00
1.3464638167935239e-01
0.0000000000000000e+00
0.0000000000000000e+00
];
