%Vec Object:sol 1 MPI processes
%  type: mpi
sol = [
0.0000000000000000e+00
-7.7187767434699666e+01
-3.5389441592121656e+01
-1.6839632670072863e+01
-9.3972784353643366e+00
-5.9046954154289484e+00
-4.0276437382635404e+00
-2.9127420424705024e+00
-2.1993553202328706e+00
-1.7169269722223341e+00
-1.3760788362552963e+00
-1.1265500313607173e+00
-9.3852370629281434e-01
-7.9347621557149051e-01
-6.7927376998107036e-01
-5.8778269994525489e-01
-5.1343093442028798e-01
-4.5218946474996158e-01
-4.0109999417596887e-01
-3.5808280444928442e-01
-3.2155639123898255e-01
-2.9023067292685867e-01
-2.6320717341917954e-01
-2.3974200290600156e-01
-2.1921472638603970e-01
-2.0116429169401134e-01
-1.8522313076862140e-01
-1.7106671542771248e-01
-1.5843026907901131e-01
-1.4712160552366477e-01
-1.3696045945317958e-01
-1.2777987207712446e-01
-1.1947593639775474e-01
-1.1194165146822850e-01
-1.0507089300906090e-01
-9.8799281851176063e-02
-9.3061917055804647e-02
-8.7791774268299830e-02
-8.2942949155374812e-02
-7.8476359267278459e-02
-7.4348594715086785e-02
-7.0524950660737884e-02
-6.6981873631057953e-02
-6.3690123176136329e-02
-6.0622563340291633e-02
-5.7765639462805753e-02
-5.5100197963200301e-02
-5.2603800105193381e-02
-5.0268460705920746e-02
-4.8080847888622665e-02
-4.6023494525086112e-02
-4.4090923990217711e-02
-4.2273791815055285e-02
-4.0559335902909284e-02
-3.8942605054397873e-02
-3.7417362134125408e-02
-3.5974164029677638e-02
-3.4608504028064820e-02
-3.3316266490443315e-02
-3.2090380828951132e-02
-3.0926747079218150e-02
-2.9822704024984509e-02
-2.8772895239812857e-02
-2.7773607555472354e-02
-2.6823177092129016e-02
-2.5917496915531725e-02
-2.5053226591688064e-02
-2.5222556148017331e-02
-2.5919690000910503e-02
-2.6647200773336831e-02
-2.7408735543378773e-02
-2.8205715002158002e-02
-2.9039188472423958e-02
-2.9913509601563863e-02
-3.0830714610885122e-02
-3.1792230492682032e-02
-3.2803274520314625e-02
-3.3866650112082015e-02
-3.4984428587340757e-02
-3.6162917816446372e-02
-3.7405914309162153e-02
-3.8716500210683624e-02
-4.0102405916097157e-02
-4.1568760115311090e-02
-4.3120174551750608e-02
-4.4766294897176928e-02
-4.6514097887575309e-02
-4.8370480301977152e-02
-5.0347749601838784e-02
-5.2455530087923280e-02
-5.4704136515777081e-02
-5.7109696487039965e-02
-5.9685749863186754e-02
-6.2447782386874096e-02
-6.5417590812036450e-02
-6.8614698845168923e-02
-7.2062571121658342e-02
-7.5791722378186335e-02
-7.9831145842044232e-02
-8.4216958376906903e-02
-8.8993618023027646e-02
-9.4205696538265229e-02
-9.9910092998356306e-02
-1.0617457385876111e-01
-1.1307049782964129e-01
-1.2069044731209229e-01
-1.2914319442725047e-01
-1.3854862008343655e-01
-1.4906402659952242e-01
-1.6087484271433811e-01
-1.7419455178976842e-01
-1.8930612604459596e-01
-2.0653826214866317e-01
-2.2630981539386161e-01
-2.4916498997242403e-01
-2.7577998732583442e-01
-3.0702488822254959e-01
-3.4406055592342177e-01
-3.8840671741807292e-01
-4.4212506928041234e-01
-5.0807249837279389e-01
-5.9023223729171714e-01
-6.9435562838778886e-01
-8.2884103177032487e-01
-1.0066627827313464e+00
-1.2481741718343120e+00
-1.5862614817323446e+00
-2.0758161539130353e+00
-2.8102303417961441e+00
-3.9344423498511767e+00
-5.5622254280130852e+00
-7.1601191029638294e+00
-7.3633931551984224e+00
-6.8771018473524848e+00
-6.1507012197310544e+00
-4.5489870400013190e+00
-2.9819582048291711e+00
-1.9776094272570057e+00
-1.3726360654877816e+00
-9.9612993822903884e-01
-7.5043207986669158e-01
-5.8283640177952656e-01
-4.6407518493500732e-01
-3.7713049060825665e-01
-3.1175309483204156e-01
-2.6145019419637766e-01
-2.2196358589704962e-01
-1.9044079909508957e-01
-1.6489795327106102e-01
-1.4392408792516798e-01
-1.2650678465292425e-01
-1.1189056619234554e-01
-9.9511351282208158e-02
-8.8941360478368550e-02
-7.9844676494817926e-02
-7.1964381548647538e-02
-6.5094737094922098e-02
-5.9069663607300128e-02
-5.3759175441247170e-02
-4.9053877842222031e-02
-4.4865766331286062e-02
-4.1123021847552899e-02
-3.7763174232532067e-02
-3.4736867858792563e-02
-3.2000896217464533e-02
-2.9518326393618705e-02
-2.7809550031382468e-02
-2.8981021780131715e-02
-3.0230431123989671e-02
-3.1564850504791561e-02
-3.2990329013302067e-02
-3.4516040464522321e-02
-3.6149756930993128e-02
-3.7900304470116830e-02
-3.9777877464878514e-02
-4.1790342251493036e-02
-4.3948060388355172e-02
-4.6258500862918571e-02
-4.8726190766815891e-02
-5.1353081920233475e-02
-5.4129594931260183e-02
-5.7034419255448242e-02
-6.0020208190345863e-02
-6.2994782944925262e-02
-6.5794338787701676e-02
-6.8115465376433607e-02
-6.9405299819268948e-02
-6.8610892458130915e-02
-6.3586351881466413e-02
-4.9324023158987110e-02
-6.9894784872938437e-03
9.4649630836292728e-02
1.9299645956804753e-01
2.8749561311295974e-01
3.7830021440904410e-01
4.6553458704386169e-01
5.4924911275500166e-01
6.2945501897386535e-01
7.0617658656244420e-01
0.0000000000000000e+00
1.3464638167935278e-01
0.0000000000000000e+00
0.0000000000000000e+00
];
