%Vec Object:sol 1 MPI processes
%  type: mpi
sol = [
0.0000000000000000e+00
-5.2600579911251948e+01
-3.0379860928605755e+01
-1.5941179939464446e+01
-9.2035185408241649e+00
-5.8692807190989953e+00
-4.0344527483696710e+00
-2.9314908682621215e+00
-2.2198014726954560e+00
-1.7369139635104627e+00
-1.3943977218724690e+00
-1.1429149489116821e+00
-9.5327720516868919e-01
-8.0686098065011636e-01
-6.9144095640793191e-01
-5.9882397342161364e-01
-5.2345102863461757e-01
-4.6133717396874280e-01
-4.0950681017287716e-01
-3.6587274698449901e-01
-3.2880267677028163e-01
-2.9699684633098256e-01
-2.6954648477245768e-01
-2.4570003756840969e-01
-2.2483123897323576e-01
-2.0647350199389464e-01
-1.9025453132662276e-01
-1.7584621977657414e-01
-1.6298072414932410e-01
-1.5146286959185620e-01
-1.4111011798702264e-01
-1.3175372472542424e-01
-1.2328784563281509e-01
-1.1560372724839400e-01
-1.0859112557163383e-01
-1.0218805723430385e-01
-9.6328808258685172e-02
-9.0945440904597344e-02
-8.5991200309817717e-02
-8.1426256782993353e-02
-7.7206560855714340e-02
-7.3296835734269428e-02
-6.9673021322530809e-02
-6.6306024413674863e-02
-6.3167986326621212e-02
-6.0244589774749724e-02
-5.7516372497549290e-02
-5.4960579773456621e-02
-5.2569019786381031e-02
-5.0328135285916335e-02
-4.8220197363192316e-02
-4.6239593667555395e-02
-4.4376814274347261e-02
-4.2618887083445398e-02
-4.0960757479954667e-02
-3.9396072739031597e-02
-3.7915220770783624e-02
-3.6513608258818116e-02
-3.5187043062913384e-02
-3.3928318377359733e-02
-3.2733255714903216e-02
-3.1599147922330206e-02
-3.0520528438779171e-02
-2.9493609231628120e-02
-2.8516704217251363e-02
-2.7585617022861473e-02
-2.6696934122999189e-02
-2.6909080500417754e-02
-2.7685813255820025e-02
-2.8497345141362592e-02
-2.9347693259813533e-02
-3.0238593842033357e-02
-3.1171417439879261e-02
-3.2150990548584293e-02
-3.3179762137037737e-02
-3.4259572880791393e-02
-3.5396248177869780e-02
-3.6593134896447117e-02
-3.7852849819503695e-02
-3.9182489776995365e-02
-4.0586573247217282e-02
-4.2068917280425416e-02
-4.3638287673977795e-02
-4.5300783480026349e-02
-4.7062026666759516e-02
-4.8933041140392187e-02
-5.0922126778505210e-02
-5.3037595746502735e-02
-5.5293622077788568e-02
-5.7701666044258200e-02
-6.0274063787055548e-02
-6.3029522963229376e-02
-6.5984184198865606e-02
-6.9156478670919092e-02
-7.2571856249281669e-02
-7.6253615153973789e-02
-8.0229608454534279e-02
-8.4535670664353704e-02
-8.9206430774346590e-02
-9.4284713905741072e-02
-9.9822981924613433e-02
-1.0587450437009814e-01
-1.1250675114152997e-01
-1.1980000037646457e-01
-1.2783956896513404e-01
-1.3673531882168061e-01
-1.4661648365496477e-01
-1.5762640907233005e-01
-1.6995194815452896e-01
-1.8381384626534703e-01
-1.9946163858302643e-01
-2.1722814990457875e-01
-2.3752165832207672e-01
-2.6083423638254338e-01
-2.8781192117770671e-01
-3.1925980334751186e-01
-3.5621347159346500e-01
-4.0005217670238596e-01
-4.5258139649339640e-01
-5.1624690191122968e-01
-5.9443135060883812e-01
-6.9184299804599469e-01
-8.1522727945057205e-01
-9.7442067040614133e-01
-1.1845883840208093e+00
-1.4693180874502980e+00
-1.8662596597333190e+00
-2.4371234247867553e+00
-3.2844565248066533e+00
-4.5572026871851490e+00
-6.3340743630809548e+00
-7.9589437985346629e+00
-8.1013415820596961e+00
-7.5776768863233306e+00
-6.8251581952784273e+00
-5.1463676093133683e+00
-3.4253905856152165e+00
-2.2918546672959241e+00
-1.6006703925261261e+00
-1.1677676752559296e+00
-8.8413981861953028e-01
-6.9001778388647761e-01
-5.5214441073585685e-01
-4.5102694203247296e-01
-3.7483639032536636e-01
-3.1609869067567276e-01
-2.6989213419160735e-01
-2.3293546651331798e-01
-2.0293711426157324e-01
-1.7826208532859475e-01
-1.5773620518242062e-01
-1.4048232812646233e-01
-1.2584500494904646e-01
-1.1332680398945960e-01
-1.0253655826502377e-01
-9.3175086119531320e-02
-8.5002512021572829e-02
-7.7824911114452805e-02
-7.1490655850388649e-02
-6.5872046644102802e-02
-6.0866083507311007e-02
-5.6388564699357401e-02
-5.2366174170598419e-02
-4.8741287121117374e-02
-4.5463254605556253e-02
-4.2488705339904828e-02
-4.0586625946290998e-02
-4.2923960134234884e-02
-4.5479010165882267e-02
-4.8280685293648817e-02
-5.1360434717336749e-02
-5.4759073788226129e-02
-5.8521723806855989e-02
-6.2702935798915380e-02
-6.7369523999898664e-02
-7.2598041078251199e-02
-7.8486168210062504e-02
-8.5150301049083305e-02
-9.2731853216551391e-02
-1.0141311496237855e-01
-1.1141638198409295e-01
-1.2302904069313494e-01
-1.3661802443609022e-01
-1.5265726491778225e-01
-1.7177987670760522e-01
-1.9482459908744190e-01
-2.2294129565840565e-01
-2.5772510959484668e-01
-3.0142707481344660e-01
-3.5732475965924554e-01
-4.3025995279198875e-01
-5.2759291386645135e-01
-6.6064862658150469e-01
-8.4716028839993518e-01
-1.1136252999622018e+00
-1.4915816667322108e+00
-1.9784703435067474e+00
-2.4074383238330790e+00
-2.5197820091293819e+00
0.0000000000000000e+00
1.3464638167935247e-01
0.0000000000000000e+00
0.0000000000000000e+00
];
