%Vec Object:sol 1 MPI processes
%  type: mpi
sol = [
0.0000000000000000e+00
-6.4170896189941701e+01
-3.3149656880367168e+01
-1.6499645906667336e+01
-9.3482311355887173e+00
-5.9119813219066195e+00
-4.0462580260892942e+00
-2.9321403769390808e+00
-2.2166172790111460e+00
-1.7322097939719849e+00
-1.3893613643246785e+00
-1.1379351281846193e+00
-9.4852057432103631e-01
-8.0238637261518664e-01
-6.8725198671298549e-01
-5.9486497441521335e-01
-5.1977057194134957e-01
-4.5790708549390791e-01
-4.0630016096065413e-01
-3.6286623307496974e-01
-3.2597559144063737e-01
-2.9433033661012531e-01
-2.6702458222131858e-01
-2.4330879660419255e-01
-2.2255817127207050e-01
-2.0430773696408741e-01
-1.8818662802508115e-01
-1.7386783160331287e-01
-1.6107861322697639e-01
-1.4963006166728129e-01
-1.3934201059266152e-01
-1.3004597901231971e-01
-1.2163659145869145e-01
-1.1400568630077242e-01
-1.0704619343402580e-01
-1.0069283511050973e-01
-9.4879963564030459e-02
-8.9539926816673540e-02
-8.4626253609665927e-02
-8.0099364512799712e-02
-7.5915419646010535e-02
-7.2039334285955450e-02
-6.8447221157683175e-02
-6.5110141210056899e-02
-6.2000379394095875e-02
-5.9103733790488153e-02
-5.6400854589736406e-02
-5.3869106713100953e-02
-5.1500370227271768e-02
-4.9281170421828654e-02
-4.7193881220914814e-02
-4.5232935177641945e-02
-4.3388882988266243e-02
-4.1648836922120389e-02
-4.0007776749024414e-02
-3.8459391101226537e-02
-3.6994136953474199e-02
-3.5607451053838397e-02
-3.4295167068394847e-02
-3.3050134613993247e-02
-3.1868204244343348e-02
-3.0746682173915157e-02
-2.9680147931104732e-02
-2.8664842969894591e-02
-2.7699084776572337e-02
-2.6778714727727370e-02
-2.5900349634725112e-02
-2.6090261419528787e-02
-2.6826837091917893e-02
-2.7595961257377597e-02
-2.8401462783885060e-02
-2.9244916879822752e-02
-3.0127530281105999e-02
-3.1053888869850371e-02
-3.2026231112498589e-02
-3.3046186792253504e-02
-3.4119271802833542e-02
-3.5248555998920045e-02
-3.6436378239545437e-02
-3.7689433767499822e-02
-3.9011873230951087e-02
-4.0407139438834457e-02
-4.1883471186065814e-02
-4.3446473400695310e-02
-4.5101253912976029e-02
-4.6858135245961899e-02
-4.8724743889845608e-02
-5.0708672083597715e-02
-5.2823144290552890e-02
-5.5078687004484213e-02
-5.7486608830687742e-02
-6.0064305527983947e-02
-6.2826595927089168e-02
-6.5790414906553893e-02
-6.8979356066806205e-02
-7.2414800915790001e-02
-7.6122374813756402e-02
-8.0135211416069177e-02
-8.4485080654348815e-02
-8.9211405289043158e-02
-9.4362587923123728e-02
-9.9987488848064424e-02
-1.0614778698975308e-01
-1.1291471473399337e-01
-1.2036895936942023e-01
-1.2861149038285383e-01
-1.3776100768736094e-01
-1.4794877084657737e-01
-1.5934641227034074e-01
-1.7215648009932882e-01
-1.8661266936913648e-01
-2.0302385050568955e-01
-2.2175965891492216e-01
-2.4327209959987831e-01
-2.6815545464244361e-01
-2.9714999358824179e-01
-3.3120819869942275e-01
-3.7159982703848782e-01
-4.1998740178132998e-01
-4.7862498628173228e-01
-5.5062995344961430e-01
-6.4025061329448452e-01
-7.5381943235842364e-01
-9.0058781530827847e-01
-1.0945464960811095e+00
-1.3576548504395072e+00
-1.7249460496790074e+00
-2.2557475969016401e+00
-3.0473570286557377e+00
-4.2485879960300545e+00
-5.9586407671613530e+00
-7.5807298374049763e+00
-7.7569236958365924e+00
-7.2498949050351484e+00
-6.5064858812143642e+00
-4.8571679361267579e+00
-3.2070082813637351e+00
-2.1359461679690237e+00
-1.4871516025188871e+00
-1.0820837277538899e+00
-8.1728688468041999e-01
-6.3640527296637950e-01
-5.0803955189914651e-01
-4.1398927056719781e-01
-3.4319864742856376e-01
-2.8867877097297917e-01
-2.4584239341244762e-01
-2.1161450995780939e-01
-1.8385515434665697e-01
-1.6104147104337813e-01
-1.4208024454961024e-01
-1.2615522776941213e-01
-1.1265668399668409e-01
-1.0112029630409189e-01
-9.1184811053456397e-02
-8.2572223424695779e-02
-7.5059665981871804e-02
-6.8467108374917485e-02
-6.2653733654715854e-02
-5.7501106458272722e-02
-5.2913703285061058e-02
-4.8813427273756774e-02
-4.5132426190031244e-02
-4.1817259687663227e-02
-3.8821050783947500e-02
-3.6103703793641653e-02
-3.4312257421607574e-02
-3.6095487815098935e-02
-3.8032954378268001e-02
-4.0144130624006104e-02
-4.2449625116021718e-02
-4.4976803155053348e-02
-4.7755125001027375e-02
-5.0820156666228793e-02
-5.4215439039238048e-02
-5.7989744927349145e-02
-6.2205796518775357e-02
-6.6937126702832014e-02
-7.2273086486698362e-02
-7.8326905181340792e-02
-8.5234762517931356e-02
-9.3172072697565930e-02
-1.0235975674729658e-01
-1.1307888791891872e-01
-1.2570113326485055e-01
-1.4070900007432449e-01
-1.5875292344561412e-01
-1.8071456171280803e-01
-2.0780173189877429e-01
-2.4170925887795255e-01
-2.8481851267329322e-01
-3.4051693640626995e-01
-4.1349114211201377e-01
-5.0968484704547201e-01
-6.3446141451400584e-01
-7.8403399173127930e-01
-9.2325349024985304e-01
-9.8281848476901645e-01
-9.5250301758044353e-01
0.0000000000000000e+00
1.3464638167935256e-01
0.0000000000000000e+00
0.0000000000000000e+00
];
