%Vec Object:sol 1 MPI processes
%  type: mpi
sol = [
0.0000000000000000e+00
-7.9770818028009984e+01
-3.5731341578437970e+01
-1.6882238678361979e+01
-9.3964425230873605e+00
-5.8992734650282133e+00
-4.0215784198634772e+00
-2.9072786700390560e+00
-2.1945624346838417e+00
-1.7131094658525001e+00
-1.3727895284177003e+00
-1.1236342540479578e+00
-9.3607284009984859e-01
-7.9142055511545117e-01
-6.7742664815623410e-01
-5.8611515847330475e-01
-5.1191831602117821e-01
-4.5081086406685694e-01
-3.9984579813014498e-01
-3.5696226326265440e-01
-3.2054724637062532e-01
-2.8931525772956840e-01
-2.6235799365747925e-01
-2.3894833360365020e-01
-2.1847071810330362e-01
-2.0046489799169237e-01
-1.8456398680799233e-01
-1.7044400030628637e-01
-1.5784062497345150e-01
-1.4656209659652822e-01
-1.3642849059334849e-01
-1.2727313028620293e-01
-1.1899237637070986e-01
-1.1147944700900697e-01
-1.0462840389365494e-01
-9.8375037945866176e-02
-9.2654594195437368e-02
-8.7400176340369992e-02
-8.2565992246010425e-02
-7.8113058420845621e-02
-7.3998054940875052e-02
-7.0186355731903113e-02
-6.6654474950065878e-02
-6.3373838596441315e-02
-6.0317063300842071e-02
-5.7470216415213070e-02
-5.4814207135162260e-02
-5.2326658432374142e-02
-4.9999627029100012e-02
-4.7819825184830911e-02
-4.5769833187152727e-02
-4.3844202548160967e-02
-4.2033620273920408e-02
-4.0325360176602140e-02
-3.8714492072271213e-02
-3.7194800768699111e-02
-3.5756870723945906e-02
-3.4396211884182945e-02
-3.3108723605497992e-02
-3.1887356689309115e-02
-3.0728025132341102e-02
-2.9628077593853022e-02
-2.8582174406803950e-02
-2.7586614629414551e-02
-2.6639740433605338e-02
-2.5737458154581356e-02
-2.4876438583081532e-02
-2.5041771185428052e-02
-2.5730989431386880e-02
-2.6450153992426829e-02
-2.7202905173175841e-02
-2.7990440663743840e-02
-2.8813883334125264e-02
-2.9677579785424055e-02
-3.0583528514102513e-02
-3.1533115389859631e-02
-3.2531496284040846e-02
-3.3581420313415385e-02
-3.4684904435181234e-02
-3.5848176905118247e-02
-3.7074961952128921e-02
-3.8368268272857442e-02
-3.9735721794540511e-02
-4.1182353872659561e-02
-4.2712674989773269e-02
-4.4336191728206742e-02
-4.6059747842927552e-02
-4.7890097835502472e-02
-4.9839360659618227e-02
-5.1916975697628015e-02
-5.4133053936522360e-02
-5.6503462102180151e-02
-5.9041477485934274e-02
-6.1762288076202751e-02
-6.4687320594453979e-02
-6.7835716636136176e-02
-7.1230495893421675e-02
-7.4901632989776021e-02
-7.8877548825194932e-02
-8.3193677914001535e-02
-8.7893663217001344e-02
-9.3021189955010408e-02
-9.8632077995496018e-02
-1.0479281477859138e-01
-1.1157333002710354e-01
-1.1906443421265754e-01
-1.2737279771972385e-01
-1.3661588636066122e-01
-1.4694795539505817e-01
-1.5855078349288643e-01
-1.7163353088574551e-01
-1.8647361063077314e-01
-2.0340245830005066e-01
-2.2282499870827527e-01
-2.4527461573401102e-01
-2.7141511744610308e-01
-3.0208887914699134e-01
-3.3843114887901998e-01
-3.8194014496676881e-01
-4.3463647779600523e-01
-4.9932029085766344e-01
-5.7989568945615688e-01
-6.8201431876295671e-01
-8.1403854686757637e-01
-9.8846955034862249e-01
-1.2253374917708875e+00
-1.5571512556720006e+00
-2.0377372455121576e+00
-2.7593696342504681e+00
-3.8649879408118273e+00
-5.4688643922294737e+00
-7.0496880521602270e+00
-7.2544744810225081e+00
-6.7759315084351224e+00
-6.0600348349833961e+00
-4.4792168685018101e+00
-2.9353152860746232e+00
-1.9461394296135963e+00
-1.3504473113084035e+00
-9.7989449268930384e-01
-7.3806081056844908e-01
-5.7311962911703673e-01
-4.5626043827950569e-01
-3.7073842069292168e-01
-3.0642276865317353e-01
-2.5691931372143539e-01
-2.1805234725626618e-01
-1.8701956760842295e-01
-1.6187014513092510e-01
-1.4121646854641670e-01
-1.2406321208003748e-01
-1.0966761150472058e-01
-9.7474551534957418e-02
-8.7063424051984251e-02
-7.8103601936528863e-02
-7.0342194526028412e-02
-6.3576643750432982e-02
-5.7643274383708198e-02
-5.2414044035842822e-02
-4.7781373329879931e-02
-4.3658318792313543e-02
-3.9973870733661612e-02
-3.6666410537314724e-02
-3.3687217952681731e-02
-3.0993678246142232e-02
-2.8549315639515047e-02
-2.6855985496924587e-02
-2.7941125052307288e-02
-2.9093231797008401e-02
-3.0317464968186918e-02
-3.1617568547821925e-02
-3.2999801419255174e-02
-3.4468391458597002e-02
-3.6027686369279874e-02
-3.7682176198479397e-02
-3.9432493057034536e-02
-4.1279469767856007e-02
-4.3218079695358159e-02
-4.5236065302750129e-02
-4.7312274753748815e-02
-4.9404883967617587e-02
-5.1445896545329529e-02
-5.3318148001351512e-02
-5.4820871378775900e-02
-5.5611756073080373e-02
-5.5069213055926887e-02
-5.2003727447470720e-02
-4.3809869726014646e-02
-2.2321699603337460e-02
6.6153215823198788e-02
1.7073134147422298e-01
2.7199648813093164e-01
3.7017037640965234e-01
4.6546339052255853e-01
5.5801034724626830e-01
6.4795174778243214e-01
7.3536773015259227e-01
8.2024801265682024e-01
9.0266106042197369e-01
0.0000000000000000e+00
1.3464638167935269e-01
0.0000000000000000e+00
0.0000000000000000e+00
];
