%Vec Object:sol 1 MPI processes
%  type: mpi
sol = [
0.0000000000000000e+00
-4.9756670653089351e+01
-2.9569271921988697e+01
-1.5755771651533044e+01
-9.1476224249670608e+00
-5.8496352708999044e+00
-4.0258225719416911e+00
-2.9269217714071920e+00
-2.2181128452512859e+00
-1.7360519960752891e+00
-1.3940283462391099e+00
-1.1430091976129058e+00
-9.5363076633809141e-01
-8.0729938167963800e-01
-6.9179715879167869e-01
-5.9918182254335983e-01
-5.2385631926882936e-01
-4.6177022949732577e-01
-4.0995492989446963e-01
-3.6632727878685045e-01
-3.2925785563343057e-01
-2.9744901142930041e-01
-2.6999308483860379e-01
-2.4613940004647675e-01
-2.2526238384237199e-01
-2.0689583326119071e-01
-1.9066146208007081e-01
-1.7623394018747124e-01
-1.6335150807265081e-01
-1.5181858169827311e-01
-1.4145233735355911e-01
-1.3208382926709453e-01
-1.2360698206203857e-01
-1.1591316872038783e-01
-1.0889498643691004e-01
-1.0248671146006270e-01
-9.6622357202262699e-02
-9.1234009989458603e-02
-8.6274919435636019e-02
-8.1705257731938805e-02
-7.7480982366196854e-02
-7.3566818044210752e-02
-6.9938701744003587e-02
-6.6567539881914078e-02
-6.3425471675499556e-02
-6.0498176956790210e-02
-5.7766190624633472e-02
-5.5206751827687930e-02
-5.2811667993095265e-02
-5.0567378537530461e-02
-4.8456145594534386e-02
-4.6472357677655264e-02
-4.4606501806415171e-02
-4.2845596544700180e-02
-4.1184587650057343e-02
-3.9617120618901221e-02
-3.8133574501552692e-02
-3.6729355215856442e-02
-3.5400270364199259e-02
-3.4139105146433750e-02
-3.2941678947686348e-02
-3.1805285859728631e-02
-3.0724452313659063e-02
-2.9695386830155088e-02
-2.8716405908295703e-02
-2.7783307120067588e-02
-2.6892672364684563e-02
-2.7110848933897602e-02
-2.7898050124459634e-02
-2.8720643166960113e-02
-2.9582694443229012e-02
-3.0485982861386894e-02
-3.1431922483659717e-02
-3.2425402901845077e-02
-3.3468928818766043e-02
-3.4564396901050488e-02
-3.5717713835135306e-02
-3.6932299793610103e-02
-3.8210845290854903e-02
-3.9560552784620423e-02
-4.0986038070157479e-02
-4.2491217404907307e-02
-4.4084995381023354e-02
-4.5773601780134301e-02
-4.7562794771628968e-02
-4.9463783199906408e-02
-5.1485045123818705e-02
-5.3635083342442928e-02
-5.5928322525910880e-02
-5.8376470082976410e-02
-6.0992134181514890e-02
-6.3794369079329588e-02
-6.6799665342867826e-02
-7.0026850281410910e-02
-7.3501864609592418e-02
-7.7248514190643797e-02
-8.1295241991520509e-02
-8.5678597294529230e-02
-9.0433966681187514e-02
-9.5605076594216756e-02
-1.0124546405202808e-01
-1.0740956716914397e-01
-1.1416627470503218e-01
-1.2159709760505333e-01
-1.2978469674471271e-01
-1.3884509231965064e-01
-1.4891001255101161e-01
-1.6012563708523347e-01
-1.7268238347345227e-01
-1.8680522683729905e-01
-2.0275431376485831e-01
-2.2087240355387247e-01
-2.4157021547680285e-01
-2.6535029687898115e-01
-2.9287221463465690e-01
-3.2495801930226326e-01
-3.6266505611702426e-01
-4.0740124741222661e-01
-4.6100952988553273e-01
-5.2598592568644942e-01
-6.0578171338659492e-01
-7.0511391371171905e-01
-8.3086375251930000e-01
-9.9324691409414489e-01
-1.2075771444932009e+00
-1.4978419259422837e+00
-1.9017376634586782e+00
-2.4826417894143225e+00
-3.3427064491532326e+00
-4.6308516665203863e+00
-6.4190250793405550e+00
-8.0345307096972380e+00
-8.1654291401594374e+00
-7.6391462148264333e+00
-6.8875523812446886e+00
-5.2100463703626740e+00
-3.4768453024366579e+00
-2.3295799008788003e+00
-1.6284150179390691e+00
-1.1887802567840051e+00
-9.0051313051205018e-01
-7.0314307752723426e-01
-5.6291369333152919e-01
-4.6003880428061467e-01
-3.8250470583544222e-01
-3.2271317079518569e-01
-2.7566705482026549e-01
-2.3803528988991113e-01
-2.0748305351805169e-01
-1.8234769543070697e-01
-1.6143501174585159e-01
-1.4385277745274724e-01
-1.2893419464779235e-01
-1.1617316871089997e-01
-1.0517166507734414e-01
-9.5625230887506393e-02
-8.7289735399579155e-02
-7.9967785212900266e-02
-7.3505042777410587e-02
-6.7771498572847033e-02
-6.2662285091528866e-02
-5.8091672574671210e-02
-5.3984988959809306e-02
-5.0283559169686236e-02
-4.6935794716563235e-02
-4.3897510863520645e-02
-4.1964365472555769e-02
-4.4415948017473499e-02
-4.7097774834485948e-02
-5.0040557968281718e-02
-5.3277802557446706e-02
-5.6852876364488901e-02
-6.0813850301911374e-02
-6.5218838830376283e-02
-7.0139010368856947e-02
-7.5655957831919779e-02
-8.1872781330082328e-02
-8.8914615855090112e-02
-9.6934009882155128e-02
-1.0612480383410323e-01
-1.1672468991607100e-01
-1.2904125991516138e-01
-1.4346763129856502e-01
-1.6051209487325424e-01
-1.8085407537452317e-01
-2.0539493478081927e-01
-2.3537172070379811e-01
-2.7250313774994256e-01
-3.1921930559779543e-01
-3.7906627297785117e-01
-4.5729931292984716e-01
-5.6190792163057313e-01
-7.0537309667033998e-01
-9.0733674015023846e-01
-1.1978126784653857e+00
-1.6145133654287498e+00
-2.1635949479326326e+00
-2.6686211616418616e+00
-2.8146656725750123e+00
0.0000000000000000e+00
1.3464638167935244e-01
0.0000000000000000e+00
0.0000000000000000e+00
];
