%Vec Object:sol 1 MPI processes
%  type: mpi
sol = [
0.0000000000000000e+00
-1.0432750028821722e+02
-3.7992438611003145e+01
-1.6955267371675298e+01
-9.2680181572036400e+00
-5.7713087374906920e+00
-3.9168493957966564e+00
-2.8231070203239748e+00
-2.1264381433091009e+00
-1.6565550902316406e+00
-1.3253939054439186e+00
-1.0830878690901744e+00
-9.0090029053547216e-01
-7.6057428442515418e-01
-6.5011301691591927e-01
-5.6167717128951633e-01
-4.8987305777081092e-01
-4.3077988619834368e-01
-3.8152803966204368e-01
-3.4011580026274940e-01
-3.0497501571776087e-01
-2.7485428390440125e-01
-2.4887544145184345e-01
-2.2633376603690655e-01
-2.0662766991640413e-01
-1.8931122848188614e-01
-1.7402922178116245e-01
-1.6046748764945445e-01
-1.4836985220684970e-01
-1.3755103021429510e-01
-1.2783680103990969e-01
-1.1906560929014594e-01
-1.1113751387086536e-01
-1.0394923432141499e-01
-9.7398207683428745e-02
-9.1422510552777961e-02
-8.5959594984467591e-02
-8.0944807979367567e-02
-7.6333958707838920e-02
-7.2089437810535811e-02
-6.8169445945859386e-02
-6.4540586565142763e-02
-6.1180206992139254e-02
-5.8060772622413832e-02
-5.5155923605046085e-02
-5.2452198041012858e-02
-4.9931214225555624e-02
-4.7571499930092909e-02
-4.5365335203334411e-02
-4.3299933015988251e-02
-4.1358634619636861e-02
-3.9536115335445370e-02
-3.7823414401708104e-02
-3.6208393681737609e-02
-3.4686252764518130e-02
-3.3250998343042751e-02
-3.1893625818730766e-02
-3.0609690120707429e-02
-2.9395383408886866e-02
-2.8244010790955284e-02
-2.7151638583446963e-02
-2.6115668602214807e-02
-2.5131041621106538e-02
-2.4194219814269054e-02
-2.3303547050995837e-02
-2.2455152007553495e-02
-2.1645875299221504e-02
-2.1730438607006408e-02
-2.2266648908429516e-02
-2.2824332747463476e-02
-2.3406322047717868e-02
-2.4013412163839086e-02
-2.4646030696981510e-02
-2.5307495550842142e-02
-2.5999011849216661e-02
-2.6721197412988947e-02
-2.7477944419176448e-02
-2.8270948925532825e-02
-2.9101199468771561e-02
-2.9973292097711740e-02
-3.0889537957782688e-02
-3.1851536435048150e-02
-3.2864777921798295e-02
-3.3932377562034613e-02
-3.5056875674574293e-02
-3.6244940091214144e-02
-3.7500779206684424e-02
-3.8828342970282044e-02
-4.0235904023518933e-02
-4.1729212704325468e-02
-4.3314315385620077e-02
-4.5001749212806322e-02
-4.6799516523885115e-02
-4.8716801037983044e-02
-5.0767449019382314e-02
-5.2962867062699183e-02
-5.5317011030716165e-02
-5.7848743304352079e-02
-6.0574802738691598e-02
-6.3516587898012469e-02
-6.6700872416640605e-02
-7.0153077023914559e-02
-7.3906605079613760e-02
-7.8001269532316994e-02
-8.2477253351959684e-02
-8.7388177779367457e-02
-9.2796460324130747e-02
-9.8768694750274236e-02
-1.0539443441797658e-01
-1.1277769108676661e-01
-1.2103528886760989e-01
-1.3032506874543617e-01
-1.4083220977071700e-01
-1.5277986079352446e-01
-1.6646371608926330e-01
-1.8224598816877705e-01
-2.0058671490812641e-01
-2.2209341463533461e-01
-2.4756348302961839e-01
-2.7806066179172445e-01
-3.1504386520790451e-01
-3.6051357461590455e-01
-4.1732206218236978e-01
-4.8960228332342154e-01
-5.8344229812188364e-01
-7.0808679666931307e-01
-8.7764493975315871e-01
-1.1136974230212686e+00
-1.4461636615252673e+00
-1.8989209738396395e+00
-2.4111366579717681e+00
-2.6961709672833032e+00
-2.6106489909030604e+00
-2.4368657477718871e+00
-2.2522894337101782e+00
-1.9098786573318034e+00
-1.4448477182961359e+00
-1.0461478000857760e+00
-7.6383088251785836e-01
-5.7179772695572639e-01
-4.3969019719784408e-01
-3.4646850220731379e-01
-2.7890084394925518e-01
-2.2865264692773155e-01
-1.9042003894448431e-01
-1.6073962730116093e-01
-1.3727914518825013e-01
-1.1844766916168549e-01
-1.0312141042362812e-01
-9.0491139285739403e-02
-7.9971724657883617e-02
-7.1122365395500181e-02
-6.3612019762144589e-02
-5.7188608759402439e-02
-5.1652666923670570e-02
-4.6851635172144850e-02
-4.2662723248165391e-02
-3.8986268580225983e-02
-3.5744564532569759e-02
-3.2871801214380846e-02
-3.0314907196187506e-02
-2.8030568109392306e-02
-2.5980808356610922e-02
-2.4135994746291245e-02
-2.2469954570947522e-02
-2.0960211097051731e-02
-1.9983191123468785e-02
-2.1085853290084923e-02
-2.2290718883022271e-02
-2.3611212413136178e-02
-2.5061576386963925e-02
-2.6660702791696470e-02
-2.8428962976578143e-02
-3.0390940906500862e-02
-3.2576811416267747e-02
-3.5020351202744771e-02
-3.7765053822289882e-02
-4.0861695539475877e-02
-4.4371756848266060e-02
-4.8372769562800344e-02
-5.2957482259088584e-02
-5.8244721226667621e-02
-6.4382469665052955e-02
-7.1555927896433544e-02
-8.0006862066416135e-02
-9.0041344822623534e-02
-1.0205952659372523e-01
-1.1658244152293377e-01
-1.3428079514385913e-01
-1.5602186633673493e-01
-1.8285746142926471e-01
-2.1592907875119249e-01
-2.5599214143335641e-01
-3.0187292425031798e-01
-3.4630087747143384e-01
-3.6779664787926014e-01
-3.3025489485951132e-01
-2.1795849633690006e-01
-5.2130183940504241e-02
0.0000000000000000e+00
1.3464638167935264e-01
0.0000000000000000e+00
0.0000000000000000e+00
];
