%Vec Object:sol 1 MPI processes
%  type: mpi
sol = [
0.0000000000000000e+00
-8.7099939851222629e+01
-3.6634550266778426e+01
-1.6967473203612094e+01
-9.3859083550932958e+00
-5.8759765121686707e+00
-4.0005108098827415e+00
-2.8893779271397486e+00
-2.1798690726845731e+00
-1.7008699520181381e+00
-1.3625320899820321e+00
-1.1149084685471553e+00
-9.2855550236672546e-01
-7.8485131948128350e-01
-6.7165370064833829e-01
-5.8099345892177534e-01
-5.0733629380058987e-01
-4.4668100192789001e-01
-3.9609833880724921e-01
-3.5354155362893885e-01
-3.1740807531813819e-01
-2.8640534272208373e-01
-2.5966082895306530e-01
-2.3644160355829516e-01
-2.1613222448669125e-01
-1.9827586701047978e-01
-1.8250845253766279e-01
-1.6850822899475676e-01
-1.5601273246175729e-01
-1.4483180329634135e-01
-1.3478681883349050e-01
-1.2571218043483651e-01
-1.1750521079957135e-01
-1.1005992560711958e-01
-1.0327106750584968e-01
-9.7075019629150744e-02
-9.1407537954465781e-02
-8.6202177531984392e-02
-8.1413530039586263e-02
-7.7002947179196049e-02
-7.2927416925046673e-02
-6.9152579039546261e-02
-6.5655168942758732e-02
-6.2406826685905338e-02
-5.9380366471215772e-02
-5.6562000374208998e-02
-5.3932787841175750e-02
-5.1470509253123631e-02
-4.9167313132356769e-02
-4.7010019555110479e-02
-4.4981335340863161e-02
-4.3075873202150707e-02
-4.1284398146794549e-02
-3.9594282157631250e-02
-3.8000642922341309e-02
-3.6497317484617486e-02
-3.5074729643391755e-02
-3.3728654052468686e-02
-3.2455069994834419e-02
-3.1246985803735621e-02
-3.0100348646517880e-02
-2.9012527454454651e-02
-2.7978228505004043e-02
-2.6993782155006769e-02
-2.6057541400003451e-02
-2.5165449451848558e-02
-2.4314206923277765e-02
-2.4466275587528851e-02
-2.5129729974212988e-02
-2.5821717374813518e-02
-2.6545726704118151e-02
-2.7303048438916969e-02
-2.8094600189736758e-02
-2.8924534001064185e-02
-2.9794714978274246e-02
-3.0706400047659708e-02
-3.1664547791061454e-02
-3.2671735557017481e-02
-3.3729809506684985e-02
-3.4844742569494262e-02
-3.6020030122852639e-02
-3.7258449570368675e-02
-3.8567292395215134e-02
-3.9951281602142626e-02
-4.1414608086484131e-02
-4.2966333845308992e-02
-4.4612881201513063e-02
-4.6360554725433975e-02
-4.8220871658444880e-02
-5.0202685209651238e-02
-5.2315460928165004e-02
-5.4574233811180380e-02
-5.6991448676970022e-02
-5.9581349187273404e-02
-6.2364183477785683e-02
-6.5357881467237214e-02
-6.8584050405999755e-02
-7.2070946024346674e-02
-7.5845174119981235e-02
-7.9940001811929284e-02
-8.4396479788198447e-02
-8.9255481282270552e-02
-9.4569396993420859e-02
-1.0040064870860592e-01
-1.0681463303739895e-01
-1.1389652929446802e-01
-1.2174632967585865e-01
-1.3047383779040025e-01
-1.4022362515829678e-01
-1.5116587564788098e-01
-1.6349603159572795e-01
-1.7747385647434874e-01
-1.9340930165451034e-01
-2.1168073811781804e-01
-2.3278227767690707e-01
-2.5732849208026409e-01
-2.8612292825185898e-01
-3.2022915212966341e-01
-3.6103869985625126e-01
-4.1043955501194390e-01
-4.7104844276989594e-01
-5.4651329956048489e-01
-6.4211623842502485e-01
-7.6562693264308146e-01
-9.2880704314711227e-01
-1.1504078678713057e+00
-1.4608344032345291e+00
-1.9104212826695657e+00
-2.5857871576297646e+00
-3.6212186740179120e+00
-5.1234122919922696e+00
-6.6010733378567039e+00
-6.7925148696180164e+00
-6.3497205300880433e+00
-5.6877125510403550e+00
-4.2199683281087452e+00
-2.7740510659260340e+00
-1.8454278356008162e+00
-1.2937803546536581e+00
-9.5563953526667045e-01
-7.2602581272088840e-01
-5.5960480570103655e-01
-4.3932548704678753e-01
-3.5231751579939063e-01
-2.8783612171038547e-01
-2.3925387824772709e-01
-2.0180338703046033e-01
-1.7231723553415343e-01
-1.4870821345809537e-01
-1.2949338579523614e-01
-1.1365368181386636e-01
-1.0046603103517765e-01
-8.9326678583647082e-02
-7.9859812894427673e-02
-7.1733150267828963e-02
-6.4702338386149000e-02
-5.8586633713144515e-02
-5.3217099680600025e-02
-4.8464662370936148e-02
-4.4248191198066146e-02
-4.0476686216360823e-02
-3.7096476395082088e-02
-3.4046728779177450e-02
-3.1279198691520495e-02
-2.8761484954323940e-02
-2.6454712094383111e-02
-2.4829478463621796e-02
-2.5760422057167283e-02
-2.6718270586794650e-02
-2.7707055716541591e-02
-2.8723829306939962e-02
-2.9767730381647799e-02
-3.0837511890258747e-02
-3.1925201884218130e-02
-3.3024272531246401e-02
-3.4116120158679264e-02
-3.5176211966321758e-02
-3.6167925853977774e-02
-3.7027229688234284e-02
-3.7661914351922010e-02
-3.7920475818604256e-02
-3.7554652270455097e-02
-3.6137285847740647e-02
-3.2845146291644534e-02
-2.5768895650705174e-02
-5.3829176578673258e-03
1.0459137802013761e-01
2.1162416789825436e-01
3.1426014517142420e-01
4.1480009107499266e-01
5.1479869734139605e-01
6.1484177748877145e-01
7.1499743970927476e-01
8.1525363379012417e-01
9.1558282413144920e-01
1.0160130559250522e+00
1.1167117844149463e+00
1.2177102520250345e+00
1.3191449091474465e+00
0.0000000000000000e+00
1.3464638167935256e-01
0.0000000000000000e+00
0.0000000000000000e+00
];
