%Vec Object:sol 1 MPI processes
%  type: mpi
sol = [
0.0000000000000000e+00
-8.8059524456477604e+01
-3.6739113310348486e+01
-1.6974309988469290e+01
-9.3819362711595993e+00
-5.8720829759382438e+00
-3.9967526312497612e+00
-2.8867635824588653e+00
-2.1776903591781722e+00
-1.6990048538905504e+00
-1.3609913769332436e+00
-1.1136860809133116e+00
-9.2745652610533558e-01
-7.8384064277240162e-01
-6.7079677612826760e-01
-5.8025561629299949e-01
-5.0669259542257128e-01
-4.4611303053005308e-01
-3.9556887549433506e-01
-3.5303694941088853e-01
-3.1692833850957719e-01
-2.8596473705886083e-01
-2.5925757540134886e-01
-2.3607055217337367e-01
-2.1578914116000741e-01
-1.9795724602053780e-01
-1.8221136840685931e-01
-1.6823021505093819e-01
-1.5575169298873423e-01
-1.4458595044899269e-01
-1.3455461496632076e-01
-1.2549229420625954e-01
-1.1729648494759415e-01
-1.0986134835975925e-01
-1.0308175120916600e-01
-9.6894179994783960e-02
-9.1234478777602199e-02
-8.6035916047113539e-02
-8.1252395282107898e-02
-7.6846681773173262e-02
-7.2775778939064187e-02
-6.9005340359921188e-02
-6.5512111749681745e-02
-6.2267746641066747e-02
-5.9245073401846357e-02
-5.6430311299129579e-02
-5.3804530606530870e-02
-5.1345526053913827e-02
-4.9045450347828222e-02
-4.6891132183873481e-02
-4.4865291655073129e-02
-4.2962544263167902e-02
-4.1173661705960596e-02
-3.9486026994536010e-02
-3.7894760827829693e-02
-3.6393706747243494e-02
-3.4973535142652910e-02
-3.3629799476330061e-02
-3.2358438230927648e-02
-3.1152470179415744e-02
-3.0007848731447670e-02
-2.8921946854323293e-02
-2.7889478982729532e-02
-2.6906781136310703e-02
-2.5972208597741377e-02
-2.5081711008769225e-02
-2.4231994228086636e-02
-2.4382215443184786e-02
-2.5042000264420970e-02
-2.5730118962602719e-02
-2.6450043015919890e-02
-2.7203049031733664e-02
-2.7990040713637778e-02
-2.8815147956878610e-02
-2.9680217587929075e-02
-3.0586488558711194e-02
-3.1538891129292521e-02
-3.2539978462416783e-02
-3.3591572869590941e-02
-3.4699610736127498e-02
-3.5867555202612908e-02
-3.7098151308618564e-02
-3.8398642806276390e-02
-3.9773709267691935e-02
-4.1227496782708616e-02
-4.2769004069488727e-02
-4.4404594111831980e-02
-4.6140508301643984e-02
-4.7988178454288710e-02
-4.9956375290776539e-02
-5.2054473632304449e-02
-5.4297390673615518e-02
-5.6697454170174501e-02
-5.9268774970633424e-02
-6.2031434650937620e-02
-6.5003192887873804e-02
-6.8205458276850359e-02
-7.1666244148600400e-02
-7.5411901532193848e-02
-7.9475392856823313e-02
-8.3897404004526110e-02
-8.8718413975367436e-02
-9.3990331867315757e-02
-9.9775008515857827e-02
-1.0613720588661663e-01
-1.1316131357542883e-01
-1.2094638801907452e-01
-1.2960116120374426e-01
-1.3926798978503874e-01
-1.5011199033858899e-01
-1.6232973369618495e-01
-1.7617818495605236e-01
-1.9196386302227292e-01
-2.1006086468034921e-01
-2.3096251309656135e-01
-2.5528206502169953e-01
-2.8380837705320716e-01
-3.1759451389383542e-01
-3.5801820419142094e-01
-4.0694874349057414e-01
-4.6697704713662341e-01
-5.4171538651996143e-01
-6.3631174114439171e-01
-7.5853458040899813e-01
-9.2009620489579891e-01
-1.1394992586121406e+00
-1.4465657604918600e+00
-1.8916131589290568e+00
-2.5597009204996963e+00
-3.5838564717521524e+00
-5.0689839166320914e+00
-6.5267115520659162e+00
-6.7144867425275496e+00
-6.2781079401459552e+00
-5.6261797401849085e+00
-4.1791232805609342e+00
-2.7501634744917207e+00
-1.8337922512964444e+00
-1.2956744421574355e+00
-9.6120079118378465e-01
-7.2276893463447833e-01
-5.5111067241947731e-01
-4.3026115229777112e-01
-3.4409084663116341e-01
-2.8109729281900980e-01
-2.3376555721961512e-01
-1.9726955683751901e-01
-1.6849887666979235e-01
-1.4543552952566119e-01
-1.2664194209140392e-01
-1.1113475341370871e-01
-9.8219963879619746e-02
-8.7301984563480720e-02
-7.8023322883548185e-02
-7.0058704785233336e-02
-6.3170091319363492e-02
-5.7184877395611552e-02
-5.1934987860091784e-02
-4.7311228925904933e-02
-4.3224643401222090e-02
-3.9570915457018525e-02
-3.6301628659273819e-02
-3.3340259044714715e-02
-3.0653819711750244e-02
-2.8215761741942961e-02
-2.5982849450315572e-02
-2.4417677919712000e-02
-2.5368870747823912e-02
-2.6345933188284584e-02
-2.7352550940904656e-02
-2.8382649893179467e-02
-2.9432510232309604e-02
-3.0500037582904795e-02
-3.1573525782763727e-02
-3.2645861045764037e-02
-3.3695091495974792e-02
-3.4693306829111863e-02
-3.5601813272064672e-02
-3.6348806212526431e-02
-3.6833789654201692e-02
-3.6890058776789275e-02
-3.6239440838616424e-02
-3.4396674131970506e-02
-3.0383587152298629e-02
-2.1674226417362150e-02
2.5990782216666494e-02
1.3952588235938354e-01
2.4478907300744282e-01
3.4510531035431269e-01
4.4386601622519445e-01
5.4296840629117915e-01
6.4290266179834998e-01
7.4351875131459466e-01
8.4466679786842314e-01
9.4626113962726599e-01
1.0482971814540736e+00
1.1509612914081606e+00
1.2542934307293119e+00
1.3584528076223592e+00
0.0000000000000000e+00
1.3464638167935250e-01
0.0000000000000000e+00
0.0000000000000000e+00
];
