%Vec Object:sol 1 MPI processes
%  type: mpi
sol = [
0.0000000000000000e+00
-1.7685885528076568e+02
-9.9999999996337394e-04
-1.0000000000124705e-03
-1.0000000000124705e-03
-1.0000000000124705e-03
-9.9999999996337394e-04
-1.0000000000124705e-03
-1.0000000000124705e-03
-1.0000000000124705e-03
-9.9999999996337394e-04
-1.0000000000124705e-03
-1.0000000000124705e-03
-1.0000000000124705e-03
-9.9999999996337394e-04
-1.0000000000124705e-03
-1.0000000000124705e-03
-1.0000000000124705e-03
-9.9999999996337394e-04
-1.0000000000124705e-03
-1.0000000000124705e-03
-1.0000000000124705e-03
-9.9999999996337394e-04
-1.0000000000124705e-03
-1.0000000000124705e-03
-1.0000000000124705e-03
-9.9999999996337394e-04
-1.0000000000124705e-03
-1.0000000000124705e-03
-1.0000000000124705e-03
-9.9999999996337394e-04
-1.0000000000124705e-03
-1.0000000000124705e-03
-1.0000000000124705e-03
-9.9999999996337394e-04
-1.0000000000124705e-03
-1.0000000000124705e-03
-1.0000000000124705e-03
-9.9999999996342316e-04
-1.0000000000124705e-03
-1.0000000000124705e-03
-1.0000000000124705e-03
-9.9999999996337394e-04
-1.0000000000124705e-03
-1.0000000000124705e-03
-1.0000000000124705e-03
-9.9999999996337394e-04
-1.0000000000124705e-03
-1.0000000000124705e-03
-1.0000000000124705e-03
-9.9999999996337394e-04
-1.0000000000125195e-03
-1.0000000000124705e-03
-1.0000000000124705e-03
-9.9999999996337394e-04
-1.0000000000124705e-03
-1.0000000000124705e-03
-1.0000000000124705e-03
-9.9999999996337394e-04
-1.0000000000124705e-03
-1.0000000000124705e-03
-1.0000000000124705e-03
-9.9999999996337394e-04
-1.0000000000124705e-03
-1.0000000000124705e-03
-9.9999999996337394e-04
-1.0000000000124705e-03
-1.0000000000124705e-03
-1.0000000000124705e-03
-9.9999999996337394e-04
-1.0000000000124705e-03
-1.0000000000124705e-03
-1.0000000000124705e-03
-9.9999999996337394e-04
-1.0000000000124705e-03
-1.0000000000124705e-03
-1.0000000000124705e-03
-9.9999999996337394e-04
-1.0000000000124705e-03
-1.0000000000124705e-03
-1.0000000000124705e-03
-9.9999999996337394e-04
-1.0000000000124705e-03
-1.0000000000124705e-03
-1.0000000000124705e-03
-9.9999999996337394e-04
-1.0000000000124705e-03
-1.0000000000124705e-03
-1.0000000000125195e-03
-9.9999999996337394e-04
-1.0000000000124705e-03
-1.0000000000124705e-03
-1.0000000000124705e-03
-9.9999999996337394e-04
-1.0000000000124705e-03
-1.0000000000124705e-03
-1.0000000000124705e-03
-9.9999999996337394e-04
-1.0000000000124705e-03
-1.0000000000124705e-03
-1.0000000000124705e-03
-9.9999999996337394e-04
-1.0000000000124705e-03
-1.0000000000124705e-03
-1.0000000000124705e-03
-9.9999999996337394e-04
-1.0000000000125195e-03
-1.0000000000124705e-03
-1.0000000000124705e-03
-9.9999999996337394e-04
-1.0000000000124705e-03
-1.0000000000124705e-03
-1.0000000000124705e-03
-9.9999999996337394e-04
-1.0000000000124705e-03
-1.0000000000124705e-03
-1.0000000000124705e-03
-9.9999999996337394e-04
-1.0000000000124705e-03
-1.0000000000124705e-03
-1.0000000000124705e-03
-9.9999999996337394e-04
-1.0000000000124705e-03
-1.0000000000124705e-03
-1.0000000000124705e-03
-9.9999999996337394e-04
-1.0000000000124705e-03
-1.0000000000124705e-03
-9.9999999996337394e-04
-1.0000000000124705e-03
-1.0000000000124705e-03
-1.0000000000124705e-03
-9.9999999996337394e-04
-1.0000000000124705e-03
-1.0000000000124705e-03
-1.0000000000124705e-03
-9.9999999996337394e-04
-1.0000000000124705e-03
-1.0000000000125195e-03
-1.0000000000124705e-03
-9.9999999996337394e-04
-1.0000000000124705e-03
-1.0000000000124705e-03
-1.0000000000124705e-03
-9.9999999996337394e-04
-1.0000000000124705e-03
-1.0000000000124705e-03
-1.0000000000124705e-03
-9.9999999996337394e-04
-1.0000000000124705e-03
-1.0000000000124705e-03
-1.0000000000124705e-03
-9.9999999996337394e-04
-1.0000000000124705e-03
-1.0000000000124705e-03
-1.0000000000124705e-03
-9.9999999996337394e-04
-1.0000000000124705e-03
-1.0000000000125195e-03
-1.0000000000124705e-03
-9.9999999996337394e-04
-1.0000000000124705e-03
-1.0000000000124705e-03
-1.0000000000124705e-03
-9.9999999996337394e-04
-1.0000000000124705e-03
-1.0000000000124705e-03
-1.0000000000124705e-03
-9.9999999996337394e-04
-1.0000000000124705e-03
-1.0000000000124705e-03
-1.0000000000124705e-03
-9.9999999996337394e-04
-1.0000000000124705e-03
-1.0000000000124705e-03
-1.0000000000124705e-03
-9.9999999996337394e-04
-1.0000000000124705e-03
-1.0000000000124705e-03
-1.0000000000124705e-03
-9.9999999996337394e-04
-1.0000000000124705e-03
-1.0000000000124705e-03
-1.0000000000124705e-03
-9.9999999996337394e-04
-1.0000000000124705e-03
-1.0000000000125195e-03
-1.0000000000124705e-03
-9.9999999996337394e-04
-1.0000000000124705e-03
-1.0000000000124705e-03
-9.9999999996337394e-04
-1.0000000000124705e-03
-1.0000000000124705e-03
-1.0000000000124705e-03
-9.9999999996337394e-04
-1.0000000000124705e-03
-1.0000000000124705e-03
-5.8903369350297652e+01
0.0000000000000000e+00
1.3464638167935297e-01
0.0000000000000000e+00
0.0000000000000000e+00
];
