%Vec Object:sol 1 MPI processes
%  type: mpi
sol = [
0.0000000000000000e+00
-8.2430992189882474e+01
-3.6089994350615001e+01
-1.6918818474098344e+01
-9.3962128250069341e+00
-5.8915242131467815e+00
-4.0144626926051608e+00
-2.9010827353971944e+00
-2.1896973418570411e+00
-1.7087989619445074e+00
-1.3694057204068062e+00
-1.1206508379209459e+00
-9.3343500229328569e-01
-7.8911169154385696e-01
-6.7548036782200682e-01
-5.8438324293903354e-01
-5.1034918083389702e-01
-4.4938182123397402e-01
-3.9853786099420374e-01
-3.5575974349194606e-01
-3.1943699424550032e-01
-2.8828612930943132e-01
-2.6141409830978801e-01
-2.3808111158762471e-01
-2.1766987955616887e-01
-1.9972195577107760e-01
-1.8386685789443905e-01
-1.6978523875150567e-01
-1.5721666460068948e-01
-1.4596982488443710e-01
-1.3586516110365060e-01
-1.2673629959817867e-01
-1.1847988588161051e-01
-1.1098937153894152e-01
-1.0415901675910966e-01
-9.7924792298873464e-02
-9.2222097688075003e-02
-8.6984172601512436e-02
-8.2165343209169864e-02
-7.7726730129859700e-02
-7.3625108600939140e-02
-6.9825935596125155e-02
-6.6305795427293035e-02
-6.3036181591331272e-02
-5.9989773254763581e-02
-5.7152684402072551e-02
-5.4505872359030455e-02
-5.2027010585078914e-02
-4.9708185757265655e-02
-4.7536145100058019e-02
-4.5493510021997599e-02
-4.3574852155795082e-02
-4.1770884073131627e-02
-4.0068911853342479e-02
-3.8464021141501756e-02
-3.6950014633678883e-02
-3.5517502280668647e-02
-3.4162007414161276e-02
-3.2879441439597021e-02
-3.1662775392529617e-02
-3.0507935275630171e-02
-2.9412277356973625e-02
-2.8370478123063335e-02
-2.7378847806481157e-02
-2.6435732828783004e-02
-2.5537052477071533e-02
-2.4679487955670151e-02
-2.4840205294815083e-02
-2.5520434312732952e-02
-2.6230118571026011e-02
-2.6972826728718518e-02
-2.7749914571407817e-02
-2.8562365681729106e-02
-2.9414433777556964e-02
-3.0308069917864815e-02
-3.1244616328035983e-02
-3.2229162100057371e-02
-3.3264398292746328e-02
-3.4352284179114949e-02
-3.5498961748822562e-02
-3.6708078039754580e-02
-3.7982563810291158e-02
-3.9329932222506497e-02
-4.0755110862076241e-02
-4.2262502776665233e-02
-4.3861464997310008e-02
-4.5558699810299065e-02
-4.7360810849096317e-02
-4.9279715194751730e-02
-5.1324656009339137e-02
-5.3505528451739920e-02
-5.5837921056309102e-02
-5.8334833413545145e-02
-6.1010797657369512e-02
-6.3886533765184619e-02
-6.6981290095972534e-02
-7.0317594715885195e-02
-7.3924824879568793e-02
-7.7830769098797353e-02
-8.2070107465803580e-02
-8.6685581230431741e-02
-9.1719895555275155e-02
-9.7227676387298553e-02
-1.0327399573182745e-01
-1.0992720271190613e-01
-1.1727614633495911e-01
-1.2542517004750531e-01
-1.3448906662738103e-01
-1.4461871613039526e-01
-1.5599185365535773e-01
-1.6881285084470274e-01
-1.8335296420750338e-01
-1.9993612967497754e-01
-2.1895799740813887e-01
-2.4093991077397137e-01
-2.6653049395628664e-01
-2.9656433982075769e-01
-3.3215535208322933e-01
-3.7476162989067463e-01
-4.2632381543316161e-01
-4.8960042471563592e-01
-5.6841000179453116e-01
-6.6827609032806878e-01
-7.9737218322029568e-01
-9.6809352301294704e-01
-1.1997546898533900e+00
-1.5242418921461194e+00
-1.9946651962050079e+00
-2.7008319636851277e+00
-3.7837504793770456e+00
-5.3571484891096368e+00
-6.9100341355579467e+00
-7.1135660807403314e+00
-6.6460075845085118e+00
-5.9457021927478877e+00
-4.3969093878896102e+00
-2.8824349177193733e+00
-1.9115455529434218e+00
-1.3268844156329391e+00
-9.6328919459889328e-01
-7.2636304025318066e-01
-5.6483437496633304e-01
-4.5031904686517504e-01
-3.6637239529946564e-01
-3.0308742329512584e-01
-2.5426687121310199e-01
-2.1585525806611192e-01
-1.8513302347061450e-01
-1.6020524997649951e-01
-1.3971389688441899e-01
-1.2268148045733122e-01
-1.0838144007532070e-01
-9.6261835095611606e-02
-8.5909450098591411e-02
-7.6996535696601656e-02
-6.9273122856243846e-02
-6.2539506981435899e-02
-5.6633003074963086e-02
-5.1427587423320924e-02
-4.6817221262399400e-02
-4.2714819246813578e-02
-3.9050534090037017e-02
-3.5762914402743678e-02
-3.2803196231604506e-02
-3.0129034387721357e-02
-2.7703609479484914e-02
-2.6012127137627062e-02
-2.7010804629019638e-02
-2.8066591417916811e-02
-2.9182926679530687e-02
-3.0361256490693732e-02
-3.1604971663611925e-02
-3.2914868007847028e-02
-3.4290779048183978e-02
-3.5731529668450959e-02
-3.7230355848145047e-02
-3.8778251144602670e-02
-4.0357138462430858e-02
-4.1936641349362619e-02
-4.3470092894290033e-02
-4.4878657967786374e-02
-4.6038087310370387e-02
-4.6742127075717385e-02
-4.6638119503307228e-02
-4.5097720353788937e-02
-4.0874119374214958e-02
-3.0945046537696697e-02
5.0919641363031580e-03
1.1329624306955351e-01
2.1877301838555921e-01
3.2179155104401347e-01
4.2259438179545689e-01
5.2138138279391100e-01
6.1833593839506906e-01
7.1352788325452676e-01
8.0709750474146047e-01
8.9912358708503848e-01
9.8959857500279869e-01
1.0785958442899262e+00
0.0000000000000000e+00
1.3464638167935256e-01
0.0000000000000000e+00
0.0000000000000000e+00
];
