%Vec Object:sol 1 MPI processes
%  type: mpi
sol = [
0.0000000000000000e+00
-9.5311209658664310e+01
-3.7240204458587513e+01
-1.6898068646706651e+01
-9.2775055886473758e+00
-5.7835146688639751e+00
-3.9252260848182354e+00
-2.8276763640352054e+00
-2.1280713827442765e+00
-1.6566019956172156e+00
-1.3240015905735740e+00
-1.0809679550599549e+00
-8.9827756356554966e-01
-7.5748067829526922e-01
-6.4678132054196524e-01
-5.5821705261332411e-01
-4.8633991961207240e-01
-4.2721385309540738e-01
-3.7795935772027756e-01
-3.3655143858945741e-01
-3.0142361974542758e-01
-2.7133381182264676e-01
-2.4540820232559105e-01
-2.2292381238946191e-01
-2.0327831770111296e-01
-1.8602414843765161e-01
-1.7080464472485127e-01
-1.5730541004176440e-01
-1.4527009874405203e-01
-1.3451233787489861e-01
-1.2485777119248255e-01
-1.1614540783695236e-01
-1.0827435662396169e-01
-1.0114128587639737e-01
-9.4644252013589794e-02
-8.8720764726600426e-02
-8.3308191945947532e-02
-7.8342316741860596e-02
-7.3778789382998186e-02
-6.9579822532281482e-02
-6.5703906027990339e-02
-6.2117746616395561e-02
-5.8798445773876711e-02
-5.5718643383503616e-02
-5.2852251260524459e-02
-5.0185097761874645e-02
-4.7699255890437185e-02
-4.5373761752605594e-02
-4.3200561320537442e-02
-4.1166910037961253e-02
-3.9256515581986999e-02
-3.7463784739702403e-02
-3.5779770661195032e-02
-3.4192619447671241e-02
-3.2697379526107705e-02
-3.1288026825332618e-02
-2.9955823866376512e-02
-2.8696355288422064e-02
-2.7505583772295967e-02
-2.6376989422117504e-02
-2.5306632923157969e-02
-2.4291833623799712e-02
-2.3327666848159925e-02
-2.2410629966437595e-02
-2.1538969253529522e-02
-2.0708918022136369e-02
-1.9917379666374357e-02
-1.9948726178479665e-02
-2.0392254722786295e-02
-2.0851927066542781e-02
-2.1330033200629379e-02
-2.1826989627224621e-02
-2.2342854062610044e-02
-2.2880256508257771e-02
-2.3439887209850557e-02
-2.4021873208108332e-02
-2.4629226520594606e-02
-2.5262944636102142e-02
-2.5923344216253922e-02
-2.6613881979841183e-02
-2.7335916630744580e-02
-2.8090105488820533e-02
-2.8880441832827387e-02
-2.9708729053861949e-02
-3.0576160940108843e-02
-3.1487401469258131e-02
-3.2444825816840876e-02
-3.3450425950910537e-02
-3.4509733235124643e-02
-3.5625887558627230e-02
-3.6802038849468241e-02
-3.8044877652906726e-02
-3.9358603254244971e-02
-4.0748032361587867e-02
-4.2221453786729556e-02
-4.3784581716185753e-02
-4.5444639491769336e-02
-4.7212186781060143e-02
-4.9095166810603455e-02
-5.1104315535384415e-02
-5.3253515664408543e-02
-5.5554079130919420e-02
-5.8021955488998120e-02
-6.0676028915736736e-02
-6.3532833234919886e-02
-6.6616208003982588e-02
-6.9952767127446316e-02
-7.3567315386298765e-02
-7.7495867947986852e-02
-8.1777223025027518e-02
-8.6449439298700706e-02
-9.1567504778569023e-02
-9.7188620699834097e-02
-1.0337401873293418e-01
-1.1020499789464498e-01
-1.1776622034264393e-01
-1.2615115909974234e-01
-1.3547172820910949e-01
-1.4583590051846265e-01
-1.5734832223846926e-01
-1.7008555512866042e-01
-1.8404518442452700e-01
-1.9905365240504741e-01
-2.1456050150751246e-01
-2.2921521030344533e-01
-2.4013395117810549e-01
-2.4167978986453051e-01
-2.2501576033226392e-01
-1.8407472060390526e-01
-1.3019526255161279e-01
-8.6165002873701282e-02
-6.2320044554970290e-02
-5.8347749224047285e-02
-7.2639902750394197e-02
-1.0503276840261354e-01
-1.5576950074275761e-01
-2.1977606641485131e-01
-2.7713199845078079e-01
-3.0478819976778182e-01
-3.0278242485732965e-01
-2.8465537510202227e-01
-2.6093203419427052e-01
-2.3684105711859157e-01
-2.1447189853860263e-01
-1.9446841011691415e-01
-1.7686627906439428e-01
-1.6145787010925181e-01
-1.4798324450177036e-01
-1.3617569495569606e-01
-1.2579028886528110e-01
-1.1662367280629042e-01
-1.0849590290752489e-01
-1.0125806783357744e-01
-9.4787739799501988e-02
-8.8976569003627021e-02
-8.3739502676745819e-02
-7.9002341144852717e-02
-7.4700193648937152e-02
-7.0782657329861012e-02
-6.7202703220268639e-02
-6.3921683081651109e-02
-6.0907494700646679e-02
-5.8128974058002471e-02
-5.5563135626519176e-02
-5.3187780090574260e-02
-5.0982651304669439e-02
-4.9921453626792935e-02
-5.4093664069257703e-02
-5.8695230213203504e-02
-6.3786108770918198e-02
-6.9433873487994666e-02
-7.5723210094673130e-02
-8.2750664136573990e-02
-9.0632632474307459e-02
-9.9511271534232684e-02
-1.0955313188875311e-01
-1.2096796597041881e-01
-1.3400932661094808e-01
-1.4899023260442046e-01
-1.6630798560778165e-01
-1.8645567667430735e-01
-2.1007126481762572e-01
-2.3797616315064174e-01
-2.7124047584318683e-01
-3.1129981231850923e-01
-3.6007815691143330e-01
-4.2023491731060875e-01
-4.9547171164378173e-01
-5.9113058167461274e-01
-7.1513855665200898e-01
-8.7949041348706447e-01
-1.1030620483135141e+00
-1.4163222439682428e+00
-1.8716165817704122e+00
-2.5598145400989547e+00
-3.6414308504562141e+00
-5.3556669038799853e+00
-7.6705371196170375e+00
-8.8765251442020396e+00
0.0000000000000000e+00
1.3464638167935297e-01
0.0000000000000000e+00
0.0000000000000000e+00
];
