%Vec Object:sol 1 MPI processes
%  type: mpi
sol = [
0.0000000000000000e+00
-5.9217127316359601e+01
-3.2033980304047944e+01
-1.6288073248907306e+01
-9.2967312365743471e+00
-5.8994578101051776e+00
-4.0446775259879280e+00
-2.9332125983692934e+00
-2.2193330013616217e+00
-1.7348796691285551e+00
-1.3921756686195625e+00
-1.1406519409026041e+00
-9.5093219835317910e-01
-8.0454054627490390e-01
-6.8919529853821215e-01
-5.9673215052568995e-01
-5.2154941134821853e-01
-4.5957741910043265e-01
-4.0783104000747528e-01
-3.6427753105866933e-01
-3.2728350523875299e-01
-2.9554845075850550e-01
-2.6816394554487127e-01
-2.4437863242285324e-01
-2.2356636636363711e-01
-2.0526095078026529e-01
-1.8909049879155657e-01
-1.7472716669389338e-01
-1.6190337931713167e-01
-1.5042432672928688e-01
-1.4010771400537966e-01
-1.3078497017595347e-01
-1.2235053338830974e-01
-1.1469612076095061e-01
-1.0771457462272742e-01
-1.0134048555702892e-01
-9.5508104084337284e-02
-9.0149697495195719e-02
-8.5218705844927967e-02
-8.0675469029752339e-02
-7.6476079384278861e-02
-7.2585388033641507e-02
-6.8979446244598688e-02
-6.5629267697166246e-02
-6.2506778719391115e-02
-5.9597277365145737e-02
-5.6882274231130632e-02
-5.4339070146650993e-02
-5.1959502210466885e-02
-4.9730049960399460e-02
-4.7633034861029488e-02
-4.5662861637050758e-02
-4.3810047772804520e-02
-4.2061663709066784e-02
-4.0412668432113684e-02
-3.8856727605426508e-02
-3.7384264690351741e-02
-3.5990699287152136e-02
-3.4671850060893926e-02
-3.3420539694352228e-02
-3.2232603309476561e-02
-3.1105338323075039e-02
-3.0033302538649029e-02
-2.9012722715089097e-02
-2.8041912341433561e-02
-2.7116695181970598e-02
-2.6233673665833634e-02
-2.6432559593987139e-02
-2.7185588303907784e-02
-2.7972083821289687e-02
-2.8795951645573060e-02
-2.9658832613113858e-02
-3.0562000277497003e-02
-3.1510138469644872e-02
-3.2505571428414821e-02
-3.3550014931864075e-02
-3.4649110859413995e-02
-3.5806041913922372e-02
-3.7023260245886147e-02
-3.8307624550234821e-02
-3.9663435285509877e-02
-4.1094287755897581e-02
-4.2608635230456833e-02
-4.4212283837482949e-02
-4.5910550823942936e-02
-4.7714044108329454e-02
-4.9630664300285357e-02
-5.1668296748591233e-02
-5.3840552224585239e-02
-5.6158337223437486e-02
-5.8633378511742308e-02
-6.1283605415966801e-02
-6.4124374473330678e-02
-6.7173229189906591e-02
-7.0454517884396134e-02
-7.3990401433142741e-02
-7.7807410843459837e-02
-8.1939777404639494e-02
-8.6420432963298502e-02
-9.1290182628928060e-02
-9.6599077777532322e-02
-1.0239777051133425e-01
-1.0875054945392325e-01
-1.1573392771188278e-01
-1.2342902514344370e-01
-1.3194050733074097e-01
-1.4139145663908123e-01
-1.5191816997968058e-01
-1.6369862265767521e-01
-1.7694295726631121e-01
-1.9189386004469536e-01
-2.0887172921431166e-01
-2.2826022905011778e-01
-2.5052702573109309e-01
-2.7627024836899255e-01
-3.0627148907043672e-01
-3.4151708785802398e-01
-3.8332137196641702e-01
-4.3340498583762804e-01
-4.9409984203104668e-01
-5.6863300158737029e-01
-6.6149864410556924e-01
-7.7918833869162007e-01
-9.3117171410965627e-01
-1.1317884020378384e+00
-1.4037962894171807e+00
-1.7837765123996618e+00
-2.3310859555469654e+00
-3.1465684014718565e+00
-4.3786588173131191e+00
-6.1182797979969825e+00
-7.7451892520119463e+00
-7.9083227915307974e+00
-7.3943833475264844e+00
-6.6467949620422386e+00
-4.9821933301942058e+00
-3.3005164003185032e+00
-2.2023752042208824e+00
-1.5354097254937034e+00
-1.1185769455940422e+00
-8.4577600044723411e-01
-6.5926215383526732e-01
-5.2688231874322211e-01
-4.2985140051502113e-01
-3.5677994146448222e-01
-3.0047043434700121e-01
-2.5619917491056582e-01
-2.2081131622743291e-01
-1.9210024466461945e-01
-1.6849536547253730e-01
-1.4886903586721581e-01
-1.3237912079053477e-01
-1.1839648961967589e-01
-1.0644377912432118e-01
-9.6145745363930210e-02
-8.7215403743621175e-02
-7.9422732173468416e-02
-7.2581846401776923e-02
-6.6547382094777896e-02
-6.1196995739148038e-02
-5.6432011656363558e-02
-5.2171761093109704e-02
-4.8346080393351670e-02
-4.4899768384628704e-02
-4.1784355074892886e-02
-3.8958359514191139e-02
-3.7123546612732011e-02
-3.9161877125513812e-02
-4.1384274369480410e-02
-4.3814717223646910e-02
-4.6479009296530774e-02
-4.9410960814715750e-02
-5.2647564283497657e-02
-5.6233533188525128e-02
-6.0223641571139165e-02
-6.4680117799436804e-02
-6.9682647586996327e-02
-7.5324853024480540e-02
-8.1722368514627164e-02
-8.9021999621980319e-02
-9.7402032876115402e-02
-1.0709286918435515e-01
-1.1838734851535550e-01
-1.3166183490078837e-01
-1.4741752206388353e-01
-1.6631401656271333e-01
-1.8925080563123953e-01
-2.1746655237940024e-01
-2.5269293180844471e-01
-2.9742458438710545e-01
-3.5528957918919873e-01
-4.3168947926830226e-01
-5.3470058413961752e-01
-6.7619010107490152e-01
-8.7208482418853550e-01
-1.1353341765069103e+00
-1.4409736749563999e+00
-1.6620666211894066e+00
-1.6885163774437775e+00
0.0000000000000000e+00
1.3464638167935264e-01
0.0000000000000000e+00
0.0000000000000000e+00
];
