%Vec Object:sol 1 MPI processes
%  type: mpi
sol = [
0.0000000000000000e+00
-6.1858051736868873e+01
-3.2640353717647137e+01
-1.6409821247749928e+01
-9.3264940406353229e+00
-5.9074687087873921e+00
-4.0460728321911681e+00
-2.9330956191992312e+00
-2.2184549862498124e+00
-1.7337886315342468e+00
-1.3908105887722382e+00
-1.1394361119200351e+00
-9.4993028799880774e-01
-8.0353286084521081e-01
-6.8821118697320638e-01
-5.9578572293430199e-01
-5.2064681745744579e-01
-4.5873728555748294e-01
-4.0708525485035307e-01
-3.6360817470987788e-01
-3.2667690558785217e-01
-2.9497190841139731e-01
-2.6761188482753384e-01
-2.4384979612444582e-01
-2.2305936870214599e-01
-2.0477443831797520e-01
-1.8862319209253384e-01
-1.7427782369180767e-01
-1.6147081505475144e-01
-1.5000746802396053e-01
-1.3970555756144892e-01
-1.3039655995684163e-01
-1.2197501264883713e-01
-1.1433269623987626e-01
-1.0736249795837763e-01
-1.0099907750346565e-01
-9.5176738148340961e-02
-8.9827788487110066e-02
-8.4905714509070529e-02
-8.0370897794763890e-02
-7.6179465371868912e-02
-7.2296301121474060e-02
-6.8697488687838801e-02
-6.5354062563844642e-02
-6.2238282466715165e-02
-5.9335926035581660e-02
-5.6627623054125414e-02
-5.4090716210259050e-02
-5.1717072324247285e-02
-4.9493201063516734e-02
-4.7401456555397584e-02
-4.5436262720255124e-02
-4.3588158385464482e-02
-4.1844239224267624e-02
-4.0199478102908665e-02
-3.8647555295027287e-02
-3.7178913985118689e-02
-3.5788984718942790e-02
-3.4473595731597882e-02
-3.3225585252675237e-02
-3.2040797788552539e-02
-3.0916536513175399e-02
-2.9847371576485707e-02
-2.8829538306110826e-02
-2.7861353059435153e-02
-2.6938649483571293e-02
-2.6058038131578580e-02
-2.6252150581947700e-02
-2.6996462916995735e-02
-2.7773756774608097e-02
-2.8587897356274719e-02
-2.9440490976587932e-02
-3.0332776173674143e-02
-3.1269385328560446e-02
-3.2252596535964517e-02
-3.3284092477582794e-02
-3.4369363343278690e-02
-3.5511355570879213e-02
-3.6712629189136231e-02
-3.7980000283732447e-02
-3.9317686402012615e-02
-4.0729198162512581e-02
-4.2222870808086677e-02
-4.3804398945933437e-02
-4.5478983444291632e-02
-4.7257074714061896e-02
-4.9146421151405127e-02
-5.1154745052211355e-02
-5.3295443358617640e-02
-5.5579211120176261e-02
-5.8017542167376680e-02
-6.0628069577903579e-02
-6.3425849985488766e-02
-6.6428087246222289e-02
-6.9658709284087739e-02
-7.3139441116956749e-02
-7.6896307182118456e-02
-8.0962925225099597e-02
-8.5371575299674027e-02
-9.0162287083488571e-02
-9.5384186776275456e-02
-1.0108691879006286e-01
-1.0733354767132285e-01
-1.1419913686394921e-01
-1.2176318582107501e-01
-1.3012835486539240e-01
-1.3941534943023928e-01
-1.4975773587988558e-01
-1.6133005116615062e-01
-1.7433832283307932e-01
-1.8902036807979730e-01
-2.0569034278534759e-01
-2.2472431892626202e-01
-2.4658225492899030e-01
-2.7186873352796098e-01
-3.0133699798777080e-01
-3.3595625249028904e-01
-3.7700422199817468e-01
-4.2614964899017971e-01
-4.8570177503270751e-01
-5.5882602910057688e-01
-6.4993129137403050e-01
-7.6538757439257277e-01
-9.1459822303038085e-01
-1.1116688917375646e+00
-1.3786848561559950e+00
-1.7518112782875255e+00
-2.2902273798780683e+00
-3.0929756727731061e+00
-4.3082747163016588e+00
-6.0321121507613977e+00
-7.6569553370969468e+00
-7.8266832550208951e+00
-7.3162977475398687e+00
-6.5711673162632520e+00
-4.9148104615445716e+00
-3.2501496296546999e+00
-2.1665898802196808e+00
-1.5094368133421732e+00
-1.0989353367695738e+00
-8.3049473917407779e-01
-6.4697338405524119e-01
-5.1675239340907797e-01
-4.2133071486424478e-01
-3.4948990159792476e-01
-2.9414812675484209e-01
-2.5065609797515886e-01
-2.1589441247423807e-01
-1.8769114722845784e-01
-1.6450902042633817e-01
-1.4523850297559424e-01
-1.2905111730792126e-01
-1.1532800997925349e-01
-1.0359966020731431e-01
-9.3497062626946847e-02
-8.4738007784276925e-02
-7.7096338863483993e-02
-7.0389332640121177e-02
-6.4474081460646718e-02
-5.9230351370630943e-02
-5.4561168537675016e-02
-5.0387253183928220e-02
-4.6639688465580767e-02
-4.3264224711413606e-02
-4.0213251912052106e-02
-3.7446036768791879e-02
-3.5635389225438692e-02
-3.7540028607392556e-02
-3.9613241540781656e-02
-4.1876685183883287e-02
-4.4353490876394966e-02
-4.7074154093983321e-02
-5.0071800639043380e-02
-5.3386452966510942e-02
-5.7067130216898965e-02
-6.1169180333693333e-02
-6.5763615627503907e-02
-7.0934183881234833e-02
-7.6783036516514983e-02
-8.3439795723475832e-02
-9.1061418736782626e-02
-9.9850492688355399e-02
-1.1006354740467138e-01
-1.2202865366835414e-01
-1.3617901826712012e-01
-1.5308717473336325e-01
-1.7352730630603833e-01
-1.9855878863008355e-01
-2.2965071901293396e-01
-2.6889993178349331e-01
-3.1931450456068666e-01
-3.8529001210809577e-01
-4.7322302372553143e-01
-5.9203834087855189e-01
-7.5222597242224631e-01
-9.5787978107003258e-01
-1.1770622374128299e+00
-1.3096468464258277e+00
-1.3037817870496748e+00
0.0000000000000000e+00
1.3464638167935275e-01
0.0000000000000000e+00
0.0000000000000000e+00
];
