%Vec Object:sol 1 MPI processes
%  type: mpi
sol = [
0.0000000000000000e+00
-5.6791844593340237e+01
-3.1465817234551277e+01
-1.6175434642420175e+01
-9.2678351172770306e+00
-5.8903717856700872e+00
-4.0418900972946767e+00
-2.9337143642548051e+00
-2.2200432677404840e+00
-1.7362931036890548e+00
-1.3932673843758649e+00
-1.1416796841172328e+00
-9.5202755678487161e-01
-8.0563942343907524e-01
-6.9022631229347398e-01
-5.9760901401309185e-01
-5.2230817008621533e-01
-4.6026098387664266e-01
-4.0849131325545529e-01
-3.6491255478611051e-01
-3.2789276951408192e-01
-2.9613242053497379e-01
-2.6872344347008054e-01
-2.4491473861238988e-01
-2.2408033928927079e-01
-2.0575406581253691e-01
-1.8956399486836123e-01
-1.7518226095205641e-01
-1.6234090585138755e-01
-1.5083869780115922e-01
-1.4050133806135046e-01
-1.3115996236752975e-01
-1.2270869967115225e-01
-1.1503902875431739e-01
-1.0804360344478876e-01
-1.0165683592748226e-01
-9.5812832463549505e-02
-9.0443742809915587e-02
-8.5502900768672424e-02
-8.0950554734420047e-02
-7.6742720409723436e-02
-7.2844181117593748e-02
-6.9230930515892089e-02
-6.5873923786092400e-02
-6.2745347947456190e-02
-5.9830921007379599e-02
-5.7111216095764153e-02
-5.4563517701152031e-02
-5.2179655066232240e-02
-4.9946096930645521e-02
-4.7845148916552907e-02
-4.5871211131921288e-02
-4.4014792677665913e-02
-4.2262950106818215e-02
-4.0610638475370657e-02
-3.9051517716144485e-02
-3.7575999389833768e-02
-3.6179499067310550e-02
-3.4857832049640526e-02
-3.3603810972683890e-02
-3.2413266464206156e-02
-3.1283494596154697e-02
-3.0209044761843152e-02
-2.9186138664531628e-02
-2.8213090106315737e-02
-2.7285715830652316e-02
-2.6400612705829267e-02
-2.6604236297874874e-02
-2.7365764872531364e-02
-2.8161239412376093e-02
-2.8994605621773202e-02
-2.9867538824968055e-02
-3.0781347690110192e-02
-3.1740767496307901e-02
-3.2748167613147083e-02
-3.3805309084315567e-02
-3.4917900049061180e-02
-3.6089182669176337e-02
-3.7321668826002179e-02
-3.8622303307157366e-02
-3.9995465627509684e-02
-4.1444831629255684e-02
-4.2978967736514835e-02
-4.4603786436738346e-02
-4.6324715776086080e-02
-4.8152514533434922e-02
-5.0095228509242133e-02
-5.2160898438336566e-02
-5.4363339735197941e-02
-5.6713660614825287e-02
-5.9223810006423856e-02
-6.1912000590985589e-02
-6.4793875067471432e-02
-6.7887301099478436e-02
-7.1217028941864907e-02
-7.4805635460437198e-02
-7.8680135396724332e-02
-8.2875346526247631e-02
-8.7424822980213229e-02
-9.2370110711100503e-02
-9.7762145470890016e-02
-1.0365254185290411e-01
-1.1010675852417436e-01
-1.1720269461160041e-01
-1.2502301789032569e-01
-1.3367193729107266e-01
-1.4327327759428582e-01
-1.5396845802364045e-01
-1.6593841479296376e-01
-1.7939680836070243e-01
-1.9459044756853297e-01
-2.1184500700361600e-01
-2.3155050608941577e-01
-2.5418404191568345e-01
-2.8037232174384891e-01
-3.1089626488954686e-01
-3.4676051694962801e-01
-3.8930361925550194e-01
-4.4027801157014335e-01
-5.0205849220182885e-01
-5.7793106307043418e-01
-6.7242010625757498e-01
-7.9205522824273566e-01
-9.4661150286382467e-01
-1.1507500321402424e+00
-1.4274947217825800e+00
-1.8132774995792920e+00
-2.3694663882480875e+00
-3.1963077210613871e+00
-4.4433635149311268e+00
-6.1979967685829802e+00
-7.8256147185861868e+00
-7.9821791829101700e+00
-7.4648097492881806e+00
-6.7149611442033876e+00
-5.0433661328325705e+00
-3.3463788216416179e+00
-2.2351542344240838e+00
-1.5591876874237829e+00
-1.1365215590870543e+00
-8.5972707990653630e-01
-6.7048515765446515e-01
-5.3612811592065091e-01
-4.3761039702807025e-01
-3.6338423791415342e-01
-3.0618401216944668e-01
-2.6121499369728168e-01
-2.2526184444027805e-01
-1.9608615401124849e-01
-1.7209445123410350e-01
-1.5214253483419438e-01
-1.3537578065413364e-01
-1.2115565510548010e-01
-1.0899761578457141e-01
-9.8520709301465823e-02
-8.9433576819049954e-02
-8.1502656143319169e-02
-7.4539168989510629e-02
-6.8395498481008857e-02
-6.2947369353775137e-02
-5.8094546185087477e-02
-5.3754831540885228e-02
-4.9856953032477308e-02
-4.6345158180487456e-02
-4.3170169093597839e-02
-4.0289804205415218e-02
-3.8431227693829881e-02
-4.0584270208064613e-02
-4.2934431432385282e-02
-4.5507617765406280e-02
-4.8331843832246681e-02
-5.1443662729975810e-02
-5.4883255456431614e-02
-5.8699197141395383e-02
-6.2950991509452672e-02
-6.7706503044676444e-02
-7.3052493778827360e-02
-7.9092024366827510e-02
-8.5951346105970924e-02
-9.3790841437940892e-02
-1.0280624824144984e-01
-1.1325068465456119e-01
-1.2544657727161382e-01
-1.3980931843545025e-01
-1.5689295167026221e-01
-1.7742899093525749e-01
-2.0241761181858903e-01
-2.3324113127902993e-01
-2.7184098695922559e-01
-3.2102874512357299e-01
-3.8490842829898475e-01
-4.6967001097626299e-01
-5.8475077744281900e-01
-7.4440991976174464e-01
-9.6885932672159558e-01
-1.2783295135918231e+00
-1.6562176556729258e+00
-1.9568619173959669e+00
-2.0149189002461472e+00
0.0000000000000000e+00
1.3464638167935278e-01
0.0000000000000000e+00
0.0000000000000000e+00
];
