%Vec Object:sol 1 MPI processes
%  type: mpi
sol = [
0.0000000000000000e+00
-5.0088712731078935e+01
-2.9669886046765850e+01
-1.5779882079277835e+01
-9.1548564251074183e+00
-5.8526148510314773e+00
-4.0270721129910436e+00
-2.9273445482800229e+00
-2.2184532887612902e+00
-1.7360571683450723e+00
-1.3940481628507535e+00
-1.1430346270301175e+00
-9.5365723187088869e-01
-8.0720017774367125e-01
-6.9171501519792444e-01
-5.9911198185910430e-01
-5.2379556800053861e-01
-4.6171631891151793e-01
-4.0990623726621467e-01
-3.6628265896331713e-01
-3.2921646731172227e-01
-2.9741020426411147e-01
-2.6995638539940736e-01
-2.4610444805308720e-01
-2.2521762814322407e-01
-2.0683886255808234e-01
-1.9060159665239693e-01
-1.7617726056839697e-01
-1.6329764361926993e-01
-1.5176722383322300e-01
-1.4140322367768504e-01
-1.3203673234261495e-01
-1.2356170941079428e-01
-1.1586955369240866e-01
-1.0885288205346381e-01
-1.0244599054323877e-01
-9.6582908101050927e-02
-9.1195733286128386e-02
-8.6237727160300259e-02
-8.1669071739867913e-02
-7.7445732499753089e-02
-7.3532441242719404e-02
-6.9905141247175923e-02
-6.6534744311276511e-02
-6.3393394485554908e-02
-6.0466775592411044e-02
-5.7735426203972942e-02
-5.5176589168338216e-02
-5.2782074309420488e-02
-5.0538323591572558e-02
-4.8427602158592278e-02
-4.6444299946889742e-02
-4.4578905758464661e-02
-4.2818440551357445e-02
-4.1157851086539923e-02
-3.9590784025008340e-02
-3.8107620334445369e-02
-3.6703766753732103e-02
-3.5375031571703901e-02
-3.4114201530098552e-02
-3.2917096780451731e-02
-3.1781011728971638e-02
-3.0700474051124992e-02
-2.9671693040337586e-02
-2.8692985222919742e-02
-2.7760149180649944e-02
-2.6869767613578625e-02
-2.7087262606706450e-02
-2.7873264968023906e-02
-2.8694592343474139e-02
-2.9555305595463283e-02
-3.0457178905831928e-02
-3.1401621534518788e-02
-3.2393516031202010e-02
-3.3435360942590572e-02
-3.4529046778083557e-02
-3.5680471187350932e-02
-3.6893046272090883e-02
-3.8169454467206078e-02
-3.9516886539059305e-02
-4.0939947608677377e-02
-4.2442543101409345e-02
-4.4033562321214789e-02
-4.5719220773217745e-02
-4.7505261812807772e-02
-4.9402874022854502e-02
-5.1420516100609215e-02
-5.3566670200206265e-02
-5.5855733696949184e-02
-5.8299387297692781e-02
-6.0910209857172090e-02
-6.3707218141488262e-02
-6.6706865153163680e-02
-6.9927935763592478e-02
-7.3396317997410684e-02
-7.7135763632343465e-02
-8.1174652877183978e-02
-8.5549458953473351e-02
-9.0295488392600182e-02
-9.5454963382072072e-02
-1.0108076240007434e-01
-1.0722854637585455e-01
-1.1396694035915048e-01
-1.2137758532920760e-01
-1.2954730526829603e-01
-1.3858782682761100e-01
-1.4863057997619653e-01
-1.5982140608522036e-01
-1.7235029698532783e-01
-1.8644172347893259e-01
-2.0235524334489796e-01
-2.2043286320917521e-01
-2.4108439947283172e-01
-2.6481130033125400e-01
-2.9227172240603688e-01
-3.2428597300517342e-01
-3.6190919098914720e-01
-4.0654642864970869e-01
-4.6003694368071463e-01
-5.2487191923851451e-01
-6.0446174976863387e-01
-7.0351685145850973e-01
-8.2899100870328502e-01
-9.9102846607068718e-01
-1.2049199883160111e+00
-1.4945202395309487e+00
-1.8975432222351556e+00
-2.4774694577361021e+00
-3.3359406790651485e+00
-4.6223195191893200e+00
-6.4096491485344220e+00
-8.0264272584813110e+00
-8.1588734819345206e+00
-7.6329153851876814e+00
-6.8810688856097224e+00
-5.2029214156819918e+00
-3.4710196369661643e+00
-2.3252373375114623e+00
-1.6251581417799008e+00
-1.1863497565505365e+00
-8.9857211338560872e-01
-7.0160092001541874e-01
-5.6165712886430752e-01
-4.5899312836699591e-01
-3.8161370756599133e-01
-3.2192913607380219e-01
-2.7498469396655856e-01
-2.3743473142134866e-01
-2.0694931201613342e-01
-1.8186926993946273e-01
-1.6100290917925503e-01
-1.4345988006763224e-01
-1.2857478912746334e-01
-1.1584260921211334e-01
-1.0486614748081809e-01
-9.5341595675981383e-02
-8.7025341245350718e-02
-7.9720411541613648e-02
-7.3272797504372891e-02
-6.7552768293354992e-02
-6.2455681390241394e-02
-5.7895990873986836e-02
-5.3799187023875282e-02
-5.0106720766869464e-02
-4.6767115850265363e-02
-4.3736284471440803e-02
-4.1806839411534118e-02
-4.4245519167149513e-02
-4.6913039461804584e-02
-4.9839917570507590e-02
-5.3059055391603667e-02
-5.6613624551871473e-02
-6.0551515260620511e-02
-6.4930416560127047e-02
-6.9820975797412241e-02
-7.5304286372125218e-02
-8.1483730515336403e-02
-8.8482649749475645e-02
-9.6452501075210209e-02
-1.0558573886460203e-01
-1.1611832277385113e-01
-1.2835560000389473e-01
-1.4268778407638719e-01
-1.5961936201919258e-01
-1.7982464041780510e-01
-2.0419807552379085e-01
-2.3396712175130274e-01
-2.7083692267389586e-01
-3.1721800091284069e-01
-3.7662712023606210e-01
-4.5426243429700114e-01
-5.5804319787446055e-01
-7.0035770375480066e-01
-9.0062279788294797e-01
-1.1884345482209042e+00
-1.6008719774669053e+00
-2.1430905342127304e+00
-2.6397732969360108e+00
-2.7820942710252798e+00
0.0000000000000000e+00
1.3464638167935250e-01
0.0000000000000000e+00
0.0000000000000000e+00
];
