%Vec Object:sol 1 MPI processes
%  type: mpi
sol = [
0.0000000000000000e+00
-5.8711440597057482e+01
-3.1921696434491107e+01
-1.6264580433294416e+01
-9.2905687834099382e+00
-5.8983535688248940e+00
-4.0440741889537435e+00
-2.9332064355246867e+00
-2.2197127576480939e+00
-1.7351251275922390e+00
-1.3923417312238071e+00
-1.1409908599415695e+00
-9.5119949152194938e-01
-8.0475706745305986e-01
-6.8937504557400830e-01
-5.9688460009361133e-01
-5.2168111791260718e-01
-4.5971006175108203e-01
-4.0800082947106669e-01
-3.6443887383239248e-01
-3.2742922410833336e-01
-2.9568115269903833e-01
-2.6828566927430170e-01
-2.4449100494076090e-01
-2.2367071283162610e-01
-2.0535835003559624e-01
-1.8918183481286985e-01
-1.7481317824390985e-01
-1.6198468889178422e-01
-1.5050145442361135e-01
-1.4018110294364339e-01
-1.3085500478207981e-01
-1.2241753986635488e-01
-1.1476038186042156e-01
-1.0777633987441554e-01
-1.0139997108510390e-01
-9.5565499685112035e-02
-9.0205172283004884e-02
-8.5272409423353193e-02
-8.0727534166856740e-02
-7.6526625365831949e-02
-7.2634521685742595e-02
-6.9027264925628523e-02
-6.5675852734614376e-02
-6.2552510256802946e-02
-5.9642986514087760e-02
-5.6927883677698424e-02
-5.4384514954928291e-02
-5.2004729023854585e-02
-4.9775014887472241e-02
-4.7677700791504588e-02
-4.5707199208545296e-02
-4.3854033530543082e-02
-4.2105277836609070e-02
-4.0455896198917755e-02
-3.8899558680848274e-02
-3.7426688745384178e-02
-3.6032740205272515e-02
-3.4713194417829024e-02
-3.3461136070755119e-02
-3.2272486510999059e-02
-3.1144541798129761e-02
-3.0071856847789340e-02
-2.9050656419225527e-02
-2.8079253297359621e-02
-2.7153468953668818e-02
-2.6269903938495296e-02
-2.6469728930541631e-02
-2.7224506834869749e-02
-2.8012848037443448e-02
-2.8838666151077934e-02
-2.9703608795052898e-02
-3.0608956385821808e-02
-3.1559403084238970e-02
-3.2557281995720687e-02
-3.3604317720272128e-02
-3.4706165370080207e-02
-3.5866019303712623e-02
-3.7086343287280034e-02
-3.8374013112569293e-02
-3.9733344687386388e-02
-4.1167948944606771e-02
-4.2686301492082891e-02
-4.4294229163001221e-02
-4.5997070653055430e-02
-4.7805463478394518e-02
-4.9727336384819992e-02
-5.1770604709423851e-02
-5.3948919108922667e-02
-5.6273224965422732e-02
-5.8755291755813704e-02
-6.1413103642540788e-02
-6.4262071999166448e-02
-6.7319802347748633e-02
-7.0610720192779475e-02
-7.4157065580336953e-02
-7.7985461504785622e-02
-8.2130250921044270e-02
-8.6624483171412525e-02
-9.1509103197433425e-02
-9.6834329135466649e-02
-1.0265099313669937e-01
-1.0902360264918645e-01
-1.1602892922127975e-01
-1.2374837920582066e-01
-1.3228697279450882e-01
-1.4176821069538489e-01
-1.5232886645920973e-01
-1.6414751519160586e-01
-1.7743501256712502e-01
-1.9243488125322974e-01
-2.0946858953824621e-01
-2.2892109164105265e-01
-2.5126329395975600e-01
-2.7711393731426398e-01
-3.0724404107490677e-01
-3.4261812710022399e-01
-3.8456835320026833e-01
-4.3482625895420152e-01
-4.9573126800329220e-01
-5.7052057000973078e-01
-6.6370203999127675e-01
-7.8178626067608925e-01
-9.3437965991387884e-01
-1.1357262886410273e+00
-1.4086106787033907e+00
-1.7897490769262154e+00
-2.3389812455910652e+00
-3.1570586327283965e+00
-4.3920335947790186e+00
-6.1348667112748831e+00
-7.7622514202300943e+00
-7.9238044294753909e+00
-7.4089142774798651e+00
-6.6607840016921953e+00
-4.9948702710598321e+00
-3.3099130216659240e+00
-2.2090948567789108e+00
-1.5403539120979579e+00
-1.1222614627783394e+00
-8.4870033441670623e-01
-6.6159522653348490e-01
-5.2879298625700522e-01
-4.3145030139830787e-01
-3.5814229056203634e-01
-3.0165474266754561e-01
-2.5725034914835909e-01
-2.2174501889877618e-01
-1.9293522013985567e-01
-1.6924844271186096e-01
-1.4955339470354259e-01
-1.3300520786277040e-01
-1.1897270472856986e-01
-1.0697696658840318e-01
-9.6641518568735624e-02
-8.7678435871550678e-02
-7.9856938392747129e-02
-7.2990524282770267e-02
-6.6933349473211723e-02
-6.1562660364687341e-02
-5.6779450834769055e-02
-5.2502782712353341e-02
-4.8662251649843155e-02
-4.5202472298248406e-02
-4.2074808876591686e-02
-3.9237636605164550e-02
-3.7398055515171717e-02
-3.9460706279017072e-02
-4.1710209724255168e-02
-4.4170958242120410e-02
-4.6869230333937431e-02
-4.9839425283840708e-02
-5.3119221178779756e-02
-5.6754162269477368e-02
-6.0800040611685903e-02
-6.5320299182713287e-02
-7.0396140140190203e-02
-7.6123819354308495e-02
-8.2621110304399656e-02
-9.0037588153581954e-02
-9.8555393789880028e-02
-1.0840996895082548e-01
-1.1989836944125185e-01
-1.3340674415434187e-01
-1.4944800495983446e-01
-1.6869729920852380e-01
-1.9207588379879967e-01
-2.2085349468885518e-01
-2.5680720017686004e-01
-3.0250025259589025e-01
-3.6166740039316497e-01
-4.3988298970626910e-01
-5.4553481034362794e-01
-6.9099062056270466e-01
-8.9308256567317590e-01
-1.1663811875203545e+00
-1.4875951880486684e+00
-1.7253850667798476e+00
-1.7583101185871823e+00
0.0000000000000000e+00
1.3464638167935261e-01
0.0000000000000000e+00
0.0000000000000000e+00
];
