%Vec Object:sol 1 MPI processes
%  type: mpi
sol = [
0.0000000000000000e+00
-4.8476181191416387e+01
-2.9175402757937796e+01
-1.5660672792300652e+01
-9.1190043916871684e+00
-5.8378358766879854e+00
-4.0208608087212889e+00
-2.9252334450054334e+00
-2.2167559737344011e+00
-1.7354798677984273e+00
-1.3939491025702715e+00
-1.1429079254102401e+00
-9.5352551783903505e-01
-8.0725945390122000e-01
-6.9192846581296374e-01
-5.9942037165289597e-01
-5.2409802233586122e-01
-4.6198441758208375e-01
-4.1014810896405524e-01
-3.6650404817377469e-01
-3.2942159710717045e-01
-2.9760233750318393e-01
-2.7013790217666744e-01
-2.4627716092773747e-01
-2.2539425199240451e-01
-2.0702271293968408e-01
-1.9079029763411359e-01
-1.7636901070306829e-01
-1.6349107288695131e-01
-1.5196125553439671e-01
-1.4159703362152165e-01
-1.3222970769868506e-01
-1.2375336327615860e-01
-1.1605951748942038e-01
-1.0904089065434056e-01
-1.0263184054747534e-01
-9.6766452235152942e-02
-9.1376873741162282e-02
-8.6416399450171363e-02
-8.1845237902016962e-02
-7.7619339966424075e-02
-7.3701912806395486e-02
-7.0070534892001074e-02
-6.6696317631827193e-02
-6.3551380701638766e-02
-6.0621388028548551e-02
-5.7886859703163533e-02
-5.5325019895979419e-02
-5.2927666498464906e-02
-5.0681228663680321e-02
-4.8567956370514712e-02
-4.6582232455419655e-02
-4.4714536760992338e-02
-4.2951878220904564e-02
-4.1289198564405417e-02
-3.9720138596492170e-02
-3.8235069679859415e-02
-3.6829394427990818e-02
-3.5498917665639174e-02
-3.4236418426689771e-02
-3.3037713017723840e-02
-3.1900094235288924e-02
-3.0818083545122232e-02
-2.9787886377091125e-02
-2.8807819075272103e-02
-2.7873675189523949e-02
-2.6982033430860902e-02
-2.7202849662824363e-02
-2.7994706694048462e-02
-2.8822214418951345e-02
-2.9689460602612815e-02
-3.0598242400703697e-02
-3.1549992403538472e-02
-3.2549627468877546e-02
-3.3599676066260888e-02
-3.4702058611254923e-02
-3.5862716757034473e-02
-3.7085101829462168e-02
-3.8371935500574911e-02
-3.9730465437211378e-02
-4.1165348625145676e-02
-4.2680543088811078e-02
-4.4285012498671672e-02
-4.5985041708528691e-02
-4.7786445999265348e-02
-4.9700512459907593e-02
-5.1735793806866361e-02
-5.3900872413983267e-02
-5.6210278285226387e-02
-5.8675821743532877e-02
-6.1310223910857373e-02
-6.4132683629296916e-02
-6.7159836170214024e-02
-7.0410672310692965e-02
-7.3911335814480145e-02
-7.7685840776357457e-02
-8.1762871788268909e-02
-8.6179271012237019e-02
-9.0970732896350201e-02
-9.6181349763965654e-02
-1.0186509438084472e-01
-1.0807687453599413e-01
-1.1488614975012006e-01
-1.2237555026187857e-01
-1.3063301041630201e-01
-1.3977163003949078e-01
-1.4992447004703155e-01
-1.6123925259737193e-01
-1.7390833710992981e-01
-1.8815903583367100e-01
-2.0425428126514344e-01
-2.2254040764370761e-01
-2.4343251390093429e-01
-2.6743691270017045e-01
-2.9519585731222653e-01
-3.2755729464338995e-01
-3.6558699684716267e-01
-4.1070383456835519e-01
-4.6476475398348038e-01
-5.3028416844322168e-01
-6.1073783546661087e-01
-7.1096085602813675e-01
-8.3792533534290436e-01
-1.0017980119414267e+00
-1.2178032363137878e+00
-1.5102085632098330e+00
-1.9177128547791991e+00
-2.5024453249975935e+00
-3.3685275276347433e+00
-4.6630137710577380e+00
-6.4538112805384058e+00
-8.0632339593985982e+00
-8.1877773757533152e+00
-7.6604528855338385e+00
-6.9102874658381976e+00
-5.2363775272222988e+00
-3.4988649049684000e+00
-2.3461453812313562e+00
-1.6407912167566330e+00
-1.1981022396902379e+00
-9.0779239242741383e-01
-7.0904488979748725e-01
-5.6773996022246154e-01
-4.6405318648253624e-01
-3.8590339252343542e-01
-3.2563869093889208e-01
-2.7823024550883274e-01
-2.4030347937832516e-01
-2.0950786776896835e-01
-1.8416931110823581e-01
-1.6308522404812967e-01
-1.4535694157122184e-01
-1.3030946581855055e-01
-1.1743736804773452e-01
-1.0633946163902196e-01
-9.6708805244331050e-02
-8.8299268284910082e-02
-8.0911834140050515e-02
-7.4390897379570137e-02
-6.8605373693722368e-02
-6.3449527716725296e-02
-5.8836920458836831e-02
-5.4692254270629036e-02
-5.0956367896897468e-02
-4.7577240254214233e-02
-4.4510313159661037e-02
-4.2562805784822119e-02
-4.5063071712610210e-02
-4.7798857203343072e-02
-5.0801626916404899e-02
-5.4105742637221260e-02
-5.7755635741302158e-02
-6.1800603797244433e-02
-6.6300241773248725e-02
-7.1327524810792575e-02
-7.6966303340572459e-02
-8.3323421110319817e-02
-9.0526434995887597e-02
-9.8732032295538980e-02
-1.0813931346861097e-01
-1.1899255494967093e-01
-1.3160788707768781e-01
-1.4638948936725801e-01
-1.6386016430685793e-01
-1.8471888956624155e-01
-2.0989345725693595e-01
-2.4065015743008039e-01
-2.7875914594700474e-01
-3.2672615505243241e-01
-3.8820563013855469e-01
-4.6861881211238626e-01
-5.7625508417797389e-01
-7.2405930775402072e-01
-9.3235675915241512e-01
-1.2325089681526615e+00
-1.6650800488161379e+00
-2.2390118263120553e+00
-2.7747402659033913e+00
-2.9346300281993214e+00
0.0000000000000000e+00
1.3464638167935250e-01
0.0000000000000000e+00
0.0000000000000000e+00
];
