%Vec Object:sol 1 MPI processes
%  type: mpi
sol = [
0.0000000000000000e+00
-8.9023242547809332e+01
-3.6842620875949066e+01
-1.6981029902986783e+01
-9.3779928591233102e+00
-5.8673441566125257e+00
-3.9930555232709817e+00
-2.8836867613061044e+00
-2.1755481770710228e+00
-1.6970295255623169e+00
-1.3594726951841689e+00
-1.1123485917915679e+00
-9.2625885798839247e-01
-7.8284199661994547e-01
-6.6994882842148484e-01
-5.7952447398540730e-01
-5.0600777010770825e-01
-4.4546232224801102e-01
-3.9497632416666983e-01
-3.5250489174621435e-01
-3.1644701067251108e-01
-2.8552637489149774e-01
-2.5885596340339118e-01
-2.3570064378734343e-01
-2.1544678522327398e-01
-1.9763900398602671e-01
-1.8191436956344967e-01
-1.6795203778323645e-01
-1.5548968453852205e-01
-1.4433428623309169e-01
-1.3431273864431334e-01
-1.2525966619836823e-01
-1.1707258772387949e-01
-1.0964568919102088e-01
-1.0287386693136194e-01
-9.6693631694808116e-02
-9.1040854444819103e-02
-8.5849197925716186e-02
-8.1073341974676930e-02
-7.6674715831890422e-02
-7.2610383798812045e-02
-6.8846050910925313e-02
-6.5358504213120089e-02
-6.2119438168220603e-02
-5.9101718805776048e-02
-5.6291591579061211e-02
-5.3670154696852122e-02
-5.1215232350820934e-02
-4.8918993405057905e-02
-4.6768286162262973e-02
-4.4745853853632299e-02
-4.2846322619551860e-02
-4.1060478061531736e-02
-3.9375720729510594e-02
-3.7787179640997683e-02
-3.6288707800589799e-02
-3.4870989059537533e-02
-3.3529583831387419e-02
-3.2260436836319205e-02
-3.1056577275478881e-02
-2.9913964691027990e-02
-2.8829975928322302e-02
-2.7799333576886295e-02
-2.6818379263427443e-02
-2.5885470410250480e-02
-2.4996563091212898e-02
-2.4148368395259009e-02
-2.4296680572076450e-02
-2.4952700531280545e-02
-2.5636849327958448e-02
-2.6352580441064907e-02
-2.7101156157957832e-02
-2.7883465825338630e-02
-2.8703616464665700e-02
-2.9563436020769409e-02
-3.0464144879530638e-02
-3.1410644039579799e-02
-3.2405461668282953e-02
-3.3450395428945394e-02
-3.4551343931702914e-02
-3.5711736984277598e-02
-3.6934286159615679e-02
-3.8226185845236911e-02
-3.9592070679825904e-02
-4.1036040394579656e-02
-4.2567028226179464e-02
-4.4191335733817040e-02
-4.5915138901343577e-02
-4.7749781091502068e-02
-4.9703947585936679e-02
-5.1786919216533521e-02
-5.4013491121885630e-02
-5.6395869725784017e-02
-5.8948028195436777e-02
-6.1689875409953666e-02
-6.4638994467737423e-02
-6.7816587867962616e-02
-7.1250416666750679e-02
-7.4965982719895588e-02
-7.8995654487106381e-02
-8.3380360796039180e-02
-8.8160128177373162e-02
-9.3386313350742642e-02
-9.9120110337411305e-02
-1.0542554444950973e-01
-1.1238608895291856e-01
-1.2009970903230203e-01
-1.2867387769192554e-01
-1.3825021584726394e-01
-1.4899536623473797e-01
-1.6110057076241152e-01
-1.7482017713873901e-01
-1.9045752434485227e-01
-2.0838278477666231e-01
-2.2908418219362026e-01
-2.5316855751675105e-01
-2.8141649180863437e-01
-3.1487006207700324e-01
-3.5489253216973932e-01
-4.0333120538134964e-01
-4.6270821150723113e-01
-5.3661925918287867e-01
-6.3022792804355943e-01
-7.5117441295037157e-01
-9.1104313098951262e-01
-1.1280019548582689e+00
-1.4316777589405179e+00
-1.8719484800749722e+00
-2.5323626402807156e+00
-3.5444893457462960e+00
-5.0110591283760577e+00
-6.4465861555018131e+00
-6.6299077806221476e+00
-6.2004407049685044e+00
-5.5595668383467451e+00
-4.1354643813446588e+00
-2.7251655410947286e+00
-1.8240135452817778e+00
-1.3021849198189315e+00
-9.6324172682899700e-01
-7.1384928519006652e-01
-5.4008318104814979e-01
-4.2069755251312585e-01
-3.3674542976514882e-01
-2.7540439114876497e-01
-2.2923816260469410e-01
-1.9356679121813183e-01
-1.6539082728073609e-01
-1.4277160006808728e-01
-1.2431655039389033e-01
-1.0907331250080031e-01
-9.6371563351248524e-02
-8.5623833996858842e-02
-7.6486831014612441e-02
-6.8641186635040249e-02
-6.1854014299717701e-02
-5.5959227948998776e-02
-5.0790033025377469e-02
-4.6241227068825323e-02
-4.2228232582575548e-02
-3.8643975521618863e-02
-3.5444647829749425e-02
-3.2568949236719366e-02
-2.9966220394985130e-02
-2.7608525140776968e-02
-2.5437735995479733e-02
-2.3920784681416115e-02
-2.4876413830307972e-02
-2.5861225644967147e-02
-2.6879581915605445e-02
-2.7922450791461828e-02
-2.8983042351149648e-02
-3.0058404953081066e-02
-3.1131891747928700e-02
-3.2195540702208460e-02
-3.3222768775657753e-02
-3.4181191957265100e-02
-3.5030032870830979e-02
-3.5688246321629431e-02
-3.6047066382691770e-02
-3.5924370918990978e-02
-3.5010458493213888e-02
-3.2757972399255375e-02
-2.8005343188768399e-02
-1.7297375696216293e-02
5.9703299159669716e-02
1.7373542582678794e-01
2.7636324157206238e-01
3.7349622722133879e-01
4.6995886897944628e-01
5.6793209471180661e-01
6.6767972891722815e-01
7.6874609403799543e-01
8.7080505071237846e-01
9.7369784656214786e-01
1.0773878509277832e+00
1.1820746868945906e+00
1.2878056225818793e+00
1.3947650029220213e+00
0.0000000000000000e+00
1.3464638167935250e-01
0.0000000000000000e+00
0.0000000000000000e+00
];
