%Vec Object:sol 1 MPI processes
%  type: mpi
sol = [
0.0000000000000000e+00
-9.5833103730780010e+01
-3.7435941807728419e+01
-1.6995874890011041e+01
-9.3427872179239628e+00
-5.8337874363650748e+00
-3.9657263902668571e+00
-2.8620531377055558e+00
-2.1579689395129074e+00
-1.6827845521276770e+00
-1.3475590399021740e+00
-1.1023311861963327e+00
-9.1764375210162363e-01
-7.7534010966170153e-01
-6.6334454340677729e-01
-5.7365448229326454e-01
-5.0077700492016652e-01
-4.4074208854761282e-01
-3.9068788695826917e-01
-3.4858538626140945e-01
-3.1284544407352277e-01
-2.8220080377987911e-01
-2.5577177474589197e-01
-2.3282893512011646e-01
-2.1276318214483472e-01
-1.9512283350938506e-01
-1.7954798354698143e-01
-1.6572025883322256e-01
-1.5337995505630200e-01
-1.4233832265762772e-01
-1.3241689757326491e-01
-1.2345515350966804e-01
-1.1535162656660239e-01
-1.0800139031905626e-01
-1.0130014049205426e-01
-9.5185011344599890e-02
-8.9592437059144991e-02
-8.4456608731527147e-02
-7.9732622872463230e-02
-7.5382269716565656e-02
-7.1362971763550345e-02
-6.7640734680842848e-02
-6.4192576031347759e-02
-6.0990436836810234e-02
-5.8007417040525165e-02
-5.5229905520510693e-02
-5.2639171191661317e-02
-5.0213232733041395e-02
-4.7944342839195381e-02
-4.5819471330503792e-02
-4.3821520444295110e-02
-4.1945170035627026e-02
-4.0181292541547314e-02
-3.8517411245653159e-02
-3.6948700451285489e-02
-3.5469071230564975e-02
-3.4069302990699178e-02
-3.2744997280421968e-02
-3.1492135573515205e-02
-3.0303821935487314e-02
-2.9176055105511058e-02
-2.8106232869723219e-02
-2.7089136885121348e-02
-2.6121146949328145e-02
-2.5200629671497395e-02
-2.4323588051921377e-02
-2.3486770542720480e-02
-2.3619320886942449e-02
-2.4244842468967891e-02
-2.4896813263395261e-02
-2.5578536875839636e-02
-2.6291157387913183e-02
-2.7035445910459113e-02
-2.7815318832501587e-02
-2.8632447744635366e-02
-2.9487899672315743e-02
-3.0386331490297964e-02
-3.1330063796260098e-02
-3.2320689962473184e-02
-3.3363793023851500e-02
-3.4462525217051961e-02
-3.5619319739949369e-02
-3.6840957917986653e-02
-3.8131699172848317e-02
-3.9495256236436904e-02
-4.0940013334823194e-02
-4.2471757588827395e-02
-4.4096116978620106e-02
-4.5823691515711307e-02
-4.7662448657212426e-02
-4.9620878894597313e-02
-5.1712748744795360e-02
-5.3949241737955692e-02
-5.6343168928634245e-02
-5.8912979061311974e-02
-6.1674760896655530e-02
-6.4647970442478594e-02
-6.7858234879174931e-02
-7.1329396147361848e-02
-7.5090671022335020e-02
-7.9179210326632804e-02
-8.3632009910635033e-02
-8.8496156615545149e-02
-9.3827770312964659e-02
-9.9685222123037695e-02
-1.0614493609881244e-01
-1.1329650372995621e-01
-1.2123778662715023e-01
-1.3009821411122890e-01
-1.4002980549319147e-01
-1.5120647805783041e-01
-1.6386020551579386e-01
-1.7826703076079944e-01
-1.9476329948583015e-01
-2.1379313752833359e-01
-2.3590762107361088e-01
-2.6181503814206653e-01
-2.9246098999842784e-01
-3.2908088649546613e-01
-3.7334998220713916e-01
-4.2756160426239254e-01
-4.9494684021608659e-01
-5.8018017772521013e-01
-6.9015578902041341e-01
-8.3530848149124992e-01
-1.0320423799627754e+00
-1.3068048104999350e+00
-1.7040810444238805e+00
-2.2977543727210676e+00
-3.2006475321255339e+00
-4.4863258892470945e+00
-5.6952071552516292e+00
-5.8224673809866587e+00
-5.4548698431768985e+00
-4.9213164789248252e+00
-3.7277431645142434e+00
-2.5058540965018401e+00
-1.7651510572923199e+00
-1.2727571568823604e+00
-8.8376851909286946e-01
-6.3992871874800172e-01
-4.8514995934112304e-01
-3.8041715766909506e-01
-3.0601301231708034e-01
-2.5103040586478026e-01
-2.0933017002022891e-01
-1.7693195878609821e-01
-1.5123275167517752e-01
-1.3054463527269933e-01
-1.1362494133358221e-01
-9.9624056179244511e-02
-8.7948075163584535e-02
-7.8047173511029216e-02
-6.9622660770164310e-02
-6.2379520164298576e-02
-5.6104739416806576e-02
-5.0652893975345677e-02
-4.5865805283260556e-02
-4.1651318870219785e-02
-3.7938579387095349e-02
-3.4618421384450301e-02
-3.1661131233017822e-02
-2.9009653953687493e-02
-2.6615002264493887e-02
-2.4460081994730327e-02
-2.2494438448478090e-02
-2.1123099792903336e-02
-2.1952614312006097e-02
-2.2812409683659336e-02
-2.3715998889878100e-02
-2.4650950231256179e-02
-2.5605855065684798e-02
-2.6582442783922331e-02
-2.7531691310072548e-02
-2.8469029264319712e-02
-2.9351202014221520e-02
-3.0128087277728113e-02
-3.0755807417029636e-02
-3.1108493044152030e-02
-3.1043704846107401e-02
-3.0310729009102273e-02
-2.8441054571259384e-02
-2.4532724181697486e-02
-1.5847801788038445e-02
6.7781262076727189e-02
1.9415852001403500e-01
2.8826643131582885e-01
3.6888556620064750e-01
4.5076350364180212e-01
5.4009857345266443e-01
6.3740767386347807e-01
7.4098197335298299e-01
8.4901591349064831e-01
9.6058824293108003e-01
1.0753794584054090e+00
1.1933817707977361e+00
1.3149381801078135e+00
1.4401609611067818e+00
1.5695305918146925e+00
0.0000000000000000e+00
1.3464638167935217e-01
0.0000000000000000e+00
0.0000000000000000e+00
];
