%Vec Object:sol 1 MPI processes
%  type: mpi
sol = [
0.0000000000000000e+00
-9.9457281458877986e+01
-3.7706430572380100e+01
-1.6992399594452376e+01
-9.3190345468547449e+00
-5.8130323395505847e+00
-3.9493615830052744e+00
-2.8491806534962545e+00
-2.1476584277051938e+00
-1.6743522139569951e+00
-1.3405348474667589e+00
-1.0963544625207082e+00
-9.1250581844342549e-01
-7.7086343387351675e-01
-6.5939858004704521e-01
-5.7014132412736918e-01
-4.9760735851652405e-01
-4.3787605053903633e-01
-3.8807849408090495e-01
-3.4619520347969379e-01
-3.1064417910046688e-01
-2.8016363485194984e-01
-2.5387820324193916e-01
-2.3106185510188240e-01
-2.1110820150145623e-01
-1.9356774038661115e-01
-1.7808233957184713e-01
-1.6433509649953765e-01
-1.5206467249424313e-01
-1.4108606706203944e-01
-1.3122527465801626e-01
-1.2231892966765340e-01
-1.1426614064555865e-01
-1.0696251007133285e-01
-1.0030422850784775e-01
-9.4228785524604744e-02
-8.8672948118691738e-02
-8.3571234059771765e-02
-7.8878982852422688e-02
-7.4558193799897587e-02
-7.0566510066734658e-02
-6.6870118451188967e-02
-6.3446165847969901e-02
-6.0266744134867087e-02
-5.7305099461533678e-02
-5.4547696946571120e-02
-5.1975908798887943e-02
-4.9567879573137741e-02
-4.7315902021257197e-02
-4.5207018995467078e-02
-4.3224237256754304e-02
-4.1362260636107463e-02
-3.9612013183779458e-02
-3.7961098798714343e-02
-3.6404714114954613e-02
-3.4936803489556335e-02
-3.3548209000845847e-02
-3.2234554483318419e-02
-3.0991841180317496e-02
-2.9813222169894356e-02
-2.8694719043319460e-02
-2.7633739390322275e-02
-2.6625103451058073e-02
-2.5665214469656437e-02
-2.4752441511121537e-02
-2.3882818152568652e-02
-2.3053116630275799e-02
-2.3174989783144591e-02
-2.3780145297391104e-02
-2.4410621116674157e-02
-2.5069617824893763e-02
-2.5758199965407281e-02
-2.6477059516502064e-02
-2.7229981889563708e-02
-2.8018533043945800e-02
-2.8843677050365002e-02
-2.9709903120115917e-02
-3.0619391177087344e-02
-3.1573596912447689e-02
-3.2577886656683319e-02
-3.3635224023683838e-02
-3.4747853808610153e-02
-3.5922273653165963e-02
-3.7162487369476908e-02
-3.8471944682176372e-02
-3.9858652581445594e-02
-4.1328046881538870e-02
-4.2885381660621398e-02
-4.4540745721493989e-02
-4.6301615101446571e-02
-4.8175939050222487e-02
-5.0176775785423296e-02
-5.2314606733779342e-02
-5.4601444328715464e-02
-5.7054729618954171e-02
-5.9689493043911204e-02
-6.2523233380803650e-02
-6.5580753093703759e-02
-6.8884329611526643e-02
-7.2462030407673045e-02
-7.6348666954144231e-02
-8.0578354500424831e-02
-8.5195209313757472e-02
-9.0251819417586115e-02
-9.5802619272237363e-02
-1.0191911448596944e-01
-1.0868504659341909e-01
-1.1619155710004522e-01
-1.2455953300117195e-01
-1.3393073290757118e-01
-1.4446690201103271e-01
-1.5638425983646925e-01
-1.6993959583386339e-01
-1.8544534979074537e-01
-2.0331440912764093e-01
-2.2405825436908308e-01
-2.4833370637682878e-01
-2.7701747877773503e-01
-3.1125338581124373e-01
-3.5258931342627414e-01
-4.0314080473218361e-01
-4.6590531709837707e-01
-5.4518345229822096e-01
-6.4731944824671983e-01
-7.8189245381724959e-01
-9.6392034912170821e-01
-1.2175018909811255e+00
-1.5828365277882637e+00
-2.1258047991400515e+00
-2.9431563492457720e+00
-4.0812594808310498e+00
-5.0984491583271172e+00
-5.1743190588923600e+00
-4.8516768327034230e+00
-4.4007420468907741e+00
-3.3946809649141994e+00
-2.3118776445075540e+00
-1.5948934736315474e+00
-1.1647514289024288e+00
-8.5118469458590429e-01
-6.2534735764431826e-01
-4.7268428738129914e-01
-3.6908504573218698e-01
-2.9599848513768012e-01
-2.4235009302725585e-01
-2.0185609358119655e-01
-1.7050310736299704e-01
-1.4569622830851869e-01
-1.2576570072233320e-01
-1.0949191082228367e-01
-9.6044579672018959e-02
-8.4844688061051943e-02
-7.5359293329418403e-02
-6.7297985150942541e-02
-6.0375356275361607e-02
-5.4385593522265810e-02
-4.9186041115933284e-02
-4.4624819700718840e-02
-4.0611070230765836e-02
-3.7072195510051892e-02
-3.3907190322068341e-02
-3.1081323560604134e-02
-2.8538957529323120e-02
-2.6234151980318782e-02
-2.4131121940111099e-02
-2.2203062997931615e-02
-2.0848152289965047e-02
-2.1642903086121729e-02
-2.2452612096589046e-02
-2.3280746599309534e-02
-2.4117278872691501e-02
-2.4954271849940552e-02
-2.5787251953989239e-02
-2.6597867548290507e-02
-2.7375307317060196e-02
-2.8089547218828486e-02
-2.8702914344184684e-02
-2.9166064058128657e-02
-2.9385614212465289e-02
-2.9230709883443277e-02
-2.8478312202934390e-02
-2.6730529774126852e-02
-2.3200539481881687e-02
-1.5722686172083434e-02
3.0905934904048693e-02
1.2494197745378363e-01
2.1466178331810823e-01
3.0305571616815585e-01
3.9331928450376941e-01
4.8748040007231846e-01
5.8637404095126677e-01
6.9008866189141971e-01
7.9859087395476780e-01
9.1200653539083776e-01
1.0305111292132469e+00
1.1544959594340474e+00
1.2843982088202004e+00
1.4205306236052559e+00
1.5634925397728199e+00
0.0000000000000000e+00
1.3464638167935239e-01
0.0000000000000000e+00
0.0000000000000000e+00
];
