%Vec Object:sol 1 MPI processes
%  type: mpi
sol = [
0.0000000000000000e+00
-9.8595196620323378e+01
-3.7638949366425486e+01
-1.6995048527713809e+01
-9.3254004000552264e+00
-5.8176619741938040e+00
-3.9535467252068464e+00
-2.8523071644831632e+00
-2.1500581079150027e+00
-1.6764768570503565e+00
-1.3422070877263765e+00
-1.0977594794016816e+00
-9.1380120208003202e-01
-7.7196229812851636e-01
-6.6034680016510272e-01
-5.7097135827964851e-01
-4.9837300356177305e-01
-4.3860121983791139e-01
-3.8874108553824449e-01
-3.4679673341304107e-01
-3.1119404089033270e-01
-2.8066933310914116e-01
-2.5434580438520649e-01
-2.3149632167412593e-01
-2.1151363307702301e-01
-1.9394755970953942e-01
-1.7843942969698323e-01
-1.6467190162903395e-01
-1.5238615259459642e-01
-1.4139503890007538e-01
-1.3152247831667763e-01
-1.2260505504711570e-01
-1.1454184771642502e-01
-1.0722841750856431e-01
-1.0056090252430323e-01
-9.4475882199942907e-02
-8.8910259927618071e-02
-8.3799492835708228e-02
-7.9098848878005737e-02
-7.4770266196258373e-02
-7.0771324190496865e-02
-6.7068157587744273e-02
-6.3637876100302332e-02
-6.0452528800210958e-02
-5.7485320675495714e-02
-5.4722695205219052e-02
-5.2145995710537553e-02
-4.9733331926805562e-02
-4.7476985315552209e-02
-4.5363978564067549e-02
-4.3377289888840480e-02
-4.1511616438204252e-02
-3.9757868170926428e-02
-3.8103627176381230e-02
-3.6544083996655215e-02
-3.5073173986256659e-02
-3.3681722399750397e-02
-3.2365347086123208e-02
-3.1120043990976166e-02
-2.9938953119860921e-02
-2.8818089989468759e-02
-2.7754859595219439e-02
-2.6744071943627129e-02
-2.5782124086248213e-02
-2.4867384469342786e-02
-2.3995878599501357e-02
-2.3164372456315314e-02
-2.3289007069478666e-02
-2.3899411689154260e-02
-2.4535427744278936e-02
-2.5200282554327810e-02
-2.5895061150061814e-02
-2.6620475853626323e-02
-2.7380346054248342e-02
-2.8176264947999938e-02
-2.9009223090248150e-02
-2.9883753169938541e-02
-3.0802071409581563e-02
-3.1765668950749101e-02
-3.2779968298134836e-02
-3.3847981762952388e-02
-3.4972002700625789e-02
-3.6158602265298392e-02
-3.7411850288731376e-02
-3.8735264352499833e-02
-4.0136949175674473e-02
-4.1622431342065051e-02
-4.3197061485052687e-02
-4.4871060816338453e-02
-4.6652032385848911e-02
-4.8548065319035112e-02
-5.0572401265106884e-02
-5.2735703163699237e-02
-5.5050189967455983e-02
-5.7533564078319881e-02
-6.0201151645812613e-02
-6.3071515980937326e-02
-6.6169190731962951e-02
-6.9516864420715654e-02
-7.3143109795251279e-02
-7.7083345577876689e-02
-8.1372346890268968e-02
-8.6055039153907387e-02
-9.1184974105525923e-02
-9.6817664204755849e-02
-1.0302596184039818e-01
-1.0989477745274688e-01
-1.1751504916967045e-01
-1.2601185400993642e-01
-1.3552964314365887e-01
-1.4623334076502062e-01
-1.5834328342983786e-01
-1.7212128986139005e-01
-1.8788604251168947e-01
-2.0605858828990672e-01
-2.2716074632692040e-01
-2.5186277349572950e-01
-2.8105936762790340e-01
-3.1591824879406266e-01
-3.5802189424866104e-01
-4.0956097627805688e-01
-4.7358068654463792e-01
-5.5442730571264764e-01
-6.5862724631135283e-01
-7.9598464054933793e-01
-9.8192658808375821e-01
-1.2412402270425800e+00
-1.6150407944959195e+00
-2.1718041903110872e+00
-3.0124872767073363e+00
-4.1909186923935664e+00
-5.2603128665774443e+00
-5.3502790634564548e+00
-5.0158249766947005e+00
-4.5429921517271339e+00
-3.4861620090045808e+00
-2.3657906603536163e+00
-1.6452496842464217e+00
-1.2043197455350176e+00
-8.6172711583396788e-01
-6.2627698153692657e-01
-4.7325151356260553e-01
-3.7010930799613856e-01
-2.9723187163057924e-01
-2.4358294221893070e-01
-2.0299691183598387e-01
-1.7151835661838716e-01
-1.4657782627878882e-01
-1.2651950521557695e-01
-1.1012713091084368e-01
-9.6571947496060503e-02
-8.5276504847201784e-02
-7.5703522455547304e-02
-6.7564239748993185e-02
-6.0571508627868802e-02
-5.4518575129023063e-02
-4.9264126726286966e-02
-4.4654366972032039e-02
-4.0599507298650542e-02
-3.7029300079692080e-02
-3.3838708707917282e-02
-3.0996645104139846e-02
-2.8446890552292159e-02
-2.6141924245695572e-02
-2.4061608722342122e-02
-2.2158957835958459e-02
-2.0831139697767165e-02
-2.1653087901281183e-02
-2.2489783193415578e-02
-2.3355675187422081e-02
-2.4238164185787964e-02
-2.5126426980651619e-02
-2.6016443770253889e-02
-2.6883648302912535e-02
-2.7717758510791869e-02
-2.8483058682355220e-02
-2.9136886087310465e-02
-2.9629983050692230e-02
-2.9858289506127494e-02
-2.9685284848718532e-02
-2.8875598888310525e-02
-2.7001765154622027e-02
-2.3214158073894538e-02
-1.5032197979872142e-02
4.5046357602014482e-02
1.4691153373375962e-01
2.3881976329926632e-01
3.2659610613614870e-01
4.1584450461442918e-01
5.0964718593688485e-01
6.0885252788832767e-01
7.1314913844658900e-01
8.2206282261919561e-01
9.3546081835808081e-01
1.0533973776976362e+00
1.1761534697651084e+00
1.3041628956448228e+00
1.4376526496800250e+00
1.5772275131959275e+00
0.0000000000000000e+00
1.3464638167935233e-01
0.0000000000000000e+00
0.0000000000000000e+00
];
