%Vec Object:sol 1 MPI processes
%  type: mpi
sol = [
0.0000000000000000e+00
-6.0239777665247651e+01
-3.2272015860822130e+01
-1.6339100681932219e+01
-9.3108372540920357e+00
-5.9023654174365019e+00
-4.0450585465681401e+00
-2.9336687279778779e+00
-2.2188858298021432e+00
-1.7346232170591267e+00
-1.3917258721985633e+00
-1.1401177427993454e+00
-9.5051518233618981e-01
-8.0420493931037773e-01
-6.8891774557437702e-01
-5.9642698596726618e-01
-5.2120065291226692e-01
-4.5922267224745894e-01
-4.0751623821625865e-01
-3.6399514910021602e-01
-3.2702779363569073e-01
-2.9531489267190070e-01
-2.6794903328983166e-01
-2.4417957760163109e-01
-2.2338089848082368e-01
-2.0508722919813388e-01
-1.8892702306795067e-01
-1.7457268345559096e-01
-1.6175683274032260e-01
-1.5028484154254018e-01
-1.3997350208450490e-01
-1.3065139618421287e-01
-1.2221801686212742e-01
-1.1456497644983157e-01
-1.0758502940543999e-01
-1.0121270912363547e-01
-9.5382216809717382e-02
-9.0025778265886633e-02
-8.5096804200483753e-02
-8.0555611219944770e-02
-7.6358272328604468e-02
-7.2469623774070124e-02
-6.8865706956140652e-02
-6.5517519961330775e-02
-6.2397290128394955e-02
-5.9490767526508510e-02
-5.6778556946612713e-02
-5.4237977100828526e-02
-5.1860877163027654e-02
-4.9633749315225580e-02
-4.7538928983881616e-02
-4.5570828692895214e-02
-4.3719974868279797e-02
-4.1973448688185207e-02
-4.0326214844503411e-02
-3.8771945098777086e-02
-3.7301071270044367e-02
-3.5909017504582717e-02
-3.4591606450743988e-02
-3.3341667354448074e-02
-3.2155039260743132e-02
-3.1029021980201431e-02
-2.9958178511128555e-02
-2.8938739202480846e-02
-2.7969018740134188e-02
-2.7044845034539203e-02
-2.6162823915118393e-02
-2.6359812042732939e-02
-2.7109354458583732e-02
-2.7892170233816519e-02
-2.8712148728966887e-02
-2.9570917085232382e-02
-3.0469734953349113e-02
-3.1413265578321713e-02
-3.2403815317276256e-02
-3.3443082084050300e-02
-3.4536681339829657e-02
-3.5687772293858729e-02
-3.6898783595929054e-02
-3.8176539750630928e-02
-3.9525310082740114e-02
-4.0948658308481968e-02
-4.2454992954430101e-02
-4.4050078423309796e-02
-4.5739188651557960e-02
-4.7532872193562836e-02
-4.9438972949929785e-02
-5.1465315760641506e-02
-5.3625431299924392e-02
-5.5930147669990084e-02
-5.8391105503612185e-02
-6.1026123887498625e-02
-6.3850448787831748e-02
-6.6881498679518023e-02
-7.0143466564740201e-02
-7.3658353643968708e-02
-7.7452505484435566e-02
-8.1559928494019843e-02
-8.6013317483588342e-02
-9.0853195644927706e-02
-9.6129278278608746e-02
-1.0189185415648114e-01
-1.0820477062146280e-01
-1.1514401960403126e-01
-1.2279014265274420e-01
-1.3124709027112577e-01
-1.4063650924545887e-01
-1.5108830693660077e-01
-1.6278372765627974e-01
-1.7593109441032342e-01
-1.9077091667022017e-01
-2.0762079587511606e-01
-2.2686095719928615e-01
-2.4895643969733164e-01
-2.7451836619075448e-01
-3.0430811519706630e-01
-3.3930525205087347e-01
-3.8081523943782181e-01
-4.3054726517312403e-01
-4.9081803536969509e-01
-5.6483409525762629e-01
-6.5704039244994572e-01
-7.7376940486364487e-01
-9.2459358331285790e-01
-1.1238518445903549e+00
-1.3940858044053530e+00
-1.7711116103022713e+00
-2.3151495739456034e+00
-3.1253575646076683e+00
-4.3508362392218078e+00
-6.0846368312225092e+00
-7.7104089830876452e+00
-7.8765712383922226e+00
-7.3644308862439747e+00
-6.6178015448168024e+00
-4.9560760631825138e+00
-3.2808570404141353e+00
-2.1884761857581099e+00
-1.5252657102961371e+00
-1.1109216376438598e+00
-8.3977538305164923e-01
-6.5447267319162483e-01
-5.2295818204543798e-01
-4.2654232460996688e-01
-3.5393391984135203e-01
-2.9799589551319233e-01
-2.5403114361544721e-01
-2.1889039104598781e-01
-1.9038158761314808e-01
-1.6694452406074770e-01
-1.4745902305148131e-01
-1.3108854238065046e-01
-1.1720814012286004e-01
-1.0534363635913400e-01
-9.5122307076074039e-02
-8.6259092102074580e-02
-7.8525521241780957e-02
-7.1736975018952057e-02
-6.5749071255302022e-02
-6.0439937813149526e-02
-5.5711731991450374e-02
-5.1484681572000930e-02
-4.7689088633788831e-02
-4.4270107422885986e-02
-4.1179590646784642e-02
-3.8376338735607758e-02
-3.6550970238774960e-02
-3.8538041966293346e-02
-4.0703265034445928e-02
-4.3069735114293031e-02
-4.5662240050235968e-02
-4.8513330180945474e-02
-5.1658529513422480e-02
-5.5140770745992690e-02
-5.9012644163850402e-02
-6.3333769436035026e-02
-6.8180537580888809e-02
-7.3643303522849063e-02
-7.9832475778543258e-02
-8.6888227783175120e-02
-9.4980844356575944e-02
-1.0433030020832798e-01
-1.1521583862278768e-01
-1.2799586375169603e-01
-1.4314722163549248e-01
-1.6129634215819935e-01
-1.8329619712750814e-01
-2.1031899061973619e-01
-2.4399920861506361e-01
-2.8668444778321234e-01
-3.4176546760433063e-01
-4.1425788005342312e-01
-5.1163186111226699e-01
-6.4467816428246227e-01
-8.2730859420527458e-01
-1.0690125029353952e+00
-1.3418503270502653e+00
-1.5284008302133325e+00
-1.5418838922261737e+00
0.0000000000000000e+00
1.3464638167935264e-01
0.0000000000000000e+00
0.0000000000000000e+00
];
