%Vec Object:sol 1 MPI processes
%  type: mpi
sol = [
0.0000000000000000e+00
-1.0395067153059358e+02
-3.7959552696617514e+01
-1.6951662131889062e+01
-9.2670666157783792e+00
-5.7707309937246576e+00
-3.9161636782609781e+00
-2.8224369074887727e+00
-2.1258198017132797e+00
-1.6558605620681415e+00
-1.3247539502904380e+00
-1.0824615788583669e+00
-9.0027647369795383e-01
-7.5996288541332746e-01
-6.4957092047109055e-01
-5.6114784817948504e-01
-4.8935879923677489e-01
-4.3028177403252077e-01
-3.8104650078185165e-01
-3.3965064198353101e-01
-3.0452577932689867e-01
-2.7442124935253687e-01
-2.4846938945453526e-01
-2.2594688212656455e-01
-2.0625256662430230e-01
-1.8894742511198104e-01
-1.7367618945927429e-01
-1.6012473611836439e-01
-1.4803692855853900e-01
-1.3722744134362852e-01
-1.2752208319513797e-01
-1.1875937934566419e-01
-1.1083934417178540e-01
-1.0365872084396509e-01
-9.7115021262555154e-02
-9.1146297790599143e-02
-8.5690014980989021e-02
-8.0681572835990270e-02
-7.6076782737637183e-02
-7.1838034320912625e-02
-6.7923564405058243e-02
-6.4299995903940921e-02
-6.0944665467190344e-02
-5.7830061846023573e-02
-5.4929856108147844e-02
-5.2230568874415829e-02
-4.9713832292191638e-02
-4.7358212291080060e-02
-4.5155966930889170e-02
-4.3094318191119342e-02
-4.1156643348779970e-02
-3.9337599373522866e-02
-3.7628230720282159e-02
-3.6016427159865111e-02
-3.4497378734506569e-02
-3.3065092563808941e-02
-3.1710632458238144e-02
-3.0429646984923658e-02
-2.9218158270188654e-02
-2.8069492174127336e-02
-2.6979718434730515e-02
-2.5946235317505065e-02
-2.4963998352255996e-02
-2.4029475670299921e-02
-2.3141005417415681e-02
-2.2294727699240333e-02
-2.1487490779677099e-02
-2.1567592968713231e-02
-2.2095762803131021e-02
-2.2644957289068856e-02
-2.3217963184621909e-02
-2.3815544897298944e-02
-2.4438100090637783e-02
-2.5088889609626797e-02
-2.5768955341824874e-02
-2.6478974839154588e-02
-2.7222775569828758e-02
-2.8001997666919121e-02
-2.8817574612084802e-02
-2.9674007656246896e-02
-3.0573529699065922e-02
-3.1517663414321377e-02
-3.2511775376659738e-02
-3.3558873646485847e-02
-3.4661389474722332e-02
-3.5825826152854054e-02
-3.7056243486625021e-02
-3.8356433724909343e-02
-3.9734446244379835e-02
-4.1195821473071825e-02
-4.2746373965758415e-02
-4.4396330444193784e-02
-4.6153390137606415e-02
-4.8026389784212073e-02
-5.0028731750474065e-02
-5.2171373407269100e-02
-5.4467740225695387e-02
-5.6936039017572805e-02
-5.9592322189538506e-02
-6.2457156715310137e-02
-6.5556311486044572e-02
-6.8914119895119114e-02
-7.2562640206685347e-02
-7.6540077876317822e-02
-8.0884819280322873e-02
-8.5648223019300765e-02
-9.0890002200998563e-02
-9.6673628212962825e-02
-1.0308465593659064e-01
-1.1022226543756507e-01
-1.1819750898216858e-01
-1.2716070277278177e-01
-1.3728775894866246e-01
-1.4879022059550243e-01
-1.6194849312292917e-01
-1.7710522077305840e-01
-1.9469647124347497e-01
-2.1530168605542660e-01
-2.3966659335121576e-01
-2.6877799546024006e-01
-3.0401117569389119e-01
-3.4723520346341025e-01
-4.0110431573430938e-01
-4.6944648396998989e-01
-5.5786364645904640e-01
-6.7480903545469129e-01
-8.3301641362104784e-01
-1.0512866345817726e+00
-1.3544781301154853e+00
-1.7572848183018546e+00
-2.1897221763343135e+00
-2.4005405547920908e+00
-2.3070761802297812e+00
-2.1512544691537099e+00
-1.9934875191012131e+00
-1.7147939685885982e+00
-1.3242202400821874e+00
-9.7406161103464972e-01
-7.1886561164159002e-01
-5.4229040384072280e-01
-4.1951963780903812e-01
-3.3227034776986564e-01
-2.6870552119574259e-01
-2.2124682263479450e-01
-1.8502069474938115e-01
-1.5682163054076312e-01
-1.3447889308194233e-01
-1.1650619570686319e-01
-1.0185002520440722e-01
-8.9749556573943415e-02
-7.9653763103803746e-02
-7.1146468671794014e-02
-6.3914662094439259e-02
-5.7719742719721280e-02
-5.2372425176182798e-02
-4.7727970285915598e-02
-4.3669659005504000e-02
-4.0102557398774587e-02
-3.6952751527962874e-02
-3.4157422334916705e-02
-3.1665915559165057e-02
-2.9436905075868044e-02
-2.7433978795885158e-02
-2.5628856465174127e-02
-2.3996450245681811e-02
-2.2515165395217265e-02
-2.1594187552944531e-02
-2.2926192556256376e-02
-2.4389007292424155e-02
-2.6000332285722551e-02
-2.7779384729606216e-02
-2.9751124040221819e-02
-3.1943130605813226e-02
-3.4388608959305962e-02
-3.7128212749415440e-02
-4.0208516652462417e-02
-4.3688797038883946e-02
-4.7639597369120462e-02
-5.2146883905081931e-02
-5.7319671361304295e-02
-6.3290505270224034e-02
-7.0229958062661871e-02
-7.8354083507581357e-02
-8.7938892906622171e-02
-9.9349357928771365e-02
-1.1306111336930755e-01
-1.2971455292966810e-01
-1.5017696188464397e-01
-1.7563271582487333e-01
-2.0773570262587862e-01
-2.4878112235472921e-01
-3.0195118790871806e-01
-3.7146579945566288e-01
-4.6212584487716796e-01
-5.7635210788345803e-01
-7.0314047802916868e-01
-7.9339886023387984e-01
-7.6699181944267758e-01
-6.1805949034702512e-01
0.0000000000000000e+00
1.3464638167935275e-01
0.0000000000000000e+00
0.0000000000000000e+00
];
