%Vec Object:sol 1 MPI processes
%  type: mpi
sol = [
0.0000000000000000e+00
-1.0431954029657251e+02
-3.8011561727599585e+01
-1.6967274831410489e+01
-9.2764611332455509e+00
-5.7777850205758874e+00
-3.9221090890238011e+00
-2.8275246783430732e+00
-2.1302391129007172e+00
-1.6599030357569720e+00
-1.3283694959736989e+00
-1.0857749166665334e+00
-9.0334899991234963e-01
-7.6282296199597743e-01
-6.5218288839358696e-01
-5.6360086028550005e-01
-4.9166964592774898e-01
-4.3246491500134221e-01
-3.8311418210604054e-01
-3.4161395325471072e-01
-3.0639440125403361e-01
-2.7619845602275478e-01
-2.5015549691756511e-01
-2.2755557260517770e-01
-2.0779619509753014e-01
-1.9043088527977423e-01
-1.7510398532908417e-01
-1.6150081323591106e-01
-1.4936476022946799e-01
-1.3851034013735761e-01
-1.2876302891641550e-01
-1.1996089338091628e-01
-1.1200392724792424e-01
-1.0478865823793818e-01
-9.8212236190255250e-02
-9.2212693762180914e-02
-8.6727369687130712e-02
-8.1691416226841299e-02
-7.7060575123020295e-02
-7.2797185388367200e-02
-6.8859316596082853e-02
-6.5213486017397584e-02
-6.1837030455107800e-02
-5.8702329174989402e-02
-5.5782921904810247e-02
-5.3065364011781052e-02
-5.0531219610841269e-02
-4.8158906561708861e-02
-4.5940740645826164e-02
-4.3863898373444038e-02
-4.1911621015664549e-02
-4.0078616124182953e-02
-3.8355899691343676e-02
-3.6731188970426411e-02
-3.5199584911932286e-02
-3.3755295672565536e-02
-3.2389300283143574e-02
-3.1097248867010551e-02
-2.9875165512035711e-02
-2.8716310442959823e-02
-2.7616741836106549e-02
-2.6573870479213713e-02
-2.5582600860690096e-02
-2.4639380327755710e-02
-2.3742566869329101e-02
-2.2888260682727191e-02
-2.2073283086412748e-02
-2.2169679169250434e-02
-2.2727365180979540e-02
-2.3307724731004686e-02
-2.3913708181966583e-02
-2.4546194206086468e-02
-2.5205691509062905e-02
-2.5895667871640729e-02
-2.6617440756303179e-02
-2.7371734634796356e-02
-2.8162632695351120e-02
-2.8991982260360812e-02
-2.9860916556638247e-02
-3.0774277651145026e-02
-3.1734581320337844e-02
-3.2743628041853032e-02
-3.3807229495348222e-02
-3.4928780310963463e-02
-3.6111105762007489e-02
-3.7361300522886665e-02
-3.8683960038954912e-02
-4.0083445006837887e-02
-4.1568606871578602e-02
-4.3145741624571715e-02
-4.4821497724498879e-02
-4.6607216206059718e-02
-4.8511685562051418e-02
-5.0544988277642172e-02
-5.2722118431561722e-02
-5.5055644891420251e-02
-5.7560893740501058e-02
-6.0258419178181519e-02
-6.3166731282977395e-02
-6.6309371155203717e-02
-6.9715699068726392e-02
-7.3413932859857547e-02
-7.7440931540824140e-02
-8.1840634356509692e-02
-8.6657830375860403e-02
-9.1951935186893707e-02
-9.7792284527127377e-02
-1.0425344721606342e-01
-1.1143517888075999e-01
-1.1945380234001322e-01
-1.2844082146145827e-01
-1.3857319549198538e-01
-1.5005960574022592e-01
-1.6315257822637891e-01
-1.7818645409642916e-01
-1.9556876698745709e-01
-2.1582429280830867e-01
-2.3965705251576830e-01
-2.6797562288970506e-01
-3.0200573789509405e-01
-3.4343577818422771e-01
-3.9459595303928591e-01
-4.5883014832003999e-01
-5.4102617503791317e-01
-6.4846780851865515e-01
-7.9231516278792757e-01
-9.9032356509546726e-01
-1.2705310266067404e+00
-1.6753391558870705e+00
-2.2540689328229209e+00
-2.9763993189639035e+00
-3.4822838810608290e+00
-3.4341595535086538e+00
-3.2145862582918001e+00
-2.9540950795128382e+00
-2.4201534823801474e+00
-1.7510120423195130e+00
-1.2289615180784221e+00
-8.7997306164148126e-01
-6.5016944147600386e-01
-4.9515914536867084e-01
-3.8720846453419194e-01
-3.0966105794229554e-01
-2.5236955025706204e-01
-2.0899879500896792e-01
-1.7546644717954890e-01
-1.4905100549022574e-01
-1.2790865869940751e-01
-1.1074295787472239e-01
-9.6628429783096131e-02
-8.4896602226306628e-02
-7.5045507632573699e-02
-6.6699096147048983e-02
-5.9571499414198405e-02
-5.3437379760341013e-02
-4.8124336557123004e-02
-4.3493981303001403e-02
-3.9434326777962936e-02
-3.5857852638392321e-02
-3.2690799847255148e-02
-2.9873662871462769e-02
-2.7357820370061972e-02
-2.5100939497490045e-02
-2.3069730448133322e-02
-2.1234958126497255e-02
-1.9571584175218051e-02
-1.8422946601252477e-02
-1.9177435742944848e-02
-1.9982123075612195e-02
-2.0841601270608554e-02
-2.1759589380521190e-02
-2.2742076209543136e-02
-2.3793897029296452e-02
-2.4920513299537005e-02
-2.6128330579798142e-02
-2.7421758840628026e-02
-2.8806923756361961e-02
-3.0287503533913861e-02
-3.1864521053416375e-02
-3.3536733705594672e-02
-3.5293360679002773e-02
-3.7113864494777458e-02
-3.8956486644215360e-02
-4.0742579943791379e-02
-4.2334907636981833e-02
-4.3480583043307520e-02
-4.3717794703322273e-02
-4.2157361993714018e-02
-3.6936067449372598e-02
-2.3383821658638372e-02
1.7563933926219959e-02
8.2345621162867963e-02
1.5799192957045913e-01
2.4584687914584577e-01
3.4721535193398145e-01
4.6336758904429148e-01
5.9546384970519606e-01
7.4453313442582525e-01
9.1160465924761214e-01
0.0000000000000000e+00
1.3464638167935247e-01
0.0000000000000000e+00
0.0000000000000000e+00
];
