%Vec Object:sol 1 MPI processes
%  type: mpi
sol = [
0.0000000000000000e+00
-5.6335149894908213e+01
-3.1351495873893402e+01
-1.6154009923949726e+01
-9.2624752668456960e+00
-5.8885444770840731e+00
-4.0414428348473432e+00
-2.9337562789782043e+00
-2.2201283674798704e+00
-1.7363238734339614e+00
-1.3935289754880011e+00
-1.1418755230237752e+00
-9.5217969644985612e-01
-8.0576156701173696e-01
-6.9036697106227918e-01
-5.9780269590389601e-01
-5.2247585656725570e-01
-4.6040827855388211e-01
-4.0862236646943800e-01
-3.6503044677563717e-01
-3.2799984871429982e-01
-2.9623052992288945e-01
-2.6881400982780912e-01
-2.4499889379915088e-01
-2.2415900405972342e-01
-2.0582798500813448e-01
-1.8963377427906533e-01
-1.7524840617768256e-01
-1.6240417899932483e-01
-1.5090611682040481e-01
-1.4057180744798917e-01
-1.3123259096567302e-01
-1.2278290654996338e-01
-1.1511076983887994e-01
-1.0811234472051783e-01
-1.0172283732712617e-01
-9.5876322962279964e-02
-9.0504925416609705e-02
-8.5561955826618089e-02
-8.1007643105870761e-02
-7.6797986061058018e-02
-7.2897753354455419e-02
-6.9282926177547555e-02
-6.5924448385974957e-02
-6.2794496757833357e-02
-5.9878781341228780e-02
-5.7157867549439835e-02
-5.4609032075804920e-02
-5.2224099230414919e-02
-4.9989532376624776e-02
-4.7887630995917078e-02
-4.5912792058599522e-02
-4.4055520877484225e-02
-4.2302869272634630e-02
-4.0649789986052863e-02
-3.9089940398091619e-02
-3.7613728379598081e-02
-3.6216567625612088e-02
-3.4894271805060474e-02
-3.3639650652839637e-02
-3.2448533141884194e-02
-3.1318214404304538e-02
-3.0243241535512430e-02
-2.9219834691522228e-02
-2.8246307255408359e-02
-2.7318474135422405e-02
-2.6432930708019595e-02
-2.6637435505250159e-02
-2.7400570689219465e-02
-2.8197740978155035e-02
-2.9032899535042518e-02
-2.9907727973494062e-02
-3.0823541333388070e-02
-3.1785084399036906e-02
-3.2794734753169436e-02
-3.3854261625399756e-02
-3.4969385341512248e-02
-3.6143358852714219e-02
-3.7378704809204195e-02
-3.8682383755388322e-02
-4.0058789500229515e-02
-4.1511612361976598e-02
-4.3049439364570119e-02
-4.4678202144583387e-02
-4.6403348597405233e-02
-4.8235664807526682e-02
-5.0183222587982704e-02
-5.2254090404188012e-02
-5.4462120476918723e-02
-5.6818456959711980e-02
-5.9335088249844459e-02
-6.2030277636757766e-02
-6.4919718477803937e-02
-6.8021335711457021e-02
-7.1359950823898538e-02
-7.4958213785917729e-02
-7.8843224248126176e-02
-8.3049903016395588e-02
-8.7611912661139782e-02
-9.2570928139621922e-02
-9.7978039013687193e-02
-1.0388502595017896e-01
-1.1035754938344751e-01
-1.1747374668992348e-01
-1.2531655040971681e-01
-1.3399287063625312e-01
-1.4362844870607147e-01
-1.5436263192865007e-01
-1.6637723410492236e-01
-1.7988213692292798e-01
-1.9512348732336815e-01
-2.1243240440255912e-01
-2.3220014729660515e-01
-2.5490532718972664e-01
-2.8117659942654000e-01
-3.1179730173627551e-01
-3.4777515457178487e-01
-3.9045271872601384e-01
-4.4158762083128650e-01
-5.0356153310125429e-01
-5.7966971433240266e-01
-6.7450052234047020e-01
-7.9458124134712083e-01
-9.4961746017186399e-01
-1.1543715997928030e+00
-1.4319177983041262e+00
-1.8190470435349508e+00
-2.3766982254392506e+00
-3.2059064008724496e+00
-4.4558840118249323e+00
-6.2129603181462754e+00
-7.8408134402058902e+00
-7.9958901907903499e+00
-7.4776985282731285e+00
-6.7274302542430462e+00
-5.0548279859737404e+00
-3.3551689178967452e+00
-2.2413172260985568e+00
-1.5637093215024165e+00
-1.1399455085974184e+00
-8.6239697715735975e-01
-6.7261174350339115e-01
-5.3786672396247404e-01
-4.3907426567718560e-01
-3.6464829751212796e-01
-3.0727478737328651e-01
-2.6216857348109829e-01
-2.2610490553825729e-01
-1.9683881921840479e-01
-1.7277217208179221e-01
-1.5275740519910841e-01
-1.3593738119800255e-01
-1.2167168482168357e-01
-1.0947434389822540e-01
-9.8963274759840611e-02
-8.9846254797503036e-02
-8.1889025985296696e-02
-7.4902243638461125e-02
-6.8737850370876638e-02
-6.3271195096049435e-02
-5.8401739505987843e-02
-5.4047293540468375e-02
-5.0136332336974239e-02
-4.6612611401176215e-02
-4.3426720408144548e-02
-4.0536361731541432e-02
-3.8673416525776071e-02
-4.0847715932613812e-02
-4.3221549676997366e-02
-4.5821188801001944e-02
-4.8674845820373000e-02
-5.1819461614817923e-02
-5.5296024678276941e-02
-5.9153801881613684e-02
-6.3453143561132019e-02
-6.8262921339597493e-02
-7.3671163268682310e-02
-7.9782477668822238e-02
-8.6725042160633051e-02
-9.4661693040169956e-02
-1.0379125153474789e-01
-1.1437084462504868e-01
-1.2672811104675147e-01
-1.4128530625540081e-01
-1.5860575297821344e-01
-1.7943356454866458e-01
-2.0478652620656504e-01
-2.3607202647139833e-01
-2.7526802989032678e-01
-3.2524116970697969e-01
-3.9019744414441399e-01
-4.7644784807643592e-01
-5.9365196249743557e-01
-7.5649006070783142e-01
-9.8592245194748862e-01
-1.3035811556884920e+00
-1.6942853647432079e+00
-2.0096540390567585e+00
-2.0737418954729869e+00
0.0000000000000000e+00
1.3464638167935275e-01
0.0000000000000000e+00
0.0000000000000000e+00
];
