%Vec Object:sol 1 MPI processes
%  type: mpi
sol = [
0.0000000000000000e+00
-8.0645606110839040e+01
-3.5850870977912216e+01
-1.6896903426618575e+01
-9.3964363402868347e+00
-5.8965798762625967e+00
-4.0191367214744442e+00
-2.9054018708213323e+00
-2.1930424142081084e+00
-1.7117273412746272e+00
-1.3716468025437174e+00
-1.1227390953627712e+00
-9.3528068718508461e-01
-7.9063906743583556e-01
-6.7676868575695248e-01
-5.8555214862546867e-01
-5.1142985046779765e-01
-4.5038195850607643e-01
-3.9946515717558606e-01
-3.5659699421413227e-01
-3.2019222707867806e-01
-2.8897219737273133e-01
-2.6204123037155996e-01
-2.3865757810444937e-01
-2.1820246990205353e-01
-2.0021627054646185e-01
-1.8433258223750729e-01
-1.7022780117492434e-01
-1.5763792065607171e-01
-1.4637143578586961e-01
-1.3624862823583817e-01
-1.2710298753419511e-01
-1.1883102188721480e-01
-1.1132606863881295e-01
-1.0448228768184620e-01
-9.8235556920432801e-02
-9.2521194344844515e-02
-8.7272365483854683e-02
-8.2443331857966359e-02
-7.7995156457323980e-02
-7.3884559901404009e-02
-7.0076951332210480e-02
-6.6548873182578364e-02
-6.3271788384610034e-02
-6.0218054183447424e-02
-5.7373525574774382e-02
-5.4719731841424923e-02
-5.2234316193982507e-02
-4.9909335851012225e-02
-4.7731505777146591e-02
-4.5683411707894965e-02
-4.3759605608339504e-02
-4.1950777080553198e-02
-4.0244205165425331e-02
-3.8634960642548052e-02
-3.7116830307856834e-02
-3.5680403343684219e-02
-3.4321191123091739e-02
-3.3035094303363426e-02
-3.1815067808566050e-02
-3.0657027464074397e-02
-2.9558322579418098e-02
-2.8513617019955785e-02
-2.7519211985588977e-02
-2.6573449749409034e-02
-2.5672239624042116e-02
-2.4812254574559579e-02
-2.4975995810649760e-02
-2.5662192517318400e-02
-2.6378168642840549e-02
-2.7127520564967800e-02
-2.7911626765647294e-02
-2.8731493747744859e-02
-2.9591410502786224e-02
-3.0493357880876308e-02
-3.1438707652669338e-02
-3.2432594090740730e-02
-3.3477747556316870e-02
-3.4576166378058271e-02
-3.5734050925810716e-02
-3.6955100501180976e-02
-3.8242298639450834e-02
-3.9603234836739241e-02
-4.1042906951593676e-02
-4.2565790794609773e-02
-4.4181344660481625e-02
-4.5896366658517852e-02
-4.7717562620476821e-02
-4.9656986356996557e-02
-5.1724013969593322e-02
-5.3928686850087545e-02
-5.6286782004840864e-02
-5.8811487183515386e-02
-6.1517888914383319e-02
-6.4427287299747116e-02
-6.7558694144155759e-02
-7.0934977999372331e-02
-7.4585929671374257e-02
-7.8539776544203466e-02
-8.2831722289471291e-02
-8.7505134117131830e-02
-9.2603399079916229e-02
-9.8181973813609866e-02
-1.0430691594109437e-01
-1.1104767758057756e-01
-1.1849447665013764e-01
-1.2675328268991878e-01
-1.3594076042267109e-01
-1.4621015430695583e-01
-1.5774203706696815e-01
-1.7074414831489865e-01
-1.8549207915461208e-01
-2.0230812408934998e-01
-2.2159601812489091e-01
-2.4388738211870631e-01
-2.6984043726390117e-01
-3.0030209804978647e-01
-3.3640254236795936e-01
-3.7962115980691841e-01
-4.3196513331577591e-01
-4.9621623056293873e-01
-5.7625322965189218e-01
-6.7768380641332449e-01
-8.0868726998260487e-01
-9.8191116226122299e-01
-1.2172065925799551e+00
-1.5466951792343517e+00
-2.0240192579524923e+00
-2.7406850158445879e+00
-3.8392695393654699e+00
-5.4339875524878547e+00
-7.0068190099439676e+00
-7.2118704900874979e+00
-6.7368590696425343e+00
-6.0251379424640028e+00
-4.4536674701457244e+00
-2.9184267653550537e+00
-1.9350212062598326e+00
-1.3427711452152093e+00
-9.7432650584880842e-01
-7.3393323115415177e-01
-5.7000413856985277e-01
-4.5386082927151727e-01
-3.6884064072378903e-01
-3.0487941085260001e-01
-2.5564642362890361e-01
-2.1698120113487671e-01
-1.8609864401585816e-01
-1.6106304191085116e-01
-1.4049686888186452e-01
-1.2341220882122310e-01
-1.0907162009623518e-01
-9.6923124731447624e-02
-8.6549018299073549e-02
-7.7620463194714301e-02
-6.9885934158549198e-02
-6.3143922998623217e-02
-5.7231372960933426e-02
-5.2020835458407029e-02
-4.7405173702393971e-02
-4.3297603170690133e-02
-3.9627389871849383e-02
-3.6333049831729546e-02
-3.3365939640741422e-02
-3.0683556124272655e-02
-2.8249451822439861e-02
-2.6559667527462302e-02
-2.7616928398669995e-02
-2.8737615045173599e-02
-2.9926378534395930e-02
-3.1186205489128840e-02
-3.2522393450854108e-02
-3.3938003832797180e-02
-3.5435887496784543e-02
-3.7018629265214091e-02
-3.8684409803410341e-02
-4.0430805531703536e-02
-4.2248472745438886e-02
-4.4119244837238912e-02
-4.6013697554837370e-02
-4.7878171744576516e-02
-4.9627004195924800e-02
-5.1115855030209517e-02
-5.2099228315958514e-02
-5.2154614427007473e-02
-5.0501872944714664e-02
-4.5572723392307161e-02
-3.3461357424587800e-02
1.3469198799654598e-02
1.2017609693441821e-01
2.2388704039085108e-01
3.2479233568714055e-01
4.2306007503993409e-01
5.1884874045045581e-01
6.1225311398495119e-01
7.0338727752394659e-01
7.9231551335599870e-01
8.7901789117032469e-01
9.6355824837930992e-01
0.0000000000000000e+00
1.3464638167935275e-01
0.0000000000000000e+00
0.0000000000000000e+00
];
