%Vec Object:sol 1 MPI processes
%  type: mpi
sol = [
0.0000000000000000e+00
-5.0770226451448679e+01
-2.9874460867408576e+01
-1.5826893046365598e+01
-9.1696062348670999e+00
-5.8566858743145875e+00
-4.0297163717469395e+00
-2.9282823477702986e+00
-2.2189286526549634e+00
-1.7361189791691058e+00
-1.3941284637184650e+00
-1.1431183495404622e+00
-9.5349617798272468e-01
-8.0702417617564626e-01
-6.9156975053247594e-01
-5.9898861980866258e-01
-5.2368819320519300e-01
-4.6162082322008802e-01
-4.0981967519126911e-01
-3.6620298000286550e-01
-3.2914005754445508e-01
-2.9730847161681628e-01
-2.6983661142859700e-01
-2.4597203547338772e-01
-2.2508783254842149e-01
-2.0671686290717248e-01
-1.9048639613573556e-01
-1.7606802874295058e-01
-1.6319368273077889e-01
-1.5166795499108690e-01
-1.4130815509648270e-01
-1.3194543711204693e-01
-1.2347382781307298e-01
-1.1578477456589087e-01
-1.0877093034771099e-01
-1.0236662910247267e-01
-9.6505928968530233e-02
-9.1120950950284080e-02
-8.6164977725948125e-02
-8.1598209873996727e-02
-7.7376627548769589e-02
-7.3464975742097899e-02
-6.9839209695823745e-02
-6.6470251127458455e-02
-6.3330252940638931e-02
-6.0404906571084035e-02
-5.7674757378623098e-02
-5.5117054942707550e-02
-5.2723613675609404e-02
-5.0480880249005267e-02
-4.8371125314946840e-02
-4.6388741507757576e-02
-4.4524220922785053e-02
-4.2764588940175027e-02
-4.1104794185826389e-02
-3.9538485467343606e-02
-3.8056047321973395e-02
-3.6652887999495357e-02
-3.5324817037413053e-02
-3.4064624066852393e-02
-3.2868130654532403e-02
-3.1732631749453941e-02
-3.0652657371450863e-02
-2.9624418256571017e-02
-2.8646230924313502e-02
-2.7713895867579261e-02
-2.6823997299756003e-02
-2.7040107596143982e-02
-2.7823689938479827e-02
-2.8642461854984768e-02
-2.9500473053543929e-02
-3.0399488097724470e-02
-3.1340906459589035e-02
-3.2329596442810700e-02
-3.3368044069760225e-02
-3.4458127299303122e-02
-3.5605725481703772e-02
-3.6814234299295652e-02
-3.8086319720349919e-02
-3.9429148813061130e-02
-4.0847304979700780e-02
-4.2344671572946642e-02
-4.3930106953203971e-02
-4.5609797211551513e-02
-4.7389478920183491e-02
-4.9279671164469213e-02
-5.1289112813456508e-02
-5.3426421584024809e-02
-5.5705925207016123e-02
-5.8139233822319974e-02
-6.0738848063129014e-02
-6.3523686622340869e-02
-6.6510101059033100e-02
-6.9716760924892388e-02
-7.3169412634008973e-02
-7.6891658283224459e-02
-8.0911703767442764e-02
-8.5265811708311476e-02
-8.9989060966059256e-02
-9.5124811715255844e-02
-1.0072616350099617e-01
-1.0684707326087034e-01
-1.1355584583764862e-01
-1.2093374450643148e-01
-1.2906717620875893e-01
-1.3806735123766634e-01
-1.4806509174715057e-01
-1.5920554927854377e-01
-1.7167784766891211e-01
-1.8570542901450665e-01
-2.0154664931894067e-01
-2.1954197906957965e-01
-2.4009939090003518e-01
-2.6371808720446677e-01
-2.9105334245664127e-01
-3.2292189881326128e-01
-3.6037438000763322e-01
-4.0480996160304517e-01
-4.5805276787448185e-01
-5.2251619257417048e-01
-6.0166958636735146e-01
-7.0027065891135365e-01
-8.2518185835001223e-01
-9.8651259131088442e-01
-1.1995060010142879e+00
-1.4875375449312955e+00
-1.8889844577739956e+00
-2.4665919787163890e+00
-3.3220825813114452e+00
-4.6047695469548824e+00
-6.3901612102020771e+00
-8.0092103690667464e+00
-8.1446847004554073e+00
-7.6194123511020910e+00
-6.8669042324172915e+00
-5.1880123981103923e+00
-3.4585808478725468e+00
-2.3161914054768671e+00
-1.6184772129186700e+00
-1.1812547825863098e+00
-8.9459760416070355e-01
-6.9844295523986200e-01
-5.5908356290910621e-01
-4.5681825277054128e-01
-3.7974547508933953e-01
-3.2032352586436258e-01
-2.7358680086691184e-01
-2.3620396926216411e-01
-2.0585507548712004e-01
-1.8088807055070685e-01
-1.6011637968999295e-01
-1.4265348290312382e-01
-1.2783685450347865e-01
-1.1516364693430491e-01
-1.0423838630777804e-01
-9.4758580481665841e-02
-8.6481675074424100e-02
-7.9211125765281318e-02
-7.2793398968436993e-02
-6.7100206972736012e-02
-6.2027312713464795e-02
-5.7489504085731939e-02
-5.3412571067390072e-02
-4.9738196713921802e-02
-4.6415114452499517e-02
-4.3399419164764072e-02
-4.1477333907383028e-02
-4.3888631165548246e-02
-4.6525758504413033e-02
-4.9418792567375906e-02
-5.2600513688197473e-02
-5.6113389730681862e-02
-6.0004451367049488e-02
-6.4330556052718826e-02
-6.9161335692572448e-02
-7.4576681742676315e-02
-8.0678467575248033e-02
-8.7588198304055981e-02
-9.5455053519992630e-02
-1.0446859484313753e-01
-1.1486116461402791e-01
-1.2693342233361191e-01
-1.4106951444319418e-01
-1.5776597760262870e-01
-1.7768641651674547e-01
-2.0171084025909988e-01
-2.3104662305850307e-01
-2.6737050494457071e-01
-3.1304944112151400e-01
-3.7151814428195262e-01
-4.4789957014758480e-01
-5.4998491321685283e-01
-6.8988955462132551e-01
-8.8659222506204760e-01
-1.1687569586153408e+00
-1.5722780250628778e+00
-2.1000402890817296e+00
-2.5790245685212234e+00
-2.7134610630754028e+00
0.0000000000000000e+00
1.3464638167935247e-01
0.0000000000000000e+00
0.0000000000000000e+00
];
