%Vec Object:sol 1 MPI processes
%  type: mpi
sol = [
0.0000000000000000e+00
-5.4184001218831000e+01
-3.0800084281271996e+01
-1.6036048945410872e+01
-9.2303976222433093e+00
-5.8798138375850435e+00
-4.0384228423095569e+00
-2.9323502648976540e+00
-2.2205999287368710e+00
-1.7367651536817004e+00
-1.3940841373934287e+00
-1.1427097861885525e+00
-9.5308640899825503e-01
-8.0649421967490575e-01
-6.9097531708837001e-01
-5.9836262155427322e-01
-5.2305067850993214e-01
-4.6098383489063399e-01
-4.0919024613352278e-01
-3.6558553478175537e-01
-3.2853924956305430e-01
-2.9675286353202046e-01
-2.6930281527112315e-01
-2.4545198407493043e-01
-2.2458145290625917e-01
-2.0622391247925159e-01
-1.9000654693598357e-01
-1.7560083528054879e-01
-1.6273863170777095e-01
-1.5122456496014514e-01
-1.4087592980172475e-01
-1.3152384506426670e-01
-1.2306239503647634e-01
-1.1538304051527117e-01
-1.0837842791004626e-01
-1.0198293270801013e-01
-9.6130635847756926e-02
-9.0753668552760361e-02
-8.5805338656775212e-02
-8.1245870307156451e-02
-7.7031259018292816e-02
-7.3126267591830510e-02
-6.9506870460166140e-02
-6.6144004674067475e-02
-6.3009838812148458e-02
-6.0090077561632559e-02
-5.7365279309282841e-02
-5.4812710134276035e-02
-5.2424191625504102e-02
-5.0186180887317952e-02
-4.8080965692077302e-02
-4.6102941910600825e-02
-4.4242609697360151e-02
-4.2487010042275966e-02
-4.0831094248056435e-02
-3.9268516272872658e-02
-3.7789674391942120e-02
-3.6389980105026913e-02
-3.5065245367956951e-02
-3.3808271632191723e-02
-3.2614884785641438e-02
-3.1482379785590917e-02
-3.0405296684053076e-02
-2.9379851710025200e-02
-2.8404359372724040e-02
-2.7474628630958418e-02
-2.6587250238684440e-02
-2.6796220656600537e-02
-2.7567304188380489e-02
-2.8372871504626418e-02
-2.9216913516879946e-02
-3.0101144111859421e-02
-3.1026911156039092e-02
-3.1999007726018380e-02
-3.3019853652757399e-02
-3.4091260492944184e-02
-3.5219010752110876e-02
-3.6406413057587260e-02
-3.7656045934116013e-02
-3.8974950701117395e-02
-4.0367595210544789e-02
-4.1837745153648839e-02
-4.3394093703356000e-02
-4.5042672130944574e-02
-4.6789032074706069e-02
-4.8644101126506023e-02
-5.0616087140419069e-02
-5.2713204144087977e-02
-5.4949496174084879e-02
-5.7336306265019725e-02
-5.9885272552514843e-02
-6.2614772789757453e-02
-6.5541295300087440e-02
-6.8683043643309447e-02
-7.2065186520781088e-02
-7.5710729294409293e-02
-7.9647184554486453e-02
-8.3909974697154582e-02
-8.8533289088066375e-02
-9.3559429760296367e-02
-9.9040234170461788e-02
-1.0502828913831465e-01
-1.1159023515185473e-01
-1.1880536665676014e-01
-1.2675789690874212e-01
-1.3555632169486106e-01
-1.4532825164439253e-01
-1.5621516084186807e-01
-1.6840154417366690e-01
-1.8210531838173261e-01
-1.9757832395867289e-01
-2.1515268620908437e-01
-2.3522626366471672e-01
-2.5828582026192370e-01
-2.8497056979008911e-01
-3.1607714459367414e-01
-3.5263039617339842e-01
-3.9599556358405658e-01
-4.4796008463826303e-01
-5.1089514550688808e-01
-5.8814587925561657e-01
-6.8438287718518842e-01
-8.0631449366029018e-01
-9.6382982464394240e-01
-1.1718529478859037e+00
-1.4534009107830201e+00
-1.8460335718353480e+00
-2.4117282638202560e+00
-3.2511590076382850e+00
-4.5142500929293181e+00
-6.2840717419508012e+00
-7.9104361277113631e+00
-8.0588141364261610e+00
-7.5373808565741935e+00
-6.7851441344842041e+00
-5.1084211361058367e+00
-3.3956423001336891e+00
-2.2704471593504909e+00
-1.5850227506080115e+00
-1.1559330968021106e+00
-8.7488311520679829e-01
-6.8265599466810978e-01
-5.4611578423382490e-01
-4.4595832275902791e-01
-3.7050615510615131e-01
-3.1234806156533196e-01
-2.6661617908233326e-01
-2.3004548895947136e-01
-2.0036262082124381e-01
-1.7594896692274525e-01
-1.5564213435438257e-01
-1.3857379078650556e-01
-1.2409508554206496e-01
-1.1171360103950013e-01
-1.0104072953086242e-01
-9.1781531606171807e-02
-8.3699180757498270e-02
-7.6601628477173236e-02
-7.0338712892781208e-02
-6.4783989756536403e-02
-5.9835474770489776e-02
-5.5409797837692690e-02
-5.1434385030080895e-02
-4.7852184201338813e-02
-4.4613061193176901e-02
-4.1674091560957069e-02
-3.9788788863236571e-02
-4.2058645104107992e-02
-4.4538727002115586e-02
-4.7256856833057428e-02
-5.0243241825219845e-02
-5.3537155759508459e-02
-5.7181934977340594e-02
-6.1229972230730588e-02
-6.5745442485808797e-02
-7.0801764628248956e-02
-7.6492681923895772e-02
-8.2929786039580372e-02
-9.0249943261763541e-02
-9.8627054961337113e-02
-1.0827383950780975e-01
-1.1946548748642349e-01
-1.3255311416880686e-01
-1.4798987591356647e-01
-1.6638086173393585e-01
-1.8852687151109077e-01
-2.1552489018537310e-01
-2.4889501949712534e-01
-2.9076623658962825e-01
-3.4425501510561879e-01
-4.1394707475887838e-01
-5.0678861707809009e-01
-6.3347928740552339e-01
-8.1051623763532177e-01
-1.0620606646178534e+00
-1.4158319953948759e+00
-1.8639626122423123e+00
-2.2466285836712232e+00
-2.3387831134781671e+00
0.0000000000000000e+00
1.3464638167935258e-01
0.0000000000000000e+00
0.0000000000000000e+00
];
