%Vec Object:sol 1 MPI processes
%  type: mpi
sol = [
0.0000000000000000e+00
-4.8789377448902947e+01
-2.9272606048130285e+01
-1.5684245552368735e+01
-9.1261079498065065e+00
-5.8407663017041775e+00
-4.0220943037267496e+00
-2.9256544803672702e+00
-2.2170943865142063e+00
-1.7357572943915682e+00
-1.3939684893015185e+00
-1.1429329060072604e+00
-9.5355157280813874e-01
-8.0728428607788283e-01
-6.9195090756669686e-01
-5.9939054745574938e-01
-5.2403769512838194e-01
-4.6193100957759131e-01
-4.1009998771982586e-01
-3.6646005824638272e-01
-3.2938088840625568e-01
-2.9756425352907662e-01
-2.7010196298681416e-01
-2.4624300065286292e-01
-2.2536157758403874e-01
-2.0699129752662626e-01
-1.9075996633316297e-01
-1.7633962010708704e-01
-1.6346250417113437e-01
-1.5193341720027101e-01
-1.4156984969448652e-01
-1.3220311012472180e-01
-1.2372730006580390e-01
-1.1603394578838014e-01
-1.0901574743918287e-01
-1.0260711354281815e-01
-9.6739238748259154e-02
-9.1347373847286445e-02
-8.6385030314392833e-02
-8.1812350839171891e-02
-7.7585268738241314e-02
-7.3668487321907852e-02
-7.0037924692454775e-02
-6.6664471004648521e-02
-6.3520250857538443e-02
-6.0590932152192169e-02
-5.7857038703456883e-02
-5.5295798457262832e-02
-5.2899011685334757e-02
-5.0653110120845724e-02
-4.8540346800876114e-02
-4.6555105981647020e-02
-4.4687869309156449e-02
-4.2925648134483151e-02
-4.1263385197835803e-02
-3.9694722483424823e-02
-3.8210033279949131e-02
-3.6804721031102570e-02
-3.5474591261775046e-02
-3.4212424548071531e-02
-3.3014037968957854e-02
-3.1876724650977607e-02
-3.0795007300136613e-02
-2.9765092119606106e-02
-2.8785295499398952e-02
-2.7851411992936247e-02
-2.6960021106538477e-02
-2.7180189958509175e-02
-2.7970903230093300e-02
-2.8797203710885351e-02
-2.9663173919813716e-02
-3.0570606544885498e-02
-3.1520929641930893e-02
-3.2519053381635431e-02
-3.3567500414648281e-02
-3.4668185345184788e-02
-3.5827041253867153e-02
-3.7047511839893008e-02
-3.8332311151743827e-02
-3.9688675776783769e-02
-4.1121252618442704e-02
-4.2633989482416590e-02
-4.4235835566264051e-02
-4.5933062246247866e-02
-4.7731470831394597e-02
-4.9642329249944411e-02
-5.1674171951892188e-02
-5.3835561846069337e-02
-5.6141003152062829e-02
-5.8602281019526845e-02
-6.1232088944819567e-02
-6.4049590392000311e-02
-6.7071385247484794e-02
-7.0316424317139289e-02
-7.3810801702159493e-02
-7.7578480595206736e-02
-8.1648086522912777e-02
-8.6056390046012149e-02
-9.0839010383838487e-02
-9.6039950455528614e-02
-1.0171307654506752e-01
-1.0791318172956041e-01
-1.1470958630233941e-01
-1.2218475636976886e-01
-1.3042644481334667e-01
-1.3954752719469043e-01
-1.4968080051409727e-01
-1.6097368723003092e-01
-1.7361817032413843e-01
-1.8784111604187467e-01
-2.0390493633618673e-01
-2.2215561308115861e-01
-2.4299012305543374e-01
-2.6692508244518764e-01
-2.9462601463762850e-01
-3.2692001136807308e-01
-3.6487079197391609e-01
-4.0989456175068478e-01
-4.6384485941045051e-01
-5.2923162959048153e-01
-6.0952468942865823e-01
-7.0955125979683786e-01
-8.3627277388745347e-01
-9.9970456089049176e-01
-1.2153016169724704e+00
-1.5071863142128137e+00
-1.9139152810571856e+00
-2.4976144537352480e+00
-3.3622414840933867e+00
-4.6553353307155056e+00
-6.4454908895434411e+00
-8.0565830552413225e+00
-8.1827465211271981e+00
-7.6556485776001963e+00
-6.9050652569200599e+00
-5.2301061485284395e+00
-3.4935430711902073e+00
-2.3421180168235183e+00
-1.6378514828579698e+00
-1.1958273649304132e+00
-9.0603488560619039e-01
-7.0762093349874444e-01
-5.6656121149495708e-01
-4.6307306054958935e-01
-3.8507389089644312e-01
-3.2492603486687921e-01
-2.7761005425626684e-01
-2.3975771098069251e-01
-2.0902290627745088e-01
-1.8373416626239689e-01
-1.6268679654381121e-01
-1.4499048782763110e-01
-1.2997447180714092e-01
-1.1712954251062520e-01
-1.0605521272491691e-01
-9.6445150918035946e-02
-8.8053716472861893e-02
-8.0682290360815270e-02
-7.4175577797921707e-02
-6.8402757675577297e-02
-6.3258307173804165e-02
-5.8655961014815530e-02
-5.4520574659860481e-02
-5.0793105941065099e-02
-4.7421639664701927e-02
-4.4361709030528211e-02
-4.2417731619535749e-02
-4.4906248524644907e-02
-4.7629015053238064e-02
-5.0617314986345557e-02
-5.3905304303445686e-02
-5.7537158840799303e-02
-6.1561881570248972e-02
-6.6038711957460000e-02
-7.1040191297882013e-02
-7.6649657005188970e-02
-8.2973309113588564e-02
-9.0137921798308901e-02
-9.8299212530233951e-02
-1.0765505086666331e-01
-1.1844817575421690e-01
-1.3099272692641353e-01
-1.4569031059933221e-01
-1.6306036622553774e-01
-1.8379504035420613e-01
-2.0881207583632633e-01
-2.3937931125206810e-01
-2.7725376542024527e-01
-3.2492086434916828e-01
-3.8600919806059497e-01
-4.6590046930568291e-01
-5.7282118013764927e-01
-7.1961049417853284e-01
-9.2636406148812411e-01
-1.2242132582326701e+00
-1.6530111095488764e+00
-2.2210882331788881e+00
-2.7495164603633020e+00
-2.9061262171883815e+00
0.0000000000000000e+00
1.3464638167935250e-01
0.0000000000000000e+00
0.0000000000000000e+00
];
