%Vec Object:sol 1 MPI processes
%  type: mpi
sol = [
0.0000000000000000e+00
-1.0028349597574207e+02
-3.7770124256305174e+01
-1.6989732355104120e+01
-9.3127619687281218e+00
-5.8076206468075311e+00
-3.9453590200949864e+00
-2.8459799359581122e+00
-2.1452881981813965e+00
-1.6723053850519078e+00
-1.3389172336472079e+00
-1.0948481539535289e+00
-9.1124986068572711e-01
-7.6979465699837801e-01
-6.5847130018058531e-01
-5.6925909321277457e-01
-4.9680355520100722e-01
-4.3715688854032375e-01
-3.8742933104464550e-01
-3.4560469478021189e-01
-3.1010338352129158e-01
-2.7966540291563069e-01
-2.5341674539641168e-01
-2.3063190679378132e-01
-2.1069742000800756e-01
-1.9317494648432226e-01
-1.7770646583774155e-01
-1.6397511085096392e-01
-1.5172246573673709e-01
-1.4076171617245078e-01
-1.3091708118116704e-01
-1.2202542638033456e-01
-1.1398602981206281e-01
-1.0669464964393775e-01
-1.0004762192041211e-01
-9.3982537532348157e-02
-8.8436258596578443e-02
-8.3343396457975463e-02
-7.8659358742719440e-02
-7.4346202883007972e-02
-7.0361633912085872e-02
-6.6671888820703185e-02
-6.3254149497955048e-02
-6.0080549341194243e-02
-5.7124374735379645e-02
-5.4372110763644878e-02
-5.1805157595205049e-02
-4.9401694269357747e-02
-4.7154023484660870e-02
-4.5049207590401361e-02
-4.3070281810219629e-02
-4.1211955657420286e-02
-3.9465166769147651e-02
-3.7817540820090575e-02
-3.6264279880997723e-02
-3.4799336879979492e-02
-3.3413570707763240e-02
-3.2102610769597334e-02
-3.0862463226528230e-02
-2.9686294227865111e-02
-2.8570131192298089e-02
-2.7511383962132541e-02
-2.6504883012997870e-02
-2.5547037652048687e-02
-2.4636217251493946e-02
-2.3768463460190240e-02
-2.2940554725108184e-02
-2.3059601087354286e-02
-2.3659410434816917e-02
-2.4284242994228513e-02
-2.4937271930295806e-02
-2.5619540861326975e-02
-2.6331721001068495e-02
-2.7077568296337139e-02
-2.7858610647150638e-02
-2.8675676407974703e-02
-2.9533252702854652e-02
-3.0433536211053169e-02
-3.1377944723278733e-02
-3.2371785040412479e-02
-3.3417968814825068e-02
-3.4518688853228070e-02
-3.5680364677157385e-02
-3.6906929506458790e-02
-3.8201760311446287e-02
-3.9572759918695875e-02
-4.1025266855135925e-02
-4.2564431499064602e-02
-4.4200201077124683e-02
-4.5939915130666475e-02
-4.7791372379187728e-02
-4.9767434237449983e-02
-5.1878386462945916e-02
-5.4136018687779106e-02
-5.6557491662907244e-02
-5.9157577840702913e-02
-6.1954191830148247e-02
-6.4971072077488354e-02
-6.8230069900825058e-02
-7.1758752371512663e-02
-7.5591329194806559e-02
-7.9761264935665821e-02
-8.4311876777462949e-02
-8.9294801739044430e-02
-9.4763414915562380e-02
-1.0078789663582953e-01
-1.0745041171670253e-01
-1.1484029083321277e-01
-1.2307611639860326e-01
-1.3229687820906896e-01
-1.4266103664065483e-01
-1.5438055514495266e-01
-1.6770702037805418e-01
-1.8294640933685200e-01
-2.0050315689500714e-01
-2.2087802439830484e-01
-2.4471389049783746e-01
-2.7285705096820589e-01
-3.0642947709298757e-01
-3.4694759936070352e-01
-3.9650495181059109e-01
-4.5801021169289335e-01
-5.3566385574910680e-01
-6.3565877726766085e-01
-7.6732503419543030e-01
-9.4518940337282842e-01
-1.1929133568724850e+00
-1.5493431581726218e+00
-2.0778894506817145e+00
-2.8706432035907130e+00
-3.9659983021315810e+00
-4.9279355026803708e+00
-4.9888017360344090e+00
-4.6780186246386748e+00
-4.2494099172520849e+00
-3.2965742484185379e+00
-2.2546065896720320e+00
-1.5458039107554340e+00
-1.1172263198060366e+00
-8.3031876376147851e-01
-6.2092614194628082e-01
-4.7336919793246363e-01
-3.7016193695621746e-01
-2.9662075114231246e-01
-2.4263713449303465e-01
-2.0195383420271784e-01
-1.7051655901663923e-01
-1.4569143207415583e-01
-1.2577475931798246e-01
-1.0953331600788510e-01
-9.6125742115243468e-02
-8.4962662677542780e-02
-7.5516982258225659e-02
-6.7489201396104231e-02
-6.0594691004565118e-02
-5.4627080544107670e-02
-4.9439082228175280e-02
-4.4881943912967300e-02
-4.0862302522383057e-02
-3.7290836928191989e-02
-3.4085126730625789e-02
-3.1213552107694220e-02
-2.8622373773716646e-02
-2.6268821003058239e-02
-2.4127628362060550e-02
-2.2162727467808268e-02
-2.0768674821610898e-02
-2.1508320817830717e-02
-2.2259452168173884e-02
-2.3024861397446732e-02
-2.3798835909744440e-02
-2.4577329366114679e-02
-2.5356304922653831e-02
-2.6122981932154333e-02
-2.6866202347177185e-02
-2.7560325579945404e-02
-2.8171387242650493e-02
-2.8650383466805172e-02
-2.8913090689089281e-02
-2.8836048704948353e-02
-2.8212211598375298e-02
-2.6680529165204428e-02
-2.3539945014665446e-02
-1.7005652393714005e-02
1.4370801917581024e-02
1.0144051366525501e-01
1.8781569619157368e-01
2.7494416413656275e-01
3.6452280025067146e-01
4.5781957701896109e-01
5.5558782831470832e-01
6.5819916833890890e-01
7.6591320357848758e-01
8.7906273049346784e-01
9.9791631849658435e-01
1.1229727021928140e+00
1.2546618770906293e+00
1.3933855664358590e+00
1.5397307119392776e+00
0.0000000000000000e+00
1.3464638167935250e-01
0.0000000000000000e+00
0.0000000000000000e+00
];
