%Vec Object:sol 1 MPI processes
%  type: mpi
sol = [
0.0000000000000000e+00
-9.0975681308694263e+01
-3.7024498416632390e+01
-1.6989803586547897e+01
-9.3708133164781646e+00
-5.8590500149196751e+00
-3.9863756111176616e+00
-2.8780722519629793e+00
-2.1707085040657788e+00
-1.6933873152610945e+00
-1.3562541915853419e+00
-1.1096151699079129e+00
-9.2402414535143573e-01
-7.8087018337851444e-01
-6.6816725393698329e-01
-5.7790856094904208e-01
-5.0458212358272736e-01
-4.4420258683263836e-01
-3.9385226945363627e-01
-3.5149346553210004e-01
-3.1550799921858513e-01
-2.8465141362900437e-01
-2.5803821834542706e-01
-2.3493419557632567e-01
-2.1472647353834268e-01
-1.9696033453902653e-01
-1.8127341702349542e-01
-1.6734535231631797e-01
-1.5491481847157046e-01
-1.4379261993957002e-01
-1.3380093182876074e-01
-1.2477482866717686e-01
-1.1661220058680810e-01
-1.0920754848952988e-01
-1.0245604127905016e-01
-9.6294410258390861e-02
-9.0658719147797773e-02
-8.5482803605848784e-02
-8.0721483965987204e-02
-7.6336310573093785e-02
-7.2284461380063017e-02
-6.8531737495493725e-02
-6.5055002885662072e-02
-6.1826028542365817e-02
-5.8817751188762563e-02
-5.6016485806592277e-02
-5.3402732294304381e-02
-5.0955054300798247e-02
-4.8665670641156761e-02
-4.6521456823576675e-02
-4.4505192206582285e-02
-4.2611515001474712e-02
-4.0831230618670653e-02
-3.9151768042538414e-02
-3.7568266643450497e-02
-3.6074592858098185e-02
-3.4661453031502303e-02
-3.3324417160875239e-02
-3.2059438543577540e-02
-3.0859564234125704e-02
-2.9720763074242516e-02
-2.8640416805394083e-02
-2.7613262258902215e-02
-2.6635650257550575e-02
-2.5705940332487437e-02
-2.4820099978002323e-02
-2.3974849396315601e-02
-2.4118991783832006e-02
-2.4766975403817448e-02
-2.5442644237369035e-02
-2.6149412644970768e-02
-2.6888511521774520e-02
-2.7660798671926758e-02
-2.8470331286179665e-02
-2.9318895860190809e-02
-3.0207671902521622e-02
-3.1141496501758684e-02
-3.2122842857780408e-02
-3.3153454261997416e-02
-3.4239146589404849e-02
-3.5383276189307707e-02
-3.6588480670885215e-02
-3.7861845980230992e-02
-3.9207907491118126e-02
-4.0630662274616897e-02
-4.2138899257365338e-02
-4.3738783928471942e-02
-4.5436347102831481e-02
-4.7242736532045256e-02
-4.9166447648003292e-02
-5.1216552143777676e-02
-5.3407574214485234e-02
-5.5751449755742262e-02
-5.8261844658309338e-02
-6.0958282863785296e-02
-6.3857952247018013e-02
-6.6981593746849560e-02
-7.0356405964340285e-02
-7.4007880967052034e-02
-7.7967953382889463e-02
-8.2276077538082873e-02
-8.6971397480624879e-02
-9.2104190703811609e-02
-9.7734370892007524e-02
-1.0392454015777572e-01
-1.1075639882044171e-01
-1.1832580990571379e-01
-1.2673783983468853e-01
-1.3613105999068903e-01
-1.4666846410244913e-01
-1.5853698351470180e-01
-1.7198540704108628e-01
-1.8730516660341642e-01
-2.0485868184723896e-01
-2.2512502896237840e-01
-2.4869645477771424e-01
-2.7633460938041732e-01
-3.0905630195511463e-01
-3.4819128229907015e-01
-3.9554348540190643e-01
-4.5361289387107406e-01
-5.2588354352537814e-01
-6.1739949420590123e-01
-7.3551572044473601e-01
-8.9157986544620116e-01
-1.1034227875113893e+00
-1.3999516517748816e+00
-1.8292399534099142e+00
-2.4733920300058418e+00
-3.4591690769918984e+00
-4.8828662519655301e+00
-6.2674191700532846e+00
-6.4390423075880516e+00
-6.0246370513740795e+00
-5.4092772856049010e+00
-4.0386458644193457e+00
-2.6714587747098784e+00
-1.8124032083277046e+00
-1.3174632227467986e+00
-9.4800604357434703e-01
-6.8807431494992166e-01
-5.1896666903879396e-01
-4.0551429050428767e-01
-3.2555038589107754e-01
-2.6677562991283521e-01
-2.2233428826313309e-01
-1.8787495804571103e-01
-1.6058220888798075e-01
-1.3863065181512896e-01
-1.2069207780231790e-01
-1.0585696415701283e-01
-9.3486310960141317e-02
-8.3005693871890454e-02
-7.4089917769295605e-02
-6.6428226512685110e-02
-5.9794914150998940e-02
-5.4032351489266862e-02
-4.8976184791118677e-02
-4.4526646675996068e-02
-4.0605421629804850e-02
-3.7102991178061984e-02
-3.3982555629441989e-02
-3.1184293842701244e-02
-2.8657614115527627e-02
-2.6379846044525007e-02
-2.4301449774978515e-02
-2.2858008328240476e-02
-2.3788586384389257e-02
-2.4752887841251760e-02
-2.5756174261495325e-02
-2.6777165033614946e-02
-2.7820499223607374e-02
-2.8884308148618566e-02
-2.9942905435892564e-02
-3.0988521649297680e-02
-3.1984733077510756e-02
-3.2889041130584044e-02
-3.3657111335912752e-02
-3.4185392293641585e-02
-3.4347326065391363e-02
-3.3926958148857315e-02
-3.2542079883774264e-02
-2.9497773264322149e-02
-2.3115442733272634e-02
-4.1611692654528560e-03
1.2939076628991789e-01
2.3884418565345586e-01
3.3132621840293841e-01
4.1953554569022050e-01
5.1053435986985563e-01
6.0619870899127337e-01
7.0582992935005606e-01
8.0816003229523192e-01
9.1243543741717836e-01
1.0183192379361337e+00
1.1257184084815062e+00
1.2348277071133011e+00
1.3456999018024456e+00
1.4585711332299500e+00
0.0000000000000000e+00
1.3464638167935222e-01
0.0000000000000000e+00
0.0000000000000000e+00
];
