%Vec Object:sol 1 MPI processes
%  type: mpi
sol = [
0.0000000000000000e+00
-1.0401781455592389e+02
-3.7997112646433145e+01
-1.6971632487301697e+01
-9.2807731122868180e+00
-5.7812131634943942e+00
-3.9247233222867579e+00
-2.8296468246298696e+00
-2.1320325969518907e+00
-1.6613649942537927e+00
-1.3296747872828736e+00
-1.0868943077756099e+00
-9.0432742257283305e-01
-7.6369120826026471e-01
-6.5299861442590112e-01
-5.6433898625488632e-01
-4.9234341223461703e-01
-4.3308448900564195e-01
-3.8368749685976794e-01
-3.4214738970199904e-01
-3.0689312715991901e-01
-2.7667146962585204e-01
-2.5061019184249478e-01
-2.2798492980389312e-01
-2.0820286083733600e-01
-1.9081712789977967e-01
-1.7547177270459924e-01
-1.6185183195290295e-01
-1.4970046549892688e-01
-1.3883203503098604e-01
-1.2907185766716817e-01
-1.2025783712379334e-01
-1.1228989296735847e-01
-1.0506445648267190e-01
-9.8478564176977534e-02
-9.2470203282242369e-02
-8.6976654405333947e-02
-8.1932994716180763e-02
-7.7294927254914533e-02
-7.3024759282901502e-02
-6.9080510201485951e-02
-6.5428660903158978e-02
-6.2046533491185413e-02
-5.8906473945867101e-02
-5.5981986079730400e-02
-5.3259621878519306e-02
-5.0720923859048445e-02
-4.8344273957856503e-02
-4.6121992111703355e-02
-4.4041240051856979e-02
-4.2085227398352520e-02
-4.0248666621670530e-02
-3.8522563879543781e-02
-3.6894679466436535e-02
-3.5360228604997566e-02
-3.3913204225387447e-02
-3.2544569784511500e-02
-3.1249976627663916e-02
-3.0025450041280922e-02
-2.8864237808799032e-02
-2.7762396281064632e-02
-2.6717339206365154e-02
-2.5723917703489009e-02
-2.4778537749235288e-02
-2.3879655625772087e-02
-2.3023362308224431e-02
-2.2206472566312412e-02
-2.2306421572833864e-02
-2.2870656183146213e-02
-2.3457929289846118e-02
-2.4071226655654854e-02
-2.4711452380581575e-02
-2.5379140041479158e-02
-2.6077802263477879e-02
-2.6808790673331976e-02
-2.7572862364669989e-02
-2.8374157734789414e-02
-2.9214569991658158e-02
-3.0095276469927903e-02
-3.1021192978086747e-02
-3.1994897240020470e-02
-3.3018250814984204e-02
-3.4097161734996294e-02
-3.5235109085031364e-02
-3.6435004397513127e-02
-3.7704070376449850e-02
-3.9047019219230927e-02
-4.0468335571254295e-02
-4.1977044451168913e-02
-4.3579606143698331e-02
-4.5282850280727899e-02
-4.7098358818412851e-02
-4.9035156488383885e-02
-5.1103595512644109e-02
-5.3319013604180489e-02
-5.5694328138199474e-02
-5.8245275398856225e-02
-6.0992915322699667e-02
-6.3956287813304827e-02
-6.7159573781093065e-02
-7.0632905211846120e-02
-7.4405334379758617e-02
-7.8514749581320667e-02
-8.3006318113798980e-02
-8.7926199027743804e-02
-9.3335528892519240e-02
-9.9305696384023243e-02
-1.0591363434453549e-01
-1.1326211879264300e-01
-1.2147111309555782e-01
-1.3067645599284958e-01
-1.4106074533753554e-01
-1.5283958376502035e-01
-1.6627413437384608e-01
-1.8171008466073768e-01
-1.9957347179090248e-01
-2.2040626142375425e-01
-2.4492991343362275e-01
-2.7409289501603179e-01
-3.0916807921249811e-01
-3.5191045199887472e-01
-4.0474564797505580e-01
-4.7115939583164840e-01
-5.5625656753656616e-01
-6.6766836457866852e-01
-8.1713403312083110e-01
-1.0233758006007081e+00
-1.3163009406026533e+00
-1.7419630894294533e+00
-2.3569990045423870e+00
-3.1418622865244599e+00
-3.7196145350828127e+00
-3.6864696255599378e+00
-3.4532416047093260e+00
-3.1682709697231313e+00
-2.5708170833229471e+00
-1.8392007831990862e+00
-1.2817712703525630e+00
-9.1388350275597485e-01
-6.7349529001257669e-01
-5.1208238211216828e-01
-3.9995695150312316e-01
-3.1954819242179677e-01
-2.6022172042742109e-01
-2.1535397000983622e-01
-1.8068950163957659e-01
-1.5339764778136419e-01
-1.3156353471000060e-01
-1.1384442234759518e-01
-9.9279132457846836e-02
-8.7175125605279777e-02
-7.7013215448558825e-02
-6.8404579906261129e-02
-6.1053763560862999e-02
-5.4727984896981573e-02
-4.9249146472461987e-02
-4.4474341958502750e-02
-4.0287967666968204e-02
-3.6599649737219575e-02
-3.3333272322663851e-02
-3.0427414806087062e-02
-2.7831884240302307e-02
-2.5503014623975251e-02
-2.3406423508169273e-02
-2.1511936245364655e-02
-1.9793711812007158e-02
-1.8597933379583178e-02
-1.9320953284369845e-02
-2.0087193906098672e-02
-2.0899784434716299e-02
-2.1760621895010476e-02
-2.2673335105191896e-02
-2.3639957764078748e-02
-2.4662306403321982e-02
-2.5742083493640315e-02
-2.6877599875841558e-02
-2.8066933407320960e-02
-2.9303018714944042e-02
-3.0572297520648731e-02
-3.1853291744872433e-02
-3.3106567142823090e-02
-3.4269732658638724e-02
-3.5237747820839237e-02
-3.5831775728316514e-02
-3.5745612125076306e-02
-3.4414613770399137e-02
-3.0712673769791740e-02
-2.1887347554973607e-02
7.3594447453713121e-03
6.9098057455570849e-02
1.3815025081307916e-01
2.1566351171600032e-01
3.0276587104678543e-01
4.0053501470053915e-01
5.0994358298402676e-01
6.3195933504732416e-01
7.6749252815112001e-01
9.1740086006904720e-01
1.0825236522362625e+00
0.0000000000000000e+00
1.3464638167935256e-01
0.0000000000000000e+00
0.0000000000000000e+00
];
