%Vec Object:sol 1 MPI processes
%  type: mpi
sol = [
0.0000000000000000e+00
-9.6781198576115713e+01
-3.7503356877182163e+01
-1.6994977292864622e+01
-9.3364108792295841e+00
-5.8280203013873519e+00
-3.9614421380051086e+00
-2.8586152550063630e+00
-2.1554158385001427e+00
-1.6806060538581840e+00
-1.3458574940101973e+00
-1.1007360985539194e+00
-9.1632643394150670e-01
-7.7422923582441949e-01
-6.6239164416025842e-01
-5.7275507455261609e-01
-4.9994649461164925e-01
-4.4000396333445552e-01
-3.9002577516950321e-01
-3.4798665931503631e-01
-3.1230018563941209e-01
-2.8170110279172111e-01
-2.5531125690009537e-01
-2.3240240138132462e-01
-2.1236035894028182e-01
-1.9473861591714972e-01
-1.7918118939120753e-01
-1.6536975783663901e-01
-1.5304470274130508e-01
-1.4201824273677027e-01
-1.3211375670274289e-01
-1.2316736549239654e-01
-1.1507779321905885e-01
-1.0774028475023406e-01
-1.0105069026579365e-01
-9.4946259525188065e-02
-8.9363531462036100e-02
-8.4236795796614236e-02
-7.9521224725923004e-02
-7.5178673397766557e-02
-7.1166629286287114e-02
-6.7451151827133127e-02
-6.4009298789447763e-02
-6.0813054849426167e-02
-5.7835561257472114e-02
-5.5063231158485472e-02
-5.2477363056975493e-02
-5.0056009623065688e-02
-4.7791437219877678e-02
-4.5670636369585800e-02
-4.3676536766106180e-02
-4.1803826795861851e-02
-4.0043393446151633e-02
-3.8382780920599248e-02
-3.6817170750402931e-02
-3.5340483538890001e-02
-3.3943514801463313e-02
-3.2621872698234848e-02
-3.1371544583542341e-02
-3.0185647025464751e-02
-2.9060185100611362e-02
-2.7992559809469474e-02
-2.6977562592008220e-02
-2.6011579444752103e-02
-2.5092978237650380e-02
-2.4217769686260226e-02
-2.3382708328089807e-02
-2.3512744069841284e-02
-2.4133429723671270e-02
-2.4780297718741271e-02
-2.5456627485868424e-02
-2.6163544351725496e-02
-2.6901800765747576e-02
-2.7675282378857535e-02
-2.8485635267322756e-02
-2.9333903129165298e-02
-3.0224704946428108e-02
-3.1160329837660102e-02
-3.2142342274025834e-02
-3.3176114351236595e-02
-3.4264811158910585e-02
-3.5410876368866827e-02
-3.6621037775569701e-02
-3.7899491743546364e-02
-3.9249885878463911e-02
-4.0680512058575063e-02
-4.2197070653846411e-02
-4.3805097101120835e-02
-4.5515065933916299e-02
-4.7334823110900731e-02
-4.9272725164573192e-02
-5.1342364298627187e-02
-5.3554750204805893e-02
-5.5922496182069271e-02
-5.8463802459405904e-02
-6.1194502698248304e-02
-6.4133754412467076e-02
-6.7306819641882301e-02
-7.0737151755142558e-02
-7.4454241788442163e-02
-7.8494611767724529e-02
-8.2894229698112318e-02
-8.7699484200159925e-02
-9.2965667025738496e-02
-9.8750228014475430e-02
-1.0512844044991995e-01
-1.1218852876255316e-01
-1.2002678710944858e-01
-1.2877065310591207e-01
-1.3856975745842995e-01
-1.4959518937541477e-01
-1.6207526464361802e-01
-1.7628156458535293e-01
-1.9254490591679865e-01
-2.1130219913111842e-01
-2.3309539575990726e-01
-2.5862096656704403e-01
-2.8879869105943790e-01
-3.2483993679545142e-01
-3.6839522801365338e-01
-4.2174106232281844e-01
-4.8804572350334768e-01
-5.7189141069686955e-01
-6.8004776215578910e-01
-8.2272490104126350e-01
-1.0159240649550132e+00
-1.2858102082940277e+00
-1.6756535434824775e+00
-2.2576405344709665e+00
-3.1408423157143339e+00
-4.3930935149985562e+00
-5.5582514132482013e+00
-5.6739156056865294e+00
-5.3169551951213663e+00
-4.8027799436357723e+00
-3.6522516868971140e+00
-2.4631246566375498e+00
-1.7335848922705233e+00
-1.2550345254525221e+00
-8.7531874939140997e-01
-6.3371454469966593e-01
-4.8015169176375561e-01
-3.7635279082518724e-01
-3.0267537058784266e-01
-2.4825676963263538e-01
-2.0699801396756509e-01
-1.7494954327834467e-01
-1.4953076370170382e-01
-1.2907092946898438e-01
-1.1233932906008910e-01
-9.8495325565282357e-02
-8.6952050170429382e-02
-7.7163968043036046e-02
-6.8836686117473289e-02
-6.1678004159964522e-02
-5.5477206755942206e-02
-5.0090793161380334e-02
-4.5361925064096163e-02
-4.1199633678840927e-02
-3.7533914864701028e-02
-3.4256361536213892e-02
-3.1337722710496514e-02
-2.8721339948193710e-02
-2.6358629780818151e-02
-2.4232359639973784e-02
-2.2292565051744387e-02
-2.0940430934805371e-02
-2.1768601171687014e-02
-2.2626010068707243e-02
-2.3524736911757639e-02
-2.4451908884327508e-02
-2.5393695833628119e-02
-2.6338268273671313e-02
-2.7271030478177038e-02
-2.8186110958379654e-02
-2.9041056641240945e-02
-2.9786652901207276e-02
-3.0376893562625885e-02
-3.0690130877985413e-02
-3.0584133769392719e-02
-2.9809785443898784e-02
-2.7904142654982936e-02
-2.3964096547277054e-02
-1.5230470950446693e-02
6.4506302809573771e-02
1.8330730321338415e-01
2.7688947506193606e-01
3.5983516639793234e-01
4.4409805681171938e-01
5.3501268489946940e-01
6.3321212314175790e-01
7.3737758249237462e-01
8.4605887611282260e-01
9.5855732399000593e-01
1.0746604483773290e+00
1.1944439749204463e+00
1.3182893095573396e+00
1.4463327407091917e+00
1.5791120910230141e+00
0.0000000000000000e+00
1.3464638167935225e-01
0.0000000000000000e+00
0.0000000000000000e+00
];
