%Vec Object:sol 1 MPI processes
%  type: mpi
sol = [
0.0000000000000000e+00
-5.5886884639969772e+01
-3.1238350406987486e+01
-1.6132718882011300e+01
-9.2571353236705463e+00
-5.8867172460323465e+00
-4.0409886029466797e+00
-2.9333700430556862e+00
-2.2202147572190509e+00
-1.7363559271819566e+00
-1.3937901219729514e+00
-1.1420711092316922e+00
-9.5233169991301470e-01
-8.0588364383146760e-01
-6.9046798031927747e-01
-5.9793106661357365e-01
-5.2264350203660614e-01
-4.6055554038552127e-01
-4.0875338884353707e-01
-3.6514830656595260e-01
-3.2810689218797956e-01
-2.9632859806380518e-01
-2.6890452865135506e-01
-2.4508299483515222e-01
-2.2423760768274578e-01
-2.0590183600193931e-01
-1.8970347866632301e-01
-1.7531446973207374e-01
-1.6246702743338104e-01
-1.5096610273014119e-01
-1.4062923071010142e-01
-1.3128771241312773e-01
-1.2283581485664832e-01
-1.1516513401190642e-01
-1.0816841911880599e-01
-1.0178014988956412e-01
-9.5934489152265351e-02
-9.0563627355345552e-02
-8.5620790143354344e-02
-8.1064621332271047e-02
-7.6853138845910413e-02
-7.2951210137999198e-02
-6.9334803977622692e-02
-6.5974852862819830e-02
-6.2843523285095987e-02
-5.9926517378901388e-02
-5.7204392824800131e-02
-5.4654418465128564e-02
-5.2268413721088064e-02
-5.0032836570061794e-02
-4.7929980305131771e-02
-4.5954238789342988e-02
-4.4096113542409970e-02
-4.2342651618907802e-02
-4.0688803460661727e-02
-3.9128223895821337e-02
-3.7651317083227102e-02
-3.6253494846281917e-02
-3.4930569224581626e-02
-3.3675347036988261e-02
-3.2483655600597731e-02
-3.1352789111346722e-02
-3.0277292356475260e-02
-2.9253383941318833e-02
-2.8279376833485800e-02
-2.7351084098934855e-02
-2.6465099618174615e-02
-2.6670478772077573e-02
-2.7435210124850631e-02
-2.8234065035838751e-02
-2.9071004078406300e-02
-2.9947715096487481e-02
-3.0865519437359001e-02
-3.1829171325303794e-02
-3.2841056480152786e-02
-3.3902952234584199e-02
-3.5020591012423503e-02
-3.6197236454618045e-02
-3.7435421871916952e-02
-3.8742123444886402e-02
-4.0121749143794162e-02
-4.1578003618743163e-02
-4.3119494327960299e-02
-4.4752171877279187e-02
-4.6481503815392892e-02
-4.8318303302860889e-02
-5.0270667917553885e-02
-5.2346693583157591e-02
-5.4560269004385098e-02
-5.6922573925400628e-02
-5.9445635824092846e-02
-6.2147768137877465e-02
-6.5044714383282798e-02
-6.8154456208325179e-02
-7.1501885658996289e-02
-7.5109725076442951e-02
-7.9005158173178769e-02
-8.3223207780407399e-02
-8.7797643795124836e-02
-9.2770268870749739e-02
-9.8192324828053096e-02
-1.0411575666341095e-01
-1.1060642448619987e-01
-1.1774270143807290e-01
-1.2560778128565941e-01
-1.3430889739879542e-01
-1.4397217234685178e-01
-1.5473738754373698e-01
-1.6678690727892662e-01
-1.8033611826288293e-01
-1.9563389799796560e-01
-2.1300857516878802e-01
-2.3284467178702248e-01
-2.5562083030547766e-01
-2.8197431070040463e-01
-3.1269084091431337e-01
-3.4878117952094928e-01
-3.9159185773063410e-01
-4.4288562361349998e-01
-5.0505093379669186e-01
-5.8139217905479079e-01
-6.7651003507212337e-01
-7.9704701189994576e-01
-9.5259499432559547e-01
-1.1579573203352140e+00
-1.4362947215273796e+00
-1.8247551548717353e+00
-2.3838464375797197e+00
-3.2153864466656206e+00
-4.4682312013887922e+00
-6.2276700766802984e+00
-7.8556777882612465e+00
-8.0092464003112713e+00
-7.4902361455251745e+00
-6.7395607550055114e+00
-5.0660256719018895e+00
-3.3635580402935488e+00
-2.2473422231764055e+00
-1.5681491487454915e+00
-1.1432506245389398e+00
-8.6501994971939211e-01
-6.7470064007398578e-01
-5.3957416501652178e-01
-4.4050029393620754e-01
-3.6586943756787249e-01
-3.0834571014703188e-01
-2.6310452373220850e-01
-2.2693213171305704e-01
-1.9757712140398653e-01
-1.7343675405793957e-01
-1.5336016660436957e-01
-1.3648774857151502e-01
-1.2217723298254286e-01
-1.0994124057656839e-01
-9.9396575480566005e-02
-9.0250164981480113e-02
-8.2267066301073583e-02
-7.5257377447346785e-02
-6.9072607468769393e-02
-6.3587735507614471e-02
-5.8701925117138620e-02
-5.4332742973733264e-02
-5.0408447659325346e-02
-4.6872628209366121e-02
-4.3675724922737906e-02
-4.0775310747377232e-02
-3.8907815481609542e-02
-4.1102358026745459e-02
-4.3498711151620413e-02
-4.6123470988543809e-02
-4.9005442622767161e-02
-5.2182159854248365e-02
-5.5694942695787675e-02
-5.9593745273030928e-02
-6.3939759720672229e-02
-6.8802861307470167e-02
-7.4272352511342149e-02
-8.0453400148498305e-02
-8.7476532035924898e-02
-9.5507178913831620e-02
-1.0474713181666458e-01
-1.1545737785029486e-01
-1.2797057253545432e-01
-1.4271557444515207e-01
-1.6026463074455663e-01
-1.8137396659667035e-01
-2.0707828802805783e-01
-2.3880906222867057e-01
-2.7857931467458441e-01
-3.2930850599978656e-01
-3.9528448771457647e-01
-4.8297643903092707e-01
-6.0222818779580045e-01
-7.6811779842314420e-01
-1.0023301309806700e+00
-1.3278496773431907e+00
-1.7308859511456036e+00
-2.0605532360818635e+00
-2.1305526171653661e+00
0.0000000000000000e+00
1.3464638167935283e-01
0.0000000000000000e+00
0.0000000000000000e+00
];
