%Vec Object:sol 1 MPI processes
%  type: mpi
sol = [
0.0000000000000000e+00
-6.5403754342539798e+01
-3.3399611612709883e+01
-1.6547324110261155e+01
-9.3576645750243745e+00
-5.9135120647127293e+00
-4.0457124303888046e+00
-2.9310110263233469e+00
-2.2157171007687979e+00
-1.7312264665034260e+00
-1.3883726517318542e+00
-1.1371833208493178e+00
-9.4793038295277243e-01
-8.0172751288279587e-01
-6.8656659678205512e-01
-5.9428286894912796e-01
-5.1926843656296828e-01
-4.5746800345004646e-01
-4.0591154285116987e-01
-3.6251867282097611e-01
-3.2566187772294253e-01
-2.9403445896189156e-01
-2.6673302351143574e-01
-2.4302326492803594e-01
-2.2227970499631239e-01
-2.0403694431022126e-01
-1.8792382390159518e-01
-1.7361302616621704e-01
-1.6083745220683704e-01
-1.4940281899351340e-01
-1.3912721254590879e-01
-1.2984234991410645e-01
-1.2144303861171597e-01
-1.1382126035157689e-01
-1.0687005960425700e-01
-1.0052426520526958e-01
-9.4718316522913126e-02
-8.9384633061525900e-02
-8.4476807750904492e-02
-7.9955316660332218e-02
-7.5776366529008016e-02
-7.1904913552300651e-02
-6.8317106644219486e-02
-6.4984038150375054e-02
-6.1878020872563819e-02
-5.8984876677527914e-02
-5.6285277332597229e-02
-5.3756608211415473e-02
-5.1390764843687070e-02
-4.9174287649437438e-02
-4.7089566296720176e-02
-4.5131043533241107e-02
-4.3289280825691591e-02
-4.1551402533097505e-02
-3.9912395779497366e-02
-3.8365956686830592e-02
-3.6902551634470850e-02
-3.5517623076741396e-02
-3.4207009728604375e-02
-3.2963568591547553e-02
-3.1783154982107348e-02
-3.0663078326241069e-02
-2.9597923999715097e-02
-2.8583937673763066e-02
-2.7619438657050424e-02
-2.6700272991589242e-02
-2.5823061375226618e-02
-2.6010963758105986e-02
-2.6743800850598042e-02
-2.7508979343260159e-02
-2.8310310944476114e-02
-2.9149355503720258e-02
-3.0027304996498236e-02
-3.0948722565528341e-02
-3.1915834888931897e-02
-3.2930253713296630e-02
-3.3997425193954295e-02
-3.5120284828074617e-02
-3.6301081654696581e-02
-3.7546643313683056e-02
-3.8861082742279715e-02
-4.0247803969154020e-02
-4.1714992569337729e-02
-4.3268202552025750e-02
-4.4912488316445898e-02
-4.6658100952277626e-02
-4.8512597142160933e-02
-5.0483494036146784e-02
-5.2583918520513771e-02
-5.4824299625120337e-02
-5.7215838279882802e-02
-5.9775794155591755e-02
-6.2518847056812349e-02
-6.5461774133472553e-02
-6.8627974470631334e-02
-7.2038626213723353e-02
-7.5719118155216397e-02
-7.9702297800711627e-02
-8.4019628726086260e-02
-8.8710169087109964e-02
-9.3821886139880475e-02
-9.9403164368935024e-02
-1.0551553761195179e-01
-1.1223225767497542e-01
-1.1963080245525354e-01
-1.2781133052602825e-01
-1.3689158492734302e-01
-1.4700173450608808e-01
-1.5831203880249284e-01
-1.7102341315427291e-01
-1.8536763613015719e-01
-2.0165112572271821e-01
-2.2024055924552316e-01
-2.4158432071712976e-01
-2.6627203009137446e-01
-2.9503815313035564e-01
-3.2882777559875775e-01
-3.6888445889817589e-01
-4.1684327876164229e-01
-4.7495330220790521e-01
-5.4630395593370107e-01
-6.3519939458229957e-01
-7.4786111361721685e-01
-8.9347823988790565e-01
-1.0858341369865827e+00
-1.3465926295909501e+00
-1.7111920656606401e+00
-2.2377833262660318e+00
-3.0242143305413278e+00
-4.2181053250028002e+00
-5.9205537667615493e+00
-7.5421562789333549e+00
-7.7206365473633900e+00
-7.2149961253170947e+00
-6.4728630612037028e+00
-4.8269148744074872e+00
-3.1846927532853941e+00
-2.1200131204869210e+00
-1.4754913925359032e+00
-1.0733286479645967e+00
-8.1046522698113477e-01
-6.3086134997515764e-01
-5.0347324362760437e-01
-4.1015871489769057e-01
-3.3992672342386676e-01
-2.8584104821920875e-01
-2.4334674534055889e-01
-2.0938851652930904e-01
-1.8185180632986006e-01
-1.5922420559131234e-01
-1.4042011071735438e-01
-1.2462906207443315e-01
-1.1124574929648792e-01
-9.9810975145431857e-02
-8.9963942467451499e-02
-8.1428716853987837e-02
-7.3984218585531974e-02
-6.7451875526021485e-02
-6.1692000664251095e-02
-5.6587127056152570e-02
-5.2042510435438685e-02
-4.7980688057851550e-02
-4.4334376599213077e-02
-4.1050567556044852e-02
-3.8082773949360903e-02
-3.5391238532123767e-02
-3.3609307721910599e-02
-3.5327244843957911e-02
-3.7191600420919374e-02
-3.9220641601330139e-02
-4.1433579024538814e-02
-4.3856042466421954e-02
-4.6515453379889798e-02
-4.9444894179957531e-02
-5.2684846838273770e-02
-5.6280400591430836e-02
-6.0289625860343019e-02
-6.4780305774415084e-02
-6.9834565634469284e-02
-7.5556358642700189e-02
-8.2070064337451148e-02
-8.9535635206145409e-02
-9.8153376742175016e-02
-1.0817560985810684e-01
-1.1993814571610285e-01
-1.3387226780138156e-01
-1.5055596066080942e-01
-1.7076638435206107e-01
-1.9555704737736240e-01
-2.2639214484052592e-01
-2.6528930890505154e-01
-3.1503299463606416e-01
-3.7930208113653174e-01
-4.6230119289348609e-01
-5.6644208549879982e-01
-6.8392423560442428e-01
-7.8029895330129129e-01
-8.0466058513724759e-01
-7.6339254389764821e-01
0.0000000000000000e+00
1.3464638167935256e-01
0.0000000000000000e+00
0.0000000000000000e+00
];
