%Vec Object:sol 1 MPI processes
%  type: mpi
sol = [
0.0000000000000000e+00
-5.0426311366608566e+01
-2.9771566186818497e+01
-1.5804181918321270e+01
-9.1621438455794966e+00
-5.8546224466589845e+00
-4.0283640959320328e+00
-2.9277941967148395e+00
-2.2188132975349406e+00
-1.7360756616876001e+00
-1.3940782616226073e+00
-1.1430681575898587e+00
-9.5359935867472634e-01
-8.0710635402677666e-01
-6.9163739590478845e-01
-5.9904598405846576e-01
-5.2373810933126208e-01
-4.6166525025804428e-01
-4.0986001247453047e-01
-3.6624019403066010e-01
-3.2917696974049238e-01
-2.9737306241550288e-01
-2.6990936886061362e-01
-2.4603970047168386e-01
-2.2515114069747336e-01
-2.0677640851027501e-01
-1.9054266213578477e-01
-1.7612141726810060e-01
-1.6324453149599560e-01
-1.5171654360993386e-01
-1.4135472094558699e-01
-1.3199018639286011e-01
-1.2351693383180845e-01
-1.1582638713538572e-01
-1.0881118204037726e-01
-1.0240563398503358e-01
-9.6543786982780086e-02
-9.1157751330768727e-02
-8.6200799229961794e-02
-8.1633122259351681e-02
-7.7410693566971764e-02
-7.3498251810893298e-02
-6.9871746417665151e-02
-6.6502094364522174e-02
-6.3361444340980927e-02
-6.0435484072428845e-02
-5.7704755671117498e-02
-5.5146505527313171e-02
-5.2752545812429857e-02
-5.0509320946600593e-02
-4.8399098965135563e-02
-4.6416271191226703e-02
-4.4551328145335016e-02
-4.2791293096078625e-02
-4.1131113773554960e-02
-3.9564437960171173e-02
-3.8081648481393400e-02
-3.6678152866029060e-02
-3.5349760059530472e-02
-3.4089258302529291e-02
-3.2892468485777121e-02
-3.1756685308591416e-02
-3.0676437659356081e-02
-2.9647935581226317e-02
-2.8669495611781573e-02
-2.7736917319176376e-02
-2.6846784185592387e-02
-2.7063589682621399e-02
-2.7848383090825862e-02
-2.8668433978768299e-02
-2.9527797638713601e-02
-3.0428243466522165e-02
-3.1371175855633496e-02
-3.2361470245317457e-02
-3.3401618949168425e-02
-3.4493506236574108e-02
-3.5643020628149474e-02
-3.6853566053658728e-02
-3.8127816760128268e-02
-3.9472951697183185e-02
-4.0893565176875923e-02
-4.2393551647760541e-02
-4.3981784954075107e-02
-4.5664466141778375e-02
-4.7447323554940656e-02
-4.9341525277661502e-02
-5.1355510393713326e-02
-5.3497740136906939e-02
-5.5782584255027162e-02
-5.8221696398839777e-02
-6.0827625716296151e-02
-6.3619351013126643e-02
-6.6613288917031013e-02
-6.9827579595634195e-02
-7.3287499215787436e-02
-7.7017635418404812e-02
-8.1046262202364022e-02
-8.5409724940314471e-02
-9.0143189199548029e-02
-9.5290118368090898e-02
-1.0090373505355983e-01
-1.0703812855256310e-01
-1.1376176462140943e-01
-1.2115609635148544e-01
-1.2930774034050319e-01
-1.3832816643016277e-01
-1.4834850233320188e-01
-1.5951424647894533e-01
-1.7201495913859138e-01
-1.8607459974614227e-01
-2.0195212883493932e-01
-2.1998878958127627e-01
-2.4059348227408520e-01
-2.6426653948748730e-01
-2.9166468623331859e-01
-3.2360645945771049e-01
-3.6114475650153316e-01
-4.0568171285208993e-01
-4.5905284526599488e-01
-5.2373191377031236e-01
-6.0307161510510388e-01
-7.0190107168129878e-01
-8.2709555028003867e-01
-9.8878206415587122e-01
-1.2022278636615191e+00
-1.4910487067934033e+00
-1.8932907506661736e+00
-2.4722173725207344e+00
-3.3290602312489694e+00
-4.6136164658427559e+00
-6.4000139267905798e+00
-8.0179691684745382e+00
-8.1519426973564304e+00
-7.6263250174561366e+00
-6.8742550290505129e+00
-5.1955610482233388e+00
-3.4649250596856027e+00
-2.3208044795199587e+00
-1.6218393308255590e+00
-1.1838479329130946e+00
-8.9659664236738357e-01
-7.0003142405091900e-01
-5.6037821227262896e-01
-4.5792821588871296e-01
-3.8068532502612018e-01
-3.2113139857972883e-01
-2.7429028362388425e-01
-2.3682345472362554e-01
-2.0640594158161837e-01
-1.8138211951250785e-01
-1.6056284079253302e-01
-1.4305966129714490e-01
-1.2820861449748677e-01
-1.1550575777324514e-01
-1.0455475352967818e-01
-9.5052448375344989e-02
-8.6755756238620238e-02
-7.9468131998066016e-02
-7.3035900300543424e-02
-6.7329613484492568e-02
-6.2244857632550964e-02
-5.7696273720039964e-02
-5.3609458177745685e-02
-4.9925615235922191e-02
-4.6593899152965565e-02
-4.3570319540656988e-02
-4.1644327944270289e-02
-4.4069324389813473e-02
-4.6721643957031996e-02
-4.9631577177847858e-02
-5.2832148029612426e-02
-5.6366126908774225e-02
-6.0280893684673917e-02
-6.4633727460969570e-02
-6.9494775045493909e-02
-7.4944537461804642e-02
-8.1085653326213050e-02
-8.8040559245245939e-02
-9.5959590119632607e-02
-1.0503377516283982e-01
-1.1549729217816369e-01
-1.2765317949370825e-01
-1.4188866280215742e-01
-1.5870431446856723e-01
-1.7876917239526993e-01
-2.0297058169515672e-01
-2.3252611493746753e-01
-2.6912694106880630e-01
-3.1516337852140452e-01
-3.7411825884457905e-01
-4.5112547621699178e-01
-5.5407170566532726e-01
-6.9520051598116084e-01
-8.9371376670895608e-01
-1.1787487290881424e+00
-1.5868072773165556e+00
-2.1219274675816258e+00
-2.6099161466063845e+00
-2.7483611725747061e+00
0.0000000000000000e+00
1.3464638167935239e-01
0.0000000000000000e+00
0.0000000000000000e+00
];
