%Vec Object:sol 1 MPI processes
%  type: mpi
sol = [
0.0000000000000000e+00
-4.7863206995010344e+01
-2.8983521056648122e+01
-1.5613948808267347e+01
-9.1049132013748206e+00
-5.8320256877099172e+00
-4.0184179346294675e+00
-2.9237089284403734e+00
-2.2161012229830348e+00
-1.7349422901190483e+00
-1.3938169250922348e+00
-1.1428674027637682e+00
-9.5348104702364600e-01
-8.0721605698799981e-01
-6.9188877823022743e-01
-5.9938561739670737e-01
-5.2413186951656887e-01
-4.6209138452695375e-01
-4.1024691097236771e-01
-3.6659422277520187e-01
-3.2950490287252232e-01
-2.9768013297986157e-01
-2.7021118537131783e-01
-2.4634669495177552e-01
-2.2546064836276836e-01
-2.0708644670896495e-01
-1.9085173685909365e-01
-1.7642845742948995e-01
-1.6354877754392841e-01
-1.5201741244570297e-01
-1.4165180442936698e-01
-1.3228323653017346e-01
-1.2380576145952546e-01
-1.1611087938207944e-01
-1.0909130342636662e-01
-1.0268137410193867e-01
-9.6815166333122551e-02
-9.1424823770946378e-02
-8.6463632836841706e-02
-8.1891795304114418e-02
-7.7665297061134897e-02
-7.3748883681671484e-02
-7.0118507104145911e-02
-6.6745087708114464e-02
-6.3600775213691868e-02
-6.0671258086997221e-02
-5.7937078145755612e-02
-5.5375477617714122e-02
-5.2978270314120800e-02
-5.0731899046499343e-02
-4.8618624336888246e-02
-4.6632839872710552e-02
-4.4765034311710181e-02
-4.3002222735668096e-02
-4.1339354371054876e-02
-3.9770074849799171e-02
-3.8284797082047073e-02
-3.6878465069964658e-02
-3.5547287040762467e-02
-3.4284115909588492e-02
-3.3084766407083667e-02
-3.1946530645816429e-02
-3.0863927572319226e-02
-2.9833161043173521e-02
-2.8852547291960861e-02
-2.7917877833861383e-02
-2.7025729767731897e-02
-2.7247822837680496e-02
-2.8041941399129768e-02
-2.8871835954368662e-02
-2.9741604636803875e-02
-3.0653053401005385e-02
-3.1607623761003421e-02
-3.2610245784193186e-02
-3.3663459401817183e-02
-3.4769196465263427e-02
-3.5933415553502539e-02
-3.7159583015038723e-02
-3.8450435524648212e-02
-3.9813242613822117e-02
-4.1252681126462666e-02
-4.2772729198581848e-02
-4.4382379048296824e-02
-4.6087942070896844e-02
-4.7895261047250982e-02
-4.9815660843239754e-02
-5.1857730140711308e-02
-5.4030089626333787e-02
-5.6347320116655795e-02
-5.8821281488377321e-02
-6.1464749236341043e-02
-6.4296991890220756e-02
-6.7334714359569323e-02
-7.0596986083964849e-02
-7.4110048609372606e-02
-7.7898016178367627e-02
-8.1989689600082086e-02
-8.6422051951718856e-02
-9.1230945643790640e-02
-9.6460638873663407e-02
-1.0216531385185895e-01
-1.0840010391302428e-01
-1.1523474234893180e-01
-1.2275218210590001e-01
-1.3104071414969845e-01
-1.4021387908752786e-01
-1.5040525643288125e-01
-1.6176315701299618e-01
-1.7448067968071385e-01
-1.8878601248841304e-01
-2.0494311057037906e-01
-2.2329961299654977e-01
-2.4427218323280983e-01
-2.6837071439175481e-01
-2.9626428143548522e-01
-3.2878690966426788e-01
-3.6699931953462206e-01
-4.1229919918551583e-01
-4.6657759489185252e-01
-5.3235765728419204e-01
-6.1312674582423077e-01
-7.1373532727721978e-01
-8.4117629022011053e-01
-1.0057450178461280e+00
-1.2227238166291163e+00
-1.5161466667881303e+00
-1.9249483287520304e+00
-2.5119243867349157e+00
-3.3803509949397270e+00
-4.6772359489621209e+00
-6.4700113152989447e+00
-8.0745867362347639e+00
-8.1965973306756439e+00
-7.6696198206033523e+00
-6.9202840871625781e+00
-5.2479709803012140e+00
-3.5092991471870416e+00
-2.3540572794375443e+00
-1.6465362520173972e+00
-1.2025734523289007e+00
-9.1124512895033782e-01
-7.1178996424151908e-01
-5.7003117936034753e-01
-4.6597759771487735e-01
-3.8753120365620314e-01
-3.2703647189275620e-01
-2.7944603993479555e-01
-2.4137283449790217e-01
-2.1045760591725957e-01
-1.8502002607607551e-01
-1.6385302217701184e-01
-1.4605463952305442e-01
-1.3095073121005482e-01
-1.1802957526846498e-01
-1.0688866587620353e-01
-9.7220109211711939e-02
-8.8776992146586867e-02
-8.1359664087529066e-02
-7.4811068130433006e-02
-6.9000589132030790e-02
-6.3822361321327514e-02
-5.9189603428719366e-02
-5.5026716387047848e-02
-5.1274304292792922e-02
-4.7880137589793259e-02
-4.4799478253936008e-02
-4.2844992404120104e-02
-4.5367990354808194e-02
-4.8128958350219693e-02
-5.1159709478006785e-02
-5.4495001816345492e-02
-5.8179758824771229e-02
-6.2263845145043711e-02
-6.6807539942776301e-02
-7.1884653190212713e-02
-7.7580022128508674e-02
-8.4001728577330403e-02
-9.1278834290524205e-02
-9.9569890695395888e-02
-1.0907636361432077e-01
-1.2004548284706956e-01
-1.3279720135881051e-01
-1.4774063827278117e-01
-1.6540505781186676e-01
-1.8649812048793024e-01
-2.1195931409818095e-01
-2.4307868325188312e-01
-2.8164990186167405e-01
-3.3020653023619700e-01
-3.9243728242201242e-01
-4.7385208134985257e-01
-5.8286022324655795e-01
-7.3260459381005139e-01
-9.4384788846898682e-01
-1.2484119303517518e+00
-1.6880275506463995e+00
-2.2732171160100658e+00
-2.8227882843927876e+00
-2.9888902681419371e+00
0.0000000000000000e+00
1.3464638167935250e-01
0.0000000000000000e+00
0.0000000000000000e+00
];
