%Vec Object:sol 1 MPI processes
%  type: mpi
sol = [
0.0000000000000000e+00
-5.5448655843866604e+01
-3.1126919769429261e+01
-1.6109020315962457e+01
-9.2509826053358637e+00
-5.8851010707065452e+00
-4.0406625860857233e+00
-2.9330714890216667e+00
-2.2203622507505192e+00
-1.7364341994105426e+00
-1.3938850644691068e+00
-1.1422960982750887e+00
-9.5250751892683905e-01
-8.0602535003301912e-01
-6.9058540295238680e-01
-5.9803077836114504e-01
-5.2276258463172709e-01
-4.6071302215950788e-01
-4.0889330217302761e-01
-3.6527395706011012e-01
-3.2822080609487281e-01
-2.9643275814580744e-01
-2.6900047673347677e-01
-2.4517195696524594e-01
-2.2432058119832016e-01
-2.0597962985089885e-01
-1.8977675295056812e-01
-1.7538377545643657e-01
-1.6253282838683375e-01
-1.5102878456052957e-01
-1.4068912155551533e-01
-1.3134509745443138e-01
-1.2289093478816965e-01
-1.1521819726626545e-01
-1.0821961012351955e-01
-1.0182962777653105e-01
-9.5982393352002968e-02
-9.0610087218561244e-02
-8.5666063217059760e-02
-8.1110585060344506e-02
-7.6899680406452411e-02
-7.2998140685052032e-02
-6.9381965914634039e-02
-6.6022114853116570e-02
-6.2890775507939242e-02
-5.9973668858629203e-02
-5.7251425584184626e-02
-5.4700493939011566e-02
-5.2313370981875038e-02
-5.0076740401989020e-02
-4.7972888912272610e-02
-4.5996207133056112e-02
-4.4137192575158073e-02
-4.2382887248628466e-02
-4.0728239175987981e-02
-3.9166900488900785e-02
-3.7689271432668606e-02
-3.6290761854580987e-02
-3.4967182067850010e-02
-3.3711335827806339e-02
-3.2519048704791984e-02
-3.1387613892745192e-02
-3.0311573761378049e-02
-2.9287145286939965e-02
-2.8312640976409262e-02
-2.7383871971348405e-02
-2.6497430589338445e-02
-2.6703675081251842e-02
-2.7469996276711928e-02
-2.8270528881687771e-02
-2.9109240853490221e-02
-2.9987826203073876e-02
-3.0907612511843107e-02
-3.1873363402352327e-02
-3.2887472652555309e-02
-3.3951725604942917e-02
-3.5071866717815266e-02
-3.6251170220097648e-02
-3.7492179963797154e-02
-3.8801887671015008e-02
-4.0184715338801129e-02
-4.1644381794151433e-02
-4.3189514790578788e-02
-4.4826083721575018e-02
-4.6559575583188309e-02
-4.8400830409264871e-02
-5.0357971292219417e-02
-5.2439121333055484e-02
-5.4658205424193744e-02
-5.7026438548342953e-02
-5.9555886869525898e-02
-6.2264913537169148e-02
-6.5169311720457576e-02
-6.8287119206207073e-02
-7.1643297949505996e-02
-7.5260641914763643e-02
-7.9166418023891322e-02
-8.3395750142797903e-02
-8.7982514360541275e-02
-9.2968639709888209e-02
-9.8405518721530666e-02
-1.0434525893930970e-01
-1.1085391803693562e-01
-1.1801010241542326e-01
-1.2589726414181610e-01
-1.3462295635628982e-01
-1.4431367862103134e-01
-1.5510964145224171e-01
-1.6719374911551824e-01
-1.8078202977070179e-01
-1.9612411254074244e-01
-2.1354929357817909e-01
-2.3345202707417556e-01
-2.5631491960063624e-01
-2.8276604568627123e-01
-3.1357747760371296e-01
-3.4977919015674130e-01
-3.9272163516944630e-01
-4.4417261564628141e-01
-5.0652728170869787e-01
-5.8309902929628510e-01
-6.7850067292095018e-01
-7.9939151176676115e-01
-9.5554485184513149e-01
-1.1615084894240981e+00
-1.4406276488244243e+00
-1.8302512932014061e+00
-2.3909183072084268e+00
-3.2247573689851166e+00
-4.4803727213544393e+00
-6.2421285633957000e+00
-7.8701869337421702e+00
-8.0222081984065401e+00
-7.5023779791339642e+00
-6.7513162014841583e+00
-5.0769462765702391e+00
-3.3717697132496989e+00
-2.2532493093013479e+00
-1.5725053044188024e+00
-1.1464931527721551e+00
-8.6759364495220237e-01
-6.7674989322192158e-01
-5.4124870997137198e-01
-4.4189842973527854e-01
-3.6705799408127215e-01
-3.0937448801335637e-01
-2.6401837984423954e-01
-2.2774263313916146e-01
-1.9830026520082411e-01
-1.7408748646420888e-01
-1.5395018406324093e-01
-1.3702631548785954e-01
-1.2267179289069506e-01
-1.1039785342532482e-01
-9.9820207852972076e-02
-9.0644947676004936e-02
-8.2636457027894392e-02
-7.5604286219920880e-02
-6.9399518113749989e-02
-6.3896768526019471e-02
-5.8994908047670699e-02
-5.4611264294283882e-02
-5.0673883163411454e-02
-4.7126190081272612e-02
-4.3918478618523812e-02
-4.1008194621830391e-02
-3.9136198656257414e-02
-4.1350390903224510e-02
-4.3768597938920920e-02
-4.6417737945871868e-02
-4.9326984521230577e-02
-5.2534328717029018e-02
-5.6081620761270025e-02
-6.0019456208101160e-02
-6.4409811967689148e-02
-6.9323495887149991e-02
-7.4850970411654075e-02
-8.1099821616693463e-02
-8.8201935434477505e-02
-9.6324874171053093e-02
-1.0567340197182543e-01
-1.1651102614985211e-01
-1.2917490788944158e-01
-1.4410132728788913e-01
-1.6187111850888425e-01
-1.8325215513444046e-01
-2.0929540949713504e-01
-2.4145548457461163e-01
-2.8177907524334656e-01
-3.3323634419712161e-01
-4.0019365214065777e-01
-4.8924685097669063e-01
-6.1049394537733026e-01
-7.7931446456927855e-01
-1.0181144888869176e+00
-1.3511838546655817e+00
-1.7660863899148573e+00
-2.1096275083578022e+00
-2.1854128774474155e+00
0.0000000000000000e+00
1.3464638167935283e-01
0.0000000000000000e+00
0.0000000000000000e+00
];
