%Vec Object:sol 1 MPI processes
%  type: mpi
sol = [
0.0000000000000000e+00
-8.3339486711319950e+01
-3.6209211906629569e+01
-1.6929668155345620e+01
-9.3937887446719959e+00
-5.8890986330270305e+00
-4.0120648554034384e+00
-2.8989754089219599e+00
-2.1877283782562702e+00
-1.7073680956532864e+00
-1.3679904249376089e+00
-1.1195352355793655e+00
-9.3253123714367314e-01
-7.8833814609808261e-01
-6.7471316218517285e-01
-5.8370450719698741e-01
-5.0975936099165398e-01
-4.4886328753611571e-01
-3.9807732454120331e-01
-3.5534707642163393e-01
-3.1906431744915803e-01
-2.8794728187250368e-01
-2.6108853348219574e-01
-2.3776812232083294e-01
-2.1736940710444030e-01
-1.9943372642011642e-01
-1.8359549902950817e-01
-1.6953177480445164e-01
-1.5697909864964851e-01
-1.4574645735542105e-01
-1.3565453253827878e-01
-1.2653714701081106e-01
-1.1829111458050123e-01
-1.1081002597381839e-01
-1.0398825859182932e-01
-9.7761882787639975e-02
-9.2066383182041522e-02
-8.6835073354016870e-02
-8.2022341775335100e-02
-7.7589362927277777e-02
-7.3492960474875371e-02
-6.9698632904884955e-02
-6.6182999243636423e-02
-6.2917585610693189e-02
-5.9875100739776171e-02
-5.7041681056641411e-02
-5.4398306251904831e-02
-5.1922672323483569e-02
-4.9606880229804001e-02
-4.7437692918426241e-02
-4.5397749306497058e-02
-4.3481630523417233e-02
-4.1680060334443818e-02
-3.9980358122977330e-02
-3.8377616715302078e-02
-3.6865646537943560e-02
-3.5435067782644422e-02
-3.4081409577158939e-02
-3.2800588526155076e-02
-3.1585583623018873e-02
-3.0432325832154140e-02
-2.9338174780104479e-02
-2.8297813184515137e-02
-2.7307555602719122e-02
-2.6365750376957653e-02
-2.5468327593864130e-02
-2.4611935404017876e-02
-2.4770940247673921e-02
-2.5447940929838469e-02
-2.6154215940027849e-02
-2.6893318381056231e-02
-2.7666590949669674e-02
-2.8475003917254372e-02
-2.9322791078772222e-02
-3.0211886262930084e-02
-3.1143614449538344e-02
-3.2123039035204429e-02
-3.3152828253410670e-02
-3.4234918480829678e-02
-3.5375418256179778e-02
-3.6577944107370537e-02
-3.7845395719666247e-02
-3.9185242166706713e-02
-4.0602369760837843e-02
-4.2101138511510434e-02
-4.3690846459118769e-02
-4.5378139216538028e-02
-4.7169559645136694e-02
-4.9076944436735763e-02
-5.1109457505675235e-02
-5.3276906502826196e-02
-5.5594768015568077e-02
-5.8075928315046238e-02
-6.0735131944236173e-02
-6.3593252885334586e-02
-6.6668863911988244e-02
-6.9984321956531328e-02
-7.3568795746702831e-02
-7.7449854602701887e-02
-8.1661916787322264e-02
-8.6247410415911330e-02
-9.1248702352224473e-02
-9.6720005808809212e-02
-1.0272590400438247e-01
-1.0933420309442696e-01
-1.1663307739123197e-01
-1.2472607180040955e-01
-1.3372706614362190e-01
-1.4378578672091161e-01
-1.5507859100942956e-01
-1.6780822664727876e-01
-1.8224386207474988e-01
-1.9870690074679839e-01
-2.1758987381757039e-01
-2.3941008299646183e-01
-2.6481065699656703e-01
-2.9460050889280337e-01
-3.2989725175401274e-01
-3.7214482359165524e-01
-4.2330231261537982e-01
-4.8608491150928634e-01
-5.6427830499838860e-01
-6.6336372288784484e-01
-7.9145299017149928e-01
-9.6065643532946254e-01
-1.1904654887997042e+00
-1.5124290390933566e+00
-1.9788481357447680e+00
-2.6795456923606462e+00
-3.7540104764930238e+00
-5.3144880431087040e+00
-6.8550621234414173e+00
-7.0571919489054240e+00
-6.5943028735211451e+00
-5.9006443484385169e+00
-4.3653482510938186e+00
-2.8628237933413421e+00
-1.8989388903709614e+00
-1.3185557432101527e+00
-9.5807235000947599e-01
-7.2341226556126048e-01
-5.6340839166723633e-01
-4.4973525781593049e-01
-3.6611313275453827e-01
-3.0286936249884439e-01
-2.5398894349319029e-01
-2.1550843061030586e-01
-1.8473705181168698e-01
-1.5979383171206205e-01
-1.3931185865879281e-01
-1.2230678611303275e-01
-1.0804284567099927e-01
-9.5957718438067899e-02
-8.5637290419256482e-02
-7.6750664695773560e-02
-6.9046929190177297e-02
-6.2327151603645659e-02
-5.6428215775174512e-02
-5.1225642077012246e-02
-4.6614997800910107e-02
-4.2509198622497822e-02
-3.8840229988775760e-02
-3.5547335217147626e-02
-3.2582254717928728e-02
-2.9903458200500135e-02
-2.7474106285809281e-02
-2.5775149888112442e-02
-2.6742400178908429e-02
-2.7763520758180463e-02
-2.8841648051776650e-02
-2.9977534363637016e-02
-3.1173706124921704e-02
-3.2429980494632450e-02
-3.3744719332625198e-02
-3.5115018941065071e-02
-3.6531708419290293e-02
-3.7982583257109903e-02
-3.9445376643367509e-02
-4.0883620371103942e-02
-4.2242042787126156e-02
-4.3428953454562186e-02
-4.4299778036004198e-02
-4.4614432088580264e-02
-4.3957980185900344e-02
-4.1570859137973086e-02
-3.5855482875911240e-02
-2.2188392690571643e-02
4.9983277713362632e-02
1.5800658867304782e-01
2.6330644792389740e-01
3.6626371984191769e-01
4.6720758924228495e-01
5.6638638688317766e-01
6.6401343167512294e-01
7.6017411953933711e-01
8.5502065296428165e-01
9.4865992908162700e-01
1.0411018940123364e+00
1.1324338770643869e+00
0.0000000000000000e+00
1.3464638167935244e-01
0.0000000000000000e+00
0.0000000000000000e+00
];
