%Vec Object:sol 1 MPI processes
%  type: mpi
sol = [
0.0000000000000000e+00
-1.0359970118029109e+02
-3.7974457744803900e+01
-1.6976152146368015e+01
-9.2856931922774990e+00
-5.7851558059520611e+00
-3.9276881438490623e+00
-2.8320346212393899e+00
-2.1339839004214993e+00
-1.6629711960481608e+00
-1.3310194405288573e+00
-1.0881087535190248e+00
-9.0537575247846025e-01
-7.6461152671177735e-01
-6.5385176444951221e-01
-5.6511984949516259e-01
-4.9305083446207781e-01
-4.3373067273781629e-01
-3.8428189029544152e-01
-3.4269749973601688e-01
-3.0740498089065366e-01
-2.7714992864543581e-01
-2.5106256756709583e-01
-2.2842134721124230e-01
-2.0861883798722344e-01
-1.9121092559965033e-01
-1.7584562520431840e-01
-1.6220764767304249e-01
-1.5003988582067887e-01
-1.3915651462527626e-01
-1.2938266854352989e-01
-1.2055607242265581e-01
-1.1257655055225245e-01
-1.0534042433278354e-01
-9.8744609236951622e-02
-9.2727034659177601e-02
-8.7224914682189320e-02
-8.2173246874848158e-02
-7.7527688935630321e-02
-7.3250510445898781e-02
-6.9299677756254327e-02
-6.5641632131031427e-02
-6.2253676477965876e-02
-5.9108121475896773e-02
-5.6178433828421671e-02
-5.3451158526860776e-02
-5.0907814960141982e-02
-4.8526749191411998e-02
-4.6300282291822217e-02
-4.4215560087895067e-02
-4.2255761005821645e-02
-4.0415600177967803e-02
-3.8686073046204542e-02
-3.7054915914853881e-02
-3.5517343763146421e-02
-3.4067343758618612e-02
-3.2695860795043795e-02
-3.1398543666191721e-02
-3.0171415483986733e-02
-2.9007709592992915e-02
-2.7903478044834187e-02
-2.6856134998332934e-02
-2.5860563718738926e-02
-2.4913202027325925e-02
-2.4012414421113217e-02
-2.3154284271810283e-02
-2.2335621092302853e-02
-2.2439091518674518e-02
-2.3009757758906693e-02
-2.3603823721932597e-02
-2.4224309817780548e-02
-2.4872145587073933e-02
-2.5547889630485626e-02
-2.6255098557842558e-02
-2.6995158109672370e-02
-2.7768858170437481e-02
-2.8580395173952194e-02
-2.9431712194407683e-02
-3.0323929861672410e-02
-3.1262025981946828e-02
-3.2248728399403549e-02
-3.3285957911442447e-02
-3.4379715418711640e-02
-3.5533561708710255e-02
-3.6750491837785282e-02
-3.8037851924786946e-02
-3.9400467024713871e-02
-4.0842941627480582e-02
-4.2374468059632853e-02
-4.4001665289051861e-02
-4.5731537891824429e-02
-4.7575899991065193e-02
-4.9544004288053035e-02
-5.1646463151425910e-02
-5.3898945296332407e-02
-5.6314704080722332e-02
-5.8909870950145236e-02
-6.1705992671074683e-02
-6.4722619379452437e-02
-6.7984547635565246e-02
-7.1522651648425625e-02
-7.5366786296043847e-02
-7.9555829132925054e-02
-8.4136127303643712e-02
-8.9155155792417604e-02
-9.4675703096340172e-02
-1.0077112766057306e-01
-1.0752062962289441e-01
-1.1502987995156033e-01
-1.2342232961007596e-01
-1.3283796760743477e-01
-1.4346478691764555e-01
-1.5552500829705343e-01
-1.6928804740560077e-01
-1.8511042545796758e-01
-2.0343197947608668e-01
-2.2481612316722691e-01
-2.5001413902914249e-01
-2.7998933075314786e-01
-3.1606593743715400e-01
-3.6006447321018459e-01
-4.1450106885944288e-01
-4.8299575961851660e-01
-5.7085858138521717e-01
-6.8604487603874253e-01
-8.4087443961391706e-01
-1.0549224079273618e+00
-1.3598722915756654e+00
-1.8052470330618899e+00
-2.4544974686119696e+00
-3.2988232138242708e+00
-3.9468526707019835e+00
-3.9296690767888203e+00
-3.6831223228137260e+00
-3.3737210025367177e+00
-2.7130653006785921e+00
-1.9215584159419401e+00
-1.3307584382257849e+00
-9.4557897826593673e-01
-6.9540309784221743e-01
-5.2803393000979082e-01
-4.1206157304182356e-01
-3.2902325441755864e-01
-2.6781037515915734e-01
-2.2154244490251587e-01
-1.8580880581218870e-01
-1.5768006324997683e-01
-1.3518234172009824e-01
-1.1692868650465715e-01
-1.0192669002858035e-01
-8.9461730256957889e-02
-7.8998337068020952e-02
-7.0135278374311563e-02
-6.2568024070209532e-02
-5.6056560750926188e-02
-5.0417275249044276e-02
-4.5502893372482540e-02
-4.1194242247478204e-02
-3.7398186242816225e-02
-3.4036317079620522e-02
-3.1045298619524708e-02
-2.8373426999214642e-02
-2.5975720570345542e-02
-2.3816724495985483e-02
-2.1865355762473431e-02
-2.0094978276409582e-02
-1.8856301347605346e-02
-1.9561387860549076e-02
-2.0304714203669742e-02
-2.1088273539674105e-02
-2.1912524429433356e-02
-2.2779365075003426e-02
-2.3688427492141235e-02
-2.4638510549187639e-02
-2.5627373947102555e-02
-2.6648101410799398e-02
-2.7691729224838028e-02
-2.8741542854623690e-02
-2.9770478353337532e-02
-3.0737638249348821e-02
-3.1574820667687187e-02
-3.2175191561596699e-02
-3.2361331593120463e-02
-3.1827408697662790e-02
-3.0018095632179734e-02
-2.5779611053643736e-02
-1.5911627958272553e-02
2.5047804915864131e-02
9.0658717802705846e-02
1.6230911270099285e-01
2.4081489322645222e-01
3.2700113677245390e-01
4.2169883991972551e-01
5.2576132371091955e-01
6.3997208245966519e-01
7.6511829387511820e-01
9.0198753872831028e-01
1.0513533269621531e+00
1.2138882354197136e+00
0.0000000000000000e+00
1.3464638167935250e-01
0.0000000000000000e+00
0.0000000000000000e+00
];
