%Vec Object:sol 1 MPI processes
%  type: mpi
sol = [
0.0000000000000000e+00
-9.9698957898670542e+01
-3.7617846485237742e+01
-1.6926022212042447e+01
-9.2713089263660446e+00
-5.7762903868468198e+00
-3.9196172916476035e+00
-2.8242345717629114e+00
-2.1261814847527747e+00
-1.6555318363114111e+00
-1.3237730106727073e+00
-1.0812764776579002e+00
-8.9879018734942673e-01
-7.5828574101561530e-01
-6.4778690050378174e-01
-5.5935978740084558e-01
-4.8756344128528323e-01
-4.2846205709144641e-01
-3.7922167799326689e-01
-3.3783332146919148e-01
-3.0272471031070108e-01
-2.7264328935175230e-01
-2.4671859289944661e-01
-2.2422964483534769e-01
-2.0457516819823962e-01
-1.8730886428248664e-01
-1.7207513315453959e-01
-1.5856002509773970e-01
-1.4650754231954399e-01
-1.3573200086027640e-01
-1.2605675257792046e-01
-1.1732309562566967e-01
-1.0943135199404781e-01
-1.0227820938877002e-01
-9.5761459994104264e-02
-8.9818859854721003e-02
-8.4387818236198772e-02
-7.9403938115920683e-02
-7.4822944357153351e-02
-7.0607132886809462e-02
-6.6714877379744894e-02
-6.3112847458258722e-02
-5.9778256479297104e-02
-5.6683676679013986e-02
-5.3802912267188148e-02
-5.1122339199946382e-02
-4.8623632354878904e-02
-4.6285544955924095e-02
-4.4100176987100663e-02
-4.2054775122410556e-02
-4.0132899359617231e-02
-3.8329078560504382e-02
-3.6634366947944252e-02
-3.5036795727949134e-02
-3.3531483506421454e-02
-3.2112424676236255e-02
-3.0770792590151079e-02
-2.9502204944811830e-02
-2.8302655251070567e-02
-2.7165554384550823e-02
-2.6086969834166664e-02
-2.5064260325391677e-02
-2.4092447467472348e-02
-2.3168017075394384e-02
-2.2289260505421574e-02
-2.1452369380021857e-02
-2.0654223082208992e-02
-2.0709228538965143e-02
-2.1193341210283601e-02
-2.1695979607623435e-02
-2.2219675962093295e-02
-2.2765020098231465e-02
-2.3332240327888980e-02
-2.3924275355425191e-02
-2.4542051251507428e-02
-2.5185922115771461e-02
-2.5859296707454064e-02
-2.6563493192110415e-02
-2.7299139725620092e-02
-2.8070209123247571e-02
-2.8878498644038131e-02
-2.9725103125863968e-02
-3.0614697651739086e-02
-3.1549691863030374e-02
-3.2531906077163747e-02
-3.3566922129726798e-02
-3.4657966092529337e-02
-3.5807943093236559e-02
-3.7023647905237093e-02
-3.8309437926325206e-02
-3.9669818005482874e-02
-4.1113263256802403e-02
-4.2645756236587777e-02
-4.4274164367137596e-02
-4.6009373027662073e-02
-4.7859781541459930e-02
-4.9835790051486951e-02
-5.1951867022194648e-02
-5.4220132231083504e-02
-5.6656382683563523e-02
-5.9280620263319435e-02
-6.2110906546898763e-02
-6.5171535053649393e-02
-6.8491415371674413e-02
-7.2098491649066634e-02
-7.6030259285442575e-02
-8.0330642087221613e-02
-8.5045272530889601e-02
-9.0236199139888312e-02
-9.5974085003549217e-02
-1.0233573248316322e-01
-1.0942676331828743e-01
-1.1736777343752303e-01
-1.2630068693929930e-01
-1.3641397262897953e-01
-1.4793197278561868e-01
-1.6113463850088905e-01
-1.7638948470046187e-01
-1.9415535646603599e-01
-2.1503236523431946e-01
-2.3981847351468077e-01
-2.6955734855077124e-01
-3.0566561125797537e-01
-3.5005894080589084e-01
-4.0528631165977774e-01
-4.7466557414154170e-01
-5.6212629475605236e-01
-6.7068533064875790e-01
-7.9693640878770267e-01
-9.1629284634971364e-01
-9.7165459982144964e-01
-9.3393609792689924e-01
-8.6163132675094034e-01
-8.0887594511974414e-01
-7.8143321684166922e-01
-7.5371382453017821e-01
-6.9137159665712689e-01
-5.9530871169178701e-01
-4.9470653051420371e-01
-4.0795659266460171e-01
-3.3860059061105313e-01
-2.8433968750348909e-01
-2.4187384565551032e-01
-2.0831888001819560e-01
-1.8147168641929393e-01
-1.5971058365453775e-01
-1.4183946078892226e-01
-1.2699194241532485e-01
-1.1452059512611368e-01
-1.0393674017770207e-01
-9.4876675594316381e-02
-8.7054754448063598e-02
-8.0250106960712289e-02
-7.4291591245568486e-02
-6.9039223425232735e-02
-6.4384675510813394e-02
-6.0238148374952644e-02
-5.6524540522415199e-02
-5.3185712618561323e-02
-5.0170214035902272e-02
-4.7436321839032548e-02
-4.4949821851420331e-02
-4.2679091505980760e-02
-4.0600326500463246e-02
-3.8691484080829855e-02
-3.6933146667679696e-02
-3.6023211281013552e-02
-3.8887352479040446e-02
-4.2046826110052352e-02
-4.5542747631438563e-02
-4.9421143642498222e-02
-5.3740010328635693e-02
-5.8565258649347224e-02
-6.3976367545519275e-02
-7.0070504919063734e-02
-7.6961184327451290e-02
-8.4791657166552889e-02
-9.3734797509350098e-02
-1.0400385050122549e-01
-1.1586958213321781e-01
-1.2966740691779263e-01
-1.4583126144519540e-01
-1.6491916414264660e-01
-1.8765695029615964e-01
-2.1501742899996082e-01
-2.4830131594325150e-01
-2.8930269951958215e-01
-3.4052193388073010e-01
-4.0553301399365521e-01
-4.8962062717016352e-01
-6.0071937251168483e-01
-7.5118206671485011e-01
-9.6082693860024959e-01
-1.2620800217809236e+00
-1.7095835226432927e+00
-2.3883651017405718e+00
-3.3839871628382427e+00
-4.5003823179582669e+00
-4.8675445330954252e+00
0.0000000000000000e+00
1.3464638167935297e-01
0.0000000000000000e+00
0.0000000000000000e+00
];
