%Vec Object:sol 1 MPI processes
%  type: mpi
sol = [
0.0000000000000000e+00
-8.5201343213033084e+01
-3.6423037959867145e+01
-1.6953413296797024e+01
-9.3905210302182933e+00
-5.8825762797755976e+00
-4.0061250879436505e+00
-2.8943200485319109e+00
-2.1841685290311146e+00
-1.7041383673476400e+00
-1.3653897880886756e+00
-1.1174032335507418e+00
-9.3058434213157737e-01
-7.8659197960667204e-01
-6.7323719007781102e-01
-5.8243695148416619e-01
-5.0864181393369778e-01
-4.4783091565104927e-01
-3.9712136033038603e-01
-3.5445962132408482e-01
-3.1823829016275929e-01
-2.8717624836998329e-01
-2.6038252430078823e-01
-2.3711894614989237e-01
-2.1676950571968878e-01
-1.9887685603302205e-01
-1.8307646264275934e-01
-1.6904619468250073e-01
-1.5652325861149383e-01
-1.4531719714587932e-01
-1.3524918300860928e-01
-1.2615130522532036e-01
-1.1792162335551869e-01
-1.1045569967770885e-01
-1.0364802169885022e-01
-9.7434759893817821e-02
-9.1751486890353853e-02
-8.6531596471222091e-02
-8.1729546296252689e-02
-7.7306572297583767e-02
-7.3219556641405018e-02
-6.9434048883818780e-02
-6.5926710194305668e-02
-6.2669109348778118e-02
-5.9633995517730312e-02
-5.6807533168282492e-02
-5.4170732944413942e-02
-5.1701325035488646e-02
-4.9391428065091572e-02
-4.7227827807943164e-02
-4.5193191845298387e-02
-4.3282113112044669e-02
-4.1485332228311730e-02
-3.9790191355644634e-02
-3.8191793045282460e-02
-3.6683959457412846e-02
-3.5257328949431004e-02
-3.3907439287850762e-02
-3.2630214853069696e-02
-3.1418649158880957e-02
-3.0268681267277140e-02
-2.9177675512913000e-02
-2.8140326280057276e-02
-2.7152956043098572e-02
-2.6213915571472637e-02
-2.5319138489375306e-02
-2.4465317678667747e-02
-2.4621000593276626e-02
-2.5291433755931764e-02
-2.5990784601518671e-02
-2.6722575424708218e-02
-2.7488123998411901e-02
-2.8288375496669068e-02
-2.9127524535512449e-02
-3.0007472170573965e-02
-3.0929510991115239e-02
-3.1898654242818528e-02
-3.2917526865453559e-02
-3.3988022347884408e-02
-3.5116184458148104e-02
-3.6305572090455672e-02
-3.7559026866900699e-02
-3.8883933200412654e-02
-4.0285099835113074e-02
-4.1766806581249108e-02
-4.3338239184874915e-02
-4.5005937387152348e-02
-4.6776331206509481e-02
-4.8661105700275376e-02
-5.0669277756477511e-02
-5.2810493293217881e-02
-5.5100019799764685e-02
-5.7550535118805174e-02
-6.0176547459921646e-02
-6.2998635259855010e-02
-6.6035068544288894e-02
-6.9307851342456275e-02
-7.2845722532814766e-02
-7.6675798987207472e-02
-8.0831958584230007e-02
-8.5355983141871580e-02
-9.0289540503739413e-02
-9.5686075920140959e-02
-1.0160743207739310e-01
-1.0812067787580391e-01
-1.1531329304019797e-01
-1.2328705036506765e-01
-1.3215379003184627e-01
-1.4206066022329888e-01
-1.5318092382874388e-01
-1.6571365558953668e-01
-1.7992329515224850e-01
-1.9612547120390625e-01
-2.1470555518645792e-01
-2.3617153344329889e-01
-2.6115517406486416e-01
-2.9046927906579434e-01
-3.2519877916024637e-01
-3.6676351477335645e-01
-4.1709004976299169e-01
-4.7883950544789211e-01
-5.5568475396629580e-01
-6.5304145238531996e-01
-7.7886951497689205e-01
-9.4523993872139100e-01
-1.1711696786064834e+00
-1.4873691713030490e+00
-1.9459492126637430e+00
-2.6342162441894716e+00
-3.6899877001585559e+00
-5.2236273399281652e+00
-6.7351353881049798e+00
-6.9330397463753197e+00
-6.4793344097819254e+00
-5.7999435581913197e+00
-4.2960534995091821e+00
-2.8198343712903267e+00
-1.8719419175129486e+00
-1.3024737675652598e+00
-9.5092455340454118e-01
-7.2224725853258531e-01
-5.6409310650506617e-01
-4.4940370629495424e-01
-3.6405074454119546e-01
-2.9947746665103103e-01
-2.4991459926252280e-01
-2.1125340798594083e-01
-1.8060917962480152e-01
-1.5596251808178579e-01
-1.3585060988693276e-01
-1.1923849651139327e-01
-1.0537076028458381e-01
-9.3649935809240956e-02
-8.3666503224854388e-02
-7.5081247556839162e-02
-6.7641126484936087e-02
-6.1151262781204821e-02
-5.5444824810512716e-02
-5.0401332763745782e-02
-4.5920981548143995e-02
-4.1913867280890547e-02
-3.8319239195287208e-02
-3.5079001321036619e-02
-3.2147725703836505e-02
-2.9489328523282073e-02
-2.7068766927402454e-02
-2.5363410154355316e-02
-2.6278099060994584e-02
-2.7235033021243780e-02
-2.8238059097854647e-02
-2.9287116407679229e-02
-3.0383579867955063e-02
-3.1526248717398155e-02
-3.2710670551135954e-02
-3.3931153111139770e-02
-3.5173651323507554e-02
-3.6419408218273393e-02
-3.7637819622170908e-02
-3.8778973162808796e-02
-3.9768839682942210e-02
-4.0486634068162212e-02
-4.0739626790626295e-02
-4.0203819483287911e-02
-3.8295902945681956e-02
-3.3849814360175139e-02
-2.3809483693292114e-02
2.6922008559021462e-02
1.3581511824650694e-01
2.4160264620182786e-01
3.4500065688431425e-01
4.4676110498850091e-01
5.4735899219119810e-01
6.4703078198364528e-01
7.4593160920647850e-01
8.4411388463090342e-01
9.4167428134184705e-01
1.0387484824783153e+00
1.1353559345218984e+00
1.2316017098875520e+00
0.0000000000000000e+00
1.3464638167935244e-01
0.0000000000000000e+00
0.0000000000000000e+00
];
