%Vec Object:sol 1 MPI processes
%  type: mpi
sol = [
0.0000000000000000e+00
-5.2221491045531955e+01
-3.0277393721799623e+01
-1.5917874991569704e+01
-9.1969036059345850e+00
-5.8666890771232776e+00
-4.0334767928873996e+00
-2.9310561209353514e+00
-2.2196097295247244e+00
-1.7367416681718502e+00
-1.3944796553089303e+00
-1.1429690989059771e+00
-9.5331473521577648e-01
-8.0688846300206585e-01
-6.9146242568188543e-01
-5.9889886048418528e-01
-5.2355180732142104e-01
-4.6142602860881532e-01
-4.0958632606139034e-01
-3.6594480289894754e-01
-3.2886868313154710e-01
-2.9705790229884749e-01
-2.6960342131551052e-01
-2.4575350340052748e-01
-2.2488175858251355e-01
-2.0652149245254769e-01
-1.9030032511954018e-01
-1.7589009261305602e-01
-1.6302290676885839e-01
-1.5150354820940604e-01
-1.4114944968233964e-01
-1.3179184769995847e-01
-1.2332487470006806e-01
-1.1564004519856991e-01
-1.0863005463372682e-01
-1.0222929504567936e-01
-9.6371864978323923e-02
-9.0989910606119329e-02
-8.6036717374099472e-02
-8.1470849266431042e-02
-7.7249875735916976e-02
-7.3338961483593743e-02
-6.9714037775918683e-02
-6.6346003724363500e-02
-6.3206993707690756e-02
-6.0282684967706945e-02
-5.7553610014140583e-02
-5.4997008809162785e-02
-5.2604686216347694e-02
-5.0363081353126414e-02
-4.8254461053654822e-02
-4.6273210929838667e-02
-4.4409818509895720e-02
-4.2651308366485063e-02
-4.0992624406010793e-02
-3.9427412217587693e-02
-3.7946057086023485e-02
-3.6543964484011829e-02
-3.5216941237646744e-02
-3.3957778456109394e-02
-3.2762296549734705e-02
-3.1627787829763387e-02
-3.0548784069711718e-02
-2.9521496164383064e-02
-2.8544237873624183e-02
-2.7612811484674347e-02
-2.6723802398056641e-02
-2.6936720108838730e-02
-2.7714829466026561e-02
-2.8527814568738347e-02
-2.9379698894267305e-02
-3.0272224082369306e-02
-3.1206766169802429e-02
-3.2188159778788160e-02
-3.3218860932673795e-02
-3.4300717346080610e-02
-3.5439564839309629e-02
-3.6638759538194260e-02
-3.7900927473945960e-02
-3.9233178953619656e-02
-4.0640044708904512e-02
-4.2125354205696512e-02
-4.3697890858927030e-02
-4.5363770121039315e-02
-4.7128630962229454e-02
-4.9003520634121937e-02
-5.0996761271705646e-02
-5.3116688763866410e-02
-5.5377508595379522e-02
-5.7790711756619095e-02
-6.0368668112379627e-02
-6.3130128532567234e-02
-6.6091276893629994e-02
-6.9270593250611828e-02
-7.2693588234440998e-02
-7.6383622397745071e-02
-8.0368621174810320e-02
-8.4684506853538913e-02
-8.9366000745332866e-02
-9.4456037752476268e-02
-1.0000721057058012e-01
-1.0607292987659697e-01
-1.1272083696774673e-01
-1.2003141224187690e-01
-1.2809019653683673e-01
-1.3700732874180813e-01
-1.4691236895551277e-01
-1.5794903408674765e-01
-1.7030464401609238e-01
-1.8420050072539376e-01
-1.9989245659527019e-01
-2.1771778301382552e-01
-2.3807889037640212e-01
-2.6145307433958220e-01
-2.8850161374110200e-01
-3.2003200818541289e-01
-3.5708242351986164e-01
-4.0103547048168547e-01
-4.5370094675512873e-01
-5.1753032505255048e-01
-5.9591390364189101e-01
-6.9357018332731168e-01
-8.1730786948134904e-01
-9.7698208021398092e-01
-1.1876641011690685e+00
-1.4730581217426277e+00
-1.8711353471520247e+00
-2.4431824607571744e+00
-3.2924380954810801e+00
-4.5674398180011258e+00
-6.3458304812551658e+00
-7.9700628745660600e+00
-8.1109084019647515e+00
-7.5866659158969787e+00
-6.8340765684323310e+00
-5.1552166487617006e+00
-3.4322828247896937e+00
-2.2968886319955666e+00
-1.6044091143476116e+00
-1.1705522005581390e+00
-8.8633918189845518e-01
-6.9177902637336941e-01
-5.5358080973361123e-01
-4.5222369225430725e-01
-3.7585148487647030e-01
-3.1697286090606719e-01
-2.7066611155408504e-01
-2.3362496776390068e-01
-2.0355089251120237e-01
-1.7881314544546467e-01
-1.5823471815070000e-01
-1.4093634554428272e-01
-1.2626099168882371e-01
-1.1371001922061606e-01
-1.0289130965494500e-01
-9.3504953313262265e-02
-8.5310489005739995e-02
-7.8113515936240968e-02
-7.1762035529042631e-02
-6.6128032787000565e-02
-6.1108253221966016e-02
-5.6618287263941448e-02
-5.2584634755611662e-02
-4.8949528540363739e-02
-4.5662192503175769e-02
-4.2679145388385908e-02
-4.0772982077064396e-02
-4.3125901415487111e-02
-4.5698253352064427e-02
-4.8519194795897141e-02
-5.1620457514532377e-02
-5.5043207612193633e-02
-5.8832971916850690e-02
-6.3044791436704037e-02
-6.7746079153407496e-02
-7.3014097625106952e-02
-7.8947419326622678e-02
-8.5663528620263649e-02
-9.3306615475734656e-02
-1.0205990034252335e-01
-1.1214778906475399e-01
-1.2385961556639097e-01
-1.3756459643534788e-01
-1.5374311428174683e-01
-1.7303471100439666e-01
-1.9628681810969950e-01
-2.2466140226418288e-01
-2.5977076299525947e-01
-3.0389080678238323e-01
-3.6033640556200675e-01
-4.3400683394912820e-01
-5.3235630526968303e-01
-6.6690117264877724e-01
-8.5557449561044052e-01
-1.1254010149241596e+00
-1.5088945704331604e+00
-2.0045337267175092e+00
-2.4442054885167468e+00
-2.5612476714418513e+00
0.0000000000000000e+00
1.3464638167935256e-01
0.0000000000000000e+00
0.0000000000000000e+00
];
