%Vec Object:sol 1 MPI processes
%  type: mpi
sol = [
0.0000000000000000e+00
-9.2932733838697374e+01
-3.7199138540250956e+01
-1.6995517394863768e+01
-9.3601374264193282e+00
-5.8491761223957717e+00
-3.9781591722393652e+00
-2.8717704813248797e+00
-2.1659804462347503e+00
-1.6891761388110635e+00
-1.3529604452718107e+00
-1.1067838953119264e+00
-9.2150185587802491e-01
-7.7871969931402052e-01
-6.6633410311098329e-01
-5.7629007418265443e-01
-5.0310685323850879e-01
-4.4285208410702304e-01
-3.9261077136607431e-01
-3.5034754612670321e-01
-3.1446844839950927e-01
-2.8370249938787667e-01
-2.5716698744746092e-01
-2.3413011108811330e-01
-2.1398085889552773e-01
-1.9626598823093219e-01
-1.8061914218064681e-01
-1.6672556042377579e-01
-1.5432646080358128e-01
-1.4323300130609537e-01
-1.3326766038657811e-01
-1.2426577966174551e-01
-1.1612546999523449e-01
-1.0874142960063242e-01
-1.0200900972776256e-01
-9.5865083945202920e-02
-9.0245846993450327e-02
-8.5085260586125866e-02
-8.0338244160301372e-02
-7.5966434659799659e-02
-7.1927098354966482e-02
-6.8186110719722928e-02
-6.4720392084869488e-02
-6.1501775722564107e-02
-5.8503258275324793e-02
-5.5711169043112865e-02
-5.3106702364990037e-02
-5.0667789535563654e-02
-4.8386649516124591e-02
-4.6250199001724085e-02
-4.4241268162198123e-02
-4.2354515592309891e-02
-4.0580775813022232e-02
-3.8907516396021379e-02
-3.7329893059688583e-02
-3.5841791783172865e-02
-3.4433948560893650e-02
-3.3101947467964105e-02
-3.1841754391918234e-02
-3.0646439369792552e-02
-2.9511984029784128e-02
-2.8435777621759459e-02
-2.7412574951320288e-02
-2.6438738824161732e-02
-2.5512632544751272e-02
-2.4630237782563302e-02
-2.3788286134888353e-02
-2.3928071668771891e-02
-2.4567549484836217e-02
-2.5234246626446237e-02
-2.5931535990973149e-02
-2.6660615863623040e-02
-2.7422311458916000e-02
-2.8220627278401026e-02
-2.9057306716641890e-02
-2.9933487056109050e-02
-3.0853937982695787e-02
-3.1821075528747300e-02
-3.2836586792487014e-02
-3.3906200620653429e-02
-3.5033196995390987e-02
-3.6220137030925179e-02
-3.7473992907382042e-02
-3.8799196888020603e-02
-4.0199639810108573e-02
-4.1683959606593761e-02
-4.3258180593629680e-02
-4.4928183306313957e-02
-4.6704911355555670e-02
-4.8596673359000329e-02
-5.0611910788582265e-02
-5.2765035222447673e-02
-5.5067852756308724e-02
-5.7533701839887222e-02
-6.0181693375608171e-02
-6.3028591500939646e-02
-6.6094642055675779e-02
-6.9406439022889149e-02
-7.2988836599461385e-02
-7.6873005604992717e-02
-8.1097484431790504e-02
-8.5700423453141106e-02
-9.0730884744291446e-02
-9.6247337698608840e-02
-1.0231077245934303e-01
-1.0900088058457602e-01
-1.1641113726378247e-01
-1.2464386419982119e-01
-1.3383415230403639e-01
-1.4414081645663945e-01
-1.5574583048010252e-01
-1.6889158119780132e-01
-1.8386682636594509e-01
-2.0102368319041386e-01
-2.2082685805767097e-01
-2.4385348207664106e-01
-2.7084566187020520e-01
-3.0279418975612754e-01
-3.4098658789812264e-01
-3.8716312411683701e-01
-4.4376942035606148e-01
-5.1419146033744245e-01
-6.0332993912809096e-01
-7.1843277665144523e-01
-8.7048227351380092e-01
-1.0766102769036581e+00
-1.3650057619474691e+00
-1.7825724237977019e+00
-2.4080684744591578e+00
-3.3635595152490603e+00
-4.7380880772673359e+00
-6.0603516057676883e+00
-6.2170377267439196e+00
-5.8200504017969195e+00
-5.2343885232086009e+00
-3.9268232399706795e+00
-2.6123378709377407e+00
-1.8068289001660598e+00
-1.3126615258939498e+00
-9.1992434375594834e-01
-6.6497179415785257e-01
-5.0328189766596365e-01
-3.9428738254700374e-01
-3.1702684960348620e-01
-2.6001429760465972e-01
-2.1680429537762630e-01
-1.8324812412835034e-01
-1.5664076283801048e-01
-1.3522507234613018e-01
-1.1771364145661806e-01
-1.0322477184051483e-01
-9.1140049301361659e-02
-8.0895665714219550e-02
-7.2178326399821580e-02
-6.4683996838697022e-02
-5.8192378920201501e-02
-5.2551355605917269e-02
-4.7598963531609140e-02
-4.3238895178353901e-02
-3.9396532828234847e-02
-3.5961820990675450e-02
-3.2901828227195902e-02
-3.0158030441661592e-02
-2.7680433643279621e-02
-2.5449840639816410e-02
-2.3415694579295498e-02
-2.1999002166194121e-02
-2.2873357646755757e-02
-2.3781172299546290e-02
-2.4735125231637314e-02
-2.5723260271104244e-02
-2.6734690078093339e-02
-2.7764629013246490e-02
-2.8777655800033736e-02
-2.9782500028802009e-02
-3.0737506457371673e-02
-3.1594382971028852e-02
-3.2309632263034287e-02
-3.2762772741229691e-02
-3.2816438329167308e-02
-3.2231310352837987e-02
-3.0568499828213341e-02
-2.7011417625825648e-02
-1.9330595812142984e-02
3.9823822226009151e-02
1.7858751188948721e-01
2.7983358572118261e-01
3.6295244242508823e-01
4.4480977422619888e-01
5.3289596327506472e-01
6.2822020285535884e-01
7.2915532244114789e-01
8.3382006540706632e-01
9.4115876574802937e-01
1.0507423402301435e+00
1.1624616946180564e+00
1.2765435230171924e+00
1.3930541004213428e+00
1.5123048539383888e+00
0.0000000000000000e+00
1.3464638167935225e-01
0.0000000000000000e+00
0.0000000000000000e+00
];
