%Vec Object:sol 1 MPI processes
%  type: mpi
sol = [
0.0000000000000000e+00
-6.2991520824700522e+01
-3.2892417807137285e+01
-1.6454434660556956e+01
-9.3373003435616742e+00
-5.9110799581613414e+00
-4.0468580473116758e+00
-2.9325728029550699e+00
-2.2177528117518333e+00
-1.7329726603715017e+00
-1.3902310713870749e+00
-1.1388069033761581e+00
-9.4921051256833577e-01
-8.0294711563721455e-01
-6.8772352775155721e-01
-5.9537162972635449e-01
-5.2028917947109843e-01
-4.5839439351535688e-01
-4.0673139086990412e-01
-3.6325170458890027e-01
-3.2632323968849042e-01
-2.9464641396197983e-01
-2.6731398918396287e-01
-2.4357545254304216e-01
-2.2280527519393209e-01
-2.0453789848144535e-01
-1.8840198939274908e-01
-1.7407010258630157e-01
-1.6127500953177351e-01
-1.4982226510503399e-01
-1.3952983673149524e-01
-1.3022934911959885e-01
-1.2181548387441268e-01
-1.1418013091612216e-01
-1.0721626221353801e-01
-1.0085862081369555e-01
-9.5041576458335636e-02
-8.9697490623950341e-02
-8.4779898536776074e-02
-8.0249224218075510e-02
-7.6061644837490533e-02
-7.2181058674648899e-02
-6.8584250409547881e-02
-6.5242797952059145e-02
-6.2128955160964866e-02
-5.9228495036075177e-02
-5.6522044023773185e-02
-5.3986943859748150e-02
-5.1615058516999594e-02
-4.9392896664680594e-02
-4.7302814335368544e-02
-4.5339233469780034e-02
-4.3492692966416641e-02
-4.1750291449134704e-02
-4.0107000887154194e-02
-3.8556501763652620e-02
-3.7089240508051131e-02
-3.5700647710738449e-02
-3.4386551575492412e-02
-3.3139793488352519e-02
-3.1956218801213791e-02
-3.0833130267574629e-02
-2.9765100933658806e-02
-2.8748367621500119e-02
-2.7781245854110619e-02
-2.6859571857159519e-02
-2.5979958173917572e-02
-2.6171880127900008e-02
-2.6912242803966504e-02
-2.7685362509831554e-02
-2.8495085517180781e-02
-2.9343001754231608e-02
-3.0230332904431636e-02
-3.1161687038898257e-02
-3.2139321852264494e-02
-3.3164886338863095e-02
-3.4243924857500864e-02
-3.5379532534368922e-02
-3.6574073510803246e-02
-3.7834279857831943e-02
-3.9164335723098923e-02
-4.0567717911373709e-02
-4.2052713404043457e-02
-4.3624972038437612e-02
-4.5289648275207164e-02
-4.7057128566537973e-02
-4.8935100457391675e-02
-5.0931221356327445e-02
-5.3058801989817807e-02
-5.5328453282602344e-02
-5.7751576640575786e-02
-6.0345686569573280e-02
-6.3125721038739424e-02
-6.6108749681284121e-02
-6.9318533455723724e-02
-7.2776625997354877e-02
-7.6508852607229519e-02
-8.0548589367737206e-02
-8.4927861875663133e-02
-8.9686396996445289e-02
-9.4872959838889603e-02
-1.0053680469338029e-01
-1.0674052202057630e-01
-1.1355861529289424e-01
-1.2106996281656714e-01
-1.2937645618478577e-01
-1.3859789369166517e-01
-1.4886680750687528e-01
-1.6035643324979582e-01
-1.7327125068712781e-01
-1.8784726031259344e-01
-2.0439629383395738e-01
-2.2328598354815896e-01
-2.4496702831098344e-01
-2.7004585948715804e-01
-2.9926851604982518e-01
-3.3359482982223532e-01
-3.7430418197487153e-01
-4.2307154910696299e-01
-4.8216754393710898e-01
-5.5473544105247508e-01
-6.4515410917226967e-01
-7.5975180712173951e-01
-9.0768994327764096e-01
-1.1031231552353462e+00
-1.3682229273713975e+00
-1.7386583121810415e+00
-2.2730279115215284e+00
-3.0703947390135720e+00
-4.2788999623872206e+00
-5.9954855445891644e+00
-7.6189749528013575e+00
-7.7919619026879383e+00
-7.2835749908458940e+00
-6.5395944652900422e+00
-4.8863784998416087e+00
-3.2291000622493296e+00
-2.1516058327736638e+00
-1.4984134548405450e+00
-1.0907069965782381e+00
-8.2396917781281453e-01
-6.4175050630824060e-01
-5.1246717354783611e-01
-4.1773799235352027e-01
-3.4640866517393037e-01
-2.9146071647898492e-01
-2.4828489397867048e-01
-2.1378317468630126e-01
-1.8579954542767069e-01
-1.6279969906233166e-01
-1.4368218640983343e-01
-1.2762458636453097e-01
-1.1401258220423212e-01
-1.0238010120769804e-01
-9.2360869720571878e-02
-8.3674763395266541e-02
-7.6097307864986807e-02
-6.9447152041663351e-02
-6.3582452382569141e-02
-5.8383886480638220e-02
-5.3755214434415666e-02
-4.9617754225362340e-02
-4.5903124810373931e-02
-4.2557484387868189e-02
-3.9533591120854340e-02
-3.6791031358269541e-02
-3.4990053936170433e-02
-3.6835811380392533e-02
-3.8843225089054384e-02
-4.1032905588364713e-02
-4.3426556473463475e-02
-4.6053198296888170e-02
-4.8944313215414093e-02
-5.2137774164165561e-02
-5.5679959258232617e-02
-5.9623049292657541e-02
-6.4034065076691793e-02
-6.8991840105870977e-02
-7.4592372187218203e-02
-8.0957407808190759e-02
-8.8233931115430403e-02
-9.6611495375175646e-02
-1.0632956508719058e-01
-1.1769385331106887e-01
-1.3110960270809505e-01
-1.4710537204591695e-01
-1.6639653818114447e-01
-1.8995812978996757e-01
-2.1913539384301459e-01
-2.5583710760954270e-01
-3.0277762213720971e-01
-3.6387531354986280e-01
-4.4470370550502875e-01
-5.5275607157647855e-01
-6.9611595841655594e-01
-8.7498164382273491e-01
-1.0553161852813411e+00
-1.1512628454870708e+00
-1.1328640427662064e+00
0.0000000000000000e+00
1.3464638167935250e-01
0.0000000000000000e+00
0.0000000000000000e+00
];
