%Vec Object:sol 1 MPI processes
%  type: mpi
sol = [
0.0000000000000000e+00
-6.2419300618245771e+01
-3.2765773192070938e+01
-1.6432063217254736e+01
-9.3318867793971609e+00
-5.9092723595824355e+00
-4.0464672309597187e+00
-2.9328372464044832e+00
-2.2183380115676035e+00
-1.7333798677595107e+00
-1.3905201237627620e+00
-1.1392207875751530e+00
-9.4956944124502918e-01
-8.0323910656485753e-01
-6.8796654981402994e-01
-5.9557793754632082e-01
-5.2046732195889944e-01
-4.5857991331687625e-01
-4.0694541259456801e-01
-3.6344967711313125e-01
-3.2650171802312339e-01
-2.9480861118344370e-01
-2.6746242763982453e-01
-2.4371215106342872e-01
-2.2293188117451473e-01
-2.0465575694647944e-01
-1.8851220572252286e-01
-1.7417360214118560e-01
-1.6137257329027380e-01
-1.4991454759367812e-01
-1.3961739649112970e-01
-1.3031267084190254e-01
-1.2189498013031874e-01
-1.1425615976280226e-01
-1.0728913960275098e-01
-1.0092862100889373e-01
-9.5108940565821809e-02
-8.9762433471551176e-02
-8.4842610373865784e-02
-8.0309874166317921e-02
-7.6120369271921701e-02
-7.2238995026451591e-02
-6.8641849018330592e-02
-6.5299977497330075e-02
-6.2185650572163041e-02
-5.9284655051817778e-02
-5.6577628819079101e-02
-5.4041922180681080e-02
-5.1669407881693767e-02
-4.9446601259946300e-02
-4.7355862459413894e-02
-4.5391619000066198e-02
-4.3544412511356573e-02
-4.1801362172016368e-02
-4.0157093866737631e-02
-3.8605515702819157e-02
-3.7137229294976856e-02
-3.5747662636005206e-02
-3.4432641150300730e-02
-3.3185001965763100e-02
-3.2000587773156987e-02
-3.0876699573057692e-02
-2.9807907064955935e-02
-2.8790444692950015e-02
-2.7822626992140973e-02
-2.6900287533598421e-02
-2.6020036666310729e-02
-2.6212962183566280e-02
-2.6955222349935463e-02
-2.7730343820129431e-02
-2.8542181606982887e-02
-2.9392332971986814e-02
-3.0282027030209050e-02
-3.1215882986176155e-02
-3.2196168119099977e-02
-3.3224540975998147e-02
-3.4306560184010730e-02
-3.5445333469096667e-02
-3.6643237549219901e-02
-3.7907022938064992e-02
-3.9240890485752661e-02
-4.0648333916231252e-02
-4.2137664319576600e-02
-4.3714553922060799e-02
-4.5384180401691877e-02
-4.7156962168625208e-02
-4.9040617200365968e-02
-5.1042835364167344e-02
-5.3176970475401646e-02
-5.5453675533210268e-02
-5.7884398173621815e-02
-6.0486712174675952e-02
-6.3275614858623125e-02
-6.6268242993504520e-02
-6.9488441016888086e-02
-7.2957848291732352e-02
-7.6702389721708772e-02
-8.0755562236475051e-02
-8.5149518724927695e-02
-8.9924137516191660e-02
-9.5128364317162123e-02
-1.0081164859250004e-01
-1.0703681795126910e-01
-1.1387865597608766e-01
-1.2141635175559448e-01
-1.2975218145472878e-01
-1.3900639720744049e-01
-1.4931204868213876e-01
-1.6084302259442532e-01
-1.7380457318203843e-01
-1.8843361010508855e-01
-2.0504312806930580e-01
-2.2400779867168147e-01
-2.4578586648495579e-01
-2.7097970810811173e-01
-3.0032647737501800e-01
-3.3478636296585051e-01
-3.7565396026299291e-01
-4.2461042852683789e-01
-4.8393459365725333e-01
-5.5678082205164592e-01
-6.4754301032094574e-01
-7.6257032772739897e-01
-9.1123047365192045e-01
-1.1073973262263728e+00
-1.3734566848542413e+00
-1.7453144583330982e+00
-2.2816337832003470e+00
-3.0818623846894342e+00
-4.2939293462548491e+00
-6.0137982919559736e+00
-7.6379795059773743e+00
-7.8093386882788618e+00
-7.2999924003662944e+00
-6.5554689927245047e+00
-4.9006887893864581e+00
-3.2397299352222744e+00
-2.1591504617779211e+00
-1.5039641521192462e+00
-1.0948510408051051e+00
-8.2726019914440474e-01
-6.4438135397772200e-01
-5.1462605663034611e-01
-4.1954827542125694e-01
-3.4796853446762294e-01
-2.9282739075112862e-01
-2.4948415757369358e-01
-2.1484740994094867e-01
-1.8675320861324102e-01
-1.6366159155645579e-01
-1.4446704418488268e-01
-1.2834409777090983e-01
-1.1467615258474805e-01
-1.0299540067536379e-01
-9.2934193498819859e-02
-8.4211357294965442e-02
-7.6601570865829666e-02
-6.9922792418624674e-02
-6.4032642823355093e-02
-5.8811340793207365e-02
-5.4162276983103011e-02
-5.0006468501881902e-02
-4.6275264550840939e-02
-4.2914618068601820e-02
-3.9877101898977939e-02
-3.7122141491541694e-02
-3.5316337355347532e-02
-3.7191935736498961e-02
-3.9232703519189761e-02
-4.1459782822912405e-02
-4.3895710885645742e-02
-4.6570246168643775e-02
-4.9515652801852938e-02
-5.2770906623807456e-02
-5.6383741336759233e-02
-6.0407964615221708e-02
-6.4912648089374761e-02
-6.9979151997760738e-02
-7.5706622447476918e-02
-8.2219680874073123e-02
-8.9671282528743498e-02
-9.8257612296571623e-02
-1.0822679283175260e-01
-1.1989602198543949e-01
-1.3368616846505726e-01
-1.5014718245096342e-01
-1.7002455533463007e-01
-1.9433653329962672e-01
-2.2449185410457756e-01
-2.6249574439870915e-01
-3.1121326439211855e-01
-3.7480769909401068e-01
-4.5928335379557939e-01
-5.7284552210688000e-01
-7.2481911011097588e-01
-9.1737638816006906e-01
-1.1174545800054125e+00
-1.2317140334826233e+00
-1.2195228355906460e+00
0.0000000000000000e+00
1.3464638167935258e-01
0.0000000000000000e+00
0.0000000000000000e+00
];
