%Vec Object:sol 1 MPI processes
%  type: mpi
sol = [
0.0000000000000000e+00
-4.8167457601208113e+01
-2.9079037641453635e+01
-1.5637241994912731e+01
-9.1119420581355115e+00
-5.8349250205668630e+00
-4.0196379838678951e+00
-2.9245826433895448e+00
-2.2164265328582471e+00
-1.7352092251269975e+00
-1.3939338764977272e+00
-1.1428862251821921e+00
-9.5350209507985018e-01
-8.0723676326851213e-01
-6.9190778468274927e-01
-5.9940228208758062e-01
-5.2414598024118164e-01
-4.6203881188783913e-01
-4.1019706295863467e-01
-3.6654874364593415e-01
-3.2946290497947256e-01
-2.9764093052255797e-01
-2.7017427382499282e-01
-2.4631168818618907e-01
-2.2542723691445485e-01
-2.0705438990102612e-01
-1.9082084794092000e-01
-1.7639858310020243e-01
-1.6351979066797276e-01
-1.5198921413568758e-01
-1.4162431237646714e-01
-1.3225637743820010e-01
-1.2377947851594445e-01
-1.1608512439879155e-01
-1.0906603197745421e-01
-1.0265655044981493e-01
-9.6790759891054789e-02
-9.1400806242850755e-02
-8.6439979957729424e-02
-8.1868486301805016e-02
-7.7642312730323196e-02
-7.3726206645569864e-02
-7.0096122363699817e-02
-6.6722981407267262e-02
-6.3578934373899748e-02
-6.0649671290982893e-02
-5.7915734033063271e-02
-5.5354156292648754e-02
-5.2956232050319615e-02
-5.0709254072552112e-02
-4.8595469228838728e-02
-4.6609258925698102e-02
-4.4741101176992440e-02
-4.2978002464148117e-02
-4.1314903493666913e-02
-3.9745443874596165e-02
-3.8259993019763329e-02
-3.6853952700875818e-02
-3.5523127031065221e-02
-3.4260293485423018e-02
-3.3061267587976659e-02
-3.1923341796790981e-02
-3.0841036325772123e-02
-2.9810555823131950e-02
-2.8830216580183112e-02
-2.7895811135110044e-02
-2.7003917397180013e-02
-2.7225374678537511e-02
-2.8018366042770276e-02
-2.8847070997684788e-02
-2.9715582510603900e-02
-3.0625702158340328e-02
-3.1578867016597109e-02
-3.2580000572428651e-02
-3.3631637054318979e-02
-3.4735702626228264e-02
-3.5898147437501055e-02
-3.7122430362337415e-02
-3.8411280614240831e-02
-3.9771956837828880e-02
-4.1209125997545393e-02
-4.2726756227336488e-02
-4.4333825534079573e-02
-4.6036632109886906e-02
-4.7841005059152140e-02
-4.9758250446425227e-02
-5.1796939064486250e-02
-5.3965672546505937e-02
-5.6279006425648363e-02
-5.8748775934076541e-02
-6.1387729527753364e-02
-6.4215101069076769e-02
-6.7247560839732448e-02
-7.0504139165044694e-02
-7.4011028958954228e-02
-7.7792294673670562e-02
-8.1876679337626643e-02
-8.6301095960982149e-02
-9.1101313406113729e-02
-9.6321512444318871e-02
-1.0201577117146210e-01
-1.0823911083442272e-01
-1.1506112866410458e-01
-1.2256461723562379e-01
-1.3083769033395604e-01
-1.3999366956287249e-01
-1.5016587680120722e-01
-1.6150233049917609e-01
-1.7419576224579494e-01
-1.8847392517462341e-01
-2.0460026670422221e-01
-2.2292177810507793e-01
-2.4385434629878200e-01
-2.6790692004296990e-01
-2.9574736492088216e-01
-3.2818870784507725e-01
-3.6629648168497109e-01
-4.1150536688548633e-01
-4.6567567065759213e-01
-5.3132621197723984e-01
-6.1193860140478074e-01
-7.1235569715260405e-01
-8.3956010565349981e-01
-1.0038333214426283e+00
-1.2202774170495381e+00
-1.5131953376245677e+00
-1.9213538430095345e+00
-2.5072166100031588e+00
-3.3746467088848355e+00
-4.6701812704741457e+00
-6.4619923102210421e+00
-8.0691203118201713e+00
-8.1926452720196536e+00
-7.6650961317115991e+00
-6.9153484446516789e+00
-5.2423244101080746e+00
-3.5041106150878516e+00
-2.3501194459246566e+00
-1.6436764441892235e+00
-1.2003472622452245e+00
-9.0952617687990311e-01
-7.1042348311984471e-01
-5.6890273339677888e-01
-4.6501971827699684e-01
-3.8672112620104621e-01
-3.2634101342250987e-01
-2.7884125310651392e-01
-2.4084100172609166e-01
-2.0998535905349033e-01
-1.8459710183945813e-01
-1.6347139423433657e-01
-1.4570795473908624e-01
-1.3063389013275623e-01
-1.1773843175538613e-01
-1.0661905156963113e-01
-9.6968069300175805e-02
-8.8540668215509793e-02
-8.1137438721691268e-02
-7.4602468292975732e-02
-6.8804412527658274e-02
-6.3637326015272805e-02
-5.9014598090691421e-02
-5.4860779872401212e-02
-5.1116592412844830e-02
-4.7729910032387295e-02
-4.4656084303290523e-02
-4.2705081160949246e-02
-4.5216832612932668e-02
-4.7965343005680068e-02
-5.0982253330778562e-02
-5.4302125959599989e-02
-5.7969641327405876e-02
-6.2034384061624918e-02
-6.6556295496838683e-02
-7.1608773420655414e-02
-7.7276167919892724e-02
-8.3665949638803125e-02
-9.0906437538330317e-02
-9.9155263021987752e-02
-1.0861272460480054e-01
-1.1952459480165696e-01
-1.3220894055856061e-01
-1.4707244421759491e-01
-1.6464118281294624e-01
-1.8561853475947851e-01
-2.1093822103475027e-01
-2.4188229116913496e-01
-2.8022799213801158e-01
-3.2848696783601988e-01
-3.9034704936837200e-01
-4.7126780812248492e-01
-5.7959952613571319e-01
-7.2838770086862492e-01
-9.3818706023312937e-01
-1.2405714482647290e+00
-1.6767430473911802e+00
-2.2563806154887507e+00
-2.7991534031339191e+00
-2.9622059104100456e+00
0.0000000000000000e+00
1.3464638167935253e-01
0.0000000000000000e+00
0.0000000000000000e+00
];
