%Vec Object:sol 1 MPI processes
%  type: mpi
sol = [
0.0000000000000000e+00
-5.2986218506458727e+01
-3.0483355020799522e+01
-1.5964652008595694e+01
-9.2101783080605859e+00
-5.8718918723302478e+00
-4.0354380568896921e+00
-2.9317055631128666e+00
-2.2200006194982267e+00
-1.7370918071450161e+00
-1.3943185350725260e+00
-1.1428629047828680e+00
-9.5324130662573947e-01
-8.0683477033049589e-01
-6.9138150527507336e-01
-5.9870836296164087e-01
-5.2335072358482271e-01
-4.6124867195733943e-01
-4.0942754837169992e-01
-3.6580086478626234e-01
-3.2873677806264540e-01
-2.9693584280270763e-01
-2.6948955469061175e-01
-2.4564653974145545e-01
-2.2478065483659648e-01
-2.0642541945383405e-01
-1.9020862215806492e-01
-1.7580221173792368e-01
-1.6293838926569504e-01
-1.5142194816960414e-01
-1.4106450237629878e-01
-1.3170411805340981e-01
-1.2323516580655949e-01
-1.1554900054025531e-01
-1.0853818591164856e-01
-1.0213701759026554e-01
-9.6279512664226713e-02
-9.0897750802734531e-02
-8.5944992833108760e-02
-8.1381422532220068e-02
-7.7163001778680351e-02
-7.3254463731631664e-02
-6.9631756911089415e-02
-6.6265795734204019e-02
-6.3128728403092457e-02
-6.0206243098083416e-02
-5.7478882754756412e-02
-5.4923897920486395e-02
-5.2533100101724184e-02
-5.0292935658829432e-02
-4.8185679906887775e-02
-4.6205722532637501e-02
-4.4343556145001350e-02
-4.2586211951075786e-02
-4.0928636810772565e-02
-3.9364479676920174e-02
-3.7884131073190191e-02
-3.6482998889199293e-02
-3.5156892012483877e-02
-3.3898605715793478e-02
-3.2703962610056904e-02
-3.1570256072474018e-02
-3.0492021204304835e-02
-2.9465471042766700e-02
-2.8488919655542240e-02
-2.7558172008217047e-02
-2.6669815648432939e-02
-2.6881180817954032e-02
-2.7656521226482839e-02
-2.8466583186299781e-02
-2.9315377349230509e-02
-3.0204634461897764e-02
-3.1135719512620980e-02
-3.2113450769824102e-02
-3.3140270050006089e-02
-3.4218010888174034e-02
-3.5352488128935697e-02
-3.6547039254011218e-02
-3.7804271664715734e-02
-3.9131268540255858e-02
-4.0532535934027197e-02
-4.2011878301659755e-02
-4.3578043590616268e-02
-4.5237114221312484e-02
-4.6994694914816282e-02
-4.8861785917109095e-02
-5.0846664531845949e-02
-5.2957618856941634e-02
-5.5208791041801639e-02
-5.7611610197021393e-02
-6.0178378250757357e-02
-6.2927759039398817e-02
-6.5875849307397261e-02
-6.9041030639160519e-02
-7.2448691271321558e-02
-7.6122066168835323e-02
-8.0088934967772321e-02
-8.4385043121098985e-02
-8.9044925912216272e-02
-9.4111297038201938e-02
-9.9636485578232264e-02
-1.0567361777709644e-01
-1.1228998952812902e-01
-1.1956567361446635e-01
-1.2758575949052897e-01
-1.3645982776803850e-01
-1.4631678067127238e-01
-1.5729591319320638e-01
-1.6958181820180196e-01
-1.8339793204404642e-01
-1.9899823234163685e-01
-2.1671757889324367e-01
-2.3695711768435576e-01
-2.6020762394616814e-01
-2.8711346778008656e-01
-3.1847767478542965e-01
-3.5533321391494194e-01
-3.9905591936268642e-01
-4.5144687421294966e-01
-5.1494604576247172e-01
-5.9292830975472299e-01
-6.9009146604517191e-01
-8.1304018121917909e-01
-9.7182339842985843e-01
-1.1814675631108322e+00
-1.4655201737061581e+00
-1.8613074355184156e+00
-2.4309605979948721e+00
-3.2763284203873106e+00
-4.5467503444854449e+00
-6.3219963979937788e+00
-7.9473856467740545e+00
-8.0913125600906568e+00
-7.5682520666557176e+00
-6.8158502940307386e+00
-5.1372494085033891e+00
-3.4183353174534297e+00
-2.2867165188624701e+00
-1.5968597046637552e+00
-1.1649303195576433e+00
-8.8188356265914158e-01
-6.8822394536586984e-01
-5.5068105094184527e-01
-4.4980739175308609e-01
-3.7380166173798474e-01
-3.1518910020900154e-01
-2.6909485888217638e-01
-2.3223244754968278e-01
-2.0231112624782735e-01
-1.7769990722466658e-01
-1.5722749570334177e-01
-1.4001889998869319e-01
-1.2542028358650906e-01
-1.1293544033506227e-01
-1.0217417058358902e-01
-9.2838032742556018e-02
-8.4687746732078267e-02
-7.7529871685955931e-02
-7.1213157282912595e-02
-6.5610224741373069e-02
-6.0618332906977671e-02
-5.6153491394189688e-02
-5.2142571486459503e-02
-4.8528093147513225e-02
-4.5259536816198542e-02
-4.2293643120287668e-02
-4.0395701030762884e-02
-4.2717016819105454e-02
-4.5254280450149398e-02
-4.8036145767202200e-02
-5.1093770481452826e-02
-5.4467608084419764e-02
-5.8202316039032601e-02
-6.2351325156151535e-02
-6.6981290471139140e-02
-7.2168025229881402e-02
-7.8008237958506171e-02
-8.4617136934566267e-02
-9.2136081451082388e-02
-1.0074468805067315e-01
-1.1066283857380237e-01
-1.2217502217169277e-01
-1.3564441625890658e-01
-1.5154002208983863e-01
-1.7048830632764558e-01
-1.9331901435622190e-01
-2.2116948202452111e-01
-2.5561708640174846e-01
-2.9888709190575757e-01
-3.5421839663341537e-01
-4.2639315630789731e-01
-5.2264124291423730e-01
-6.5418949850103236e-01
-8.3846039850618714e-01
-1.1014371663753499e+00
-1.4736467099500488e+00
-1.9514478829890725e+00
-2.3693426746229607e+00
-2.4768462915842990e+00
0.0000000000000000e+00
1.3464638167935244e-01
0.0000000000000000e+00
0.0000000000000000e+00
];
