%Vec Object:sol 1 MPI processes
%  type: mpi
sol = [
0.0000000000000000e+00
-1.0247938954251914e+02
-3.7908667455359094e+01
-1.6984389796716407e+01
-9.2968965841731759e+00
-5.7936049391519520e+00
-3.9345725301660419e+00
-2.8374844177867349e+00
-2.1380953376336120e+00
-1.6665743563137712e+00
-1.3339460381102541e+00
-1.0907341233116838e+00
-9.0766195939198768e-01
-7.6659437800607888e-01
-6.5559761789175286e-01
-5.6672694904869858e-01
-4.9454656275709663e-01
-4.3509689610934410e-01
-3.8552977760997620e-01
-3.4384504280899469e-01
-3.0846650944979076e-01
-2.7813695788326215e-01
-2.5198456429098592e-01
-2.2928614686864707e-01
-2.0943765319098456e-01
-1.9199143037174077e-01
-1.7659085432598942e-01
-1.6292031733550943e-01
-1.5072242939032668e-01
-1.3981116926040943e-01
-1.3001145597661959e-01
-1.2115794212339136e-01
-1.1315361757607088e-01
-1.0589467250697508e-01
-9.9277759020325013e-02
-9.3240658495006748e-02
-8.7720429696637417e-02
-8.2651898464903686e-02
-7.7990614332533278e-02
-7.3698755939221428e-02
-6.9734175541085769e-02
-6.6063226390294313e-02
-6.2663161303178977e-02
-5.9506214797574362e-02
-5.6565775898613183e-02
-5.3828366296110715e-02
-5.1275454954120878e-02
-4.8885315942083167e-02
-4.6650264877296475e-02
-4.4557412723216186e-02
-4.2589876381659689e-02
-4.0742370547444860e-02
-3.9005866859132696e-02
-3.7368054392535148e-02
-3.5824143986121576e-02
-3.4368109120830423e-02
-3.2990858177924423e-02
-3.1688032641145468e-02
-3.0455649276686099e-02
-2.9286913037375035e-02
-2.8177866158463426e-02
-2.7125921763750345e-02
-2.6125940910723171e-02
-2.5174349767418426e-02
-2.4269515620505944e-02
-2.3407504360219086e-02
-2.2585112634407701e-02
-2.2695093013441931e-02
-2.3277871275815328e-02
-2.3884724571014579e-02
-2.4518737501712518e-02
-2.5180886958499453e-02
-2.5871778143492941e-02
-2.6595049117320864e-02
-2.7352148985204255e-02
-2.8143928601005494e-02
-2.8974688670949600e-02
-2.9846453041011408e-02
-3.0760525440284708e-02
-3.1722028650484548e-02
-3.2733716487713019e-02
-3.3797624971409132e-02
-3.4919932951308949e-02
-3.6104359287795970e-02
-3.7354061116098874e-02
-3.8676621391257243e-02
-4.0077083412883942e-02
-4.1560283758427276e-02
-4.3135736225401358e-02
-4.4810366513471388e-02
-4.6591517431385919e-02
-4.8491449629049492e-02
-5.0519856274780048e-02
-5.2687852038403739e-02
-5.5011742697309726e-02
-5.7505430460964894e-02
-6.0185808991919713e-02
-6.3075362427050266e-02
-6.6194625731077983e-02
-6.9569582036157804e-02
-7.3232534908755892e-02
-7.7214352793050528e-02
-8.1555487353867070e-02
-8.6305178389328011e-02
-9.1513391024656762e-02
-9.7246036694470739e-02
-1.0358019523242940e-01
-1.1059934723349875e-01
-1.1841462415620907e-01
-1.2715605001145863e-01
-1.3697142838914453e-01
-1.4805890161342089e-01
-1.6065312760925576e-01
-1.7503901292434221e-01
-1.9159339339306725e-01
-2.1078194864102967e-01
-2.3320181947227120e-01
-2.5964963072525382e-01
-2.9116238365755415e-01
-3.2914300332657476e-01
-3.7552996858163007e-01
-4.3298422724492686e-01
-5.0538089905735861e-01
-5.9841721915284052e-01
-7.2064471996746193e-01
-8.8543219605433310e-01
-1.1140435497323631e+00
-1.4411878270543375e+00
-1.9229064173606536e+00
-2.6347875919200732e+00
-3.5887969253472769e+00
-4.3709848804605045e+00
-4.3857405021057900e+00
-4.1122551741339990e+00
-3.7527870592724279e+00
-2.9688163964684553e+00
-2.0669218632040929e+00
-1.4174524531460777e+00
-1.0028932934703199e+00
-7.3716975565025877e-01
-5.6039472888109942e-01
-4.3789905219097686e-01
-3.4989756946860445e-01
-2.8478667306122940e-01
-2.3543644373531863e-01
-1.9728111103344653e-01
-1.6724753489472458e-01
-1.4323427518151377e-01
-1.2376502753458000e-01
-1.0777472850984493e-01
-9.4496786829060431e-02
-8.3359121708972098e-02
-7.3924062481650829e-02
-6.5870335608244276e-02
-5.8940274056128734e-02
-5.2938369761399123e-02
-4.7709157160851973e-02
-4.3124743606832591e-02
-3.9087095447407273e-02
-3.5513571256350823e-02
-3.2335362502008531e-02
-2.9498354987399566e-02
-2.6954282157152967e-02
-2.4664911797163916e-02
-2.2597254159337308e-02
-2.0722273651239104e-02
-1.9400155557934621e-02
-2.0077463859517565e-02
-2.0786036554743710e-02
-2.1526239295387758e-02
-2.2296126778956264e-02
-2.3094615884485272e-02
-2.3917586805231480e-02
-2.4758710731147479e-02
-2.5609155792036403e-02
-2.6452912313299881e-02
-2.7268560498875109e-02
-2.8021974926699625e-02
-2.8660612207315684e-02
-2.9105497039726817e-02
-2.9228507242305694e-02
-2.8822214196880216e-02
-2.7524325533975380e-02
-2.4633936897961756e-02
-1.8474072397079006e-02
2.6533699041926253e-03
7.4056640007577487e-02
1.4897079225142928e-01
2.2815828583035824e-01
3.1231917180907814e-01
4.0213719847311147e-01
4.9823390005691365e-01
6.0118642035072800e-01
7.1159935853476397e-01
8.3003650669340479e-01
9.5711364270842181e-01
1.0933305401542135e+00
1.2393756471511697e+00
1.3958092921212180e+00
0.0000000000000000e+00
1.3464638167935250e-01
0.0000000000000000e+00
0.0000000000000000e+00
];
