%Vec Object:sol 1 MPI processes
%  type: mpi
sol = [
0.0000000000000000e+00
-4.9107070610443905e+01
-2.9370624227057931e+01
-1.5707943950801505e+01
-9.1332404424805720e+00
-5.8437059179984301e+00
-4.0233293862120068e+00
-2.9260736887048706e+00
-2.2174310698530380e+00
-1.7360337239050592e+00
-1.3939854824660305e+00
-1.1429559186872962e+00
-9.5357597065346467e-01
-8.0730769360604759e-01
-6.9195957812515207e-01
-5.9931981872567153e-01
-5.2397627809396685e-01
-4.6187661807717612e-01
-4.1005097031593335e-01
-3.6641524508789441e-01
-3.2933941807522188e-01
-2.9752546026923682e-01
-2.7006535960203065e-01
-2.4620821538742160e-01
-2.2532831236268103e-01
-2.0695932149087853e-01
-1.9072910124941295e-01
-1.7630971970106418e-01
-1.6343344715116762e-01
-1.5190511001674553e-01
-1.4154221498783948e-01
-1.3217613801521277e-01
-1.2369659491727962e-01
-1.1599947877710139e-01
-1.0897828687145103e-01
-1.0256725605893724e-01
-9.6700368763741745e-02
-9.1309686793178316e-02
-8.6348436947774068e-02
-8.1776771841655077e-02
-7.7550632971161576e-02
-7.3634730867954912e-02
-7.0004989976755361e-02
-6.6632305950574011e-02
-6.3488808335261410e-02
-6.0560169037230063e-02
-5.7826915616294994e-02
-5.5266279811637932e-02
-5.2870064296863112e-02
-5.0624703400872786e-02
-4.8512453235040567e-02
-4.6527699488899212e-02
-4.4660925623730897e-02
-4.2899145422517493e-02
-4.1237302645360387e-02
-3.9669040464095313e-02
-3.8184734106123212e-02
-3.6779787852265454e-02
-3.5450007932680737e-02
-3.4188176476740911e-02
-3.2990111341979489e-02
-3.1853105987286197e-02
-3.0771684368331411e-02
-2.9742053467870934e-02
-2.8762529721824647e-02
-2.7828908695070691e-02
-2.6937770695996281e-02
-2.7157284426814532e-02
-2.7946840729766925e-02
-2.8771919972666472e-02
-2.9636599363245843e-02
-3.0542667062412019e-02
-3.1491546530259540e-02
-3.2488141166315598e-02
-3.3534967724632603e-02
-3.4633934918913374e-02
-3.5790967147749264e-02
-3.7009500381161492e-02
-3.8292240939471089e-02
-3.9646414186882799e-02
-4.1076656807759029e-02
-4.2586906248011244e-02
-4.4186097041493518e-02
-4.5880486902237207e-02
-4.7675862973383117e-02
-4.9583473765427932e-02
-5.1611835208789231e-02
-5.3769490474758583e-02
-5.6070917646813538e-02
-5.8527876347773504e-02
-6.1153032058075645e-02
-6.3965512372274339e-02
-6.6981881287596343e-02
-7.0221049067439756e-02
-7.3709059447146216e-02
-7.7469823980190658e-02
-8.1531908271648953e-02
-8.5932010246073748e-02
-9.0705672784591504e-02
-9.5896808074957540e-02
-1.0155917436281092e-01
-1.0774744827740974e-01
-1.1453080878866830e-01
-1.2199155538187190e-01
-1.3021725667508061e-01
-1.3932056050180855e-01
-1.4943399582548261e-01
-1.6070468064171861e-01
-1.7332421550959307e-01
-1.8751847945658057e-01
-2.0353724947978605e-01
-2.2173453197261564e-01
-2.4252287101676503e-01
-2.6640695423072308e-01
-2.9404909344614016e-01
-3.2627472969851201e-01
-3.6414549612907116e-01
-4.0907488836546091e-01
-4.6291297918805230e-01
-5.2816516522480050e-01
-6.0829521326281577e-01
-7.0812231127874947e-01
-8.3452756336342404e-01
-9.9758364363680607e-01
-1.2127663789697798e+00
-1.5041221011182242e+00
-1.9099226500776221e+00
-2.4927136275061299e+00
-3.3558567860516262e+00
-4.6473605884922744e+00
-6.4369486613678735e+00
-8.0496129649527539e+00
-8.1773691351347484e+00
-7.6505140732564421e+00
-6.8995499535350984e+00
-5.2236374781159673e+00
-3.4881060951769274e+00
-2.3380196161601772e+00
-1.6347612999817862e+00
-1.1935188708237254e+00
-9.0425151246343083e-01
-7.0615291679693837e-01
-5.6536556647406788e-01
-4.6207861104265596e-01
-3.8423202907673493e-01
-3.2420255443223039e-01
-2.7698026551374599e-01
-2.3920334050034742e-01
-2.0852361975337738e-01
-1.8328010044547108e-01
-1.6227685296836383e-01
-1.4461798149766608e-01
-1.2963393904151516e-01
-1.1681654142752419e-01
-1.0576610681153488e-01
-9.6176920627839863e-02
-8.7803838057475506e-02
-8.0448642481976598e-02
-7.3956353468758201e-02
-6.8196416354704650e-02
-6.3063523476469915e-02
-5.8471585394660797e-02
-5.4345612642037355e-02
-5.0626683595369246e-02
-4.7262990301540554e-02
-4.4210158531284773e-02
-4.2269747273579086e-02
-4.4746241855724650e-02
-4.7455684464420542e-02
-5.0429173298959740e-02
-5.3700653129905122e-02
-5.7314037561267635e-02
-6.1318027170751681e-02
-6.5771496476706715e-02
-7.0746541352895001e-02
-7.6325972389763186e-02
-8.2615328532221893e-02
-8.9740579959462982e-02
-9.7856447748473407e-02
-1.0715953663407241e-01
-1.1789100532127307e-01
-1.3036294961775133e-01
-1.4497238375792271e-01
-1.6223393147506329e-01
-1.8283868574630854e-01
-2.0770122779668515e-01
-2.3807695800098369e-01
-2.7571050611203657e-01
-3.2306942477392220e-01
-3.8375564671180556e-01
-4.6311007700710155e-01
-5.6929426810008044e-01
-7.1499595020565121e-01
-9.2020193647715554e-01
-1.2156728701235617e+00
-1.6405714400947458e+00
-2.2025799828842696e+00
-2.7234419943440189e+00
-2.8766513438235353e+00
0.0000000000000000e+00
1.3464638167935236e-01
0.0000000000000000e+00
0.0000000000000000e+00
];
