%Vec Object:sol 1 MPI processes
%  type: mpi
sol = [
0.0000000000000000e+00
-5.1848895936090251e+01
-3.0175957422343291e+01
-1.5894730330109072e+01
-9.1903242136625867e+00
-5.8641073417632006e+00
-4.0325010140334649e+00
-2.9303322296442564e+00
-2.2194212898456440e+00
-1.7365724669655189e+00
-1.3945333072302568e+00
-1.1430246182889827e+00
-9.5335337603820647e-01
-8.0691684931237118e-01
-6.9148463035683672e-01
-5.9891739976983116e-01
-5.2362568403579424e-01
-4.6151518105575173e-01
-4.0966607305493169e-01
-3.6601703386923551e-01
-3.2893481715260958e-01
-2.9711904510483511e-01
-2.6966040976375499e-01
-2.4580699115228144e-01
-2.2493227403440649e-01
-2.0656945606448041e-01
-1.9034607237555717e-01
-1.7593390168460266e-01
-1.6306501043169694e-01
-1.5154413457997279e-01
-1.4118867746179306e-01
-1.3182985635852285e-01
-1.2336177790919213e-01
-1.1567594063919852e-01
-1.0866503025922171e-01
-1.0226342466792857e-01
-9.6405212773491997e-02
-9.1022535856501455e-02
-8.6068699879801022e-02
-8.1503925463595708e-02
-7.7284206186304188e-02
-7.3374299980475427e-02
-6.9750175326242003e-02
-6.6382763180851082e-02
-6.3244224571807742e-02
-6.0320273520628000e-02
-5.7590665336946296e-02
-5.5033253684355486e-02
-5.2640166733029820e-02
-5.0397839943431465e-02
-4.8288535850361997e-02
-4.6306638030976018e-02
-4.4442631450600734e-02
-4.2683537327526361e-02
-4.1024298086631210e-02
-3.9458557621894236e-02
-3.7976698575379469e-02
-3.6574125203930635e-02
-3.5246643294235519e-02
-3.3987041859242825e-02
-3.2791140201713961e-02
-3.1656230093105364e-02
-3.0576841634256020e-02
-2.9549184643113638e-02
-2.8571572719108599e-02
-2.7639806805119023e-02
-2.6750471224696259e-02
-2.6964151813070866e-02
-2.7743624589181774e-02
-2.8558048903574745e-02
-2.9411454544580710e-02
-3.0305588495026844e-02
-3.1241832207081086e-02
-3.2225028346443640e-02
-3.3257639905574857e-02
-3.4341521548642652e-02
-3.5482519407722748e-02
-3.6683998754231117e-02
-3.7948594750150728e-02
-3.9283431032395497e-02
-4.0693050436931215e-02
-4.2181294688093937e-02
-4.3756964620378640e-02
-4.5426191885233939e-02
-4.7194632240176421e-02
-4.9073356012706952e-02
-5.1070707319136967e-02
-5.3195045472396549e-02
-5.5460607036124099e-02
-5.7878913333524670e-02
-6.0462367526228231e-02
-6.3229763172584996e-02
-6.6197326849105093e-02
-6.9383586866420974e-02
-7.2814113861450577e-02
-7.6512329914677296e-02
-8.0506231894085914e-02
-8.4831828745581123e-02
-8.9523932889497226e-02
-9.4625587576758444e-02
-1.0018951462799575e-01
-1.0626926397103256e-01
-1.1293264602292526e-01
-1.2026034073852448e-01
-1.2833810984286589e-01
-1.3727636543192479e-01
-1.4720498950454589e-01
-1.5826806505860719e-01
-1.7065337227257490e-01
-1.8458275937917454e-01
-2.0031271809046011e-01
-2.1818133673006010e-01
-2.3859372547516708e-01
-2.6204559670271710e-01
-2.8918369380949988e-01
-3.2079556242363050e-01
-3.5794148872807718e-01
-4.0200739208462477e-01
-4.5480732210491331e-01
-5.1879836094522791e-01
-5.9737831947382170e-01
-6.9527576438690375e-01
-8.1931321981075067e-01
-9.7951209756890900e-01
-1.1907011967556902e+00
-1.4767496983637161e+00
-1.8757308229766265e+00
-2.4491609905638105e+00
-3.3003057364077328e+00
-4.5772805803666410e+00
-6.3573352894576489e+00
-7.9808201177672871e+00
-8.1200751003278402e+00
-7.5952635067598697e+00
-6.8426363242772839e+00
-5.1638131183160842e+00
-3.4390198067041422e+00
-2.3018221052192427e+00
-1.6080776309022700e+00
-1.1732845870940978e+00
-8.8844847154684525e-01
-6.9350819762391380e-01
-5.5499081808268602e-01
-4.5339822405323077e-01
-3.7684752047404385e-01
-3.1783042511122872e-01
-2.7141406061566770e-01
-2.3428911288989773e-01
-2.0415097549574546e-01
-1.7935352714824532e-01
-1.5872343934997568e-01
-1.4138132606996706e-01
-1.2666859019238794e-01
-1.1408540803134824e-01
-1.0323872503921584e-01
-9.3827915232379808e-02
-8.5611941263572952e-02
-7.8395934190277905e-02
-7.2027530399039350e-02
-6.6378404681406170e-02
-6.1345052224546996e-02
-5.6842859020534812e-02
-5.2798143904339248e-02
-4.9152999672805675e-02
-4.5856525165605705e-02
-4.2865131015383973e-02
-4.0954934181511013e-02
-4.3323019973841713e-02
-4.5912205623670557e-02
-4.8751888228173668e-02
-5.1874073519248602e-02
-5.5320267688315133e-02
-5.9136390639340203e-02
-6.3377958258198114e-02
-6.8112963740765808e-02
-7.3419357369864227e-02
-7.9396575243172285e-02
-8.6163154102084236e-02
-9.3864590312266155e-02
-1.0268576502469701e-01
-1.1285316338694104e-01
-1.2465985059056520e-01
-1.3848013693127562e-01
-1.5479766370759096e-01
-1.7425411487004225e-01
-1.9770721554809734e-01
-2.2633164927762461e-01
-2.6175628615560126e-01
-3.0628104363736763e-01
-3.6325678449788523e-01
-4.3763820778839652e-01
-5.3696841875725498e-01
-6.7294881198025402e-01
-8.6371466191925717e-01
-1.1367815459078039e+00
-1.5256119703595454e+00
-2.0296773325517439e+00
-2.4796918688306127e+00
-2.6012908689582903e+00
0.0000000000000000e+00
1.3464638167935250e-01
0.0000000000000000e+00
0.0000000000000000e+00
];
