%Vec Object:sol 1 MPI processes
%  type: mpi
sol = [
0.0000000000000000e+00
-6.8719427379564621e+01
-3.4027513967497320e+01
-1.6651606056637696e+01
-9.3787641809950824e+00
-5.9159324281903425e+00
-4.0435199439688336e+00
-2.9279363574222383e+00
-2.2123090212311207e+00
-1.7282855761726308e+00
-1.3856526136073186e+00
-1.1347142309962377e+00
-9.4570205395932527e-01
-7.9983921424762316e-01
-6.8485719331525308e-01
-5.9272935997586718e-01
-5.1785063972648493e-01
-4.5616837667855631e-01
-4.0471492681078941e-01
-3.6141241072273073e-01
-3.2463520399500373e-01
-2.9308837623730072e-01
-2.6586829971614656e-01
-2.4221275294595920e-01
-2.2151719942601769e-01
-2.0331757482621141e-01
-1.8724339735870052e-01
-1.7296786376521983e-01
-1.6022431462094430e-01
-1.4881889299423365e-01
-1.3857000979989073e-01
-1.2930963711136387e-01
-1.2093285791043025e-01
-1.1333186320765910e-01
-1.0639986352395628e-01
-1.0007186076951813e-01
-9.4282435259509120e-02
-8.8964122518336797e-02
-8.4070625641559343e-02
-7.9562518162380844e-02
-7.5396089571494421e-02
-7.1536370715503547e-02
-6.7959577835441168e-02
-6.4636863031798539e-02
-6.1540593616557220e-02
-5.8656637350409442e-02
-5.5965709281614567e-02
-5.3445238015613725e-02
-5.1087149353048478e-02
-4.8878015404621888e-02
-4.6800261317842408e-02
-4.4848350076820635e-02
-4.3012866511669086e-02
-4.1280963381171883e-02
-3.9647643108327968e-02
-3.8106618353502958e-02
-3.6648378311796008e-02
-3.5268378017187664e-02
-3.3962467385267432e-02
-3.2723521790017820e-02
-3.1547407688003008e-02
-3.0431441537513565e-02
-2.9370223558184121e-02
-2.8360009800226717e-02
-2.7399123367285824e-02
-2.6483422352328617e-02
-2.5609537391293541e-02
-2.5792030281062639e-02
-2.6514689196467170e-02
-2.7269124953072651e-02
-2.8059102214938857e-02
-2.8886141065197268e-02
-2.9751392008421269e-02
-3.0659358836256857e-02
-3.1612207962579623e-02
-3.2611496791099426e-02
-3.3662635584795542e-02
-3.4768599377691146e-02
-3.5931631656791328e-02
-3.7158290568670968e-02
-3.8452600950983178e-02
-3.9817876620166399e-02
-4.1262174922256499e-02
-4.2790951763904975e-02
-4.4409061217387982e-02
-4.6126254266547630e-02
-4.7950113259038585e-02
-4.9888110951192000e-02
-5.1953137225980987e-02
-5.4155387360083733e-02
-5.6505804792628872e-02
-5.9021321314594477e-02
-6.1716285462735165e-02
-6.4607099183401892e-02
-6.7716696918065936e-02
-7.1065775812825124e-02
-7.4679165546964257e-02
-7.8589036430405268e-02
-8.2826133482959391e-02
-8.7428659913984019e-02
-9.2443563252931293e-02
-9.7918118393779105e-02
-1.0391251131361640e-01
-1.1049839839386032e-01
-1.1775147571971430e-01
-1.2576969719181952e-01
-1.3466819431990809e-01
-1.4457413838213079e-01
-1.5565401551237362e-01
-1.6810422873694456e-01
-1.8215122224149122e-01
-1.9809457862847410e-01
-2.1629266992676316e-01
-2.3718364007501980e-01
-2.6134386676235066e-01
-2.8949118214849012e-01
-3.2254928824085122e-01
-3.6174999764359228e-01
-4.0867371589899054e-01
-4.6551361430972071e-01
-5.3530077537649323e-01
-6.2224614857719873e-01
-7.3243879523479860e-01
-8.7487635909647965e-01
-1.0631308120638971e+00
-1.3183462682025002e+00
-1.6753703979821903e+00
-2.1915659844725570e+00
-2.9634021713243128e+00
-4.1382284224833050e+00
-5.8217445959217988e+00
-7.4405461958158954e+00
-7.6268525066186843e+00
-7.1251539447875984e+00
-6.3853880327996171e+00
-4.7485091927428806e+00
-3.1262288590349443e+00
-2.0784171788970376e+00
-1.4451945363488552e+00
-1.0504526685482913e+00
-7.9258220946908187e-01
-6.1647347064847835e-01
-4.9160883680406198e-01
-4.0017221533610686e-01
-3.3137445150154499e-01
-2.7840874033786012e-01
-2.3680571245429752e-01
-2.0356990776540107e-01
-1.7662635396746143e-01
-1.5449211089939485e-01
-1.3610285887724954e-01
-1.2066417320546990e-01
-1.0758279863272420e-01
-9.6408728183657214e-02
-8.6788473979995506e-02
-7.8451688093071001e-02
-7.1181811081723778e-02
-6.4803966886841563e-02
-5.9181333649680021e-02
-5.4198906570083631e-02
-4.9763923540018885e-02
-4.5800535189162349e-02
-4.2242909167956061e-02
-3.9039135388568680e-02
-3.6143720342609383e-02
-3.3517768808649692e-02
-3.1758548691454828e-02
-3.3301873581123756e-02
-3.4970294275521813e-02
-3.6778720196210583e-02
-3.8742452319413326e-02
-4.0882259610687977e-02
-4.3219823654289141e-02
-4.5781209861188034e-02
-4.8598227109028364e-02
-5.1705460575429019e-02
-5.5147672372250697e-02
-5.8976102415254951e-02
-6.3251973162828920e-02
-6.8052271881308676e-02
-7.3466841280312042e-02
-7.9610072804096599e-02
-8.6622228934087428e-02
-9.4676034291728231e-02
-1.0399316819590716e-01
-1.1485161774675377e-01
-1.2760891459511547e-01
-1.4272135207875308e-01
-1.6076407788783395e-01
-1.8246481133430503e-01
-2.0867590411837908e-01
-2.4027495024134704e-01
-2.7773906608540244e-01
-3.1989028451597989e-01
-3.6087472427086603e-01
-3.8552863327232229e-01
-3.7342882678788014e-01
-3.2460296224314222e-01
-2.6298648356241938e-01
0.0000000000000000e+00
1.3464638167935272e-01
0.0000000000000000e+00
0.0000000000000000e+00
];
