%Vec Object:sol 1 MPI processes
%  type: mpi
sol = [
0.0000000000000000e+00
-6.1307288740187431e+01
-3.2516106420018815e+01
-1.6387706260085913e+01
-9.3211250882885999e+00
-5.9056708239697260e+00
-4.0456776579746112e+00
-2.9333503101961913e+00
-2.2185700961824173e+00
-1.7341939322897615e+00
-1.3910985438191121e+00
-1.1396496116714447e+00
-9.5015290712601452e-01
-8.0382554404702822e-01
-6.8845488020602785e-01
-5.9599266618524060e-01
-5.2082555324552882e-01
-4.5889396426139661e-01
-4.0722442495228811e-01
-3.6373319542493576e-01
-3.2679034091671555e-01
-2.9509773352428720e-01
-2.6774891799470985e-01
-2.4398709549881770e-01
-2.2318653473259212e-01
-2.0489281889407418e-01
-1.8873389573682944e-01
-1.7438177828355678e-01
-1.6156880359494719e-01
-1.5010014750669515e-01
-1.3979348870327440e-01
-1.3048022885738131e-01
-1.2205483379426574e-01
-1.1440902943230821e-01
-1.0743566027670201e-01
-1.0106934461868237e-01
-9.5244352519443881e-02
-8.9892965917308623e-02
-8.4968646246219123e-02
-8.0431753873961218e-02
-7.6238398411200586e-02
-7.2353448302893600e-02
-6.8752973346407051e-02
-6.5407996274281455e-02
-6.2290766385358444e-02
-5.9387052239986651e-02
-5.6677475530448870e-02
-5.4139371275197273e-02
-5.1764600451232726e-02
-4.9539667058902816e-02
-4.7446919245587145e-02
-4.5480777155838793e-02
-4.3631775591755503e-02
-4.1887005576047888e-02
-4.0241437285749193e-02
-3.8688748223216593e-02
-3.7219377915333564e-02
-3.5828754816628415e-02
-3.4512705338491115e-02
-3.3264064811564971e-02
-3.2078675965793779e-02
-3.0953840874818943e-02
-2.9884127375370533e-02
-2.8865769178780410e-02
-2.7897082094880697e-02
-2.6973897911451692e-02
-2.6092825647738089e-02
-2.6287899788240997e-02
-2.7033955949328142e-02
-2.7813091097615497e-02
-2.8629178481780766e-02
-2.9483831392308240e-02
-3.0378295376007614e-02
-3.1317213091976812e-02
-3.2302872826952558e-02
-3.3336954374832924e-02
-3.4425046734651098e-02
-3.5570285381386159e-02
-3.6775075140860987e-02
-3.8046206215754705e-02
-3.9387916477800294e-02
-4.0803737642488999e-02
-4.2302033280327743e-02
-4.3888525631764631e-02
-4.5568444784133313e-02
-4.7352279560788968e-02
-4.9247816542009548e-02
-5.1262819332960390e-02
-5.3410737911948149e-02
-5.5702321139769868e-02
-5.8149127978365973e-02
-6.0768868807792503e-02
-6.3575704338808020e-02
-6.6587519329924516e-02
-6.9828530764874122e-02
-7.3320548902539404e-02
-7.7089697241722738e-02
-8.1169713806376664e-02
-8.5593005176863662e-02
-9.0399751642392626e-02
-9.5639259035925669e-02
-1.0136136569722343e-01
-1.0762937191278012e-01
-1.1451861956481929e-01
-1.2210891677352589e-01
-1.3050330598409215e-01
-1.3982294347060384e-01
-1.5020190932338418e-01
-1.6181538708538035e-01
-1.7487017312501738e-01
-1.8960498666244327e-01
-2.0633513779878254e-01
-2.2543809016183972e-01
-2.4737550497803792e-01
-2.7275415692768268e-01
-3.0233001658437786e-01
-3.3707576235713071e-01
-3.7828784181773906e-01
-4.2766378236872532e-01
-4.8746169454062066e-01
-5.6086238637735353e-01
-6.5230866821297195e-01
-7.6819121434190052e-01
-9.1794242425526895e-01
-1.1158198031527404e+00
-1.3838857302022640e+00
-1.7582708931679412e+00
-2.2987689093306702e+00
-3.1038166724988434e+00
-4.3225306018049805e+00
-6.0503043360578035e+00
-7.6748195850090433e+00
-7.8439902733778100e+00
-7.3325489305876372e+00
-6.5867697205099107e+00
-4.9288118759633752e+00
-3.2604675846914102e+00
-2.1739512690944807e+00
-1.5148488067293815e+00
-1.1029715759389040e+00
-8.3362190911044221e-01
-6.4953308279000155e-01
-5.1885128417526172e-01
-4.2308940024193359e-01
-3.5099037288574625e-01
-2.9544795868545731e-01
-2.5179681206269144e-01
-2.1690898268556086e-01
-1.8860728033895280e-01
-1.6534211064614604e-01
-1.4599787442576556e-01
-1.2974678851779012e-01
-1.1596915636536353e-01
-1.0419376173967726e-01
-9.4050256580368169e-02
-8.5255406412543158e-02
-7.7582227578350066e-02
-7.0847322732392512e-02
-6.4907261210405673e-02
-5.9641361315304946e-02
-5.4952288643803096e-02
-5.0760469666511758e-02
-4.6996724484679425e-02
-4.3606602889511695e-02
-4.0542313992881648e-02
-3.7762967487025068e-02
-3.5947444859252733e-02
-3.7880335797112530e-02
-3.9985096977923941e-02
-4.2283882435464021e-02
-4.4800396149893229e-02
-4.7565843950849715e-02
-5.0614181381578451e-02
-5.3986438227653741e-02
-5.7732870227822232e-02
-6.1910305725509318e-02
-6.6591621597836367e-02
-7.1862857709729236e-02
-7.7829031745026866e-02
-8.4623430331715557e-02
-9.2407643057918140e-02
-1.0139030385031096e-01
-1.1183584729145948e-01
-1.2408309009439854e-01
-1.3858229340755704e-01
-1.5592360735523023e-01
-1.7690889027680182e-01
-2.0263061278167291e-01
-2.3461977564589975e-01
-2.7506047358094915e-01
-3.2709663318290594e-01
-3.9534435651703892e-01
-4.8657263879593099e-01
-6.1035906811672336e-01
-7.7840909709943462e-01
-9.9658809478662169e-01
-1.2342663627468873e+00
-1.3850547932825710e+00
-1.3855997310433934e+00
0.0000000000000000e+00
1.3464638167935269e-01
0.0000000000000000e+00
0.0000000000000000e+00
];
