%Vec Object:sol 1 MPI processes
%  type: mpi
sol = [
0.0000000000000000e+00
-1.0180642188320876e+02
-3.7867286990068202e+01
-1.6986358551156165e+01
-9.3019580725668387e+00
-5.7980498249784986e+00
-3.9381877121821418e+00
-2.8401913919645825e+00
-2.1403891930508432e+00
-1.6685537783625499e+00
-1.3355524126279561e+00
-1.0920609074349201e+00
-9.0890506731259035e-01
-7.6766234157457214e-01
-6.5652984199518971e-01
-5.6755155363732546e-01
-4.9528416652528323e-01
-4.3579141003657934e-01
-3.8618653463371605e-01
-3.4444566421927308e-01
-3.0901927852941902e-01
-2.7864851383377065e-01
-2.5246032662916740e-01
-2.2973057880616296e-01
-2.0985445244549669e-01
-1.9238370636775046e-01
-1.7696124760361140e-01
-1.6327107267278559e-01
-1.5105546882827287e-01
-1.4012816927465832e-01
-1.3031387072507267e-01
-1.2144986304435701e-01
-1.1343572367327591e-01
-1.0616749314067501e-01
-9.9541777528522529e-02
-9.3496348915017083e-02
-8.7968238198682422e-02
-8.2891492591318366e-02
-7.8221924326023415e-02
-7.3922350125750810e-02
-6.9950560839703843e-02
-6.6272861216277790e-02
-6.2866473455686106e-02
-5.9703590997287670e-02
-5.6757561983487664e-02
-5.4014892104894470e-02
-5.1457022909817705e-02
-4.9062191939900759e-02
-4.6822708538202952e-02
-4.4725664634197214e-02
-4.2754146428482361e-02
-4.0902865749769285e-02
-3.9162781107512437e-02
-3.7521558068291036e-02
-3.5974403688685958e-02
-3.4515283526788482e-02
-3.3135087815680600e-02
-3.1829453321191914e-02
-3.0594392664987181e-02
-2.9423096699842388e-02
-2.8311602138848157e-02
-2.7257320700786375e-02
-2.6255102416288124e-02
-2.5301367324688784e-02
-2.4394483289984129e-02
-2.3530507520034126e-02
-2.2706230143101257e-02
-2.2819295613170539e-02
-2.3407872955725908e-02
-2.4020847606078137e-02
-2.4661334484022652e-02
-2.5330333070525898e-02
-2.6028470853275323e-02
-2.6759424369983409e-02
-2.7524672895434071e-02
-2.8325096389114780e-02
-2.9165044729353013e-02
-3.0046582104848302e-02
-3.0971051372170648e-02
-3.1943638781915251e-02
-3.2967152421528520e-02
-3.4043682159958386e-02
-3.5179489852325413e-02
-3.6378368115264237e-02
-3.7643549676690043e-02
-3.8982727819945773e-02
-4.0401047492789478e-02
-4.1903453295208247e-02
-4.3499608548180628e-02
-4.5196581535273540e-02
-4.7001872166360335e-02
-4.8927948406610168e-02
-5.0984707740517957e-02
-5.3183497642451574e-02
-5.5540919056808663e-02
-5.8071174472076402e-02
-6.0791510010201548e-02
-6.3724843087116470e-02
-6.6892163261906487e-02
-7.0320000980395703e-02
-7.4041318717640608e-02
-7.8088232137365876e-02
-8.2502400724319205e-02
-8.7333487710844357e-02
-9.2632668598886206e-02
-9.8467370615693814e-02
-1.0491647194283089e-01
-1.1206552444440993e-01
-1.2002711062080991e-01
-1.2893341172163220e-01
-1.3893748917256155e-01
-1.5024222020952918e-01
-1.6308805807231241e-01
-1.7776711843819187e-01
-1.9466568087102951e-01
-2.1426142103925924e-01
-2.3716711242134109e-01
-2.6420036404831854e-01
-2.9642616435788582e-01
-3.3528591393429624e-01
-3.8277218587852790e-01
-4.4165012027315870e-01
-5.1588959247453603e-01
-6.1132503641876901e-01
-7.3680790439152399e-01
-9.0615406749871763e-01
-1.1415196730997030e+00
-1.4788043670282507e+00
-1.9770383571806434e+00
-2.7172646132013023e+00
-3.7209523913802496e+00
-4.5654192755685639e+00
-4.5953240716883679e+00
-4.3083719060861911e+00
-3.9246649298787366e+00
-3.0825871559778268e+00
-2.1312099073222552e+00
-1.4573764748272160e+00
-1.0331763048775560e+00
-7.6321435794279280e-01
-5.8250730848085164e-01
-4.5522197002938769e-01
-3.6266031120023823e-01
-2.9397963019929535e-01
-2.4209408728425019e-01
-2.0224321041806409e-01
-1.7109348442915409e-01
-1.4633816544237635e-01
-1.2637682197100145e-01
-1.1004757800027537e-01
-9.6529226765540807e-02
-8.5220786403116672e-02
-7.5644256912083194e-02
-6.7473518697010154e-02
-6.0437155779259927e-02
-5.4333261043241932e-02
-4.9005876032756565e-02
-4.4321973479304763e-02
-4.0185102972095058e-02
-3.6514705104948975e-02
-3.3239143021415868e-02
-3.0308264751576882e-02
-2.7674303166292654e-02
-2.5299506067513355e-02
-2.3152702373089751e-02
-2.1204205146417125e-02
-1.9823684889613138e-02
-2.0487650558632546e-02
-2.1179282064374774e-02
-2.1899164639732235e-02
-2.2644512301273727e-02
-2.3413217935069015e-02
-2.4200064173620479e-02
-2.4996488813336243e-02
-2.5791255674723068e-02
-2.6564397701676890e-02
-2.7289086288189362e-02
-2.7923770253104045e-02
-2.8403950328622092e-02
-2.8632560616611572e-02
-2.8451104564487677e-02
-2.7596416258719055e-02
-2.5590057822824096e-02
-2.1419086023894578e-02
-1.1905854385556037e-02
4.2005829202794810e-02
1.1858433071337308e-01
1.9842416997602483e-01
2.8217260713343245e-01
3.7043675475331694e-01
4.6382102478111337e-01
5.6286446674866053e-01
6.6807781750884065e-01
7.7996191218424893e-01
8.9901391711163803e-01
1.0258061120310957e+00
1.1607897864382790e+00
1.3045647297449929e+00
1.4576909512099610e+00
0.0000000000000000e+00
1.3464638167935250e-01
0.0000000000000000e+00
0.0000000000000000e+00
];
