%Vec Object:sol 1 MPI processes
%  type: mpi
sol = [
0.0000000000000000e+00
-9.7749986351746571e+01
-3.7440840398363193e+01
-1.6913152771924640e+01
-9.2734077440686775e+00
-5.7788953560395822e+00
-3.9219362134112514e+00
-2.8255944963977555e+00
-2.1270650847107895e+00
-1.6559873578825133e+00
-1.3239705042770931e+00
-1.0811193483998607e+00
-8.9857319538719960e-01
-7.5801480044868641e-01
-6.4740758028559831e-01
-5.5888536732164085e-01
-4.8703784985011067e-01
-4.2793171376123290e-01
-3.7868937145409054e-01
-3.3730103521352689e-01
-3.0219407510729834e-01
-2.7211594050415461e-01
-2.4619138349566247e-01
-2.2369732054429725e-01
-2.0404114580551880e-01
-1.8677566952824898e-01
-1.7154457655588304e-01
-1.5803353117160096e-01
-1.4598623735208499e-01
-1.3521659673498634e-01
-1.2555029871870976e-01
-1.1682622874265035e-01
-1.0894373812354444e-01
-1.0179952023133994e-01
-9.5291493509396641e-02
-8.9357315542773763e-02
-8.3934385104591544e-02
-7.8958389397405251e-02
-7.4385025629222334e-02
-7.0176557784038279e-02
-6.6291413250868916e-02
-6.2696280320603842e-02
-5.9368326404938707e-02
-5.6280154980799746e-02
-5.3405619611750936e-02
-5.0731041201578737e-02
-4.8238109620436696e-02
-4.5905646908368632e-02
-4.3725692678506595e-02
-4.1685501522076646e-02
-3.9768700212365643e-02
-3.7969768445675380e-02
-3.6279762738176187e-02
-3.4686765610356697e-02
-3.3185867726365184e-02
-3.1771057466582708e-02
-3.0433547675564200e-02
-2.9168943324504353e-02
-2.7973226122532172e-02
-2.6839837414505636e-02
-2.5764842716132705e-02
-2.4745585014647936e-02
-2.3777109454697094e-02
-2.2855907387341588e-02
-2.1980251842032467e-02
-2.1146352657539450e-02
-2.0351099837331996e-02
-2.0396551876999704e-02
-2.0864170257040283e-02
-2.1349359560522321e-02
-2.1854554317911182e-02
-2.2380275988121607e-02
-2.2926685986028355e-02
-2.3496581895975970e-02
-2.4090703935811444e-02
-2.4709419399538055e-02
-2.5355974429182547e-02
-2.6031559837966331e-02
-2.6736680677691083e-02
-2.7475102252650759e-02
-2.8248447515872927e-02
-2.9057638305018407e-02
-2.9907076342812266e-02
-3.0798930611180546e-02
-3.1734773622749707e-02
-3.2719820283969359e-02
-3.3756959379304466e-02
-3.4848734879540391e-02
-3.6001437974883775e-02
-3.7218944245317187e-02
-3.8505222904586557e-02
-3.9868039851310329e-02
-4.1312673205617427e-02
-4.2845180412253756e-02
-4.4475418000950492e-02
-4.6210726716111969e-02
-4.8060253668226922e-02
-5.0036923205805023e-02
-5.2151212204681691e-02
-5.4416925180976156e-02
-5.6851654339289084e-02
-5.9470812843193076e-02
-6.2295417299541307e-02
-6.5350442715473814e-02
-6.8659369154994557e-02
-7.2254774063920682e-02
-7.6173823520997733e-02
-8.0453745574086979e-02
-8.5146465287846862e-02
-9.0310280444355864e-02
-9.6007001932677000e-02
-1.0232265870922334e-01
-1.0935338188189707e-01
-1.1721003661448294e-01
-1.2603988976676955e-01
-1.3601374645029912e-01
-1.4734028218211320e-01
-1.6028953995965034e-01
-1.7518702166462138e-01
-1.9244513800485566e-01
-2.1259161120297781e-01
-2.3627453700125739e-01
-2.6430222979097950e-01
-2.9765775052320931e-01
-3.3740508030098904e-01
-3.8443826588598634e-01
-4.3857189996707469e-01
-4.9617634421188639e-01
-5.4533110735423496e-01
-5.6226332760460895e-01
-5.3052770728518750e-01
-4.7463459121789803e-01
-4.3211927540169964e-01
-4.1800066943323283e-01
-4.3150919856134123e-01
-4.6110557657028828e-01
-4.8088080694972363e-01
-4.6680812630502516e-01
-4.2408561851619236e-01
-3.7204094908282526e-01
-3.2264097541452830e-01
-2.7989790627509892e-01
-2.4416317899588999e-01
-2.1456873613871097e-01
-1.9003597099779157e-01
-1.6958782112526224e-01
-1.5240805785578054e-01
-1.3786106967603484e-01
-1.2544268016229146e-01
-1.1475478094900446e-01
-1.0549257584152388e-01
-9.7408519734695373e-02
-9.0306202430851842e-02
-8.4032815683341103e-02
-7.8458698528402204e-02
-7.3483147854606495e-02
-6.9021171864647776e-02
-6.5000544669891955e-02
-6.1365272831847534e-02
-5.8064824465962908e-02
-5.5058010163070520e-02
-5.2310882282466740e-02
-4.9791461761646949e-02
-4.7475861550776315e-02
-4.5341597272457533e-02
-4.3368682254234368e-02
-4.2380931128908034e-02
-4.5834994678068348e-02
-4.9644862861717126e-02
-5.3860199121592428e-02
-5.8536731648323362e-02
-6.3744482037545097e-02
-6.9563196154011908e-02
-7.6089016356845354e-02
-8.3439427103694244e-02
-9.1751902104260596e-02
-1.0119975134647226e-01
-1.1199233108919164e-01
-1.2438802763793133e-01
-1.3871489015331795e-01
-1.5537975948887714e-01
-1.7490906067480563e-01
-1.9798031193493684e-01
-2.2547568628077835e-01
-2.5857836796841682e-01
-2.9887270166807994e-01
-3.4852496316161763e-01
-4.1061309291101261e-01
-4.8952335468461444e-01
-5.9173969058369458e-01
-7.2706133018462893e-01
-9.1084453841493862e-01
-1.1677553975766393e+00
-1.5395883312916376e+00
-2.0977221793955718e+00
-2.9623694587932730e+00
-4.2884049813271519e+00
-5.9396425137178959e+00
-6.6521517315574759e+00
0.0000000000000000e+00
1.3464638167935297e-01
0.0000000000000000e+00
0.0000000000000000e+00
];
