%Vec Object:sol 1 MPI processes
%  type: mpi
sol = [
0.0000000000000000e+00
-5.1482538111911360e+01
-3.0075517496810168e+01
-1.5871744484559544e+01
-9.1837833885978952e+00
-5.8615393127372259e+00
-4.0315291148833312e+00
-2.9296111140760694e+00
-2.2192322509291666e+00
-1.7364026923657112e+00
-1.3943839680654753e+00
-1.1430805346918687e+00
-9.5339243814358476e-01
-8.0694565376136462e-01
-6.9150723361852973e-01
-5.9893630837798828e-01
-5.2364243467917793e-01
-4.6157922440787036e-01
-4.0974599869848044e-01
-3.6608942222624818e-01
-3.2900108754951640e-01
-2.9718030348682362e-01
-2.6971749400377582e-01
-2.4586055611162380e-01
-2.2498284911804478e-01
-2.0661746286168531e-01
-1.9039184760748704e-01
-1.7597772460231917e-01
-1.6310711475714174e-01
-1.5158470947676242e-01
-1.4122788257923055e-01
-1.3186783190287626e-01
-1.2339863837630648e-01
-1.1571178447095427e-01
-1.0869994599205345e-01
-1.0229748674056850e-01
-9.6438485949825709e-02
-9.1055078753928556e-02
-8.6100563749858569e-02
-8.1535155213217164e-02
-7.7314842630412370e-02
-7.3404379917223567e-02
-6.9779731336544984e-02
-6.6411825015229548e-02
-6.3272819385045656e-02
-6.0348411722300800e-02
-5.7619151832655514e-02
-5.5062293361850430e-02
-5.2669654259198083e-02
-5.0427684277407882e-02
-4.8318657526552442e-02
-4.6336968606610671e-02
-4.4473112121686226e-02
-4.2714114048770728e-02
-4.1054925665512991e-02
-3.9489215095550791e-02
-3.8007204542547676e-02
-3.6604148856730558e-02
-3.5276206824886323e-02
-3.4016165350809105e-02
-3.2819842625855550e-02
-3.1684529880282995e-02
-3.0604755533332494e-02
-2.9576728321515231e-02
-2.8598761682639435e-02
-2.7666655208946199e-02
-2.6776992142867471e-02
-2.6991428576382800e-02
-2.7772254168452557e-02
-2.8588106407013869e-02
-2.9443021340889063e-02
-3.0338751239506464e-02
-3.1276682910047635e-02
-3.2261666994458336e-02
-3.3296173381451223e-02
-3.4382063607020265e-02
-3.5525194025180881e-02
-3.6728938957456450e-02
-3.7995942594893042e-02
-3.9333341783523414e-02
-4.0745691336629190e-02
-4.2236845101389420e-02
-4.3815621168203471e-02
-4.5488167216064801e-02
-4.7260155605326246e-02
-4.9142679514960541e-02
-5.1144104807295185e-02
-5.3272813962760450e-02
-5.5543074311759463e-02
-5.7966437181334866e-02
-6.0555338664993047e-02
-6.3328614567797231e-02
-6.6302533696312227e-02
-6.9495672085064811e-02
-7.2933659738132553e-02
-7.6639979575441608e-02
-8.0642699103855076e-02
-8.4977912978868683e-02
-8.9680523692207831e-02
-9.4793681620139680e-02
-1.0037023625582159e-01
-1.0646387516030473e-01
-1.1314257592398733e-01
-1.2048721574985431e-01
-1.2858377462491563e-01
-1.3754293463099881e-01
-1.4749489582760555e-01
-1.5858410283369143e-01
-1.7099879053923639e-01
-1.8496134667804628e-01
-2.0072889423935372e-01
-2.1864032819417165e-01
-2.3910172834264865e-01
-2.6260998965751398e-01
-2.8981742484902978e-01
-3.2153710998611168e-01
-3.5879224253772629e-01
-4.0296971449615582e-01
-4.5590253091441985e-01
-5.2005330088017121e-01
-5.9882723315178743e-01
-6.9696279897273161e-01
-8.2129610729683211e-01
-9.8190031045323289e-01
-1.1937041186009645e+00
-1.4803969238462575e+00
-1.8802155361671060e+00
-2.4550619265022826e+00
-3.3078204727332809e+00
-4.5866159809707945e+00
-6.3686463716225798e+00
-7.9908586827522115e+00
-8.1289887153584957e+00
-7.6035903863569168e+00
-6.8509310564618753e+00
-5.1722141466025686e+00
-3.4456335694805804e+00
-2.3066753485680001e+00
-1.6116315429682966e+00
-1.1759756173327913e+00
-8.9052529402212244e-01
-6.9520481609034357e-01
-5.5637875846561269e-01
-4.5455385782487534e-01
-3.7782710687056870e-01
-3.1867347537403090e-01
-2.7214905546983686e-01
-2.3493711300491343e-01
-2.0472786865368625e-01
-1.7987653112818100e-01
-1.5920175040805928e-01
-1.4181808997684045e-01
-1.2706853232832763e-01
-1.1445362872013694e-01
-1.0357940087520462e-01
-9.4144515909087317e-02
-8.5907368029527392e-02
-7.8672626541360480e-02
-7.2287567711078360e-02
-6.6623560447157795e-02
-6.1576853097903096e-02
-5.7062630057937609e-02
-5.3007031788216426e-02
-4.9352012987361610e-02
-4.6046549264176437e-02
-4.3046944739150557e-02
-4.1132757536363168e-02
-4.3515613160278688e-02
-4.6121189056162581e-02
-4.8979115443543428e-02
-5.2121663876841501e-02
-5.5590670541116133e-02
-5.9432436628196077e-02
-6.3702938597178072e-02
-6.8470732303120382e-02
-7.3814434746154747e-02
-7.9834319196372405e-02
-8.6649942272414557e-02
-9.4408066113031999e-02
-1.0329518064745551e-01
-1.1353978489135413e-01
-1.2543755574730864e-01
-1.3936618724429961e-01
-1.5581375559627123e-01
-1.7543247046757840e-01
-1.9908696055819303e-01
-2.2795481757025113e-01
-2.6368503654551462e-01
-3.0860189179019726e-01
-3.6609099521146699e-01
-4.4116051978282433e-01
-5.4143926274138632e-01
-6.7877176079728940e-01
-8.7159651998234877e-01
-1.1477901957748955e+00
-1.5417299105965596e+00
-2.0539525523983606e+00
-2.5139593378373735e+00
-2.6399742521174367e+00
0.0000000000000000e+00
1.3464638167935242e-01
0.0000000000000000e+00
0.0000000000000000e+00
];
