%Vec Object:sol 1 MPI processes
%  type: mpi
sol = [
0.0000000000000000e+00
-5.7257030390230241e+01
-3.1581299871645804e+01
-1.6196996510630729e+01
-9.2732229285960486e+00
-5.8922073880596511e+00
-4.0423385119703266e+00
-2.9335232612409756e+00
-2.2199589453810984e+00
-1.7360679524204530e+00
-1.3930066449815264e+00
-1.1414845445489932e+00
-9.5187599489529506e-01
-8.0550555670770296e-01
-6.8999920789480051e-01
-5.9741560910807412e-01
-5.2214071166238396e-01
-4.6011387600347697e-01
-4.0836041107261900e-01
-3.6479478343933847e-01
-3.2778578491102051e-01
-2.9603438267458926e-01
-2.6863292865213773e-01
-2.4483061763740091e-01
-2.2400168966795642e-01
-2.0567620047860452e-01
-1.8947944405381373e-01
-1.7509298660954931e-01
-1.6224875463346980e-01
-1.5075150618318700e-01
-1.4041861585175322e-01
-1.3108125585806651e-01
-1.2263361988502737e-01
-1.1496723778623355e-01
-1.0797480472627180e-01
-1.0159077037148551e-01
-9.5749271855228579e-02
-9.0382484717204573e-02
-8.5443765390525353e-02
-8.0893381729752925e-02
-7.6687366225655806e-02
-7.2790516800995367e-02
-6.9178839592287406e-02
-6.5823301045166968e-02
-6.2696098348007948e-02
-5.9782957495941695e-02
-5.7064459301655990e-02
-5.4517895975264248e-02
-5.2135101726781950e-02
-4.9902550651793949e-02
-4.7802554453277774e-02
-4.5829516402375307e-02
-4.3973949376834617e-02
-4.2222914622083989e-02
-4.0571369518820906e-02
-3.9012976549176084e-02
-3.7538150936148713e-02
-3.6142310128480903e-02
-3.4821271060615555e-02
-3.3567849250615400e-02
-3.2377876978388523e-02
-3.1248651259121404e-02
-3.0174723771093811e-02
-2.9152317759976842e-02
-2.8179747450954876e-02
-2.7252831413800374e-02
-2.6368168003170565e-02
-2.6570904627520014e-02
-2.7330817787001249e-02
-2.8124587194889125e-02
-2.8956151058511934e-02
-2.9827178361884733e-02
-3.0738971345190661e-02
-3.1696255729642520e-02
-3.2701392606295038e-02
-3.3756134760398022e-02
-3.4866178072171343e-02
-3.6034753828247917e-02
-3.7264363046383447e-02
-3.8561934657332847e-02
-3.9931833767387986e-02
-4.1377721616672060e-02
-4.2908143890555292e-02
-4.4528993771837590e-02
-4.6245679286208485e-02
-4.8068931712424039e-02
-5.0006770623192420e-02
-5.2067208784712958e-02
-5.4264024529392933e-02
-5.6608289830247370e-02
-5.9111913809289235e-02
-6.1793058141851202e-02
-6.4667314431068157e-02
-6.7752492570025413e-02
-7.1073270998465360e-02
-7.4652152830772173e-02
-7.8516067148037966e-02
-8.2699728634329381e-02
-8.7236573311311322e-02
-9.2167866220394731e-02
-9.7542248322933081e-02
-1.0341257903192126e-01
-1.0984438506067784e-01
-1.1691520481203978e-01
-1.2470729345657132e-01
-1.3332672261989631e-01
-1.4289823284247682e-01
-1.5356000859083685e-01
-1.6549240161452311e-01
-1.7890837834963311e-01
-1.9405393496403295e-01
-2.1125370558453035e-01
-2.3089645734291189e-01
-2.5345775742739146e-01
-2.7956234446645767e-01
-3.0998869297565457e-01
-3.4573833916428981e-01
-3.8814575863826417e-01
-4.3895814222105167e-01
-5.0054332900632492e-01
-5.7614017381708149e-01
-6.7025694956173854e-01
-7.8950855219500149e-01
-9.4357974000831235e-01
-1.1470956500157421e+00
-1.4228972791581898e+00
-1.8074544552435374e+00
-2.3621626252843404e+00
-3.1866083011379200e+00
-4.4306975761891829e+00
-6.1828227425050928e+00
-7.8101432243275859e+00
-7.9681720709464514e+00
-7.4516217592176854e+00
-6.7017618838411375e+00
-5.0317183389298181e+00
-3.3374079770484033e+00
-2.2287479290338275e+00
-1.5546128434830406e+00
-1.1330210572829416e+00
-8.5702410181483868e-01
-6.6833094713126540e-01
-5.3435831081581520e-01
-4.3610254346725252e-01
-3.6210216012655994e-01
-3.0507711019671035e-01
-2.6024682096230661e-01
-2.2440545364914063e-01
-1.9532121380451381e-01
-1.7140534670154106e-01
-1.5151704150190745e-01
-1.3480421245958535e-01
-1.2063022675627304e-01
-1.0851198640381048e-01
-9.8069681148502605e-02
-8.9012467095493070e-02
-8.1106916449142377e-02
-7.4166075804197235e-02
-6.8042696571618558e-02
-6.2612825862362692e-02
-5.7776491004191036e-02
-5.3451965588921457e-02
-4.9568142205767385e-02
-4.6069096500009316e-02
-4.2905708190925339e-02
-4.0035932425003487e-02
-3.8182097762751305e-02
-4.0313519091120700e-02
-4.2639616485267075e-02
-4.5185937493444975e-02
-4.7980085620967484e-02
-5.1058103869453413e-02
-5.4459581011990318e-02
-5.8232375310749540e-02
-6.2435112931927217e-02
-6.7134613865878073e-02
-7.2416327011623385e-02
-7.8381707051971075e-02
-8.5155005670201817e-02
-9.2894057408517222e-02
-1.0179139710626743e-01
-1.1209597720050264e-01
-1.2412480590783698e-01
-1.3828613774324172e-01
-1.5512436194473742e-01
-1.7535787718772625e-01
-1.9996852003377685e-01
-2.3031248397612769e-01
-2.6829321177677634e-01
-3.1664903783873771e-01
-3.7941422366026284e-01
-4.6263832430976459e-01
-5.7550740631376129e-01
-7.3185253369591086e-01
-9.5106934746268534e-01
-1.2520422264148918e+00
-1.6166138458993498e+00
-1.9021112271343661e+00
-1.9540267895860064e+00
0.0000000000000000e+00
1.3464638167935272e-01
0.0000000000000000e+00
0.0000000000000000e+00
];
