%Vec Object:sol 1 MPI processes
%  type: mpi
sol = [
0.0000000000000000e+00
-8.1532995919666348e+01
-3.5970563297151848e+01
-1.6907921373206353e+01
-9.3967047112357420e+00
-5.8940505595266712e+00
-4.0167993645398417e+00
-2.9032423199165898e+00
-2.1915779028303337e+00
-1.7102612729137505e+00
-1.3705362860678529e+00
-1.1217892909106968e+00
-9.3435651765623151e-01
-7.8987463289911986e-01
-6.7612418433568489e-01
-5.8499986257345504e-01
-5.1094869279290456e-01
-4.4990848237068215e-01
-3.9900525842022716e-01
-3.5617823542078353e-01
-3.1981463916821912e-01
-2.8862932127253693e-01
-2.6172792619392521e-01
-2.3836969057171203e-01
-2.1793658851230527e-01
-1.9996958265976447e-01
-1.8410275122633685e-01
-1.7001286028617599e-01
-1.5743620153047697e-01
-1.4618152300539422e-01
-1.3606930707111473e-01
-1.2693320471367037e-01
-1.1866981394767592e-01
-1.1116980553926295e-01
-1.0433071172803701e-01
-9.8088502305164277e-02
-9.2378489843036010e-02
-8.7133838363070565e-02
-8.2308810418177850e-02
-7.7864471632080864e-02
-7.3757547717787017e-02
-6.9953453233765853e-02
-6.6428737062393661e-02
-6.3154859366760074e-02
-6.0104469114712032e-02
-5.7263657377857151e-02
-5.4613358640760494e-02
-5.2131223380148216e-02
-4.9809323664837910e-02
-4.7634390664856807e-02
-4.5589027974749077e-02
-4.3667797487161562e-02
-4.1861400343798850e-02
-4.0157129112157970e-02
-3.8550062069220542e-02
-3.7033994006670096e-02
-3.5599524490508273e-02
-3.4242170914891366e-02
-3.2957839352208404e-02
-3.1739492777865870e-02
-3.0583052129690477e-02
-2.9485870235414404e-02
-2.8442617265014517e-02
-2.7449598944534161e-02
-2.6505159659343608e-02
-2.5605213702992069e-02
-2.4746438159245668e-02
-2.4908689936496177e-02
-2.5591938642703361e-02
-2.6304806875577517e-02
-2.7050877354664618e-02
-2.7831517382264425e-02
-2.8647722171319830e-02
-2.9503763336356723e-02
-3.0401607055931062e-02
-3.1342610550965780e-02
-3.2331885841614068e-02
-3.3372143937481370e-02
-3.4465363938502622e-02
-3.5617717468148152e-02
-3.6832878100361142e-02
-3.8113803392333424e-02
-3.9468045263039590e-02
-4.0900566986430333e-02
-4.2415808566074950e-02
-4.4023178461069554e-02
-4.5729427633894676e-02
-4.7541211636774702e-02
-4.9470517010119376e-02
-5.1526654464369846e-02
-5.3719593466993322e-02
-5.6065018319265698e-02
-5.8576024198405477e-02
-6.1267592728664201e-02
-6.4160893098431218e-02
-6.7274802855314966e-02
-7.0632034196149274e-02
-7.4262187748369082e-02
-7.8193290599319523e-02
-8.2460307462088850e-02
-8.7106320044724114e-02
-9.2174406564013461e-02
-9.7719647373681134e-02
-1.0380765470847891e-01
-1.1050739015673927e-01
-1.1790724879040727e-01
-1.2611098404602852e-01
-1.3523627946992262e-01
-1.4543513437806435e-01
-1.5688661944574567e-01
-1.6979667953640562e-01
-1.8443859328525614e-01
-2.0113874706067467e-01
-2.2029580646292171e-01
-2.4243501977927709e-01
-2.6820990597679545e-01
-2.9846134499689397e-01
-3.3431154807146057e-01
-3.7722948848800125e-01
-4.2920834205824199e-01
-4.9301068011231403e-01
-5.7243542611325615e-01
-6.7305695327672488e-01
-8.0312577428283516e-01
-9.7512470137904117e-01
-1.2087701351985514e+00
-1.5356804726632671e+00
-2.0097536319056299e+00
-2.7211985790766309e+00
-3.8122116104829669e+00
-5.3969329940227881e+00
-6.9603977003956592e+00
-7.1652744817304104e+00
-6.6934948146622784e+00
-5.9870394776633855e+00
-4.4262326037742374e+00
-2.9008522955156475e+00
-1.9234938732470228e+00
-1.3349547892761209e+00
-9.6875018102477095e-01
-7.2996335428711256e-01
-5.6715905364600960e-01
-4.5177766689392301e-01
-3.6729124755004278e-01
-3.0370332733147781e-01
-2.5472146737196111e-01
-2.1622569814408446e-01
-1.8545864225536798e-01
-1.6050376228397131e-01
-1.3999483547937769e-01
-1.2295185086468084e-01
-1.0864272410800296e-01
-9.6517625694659603e-02
-8.6161771162038311e-02
-7.7247686972022084e-02
-6.9524327210813683e-02
-6.2791891294569496e-02
-5.6887822257515770e-02
-5.1685217505953056e-02
-4.7077319499441897e-02
-4.2977238838238500e-02
-3.9314496226791062e-02
-3.6027593137598894e-02
-3.3067819155554290e-02
-3.0392703462080586e-02
-2.7965671074986476e-02
-2.6277161839891733e-02
-2.7306109748064456e-02
-2.8395379492481276e-02
-2.9548943868381368e-02
-3.0769035161773799e-02
-3.2060017462078490e-02
-3.3423833986497585e-02
-3.4861875611127018e-02
-3.6374890586706565e-02
-3.7958672472394733e-02
-3.9607624468355612e-02
-4.1308196594859334e-02
-4.3036402468651126e-02
-4.4754632466862836e-02
-4.6397387041229490e-02
-4.7861067498822643e-02
-4.8972975267619977e-02
-4.9439609452769311e-02
-4.8749241950387108e-02
-4.5930703440520963e-02
-3.8890120927234116e-02
-2.1099224531621448e-02
6.3579721831807087e-02
1.7023756301103918e-01
2.7397845250003544e-01
3.7505429642303395e-01
4.7368830002438489e-01
5.7008522349157187e-01
6.6436240287963777e-01
7.5666730135075733e-01
8.4708700771473722e-01
9.3561763588685543e-01
1.0223333648471931e+00
0.0000000000000000e+00
1.3464638167935253e-01
0.0000000000000000e+00
0.0000000000000000e+00
];
