%Vec Object:sol 1 MPI processes
%  type: mpi
sol = [
0.0000000000000000e+00
-9.1955557234331906e+01
-3.7112606159002887e+01
-1.6992727276140251e+01
-9.3654515182939484e+00
-5.8545477476805372e+00
-3.9822311984210823e+00
-2.8750895882747023e+00
-2.1683362073995420e+00
-1.6912888294791555e+00
-1.3545966520249753e+00
-1.1082916962480618e+00
-9.2277804894928994e-01
-7.7978930500645571e-01
-6.6724668260395625e-01
-5.7711257089027235e-01
-5.0388494755071545e-01
-4.4356243401671464e-01
-3.9324536966047891e-01
-3.5091919140940803e-01
-3.1498716268096449e-01
-2.8417626403008228e-01
-2.5760220993048955e-01
-2.3453200542589747e-01
-2.1435371974928819e-01
-1.9661338152580882e-01
-1.8094922394084043e-01
-1.6704135189196964e-01
-1.5462882688130228e-01
-1.4352276884142245e-01
-1.3354561189300415e-01
-1.2453264666675916e-01
-1.1638196196163451e-01
-1.0898605930916355e-01
-1.0224230371982801e-01
-9.6087991407136211e-02
-9.0459211207272489e-02
-8.5289827862347761e-02
-8.0534683923070699e-02
-7.6155350190091037e-02
-7.2109029207161474e-02
-6.8361543059975854e-02
-6.4889770463292890e-02
-6.1665501853639684e-02
-5.8661693961694183e-02
-5.5864650233780296e-02
-5.3255535856924774e-02
-5.0812250186990898e-02
-4.8526996788664602e-02
-4.6386671923286577e-02
-4.4374080347388066e-02
-4.2483870720000934e-02
-4.0706863127438375e-02
-3.9030505828386367e-02
-3.7449946534930327e-02
-3.5959061561694046e-02
-3.4548572055605270e-02
-3.3214055156344971e-02
-3.1951470555002907e-02
-3.0753876774996414e-02
-2.9617249108107653e-02
-2.8538973143711153e-02
-2.7513794680213227e-02
-2.6538070554665238e-02
-2.5610162275122177e-02
-2.4726044406164601e-02
-2.3882442845987489e-02
-2.4024442260063349e-02
-2.4668229103011911e-02
-2.5339471646695155e-02
-2.6041563860169360e-02
-2.6775720590665471e-02
-2.7542783600732729e-02
-2.8346784172282265e-02
-2.9189487596765814e-02
-3.0072052604194457e-02
-3.0999283144177377e-02
-3.1973624300212188e-02
-3.2996791721545980e-02
-3.4074558502577401e-02
-3.5210243443869499e-02
-3.6406446539002643e-02
-3.7670197820846789e-02
-3.9005981979350277e-02
-4.0417743864692983e-02
-4.1914198210330197e-02
-4.3501441128000813e-02
-4.5185429596366879e-02
-4.6977211093257677e-02
-4.8885184417345684e-02
-5.0918314947637516e-02
-5.3090988404402059e-02
-5.5415003255115260e-02
-5.7903869353201805e-02
-6.0576914515768833e-02
-6.3451126295337862e-02
-6.6547011618291102e-02
-6.9891483077648101e-02
-7.3509732193277305e-02
-7.7433333682390554e-02
-8.1701310393204399e-02
-8.6352339968880892e-02
-9.1436129328583013e-02
-9.7011914959207232e-02
-1.0314096833579292e-01
-1.0990249746975064e-01
-1.1739282724057970e-01
-1.2571562602775704e-01
-1.3500769332704424e-01
-1.4542988985223407e-01
-1.5716660759316023e-01
-1.7046335583389879e-01
-1.8561269321431459e-01
-2.0297143727715242e-01
-2.2301041539197070e-01
-2.4631447954280111e-01
-2.7363572279191073e-01
-3.0597823719881412e-01
-3.4465498765409464e-01
-3.9144709392121335e-01
-4.4882286965148849e-01
-5.2017656379442367e-01
-6.1049367464436499e-01
-7.2713399844932947e-01
-8.8123597486928051e-01
-1.0903917752008945e+00
-1.3828384081329399e+00
-1.8064762887161530e+00
-2.4414915694266432e+00
-3.4125921510599664e+00
-4.8126287479354488e+00
-6.1674063829566235e+00
-6.3320392407205022e+00
-5.9261079631145792e+00
-5.3250672337123790e+00
-3.9846722749570245e+00
-2.6426918867713289e+00
-1.8098156295292331e+00
-1.3182837418739628e+00
-9.3466855645318214e-01
-6.7573669073795495e-01
-5.1058250336753774e-01
-3.9958161253164065e-01
-3.2109200430438167e-01
-2.6326399687947916e-01
-2.1947537893867947e-01
-1.8548961194877023e-01
-1.5855312163500265e-01
-1.3687825392094993e-01
-1.1915898898042482e-01
-1.0450079545577093e-01
-9.2275702185095024e-02
-8.1914776408510998e-02
-7.3099171709790342e-02
-6.5521612469192012e-02
-5.8959200993275000e-02
-5.3257254717787243e-02
-4.8252603219975494e-02
-4.3847339328224190e-02
-3.9965194167405974e-02
-3.6496225196975055e-02
-3.3405841201752613e-02
-3.0634923842375240e-02
-2.8133180888778718e-02
-2.5879947611654727e-02
-2.3825020229136962e-02
-2.2396208482358022e-02
-2.3297575085450405e-02
-2.4233209444649004e-02
-2.5214061680848457e-02
-2.6228136442346856e-02
-2.7255363462312408e-02
-2.8297890831454894e-02
-2.9336281213656352e-02
-3.0364297855829853e-02
-3.1342265262922671e-02
-3.2224128831518761e-02
-3.2965533300942214e-02
-3.3453021185119641e-02
-3.3553585328500599e-02
-3.3037563462024251e-02
-3.1490591313308905e-02
-2.8149719859814265e-02
-2.1047341982579831e-02
1.8737282569546560e-02
1.5722244919427747e-01
2.6250478355179957e-01
3.4983035206600993e-01
4.3437424325056756e-01
5.2357172478532221e-01
6.1886318758162884e-01
7.1903578342393570e-01
8.2247062102311197e-01
9.2823506005785927e-01
1.0359332597777269e+00
1.1454583160293734e+00
1.2570160544088549e+00
1.3706648629345048e+00
1.4866753239694799e+00
0.0000000000000000e+00
1.3464638167935233e-01
0.0000000000000000e+00
0.0000000000000000e+00
];
