%Vec Object:sol 1 MPI processes
%  type: mpi
sol = [
0.0000000000000000e+00
-6.0767300011764142e+01
-3.2393210960349087e+01
-1.6364950913347979e+01
-9.3158746788292799e+00
-5.9039300257777798e+00
-4.0453136281873467e+00
-2.9336230052151300e+00
-2.2186985067195732e+00
-1.7345234843357726e+00
-1.3913936468836632e+00
-1.1398686183553310e+00
-9.5032158290617252e-01
-8.0404968813114708e-01
-6.8870152895293579e-01
-5.9620205865223952e-01
-5.2100634484511454e-01
-4.5905238784103264e-01
-4.0736508982825587e-01
-3.6385950850045767e-01
-3.2690489333792039e-01
-2.9520255891752889e-01
-2.6784558307330320e-01
-2.4408367533902173e-01
-2.2329145674255088e-01
-2.0500336808683264e-01
-1.8884515172362454e-01
-1.7448622228087474e-01
-1.6166722684209822e-01
-1.5019321421719081e-01
-1.3988176564300883e-01
-1.3056420695176280e-01
-1.2213493196172533e-01
-1.1448561127154799e-01
-1.0750904589250666e-01
-1.0113981248588413e-01
-9.5312147564474009e-02
-8.9958305956573642e-02
-8.5031724341251558e-02
-8.0492741719283792e-02
-7.6297450012459106e-02
-7.2410702044753375e-02
-6.8808553711834905e-02
-6.5462015823674918e-02
-6.2343327088793726e-02
-5.9438246988189024e-02
-5.6727389027493504e-02
-5.4188080397421470e-02
-5.1812176259801883e-02
-4.9586174888237036e-02
-4.7492418323718824e-02
-4.5525322959607706e-02
-4.3675419536619471e-02
-4.1929794338929564e-02
-4.0283414860643428e-02
-3.8729955816537390e-02
-3.7259853014101160e-02
-3.5868532811656223e-02
-3.4551819792641741e-02
-3.3302546345017836e-02
-3.2116553410883208e-02
-3.0991141966408106e-02
-2.9920877503856632e-02
-2.8901992103639234e-02
-2.7932801034748052e-02
-2.7009134203055628e-02
-2.6127599078277414e-02
-2.6323632429653371e-02
-2.7071429470385398e-02
-2.7852402738528841e-02
-2.8670433524995900e-02
-2.9527142065298599e-02
-3.0423780985552106e-02
-3.1365003226359649e-02
-3.2353106132652847e-02
-3.3389778592796050e-02
-3.4480622829831810e-02
-3.5628786214637727e-02
-3.6836685527873246e-02
-3.8111128123472969e-02
-3.9456367637610235e-02
-4.0875951839678903e-02
-4.2378266790194269e-02
-4.3969055862740032e-02
-4.5653571137525953e-02
-4.7442331333518037e-02
-4.9343151765005602e-02
-5.1363826743831852e-02
-5.3517846655224660e-02
-5.5816000072122479e-02
-5.8269884180511315e-02
-6.0897262571128423e-02
-6.3713325437932011e-02
-6.6735428190515755e-02
-6.9987685585875703e-02
-7.3492018256964761e-02
-7.7274678226026211e-02
-8.1369558533747222e-02
-8.5809234348301233e-02
-9.0634086703845693e-02
-9.5893674234016540e-02
-1.0163540482036997e-01
-1.0792473823882086e-01
-1.1483758742173296e-01
-1.2245406799781057e-01
-1.3087760317912164e-01
-1.4022979843452174e-01
-1.5064524554862815e-01
-1.6229977221241437e-01
-1.7540094058975841e-01
-1.9018836813986187e-01
-2.0697851449630972e-01
-2.2615022899232623e-01
-2.4816686807931471e-01
-2.7363738865118775e-01
-3.0332047591619732e-01
-3.3819226583945305e-01
-3.7955373248048047e-01
-4.2910825916702489e-01
-4.8916484380591146e-01
-5.6289350520273529e-01
-6.5467964894395625e-01
-7.7098693897282811e-01
-9.2127668375477212e-01
-1.1198473475659698e+00
-1.3890723105535403e+00
-1.7647125168987596e+00
-2.3070955539662665e+00
-3.1146293399835443e+00
-4.3367465690766336e+00
-6.0675630558169287e+00
-7.6927119275498415e+00
-7.8603618002762747e+00
-7.3488170534929829e+00
-6.6023276240178008e+00
-4.9427243525358175e+00
-3.2707018169316817e+00
-2.1812465825660579e+00
-1.5200985700689063e+00
-1.1069676916277655e+00
-8.3671595074625738e-01
-6.5202894662730837e-01
-5.2092590239269132e-01
-4.2482670505783332e-01
-3.5247175947227860e-01
-2.9673055860513564e-01
-2.5292181185934814e-01
-2.1790686349411145e-01
-1.8950106169055722e-01
-1.6614947447551323e-01
-1.4673571837511945e-01
-1.3042609430929036e-01
-1.1659778996656042e-01
-1.0477799268270625e-01
-9.4594030171510413e-02
-8.5763777700825966e-02
-7.8059436029413287e-02
-7.1296940187511787e-02
-6.5332341382419876e-02
-6.0044514590321535e-02
-5.5335768349270731e-02
-5.1126238189375624e-02
-4.7346483878727509e-02
-4.3941856532365792e-02
-4.0864386182625577e-02
-3.8073027109344196e-02
-3.6252596166528227e-02
-3.8212958368439069e-02
-4.0348382282198371e-02
-4.2681501213886461e-02
-4.5236571027958417e-02
-4.8045482151832165e-02
-5.1142989088439561e-02
-5.4571091148628285e-02
-5.8381233747507567e-02
-6.2631668244899935e-02
-6.7397063268933327e-02
-7.2765659580447326e-02
-7.8845225294186763e-02
-8.5772561566328551e-02
-9.3713697131745169e-02
-1.0288305722273867e-01
-1.1355264135306210e-01
-1.2607127608228497e-01
-1.4090281271994248e-01
-1.5865595529900398e-01
-1.8015879991709380e-01
-2.0654797316562176e-01
-2.3940586377152598e-01
-2.8098839578620749e-01
-3.3457518241635131e-01
-4.0499312182060582e-01
-4.9936524897294765e-01
-6.2789053810977435e-01
-8.0341723498623463e-01
-1.0336009446330847e+00
-1.2891633487762453e+00
-1.4579578747787365e+00
-1.4649614533326709e+00
0.0000000000000000e+00
1.3464638167935272e-01
0.0000000000000000e+00
0.0000000000000000e+00
];
