%Vec Object:sol 1 MPI processes
%  type: mpi
sol = [
0.0000000000000000e+00
-5.3777853858167241e+01
-3.0693478989865937e+01
-1.6012091202030529e+01
-9.2236193089982113e+00
-5.8771589082573259e+00
-4.0374231407305547e+00
-2.9321351060566290e+00
-2.2203996369388781e+00
-1.7368911075168305e+00
-1.3941632133964670e+00
-1.1427616335833837e+00
-9.5317208233159212e-01
-8.0665778214924733e-01
-6.9111147203848178e-01
-5.9847854364837372e-01
-5.2315130381089525e-01
-4.6107267361385706e-01
-4.0926986685616118e-01
-3.6565779921468872e-01
-3.2860555364287231e-01
-2.9681429631174661e-01
-2.6937605560306987e-01
-2.4553987979973821e-01
-2.2467013110765957e-01
-2.0630688537477393e-01
-1.9008453566091710e-01
-1.7567444222050177e-01
-1.6280836420751449e-01
-1.5129084743346524e-01
-1.4093912387849464e-01
-1.3158426400668291e-01
-1.2312030532636593e-01
-1.1543867325180811e-01
-1.0843198663373195e-01
-1.0203459420222320e-01
-9.6180555546388546e-02
-9.0801984714518766e-02
-8.5852173805914742e-02
-8.1291333450455541e-02
-7.7075447949946252e-02
-7.3169270204998263e-02
-6.9548765956899197e-02
-6.6184864705373034e-02
-6.3049728239638309e-02
-6.0129055698689440e-02
-5.7403400309796550e-02
-5.4850022987579149e-02
-5.2460741922116520e-02
-5.0222010628338823e-02
-4.8116112737004377e-02
-4.6137442031703557e-02
-4.4276496144414326e-02
-4.2520312809111942e-02
-4.0863841833196447e-02
-3.9300735499142446e-02
-3.7821389499786737e-02
-3.6421214123579661e-02
-3.5096020297385649e-02
-3.3838607412536310e-02
-3.2644800259992737e-02
-3.1511893265686729e-02
-3.0434424829738453e-02
-2.9408610114034329e-02
-2.8432763477667308e-02
-2.7502692546223648e-02
-2.6614987002070122e-02
-2.6824763310918827e-02
-2.7597278434752147e-02
-2.8404357375778927e-02
-2.9249997685684131e-02
-3.0135918933339882e-02
-3.1063474758277827e-02
-3.2037466713394198e-02
-3.3060322038909920e-02
-3.4133859702551082e-02
-3.5263873094145318e-02
-3.6453680565388773e-02
-3.7705870378198336e-02
-3.9027497944774489e-02
-4.0423043992524478e-02
-4.1896287283835709e-02
-4.3455939437727471e-02
-4.5108048966764340e-02
-4.6858185408255981e-02
-4.8717300828467841e-02
-5.0693626494668784e-02
-5.2795401410252470e-02
-5.5036702762105989e-02
-5.7428896096129702e-02
-5.9984213537639462e-02
-6.2721229595695552e-02
-6.5655951473131094e-02
-6.8806659555482735e-02
-7.2198616375152749e-02
-7.5854927781106071e-02
-7.9803235394206140e-02
-8.4078979725437500e-02
-8.8714870665145648e-02
-9.3754155005604189e-02
-9.9249384484384584e-02
-1.0525330263594666e-01
-1.1183274058676013e-01
-1.1906721781449643e-01
-1.2704119631680880e-01
-1.3586348002146184e-01
-1.4566204263455268e-01
-1.5657877085105920e-01
-1.6879867909300156e-01
-1.8254030066790206e-01
-1.9805619753793294e-01
-2.1567941813877117e-01
-2.3580893112729259e-01
-2.5893285536574112e-01
-2.8569214656628278e-01
-3.1688559761144619e-01
-3.5354080409633998e-01
-3.9702658783531469e-01
-4.4913500293990083e-01
-5.1229408129036635e-01
-5.8980041607163469e-01
-6.8631015794973083e-01
-8.0858130538539652e-01
-9.6652505782353582e-01
-1.1750963331899695e+00
-1.4575785605668601e+00
-1.8511891303147632e+00
-2.4183472828479107e+00
-3.2596673733133565e+00
-4.5252549982569370e+00
-6.2969634829222105e+00
-7.9230815769550507e+00
-8.0699913741030098e+00
-7.5481785927187568e+00
-6.7960309658953326e+00
-5.1182125022461857e+00
-3.4033920334620982e+00
-2.2760352188605464e+00
-1.5890207106174850e+00
-1.1589991546477247e+00
-8.7724795862205940e-01
-6.8453774483090557e-01
-5.4767315103866454e-01
-4.4727334086258375e-01
-3.7162197167264099e-01
-3.1330940395586093e-01
-2.6745526349441950e-01
-2.3078612872733731e-01
-2.0102277629935750e-01
-1.7654242631247061e-01
-1.5617968577203203e-01
-1.3906397759890313e-01
-1.2454477035732849e-01
-1.1212836922808588e-01
-1.0142655724428065e-01
-9.2142409355017163e-02
-8.4037865868973355e-02
-7.6920529727177125e-02
-7.0639352725808610e-02
-6.5067776011317788e-02
-6.0104134831348736e-02
-5.5664831870527905e-02
-5.1677091656802995e-02
-4.8083706490386117e-02
-4.4834403089340794e-02
-4.1886136644725673e-02
-3.9996444249831106e-02
-4.2283845192792997e-02
-4.4783418515824069e-02
-4.7523268808130188e-02
-5.0533925769840456e-02
-5.3855063444121443e-02
-5.7530481475470019e-02
-6.1613132705302436e-02
-6.6167876879639986e-02
-7.1268945655184116e-02
-7.7011103379675774e-02
-8.3507187486662263e-02
-9.0895612301710157e-02
-9.9352248704125470e-02
-1.0909228451300232e-01
-1.2039411649646724e-01
-1.3361302031254316e-01
-1.4920761924964404e-01
-1.6779038042691513e-01
-1.9017209775691030e-01
-2.1746369353745870e-01
-2.5120506055180747e-01
-2.9356704934090294e-01
-3.4769375972751687e-01
-4.1823351080615517e-01
-5.1224765587086318e-01
-6.4061664231659754e-01
-8.2015515796497696e-01
-1.0756697013497316e+00
-1.4358101104278755e+00
-1.8942131074200135e+00
-2.2890144548738776e+00
-2.3864240485424233e+00
0.0000000000000000e+00
1.3464638167935261e-01
0.0000000000000000e+00
0.0000000000000000e+00
];
