%Vec Object:sol 1 MPI processes
%  type: mpi
sol = [
0.0000000000000000e+00
-6.4778891786689613e+01
-3.3277224970888142e+01
-1.6522833689390318e+01
-9.3537678284578227e+00
-5.9125417716080406e+00
-4.0458570483349332e+00
-2.9316535808222302e+00
-2.2161010472769416e+00
-1.7318499890902261e+00
-1.3888265212025077e+00
-1.1375269457054178e+00
-9.4819899751437919e-01
-8.0211630710292958e-01
-6.8689078992604158e-01
-5.9455822265670910e-01
-5.1950603473802981e-01
-4.5767587637736729e-01
-4.0609566075143982e-01
-3.6268348493751890e-01
-3.2581079101274102e-01
-2.9418048774850408e-01
-2.6688734400463698e-01
-2.4318229882052644e-01
-2.2243323269475601e-01
-2.0417945528342793e-01
-1.8805670335622376e-01
-1.7373743481947185e-01
-1.6095437051734460e-01
-1.4951307194037777e-01
-1.3923150494326059e-01
-1.2994129249234801e-01
-1.2153715366652108e-01
-1.1391100162101361e-01
-1.0695582658862465e-01
-1.0060640595473161e-01
-9.4797137362104419e-02
-8.9460406454493394e-02
-8.4549775346871109e-02
-8.0025693447028465e-02
-7.5844345375767591e-02
-7.1970667815737938e-02
-6.8380792229202250e-02
-6.5045796035923073e-02
-6.1937978845279941e-02
-5.9043151007530853e-02
-5.6341974009852622e-02
-5.3811823586260785e-02
-5.1444587748817439e-02
-4.9226799701162602e-02
-4.7140841687426729e-02
-4.5181151503934418e-02
-4.3338285473669795e-02
-4.1599362232838027e-02
-3.9959365357652946e-02
-3.8411987385317939e-02
-3.6947690227561072e-02
-3.5561913600715048e-02
-3.4250493800962734e-02
-3.3006284310707137e-02
-3.1825138167450341e-02
-3.0704363260591006e-02
-2.9638542171579234e-02
-2.8623918553658229e-02
-2.7658810848999762e-02
-2.6739062866396011e-02
-2.5861293439616944e-02
-2.6050202361349282e-02
-2.6784902215228890e-02
-2.7552046831804462e-02
-2.8355456476270566e-02
-2.9196698989607091e-02
-3.0076973603426798e-02
-3.1000855214158345e-02
-3.1970572671785019e-02
-3.2987746116139569e-02
-3.4057877325716475e-02
-3.5184023520068726e-02
-3.6368510874271315e-02
-3.7618016341028029e-02
-3.8936673819525813e-02
-4.0327909074756203e-02
-4.1799936936448866e-02
-4.3358339874817096e-02
-4.5008202356520075e-02
-4.6759815067755409e-02
-4.8620773958062205e-02
-5.0598638629221100e-02
-5.2706590530524219e-02
-5.4955113920200659e-02
-5.7355470922089528e-02
-5.9924997716879300e-02
-6.2678493529708459e-02
-6.5632321984207140e-02
-6.8809610176224417e-02
-7.2232233057881817e-02
-7.5925751447801143e-02
-7.9923140325850045e-02
-8.4255997456128412e-02
-8.8963540717734019e-02
-9.4093927837388916e-02
-9.9695749062715944e-02
-1.0583078832510297e-01
-1.1257259283411496e-01
-1.1999896816951963e-01
-1.2821047849493000e-01
-1.3732534548270980e-01
-1.4747428371002300e-01
-1.5882823947503422e-01
-1.7158894500491176e-01
-1.8598913786797042e-01
-2.0233646305588646e-01
-2.2099907811646594e-01
-2.4242717920502049e-01
-2.6721271934921348e-01
-2.9609306908910105e-01
-3.3001701618058443e-01
-3.7024947855835899e-01
-4.1844671398590660e-01
-4.7682132376990294e-01
-5.4846582313085068e-01
-6.3772398750548076e-01
-7.5083944424736915e-01
-8.9703249426381804e-01
-1.0902497003396892e+00
-1.3521229577771525e+00
-1.7180684355599434e+00
-2.2468804905298598e+00
-3.0357835551845671e+00
-4.2333444068584454e+00
-5.9400366726625702e+00
-7.5615138672631437e+00
-7.7391146176350745e+00
-7.2323964187347833e+00
-6.4896638240428155e+00
-4.8420656033038512e+00
-3.1958808487125689e+00
-2.1280052972030794e+00
-1.4813735305375637e+00
-1.0777227245702874e+00
-8.1390480683422262e-01
-6.3365413175278573e-01
-5.0576636539652520e-01
-4.1208273137750417e-01
-3.4157045345456566e-01
-2.8726689947021877e-01
-2.4460210363099616e-01
-2.1051266967180693e-01
-1.8286672712530186e-01
-1.6014387313930747e-01
-1.4125819559809430e-01
-1.2539795816560903e-01
-1.1195543161924287e-01
-1.0046958037501738e-01
-9.0578150370198937e-02
-8.2004095573557104e-02
-7.4525439162118290e-02
-6.7962877189085127e-02
-6.2176155651763959e-02
-5.7047321591363727e-02
-5.2481239705097577e-02
-4.8400129073529884e-02
-4.4736420853250150e-02
-4.1436889919673384e-02
-3.8454853632418622e-02
-3.5750384961529984e-02
-3.3963734813888626e-02
-3.5714681303126050e-02
-3.7616009250073683e-02
-3.9686598903701048e-02
-4.1946371783720432e-02
-4.4421840333022690e-02
-4.7141463571794218e-02
-5.0139588343283990e-02
-5.3458254557141829e-02
-5.7144428780268368e-02
-6.1258552996387515e-02
-6.5871343542803815e-02
-7.1068614040998873e-02
-7.6959055034738419e-02
-8.3673077309279184e-02
-9.1378534462573019e-02
-1.0028641311031020e-01
-1.1066455989882028e-01
-1.2286658659687982e-01
-1.3735018173296182e-01
-1.5473050686399289e-01
-1.7583363222959855e-01
-2.0179539826556114e-01
-2.3420063696844617e-01
-2.7525614840333223e-01
-3.2805450064377156e-01
-3.9679352482070551e-01
-4.8657148102580478e-01
-6.0131155953039495e-01
-7.3518338524479010e-01
-8.5317437350299630e-01
-8.9491613393227565e-01
-8.5897502996570041e-01
0.0000000000000000e+00
1.3464638167935256e-01
0.0000000000000000e+00
0.0000000000000000e+00
];
