%Vec Object:sol 1 MPI processes
%  type: mpi
sol = [
0.0000000000000000e+00
-6.6040935807958306e+01
-3.3523006506169708e+01
-1.6570625257362721e+01
-9.3616550458336842e+00
-5.9145340379405011e+00
-4.0456002124639587e+00
-2.9303900014785356e+00
-2.2153496877484358e+00
-1.7306147045722819e+00
-1.3879282782144526e+00
-1.1368475032567511e+00
-9.4747645064857866e-01
-8.0134515716621990e-01
-6.8624806564206819e-01
-5.9401253235218654e-01
-5.1903531509009471e-01
-4.5726414889121009e-01
-4.0573105051141728e-01
-3.6233163855768780e-01
-3.2546274138615211e-01
-2.9383924868778444e-01
-2.6655480707117518e-01
-2.4285956347221380e-01
-2.2212849401697926e-01
-2.0389656711112616e-01
-1.8779291554060132e-01
-1.7349044305821751e-01
-1.6072222846304685e-01
-1.4929414277200445e-01
-1.3902439043752068e-01
-1.2974478071604881e-01
-1.2135020891351292e-01
-1.1373272426454510e-01
-1.0678542420649108e-01
-1.0044318860370025e-01
-9.4640497944941726e-02
-8.9309804792743155e-02
-8.4404732492284140e-02
-7.9885783465235546e-02
-7.5709186050443050e-02
-7.1839915585983488e-02
-6.8254138285753010e-02
-6.4922961092575476e-02
-6.1818709656411237e-02
-5.8927217308369195e-02
-5.6229165886244242e-02
-5.3701950086043913e-02
-5.1337472961811410e-02
-4.9122282004243289e-02
-4.7038774096492132e-02
-4.5081396397622202e-02
-4.3240698162346519e-02
-4.1503360924695219e-02
-3.9864897800163238e-02
-3.8319002115869506e-02
-3.6856139137842213e-02
-3.5471749146716899e-02
-3.4161668882666890e-02
-3.2918755071509820e-02
-3.1738861903283837e-02
-3.0619297239630399e-02
-2.9554646630410405e-02
-2.8541155395977388e-02
-2.7577141469001490e-02
-2.6658451297282771e-02
-2.5781705794666009e-02
-2.5968388504127096e-02
-2.6699069438913196e-02
-2.7461966740014231e-02
-2.8260881605422658e-02
-2.9097365140932491e-02
-2.9972599415428552e-02
-3.0891134819123079e-02
-3.1855178280481740e-02
-3.2866327764448020e-02
-3.3930053339271578e-02
-3.5049383285306768e-02
-3.6226614463415525e-02
-3.7468382422093494e-02
-3.8778782477031891e-02
-4.0161200801336568e-02
-4.1623797522307944e-02
-4.3172103024502147e-02
-4.4811147200682591e-02
-4.6551147409433995e-02
-4.8399628216042608e-02
-5.0364072504327888e-02
-5.2457561679783653e-02
-5.4690480359848852e-02
-5.7073980662157110e-02
-5.9625259689586249e-02
-6.2358934581520011e-02
-6.5291711592457266e-02
-6.8446901670953728e-02
-7.1845592427393509e-02
-7.5513067452287863e-02
-7.9482046631928344e-02
-8.3783859071283245e-02
-8.8457402912018077e-02
-9.3550454631768185e-02
-9.9111192461706535e-02
-1.0520089963327008e-01
-1.1189253193692011e-01
-1.1926323871151583e-01
-1.2741277198843726e-01
-1.3645839497262305e-01
-1.4652972915488352e-01
-1.5779634546414456e-01
-1.7045833994776538e-01
-1.8474652900477068e-01
-2.0096609981407587e-01
-2.1948224452404302e-01
-2.4074152850168179e-01
-2.6533122562178596e-01
-2.9396089289973265e-01
-3.2758498783240492e-01
-3.6745671600205515e-01
-4.1521549058221141e-01
-4.7308405419665223e-01
-5.4414004354557133e-01
-6.3267162318950243e-01
-7.4487801407475474e-01
-8.8987702295105042e-01
-1.0813096999345266e+00
-1.3410497044749961e+00
-1.7042957530776126e+00
-2.2286549932275292e+00
-3.0122822592825442e+00
-4.2026679336501074e+00
-5.9010263756422248e+00
-7.5219283100327079e+00
-7.7022031734601315e+00
-7.1975803567311152e+00
-6.4559876463216961e+00
-4.8116545451956076e+00
-3.1734104324777137e+00
-2.1119494648796207e+00
-1.4695547662892743e+00
-1.0688924169355378e+00
-8.0694027425453596e-01
-6.2804096836095347e-01
-5.0115682345114110e-01
-4.0821467289164642e-01
-3.3826405723076197e-01
-2.8438247757739021e-01
-2.4205608024407385e-01
-2.0824218493188618e-01
-1.8082366615649642e-01
-1.5829415301719182e-01
-1.3957238351819187e-01
-1.2385115379984456e-01
-1.1052759272686727e-01
-9.9144357071589792e-02
-8.9342119281466723e-02
-8.0846066224757707e-02
-7.3436023185178056e-02
-6.6934156370122344e-02
-6.1201350712091603e-02
-5.6120629626466217e-02
-5.1597643318904506e-02
-4.7555249944199039e-02
-4.3926454219437722e-02
-4.0658465990900720e-02
-3.7704995523650649e-02
-3.5026456690040217e-02
-3.3249178930870996e-02
-3.4933412793217294e-02
-3.6759996530188202e-02
-3.8746564430998207e-02
-4.0911592409358308e-02
-4.3279797665645256e-02
-4.5877527468665392e-02
-4.8736553993518429e-02
-5.1895744736404154e-02
-5.5398018725250665e-02
-5.9298764286428510e-02
-6.3663000901926239e-02
-6.8568973304824712e-02
-7.4115644085169366e-02
-8.0421028546909634e-02
-8.7636703995727983e-02
-9.5952218568024980e-02
-1.0560680239030261e-01
-1.1691491220108161e-01
-1.3028025856777201e-01
-1.4624173287169509e-01
-1.6551996276628284e-01
-1.8908475248210388e-01
-2.1827225996653321e-01
-2.5489877778812609e-01
-3.0142051630418293e-01
-3.6096397649203699e-01
-4.3678611415818780e-01
-5.2970450487961063e-01
-6.3010615833571593e-01
-7.0458688825377846e-01
-7.1218934253146371e-01
-6.6594277007078939e-01
0.0000000000000000e+00
1.3464638167935261e-01
0.0000000000000000e+00
0.0000000000000000e+00
];
