%Vec Object:sol 1 MPI processes
%  type: mpi
sol = [
0.0000000000000000e+00
-7.0133577627895903e+01
-3.4284866575260352e+01
-1.6692430433520006e+01
-9.3839725122946192e+00
-5.9154271163308518e+00
-4.0416617717181884e+00
-2.9255462857809138e+00
-2.2107585849323832e+00
-1.7264203882979230e+00
-1.3842675302474345e+00
-1.1336247207321746e+00
-9.4457617387144854e-01
-7.9879235842847141e-01
-6.8398204905599613e-01
-5.9198507698381064e-01
-5.1720825942260396e-01
-4.5560684400441426e-01
-4.0417757302211599e-01
-3.6089670434016130e-01
-3.2414213273279791e-01
-2.9261790789154996e-01
-2.6542038152079922e-01
-2.4180172287406912e-01
-2.2113844507413585e-01
-2.0296686405555314e-01
-1.8691722942994585e-01
-1.7266330116449338e-01
-1.5993887281792479e-01
-1.4855047411410743e-01
-1.3831681900678394e-01
-1.2907011995262427e-01
-1.2070567987896412e-01
-1.1311586360560112e-01
-1.0619402151165105e-01
-9.9875284355413249e-02
-9.4094338468093508e-02
-8.8783806836636781e-02
-8.3897470699839299e-02
-7.9395971344665084e-02
-7.5235655089004511e-02
-7.1381425181048480e-02
-6.7808667530703443e-02
-6.4489803363814435e-02
-6.1397209627505903e-02
-5.8516762224810261e-02
-5.5829184783292178e-02
-5.3311915961243350e-02
-5.0956887289177084e-02
-4.8750678180669374e-02
-4.6675723668998893e-02
-4.4726490728725546e-02
-4.2893570161839922e-02
-4.1164123492203032e-02
-3.9533156626607127e-02
-3.7994386653268854e-02
-3.6538310327078286e-02
-3.5160386036742583e-02
-3.3856466709371015e-02
-3.2619434126348074e-02
-3.1445158161452130e-02
-3.0330957060983561e-02
-2.9271436425236323e-02
-2.8262855846750961e-02
-2.7303539200663657e-02
-2.6389349080102861e-02
-2.5516919777421036e-02
-2.5697081011620639e-02
-2.6415340262022573e-02
-2.7165131168332666e-02
-2.7950197791178931e-02
-2.8772042531468863e-02
-2.9631797831461661e-02
-3.0533941093136886e-02
-3.1480615547139400e-02
-3.2473355268319230e-02
-3.3517536487055820e-02
-3.4616103631196472e-02
-3.5771269343248820e-02
-3.6989547471869624e-02
-3.8274921959839406e-02
-3.9630665550082551e-02
-4.1064778704970564e-02
-4.2582642152067647e-02
-4.4189129912560875e-02
-4.5894246880568722e-02
-4.7705313607543542e-02
-4.9629594677675450e-02
-5.1679883835219396e-02
-5.3866282686844992e-02
-5.6199631712570329e-02
-5.8696730522719849e-02
-6.1371795478350956e-02
-6.4241078939862348e-02
-6.7327329224778409e-02
-7.0651052494675029e-02
-7.4236856403089357e-02
-7.8116641814480053e-02
-8.2320870023268711e-02
-8.6887406458057703e-02
-9.1862795868553102e-02
-9.7293877841550538e-02
-1.0324030920992157e-01
-1.0977312129659880e-01
-1.1696731646633371e-01
-1.2491998993941711e-01
-1.3374525966541598e-01
-1.4356914059627157e-01
-1.5455666369563048e-01
-1.6690250037369089e-01
-1.8083106063073093e-01
-1.9663941858453085e-01
-2.1467203307725716e-01
-2.3536909980868484e-01
-2.5930225221326964e-01
-2.8718166041100396e-01
-3.1992108952709730e-01
-3.5873913337289631e-01
-4.0523121316228239e-01
-4.6156099932775041e-01
-5.3072535491121509e-01
-6.1690121621722493e-01
-7.2612269727338308e-01
-8.6715209918977298e-01
-1.0535714799275522e+00
-1.3066256270204535e+00
-1.6605664815966064e+00
-2.1722442647663653e+00
-2.9379671725184595e+00
-4.1048874527112433e+00
-5.7800680989354900e+00
-7.3971831708254516e+00
-7.5873204880862444e+00
-7.0878432392581967e+00
-6.3490502412739724e+00
-4.7160131049940945e+00
-3.1018809366410820e+00
-2.0611954698429953e+00
-1.4326526177984729e+00
-1.0409933548259951e+00
-7.8515985000672084e-01
-6.1054271127648585e-01
-4.8674415260297177e-01
-3.9607085178814355e-01
-3.2785344077977147e-01
-2.7534354615469125e-01
-2.3410790628697214e-01
-2.0117587133301684e-01
-1.7448081839138271e-01
-1.5255258848785322e-01
-1.3433605039915172e-01
-1.1904366588924113e-01
-1.0608733731726931e-01
-9.5020976631310081e-02
-8.5494199610925498e-02
-7.7239026104459166e-02
-7.0040806034163183e-02
-6.3726219515055957e-02
-5.8159649831822549e-02
-5.3227127246661572e-02
-4.8836525248092580e-02
-4.4912677773590086e-02
-4.1390620875734509e-02
-3.8218882986811357e-02
-3.5352367418603023e-02
-3.2752522928167084e-02
-3.1001858007981803e-02
-3.2472910763251754e-02
-3.4060051708296131e-02
-3.5776738781261266e-02
-3.7636573444993472e-02
-3.9658206859112269e-02
-4.1860804412660990e-02
-4.4267341176423412e-02
-4.6905788341009218e-02
-4.9806049951275806e-02
-5.3006929333823352e-02
-5.6552203928841020e-02
-6.0493597229212680e-02
-6.4895755968335286e-02
-6.9832566780779634e-02
-7.5397198885764932e-02
-8.1701512081497271e-02
-8.8879920108292487e-02
-9.7101946224929347e-02
-1.0656892123782011e-01
-1.1752931468184073e-01
-1.3027809986688541e-01
-1.4514562537480707e-01
-1.6247591476818096e-01
-1.8250307590988973e-01
-2.0507899185312958e-01
-2.2895879711646061e-01
-2.5019772774370619e-01
-2.5951040981076673e-01
-2.4230539121904870e-01
-1.9239635608173730e-01
-1.2559515229939805e-01
-5.9618855524940687e-02
0.0000000000000000e+00
1.3464638167935267e-01
0.0000000000000000e+00
0.0000000000000000e+00
];
