%Vec Object:sol 1 MPI processes
%  type: mpi
sol = [
0.0000000000000000e+00
-9.3903965382183358e+01
-3.7283819543388482e+01
-1.6998140289177176e+01
-9.3548642287936552e+00
-5.8438649392981556e+00
-3.9741287048249707e+00
-2.8684843431370477e+00
-2.1631751625320437e+00
-1.6870856941619652e+00
-1.3511519229661391e+00
-1.1052444957346226e+00
-9.2023640674229779e-01
-7.7765724019388971e-01
-6.6533260767764224e-01
-5.7537986543996733e-01
-5.0230897738841707e-01
-4.4214506275350113e-01
-3.9197830994491895e-01
-3.4977710750284630e-01
-3.1395020752272074e-01
-2.8322697919363471e-01
-2.5671538989569204e-01
-2.3370104281099308e-01
-2.1357291451753893e-01
-1.9587778501635908e-01
-1.8025452313391177e-01
-1.6638376980527919e-01
-1.5400504331302090e-01
-1.4292985088586180e-01
-1.3298096181271171e-01
-1.2399396360277917e-01
-1.1586716272445181e-01
-1.0849542736118450e-01
-1.0177425931332242e-01
-9.5640648696526248e-02
-9.0030894223792027e-02
-8.4879053409012722e-02
-8.0140121115467366e-02
-7.5775799124521079e-02
-7.1743416722513942e-02
-6.8008902038573280e-02
-6.4549216055735104e-02
-6.1336234410796928e-02
-5.8342993380551940e-02
-5.5555847349482705e-02
-5.2956019465508250e-02
-5.0521472975167563e-02
-4.8244441584796190e-02
-4.6111862175493470e-02
-4.4106590455013042e-02
-4.2223294448827435e-02
-4.0452822912732000e-02
-3.8782662990483587e-02
-3.7207977749877989e-02
-3.5722660784591874e-02
-3.4317470325081798e-02
-3.2987995829237060e-02
-3.1730117820863754e-02
-3.0536892728039920e-02
-2.9404433255371735e-02
-2.8330139941863786e-02
-2.7308774678524106e-02
-2.6336704436362549e-02
-2.5412292506422001e-02
-2.4531526314751341e-02
-2.3691141923760116e-02
-2.3828513370572572e-02
-2.4463405898212387e-02
-2.5125262340469953e-02
-2.5817432725336330e-02
-2.6541097161839441e-02
-2.7297062645781276e-02
-2.8089304532738141e-02
-2.8919542146838555e-02
-2.9788889094918277e-02
-3.0702077657756014e-02
-3.1661491864093873e-02
-3.2668787221588821e-02
-3.3729644108943815e-02
-3.4847299633292771e-02
-3.6024271792965794e-02
-3.7267469163806889e-02
-3.8581265928779154e-02
-3.9969492883954315e-02
-4.1440703187212172e-02
-4.3000841324604078e-02
-4.4655702670108773e-02
-4.6416115719710771e-02
-4.8290267519365396e-02
-5.0286890213631349e-02
-5.2420066184628654e-02
-5.4701291865780252e-02
-5.7143733879386337e-02
-5.9766288955804492e-02
-6.2585502933768355e-02
-6.5621366407840859e-02
-6.8900160929941015e-02
-7.2446412840550811e-02
-7.6290899902144257e-02
-8.0471688874814068e-02
-8.5026420741525374e-02
-9.0003533676497410e-02
-9.5460756152489917e-02
-1.0145825450979595e-01
-1.0807469245129965e-01
-1.1540232523712492e-01
-1.2354207698939905e-01
-1.3262726484384929e-01
-1.4281457873081771e-01
-1.5428347940344964e-01
-1.6727310732936798e-01
-1.8206826609802143e-01
-1.9901617988368098e-01
-2.1857525963989863e-01
-2.4130223517429378e-01
-2.6793668640239249e-01
-2.9945422189731730e-01
-3.3712968494363343e-01
-3.8269206436074588e-01
-4.3853682778456798e-01
-5.0800056747930633e-01
-5.9591209090425423e-01
-7.0940090274728107e-01
-8.5915705068079895e-01
-1.0622897373900266e+00
-1.3464507659985645e+00
-1.7574186466924206e+00
-2.3731001780957759e+00
-3.3120124414604093e+00
-4.6588317089348319e+00
-5.9460826996238509e+00
-6.0938461981393628e+00
-5.7062268250722052e+00
-5.1369528886430231e+00
-3.8648354840740566e+00
-2.5798690274218092e+00
-1.8002455389298146e+00
-1.3020583234301004e+00
-9.0618629318355737e-01
-6.5556397665136734e-01
-4.9672472773147752e-01
-3.8939627322287390e-01
-3.1319999176366331e-01
-2.5691919533429802e-01
-2.1424214140486028e-01
-1.8108908532613296e-01
-1.5479481372719173e-01
-1.3362817166790589e-01
-1.1631811599688531e-01
-1.0199447184443164e-01
-9.0047521711955250e-02
-7.9918320506685112e-02
-7.1298689831766141e-02
-6.3887694711153936e-02
-5.7467527318713331e-02
-5.1888427726837959e-02
-4.6989667522344070e-02
-4.2676402383818035e-02
-3.8875429897001920e-02
-3.5476806362692369e-02
-3.2448915953526281e-02
-2.9733762166463059e-02
-2.7281657986499785e-02
-2.5074452872771519e-02
-2.3061441117755620e-02
-2.1657614911884945e-02
-2.2510312931121285e-02
-2.3395223359759264e-02
-2.4326026428213812e-02
-2.5290701499593008e-02
-2.6278314760089155e-02
-2.7291041119815965e-02
-2.8285768865038613e-02
-2.9266041978890350e-02
-3.0196032901215013e-02
-3.1026156567274275e-02
-3.1713670760970376e-02
-3.2133526328162854e-02
-3.2145659138676029e-02
-3.1504204116234127e-02
-2.9752735528624057e-02
-2.6032973290622770e-02
-1.7885975004772580e-02
5.5692389339247542e-02
1.9237475726207764e-01
2.9011733697149239e-01
3.7053203579146909e-01
4.5098537435088670e-01
5.3873886224064804e-01
6.3446935935077486e-01
7.3630303770622441e-01
8.4222333389134374e-01
9.5112647777737414e-01
1.0625830339368234e+00
1.1764960650655012e+00
1.2931246798145588e+00
1.4125460575298361e+00
1.5351199403197326e+00
0.0000000000000000e+00
1.3464638167935233e-01
0.0000000000000000e+00
0.0000000000000000e+00
];
