%Vec Object:sol 1 MPI processes
%  type: mpi
sol = [
0.0000000000000000e+00
-7.0859072214427343e+01
-3.4414532553575690e+01
-1.6712320605807292e+01
-9.3857611504022262e+00
-5.9152235690824551e+00
-4.0407632633433632e+00
-2.9243717280534747e+00
-2.2095437011433092e+00
-1.7255057235299103e+00
-1.3835893261209375e+00
-1.1328418318620941e+00
-9.4394984077643507e-01
-7.9827931020852205e-01
-6.8355323970249071e-01
-5.9162042428463490e-01
-5.1684804071447721e-01
-4.5523440409401128e-01
-4.0384421560152006e-01
-3.6059961509537092e-01
-3.2387517032474050e-01
-2.9237621835032357e-01
-2.6520012403353715e-01
-2.4159980657700292e-01
-2.2095234102442646e-01
-2.0279449624511467e-01
-1.8675688174951713e-01
-1.7251353349859236e-01
-1.5979846701531814e-01
-1.4841840261736750e-01
-1.3819220277932390e-01
-1.2895219381737905e-01
-1.2059259856174996e-01
-1.1300491148036572e-01
-1.0608530849031440e-01
-9.9768877851307558e-02
-9.3990271285815677e-02
-8.8682084615335111e-02
-8.3798079434057246e-02
-7.9298881977122329e-02
-7.5140827826915460e-02
-7.1288989884754628e-02
-6.7719622291158771e-02
-6.4403911995516178e-02
-6.1314258772751637e-02
-5.8436556836803155e-02
-5.5751547283756336e-02
-5.3236685719450796e-02
-5.0883915585284489e-02
-4.8679828554140971e-02
-4.6606872592584572e-02
-4.4659522688249402e-02
-4.2828378377243993e-02
-4.1100610953751122e-02
-3.9471232261736107e-02
-3.7933965493574757e-02
-3.6479314890916791e-02
-3.5102743503457864e-02
-3.3800108449151503e-02
-3.2564297309751078e-02
-3.1391183825199634e-02
-3.0278089023917279e-02
-2.9219623045908819e-02
-2.8212048836354555e-02
-2.7253692007222548e-02
-2.6340418738776104e-02
-2.5468866323719634e-02
-2.5647935347420037e-02
-2.6364038089610253e-02
-2.7111555725751944e-02
-2.7894222546566663e-02
-2.8713532788612120e-02
-2.9570610609524664e-02
-3.0469920975003197e-02
-3.1413596440179610e-02
-3.2403160430356626e-02
-3.3443973245375125e-02
-3.4538965273867232e-02
-3.5690335133462023e-02
-3.6904576090378956e-02
-3.8185653470787770e-02
-3.9536821143942573e-02
-4.0966052672456940e-02
-4.2478703819923837e-02
-4.4079622697799629e-02
-4.5778778546080777e-02
-4.7583457969741644e-02
-4.9500889316765107e-02
-5.1543818253190959e-02
-5.3722299428906731e-02
-5.6047121691896531e-02
-5.8535018498274166e-02
-6.1200139928399233e-02
-6.4058663329527588e-02
-6.7133243798609660e-02
-7.0444291692247071e-02
-7.4016303309926729e-02
-7.7881044468495281e-02
-8.2068834082412709e-02
-8.6617368117175284e-02
-9.1572989308930208e-02
-9.6982318690891217e-02
-1.0290474752819063e-01
-1.0941099341391534e-01
-1.1657571022877862e-01
-1.2449556080136050e-01
-1.3328345451997703e-01
-1.4306082896542174e-01
-1.5399543991704184e-01
-1.6628078412217412e-01
-1.8013985873298902e-01
-1.9586782611900183e-01
-2.1381766968638916e-01
-2.3442086754531055e-01
-2.5824515962328354e-01
-2.8599748453539647e-01
-3.1858748599820241e-01
-3.5722835491389154e-01
-4.0350850961553281e-01
-4.5958229809854106e-01
-5.2843396303020218e-01
-6.1418973128550547e-01
-7.2280155366924959e-01
-8.6318907982843240e-01
-1.0487798134458872e+00
-1.3007459818455087e+00
-1.6528937068920755e+00
-2.1625400836586106e+00
-2.9249970345382139e+00
-4.0877304981465770e+00
-5.7590076243014359e+00
-7.3751474741639491e+00
-7.5671419315822437e+00
-7.0682178714017390e+00
-6.3299142040815086e+00
-4.6992361866404018e+00
-3.0894559742183225e+00
-2.0523781395979150e+00
-1.4263550160154694e+00
-1.0361841792162194e+00
-7.8144030129303188e-01
-6.0757310266274001e-01
-4.8426651159976714e-01
-3.9399003491829693e-01
-3.2608031444425539e-01
-2.7380917366698487e-01
-2.3276259615368047e-01
-1.9998285439022809e-01
-1.7341233134756306e-01
-1.5158729227909351e-01
-1.3345722440283167e-01
-1.1823805017120520e-01
-1.0534351040927521e-01
-9.4329392338053486e-02
-8.4848198034029265e-02
-7.6633006477243096e-02
-6.9470032722510150e-02
-6.3186670022490746e-02
-5.7647856708309880e-02
-5.2740100031302396e-02
-4.8371855018026613e-02
-4.4468262578135596e-02
-4.0964379703295084e-02
-3.7808968918525823e-02
-3.4957143659949765e-02
-3.2370533878799852e-02
-3.0624292352093158e-02
-3.2059413300388188e-02
-3.3606112829823689e-02
-3.5277114526934883e-02
-3.7085157803410880e-02
-3.9047817854517324e-02
-4.1182977911736036e-02
-4.3512034250097982e-02
-4.6060992198833653e-02
-4.8857348860270405e-02
-5.1936834716840637e-02
-5.5339362848882544e-02
-5.9111716394819575e-02
-6.3312095832290444e-02
-6.8006005388909038e-02
-7.3275403988366447e-02
-7.9217051779088082e-02
-8.5944700862624790e-02
-9.3598885016398486e-02
-1.0233972950644733e-01
-1.1235545041245303e-01
-1.2385078898123729e-01
-1.3701720304094259e-01
-1.5197758531549604e-01
-1.6860349487981546e-01
-1.8613515510820738e-01
-2.0228485925385176e-01
-2.1150210911733441e-01
-2.0296356558564496e-01
-1.6440245536916723e-01
-9.9151175939415581e-02
-2.6983463329196291e-02
4.0222481375270840e-02
0.0000000000000000e+00
1.3464638167935261e-01
0.0000000000000000e+00
0.0000000000000000e+00
];
