%Vec Object:sol 1 MPI processes
%  type: mpi
sol = [
0.0000000000000000e+00
-9.7707832695146394e+01
-3.7568485060632156e+01
-1.6994107378437519e+01
-9.3302497425131428e+00
-5.8224429583664383e+00
-3.9572913879725111e+00
-2.8552805765269706e+00
-2.1526017525125325e+00
-1.6784904053940093e+00
-1.3439679106972162e+00
-1.0991850362148665e+00
-9.1504287162004794e-01
-7.7310970008527657e-01
-6.6133392265597835e-01
-5.7183294691681741e-01
-4.9913427586891607e-01
-4.3928095095655573e-01
-3.8937622821382656e-01
-3.4739842797793158e-01
-3.1175977040103936e-01
-2.8118857894271587e-01
-2.5482501143726316e-01
-2.3194075631666833e-01
-2.1192764231089078e-01
-1.9433476863656282e-01
-1.7880288790016999e-01
-1.6501419107585238e-01
-1.5270947549978175e-01
-1.4170129316815175e-01
-1.3181330448934647e-01
-1.2288187200587002e-01
-1.1480590525353085e-01
-1.0748081420346368e-01
-1.0080259888210923e-01
-9.4708619692155549e-02
-8.9135516510023771e-02
-8.4017674891175481e-02
-7.9310339849185757e-02
-7.4975428912458675e-02
-7.0970492746096764e-02
-6.7261642876208991e-02
-6.3825975486593231e-02
-6.0635517705376986e-02
-5.7663451154329311e-02
-5.4896211908461993e-02
-5.2315126947289514e-02
-4.9898288158953079e-02
-4.7637893389271685e-02
-4.5520723586611772e-02
-4.3530033889404358e-02
-4.1660576807052936e-02
-3.9903247493567072e-02
-3.8245605913987089e-02
-3.6682835755817551e-02
-3.5208862799823923e-02
-3.3814495261478485e-02
-3.2495344491147687e-02
-3.1247400662409795e-02
-3.0063790557014986e-02
-2.8940523281942292e-02
-2.7875000832269650e-02
-2.6862022870934307e-02
-2.5897980050138401e-02
-2.4981239841252993e-02
-2.4107819598048662e-02
-2.3274478929164479e-02
-2.3401798162135598e-02
-2.4017345647336267e-02
-2.4658788862747600e-02
-2.5329381132517016e-02
-2.6030227450298631e-02
-2.6762059969625045e-02
-2.7528731118778044e-02
-2.8331860613047384e-02
-2.9172464806749631e-02
-3.0055118651474741e-02
-3.0982073687762346e-02
-3.1954855562115789e-02
-3.2978941362895656e-02
-3.4057390751465300e-02
-3.5192544308650424e-02
-3.6391044588831190e-02
-3.7657025574029078e-02
-3.8994070782116627e-02
-4.0410379805878249e-02
-4.1911567367427335e-02
-4.3503077844310685e-02
-4.5195260916560676e-02
-4.6995842875888885e-02
-4.8913048539763984e-02
-5.0960297416553453e-02
-5.3148428445704457e-02
-5.5489860761459037e-02
-5.8002549465627329e-02
-6.0702078417410141e-02
-6.3607312689337753e-02
-6.6743155851930011e-02
-7.0132684994806432e-02
-7.3804939431055552e-02
-7.7795898512059203e-02
-8.2140943704108405e-02
-8.6885744243071703e-02
-9.2084736554586183e-02
-9.7794418447998327e-02
-1.0408887370890786e-01
-1.1105491310287433e-01
-1.1878720902146911e-01
-1.2741113774284657e-01
-1.3707385658948498e-01
-1.4794352460109400e-01
-1.6024466619144306e-01
-1.7424423768730243e-01
-1.9026178022301266e-01
-2.0872812699927448e-01
-2.3017694218073217e-01
-2.5529138740891277e-01
-2.8498341953022510e-01
-3.2044367706177862e-01
-3.6328599663226474e-01
-4.1574490977462059e-01
-4.8092938788899464e-01
-5.6333477978920399e-01
-6.6955707321245062e-01
-8.0958558263426239e-01
-9.9923421846193539e-01
-1.2640245111691599e+00
-1.6459545065933372e+00
-2.2157945190045711e+00
-3.0781944741500098e+00
-4.2948579916270644e+00
-5.4133948663582547e+00
-5.5165995880910739e+00
-5.1706776828968790e+00
-4.6767454583065282e+00
-3.5718014865015979e+00
-2.4163181612839577e+00
-1.6928170809209160e+00
-1.2333785545747111e+00
-8.6862068340375576e-01
-6.2898226065758711e-01
-4.7598995321013038e-01
-3.7277555569215193e-01
-2.9964808115554992e-01
-2.4569939979060770e-01
-2.0482819564725777e-01
-1.7309673276251972e-01
-1.4793775045110613e-01
-1.2769263423612112e-01
-1.1114016046470009e-01
-9.7447130302998800e-02
-8.6032573796037973e-02
-7.6355106598394076e-02
-6.8123945609601347e-02
-6.1049560918805222e-02
-5.4923392079931299e-02
-4.9603478567954995e-02
-4.4934419800440072e-02
-4.0826161324193783e-02
-3.7209073929146824e-02
-3.3975985041093018e-02
-3.1097405158455337e-02
-2.8516960472137972e-02
-2.6186513147977635e-02
-2.4087913410257573e-02
-2.2172157190768423e-02
-2.0837660737180342e-02
-2.1668723216396159e-02
-2.2526505671798733e-02
-2.3420588860577286e-02
-2.4323063235034449e-02
-2.5237775172729897e-02
-2.6163830576535707e-02
-2.7072456473879597e-02
-2.7955263510549683e-02
-2.8772132863794868e-02
-2.9476243450350277e-02
-3.0019517766050122e-02
-3.0287705040697395e-02
-3.0140378227100487e-02
-2.9333372477117405e-02
-2.7417362013120717e-02
-2.3505031560610280e-02
-1.4916268490429048e-02
5.6521994466694619e-02
1.6687634881984417e-01
2.5993988854500932e-01
3.4561863974516749e-01
4.3261345158724968e-01
5.2517758928702452e-01
6.2408152133045902e-01
7.2850970173218044e-01
8.3748566711585959e-01
9.5058620710877739e-01
1.0677303128927307e+00
1.1890921789693571e+00
1.3150893474224832e+00
1.4458817778228836e+00
1.5820619751885772e+00
0.0000000000000000e+00
1.3464638167935231e-01
0.0000000000000000e+00
0.0000000000000000e+00
];
