%Vec Object:sol 1 MPI processes
%  type: mpi
sol = [
0.0000000000000000e+00
-1.0308164015020989e+02
-3.7944630991047973e+01
-1.6980819196120443e+01
-9.2911493763796127e+00
-5.7895108047034149e+00
-3.9309610186905366e+00
-2.8346545872375084e+00
-2.1359591789594887e+00
-1.6647039398124024e+00
-1.3324344431126913e+00
-1.0894061705566487e+00
-9.0648504114796502e-01
-7.6557720735406287e-01
-6.5470485741851603e-01
-5.6593329075980070e-01
-4.9378786883200448e-01
-4.3440030075482272e-01
-3.8489488739510336e-01
-3.4326235883195172e-01
-3.0792848135335221e-01
-2.7763752437527722e-01
-2.5151875629775322e-01
-2.2884985965499555e-01
-2.0902748115577857e-01
-1.9160450042454630e-01
-1.7622473345187445e-01
-1.6256791543232610e-01
-1.5038280435847959e-01
-1.3948367186403332e-01
-1.2969544879270337e-01
-1.2085566720184220e-01
-1.1286403761089156e-01
-1.0561675971810307e-01
-9.9010621143468910e-02
-9.2983482586762103e-02
-8.7472484237457543e-02
-8.2412540070891230e-02
-7.7759256628374823e-02
-7.3474860620735438e-02
-6.9517262800461721e-02
-6.5852861946846544e-02
-6.2458937845305471e-02
-5.9307764092592245e-02
-5.6372769218726498e-02
-5.3640488072380817e-02
-5.1092415566981964e-02
-4.8706861911275524e-02
-4.6476146683870741e-02
-4.4387398816001129e-02
-4.2423765917171313e-02
-4.0579963820538231e-02
-3.8846976478052742e-02
-3.7212516519977493e-02
-3.5671797445528293e-02
-3.4218799943962312e-02
-3.2844450598798099e-02
-3.1544394912196773e-02
-3.0314653153429613e-02
-2.9148444426135164e-02
-2.8041816081114647e-02
-2.6992182062020430e-02
-2.5994414494936641e-02
-2.5044945474215711e-02
-2.4142141170348210e-02
-2.3282076187759220e-02
-2.2461553632888757e-02
-2.2568332473914342e-02
-2.3145136409798862e-02
-2.3745682494804899e-02
-2.4373023804481829e-02
-2.5028113879432060e-02
-2.5711534919414001e-02
-2.6426884975186582e-02
-2.7175581926722297e-02
-2.7958446553554551e-02
-2.8779728432501032e-02
-2.9641409611045354e-02
-3.0544753334929110e-02
-3.1494816386241943e-02
-3.2494296299096843e-02
-3.3545173299215171e-02
-3.4653539906475135e-02
-3.5823038424848221e-02
-3.7056747560664821e-02
-3.8362135486831928e-02
-3.9744139901581550e-02
-4.1207485161183798e-02
-4.2761529433664076e-02
-4.4413050153658006e-02
-4.6169225461727706e-02
-4.8042006093354003e-02
-5.0040546653977475e-02
-5.2176073375471033e-02
-5.4464575014548565e-02
-5.6919630023469017e-02
-5.9557751932144708e-02
-6.2400957891057159e-02
-6.5469291196442403e-02
-6.8788143004801600e-02
-7.2389104034609394e-02
-7.6302803966089378e-02
-8.0569074652837788e-02
-8.5235400948817569e-02
-9.0350526463677028e-02
-9.5978831170983187e-02
-1.0219557040638627e-01
-1.0908212674717245e-01
-1.1674695603720854e-01
-1.2531686248562549e-01
-1.3493582305808768e-01
-1.4579701167561571e-01
-1.5812900022870016e-01
-1.7220911805634359e-01
-1.8840426796324353e-01
-2.0716749959567832e-01
-2.2907947856456193e-01
-2.5491469282997903e-01
-2.8568058286597886e-01
-3.2273418940856646e-01
-3.6793961645180273e-01
-4.2391292698893124e-01
-4.9440177209590236e-01
-5.8491076984387780e-01
-7.0370202475586485e-01
-8.6366620182475640e-01
-1.0851423785505494e+00
-1.4014977933805679e+00
-1.8655590302084886e+00
-2.5471029747955845e+00
-3.4478966485701181e+00
-4.1643690428365989e+00
-4.1633780060553818e+00
-3.9035697779551901e+00
-3.5691777216680651e+00
-2.8460619258116426e+00
-1.9976457282962545e+00
-1.3760858477639681e+00
-9.7498187456242447e-01
-7.1609844714955773e-01
-5.4350332646871857e-01
-4.2408070636561279e-01
-3.3859412169539010e-01
-2.7557241237457208e-01
-2.2792140215269549e-01
-1.9111018210755068e-01
-1.6212976420849096e-01
-1.3894586741857198e-01
-1.2013393329390469e-01
-1.0467239690281011e-01
-9.1826077267271877e-02
-8.1044120506951589e-02
-7.1911794089702941e-02
-6.4116102713554918e-02
-5.7409344129738436e-02
-5.1602156382219433e-02
-4.6542783335379735e-02
-4.2107999075046663e-02
-3.8201794464969081e-02
-3.4743325978536833e-02
-3.1666909068263006e-02
-2.8919295047760408e-02
-2.6453981919267438e-02
-2.4234271901406760e-02
-2.2228114072760215e-02
-2.0407921646679230e-02
-1.9129181601960612e-02
-1.9821319589056009e-02
-2.0547822533651908e-02
-2.1309745323519206e-02
-2.2106321653527196e-02
-2.2937878652268828e-02
-2.3802040021933670e-02
-2.4694950663810795e-02
-2.5610890414383254e-02
-2.6538232982620043e-02
-2.7461577931611320e-02
-2.8355232991118036e-02
-2.9179218644434859e-02
-2.9873526368302410e-02
-3.0340476386633983e-02
-3.0425164080034966e-02
-2.9865651282873072e-02
-2.8189299114272846e-02
-2.4441727370849008e-02
-1.6038672340455078e-02
2.1772764850370174e-02
9.0511173350058746e-02
1.6404826932773420e-01
2.4305104757019436e-01
3.2824178040670504e-01
4.2032189958018629e-01
5.1999318021383567e-01
6.2798096800866243e-01
7.4495253304830067e-01
8.7158146983914808e-01
1.0085208827602574e+00
1.1564865782089693e+00
1.3160827029336550e+00
0.0000000000000000e+00
1.3464638167935242e-01
0.0000000000000000e+00
0.0000000000000000e+00
];
