%Vec Object:sol 1 MPI processes
%  type: mpi
sol = [
0.0000000000000000e+00
-7.3920895135651222e+01
-3.4900781853168745e+01
-1.6780800830221068e+01
-9.3959088278168803e+00
-5.9117173382846850e+00
-4.0353920024384431e+00
-2.9194536702780081e+00
-2.2052891420302818e+00
-1.7217400845651769e+00
-1.3802313943742022e+00
-1.1301213789932256e+00
-9.4152961352147313e-01
-7.9611935052653293e-01
-6.8161636566241623e-01
-5.8987446396009613e-01
-5.1531149339279192e-01
-4.5388021512931770e-01
-4.0260370564894626e-01
-3.5945815575200013e-01
-3.2282046809061860e-01
-2.9139776824236274e-01
-2.6428913105749713e-01
-2.4074878472689162e-01
-2.2015482433990663e-01
-2.0204493531224768e-01
-1.8605050133951481e-01
-1.7184616396242658e-01
-1.5916645206702779e-01
-1.4781856148671468e-01
-1.3762173001500475e-01
-1.2840859090242390e-01
-1.2007485720900961e-01
-1.1251321823918965e-01
-1.0561728937262418e-01
-9.9322454769675730e-02
-9.3563611826959339e-02
-8.8273559829899026e-02
-8.3405911932878579e-02
-7.8920513057271671e-02
-7.4775350146698977e-02
-7.0935576026772237e-02
-6.7377515877955457e-02
-6.4072420753082754e-02
-6.0992748795307951e-02
-5.8124442545982286e-02
-5.5448289230571164e-02
-5.2941790346810173e-02
-5.0596921395198030e-02
-4.8400307711377467e-02
-4.6334434387116694e-02
-4.4393798135533638e-02
-4.2569023265137451e-02
-4.0847310434407653e-02
-3.9223687991467131e-02
-3.7691896752447045e-02
-3.6242464325354995e-02
-3.4870867234723150e-02
-3.3572974718324551e-02
-3.2341693028318561e-02
-3.1172907640184509e-02
-3.0063947460770717e-02
-2.9009437622261942e-02
-2.8005651773941011e-02
-2.7050920141709144e-02
-2.6141121009605191e-02
-2.5272901705342275e-02
-2.5447281071103944e-02
-2.6154336231579121e-02
-2.6892309217879291e-02
-2.7664892758234198e-02
-2.8473545722097770e-02
-2.9319356210612619e-02
-3.0206736084966983e-02
-3.1137771608465835e-02
-3.2113939755202194e-02
-3.3140532526511793e-02
-3.4220419321721769e-02
-3.5355737474285845e-02
-3.6552891635736988e-02
-3.7815766057729683e-02
-3.9147531992532118e-02
-4.0556046674643166e-02
-4.2046556822239345e-02
-4.3623796902190946e-02
-4.5297581244454814e-02
-4.7075047648648331e-02
-4.8963265132871615e-02
-5.0974769429401677e-02
-5.3119408519217454e-02
-5.5407743528940519e-02
-5.7856217497766864e-02
-6.0478687444751385e-02
-6.3290998615312455e-02
-6.6315394464611377e-02
-6.9571859514919412e-02
-7.3084394762700594e-02
-7.6884165803253537e-02
-8.1000854839132941e-02
-8.5471399782182822e-02
-9.0341238889596109e-02
-9.5656008943310986e-02
-1.0147390484825181e-01
-1.0786422761608358e-01
-1.1490004849532504e-01
-1.2267607212997966e-01
-1.3130358531866851e-01
-1.4090535489974151e-01
-1.5164232142625106e-01
-1.6370426626026524e-01
-1.7730596112672858e-01
-1.9273498520020851e-01
-2.1034078769996795e-01
-2.3054579886402279e-01
-2.5390604993602245e-01
-2.8111375729933186e-01
-3.1305961768019519e-01
-3.5093176915789492e-01
-3.9628574896632401e-01
-4.5123157127306968e-01
-5.1869256928246510e-01
-6.0274413922279135e-01
-7.0922008866578368e-01
-8.4678918425196092e-01
-1.0286721595231041e+00
-1.2756534509298496e+00
-1.6211727097689823e+00
-2.1213009671973522e+00
-2.8706553023859169e+00
-4.0156541785033966e+00
-5.6677790385005453e+00
-7.2782716788613548e+00
-7.4765705767665551e+00
-6.9827934113557015e+00
-6.2484885683664881e+00
-4.6288028567230945e+00
-3.0380542183678405e+00
-2.0162696896915593e+00
-1.4002459333301256e+00
-1.0166320461496661e+00
-7.6624386956547319e-01
-5.9540692295004627e-01
-4.7430609860718020e-01
-3.8564693780263737e-01
-3.1896905467051151e-01
-2.6765726627017045e-01
-2.2737250865157432e-01
-1.9520774898773308e-01
-1.6914091969432185e-01
-1.4773377263187573e-01
-1.2995419570128566e-01
-1.1503194746412548e-01
-1.0239191371010806e-01
-9.1597893120201251e-02
-8.2307338504465546e-02
-7.4257959259105499e-02
-6.7239730817390916e-02
-6.1084003881326579e-02
-5.5658166068648457e-02
-5.0850817277501015e-02
-4.6572095360367806e-02
-4.2748509406915346e-02
-3.9316335863948469e-02
-3.6225262928140115e-02
-3.3431232983158976e-02
-3.0896589055099229e-02
-2.9168126533714755e-02
-3.0465269232535955e-02
-3.1856475767671387e-02
-3.3351565996556379e-02
-3.4959854758662402e-02
-3.6694629701893126e-02
-3.8568636840990149e-02
-4.0596915281229461e-02
-4.2797513143972413e-02
-4.5188113839570339e-02
-4.7791843553421122e-02
-5.0632629939236194e-02
-5.3736633321710546e-02
-5.7134889027357715e-02
-6.0857137548086512e-02
-6.4936900240297815e-02
-6.9404667276595833e-02
-7.4281822729609315e-02
-7.9576576181764280e-02
-8.5255942316266431e-02
-9.1216846430909035e-02
-9.7210449606541946e-02
-1.0269439412749906e-01
-1.0654652092102929e-01
-1.0641507639341306e-01
-9.7337742474070094e-02
-6.8802061445063276e-02
-1.2434501416314536e-03
9.0376368227437984e-02
1.7669065394533509e-01
2.5779963061138833e-01
3.3376093686103714e-01
4.0460924535191911e-01
0.0000000000000000e+00
1.3464638167935256e-01
0.0000000000000000e+00
0.0000000000000000e+00
];
