%Vec Object:sol 1 MPI processes
%  type: mpi
sol = [
0.0000000000000000e+00
-1.0244818748428128e+02
-3.7839879592288149e+01
-1.6943248136714566e+01
-9.2682844432361229e+00
-5.7717215288301755e+00
-3.9169502534681424e+00
-2.8225398234078449e+00
-2.1252395074133443e+00
-1.6553104395683471e+00
-1.3238689942142809e+00
-1.0816236467247304e+00
-8.9940024204885449e-01
-7.5900024017066414e-01
-6.4857356506553276e-01
-5.6019514422248506e-01
-4.8844328689986855e-01
-4.2939564083874754e-01
-3.8016033154576284e-01
-3.3877112378075519e-01
-3.0365736197714033e-01
-2.7356718902360511e-01
-2.4763152953779474e-01
-2.2513011875316299e-01
-2.0546191137343228e-01
-1.8818110734602905e-01
-1.7293254564095933e-01
-1.5940236650715761e-01
-1.4733464312648023e-01
-1.3654402413005642e-01
-1.2685644735450211e-01
-1.1811067922086506e-01
-1.1020664371301607e-01
-1.0304115833980693e-01
-9.6510466112103357e-02
-9.0553924788041265e-02
-8.5109415139655406e-02
-8.0112419904398630e-02
-7.5518713395789069e-02
-7.1290645859947516e-02
-6.7386511862075268e-02
-6.3772954740589291e-02
-6.0427260441132336e-02
-5.7321954054125615e-02
-5.4430764094142180e-02
-5.1740151679361600e-02
-4.9231768403808281e-02
-4.6884260759236247e-02
-4.4689821477219567e-02
-4.2635684347279254e-02
-4.0705305363646721e-02
-3.8893288569916119e-02
-3.7190683792513633e-02
-3.5585441998678601e-02
-3.4072724079138722e-02
-3.2646532824318786e-02
-3.1297979622791926e-02
-3.0022700922545928e-02
-2.8816707601150730e-02
-2.7673362570997593e-02
-2.6588735477979887e-02
-2.5560208535190004e-02
-2.4582766170800654e-02
-2.3652884799073806e-02
-2.2768883291697677e-02
-2.1926924366053837e-02
-2.1123870206657538e-02
-2.1193240662223851e-02
-2.1702425407476893e-02
-2.2231565197171049e-02
-2.2783338368808699e-02
-2.3358435107514158e-02
-2.3957181208056746e-02
-2.4582700432720071e-02
-2.5236055339017887e-02
-2.5917729296266269e-02
-2.6631367278736856e-02
-2.7378472598639628e-02
-2.8159850408312658e-02
-2.8979778520822490e-02
-2.9840306439026233e-02
-3.0742777265534434e-02
-3.1692265797436572e-02
-3.2691528681164553e-02
-3.3742741163116957e-02
-3.4852018619271417e-02
-3.6023071368962531e-02
-3.7259320570090008e-02
-3.8568288810949043e-02
-3.9955021860821768e-02
-4.1424787482367983e-02
-4.2987079074925154e-02
-4.4648880083985119e-02
-4.6418206930078032e-02
-4.8307411660481026e-02
-5.0326388356211040e-02
-5.2487305622582830e-02
-5.4806815951801209e-02
-5.7299342762940235e-02
-5.9983477530968894e-02
-6.2882601064296148e-02
-6.6018458949341233e-02
-6.9419905455366956e-02
-7.3121314124063322e-02
-7.7156781708569544e-02
-8.1572260674280139e-02
-8.6420995469097872e-02
-9.1758975367690412e-02
-9.7662052473852595e-02
-1.0421572590428893e-01
-1.1151889799909108e-01
-1.1970362049273656e-01
-1.2892330255835724e-01
-1.3936124423124813e-01
-1.5126060318088166e-01
-1.6491623961916019e-01
-1.8070133274521685e-01
-1.9911013496425373e-01
-2.2077341680667939e-01
-2.4653148072493078e-01
-2.7752554236468718e-01
-3.1529754695454215e-01
-3.6201329353123335e-01
-4.2074731773117852e-01
-4.9588544276780977e-01
-5.9382123777856810e-01
-7.2382111107564806e-01
-8.9828862504716589e-01
-1.1298040874733293e+00
-1.4123299758423995e+00
-1.6666884000707072e+00
-1.7361937589769156e+00
-1.6389336034550268e+00
-1.5256519924964829e+00
-1.4265415710521308e+00
-1.2743832414509260e+00
-1.0426246489155544e+00
-8.0563866309155929e-01
-6.1609846859849493e-01
-4.7733847101545190e-01
-3.7732835110881124e-01
-3.0447018509889656e-01
-2.5038538952769684e-01
-2.0939559044912259e-01
-1.7771102822206103e-01
-1.5277250280523322e-01
-1.3281288557672433e-01
-1.1660973732483401e-01
-1.0328246824471642e-01
-9.2188301957777274e-02
-8.2858856371801654e-02
-7.4936877018206546e-02
-6.8152104473935604e-02
-6.2297599604284618e-02
-5.7207560992468633e-02
-5.2755219560232929e-02
-4.8837558239755649e-02
-4.5370106656666576e-02
-4.2287353660866091e-02
-3.9532888961601440e-02
-3.7061203571974746e-02
-3.4835166406944645e-02
-3.2821495377879144e-02
-3.0994704335193603e-02
-2.9331830274042348e-02
-2.7812946274222008e-02
-2.6955230806574491e-02
-2.8918176879222414e-02
-3.1082534255781256e-02
-3.3476109075611674e-02
-3.6129753505756812e-02
-3.9082705667915843e-02
-4.2379202492873122e-02
-4.6072598554601704e-02
-5.0228191403437351e-02
-5.4921776635173440e-02
-6.0249305209936987e-02
-6.6326087064929790e-02
-7.3294001726772640e-02
-8.1333152053761654e-02
-9.0665565621000171e-02
-1.0157813400368618e-01
-1.1443838612862318e-01
-1.2972222788916268e-01
-1.4806533728792412e-01
-1.7031222977248822e-01
-1.9762070142515198e-01
-2.3159141409804851e-01
-2.7449264711541582e-01
-3.2962459777571407e-01
-4.0185329329368624e-01
-4.9855589831516262e-01
-6.3109951647433160e-01
-8.1700285049084875e-01
-1.0818215451360123e+00
-1.4543486194893573e+00
-1.9211988147370664e+00
-2.2872439148963806e+00
-2.2712539194248289e+00
0.0000000000000000e+00
1.3464638167935300e-01
0.0000000000000000e+00
0.0000000000000000e+00
];
