%Vec Object:sol 1 MPI processes
%  type: mpi
sol = [
0.0000000000000000e+00
-7.3136181773135306e+01
-3.4779398076543934e+01
-1.6763611242921808e+01
-9.3941975012471914e+00
-5.9128301097239566e+00
-4.0368603603474522e+00
-2.9210224272349232e+00
-2.2063284243650831e+00
-1.7228791912038912e+00
-1.3810837640159808e+00
-1.1308104150758806e+00
-9.4227690699003508e-01
-7.9673327630460333e-01
-6.8213070194919068e-01
-5.9031264260354066e-01
-5.1569017745547818e-01
-4.5422218593392938e-01
-4.0294951371014548e-01
-3.5980126554363656e-01
-3.2312968887125032e-01
-2.9167770207034488e-01
-2.6454419163308091e-01
-2.4098253040644646e-01
-2.2037016922513208e-01
-2.0224427606689713e-01
-1.8623582323580226e-01
-1.7201913449301068e-01
-1.5932848290597593e-01
-1.4797084634572663e-01
-1.3776529111445021e-01
-1.2854431391762669e-01
-1.2020350365735494e-01
-1.1263545099580521e-01
-1.0573369153787079e-01
-9.9433536502177747e-02
-9.3669823002783009e-02
-8.8375301825704508e-02
-8.3503870890854773e-02
-7.9016274556544128e-02
-7.4868949570925103e-02
-7.1027056964291513e-02
-6.7466927978155039e-02
-6.4159817716446521e-02
-6.1078186500334662e-02
-5.8207979415427505e-02
-5.5529984448462764e-02
-5.3021701681118263e-02
-5.0675107963066651e-02
-4.8476827910034069e-02
-4.6409343653827713e-02
-4.4467150964957729e-02
-4.2640876922777231e-02
-4.0917747374997489e-02
-3.9292440418270812e-02
-3.7758934737035038e-02
-3.6307876314027876e-02
-3.4934736370587083e-02
-3.3635379364895343e-02
-3.2402704922614850e-02
-3.1232594110607966e-02
-3.0122372653286662e-02
-2.9066660502936967e-02
-2.8061727485653803e-02
-2.7105901827195602e-02
-2.6195057723648520e-02
-2.5325839086675867e-02
-2.5501389087356253e-02
-2.6210785222101390e-02
-2.6951225309248962e-02
-2.7726412683491009e-02
-2.8537814997042544e-02
-2.9386529247942446e-02
-3.0276980786708412e-02
-3.1211267371111628e-02
-3.2190877415887678e-02
-3.3221120187782990e-02
-3.4304880211375254e-02
-3.5444309898169331e-02
-3.6645836189277352e-02
-3.7913363401026530e-02
-3.9250083094247053e-02
-4.0663881615216259e-02
-4.2160032596142233e-02
-4.3743298408578463e-02
-4.5423531947289764e-02
-4.7207907620080994e-02
-4.9103533503719536e-02
-5.1122997312736125e-02
-5.3276197681484526e-02
-5.5573751431875755e-02
-5.8032173111181549e-02
-6.0665391260276126e-02
-6.3489332094905940e-02
-6.6526339827003997e-02
-6.9796502401386296e-02
-7.3323941086668565e-02
-7.7139967455845226e-02
-8.1274417492482751e-02
-8.5764412247542929e-02
-9.0655608405589713e-02
-9.5993878940806132e-02
-1.0183770595841336e-01
-1.0825672985037993e-01
-1.1532439876599486e-01
-1.2313588403271454e-01
-1.3180302361254204e-01
-1.4144921361283880e-01
-1.5223618683596890e-01
-1.6435466798998771e-01
-1.7802439715622997e-01
-1.9353636674203969e-01
-2.1123852476857063e-01
-2.3155617779403823e-01
-2.5504664232200042e-01
-2.8239162447329647e-01
-3.1449897933668253e-01
-3.5256273124084253e-01
-3.9814605983098617e-01
-4.5336917369963337e-01
-5.2116924112292851e-01
-6.0564052456403228e-01
-7.1270670413144710e-01
-8.5107216717897261e-01
-1.0338586474480509e+00
-1.2820309992136403e+00
-1.6294647236143582e+00
-2.1318706802974052e+00
-2.8848334933019415e+00
-4.0345778080648609e+00
-5.6915111670033980e+00
-7.3040366794292915e+00
-7.5005854345198637e+00
-7.0054312327858232e+00
-6.2703303845218619e+00
-4.6470308515311736e+00
-3.0513477682397032e+00
-2.0255724905505157e+00
-1.4068354993028027e+00
-1.0216255755682144e+00
-7.7008356227542962e-01
-5.9845588730027632e-01
-4.7681235061828497e-01
-3.8776076976503593e-01
-3.2076176783047117e-01
-2.6920143665231216e-01
-2.2872034397681701e-01
-1.9639780417568603e-01
-1.7020225281526680e-01
-1.4868868010893480e-01
-1.3082011682662600e-01
-1.1582268997828943e-01
-1.0311856941010401e-01
-9.2269491539627213e-02
-8.2931281725753564e-02
-7.4840708361075453e-02
-6.7786956226970896e-02
-6.1599833807872040e-02
-5.6146152282722246e-02
-5.1314015677397129e-02
-4.7013161697795271e-02
-4.3169772847122374e-02
-3.9719833148557801e-02
-3.6612808615343766e-02
-3.3804441974359910e-02
-3.1256904307757530e-02
-2.9523922097331078e-02
-3.0854606836414389e-02
-3.2283646418269134e-02
-3.3821403852417400e-02
-3.5478123707424349e-02
-3.7268201086480067e-02
-3.9205653895130838e-02
-4.1307100273814401e-02
-4.3592571619718141e-02
-4.6082208618359696e-02
-4.8802306452248263e-02
-5.1780834085776870e-02
-5.5049197185209439e-02
-5.8645385132568728e-02
-6.2608369873490902e-02
-6.6984285192433823e-02
-7.1821063435216909e-02
-7.7164712674305483e-02
-8.3059240540464790e-02
-8.9524885883607366e-02
-9.6540669821217145e-02
-1.0398925403226411e-01
-1.1154892654823069e-01
-1.1849008513227463e-01
-1.2320876386605240e-01
-1.2228781264382631e-01
-1.0863449119451171e-01
-6.9305172186625089e-02
7.1482424837030654e-03
9.3846375521166397e-02
1.7482343517004606e-01
2.5015878328029056e-01
3.1990093323217600e-01
0.0000000000000000e+00
1.3464638167935256e-01
0.0000000000000000e+00
0.0000000000000000e+00
];
