%Vec Object:sol 1 MPI processes
%  type: mpi
sol = [
0.0000000000000000e+00
-1.0125120266442181e+02
-3.7746819267020626e+01
-1.6934899445151018e+01
-9.2690160984028669e+00
-5.7732887415991820e+00
-3.9178536185812058e+00
-2.8230273927914640e+00
-2.1255931659706966e+00
-1.6553042735263139e+00
-1.3238045267815075e+00
-1.0813413352743020e+00
-8.9906377736386434e-01
-7.5869257744814045e-01
-6.4819204291557364e-01
-5.5976457245658839e-01
-4.8798193164416603e-01
-4.2891894428817434e-01
-3.7970339587176200e-01
-3.3833048593283893e-01
-3.0323058768076461e-01
-2.7314685354070628e-01
-2.4721026595078024e-01
-2.2471016216878484e-01
-2.0504500230535483e-01
-1.8776847569680760e-01
-1.7252501059291525e-01
-1.5900054813858405e-01
-1.4693901018493732e-01
-1.3615480284123582e-01
-1.2647376840890429e-01
-1.1773468666886952e-01
-1.0983730855373684e-01
-1.0267840649265893e-01
-9.6155739318839389e-02
-9.0207202531864011e-02
-8.4770261193141183e-02
-7.9780486318287352e-02
-7.5193657075707049e-02
-7.0972121902149479e-02
-6.7074230864015691e-02
-6.3466655512697576e-02
-6.0126662349377434e-02
-5.7026809677065908e-02
-5.4140870468309545e-02
-5.1455275422984129e-02
-4.8951694049895605e-02
-4.6608827770488775e-02
-4.4418832377010047e-02
-4.2368952211942784e-02
-4.0442694726185772e-02
-3.8634633187000500e-02
-3.6935822496773012e-02
-3.5334252865770466e-02
-3.3825068251543848e-02
-3.2402269678840370e-02
-3.1056995800170427e-02
-2.9784745761205361e-02
-2.8581630068159131e-02
-2.7441079156093461e-02
-2.6359161304298800e-02
-2.5333249166327801e-02
-2.4358343200100701e-02
-2.3430922931555118e-02
-2.2549294330697613e-02
-2.1709632727803602e-02
-2.0908807680984409e-02
-2.0971585400898676e-02
-2.1469275475079444e-02
-2.1986266768638400e-02
-2.2525170937452488e-02
-2.3086632407723913e-02
-2.3670932572512033e-02
-2.4281110781467444e-02
-2.4918167415466347e-02
-2.5582527030240727e-02
-2.6277726924009263e-02
-2.7005186143785498e-02
-2.7765629400685363e-02
-2.8563195592111883e-02
-2.9399819536074050e-02
-3.0276731620280092e-02
-3.1198824767866718e-02
-3.2168698037839866e-02
-3.3188365700850431e-02
-3.4263700655183332e-02
-3.5398193590139550e-02
-3.6595031875527748e-02
-3.7861407790317742e-02
-3.9202055346567413e-02
-4.0621897082264845e-02
-4.2129965004567088e-02
-4.3732790003949064e-02
-4.5437869281418346e-02
-4.7256891551480031e-02
-4.9199076275794687e-02
-5.1275794188272314e-02
-5.3502712079938584e-02
-5.5893215836691316e-02
-5.8464638541333762e-02
-6.1238839661405579e-02
-6.4235909460387916e-02
-6.7482653032326728e-02
-7.1010990501125193e-02
-7.4852261515006693e-02
-7.9048944548405803e-02
-8.3650119300167594e-02
-8.8706939945379204e-02
-9.4289178704438398e-02
-1.0047689688510250e-01
-1.0735822983233609e-01
-1.1505359358786509e-01
-1.2370196155395669e-01
-1.3346846846763305e-01
-1.4457228313848275e-01
-1.5727740409673663e-01
-1.7191628934022549e-01
-1.8892791699082925e-01
-2.0886608723384692e-01
-2.3245948110851805e-01
-2.6070573800600177e-01
-2.9492938860162765e-01
-3.3696986820350111e-01
-3.8939733994009085e-01
-4.5580594280541425e-01
-5.4128955222771891e-01
-6.5276528538711143e-01
-7.9839344372510945e-01
-9.8323462992668142e-01
-1.1911471531846893e+00
-1.3471781875179207e+00
-1.3555760808115367e+00
-1.2659022239747326e+00
-1.1798531533858359e+00
-1.1143173311619381e+00
-1.0248529848675836e+00
-8.7690803812884210e-01
-7.0636303333034078e-01
-5.5766737003398525e-01
-4.4268962252247612e-01
-3.5679513458354367e-01
-2.9264113335850922e-01
-2.4411263638284400e-01
-2.0677113198072039e-01
-1.7753388974463732e-01
-1.5426382266534730e-01
-1.3545310667308669e-01
-1.2004080575651126e-01
-1.0725500837863682e-01
-9.6525768192440964e-02
-8.7434832195008166e-02
-7.9659821135473888e-02
-7.2955251068589674e-02
-6.7132126347604862e-02
-6.2037506607411447e-02
-5.7554298469870653e-02
-5.3586593600650302e-02
-5.0055126739914677e-02
-4.6898520840724954e-02
-4.4063308418065258e-02
-4.1506281233540193e-02
-3.9192128340657752e-02
-3.7088760524729189e-02
-3.5171818297051127e-02
-3.3419079465026993e-02
-3.1811129546877204e-02
-3.0944904024872027e-02
-3.3319157818561242e-02
-3.5938140685330508e-02
-3.8835793317071314e-02
-4.2049794874548171e-02
-4.5628038943020560e-02
-4.9624838768693301e-02
-5.4105867663287684e-02
-5.9150969477938242e-02
-6.4853315947801124e-02
-7.1330917176230899e-02
-7.8725753212590482e-02
-8.7212690612052432e-02
-9.7014006541771614e-02
-1.0840431917127639e-01
-1.2173889609962958e-01
-1.3747384705981577e-01
-1.5620147082491595e-01
-1.7871455021086297e-01
-2.0607047918993812e-01
-2.3972430648549625e-01
-2.8170642217200431e-01
-3.3490229382399300e-01
-4.0354314510411848e-01
-4.9393686241055040e-01
-6.1576876897364263e-01
-7.8442390733756928e-01
-1.0245816825570062e+00
-1.3754338747178707e+00
-1.8918989027792137e+00
-2.6030501570897795e+00
-3.2946862103952261e+00
-3.4283466262968476e+00
0.0000000000000000e+00
1.3464638167935297e-01
0.0000000000000000e+00
0.0000000000000000e+00
];
