%Vec Object:sol 1 MPI processes
%  type: mpi
sol = [
0.0000000000000000e+00
-8.6146916103868534e+01
-3.6529172643355224e+01
-1.6960518513523827e+01
-9.3892141392267323e+00
-5.8792417133593800e+00
-4.0032963973853342e+00
-2.8918306764943993e+00
-2.1820848718249906e+00
-1.7024928197308902e+00
-1.3640960439356598e+00
-1.1161472955244793e+00
-9.2956359026247748e-01
-7.8574372756110145e-01
-6.7251906392413086e-01
-5.8173872979434060e-01
-5.0798563705361488e-01
-4.4725323894541880e-01
-3.9660768395255885e-01
-3.5399886754714932e-01
-3.1782182499610712e-01
-2.8679721226690796e-01
-2.6003544585581767e-01
-2.3679939302132666e-01
-2.1647382861514700e-01
-1.9859532153668064e-01
-1.8280606216184195e-01
-1.6878650638010645e-01
-1.5627381153982176e-01
-1.4507750380874848e-01
-1.3501870521124296e-01
-1.2593160672665479e-01
-1.1771335345323498e-01
-1.1025781272345499e-01
-1.0345960083483967e-01
-9.7254995608388073e-02
-9.1579662216762822e-02
-8.6367075797012097e-02
-8.1571761643081192e-02
-7.7155014117403956e-02
-7.3073768735676822e-02
-6.9293620544462309e-02
-6.5791268202475661e-02
-6.2538316412000375e-02
-5.9507547093318534e-02
-5.6685148777467616e-02
-5.4052156706025485e-02
-5.1586326295461372e-02
-4.9279791316681483e-02
-4.7119354832495172e-02
-4.5087704114339794e-02
-4.3179442135446805e-02
-4.1385321809580877e-02
-3.9692700251232560e-02
-3.8096687695807596e-02
-3.6591114749719253e-02
-3.5166631271067401e-02
-3.3818781309576641e-02
-3.2543494885289827e-02
-3.1333774441259787e-02
-3.0185564479608306e-02
-2.9096232910416138e-02
-2.8060481116084165e-02
-2.7074636475693119e-02
-2.6137051804632782e-02
-2.5243666258714464e-02
-2.4391177252222541e-02
-2.4545151031296630e-02
-2.5212229072246121e-02
-2.5908041894841201e-02
-2.6636095978044259e-02
-2.7397696266710181e-02
-2.8193775010719513e-02
-2.9028506698702102e-02
-2.9903775513958494e-02
-3.0820857358893703e-02
-3.1784739696342879e-02
-3.2798025169209911e-02
-3.3862585163676850e-02
-3.4984430123777180e-02
-3.6167089247832566e-02
-3.7413374223369336e-02
-3.8730625873017448e-02
-4.0123612952483928e-02
-4.1596573908286728e-02
-4.3158636633832452e-02
-4.4816285476692599e-02
-4.6575900403984863e-02
-4.8448659702032201e-02
-5.0443731253503633e-02
-5.2570794754067472e-02
-5.4844999346970853e-02
-5.7278903241326978e-02
-5.9886878727556853e-02
-6.2689335233506255e-02
-6.5704367481697792e-02
-6.8953775001689047e-02
-7.2466048102700520e-02
-7.6268039051364728e-02
-8.0393309678479810e-02
-8.4883263451878077e-02
-8.9779154713712603e-02
-9.5133839638950835e-02
-1.0101029169133102e-01
-1.0747452048048813e-01
-1.1461246792531252e-01
-1.2252502953418075e-01
-1.3132304227559416e-01
-1.4115238520928391e-01
-1.5218480495821646e-01
-1.6461758785891498e-01
-1.7871287159992147e-01
-1.9478349074923143e-01
-2.1321137227894246e-01
-2.3450003367520711e-01
-2.5927562858549136e-01
-2.8834372957158705e-01
-3.2277968812562791e-01
-3.6396978264916313e-01
-4.1382479515655846e-01
-4.7499384909640868e-01
-5.5115929886174064e-01
-6.4765275659982868e-01
-7.7236425095902128e-01
-9.3722904033938292e-01
-1.1609377457408565e+00
-1.4743040332514463e+00
-1.9285228514856496e+00
-2.6105397898133176e+00
-3.6563221473854908e+00
-5.1749334610167690e+00
-6.6703545497258778e+00
-6.8650385339472830e+00
-6.4163180971358811e+00
-5.7452212732528665e+00
-4.2587089391244701e+00
-2.7971872872474912e+00
-1.8583269580402872e+00
-1.2965106856076534e+00
-9.5143297432566609e-01
-7.2457078779804307e-01
-5.6381476989590051e-01
-4.4616712688401722e-01
-3.5931261287737898e-01
-2.9440220855069577e-01
-2.4509083538887258e-01
-2.0689299818215043e-01
-1.7674109045086125e-01
-1.5253245058948614e-01
-1.3282954249125833e-01
-1.1658853937707862e-01
-1.0305844822879820e-01
-9.1614339149933166e-02
-8.1879436946700149e-02
-7.3516723487005303e-02
-6.6276610995426366e-02
-5.9970283506078838e-02
-5.4428832252195303e-02
-4.9534738552306258e-02
-4.5190591810192582e-02
-4.1301510031534129e-02
-3.7810211266254286e-02
-3.4657799295152517e-02
-3.1798279217885035e-02
-2.9197954328182410e-02
-2.6821116459627651e-02
-2.5143438406001608e-02
-2.6057624955113986e-02
-2.7005411220809811e-02
-2.7991131696621672e-02
-2.9013937542339087e-02
-3.0074661087343076e-02
-3.1172285779835673e-02
-3.2301077321566674e-02
-3.3454873984565717e-02
-3.4617564816609790e-02
-3.5767613681103871e-02
-3.6871231788454951e-02
-3.7871862397183501e-02
-3.8686641056099487e-02
-3.9180236583048790e-02
-3.9134301765431791e-02
-3.8178131549498430e-02
-3.5624631859083586e-02
-3.0012950898857423e-02
-1.6673009698904128e-02
6.5483493179785232e-02
1.7397856539164699e-01
2.7878337632543909e-01
3.8120410565769358e-01
4.8235870281116250e-01
5.8281602092450813e-01
6.8278187150520520e-01
7.8236236387165614e-01
8.8159204943434477e-01
9.8054633795338819e-01
1.0793858708278661e+00
1.1781422827564954e+00
1.2769386905814863e+00
0.0000000000000000e+00
1.3464638167935256e-01
0.0000000000000000e+00
0.0000000000000000e+00
];
