%Vec Object:sol 1 MPI processes
%  type: mpi
sol = [
0.0000000000000000e+00
-6.6691902747589992e+01
-3.3647739282063014e+01
-1.6590768719424236e+01
-9.3659280876829083e+00
-5.9157043035632917e+00
-4.0455758125258345e+00
-2.9298249048672416e+00
-2.2147513300729624e+00
-1.7300347806529695e+00
-1.3875084736865411e+00
-1.1363787391462541e+00
-9.4702426772832082e-01
-8.0097661515761964e-01
-6.8594108425815825e-01
-5.9375198002982377e-01
-5.1881057722283219e-01
-4.5703781421344974e-01
-4.0548338201807610e-01
-3.6209830798262232e-01
-3.2525274302465323e-01
-2.9364876359796355e-01
-2.6638083014469616e-01
-2.4269968523409963e-01
-2.2198074608251869e-01
-2.0375933958315112e-01
-1.8766488301657647e-01
-1.7337049488997108e-01
-1.6060942639654449e-01
-1.4918769908731491e-01
-1.3892363234544078e-01
-1.2964912425478578e-01
-1.2125915619071886e-01
-1.1364584290413836e-01
-1.0670233266826076e-01
-1.0036355533868745e-01
-9.4564031364392384e-02
-8.9236244936656342e-02
-8.4333910731979794e-02
-7.9816722131979295e-02
-7.5640851874109308e-02
-7.1772381219122022e-02
-6.8187458590140207e-02
-6.4857175875971868e-02
-6.1753846769527727e-02
-5.8863294504399748e-02
-5.6166192796777537e-02
-5.3639930711704711e-02
-5.1276405028010674e-02
-4.9062158846817520e-02
-4.6979587048740702e-02
-4.5023133252424158e-02
-4.3183361615035734e-02
-4.1447401854149538e-02
-3.9810242239148676e-02
-3.8265580993309942e-02
-3.6803889529178659e-02
-3.5420611849723282e-02
-3.4111588019187580e-02
-3.2869679545041101e-02
-3.1690743728342394e-02
-3.0572090589504670e-02
-2.9508309433891974e-02
-2.8495648313047000e-02
-2.7532426449400335e-02
-2.6614493267692978e-02
-2.5738472161332630e-02
-2.5924108728685790e-02
-2.6652781644135967e-02
-2.7413561068701367e-02
-2.8210239031421530e-02
-2.9044358908314298e-02
-2.9917094918062017e-02
-3.0832985766328268e-02
-3.1794228281806232e-02
-3.2802410340181817e-02
-3.3862987026603175e-02
-3.4978973345370451e-02
-3.6152652877717031e-02
-3.7390641794887894e-02
-3.8697017812547807e-02
-4.0075149244330456e-02
-4.1533170872508220e-02
-4.3076589485519692e-02
-4.4710410474657125e-02
-4.6444817582445307e-02
-4.8287303293008198e-02
-5.0245316242430269e-02
-5.2331892484712095e-02
-5.4557372269687363e-02
-5.6932858940269115e-02
-5.9475487176930270e-02
-6.2199811508192079e-02
-6.5122467355749752e-02
-6.8266677695536182e-02
-7.1653439666151827e-02
-7.5307931750154045e-02
-7.9262746396101452e-02
-8.3549078306695251e-02
-8.8205665737355859e-02
-9.3280094579216349e-02
-9.8820336869013925e-02
-1.0488742538334797e-01
-1.1155402007025499e-01
-1.1889694171229311e-01
-1.2701553592116777e-01
-1.3602658612703564e-01
-1.4605916626513926e-01
-1.5728215855951977e-01
-1.6989483941341185e-01
-1.8412706194233977e-01
-2.0027842298808951e-01
-2.1870813821399290e-01
-2.3986600092284388e-01
-2.6433576501433137e-01
-2.9284444719666708e-01
-3.2632745890140430e-01
-3.6603196961627943e-01
-4.1359082284365489e-01
-4.7121802661714612e-01
-5.4197941073720624e-01
-6.3014712264547779e-01
-7.4187490791739696e-01
-8.8613554965838515e-01
-1.0767900182370946e+00
-1.3355107326570730e+00
-1.6971571255152851e+00
-2.2195352434218307e+00
-3.0001194836739256e+00
-4.1866507348294295e+00
-5.8815379157019327e+00
-7.5017416104349444e+00
-7.6837632754048650e+00
-7.1800808285729820e+00
-6.4389196648911033e+00
-4.7962417550104419e+00
-3.1616993731002463e+00
-2.1037158091283064e+00
-1.4635617324751806e+00
-1.0643378396960064e+00
-8.0338306586236274e-01
-6.2519486011040526e-01
-4.9881929336024461e-01
-4.0623747899280410e-01
-3.3655379764954607e-01
-2.8289977291069934e-01
-2.4075379271295677e-01
-2.0708541581239764e-01
-1.7978604977281815e-01
-1.5735541358588581e-01
-1.3871662384636307e-01
-1.2306576016583087e-01
-1.0980241131193529e-01
-9.8471103698040338e-02
-8.8713991760834388e-02
-8.0257392985796663e-02
-7.2882045169075052e-02
-6.6410858968240380e-02
-6.0705295865268925e-02
-5.5648873595340917e-02
-5.1147639989336580e-02
-4.7124785366566654e-02
-4.3513364108597644e-02
-4.0260966208128246e-02
-3.7321636486210105e-02
-3.4655948547437421e-02
-3.2883085128366067e-02
-3.4532723098381894e-02
-3.6320504341067150e-02
-3.8263404607932545e-02
-4.0379134063776800e-02
-4.2691458587852379e-02
-4.5225603794834320e-02
-4.8011972360394006e-02
-5.1087739874784356e-02
-5.4494001947821433e-02
-5.8283777828872903e-02
-6.2518588963899432e-02
-6.7272670194263792e-02
-7.2639821107200506e-02
-7.8731462087182097e-02
-8.5690492820117953e-02
-9.3695002746361042e-02
-1.0296888502093217e-01
-1.1380555704052775e-01
-1.2657963420261870e-01
-1.4178866277161806e-01
-1.6009333431826420e-01
-1.8237448165207676e-01
-2.0983184945165384e-01
-2.4406675185382276e-01
-2.8718449671112356e-01
-3.4171640778226359e-01
-4.0989588920845305e-01
-4.9098171262975293e-01
-5.7356055610749612e-01
-6.2601625295744445e-01
-6.1768203494546559e-01
-5.6685598685510585e-01
0.0000000000000000e+00
1.3464638167935264e-01
0.0000000000000000e+00
0.0000000000000000e+00
];
