%Vec Object:sol 1 MPI processes
%  type: mpi
sol = [
0.0000000000000000e+00
-1.0448624471521916e+02
-3.8016588242670423e+01
-1.6963086482774717e+01
-9.2728336236941633e+00
-5.7749365799355115e+00
-3.9198886452732720e+00
-2.8257000213701118e+00
-2.1286869875653980e+00
-1.6586002957277075e+00
-1.3272084943647104e+00
-1.0847589531317892e+00
-9.0244595987326626e-01
-7.6200875854395977e-01
-6.5142584889008393e-01
-5.6290823766535358e-01
-4.9103132997932397e-01
-4.3187300832267994e-01
-3.8256244048439214e-01
-3.4109724842208283e-01
-3.0590852029350751e-01
-2.7573241420549321e-01
-2.4971467969295799e-01
-2.2713736490100400e-01
-2.0739840318057873e-01
-1.9005160543128288e-01
-1.7474154396083835e-01
-1.6115376871277953e-01
-1.4903186280482206e-01
-1.3819045347865888e-01
-1.2845514915727324e-01
-1.1966416261569454e-01
-1.1171753793693759e-01
-1.0451188441060236e-01
-9.7944457005272587e-02
-9.1953319836710859e-02
-8.6475860461172116e-02
-8.1447301464151800e-02
-7.6823415890729177e-02
-7.2566567883393121e-02
-6.8634874147499580e-02
-6.4994884798547758e-02
-6.1623946268506230e-02
-5.8494468966923889e-02
-5.5580027346963115e-02
-5.2867176041547510e-02
-5.0337499118648051e-02
-4.7969450589182117e-02
-4.5755338605318684e-02
-4.3682353239158520e-02
-4.1733527390140392e-02
-3.9903732093204490e-02
-3.8184101508475655e-02
-3.6562440604306606e-02
-3.5033956509363341e-02
-3.3592647522390565e-02
-3.2229512209199146e-02
-3.0940201575188654e-02
-2.9720740379714224e-02
-2.8564404037569623e-02
-2.7467254176753247e-02
-2.6426699720808394e-02
-2.5437657022810277e-02
-2.4496578697977223e-02
-2.3601819082164611e-02
-2.2749487690453998e-02
-2.1936412319326404e-02
-2.2029095115784155e-02
-2.2579985146277796e-02
-2.3153169606126650e-02
-2.3751561771950643e-02
-2.4376013953864014e-02
-2.5027009134945728e-02
-2.5707968142185636e-02
-2.6420172958289422e-02
-2.7164314275970547e-02
-2.7944415415331939e-02
-2.8762275988527007e-02
-2.9618983476116210e-02
-3.0519302809452881e-02
-3.1465685292192874e-02
-3.2459867941861759e-02
-3.3507561682058082e-02
-3.4612073170948165e-02
-3.5776137915852331e-02
-3.7006716729526323e-02
-3.8308283343882303e-02
-3.9685069272951561e-02
-4.1145744475252752e-02
-4.2696433523311719e-02
-4.4343595796049802e-02
-4.6098320364238318e-02
-4.7969149011951123e-02
-4.9965882364348013e-02
-5.2103154959681312e-02
-5.4393171351226531e-02
-5.6850828480168168e-02
-5.9496151053716653e-02
-6.2347094682663501e-02
-6.5426530335744346e-02
-6.8763009624287746e-02
-7.2383876050276519e-02
-7.6324909280626879e-02
-8.0628760291511961e-02
-8.5338780685620785e-02
-9.0512579009835933e-02
-9.6217334531750631e-02
-1.0252513174687042e-01
-1.0953255014391543e-01
-1.1735208232875501e-01
-1.2611066866463466e-01
-1.3597932872810123e-01
-1.4715944813237994e-01
-1.5989444177432863e-01
-1.7450643448238959e-01
-1.9138479194166871e-01
-2.1104081567180966e-01
-2.3414823540167731e-01
-2.6157949145467091e-01
-2.9451035425064731e-01
-3.3455852332953651e-01
-3.8395279986147135e-01
-4.4588610897343628e-01
-5.2501486090095506e-01
-6.2825504361295526e-01
-7.6616320557802564e-01
-9.5542059170338445e-01
-1.2220771892123594e+00
-1.6046679755134599e+00
-2.1446602526176650e+00
-2.8010999332161068e+00
-3.2340629999869845e+00
-3.1717657168562230e+00
-2.9666071295685179e+00
-2.7309143673782086e+00
-2.2606297352502485e+00
-1.6565397264170101e+00
-1.1725863804377377e+00
-8.4384544841664388e-01
-6.2547714226871054e-01
-4.7744079392999800e-01
-3.7399501400017771e-01
-2.9951076903794771e-01
-2.4438519948436888e-01
-2.0259815304723380e-01
-1.7026090083992995e-01
-1.4476844556808185e-01
-1.2435284868070280e-01
-1.0777093894535228e-01
-9.4130867205907812e-02
-8.2789158348373665e-02
-7.3262581557330189e-02
-6.5188902124306669e-02
-5.8292637390557435e-02
-5.2356451590345077e-02
-4.7214071891457550e-02
-4.2731952527434336e-02
-3.8801956974606693e-02
-3.5339617502476911e-02
-3.2273677259981898e-02
-2.9546656434611889e-02
-2.7111604615823640e-02
-2.4927587337348893e-02
-2.2962471470635990e-02
-2.1188009027659434e-02
-1.9579997698599173e-02
-1.8483649983875271e-02
-1.9300289495243959e-02
-2.0178148602372110e-02
-2.1123902076432909e-02
-2.2143800844403764e-02
-2.3246965758551039e-02
-2.4442099709665887e-02
-2.5739489304355379e-02
-2.7151634917396937e-02
-2.8690651004318047e-02
-3.0372599986857669e-02
-3.2214038407297460e-02
-3.4232912578940629e-02
-3.6450633239213825e-02
-3.8887094855759724e-02
-4.1564318303575383e-02
-4.4500842390621270e-02
-4.7705862860789976e-02
-5.1174847720750594e-02
-5.4864126195162323e-02
-5.8662141660701758e-02
-6.2317216861193646e-02
-6.5291558860609403e-02
-6.6470409045649659e-02
-6.3477756718480660e-02
-5.1104729127526526e-02
-1.7355197373024257e-02
5.1964371103706782e-02
1.3952143745185605e-01
2.4513642157385332e-01
3.7027576799660306e-01
5.1625105577089303e-01
6.8425728113738671e-01
0.0000000000000000e+00
1.3464638167935250e-01
0.0000000000000000e+00
0.0000000000000000e+00
];
