%Vec Object:sol 1 MPI processes
%  type: mpi
sol = [
0.0000000000000000e+00
-9.4869560857344794e+01
-3.7366304290824438e+01
-1.6996664497321369e+01
-9.3492736514116253e+00
-5.8387897328273066e+00
-3.9701162475623639e+00
-2.8653196095564035e+00
-2.1604657294138940e+00
-1.6850086205560262e+00
-1.3492911531957219e+00
-1.1037515081262279e+00
-9.1898355091204031e-01
-7.7646741071020842e-01
-6.6430981863295280e-01
-5.7449331676771320e-01
-5.0153081094796526e-01
-4.4145459767376732e-01
-3.9135658018959685e-01
-3.4918917236970792e-01
-3.1339454018638324e-01
-2.8270335523493051e-01
-2.5623433747911006e-01
-2.3325685393264547e-01
-2.1316086357567890e-01
-1.9549394327913081e-01
-1.7989559681236711e-01
-1.6604697611096841e-01
-1.5368801360759901e-01
-1.4263055254361476e-01
-1.3269764221742519e-01
-1.2372510723325020e-01
-1.1561144210842260e-01
-1.0825167877277282e-01
-1.0154146449531283e-01
-9.5417901398104896e-02
-8.9817388407805815e-02
-8.4674079548869602e-02
-7.9942940513415259e-02
-7.5584761970829473e-02
-7.1558135676947965e-02
-6.7829073628684164e-02
-6.4374551730721222e-02
-6.1166466550957435e-02
-5.8177876142037142e-02
-5.5395144007335813e-02
-5.2799508887775411e-02
-5.0368955330253741e-02
-4.8095721442229865e-02
-4.5966755923141096e-02
-4.3964933584254323e-02
-4.2084925057840450e-02
-4.0317587912693333e-02
-3.8650424562520970e-02
-3.7078601634582375e-02
-3.5596020388444331e-02
-3.4193444176622415e-02
-3.2866467660705959e-02
-3.1611066176254539e-02
-3.0420331336075759e-02
-2.9290255388347841e-02
-2.8218232663860435e-02
-2.7199035079618645e-02
-2.6229036167854984e-02
-2.5306601048824252e-02
-2.4427725043245061e-02
-2.3589150512558051e-02
-2.3724145586061091e-02
-2.4354393375266070e-02
-2.5011350574693524e-02
-2.5698344275585885e-02
-2.6416536808627794e-02
-2.7166717466361498e-02
-2.7952832480639362e-02
-2.8776577624388198e-02
-2.9639043529735835e-02
-3.0544925248566668e-02
-3.1496575520077529e-02
-3.2495619212072710e-02
-3.3547688662331231e-02
-3.4655979123419972e-02
-3.5822966786179571e-02
-3.7055497450978588e-02
-3.8357888721593771e-02
-3.9733913200478053e-02
-4.1192040741412014e-02
-4.2738138271316818e-02
-4.4377918677288263e-02
-4.6122097830886978e-02
-4.7978754588137398e-02
-4.9956502048582006e-02
-5.2069266964521764e-02
-5.4328391660512836e-02
-5.6746867654732455e-02
-5.9343371047728605e-02
-6.2134222649143471e-02
-6.5139149890131323e-02
-6.8384112171456068e-02
-7.1893297568352499e-02
-7.5697078239189197e-02
-7.9833034152654539e-02
-8.4338280217257533e-02
-8.9260610165242643e-02
-9.4656986899803175e-02
-1.0058672506725343e-01
-1.0712742550588332e-01
-1.1437008144893429e-01
-1.2241417035935838e-01
-1.3139124882105177e-01
-1.4145252078421874e-01
-1.5277591561508402e-01
-1.6559803339790724e-01
-1.8019921739404679e-01
-1.9692113929662558e-01
-2.1621487141348122e-01
-2.3864026800225116e-01
-2.6491699314883999e-01
-2.9600583065814579e-01
-3.3316230087626070e-01
-3.7808905278199212e-01
-4.3314487303875215e-01
-5.0161470070815339e-01
-5.8820527003126311e-01
-6.9993094873952322e-01
-8.4743019721543711e-01
-1.0474542518238776e+00
-1.3270337848788414e+00
-1.7312585682118748e+00
-2.3362104023498689e+00
-3.2577481550199683e+00
-4.5748045423369907e+00
-5.8245871449414723e+00
-5.9624613992123709e+00
-5.5845766150339458e+00
-5.0326315402421589e+00
-3.7985280449014867e+00
-2.5446020193850223e+00
-1.7870529961088042e+00
-1.2883754912049905e+00
-8.9408243116186237e-01
-6.4724971724282621e-01
-4.9070153256398846e-01
-3.8478339768749059e-01
-3.0953418884586542e-01
-2.5392763271916019e-01
-2.1175262816316215e-01
-1.7898492985989972e-01
-1.5299304153394466e-01
-1.3206873976652117e-01
-1.1495582923711699e-01
-1.0079479224012555e-01
-8.8984057836989316e-02
-7.8969336615171359e-02
-7.0447307123336009e-02
-6.3120037233687531e-02
-5.6772144747885327e-02
-5.1256097442001020e-02
-4.6412427419871088e-02
-4.2147672693342020e-02
-3.8389884277391192e-02
-3.5029412322922227e-02
-3.2035713420344614e-02
-2.9351279348007148e-02
-2.6926755652254424e-02
-2.4744696622879404e-02
-2.2754424892554397e-02
-2.1365610173155036e-02
-2.2203236424421763e-02
-2.3071979982771853e-02
-2.3985795225217082e-02
-2.4932553622036582e-02
-2.5901142988388935e-02
-2.6893978429462225e-02
-2.7869673699660740e-02
-2.8827414632551746e-02
-2.9733217992932135e-02
-3.0536908297665540e-02
-3.1195731045568605e-02
-3.1582800775480875e-02
-3.1556452729262094e-02
-3.0867109080012289e-02
-2.9048445941795176e-02
-2.5213683584158042e-02
-1.6729152409458967e-02
6.5087707191324895e-02
1.9754995271270481e-01
2.9289737962124224e-01
3.7249861649609917e-01
4.5298632496502650e-01
5.4119006583854512e-01
6.3762211250559864e-01
7.4037732908798370e-01
8.4746020324383398e-01
9.5780915226078911e-01
1.0710326685725198e+00
1.1870616955500921e+00
1.3062002621510025e+00
1.4285393090832113e+00
1.5544949443171390e+00
0.0000000000000000e+00
1.3464638167935231e-01
0.0000000000000000e+00
0.0000000000000000e+00
];
