%Vec Object:sol 1 MPI processes
%  type: mpi
sol = [
0.0000000000000000e+00
-7.8907181729395134e+01
-3.5613232799220810e+01
-1.6866350323468993e+01
-9.3966769219114266e+00
-5.9007214602915852e+00
-4.0236259097469285e+00
-2.9088671735755955e+00
-2.1961526147911679e+00
-1.7142501826038279e+00
-1.3739751492672632e+00
-1.1245624927337572e+00
-9.3682034038891182e-01
-7.9207173900193695e-01
-6.7809332388625099e-01
-5.8669435388156033e-01
-5.1242027126762213e-01
-4.5125111348057156e-01
-4.0023602001045727e-01
-3.5731132116704167e-01
-3.2086201464159031e-01
-2.8960121275421402e-01
-2.6263294040689206e-01
-2.3921517251455487e-01
-2.1872888222849979e-01
-2.0071413234028429e-01
-1.8479908362769959e-01
-1.7066345092505530e-01
-1.5804619492771679e-01
-1.4675528417686740e-01
-1.3661058076246274e-01
-1.2744523557081647e-01
-1.1915545760986074e-01
-1.1163434184080419e-01
-1.0477584804924495e-01
-9.8515677675166710e-02
-9.2789000428162779e-02
-8.7528855936893024e-02
-8.2689396758853922e-02
-7.8231591501900608e-02
-7.4112078296823578e-02
-7.0296194794254668e-02
-6.6760424032753327e-02
-6.3476163728704904e-02
-6.0416005149513237e-02
-5.7565995285249090e-02
-5.4907023886237145e-02
-5.2416694949542153e-02
-5.0087051999150090e-02
-4.7904793610059906e-02
-4.5852485455782077e-02
-4.3924670217590417e-02
-4.2112025132870830e-02
-4.0401812895932789e-02
-3.8789096771189177e-02
-3.7267654752098547e-02
-3.5828062724451444e-02
-3.4465825459157405e-02
-3.3176837665038726e-02
-3.1954043468341402e-02
-3.0793352526823799e-02
-2.9692110459246683e-02
-2.8644972350816804e-02
-2.7648233441799938e-02
-2.6700234085296492e-02
-2.5796876436847339e-02
-2.4934827626800177e-02
-2.5101524183033193e-02
-2.5793405425572041e-02
-2.6515379896877255e-02
-2.7271070651214514e-02
-2.8061878579822685e-02
-2.8888832969161789e-02
-2.9756256903064111e-02
-3.0666160654981244e-02
-3.1619945423504846e-02
-3.2622789347345749e-02
-3.3677461659502826e-02
-3.4785999638346221e-02
-3.5954660607153313e-02
-3.7187195674071215e-02
-3.8486641065632023e-02
-3.9860661119387970e-02
-4.1314323554140969e-02
-4.2852176922479140e-02
-4.4483779320507663e-02
-4.6216024451327331e-02
-4.8055720500182079e-02
-5.0015056782309948e-02
-5.2103542551520242e-02
-5.4331365927153687e-02
-5.6714492687856874e-02
-5.9266291541233668e-02
-6.2002112100940789e-02
-6.4943126601548287e-02
-6.8108138520115394e-02
-7.1521002262520880e-02
-7.5211871340489456e-02
-7.9209354836012547e-02
-8.3549111750631899e-02
-8.8275053179601284e-02
-9.3431154086735232e-02
-9.9073587314066430e-02
-1.0526925787523546e-01
-1.1208855922057591e-01
-1.1962287714536904e-01
-1.2797956223186985e-01
-1.3727685735273781e-01
-1.4766999812475945e-01
-1.5934193226201110e-01
-1.7250319634611846e-01
-1.8743296971337051e-01
-2.0446482634920293e-01
-2.2400631956197672e-01
-2.4659423132888586e-01
-2.7289662286183242e-01
-3.0377315066505423e-01
-3.4037095034168463e-01
-3.8419184216534280e-01
-4.3724153787240078e-01
-5.0234499144822153e-01
-5.8344196042253005e-01
-6.8621856756579747e-01
-8.1908694074219357e-01
-9.9480067934009053e-01
-1.2332295439237420e+00
-1.5671109251114266e+00
-2.0510106271578445e+00
-2.7769174092177322e+00
-3.8889952689600817e+00
-5.5019998748275531e+00
-7.0895265381954475e+00
-7.2938284333692645e+00
-6.8120306411337364e+00
-6.0921937888915796e+00
-4.5035231416015593e+00
-2.9513861083567945e+00
-1.9568807396267145e+00
-1.3580165025906941e+00
-9.8537610634403860e-01
-7.4225592272787655e-01
-5.7636331543131070e-01
-4.5883041088787091e-01
-3.7281908945482584e-01
-3.0814129557013303e-01
-2.5837435659409402e-01
-2.1930625624430752e-01
-1.8811390148990981e-01
-1.6283421968477924e-01
-1.4207632841008622e-01
-1.2483841340912982e-01
-1.1037293803348786e-01
-9.8121579385127777e-02
-8.7661078715740637e-02
-7.8658954271862147e-02
-7.0860911668475482e-02
-6.4063301467244552e-02
-5.8101674387958421e-02
-5.2847341651598594e-02
-4.8192207685939417e-02
-4.4049002290316996e-02
-4.0346387163810428e-02
-3.7022502156087218e-02
-3.4028453056784737e-02
-3.1321452094809812e-02
-2.8864905158455717e-02
-2.7166721796775602e-02
-2.8280106919590636e-02
-2.9464005168148396e-02
-3.0724198785790274e-02
-3.2065188766509704e-02
-3.3494190578506451e-02
-3.5016594799337497e-02
-3.6638225230594221e-02
-3.8365452952463547e-02
-4.0201307003795934e-02
-4.2149788045180825e-02
-4.4210041667674442e-02
-4.6375453715741775e-02
-4.8632693727372084e-02
-5.0950961797133189e-02
-5.3278414111359890e-02
-5.5522568316700140e-02
-5.7521826148733496e-02
-5.8999738733676518e-02
-5.9457761759087187e-02
-5.7969636001510734e-02
-5.2648936650189722e-02
-3.8853781602404769e-02
1.0143969354716656e-02
1.1482918036468977e-01
2.1607815902664149e-01
3.1405367151493280e-01
4.0891911690931376e-01
5.0077067246385576e-01
5.8971793373435744e-01
6.7581755196805016e-01
7.5905170981569126e-01
8.3947582647896157e-01
0.0000000000000000e+00
1.3464638167935292e-01
0.0000000000000000e+00
0.0000000000000000e+00
];
