%Vec Object:sol 1 MPI processes
%  type: mpi
sol = [
0.0000000000000000e+00
-5.3378632655704401e+01
-3.0587900491632794e+01
-1.5988289475303866e+01
-9.2168773571017599e+00
-5.8745163964764213e+00
-4.0364265919248261e+00
-2.9319188165564376e+00
-2.2201986104186773e+00
-1.7370145148039851e+00
-1.3942402706463286e+00
-1.1428118278848280e+00
-9.5320638448675088e-01
-8.0680975222039908e-01
-6.9124629421757244e-01
-5.9859327677487240e-01
-5.2325085634850477e-01
-4.6116053446459854e-01
-4.0934858764497628e-01
-3.6572922891481463e-01
-3.2867107807871576e-01
-2.9687499588345012e-01
-2.6943274402604894e-01
-2.4559312846799031e-01
-2.2473012783417842e-01
-2.0637736768294260e-01
-1.9016194409658116e-01
-1.7574749981634724e-01
-1.6287757476478684e-01
-1.5135663246828382e-01
-1.4100184252066128e-01
-1.3164422724908631e-01
-1.2317777780206386e-01
-1.1549388444681188e-01
-1.0848513858937352e-01
-1.0208586245012034e-01
-9.6230094425011611e-02
-9.0849931463729078e-02
-8.5898650060912268e-02
-8.1336447444663923e-02
-7.7119296759798339e-02
-7.3211941071102307e-02
-6.9590337516670972e-02
-6.6225408087603493e-02
-6.3089307813862863e-02
-6.0167730353792401e-02
-5.7441223808280949e-02
-5.4887043939509120e-02
-5.2497005590556443e-02
-5.0257558711657775e-02
-4.8150982799515067e-02
-4.6171669586058353e-02
-4.4310114199795698e-02
-4.2553351126897704e-02
-4.0896328701523578e-02
-3.9332697545847825e-02
-3.7852850778402385e-02
-3.6452197490455224e-02
-3.5126547591838857e-02
-3.3868698421353233e-02
-3.2674473682681511e-02
-3.1541167279144543e-02
-3.0463315965885616e-02
-2.9437133844984142e-02
-2.8460935131323618e-02
-2.7530526123410070e-02
-2.6642495438214918e-02
-2.6853070288875576e-02
-2.7627004407884251e-02
-2.8435581612163332e-02
-2.9282806033974786e-02
-3.0170402863783547e-02
-3.1099731450289787e-02
-3.2075601744558854e-02
-3.3100448317363029e-02
-3.4176097464978468e-02
-3.5308353358429460e-02
-3.6500543970204191e-02
-3.7755267190919574e-02
-3.9079592388432532e-02
-4.0478013027552481e-02
-4.1954320796333905e-02
-4.3517245575644597e-02
-4.5172852932751202e-02
-4.6926730104876260e-02
-4.8789853381956141e-02
-5.0770477188974095e-02
-5.2876865225923692e-02
-5.5123127347583768e-02
-5.7520661076655231e-02
-6.0081733655530725e-02
-6.2824964520025520e-02
-6.5766405922196264e-02
-6.8924389162246025e-02
-7.2324240005281829e-02
-7.5989129264575642e-02
-7.9946762104666447e-02
-8.4232793672983183e-02
-8.8881664189917997e-02
-9.3935974324598576e-02
-9.9447918459208223e-02
-1.0547047741654809e-01
-1.1207076566124395e-01
-1.1932677831616610e-01
-1.2732199488852047e-01
-1.3616790150941271e-01
-1.4599283080918773e-01
-1.5693907726023559e-01
-1.6919216876480103e-01
-1.8297124788944283e-01
-1.9852958932429007e-01
-2.1620115345652435e-01
-2.3638600533335022e-01
-2.5957360164466509e-01
-2.8640661783343913e-01
-3.1768597911683122e-01
-3.5444198856154746e-01
-3.9804700193583159e-01
-4.5029762485302033e-01
-5.1362790740688291e-01
-5.9140478414112696e-01
-6.8821758961207569e-01
-8.1082406907107674e-01
-9.6919072057647115e-01
-1.1783027187673769e+00
-1.4616662852195828e+00
-1.8562815717525287e+00
-2.4246984785826529e+00
-3.2680599965545034e+00
-4.5360927347867257e+00
-6.3096129961236249e+00
-7.9354125557260646e+00
-8.0808432425661429e+00
-7.5584030310330537e+00
-6.8061506229215949e+00
-5.1278489728685797e+00
-3.4110412993833585e+00
-2.2814651903828547e+00
-1.5929705324512125e+00
-1.1620279281143093e+00
-8.7958284487687211e-01
-6.8639469032209932e-01
-5.4918863748301894e-01
-4.4856343968349988e-01
-3.7272199285326890e-01
-3.1425668711863713e-01
-2.6828169245373990e-01
-2.3151526652276605e-01
-2.0167239111730417e-01
-1.7712615632103881e-01
-1.5670819954660481e-01
-1.3954572229577861e-01
-1.2498653002210092e-01
-1.1253566419036767e-01
-1.0180391003680252e-01
-9.2493579352564678e-02
-8.4365998267154560e-02
-7.7228218697581660e-02
-7.0929374311259147e-02
-6.5342412970529451e-02
-6.0364857039725273e-02
-5.5912931290532791e-02
-5.1913697785970790e-02
-4.8309824270304662e-02
-4.5050913272934888e-02
-4.2093528481441940e-02
-4.0199469997422403e-02
-4.2503944549698879e-02
-4.5022480940352778e-02
-4.7783457286856512e-02
-5.0817715593552047e-02
-5.4165317583292009e-02
-5.7870511446629212e-02
-6.1986792187836939e-02
-6.6579682310318564e-02
-7.1724199801532648e-02
-7.7516096796352532e-02
-8.4069415476817913e-02
-9.1524066841960128e-02
-1.0005782554738735e-01
-1.0988826559511103e-01
-1.2129688111746677e-01
-1.3464296563296646e-01
-1.5039042023529683e-01
-1.6915883266689627e-01
-1.9176863803209221e-01
-2.1934419847012793e-01
-2.5344448375427814e-01
-2.9626804418801306e-01
-3.5101366620275681e-01
-4.2238290178895482e-01
-5.1752834382608981e-01
-6.4751521993340722e-01
-8.2946301490999907e-01
-1.0888011516211882e+00
-1.4550662373374568e+00
-1.9233611667570731e+00
-2.3298901974754975e+00
-2.4324185337439821e+00
0.0000000000000000e+00
1.3464638167935253e-01
0.0000000000000000e+00
0.0000000000000000e+00
];
