%Vec Object:sol 1 MPI processes
%  type: mpi
sol = [
0.0000000000000000e+00
-1.0107140340695202e+02
-3.7821019766798841e+01
-1.6988110033633507e+01
-9.3072443968865954e+00
-5.8027234949603788e+00
-3.9416963999418457e+00
-2.8430262305168186e+00
-2.1427893326139786e+00
-1.6703981547539910e+00
-1.3372243820900920e+00
-1.0934335504669317e+00
-9.1006525941909422e-01
-7.6876525786853311e-01
-6.5748834956668778e-01
-5.6839600061286311e-01
-4.9603673309879986e-01
-4.3646870915223962e-01
-3.8680633809866999e-01
-3.4503644507783804e-01
-3.0958095638330141e-01
-2.7916701986185133e-01
-2.5294143212697801e-01
-2.3017902517770047e-01
-2.1027416348607372e-01
-1.9277797314160025e-01
-1.7733285677084767e-01
-1.6362239030936665e-01
-1.5138851848578042e-01
-1.4044470945103391e-01
-1.3061542705526649e-01
-1.2173775294198719e-01
-1.1371112015713589e-01
-1.0643143139517612e-01
-9.9795159684375093e-02
-9.3739988645609534e-02
-8.8202868706948864e-02
-8.3118499642698782e-02
-7.8442352105076218e-02
-7.4136537197072611e-02
-7.0158818537132697e-02
-6.6475480271640325e-02
-6.3063736198089873e-02
-5.9895759031204261e-02
-5.6944873623161349e-02
-5.4197582773546527e-02
-5.1635313081213038e-02
-4.9236277085163704e-02
-4.6992776967979412e-02
-4.4891580893806689e-02
-4.2916037890676030e-02
-4.1060944371107737e-02
-3.9317245110090361e-02
-3.7672582377805623e-02
-3.6122158508661212e-02
-3.4659930577197295e-02
-3.3276770841873915e-02
-3.1968310780088639e-02
-3.0730558343260838e-02
-2.9556690422492624e-02
-2.8442737895598990e-02
-2.7386110581223314e-02
-2.6381647590777133e-02
-2.5425762701267410e-02
-2.4516823886901101e-02
-2.3650879755921096e-02
-2.2824713906651889e-02
-2.2940753708365250e-02
-2.3534957047903066e-02
-2.4153869673508622e-02
-2.4800635659194856e-02
-2.5476276351908664e-02
-2.6181440845250873e-02
-2.6919842685346241e-02
-2.7692990312855069e-02
-2.8501791877866403e-02
-2.9350644561753379e-02
-3.0241651516686906e-02
-3.1176193450432953e-02
-3.2159517675156471e-02
-3.3194484651923747e-02
-3.4283236275365191e-02
-3.5432114257093777e-02
-3.6644982338661904e-02
-3.7925146188970471e-02
-3.9280405221329945e-02
-4.0716002334163851e-02
-4.2236986238756831e-02
-4.3853164054827740e-02
-4.5571741361213974e-02
-4.7400369316935170e-02
-4.9351715189814162e-02
-5.1435873046406219e-02
-5.3664414264797095e-02
-5.6054223404863900e-02
-5.8619791622229078e-02
-6.1378703689449553e-02
-6.4354293073702482e-02
-6.7567985942905306e-02
-7.1046838095581127e-02
-7.4824444209118712e-02
-7.8933603636391486e-02
-8.3416816299793903e-02
-8.8324746255638256e-02
-9.3709684353702666e-02
-9.9640453974260149e-02
-1.0619760489592857e-01
-1.1346861206595643e-01
-1.2156969522252269e-01
-1.3063700415187060e-01
-1.4082562798629289e-01
-1.5234316000198717e-01
-1.6543584097584807e-01
-1.8040022524266214e-01
-1.9762935164864046e-01
-2.1761592979217848e-01
-2.4098763717768631e-01
-2.6858207330501466e-01
-3.0149086426964650e-01
-3.4119199596670291e-01
-3.8972942461699223e-01
-4.4994137959608382e-01
-5.2592455985678688e-01
-6.2370312350090418e-01
-7.5228648657552988e-01
-9.2596640367436944e-01
-1.1676262919010421e+00
-1.5146541183908768e+00
-2.0283622244559933e+00
-2.7954161569701630e+00
-3.8459408296090332e+00
-4.7501180795932489e+00
-4.7954021104490732e+00
-4.4962645050108234e+00
-4.0898622343370965e+00
-3.1918551793897008e+00
-2.1939301374542541e+00
-1.4997906889723855e+00
-1.0710107531574629e+00
-7.9715853058517239e-01
-6.0656726468561151e-01
-4.6907617807457036e-01
-3.6979829353718147e-01
-2.9752163038814028e-01
-2.4383124637049311e-01
-2.0311633476534702e-01
-1.7154379136808695e-01
-1.4657932370571988e-01
-1.2655084112034717e-01
-1.1022429006407509e-01
-9.6744084940755384e-02
-8.5490341030556471e-02
-7.5968905472705822e-02
-6.7864409436668952e-02
-6.0895042040233736e-02
-5.4854187405320477e-02
-4.9588190230485725e-02
-4.4954729029014838e-02
-4.0858060734240212e-02
-3.7218982575709242e-02
-3.3956713161110659e-02
-3.1026673825219307e-02
-2.8380180805566400e-02
-2.5979443401135619e-02
-2.3797658505349508e-02
-2.1804732655693632e-02
-2.0385814663349617e-02
-2.1064862693179007e-02
-2.1762757188375819e-02
-2.2481665596474892e-02
-2.3218381559483518e-02
-2.3970507084345973e-02
-2.4733201905496899e-02
-2.5496149413464144e-02
-2.6247267089647159e-02
-2.6963355088039872e-02
-2.7613175113728530e-02
-2.8149608337380682e-02
-2.8497086138058573e-02
-2.8542548247360036e-02
-2.8099268119108591e-02
-2.6849124133377353e-02
-2.4190807657605395e-02
-1.8717513716779398e-02
-3.0950365047165301e-03
7.5632244879513477e-02
1.5719083530679759e-01
2.4102547541253505e-01
3.2809320766814515e-01
4.1920698169785364e-01
5.1502440886788636e-01
6.1603402855536560e-01
7.2265210157385540e-01
8.3531604165306805e-01
9.5439497412190744e-01
1.0804311629546961e+00
1.2138529078314706e+00
1.3551522094121717e+00
1.5048987052761749e+00
0.0000000000000000e+00
1.3464638167935256e-01
0.0000000000000000e+00
0.0000000000000000e+00
];
