%Vec Object:sol 1 MPI processes
%  type: mpi
sol = [
0.0000000000000000e+00
-7.0335707485004022e+01
-3.4428626493300456e+01
-1.6774786252910054e+01
-9.4412400282527713e+00
-5.9611402519197512e+00
-4.0798218750989506e+00
-2.9583508431369712e+00
-2.2396267098306759e+00
-1.7523961794090612e+00
-1.4079412122124475e+00
-1.1551658088913894e+00
-9.6452156344660256e-01
-8.1736947293946094e-01
-7.0137107122835674e-01
-6.0833277197753521e-01
-5.3260248479846639e-01
-4.7012741846571099e-01
-4.1796875447299997e-01
-3.7403611029430334e-01
-3.3669206953807407e-01
-3.0463007924834062e-01
-2.7694165508696678e-01
-2.5287340987700835e-01
-2.3179572098090676e-01
-2.1324129236816480e-01
-1.9683762849932473e-01
-1.8225486034311406e-01
-1.6922366449910095e-01
-1.5754941765761901e-01
-1.4704869628799180e-01
-1.3755051244632474e-01
-1.2894654316155174e-01
-1.2113192203180179e-01
-1.1399797961960841e-01
-1.0747957478503840e-01
-1.0151052209972741e-01
-9.6021814436071301e-02
-9.0966712998421809e-02
-8.6305507707129608e-02
-8.1993456019238548e-02
-7.7994917832774069e-02
-7.4286149734686918e-02
-7.0837634473408670e-02
-6.7620901054237861e-02
-6.4622076375162193e-02
-6.1821467589620809e-02
-5.9195547812012542e-02
-5.6736649315715725e-02
-5.4431077147392377e-02
-5.2260371435143047e-02
-5.0219351736757324e-02
-4.8298441984698293e-02
-4.6484108445003690e-02
-4.4771528658919375e-02
-4.3154378078930480e-02
-4.1622612071259696e-02
-4.0171724770201644e-02
-3.8797618602984522e-02
-3.7492752678551719e-02
-3.6252932660090081e-02
-3.5075591495313009e-02
-3.3955003377665834e-02
-3.2887292615716886e-02
-3.1870943075969715e-02
-3.0901555655441695e-02
-2.9975581496420493e-02
-2.9092220858922498e-02
-2.8248049713672386e-02
-2.7439851477318221e-02
-2.6667307495380779e-02
-2.5927713076426273e-02
-2.5218184845784503e-02
-2.4538718426669662e-02
-2.3887140470914225e-02
-2.3260897239567299e-02
-2.2660180177900956e-02
-2.2083208018434369e-02
-2.1527749440118506e-02
-2.0994107208647170e-02
-2.0480788177449631e-02
-1.9985873274451713e-02
-1.9509716573803588e-02
-1.9051035046360625e-02
-1.8608209686909911e-02
-1.8181603307381156e-02
-1.7770084172678027e-02
-1.7372319756529520e-02
-1.6988651787165413e-02
-1.6618055339223666e-02
-1.6259469993909328e-02
-1.5913195771002593e-02
-1.5578280794346099e-02
-1.5253921990568459e-02
-1.4940363866137073e-02
-1.4636702063492419e-02
-1.4342376150444645e-02
-1.4057566057377360e-02
-1.3781395561114155e-02
-1.3513532328545812e-02
-1.3523112478393797e-02
-1.3810138754581720e-02
-1.4106293683616027e-02
-1.4412338547816823e-02
-1.4728024667513464e-02
-1.5054172569698472e-02
-1.5391524019329889e-02
-1.5739754594617360e-02
-1.6100013149365842e-02
-1.6473017063205225e-02
-1.6858354215364017e-02
-1.7257566806447702e-02
-1.7671213658503767e-02
-1.8099173172120109e-02
-1.8543067069698417e-02
-1.9003370518969068e-02
-1.9480398085451281e-02
-1.9975784314484824e-02
-2.0489938747953240e-02
-2.1023702755349451e-02
-2.1578730722583032e-02
-2.2155363462519961e-02
-2.2755078671563209e-02
-2.3379562917010113e-02
-2.4029088616199547e-02
-2.4705904320071470e-02
-2.5411671409379912e-02
-2.6146830398778569e-02
-2.6914336675541991e-02
-2.7715690871966972e-02
-2.8552244166243225e-02
-2.9427139265276438e-02
-3.0341940562259556e-02
-3.1299130739395470e-02
-3.2302111046649637e-02
-3.3352565340523242e-02
-3.4454390972552151e-02
-3.5611302939363980e-02
-3.6825337603372955e-02
-3.8102030536927518e-02
-3.9445161209584745e-02
-4.0858602897044023e-02
-4.2348668771501986e-02
-4.3919762277757769e-02
-4.5578146961805892e-02
-4.7331227785164395e-02
-4.9184334762659411e-02
-5.1146956903443515e-02
-5.3227151157129726e-02
-5.5432929070557010e-02
-5.7776840910836756e-02
-6.0269326879678918e-02
-6.2923128891540406e-02
-6.5753701268228312e-02
-6.8774514964735439e-02
-7.2004892606132645e-02
-7.5464402251875909e-02
-7.9172966699532485e-02
-8.3157633572155096e-02
-8.7444342659529037e-02
-9.2064392868705450e-02
-9.7054736425435953e-02
-1.0245201128448353e-01
-1.0830474769539830e-01
-1.1466439104710109e-01
-1.2158860677391045e-01
-1.2914928755785127e-01
-1.3742273233064237e-01
-1.4650252444352796e-01
-1.5649766870619966e-01
-1.6752899757899653e-01
-1.7975001640213042e-01
-1.9333337862630870e-01
-2.0848734002246316e-01
-2.2546616828385868e-01
-2.4456491834427341e-01
-2.6615668586361707e-01
-2.9068943025208732e-01
-3.1871449833127219e-01
-3.5091253901844499e-01
-3.8814296340030435e-01
-4.3152975683689809e-01
-4.8249886047715046e-01
-5.4290113373061533e-01
-6.1521451324586007e-01
-7.0274670657014537e-01
-8.1006047934974423e-01
-9.4333633467309441e-01
-1.1117967850041910e+00
-1.3289114404210731e+00
-1.6148028051574472e+00
-2.0012540031174626e+00
-2.5404948573304815e+00
-3.3214729566197518e+00
-4.5032084428454562e+00
-6.3819759122367836e+00
-9.4868021915177412e+00
-1.4284952109172547e+01
-1.7848548697595234e+01
0.0000000000000000e+00
1.3464638167935297e-01
0.0000000000000000e+00
0.0000000000000000e+00
];
