%Vec Object:sol 1 MPI processes
%  type: mpi
sol = [
0.0000000000000000e+00
-4.1875541442355470e+01
-2.4488930527426504e+01
-1.3099201745403667e+01
-7.6720699761363615e+00
-4.9416438702052341e+00
-3.4226666930536753e+00
-2.5014282878980181e+00
-1.9040823658193147e+00
-1.4962401615286762e+00
-1.2061600304660709e+00
-9.9230748655453738e-01
-8.3046564113210397e-01
-7.0517547043356310e-01
-6.0616796116115024e-01
-5.2659269516497997e-01
-4.6173597054847970e-01
-4.0815836217529544e-01
-3.6333405352678194e-01
-3.2553216557885628e-01
-2.9336345938260500e-01
-2.6571589159640008e-01
-2.4181724944887409e-01
-2.2102527043254033e-01
-2.0280170800787439e-01
-1.8674737846066236e-01
-1.7254390090183472e-01
-1.5990843288946216e-01
-1.4860984028155286e-01
-1.3848159595443202e-01
-1.2936612996058999e-01
-1.2111628108931272e-01
-1.1364234201203742e-01
-1.0685052158149766e-01
-1.0064662853001267e-01
-9.4974962174066646e-02
-8.9778608719446346e-02
-8.4997873556735645e-02
-8.0592581524793525e-02
-7.6528625030703262e-02
-7.2767258177726654e-02
-6.9277674894181976e-02
-6.6039543181841562e-02
-6.3027349582271172e-02
-6.0215647431642275e-02
-5.7593007778899030e-02
-5.5142763311356861e-02
-5.2844342273060022e-02
-5.0691304979278151e-02
-4.8671780184707178e-02
-4.6769575030319921e-02
-4.4980362728096558e-02
-4.3295848519172508e-02
-4.1704146397229760e-02
-4.0201168296473071e-02
-3.8781458126512847e-02
-3.7436185228683153e-02
-3.6161483860645334e-02
-3.4953844005387966e-02
-3.3806630599612524e-02
-3.2716210377581940e-02
-3.1680411552280532e-02
-3.0694192589781674e-02
-2.9754170057342325e-02
-2.8859091024359601e-02
-2.8005079719385744e-02
-2.7189018288150034e-02
-2.6410279592801025e-02
-2.5665845164472449e-02
-2.4952873968964135e-02
-2.4271158254937458e-02
-2.3618312110739656e-02
-2.2991777258295886e-02
-2.2391618734158195e-02
-2.1815917660258144e-02
-2.1262399461060989e-02
-2.0731297662709900e-02
-2.0221037574853527e-02
-1.9729625280227019e-02
-1.9257388231190935e-02
-1.8803004039661765e-02
-1.8364753182578603e-02
-1.7943003971905652e-02
-1.7536617240535887e-02
-1.7144139337582392e-02
-1.6765941690079680e-02
-1.6401016145155045e-02
-1.6048164767434800e-02
-1.5707735585894198e-02
-1.5378811894997303e-02
-1.5060440313827216e-02
-1.4752927066397420e-02
-1.4455416791362051e-02
-1.4167188894202685e-02
-1.3888495422570878e-02
-1.3618519537090895e-02
-1.3356761503548746e-02
-1.3103411015969344e-02
-1.2857672371341848e-02
-1.2619254754076926e-02
-1.2639728237404264e-02
-1.2919806281186570e-02
-1.3208959113294488e-02
-1.3507926144075456e-02
-1.3816501410303219e-02
-1.4135482394837648e-02
-1.4465595879715945e-02
-1.4806567723052838e-02
-1.5159510424457527e-02
-1.5525134149708025e-02
-1.5903085561114059e-02
-1.6294855926746836e-02
-1.6701012677001078e-02
-1.7121481160719512e-02
-1.7557837713811288e-02
-1.8010577905246808e-02
-1.8480046272491880e-02
-1.8967842600249803e-02
-1.9474408400840974e-02
-2.0000597003793374e-02
-2.0548039846613492e-02
-2.1117122392124581e-02
-2.1709315644893742e-02
-2.2326296255004041e-02
-2.2968395311057713e-02
-2.3637835429618531e-02
-2.4336285886328923e-02
-2.5064251693102033e-02
-2.5824652481168709e-02
-2.6619022418839764e-02
-2.7448757148850748e-02
-2.8316981604109583e-02
-2.9225313003044186e-02
-3.0176258799498052e-02
-3.1173223107604293e-02
-3.2217964386751681e-02
-3.3314386667514836e-02
-3.4466233190721833e-02
-3.5675635405569464e-02
-3.6948124513670036e-02
-3.8287549637416575e-02
-3.9697864683539218e-02
-4.1185410902871630e-02
-4.2754695906466238e-02
-4.4412054638323255e-02
-4.6164959405213223e-02
-4.8018889795459069e-02
-4.9983330233760566e-02
-5.2066934372920273e-02
-5.4277916941828964e-02
-5.6628707683036031e-02
-5.9129875049942174e-02
-6.1794370685587914e-02
-6.4637863526529352e-02
-6.7674134049880902e-02
-7.0922775761812884e-02
-7.4403703093657819e-02
-7.8137258122288902e-02
-8.2150897044358559e-02
-8.6471091702993955e-02
-9.1129717224266327e-02
-9.6164374526479898e-02
-1.0161250274332807e-01
-1.0752348527184703e-01
-1.1394979926722010e-01
-1.2095030912673937e-01
-1.2859598361262908e-01
-1.3696417012922413e-01
-1.4615220038590601e-01
-1.5627111537632199e-01
-1.6744416723651723e-01
-1.7982770347449381e-01
-1.9359778928239033e-01
-2.0896675600680623e-01
-2.2619379712662138e-01
-2.4557992275484208e-01
-2.6750552677844464e-01
-2.9242753311776570e-01
-3.2090836130529565e-01
-3.5366114663338710e-01
-3.9156610807420500e-01
-4.3576089761658082e-01
-4.8770315960333938e-01
-5.4921474359057532e-01
-6.2287611153872557e-01
-7.1206254554239556e-01
-8.2142782817696358e-01
-9.5748880201452713e-01
-1.1294157261227060e+00
-1.3508387894391480e+00
-1.6426952755304152e+00
-2.0371804773919506e+00
-2.5878039194216065e+00
-3.3847198148940132e+00
-4.5913227119698927e+00
-6.5095266360771964e+00
-9.6815152567403313e+00
-1.4598744380055798e+01
-1.8281784497497579e+01
0.0000000000000000e+00
2.4055929233035767e-01
0.0000000000000000e+00
0.0000000000000000e+00
];
