%Vec Object:sol 1 MPI processes
%  type: mpi
sol = [
0.0000000000000000e+00
-4.0865195335511103e+01
-2.4157567052111531e+01
-1.3003579860829463e+01
-7.6346005572160296e+00
-4.9247174665370670e+00
-3.4127634740653705e+00
-2.4951774026654610e+00
-1.9001988660002265e+00
-1.4934734970519352e+00
-1.2040426338921806e+00
-9.9085473474957952e-01
-8.2949263760235326e-01
-7.0441017765988223e-01
-6.0556411579859448e-01
-5.2611642468401487e-01
-4.6136176794239286e-01
-4.0788086403245388e-01
-3.6315942062742129e-01
-3.2543752077354793e-01
-2.9333162390452222e-01
-2.6573392582399424e-01
-2.4186331740518555e-01
-2.2109066318812387e-01
-2.0288340892014256e-01
-1.8684286322335866e-01
-1.7265103883920255e-01
-1.6002545137878518e-01
-1.4873525308067123e-01
-1.3861412012410740e-01
-1.2950467757999198e-01
-1.2125993918777647e-01
-1.1379030968562877e-01
-1.0700211168528992e-01
-1.0080125738524430e-01
-9.5132117640014766e-02
-8.9937847132131779e-02
-8.5158812100791237e-02
-8.0754885486518088e-02
-7.6692003071196793e-02
-7.2931456140695905e-02
-6.9442469167630153e-02
-6.6204744559878126e-02
-6.3192733620925090e-02
-6.0381707881759679e-02
-5.7759893594065102e-02
-5.5310251535081886e-02
-5.3012231259109990e-02
-5.0859424791041767e-02
-4.8839982950501987e-02
-4.6937722931165937e-02
-4.5148342087896823e-02
-4.3463561258714166e-02
-4.1871499192266265e-02
-4.0368084531733961e-02
-3.8947873574214552e-02
-3.7602037453934339e-02
-3.6326721288978368e-02
-3.5118425721110617e-02
-3.3970515886709657e-02
-3.2879364784108127e-02
-3.1842810374444426e-02
-3.0855810500660510e-02
-2.9914984444920564e-02
-2.9019088535993953e-02
-2.8164245978382761e-02
-2.7347338959047316e-02
-2.6567749299593584e-02
-2.5822457331204845e-02
-2.5108620086511827e-02
-2.4426038553674638e-02
-2.3772325541720013e-02
-2.3144919460670720e-02
-2.2543893862730570e-02
-2.1967328527039302e-02
-2.1412944692450895e-02
-2.0880984134961745e-02
-2.0369870730152798e-02
-1.9877605934855044e-02
-1.9404525116478034e-02
-1.8949304307252023e-02
-1.8510219284270872e-02
-1.8087645867889995e-02
-1.7680443100268162e-02
-1.7287152874772557e-02
-1.6908153638304047e-02
-1.6542435164236983e-02
-1.6188795565893744e-02
-1.5847589341523804e-02
-1.5517897366136263e-02
-1.5198763044890564e-02
-1.4890498436269481e-02
-1.4592246839867809e-02
-1.4303284712412347e-02
-1.4023868282544774e-02
-1.3753172347534683e-02
-1.3490697329559284e-02
-1.3236641559451891e-02
-1.2990192420536447e-02
-1.2751046051216419e-02
-1.2773464242002307e-02
-1.3058274691464094e-02
-1.3352334391558668e-02
-1.3656393862323365e-02
-1.3970249804079300e-02
-1.4294711783101689e-02
-1.4630518491916817e-02
-1.4977398301746429e-02
-1.5336479851992700e-02
-1.5708486074631690e-02
-1.6093065926349761e-02
-1.6491731897065712e-02
-1.6905063829807162e-02
-1.7332992965185968e-02
-1.7777119316455939e-02
-1.8237951269471486e-02
-1.8715844761655841e-02
-1.9212425287302725e-02
-1.9728147889976122e-02
-2.0263884352240840e-02
-2.0821294180505118e-02
-2.1400777215591364e-02
-2.2003831926453235e-02
-2.2632165824873662e-02
-2.3286125457467138e-02
-2.3967972348009962e-02
-2.4679409129759453e-02
-2.5420960480548826e-02
-2.6195596694875985e-02
-2.7004886525865749e-02
-2.7850259237604612e-02
-2.8734896925233944e-02
-2.9660455812431135e-02
-3.0629495108056664e-02
-3.1645484340765202e-02
-3.2710226847665738e-02
-3.3827702066231112e-02
-3.5001728683361669e-02
-3.6234493042882523e-02
-3.7531630647769404e-02
-3.8897073995583051e-02
-4.0334863955100601e-02
-4.1851465798462863e-02
-4.3451487734504218e-02
-4.5141394772676507e-02
-4.6928809881449048e-02
-4.8819337301548714e-02
-5.0822649945073267e-02
-5.2947582386260669e-02
-5.5202528036295599e-02
-5.7600165417546992e-02
-6.0151289119399307e-02
-6.2869119980396404e-02
-6.5769646339533874e-02
-6.8866945711072741e-02
-7.2181009652014405e-02
-7.5732165769968079e-02
-7.9541186144122950e-02
-8.3636084548233694e-02
-8.8043887294289733e-02
-9.2797126849392050e-02
-9.7934173139972269e-02
-1.0349324861734675e-01
-1.0952474078625768e-01
-1.1608220578289204e-01
-1.2322572198665617e-01
-1.3103003268301130e-01
-1.3957467475606616e-01
-1.4895706142836548e-01
-1.5929069304701143e-01
-1.7070158527446755e-01
-1.8334954519001648e-01
-1.9741457894666592e-01
-2.1311376540093521e-01
-2.3071194079422933e-01
-2.5050116463209382e-01
-2.7288111934962100e-01
-2.9831843186544593e-01
-3.2738660309425144e-01
-3.6081270629313139e-01
-3.9949403796390298e-01
-4.4459011900373663e-01
-4.9758805001655698e-01
-5.6041828250995274e-01
-6.3566500795845593e-01
-7.2669361483307082e-01
-8.3824384171640220e-01
-9.7699273688034594e-01
-1.1524230975163172e+00
-1.3783965583618734e+00
-1.6758262239921016e+00
-2.0783123153974472e+00
-2.6390811518898603e+00
-3.4511676620579697e+00
-4.6799929884865890e+00
-6.6337969982392950e+00
-9.8639143964735148e+00
-1.4883088376405064e+01
-1.8664688645884471e+01
0.0000000000000000e+00
2.4055929233035767e-01
0.0000000000000000e+00
0.0000000000000000e+00
];
