%Vec Object:sol 1 MPI processes
%  type: mpi
sol = [
0.0000000000000000e+00
-4.0581547444405757e+01
-2.4063344801052256e+01
-1.2975575845057007e+01
-7.6237670281564229e+00
-4.9193085446357490e+00
-3.4097620481147999e+00
-2.4934248665898875e+00
-1.8989388290585580e+00
-1.4927069103605444e+00
-1.2034573568076030e+00
-9.9039953520282342e-01
-8.2916558102029581e-01
-7.0420488606847020e-01
-6.0540326669911704e-01
-5.2599066374861436e-01
-4.6126405257941566e-01
-4.0780584688196470e-01
-3.6310299808458785e-01
-3.2539642123761003e-01
-2.9330324791985823e-01
-2.6571618279004455e-01
-2.4186623451396960e-01
-2.2111357455076089e-01
-2.0291171986262196e-01
-1.8687478974969324e-01
-1.7268600674897758e-01
-1.6006298351211784e-01
-1.4877494979803219e-01
-1.3865563706028874e-01
-1.2954772318144914e-01
-1.2130426897369799e-01
-1.1383570979294699e-01
-1.0704839903461398e-01
-1.0084827650380322e-01
-9.5179732633295933e-02
-8.9985940639484632e-02
-8.5207282913667887e-02
-8.0803645437381708e-02
-7.6740975806425415e-02
-7.2980575121199501e-02
-6.9491676074837971e-02
-6.6253989356227908e-02
-6.3241972538769092e-02
-6.0430901718925165e-02
-5.7809009590883857e-02
-5.5359261252800572e-02
-5.3061107944617131e-02
-5.0908147239414260e-02
-4.8888533035569497e-02
-4.6986082526715316e-02
-4.5196497632431658e-02
-4.3511501513858214e-02
-4.1919212384376695e-02
-4.0415562061014175e-02
-3.8995108940391175e-02
-3.7649023397135425e-02
-3.6373452540978214e-02
-3.5164899062084989e-02
-3.4016727285267084e-02
-3.2925311221242204e-02
-3.1888490907846484e-02
-3.0901223407818534e-02
-2.9960128234243859e-02
-2.9063963844290615e-02
-2.8208852726652741e-02
-2.7391676699561076e-02
-2.6611819756906876e-02
-2.5866261586203077e-02
-2.5152158404317226e-02
-2.4469313398162499e-02
-2.3815338795437138e-02
-2.3187671880083912e-02
-2.2586388402335109e-02
-2.2009567602126072e-02
-2.1454929402297176e-02
-2.0922717746507183e-02
-2.0411355988530264e-02
-1.9918844185335228e-02
-1.9445519810451194e-02
-1.8990058364871325e-02
-1.8550734239439991e-02
-1.8127925258868940e-02
-1.7720489903964770e-02
-1.7326968762633600e-02
-1.6947742181082852e-02
-1.6581799306052622e-02
-1.6227937105568416e-02
-1.5886511829363854e-02
-1.5556603636914464e-02
-1.5237255004343997e-02
-1.4928779584987631e-02
-1.4630318359337747e-02
-1.4341147786518757e-02
-1.4061526474657480e-02
-1.3790633321102207e-02
-1.3527967049240931e-02
-1.3273722976009978e-02
-1.3027100457431207e-02
-1.2787808719660893e-02
-1.2810825900800450e-02
-1.3097015994918183e-02
-1.3392507704112251e-02
-1.3698054890544141e-02
-1.4013455244112722e-02
-1.4339521978751334e-02
-1.4676997412008671e-02
-1.5025610910510651e-02
-1.5386495970153532e-02
-1.5760379459080546e-02
-1.6146911327025483e-02
-1.6547610442515407e-02
-1.6963060569463485e-02
-1.7393195037568757e-02
-1.7839621042796936e-02
-1.8302851106560974e-02
-1.8783244924220687e-02
-1.9282435883577212e-02
-1.9800884633896836e-02
-2.0339471977467365e-02
-2.0899865295349988e-02
-2.1482475273490866e-02
-2.2088761010585822e-02
-2.2720418447093403e-02
-2.3377852454755200e-02
-2.4063277776935819e-02
-2.4778448689086900e-02
-2.5523906062446616e-02
-2.6302634741050723e-02
-2.7116213376331248e-02
-2.7966080847296945e-02
-2.8855435650805606e-02
-2.9785945163068848e-02
-3.0760183417410804e-02
-3.1781638696415711e-02
-3.2852127157481079e-02
-3.3975649852964314e-02
-3.5156047081424835e-02
-3.6395520862229698e-02
-3.7699736601249208e-02
-3.9072650650143564e-02
-4.0518328750830786e-02
-4.2043271705811222e-02
-4.3652116485906368e-02
-4.5351365329359870e-02
-4.7148684337059751e-02
-4.9049713368325795e-02
-5.1064179300689197e-02
-5.3200968459969321e-02
-5.5468525330968660e-02
-5.7879599636580951e-02
-6.0445050605341437e-02
-6.3178176052390594e-02
-6.6095055671561306e-02
-6.9209851838300168e-02
-7.2542669940203738e-02
-7.6113955682929474e-02
-7.9944603971597042e-02
-8.4062787974906739e-02
-8.8495692376728427e-02
-9.3276037430917613e-02
-9.8442412755284384e-02
-1.0403326441856500e-01
-1.1009926671701910e-01
-1.1669428381192053e-01
-1.2387873987416224e-01
-1.3172780249214625e-01
-1.4032146434067949e-01
-1.4975769099224220e-01
-1.6015062474559139e-01
-1.7162699615199745e-01
-1.8434750793667593e-01
-1.9849317673885916e-01
-2.1428229299774437e-01
-2.3198130669511538e-01
-2.5189970864897548e-01
-2.7442169221134588e-01
-3.0000627584768075e-01
-3.2924225866836698e-01
-3.6286067979078673e-01
-4.0176369223532504e-01
-4.4711703359008875e-01
-5.0041569859531587e-01
-5.6360027329683049e-01
-6.3926835470809662e-01
-7.3087752778258197e-01
-8.4305031882424142e-01
-9.8256459984713906e-01
-1.1589497298069198e+00
-1.3862636897620153e+00
-1.6852768966027549e+00
-2.0898605197803146e+00
-2.6536880690087159e+00
-3.4700768978865097e+00
-4.7051900928931101e+00
-6.6690513641597304e+00
-9.9155296090936460e+00
-1.4963337044951835e+01
-1.8772635394026782e+01
0.0000000000000000e+00
2.4055929233035767e-01
0.0000000000000000e+00
0.0000000000000000e+00
];
