%Vec Object:sol 1 MPI processes
%  type: mpi
sol = [
0.0000000000000000e+00
-7.7996192596961166e+01
-3.5601657141016751e+01
-1.6924535395836067e+01
-9.4512207790531289e+00
-5.9452151575287244e+00
-4.0611608040112435e+00
-2.9413441207349740e+00
-2.2247959109080147e+00
-1.7396032843473570e+00
-1.3968482067572900e+00
-1.1454431776505851e+00
-9.5595844478600844e-01
-8.0975213957863446e-01
-6.9453296706565870e-01
-6.0213958638947629e-01
-5.2692007584618394e-01
-4.6492073626967012e-01
-4.1316897070070641e-01
-3.6958767461152775e-01
-3.3254944009102877e-01
-3.0075545306424578e-01
-2.7330356951407109e-01
-2.4944536985217217e-01
-2.2855522955582447e-01
-2.1016913487696209e-01
-1.9391726840973370e-01
-1.7947197142294025e-01
-1.6656306184494230e-01
-1.5499718314340608e-01
-1.4459640382861252e-01
-1.3519098930992385e-01
-1.2667673292296125e-01
-1.1894531896813319e-01
-1.1188849628563582e-01
-1.0544168861046656e-01
-9.9539246031342940e-02
-9.4112707207598512e-02
-8.9115728889433116e-02
-8.4508934578827771e-02
-8.0247953950259646e-02
-7.6297452946180441e-02
-7.2633888598026677e-02
-6.9227999235820986e-02
-6.6051571824863362e-02
-6.3090843518812514e-02
-6.0326295732349780e-02
-5.7734634083162047e-02
-5.5308238334508021e-02
-5.3033536368052060e-02
-5.0892267118804901e-02
-4.8879273354660677e-02
-4.6985064927176398e-02
-4.5196263165321583e-02
-4.3508073259291430e-02
-4.1914223093185023e-02
-4.0404789623817057e-02
-3.8975300540136801e-02
-3.7621685655461284e-02
-3.6336499818183515e-02
-3.5115588004055565e-02
-3.3956391892448937e-02
-3.2853261489736302e-02
-3.1802365054763693e-02
-3.0802181443600852e-02
-2.9848372029790633e-02
-2.8937435037646064e-02
-2.8068555840742353e-02
-2.7238359129293586e-02
-2.6443677085109644e-02
-2.5684169208634859e-02
-2.4957170609632751e-02
-2.4259846899373404e-02
-2.3592167253971012e-02
-2.2951991519084773e-02
-2.2336813803850553e-02
-2.1746796343602989e-02
-2.1180186323706360e-02
-2.0634797869988578e-02
-2.0110903294291570e-02
-1.9607034703897283e-02
-1.9121314968361121e-02
-1.8654067651958695e-02
-1.8204033041503025e-02
-1.7769629575403560e-02
-1.7351190496317226e-02
-1.6947606502203325e-02
-1.6557577168283259e-02
-1.6181416372362423e-02
-1.5818121605011642e-02
-1.5466658457528665e-02
-1.5127301487431665e-02
-1.4799121952716578e-02
-1.4481336072675275e-02
-1.4174165794999369e-02
-1.3876731230149989e-02
-1.3588483979584932e-02
-1.3309584747728307e-02
-1.3039183624201251e-02
-1.2776952574417187e-02
-1.2777175065822738e-02
-1.3039306024184162e-02
-1.3309634082185303e-02
-1.3588860162420073e-02
-1.3876721459561739e-02
-1.4173972740774025e-02
-1.4481291099609016e-02
-1.4798338617180884e-02
-1.5126176317322599e-02
-1.5465452232471899e-02
-1.5815741671260933e-02
-1.6178471410216045e-02
-1.6554132717281709e-02
-1.6942571591968662e-02
-1.7345280988362865e-02
-1.7762666065802329e-02
-1.8194978826740035e-02
-1.8643713880390076e-02
-1.9109206487349976e-02
-1.9592196930836223e-02
-2.0094186569740539e-02
-2.0615436773405396e-02
-2.1157275017326223e-02
-2.1721219192567032e-02
-2.2307455629573040e-02
-2.2918020291610549e-02
-2.3554391543055796e-02
-2.4216900054633207e-02
-2.4908224336674639e-02
-2.5629674100876361e-02
-2.6382414029047521e-02
-2.7169273804958365e-02
-2.7991602092510514e-02
-2.8851495753288849e-02
-2.9751966605756231e-02
-3.0694553509052574e-02
-3.1682736639688805e-02
-3.2719812049694735e-02
-3.3807505652345943e-02
-3.4950775134670257e-02
-3.6152932637721444e-02
-3.7417362680154075e-02
-3.8749687708794750e-02
-4.0153743786144905e-02
-4.1635065151833323e-02
-4.3200212222291638e-02
-4.4853810673467338e-02
-4.6604217172138841e-02
-4.8458936146927804e-02
-5.0424997296687833e-02
-5.2513316088268654e-02
-5.4732975249941952e-02
-5.7095205631515246e-02
-5.9613670768721955e-02
-6.2300163213257320e-02
-6.5171769474467692e-02
-6.8245727212066967e-02
-7.1539524448739317e-02
-7.5077064601993676e-02
-7.8881141502753410e-02
-8.2979326947353813e-02
-8.7404211939256654e-02
-9.2187965356701276e-02
-9.7373408163717173e-02
-1.0300582439931728e-01
-1.0913594304900687e-01
-1.1582715470349306e-01
-1.2314657299768320e-01
-1.3117665093139552e-01
-1.4001342475598944e-01
-1.4976321210228949e-01
-1.6056134739258462e-01
-1.7255987340153428e-01
-1.8594227479367076e-01
-2.0093269431047722e-01
-2.1779107220885660e-01
-2.3684643825218474e-01
-2.5849375850890705e-01
-2.8320338353057634e-01
-3.1159910383248179e-01
-3.4444381497843657e-01
-3.8271988074756941e-01
-4.2768752420776407e-01
-4.8098326318722850e-01
-5.4479954854287438e-01
-6.2206456293931522e-01
-7.1681070125372282e-01
-8.3455820118267232e-01
-9.8347927407413160e-01
-1.1755333844561016e+00
-1.4287108946331335e+00
-1.7712269540572341e+00
-2.2499109835204516e+00
-2.9437951069079014e+00
-3.9953746988602949e+00
-5.6675089711301139e+00
-8.4206691272822081e+00
-1.2605255571646929e+01
-1.5583246699614875e+01
0.0000000000000000e+00
1.3464638167935297e-01
0.0000000000000000e+00
0.0000000000000000e+00
];
