%Vec Object:sol 1 MPI processes
%  type: mpi
sol = [
0.0000000000000000e+00
-7.7531752188631216e+01
-3.5541516361871047e+01
-1.6917343115014457e+01
-9.4514394409389091e+00
-5.9464075957232776e+00
-4.0623595081345600e+00
-2.9424993571468043e+00
-2.2258228133328668e+00
-1.7404215864465058e+00
-1.3974824493624760e+00
-1.1460998432541010e+00
-9.5649987233882672e-01
-8.1020884480004829e-01
-6.9492561364666738e-01
-6.0248683794548308e-01
-5.2728997973677716e-01
-4.6525055294905010e-01
-4.1346595824063798e-01
-3.6985739252287320e-01
-3.3279622878101578e-01
-3.0098275941046515e-01
-2.7351415423146180e-01
-2.4964147549543678e-01
-2.2873869994277804e-01
-2.1034149859772683e-01
-1.9407980449032824e-01
-1.7962578014909986e-01
-1.6671181277486821e-01
-1.5514466505337504e-01
-1.4474213298825267e-01
-1.3533437463386425e-01
-1.2681397479747233e-01
-1.1907675690304015e-01
-1.1201461337664165e-01
-1.0556291565918527e-01
-9.9655966518961844e-02
-9.4225259632215022e-02
-8.9224417515202686e-02
-8.4614034698023574e-02
-8.0349711357928955e-02
-7.6396088966828951e-02
-7.2729606936502877e-02
-6.9320983877294587e-02
-6.6141987738569802e-02
-6.3178845358256533e-02
-6.0412024888781606e-02
-5.7818216029676212e-02
-5.5389793096784011e-02
-5.3113174757392558e-02
-5.0970086928391459e-02
-4.8955369164021031e-02
-4.7059524904243803e-02
-4.5269165521228373e-02
-4.3579493342890803e-02
-4.1984232181401113e-02
-4.0473451304629308e-02
-3.9042675613014388e-02
-3.7687832556772848e-02
-3.6401471002118616e-02
-3.5179433092313382e-02
-3.4019159394696623e-02
-3.2914995224687472e-02
-3.1863105940294387e-02
-3.0861970199754875e-02
-2.9907245665020853e-02
-2.8995427619269470e-02
-2.8125701893560357e-02
-2.7294690209416175e-02
-2.6499221808282205e-02
-2.5738957112810761e-02
-2.5011228824282920e-02
-2.4313199668102040e-02
-2.3644840056333858e-02
-2.3004007840668965e-02
-2.2388194354599163e-02
-2.1797563267477050e-02
-2.1230360069637914e-02
-2.0684396277668944e-02
-2.0159945741158453e-02
-1.9655539077163945e-02
-1.9169296763383695e-02
-1.8701543932723799e-02
-1.8251019510374087e-02
-1.7816139808083407e-02
-1.7397239607389463e-02
-1.6993208310136815e-02
-1.6602743671607065e-02
-1.6226161031601707e-02
-1.5862456598632335e-02
-1.5510594488581986e-02
-1.5170850603831372e-02
-1.4842294890889108e-02
-1.4524142470194160e-02
-1.4216616486244185e-02
-1.3918835672406045e-02
-1.3630250936127547e-02
-1.3351024004672814e-02
-1.3080303494892524e-02
-1.2817761108312909e-02
-1.2818503127131741e-02
-1.3082014814454397e-02
-1.3353775563100183e-02
-1.3634489657491120e-02
-1.3923895115298174e-02
-1.4222750367673179e-02
-1.4531736116587948e-02
-1.4850515238090112e-02
-1.5180153645088131e-02
-1.5521303246430898e-02
-1.5873540102307820e-02
-1.6238297411007855e-02
-1.6616070229732594e-02
-1.7006706411701426e-02
-1.7411706083798991e-02
-1.7831478342633104e-02
-1.8266278720079736e-02
-1.8717609631931011e-02
-1.9185810526218774e-02
-1.9671627357820940e-02
-2.0176570035005316e-02
-2.0700904415611822e-02
-2.1245966381764802e-02
-2.1813283260999888e-02
-2.2403046258219737e-02
-2.3017303217808569e-02
-2.3657542759110091e-02
-2.4324101769296162e-02
-2.5019674206287056e-02
-2.5745580495581035e-02
-2.6502995953538399e-02
-2.7294767406929661e-02
-2.8122254901502455e-02
-2.8987671342614204e-02
-2.9894078135614312e-02
-3.0842922630467364e-02
-3.1837709760728167e-02
-3.2881760809964716e-02
-3.3976821539935219e-02
-3.5127884725833891e-02
-3.6338291725600297e-02
-3.7611457792076045e-02
-3.8953047861300431e-02
-4.0366933956185826e-02
-4.1858695846916288e-02
-4.3434949765854193e-02
-4.5100402741197317e-02
-4.6863153368850274e-02
-4.8730686183177156e-02
-5.0710390973692836e-02
-5.2813262144355569e-02
-5.5048454679444532e-02
-5.7427285295637003e-02
-5.9963519290557196e-02
-6.2669044498468926e-02
-6.5561074430337221e-02
-6.8656979022611017e-02
-7.1974384400219610e-02
-7.5537372393284341e-02
-7.9368915159558004e-02
-8.3496795736356502e-02
-8.7953852257423595e-02
-9.2772506539982286e-02
-9.7995902795210671e-02
-1.0366967356808304e-01
-1.0984493990075993e-01
-1.1658557291666941e-01
-1.2395920472398539e-01
-1.3204891641984506e-01
-1.4095147553833498e-01
-1.5077401709361682e-01
-1.6165289862834822e-01
-1.7374132170476012e-01
-1.8722416242607695e-01
-2.0232725422377557e-01
-2.1931250462879665e-01
-2.3851141026588518e-01
-2.6032192341864319e-01
-2.8523393460643298e-01
-3.1386634154244991e-01
-3.4696215937985780e-01
-3.8553047580130911e-01
-4.3084082231300164e-01
-4.8454172287129016e-01
-5.4884157698754721e-01
-6.2668969348227455e-01
-7.2215626971835889e-01
-8.4086747408904838e-01
-9.9090435852856806e-01
-1.1843839025280938e+00
-1.4395650985674620e+00
-1.7845907525931122e+00
-2.2669372634518790e+00
-2.9657778497758485e+00
-4.0250730903289256e+00
-5.7097644210693517e+00
-8.4840105095852856e+00
-1.2705628618677554e+01
-1.5718798519501432e+01
0.0000000000000000e+00
1.3464638167935297e-01
0.0000000000000000e+00
0.0000000000000000e+00
];
