%Vec Object:sol 1 MPI processes
%  type: mpi
sol = [
0.0000000000000000e+00
-4.1320508911927334e+01
-2.4307722686715678e+01
-1.3048079985249258e+01
-7.6518093691912332e+00
-4.9323692620691792e+00
-3.4175612084397442e+00
-2.4979838668306509e+00
-1.9020289418814640e+00
-1.4947081244915086e+00
-1.2049863870904716e+00
-9.9158971874331669e-01
-8.2992084908194896e-01
-7.0474592991141849e-01
-6.0582803485851378e-01
-5.2632360986650895e-01
-4.6152358798968379e-01
-4.0800595206385631e-01
-3.6325440252847357e-01
-3.2550524821599458e-01
-2.9335511953157645e-01
-2.6572307931756689e-01
-2.4183743197641552e-01
-2.2105636897078462e-01
-2.0284203318380220e-01
-1.8679551608633013e-01
-1.7259865674990774e-01
-1.5996881289347034e-01
-1.4867501055851412e-01
-1.3855083618890549e-01
-1.2943882891002045e-01
-1.2119192559045847e-01
-1.1372048140115623e-01
-1.0693076883763247e-01
-1.0072865484912163e-01
-9.5058478611848629e-02
-8.9863364650228553e-02
-8.5083652656819997e-02
-8.0679194375570362e-02
-7.6615906429363542e-02
-7.2855063938923853e-02
-6.9365877892028749e-02
-6.6128037346079416e-02
-6.3115983271293599e-02
-6.0304979555917820e-02
-5.7683242142611314e-02
-5.5233724703547094e-02
-5.2935873752849180e-02
-5.0783272502023143e-02
-4.8764066715315038e-02
-4.6862073284318718e-02
-4.5072982323004329e-02
-4.3388510867948253e-02
-4.1796778293674175e-02
-4.0293708184759316e-02
-3.8873853439669634e-02
-3.7528386231096229e-02
-3.6253448478069196e-02
-3.5045537537426175e-02
-3.3898019712986796e-02
-3.2807266283980716e-02
-3.1771112050299949e-02
-3.0784537085571020e-02
-2.9844016308335733e-02
-2.8948316479263363e-02
-2.8093673687953537e-02
-2.7276985890010891e-02
-2.6497629856343730e-02
-2.5752585462058587e-02
-2.5039009721949019e-02
-2.4356698920830866e-02
-2.3703265699856965e-02
-2.3076149293278767e-02
-2.2475418826296181e-02
-2.1899154120987339e-02
-2.1345077799265325e-02
-2.0813427456380092e-02
-2.0302627185605656e-02
-1.9810680149266933e-02
-1.9337917777484781e-02
-1.8883016485384707e-02
-1.8444253882016256e-02
-1.8022002102647379e-02
-1.7615120743174575e-02
-1.7222153487004756e-02
-1.6843475370480136e-02
-1.6478076907353267e-02
-1.6124757826441648e-02
-1.5783869502046875e-02
-1.5454493748990350e-02
-1.5135675292145672e-02
-1.4827723389981345e-02
-1.4529781009467894e-02
-1.4241126197859484e-02
-1.3962013688423770e-02
-1.3691624737234610e-02
-1.3429458868978188e-02
-1.3175708081468991e-02
-1.2929574498991127e-02
-1.2690767252981601e-02
-1.2712301739395023e-02
-1.2994953765858016e-02
-1.3286775586578620e-02
-1.3588512657480097e-02
-1.3899960481321780e-02
-1.4221923116787513e-02
-1.4555133830245559e-02
-1.4899319866913690e-02
-1.5255602507753924e-02
-1.5624698871988000e-02
-1.6006256893437792e-02
-1.6401779385356065e-02
-1.6811840544916655e-02
-1.7236368948899378e-02
-1.7676953818407819e-02
-1.8134097714241945e-02
-1.8608151397474702e-02
-1.9100728649470568e-02
-1.9612278368604751e-02
-2.0143663945013542e-02
-2.0696532103314257e-02
-2.1271276159480657e-02
-2.1869382082515362e-02
-2.2492543337111280e-02
-2.3141099460132621e-02
-2.3817294261186384e-02
-2.4522815198625477e-02
-2.5258178029349012e-02
-2.6026329980917674e-02
-2.6828824084927493e-02
-2.7667074327492581e-02
-2.8544236788231141e-02
-2.9461949967798651e-02
-3.0422749539310397e-02
-3.1430075271543179e-02
-3.2485710118401026e-02
-3.3593599214231391e-02
-3.4757526935477429e-02
-3.5979654697545431e-02
-3.7265570551676105e-02
-3.8619169099984099e-02
-4.0044451690630874e-02
-4.1547827191359389e-02
-4.3133858101517611e-02
-4.4808950301183426e-02
-4.6580658259955610e-02
-4.8454529593886957e-02
-5.0440151515358689e-02
-5.2546276373302676e-02
-5.4781216398022109e-02
-5.7157537018020628e-02
-5.9685930080451345e-02
-6.2379494096724282e-02
-6.5254072247964631e-02
-6.8323607124006244e-02
-7.1607909393683417e-02
-7.5127118938526097e-02
-7.8901812541056229e-02
-8.2959750625103884e-02
-8.7327707665439500e-02
-9.2037917544512640e-02
-9.7128400877673993e-02
-1.0263702441880634e-01
-1.0861371961309853e-01
-1.1511155263505238e-01
-1.2219005174875605e-01
-1.2992328528145780e-01
-1.3839006483913632e-01
-1.4768692474317011e-01
-1.5792634373619421e-01
-1.6923319950262183e-01
-1.8176429936212432e-01
-1.9569084934638861e-01
-2.1123431539181689e-01
-2.2865674279754727e-01
-2.4826244728747479e-01
-2.7043596442028595e-01
-2.9563917031312076e-01
-3.2444054039625064e-01
-3.5756082776595166e-01
-3.9588958690697507e-01
-4.4057642628866894e-01
-4.9309585551964102e-01
-5.5536215623607288e-01
-6.2987574592979012e-01
-7.2004483784741358e-01
-8.3060372047903241e-01
-9.6813339941399845e-01
-1.1420422348444148e+00
-1.3658822565495734e+00
-1.6607861514668611e+00
-2.0596452604111586e+00
-2.6158194544754507e+00
-3.4210365387728627e+00
-4.6398090075199727e+00
-6.5775190647125035e+00
-9.7813990876797821e+00
-1.4754598837055180e+01
-1.8491739062059814e+01
0.0000000000000000e+00
2.4055929233035767e-01
0.0000000000000000e+00
0.0000000000000000e+00
];
