%Vec Object:sol 1 MPI processes
%  type: mpi
sol = [
0.0000000000000000e+00
-4.1459852196408086e+01
-2.4353400221601827e+01
-1.3061582987691461e+01
-7.6570252581084377e+00
-4.9346806307991367e+00
-3.4188719880854692e+00
-2.4988368451761258e+00
-1.9025346215594441e+00
-1.4950850385327048e+00
-1.2052748004723739e+00
-9.9178021814988526e-01
-8.3005281945915366e-01
-7.0484971247600980e-01
-6.0590989673062468e-01
-5.2638814211272722e-01
-4.6157424986404288e-01
-4.0804537219551457e-01
-3.6328460011051839e-01
-3.2550988022649568e-01
-2.9335527459019284e-01
-2.6571949592128141e-01
-2.4183072375181283e-01
-2.2104703958892788e-01
-2.0283049184285989e-01
-1.8678210533692849e-01
-1.7258366584032289e-01
-1.5995248249571897e-01
-1.4865754248947075e-01
-1.3853240472406095e-01
-1.2941958184961852e-01
-1.2117198696126731e-01
-1.1369996004029814e-01
-1.0690975812499451e-01
-1.0070723410503511e-01
-9.5036717441846774e-02
-8.9841323352166769e-02
-8.5061383258171724e-02
-8.0656742365601233e-02
-7.6593311396747035e-02
-7.2832360423269807e-02
-6.9343096235476076e-02
-6.6105203796853626e-02
-6.3093120845889056e-02
-6.0282108848557281e-02
-5.7660380604584005e-02
-5.5210887566559681e-02
-5.2913075226714797e-02
-5.0760524125348531e-02
-4.8741378448076383e-02
-4.6839454910215968e-02
-4.5050441433912354e-02
-4.3366053856757139e-02
-4.1774411654844870e-02
-4.0271437129657708e-02
-3.8851681544721343e-02
-3.7506327769274310e-02
-3.6231294102764051e-02
-3.5023164200286436e-02
-3.3875461868494945e-02
-3.2784554829233412e-02
-3.1748273897078953e-02
-3.0761575928083408e-02
-2.9821077437469493e-02
-2.8925528277696601e-02
-2.8071051273575915e-02
-2.7254527722468540e-02
-2.6475333408451731e-02
-2.5730448645993619e-02
-2.5017030962682599e-02
-2.4334875621615997e-02
-2.3681595646162505e-02
-2.3054630917449484e-02
-2.2454049524019099e-02
-2.1877931629740981e-02
-2.1324000581248580e-02
-2.0792492941139259e-02
-2.0281833121054131e-02
-1.9790025035973262e-02
-1.9317399106059344e-02
-1.8862632058163138e-02
-1.8424002238825416e-02
-1.8001880812353162e-02
-1.7595127695336121e-02
-1.7202287255665357e-02
-1.6823733613026404e-02
-1.6458457625395603e-02
-1.6105259620810913e-02
-1.5764490124042300e-02
-1.5435231330547429e-02
-1.5116528450953990e-02
-1.4808689973302843e-02
-1.4510859293394560e-02
-1.4222314806979316e-02
-1.3943310565663570e-02
-1.3673028313026227e-02
-1.3410967764547581e-02
-1.3157320333537869e-02
-1.2911288699489562e-02
-1.2672582009070997e-02
-1.2693848150687340e-02
-1.2975847168385389e-02
-1.3266991903957028e-02
-1.3568026280138581e-02
-1.3878745431918634e-02
-1.4199951750417219e-02
-1.4532376858269531e-02
-1.4875747653638574e-02
-1.5231183190142916e-02
-1.5599398825139384e-02
-1.5980042175533889e-02
-1.6374613125912471e-02
-1.6783684160296221e-02
-1.7207183042096761e-02
-1.7646695724844227e-02
-1.8102723000328121e-02
-1.8575614056110735e-02
-1.9066979125448739e-02
-1.9577265239045950e-02
-2.0107333240190189e-02
-2.0658825979705055e-02
-2.1232134788940499e-02
-2.1828741846443563e-02
-2.2450336357597876e-02
-2.3097255725474483e-02
-2.3771738390049937e-02
-2.4475467205787194e-02
-2.5208955214969068e-02
-2.5975142653083490e-02
-2.6775577778267622e-02
-2.7611669936080916e-02
-2.8486567316979891e-02
-2.9401903037923765e-02
-3.0360205628845061e-02
-3.1364905830296455e-02
-3.2417780401798282e-02
-3.3522764070311552e-02
-3.4683630799321616e-02
-3.5902534427205791e-02
-3.7185048609983860e-02
-3.8535056442171089e-02
-3.9956547269136118e-02
-4.1455912841512885e-02
-4.3037701773743643e-02
-4.4708301994257751e-02
-4.6475247178394123e-02
-4.8344067737040725e-02
-5.0324324867780532e-02
-5.2424745948472219e-02
-5.4653618547100352e-02
-5.7023473755700577e-02
-5.9544972209516996e-02
-6.2231175265233418e-02
-6.5097882019851935e-02
-6.8158994065219650e-02
-7.1434267131016971e-02
-7.4943784069884917e-02
-7.8708062317877303e-02
-8.2754785340193676e-02
-8.7110651082886167e-02
-9.1807802701593111e-02
-9.6884154672823644e-02
-1.0237746563600904e-01
-1.0833752844937666e-01
-1.1481726036583095e-01
-1.2187602242633726e-01
-1.2958767780213479e-01
-1.3803081759414765e-01
-1.4730170892219877e-01
-1.5751251989585319e-01
-1.6878514059052149e-01
-1.8127383323678584e-01
-1.9516079397765929e-01
-2.1066011077546817e-01
-2.2803310834582777e-01
-2.4758326732364044e-01
-2.6969407700874087e-01
-2.9482616271907719e-01
-3.2354647053642366e-01
-3.5657382997754333e-01
-3.9479543869284434e-01
-4.3935788701757167e-01
-4.9173185007667702e-01
-5.5382669497402770e-01
-6.2810477325053726e-01
-7.1802552632879213e-01
-8.2828282120283847e-01
-9.6544148503026661e-01
-1.1388871931330773e+00
-1.3620784417410712e+00
-1.6562129327534003e+00
-2.0539672449582453e+00
-2.6087410962231470e+00
-3.4118637932650908e+00
-4.6275681544399241e+00
-6.5603630275872913e+00
-9.7562166092672573e+00
-1.4715339141145014e+01
-1.8438870249938965e+01
0.0000000000000000e+00
2.4055929233035767e-01
0.0000000000000000e+00
0.0000000000000000e+00
];
