%Vec Object:sol 1 MPI processes
%  type: mpi
sol = [
0.0000000000000000e+00
-4.2791761929681634e+01
-2.4778639885750909e+01
-1.3180909532331846e+01
-7.7030416448800496e+00
-4.9569305695507522e+00
-3.4310195555710781e+00
-2.5069047004581053e+00
-1.9075047218596717e+00
-1.4987936365615810e+00
-1.2077944452062706e+00
-9.9348438600683375e-01
-8.3138761004823647e-01
-7.0590363334383355e-01
-6.0674597145732712e-01
-5.2697456756930661e-01
-4.6197331724022972e-01
-4.0830179991633903e-01
-3.6343081703679569e-01
-3.2559055413030458e-01
-2.9339007745968027e-01
-2.6571594831334405e-01
-2.4179506546503393e-01
-2.2098438986384536e-01
-2.0274501051988073e-01
-1.8667727338492651e-01
-1.7246242200380910e-01
-1.5981727331893855e-01
-1.4851040639777635e-01
-1.3837425851266100e-01
-1.2924838863879315e-01
-1.2098984597328441e-01
-1.1350866201815905e-01
-1.0671081319268588e-01
-1.0050191112299268e-01
-9.4826105903233440e-02
-8.9626352688265243e-02
-8.4842846064802399e-02
-8.0435320860791304e-02
-7.6369591471937961e-02
-7.2606847155725490e-02
-6.9116227365917451e-02
-6.5877354451644360e-02
-6.2864616233596571e-02
-6.0053235414908486e-02
-5.7431380297932356e-02
-5.4981969612006777e-02
-5.2684430236272256e-02
-5.0532307857681653e-02
-4.8513724458225549e-02
-4.6612490048232660e-02
-4.4824265512630274e-02
-4.3140750877333760e-02
-4.1550063893193129e-02
-4.0048108058579009e-02
-3.8629422193539577e-02
-3.7285179553214878e-02
-3.6011509325512427e-02
-3.4804896166699455e-02
-3.3658708703670367e-02
-3.2569311418785440e-02
-3.1534526832095650e-02
-3.0549316725047529e-02
-2.9610297671507513e-02
-2.8716210688156649e-02
-2.7863182915193272e-02
-2.7048098237376458e-02
-2.6270323184876303e-02
-2.5526841826278068e-02
-2.4814816152133524e-02
-2.4134031892459617e-02
-2.3482105366779280e-02
-2.2856482202584055e-02
-2.2257220844405286e-02
-2.1682404429913957e-02
-2.1129762811535183e-02
-2.0599522961353995e-02
-2.0090112086207083e-02
-1.9599540900750206e-02
-1.9128130453534634e-02
-1.8674560233866423e-02
-1.8237115278803905e-02
-1.7816157746396270e-02
-1.7410550420260816e-02
-1.7018843895648918e-02
-1.6641403789952474e-02
-1.6277224062813449e-02
-1.5925110503824221e-02
-1.5585405756424253e-02
-1.5257195468154827e-02
-1.4939529280799425e-02
-1.4632708531894117e-02
-1.4335880526478701e-02
-1.4048326837049518e-02
-1.3770295184940577e-02
-1.3500971775432902e-02
-1.3239858053716356e-02
-1.2987140000788875e-02
-1.2742025393135967e-02
-1.2504223491222126e-02
-1.2522979260394017e-02
-1.2798905173365955e-02
-1.3083752296992546e-02
-1.3378250277450454e-02
-1.3682190750118077e-02
-1.3996360576981759e-02
-1.4321476061388103e-02
-1.4657260781831237e-02
-1.5004813058962665e-02
-1.5364831815304259e-02
-1.5736961613948382e-02
-1.6122675083717366e-02
-1.6522528702169640e-02
-1.6936442562167160e-02
-1.7365972188781449e-02
-1.7811601825070428e-02
-1.8273665918509902e-02
-1.8753741637032289e-02
-1.9252258520228965e-02
-1.9770053613587316e-02
-2.0308733640822172e-02
-2.0868671326550892e-02
-2.1451313471468614e-02
-2.2058309530076776e-02
-2.2689976878303739e-02
-2.3348503865972516e-02
-2.4035530344181193e-02
-2.4751543892698947e-02
-2.5499419518970386e-02
-2.6280660847645573e-02
-2.7096633801603109e-02
-2.7950412935004502e-02
-2.8843580984414419e-02
-2.9778599720852322e-02
-3.0758815553964491e-02
-3.1785947246045644e-02
-3.2863832370738894e-02
-3.3996147870032772e-02
-3.5184975530841059e-02
-3.6435746747487410e-02
-3.7752257877930177e-02
-3.9138374719895522e-02
-4.0600325873487358e-02
-4.2142542446937700e-02
-4.3771229054130480e-02
-4.5493728601668629e-02
-4.7315404483940816e-02
-4.9245574445048110e-02
-5.1292723653454143e-02
-5.3464932958522102e-02
-5.5774051118051386e-02
-5.8230244296329794e-02
-6.0846657234190075e-02
-6.3638659816685525e-02
-6.6619750628995028e-02
-6.9809149021682310e-02
-7.3226378239244258e-02
-7.6891370384727972e-02
-8.0831053568199251e-02
-8.5071368673247647e-02
-8.9643561802419419e-02
-9.4584497407971230e-02
-9.9930856146970906e-02
-1.0573105450020664e-01
-1.1203652214353418e-01
-1.1890494352129963e-01
-1.2640812659888354e-01
-1.3462243777482069e-01
-1.4364144721908642e-01
-1.5357417708847360e-01
-1.6454163085256837e-01
-1.7669733861972012e-01
-1.9021418619801997e-01
-2.0530069241003704e-01
-2.2221142447066636e-01
-2.4124202836176417e-01
-2.6276617620468551e-01
-2.8723275216207994e-01
-3.1519433501521071e-01
-3.4734962477185694e-01
-3.8452973132774071e-01
-4.2787607682692280e-01
-4.7881878055628846e-01
-5.3921451987240210e-01
-6.1154912476980772e-01
-6.9914162457523810e-01
-8.0656991605546302e-01
-9.4009046134946683e-01
-1.1088665535568221e+00
-1.3264635660144570e+00
-1.6131717113926825e+00
-2.0007501343444183e+00
-2.5418510936740932e+00
-3.3257353790770678e+00
-4.5121582843037888e+00
-6.3988242391130044e+00
-9.5184684227472065e+00
-1.4343798795322037e+01
-1.7938116342797294e+01
0.0000000000000000e+00
2.4055929233035767e-01
0.0000000000000000e+00
0.0000000000000000e+00
];
