%Vec Object:sol 1 MPI processes
%  type: mpi
sol = [
0.0000000000000000e+00
-4.2295914424594514e+01
-2.4624922753653159e+01
-1.3136743799391105e+01
-7.6862795518504203e+00
-4.9486513889258736e+00
-3.4264926388992496e+00
-2.5040429359073100e+00
-1.9056483510543871e+00
-1.4974098906615942e+00
-1.2069685162106782e+00
-9.9284598707092719e-01
-8.3088817684033012e-01
-7.0550974937595001e-01
-6.0643358719326124e-01
-5.2680402452706121e-01
-4.6186489963821181e-01
-4.0822447708046750e-01
-3.6337891459960359e-01
-3.2555953060320281e-01
-2.9337632202078251e-01
-2.6571661458496199e-01
-2.4180779522192405e-01
-2.2100725032975471e-01
-2.0277643212522908e-01
-1.8671594401743241e-01
-1.7250723505617679e-01
-1.5986730788668913e-01
-1.4856490430849004e-01
-1.3843340949823610e-01
-1.2931516906434937e-01
-1.2106294556070696e-01
-1.1358698355268575e-01
-1.0679344251355000e-01
-1.0058808691687714e-01
-9.4915193622475649e-02
-8.9716085861011513e-02
-8.4932634061115078e-02
-8.0525063377983291e-02
-7.6459203271231360e-02
-7.2696254881835093e-02
-6.9205367623814656e-02
-6.5966174671149874e-02
-6.2953071286831641e-02
-6.0141285035459041e-02
-5.7518993015365137e-02
-5.5069119093886010e-02
-5.2771090861366672e-02
-5.0618461976987092e-02
-4.8599358092893667e-02
-4.6697587631563890e-02
-4.4908818182783868e-02
-4.3224752594548797e-02
-4.1633506555006056e-02
-4.0130988140644371e-02
-3.8711738925319900e-02
-3.7366930022013425e-02
-3.6092693362801312e-02
-3.4885516485942930e-02
-3.3738766001604609e-02
-3.2648807604691479e-02
-3.1613466895077491e-02
-3.0627703843995973e-02
-2.9688135012373339e-02
-2.8793504690910181e-02
-2.7939938430986737e-02
-2.7124319165823578e-02
-2.6346016850145332e-02
-2.5602014168447526e-02
-2.4889471464299658e-02
-2.4208177992545786e-02
-2.3555748856132333e-02
-2.2929627559990354e-02
-2.2329876112404251e-02
-2.1754576552508623e-02
-2.1201456328851450e-02
-2.0670745956048519e-02
-2.0160871607676129e-02
-1.9669841485649302e-02
-1.9197980099120670e-02
-1.8743965915855240e-02
-1.8306081500399130e-02
-1.7884692335657489e-02
-1.7478660144970747e-02
-1.7086533222113110e-02
-1.6708680322703281e-02
-1.6344094259375969e-02
-1.5991578803209203e-02
-1.5651479506141198e-02
-1.5322880739377619e-02
-1.5004830506761395e-02
-1.4697632784255088e-02
-1.4400433431868854e-02
-1.4112512847453297e-02
-1.3834121087764998e-02
-1.3564442709267975e-02
-1.3302978516830365e-02
-1.3049916495298065e-02
-1.2804462537944263e-02
-1.2566325861581963e-02
-1.2586006654040350e-02
-1.2864171766499370e-02
-1.3151340893124842e-02
-1.3448248946174140e-02
-1.3754688848824000e-02
-1.4071453190759670e-02
-1.4399263925351664e-02
-1.4737845851561467e-02
-1.5088304937414962e-02
-1.5451346166134880e-02
-1.5826615222015179e-02
-1.6215594787453668e-02
-1.6618847241169691e-02
-1.7036295499839683e-02
-1.7469506311395867e-02
-1.7918970018482295e-02
-1.8385026499851929e-02
-1.8869265117406237e-02
-1.9372121856068212e-02
-1.9894442533106172e-02
-2.0437847193820004e-02
-2.1002715417067837e-02
-2.1590507046298280e-02
-2.2202886191843563e-02
-2.2840177604887057e-02
-2.3504588104011570e-02
-2.4197773393067265e-02
-2.4920230427659368e-02
-2.5674858268163122e-02
-2.6463176986381148e-02
-2.7286568508936380e-02
-2.8148134536373434e-02
-2.9049476371380077e-02
-2.9993080391843573e-02
-3.0982324100514699e-02
-3.2018947626623259e-02
-3.3106824318230019e-02
-3.4249666694599598e-02
-3.5449583773186313e-02
-3.6712064325090950e-02
-3.8040923476126032e-02
-3.9440079662285486e-02
-4.0915823639632705e-02
-4.2472621968506021e-02
-4.4116756584105903e-02
-4.5855638403611912e-02
-4.7694696115118090e-02
-4.9643337347240704e-02
-5.1710141963064442e-02
-5.3903251754429463e-02
-5.6234995058947905e-02
-5.8715848025232546e-02
-6.1358652462501176e-02
-6.4178947020893148e-02
-6.7190390862116173e-02
-7.0412415093137379e-02
-7.3864765449890873e-02
-7.7567608416373460e-02
-8.1548172582892473e-02
-8.5832704658661163e-02
-9.0452214352213317e-02
-9.5442699935561731e-02
-1.0084274179943076e-01
-1.0670124414638145e-01
-1.1307015749700768e-01
-1.2000775104710594e-01
-1.2758655036918104e-01
-1.3588369278477794e-01
-1.4499368281839797e-01
-1.5502662869118958e-01
-1.6610474347774559e-01
-1.7838307296694131e-01
-1.9203621326201323e-01
-2.0727473410052494e-01
-2.2435569141056189e-01
-2.4357761669767020e-01
-2.6531779810245176e-01
-2.9002944474368808e-01
-3.1827043213341610e-01
-3.5074817830434907e-01
-3.8833589271118613e-01
-4.3214793238226085e-01
-4.8359972965602505e-01
-5.4459548084175524e-01
-6.1764380418335585e-01
-7.0609376141415736e-01
-8.1456408590479412e-01
-9.4952299652218852e-01
-1.1199200514757932e+00
-1.3395755455515455e+00
-1.6291423054429885e+00
-2.0203445952196852e+00
-2.5666612323884133e+00
-3.3574641230942670e+00
-4.5548972294153991e+00
-6.4583865394371935e+00
-9.6062525461558188e+00
-1.4481083035658889e+01
-1.8123166507098507e+01
0.0000000000000000e+00
2.4055929233035767e-01
0.0000000000000000e+00
0.0000000000000000e+00
];
