%Vec Object:sol 1 MPI processes
%  type: mpi
sol = [
0.0000000000000000e+00
-7.9270176238587055e+01
-3.5767681607389179e+01
-1.6945127590694582e+01
-9.4493914118656370e+00
-5.9424381799524895e+00
-4.0579868385790387e+00
-2.9384353662516332e+00
-2.2219778916103357e+00
-1.7375178248499878e+00
-1.3948702559964832e+00
-1.1437528151670520e+00
-9.5456516529174806e-01
-8.0856378884481928e-01
-6.9338697905151181e-01
-6.0105153223962948e-01
-5.2596053664640341e-01
-4.6406480783356596e-01
-4.1239784091749260e-01
-3.6888695407969935e-01
-3.3190790299919359e-01
-3.0016421550115441e-01
-2.7274122892237512e-01
-2.4890629319622704e-01
-2.2803829482733418e-01
-2.0967315868499434e-01
-1.9344105862069769e-01
-1.7901438190093580e-01
-1.6612572611794160e-01
-1.5458203715588603e-01
-1.4420128086485190e-01
-1.3481401967360931e-01
-1.2631627807180376e-01
-1.1859994273151041e-01
-1.1155694481934367e-01
-1.0512284475200175e-01
-9.9232115459543510e-02
-9.3816411572497371e-02
-8.8829478907913040e-02
-8.4232016381397906e-02
-7.9979729807469785e-02
-7.6037348506574967e-02
-7.2381375520671143e-02
-6.8982600150876316e-02
-6.5812858450413583e-02
-6.2858414616526068e-02
-6.0099784387756851e-02
-5.7513714418115092e-02
-5.5092598831459519e-02
-5.2822889369143575e-02
-5.0686358564505193e-02
-4.8677857647250231e-02
-4.6787913080384845e-02
-4.5003171943536202e-02
-4.3318846891325015e-02
-4.1728676362513643e-02
-4.0222757238201762e-02
-3.8796624441575805e-02
-3.7446213866867535e-02
-3.6164097747594222e-02
-3.4946132862005944e-02
-3.3789723109992439e-02
-3.2689076119938154e-02
-3.1640530708644622e-02
-3.0642614769206721e-02
-2.9690997254332430e-02
-2.8782182196305527e-02
-2.7915351975583237e-02
-2.7087137513200781e-02
-2.6294377335932845e-02
-2.5536727149354104e-02
-2.4811527245297619e-02
-2.4115949831191839e-02
-2.3449959758332646e-02
-2.2811421267383562e-02
-2.2197835063305388e-02
-2.1609358746996595e-02
-2.1044243333056899e-02
-2.0500309316635976e-02
-1.9977824257754750e-02
-1.9475323718230027e-02
-1.8990936517021613e-02
-1.8524981503046017e-02
-1.8076202203872346e-02
-1.7643022416208839e-02
-1.7225770837768196e-02
-1.6823341332255513e-02
-1.6434438097601266e-02
-1.6059370743451859e-02
-1.5697139967300842e-02
-1.5346715120207723e-02
-1.5008366862568279e-02
-1.4681169801671768e-02
-1.4364342947499872e-02
-1.4058104794614324e-02
-1.3761579030802589e-02
-1.3474218987082892e-02
-1.3196182421536052e-02
-1.2926623301658691e-02
-1.2665214180615685e-02
-1.2663984459234655e-02
-1.2922303307526150e-02
-1.3188674599073493e-02
-1.3463789888980881e-02
-1.3747383940840010e-02
-1.4040201301899140e-02
-1.4342908980698349e-02
-1.4655166667819209e-02
-1.4978021762279151e-02
-1.5312111425573711e-02
-1.5657008649963170e-02
-1.6014122322104501e-02
-1.6383933016509269e-02
-1.6766281333734045e-02
-1.7162640197954021e-02
-1.7573403594434153e-02
-1.7998813447237794e-02
-1.8440342496128317e-02
-1.8898314047583787e-02
-1.9373452313407615e-02
-1.9867234618548554e-02
-2.0379909433287626e-02
-2.0912780497254504e-02
-2.1467339069142822e-02
-2.2043757370329414e-02
-2.2644037872309949e-02
-2.3269629854142285e-02
-2.3920846005153842e-02
-2.4600321169949538e-02
-2.5309334432649370e-02
-2.6049020607116946e-02
-2.6822159339444977e-02
-2.7630063553198043e-02
-2.8474884395125716e-02
-2.9359605782658144e-02
-3.0285620254494480e-02
-3.1256343150805319e-02
-3.2275005580423899e-02
-3.3343285753022985e-02
-3.4466052564702740e-02
-3.5646546375304289e-02
-3.6888076656620812e-02
-3.8196159789056897e-02
-3.9574544766228605e-02
-4.1028653933503578e-02
-4.2564918237457255e-02
-4.4187854924121694e-02
-4.5905658660881803e-02
-4.7725677443300508e-02
-4.9654785660685687e-02
-5.1703684307231448e-02
-5.3881259476809260e-02
-5.6198508458557103e-02
-5.8668818078044804e-02
-6.1303721419902542e-02
-6.4119959579847063e-02
-6.7134410210721918e-02
-7.0364185231866924e-02
-7.3832702594637645e-02
-7.7562270401540748e-02
-8.1579885196437316e-02
-8.5917465018263625e-02
-9.0606489343517879e-02
-9.5688898667363964e-02
-1.0120902718163101e-01
-1.0721653499845400e-01
-1.1377350290161604e-01
-1.2094563032906679e-01
-1.2881365721515353e-01
-1.3747162478956285e-01
-1.4702363876346847e-01
-1.5759849892254338e-01
-1.6934519286640476e-01
-1.8244534947025173e-01
-1.9711809353200838e-01
-2.1361747984590948e-01
-2.3226513881636354e-01
-2.5344711719816182e-01
-2.7763862972401027e-01
-3.0544271834015169e-01
-3.3760338546984775e-01
-3.7508301987209347e-01
-4.1911635782713891e-01
-4.7130702561906690e-01
-5.3379223863742287e-01
-6.0937748836651717e-01
-7.0206154095809714e-01
-8.1737893231725034e-01
-9.6324870813374364e-01
-1.1513109934799746e+00
-1.3990954880535369e+00
-1.7347416115171832e+00
-2.2033915357490566e+00
-2.8832956516429973e+00
-3.9136080927417112e+00
-5.5516118720559415e+00
-8.2465515788044517e+00
-1.2328713677841508e+01
-1.5209738960447462e+01
0.0000000000000000e+00
1.3464638167935297e-01
0.0000000000000000e+00
0.0000000000000000e+00
];
