%Vec Object:sol 1 MPI processes
%  type: mpi
sol = [
0.0000000000000000e+00
-4.2609226345708365e+01
-2.4722362830768979e+01
-1.3164744177835411e+01
-7.6969252526579561e+00
-4.9539208521858615e+00
-3.4293822070072353e+00
-2.5059746488107839e+00
-1.9068401404182489e+00
-1.4983010207697605e+00
-1.2075050146152262e+00
-9.9326264302256151e-01
-8.3121586105334377e-01
-7.0576972992209097e-01
-6.0664090799550419e-01
-5.2692964281123056e-01
-4.6194190044499434e-01
-4.0828124178611647e-01
-3.6341908935151301e-01
-3.2558603867532288e-01
-2.9339149151568011e-01
-2.6572228341382453e-01
-2.4180548887242612e-01
-2.2099822126876506e-01
-2.0276169901505869e-01
-1.8669635996148254e-01
-1.7248352094415079e-01
-1.5984006442326154e-01
-1.4853463588670024e-01
-1.3840055247227903e-01
-1.2928009979551733e-01
-1.2102549776990196e-01
-1.1354448284413254e-01
-1.0674673192082242e-01
-1.0053786833653039e-01
-9.4862050879832030e-02
-8.9662242771315084e-02
-8.4878645111378270e-02
-8.0470998340026786e-02
-7.6405122051291435e-02
-7.2642209267056057e-02
-6.9151402655516420e-02
-6.5912328377385893e-02
-6.2899376574938951e-02
-6.0087771282447133e-02
-5.7465683983006118e-02
-5.5016035015187856e-02
-5.2718251067196048e-02
-5.0565880780101505e-02
-4.8547047285271303e-02
-4.6645559617534291e-02
-4.4857081151129040e-02
-4.3173312808795501e-02
-4.1582371284390969e-02
-4.0080161739801737e-02
-3.8661223924037945e-02
-3.7316730075734321e-02
-3.6042810342524170e-02
-3.4835950397290018e-02
-3.3689517948658501e-02
-3.2599877857051623e-02
-3.1564853759983816e-02
-3.0579406635842694e-02
-2.9640152975409007e-02
-2.8745835003419901e-02
-2.7892579167944000e-02
-2.7077268920910925e-02
-2.6299272068604856e-02
-2.5555572084840387e-02
-2.4843330271399747e-02
-2.4162333679147538e-02
-2.3510198110945402e-02
-2.2884368333538532e-02
-2.2284904130984513e-02
-2.1709888179934685e-02
-2.1157049373737337e-02
-2.0626616018018098e-02
-2.0117014891530362e-02
-1.9626255716524436e-02
-1.9154660844914212e-02
-1.8700909348641610e-02
-1.8263285294885172e-02
-1.7842152093704801e-02
-1.7436372101670070e-02
-1.7044495015352261e-02
-1.6666887633235341e-02
-1.6302543458969865e-02
-1.5950267496269484e-02
-1.5610403482188995e-02
-1.5282036562598912e-02
-1.4964215742153250e-02
-1.4657243349307314e-02
-1.4360266126372211e-02
-1.4072565187897422e-02
-1.3794389131028380e-02
-1.3524923523733587e-02
-1.3263669558344307e-02
-1.3010813965974611e-02
-1.2765563799411210e-02
-1.2527628294102566e-02
-1.2546725331304751e-02
-1.2823487423365108e-02
-1.3109201541298554e-02
-1.3404599296417576e-02
-1.3709472783463935e-02
-1.4024611001061556e-02
-1.4350732357054427e-02
-1.4687560860018097e-02
-1.5036197685828685e-02
-1.5397344010181915e-02
-1.5770644784364098e-02
-1.6157576392387202e-02
-1.6558697497736617e-02
-1.6973929217884865e-02
-1.7404831264328634e-02
-1.7851890133086620e-02
-1.8315442271067205e-02
-1.8797069387470618e-02
-1.9297203396188865e-02
-1.9816684589496054e-02
-2.0357124644342962e-02
-2.0918898803044938e-02
-2.1503458706398686e-02
-2.2112459249400827e-02
-2.2746220509431432e-02
-2.3406937698671061e-02
-2.4096256542059623e-02
-2.4814668056059148e-02
-2.5565056188120328e-02
-2.6348930638426797e-02
-2.7167663238065531e-02
-2.8024338613182695e-02
-2.8920546351078200e-02
-2.9858757328475372e-02
-3.0842329481492417e-02
-3.1872989442258616e-02
-3.2954588003727296e-02
-3.4090815114935967e-02
-3.5283763179579757e-02
-3.6538889086861516e-02
-3.7859984710350333e-02
-3.9250941408652873e-02
-4.0718012540062257e-02
-4.2265635529042618e-02
-4.3900052042619583e-02
-4.5628628206368912e-02
-4.7456754758053207e-02
-4.9393782871605570e-02
-5.1448237032390258e-02
-5.3628208925514884e-02
-5.5945957770699176e-02
-5.8411881096978126e-02
-6.1038713624270137e-02
-6.3841983448292366e-02
-6.6835002986876321e-02
-7.0036128604388445e-02
-7.3465943175091586e-02
-7.7144455181740526e-02
-8.1098692014297133e-02
-8.5354693054810804e-02
-8.9943821259841142e-02
-9.4903077824024365e-02
-1.0026928241661479e-01
-1.0609103001945330e-01
-1.1241994188329338e-01
-1.1931391745988154e-01
-1.2684502868781630e-01
-1.3508992530568359e-01
-1.4414252097772853e-01
-1.5411223704453056e-01
-1.6512052128159294e-01
-1.7732146075770552e-01
-1.9088856936307505e-01
-2.0603111901779481e-01
-2.2300459072483891e-01
-2.4210568939059601e-01
-2.6370941425315481e-01
-2.8826623612612134e-01
-3.1633068024036992e-01
-3.4860594940856249e-01
-3.8594545585420909e-01
-4.2945188961994180e-01
-4.8058172021857631e-01
-5.4119793319416831e-01
-6.1379470647952594e-01
-7.0170206861148099e-01
-8.0951286215328067e-01
-9.4356065425820634e-01
-1.1129312198394259e+00
-1.3312829885848487e+00
-1.6190578375256022e+00
-2.0079440149671983e+00
-2.5509543652070836e+00
-3.3373718937240109e+00
-4.5278949733391922e+00
-6.4206401619773139e+00
-9.5506351861920464e+00
-1.4394024811326911e+01
-1.8005759505062716e+01
0.0000000000000000e+00
2.4055929233035767e-01
0.0000000000000000e+00
0.0000000000000000e+00
];
