%Vec Object:sol 1 MPI processes
%  type: mpi
sol = [
0.0000000000000000e+00
-8.5854286558267319e+01
-3.6457004049981826e+01
-1.6901577786147811e+01
-9.3350507969039089e+00
-5.8310545973707999e+00
-3.9601245358637192e+00
-2.8531900008057693e+00
-2.1473809447835865e+00
-1.6709168532024912e+00
-1.3352910213755662e+00
-1.0898804818277434e+00
-9.0536762208147414e-01
-7.6336890103775723e-01
-6.5175521005945380e-01
-5.6248739108090418e-01
-4.9002485131834245e-01
-4.3042774646272730e-01
-3.8080633372288786e-01
-3.3912246705436250e-01
-3.0378379380684373e-01
-2.7352427982525845e-01
-2.4746104768840085e-01
-2.2486441513005695e-01
-2.0512719367120183e-01
-1.8779786473190899e-01
-1.7251645049018136e-01
-1.5896613206284976e-01
-1.4688874632648491e-01
-1.3609618241325666e-01
-1.2641283667841477e-01
-1.1767413704596531e-01
-1.0978084429254180e-01
-1.0262950882030868e-01
-9.6117569796237950e-02
-9.0181997462979432e-02
-8.4759690889599129e-02
-7.9786050157470548e-02
-7.5216460051383702e-02
-7.1012867984618172e-02
-6.7133518798877342e-02
-6.3544970436876611e-02
-6.0224192174977279e-02
-5.7143671942584816e-02
-5.4277204902463870e-02
-5.1611000473373615e-02
-4.9126676559673142e-02
-4.6803019564128238e-02
-4.4632019970660824e-02
-4.2600890593585197e-02
-4.0693221935392571e-02
-3.8903488885669184e-02
-3.7222725676137026e-02
-3.5638978056505712e-02
-3.4147352583463610e-02
-3.2741832006522462e-02
-3.1413593877748884e-02
-3.0158264590187424e-02
-2.8971835206178694e-02
-2.7847714780893779e-02
-2.6781987162771175e-02
-2.5772018024697398e-02
-2.4812824492226184e-02
-2.3900907807594528e-02
-2.3034575988638593e-02
-2.2210015976478870e-02
-2.1424116519925651e-02
-2.0675829473943180e-02
-1.9962198414236292e-02
-1.9280475684374822e-02
-1.8630048409253145e-02
-1.8008591115886690e-02
-1.7413697136349521e-02
-1.6845042655104760e-02
-1.6300768906241159e-02
-1.5778787901654000e-02
-1.5278962153226978e-02
-1.4799779148374289e-02
-1.4339447413007028e-02
-1.3897943485747632e-02
-1.3474012171728011e-02
-1.3066136553114985e-02
-1.2674356501372904e-02
-1.2297608147107845e-02
-1.1934627614950821e-02
-1.1585482775485082e-02
-1.1249251931800860e-02
-1.0924903384925482e-02
-1.0612508683032302e-02
-1.0311251595431486e-02
-1.0020312540393286e-02
-9.7397503684133555e-03
-9.4688268720415358e-03
-9.2069154767197500e-03
-8.9540516814980656e-03
-8.7095548597572025e-03
-8.4729734020186267e-03
-8.2443128170729667e-03
-8.0229348547195892e-03
-7.8085457497080396e-03
-7.7553850216719629e-03
-7.8598399023201166e-03
-7.9667847749797464e-03
-8.0765435179760547e-03
-8.1888439953232434e-03
-8.3040379540844662e-03
-8.4224181070070500e-03
-8.5436644560176345e-03
-8.6682960312870917e-03
-8.7965731374693816e-03
-8.9281249622840449e-03
-9.0636671515237268e-03
-9.2033572663058113e-03
-9.3469850615801042e-03
-9.4952847317571112e-03
-9.6483606012441273e-03
-9.8062378746787086e-03
-9.9696371680212670e-03
-1.0138628027035593e-02
-1.0313514696321682e-02
-1.0495016188136898e-02
-1.0683178113843794e-02
-1.0878636542233673e-02
-1.1082128356036036e-02
-1.1293692312621936e-02
-1.1514364186371749e-02
-1.1744889662737439e-02
-1.1985438945047824e-02
-1.2237422623588023e-02
-1.2501559763584413e-02
-1.2778531861703621e-02
-1.3069896031787025e-02
-1.3376493332988853e-02
-1.3699641988014483e-02
-1.4041123030799154e-02
-1.4401976200751954e-02
-1.4784319362708390e-02
-1.5190243755807667e-02
-1.5621157326085766e-02
-1.6080134519452765e-02
-1.6569538541378076e-02
-1.7091898164157990e-02
-1.7650930988119155e-02
-1.8249628304325707e-02
-1.8892020507062478e-02
-1.9582583241643539e-02
-2.0325513616387531e-02
-2.1126315644472475e-02
-2.1991100096918671e-02
-2.2925347688625471e-02
-2.3937129543677597e-02
-2.5033748851207398e-02
-2.6223992091665933e-02
-2.7518207101968790e-02
-2.8926316981500812e-02
-3.0461328515645390e-02
-3.2136940753172284e-02
-3.3967651061075278e-02
-3.5971902020552136e-02
-3.8168503307570711e-02
-4.0579669194960866e-02
-4.3231371005323031e-02
-4.6150745921441520e-02
-4.9372013741911129e-02
-5.2932608137033647e-02
-5.6875001665062840e-02
-6.1251030467022592e-02
-6.6117628001361312e-02
-7.1543704522609025e-02
-7.7609954692508601e-02
-8.4406618104418435e-02
-9.2049389413458166e-02
-1.0066983644528346e-01
-1.1042701835164068e-01
-1.2151544007575224e-01
-1.3416486261540861e-01
-1.4866443913113317e-01
-1.6536578549731976e-01
-1.8470489594031059e-01
-2.0723613896325641e-01
-2.3365188782575574e-01
-2.6484990042062462e-01
-3.0199132192794848e-01
-3.4659608283129317e-01
-4.0070932006579540e-01
-4.6708654229192570e-01
-5.4955131798826073e-01
-6.5340628464285322e-01
-7.8645948567420509e-01
-9.6025962373600704e-01
-1.1924363489901288e+00
-1.5106287176972153e+00
-1.9609269022380251e+00
-2.6221228454666092e+00
-3.6369160431394341e+00
-5.2707133079295501e+00
-7.9941799099608790e+00
-1.2196588677002213e+01
-1.5321096606562589e+01
0.0000000000000000e+00
1.3464638167935297e-01
0.0000000000000000e+00
0.0000000000000000e+00
];
