%Vec Object:sol 1 MPI processes
%  type: mpi
sol = [
0.0000000000000000e+00
-4.0686294684479492e+01
-2.4098203671149534e+01
-1.2985945755171619e+01
-7.6277805974563417e+00
-4.9213141967028982e+00
-3.4108745647120857e+00
-2.4940745850867279e+00
-1.8994059604730695e+00
-1.4929911949111665e+00
-1.2036744139059461e+00
-9.9056836461963227e-01
-8.2929869295386316e-01
-7.0428100257916959e-01
-6.0546289376665019e-01
-5.2603727352402629e-01
-4.6130025886573273e-01
-4.0783363417119051e-01
-3.6312388921920374e-01
-3.2541163031728765e-01
-2.9331373920750020e-01
-2.6572271834885353e-01
-2.4186943799302110e-01
-2.2110574454421675e-01
-2.0290119323090769e-01
-1.8686292230110110e-01
-1.7267301164174198e-01
-1.6004903787370781e-01
-1.4876020197335824e-01
-1.3864021484646663e-01
-1.2953173476771357e-01
-1.2128780508838015e-01
-1.1381884977642542e-01
-1.0703121079943080e-01
-1.0083081772816974e-01
-9.5162053716379452e-02
-8.9968085099598166e-02
-8.5189288282385311e-02
-8.0785544403050955e-02
-7.6722796669698223e-02
-7.2962342545304357e-02
-6.9473411673995705e-02
-6.6235711667668756e-02
-6.3223697775905446e-02
-6.0412644405217902e-02
-5.7790781855055672e-02
-5.5341073621822494e-02
-5.3042970325288638e-02
-5.0890067475918899e-02
-4.8870517830805982e-02
-4.6968138588304953e-02
-4.5178629971584110e-02
-4.3493714280502707e-02
-4.1901509930420161e-02
-4.0397947559622109e-02
-3.8977584785912386e-02
-3.7631592268212652e-02
-3.6356116377070036e-02
-3.5147659042607894e-02
-3.3999584914430114e-02
-3.2908267583382077e-02
-3.1871546339267670e-02
-3.0884378535593792e-02
-2.9943383600313591e-02
-2.9047319200713743e-02
-2.8192308092037918e-02
-2.7375232229950298e-02
-2.6595474802211350e-02
-2.5850015735895324e-02
-2.5136011551109762e-02
-2.4453264618923137e-02
-2.3799387383263121e-02
-2.3171817546395787e-02
-2.2570630043039445e-02
-2.1993904313625686e-02
-2.1439360769656631e-02
-2.0907242550649741e-02
-2.0395973204321283e-02
-1.9903553307291374e-02
-1.9430319551881511e-02
-1.8974947636440347e-02
-1.8535712463172881e-02
-1.8112991119752300e-02
-1.7705642292250297e-02
-1.7312207052348864e-02
-1.6933065042522174e-02
-1.6567205642842007e-02
-1.6213426246870513e-02
-1.5872082453353583e-02
-1.5542254686491973e-02
-1.5222985767595683e-02
-1.4914588760091468e-02
-1.4616204948593909e-02
-1.4327111038322127e-02
-1.4047565115499554e-02
-1.3776746428282893e-02
-1.3514153830973775e-02
-1.3259982192626021e-02
-1.3013431273132307e-02
-1.2774210300326118e-02
-1.2797022504447295e-02
-1.3082719824890527e-02
-1.3377700593657295e-02
-1.3682717518844385e-02
-1.3997568008032236e-02
-1.4323064020092594e-02
-1.4659946619530058e-02
-1.5007944893894894e-02
-1.5368190694131612e-02
-1.5741409596092472e-02
-1.6127251305735425e-02
-1.6527232435621965e-02
-1.6941941998545099e-02
-1.7371308905325789e-02
-1.7816923821873637e-02
-1.8279271549216280e-02
-1.8758745152442590e-02
-1.9256922097174251e-02
-1.9774303775052571e-02
-2.0311769999241711e-02
-2.0870985353902426e-02
-2.1452352263134966e-02
-2.2057374159069269e-02
-2.2687764131309945e-02
-2.3343871499654861e-02
-2.4027964823815154e-02
-2.4741752759460962e-02
-2.5485763514826110e-02
-2.6262976546526092e-02
-2.7074966842398573e-02
-2.7923169723121196e-02
-2.8810777612988472e-02
-2.9739453760942419e-02
-3.0711766712916800e-02
-3.1731197808809244e-02
-3.2799558462125164e-02
-3.3920841723640356e-02
-3.5098879892174646e-02
-3.6335869187056433e-02
-3.7637463944194621e-02
-3.9007611686916056e-02
-4.0450368952029692e-02
-4.1972223390160178e-02
-4.3577801328411367e-02
-4.5273591226141094e-02
-4.7067243219860756e-02
-4.8964383989025341e-02
-5.0974720437175651e-02
-5.3107119737897363e-02
-5.5370007476713355e-02
-5.7776107024808648e-02
-6.0336253691669749e-02
-6.3063716806536219e-02
-6.5974542255504601e-02
-6.9082861014551689e-02
-7.2408736347122971e-02
-7.5972570258998215e-02
-7.9795212209305688e-02
-8.3904776384694194e-02
-8.8328388872525879e-02
-9.3098700445262444e-02
-9.8254219434681808e-02
-1.0383330917972744e-01
-1.0988653786735944e-01
-1.1646765570206449e-01
-1.2363695893110702e-01
-1.3146945817096681e-01
-1.4004497749033692e-01
-1.4946127813491061e-01
-1.5983226493975686e-01
-1.7128440403180770e-01
-1.8397806694569849e-01
-1.9809389639105099e-01
-2.1384973477007424e-01
-2.3151148855521833e-01
-2.5138819244217597e-01
-2.7385140454598766e-01
-2.9938149135212516e-01
-3.2855537908657340e-01
-3.6210264029099443e-01
-4.0092363218958260e-01
-4.4618179374700562e-01
-4.9936920107402821e-01
-5.6242269358745778e-01
-6.3793491324260598e-01
-7.2932921946953866e-01
-8.4127174455736342e-01
-9.8050296160638928e-01
-1.1565350254495725e+00
-1.3833531106989041e+00
-1.6817808681835296e+00
-2.0855896253245620e+00
-2.6482857223841143e+00
-3.4630841364712999e+00
-4.6958736361857891e+00
-6.6560189934595320e+00
-9.8964553556025514e+00
-1.4933691711824967e+01
-1.8732763300246514e+01
0.0000000000000000e+00
2.4055929233035767e-01
0.0000000000000000e+00
0.0000000000000000e+00
];
