%Vec Object:sol 1 MPI processes
%  type: mpi
sol = [
0.0000000000000000e+00
-4.1224593833877314e+01
-2.4276203583387595e+01
-1.3038752560686957e+01
-7.6482030935675942e+00
-4.9307695423602240e+00
-3.4165552450501218e+00
-2.4973953271050875e+00
-1.9016805411981177e+00
-1.4944487150057981e+00
-1.2047880932720179e+00
-9.9143528854612850e-01
-8.2983077755609325e-01
-7.0467529211370206e-01
-6.0577249400903155e-01
-5.2627999155903016e-01
-4.6148950248421572e-01
-4.0797958464812661e-01
-3.6323436070202936e-01
-3.2549285464172323e-01
-2.9335576732121560e-01
-2.6572625775355074e-01
-2.4184272220064731e-01
-2.2106342748759650e-01
-2.0285058115903801e-01
-1.8680532030913022e-01
-1.7260952048666889e-01
-1.5998057259417559e-01
-1.4868752919430445e-01
-1.3856399556094820e-01
-1.2945252887525277e-01
-1.2120608217355731e-01
-1.1373502101317975e-01
-1.0694562841527584e-01
-1.0074378085214526e-01
-9.5073824136139365e-02
-8.9878889121896455e-02
-8.5099321104926504e-02
-8.0694976244023095e-02
-7.6631775194345053e-02
-7.2870996479164687e-02
-6.9381853920531408e-02
-6.6144039369783289e-02
-6.3131995971322324e-02
-6.0320989226449032e-02
-5.7699237231500382e-02
-5.5249695152274327e-02
-5.2951810153324619e-02
-5.0799167284828063e-02
-4.8779913373173264e-02
-4.6877865385379872e-02
-4.5088714946042878e-02
-4.3404179889713131e-02
-4.1812379468808829e-02
-4.0309238324428232e-02
-3.8889310067005606e-02
-3.7543766658404032e-02
-3.6268750686758937e-02
-3.5060760196013029e-02
-3.3913161246137857e-02
-3.2822325528004979e-02
-3.1786088383852364e-02
-3.0799408560922191e-02
-2.9858905117339109e-02
-2.8963331463489991e-02
-2.8108810667608168e-02
-2.7292239065797960e-02
-2.6512998885790479e-02
-2.5767926595217244e-02
-2.5054287078327749e-02
-2.4371866203630799e-02
-2.3718324539095986e-02
-2.3091100863455293e-02
-2.2490265019119812e-02
-2.1913896585586779e-02
-2.1359717676314265e-02
-2.0827966601358817e-02
-2.0317067228729814e-02
-1.9825022193877495e-02
-1.9352163626212188e-02
-1.8897167720992331e-02
-1.8458311571796247e-02
-1.8035967986241803e-02
-1.7628996334747567e-02
-1.7235939822804320e-02
-1.6857174121461916e-02
-1.6491689503180085e-02
-1.6138285278650900e-02
-1.5797313410349234e-02
-1.5467855446947993e-02
-1.5148955774436678e-02
-1.4840924184589507e-02
-1.4542903345147361e-02
-1.4254171060118507e-02
-1.3974982534504223e-02
-1.3704518684761169e-02
-1.3442278902036614e-02
-1.3188455588500431e-02
-1.2942250482147987e-02
-1.2703372702862823e-02
-1.2725092374437046e-02
-1.3008196180228068e-02
-1.3300486423875588e-02
-1.3602709621786880e-02
-1.3914661528999851e-02
-1.4237147357593986e-02
-1.4570901510516055e-02
-1.4915651470564902e-02
-1.5272520059530099e-02
-1.5642225614480483e-02
-1.6024416285583040e-02
-1.6420596912212530e-02
-1.6831342874983043e-02
-1.7256583310586857e-02
-1.7697909700193554e-02
-1.8155825826085562e-02
-1.8630683535240056e-02
-1.9124099062454023e-02
-1.9636522595165982e-02
-2.0168819282842955e-02
-2.0722638527999077e-02
-2.1298375015818560e-02
-2.1897517334838329e-02
-2.2521761893384305e-02
-2.3171449699852586e-02
-2.3848828275481789e-02
-2.4555588259448174e-02
-2.5292247281144101e-02
-2.6061757401305428e-02
-2.6865674948143146e-02
-2.7705417111978062e-02
-2.8584145424502293e-02
-2.9503502103533422e-02
-3.0466027756546461e-02
-3.1475168390297445e-02
-3.2532711234725252e-02
-3.3642608614806543e-02
-3.4808652100258956e-02
-3.6033008336594979e-02
-3.7321275321508335e-02
-3.8677355604303694e-02
-4.0105258821737433e-02
-4.1611405666680708e-02
-4.3200368226010269e-02
-4.4878564778923213e-02
-4.6653564158200829e-02
-4.8530925858667133e-02
-5.0520255062452113e-02
-5.2630321363522477e-02
-5.4869454021289836e-02
-5.7250242180388732e-02
-5.9783399239918537e-02
-6.2482049369240553e-02
-6.5362066194485230e-02
-6.8437420612087338e-02
-7.1727961231623519e-02
-7.5253867314970635e-02
-7.9035756618386382e-02
-8.3101442710525705e-02
-8.7477752904544862e-02
-9.2196983726981194e-02
-9.7297229098794735e-02
-1.0281643037669219e-01
-1.0880461471281326e-01
-1.1531495109667224e-01
-1.2240708323822298e-01
-1.3015522110418590e-01
-1.3863832852228494e-01
-1.4795312427593516e-01
-1.5821230153294652e-01
-1.6954097685849556e-01
-1.8209783066508600e-01
-1.9605713045435771e-01
-2.1163108648175957e-01
-2.2908764943429330e-01
-2.4873171138244810e-01
-2.7094852996862095e-01
-2.9620084450114065e-01
-3.2505818577391254e-01
-3.5824263424345704e-01
-3.9664537061824939e-01
-4.4141808576739139e-01
-4.9403793459687362e-01
-5.5642259671043282e-01
-6.3109886155562411e-01
-7.2143936056137092e-01
-8.3220638510502865e-01
-9.6999209645925011e-01
-1.1442205141738087e+00
-1.3685083590374618e+00
-1.6639429988991301e+00
-2.0635644427606210e+00
-2.6207042543141976e+00
-3.4273656743758139e+00
-4.6482531760574828e+00
-6.5893507120279846e+00
-9.7987589234454706e+00
-1.4781651007104648e+01
-1.8528162887322303e+01
0.0000000000000000e+00
2.4055929233035767e-01
0.0000000000000000e+00
0.0000000000000000e+00
];
