%Vec Object:sol 1 MPI processes
%  type: mpi
sol = [
0.0000000000000000e+00
-7.2498154040650789e+01
-3.4785711887874520e+01
-1.6824258467394753e+01
-9.4477616525772490e+00
-5.9582792642365137e+00
-4.0754010006946269e+00
-2.9544920289019281e+00
-2.2356890580143811e+00
-1.7492520011719961e+00
-1.4049055446189302e+00
-1.1525567956126532e+00
-9.6235273807091148e-01
-8.1535239097056422e-01
-6.9948732416256365e-01
-6.0657527236399955e-01
-5.3099648697775093e-01
-4.6868453732904725e-01
-4.1665961657031969e-01
-3.7283826715598950e-01
-3.3557391214334475e-01
-3.0356870771759698e-01
-2.7593235494282603e-01
-2.5191187890498562e-01
-2.3087805672701117e-01
-2.1236397596721721e-01
-1.9599748488320015e-01
-1.8144903109342830e-01
-1.6844957987334866e-01
-1.5680474594146487e-01
-1.4633134205059867e-01
-1.3685889650477415e-01
-1.2828265488795629e-01
-1.2049378507819278e-01
-1.1338352675086666e-01
-1.0688695493959206e-01
-1.0093808325962184e-01
-9.5468099641131760e-02
-9.0430408730040351e-02
-8.5785420693447009e-02
-8.1488521199713296e-02
-7.7504175361983479e-02
-7.3808710877793324e-02
-7.0372696105156174e-02
-6.7167744624501230e-02
-6.4180022613294571e-02
-6.1389894408115493e-02
-5.8773906517738915e-02
-5.6324409216819138e-02
-5.4027746499010036e-02
-5.1865520688751943e-02
-4.9832587884693580e-02
-4.7918969216149646e-02
-4.6111418495978114e-02
-4.4405336745330468e-02
-4.2794417362697769e-02
-4.1268646717726003e-02
-3.9823524512188291e-02
-3.8454957286474682e-02
-3.7155428910450747e-02
-3.5920753499915047e-02
-3.4748363644135583e-02
-3.3632553365472856e-02
-3.2569457638366689e-02
-3.1557556631162595e-02
-3.0592467206854854e-02
-2.9670652708329099e-02
-2.8791307286115987e-02
-2.7951019877298759e-02
-2.7146587041932166e-02
-2.6377682325532267e-02
-2.5641611711611913e-02
-2.4935505362563903e-02
-2.4259350008808907e-02
-2.3610981277338104e-02
-2.2987858871807001e-02
-2.2390164729688588e-02
-2.1816125347433730e-02
-2.1263522315425307e-02
-2.0732648677454741e-02
-2.0222018250276527e-02
-1.9729723967116104e-02
-1.9256110284874971e-02
-1.8799900677764856e-02
-1.8359486909966524e-02
-1.7935222551148190e-02
-1.7525982197965875e-02
-1.7130442579959743e-02
-1.6748936771020802e-02
-1.6380446244749897e-02
-1.6023918081630072e-02
-1.5679644419887902e-02
-1.5346680053767783e-02
-1.5024227450809200e-02
-1.4712524151901118e-02
-1.4410672913833951e-02
-1.4118116714304213e-02
-1.3835029553145700e-02
-1.3560542908824929e-02
-1.3294325576639919e-02
-1.3301092579892279e-02
-1.3580681543481455e-02
-1.3869121601646415e-02
-1.4167156055930066e-02
-1.4474532078238306e-02
-1.4792050609765892e-02
-1.5120434160515252e-02
-1.5459354358529976e-02
-1.5809933890446271e-02
-1.6172869499774173e-02
-1.6547745406497640e-02
-1.6936069415036979e-02
-1.7338380265948174e-02
-1.7754546789691666e-02
-1.8186152347655742e-02
-1.8633651313203523e-02
-1.9097339687938836e-02
-1.9578810346386893e-02
-2.0078450782533019e-02
-2.0597072316925202e-02
-2.1136283783825306e-02
-2.1696402430492451e-02
-2.2278861258510446e-02
-2.2885296642879159e-02
-2.3515955477638448e-02
-2.4173023031887769e-02
-2.4858106247623336e-02
-2.5571613052997141e-02
-2.6316416396036824e-02
-2.7093960144100815e-02
-2.7905540087426597e-02
-2.8754205642679911e-02
-2.9641456835803513e-02
-3.0569691317684757e-02
-3.1542203190816735e-02
-3.2560601803391230e-02
-3.3628660767348967e-02
-3.4749970941159204e-02
-3.5926477099997772e-02
-3.7163543612770196e-02
-3.8464811793679818e-02
-3.9834010463146087e-02
-4.1277248296632076e-02
-4.2798761093530584e-02
-4.4404596569499931e-02
-4.6101909277974355e-02
-4.7895823386255733e-02
-4.9795439276892790e-02
-5.1808980301051487e-02
-5.3944190694165298e-02
-5.6212971572961616e-02
-5.8625310863682473e-02
-6.1193514540607077e-02
-6.3932519805376231e-02
-6.6855315829006057e-02
-6.9980580442759094e-02
-7.3327211756285857e-02
-7.6914434732957185e-02
-8.0768392918917339e-02
-8.4914125732145837e-02
-8.9381864830671176e-02
-9.4207313838792786e-02
-9.9425836956987090e-02
-1.0508433309405985e-01
-1.1123249279096309e-01
-1.1792600972620647e-01
-1.2523435800925625e-01
-1.3323131049253017e-01
-1.4200251126638927e-01
-1.5165635851007628e-01
-1.6230994964051831e-01
-1.7411138937990936e-01
-1.8722719667403404e-01
-2.0185824878680106e-01
-2.1824983343206733e-01
-2.3668652148240513e-01
-2.5752824425995940e-01
-2.8120711306658802e-01
-3.0825496126230717e-01
-3.3934634598051777e-01
-3.7531354530495248e-01
-4.1723257928163165e-01
-4.6648363014898114e-01
-5.2482421313136662e-01
-5.9463212890347861e-01
-6.7913110479510275e-01
-7.8272595082743768e-01
-9.1158597680906028e-01
-1.0744960274628923e+00
-1.2842064308787768e+00
-1.5606292830501780e+00
-1.9345274096510383e+00
-2.4562717471410398e+00
-3.2120227297694233e+00
-4.3566135489530051e+00
-6.1770372486755809e+00
-9.1818326255782718e+00
-1.3808141006096323e+01
-1.7205285354159393e+01
0.0000000000000000e+00
1.3464638167935297e-01
0.0000000000000000e+00
0.0000000000000000e+00
];
