%Vec Object:sol 1 MPI processes
%  type: mpi
sol = [
0.0000000000000000e+00
-4.2681425445576380e+01
-2.4744660960577054e+01
-1.3171162313440611e+01
-7.6993608830626536e+00
-4.9551239412114585e+00
-3.4300401619688614e+00
-2.5063512339745850e+00
-1.9071106408701530e+00
-1.4985026415723446e+00
-1.2076254863673150e+00
-9.9335576862132446e-01
-8.3128872618303695e-01
-7.0582720885855132e-01
-6.0668644362831159e-01
-5.2695119587820194e-01
-4.6195782470742180e-01
-4.0829261920540744e-01
-3.6342675040899081e-01
-3.2559064785637060e-01
-2.9339357703156665e-01
-2.6572226160398982e-01
-2.4180370458629247e-01
-2.2099495709503730e-01
-2.0275718441707602e-01
-1.8669078672259048e-01
-1.7247705080011549e-01
-1.5983283189703457e-01
-1.4852675381615027e-01
-1.3839211649053892e-01
-1.2927114274954785e-01
-1.2101285908177382e-01
-1.1353171378634520e-01
-1.0673386498430237e-01
-1.0052493079883319e-01
-9.4849066377472827e-02
-8.9649231463926352e-02
-8.4865624190840636e-02
-8.0457982579704213e-02
-7.6392124007170853e-02
-7.2629239741707347e-02
-6.9138470983288736e-02
-6.5899442304619194e-02
-6.2886542751254534e-02
-6.0074995637476085e-02
-5.7452971160276207e-02
-5.5003388902598198e-02
-5.2705675439715133e-02
-5.0553378250228702e-02
-4.8534619926597217e-02
-4.6633209727614006e-02
-4.4844810050968256e-02
-4.3161121405819451e-02
-4.1570260781117821e-02
-4.0068132671846085e-02
-3.8649276424783607e-02
-3.7304864586607915e-02
-3.6031026904859285e-02
-3.4824248632485698e-02
-3.3677897768842717e-02
-3.2588338997032083e-02
-3.1553395506470884e-02
-3.0568028536922594e-02
-2.9628854580025104e-02
-2.8734615384592935e-02
-2.7881437628354822e-02
-2.7066204900566358e-02
-2.6288284509976102e-02
-2.5544660130617264e-02
-2.4832493302727771e-02
-2.4151570565230682e-02
-2.3499507897085593e-02
-2.2873750372679743e-02
-2.2274357258559460e-02
-2.1699411390484657e-02
-2.1146642010394266e-02
-2.0616276909540186e-02
-2.0106743016403660e-02
-1.9616050417721475e-02
-1.9144520962981110e-02
-1.8690833872193779e-02
-1.8253273571270844e-02
-1.7832202987556951e-02
-1.7426484631397440e-02
-1.7034668533307148e-02
-1.6657121036158132e-02
-1.6292835809995521e-02
-1.5940618151467547e-02
-1.5600811375357749e-02
-1.5272500812738603e-02
-1.4954735705979721e-02
-1.4647818000481235e-02
-1.4350894648269765e-02
-1.4063246934370785e-02
-1.3785123116868858e-02
-1.3515709003048179e-02
-1.3254505878169690e-02
-1.3001700182419477e-02
-1.2756499241940653e-02
-1.2518612298509053e-02
-1.2537574999733358e-02
-1.2814011960589249e-02
-1.3099388922068715e-02
-1.3394436730755133e-02
-1.3698947294233528e-02
-1.4013708779371839e-02
-1.4339438773514533e-02
-1.4675861107816626e-02
-1.5024075847656903e-02
-1.5384783288580686e-02
-1.5757628218844286e-02
-1.6144085562566822e-02
-1.6544713126211957e-02
-1.6959431617014006e-02
-1.7389799116747179e-02
-1.7836301235546567e-02
-1.8299273631531211e-02
-1.8780296243108171e-02
-1.9279800048115383e-02
-1.9798624064935301e-02
-2.0338378036061911e-02
-2.0899436208344772e-02
-2.1483248328605473e-02
-2.2091467163713314e-02
-2.2724411720073411e-02
-2.3384274528128343e-02
-2.4072699011820332e-02
-2.4790174824386415e-02
-2.5539582423577643e-02
-2.6322429120112224e-02
-2.7140084424650046e-02
-2.7995629021127472e-02
-2.8890649803891111e-02
-2.9827614078328665e-02
-3.0809875272975910e-02
-3.1839156920206738e-02
-3.2919304603591312e-02
-3.4054003019865706e-02
-3.5245340965257617e-02
-3.6498769466694440e-02
-3.7818071201850510e-02
-3.9207133420256779e-02
-4.0672201441734418e-02
-4.2217703655034494e-02
-4.3849875247595621e-02
-4.5576071255972642e-02
-4.7401674763483205e-02
-4.9336023881726393e-02
-5.1387632674568369e-02
-5.3564573547757538e-02
-5.5879077999322159e-02
-5.8341544620224256e-02
-6.0964773184585867e-02
-6.3763208024305629e-02
-6.6750950064151271e-02
-6.9947475821644262e-02
-7.3372353058386505e-02
-7.7045560107721636e-02
-8.0994085231854612e-02
-8.5243928939118654e-02
-8.9826408089862739e-02
-9.4778469947510990e-02
-1.0013687928695918e-01
-1.0595016067826891e-01
-1.1226985974342490e-01
-1.1915379102678532e-01
-1.2667392226709870e-01
-1.3490679126272634e-01
-1.4394617600422097e-01
-1.5390134012863815e-01
-1.6489355576773068e-01
-1.7707668989791295e-01
-1.9062400805320015e-01
-2.0574448432786838e-01
-2.2269323831102861e-01
-2.4176655584872828e-01
-2.6333891099265988e-01
-2.8786014633085538e-01
-3.1588401898713347e-01
-3.4811276303239191e-01
-3.8538843905565628e-01
-4.2883164523010575e-01
-4.7988754324193655e-01
-5.4041661740774805e-01
-6.1290973503519786e-01
-7.0069256136371028e-01
-8.0835200321126444e-01
-9.4219095985446899e-01
-1.1113260953187238e+00
-1.3293788349615627e+00
-1.6167307043226347e+00
-2.0050982889416784e+00
-2.5473509255420357e+00
-3.3327627666954118e+00
-4.5216568426803025e+00
-6.4119856310209666e+00
-9.5378815716565288e+00
-1.4374058938603181e+01
-1.7978841446511865e+01
0.0000000000000000e+00
2.4055929233035767e-01
0.0000000000000000e+00
0.0000000000000000e+00
];
