%Vec Object:sol 1 MPI processes
%  type: mpi
sol = [
0.0000000000000000e+00
-4.0781136438897306e+01
-2.4129703177546926e+01
-1.2995307951849810e+01
-7.6314029272774331e+00
-4.9231240034950225e+00
-3.4118781569918117e+00
-2.4946604494622098e+00
-1.8998270521217280e+00
-1.4932472576096312e+00
-1.2038698218610435e+00
-9.9072026254200052e-01
-8.2941423768509803e-01
-7.0434934271488803e-01
-6.0551640917195848e-01
-5.2607908544859017e-01
-4.6133271709068202e-01
-4.0785852276921325e-01
-3.6314257723646692e-01
-3.2542520903591637e-01
-2.9332307595368556e-01
-2.6572849836941975e-01
-2.4186873574821971e-01
-2.2109760114504248e-01
-2.0289162493518789e-01
-1.8685215530536145e-01
-1.7266123665175592e-01
-1.6003641335201449e-01
-1.4874686062795214e-01
-1.3862627102880498e-01
-1.2951728528315767e-01
-1.2127293110248673e-01
-1.1380362228631746e-01
-1.0701569057514457e-01
-1.0081505637026097e-01
-9.5146096321336193e-02
-8.9951970606713852e-02
-8.5173050268206790e-02
-8.0769212112129563e-02
-7.6706395420847132e-02
-7.2945894400024677e-02
-6.9456935965122882e-02
-6.6219224974523885e-02
-6.3207214597343450e-02
-6.0396177728107493e-02
-5.7774342521970001e-02
-5.5324671041280721e-02
-5.3026613353097149e-02
-5.0873763119174721e-02
-4.8854272074620675e-02
-4.6951957425804498e-02
-4.5162517874179769e-02
-4.3477674948091218e-02
-4.1885547247575677e-02
-4.0382064353279859e-02
-3.8961783184719198e-02
-3.7615874658902419e-02
-3.6340484483305312e-02
-3.5132113905767613e-02
-3.3984127832595086e-02
-3.2892899554365071e-02
-3.1856267650153841e-02
-3.0869189736601899e-02
-2.9928285166288572e-02
-2.9032310896276756e-02
-2.8177389922852902e-02
-2.7360404326442354e-02
-2.6580736569573802e-02
-2.5835366795832815e-02
-2.5121451799283392e-02
-2.4438793216649463e-02
-2.3785003687257392e-02
-2.3157521290816736e-02
-2.2556420227799540e-02
-2.1979780119716227e-02
-2.1425321818838609e-02
-2.0893287740460318e-02
-2.0382101607397438e-02
-1.9889764464919839e-02
-1.9416612301602243e-02
-1.8961320993931045e-02
-1.8522165909954123e-02
-1.8099523463767409e-02
-1.7692252531462185e-02
-1.7298894620989408e-02
-1.6919828740662952e-02
-1.6554044481028374e-02
-1.6200339619414115e-02
-1.5859069167867463e-02
-1.5529313789329336e-02
-1.5210116616444551e-02
-1.4901790180909568e-02
-1.4603476041618305e-02
-1.4314451125753400e-02
-1.4034973049060291e-02
-1.3764221377056841e-02
-1.3501695085117369e-02
-1.3247588633770057e-02
-1.3001102141317361e-02
-1.2761944844507598e-02
-1.2784571953998637e-02
-1.3069824566621986e-02
-1.3364345483603445e-02
-1.3668886448093208e-02
-1.3983245020046300e-02
-1.4308233399116986e-02
-1.4644571112046038e-02
-1.4991967699702074e-02
-1.5351586696638206e-02
-1.5724144813895696e-02
-1.6109288423049848e-02
-1.6508540823148191e-02
-1.6922482908535912e-02
-1.7351046413508032e-02
-1.7795833364267221e-02
-1.8257353230665355e-02
-1.8735962912713722e-02
-1.9233290088590659e-02
-1.9749790944760551e-02
-2.0286338826408436e-02
-2.0844595622233748e-02
-2.1424962385840296e-02
-2.2028939914955740e-02
-2.2658238338511404e-02
-2.3313205505246612e-02
-2.3996106240055853e-02
-2.4708646002239761e-02
-2.5451351127204654e-02
-2.6227196208130504e-02
-2.7037752924233049e-02
-2.7884453382281661e-02
-2.8770484524058091e-02
-2.9697505870610260e-02
-3.0668081012625022e-02
-3.1685685021177627e-02
-3.2752125024463882e-02
-3.3871386848128827e-02
-3.5047295566963461e-02
-3.6282042160562952e-02
-3.7581270969257799e-02
-3.8948921542816366e-02
-4.0389042103829383e-02
-4.1908108426218914e-02
-4.3510737222985749e-02
-4.5203404509100285e-02
-4.6993746003320999e-02
-4.8887376478919740e-02
-5.0893984800506872e-02
-5.3022420842739684e-02
-5.5281093118705334e-02
-5.7682701199491780e-02
-6.0238058787520046e-02
-6.2960409480983678e-02
-6.5865768628678115e-02
-6.8968238839685406e-02
-7.2287845326968123e-02
-7.5844950619077381e-02
-7.9660363117440888e-02
-8.3762143726843222e-02
-8.8177365594415871e-02
-9.2938616719593026e-02
-9.8084331995758070e-02
-1.0365280001064250e-01
-1.0969449308202767e-01
-1.1626305844644591e-01
-1.2341867675781361e-01
-1.3123621679381409e-01
-1.3979535025664780e-01
-1.4919365374630061e-01
-1.5954481749754018e-01
-1.7097506865162643e-01
-1.8364447925957325e-01
-1.9773335436240183e-01
-2.1345913127329486e-01
-2.3108722485884467e-01
-2.5091808626544687e-01
-2.7333644504840410e-01
-2.9881730437099335e-01
-3.2793509841117463e-01
-3.6141807397546594e-01
-4.0016496480679742e-01
-4.4533713168682149e-01
-4.9842401177102941e-01
-5.6135905654224871e-01
-6.3673042614577013e-01
-7.2793067355085428e-01
-8.3966508759779956e-01
-9.7864044876342138e-01
-1.1543533457134858e+00
-1.3807233323179291e+00
-1.6786217209639622e+00
-2.0817297049793755e+00
-2.6434027016142121e+00
-3.4567625979054566e+00
-4.6874495836860754e+00
-6.6442318960971516e+00
-9.8791969445852335e+00
-1.4906857377851958e+01
-1.8696665661083365e+01
0.0000000000000000e+00
2.4055929233035767e-01
0.0000000000000000e+00
0.0000000000000000e+00
];
