%Vec Object:sol 1 MPI processes
%  type: mpi
sol = [
0.0000000000000000e+00
-4.4936357828144693e+01
-2.5298876154239228e+01
-1.3234545076989674e+01
-7.6583605704260558e+00
-4.8909519185856265e+00
-3.3624507696095627e+00
-2.4402441454519046e+00
-1.8454516530157130e+00
-1.4407315486424395e+00
-1.1539924032945241e+00
-9.4359533875431301e-01
-7.8480688777915542e-01
-6.6230693877858549e-01
-5.6584866856661353e-01
-4.8859641608918070e-01
-4.2585252523471057e-01
-3.7421393520480295e-01
-3.3118574822840485e-01
-2.9501805898257311e-01
-2.6433169634313791e-01
-2.3804099913999616e-01
-2.1539256293119616e-01
-1.9575479342087221e-01
-1.7860192008730105e-01
-1.6354234108655832e-01
-1.5026355335878053e-01
-1.3849061539008814e-01
-1.2799936403224965e-01
-1.1862611240644609e-01
-1.1021819040695789e-01
-1.0263497846400463e-01
-9.5787694058259043e-02
-8.9585814431958802e-02
-8.3940291771006134e-02
-7.8796210087365773e-02
-7.4098669409078943e-02
-6.9791529150946038e-02
-6.5835939708552768e-02
-6.2198758797545099e-02
-5.8843671923032574e-02
-5.5741572658316106e-02
-5.2872388487440788e-02
-5.0212179126514489e-02
-4.7738138315303998e-02
-4.5438247261442931e-02
-4.3296506889427315e-02
-4.1294443383476341e-02
-3.9425087844294514e-02
-3.7677312481804601e-02
-3.6036810329232304e-02
-3.4498790103493424e-02
-3.3055453107133349e-02
-3.1696364997049205e-02
-3.0417285967297498e-02
-2.9212990916986276e-02
-2.8075770705459115e-02
-2.7001832562417359e-02
-2.5987708337600064e-02
-2.5027633043962320e-02
-2.4118202759571789e-02
-2.3257155115566072e-02
-2.2440127709626775e-02
-2.1664069231660268e-02
-2.0927546406489125e-02
-2.0227218189363141e-02
-1.9560360089449568e-02
-1.8926107086792064e-02
-1.8321866737012960e-02
-1.7745221354605299e-02
-1.7195691611160635e-02
-1.6671236707456571e-02
-1.6169727616044918e-02
-1.5690942161294703e-02
-1.5233247420644356e-02
-1.4794785582622143e-02
-1.4375500878326118e-02
-1.3974062452957882e-02
-1.3588866729859763e-02
-1.3219959974619264e-02
-1.2866234894639105e-02
-1.2526325510114960e-02
-1.2200334579908646e-02
-1.1887319778932278e-02
-1.1586136607517518e-02
-1.1296912103195122e-02
-1.1018824918289479e-02
-1.0750936510613414e-02
-1.0493375617282360e-02
-1.0245408705759837e-02
-1.0006288405677504e-02
-9.7761294761981778e-03
-9.5542610804522660e-03
-9.3401130247270890e-03
-9.1337754631765546e-03
-8.9346212425462888e-03
-8.7422442586888287e-03
-8.5567029415914656e-03
-8.3773993511687492e-03
-8.2040792523924103e-03
-8.1998684545852452e-03
-8.3641610562233907e-03
-8.5341287266099772e-03
-8.7102767909629421e-03
-8.8924899324341385e-03
-9.0813061893409968e-03
-9.2772704756598594e-03
-9.4801280305104388e-03
-9.6908425215699746e-03
-9.9096285211431739e-03
-1.0136629875787850e-02
-1.0372558147152716e-02
-1.0618082102333042e-02
-1.0873070823060374e-02
-1.1138646187967397e-02
-1.1415274491100500e-02
-1.1703201859733630e-02
-1.2003553584986571e-02
-1.2316649135230312e-02
-1.2643387672834523e-02
-1.2984815286339041e-02
-1.3341213368154622e-02
-1.3713648927010125e-02
-1.4103645222145940e-02
-1.4511675159789222e-02
-1.4938558530422358e-02
-1.5386594225002787e-02
-1.5856053103770508e-02
-1.6348631686154084e-02
-1.6866129396667134e-02
-1.7409649092061812e-02
-1.7981392737560609e-02
-1.8582950922795185e-02
-1.9216299683494819e-02
-1.9884115799413744e-02
-2.0588038148403057e-02
-2.1331152757917686e-02
-2.2116497461464189e-02
-2.2946118203055341e-02
-2.3824349544022395e-02
-2.4754503970445627e-02
-2.5740040615844152e-02
-2.6786084646740847e-02
-2.7896655460207753e-02
-2.9077090094620898e-02
-3.0333614529567444e-02
-3.1671265640424641e-02
-3.3097910557594701e-02
-3.4621046789971847e-02
-3.6248065448292080e-02
-3.7989429726310572e-02
-3.9854598569718791e-02
-4.1854923556113026e-02
-4.4003946691570678e-02
-4.6314267629688564e-02
-4.8802900555425632e-02
-5.1487565896654514e-02
-5.4386793635011511e-02
-5.7524709059991894e-02
-6.0925447441992388e-02
-6.4617743931917312e-02
-6.8635353798030291e-02
-7.3012954434598376e-02
-7.7795051439793317e-02
-8.3029847194111703e-02
-8.8771829353920167e-02
-9.5088022991849361e-02
-1.0205119771793209e-01
-1.0974984839877674e-01
-1.1828754178517749e-01
-1.2778084623909222e-01
-1.3837612734408580e-01
-1.5024043279462676e-01
-1.6357545727824579e-01
-1.7862763011624147e-01
-1.9568614111920707e-01
-2.1511537696346555e-01
-2.3735626733829057e-01
-2.6295384721335918e-01
-2.9260010204772807e-01
-3.2715236872517328e-01
-3.6769455776795484e-01
-4.1567980961078943e-01
-4.7297400636636788e-01
-5.4208093334560481e-01
-6.2635954361287050e-01
-7.3045590027485530e-01
-8.6090084201339834e-01
-1.0268705750388225e+00
-1.2422820778923145e+00
-1.5282588300682791e+00
-1.9176220200364720e+00
-2.4649468831922530e+00
-3.2628767330931243e+00
-4.4794662553406983e+00
-6.4277062519319390e+00
-9.6735417740070453e+00
-1.4766557347755924e+01
-1.8711271918458579e+01
0.0000000000000000e+00
2.4055929233035767e-01
0.0000000000000000e+00
0.0000000000000000e+00
];
