%Vec Object:sol 1 MPI processes
%  type: mpi
sol = [
0.0000000000000000e+00
-7.2741662772753131e+01
-3.4823943141653317e+01
-1.6829619774748124e+01
-9.4485775678769741e+00
-5.9578321981319737e+00
-4.0748495695054459e+00
-2.9539148647953168e+00
-2.2352854676698737e+00
-1.7488208650609427e+00
-1.4045694952821608e+00
-1.1522850892044427e+00
-9.6207410029987239e-01
-8.1510109643679052e-01
-6.9927044597703658e-01
-6.0638507255021368e-01
-5.3082742116471615e-01
-4.6853252293894215e-01
-4.1652157713416871e-01
-3.7270286897967031e-01
-3.3543342768358853e-01
-3.0343899680534964e-01
-2.7581190340422618e-01
-2.5179945605915560e-01
-2.3077265117074897e-01
-2.1226474847179169e-01
-1.9590373229063363e-01
-1.8136015991477639e-01
-1.6836508566296771e-01
-1.5672419517489650e-01
-1.4625436074080869e-01
-1.3678516202801058e-01
-1.2821188348227194e-01
-1.2042572754837887e-01
-1.1331796574913486e-01
-1.0682369599826175e-01
-1.0087695282464239e-01
-9.5408944515754990e-02
-9.0373090829079558e-02
-8.5729814600105994e-02
-8.1434514898178906e-02
-7.7451667871763358e-02
-7.3757608736671865e-02
-7.0322914814315171e-02
-6.7119208792343024e-02
-6.4132659607706824e-02
-6.1343716594933977e-02
-5.8728051071463019e-02
-5.6278748710330867e-02
-5.3982327345786382e-02
-5.1820383396230719e-02
-4.9787736236908145e-02
-4.7874830942433992e-02
-4.6068178491953750e-02
-4.4362959978028013e-02
-4.2752863060295708e-02
-4.1227878658268394e-02
-3.9783507956411557e-02
-3.8415658736408717e-02
-3.7116818405094114e-02
-3.5882802657400605e-02
-3.4711044600759765e-02
-3.3595841028785628e-02
-3.2533328581152418e-02
-3.1521987419547447e-02
-3.0557436597784010e-02
-2.9636141178197597e-02
-2.8757294930954483e-02
-2.7917488544131393e-02
-2.7113520315855580e-02
-2.6345063149360384e-02
-2.5609424448240350e-02
-2.4903736091982775e-02
-2.4227983994910312e-02
-2.3580004959885364e-02
-2.2957260348148670e-02
-2.2359931174889689e-02
-2.1786244937060689e-02
-2.1233984786131980e-02
-2.0703442792275734e-02
-2.0193133653314915e-02
-1.9701151734253602e-02
-1.9227840509431708e-02
-1.8771924259865399e-02
-1.8331796022265954e-02
-1.7907808409860251e-02
-1.7498836789203498e-02
-1.7103558977537282e-02
-1.6722307145560261e-02
-1.6354063530225088e-02
-1.5997776091999996e-02
-1.5653736142232959e-02
-1.5320999257539936e-02
-1.4998768558554025e-02
-1.4687280853285651e-02
-1.4385639721123257e-02
-1.4093288549406131e-02
-1.3810400713626622e-02
-1.3536108572568028e-02
-1.3270081073079629e-02
-1.3276544489345534e-02
-1.3555318757381018e-02
-1.3842913824532685e-02
-1.4140071028752489e-02
-1.4446537105223575e-02
-1.4763110857135265e-02
-1.5090512695279295e-02
-1.5428413837050851e-02
-1.5777934111152202e-02
-1.6139768015636460e-02
-1.6513499396727232e-02
-1.6900632301657066e-02
-1.7301703293657000e-02
-1.7716580184868012e-02
-1.8146842152226842e-02
-1.8592941321701400e-02
-1.9055171695427888e-02
-1.9535121610617174e-02
-2.0033176186362304e-02
-2.0550143492185376e-02
-2.1087627412390973e-02
-2.1645942665655525e-02
-2.2226517408354629e-02
-2.2830982573294811e-02
-2.3459582327773405e-02
-2.4114495074933615e-02
-2.4797321870847603e-02
-2.5508467163824964e-02
-2.6250794961057120e-02
-2.7025743017590937e-02
-2.7834601172965309e-02
-2.8680408749989308e-02
-2.9564658866499373e-02
-3.0489740015413058e-02
-3.1458934736090294e-02
-3.2473844408613915e-02
-3.3538229305766401e-02
-3.4655666929252968e-02
-3.5828092286688373e-02
-3.7060851295797018e-02
-3.8357570471929933e-02
-3.9721963184323097e-02
-4.1160116134971676e-02
-4.2676247228351456e-02
-4.4276381086136476e-02
-4.5967645520688473e-02
-4.7755142476187423e-02
-4.9647938872955023e-02
-5.1654225871924232e-02
-5.3781715849771983e-02
-5.6042265701092171e-02
-5.8445823019925916e-02
-6.1004645804594443e-02
-6.3733614364629501e-02
-6.6645664782808159e-02
-6.9759403933876918e-02
-7.3093656146514224e-02
-7.6667569476775568e-02
-8.0507187927540635e-02
-8.4637451660931798e-02
-8.9088474715506516e-02
-9.3895823108822857e-02
-9.9094720517234877e-02
-1.0473188599076967e-01
-1.1085681826177227e-01
-1.1752471023450480e-01
-1.2480144705185825e-01
-1.3276307845033228e-01
-1.4149971712797374e-01
-1.5111610828669614e-01
-1.6172831281776209e-01
-1.7348386242694797e-01
-1.8654862852727813e-01
-2.0112271149097394e-01
-2.1745045584174097e-01
-2.3581533733603788e-01
-2.5657591465900736e-01
-2.8016265532086643e-01
-3.0710537990897768e-01
-3.3807611107006913e-01
-3.7390401510487054e-01
-4.1566112180840198e-01
-4.6472066636441162e-01
-5.2280454108955754e-01
-5.9234225241783955e-01
-6.7651617255879981e-01
-7.7971541127489319e-01
-9.0808758404423529e-01
-1.0703214985072491e+00
-1.2792460501671228e+00
-1.5546482553967207e+00
-1.9270833611681597e+00
-2.4469531183717934e+00
-3.1998957118880083e+00
-4.3403384740886306e+00
-6.1540670799730011e+00
-9.1477888713032982e+00
-1.3754543846899017e+01
-1.7133148213161007e+01
0.0000000000000000e+00
1.3464638167935297e-01
0.0000000000000000e+00
0.0000000000000000e+00
];
