%Vec Object:sol 1 MPI processes
%  type: mpi
sol = [
0.0000000000000000e+00
-7.5073115284463071e+01
-3.5182161968219766e+01
-1.6879436034007398e+01
-9.4505875374139912e+00
-5.9538319757317453e+00
-4.0698208302553995e+00
-2.9486128584761624e+00
-2.2307197573971620e+00
-1.7448635389128246e+00
-1.4012763882313446e+00
-1.1492552615868123e+00
-9.5935652372844860e-01
-8.1279967652383700e-01
-6.9724157907934092e-01
-6.0450857722901463e-01
-5.2908755273662089e-01
-4.6691458132311120e-01
-4.1501229548808383e-01
-3.7129958967393034e-01
-3.3414593667870429e-01
-3.0225003412308582e-01
-2.7470763237530799e-01
-2.5076862945882178e-01
-2.2980283531611639e-01
-2.1134025198867054e-01
-1.9502071325449230e-01
-1.8051520441111482e-01
-1.6755515737896620e-01
-1.5594656990956413e-01
-1.4550659733914664e-01
-1.3606508762055727e-01
-1.2751751902383346e-01
-1.1975528345492986e-01
-1.1266984647070090e-01
-1.0619643322718617e-01
-1.0026920492722205e-01
-9.4819507076275053e-02
-8.9800855337951777e-02
-8.5173753579791400e-02
-8.0893697989459362e-02
-7.6925244228427600e-02
-7.3244776312163890e-02
-6.9822939935105799e-02
-6.6631428521825381e-02
-6.3656438288359846e-02
-6.0878386900726757e-02
-5.8273895387963980e-02
-5.5835325169843256e-02
-5.3549058841308526e-02
-5.1396762801456948e-02
-4.9373270383415976e-02
-4.7469059512064711e-02
-4.5670694749217970e-02
-4.3973370429977392e-02
-4.2370794686901754e-02
-4.0852999839782272e-02
-3.9415500737457768e-02
-3.8054216596701593e-02
-3.6761667038235420e-02
-3.5533682233443692e-02
-3.4367700113473336e-02
-3.3258042733606295e-02
-3.2200861961866917e-02
-3.1194637974951041e-02
-3.0235009812680361e-02
-2.9318458247603967e-02
-2.8444173632175464e-02
-2.7608762638995980e-02
-2.6809039446071117e-02
-2.6044671125824127e-02
-2.5312978053220855e-02
-2.4611107802440083e-02
-2.3939038849102319e-02
-2.3294618742459566e-02
-2.2675324004042645e-02
-2.2081327222038784e-02
-2.1510865041522127e-02
-2.0961734902156023e-02
-2.0434219962134355e-02
-1.9926842979614418e-02
-1.9437711434253612e-02
-1.8967159793034032e-02
-1.8513919722870264e-02
-1.8076395925421845e-02
-1.7654932247276756e-02
-1.7248411099843181e-02
-1.6855520220996810e-02
-1.6476583535419885e-02
-1.6110590296209131e-02
-1.5756498781742834e-02
-1.5414594726740722e-02
-1.5083936184252892e-02
-1.4763732339020307e-02
-1.4454171226487842e-02
-1.4154401662276807e-02
-1.3863877987069921e-02
-1.3582766586208056e-02
-1.3310200281440405e-02
-1.3045858403000592e-02
-1.3049445115266978e-02
-1.3320611520362980e-02
-1.3600313575652008e-02
-1.3889274151967716e-02
-1.4187235594872930e-02
-1.4494976585573237e-02
-1.4813197734299743e-02
-1.5141566046564232e-02
-1.5481174481654470e-02
-1.5832696289477134e-02
-1.6195711369496654e-02
-1.6571688460752465e-02
-1.6961143398846818e-02
-1.7363933980916433e-02
-1.7781599972473208e-02
-1.8214571993163491e-02
-1.8663124801448733e-02
-1.9128803875648050e-02
-1.9611971488614377e-02
-2.0113404674045227e-02
-2.0634660413187081e-02
-2.1176028958060870e-02
-2.1738892382059796e-02
-2.2324829877244903e-02
-2.2934059059825544e-02
-2.3568693141848653e-02
-2.4230276983935234e-02
-2.4919181158342841e-02
-2.5638184749613786e-02
-2.6388666805211292e-02
-2.7171859826164550e-02
-2.7990706937563583e-02
-2.8846634609543950e-02
-2.9741943473694774e-02
-3.0679805475548414e-02
-3.1661744769003242e-02
-3.2691393881787038e-02
-3.3772202060614494e-02
-3.4906009346066948e-02
-3.6097984956366930e-02
-3.7351612474328492e-02
-3.8670455772755685e-02
-4.0060390320841674e-02
-4.1525460459925168e-02
-4.3071467779373457e-02
-4.4705282000668978e-02
-4.6431788617558263e-02
-4.8259731445058289e-02
-5.0196989363364045e-02
-5.2250964398714843e-02
-5.4433085205902218e-02
-5.6752906161532800e-02
-5.9222218159810151e-02
-6.1855348098055159e-02
-6.4664712156990725e-02
-6.7668225690305769e-02
-7.0883991452767983e-02
-7.4330402634859891e-02
-7.8032529587210950e-02
-8.2014336386971434e-02
-8.6304780783264506e-02
-9.0938075580200631e-02
-9.5948055068924079e-02
-1.0137966504620260e-01
-1.0728048601708398e-01
-1.1370383449603216e-01
-1.2071627145651603e-01
-1.2838834156562995e-01
-1.3680665513873694e-01
-1.4607209588718373e-01
-1.5629641485356263e-01
-1.6762174670389313e-01
-1.8020785947337789e-01
-1.9424752876536616e-01
-2.0997554091523515e-01
-2.2765362859235602e-01
-2.4763570039900740e-01
-2.7033608848870411e-01
-2.9626436038473258e-01
-3.2606693768663647e-01
-3.6054134627552142e-01
-4.0071884884854553e-01
-4.4792229887978202e-01
-5.0386938626020505e-01
-5.7086087943843800e-01
-6.5193445608919343e-01
-7.5126105389445796e-01
-8.7481885443005813e-01
-1.0310739204356212e+00
-1.2325547473155076e+00
-1.4977819401147736e+00
-1.8569029799668026e+00
-2.3581219230075958e+00
-3.0848151642404131e+00
-4.1855200812091748e+00
-5.9360227232106935e+00
-8.8234927464390793e+00
-1.3242148772368695e+01
-1.6442793587786177e+01
0.0000000000000000e+00
1.3464638167935297e-01
0.0000000000000000e+00
0.0000000000000000e+00
];
