%Vec Object:sol 1 MPI processes
%  type: mpi
sol = [
0.0000000000000000e+00
-7.0766279636695884e+01
-3.4505392635734943e+01
-1.6785907223708875e+01
-9.4421163729734268e+00
-5.9608496038170324e+00
-4.0791304827990782e+00
-2.9575053325693430e+00
-2.2387225349552797e+00
-1.7517216505998616e+00
-1.4074102112232585e+00
-1.1545821560708829e+00
-9.6403685997132138e-01
-8.1695745191416780e-01
-7.0101398816357519e-01
-6.0798751146430241e-01
-5.3225143743610825e-01
-4.6981254715423887e-01
-4.1768355800997603e-01
-3.7377560973548030e-01
-3.3645237816403956e-01
-3.0440811222160558e-01
-2.7673493969166629e-01
-2.5267993617757550e-01
-2.3161383654873655e-01
-2.1306962594469156e-01
-1.9667503075700102e-01
-1.8210036062849319e-01
-1.6907424164831969e-01
-1.5740011598353260e-01
-1.4690020043631560e-01
-1.3740363999793404e-01
-1.2880539326228913e-01
-1.2099637107916812e-01
-1.1386757513310125e-01
-1.0735391139867634e-01
-1.0138923812562166e-01
-9.5904591193293642e-02
-9.0853263208997379e-02
-8.6195570429265386e-02
-8.1886798524588411e-02
-7.7891330480618776e-02
-7.4185438445412921e-02
-7.0739623973206378e-02
-6.7525434619136598e-02
-6.4529005890544888e-02
-6.1730657489940083e-02
-5.9106878580114916e-02
-5.6650005401302675e-02
-5.4346351674524340e-02
-5.2177470882086664e-02
-5.0138184654272396e-02
-4.8218922899285893e-02
-4.6406162128157770e-02
-4.4695082018684600e-02
-4.3079361669662641e-02
-4.1548964373796515e-02
-4.0099386628656489e-02
-3.8726532804853282e-02
-3.7422868184862547e-02
-3.6184201056410903e-02
-3.5007965064471062e-02
-3.3888439246582677e-02
-3.2821750755925368e-02
-3.1806383251710632e-02
-3.0837941465276020e-02
-2.9912879529512427e-02
-2.9030396853717253e-02
-2.8187072476574152e-02
-2.7379692874880894e-02
-2.6607938094345973e-02
-2.5869105935049163e-02
-2.5160316071235075e-02
-2.4481562530748718e-02
-2.3830674031985171e-02
-2.3205099796723572e-02
-2.2605029498143105e-02
-2.2028683631472212e-02
-2.1473833675846342e-02
-2.0940780544351341e-02
-2.0428032647950747e-02
-1.9933673490172013e-02
-1.9458055287157511e-02
-1.8999896442133988e-02
-1.8557580243245140e-02
-1.8131467701004728e-02
-1.7720428453815520e-02
-1.7323131937245037e-02
-1.6939918182955673e-02
-1.6569763634344297e-02
-1.6211609459185622e-02
-1.5865754126568106e-02
-1.5531247169851872e-02
-1.5207286690326912e-02
-1.4894115821266304e-02
-1.4590831693418793e-02
-1.4296874605774532e-02
-1.4012423318945470e-02
-1.3736603208166479e-02
-1.3469082200303467e-02
-1.3478100203282608e-02
-1.3763627196053724e-02
-1.4058227235981005e-02
-1.4362658003845997e-02
-1.4676670031140895e-02
-1.5001079924830863e-02
-1.5336625602861189e-02
-1.5682981902895063e-02
-1.6041292439146263e-02
-1.6412270478730173e-02
-1.6795503231662779e-02
-1.7192526009336111e-02
-1.7603893650820792e-02
-1.8029482706669698e-02
-1.8470907229471534e-02
-1.8928638280351542e-02
-1.9402986776239282e-02
-1.9895578950488157e-02
-2.0406820010467213e-02
-2.0937545383358840e-02
-2.1489400392506880e-02
-2.2062721241706704e-02
-2.2658976763924657e-02
-2.3279843569358021e-02
-2.3925589112042664e-02
-2.4598449377750738e-02
-2.5300074987456629e-02
-2.6030900121307401e-02
-2.6793863804551718e-02
-2.7590455509592448e-02
-2.8422015557365104e-02
-2.9291668192028851e-02
-3.0200965208928617e-02
-3.1152372574429606e-02
-3.2149282218174972e-02
-3.3193375383531606e-02
-3.4288335840224810e-02
-3.5437906149797874e-02
-3.6644089268752351e-02
-3.7912477792593088e-02
-3.9246820193011726e-02
-4.0650957135905205e-02
-4.2131156619675147e-02
-4.3691783921795214e-02
-4.5339054045808840e-02
-4.7080315289578387e-02
-4.8920852507755380e-02
-5.0870008536486176e-02
-5.2936239734755773e-02
-5.5127520762470933e-02
-5.7456073012340861e-02
-5.9932176120428983e-02
-6.2568483190976090e-02
-6.5380343167883118e-02
-6.8381128957604953e-02
-7.1590031813481794e-02
-7.5026483382277576e-02
-7.8710264453037887e-02
-8.2668238526424909e-02
-8.6926162193729409e-02
-9.1515117163377763e-02
-9.6471801546918534e-02
-1.0183259427579812e-01
-1.0764569366620298e-01
-1.1396218823766112e-01
-1.2083934255398457e-01
-1.2834855752774418e-01
-1.3656560318123442e-01
-1.4558342192897522e-01
-1.5551027328152831e-01
-1.6646615883446703e-01
-1.7860354319521984e-01
-1.9209390431925857e-01
-2.0714408794505532e-01
-2.2400665026599159e-01
-2.4297465994908257e-01
-2.6441872353738277e-01
-2.8878127086756789e-01
-3.1658907734688779e-01
-3.4855239552273204e-01
-3.8552588376229541e-01
-4.2861424899380390e-01
-4.7923417238269239e-01
-5.3922460855251819e-01
-6.1104772673384544e-01
-6.9799043318250376e-01
-8.0450069473559738e-01
-9.3687485765044254e-01
-1.1042182989415179e+00
-1.3199126094479123e+00
-1.6037950711618179e+00
-1.9877766402341248e+00
-2.5234079292999394e+00
-3.2992901317970320e+00
-4.4735394034917624e+00
-6.3407147203046872e+00
-9.4253237218910417e+00
-1.4189241377761201e+01
-1.7719295642973716e+01
0.0000000000000000e+00
1.3464638167935297e-01
0.0000000000000000e+00
0.0000000000000000e+00
];
