%Vec Object:sol 1 MPI processes
%  type: mpi
sol = [
0.0000000000000000e+00
-4.1293177005709246e+01
-2.4298748003380897e+01
-1.3045425333195649e+01
-7.6507832247839076e+00
-4.9319141166632248e+00
-3.4172749456093428e+00
-2.4978164523749617e+00
-1.9019298874393686e+00
-1.4946343928432306e+00
-1.2049300408138668e+00
-9.9154585067566281e-01
-8.2989528650737898e-01
-7.0472588986374451e-01
-6.0581228475560511e-01
-5.2631124757962611e-01
-4.6151393442455041e-01
-4.0799849165965157e-01
-3.6324873969462168e-01
-3.2550350539421696e-01
-2.9335533170594513e-01
-2.6572400627579257e-01
-2.4183895554649715e-01
-2.2105839220237611e-01
-2.0284447735949304e-01
-1.8679831534489780e-01
-1.7260175551241988e-01
-1.5997216494795952e-01
-1.4867857718078906e-01
-1.3855458396533438e-01
-1.2944272952707650e-01
-1.2119595530566667e-01
-1.1372461940203347e-01
-1.0693499728654209e-01
-1.0073295860245329e-01
-9.5062844399969287e-02
-8.9867780993174440e-02
-8.5088109655685640e-02
-8.0683683388303493e-02
-7.6620419949603710e-02
-7.2859595423164392e-02
-6.9370421598526286e-02
-6.6132588323479985e-02
-6.3120537183536912e-02
-6.0309532523305509e-02
-5.7687790895075600e-02
-5.5238266393824537e-02
-5.2940405717383315e-02
-5.0787792598128274e-02
-4.8768573101091749e-02
-4.6866564138592838e-02
-4.5077456252832944e-02
-4.3392966706427213e-02
-4.1801214838736632e-02
-4.0298124533913501e-02
-3.8878248892249286e-02
-3.7532760026192151e-02
-3.6257800044499335e-02
-3.5049866498946057e-02
-3.3902325624124950e-02
-3.2811548853355320e-02
-3.1775371039724283e-02
-3.0788750950035349e-02
-2.9848308047404695e-02
-2.8952795311059695e-02
-2.8098148075830647e-02
-2.7281427222922938e-02
-2.6502038590263413e-02
-2.5756962040886410e-02
-2.5043354486111651e-02
-2.4361012411414546e-02
-2.3707548380553074e-02
-2.3080401498222075e-02
-2.2479641093441610e-02
-2.1903346919284229e-02
-2.1349241453064161e-02
-2.0817562493197325e-02
-2.0306734068904871e-02
-1.9814759192652666e-02
-1.9341969493371518e-02
-1.8887041323646773e-02
-1.8448252145952082e-02
-1.8025974286688222e-02
-1.7619067277646085e-02
-1.7226074666325579e-02
-1.6847371669523374e-02
-1.6481948732385749e-02
-1.6128605464813515e-02
-1.5787693408360511e-02
-1.5458294302168092e-02
-1.5139452774731700e-02
-1.4831478236171610e-02
-1.4533513568379505e-02
-1.4244836749418267e-02
-1.3965702646714364e-02
-1.3695292419766646e-02
-1.3433105555280324e-02
-1.3179334166070528e-02
-1.2933180266566742e-02
-1.2694352984918635e-02
-1.2715940177220390e-02
-1.2998720746573900e-02
-1.3290675846659265e-02
-1.3592551235171798e-02
-1.3904142486771463e-02
-1.4226253988361658e-02
-1.4559619329761270e-02
-1.4903965823922387e-02
-1.5260415190270741e-02
-1.5629684894612993e-02
-1.6011422932512929e-02
-1.6407132693761366e-02
-1.6817388712364597e-02
-1.7242119724602989e-02
-1.7682915594724496e-02
-1.8140279231228566e-02
-1.8614561704343922e-02
-1.9107377493654910e-02
-1.9619175864503728e-02
-2.0150820707822734e-02
-2.0703959510354551e-02
-2.1278985977918115e-02
-2.1877386825084971e-02
-2.2500856354355971e-02
-2.3149734521614809e-02
-2.3826266192826656e-02
-2.4532139731738730e-02
-2.5267871428400184e-02
-2.6036409885962664e-02
-2.6839309074439436e-02
-2.7677983892122258e-02
-2.8555591970433905e-02
-2.9473772868241304e-02
-3.0435063663236971e-02
-3.1442905899802170e-02
-3.2499083749217679e-02
-3.3607544392615332e-02
-3.4772074254036625e-02
-3.5994836237968474e-02
-3.7281421226831889e-02
-3.8635726085169318e-02
-4.0061754520746028e-02
-4.1565918767434679e-02
-4.3152784054111444e-02
-4.4828759790581728e-02
-4.6601404535229297e-02
-4.8476269286100604e-02
-5.0462946371088557e-02
-5.2570193048644034e-02
-5.4806326397335556e-02
-5.7183918597240473e-02
-5.9713667631544710e-02
-6.2408679316567774e-02
-6.5284805501000354e-02
-6.8355996834314287e-02
-7.1642074787182763e-02
-7.5163190453422804e-02
-7.8939932281999234e-02
-8.3000075827943803e-02
-8.7370410611087815e-02
-9.2083188350775780e-02
-9.7176450529600125e-02
-1.0268808515564389e-01
-1.0866805092092802e-01
-1.1516944327740827e-01
-1.2225182336451330e-01
-1.2998929984346269e-01
-1.3846072767046108e-01
-1.4776269369868325e-01
-1.5800773773755422e-01
-1.6932080550695452e-01
-1.8186036680394119e-01
-1.9579510584312509e-01
-2.1134725159162765e-01
-2.2877939668556818e-01
-2.4839602097104513e-01
-2.7058186563007219e-01
-2.9579905259255540e-01
-3.2461635783309689e-01
-3.5775491245686158e-01
-3.9610473408314978e-01
-4.4081602422358124e-01
-4.9336404591649746e-01
-5.5566404857055385e-01
-6.3022395031593215e-01
-7.2044185048270148e-01
-8.3106000369599686e-01
-9.6866259332343241e-01
-1.1426624404263728e+00
-1.3666299793285108e+00
-1.6616850347937573e+00
-2.0607612462678508e+00
-2.6172104913496503e+00
-3.4228389803498738e+00
-4.6422139677028422e+00
-6.5808891107498662e+00
-9.7863444108602913e+00
-1.4762306323952801e+01
-1.8502117233769209e+01
0.0000000000000000e+00
2.4055929233035767e-01
0.0000000000000000e+00
0.0000000000000000e+00
];
