%Vec Object:sol 1 MPI processes
%  type: mpi
sol = [
0.0000000000000000e+00
-4.0639758646559415e+01
-2.4082725947544809e+01
-1.2981342560419810e+01
-7.6259990861600526e+00
-4.9204239462004535e+00
-3.4103807479878157e+00
-2.4937861876386158e+00
-1.8991986028875025e+00
-1.4928649977284461e+00
-1.2035780558028433e+00
-9.9049341305746896e-01
-8.2923961969850346e-01
-7.0424720288030662e-01
-6.0543641243595980e-01
-5.2601656972301269e-01
-4.6128417257871779e-01
-4.0782128463165185e-01
-3.6311460053462324e-01
-3.2540486371612698e-01
-2.9330906655697492e-01
-2.6571980137745199e-01
-2.4186800466061800e-01
-2.2110969377140005e-01
-2.0290585187558882e-01
-1.8686817779554585e-01
-1.7267876910241686e-01
-1.6005521845944032e-01
-1.4876673965804413e-01
-1.3864705275325695e-01
-1.2953882474868006e-01
-1.2129510676845801e-01
-1.1382632784983319e-01
-1.0703883504684088e-01
-1.0083856248600673e-01
-9.5169896560145101e-02
-8.9976006666786346e-02
-8.5197271875352712e-02
-8.0793575479091856e-02
-7.6730862637926819e-02
-7.2970432433857285e-02
-6.9481515867833646e-02
-6.6243821919875559e-02
-6.3231806873716628e-02
-6.0420745888457174e-02
-5.7798870327721907e-02
-5.5349144400512244e-02
-5.3051019003724942e-02
-5.0898090563939812e-02
-4.8878512345838190e-02
-4.6976101547029685e-02
-4.5186559143977054e-02
-4.3501607819458596e-02
-4.1909365900100887e-02
-4.0405764547639403e-02
-3.8985361725945869e-02
-3.7639327968352246e-02
-3.6363809973742708e-02
-3.5155310009761936e-02
-3.4007192588928530e-02
-3.2915831475162499e-02
-3.1879066297233964e-02
-3.0891854279889646e-02
-2.9950814889037707e-02
-2.9054706142590200e-02
-2.8199650677680054e-02
-2.7382530389117695e-02
-2.6602728822469217e-02
-2.5857225798605145e-02
-2.5143177703190023e-02
-2.4460387269356544e-02
-2.3806466845177395e-02
-2.3178853947341083e-02
-2.2577623872500712e-02
-2.2000855972172328e-02
-2.1446270441055536e-02
-2.0914110775540833e-02
-2.0402800437326059e-02
-1.9910339772455616e-02
-1.9437065819942336e-02
-1.8981654190592997e-02
-1.8542379557377142e-02
-1.8119619339759536e-02
-1.7712232130367395e-02
-1.7318758786200806e-02
-1.6939579262052185e-02
-1.6573682834462741e-02
-1.6219866708149146e-02
-1.5878486770778775e-02
-1.5548623329071419e-02
-1.5229319051149590e-02
-1.4920887262250236e-02
-1.4622469112029381e-02
-1.4333341196483947e-02
-1.4053761833472171e-02
-1.3782910115465483e-02
-1.3520284838659427e-02
-1.3266081070895606e-02
-1.3019498392827553e-02
-1.2780246031538142e-02
-1.2803149237061098e-02
-1.3089065300645469e-02
-1.3384272877649421e-02
-1.3689525188523028e-02
-1.4004619766387888e-02
-1.4330369127302666e-02
-1.4667514900427944e-02
-1.5015786304008950e-02
-1.5376315901817320e-02
-1.5749829826858720e-02
-1.6135977893160507e-02
-1.6536277739658108e-02
-1.6951312348965342e-02
-1.7381014761357640e-02
-1.7826990869697988e-02
-1.8289752505961061e-02
-1.8769658562025508e-02
-1.9268351281569833e-02
-1.9786280938616466e-02
-2.0324248822439234e-02
-2.0883961460506445e-02
-2.1465828913017390e-02
-2.2071364523508233e-02
-2.2702291413427070e-02
-2.3358959625472547e-02
-2.4043639556118278e-02
-2.4758041432761224e-02
-2.5502694384052255e-02
-2.6280580258441176e-02
-2.7093275670437972e-02
-2.7942217520721197e-02
-2.8830600929679918e-02
-2.9760090978870741e-02
-3.0733258650671575e-02
-3.1753588367442513e-02
-3.2822893649255183e-02
-3.3945171099449369e-02
-3.5124256568869874e-02
-3.6362348852304112e-02
-3.7665107200705136e-02
-3.9036483057328666e-02
-4.0480537046437400e-02
-4.2003762658032809e-02
-4.3610790945551009e-02
-4.5308116486334891e-02
-4.7103396505440182e-02
-4.9002263534760865e-02
-5.1014433346583843e-02
-5.3148781618815179e-02
-5.5413742328934985e-02
-5.7822050548961126e-02
-6.0384552209408672e-02
-6.3114529288293725e-02
-6.6028042683520027e-02
-6.9139237314023896e-02
-7.2468195147757042e-02
-7.6035337595198316e-02
-7.9861534295869452e-02
-8.3974925626675898e-02
-8.8402663694994124e-02
-9.3177430126307290e-02
-9.8337769347245002e-02
-1.0392208143359286e-01
-1.0998098168988386e-01
-1.1656827092359526e-01
-1.2374430218730879e-01
-1.3158415580121152e-01
-1.4016773070476923e-01
-1.4959287887588196e-01
-1.5997361059649759e-01
-1.7143650941270344e-01
-1.8414209400928688e-01
-1.9827117298656768e-01
-2.1404178774766164e-01
-2.3172008615373513e-01
-2.5161522153473109e-01
-2.7410460646458645e-01
-2.9965889035522558e-01
-3.2886034900465183e-01
-3.6243920621126741e-01
-4.0129661667124633e-01
-4.4659704013438489e-01
-4.9983384886410337e-01
-5.6294554618500148e-01
-6.3852697470305286e-01
-7.3001667385266911e-01
-8.4206144867238630e-01
-9.8141836377896163e-01
-1.1576072158192661e+00
-1.3846454828977246e+00
-1.6833332417252895e+00
-2.0874861391163386e+00
-2.6506847242335927e+00
-3.4661895130248772e+00
-4.7000111773700830e+00
-6.6618072299798525e+00
-9.9049279937329473e+00
-1.4946861524080205e+01
-1.8750477200704260e+01
0.0000000000000000e+00
2.4055929233035767e-01
0.0000000000000000e+00
0.0000000000000000e+00
];
