%Vec Object:sol 1 MPI processes
%  type: mpi
sol = [
0.0000000000000000e+00
-4.1416531063593681e+01
-2.4339216783335797e+01
-1.3057390333765305e+01
-7.6554061854175330e+00
-4.9339625206844104e+00
-3.4184822792840523e+00
-2.4985708256874863e+00
-1.9023766185881092e+00
-1.4949671520992529e+00
-1.2051844938031180e+00
-9.9172700280980319e-01
-8.3001121706274938e-01
-7.0481694907632209e-01
-6.0588400912470730e-01
-5.2636769191224675e-01
-4.6155815323270039e-01
-4.0803280528349140e-01
-3.6327492958185603e-01
-3.2550817521646097e-01
-2.9335498415664540e-01
-2.6572038755362692e-01
-2.4183260422350994e-01
-2.2104975025085957e-01
-2.0283390375432372e-01
-1.8678611052645239e-01
-1.7258817310750824e-01
-1.5995741592534163e-01
-1.4866283839754899e-01
-1.3853800809557523e-01
-1.2942544600547218e-01
-1.2117807271494940e-01
-1.1370623298552079e-01
-1.0691618872326597e-01
-1.0071379726052751e-01
-9.5043391113805192e-02
-8.9848088433251275e-02
-8.5068223267630222e-02
-8.0663642859867879e-02
-7.6600259802817594e-02
-7.2839345766882072e-02
-6.9350108870178645e-02
-6.6112235362981442e-02
-6.3100164007905662e-02
-6.0289157043295093e-02
-5.7667428253762656e-02
-5.5217929794987089e-02
-5.2920107493673922e-02
-5.0767542724342467e-02
-4.8748380172525002e-02
-4.6846436622161348e-02
-4.5057400678354315e-02
-4.3372988567872028e-02
-4.1781319762632073e-02
-4.0278316789362487e-02
-3.8858531827110285e-02
-3.7513136829960325e-02
-3.6238274340522007e-02
-3.5030457898556099e-02
-3.3882773098056283e-02
-3.2791812781338525e-02
-3.1755479162755305e-02
-3.0768728919523858e-02
-2.9828178555433994e-02
-2.8932578214374914e-02
-2.8078050566229709e-02
-2.7261476813436714e-02
-2.6482233047197677e-02
-2.5737299448358269e-02
-2.5023833387906095e-02
-2.4341630446493779e-02
-2.3688303531029489e-02
-2.3061292324107693e-02
-2.2460665236224430e-02
-2.1884502326895448e-02
-2.1330526719773923e-02
-2.0798975298011488e-02
-2.0288272375844178e-02
-1.9796421636328283e-02
-1.9323753813048752e-02
-1.8868945537274875e-02
-1.8430274928074589e-02
-1.8008113451024668e-02
-1.7601320924176978e-02
-1.7208441504161485e-02
-1.6829849595068759e-02
-1.6464535948901904e-02
-1.6111300708675790e-02
-1.5770494662749560e-02
-1.5441199889199684e-02
-1.5122461448654766e-02
-1.4814588068203609e-02
-1.4516723011245871e-02
-1.4228144565944296e-02
-1.3949106995437421e-02
-1.3678791892634282e-02
-1.3416698914208497e-02
-1.3163019654884655e-02
-1.2916956622427190e-02
-1.2678218959045773e-02
-1.2699568474932135e-02
-1.2981770112484119e-02
-1.3273124941317195e-02
-1.3574377359934447e-02
-1.3885322617927201e-02
-1.4206763623893977e-02
-1.4539432510630560e-02
-1.4883056284551988e-02
-1.5238754690413938e-02
-1.5607243632492373e-02
-1.5988170826684394e-02
-1.6383037066303105e-02
-1.6792415367333214e-02
-1.7216233746194316e-02
-1.7656079170427191e-02
-1.8112452981253947e-02
-1.8585704855088491e-02
-1.9077446126402098e-02
-1.9588124406103611e-02
-2.0118601328345188e-02
-2.0670520946409473e-02
-2.1244275208323383e-02
-2.1841347469410886e-02
-2.2463428257369963e-02
-2.3110855638433382e-02
-2.3785869719451878e-02
-2.4490154784406807e-02
-2.5224224719163160e-02
-2.5991021929732017e-02
-2.6792096156728309e-02
-2.7628858187072270e-02
-2.8504458660493819e-02
-2.9420532366168681e-02
-3.0379610052223210e-02
-3.1385125262415908e-02
-3.2438856680514834e-02
-3.3544742264969868e-02
-3.4706559212802406e-02
-3.5926463716220672e-02
-3.7210033900852792e-02
-3.8561156435197419e-02
-3.9983824392519976e-02
-4.1484434838675831e-02
-4.3067540700754282e-02
-4.4739535482163147e-02
-4.6507959315817755e-02
-4.8378347956863826e-02
-5.0360270681564262e-02
-5.2462462623198709e-02
-5.4693219009941646e-02
-5.7065081597123549e-02
-5.9588720714389788e-02
-6.2277209258069573e-02
-6.5146360016460292e-02
-6.8210087315989099e-02
-7.1488163949068484e-02
-7.5000690480265142e-02
-7.8768202781015054e-02
-8.2818408217744402e-02
-8.7178028507068794e-02
-9.1879234984530780e-02
-9.6959975106698765e-02
-1.0245804106935620e-01
-1.0842326878847956e-01
-1.1490862177394770e-01
-1.2197351300903216e-01
-1.2969186938825575e-01
-1.3814235050615303e-01
-1.4742130647980128e-01
-1.5764100192083441e-01
-1.6892617312996816e-01
-1.8142610773434728e-01
-1.9532536349966803e-01
-2.1083839169459795e-01
-2.2822674086089392e-01
-2.4779415103026306e-01
-2.6992443648850883e-01
-2.9507861107605138e-01
-3.2382409592011541e-01
-3.5688031803796239e-01
-3.9513520713509126e-01
-4.3973629116393165e-01
-4.9215543618916308e-01
-5.5430352721744958e-01
-6.2865474354646089e-01
-7.1865263524960865e-01
-8.2900361029061687e-01
-9.6627752186387450e-01
-1.1398670702020948e+00
-1.3632598467601433e+00
-1.6576333749922540e+00
-2.0557308685577134e+00
-2.6109398137780402e+00
-3.4147132010007328e+00
-4.6313708879235218e+00
-6.5656931299997190e+00
-9.7640414846388968e+00
-1.4727540042889142e+01
-1.8455301289243000e+01
0.0000000000000000e+00
2.4055929233035767e-01
0.0000000000000000e+00
0.0000000000000000e+00
];
