%Vec Object:sol 1 MPI processes
%  type: mpi
sol = [
0.0000000000000000e+00
-4.1431626185927534e+01
-2.4344162300718960e+01
-1.3058852209635461e+01
-7.6559712882937170e+00
-4.9342132472847311e+00
-3.4186183350280723e+00
-2.4986636555424635e+00
-1.9024317315539891e+00
-1.4950082463537313e+00
-1.2052159547075705e+00
-9.9174552268966398e-01
-8.3002568375528096e-01
-7.0482833257547250e-01
-6.0589299557246346e-01
-5.2637478375189106e-01
-4.6156372884710056e-01
-4.0803715218713810e-01
-3.6327826846599309e-01
-3.2550873915127126e-01
-2.9335505681085472e-01
-2.6572004991480846e-01
-2.4183192355994820e-01
-2.2104878176724005e-01
-2.0283269229885684e-01
-1.8678469363754116e-01
-1.7258658247921180e-01
-1.5995567792962878e-01
-1.4866097514928217e-01
-1.3853603869148237e-01
-1.2942338664272379e-01
-1.2117593698667921e-01
-1.1370403282163606e-01
-1.0691393436434173e-01
-1.0071149740016923e-01
-9.5041053386071148e-02
-8.9845719453472916e-02
-8.5065828732813362e-02
-8.0661227775223651e-02
-7.6597828516107358e-02
-7.2836902071980694e-02
-6.9347656100814559e-02
-6.6109776405996634e-02
-6.3097701395572692e-02
-6.0286693041101333e-02
-5.7664964784917672e-02
-5.5215468539333429e-02
-5.2917650016644467e-02
-5.0765090301178407e-02
-4.8745933905472397e-02
-4.6843997591437016e-02
-4.5054969726082826e-02
-4.3370566407040213e-02
-4.1778907118536442e-02
-4.0275914210807721e-02
-3.8856139768362205e-02
-3.7510756267846987e-02
-3.6235906114905549e-02
-3.5027958012891776e-02
-3.3880220875282724e-02
-3.2789279235651114e-02
-3.1752964084769041e-02
-3.0766232162390477e-02
-2.9825699976380370e-02
-2.8930117568924822e-02
-2.8075607664113537e-02
-2.7259051497627376e-02
-2.6479825053508085e-02
-2.5734908559372681e-02
-2.5021459440967824e-02
-2.4339273168172550e-02
-2.3685962688651523e-02
-2.3058967754395279e-02
-2.2458356663596357e-02
-2.1882209512287410e-02
-2.1328249502033530e-02
-2.0796713404179181e-02
-2.0286025567037933e-02
-1.9794189754680811e-02
-1.9321536591377260e-02
-1.8866742741829295e-02
-1.8428086404547132e-02
-1.8005938940038026e-02
-1.7599160200801624e-02
-1.7206294417246488e-02
-1.6827715894271584e-02
-1.6462415420911741e-02
-1.6109193204797846e-02
-1.5768399942356709e-02
-1.5439117752675941e-02
-1.5120391748755237e-02
-1.4812530574325935e-02
-1.4514677539021524e-02
-1.4226110968576729e-02
-1.3947085052370689e-02
-1.3676781435910610e-02
-1.3414699796418924e-02
-1.3161031665364807e-02
-1.2914979610451006e-02
-1.2676252775470407e-02
-1.2697573234893731e-02
-1.2979704224093818e-02
-1.3270985799194980e-02
-1.3572162192825846e-02
-1.3883028614680069e-02
-1.4204387792940906e-02
-1.4536971682544938e-02
-1.4880507252237876e-02
-1.5236114005804957e-02
-1.5604507656861161e-02
-1.5985335886876492e-02
-1.6380099172323182e-02
-1.6789370343763061e-02
-1.7213077329485866e-02
-1.7652806743498898e-02
-1.8109059735528121e-02
-1.8582185811627901e-02
-1.9073795922353542e-02
-1.9584337476411928e-02
-2.0114671832290446e-02
-2.0666442624083819e-02
-2.1240041584927420e-02
-2.1836951659931485e-02
-2.2458862915847640e-02
-2.3106113187841188e-02
-2.3780942001684027e-02
-2.4485033143068151e-02
-2.5218900203918055e-02
-2.5985484833590505e-02
-2.6786336255998622e-02
-2.7622864755717721e-02
-2.8498220118692009e-02
-2.9414036551297054e-02
-3.0372844028499147e-02
-3.1378075116935827e-02
-3.2431507829762229e-02
-3.3537078999038884e-02
-3.4698564694709430e-02
-3.5918120288674645e-02
-3.7201322348578092e-02
-3.8552056297248394e-02
-3.9974313908658812e-02
-4.1474490395982007e-02
-4.3057137183228400e-02
-4.4728645830655701e-02
-4.6496554220366255e-02
-4.8366396244929756e-02
-5.0347738364711889e-02
-5.2449313009913401e-02
-5.4679412738862412e-02
-5.7050575590142802e-02
-5.9573468514542247e-02
-6.2261160386322151e-02
-6.5129459221553332e-02
-6.8192274908300640e-02
-7.1469374291572074e-02
-7.4980851764627682e-02
-7.8747236769141860e-02
-8.2796228342527617e-02
-8.7154539916027118e-02
-9.1854333002763869e-02
-9.6933543554773710e-02
-1.0242995208818072e-01
-1.0839337950189595e-01
-1.1487677318163329e-01
-1.2193952800437206e-01
-1.2965554865130194e-01
-1.3810347084018021e-01
-1.4737961575480230e-01
-1.5759621437090601e-01
-1.6887712641987307e-01
-1.8137302647524997e-01
-1.9526799715857357e-01
-2.1077624662622346e-01
-2.2815924540403582e-01
-2.4772064310778522e-01
-2.6984414074262186e-01
-2.9499061671792270e-01
-3.2372732656529896e-01
-3.5677348901384698e-01
-3.9501677856559481e-01
-4.3960439624396302e-01
-4.9200779301135605e-01
-5.5413732178125563e-01
-6.2846304744846082e-01
-7.1843405348696343e-01
-8.2875237675421209e-01
-9.6598611806449819e-01
-1.1395255213087021e+00
-1.3628480664634222e+00
-1.6571382884440851e+00
-2.0551161709666452e+00
-2.6101734778544317e+00
-3.4137200757121722e+00
-4.6300454975078233e+00
-6.5638354040581746e+00
-9.7613143032718011e+00
-1.4723287824506482e+01
-1.8449574845525849e+01
0.0000000000000000e+00
2.4055929233035767e-01
0.0000000000000000e+00
0.0000000000000000e+00
];
