%Vec Object:sol 1 MPI processes
%  type: mpi
sol = [
0.0000000000000000e+00
-4.3818517384423053e+01
-2.5047694466499735e+01
-1.3225143302334120e+01
-7.6975374117111581e+00
-4.9396002083790469e+00
-3.4105032254802539e+00
-2.4860457943411047e+00
-1.8879804341089752e+00
-1.4802953572921862e+00
-1.1905818600646703e+00
-9.7755797162428537e-01
-8.1661148870781453e-01
-6.9206138423015928e-01
-5.9373833369703433e-01
-5.1482090644732925e-01
-4.5058492555943397e-01
-3.9760201435524345e-01
-3.5335434850607922e-01
-3.1607902746323041e-01
-2.8439236779734017e-01
-2.5718856305566473e-01
-2.3369842857218764e-01
-2.1328024402254536e-01
-1.9539580786914024e-01
-1.7965784007366600e-01
-1.6574942099334153e-01
-1.5338984858888946e-01
-1.4234992585118567e-01
-1.3246391913084304e-01
-1.2357567819978470e-01
-1.1553995395588855e-01
-1.0826734550097868e-01
-1.0166505451762667e-01
-9.5640425935210452e-02
-9.0138041356083665e-02
-8.5101626352524412e-02
-8.0472566580174654e-02
-7.6211123536790090e-02
-7.2283523425459129e-02
-6.8651771600009223e-02
-6.5285598395583067e-02
-6.2164799008084810e-02
-5.9264314721269772e-02
-5.6559995766188587e-02
-5.4040024413517483e-02
-5.1687686372313829e-02
-4.9483052401447770e-02
-4.7419576696445448e-02
-4.5485640506791318e-02
-4.3665621867369324e-02
-4.1955097863998363e-02
-4.0345947445844875e-02
-3.8826724060414444e-02
-3.7393325220143332e-02
-3.6040387170620247e-02
-3.4759419038373561e-02
-3.3546598535136966e-02
-3.2398449827748012e-02
-3.1308601871804287e-02
-3.0273504342208428e-02
-2.9290978718763443e-02
-2.8356189989876705e-02
-2.7465862833004184e-02
-2.6618709561940498e-02
-2.5811017412497167e-02
-2.5039790803477957e-02
-2.4304349499589154e-02
-2.3601805222971464e-02
-2.2929445153116658e-02
-2.2286997243197413e-02
-2.1672181243591618e-02
-2.1082566758733833e-02
-2.0518148717667547e-02
-1.9977095839492393e-02
-1.9457256364697070e-02
-1.8958791923220704e-02
-1.8480202398290617e-02
-1.8019608080471376e-02
-1.7577265750164016e-02
-1.7151918523806448e-02
-1.6741949876480783e-02
-1.6347660899333691e-02
-1.5967971948812210e-02
-1.5601519290146432e-02
-1.5248612214412665e-02
-1.4908298540423607e-02
-1.4579455871096976e-02
-1.4262376350137119e-02
-1.3956197586944500e-02
-1.3660026502577324e-02
-1.3374120514882836e-02
-1.3097678400696033e-02
-1.2830024129650619e-02
-1.2571368563965448e-02
-1.2320949966922911e-02
-1.2078297190572549e-02
-1.1843566708956831e-02
-1.1616019774239541e-02
-1.1395378140427325e-02
-1.1408693245935631e-02
-1.1656292155255233e-02
-1.1911948415896980e-02
-1.2176328975413890e-02
-1.2449243815468950e-02
-1.2731412889735262e-02
-1.3023491455732700e-02
-1.3325229005483068e-02
-1.3637630388050921e-02
-1.3961336320601432e-02
-1.4296025826099235e-02
-1.4643046804078927e-02
-1.5002911156882617e-02
-1.5375552298478451e-02
-1.5762394847974589e-02
-1.6163887698326870e-02
-1.6580344881880961e-02
-1.7013213298352793e-02
-1.7462895949648009e-02
-1.7930168086813445e-02
-1.8416507620789023e-02
-1.8922270853850932e-02
-1.9448793720044950e-02
-1.9997597902061640e-02
-2.0568999119718143e-02
-2.1165021472032364e-02
-2.1787062489578568e-02
-2.2435919272350259e-02
-2.3113847540041248e-02
-2.3822378830256487e-02
-2.4562854707458656e-02
-2.5338121256110145e-02
-2.6149672856005616e-02
-2.6999809757901238e-02
-2.7891643884963537e-02
-2.8826814019716145e-02
-2.9808895053091974e-02
-3.0841325402391654e-02
-3.1926103469578637e-02
-3.3068294409643394e-02
-3.4271462725667994e-02
-3.5539279908249656e-02
-3.6877579050575982e-02
-3.8290560897516493e-02
-3.9784088203026917e-02
-4.1365068717639952e-02
-4.3038640889867946e-02
-4.4813574562313406e-02
-4.6697923787388615e-02
-4.8699381658828499e-02
-5.0829478615738381e-02
-5.3098114711483228e-02
-5.5517389271027159e-02
-5.8101913856410239e-02
-6.0864664664548214e-02
-6.3823943151106954e-02
-6.6998434724394526e-02
-7.0407314396865719e-02
-7.4076311795879299e-02
-7.8030409906612253e-02
-8.2299644528891824e-02
-8.6919434908487067e-02
-9.1925276588511018e-02
-9.7363764350789916e-02
-1.0328461931683014e-01
-1.0974373144983866e-01
-1.1681052009749450e-01
-1.2455918917110696e-01
-1.3308054297783001e-01
-1.4248053333108898e-01
-1.5287720116691028e-01
-1.6442000430126250e-01
-1.7727786732474943e-01
-1.9165467639008790e-01
-2.0779949364412670e-01
-2.2600247373104293e-01
-2.4663020484721607e-01
-2.7012409445981683e-01
-2.9701548247996717e-01
-3.2799191910220110e-01
-3.6391473891401627e-01
-4.0588631727102759e-01
-4.5532307378685527e-01
-5.1406702641170621e-01
-5.8458703726624606e-01
-6.7018561434504864e-01
-7.7541575237338911e-01
-9.0649097653525179e-01
-1.0726606143882764e+00
-1.2874495289694889e+00
-1.5711477358730073e+00
-1.9557614956778757e+00
-2.4941313012693236e+00
-3.2762185044473626e+00
-4.4632122553404994e+00
-6.3559809724879299e+00
-9.4952932329084163e+00
-1.4373175064163407e+01
-1.8052961145442605e+01
0.0000000000000000e+00
2.4055929233035767e-01
0.0000000000000000e+00
0.0000000000000000e+00
];
