%Vec Object:sol 1 MPI processes
%  type: mpi
sol = [
0.0000000000000000e+00
-7.7378973602324365e+01
-3.5521618434342514e+01
-1.6914946603045230e+01
-9.4512500006170495e+00
-5.9468070369282149e+00
-4.0627603416770421e+00
-2.9428851411390688e+00
-2.2260922683661328e+00
-1.7406961787260913e+00
-1.3976957124075267e+00
-1.1463202676506905e+00
-9.5668184676117185e-01
-8.1036251973049289e-01
-6.9505786694114213e-01
-6.0260247659551547e-01
-5.2740143994984934e-01
-4.6536157451145421e-01
-4.1356592411226384e-01
-3.6994817070828628e-01
-3.3287927870103223e-01
-3.0105924049370952e-01
-2.7358499587933771e-01
-2.4970743310475518e-01
-2.2880039474680050e-01
-2.1039944588850837e-01
-1.9413443563298213e-01
-1.7967745929121667e-01
-1.6676084949670125e-01
-1.5519132489589027e-01
-1.4478664429107374e-01
-1.3537717298112262e-01
-1.2685881402302254e-01
-1.1912082447842402e-01
-1.1205688538477634e-01
-1.0560353785567432e-01
-9.9695068630264019e-02
-9.4262956122231456e-02
-8.9260811263538631e-02
-8.4649218781492092e-02
-8.0383768854305912e-02
-7.6429094668017825e-02
-7.2761629678290515e-02
-6.9352085816548184e-02
-6.6172224592882828e-02
-6.3208269360192984e-02
-6.0440683781924485e-02
-5.7846152170995993e-02
-5.5417047002421053e-02
-5.3139783825774285e-02
-5.0996084157808513e-02
-4.8980786464371588e-02
-4.7084392016635092e-02
-4.5293508824971303e-02
-4.3603338247230040e-02
-4.2007602717588050e-02
-4.0496368910321982e-02
-3.9065160781788358e-02
-3.7709904980917114e-02
-3.6423148357882358e-02
-3.5200732098409272e-02
-3.4040096390323626e-02
-3.2935584969130585e-02
-3.1883362214578860e-02
-3.0881906712860972e-02
-2.9926874876636023e-02
-2.9014760998996650e-02
-2.8144751059279320e-02
-2.7313465780331211e-02
-2.6517733415299630e-02
-2.5757214691192888e-02
-2.5029241499460543e-02
-2.4330975596876841e-02
-2.3662387805071881e-02
-2.3021335305680832e-02
-2.2405308501572702e-02
-2.1814471538112789e-02
-2.1247069336355503e-02
-2.0700912538874634e-02
-2.0176275506064326e-02
-1.9671688354837569e-02
-1.9185270762316065e-02
-1.8717348382597931e-02
-1.8266659684284668e-02
-1.7831620267751602e-02
-1.7412565425847723e-02
-1.7008384126224647e-02
-1.6617773515658386e-02
-1.6241049419664578e-02
-1.5877207617704791e-02
-1.5525211732471447e-02
-1.5185338113048110e-02
-1.4856656267481181e-02
-1.4538380948881583e-02
-1.4230735699123630e-02
-1.3932838791634469e-02
-1.3644140901651409e-02
-1.3364804095897844e-02
-1.3093976499762804e-02
-1.2831329725973978e-02
-1.2832243620407384e-02
-1.3096213478902261e-02
-1.3368449623417876e-02
-1.3649657453492494e-02
-1.3939575256944925e-02
-1.4238962680191029e-02
-1.4548501621590392e-02
-1.4867855217510856e-02
-1.5198091002804814e-02
-1.5539862170997686e-02
-1.5892745027631335e-02
-1.6258174901593956e-02
-1.6636648104870227e-02
-1.7028013101835823e-02
-1.7433772398413021e-02
-1.7854336394246620e-02
-1.8289961788464544e-02
-1.8742153585194342e-02
-1.9211252617546623e-02
-1.9698006718422128e-02
-2.0203928629671443e-02
-2.0729285693028798e-02
-2.1275416575831103e-02
-2.1843851732287329e-02
-2.2434783977773536e-02
-2.3050265094110723e-02
-2.3691787097154013e-02
-2.4359688926443215e-02
-2.5056669667496527e-02
-2.5784053294734377e-02
-2.6543018590620495e-02
-2.7336418190198136e-02
-2.8165616166681437e-02
-2.9032830730687548e-02
-2.9941129963547398e-02
-3.0891965878589858e-02
-3.1888851117764606e-02
-3.2935114703156992e-02
-3.4032508125065003e-02
-3.5186034815580150e-02
-3.6399044750105053e-02
-3.7674962190765736e-02
-3.9019464804598350e-02
-4.0436435068217161e-02
-4.1931466209510104e-02
-4.3511186788675500e-02
-4.5180280942612984e-02
-4.6947190724036386e-02
-4.8819504107445462e-02
-5.0804341007125255e-02
-5.2912689986100485e-02
-5.5153083176699487e-02
-5.7537413999062689e-02
-6.0079535232424215e-02
-6.2791366255966555e-02
-6.5690162638190289e-02
-6.8793338115017408e-02
-7.2118564535775212e-02
-7.5689982812028919e-02
-7.9530624145564985e-02
-8.3668341520505479e-02
-8.8136054903840966e-02
-9.2966269860422265e-02
-9.8202237641765278e-02
-1.0388970619087040e-01
-1.1007992636801341e-01
-1.1683692842061368e-01
-1.2422851613688776e-01
-1.3233797860333343e-01
-1.4126232551491530e-01
-1.5110896255131923e-01
-1.6201458607932781e-01
-1.7413278140226926e-01
-1.8764888542712027e-01
-2.0278929151197106e-01
-2.1981655873229961e-01
-2.3906300076749740e-01
-2.6092755031085541e-01
-2.8590130038083450e-01
-3.1460739004299021e-01
-3.4779646542636755e-01
-3.8646151234952741e-01
-4.3188528292786343e-01
-4.8572027231551568e-01
-5.5018015480181959e-01
-6.2822122520173473e-01
-7.2392322706798828e-01
-8.4295664121362945e-01
-9.9336283155189409e-01
-1.1873140893665106e+00
-1.4431113538229305e+00
-1.7890147120430273e+00
-2.2725104721150813e+00
-2.9730483492379376e+00
-4.0348866553102152e+00
-5.7237142824640159e+00
-8.5048975746095810e+00
-1.2738691213222291e+01
-1.5763438715874289e+01
0.0000000000000000e+00
1.3464638167935297e-01
0.0000000000000000e+00
0.0000000000000000e+00
];
