%Vec Object:sol 1 MPI processes
%  type: mpi
sol = [
0.0000000000000000e+00
-4.2502719309413052e+01
-2.4689403416874246e+01
-1.3155246422206917e+01
-7.6933176176428120e+00
-4.9521372000374102e+00
-3.4284057189424568e+00
-2.5053517282086921e+00
-1.9064379987620319e+00
-1.4980004191867553e+00
-1.2073243404248410e+00
-9.9312241176440064e-01
-8.3110565243487944e-01
-7.0568236401904083e-01
-6.0657130580474894e-01
-5.2689562052613026e-01
-4.6191630642305337e-01
-4.0826247272757887e-01
-3.6340591285209656e-01
-3.2557746695180650e-01
-2.9338673814918931e-01
-2.6572072777457284e-01
-2.4180661600723644e-01
-2.2100160854233911e-01
-2.0276700281357632e-01
-1.8670329261962654e-01
-1.7249183948395530e-01
-1.5984956645368736e-01
-1.4854515153383088e-01
-1.3841193478429167e-01
-1.2929221843804325e-01
-1.2103872603775452e-01
-1.1356163289825071e-01
-1.0676484308642578e-01
-1.0055611538782006e-01
-9.4880397497559943e-02
-8.9680657785497261e-02
-8.4897101854750398e-02
-8.0489473736118103e-02
-7.6423596312586189e-02
-7.2660665297030247e-02
-6.9169825596104004e-02
-6.5930705717226062e-02
-6.2917697499747488e-02
-6.0106026136872784e-02
-5.7483864998799608e-02
-5.5034135595237489e-02
-5.2736264888761000e-02
-5.0583803213714869e-02
-4.8564874538895277e-02
-4.6663287666578554e-02
-4.4874707395241284e-02
-4.3190835288501435e-02
-4.1599787680855808e-02
-4.0097470717233512e-02
-3.8678424757743197e-02
-3.7333821645640856e-02
-3.6059792128304284e-02
-3.4852822506361465e-02
-3.3706280105609200e-02
-3.2616530064127854e-02
-3.1581396682040346e-02
-3.0595840588292102e-02
-2.9656478292266159e-02
-2.8762052717790396e-02
-2.7908690002717031e-02
-2.7093273418158662e-02
-2.6315171498339434e-02
-2.5571367444599851e-02
-2.4859022229161056e-02
-2.4177923650267320e-02
-2.3525687269586572e-02
-2.2899757421728926e-02
-2.2300194645374135e-02
-2.1725081397840251e-02
-2.1172146078719291e-02
-2.0641617743290222e-02
-2.0131922962481310e-02
-1.9641070939593483e-02
-1.9169384758760937e-02
-1.8715543284818222e-02
-1.8277830072441846e-02
-1.7856609235315322e-02
-1.7450742913331700e-02
-1.7058780324860055e-02
-1.6681088932726094e-02
-1.6316662004522892e-02
-1.5964304123885244e-02
-1.5624359643911446e-02
-1.5295913446183770e-02
-1.4978014194303549e-02
-1.4670964775923095e-02
-1.4373911632661246e-02
-1.4086135634749624e-02
-1.3807885874709776e-02
-1.3538347576065585e-02
-1.3277021798856094e-02
-1.3024095699631338e-02
-1.2778775936579365e-02
-1.2540771738285399e-02
-1.2560066685656032e-02
-1.2837304932054126e-02
-1.3123512845605614e-02
-1.3419423157960277e-02
-1.3724828244113359e-02
-1.4040518321454205e-02
-1.4367213001000786e-02
-1.4704636558490893e-02
-1.5053891796289255e-02
-1.5415681181975283e-02
-1.5789649914306276e-02
-1.6177276515075060e-02
-1.6579120907979961e-02
-1.6995104819849643e-02
-1.7426790350218969e-02
-1.7874665299599222e-02
-1.8339067278416801e-02
-1.8821580592721807e-02
-1.9322638536701704e-02
-1.9843083276574153e-02
-2.0384529328617357e-02
-2.0947353405134036e-02
-2.1533009929600552e-02
-2.2143156923331964e-02
-2.2778116047656571e-02
-2.3440086452534901e-02
-2.4130717247937802e-02
-2.4850501462806970e-02
-2.5602328172670216e-02
-2.6387710594733216e-02
-2.7208023983817244e-02
-2.8066358758291384e-02
-2.8964308478254510e-02
-2.9904349277627782e-02
-3.0889845730815907e-02
-3.1922529045915721e-02
-3.3006257666226967e-02
-3.4144729193696557e-02
-3.5340041675652592e-02
-3.6597662884550887e-02
-3.7921392365397197e-02
-3.9315130764049577e-02
-4.0785144155296507e-02
-4.2335879728390466e-02
-4.3973592968710513e-02
-4.5705665172775106e-02
-4.7537500014039988e-02
-4.9478467805443752e-02
-5.1537111901861443e-02
-5.3721540447313407e-02
-5.6044035396694766e-02
-5.8515022570039855e-02
-6.1147275905674849e-02
-6.3956322080001057e-02
-6.6955683514593342e-02
-7.0164787639338255e-02
-7.3603306997645279e-02
-7.7289660929763165e-02
-8.1252300881003284e-02
-8.5517361692206140e-02
-9.0116274311972083e-02
-9.5086119480643272e-02
-1.0046379788488920e-01
-1.0629800837350135e-01
-1.1264048380363102e-01
-1.1954924894909839e-01
-1.2709652951070347e-01
-1.3535914048522774e-01
-1.4443119580491365e-01
-1.5442234962168630e-01
-1.6545430908964329e-01
-1.7768148622589863e-01
-1.9127776171143004e-01
-2.0645284733280306e-01
-2.2346275788449224e-01
-2.4260481734755215e-01
-2.6425480073783769e-01
-2.8886410695079584e-01
-3.1698839678786145e-01
-3.4933230151774880e-01
-3.8676591466647325e-01
-4.3036585154665119e-01
-4.8160481200030447e-01
-5.4234966820364428e-01
-6.1509949289855848e-01
-7.0319076648173584e-01
-8.1122510829735006e-01
-9.4558161154666842e-01
-1.1153000470676975e+00
-1.3340937265452717e+00
-1.6224940603802940e+00
-2.0121468861715348e+00
-2.5562779316227462e+00
-3.3441826130204966e+00
-4.5371158823659457e+00
-6.4334356349160551e+00
-9.5694949889910994e+00
-1.4423556153980373e+01
-1.8045588794518750e+01
0.0000000000000000e+00
2.4055929233035767e-01
0.0000000000000000e+00
0.0000000000000000e+00
];
