%Vec Object:sol 1 MPI processes
%  type: mpi
sol = [
0.0000000000000000e+00
-4.3235585153357995e+01
-2.4906016413094772e+01
-1.3211015168976378e+01
-7.7101176418873836e+00
-4.9576026306676138e+00
-3.4292686903493386e+00
-2.5041620894298866e+00
-1.9046803762639879e+00
-1.4959160458426930e+00
-1.2049334543056656e+00
-9.9078682713916566e-01
-8.2884909304794963e-01
-7.0351528299084409e-01
-6.0440604381040963e-01
-5.2477704799667646e-01
-4.5990559235483675e-01
-4.0635219422377095e-01
-3.6158910969846608e-01
-3.2384740308920512e-01
-2.9173715180909876e-01
-2.6414605441941802e-01
-2.4030157618313636e-01
-2.1956134135988650e-01
-2.0138718080512444e-01
-1.8537992021386332e-01
-1.7121557217288930e-01
-1.5861635690921511e-01
-1.4735333812418813e-01
-1.3725971641258525e-01
-1.2817781996767685e-01
-1.1996053253697737e-01
-1.1251799095204607e-01
-1.0575639256902544e-01
-9.9581660742462594e-02
-9.3938025907111242e-02
-8.8768583572157292e-02
-8.4013744171286181e-02
-7.9633339406849996e-02
-7.5593259661482226e-02
-7.1854843030134119e-02
-6.8387337318634236e-02
-6.5170397445020914e-02
-6.2178512719572171e-02
-5.9387020974573448e-02
-5.6784093883418832e-02
-5.4352717772200888e-02
-5.2072437921933265e-02
-4.9936783769353517e-02
-4.7933925196220084e-02
-4.6047777027925577e-02
-4.4273985000191918e-02
-4.2604282280824343e-02
-4.1026867306623603e-02
-3.9537642593430969e-02
-3.8131165039023605e-02
-3.6798670296380800e-02
-3.5536296595898277e-02
-3.4340535887538180e-02
-3.3204805295902175e-02
-3.2125485167823077e-02
-3.1100397707331411e-02
-3.0124542644313981e-02
-2.9194556739307098e-02
-2.8309175456684328e-02
-2.7464555897955940e-02
-2.6657604531582554e-02
-2.5887678881202119e-02
-2.5151786949240255e-02
-2.4447114268239662e-02
-2.3773435422703899e-02
-2.3128386156050527e-02
-2.2509435496634859e-02
-2.1916629597275004e-02
-2.1348067693060194e-02
-2.0801502065467110e-02
-2.0277146990575434e-02
-1.9773443369734581e-02
-1.9288422751288399e-02
-1.8822393641764846e-02
-1.8374047546425472e-02
-1.7941688282655154e-02
-1.7525666032431528e-02
-1.7124854484361043e-02
-1.6737820628809640e-02
-1.6364918978716534e-02
-1.6005153733433242e-02
-1.5657344462281415e-02
-1.5321823795017332e-02
-1.4997687302468537e-02
-1.4683995636959482e-02
-1.4381041370236092e-02
-1.4087981688101882e-02
-1.3804106312808146e-02
-1.3529655552192099e-02
-1.3263825662460309e-02
-1.3006123331683691e-02
-1.2756728548517969e-02
-1.2514859475957251e-02
-1.2280227699362890e-02
-1.2297589232593484e-02
-1.2567480617565831e-02
-1.2846100505036730e-02
-1.3134164858241495e-02
-1.3431467705113479e-02
-1.3738781233990955e-02
-1.4056808125724888e-02
-1.4385275641429008e-02
-1.4725261833320727e-02
-1.5077452184543804e-02
-1.5441496498692977e-02
-1.5818840340215055e-02
-1.6210029236719634e-02
-1.6614983826944780e-02
-1.7035230905318173e-02
-1.7471245151511279e-02
-1.7923354316166804e-02
-1.8393106359542648e-02
-1.8880922460221078e-02
-1.9387624079339340e-02
-1.9914788232226321e-02
-2.0462780731071852e-02
-2.1033021863143264e-02
-2.1627130874944514e-02
-2.2245419840803051e-02
-2.2890037299390018e-02
-2.3562593631198742e-02
-2.4263568847488839e-02
-2.4995786041056015e-02
-2.5760722950699640e-02
-2.6559722259907461e-02
-2.7395804673224930e-02
-2.8270526257771961e-02
-2.9186307542181544e-02
-3.0146436678480704e-02
-3.1152606458277422e-02
-3.2208588668514469e-02
-3.3317998483952491e-02
-3.4482807598100899e-02
-3.5708179512797485e-02
-3.6998057742732002e-02
-3.8356256092025857e-02
-3.9788899712069496e-02
-4.1300337071560569e-02
-4.2896685673097457e-02
-4.4585163196624408e-02
-4.6371057751573033e-02
-4.8263533739564213e-02
-5.0270950712154643e-02
-5.2401243555914120e-02
-5.4666425928032572e-02
-5.7076710560465128e-02
-5.9644616846982731e-02
-6.2385293701534068e-02
-6.5312064791753402e-02
-6.8443878885700485e-02
-7.1799997694866363e-02
-7.5400100546012677e-02
-7.9270751735269485e-02
-8.3437569785026242e-02
-8.7931406451837349e-02
-9.2788660290895955e-02
-9.8045586089904921e-02
-1.0375000405742259e-01
-1.0995274571660849e-01
-1.1671084560723796e-01
-1.2409528362454333e-01
-1.3218160587829170e-01
-1.4106236521758103e-01
-1.5084542743221263e-01
-1.6165058787928333e-01
-1.7362980392061259e-01
-1.8695429798646301e-01
-2.0183061819686687e-01
-2.1851096491317165e-01
-2.3728839941763644e-01
-2.5853332699726267e-01
-2.8269090637018679e-01
-3.1029862349449416e-01
-3.4204211307725241e-01
-3.7879062722817497e-01
-4.2165116192147256e-01
-4.7204411611699854e-01
-5.3181424858808424e-01
-6.0343210928950197e-01
-6.9019772195555862e-01
-7.9663463754128483e-01
-9.2896874519759731e-01
-1.0963994591896524e+00
-1.3123829310495483e+00
-1.5969983411161572e+00
-1.9821452707028997e+00
-2.5200121035535701e+00
-3.2997448320054392e+00
-4.4807121046069902e+00
-6.3600088689335621e+00
-9.4687391171022934e+00
-1.4279513849533899e+01
-1.7866659237915471e+01
0.0000000000000000e+00
2.4055929233035767e-01
0.0000000000000000e+00
0.0000000000000000e+00
];
