%Vec Object:sol 1 MPI processes
%  type: mpi
sol = [
0.0000000000000000e+00
-4.2590051155187496e+01
-2.4716427476234564e+01
-1.3163029380607714e+01
-7.6962705472990258e+00
-4.9535949221025657e+00
-3.4292020586099592e+00
-2.5058699784763276e+00
-1.9067641933446229e+00
-1.4982438136435299e+00
-1.2074697568590294e+00
-9.9323495613353996e-01
-8.3119381758562383e-01
-7.0575199865760063e-01
-6.0662654491202805e-01
-5.2692183468984166e-01
-4.6193573743797839e-01
-4.0827641960483857e-01
-3.6341537330477230e-01
-3.2558323994536170e-01
-2.9338945919676268e-01
-2.6572089799331650e-01
-2.4180465076705693e-01
-2.2099784840121375e-01
-2.0276172440001233e-01
-1.8669672726751385e-01
-1.7248418236814209e-01
-1.5984097997879668e-01
-1.4853577187620631e-01
-1.3840187949531835e-01
-1.2928158905242593e-01
-1.2102758898265617e-01
-1.1354707931495835e-01
-1.0674938633331452e-01
-1.0054057157637025e-01
-9.4864794863838781e-02
-8.9665020462282585e-02
-8.4881450451103471e-02
-8.0473826000281551e-02
-7.6407967363691556e-02
-7.2645068162815921e-02
-6.9154271554172558e-02
-6.5915204154275653e-02
-6.2902256488871044e-02
-6.0090652886064438e-02
-5.7468565179179670e-02
-5.5018913969632009e-02
-5.2721126078702482e-02
-5.0568750447912564e-02
-4.8549910396069734e-02
-4.6648414988379690e-02
-4.4859927850451758e-02
-4.3176150045882357e-02
-4.1585198258800624e-02
-4.0082977831026205e-02
-3.8664028636377933e-02
-3.7319522884377461e-02
-3.6045590839078739e-02
-3.4838718293643690e-02
-3.3692272920211007e-02
-3.2602619641179130e-02
-3.1567582215410832e-02
-3.0582121583572659e-02
-2.9642854253894561e-02
-2.8748522575454502e-02
-2.7895252960249410e-02
-2.7079928842729334e-02
-2.6301918156398971e-02
-2.5558204341710147e-02
-2.4845948656376810e-02
-2.4164938280525870e-02
-2.3512788986262943e-02
-2.2886945477378299e-02
-2.2287467667680624e-02
-2.1712438204779801e-02
-2.1159585907119954e-02
-2.0629139208851295e-02
-2.0119524860138727e-02
-1.9628752502592293e-02
-1.9157144613581090e-02
-1.8703380235405069e-02
-1.8265743354378181e-02
-1.7844597501133246e-02
-1.7438805000111451e-02
-1.7046915471642127e-02
-1.6669295828186569e-02
-1.6304939537234619e-02
-1.5952651535113320e-02
-1.5612775664755805e-02
-1.5284397030492022e-02
-1.4966564582131478e-02
-1.4659580744463682e-02
-1.4362592211571606e-02
-1.4074880058889355e-02
-1.3796692969137429e-02
-1.3527216454167051e-02
-1.3265951685706085e-02
-1.3013085468607568e-02
-1.2767824790592977e-02
-1.2529878887453693e-02
-1.2549011163864261e-02
-1.2825856209111527e-02
-1.3111656374604236e-02
-1.3407143467172054e-02
-1.3712109634403674e-02
-1.4027344087754546e-02
-1.4353565445767128e-02
-1.4690497768318949e-02
-1.5039242514858787e-02
-1.5400501088123084e-02
-1.5773918488131224e-02
-1.6160971471331897e-02
-1.6562218924124177e-02
-1.6977582075661517e-02
-1.7408621054498689e-02
-1.7855822588564250e-02
-1.8319523332851379e-02
-1.8801305451400740e-02
-1.9301601104712279e-02
-1.9821250916906313e-02
-2.0361867063790597e-02
-2.0923825051551423e-02
-2.1508577011590368e-02
-2.2117778389802886e-02
-2.2751749549371144e-02
-2.3412686395160094e-02
-2.4102235250782828e-02
-2.4820887495207351e-02
-2.5571527978042984e-02
-2.6355667024536168e-02
-2.7174677076709900e-02
-2.8031643781336320e-02
-2.8928157435641647e-02
-2.9866689848533825e-02
-3.0850600132285275e-02
-3.1881615737663710e-02
-3.2963588808064527e-02
-3.4100210627630211e-02
-3.5293574698224910e-02
-3.6549140468835825e-02
-3.7870699559460451e-02
-3.9262145883331781e-02
-4.0729735297976591e-02
-4.2277905963260864e-02
-4.3912903174681314e-02
-4.5642095377212304e-02
-4.7470876136162694e-02
-4.9408600130335129e-02
-5.1463796338569755e-02
-5.3644554868232684e-02
-5.5963135142301286e-02
-5.8429957709622414e-02
-6.1057749076483432e-02
-6.3862028449986438e-02
-6.6856311100619306e-02
-7.0058989144797870e-02
-7.3490089264632005e-02
-7.7169983221506436e-02
-8.1125708694217077e-02
-8.5383315321155978e-02
-8.9974178211460032e-02
-9.4935312775300665e-02
-1.0030355319209357e-01
-1.0612751301446441e-01
-1.1245883347515206e-01
-1.1935543647831483e-01
-1.2688942149006169e-01
-1.3513746788089301e-01
-1.4419352520935408e-01
-1.5416705656027305e-01
-1.6517955627184386e-01
-1.7738516970710830e-01
-1.9095747663280985e-01
-2.0610582798946739e-01
-2.2308580069314657e-01
-2.4219421100381408e-01
-2.6380619769325142e-01
-2.8837239865128106e-01
-3.1644754380914075e-01
-3.4873508890775778e-01
-3.8609149794333270e-01
-4.2961464931707943e-01
-4.8076404379450505e-01
-5.4140333439242927e-01
-6.1402758298664450e-01
-7.0196798412997474e-01
-8.0981896740472004e-01
-9.4392232123848929e-01
-1.1133555316035941e+00
-1.3317869481517399e+00
-1.6196746420106720e+00
-2.0086992585577019e+00
-2.5519121788791415e+00
-3.3385988220798577e+00
-4.5295584835726643e+00
-6.4229520567450624e+00
-9.5540485395041372e+00
-1.4399379229366673e+01
-1.8012991686418186e+01
0.0000000000000000e+00
2.4055929233035767e-01
0.0000000000000000e+00
0.0000000000000000e+00
];
