%Vec Object:sol 1 MPI processes
%  type: mpi
sol = [
0.0000000000000000e+00
-1.1120612207995764e+02
-3.4972481711557997e+01
-1.4173105172503281e+01
-6.9811274503258804e+00
-3.8572361757142013e+00
-2.2793369266774501e+00
-1.3977885568113233e+00
-8.6884132889065890e-01
-5.3537520081517265e-01
-3.1753117922925628e-01
-1.7218377495518833e-01
-7.5694314980942076e-02
-1.9832926699818166e-02
-3.0958184676860381e-03
-1.2964675152416550e-03
-1.2157655883498688e-03
-1.2445146853799097e-03
-1.1877542258117405e-03
-1.1873688857686148e-03
-1.2298589088936295e-03
-1.1892124761030802e-03
-1.1787001174795658e-03
-1.2003334026925647e-03
-1.1902507937444765e-03
-1.1754024378113816e-03
-1.1841677861408912e-03
-1.1886329010481846e-03
-1.1735919993164480e-03
-1.1757465508153648e-03
-1.1861360123994167e-03
-1.1729380384448186e-03
-1.1721202270952944e-03
-1.1802260773398990e-03
-1.1732314782214961e-03
-1.1713552236863357e-03
-1.1760539426368690e-03
-1.1744071627930281e-03
-1.1724629622208247e-03
-1.1753923787408927e-03
-1.1765596481764578e-03
-1.1750148995223965e-03
-1.1770950456923732e-03
-1.1796781706055991e-03
-1.1786352837872109e-03
-1.1802579038920921e-03
-1.1833497212473591e-03
-1.1826016145126085e-03
-1.1837399431021806e-03
-1.1862605494190415e-03
-1.1856952566893233e-03
-1.1860332828304296e-03
-1.1872312762416985e-03
-1.1863580984028984e-03
-1.1854620009693134e-03
-1.1850077171741552e-03
-1.1830596200838404e-03
-1.1805437083370425e-03
-1.1781683768416959e-03
-1.1746504132521731e-03
-1.1702800551544269e-03
-1.1658610531965177e-03
-1.1605398819086443e-03
-1.1542574172816395e-03
-1.1478294253325643e-03
-1.1406847696375706e-03
-1.1325828561789774e-03
-1.1243054850135518e-03
-1.1154654913010963e-03
-1.1057394536259162e-03
-1.0958511086754915e-03
-1.0855314146568887e-03
-1.0744320321160019e-03
-1.0632076625637708e-03
-1.0516633328528653e-03
-1.0394597755758656e-03
-1.0271793636518730e-03
-1.0146717424318597e-03
-1.0016265012144764e-03
-9.8855473826070170e-04
-9.7533105946163816e-04
-9.6168513098997483e-04
-9.4806015278454871e-04
-9.3434259556338909e-04
-9.2030818313287551e-04
-9.0633670228419737e-04
-8.9231779729818819e-04
-8.7807598632350385e-04
-8.6393252441815970e-04
-8.4977449996566346e-04
-8.3547594533725251e-04
-8.2130445698857515e-04
-8.0714082994773144e-04
-7.9290808262070557e-04
-7.7882480023043282e-04
-7.6476308953801048e-04
-7.5069367460644382e-04
-7.3679044099911458e-04
-7.2291532244703964e-04
-7.0908501711550718e-04
-7.0949224954662126e-04
-7.2400091470742865e-04
-7.3860334176518191e-04
-7.5339329552197233e-04
-7.6817379789866839e-04
-7.8304413994775281e-04
-7.9806952423615708e-04
-8.1301025868195397e-04
-8.2803135747548131e-04
-8.4316424321010958e-04
-8.5811822814868338e-04
-8.7313663909149115e-04
-8.8817485495394915e-04
-9.0298994514404136e-04
-9.1781030587716975e-04
-9.3252956918497972e-04
-9.4698517012181899e-04
-9.6136526966927936e-04
-9.7549789360083588e-04
-9.8931752030575223e-04
-1.0029653921554272e-03
-1.0161915558342569e-03
-1.0290488952727488e-03
-1.0416241714380798e-03
-1.0535741576642042e-03
-1.0650989519266386e-03
-1.0761992975641891e-03
-1.0864874524019285e-03
-1.0962821639660604e-03
-1.1054355274258052e-03
-1.1137150329179925e-03
-1.1213881027499119e-03
-1.1281924610946688e-03
-1.1341012821240689e-03
-1.1393230369771924e-03
-1.1434536439205985e-03
-1.1467417205421515e-03
-1.1493087985200003e-03
-1.1506179126822289e-03
-1.1512409197202676e-03
-1.1510406310078576e-03
-1.1497824629775654e-03
-1.1479944340594876e-03
-1.1453308353459410e-03
-1.1419754168242712e-03
-1.1383696548233136e-03
-1.1338457210417850e-03
-1.1291639582586643e-03
-1.1243962122087091e-03
-1.1189774848887315e-03
-1.1138715769369292e-03
-1.1085969433393781e-03
-1.1032095068225234e-03
-1.0984627727560891e-03
-1.0931768361623472e-03
-1.0883882117493108e-03
-1.0841588823239307e-03
-1.0793068652954997e-03
-1.0754016390556343e-03
-1.0713742968193841e-03
-1.0673120224355870e-03
-1.0644462369903817e-03
-1.0603072066310833e-03
-1.0571297328904974e-03
-1.0545043523098520e-03
-1.0507816626518787e-03
-1.0486890000250125e-03
-1.0455612211430173e-03
-1.0427157405508160e-03
-1.0417334096835050e-03
-1.0377999439643696e-03
-1.0362123252415389e-03
-1.0342493571637828e-03
-1.0312957622730032e-03
-1.0315719938722293e-03
-1.0277117721061951e-03
-1.0263553236580180e-03
-1.0258864028613213e-03
-1.0223870390361420e-03
-1.0233948583051470e-03
-1.0201106811345139e-03
-1.0186961922616106e-03
-1.0198543982752801e-03
-1.0156502691316958e-03
-1.0171418978361288e-03
-1.0148731058195707e-03
-1.0161565985784156e-03
-1.0495203515793119e-03
-1.3839566790619484e-03
-4.9479703343486793e-03
-3.3836903875489384e-02
-1.6212224593996891e-01
-4.8043550602980228e-01
-1.0950455250996987e+00
-2.2327281817848688e+00
-4.3765077580785441e+00
-8.5387580917788206e+00
-1.6402717987657486e+01
-2.5587615830194242e+01
0.0000000000000000e+00
1.3464638167935297e-01
0.0000000000000000e+00
0.0000000000000000e+00
];
