%Vec Object:sol 1 MPI processes
%  type: mpi
sol = [
0.0000000000000000e+00
-8.7072559801766161e+01
-3.6504150956949758e+01
-1.6834183435031868e+01
-9.2685936108786287e+00
-5.7732144864317183e+00
-3.9102599713403938e+00
-2.8095250670078125e+00
-2.1086589977734231e+00
-1.6365747180344778e+00
-1.3043646331630645e+00
-1.0617430835148602e+00
-8.7970668071635316e-01
-7.3980867575057263e-01
-6.3000264457081234e-01
-5.4223670663334644e-01
-4.7114572353993539e-01
-4.1278044923703433e-01
-3.6425617738115967e-01
-3.2355311848672125e-01
-2.8909602220031561e-01
-2.5963530229705456e-01
-2.3429712705124600e-01
-2.1236100340960914e-01
-1.9322904482361788e-01
-1.7645584657210167e-01
-1.6168623242305863e-01
-1.4860403942542211e-01
-1.3696138967037375e-01
-1.2657275243750782e-01
-1.1726556551766971e-01
-1.0888172610508781e-01
-1.0132032474701361e-01
-9.4479343417764053e-02
-8.8259198171260739e-02
-8.2597618841718096e-02
-7.7432821797184637e-02
-7.2702225412604252e-02
-6.8362104236846660e-02
-6.4375093408645154e-02
-6.0700804531567731e-02
-5.7306780879571952e-02
-5.4170265992187348e-02
-5.1264663947342866e-02
-4.8564812972281469e-02
-4.6056924757653307e-02
-4.3723216262368240e-02
-4.1543545023606222e-02
-3.9509724564822039e-02
-3.7609385056457181e-02
-3.5827061915990409e-02
-3.4157066803225375e-02
-3.2590716747680382e-02
-3.1116780446372162e-02
-2.9730335141157874e-02
-2.8425509631342726e-02
-2.7194037319226230e-02
-2.6031610284451941e-02
-2.4934268511533360e-02
-2.3895850626428034e-02
-2.2912571158699293e-02
-2.1981776617935243e-02
-2.1098818302770467e-02
-2.0260369778932849e-02
-1.9464673340296952e-02
-1.8708178173878844e-02
-1.7987969015569785e-02
-1.7302901451441855e-02
-1.6650227185331747e-02
-1.6027404800552841e-02
-1.5433706333359245e-02
-1.4866974052360550e-02
-1.4325007517301093e-02
-1.3807357764302320e-02
-1.3312304037361479e-02
-1.2837956747325000e-02
-1.2384049712222915e-02
-1.1949186992818250e-02
-1.1531761752490115e-02
-1.1131623129733672e-02
-1.0747617548089332e-02
-1.0378394490605866e-02
-1.0023871275486290e-02
-9.6830757668222075e-03
-9.3548888862634866e-03
-9.0392633761768072e-03
-8.7353633532791207e-03
-8.4422777806553249e-03
-8.1599723253481388e-03
-7.8877137429096342e-03
-7.6247770650710598e-03
-7.3711257317944081e-03
-7.1261040882212951e-03
-6.8891526424326556e-03
-6.6602226936101133e-03
-6.4387175371487335e-03
-6.2242238940703170e-03
-6.0166746457033290e-03
-5.8155181724503730e-03
-5.6204691596327796e-03
-5.5416553892474003e-03
-5.5739471453110619e-03
-5.6055721563096758e-03
-5.6366182408287141e-03
-5.6667308253763047e-03
-5.6960005530919356e-03
-5.7244587628308159e-03
-5.7516913894811042e-03
-5.7778698130559417e-03
-5.8029634364445510e-03
-5.8264938682137850e-03
-5.8487224239204185e-03
-5.8695049419718428e-03
-5.8884396857566135e-03
-5.9057459370275255e-03
-5.9212002796600969e-03
-5.9345198621251743e-03
-5.9458587991493925e-03
-5.9549308396739343e-03
-5.9615960877626491e-03
-5.9659593664937024e-03
-5.9676950119956045e-03
-5.9668464918255625e-03
-5.9635101195491856e-03
-5.9573734455322562e-03
-5.9487422869718117e-03
-5.9377703541734512e-03
-5.9243337410913649e-03
-5.9090893538543366e-03
-5.8923867959919567e-03
-5.8746946794319219e-03
-5.8571278873754788e-03
-5.8406274952156334e-03
-5.8266784914949282e-03
-5.8173424262689573e-03
-5.8147228217727215e-03
-5.8219740012604741e-03
-5.8427823008298067e-03
-5.8811247144980611e-03
-5.9424365756957486e-03
-6.0323856047795141e-03
-6.1571995734455423e-03
-6.3240449376128086e-03
-6.5398291882025616e-03
-6.8116939452241339e-03
-7.1467508902985375e-03
-7.5509204137366214e-03
-8.0314181512121368e-03
-8.5923779309590078e-03
-9.2410603184922280e-03
-9.9814332683549334e-03
-1.0820551858917732e-02
-1.1763872805250280e-02
-1.2819353507139464e-02
-1.3994494488140181e-02
-1.5299313167422212e-02
-1.6744837952644104e-02
-1.8343326145216297e-02
-2.0110226828695427e-02
-2.2062187650426893e-02
-2.4218966796299399e-02
-2.6603892537919092e-02
-2.9242298321865264e-02
-3.2165589023695582e-02
-3.5408965179725853e-02
-3.9012811596601984e-02
-4.3026106361815586e-02
-4.7503747052823460e-02
-5.2511897795856771e-02
-5.8128596088044396e-02
-6.4443461800535687e-02
-7.1567543407704090e-02
-7.9630012225066868e-02
-8.8787153683931794e-02
-9.9229569195189563e-02
-1.1118330134834388e-01
-1.2493554524274850e-01
-1.4083547364398757e-01
-1.5931723295762143e-01
-1.8093329340655528e-01
-2.0637668609057294e-01
-2.3654682512583847e-01
-2.7261030028777866e-01
-3.1609830702245273e-01
-3.6907416240538748e-01
-4.3432598390584171e-01
-5.1572973842394976e-01
-6.1876650733370309e-01
-7.5127290220665610e-01
-9.2502391220430491e-01
-1.1580845312556227e+00
-1.4791268024451090e+00
-1.9348867030610397e+00
-2.6073456720660806e+00
-3.6435638645642712e+00
-5.3188126022668589e+00
-8.1275146223399926e+00
-1.2506691956041573e+01
-1.5851070753616577e+01
0.0000000000000000e+00
1.3464638167935297e-01
0.0000000000000000e+00
0.0000000000000000e+00
];
