%Vec Object:sol 1 MPI processes
%  type: mpi
sol = [
0.0000000000000000e+00
-4.0733417702315293e+01
-2.4113861704225958e+01
-1.2990600440510725e+01
-7.6295816301436137e+00
-4.9222140432869388e+00
-3.4113735930089191e+00
-2.4943659430100280e+00
-1.8996154108268724e+00
-1.4931186132815919e+00
-1.2037716913610015e+00
-9.9064402308877664e-01
-8.2935840404007943e-01
-7.0431506819586598e-01
-6.0548955669542925e-01
-5.2605809541636472e-01
-4.6131641460862788e-01
-4.0784601532904541e-01
-3.6313317965560232e-01
-3.2541837477672908e-01
-2.9331837065484700e-01
-2.6572557868372193e-01
-2.4187082997192993e-01
-2.2110167552573326e-01
-2.0289641543940173e-01
-1.8685754849539460e-01
-1.7266713684675411e-01
-1.6004274102243962e-01
-1.4875354914982031e-01
-1.3863326297148468e-01
-1.2952453201426101e-01
-1.2128039183870067e-01
-1.1381126134039950e-01
-1.0702347739261005e-01
-1.0082296500301859e-01
-9.5154104084300639e-02
-8.9960057906856961e-02
-8.5181200208324051e-02
-8.0777409970934397e-02
-7.6714628449116584e-02
-7.2954151486929256e-02
-6.9465207372009119e-02
-6.6227502346175957e-02
-6.3215490625471257e-02
-6.0404445866036528e-02
-5.7782597300391897e-02
-5.5332907712713958e-02
-5.3034827449927033e-02
-5.0881951102575068e-02
-4.8862430920319666e-02
-4.6960084107409053e-02
-4.5170610129942293e-02
-4.3485730904746348e-02
-4.1893564940522807e-02
-4.0390042349636099e-02
-3.8969720403063325e-02
-3.7623769889233528e-02
-3.6348336849217323e-02
-3.5139922874064818e-02
-3.3991892729130162e-02
-3.2900619882400207e-02
-3.1863943257111060e-02
-3.0876820338348418e-02
-2.9935870517009151e-02
-2.9039851107244177e-02
-2.8184884984731477e-02
-2.7367854167617021e-02
-2.6588141483012445e-02
-2.5842726966103430e-02
-2.5128767273675121e-02
-2.4446064411562891e-02
-2.3792230921240297e-02
-2.3164704693062411e-02
-2.2563560296562708e-02
-2.1986877262521180e-02
-2.1432376221990859e-02
-2.0900299954273970e-02
-2.0389072094417374e-02
-1.9896693452412326e-02
-1.9423500370544140e-02
-1.8968168635970221e-02
-1.8528973382821324e-02
-1.8106291363752157e-02
-1.7698981359515011e-02
-1.7305584658971668e-02
-1.6926480589182984e-02
-1.6560658635054532e-02
-1.6206916381176894e-02
-1.5865609134500563e-02
-1.5535817438092521e-02
-1.5216584268235066e-02
-1.4908222423901267e-02
-1.4609873326242338e-02
-1.4320813790965869e-02
-1.4041301670315686e-02
-1.3770516369906893e-02
-1.3507956802849920e-02
-1.3253817637394791e-02
-1.3007298814682702e-02
-1.2768109563369254e-02
-1.2790829779816205e-02
-1.3076305993362149e-02
-1.3371057501154908e-02
-1.3675836493371358e-02
-1.3990440250959224e-02
-1.4315680169516141e-02
-1.4652296772579313e-02
-1.5000019037502308e-02
-1.5359978026536821e-02
-1.5732898929600753e-02
-1.6118431442160328e-02
-1.6518090955055260e-02
-1.6932399766896786e-02
-1.7361324936276838e-02
-1.7806488336748784e-02
-1.8268399640795616e-02
-1.8747416844595990e-02
-1.9245168868795327e-02
-1.9762112549505311e-02
-2.0299122120494225e-02
-2.0857860825620831e-02
-2.1438730407689215e-02
-2.2043232988953509e-02
-2.2673080186907512e-02
-2.3328620590089614e-02
-2.4012120901133673e-02
-2.4725288186454832e-02
-2.5468649723294545e-02
-2.6245182549987686e-02
-2.7056460009395798e-02
-2.7903915824335969e-02
-2.8790739693057978e-02
-2.9718593011127250e-02
-3.0690041860734141e-02
-3.1708564464848425e-02
-3.2775970106511690e-02
-3.3896248244063960e-02
-3.5073227584570286e-02
-3.6309101742378141e-02
-3.7609520083471647e-02
-3.8978426166827160e-02
-4.0419872395599299e-02
-4.1940340515241793e-02
-4.3544452072965263e-02
-4.5238689340807568e-02
-4.7030695286865258e-02
-4.8926090671147303e-02
-5.0934573428228457e-02
-5.3065002130913086e-02
-5.5325793876635991e-02
-5.7729660203254554e-02
-6.0287425677599336e-02
-6.3012346835772018e-02
-6.5920454381005009e-02
-6.9025865185835172e-02
-7.2348623595365452e-02
-7.5909111987889646e-02
-7.9728159409413343e-02
-8.3833853555423984e-02
-8.8253294192355225e-02
-9.3019100882921313e-02
-9.8169745446400239e-02
-1.0374355405689326e-01
-1.0979104723662390e-01
-1.1636592399624690e-01
-1.2352842311217060e-01
-1.3135348468093805e-01
-1.3992085701760015e-01
-1.4932820956538856e-01
-1.5968934046388006e-01
-1.7113059702120106e-01
-1.8381220181169458e-01
-1.9791462978491764e-01
-2.1365552188094430e-01
-2.3130054026150107e-01
-2.5115516816347405e-01
-2.7359535939728241e-01
-2.9910097399872998e-01
-3.2824697641657574e-01
-3.6176228023170359e-01
-4.0054643572906345e-01
-4.4576184894076065e-01
-4.9889928434619124e-01
-5.6189389750414698e-01
-6.3733610261881424e-01
-7.2863393187846459e-01
-8.4047301069880498e-01
-9.7957705172653842e-01
-1.1554504741967577e+00
-1.3820458123782273e+00
-1.6802104622232035e+00
-2.0836709350328833e+00
-2.6458585290701397e+00
-3.4599420150334574e+00
-4.6916866736382969e+00
-6.6501608647197576e+00
-9.8878787866494875e+00
-1.4920357665144811e+01
-1.8714826961587402e+01
0.0000000000000000e+00
2.4055929233035767e-01
0.0000000000000000e+00
0.0000000000000000e+00
];
