%Vec Object:sol 1 MPI processes
%  type: mpi
sol = [
0.0000000000000000e+00
-4.0627352916153370e+01
-2.4078597371103626e+01
-1.2980114355792912e+01
-7.6255237099139324e+00
-4.9201863846917977e+00
-3.4102489680584656e+00
-2.4937092249012580e+00
-1.8991432657035081e+00
-1.4928313187231370e+00
-1.2035523397607713e+00
-9.9047340890085012e-01
-8.2922383981835124e-01
-7.0423818115479397e-01
-6.0542934435191897e-01
-5.2601104388178410e-01
-4.6127987931137138e-01
-4.0781798884059950e-01
-3.6311212181935837e-01
-3.2540305806548464e-01
-2.9330781995988559e-01
-2.6571902367688882e-01
-2.4186761991564307e-01
-2.2111074782735643e-01
-2.0290709492035172e-01
-1.8686957986328628e-01
-1.7268030493206923e-01
-1.6005686705894434e-01
-1.4876848344554550e-01
-1.3864887658113723e-01
-1.2954071579249735e-01
-1.2129705427286230e-01
-1.1382832240853823e-01
-1.0704086860767559e-01
-1.0084062820977815e-01
-9.5171988470091437e-02
-8.9978119601567583e-02
-8.5199401383309170e-02
-8.0795717682560053e-02
-7.6733014179241943e-02
-7.2972590386631661e-02
-6.9483677667200108e-02
-6.6245985365597601e-02
-6.3233970041163892e-02
-6.0422907053518327e-02
-5.7801028050061994e-02
-5.5351297429765862e-02
-5.3053166163331070e-02
-5.0900230921716506e-02
-4.8880645104985743e-02
-4.6978225910473341e-02
-4.5188674515644345e-02
-4.3503713705448414e-02
-4.1911461782801453e-02
-4.0407850049142040e-02
-3.8987436560688725e-02
-3.7641391817287713e-02
-3.6365862605442653e-02
-3.5157351282908644e-02
-3.4009222307625098e-02
-3.2917849526314200e-02
-3.1881072639628048e-02
-3.0893848837977370e-02
-2.9952797597437214e-02
-2.9056677029508201e-02
-2.8201609739842561e-02
-2.7384477607046372e-02
-2.6604664272185101e-02
-2.5859149527836842e-02
-2.5145089723796879e-02
-2.4462287689862722e-02
-2.3808355748540511e-02
-2.3180731367035072e-02
-2.2579489938602114e-02
-2.2002710791055393e-02
-2.1448114061263190e-02
-2.0915943340873749e-02
-2.0404622068647647e-02
-1.9912150529123995e-02
-1.9438865853854150e-02
-1.8983443630294083e-02
-1.8544158479188430e-02
-1.8121387890515615e-02
-1.7713990441109544e-02
-1.7320506930699042e-02
-1.6941317397435641e-02
-1.6575411090241399e-02
-1.6221585163460117e-02
-1.5880195581862201e-02
-1.5550322620836048e-02
-1.5231008907637652e-02
-1.4922567837379512e-02
-1.4624140523711285e-02
-1.4335003533499103e-02
-1.4055415246417740e-02
-1.3784554713405561e-02
-1.3521920715164872e-02
-1.3267708372587575e-02
-1.3021117218503818e-02
-1.2781856479810212e-02
-1.2804783963684575e-02
-1.3090758389196839e-02
-1.3386026479702712e-02
-1.3691341592324978e-02
-1.4006501293593180e-02
-1.4332318248202558e-02
-1.4669534231844911e-02
-1.5017878494346317e-02
-1.5378483798202067e-02
-1.5752076430402388e-02
-1.6138306233524649e-02
-1.6538691111798856e-02
-1.6953814262732896e-02
-1.7383608746383963e-02
-1.7829680666281059e-02
-1.8292541965230724e-02
-1.8772551863095746e-02
-1.9271342588922765e-02
-1.9789373746942417e-02
-2.0327524403597093e-02
-2.0887427020970215e-02
-2.1469421818825014e-02
-2.2075097382590118e-02
-2.2706167519101584e-02
-2.3362985360298204e-02
-2.4047821792577733e-02
-2.4762387462577189e-02
-2.5507211744421002e-02
-2.6285277124556368e-02
-2.7098160651380616e-02
-2.7947299646972928e-02
-2.8835889950889090e-02
-2.9765597133438005e-02
-3.0738992826878312e-02
-3.1759562275744099e-02
-3.2829119561920618e-02
-3.3951662236346006e-02
-3.5131027097222385e-02
-3.6369413626224284e-02
-3.7672482385255009e-02
-3.9044185863085820e-02
-4.0488585774049117e-02
-4.2012177165725070e-02
-4.3619592351921102e-02
-4.5317327541788147e-02
-4.7113041850952796e-02
-4.9012369372125275e-02
-5.1025028242977458e-02
-5.3159896409396640e-02
-5.5425410087098489e-02
-5.7834307468700365e-02
-6.0397437317281692e-02
-6.3128084984279270e-02
-6.6042315371143454e-02
-6.9154277115229063e-02
-7.2484057173077626e-02
-7.6052082130134729e-02
-7.9879227007784659e-02
-8.3993639167928458e-02
-8.8422477656944776e-02
-9.3198432328806854e-02
-9.8360057236405965e-02
-1.0394576225275085e-01
-1.1000617524863562e-01
-1.1659511052704492e-01
-1.2377293629034221e-01
-1.3161475144889734e-01
-1.4020047491050994e-01
-1.4962798285201837e-01
-1.6001131367943305e-01
-1.7147708225701949e-01
-1.8418584636858443e-01
-1.9831845914283244e-01
-2.1409301504110095e-01
-2.3177572610534211e-01
-2.5167580937251344e-01
-2.7417214535887025e-01
-2.9973288357804406e-01
-3.2894169652290212e-01
-3.6252898169478776e-01
-4.0139610648483287e-01
-4.4670780289221546e-01
-4.9995778886045911e-01
-5.6308501146486167e-01
-6.3868489997572675e-01
-7.3020004809445505e-01
-8.4227209556487603e-01
-9.8166253669342340e-01
-1.1578932057438365e+00
-1.3849902039425261e+00
-1.6837473028653187e+00
-2.0879919742800412e+00
-2.6513245669714047e+00
-3.4670177212985527e+00
-4.7011145982261588e+00
-6.6633507524798503e+00
-9.9071870946079823e+00
-1.4950372619454292e+01
-1.8755199506760071e+01
0.0000000000000000e+00
2.4055929233035767e-01
0.0000000000000000e+00
0.0000000000000000e+00
];
