%Vec Object:sol 1 MPI processes
%  type: mpi
sol = [
0.0000000000000000e+00
-5.0427264288248516e+01
-2.6253454884724157e+01
-1.3097036931223633e+01
-7.3437007267289838e+00
-4.5627453772676549e+00
-3.0545200840558411e+00
-2.1585662067462552e+00
-1.5884089111571573e+00
-1.2059914711564537e+00
-9.3868742006477668e-01
-7.4523871304913003e-01
-6.0132197398897980e-01
-4.9183791048527520e-01
-4.0685809173899301e-01
-3.3978686404596148e-01
-2.8610799110815932e-01
-2.4258689874223519e-01
-2.0687823011072184e-01
-1.7732182312229772e-01
-1.5264068021947164e-01
-1.3184080853133778e-01
-1.1420830189870421e-01
-9.9166267531355337e-02
-8.6247395907593741e-02
-7.5097336462516692e-02
-6.5432695195188767e-02
-5.7013949617522264e-02
-4.9647697618932042e-02
-4.3184795120230247e-02
-3.7494177558400857e-02
-3.2462186662556722e-02
-2.8006128432453627e-02
-2.4049859509885765e-02
-2.0524970574988755e-02
-1.7381660507879794e-02
-1.4574557228834771e-02
-1.2062051385804167e-02
-9.8131258621663060e-03
-7.8007012328356043e-03
-6.0029302389605597e-03
-4.4016604188598695e-03
-2.9933179162406074e-03
-1.7920919531708539e-03
-8.6334961928462208e-04
-4.0250280990719486e-04
-2.9877929498093144e-04
-2.7103569282771608e-04
-2.6348319937296249e-04
-2.6408760693225639e-04
-2.5273025860727833e-04
-2.4647931752566545e-04
-2.4582081451680887e-04
-2.3754579767520126e-04
-2.3126566506558057e-04
-2.2967568097283000e-04
-2.2349006067154346e-04
-2.1737571046114178e-04
-2.1521038999436015e-04
-2.1044714421211610e-04
-2.0461030014321682e-04
-2.0211473893220371e-04
-1.9832126219857649e-04
-1.9282335237100014e-04
-1.9016760182776119e-04
-1.8703709101696475e-04
-1.8190697333774695e-04
-1.7920716414464202e-04
-1.7652869457874371e-04
-1.7177323416792578e-04
-1.6910613919929118e-04
-1.6673384770707700e-04
-1.6234404588429108e-04
-1.5975659169119544e-04
-1.5758672646505858e-04
-1.5354137391888019e-04
-1.5105702618344150e-04
-1.4901179237490053e-04
-1.4527892021996049e-04
-1.4290141460280203e-04
-1.4091745044073282e-04
-1.3745505143649046e-04
-1.3517123846912288e-04
-1.3319200072419774e-04
-1.2994892249595867e-04
-1.2773160379853023e-04
-1.2570308325529178e-04
-1.2262100192380351e-04
-1.2043255863723687e-04
-1.1830170199925466e-04
-1.1531797211150153e-04
-1.1311433281544918e-04
-1.1082887271375313e-04
-1.0787947343970351e-04
-1.0561362302628469e-04
-1.0312178639378550e-04
-1.0014294406359063e-04
-9.7766609789390110e-05
-9.5015247362013994e-05
-9.1942856569185856e-05
-9.1153888576640137e-05
-9.1509980211885978e-05
-9.1608145102234083e-05
-9.2190238299397166e-05
-9.1926806456473420e-05
-9.1617567767779528e-05
-9.1869190137253921e-05
-9.0977646709308738e-05
-9.0325725486989860e-05
-9.0342345746132743e-05
-8.8820940303510355e-05
-8.7927353993057740e-05
-8.7529878569119903e-05
-8.5701920048430737e-05
-8.4712251794952698e-05
-8.3890457348543041e-05
-8.1952225408607365e-05
-8.1048381149509727e-05
-7.9825759641726857e-05
-7.7940119598325441e-05
-7.7318481273114400e-05
-7.5665572974844235e-05
-7.3991164677603873e-05
-7.3837958238600398e-05
-7.1639109596364437e-05
-7.0314587054336558e-05
-7.0510719288907259e-05
-6.7844696026793827e-05
-6.7002902563923576e-05
-6.6690883516234390e-05
-6.4320158959878877e-05
-6.4138575089530225e-05
-6.3052651158730755e-05
-6.1137633065849533e-05
-6.1830346328054650e-05
-5.9633631142570115e-05
-5.8370529840788687e-05
-5.9930865109184597e-05
-5.6435991306239390e-05
-5.6044829737992026e-05
-5.6381806253221447e-05
-5.3502471378541578e-05
-5.4324694752497520e-05
-5.2968754940166077e-05
-5.1041730642147663e-05
-5.3413218933576670e-05
-4.9806105234776734e-05
-4.9162386891072410e-05
-5.0949195610016577e-05
-4.6991611712117786e-05
-4.8036175550704011e-05
-4.7273798083340618e-05
-4.4766108855725240e-05
-4.7884616732544250e-05
-4.3979907498302864e-05
-4.3335888651693462e-05
-4.5874107660368821e-05
-4.1273493422204201e-05
-4.2879925714718192e-05
-4.1890420240161612e-05
-3.9410479424259756e-05
-4.3568729920772344e-05
-3.8620218606796286e-05
-3.8604413194872420e-05
-4.0507121824193796e-05
-3.6303979444258067e-05
-3.9590161234446684e-05
-5.7695542843596479e-05
-5.0976332423236371e-04
-3.1566017498133726e-03
-7.8438882460206347e-03
-1.3572004650940932e-02
-2.0365131087724708e-02
-2.8368161461933578e-02
-3.7788267728737120e-02
-4.8888584969451934e-02
-6.2004070851202804e-02
-7.7553168271768377e-02
-9.6062738313600293e-02
-1.1820631873830796e-01
-1.4484191420319342e-01
-1.7708710253887322e-01
-2.1640539636574294e-01
-2.6473510269579686e-01
-3.2470034432542122e-01
-3.9987994704590940e-01
-4.9527574009535935e-01
-6.1800686670850224e-01
-7.7842368865191758e-01
-9.9197981057560869e-01
-1.2823003711607122e+00
-1.6875696794938440e+00
-2.2705942939508970e+00
-3.1405263426127314e+00
-4.4959935068079346e+00
-6.7143061029673516e+00
-1.0505252653385561e+01
-1.6718370951543271e+01
-2.2143639336467459e+01
0.0000000000000000e+00
2.4055929233035767e-01
0.0000000000000000e+00
0.0000000000000000e+00
];
