%Vec Object:sol 1 MPI processes
%  type: mpi
sol = [
0.0000000000000000e+00
-4.1444654983530761e+01
-2.4348430075202447e+01
-1.3060116522204853e+01
-7.6564590252717322e+00
-4.9344292556703815e+00
-3.4187354155616596e+00
-2.4987435257377140e+00
-1.9024791338632483e+00
-1.4950436090872539e+00
-1.2052430447844447e+00
-9.9176147304845275e-01
-8.3003815497373812e-01
-7.0483815565892127e-01
-6.0590075848569847e-01
-5.2638091722362168e-01
-4.6156855755750809e-01
-4.0804092279456272e-01
-3.6328117057615938e-01
-3.2550924712392548e-01
-2.9335514090966508e-01
-2.6571977972776012e-01
-2.4183135693072910e-01
-2.2104796619637393e-01
-2.0283166639613232e-01
-1.8678348974102518e-01
-1.7258522791076458e-01
-1.5995419543583547e-01
-1.4865938381523772e-01
-1.3853435500909453e-01
-1.2942162460781612e-01
-1.2117410835000747e-01
-1.1370214790371470e-01
-1.0691200202311692e-01
-1.0070952517027210e-01
-9.5039047882661473e-02
-8.9843686412445167e-02
-8.5063773112775895e-02
-8.0659153902281705e-02
-7.6595740166756146e-02
-7.2834802542995819e-02
-6.9345548290562969e-02
-6.6107662826760352e-02
-6.3095584252191417e-02
-6.0284574306505363e-02
-5.7662846136363542e-02
-5.5213351442908641e-02
-5.2915535837946844e-02
-5.0762980155218893e-02
-4.8743828757030400e-02
-4.6841898384721484e-02
-4.5052877199703315e-02
-4.3368481186924775e-02
-4.1776829839093657e-02
-4.0273845361424573e-02
-3.8854079724300931e-02
-3.7508712345695153e-02
-3.6233826621898051e-02
-3.5025743005453434e-02
-3.3878022004125513e-02
-3.2787096400194157e-02
-3.1750797103632787e-02
-3.0764080908518530e-02
-2.9823564326583587e-02
-2.8927997312778748e-02
-2.8073502638117680e-02
-2.7256961567110549e-02
-2.6477749991699436e-02
-2.5732848179892093e-02
-2.5019413604731127e-02
-2.4337241640757182e-02
-2.3683945270799044e-02
-2.3056964306671715e-02
-2.2456366949854895e-02
-2.1880233327857816e-02
-2.1326286709381592e-02
-2.0794763769433813e-02
-2.0284088885687807e-02
-1.9792265892011059e-02
-1.9319625318456778e-02
-1.8864843858511251e-02
-1.8426199779134969e-02
-1.8004064350247890e-02
-1.7597297454008402e-02
-1.7204443384388785e-02
-1.6825876360763943e-02
-1.6460587204058859e-02
-1.6107376177557333e-02
-1.5766593898426176e-02
-1.5437322521054510e-02
-1.5118607203576787e-02
-1.4810756517815816e-02
-1.4512913813238408e-02
-1.4224357447942241e-02
-1.3945341547677249e-02
-1.3675047803276363e-02
-1.3412975909646576e-02
-1.3159317343690007e-02
-1.2913274724761430e-02
-1.2674557197996610e-02
-1.2695852570368730e-02
-1.2977922603331030e-02
-1.3269140973719619e-02
-1.3570251771022461e-02
-1.3881050170443689e-02
-1.4202338744474886e-02
-1.4534849294566369e-02
-1.4878308756876412e-02
-1.5233836427260195e-02
-1.5602147854789578e-02
-1.5982890691117479e-02
-1.6377565139337111e-02
-1.6786743869946184e-02
-1.7210354735097067e-02
-1.7649984043729288e-02
-1.8106132780253484e-02
-1.8579150303626137e-02
-1.9070647233098530e-02
-1.9581070802795301e-02
-2.0111282133247511e-02
-2.0662924496778402e-02
-2.1236389440967274e-02
-2.1833159556863879e-02
-2.2454924513388284e-02
-2.3102021946144431e-02
-2.3776690879410298e-02
-2.4480614668778180e-02
-2.5214306652329467e-02
-2.5980707826400693e-02
-2.6781366968861266e-02
-2.7617693930601334e-02
-2.8492837760669226e-02
-2.9408432162300241e-02
-3.0367006443081743e-02
-3.1371992326247371e-02
-3.2425167246001717e-02
-3.3530467062140114e-02
-3.4691666871761673e-02
-3.5910921338540250e-02
-3.7193805685383913e-02
-3.8544204259838379e-02
-3.9966107714268242e-02
-4.1465909662698898e-02
-4.3048160231624839e-02
-4.4719249304018230e-02
-4.6486712819181847e-02
-4.8356083061790657e-02
-5.0336924061739854e-02
-5.2437965915970913e-02
-5.4667498878247470e-02
-5.7038057779143302e-02
-5.9560306652922460e-02
-6.2247310902238583e-02
-6.5114874424335736e-02
-6.8176903276246842e-02
-7.1453159170023900e-02
-7.4963731167691325e-02
-7.8729143171050564e-02
-8.2777087024744053e-02
-8.7134269009677107e-02
-9.1832842162331479e-02
-9.6910732525440121e-02
-1.0240571050077632e-01
-1.0836758404633534e-01
-1.1484928663518312e-01
-1.2191019752216668e-01
-1.2962420222344412e-01
-1.3806991585836983e-01
-1.4734363465133102e-01
-1.5755756057032652e-01
-1.6883464330800271e-01
-1.8132721504224333e-01
-1.9521848686173396e-01
-2.1072261143513182e-01
-2.2810099197603290e-01
-2.4765720009461037e-01
-2.6977483906909938e-01
-2.9491467048201120e-01
-3.2364380702796086e-01
-3.5668128778781460e-01
-3.9491456714734530e-01
-4.3949056441800805e-01
-4.9188037234999815e-01
-5.5399389022887857e-01
-6.2829761198030387e-01
-7.1824541443550327e-01
-8.2853555983403426e-01
-9.6573463818415406e-01
-1.1392307906625567e+00
-1.3624926862206479e+00
-1.6567109810557794e+00
-2.0545856043596240e+00
-2.6095120003222707e+00
-3.4128628285423637e+00
-4.6289014400913144e+00
-6.5622318528492869e+00
-9.7589602505689346e+00
-1.4719617367255639e+01
-1.8444631904944195e+01
0.0000000000000000e+00
2.4055929233035767e-01
0.0000000000000000e+00
0.0000000000000000e+00
];
