%Vec Object:sol 1 MPI processes
%  type: mpi
sol = [
0.0000000000000000e+00
-4.0768255081342950e+01
-2.4125428179446430e+01
-1.2994037641202818e+01
-7.6309113949194725e+00
-4.9228783594774299e+00
-3.4117419121873529e+00
-2.4945808882775959e+00
-1.8997698546834181e+00
-1.4932124603051142e+00
-1.2038432627387312e+00
-9.9069961440996557e-01
-8.2940102496847279e-01
-7.0434002255870409e-01
-6.0550910274823855e-01
-5.2607336947170036e-01
-4.6132827272381821e-01
-4.0785510782900714e-01
-3.6314000581112510e-01
-3.2542333283519254e-01
-2.9332177716548408e-01
-2.6572768386090723e-01
-2.4186957987861096e-01
-2.2109867804022890e-01
-2.0289289755298759e-01
-1.8685359267092033e-01
-1.7266281264563521e-01
-1.6003810626593304e-01
-1.4874865227808945e-01
-1.3862814574373070e-01
-1.2951922979298588e-01
-1.2127493427898788e-01
-1.1380567439292380e-01
-1.0701778327553924e-01
-1.0081718258492926e-01
-9.5148249860793621e-02
-8.9954146124611237e-02
-8.5175243153863059e-02
-8.0771418348094037e-02
-7.6708611526955822e-02
-7.2948117343286711e-02
-6.9459163086921641e-02
-6.6221453992628312e-02
-6.3209443515228753e-02
-6.0398404757684494e-02
-5.7776566167718861e-02
-5.5326890004532905e-02
-5.3028826412870683e-02
-5.0875969306224962e-02
-4.8856470559939059e-02
-4.6954147381392558e-02
-4.5164698679111388e-02
-4.3479846087211449e-02
-4.1887708182199078e-02
-4.0384214688774608e-02
-3.8963922621918071e-02
-3.7618002864738528e-02
-3.6342601215193088e-02
-3.5134219014133307e-02
-3.3986221127252039e-02
-3.2894980899811681e-02
-3.1858337000762335e-02
-3.0871247011674187e-02
-2.9930330295777057e-02
-2.9034343906672876e-02
-2.8179410808420326e-02
-2.7362413064901531e-02
-2.6582733237141987e-02
-2.5837351439714107e-02
-2.5123424429865031e-02
-2.4440753943987509e-02
-2.3786952595191702e-02
-2.3159458412278337e-02
-2.2558345695348817e-02
-2.1981694041576832e-02
-2.1427224243699677e-02
-2.0895178815254743e-02
-2.0383981455493923e-02
-1.9891633146331581e-02
-1.9418469971797130e-02
-1.8963167784367858e-02
-1.8524001889684994e-02
-1.8101348791983152e-02
-1.7694067342323226e-02
-1.7300698989628119e-02
-1.6921622828219057e-02
-1.6555828420205240e-02
-1.6202113490978529e-02
-1.5860833132159979e-02
-1.5531067974401430e-02
-1.5211861108211820e-02
-1.4903525137404599e-02
-1.4605201583747477e-02
-1.4316167344394429e-02
-1.4036680098910943e-02
-1.3765919368953985e-02
-1.3503384110934484e-02
-1.3249268844856062e-02
-1.3002773645620724e-02
-1.2763607742659680e-02
-1.2786260021202289e-02
-1.3071573015134064e-02
-1.3366155270845668e-02
-1.3670759626485701e-02
-1.3985184936075186e-02
-1.4310240583148575e-02
-1.4646663266082206e-02
-1.4994163248809660e-02
-1.5353890635275343e-02
-1.5726550065760365e-02
-1.6111780230276072e-02
-1.6511122665588445e-02
-1.6925158427374035e-02
-1.7353819325572083e-02
-1.7798707695399006e-02
-1.8260333173019300e-02
-1.8739052806077995e-02
-1.9236494607979111e-02
-1.9753114940493800e-02
-2.0289787388573788e-02
-2.0848174206556283e-02
-2.1428676634026204e-02
-2.2032795826097011e-02
-2.2662242313342202e-02
-2.3317364144139548e-02
-2.4000426650031215e-02
-2.4713135723957856e-02
-2.5456017955488460e-02
-2.6232048597533045e-02
-2.7042799778221230e-02
-2.7889704040403127e-02
-2.8775949069580128e-02
-2.9703194892647767e-02
-3.0674005772549362e-02
-3.1691857630829302e-02
-3.2758558177150315e-02
-3.3878094217336438e-02
-3.5054291806289661e-02
-3.6289342634553530e-02
-3.7588892398528001e-02
-3.8956881729770430e-02
-4.0397359978946196e-02
-4.1916804531276705e-02
-4.3519833404215245e-02
-4.5212924301053878e-02
-4.7003714896679379e-02
-4.8897821579816106e-02
-5.0904935662415933e-02
-5.3033909366218657e-02
-5.5293153520720818e-02
-5.7695370925988559e-02
-6.0251378216101298e-02
-6.2974422480378531e-02
-6.5880523210786510e-02
-6.8983786865277091e-02
-7.2304243819354200e-02
-7.5862261957855698e-02
-7.9678655252964303e-02
-8.3781491838638075e-02
-8.8197852045028738e-02
-9.2960332388691613e-02
-9.8107377727219974e-02
-1.0367728679083632e-01
-1.0972054490504780e-01
-1.1629081327745960e-01
-1.2344828824627296e-01
-1.3126785783437875e-01
-1.3982921441813947e-01
-1.4922995965146288e-01
-1.5958381288745063e-01
-1.7101703369526708e-01
-1.8368973472557043e-01
-1.9778226690948944e-01
-2.1351212250001680e-01
-2.3114478325223409e-01
-2.5098205659540773e-01
-2.7340630658622234e-01
-2.9889384584226536e-01
-3.2801925164196760e-01
-3.6151095073110795e-01
-4.0026789721196621e-01
-4.4545173395018905e-01
-4.9855225631404038e-01
-5.6150337568387243e-01
-6.3689386048499663e-01
-7.2812043816960348e-01
-8.3988309694628405e-01
-9.7889318416181892e-01
-1.1546494020949802e+00
-1.3810802006069542e+00
-1.6790504488222502e+00
-2.0822535694591982e+00
-2.6440654445060341e+00
-3.4576206350007341e+00
-4.6885931026921197e+00
-6.6458321008689083e+00
-9.8815403041576904e+00
-1.4910501575792399e+01
-1.8701568165233180e+01
0.0000000000000000e+00
2.4055929233035767e-01
0.0000000000000000e+00
0.0000000000000000e+00
];
