%Vec Object:sol 1 MPI processes
%  type: mpi
sol = [
0.0000000000000000e+00
-7.0875836146439681e+01
-3.4524870297326927e+01
-1.6788193235275301e+01
-9.4423914591061227e+00
-5.9608066516938845e+00
-4.0789755513171766e+00
-2.9573056501338768e+00
-2.2385045127934360e+00
-1.7515592404315610e+00
-1.4072380547245213e+00
-1.1544404280490324e+00
-9.6391919256135272e-01
-8.1685743039106240e-01
-7.0092728520039549e-01
-6.0789067621647597e-01
-5.3216551332401207e-01
-4.6973543063369921e-01
-4.1761366306712500e-01
-3.7371172308638795e-01
-3.3639355330851278e-01
-3.0435359802738804e-01
-2.7668413470591552e-01
-2.5263235177781179e-01
-2.3156907104654412e-01
-2.1302734617665670e-01
-1.9663495764593722e-01
-1.8206187553266184e-01
-1.6903230826910118e-01
-1.5736018450734990e-01
-1.4686207976292442e-01
-1.3736716552725184e-01
-1.2877041999910049e-01
-1.2096277173180146e-01
-1.1383523887671188e-01
-1.0732273897716388e-01
-1.0135914097524854e-01
-9.5875491254743511e-02
-9.0825090118477586e-02
-8.6168260275674535e-02
-8.1860294293261693e-02
-7.7865580807466847e-02
-7.4160395780601629e-02
-7.0715245366636176e-02
-6.7501681660154564e-02
-6.4505842277409450e-02
-6.1708049991093888e-02
-5.9084797895625908e-02
-5.6628423198834467e-02
-5.4325241743814763e-02
-5.2156810289737510e-02
-5.0117950967488230e-02
-4.8199095146600944e-02
-4.6386721855361940e-02
-4.4676011288636512e-02
-4.3060643434824450e-02
-4.1530583536435087e-02
-4.0081328665998263e-02
-3.8708783664900090e-02
-3.7405415335693533e-02
-3.6167032607998119e-02
-3.4991069290543214e-02
-3.3871805614565931e-02
-3.2805369431981354e-02
-3.1790244342511972e-02
-3.0822036023057674e-02
-2.9897199343567566e-02
-2.9014933494851850e-02
-2.8171818272656125e-02
-2.7364640909994981e-02
-2.6593081122999511e-02
-2.5854437326926796e-02
-2.5145829951108086e-02
-2.4467252620614777e-02
-2.3816534564453318e-02
-2.3191125738925098e-02
-2.2591215370680397e-02
-2.2015024390849756e-02
-2.1460324974246759e-02
-2.0927417567550927e-02
-2.0414810967298375e-02
-1.9920589317634723e-02
-1.9445104367096830e-02
-1.8987074873978334e-02
-1.8544884697346331e-02
-1.8118894394361155e-02
-1.7707973944434480e-02
-1.7310793271827423e-02
-1.6927691981166924e-02
-1.6557646856249764e-02
-1.6199599460171115e-02
-1.5853847871570279e-02
-1.5519441974926879e-02
-1.5195580164126459e-02
-1.4882505226516686e-02
-1.4579314664169120e-02
-1.4285448957876479e-02
-1.4001086573357958e-02
-1.3725353285191991e-02
-1.3457917084138189e-02
-1.3466792741587394e-02
-1.3751941935300332e-02
-1.4046150144740135e-02
-1.4350174143403853e-02
-1.4663764259562305e-02
-1.4987736112525542e-02
-1.5322826649905769e-02
-1.5668710518928437e-02
-1.6026530013298516e-02
-1.6396997362214772e-02
-1.6779699602608885e-02
-1.7176170309847291e-02
-1.7586963316658027e-02
-1.8011954703101071e-02
-1.8452756588252784e-02
-1.8909838994788899e-02
-1.9383511916131906e-02
-1.9875399489200314e-02
-2.0385905824465166e-02
-2.0915864847636547e-02
-2.1466919595208127e-02
-2.2039405103738741e-02
-2.2634787968381666e-02
-2.3254742285595969e-02
-2.3899534251563204e-02
-2.4571396680850809e-02
-2.5271977476583669e-02
-2.6001709214218544e-02
-2.6763526787965515e-02
-2.7558916868585543e-02
-2.8389217017527928e-02
-2.9257555052704630e-02
-3.0165430756257609e-02
-3.1115164780403659e-02
-3.2110242588393768e-02
-3.3152373220425801e-02
-3.4245420792982338e-02
-3.5393066730829370e-02
-3.6597321840738641e-02
-3.7863675699988344e-02
-3.9195869847060770e-02
-4.0597737713585907e-02
-4.2075536975534553e-02
-4.3633624539168074e-02
-4.5278204579793778e-02
-4.7016612852039889e-02
-4.8854123828263034e-02
-5.0800064646871361e-02
-5.2862876595370971e-02
-5.5050519440940575e-02
-5.7375193848522868e-02
-5.9847160600192406e-02
-6.2479050355404665e-02
-6.5286185428959448e-02
-6.8281913939654298e-02
-7.1485393941876335e-02
-7.4916022602773941e-02
-7.8593544811073418e-02
-8.2544777532937000e-02
-8.6795431045445987e-02
-9.1376532151624765e-02
-9.6324714727109018e-02
-1.0167629221075364e-01
-1.0747937900731039e-01
-1.1378497340708535e-01
-1.2065023861242088e-01
-1.2814645119909687e-01
-1.3634924743942362e-01
-1.4535140767422103e-01
-1.5526100293980910e-01
-1.6619782469162436e-01
-1.7831407433166344e-01
-1.9178093248741068e-01
-2.0680488823048693e-01
-2.2363806481200871e-01
-2.4257302840262082e-01
-2.6397975576127058e-01
-2.8829053862134468e-01
-3.1604923846094635e-01
-3.4795623155432653e-01
-3.8486473688984868e-01
-4.2787761709112221e-01
-4.7840920804014886e-01
-5.3829544879492186e-01
-6.0999451411857120e-01
-6.9678803956119739e-01
-8.0309319826459891e-01
-9.3524102554878685e-01
-1.1023015817884381e+00
-1.3176360968024752e+00
-1.6010099849190373e+00
-1.9843656069958331e+00
-2.5190822642716886e+00
-3.2936725724856957e+00
-4.4660226158321121e+00
-6.3302544262598799e+00
-9.4097274096076298e+00
-1.4164939564988764e+01
-1.7686469212715469e+01
0.0000000000000000e+00
1.3464638167935297e-01
0.0000000000000000e+00
0.0000000000000000e+00
];
