%Vec Object:sol 1 MPI processes
%  type: mpi
sol = [
0.0000000000000000e+00
-4.2432865139919706e+01
-2.4667743793688921e+01
-1.3148997483437087e+01
-7.6909414263140325e+00
-4.9509606704905158e+00
-3.4277600925104035e+00
-2.5049102109267039e+00
-1.9061716005584888e+00
-1.4978012624301362e+00
-1.2072043381377568e+00
-9.9302920326406674e-01
-8.3103232701477359e-01
-7.0562416427072472e-01
-6.0652486857977994e-01
-5.2687265184529164e-01
-4.6189893326876930e-01
-4.0824963244955853e-01
-3.6339678861872721e-01
-3.2557140403397167e-01
-2.9338321518189409e-01
-2.6571933318287033e-01
-2.4180700820614637e-01
-2.2100350708393457e-01
-2.0277017959590671e-01
-1.8670755661192265e-01
-1.7249702925655808e-01
-1.5985554748292671e-01
-1.4855181085894131e-01
-1.3841917469562640e-01
-1.2929995586558596e-01
-1.2104689092933944e-01
-1.1357020807746537e-01
-1.0677604996326333e-01
-1.0056792703010134e-01
-9.4892283971377514e-02
-8.9692597785256720e-02
-8.4909077148530243e-02
-8.0501468529538184e-02
-7.6435597036833405e-02
-7.2672660221205831e-02
-6.9181804515209860e-02
-6.5942660004070466e-02
-6.2929619686096186e-02
-6.0117909558192045e-02
-5.7495704249910892e-02
-5.5045926068643933e-02
-5.2748002191583300e-02
-5.0595484075207656e-02
-4.8576496257516637e-02
-4.6674847414831251e-02
-4.4886203287219310e-02
-4.3202265872260663e-02
-4.1611151287923406e-02
-4.0108766330621576e-02
-3.8689651770097422e-02
-3.7344979204294429e-02
-3.6070879780161172e-02
-3.4863840215677455e-02
-3.3717227595933534e-02
-3.2627407246871000e-02
-3.1592203906669281e-02
-3.0606577982888825e-02
-2.9667146002415309e-02
-2.8772651349620270e-02
-2.7919219964857262e-02
-2.7103735005442171e-02
-2.6325565484147089e-02
-2.5581694428194614e-02
-2.4869282597994834e-02
-2.4188118282472217e-02
-2.3535816888705981e-02
-2.2909822471740927e-02
-2.2310196065289768e-02
-2.1735019985732320e-02
-2.1182022312170572e-02
-2.0651432591455424e-02
-2.0141677260583645e-02
-1.9650765185393586e-02
-1.9179019930036532e-02
-1.8725120225496723e-02
-1.8287349292784191e-02
-1.7866071706798693e-02
-1.7460149467021180e-02
-1.7068131480230796e-02
-1.6690385644733345e-02
-1.6325905074764360e-02
-1.5973494080127822e-02
-1.5633497417744682e-02
-1.5304999797180059e-02
-1.4987049659681262e-02
-1.4679950259497284e-02
-1.4382847842233299e-02
-1.4095023118900898e-02
-1.3816725506826263e-02
-1.3547140004729417e-02
-1.3285767586617781e-02
-1.3032795688052717e-02
-1.2787430709456423e-02
-1.2549381875387849e-02
-1.2568806830962292e-02
-1.2846357377589563e-02
-1.3132889166186702e-02
-1.3429135663272262e-02
-1.3734889428717135e-02
-1.4050941479385976e-02
-1.4378012215712345e-02
-1.4715826089918964e-02
-1.5065486971210519e-02
-1.5427698175011698e-02
-1.5802105063915276e-02
-1.6190187561835250e-02
-1.6592506419954620e-02
-1.7008983766285745e-02
-1.7441183266918989e-02
-1.7889593579260437e-02
-1.8354553078380759e-02
-1.8837647774257851e-02
-1.9339311868117867e-02
-1.9860388756814128e-02
-2.0402494820084549e-02
-2.0966007736599332e-02
-2.1552383756613877e-02
-2.2163282953728079e-02
-2.2799028030978601e-02
-2.3461820722941219e-02
-2.4153312362050258e-02
-2.4873997301277057e-02
-2.5626767981202194e-02
-2.6413139929725722e-02
-2.7234490650611159e-02
-2.8093914365025251e-02
-2.8993007243130680e-02
-2.9934248872154141e-02
-3.0921008184329631e-02
-3.1955019395601324e-02
-3.3040145971734623e-02
-3.4180090534103966e-02
-3.5376954862724103e-02
-3.6636214064215439e-02
-3.7961672305414605e-02
-3.9357236587183965e-02
-4.0829181398903583e-02
-4.2381960064654972e-02
-4.4021837436842133e-02
-4.5756204650700731e-02
-4.7590473979227201e-02
-4.9534028306289897e-02
-5.1595423710145777e-02
-5.3782778465388356e-02
-5.6108388230806258e-02
-5.8582699396443193e-02
-6.1218518372655586e-02
-6.4031341799061975e-02
-6.7034789749198631e-02
-7.0248240960065697e-02
-7.3691386742769580e-02
-7.7384315607569601e-02
-8.1353135846900265e-02
-8.5624146890704828e-02
-9.0229485899986916e-02
-9.5206285901296386e-02
-1.0059150084719169e-01
-1.0643389786565328e-01
-1.1278528319156261e-01
-1.1970376399962425e-01
-1.2726166708539327e-01
-1.3553591611484783e-01
-1.4462075670605665e-01
-1.5462599610010350e-01
-1.6567351202869640e-01
-1.7791793019129409e-01
-1.9153337248876148e-01
-2.0672983998862735e-01
-2.2376369853539260e-01
-2.4293267928031864e-01
-2.6461306746498392e-01
-2.8925687242537529e-01
-3.1742050188223608e-01
-3.4980952696356643e-01
-3.8729489198216355e-01
-4.3096648648712538e-01
-4.8227718460113506e-01
-5.4310660896756946e-01
-6.1595705096544506e-01
-7.0416923375034779e-01
-8.1235054852158806e-01
-9.4691011896298927e-01
-1.1168572887423407e+00
-1.3359415448198122e+00
-1.6247533135653847e+00
-2.0149102799158523e+00
-2.5597784784509288e+00
-3.3486611627994143e+00
-4.5431263833009403e+00
-6.4418500255091562e+00
-9.5818920776061702e+00
-1.4442960018031185e+01
-1.8071754992928522e+01
0.0000000000000000e+00
2.4055929233035767e-01
0.0000000000000000e+00
0.0000000000000000e+00
];
