%Vec Object:sol 1 MPI processes
%  type: mpi
sol = [
0.0000000000000000e+00
-4.2363888340010234e+01
-2.4646325491759349e+01
-1.3142814303773422e+01
-7.6885896307736568e+00
-4.9497961260961487e+00
-3.4271210865244215e+00
-2.5044732119075119e+00
-1.9059079741921670e+00
-1.4976041724982811e+00
-1.2070855841190373e+00
-9.9293698483862036e-01
-8.3095980725979846e-01
-7.0556663510866724e-01
-6.0647900139546285e-01
-5.2684037923688720e-01
-4.6188185022531064e-01
-4.0823700662972617e-01
-3.6338781959976790e-01
-3.2556544917623204e-01
-2.9337976219102635e-01
-2.6571797735972463e-01
-2.4180741344997506e-01
-2.2100539732828201e-01
-2.0277333023818278e-01
-1.8671177950027770e-01
-1.7250216535246141e-01
-1.5986146423627873e-01
-1.4855839695063561e-01
-1.3842633382041436e-01
-1.2930760616502579e-01
-1.2105496361411967e-01
-1.1357864260042166e-01
-1.0678479436554987e-01
-1.0057917963383753e-01
-9.4904037459836318e-02
-8.9704403324321502e-02
-8.4920916869676177e-02
-8.0513326950307787e-02
-7.6447460855121233e-02
-7.2684517934974394e-02
-6.9193646116915905e-02
-6.5954477034381773e-02
-6.2941404821078975e-02
-6.0129656259689343e-02
-5.7507407217450505e-02
-5.5057580783826630e-02
-5.2759604342487561e-02
-5.0607030454502336e-02
-4.8587984216404943e-02
-4.6686274176276119e-02
-4.4897567001993280e-02
-4.3213565117349487e-02
-4.1622384423888090e-02
-4.0119932360086617e-02
-3.8700750098834037e-02
-3.7356008994037015e-02
-3.6081840586343623e-02
-3.4874732005205793e-02
-3.3728050096765362e-02
-3.2638160371827062e-02
-3.1602888000946273e-02
-3.0617193172215895e-02
-2.9677692429270673e-02
-2.8783129611393860e-02
-2.7929630463286170e-02
-2.7114078029464073e-02
-2.6335841795579653e-02
-2.5591904616498795e-02
-2.4879427043034964e-02
-2.4198197849121205e-02
-2.3545832288901059e-02
-2.2919774140934285e-02
-2.2320084928331731e-02
-2.1744846828077796e-02
-2.1191787602393042e-02
-2.0661137284174232e-02
-2.0151322178010734e-02
-1.9660350816057003e-02
-1.9188547237157235e-02
-1.8734590039985947e-02
-1.8296762115658217e-02
-1.7875428495192684e-02
-1.7469451039284035e-02
-1.7077378346662855e-02
-1.6699578746312119e-02
-1.6335045200885887e-02
-1.5982581749485351e-02
-1.5642533548417801e-02
-1.5313985137230590e-02
-1.4995984737339844e-02
-1.4688835965601431e-02
-1.4391684873849316e-02
-1.4103812015717046e-02
-1.3825467129796921e-02
-1.3555834992571203e-02
-1.3294416493040388e-02
-1.3041399342746993e-02
-1.2795989687274498e-02
-1.2557896747264352e-02
-1.2577450306776443e-02
-1.2855309732602885e-02
-1.3142161847298842e-02
-1.3438740844073777e-02
-1.3744839465587562e-02
-1.4061249519281109e-02
-1.4388692186199592e-02
-1.4726892093059496e-02
-1.5076954164012333e-02
-1.5439582552859477e-02
-1.5814422784147700e-02
-1.6202956168288506e-02
-1.6605744274677689e-02
-1.7022709627970301e-02
-1.7455417443338377e-02
-1.7904357225443271e-02
-1.8369868105386190e-02
-1.8853537778033939e-02
-1.9355801341421196e-02
-1.9877503409202840e-02
-2.0420262203724827e-02
-2.0984456359080191e-02
-2.1571543931807779e-02
-2.2183187024762133e-02
-2.2819709370849022e-02
-2.3483315260288663e-02
-2.4175658223081795e-02
-2.4897233920843087e-02
-2.5650938121817318e-02
-2.6438288638268522e-02
-2.7260665197596852e-02
-2.8121165780761310e-02
-2.9021389138352487e-02
-2.9963818271380286e-02
-3.0951826420560796e-02
-3.1987150774764404e-02
-3.3073659767675324e-02
-3.4215060996519976e-02
-3.5413459879991255e-02
-3.6674338393805066e-02
-3.8001506214328386e-02
-3.9398876091137923e-02
-4.0872730690935985e-02
-4.2427529992182647e-02
-4.4069547434944470e-02
-4.5806184099053904e-02
-4.7642860509710221e-02
-4.9588971989948251e-02
-5.1653086574588537e-02
-5.3843334360518511e-02
-5.6172027434347231e-02
-5.8649627144482595e-02
-6.1288957692239618e-02
-6.4105536843575159e-02
-6.7113004304232921e-02
-7.0330765147819566e-02
-7.3778538061027840e-02
-7.7476461397475466e-02
-8.1451732926232853e-02
-8.5729749474139250e-02
-9.0341445251422819e-02
-9.5325124628526117e-02
-1.0071779423362240e-01
-1.0656828871418231e-01
-1.1292848686406648e-01
-1.1985657733701564e-01
-1.2742498689078813e-01
-1.3571074664029137e-01
-1.4480823240953605e-01
-1.5482740280747123e-01
-1.6589030422231035e-01
-1.7815177363117407e-01
-1.9178617143776105e-01
-2.0700378473179748e-01
-2.2406132645262197e-01
-2.4325693032524803e-01
-2.6496738604606296e-01
-2.8964530644892506e-01
-3.1784783756242585e-01
-3.5028147948895760e-01
-3.8781831611559642e-01
-4.3156052450758359e-01
-4.8294218327772742e-01
-5.4385525778701538e-01
-6.1680522234162971e-01
-7.0513699510993988e-01
-8.1346367347350346e-01
-9.4822414668409061e-01
-1.1183975280020686e+00
-1.3377691379050722e+00
-1.6269680601147400e+00
-2.0176432306320113e+00
-2.5632398281554654e+00
-3.3530883171976931e+00
-4.5490461936130862e+00
-6.4501668837627726e+00
-9.5941447041446057e+00
-1.4462136486389664e+01
-1.8097616394072908e+01
0.0000000000000000e+00
2.4055929233035767e-01
0.0000000000000000e+00
0.0000000000000000e+00
];
