%Vec Object:sol 1 MPI processes
%  type: mpi
sol = [
0.0000000000000000e+00
-4.1472982977135665e+01
-2.4357685763598226e+01
-1.3062840504197263e+01
-7.6575113908417718e+00
-4.9348972222292886e+00
-3.4189900436934320e+00
-2.4989176871054579e+00
-1.9025828131937277e+00
-1.4951210626271725e+00
-1.2053024366094913e+00
-9.9179659151391319e-01
-8.3006564060774435e-01
-7.0485982632830735e-01
-6.0591790244549748e-01
-5.2639447926781835e-01
-4.6157925015415724e-01
-4.0804928786992073e-01
-3.6328762431775297e-01
-3.2551048464999471e-01
-2.9335544119016765e-01
-2.6571929636780139e-01
-2.4183021765094348e-01
-2.2104627591767428e-01
-2.0282951043877351e-01
-1.8678093957361649e-01
-1.7258234391692701e-01
-1.5995102789656840e-01
-1.4865597492290489e-01
-1.3853074121787995e-01
-1.2941783685635708e-01
-1.2117017261831911e-01
-1.1369808700567192e-01
-1.0690783554799276e-01
-1.0070526976811404e-01
-9.5034718178357139e-02
-8.9839295088254265e-02
-8.5059331109798297e-02
-8.0654670811034557e-02
-7.6591224340078576e-02
-7.2830261272693625e-02
-6.9340987987520628e-02
-6.6103089051340158e-02
-6.3091001884849410e-02
-6.0279987713024751e-02
-5.7658259033074880e-02
-5.5208767079625534e-02
-5.2910957238140828e-02
-5.0758409793760395e-02
-4.8739268777260703e-02
-4.6837350879457756e-02
-4.5048343812291329e-02
-4.3363963311867884e-02
-4.1772328885035591e-02
-4.0269362466386793e-02
-3.8849615763198661e-02
-3.7504215981137255e-02
-3.6229055776062384e-02
-3.5020941940211929e-02
-3.3873255619208634e-02
-3.2782364504605442e-02
-3.1746099328629089e-02
-3.0759417000507241e-02
-2.9818934038264706e-02
-2.8923400205895511e-02
-2.8068938374358504e-02
-2.7252429869142596e-02
-2.6473250381219327e-02
-2.5728380264919824e-02
-2.5014977094677954e-02
-2.4332836037415592e-02
-2.3679570151291296e-02
-2.3052619377018170e-02
-2.2452051705697432e-02
-2.1875947332408229e-02
-2.1322029670826557e-02
-2.0790535186571691e-02
-2.0279888320454534e-02
-1.9788093057265994e-02
-1.9315479722366514e-02
-1.8860725071277260e-02
-1.8422107519056444e-02
-1.7999998138897584e-02
-1.7593256876991144e-02
-1.7200428164893214e-02
-1.6821886036282204e-02
-1.6456621381014072e-02
-1.6103434582894326e-02
-1.5762676086990387e-02
-1.5433428124105870e-02
-1.5114735950088883e-02
-1.4806907980688020e-02
-1.4509087651618579e-02
-1.4220553391053881e-02
-1.3941559186633080e-02
-1.3671286827382396e-02
-1.3409236046483529e-02
-1.3155598202383411e-02
-1.2909576026400247e-02
-1.2670878666496004e-02
-1.2692119586222326e-02
-1.2974057347708004e-02
-1.3265138567366908e-02
-1.3566107024098556e-02
-1.3876757818177422e-02
-1.4197893184274276e-02
-1.4530244590774420e-02
-1.4873538903032351e-02
-1.5228894965722620e-02
-1.5597027970825097e-02
-1.5977585505217398e-02
-1.6372067178766603e-02
-1.6781045314612924e-02
-1.7204447599574586e-02
-1.7643859680617508e-02
-1.8099782183337323e-02
-1.8572564147414958e-02
-1.9063815473143744e-02
-1.9573983015705679e-02
-2.0103927379194947e-02
-2.0655291050823497e-02
-2.1228465175367195e-02
-2.1824931575492791e-02
-2.2446379056697718e-02
-2.3093144821374451e-02
-2.3767466805434467e-02
-2.4471027430979151e-02
-2.5204339485017609e-02
-2.5970342546663611e-02
-2.6770584425596756e-02
-2.7606474031334243e-02
-2.8481158813578020e-02
-2.9396271383386078e-02
-3.0354339599709887e-02
-3.1358793355200074e-02
-3.2411408827162834e-02
-3.3516119765079268e-02
-3.4676699154289115e-02
-3.5895300120858849e-02
-3.7177494968826476e-02
-3.8527165711358460e-02
-3.9948300565845515e-02
-4.1447289674947187e-02
-4.3028680348065361e-02
-4.4698858826822389e-02
-4.6465356832709762e-02
-4.8333703159148242e-02
-5.0313456559293410e-02
-5.2413342064036535e-02
-5.4641644922835110e-02
-5.7010893000854296e-02
-5.9531743998959039e-02
-6.2217255781040003e-02
-6.5083223300023266e-02
-6.8143544292409125e-02
-7.1417969322816577e-02
-7.4926575879866980e-02
-7.8689875820776689e-02
-8.2735545372550900e-02
-8.7090275282539806e-02
-9.1786200172303586e-02
-9.6861224534096846e-02
-1.0235309683414257e-01
-1.0831159689177877e-01
-1.1478962794524859e-01
-1.2184653529581703e-01
-1.2955616280499754e-01
-1.3799708081265161e-01
-1.4726553128027556e-01
-1.5747365306484390e-01
-1.6874242272057871e-01
-1.8122776655802758e-01
-1.9511100528632902e-01
-2.1060617093090650e-01
-2.2797452034345259e-01
-2.4751945549575463e-01
-2.6962436713216592e-01
-2.9474976273108849e-01
-3.2346244427931803e-01
-3.5648106004973829e-01
-3.9469258555874553e-01
-4.3924332681666434e-01
-4.9160359762048428e-01
-5.5368240198386420e-01
-6.2793823515930680e-01
-7.1783562059426032e-01
-8.2806453404832425e-01
-9.6518827810310093e-01
-1.1385906560532149e+00
-1.3617206964685278e+00
-1.6557828936530845e+00
-2.0534334180770490e+00
-2.6080756636559062e+00
-3.4110015278461634e+00
-4.6264174569207768e+00
-6.5587501425156134e+00
-9.7538486058168985e+00
-1.4711646368460157e+01
-1.8433896789513341e+01
0.0000000000000000e+00
2.4055929233035767e-01
0.0000000000000000e+00
0.0000000000000000e+00
];
