%Vec Object:sol 1 MPI processes
%  type: mpi
sol = [
0.0000000000000000e+00
-7.4399785620563861e+01
-3.5080117725605426e+01
-1.6865301857847779e+01
-9.4506591065793746e+00
-5.9549476111859621e+00
-4.0712339547592036e+00
-2.9501103246492866e+00
-2.2322192390895075e+00
-1.7459797775191650e+00
-1.4023572794285160e+00
-1.1501802229227718e+00
-9.6012199452095714e-01
-8.1344785511394602e-01
-6.9784328658646055e-01
-6.0511566600715161e-01
-5.2962434704278272e-01
-4.6739462070677529e-01
-4.1544580363643419e-01
-3.7169439976677365e-01
-3.3450816627039243e-01
-3.0258454230735460e-01
-2.7501831330205118e-01
-2.5105864832498354e-01
-2.3007798071791627e-01
-2.1161070133237106e-01
-1.9528568891135459e-01
-1.8077420035353983e-01
-1.6780510129931864e-01
-1.5618407459545819e-01
-1.4573286543051256e-01
-1.3628115568112373e-01
-1.2772429838371599e-01
-1.1995357359077233e-01
-1.1286034418016762e-01
-1.0637976121022183e-01
-1.0044591814363735e-01
-9.4990095098763799e-02
-8.9965758832409148e-02
-8.5333371978231751e-02
-8.1048387812593006e-02
-7.7075326596642194e-02
-7.3390547556118513e-02
-6.9964667720668325e-02
-6.6769352590828224e-02
-6.3790784193599917e-02
-6.1009360974418239e-02
-5.8401680233813431e-02
-5.5960096279004695e-02
-5.3670978375887149e-02
-5.1515973359572309e-02
-4.9489910542870323e-02
-4.7583258613106895e-02
-4.5782567143846611e-02
-4.4083026696114060e-02
-4.2478339632948052e-02
-4.0958526687173827e-02
-3.9519098843145167e-02
-3.8155972083316989e-02
-3.6861657007845765e-02
-3.5631979712369512e-02
-3.4464376750473751e-02
-3.3353163101467243e-02
-3.2294486353497090e-02
-3.1286826659355664e-02
-3.0325817457273224e-02
-2.9407935111457870e-02
-2.8532370916347270e-02
-2.7695727062733700e-02
-2.6894813274230583e-02
-2.6129298246298026e-02
-2.5396498715799746e-02
-2.4693557854243261e-02
-2.4020456215361450e-02
-2.3375038333516569e-02
-2.2754776476401783e-02
-2.2159845591232186e-02
-2.1588479755963799e-02
-2.1038472399652581e-02
-2.0510109178839983e-02
-2.0001910589241358e-02
-1.9511980427765037e-02
-1.9040655689493778e-02
-1.8586665967280435e-02
-1.8148412685565066e-02
-1.7726242144827608e-02
-1.7319034783357154e-02
-1.6925475591664147e-02
-1.6545890774237029e-02
-1.6179267599878377e-02
-1.5824559835153344e-02
-1.5482053325032977e-02
-1.5150808806785938e-02
-1.4830033711790111e-02
-1.4519959999142336e-02
-1.4219696678216761e-02
-1.3928689840234015e-02
-1.3647108726498826e-02
-1.3374091511002082e-02
-1.3109308139045312e-02
-1.3113743538764277e-02
-1.3387099396814308e-02
-1.3669074010600036e-02
-1.3960395632787436e-02
-1.4260808016321387e-02
-1.4571095714463632e-02
-1.4891965135450394e-02
-1.5223084673225040e-02
-1.5565555116463512e-02
-1.5920055969779610e-02
-1.6286168484195455e-02
-1.6665371681151377e-02
-1.7058187557286771e-02
-1.7464477036815394e-02
-1.7885791405544318e-02
-1.8322567730498732e-02
-1.8775086592697134e-02
-1.9244906059671423e-02
-1.9732395313479496e-02
-2.0238340664214635e-02
-2.0764312943576856e-02
-2.1310609875551174e-02
-2.1878627229562624e-02
-2.2469959565566886e-02
-2.3084832695198367e-02
-2.3725379156401782e-02
-2.4393160622999333e-02
-2.5088558129238738e-02
-2.5814375954894237e-02
-2.6572010893639642e-02
-2.7362712986608861e-02
-2.8189453946066131e-02
-2.9053680165430921e-02
-2.9957726093654307e-02
-3.0904785094686912e-02
-3.1896158777174687e-02
-3.2935734972033795e-02
-3.4027000096694321e-02
-3.5171827900384575e-02
-3.6375437589978958e-02
-3.7641352881604889e-02
-3.8973179561415959e-02
-4.0376852658460624e-02
-4.1856465072728541e-02
-4.3417881028496925e-02
-4.5068042768313436e-02
-4.6811896124624691e-02
-4.8658275668632935e-02
-5.0615147638749317e-02
-5.2690000566616241e-02
-5.4894383091597700e-02
-5.7237959115417313e-02
-5.9732649791326545e-02
-6.2392936465667549e-02
-6.5231379564824873e-02
-6.8266087116656077e-02
-7.1515362306397628e-02
-7.4997807338964953e-02
-7.8738762984842461e-02
-8.2762463117647692e-02
-8.7098185194645586e-02
-9.1780516058974790e-02
-9.6843672206892537e-02
-1.0233308842683903e-01
-1.0829687184209243e-01
-1.1478893105361261e-01
-1.2187655300681051e-01
-1.2963106468443730e-01
-1.3814002426331382e-01
-1.4750541851290866e-01
-1.5784023015171572e-01
-1.6928813604431786e-01
-1.8201064905527314e-01
-1.9620263916819181e-01
-2.1210209955184739e-01
-2.2998512752116956e-01
-2.5020103234416474e-01
-2.7316923713315250e-01
-2.9938369328737158e-01
-3.2951463186699420e-01
-3.6436827675291295e-01
-4.0498680840935997e-01
-4.5270698752611477e-01
-5.0926441932719946e-01
-5.7698364365282617e-01
-6.5896864476446371e-01
-7.5945758253986639e-01
-8.8434922283793826e-01
-1.0422752528236769e+00
-1.2458946826577664e+00
-1.5141170583970340e+00
-1.8769672261023858e+00
-2.3836335912882691e+00
-3.1180640954362553e+00
-4.2302247834305282e+00
-5.9986341934078240e+00
-8.9168373746002469e+00
-1.3389991241250815e+01
-1.6642125703095964e+01
0.0000000000000000e+00
1.3464638167935297e-01
0.0000000000000000e+00
0.0000000000000000e+00
];
