%Vec Object:sol 1 MPI processes
%  type: mpi
sol = [
0.0000000000000000e+00
-7.1902087272828098e+01
-3.4691491384716876e+01
-1.6811036324955424e+01
-9.4457616161655906e+00
-5.9593975929224294e+00
-4.0767759073940075e+00
-2.9557371607281859e+00
-2.2366978693806430e+00
-1.7502163432628091e+00
-1.4057430343309776e+00
-1.1532330391499990e+00
-9.6291504888341350e-01
-8.1597709024645160e-01
-7.0002652984225022e-01
-6.0704817555902280e-01
-5.3141684520336907e-01
-4.6906248504592124e-01
-4.1700279320609995e-01
-3.7315250586324644e-01
-3.3587786316827967e-01
-3.0387498429221804e-01
-2.7623170309579520e-01
-2.5219126167633438e-01
-2.3113998685999149e-01
-2.1261053903290050e-01
-1.9623042883816436e-01
-1.8166983138614853e-01
-1.6865949066572297e-01
-1.5700484545394947e-01
-1.4652256051139090e-01
-1.3704203625245773e-01
-1.2845842191434459e-01
-1.2066279942124021e-01
-1.1354632907784758e-01
-1.0704402916480456e-01
-1.0108986129876006e-01
-9.5614962666589823e-02
-9.0572700377844331e-02
-8.5923453117862619e-02
-8.1622573160669801e-02
-7.7634498149616663e-02
-7.3935537126595410e-02
-7.0496236122820799e-02
-6.7288186663884253e-02
-6.4297544598298492e-02
-6.1504659333128375e-02
-5.8886058239222668e-02
-5.6434086780649040e-02
-5.4135079215689705e-02
-5.1970620982019065e-02
-4.9935538387301463e-02
-4.8020275479170704e-02
-4.6211333377580946e-02
-4.4503896647531294e-02
-4.2891652960749066e-02
-4.1364584712593119e-02
-3.9918193911503516e-02
-3.8548389409038722e-02
-3.7247651407507965e-02
-3.6011794417660746e-02
-3.4838253557686286e-02
-3.3721319595740672e-02
-3.2657126509387978e-02
-3.1644157285101629e-02
-3.0678025956282107e-02
-2.9755193810550192e-02
-2.8874856540598060e-02
-2.8033604119375808e-02
-2.7228230964045114e-02
-2.6458421189143714e-02
-2.5721380510634655e-02
-2.5014253173553550e-02
-2.4337095330557786e-02
-2.3687757121225471e-02
-2.3063694838141399e-02
-2.2465092708183518e-02
-2.1890174739242457e-02
-2.1336718641870506e-02
-2.0805019875799535e-02
-2.0293590066915952e-02
-1.9800518591170720e-02
-1.9326152342853217e-02
-1.8869212790553543e-02
-1.8428088537854843e-02
-1.8003135526192596e-02
-1.7593226439071449e-02
-1.7197035305237775e-02
-1.6814897437581900e-02
-1.6445792413560773e-02
-1.6088665129148510e-02
-1.5743809771664646e-02
-1.5410279192854833e-02
-1.5087274239148745e-02
-1.4775034266964788e-02
-1.4472659991587285e-02
-1.4179593373759739e-02
-1.3896009959404756e-02
-1.3621039043130508e-02
-1.3354349043365370e-02
-1.3361864952192744e-02
-1.3643468015648358e-02
-1.3933996979847950e-02
-1.4234199996884347e-02
-1.4543825305366000e-02
-1.4863679127501188e-02
-1.5194489156578643e-02
-1.5535928020514300e-02
-1.5889125466601459e-02
-1.6254783780233165e-02
-1.6632488087268409e-02
-1.7023755475308894e-02
-1.7429130053994091e-02
-1.7848483152437762e-02
-1.8283408467634585e-02
-1.8734365911002342e-02
-1.9201656407394102e-02
-1.9686884034139207e-02
-2.0190442133655225e-02
-2.0713150041740645e-02
-2.1256628809489135e-02
-2.1821201906733208e-02
-2.2408314287859166e-02
-2.3019615754128822e-02
-2.3655359905129555e-02
-2.4317748952628303e-02
-2.5008404352527623e-02
-2.5727742592586453e-02
-2.6478658683527594e-02
-2.7262611554696673e-02
-2.8080911655154094e-02
-2.8936633300450869e-02
-2.9831293532226168e-02
-3.0767312575201145e-02
-3.1748013044777715e-02
-3.2775023908105161e-02
-3.3852151666603200e-02
-3.4983020102433281e-02
-3.6169598035419928e-02
-3.7417295331389142e-02
-3.8729789763457971e-02
-4.0110848213027919e-02
-4.1566633520027874e-02
-4.3101425556412186e-02
-4.4721328941877865e-02
-4.6433564125574395e-02
-4.8243309991765425e-02
-5.0159749382703026e-02
-5.2191184942302578e-02
-5.4345439356210064e-02
-5.6634522695701253e-02
-5.9068522202076555e-02
-6.1659862005230139e-02
-6.4423619434999177e-02
-6.7372914353418856e-02
-7.0526599344608559e-02
-7.3903754180687106e-02
-7.7523793138457878e-02
-8.1413104877602449e-02
-8.5596973106198487e-02
-9.0105919007329158e-02
-9.4975984920497636e-02
-1.0024288081704777e-01
-1.0595394823862914e-01
-1.1215935408719617e-01
-1.1891532740708481e-01
-1.2629199903275459e-01
-1.3436377218630680e-01
-1.4322193312178352e-01
-1.5297281510616900e-01
-1.6373427134875540e-01
-1.7565607943090092e-01
-1.8890084933535795e-01
-2.0367223232727891e-01
-2.2022105631386157e-01
-2.3883458451660461e-01
-2.5987612272816873e-01
-2.8378182246534689e-01
-3.1108846333117368e-01
-3.4247682992593087e-01
-3.7878684435033516e-01
-4.2110432697149885e-01
-4.7082193334228328e-01
-5.2974771373986906e-01
-6.0027302658046622e-01
-6.8557157418169412e-01
-7.9013928226520058e-01
-9.2019866791290195e-01
-1.0846476151116520e+00
-1.2964152010969807e+00
-1.5753440996669230e+00
-1.9528369904027065e+00
-2.4791788387535916e+00
-3.2418184387551614e+00
-4.3965721803108213e+00
-6.2333873992009110e+00
-9.2652451935321203e+00
-1.3939296464784743e+01
-1.7381732752146316e+01
0.0000000000000000e+00
1.3464638167935297e-01
0.0000000000000000e+00
0.0000000000000000e+00
];
