%Vec Object:sol 1 MPI processes
%  type: mpi
sol = [
0.0000000000000000e+00
-4.2097658579092993e+01
-2.4560914580578558e+01
-1.3119088895510217e+01
-7.6795962659728048e+00
-4.9453538796074419e+00
-3.4246910465837432e+00
-2.5028110059085891e+00
-1.9049097334902159e+00
-1.4968578080643435e+00
-1.2066330742535472e+00
-9.9259068042432974e-01
-8.3068760562108479e-01
-7.0535085578694523e-01
-6.0630712888706106e-01
-5.2670323021045096e-01
-4.6182023389011995e-01
-4.0819213239008084e-01
-3.6335667233555397e-01
-3.2554560965371965e-01
-2.9336930297026048e-01
-2.6571537680209134e-01
-2.4181140761973433e-01
-2.2101494813083000e-01
-2.0278759332445165e-01
-1.8673004749476782e-01
-1.7252384028833412e-01
-1.5988604782397037e-01
-1.4858547076199743e-01
-1.3845553584882861e-01
-1.2933862876733665e-01
-1.2108754830262972e-01
-1.1361256181113354e-01
-1.0681985221274931e-01
-1.0061520451694195e-01
-9.4942901865921289e-02
-8.9746014914381986e-02
-8.4964833457489980e-02
-8.0559224486688480e-02
-7.6494396499333137e-02
-7.2731392642317386e-02
-6.9240423683249092e-02
-6.6001127066387860e-02
-6.2987901075202954e-02
-6.0175975291000570e-02
-5.7553530276703943e-02
-5.5103491988634422e-02
-5.2805288401138212e-02
-5.0652476310933392e-02
-4.8633182867232942e-02
-4.6731215953003648e-02
-4.4942245805942339e-02
-4.3257976425854702e-02
-4.1666522750996512e-02
-4.0163794679906814e-02
-3.8744334901172746e-02
-3.7399313729881853e-02
-3.6124864202116025e-02
-3.4917475015200358e-02
-3.3770512019008200e-02
-3.2680341408975584e-02
-3.1644790018486905e-02
-3.0658817131385352e-02
-2.9719039323843642e-02
-2.8824202194773999e-02
-2.7970430689301030e-02
-2.7154607382519472e-02
-2.6376103595834508e-02
-2.5631901483752662e-02
-2.4919160753658166e-02
-2.4237672066397924e-02
-2.3585050057660619e-02
-2.2958737404857169e-02
-2.2358797537727498e-02
-2.1783312072088872e-02
-2.1230007514631818e-02
-2.0699115793195090e-02
-2.0189062681733400e-02
-1.9697855394492880e-02
-1.9225819821655846e-02
-1.8771634034163667e-02
-1.8333579622597122e-02
-1.7912023397304352e-02
-1.7505826667839057e-02
-1.7113536820054870e-02
-1.6735523863125646e-02
-1.6370780160097423e-02
-1.6018108684983153e-02
-1.5677856152200534e-02
-1.5349106430711889e-02
-1.5030906877428744e-02
-1.4723562523497961e-02
-1.4426218658454946e-02
-1.4138155216656340e-02
-1.3859623189520330e-02
-1.3589806480839368e-02
-1.3328205644119788e-02
-1.3075009466802297e-02
-1.2829423095154238e-02
-1.2591155731929895e-02
-1.2611209489500603e-02
-1.2890273152501382e-02
-1.3178374095603504e-02
-1.3476249344484378e-02
-1.3783692348668433e-02
-1.4101497996969846e-02
-1.4430390512072323e-02
-1.4770095194265363e-02
-1.5121721080164921e-02
-1.5485975589227643e-02
-1.5862504869611431e-02
-1.6252795637102999e-02
-1.6657412646244908e-02
-1.7076279960582381e-02
-1.7510968833095702e-02
-1.7961972065260054e-02
-1.8429631728538322e-02
-1.8915542083149234e-02
-1.9420141715368103e-02
-1.9944279975696377e-02
-2.0489582264464942e-02
-2.1056430930636628e-02
-2.1646291065308468e-02
-2.2260832674498004e-02
-2.2900383493946717e-02
-2.3567157768837492e-02
-2.4262817585507083e-02
-2.4987863693026940e-02
-2.5745204822075821e-02
-2.6536367675863072e-02
-2.7362740634576253e-02
-2.8227436322166420e-02
-2.9132063530090353e-02
-3.0079118549332345e-02
-3.1071991396967119e-02
-3.2112430828586121e-02
-3.3204324621603956e-02
-3.4351399745010079e-02
-3.5555775773692760e-02
-3.6822961432149776e-02
-3.8156787840300271e-02
-3.9561190122694219e-02
-4.1042482784736156e-02
-4.2605151702206773e-02
-4.4255503746626755e-02
-4.6000978712804168e-02
-4.7847029241597658e-02
-4.9803099085886399e-02
-5.1877802825454192e-02
-5.4079316572822146e-02
-5.6420016369499504e-02
-5.8910421798017421e-02
-6.1563426345761556e-02
-6.4394629962028244e-02
-6.7417748898909308e-02
-7.0652290674220228e-02
-7.4118080397017866e-02
-7.7835367202777950e-02
-8.1831486774086387e-02
-8.6132791040389012e-02
-9.0771012989287678e-02
-9.5783587081619048e-02
-1.0120780097781690e-01
-1.0709180645047972e-01
-1.1348630724206688e-01
-1.2045180082907159e-01
-1.2806110277906485e-01
-1.3639166207424444e-01
-1.4553836091394859e-01
-1.5561174654490162e-01
-1.6673452113793516e-01
-1.7906234319657729e-01
-1.9277050038327184e-01
-2.0807039172422478e-01
-2.2522007944683980e-01
-2.4451926202204416e-01
-2.6634668984805532e-01
-2.9115732120266546e-01
-3.1951117135225493e-01
-3.5211835070030545e-01
-3.8985536994032632e-01
-4.3385513210181775e-01
-4.8553017960101952e-01
-5.4676849676069594e-01
-6.2010537158251955e-01
-7.0890200932464109e-01
-8.1779365852367714e-01
-9.5327161220155388e-01
-1.1243884148680741e+00
-1.3448762157964553e+00
-1.6355213379996154e+00
-2.0282693880487224e+00
-2.5766839399330950e+00
-3.3702958258295421e+00
-4.5720495899678433e+00
-6.4824740807745327e+00
-9.6417164637633181e+00
-1.4536549300365909e+01
-1.8197952261067208e+01
0.0000000000000000e+00
2.4055929233035767e-01
0.0000000000000000e+00
0.0000000000000000e+00
];
