%Vec Object:sol 1 MPI processes
%  type: mpi
sol = [
0.0000000000000000e+00
-4.2145314007637097e+01
-2.4576319010977638e+01
-1.3123340121095845e+01
-7.6812050850557165e+00
-4.9461471053584267e+00
-3.4251239703586487e+00
-2.5031067554944642e+00
-1.9050867225235080e+00
-1.4969899203575423e+00
-1.2067179124558911e+00
-9.9265146015979588e-01
-8.3073531155765223e-01
-7.0538860741600140e-01
-6.0633713450669990e-01
-5.2672710769888698e-01
-4.6183063732251545e-01
-4.0819960479422784e-01
-3.6336174238031799e-01
-3.2554870176485423e-01
-2.9337075535261853e-01
-2.6571545642335620e-01
-2.4181033626867041e-01
-2.2101290794474243e-01
-2.0278473240296768e-01
-1.8672648988854984e-01
-1.7251969083358190e-01
-1.5988139384554639e-01
-1.4858038555992864e-01
-1.3845008281228030e-01
-1.2933286173740782e-01
-1.2108151249743331e-01
-1.1360629701202450e-01
-1.0681339260999699e-01
-1.0060857919060347e-01
-9.4936136413721159e-02
-8.9739131553713852e-02
-8.4957852451703536e-02
-8.0551720306753519e-02
-7.6485844780023307e-02
-7.2722857753337894e-02
-6.9231911706650023e-02
-6.5992643072391458e-02
-6.2979449429372225e-02
-6.0167559895559226e-02
-5.7545154208230073e-02
-5.5095157835363798e-02
-5.2796998677850718e-02
-5.0644232780689788e-02
-4.8624986942677452e-02
-4.6723069191838204e-02
-4.4934149130573690e-02
-4.3249930488272192e-02
-4.1658528394858584e-02
-4.0155852312810304e-02
-3.8736444666660132e-02
-3.7391475971885642e-02
-3.6117079001621318e-02
-3.4909742176739242e-02
-3.3762831536391563e-02
-3.2672713158473560e-02
-3.1637213580817072e-02
-3.0651292257501538e-02
-2.9711565764002922e-02
-2.8816779384889572e-02
-2.7963058214913829e-02
-2.7147284918259219e-02
-2.6368830487396258e-02
-2.5624677207302961e-02
-2.4911984941222355e-02
-2.4230544011277094e-02
-2.3577969167926694e-02
-2.2951703290304413e-02
-2.2351809465510037e-02
-2.1776369413113061e-02
-2.1223109868821439e-02
-2.0692262419703553e-02
-2.0182252937450011e-02
-1.9691088876092555e-02
-1.9219095792756047e-02
-1.8764951855218603e-02
-1.8326938890274383e-02
-1.7905423388131888e-02
-1.7499266759088618e-02
-1.7107016609057224e-02
-1.6729042644888822e-02
-1.6364337338881159e-02
-1.6011703858154140e-02
-1.5671488636793289e-02
-1.5342775665599202e-02
-1.5024612458202091e-02
-1.4717303791313117e-02
-1.4419995092685838e-02
-1.4131966408984915e-02
-1.3853468506296722e-02
-1.3583685446381421e-02
-1.3322117843755312e-02
-1.3068954292401142e-02
-1.2823400119254338e-02
-1.2585164530726866e-02
-1.2605128534704238e-02
-1.2883975638359817e-02
-1.3171852008892000e-02
-1.3469494162722277e-02
-1.3776695423176643e-02
-1.4094250125079507e-02
-1.4422881944399349e-02
-1.4762316061374039e-02
-1.5113660773145169e-02
-1.5477622912359131e-02
-1.5853848516297470e-02
-1.6243823328703055e-02
-1.6648111532104895e-02
-1.7066636914526766e-02
-1.7500969643408252e-02
-1.7951601928404715e-02
-1.8418875313374283e-02
-1.8904382878451521e-02
-1.9408562583941646e-02
-1.9932262929694251e-02
-2.0477108026149850e-02
-2.1043479555883825e-02
-2.1632841346223265e-02
-2.2246861983315696e-02
-2.2885868485116201e-02
-2.3552073308055907e-02
-2.4247137001678125e-02
-2.4971559402605537e-02
-2.5728246912342212e-02
-2.6518724637799050e-02
-2.7344379405908989e-02
-2.8208321209994638e-02
-2.9112157039148323e-02
-3.0058380797765228e-02
-3.1050379489605495e-02
-3.2089899794400321e-02
-3.3180826015254690e-02
-3.4326881642308425e-02
-3.5530183710073743e-02
-3.6796236138467768e-02
-3.8128866197551528e-02
-3.9532004995067128e-02
-4.1011961318530243e-02
-4.2573216394946600e-02
-4.4222071093092355e-02
-4.5965958256041606e-02
-4.7810324760336725e-02
-4.9764605662536168e-02
-5.1837407186254784e-02
-5.4036897184185931e-02
-5.6375440214693179e-02
-5.8863545407210630e-02
-6.1514093811137552e-02
-6.4342670621677631e-02
-6.7362978352455360e-02
-7.0594506130562104e-02
-7.4057059957085947e-02
-7.7770869090453623e-02
-8.1763243434211194e-02
-8.6060509265098853e-02
-9.0694369163726266e-02
-9.5702222235580864e-02
-1.0112124285634554e-01
-1.0699773438931169e-01
-1.1338607519991947e-01
-1.2034485223269435e-01
-1.2794681127208266e-01
-1.3626932630996444e-01
-1.4540718866925348e-01
-1.5547083996042552e-01
-1.6658286467730529e-01
-1.7889877389876346e-01
-1.9259368890171388e-01
-2.0787880919202850e-01
-2.2501195489210854e-01
-2.4429254372681491e-01
-2.6609897430583229e-01
-2.9088578411191329e-01
-3.1921247366370437e-01
-3.5178850568544678e-01
-3.8948959671395761e-01
-4.3344763198092223e-01
-4.8506546238656434e-01
-5.4624540140321531e-01
-6.1951283299701554e-01
-7.0822604094990904e-01
-8.1701630071725906e-01
-9.5236942687354198e-01
-1.1233128660862699e+00
-1.3436003450150462e+00
-1.6339859303877602e+00
-2.0263618688995977e+00
-2.5742814689142119e+00
-3.3672077123460644e+00
-4.5679227008075340e+00
-6.4766800818491426e+00
-9.6331888442695970e+00
-1.4523216337317690e+01
-1.8179977554262177e+01
0.0000000000000000e+00
2.4055929233035767e-01
0.0000000000000000e+00
0.0000000000000000e+00
];
