%Vec Object:sol 1 MPI processes
%  type: mpi
sol = [
0.0000000000000000e+00
-8.3273521655501341e+01
-3.6289556689704099e+01
-1.6984663550823203e+01
-9.4330387073552426e+00
-5.9197098046920384e+00
-4.0370380584258667e+00
-2.9203271896845511e+00
-2.2063183155350989e+00
-1.7239426255885566e+00
-1.3828950581914943e+00
-1.1331529315190978e+00
-9.4508305423508787e-01
-7.9994272075996575e-01
-6.8555383821779559e-01
-5.9388371614173996e-01
-5.1936087138993148e-01
-4.5795536981736329e-01
-4.0671556253864266e-01
-3.6357955238283812e-01
-3.2693082214733210e-01
-2.9546147280777924e-01
-2.6830175309551979e-01
-2.4470755928993973e-01
-2.2405717979977716e-01
-2.0588957559073598e-01
-1.8983735440147245e-01
-1.7557521548458549e-01
-1.6283771259308677e-01
-1.5143310001180055e-01
-1.4118070809458050e-01
-1.3191251589422329e-01
-1.2352523272991427e-01
-1.1591160338938400e-01
-1.0896456232988304e-01
-1.0262011309952242e-01
-9.6813264161320314e-02
-9.1476346591426796e-02
-8.6563485476109772e-02
-8.2035687361476747e-02
-7.7849117307126681e-02
-7.3968855375630277e-02
-7.0371562364336823e-02
-6.7028338448149413e-02
-6.3911356401126704e-02
-6.1006938228258985e-02
-5.8295806578605981e-02
-5.5755036993528580e-02
-5.3377013904957707e-02
-5.1148333988010143e-02
-4.9051048462067384e-02
-4.7079965342379980e-02
-4.5225317845352365e-02
-4.3474430414330981e-02
-4.1822541129121302e-02
-4.0263438478972624e-02
-3.8787385895700334e-02
-3.7389944165758339e-02
-3.6067069064666266e-02
-3.4811461069081485e-02
-3.3619015364383394e-02
-3.2487174529583975e-02
-3.1410403001807190e-02
-3.0384930910181820e-02
-2.9409220207995624e-02
-2.8479022921723763e-02
-2.7590906199711097e-02
-2.6744026293607327e-02
-2.5935080500922636e-02
-2.5160973325554437e-02
-2.4421327084299053e-02
-2.3713535934440734e-02
-2.3034838171730937e-02
-2.2385160977787710e-02
-2.1762413256242327e-02
-2.1164159693151455e-02
-2.0590518199719198e-02
-2.0039777862052549e-02
-1.9509819247925733e-02
-1.9000869976747589e-02
-1.8511499176778669e-02
-1.8039890404124029e-02
-1.7586323658999859e-02
-1.7149573193641882e-02
-1.6728111063041579e-02
-1.6322229261848488e-02
-1.5930850876535882e-02
-1.5552720994552655e-02
-1.5188115463709918e-02
-1.4836063775239574e-02
-1.4495568099685763e-02
-1.4166868902028231e-02
-1.3849070027819065e-02
-1.3541414707292702e-02
-1.3244095263092713e-02
-1.2956265766568069e-02
-1.2677394764210974e-02
-1.2407618221959840e-02
-1.2146122207100596e-02
-1.1892585174900360e-02
-1.1883491606542408e-02
-1.2117759236118505e-02
-1.2359221987891697e-02
-1.2608513854205059e-02
-1.2865365922331784e-02
-1.3130460566395809e-02
-1.3404405015175671e-02
-1.3686858073621922e-02
-1.3978782987593525e-02
-1.4280754997777033e-02
-1.4592349720328393e-02
-1.4914864760160705e-02
-1.5248724384755667e-02
-1.5593752890688487e-02
-1.5951301804468705e-02
-1.6321710265342244e-02
-1.6705174824166953e-02
-1.7103040159017258e-02
-1.7515575064971572e-02
-1.7943421865391211e-02
-1.8387922312098553e-02
-1.8849270866065842e-02
-1.9328643605856691e-02
-1.9827387529929033e-02
-2.0345621256321160e-02
-2.0885162486717391e-02
-2.1447310963826172e-02
-2.2032310208455645e-02
-2.2642554630976433e-02
-2.3279177703144787e-02
-2.3943177702043957e-02
-2.4637071326655921e-02
-2.5362014691502469e-02
-2.6119936527235869e-02
-2.6913529597256257e-02
-2.7744014410894653e-02
-2.8614474135026349e-02
-2.9527816011952975e-02
-3.0485514574812297e-02
-3.1491974927732841e-02
-3.2550103734297182e-02
-3.3662858308090654e-02
-3.4835220412338594e-02
-3.6070604854170144e-02
-3.7373676169902094e-02
-3.8750774237887038e-02
-4.0205047976124078e-02
-4.1745044826405460e-02
-4.3376323403280174e-02
-4.5105842189077892e-02
-4.6942881558319653e-02
-4.8895635598626877e-02
-5.0974010724776135e-02
-5.3190150287561903e-02
-5.5554495478300762e-02
-5.8082241597701458e-02
-6.0788710261661737e-02
-6.3689444879370435e-02
-6.6805742892659239e-02
-7.0157904971662313e-02
-7.3770521261928346e-02
-7.7672686080150433e-02
-8.1893132125311269e-02
-8.6470153343600281e-02
-9.1444280672345293e-02
-9.6860967011250673e-02
-1.0277705488170399e-01
-1.0925280857033444e-01
-1.1636232493297549e-01
-1.2419202077950091e-01
-1.3283357853376773e-01
-1.4241200503861115e-01
-1.5306455106917236e-01
-1.6495682384188956e-01
-1.7829132210663506e-01
-1.9330328115928577e-01
-2.1029066931736498e-01
-2.2961174584792321e-01
-2.5170814486000992e-01
-2.7714087353807576e-01
-3.0660336398218613e-01
-3.4099357765556221e-01
-3.8146543866455368e-01
-4.2952008001369141e-01
-4.8717158881790401e-01
-5.5704497688770760e-01
-6.4290293175384994e-01
-7.4996064672344231e-01
-8.8569222999911001e-01
-1.0611857387777692e+00
-1.2929309745947148e+00
-1.6076560704857041e+00
-2.0485416435607995e+00
-2.6898843818583922e+00
-3.6643118163629604e+00
-5.2171154746658237e+00
-7.7727736404351893e+00
-1.1623693995934351e+01
-1.4318614932434301e+01
0.0000000000000000e+00
1.3464638167935297e-01
0.0000000000000000e+00
0.0000000000000000e+00
];
