%Vec Object:sol 1 MPI processes
%  type: mpi
sol = [
0.0000000000000000e+00
-4.2112683199593945e+01
-2.4565772610368967e+01
-1.3120429637162694e+01
-7.6801035386209566e+00
-4.9456038882321520e+00
-3.4248274066927196e+00
-2.5029040980033010e+00
-1.9049653680981224e+00
-1.4968992890949533e+00
-1.2066626826232048e+00
-9.9260968643813818e-01
-8.3070252500485031e-01
-7.0536266191395403e-01
-6.0631651126797581e-01
-5.2671069429362072e-01
-4.6182345909391970e-01
-4.0819444191254195e-01
-3.6335823110796517e-01
-3.2554655017518608e-01
-2.9336973087110063e-01
-2.6571537548593321e-01
-2.4181104640972656e-01
-2.2101428397471867e-01
-2.0278667253655927e-01
-1.8672890887969359e-01
-1.7252251664874710e-01
-1.5988456648741103e-01
-1.4858385467041876e-01
-1.3845380484646772e-01
-1.2933679971134432e-01
-1.2108563535147152e-01
-1.1361057742288021e-01
-1.0681780708698045e-01
-1.0061310777072609e-01
-9.4940761517294747e-02
-8.9743837905728749e-02
-8.4962627388046053e-02
-8.0556984164708523e-02
-7.6491694450568318e-02
-7.2728696100371554e-02
-6.9237734558335914e-02
-6.5998446949048203e-02
-6.2985231333874556e-02
-6.0173317148405812e-02
-5.7550884694959982e-02
-5.5100859776152665e-02
-5.2802670343892133e-02
-5.0649872957707752e-02
-4.8630594656638111e-02
-4.6728643370148544e-02
-4.4939689135546468e-02
-4.3255435867676918e-02
-4.1663998565856453e-02
-4.0161286991189121e-02
-3.8741843749218449e-02
-3.7396839218716955e-02
-3.6122406353006058e-02
-3.4915033762368576e-02
-3.3768087356775341e-02
-3.2677933294770790e-02
-3.1642398316624028e-02
-3.0656441760179096e-02
-2.9716680201583159e-02
-2.8821859140668371e-02
-2.7968103569986993e-02
-2.7152296092926295e-02
-2.6373807927173032e-02
-2.5629621268579351e-02
-2.4916895873858484e-02
-2.4235422297041571e-02
-2.3582815210162911e-02
-2.2956517354423493e-02
-2.2356592051481113e-02
-2.1781120950009482e-02
-2.1227830629072894e-02
-2.0696952909018181e-02
-2.0186913594729891e-02
-1.9695719976212129e-02
-1.9223697838574069e-02
-1.8769525283391705e-02
-1.8331483975856568e-02
-1.7909940625327577e-02
-1.7503756573201322e-02
-1.7111479274835393e-02
-1.6733478644029909e-02
-1.6368747078352633e-02
-1.6016087612801294e-02
-1.5675846873355933e-02
-1.5347108767466309e-02
-1.5028920701535678e-02
-1.4721587626443169e-02
-1.4424254875375924e-02
-1.4136202418158226e-02
-1.3857681175121438e-02
-1.3587875099937329e-02
-1.3326284765383518e-02
-1.3073098897880130e-02
-1.2827522700722540e-02
-1.2589265377838145e-02
-1.2609290830807585e-02
-1.2888286180021172e-02
-1.3176316281820730e-02
-1.3474118001242834e-02
-1.3781484748045780e-02
-1.4099211236295543e-02
-1.4428021516234674e-02
-1.4767640850327286e-02
-1.5119178041930834e-02
-1.5483340325421167e-02
-1.5859773814035999e-02
-1.6249964916942080e-02
-1.6654478208279290e-02
-1.7073237664740670e-02
-1.7507814196890795e-02
-1.7958700419573856e-02
-1.8426238237879373e-02
-1.8912021539806194e-02
-1.9416488714243531e-02
-1.9940488843417530e-02
-2.0485646920819084e-02
-2.1052345085298990e-02
-2.1642048029367030e-02
-2.2256425311236019e-02
-2.2895804440330327e-02
-2.3562399097674547e-02
-2.4257870884936583e-02
-2.4982720263507313e-02
-2.5739855229447509e-02
-2.6530801982584753e-02
-2.7356948413302964e-02
-2.8221406315902909e-02
-2.9125783913505419e-02
-3.0072576744470565e-02
-3.1065173875568071e-02
-3.2105323407859626e-02
-3.3196912023082427e-02
-3.4343665593166484e-02
-3.5547702892025398e-02
-3.6814531128979387e-02
-3.8147980209970414e-02
-3.9551983992979940e-02
-4.1032855180286994e-02
-4.2595078181876356e-02
-4.4244957976433678e-02
-4.5989932166668850e-02
-4.7835451576008020e-02
-4.9790957215142803e-02
-5.1865061029077390e-02
-5.4065936526080015e-02
-5.6405956126834585e-02
-5.8895636118155091e-02
-6.1547866065893651e-02
-6.4378241267228617e-02
-6.7400473643234787e-02
-7.0634064913115899e-02
-7.4098834157795682e-02
-7.7815024254406284e-02
-8.1809962754109899e-02
-8.6109993499399767e-02
-9.0746839891375053e-02
-9.5757925355584791e-02
-1.0118050786517696e-01
-1.0706213627633211e-01
-1.1345469363866187e-01
-1.2041806820431369e-01
-1.2802505352521326e-01
-1.3635307492457815e-01
-1.4549698593118165e-01
-1.5556730046439921e-01
-1.6668668356851324e-01
-1.7901074723580454e-01
-1.9271472663474820e-01
-2.0800995784393789e-01
-2.2515442670767230e-01
-2.4444774312233997e-01
-2.6626854649799236e-01
-2.9107166235222703e-01
-3.1941694354868166e-01
-3.5201429614700147e-01
-3.8973998024617929e-01
-4.3372657702872625e-01
-4.8538357220414069e-01
-5.4660347072948867e-01
-6.1991843562475046e-01
-7.0868875023481204e-01
-8.1754840927298134e-01
-9.5298697674955579e-01
-1.1240490761494630e+00
-1.3444736663552008e+00
-1.6350368888915257e+00
-2.0276675080661795e+00
-2.5759310265606792e+00
-3.3693214250987458e+00
-4.5707476548575459e+00
-6.4806465185961715e+00
-9.6390270978127006e+00
-1.4532345077626108e+01
-1.8192284791589632e+01
0.0000000000000000e+00
2.4055929233035767e-01
0.0000000000000000e+00
0.0000000000000000e+00
];
