%Vec Object:sol 1 MPI processes
%  type: mpi
sol = [
0.0000000000000000e+00
-4.1106584549721546e+01
-2.4237339820478866e+01
-1.3027240186150065e+01
-7.6437505137715318e+00
-4.9287938808840588e+00
-3.4153128831761355e+00
-2.4966681930777206e+00
-1.9012498483707199e+00
-1.4941279248258355e+00
-1.2045427927027932e+00
-9.9124417287276612e-01
-8.2971914953636250e-01
-7.0458769086593176e-01
-6.0570356146744442e-01
-5.2622580533043206e-01
-4.6144710911596226e-01
-4.0794674151352556e-01
-3.6320934641907004e-01
-3.2547429536916145e-01
-2.9335622273956719e-01
-2.6572998869627673e-01
-2.4184908280354434e-01
-2.2107199072632783e-01
-2.0286100030797247e-01
-1.8681730534731242e-01
-1.7262282673839222e-01
-1.5999499660700259e-01
-1.4870290046937196e-01
-1.3858016702565243e-01
-1.2946937589791913e-01
-1.2122350020707819e-01
-1.1375291844308981e-01
-1.0696392671416881e-01
-1.0076241332626922e-01
-9.5092732354451051e-02
-8.9898022528158816e-02
-8.5118636076043752e-02
-8.0714434721837688e-02
-7.6651344103397898e-02
-7.2890646977914086e-02
-6.9401560696256956e-02
-6.6163780587370186e-02
-6.3151752502845812e-02
-6.0340743954901396e-02
-5.7718975719319436e-02
-5.5269404822289196e-02
-5.2971479243987457e-02
-5.0818786320068192e-02
-4.8799474200090578e-02
-4.6897359952611017e-02
-4.5108137078736295e-02
-4.3423524406997059e-02
-4.1831641045094056e-02
-4.0328412946725671e-02
-3.8908394608146227e-02
-3.7562757735345099e-02
-3.6287645748391183e-02
-3.5079557544916033e-02
-3.3931858911729368e-02
-3.2840921935689174e-02
-3.1804582837489173e-02
-3.0817800078678161e-02
-2.9877192723733480e-02
-2.8981515305042314e-02
-2.8126891600491370e-02
-2.7310204084681357e-02
-2.6530832752426563e-02
-2.5785758447760560e-02
-2.5072138833466377e-02
-2.4389772919988010e-02
-2.3736274361679827e-02
-2.3109082532878453e-02
-2.2508278257350130e-02
-2.1931938761084294e-02
-2.1377725662675911e-02
-2.0845906427808814e-02
-2.0334904925374226e-02
-1.9842738839075520e-02
-1.9369761436634901e-02
-1.8914648642240704e-02
-1.8475676913091123e-02
-1.8053219888406143e-02
-1.7646136660501154e-02
-1.7252969844774382e-02
-1.6874095897207581e-02
-1.6508504792509097e-02
-1.6154995325114919e-02
-1.5813920184767565e-02
-1.5484360591603680e-02
-1.5165360513236605e-02
-1.4857230400781312e-02
-1.4559112552518398e-02
-1.4270284472212473e-02
-1.3991001948013714e-02
-1.3720445476998659e-02
-1.3458114285562676e-02
-1.3204201275715238e-02
-1.2957907708366617e-02
-1.2718942689349888e-02
-1.2740890974652789e-02
-1.3024552673099168e-02
-1.3317421353777680e-02
-1.3620244842194856e-02
-1.3932819204004368e-02
-1.4255951075052042e-02
-1.4590376261164151e-02
-1.4935822537445895e-02
-1.5293414627783147e-02
-1.5663872372302549e-02
-1.6046844187003063e-02
-1.6443837412552002e-02
-1.6855428889814325e-02
-1.7281548445442982e-02
-1.7723790350515370e-02
-1.8182659894173274e-02
-1.8658510262782379e-02
-1.9152960719402048e-02
-1.9666463041445238e-02
-2.0199884549055646e-02
-2.0754877949735524e-02
-2.1331839617199738e-02
-2.1932261372474355e-02
-2.2557843256468799e-02
-2.3208928091886565e-02
-2.3887767980506219e-02
-2.4596057486229839e-02
-2.5334316547256080e-02
-2.6105503188972971e-02
-2.6911177806404885e-02
-2.7752761542306104e-02
-2.8633422656111029e-02
-2.9554807950701343e-02
-3.0519464121170140e-02
-3.1530844871051525e-02
-3.2590742704079918e-02
-3.3703118817189522e-02
-3.4871773654580648e-02
-3.6098880311866061e-02
-3.7390049059126691e-02
-3.8749192248768632e-02
-4.0180329741381603e-02
-4.1689896818863828e-02
-4.3282477393519314e-02
-4.4964505039853345e-02
-4.6743566309300127e-02
-4.8625235346900705e-02
-5.0619139502594758e-02
-5.2734069641624894e-02
-5.4978376026199413e-02
-5.7364677056013030e-02
-5.9903712711185886e-02
-6.2608638807737357e-02
-6.5495366523767515e-02
-6.8577901664868546e-02
-7.1876139636921091e-02
-7.5410308270069323e-02
-7.9201075850329469e-02
-8.3276321491663835e-02
-8.7662937666923832e-02
-9.2393298156362588e-02
-9.7505587239875652e-02
-1.0303783834948578e-01
-1.0904019661929507e-01
-1.1556595781790965e-01
-1.2267490800324000e-01
-1.3044143179113632e-01
-1.3894468069055593e-01
-1.4828160091776227e-01
-1.5856515000683111e-01
-1.6992073901832444e-01
-1.8250741770267329e-01
-1.9650433852885235e-01
-2.1212067613186592e-01
-2.2961934327401923e-01
-2.4931071511244124e-01
-2.7158093936589622e-01
-2.9689381927403941e-01
-3.2582018634391502e-01
-3.5908375689173516e-01
-3.9757771562813560e-01
-4.4245631926829398e-01
-4.9519998231340534e-01
-5.5773057052103880e-01
-6.3260752251009289e-01
-7.2315932642868863e-01
-8.3418291693366386e-01
-9.7228419282620238e-01
-1.1469064537110294e+00
-1.3717463971255273e+00
-1.6678349451214851e+00
-2.0683958618643175e+00
-2.6267249079770592e+00
-3.4351652434016988e+00
-4.6586567064966484e+00
-6.6039237680273217e+00
-9.8201322680337437e+00
-1.4814942932286844e+01
-1.8572980209470227e+01
0.0000000000000000e+00
2.4055929233035767e-01
0.0000000000000000e+00
0.0000000000000000e+00
];
