%Vec Object:sol 1 MPI processes
%  type: mpi
sol = [
0.0000000000000000e+00
-4.2065325653220860e+01
-2.4550455648476003e+01
-1.3116202070852514e+01
-7.6785041753125212e+00
-4.9448157609768577e+00
-3.4243976216186627e+00
-2.5026107153351327e+00
-1.9047900623013592e+00
-1.4967685767757746e+00
-1.2065655104635864e+00
-9.9254988770315522e-01
-8.3065563217032845e-01
-7.0532559541970374e-01
-6.0628709137387848e-01
-5.2668732395395790e-01
-4.6181088845940854e-01
-4.0818731149615650e-01
-3.6335344819884191e-01
-3.2554370045081399e-01
-2.9336848399362364e-01
-2.6571547062941181e-01
-2.4181226674135142e-01
-2.2101645135702563e-01
-2.0278964209649206e-01
-1.8673255922584822e-01
-1.7252674515840188e-01
-1.5988928766877317e-01
-1.4858899675275428e-01
-1.3845930574694529e-01
-1.2934260669446976e-01
-1.2109170412727882e-01
-1.1361686902052280e-01
-1.0682428803739762e-01
-1.0061974955916254e-01
-9.4947539067675044e-02
-8.9750729430100692e-02
-8.4969614254804773e-02
-8.0564005610769068e-02
-7.6499784899645276e-02
-7.2737221288107293e-02
-6.9246234977028337e-02
-6.6006917709462737e-02
-6.2993668231620920e-02
-6.0181716424752812e-02
-5.7559243404134645e-02
-5.5109175447271209e-02
-5.2810940566873958e-02
-5.0658096065270670e-02
-4.8638769322460799e-02
-4.6736768114213380e-02
-4.4947763106327775e-02
-4.3263458477348624e-02
-4.1671969029096569e-02
-4.0169204953466570e-02
-3.8749709115114744e-02
-3.7404651688481776e-02
-3.6130165885862146e-02
-3.4922740590164335e-02
-3.3775741519392312e-02
-3.2685534946728420e-02
-3.1649947904891285e-02
-3.0663939559600197e-02
-2.9724126485743744e-02
-2.8829254494819819e-02
-2.7975448428449318e-02
-2.7159590799676354e-02
-2.6381053152747143e-02
-2.5636817552136419e-02
-2.4924043598004257e-02
-2.4242522180957703e-02
-2.3589867857610698e-02
-2.2963523167206554e-02
-2.2363551772031764e-02
-2.1788035216559760e-02
-2.1234699850933333e-02
-2.0703777834394321e-02
-2.0193694873786933e-02
-1.9702458019660349e-02
-1.9230393388399832e-02
-1.8776178984585813e-02
-1.8338096237656705e-02
-1.7916512175442136e-02
-1.7510288038572418e-02
-1.7117971062842133e-02
-1.6739931462821125e-02
-1.6375161526918199e-02
-1.6022464097517650e-02
-1.5682186079488014e-02
-1.5353411258659071e-02
-1.5035186885144890e-02
-1.4727818162925083e-02
-1.4430450287338885e-02
-1.4142363116169347e-02
-1.3863807793912419e-02
-1.3593968116761090e-02
-1.3332344596584852e-02
-1.3079126152237245e-02
-1.2833517806992637e-02
-1.2595228760981585e-02
-1.2615343455976456e-02
-1.2894554259440277e-02
-1.3182807786474050e-02
-1.3480841408781726e-02
-1.3788448661423454e-02
-1.4106424809620991e-02
-1.4435494447472524e-02
-1.4775382956612038e-02
-1.5127199876110444e-02
-1.5491653024033904e-02
-1.5868388623633697e-02
-1.6258894051151267e-02
-1.6663734449661974e-02
-1.7082834069661230e-02
-1.7517764901661799e-02
-1.7969020149080625e-02
-1.8436942241615004e-02
-1.8923126241218526e-02
-1.9428011159219955e-02
-1.9952446923887399e-02
-2.0498059811802690e-02
-2.1065232624399337e-02
-2.1655431311215032e-02
-2.2270326842763807e-02
-2.2910247442097530e-02
-2.3577408569518774e-02
-2.4273473355214840e-02
-2.4998943167747461e-02
-2.5756728320041274e-02
-2.6548356599470142e-02
-2.7375217441064043e-02
-2.8240425255705741e-02
-2.9145590058873357e-02
-3.0093209762548964e-02
-3.1086676430555200e-02
-3.2127740228225087e-02
-3.3220291292830537e-02
-3.4368058956239525e-02
-3.5573164518478639e-02
-3.6841119967559691e-02
-3.8175759038063480e-02
-3.9581019582632979e-02
-4.1063219990380748e-02
-4.2626849294264697e-02
-4.4278218442856267e-02
-4.6024771952544841e-02
-4.7871966378963807e-02
-4.9829251381589640e-02
-5.1905247215505587e-02
-5.4108135602871241e-02
-5.6450300384595420e-02
-5.8942268242472083e-02
-6.1596941111498070e-02
-6.4429928961647120e-02
-6.7454957375550656e-02
-7.0691546361702925e-02
-7.4159534016612461e-02
-7.7879182956290802e-02
-8.1877846381385899e-02
-8.6181893643827306e-02
-9.0823078381026837e-02
-9.5838859383621355e-02
-1.0126653151551379e-01
-1.0715523408798618e-01
-1.1355439868289120e-01
-1.2052445507159544e-01
-1.2813874532834824e-01
-1.3647476937771125e-01
-1.4562747115275756e-01
-1.5570746966034749e-01
-1.6683754701015063e-01
-1.7917346185176675e-01
-1.9289061487340411e-01
-2.0820054063333665e-01
-2.2536146581729810e-01
-2.4467327959974261e-01
-2.6651497133565216e-01
-2.9134178512794906e-01
-3.1971408587660194e-01
-3.5234242389809484e-01
-3.9010384927889696e-01
-4.3413195471405502e-01
-4.8584587925616812e-01
-5.4712385165763722e-01
-6.2050789688620267e-01
-7.0936120390603163e-01
-8.1832171872896797e-01
-9.5388445374038366e-01
-1.1251190135220461e+00
-1.3457428504389519e+00
-1.6365641992845996e+00
-2.0295649007195444e+00
-2.5783006759630518e+00
-3.3723932584328549e+00
-4.5748523091073681e+00
-6.4864084364697021e+00
-9.6475057902186503e+00
-1.4545598756755648e+01
-1.8210150655112322e+01
0.0000000000000000e+00
2.4055929233035767e-01
0.0000000000000000e+00
0.0000000000000000e+00
];
