%Vec Object:sol 1 MPI processes
%  type: mpi
sol = [
0.0000000000000000e+00
-4.2867083031970829e+01
-2.4801729395112716e+01
-1.3187481556435976e+01
-7.7054915435874634e+00
-4.9581125512506334e+00
-3.4316448676697151e+00
-2.5072452780041536e+00
-1.9077408960639244e+00
-1.4989630161995227e+00
-1.2078836944242608e+00
-9.9354855611232895e-01
-8.3143357597791401e-01
-7.0593606621740812e-01
-6.0675123632003125e-01
-5.2697388728810679e-01
-4.6196843296345402e-01
-4.0829365076986035e-01
-3.6342011142778069e-01
-3.2557784746925972e-01
-2.9337580232055832e-01
-2.6570043938982202e-01
-2.4177859339861563e-01
-2.2096717113909767e-01
-2.0272721711131683e-01
-1.8665904528860300e-01
-1.7244387379994230e-01
-1.5979849316478129e-01
-1.4849165340225506e-01
-1.3835131662074127e-01
-1.2922567555735062e-01
-1.2096737724205008e-01
-1.1348644885419178e-01
-1.0668886339044555e-01
-1.0048023051817989e-01
-9.4804697633172494e-02
-8.9605217922135855e-02
-8.4821985224961247e-02
-8.0414732991300836e-02
-7.6349274224775818e-02
-7.2586797948913789e-02
-6.9096443263331878e-02
-6.5857831304180534e-02
-6.2845349828120026e-02
-6.0034221973102556e-02
-5.7412614832102755e-02
-5.4963447067702467e-02
-5.2666146614195004e-02
-5.0514257874571755e-02
-4.8495902780451648e-02
-4.6594892591050110e-02
-4.4806887097115486e-02
-4.3123586250527625e-02
-4.1533108883245046e-02
-4.0031357838328979e-02
-3.8612871724345917e-02
-3.7268824710621373e-02
-3.5995345686770888e-02
-3.4788918974070944e-02
-3.3642913960009811e-02
-3.2553695111961913e-02
-3.1519084512329223e-02
-3.0534044570931174e-02
-2.9595192062099960e-02
-2.8701267485932484e-02
-2.7848398501600313e-02
-2.7033469350390710e-02
-2.6255845990664030e-02
-2.5512512921935463e-02
-2.4800632599030776e-02
-2.4119990144800194e-02
-2.3468202241795511e-02
-2.2842715047692922e-02
-2.2243586382886558e-02
-2.1668899698797758e-02
-2.1116385408236106e-02
-2.0586269858105164e-02
-2.0076980536036137e-02
-1.9586528717001377e-02
-1.9115234837227196e-02
-1.8661778648689117e-02
-1.8224445722932598e-02
-1.7803597630244396e-02
-1.7398097411634290e-02
-1.7006496149128504e-02
-1.6629158907280096e-02
-1.6265079908733944e-02
-1.5913065364281196e-02
-1.5573457407585650e-02
-1.5245341964413647e-02
-1.4927769016663086e-02
-1.4621039442525604e-02
-1.4324300848692868e-02
-1.4036835054185140e-02
-1.3758889377011323e-02
-1.3489650354704584e-02
-1.3228619574703447e-02
-1.2975982675608648e-02
-1.2730947802588590e-02
-1.2493224245308980e-02
-1.2511835024158795e-02
-1.2787384146506240e-02
-1.3071840832718987e-02
-1.3365933847081901e-02
-1.3669454664439756e-02
-1.3983189189659928e-02
-1.4307852790102433e-02
-1.4643168905550759e-02
-1.4990234572284223e-02
-1.5349747720170491e-02
-1.5721352802601382e-02
-1.6106520756006649e-02
-1.6505807111830893e-02
-1.6919131565746162e-02
-1.7348047767739898e-02
-1.7793038999864254e-02
-1.8254438871608131e-02
-1.8733822532901737e-02
-1.9231618525129137e-02
-1.9748662494335018e-02
-2.0286558981754400e-02
-2.0845679669397224e-02
-2.1427469246143704e-02
-2.2033574789848517e-02
-2.2664312576432678e-02
-2.3321867944233843e-02
-2.4007878209441957e-02
-2.4722829536764145e-02
-2.5469593024944052e-02
-2.6249669702231158e-02
-2.7064423012699467e-02
-2.7916923118365154e-02
-2.8808749879055358e-02
-2.9742361170814403e-02
-3.0721098451789029e-02
-3.1746677198487450e-02
-3.2822929135119507e-02
-3.3953524915217061e-02
-3.5140544595971698e-02
-3.6389427803691476e-02
-3.7703921161235894e-02
-3.9087907390274290e-02
-4.0547612491923804e-02
-4.2087434445222865e-02
-4.3713600214891700e-02
-4.5433436756360808e-02
-4.7252301893552007e-02
-4.9179524740448649e-02
-5.1223150738110790e-02
-5.3391226193480648e-02
-5.5696246438724756e-02
-5.8148550287536592e-02
-6.0760816590263278e-02
-6.3548391057214396e-02
-6.6524750107011657e-02
-6.9709083032600802e-02
-7.3120882089968073e-02
-7.6780047338039129e-02
-8.0713464975159591e-02
-8.4947034622087358e-02
-8.9511953344237519e-02
-9.4445028187425770e-02
-9.9782881844262442e-02
-1.0557385597716780e-01
-1.1186930030711813e-01
-1.1872680973178100e-01
-1.2621808203110163e-01
-1.3441936590957609e-01
-1.4342408866049436e-01
-1.5334110662904729e-01
-1.6429123936869408e-01
-1.7642778596811212e-01
-1.8992337260680509e-01
-2.0498620697599981e-01
-2.2187047893750381e-01
-2.4087139839349622e-01
-2.6236209056960069e-01
-2.8679078694812360e-01
-3.1470928878642485e-01
-3.4680579256401756e-01
-3.8392833090942424e-01
-4.2720799600198417e-01
-4.7807290447581197e-01
-5.3837716636224653e-01
-6.1060321879165425e-01
-6.9806563210389772e-01
-8.0533618015681729e-01
-9.3864041950298871e-01
-1.1071726426850039e+00
-1.3244608125125581e+00
-1.6107341903367227e+00
-1.9977804463794533e+00
-2.5381072030668057e+00
-3.3209057152500354e+00
-4.5057394126968440e+00
-6.3899633303222272e+00
-9.5053756451173825e+00
-1.4323601129058131e+01
-1.7911034333596866e+01
0.0000000000000000e+00
2.4055929233035767e-01
0.0000000000000000e+00
0.0000000000000000e+00
];
