%Vec Object:sol 1 MPI processes
%  type: mpi
sol = [
0.0000000000000000e+00
-7.4532848044320076e+01
-3.5100374984430964e+01
-1.6868112668337204e+01
-9.4506466401044715e+00
-5.9547271781066833e+00
-4.0709530411630377e+00
-2.9498131090946407e+00
-2.2319213749808342e+00
-1.7457579742662204e+00
-1.4021849248511111e+00
-1.1499959162713471e+00
-9.5996943904471443e-01
-8.1331866999433622e-01
-6.9773179163805454e-01
-6.0499468483222207e-01
-5.2951736414838191e-01
-4.6729894296660668e-01
-4.1535939664322197e-01
-3.7161570409388384e-01
-3.3443596364500289e-01
-3.0251786496556748e-01
-2.7495638528808108e-01
-2.5100083889070046e-01
-2.3002377107824890e-01
-2.1155966104801624e-01
-1.9523745184979252e-01
-1.8072639572851623e-01
-1.6775527486128727e-01
-1.5613673015967519e-01
-1.4568776294410798e-01
-1.3623808826341871e-01
-1.2768308411887572e-01
-1.1991405289290254e-01
-1.1282237798351306e-01
-1.0634322522477617e-01
-1.0041070160193152e-01
-9.4956100300135682e-02
-8.9932897835754616e-02
-8.5301565069980712e-02
-8.1017563852526370e-02
-7.7045421513490392e-02
-7.3361502221343786e-02
-6.9936428731146041e-02
-6.6741872122018819e-02
-6.3764017246993376e-02
-6.0983266389095778e-02
-5.8376221590552412e-02
-5.5935238572194790e-02
-5.3646689260466271e-02
-5.1492224399492512e-02
-4.9466674100091791e-02
-4.7560508892882193e-02
-4.5760281345214551e-02
-4.4061182768861042e-02
-4.2456916677437159e-02
-4.0937506117482862e-02
-3.9498462843268231e-02
-3.8135703481688189e-02
-3.6841740433651862e-02
-3.5612400607427985e-02
-3.4445120830555093e-02
-3.3334217494467806e-02
-3.2275839041162928e-02
-3.1268465627269572e-02
-3.0307731808769660e-02
-2.9390114829225301e-02
-2.8514805794479962e-02
-2.7678407789471948e-02
-2.6877731426342345e-02
-2.6112445076286767e-02
-2.5379866201845975e-02
-2.4677138852656100e-02
-2.4004243167624912e-02
-2.3359024282408027e-02
-2.2738955312995832e-02
-2.2144210735965120e-02
-2.1573025141167389e-02
-2.1023192757347972e-02
-2.0494998742793633e-02
-1.9986964044310544e-02
-1.9497193192986081e-02
-1.9026022679933960e-02
-1.8572182511391595e-02
-1.8134074765003862e-02
-1.7712045249718238e-02
-1.7304974798658470e-02
-1.6911548961217979e-02
-1.6532093476912823e-02
-1.6165596006448707e-02
-1.5811010768954342e-02
-1.5468623183011574e-02
-1.5137494388049181e-02
-1.4816832151549312e-02
-1.4506868054115342e-02
-1.4206711528454048e-02
-1.3915808876682640e-02
-1.3634329017128204e-02
-1.3361410577423759e-02
-1.3096723580669621e-02
-1.3100999217318998e-02
-1.3373929852658534e-02
-1.3655463348105794e-02
-1.3946326927653909e-02
-1.4246264104623598e-02
-1.4556058311845803e-02
-1.4876414855775446e-02
-1.5207001902159921e-02
-1.5548918743231667e-02
-1.5902843702764041e-02
-1.6268357820295402e-02
-1.6646938150730744e-02
-1.7039105541515619e-02
-1.7444720368118775e-02
-1.7865331723254194e-02
-1.8301375484235549e-02
-1.8753131170197362e-02
-1.9222154466763265e-02
-1.9708813295211090e-02
-2.0213892249158181e-02
-2.0738959559172467e-02
-2.1284311599409966e-02
-2.1851341566862054e-02
-2.2441641182436262e-02
-2.3055434803818508e-02
-2.3694851346235318e-02
-2.4361454427089712e-02
-2.5055620668718862e-02
-2.5780121279984004e-02
-2.6536366512157617e-02
-2.7325450250889928e-02
-2.8150477067712242e-02
-2.9012894589979358e-02
-2.9915023337352981e-02
-3.0860060356827288e-02
-3.1849547129525597e-02
-3.2887145146969235e-02
-3.3976332667757222e-02
-3.5118970984865903e-02
-3.6320269382260781e-02
-3.7583743614938936e-02
-3.8912991155938687e-02
-4.0313935214673552e-02
-4.1790659061494213e-02
-4.3349014494927826e-02
-4.4995929369628020e-02
-4.6736337555371446e-02
-4.8579055617591842e-02
-5.0532032469068275e-02
-5.2602739489743366e-02
-5.4802701518262671e-02
-5.7141560740867597e-02
-5.9631212480889213e-02
-6.2286107455542042e-02
-6.5118777498337457e-02
-6.8147292430378509e-02
-7.1389915701029344e-02
-7.4865208085813539e-02
-7.8598456741300615e-02
-8.2613842067702184e-02
-8.6940578152752482e-02
-9.1613177700778370e-02
-9.6665781472802206e-02
-1.0214372734262205e-01
-1.0809501808226665e-01
-1.1457344498055357e-01
-1.2164615113380188e-01
-1.2938430854551472e-01
-1.3787528761264142e-01
-1.4722085659592576e-01
-1.5753375426939747e-01
-1.6895735204631127e-01
-1.8165281722615975e-01
-1.9581460506250070e-01
-2.1168020499874424e-01
-2.2952512888823895e-01
-2.4969795822301666e-01
-2.7260716043201699e-01
-2.9876471903263685e-01
-3.2883055366012170e-01
-3.6360901596491291e-01
-4.0414012534004623e-01
-4.5175789018838708e-01
-5.0819437094599407e-01
-5.7576940481079297e-01
-6.5758075814663397e-01
-7.5783222322142352e-01
-8.8245963939215433e-01
-1.0400547414998333e+00
-1.2432522765196850e+00
-1.5108795540224242e+00
-1.8729915577599781e+00
-2.3785793714887200e+00
-3.1114789775661902e+00
-4.2213738901187270e+00
-5.9862451185160781e+00
-8.8983801192667755e+00
-1.3360778883056511e+01
-1.6602746391296563e+01
0.0000000000000000e+00
1.3464638167935297e-01
0.0000000000000000e+00
0.0000000000000000e+00
];
