%Vec Object:sol 1 MPI processes
%  type: mpi
sol = [
0.0000000000000000e+00
-8.0590464087369654e+01
-3.5949027347417911e+01
-1.6967512180454609e+01
-9.4490850493839176e+00
-5.9383738453790436e+00
-4.0539991116493086e+00
-2.9353307707072194e+00
-2.2194248128913689e+00
-1.7352059684090453e+00
-1.3929139155312065e+00
-1.1421840766674489e+00
-9.5311441217651238e-01
-8.0718419206651626e-01
-6.9220339030761469e-01
-6.0001980255358123e-01
-5.2504899836958197e-01
-4.6325006596955953e-01
-4.1162639223765274e-01
-3.6815166575156100e-01
-3.3120764718124523e-01
-2.9949729338880993e-01
-2.7212003674076091e-01
-2.4832872193535818e-01
-2.2749876689709947e-01
-2.0916705042293851e-01
-1.9296450247025354e-01
-1.7856411389321591e-01
-1.6569897191933283e-01
-1.5417641975321233e-01
-1.4381475161527610e-01
-1.3444480795270064e-01
-1.2596283405038233e-01
-1.1826090736935828e-01
-1.1123112918766707e-01
-1.0480918164446271e-01
-9.8928860354950396e-02
-9.3521470542876850e-02
-8.8542431017349502e-02
-8.3952461612711138e-02
-7.9707297917771605e-02
-7.5771694176430371e-02
-7.2122167198406098e-02
-6.8729529586198823e-02
-6.5565643210027155e-02
-6.2616779428611657e-02
-5.9863471227116480e-02
-5.7282492077700593e-02
-5.4866237676867304e-02
-5.2601172782851827e-02
-5.0469094784516166e-02
-4.8464854893724332e-02
-4.6578989130102597e-02
-4.4798164828943061e-02
-4.3117596482800426e-02
-4.1531028325558751e-02
-4.0028573664554923e-02
-3.8605770943151846e-02
-3.7258558873899963e-02
-3.5979521106646976e-02
-3.4764514897000165e-02
-3.3610985205847946e-02
-3.2513304972950352e-02
-3.1467655998525967e-02
-3.0472516231941072e-02
-2.9523565425167358e-02
-2.8617316207223738e-02
-2.7752950001185828e-02
-2.6927106362216853e-02
-2.6136632340197204e-02
-2.5381181308416344e-02
-2.4658100559138287e-02
-2.3964570615807156e-02
-2.3300553064102569e-02
-2.2663917934852233e-02
-2.2052173898828874e-02
-2.1465474693852776e-02
-2.0902076249137678e-02
-2.0359806526771669e-02
-1.9838928900681660e-02
-1.9337983244158717e-02
-1.8855105208033407e-02
-1.8390609343147329e-02
-1.7943243105163841e-02
-1.7511436358333552e-02
-1.7095513566011526e-02
-1.6694372318526916e-02
-1.6306722004346238e-02
-1.5932868198642709e-02
-1.5571815271970404e-02
-1.5222536785372767e-02
-1.4885299681248961e-02
-1.4559182311684115e-02
-1.4243406828556935e-02
-1.3938188413566225e-02
-1.3642654674793345e-02
-1.3356260938912326e-02
-1.3079162131564294e-02
-1.2810516402397691e-02
-1.2549997084129499e-02
-1.2547310728030916e-02
-1.2801741451143413e-02
-1.3064077883761726e-02
-1.3335002080178316e-02
-1.3614246441573802e-02
-1.3902545156726410e-02
-1.4200555029021357e-02
-1.4507933456120470e-02
-1.4825714019259065e-02
-1.5154522907660653e-02
-1.5493930931185666e-02
-1.5845328829914546e-02
-1.6209186436063696e-02
-1.6585339050893416e-02
-1.6975239318935974e-02
-1.7379270048456335e-02
-1.7797663128359356e-02
-1.8231869210310628e-02
-1.8682199697255489e-02
-1.9149362708791872e-02
-1.9634811361837909e-02
-2.0138781348851355e-02
-2.0662552581644685e-02
-2.1207589575670486e-02
-2.1774050656620254e-02
-2.2363904637066567e-02
-2.2978571703737596e-02
-2.3618346845648654e-02
-2.4285821074143208e-02
-2.4982243017173462e-02
-2.5708717712798056e-02
-2.6467975102507396e-02
-2.7261293503210545e-02
-2.8090778565676780e-02
-2.8959357018740962e-02
-2.9868381284421940e-02
-3.0821200652603613e-02
-3.1820979871323062e-02
-3.2869347843526082e-02
-3.3971082167452919e-02
-3.5129349194249121e-02
-3.6347380992985012e-02
-3.7630584778355639e-02
-3.8982619699115158e-02
-4.0408792806599259e-02
-4.1915401677798510e-02
-4.3506851596274231e-02
-4.5191170371344729e-02
-4.6975544687271470e-02
-4.8866688638757365e-02
-5.0875082216605409e-02
-5.3009408583691818e-02
-5.5280424107178809e-02
-5.7701230241406921e-02
-6.0283091987952127e-02
-6.3042388032784683e-02
-6.5995582152026430e-02
-6.9158351524727171e-02
-7.2554497463464693e-02
-7.6205835242394535e-02
-8.0138736418960840e-02
-8.4384387591899285e-02
-8.8973513092657164e-02
-9.3947092986696512e-02
-9.9348419509658503e-02
-1.0522597614522781e-01
-1.1164040323064657e-01
-1.1865583436988862e-01
-1.2635111227122262e-01
-1.3481806161018020e-01
-1.4415827475087148e-01
-1.5450117374042829e-01
-1.6599207794933535e-01
-1.7880638292227793e-01
-1.9315838362490168e-01
-2.0929651217083389e-01
-2.2753534711727025e-01
-2.4825246988181726e-01
-2.7191270846175247e-01
-2.9910600462197162e-01
-3.3056023005671209e-01
-3.6720628556482737e-01
-4.1023322922928895e-01
-4.6122554633281448e-01
-5.2228066023006181e-01
-5.9619992688291734e-01
-6.8685005099214902e-01
-7.9965048716755172e-01
-9.4223129454695942e-01
-1.1260350172643714e+00
-1.3684858669357831e+00
-1.6966887435731561e+00
-2.1552293894753554e+00
-2.8202284233189951e+00
-3.8282604817982464e+00
-5.4310184829582848e+00
-8.0648176680620001e+00
-1.2038034260309765e+01
-1.4818865324345937e+01
0.0000000000000000e+00
1.3464638167935297e-01
0.0000000000000000e+00
0.0000000000000000e+00
];
