%Vec Object:sol 1 MPI processes
%  type: mpi
sol = [
0.0000000000000000e+00
-4.1952572715996197e+01
-2.4513930902335293e+01
-1.3106113572799780e+01
-7.6746864334417388e+00
-4.9429338632386015e+00
-3.4233707563359035e+00
-2.5019092766401729e+00
-1.9043703052807455e+00
-1.4964551729324698e+00
-1.2063249080572929e+00
-9.9240617782857732e-01
-8.3054301395925711e-01
-7.0523662475555671e-01
-6.0621650419030326e-01
-5.2663126745809941e-01
-4.6176656072403938e-01
-4.0817021317785424e-01
-3.6334200986535098e-01
-3.2553691765856579e-01
-2.9336555702130734e-01
-2.6571576863389856e-01
-2.4181526605567835e-01
-2.2102172223296057e-01
-2.0279683529872733e-01
-1.8674138241529772e-01
-1.7253695143851808e-01
-1.5990067149473486e-01
-1.4860138567954792e-01
-1.3847255074869808e-01
-1.2935658126394808e-01
-1.2110630205607728e-01
-1.1363199694640405e-01
-1.0683986570353740e-01
-1.0063570884627390e-01
-9.4963820006132557e-02
-8.9767279950366971e-02
-8.4986389176249941e-02
-8.0580968680601009e-02
-7.6516907454983699e-02
-7.2755456312627587e-02
-6.9265874596063939e-02
-6.6027184060497082e-02
-6.3013894453475286e-02
-6.0201850367013643e-02
-5.7579278107429445e-02
-5.5129105085561007e-02
-5.2830759449229998e-02
-5.0677800284475320e-02
-4.8658355784374510e-02
-4.6756233346731201e-02
-4.4967105145048772e-02
-4.3282675986391003e-02
-4.1691060192085648e-02
-4.0188168985690671e-02
-3.8768545850270023e-02
-3.7423360465204593e-02
-3.6148746661592998e-02
-3.4941193973731403e-02
-3.3794067655445313e-02
-3.2703734252552775e-02
-3.1668021496917657e-02
-3.0681888138691903e-02
-2.9741950747587318e-02
-2.8846955880502297e-02
-2.7993028014949076e-02
-2.7177049445625091e-02
-2.6398392497914393e-02
-2.5654038919563360e-02
-2.4941147934094080e-02
-2.4259511237199445e-02
-2.3606743107420673e-02
-2.2980285598935647e-02
-2.2380203188819434e-02
-2.1804577170665213e-02
-2.1251133345319126e-02
-2.0720104682526323e-02
-2.0209916653336737e-02
-1.9718575734031636e-02
-1.9246408833239439e-02
-1.8792093722469691e-02
-1.8353911265992395e-02
-1.7932229253191025e-02
-1.7525908682707998e-02
-1.7133496264236030e-02
-1.6755362931429728e-02
-1.6390500710833172e-02
-1.6037711983350664e-02
-1.5697344320571908e-02
-1.5368481216760897e-02
-1.5050169547596619e-02
-1.4742715122081125e-02
-1.4445262805247411e-02
-1.4157092186484425e-02
-1.3878454946002854e-02
-1.3608534502895559e-02
-1.3346831222978164e-02
-1.3093534484922276e-02
-1.2847848881086154e-02
-1.2609483602224747e-02
-1.2629811220661596e-02
-1.2909536621451317e-02
-1.3198323775125654e-02
-1.3496911263217308e-02
-1.3805092918821670e-02
-1.4123665323231480e-02
-1.4453354369038917e-02
-1.4793885720990994e-02
-1.5146370675080454e-02
-1.5511518442747752e-02
-1.5888975508234694e-02
-1.6280231557341703e-02
-1.6685853090790598e-02
-1.7105765011311114e-02
-1.7541541888228047e-02
-1.7993678329129056e-02
-1.8462518014983685e-02
-1.8949658810587949e-02
-1.9455541211963866e-02
-1.9981017166242225e-02
-2.0527716013034679e-02
-2.1096022133797927e-02
-2.1687404478378969e-02
-2.2303537388280798e-02
-2.2944750787901744e-02
-2.3613264384889931e-02
-2.4310744957124073e-02
-2.5037696036269107e-02
-2.5797033465809208e-02
-2.6590288820842817e-02
-2.7418855221454857e-02
-2.8285853323721764e-02
-2.9192897419042137e-02
-3.0142491083282444e-02
-3.1138033532863919e-02
-3.2181279856928369e-02
-3.3276128439377418e-02
-3.4426316868213548e-02
-3.5633972468735696e-02
-3.6904618633438559e-02
-3.8242098231443651e-02
-3.9650358645530820e-02
-4.1135731835206205e-02
-4.2702717862155931e-02
-4.4357641918903915e-02
-4.6107965018376884e-02
-4.7959157389808410e-02
-4.9920689329469463e-02
-5.2001200918434444e-02
-5.4208893473400625e-02
-5.6556178083299206e-02
-5.9053606227829021e-02
-6.1714109350979207e-02
-6.4553332427158869e-02
-6.7585033628855901e-02
-7.0828776595479315e-02
-7.4304444719539176e-02
-7.8032347832820023e-02
-8.2039900259635187e-02
-8.6353532199026237e-02
-9.1005069413530426e-02
-9.6032055089913748e-02
-1.0147186947108559e-01
-1.0737382055139691e-01
-1.1379032892941887e-01
-1.2077840025106071e-01
-1.2841011760923024e-01
-1.3676523270654858e-01
-1.4593890501183127e-01
-1.5604200406149493e-01
-1.6719759102210910e-01
-1.7956177414903202e-01
-1.9331034865615826e-01
-2.0865532217162927e-01
-2.2585549539071897e-01
-2.4521142303343954e-01
-2.6710292838458188e-01
-2.9198625294592712e-01
-3.2042298158522226e-01
-3.5312519950550070e-01
-3.9097183831782834e-01
-4.3509890146768287e-01
-4.8694861328426042e-01
-5.4836501730439879e-01
-6.2191371392582806e-01
-7.1096480944788121e-01
-8.2016565516705875e-01
-9.5602422849903190e-01
-1.1276698289160401e+00
-1.3487682504796998e+00
-1.6402042979891880e+00
-2.0340864607441893e+00
-2.5839432119070711e+00
-3.3797126918976717e+00
-4.5846331023255145e+00
-6.5001381897363260e+00
-9.6677065128859603e+00
-1.4577170207317220e+01
-1.8252706938371468e+01
0.0000000000000000e+00
2.4055929233035767e-01
0.0000000000000000e+00
0.0000000000000000e+00
];
