%Vec Object:sol 1 MPI processes
%  type: mpi
sol = [
0.0000000000000000e+00
-8.0421490354461753e+01
-3.5926004383775030e+01
-1.6965415415700623e+01
-9.4490630322706934e+00
-5.9388926467366856e+00
-4.0544805936644464e+00
-2.9357773907109270e+00
-2.2197361401684952e+00
-1.7355168205874625e+00
-1.3931549270407639e+00
-1.1423777083604094e+00
-9.5331773690737642e-01
-8.0735564804399651e-01
-6.9235072417725185e-01
-6.0014842867409901e-01
-5.2516280188932019e-01
-4.6335196639125265e-01
-4.1173680419275099e-01
-3.6825190518940298e-01
-3.3129932686159297e-01
-2.9958169520192268e-01
-2.7219818788501604e-01
-2.4840145744043526e-01
-2.2756677401629008e-01
-2.0923089933711458e-01
-1.9302467052750388e-01
-1.7862100435959796e-01
-1.6575292790556972e-01
-1.5422773549237279e-01
-1.4386368094441462e-01
-1.3449157049580174e-01
-1.2600762221869677e-01
-1.1830389006260078e-01
-1.1127245457651444e-01
-1.0484899049307977e-01
-9.8968072280391589e-02
-9.3561414946194812e-02
-8.8582249217362699e-02
-8.3990942341237593e-02
-7.9744533133233417e-02
-7.5807766694743928e-02
-7.2157153167290933e-02
-6.8763497799424228e-02
-6.5598655403389619e-02
-6.2648893393433727e-02
-5.9894739799324026e-02
-5.7312962224258558e-02
-5.4895954234413409e-02
-5.2630177139679386e-02
-5.0497423545855860e-02
-4.8492543385013347e-02
-4.6606070270763564e-02
-4.4824667881575748e-02
-4.3143549591995678e-02
-4.1556458094105270e-02
-4.0053503871599817e-02
-3.8630224300743025e-02
-3.7282557183516689e-02
-3.6003083973182519e-02
-3.4787660858796393e-02
-3.3633732353043767e-02
-3.2535669672688360e-02
-3.1489653539373101e-02
-3.0494161792191627e-02
-2.9544872819648488e-02
-2.8638298166343733e-02
-2.7773619387827908e-02
-2.6947474948500649e-02
-2.6156710820403606e-02
-2.5400980682089243e-02
-2.4677630940919328e-02
-2.3983841066801705e-02
-2.3319573067857355e-02
-2.2682696242543227e-02
-2.2070718251163128e-02
-2.1483793328806369e-02
-2.0920176782615582e-02
-2.0377695626621579e-02
-1.9856613772205250e-02
-1.9355470546485648e-02
-1.8872400732309304e-02
-1.8407719431482172e-02
-1.7960173601613231e-02
-1.7528192335735021e-02
-1.7112100639460493e-02
-1.6710795630170593e-02
-1.6322986036412915e-02
-1.5948977949680358e-02
-1.5587775273944537e-02
-1.5238351034951017e-02
-1.4900972650721050e-02
-1.4574717997256535e-02
-1.4258808827020695e-02
-1.3953460745395883e-02
-1.3657800861717922e-02
-1.3371284249166919e-02
-1.3094066195592583e-02
-1.2825304318272758e-02
-1.2564671851317518e-02
-1.2562171205270757e-02
-1.2817097342358084e-02
-1.3079947892275562e-02
-1.3351406120513576e-02
-1.3631204729055652e-02
-1.3920079227102497e-02
-1.4218687718955791e-02
-1.4526687894044526e-02
-1.4845115095059458e-02
-1.5174596909816528e-02
-1.5514704425618519e-02
-1.5866830695888276e-02
-1.6231446921871527e-02
-1.6608389079486786e-02
-1.6999112398413795e-02
-1.7404001111061346e-02
-1.7823288384622202e-02
-1.8258427686208785e-02
-1.8709731935120436e-02
-1.9177911301274820e-02
-1.9664421986928630e-02
-2.0169501311789080e-02
-2.0694432223981908e-02
-2.1240682646959500e-02
-2.1808412675410518e-02
-2.2399595411286399e-02
-2.3015654747988824e-02
-2.3656887927651731e-02
-2.4325891547590781e-02
-2.5023918115051967e-02
-2.5752076459941528e-02
-2.6513102857042611e-02
-2.7308280030105946e-02
-2.8139719424877505e-02
-2.9010355055911766e-02
-2.9921544452343199e-02
-3.0876645318135439e-02
-3.1878830853942712e-02
-3.2929736238657893e-02
-3.4034150701437345e-02
-3.5195250017190399e-02
-3.6416276110436026e-02
-3.7702650100167802e-02
-3.9058042574319163e-02
-4.0487775266103365e-02
-4.1998162737968726e-02
-4.3593624525612447e-02
-4.5282209689655649e-02
-4.7071125455019847e-02
-4.8967106323903560e-02
-5.0980660434429344e-02
-5.3120496787219529e-02
-5.5397402429620858e-02
-5.7824515183302540e-02
-6.0413134325991442e-02
-6.3179690094597937e-02
-6.6140735920478672e-02
-6.9313042299336811e-02
-7.2719578110093011e-02
-7.6381686301318488e-02
-8.0325316159790078e-02
-8.4582592429344669e-02
-8.9184331102657485e-02
-9.4171629365126769e-02
-9.9587905765843823e-02
-1.0548178591580921e-01
-1.1191408435741018e-01
-1.1894912272632839e-01
-1.2666597153780818e-01
-1.3515672076345103e-01
-1.4452325940566979e-01
-1.5489538086135593e-01
-1.6641882526391238e-01
-1.7926949354864657e-01
-1.9366229495892498e-01
-2.0984637674750969e-01
-2.2813721451241584e-01
-2.4891346661377192e-01
-2.7264128259436093e-01
-2.9991227128652814e-01
-3.3145635735606060e-01
-3.6821773342365960e-01
-4.1137431095901145e-01
-4.6251356674973404e-01
-5.2374413736450642e-01
-5.9787508638731246e-01
-6.8878366145668890e-01
-8.0190395458261776e-01
-9.4492372124477497e-01
-1.1292466644373931e+00
-1.3723756073943876e+00
-1.7015467430218700e+00
-2.1613499644789007e+00
-2.8282443746149819e+00
-3.8391120820650246e+00
-5.4463614868349959e+00
-8.0879586276901829e+00
-1.2075074319374394e+01
-1.4868648047606356e+01
0.0000000000000000e+00
1.3464638167935297e-01
0.0000000000000000e+00
0.0000000000000000e+00
];
