%Vec Object:sol 1 MPI processes
%  type: mpi
sol = [
0.0000000000000000e+00
-7.9109849258250435e+01
-3.5745393882683139e+01
-1.6942120055642889e+01
-9.4494380358288854e+00
-5.9426874371066676e+00
-4.0584897177926242e+00
-2.9387560608336369e+00
-2.2223004216435336e+00
-1.7377564856709182e+00
-1.3951173750669519e+00
-1.1439512288992977e+00
-9.5472907793480266e-01
-8.0871553278690955e-01
-6.9353640252103077e-01
-6.0118169042772174e-01
-5.2607544118031768e-01
-4.6416741750868939e-01
-4.1249038850929037e-01
-3.6897114543848120e-01
-3.3198506845601033e-01
-3.0023538033684311e-01
-2.7281906131796740e-01
-2.4897862979173943e-01
-2.2810583835819720e-01
-2.0973649190245278e-01
-1.9350066917368874e-01
-1.7907068131934667e-01
-1.6617906418199704e-01
-1.5463271369803674e-01
-1.4424955429504796e-01
-1.3486011323484981e-01
-1.2636038728012136e-01
-1.1864223902530230e-01
-1.1159757805642634e-01
-1.0516194840595129e-01
-9.9269808363320819e-02
-9.3852798804371307e-02
-8.8864654904576679e-02
-8.4266066568164100e-02
-8.0012730559279252e-02
-7.6069368642769503e-02
-7.2412478350954698e-02
-6.9012842913772562e-02
-6.5842292534360067e-02
-6.2887088167913094e-02
-6.0127741458386529e-02
-5.7540994159984600e-02
-5.5119238677716419e-02
-5.2848923904124018e-02
-5.0711818347746719e-02
-4.8702772232447192e-02
-4.6812310036733973e-02
-4.5027075746219634e-02
-4.3342281129910232e-02
-4.1751663367999153e-02
-4.0245316940053594e-02
-3.8818775912333882e-02
-3.7467975489692752e-02
-3.6185484170230472e-02
-3.4967153402419529e-02
-3.3810427390707803e-02
-3.2709666854730021e-02
-3.1661046533132946e-02
-3.0663045903426788e-02
-2.9711335347770269e-02
-2.8802434996530808e-02
-2.7935449092511465e-02
-2.7106970292760341e-02
-2.6313928454714967e-02
-2.5556003377259624e-02
-2.4830538602990497e-02
-2.4134705299589849e-02
-2.3468468720259410e-02
-2.2829692380693052e-02
-2.2215875991189838e-02
-2.1627177629111868e-02
-2.1061847694126674e-02
-2.0517705750095611e-02
-1.9995019873785120e-02
-1.9492325087992216e-02
-1.9007749360438274e-02
-1.8541612070713819e-02
-1.8092656255853663e-02
-1.7659304957127291e-02
-1.7241887395041473e-02
-1.6839296968490809e-02
-1.6450237229531203e-02
-1.6075018285852404e-02
-1.5712640377361718e-02
-1.5362072331472951e-02
-1.5023585267358957e-02
-1.4696253326414197e-02
-1.4379295127823426e-02
-1.4072929574701692e-02
-1.3776279867727063e-02
-1.3488799089418812e-02
-1.3210645346961116e-02
-1.2940972088780022e-02
-1.2679451770329720e-02
-1.2678400804813614e-02
-1.2937198793616362e-02
-1.3204067273961687e-02
-1.3479698970303114e-02
-1.3763828932609613e-02
-1.4057202982952124e-02
-1.4360489385103080e-02
-1.4673348106631815e-02
-1.4996828247613453e-02
-1.5331568318237971e-02
-1.5677141573171637e-02
-1.6034959133340927e-02
-1.6405502892055793e-02
-1.6788614096206547e-02
-1.7185768165678503e-02
-1.7597360456614072e-02
-1.8023634122713281e-02
-1.8466064620484151e-02
-1.8924976715164701e-02
-1.9401096593919021e-02
-1.9895904557508001e-02
-2.0409650640804990e-02
-2.0943641510791897e-02
-2.1499371711788451e-02
-2.2077015165369189e-02
-2.2678578479713943e-02
-2.3305514505897754e-02
-2.3958138099799266e-02
-2.4639089493152220e-02
-2.5349651506444713e-02
-2.6090962605001433e-02
-2.6865808540851393e-02
-2.7675506481051479e-02
-2.8522213156263378e-02
-2.9408919506125768e-02
-3.0337022986476059e-02
-3.1309947047145972e-02
-3.2330930942054172e-02
-3.3401658923410564e-02
-3.4527011098062804e-02
-3.5710236904261949e-02
-3.6954655307378105e-02
-3.8265796087774639e-02
-3.9647419256689825e-02
-4.1104961305854504e-02
-4.2644869547400363e-02
-4.4271674954095445e-02
-4.5993592669373140e-02
-4.7817990475604415e-02
-4.9751762418002554e-02
-5.1805636606933561e-02
-5.3988524021146490e-02
-5.6311451498868265e-02
-5.8787840867073150e-02
-6.1429258059089664e-02
-6.4252487867158564e-02
-6.7274453505177564e-02
-7.0512314508288307e-02
-7.3989550257478359e-02
-7.7728530354386552e-02
-8.1756324166654432e-02
-8.6104934923758703e-02
-9.0805929418157336e-02
-9.5901359617110674e-02
-1.0143568000829586e-01
-1.0745868609462012e-01
-1.1403262454448398e-01
-1.2122337396510648e-01
-1.2911189130660136e-01
-1.3779247056287219e-01
-1.4736948100914626e-01
-1.5797581955006310e-01
-1.6975723111159555e-01
-1.8289247076126008e-01
-1.9760457657172792e-01
-2.1414829244653122e-01
-2.3284611301900135e-01
-2.5408512234683933e-01
-2.7834180773376993e-01
-3.0622081594801392e-01
-3.3846812507963742e-01
-3.7604866184144392e-01
-4.2020040186085095e-01
-4.7253115329650475e-01
-5.3519521645424262e-01
-6.1099495686939631e-01
-7.0392808812820207e-01
-8.1955360551162981e-01
-9.6581044349005263e-01
-1.1544105563037605e+00
-1.4028474064984315e+00
-1.7393665529782774e+00
-2.2092911593366429e+00
-2.8910177096127807e+00
-3.9240507071811286e+00
-5.5663507263953802e+00
-8.2687336111156888e+00
-1.2364007338824290e+01
-1.5257399430561231e+01
0.0000000000000000e+00
1.3464638167935297e-01
0.0000000000000000e+00
0.0000000000000000e+00
];
