%Vec Object:sol 1 MPI processes
%  type: mpi
sol = [
0.0000000000000000e+00
-4.1054754101577977e+01
-2.4220243088330601e+01
-1.3022173265527599e+01
-7.6417913992739717e+00
-4.9279253259248463e+00
-3.4147672559585960e+00
-2.4963494094282805e+00
-1.9010434603461925e+00
-1.4939878921737584e+00
-1.2044357183317806e+00
-9.9116076709975920e-01
-8.2967061107257700e-01
-7.0454963555263295e-01
-6.0567365475485135e-01
-5.2620233718932918e-01
-4.6142879130875952e-01
-4.0793259534526438e-01
-3.6319862044913614e-01
-3.2546639010392264e-01
-2.9335190706154524e-01
-2.6573186051774095e-01
-2.4185208628861707e-01
-2.2107594199940284e-01
-2.0286575002088775e-01
-1.8682272851051698e-01
-1.7262881785531020e-01
-1.6000146793657638e-01
-1.4870977846686820e-01
-1.3858738823104308e-01
-1.2947688652872433e-01
-1.2123125514530035e-01
-1.1376087814763473e-01
-1.0697205729370432e-01
-1.0077068599445455e-01
-9.5101121895524832e-02
-8.9906507129310739e-02
-8.5127196920860404e-02
-8.0723055386454509e-02
-7.6660010327854078e-02
-7.2899346327651049e-02
-6.9410282259624437e-02
-6.6172514962459059e-02
-6.3160491455219334e-02
-6.0349480112667012e-02
-5.7727702878065661e-02
-5.5278117580991736e-02
-5.2980172543000671e-02
-5.0827456099248290e-02
-4.8808116971367804e-02
-4.6905972259306157e-02
-4.5116716286010869e-02
-4.3432068310565924e-02
-4.1840147367495695e-02
-4.0336879984743487e-02
-3.8916821044027598e-02
-3.7571142131865735e-02
-3.6295987031410112e-02
-3.5087855013309480e-02
-3.3940111716466798e-02
-3.2849129445455871e-02
-3.1812744781610849e-02
-3.0825916055888841e-02
-2.9885262380133986e-02
-2.8989538670541347e-02
-2.8134868583726096e-02
-2.7318134533986963e-02
-2.6538716904249037e-02
-2.5793596434690320e-02
-2.5079930682538120e-02
-2.4397519181689392e-02
-2.3743975128514984e-02
-2.3116737668620487e-02
-2.2515878819031769e-02
-2.1939478728682175e-02
-2.1385259548024015e-02
-2.0853461604617544e-02
-2.0342517790785837e-02
-1.9850426300023649e-02
-1.9377471575813467e-02
-1.8922337416243308e-02
-1.8483334099071665e-02
-1.8060826820017053e-02
-1.7653694167672367e-02
-1.7260478496684460e-02
-1.6881556608859840e-02
-1.6515918347119886e-02
-1.6162362277847918e-02
-1.5821241411195591e-02
-1.5491636822044045e-02
-1.5172592293195283e-02
-1.4864418566256934e-02
-1.4566257776277283e-02
-1.4277387294382571e-02
-1.3998063165627319e-02
-1.3727465701904740e-02
-1.3465094056792535e-02
-1.3211141352451690e-02
-1.2964808639255879e-02
-1.2725805016678101e-02
-1.2747853908749947e-02
-1.3031761331899637e-02
-1.3324884782793225e-02
-1.3627972663447436e-02
-1.3940821175824181e-02
-1.4264237582768343e-02
-1.4598958307809135e-02
-1.4944711254225548e-02
-1.5302621983593738e-02
-1.5673410997745548e-02
-1.6056726829106305e-02
-1.6454077919934702e-02
-1.6866041753810280e-02
-1.7292548460606075e-02
-1.7735193539961995e-02
-1.8194482944136749e-02
-1.8670770448734653e-02
-1.9165676650190859e-02
-1.9679654025460104e-02
-2.0213570850042422e-02
-2.0769081286480688e-02
-2.1346582451228838e-02
-2.1947567588265340e-02
-2.2573738337546129e-02
-2.3225438319719977e-02
-2.3904921653063411e-02
-2.4613884628910017e-02
-2.5352848200940938e-02
-2.6124773020356970e-02
-2.6931221271830522e-02
-2.7773615837218543e-02
-2.8655127937409024e-02
-2.9577406392716655e-02
-3.0543000577373133e-02
-3.1555367582565816e-02
-3.2616302232216322e-02
-3.3729769628054095e-02
-3.4899574119945979e-02
-3.6127891640964561e-02
-3.7420337862752673e-02
-3.8780829451321316e-02
-4.0213390765824690e-02
-4.1724463508714983e-02
-4.3318636795244739e-02
-4.5002350930552326e-02
-4.6783200263220442e-02
-4.8666765383589154e-02
-5.0662683396664195e-02
-5.2779754527105531e-02
-5.5026338277523394e-02
-5.7415065920762780e-02
-5.9956689131517638e-02
-6.2664377649600395e-02
-6.5554059175803717e-02
-6.8639754873096967e-02
-7.1941380736860891e-02
-7.5479185964721904e-02
-7.9273861071675431e-02
-8.3353314008662804e-02
-8.7744465912866138e-02
-9.2479724549623762e-02
-9.7597313957810294e-02
-1.0313530805445760e-01
-1.0914390388236944e-01
-1.1567645297688590e-01
-1.2279280400886985e-01
-1.3056741841672251e-01
-1.3907953025825628e-01
-1.4842618578343234e-01
-1.5872045880172767e-01
-1.7008788989306609e-01
-1.8268769096742463e-01
-1.9669919629622254e-01
-2.1233617256999604e-01
-2.2985336934291373e-01
-2.4956556127120552e-01
-2.7185928760742023e-01
-2.9719881957780719e-01
-3.2615556080089614e-01
-3.5945394708994005e-01
-3.9798804451635994e-01
-4.4291323823346107e-01
-4.9571137610536731e-01
-5.5830616466700023e-01
-6.3327075754145878e-01
-7.2391621221972413e-01
-8.3505265347358526e-01
-9.7329271887483304e-01
-1.1480881806663124e+00
-1.3731709959399780e+00
-1.6695470553661984e+00
-2.0705211222824094e+00
-2.6293728910918337e+00
-3.4385951745895440e+00
-4.6632309010425725e+00
-6.6103298102317369e+00
-9.8295245071941313e+00
-1.4829567525910013e+01
-1.8592664930192402e+01
0.0000000000000000e+00
2.4055929233035767e-01
0.0000000000000000e+00
0.0000000000000000e+00
];
