%Vec Object:sol 1 MPI processes
%  type: mpi
sol = [
0.0000000000000000e+00
-7.3237466310453016e+01
-3.4901301457116119e+01
-1.6840441537197528e+01
-9.4502180013601453e+00
-5.9569245677504545e+00
-4.0737324298059079e+00
-2.9527473288793220e+00
-2.2344694942042804e+00
-1.7479498772456183e+00
-1.4038911521065753e+00
-1.1517371764588826e+00
-9.6147615088890526e-01
-8.1459463537390842e-01
-6.9883321782738617e-01
-6.0600154106791404e-01
-5.3048644914133669e-01
-4.6822590516091561e-01
-4.1621407255320936e-01
-3.7239410129370659e-01
-3.3515014151103611e-01
-3.0317739893416329e-01
-2.7556895123497499e-01
-2.5157267580668796e-01
-2.3056000897400372e-01
-2.1206455623968556e-01
-1.9571457530941186e-01
-1.8118084372546361e-01
-1.6819459470524184e-01
-1.5656165656295001e-01
-1.4609902128241078e-01
-1.3663637174129978e-01
-1.2806907067210438e-01
-1.2028839006878594e-01
-1.1318566547766029e-01
-1.0669604093402564e-01
-1.0075359308333175e-01
-9.5289571176810542e-02
-9.0257495817789551e-02
-8.5616552908432411e-02
-8.1322819727303319e-02
-7.7341578989583507e-02
-7.3649146190997564e-02
-7.0216087412783040e-02
-6.7014018450082383e-02
-6.4029096422267534e-02
-6.1241685648465764e-02
-5.8628341104633525e-02
-5.6181404738896483e-02
-5.3887222166365427e-02
-5.1727405308407221e-02
-4.9696776539867274e-02
-4.7785788172069729e-02
-4.5980963045801557e-02
-4.4277485133349948e-02
-4.2669046596120065e-02
-4.1145647511976594e-02
-3.9702792060121728e-02
-3.8336390529770614e-02
-3.7038937449228967e-02
-3.5806251699137898e-02
-3.4635767437804880e-02
-3.3521787040065816e-02
-3.2460450502711777e-02
-3.1450237980588248e-02
-3.0486772940702133e-02
-2.9566523910680230e-02
-2.8688683900149576e-02
-2.7849847125092541e-02
-2.7046815385990949e-02
-2.6279260296887059e-02
-2.5544492123042023e-02
-2.4839646203961951e-02
-2.4164706813587716e-02
-2.3517513124642824e-02
-2.2895529838651896e-02
-2.2298936115521622e-02
-2.1725961468812279e-02
-2.1174392196112137e-02
-2.0644518407999916e-02
-2.0134856578317359e-02
-1.9643503957923671e-02
-1.9170802042722836e-02
-1.8715476740176627e-02
-1.8275923652227129e-02
-1.7852493465604500e-02
-1.7444063099005546e-02
-1.7049312562620975e-02
-1.6668572207395618e-02
-1.6300825809340024e-02
-1.5945023103349179e-02
-1.5601453734375969e-02
-1.5269174856513175e-02
-1.4947390907610443e-02
-1.4636337218326958e-02
-1.4335119026829133e-02
-1.4043180546844182e-02
-1.3760693895034072e-02
-1.3486793205558971e-02
-1.3221147731199282e-02
-1.3226997267753591e-02
-1.3504125974912013e-02
-1.3790014231269423e-02
-1.4085399405504139e-02
-1.4390027343128803e-02
-1.4704692525280212e-02
-1.5030111118040543e-02
-1.5365953500342205e-02
-1.5713333724254867e-02
-1.6072941745908287e-02
-1.6444360645871792e-02
-1.6829086877622641e-02
-1.7227652597533821e-02
-1.7639923549336002e-02
-1.8067470450774645e-02
-1.8510740876792092e-02
-1.8970024778236842e-02
-1.9446901317191199e-02
-1.9941750801127651e-02
-2.0455374718522060e-02
-2.0989366941123241e-02
-2.1544037061988316e-02
-2.2120803433460894e-02
-2.2721285976790809e-02
-2.3345723329043166e-02
-2.3996280003303189e-02
-2.4674545141882869e-02
-2.5380916136508971e-02
-2.6118238906718359e-02
-2.6887938829279374e-02
-2.7691293689630709e-02
-2.8531322384718907e-02
-2.9409504037874418e-02
-3.0328208599764706e-02
-3.1290695204340788e-02
-3.2298549084869566e-02
-3.3355503511981265e-02
-3.4465108943801226e-02
-3.5629280591585696e-02
-3.6853327024725421e-02
-3.8140844783134224e-02
-3.9495515936145476e-02
-4.0923382696821470e-02
-4.2428626714599404e-02
-4.4017225839708331e-02
-4.5696253730206714e-02
-4.7470767297410295e-02
-4.9349765697723633e-02
-5.1341374884367547e-02
-5.3453242682396283e-02
-5.5697136421999457e-02
-5.8082921978093546e-02
-6.0622760155059664e-02
-6.3331416014817357e-02
-6.6221718059402704e-02
-6.9312129419833682e-02
-7.2621324934825440e-02
-7.6168296813038730e-02
-7.9978887370172488e-02
-8.4077903048895439e-02
-8.8493876448145312e-02
-9.3262244738785152e-02
-9.8418689381975316e-02
-1.0400950045305986e-01
-1.1008370571531471e-01
-1.1669624859184828e-01
-1.2391568505623970e-01
-1.3181470883475893e-01
-1.4048253416230924e-01
-1.5002307459260528e-01
-1.6055146329336195e-01
-1.7221407006260411e-01
-1.8517545306301444e-01
-1.9963413694678003e-01
-2.1583255307946012e-01
-2.3405195547791077e-01
-2.5464811792985026e-01
-2.7804817232817619e-01
-3.0477785428178589e-01
-3.3550404199274642e-01
-3.7104958416127842e-01
-4.1246768328840472e-01
-4.6109074855697935e-01
-5.1871419154754272e-01
-5.8770386596300250e-01
-6.7121835651477568e-01
-7.7361485045967360e-01
-9.0099683853331070e-01
-1.0618598868275486e+00
-1.2691885928355571e+00
-1.5425173220228936e+00
-1.9119818658416796e+00
-2.4280397528553164e+00
-3.1752726030556837e+00
-4.3072742759248070e+00
-6.1073703417916034e+00
-9.0785104217324939e+00
-1.3645362749751536e+01
-1.6986156852414165e+01
0.0000000000000000e+00
1.3464638167935297e-01
0.0000000000000000e+00
0.0000000000000000e+00
];
