%Vec Object:sol 1 MPI processes
%  type: mpi
sol = [
0.0000000000000000e+00
-4.2926620846612821e+01
-2.4819551636705203e+01
-1.3192250177025477e+01
-7.7070644968880364e+00
-4.9587363761275052e+00
-3.4318712629720278e+00
-2.5072806505254723e+00
-1.9077202208751600e+00
-1.4989114005151059e+00
-1.2077878854188939e+00
-9.9344832196584920e-01
-8.3133212263344902e-01
-7.0583527913547228e-01
-6.0663900093762835e-01
-5.2686596977897937e-01
-4.6186481202138024e-01
-4.0819421719385190e-01
-3.6332471296768210e-01
-3.2548629942660140e-01
-2.9328790891572870e-01
-2.6561601221778902e-01
-2.4169744037888166e-01
-2.2088910606646608e-01
-2.0265206819465714e-01
-1.8658664855624948e-01
-1.7237407147426217e-01
-1.5973113755087420e-01
-1.4842361978649596e-01
-1.3828552161724655e-01
-1.2916214917886329e-01
-1.2090599362355689e-01
-1.1342708521466498e-01
-1.0663140610106710e-01
-1.0042458023859939e-01
-9.4750757681355116e-02
-8.9552897550662855e-02
-8.4771203891775046e-02
-8.0365414252005329e-02
-7.6301344705126006e-02
-7.2540191456324454e-02
-6.9051098752102455e-02
-6.5813688759728234e-02
-6.2802354184393769e-02
-5.9992324018117493e-02
-5.7371764954849962e-02
-5.4923598944884251e-02
-5.2627260233076352e-02
-5.0476291823423565e-02
-4.8458817977172823e-02
-4.6558655692037543e-02
-4.4771463500624969e-02
-4.3088942949038284e-02
-4.1499217345791817e-02
-3.9998189177303779e-02
-3.8580397841157632e-02
-3.7237021007219505e-02
-3.5964187869169169e-02
-3.4758382948376403e-02
-3.3612978377867836e-02
-3.2524339398412622e-02
-3.1490287869135748e-02
-3.0505788364581322e-02
-2.9567458747360855e-02
-2.8674038998660049e-02
-2.7821658498052102e-02
-2.7007202767494735e-02
-2.6230037049561349e-02
-2.5487147226153865e-02
-2.4775697131590894e-02
-2.4095471050231115e-02
-2.3444086793078640e-02
-2.2818991922174358e-02
-2.2220243354378621e-02
-2.1645925482555641e-02
-2.1093770091013455e-02
-2.0564002602088721e-02
-2.0055051311212577e-02
-1.9564928786541841e-02
-1.9093954553125479e-02
-1.8640809079595800e-02
-1.8203779117680233e-02
-1.7783225365699862e-02
-1.7378011524207409e-02
-1.6986689715556766e-02
-1.6609624191560111e-02
-1.6245809804628822e-02
-1.5894053645883938e-02
-1.5554697110315952e-02
-1.5226826745385422e-02
-1.4909493238284072e-02
-1.4602996813897142e-02
-1.4306485710059652e-02
-1.4019242265294343e-02
-1.3741513237681944e-02
-1.3472485819191223e-02
-1.3211661923575703e-02
-1.2959226728593370e-02
-1.2714389068222110e-02
-1.2476858360216440e-02
-1.2495328887941920e-02
-1.2770396735166591e-02
-1.3054355954180889e-02
-1.3347934202921827e-02
-1.3650922989771119e-02
-1.3964107027199845e-02
-1.4288200551532685e-02
-1.4622927109122403e-02
-1.4969382108295615e-02
-1.5328262327635527e-02
-1.5699212416557261e-02
-1.6083701149025777e-02
-1.6482283048408330e-02
-1.6894877633922566e-02
-1.7323036219934623e-02
-1.7767241139006129e-02
-1.8227825251256831e-02
-1.8706361274828266e-02
-1.9203276840066053e-02
-1.9719406129750337e-02
-2.0256351145515768e-02
-2.0814482703605971e-02
-2.1395243142063633e-02
-2.2000276873985911e-02
-2.2629899357022417e-02
-2.3286292479496342e-02
-2.3971090840858699e-02
-2.4684779527507396e-02
-2.5430225129688244e-02
-2.6208926109131947e-02
-2.7022243527001159e-02
-2.7873242682199463e-02
-2.8763500706461956e-02
-2.9695471467797097e-02
-3.0672491082618009e-02
-3.1696272082341742e-02
-3.2770640184950878e-02
-3.3899260494626784e-02
-3.5084208413799813e-02
-3.6330906637464654e-02
-3.7643118219395956e-02
-3.9024707921655806e-02
-4.0481888813381883e-02
-4.2019062551429238e-02
-4.3642431995463464e-02
-4.5359300131718940e-02
-4.7174967358100166e-02
-4.9098216480549468e-02
-5.1138005546067962e-02
-5.3302355935514398e-02
-5.5603429061443825e-02
-5.8051548232147782e-02
-6.0659373335777034e-02
-6.3442227171078461e-02
-6.6413566478273151e-02
-6.9592552249476414e-02
-7.2998648388662005e-02
-7.6651726485010618e-02
-8.0578633895020263e-02
-8.4805233712412054e-02
-8.9362679050491806e-02
-9.4287725292185945e-02
-9.9616945099323673e-02
-1.0539861331918744e-01
-1.1168401014681427e-01
-1.1853065356828874e-01
-1.2601014537385805e-01
-1.3419863481384717e-01
-1.4318942743618401e-01
-1.5309123946236905e-01
-1.6402473862685749e-01
-1.7614303068264933e-01
-1.8961852957641839e-01
-2.0465918981055475e-01
-2.2151889536926961e-01
-2.4049251006187433e-01
-2.6195272406533099e-01
-2.8634725840166275e-01
-3.1422728630160929e-01
-3.4627356801598386e-01
-3.8334602182282401e-01
-4.2656836023041400e-01
-4.7736721418942607e-01
-5.3759481580956681e-01
-6.0973114286161700e-01
-6.9708758342255861e-01
-8.0423172930343578e-01
-9.3736749004489350e-01
-1.1057111004422815e+00
-1.3227648151053786e+00
-1.6087169795278478e+00
-1.9953763982881370e+00
-2.5351554249129364e+00
-3.3172039075772322e+00
-4.5009724375433793e+00
-6.3836084444068986e+00
-9.4963614997257704e+00
-1.4310309850244828e+01
-1.7893946217499821e+01
0.0000000000000000e+00
2.4055929233035767e-01
0.0000000000000000e+00
0.0000000000000000e+00
];
