%Vec Object:sol 1 MPI processes
%  type: mpi
sol = [
0.0000000000000000e+00
-7.6781131251851932e+01
-3.5435955241801473e+01
-1.6906440696919148e+01
-9.4509302036738330e+00
-5.9486239100682221e+00
-4.0644911113047861e+00
-2.9445080902175294e+00
-2.2272255760266142e+00
-1.7418330668235700e+00
-1.3985776965320691e+00
-1.1470845827308207e+00
-9.5742707295081875e-01
-8.1099076000811288e-01
-6.9559758248978143e-01
-6.0307356490884512e-01
-5.2781818581931084e-01
-4.6577887713964861e-01
-4.1397063299730114e-01
-3.7031547422237071e-01
-3.3321512906372752e-01
-3.0136836338675271e-01
-2.7387117965600322e-01
-2.4997375610413974e-01
-2.2904938722618151e-01
-2.1063320631371862e-01
-1.9435472057229805e-01
-1.7988575096653733e-01
-1.6695840751848651e-01
-1.5537922979217378e-01
-1.4496582745156983e-01
-1.3554843848690357e-01
-1.2702283971257811e-01
-1.1928068704396649e-01
-1.1221368669229775e-01
-1.0575724023428855e-01
-9.9845668936068374e-02
-9.4410471862223372e-02
-8.9405276318519730e-02
-8.4790469479420413e-02
-8.0520474270232165e-02
-7.6561556743949571e-02
-7.2890126391682339e-02
-6.9476868156103169e-02
-6.6293517509155367e-02
-6.3326283796036303e-02
-6.0555612542011861e-02
-5.7958166259381209e-02
-5.5526310036853530e-02
-5.3246446825639608e-02
-5.1100280338015565e-02
-4.9082644668835239e-02
-4.7184032325286195e-02
-4.5391037723899262e-02
-4.3698858311315841e-02
-4.2101210953363555e-02
-4.0588151843548879e-02
-3.9155201125108563e-02
-3.7798282206646709e-02
-3.6509933796390809e-02
-3.5285993211639062e-02
-3.4123899100742094e-02
-3.3017988821976346e-02
-3.1964422805568993e-02
-3.0961679336600642e-02
-3.0005409787525604e-02
-2.9092104457769701e-02
-2.8220949912051128e-02
-2.7388562845832146e-02
-2.6591767529923840e-02
-2.5830225903824302e-02
-2.5101266594685347e-02
-2.4402047459667016e-02
-2.3732540955473391e-02
-2.3090601563837073e-02
-2.2473715944490342e-02
-2.1882050144019876e-02
-2.1313846790892575e-02
-2.0766913014924549e-02
-2.0241525216909056e-02
-1.9736211500729694e-02
-1.9249088328158099e-02
-1.8780483434892841e-02
-1.8329133453091936e-02
-1.7893451127681370e-02
-1.7473773793176932e-02
-1.7068988672225748e-02
-1.6677790470254982e-02
-1.6300496951520929e-02
-1.5936102172730619e-02
-1.5583567778494763e-02
-1.5243171900141897e-02
-1.4913982286873712e-02
-1.4595212218463691e-02
-1.4287086821553951e-02
-1.3988722526141643e-02
-1.3699569075489075e-02
-1.3419789889308630e-02
-1.3148531124822872e-02
-1.2885464036730252e-02
-1.2887059822290927e-02
-1.3152853562972544e-02
-1.3426982061782397e-02
-1.3710155153907428e-02
-1.4002112187093697e-02
-1.4303617641312062e-02
-1.4615358171083183e-02
-1.4936997930729588e-02
-1.5269610907754798e-02
-1.5613855399801623e-02
-1.5969308667362063e-02
-1.6337414516638827e-02
-1.6718674239397841e-02
-1.7112938710564553e-02
-1.7521719898007861e-02
-1.7945433367978145e-02
-1.8384340443332009e-02
-1.8839956417101410e-02
-1.9312627609771590e-02
-1.9803109305546435e-02
-2.0312925504142872e-02
-2.0842349421076198e-02
-2.1392730782681897e-02
-2.1965612458784017e-02
-2.2561193634095311e-02
-2.3181541729968193e-02
-2.3828162240882970e-02
-2.4501402225313291e-02
-2.5203981135575988e-02
-2.5937237017025210e-02
-2.6702362388700135e-02
-2.7502232944755928e-02
-2.8338228717540610e-02
-2.9212588959616839e-02
-3.0128408243469445e-02
-3.1087157051503275e-02
-3.2092378609522992e-02
-3.3147432631725093e-02
-3.4254093289256014e-02
-3.5417406299615949e-02
-3.6640755791528611e-02
-3.7927601726372655e-02
-3.9283672263239970e-02
-4.0712891286118040e-02
-4.2220905261794110e-02
-4.3814404357119856e-02
-4.5498124252047634e-02
-4.7280584081486707e-02
-4.9169446158839107e-02
-5.1171897824952003e-02
-5.3299070523995032e-02
-5.5560246825654656e-02
-5.7966894543449735e-02
-6.0532957629887939e-02
-6.3270494014395010e-02
-6.6196941210445670e-02
-6.9329904495359335e-02
-7.2687257884908402e-02
-7.6293400623388560e-02
-8.0171628367030026e-02
-8.4349966597039569e-02
-8.8859956797643372e-02
-9.3736029526838544e-02
-9.9021859764590381e-02
-1.0476365211009063e-01
-1.1101317104540399e-01
-1.1783507645103274e-01
-1.2529785116127395e-01
-1.3348560694753855e-01
-1.4249631120115361e-01
-1.5243843967633181e-01
-1.6345002838626055e-01
-1.7568617935852843e-01
-1.8933405057340630e-01
-2.0462224790869019e-01
-2.2181590413256819e-01
-2.4125056019399890e-01
-2.6332902014438603e-01
-2.8854712415003814e-01
-3.1753399549861622e-01
-3.5106589359277801e-01
-3.9014688312821982e-01
-4.3602437788815546e-01
-4.9038974012713399e-01
-5.5548240701754814e-01
-6.3428620411809267e-01
-7.3091848000286785e-01
-8.5114841936342012e-01
-1.0030913115352285e+00
-1.1989037521952688e+00
-1.4571269751247882e+00
-1.8064997082089620e+00
-2.2944904604237149e+00
-3.0017702329561322e+00
-4.0736475429151557e+00
-5.7787937895117549e+00
-8.5873038910293058e+00
-1.2869016646034144e+01
-1.5939381814062246e+01
0.0000000000000000e+00
1.3464638167935297e-01
0.0000000000000000e+00
0.0000000000000000e+00
];
