%Vec Object:sol 1 MPI processes
%  type: mpi
sol = [
0.0000000000000000e+00
-7.7077874533262104e+01
-3.5479381114790783e+01
-1.6910598293562568e+01
-9.4510398525080177e+00
-5.9476851664396477e+00
-4.0636052433832912e+00
-2.9436820970419499e+00
-2.2266478137327117e+00
-1.7412562587287730e+00
-1.3981300153651550e+00
-1.1467246943031737e+00
-9.5704976287542365e-01
-8.1067256724006509e-01
-6.9532416090255655e-01
-6.0283487694224092e-01
-5.2760702067785492e-01
-4.6558398553942576e-01
-4.1376610782371026e-01
-3.7012989395443813e-01
-3.3304548207547874e-01
-3.0121225816568642e-01
-2.7372669794416010e-01
-2.4983933862834001e-01
-2.2892375219077296e-01
-2.1051529032330363e-01
-1.9424363318948307e-01
-1.7978074077212577e-01
-1.6685883591153208e-01
-1.5528454877212880e-01
-1.4487556462778786e-01
-1.3546218610879782e-01
-1.2694024008026036e-01
-1.1920142641417381e-01
-1.1213749144658447e-01
-1.0568394342767051e-01
-9.9773181507998895e-02
-9.4338262523248215e-02
-8.9333516361475629e-02
-8.4719508241684463e-02
-8.0451808399584795e-02
-7.6495033504066876e-02
-7.2825605163919435e-02
-6.9414221987047664e-02
-6.6232632628305463e-02
-6.3267053517462812e-02
-6.0497939362994836e-02
-5.7901963711091936e-02
-5.5471495390259661e-02
-5.3192943730341717e-02
-5.1048021448385134e-02
-4.9031564857787431e-02
-4.7134070903307242e-02
-4.5342140872150105e-02
-4.3650974196634017e-02
-4.2054290564091046e-02
-4.0542151462071400e-02
-3.9110078967396704e-02
-3.7753998133955441e-02
-3.6466451780467896e-02
-3.5243279182385810e-02
-3.4081919774763658e-02
-3.2976714133927325e-02
-3.1923824685821341e-02
-3.0921729877586131e-02
-2.9966083623983959e-02
-2.9053378239392896e-02
-2.8182800003702418e-02
-2.7350967643059446e-02
-2.6554707434892143e-02
-2.5793680717930974e-02
-2.5065217764678759e-02
-2.4366478395076160e-02
-2.3697434252268029e-02
-2.3055941178304059e-02
-2.2439487715267319e-02
-2.1848238962150216e-02
-2.1280438701991426e-02
-2.0733895829807836e-02
-2.0208885728627859e-02
-1.9703937515549316e-02
-1.9217169267136607e-02
-1.8748907680394632e-02
-1.8297890311179711e-02
-1.7862531337804476e-02
-1.7443167075861781e-02
-1.7038685625045014e-02
-1.6647782915878376e-02
-1.6270775745072279e-02
-1.5906659034486351e-02
-1.5554395421183273e-02
-1.5214262147152921e-02
-1.4885327844147004e-02
-1.4566806531231196e-02
-1.4258922544414049e-02
-1.3960793237967844e-02
-1.3671868823184049e-02
-1.3392312044981650e-02
-1.3121270046723067e-02
-1.2858414263753899e-02
-1.2859670594418209e-02
-1.3124554319580942e-02
-1.3397738661003534e-02
-1.3679931241148219e-02
-1.3970870882795998e-02
-1.4271319654793922e-02
-1.4581961839757424e-02
-1.4902461088652728e-02
-1.5233888169790448e-02
-1.5576898836124838e-02
-1.5931069877018658e-02
-1.6297840869124579e-02
-1.6677710622883021e-02
-1.7070528815703354e-02
-1.7477802695639914e-02
-1.7899945255585512e-02
-1.8337215516497505e-02
-1.8791123640369469e-02
-1.9262013215593277e-02
-1.9750635813772493e-02
-2.0258509821761226e-02
-2.0785905531705860e-02
-2.1334167157757034e-02
-2.1904831381180725e-02
-2.2498094217841758e-02
-2.3116015292453756e-02
-2.3760093382990937e-02
-2.4430671507968307e-02
-2.5130458966405443e-02
-2.5860786794667506e-02
-2.6622840670686945e-02
-2.7419484795538785e-02
-2.8252091253924017e-02
-2.9122888815117168e-02
-3.0034958850631829e-02
-3.0989762647179984e-02
-3.1990828190822863e-02
-3.3041499904528336e-02
-3.4143540667777028e-02
-3.5301975126651147e-02
-3.6520170399105309e-02
-3.7801568667000539e-02
-3.9151872932997885e-02
-4.0574986460639006e-02
-4.2076529197330480e-02
-4.3663160621052452e-02
-4.5339590747365439e-02
-4.7114300312568920e-02
-4.8994914577655514e-02
-5.0988584119579489e-02
-5.3106389565302677e-02
-5.5357566940821223e-02
-5.7753528760800955e-02
-6.0308153438984304e-02
-6.3033438138566045e-02
-6.5946769588259971e-02
-6.9065066042340237e-02
-7.2405862934129053e-02
-7.5994063615217572e-02
-7.9852816644479005e-02
-8.4010114040397571e-02
-8.8499038430110810e-02
-9.3352261788387722e-02
-9.8613248103094006e-02
-1.0432797461045071e-01
-1.1054795008168700e-01
-1.1733752091665155e-01
-1.2476483190955444e-01
-1.3291358527908667e-01
-1.4188127167293230e-01
-1.5177583421223118e-01
-1.6273464207420835e-01
-1.7491204238170677e-01
-1.8849428675844829e-01
-2.0370887993344305e-01
-2.2081967388765805e-01
-2.4016060354225999e-01
-2.6213254653021889e-01
-2.8722898091609456e-01
-3.1607605239100578e-01
-3.4944636057700457e-01
-3.8831345380522359e-01
-4.3396258524623316e-01
-4.8806394376075746e-01
-5.5284165927848217e-01
-6.3126587002198553e-01
-7.2743523092685713e-01
-8.4709303203146213e-01
-9.9824731664160427e-01
-1.1931335290719038e+00
-1.4501496588946168e+00
-1.7977957273556227e+00
-2.2835507595981226e+00
-2.9874770974504750e+00
-4.0543628135485248e+00
-5.7513970566697230e+00
-8.5463307281425678e+00
-1.2804243230383754e+01
-1.5851938536586559e+01
0.0000000000000000e+00
1.3464638167935297e-01
0.0000000000000000e+00
0.0000000000000000e+00
];
