%Vec Object:sol 1 MPI processes
%  type: mpi
sol = [
0.0000000000000000e+00
-7.3490181702560278e+01
-3.4940432888605983e+01
-1.6845859159865547e+01
-9.4507249932410069e+00
-5.9564538338585660e+00
-4.0731617695516871e+00
-2.9521538009525030e+00
-2.2340547896644192e+00
-1.7475081440399549e+00
-1.4035470730106299e+00
-1.1514504862001722e+00
-9.6117348404929848e-01
-8.1433848844777934e-01
-6.9861224867715432e-01
-6.0580783500623547e-01
-5.3031433524538796e-01
-4.6805605817732587e-01
-4.1604322331834753e-01
-3.7223857540757371e-01
-3.3500751145099905e-01
-3.0304573819857344e-01
-2.7544671545228605e-01
-2.5145860998846697e-01
-2.3045308171140835e-01
-2.1196391192574038e-01
-1.9561949731533204e-01
-1.8109072723022010e-01
-1.6810892566278937e-01
-1.5647999343744406e-01
-1.4602098324032964e-01
-1.3656163017545692e-01
-1.2799733677331576e-01
-1.2021941002591810e-01
-1.1311921531936242e-01
-1.0663203500807403e-01
-1.0069008753037138e-01
-9.5225807628499179e-02
-9.0193622090352338e-02
-8.5553936858103072e-02
-8.1262145917100653e-02
-7.7282720700938196e-02
-7.3591986443200447e-02
-7.0160520590779762e-02
-6.6959950025432396e-02
-6.3976437405884296e-02
-6.1190354657876561e-02
-5.8578266192717561e-02
-5.6132516703322054e-02
-5.3839457073176070e-02
-5.1680707000083162e-02
-4.9651090400001548e-02
-4.7741063230016499e-02
-4.5937154279841304e-02
-4.4234548987196823e-02
-4.2626941783847405e-02
-4.1104337340441686e-02
-3.9662241349758813e-02
-3.8296565368407143e-02
-3.6999807495956556e-02
-3.5767788216706800e-02
-3.4597942223612031e-02
-3.3484574691080585e-02
-3.2423827300844733e-02
-3.1414180210791016e-02
-3.0451259101114032e-02
-2.9531534238375252e-02
-2.8654198254923182e-02
-2.7815847135987313e-02
-2.7013284438828836e-02
-2.6246181133723540e-02
-2.5511848921076344e-02
-2.4807424875766395e-02
-2.4132892450637881e-02
-2.3486092006952220e-02
-2.2864489921653405e-02
-2.2268264424815817e-02
-2.1695646041368404e-02
-2.1144422647233294e-02
-2.0614883369975159e-02
-2.0105545574215723e-02
-1.9614507958888396e-02
-1.9142111026769718e-02
-1.8687081501171366e-02
-1.8247816271528730e-02
-1.7824665056973086e-02
-1.7416505554937851e-02
-1.7022018876504962e-02
-1.6641534458163909e-02
-1.6274036848315639e-02
-1.5918476672816467e-02
-1.5575142738836156e-02
-1.5243092992406749e-02
-1.4921532532829740e-02
-1.4610695947688377e-02
-1.4309689308207637e-02
-1.4017957243047960e-02
-1.3735671235394513e-02
-1.3461966311360823e-02
-1.3196511877097994e-02
-1.3202051052687331e-02
-1.3478349903758367e-02
-1.3763377373938875e-02
-1.4057868828418413e-02
-1.4361569658011672e-02
-1.4675272162096522e-02
-1.4999690363178398e-02
-1.5334494210176748e-02
-1.5680794839801487e-02
-1.6039279913298284e-02
-1.6409532116634689e-02
-1.6793044071245263e-02
-1.7190345704681489e-02
-1.7601301708717609e-02
-1.8027478530807980e-02
-1.8469321442344980e-02
-1.8927118341752123e-02
-1.9402443757334700e-02
-1.9895675559274070e-02
-2.0407611906865131e-02
-2.0939841612808992e-02
-2.1492671671772136e-02
-2.2067515479780978e-02
-2.2665987391683930e-02
-2.3288323238747650e-02
-2.3936680514338605e-02
-2.4612642334882348e-02
-2.5316602512750763e-02
-2.6051397826331636e-02
-2.6818447386617969e-02
-2.7619022874909603e-02
-2.8456132860895812e-02
-2.9331249380342098e-02
-3.0246733000938261e-02
-3.1205831017842359e-02
-3.2210120482737969e-02
-3.3263321006661344e-02
-3.4368969362572728e-02
-3.5528970728239344e-02
-3.6748614780850446e-02
-3.8031482881671706e-02
-3.9381241248024647e-02
-4.0803909579622114e-02
-4.2303651160043865e-02
-4.3886420159465672e-02
-4.5559262820512557e-02
-4.7327213233507706e-02
-4.9199236249767096e-02
-5.1183424794774099e-02
-5.3287393984379636e-02
-5.5522865795570711e-02
-5.7899664697090743e-02
-6.0429902211155635e-02
-6.3128284968360607e-02
-6.6007590231970226e-02
-6.9086223705870836e-02
-7.2382434012107796e-02
-7.5914319938167177e-02
-7.9708477658171670e-02
-8.3789571974246135e-02
-8.8187317127098624e-02
-9.2936810976755116e-02
-9.8072791863594189e-02
-1.0364136251004313e-01
-1.0969134905944042e-01
-1.1627746833900869e-01
-1.2346799842187563e-01
-1.3133533381995113e-01
-1.3996832620840144e-01
-1.4947046736063704e-01
-1.5995641981615200e-01
-1.7157196398650351e-01
-1.8448099171942337e-01
-1.9888122809104036e-01
-2.1501413358661675e-01
-2.3315983446856853e-01
-2.5367269087413219e-01
-2.7697814114627528e-01
-3.0359984655712918e-01
-3.3420207272584967e-01
-3.6960484067639615e-01
-4.1082731940735256e-01
-4.5925268543866021e-01
-5.1664276158490197e-01
-5.8535438011557916e-01
-6.6853420676088682e-01
-7.7052318008422171e-01
-8.9736977130751605e-01
-1.0575707086833535e+00
-1.2640890729159098e+00
-1.5363645630650762e+00
-1.9043207891709673e+00
-2.4183926757337901e+00
-3.1627736349806987e+00
-4.2904839763292362e+00
-6.0836452076076499e+00
-9.0432807301426585e+00
-1.3589788435171549e+01
-1.6911317253880842e+01
0.0000000000000000e+00
1.3464638167935297e-01
0.0000000000000000e+00
0.0000000000000000e+00
];
