%Vec Object:sol 1 MPI processes
%  type: mpi
sol = [
0.0000000000000000e+00
-7.4801354601385626e+01
-3.5141121828011087e+01
-1.6873764994808759e+01
-9.4506248641411510e+00
-5.9542873233125100e+00
-4.0703913459860903e+00
-2.9492182402704907e+00
-2.2313247191275138e+00
-1.7453136555275213e+00
-1.4017389195058165e+00
-1.1496275361724411e+00
-9.5966466440085751e-01
-8.1306065943538963e-01
-6.9750918289748298e-01
-6.0475274076071539e-01
-5.2930337102923486e-01
-4.6710752326693977e-01
-4.1518648923511736e-01
-3.7145819701033539e-01
-3.3429142609863044e-01
-3.0238436579661448e-01
-2.7483237670356780e-01
-2.5088506252069875e-01
-2.2991519177192277e-01
-2.1145765367539474e-01
-1.9513275347732154e-01
-1.8062103321143377e-01
-1.6765542814376674e-01
-1.5604184404750696e-01
-1.4559735870214510e-01
-1.3615175319121714e-01
-1.2760045527270014e-01
-1.1983481180577039e-01
-1.1274624705332878e-01
-1.0626995630559730e-01
-1.0034007349749520e-01
-9.4887917854453413e-02
-8.9866985354103965e-02
-8.5237763265297251e-02
-8.0955730535838821e-02
-7.6985428598496261e-02
-7.3303231484855416e-02
-6.9879773375510476e-02
-6.6686736486469098e-02
-6.3710311312407134e-02
-6.0930907799190893e-02
-5.8325137461714076e-02
-5.5885358843156270e-02
-5.3597949185257336e-02
-5.1444567046487803e-02
-4.9420044130837885e-02
-4.7514854653092908e-02
-4.5715557168542524e-02
-4.4017344489082906e-02
-4.2413922428572920e-02
-4.0895318663376215e-02
-3.9457046487447606e-02
-3.8095023816035106e-02
-3.6801766654842687e-02
-3.5573103538472040e-02
-3.4406471841663164e-02
-3.3296190783381745e-02
-3.2238410515730294e-02
-3.1231611201771533e-02
-3.0271429636323271e-02
-2.9354344824533585e-02
-2.8479547493479626e-02
-2.7643642519505216e-02
-2.6843442295238152e-02
-2.6078614541306545e-02
-2.5346478174516521e-02
-2.4644179004602342e-02
-2.3971696338321802e-02
-2.3326876516535096e-02
-2.2707194355996697e-02
-2.2112823389108846e-02
-2.1541999232008200e-02
-2.0992517716996475e-02
-2.0464663002738099e-02
-1.9956956940548363e-02
-1.9467505534011692e-02
-1.8996644263049166e-02
-1.8543103962943796e-02
-1.8105288021580453e-02
-1.7683541261621891e-02
-1.7276745308138223e-02
-1.6883586831717041e-02
-1.6504390638781515e-02
-1.6138145176223393e-02
-1.5783805571162452e-02
-1.5441656386461562e-02
-1.5110759568369660e-02
-1.4790323558828779e-02
-1.4480579178718643e-02
-1.4180636710228610e-02
-1.3889942878628832e-02
-1.3608665953892639e-02
-1.3335945474019171e-02
-1.3071451618291265e-02
-1.3075406019998251e-02
-1.3347482300455404e-02
-1.3628129493945287e-02
-1.3918072748350704e-02
-1.4217055095399151e-02
-1.4525857702302135e-02
-1.4845183644655167e-02
-1.5174700656454728e-02
-1.5515505026715044e-02
-1.5868272737281069e-02
-1.6232584339527359e-02
-1.6609913538782675e-02
-1.7000786925162815e-02
-1.7405055796277061e-02
-1.7824247117623135e-02
-1.8258762596198422e-02
-1.8708924240881743e-02
-1.9176260322498043e-02
-1.9661144727571599e-02
-2.0164368910830711e-02
-2.0687495235355808e-02
-2.1230816709146567e-02
-2.1795720676715848e-02
-2.2383792250007174e-02
-2.2995252021076870e-02
-2.3632220670285125e-02
-2.4296249465169333e-02
-2.4987712777307432e-02
-2.5709399417258957e-02
-2.6462695092762150e-02
-2.7248838793141994e-02
-2.8070784629971687e-02
-2.8929966607618620e-02
-2.9828695337130420e-02
-3.0770155357601102e-02
-3.1755879521464372e-02
-3.2789514888377488e-02
-3.3874525262859508e-02
-3.5012761355633838e-02
-3.6209412486603816e-02
-3.7467978386003832e-02
-3.8792039791865580e-02
-4.0187496129083088e-02
-4.1658411280625113e-02
-4.3210612035025908e-02
-4.4850997288896167e-02
-4.6584476823359817e-02
-4.8419830964566479e-02
-5.0364973746365109e-02
-5.2427342013362355e-02
-5.4618412696709986e-02
-5.6947784257681475e-02
-5.9427300015575057e-02
-6.2071349024850273e-02
-6.4892405537993275e-02
-6.7908462455256294e-02
-7.1137703214449399e-02
-7.4598605159396675e-02
-7.8316347495718502e-02
-8.2315002934621295e-02
-8.6623657951643382e-02
-9.1276675954394967e-02
-9.6308045166020234e-02
-1.0176290829337228e-01
-1.0768905794343148e-01
-1.1414004912765531e-01
-1.2118273523544562e-01
-1.2888797611650782e-01
-1.3734276396559369e-01
-1.4664842694723393e-01
-1.5691721248320634e-01
-1.6829187674931087e-01
-1.8093289111327321e-01
-1.9503387550223247e-01
-2.1083130486560625e-01
-2.2859951205567566e-01
-2.4867455047895629e-01
-2.7147578903961905e-01
-2.9751918719917214e-01
-3.2745395963639851e-01
-3.6208106429029951e-01
-4.0243616737011434e-01
-4.4984773289209068e-01
-5.0604068012438463e-01
-5.7332537235173531e-01
-6.5478704944980004e-01
-7.5456049981328421e-01
-8.7865564910296534e-01
-1.0355840285353779e+00
-1.2379314396226424e+00
-1.5043601491592140e+00
-1.8649842203616751e+00
-2.3683984476401543e+00
-3.0982110334170909e+00
-4.2035365061061380e+00
-5.9612665685015775e+00
-8.8611476983789785e+00
-1.3301820221915918e+01
-1.6523258276350468e+01
0.0000000000000000e+00
1.3464638167935297e-01
0.0000000000000000e+00
0.0000000000000000e+00
];
