%Vec Object:sol 1 MPI processes
%  type: mpi
sol = [
0.0000000000000000e+00
-4.1266018366765415e+01
-2.4289824291780473e+01
-1.3042784575641862e+01
-7.6497622127190104e+00
-4.9314612276183958e+00
-3.4169901910321974e+00
-2.4976498566280374e+00
-1.9018312721408384e+00
-1.4945609734887615e+00
-1.2048739270621982e+00
-9.9150215726934410e-01
-8.2986981804135096e-01
-7.0470592597550430e-01
-6.0579659683947062e-01
-5.2629893629224200e-01
-4.6150432266973596e-01
-4.0799106530130314e-01
-3.6324310415721378e-01
-3.2549933894698452e-01
-2.9335555020703552e-01
-2.6572493712871970e-01
-2.4184048073183073e-01
-2.2106041495260628e-01
-2.0284691913880160e-01
-1.8680111047400702e-01
-1.7260484858888445e-01
-1.5997550991968251e-01
-1.4868213546714776e-01
-1.3855832228775200e-01
-1.2944661969277160e-01
-1.2119997367606578e-01
-1.1372874526233391e-01
-1.0693921288621981e-01
-1.0073724887279360e-01
-9.5067196140630458e-02
-8.9872182786407503e-02
-8.5092551656861734e-02
-8.0688157004552716e-02
-7.6624917719236185e-02
-7.2864110842110238e-02
-6.9374948960431657e-02
-6.6137122709263876e-02
-6.3125074285968155e-02
-6.0314068488497762e-02
-5.7692322476482927e-02
-5.5242790765318073e-02
-5.2944920234560891e-02
-5.0792295135588382e-02
-4.8773061832423088e-02
-4.6871037257045313e-02
-4.5081912378221650e-02
-4.3397404683313441e-02
-4.1805633475898211e-02
-4.0302522938417240e-02
-3.8882626371908591e-02
-3.7537115828262177e-02
-3.6262133605041741e-02
-3.5054177447956469e-02
-3.3906613523135544e-02
-3.2815813362101980e-02
-3.1779612014082470e-02
-3.0792968347539487e-02
-2.9852501060926854e-02
-2.8956964086784897e-02
-2.8102504546674446e-02
-2.7285842112592058e-02
-2.6506428120273116e-02
-2.5761319488538510e-02
-2.5047680192761646e-02
-2.4365306918188345e-02
-2.3711812151366758e-02
-2.3084634867850628e-02
-2.2483844599573383e-02
-2.1907521030785457e-02
-2.1353386494719337e-02
-2.0821678992046847e-02
-2.0310822488077442e-02
-1.9818819846037734e-02
-1.9346002892727587e-02
-1.8891047918401394e-02
-1.8452232239492768e-02
-1.8029928372708857e-02
-1.7622995785922000e-02
-1.7229977891242629e-02
-1.6851250085125783e-02
-1.6485802744329349e-02
-1.6132435360334308e-02
-1.5791499641164879e-02
-1.5462077250553721e-02
-1.5143212721011981e-02
-1.4835215613628223e-02
-1.4537228725502109e-02
-1.4248529965821370e-02
-1.3969374335529756e-02
-1.3698942897940323e-02
-1.3436735101917572e-02
-1.3182943174734727e-02
-1.2936769021425678e-02
-1.2697921766851094e-02
-1.2719561384080620e-02
-1.3002469855075452e-02
-1.3294557568978614e-02
-1.3596570583737934e-02
-1.3908304545459400e-02
-1.4230564167617291e-02
-1.4564083361822369e-02
-1.4908589508334905e-02
-1.5265204762818353e-02
-1.5634646935928170e-02
-1.6016564084485166e-02
-1.6412460171951453e-02
-1.6822910067439707e-02
-1.7247842665775007e-02
-1.7688848471112892e-02
-1.8146430737830958e-02
-1.8620940843669581e-02
-1.9113993962834940e-02
-1.9626039725746145e-02
-2.0157942521473435e-02
-2.0711350594985609e-02
-2.1286658039871943e-02
-2.1885352312401015e-02
-2.2509128548593986e-02
-2.3158327121066580e-02
-2.3835193946719103e-02
-2.4541418289984743e-02
-2.5277516971244741e-02
-2.6046439962128968e-02
-2.6849742166191397e-02
-2.7688839389100453e-02
-2.8566890806058554e-02
-2.9485537028606859e-02
-3.0447316531724798e-02
-3.1455672626166102e-02
-3.2512390694209282e-02
-3.3621419953120804e-02
-3.4786548863946894e-02
-3.6009941812381298e-02
-3.7297192497376605e-02
-3.8652200034052606e-02
-4.0078970477497047e-02
-4.1583919410233525e-02
-4.3171614776341911e-02
-4.4848469496959482e-02
-4.6622046197997188e-02
-4.8497899241765362e-02
-5.0485626045008211e-02
-5.2593988750026618e-02
-5.4831309258351016e-02
-5.7210166466394465e-02
-5.9741264461257756e-02
-6.2437716325857325e-02
-6.5315382531262692e-02
-6.8388221744127495e-02
-7.1676066180517792e-02
-7.5199078087613364e-02
-7.8977857519529043e-02
-8.3040195083038545e-02
-8.7412895263629692e-02
-9.2128227523594383e-02
-9.7224254102669563e-02
-1.0273888415052394e-01
-1.0872210346170216e-01
-1.1522703661015167e-01
-1.2231327743518611e-01
-1.3005497471709707e-01
-1.3853102652958640e-01
-1.4783807197542226e-01
-1.5808871160122567e-01
-1.6940795879262552e-01
-1.8195436504339227e-01
-1.9589882447004855e-01
-2.1145960200826699e-01
-2.2890141095978095e-01
-2.4852889434246689e-01
-2.7072699777282572e-01
-2.9595808756576381e-01
-3.2479123849041563e-01
-3.5794795745664509e-01
-3.9631872250646022e-01
-4.4105432471373757e-01
-4.9363077610977169e-01
-5.5596428815283716e-01
-6.3057024348268720e-01
-7.2083667136586771e-01
-8.3151375291741181e-01
-9.6918883012438839e-01
-1.1432791578434462e+00
-1.3673734824622583e+00
-1.6625788065574907e+00
-2.0618708534019055e+00
-2.6185934998440366e+00
-3.4246309325844635e+00
-4.6446047782543509e+00
-6.5842390831502993e+00
-9.7912597513032633e+00
-1.4769966223093860e+01
-1.8512430874120319e+01
0.0000000000000000e+00
2.4055929233035767e-01
0.0000000000000000e+00
0.0000000000000000e+00
];
