%Vec Object:sol 1 MPI processes
%  type: mpi
sol = [
0.0000000000000000e+00
-8.4410130572065384e+01
-3.6377298149579843e+01
-1.6960621581201320e+01
-9.3982060050263669e+00
-5.8877942507871515e+00
-4.0090984232376705e+00
-2.8961503364433994e+00
-2.1849784837516384e+00
-1.7047299754121292e+00
-1.3656289815015823e+00
-1.1175378058620158e+00
-9.3071955648127624e-01
-7.8666725915866698e-01
-6.7329401696917213e-01
-5.8250100204898592e-01
-5.0874276767648474e-01
-4.4801022372896182e-01
-3.9734918689440052e-01
-3.5471898534892732e-01
-3.1853128983902462e-01
-2.8750366430718238e-01
-2.6074423148344905e-01
-2.3751421683366922e-01
-2.1719723020999726e-01
-1.9933573689431522e-01
-1.8356507370044778e-01
-1.6956303340668549e-01
-1.5706682223760482e-01
-1.4588603361151523e-01
-1.3584182828537136e-01
-1.2676840202413797e-01
-1.1856301351188318e-01
-1.1111957706978637e-01
-1.0433268815449757e-01
-9.8138737494649880e-02
-9.2473441061603809e-02
-8.7270258867161832e-02
-8.2483792357777294e-02
-7.8074304558111804e-02
-7.3999684445086242e-02
-7.0225879473904865e-02
-6.6729646687308339e-02
-6.3482570168810912e-02
-6.0457391838251218e-02
-5.7640386264436995e-02
-5.5012589557344650e-02
-5.2551681880677485e-02
-5.0249903722771994e-02
-4.8094068606930843e-02
-4.6066778486658605e-02
-4.4162736535548572e-02
-4.2372713259809944e-02
-4.0683994539085971e-02
-3.9091760635527377e-02
-3.7589873004267721e-02
-3.6168922641480236e-02
-3.4824496800562488e-02
-3.3552567341100153e-02
-3.2346088547596498e-02
-3.1201025085088648e-02
-3.0114795599689742e-02
-2.9082062450596455e-02
-2.8099153808241992e-02
-2.7164480319261396e-02
-2.6273949736497319e-02
-2.5424244482503303e-02
-2.4614451654726879e-02
-2.3841392539497942e-02
-2.3102095571067956e-02
-2.2396103103665077e-02
-2.1720909681833680e-02
-2.1073879492695177e-02
-2.0454854291908978e-02
-1.9861826145978010e-02
-1.9292482394994894e-02
-1.8746854103079615e-02
-1.8223301310274494e-02
-1.7719819977534430e-02
-1.7236552527238741e-02
-1.6772130796565674e-02
-1.6324843389067142e-02
-1.5894889071183006e-02
-1.5481099697772959e-02
-1.5082039677472479e-02
-1.4697925475974143e-02
-1.4327735167775135e-02
-1.3970291739771091e-02
-1.3625802509664029e-02
-1.3293351321974659e-02
-1.2972002496911288e-02
-1.2661935916771415e-02
-1.2362310722405186e-02
-1.2072415618182664e-02
-1.1792390966070885e-02
-1.1521448318824571e-02
-1.1259084379919744e-02
-1.1005392259488104e-02
-1.0759618693983716e-02
-1.0521452553088813e-02
-1.0499812624098243e-02
-1.0692906712745066e-02
-1.0891784546473670e-02
-1.1096984477670995e-02
-1.1308244932886999e-02
-1.1526146048771509e-02
-1.1751198697998944e-02
-1.1983077254084061e-02
-1.2222605417193898e-02
-1.2470262291329390e-02
-1.2725649351755039e-02
-1.2989879133294840e-02
-1.3263295390744369e-02
-1.3545717910138616e-02
-1.3838300956613368e-02
-1.4141312173603864e-02
-1.4454896309986393e-02
-1.4780196751991234e-02
-1.5117419352864394e-02
-1.5467096193892645e-02
-1.5830364346808366e-02
-1.6207366320223699e-02
-1.6599096019980032e-02
-1.7006693129658149e-02
-1.7430237981159832e-02
-1.7871278141826086e-02
-1.8330913376723462e-02
-1.8809337782513206e-02
-1.9308596238470151e-02
-1.9829650906052342e-02
-2.0373352913466702e-02
-2.0941856741458133e-02
-2.1536155401767051e-02
-2.2157909314251472e-02
-2.2809435294144590e-02
-2.3491801095784113e-02
-2.4207671548055684e-02
-2.4959568993344200e-02
-2.5748808163998035e-02
-2.6579211752995581e-02
-2.7453335296325078e-02
-2.8373807375993036e-02
-2.9344990172450472e-02
-3.0369882515790838e-02
-3.1452836118067797e-02
-3.2598943152219395e-02
-3.3811965666401753e-02
-3.5098390551789503e-02
-3.6464263114866051e-02
-3.7915177084579310e-02
-3.9459834856842485e-02
-4.1105564381536758e-02
-4.2861427428751479e-02
-4.4738425134123579e-02
-4.6746246690024890e-02
-4.8898738804832982e-02
-5.1210016236570448e-02
-5.3694565826551334e-02
-5.6371967710831576e-02
-5.9261212903868314e-02
-6.2385227389742573e-02
-6.5771117898871037e-02
-6.9446093826417185e-02
-7.3445990550998125e-02
-7.7809135312594840e-02
-8.2578735738312398e-02
-8.7808562356944370e-02
-9.3554641650107712e-02
-9.9888485540928454e-02
-1.0689315944186670e-01
-1.1466107679133231e-01
-1.2330935180668423e-01
-1.3297087080869702e-01
-1.4380639702528564e-01
-1.5601272778712319e-01
-1.6982004923579472e-01
-1.8551957160051882e-01
-2.0346317095836666e-01
-2.2408594882955746e-01
-2.4794125978839501e-01
-2.7571632069629842e-01
-3.0830214572425785e-01
-3.4684741068489439e-01
-3.9285111064196249e-01
-4.4832790531970479e-01
-5.1593782973921076e-01
-5.9943072492006466e-01
-7.0407963441056864e-01
-8.3744300895571666e-01
-1.0107572936107512e+00
-1.2409090554306188e+00
-1.5549144441576517e+00
-1.9971764176208318e+00
-2.6433609996662004e+00
-3.6302584105161468e+00
-5.2113629048846137e+00
-7.8287878427884827e+00
-1.1814199172044946e+01
-1.4680865673648368e+01
0.0000000000000000e+00
1.3464638167935297e-01
0.0000000000000000e+00
0.0000000000000000e+00
];
