%Vec Object:sol 1 MPI processes
%  type: mpi
sol = [
0.0000000000000000e+00
-4.0953043320842184e+01
-2.4186642522104066e+01
-1.3012208791003147e+01
-7.6379377255906400e+00
-4.9262161836451517e+00
-3.4136931083677267e+00
-2.4957212084901546e+00
-1.9005901395626008e+00
-1.4937122237518854e+00
-1.2042250664376679e+00
-9.9099676482653931e-01
-8.2957522722597021e-01
-7.0447488631641841e-01
-6.0561493289085289e-01
-5.2615627080519756e-01
-4.6139284215194548e-01
-4.0790483629935581e-01
-3.6317757271130924e-01
-3.2545087479919038e-01
-2.9334099176434170e-01
-2.6573558924734464e-01
-2.4185805563465887e-01
-2.2108378629548248e-01
-2.0287517247473585e-01
-1.8683348097122107e-01
-1.7264069106777355e-01
-1.6001428797209391e-01
-1.4872339962405415e-01
-1.3860168490048316e-01
-1.2949175231887916e-01
-1.2124660083274814e-01
-1.1377662560916199e-01
-1.0698813960605470e-01
-1.0078704632784254e-01
-9.5117710510159784e-02
-8.9923281023477186e-02
-8.5144119009623473e-02
-8.0740093321343007e-02
-7.6677136042776206e-02
-7.2916535357082771e-02
-6.9427513144291783e-02
-6.6189769229859627e-02
-6.3177752933684161e-02
-6.0366734326961359e-02
-5.7744937662082552e-02
-5.5295322351021206e-02
-5.2997337380520031e-02
-5.0844573062211705e-02
-4.8825179243680440e-02
-4.6922973078835646e-02
-4.5133650514508489e-02
-4.3448931656866419e-02
-4.1856935389907556e-02
-4.0353589374724330e-02
-3.8933449251861818e-02
-3.7587686367389635e-02
-3.6312445219830972e-02
-3.5104225814562712e-02
-3.3956393536190461e-02
-3.2865321033704195e-02
-3.1828845641608670e-02
-3.0841925430382881e-02
-2.9901179603562460e-02
-2.9005363833895664e-02
-2.8150601536498749e-02
-2.7333775004343575e-02
-2.6554265390818323e-02
-2.5809053217647773e-02
-2.5095295761383009e-02
-2.4412793334637879e-02
-2.3759158919371935e-02
-2.3131831265528698e-02
-2.2530883250422181e-02
-2.1954394814311610e-02
-2.1400087594533726e-02
-2.0868202702113668e-02
-2.0357164172140181e-02
-1.9864973885308477e-02
-1.9391966562236032e-02
-1.8936818395508443e-02
-1.8497805508547266e-02
-1.8075303030967195e-02
-1.7668170357949910e-02
-1.7274950315985488e-02
-1.6896020147977409e-02
-1.6530371597980396e-02
-1.6176802420107689e-02
-1.5835660507892622e-02
-1.5505970761696835e-02
-1.5186841931812363e-02
-1.4878583931037227e-02
-1.4580338172796310e-02
-1.4291383796052831e-02
-1.4011977351969346e-02
-1.3741298787083012e-02
-1.3478847111112319e-02
-1.3224815879909063e-02
-1.2978405728570386e-02
-1.2739325743758020e-02
-1.2761572558745774e-02
-1.3045963810791487e-02
-1.3339588894387041e-02
-1.3643197346519273e-02
-1.3956585636573031e-02
-1.4280562261741894e-02
-1.4615864861500138e-02
-1.4962221590334307e-02
-1.5320759659117033e-02
-1.5692200872015324e-02
-1.6076193989393781e-02
-1.6474249622430177e-02
-1.6886946519337632e-02
-1.7314215405761162e-02
-1.7757654200032943e-02
-1.8217770158944081e-02
-1.8694918217032872e-02
-1.9190721595500421e-02
-1.9705634147242287e-02
-2.0240526027602436e-02
-2.0797054263013683e-02
-2.1375617430610071e-02
-2.1977711574756337e-02
-2.2605041482489052e-02
-2.3257952343347259e-02
-2.3938702244565870e-02
-2.4648990876664671e-02
-2.5389341190231157e-02
-2.6162719004698534e-02
-2.6970690025751847e-02
-2.7814680556592277e-02
-2.8697867646397295e-02
-2.9621904084314813e-02
-3.0589344516204847e-02
-3.1603652699737757e-02
-3.2666628022845930e-02
-3.3782243271346470e-02
-3.4954310480132082e-02
-3.6185011163814222e-02
-3.7479971623701855e-02
-3.8843117012570046e-02
-4.0278480540096119e-02
-4.1792516542746176e-02
-4.3389824371740798e-02
-4.5076857575166468e-02
-4.6861225843419091e-02
-4.8748522446188484e-02
-5.0748403682925929e-02
-5.2869688192551945e-02
-5.5120753656346930e-02
-5.7514256675970106e-02
-6.0060971933149493e-02
-6.2774096561505649e-02
-6.5669590769322758e-02
-6.8761505931171737e-02
-7.2069798550575659e-02
-7.5614759862020320e-02
-7.9417124109701698e-02
-8.3504855977201614e-02
-8.7904932989964379e-02
-9.2649829770043310e-02
-9.7777848571254850e-02
-1.0332714294836172e-01
-1.0934801205845938e-01
-1.1589391713500297e-01
-1.2302483001054171e-01
-1.3081536323862408e-01
-1.3934491324606432e-01
-1.4871072304430752e-01
-1.5902609514526819e-01
-1.7041682486706422e-01
-1.8304244334921674e-01
-1.9708264504688364e-01
-2.1275413881555419e-01
-2.3031390032742746e-01
-2.5006704378054950e-01
-2.7240699538248003e-01
-2.9779894635485549e-01
-3.2681542495186655e-01
-3.6018228129826851e-01
-3.9879531382561900e-01
-4.4381212559190814e-01
-4.9671738148966560e-01
-5.5943840551260227e-01
-6.3455525091186593e-01
-7.2540507977050406e-01
-8.3676336396027429e-01
-9.7527623799052265e-01
-1.1504121141074475e+00
-1.3759723887267390e+00
-1.6729134097272971e+00
-2.0746994540474457e+00
-2.6345780629555891e+00
-3.4453364536819944e+00
-4.6722194156201509e+00
-6.6229152085549075e+00
-9.8479707427095597e+00
-1.4858280371448963e+01
-1.8631306904082347e+01
0.0000000000000000e+00
2.4055929233035767e-01
0.0000000000000000e+00
0.0000000000000000e+00
];
