%Vec Object:sol 1 MPI processes
%  type: mpi
sol = [
0.0000000000000000e+00
-7.8949522653300221e+01
-3.5723925849527461e+01
-1.6939290709361629e+01
-9.4495482945129083e+00
-5.9429695371415852e+00
-4.0588500043089804e+00
-2.9390919437136178e+00
-2.2226320453488446e+00
-1.7380008893919801e+00
-1.3953680419949193e+00
-1.1441518948892402e+00
-9.5489438776984348e-01
-8.0885497021690311e-01
-6.9368646995327954e-01
-6.0131236861258364e-01
-5.2619078229371430e-01
-4.6427040647442219e-01
-4.1258327528421884e-01
-3.6905564764769472e-01
-3.3206252455548990e-01
-3.0030685314594568e-01
-2.7288784769790103e-01
-2.4905117336328059e-01
-2.2817355605356918e-01
-2.0979997224251376e-01
-1.9356040442571340e-01
-1.7912708669382554e-01
-1.6623249241683952e-01
-1.5468346707013209e-01
-1.4429789321380856e-01
-1.3490626256017801e-01
-1.2640454390530265e-01
-1.1868457553844203e-01
-1.1163824525502739e-01
-1.0520108057632710e-01
-9.9307525030840310e-02
-9.3889205622983640e-02
-8.8899846809016261e-02
-8.4300129418016900e-02
-8.0045741096693213e-02
-7.6101396002922442e-02
-7.2443586125559720e-02
-6.9043088583859200e-02
-6.5871727694563842e-02
-6.2915761153315639e-02
-6.0155696485789653e-02
-5.7568270519520730e-02
-5.5145873932089570e-02
-5.2874952752358234e-02
-5.0737271445081354e-02
-4.8727679223084568e-02
-4.6836698570973986e-02
-4.5050970367795762e-02
-4.3365705492419179e-02
-4.1774639860370902e-02
-4.0267865542666988e-02
-3.8840915739801765e-02
-3.7489724928186037e-02
-3.6206859725409442e-02
-3.4988170696975775e-02
-3.3831101712156357e-02
-3.2730012016115306e-02
-3.1681075586190245e-02
-3.0682771660607087e-02
-2.9730768928876324e-02
-2.8821571417128614e-02
-2.7954363580891151e-02
-2.7125775966187267e-02
-2.6332646561315249e-02
-2.5574633031981642e-02
-2.4849075185539707e-02
-2.4153144365226264e-02
-2.3486814203547934e-02
-2.2847913731769375e-02
-2.2233901367907118e-02
-2.1644980748712891e-02
-2.1079436089807151e-02
-2.0535086022921940e-02
-2.0012199141110812e-02
-1.9509309927512822e-02
-1.9024545498020171e-02
-1.8558225762484407e-02
-1.8109093266873853e-02
-1.7675570296701040e-02
-1.7257986594794411e-02
-1.6855235094857379e-02
-1.6466018702931691e-02
-1.6090648024193185e-02
-1.5728122840778812e-02
-1.5377411456347240e-02
-1.5038785448354483e-02
-1.4711318492164140e-02
-1.4394228816114487e-02
-1.4087735731390194e-02
-1.3790961951532645e-02
-1.3503360310531141e-02
-1.3225089264168351e-02
-1.2955301741897962e-02
-1.2693670101373488e-02
-1.2692797374390415e-02
-1.2952073562019020e-02
-1.3219438245852628e-02
-1.3495585317102706e-02
-1.3780250110268752e-02
-1.4074179719370663e-02
-1.4378043660397013e-02
-1.4691502175846223e-02
-1.5015606063156443e-02
-1.5350995177718292e-02
-1.5697243034320574e-02
-1.6055762983372905e-02
-1.6427038233137948e-02
-1.6810910673726032e-02
-1.7208858215094758e-02
-1.7621277579911755e-02
-1.8048413147193538e-02
-1.8491743083617871e-02
-1.8951593608203195e-02
-1.9428692877528301e-02
-1.9924524160496154e-02
-2.0439339050854835e-02
-2.0974447134813771e-02
-2.1531346233357642e-02
-2.2110211961531574e-02
-2.2713055053290545e-02
-2.3341331921286023e-02
-2.3995359579555085e-02
-2.4677783632770376e-02
-2.5389890625877997e-02
-2.6132822663606198e-02
-2.6909371586875896e-02
-2.7720858792048945e-02
-2.8569446576579945e-02
-2.9458132881744148e-02
-3.0388320063315266e-02
-3.1363439656829355e-02
-3.2386739036128112e-02
-3.3459908474427598e-02
-3.4587839256337821e-02
-3.5773789868688878e-02
-3.7021088738743699e-02
-3.8335279005543968e-02
-3.9720131660423749e-02
-4.1181097295553089e-02
-4.2724639536160187e-02
-4.4355303033134959e-02
-4.6081323340125394e-02
-4.7910087959539445e-02
-4.9848510523400259e-02
-5.1907346168553192e-02
-5.4095530670822449e-02
-5.6424120314737182e-02
-5.8906571808053365e-02
-6.1554483812462424e-02
-6.4384684663734842e-02
-6.7414142972295518e-02
-7.0660065711927997e-02
-7.4145993471557536e-02
-7.7894357119937419e-02
-8.1932298574717011e-02
-8.6291905935624899e-02
-9.1004832968925073e-02
-9.6113242687939068e-02
-1.0166170940366369e-01
-1.0770016347096577e-01
-1.1429101678950435e-01
-1.2150032641169231e-01
-1.2940926543444467e-01
-1.3811237959796385e-01
-1.4771431976778915e-01
-1.5834833420871772e-01
-1.7016410171960389e-01
-1.8333826126642860e-01
-1.9808958753679962e-01
-2.1467747066897333e-01
-2.3342526507448344e-01
-2.5472108658352333e-01
-2.7904268808636051e-01
-3.0699631217085077e-01
-3.3932990112684558e-01
-3.7701090462050180e-01
-4.2128051807669276e-01
-4.7375070599190733e-01
-5.3658128962318741e-01
-6.1260641789689885e-01
-7.0578770109524858e-01
-8.2172015414405386e-01
-9.6836249157575260e-01
-1.1574984239575963e+00
-1.4065847378485177e+00
-1.7439727916227385e+00
-2.2151661315080742e+00
-2.8987058671237675e+00
-3.9344441821326539e+00
-5.5810134806848986e+00
-8.2907880330853487e+00
-1.2399076405349755e+01
-1.5304777860768342e+01
0.0000000000000000e+00
1.3464638167935297e-01
0.0000000000000000e+00
0.0000000000000000e+00
];
