%Vec Object:sol 1 MPI processes
%  type: mpi
sol = [
0.0000000000000000e+00
-8.2570392136446401e+01
-3.6209930943110059e+01
-1.6987559674973472e+01
-9.4443337154308296e+00
-5.9296388250668226e+00
-4.0460582174106889e+00
-2.9280849874468413e+00
-2.2132843065305794e+00
-1.7299555101614814e+00
-1.3884256589319894e+00
-1.1380720815896803e+00
-9.4951277937538803e-01
-8.0404520019027348e-01
-6.8935621911689504e-01
-5.9738302186168279e-01
-5.2260036144537336e-01
-4.6096946391377208e-01
-4.0953189586866523e-01
-3.6622125121772664e-01
-3.2941821318864550e-01
-2.9783026893142267e-01
-2.7056006021077561e-01
-2.4685312090098188e-01
-2.2609576064151088e-01
-2.0783055217524429e-01
-1.9168905502319503e-01
-1.7734487972693511e-01
-1.6453165730749786e-01
-1.5305711140059261e-01
-1.4273993613857860e-01
-1.3341139229689072e-01
-1.2496794295462997e-01
-1.1730193222973997e-01
-1.1030577240256237e-01
-1.0391530220567248e-01
-9.8065284903277691e-02
-9.2687700325431790e-02
-8.7736506062150152e-02
-8.3172577571188094e-02
-7.8951843035442934e-02
-7.5039208981552225e-02
-7.1411279598305233e-02
-6.8038996537337970e-02
-6.4894354392433157e-02
-6.1963667571680842e-02
-5.9227555054885778e-02
-5.6662911750347905e-02
-5.4262146889336720e-02
-5.2011785078948790e-02
-4.9893726701212678e-02
-4.7902827877000571e-02
-4.6029665902996814e-02
-4.4260986984825279e-02
-4.2592015978243802e-02
-4.1016521599329371e-02
-3.9524678005467322e-02
-3.8112038626730460e-02
-3.6774554522712707e-02
-3.5504856571449341e-02
-3.4298820627917052e-02
-3.3153895203901107e-02
-3.2064490010225870e-02
-3.1026808883859971e-02
-3.0039324473506920e-02
-2.9097751243447340e-02
-2.8198612423776227e-02
-2.7341098325971626e-02
-2.6521886971005340e-02
-2.5737771446911795e-02
-2.4988407426432092e-02
-2.4271134485204189e-02
-2.3583236469699058e-02
-2.2924662355045991e-02
-2.2293296893359030e-02
-2.1686669991764020e-02
-2.1104922013715402e-02
-2.0546321493556632e-02
-2.0008716446180699e-02
-1.9492356703385925e-02
-1.8995793303186369e-02
-1.8517180265447505e-02
-1.8056818888961778e-02
-1.7613466898432354e-02
-1.7185570430832280e-02
-1.6773441356375846e-02
-1.6375987084200568e-02
-1.5991930849997438e-02
-1.5621566577029228e-02
-1.5263908364604856e-02
-1.4917940926392684e-02
-1.4583920723731695e-02
-1.4260936045597387e-02
-1.3948217291799628e-02
-1.3645970504346579e-02
-1.3353333678671971e-02
-1.3069767315751584e-02
-1.2795418680723560e-02
-1.2529456960514466e-02
-1.2271557452488027e-02
-1.2265820603539158e-02
-1.2511353723391735e-02
-1.2764468771192548e-02
-1.3025826288700061e-02
-1.3295155940865382e-02
-1.3573168601697928e-02
-1.3860498464227020e-02
-1.4156800919092969e-02
-1.4463078140784987e-02
-1.4779932576254370e-02
-1.5106933961489127e-02
-1.5445431595300823e-02
-1.5795873108589854e-02
-1.6158085641993131e-02
-1.6533476239923628e-02
-1.6922405507166061e-02
-1.7325086331578719e-02
-1.7742920696459167e-02
-1.8176197286329208e-02
-1.8625591515822104e-02
-1.9092504302565243e-02
-1.9577148018417961e-02
-2.0080752576643320e-02
-2.0604726133546986e-02
-2.1149202860734677e-02
-2.1716079847627388e-02
-2.2306717719644875e-02
-2.2921380446135006e-02
-2.3562565646729539e-02
-2.4231462176707755e-02
-2.4929118011729146e-02
-2.5658159467113133e-02
-2.6419798953930040e-02
-2.7216051585956802e-02
-2.8049727518784057e-02
-2.8922105025777339e-02
-2.9836399680247309e-02
-3.0795644226128651e-02
-3.1801378060320962e-02
-3.2858193199125300e-02
-3.3969114143328323e-02
-3.5137226212332354e-02
-3.6367719560250665e-02
-3.7664085243258372e-02
-3.9031407466364729e-02
-4.0475724388129866e-02
-4.2001236486518378e-02
-4.3615646707090089e-02
-4.5325836729249253e-02
-4.7138225193021084e-02
-4.9062867251283504e-02
-5.1108071935644844e-02
-5.3284146042734438e-02
-5.5603654060247053e-02
-5.8077376725465313e-02
-6.0721032433693624e-02
-6.3550445021100493e-02
-6.6581637965043655e-02
-6.9836602724618738e-02
-7.3336245180817231e-02
-7.7105894438138936e-02
-8.1175515554139696e-02
-8.5574619057075474e-02
-9.0342599647768626e-02
-9.5521073145875157e-02
-1.0115665573480313e-01
-1.0730767897420454e-01
-1.1403584066014612e-01
-1.2141701900600724e-01
-1.2953961102504510e-01
-1.3850144477052145e-01
-1.4842719052556103e-01
-1.5945686175873430e-01
-1.7175598987196139e-01
-1.8552984547458742e-01
-2.0102092237699645e-01
-2.1853225035922572e-01
-2.3842766264739895e-01
-2.6115520511736695e-01
-2.8728368978640206e-01
-3.1751517430591791e-01
-3.5275820555909210e-01
-3.9417898301987436e-01
-4.4329286428141257e-01
-5.0213130726286803e-01
-5.7338673602885282e-01
-6.6075251008540681e-01
-7.6951734655437165e-01
-9.0718676156302258e-01
-1.0848845031540297e+00
-1.3192054679968697e+00
-1.6367604142204601e+00
-2.0808840050126007e+00
-2.7256006292539947e+00
-3.7033903940846784e+00
-5.2585637694289664e+00
-7.8126444534286161e+00
-1.1649943225218415e+01
-1.4313115522301860e+01
0.0000000000000000e+00
1.3464638167935297e-01
0.0000000000000000e+00
0.0000000000000000e+00
];
