%Vec Object:sol 1 MPI processes
%  type: mpi
sol = [
0.0000000000000000e+00
-4.2809873216348350e+01
-2.4784113768479507e+01
-1.3182407217799962e+01
-7.7035588087434572e+00
-4.9571528915562553e+00
-3.4311163124150754e+00
-2.5069396987319266e+00
-1.9075198895731087e+00
-1.4987971053944269e+00
-1.2077824571504399e+00
-9.9346945151965471e-01
-8.3137093647524718e-01
-7.0588598226546928e-01
-6.0672422970688578e-01
-5.2695277523180550e-01
-4.6195205390249261e-01
-4.0828111819147817e-01
-3.6341074272283813e-01
-3.2557109442652460e-01
-2.9337122757058148e-01
-2.6569769709661833e-01
-2.4177739590326081e-01
-2.2096728175017988e-01
-2.0272844293284589e-01
-1.8666122438013116e-01
-1.7244686880669577e-01
-1.5980219346521737e-01
-1.4849579649963637e-01
-1.3835915092700116e-01
-1.2923375702626200e-01
-1.2097566594524468e-01
-1.1349490957116516e-01
-1.0669746596244306e-01
-1.0048894950988728e-01
-9.4813510656404490e-02
-8.9614105612279810e-02
-8.4830930970052565e-02
-8.0423722278901572e-02
-7.6358294444605096e-02
-7.2595838153566253e-02
-6.9105493868000245e-02
-6.5866884046993729e-02
-6.2854397501902304e-02
-6.0043258148825079e-02
-5.7421634111657183e-02
-5.4972444775397762e-02
-5.2675118374066431e-02
-5.0523200208700048e-02
-4.8504812725603516e-02
-4.6603767190723608e-02
-4.4815724146855529e-02
-4.3132383934489288e-02
-4.1541865292675811e-02
-4.0040071594797805e-02
-3.8621541802334881e-02
-3.7277449948943706e-02
-3.6003925259413136e-02
-3.4797452403096757e-02
-3.3651400620971154e-02
-3.2562134549863238e-02
-3.1527476629354081e-02
-3.0542389127487597e-02
-2.9603488853419384e-02
-2.8709516677467017e-02
-2.7856600128231719e-02
-2.7041623377070636e-02
-2.6263952763773680e-02
-2.5520572670119892e-02
-2.4808645401925417e-02
-2.4127956471256897e-02
-2.3476122454228046e-02
-2.2850589303951532e-02
-2.2251415232523747e-02
-2.1676683592596634e-02
-2.1124124558021859e-02
-2.0593964864154664e-02
-2.0084631903192374e-02
-1.9594136695506265e-02
-1.9122800056647387e-02
-1.8669301641426852e-02
-1.8231926767812268e-02
-1.7811037370664841e-02
-1.7405496387287132e-02
-1.7013854661744970e-02
-1.6636477603039053e-02
-1.6272359318879593e-02
-1.5920305810229372e-02
-1.5580659530493172e-02
-1.5252506274911450e-02
-1.4934895854797002e-02
-1.4628129438954536e-02
-1.4331354483896013e-02
-1.4043852686689947e-02
-1.3765871623252681e-02
-1.3496597657526277e-02
-1.3235532311901881e-02
-1.2982861446879802e-02
-1.2737793007451771e-02
-1.2500036282261678e-02
-1.2518752047696145e-02
-1.2794550494157375e-02
-1.3079265783529633e-02
-1.3373627267583047e-02
-1.3677426575259220e-02
-1.3991450250723578e-02
-1.4316414293518905e-02
-1.4652042292055949e-02
-1.4999432134880673e-02
-1.5359282432054500e-02
-1.5731237776818886e-02
-1.6116770225195309e-02
-1.6516435974741860e-02
-1.6930155050196686e-02
-1.7359482354019302e-02
-1.7804901859762856e-02
-1.8266747795758456e-02
-1.8746596676262949e-02
-1.9244877776171895e-02
-1.9762427732414364e-02
-2.0300852580228970e-02
-2.0860524784954742e-02
-2.1442890502522724e-02
-2.2049598458297206e-02
-2.2680965774275686e-02
-2.3339179861715804e-02
-2.4025879820913081e-02
-2.4741552897902919e-02
-2.5489072880775801e-02
-2.6269942665300739e-02
-2.7085527502658319e-02
-2.7938900610696510e-02
-2.8831643952415782e-02
-2.9766218182214765e-02
-3.0745968249702691e-02
-3.1772612063678977e-02
-3.2849985459229875e-02
-3.3981763455997897e-02
-3.5170027918634925e-02
-3.6420215696617020e-02
-3.7736100510811936e-02
-3.9121557743786818e-02
-4.0582816571569924e-02
-4.2124293130364289e-02
-4.3752204993535541e-02
-4.5473887128601086e-02
-4.7294709333555916e-02
-4.9223991880243408e-02
-5.1270221429918134e-02
-5.3441397084621180e-02
-5.5749044912160518e-02
-5.8204078476566348e-02
-6.0819259552336656e-02
-6.3609951396632600e-02
-6.6589646782443598e-02
-6.9777556875401103e-02
-7.3193196655243375e-02
-7.6856489850257018e-02
-8.0794353311594666e-02
-8.5032717184238313e-02
-8.9602814708021478e-02
-9.4541495242288456e-02
-9.9885424635175343e-02
-1.0568299981281594e-01
-1.1198562993133586e-01
-1.1885097665117580e-01
-1.2635081963273403e-01
-1.3456149566396103e-01
-1.4357653876202242e-01
-1.5350492936844512e-01
-1.6446762540179086e-01
-1.7661809922700239e-01
-1.9012917276520325e-01
-2.0520928849958400e-01
-2.2211292128418036e-01
-2.4113561181141316e-01
-2.6265089989581042e-01
-2.8710751342288116e-01
-3.1505784801292908e-01
-3.4719822429983999e-01
-3.8436355949169149e-01
-4.2769293222227256e-01
-4.7861599975693719e-01
-5.3898885238548278e-01
-6.1129654894602004e-01
-6.9885711610400236e-01
-8.0624708714452265e-01
-9.3971607577679306e-01
-1.1084343105714767e+00
-1.3259589390704072e+00
-1.6125669296734140e+00
-2.0000240626059842e+00
-2.5409515368786275e+00
-3.3245975684433038e+00
-4.5106751128828417e+00
-6.3968225010898490e+00
-9.5155865918894307e+00
-1.4339477307573192e+01
-1.7932469203205262e+01
0.0000000000000000e+00
2.4055929233035767e-01
0.0000000000000000e+00
0.0000000000000000e+00
];
