%Vec Object:sol 1 MPI processes
%  type: mpi
sol = [
0.0000000000000000e+00
-8.0931641382789707e+01
-3.5995307593573301e+01
-1.6971700754530101e+01
-9.4491074588737494e+00
-5.9373128111988898e+00
-4.0530152069039644e+00
-2.9344188356928256e+00
-2.2187860762262188e+00
-1.7345694246105705e+00
-1.3924186395258096e+00
-1.1417769653070220e+00
-9.5269692678380513e-01
-8.0683159901336243e-01
-6.9189996723495950e-01
-5.9975455287825330e-01
-5.2481402474793237e-01
-4.6300489638024273e-01
-4.1139929325960356e-01
-3.6794540782147644e-01
-3.3101893565961910e-01
-2.9932350855369322e-01
-2.7195907762986893e-01
-2.4817887982917691e-01
-2.2735863537323175e-01
-2.0903546219862906e-01
-1.9284047987039032e-01
-1.7844683097392738e-01
-1.6558772598262683e-01
-1.5407060785522844e-01
-1.4371385352875601e-01
-1.3434837483627951e-01
-1.2587062452304870e-01
-1.1816968840812631e-01
-1.1114050118820309e-01
-1.0471937724709668e-01
-9.8840851936988910e-02
-9.3436649233417976e-02
-8.8460564854509580e-02
-8.3873340605363292e-02
-7.9630734425895813e-02
-7.5697519123174531e-02
-7.2050224933262588e-02
-6.8659679441256352e-02
-6.5497758948915991e-02
-6.2550742728428130e-02
-5.9799173869046603e-02
-5.7219837909920329e-02
-5.4805134780593304e-02
-5.2541536276723755e-02
-5.0410849646324397e-02
-4.8407928632430652e-02
-4.6523314165614421e-02
-4.4743681121775306e-02
-4.3064246235396668e-02
-4.1478756879647492e-02
-3.9977332185129284e-02
-3.8555512759677481e-02
-3.7209239160972817e-02
-3.5931099568906284e-02
-3.4716953419272369e-02
-3.3564246570536159e-02
-3.2467355515437994e-02
-3.1422464269331991e-02
-3.0428050987228526e-02
-2.9479798232390917e-02
-2.8574220866801611e-02
-2.7710500022849603e-02
-2.6885277504440974e-02
-2.6095402583838467e-02
-2.5340527991096765e-02
-2.4618002842683735e-02
-2.3925009835603063e-02
-2.3261509673891609e-02
-2.2625373898119912e-02
-2.2014113264001225e-02
-2.1427880476289598e-02
-2.0864932746591736e-02
-2.0323099992894996e-02
-1.9802644475630207e-02
-1.9302107194043055e-02
-1.8819625589157823e-02
-1.8355513072534940e-02
-1.7908518126571467e-02
-1.7477072205593153e-02
-1.7061498653299669e-02
-1.6660696034915941e-02
-1.6273375098960308e-02
-1.5899840355832081e-02
-1.5539097137634895e-02
-1.5190120108240696e-02
-1.4853175230193093e-02
-1.4527341836415006e-02
-1.4211842901398031e-02
-1.3906892734813195e-02
-1.3611619971840164e-02
-1.3325480461164470e-02
-1.3048628383617795e-02
-1.2780222984690354e-02
-1.2519937800357137e-02
-1.2516873393372036e-02
-1.2770291812452681e-02
-1.3031577773786565e-02
-1.3301410857221235e-02
-1.3579522861573167e-02
-1.3866645278714724e-02
-1.4163432256603999e-02
-1.4469540611648539e-02
-1.4786000325950194e-02
-1.5113434736575775e-02
-1.5451414104568300e-02
-1.5801324442304601e-02
-1.6163632794975860e-02
-1.6538173103422749e-02
-1.6926392732299605e-02
-1.7328671594808720e-02
-1.7745238985731122e-02
-1.8177539811137476e-02
-1.8625882395831541e-02
-1.9090970688137299e-02
-1.9574251513913184e-02
-2.0075957267422978e-02
-2.0597361675922573e-02
-2.1139922312044028e-02
-2.1703793921752274e-02
-2.2290936575650823e-02
-2.2902762917485019e-02
-2.3539563375870046e-02
-2.4203917577820422e-02
-2.4897066269334616e-02
-2.5620106790879948e-02
-2.6375756187476798e-02
-2.7165283832074918e-02
-2.7990783595916627e-02
-2.8855167384927841e-02
-2.9759777267161808e-02
-3.0707945418858743e-02
-3.1702819407248471e-02
-3.2746015420537740e-02
-3.3842287397858398e-02
-3.4994782562313843e-02
-3.6206712988237230e-02
-3.7483457630599938e-02
-3.8828652443239249e-02
-4.0247574672476388e-02
-4.1746487419026888e-02
-4.3329766961481504e-02
-4.5005398230623231e-02
-4.6780506710659399e-02
-4.8661857779985641e-02
-5.0659344890274995e-02
-5.2781751532094794e-02
-5.5039985271776316e-02
-5.7447062070963839e-02
-6.0014164570085980e-02
-6.2757569988666689e-02
-6.5693670578697808e-02
-6.8839069119735183e-02
-7.2216529031209314e-02
-7.5847699504226304e-02
-7.9758797138664045e-02
-8.3980827231716904e-02
-8.8544328644161188e-02
-9.3490044306969472e-02
-9.8861010863260851e-02
-1.0470542429819323e-01
-1.1108357247883310e-01
-1.1805920883021143e-01
-1.2571071541032955e-01
-1.3412938056445822e-01
-1.4341619729989538e-01
-1.5369983718561506e-01
-1.6512476973301640e-01
-1.7786536986679277e-01
-1.9213469222444002e-01
-2.0817972568408963e-01
-2.2631323849790408e-01
-2.4691063963584245e-01
-2.7043409205507823e-01
-2.9747017665944042e-01
-3.2873250020047085e-01
-3.6514517080173603e-01
-4.0792082262492252e-01
-4.5861601443556027e-01
-5.1931644636225571e-01
-5.9280793592094627e-01
-6.8293593536752717e-01
-7.9508724630058913e-01
-9.3678652445711619e-01
-1.1195431339411701e+00
-1.3606269264597943e+00
-1.6868797539354323e+00
-2.1428767337044041e+00
-2.8040603508128212e+00
-3.8063849579421740e+00
-5.4001025120821753e+00
-8.0182095135384657e+00
-1.1963476283506655e+01
-1.4718752268256445e+01
0.0000000000000000e+00
1.3464638167935297e-01
0.0000000000000000e+00
0.0000000000000000e+00
];
