%Vec Object:sol 1 MPI processes
%  type: mpi
sol = [
0.0000000000000000e+00
-4.0989936756864068e+01
-2.4198838767219748e+01
-1.3015827053561232e+01
-7.6393374133593994e+00
-4.9268371683950516e+00
-3.4140834551836634e+00
-2.4959495837668988e+00
-1.9007544446341325e+00
-1.4938125105997142e+00
-1.2043017086044592e+00
-9.9105643894307216e-01
-8.2960996429015688e-01
-7.0450211242813965e-01
-6.0563632448945948e-01
-5.2617305496743594e-01
-4.6140594265849455e-01
-4.0791495457298999e-01
-3.6318524704822780e-01
-3.2545653420967569e-01
-2.9334497751441618e-01
-2.6573425448224242e-01
-2.4185590505262464e-01
-2.2108095291368163e-01
-2.0287176427658241e-01
-1.8682958825475157e-01
-1.7263638998615716e-01
-1.6000964183185082e-01
-1.4871846146500264e-01
-1.3859650045151667e-01
-1.2948636031718364e-01
-1.2124103376999952e-01
-1.1377091193577825e-01
-1.0698230369642520e-01
-1.0078110888353506e-01
-9.5111689650981490e-02
-8.9917192416223202e-02
-8.5137976167345614e-02
-8.0733908032289387e-02
-7.6670918535732088e-02
-7.2910294549760113e-02
-6.9421256859492367e-02
-6.6183504202587257e-02
-6.3171485060894636e-02
-6.0360468887434522e-02
-5.7738679093681404e-02
-5.5289074515132174e-02
-5.2991103895613435e-02
-5.0838356827183809e-02
-4.8818982747192423e-02
-4.6916798789057960e-02
-4.5127500308532173e-02
-4.3442807103154422e-02
-4.1850838110941986e-02
-4.0347520580511151e-02
-3.8927409876040396e-02
-3.7581677430449281e-02
-3.6306467481787411e-02
-3.5098279767960081e-02
-3.3950479754935731e-02
-3.2859439987773797e-02
-3.1822997515947832e-02
-3.0836110504264106e-02
-2.9895398122636450e-02
-2.8999615768631255e-02
-2.8144886944863671e-02
-2.7328093988135425e-02
-2.6548617771665301e-02
-2.5803438896454148e-02
-2.5089714740748972e-02
-2.4407245334003444e-02
-2.3753643730190847e-02
-2.3126348821251412e-02
-2.2525433201710025e-02
-2.1948976878983693e-02
-2.1394701657718534e-02
-2.0862848369836314e-02
-2.0351841112857878e-02
-1.9859681947047642e-02
-1.9386705322701613e-02
-1.8931587499422774e-02
-1.8492604854164891e-02
-1.8070132309015951e-02
-1.7663029225394710e-02
-1.7269844014747623e-02
-1.6890910787836163e-02
-1.6525222441600509e-02
-1.6171607654239709e-02
-1.5830429175925715e-02
-1.5500767898854274e-02
-1.5181667373525378e-02
-1.4873438705935394e-02
-1.4575223825965730e-02
-1.4286299937988830e-02
-1.4006923409298230e-02
-1.3736274319110679e-02
-1.3473851729379066e-02
-1.3219849038397525e-02
-1.2973467032068611e-02
-1.2734414801705569e-02
-1.2756589747002372e-02
-1.3040805285575727e-02
-1.3334248190989492e-02
-1.3637667588108785e-02
-1.3950859849358085e-02
-1.4274633023718624e-02
-1.4609724309156788e-02
-1.4955861769119460e-02
-1.5314172015566231e-02
-1.5685376379854427e-02
-1.6069123539774303e-02
-1.6466923318908627e-02
-1.6879354006397857e-02
-1.7306346111731860e-02
-1.7749496675015620e-02
-1.8209312479506381e-02
-1.8686148039119971e-02
-1.9181625622049770e-02
-1.9696198581792560e-02
-2.0230736391282728e-02
-2.0786895037208639e-02
-2.1365072566594052e-02
-2.1966764007182876e-02
-2.2593673003491542e-02
-2.3246144175770124e-02
-2.3926434170322804e-02
-2.4636241443766527e-02
-2.5376088222036450e-02
-2.6148938448279639e-02
-2.6956356550162971e-02
-2.7799767589145607e-02
-2.8682346498589976e-02
-2.9605744627201315e-02
-3.0572514707358164e-02
-3.1586118076784457e-02
-3.2648352467131686e-02
-3.3763187874928956e-02
-3.4934433545595410e-02
-3.6164268968301626e-02
-3.7458316585802995e-02
-3.8820498470751127e-02
-4.0254844620721958e-02
-4.1767804786385358e-02
-4.3363974604223289e-02
-4.5049802815923266e-02
-4.6832893543546777e-02
-4.8718835455646793e-02
-5.0717277885094017e-02
-5.2837032787917453e-02
-5.5086471248523561e-02
-5.7478240675924767e-02
-6.0023107402740937e-02
-6.2734258621407232e-02
-6.5627642742834960e-02
-6.8717300178735452e-02
-7.2023172732136639e-02
-7.5565536383012138e-02
-7.9365109507744835e-02
-8.3449836202265829e-02
-8.7846673530986255e-02
-9.2588071855881512e-02
-9.7712305049054274e-02
-1.0325749776940449e-01
-1.0927391212049768e-01
-1.1581496953238168e-01
-1.2294059714988945e-01
-1.3072535269474528e-01
-1.3924857368143262e-01
-1.4860743172949856e-01
-1.5891514636990886e-01
-1.7029742049620844e-01
-1.8291366934839146e-01
-1.9694345692695803e-01
-2.1260333221446531e-01
-2.3014672901046204e-01
-2.4988500851038231e-01
-2.7220818222192211e-01
-2.9758110754150574e-01
-3.2657590465535613e-01
-3.5991791052387168e-01
-3.9850229503857043e-01
-4.4348585657125339e-01
-4.9635223799518335e-01
-5.5902745093559059e-01
-6.3408981298933820e-01
-7.2486467288684620e-01
-8.3614243523374354e-01
-9.7455629130797661e-01
-1.1495686155678257e+00
-1.3749555791299497e+00
-1.6716915650059601e+00
-2.0731829054915369e+00
-2.6326888983334147e+00
-3.4428898653040436e+00
-4.6689574405563334e+00
-6.6183482482204017e+00
-9.8412778168563193e+00
-1.4847863736826689e+01
-1.8617288893915621e+01
0.0000000000000000e+00
2.4055929233035767e-01
0.0000000000000000e+00
0.0000000000000000e+00
];
