%Vec Object:sol 1 MPI processes
%  type: mpi
sol = [
0.0000000000000000e+00
-4.0964675370616938e+01
-2.4190488768450020e+01
-1.3013349951158263e+01
-7.6383791688538452e+00
-4.9264120284604802e+00
-3.4138162097657818e+00
-2.4957932277829014e+00
-1.9006419505532965e+00
-1.4937438468780999e+00
-1.2042492331319099e+00
-9.9101558025504799e-01
-8.2958617855921502e-01
-7.0448346927342143e-01
-6.0562167613639573e-01
-5.2616156129301872e-01
-4.6139697118724160e-01
-4.0790802506466989e-01
-3.6317999094645453e-01
-3.2545265767966913e-01
-2.9334224706995177e-01
-2.6573516669493746e-01
-2.4185737595338236e-01
-2.2108289141699208e-01
-2.0287409643825585e-01
-1.8683225224036173e-01
-1.7263933364686859e-01
-1.6001282181564863e-01
-1.4872184145015463e-01
-1.3860004912253149e-01
-1.2949005114632203e-01
-1.2124484450641118e-01
-1.1377482309593702e-01
-1.0698629858803624e-01
-1.0078517332951825e-01
-9.5115811242188542e-02
-8.9921360423328697e-02
-8.5142181335981254e-02
-8.0738142289237785e-02
-7.6675174875679833e-02
-7.2914566865283331e-02
-6.9425539793011276e-02
-6.6187793141403953e-02
-6.3175775966262407e-02
-6.0364758144007977e-02
-5.7742963661921082e-02
-5.5293351750297148e-02
-5.2995371319419879e-02
-5.0842612454037935e-02
-4.8823224872447279e-02
-4.6921025722206529e-02
-4.5131710763772766e-02
-4.3447000006042180e-02
-4.1855012350125821e-02
-4.0351675327065836e-02
-3.8931544490287802e-02
-3.7585791213309683e-02
-3.6310559912534381e-02
-3.5102350509002761e-02
-3.3954528402761738e-02
-3.2863466230900709e-02
-3.1827001227452162e-02
-3.0840091492673135e-02
-2.9899356219518232e-02
-2.9003550993963068e-02
-2.8148799258741159e-02
-2.7331983320664954e-02
-2.6552484244773321e-02
-2.5807282577810689e-02
-2.5093535628413228e-02
-2.4411043619902692e-02
-2.3757419556954436e-02
-2.3130102234304055e-02
-2.2529164440113127e-02
-2.1952686135822227e-02
-2.1398389011878991e-02
-2.0866514091079470e-02
-2.0355485426213085e-02
-1.9863304955700614e-02
-1.9390307315255012e-02
-1.8935168718936236e-02
-1.8496165427161142e-02
-1.8073672546487004e-02
-1.7666549314978963e-02
-1.7273347234440611e-02
-1.6894435969938001e-02
-1.6528787651751899e-02
-1.6175178708102023e-02
-1.5834004761196761e-02
-1.5504333840474607e-02
-1.5185211434365636e-02
-1.4876961297790229e-02
-1.4578725280520850e-02
-1.4289780521841679e-02
-1.4010383514943265e-02
-1.3739714248206233e-02
-1.3477271747817252e-02
-1.3223249519945917e-02
-1.2976848247235584e-02
-1.2737777017841099e-02
-1.2760001170552277e-02
-1.3044337012081438e-02
-1.3337904646621846e-02
-1.3641453481191538e-02
-1.3954779954618676e-02
-1.4278692422744477e-02
-1.4613928385824348e-02
-1.4960215969649015e-02
-1.5318682196206728e-02
-1.5690048720597261e-02
-1.6073964277140196e-02
-1.6471939228650929e-02
-1.6884552178579610e-02
-1.7311733784424421e-02
-1.7755081687563973e-02
-1.8215102995464479e-02
-1.8692152510045825e-02
-1.9187853151970798e-02
-1.9702658616673203e-02
-2.0237438844275688e-02
-2.0793850533367946e-02
-2.1372292093915800e-02
-2.1974259249702175e-02
-2.2601456427457454e-02
-2.3254228637234961e-02
-2.3934833511840822e-02
-2.4644970352740748e-02
-2.5385161881967471e-02
-2.6158373327296074e-02
-2.6966169991385569e-02
-2.7809977785864828e-02
-2.8692973092702131e-02
-2.9616808246800529e-02
-3.0584037290590723e-02
-3.1598123218605251e-02
-3.2660864896505382e-02
-3.3776234230470138e-02
-3.4948042375729751e-02
-3.6178470208185348e-02
-3.7473142812279099e-02
-3.8835984369490130e-02
-4.0271027076531137e-02
-4.1784723823663390e-02
-4.3381672790662733e-02
-4.5068326009860854e-02
-4.6852291415552139e-02
-4.8739160826443785e-02
-5.0738588344937476e-02
-5.2859390502390510e-02
-5.5109942899615259e-02
-5.7502899239212965e-02
-6.0049031569821873e-02
-6.2761533889846274e-02
-6.5656362686982425e-02
-6.8747565878371678e-02
-7.2055095331351113e-02
-7.5599237469369612e-02
-7.9400721532244006e-02
-8.3487505710615278e-02
-8.7886561076836248e-02
-9.2630354601657375e-02
-9.7757179587798337e-02
-1.0330518047667397e-01
-1.0932464473919362e-01
-1.1586902105546858e-01
-1.2299826716424121e-01
-1.3078697832597450e-01
-1.3931453238763306e-01
-1.4867814984552202e-01
-1.5899110704138847e-01
-1.7037917014566589e-01
-1.8300183367338746e-01
-1.9703875108314936e-01
-2.1270657840515625e-01
-2.3026118105004956e-01
-2.5000963712576557e-01
-2.7234429780093672e-01
-2.9773024902394368e-01
-3.2673989036489859e-01
-3.6009891012221573e-01
-3.9870290851931511e-01
-4.4370923486036007e-01
-4.9660223175029183e-01
-5.5930880933514893e-01
-6.3440847396817968e-01
-7.2523465952068578e-01
-8.3656755176672049e-01
-9.7504920149932783e-01
-1.1501461172073881e+00
-1.3756517376460191e+00
-1.6725281050470351e+00
-2.0742212173218979e+00
-2.6339823338047155e+00
-3.4445649570457704e+00
-4.6711908196812022e+00
-6.6214751477188090e+00
-9.8458604030696559e+00
-1.4854996050299219e+01
-1.8626887138874213e+01
0.0000000000000000e+00
2.4055929233035767e-01
0.0000000000000000e+00
0.0000000000000000e+00
];
