%Vec Object:sol 1 MPI processes
%  type: mpi
sol = [
0.0000000000000000e+00
-4.0720696941603606e+01
-2.4109636294108576e+01
-1.2989344540766023e+01
-7.6290957239246637e+00
-4.9219712864046565e+00
-3.4112389826789129e+00
-2.4942873659557536e+00
-1.8995589324355462e+00
-1.4930842683158994e+00
-1.2037454779913705e+00
-9.9062364140290471e-01
-8.2934234559416364e-01
-7.0430590249804559e-01
-6.0548238418424105e-01
-5.2605249566176893e-01
-4.6131207132602808e-01
-4.0784268851527955e-01
-3.6313068522295039e-01
-3.2541656603104124e-01
-2.9331713108983742e-01
-2.6572481632901895e-01
-2.4187066430665058e-01
-2.2110278013655232e-01
-2.0289771000737875e-01
-1.8685900282313417e-01
-1.7266872547744952e-01
-1.6004444280624741e-01
-1.4875534637647431e-01
-1.3863514038151628e-01
-1.2952647669107167e-01
-1.2128239295383372e-01
-1.1381330942271647e-01
-1.0702556433626566e-01
-1.0082508392591892e-01
-9.5156248972563945e-02
-8.9962223568455901e-02
-8.5183382166656788e-02
-8.0779604327561511e-02
-7.6716831829694965e-02
-7.2956360951463059e-02
-6.9467420344444419e-02
-6.6229716618260409e-02
-6.3217704266328043e-02
-6.0406657146042583e-02
-5.7784804776584660e-02
-5.5335110133365409e-02
-5.3037023636252442e-02
-5.0884140123166041e-02
-4.8864611980078521e-02
-4.6962256409270875e-02
-4.5172773080544917e-02
-4.3487884013673692e-02
-4.1895707691940183e-02
-4.0392174369243007e-02
-3.8971841409865877e-02
-3.7625879567148642e-02
-3.6350434970833137e-02
-3.5142009303235307e-02
-3.3993967292270784e-02
-3.2902682451384786e-02
-3.1865993796226316e-02
-3.0878858776330377e-02
-2.9937896792519819e-02
-2.9041865254092698e-02
-2.8186887004201945e-02
-2.7369844044097438e-02
-2.6590119298098281e-02
-2.5844692772198582e-02
-2.5130721086301419e-02
-2.4448006344691006e-02
-2.3794161062519685e-02
-2.3166623079397510e-02
-2.2565467063316937e-02
-2.1988772520675107e-02
-2.1434260023308158e-02
-2.0902172447644154e-02
-2.0390933405169356e-02
-1.9898543642925946e-02
-1.9425339597590734e-02
-1.8969997032365023e-02
-1.8530791025138160e-02
-1.8108098406145107e-02
-1.7700777937060028e-02
-1.7307370848168042e-02
-1.6928256551591730e-02
-1.6562424503959842e-02
-1.6208672238345771e-02
-1.5867355140389911e-02
-1.5537553721103173e-02
-1.5218310914966615e-02
-1.4909939592279549e-02
-1.4611581137370244e-02
-1.4322512336145485e-02
-1.4042991103950757e-02
-1.3772196803942685e-02
-1.3509628333363789e-02
-1.3255480414627461e-02
-1.3008952939988968e-02
-1.2769755137883398e-02
-1.2792500172100206e-02
-1.3078036031591554e-02
-1.3372849385191446e-02
-1.3677692556841044e-02
-1.3992362853648544e-02
-1.4317671834164302e-02
-1.4654360185119454e-02
-1.5002156973361477e-02
-1.5362193395425515e-02
-1.5735198042648078e-02
-1.6120822442172136e-02
-1.6520577833545731e-02
-1.6934997266209180e-02
-1.7364051759952651e-02
-1.7809332170861600e-02
-1.8271347922390827e-02
-1.8750473864889920e-02
-1.9248339250496880e-02
-1.9765401088609327e-02
-2.0302533850076430e-02
-2.0861401140285840e-02
-2.1442404885885571e-02
-2.2047047562492806e-02
-2.2677041184774469e-02
-2.3332734538558109e-02
-2.4016394827462519e-02
-2.4729729546641720e-02
-2.5473266224583655e-02
-2.6249982551928144e-02
-2.7061452315402610e-02
-2.7909109668871876e-02
-2.8796145046045381e-02
-2.9724220342486181e-02
-3.0695902305054153e-02
-3.1714669997628384e-02
-3.2782333278004019e-02
-3.3902882573689563e-02
-3.5080147560760541e-02
-3.6316322556346176e-02
-3.7617058267200201e-02
-3.8986299321818581e-02
-4.0428099238581011e-02
-4.1948941355988117e-02
-4.3553448510804518e-02
-4.5248104644254057e-02
-4.7040554658362349e-02
-4.8936420910109454e-02
-5.0945403753657574e-02
-5.3076364082166254e-02
-5.5337721282939879e-02
-5.7742190086227857e-02
-6.0300597956973984e-02
-6.3026204882588879e-02
-6.5935045662305486e-02
-6.9041240973373344e-02
-7.2364840264623448e-02
-7.5926231209376652e-02
-7.9746248360491087e-02
-8.3852986560161630e-02
-8.8273552675346756e-02
-9.3040574688327410e-02
-9.8192534268379553e-02
-1.0376776761540960e-01
-1.0981680811018123e-01
-1.1639336857372704e-01
-1.2355770328598976e-01
-1.3138477136742324e-01
-1.3995434156832362e-01
-1.4936410809676398e-01
-1.5972789787444588e-01
-1.7117209026136027e-01
-1.8385694798805946e-01
-1.9796299131018766e-01
-2.1370791555304317e-01
-2.3135744865128438e-01
-2.5121841824435076e-01
-2.7366443343277957e-01
-2.9917665160743984e-01
-3.2833017864664799e-01
-3.6185410596531148e-01
-4.0064820162157488e-01
-4.4587515041295173e-01
-4.9902607080442185e-01
-5.6203657280542729e-01
-6.3749767174747141e-01
-7.2882153353447399e-01
-8.4068852863037336e-01
-9.7982689030634840e-01
-1.1557431257415869e+00
-1.3823985733777848e+00
-1.6806342317448173e+00
-2.0841887039590121e+00
-2.6465135353947691e+00
-3.4607899792901846e+00
-4.6928166562153608e+00
-6.6517419396187334e+00
-9.8901937154900228e+00
-1.4923956969337585e+01
-1.8719668735177912e+01
0.0000000000000000e+00
2.4055929233035767e-01
0.0000000000000000e+00
0.0000000000000000e+00
];
