%Vec Object:sol 1 MPI processes
%  type: mpi
sol = [
0.0000000000000000e+00
-7.2864507272764172e+01
-3.4843170810122174e+01
-1.6832313154886549e+01
-9.4489871193400035e+00
-5.9576074580815801e+00
-4.0745725125410726e+00
-2.9536250769091072e+00
-2.2350830239068102e+00
-1.7486046830515265e+00
-1.4044011667868124e+00
-1.1521491516321996e+00
-9.6192568237542808e-01
-8.1497540144152014e-01
-6.9916194347141036e-01
-6.0628990243752967e-01
-5.3074281674733015e-01
-4.6845644620058402e-01
-4.1645249161827513e-01
-3.7262619619955883e-01
-3.3536307350200123e-01
-3.0337402079161102e-01
-2.7575155124985540e-01
-2.5174311449607040e-01
-2.3071981601524683e-01
-2.1221500126128931e-01
-1.9585672232787915e-01
-1.8131559110659023e-01
-1.6832270626601162e-01
-1.5668378879916692e-01
-1.4621574066390583e-01
-1.3674816711991927e-01
-1.2817637200167062e-01
-1.2039157499028966e-01
-1.1328506348772657e-01
-1.0679194682774397e-01
-1.0084626997468854e-01
-9.5379251375079521e-02
-9.0344318329680776e-02
-8.5701899999525946e-02
-8.1407402145418833e-02
-7.7425306422427481e-02
-7.3731951748002469e-02
-7.0297920709004397e-02
-6.7094827636859380e-02
-6.4107857686832886e-02
-6.1318458514562676e-02
-5.8703233049015958e-02
-5.6254519202476878e-02
-5.3958654733281930e-02
-5.1797239919089751e-02
-4.9765094875441188e-02
-4.7852666475183402e-02
-4.6046468649833701e-02
-4.4341683204353902e-02
-4.2731998915980021e-02
-4.1207408983502454e-02
-3.9763415333887338e-02
-3.8395926370266391e-02
-3.7097431271687673e-02
-3.5863746524196841e-02
-3.4692305494352718e-02
-3.3577406364632544e-02
-3.2515186609215520e-02
-3.1504126385948343e-02
-3.0539845846789215e-02
-2.9618810916023509e-02
-2.8740215172657568e-02
-2.7900650182591379e-02
-2.7096915115469092e-02
-2.6328682552025841e-02
-2.5593260607913983e-02
-2.4887782023791070e-02
-2.4212232304311933e-02
-2.3564448842026353e-02
-2.2941893829663881e-02
-2.2344747819459183e-02
-2.1771238810180459e-02
-2.1219150736507361e-02
-2.0688775179886019e-02
-2.0178627280117004e-02
-1.9686802120636351e-02
-1.9213642682541950e-02
-1.8757873651638671e-02
-1.8317888703243423e-02
-1.7894039970421872e-02
-1.7485203206065385e-02
-1.7090056773308965e-02
-1.6708932389406884e-02
-1.6340812674409334e-02
-1.5984646030467137e-02
-1.5640723353779945e-02
-1.5308100613636785e-02
-1.4985981258516412e-02
-1.4674601728430174e-02
-1.4373066015693707e-02
-1.4080817713283299e-02
-1.3798029883173251e-02
-1.3523835326096597e-02
-1.3257903064970895e-02
-1.3264213873048644e-02
-1.3542578793543238e-02
-1.3829749285413636e-02
-1.4126465699710012e-02
-1.4432474551413877e-02
-1.4748573569142068e-02
-1.5075482108497467e-02
-1.5412871179630958e-02
-1.5761859174905565e-02
-1.6123139463531187e-02
-1.6496295702847184e-02
-1.6882830051862151e-02
-1.7283277978939686e-02
-1.7697506783404707e-02
-1.8127093539058604e-02
-1.8572489241533437e-02
-1.9033986887082823e-02
-1.9513172532177395e-02
-2.0010430101198417e-02
-2.0526566028810003e-02
-2.1063181710838496e-02
-2.1620590593705965e-02
-2.2200218397642496e-02
-2.2803693319214478e-02
-2.3431258153463284e-02
-2.4085087851676856e-02
-2.4766780510152221e-02
-2.5476738826068084e-02
-2.6217822311615818e-02
-2.6991465647623638e-02
-2.7798955680404688e-02
-2.8643326657545942e-02
-2.9526068221990276e-02
-3.0449564261011919e-02
-3.1417091499399356e-02
-3.2430247308684747e-02
-3.3492785253817610e-02
-3.4608276119267145e-02
-3.5778649998572859e-02
-3.7009243531170952e-02
-3.8303675788802012e-02
-3.9665652368676085e-02
-4.1101248922279301e-02
-4.2614674352404867e-02
-4.4211941665362089e-02
-4.5900165224146409e-02
-4.7684435793172435e-02
-4.9573803463134641e-02
-5.1576443203131539e-02
-5.3700051363300354e-02
-5.5956462595789028e-02
-5.8355604205467482e-02
-6.0909710057421393e-02
-6.3633631843623265e-02
-6.6540278938744632e-02
-6.9648222524392456e-02
-7.2976249812486904e-02
-7.6543470166885383e-02
-8.0375877515401511e-02
-8.4498362080254866e-02
-8.8940978724957959e-02
-9.3739224234335894e-02
-9.8928251573739717e-02
-1.0455469154310255e-01
-1.1066715791695303e-01
-1.1731894622310582e-01
-1.2458131194121146e-01
-1.3252739237549105e-01
-1.4124693926401688e-01
-1.5084449139273318e-01
-1.6143587941215398e-01
-1.7316834665886849e-01
-1.8620743864695874e-01
-2.0075286472721315e-01
-2.1704849468082427e-01
-2.3537725299906787e-01
-2.5609700737905106e-01
-2.7963739776540758e-01
-3.0652723133072224e-01
-3.3743725453196605e-01
-3.7319506660002355e-01
-4.1487068769672369e-01
-4.6381936967728310e-01
-5.2178867270790741e-01
-5.9119034860602460e-01
-6.7520059788401454e-01
-7.7820061513937222e-01
-9.0632707687865099e-01
-1.0682206434352282e+00
-1.2767492837938867e+00
-1.5516371780681686e+00
-1.9233352223915867e+00
-2.4422598875726904e+00
-3.1937866991716208e+00
-4.3321373437328319e+00
-6.1424881283546391e+00
-9.1306188212689001e+00
-1.3727497518684450e+01
-1.7096740079398799e+01
0.0000000000000000e+00
1.3464638167935297e-01
0.0000000000000000e+00
0.0000000000000000e+00
];
