%Vec Object:sol 1 MPI processes
%  type: mpi
sol = [
0.0000000000000000e+00
-7.2377489273914790e+01
-3.4766711704035458e+01
-1.6821593172770882e+01
-9.4473569347036914e+00
-5.9585025818968296e+00
-4.0756759981172035e+00
-2.9547796130953232e+00
-2.2358900874547860e+00
-1.7494665694948686e+00
-1.4050726529915052e+00
-1.1526917618931285e+00
-9.6246499083709791e-01
-8.1547740089734710e-01
-6.9959526481750745e-01
-6.0666996812084784e-01
-5.3108068056106605e-01
-4.6876025019193401e-01
-4.1672837333246854e-01
-3.7290123199527181e-01
-3.3564389542547574e-01
-3.0363333852549840e-01
-2.7599238317343072e-01
-2.5196791444807720e-01
-2.3093060107534266e-01
-2.1241344548165050e-01
-1.9604422861345819e-01
-1.8149334377812867e-01
-1.6849171212993205e-01
-1.5684491326311625e-01
-1.4636973040428117e-01
-1.3689566635040387e-01
-1.2831794742653491e-01
-1.2052772434727115e-01
-1.1341622094740862e-01
-1.0691850090956699e-01
-1.0096856745652243e-01
-9.5497598381183130e-02
-9.0458990825085545e-02
-8.5813148655439583e-02
-8.1515450865190867e-02
-7.7530357072961006e-02
-7.3834191240750358e-02
-7.0397517260550838e-02
-6.7191944300742060e-02
-6.4203636468516165e-02
-6.1412955111766067e-02
-5.8796442918472164e-02
-5.6346449128998249e-02
-5.4049316258463258e-02
-5.1886642566425306e-02
-4.9853256542504339e-02
-4.7939605112667413e-02
-4.6132206907703956e-02
-4.4426270413585670e-02
-4.2815132407154365e-02
-4.1288969195810071e-02
-3.9843471768741909e-02
-3.8474546047059771e-02
-3.7174674134167328e-02
-3.5939669357707982e-02
-3.4766964048423478e-02
-3.3650850844777772e-02
-3.2587463889844889e-02
-3.1575283355266638e-02
-3.0609925010073268e-02
-2.9687851338707685e-02
-2.8808256681373559e-02
-2.7967729100866621e-02
-2.7163064289630470e-02
-2.6393936113399952e-02
-2.5657649846679363e-02
-2.4951334794863739e-02
-2.4274978095203667e-02
-2.3626414787658288e-02
-2.3003103748744976e-02
-2.2405227375603458e-02
-2.1831011665284613e-02
-2.1278237429318482e-02
-2.0747198196680472e-02
-2.0236407344397050e-02
-1.9743957091459118e-02
-1.9270192384370825e-02
-1.8813836294719184e-02
-1.8373279952017350e-02
-1.7948877402413639e-02
-1.7539502858468437e-02
-1.7143832507275792e-02
-1.6762199872645912e-02
-1.6393586047403267e-02
-1.6036937673243754e-02
-1.5692547300204189e-02
-1.5359469332377636e-02
-1.5036905911656753e-02
-1.4725094943868835e-02
-1.4423138775679545e-02
-1.4130480180507016e-02
-1.3847293469024418e-02
-1.3572709680896348e-02
-1.3306397535751732e-02
-1.3313315411664948e-02
-1.3593309722834747e-02
-1.3882170193123065e-02
-1.4180641100666053e-02
-1.4488469833393101e-02
-1.4806458395813066e-02
-1.5135330341745698e-02
-1.5474757502062649e-02
-1.5825863984876360e-02
-1.6189347650015982e-02
-1.6564792901636944e-02
-1.6953709413005492e-02
-1.7356637006662356e-02
-1.7773445017882535e-02
-1.8205718889080156e-02
-1.8653914110065839e-02
-1.9118327675297087e-02
-1.9600554715415674e-02
-2.0100983903785431e-02
-2.0620428176311444e-02
-2.1160498828073502e-02
-2.1721514361596542e-02
-2.2304910186650734e-02
-2.2912325383227437e-02
-2.3544008198513846e-02
-2.4202147314632355e-02
-2.4888352598403000e-02
-2.5603033705080911e-02
-2.6349068027106022e-02
-2.7127902468122383e-02
-2.7940835773914218e-02
-2.8790922377803497e-02
-2.9679665736586477e-02
-3.0609468051057881e-02
-3.1583629169536762e-02
-3.2603762396767641e-02
-3.3673647972741819e-02
-3.4796883391841629e-02
-3.5975418278765089e-02
-3.7214626170867723e-02
-3.8518155732703230e-02
-3.9889743458575357e-02
-4.1335508940796462e-02
-4.2859696865416831e-02
-4.4468366419374641e-02
-4.6168685439393321e-02
-4.7965789127240616e-02
-4.9868794487525271e-02
-5.1885940858297529e-02
-5.4024988294548722e-02
-5.6297859877748893e-02
-5.8714563561050231e-02
-6.1287429142900932e-02
-6.4031422078155126e-02
-6.6959557894808674e-02
-7.0090549659890020e-02
-7.3443332116417251e-02
-7.7037168408335369e-02
-8.0898251508247379e-02
-8.5051670105345145e-02
-8.9527714248573129e-02
-9.4362155874173001e-02
-9.9590428929292943e-02
-1.0525952159827204e-01
-1.1141922051150313e-01
-1.1812532734579545e-01
-1.2544744884687900e-01
-1.3345942340198813e-01
-1.4225186741332757e-01
-1.5192487753595388e-01
-1.6259902604882839e-01
-1.7442325904463163e-01
-1.8756441681175973e-01
-2.0222376213509080e-01
-2.1864705075187132e-01
-2.3711939688324349e-01
-2.5800141287858402e-01
-2.8172602551533305e-01
-3.0882606659369766e-01
-3.3997735040506927e-01
-3.7601369835834464e-01
-4.1801310935998365e-01
-4.6735828454640338e-01
-5.2582735282123882e-01
-5.9576942477889760e-01
-6.8042977550769468e-01
-7.8422100114252802e-01
-9.1332316834566096e-01
-1.0765690091266089e+00
-1.2866693696788378e+00
-1.5635985899212170e+00
-1.9382227876023315e+00
-2.4608967174225662e+00
-3.2180404622995487e+00
-4.3646873676840530e+00
-6.1884286968516413e+00
-9.1987071758867778e+00
-1.3834693656445886e+01
-1.7241016745515338e+01
0.0000000000000000e+00
1.3464638167935297e-01
0.0000000000000000e+00
0.0000000000000000e+00
];
