%Vec Object:sol 1 MPI processes
%  type: mpi
sol = [
0.0000000000000000e+00
-7.3875371604685853e+01
-3.4999837585335975e+01
-1.6854133854136037e+01
-9.4506939635467706e+00
-5.9558095697099542e+00
-4.0723377788411828e+00
-2.9512805042763013e+00
-2.2333934830019246e+00
-1.7468533227160243e+00
-1.4030373626056341e+00
-1.1509071562632365e+00
-9.6072378174569928e-01
-8.1395762355588863e-01
-6.9828345018284987e-01
-6.0551940001231586e-01
-5.3004774449191916e-01
-4.6777334619596639e-01
-4.1578790041197855e-01
-3.7200603055558412e-01
-3.3479414391648910e-01
-3.0284868909060225e-01
-2.7526369298013775e-01
-2.5128775134354320e-01
-2.3029285526489993e-01
-2.1181304686514094e-01
-1.9547692907811462e-01
-1.8095555698455210e-01
-1.6798038918524627e-01
-1.5635743425618462e-01
-1.4590383516830019e-01
-1.3644940074668824e-01
-1.2788797920760778e-01
-1.2011054600922830e-01
-1.1301115790943951e-01
-1.0652490769496541e-01
-1.0058583543145755e-01
-9.5125169546974600e-02
-9.0096338277587701e-02
-8.5459771796161890e-02
-8.1170889462425705e-02
-7.7194183594565466e-02
-7.3505993943464951e-02
-7.0076914890389835e-02
-6.6878589843084535e-02
-6.3897189722743497e-02
-6.1113097796934711e-02
-5.8502892555070692e-02
-5.6058922782831005e-02
-5.3767547223645407e-02
-5.1610397190371055e-02
-4.9582298893625712e-02
-4.7673713732233856e-02
-4.5871179389147546e-02
-4.4169883485640417e-02
-4.2563523842040325e-02
-4.1042112000097233e-02
-3.9601155911428085e-02
-3.8236569022137082e-02
-3.6940854778086799e-02
-3.5709836060809803e-02
-3.4540948356307340e-02
-3.3428501031546869e-02
-3.2368638292295228e-02
-3.1359840292420754e-02
-3.0397736028778235e-02
-2.9478798374022196e-02
-2.8602219387254938e-02
-2.7764597706258855e-02
-2.6962739523588818e-02
-2.6196314836454987e-02
-2.5462637497755701e-02
-2.4758847187550427e-02
-2.4084926119413218e-02
-2.3438716437875904e-02
-2.2817687036706905e-02
-2.2222014743254380e-02
-2.1649931600572485e-02
-2.1099227856760508e-02
-2.0570191156748126e-02
-2.0061340202808760e-02
-1.9570775871289726e-02
-1.9098837167054249e-02
-1.8644252039162902e-02
-1.8205419313699511e-02
-1.7782687250253774e-02
-1.7374934716865176e-02
-1.6980844481063274e-02
-1.6600744599770595e-02
-1.6233620783071997e-02
-1.5878424997675871e-02
-1.5535444786597269e-02
-1.5203739287607054e-02
-1.4882514595508291e-02
-1.4572004176389585e-02
-1.4271315355696571e-02
-1.3979893386395895e-02
-1.3697908795327160e-02
-1.3424497952108027e-02
-1.3159330493109663e-02
-1.3164399908675210e-02
-1.3439444870224054e-02
-1.3723171676912824e-02
-1.4016312665261958e-02
-1.4318612533086843e-02
-1.4630860281456633e-02
-1.4953766691394109e-02
-1.5287001055070637e-02
-1.5631670102476878e-02
-1.5988458023465792e-02
-1.6356946899472351e-02
-1.6738623560063816e-02
-1.7134014559216978e-02
-1.7542982990784453e-02
-1.7967088846507814e-02
-1.8406773909381353e-02
-1.8862322968032648e-02
-1.9335303543584939e-02
-1.9826089813649625e-02
-2.0335474897925997e-02
-2.0865039956708631e-02
-2.1415088046185114e-02
-2.1987025062979556e-02
-2.2582456939706577e-02
-2.3201615252883535e-02
-2.3846646876541585e-02
-2.4519125806658111e-02
-2.5219440428840594e-02
-2.5950413693007317e-02
-2.6713455222330592e-02
-2.7509827453026704e-02
-2.8342523328178076e-02
-2.9213004148476697e-02
-3.0123616276914993e-02
-3.1077589090728736e-02
-3.2076487246496914e-02
-3.3124009680596110e-02
-3.4223672448813802e-02
-3.5377365526644153e-02
-3.6590349998426634e-02
-3.7866184239786563e-02
-3.9208510460949905e-02
-4.0623314281458114e-02
-4.2114731167519001e-02
-4.3688679432840223e-02
-4.5352163803035847e-02
-4.7110184026732248e-02
-4.8971654505410404e-02
-5.0944621111186729e-02
-5.3036471572184309e-02
-5.5258392716165262e-02
-5.7620682409245207e-02
-6.0135364208124993e-02
-6.2817040896945883e-02
-6.5678386236261627e-02
-6.8737659729068465e-02
-7.2013322080188999e-02
-7.5524139705818130e-02
-7.9295665920668071e-02
-8.3352346542733505e-02
-8.7723710208818209e-02
-9.2444637629763002e-02
-9.7549645447011252e-02
-1.0308455257485337e-01
-1.0909787968967533e-01
-1.1564400028151095e-01
-1.2279077136704961e-01
-1.3061013402463889e-01
-1.3919039050395274e-01
-1.4863439335641684e-01
-1.5905609175123223e-01
-1.7060037275583184e-01
-1.8343011802303402e-01
-1.9774184035147480e-01
-2.1377552806248323e-01
-2.3180959703314621e-01
-2.5219626323843664e-01
-2.7535839577632348e-01
-3.0181650835546531e-01
-3.3222766465281656e-01
-3.6737916860126135e-01
-4.0834401419424410e-01
-4.5646985089631964e-01
-5.1350630575842793e-01
-5.8179651766416796e-01
-6.6446905804479472e-01
-7.6584019202854559e-01
-8.9183702049217628e-01
-1.0510723839441845e+00
-1.2563606199670252e+00
-1.5269381482442415e+00
-1.8927063512402511e+00
-2.4036377776563129e+00
-3.1438113451107532e+00
-4.2649938818872979e+00
-6.0475993463935689e+00
-8.9896989811671819e+00
-1.3505174092502505e+01
-1.6797327810306175e+01
0.0000000000000000e+00
1.3464638167935297e-01
0.0000000000000000e+00
0.0000000000000000e+00
];
