%Vec Object:sol 1 MPI processes
%  type: mpi
sol = [
0.0000000000000000e+00
-7.3617795366590570e+01
-3.4960157294074698e+01
-1.6848610074109327e+01
-9.4507169493998244e+00
-5.9562421116623021e+00
-4.0728901687829699e+00
-2.9518656811876918e+00
-2.2338537013187580e+00
-1.7472917205185934e+00
-1.4033785690835767e+00
-1.1512706027062993e+00
-9.6102457553504128e-01
-8.1421235591804075e-01
-6.9850334547144410e-01
-6.0571229064078314e-01
-5.3022937971209483e-01
-4.6796230716596876e-01
-4.1595852719626503e-01
-3.7216141191509844e-01
-3.3493669164749379e-01
-3.0298031791355767e-01
-2.7538593767940012e-01
-2.5140185927879144e-01
-2.3039985193419929e-01
-2.1191378304496686e-01
-1.9557211737980518e-01
-1.8104579901756732e-01
-1.6806619641106640e-01
-1.5643924595910189e-01
-1.4598203009932967e-01
-1.3652430953316780e-01
-1.2796150605814252e-01
-1.2018493007054372e-01
-1.1308591095569180e-01
-1.0659708148683232e-01
-1.0065540399716016e-01
-9.5192325588018781e-02
-9.0161255278065455e-02
-8.5522607048539756e-02
-8.1231783313392258e-02
-7.7253262440604972e-02
-7.3563374476334625e-02
-7.0132702491819507e-02
-6.6932878860066658e-02
-6.3950068975287169e-02
-6.1164648529463093e-02
-5.8553186615271431e-02
-5.6108029276711421e-02
-5.3815530007209247e-02
-5.1657312368281250e-02
-4.9628201031777633e-02
-4.7718653761594725e-02
-4.5915202305939942e-02
-4.4213032824346944e-02
-4.2605840872997944e-02
-4.1083633408454868e-02
-3.9641916872260215e-02
-3.8276603447241681e-02
-3.6980193011662214e-02
-3.5748506846015757e-02
-3.4578979904892879e-02
-3.3465918757672686e-02
-3.2405465925337426e-02
-3.1396101562679156e-02
-3.0433452453382085e-02
-2.9513989730871614e-02
-2.8636905835435669e-02
-2.7798797634919839e-02
-2.6996469563388310e-02
-2.6229592266336650e-02
-2.5495478160394696e-02
-2.4791265187390880e-02
-2.4116936387040516e-02
-2.3470332714005327e-02
-2.2848921382813414e-02
-2.2252880156248215e-02
-2.1680440064414219e-02
-2.1129389772696915e-02
-2.0600017914933755e-02
-2.0090842300912619e-02
-1.9599962354186474e-02
-1.9127718078857405e-02
-1.8672836606188400e-02
-1.8233715470057650e-02
-1.7810703903844958e-02
-1.7402679994552687e-02
-1.7008325404447737e-02
-1.6627969110981116e-02
-1.6260596049138040e-02
-1.5905157290917953e-02
-1.5561941222926182e-02
-1.5230006187759781e-02
-1.4908557615949307e-02
-1.4597829722029207e-02
-1.4296928994551593e-02
-1.4005300269892919e-02
-1.3723114713191396e-02
-1.3449507797534722e-02
-1.3184149005712397e-02
-1.3189532209150900e-02
-1.3465414378987579e-02
-1.3750009631758681e-02
-1.4044052326508322e-02
-1.4347287624753520e-02
-1.4660506730180153e-02
-1.4984422588619107e-02
-1.5318704931933337e-02
-1.5664463432789322e-02
-1.6022384599599156e-02
-1.6392050918819935e-02
-1.6774953087614345e-02
-1.7171619913510888e-02
-1.7581915558710984e-02
-1.8007404326091932e-02
-1.8448530329163840e-02
-1.8905580434453503e-02
-1.9380126842794561e-02
-1.9872546199002018e-02
-2.0383634989323576e-02
-2.0914979485014595e-02
-2.1466885374084192e-02
-2.2040763562333653e-02
-2.2638225607892127e-02
-2.3259505930744592e-02
-2.3906758497671755e-02
-2.4581563397001724e-02
-2.5284312640900954e-02
-2.6017838415388385e-02
-2.6783556682075098e-02
-2.7582736053841619e-02
-2.8418379911417570e-02
-2.9291956727669721e-02
-3.0205822354633836e-02
-3.1163218138340578e-02
-3.2165717017027202e-02
-3.3217031737441359e-02
-3.4320692194728795e-02
-3.5478598521814175e-02
-3.6696030902268681e-02
-3.7976563067550831e-02
-3.9323853266408929e-02
-4.0743909883934996e-02
-4.2240886970841655e-02
-4.3820726794740326e-02
-4.5490461818566363e-02
-4.7255114658898728e-02
-4.9123632924610278e-02
-5.1104092937607100e-02
-5.3204093366776624e-02
-5.5435333417509475e-02
-5.7807616356022072e-02
-6.0333034003488752e-02
-6.3026276564103895e-02
-6.5899678079261434e-02
-6.8971153062299215e-02
-7.2259865349885155e-02
-7.5784713875051105e-02
-7.9571356907130728e-02
-8.3644344880753466e-02
-8.8033330424374515e-02
-9.2773339313186279e-02
-9.7899036296831152e-02
-1.0345642988402892e-01
-1.0949424481823834e-01
-1.1606708395536897e-01
-1.2324308559463953e-01
-1.3109449372940440e-01
-1.3970997764682555e-01
-1.4919281692212372e-01
-1.5965743728259024e-01
-1.7124932257994249e-01
-1.8413202929152894e-01
-1.9850288004389152e-01
-2.1460284657770348e-01
-2.3271148730937802e-01
-2.5318245049093663e-01
-2.7644032141571639e-01
-3.0300771624266015e-01
-3.3354758330299167e-01
-3.6886703241386287e-01
-4.1000273325055758e-01
-4.5832866091964775e-01
-5.1560134085006570e-01
-5.8417305962826382e-01
-6.6718447700256267e-01
-7.6896834187727303e-01
-8.9553271779105259e-01
-1.0554131129930728e+00
-1.2615231324072320e+00
-1.5332606676315215e+00
-1.9004651595938202e+00
-2.4134956023318952e+00
-3.1564821396494809e+00
-4.2820291551737446e+00
-6.0716929307249492e+00
-9.0255212024425475e+00
-1.3561754371988426e+01
-1.6873555124612782e+01
0.0000000000000000e+00
1.3464638167935297e-01
0.0000000000000000e+00
0.0000000000000000e+00
];
