%Vec Object:sol 1 MPI processes
%  type: mpi
sol = [
0.0000000000000000e+00
-4.0673732841950176e+01
-2.4094027085636430e+01
-1.2984703805461541e+01
-7.6272999682265246e+00
-4.9210740226340368e+00
-3.4107413400013775e+00
-2.4939967821704259e+00
-1.8993500170958408e+00
-1.4929571491627700e+00
-1.2036484178191191e+00
-9.9054814260528612e-01
-8.2928278416830348e-01
-7.0427188375422101e-01
-6.0545574905033794e-01
-5.2603168733942118e-01
-4.6129591826623584e-01
-4.0783030150434135e-01
-3.6312138209203976e-01
-3.2540980314264878e-01
-2.9331247663686383e-01
-2.6572192927745419e-01
-2.4186904578246790e-01
-2.2110680848700451e-01
-2.0290244922087716e-01
-1.8686433980975450e-01
-1.7267456494873143e-01
-1.6005070561486789e-01
-1.4876196626324253e-01
-1.3864206028412646e-01
-1.2953364831981029e-01
-1.2128977582838321e-01
-1.1382086815284329e-01
-1.0703326863898809e-01
-1.0083290809133166e-01
-9.5164170541086640e-02
-8.9970223152795889e-02
-8.5191443052158644e-02
-8.0787711960705000e-02
-7.6724973614501479e-02
-7.2964525914471098e-02
-6.9475598871680852e-02
-6.6237900467799246e-02
-6.3225886231997569e-02
-6.0414830774230377e-02
-5.7792964681413476e-02
-5.5343251642447536e-02
-5.3045142352050254e-02
-5.0892232568026954e-02
-4.8872675184496436e-02
-4.6970287399695845e-02
-4.5180769640067751e-02
-4.3495844308826519e-02
-4.1903629797397049e-02
-4.0400056885286521e-02
-3.8979683283680941e-02
-3.7633679617570304e-02
-3.6358192346082577e-02
-3.5149723490352169e-02
-3.4001637641885074e-02
-3.2910308481055486e-02
-3.1873575367288499e-02
-3.0886395619325744e-02
-2.9945388675330906e-02
-2.9049312297153639e-02
-2.8194289208137605e-02
-2.7377201347500373e-02
-2.6597431999507714e-02
-2.5851961062532999e-02
-2.5137945020406956e-02
-2.4455186341836587e-02
-2.3801297444867375e-02
-2.3173715981665149e-02
-2.2572516984571342e-02
-2.1995779870006577e-02
-2.1441224990953127e-02
-2.0909095583191092e-02
-2.0397815171199696e-02
-1.9905384269388916e-02
-1.9432139663584612e-02
-1.8976757028496227e-02
-1.8537511214249142e-02
-1.8114779378241984e-02
-1.7707420191314254e-02
-1.7313974667218599e-02
-1.6934822532666406e-02
-1.6568953139789920e-02
-1.6215163831183307e-02
-1.5873810283536589e-02
-1.5543972889328928e-02
-1.5224694428543529e-02
-1.4916288035218521e-02
-1.4617894957552812e-02
-1.4328791871283161e-02
-1.4049236925122294e-02
-1.3778409325208671e-02
-1.3515807910163208e-02
-1.3261627602655908e-02
-1.3015068114226066e-02
-1.2775838672483794e-02
-1.2798675427266338e-02
-1.3084431761775744e-02
-1.3379473720521005e-02
-1.3684554149874302e-02
-1.3999470491463890e-02
-1.4325034854452892e-02
-1.4661988466474218e-02
-1.5010060458908500e-02
-1.5370382852751184e-02
-1.5743681333300532e-02
-1.6129605631281119e-02
-1.6529672697175792e-02
-1.6944465227348281e-02
-1.7373915927054222e-02
-1.7819634621978140e-02
-1.8282132936706379e-02
-1.8761738642959259e-02
-1.9260042719351299e-02
-1.9777557789485506e-02
-2.0315145892438310e-02
-2.0874488462351490e-02
-2.1455988105162790e-02
-2.2061148602547351e-02
-2.2691683437010234e-02
-2.3347942123445087e-02
-2.4032193717201927e-02
-2.4746147298059046e-02
-2.5490331322681598e-02
-2.6267725893083065e-02
-2.7079906436090751e-02
-2.7928308698777809e-02
-2.8816125832941353e-02
-2.9745021582138591e-02
-3.0717565149819593e-02
-3.1737238707636596e-02
-3.2805854237713851e-02
-3.3927405749480770e-02
-3.5105726500366835e-02
-3.6343013404800631e-02
-3.7644922125078376e-02
-3.9015401242470757e-02
-4.0458508396947646e-02
-4.1980732814993559e-02
-4.3586702099429178e-02
-4.5282906360709092e-02
-4.7076997648508694e-02
-4.8974604221874267e-02
-5.0985435378041594e-02
-5.3118360585853931e-02
-5.5381807695998909e-02
-5.7788503237759047e-02
-6.0349285387410523e-02
-6.3077426888464128e-02
-6.5988977678870658e-02
-6.9098072498434721e-02
-7.2424779659389704e-02
-7.5989506405573323e-02
-7.9813107643909184e-02
-8.3923704630826379e-02
-8.8348430478096096e-02
-9.3119944287277420e-02
-9.8276764134533123e-02
-1.0385726327702878e-01
-1.0991202262249194e-01
-1.1649480603780864e-01
-1.2366592510781366e-01
-1.3150040926922280e-01
-1.4007810280772848e-01
-1.4949679146901657e-01
-1.5987040856298182e-01
-1.7132545192666584e-01
-1.8402233272512639e-01
-1.9814173868309462e-01
-2.1390156593951690e-01
-2.3156778599143577e-01
-2.5144939689885248e-01
-2.7391973863861652e-01
-2.9945635395393433e-01
-3.2863768058999709e-01
-3.6219346683700587e-01
-4.0102428512962862e-01
-4.4629384991013843e-01
-4.9949458708680811e-01
-5.6256378512741423e-01
-6.3809467951121313e-01
-7.2951472449591104e-01
-8.4148484122907785e-01
-9.8074997813382647e-01
-1.1568243526223074e+00
-1.3837018525669578e+00
-1.6821997772712052e+00
-2.0861014117008341e+00
-2.6489331186570548e+00
-3.4639221766794051e+00
-4.6969902658337901e+00
-6.6575811791571757e+00
-9.8987421893337615e+00
-1.4937246611636770e+01
-1.8737544930157252e+01
0.0000000000000000e+00
2.4055929233035767e-01
0.0000000000000000e+00
0.0000000000000000e+00
];
