%Vec Object:sol 1 MPI processes
%  type: mpi
sol = [
0.0000000000000000e+00
-5.0433809254380321e+01
-2.6255793429972719e+01
-1.3098214058746079e+01
-7.3445858381322697e+00
-4.5635201636486027e+00
-3.0552324050657127e+00
-2.1592449543567440e+00
-1.5890574690475294e+00
-1.2066228235349321e+00
-9.3930598563487844e-01
-7.4584791041582232e-01
-6.0192221502432974e-01
-4.9243448561963254e-01
-4.0745300963096392e-01
-3.4038196456889835e-01
-2.8670504157462406e-01
-2.4318754825147365e-01
-2.0748399349188271e-01
-1.7793428806654460e-01
-1.5326144515455309e-01
-1.3247139670605676e-01
-1.1485037876689584e-01
-9.9821595155050305e-02
-8.6917779246407575e-02
-7.5784734921816338e-02
-6.6139287003111405e-02
-5.7742093558781307e-02
-5.0399971393975368e-02
-4.3964163550629404e-02
-3.8303987235883546e-02
-3.3306173447126219e-02
-2.8888695717036738e-02
-2.4976140700078430e-02
-2.1500903526903939e-02
-1.8414420281750620e-02
-1.5672617396770248e-02
-1.3235971502130456e-02
-1.1075073113533970e-02
-9.1669035141483356e-03
-7.4909849937334653e-03
-6.0344522493650946e-03
-4.7925396740788303e-03
-3.7642803734369004e-03
-2.9514649201344816e-03
-2.3568664500076874e-03
-1.9633118907187914e-03
-1.7252725197211109e-03
-1.5932314565415362e-03
-1.5217340282839269e-03
-1.4778497209840902e-03
-1.4494203478871237e-03
-1.4287024382531801e-03
-1.4092791472274668e-03
-1.3913544090361797e-03
-1.3746333429518816e-03
-1.3569372127379541e-03
-1.3390418093202319e-03
-1.3216383154503446e-03
-1.3034815554554911e-03
-1.2848915214227854e-03
-1.2667282290122785e-03
-1.2481629256522321e-03
-1.2291594676323730e-03
-1.2105921967595003e-03
-1.1918851257359450e-03
-1.1727901782824959e-03
-1.1541439402025196e-03
-1.1355348235919356e-03
-1.1166049618449711e-03
-1.0981296327914397e-03
-1.0798049179103317e-03
-1.0612298032848337e-03
-1.0431078109522963e-03
-1.0252045387396113e-03
-1.0071184651997455e-03
-9.8947801667799689e-04
-9.7209222434741210e-04
-9.5458587541282771e-04
-9.3751297329706267e-04
-9.2070801529216804e-04
-9.0383848443042840e-04
-8.8738684243733527e-04
-8.7120063107057864e-04
-8.5499951874695073e-04
-8.3919845412906821e-04
-8.2364943650676170e-04
-8.0812925166019256e-04
-7.9298986659760533e-04
-7.7808182388038234e-04
-7.6324055765695674e-04
-7.4875986480922715e-04
-7.3448510220949889e-04
-7.2031114486038981e-04
-7.0647786043354522e-04
-6.9282207315389825e-04
-6.7929645896491818e-04
-6.6609144791567824e-04
-6.5303386465927888e-04
-6.4013217369250641e-04
-6.4020362673106960e-04
-6.5306559780305574e-04
-6.6611073147968393e-04
-6.7946153528878326e-04
-6.9290146597048854e-04
-7.0656159765875969e-04
-7.2053388562140508e-04
-7.3455505354019324e-04
-7.4883603409432958e-04
-7.6343239880434933e-04
-7.7802512719079295e-04
-7.9291959362958429e-04
-8.0808600695292420e-04
-8.2326528686110247e-04
-8.3874806245018592e-04
-8.5443631519869113e-04
-8.7016854282176361e-04
-8.8619068856605457e-04
-9.0233230087807673e-04
-9.1854742102821796e-04
-9.3502861769464182e-04
-9.5151864280876796e-04
-9.6810880685520284e-04
-9.8492775659395852e-04
-1.0016133813291386e-03
-1.0184217523642532e-03
-1.0353788048600874e-03
-1.0520711438274319e-03
-1.0688782987778743e-03
-1.0856498508539931e-03
-1.1021388448704415e-03
-1.1186469371980068e-03
-1.1348820222996834e-03
-1.1508048157307686e-03
-1.1666204795470700e-03
-1.1818596366889105e-03
-1.1967458854022445e-03
-1.2113468105160545e-03
-1.2250211381799926e-03
-1.2382805801228315e-03
-1.2508713988312980e-03
-1.2624288971174145e-03
-1.2733526251759669e-03
-1.2831343438723332e-03
-1.2917923275416879e-03
-1.2995847804856931e-03
-1.3056678720858961e-03
-1.3106045919307732e-03
-1.3142800093810059e-03
-1.3159815543285435e-03
-1.3164857500108939e-03
-1.3152061640793944e-03
-1.3121063054684547e-03
-1.3078473984218240e-03
-1.3013047949645420e-03
-1.2934996828459628e-03
-1.2845828331404280e-03
-1.2735734903099821e-03
-1.2621529066437361e-03
-1.2495329786910644e-03
-1.2360553925280288e-03
-1.2231973889557316e-03
-1.2088499775335341e-03
-1.1955286169547175e-03
-1.1835106717507551e-03
-1.1742173480864711e-03
-1.1905414440405264e-03
-1.3661485572219443e-03
-2.3325966019552818e-03
-5.0298543317041826e-03
-9.2790210227961956e-03
-1.4708448545914299e-02
-2.1285823382075391e-02
-2.9120234404342367e-02
-3.8399733608524757e-02
-4.9376517351807987e-02
-6.2377822352754450e-02
-7.7816736919907745e-02
-9.6215834326475472e-02
-1.1824482977755670e-01
-1.4475794521471255e-01
-1.7686868557880397e-01
-2.1603585235466896e-01
-2.6419202787685486e-01
-3.2395406004887678e-01
-3.9889128017326531e-01
-4.9399273395481236e-01
-6.1635995006314037e-01
-7.7631851288178400e-01
-9.8924177296467652e-01
-1.2787838685616457e+00
-1.6830088296194214e+00
-2.2645052137391786e+00
-3.1323792431172017e+00
-4.4846781293922833e+00
-6.6979372738005321e+00
-1.0480796544579116e+01
-1.6679945157249342e+01
-2.2091098383069788e+01
0.0000000000000000e+00
2.4055929233035767e-01
0.0000000000000000e+00
0.0000000000000000e+00
];
