%Vec Object:sol 1 MPI processes
%  type: mpi
sol = [
0.0000000000000000e+00
-7.2019822779030306e+01
-3.4710169342903782e+01
-1.6813656213090656e+01
-9.4461557393395008e+00
-5.9591739481505783e+00
-4.0765022655037040e+00
-2.9555636282417401e+00
-2.2364960186366853e+00
-1.7500659464310815e+00
-1.4055749598962830e+00
-1.1530971402351793e+00
-9.6280193039920114e-01
-8.1585173523149401e-01
-6.9991829752962065e-01
-6.0695323878073271e-01
-5.3133245706100474e-01
-4.6898661976793043e-01
-4.1693392220152525e-01
-3.7308946035500540e-01
-3.3581973092515194e-01
-3.0382104060538495e-01
-2.7617175192899679e-01
-2.5213531009731993e-01
-2.3108753315377048e-01
-2.1256116645793707e-01
-1.9618378784560397e-01
-1.8162562676732283e-01
-1.6861747136572725e-01
-1.5696479547913955e-01
-1.4648429343107330e-01
-1.3700539123669589e-01
-1.2842325734747134e-01
-1.2062899088619619e-01
-1.1351376807817429e-01
-1.0701261854257198e-01
-1.0105951431150736e-01
-9.5585602767745817e-02
-9.0544258524299398e-02
-8.5895866583718922e-02
-8.1595785929005168e-02
-7.7608459718715411e-02
-7.3910200734213644e-02
-7.0471559493989963e-02
-6.7264131957470233e-02
-6.4274076044256320e-02
-6.1481744162917719e-02
-5.8863667535192399e-02
-5.6412192573331112e-02
-5.4113655613182307e-02
-5.1949645314107062e-02
-4.9914988468922658e-02
-4.8000130557367307e-02
-4.6191575182458054e-02
-4.4484507410795328e-02
-4.2872615784491974e-02
-4.1345884627861602e-02
-3.9899816511402883e-02
-3.8530320739733510e-02
-3.7229879020199370e-02
-3.5994306550103460e-02
-3.4821038683322515e-02
-3.3704365987340813e-02
-3.2640425374233860e-02
-3.1627709662200486e-02
-3.0661818481966054e-02
-2.9739140442022478e-02
-2.8858828275037864e-02
-2.8017583881730486e-02
-2.7212226699363105e-02
-2.6442431553021520e-02
-2.5705501600689320e-02
-2.4998563589058144e-02
-2.4321605872762740e-02
-2.3672461739518352e-02
-2.3048587596304543e-02
-2.2450167214974313e-02
-2.1875425101908683e-02
-2.1322139743384167e-02
-2.0790606118772322e-02
-2.0279336292600127e-02
-1.9786420351694173e-02
-1.9312204705628781e-02
-1.8855411224326189e-02
-1.8414429142701791e-02
-1.7989613930532736e-02
-1.7579838653894248e-02
-1.7183777880853544e-02
-1.6801766479074436e-02
-1.6432784404922678e-02
-1.6075776990527382e-02
-1.5731038015794754e-02
-1.5397620720372825e-02
-1.5074726274367610e-02
-1.4762593673322720e-02
-1.4460324039902845e-02
-1.4167359538046558e-02
-1.3883875406419109e-02
-1.3609001375178776e-02
-1.3342405938348611e-02
-1.3349773346390219e-02
-1.3630976198077375e-02
-1.3921090097555731e-02
-1.4220862233426348e-02
-1.4530040634191410e-02
-1.4849430473087052e-02
-1.5179758414179224e-02
-1.5520696888850178e-02
-1.5873374241784689e-02
-1.6238491658274457e-02
-1.6615634086706344e-02
-1.7006316770466413e-02
-1.7411082754031693e-02
-1.7829802872573901e-02
-1.8264068770250916e-02
-1.8714339260331680e-02
-1.9180914291968183e-02
-1.9665395718029575e-02
-2.0168175721770088e-02
-2.0690072049052197e-02
-2.1232703325809569e-02
-2.1796391789159254e-02
-2.2382580021481403e-02
-2.2992915159556156e-02
-2.3627649475177814e-02
-2.4288981817238493e-02
-2.4978530762274964e-02
-2.5696711102799832e-02
-2.6446413470419424e-02
-2.7229093807752514e-02
-2.8046059657719766e-02
-2.8900380395002881e-02
-2.9793569688079304e-02
-3.0728043284404087e-02
-3.1707118142758915e-02
-3.2732419341987902e-02
-3.3807746859062335e-02
-3.4936717945985539e-02
-3.6121296657820483e-02
-3.7366883834376613e-02
-3.8677150020007975e-02
-4.0055854550433513e-02
-4.1509149522226695e-02
-4.3041306070783089e-02
-4.4658417532045754e-02
-4.6367691287567118e-02
-4.8174295376869618e-02
-5.0087396289484998e-02
-5.2115280948847542e-02
-5.4265756490316834e-02
-5.6550811380584438e-02
-5.8980513174514852e-02
-6.1567262578505935e-02
-6.4326109140916854e-02
-6.7270146821373833e-02
-7.0418193559140932e-02
-7.3789293116793220e-02
-7.7402822249953596e-02
-8.1285121030919366e-02
-8.5461424746341552e-02
-8.9962197196234051e-02
-9.4823413583989491e-02
-1.0008071535799289e-01
-1.0578135632888733e-01
-1.1197540899247478e-01
-1.1871899629812124e-01
-1.2608211896644836e-01
-1.3413904013698111e-01
-1.4298087632938805e-01
-1.5271376336869164e-01
-1.6345533907104282e-01
-1.7535214168739341e-01
-1.8856876289956864e-01
-2.0331232742340097e-01
-2.1982998305580961e-01
-2.3840845994852156e-01
-2.5941039579249003e-01
-2.8327114231241030e-01
-3.1052650008402849e-01
-3.4185602120124992e-01
-3.7809811516451713e-01
-4.2033666325423918e-01
-4.6996185353209369e-01
-5.2877856106665344e-01
-5.9915475192642864e-01
-6.8429493123380636e-01
-7.8866997995176502e-01
-9.1849189638258710e-01
-1.0826437547427954e+00
-1.2939960981684029e+00
-1.5724289506782407e+00
-1.9492099962147276e+00
-2.4746423753976963e+00
-3.2359192342267180e+00
-4.3886636496928073e+00
-6.2222394672931678e+00
-9.2487545389527792e+00
-1.3913385132729420e+01
-1.7346881726113743e+01
0.0000000000000000e+00
1.3464638167935297e-01
0.0000000000000000e+00
0.0000000000000000e+00
];
