%Vec Object:sol 1 MPI processes
%  type: mpi
sol = [
0.0000000000000000e+00
-4.2662071949724876e+01
-2.4738672408042010e+01
-1.3169428101432128e+01
-7.6986954936871159e+00
-4.9547905336654692e+00
-3.4298542793595459e+00
-2.5062419340574502e+00
-1.9070307086607277e+00
-1.4984419462588139e+00
-1.2075872154899225e+00
-9.9332537843545510e-01
-8.3126423869985533e-01
-7.0580725365659169e-01
-6.0667004590687601e-01
-5.2694155221718575e-01
-4.6194996531144117e-01
-4.0828622348153443e-01
-3.6342157010699355e-01
-3.2558648237160992e-01
-2.9339026537072488e-01
-2.6571967580645772e-01
-2.4180173754641696e-01
-2.2099352015077489e-01
-2.0275620493264360e-01
-1.8669020335453959e-01
-1.7247681122101341e-01
-1.5983289214048368e-01
-1.4852707660532899e-01
-1.3839267092180832e-01
-1.2927189884588930e-01
-1.2101468770703291e-01
-1.1353364095380820e-01
-1.0673587793051617e-01
-1.0052701868996017e-01
-9.4851219497904149e-02
-8.9651441272877400e-02
-8.4867883308152287e-02
-8.0460284441004087e-02
-7.6394462776054911e-02
-7.2631610302419380e-02
-6.9140868796779095e-02
-6.5901863318880455e-02
-6.2888983379130167e-02
-6.0077452675407858e-02
-5.7455441763004336e-02
-5.5005870541927515e-02
-5.2708165809915462e-02
-5.0555875339162407e-02
-4.8537121948185415e-02
-4.6635715003635551e-02
-4.4847317148058327e-02
-4.3163629058549625e-02
-4.1572767773335684e-02
-4.0070637970130087e-02
-3.8651779136355778e-02
-3.7307363834806269e-02
-3.6033521938477760e-02
-3.4826738828528048e-02
-3.3680382502714684e-02
-3.2590817719123248e-02
-3.1555867790940856e-02
-3.0570493947344190e-02
-2.9631312712679558e-02
-2.8737065958804403e-02
-2.7883880348669662e-02
-2.7068639470331089e-02
-2.6290710756003019e-02
-2.5547077863294937e-02
-2.4834902304752299e-02
-2.4153970743312606e-02
-2.3501899140851507e-02
-2.2876132524627456e-02
-2.2276730284898301e-02
-2.1701775239623619e-02
-2.1148996570651186e-02
-2.0618622191429306e-02
-2.0109079011309785e-02
-1.9618377049902852e-02
-1.9146838275838136e-02
-1.8693141887713243e-02
-1.8255572242535816e-02
-1.7834492382252737e-02
-1.7428764792382645e-02
-1.7036939437514161e-02
-1.6659382769023064e-02
-1.6295088427518395e-02
-1.5942861650833879e-02
-1.5603045854779214e-02
-1.5274726335237528e-02
-1.4956952286569434e-02
-1.4650025746344325e-02
-1.4353093624512351e-02
-1.4065437172089025e-02
-1.3787304729311051e-02
-1.3517882053431435e-02
-1.3256670412493850e-02
-1.3003856317781570e-02
-1.2758647036485871e-02
-1.2520751812458389e-02
-1.2539749601390286e-02
-1.2816267090973997e-02
-1.3101727609889700e-02
-1.3396862194951680e-02
-1.3701462809723668e-02
-1.4016317828311897e-02
-1.4342145043897876e-02
-1.4678668343009623e-02
-1.5026988066600104e-02
-1.5387804732929023e-02
-1.5760763184160240e-02
-1.6147338705997414e-02
-1.6548089325248098e-02
-1.6962935864079980e-02
-1.7393436810328750e-02
-1.7840078004745970e-02
-1.8303195313747446e-02
-1.8784369120214625e-02
-1.9284030648485617e-02
-1.9803019245524352e-02
-2.0342945142946500e-02
-2.0904182852926376e-02
-2.1488182605335655e-02
-2.2096597709112192e-02
-2.2729747459541837e-02
-2.3389825067274536e-02
-2.4078474547054151e-02
-2.4796185919482187e-02
-2.5545840525850946e-02
-2.6328946299059911e-02
-2.7146873355693588e-02
-2.8002703387262566e-02
-2.8898023992302763e-02
-2.9835303400553917e-02
-3.0817896196342030e-02
-3.1847526730233854e-02
-3.2928041927334548e-02
-3.4063127852445627e-02
-3.5254874216598578e-02
-3.6508733249604665e-02
-3.7828490811322321e-02
-3.9218034799638257e-02
-4.0683612487182809e-02
-4.2229655124789121e-02
-4.3862399002989882e-02
-4.5589202242446759e-02
-4.7415449599361045e-02
-4.9350482360921828e-02
-5.1402816659712483e-02
-5.3580533582925964e-02
-5.5895872166232055e-02
-5.8359217010478068e-02
-6.0983371300949274e-02
-6.3783327901822437e-02
-6.6772174190771458e-02
-6.9969884584758182e-02
-7.3396034470965585e-02
-7.7070610144187285e-02
-8.1020610141317104e-02
-8.5272045242390224e-02
-8.9856244468638463e-02
-9.4810169304622743e-02
-1.0017059907896432e-01
-1.0598607694932329e-01
-1.1230816857199567e-01
-1.1919471101904307e-01
-1.2671769962755969e-01
-1.3495370195730763e-01
-1.4399653203449991e-01
-1.5395549542636716e-01
-1.6495191109495266e-01
-1.7713970460394696e-01
-1.9069220777845161e-01
-2.0581847424609315e-01
-2.2277372014551747e-01
-2.4185434351801738e-01
-2.6343495895491109e-01
-2.8796557739429063e-01
-3.1600016177874329e-01
-3.4824121696635674e-01
-3.8553384718763895e-01
-4.2899383012553721e-01
-4.8006937483062545e-01
-5.4062164173145943e-01
-6.1314239370083590e-01
-7.0095847809062095e-01
-8.0865841189024001e-01
-9.4255341524116243e-01
-1.1117517897323608e+00
-1.3298850135760372e+00
-1.6173510312311357e+00
-2.0058588183889343e+00
-2.5483168183198539e+00
-3.3340018604813384e+00
-4.5233395915765646e+00
-6.4143282949242870e+00
-9.5413469413949787e+00
-1.4379506553169064e+01
-1.7986211346877091e+01
0.0000000000000000e+00
2.4055929233035767e-01
0.0000000000000000e+00
0.0000000000000000e+00
];
