%Vec Object:sol 1 MPI processes
%  type: mpi
sol = [
0.0000000000000000e+00
-4.4041059300417103e+01
-2.5093228652976780e+01
-1.3221836610916014e+01
-7.6850529347824716e+00
-4.9259421191432953e+00
-3.3973004093652537e+00
-2.4737061519896062e+00
-1.8766685415061426e+00
-1.4698305557382543e+00
-1.1809527583314723e+00
-9.6866206169157920e-01
-8.0835984127629934e-01
-6.8435108982418047e-01
-5.8653980132049821e-01
-5.0807859402624178e-01
-4.4425081983127496e-01
-3.9163517490006095e-01
-3.4772016854600440e-01
-3.1074659516835051e-01
-2.7933468370413367e-01
-2.5238279406162545e-01
-2.2912377111534346e-01
-2.0891264572458157e-01
-1.9122559725144567e-01
-1.7567041198209138e-01
-1.6193141421437379e-01
-1.4972946202946108e-01
-1.3883671682074139e-01
-1.2908805312640087e-01
-1.2032827213478656e-01
-1.1241334269973413e-01
-1.0525409139628623e-01
-9.8758346418467771e-02
-9.2834391657276111e-02
-8.7426988297175059e-02
-8.2480248964246508e-02
-7.7936203626013667e-02
-7.3755371578609841e-02
-6.9904173255225549e-02
-6.6345053666554660e-02
-6.3048054393622904e-02
-5.9993036288525835e-02
-5.7155236455316977e-02
-5.4510849175871130e-02
-5.2048037051166639e-02
-4.9750279156410768e-02
-4.7598008176108625e-02
-4.5584602215815576e-02
-4.3698577846035432e-02
-4.1924635639986434e-02
-4.0258285967959571e-02
-3.8691499647758094e-02
-3.7213077742597099e-02
-3.5818901325100953e-02
-3.4503653051658145e-02
-3.3259032996495540e-02
-3.2081237955546224e-02
-3.0966806264466806e-02
-2.9909514865315193e-02
-2.8905856731482590e-02
-2.7953645043854346e-02
-2.7048160263008346e-02
-2.6186185843376061e-02
-2.5366410617557303e-02
-2.4585212757329739e-02
-2.3839664264024618e-02
-2.3129051682957962e-02
-2.2450559225854781e-02
-2.1801545493332446e-02
-2.1181699484013997e-02
-2.0588799698139117e-02
-2.0020487236927995e-02
-1.9476715337870657e-02
-1.8955701385084081e-02
-1.8455362375905719e-02
-1.7975817733758757e-02
-1.7515608766066344e-02
-1.7072919689430487e-02
-1.6647966216686468e-02
-1.6239527860130269e-02
-1.5846045680656024e-02
-1.5467782036411732e-02
-1.5103690379273629e-02
-1.4752457149542035e-02
-1.4414356110053386e-02
-1.4088466210944487e-02
-1.3773707100301902e-02
-1.3470339204350404e-02
-1.3177530335514009e-02
-1.2894420883096320e-02
-1.2621240761254713e-02
-1.2357218824819228e-02
-1.2101703695022586e-02
-1.1854883191453607e-02
-1.1616026142355721e-02
-1.1384677153011691e-02
-1.1160974256375383e-02
-1.0944210218971377e-02
-1.0734113689601137e-02
-1.0744506165926726e-02
-1.0975564503229236e-02
-1.1214197956065436e-02
-1.1461038556543950e-02
-1.1715910134204468e-02
-1.1979495594572809e-02
-1.2252416978286079e-02
-1.2534442616269343e-02
-1.2826525481505469e-02
-1.3129275081652566e-02
-1.3442395824630639e-02
-1.3767165168154287e-02
-1.4104073869633192e-02
-1.4453068160079078e-02
-1.4815500419916453e-02
-1.5191804723604782e-02
-1.5582289245094012e-02
-1.5988330481688091e-02
-1.6410322930623351e-02
-1.6849013690953665e-02
-1.7305812784240569e-02
-1.7781075658864907e-02
-1.8276082616392155e-02
-1.8792291454821187e-02
-1.9330023408822575e-02
-1.9891208013243563e-02
-2.0477310481956300e-02
-2.1088815257945415e-02
-2.1728259186275412e-02
-2.2397012092404495e-02
-2.3096299071822750e-02
-2.3828770262426583e-02
-2.4595996061468228e-02
-2.5400206250885741e-02
-2.6244402364436929e-02
-2.7130204505314358e-02
-2.8061065723434583e-02
-2.9040319757517100e-02
-3.0069951593449499e-02
-3.1154849966002013e-02
-3.2298500504229180e-02
-3.3504502514611470e-02
-3.4778511492704701e-02
-3.6124658460759677e-02
-3.7548662423939713e-02
-3.9057252067489202e-02
-4.0655506293194310e-02
-4.2351964317767485e-02
-4.4154519315946182e-02
-4.6070754721646977e-02
-4.8111925890675193e-02
-5.0287787050395029e-02
-5.2610223315501345e-02
-5.5093558962831829e-02
-5.7750627253932929e-02
-6.0599387223188958e-02
-6.3658245768952168e-02
-6.6946164110038356e-02
-7.0488444953298660e-02
-7.4309802557669932e-02
-7.8439900183245662e-02
-8.2913697881682819e-02
-8.7766411387959833e-02
-9.3044069264705542e-02
-9.8795944039732436e-02
-1.0507749648405518e-01
-1.1195748766858436e-01
-1.1950966971221853e-01
-1.2782419200598577e-01
-1.3700632550771935e-01
-1.4717363115457380e-01
-1.5847471293637086e-01
-1.7107791354675700e-01
-1.8518646529261701e-01
-2.0104867530140930e-01
-2.1895433739654918e-01
-2.3926940764746488e-01
-2.6243508863744658e-01
-2.8899574252673593e-01
-3.1962188157167998e-01
-3.5517603396347347e-01
-3.9676804267688331e-01
-4.4581824224092881e-01
-5.0417511501230183e-01
-5.7431711187122803e-01
-6.5956221269879645e-01
-7.6449479900791895e-01
-8.9541720200750663e-01
-1.0615261336900543e+00
-1.2764927143363782e+00
-1.5608975644964909e+00
-1.9467562323094643e+00
-2.4876858018801387e+00
-3.2740538210999373e+00
-4.4693966240544514e+00
-6.3772770212391050e+00
-9.5459889325968064e+00
-1.4483182939696304e+01
-1.8235325750439817e+01
0.0000000000000000e+00
2.4055929233035767e-01
0.0000000000000000e+00
0.0000000000000000e+00
];
