%Vec Object:sol 1 MPI processes
%  type: mpi
sol = [
0.0000000000000000e+00
-7.0986046963240511e+01
-3.4544406098475747e+01
-1.6790474905434742e+01
-9.4426658156543581e+00
-5.9607657284491671e+00
-4.0788233869844044e+00
-2.9571087812553536e+00
-2.2382890175533312e+00
-1.7513992867673471e+00
-1.4070645493487257e+00
-1.1543006100526065e+00
-9.6380319685965099e-01
-8.1675888084299975e-01
-7.0084188597936636e-01
-6.0779491683415476e-01
-5.3208055458844772e-01
-4.6965918465374756e-01
-4.1754455671046531e-01
-3.7364855403308039e-01
-3.3633538424237647e-01
-3.0429968536759966e-01
-2.7663388351618579e-01
-2.5258527896989014e-01
-2.3152477956780321e-01
-2.1298550682343720e-01
-1.9659529254361055e-01
-1.8201825985924389e-01
-1.6899070872114927e-01
-1.5732055784922555e-01
-1.4682423785645160e-01
-1.3733094632826104e-01
-1.2873568082564540e-01
-1.2092938733569225e-01
-1.1380310019997615e-01
-1.0729174836572970e-01
-1.0132921129554832e-01
-9.5846545697685651e-02
-9.0797059446957415e-02
-8.6141081598577779e-02
-8.1833911497892181e-02
-7.7839943337133927e-02
-7.4135456826708149e-02
-7.0690962642045899e-02
-6.7478017343363061e-02
-6.4482760614952742e-02
-6.1685518247169516e-02
-5.9062787207590152e-02
-5.6606905646562657e-02
-5.4304191492705954e-02
-5.2136204737976179e-02
-5.0097767995938146e-02
-4.8179314071806353e-02
-4.6367324479650932e-02
-4.4656979916116626e-02
-4.3041961241682580e-02
-4.1512235625918804e-02
-4.0063300703311204e-02
-3.8691061773911559e-02
-3.7387987143714649e-02
-3.6149886373250610e-02
-3.4974193426499524e-02
-3.3855189716099070e-02
-3.2789003783475525e-02
-3.1774119162792866e-02
-3.0806142467278398e-02
-2.9881529296289608e-02
-2.8999478617696795e-02
-2.8156570977292267e-02
-2.7349594358030391e-02
-2.6578228143074825e-02
-2.5839771357468202e-02
-2.5131345180537539e-02
-2.4452942831907309e-02
-2.3802394046982776e-02
-2.3177149512523948e-02
-2.2577398006443726e-02
-2.2001360892450667e-02
-2.1446811037845868e-02
-2.0914048420988419e-02
-2.0401582221351949e-02
-1.9907497221222297e-02
-1.9432144699826327e-02
-1.8974243768418320e-02
-1.8532178855090738e-02
-1.8106310062089868e-02
-1.7695507708161820e-02
-1.7298442204818416e-02
-1.6915452728205004e-02
-1.6545516401187267e-02
-1.6187575181088803e-02
-1.5841926754744856e-02
-1.5507621356737753e-02
-1.5183857672688797e-02
-1.4870878142753553e-02
-1.4567780639590674e-02
-1.4274005825069170e-02
-1.3989731868850197e-02
-1.3714084944388638e-02
-1.3446733105653249e-02
-1.3455465595025976e-02
-1.3740235738850535e-02
-1.4034050811000577e-02
-1.4337666674186617e-02
-1.4650833451657689e-02
-1.4974365771243250e-02
-1.5308999606473432e-02
-1.5654409411543325e-02
-1.6011736155068030e-02
-1.6381691023988492e-02
-1.6763860879262182e-02
-1.7159777554322343e-02
-1.7569993870736218e-02
-1.7994385434221910e-02
-1.8434562423321289e-02
-1.8890993816811540e-02
-1.9363988679279149e-02
-1.9855169043020142e-02
-2.0364937915373228e-02
-2.0894127713251217e-02
-2.1444379176724017e-02
-2.2016026167966406e-02
-2.2610533034292470e-02
-2.3229571347478533e-02
-2.3873406035508180e-02
-2.4544266729238207e-02
-2.5243798609593856e-02
-2.5972438392316388e-02
-2.6733006528084188e-02
-2.7526989928757285e-02
-2.8355800145976388e-02
-2.9222556381759239e-02
-3.0128802175247351e-02
-3.1076992950551940e-02
-3.2070495813454641e-02
-3.3110970260414783e-02
-3.4202274104495216e-02
-3.5348082466234193e-02
-3.6550401568088406e-02
-3.7814712265642050e-02
-3.9144749128142448e-02
-4.0544338314795439e-02
-4.2019727129228336e-02
-4.3575264061507121e-02
-4.5217142403714251e-02
-4.6952685304277410e-02
-4.8787156795834258e-02
-5.0729868240658109e-02
-5.2789245775767407e-02
-5.4973234194622501e-02
-5.7294013328967885e-02
-5.9761825004729013e-02
-6.2389277317297494e-02
-6.5191665812697600e-02
-6.8182313684846882e-02
-7.1380345613916665e-02
-7.4805124100851092e-02
-7.8476357935273799e-02
-8.2420817299733454e-02
-8.6664165899807480e-02
-9.1237375331102946e-02
-9.6177014881045381e-02
-1.0151933212537619e-01
-1.0731235709434367e-01
-1.1360699734118199e-01
-1.2046031413128015e-01
-1.2794345900433904e-01
-1.3613193371422846e-01
-1.4511835560183042e-01
-1.5501060614490109e-01
-1.6592826543120259e-01
-1.7802327013073543e-01
-1.9146650179150376e-01
-2.0646409070878891e-01
-2.2326772462203709e-01
-2.4216946418736798e-01
-2.6353858661470414e-01
-2.8779745229850584e-01
-3.1550681199288927e-01
-3.4735721080625276e-01
-3.8420042085403050e-01
-4.2713745075899917e-01
-4.7758027864148983e-01
-5.3736181173519226e-01
-6.0893620851720087e-01
-6.9557980468814751e-01
-8.0167892535284258e-01
-9.3359926255983094e-01
-1.1003754667210950e+00
-1.3153482849772065e+00
-1.5982110493214621e+00
-1.9809372816904038e+00
-2.5147344068279796e+00
-3.2880256228417442e+00
-4.4584653312992346e+00
-6.3197354041360319e+00
-9.3940396725184421e+00
-1.4140487405229051e+01
-1.7653437314107045e+01
0.0000000000000000e+00
1.3464638167935297e-01
0.0000000000000000e+00
0.0000000000000000e+00
];
