%Vec Object:sol 1 MPI processes
%  type: mpi
sol = [
0.0000000000000000e+00
-4.4082197081453650e+01
-2.5107316020370735e+01
-1.3227219059326655e+01
-7.6880535124342098e+00
-4.9280762376616059e+00
-3.3989722548269761e+00
-2.4750874738869282e+00
-1.8778824053401866e+00
-1.4708865209462867e+00
-1.1819088537314411e+00
-9.6953479098733453e-01
-8.0915944473484380e-01
-6.8507976178676366e-01
-5.8721775698237266e-01
-5.0871179205640638e-01
-4.4484428991127545e-01
-3.9219312793825573e-01
-3.4824611281280016e-01
-3.1124363016097017e-01
-2.7980549088062390e-01
-2.5282962169653705e-01
-2.2954754774923333e-01
-2.0931314453855548e-01
-1.9160784679444387e-01
-1.7603576446722974e-01
-1.6228110541921648e-01
-1.5006458051190530e-01
-1.3915822367299305e-01
-1.2939685442749529e-01
-1.2062518542142987e-01
-1.1269907126797409e-01
-1.0552931932877060e-01
-9.9023699949142494e-02
-9.3090409252245279e-02
-8.7674193030848876e-02
-8.2719128506169665e-02
-7.8167185726546032e-02
-7.3978860689076040e-02
-7.0120556395503325e-02
-6.6554677152521627e-02
-6.3251235945615644e-02
-6.0190088069031096e-02
-5.7346443351753984e-02
-5.4696464290226239e-02
-5.2228315731109941e-02
-4.9925458985959480e-02
-4.7768293271254446e-02
-4.5750204036488391e-02
-4.3859695439629642e-02
-4.2081438286372480e-02
-4.0410949282095494e-02
-3.8840190828043589e-02
-3.7357941200104466e-02
-3.5960083064596096e-02
-3.4641294832226360e-02
-3.3393259050350482e-02
-3.2212170790745093e-02
-3.1094567079614503e-02
-3.0034211306008828e-02
-2.9027592483120514e-02
-2.8072524510350708e-02
-2.7164277293566359e-02
-2.6299628917195117e-02
-2.5477270287806129e-02
-2.4693571278974411e-02
-2.3945597736605814e-02
-2.3232639136706056e-02
-2.2551873084941408e-02
-2.1900651702603659e-02
-2.1278667410709887e-02
-2.0683693361646528e-02
-2.0113364198327845e-02
-1.9567636801714704e-02
-1.9044724131245923e-02
-1.8542537001336543e-02
-1.8061198501266505e-02
-1.7599246178015785e-02
-1.7154858525263231e-02
-1.6728254798980404e-02
-1.6318211215147642e-02
-1.5923163701912730e-02
-1.5543377934022554e-02
-1.5177804376707208e-02
-1.4825125016037326e-02
-1.4485616632015237e-02
-1.4158355379166281e-02
-1.3842257185779127e-02
-1.3537585146631311e-02
-1.3243504378825441e-02
-1.2959152316962687e-02
-1.2684761164544273e-02
-1.2419557112313954e-02
-1.2162886603484200e-02
-1.1914939350989239e-02
-1.1674981498814662e-02
-1.1442556248244910e-02
-1.1217803122490507e-02
-1.1000012145598157e-02
-1.0788911322487174e-02
-1.0799415911202386e-02
-1.1031707180094427e-02
-1.1271605375217210e-02
-1.1519744952826894e-02
-1.1775948070106932e-02
-1.2040900175619569e-02
-1.2315225486005440e-02
-1.2598690155691478e-02
-1.2892250824067225e-02
-1.3196518842750360e-02
-1.3511195862427581e-02
-1.3837564305621865e-02
-1.4176115874412479e-02
-1.4526794878592139e-02
-1.4890958659063905e-02
-1.5269041528869046e-02
-1.5661351095253358e-02
-1.6069268448770387e-02
-1.6493187530411128e-02
-1.6933856592705899e-02
-1.7392689608958782e-02
-1.7870040776569014e-02
-1.8367193226104233e-02
-1.8885608264591059e-02
-1.9425605881124595e-02
-1.9989116055164811e-02
-2.0577550081768290e-02
-2.1191388929190050e-02
-2.1833225533467088e-02
-2.2504429233695535e-02
-2.3206258751266244e-02
-2.3941452750479045e-02
-2.4711475454123704e-02
-2.5518558727434776e-02
-2.6365708888186176e-02
-2.7254543645526322e-02
-2.8188521060360010e-02
-2.9170978183202734e-02
-3.0203896205381470e-02
-3.1292171639471317e-02
-3.2439290202560644e-02
-3.3648850334708227e-02
-3.4926513687029079e-02
-3.6276408995467295e-02
-3.7704257624023192e-02
-3.9216792260407043e-02
-4.0819086512151964e-02
-4.2519685370136805e-02
-4.4326481720464321e-02
-4.6247054025427975e-02
-4.8292662645310395e-02
-5.0473056387816573e-02
-5.2800117952491073e-02
-5.5288172034196732e-02
-5.7950040546844064e-02
-6.0803681876242681e-02
-6.3867495090724841e-02
-6.7160426293797496e-02
-7.0707772937916816e-02
-7.4534229666393143e-02
-7.8669441875463181e-02
-8.3148351215800789e-02
-8.8006137653066363e-02
-9.3288803574067519e-02
-9.9045579166841202e-02
-1.0533187150808083e-01
-1.1221638852305885e-01
-1.1977280286417624e-01
-1.2809117838592865e-01
-1.3727668052713185e-01
-1.4744672929907632e-01
-1.5874977625479478e-01
-1.7135396035549158e-01
-1.8546226832577062e-01
-2.0132270888259235e-01
-2.1922468910997353e-01
-2.3953370055778159e-01
-2.6269034896758231e-01
-2.8923531592634777e-01
-3.1983796015953481e-01
-3.5536766407415249e-01
-3.9692752082319244e-01
-4.4593571559814021e-01
-5.0423787693161859e-01
-5.7430862708287278e-01
-6.5946071852352228e-01
-7.6427129290557094e-01
-8.9500859665666788e-01
-1.0608989580073149e+00
-1.2755706108764648e+00
-1.5595311451623901e+00
-1.9448174836789858e+00
-2.4848678124862462e+00
-3.2700125153763415e+00
-4.4633839049340924e+00
-6.3679738550178957e+00
-9.5310716512452149e+00
-1.4458039607384887e+01
-1.8199532571893720e+01
0.0000000000000000e+00
2.4055929233035767e-01
0.0000000000000000e+00
0.0000000000000000e+00
];
