%Vec Object:sol 1 MPI processes
%  type: mpi
sol = [
0.0000000000000000e+00
-4.1197863312320813e+01
-2.4267408431801361e+01
-1.3036148228205363e+01
-7.6471959240381766e+00
-4.9303226695816607e+00
-3.4162742279241347e+00
-2.4972308525378613e+00
-1.9015831204327645e+00
-1.4943761520317811e+00
-1.2047326051320475e+00
-9.9139205610464687e-01
-8.2980552532799778e-01
-7.0465547455462274e-01
-6.0575689924066300e-01
-5.2626773241698377e-01
-4.6147991104682007e-01
-4.0797215356444483e-01
-3.6322870062754148e-01
-3.2548865469914307e-01
-2.9335589718750732e-01
-2.6572710005898642e-01
-2.4184415922469737e-01
-2.2106536267416940e-01
-2.0285293610719093e-01
-1.8680802943625413e-01
-1.7261252846077135e-01
-1.5998383340476865e-01
-1.4869100428264503e-01
-1.3856765166387294e-01
-1.2945633780439578e-01
-1.2121002028377308e-01
-1.1373906758248635e-01
-1.0694976568143993e-01
-1.0074799373031000e-01
-9.5078099409315317e-02
-8.9883215354036497e-02
-8.5103688447508888e-02
-8.0699376068279260e-02
-7.6636200018233097e-02
-7.2875439778654238e-02
-6.9386309969874493e-02
-6.6148503229450414e-02
-6.3136463314320240e-02
-6.0325456180954709e-02
-5.7703700531350252e-02
-5.5254151952188475e-02
-5.2956257792956540e-02
-5.0803603620359676e-02
-4.8784336560113287e-02
-4.6882273602616070e-02
-4.5093106796581739e-02
-4.3408554201392391e-02
-4.1816735037027881e-02
-4.0313574241300915e-02
-3.8893625624958718e-02
-3.7548061092207666e-02
-3.6273023419264694e-02
-3.5065010843088600e-02
-3.3917389358048763e-02
-3.2826530752216462e-02
-3.1790270564819000e-02
-3.0803567478075600e-02
-2.9863040453363673e-02
-2.8967443462297921e-02
-2.8112900366731693e-02
-2.7296291047086932e-02
-2.6517003366673036e-02
-2.5772031912354009e-02
-2.5058466348245326e-02
-2.4376084155355845e-02
-2.3722530789543530e-02
-2.3095277181764406e-02
-2.2494411930029636e-02
-2.1918014546332420e-02
-2.1363807002308197e-02
-2.0832027807960379e-02
-2.0321100768559506e-02
-1.9829028372553639e-02
-1.9356142944907916e-02
-1.8901120619619283e-02
-1.8462238346400196e-02
-1.8039869120852162e-02
-1.7632872250554855e-02
-1.7239790807580372e-02
-1.6861000640434505e-02
-1.6495491954262687e-02
-1.6142063943038822e-02
-1.5801068733665050e-02
-1.5471587800535154e-02
-1.5152665435055343e-02
-1.4844611578061127e-02
-1.4546568813765839e-02
-1.4257814878289591e-02
-1.3978605108486107e-02
-1.3708120325987208e-02
-1.3445859884686820e-02
-1.3192016299775811e-02
-1.2945791201372729e-02
-1.2706893706191961e-02
-1.2728665089321405e-02
-1.3011895070995446e-02
-1.3304316137549146e-02
-1.3606675101501764e-02
-1.3918767788195731e-02
-1.4241399731760668e-02
-1.4575305652461647e-02
-1.4920213099289188e-02
-1.5277245324246052e-02
-1.5647121004406073e-02
-1.6029488350137896e-02
-1.6425852766565597e-02
-1.6836789964655447e-02
-1.7262229237215349e-02
-1.7703762696470643e-02
-1.8161894465591341e-02
-1.8636976694598444e-02
-1.9130626303235990e-02
-1.9643293838680378e-02
-2.0175844941446350e-02
-2.0729929761637334e-02
-2.1305943366461678e-02
-2.1905375075688838e-02
-2.2529922119351509e-02
-2.3179925916377301e-02
-2.3857635024128424e-02
-2.4564740969607961e-02
-2.5301761904634127e-02
-2.6071651239130366e-02
-2.6875966221366707e-02
-2.7716124935807725e-02
-2.8595290436060801e-02
-2.9515105977233683e-02
-3.0478113543968732e-02
-3.1487760884161983e-02
-3.2545836420910822e-02
-3.3656294486171134e-02
-3.4822928657287588e-02
-3.6047907039099866e-02
-3.7336830405509752e-02
-3.8693603523630507e-02
-4.0122238343180579e-02
-4.1629158857440555e-02
-4.3218939828612392e-02
-4.4898002996187250e-02
-4.6673921201435972e-02
-4.8552257253719873e-02
-5.0542621350116980e-02
-5.2653787896989497e-02
-5.4894090905478622e-02
-5.7276126138653100e-02
-5.9810613009409395e-02
-6.2510682846913385e-02
-6.5392217772920355e-02
-6.8469196582145314e-02
-7.1761478471315199e-02
-7.5289253690720898e-02
-7.9073151429091978e-02
-8.3141000084345676e-02
-8.7519641712235349e-02
-9.2241390318141700e-02
-9.7344360285660070e-02
-1.0286651376783934e-01
-1.0885790462875543e-01
-1.1537173054290824e-01
-1.2246766742830426e-01
-1.3021996476801065e-01
-1.3870762885567481e-01
-1.4802742993505935e-01
-1.5829212099176646e-01
-1.6962688522698471e-01
-1.8219048704393431e-01
-1.9615937173770789e-01
-2.1174183764660254e-01
-2.2920792780031596e-01
-2.4886269507513126e-01
-2.7109159857815041e-01
-2.9635761844143532e-01
-3.2523057988663917e-01
-3.5843293366833912e-01
-3.9685631414551820e-01
-4.4165299311870071e-01
-4.9430086326212974e-01
-5.5671855197992648e-01
-6.3144022425743207e-01
-7.2182854865775070e-01
-8.3265364508048545e-01
-9.7051078548992487e-01
-1.1448283556347565e+00
-1.3692411551106010e+00
-1.6648238326922844e+00
-2.0646579402006049e+00
-2.6220670259438830e+00
-3.4291312283825985e+00
-4.6506084201680951e+00
-6.5926502770820088e+00
-9.8035990287512913e+00
-1.4789191542473338e+01
-1.8538314652267584e+01
0.0000000000000000e+00
2.4055929233035767e-01
0.0000000000000000e+00
0.0000000000000000e+00
];
