%Vec Object:sol 1 MPI processes
%  type: mpi
sol = [
0.0000000000000000e+00
-4.0792258962673429e+01
-2.4133393352886845e+01
-1.2996404273219918e+01
-7.6318270870917528e+00
-4.9233359313447282e+00
-3.4119957057710537e+00
-2.4947290888853777e+00
-1.8998763985192131e+00
-1.4932772790057127e+00
-1.2038927395566428e+00
-9.9073808380432882e-01
-8.2942519194757147e-01
-7.0435739157554844e-01
-6.0552271813326652e-01
-5.2608402058492665e-01
-4.6133655404504026e-01
-4.0786147085321245e-01
-3.6314479708708253e-01
-3.2542682870989492e-01
-2.9332419724636472e-01
-2.6572920172446785e-01
-2.4186800762336955e-01
-2.2109667217195508e-01
-2.0289052709034217e-01
-1.8685091532378062e-01
-1.7265987707490543e-01
-1.6003495291225284e-01
-1.4874531501463351e-01
-1.3862465376264299e-01
-1.2951560781199700e-01
-1.2127120302563064e-01
-1.1380185200244358e-01
-1.0701388527471110e-01
-1.0081322215915828e-01
-9.5144238537820669e-02
-8.9950093861734609e-02
-8.5171158537997504e-02
-8.0767308861298695e-02
-7.6704483650659724e-02
-7.2943976726004792e-02
-6.9455014679900243e-02
-6.6217302046231274e-02
-6.3205291747683898e-02
-6.0394256498995179e-02
-5.7772424203103058e-02
-5.5322756752600052e-02
-5.3024704147509240e-02
-5.0871859832570719e-02
-4.8852375421961428e-02
-4.6950068121162085e-02
-4.5160636453096439e-02
-4.3475801854902393e-02
-4.1883682946909126e-02
-4.0380209185556633e-02
-3.8959937408041122e-02
-3.7614038560606695e-02
-3.6338658272720287e-02
-3.5130297711970980e-02
-3.3982321811841548e-02
-3.2891103831769068e-02
-3.1854482265186924e-02
-3.0867414758993121e-02
-2.9926520656582040e-02
-2.9030556831758519e-02
-2.8175646308605799e-02
-2.7358671181823675e-02
-2.6579013828986326e-02
-2.5833654418696513e-02
-2.5119749776793706e-02
-2.4437101454014142e-02
-2.3783322112306847e-02
-2.3155849875297334e-02
-2.2554758857508406e-02
-2.1978128701445554e-02
-2.1423680310745031e-02
-2.0891656015933929e-02
-2.0380479560164991e-02
-1.9888152043366237e-02
-1.9415009371754666e-02
-1.8959727442529887e-02
-1.8520581679898770e-02
-1.8097948415499918e-02
-1.7690686549387141e-02
-1.7297337640440995e-02
-1.6918280622758276e-02
-1.6552505111425028e-02
-1.6198808928575822e-02
-1.5857547017596514e-02
-1.5527800069284984e-02
-1.5208611252640024e-02
-1.4900293037123001e-02
-1.4601987013659232e-02
-1.4312970135345543e-02
-1.4033499962851572e-02
-1.3762756098631744e-02
-1.3500237528483771e-02
-1.3246138669518001e-02
-1.2999659685636617e-02
-1.2760509804184569e-02
-1.2783115286398561e-02
-1.3068315913566119e-02
-1.3362781673796828e-02
-1.3667265236045115e-02
-1.3981565574707370e-02
-1.4306477778882941e-02
-1.4642741563583245e-02
-1.4990057385279872e-02
-1.5349591946970925e-02
-1.5722069120408112e-02
-1.6107138024958053e-02
-1.6506312716730826e-02
-1.6920173950829530e-02
-1.7348653396216371e-02
-1.7793352812363109e-02
-1.8254781525566009e-02
-1.8733296308359376e-02
-1.9230524549575540e-02
-1.9746922284330070e-02
-2.0283362650831464e-02
-2.0841507222170489e-02
-2.1421756891365679e-02
-2.2025612147648779e-02
-2.2654782773263386e-02
-2.3309616444546166e-02
-2.3992377549081085e-02
-2.4704771171832791e-02
-2.5447323428753828e-02
-2.6223008343538613e-02
-2.7033397207875978e-02
-2.7879921752083394e-02
-2.8765768275888486e-02
-2.9692595863703864e-02
-3.0662967525829542e-02
-3.1680357599218764e-02
-3.2746572710044761e-02
-3.3865597837801020e-02
-3.5041257211243272e-02
-3.6275741196097021e-02
-3.7574692962164750e-02
-3.8942051125222824e-02
-4.0381862934013808e-02
-4.1900602771550319e-02
-4.3502886224664077e-02
-4.5195187850751467e-02
-4.6985141679980066e-02
-4.8878361090912287e-02
-5.0884532835430735e-02
-5.3012504761993380e-02
-5.5270683383929341e-02
-5.7671765484724788e-02
-6.0226562235900179e-02
-6.2948314221753496e-02
-6.5853033214288800e-02
-6.8954818499770282e-02
-7.2273690834320212e-02
-7.5830008122476408e-02
-7.9644573956269824e-02
-8.3745442999509132e-02
-8.8159682198075184e-02
-9.2919872198453810e-02
-9.8064439291954089e-02
-1.0363166330990850e-01
-1.0967200534051585e-01
-1.1623910055886201e-01
-1.2339311607839652e-01
-1.3120890406212524e-01
-1.3976611836420835e-01
-1.4916231395549256e-01
-1.5951115593250101e-01
-1.7093884344178562e-01
-1.8360541343425799e-01
-1.9769113143276232e-01
-2.1341338730290174e-01
-2.3103753839772806e-01
-2.5086286467724878e-01
-2.7327613753864455e-01
-2.9875123001231441e-01
-3.2786245272947079e-01
-3.6133789714497816e-01
-4.0007610675213368e-01
-4.4523819879276355e-01
-4.9831330115419253e-01
-5.6123446826025047e-01
-6.3658933494220427e-01
-7.2776685277211361e-01
-8.3947688224795425e-01
-9.7842226321981074e-01
-1.1540977596229529e+00
-1.3804152489454455e+00
-1.6782515996303571e+00
-2.0812774543141148e+00
-2.6428305505790997e+00
-3.4560218447712483e+00
-4.6864623652803390e+00
-6.6428504079663657e+00
-9.8771738448514697e+00
-1.4903711173706899e+01
-1.8692433143352112e+01
0.0000000000000000e+00
2.4055929233035767e-01
0.0000000000000000e+00
0.0000000000000000e+00
];
