%Vec Object:sol 1 MPI processes
%  type: mpi
sol = [
0.0000000000000000e+00
-7.4005316575080727e+01
-3.5019796086649315e+01
-1.6856913907821710e+01
-9.4506866165576788e+00
-5.9555961694276283e+00
-4.0720639903347173e+00
-2.9509900546748900e+00
-2.2331019070032707e+00
-1.7466365059101210e+00
-1.4028686261349572e+00
-1.1507267269626604e+00
-9.6057445181019951e-01
-8.1383115584425991e-01
-6.9817427250906972e-01
-6.0542362459790711e-01
-5.2994265327267431e-01
-4.6767933164389508e-01
-4.1570296804447132e-01
-3.7192865234685785e-01
-3.3472312664062365e-01
-3.0278308518017294e-01
-2.7520274296343322e-01
-2.5123083789753253e-01
-2.3023947072489767e-01
-2.1176277001978394e-01
-1.9542940709140080e-01
-1.8091049190331823e-01
-1.6793752764445979e-01
-1.5631655896136135e-01
-1.4586478667655209e-01
-1.3640964013061171e-01
-1.2784726561146911e-01
-1.2007149804232878e-01
-1.1297363925009950e-01
-1.0648879644570725e-01
-1.0055102292395125e-01
-9.5091559934044251e-02
-9.0063845256187214e-02
-8.5428317104938520e-02
-8.1140403255398730e-02
-7.7164602956674530e-02
-7.3477260781665305e-02
-7.0048976731997156e-02
-6.6851399701420622e-02
-6.3870703357273156e-02
-6.1087274733394939e-02
-5.8477696995172107e-02
-5.6034320288826475e-02
-5.3743505968809453e-02
-5.1586889208550431e-02
-4.9559296980744579e-02
-4.7651192492475666e-02
-4.5849116384428894e-02
-4.4148257002908711e-02
-4.2542313294173122e-02
-4.1021299086422346e-02
-3.9580723081796929e-02
-3.8216499353702645e-02
-3.6921133127856866e-02
-3.5690448083044141e-02
-3.4521879967631008e-02
-3.3409739544665341e-02
-3.2350171860501445e-02
-3.1341657065593678e-02
-3.0379825261782092e-02
-2.9461150189995837e-02
-2.8584823716310666e-02
-2.7747445362497212e-02
-2.6945822199737020e-02
-2.6179623898833489e-02
-2.5446165030222911e-02
-2.4742586143078820e-02
-2.4068869035693066e-02
-2.3422856447226987e-02
-2.2802018111505888e-02
-2.2206530386016343e-02
-2.1634625820155087e-02
-2.1084095454156154e-02
-2.0555226436351402e-02
-2.0046537915342069e-02
-1.9556131494811644e-02
-1.9084345677905699e-02
-1.8629908822839401e-02
-1.8191220402801175e-02
-1.7768628188472857e-02
-1.7361011438800308e-02
-1.6967053474929144e-02
-1.6587081891600606e-02
-1.6220082787006193e-02
-1.5865008576058836e-02
-1.5522146378188335e-02
-1.5190555729488492e-02
-1.4869443057540723e-02
-1.4559041452570613e-02
-1.4258458659409627e-02
-1.3967140139664489e-02
-1.3685256099570400e-02
-1.3411943358175757e-02
-1.3146871628610234e-02
-1.3151783203870235e-02
-1.3426407548719224e-02
-1.3709698036149890e-02
-1.4002385986228218e-02
-1.4304215862506343e-02
-1.4615975559047326e-02
-1.4938374768680023e-02
-1.5271082561142737e-02
-1.5615204187611633e-02
-1.5971422672197380e-02
-1.6339319891062843e-02
-1.6720380730225533e-02
-1.7115130610149215e-02
-1.7523432086091997e-02
-1.7946842983045160e-02
-1.8385803911391625e-02
-1.8840598613900868e-02
-1.9312792259258450e-02
-1.9802757783321044e-02
-2.0311286612333002e-02
-2.0839957336878236e-02
-2.1389071688143000e-02
-2.1960033043682374e-02
-2.2554444507170420e-02
-2.3172536223128593e-02
-2.3816451499187659e-02
-2.4487761266914702e-02
-2.5186852085783609e-02
-2.5916542261547427e-02
-2.6678238228243455e-02
-2.7473199313900083e-02
-2.8304413212399192e-02
-2.9173337615120726e-02
-3.0082314111381434e-02
-3.1034566058218162e-02
-3.2031653943849873e-02
-3.3077269757922148e-02
-3.4174922594011101e-02
-3.5326497314702318e-02
-3.6537245396894041e-02
-3.7810717491769022e-02
-3.9150547737733854e-02
-4.0562710370010406e-02
-4.2051331992514304e-02
-4.3622317434870446e-02
-4.5282704853110083e-02
-4.7037211791655993e-02
-4.8894537630900063e-02
-5.0863019764282695e-02
-5.2950230151406194e-02
-5.5167788351058254e-02
-5.7525422959449721e-02
-6.0035132086693518e-02
-6.2711488338933891e-02
-6.5567137322222191e-02
-6.8620300899999223e-02
-7.1889400642300719e-02
-7.5393162175346654e-02
-7.9157086007626359e-02
-8.3205565314090624e-02
-8.7568066340835179e-02
-9.2279396805248909e-02
-9.7373998814651586e-02
-1.0289759588010290e-01
-1.0889860598417850e-01
-1.1543128718675097e-01
-1.2256335495135770e-01
-1.3036659790292701e-01
-1.3892913356761252e-01
-1.4835359957563024e-01
-1.5875370522604515e-01
-1.7027403721930051e-01
-1.8307713750037080e-01
-1.9735911121941779e-01
-2.1335945163851028e-01
-2.3135599942449905e-01
-2.5170024945670727e-01
-2.7481420672658718e-01
-3.0121733430246089e-01
-3.3155327075270563e-01
-3.6663078427089779e-01
-4.0750961265870833e-01
-4.5553470509220195e-01
-5.1245221211838932e-01
-5.8060066219512529e-01
-6.6310253356690163e-01
-7.6426578189854277e-01
-8.8997691603885454e-01
-1.0488873263175145e+00
-1.2537615030055602e+00
-1.5237544664526299e+00
-1.8887990902869285e+00
-2.3986727961931593e+00
-3.1374277412758600e+00
-4.2564091496685208e+00
-6.0354539678607164e+00
-8.9716327286291691e+00
-1.3476625735812970e+01
-1.6758863801909762e+01
0.0000000000000000e+00
1.3464638167935297e-01
0.0000000000000000e+00
0.0000000000000000e+00
];
